,original,predict,differ,abs
0,67,78,-11,11
1,58,52,6,6
2,88,92,-4,4
3,183,164,19,19
4,81,72,9,9
5,88,88,0,0
6,83,88,-5,5
7,183,158,25,25
8,81,53,28,28
9,117,121,-4,4
10,64,50,14,14
11,59,63,-4,4
12,74,75,-1,1
13,100,119,-19,19
14,103,104,-1,1
15,66,76,-10,10
16,97,84,13,13
17,120,128,-8,8
18,79,76,3,3
19,110,122,-12,12
20,217,191,26,26
21,156,144,12,12
22,97,93,4,4
23,101,124,-23,23
24,82,80,2,2
25,127,122,5,5
26,112,110,2,2
27,191,162,29,29
28,48,52,-4,4
29,106,119,-13,13
30,133,118,15,15
31,57,62,-5,5
32,108,109,-1,1
33,89,76,13,13
34,50,121,-71,71
35,62,89,-27,27
36,102,96,6,6
37,55,50,5,5
38,89,99,-10,10
39,96,101,-5,5
40,70,81,-11,11
41,115,124,-9,9
42,82,76,6,6
43,102,82,20,20
44,167,148,19,19
45,82,85,-3,3
46,118,130,-12,12
47,85,78,7,7
48,93,95,-2,2
49,111,104,7,7
50,77,99,-22,22
51,136,135,1,1
52,109,107,2,2
53,85,92,-7,7
54,133,125,8,8
55,138,128,10,10
56,100,117,-17,17
57,130,139,-9,9
58,96,103,-7,7
59,58,53,5,5
60,115,114,1,1
61,73,81,-8,8
62,135,129,6,6
63,177,173,4,4
64,96,108,-12,12
65,77,73,4,4
66,84,84,0,0
67,105,94,11,11
68,193,166,27,27
69,143,142,1,1
70,111,127,-16,16
71,104,97,7,7
72,265,225,40,40
73,88,99,-11,11
74,78,81,-3,3
75,58,49,9,9
76,86,78,8,8
77,59,69,-10,10
78,139,136,3,3
79,96,83,13,13
80,90,96,-6,6
81,83,100,-17,17
82,133,131,2,2
83,141,132,9,9
84,72,72,0,0
85,75,85,-10,10
86,43,48,-5,5
87,68,75,-7,7
88,170,127,43,43
89,92,97,-5,5
90,64,88,-24,24
91,101,111,-10,10
92,82,46,36,36
93,81,79,2,2
94,75,66,9,9
95,99,102,-3,3
96,45,53,-8,8
97,186,184,2,2
98,127,148,-21,21
99,100,100,0,0
100,66,61,5,5
101,129,102,27,27
102,107,107,0,0
103,128,120,8,8
104,90,85,5,5
105,68,53,15,15
106,107,113,-6,6
107,90,87,3,3
108,89,104,-15,15
109,70,77,-7,7
110,174,141,33,33
111,90,89,1,1
112,76,86,-10,10
113,67,61,6,6
114,76,91,-15,15
115,168,165,3,3
116,91,86,5,5
117,103,97,6,6
118,91,89,2,2
119,67,73,-6,6
120,118,121,-3,3
121,51,52,-1,1
122,76,81,-5,5
123,110,127,-17,17
124,99,107,-8,8
125,96,99,-3,3
126,169,129,40,40
127,89,103,-14,14
128,94,102,-8,8
129,123,136,-13,13
130,186,139,47,47
131,132,121,11,11
132,102,111,-9,9
133,78,78,0,0
134,129,124,5,5
135,116,100,16,16
136,136,130,6,6
137,131,134,-3,3
138,105,104,1,1
139,69,84,-15,15
140,66,63,3,3
141,127,130,-3,3
142,127,94,33,33
143,66,80,-14,14
144,112,118,-6,6
145,115,109,6,6
146,98,98,0,0
147,69,66,3,3
148,93,83,10,10
149,121,129,-8,8
150,92,95,-3,3
151,73,64,9,9
152,139,124,15,15
153,80,79,1,1
154,89,98,-9,9
155,67,52,15,15
156,66,62,4,4
157,81,89,-8,8
158,59,70,-11,11
159,128,136,-8,8
160,109,106,3,3
161,50,47,3,3
162,74,81,-7,7
163,80,84,-4,4
164,132,90,42,42
165,51,51,0,0
166,115,115,0,0
167,70,90,-20,20
168,159,139,20,20
169,151,155,-4,4
170,94,105,-11,11
171,81,92,-11,11
172,77,84,-7,7
173,42,32,10,10
174,135,117,18,18
175,106,107,-1,1
176,50,65,-15,15
177,162,144,18,18
178,130,115,15,15
179,120,114,6,6
180,84,98,-14,14
181,76,67,9,9
182,67,81,-14,14
183,75,74,1,1
184,39,22,17,17
185,119,101,18,18
186,55,66,-11,11
187,90,67,23,23
188,124,127,-3,3
189,171,174,-3,3
190,70,72,-2,2
191,137,140,-3,3
192,127,132,-5,5
193,143,139,4,4
194,195,145,50,50
195,112,108,4,4
196,43,56,-13,13
197,114,114,0,0
198,111,107,4,4
199,80,88,-8,8
200,128,109,19,19
201,176,157,19,19
202,64,55,9,9
203,142,141,1,1
204,100,91,9,9
205,63,60,3,3
206,145,139,6,6
207,101,104,-3,3
208,78,83,-5,5
209,98,104,-6,6
210,147,145,2,2
211,50,52,-2,2
212,70,59,11,11
213,175,139,36,36
214,87,107,-20,20
215,87,83,4,4
216,108,129,-21,21
217,67,65,2,2
218,95,110,-15,15
219,89,99,-10,10
220,135,150,-15,15
221,79,89,-10,10
222,43,37,6,6
223,195,153,42,42
224,83,81,2,2
225,81,87,-6,6
226,63,66,-3,3
227,119,118,1,1
228,98,97,1,1
229,44,54,-10,10
230,47,65,-18,18
231,87,70,17,17
232,90,83,7,7
233,62,61,1,1
234,103,103,0,0
235,140,152,-12,12
236,114,123,-9,9
237,57,78,-21,21
238,81,78,3,3
239,74,103,-29,29
240,61,67,-6,6
241,43,49,-6,6
242,55,56,-1,1
243,100,89,11,11
244,124,113,11,11
245,107,77,30,30
246,121,130,-9,9
247,86,93,-7,7
248,146,132,14,14
249,147,145,2,2
250,47,40,7,7
251,124,124,0,0
252,89,102,-13,13
253,50,63,-13,13
254,110,89,21,21
255,158,153,5,5
256,86,81,5,5
257,102,111,-9,9
258,107,118,-11,11
259,64,62,2,2
260,136,133,3,3
261,125,109,16,16
262,115,104,11,11
263,71,75,-4,4
264,80,87,-7,7
265,82,91,-9,9
266,79,94,-15,15
267,102,109,-7,7
268,49,58,-9,9
269,109,106,3,3
270,52,50,2,2
271,72,78,-6,6
272,68,81,-13,13
273,151,141,10,10
274,112,112,0,0
275,97,96,1,1
276,82,93,-11,11
277,72,59,13,13
278,125,141,-16,16
279,128,138,-10,10
280,94,98,-4,4
281,76,72,4,4
282,71,66,5,5
283,112,126,-14,14
284,75,83,-8,8
285,77,78,-1,1
286,78,66,12,12
287,89,91,-2,2
288,88,93,-5,5
289,97,107,-10,10
290,80,71,9,9
291,67,67,0,0
292,83,82,1,1
293,85,30,55,55
294,76,90,-14,14
295,64,64,0,0
296,107,114,-7,7
297,141,134,7,7
298,130,133,-3,3
299,51,56,-5,5
300,66,66,0,0
301,75,93,-18,18
302,186,158,28,28
303,86,80,6,6
304,141,148,-7,7
305,83,77,6,6
306,85,94,-9,9
307,148,111,37,37
308,87,83,4,4
309,77,67,10,10
310,27,70,-43,43
311,88,111,-23,23
312,92,92,0,0
313,86,102,-16,16
314,135,134,1,1
315,77,82,-5,5
316,73,66,7,7
317,133,143,-10,10
318,51,57,-6,6
319,125,136,-11,11
320,98,114,-16,16
321,143,137,6,6
322,140,132,8,8
323,87,101,-14,14
324,89,77,12,12
325,69,76,-7,7
326,96,95,1,1
327,127,118,9,9
328,79,84,-5,5
329,137,128,9,9
330,85,84,1,1
331,84,99,-15,15
332,52,52,0,0
333,77,70,7,7
334,78,84,-6,6
335,104,94,10,10
336,89,93,-4,4
337,89,69,20,20
338,56,54,2,2
339,106,88,18,18
340,71,77,-6,6
341,132,128,4,4
342,82,63,19,19
343,100,109,-9,9
344,51,56,-5,5
345,66,60,6,6
346,85,76,9,9
347,112,111,1,1
348,34,53,-19,19
349,134,125,9,9
350,93,96,-3,3
351,114,136,-22,22
352,137,124,13,13
353,88,85,3,3
354,108,119,-11,11
355,106,106,0,0
356,146,174,-28,28
357,54,65,-11,11
358,170,141,29,29
359,86,79,7,7
360,110,100,10,10
361,82,110,-28,28
362,101,102,-1,1
363,64,68,-4,4
364,44,52,-8,8
365,84,82,2,2
366,60,55,5,5
367,101,108,-7,7
368,120,112,8,8
369,60,57,3,3
370,130,136,-6,6
371,41,42,-1,1
372,116,109,7,7
373,58,56,2,2
374,77,74,3,3
375,96,97,-1,1
376,88,103,-15,15
377,103,108,-5,5
378,35,113,-78,78
379,64,52,12,12
380,86,85,1,1
381,89,93,-4,4
382,108,108,0,0
383,116,101,15,15
384,82,90,-8,8
385,65,63,2,2
386,64,69,-5,5
387,134,138,-4,4
388,65,69,-4,4
389,77,88,-11,11
390,120,126,-6,6
391,54,48,6,6
392,90,89,1,1
393,87,89,-2,2
394,97,109,-12,12
395,17,99,-82,82
396,69,88,-19,19
397,31,42,-11,11
398,90,100,-10,10
399,104,129,-25,25
400,97,110,-13,13
401,52,66,-14,14
402,81,92,-11,11
403,88,97,-9,9
404,150,147,3,3
405,103,119,-16,16
406,47,45,2,2
407,119,123,-4,4
408,107,109,-2,2
409,88,106,-18,18
410,85,91,-6,6
411,95,85,10,10
412,89,78,11,11
413,87,96,-9,9
414,148,138,10,10
415,98,97,1,1
416,148,145,3,3
417,77,79,-2,2
418,70,76,-6,6
419,64,69,-5,5
420,110,125,-15,15
421,143,161,-18,18
422,122,172,-50,50
423,82,91,-9,9
424,112,114,-2,2
425,128,135,-7,7
426,148,142,6,6
427,80,79,1,1
428,56,57,-1,1
429,90,98,-8,8
430,110,114,-4,4
431,88,105,-17,17
432,91,105,-14,14
433,99,98,1,1
434,122,111,11,11
435,66,60,6,6
436,106,105,1,1
437,65,56,9,9
438,164,150,14,14
439,68,66,2,2
440,48,69,-21,21
441,88,82,6,6
442,107,58,49,49
443,58,65,-7,7
444,91,85,6,6
445,113,97,16,16
446,107,92,15,15
447,101,100,1,1
448,72,81,-9,9
449,134,138,-4,4
450,87,79,8,8
451,64,64,0,0
452,72,72,0,0
453,146,156,-10,10
454,110,102,8,8
455,104,100,4,4
456,129,149,-20,20
457,134,136,-2,2
458,123,123,0,0
459,62,56,6,6
460,71,90,-19,19
461,58,66,-8,8
462,88,85,3,3
463,134,137,-3,3
464,81,82,-1,1
465,77,105,-28,28
466,118,117,1,1
467,131,117,14,14
468,66,77,-11,11
469,61,61,0,0
470,43,33,10,10
471,121,124,-3,3
472,101,118,-17,17
473,112,106,6,6
474,67,59,8,8
475,88,80,8,8
476,57,49,8,8
477,93,79,14,14
478,77,59,18,18
479,57,50,7,7
480,55,69,-14,14
481,68,81,-13,13
482,118,119,-1,1
483,63,72,-9,9
484,110,119,-9,9
485,58,72,-14,14
486,119,110,9,9
487,110,149,-39,39
488,146,155,-9,9
489,50,46,4,4
490,104,106,-2,2
491,136,138,-2,2
492,145,155,-10,10
493,110,80,30,30
494,124,129,-5,5
495,117,121,-4,4
496,134,129,5,5
497,98,102,-4,4
498,104,106,-2,2
499,78,82,-4,4
500,100,94,6,6
501,45,42,3,3
502,108,122,-14,14
503,50,51,-1,1
504,69,80,-11,11
505,106,103,3,3
506,66,58,8,8
507,61,70,-9,9
508,96,96,0,0
509,96,51,45,45
510,53,57,-4,4
511,93,105,-12,12
512,80,72,8,8
513,73,89,-16,16
514,70,86,-16,16
515,100,102,-2,2
516,137,125,12,12
517,114,113,1,1
518,70,75,-5,5
519,55,65,-10,10
520,108,87,21,21
521,138,143,-5,5
522,95,104,-9,9
523,142,149,-7,7
524,83,84,-1,1
525,122,119,3,3
526,97,111,-14,14
527,56,52,4,4
528,122,127,-5,5
529,73,86,-13,13
530,69,70,-1,1
531,95,101,-6,6
532,68,77,-9,9
533,95,85,10,10
534,78,98,-20,20
535,90,101,-11,11
536,106,101,5,5
537,42,43,-1,1
538,76,88,-12,12
539,157,166,-9,9
540,119,115,4,4
541,99,83,16,16
542,61,55,6,6
543,102,93,9,9
544,92,97,-5,5
545,124,123,1,1
546,82,89,-7,7
547,76,80,-4,4
548,67,87,-20,20
549,148,146,2,2
550,74,83,-9,9
551,66,72,-6,6
552,108,107,1,1
553,64,65,-1,1
554,102,105,-3,3
555,63,91,-28,28
556,66,54,12,12
557,74,66,8,8
558,74,76,-2,2
559,67,69,-2,2
560,86,106,-20,20
561,81,96,-15,15
562,90,94,-4,4
563,47,43,4,4
564,68,81,-13,13
565,88,76,12,12
566,83,83,0,0
567,76,81,-5,5
568,55,53,2,2
569,100,111,-11,11
570,108,122,-14,14
571,178,140,38,38
572,80,85,-5,5
573,82,87,-5,5
574,149,130,19,19
575,69,87,-18,18
576,70,82,-12,12
577,90,113,-23,23
578,91,90,1,1
579,75,59,16,16
580,88,78,10,10
581,134,133,1,1
582,49,61,-12,12
583,51,51,0,0
584,113,115,-2,2
585,88,103,-15,15
586,53,68,-15,15
587,84,77,7,7
588,105,99,6,6
589,85,67,18,18
590,105,99,6,6
591,75,85,-10,10
592,139,140,-1,1
593,103,89,14,14
594,87,97,-10,10
595,65,63,2,2
596,74,74,0,0
597,98,124,-26,26
598,110,107,3,3
599,112,107,5,5
600,88,98,-10,10
601,85,90,-5,5
602,55,69,-14,14
603,86,91,-5,5
604,124,126,-2,2
605,114,115,-1,1
606,57,58,-1,1
607,56,53,3,3
608,78,72,6,6
609,122,150,-28,28
610,79,82,-3,3
611,81,78,3,3
612,117,102,15,15
613,112,117,-5,5
614,95,116,-21,21
615,195,168,27,27
616,76,84,-8,8
617,104,104,0,0
618,112,115,-3,3
619,103,125,-22,22
620,91,86,5,5
621,105,94,11,11
622,127,116,11,11
623,60,68,-8,8
624,111,115,-4,4
625,106,112,-6,6
626,109,116,-7,7
627,85,84,1,1
628,67,70,-3,3
629,81,87,-6,6
630,83,91,-8,8
631,56,47,9,9
632,92,93,-1,1
633,71,84,-13,13
634,95,102,-7,7
635,93,104,-11,11
636,144,139,5,5
637,53,57,-4,4
638,77,93,-16,16
639,71,98,-27,27
640,95,104,-9,9
641,95,96,-1,1
642,61,51,10,10
643,141,137,4,4
644,133,133,0,0
645,94,90,4,4
646,112,119,-7,7
647,84,94,-10,10
648,92,113,-21,21
649,84,99,-15,15
650,94,107,-13,13
651,72,69,3,3
652,102,120,-18,18
653,61,61,0,0
654,108,117,-9,9
655,105,110,-5,5
656,85,82,3,3
657,74,79,-5,5
658,50,48,2,2
659,101,98,3,3
660,82,74,8,8
661,108,99,9,9
662,148,145,3,3
663,126,123,3,3
664,136,155,-19,19
665,75,71,4,4
666,36,26,10,10
667,42,68,-26,26
668,69,60,9,9
669,126,124,2,2
670,109,95,14,14
671,90,106,-16,16
672,116,125,-9,9
673,151,181,-30,30
674,147,141,6,6
675,52,87,-35,35
676,107,113,-6,6
677,90,95,-5,5
678,162,156,6,6
679,103,110,-7,7
680,150,141,9,9
681,62,73,-11,11
682,111,104,7,7
683,77,85,-8,8
684,166,177,-11,11
685,151,157,-6,6
686,116,120,-4,4
687,79,82,-3,3
688,94,108,-14,14
689,110,114,-4,4
690,152,126,26,26
691,176,173,3,3
692,92,106,-14,14
693,156,138,18,18
694,92,89,3,3
695,77,92,-15,15
696,32,48,-16,16
697,87,91,-4,4
698,108,115,-7,7
699,104,87,17,17
700,70,74,-4,4
701,66,48,18,18
702,118,119,-1,1
703,65,74,-9,9
704,111,100,11,11
705,74,79,-5,5
706,81,85,-4,4
707,88,90,-2,2
708,87,111,-24,24
709,116,126,-10,10
710,47,44,3,3
711,95,94,1,1
712,44,48,-4,4
713,91,112,-21,21
714,83,85,-2,2
715,137,133,4,4
716,80,93,-13,13
717,147,137,10,10
718,119,131,-12,12
719,137,111,26,26
720,133,148,-15,15
721,89,102,-13,13
722,150,134,16,16
723,108,107,1,1
724,96,82,14,14
725,88,81,7,7
726,140,123,17,17
727,128,133,-5,5
728,53,50,3,3
729,100,131,-31,31
730,58,70,-12,12
731,110,112,-2,2
732,125,127,-2,2
733,124,111,13,13
734,109,119,-10,10
735,122,116,6,6
736,95,95,0,0
737,93,93,0,0
738,85,83,2,2
739,98,87,11,11
740,68,100,-32,32
741,48,40,8,8
742,97,106,-9,9
743,81,76,5,5
744,88,92,-4,4
745,91,97,-6,6
746,64,46,18,18
747,204,194,10,10
748,114,86,28,28
749,185,132,53,53
750,75,86,-11,11
751,70,73,-3,3
752,145,134,11,11
753,87,91,-4,4
754,45,70,-25,25
755,73,64,9,9
756,125,132,-7,7
757,60,63,-3,3
758,95,98,-3,3
759,119,90,29,29
760,76,64,12,12
761,56,71,-15,15
762,44,99,-55,55
763,98,106,-8,8
764,86,71,15,15
765,161,141,20,20
766,102,122,-20,20
767,103,83,20,20
768,69,56,13,13
769,151,154,-3,3
770,92,86,6,6
771,80,94,-14,14
772,87,90,-3,3
773,108,103,5,5
774,51,50,1,1
775,110,115,-5,5
776,64,63,1,1
777,73,71,2,2
778,92,78,14,14
779,93,96,-3,3
780,103,105,-2,2
781,49,42,7,7
782,71,75,-4,4
783,70,73,-3,3
784,67,68,-1,1
785,100,92,8,8
786,93,105,-12,12
787,75,80,-5,5
788,97,98,-1,1
789,84,87,-3,3
790,140,133,7,7
791,151,138,13,13
792,78,92,-14,14
793,79,89,-10,10
794,108,120,-12,12
795,95,104,-9,9
796,98,92,6,6
797,119,126,-7,7
798,83,94,-11,11
799,67,69,-2,2
800,64,62,2,2
801,102,109,-7,7
802,75,83,-8,8
803,68,77,-9,9
804,78,81,-3,3
805,53,56,-3,3
806,126,130,-4,4
807,89,88,1,1
808,85,96,-11,11
809,64,71,-7,7
810,85,86,-1,1
811,74,96,-22,22
812,66,69,-3,3
813,79,81,-2,2
814,125,111,14,14
815,119,105,14,14
816,26,40,-14,14
817,66,68,-2,2
818,88,82,6,6
819,111,102,9,9
820,86,70,16,16
821,76,90,-14,14
822,86,91,-5,5
823,145,147,-2,2
824,46,39,7,7
825,107,104,3,3
826,99,90,9,9
827,63,89,-26,26
828,68,72,-4,4
829,100,93,7,7
830,110,102,8,8
831,77,85,-8,8
832,66,76,-10,10
833,64,68,-4,4
834,77,88,-11,11
835,144,150,-6,6
836,106,106,0,0
837,93,82,11,11
838,73,63,10,10
839,103,107,-4,4
840,105,110,-5,5
841,75,84,-9,9
842,83,80,3,3
843,112,101,11,11
844,156,148,8,8
845,156,145,11,11
846,77,81,-4,4
847,76,86,-10,10
848,95,97,-2,2
849,41,48,-7,7
850,106,120,-14,14
851,135,129,6,6
852,92,98,-6,6
853,91,100,-9,9
854,112,100,12,12
855,84,100,-16,16
856,77,75,2,2
857,29,60,-31,31
858,64,66,-2,2
859,143,111,32,32
860,59,65,-6,6
861,155,148,7,7
862,207,179,28,28
863,129,123,6,6
864,115,113,2,2
865,108,105,3,3
866,162,147,15,15
867,69,71,-2,2
868,62,77,-15,15
869,79,91,-12,12
870,57,50,7,7
871,90,93,-3,3
872,98,93,5,5
873,108,110,-2,2
874,80,101,-21,21
875,114,114,0,0
876,57,64,-7,7
877,41,119,-78,78
878,90,90,0,0
879,84,63,21,21
880,87,90,-3,3
881,70,70,0,0
882,109,121,-12,12
883,76,76,0,0
884,62,74,-12,12
885,83,77,6,6
886,124,133,-9,9
887,122,136,-14,14
888,55,65,-10,10
889,108,116,-8,8
890,109,119,-10,10
891,52,17,35,35
892,134,123,11,11
893,60,51,9,9
894,71,54,17,17
895,123,132,-9,9
896,60,59,1,1
897,140,136,4,4
898,109,97,12,12
899,150,151,-1,1
900,74,71,3,3
901,94,61,33,33
902,71,66,5,5
903,139,126,13,13
904,87,117,-30,30
905,72,81,-9,9
906,53,54,-1,1
907,163,147,16,16
908,111,91,20,20
909,70,55,15,15
910,46,46,0,0
911,138,127,11,11
912,127,126,1,1
913,70,55,15,15
914,107,125,-18,18
915,64,61,3,3
916,69,73,-4,4
917,196,186,10,10
918,136,126,10,10
919,52,28,24,24
920,79,84,-5,5
921,109,117,-8,8
922,78,88,-10,10
923,115,117,-2,2
924,77,105,-28,28
925,110,107,3,3
926,74,73,1,1
927,49,48,1,1
928,55,70,-15,15
929,145,136,9,9
930,119,82,37,37
931,96,104,-8,8
932,196,172,24,24
933,72,82,-10,10
934,90,105,-15,15
935,62,107,-45,45
936,118,121,-3,3
937,137,148,-11,11
938,79,88,-9,9
939,152,150,2,2
940,87,103,-16,16
941,112,113,-1,1
942,62,67,-5,5
943,72,83,-11,11
944,109,105,4,4
945,83,106,-23,23
946,68,81,-13,13
947,97,100,-3,3
948,59,59,0,0
949,173,153,20,20
950,73,70,3,3
951,85,94,-9,9
952,62,73,-11,11
953,75,74,1,1
954,90,97,-7,7
955,93,92,1,1
956,98,95,3,3
957,116,112,4,4
958,50,51,-1,1
959,106,109,-3,3
960,114,85,29,29
961,98,94,4,4
962,184,168,16,16
963,69,67,2,2
964,147,146,1,1
965,29,59,-30,30
966,108,116,-8,8
967,65,37,28,28
968,96,85,11,11
969,84,91,-7,7
970,70,63,7,7
971,162,150,12,12
972,112,117,-5,5
973,71,70,1,1
974,139,126,13,13
975,72,73,-1,1
976,68,60,8,8
977,76,88,-12,12
978,87,25,62,62
979,52,58,-6,6
980,115,116,-1,1
981,161,153,8,8
982,88,80,8,8
983,107,105,2,2
984,84,78,6,6
985,90,101,-11,11
986,55,58,-3,3
987,138,131,7,7
988,90,88,2,2
989,114,121,-7,7
990,111,135,-24,24
991,44,44,0,0
992,111,118,-7,7
993,128,117,11,11
994,98,103,-5,5
995,93,90,3,3
996,74,70,4,4
997,130,134,-4,4
998,82,90,-8,8
999,178,151,27,27
1000,42,42,0,0
1001,96,107,-11,11
1002,39,44,-5,5
1003,75,77,-2,2
1004,147,150,-3,3
1005,102,110,-8,8
1006,212,168,44,44
1007,64,71,-7,7
1008,91,71,20,20
1009,39,29,10,10
1010,92,115,-23,23
1011,159,152,7,7
1012,119,103,16,16
1013,128,128,0,0
1014,125,111,14,14
1015,63,82,-19,19
1016,117,93,24,24
1017,117,139,-22,22
1018,35,28,7,7
1019,108,110,-2,2
1020,108,106,2,2
1021,77,82,-5,5
1022,88,83,5,5
1023,45,49,-4,4
1024,88,88,0,0
1025,110,100,10,10
1026,93,87,6,6
1027,77,82,-5,5
1028,144,105,39,39
1029,63,70,-7,7
1030,56,39,17,17
1031,143,129,14,14
1032,119,133,-14,14
1033,85,67,18,18
1034,94,106,-12,12
1035,115,123,-8,8
1036,117,122,-5,5
1037,71,56,15,15
1038,79,82,-3,3
1039,119,113,6,6
1040,78,63,15,15
1041,101,121,-20,20
1042,89,104,-15,15
1043,91,96,-5,5
1044,112,116,-4,4
1045,131,132,-1,1
1046,43,42,1,1
1047,162,154,8,8
1048,55,58,-3,3
1049,116,122,-6,6
1050,49,37,12,12
1051,88,90,-2,2
1052,108,118,-10,10
1053,72,60,12,12
1054,115,115,0,0
1055,55,62,-7,7
1056,146,138,8,8
1057,97,75,22,22
1058,81,89,-8,8
1059,146,139,7,7
1060,133,133,0,0
1061,62,52,10,10
1062,148,151,-3,3
1063,98,97,1,1
1064,81,70,11,11
1065,73,77,-4,4
1066,81,89,-8,8
1067,148,147,1,1
1068,141,131,10,10
1069,56,79,-23,23
1070,123,127,-4,4
1071,83,73,10,10
1072,117,129,-12,12
1073,99,110,-11,11
1074,99,108,-9,9
1075,64,69,-5,5
1076,92,98,-6,6
1077,40,36,4,4
1078,183,142,41,41
1079,44,62,-18,18
1080,115,119,-4,4
1081,49,83,-34,34
1082,127,121,6,6
1083,155,134,21,21
1084,81,90,-9,9
1085,92,95,-3,3
1086,74,73,1,1
1087,108,122,-14,14
1088,57,54,3,3
1089,61,71,-10,10
1090,125,59,66,66
1091,97,83,14,14
1092,60,97,-37,37
1093,78,78,0,0
1094,71,71,0,0
1095,84,84,0,0
1096,177,145,32,32
1097,80,80,0,0
1098,130,129,1,1
1099,81,85,-4,4
1100,88,129,-41,41
1101,56,60,-4,4
1102,149,144,5,5
1103,92,83,9,9
1104,90,100,-10,10
1105,45,69,-24,24
1106,63,71,-8,8
1107,92,98,-6,6
1108,124,131,-7,7
1109,140,143,-3,3
1110,122,141,-19,19
1111,47,51,-4,4
1112,67,60,7,7
1113,199,164,35,35
1114,110,130,-20,20
1115,78,66,12,12
1116,42,42,0,0
1117,51,55,-4,4
1118,183,145,38,38
1119,160,158,2,2
1120,117,121,-4,4
1121,70,80,-10,10
1122,90,87,3,3
1123,101,108,-7,7
1124,73,95,-22,22
1125,64,62,2,2
1126,69,70,-1,1
1127,98,105,-7,7
1128,121,123,-2,2
1129,83,85,-2,2
1130,170,158,12,12
1131,80,85,-5,5
1132,68,72,-4,4
1133,130,143,-13,13
1134,66,78,-12,12
1135,65,93,-28,28
1136,95,97,-2,2
1137,99,93,6,6
1138,95,111,-16,16
1139,174,163,11,11
1140,154,144,10,10
1141,121,112,9,9
1142,109,95,14,14
1143,87,108,-21,21
1144,61,55,6,6
1145,96,99,-3,3
1146,96,94,2,2
1147,118,108,10,10
1148,97,106,-9,9
1149,105,104,1,1
1150,87,93,-6,6
1151,104,95,9,9
1152,80,91,-11,11
1153,54,57,-3,3
1154,92,96,-4,4
1155,48,47,1,1
1156,78,90,-12,12
1157,136,126,10,10
1158,139,126,13,13
1159,61,105,-44,44
1160,83,92,-9,9
1161,103,108,-5,5
1162,128,129,-1,1
1163,131,135,-4,4
1164,76,87,-11,11
1165,74,69,5,5
1166,135,121,14,14
1167,73,73,0,0
1168,115,117,-2,2
1169,81,92,-11,11
1170,140,152,-12,12
1171,69,79,-10,10
1172,46,37,9,9
1173,109,124,-15,15
1174,197,173,24,24
1175,111,104,7,7
1176,100,108,-8,8
1177,77,61,16,16
1178,66,65,1,1
1179,67,70,-3,3
1180,120,123,-3,3
1181,349,345,4,4
1182,78,81,-3,3
1183,118,120,-2,2
1184,51,68,-17,17
1185,82,92,-10,10
1186,49,42,7,7
1187,72,55,17,17
1188,112,227,-115,115
1189,140,97,43,43
1190,69,67,2,2
1191,94,93,1,1
1192,69,66,3,3
1193,96,113,-17,17
1194,77,114,-37,37
1195,92,107,-15,15
1196,141,139,2,2
1197,94,93,1,1
1198,92,77,15,15
1199,96,93,3,3
1200,69,72,-3,3
1201,35,40,-5,5
1202,78,66,12,12
1203,113,107,6,6
1204,99,94,5,5
1205,108,112,-4,4
1206,118,107,11,11
1207,95,94,1,1
1208,106,135,-29,29
1209,101,85,16,16
1210,77,93,-16,16
1211,97,97,0,0
1212,86,85,1,1
1213,60,64,-4,4
1214,101,107,-6,6
1215,105,95,10,10
1216,73,85,-12,12
1217,90,84,6,6
1218,121,118,3,3
1219,80,83,-3,3
1220,85,90,-5,5
1221,158,145,13,13
1222,75,81,-6,6
1223,70,80,-10,10
1224,66,67,-1,1
1225,107,120,-13,13
1226,182,176,6,6
1227,134,132,2,2
1228,103,105,-2,2
1229,69,80,-11,11
1230,95,47,48,48
1231,33,27,6,6
1232,58,68,-10,10
1233,63,67,-4,4
1234,115,92,23,23
1235,111,109,2,2
1236,128,118,10,10
1237,141,122,19,19
1238,50,51,-1,1
1239,129,101,28,28
1240,49,71,-22,22
1241,91,84,7,7
1242,131,129,2,2
1243,120,117,3,3
1244,91,91,0,0
1245,108,111,-3,3
1246,70,88,-18,18
1247,51,44,7,7
1248,92,103,-11,11
1249,77,84,-7,7
1250,149,143,6,6
1251,117,108,9,9
1252,144,139,5,5
1253,82,77,5,5
1254,107,112,-5,5
1255,51,49,2,2
1256,55,52,3,3
1257,101,118,-17,17
1258,99,99,0,0
1259,114,104,10,10
1260,55,65,-10,10
1261,83,84,-1,1
1262,174,129,45,45
1263,136,130,6,6
1264,89,103,-14,14
1265,67,96,-29,29
1266,81,82,-1,1
1267,122,124,-2,2
1268,74,35,39,39
1269,149,149,0,0
1270,62,74,-12,12
1271,64,86,-22,22
1272,85,93,-8,8
1273,163,138,25,25
1274,72,52,20,20
1275,62,56,6,6
1276,50,50,0,0
1277,57,69,-12,12
1278,82,81,1,1
1279,58,57,1,1
1280,51,47,4,4
1281,63,59,4,4
1282,125,98,27,27
1283,78,92,-14,14
1284,57,49,8,8
1285,65,64,1,1
1286,111,117,-6,6
1287,90,100,-10,10
1288,107,106,1,1
1289,81,65,16,16
1290,133,129,4,4
1291,111,112,-1,1
1292,64,75,-11,11
1293,56,79,-23,23
1294,51,59,-8,8
1295,64,68,-4,4
1296,156,151,5,5
1297,96,108,-12,12
1298,94,94,0,0
1299,65,96,-31,31
1300,167,157,10,10
1301,44,48,-4,4
1302,255,177,78,78
1303,80,87,-7,7
1304,142,131,11,11
1305,73,45,28,28
1306,114,107,7,7
1307,81,82,-1,1
1308,66,79,-13,13
1309,91,105,-14,14
1310,106,95,11,11
1311,84,85,-1,1
1312,120,130,-10,10
1313,115,111,4,4
1314,130,126,4,4
1315,192,180,12,12
1316,150,135,15,15
1317,87,107,-20,20
1318,69,68,1,1
1319,170,156,14,14
1320,99,95,4,4
1321,72,83,-11,11
1322,106,81,25,25
1323,142,124,18,18
1324,44,54,-10,10
1325,87,94,-7,7
1326,72,96,-24,24
1327,116,111,5,5
1328,66,71,-5,5
1329,43,38,5,5
1330,145,134,11,11
1331,92,92,0,0
1332,86,102,-16,16
1333,87,101,-14,14
1334,71,56,15,15
1335,136,116,20,20
1336,73,58,15,15
1337,81,49,32,32
1338,65,79,-14,14
1339,97,99,-2,2
1340,61,51,10,10
1341,76,63,13,13
1342,55,50,5,5
1343,100,94,6,6
1344,120,128,-8,8
1345,110,125,-15,15
1346,103,99,4,4
1347,57,63,-6,6
1348,95,77,18,18
1349,82,91,-9,9
1350,105,109,-4,4
1351,68,67,1,1
1352,177,141,36,36
1353,97,107,-10,10
1354,150,126,24,24
1355,38,18,20,20
1356,85,90,-5,5
1357,79,87,-8,8
1358,78,84,-6,6
1359,98,91,7,7
1360,138,116,22,22
1361,92,80,12,12
1362,110,110,0,0
1363,135,145,-10,10
1364,96,111,-15,15
1365,107,96,11,11
1366,84,91,-7,7
1367,82,87,-5,5
1368,87,117,-30,30
1369,58,65,-7,7
1370,55,59,-4,4
1371,69,69,0,0
1372,193,162,31,31
1373,102,114,-12,12
1374,105,105,0,0
1375,74,91,-17,17
1376,122,109,13,13
1377,85,84,1,1
1378,103,92,11,11
1379,139,111,28,28
1380,91,76,15,15
1381,84,94,-10,10
1382,155,148,7,7
1383,73,85,-12,12
1384,141,108,33,33
1385,70,29,41,41
1386,93,88,5,5
1387,100,86,14,14
1388,96,89,7,7
1389,56,57,-1,1
1390,93,123,-30,30
1391,97,115,-18,18
1392,43,56,-13,13
1393,58,38,20,20
1394,107,104,3,3
1395,118,117,1,1
1396,64,60,4,4
1397,114,99,15,15
1398,84,86,-2,2
1399,68,80,-12,12
1400,170,150,20,20
1401,121,135,-14,14
1402,180,171,9,9
1403,81,90,-9,9
1404,131,124,7,7
1405,166,146,20,20
1406,83,86,-3,3
1407,107,101,6,6
1408,95,103,-8,8
1409,88,88,0,0
1410,149,136,13,13
1411,160,134,26,26
1412,112,126,-14,14
1413,145,129,16,16
1414,38,23,15,15
1415,104,95,9,9
1416,125,133,-8,8
1417,86,81,5,5
1418,105,104,1,1
1419,44,41,3,3
1420,116,108,8,8
1421,136,119,17,17
1422,149,145,4,4
1423,135,122,13,13
1424,51,21,30,30
1425,94,95,-1,1
1426,88,100,-12,12
1427,128,135,-7,7
1428,148,139,9,9
1429,103,110,-7,7
1430,59,67,-8,8
1431,75,80,-5,5
1432,83,93,-10,10
1433,73,65,8,8
1434,75,73,2,2
1435,74,72,2,2
1436,85,91,-6,6
1437,74,95,-21,21
1438,99,95,4,4
1439,122,121,1,1
1440,130,140,-10,10
1441,61,70,-9,9
1442,48,55,-7,7
1443,111,96,15,15
1444,58,58,0,0
1445,61,84,-23,23
1446,129,128,1,1
1447,55,57,-2,2
1448,159,164,-5,5
1449,81,86,-5,5
1450,44,47,-3,3
1451,64,52,12,12
1452,105,102,3,3
1453,131,142,-11,11
1454,188,176,12,12
1455,107,108,-1,1
1456,74,83,-9,9
1457,155,168,-13,13
1458,93,91,2,2
1459,125,127,-2,2
1460,113,113,0,0
1461,81,86,-5,5
1462,73,65,8,8
1463,78,79,-1,1
1464,124,101,23,23
1465,68,80,-12,12
1466,90,98,-8,8
1467,108,89,19,19
1468,73,68,5,5
1469,92,95,-3,3
1470,118,116,2,2
1471,70,69,1,1
1472,98,114,-16,16
1473,70,73,-3,3
1474,72,71,1,1
1475,107,96,11,11
1476,112,118,-6,6
1477,118,131,-13,13
1478,86,84,2,2
1479,114,99,15,15
1480,121,112,9,9
1481,120,107,13,13
1482,275,236,39,39
1483,98,96,2,2
1484,95,124,-29,29
1485,80,81,-1,1
1486,126,136,-10,10
1487,98,101,-3,3
1488,133,128,5,5
1489,61,58,3,3
1490,129,124,5,5
1491,117,105,12,12
1492,54,73,-19,19
1493,54,58,-4,4
1494,48,54,-6,6
1495,85,80,5,5
1496,56,75,-19,19
1497,77,90,-13,13
1498,140,117,23,23
1499,69,74,-5,5
1500,88,94,-6,6
1501,107,122,-15,15
1502,81,81,0,0
1503,134,124,10,10
1504,80,102,-22,22
1505,121,117,4,4
1506,111,109,2,2
1507,72,80,-8,8
1508,155,149,6,6
1509,61,62,-1,1
1510,70,85,-15,15
1511,55,65,-10,10
1512,74,80,-6,6
1513,151,149,2,2
1514,38,40,-2,2
1515,164,186,-22,22
1516,66,78,-12,12
1517,58,57,1,1
1518,66,75,-9,9
1519,116,84,32,32
1520,71,94,-23,23
1521,99,107,-8,8
1522,108,122,-14,14
1523,77,78,-1,1
1524,56,58,-2,2
1525,126,113,13,13
1526,117,110,7,7
1527,71,70,1,1
1528,80,74,6,6
1529,69,74,-5,5
1530,76,82,-6,6
1531,137,134,3,3
1532,184,156,28,28
1533,131,124,7,7
1534,149,124,25,25
1535,95,92,3,3
1536,122,124,-2,2
1537,54,69,-15,15
1538,88,98,-10,10
1539,83,87,-4,4
1540,69,73,-4,4
1541,87,105,-18,18
1542,156,157,-1,1
1543,118,132,-14,14
1544,55,52,3,3
1545,83,78,5,5
1546,81,99,-18,18
1547,101,122,-21,21
1548,73,71,2,2
1549,105,109,-4,4
1550,82,87,-5,5
1551,65,58,7,7
1552,78,73,5,5
1553,115,117,-2,2
1554,133,108,25,25
1555,58,38,20,20
1556,108,111,-3,3
1557,128,120,8,8
1558,136,134,2,2
1559,37,17,20,20
1560,95,100,-5,5
1561,121,125,-4,4
1562,87,91,-4,4
1563,100,135,-35,35
1564,89,93,-4,4
1565,126,145,-19,19
1566,109,120,-11,11
1567,103,101,2,2
1568,150,139,11,11
1569,94,122,-28,28
1570,148,144,4,4
1571,60,64,-4,4
1572,70,79,-9,9
1573,131,131,0,0
1574,70,78,-8,8
1575,95,101,-6,6
1576,66,95,-29,29
1577,86,87,-1,1
1578,91,92,-1,1
1579,75,92,-17,17
1580,46,45,1,1
1581,100,106,-6,6
1582,98,100,-2,2
1583,92,75,17,17
1584,112,115,-3,3
1585,167,148,19,19
1586,90,92,-2,2
1587,109,121,-12,12
1588,93,119,-26,26
1589,61,59,2,2
1590,123,135,-12,12
1591,93,91,2,2
1592,74,64,10,10
1593,36,36,0,0
1594,89,93,-4,4
1595,144,149,-5,5
1596,80,75,5,5
1597,114,116,-2,2
1598,106,93,13,13
1599,57,64,-7,7
1600,70,77,-7,7
1601,112,115,-3,3
1602,92,95,-3,3
1603,106,86,20,20
1604,122,135,-13,13
1605,128,110,18,18
1606,109,109,0,0
1607,75,84,-9,9
1608,120,119,1,1
1609,60,61,-1,1
1610,137,132,5,5
1611,78,78,0,0
1612,93,106,-13,13
1613,91,88,3,3
1614,84,93,-9,9
1615,137,135,2,2
1616,43,49,-6,6
1617,74,113,-39,39
1618,77,58,19,19
1619,114,107,7,7
1620,104,83,21,21
1621,101,124,-23,23
1622,43,54,-11,11
1623,106,113,-7,7
1624,90,97,-7,7
1625,114,127,-13,13
1626,82,58,24,24
1627,62,76,-14,14
1628,112,117,-5,5
1629,46,60,-14,14
1630,104,112,-8,8
1631,106,107,-1,1
1632,62,57,5,5
1633,123,124,-1,1
1634,95,102,-7,7
1635,64,59,5,5
1636,76,87,-11,11
1637,104,104,0,0
1638,126,120,6,6
1639,144,140,4,4
1640,119,125,-6,6
1641,74,83,-9,9
1642,51,64,-13,13
1643,91,96,-5,5
1644,86,108,-22,22
1645,95,92,3,3
1646,72,84,-12,12
1647,162,146,16,16
1648,87,95,-8,8
1649,91,91,0,0
1650,122,128,-6,6
1651,70,71,-1,1
1652,106,117,-11,11
1653,89,114,-25,25
1654,59,47,12,12
1655,44,31,13,13
1656,74,63,11,11
1657,77,81,-4,4
1658,135,118,17,17
1659,107,99,8,8
1660,64,61,3,3
1661,52,77,-25,25
1662,61,57,4,4
1663,74,95,-21,21
1664,87,103,-16,16
1665,106,101,5,5
1666,64,62,2,2
1667,70,86,-16,16
1668,77,85,-8,8
1669,62,75,-13,13
1670,67,70,-3,3
1671,109,112,-3,3
1672,118,114,4,4
1673,74,90,-16,16
1674,100,120,-20,20
1675,83,103,-20,20
1676,83,73,10,10
1677,121,115,6,6
1678,79,89,-10,10
1679,46,45,1,1
1680,92,73,19,19
1681,102,102,0,0
1682,103,99,4,4
1683,64,46,18,18
1684,101,94,7,7
1685,105,106,-1,1
1686,55,48,7,7
1687,66,65,1,1
1688,60,65,-5,5
1689,62,70,-8,8
1690,150,144,6,6
1691,84,94,-10,10
1692,98,118,-20,20
1693,59,62,-3,3
1694,57,51,6,6
1695,88,122,-34,34
1696,146,147,-1,1
1697,58,61,-3,3
1698,73,88,-15,15
1699,192,162,30,30
1700,58,64,-6,6
1701,97,73,24,24
1702,84,88,-4,4
1703,149,147,2,2
1704,162,139,23,23
1705,53,64,-11,11
1706,48,68,-20,20
1707,103,113,-10,10
1708,64,95,-31,31
1709,85,58,27,27
1710,64,73,-9,9
1711,73,87,-14,14
1712,72,57,15,15
1713,136,73,63,63
1714,103,112,-9,9
1715,161,134,27,27
1716,89,89,0,0
1717,102,92,10,10
1718,66,126,-60,60
1719,87,85,2,2
1720,101,91,10,10
1721,90,99,-9,9
1722,108,107,1,1
1723,59,58,1,1
1724,118,114,4,4
1725,56,61,-5,5
1726,195,163,32,32
1727,70,61,9,9
1728,90,96,-6,6
1729,108,113,-5,5
1730,118,142,-24,24
1731,74,79,-5,5
1732,115,110,5,5
1733,31,32,-1,1
1734,121,122,-1,1
1735,43,44,-1,1
1736,78,84,-6,6
1737,63,72,-9,9
1738,57,52,5,5
1739,53,50,3,3
1740,63,71,-8,8
1741,88,87,1,1
1742,80,97,-17,17
1743,133,145,-12,12
1744,90,79,11,11
1745,130,141,-11,11
1746,70,87,-17,17
1747,169,151,18,18
1748,45,54,-9,9
1749,171,153,18,18
1750,84,86,-2,2
1751,95,101,-6,6
1752,73,81,-8,8
1753,59,51,8,8
1754,82,86,-4,4
1755,101,97,4,4
1756,77,92,-15,15
1757,57,65,-8,8
1758,97,86,11,11
1759,69,79,-10,10
1760,82,71,11,11
1761,60,87,-27,27
1762,70,70,0,0
1763,79,90,-11,11
1764,127,130,-3,3
1765,92,108,-16,16
1766,119,136,-17,17
1767,59,77,-18,18
1768,66,77,-11,11
1769,44,54,-10,10
1770,46,52,-6,6
1771,129,111,18,18
1772,93,77,16,16
1773,98,125,-27,27
1774,89,81,8,8
1775,74,77,-3,3
1776,96,91,5,5
1777,103,89,14,14
1778,84,84,0,0
1779,75,83,-8,8
1780,167,152,15,15
1781,85,85,0,0
1782,108,120,-12,12
1783,59,62,-3,3
1784,101,106,-5,5
1785,76,71,5,5
1786,118,120,-2,2
1787,67,76,-9,9
1788,53,64,-11,11
1789,108,114,-6,6
1790,103,121,-18,18
1791,130,145,-15,15
1792,83,91,-8,8
1793,52,69,-17,17
1794,79,98,-19,19
1795,80,84,-4,4
1796,88,64,24,24
1797,55,42,13,13
1798,53,32,21,21
1799,116,121,-5,5
1800,103,103,0,0
1801,73,80,-7,7
1802,72,74,-2,2
1803,155,143,12,12
1804,205,195,10,10
1805,55,64,-9,9
1806,119,124,-5,5
1807,93,83,10,10
1808,81,79,2,2
1809,93,98,-5,5
1810,121,126,-5,5
1811,62,67,-5,5
1812,61,69,-8,8
1813,113,112,1,1
1814,79,75,4,4
1815,130,131,-1,1
1816,68,77,-9,9
1817,81,78,3,3
1818,114,85,29,29
1819,101,90,11,11
1820,63,49,14,14
1821,87,108,-21,21
1822,117,117,0,0
1823,114,113,1,1
1824,109,107,2,2
1825,96,87,9,9
1826,54,51,3,3
1827,132,137,-5,5
1828,85,28,57,57
1829,70,62,8,8
1830,60,54,6,6
1831,68,73,-5,5
1832,48,36,12,12
1833,75,84,-9,9
1834,126,123,3,3
1835,106,107,-1,1
1836,60,58,2,2
1837,70,73,-3,3
1838,52,52,0,0
1839,86,80,6,6
1840,74,77,-3,3
1841,118,118,0,0
1842,43,44,-1,1
1843,207,212,-5,5
1844,97,84,13,13
1845,78,81,-3,3
1846,100,114,-14,14
1847,108,83,25,25
1848,73,67,6,6
1849,151,132,19,19
1850,45,42,3,3
1851,81,85,-4,4
1852,68,66,2,2
1853,140,151,-11,11
1854,121,116,5,5
1855,88,96,-8,8
1856,42,35,7,7
1857,76,74,2,2
1858,89,95,-6,6
1859,61,48,13,13
1860,98,104,-6,6
1861,78,81,-3,3
1862,54,63,-9,9
1863,128,148,-20,20
1864,160,157,3,3
1865,65,59,6,6
1866,109,113,-4,4
1867,149,153,-4,4
1868,112,106,6,6
1869,78,84,-6,6
1870,61,66,-5,5
1871,82,79,3,3
1872,54,57,-3,3
1873,45,52,-7,7
1874,102,96,6,6
1875,92,80,12,12
1876,121,128,-7,7
1877,119,117,2,2
1878,84,81,3,3
1879,99,99,0,0
1880,116,121,-5,5
1881,119,119,0,0
1882,157,149,8,8
1883,119,112,7,7
1884,92,88,4,4
1885,60,73,-13,13
1886,101,99,2,2
1887,90,90,0,0
1888,132,126,6,6
1889,156,142,14,14
1890,101,103,-2,2
1891,88,80,8,8
1892,141,117,24,24
1893,56,52,4,4
1894,85,89,-4,4
1895,182,151,31,31
1896,127,114,13,13
1897,76,79,-3,3
1898,83,93,-10,10
1899,59,32,27,27
1900,33,51,-18,18
1901,38,54,-16,16
1902,90,94,-4,4
1903,87,111,-24,24
1904,81,90,-9,9
1905,123,131,-8,8
1906,111,132,-21,21
1907,207,167,40,40
1908,140,103,37,37
1909,90,99,-9,9
1910,67,75,-8,8
1911,102,122,-20,20
1912,65,64,1,1
1913,81,89,-8,8
1914,75,82,-7,7
1915,93,98,-5,5
1916,87,128,-41,41
1917,183,153,30,30
1918,95,100,-5,5
1919,200,158,42,42
1920,95,91,4,4
1921,199,141,58,58
1922,87,0,87,87
1923,56,52,4,4
1924,55,65,-10,10
1925,90,101,-11,11
1926,64,68,-4,4
1927,57,71,-14,14
1928,179,189,-10,10
1929,78,77,1,1
1930,54,67,-13,13
1931,112,106,6,6
1932,69,108,-39,39
1933,73,83,-10,10
1934,64,67,-3,3
1935,65,71,-6,6
1936,63,72,-9,9
1937,159,120,39,39
1938,71,76,-5,5
1939,90,84,6,6
1940,116,108,8,8
1941,110,108,2,2
1942,80,90,-10,10
1943,116,146,-30,30
1944,101,122,-21,21
1945,145,135,10,10
1946,144,145,-1,1
1947,163,142,21,21
1948,115,128,-13,13
1949,115,112,3,3
1950,102,100,2,2
1951,105,89,16,16
1952,61,54,7,7
1953,74,78,-4,4
1954,88,86,2,2
1955,86,76,10,10
1956,98,95,3,3
1957,113,118,-5,5
1958,82,67,15,15
1959,124,110,14,14
1960,76,81,-5,5
1961,137,128,9,9
1962,88,95,-7,7
1963,130,124,6,6
1964,75,76,-1,1
1965,97,76,21,21
1966,114,115,-1,1
1967,92,87,5,5
1968,106,109,-3,3
1969,89,101,-12,12
1970,72,93,-21,21
1971,92,96,-4,4
1972,66,96,-30,30
1973,26,6,20,20
1974,106,98,8,8
1975,82,90,-8,8
1976,112,111,1,1
1977,94,100,-6,6
1978,106,117,-11,11
1979,114,125,-11,11
1980,85,104,-19,19
1981,144,162,-18,18
1982,137,133,4,4
1983,56,78,-22,22
1984,62,63,-1,1
1985,65,69,-4,4
1986,71,79,-8,8
1987,78,87,-9,9
1988,66,72,-6,6
1989,106,94,12,12
1990,74,100,-26,26
1991,46,125,-79,79
1992,140,131,9,9
1993,129,131,-2,2
1994,83,95,-12,12
1995,81,85,-4,4
1996,49,53,-4,4
1997,124,126,-2,2
1998,42,32,10,10
1999,89,84,5,5
2000,101,94,7,7
2001,184,185,-1,1
2002,113,104,9,9
2003,212,181,31,31
2004,120,114,6,6
2005,95,93,2,2
2006,120,129,-9,9
2007,97,100,-3,3
2008,72,76,-4,4
2009,80,64,16,16
2010,87,102,-15,15
2011,100,93,7,7
2012,185,149,36,36
2013,90,95,-5,5
2014,77,88,-11,11
2015,67,68,-1,1
2016,63,68,-5,5
2017,74,81,-7,7
2018,104,92,12,12
2019,129,126,3,3
2020,73,69,4,4
2021,128,119,9,9
2022,64,74,-10,10
2023,88,89,-1,1
2024,47,53,-6,6
2025,68,62,6,6
2026,75,54,21,21
2027,75,72,3,3
2028,80,73,7,7
2029,61,72,-11,11
2030,74,69,5,5
2031,79,91,-12,12
2032,62,70,-8,8
2033,121,128,-7,7
2034,77,88,-11,11
2035,104,93,11,11
2036,116,115,1,1
2037,61,79,-18,18
2038,86,83,3,3
2039,83,99,-16,16
2040,119,88,31,31
2041,109,117,-8,8
2042,83,97,-14,14
2043,66,73,-7,7
2044,112,119,-7,7
2045,110,119,-9,9
2046,115,120,-5,5
2047,97,102,-5,5
2048,115,112,3,3
2049,78,93,-15,15
2050,58,60,-2,2
2051,98,110,-12,12
2052,104,114,-10,10
2053,109,101,8,8
2054,143,140,3,3
2055,98,97,1,1
2056,56,79,-23,23
2057,61,66,-5,5
2058,86,82,4,4
2059,73,79,-6,6
2060,101,108,-7,7
2061,165,132,33,33
2062,64,68,-4,4
2063,62,66,-4,4
2064,68,56,12,12
2065,101,107,-6,6
2066,72,69,3,3
2067,56,57,-1,1
2068,109,104,5,5
2069,63,59,4,4
2070,48,56,-8,8
2071,134,127,7,7
2072,91,105,-14,14
2073,80,79,1,1
2074,112,123,-11,11
2075,49,56,-7,7
2076,91,86,5,5
2077,75,86,-11,11
2078,86,78,8,8
2079,142,136,6,6
2080,79,73,6,6
2081,122,134,-12,12
2082,139,142,-3,3
2083,79,102,-23,23
2084,184,159,25,25
2085,134,159,-25,25
2086,99,87,12,12
2087,59,56,3,3
2088,77,86,-9,9
2089,84,84,0,0
2090,116,124,-8,8
2091,41,36,5,5
2092,70,3,67,67
2093,39,44,-5,5
2094,82,74,8,8
2095,58,45,13,13
2096,166,115,51,51
2097,71,78,-7,7
2098,119,117,2,2
2099,92,102,-10,10
2100,116,114,2,2
2101,121,130,-9,9
2102,106,106,0,0
2103,82,80,2,2
2104,137,135,2,2
2105,113,120,-7,7
2106,84,89,-5,5
2107,136,128,8,8
2108,57,60,-3,3
2109,142,127,15,15
2110,55,41,14,14
2111,82,87,-5,5
2112,208,152,56,56
2113,101,70,31,31
2114,156,161,-5,5
2115,175,157,18,18
2116,137,120,17,17
2117,105,131,-26,26
2118,84,85,-1,1
2119,78,78,0,0
2120,115,119,-4,4
2121,74,74,0,0
2122,67,66,1,1
2123,46,55,-9,9
2124,123,131,-8,8
2125,68,50,18,18
2126,110,110,0,0
2127,95,99,-4,4
2128,77,86,-9,9
2129,86,97,-11,11
2130,62,73,-11,11
2131,91,99,-8,8
2132,76,101,-25,25
2133,92,78,14,14
2134,98,93,5,5
2135,108,114,-6,6
2136,142,114,28,28
2137,111,97,14,14
2138,96,103,-7,7
2139,86,100,-14,14
2140,138,139,-1,1
2141,89,99,-10,10
2142,149,139,10,10
2143,82,96,-14,14
2144,135,144,-9,9
2145,94,103,-9,9
2146,79,80,-1,1
2147,84,89,-5,5
2148,44,86,-42,42
2149,46,67,-21,21
2150,96,99,-3,3
2151,114,108,6,6
2152,57,52,5,5
2153,79,82,-3,3
2154,78,112,-34,34
2155,117,144,-27,27
2156,98,92,6,6
2157,57,57,0,0
2158,99,84,15,15
2159,97,101,-4,4
2160,98,87,11,11
2161,70,70,0,0
2162,102,121,-19,19
2163,82,102,-20,20
2164,81,93,-12,12
2165,69,80,-11,11
2166,66,60,6,6
2167,97,95,2,2
2168,86,90,-4,4
2169,58,60,-2,2
2170,83,112,-29,29
2171,78,70,8,8
2172,64,50,14,14
2173,127,113,14,14
2174,73,66,7,7
2175,70,78,-8,8
2176,93,58,35,35
2177,116,124,-8,8
2178,103,75,28,28
2179,44,65,-21,21
2180,84,92,-8,8
2181,116,104,12,12
2182,102,109,-7,7
2183,56,71,-15,15
2184,117,99,18,18
2185,111,132,-21,21
2186,82,82,0,0
2187,115,106,9,9
2188,96,110,-14,14
2189,137,101,36,36
2190,111,105,6,6
2191,63,94,-31,31
2192,65,59,6,6
2193,57,55,2,2
2194,82,84,-2,2
2195,64,86,-22,22
2196,100,114,-14,14
2197,68,65,3,3
2198,57,82,-25,25
2199,76,71,5,5
2200,138,138,0,0
2201,61,75,-14,14
2202,80,91,-11,11
2203,98,105,-7,7
2204,137,145,-8,8
2205,101,106,-5,5
2206,122,116,6,6
2207,75,86,-11,11
2208,118,106,12,12
2209,87,101,-14,14
2210,116,77,39,39
2211,97,101,-4,4
2212,147,162,-15,15
2213,74,83,-9,9
2214,55,66,-11,11
2215,110,101,9,9
2216,93,100,-7,7
2217,64,71,-7,7
2218,105,122,-17,17
2219,70,104,-34,34
2220,92,86,6,6
2221,63,67,-4,4
2222,93,104,-11,11
2223,60,50,10,10
2224,82,80,2,2
2225,108,109,-1,1
2226,118,111,7,7
2227,167,153,14,14
2228,112,103,9,9
2229,85,106,-21,21
2230,77,93,-16,16
2231,105,115,-10,10
2232,144,145,-1,1
2233,159,148,11,11
2234,68,82,-14,14
2235,42,63,-21,21
2236,111,125,-14,14
2237,67,75,-8,8
2238,135,127,8,8
2239,45,24,21,21
2240,79,95,-16,16
2241,117,139,-22,22
2242,94,101,-7,7
2243,44,99,-55,55
2244,94,113,-19,19
2245,140,136,4,4
2246,98,105,-7,7
2247,66,83,-17,17
2248,63,73,-10,10
2249,65,51,14,14
2250,104,111,-7,7
2251,92,96,-4,4
2252,86,74,12,12
2253,81,94,-13,13
2254,77,90,-13,13
2255,78,79,-1,1
2256,48,64,-16,16
2257,39,14,25,25
2258,47,34,13,13
2259,94,106,-12,12
2260,161,168,-7,7
2261,72,104,-32,32
2262,35,32,3,3
2263,89,109,-20,20
2264,69,93,-24,24
2265,102,112,-10,10
2266,79,90,-11,11
2267,107,100,7,7
2268,111,132,-21,21
2269,95,97,-2,2
2270,102,102,0,0
2271,89,100,-11,11
2272,65,72,-7,7
2273,108,110,-2,2
2274,57,80,-23,23
2275,103,105,-2,2
2276,151,117,34,34
2277,184,158,26,26
2278,78,84,-6,6
2279,185,162,23,23
2280,63,72,-9,9
2281,131,127,4,4
2282,155,147,8,8
2283,87,80,7,7
2284,136,133,3,3
2285,104,106,-2,2
2286,54,57,-3,3
2287,107,107,0,0
2288,64,68,-4,4
2289,68,79,-11,11
2290,90,96,-6,6
2291,65,80,-15,15
2292,86,103,-17,17
2293,78,69,9,9
2294,72,64,8,8
2295,50,57,-7,7
2296,107,107,0,0
2297,101,209,-108,108
2298,104,99,5,5
2299,47,51,-4,4
2300,87,82,5,5
2301,102,109,-7,7
2302,103,99,4,4
2303,62,62,0,0
2304,57,64,-7,7
2305,68,72,-4,4
2306,109,114,-5,5
2307,80,85,-5,5
2308,76,95,-19,19
2309,97,103,-6,6
2310,83,70,13,13
2311,116,112,4,4
2312,72,66,6,6
2313,49,66,-17,17
2314,108,84,24,24
2315,106,76,30,30
2316,135,119,16,16
2317,115,124,-9,9
2318,111,101,10,10
2319,95,101,-6,6
2320,56,64,-8,8
2321,154,138,16,16
2322,106,112,-6,6
2323,71,91,-20,20
2324,92,96,-4,4
2325,96,88,8,8
2326,75,81,-6,6
2327,127,107,20,20
2328,66,65,1,1
2329,78,81,-3,3
2330,148,136,12,12
2331,95,95,0,0
2332,145,120,25,25
2333,80,81,-1,1
2334,48,47,1,1
2335,73,102,-29,29
2336,128,142,-14,14
2337,38,62,-24,24
2338,180,172,8,8
2339,63,59,4,4
2340,60,61,-1,1
2341,149,136,13,13
2342,97,105,-8,8
2343,57,67,-10,10
2344,158,141,17,17
2345,85,86,-1,1
2346,83,79,4,4
2347,145,129,16,16
2348,76,76,0,0
2349,107,101,6,6
2350,177,162,15,15
2351,106,106,0,0
2352,73,72,1,1
2353,43,34,9,9
2354,141,122,19,19
2355,100,102,-2,2
2356,81,79,2,2
2357,267,214,53,53
2358,69,74,-5,5
2359,114,107,7,7
2360,110,119,-9,9
2361,107,121,-14,14
2362,95,97,-2,2
2363,92,88,4,4
2364,166,154,12,12
2365,83,92,-9,9
2366,140,109,31,31
2367,102,91,11,11
2368,82,86,-4,4
2369,88,93,-5,5
2370,129,117,12,12
2371,171,135,36,36
2372,53,48,5,5
2373,139,131,8,8
2374,131,117,14,14
2375,137,120,17,17
2376,65,64,1,1
2377,83,94,-11,11
2378,191,182,9,9
2379,65,61,4,4
2380,197,165,32,32
2381,101,101,0,0
2382,147,136,11,11
2383,159,152,7,7
2384,46,46,0,0
2385,151,127,24,24
2386,104,108,-4,4
2387,132,138,-6,6
2388,67,66,1,1
2389,80,69,11,11
2390,198,163,35,35
2391,116,138,-22,22
2392,72,106,-34,34
2393,152,100,52,52
2394,63,72,-9,9
2395,61,60,1,1
2396,112,109,3,3
2397,96,92,4,4
2398,90,98,-8,8
2399,118,120,-2,2
2400,102,100,2,2
2401,65,56,9,9
2402,93,99,-6,6
2403,64,68,-4,4
2404,88,103,-15,15
2405,116,119,-3,3
2406,94,109,-15,15
2407,96,108,-12,12
2408,83,97,-14,14
2409,125,129,-4,4
2410,71,63,8,8
2411,147,155,-8,8
2412,117,119,-2,2
2413,125,121,4,4
2414,65,60,5,5
2415,69,93,-24,24
2416,72,80,-8,8
2417,80,85,-5,5
2418,73,66,7,7
2419,62,62,0,0
2420,126,118,8,8
2421,56,54,2,2
2422,90,103,-13,13
2423,95,112,-17,17
2424,67,81,-14,14
2425,37,50,-13,13
2426,128,124,4,4
2427,63,71,-8,8
2428,32,92,-60,60
2429,63,44,19,19
2430,42,49,-7,7
2431,90,92,-2,2
2432,58,73,-15,15
2433,159,142,17,17
2434,114,139,-25,25
2435,76,89,-13,13
2436,71,80,-9,9
2437,91,92,-1,1
2438,144,132,12,12
2439,71,55,16,16
2440,70,83,-13,13
2441,109,116,-7,7
2442,86,86,0,0
2443,114,125,-11,11
2444,66,65,1,1
2445,92,76,16,16
2446,71,75,-4,4
2447,92,85,7,7
2448,137,126,11,11
2449,73,96,-23,23
2450,73,88,-15,15
2451,101,94,7,7
2452,119,107,12,12
2453,97,108,-11,11
2454,110,94,16,16
2455,69,35,34,34
2456,81,66,15,15
2457,67,76,-9,9
2458,139,135,4,4
2459,88,82,6,6
2460,114,93,21,21
2461,64,58,6,6
2462,86,83,3,3
2463,122,118,4,4
2464,122,118,4,4
2465,94,91,3,3
2466,128,136,-8,8
2467,83,85,-2,2
2468,92,88,4,4
2469,175,161,14,14
2470,141,144,-3,3
2471,72,84,-12,12
2472,135,150,-15,15
2473,84,83,1,1
2474,123,97,26,26
2475,113,121,-8,8
2476,135,130,5,5
2477,83,93,-10,10
2478,58,68,-10,10
2479,146,145,1,1
2480,123,126,-3,3
2481,50,47,3,3
2482,67,81,-14,14
2483,80,78,2,2
2484,136,137,-1,1
2485,165,153,12,12
2486,84,86,-2,2
2487,107,110,-3,3
2488,151,157,-6,6
2489,111,109,2,2
2490,51,73,-22,22
2491,78,80,-2,2
2492,145,129,16,16
2493,54,56,-2,2
2494,86,81,5,5
2495,93,99,-6,6
2496,117,107,10,10
2497,52,55,-3,3
2498,84,88,-4,4
2499,196,182,14,14
2500,70,90,-20,20
2501,166,172,-6,6
2502,103,100,3,3
2503,67,77,-10,10
2504,54,71,-17,17
2505,91,97,-6,6
2506,124,122,2,2
2507,80,93,-13,13
2508,111,111,0,0
2509,108,97,11,11
2510,134,133,1,1
2511,98,95,3,3
2512,64,67,-3,3
2513,73,70,3,3
2514,94,106,-12,12
2515,61,83,-22,22
2516,90,74,16,16
2517,102,95,7,7
2518,150,129,21,21
2519,97,98,-1,1
2520,76,86,-10,10
2521,58,72,-14,14
2522,90,52,38,38
2523,70,85,-15,15
2524,65,84,-19,19
2525,78,68,10,10
2526,53,48,5,5
2527,83,91,-8,8
2528,103,78,25,25
2529,74,74,0,0
2530,173,158,15,15
2531,63,74,-11,11
2532,104,105,-1,1
2533,96,96,0,0
2534,110,124,-14,14
2535,83,97,-14,14
2536,89,96,-7,7
2537,95,104,-9,9
2538,74,79,-5,5
2539,55,52,3,3
2540,117,121,-4,4
2541,32,3,29,29
2542,64,79,-15,15
2543,103,84,19,19
2544,121,105,16,16
2545,129,123,6,6
2546,90,102,-12,12
2547,119,154,-35,35
2548,105,97,8,8
2549,78,72,6,6
2550,159,152,7,7
2551,73,80,-7,7
2552,128,123,5,5
2553,149,146,3,3
2554,129,121,8,8
2555,87,90,-3,3
2556,69,87,-18,18
2557,120,119,1,1
2558,57,62,-5,5
2559,107,118,-11,11
2560,56,64,-8,8
2561,128,112,16,16
2562,153,139,14,14
2563,114,126,-12,12
2564,96,90,6,6
2565,111,112,-1,1
2566,130,137,-7,7
2567,88,94,-6,6
2568,75,71,4,4
2569,85,88,-3,3
2570,105,96,9,9
2571,48,55,-7,7
2572,98,103,-5,5
2573,62,80,-18,18
2574,142,128,14,14
2575,91,118,-27,27
2576,85,98,-13,13
2577,67,69,-2,2
2578,116,112,4,4
2579,82,98,-16,16
2580,136,136,0,0
2581,145,128,17,17
2582,76,76,0,0
2583,46,49,-3,3
2584,112,130,-18,18
2585,119,110,9,9
2586,75,98,-23,23
2587,58,61,-3,3
2588,90,105,-15,15
2589,106,112,-6,6
2590,117,128,-11,11
2591,97,101,-4,4
2592,142,152,-10,10
2593,156,151,5,5
2594,136,110,26,26
2595,73,76,-3,3
2596,98,91,7,7
2597,79,91,-12,12
2598,130,137,-7,7
2599,114,112,2,2
2600,122,116,6,6
2601,87,79,8,8
2602,136,125,11,11
2603,157,144,13,13
2604,53,42,11,11
2605,106,118,-12,12
2606,62,73,-11,11
2607,87,102,-15,15
2608,75,85,-10,10
2609,71,71,0,0
2610,87,90,-3,3
2611,81,91,-10,10
2612,110,120,-10,10
2613,119,121,-2,2
2614,103,84,19,19
2615,65,58,7,7
2616,137,129,8,8
2617,66,80,-14,14
2618,78,65,13,13
2619,93,98,-5,5
2620,117,115,2,2
2621,95,90,5,5
2622,88,85,3,3
2623,102,96,6,6
2624,49,56,-7,7
2625,82,83,-1,1
2626,70,87,-17,17
2627,78,72,6,6
2628,75,77,-2,2
2629,80,27,53,53
2630,133,112,21,21
2631,82,86,-4,4
2632,147,100,47,47
2633,174,172,2,2
2634,65,69,-4,4
2635,95,96,-1,1
2636,105,98,7,7
2637,72,68,4,4
2638,78,84,-6,6
2639,137,141,-4,4
2640,153,145,8,8
2641,131,150,-19,19
2642,53,60,-7,7
2643,88,84,4,4
2644,74,72,2,2
2645,62,66,-4,4
2646,97,109,-12,12
2647,121,117,4,4
2648,106,104,2,2
2649,76,109,-33,33
2650,103,107,-4,4
2651,87,81,6,6
2652,67,57,10,10
2653,68,108,-40,40
2654,123,114,9,9
2655,68,71,-3,3
2656,115,109,6,6
2657,116,111,5,5
2658,95,93,2,2
2659,57,69,-12,12
2660,106,118,-12,12
2661,85,86,-1,1
2662,106,93,13,13
2663,87,86,1,1
2664,86,96,-10,10
2665,84,91,-7,7
2666,60,58,2,2
2667,99,113,-14,14
2668,84,90,-6,6
2669,60,50,10,10
2670,134,121,13,13
2671,130,125,5,5
2672,78,71,7,7
2673,62,58,4,4
2674,90,93,-3,3
2675,105,79,26,26
2676,104,119,-15,15
2677,102,104,-2,2
2678,125,115,10,10
2679,74,92,-18,18
2680,100,92,8,8
2681,103,113,-10,10
2682,77,75,2,2
2683,86,82,4,4
2684,97,108,-11,11
2685,81,94,-13,13
2686,88,98,-10,10
2687,52,57,-5,5
2688,59,60,-1,1
2689,89,69,20,20
2690,51,65,-14,14
2691,45,37,8,8
2692,103,127,-24,24
2693,70,77,-7,7
2694,148,146,2,2
2695,91,97,-6,6
2696,45,36,9,9
2697,146,158,-12,12
2698,119,123,-4,4
2699,107,121,-14,14
2700,170,145,25,25
2701,62,60,2,2
2702,130,115,15,15
2703,40,38,2,2
2704,91,89,2,2
2705,61,58,3,3
2706,72,86,-14,14
2707,113,111,2,2
2708,120,104,16,16
2709,52,68,-16,16
2710,43,45,-2,2
2711,63,70,-7,7
2712,106,108,-2,2
2713,109,115,-6,6
2714,136,139,-3,3
2715,100,99,1,1
2716,58,70,-12,12
2717,64,64,0,0
2718,135,141,-6,6
2719,125,130,-5,5
2720,91,110,-19,19
2721,81,89,-8,8
2722,53,59,-6,6
2723,120,121,-1,1
2724,96,87,9,9
2725,42,45,-3,3
2726,122,112,10,10
2727,67,69,-2,2
2728,97,96,1,1
2729,65,74,-9,9
2730,86,83,3,3
2731,72,78,-6,6
2732,62,56,6,6
2733,72,74,-2,2
2734,83,80,3,3
2735,129,139,-10,10
2736,109,104,5,5
2737,72,86,-14,14
2738,78,91,-13,13
2739,175,180,-5,5
2740,125,126,-1,1
2741,65,74,-9,9
2742,122,122,0,0
2743,79,81,-2,2
2744,35,36,-1,1
2745,86,91,-5,5
2746,120,108,12,12
2747,96,91,5,5
2748,152,140,12,12
2749,114,124,-10,10
2750,94,106,-12,12
2751,67,76,-9,9
2752,94,92,2,2
2753,145,125,20,20
2754,52,63,-11,11
2755,108,117,-9,9
2756,86,94,-8,8
2757,91,89,2,2
2758,132,130,2,2
2759,160,156,4,4
2760,94,78,16,16
2761,136,123,13,13
2762,46,54,-8,8
2763,76,81,-5,5
2764,66,55,11,11
2765,72,68,4,4
2766,102,97,5,5
2767,77,78,-1,1
2768,56,57,-1,1
2769,139,148,-9,9
2770,217,166,51,51
2771,105,126,-21,21
2772,86,90,-4,4
2773,172,167,5,5
2774,131,138,-7,7
2775,141,142,-1,1
2776,85,97,-12,12
2777,68,62,6,6
2778,90,107,-17,17
2779,75,78,-3,3
2780,82,80,2,2
2781,76,86,-10,10
2782,92,85,7,7
2783,76,80,-4,4
2784,108,105,3,3
2785,99,96,3,3
2786,65,74,-9,9
2787,101,110,-9,9
2788,196,159,37,37
2789,80,91,-11,11
2790,130,138,-8,8
2791,57,116,-59,59
2792,105,107,-2,2
2793,83,89,-6,6
2794,75,82,-7,7
2795,37,43,-6,6
2796,92,125,-33,33
2797,70,73,-3,3
2798,35,35,0,0
2799,120,118,2,2
2800,87,84,3,3
2801,56,59,-3,3
2802,84,100,-16,16
2803,185,163,22,22
2804,95,116,-21,21
2805,76,90,-14,14
2806,60,58,2,2
2807,84,91,-7,7
2808,67,73,-6,6
2809,79,76,3,3
2810,106,82,24,24
2811,121,120,1,1
2812,81,94,-13,13
2813,93,89,4,4
2814,150,147,3,3
2815,104,113,-9,9
2816,95,98,-3,3
2817,120,126,-6,6
2818,140,140,0,0
2819,106,108,-2,2
2820,92,81,11,11
2821,75,74,1,1
2822,69,87,-18,18
2823,78,82,-4,4
2824,57,74,-17,17
2825,71,57,14,14
2826,110,108,2,2
2827,90,94,-4,4
2828,58,64,-6,6
2829,52,44,8,8
2830,108,114,-6,6
2831,53,63,-10,10
2832,102,103,-1,1
2833,89,95,-6,6
2834,158,147,11,11
2835,81,78,3,3
2836,93,113,-20,20
2837,127,122,5,5
2838,117,114,3,3
2839,105,104,1,1
2840,133,131,2,2
2841,106,101,5,5
2842,149,142,7,7
2843,117,123,-6,6
2844,92,104,-12,12
2845,74,65,9,9
2846,156,160,-4,4
2847,90,90,0,0
2848,116,119,-3,3
2849,118,122,-4,4
2850,109,107,2,2
2851,110,115,-5,5
2852,84,86,-2,2
2853,120,105,15,15
2854,145,117,28,28
2855,64,64,0,0
2856,95,110,-15,15
2857,54,40,14,14
2858,109,117,-8,8
2859,81,79,2,2
2860,74,73,1,1
2861,123,132,-9,9
2862,88,106,-18,18
2863,153,157,-4,4
2864,119,127,-8,8
2865,100,80,20,20
2866,91,82,9,9
2867,85,87,-2,2
2868,72,65,7,7
2869,137,129,8,8
2870,120,157,-37,37
2871,58,65,-7,7
2872,106,109,-3,3
2873,100,88,12,12
2874,75,78,-3,3
2875,71,71,0,0
2876,90,56,34,34
2877,56,97,-41,41
2878,109,105,4,4
2879,97,112,-15,15
2880,95,74,21,21
2881,84,99,-15,15
2882,64,60,4,4
2883,79,85,-6,6
2884,66,54,12,12
2885,65,77,-12,12
2886,117,119,-2,2
2887,143,147,-4,4
2888,65,63,2,2
2889,80,87,-7,7
2890,111,119,-8,8
2891,116,132,-16,16
2892,80,126,-46,46
2893,89,90,-1,1
2894,181,162,19,19
2895,95,93,2,2
2896,81,89,-8,8
2897,172,146,26,26
2898,137,117,20,20
2899,83,93,-10,10
2900,98,100,-2,2
2901,131,125,6,6
2902,75,69,6,6
2903,160,162,-2,2
2904,115,109,6,6
2905,124,118,6,6
2906,121,114,7,7
2907,113,107,6,6
2908,116,114,2,2
2909,62,72,-10,10
2910,94,92,2,2
2911,92,67,25,25
2912,144,138,6,6
2913,37,122,-85,85
2914,65,71,-6,6
2915,159,172,-13,13
2916,76,81,-5,5
2917,116,119,-3,3
2918,79,89,-10,10
2919,89,102,-13,13
2920,79,82,-3,3
2921,100,114,-14,14
2922,92,87,5,5
2923,90,84,6,6
2924,53,47,6,6
2925,97,106,-9,9
2926,148,151,-3,3
2927,104,108,-4,4
2928,57,59,-2,2
2929,71,60,11,11
2930,116,117,-1,1
2931,191,168,23,23
2932,122,116,6,6
2933,60,63,-3,3
2934,125,130,-5,5
2935,69,99,-30,30
2936,98,105,-7,7
2937,131,123,8,8
2938,105,100,5,5
2939,103,100,3,3
2940,60,71,-11,11
2941,67,70,-3,3
2942,118,118,0,0
2943,58,109,-51,51
2944,76,84,-8,8
2945,109,117,-8,8
2946,72,79,-7,7
2947,87,102,-15,15
2948,57,56,1,1
2949,85,87,-2,2
2950,78,84,-6,6
2951,88,79,9,9
2952,75,84,-9,9
2953,124,109,15,15
2954,84,83,1,1
2955,112,119,-7,7
2956,98,91,7,7
2957,152,139,13,13
2958,54,61,-7,7
2959,121,117,4,4
2960,164,139,25,25
2961,58,57,1,1
2962,164,165,-1,1
2963,47,47,0,0
2964,163,156,7,7
2965,104,98,6,6
2966,66,70,-4,4
2967,111,115,-4,4
2968,60,73,-13,13
2969,45,49,-4,4
2970,98,105,-7,7
2971,129,130,-1,1
2972,94,95,-1,1
2973,100,105,-5,5
2974,88,88,0,0
2975,79,95,-16,16
2976,73,73,0,0
2977,125,111,14,14
2978,91,82,9,9
2979,102,105,-3,3
2980,137,133,4,4
2981,186,163,23,23
2982,67,78,-11,11
2983,59,70,-11,11
2984,36,28,8,8
2985,128,124,4,4
2986,80,78,2,2
2987,102,117,-15,15
2988,137,112,25,25
2989,58,54,4,4
2990,94,103,-9,9
2991,90,100,-10,10
2992,110,103,7,7
2993,101,119,-18,18
2994,78,63,15,15
2995,121,97,24,24
2996,87,86,1,1
2997,81,69,12,12
2998,70,53,17,17
2999,142,142,0,0
3000,93,104,-11,11
3001,98,82,16,16
3002,125,123,2,2
3003,65,68,-3,3
3004,126,120,6,6
3005,77,79,-2,2
3006,79,83,-4,4
3007,85,93,-8,8
3008,65,41,24,24
3009,74,80,-6,6
3010,124,124,0,0
3011,112,115,-3,3
3012,99,97,2,2
3013,73,72,1,1
3014,97,90,7,7
3015,73,82,-9,9
3016,58,53,5,5
3017,172,155,17,17
3018,91,93,-2,2
3019,67,79,-12,12
3020,100,107,-7,7
3021,110,113,-3,3
3022,58,61,-3,3
3023,96,96,0,0
3024,69,96,-27,27
3025,91,106,-15,15
3026,64,70,-6,6
3027,71,75,-4,4
3028,49,64,-15,15
3029,88,96,-8,8
3030,147,124,23,23
3031,71,74,-3,3
3032,117,102,15,15
3033,89,98,-9,9
3034,95,75,20,20
3035,78,95,-17,17
3036,82,95,-13,13
3037,72,90,-18,18
3038,137,105,32,32
3039,122,126,-4,4
3040,115,104,11,11
3041,120,123,-3,3
3042,119,121,-2,2
3043,84,93,-9,9
3044,88,70,18,18
3045,60,63,-3,3
3046,115,122,-7,7
3047,81,83,-2,2
3048,136,145,-9,9
3049,85,101,-16,16
3050,100,109,-9,9
3051,118,122,-4,4
3052,109,107,2,2
3053,61,72,-11,11
3054,105,103,2,2
3055,206,184,22,22
3056,112,114,-2,2
3057,83,88,-5,5
3058,181,188,-7,7
3059,151,129,22,22
3060,104,109,-5,5
3061,83,103,-20,20
3062,109,105,4,4
3063,62,58,4,4
3064,76,84,-8,8
3065,86,93,-7,7
3066,127,124,3,3
3067,83,88,-5,5
3068,122,117,5,5
3069,103,110,-7,7
3070,107,105,2,2
3071,94,88,6,6
3072,103,89,14,14
3073,72,65,7,7
3074,66,66,0,0
3075,70,92,-22,22
3076,54,62,-8,8
3077,57,65,-8,8
3078,165,150,15,15
3079,125,115,10,10
3080,125,130,-5,5
3081,92,95,-3,3
3082,53,51,2,2
3083,106,130,-24,24
3084,95,97,-2,2
3085,94,87,7,7
3086,72,63,9,9
3087,78,79,-1,1
3088,113,118,-5,5
3089,106,101,5,5
3090,101,100,1,1
3091,102,116,-14,14
3092,95,92,3,3
3093,69,64,5,5
3094,74,81,-7,7
3095,104,95,9,9
3096,78,74,4,4
3097,86,93,-7,7
3098,41,41,0,0
3099,86,87,-1,1
3100,80,65,15,15
3101,182,174,8,8
3102,83,89,-6,6
3103,65,70,-5,5
3104,81,80,1,1
3105,159,156,3,3
3106,103,98,5,5
3107,102,98,4,4
3108,60,57,3,3
3109,142,121,21,21
3110,62,55,7,7
3111,129,120,9,9
3112,79,93,-14,14
3113,87,87,0,0
3114,127,116,11,11
3115,56,60,-4,4
3116,94,115,-21,21
3117,90,108,-18,18
3118,62,68,-6,6
3119,60,60,0,0
3120,110,143,-33,33
3121,98,105,-7,7
3122,58,61,-3,3
3123,88,93,-5,5
3124,35,30,5,5
3125,138,134,4,4
3126,73,68,5,5
3127,99,78,21,21
3128,87,93,-6,6
3129,69,64,5,5
3130,102,95,7,7
3131,89,83,6,6
3132,106,105,1,1
3133,116,112,4,4
3134,69,79,-10,10
3135,75,78,-3,3
3136,91,89,2,2
3137,67,82,-15,15
3138,133,143,-10,10
3139,76,100,-24,24
3140,103,120,-17,17
3141,71,66,5,5
3142,135,135,0,0
3143,99,98,1,1
3144,104,108,-4,4
3145,146,125,21,21
3146,57,53,4,4
3147,108,123,-15,15
3148,82,82,0,0
3149,106,103,3,3
3150,110,115,-5,5
3151,98,95,3,3
3152,62,53,9,9
3153,102,101,1,1
3154,130,129,1,1
3155,108,109,-1,1
3156,61,70,-9,9
3157,73,92,-19,19
3158,54,54,0,0
3159,63,49,14,14
3160,140,125,15,15
3161,47,125,-78,78
3162,68,71,-3,3
3163,134,123,11,11
3164,106,111,-5,5
3165,72,63,9,9
3166,107,118,-11,11
3167,107,111,-4,4
3168,53,47,6,6
3169,112,102,10,10
3170,124,120,4,4
3171,103,108,-5,5
3172,76,86,-10,10
3173,103,105,-2,2
3174,92,55,37,37
3175,40,45,-5,5
3176,79,78,1,1
3177,83,93,-10,10
3178,77,78,-1,1
3179,75,72,3,3
3180,63,62,1,1
3181,134,133,1,1
3182,66,91,-25,25
3183,173,157,16,16
3184,100,93,7,7
3185,119,109,10,10
3186,143,141,2,2
3187,61,84,-23,23
3188,59,42,17,17
3189,91,92,-1,1
3190,61,73,-12,12
3191,127,138,-11,11
3192,164,145,19,19
3193,81,90,-9,9
3194,136,134,2,2
3195,73,81,-8,8
3196,72,74,-2,2
3197,82,80,2,2
3198,79,81,-2,2
3199,70,83,-13,13
3200,95,102,-7,7
3201,63,62,1,1
3202,67,35,32,32
3203,127,128,-1,1
3204,107,111,-4,4
3205,58,59,-1,1
3206,91,90,1,1
3207,60,70,-10,10
3208,94,107,-13,13
3209,90,85,5,5
3210,49,86,-37,37
3211,94,113,-19,19
3212,68,70,-2,2
3213,86,75,11,11
3214,107,100,7,7
3215,54,90,-36,36
3216,88,89,-1,1
3217,69,68,1,1
3218,85,75,10,10
3219,99,91,8,8
3220,116,137,-21,21
3221,113,115,-2,2
3222,42,56,-14,14
3223,36,29,7,7
3224,52,55,-3,3
3225,88,89,-1,1
3226,62,64,-2,2
3227,87,87,0,0
3228,97,102,-5,5
3229,94,110,-16,16
3230,113,108,5,5
3231,168,149,19,19
3232,107,102,5,5
3233,130,134,-4,4
3234,169,173,-4,4
3235,84,88,-4,4
3236,151,108,43,43
3237,75,82,-7,7
3238,73,71,2,2
3239,64,71,-7,7
3240,144,146,-2,2
3241,86,78,8,8
3242,91,87,4,4
3243,76,75,1,1
3244,112,114,-2,2
3245,46,87,-41,41
3246,51,0,51,51
3247,116,113,3,3
3248,106,114,-8,8
3249,63,70,-7,7
3250,115,108,7,7
3251,151,165,-14,14
3252,70,65,5,5
3253,153,157,-4,4
3254,66,61,5,5
3255,95,115,-20,20
3256,71,62,9,9
3257,75,52,23,23
3258,83,84,-1,1
3259,75,72,3,3
3260,111,94,17,17
3261,95,97,-2,2
3262,133,119,14,14
3263,56,46,10,10
3264,42,40,2,2
3265,61,59,2,2
3266,72,80,-8,8
3267,60,68,-8,8
3268,95,87,8,8
3269,115,135,-20,20
3270,101,117,-16,16
3271,65,80,-15,15
3272,100,107,-7,7
3273,69,73,-4,4
3274,81,50,31,31
3275,82,78,4,4
3276,107,102,5,5
3277,112,122,-10,10
3278,99,104,-5,5
3279,75,67,8,8
3280,161,151,10,10
3281,76,78,-2,2
3282,142,127,15,15
3283,111,98,13,13
3284,78,76,2,2
3285,137,136,1,1
3286,40,26,14,14
3287,65,67,-2,2
3288,88,98,-10,10
3289,103,93,10,10
3290,143,158,-15,15
3291,37,20,17,17
3292,65,56,9,9
3293,90,83,7,7
3294,97,97,0,0
3295,107,113,-6,6
3296,104,106,-2,2
3297,151,122,29,29
3298,98,100,-2,2
3299,91,95,-4,4
3300,90,96,-6,6
3301,79,83,-4,4
3302,62,65,-3,3
3303,83,69,14,14
3304,102,115,-13,13
3305,92,102,-10,10
3306,48,52,-4,4
3307,103,104,-1,1
3308,65,57,8,8
3309,84,82,2,2
3310,57,61,-4,4
3311,108,118,-10,10
3312,80,89,-9,9
3313,66,83,-17,17
3314,106,119,-13,13
3315,52,59,-7,7
3316,107,121,-14,14
3317,107,112,-5,5
3318,57,58,-1,1
3319,137,135,2,2
3320,69,67,2,2
3321,90,93,-3,3
3322,65,75,-10,10
3323,49,68,-19,19
3324,153,140,13,13
3325,119,112,7,7
3326,75,87,-12,12
3327,160,148,12,12
3328,140,137,3,3
3329,146,133,13,13
3330,104,102,2,2
3331,94,103,-9,9
3332,60,63,-3,3
3333,118,108,10,10
3334,71,81,-10,10
3335,66,80,-14,14
3336,183,170,13,13
3337,103,100,3,3
3338,119,114,5,5
3339,107,126,-19,19
3340,92,86,6,6
3341,89,97,-8,8
3342,116,113,3,3
3343,84,75,9,9
3344,118,125,-7,7
3345,52,55,-3,3
3346,75,89,-14,14
3347,163,159,4,4
3348,96,93,3,3
3349,104,118,-14,14
3350,135,129,6,6
3351,78,82,-4,4
3352,127,123,4,4
3353,96,92,4,4
3354,123,113,10,10
3355,119,119,0,0
3356,83,81,2,2
3357,107,111,-4,4
3358,96,88,8,8
3359,105,128,-23,23
3360,142,127,15,15
3361,67,85,-18,18
3362,67,73,-6,6
3363,126,120,6,6
3364,59,59,0,0
3365,59,66,-7,7
3366,74,77,-3,3
3367,87,79,8,8
3368,69,75,-6,6
3369,66,78,-12,12
3370,117,107,10,10
3371,186,161,25,25
3372,63,56,7,7
3373,125,124,1,1
3374,87,81,6,6
3375,97,111,-14,14
3376,96,90,6,6
3377,49,46,3,3
3378,105,109,-4,4
3379,48,54,-6,6
3380,111,107,4,4
3381,98,102,-4,4
3382,123,109,14,14
3383,74,61,13,13
3384,55,64,-9,9
3385,124,136,-12,12
3386,151,135,16,16
3387,54,54,0,0
3388,44,37,7,7
3389,78,85,-7,7
3390,141,149,-8,8
3391,85,57,28,28
3392,40,81,-41,41
3393,77,80,-3,3
3394,104,110,-6,6
3395,71,83,-12,12
3396,94,109,-15,15
3397,98,108,-10,10
3398,56,63,-7,7
3399,64,63,1,1
3400,107,108,-1,1
3401,58,60,-2,2
3402,40,42,-2,2
3403,107,96,11,11
3404,110,110,0,0
3405,124,129,-5,5
3406,100,101,-1,1
3407,88,96,-8,8
3408,131,91,40,40
3409,93,97,-4,4
3410,134,135,-1,1
3411,81,98,-17,17
3412,81,85,-4,4
3413,84,81,3,3
3414,86,89,-3,3
3415,152,144,8,8
3416,64,69,-5,5
3417,73,87,-14,14
3418,118,115,3,3
3419,73,72,1,1
3420,88,79,9,9
3421,112,126,-14,14
3422,141,152,-11,11
3423,150,147,3,3
3424,105,102,3,3
3425,163,151,12,12
3426,29,31,-2,2
3427,94,95,-1,1
3428,67,73,-6,6
3429,98,126,-28,28
3430,89,92,-3,3
3431,106,101,5,5
3432,100,104,-4,4
3433,107,103,4,4
3434,64,72,-8,8
3435,45,54,-9,9
3436,77,73,4,4
3437,144,122,22,22
3438,103,105,-2,2
3439,67,103,-36,36
3440,38,20,18,18
3441,116,112,4,4
3442,102,101,1,1
3443,119,113,6,6
3444,88,101,-13,13
3445,111,109,2,2
3446,48,45,3,3
3447,131,110,21,21
3448,86,93,-7,7
3449,76,86,-10,10
3450,80,88,-8,8
3451,99,99,0,0
3452,132,136,-4,4
3453,91,108,-17,17
3454,105,76,29,29
3455,159,160,-1,1
3456,117,125,-8,8
3457,142,149,-7,7
3458,69,70,-1,1
3459,79,17,62,62
3460,134,148,-14,14
3461,101,91,10,10
3462,94,107,-13,13
3463,97,123,-26,26
3464,112,75,37,37
3465,70,66,4,4
3466,139,119,20,20
3467,120,111,9,9
3468,93,117,-24,24
3469,70,75,-5,5
3470,77,68,9,9
3471,91,97,-6,6
3472,57,61,-4,4
3473,75,90,-15,15
3474,64,64,0,0
3475,88,105,-17,17
3476,90,99,-9,9
3477,82,85,-3,3
3478,54,60,-6,6
3479,101,98,3,3
3480,102,114,-12,12
3481,92,98,-6,6
3482,77,87,-10,10
3483,76,88,-12,12
3484,109,39,70,70
3485,48,60,-12,12
3486,86,94,-8,8
3487,91,91,0,0
3488,60,57,3,3
3489,117,121,-4,4
3490,121,105,16,16
3491,129,140,-11,11
3492,90,104,-14,14
3493,106,76,30,30
3494,80,57,23,23
3495,129,99,30,30
3496,65,82,-17,17
3497,48,49,-1,1
3498,104,91,13,13
3499,72,76,-4,4
3500,69,80,-11,11
3501,115,127,-12,12
3502,147,169,-22,22
3503,83,74,9,9
3504,96,99,-3,3
3505,83,94,-11,11
3506,106,110,-4,4
3507,83,95,-12,12
3508,94,82,12,12
3509,101,85,16,16
3510,112,126,-14,14
3511,56,75,-19,19
3512,106,110,-4,4
3513,93,78,15,15
3514,83,95,-12,12
3515,60,72,-12,12
3516,116,116,0,0
3517,127,113,14,14
3518,65,78,-13,13
3519,134,144,-10,10
3520,45,51,-6,6
3521,74,89,-15,15
3522,107,112,-5,5
3523,97,107,-10,10
3524,145,152,-7,7
3525,101,106,-5,5
3526,104,84,20,20
3527,90,102,-12,12
3528,98,101,-3,3
3529,107,119,-12,12
3530,66,68,-2,2
3531,76,91,-15,15
3532,39,20,19,19
3533,89,97,-8,8
3534,47,44,3,3
3535,68,88,-20,20
3536,47,54,-7,7
3537,194,148,46,46
3538,107,118,-11,11
3539,155,133,22,22
3540,163,146,17,17
3541,93,120,-27,27
3542,124,119,5,5
3543,28,25,3,3
3544,101,114,-13,13
3545,70,73,-3,3
3546,61,81,-20,20
3547,92,85,7,7
3548,78,101,-23,23
3549,51,54,-3,3
3550,99,107,-8,8
3551,95,97,-2,2
3552,137,111,26,26
3553,90,93,-3,3
3554,84,94,-10,10
3555,72,90,-18,18
3556,83,88,-5,5
3557,94,104,-10,10
3558,86,93,-7,7
3559,86,74,12,12
3560,87,85,2,2
3561,104,113,-9,9
3562,58,67,-9,9
3563,50,45,5,5
3564,44,42,2,2
3565,83,89,-6,6
3566,97,117,-20,20
3567,146,146,0,0
3568,147,132,15,15
3569,107,109,-2,2
3570,117,107,10,10
3571,152,145,7,7
3572,130,119,11,11
3573,157,144,13,13
3574,268,212,56,56
3575,90,89,1,1
3576,101,103,-2,2
3577,73,67,6,6
3578,120,120,0,0
3579,86,88,-2,2
3580,144,121,23,23
3581,97,94,3,3
3582,93,65,28,28
3583,49,45,4,4
3584,97,100,-3,3
3585,99,94,5,5
3586,63,73,-10,10
3587,135,130,5,5
3588,66,77,-11,11
3589,71,69,2,2
3590,74,78,-4,4
3591,160,145,15,15
3592,52,54,-2,2
3593,84,82,2,2
3594,127,146,-19,19
3595,82,71,11,11
3596,80,98,-18,18
3597,108,113,-5,5
3598,104,124,-20,20
3599,106,103,3,3
3600,154,137,17,17
3601,54,43,11,11
3602,91,106,-15,15
3603,115,137,-22,22
3604,98,100,-2,2
3605,117,119,-2,2
3606,46,51,-5,5
3607,93,104,-11,11
3608,50,41,9,9
3609,110,139,-29,29
3610,101,102,-1,1
3611,121,72,49,49
3612,129,111,18,18
3613,123,114,9,9
3614,55,109,-54,54
3615,97,95,2,2
3616,102,99,3,3
3617,127,139,-12,12
3618,66,30,36,36
3619,75,71,4,4
3620,125,135,-10,10
3621,75,78,-3,3
3622,137,147,-10,10
3623,76,80,-4,4
3624,80,70,10,10
3625,93,88,5,5
3626,213,230,-17,17
3627,73,74,-1,1
3628,99,106,-7,7
3629,152,128,24,24
3630,110,119,-9,9
3631,53,64,-11,11
3632,83,101,-18,18
3633,94,103,-9,9
3634,60,60,0,0
3635,150,133,17,17
3636,146,136,10,10
3637,156,162,-6,6
3638,99,91,8,8
3639,66,56,10,10
3640,85,78,7,7
3641,68,85,-17,17
3642,174,151,23,23
3643,112,108,4,4
3644,102,102,0,0
3645,96,114,-18,18
3646,123,122,1,1
3647,62,88,-26,26
3648,42,40,2,2
3649,84,83,1,1
3650,99,120,-21,21
3651,96,105,-9,9
3652,94,85,9,9
3653,88,82,6,6
3654,113,109,4,4
3655,136,133,3,3
3656,51,61,-10,10
3657,82,95,-13,13
3658,103,91,12,12
3659,109,111,-2,2
3660,39,34,5,5
3661,66,59,7,7
3662,68,60,8,8
3663,97,90,7,7
3664,85,86,-1,1
3665,123,122,1,1
3666,134,122,12,12
3667,171,158,13,13
3668,88,102,-14,14
3669,83,92,-9,9
3670,52,55,-3,3
3671,90,84,6,6
3672,75,77,-2,2
3673,80,99,-19,19
3674,85,80,5,5
3675,113,130,-17,17
3676,85,71,14,14
3677,124,128,-4,4
3678,126,124,2,2
3679,136,122,14,14
3680,111,121,-10,10
3681,122,116,6,6
3682,84,84,0,0
3683,53,75,-22,22
3684,83,76,7,7
3685,132,131,1,1
3686,133,134,-1,1
3687,96,84,12,12
3688,53,48,5,5
3689,87,105,-18,18
3690,63,68,-5,5
3691,92,94,-2,2
3692,73,82,-9,9
3693,142,134,8,8
3694,93,92,1,1
3695,69,76,-7,7
3696,59,53,6,6
3697,120,125,-5,5
3698,52,34,18,18
3699,50,41,9,9
3700,80,91,-11,11
3701,68,66,2,2
3702,73,74,-1,1
3703,245,190,55,55
3704,147,133,14,14
3705,75,81,-6,6
3706,59,59,0,0
3707,84,69,15,15
3708,92,98,-6,6
3709,146,142,4,4
3710,183,150,33,33
3711,64,79,-15,15
3712,101,111,-10,10
3713,102,99,3,3
3714,117,118,-1,1
3715,178,144,34,34
3716,143,112,31,31
3717,68,79,-11,11
3718,90,85,5,5
3719,48,47,1,1
3720,74,65,9,9
3721,63,59,4,4
3722,74,89,-15,15
3723,83,95,-12,12
3724,89,100,-11,11
3725,112,110,2,2
3726,89,104,-15,15
3727,71,74,-3,3
3728,72,80,-8,8
3729,66,64,2,2
3730,173,168,5,5
3731,139,128,11,11
3732,94,104,-10,10
3733,48,48,0,0
3734,102,98,4,4
3735,69,77,-8,8
3736,67,62,5,5
3737,91,89,2,2
3738,109,117,-8,8
3739,39,60,-21,21
3740,146,140,6,6
3741,103,118,-15,15
3742,149,144,5,5
3743,78,63,15,15
3744,78,80,-2,2
3745,76,80,-4,4
3746,81,84,-3,3
3747,155,161,-6,6
3748,76,77,-1,1
3749,113,113,0,0
3750,87,94,-7,7
3751,81,72,9,9
3752,82,103,-21,21
3753,107,113,-6,6
3754,148,142,6,6
3755,57,60,-3,3
3756,73,79,-6,6
3757,112,108,4,4
3758,48,46,2,2
3759,77,85,-8,8
3760,142,133,9,9
3761,142,130,12,12
3762,122,136,-14,14
3763,67,67,0,0
3764,132,100,32,32
3765,134,155,-21,21
3766,96,76,20,20
3767,70,84,-14,14
3768,84,70,14,14
3769,108,100,8,8
3770,159,157,2,2
3771,114,112,2,2
3772,71,78,-7,7
3773,88,94,-6,6
3774,95,94,1,1
3775,36,20,16,16
3776,99,102,-3,3
3777,54,80,-26,26
3778,148,122,26,26
3779,75,91,-16,16
3780,64,91,-27,27
3781,170,153,17,17
3782,176,169,7,7
3783,143,131,12,12
3784,108,79,29,29
3785,94,127,-33,33
3786,102,133,-31,31
3787,92,103,-11,11
3788,132,141,-9,9
3789,84,82,2,2
3790,152,149,3,3
3791,94,77,17,17
3792,103,123,-20,20
3793,122,129,-7,7
3794,79,92,-13,13
3795,81,76,5,5
3796,81,80,1,1
3797,65,65,0,0
3798,90,90,0,0
3799,85,90,-5,5
3800,74,65,9,9
3801,110,108,2,2
3802,62,82,-20,20
3803,132,129,3,3
3804,94,87,7,7
3805,77,81,-4,4
3806,69,87,-18,18
3807,90,70,20,20
3808,58,62,-4,4
3809,101,115,-14,14
3810,72,85,-13,13
3811,49,62,-13,13
3812,120,124,-4,4
3813,60,81,-21,21
3814,140,150,-10,10
3815,53,46,7,7
3816,66,76,-10,10
3817,60,66,-6,6
3818,103,99,4,4
3819,92,101,-9,9
3820,158,142,16,16
3821,71,48,23,23
3822,73,77,-4,4
3823,66,80,-14,14
3824,149,137,12,12
3825,146,151,-5,5
3826,68,61,7,7
3827,108,107,1,1
3828,54,62,-8,8
3829,70,68,2,2
3830,98,105,-7,7
3831,112,116,-4,4
3832,64,71,-7,7
3833,96,112,-16,16
3834,124,136,-12,12
3835,73,86,-13,13
3836,75,91,-16,16
3837,97,101,-4,4
3838,100,106,-6,6
3839,153,177,-24,24
3840,145,140,5,5
3841,98,87,11,11
3842,114,96,18,18
3843,111,101,10,10
3844,68,76,-8,8
3845,60,69,-9,9
3846,87,110,-23,23
3847,74,64,10,10
3848,54,77,-23,23
3849,77,83,-6,6
3850,63,60,3,3
3851,120,125,-5,5
3852,107,97,10,10
3853,75,97,-22,22
3854,96,105,-9,9
3855,50,39,11,11
3856,152,135,17,17
3857,133,124,9,9
3858,140,162,-22,22
3859,63,81,-18,18
3860,82,79,3,3
3861,101,100,1,1
3862,78,70,8,8
3863,101,96,5,5
3864,74,80,-6,6
3865,104,111,-7,7
3866,97,94,3,3
3867,55,79,-24,24
3868,166,163,3,3
3869,110,68,42,42
3870,76,103,-27,27
3871,81,74,7,7
3872,128,128,0,0
3873,108,102,6,6
3874,68,61,7,7
3875,86,90,-4,4
3876,79,82,-3,3
3877,65,61,4,4
3878,148,147,1,1
3879,165,145,20,20
3880,96,100,-4,4
3881,61,65,-4,4
3882,86,78,8,8
3883,65,54,11,11
3884,124,97,27,27
3885,94,111,-17,17
3886,55,48,7,7
3887,71,76,-5,5
3888,132,128,4,4
3889,55,65,-10,10
3890,97,115,-18,18
3891,96,104,-8,8
3892,101,95,6,6
3893,100,95,5,5
3894,78,80,-2,2
3895,132,146,-14,14
3896,73,72,1,1
3897,93,87,6,6
3898,51,58,-7,7
3899,136,142,-6,6
3900,80,77,3,3
3901,159,175,-16,16
3902,151,143,8,8
3903,64,69,-5,5
3904,75,80,-5,5
3905,151,135,16,16
3906,72,84,-12,12
3907,113,92,21,21
3908,88,98,-10,10
3909,93,94,-1,1
3910,62,63,-1,1
3911,59,73,-14,14
3912,104,106,-2,2
3913,133,125,8,8
3914,66,82,-16,16
3915,90,97,-7,7
3916,98,98,0,0
3917,181,140,41,41
3918,68,54,14,14
3919,81,87,-6,6
3920,148,145,3,3
3921,92,66,26,26
3922,109,111,-2,2
3923,176,170,6,6
3924,236,205,31,31
3925,112,109,3,3
3926,74,89,-15,15
3927,82,83,-1,1
3928,78,74,4,4
3929,83,89,-6,6
3930,89,92,-3,3
3931,95,92,3,3
3932,177,166,11,11
3933,53,56,-3,3
3934,94,107,-13,13
3935,104,107,-3,3
3936,63,85,-22,22
3937,94,100,-6,6
3938,95,80,15,15
3939,122,99,23,23
3940,135,124,11,11
3941,170,143,27,27
3942,104,117,-13,13
3943,153,113,40,40
3944,70,116,-46,46
3945,124,95,29,29
3946,81,82,-1,1
3947,143,140,3,3
3948,86,97,-11,11
3949,87,83,4,4
3950,92,103,-11,11
3951,111,113,-2,2
3952,73,92,-19,19
3953,83,84,-1,1
3954,117,108,9,9
3955,92,91,1,1
3956,70,91,-21,21
3957,107,110,-3,3
3958,62,78,-16,16
3959,96,94,2,2
3960,93,84,9,9
3961,50,55,-5,5
3962,61,73,-12,12
3963,118,129,-11,11
3964,117,118,-1,1
3965,116,109,7,7
3966,183,183,0,0
3967,56,75,-19,19
3968,67,62,5,5
3969,81,78,3,3
3970,117,114,3,3
3971,98,101,-3,3
3972,63,71,-8,8
3973,62,43,19,19
3974,84,92,-8,8
3975,156,158,-2,2
3976,105,81,24,24
3977,89,86,3,3
3978,132,123,9,9
3979,106,110,-4,4
3980,111,123,-12,12
3981,150,120,30,30
3982,95,99,-4,4
3983,20,28,-8,8
3984,99,105,-6,6
3985,103,127,-24,24
3986,73,105,-32,32
3987,83,29,54,54
3988,69,98,-29,29
3989,130,136,-6,6
3990,106,105,1,1
3991,104,112,-8,8
3992,125,126,-1,1
3993,121,105,16,16
3994,190,184,6,6
3995,116,122,-6,6
3996,87,105,-18,18
3997,71,66,5,5
3998,71,89,-18,18
3999,146,150,-4,4
4000,97,97,0,0
4001,98,94,4,4
4002,127,123,4,4
4003,74,75,-1,1
4004,47,88,-41,41
4005,92,89,3,3
4006,82,81,1,1
4007,118,115,3,3
4008,137,119,18,18
4009,101,102,-1,1
4010,51,43,8,8
4011,88,95,-7,7
4012,177,148,29,29
4013,82,80,2,2
4014,90,114,-24,24
4015,99,92,7,7
4016,83,102,-19,19
4017,104,105,-1,1
4018,83,83,0,0
4019,57,13,44,44
4020,155,133,22,22
4021,107,98,9,9
4022,72,83,-11,11
4023,72,82,-10,10
4024,102,97,5,5
4025,90,94,-4,4
4026,111,100,11,11
4027,123,121,2,2
4028,46,42,4,4
4029,81,90,-9,9
4030,95,78,17,17
4031,125,116,9,9
4032,105,109,-4,4
4033,74,73,1,1
4034,166,135,31,31
4035,96,95,1,1
4036,70,95,-25,25
4037,56,116,-60,60
4038,66,67,-1,1
4039,85,94,-9,9
4040,46,37,9,9
4041,47,102,-55,55
4042,68,62,6,6
4043,130,129,1,1
4044,141,143,-2,2
4045,95,94,1,1
4046,111,104,7,7
4047,50,50,0,0
4048,111,114,-3,3
4049,100,112,-12,12
4050,72,74,-2,2
4051,80,79,1,1
4052,120,108,12,12
4053,180,166,14,14
4054,39,38,1,1
4055,103,116,-13,13
4056,95,101,-6,6
4057,146,156,-10,10
4058,110,104,6,6
4059,48,16,32,32
4060,83,93,-10,10
4061,66,91,-25,25
4062,86,72,14,14
4063,79,74,5,5
4064,113,117,-4,4
4065,114,113,1,1
4066,86,77,9,9
4067,165,149,16,16
4068,69,64,5,5
4069,124,119,5,5
4070,103,124,-21,21
4071,76,67,9,9
4072,118,126,-8,8
4073,157,151,6,6
4074,107,102,5,5
4075,170,152,18,18
4076,58,72,-14,14
4077,59,56,3,3
4078,124,116,8,8
4079,142,130,12,12
4080,105,119,-14,14
4081,116,117,-1,1
4082,140,137,3,3
4083,92,101,-9,9
4084,130,136,-6,6
4085,113,109,4,4
4086,129,140,-11,11
4087,73,98,-25,25
4088,100,101,-1,1
4089,87,112,-25,25
4090,75,69,6,6
4091,87,86,1,1
4092,113,97,16,16
4093,64,76,-12,12
4094,83,86,-3,3
4095,75,78,-3,3
4096,124,130,-6,6
4097,87,97,-10,10
4098,63,62,1,1
4099,78,76,2,2
4100,86,92,-6,6
4101,104,127,-23,23
4102,95,87,8,8
4103,119,129,-10,10
4104,99,108,-9,9
4105,54,52,2,2
4106,73,73,0,0
4107,71,57,14,14
4108,83,85,-2,2
4109,182,150,32,32
4110,74,88,-14,14
4111,133,136,-3,3
4112,80,88,-8,8
4113,98,102,-4,4
4114,98,104,-6,6
4115,96,95,1,1
4116,84,77,7,7
4117,199,212,-13,13
4118,153,132,21,21
4119,121,135,-14,14
4120,104,114,-10,10
4121,79,92,-13,13
4122,109,109,0,0
4123,74,72,2,2
4124,48,54,-6,6
4125,127,138,-11,11
4126,77,74,3,3
4127,57,69,-12,12
4128,88,90,-2,2
4129,76,74,2,2
4130,120,114,6,6
4131,86,103,-17,17
4132,62,69,-7,7
4133,60,61,-1,1
4134,83,80,3,3
4135,90,97,-7,7
4136,69,69,0,0
4137,65,82,-17,17
4138,97,120,-23,23
4139,107,103,4,4
4140,131,137,-6,6
4141,118,114,4,4
4142,107,123,-16,16
4143,72,95,-23,23
4144,153,153,0,0
4145,83,81,2,2
4146,55,55,0,0
4147,106,111,-5,5
4148,97,100,-3,3
4149,176,159,17,17
4150,139,120,19,19
4151,84,102,-18,18
4152,112,105,7,7
4153,58,73,-15,15
4154,119,120,-1,1
4155,75,80,-5,5
4156,155,166,-11,11
4157,71,65,6,6
4158,150,137,13,13
4159,94,95,-1,1
4160,54,75,-21,21
4161,70,84,-14,14
4162,125,116,9,9
4163,36,22,14,14
4164,78,84,-6,6
4165,96,90,6,6
4166,100,94,6,6
4167,106,108,-2,2
4168,129,121,8,8
4169,39,43,-4,4
4170,44,47,-3,3
4171,97,88,9,9
4172,80,80,0,0
4173,52,56,-4,4
4174,102,96,6,6
4175,101,95,6,6
4176,90,115,-25,25
4177,151,131,20,20
4178,82,99,-17,17
4179,117,112,5,5
4180,63,92,-29,29
4181,135,143,-8,8
4182,71,67,4,4
4183,96,112,-16,16
4184,123,128,-5,5
4185,75,77,-2,2
4186,60,57,3,3
4187,103,105,-2,2
4188,59,55,4,4
4189,116,121,-5,5
4190,92,91,1,1
4191,76,105,-29,29
4192,53,46,7,7
4193,107,112,-5,5
4194,70,75,-5,5
4195,101,96,5,5
4196,88,87,1,1
4197,84,77,7,7
4198,26,57,-31,31
4199,107,121,-14,14
4200,121,124,-3,3
4201,66,78,-12,12
4202,75,89,-14,14
4203,140,148,-8,8
4204,87,91,-4,4
4205,57,47,10,10
4206,100,110,-10,10
4207,183,170,13,13
4208,131,122,9,9
4209,98,126,-28,28
4210,70,71,-1,1
4211,80,86,-6,6
4212,112,125,-13,13
4213,164,157,7,7
4214,112,105,7,7
4215,49,42,7,7
4216,69,80,-11,11
4217,64,78,-14,14
4218,78,92,-14,14
4219,116,125,-9,9
4220,113,100,13,13
4221,123,125,-2,2
4222,101,109,-8,8
4223,100,111,-11,11
4224,84,68,16,16
4225,114,116,-2,2
4226,109,119,-10,10
4227,52,45,7,7
4228,115,114,1,1
4229,106,108,-2,2
4230,93,95,-2,2
4231,69,67,2,2
4232,149,119,30,30
4233,87,90,-3,3
4234,103,96,7,7
4235,106,112,-6,6
4236,76,94,-18,18
4237,124,139,-15,15
4238,115,119,-4,4
4239,82,81,1,1
4240,152,147,5,5
4241,138,126,12,12
4242,196,171,25,25
4243,133,120,13,13
4244,146,140,6,6
4245,105,112,-7,7
4246,92,105,-13,13
4247,71,69,2,2
4248,97,101,-4,4
4249,70,74,-4,4
4250,107,118,-11,11
4251,80,86,-6,6
4252,63,103,-40,40
4253,75,71,4,4
4254,75,85,-10,10
4255,75,80,-5,5
4256,104,84,20,20
4257,152,148,4,4
4258,71,71,0,0
4259,107,99,8,8
4260,161,153,8,8
4261,71,79,-8,8
4262,91,88,3,3
4263,98,97,1,1
4264,108,95,13,13
4265,78,74,4,4
4266,116,122,-6,6
4267,108,100,8,8
4268,81,80,1,1
4269,65,76,-11,11
4270,111,115,-4,4
4271,70,83,-13,13
4272,55,57,-2,2
4273,102,101,1,1
4274,102,106,-4,4
4275,56,62,-6,6
4276,100,89,11,11
4277,47,38,9,9
4278,145,139,6,6
4279,108,107,1,1
4280,143,134,9,9
4281,123,102,21,21
4282,172,166,6,6
4283,60,74,-14,14
4284,105,113,-8,8
4285,46,88,-42,42
4286,80,68,12,12
4287,114,124,-10,10
4288,189,185,4,4
4289,82,72,10,10
4290,126,124,2,2
4291,157,140,17,17
4292,147,168,-21,21
4293,27,56,-29,29
4294,79,70,9,9
4295,75,88,-13,13
4296,65,65,0,0
4297,68,76,-8,8
4298,126,118,8,8
4299,133,122,11,11
4300,101,107,-6,6
4301,80,63,17,17
4302,103,93,10,10
4303,95,93,2,2
4304,103,113,-10,10
4305,113,117,-4,4
4306,42,35,7,7
4307,85,81,4,4
4308,82,87,-5,5
4309,104,107,-3,3
4310,85,71,14,14
4311,107,113,-6,6
4312,78,61,17,17
4313,66,71,-5,5
4314,108,121,-13,13
4315,90,92,-2,2
4316,88,94,-6,6
4317,59,65,-6,6
4318,79,76,3,3
4319,69,45,24,24
4320,135,135,0,0
4321,96,111,-15,15
4322,148,145,3,3
4323,31,37,-6,6
4324,65,110,-45,45
4325,86,98,-12,12
4326,47,39,8,8
4327,83,69,14,14
4328,170,169,1,1
4329,63,55,8,8
4330,110,112,-2,2
4331,182,131,51,51
4332,141,141,0,0
4333,94,96,-2,2
4334,81,83,-2,2
4335,87,97,-10,10
4336,131,135,-4,4
4337,117,93,24,24
4338,64,72,-8,8
4339,150,168,-18,18
4340,93,90,3,3
4341,88,100,-12,12
4342,90,101,-11,11
4343,86,78,8,8
4344,96,125,-29,29
4345,173,145,28,28
4346,104,101,3,3
4347,44,60,-16,16
4348,81,88,-7,7
4349,71,53,18,18
4350,77,74,3,3
4351,82,73,9,9
4352,196,191,5,5
4353,126,119,7,7
4354,100,107,-7,7
4355,159,155,4,4
4356,61,90,-29,29
4357,54,74,-20,20
4358,73,76,-3,3
4359,73,84,-11,11
4360,88,77,11,11
4361,136,131,5,5
4362,94,94,0,0
4363,164,162,2,2
4364,100,115,-15,15
4365,126,123,3,3
4366,50,40,10,10
4367,79,80,-1,1
4368,94,108,-14,14
4369,110,114,-4,4
4370,144,148,-4,4
4371,62,61,1,1
4372,92,98,-6,6
4373,59,67,-8,8
4374,279,190,89,89
4375,149,151,-2,2
4376,61,70,-9,9
4377,72,79,-7,7
4378,64,67,-3,3
4379,142,151,-9,9
4380,56,49,7,7
4381,140,139,1,1
4382,221,170,51,51
4383,111,91,20,20
4384,93,86,7,7
4385,110,113,-3,3
4386,83,72,11,11
4387,65,80,-15,15
4388,154,160,-6,6
4389,92,87,5,5
4390,144,138,6,6
4391,102,109,-7,7
4392,131,130,1,1
4393,98,91,7,7
4394,104,101,3,3
4395,95,97,-2,2
4396,108,110,-2,2
4397,89,92,-3,3
4398,139,148,-9,9
4399,116,95,21,21
4400,58,77,-19,19
4401,140,149,-9,9
4402,89,99,-10,10
4403,103,102,1,1
4404,67,107,-40,40
4405,62,68,-6,6
4406,162,168,-6,6
4407,77,77,0,0
4408,99,94,5,5
4409,92,84,8,8
4410,105,93,12,12
4411,99,90,9,9
4412,82,79,3,3
4413,139,127,12,12
4414,99,107,-8,8
4415,82,88,-6,6
4416,95,92,3,3
4417,101,98,3,3
4418,85,96,-11,11
4419,102,99,3,3
4420,133,139,-6,6
4421,76,83,-7,7
4422,126,121,5,5
4423,101,110,-9,9
4424,119,106,13,13
4425,152,159,-7,7
4426,136,118,18,18
4427,87,82,5,5
4428,116,95,21,21
4429,60,67,-7,7
4430,96,90,6,6
4431,76,79,-3,3
4432,128,127,1,1
4433,85,95,-10,10
4434,84,85,-1,1
4435,153,131,22,22
4436,72,61,11,11
4437,73,74,-1,1
4438,108,96,12,12
4439,73,76,-3,3
4440,94,86,8,8
4441,86,78,8,8
4442,89,85,4,4
4443,56,51,5,5
4444,195,177,18,18
4445,70,64,6,6
4446,64,64,0,0
4447,96,94,2,2
4448,103,119,-16,16
4449,131,130,1,1
4450,93,82,11,11
4451,122,124,-2,2
4452,54,63,-9,9
4453,67,82,-15,15
4454,66,62,4,4
4455,110,119,-9,9
4456,108,107,1,1
4457,119,138,-19,19
4458,80,78,2,2
4459,60,72,-12,12
4460,88,82,6,6
4461,123,103,20,20
4462,59,66,-7,7
4463,103,86,17,17
4464,93,90,3,3
4465,90,92,-2,2
4466,157,154,3,3
4467,94,93,1,1
4468,79,29,50,50
4469,131,118,13,13
4470,50,86,-36,36
4471,111,127,-16,16
4472,106,112,-6,6
4473,104,107,-3,3
4474,94,95,-1,1
4475,71,71,0,0
4476,168,151,17,17
4477,102,118,-16,16
4478,58,58,0,0
4479,49,45,4,4
4480,96,111,-15,15
4481,74,104,-30,30
4482,135,136,-1,1
4483,171,163,8,8
4484,70,89,-19,19
4485,118,129,-11,11
4486,90,79,11,11
4487,101,123,-22,22
4488,97,94,3,3
4489,107,114,-7,7
4490,87,92,-5,5
4491,43,40,3,3
4492,79,81,-2,2
4493,106,107,-1,1
4494,39,32,7,7
4495,178,165,13,13
4496,74,90,-16,16
4497,36,35,1,1
4498,68,73,-5,5
4499,114,74,40,40
4500,80,91,-11,11
4501,109,105,4,4
4502,128,126,2,2
4503,87,93,-6,6
4504,110,58,52,52
4505,100,115,-15,15
4506,128,139,-11,11
4507,136,131,5,5
4508,129,131,-2,2
4509,122,112,10,10
4510,102,101,1,1
4511,109,118,-9,9
4512,58,64,-6,6
4513,122,114,8,8
4514,90,80,10,10
4515,57,52,5,5
4516,107,110,-3,3
4517,168,171,-3,3
4518,98,106,-8,8
4519,120,112,8,8
4520,74,78,-4,4
4521,88,91,-3,3
4522,96,83,13,13
4523,64,70,-6,6
4524,55,57,-2,2
4525,94,98,-4,4
4526,148,135,13,13
4527,92,102,-10,10
4528,95,114,-19,19
4529,110,109,1,1
4530,83,63,20,20
4531,139,135,4,4
4532,108,106,2,2
4533,78,73,5,5
4534,78,84,-6,6
4535,98,98,0,0
4536,104,101,3,3
4537,68,75,-7,7
4538,103,107,-4,4
4539,66,63,3,3
4540,100,103,-3,3
4541,123,120,3,3
4542,74,64,10,10
4543,136,125,11,11
4544,47,43,4,4
4545,92,95,-3,3
4546,122,123,-1,1
4547,125,129,-4,4
4548,122,107,15,15
4549,61,63,-2,2
4550,82,99,-17,17
4551,112,111,1,1
4552,48,0,48,48
4553,146,154,-8,8
4554,67,71,-4,4
4555,115,118,-3,3
4556,165,172,-7,7
4557,87,94,-7,7
4558,40,32,8,8
4559,55,58,-3,3
4560,127,125,2,2
4561,70,65,5,5
4562,99,104,-5,5
4563,45,48,-3,3
4564,95,100,-5,5
4565,80,93,-13,13
4566,47,45,2,2
4567,99,124,-25,25
4568,118,121,-3,3
4569,104,108,-4,4
4570,75,84,-9,9
4571,90,96,-6,6
4572,82,78,4,4
4573,163,118,45,45
4574,93,75,18,18
4575,166,180,-14,14
4576,69,62,7,7
4577,122,120,2,2
4578,148,152,-4,4
4579,56,73,-17,17
4580,66,59,7,7
4581,83,103,-20,20
4582,63,56,7,7
4583,108,103,5,5
4584,123,104,19,19
4585,161,156,5,5
4586,83,111,-28,28
4587,49,51,-2,2
4588,78,85,-7,7
4589,101,105,-4,4
4590,38,39,-1,1
4591,98,95,3,3
4592,174,151,23,23
4593,75,102,-27,27
4594,56,58,-2,2
4595,138,125,13,13
4596,38,24,14,14
4597,51,53,-2,2
4598,69,70,-1,1
4599,98,108,-10,10
4600,87,90,-3,3
4601,88,88,0,0
4602,156,166,-10,10
4603,140,137,3,3
4604,92,92,0,0
4605,49,50,-1,1
4606,82,96,-14,14
4607,217,242,-25,25
4608,99,111,-12,12
4609,110,102,8,8
4610,79,81,-2,2
4611,69,68,1,1
4612,87,72,15,15
4613,84,80,4,4
4614,77,70,7,7
4615,78,77,1,1
4616,100,109,-9,9
4617,112,120,-8,8
4618,130,125,5,5
4619,137,91,46,46
4620,125,117,8,8
4621,86,91,-5,5
4622,152,141,11,11
4623,96,66,30,30
4624,111,102,9,9
4625,99,106,-7,7
4626,56,59,-3,3
4627,211,187,24,24
4628,109,123,-14,14
4629,137,124,13,13
4630,74,83,-9,9
4631,120,130,-10,10
4632,81,90,-9,9
4633,71,70,1,1
4634,88,94,-6,6
4635,111,108,3,3
4636,197,174,23,23
4637,85,84,1,1
4638,112,114,-2,2
4639,44,94,-50,50
4640,86,97,-11,11
4641,72,75,-3,3
4642,59,62,-3,3
4643,82,97,-15,15
4644,69,70,-1,1
4645,91,87,4,4
4646,142,135,7,7
4647,84,78,6,6
4648,81,86,-5,5
4649,101,106,-5,5
4650,190,152,38,38
4651,107,100,7,7
4652,119,132,-13,13
4653,77,74,3,3
4654,152,137,15,15
4655,64,51,13,13
4656,77,77,0,0
4657,51,50,1,1
4658,77,88,-11,11
4659,84,29,55,55
4660,60,50,10,10
4661,107,113,-6,6
4662,87,93,-6,6
4663,116,136,-20,20
4664,160,146,14,14
4665,116,130,-14,14
4666,84,74,10,10
4667,113,112,1,1
4668,105,120,-15,15
4669,55,47,8,8
4670,91,92,-1,1
4671,113,95,18,18
4672,62,66,-4,4
4673,75,76,-1,1
4674,45,40,5,5
4675,177,163,14,14
4676,131,140,-9,9
4677,112,115,-3,3
4678,127,133,-6,6
4679,146,122,24,24
4680,138,139,-1,1
4681,93,92,1,1
4682,65,76,-11,11
4683,168,157,11,11
4684,112,126,-14,14
4685,149,144,5,5
4686,140,140,0,0
4687,94,101,-7,7
4688,141,132,9,9
4689,75,67,8,8
4690,134,138,-4,4
4691,95,85,10,10
4692,119,108,11,11
4693,95,113,-18,18
4694,65,70,-5,5
4695,95,104,-9,9
4696,97,106,-9,9
4697,132,136,-4,4
4698,87,97,-10,10
4699,124,92,32,32
4700,115,117,-2,2
4701,45,51,-6,6
4702,110,97,13,13
4703,57,56,1,1
4704,126,106,20,20
4705,50,40,10,10
4706,132,130,2,2
4707,71,44,27,27
4708,88,78,10,10
4709,91,102,-11,11
4710,79,85,-6,6
4711,47,25,22,22
4712,103,112,-9,9
4713,38,27,11,11
4714,68,71,-3,3
4715,130,130,0,0
4716,157,144,13,13
4717,99,96,3,3
4718,62,55,7,7
4719,79,86,-7,7
4720,74,85,-11,11
4721,154,141,13,13
4722,36,60,-24,24
4723,81,88,-7,7
4724,69,72,-3,3
4725,39,36,3,3
4726,106,101,5,5
4727,141,107,34,34
4728,71,71,0,0
4729,108,103,5,5
4730,142,141,1,1
4731,43,50,-7,7
4732,109,114,-5,5
4733,72,79,-7,7
4734,110,96,14,14
4735,84,92,-8,8
4736,88,88,0,0
4737,156,145,11,11
4738,106,110,-4,4
4739,160,147,13,13
4740,105,105,0,0
4741,231,218,13,13
4742,111,109,2,2
4743,53,54,-1,1
4744,124,140,-16,16
4745,105,105,0,0
4746,144,140,4,4
4747,83,101,-18,18
4748,81,88,-7,7
4749,96,86,10,10
4750,143,149,-6,6
4751,118,108,10,10
4752,77,87,-10,10
4753,116,119,-3,3
4754,116,111,5,5
4755,76,77,-1,1
4756,73,76,-3,3
4757,92,89,3,3
4758,89,98,-9,9
4759,58,50,8,8
4760,70,74,-4,4
4761,134,137,-3,3
4762,73,90,-17,17
4763,139,140,-1,1
4764,59,60,-1,1
4765,59,65,-6,6
4766,72,70,2,2
4767,81,103,-22,22
4768,96,81,15,15
4769,190,168,22,22
4770,131,132,-1,1
4771,188,174,14,14
4772,141,144,-3,3
4773,103,120,-17,17
4774,65,77,-12,12
4775,86,86,0,0
4776,64,96,-32,32
4777,115,125,-10,10
4778,58,81,-23,23
4779,150,141,9,9
4780,70,78,-8,8
4781,91,83,8,8
4782,104,111,-7,7
4783,78,73,5,5
4784,57,66,-9,9
4785,117,107,10,10
4786,82,94,-12,12
4787,50,67,-17,17
4788,76,81,-5,5
4789,64,67,-3,3
4790,140,119,21,21
4791,88,94,-6,6
4792,41,38,3,3
4793,56,65,-9,9
4794,161,165,-4,4
4795,107,70,37,37
4796,94,91,3,3
4797,71,71,0,0
4798,163,144,19,19
4799,99,94,5,5
4800,30,17,13,13
4801,99,86,13,13
4802,161,132,29,29
4803,82,78,4,4
4804,92,86,6,6
4805,152,137,15,15
4806,131,98,33,33
4807,99,100,-1,1
4808,50,61,-11,11
4809,80,88,-8,8
4810,99,98,1,1
4811,69,69,0,0
4812,67,79,-12,12
4813,143,114,29,29
4814,68,81,-13,13
4815,65,70,-5,5
4816,94,92,2,2
4817,55,54,1,1
4818,94,88,6,6
4819,45,45,0,0
4820,140,138,2,2
4821,65,50,15,15
4822,62,69,-7,7
4823,94,96,-2,2
4824,129,122,7,7
4825,123,124,-1,1
4826,80,102,-22,22
4827,86,58,28,28
4828,112,125,-13,13
4829,89,91,-2,2
4830,72,78,-6,6
4831,65,80,-15,15
4832,90,97,-7,7
4833,71,79,-8,8
4834,107,115,-8,8
4835,140,140,0,0
4836,57,71,-14,14
4837,104,110,-6,6
4838,56,63,-7,7
4839,103,97,6,6
4840,104,107,-3,3
4841,78,84,-6,6
4842,126,120,6,6
4843,101,90,11,11
4844,85,96,-11,11
4845,72,69,3,3
4846,57,52,5,5
4847,51,67,-16,16
4848,102,113,-11,11
4849,85,93,-8,8
4850,71,73,-2,2
4851,87,77,10,10
4852,74,82,-8,8
4853,104,101,3,3
4854,102,103,-1,1
4855,181,160,21,21
4856,130,126,4,4
4857,75,89,-14,14
4858,102,101,1,1
4859,56,87,-31,31
4860,72,73,-1,1
4861,90,107,-17,17
4862,66,76,-10,10
4863,82,79,3,3
4864,139,153,-14,14
4865,97,95,2,2
4866,83,92,-9,9
4867,71,82,-11,11
4868,81,86,-5,5
4869,80,79,1,1
4870,152,151,1,1
4871,54,45,9,9
4872,51,65,-14,14
4873,142,130,12,12
4874,134,145,-11,11
4875,253,257,-4,4
4876,85,100,-15,15
4877,274,191,83,83
4878,180,170,10,10
4879,85,99,-14,14
4880,68,81,-13,13
4881,126,121,5,5
4882,147,135,12,12
4883,67,62,5,5
4884,58,57,1,1
4885,146,155,-9,9
4886,170,123,47,47
4887,80,82,-2,2
4888,117,130,-13,13
4889,72,94,-22,22
4890,52,60,-8,8
4891,92,91,1,1
4892,88,79,9,9
4893,106,111,-5,5
4894,93,93,0,0
4895,151,134,17,17
4896,90,91,-1,1
4897,71,60,11,11
4898,63,72,-9,9
4899,171,161,10,10
4900,83,81,2,2
4901,125,120,5,5
4902,123,111,12,12
4903,119,112,7,7
4904,100,98,2,2
4905,97,118,-21,21
4906,82,78,4,4
4907,104,102,2,2
4908,84,76,8,8
4909,133,135,-2,2
4910,66,66,0,0
4911,328,220,108,108
4912,66,69,-3,3
4913,129,128,1,1
4914,60,60,0,0
4915,107,126,-19,19
4916,88,87,1,1
4917,92,88,4,4
4918,97,89,8,8
4919,95,96,-1,1
4920,176,157,19,19
4921,93,92,1,1
4922,124,124,0,0
4923,80,65,15,15
4924,117,135,-18,18
4925,92,85,7,7
4926,137,117,20,20
4927,160,156,4,4
4928,114,115,-1,1
4929,78,67,11,11
4930,73,71,2,2
4931,62,57,5,5
4932,85,108,-23,23
4933,52,59,-7,7
4934,53,59,-6,6
4935,98,55,43,43
4936,92,90,2,2
4937,100,110,-10,10
4938,114,117,-3,3
4939,139,130,9,9
4940,76,84,-8,8
4941,119,115,4,4
4942,41,49,-8,8
4943,53,61,-8,8
4944,268,303,-35,35
4945,66,65,1,1
4946,130,115,15,15
4947,115,107,8,8
4948,157,143,14,14
4949,50,69,-19,19
4950,75,77,-2,2
4951,79,74,5,5
4952,85,81,4,4
4953,42,69,-27,27
4954,85,96,-11,11
4955,95,109,-14,14
4956,72,76,-4,4
4957,90,106,-16,16
4958,81,77,4,4
4959,109,106,3,3
4960,146,165,-19,19
4961,131,131,0,0
4962,138,122,16,16
4963,32,39,-7,7
4964,86,85,1,1
4965,76,85,-9,9
4966,73,102,-29,29
4967,132,136,-4,4
4968,136,134,2,2
4969,36,41,-5,5
4970,40,30,10,10
4971,62,54,8,8
4972,99,107,-8,8
4973,63,92,-29,29
4974,90,90,0,0
4975,63,79,-16,16
4976,63,82,-19,19
4977,73,104,-31,31
4978,73,69,4,4
4979,120,72,48,48
4980,161,144,17,17
4981,74,80,-6,6
4982,74,72,2,2
4983,49,43,6,6
4984,157,142,15,15
4985,123,121,2,2
4986,91,84,7,7
4987,115,119,-4,4
4988,85,93,-8,8
4989,66,67,-1,1
4990,102,100,2,2
4991,98,96,2,2
4992,100,99,1,1
4993,105,122,-17,17
4994,84,90,-6,6
4995,95,83,12,12
4996,108,98,10,10
4997,62,42,20,20
4998,116,109,7,7
4999,79,90,-11,11
5000,73,78,-5,5
5001,50,59,-9,9
5002,97,108,-11,11
5003,145,134,11,11
5004,152,136,16,16
5005,134,125,9,9
5006,110,109,1,1
5007,114,109,5,5
5008,72,73,-1,1
5009,113,100,13,13
5010,58,72,-14,14
5011,50,52,-2,2
5012,29,17,12,12
5013,71,69,2,2
5014,90,93,-3,3
5015,140,139,1,1
5016,123,126,-3,3
5017,131,128,3,3
5018,50,47,3,3
5019,82,87,-5,5
5020,77,79,-2,2
5021,98,86,12,12
5022,83,80,3,3
5023,88,86,2,2
5024,122,120,2,2
5025,87,90,-3,3
5026,107,109,-2,2
5027,75,92,-17,17
5028,89,95,-6,6
5029,124,98,26,26
5030,105,109,-4,4
5031,62,56,6,6
5032,125,106,19,19
5033,94,111,-17,17
5034,91,88,3,3
5035,74,87,-13,13
5036,82,90,-8,8
5037,60,52,8,8
5038,69,63,6,6
5039,132,134,-2,2
5040,76,72,4,4
5041,169,142,27,27
5042,101,100,1,1
5043,167,147,20,20
5044,79,72,7,7
5045,78,89,-11,11
5046,61,63,-2,2
5047,137,109,28,28
5048,116,106,10,10
5049,77,81,-4,4
5050,76,60,16,16
5051,157,146,11,11
5052,90,102,-12,12
5053,79,69,10,10
5054,131,116,15,15
5055,118,97,21,21
5056,110,103,7,7
5057,151,142,9,9
5058,159,151,8,8
5059,95,93,2,2
5060,78,87,-9,9
5061,107,120,-13,13
5062,131,127,4,4
5063,87,88,-1,1
5064,42,43,-1,1
5065,66,77,-11,11
5066,101,115,-14,14
5067,140,136,4,4
5068,66,63,3,3
5069,43,41,2,2
5070,100,103,-3,3
5071,120,117,3,3
5072,76,68,8,8
5073,121,107,14,14
5074,78,76,2,2
5075,121,122,-1,1
5076,51,53,-2,2
5077,101,102,-1,1
5078,136,133,3,3
5079,107,123,-16,16
5080,106,114,-8,8
5081,116,76,40,40
5082,89,92,-3,3
5083,65,85,-20,20
5084,154,146,8,8
5085,130,140,-10,10
5086,98,71,27,27
5087,75,88,-13,13
5088,81,83,-2,2
5089,82,104,-22,22
5090,86,94,-8,8
5091,93,108,-15,15
5092,73,80,-7,7
5093,76,96,-20,20
5094,166,165,1,1
5095,98,98,0,0
5096,120,114,6,6
5097,67,71,-4,4
5098,81,72,9,9
5099,170,164,6,6
5100,40,52,-12,12
5101,101,107,-6,6
5102,80,82,-2,2
5103,121,108,13,13
5104,58,47,11,11
5105,115,121,-6,6
5106,63,59,4,4
5107,87,91,-4,4
5108,148,149,-1,1
5109,102,102,0,0
5110,79,84,-5,5
5111,118,104,14,14
5112,92,99,-7,7
5113,110,114,-4,4
5114,131,135,-4,4
5115,139,141,-2,2
5116,68,76,-8,8
5117,122,133,-11,11
5118,140,135,5,5
5119,124,124,0,0
5120,103,106,-3,3
5121,59,78,-19,19
5122,80,86,-6,6
5123,131,126,5,5
5124,104,101,3,3
5125,155,155,0,0
5126,89,104,-15,15
5127,68,87,-19,19
5128,79,90,-11,11
5129,110,110,0,0
5130,54,57,-3,3
5131,121,137,-16,16
5132,101,108,-7,7
5133,109,114,-5,5
5134,100,104,-4,4
5135,132,139,-7,7
5136,71,71,0,0
5137,89,103,-14,14
5138,92,96,-4,4
5139,91,97,-6,6
5140,117,105,12,12
5141,100,85,15,15
5142,118,107,11,11
5143,160,116,44,44
5144,121,113,8,8
5145,88,103,-15,15
5146,152,159,-7,7
5147,56,51,5,5
5148,51,77,-26,26
5149,110,91,19,19
5150,79,94,-15,15
5151,68,19,49,49
5152,52,59,-7,7
5153,129,141,-12,12
5154,81,75,6,6
5155,39,38,1,1
5156,55,118,-63,63
5157,53,59,-6,6
5158,92,97,-5,5
5159,72,77,-5,5
5160,103,102,1,1
5161,141,134,7,7
5162,82,84,-2,2
5163,69,84,-15,15
5164,168,161,7,7
5165,65,71,-6,6
5166,76,102,-26,26
5167,104,107,-3,3
5168,89,89,0,0
5169,101,99,2,2
5170,53,55,-2,2
5171,105,109,-4,4
5172,90,85,5,5
5173,116,112,4,4
5174,137,127,10,10
5175,126,106,20,20
5176,43,37,6,6
5177,65,71,-6,6
5178,76,114,-38,38
5179,104,107,-3,3
5180,88,87,1,1
5181,75,62,13,13
5182,82,94,-12,12
5183,40,63,-23,23
5184,77,81,-4,4
5185,66,57,9,9
5186,154,156,-2,2
5187,86,91,-5,5
5188,112,130,-18,18
5189,93,101,-8,8
5190,130,156,-26,26
5191,177,162,15,15
5192,148,150,-2,2
5193,80,86,-6,6
5194,58,49,9,9
5195,115,114,1,1
5196,118,113,5,5
5197,66,71,-5,5
5198,161,131,30,30
5199,80,86,-6,6
5200,105,99,6,6
5201,56,60,-4,4
5202,66,57,9,9
5203,93,97,-4,4
5204,105,96,9,9
5205,96,110,-14,14
5206,62,77,-15,15
5207,68,74,-6,6
5208,83,92,-9,9
5209,110,112,-2,2
5210,109,117,-8,8
5211,147,139,8,8
5212,68,59,9,9
5213,121,116,5,5
5214,128,140,-12,12
5215,136,97,39,39
5216,110,102,8,8
5217,84,86,-2,2
5218,93,89,4,4
5219,68,75,-7,7
5220,88,79,9,9
5221,89,75,14,14
5222,134,127,7,7
5223,128,133,-5,5
5224,79,81,-2,2
5225,66,93,-27,27
5226,58,42,16,16
5227,58,54,4,4
5228,69,69,0,0
5229,56,64,-8,8
5230,85,80,5,5
5231,73,79,-6,6
5232,97,98,-1,1
5233,100,95,5,5
5234,82,70,12,12
5235,65,67,-2,2
5236,90,91,-1,1
5237,66,59,7,7
5238,58,60,-2,2
5239,62,98,-36,36
5240,50,67,-17,17
5241,84,110,-26,26
5242,82,90,-8,8
5243,147,149,-2,2
5244,91,83,8,8
5245,95,93,2,2
5246,121,119,2,2
5247,56,64,-8,8
5248,54,64,-10,10
5249,103,99,4,4
5250,86,98,-12,12
5251,85,97,-12,12
5252,97,100,-3,3
5253,92,96,-4,4
5254,59,65,-6,6
5255,115,113,2,2
5256,116,110,6,6
5257,101,95,6,6
5258,120,94,26,26
5259,164,157,7,7
5260,55,44,11,11
5261,91,97,-6,6
5262,75,84,-9,9
5263,121,118,3,3
5264,57,48,9,9
5265,38,38,0,0
5266,92,86,6,6
5267,67,76,-9,9
5268,120,126,-6,6
5269,83,99,-16,16
5270,138,140,-2,2
5271,169,146,23,23
5272,59,74,-15,15
5273,47,53,-6,6
5274,46,52,-6,6
5275,123,131,-8,8
5276,142,135,7,7
5277,80,91,-11,11
5278,31,31,0,0
5279,128,122,6,6
5280,112,100,12,12
5281,98,104,-6,6
5282,55,47,8,8
5283,110,101,9,9
5284,91,101,-10,10
5285,112,98,14,14
5286,115,126,-11,11
5287,73,70,3,3
5288,106,112,-6,6
5289,93,80,13,13
5290,166,171,-5,5
5291,128,133,-5,5
5292,112,101,11,11
5293,89,99,-10,10
5294,74,81,-7,7
5295,106,108,-2,2
5296,72,52,20,20
5297,78,77,1,1
5298,92,93,-1,1
5299,140,137,3,3
5300,103,115,-12,12
5301,102,118,-16,16
5302,63,66,-3,3
5303,169,147,22,22
5304,78,80,-2,2
5305,132,134,-2,2
5306,50,115,-65,65
5307,127,107,20,20
5308,138,119,19,19
5309,61,56,5,5
5310,87,91,-4,4
5311,109,114,-5,5
5312,77,82,-5,5
5313,92,116,-24,24
5314,84,88,-4,4
5315,140,121,19,19
5316,79,94,-15,15
5317,87,66,21,21
5318,76,71,5,5
5319,54,71,-17,17
5320,77,103,-26,26
5321,28,78,-50,50
5322,85,51,34,34
5323,41,41,0,0
5324,78,86,-8,8
5325,117,107,10,10
5326,99,111,-12,12
5327,130,124,6,6
5328,58,60,-2,2
5329,76,73,3,3
5330,72,73,-1,1
5331,72,86,-14,14
5332,130,113,17,17
5333,85,79,6,6
5334,74,80,-6,6
5335,117,118,-1,1
5336,105,114,-9,9
5337,114,119,-5,5
5338,94,21,73,73
5339,127,125,2,2
5340,100,86,14,14
5341,100,102,-2,2
5342,114,118,-4,4
5343,137,148,-11,11
5344,141,125,16,16
5345,186,163,23,23
5346,49,51,-2,2
5347,71,81,-10,10
5348,144,143,1,1
5349,108,92,16,16
5350,102,86,16,16
5351,129,120,9,9
5352,123,120,3,3
5353,48,43,5,5
5354,70,70,0,0
5355,81,88,-7,7
5356,72,84,-12,12
5357,76,71,5,5
5358,114,130,-16,16
5359,130,136,-6,6
5360,113,122,-9,9
5361,57,56,1,1
5362,77,87,-10,10
5363,117,119,-2,2
5364,79,74,5,5
5365,87,98,-11,11
5366,99,97,2,2
5367,211,181,30,30
5368,92,78,14,14
5369,119,101,18,18
5370,54,57,-3,3
5371,111,92,19,19
5372,67,72,-5,5
5373,185,166,19,19
5374,68,70,-2,2
5375,190,172,18,18
5376,124,108,16,16
5377,80,88,-8,8
5378,78,86,-8,8
5379,92,104,-12,12
5380,70,66,4,4
5381,51,69,-18,18
5382,89,95,-6,6
5383,82,87,-5,5
5384,83,79,4,4
5385,204,130,74,74
5386,114,95,19,19
5387,62,60,2,2
5388,100,93,7,7
5389,143,165,-22,22
5390,89,81,8,8
5391,123,138,-15,15
5392,150,151,-1,1
5393,135,99,36,36
5394,114,125,-11,11
5395,94,95,-1,1
5396,158,147,11,11
5397,58,82,-24,24
5398,94,85,9,9
5399,59,56,3,3
5400,81,94,-13,13
5401,70,73,-3,3
5402,79,83,-4,4
5403,49,48,1,1
5404,85,90,-5,5
5405,85,99,-14,14
5406,55,50,5,5
5407,97,106,-9,9
5408,95,100,-5,5
5409,129,127,2,2
5410,53,60,-7,7
5411,109,125,-16,16
5412,92,57,35,35
5413,122,105,17,17
5414,102,104,-2,2
5415,98,127,-29,29
5416,68,82,-14,14
5417,108,123,-15,15
5418,92,89,3,3
5419,95,82,13,13
5420,65,75,-10,10
5421,27,24,3,3
5422,62,90,-28,28
5423,109,106,3,3
5424,72,74,-2,2
5425,58,66,-8,8
5426,121,101,20,20
5427,101,102,-1,1
5428,63,65,-2,2
5429,38,23,15,15
5430,145,142,3,3
5431,103,109,-6,6
5432,215,213,2,2
5433,122,124,-2,2
5434,90,91,-1,1
5435,67,73,-6,6
5436,98,94,4,4
5437,106,119,-13,13
5438,119,122,-3,3
5439,93,105,-12,12
5440,48,66,-18,18
5441,87,99,-12,12
5442,108,108,0,0
5443,72,64,8,8
5444,124,123,1,1
5445,114,100,14,14
5446,43,51,-8,8
5447,109,124,-15,15
5448,99,108,-9,9
5449,116,119,-3,3
5450,72,94,-22,22
5451,122,139,-17,17
5452,98,100,-2,2
5453,144,139,5,5
5454,78,89,-11,11
5455,70,60,10,10
5456,114,93,21,21
5457,137,133,4,4
5458,113,111,2,2
5459,115,111,4,4
5460,85,86,-1,1
5461,63,80,-17,17
5462,114,129,-15,15
5463,88,91,-3,3
5464,125,116,9,9
5465,116,117,-1,1
5466,150,123,27,27
5467,78,85,-7,7
5468,75,71,4,4
5469,81,98,-17,17
5470,116,130,-14,14
5471,64,41,23,23
5472,93,93,0,0
5473,96,85,11,11
5474,147,154,-7,7
5475,77,74,3,3
5476,139,137,2,2
5477,64,70,-6,6
5478,82,74,8,8
5479,70,68,2,2
5480,142,142,0,0
5481,99,91,8,8
5482,64,69,-5,5
5483,80,71,9,9
5484,69,71,-2,2
5485,64,67,-3,3
5486,99,101,-2,2
5487,120,103,17,17
5488,80,71,9,9
5489,145,140,5,5
5490,161,143,18,18
5491,86,94,-8,8
5492,123,122,1,1
5493,91,85,6,6
5494,147,147,0,0
5495,92,89,3,3
5496,79,87,-8,8
5497,144,136,8,8
5498,72,78,-6,6
5499,91,99,-8,8
5500,162,160,2,2
5501,76,95,-19,19
5502,82,95,-13,13
5503,63,67,-4,4
5504,71,78,-7,7
5505,74,78,-4,4
5506,152,148,4,4
5507,102,112,-10,10
5508,70,64,6,6
5509,46,49,-3,3
5510,85,106,-21,21
5511,81,75,6,6
5512,85,101,-16,16
5513,108,101,7,7
5514,124,114,10,10
5515,81,88,-7,7
5516,97,132,-35,35
5517,137,144,-7,7
5518,125,119,6,6
5519,90,104,-14,14
5520,83,91,-8,8
5521,89,98,-9,9
5522,124,120,4,4
5523,101,86,15,15
5524,103,103,0,0
5525,61,64,-3,3
5526,85,88,-3,3
5527,102,105,-3,3
5528,83,96,-13,13
5529,91,91,0,0
5530,131,91,40,40
5531,150,128,22,22
5532,107,103,4,4
5533,115,118,-3,3
5534,126,128,-2,2
5535,129,125,4,4
5536,95,85,10,10
5537,143,117,26,26
5538,115,106,9,9
5539,85,82,3,3
5540,164,152,12,12
5541,95,106,-11,11
5542,137,146,-9,9
5543,121,114,7,7
5544,83,78,5,5
5545,115,114,1,1
5546,154,158,-4,4
5547,115,106,9,9
5548,88,84,4,4
5549,116,116,0,0
5550,119,80,39,39
5551,30,29,1,1
5552,100,89,11,11
5553,132,135,-3,3
5554,186,173,13,13
5555,82,92,-10,10
5556,176,131,45,45
5557,107,107,0,0
5558,89,85,4,4
5559,94,101,-7,7
5560,51,41,10,10
5561,138,148,-10,10
5562,78,85,-7,7
5563,59,60,-1,1
5564,58,55,3,3
5565,67,50,17,17
5566,79,84,-5,5
5567,54,60,-6,6
5568,62,62,0,0
5569,83,79,4,4
5570,75,76,-1,1
5571,115,112,3,3
5572,114,117,-3,3
5573,126,112,14,14
5574,88,104,-16,16
5575,69,70,-1,1
5576,38,51,-13,13
5577,71,71,0,0
5578,66,60,6,6
5579,62,63,-1,1
5580,75,63,12,12
5581,59,54,5,5
5582,97,104,-7,7
5583,81,98,-17,17
5584,69,76,-7,7
5585,81,63,18,18
5586,101,117,-16,16
5587,97,88,9,9
5588,60,72,-12,12
5589,119,108,11,11
5590,113,116,-3,3
5591,130,113,17,17
5592,61,66,-5,5
5593,166,144,22,22
5594,51,55,-4,4
5595,140,132,8,8
5596,109,114,-5,5
5597,115,116,-1,1
5598,112,107,5,5
5599,89,100,-11,11
5600,65,53,12,12
5601,97,114,-17,17
5602,81,88,-7,7
5603,59,64,-5,5
5604,52,48,4,4
5605,74,87,-13,13
5606,76,63,13,13
5607,111,96,15,15
5608,112,118,-6,6
5609,66,73,-7,7
5610,96,91,5,5
5611,61,75,-14,14
5612,162,148,14,14
5613,120,119,1,1
5614,68,82,-14,14
5615,61,74,-13,13
5616,110,112,-2,2
5617,114,126,-12,12
5618,41,43,-2,2
5619,63,49,14,14
5620,77,88,-11,11
5621,92,81,11,11
5622,80,85,-5,5
5623,40,33,7,7
5624,56,65,-9,9
5625,72,81,-9,9
5626,123,127,-4,4
5627,77,90,-13,13
5628,107,123,-16,16
5629,112,115,-3,3
5630,72,76,-4,4
5631,99,101,-2,2
5632,118,116,2,2
5633,77,62,15,15
5634,139,132,7,7
5635,84,76,8,8
5636,62,64,-2,2
5637,100,103,-3,3
5638,80,79,1,1
5639,91,100,-9,9
5640,113,109,4,4
5641,45,43,2,2
5642,71,69,2,2
5643,122,112,10,10
5644,53,60,-7,7
5645,78,107,-29,29
5646,65,66,-1,1
5647,40,46,-6,6
5648,136,133,3,3
5649,120,118,2,2
5650,104,120,-16,16
5651,85,78,7,7
5652,89,93,-4,4
5653,84,89,-5,5
5654,80,88,-8,8
5655,119,100,19,19
5656,105,102,3,3
5657,61,65,-4,4
5658,53,68,-15,15
5659,69,70,-1,1
5660,83,81,2,2
5661,122,115,7,7
5662,88,92,-4,4
5663,88,81,7,7
5664,104,119,-15,15
5665,94,96,-2,2
5666,133,129,4,4
5667,53,1,52,52
5668,73,76,-3,3
5669,92,106,-14,14
5670,92,77,15,15
5671,91,98,-7,7
5672,82,87,-5,5
5673,87,94,-7,7
5674,135,122,13,13
5675,126,111,15,15
5676,94,88,6,6
5677,55,47,8,8
5678,104,88,16,16
5679,127,118,9,9
5680,135,142,-7,7
5681,145,128,17,17
5682,99,103,-4,4
5683,96,104,-8,8
5684,103,81,22,22
5685,32,10,22,22
5686,74,60,14,14
5687,109,105,4,4
5688,59,64,-5,5
5689,101,99,2,2
5690,69,63,6,6
5691,71,91,-20,20
5692,101,98,3,3
5693,129,137,-8,8
5694,114,118,-4,4
5695,73,62,11,11
5696,179,162,17,17
5697,81,72,9,9
5698,127,118,9,9
5699,129,139,-10,10
5700,57,62,-5,5
5701,50,39,11,11
5702,80,71,9,9
5703,116,118,-2,2
5704,93,93,0,0
5705,164,104,60,60
5706,43,55,-12,12
5707,96,105,-9,9
5708,88,80,8,8
5709,66,66,0,0
5710,97,97,0,0
5711,86,91,-5,5
5712,83,95,-12,12
5713,87,97,-10,10
5714,61,58,3,3
5715,81,75,6,6
5716,164,158,6,6
5717,138,124,14,14
5718,115,108,7,7
5719,86,81,5,5
5720,118,144,-26,26
5721,67,68,-1,1
5722,87,97,-10,10
5723,74,91,-17,17
5724,51,97,-46,46
5725,67,63,4,4
5726,84,91,-7,7
5727,94,98,-4,4
5728,69,75,-6,6
5729,115,127,-12,12
5730,48,43,5,5
5731,77,70,7,7
5732,81,78,3,3
5733,110,120,-10,10
5734,74,93,-19,19
5735,54,68,-14,14
5736,84,88,-4,4
5737,70,69,1,1
5738,64,82,-18,18
5739,80,89,-9,9
5740,78,66,12,12
5741,83,96,-13,13
5742,81,88,-7,7
5743,34,24,10,10
5744,149,161,-12,12
5745,50,48,2,2
5746,57,61,-4,4
5747,75,76,-1,1
5748,139,111,28,28
5749,48,44,4,4
5750,61,71,-10,10
5751,96,96,0,0
5752,64,67,-3,3
5753,90,88,2,2
5754,81,86,-5,5
5755,119,128,-9,9
5756,129,144,-15,15
5757,111,105,6,6
5758,79,79,0,0
5759,107,102,5,5
5760,77,84,-7,7
5761,67,62,5,5
5762,103,100,3,3
5763,60,66,-6,6
5764,115,123,-8,8
5765,62,51,11,11
5766,71,79,-8,8
5767,67,76,-9,9
5768,46,48,-2,2
5769,52,43,9,9
5770,55,56,-1,1
5771,95,80,15,15
5772,119,101,18,18
5773,156,159,-3,3
5774,89,86,3,3
5775,130,122,8,8
5776,149,146,3,3
5777,53,69,-16,16
5778,103,101,2,2
5779,181,162,19,19
5780,88,87,1,1
5781,91,105,-14,14
5782,79,79,0,0
5783,64,68,-4,4
5784,85,92,-7,7
5785,45,43,2,2
5786,72,75,-3,3
5787,118,123,-5,5
5788,54,46,8,8
5789,98,105,-7,7
5790,79,92,-13,13
5791,63,64,-1,1
5792,27,23,4,4
5793,142,136,6,6
5794,67,70,-3,3
5795,146,140,6,6
5796,80,92,-12,12
5797,68,81,-13,13
5798,92,98,-6,6
5799,48,48,0,0
5800,117,100,17,17
5801,98,103,-5,5
5802,73,66,7,7
5803,84,82,2,2
5804,95,87,8,8
5805,120,131,-11,11
5806,151,152,-1,1
5807,50,42,8,8
5808,93,90,3,3
5809,150,142,8,8
5810,65,83,-18,18
5811,76,88,-12,12
5812,69,72,-3,3
5813,91,98,-7,7
5814,81,96,-15,15
5815,92,73,19,19
5816,127,150,-23,23
5817,100,106,-6,6
5818,98,101,-3,3
5819,109,110,-1,1
5820,69,72,-3,3
5821,94,91,3,3
5822,156,144,12,12
5823,82,99,-17,17
5824,62,108,-46,46
5825,56,62,-6,6
5826,44,53,-9,9
5827,134,111,23,23
5828,75,57,18,18
5829,88,96,-8,8
5830,63,72,-9,9
5831,106,111,-5,5
5832,121,103,18,18
5833,94,100,-6,6
5834,89,92,-3,3
5835,45,60,-15,15
5836,76,82,-6,6
5837,85,89,-4,4
5838,129,124,5,5
5839,113,108,5,5
5840,127,133,-6,6
5841,129,158,-29,29
5842,92,88,4,4
5843,60,53,7,7
5844,91,75,16,16
5845,90,92,-2,2
5846,143,146,-3,3
5847,79,78,1,1
5848,118,167,-49,49
5849,65,70,-5,5
5850,88,103,-15,15
5851,102,112,-10,10
5852,67,57,10,10
5853,104,112,-8,8
5854,164,169,-5,5
5855,145,132,13,13
5856,51,36,15,15
5857,35,41,-6,6
5858,125,120,5,5
5859,78,83,-5,5
5860,110,106,4,4
5861,133,130,3,3
5862,92,89,3,3
5863,89,95,-6,6
5864,66,69,-3,3
5865,96,87,9,9
5866,74,94,-20,20
5867,21,9,12,12
5868,52,64,-12,12
5869,49,50,-1,1
5870,133,142,-9,9
5871,56,51,5,5
5872,48,44,4,4
5873,53,43,10,10
5874,86,98,-12,12
5875,81,84,-3,3
5876,139,143,-4,4
5877,111,130,-19,19
5878,118,125,-7,7
5879,61,63,-2,2
5880,88,94,-6,6
5881,58,39,19,19
5882,91,100,-9,9
5883,110,111,-1,1
5884,118,139,-21,21
5885,109,112,-3,3
5886,52,51,1,1
5887,69,83,-14,14
5888,144,136,8,8
5889,87,96,-9,9
5890,153,103,50,50
5891,49,57,-8,8
5892,106,104,2,2
5893,85,82,3,3
5894,95,99,-4,4
5895,99,101,-2,2
5896,154,147,7,7
5897,64,87,-23,23
5898,74,71,3,3
5899,94,93,1,1
5900,83,83,0,0
5901,66,95,-29,29
5902,48,46,2,2
5903,87,102,-15,15
5904,28,33,-5,5
5905,63,56,7,7
5906,117,110,7,7
5907,169,131,38,38
5908,54,42,12,12
5909,118,121,-3,3
5910,77,81,-4,4
5911,87,86,1,1
5912,259,206,53,53
5913,116,108,8,8
5914,141,125,16,16
5915,63,77,-14,14
5916,194,165,29,29
5917,58,68,-10,10
5918,117,111,6,6
5919,101,93,8,8
5920,128,128,0,0
5921,99,82,17,17
5922,122,117,5,5
5923,146,134,12,12
5924,117,108,9,9
5925,85,91,-6,6
5926,156,148,8,8
5927,85,91,-6,6
5928,149,129,20,20
5929,62,65,-3,3
5930,133,133,0,0
5931,76,85,-9,9
5932,67,74,-7,7
5933,125,144,-19,19
5934,73,78,-5,5
5935,106,31,75,75
5936,98,103,-5,5
5937,113,109,4,4
5938,151,134,17,17
5939,91,86,5,5
5940,115,117,-2,2
5941,99,112,-13,13
5942,51,72,-21,21
5943,102,119,-17,17
5944,123,80,43,43
5945,71,58,13,13
5946,116,118,-2,2
5947,118,122,-4,4
5948,151,163,-12,12
5949,93,100,-7,7
5950,77,75,2,2
5951,52,41,11,11
5952,88,85,3,3
5953,56,70,-14,14
5954,152,139,13,13
5955,129,135,-6,6
5956,75,88,-13,13
5957,98,94,4,4
5958,149,158,-9,9
5959,73,64,9,9
5960,96,123,-27,27
5961,145,147,-2,2
5962,88,81,7,7
5963,159,150,9,9
5964,178,167,11,11
5965,81,98,-17,17
5966,142,133,9,9
5967,97,60,37,37
5968,145,142,3,3
5969,91,91,0,0
5970,85,79,6,6
5971,87,72,15,15
5972,90,74,16,16
5973,68,64,4,4
5974,94,92,2,2
5975,101,97,4,4
5976,92,93,-1,1
5977,71,81,-10,10
5978,113,120,-7,7
5979,102,90,12,12
5980,114,125,-11,11
5981,97,103,-6,6
5982,47,44,3,3
5983,60,42,18,18
5984,135,129,6,6
5985,58,61,-3,3
5986,206,159,47,47
5987,68,75,-7,7
5988,42,38,4,4
5989,73,74,-1,1
5990,83,95,-12,12
5991,72,70,2,2
5992,111,96,15,15
5993,58,52,6,6
5994,130,141,-11,11
5995,111,110,1,1
5996,140,150,-10,10
5997,95,100,-5,5
5998,96,90,6,6
5999,91,100,-9,9
6000,79,77,2,2
6001,74,80,-6,6
6002,169,159,10,10
6003,117,120,-3,3
6004,78,53,25,25
6005,115,120,-5,5
6006,44,44,0,0
6007,103,120,-17,17
6008,78,110,-32,32
6009,49,58,-9,9
6010,126,132,-6,6
6011,93,89,4,4
6012,140,140,0,0
6013,85,81,4,4
6014,116,129,-13,13
6015,83,66,17,17
6016,96,107,-11,11
6017,143,132,11,11
6018,74,74,0,0
6019,92,94,-2,2
6020,63,52,11,11
6021,49,34,15,15
6022,144,140,4,4
6023,54,38,16,16
6024,116,164,-48,48
6025,66,83,-17,17
6026,56,52,4,4
6027,56,91,-35,35
6028,107,120,-13,13
6029,140,129,11,11
6030,92,100,-8,8
6031,76,50,26,26
6032,90,102,-12,12
6033,138,138,0,0
6034,71,65,6,6
6035,89,108,-19,19
6036,66,61,5,5
6037,60,56,4,4
6038,116,126,-10,10
6039,179,171,8,8
6040,90,73,17,17
6041,116,117,-1,1
6042,89,79,10,10
6043,95,88,7,7
6044,85,94,-9,9
6045,53,36,17,17
6046,166,158,8,8
6047,43,40,3,3
6048,119,130,-11,11
6049,105,130,-25,25
6050,121,117,4,4
6051,73,78,-5,5
6052,67,67,0,0
6053,119,123,-4,4
6054,106,123,-17,17
6055,72,67,5,5
6056,75,72,3,3
6057,70,75,-5,5
6058,143,135,8,8
6059,83,84,-1,1
6060,83,55,28,28
6061,46,63,-17,17
6062,47,32,15,15
6063,119,124,-5,5
6064,108,104,4,4
6065,43,92,-49,49
6066,64,59,5,5
6067,83,97,-14,14
6068,141,134,7,7
6069,107,106,1,1
6070,35,68,-33,33
6071,119,128,-9,9
6072,88,91,-3,3
6073,77,84,-7,7
6074,75,81,-6,6
6075,140,144,-4,4
6076,66,81,-15,15
6077,121,115,6,6
6078,47,48,-1,1
6079,68,70,-2,2
6080,112,113,-1,1
6081,178,147,31,31
6082,87,105,-18,18
6083,164,152,12,12
6084,79,74,5,5
6085,71,70,1,1
6086,111,121,-10,10
6087,78,80,-2,2
6088,160,162,-2,2
6089,98,97,1,1
6090,115,158,-43,43
6091,95,125,-30,30
6092,65,61,4,4
6093,159,149,10,10
6094,85,92,-7,7
6095,69,74,-5,5
6096,116,104,12,12
6097,55,65,-10,10
6098,96,106,-10,10
6099,94,89,5,5
6100,72,75,-3,3
6101,94,88,6,6
6102,124,136,-12,12
6103,62,68,-6,6
6104,79,80,-1,1
6105,146,140,6,6
6106,42,51,-9,9
6107,85,78,7,7
6108,100,103,-3,3
6109,131,117,14,14
6110,72,81,-9,9
6111,49,53,-4,4
6112,116,119,-3,3
6113,102,101,1,1
6114,135,131,4,4
6115,138,135,3,3
6116,40,59,-19,19
6117,104,111,-7,7
6118,99,102,-3,3
6119,50,31,19,19
6120,108,106,2,2
6121,106,97,9,9
6122,93,99,-6,6
6123,155,130,25,25
6124,127,128,-1,1
6125,78,75,3,3
6126,87,85,2,2
6127,73,65,8,8
6128,92,100,-8,8
6129,86,84,2,2
6130,117,123,-6,6
6131,65,57,8,8
6132,44,41,3,3
6133,142,142,0,0
6134,83,93,-10,10
6135,104,100,4,4
6136,119,80,39,39
6137,112,102,10,10
6138,96,74,22,22
6139,58,62,-4,4
6140,44,52,-8,8
6141,107,116,-9,9
6142,115,116,-1,1
6143,87,90,-3,3
6144,102,105,-3,3
6145,89,94,-5,5
6146,119,107,12,12
6147,101,118,-17,17
6148,55,47,8,8
6149,92,98,-6,6
6150,108,82,26,26
6151,57,60,-3,3
6152,119,119,0,0
6153,133,132,1,1
6154,80,79,1,1
6155,66,78,-12,12
6156,114,107,7,7
6157,111,120,-9,9
6158,140,138,2,2
6159,108,72,36,36
6160,89,102,-13,13
6161,88,74,14,14
6162,76,80,-4,4
6163,80,93,-13,13
6164,98,87,11,11
6165,73,72,1,1
6166,136,132,4,4
6167,50,59,-9,9
6168,88,110,-22,22
6169,69,79,-10,10
6170,151,136,15,15
6171,66,64,2,2
6172,73,81,-8,8
6173,65,65,0,0
6174,72,71,1,1
6175,52,51,1,1
6176,108,85,23,23
6177,86,73,13,13
6178,34,30,4,4
6179,183,159,24,24
6180,54,38,16,16
6181,122,130,-8,8
6182,64,77,-13,13
6183,75,70,5,5
6184,105,88,17,17
6185,65,78,-13,13
6186,84,89,-5,5
6187,101,97,4,4
6188,117,111,6,6
6189,148,149,-1,1
6190,66,71,-5,5
6191,106,96,10,10
6192,147,132,15,15
6193,108,123,-15,15
6194,133,95,38,38
6195,42,59,-17,17
6196,67,79,-12,12
6197,117,124,-7,7
6198,127,136,-9,9
6199,84,78,6,6
6200,72,72,0,0
6201,77,81,-4,4
6202,83,76,7,7
6203,77,99,-22,22
6204,133,143,-10,10
6205,61,61,0,0
6206,75,80,-5,5
6207,81,66,15,15
6208,95,97,-2,2
6209,115,104,11,11
6210,106,106,0,0
6211,85,85,0,0
6212,89,94,-5,5
6213,103,123,-20,20
6214,78,78,0,0
6215,83,77,6,6
6216,128,111,17,17
6217,64,68,-4,4
6218,87,83,4,4
6219,108,107,1,1
6220,108,115,-7,7
6221,77,84,-7,7
6222,65,84,-19,19
6223,56,77,-21,21
6224,69,67,2,2
6225,83,94,-11,11
6226,93,102,-9,9
6227,85,91,-6,6
6228,177,165,12,12
6229,52,46,6,6
6230,35,39,-4,4
6231,128,119,9,9
6232,98,83,15,15
6233,83,80,3,3
6234,67,56,11,11
6235,102,106,-4,4
6236,115,118,-3,3
6237,103,111,-8,8
6238,99,104,-5,5
6239,100,97,3,3
6240,148,125,23,23
6241,67,65,2,2
6242,131,139,-8,8
6243,76,87,-11,11
6244,91,99,-8,8
6245,110,101,9,9
6246,133,124,9,9
6247,77,109,-32,32
6248,151,148,3,3
6249,130,143,-13,13
6250,80,93,-13,13
6251,86,79,7,7
6252,117,126,-9,9
6253,72,71,1,1
6254,104,118,-14,14
6255,108,101,7,7
6256,103,122,-19,19
6257,57,49,8,8
6258,30,43,-13,13
6259,70,85,-15,15
6260,93,89,4,4
6261,75,83,-8,8
6262,46,43,3,3
6263,169,96,73,73
6264,88,85,3,3
6265,71,85,-14,14
6266,97,103,-6,6
6267,133,119,14,14
6268,77,80,-3,3
6269,93,107,-14,14
6270,52,62,-10,10
6271,124,128,-4,4
6272,60,87,-27,27
6273,53,55,-2,2
6274,98,99,-1,1
6275,105,95,10,10
6276,92,85,7,7
6277,106,100,6,6
6278,55,53,2,2
6279,94,100,-6,6
6280,94,91,3,3
6281,67,83,-16,16
6282,109,100,9,9
6283,61,76,-15,15
6284,49,55,-6,6
6285,99,100,-1,1
6286,109,100,9,9
6287,73,74,-1,1
6288,107,102,5,5
6289,82,77,5,5
6290,122,102,20,20
6291,50,45,5,5
6292,102,102,0,0
6293,99,103,-4,4
6294,40,32,8,8
6295,61,59,2,2
6296,94,95,-1,1
6297,55,62,-7,7
6298,66,68,-2,2
6299,58,64,-6,6
6300,139,133,6,6
6301,104,87,17,17
6302,74,84,-10,10
6303,77,83,-6,6
6304,77,78,-1,1
6305,91,99,-8,8
6306,74,80,-6,6
6307,63,56,7,7
6308,56,68,-12,12
6309,103,122,-19,19
6310,83,92,-9,9
6311,69,79,-10,10
6312,165,146,19,19
6313,109,119,-10,10
6314,93,82,11,11
6315,123,125,-2,2
6316,142,130,12,12
6317,71,60,11,11
6318,102,103,-1,1
6319,81,96,-15,15
6320,178,153,25,25
6321,75,64,11,11
6322,68,75,-7,7
6323,135,118,17,17
6324,103,108,-5,5
6325,108,107,1,1
6326,62,99,-37,37
6327,95,103,-8,8
6328,114,121,-7,7
6329,120,121,-1,1
6330,124,131,-7,7
6331,90,98,-8,8
6332,29,72,-43,43
6333,69,73,-4,4
6334,61,76,-15,15
6335,85,81,4,4
6336,83,95,-12,12
6337,122,114,8,8
6338,148,137,11,11
6339,108,99,9,9
6340,96,103,-7,7
6341,75,92,-17,17
6342,101,109,-8,8
6343,81,77,4,4
6344,98,122,-24,24
6345,95,92,3,3
6346,100,106,-6,6
6347,96,105,-9,9
6348,161,168,-7,7
6349,84,95,-11,11
6350,55,55,0,0
6351,59,76,-17,17
6352,124,123,1,1
6353,137,135,2,2
6354,118,130,-12,12
6355,144,130,14,14
6356,182,160,22,22
6357,126,120,6,6
6358,127,109,18,18
6359,111,111,0,0
6360,92,99,-7,7
6361,106,110,-4,4
6362,74,83,-9,9
6363,68,84,-16,16
6364,108,123,-15,15
6365,95,98,-3,3
6366,103,115,-12,12
6367,81,80,1,1
6368,86,80,6,6
6369,170,157,13,13
6370,50,51,-1,1
6371,51,58,-7,7
6372,94,88,6,6
6373,146,157,-11,11
6374,74,85,-11,11
6375,100,89,11,11
6376,128,114,14,14
6377,74,70,4,4
6378,108,126,-18,18
6379,77,91,-14,14
6380,63,66,-3,3
6381,50,32,18,18
6382,109,86,23,23
6383,52,47,5,5
6384,68,116,-48,48
6385,90,92,-2,2
6386,80,87,-7,7
6387,55,63,-8,8
6388,103,96,7,7
6389,84,98,-14,14
6390,90,79,11,11
6391,66,85,-19,19
6392,167,154,13,13
6393,82,73,9,9
6394,73,74,-1,1
6395,86,91,-5,5
6396,71,71,0,0
6397,80,105,-25,25
6398,92,91,1,1
6399,117,108,9,9
6400,51,17,34,34
6401,94,47,47,47
6402,84,88,-4,4
6403,135,131,4,4
6404,66,72,-6,6
6405,151,148,3,3
6406,92,97,-5,5
6407,102,116,-14,14
6408,116,110,6,6
6409,50,79,-29,29
6410,88,93,-5,5
6411,119,119,0,0
6412,107,109,-2,2
6413,93,101,-8,8
6414,142,130,12,12
6415,52,41,11,11
6416,115,122,-7,7
6417,52,51,1,1
6418,56,52,4,4
6419,152,134,18,18
6420,83,84,-1,1
6421,62,50,12,12
6422,64,65,-1,1
6423,119,116,3,3
6424,157,134,23,23
6425,51,50,1,1
6426,118,121,-3,3
6427,58,75,-17,17
6428,94,87,7,7
6429,45,48,-3,3
6430,120,115,5,5
6431,88,86,2,2
6432,84,98,-14,14
6433,131,128,3,3
6434,98,100,-2,2
6435,50,54,-4,4
6436,88,92,-4,4
6437,101,125,-24,24
6438,78,81,-3,3
6439,40,59,-19,19
6440,103,114,-11,11
6441,96,92,4,4
6442,83,84,-1,1
6443,93,103,-10,10
6444,82,50,32,32
6445,103,103,0,0
6446,41,62,-21,21
6447,39,27,12,12
6448,60,52,8,8
6449,137,128,9,9
6450,46,37,9,9
6451,51,37,14,14
6452,82,92,-10,10
6453,131,117,14,14
6454,66,62,4,4
6455,76,73,3,3
6456,204,182,22,22
6457,106,108,-2,2
6458,72,43,29,29
6459,145,146,-1,1
6460,80,77,3,3
6461,89,103,-14,14
6462,148,143,5,5
6463,141,137,4,4
6464,59,68,-9,9
6465,51,42,9,9
6466,88,86,2,2
6467,77,30,47,47
6468,103,89,14,14
6469,94,84,10,10
6470,92,44,48,48
6471,82,79,3,3
6472,89,98,-9,9
6473,72,75,-3,3
6474,135,131,4,4
6475,135,133,2,2
6476,85,87,-2,2
6477,63,65,-2,2
6478,173,172,1,1
6479,108,100,8,8
6480,141,114,27,27
6481,85,98,-13,13
6482,144,144,0,0
6483,66,65,1,1
6484,86,82,4,4
6485,84,68,16,16
6486,107,106,1,1
6487,60,74,-14,14
6488,62,64,-2,2
6489,174,182,-8,8
6490,68,48,20,20
6491,74,79,-5,5
6492,67,67,0,0
6493,72,59,13,13
6494,117,110,7,7
6495,93,116,-23,23
6496,69,85,-16,16
6497,75,82,-7,7
6498,84,78,6,6
6499,101,102,-1,1
6500,78,85,-7,7
6501,202,196,6,6
6502,97,113,-16,16
6503,79,89,-10,10
6504,97,119,-22,22
6505,60,72,-12,12
6506,58,54,4,4
6507,113,113,0,0
6508,63,71,-8,8
6509,79,68,11,11
6510,94,83,11,11
6511,129,128,1,1
6512,142,138,4,4
6513,96,103,-7,7
6514,83,82,1,1
6515,137,132,5,5
6516,99,89,10,10
6517,92,87,5,5
6518,92,130,-38,38
6519,69,74,-5,5
6520,126,132,-6,6
6521,148,170,-22,22
6522,90,90,0,0
6523,94,93,1,1
6524,111,115,-4,4
6525,86,100,-14,14
6526,49,48,1,1
6527,124,122,2,2
6528,107,116,-9,9
6529,129,124,5,5
6530,58,52,6,6
6531,70,70,0,0
6532,70,72,-2,2
6533,91,83,8,8
6534,86,104,-18,18
6535,102,107,-5,5
6536,83,85,-2,2
6537,119,120,-1,1
6538,76,1,75,75
6539,49,49,0,0
6540,94,94,0,0
6541,124,82,42,42
6542,65,66,-1,1
6543,96,110,-14,14
6544,170,154,16,16
6545,68,70,-2,2
6546,28,18,10,10
6547,135,140,-5,5
6548,151,131,20,20
6549,80,89,-9,9
6550,79,95,-16,16
6551,68,81,-13,13
6552,118,104,14,14
6553,73,68,5,5
6554,104,124,-20,20
6555,147,113,34,34
6556,91,72,19,19
6557,147,142,5,5
6558,55,60,-5,5
6559,66,55,11,11
6560,121,115,6,6
6561,70,68,2,2
6562,107,107,0,0
6563,153,147,6,6
6564,124,124,0,0
6565,59,68,-9,9
6566,90,105,-15,15
6567,57,68,-11,11
6568,129,109,20,20
6569,98,105,-7,7
6570,152,134,18,18
6571,55,54,1,1
6572,93,97,-4,4
6573,61,63,-2,2
6574,135,130,5,5
6575,72,63,9,9
6576,105,113,-8,8
6577,65,93,-28,28
6578,91,86,5,5
6579,117,115,2,2
6580,85,99,-14,14
6581,125,115,10,10
6582,57,58,-1,1
6583,151,144,7,7
6584,68,67,1,1
6585,104,121,-17,17
6586,53,62,-9,9
6587,88,83,5,5
6588,91,90,1,1
6589,184,162,22,22
6590,99,97,2,2
6591,189,184,5,5
6592,186,174,12,12
6593,125,113,12,12
6594,62,74,-12,12
6595,103,113,-10,10
6596,183,178,5,5
6597,62,56,6,6
6598,66,70,-4,4
6599,73,73,0,0
6600,114,116,-2,2
6601,123,122,1,1
6602,108,91,17,17
6603,115,119,-4,4
6604,124,117,7,7
6605,66,84,-18,18
6606,104,120,-16,16
6607,75,94,-19,19
6608,108,116,-8,8
6609,81,92,-11,11
6610,82,77,5,5
6611,80,72,8,8
6612,30,16,14,14
6613,90,99,-9,9
6614,62,57,5,5
6615,86,88,-2,2
6616,56,51,5,5
6617,95,98,-3,3
6618,100,105,-5,5
6619,102,107,-5,5
6620,102,108,-6,6
6621,59,39,20,20
6622,152,120,32,32
6623,163,159,4,4
6624,143,138,5,5
6625,162,158,4,4
6626,84,98,-14,14
6627,78,102,-24,24
6628,92,92,0,0
6629,79,103,-24,24
6630,78,78,0,0
6631,120,115,5,5
6632,99,93,6,6
6633,103,90,13,13
6634,76,88,-12,12
6635,80,73,7,7
6636,66,54,12,12
6637,128,133,-5,5
6638,85,70,15,15
6639,100,111,-11,11
6640,46,60,-14,14
6641,125,126,-1,1
6642,111,115,-4,4
6643,119,120,-1,1
6644,59,64,-5,5
6645,55,58,-3,3
6646,158,162,-4,4
6647,106,122,-16,16
6648,136,134,2,2
6649,108,105,3,3
6650,124,125,-1,1
6651,106,96,10,10
6652,92,87,5,5
6653,118,126,-8,8
6654,108,104,4,4
6655,114,105,9,9
6656,51,71,-20,20
6657,85,92,-7,7
6658,61,100,-39,39
6659,74,77,-3,3
6660,67,70,-3,3
6661,108,110,-2,2
6662,132,134,-2,2
6663,78,70,8,8
6664,102,103,-1,1
6665,175,160,15,15
6666,140,147,-7,7
6667,93,84,9,9
6668,75,106,-31,31
6669,98,93,5,5
6670,98,96,2,2
6671,119,111,8,8
6672,121,156,-35,35
6673,94,98,-4,4
6674,117,84,33,33
6675,108,112,-4,4
6676,87,116,-29,29
6677,100,94,6,6
6678,88,83,5,5
6679,86,77,9,9
6680,65,73,-8,8
6681,81,84,-3,3
6682,89,85,4,4
6683,114,129,-15,15
6684,108,113,-5,5
6685,95,100,-5,5
6686,100,89,11,11
6687,98,89,9,9
6688,88,98,-10,10
6689,95,42,53,53
6690,92,100,-8,8
6691,161,165,-4,4
6692,57,49,8,8
6693,89,92,-3,3
6694,67,54,13,13
6695,101,104,-3,3
6696,102,112,-10,10
6697,84,78,6,6
6698,64,76,-12,12
6699,127,134,-7,7
6700,97,101,-4,4
6701,101,98,3,3
6702,65,82,-17,17
6703,89,93,-4,4
6704,70,41,29,29
6705,67,73,-6,6
6706,169,143,26,26
6707,59,71,-12,12
6708,163,153,10,10
6709,38,44,-6,6
6710,117,119,-2,2
6711,53,45,8,8
6712,52,45,7,7
6713,120,126,-6,6
6714,80,67,13,13
6715,52,49,3,3
6716,127,143,-16,16
6717,87,94,-7,7
6718,54,44,10,10
6719,66,57,9,9
6720,98,104,-6,6
6721,112,119,-7,7
6722,56,46,10,10
6723,114,138,-24,24
6724,90,95,-5,5
6725,87,98,-11,11
6726,58,63,-5,5
6727,118,119,-1,1
6728,96,100,-4,4
6729,102,115,-13,13
6730,84,106,-22,22
6731,111,97,14,14
6732,62,87,-25,25
6733,73,76,-3,3
6734,69,93,-24,24
6735,133,123,10,10
6736,87,85,2,2
6737,64,82,-18,18
6738,85,97,-12,12
6739,103,94,9,9
6740,86,60,26,26
6741,68,79,-11,11
6742,145,146,-1,1
6743,74,72,2,2
6744,91,99,-8,8
6745,102,93,9,9
6746,128,136,-8,8
6747,104,88,16,16
6748,110,120,-10,10
6749,56,61,-5,5
6750,83,94,-11,11
6751,109,109,0,0
6752,77,76,1,1
6753,164,139,25,25
6754,137,135,2,2
6755,134,127,7,7
6756,172,154,18,18
6757,116,115,1,1
6758,80,76,4,4
6759,50,57,-7,7
6760,168,154,14,14
6761,68,79,-11,11
6762,88,118,-30,30
6763,48,56,-8,8
6764,60,58,2,2
6765,135,139,-4,4
6766,75,73,2,2
6767,187,190,-3,3
6768,78,86,-8,8
6769,117,102,15,15
6770,109,113,-4,4
6771,79,68,11,11
6772,80,94,-14,14
6773,72,78,-6,6
6774,105,112,-7,7
6775,130,135,-5,5
6776,108,119,-11,11
6777,39,43,-4,4
6778,94,114,-20,20
6779,76,95,-19,19
6780,84,83,1,1
6781,110,129,-19,19
6782,79,74,5,5
6783,129,104,25,25
6784,66,76,-10,10
6785,73,81,-8,8
6786,90,57,33,33
6787,69,71,-2,2
6788,76,67,9,9
6789,96,115,-19,19
6790,113,113,0,0
6791,118,124,-6,6
6792,78,87,-9,9
6793,92,83,9,9
6794,96,85,11,11
6795,111,127,-16,16
6796,143,134,9,9
6797,101,107,-6,6
6798,99,107,-8,8
6799,110,122,-12,12
6800,105,113,-8,8
6801,79,84,-5,5
6802,80,72,8,8
6803,54,47,7,7
6804,86,73,13,13
6805,66,97,-31,31
6806,96,105,-9,9
6807,151,144,7,7
6808,78,109,-31,31
6809,82,59,23,23
6810,93,102,-9,9
6811,57,74,-17,17
6812,129,113,16,16
6813,89,83,6,6
6814,83,90,-7,7
6815,72,97,-25,25
6816,85,102,-17,17
6817,58,60,-2,2
6818,69,55,14,14
6819,69,73,-4,4
6820,55,58,-3,3
6821,114,98,16,16
6822,145,127,18,18
6823,81,92,-11,11
6824,41,50,-9,9
6825,88,109,-21,21
6826,108,100,8,8
6827,104,99,5,5
6828,74,82,-8,8
6829,111,116,-5,5
6830,74,75,-1,1
6831,82,93,-11,11
6832,129,124,5,5
6833,75,81,-6,6
6834,137,135,2,2
6835,135,139,-4,4
6836,93,96,-3,3
6837,73,88,-15,15
6838,125,122,3,3
6839,110,124,-14,14
6840,147,151,-4,4
6841,86,90,-4,4
6842,96,97,-1,1
6843,104,100,4,4
6844,110,113,-3,3
6845,80,66,14,14
6846,66,76,-10,10
6847,168,163,5,5
6848,123,145,-22,22
6849,138,141,-3,3
6850,66,64,2,2
6851,66,74,-8,8
6852,143,131,12,12
6853,88,83,5,5
6854,76,99,-23,23
6855,143,144,-1,1
6856,108,104,4,4
6857,74,73,1,1
6858,76,80,-4,4
6859,59,62,-3,3
6860,87,88,-1,1
6861,113,103,10,10
6862,57,59,-2,2
6863,56,60,-4,4
6864,102,97,5,5
6865,74,66,8,8
6866,89,100,-11,11
6867,75,82,-7,7
6868,128,133,-5,5
6869,106,108,-2,2
6870,92,84,8,8
6871,138,144,-6,6
6872,75,83,-8,8
6873,103,109,-6,6
6874,120,112,8,8
6875,136,130,6,6
6876,72,76,-4,4
6877,128,130,-2,2
6878,128,133,-5,5
6879,150,143,7,7
6880,86,90,-4,4
6881,85,92,-7,7
6882,62,57,5,5
6883,76,75,1,1
6884,123,120,3,3
6885,64,60,4,4
6886,116,118,-2,2
6887,62,72,-10,10
6888,81,84,-3,3
6889,118,112,6,6
6890,117,119,-2,2
6891,123,102,21,21
6892,144,103,41,41
6893,109,113,-4,4
6894,79,73,6,6
6895,97,103,-6,6
6896,87,88,-1,1
6897,55,57,-2,2
6898,65,67,-2,2
6899,103,101,2,2
6900,90,83,7,7
6901,87,90,-3,3
6902,43,44,-1,1
6903,92,93,-1,1
6904,147,147,0,0
6905,106,97,9,9
6906,68,84,-16,16
6907,71,60,11,11
6908,97,98,-1,1
6909,93,109,-16,16
6910,69,75,-6,6
6911,92,106,-14,14
6912,77,88,-11,11
6913,132,128,4,4
6914,87,104,-17,17
6915,118,111,7,7
6916,58,51,7,7
6917,43,41,2,2
6918,80,87,-7,7
6919,118,106,12,12
6920,107,124,-17,17
6921,132,135,-3,3
6922,86,80,6,6
6923,114,102,12,12
6924,85,77,8,8
6925,66,58,8,8
6926,65,62,3,3
6927,84,79,5,5
6928,122,135,-13,13
6929,74,80,-6,6
6930,154,139,15,15
6931,93,95,-2,2
6932,40,93,-53,53
6933,88,87,1,1
6934,84,100,-16,16
6935,67,73,-6,6
6936,113,127,-14,14
6937,110,110,0,0
6938,217,152,65,65
6939,99,111,-12,12
6940,107,95,12,12
6941,120,118,2,2
6942,116,107,9,9
6943,70,89,-19,19
6944,86,96,-10,10
6945,89,89,0,0
6946,75,87,-12,12
6947,72,75,-3,3
6948,75,82,-7,7
6949,55,72,-17,17
6950,196,174,22,22
6951,114,115,-1,1
6952,142,132,10,10
6953,76,92,-16,16
6954,71,69,2,2
6955,80,93,-13,13
6956,81,86,-5,5
6957,106,110,-4,4
6958,126,131,-5,5
6959,114,119,-5,5
6960,90,90,0,0
6961,134,141,-7,7
6962,112,123,-11,11
6963,86,85,1,1
6964,109,103,6,6
6965,98,123,-25,25
6966,123,130,-7,7
6967,48,40,8,8
6968,89,85,4,4
6969,141,145,-4,4
6970,122,129,-7,7
6971,65,112,-47,47
6972,163,156,7,7
6973,106,102,4,4
6974,145,145,0,0
6975,65,65,0,0
6976,111,97,14,14
6977,110,113,-3,3
6978,40,34,6,6
6979,77,73,4,4
6980,81,76,5,5
6981,136,127,9,9
6982,124,131,-7,7
6983,107,117,-10,10
6984,83,93,-10,10
6985,137,122,15,15
6986,93,105,-12,12
6987,95,109,-14,14
6988,82,83,-1,1
6989,91,99,-8,8
6990,139,126,13,13
6991,49,38,11,11
6992,36,35,1,1
6993,76,54,22,22
6994,57,69,-12,12
6995,128,135,-7,7
6996,77,94,-17,17
6997,86,91,-5,5
6998,144,138,6,6
6999,72,77,-5,5
7000,48,44,4,4
7001,86,79,7,7
7002,96,86,10,10
7003,67,72,-5,5
7004,65,61,4,4
7005,132,127,5,5
7006,128,127,1,1
7007,115,112,3,3
7008,109,120,-11,11
7009,63,77,-14,14
7010,55,59,-4,4
7011,119,101,18,18
7012,70,80,-10,10
7013,125,149,-24,24
7014,146,134,12,12
7015,84,84,0,0
7016,120,127,-7,7
7017,83,92,-9,9
7018,68,65,3,3
7019,106,102,4,4
7020,147,136,11,11
7021,81,81,0,0
7022,87,98,-11,11
7023,86,83,3,3
7024,67,73,-6,6
7025,100,92,8,8
7026,81,91,-10,10
7027,70,85,-15,15
7028,94,92,2,2
7029,123,121,2,2
7030,121,116,5,5
7031,71,76,-5,5
7032,73,77,-4,4
7033,79,82,-3,3
7034,98,96,2,2
7035,147,118,29,29
7036,86,98,-12,12
7037,83,81,2,2
7038,117,111,6,6
7039,93,99,-6,6
7040,44,44,0,0
7041,68,83,-15,15
7042,74,79,-5,5
7043,76,99,-23,23
7044,96,96,0,0
7045,80,64,16,16
7046,73,85,-12,12
7047,93,93,0,0
7048,48,57,-9,9
7049,85,94,-9,9
7050,140,140,0,0
7051,81,87,-6,6
7052,57,94,-37,37
7053,93,101,-8,8
7054,119,123,-4,4
7055,129,146,-17,17
7056,88,88,0,0
7057,101,128,-27,27
7058,91,95,-4,4
7059,59,66,-7,7
7060,109,118,-9,9
7061,89,85,4,4
7062,101,88,13,13
7063,116,110,6,6
7064,86,88,-2,2
7065,113,115,-2,2
7066,101,82,19,19
7067,110,111,-1,1
7068,115,147,-32,32
7069,137,138,-1,1
7070,64,66,-2,2
7071,133,125,8,8
7072,80,89,-9,9
7073,61,74,-13,13
7074,116,120,-4,4
7075,154,150,4,4
7076,69,69,0,0
7077,123,135,-12,12
7078,63,64,-1,1
7079,99,127,-28,28
7080,52,51,1,1
7081,86,67,19,19
7082,79,79,0,0
7083,97,106,-9,9
7084,68,82,-14,14
7085,79,93,-14,14
7086,82,77,5,5
7087,66,57,9,9
7088,28,14,14,14
7089,54,66,-12,12
7090,76,74,2,2
7091,74,91,-17,17
7092,97,107,-10,10
7093,82,90,-8,8
7094,103,107,-4,4
7095,61,51,10,10
7096,69,73,-4,4
7097,60,78,-18,18
7098,61,90,-29,29
7099,100,114,-14,14
7100,100,100,0,0
7101,129,120,9,9
7102,184,165,19,19
7103,119,126,-7,7
7104,91,91,0,0
7105,99,121,-22,22
7106,100,105,-5,5
7107,58,67,-9,9
7108,70,70,0,0
7109,76,77,-1,1
7110,77,61,16,16
7111,70,68,2,2
7112,116,115,1,1
7113,149,147,2,2
7114,124,121,3,3
7115,139,110,29,29
7116,142,149,-7,7
7117,77,77,0,0
7118,96,94,2,2
7119,215,195,20,20
7120,70,90,-20,20
7121,118,124,-6,6
7122,89,95,-6,6
7123,106,104,2,2
7124,117,107,10,10
7125,60,62,-2,2
7126,67,79,-12,12
7127,149,150,-1,1
7128,364,342,22,22
7129,110,119,-9,9
7130,106,93,13,13
7131,161,158,3,3
7132,119,130,-11,11
7133,113,137,-24,24
7134,100,111,-11,11
7135,51,57,-6,6
7136,121,124,-3,3
7137,108,113,-5,5
7138,107,110,-3,3
7139,62,62,0,0
7140,84,88,-4,4
7141,93,80,13,13
7142,143,146,-3,3
7143,136,138,-2,2
7144,53,64,-11,11
7145,97,113,-16,16
7146,139,135,4,4
7147,126,130,-4,4
7148,46,46,0,0
7149,172,163,9,9
7150,101,103,-2,2
7151,89,95,-6,6
7152,118,113,5,5
7153,71,81,-10,10
7154,120,129,-9,9
7155,77,78,-1,1
7156,145,129,16,16
7157,45,41,4,4
7158,80,78,2,2
7159,58,64,-6,6
7160,117,107,10,10
7161,91,101,-10,10
7162,192,173,19,19
7163,68,80,-12,12
7164,71,51,20,20
7165,82,76,6,6
7166,84,83,1,1
7167,70,67,3,3
7168,47,58,-11,11
7169,95,85,10,10
7170,59,66,-7,7
7171,154,139,15,15
7172,131,127,4,4
7173,98,107,-9,9
7174,38,48,-10,10
7175,86,95,-9,9
7176,55,57,-2,2
7177,40,35,5,5
7178,119,121,-2,2
7179,247,173,74,74
7180,96,103,-7,7
7181,69,72,-3,3
7182,87,94,-7,7
7183,93,100,-7,7
7184,84,82,2,2
7185,127,140,-13,13
7186,106,99,7,7
7187,62,70,-8,8
7188,84,96,-12,12
7189,48,58,-10,10
7190,116,124,-8,8
7191,83,90,-7,7
7192,123,133,-10,10
7193,97,72,25,25
7194,119,88,31,31
7195,113,130,-17,17
7196,70,68,2,2
7197,123,115,8,8
7198,86,85,1,1
7199,49,57,-8,8
7200,113,120,-7,7
7201,100,89,11,11
7202,131,134,-3,3
7203,93,106,-13,13
7204,92,78,14,14
7205,73,71,2,2
7206,61,74,-13,13
7207,72,81,-9,9
7208,91,88,3,3
7209,86,85,1,1
7210,82,85,-3,3
7211,179,171,8,8
7212,121,105,16,16
7213,58,65,-7,7
7214,83,88,-5,5
7215,100,80,20,20
7216,84,84,0,0
7217,76,61,15,15
7218,83,82,1,1
7219,81,86,-5,5
7220,119,94,25,25
7221,160,153,7,7
7222,97,112,-15,15
7223,143,157,-14,14
7224,49,94,-45,45
7225,188,152,36,36
7226,79,91,-12,12
7227,62,66,-4,4
7228,71,78,-7,7
7229,114,138,-24,24
7230,167,170,-3,3
7231,100,65,35,35
7232,90,84,6,6
7233,106,117,-11,11
7234,129,137,-8,8
7235,81,75,6,6
7236,52,69,-17,17
7237,86,82,4,4
7238,92,112,-20,20
7239,59,69,-10,10
7240,98,113,-15,15
7241,94,100,-6,6
7242,173,165,8,8
7243,82,101,-19,19
7244,121,113,8,8
7245,84,97,-13,13
7246,44,31,13,13
7247,88,100,-12,12
7248,91,83,8,8
7249,97,89,8,8
7250,46,40,6,6
7251,114,108,6,6
7252,108,108,0,0
7253,66,58,8,8
7254,71,67,4,4
7255,76,80,-4,4
7256,159,148,11,11
7257,39,86,-47,47
7258,47,55,-8,8
7259,142,119,23,23
7260,124,123,1,1
7261,109,113,-4,4
7262,110,118,-8,8
7263,59,45,14,14
7264,107,101,6,6
7265,59,56,3,3
7266,93,98,-5,5
7267,96,104,-8,8
7268,40,113,-73,73
7269,124,142,-18,18
7270,90,85,5,5
7271,52,66,-14,14
7272,95,88,7,7
7273,81,89,-8,8
7274,171,150,21,21
7275,78,65,13,13
7276,97,86,11,11
7277,82,88,-6,6
7278,93,100,-7,7
7279,106,113,-7,7
7280,129,121,8,8
7281,110,125,-15,15
7282,28,49,-21,21
7283,152,161,-9,9
7284,113,102,11,11
7285,62,71,-9,9
7286,51,52,-1,1
7287,167,163,4,4
7288,60,47,13,13
7289,176,161,15,15
7290,139,139,0,0
7291,193,196,-3,3
7292,78,80,-2,2
7293,76,69,7,7
7294,80,78,2,2
7295,86,107,-21,21
7296,102,84,18,18
7297,51,52,-1,1
7298,32,8,24,24
7299,133,104,29,29
7300,160,146,14,14
7301,75,58,17,17
7302,84,81,3,3
7303,85,86,-1,1
7304,89,98,-9,9
7305,69,69,0,0
7306,113,104,9,9
7307,69,61,8,8
7308,76,77,-1,1
7309,56,87,-31,31
7310,86,80,6,6
7311,92,106,-14,14
7312,54,47,7,7
7313,100,87,13,13
7314,37,13,24,24
7315,140,144,-4,4
7316,57,66,-9,9
7317,83,93,-10,10
7318,75,68,7,7
7319,59,57,2,2
7320,99,121,-22,22
7321,108,113,-5,5
7322,93,100,-7,7
7323,78,75,3,3
7324,166,153,13,13
7325,81,89,-8,8
7326,80,74,6,6
7327,166,142,24,24
7328,56,43,13,13
7329,108,125,-17,17
7330,88,83,5,5
7331,124,128,-4,4
7332,71,75,-4,4
7333,111,109,2,2
7334,77,67,10,10
7335,84,82,2,2
7336,85,86,-1,1
7337,103,93,10,10
7338,67,76,-9,9
7339,128,128,0,0
7340,54,50,4,4
7341,98,94,4,4
7342,115,132,-17,17
7343,80,93,-13,13
7344,66,55,11,11
7345,84,91,-7,7
7346,179,155,24,24
7347,70,69,1,1
7348,93,102,-9,9
7349,139,147,-8,8
7350,136,132,4,4
7351,173,168,5,5
7352,112,114,-2,2
7353,76,98,-22,22
7354,112,116,-4,4
7355,118,121,-3,3
7356,109,92,17,17
7357,101,118,-17,17
7358,105,100,5,5
7359,67,24,43,43
7360,131,133,-2,2
7361,41,59,-18,18
7362,49,46,3,3
7363,113,129,-16,16
7364,137,140,-3,3
7365,96,107,-11,11
7366,68,72,-4,4
7367,110,89,21,21
7368,70,77,-7,7
7369,155,166,-11,11
7370,58,57,1,1
7371,140,163,-23,23
7372,119,137,-18,18
7373,67,78,-11,11
7374,79,88,-9,9
7375,68,73,-5,5
7376,62,65,-3,3
7377,48,52,-4,4
7378,104,99,5,5
7379,67,63,4,4
7380,63,71,-8,8
7381,70,68,2,2
7382,83,90,-7,7
7383,66,68,-2,2
7384,67,82,-15,15
7385,54,59,-5,5
7386,144,129,15,15
7387,68,72,-4,4
7388,76,81,-5,5
7389,62,58,4,4
7390,147,136,11,11
7391,80,100,-20,20
7392,53,62,-9,9
7393,73,104,-31,31
7394,74,81,-7,7
7395,63,55,8,8
7396,111,101,10,10
7397,199,170,29,29
7398,90,93,-3,3
7399,65,83,-18,18
7400,68,70,-2,2
7401,81,89,-8,8
7402,95,93,2,2
7403,83,89,-6,6
7404,99,83,16,16
7405,64,100,-36,36
7406,70,62,8,8
7407,62,55,7,7
7408,60,77,-17,17
7409,84,90,-6,6
7410,63,47,16,16
7411,91,84,7,7
7412,53,81,-28,28
7413,114,115,-1,1
7414,102,109,-7,7
7415,80,68,12,12
7416,85,103,-18,18
7417,112,122,-10,10
7418,86,89,-3,3
7419,61,68,-7,7
7420,118,117,1,1
7421,108,102,6,6
7422,179,140,39,39
7423,87,87,0,0
7424,185,165,20,20
7425,91,87,4,4
7426,73,68,5,5
7427,63,53,10,10
7428,159,147,12,12
7429,146,152,-6,6
7430,75,77,-2,2
7431,73,84,-11,11
7432,107,102,5,5
7433,93,89,4,4
7434,89,89,0,0
7435,82,95,-13,13
7436,79,74,5,5
7437,50,67,-17,17
7438,69,70,-1,1
7439,89,87,2,2
7440,145,161,-16,16
7441,84,82,2,2
7442,115,108,7,7
7443,103,130,-27,27
7444,90,98,-8,8
7445,57,57,0,0
7446,118,102,16,16
7447,99,102,-3,3
7448,124,132,-8,8
7449,102,120,-18,18
7450,97,110,-13,13
7451,64,79,-15,15
7452,78,88,-10,10
7453,121,121,0,0
7454,163,158,5,5
7455,63,63,0,0
7456,53,60,-7,7
7457,71,77,-6,6
7458,79,74,5,5
7459,102,112,-10,10
7460,130,128,2,2
7461,114,111,3,3
7462,118,136,-18,18
7463,93,85,8,8
7464,78,113,-35,35
7465,87,89,-2,2
7466,107,98,9,9
7467,105,103,2,2
7468,135,57,78,78
7469,64,57,7,7
7470,80,67,13,13
7471,79,90,-11,11
7472,156,158,-2,2
7473,123,132,-9,9
7474,81,91,-10,10
7475,91,95,-4,4
7476,184,160,24,24
7477,62,79,-17,17
7478,76,87,-11,11
7479,112,103,9,9
7480,60,77,-17,17
7481,103,108,-5,5
7482,83,77,6,6
7483,69,77,-8,8
7484,206,207,-1,1
7485,78,72,6,6
7486,82,69,13,13
7487,81,78,3,3
7488,39,38,1,1
7489,109,108,1,1
7490,32,92,-60,60
7491,65,77,-12,12
7492,88,93,-5,5
7493,94,108,-14,14
7494,87,99,-12,12
7495,74,91,-17,17
7496,88,89,-1,1
7497,103,113,-10,10
7498,72,72,0,0
7499,83,99,-16,16
7500,197,215,-18,18
7501,41,32,9,9
7502,76,84,-8,8
7503,129,61,68,68
7504,40,74,-34,34
7505,136,141,-5,5
7506,62,59,3,3
7507,66,98,-32,32
7508,106,119,-13,13
7509,62,64,-2,2
7510,109,94,15,15
7511,136,133,3,3
7512,100,90,10,10
7513,160,139,21,21
7514,105,113,-8,8
7515,122,121,1,1
7516,98,81,17,17
7517,78,65,13,13
7518,75,69,6,6
7519,67,68,-1,1
7520,56,44,12,12
7521,60,48,12,12
7522,38,36,2,2
7523,53,46,7,7
7524,57,65,-8,8
7525,113,109,4,4
7526,83,85,-2,2
7527,81,82,-1,1
7528,136,151,-15,15
7529,78,77,1,1
7530,89,95,-6,6
7531,86,87,-1,1
7532,68,59,9,9
7533,156,149,7,7
7534,85,84,1,1
7535,126,130,-4,4
7536,57,61,-4,4
7537,114,124,-10,10
7538,113,108,5,5
7539,75,93,-18,18
7540,130,120,10,10
7541,79,86,-7,7
7542,112,129,-17,17
7543,120,125,-5,5
7544,76,81,-5,5
7545,86,89,-3,3
7546,60,61,-1,1
7547,52,60,-8,8
7548,80,75,5,5
7549,136,132,4,4
7550,71,76,-5,5
7551,152,148,4,4
7552,59,72,-13,13
7553,88,78,10,10
7554,71,75,-4,4
7555,71,65,6,6
7556,88,99,-11,11
7557,44,50,-6,6
7558,95,104,-9,9
7559,99,97,2,2
7560,74,88,-14,14
7561,148,143,5,5
7562,74,69,5,5
7563,103,94,9,9
7564,70,85,-15,15
7565,128,113,15,15
7566,70,75,-5,5
7567,69,75,-6,6
7568,95,90,5,5
7569,125,130,-5,5
7570,87,102,-15,15
7571,130,137,-7,7
7572,105,139,-34,34
7573,96,86,10,10
7574,90,88,2,2
7575,52,42,10,10
7576,77,93,-16,16
7577,143,126,17,17
7578,97,111,-14,14
7579,81,76,5,5
7580,55,61,-6,6
7581,122,114,8,8
7582,59,56,3,3
7583,106,110,-4,4
7584,146,128,18,18
7585,62,59,3,3
7586,122,118,4,4
7587,166,157,9,9
7588,76,63,13,13
7589,82,96,-14,14
7590,114,117,-3,3
7591,113,138,-25,25
7592,94,106,-12,12
7593,113,119,-6,6
7594,79,77,2,2
7595,106,100,6,6
7596,123,123,0,0
7597,118,111,7,7
7598,80,78,2,2
7599,94,92,2,2
7600,89,92,-3,3
7601,64,51,13,13
7602,113,120,-7,7
7603,137,134,3,3
7604,53,106,-53,53
7605,133,135,-2,2
7606,65,22,43,43
7607,78,80,-2,2
7608,40,37,3,3
7609,60,59,1,1
7610,52,50,2,2
7611,136,131,5,5
7612,155,158,-3,3
7613,94,102,-8,8
7614,75,76,-1,1
7615,36,14,22,22
7616,132,128,4,4
7617,117,128,-11,11
7618,136,139,-3,3
7619,141,123,18,18
7620,65,62,3,3
7621,96,87,9,9
7622,68,135,-67,67
7623,144,137,7,7
7624,148,143,5,5
7625,117,137,-20,20
7626,60,82,-22,22
7627,98,95,3,3
7628,114,122,-8,8
7629,139,122,17,17
7630,109,111,-2,2
7631,69,78,-9,9
7632,105,109,-4,4
7633,116,104,12,12
7634,72,75,-3,3
7635,74,37,37,37
7636,102,106,-4,4
7637,62,49,13,13
7638,36,6,30,30
7639,94,72,22,22
7640,78,79,-1,1
7641,150,140,10,10
7642,81,74,7,7
7643,154,150,4,4
7644,115,135,-20,20
7645,44,43,1,1
7646,88,91,-3,3
7647,80,77,3,3
7648,75,68,7,7
7649,58,51,7,7
7650,124,120,4,4
7651,90,71,19,19
7652,117,109,8,8
7653,93,85,8,8
7654,133,135,-2,2
7655,71,61,10,10
7656,82,78,4,4
7657,66,81,-15,15
7658,69,68,1,1
7659,112,107,5,5
7660,114,111,3,3
7661,81,70,11,11
7662,110,123,-13,13
7663,76,67,9,9
7664,97,101,-4,4
7665,83,97,-14,14
7666,73,85,-12,12
7667,109,112,-3,3
7668,67,71,-4,4
7669,101,110,-9,9
7670,74,64,10,10
7671,122,125,-3,3
7672,51,64,-13,13
7673,80,89,-9,9
7674,118,113,5,5
7675,87,79,8,8
7676,84,79,5,5
7677,135,132,3,3
7678,51,109,-58,58
7679,121,96,25,25
7680,60,56,4,4
7681,150,140,10,10
7682,41,31,10,10
7683,55,54,1,1
7684,149,127,22,22
7685,136,130,6,6
7686,121,110,11,11
7687,121,119,2,2
7688,50,57,-7,7
7689,61,60,1,1
7690,129,117,12,12
7691,83,97,-14,14
7692,83,111,-28,28
7693,77,71,6,6
7694,110,110,0,0
7695,110,94,16,16
7696,108,120,-12,12
7697,95,111,-16,16
7698,91,84,7,7
7699,99,103,-4,4
7700,105,124,-19,19
7701,104,125,-21,21
7702,82,90,-8,8
7703,68,74,-6,6
7704,77,78,-1,1
7705,103,94,9,9
7706,87,93,-6,6
7707,55,58,-3,3
7708,94,92,2,2
7709,67,67,0,0
7710,75,92,-17,17
7711,137,134,3,3
7712,69,60,9,9
7713,67,68,-1,1
7714,77,102,-25,25
7715,68,68,0,0
7716,117,116,1,1
7717,109,105,4,4
7718,164,132,32,32
7719,102,107,-5,5
7720,77,77,0,0
7721,71,78,-7,7
7722,71,76,-5,5
7723,146,141,5,5
7724,40,21,19,19
7725,121,123,-2,2
7726,86,66,20,20
7727,99,110,-11,11
7728,68,73,-5,5
7729,89,66,23,23
7730,71,82,-11,11
7731,72,79,-7,7
7732,49,56,-7,7
7733,155,88,67,67
7734,145,144,1,1
7735,102,106,-4,4
7736,131,126,5,5
7737,101,88,13,13
7738,61,66,-5,5
7739,108,117,-9,9
7740,62,75,-13,13
7741,93,117,-24,24
7742,84,88,-4,4
7743,56,100,-44,44
7744,143,126,17,17
7745,145,133,12,12
7746,103,94,9,9
7747,88,95,-7,7
7748,96,105,-9,9
7749,63,55,8,8
7750,88,91,-3,3
7751,50,70,-20,20
7752,106,112,-6,6
7753,89,74,15,15
7754,101,113,-12,12
7755,134,135,-1,1
7756,91,90,1,1
7757,134,156,-22,22
7758,79,89,-10,10
7759,161,154,7,7
7760,127,130,-3,3
7761,88,97,-9,9
7762,61,68,-7,7
7763,60,69,-9,9
7764,102,92,10,10
7765,140,143,-3,3
7766,69,58,11,11
7767,101,109,-8,8
7768,175,162,13,13
7769,129,158,-29,29
7770,115,128,-13,13
7771,88,102,-14,14
7772,79,93,-14,14
7773,102,108,-6,6
7774,43,51,-8,8
7775,97,110,-13,13
7776,132,140,-8,8
7777,58,62,-4,4
7778,89,95,-6,6
7779,90,101,-11,11
7780,98,109,-11,11
7781,102,107,-5,5
7782,88,102,-14,14
7783,106,106,0,0
7784,99,95,4,4
7785,151,149,2,2
7786,111,110,1,1
7787,65,61,4,4
7788,71,73,-2,2
7789,79,107,-28,28
7790,65,67,-2,2
7791,136,132,4,4
7792,151,148,3,3
7793,108,117,-9,9
7794,121,115,6,6
7795,54,68,-14,14
7796,96,101,-5,5
7797,98,96,2,2
7798,62,65,-3,3
7799,78,88,-10,10
7800,97,100,-3,3
7801,80,86,-6,6
7802,65,78,-13,13
7803,74,60,14,14
7804,118,124,-6,6
7805,109,105,4,4
7806,99,100,-1,1
7807,78,81,-3,3
7808,59,76,-17,17
7809,84,104,-20,20
7810,108,120,-12,12
7811,89,94,-5,5
7812,119,108,11,11
7813,182,159,23,23
7814,133,111,22,22
7815,90,91,-1,1
7816,144,161,-17,17
7817,109,86,23,23
7818,154,121,33,33
7819,54,51,3,3
7820,59,63,-4,4
7821,120,134,-14,14
7822,113,121,-8,8
7823,90,97,-7,7
7824,119,93,26,26
7825,72,78,-6,6
7826,173,160,13,13
7827,252,214,38,38
7828,123,129,-6,6
7829,178,172,6,6
7830,207,170,37,37
7831,86,94,-8,8
7832,61,53,8,8
7833,82,87,-5,5
7834,77,73,4,4
7835,90,94,-4,4
7836,85,106,-21,21
7837,133,153,-20,20
7838,67,84,-17,17
7839,71,84,-13,13
7840,118,120,-2,2
7841,168,151,17,17
7842,101,104,-3,3
7843,126,123,3,3
7844,127,130,-3,3
7845,197,156,41,41
7846,67,75,-8,8
7847,59,59,0,0
7848,139,136,3,3
7849,84,87,-3,3
7850,75,82,-7,7
7851,124,120,4,4
7852,61,66,-5,5
7853,78,80,-2,2
7854,102,88,14,14
7855,50,42,8,8
7856,72,85,-13,13
7857,98,111,-13,13
7858,109,126,-17,17
7859,97,88,9,9
7860,79,76,3,3
7861,73,69,4,4
7862,114,128,-14,14
7863,118,119,-1,1
7864,101,119,-18,18
7865,103,106,-3,3
7866,49,51,-2,2
7867,49,51,-2,2
7868,37,41,-4,4
7869,121,119,2,2
7870,69,72,-3,3
7871,126,132,-6,6
7872,91,90,1,1
7873,119,120,-1,1
7874,105,109,-4,4
7875,129,131,-2,2
7876,83,73,10,10
7877,99,95,4,4
7878,106,115,-9,9
7879,67,66,1,1
7880,132,128,4,4
7881,110,115,-5,5
7882,72,80,-8,8
7883,126,109,17,17
7884,129,142,-13,13
7885,74,71,3,3
7886,131,133,-2,2
7887,97,78,19,19
7888,118,130,-12,12
7889,124,125,-1,1
7890,66,83,-17,17
7891,99,70,29,29
7892,93,88,5,5
7893,169,175,-6,6
7894,109,125,-16,16
7895,194,133,61,61
7896,131,123,8,8
7897,67,76,-9,9
7898,102,105,-3,3
7899,126,133,-7,7
7900,166,162,4,4
7901,52,64,-12,12
7902,129,148,-19,19
7903,175,166,9,9
7904,77,76,1,1
7905,52,53,-1,1
7906,73,78,-5,5
7907,97,106,-9,9
7908,49,54,-5,5
7909,112,113,-1,1
7910,108,107,1,1
7911,91,94,-3,3
7912,84,117,-33,33
7913,35,52,-17,17
7914,182,188,-6,6
7915,61,70,-9,9
7916,61,86,-25,25
7917,79,90,-11,11
7918,55,55,0,0
7919,64,70,-6,6
7920,142,133,9,9
7921,66,59,7,7
7922,74,81,-7,7
7923,150,157,-7,7
7924,99,104,-5,5
7925,106,116,-10,10
7926,72,77,-5,5
7927,121,117,4,4
7928,114,119,-5,5
7929,75,80,-5,5
7930,65,71,-6,6
7931,116,119,-3,3
7932,99,94,5,5
7933,199,177,22,22
7934,60,59,1,1
7935,67,62,5,5
7936,81,73,8,8
7937,178,146,32,32
7938,70,78,-8,8
7939,131,120,11,11
7940,149,143,6,6
7941,70,60,10,10
7942,97,106,-9,9
7943,104,91,13,13
7944,73,73,0,0
7945,74,83,-9,9
7946,87,99,-12,12
7947,112,109,3,3
7948,126,127,-1,1
7949,86,112,-26,26
7950,134,127,7,7
7951,117,98,19,19
7952,61,50,11,11
7953,71,88,-17,17
7954,80,92,-12,12
7955,63,76,-13,13
7956,70,75,-5,5
7957,63,78,-15,15
7958,46,44,2,2
7959,59,67,-8,8
7960,89,92,-3,3
7961,134,136,-2,2
7962,113,105,8,8
7963,73,91,-18,18
7964,122,118,4,4
7965,59,64,-5,5
7966,142,149,-7,7
7967,175,163,12,12
7968,61,52,9,9
7969,142,155,-13,13
7970,68,63,5,5
7971,51,57,-6,6
7972,94,103,-9,9
7973,104,97,7,7
7974,85,67,18,18
7975,155,158,-3,3
7976,157,162,-5,5
7977,115,113,2,2
7978,94,102,-8,8
7979,86,86,0,0
7980,115,116,-1,1
7981,85,82,3,3
7982,106,104,2,2
7983,64,60,4,4
7984,38,88,-50,50
7985,51,53,-2,2
7986,106,115,-9,9
7987,101,124,-23,23
7988,46,44,2,2
7989,85,107,-22,22
7990,104,118,-14,14
7991,95,115,-20,20
7992,130,126,4,4
7993,151,137,14,14
7994,57,56,1,1
7995,93,102,-9,9
7996,69,67,2,2
7997,39,34,5,5
7998,76,91,-15,15
7999,84,78,6,6
8000,41,34,7,7
8001,45,49,-4,4
8002,68,83,-15,15
8003,82,89,-7,7
8004,68,74,-6,6
8005,73,65,8,8
8006,49,89,-40,40
8007,93,90,3,3
8008,75,75,0,0
8009,85,83,2,2
8010,103,100,3,3
8011,129,130,-1,1
8012,116,127,-11,11
8013,77,91,-14,14
8014,83,77,6,6
8015,104,92,12,12
8016,124,117,7,7
8017,89,96,-7,7
8018,88,95,-7,7
8019,49,62,-13,13
8020,104,105,-1,1
8021,107,114,-7,7
8022,125,130,-5,5
8023,57,67,-10,10
8024,104,110,-6,6
8025,51,53,-2,2
8026,86,78,8,8
8027,96,101,-5,5
8028,190,149,41,41
8029,84,97,-13,13
8030,105,120,-15,15
8031,94,99,-5,5
8032,74,70,4,4
8033,100,94,6,6
8034,126,120,6,6
8035,73,79,-6,6
8036,83,79,4,4
8037,141,137,4,4
8038,124,134,-10,10
8039,79,85,-6,6
8040,135,118,17,17
8041,81,86,-5,5
8042,137,140,-3,3
8043,75,71,4,4
8044,54,66,-12,12
8045,102,106,-4,4
8046,157,131,26,26
8047,93,95,-2,2
8048,155,119,36,36
8049,71,61,10,10
8050,109,91,18,18
8051,60,65,-5,5
8052,57,71,-14,14
8053,113,115,-2,2
8054,130,137,-7,7
8055,71,97,-26,26
8056,92,86,6,6
8057,148,126,22,22
8058,117,112,5,5
8059,68,60,8,8
8060,161,159,2,2
8061,85,91,-6,6
8062,65,54,11,11
8063,43,45,-2,2
8064,102,103,-1,1
8065,69,64,5,5
8066,185,151,34,34
8067,133,104,29,29
8068,104,99,5,5
8069,105,106,-1,1
8070,120,82,38,38
8071,85,85,0,0
8072,73,102,-29,29
8073,158,163,-5,5
8074,76,67,9,9
8075,87,94,-7,7
8076,148,121,27,27
8077,85,102,-17,17
8078,98,80,18,18
8079,66,69,-3,3
8080,100,114,-14,14
8081,110,121,-11,11
8082,86,93,-7,7
8083,119,130,-11,11
8084,75,91,-16,16
8085,110,124,-14,14
8086,69,47,22,22
8087,127,118,9,9
8088,98,101,-3,3
8089,116,127,-11,11
8090,65,47,18,18
8091,94,102,-8,8
8092,58,61,-3,3
8093,68,80,-12,12
8094,118,127,-9,9
8095,27,5,22,22
8096,74,88,-14,14
8097,81,81,0,0
8098,98,82,16,16
8099,56,75,-19,19
8100,101,96,5,5
8101,128,124,4,4
8102,104,116,-12,12
8103,69,103,-34,34
8104,130,123,7,7
8105,121,125,-4,4
8106,42,97,-55,55
8107,89,94,-5,5
8108,71,67,4,4
8109,129,122,7,7
8110,59,61,-2,2
8111,101,105,-4,4
8112,102,110,-8,8
8113,109,121,-12,12
8114,94,101,-7,7
8115,108,117,-9,9
8116,102,93,9,9
8117,89,95,-6,6
8118,121,130,-9,9
8119,122,132,-10,10
8120,67,96,-29,29
8121,51,59,-8,8
8122,89,93,-4,4
8123,88,99,-11,11
8124,131,110,21,21
8125,103,111,-8,8
8126,151,160,-9,9
8127,134,145,-11,11
8128,108,109,-1,1
8129,92,95,-3,3
8130,65,70,-5,5
8131,81,79,2,2
8132,68,93,-25,25
8133,91,106,-15,15
8134,114,96,18,18
8135,48,54,-6,6
8136,102,109,-7,7
8137,149,147,2,2
8138,108,115,-7,7
8139,60,54,6,6
8140,103,112,-9,9
8141,65,67,-2,2
8142,119,122,-3,3
8143,104,109,-5,5
8144,64,71,-7,7
8145,48,57,-9,9
8146,55,60,-5,5
8147,75,83,-8,8
8148,44,72,-28,28
8149,73,59,14,14
8150,54,55,-1,1
8151,54,77,-23,23
8152,52,56,-4,4
8153,95,87,8,8
8154,66,80,-14,14
8155,85,104,-19,19
8156,75,68,7,7
8157,95,93,2,2
8158,95,94,1,1
8159,36,31,5,5
8160,79,83,-4,4
8161,123,124,-1,1
8162,81,82,-1,1
8163,176,151,25,25
8164,60,45,15,15
8165,61,85,-24,24
8166,140,111,29,29
8167,127,125,2,2
8168,96,88,8,8
8169,99,96,3,3
8170,108,101,7,7
8171,58,58,0,0
8172,51,72,-21,21
8173,95,96,-1,1
8174,58,89,-31,31
8175,76,75,1,1
8176,116,114,2,2
8177,108,99,9,9
8178,168,141,27,27
8179,27,30,-3,3
8180,145,138,7,7
8181,53,72,-19,19
8182,67,60,7,7
8183,92,85,7,7
8184,78,84,-6,6
8185,113,119,-6,6
8186,141,132,9,9
8187,136,122,14,14
8188,103,117,-14,14
8189,86,48,38,38
8190,195,199,-4,4
8191,75,68,7,7
8192,63,56,7,7
8193,66,58,8,8
8194,127,118,9,9
8195,122,114,8,8
8196,54,109,-55,55
8197,101,104,-3,3
8198,93,88,5,5
8199,64,81,-17,17
8200,108,111,-3,3
8201,111,114,-3,3
8202,77,75,2,2
8203,154,156,-2,2
8204,94,91,3,3
8205,84,87,-3,3
8206,76,88,-12,12
8207,87,91,-4,4
8208,126,110,16,16
8209,82,89,-7,7
8210,82,93,-11,11
8211,80,80,0,0
8212,126,139,-13,13
8213,64,74,-10,10
8214,142,120,22,22
8215,143,134,9,9
8216,127,149,-22,22
8217,76,74,2,2
8218,57,88,-31,31
8219,109,101,8,8
8220,141,134,7,7
8221,129,128,1,1
8222,114,107,7,7
8223,83,85,-2,2
8224,149,153,-4,4
8225,47,52,-5,5
8226,88,90,-2,2
8227,88,97,-9,9
8228,105,111,-6,6
8229,93,112,-19,19
8230,109,119,-10,10
8231,87,84,3,3
8232,43,43,0,0
8233,81,79,2,2
8234,101,74,27,27
8235,80,62,18,18
8236,112,110,2,2
8237,92,95,-3,3
8238,102,105,-3,3
8239,71,77,-6,6
8240,166,142,24,24
8241,98,102,-4,4
8242,129,125,4,4
8243,79,91,-12,12
8244,109,96,13,13
8245,145,136,9,9
8246,166,159,7,7
8247,76,73,3,3
8248,46,39,7,7
8249,113,117,-4,4
8250,75,87,-12,12
8251,86,52,34,34
8252,76,87,-11,11
8253,88,104,-16,16
8254,67,78,-11,11
8255,100,101,-1,1
8256,71,83,-12,12
8257,59,57,2,2
8258,181,133,48,48
8259,56,61,-5,5
8260,114,104,10,10
8261,92,86,6,6
8262,100,106,-6,6
8263,75,87,-12,12
8264,188,163,25,25
8265,51,36,15,15
8266,84,86,-2,2
8267,171,194,-23,23
8268,66,60,6,6
8269,92,94,-2,2
8270,122,121,1,1
8271,40,82,-42,42
8272,87,94,-7,7
8273,122,119,3,3
8274,98,99,-1,1
8275,96,83,13,13
8276,120,119,1,1
8277,82,96,-14,14
8278,88,96,-8,8
8279,60,67,-7,7
8280,83,91,-8,8
8281,81,79,2,2
8282,151,143,8,8
8283,187,163,24,24
8284,98,113,-15,15
8285,95,88,7,7
8286,77,87,-10,10
8287,144,142,2,2
8288,81,73,8,8
8289,91,95,-4,4
8290,149,145,4,4
8291,99,121,-22,22
8292,96,89,7,7
8293,129,136,-7,7
8294,63,66,-3,3
8295,86,77,9,9
8296,64,74,-10,10
8297,74,61,13,13
8298,93,79,14,14
8299,85,88,-3,3
8300,248,188,60,60
8301,91,111,-20,20
8302,58,55,3,3
8303,93,113,-20,20
8304,93,106,-13,13
8305,55,54,1,1
8306,102,106,-4,4
8307,107,104,3,3
8308,79,91,-12,12
8309,84,79,5,5
8310,95,96,-1,1
8311,110,111,-1,1
8312,80,74,6,6
8313,44,108,-64,64
8314,96,93,3,3
8315,59,56,3,3
8316,109,114,-5,5
8317,198,176,22,22
8318,81,94,-13,13
8319,119,114,5,5
8320,106,107,-1,1
8321,114,100,14,14
8322,51,59,-8,8
8323,110,110,0,0
8324,112,111,1,1
8325,99,108,-9,9
8326,80,79,1,1
8327,59,70,-11,11
8328,110,116,-6,6
8329,125,120,5,5
8330,137,127,10,10
8331,73,83,-10,10
8332,190,175,15,15
8333,137,148,-11,11
8334,46,60,-14,14
8335,124,129,-5,5
8336,87,84,3,3
8337,114,125,-11,11
8338,83,69,14,14
8339,85,100,-15,15
8340,142,153,-11,11
8341,108,96,12,12
8342,129,143,-14,14
8343,107,115,-8,8
8344,109,113,-4,4
8345,144,106,38,38
8346,76,75,1,1
8347,38,77,-39,39
8348,157,154,3,3
8349,55,40,15,15
8350,99,121,-22,22
8351,153,143,10,10
8352,74,84,-10,10
8353,74,75,-1,1
8354,78,80,-2,2
8355,74,88,-14,14
8356,94,97,-3,3
8357,112,98,14,14
8358,141,142,-1,1
8359,82,78,4,4
8360,160,143,17,17
8361,103,96,7,7
8362,110,98,12,12
8363,42,71,-29,29
8364,69,81,-12,12
8365,59,70,-11,11
8366,98,92,6,6
8367,75,97,-22,22
8368,58,63,-5,5
8369,74,60,14,14
8370,108,110,-2,2
8371,66,77,-11,11
8372,105,93,12,12
8373,46,63,-17,17
8374,55,71,-16,16
8375,71,77,-6,6
8376,115,89,26,26
8377,88,85,3,3
8378,47,46,1,1
8379,174,169,5,5
8380,94,93,1,1
8381,74,84,-10,10
8382,84,88,-4,4
8383,85,73,12,12
8384,65,52,13,13
8385,39,26,13,13
8386,118,103,15,15
8387,101,115,-14,14
8388,78,87,-9,9
8389,97,109,-12,12
8390,104,108,-4,4
8391,98,88,10,10
8392,81,96,-15,15
8393,112,119,-7,7
8394,98,99,-1,1
8395,96,106,-10,10
8396,53,47,6,6
8397,67,87,-20,20
8398,70,83,-13,13
8399,114,109,5,5
8400,104,115,-11,11
8401,65,58,7,7
8402,80,105,-25,25
8403,96,82,14,14
8404,70,73,-3,3
8405,105,121,-16,16
8406,100,92,8,8
8407,160,134,26,26
8408,91,107,-16,16
8409,100,114,-14,14
8410,119,101,18,18
8411,65,73,-8,8
8412,99,110,-11,11
8413,172,147,25,25
8414,83,84,-1,1
8415,85,78,7,7
8416,69,63,6,6
8417,59,66,-7,7
8418,93,101,-8,8
8419,81,83,-2,2
8420,75,84,-9,9
8421,62,57,5,5
8422,115,120,-5,5
8423,107,144,-37,37
8424,105,108,-3,3
8425,51,47,4,4
8426,76,85,-9,9
8427,88,88,0,0
8428,145,146,-1,1
8429,114,115,-1,1
8430,38,22,16,16
8431,133,122,11,11
8432,74,74,0,0
8433,119,124,-5,5
8434,96,94,2,2
8435,143,126,17,17
8436,60,62,-2,2
8437,130,120,10,10
8438,120,105,15,15
8439,122,138,-16,16
8440,113,108,5,5
8441,68,82,-14,14
8442,98,97,1,1
8443,143,132,11,11
8444,77,79,-2,2
8445,92,89,3,3
8446,61,81,-20,20
8447,74,75,-1,1
8448,94,107,-13,13
8449,102,101,1,1
8450,118,107,11,11
8451,119,120,-1,1
8452,193,163,30,30
8453,95,118,-23,23
8454,89,89,0,0
8455,129,110,19,19
8456,124,130,-6,6
8457,84,98,-14,14
8458,76,77,-1,1
8459,55,55,0,0
8460,143,131,12,12
8461,134,119,15,15
8462,88,87,1,1
8463,132,139,-7,7
8464,114,103,11,11
8465,71,67,4,4
8466,79,69,10,10
8467,101,100,1,1
8468,134,133,1,1
8469,61,59,2,2
8470,81,96,-15,15
8471,107,128,-21,21
8472,86,83,3,3
8473,83,83,0,0
8474,94,94,0,0
8475,102,112,-10,10
8476,110,116,-6,6
8477,137,145,-8,8
8478,56,75,-19,19
8479,134,136,-2,2
8480,80,86,-6,6
8481,46,55,-9,9
8482,111,102,9,9
8483,112,122,-10,10
8484,121,127,-6,6
8485,113,113,0,0
8486,91,100,-9,9
8487,47,58,-11,11
8488,65,63,2,2
8489,56,46,10,10
8490,83,92,-9,9
8491,85,97,-12,12
8492,102,102,0,0
8493,80,93,-13,13
8494,110,106,4,4
8495,141,135,6,6
8496,90,102,-12,12
8497,73,74,-1,1
8498,60,51,9,9
8499,178,148,30,30
8500,124,121,3,3
8501,108,100,8,8
8502,100,109,-9,9
8503,78,80,-2,2
8504,115,112,3,3
8505,127,140,-13,13
8506,47,59,-12,12
8507,58,94,-36,36
8508,151,134,17,17
8509,104,97,7,7
8510,56,76,-20,20
8511,79,97,-18,18
8512,67,69,-2,2
8513,109,102,7,7
8514,83,85,-2,2
8515,101,51,50,50
8516,78,82,-4,4
8517,101,139,-38,38
8518,64,71,-7,7
8519,69,71,-2,2
8520,81,86,-5,5
8521,185,171,14,14
8522,89,80,9,9
8523,137,113,24,24
8524,98,96,2,2
8525,185,160,25,25
8526,62,76,-14,14
8527,135,137,-2,2
8528,140,121,19,19
8529,166,158,8,8
8530,68,71,-3,3
8531,100,111,-11,11
8532,122,132,-10,10
8533,105,112,-7,7
8534,129,127,2,2
8535,117,120,-3,3
8536,74,85,-11,11
8537,91,84,7,7
8538,96,101,-5,5
8539,96,93,3,3
8540,76,86,-10,10
8541,106,100,6,6
8542,71,82,-11,11
8543,43,51,-8,8
8544,88,84,4,4
8545,79,107,-28,28
8546,104,102,2,2
8547,82,86,-4,4
8548,112,125,-13,13
8549,104,110,-6,6
8550,55,67,-12,12
8551,90,91,-1,1
8552,47,59,-12,12
8553,111,89,22,22
8554,127,121,6,6
8555,67,73,-6,6
8556,163,140,23,23
8557,154,143,11,11
8558,63,69,-6,6
8559,50,78,-28,28
8560,56,57,-1,1
8561,104,126,-22,22
8562,80,92,-12,12
8563,83,83,0,0
8564,64,73,-9,9
8565,55,61,-6,6
8566,84,74,10,10
8567,130,115,15,15
8568,85,89,-4,4
8569,109,111,-2,2
8570,153,139,14,14
8571,104,128,-24,24
8572,129,122,7,7
8573,106,101,5,5
8574,173,179,-6,6
8575,93,101,-8,8
8576,93,94,-1,1
8577,99,104,-5,5
8578,66,85,-19,19
8579,98,100,-2,2
8580,110,141,-31,31
8581,50,63,-13,13
8582,104,112,-8,8
8583,110,111,-1,1
8584,60,77,-17,17
8585,102,110,-8,8
8586,87,56,31,31
8587,133,139,-6,6
8588,133,132,1,1
8589,122,109,13,13
8590,92,93,-1,1
8591,139,122,17,17
8592,52,59,-7,7
8593,83,109,-26,26
8594,91,95,-4,4
8595,65,75,-10,10
8596,113,122,-9,9
8597,77,80,-3,3
8598,161,132,29,29
8599,92,100,-8,8
8600,180,162,18,18
8601,77,42,35,35
8602,109,104,5,5
8603,81,80,1,1
8604,98,104,-6,6
8605,54,48,6,6
8606,126,129,-3,3
8607,91,100,-9,9
8608,77,85,-8,8
8609,124,116,8,8
8610,78,89,-11,11
8611,189,159,30,30
8612,80,82,-2,2
8613,159,131,28,28
8614,73,86,-13,13
8615,90,103,-13,13
8616,62,6,56,56
8617,90,90,0,0
8618,134,147,-13,13
8619,121,107,14,14
8620,87,106,-19,19
8621,59,64,-5,5
8622,89,85,4,4
8623,105,111,-6,6
8624,97,98,-1,1
8625,110,103,7,7
8626,141,125,16,16
8627,85,85,0,0
8628,132,131,1,1
8629,89,103,-14,14
8630,75,86,-11,11
8631,81,63,18,18
8632,77,63,14,14
8633,104,110,-6,6
8634,132,115,17,17
8635,136,111,25,25
8636,82,88,-6,6
8637,85,85,0,0
8638,76,76,0,0
8639,109,135,-26,26
8640,51,55,-4,4
8641,85,87,-2,2
8642,58,54,4,4
8643,161,156,5,5
8644,85,104,-19,19
8645,61,66,-5,5
8646,82,90,-8,8
8647,114,122,-8,8
8648,113,109,4,4
8649,82,85,-3,3
8650,128,119,9,9
8651,113,111,2,2
8652,61,69,-8,8
8653,85,75,10,10
8654,112,111,1,1
8655,76,49,27,27
8656,89,86,3,3
8657,142,130,12,12
8658,81,89,-8,8
8659,143,128,15,15
8660,94,71,23,23
8661,134,109,25,25
8662,59,56,3,3
8663,55,60,-5,5
8664,75,91,-16,16
8665,87,99,-12,12
8666,69,60,9,9
8667,104,102,2,2
8668,57,43,14,14
8669,68,60,8,8
8670,169,151,18,18
8671,114,91,23,23
8672,92,95,-3,3
8673,97,97,0,0
8674,121,121,0,0
8675,89,96,-7,7
8676,116,128,-12,12
8677,93,103,-10,10
8678,116,104,12,12
8679,125,112,13,13
8680,82,114,-32,32
8681,50,38,12,12
8682,46,82,-36,36
8683,45,49,-4,4
8684,120,124,-4,4
8685,93,89,4,4
8686,102,109,-7,7
8687,126,130,-4,4
8688,108,130,-22,22
8689,110,106,4,4
8690,101,96,5,5
8691,73,79,-6,6
8692,58,47,11,11
8693,113,116,-3,3
8694,136,143,-7,7
8695,64,67,-3,3
8696,125,143,-18,18
8697,88,83,5,5
8698,92,95,-3,3
8699,106,109,-3,3
8700,90,104,-14,14
8701,85,104,-19,19
8702,80,76,4,4
8703,110,109,1,1
8704,80,97,-17,17
8705,117,103,14,14
8706,47,62,-15,15
8707,112,109,3,3
8708,84,90,-6,6
8709,116,96,20,20
8710,61,75,-14,14
8711,82,75,7,7
8712,164,145,19,19
8713,125,129,-4,4
8714,80,77,3,3
8715,66,71,-5,5
8716,61,75,-14,14
8717,82,100,-18,18
8718,81,86,-5,5
8719,143,130,13,13
8720,145,134,11,11
8721,75,80,-5,5
8722,60,84,-24,24
8723,86,90,-4,4
8724,99,102,-3,3
8725,112,116,-4,4
8726,98,89,9,9
8727,96,73,23,23
8728,64,60,4,4
8729,62,57,5,5
8730,123,140,-17,17
8731,83,95,-12,12
8732,101,109,-8,8
8733,27,4,23,23
8734,167,154,13,13
8735,149,157,-8,8
8736,94,62,32,32
8737,155,151,4,4
8738,39,20,19,19
8739,62,62,0,0
8740,81,73,8,8
8741,58,59,-1,1
8742,74,74,0,0
8743,139,135,4,4
8744,74,75,-1,1
8745,84,91,-7,7
8746,155,96,59,59
8747,114,126,-12,12
8748,152,173,-21,21
8749,104,103,1,1
8750,92,109,-17,17
8751,55,73,-18,18
8752,91,95,-4,4
8753,90,83,7,7
8754,86,92,-6,6
8755,76,74,2,2
8756,86,97,-11,11
8757,49,50,-1,1
8758,105,111,-6,6
8759,67,70,-3,3
8760,96,115,-19,19
8761,105,108,-3,3
8762,98,99,-1,1
8763,114,113,1,1
8764,114,118,-4,4
8765,103,119,-16,16
8766,128,125,3,3
8767,110,105,5,5
8768,89,87,2,2
8769,67,66,1,1
8770,136,92,44,44
8771,154,114,40,40
8772,62,43,19,19
8773,109,107,2,2
8774,91,84,7,7
8775,63,58,5,5
8776,172,135,37,37
8777,93,84,9,9
8778,81,78,3,3
8779,87,88,-1,1
8780,49,90,-41,41
8781,157,125,32,32
8782,87,76,11,11
8783,61,84,-23,23
8784,60,58,2,2
8785,129,134,-5,5
8786,75,108,-33,33
8787,86,101,-15,15
8788,37,30,7,7
8789,110,115,-5,5
8790,124,113,11,11
8791,65,94,-29,29
8792,148,156,-8,8
8793,73,83,-10,10
8794,105,114,-9,9
8795,70,73,-3,3
8796,63,86,-23,23
8797,71,64,7,7
8798,71,74,-3,3
8799,68,78,-10,10
8800,96,91,5,5
8801,87,78,9,9
8802,88,104,-16,16
8803,69,70,-1,1
8804,83,85,-2,2
8805,72,78,-6,6
8806,98,100,-2,2
8807,126,124,2,2
8808,45,62,-17,17
8809,52,48,4,4
8810,103,115,-12,12
8811,77,67,10,10
8812,83,72,11,11
8813,73,64,9,9
8814,108,121,-13,13
8815,73,80,-7,7
8816,80,84,-4,4
8817,57,37,20,20
8818,63,61,2,2
8819,24,34,-10,10
8820,89,83,6,6
8821,61,71,-10,10
8822,97,102,-5,5
8823,85,90,-5,5
8824,143,139,4,4
8825,129,123,6,6
8826,75,88,-13,13
8827,71,83,-12,12
8828,92,86,6,6
8829,72,76,-4,4
8830,91,89,2,2
8831,83,99,-16,16
8832,75,76,-1,1
8833,66,81,-15,15
8834,43,41,2,2
8835,127,124,3,3
8836,125,138,-13,13
8837,44,34,10,10
8838,51,65,-14,14
8839,54,59,-5,5
8840,203,194,9,9
8841,127,129,-2,2
8842,102,101,1,1
8843,81,79,2,2
8844,69,59,10,10
8845,121,117,4,4
8846,85,100,-15,15
8847,125,121,4,4
8848,138,134,4,4
8849,191,124,67,67
8850,92,108,-16,16
8851,94,89,5,5
8852,128,130,-2,2
8853,35,49,-14,14
8854,104,102,2,2
8855,86,88,-2,2
8856,132,128,4,4
8857,89,88,1,1
8858,48,46,2,2
8859,75,74,1,1
8860,80,77,3,3
8861,100,95,5,5
8862,115,110,5,5
8863,135,137,-2,2
8864,88,95,-7,7
8865,108,86,22,22
8866,141,144,-3,3
8867,81,86,-5,5
8868,147,155,-8,8
8869,94,98,-4,4
8870,86,96,-10,10
8871,125,127,-2,2
8872,62,77,-15,15
8873,82,74,8,8
8874,123,125,-2,2
8875,80,93,-13,13
8876,108,105,3,3
8877,91,90,1,1
8878,124,120,4,4
8879,93,85,8,8
8880,141,150,-9,9
8881,97,105,-8,8
8882,177,154,23,23
8883,80,92,-12,12
8884,133,152,-19,19
8885,98,111,-13,13
8886,104,100,4,4
8887,64,67,-3,3
8888,170,162,8,8
8889,91,100,-9,9
8890,98,87,11,11
8891,125,123,2,2
8892,65,69,-4,4
8893,86,99,-13,13
8894,75,55,20,20
8895,72,72,0,0
8896,53,68,-15,15
8897,93,79,14,14
8898,69,71,-2,2
8899,95,91,4,4
8900,76,82,-6,6
8901,73,71,2,2
8902,56,72,-16,16
8903,92,100,-8,8
8904,43,50,-7,7
8905,60,68,-8,8
8906,74,68,6,6
8907,85,94,-9,9
8908,91,94,-3,3
8909,92,95,-3,3
8910,91,102,-11,11
8911,60,73,-13,13
8912,142,139,3,3
8913,127,138,-11,11
8914,87,89,-2,2
8915,130,119,11,11
8916,104,100,4,4
8917,62,49,13,13
8918,125,110,15,15
8919,96,129,-33,33
8920,170,136,34,34
8921,103,116,-13,13
8922,185,133,52,52
8923,80,73,7,7
8924,56,64,-8,8
8925,105,120,-15,15
8926,63,58,5,5
8927,88,96,-8,8
8928,79,84,-5,5
8929,60,69,-9,9
8930,84,76,8,8
8931,123,130,-7,7
8932,107,105,2,2
8933,94,102,-8,8
8934,70,54,16,16
8935,141,120,21,21
8936,56,51,5,5
8937,166,164,2,2
8938,120,104,16,16
8939,137,124,13,13
8940,88,83,5,5
8941,127,101,26,26
8942,157,147,10,10
8943,130,149,-19,19
8944,106,113,-7,7
8945,131,137,-6,6
8946,54,54,0,0
8947,132,127,5,5
8948,80,93,-13,13
8949,81,86,-5,5
8950,128,114,14,14
8951,36,70,-34,34
8952,106,123,-17,17
8953,85,89,-4,4
8954,64,67,-3,3
8955,81,74,7,7
8956,120,118,2,2
8957,130,125,5,5
8958,99,83,16,16
8959,70,61,9,9
8960,78,76,2,2
8961,112,121,-9,9
8962,82,83,-1,1
8963,184,171,13,13
8964,129,140,-11,11
8965,111,113,-2,2
8966,99,112,-13,13
8967,51,64,-13,13
8968,102,100,2,2
8969,66,72,-6,6
8970,74,73,1,1
8971,129,134,-5,5
8972,54,62,-8,8
8973,117,146,-29,29
8974,120,116,4,4
8975,73,77,-4,4
8976,177,161,16,16
8977,157,152,5,5
8978,77,75,2,2
8979,55,58,-3,3
8980,132,129,3,3
8981,180,173,7,7
8982,72,76,-4,4
8983,88,103,-15,15
8984,71,83,-12,12
8985,85,83,2,2
8986,51,54,-3,3
8987,61,87,-26,26
8988,76,86,-10,10
8989,90,110,-20,20
8990,64,79,-15,15
8991,67,89,-22,22
8992,95,94,1,1
8993,46,45,1,1
8994,92,92,0,0
8995,121,137,-16,16
8996,93,101,-8,8
8997,92,93,-1,1
8998,52,45,7,7
8999,112,120,-8,8
9000,66,103,-37,37
9001,76,70,6,6
9002,157,143,14,14
9003,75,79,-4,4
9004,68,70,-2,2
9005,64,76,-12,12
9006,135,127,8,8
9007,107,104,3,3
9008,79,62,17,17
9009,82,75,7,7
9010,101,89,12,12
9011,142,162,-20,20
9012,108,105,3,3
9013,93,119,-26,26
9014,111,113,-2,2
9015,111,125,-14,14
9016,101,89,12,12
9017,67,69,-2,2
9018,58,55,3,3
9019,117,115,2,2
9020,100,91,9,9
9021,96,96,0,0
9022,106,108,-2,2
9023,82,81,1,1
9024,57,46,11,11
9025,95,88,7,7
9026,92,85,7,7
9027,78,87,-9,9
9028,85,88,-3,3
9029,46,17,29,29
9030,60,82,-22,22
9031,68,73,-5,5
9032,90,83,7,7
9033,106,105,1,1
9034,72,71,1,1
9035,91,103,-12,12
9036,142,141,1,1
9037,63,58,5,5
9038,55,58,-3,3
9039,112,115,-3,3
9040,165,129,36,36
9041,80,78,2,2
9042,58,40,18,18
9043,96,105,-9,9
9044,69,72,-3,3
9045,85,93,-8,8
9046,74,87,-13,13
9047,148,141,7,7
9048,61,59,2,2
9049,114,123,-9,9
9050,117,122,-5,5
9051,87,82,5,5
9052,148,126,22,22
9053,129,123,6,6
9054,100,90,10,10
9055,79,83,-4,4
9056,84,75,9,9
9057,75,78,-3,3
9058,101,92,9,9
9059,74,74,0,0
9060,98,86,12,12
9061,97,103,-6,6
9062,58,62,-4,4
9063,104,101,3,3
9064,122,115,7,7
9065,33,32,1,1
9066,62,60,2,2
9067,59,81,-22,22
9068,66,80,-14,14
9069,112,114,-2,2
9070,109,110,-1,1
9071,67,66,1,1
9072,157,187,-30,30
9073,147,129,18,18
9074,114,113,1,1
9075,45,38,7,7
9076,71,81,-10,10
9077,135,133,2,2
9078,64,56,8,8
9079,101,116,-15,15
9080,93,105,-12,12
9081,92,72,20,20
9082,128,129,-1,1
9083,90,81,9,9
9084,113,97,16,16
9085,62,31,31,31
9086,66,73,-7,7
9087,69,74,-5,5
9088,90,88,2,2
9089,69,84,-15,15
9090,87,93,-6,6
9091,70,95,-25,25
9092,88,73,15,15
9093,60,71,-11,11
9094,172,170,2,2
9095,94,95,-1,1
9096,53,58,-5,5
9097,81,82,-1,1
9098,103,102,1,1
9099,146,148,-2,2
9100,93,99,-6,6
9101,106,115,-9,9
9102,115,104,11,11
9103,171,155,16,16
9104,80,105,-25,25
9105,89,91,-2,2
9106,75,80,-5,5
9107,197,149,48,48
9108,52,61,-9,9
9109,56,61,-5,5
9110,76,68,8,8
9111,136,131,5,5
9112,127,127,0,0
9113,102,108,-6,6
9114,100,100,0,0
9115,154,149,5,5
9116,127,141,-14,14
9117,115,117,-2,2
9118,69,82,-13,13
9119,113,102,11,11
9120,116,107,9,9
9121,92,94,-2,2
9122,95,112,-17,17
9123,81,71,10,10
9124,81,82,-1,1
9125,148,154,-6,6
9126,94,84,10,10
9127,117,114,3,3
9128,47,60,-13,13
9129,100,106,-6,6
9130,133,124,9,9
9131,79,103,-24,24
9132,147,132,15,15
9133,62,66,-4,4
9134,77,85,-8,8
9135,154,144,10,10
9136,112,120,-8,8
9137,65,57,8,8
9138,42,22,20,20
9139,114,136,-22,22
9140,114,108,6,6
9141,77,75,2,2
9142,68,79,-11,11
9143,84,96,-12,12
9144,120,131,-11,11
9145,132,138,-6,6
9146,113,128,-15,15
9147,86,90,-4,4
9148,78,88,-10,10
9149,73,99,-26,26
9150,68,51,17,17
9151,93,96,-3,3
9152,113,130,-17,17
9153,58,58,0,0
9154,63,78,-15,15
9155,54,50,4,4
9156,123,111,12,12
9157,43,51,-8,8
9158,82,92,-10,10
9159,144,132,12,12
9160,73,110,-37,37
9161,49,60,-11,11
9162,103,93,10,10
9163,179,197,-18,18
9164,106,101,5,5
9165,93,113,-20,20
9166,135,146,-11,11
9167,120,125,-5,5
9168,130,115,15,15
9169,79,75,4,4
9170,82,79,3,3
9171,55,60,-5,5
9172,74,60,14,14
9173,153,156,-3,3
9174,93,94,-1,1
9175,107,103,4,4
9176,136,153,-17,17
9177,88,99,-11,11
9178,56,72,-16,16
9179,171,161,10,10
9180,115,112,3,3
9181,53,70,-17,17
9182,124,144,-20,20
9183,117,112,5,5
9184,76,78,-2,2
9185,168,141,27,27
9186,78,66,12,12
9187,42,32,10,10
9188,74,64,10,10
9189,156,142,14,14
9190,81,76,5,5
9191,88,69,19,19
9192,169,155,14,14
9193,74,70,4,4
9194,108,109,-1,1
9195,98,105,-7,7
9196,175,186,-11,11
9197,39,46,-7,7
9198,47,57,-10,10
9199,100,94,6,6
9200,105,97,8,8
9201,103,104,-1,1
9202,114,113,1,1
9203,65,61,4,4
9204,70,71,-1,1
9205,79,57,22,22
9206,96,96,0,0
9207,123,134,-11,11
9208,94,96,-2,2
9209,124,146,-22,22
9210,102,103,-1,1
9211,108,96,12,12
9212,78,79,-1,1
9213,111,115,-4,4
9214,84,102,-18,18
9215,58,44,14,14
9216,124,112,12,12
9217,92,106,-14,14
9218,75,75,0,0
9219,64,45,19,19
9220,89,85,4,4
9221,88,110,-22,22
9222,58,62,-4,4
9223,116,119,-3,3
9224,57,68,-11,11
9225,98,100,-2,2
9226,138,141,-3,3
9227,87,100,-13,13
9228,58,56,2,2
9229,141,129,12,12
9230,72,83,-11,11
9231,63,83,-20,20
9232,173,168,5,5
9233,113,116,-3,3
9234,114,101,13,13
9235,95,67,28,28
9236,80,80,0,0
9237,75,78,-3,3
9238,113,114,-1,1
9239,86,94,-8,8
9240,54,65,-11,11
9241,99,98,1,1
9242,149,113,36,36
9243,73,77,-4,4
9244,86,82,4,4
9245,108,105,3,3
9246,74,66,8,8
9247,59,67,-8,8
9248,106,117,-11,11
9249,158,144,14,14
9250,45,101,-56,56
9251,77,83,-6,6
9252,116,132,-16,16
9253,52,58,-6,6
9254,93,105,-12,12
9255,129,114,15,15
9256,63,61,2,2
9257,41,45,-4,4
9258,62,53,9,9
9259,168,150,18,18
9260,117,124,-7,7
9261,142,138,4,4
9262,112,106,6,6
9263,101,99,2,2
9264,86,78,8,8
9265,77,98,-21,21
9266,141,137,4,4
9267,80,110,-30,30
9268,107,132,-25,25
9269,90,89,1,1
9270,65,75,-10,10
9271,57,44,13,13
9272,89,88,1,1
9273,63,53,10,10
9274,121,126,-5,5
9275,108,101,7,7
9276,83,89,-6,6
9277,116,88,28,28
9278,66,79,-13,13
9279,128,124,4,4
9280,98,102,-4,4
9281,76,75,1,1
9282,130,126,4,4
9283,55,56,-1,1
9284,64,77,-13,13
9285,107,115,-8,8
9286,117,119,-2,2
9287,124,130,-6,6
9288,88,86,2,2
9289,44,46,-2,2
9290,89,96,-7,7
9291,82,91,-9,9
9292,78,74,4,4
9293,63,71,-8,8
9294,60,52,8,8
9295,55,58,-3,3
9296,80,90,-10,10
9297,56,65,-9,9
9298,68,82,-14,14
9299,177,172,5,5
9300,69,70,-1,1
9301,63,76,-13,13
9302,116,109,7,7
9303,96,109,-13,13
9304,142,93,49,49
9305,85,87,-2,2
9306,56,61,-5,5
9307,91,78,13,13
9308,72,53,19,19
9309,69,79,-10,10
9310,114,111,3,3
9311,131,138,-7,7
9312,70,87,-17,17
9313,138,137,1,1
9314,103,96,7,7
9315,69,75,-6,6
9316,97,84,13,13
9317,98,120,-22,22
9318,117,111,6,6
9319,95,109,-14,14
9320,130,127,3,3
9321,174,155,19,19
9322,114,135,-21,21
9323,87,95,-8,8
9324,92,96,-4,4
9325,57,71,-14,14
9326,93,74,19,19
9327,90,100,-10,10
9328,87,98,-11,11
9329,87,102,-15,15
9330,115,117,-2,2
9331,103,111,-8,8
9332,66,57,9,9
9333,95,89,6,6
9334,98,97,1,1
9335,82,80,2,2
9336,63,39,24,24
9337,39,41,-2,2
9338,60,71,-11,11
9339,112,105,7,7
9340,159,154,5,5
9341,41,35,6,6
9342,96,106,-10,10
9343,117,112,5,5
9344,69,55,14,14
9345,82,87,-5,5
9346,125,112,13,13
9347,82,83,-1,1
9348,65,70,-5,5
9349,92,75,17,17
9350,91,88,3,3
9351,91,89,2,2
9352,95,83,12,12
9353,28,34,-6,6
9354,64,60,4,4
9355,73,58,15,15
9356,122,120,2,2
9357,76,81,-5,5
9358,82,89,-7,7
9359,134,123,11,11
9360,118,113,5,5
9361,72,85,-13,13
9362,96,130,-34,34
9363,176,138,38,38
9364,156,158,-2,2
9365,64,115,-51,51
9366,99,106,-7,7
9367,94,85,9,9
9368,84,77,7,7
9369,88,94,-6,6
9370,144,147,-3,3
9371,123,117,6,6
9372,99,109,-10,10
9373,63,94,-31,31
9374,64,86,-22,22
9375,141,117,24,24
9376,71,106,-35,35
9377,166,157,9,9
9378,118,122,-4,4
9379,120,111,9,9
9380,145,157,-12,12
9381,87,95,-8,8
9382,90,93,-3,3
9383,80,96,-16,16
9384,125,127,-2,2
9385,59,53,6,6
9386,171,156,15,15
9387,72,75,-3,3
9388,121,108,13,13
9389,47,54,-7,7
9390,73,80,-7,7
9391,124,105,19,19
9392,87,94,-7,7
9393,95,99,-4,4
9394,77,83,-6,6
9395,167,169,-2,2
9396,53,69,-16,16
9397,89,76,13,13
9398,83,97,-14,14
9399,77,99,-22,22
9400,127,110,17,17
9401,94,95,-1,1
9402,95,86,9,9
9403,93,92,1,1
9404,74,109,-35,35
9405,112,118,-6,6
9406,117,115,2,2
9407,69,72,-3,3
9408,88,76,12,12
9409,71,76,-5,5
9410,57,47,10,10
9411,89,87,2,2
9412,98,114,-16,16
9413,123,139,-16,16
9414,88,88,0,0
9415,136,124,12,12
9416,85,75,10,10
9417,93,106,-13,13
9418,150,126,24,24
9419,50,51,-1,1
9420,77,77,0,0
9421,87,101,-14,14
9422,123,121,2,2
9423,71,81,-10,10
9424,142,143,-1,1
9425,78,92,-14,14
9426,111,97,14,14
9427,54,77,-23,23
9428,66,57,9,9
9429,110,111,-1,1
9430,96,93,3,3
9431,56,55,1,1
9432,17,6,11,11
9433,84,84,0,0
9434,108,104,4,4
9435,103,90,13,13
9436,102,94,8,8
9437,81,79,2,2
9438,125,113,12,12
9439,120,131,-11,11
9440,89,88,1,1
9441,73,72,1,1
9442,110,113,-3,3
9443,86,83,3,3
9444,94,94,0,0
9445,76,80,-4,4
9446,72,83,-11,11
9447,41,42,-1,1
9448,129,127,2,2
9449,80,75,5,5
9450,92,78,14,14
9451,208,162,46,46
9452,170,165,5,5
9453,88,88,0,0
9454,43,27,16,16
9455,65,67,-2,2
9456,52,65,-13,13
9457,44,40,4,4
9458,96,101,-5,5
9459,165,153,12,12
9460,92,90,2,2
9461,104,98,6,6
9462,131,137,-6,6
9463,73,87,-14,14
9464,131,113,18,18
9465,51,49,2,2
9466,63,72,-9,9
9467,107,113,-6,6
9468,109,132,-23,23
9469,131,114,17,17
9470,96,94,2,2
9471,90,94,-4,4
9472,60,64,-4,4
9473,106,126,-20,20
9474,101,82,19,19
9475,67,71,-4,4
9476,117,117,0,0
9477,76,111,-35,35
9478,78,78,0,0
9479,94,81,13,13
9480,95,93,2,2
9481,78,76,2,2
9482,133,134,-1,1
9483,41,33,8,8
9484,105,111,-6,6
9485,102,114,-12,12
9486,88,92,-4,4
9487,106,120,-14,14
9488,89,91,-2,2
9489,98,96,2,2
9490,128,123,5,5
9491,102,101,1,1
9492,132,141,-9,9
9493,101,99,2,2
9494,144,141,3,3
9495,61,63,-2,2
9496,61,59,2,2
9497,114,125,-11,11
9498,125,119,6,6
9499,70,69,1,1
9500,83,84,-1,1
9501,147,148,-1,1
9502,97,97,0,0
9503,82,89,-7,7
9504,87,89,-2,2
9505,94,78,16,16
9506,54,82,-28,28
9507,71,92,-21,21
9508,105,113,-8,8
9509,87,93,-6,6
9510,95,97,-2,2
9511,71,85,-14,14
9512,76,92,-16,16
9513,123,120,3,3
9514,127,152,-25,25
9515,84,95,-11,11
9516,48,57,-9,9
9517,108,97,11,11
9518,157,134,23,23
9519,54,58,-4,4
9520,100,93,7,7
9521,118,120,-2,2
9522,57,53,4,4
9523,137,128,9,9
9524,80,93,-13,13
9525,48,34,14,14
9526,49,35,14,14
9527,94,99,-5,5
9528,101,95,6,6
9529,64,78,-14,14
9530,114,130,-16,16
9531,82,90,-8,8
9532,62,58,4,4
9533,57,64,-7,7
9534,88,102,-14,14
9535,92,102,-10,10
9536,66,99,-33,33
9537,76,84,-8,8
9538,59,69,-10,10
9539,89,89,0,0
9540,63,62,1,1
9541,51,50,1,1
9542,123,123,0,0
9543,88,99,-11,11
9544,59,68,-9,9
9545,66,69,-3,3
9546,135,130,5,5
9547,54,61,-7,7
9548,24,12,12,12
9549,91,70,21,21
9550,166,164,2,2
9551,45,40,5,5
9552,95,77,18,18
9553,99,112,-13,13
9554,70,74,-4,4
9555,81,76,5,5
9556,97,100,-3,3
9557,75,97,-22,22
9558,55,71,-16,16
9559,86,106,-20,20
9560,172,156,16,16
9561,65,61,4,4
9562,174,180,-6,6
9563,78,84,-6,6
9564,81,85,-4,4
9565,68,73,-5,5
9566,74,59,15,15
9567,46,39,7,7
9568,119,130,-11,11
9569,48,64,-16,16
9570,112,115,-3,3
9571,135,156,-21,21
9572,91,76,15,15
9573,103,98,5,5
9574,95,116,-21,21
9575,91,77,14,14
9576,201,172,29,29
9577,89,95,-6,6
9578,71,58,13,13
9579,198,180,18,18
9580,93,86,7,7
9581,82,78,4,4
9582,132,135,-3,3
9583,79,95,-16,16
9584,60,68,-8,8
9585,72,95,-23,23
9586,107,115,-8,8
9587,112,110,2,2
9588,99,84,15,15
9589,104,129,-25,25
9590,68,68,0,0
9591,57,56,1,1
9592,47,49,-2,2
9593,96,93,3,3
9594,95,97,-2,2
9595,43,41,2,2
9596,116,108,8,8
9597,65,86,-21,21
9598,106,95,11,11
9599,117,130,-13,13
9600,96,92,4,4
9601,67,95,-28,28
9602,100,104,-4,4
9603,108,109,-1,1
9604,103,98,5,5
9605,58,56,2,2
9606,88,103,-15,15
9607,133,133,0,0
9608,161,136,25,25
9609,95,92,3,3
9610,99,83,16,16
9611,69,83,-14,14
9612,112,92,20,20
9613,127,126,1,1
9614,66,60,6,6
9615,116,117,-1,1
9616,105,93,12,12
9617,100,106,-6,6
9618,93,101,-8,8
9619,79,88,-9,9
9620,121,113,8,8
9621,86,95,-9,9
9622,88,78,10,10
9623,177,159,18,18
9624,67,65,2,2
9625,73,77,-4,4
9626,105,85,20,20
9627,115,118,-3,3
9628,141,136,5,5
9629,75,83,-8,8
9630,58,63,-5,5
9631,86,80,6,6
9632,137,149,-12,12
9633,113,110,3,3
9634,92,79,13,13
9635,83,87,-4,4
9636,103,115,-12,12
9637,145,144,1,1
9638,84,91,-7,7
9639,123,131,-8,8
9640,104,107,-3,3
9641,61,58,3,3
9642,79,49,30,30
9643,90,115,-25,25
9644,115,121,-6,6
9645,138,147,-9,9
9646,80,87,-7,7
9647,92,99,-7,7
9648,126,126,0,0
9649,62,41,21,21
9650,81,62,19,19
9651,88,69,19,19
9652,90,111,-21,21
9653,70,72,-2,2
9654,113,124,-11,11
9655,81,88,-7,7
9656,70,75,-5,5
9657,87,86,1,1
9658,62,80,-18,18
9659,54,55,-1,1
9660,85,89,-4,4
9661,76,75,1,1
9662,44,53,-9,9
9663,106,101,5,5
9664,116,80,36,36
9665,114,127,-13,13
9666,156,156,0,0
9667,127,122,5,5
9668,61,64,-3,3
9669,57,46,11,11
9670,128,131,-3,3
9671,90,75,15,15
9672,113,116,-3,3
9673,81,84,-3,3
9674,48,62,-14,14
9675,47,43,4,4
9676,139,132,7,7
9677,154,151,3,3
9678,104,129,-25,25
9679,97,100,-3,3
9680,123,117,6,6
9681,68,61,7,7
9682,94,90,4,4
9683,77,87,-10,10
9684,45,46,-1,1
9685,78,84,-6,6
9686,75,77,-2,2
9687,79,73,6,6
9688,175,148,27,27
9689,117,116,1,1
9690,108,106,2,2
9691,106,113,-7,7
9692,82,63,19,19
9693,112,111,1,1
9694,74,97,-23,23
9695,117,114,3,3
9696,94,113,-19,19
9697,226,184,42,42
9698,120,120,0,0
9699,40,28,12,12
9700,40,113,-73,73
9701,119,125,-6,6
9702,51,48,3,3
9703,61,68,-7,7
9704,119,131,-12,12
9705,97,82,15,15
9706,70,73,-3,3
9707,101,95,6,6
9708,160,147,13,13
9709,88,71,17,17
9710,41,62,-21,21
9711,86,77,9,9
9712,76,92,-16,16
9713,66,75,-9,9
9714,110,114,-4,4
9715,120,115,5,5
9716,97,99,-2,2
9717,89,97,-8,8
9718,117,112,5,5
9719,59,75,-16,16
9720,145,140,5,5
9721,84,79,5,5
9722,78,87,-9,9
9723,65,66,-1,1
9724,62,74,-12,12
9725,114,122,-8,8
9726,76,80,-4,4
9727,51,61,-10,10
9728,131,153,-22,22
9729,162,184,-22,22
9730,90,88,2,2
9731,95,123,-28,28
9732,49,64,-15,15
9733,81,89,-8,8
9734,103,99,4,4
9735,136,141,-5,5
9736,116,109,7,7
9737,74,77,-3,3
9738,54,69,-15,15
9739,110,117,-7,7
9740,113,105,8,8
9741,142,126,16,16
9742,130,103,27,27
9743,156,147,9,9
9744,186,170,16,16
9745,70,72,-2,2
9746,115,110,5,5
9747,149,136,13,13
9748,135,136,-1,1
9749,72,73,-1,1
9750,143,126,17,17
9751,190,175,15,15
9752,117,134,-17,17
9753,124,43,81,81
9754,78,88,-10,10
9755,90,106,-16,16
9756,49,38,11,11
9757,52,55,-3,3
9758,48,53,-5,5
9759,69,68,1,1
9760,69,72,-3,3
9761,40,51,-11,11
9762,89,104,-15,15
9763,85,88,-3,3
9764,104,122,-18,18
9765,130,113,17,17
9766,110,91,19,19
9767,136,120,16,16
9768,91,82,9,9
9769,83,94,-11,11
9770,50,39,11,11
9771,104,107,-3,3
9772,83,81,2,2
9773,114,113,1,1
9774,119,132,-13,13
9775,88,94,-6,6
9776,68,93,-25,25
9777,84,95,-11,11
9778,93,65,28,28
9779,56,61,-5,5
9780,66,76,-10,10
9781,60,87,-27,27
9782,58,56,2,2
9783,142,156,-14,14
9784,197,185,12,12
9785,53,52,1,1
9786,86,117,-31,31
9787,85,86,-1,1
9788,153,140,13,13
9789,58,62,-4,4
9790,78,72,6,6
9791,159,150,9,9
9792,129,134,-5,5
9793,115,112,3,3
9794,64,60,4,4
9795,142,135,7,7
9796,83,83,0,0
9797,171,182,-11,11
9798,137,17,120,120
9799,107,126,-19,19
9800,101,94,7,7
9801,75,75,0,0
9802,103,99,4,4
9803,80,86,-6,6
9804,51,65,-14,14
9805,92,82,10,10
9806,88,90,-2,2
9807,96,107,-11,11
9808,140,117,23,23
9809,107,100,7,7
9810,59,65,-6,6
9811,128,114,14,14
9812,80,78,2,2
9813,40,27,13,13
9814,139,141,-2,2
9815,79,79,0,0
9816,89,73,16,16
9817,127,128,-1,1
9818,132,119,13,13
9819,104,118,-14,14
9820,100,100,0,0
9821,76,72,4,4
9822,182,153,29,29
9823,43,43,0,0
9824,56,52,4,4
9825,140,132,8,8
9826,98,100,-2,2
9827,66,84,-18,18
9828,52,77,-25,25
9829,100,100,0,0
9830,131,118,13,13
9831,47,40,7,7
9832,57,56,1,1
9833,58,70,-12,12
9834,100,109,-9,9
9835,143,155,-12,12
9836,81,82,-1,1
9837,130,93,37,37
9838,63,71,-8,8
9839,84,88,-4,4
9840,86,81,5,5
9841,118,112,6,6
9842,109,105,4,4
9843,176,175,1,1
9844,68,81,-13,13
9845,102,109,-7,7
9846,65,90,-25,25
9847,88,89,-1,1
9848,127,115,12,12
9849,56,59,-3,3
9850,104,108,-4,4
9851,105,101,4,4
9852,84,84,0,0
9853,27,64,-37,37
9854,95,114,-19,19
9855,77,78,-1,1
9856,192,181,11,11
9857,78,62,16,16
9858,122,124,-2,2
9859,80,98,-18,18
9860,94,82,12,12
9861,126,131,-5,5
9862,44,50,-6,6
9863,73,82,-9,9
9864,104,68,36,36
9865,71,55,16,16
9866,65,62,3,3
9867,96,91,5,5
9868,116,115,1,1
9869,103,109,-6,6
9870,129,121,8,8
9871,143,146,-3,3
9872,100,118,-18,18
9873,133,126,7,7
9874,64,63,1,1
9875,121,125,-4,4
9876,61,70,-9,9
9877,55,58,-3,3
9878,49,55,-6,6
9879,86,81,5,5
9880,85,90,-5,5
9881,61,52,9,9
9882,128,139,-11,11
9883,91,68,23,23
9884,99,75,24,24
9885,92,96,-4,4
9886,179,171,8,8
9887,114,100,14,14
9888,66,62,4,4
9889,78,87,-9,9
9890,69,80,-11,11
9891,121,123,-2,2
9892,85,82,3,3
9893,110,122,-12,12
9894,92,103,-11,11
9895,117,116,1,1
9896,174,171,3,3
9897,135,146,-11,11
9898,64,33,31,31
9899,75,95,-20,20
9900,97,119,-22,22
9901,120,121,-1,1
9902,102,113,-11,11
9903,91,85,6,6
9904,70,82,-12,12
9905,64,70,-6,6
9906,49,40,9,9
9907,94,92,2,2
9908,71,76,-5,5
9909,136,157,-21,21
9910,68,70,-2,2
9911,122,117,5,5
9912,73,76,-3,3
9913,114,118,-4,4
9914,98,100,-2,2
9915,104,105,-1,1
9916,103,97,6,6
9917,108,98,10,10
9918,127,119,8,8
9919,130,140,-10,10
9920,95,101,-6,6
9921,89,90,-1,1
9922,73,74,-1,1
9923,157,141,16,16
9924,103,99,4,4
9925,105,101,4,4
9926,112,110,2,2
9927,109,109,0,0
9928,79,80,-1,1
9929,92,122,-30,30
9930,72,76,-4,4
9931,48,59,-11,11
9932,98,81,17,17
9933,111,112,-1,1
9934,119,108,11,11
9935,139,123,16,16
9936,55,59,-4,4
9937,107,110,-3,3
9938,135,148,-13,13
9939,102,107,-5,5
9940,88,97,-9,9
9941,105,116,-11,11
9942,136,119,17,17
9943,82,85,-3,3
9944,67,60,7,7
9945,123,125,-2,2
9946,120,135,-15,15
9947,94,98,-4,4
9948,51,53,-2,2
9949,95,84,11,11
9950,92,84,8,8
9951,154,140,14,14
9952,76,98,-22,22
9953,59,60,-1,1
9954,153,137,16,16
9955,66,90,-24,24
9956,96,105,-9,9
9957,131,137,-6,6
9958,81,84,-3,3
9959,80,81,-1,1
9960,59,68,-9,9
9961,72,78,-6,6
9962,148,134,14,14
9963,123,125,-2,2
9964,72,90,-18,18
9965,59,60,-1,1
9966,145,158,-13,13
9967,95,100,-5,5
9968,125,117,8,8
9969,79,85,-6,6
9970,79,85,-6,6
9971,68,84,-16,16
9972,135,147,-12,12
9973,96,103,-7,7
9974,64,62,2,2
9975,62,47,15,15
9976,102,98,4,4
9977,141,128,13,13
9978,82,57,25,25
9979,84,76,8,8
9980,85,98,-13,13
9981,77,81,-4,4
9982,107,97,10,10
9983,94,97,-3,3
9984,84,72,12,12
9985,90,89,1,1
9986,127,105,22,22
9987,94,96,-2,2
9988,142,167,-25,25
9989,88,95,-7,7
9990,104,98,6,6
9991,66,77,-11,11
9992,48,45,3,3
9993,76,82,-6,6
9994,105,122,-17,17
9995,62,58,4,4
9996,82,81,1,1
9997,123,127,-4,4
9998,88,90,-2,2
9999,68,71,-3,3
10000,171,144,27,27
10001,134,133,1,1
10002,81,70,11,11
10003,66,76,-10,10
10004,49,57,-8,8
10005,92,94,-2,2
10006,121,121,0,0
10007,133,135,-2,2
10008,147,139,8,8
10009,81,81,0,0
10010,69,77,-8,8
10011,83,81,2,2
10012,88,94,-6,6
10013,59,55,4,4
10014,91,101,-10,10
10015,153,156,-3,3
10016,114,102,12,12
10017,77,90,-13,13
10018,85,96,-11,11
10019,80,80,0,0
10020,74,77,-3,3
10021,169,156,13,13
10022,108,113,-5,5
10023,121,132,-11,11
10024,83,71,12,12
10025,56,60,-4,4
10026,74,87,-13,13
10027,53,60,-7,7
10028,80,86,-6,6
10029,79,82,-3,3
10030,117,112,5,5
10031,174,149,25,25
10032,77,53,24,24
10033,114,80,34,34
10034,79,74,5,5
10035,158,145,13,13
10036,80,82,-2,2
10037,90,118,-28,28
10038,111,120,-9,9
10039,155,145,10,10
10040,55,60,-5,5
10041,74,77,-3,3
10042,62,72,-10,10
10043,138,137,1,1
10044,143,150,-7,7
10045,113,123,-10,10
10046,100,107,-7,7
10047,115,98,17,17
10048,49,50,-1,1
10049,139,144,-5,5
10050,114,127,-13,13
10051,125,132,-7,7
10052,61,68,-7,7
10053,136,139,-3,3
10054,77,95,-18,18
10055,211,193,18,18
10056,66,66,0,0
10057,111,105,6,6
10058,122,130,-8,8
10059,139,138,1,1
10060,121,115,6,6
10061,108,115,-7,7
10062,85,84,1,1
10063,110,127,-17,17
10064,62,68,-6,6
10065,107,112,-5,5
10066,49,41,8,8
10067,82,103,-21,21
10068,92,97,-5,5
10069,59,64,-5,5
10070,56,58,-2,2
10071,105,98,7,7
10072,61,70,-9,9
10073,95,108,-13,13
10074,56,55,1,1
10075,148,144,4,4
10076,123,135,-12,12
10077,111,125,-14,14
10078,75,78,-3,3
10079,139,143,-4,4
10080,68,81,-13,13
10081,90,85,5,5
10082,150,150,0,0
10083,133,131,2,2
10084,49,47,2,2
10085,62,60,2,2
10086,111,101,10,10
10087,117,120,-3,3
10088,151,160,-9,9
10089,100,107,-7,7
10090,42,53,-11,11
10091,78,70,8,8
10092,48,45,3,3
10093,118,116,2,2
10094,70,67,3,3
10095,117,128,-11,11
10096,61,28,33,33
10097,94,103,-9,9
10098,78,74,4,4
10099,170,158,12,12
10100,68,62,6,6
10101,78,81,-3,3
10102,47,48,-1,1
10103,130,101,29,29
10104,80,52,28,28
10105,70,83,-13,13
10106,49,16,33,33
10107,117,115,2,2
10108,86,85,1,1
10109,82,76,6,6
10110,54,67,-13,13
10111,160,151,9,9
10112,78,98,-20,20
10113,82,90,-8,8
10114,59,55,4,4
10115,115,110,5,5
10116,86,89,-3,3
10117,119,120,-1,1
10118,116,118,-2,2
10119,90,96,-6,6
10120,75,86,-11,11
10121,81,94,-13,13
10122,87,82,5,5
10123,108,111,-3,3
10124,50,53,-3,3
10125,53,66,-13,13
10126,130,137,-7,7
10127,125,132,-7,7
10128,118,116,2,2
10129,112,119,-7,7
10130,62,89,-27,27
10131,105,99,6,6
10132,90,102,-12,12
10133,143,153,-10,10
10134,58,60,-2,2
10135,64,70,-6,6
10136,108,107,1,1
10137,98,87,11,11
10138,136,108,28,28
10139,101,120,-19,19
10140,85,95,-10,10
10141,92,98,-6,6
10142,144,138,6,6
10143,80,90,-10,10
10144,110,97,13,13
10145,66,60,6,6
10146,73,71,2,2
10147,59,65,-6,6
10148,88,82,6,6
10149,74,94,-20,20
10150,61,73,-12,12
10151,125,112,13,13
10152,55,48,7,7
10153,115,121,-6,6
10154,58,59,-1,1
10155,76,87,-11,11
10156,137,141,-4,4
10157,81,74,7,7
10158,116,127,-11,11
10159,81,97,-16,16
10160,94,90,4,4
10161,78,102,-24,24
10162,80,79,1,1
10163,99,98,1,1
10164,118,116,2,2
10165,137,137,0,0
10166,98,111,-13,13
10167,71,78,-7,7
10168,83,89,-6,6
10169,132,142,-10,10
10170,69,74,-5,5
10171,119,109,10,10
10172,101,128,-27,27
10173,92,96,-4,4
10174,74,82,-8,8
10175,95,95,0,0
10176,67,77,-10,10
10177,50,81,-31,31
10178,106,97,9,9
10179,102,87,15,15
10180,359,226,133,133
10181,58,52,6,6
10182,94,90,4,4
10183,90,86,4,4
10184,88,90,-2,2
10185,105,99,6,6
10186,75,79,-4,4
10187,89,93,-4,4
10188,86,79,7,7
10189,133,128,5,5
10190,35,31,4,4
10191,88,75,13,13
10192,177,150,27,27
10193,100,96,4,4
10194,65,56,9,9
10195,104,105,-1,1
10196,67,57,10,10
10197,86,81,5,5
10198,123,118,5,5
10199,108,92,16,16
10200,84,89,-5,5
10201,54,53,1,1
10202,95,101,-6,6
10203,86,87,-1,1
10204,70,84,-14,14
10205,84,75,9,9
10206,107,101,6,6
10207,45,46,-1,1
10208,85,92,-7,7
10209,79,103,-24,24
10210,125,124,1,1
10211,92,88,4,4
10212,74,77,-3,3
10213,139,145,-6,6
10214,84,91,-7,7
10215,103,113,-10,10
10216,60,69,-9,9
10217,78,86,-8,8
10218,69,97,-28,28
10219,131,135,-4,4
10220,102,102,0,0
10221,69,63,6,6
10222,58,63,-5,5
10223,43,48,-5,5
10224,29,36,-7,7
10225,86,99,-13,13
10226,114,118,-4,4
10227,38,43,-5,5
10228,113,106,7,7
10229,74,74,0,0
10230,67,73,-6,6
10231,221,179,42,42
10232,103,74,29,29
10233,224,206,18,18
10234,82,99,-17,17
10235,104,107,-3,3
10236,115,112,3,3
10237,70,89,-19,19
10238,92,82,10,10
10239,118,116,2,2
10240,159,151,8,8
10241,124,127,-3,3
10242,165,137,28,28
10243,118,116,2,2
10244,79,68,11,11
10245,113,120,-7,7
10246,61,70,-9,9
10247,112,109,3,3
10248,68,71,-3,3
10249,71,83,-12,12
10250,127,113,14,14
10251,82,80,2,2
10252,63,62,1,1
10253,189,178,11,11
10254,73,65,8,8
10255,76,65,11,11
10256,99,109,-10,10
10257,131,141,-10,10
10258,88,89,-1,1
10259,61,70,-9,9
10260,135,109,26,26
10261,52,59,-7,7
10262,114,118,-4,4
10263,82,85,-3,3
10264,106,109,-3,3
10265,102,138,-36,36
10266,105,118,-13,13
10267,77,78,-1,1
10268,66,73,-7,7
10269,129,115,14,14
10270,73,87,-14,14
10271,77,80,-3,3
10272,70,62,8,8
10273,40,55,-15,15
10274,55,62,-7,7
10275,130,134,-4,4
10276,168,160,8,8
10277,76,72,4,4
10278,136,121,15,15
10279,104,112,-8,8
10280,52,71,-19,19
10281,151,150,1,1
10282,74,88,-14,14
10283,60,68,-8,8
10284,90,76,14,14
10285,81,75,6,6
10286,118,127,-9,9
10287,96,94,2,2
10288,96,90,6,6
10289,151,151,0,0
10290,125,125,0,0
10291,73,87,-14,14
10292,107,98,9,9
10293,113,115,-2,2
10294,118,109,9,9
10295,71,76,-5,5
10296,68,78,-10,10
10297,65,62,3,3
10298,48,44,4,4
10299,73,65,8,8
10300,86,101,-15,15
10301,45,31,14,14
10302,87,90,-3,3
10303,113,121,-8,8
10304,137,127,10,10
10305,114,135,-21,21
10306,61,55,6,6
10307,106,102,4,4
10308,128,106,22,22
10309,111,105,6,6
10310,100,111,-11,11
10311,100,117,-17,17
10312,133,137,-4,4
10313,96,102,-6,6
10314,133,88,45,45
10315,130,124,6,6
10316,78,86,-8,8
10317,130,113,17,17
10318,110,107,3,3
10319,75,80,-5,5
10320,144,141,3,3
10321,81,82,-1,1
10322,63,68,-5,5
10323,122,125,-3,3
10324,119,111,8,8
10325,99,96,3,3
10326,111,111,0,0
10327,143,136,7,7
10328,104,121,-17,17
10329,93,84,9,9
10330,72,81,-9,9
10331,79,87,-8,8
10332,128,114,14,14
10333,99,93,6,6
10334,76,93,-17,17
10335,100,101,-1,1
10336,70,82,-12,12
10337,148,150,-2,2
10338,68,68,0,0
10339,100,116,-16,16
10340,74,99,-25,25
10341,86,93,-7,7
10342,93,94,-1,1
10343,138,123,15,15
10344,149,160,-11,11
10345,65,62,3,3
10346,89,98,-9,9
10347,117,96,21,21
10348,98,95,3,3
10349,127,131,-4,4
10350,106,85,21,21
10351,68,63,5,5
10352,160,153,7,7
10353,83,95,-12,12
10354,129,92,37,37
10355,117,117,0,0
10356,74,92,-18,18
10357,101,115,-14,14
10358,113,128,-15,15
10359,121,109,12,12
10360,122,133,-11,11
10361,117,112,5,5
10362,131,150,-19,19
10363,68,72,-4,4
10364,86,101,-15,15
10365,97,91,6,6
10366,125,124,1,1
10367,65,67,-2,2
10368,49,35,14,14
10369,81,82,-1,1
10370,103,102,1,1
10371,110,111,-1,1
10372,86,88,-2,2
10373,103,101,2,2
10374,103,109,-6,6
10375,59,62,-3,3
10376,119,105,14,14
10377,40,27,13,13
10378,102,106,-4,4
10379,120,124,-4,4
10380,103,118,-15,15
10381,101,95,6,6
10382,106,105,1,1
10383,110,105,5,5
10384,82,66,16,16
10385,88,80,8,8
10386,174,168,6,6
10387,99,98,1,1
10388,66,68,-2,2
10389,105,96,9,9
10390,59,58,1,1
10391,128,118,10,10
10392,53,63,-10,10
10393,123,133,-10,10
10394,88,104,-16,16
10395,80,88,-8,8
10396,72,103,-31,31
10397,73,75,-2,2
10398,60,70,-10,10
10399,88,92,-4,4
10400,82,85,-3,3
10401,156,146,10,10
10402,163,154,9,9
10403,73,73,0,0
10404,105,92,13,13
10405,137,130,7,7
10406,74,76,-2,2
10407,85,83,2,2
10408,71,87,-16,16
10409,56,69,-13,13
10410,95,112,-17,17
10411,48,47,1,1
10412,113,116,-3,3
10413,96,89,7,7
10414,111,111,0,0
10415,80,92,-12,12
10416,44,54,-10,10
10417,73,66,7,7
10418,132,113,19,19
10419,100,92,8,8
10420,126,118,8,8
10421,77,85,-8,8
10422,81,105,-24,24
10423,68,84,-16,16
10424,73,103,-30,30
10425,100,70,30,30
10426,98,89,9,9
10427,60,61,-1,1
10428,110,113,-3,3
10429,102,97,5,5
10430,75,86,-11,11
10431,138,145,-7,7
10432,81,86,-5,5
10433,108,120,-12,12
10434,148,138,10,10
10435,59,58,1,1
10436,88,98,-10,10
10437,104,82,22,22
10438,72,70,2,2
10439,82,80,2,2
10440,93,100,-7,7
10441,93,80,13,13
10442,160,168,-8,8
10443,129,128,1,1
10444,113,120,-7,7
10445,116,99,17,17
10446,119,113,6,6
10447,86,87,-1,1
10448,44,83,-39,39
10449,76,69,7,7
10450,61,68,-7,7
10451,80,87,-7,7
10452,99,101,-2,2
10453,87,100,-13,13
10454,117,125,-8,8
10455,50,70,-20,20
10456,150,138,12,12
10457,123,109,14,14
10458,100,100,0,0
10459,147,136,11,11
10460,185,184,1,1
10461,59,44,15,15
10462,81,76,5,5
10463,61,76,-15,15
10464,126,128,-2,2
10465,82,85,-3,3
10466,100,105,-5,5
10467,81,84,-3,3
10468,39,13,26,26
10469,77,91,-14,14
10470,51,53,-2,2
10471,98,112,-14,14
10472,133,152,-19,19
10473,80,82,-2,2
10474,151,150,1,1
10475,88,89,-1,1
10476,55,41,14,14
10477,72,78,-6,6
10478,75,101,-26,26
10479,77,76,1,1
10480,81,71,10,10
10481,144,138,6,6
10482,121,99,22,22
10483,57,71,-14,14
10484,69,46,23,23
10485,99,106,-7,7
10486,64,85,-21,21
10487,130,117,13,13
10488,106,109,-3,3
10489,72,83,-11,11
10490,67,79,-12,12
10491,68,64,4,4
10492,79,90,-11,11
10493,81,90,-9,9
10494,69,69,0,0
10495,67,72,-5,5
10496,73,81,-8,8
10497,39,40,-1,1
10498,112,125,-13,13
10499,71,82,-11,11
10500,132,123,9,9
10501,133,126,7,7
10502,95,98,-3,3
10503,112,102,10,10
10504,112,97,15,15
10505,99,114,-15,15
10506,71,89,-18,18
10507,127,145,-18,18
10508,89,100,-11,11
10509,87,69,18,18
10510,124,125,-1,1
10511,66,86,-20,20
10512,92,101,-9,9
10513,80,75,5,5
10514,94,103,-9,9
10515,146,161,-15,15
10516,139,139,0,0
10517,136,141,-5,5
10518,63,69,-6,6
10519,54,61,-7,7
10520,171,155,16,16
10521,91,89,2,2
10522,170,151,19,19
10523,147,100,47,47
10524,70,81,-11,11
10525,140,155,-15,15
10526,117,126,-9,9
10527,72,73,-1,1
10528,132,147,-15,15
10529,63,75,-12,12
10530,102,111,-9,9
10531,81,88,-7,7
10532,90,95,-5,5
10533,87,76,11,11
10534,127,125,2,2
10535,56,72,-16,16
10536,44,45,-1,1
10537,122,121,1,1
10538,111,111,0,0
10539,66,81,-15,15
10540,110,116,-6,6
10541,101,114,-13,13
10542,119,128,-9,9
10543,75,81,-6,6
10544,65,84,-19,19
10545,55,59,-4,4
10546,76,81,-5,5
10547,70,72,-2,2
10548,157,177,-20,20
10549,27,7,20,20
10550,83,82,1,1
10551,125,131,-6,6
10552,95,97,-2,2
10553,86,68,18,18
10554,116,116,0,0
10555,66,71,-5,5
10556,144,168,-24,24
10557,96,107,-11,11
10558,94,109,-15,15
10559,37,45,-8,8
10560,195,148,47,47
10561,108,124,-16,16
10562,130,124,6,6
10563,78,95,-17,17
10564,57,61,-4,4
10565,72,56,16,16
10566,57,73,-16,16
10567,90,105,-15,15
10568,67,61,6,6
10569,157,154,3,3
10570,57,59,-2,2
10571,94,95,-1,1
10572,69,81,-12,12
10573,86,85,1,1
10574,58,58,0,0
10575,105,101,4,4
10576,74,49,25,25
10577,116,95,21,21
10578,78,67,11,11
10579,115,105,10,10
10580,64,51,13,13
10581,127,121,6,6
10582,77,80,-3,3
10583,99,76,23,23
10584,68,78,-10,10
10585,101,107,-6,6
10586,88,101,-13,13
10587,121,115,6,6
10588,100,109,-9,9
10589,87,69,18,18
10590,80,76,4,4
10591,43,58,-15,15
10592,103,121,-18,18
10593,149,140,9,9
10594,67,80,-13,13
10595,110,117,-7,7
10596,127,122,5,5
10597,55,47,8,8
10598,133,134,-1,1
10599,82,86,-4,4
10600,45,36,9,9
10601,59,59,0,0
10602,120,122,-2,2
10603,103,119,-16,16
10604,145,151,-6,6
10605,119,128,-9,9
10606,75,82,-7,7
10607,74,68,6,6
10608,109,115,-6,6
10609,148,149,-1,1
10610,80,76,4,4
10611,68,68,0,0
10612,116,120,-4,4
10613,114,110,4,4
10614,100,109,-9,9
10615,72,83,-11,11
10616,119,136,-17,17
10617,96,100,-4,4
10618,58,66,-8,8
10619,132,130,2,2
10620,169,151,18,18
10621,70,67,3,3
10622,90,91,-1,1
10623,93,101,-8,8
10624,107,124,-17,17
10625,124,109,15,15
10626,43,45,-2,2
10627,102,100,2,2
10628,107,112,-5,5
10629,61,62,-1,1
10630,62,96,-34,34
10631,72,67,5,5
10632,129,119,10,10
10633,74,73,1,1
10634,81,85,-4,4
10635,107,102,5,5
10636,79,97,-18,18
10637,43,36,7,7
10638,72,80,-8,8
10639,102,92,10,10
10640,93,83,10,10
10641,90,106,-16,16
10642,66,57,9,9
10643,125,113,12,12
10644,73,74,-1,1
10645,78,81,-3,3
10646,49,62,-13,13
10647,81,70,11,11
10648,74,86,-12,12
10649,78,77,1,1
10650,82,87,-5,5
10651,92,116,-24,24
10652,110,110,0,0
10653,96,97,-1,1
10654,83,100,-17,17
10655,143,122,21,21
10656,88,81,7,7
10657,111,113,-2,2
10658,54,57,-3,3
10659,66,80,-14,14
10660,68,95,-27,27
10661,57,65,-8,8
10662,169,132,37,37
10663,63,72,-9,9
10664,131,133,-2,2
10665,102,108,-6,6
10666,47,48,-1,1
10667,58,65,-7,7
10668,127,120,7,7
10669,100,84,16,16
10670,109,114,-5,5
10671,109,103,6,6
10672,92,71,21,21
10673,93,87,6,6
10674,64,77,-13,13
10675,95,98,-3,3
10676,97,88,9,9
10677,87,87,0,0
10678,65,42,23,23
10679,84,89,-5,5
10680,140,96,44,44
10681,88,86,2,2
10682,56,54,2,2
10683,131,131,0,0
10684,107,103,4,4
10685,93,81,12,12
10686,125,116,9,9
10687,204,169,35,35
10688,128,124,4,4
10689,80,77,3,3
10690,161,170,-9,9
10691,114,111,3,3
10692,96,89,7,7
10693,79,84,-5,5
10694,60,56,4,4
10695,176,163,13,13
10696,41,41,0,0
10697,50,51,-1,1
10698,45,40,5,5
10699,168,101,67,67
10700,65,90,-25,25
10701,57,51,6,6
10702,98,93,5,5
10703,77,82,-5,5
10704,84,89,-5,5
10705,76,80,-4,4
10706,75,81,-6,6
10707,93,93,0,0
10708,71,113,-42,42
10709,87,92,-5,5
10710,65,76,-11,11
10711,130,106,24,24
10712,74,80,-6,6
10713,34,36,-2,2
10714,129,108,21,21
10715,114,124,-10,10
10716,70,71,-1,1
10717,50,60,-10,10
10718,93,110,-17,17
10719,55,50,5,5
10720,94,88,6,6
10721,46,27,19,19
10722,50,51,-1,1
10723,104,99,5,5
10724,118,101,17,17
10725,102,101,1,1
10726,84,88,-4,4
10727,165,161,4,4
10728,97,105,-8,8
10729,92,105,-13,13
10730,89,82,7,7
10731,76,85,-9,9
10732,75,92,-17,17
10733,142,127,15,15
10734,96,100,-4,4
10735,145,149,-4,4
10736,87,92,-5,5
10737,64,68,-4,4
10738,48,64,-16,16
10739,94,91,3,3
10740,69,79,-10,10
10741,66,73,-7,7
10742,131,119,12,12
10743,98,76,22,22
10744,94,98,-4,4
10745,65,61,4,4
10746,89,101,-12,12
10747,128,116,12,12
10748,144,109,35,35
10749,53,44,9,9
10750,108,104,4,4
10751,29,26,3,3
10752,58,45,13,13
10753,94,111,-17,17
10754,74,71,3,3
10755,133,144,-11,11
10756,75,85,-10,10
10757,87,88,-1,1
10758,133,136,-3,3
10759,74,23,51,51
10760,80,71,9,9
10761,52,60,-8,8
10762,116,123,-7,7
10763,158,142,16,16
10764,224,175,49,49
10765,97,105,-8,8
10766,128,127,1,1
10767,102,95,7,7
10768,114,113,1,1
10769,41,42,-1,1
10770,86,85,1,1
10771,42,40,2,2
10772,111,114,-3,3
10773,142,156,-14,14
10774,68,69,-1,1
10775,65,93,-28,28
10776,116,126,-10,10
10777,91,96,-5,5
10778,157,163,-6,6
10779,140,133,7,7
10780,126,123,3,3
10781,77,55,22,22
10782,86,79,7,7
10783,102,100,2,2
10784,95,90,5,5
10785,64,60,4,4
10786,103,127,-24,24
10787,55,38,17,17
10788,77,78,-1,1
10789,160,124,36,36
10790,58,65,-7,7
10791,191,147,44,44
10792,121,125,-4,4
10793,77,82,-5,5
10794,161,111,50,50
10795,65,69,-4,4
10796,80,99,-19,19
10797,77,91,-14,14
10798,67,71,-4,4
10799,51,58,-7,7
10800,76,89,-13,13
10801,155,146,9,9
10802,96,93,3,3
10803,65,59,6,6
10804,98,79,19,19
10805,101,102,-1,1
10806,49,31,18,18
10807,112,91,21,21
10808,81,80,1,1
10809,49,48,1,1
10810,65,68,-3,3
10811,90,88,2,2
10812,126,121,5,5
10813,48,47,1,1
10814,120,85,35,35
10815,55,52,3,3
10816,75,94,-19,19
10817,83,99,-16,16
10818,135,117,18,18
10819,131,143,-12,12
10820,117,113,4,4
10821,88,81,7,7
10822,92,91,1,1
10823,90,98,-8,8
10824,98,108,-10,10
10825,101,101,0,0
10826,138,135,3,3
10827,84,90,-6,6
10828,104,108,-4,4
10829,98,119,-21,21
10830,87,92,-5,5
10831,102,105,-3,3
10832,81,73,8,8
10833,75,82,-7,7
10834,145,140,5,5
10835,114,113,1,1
10836,63,65,-2,2
10837,51,54,-3,3
10838,109,107,2,2
10839,69,63,6,6
10840,87,80,7,7
10841,72,63,9,9
10842,114,112,2,2
10843,96,94,2,2
10844,140,151,-11,11
10845,171,152,19,19
10846,97,92,5,5
10847,77,44,33,33
10848,125,115,10,10
10849,75,82,-7,7
10850,98,116,-18,18
10851,118,126,-8,8
10852,120,113,7,7
10853,69,65,4,4
10854,57,99,-42,42
10855,129,125,4,4
10856,127,115,12,12
10857,81,89,-8,8
10858,102,112,-10,10
10859,154,148,6,6
10860,116,94,22,22
10861,47,45,2,2
10862,124,114,10,10
10863,124,125,-1,1
10864,138,108,30,30
10865,82,72,10,10
10866,120,114,6,6
10867,114,113,1,1
10868,90,82,8,8
10869,88,81,7,7
10870,53,55,-2,2
10871,84,77,7,7
10872,80,82,-2,2
10873,147,137,10,10
10874,79,90,-11,11
10875,115,119,-4,4
10876,80,82,-2,2
10877,117,113,4,4
10878,123,128,-5,5
10879,54,32,22,22
10880,93,94,-1,1
10881,145,140,5,5
10882,128,136,-8,8
10883,73,64,9,9
10884,51,39,12,12
10885,65,70,-5,5
10886,102,128,-26,26
10887,95,108,-13,13
10888,58,57,1,1
10889,49,57,-8,8
10890,113,131,-18,18
10891,121,120,1,1
10892,148,135,13,13
10893,139,145,-6,6
10894,96,118,-22,22
10895,143,135,8,8
10896,92,97,-5,5
10897,78,83,-5,5
10898,11,3,8,8
10899,66,81,-15,15
10900,79,79,0,0
10901,70,71,-1,1
10902,67,75,-8,8
10903,77,80,-3,3
10904,144,151,-7,7
10905,84,89,-5,5
10906,50,33,17,17
10907,79,74,5,5
10908,90,105,-15,15
10909,62,54,8,8
10910,134,135,-1,1
10911,110,54,56,56
10912,78,76,2,2
10913,142,135,7,7
10914,79,86,-7,7
10915,143,137,6,6
10916,80,79,1,1
10917,37,38,-1,1
10918,70,65,5,5
10919,96,109,-13,13
10920,135,144,-9,9
10921,76,77,-1,1
10922,181,160,21,21
10923,105,108,-3,3
10924,49,42,7,7
10925,65,70,-5,5
10926,139,139,0,0
10927,38,45,-7,7
10928,83,82,1,1
10929,56,63,-7,7
10930,120,108,12,12
10931,109,115,-6,6
10932,160,135,25,25
10933,117,127,-10,10
10934,92,98,-6,6
10935,99,102,-3,3
10936,114,118,-4,4
10937,70,65,5,5
10938,93,101,-8,8
10939,112,104,8,8
10940,118,113,5,5
10941,72,65,7,7
10942,51,61,-10,10
10943,119,112,7,7
10944,85,89,-4,4
10945,101,93,8,8
10946,78,93,-15,15
10947,75,78,-3,3
10948,69,90,-21,21
10949,120,118,2,2
10950,72,72,0,0
10951,64,87,-23,23
10952,80,91,-11,11
10953,80,85,-5,5
10954,75,61,14,14
10955,76,73,3,3
10956,157,158,-1,1
10957,80,105,-25,25
10958,117,120,-3,3
10959,103,95,8,8
10960,129,113,16,16
10961,139,129,10,10
10962,98,89,9,9
10963,87,79,8,8
10964,165,151,14,14
10965,73,65,8,8
10966,137,137,0,0
10967,150,133,17,17
10968,74,83,-9,9
10969,157,149,8,8
10970,82,100,-18,18
10971,74,88,-14,14
10972,37,92,-55,55
10973,95,85,10,10
10974,104,97,7,7
10975,124,127,-3,3
10976,37,49,-12,12
10977,80,93,-13,13
10978,80,94,-14,14
10979,88,89,-1,1
10980,147,122,25,25
10981,65,85,-20,20
10982,101,106,-5,5
10983,93,98,-5,5
10984,71,43,28,28
10985,64,47,17,17
10986,71,80,-9,9
10987,60,66,-6,6
10988,64,91,-27,27
10989,55,56,-1,1
10990,48,78,-30,30
10991,141,131,10,10
10992,95,92,3,3
10993,58,63,-5,5
10994,95,99,-4,4
10995,71,80,-9,9
10996,89,77,12,12
10997,125,126,-1,1
10998,170,156,14,14
10999,153,160,-7,7
11000,84,95,-11,11
11001,137,134,3,3
11002,81,81,0,0
11003,77,79,-2,2
11004,75,82,-7,7
11005,110,114,-4,4
11006,53,44,9,9
11007,92,88,4,4
11008,105,116,-11,11
11009,55,63,-8,8
11010,85,97,-12,12
11011,141,128,13,13
11012,126,135,-9,9
11013,82,98,-16,16
11014,124,121,3,3
11015,76,100,-24,24
11016,126,111,15,15
11017,56,68,-12,12
11018,65,59,6,6
11019,91,107,-16,16
11020,65,76,-11,11
11021,84,86,-2,2
11022,95,86,9,9
11023,109,103,6,6
11024,74,71,3,3
11025,60,67,-7,7
11026,65,62,3,3
11027,77,83,-6,6
11028,79,85,-6,6
11029,65,52,13,13
11030,110,111,-1,1
11031,116,127,-11,11
11032,67,70,-3,3
11033,83,86,-3,3
11034,120,115,5,5
11035,157,131,26,26
11036,123,129,-6,6
11037,80,83,-3,3
11038,99,110,-11,11
11039,88,83,5,5
11040,67,68,-1,1
11041,134,133,1,1
11042,76,69,7,7
11043,96,93,3,3
11044,83,75,8,8
11045,57,64,-7,7
11046,93,91,2,2
11047,60,55,5,5
11048,85,80,5,5
11049,62,80,-18,18
11050,110,111,-1,1
11051,108,116,-8,8
11052,66,68,-2,2
11053,67,90,-23,23
11054,71,58,13,13
11055,79,71,8,8
11056,145,138,7,7
11057,62,80,-18,18
11058,60,65,-5,5
11059,126,130,-4,4
11060,120,124,-4,4
11061,67,71,-4,4
11062,96,83,13,13
11063,54,48,6,6
11064,66,54,12,12
11065,101,95,6,6
11066,83,91,-8,8
11067,120,110,10,10
11068,186,164,22,22
11069,72,62,10,10
11070,91,100,-9,9
11071,158,150,8,8
11072,67,58,9,9
11073,118,104,14,14
11074,63,59,4,4
11075,105,101,4,4
11076,124,154,-30,30
11077,108,95,13,13
11078,121,129,-8,8
11079,39,36,3,3
11080,90,91,-1,1
11081,218,198,20,20
11082,71,83,-12,12
11083,81,86,-5,5
11084,61,63,-2,2
11085,86,89,-3,3
11086,59,66,-7,7
11087,168,142,26,26
11088,86,87,-1,1
11089,104,110,-6,6
11090,89,98,-9,9
11091,80,84,-4,4
11092,81,72,9,9
11093,87,76,11,11
11094,119,78,41,41
11095,136,116,20,20
11096,113,113,0,0
11097,68,95,-27,27
11098,86,65,21,21
11099,103,91,12,12
11100,72,89,-17,17
11101,142,147,-5,5
11102,172,183,-11,11
11103,166,156,10,10
11104,96,106,-10,10
11105,106,52,54,54
11106,125,116,9,9
11107,125,127,-2,2
11108,75,104,-29,29
11109,94,86,8,8
11110,103,103,0,0
11111,58,53,5,5
11112,81,61,20,20
11113,133,145,-12,12
11114,122,127,-5,5
11115,99,100,-1,1
11116,67,73,-6,6
11117,126,120,6,6
11118,91,87,4,4
11119,73,74,-1,1
11120,89,82,7,7
11121,124,143,-19,19
11122,68,54,14,14
11123,126,121,5,5
11124,76,74,2,2
11125,167,155,12,12
11126,36,33,3,3
11127,137,142,-5,5
11128,93,90,3,3
11129,115,119,-4,4
11130,125,124,1,1
11131,79,77,2,2
11132,59,46,13,13
11133,90,81,9,9
11134,73,71,2,2
11135,74,80,-6,6
11136,111,116,-5,5
11137,129,136,-7,7
11138,80,75,5,5
11139,97,92,5,5
11140,83,93,-10,10
11141,129,132,-3,3
11142,120,119,1,1
11143,93,92,1,1
11144,95,101,-6,6
11145,101,87,14,14
11146,93,87,6,6
11147,112,130,-18,18
11148,103,99,4,4
11149,60,66,-6,6
11150,95,109,-14,14
11151,62,83,-21,21
11152,69,65,4,4
11153,83,101,-18,18
11154,53,41,12,12
11155,98,80,18,18
11156,101,104,-3,3
11157,73,77,-4,4
11158,94,98,-4,4
11159,55,58,-3,3
11160,93,106,-13,13
11161,70,73,-3,3
11162,102,110,-8,8
11163,75,66,9,9
11164,77,62,15,15
11165,96,99,-3,3
11166,93,108,-15,15
11167,78,92,-14,14
11168,155,146,9,9
11169,94,105,-11,11
11170,66,53,13,13
11171,71,77,-6,6
11172,96,82,14,14
11173,143,140,3,3
11174,60,88,-28,28
11175,79,99,-20,20
11176,93,124,-31,31
11177,126,125,1,1
11178,128,127,1,1
11179,103,100,3,3
11180,95,88,7,7
11181,86,93,-7,7
11182,95,93,2,2
11183,68,72,-4,4
11184,102,70,32,32
11185,74,77,-3,3
11186,94,128,-34,34
11187,83,67,16,16
11188,107,113,-6,6
11189,65,70,-5,5
11190,66,98,-32,32
11191,113,119,-6,6
11192,164,143,21,21
11193,60,64,-4,4
11194,139,146,-7,7
11195,96,102,-6,6
11196,87,79,8,8
11197,113,116,-3,3
11198,180,152,28,28
11199,106,99,7,7
11200,73,80,-7,7
11201,121,128,-7,7
11202,125,118,7,7
11203,62,63,-1,1
11204,56,79,-23,23
11205,81,79,2,2
11206,103,110,-7,7
11207,107,109,-2,2
11208,70,63,7,7
11209,107,101,6,6
11210,167,194,-27,27
11211,72,56,16,16
11212,123,114,9,9
11213,178,184,-6,6
11214,142,145,-3,3
11215,138,129,9,9
11216,148,121,27,27
11217,141,132,9,9
11218,119,131,-12,12
11219,67,73,-6,6
11220,126,131,-5,5
11221,35,100,-65,65
11222,86,90,-4,4
11223,82,90,-8,8
11224,135,151,-16,16
11225,111,100,11,11
11226,145,143,2,2
11227,99,74,25,25
11228,69,85,-16,16
11229,81,73,8,8
11230,58,44,14,14
11231,58,72,-14,14
11232,141,131,10,10
11233,75,77,-2,2
11234,108,140,-32,32
11235,128,126,2,2
11236,87,94,-7,7
11237,90,89,1,1
11238,133,130,3,3
11239,73,72,1,1
11240,63,70,-7,7
11241,73,80,-7,7
11242,136,148,-12,12
11243,105,105,0,0
11244,60,59,1,1
11245,102,104,-2,2
11246,100,105,-5,5
11247,57,69,-12,12
11248,71,88,-17,17
11249,76,80,-4,4
11250,58,45,13,13
11251,204,184,20,20
11252,96,94,2,2
11253,113,109,4,4
11254,114,92,22,22
11255,138,134,4,4
11256,79,82,-3,3
11257,142,152,-10,10
11258,109,113,-4,4
11259,141,143,-2,2
11260,73,94,-21,21
11261,89,23,66,66
11262,85,95,-10,10
11263,159,136,23,23
11264,107,110,-3,3
11265,68,87,-19,19
11266,79,83,-4,4
11267,109,123,-14,14
11268,78,70,8,8
11269,61,81,-20,20
11270,102,114,-12,12
11271,140,95,45,45
11272,156,143,13,13
11273,155,150,5,5
11274,118,111,7,7
11275,85,80,5,5
11276,162,145,17,17
11277,105,95,10,10
11278,100,97,3,3
11279,102,99,3,3
11280,130,123,7,7
11281,55,52,3,3
11282,69,79,-10,10
11283,89,88,1,1
11284,39,49,-10,10
11285,139,116,23,23
11286,94,100,-6,6
11287,79,70,9,9
11288,171,138,33,33
11289,139,140,-1,1
11290,85,88,-3,3
11291,86,91,-5,5
11292,114,105,9,9
11293,134,123,11,11
11294,51,61,-10,10
11295,47,46,1,1
11296,56,73,-17,17
11297,72,81,-9,9
11298,96,115,-19,19
11299,143,145,-2,2
11300,115,95,20,20
11301,99,108,-9,9
11302,91,99,-8,8
11303,85,89,-4,4
11304,151,134,17,17
11305,42,56,-14,14
11306,125,129,-4,4
11307,41,82,-41,41
11308,137,113,24,24
11309,100,91,9,9
11310,143,129,14,14
11311,174,159,15,15
11312,81,91,-10,10
11313,106,110,-4,4
11314,150,135,15,15
11315,66,78,-12,12
11316,119,122,-3,3
11317,133,123,10,10
11318,58,58,0,0
11319,90,92,-2,2
11320,111,126,-15,15
11321,157,138,19,19
11322,106,114,-8,8
11323,121,116,5,5
11324,61,74,-13,13
11325,111,129,-18,18
11326,88,98,-10,10
11327,81,81,0,0
11328,93,78,15,15
11329,77,84,-7,7
11330,163,136,27,27
11331,104,101,3,3
11332,76,85,-9,9
11333,52,47,5,5
11334,87,98,-11,11
11335,104,104,0,0
11336,62,49,13,13
11337,112,132,-20,20
11338,76,77,-1,1
11339,129,121,8,8
11340,106,117,-11,11
11341,63,62,1,1
11342,87,105,-18,18
11343,106,111,-5,5
11344,86,88,-2,2
11345,88,86,2,2
11346,89,103,-14,14
11347,71,95,-24,24
11348,116,112,4,4
11349,55,66,-11,11
11350,83,94,-11,11
11351,64,67,-3,3
11352,71,79,-8,8
11353,128,123,5,5
11354,57,82,-25,25
11355,127,132,-5,5
11356,47,32,15,15
11357,94,83,11,11
11358,60,64,-4,4
11359,60,66,-6,6
11360,55,71,-16,16
11361,97,102,-5,5
11362,82,82,0,0
11363,109,102,7,7
11364,111,117,-6,6
11365,61,64,-3,3
11366,70,82,-12,12
11367,79,79,0,0
11368,107,105,2,2
11369,89,87,2,2
11370,60,72,-12,12
11371,147,150,-3,3
11372,83,102,-19,19
11373,104,95,9,9
11374,134,125,9,9
11375,88,100,-12,12
11376,35,25,10,10
11377,117,129,-12,12
11378,78,77,1,1
11379,149,130,19,19
11380,85,89,-4,4
11381,97,97,0,0
11382,115,121,-6,6
11383,109,87,22,22
11384,81,80,1,1
11385,81,114,-33,33
11386,93,82,11,11
11387,123,131,-8,8
11388,95,101,-6,6
11389,102,99,3,3
11390,57,60,-3,3
11391,179,177,2,2
11392,126,128,-2,2
11393,62,71,-9,9
11394,65,91,-26,26
11395,109,107,2,2
11396,74,85,-11,11
11397,113,120,-7,7
11398,121,121,0,0
11399,114,65,49,49
11400,63,65,-2,2
11401,103,85,18,18
11402,80,77,3,3
11403,45,72,-27,27
11404,93,99,-6,6
11405,121,115,6,6
11406,166,174,-8,8
11407,63,77,-14,14
11408,66,64,2,2
11409,55,74,-19,19
11410,116,115,1,1
11411,96,94,2,2
11412,76,80,-4,4
11413,54,63,-9,9
11414,108,116,-8,8
11415,51,55,-4,4
11416,109,108,1,1
11417,75,83,-8,8
11418,86,95,-9,9
11419,82,90,-8,8
11420,36,51,-15,15
11421,64,72,-8,8
11422,119,109,10,10
11423,53,67,-14,14
11424,73,72,1,1
11425,58,56,2,2
11426,41,42,-1,1
11427,58,60,-2,2
11428,118,122,-4,4
11429,134,126,8,8
11430,75,75,0,0
11431,50,45,5,5
11432,98,100,-2,2
11433,33,36,-3,3
11434,109,102,7,7
11435,79,82,-3,3
11436,60,55,5,5
11437,100,118,-18,18
11438,85,72,13,13
11439,75,93,-18,18
11440,82,87,-5,5
11441,57,61,-4,4
11442,164,169,-5,5
11443,157,147,10,10
11444,76,73,3,3
11445,72,79,-7,7
11446,57,101,-44,44
11447,96,99,-3,3
11448,90,83,7,7
11449,100,100,0,0
11450,129,129,0,0
11451,91,100,-9,9
11452,98,89,9,9
11453,102,107,-5,5
11454,198,183,15,15
11455,78,86,-8,8
11456,60,59,1,1
11457,173,155,18,18
11458,98,113,-15,15
11459,72,58,14,14
11460,90,121,-31,31
11461,170,170,0,0
11462,163,144,19,19
11463,77,81,-4,4
11464,66,64,2,2
11465,67,48,19,19
11466,66,53,13,13
11467,99,90,9,9
11468,86,95,-9,9
11469,85,98,-13,13
11470,71,63,8,8
11471,136,121,15,15
11472,86,88,-2,2
11473,60,59,1,1
11474,119,125,-6,6
11475,132,133,-1,1
11476,114,133,-19,19
11477,66,69,-3,3
11478,147,157,-10,10
11479,90,80,10,10
11480,112,107,5,5
11481,68,50,18,18
11482,119,113,6,6
11483,121,119,2,2
11484,70,101,-31,31
11485,124,124,0,0
11486,47,48,-1,1
11487,70,78,-8,8
11488,80,45,35,35
11489,44,44,0,0
11490,75,84,-9,9
11491,65,71,-6,6
11492,80,71,9,9
11493,95,87,8,8
11494,124,122,2,2
11495,50,75,-25,25
11496,133,126,7,7
11497,77,82,-5,5
11498,105,108,-3,3
11499,70,81,-11,11
11500,86,88,-2,2
11501,97,79,18,18
11502,80,92,-12,12
11503,98,102,-4,4
11504,106,118,-12,12
11505,74,114,-40,40
11506,66,65,1,1
11507,118,126,-8,8
11508,110,104,6,6
11509,156,150,6,6
11510,67,59,8,8
11511,170,123,47,47
11512,117,109,8,8
11513,101,105,-4,4
11514,130,129,1,1
11515,93,100,-7,7
11516,105,102,3,3
11517,41,81,-40,40
11518,84,67,17,17
11519,59,50,9,9
11520,141,131,10,10
11521,47,97,-50,50
11522,114,96,18,18
11523,137,112,25,25
11524,126,147,-21,21
11525,62,73,-11,11
11526,111,110,1,1
11527,74,69,5,5
11528,81,88,-7,7
11529,160,160,0,0
11530,102,103,-1,1
11531,91,91,0,0
11532,83,86,-3,3
11533,72,67,5,5
11534,68,80,-12,12
11535,126,110,16,16
11536,77,96,-19,19
11537,160,143,17,17
11538,106,112,-6,6
11539,81,87,-6,6
11540,170,129,41,41
11541,131,128,3,3
11542,50,90,-40,40
11543,115,114,1,1
11544,70,75,-5,5
11545,109,120,-11,11
11546,72,70,2,2
11547,74,81,-7,7
11548,67,59,8,8
11549,81,77,4,4
11550,83,79,4,4
11551,105,114,-9,9
11552,95,98,-3,3
11553,133,125,8,8
11554,115,127,-12,12
11555,98,100,-2,2
11556,55,98,-43,43
11557,109,111,-2,2
11558,50,52,-2,2
11559,145,113,32,32
11560,89,88,1,1
11561,85,81,4,4
11562,85,89,-4,4
11563,65,87,-22,22
11564,86,93,-7,7
11565,105,94,11,11
11566,53,50,3,3
11567,60,82,-22,22
11568,121,116,5,5
11569,52,56,-4,4
11570,53,54,-1,1
11571,164,153,11,11
11572,92,95,-3,3
11573,100,100,0,0
11574,111,109,2,2
11575,67,62,5,5
11576,169,154,15,15
11577,86,84,2,2
11578,51,61,-10,10
11579,96,79,17,17
11580,97,84,13,13
11581,82,69,13,13
11582,75,85,-10,10
11583,103,102,1,1
11584,91,88,3,3
11585,108,101,7,7
11586,85,112,-27,27
11587,137,134,3,3
11588,88,92,-4,4
11589,167,132,35,35
11590,65,80,-15,15
11591,92,96,-4,4
11592,98,92,6,6
11593,68,70,-2,2
11594,65,68,-3,3
11595,60,46,14,14
11596,71,80,-9,9
11597,50,34,16,16
11598,79,81,-2,2
11599,102,101,1,1
11600,85,72,13,13
11601,69,74,-5,5
11602,105,116,-11,11
11603,114,117,-3,3
11604,77,87,-10,10
11605,70,63,7,7
11606,80,80,0,0
11607,137,144,-7,7
11608,105,118,-13,13
11609,83,100,-17,17
11610,95,102,-7,7
11611,70,89,-19,19
11612,183,169,14,14
11613,50,39,11,11
11614,164,157,7,7
11615,125,123,2,2
11616,90,87,3,3
11617,108,112,-4,4
11618,150,137,13,13
11619,90,25,65,65
11620,73,79,-6,6
11621,86,89,-3,3
11622,91,96,-5,5
11623,108,115,-7,7
11624,120,106,14,14
11625,127,46,81,81
11626,65,72,-7,7
11627,121,93,28,28
11628,80,80,0,0
11629,89,73,16,16
11630,81,83,-2,2
11631,96,100,-4,4
11632,119,117,2,2
11633,118,121,-3,3
11634,128,130,-2,2
11635,56,76,-20,20
11636,56,80,-24,24
11637,86,89,-3,3
11638,79,82,-3,3
11639,116,106,10,10
11640,69,82,-13,13
11641,111,102,9,9
11642,81,97,-16,16
11643,56,67,-11,11
11644,119,128,-9,9
11645,82,73,9,9
11646,81,83,-2,2
11647,136,125,11,11
11648,127,131,-4,4
11649,108,116,-8,8
11650,129,124,5,5
11651,74,98,-24,24
11652,63,41,22,22
11653,168,130,38,38
11654,100,105,-5,5
11655,66,64,2,2
11656,70,92,-22,22
11657,101,93,8,8
11658,112,106,6,6
11659,102,89,13,13
11660,124,122,2,2
11661,82,88,-6,6
11662,94,92,2,2
11663,70,85,-15,15
11664,72,83,-11,11
11665,67,64,3,3
11666,117,126,-9,9
11667,47,29,18,18
11668,110,93,17,17
11669,93,99,-6,6
11670,64,64,0,0
11671,134,134,0,0
11672,66,70,-4,4
11673,69,65,4,4
11674,99,103,-4,4
11675,137,149,-12,12
11676,58,51,7,7
11677,85,85,0,0
11678,94,113,-19,19
11679,104,109,-5,5
11680,108,116,-8,8
11681,89,86,3,3
11682,176,152,24,24
11683,88,90,-2,2
11684,46,59,-13,13
11685,94,105,-11,11
11686,162,156,6,6
11687,92,106,-14,14
11688,96,102,-6,6
11689,124,147,-23,23
11690,74,85,-11,11
11691,68,76,-8,8
11692,67,95,-28,28
11693,90,107,-17,17
11694,87,81,6,6
11695,86,84,2,2
11696,68,69,-1,1
11697,90,97,-7,7
11698,77,94,-17,17
11699,126,120,6,6
11700,126,121,5,5
11701,94,107,-13,13
11702,172,166,6,6
11703,63,97,-34,34
11704,101,98,3,3
11705,148,129,19,19
11706,87,102,-15,15
11707,127,115,12,12
11708,121,107,14,14
11709,142,138,4,4
11710,73,82,-9,9
11711,71,72,-1,1
11712,103,136,-33,33
11713,39,31,8,8
11714,99,126,-27,27
11715,69,63,6,6
11716,182,151,31,31
11717,138,157,-19,19
11718,142,134,8,8
11719,114,123,-9,9
11720,54,83,-29,29
11721,93,90,3,3
11722,110,111,-1,1
11723,38,38,0,0
11724,133,140,-7,7
11725,143,116,27,27
11726,125,135,-10,10
11727,69,72,-3,3
11728,120,127,-7,7
11729,121,135,-14,14
11730,71,74,-3,3
11731,97,106,-9,9
11732,104,100,4,4
11733,97,98,-1,1
11734,47,51,-4,4
11735,184,161,23,23
11736,110,117,-7,7
11737,67,72,-5,5
11738,106,112,-6,6
11739,66,82,-16,16
11740,118,107,11,11
11741,81,99,-18,18
11742,83,94,-11,11
11743,64,80,-16,16
11744,70,65,5,5
11745,50,46,4,4
11746,93,87,6,6
11747,157,142,15,15
11748,51,46,5,5
11749,77,75,2,2
11750,87,93,-6,6
11751,119,108,11,11
11752,115,123,-8,8
11753,85,77,8,8
11754,63,80,-17,17
11755,91,95,-4,4
11756,67,64,3,3
11757,64,52,12,12
11758,127,135,-8,8
11759,67,72,-5,5
11760,71,82,-11,11
11761,96,109,-13,13
11762,111,119,-8,8
11763,62,65,-3,3
11764,77,84,-7,7
11765,174,154,20,20
11766,138,123,15,15
11767,65,67,-2,2
11768,116,108,8,8
11769,47,49,-2,2
11770,119,125,-6,6
11771,94,85,9,9
11772,122,129,-7,7
11773,92,98,-6,6
11774,148,137,11,11
11775,67,72,-5,5
11776,101,107,-6,6
11777,86,97,-11,11
11778,53,92,-39,39
11779,77,91,-14,14
11780,126,120,6,6
11781,74,76,-2,2
11782,91,90,1,1
11783,81,86,-5,5
11784,43,47,-4,4
11785,114,111,3,3
11786,79,95,-16,16
11787,96,104,-8,8
11788,106,89,17,17
11789,79,85,-6,6
11790,120,141,-21,21
11791,107,104,3,3
11792,98,108,-10,10
11793,47,52,-5,5
11794,76,75,1,1
11795,85,74,11,11
11796,67,70,-3,3
11797,79,75,4,4
11798,90,108,-18,18
11799,84,84,0,0
11800,152,149,3,3
11801,152,152,0,0
11802,87,87,0,0
11803,65,68,-3,3
11804,83,82,1,1
11805,205,190,15,15
11806,151,135,16,16
11807,114,111,3,3
11808,83,50,33,33
11809,66,71,-5,5
11810,66,67,-1,1
11811,105,108,-3,3
11812,176,179,-3,3
11813,166,158,8,8
11814,185,172,13,13
11815,108,110,-2,2
11816,95,93,2,2
11817,67,83,-16,16
11818,87,91,-4,4
11819,82,90,-8,8
11820,121,116,5,5
11821,71,83,-12,12
11822,62,66,-4,4
11823,113,93,20,20
11824,104,98,6,6
11825,68,70,-2,2
11826,93,72,21,21
11827,74,104,-30,30
11828,60,71,-11,11
11829,80,90,-10,10
11830,70,71,-1,1
11831,75,77,-2,2
11832,76,80,-4,4
11833,75,68,7,7
11834,80,73,7,7
11835,45,63,-18,18
11836,93,95,-2,2
11837,99,118,-19,19
11838,77,77,0,0
11839,89,90,-1,1
11840,143,149,-6,6
11841,83,80,3,3
11842,102,110,-8,8
11843,122,114,8,8
11844,118,107,11,11
11845,132,114,18,18
11846,102,103,-1,1
11847,75,77,-2,2
11848,105,114,-9,9
11849,124,115,9,9
11850,75,82,-7,7
11851,47,45,2,2
11852,130,128,2,2
11853,147,141,6,6
11854,134,134,0,0
11855,71,74,-3,3
11856,72,76,-4,4
11857,42,42,0,0
11858,97,96,1,1
11859,99,123,-24,24
11860,147,142,5,5
11861,127,129,-2,2
11862,65,69,-4,4
11863,73,82,-9,9
11864,54,62,-8,8
11865,87,106,-19,19
11866,125,132,-7,7
11867,120,124,-4,4
11868,75,77,-2,2
11869,101,100,1,1
11870,139,139,0,0
11871,93,90,3,3
11872,85,96,-11,11
11873,162,154,8,8
11874,158,152,6,6
11875,234,205,29,29
11876,76,81,-5,5
11877,68,58,10,10
11878,60,58,2,2
11879,115,115,0,0
11880,92,90,2,2
11881,99,113,-14,14
11882,95,99,-4,4
11883,69,85,-16,16
11884,53,65,-12,12
11885,100,98,2,2
11886,157,141,16,16
11887,103,96,7,7
11888,117,96,21,21
11889,100,80,20,20
11890,95,85,10,10
11891,146,136,10,10
11892,97,105,-8,8
11893,49,44,5,5
11894,83,85,-2,2
11895,89,81,8,8
11896,97,105,-8,8
11897,98,107,-9,9
11898,99,98,1,1
11899,52,50,2,2
11900,92,98,-6,6
11901,128,133,-5,5
11902,60,57,3,3
11903,47,51,-4,4
11904,106,97,9,9
11905,78,77,1,1
11906,143,150,-7,7
11907,90,86,4,4
11908,125,123,2,2
11909,80,87,-7,7
11910,114,114,0,0
11911,161,162,-1,1
11912,120,109,11,11
11913,41,78,-37,37
11914,38,39,-1,1
11915,105,112,-7,7
11916,48,38,10,10
11917,58,65,-7,7
11918,112,104,8,8
11919,59,67,-8,8
11920,76,69,7,7
11921,118,122,-4,4
11922,77,81,-4,4
11923,51,58,-7,7
11924,76,67,9,9
11925,56,59,-3,3
11926,40,42,-2,2
11927,69,62,7,7
11928,77,70,7,7
11929,91,94,-3,3
11930,149,142,7,7
11931,110,105,5,5
11932,115,117,-2,2
11933,117,117,0,0
11934,93,93,0,0
11935,31,69,-38,38
11936,111,104,7,7
11937,79,84,-5,5
11938,72,75,-3,3
11939,44,34,10,10
11940,89,85,4,4
11941,51,57,-6,6
11942,186,163,23,23
11943,144,132,12,12
11944,98,99,-1,1
11945,68,72,-4,4
11946,82,96,-14,14
11947,110,101,9,9
11948,101,78,23,23
11949,73,73,0,0
11950,106,114,-8,8
11951,50,61,-11,11
11952,128,114,14,14
11953,82,65,17,17
11954,39,43,-4,4
11955,57,58,-1,1
11956,100,102,-2,2
11957,132,128,4,4
11958,58,72,-14,14
11959,65,59,6,6
11960,46,52,-6,6
11961,90,90,0,0
11962,132,135,-3,3
11963,84,83,1,1
11964,95,93,2,2
11965,152,153,-1,1
11966,67,89,-22,22
11967,96,112,-16,16
11968,78,85,-7,7
11969,99,89,10,10
11970,71,84,-13,13
11971,116,109,7,7
11972,122,109,13,13
11973,81,91,-10,10
11974,42,58,-16,16
11975,121,117,4,4
11976,144,142,2,2
11977,190,197,-7,7
11978,132,130,2,2
11979,112,98,14,14
11980,106,107,-1,1
11981,104,101,3,3
11982,79,78,1,1
11983,81,83,-2,2
11984,92,106,-14,14
11985,55,50,5,5
11986,85,96,-11,11
11987,72,70,2,2
11988,48,43,5,5
11989,92,109,-17,17
11990,44,47,-3,3
11991,112,111,1,1
11992,118,116,2,2
11993,74,84,-10,10
11994,102,106,-4,4
11995,93,114,-21,21
11996,113,106,7,7
11997,89,89,0,0
11998,133,122,11,11
11999,45,39,6,6
12000,53,60,-7,7
12001,139,147,-8,8
12002,61,61,0,0
12003,85,106,-21,21
12004,67,76,-9,9
12005,81,103,-22,22
12006,33,15,18,18
12007,74,74,0,0
12008,81,96,-15,15
12009,81,114,-33,33
12010,114,117,-3,3
12011,158,136,22,22
12012,59,71,-12,12
12013,60,66,-6,6
12014,111,115,-4,4
12015,102,105,-3,3
12016,89,85,4,4
12017,80,78,2,2
12018,73,79,-6,6
12019,53,50,3,3
12020,124,120,4,4
12021,108,111,-3,3
12022,101,87,14,14
12023,93,94,-1,1
12024,69,33,36,36
12025,111,121,-10,10
12026,74,76,-2,2
12027,80,79,1,1
12028,101,89,12,12
12029,127,146,-19,19
12030,78,77,1,1
12031,143,141,2,2
12032,114,131,-17,17
12033,49,79,-30,30
12034,115,124,-9,9
12035,103,111,-8,8
12036,84,94,-10,10
12037,88,103,-15,15
12038,92,76,16,16
12039,108,124,-16,16
12040,90,83,7,7
12041,65,79,-14,14
12042,60,58,2,2
12043,72,68,4,4
12044,129,144,-15,15
12045,76,72,4,4
12046,109,114,-5,5
12047,88,82,6,6
12048,60,62,-2,2
12049,47,26,21,21
12050,100,90,10,10
12051,117,125,-8,8
12052,125,111,14,14
12053,113,109,4,4
12054,54,44,10,10
12055,111,87,24,24
12056,156,133,23,23
12057,110,76,34,34
12058,82,92,-10,10
12059,114,110,4,4
12060,68,84,-16,16
12061,66,69,-3,3
12062,90,101,-11,11
12063,63,55,8,8
12064,100,100,0,0
12065,66,70,-4,4
12066,141,141,0,0
12067,79,89,-10,10
12068,104,96,8,8
12069,140,131,9,9
12070,72,85,-13,13
12071,39,36,3,3
12072,118,124,-6,6
12073,97,86,11,11
12074,95,106,-11,11
12075,86,79,7,7
12076,90,87,3,3
12077,86,102,-16,16
12078,95,90,5,5
12079,118,118,0,0
12080,94,91,3,3
12081,130,126,4,4
12082,58,55,3,3
12083,121,127,-6,6
12084,125,132,-7,7
12085,150,139,11,11
12086,102,105,-3,3
12087,122,115,7,7
12088,109,96,13,13
12089,74,72,2,2
12090,93,82,11,11
12091,53,66,-13,13
12092,117,118,-1,1
12093,93,103,-10,10
12094,191,164,27,27
12095,142,121,21,21
12096,123,103,20,20
12097,83,82,1,1
12098,127,131,-4,4
12099,83,90,-7,7
12100,85,79,6,6
12101,83,95,-12,12
12102,94,95,-1,1
12103,164,168,-4,4
12104,72,52,20,20
12105,76,69,7,7
12106,122,111,11,11
12107,59,39,20,20
12108,87,82,5,5
12109,88,74,14,14
12110,61,48,13,13
12111,154,143,11,11
12112,159,148,11,11
12113,163,147,16,16
12114,104,100,4,4
12115,121,135,-14,14
12116,116,107,9,9
12117,98,100,-2,2
12118,84,82,2,2
12119,42,19,23,23
12120,78,85,-7,7
12121,99,104,-5,5
12122,77,95,-18,18
12123,189,168,21,21
12124,66,82,-16,16
12125,144,140,4,4
12126,196,127,69,69
12127,107,110,-3,3
12128,68,71,-3,3
12129,88,81,7,7
12130,36,31,5,5
12131,107,51,56,56
12132,123,72,51,51
12133,62,61,1,1
12134,207,177,30,30
12135,89,91,-2,2
12136,74,65,9,9
12137,87,91,-4,4
12138,135,144,-9,9
12139,72,76,-4,4
12140,183,144,39,39
12141,118,130,-12,12
12142,110,112,-2,2
12143,111,109,2,2
12144,122,122,0,0
12145,90,102,-12,12
12146,121,120,1,1
12147,58,108,-50,50
12148,126,116,10,10
12149,105,106,-1,1
12150,109,111,-2,2
12151,71,80,-9,9
12152,148,144,4,4
12153,95,103,-8,8
12154,103,93,10,10
12155,90,88,2,2
12156,77,81,-4,4
12157,126,114,12,12
12158,141,135,6,6
12159,134,126,8,8
12160,49,38,11,11
12161,99,107,-8,8
12162,130,127,3,3
12163,74,76,-2,2
12164,64,60,4,4
12165,196,182,14,14
12166,106,112,-6,6
12167,100,98,2,2
12168,88,92,-4,4
12169,116,109,7,7
12170,107,116,-9,9
12171,128,117,11,11
12172,93,84,9,9
12173,150,138,12,12
12174,92,70,22,22
12175,96,96,0,0
12176,115,126,-11,11
12177,111,95,16,16
12178,87,104,-17,17
12179,69,57,12,12
12180,139,154,-15,15
12181,104,105,-1,1
12182,115,134,-19,19
12183,114,106,8,8
12184,58,58,0,0
12185,77,88,-11,11
12186,79,83,-4,4
12187,114,117,-3,3
12188,111,119,-8,8
12189,102,114,-12,12
12190,161,153,8,8
12191,197,193,4,4
12192,72,84,-12,12
12193,142,147,-5,5
12194,49,116,-67,67
12195,63,66,-3,3
12196,135,139,-4,4
12197,192,163,29,29
12198,47,59,-12,12
12199,110,115,-5,5
12200,71,69,2,2
12201,108,114,-6,6
12202,137,149,-12,12
12203,128,118,10,10
12204,137,133,4,4
12205,148,132,16,16
12206,82,84,-2,2
12207,70,97,-27,27
12208,60,70,-10,10
12209,115,119,-4,4
12210,76,76,0,0
12211,86,100,-14,14
12212,97,108,-11,11
12213,122,106,16,16
12214,104,84,20,20
12215,149,153,-4,4
12216,73,72,1,1
12217,88,88,0,0
12218,93,86,7,7
12219,94,86,8,8
12220,110,103,7,7
12221,56,57,-1,1
12222,66,78,-12,12
12223,73,75,-2,2
12224,96,94,2,2
12225,121,107,14,14
12226,122,129,-7,7
12227,94,100,-6,6
12228,88,96,-8,8
12229,130,129,1,1
12230,63,33,30,30
12231,141,133,8,8
12232,54,58,-4,4
12233,73,86,-13,13
12234,71,70,1,1
12235,95,90,5,5
12236,121,110,11,11
12237,73,88,-15,15
12238,125,123,2,2
12239,67,81,-14,14
12240,121,122,-1,1
12241,109,107,2,2
12242,64,74,-10,10
12243,96,86,10,10
12244,119,135,-16,16
12245,93,87,6,6
12246,75,80,-5,5
12247,95,99,-4,4
12248,66,74,-8,8
12249,99,103,-4,4
12250,47,33,14,14
12251,84,100,-16,16
12252,165,157,8,8
12253,97,100,-3,3
12254,73,74,-1,1
12255,37,53,-16,16
12256,104,97,7,7
12257,71,74,-3,3
12258,65,76,-11,11
12259,66,57,9,9
12260,63,56,7,7
12261,96,102,-6,6
12262,130,123,7,7
12263,141,139,2,2
12264,86,103,-17,17
12265,108,117,-9,9
12266,128,114,14,14
12267,118,123,-5,5
12268,83,88,-5,5
12269,68,69,-1,1
12270,84,82,2,2
12271,105,93,12,12
12272,61,69,-8,8
12273,73,76,-3,3
12274,65,72,-7,7
12275,131,105,26,26
12276,118,113,5,5
12277,93,97,-4,4
12278,76,70,6,6
12279,75,83,-8,8
12280,65,68,-3,3
12281,70,68,2,2
12282,140,147,-7,7
12283,95,95,0,0
12284,145,126,19,19
12285,82,72,10,10
12286,185,172,13,13
12287,71,72,-1,1
12288,100,102,-2,2
12289,99,84,15,15
12290,64,70,-6,6
12291,65,88,-23,23
12292,51,62,-11,11
12293,79,83,-4,4
12294,50,42,8,8
12295,128,145,-17,17
12296,109,99,10,10
12297,106,105,1,1
12298,50,47,3,3
12299,126,118,8,8
12300,105,103,2,2
12301,39,54,-15,15
12302,70,85,-15,15
12303,134,95,39,39
12304,46,47,-1,1
12305,81,83,-2,2
12306,115,130,-15,15
12307,56,66,-10,10
12308,90,93,-3,3
12309,107,109,-2,2
12310,38,48,-10,10
12311,112,78,34,34
12312,86,92,-6,6
12313,102,98,4,4
12314,81,94,-13,13
12315,133,122,11,11
12316,65,70,-5,5
12317,67,85,-18,18
12318,63,72,-9,9
12319,105,96,9,9
12320,81,85,-4,4
12321,97,111,-14,14
12322,96,97,-1,1
12323,113,136,-23,23
12324,91,92,-1,1
12325,67,73,-6,6
12326,85,87,-2,2
12327,102,111,-9,9
12328,76,74,2,2
12329,190,196,-6,6
12330,63,73,-10,10
12331,87,76,11,11
12332,140,130,10,10
12333,113,107,6,6
12334,102,103,-1,1
12335,62,59,3,3
12336,57,63,-6,6
12337,48,86,-38,38
12338,62,57,5,5
12339,94,122,-28,28
12340,95,115,-20,20
12341,183,165,18,18
12342,80,76,4,4
12343,164,161,3,3
12344,66,91,-25,25
12345,67,82,-15,15
12346,103,49,54,54
12347,69,90,-21,21
12348,118,120,-2,2
12349,78,47,31,31
12350,66,60,6,6
12351,94,102,-8,8
12352,92,102,-10,10
12353,142,135,7,7
12354,55,73,-18,18
12355,101,107,-6,6
12356,79,73,6,6
12357,122,134,-12,12
12358,123,109,14,14
12359,38,24,14,14
12360,65,89,-24,24
12361,138,95,43,43
12362,76,76,0,0
12363,114,123,-9,9
12364,79,88,-9,9
12365,114,112,2,2
12366,68,69,-1,1
12367,78,81,-3,3
12368,93,120,-27,27
12369,103,109,-6,6
12370,163,147,16,16
12371,101,104,-3,3
12372,126,130,-4,4
12373,67,55,12,12
12374,78,73,5,5
12375,116,109,7,7
12376,128,118,10,10
12377,91,96,-5,5
12378,142,133,9,9
12379,65,87,-22,22
12380,145,169,-24,24
12381,61,45,16,16
12382,136,117,19,19
12383,84,84,0,0
12384,98,89,9,9
12385,87,81,6,6
12386,107,112,-5,5
12387,115,133,-18,18
12388,106,105,1,1
12389,93,99,-6,6
12390,80,67,13,13
12391,130,107,23,23
12392,115,109,6,6
12393,97,111,-14,14
12394,92,92,0,0
12395,88,108,-20,20
12396,66,67,-1,1
12397,66,63,3,3
12398,87,94,-7,7
12399,106,108,-2,2
12400,70,83,-13,13
12401,180,170,10,10
12402,87,104,-17,17
12403,89,88,1,1
12404,92,95,-3,3
12405,125,125,0,0
12406,88,104,-16,16
12407,109,93,16,16
12408,35,41,-6,6
12409,67,71,-4,4
12410,117,117,0,0
12411,190,146,44,44
12412,114,121,-7,7
12413,137,131,6,6
12414,138,152,-14,14
12415,129,129,0,0
12416,106,87,19,19
12417,63,74,-11,11
12418,58,59,-1,1
12419,57,64,-7,7
12420,86,97,-11,11
12421,104,108,-4,4
12422,97,95,2,2
12423,101,101,0,0
12424,137,129,8,8
12425,64,42,22,22
12426,176,174,2,2
12427,93,88,5,5
12428,120,115,5,5
12429,108,109,-1,1
12430,70,76,-6,6
12431,97,88,9,9
12432,83,95,-12,12
12433,83,78,5,5
12434,150,160,-10,10
12435,64,57,7,7
12436,89,92,-3,3
12437,96,88,8,8
12438,114,107,7,7
12439,119,134,-15,15
12440,61,55,6,6
12441,96,101,-5,5
12442,105,110,-5,5
12443,61,48,13,13
12444,141,146,-5,5
12445,86,88,-2,2
12446,87,82,5,5
12447,90,89,1,1
12448,105,117,-12,12
12449,91,99,-8,8
12450,111,115,-4,4
12451,76,82,-6,6
12452,87,84,3,3
12453,91,103,-12,12
12454,107,130,-23,23
12455,110,108,2,2
12456,124,134,-10,10
12457,128,127,1,1
12458,109,108,1,1
12459,71,73,-2,2
12460,87,93,-6,6
12461,148,153,-5,5
12462,107,112,-5,5
12463,134,134,0,0
12464,23,17,6,6
12465,119,127,-8,8
12466,91,82,9,9
12467,25,28,-3,3
12468,61,80,-19,19
12469,101,98,3,3
12470,72,69,3,3
12471,95,97,-2,2
12472,47,24,23,23
12473,97,89,8,8
12474,81,87,-6,6
12475,59,61,-2,2
12476,77,74,3,3
12477,138,126,12,12
12478,120,58,62,62
12479,136,141,-5,5
12480,79,80,-1,1
12481,63,76,-13,13
12482,102,105,-3,3
12483,158,143,15,15
12484,73,86,-13,13
12485,53,58,-5,5
12486,83,89,-6,6
12487,155,130,25,25
12488,139,113,26,26
12489,93,74,19,19
12490,128,134,-6,6
12491,98,120,-22,22
12492,96,62,34,34
12493,153,122,31,31
12494,104,109,-5,5
12495,115,108,7,7
12496,72,81,-9,9
12497,90,98,-8,8
12498,127,140,-13,13
12499,112,132,-20,20
12500,64,74,-10,10
12501,73,78,-5,5
12502,72,67,5,5
12503,73,57,16,16
12504,56,63,-7,7
12505,106,109,-3,3
12506,144,141,3,3
12507,47,89,-42,42
12508,147,137,10,10
12509,95,98,-3,3
12510,76,79,-3,3
12511,128,143,-15,15
12512,81,83,-2,2
12513,79,85,-6,6
12514,86,86,0,0
12515,44,48,-4,4
12516,87,96,-9,9
12517,102,109,-7,7
12518,116,121,-5,5
12519,105,105,0,0
12520,113,122,-9,9
12521,152,140,12,12
12522,175,149,26,26
12523,70,76,-6,6
12524,173,157,16,16
12525,87,86,1,1
12526,102,101,1,1
12527,88,100,-12,12
12528,76,83,-7,7
12529,110,99,11,11
12530,99,104,-5,5
12531,71,83,-12,12
12532,75,75,0,0
12533,105,111,-6,6
12534,153,139,14,14
12535,100,120,-20,20
12536,90,86,4,4
12537,83,95,-12,12
12538,82,105,-23,23
12539,49,51,-2,2
12540,69,79,-10,10
12541,113,118,-5,5
12542,63,69,-6,6
12543,58,75,-17,17
12544,65,63,2,2
12545,145,140,5,5
12546,50,32,18,18
12547,83,81,2,2
12548,100,103,-3,3
12549,76,77,-1,1
12550,72,40,32,32
12551,71,94,-23,23
12552,106,111,-5,5
12553,127,144,-17,17
12554,96,97,-1,1
12555,67,72,-5,5
12556,140,147,-7,7
12557,56,65,-9,9
12558,108,108,0,0
12559,94,75,19,19
12560,59,60,-1,1
12561,84,85,-1,1
12562,96,95,1,1
12563,92,99,-7,7
12564,186,165,21,21
12565,62,63,-1,1
12566,164,132,32,32
12567,49,59,-10,10
12568,62,54,8,8
12569,50,68,-18,18
12570,128,145,-17,17
12571,57,73,-16,16
12572,69,83,-14,14
12573,48,47,1,1
12574,132,123,9,9
12575,140,146,-6,6
12576,107,106,1,1
12577,80,95,-15,15
12578,78,85,-7,7
12579,140,105,35,35
12580,78,91,-13,13
12581,123,108,15,15
12582,87,82,5,5
12583,91,107,-16,16
12584,119,134,-15,15
12585,107,103,4,4
12586,52,58,-6,6
12587,61,69,-8,8
12588,102,91,11,11
12589,79,69,10,10
12590,81,91,-10,10
12591,72,70,2,2
12592,74,97,-23,23
12593,73,70,3,3
12594,114,103,11,11
12595,127,122,5,5
12596,92,71,21,21
12597,118,127,-9,9
12598,115,182,-67,67
12599,73,69,4,4
12600,93,101,-8,8
12601,70,78,-8,8
12602,73,78,-5,5
12603,107,113,-6,6
12604,96,108,-12,12
12605,101,82,19,19
12606,76,86,-10,10
12607,85,84,1,1
12608,111,120,-9,9
12609,42,47,-5,5
12610,69,68,1,1
12611,97,80,17,17
12612,90,97,-7,7
12613,96,99,-3,3
12614,114,131,-17,17
12615,121,121,0,0
12616,68,75,-7,7
12617,45,51,-6,6
12618,73,77,-4,4
12619,109,119,-10,10
12620,175,186,-11,11
12621,90,87,3,3
12622,70,78,-8,8
12623,85,88,-3,3
12624,62,72,-10,10
12625,89,106,-17,17
12626,132,130,2,2
12627,155,126,29,29
12628,99,112,-13,13
12629,60,65,-5,5
12630,110,107,3,3
12631,87,99,-12,12
12632,98,126,-28,28
12633,80,94,-14,14
12634,127,126,1,1
12635,172,146,26,26
12636,181,179,2,2
12637,130,120,10,10
12638,76,87,-11,11
12639,86,98,-12,12
12640,105,107,-2,2
12641,105,120,-15,15
12642,56,52,4,4
12643,65,76,-11,11
12644,42,43,-1,1
12645,120,112,8,8
12646,65,67,-2,2
12647,76,81,-5,5
12648,134,129,5,5
12649,28,70,-42,42
12650,96,91,5,5
12651,92,96,-4,4
12652,53,43,10,10
12653,66,60,6,6
12654,79,85,-6,6
12655,101,115,-14,14
12656,78,104,-26,26
12657,88,97,-9,9
12658,136,132,4,4
12659,142,141,1,1
12660,73,27,46,46
12661,97,97,0,0
12662,80,99,-19,19
12663,51,55,-4,4
12664,69,74,-5,5
12665,52,56,-4,4
12666,57,55,2,2
12667,100,50,50,50
12668,147,126,21,21
12669,129,138,-9,9
12670,92,107,-15,15
12671,107,95,12,12
12672,99,108,-9,9
12673,89,92,-3,3
12674,58,57,1,1
12675,103,96,7,7
12676,33,28,5,5
12677,103,97,6,6
12678,88,70,18,18
12679,81,80,1,1
12680,53,61,-8,8
12681,70,69,1,1
12682,32,30,2,2
12683,88,86,2,2
12684,99,119,-20,20
12685,110,103,7,7
12686,78,84,-6,6
12687,99,104,-5,5
12688,46,67,-21,21
12689,136,126,10,10
12690,75,72,3,3
12691,117,118,-1,1
12692,93,81,12,12
12693,132,135,-3,3
12694,70,78,-8,8
12695,69,74,-5,5
12696,49,32,17,17
12697,71,38,33,33
12698,118,121,-3,3
12699,97,94,3,3
12700,76,85,-9,9
12701,195,117,78,78
12702,128,117,11,11
12703,66,48,18,18
12704,120,120,0,0
12705,73,86,-13,13
12706,62,75,-13,13
12707,104,89,15,15
12708,94,67,27,27
12709,94,82,12,12
12710,110,102,8,8
12711,96,98,-2,2
12712,107,110,-3,3
12713,77,95,-18,18
12714,91,109,-18,18
12715,63,55,8,8
12716,128,107,21,21
12717,77,74,3,3
12718,67,75,-8,8
12719,124,120,4,4
12720,94,99,-5,5
12721,64,66,-2,2
12722,74,88,-14,14
12723,88,94,-6,6
12724,70,80,-10,10
12725,78,81,-3,3
12726,66,79,-13,13
12727,104,96,8,8
12728,134,139,-5,5
12729,92,99,-7,7
12730,74,82,-8,8
12731,93,89,4,4
12732,98,95,3,3
12733,100,91,9,9
12734,87,88,-1,1
12735,101,109,-8,8
12736,49,42,7,7
12737,121,118,3,3
12738,84,95,-11,11
12739,158,160,-2,2
12740,115,110,5,5
12741,125,118,7,7
12742,53,32,21,21
12743,80,85,-5,5
12744,68,60,8,8
12745,103,101,2,2
12746,107,114,-7,7
12747,77,77,0,0
12748,100,113,-13,13
12749,120,114,6,6
12750,91,88,3,3
12751,77,68,9,9
12752,132,129,3,3
12753,131,136,-5,5
12754,43,68,-25,25
12755,45,54,-9,9
12756,124,117,7,7
12757,86,80,6,6
12758,107,101,6,6
12759,82,99,-17,17
12760,204,169,35,35
12761,107,103,4,4
12762,120,97,23,23
12763,140,133,7,7
12764,153,142,11,11
12765,83,97,-14,14
12766,47,52,-5,5
12767,91,78,13,13
12768,68,48,20,20
12769,56,56,0,0
12770,77,91,-14,14
12771,37,18,19,19
12772,117,119,-2,2
12773,85,93,-8,8
12774,101,101,0,0
12775,67,65,2,2
12776,118,125,-7,7
12777,56,68,-12,12
12778,68,77,-9,9
12779,65,4,61,61
12780,105,97,8,8
12781,102,112,-10,10
12782,116,112,4,4
12783,69,60,9,9
12784,79,70,9,9
12785,105,103,2,2
12786,101,81,20,20
12787,106,94,12,12
12788,89,82,7,7
12789,77,94,-17,17
12790,116,116,0,0
12791,111,111,0,0
12792,91,84,7,7
12793,74,66,8,8
12794,96,102,-6,6
12795,119,129,-10,10
12796,124,111,13,13
12797,83,74,9,9
12798,59,72,-13,13
12799,87,69,18,18
12800,55,56,-1,1
12801,121,128,-7,7
12802,94,82,12,12
12803,90,93,-3,3
12804,181,156,25,25
12805,93,90,3,3
12806,72,74,-2,2
12807,92,89,3,3
12808,153,140,13,13
12809,55,54,1,1
12810,61,73,-12,12
12811,99,103,-4,4
12812,82,81,1,1
12813,102,100,2,2
12814,148,143,5,5
12815,112,108,4,4
12816,172,163,9,9
12817,133,134,-1,1
12818,97,112,-15,15
12819,70,74,-4,4
12820,70,72,-2,2
12821,98,79,19,19
12822,96,112,-16,16
12823,69,62,7,7
12824,90,90,0,0
12825,138,130,8,8
12826,132,138,-6,6
12827,153,157,-4,4
12828,86,96,-10,10
12829,108,101,7,7
12830,80,94,-14,14
12831,154,137,17,17
12832,116,127,-11,11
12833,103,96,7,7
12834,104,115,-11,11
12835,116,121,-5,5
12836,107,99,8,8
12837,96,93,3,3
12838,90,101,-11,11
12839,50,56,-6,6
12840,104,101,3,3
12841,72,69,3,3
12842,106,99,7,7
12843,87,98,-11,11
12844,124,124,0,0
12845,27,40,-13,13
12846,133,147,-14,14
12847,122,110,12,12
12848,124,142,-18,18
12849,89,102,-13,13
12850,97,117,-20,20
12851,84,92,-8,8
12852,140,137,3,3
12853,136,129,7,7
12854,20,20,0,0
12855,93,93,0,0
12856,85,101,-16,16
12857,74,78,-4,4
12858,103,81,22,22
12859,75,90,-15,15
12860,46,45,1,1
12861,84,111,-27,27
12862,75,86,-11,11
12863,53,55,-2,2
12864,52,73,-21,21
12865,87,102,-15,15
12866,109,104,5,5
12867,105,94,11,11
12868,67,69,-2,2
12869,154,127,27,27
12870,84,92,-8,8
12871,128,120,8,8
12872,113,115,-2,2
12873,87,81,6,6
12874,101,114,-13,13
12875,96,101,-5,5
12876,39,37,2,2
12877,133,128,5,5
12878,191,188,3,3
12879,60,66,-6,6
12880,125,122,3,3
12881,75,73,2,2
12882,40,66,-26,26
12883,103,104,-1,1
12884,79,88,-9,9
12885,185,172,13,13
12886,124,119,5,5
12887,109,115,-6,6
12888,89,103,-14,14
12889,67,68,-1,1
12890,47,44,3,3
12891,76,70,6,6
12892,122,129,-7,7
12893,106,104,2,2
12894,142,126,16,16
12895,96,108,-12,12
12896,52,47,5,5
12897,96,99,-3,3
12898,117,121,-4,4
12899,69,77,-8,8
12900,89,79,10,10
12901,72,76,-4,4
12902,180,141,39,39
12903,94,90,4,4
12904,53,60,-7,7
12905,93,115,-22,22
12906,161,140,21,21
12907,137,135,2,2
12908,129,126,3,3
12909,89,90,-1,1
12910,102,99,3,3
12911,159,134,25,25
12912,67,56,11,11
12913,67,68,-1,1
12914,97,103,-6,6
12915,71,69,2,2
12916,153,148,5,5
12917,100,100,0,0
12918,92,112,-20,20
12919,79,87,-8,8
12920,79,77,2,2
12921,73,72,1,1
12922,133,135,-2,2
12923,51,52,-1,1
12924,139,133,6,6
12925,115,128,-13,13
12926,89,85,4,4
12927,124,138,-14,14
12928,90,96,-6,6
12929,128,128,0,0
12930,131,127,4,4
12931,71,67,4,4
12932,113,119,-6,6
12933,127,134,-7,7
12934,61,76,-15,15
12935,113,126,-13,13
12936,112,86,26,26
12937,75,89,-14,14
12938,125,113,12,12
12939,73,76,-3,3
12940,100,113,-13,13
12941,187,149,38,38
12942,101,92,9,9
12943,103,100,3,3
12944,99,110,-11,11
12945,65,80,-15,15
12946,116,119,-3,3
12947,97,113,-16,16
12948,83,91,-8,8
12949,90,96,-6,6
12950,101,108,-7,7
12951,97,108,-11,11
12952,107,102,5,5
12953,119,135,-16,16
12954,78,72,6,6
12955,79,80,-1,1
12956,74,76,-2,2
12957,150,135,15,15
12958,83,98,-15,15
12959,131,116,15,15
12960,68,66,2,2
12961,222,186,36,36
12962,88,72,16,16
12963,109,111,-2,2
12964,149,152,-3,3
12965,82,86,-4,4
12966,33,17,16,16
12967,97,104,-7,7
12968,88,95,-7,7
12969,127,143,-16,16
12970,70,66,4,4
12971,86,98,-12,12
12972,63,61,2,2
12973,101,86,15,15
12974,85,87,-2,2
12975,97,97,0,0
12976,68,80,-12,12
12977,79,98,-19,19
12978,182,174,8,8
12979,68,72,-4,4
12980,68,89,-21,21
12981,81,82,-1,1
12982,118,106,12,12
12983,93,92,1,1
12984,117,81,36,36
12985,144,136,8,8
12986,134,126,8,8
12987,69,86,-17,17
12988,133,124,9,9
12989,88,105,-17,17
12990,63,52,11,11
12991,116,103,13,13
12992,113,128,-15,15
12993,103,112,-9,9
12994,127,101,26,26
12995,116,133,-17,17
12996,114,114,0,0
12997,123,116,7,7
12998,72,94,-22,22
12999,107,112,-5,5
13000,121,107,14,14
13001,100,93,7,7
13002,87,105,-18,18
13003,102,95,7,7
13004,155,148,7,7
13005,72,69,3,3
13006,84,90,-6,6
13007,86,95,-9,9
13008,115,115,0,0
13009,100,107,-7,7
13010,81,69,12,12
13011,51,55,-4,4
13012,54,48,6,6
13013,86,86,0,0
13014,92,99,-7,7
13015,60,61,-1,1
13016,112,118,-6,6
13017,92,88,4,4
13018,87,89,-2,2
13019,95,103,-8,8
13020,80,73,7,7
13021,139,144,-5,5
13022,103,95,8,8
13023,120,132,-12,12
13024,75,91,-16,16
13025,51,41,10,10
13026,76,88,-12,12
13027,67,72,-5,5
13028,165,143,22,22
13029,84,98,-14,14
13030,83,86,-3,3
13031,61,59,2,2
13032,159,151,8,8
13033,64,94,-30,30
13034,140,143,-3,3
13035,65,81,-16,16
13036,68,76,-8,8
13037,67,54,13,13
13038,87,94,-7,7
13039,109,113,-4,4
13040,116,121,-5,5
13041,94,112,-18,18
13042,135,136,-1,1
13043,77,88,-11,11
13044,55,59,-4,4
13045,61,71,-10,10
13046,73,76,-3,3
13047,139,122,17,17
13048,106,132,-26,26
13049,78,66,12,12
13050,74,65,9,9
13051,99,115,-16,16
13052,88,94,-6,6
13053,93,85,8,8
13054,69,65,4,4
13055,235,225,10,10
13056,83,88,-5,5
13057,101,116,-15,15
13058,66,77,-11,11
13059,58,56,2,2
13060,119,121,-2,2
13061,129,124,5,5
13062,82,82,0,0
13063,168,137,31,31
13064,72,84,-12,12
13065,125,115,10,10
13066,82,78,4,4
13067,97,94,3,3
13068,56,68,-12,12
13069,123,136,-13,13
13070,79,63,16,16
13071,84,81,3,3
13072,112,98,14,14
13073,80,94,-14,14
13074,106,113,-7,7
13075,60,70,-10,10
13076,72,74,-2,2
13077,96,115,-19,19
13078,60,69,-9,9
13079,117,82,35,35
13080,66,56,10,10
13081,78,75,3,3
13082,55,60,-5,5
13083,164,145,19,19
13084,184,125,59,59
13085,78,92,-14,14
13086,61,69,-8,8
13087,109,131,-22,22
13088,101,109,-8,8
13089,79,77,2,2
13090,51,62,-11,11
13091,64,61,3,3
13092,62,66,-4,4
13093,144,145,-1,1
13094,57,53,4,4
13095,50,39,11,11
13096,81,69,12,12
13097,99,100,-1,1
13098,97,112,-15,15
13099,129,123,6,6
13100,104,117,-13,13
13101,93,106,-13,13
13102,84,84,0,0
13103,90,108,-18,18
13104,112,130,-18,18
13105,69,74,-5,5
13106,69,69,0,0
13107,107,89,18,18
13108,145,132,13,13
13109,84,73,11,11
13110,51,61,-10,10
13111,100,98,2,2
13112,82,90,-8,8
13113,71,82,-11,11
13114,104,102,2,2
13115,67,74,-7,7
13116,89,95,-6,6
13117,61,86,-25,25
13118,74,81,-7,7
13119,101,107,-6,6
13120,67,72,-5,5
13121,72,81,-9,9
13122,70,69,1,1
13123,158,161,-3,3
13124,94,89,5,5
13125,84,78,6,6
13126,120,121,-1,1
13127,152,151,1,1
13128,137,132,5,5
13129,82,96,-14,14
13130,116,113,3,3
13131,112,100,12,12
13132,99,91,8,8
13133,150,143,7,7
13134,66,49,17,17
13135,81,80,1,1
13136,50,35,15,15
13137,133,139,-6,6
13138,65,85,-20,20
13139,65,70,-5,5
13140,80,82,-2,2
13141,53,46,7,7
13142,108,100,8,8
13143,80,63,17,17
13144,126,134,-8,8
13145,73,79,-6,6
13146,58,70,-12,12
13147,80,78,2,2
13148,62,63,-1,1
13149,64,68,-4,4
13150,55,52,3,3
13151,81,81,0,0
13152,97,109,-12,12
13153,78,75,3,3
13154,101,109,-8,8
13155,72,97,-25,25
13156,112,106,6,6
13157,84,87,-3,3
13158,68,66,2,2
13159,102,105,-3,3
13160,117,125,-8,8
13161,88,79,9,9
13162,127,114,13,13
13163,64,73,-9,9
13164,87,109,-22,22
13165,80,82,-2,2
13166,101,98,3,3
13167,122,110,12,12
13168,67,73,-6,6
13169,131,135,-4,4
13170,97,82,15,15
13171,135,127,8,8
13172,88,91,-3,3
13173,115,122,-7,7
13174,134,117,17,17
13175,116,124,-8,8
13176,79,81,-2,2
13177,45,43,2,2
13178,100,113,-13,13
13179,85,105,-20,20
13180,63,66,-3,3
13181,89,90,-1,1
13182,76,78,-2,2
13183,138,111,27,27
13184,123,131,-8,8
13185,74,75,-1,1
13186,43,56,-13,13
13187,66,72,-6,6
13188,86,110,-24,24
13189,115,122,-7,7
13190,30,57,-27,27
13191,66,77,-11,11
13192,208,177,31,31
13193,90,86,4,4
13194,71,61,10,10
13195,94,80,14,14
13196,171,146,25,25
13197,55,55,0,0
13198,43,44,-1,1
13199,67,72,-5,5
13200,143,131,12,12
13201,98,95,3,3
13202,100,84,16,16
13203,108,108,0,0
13204,91,79,12,12
13205,131,117,14,14
13206,79,73,6,6
13207,153,158,-5,5
13208,37,40,-3,3
13209,46,40,6,6
13210,241,210,31,31
13211,89,85,4,4
13212,72,78,-6,6
13213,100,102,-2,2
13214,83,92,-9,9
13215,98,112,-14,14
13216,128,124,4,4
13217,162,108,54,54
13218,81,70,11,11
13219,98,112,-14,14
13220,70,85,-15,15
13221,182,174,8,8
13222,71,67,4,4
13223,173,163,10,10
13224,54,57,-3,3
13225,66,72,-6,6
13226,85,81,4,4
13227,93,107,-14,14
13228,71,114,-43,43
13229,163,159,4,4
13230,86,81,5,5
13231,74,80,-6,6
13232,148,158,-10,10
13233,112,111,1,1
13234,90,80,10,10
13235,64,68,-4,4
13236,78,95,-17,17
13237,115,118,-3,3
13238,105,99,6,6
13239,90,93,-3,3
13240,117,113,4,4
13241,103,101,2,2
13242,139,135,4,4
13243,107,108,-1,1
13244,118,136,-18,18
13245,94,90,4,4
13246,56,65,-9,9
13247,97,93,4,4
13248,77,80,-3,3
13249,117,112,5,5
13250,125,122,3,3
13251,67,70,-3,3
13252,73,71,2,2
13253,152,141,11,11
13254,73,68,5,5
13255,121,122,-1,1
13256,166,174,-8,8
13257,90,96,-6,6
13258,96,103,-7,7
13259,149,149,0,0
13260,61,77,-16,16
13261,144,124,20,20
13262,121,131,-10,10
13263,131,122,9,9
13264,58,63,-5,5
13265,51,56,-5,5
13266,54,64,-10,10
13267,72,79,-7,7
13268,99,101,-2,2
13269,124,100,24,24
13270,105,104,1,1
13271,100,106,-6,6
13272,153,162,-9,9
13273,76,94,-18,18
13274,120,114,6,6
13275,94,94,0,0
13276,85,84,1,1
13277,84,103,-19,19
13278,53,69,-16,16
13279,106,107,-1,1
13280,108,119,-11,11
13281,140,133,7,7
13282,113,118,-5,5
13283,57,73,-16,16
13284,108,101,7,7
13285,123,115,8,8
13286,108,95,13,13
13287,83,93,-10,10
13288,99,81,18,18
13289,78,104,-26,26
13290,96,102,-6,6
13291,58,56,2,2
13292,82,96,-14,14
13293,148,132,16,16
13294,86,89,-3,3
13295,81,73,8,8
13296,119,119,0,0
13297,97,108,-11,11
13298,118,119,-1,1
13299,92,91,1,1
13300,102,110,-8,8
13301,72,82,-10,10
13302,64,70,-6,6
13303,86,91,-5,5
13304,57,65,-8,8
13305,102,108,-6,6
13306,67,66,1,1
13307,88,90,-2,2
13308,139,135,4,4
13309,61,68,-7,7
13310,77,85,-8,8
13311,158,149,9,9
13312,130,125,5,5
13313,132,142,-10,10
13314,187,133,54,54
13315,79,80,-1,1
13316,96,115,-19,19
13317,76,93,-17,17
13318,71,87,-16,16
13319,78,87,-9,9
13320,209,205,4,4
13321,75,72,3,3
13322,146,126,20,20
13323,100,103,-3,3
13324,80,70,10,10
13325,70,64,6,6
13326,65,62,3,3
13327,95,104,-9,9
13328,80,76,4,4
13329,69,70,-1,1
13330,132,144,-12,12
13331,77,86,-9,9
13332,98,96,2,2
13333,94,92,2,2
13334,86,100,-14,14
13335,90,64,26,26
13336,75,68,7,7
13337,130,109,21,21
13338,87,104,-17,17
13339,141,126,15,15
13340,161,130,31,31
13341,68,102,-34,34
13342,97,99,-2,2
13343,125,110,15,15
13344,36,45,-9,9
13345,115,118,-3,3
13346,68,72,-4,4
13347,106,107,-1,1
13348,96,94,2,2
13349,82,82,0,0
13350,73,73,0,0
13351,89,75,14,14
13352,75,68,7,7
13353,85,116,-31,31
13354,134,142,-8,8
13355,90,98,-8,8
13356,83,92,-9,9
13357,129,107,22,22
13358,140,150,-10,10
13359,60,56,4,4
13360,82,86,-4,4
13361,153,108,45,45
13362,80,99,-19,19
13363,119,129,-10,10
13364,108,83,25,25
13365,54,60,-6,6
13366,99,106,-7,7
13367,130,154,-24,24
13368,100,106,-6,6
13369,59,47,12,12
13370,84,100,-16,16
13371,117,119,-2,2
13372,60,69,-9,9
13373,55,65,-10,10
13374,96,80,16,16
13375,73,85,-12,12
13376,64,49,15,15
13377,75,42,33,33
13378,55,93,-38,38
13379,90,93,-3,3
13380,142,146,-4,4
13381,139,138,1,1
13382,118,105,13,13
13383,120,98,22,22
13384,112,119,-7,7
13385,43,42,1,1
13386,106,106,0,0
13387,187,176,11,11
13388,117,120,-3,3
13389,111,110,1,1
13390,188,173,15,15
13391,156,140,16,16
13392,136,144,-8,8
13393,88,90,-2,2
13394,29,17,12,12
13395,107,89,18,18
13396,113,89,24,24
13397,93,107,-14,14
13398,81,80,1,1
13399,22,34,-12,12
13400,69,64,5,5
13401,168,151,17,17
13402,147,144,3,3
13403,105,112,-7,7
13404,145,122,23,23
13405,58,67,-9,9
13406,60,70,-10,10
13407,150,152,-2,2
13408,70,57,13,13
13409,69,41,28,28
13410,140,140,0,0
13411,88,87,1,1
13412,120,122,-2,2
13413,63,73,-10,10
13414,81,96,-15,15
13415,66,65,1,1
13416,91,95,-4,4
13417,131,142,-11,11
13418,126,104,22,22
13419,138,135,3,3
13420,103,116,-13,13
13421,103,102,1,1
13422,50,105,-55,55
13423,64,71,-7,7
13424,75,79,-4,4
13425,67,71,-4,4
13426,97,84,13,13
13427,109,127,-18,18
13428,137,135,2,2
13429,71,76,-5,5
13430,98,90,8,8
13431,82,102,-20,20
13432,65,73,-8,8
13433,117,105,12,12
13434,148,144,4,4
13435,190,163,27,27
13436,84,79,5,5
13437,110,98,12,12
13438,138,135,3,3
13439,74,75,-1,1
13440,130,117,13,13
13441,79,84,-5,5
13442,92,99,-7,7
13443,137,138,-1,1
13444,104,91,13,13
13445,160,147,13,13
13446,90,93,-3,3
13447,101,97,4,4
13448,123,131,-8,8
13449,73,74,-1,1
13450,66,68,-2,2
13451,124,103,21,21
13452,173,122,51,51
13453,142,143,-1,1
13454,32,14,18,18
13455,104,104,0,0
13456,65,87,-22,22
13457,60,63,-3,3
13458,71,82,-11,11
13459,56,70,-14,14
13460,122,130,-8,8
13461,135,126,9,9
13462,162,132,30,30
13463,96,110,-14,14
13464,126,135,-9,9
13465,74,84,-10,10
13466,102,108,-6,6
13467,80,69,11,11
13468,88,72,16,16
13469,92,84,8,8
13470,107,102,5,5
13471,87,103,-16,16
13472,58,56,2,2
13473,80,62,18,18
13474,79,94,-15,15
13475,114,122,-8,8
13476,78,81,-3,3
13477,75,81,-6,6
13478,168,152,16,16
13479,114,112,2,2
13480,59,66,-7,7
13481,152,146,6,6
13482,66,65,1,1
13483,98,96,2,2
13484,70,64,6,6
13485,101,90,11,11
13486,130,130,0,0
13487,114,109,5,5
13488,63,57,6,6
13489,181,176,5,5
13490,86,94,-8,8
13491,107,125,-18,18
13492,59,72,-13,13
13493,74,54,20,20
13494,134,138,-4,4
13495,199,174,25,25
13496,58,58,0,0
13497,99,89,10,10
13498,103,107,-4,4
13499,183,174,9,9
13500,96,98,-2,2
13501,99,104,-5,5
13502,113,111,2,2
13503,88,79,9,9
13504,88,86,2,2
13505,128,121,7,7
13506,82,94,-12,12
13507,80,77,3,3
13508,53,54,-1,1
13509,47,49,-2,2
13510,102,88,14,14
13511,97,102,-5,5
13512,68,70,-2,2
13513,125,121,4,4
13514,110,126,-16,16
13515,77,85,-8,8
13516,127,128,-1,1
13517,87,108,-21,21
13518,107,89,18,18
13519,105,113,-8,8
13520,153,134,19,19
13521,61,72,-11,11
13522,33,83,-50,50
13523,146,149,-3,3
13524,100,118,-18,18
13525,170,130,40,40
13526,134,122,12,12
13527,78,89,-11,11
13528,73,63,10,10
13529,60,64,-4,4
13530,64,71,-7,7
13531,99,92,7,7
13532,80,89,-9,9
13533,65,62,3,3
13534,67,59,8,8
13535,141,101,40,40
13536,60,79,-19,19
13537,138,152,-14,14
13538,154,132,22,22
13539,58,59,-1,1
13540,114,126,-12,12
13541,132,111,21,21
13542,98,102,-4,4
13543,80,97,-17,17
13544,105,88,17,17
13545,84,122,-38,38
13546,78,77,1,1
13547,154,146,8,8
13548,67,79,-12,12
13549,95,103,-8,8
13550,125,121,4,4
13551,128,129,-1,1
13552,42,45,-3,3
13553,204,164,40,40
13554,98,105,-7,7
13555,112,105,7,7
13556,132,120,12,12
13557,139,117,22,22
13558,93,75,18,18
13559,146,143,3,3
13560,56,68,-12,12
13561,65,73,-8,8
13562,124,122,2,2
13563,103,114,-11,11
13564,86,80,6,6
13565,60,73,-13,13
13566,98,104,-6,6
13567,80,108,-28,28
13568,89,89,0,0
13569,148,130,18,18
13570,40,29,11,11
13571,80,86,-6,6
13572,70,79,-9,9
13573,82,63,19,19
13574,133,152,-19,19
13575,75,90,-15,15
13576,75,69,6,6
13577,120,106,14,14
13578,50,52,-2,2
13579,111,121,-10,10
13580,86,94,-8,8
13581,115,122,-7,7
13582,63,60,3,3
13583,93,98,-5,5
13584,104,107,-3,3
13585,153,159,-6,6
13586,51,40,11,11
13587,128,118,10,10
13588,92,85,7,7
13589,51,69,-18,18
13590,84,87,-3,3
13591,104,102,2,2
13592,101,86,15,15
13593,83,71,12,12
13594,69,70,-1,1
13595,96,94,2,2
13596,83,99,-16,16
13597,54,75,-21,21
13598,83,75,8,8
13599,54,63,-9,9
13600,61,64,-3,3
13601,116,91,25,25
13602,113,106,7,7
13603,76,74,2,2
13604,87,100,-13,13
13605,59,55,4,4
13606,141,139,2,2
13607,97,110,-13,13
13608,89,85,4,4
13609,131,133,-2,2
13610,71,61,10,10
13611,60,62,-2,2
13612,39,36,3,3
13613,68,79,-11,11
13614,61,56,5,5
13615,107,122,-15,15
13616,95,90,5,5
13617,94,106,-12,12
13618,82,66,16,16
13619,110,112,-2,2
13620,113,121,-8,8
13621,107,105,2,2
13622,161,140,21,21
13623,180,172,8,8
13624,101,109,-8,8
13625,88,92,-4,4
13626,87,71,16,16
13627,115,127,-12,12
13628,121,117,4,4
13629,139,146,-7,7
13630,123,123,0,0
13631,63,58,5,5
13632,122,93,29,29
13633,68,76,-8,8
13634,110,108,2,2
13635,57,84,-27,27
13636,82,65,17,17
13637,95,101,-6,6
13638,134,133,1,1
13639,98,78,20,20
13640,128,153,-25,25
13641,95,105,-10,10
13642,104,142,-38,38
13643,175,172,3,3
13644,109,93,16,16
13645,164,144,20,20
13646,118,106,12,12
13647,70,77,-7,7
13648,54,73,-19,19
13649,145,143,2,2
13650,68,63,5,5
13651,82,82,0,0
13652,61,53,8,8
13653,92,99,-7,7
13654,89,78,11,11
13655,96,95,1,1
13656,122,125,-3,3
13657,79,89,-10,10
13658,75,85,-10,10
13659,108,109,-1,1
13660,43,56,-13,13
13661,67,86,-19,19
13662,75,78,-3,3
13663,67,66,1,1
13664,88,105,-17,17
13665,55,57,-2,2
13666,96,104,-8,8
13667,60,54,6,6
13668,125,114,11,11
13669,56,52,4,4
13670,111,115,-4,4
13671,105,124,-19,19
13672,77,95,-18,18
13673,89,91,-2,2
13674,79,84,-5,5
13675,107,122,-15,15
13676,124,131,-7,7
13677,119,128,-9,9
13678,57,76,-19,19
13679,127,134,-7,7
13680,64,78,-14,14
13681,96,107,-11,11
13682,89,76,13,13
13683,71,75,-4,4
13684,76,96,-20,20
13685,110,110,0,0
13686,120,134,-14,14
13687,98,99,-1,1
13688,84,95,-11,11
13689,233,221,12,12
13690,75,68,7,7
13691,107,87,20,20
13692,76,77,-1,1
13693,84,89,-5,5
13694,86,93,-7,7
13695,103,103,0,0
13696,106,96,10,10
13697,150,138,12,12
13698,73,80,-7,7
13699,130,146,-16,16
13700,132,122,10,10
13701,139,141,-2,2
13702,115,116,-1,1
13703,155,150,5,5
13704,75,82,-7,7
13705,70,68,2,2
13706,127,119,8,8
13707,65,71,-6,6
13708,100,114,-14,14
13709,170,158,12,12
13710,135,137,-2,2
13711,75,97,-22,22
13712,164,156,8,8
13713,125,101,24,24
13714,104,118,-14,14
13715,53,55,-2,2
13716,146,139,7,7
13717,102,90,12,12
13718,70,80,-10,10
13719,54,59,-5,5
13720,108,124,-16,16
13721,97,68,29,29
13722,104,105,-1,1
13723,140,135,5,5
13724,94,110,-16,16
13725,62,81,-19,19
13726,105,95,10,10
13727,48,44,4,4
13728,63,62,1,1
13729,64,57,7,7
13730,51,59,-8,8
13731,63,55,8,8
13732,121,113,8,8
13733,120,106,14,14
13734,86,100,-14,14
13735,91,85,6,6
13736,55,58,-3,3
13737,98,105,-7,7
13738,69,64,5,5
13739,45,38,7,7
13740,126,139,-13,13
13741,169,162,7,7
13742,95,89,6,6
13743,106,114,-8,8
13744,91,79,12,12
13745,126,108,18,18
13746,67,75,-8,8
13747,55,64,-9,9
13748,74,87,-13,13
13749,87,74,13,13
13750,87,94,-7,7
13751,83,76,7,7
13752,114,133,-19,19
13753,125,128,-3,3
13754,120,118,2,2
13755,86,87,-1,1
13756,66,70,-4,4
13757,106,90,16,16
13758,62,53,9,9
13759,87,121,-34,34
13760,68,67,1,1
13761,77,87,-10,10
13762,106,105,1,1
13763,101,94,7,7
13764,93,108,-15,15
13765,63,115,-52,52
13766,53,62,-9,9
13767,116,119,-3,3
13768,116,123,-7,7
13769,92,134,-42,42
13770,80,82,-2,2
13771,93,94,-1,1
13772,129,129,0,0
13773,97,108,-11,11
13774,51,62,-11,11
13775,98,97,1,1
13776,80,117,-37,37
13777,74,90,-16,16
13778,157,148,9,9
13779,163,142,21,21
13780,62,71,-9,9
13781,107,103,4,4
13782,107,82,25,25
13783,107,112,-5,5
13784,83,74,9,9
13785,117,94,23,23
13786,94,97,-3,3
13787,65,69,-4,4
13788,61,70,-9,9
13789,79,90,-11,11
13790,137,137,0,0
13791,141,133,8,8
13792,95,114,-19,19
13793,101,107,-6,6
13794,95,99,-4,4
13795,142,126,16,16
13796,107,106,1,1
13797,80,80,0,0
13798,91,101,-10,10
13799,71,58,13,13
13800,81,102,-21,21
13801,96,103,-7,7
13802,151,137,14,14
13803,75,84,-9,9
13804,69,72,-3,3
13805,70,73,-3,3
13806,66,82,-16,16
13807,100,111,-11,11
13808,107,104,3,3
13809,116,112,4,4
13810,59,61,-2,2
13811,90,98,-8,8
13812,60,61,-1,1
13813,55,61,-6,6
13814,66,75,-9,9
13815,90,96,-6,6
13816,80,82,-2,2
13817,151,97,54,54
13818,91,92,-1,1
13819,59,33,26,26
13820,73,81,-8,8
13821,51,65,-14,14
13822,95,106,-11,11
13823,92,84,8,8
13824,61,60,1,1
13825,80,78,2,2
13826,107,132,-25,25
13827,79,90,-11,11
13828,167,125,42,42
13829,58,64,-6,6
13830,104,106,-2,2
13831,106,118,-12,12
13832,61,66,-5,5
13833,111,130,-19,19
13834,97,108,-11,11
13835,101,101,0,0
13836,67,67,0,0
13837,56,63,-7,7
13838,57,62,-5,5
13839,82,64,18,18
13840,95,96,-1,1
13841,69,67,2,2
13842,58,59,-1,1
13843,105,106,-1,1
13844,163,145,18,18
13845,61,74,-13,13
13846,90,79,11,11
13847,220,181,39,39
13848,96,84,12,12
13849,44,56,-12,12
13850,59,85,-26,26
13851,60,67,-7,7
13852,64,86,-22,22
13853,94,96,-2,2
13854,151,150,1,1
13855,75,70,5,5
13856,75,85,-10,10
13857,79,75,4,4
13858,70,82,-12,12
13859,107,114,-7,7
13860,145,138,7,7
13861,70,72,-2,2
13862,75,67,8,8
13863,141,138,3,3
13864,66,63,3,3
13865,79,81,-2,2
13866,111,106,5,5
13867,112,98,14,14
13868,125,139,-14,14
13869,121,134,-13,13
13870,108,107,1,1
13871,74,88,-14,14
13872,106,112,-6,6
13873,118,112,6,6
13874,162,146,16,16
13875,142,118,24,24
13876,65,71,-6,6
13877,59,59,0,0
13878,91,93,-2,2
13879,75,88,-13,13
13880,125,113,12,12
13881,146,159,-13,13
13882,84,79,5,5
13883,95,105,-10,10
13884,88,90,-2,2
13885,95,90,5,5
13886,54,62,-8,8
13887,68,48,20,20
13888,250,207,43,43
13889,64,100,-36,36
13890,89,92,-3,3
13891,63,57,6,6
13892,47,62,-15,15
13893,113,122,-9,9
13894,118,102,16,16
13895,77,74,3,3
13896,175,128,47,47
13897,87,95,-8,8
13898,85,84,1,1
13899,107,94,13,13
13900,77,64,13,13
13901,112,115,-3,3
13902,67,70,-3,3
13903,124,123,1,1
13904,69,68,1,1
13905,170,162,8,8
13906,91,102,-11,11
13907,69,84,-15,15
13908,69,56,13,13
13909,102,100,2,2
13910,87,104,-17,17
13911,61,67,-6,6
13912,140,114,26,26
13913,56,102,-46,46
13914,50,56,-6,6
13915,71,61,10,10
13916,46,51,-5,5
13917,102,108,-6,6
13918,72,81,-9,9
13919,102,110,-8,8
13920,98,102,-4,4
13921,114,125,-11,11
13922,83,88,-5,5
13923,75,81,-6,6
13924,92,82,10,10
13925,107,110,-3,3
13926,166,150,16,16
13927,72,74,-2,2
13928,43,51,-8,8
13929,98,71,27,27
13930,141,134,7,7
13931,112,103,9,9
13932,149,123,26,26
13933,17,15,2,2
13934,63,69,-6,6
13935,127,125,2,2
13936,128,100,28,28
13937,64,61,3,3
13938,59,45,14,14
13939,45,58,-13,13
13940,104,93,11,11
13941,82,79,3,3
13942,52,47,5,5
13943,96,90,6,6
13944,108,107,1,1
13945,122,117,5,5
13946,105,105,0,0
13947,72,72,0,0
13948,75,58,17,17
13949,111,109,2,2
13950,86,85,1,1
13951,121,133,-12,12
13952,86,95,-9,9
13953,66,66,0,0
13954,93,99,-6,6
13955,128,146,-18,18
13956,142,135,7,7
13957,87,83,4,4
13958,84,92,-8,8
13959,103,104,-1,1
13960,113,119,-6,6
13961,136,122,14,14
13962,74,69,5,5
13963,108,123,-15,15
13964,89,101,-12,12
13965,84,85,-1,1
13966,98,102,-4,4
13967,51,51,0,0
13968,53,45,8,8
13969,88,22,66,66
13970,96,100,-4,4
13971,105,115,-10,10
13972,95,95,0,0
13973,119,80,39,39
13974,79,68,11,11
13975,110,92,18,18
13976,68,62,6,6
13977,98,108,-10,10
13978,162,187,-25,25
13979,124,123,1,1
13980,54,40,14,14
13981,89,90,-1,1
13982,55,106,-51,51
13983,147,120,27,27
13984,118,110,8,8
13985,28,70,-42,42
13986,115,117,-2,2
13987,87,85,2,2
13988,129,129,0,0
13989,100,89,11,11
13990,119,123,-4,4
13991,95,108,-13,13
13992,130,127,3,3
13993,57,51,6,6
13994,103,109,-6,6
13995,100,103,-3,3
13996,95,106,-11,11
13997,61,79,-18,18
13998,59,70,-11,11
13999,126,104,22,22
14000,162,169,-7,7
14001,98,95,3,3
14002,134,92,42,42
14003,118,116,2,2
14004,57,44,13,13
14005,84,103,-19,19
14006,84,85,-1,1
14007,120,144,-24,24
14008,163,145,18,18
14009,64,75,-11,11
14010,83,63,20,20
14011,69,82,-13,13
14012,135,116,19,19
14013,86,71,15,15
14014,60,51,9,9
14015,77,81,-4,4
14016,92,92,0,0
14017,85,90,-5,5
14018,161,156,5,5
14019,126,94,32,32
14020,63,65,-2,2
14021,93,103,-10,10
14022,73,87,-14,14
14023,107,106,1,1
14024,74,76,-2,2
14025,73,69,4,4
14026,108,101,7,7
14027,182,172,10,10
14028,134,116,18,18
14029,67,72,-5,5
14030,91,104,-13,13
14031,131,159,-28,28
14032,146,146,0,0
14033,80,86,-6,6
14034,139,134,5,5
14035,188,168,20,20
14036,150,141,9,9
14037,74,81,-7,7
14038,115,124,-9,9
14039,87,86,1,1
14040,83,76,7,7
14041,71,71,0,0
14042,95,96,-1,1
14043,110,113,-3,3
14044,91,89,2,2
14045,108,109,-1,1
14046,51,35,16,16
14047,71,71,0,0
14048,50,22,28,28
14049,66,79,-13,13
14050,56,68,-12,12
14051,108,108,0,0
14052,114,115,-1,1
14053,86,85,1,1
14054,88,92,-4,4
14055,66,47,19,19
14056,111,115,-4,4
14057,53,52,1,1
14058,94,89,5,5
14059,74,77,-3,3
14060,129,141,-12,12
14061,75,78,-3,3
14062,198,168,30,30
14063,76,62,14,14
14064,94,87,7,7
14065,70,71,-1,1
14066,172,141,31,31
14067,61,62,-1,1
14068,80,89,-9,9
14069,102,109,-7,7
14070,114,108,6,6
14071,70,75,-5,5
14072,75,97,-22,22
14073,112,103,9,9
14074,44,43,1,1
14075,145,156,-11,11
14076,68,92,-24,24
14077,148,147,1,1
14078,56,70,-14,14
14079,81,84,-3,3
14080,73,76,-3,3
14081,122,127,-5,5
14082,75,85,-10,10
14083,121,127,-6,6
14084,139,147,-8,8
14085,63,61,2,2
14086,125,120,5,5
14087,85,97,-12,12
14088,112,70,42,42
14089,114,114,0,0
14090,134,124,10,10
14091,98,103,-5,5
14092,75,87,-12,12
14093,135,84,51,51
14094,96,107,-11,11
14095,102,102,0,0
14096,150,163,-13,13
14097,186,144,42,42
14098,63,49,14,14
14099,116,112,4,4
14100,83,77,6,6
14101,110,92,18,18
14102,104,102,2,2
14103,71,60,11,11
14104,111,124,-13,13
14105,106,112,-6,6
14106,147,137,10,10
14107,67,71,-4,4
14108,212,170,42,42
14109,83,84,-1,1
14110,174,152,22,22
14111,113,119,-6,6
14112,68,83,-15,15
14113,159,143,16,16
14114,52,63,-11,11
14115,123,116,7,7
14116,112,119,-7,7
14117,69,87,-18,18
14118,61,68,-7,7
14119,63,64,-1,1
14120,70,84,-14,14
14121,65,92,-27,27
14122,145,127,18,18
14123,121,130,-9,9
14124,60,57,3,3
14125,187,162,25,25
14126,24,18,6,6
14127,136,132,4,4
14128,65,71,-6,6
14129,67,66,1,1
14130,189,203,-14,14
14131,83,92,-9,9
14132,76,76,0,0
14133,91,79,12,12
14134,74,85,-11,11
14135,55,65,-10,10
14136,107,107,0,0
14137,160,148,12,12
14138,149,143,6,6
14139,96,93,3,3
14140,88,86,2,2
14141,118,117,1,1
14142,91,88,3,3
14143,92,90,2,2
14144,74,84,-10,10
14145,118,127,-9,9
14146,81,100,-19,19
14147,95,95,0,0
14148,68,80,-12,12
14149,132,139,-7,7
14150,49,29,20,20
14151,115,112,3,3
14152,148,136,12,12
14153,109,131,-22,22
14154,104,100,4,4
14155,159,163,-4,4
14156,83,86,-3,3
14157,47,38,9,9
14158,92,84,8,8
14159,101,105,-4,4
14160,57,53,4,4
14161,40,48,-8,8
14162,153,129,24,24
14163,163,152,11,11
14164,66,78,-12,12
14165,90,82,8,8
14166,55,53,2,2
14167,52,66,-14,14
14168,96,114,-18,18
14169,115,121,-6,6
14170,47,89,-42,42
14171,77,91,-14,14
14172,76,83,-7,7
14173,115,123,-8,8
14174,93,102,-9,9
14175,120,96,24,24
14176,83,84,-1,1
14177,119,109,10,10
14178,40,39,1,1
14179,47,46,1,1
14180,55,61,-6,6
14181,96,96,0,0
14182,88,97,-9,9
14183,74,74,0,0
14184,80,94,-14,14
14185,68,52,16,16
14186,144,138,6,6
14187,101,109,-8,8
14188,116,117,-1,1
14189,63,78,-15,15
14190,51,47,4,4
14191,123,65,58,58
14192,145,145,0,0
14193,107,104,3,3
14194,109,115,-6,6
14195,115,121,-6,6
14196,59,55,4,4
14197,63,75,-12,12
14198,190,187,3,3
14199,69,66,3,3
14200,77,97,-20,20
14201,78,93,-15,15
14202,85,95,-10,10
14203,112,81,31,31
14204,82,75,7,7
14205,150,146,4,4
14206,72,94,-22,22
14207,105,113,-8,8
14208,80,83,-3,3
14209,39,36,3,3
14210,102,76,26,26
14211,68,61,7,7
14212,95,90,5,5
14213,24,8,16,16
14214,50,59,-9,9
14215,66,63,3,3
14216,69,74,-5,5
14217,120,133,-13,13
14218,140,128,12,12
14219,69,70,-1,1
14220,187,155,32,32
14221,107,103,4,4
14222,67,64,3,3
14223,126,125,1,1
14224,112,133,-21,21
14225,93,108,-15,15
14226,89,97,-8,8
14227,93,100,-7,7
14228,48,54,-6,6
14229,153,135,18,18
14230,67,62,5,5
14231,48,62,-14,14
14232,58,59,-1,1
14233,179,167,12,12
14234,91,95,-4,4
14235,123,134,-11,11
14236,70,73,-3,3
14237,32,59,-27,27
14238,96,95,1,1
14239,53,10,43,43
14240,99,120,-21,21
14241,133,123,10,10
14242,77,85,-8,8
14243,47,63,-16,16
14244,55,49,6,6
14245,85,81,4,4
14246,135,127,8,8
14247,103,69,34,34
14248,62,75,-13,13
14249,73,81,-8,8
14250,117,140,-23,23
14251,112,116,-4,4
14252,34,27,7,7
14253,46,38,8,8
14254,68,66,2,2
14255,42,31,11,11
14256,88,82,6,6
14257,88,113,-25,25
14258,78,87,-9,9
14259,74,94,-20,20
14260,145,127,18,18
14261,144,143,1,1
14262,146,134,12,12
14263,50,57,-7,7
14264,134,119,15,15
14265,81,77,4,4
14266,81,79,2,2
14267,64,66,-2,2
14268,134,133,1,1
14269,177,179,-2,2
14270,115,113,2,2
14271,105,106,-1,1
14272,142,115,27,27
14273,104,105,-1,1
14274,74,82,-8,8
14275,177,148,29,29
14276,47,45,2,2
14277,127,116,11,11
14278,186,157,29,29
14279,81,117,-36,36
14280,78,71,7,7
14281,155,147,8,8
14282,170,128,42,42
14283,97,104,-7,7
14284,94,108,-14,14
14285,77,79,-2,2
14286,83,98,-15,15
14287,109,127,-18,18
14288,92,97,-5,5
14289,93,93,0,0
14290,63,98,-35,35
14291,85,86,-1,1
14292,92,87,5,5
14293,68,70,-2,2
14294,111,118,-7,7
14295,181,167,14,14
14296,57,76,-19,19
14297,93,102,-9,9
14298,68,80,-12,12
14299,95,108,-13,13
14300,123,113,10,10
14301,58,57,1,1
14302,159,153,6,6
14303,97,80,17,17
14304,82,69,13,13
14305,70,61,9,9
14306,87,63,24,24
14307,63,65,-2,2
14308,138,142,-4,4
14309,124,122,2,2
14310,90,95,-5,5
14311,72,62,10,10
14312,82,96,-14,14
14313,102,115,-13,13
14314,149,117,32,32
14315,127,123,4,4
14316,127,107,20,20
14317,80,88,-8,8
14318,79,82,-3,3
14319,126,129,-3,3
14320,160,152,8,8
14321,88,84,4,4
14322,57,41,16,16
14323,117,113,4,4
14324,88,80,8,8
14325,117,128,-11,11
14326,108,111,-3,3
14327,122,139,-17,17
14328,126,125,1,1
14329,137,140,-3,3
14330,119,105,14,14
14331,94,84,10,10
14332,89,79,10,10
14333,65,70,-5,5
14334,80,94,-14,14
14335,73,62,11,11
14336,137,122,15,15
14337,112,121,-9,9
14338,93,104,-11,11
14339,121,109,12,12
14340,94,93,1,1
14341,74,85,-11,11
14342,126,113,13,13
14343,102,95,7,7
14344,61,61,0,0
14345,107,116,-9,9
14346,187,166,21,21
14347,129,125,4,4
14348,96,102,-6,6
14349,85,65,20,20
14350,89,89,0,0
14351,65,64,1,1
14352,67,101,-34,34
14353,95,82,13,13
14354,90,93,-3,3
14355,70,82,-12,12
14356,51,70,-19,19
14357,67,73,-6,6
14358,105,102,3,3
14359,72,96,-24,24
14360,73,70,3,3
14361,90,91,-1,1
14362,60,65,-5,5
14363,125,119,6,6
14364,128,98,30,30
14365,114,118,-4,4
14366,80,107,-27,27
14367,130,120,10,10
14368,170,182,-12,12
14369,163,166,-3,3
14370,121,109,12,12
14371,65,70,-5,5
14372,110,118,-8,8
14373,86,87,-1,1
14374,136,134,2,2
14375,95,98,-3,3
14376,82,79,3,3
14377,117,116,1,1
14378,122,126,-4,4
14379,61,52,9,9
14380,49,45,4,4
14381,188,170,18,18
14382,61,72,-11,11
14383,164,157,7,7
14384,64,73,-9,9
14385,100,104,-4,4
14386,75,83,-8,8
14387,90,94,-4,4
14388,83,63,20,20
14389,74,81,-7,7
14390,88,102,-14,14
14391,110,85,25,25
14392,104,111,-7,7
14393,61,57,4,4
14394,80,92,-12,12
14395,121,108,13,13
14396,72,92,-20,20
14397,80,81,-1,1
14398,38,26,12,12
14399,136,121,15,15
14400,85,99,-14,14
14401,86,100,-14,14
14402,129,122,7,7
14403,58,76,-18,18
14404,73,98,-25,25
14405,135,135,0,0
14406,106,117,-11,11
14407,53,39,14,14
14408,54,41,13,13
14409,62,77,-15,15
14410,91,100,-9,9
14411,61,61,0,0
14412,56,61,-5,5
14413,53,57,-4,4
14414,67,68,-1,1
14415,81,90,-9,9
14416,77,90,-13,13
14417,92,90,2,2
14418,181,162,19,19
14419,68,68,0,0
14420,73,72,1,1
14421,102,93,9,9
14422,85,88,-3,3
14423,78,86,-8,8
14424,85,89,-4,4
14425,86,93,-7,7
14426,61,3,58,58
14427,60,66,-6,6
14428,70,103,-33,33
14429,63,72,-9,9
14430,141,151,-10,10
14431,82,79,3,3
14432,125,111,14,14
14433,25,8,17,17
14434,124,121,3,3
14435,42,29,13,13
14436,123,133,-10,10
14437,50,78,-28,28
14438,94,104,-10,10
14439,175,144,31,31
14440,119,125,-6,6
14441,97,104,-7,7
14442,112,113,-1,1
14443,105,103,2,2
14444,85,89,-4,4
14445,117,128,-11,11
14446,140,136,4,4
14447,117,101,16,16
14448,45,35,10,10
14449,73,72,1,1
14450,71,83,-12,12
14451,41,46,-5,5
14452,134,132,2,2
14453,102,97,5,5
14454,69,78,-9,9
14455,98,108,-10,10
14456,113,108,5,5
14457,90,101,-11,11
14458,67,43,24,24
14459,83,83,0,0
14460,64,59,5,5
14461,192,137,55,55
14462,93,74,19,19
14463,111,118,-7,7
14464,122,131,-9,9
14465,89,108,-19,19
14466,77,98,-21,21
14467,66,78,-12,12
14468,57,67,-10,10
14469,84,91,-7,7
14470,90,111,-21,21
14471,103,103,0,0
14472,144,145,-1,1
14473,120,105,15,15
14474,105,98,7,7
14475,121,116,5,5
14476,51,100,-49,49
14477,91,93,-2,2
14478,73,82,-9,9
14479,60,62,-2,2
14480,50,47,3,3
14481,94,96,-2,2
14482,107,104,3,3
14483,62,61,1,1
14484,77,90,-13,13
14485,109,101,8,8
14486,113,114,-1,1
14487,95,116,-21,21
14488,153,147,6,6
14489,146,137,9,9
14490,75,79,-4,4
14491,97,105,-8,8
14492,96,103,-7,7
14493,112,130,-18,18
14494,93,118,-25,25
14495,88,88,0,0
14496,143,135,8,8
14497,131,131,0,0
14498,92,94,-2,2
14499,77,69,8,8
14500,94,93,1,1
14501,60,71,-11,11
14502,70,73,-3,3
14503,73,78,-5,5
14504,115,110,5,5
14505,111,115,-4,4
14506,41,43,-2,2
14507,49,50,-1,1
14508,141,147,-6,6
14509,85,84,1,1
14510,89,83,6,6
14511,84,78,6,6
14512,102,105,-3,3
14513,100,109,-9,9
14514,72,73,-1,1
14515,99,94,5,5
14516,68,65,3,3
14517,63,65,-2,2
14518,156,162,-6,6
14519,113,120,-7,7
14520,109,88,21,21
14521,141,140,1,1
14522,173,146,27,27
14523,95,116,-21,21
14524,89,95,-6,6
14525,103,99,4,4
14526,71,80,-9,9
14527,81,67,14,14
14528,93,100,-7,7
14529,138,127,11,11
14530,94,73,21,21
14531,168,123,45,45
14532,56,47,9,9
14533,70,63,7,7
14534,143,127,16,16
14535,115,116,-1,1
14536,78,89,-11,11
14537,71,100,-29,29
14538,61,68,-7,7
14539,174,167,7,7
14540,136,132,4,4
14541,137,134,3,3
14542,64,53,11,11
14543,98,113,-15,15
14544,61,72,-11,11
14545,79,72,7,7
14546,58,69,-11,11
14547,88,98,-10,10
14548,83,81,2,2
14549,58,60,-2,2
14550,113,119,-6,6
14551,65,87,-22,22
14552,98,114,-16,16
14553,98,92,6,6
14554,119,109,10,10
14555,81,98,-17,17
14556,107,105,2,2
14557,69,69,0,0
14558,102,106,-4,4
14559,64,70,-6,6
14560,92,107,-15,15
14561,91,89,2,2
14562,76,64,12,12
14563,120,127,-7,7
14564,131,126,5,5
14565,73,56,17,17
14566,113,79,34,34
14567,46,50,-4,4
14568,31,18,13,13
14569,86,153,-67,67
14570,124,134,-10,10
14571,69,76,-7,7
14572,103,98,5,5
14573,78,78,0,0
14574,85,85,0,0
14575,43,38,5,5
14576,102,98,4,4
14577,64,75,-11,11
14578,112,119,-7,7
14579,104,113,-9,9
14580,116,113,3,3
14581,72,74,-2,2
14582,86,95,-9,9
14583,45,40,5,5
14584,90,96,-6,6
14585,204,193,11,11
14586,38,34,4,4
14587,95,83,12,12
14588,102,109,-7,7
14589,193,166,27,27
14590,130,133,-3,3
14591,47,43,4,4
14592,132,130,2,2
14593,176,124,52,52
14594,67,65,2,2
14595,100,96,4,4
14596,73,73,0,0
14597,44,43,1,1
14598,65,64,1,1
14599,34,46,-12,12
14600,56,63,-7,7
14601,87,95,-8,8
14602,87,105,-18,18
14603,44,43,1,1
14604,115,84,31,31
14605,82,80,2,2
14606,134,143,-9,9
14607,161,147,14,14
14608,61,66,-5,5
14609,150,145,5,5
14610,106,105,1,1
14611,68,67,1,1
14612,106,98,8,8
14613,96,92,4,4
14614,142,147,-5,5
14615,74,64,10,10
14616,47,56,-9,9
14617,130,140,-10,10
14618,121,124,-3,3
14619,104,107,-3,3
14620,79,82,-3,3
14621,85,76,9,9
14622,92,96,-4,4
14623,52,91,-39,39
14624,144,172,-28,28
14625,92,86,6,6
14626,58,47,11,11
14627,116,130,-14,14
14628,71,78,-7,7
14629,65,62,3,3
14630,86,85,1,1
14631,51,63,-12,12
14632,51,57,-6,6
14633,169,143,26,26
14634,117,127,-10,10
14635,94,96,-2,2
14636,77,79,-2,2
14637,61,60,1,1
14638,64,58,6,6
14639,38,55,-17,17
14640,54,59,-5,5
14641,70,92,-22,22
14642,77,87,-10,10
14643,127,112,15,15
14644,58,59,-1,1
14645,84,79,5,5
14646,89,92,-3,3
14647,52,60,-8,8
14648,73,68,5,5
14649,64,88,-24,24
14650,53,69,-16,16
14651,112,113,-1,1
14652,92,103,-11,11
14653,90,109,-19,19
14654,72,65,7,7
14655,99,109,-10,10
14656,84,82,2,2
14657,90,100,-10,10
14658,135,132,3,3
14659,91,90,1,1
14660,81,94,-13,13
14661,119,101,18,18
14662,70,78,-8,8
14663,62,75,-13,13
14664,80,94,-14,14
14665,69,74,-5,5
14666,107,120,-13,13
14667,145,144,1,1
14668,137,132,5,5
14669,94,99,-5,5
14670,158,145,13,13
14671,174,178,-4,4
14672,100,118,-18,18
14673,141,126,15,15
14674,131,148,-17,17
14675,168,166,2,2
14676,98,90,8,8
14677,116,118,-2,2
14678,101,115,-14,14
14679,89,114,-25,25
14680,119,109,10,10
14681,139,142,-3,3
14682,25,10,15,15
14683,106,108,-2,2
14684,161,166,-5,5
14685,123,130,-7,7
14686,87,85,2,2
14687,58,43,15,15
14688,62,77,-15,15
14689,89,84,5,5
14690,81,82,-1,1
14691,70,67,3,3
14692,78,91,-13,13
14693,163,142,21,21
14694,46,67,-21,21
14695,57,48,9,9
14696,108,121,-13,13
14697,148,100,48,48
14698,74,86,-12,12
14699,54,68,-14,14
14700,64,66,-2,2
14701,162,115,47,47
14702,124,111,13,13
14703,75,82,-7,7
14704,76,81,-5,5
14705,81,91,-10,10
14706,56,55,1,1
14707,90,64,26,26
14708,70,82,-12,12
14709,66,81,-15,15
14710,75,86,-11,11
14711,95,118,-23,23
14712,123,123,0,0
14713,125,105,20,20
14714,44,33,11,11
14715,141,143,-2,2
14716,53,61,-8,8
14717,97,104,-7,7
14718,100,49,51,51
14719,78,96,-18,18
14720,199,158,41,41
14721,124,117,7,7
14722,56,63,-7,7
14723,62,42,20,20
14724,109,100,9,9
14725,149,123,26,26
14726,101,105,-4,4
14727,129,120,9,9
14728,138,128,10,10
14729,118,127,-9,9
14730,151,149,2,2
14731,58,54,4,4
14732,148,151,-3,3
14733,89,97,-8,8
14734,93,100,-7,7
14735,111,112,-1,1
14736,131,129,2,2
14737,106,117,-11,11
14738,123,120,3,3
14739,119,145,-26,26
14740,106,108,-2,2
14741,121,116,5,5
14742,74,71,3,3
14743,94,86,8,8
14744,83,85,-2,2
14745,159,149,10,10
14746,126,114,12,12
14747,71,74,-3,3
14748,52,49,3,3
14749,139,125,14,14
14750,98,79,19,19
14751,94,109,-15,15
14752,58,62,-4,4
14753,126,136,-10,10
14754,65,69,-4,4
14755,98,95,3,3
14756,170,155,15,15
14757,71,70,1,1
14758,63,96,-33,33
14759,74,83,-9,9
14760,119,87,32,32
14761,73,90,-17,17
14762,88,96,-8,8
14763,96,104,-8,8
14764,125,128,-3,3
14765,119,137,-18,18
14766,88,82,6,6
14767,98,97,1,1
14768,103,128,-25,25
14769,95,96,-1,1
14770,80,91,-11,11
14771,88,89,-1,1
14772,50,26,24,24
14773,81,78,3,3
14774,72,71,1,1
14775,56,28,28,28
14776,54,36,18,18
14777,70,86,-16,16
14778,92,110,-18,18
14779,79,80,-1,1
14780,64,68,-4,4
14781,121,105,16,16
14782,55,60,-5,5
14783,110,104,6,6
14784,142,139,3,3
14785,160,129,31,31
14786,61,53,8,8
14787,59,68,-9,9
14788,102,110,-8,8
14789,95,92,3,3
14790,62,71,-9,9
14791,142,135,7,7
14792,91,76,15,15
14793,114,106,8,8
14794,54,60,-6,6
14795,93,104,-11,11
14796,96,94,2,2
14797,75,94,-19,19
14798,95,102,-7,7
14799,59,68,-9,9
14800,87,80,7,7
14801,121,112,9,9
14802,85,96,-11,11
14803,74,74,0,0
14804,94,96,-2,2
14805,117,99,18,18
14806,136,135,1,1
14807,51,78,-27,27
14808,143,138,5,5
14809,110,121,-11,11
14810,112,107,5,5
14811,59,54,5,5
14812,69,64,5,5
14813,92,91,1,1
14814,92,92,0,0
14815,125,128,-3,3
14816,93,88,5,5
14817,94,101,-7,7
14818,183,174,9,9
14819,158,140,18,18
14820,126,131,-5,5
14821,201,180,21,21
14822,96,85,11,11
14823,69,75,-6,6
14824,112,121,-9,9
14825,60,64,-4,4
14826,81,80,1,1
14827,229,202,27,27
14828,81,89,-8,8
14829,49,54,-5,5
14830,98,91,7,7
14831,104,91,13,13
14832,117,114,3,3
14833,91,96,-5,5
14834,96,66,30,30
14835,82,82,0,0
14836,193,166,27,27
14837,75,87,-12,12
14838,101,92,9,9
14839,128,111,17,17
14840,103,102,1,1
14841,84,77,7,7
14842,162,156,6,6
14843,117,105,12,12
14844,104,123,-19,19
14845,85,86,-1,1
14846,90,91,-1,1
14847,67,73,-6,6
14848,91,86,5,5
14849,152,138,14,14
14850,60,55,5,5
14851,107,107,0,0
14852,114,124,-10,10
14853,95,97,-2,2
14854,85,101,-16,16
14855,72,109,-37,37
14856,66,42,24,24
14857,81,70,11,11
14858,112,109,3,3
14859,39,34,5,5
14860,125,143,-18,18
14861,67,69,-2,2
14862,103,98,5,5
14863,44,84,-40,40
14864,52,51,1,1
14865,58,75,-17,17
14866,105,111,-6,6
14867,55,72,-17,17
14868,107,123,-16,16
14869,102,111,-9,9
14870,61,78,-17,17
14871,129,120,9,9
14872,72,84,-12,12
14873,144,141,3,3
14874,67,80,-13,13
14875,131,79,52,52
14876,59,68,-9,9
14877,142,139,3,3
14878,80,89,-9,9
14879,95,98,-3,3
14880,62,71,-9,9
14881,99,104,-5,5
14882,69,82,-13,13
14883,36,24,12,12
14884,53,57,-4,4
14885,174,144,30,30
14886,120,122,-2,2
14887,60,64,-4,4
14888,44,49,-5,5
14889,104,113,-9,9
14890,70,59,11,11
14891,80,51,29,29
14892,72,54,18,18
14893,114,122,-8,8
14894,110,114,-4,4
14895,69,65,4,4
14896,108,115,-7,7
14897,136,126,10,10
14898,62,66,-4,4
14899,170,155,15,15
14900,109,113,-4,4
14901,85,69,16,16
14902,93,90,3,3
14903,117,115,2,2
14904,102,98,4,4
14905,123,118,5,5
14906,91,92,-1,1
14907,65,64,1,1
14908,52,45,7,7
14909,139,130,9,9
14910,88,91,-3,3
14911,67,87,-20,20
14912,143,142,1,1
14913,153,162,-9,9
14914,65,65,0,0
14915,84,90,-6,6
14916,101,126,-25,25
14917,90,116,-26,26
14918,75,64,11,11
14919,95,96,-1,1
14920,197,161,36,36
14921,60,65,-5,5
14922,152,157,-5,5
14923,69,73,-4,4
14924,79,87,-8,8
14925,63,50,13,13
14926,114,122,-8,8
14927,94,95,-1,1
14928,107,107,0,0
14929,94,99,-5,5
14930,68,68,0,0
14931,95,92,3,3
14932,123,106,17,17
14933,81,72,9,9
14934,141,132,9,9
14935,78,69,9,9
14936,100,118,-18,18
14937,120,123,-3,3
14938,36,56,-20,20
14939,81,101,-20,20
14940,118,99,19,19
14941,122,145,-23,23
14942,80,68,12,12
14943,130,106,24,24
14944,44,28,16,16
14945,170,169,1,1
14946,74,100,-26,26
14947,66,81,-15,15
14948,192,153,39,39
14949,84,85,-1,1
14950,116,133,-17,17
14951,81,84,-3,3
14952,43,27,16,16
14953,69,91,-22,22
14954,63,67,-4,4
14955,94,90,4,4
14956,84,75,9,9
14957,56,46,10,10
14958,106,118,-12,12
14959,152,131,21,21
14960,92,96,-4,4
14961,68,70,-2,2
14962,87,94,-7,7
14963,88,100,-12,12
14964,78,82,-4,4
14965,64,73,-9,9
14966,147,150,-3,3
14967,57,43,14,14
14968,81,35,46,46
14969,59,60,-1,1
14970,70,68,2,2
14971,87,96,-9,9
14972,90,78,12,12
14973,87,75,12,12
14974,49,65,-16,16
14975,160,146,14,14
14976,131,111,20,20
14977,83,70,13,13
14978,44,48,-4,4
14979,44,52,-8,8
14980,52,95,-43,43
14981,102,107,-5,5
14982,69,76,-7,7
14983,99,86,13,13
14984,81,87,-6,6
14985,91,103,-12,12
14986,87,83,4,4
14987,57,56,1,1
14988,82,100,-18,18
14989,56,58,-2,2
14990,76,73,3,3
14991,79,79,0,0
14992,78,84,-6,6
14993,121,118,3,3
14994,119,118,1,1
14995,68,79,-11,11
14996,146,107,39,39
14997,106,91,15,15
14998,132,130,2,2
14999,47,31,16,16
15000,70,81,-11,11
15001,114,102,12,12
15002,71,63,8,8
15003,85,97,-12,12
15004,132,130,2,2
15005,33,18,15,15
15006,16,28,-12,12
15007,68,57,11,11
15008,62,62,0,0
15009,84,105,-21,21
15010,50,54,-4,4
15011,91,101,-10,10
15012,116,106,10,10
15013,97,96,1,1
15014,126,128,-2,2
15015,102,113,-11,11
15016,111,102,9,9
15017,113,110,3,3
15018,149,131,18,18
15019,87,109,-22,22
15020,120,111,9,9
15021,124,122,2,2
15022,145,136,9,9
15023,78,85,-7,7
15024,158,158,0,0
15025,47,53,-6,6
15026,228,188,40,40
15027,86,103,-17,17
15028,97,88,9,9
15029,105,104,1,1
15030,59,62,-3,3
15031,134,116,18,18
15032,122,136,-14,14
15033,116,132,-16,16
15034,72,101,-29,29
15035,95,108,-13,13
15036,48,39,9,9
15037,71,66,5,5
15038,164,169,-5,5
15039,80,85,-5,5
15040,96,95,1,1
15041,133,133,0,0
15042,121,141,-20,20
15043,122,116,6,6
15044,99,84,15,15
15045,96,84,12,12
15046,41,42,-1,1
15047,157,142,15,15
15048,104,93,11,11
15049,65,68,-3,3
15050,103,118,-15,15
15051,118,117,1,1
15052,99,101,-2,2
15053,126,115,11,11
15054,106,95,11,11
15055,55,47,8,8
15056,75,75,0,0
15057,69,70,-1,1
15058,107,97,10,10
15059,122,114,8,8
15060,63,71,-8,8
15061,107,110,-3,3
15062,96,110,-14,14
15063,62,92,-30,30
15064,72,69,3,3
15065,152,141,11,11
15066,65,68,-3,3
15067,78,87,-9,9
15068,115,127,-12,12
15069,113,108,5,5
15070,113,110,3,3
15071,105,101,4,4
15072,116,125,-9,9
15073,158,142,16,16
15074,57,69,-12,12
15075,141,146,-5,5
15076,82,81,1,1
15077,106,113,-7,7
15078,96,94,2,2
15079,104,102,2,2
15080,98,82,16,16
15081,83,95,-12,12
15082,138,105,33,33
15083,148,135,13,13
15084,71,78,-7,7
15085,90,102,-12,12
15086,134,123,11,11
15087,129,144,-15,15
15088,127,136,-9,9
15089,77,62,15,15
15090,69,89,-20,20
15091,102,99,3,3
15092,69,65,4,4
15093,65,61,4,4
15094,102,116,-14,14
15095,56,84,-28,28
15096,123,118,5,5
15097,73,84,-11,11
15098,61,65,-4,4
15099,102,132,-30,30
15100,98,100,-2,2
15101,80,78,2,2
15102,85,93,-8,8
15103,61,15,46,46
15104,127,126,1,1
15105,68,72,-4,4
15106,127,141,-14,14
15107,71,72,-1,1
15108,71,62,9,9
15109,149,143,6,6
15110,91,91,0,0
15111,98,107,-9,9
15112,51,57,-6,6
15113,90,89,1,1
15114,105,127,-22,22
15115,84,92,-8,8
15116,98,91,7,7
15117,188,176,12,12
15118,57,53,4,4
15119,135,115,20,20
15120,107,111,-4,4
15121,166,165,1,1
15122,102,93,9,9
15123,162,161,1,1
15124,74,81,-7,7
15125,81,81,0,0
15126,58,55,3,3
15127,93,77,16,16
15128,67,66,1,1
15129,136,134,2,2
15130,122,124,-2,2
15131,114,89,25,25
15132,66,47,19,19
15133,121,121,0,0
15134,82,93,-11,11
15135,110,102,8,8
15136,63,75,-12,12
15137,108,110,-2,2
15138,77,94,-17,17
15139,86,81,5,5
15140,74,65,9,9
15141,101,96,5,5
15142,114,125,-11,11
15143,105,106,-1,1
15144,106,108,-2,2
15145,83,78,5,5
15146,169,142,27,27
15147,71,68,3,3
15148,87,96,-9,9
15149,67,78,-11,11
15150,86,101,-15,15
15151,244,219,25,25
15152,96,100,-4,4
15153,136,135,1,1
15154,64,65,-1,1
15155,131,145,-14,14
15156,142,153,-11,11
15157,63,76,-13,13
15158,56,64,-8,8
15159,65,63,2,2
15160,116,132,-16,16
15161,57,51,6,6
15162,109,122,-13,13
15163,114,128,-14,14
15164,68,69,-1,1
15165,114,122,-8,8
15166,64,94,-30,30
15167,112,129,-17,17
15168,47,54,-7,7
15169,66,79,-13,13
15170,81,86,-5,5
15171,127,128,-1,1
15172,109,113,-4,4
15173,72,76,-4,4
15174,94,100,-6,6
15175,46,47,-1,1
15176,113,131,-18,18
15177,70,82,-12,12
15178,80,81,-1,1
15179,64,89,-25,25
15180,113,109,4,4
15181,56,74,-18,18
15182,112,111,1,1
15183,50,68,-18,18
15184,101,98,3,3
15185,173,155,18,18
15186,57,56,1,1
15187,104,85,19,19
15188,90,90,0,0
15189,76,71,5,5
15190,94,88,6,6
15191,105,118,-13,13
15192,121,131,-10,10
15193,126,153,-27,27
15194,127,122,5,5
15195,116,120,-4,4
15196,88,105,-17,17
15197,62,95,-33,33
15198,190,170,20,20
15199,91,109,-18,18
15200,68,67,1,1
15201,102,104,-2,2
15202,150,107,43,43
15203,85,89,-4,4
15204,45,47,-2,2
15205,106,107,-1,1
15206,64,62,2,2
15207,152,157,-5,5
15208,124,128,-4,4
15209,77,73,4,4
15210,80,90,-10,10
15211,68,57,11,11
15212,131,125,6,6
15213,141,128,13,13
15214,138,123,15,15
15215,139,146,-7,7
15216,54,57,-3,3
15217,81,69,12,12
15218,131,142,-11,11
15219,105,111,-6,6
15220,88,91,-3,3
15221,97,106,-9,9
15222,132,146,-14,14
15223,80,86,-6,6
15224,83,79,4,4
15225,56,54,2,2
15226,68,82,-14,14
15227,88,95,-7,7
15228,101,92,9,9
15229,123,121,2,2
15230,123,129,-6,6
15231,56,80,-24,24
15232,139,121,18,18
15233,102,111,-9,9
15234,53,62,-9,9
15235,145,150,-5,5
15236,94,109,-15,15
15237,126,128,-2,2
15238,92,81,11,11
15239,82,77,5,5
15240,74,91,-17,17
15241,165,137,28,28
15242,99,111,-12,12
15243,139,133,6,6
15244,84,77,7,7
15245,85,78,7,7
15246,63,52,11,11
15247,174,148,26,26
15248,127,116,11,11
15249,93,100,-7,7
15250,106,105,1,1
15251,108,142,-34,34
15252,93,89,4,4
15253,98,79,19,19
15254,91,95,-4,4
15255,68,62,6,6
15256,98,95,3,3
15257,264,241,23,23
15258,105,90,15,15
15259,71,77,-6,6
15260,57,57,0,0
15261,99,105,-6,6
15262,87,87,0,0
15263,109,109,0,0
15264,132,134,-2,2
15265,66,74,-8,8
15266,99,113,-14,14
15267,70,66,4,4
15268,111,114,-3,3
15269,124,106,18,18
15270,53,56,-3,3
15271,113,101,12,12
15272,69,55,14,14
15273,69,85,-16,16
15274,80,80,0,0
15275,87,93,-6,6
15276,117,110,7,7
15277,105,101,4,4
15278,64,58,6,6
15279,41,49,-8,8
15280,60,63,-3,3
15281,93,100,-7,7
15282,74,59,15,15
15283,100,100,0,0
15284,75,78,-3,3
15285,117,109,8,8
15286,129,127,2,2
15287,145,155,-10,10
15288,102,104,-2,2
15289,147,152,-5,5
15290,55,63,-8,8
15291,91,89,2,2
15292,46,24,22,22
15293,211,175,36,36
15294,125,125,0,0
15295,76,80,-4,4
15296,84,82,2,2
15297,104,108,-4,4
15298,62,78,-16,16
15299,77,67,10,10
15300,100,98,2,2
15301,83,92,-9,9
15302,90,93,-3,3
15303,181,156,25,25
15304,132,134,-2,2
15305,88,79,9,9
15306,85,89,-4,4
15307,69,73,-4,4
15308,59,56,3,3
15309,42,10,32,32
15310,138,134,4,4
15311,75,79,-4,4
15312,116,120,-4,4
15313,76,93,-17,17
15314,85,82,3,3
15315,60,60,0,0
15316,101,112,-11,11
15317,117,121,-4,4
15318,73,84,-11,11
15319,65,110,-45,45
15320,136,137,-1,1
15321,40,26,14,14
15322,61,39,22,22
15323,138,125,13,13
15324,55,59,-4,4
15325,87,77,10,10
15326,60,59,1,1
15327,42,37,5,5
15328,184,167,17,17
15329,136,145,-9,9
15330,46,60,-14,14
15331,157,136,21,21
15332,99,100,-1,1
15333,64,61,3,3
15334,95,100,-5,5
15335,138,137,1,1
15336,63,67,-4,4
15337,72,57,15,15
15338,52,73,-21,21
15339,90,88,2,2
15340,78,81,-3,3
15341,97,114,-17,17
15342,118,131,-13,13
15343,89,95,-6,6
15344,55,58,-3,3
15345,109,100,9,9
15346,64,74,-10,10
15347,103,99,4,4
15348,96,104,-8,8
15349,101,102,-1,1
15350,130,132,-2,2
15351,67,90,-23,23
15352,65,53,12,12
15353,80,73,7,7
15354,90,85,5,5
15355,86,78,8,8
15356,62,49,13,13
15357,162,153,9,9
15358,107,116,-9,9
15359,42,40,2,2
15360,104,109,-5,5
15361,125,129,-4,4
15362,93,92,1,1
15363,163,166,-3,3
15364,42,58,-16,16
15365,127,123,4,4
15366,94,96,-2,2
15367,88,86,2,2
15368,147,149,-2,2
15369,155,156,-1,1
15370,107,115,-8,8
15371,65,71,-6,6
15372,94,110,-16,16
15373,77,79,-2,2
15374,128,124,4,4
15375,70,71,-1,1
15376,51,70,-19,19
15377,101,110,-9,9
15378,108,96,12,12
15379,169,142,27,27
15380,56,63,-7,7
15381,114,115,-1,1
15382,129,147,-18,18
15383,98,100,-2,2
15384,62,85,-23,23
15385,52,42,10,10
15386,125,96,29,29
15387,123,122,1,1
15388,107,111,-4,4
15389,100,127,-27,27
15390,153,154,-1,1
15391,81,81,0,0
15392,82,111,-29,29
15393,97,105,-8,8
15394,28,30,-2,2
15395,123,130,-7,7
15396,66,89,-23,23
15397,91,103,-12,12
15398,95,84,11,11
15399,66,74,-8,8
15400,105,105,0,0
15401,64,61,3,3
15402,106,104,2,2
15403,136,132,4,4
15404,87,88,-1,1
15405,71,74,-3,3
15406,116,124,-8,8
15407,88,103,-15,15
15408,53,65,-12,12
15409,126,116,10,10
15410,144,136,8,8
15411,74,80,-6,6
15412,63,59,4,4
15413,72,84,-12,12
15414,73,16,57,57
15415,76,85,-9,9
15416,88,85,3,3
15417,78,71,7,7
15418,103,107,-4,4
15419,76,68,8,8
15420,41,69,-28,28
15421,231,210,21,21
15422,134,137,-3,3
15423,126,103,23,23
15424,138,134,4,4
15425,103,119,-16,16
15426,90,91,-1,1
15427,73,68,5,5
15428,63,65,-2,2
15429,81,95,-14,14
15430,120,112,8,8
15431,92,98,-6,6
15432,100,91,9,9
15433,51,55,-4,4
15434,116,116,0,0
15435,97,99,-2,2
15436,87,81,6,6
15437,138,131,7,7
15438,52,67,-15,15
15439,36,23,13,13
15440,167,174,-7,7
15441,80,92,-12,12
15442,117,120,-3,3
15443,91,75,16,16
15444,163,159,4,4
15445,112,129,-17,17
15446,75,85,-10,10
15447,119,111,8,8
15448,61,37,24,24
15449,71,72,-1,1
15450,117,122,-5,5
15451,115,137,-22,22
15452,99,96,3,3
15453,125,127,-2,2
15454,100,111,-11,11
15455,153,159,-6,6
15456,146,143,3,3
15457,157,145,12,12
15458,104,116,-12,12
15459,130,132,-2,2
15460,137,146,-9,9
15461,105,120,-15,15
15462,101,94,7,7
15463,110,114,-4,4
15464,97,94,3,3
15465,87,109,-22,22
15466,107,107,0,0
15467,87,75,12,12
15468,90,107,-17,17
15469,90,87,3,3
15470,118,125,-7,7
15471,57,73,-16,16
15472,108,115,-7,7
15473,51,50,1,1
15474,56,132,-76,76
15475,53,60,-7,7
15476,55,65,-10,10
15477,68,78,-10,10
15478,61,76,-15,15
15479,142,124,18,18
15480,83,89,-6,6
15481,56,63,-7,7
15482,60,75,-15,15
15483,59,66,-7,7
15484,119,136,-17,17
15485,60,71,-11,11
15486,60,67,-7,7
15487,106,105,1,1
15488,78,83,-5,5
15489,83,77,6,6
15490,63,73,-10,10
15491,147,72,75,75
15492,182,170,12,12
15493,129,129,0,0
15494,97,110,-13,13
15495,115,118,-3,3
15496,105,112,-7,7
15497,102,97,5,5
15498,127,136,-9,9
15499,157,156,1,1
15500,84,86,-2,2
15501,152,94,58,58
15502,74,77,-3,3
15503,79,89,-10,10
15504,123,121,2,2
15505,135,133,2,2
15506,82,80,2,2
15507,111,117,-6,6
15508,62,100,-38,38
15509,59,63,-4,4
15510,77,95,-18,18
15511,63,76,-13,13
15512,81,88,-7,7
15513,56,65,-9,9
15514,69,72,-3,3
15515,65,68,-3,3
15516,82,74,8,8
15517,91,81,10,10
15518,190,158,32,32
15519,185,175,10,10
15520,131,118,13,13
15521,65,71,-6,6
15522,158,157,1,1
15523,144,157,-13,13
15524,73,80,-7,7
15525,80,36,44,44
15526,152,142,10,10
15527,62,70,-8,8
15528,64,69,-5,5
15529,65,74,-9,9
15530,146,141,5,5
15531,124,122,2,2
15532,108,96,12,12
15533,131,135,-4,4
15534,107,118,-11,11
15535,104,109,-5,5
15536,78,74,4,4
15537,115,123,-8,8
15538,159,127,32,32
15539,103,118,-15,15
15540,101,109,-8,8
15541,63,72,-9,9
15542,160,144,16,16
15543,61,71,-10,10
15544,60,56,4,4
15545,130,143,-13,13
15546,96,103,-7,7
15547,84,93,-9,9
15548,93,89,4,4
15549,110,113,-3,3
15550,66,65,1,1
15551,77,72,5,5
15552,103,103,0,0
15553,78,76,2,2
15554,147,145,2,2
15555,87,111,-24,24
15556,84,84,0,0
15557,83,80,3,3
15558,69,61,8,8
15559,180,160,20,20
15560,140,146,-6,6
15561,57,54,3,3
15562,120,119,1,1
15563,62,68,-6,6
15564,79,76,3,3
15565,127,137,-10,10
15566,64,71,-7,7
15567,81,80,1,1
15568,100,96,4,4
15569,118,127,-9,9
15570,85,71,14,14
15571,77,98,-21,21
15572,104,94,10,10
15573,72,74,-2,2
15574,101,79,22,22
15575,95,101,-6,6
15576,98,95,3,3
15577,62,55,7,7
15578,98,87,11,11
15579,113,131,-18,18
15580,62,61,1,1
15581,52,67,-15,15
15582,112,81,31,31
15583,80,89,-9,9
15584,106,113,-7,7
15585,63,74,-11,11
15586,49,59,-10,10
15587,72,77,-5,5
15588,117,112,5,5
15589,116,118,-2,2
15590,94,92,2,2
15591,95,100,-5,5
15592,83,80,3,3
15593,119,123,-4,4
15594,106,111,-5,5
15595,92,90,2,2
15596,70,76,-6,6
15597,133,127,6,6
15598,64,66,-2,2
15599,169,164,5,5
15600,93,88,5,5
15601,102,116,-14,14
15602,87,67,20,20
15603,71,84,-13,13
15604,62,62,0,0
15605,59,55,4,4
15606,85,83,2,2
15607,72,77,-5,5
15608,50,41,9,9
15609,92,102,-10,10
15610,127,124,3,3
15611,57,44,13,13
15612,107,102,5,5
15613,65,59,6,6
15614,82,91,-9,9
15615,81,94,-13,13
15616,98,99,-1,1
15617,82,77,5,5
15618,110,123,-13,13
15619,166,147,19,19
15620,107,115,-8,8
15621,50,58,-8,8
15622,148,125,23,23
15623,70,89,-19,19
15624,100,104,-4,4
15625,108,95,13,13
15626,113,109,4,4
15627,53,49,4,4
15628,126,125,1,1
15629,72,66,6,6
15630,197,176,21,21
15631,47,44,3,3
15632,89,93,-4,4
15633,143,132,11,11
15634,119,131,-12,12
15635,76,93,-17,17
15636,73,81,-8,8
15637,68,78,-10,10
15638,111,111,0,0
15639,121,108,13,13
15640,92,112,-20,20
15641,113,118,-5,5
15642,98,89,9,9
15643,152,158,-6,6
15644,80,82,-2,2
15645,82,80,2,2
15646,128,121,7,7
15647,49,58,-9,9
15648,128,128,0,0
15649,63,65,-2,2
15650,52,43,9,9
15651,89,86,3,3
15652,68,60,8,8
15653,109,107,2,2
15654,83,95,-12,12
15655,97,109,-12,12
15656,73,86,-13,13
15657,75,72,3,3
15658,127,86,41,41
15659,52,73,-21,21
15660,69,64,5,5
15661,152,139,13,13
15662,87,72,15,15
15663,130,117,13,13
15664,72,94,-22,22
15665,114,126,-12,12
15666,75,116,-41,41
15667,136,128,8,8
15668,77,74,3,3
15669,88,68,20,20
15670,64,71,-7,7
15671,90,63,27,27
15672,174,179,-5,5
15673,57,56,1,1
15674,56,58,-2,2
15675,78,81,-3,3
15676,81,82,-1,1
15677,67,64,3,3
15678,123,116,7,7
15679,146,148,-2,2
15680,123,126,-3,3
15681,98,114,-16,16
15682,61,65,-4,4
15683,109,110,-1,1
15684,76,83,-7,7
15685,121,129,-8,8
15686,81,73,8,8
15687,38,61,-23,23
15688,70,75,-5,5
15689,83,79,4,4
15690,100,102,-2,2
15691,79,105,-26,26
15692,98,101,-3,3
15693,79,83,-4,4
15694,196,185,11,11
15695,137,130,7,7
15696,67,69,-2,2
15697,87,84,3,3
15698,79,86,-7,7
15699,84,68,16,16
15700,104,122,-18,18
15701,105,131,-26,26
15702,113,103,10,10
15703,54,52,2,2
15704,77,83,-6,6
15705,124,114,10,10
15706,103,109,-6,6
15707,175,152,23,23
15708,67,62,5,5
15709,86,98,-12,12
15710,65,72,-7,7
15711,74,66,8,8
15712,85,111,-26,26
15713,77,65,12,12
15714,94,102,-8,8
15715,163,148,15,15
15716,107,87,20,20
15717,126,125,1,1
15718,97,92,5,5
15719,80,85,-5,5
15720,150,115,35,35
15721,67,87,-20,20
15722,120,104,16,16
15723,86,100,-14,14
15724,80,74,6,6
15725,79,76,3,3
15726,98,106,-8,8
15727,100,109,-9,9
15728,105,99,6,6
15729,140,159,-19,19
15730,110,104,6,6
15731,101,96,5,5
15732,50,46,4,4
15733,132,131,1,1
15734,160,147,13,13
15735,119,87,32,32
15736,94,91,3,3
15737,83,71,12,12
15738,92,91,1,1
15739,76,68,8,8
15740,103,108,-5,5
15741,93,87,6,6
15742,67,100,-33,33
15743,104,116,-12,12
15744,123,125,-2,2
15745,90,87,3,3
15746,75,86,-11,11
15747,120,115,5,5
15748,66,64,2,2
15749,106,116,-10,10
15750,120,112,8,8
15751,98,85,13,13
15752,105,109,-4,4
15753,97,93,4,4
15754,101,78,23,23
15755,80,83,-3,3
15756,87,83,4,4
15757,68,69,-1,1
15758,160,143,17,17
15759,77,85,-8,8
15760,65,63,2,2
15761,90,98,-8,8
15762,34,10,24,24
15763,90,101,-11,11
15764,83,81,2,2
15765,47,37,10,10
15766,47,68,-21,21
15767,106,116,-10,10
15768,63,76,-13,13
15769,96,92,4,4
15770,108,119,-11,11
15771,85,85,0,0
15772,157,144,13,13
15773,90,99,-9,9
15774,116,117,-1,1
15775,132,133,-1,1
15776,123,105,18,18
15777,118,115,3,3
15778,45,48,-3,3
15779,60,69,-9,9
15780,179,162,17,17
15781,111,108,3,3
15782,118,113,5,5
15783,87,95,-8,8
15784,51,59,-8,8
15785,37,27,10,10
15786,91,92,-1,1
15787,69,57,12,12
15788,130,124,6,6
15789,102,104,-2,2
15790,93,102,-9,9
15791,129,119,10,10
15792,54,45,9,9
15793,70,59,11,11
15794,125,121,4,4
15795,59,67,-8,8
15796,46,31,15,15
15797,64,74,-10,10
15798,113,99,14,14
15799,110,95,15,15
15800,46,42,4,4
15801,134,140,-6,6
15802,71,80,-9,9
15803,143,143,0,0
15804,63,67,-4,4
15805,120,135,-15,15
15806,86,80,6,6
15807,74,80,-6,6
15808,118,127,-9,9
15809,61,80,-19,19
15810,65,67,-2,2
15811,136,125,11,11
15812,85,98,-13,13
15813,105,93,12,12
15814,146,126,20,20
15815,98,116,-18,18
15816,30,55,-25,25
15817,76,90,-14,14
15818,148,147,1,1
15819,126,54,72,72
15820,121,118,3,3
15821,173,117,56,56
15822,68,76,-8,8
15823,100,95,5,5
15824,109,113,-4,4
15825,73,75,-2,2
15826,97,99,-2,2
15827,92,96,-4,4
15828,97,87,10,10
15829,88,105,-17,17
15830,159,128,31,31
15831,104,87,17,17
15832,65,64,1,1
15833,84,82,2,2
15834,82,83,-1,1
15835,100,114,-14,14
15836,105,117,-12,12
15837,70,76,-6,6
15838,77,55,22,22
15839,111,106,5,5
15840,96,94,2,2
15841,98,110,-12,12
15842,89,93,-4,4
15843,62,76,-14,14
15844,144,127,17,17
15845,134,134,0,0
15846,96,107,-11,11
15847,64,80,-16,16
15848,74,82,-8,8
15849,113,115,-2,2
15850,125,101,24,24
15851,122,125,-3,3
15852,66,83,-17,17
15853,46,53,-7,7
15854,115,129,-14,14
15855,59,66,-7,7
15856,76,89,-13,13
15857,97,98,-1,1
15858,125,132,-7,7
15859,138,112,26,26
15860,24,20,4,4
15861,34,23,11,11
15862,77,60,17,17
15863,112,120,-8,8
15864,123,125,-2,2
15865,88,104,-16,16
15866,130,123,7,7
15867,108,86,22,22
15868,52,41,11,11
15869,112,118,-6,6
15870,41,42,-1,1
15871,68,77,-9,9
15872,111,110,1,1
15873,97,106,-9,9
15874,73,80,-7,7
15875,75,86,-11,11
15876,79,92,-13,13
15877,62,101,-39,39
15878,75,99,-24,24
15879,128,133,-5,5
15880,113,123,-10,10
15881,49,38,11,11
15882,65,48,17,17
15883,64,52,12,12
15884,97,111,-14,14
15885,117,111,6,6
15886,62,66,-4,4
15887,75,92,-17,17
15888,80,82,-2,2
15889,63,68,-5,5
15890,50,64,-14,14
15891,112,114,-2,2
15892,129,123,6,6
15893,78,73,5,5
15894,102,101,1,1
15895,101,105,-4,4
15896,67,74,-7,7
15897,49,57,-8,8
15898,184,158,26,26
15899,81,85,-4,4
15900,70,69,1,1
15901,95,75,20,20
15902,111,95,16,16
15903,141,127,14,14
15904,105,97,8,8
15905,54,41,13,13
15906,78,76,2,2
15907,155,144,11,11
15908,134,120,14,14
15909,88,83,5,5
15910,66,64,2,2
15911,64,73,-9,9
15912,60,80,-20,20
15913,94,92,2,2
15914,103,99,4,4
15915,146,145,1,1
15916,74,78,-4,4
15917,73,88,-15,15
15918,62,75,-13,13
15919,103,101,2,2
15920,126,127,-1,1
15921,96,82,14,14
15922,160,129,31,31
15923,118,111,7,7
15924,128,122,6,6
15925,191,166,25,25
15926,123,117,6,6
15927,107,98,9,9
15928,55,63,-8,8
15929,47,25,22,22
15930,55,55,0,0
15931,58,47,11,11
15932,107,113,-6,6
15933,76,70,6,6
15934,96,85,11,11
15935,57,70,-13,13
15936,110,121,-11,11
15937,79,83,-4,4
15938,65,74,-9,9
15939,123,118,5,5
15940,61,53,8,8
15941,65,76,-11,11
15942,113,104,9,9
15943,49,45,4,4
15944,82,95,-13,13
15945,98,94,4,4
15946,75,85,-10,10
15947,112,107,5,5
15948,113,111,2,2
15949,94,100,-6,6
15950,58,37,21,21
15951,64,94,-30,30
15952,105,116,-11,11
15953,101,104,-3,3
15954,68,69,-1,1
15955,101,92,9,9
15956,52,56,-4,4
15957,70,111,-41,41
15958,97,139,-42,42
15959,117,111,6,6
15960,68,57,11,11
15961,127,118,9,9
15962,69,82,-13,13
15963,90,101,-11,11
15964,40,24,16,16
15965,114,108,6,6
15966,98,98,0,0
15967,66,69,-3,3
15968,67,103,-36,36
15969,190,181,9,9
15970,104,105,-1,1
15971,74,40,34,34
15972,69,59,10,10
15973,86,97,-11,11
15974,102,100,2,2
15975,122,114,8,8
15976,142,119,23,23
15977,103,100,3,3
15978,164,144,20,20
15979,110,127,-17,17
15980,64,72,-8,8
15981,74,73,1,1
15982,61,56,5,5
15983,63,54,9,9
15984,100,95,5,5
15985,107,105,2,2
15986,102,101,1,1
15987,31,37,-6,6
15988,147,141,6,6
15989,60,61,-1,1
15990,86,89,-3,3
15991,114,132,-18,18
15992,103,126,-23,23
15993,75,82,-7,7
15994,95,101,-6,6
15995,87,90,-3,3
15996,99,98,1,1
15997,114,111,3,3
15998,76,94,-18,18
15999,120,123,-3,3
16000,90,88,2,2
16001,64,53,11,11
16002,113,120,-7,7
16003,66,71,-5,5
16004,123,111,12,12
16005,132,117,15,15
16006,124,92,32,32
16007,56,71,-15,15
16008,125,114,11,11
16009,101,111,-10,10
16010,89,85,4,4
16011,57,69,-12,12
16012,98,90,8,8
16013,101,109,-8,8
16014,82,88,-6,6
16015,128,135,-7,7
16016,56,54,2,2
16017,162,164,-2,2
16018,84,102,-18,18
16019,79,70,9,9
16020,53,58,-5,5
16021,55,45,10,10
16022,62,67,-5,5
16023,73,72,1,1
16024,42,43,-1,1
16025,127,147,-20,20
16026,52,51,1,1
16027,121,125,-4,4
16028,75,98,-23,23
16029,89,81,8,8
16030,64,62,2,2
16031,36,10,26,26
16032,89,90,-1,1
16033,72,66,6,6
16034,148,145,3,3
16035,106,114,-8,8
16036,158,162,-4,4
16037,131,127,4,4
16038,130,136,-6,6
16039,77,76,1,1
16040,136,129,7,7
16041,102,104,-2,2
16042,86,91,-5,5
16043,89,84,5,5
16044,101,89,12,12
16045,99,109,-10,10
16046,100,92,8,8
16047,69,79,-10,10
16048,92,91,1,1
16049,69,74,-5,5
16050,128,135,-7,7
16051,151,128,23,23
16052,39,31,8,8
16053,44,49,-5,5
16054,74,95,-21,21
16055,82,78,4,4
16056,140,130,10,10
16057,120,110,10,10
16058,79,71,8,8
16059,89,96,-7,7
16060,158,195,-37,37
16061,105,133,-28,28
16062,113,118,-5,5
16063,58,37,21,21
16064,95,98,-3,3
16065,82,82,0,0
16066,140,138,2,2
16067,66,75,-9,9
16068,94,90,4,4
16069,116,122,-6,6
16070,70,85,-15,15
16071,90,107,-17,17
16072,73,78,-5,5
16073,62,100,-38,38
16074,55,63,-8,8
16075,87,107,-20,20
16076,97,97,0,0
16077,75,64,11,11
16078,113,135,-22,22
16079,148,133,15,15
16080,144,156,-12,12
16081,64,66,-2,2
16082,117,106,11,11
16083,89,79,10,10
16084,106,105,1,1
16085,130,111,19,19
16086,91,97,-6,6
16087,52,48,4,4
16088,54,65,-11,11
16089,117,116,1,1
16090,127,139,-12,12
16091,104,81,23,23
16092,122,116,6,6
16093,67,50,17,17
16094,73,68,5,5
16095,84,73,11,11
16096,63,63,0,0
16097,199,194,5,5
16098,138,133,5,5
16099,85,71,14,14
16100,112,119,-7,7
16101,100,109,-9,9
16102,184,181,3,3
16103,90,89,1,1
16104,55,61,-6,6
16105,142,135,7,7
16106,124,129,-5,5
16107,83,93,-10,10
16108,79,86,-7,7
16109,52,101,-49,49
16110,92,106,-14,14
16111,71,62,9,9
16112,47,39,8,8
16113,83,70,13,13
16114,68,76,-8,8
16115,65,75,-10,10
16116,99,96,3,3
16117,114,133,-19,19
16118,98,111,-13,13
16119,84,110,-26,26
16120,181,164,17,17
16121,51,65,-14,14
16122,95,87,8,8
16123,77,78,-1,1
16124,70,82,-12,12
16125,103,105,-2,2
16126,106,112,-6,6
16127,70,71,-1,1
16128,92,93,-1,1
16129,104,94,10,10
16130,49,59,-10,10
16131,62,74,-12,12
16132,52,53,-1,1
16133,88,77,11,11
16134,84,56,28,28
16135,80,93,-13,13
16136,55,42,13,13
16137,84,82,2,2
16138,158,105,53,53
16139,76,78,-2,2
16140,58,65,-7,7
16141,94,84,10,10
16142,44,38,6,6
16143,96,88,8,8
16144,134,118,16,16
16145,124,125,-1,1
16146,137,145,-8,8
16147,139,132,7,7
16148,40,43,-3,3
16149,64,68,-4,4
16150,100,93,7,7
16151,90,93,-3,3
16152,88,94,-6,6
16153,80,82,-2,2
16154,67,72,-5,5
16155,96,106,-10,10
16156,74,70,4,4
16157,80,69,11,11
16158,54,64,-10,10
16159,133,131,2,2
16160,71,70,1,1
16161,151,142,9,9
16162,150,152,-2,2
16163,107,110,-3,3
16164,104,111,-7,7
16165,96,99,-3,3
16166,164,142,22,22
16167,61,82,-21,21
16168,95,96,-1,1
16169,120,117,3,3
16170,107,96,11,11
16171,116,101,15,15
16172,89,94,-5,5
16173,42,46,-4,4
16174,74,76,-2,2
16175,100,106,-6,6
16176,66,63,3,3
16177,105,123,-18,18
16178,108,104,4,4
16179,144,140,4,4
16180,118,84,34,34
16181,82,76,6,6
16182,164,91,73,73
16183,125,137,-12,12
16184,68,91,-23,23
16185,102,96,6,6
16186,109,129,-20,20
16187,111,101,10,10
16188,115,101,14,14
16189,58,60,-2,2
16190,109,116,-7,7
16191,90,98,-8,8
16192,99,108,-9,9
16193,124,132,-8,8
16194,147,116,31,31
16195,67,72,-5,5
16196,89,107,-18,18
16197,77,81,-4,4
16198,106,122,-16,16
16199,78,89,-11,11
16200,58,65,-7,7
16201,119,114,5,5
16202,74,83,-9,9
16203,80,85,-5,5
16204,143,139,4,4
16205,160,142,18,18
16206,117,113,4,4
16207,79,71,8,8
16208,103,104,-1,1
16209,88,89,-1,1
16210,74,75,-1,1
16211,96,112,-16,16
16212,94,89,5,5
16213,66,64,2,2
16214,43,44,-1,1
16215,137,134,3,3
16216,89,89,0,0
16217,95,104,-9,9
16218,172,171,1,1
16219,37,29,8,8
16220,75,86,-11,11
16221,112,110,2,2
16222,98,94,4,4
16223,137,142,-5,5
16224,122,111,11,11
16225,55,48,7,7
16226,65,59,6,6
16227,105,130,-25,25
16228,67,63,4,4
16229,115,105,10,10
16230,35,37,-2,2
16231,95,101,-6,6
16232,62,57,5,5
16233,60,61,-1,1
16234,142,127,15,15
16235,74,93,-19,19
16236,100,105,-5,5
16237,179,84,95,95
16238,173,158,15,15
16239,161,163,-2,2
16240,76,80,-4,4
16241,79,88,-9,9
16242,116,96,20,20
16243,58,69,-11,11
16244,83,85,-2,2
16245,48,45,3,3
16246,74,57,17,17
16247,57,93,-36,36
16248,84,90,-6,6
16249,114,113,1,1
16250,72,71,1,1
16251,96,105,-9,9
16252,113,127,-14,14
16253,105,101,4,4
16254,149,133,16,16
16255,62,62,0,0
16256,72,67,5,5
16257,77,86,-9,9
16258,152,133,19,19
16259,94,88,6,6
16260,115,117,-2,2
16261,56,57,-1,1
16262,65,77,-12,12
16263,111,108,3,3
16264,73,81,-8,8
16265,75,80,-5,5
16266,90,86,4,4
16267,121,130,-9,9
16268,111,106,5,5
16269,179,167,12,12
16270,136,144,-8,8
16271,111,49,62,62
16272,35,86,-51,51
16273,90,111,-21,21
16274,58,58,0,0
16275,172,145,27,27
16276,77,86,-9,9
16277,81,70,11,11
16278,31,22,9,9
16279,87,95,-8,8
16280,63,61,2,2
16281,114,113,1,1
16282,96,104,-8,8
16283,83,92,-9,9
16284,117,128,-11,11
16285,121,108,13,13
16286,89,103,-14,14
16287,106,103,3,3
16288,108,104,4,4
16289,121,132,-11,11
16290,160,155,5,5
16291,110,111,-1,1
16292,87,80,7,7
16293,107,109,-2,2
16294,117,121,-4,4
16295,74,78,-4,4
16296,96,101,-5,5
16297,133,127,6,6
16298,81,94,-13,13
16299,81,94,-13,13
16300,76,81,-5,5
16301,57,71,-14,14
16302,131,139,-8,8
16303,91,74,17,17
16304,39,65,-26,26
16305,119,117,2,2
16306,138,137,1,1
16307,105,110,-5,5
16308,77,81,-4,4
16309,132,139,-7,7
16310,58,62,-4,4
16311,42,27,15,15
16312,67,53,14,14
16313,54,54,0,0
16314,74,74,0,0
16315,95,101,-6,6
16316,73,57,16,16
16317,75,56,19,19
16318,58,62,-4,4
16319,112,111,1,1
16320,114,100,14,14
16321,118,124,-6,6
16322,63,84,-21,21
16323,59,72,-13,13
16324,56,41,15,15
16325,66,64,2,2
16326,64,70,-6,6
16327,100,98,2,2
16328,97,96,1,1
16329,155,154,1,1
16330,93,100,-7,7
16331,123,129,-6,6
16332,89,85,4,4
16333,76,79,-3,3
16334,178,193,-15,15
16335,67,72,-5,5
16336,112,112,0,0
16337,105,111,-6,6
16338,95,98,-3,3
16339,81,96,-15,15
16340,67,87,-20,20
16341,79,97,-18,18
16342,117,123,-6,6
16343,72,93,-21,21
16344,103,112,-9,9
16345,109,110,-1,1
16346,59,68,-9,9
16347,101,99,2,2
16348,112,118,-6,6
16349,158,146,12,12
16350,119,123,-4,4
16351,92,84,8,8
16352,38,38,0,0
16353,66,75,-9,9
16354,69,110,-41,41
16355,51,68,-17,17
16356,200,165,35,35
16357,93,92,1,1
16358,97,99,-2,2
16359,171,135,36,36
16360,65,81,-16,16
16361,102,99,3,3
16362,72,73,-1,1
16363,55,50,5,5
16364,118,105,13,13
16365,86,88,-2,2
16366,135,121,14,14
16367,78,82,-4,4
16368,115,122,-7,7
16369,140,143,-3,3
16370,61,64,-3,3
16371,48,49,-1,1
16372,78,83,-5,5
16373,195,152,43,43
16374,48,57,-9,9
16375,71,106,-35,35
16376,126,129,-3,3
16377,207,164,43,43
16378,111,107,4,4
16379,75,98,-23,23
16380,106,96,10,10
16381,84,72,12,12
16382,140,144,-4,4
16383,77,100,-23,23
16384,88,92,-4,4
16385,63,72,-9,9
16386,146,142,4,4
16387,43,50,-7,7
16388,87,83,4,4
16389,63,50,13,13
16390,92,104,-12,12
16391,64,77,-13,13
16392,107,101,6,6
16393,114,107,7,7
16394,76,54,22,22
16395,108,120,-12,12
16396,61,56,5,5
16397,157,152,5,5
16398,161,142,19,19
16399,81,80,1,1
16400,42,37,5,5
16401,120,97,23,23
16402,118,77,41,41
16403,99,114,-15,15
16404,78,64,14,14
16405,39,29,10,10
16406,62,61,1,1
16407,93,81,12,12
16408,51,52,-1,1
16409,63,85,-22,22
16410,131,129,2,2
16411,117,104,13,13
16412,96,83,13,13
16413,158,147,11,11
16414,88,77,11,11
16415,77,96,-19,19
16416,84,81,3,3
16417,123,129,-6,6
16418,84,77,7,7
16419,122,126,-4,4
16420,88,87,1,1
16421,73,70,3,3
16422,198,162,36,36
16423,87,76,11,11
16424,76,93,-17,17
16425,85,89,-4,4
16426,86,106,-20,20
16427,161,170,-9,9
16428,132,110,22,22
16429,65,46,19,19
16430,65,76,-11,11
16431,155,135,20,20
16432,94,112,-18,18
16433,91,94,-3,3
16434,94,110,-16,16
16435,132,115,17,17
16436,74,95,-21,21
16437,134,127,7,7
16438,186,173,13,13
16439,117,108,9,9
16440,128,130,-2,2
16441,49,37,12,12
16442,52,59,-7,7
16443,54,53,1,1
16444,49,48,1,1
16445,61,68,-7,7
16446,87,95,-8,8
16447,121,129,-8,8
16448,110,109,1,1
16449,29,38,-9,9
16450,75,83,-8,8
16451,119,137,-18,18
16452,100,92,8,8
16453,73,108,-35,35
16454,71,76,-5,5
16455,61,98,-37,37
16456,91,96,-5,5
16457,68,90,-22,22
16458,79,84,-5,5
16459,141,140,1,1
16460,89,92,-3,3
16461,132,133,-1,1
16462,110,99,11,11
16463,70,72,-2,2
16464,49,46,3,3
16465,99,110,-11,11
16466,60,59,1,1
16467,94,115,-21,21
16468,89,81,8,8
16469,149,148,1,1
16470,78,69,9,9
16471,133,148,-15,15
16472,134,138,-4,4
16473,65,62,3,3
16474,117,116,1,1
16475,96,97,-1,1
16476,130,115,15,15
16477,138,130,8,8
16478,85,90,-5,5
16479,128,139,-11,11
16480,84,85,-1,1
16481,127,119,8,8
16482,67,73,-6,6
16483,149,159,-10,10
16484,77,83,-6,6
16485,91,96,-5,5
16486,137,134,3,3
16487,142,138,4,4
16488,68,85,-17,17
16489,129,131,-2,2
16490,120,102,18,18
16491,38,55,-17,17
16492,109,114,-5,5
16493,101,84,17,17
16494,66,98,-32,32
16495,61,90,-29,29
16496,107,120,-13,13
16497,112,101,11,11
16498,114,132,-18,18
16499,96,105,-9,9
16500,136,138,-2,2
16501,60,64,-4,4
16502,108,101,7,7
16503,109,100,9,9
16504,98,97,1,1
16505,53,79,-26,26
16506,68,70,-2,2
16507,114,110,4,4
16508,181,183,-2,2
16509,121,117,4,4
16510,67,77,-10,10
16511,78,68,10,10
16512,74,80,-6,6
16513,47,39,8,8
16514,113,113,0,0
16515,41,28,13,13
16516,57,57,0,0
16517,68,51,17,17
16518,88,98,-10,10
16519,76,97,-21,21
16520,96,91,5,5
16521,45,50,-5,5
16522,119,118,1,1
16523,104,105,-1,1
16524,111,112,-1,1
16525,62,56,6,6
16526,94,103,-9,9
16527,86,76,10,10
16528,78,90,-12,12
16529,132,128,4,4
16530,105,115,-10,10
16531,141,127,14,14
16532,59,66,-7,7
16533,205,165,40,40
16534,91,95,-4,4
16535,87,110,-23,23
16536,87,100,-13,13
16537,102,93,9,9
16538,94,91,3,3
16539,77,79,-2,2
16540,61,62,-1,1
16541,152,127,25,25
16542,85,90,-5,5
16543,120,114,6,6
16544,83,104,-21,21
16545,135,138,-3,3
16546,52,60,-8,8
16547,79,88,-9,9
16548,50,50,0,0
16549,152,143,9,9
16550,80,72,8,8
16551,83,103,-20,20
16552,163,154,9,9
16553,75,83,-8,8
16554,72,81,-9,9
16555,93,100,-7,7
16556,118,85,33,33
16557,84,79,5,5
16558,72,81,-9,9
16559,75,87,-12,12
16560,79,80,-1,1
16561,84,84,0,0
16562,88,97,-9,9
16563,99,104,-5,5
16564,59,52,7,7
16565,112,105,7,7
16566,128,124,4,4
16567,115,49,66,66
16568,101,125,-24,24
16569,60,68,-8,8
16570,80,86,-6,6
16571,134,133,1,1
16572,72,76,-4,4
16573,160,147,13,13
16574,123,124,-1,1
16575,111,108,3,3
16576,61,74,-13,13
16577,68,72,-4,4
16578,131,141,-10,10
16579,135,128,7,7
16580,217,221,-4,4
16581,56,51,5,5
16582,86,99,-13,13
16583,104,107,-3,3
16584,87,105,-18,18
16585,76,84,-8,8
16586,137,136,1,1
16587,86,84,2,2
16588,53,57,-4,4
16589,82,77,5,5
16590,52,40,12,12
16591,85,94,-9,9
16592,110,97,13,13
16593,58,58,0,0
16594,103,103,0,0
16595,40,37,3,3
16596,70,99,-29,29
16597,50,39,11,11
16598,69,68,1,1
16599,108,113,-5,5
16600,82,81,1,1
16601,138,139,-1,1
16602,103,110,-7,7
16603,119,111,8,8
16604,111,101,10,10
16605,154,149,5,5
16606,131,133,-2,2
16607,67,69,-2,2
16608,76,84,-8,8
16609,104,113,-9,9
16610,134,123,11,11
16611,41,18,23,23
16612,54,55,-1,1
16613,116,114,2,2
16614,58,63,-5,5
16615,74,87,-13,13
16616,101,102,-1,1
16617,62,43,19,19
16618,141,134,7,7
16619,93,98,-5,5
16620,98,107,-9,9
16621,88,102,-14,14
16622,33,38,-5,5
16623,115,121,-6,6
16624,86,87,-1,1
16625,156,148,8,8
16626,66,75,-9,9
16627,93,111,-18,18
16628,61,55,6,6
16629,128,122,6,6
16630,161,147,14,14
16631,51,63,-12,12
16632,59,11,48,48
16633,97,97,0,0
16634,157,142,15,15
16635,91,104,-13,13
16636,67,40,27,27
16637,90,104,-14,14
16638,82,78,4,4
16639,104,97,7,7
16640,96,99,-3,3
16641,122,126,-4,4
16642,86,89,-3,3
16643,126,126,0,0
16644,87,95,-8,8
16645,77,86,-9,9
16646,117,107,10,10
16647,144,135,9,9
16648,86,77,9,9
16649,61,61,0,0
16650,79,100,-21,21
16651,96,94,2,2
16652,89,103,-14,14
16653,89,98,-9,9
16654,110,107,3,3
16655,87,91,-4,4
16656,39,23,16,16
16657,98,100,-2,2
16658,151,143,8,8
16659,89,89,0,0
16660,67,65,2,2
16661,71,55,16,16
16662,119,123,-4,4
16663,86,82,4,4
16664,147,141,6,6
16665,51,43,8,8
16666,83,96,-13,13
16667,83,86,-3,3
16668,54,55,-1,1
16669,138,83,55,55
16670,64,81,-17,17
16671,80,80,0,0
16672,58,95,-37,37
16673,92,92,0,0
16674,56,75,-19,19
16675,114,130,-16,16
16676,58,59,-1,1
16677,51,50,1,1
16678,111,118,-7,7
16679,66,71,-5,5
16680,64,78,-14,14
16681,99,110,-11,11
16682,73,81,-8,8
16683,110,99,11,11
16684,99,105,-6,6
16685,92,85,7,7
16686,57,53,4,4
16687,138,134,4,4
16688,156,154,2,2
16689,113,112,1,1
16690,37,48,-11,11
16691,119,116,3,3
16692,109,110,-1,1
16693,137,137,0,0
16694,187,140,47,47
16695,77,88,-11,11
16696,78,79,-1,1
16697,89,94,-5,5
16698,144,117,27,27
16699,111,98,13,13
16700,46,55,-9,9
16701,119,117,2,2
16702,89,78,11,11
16703,85,54,31,31
16704,155,148,7,7
16705,164,152,12,12
16706,176,164,12,12
16707,61,75,-14,14
16708,143,157,-14,14
16709,66,54,12,12
16710,138,131,7,7
16711,107,113,-6,6
16712,80,74,6,6
16713,95,82,13,13
16714,94,102,-8,8
16715,90,87,3,3
16716,65,64,1,1
16717,75,102,-27,27
16718,54,52,2,2
16719,84,85,-1,1
16720,129,138,-9,9
16721,142,115,27,27
16722,96,103,-7,7
16723,112,123,-11,11
16724,93,70,23,23
16725,57,60,-3,3
16726,36,43,-7,7
16727,46,56,-10,10
16728,94,99,-5,5
16729,57,58,-1,1
16730,106,106,0,0
16731,130,133,-3,3
16732,62,59,3,3
16733,89,86,3,3
16734,137,136,1,1
16735,107,107,0,0
16736,58,48,10,10
16737,73,63,10,10
16738,86,107,-21,21
16739,103,99,4,4
16740,121,125,-4,4
16741,66,63,3,3
16742,87,102,-15,15
16743,59,56,3,3
16744,109,106,3,3
16745,79,86,-7,7
16746,68,80,-12,12
16747,66,78,-12,12
16748,72,86,-14,14
16749,100,103,-3,3
16750,102,97,5,5
16751,55,53,2,2
16752,98,80,18,18
16753,107,111,-4,4
16754,77,85,-8,8
16755,76,83,-7,7
16756,65,60,5,5
16757,134,129,5,5
16758,39,36,3,3
16759,123,115,8,8
16760,64,60,4,4
16761,105,105,0,0
16762,66,66,0,0
16763,203,188,15,15
16764,144,92,52,52
16765,75,72,3,3
16766,106,109,-3,3
16767,104,108,-4,4
16768,73,80,-7,7
16769,83,85,-2,2
16770,81,100,-19,19
16771,83,88,-5,5
16772,100,110,-10,10
16773,103,97,6,6
16774,76,82,-6,6
16775,66,94,-28,28
16776,72,79,-7,7
16777,87,93,-6,6
16778,81,25,56,56
16779,109,112,-3,3
16780,103,96,7,7
16781,112,132,-20,20
16782,170,160,10,10
16783,89,97,-8,8
16784,73,94,-21,21
16785,59,56,3,3
16786,135,134,1,1
16787,61,63,-2,2
16788,78,86,-8,8
16789,125,114,11,11
16790,64,68,-4,4
16791,54,58,-4,4
16792,119,123,-4,4
16793,92,94,-2,2
16794,117,110,7,7
16795,88,78,10,10
16796,99,91,8,8
16797,48,51,-3,3
16798,123,112,11,11
16799,113,116,-3,3
16800,98,100,-2,2
16801,66,54,12,12
16802,82,69,13,13
16803,38,42,-4,4
16804,86,92,-6,6
16805,135,144,-9,9
16806,140,133,7,7
16807,73,77,-4,4
16808,95,97,-2,2
16809,40,51,-11,11
16810,67,87,-20,20
16811,160,148,12,12
16812,121,109,12,12
16813,104,82,22,22
16814,98,102,-4,4
16815,125,121,4,4
16816,119,110,9,9
16817,109,113,-4,4
16818,73,73,0,0
16819,212,196,16,16
16820,81,87,-6,6
16821,104,110,-6,6
16822,44,47,-3,3
16823,82,70,12,12
16824,181,141,40,40
16825,50,34,16,16
16826,90,106,-16,16
16827,87,79,8,8
16828,76,91,-15,15
16829,211,183,28,28
16830,104,108,-4,4
16831,114,118,-4,4
16832,143,150,-7,7
16833,142,143,-1,1
16834,153,163,-10,10
16835,60,47,13,13
16836,60,64,-4,4
16837,111,99,12,12
16838,143,150,-7,7
16839,76,87,-11,11
16840,73,76,-3,3
16841,76,62,14,14
16842,75,81,-6,6
16843,58,60,-2,2
16844,57,67,-10,10
16845,112,108,4,4
16846,151,130,21,21
16847,51,57,-6,6
16848,64,78,-14,14
16849,80,84,-4,4
16850,89,85,4,4
16851,155,141,14,14
16852,97,87,10,10
16853,82,88,-6,6
16854,122,132,-10,10
16855,110,121,-11,11
16856,91,106,-15,15
16857,27,79,-52,52
16858,55,58,-3,3
16859,107,107,0,0
16860,61,68,-7,7
16861,67,95,-28,28
16862,111,122,-11,11
16863,95,88,7,7
16864,129,130,-1,1
16865,165,174,-9,9
16866,139,110,29,29
16867,97,125,-28,28
16868,88,98,-10,10
16869,64,77,-13,13
16870,83,80,3,3
16871,118,125,-7,7
16872,81,78,3,3
16873,78,76,2,2
16874,164,160,4,4
16875,60,38,22,22
16876,23,32,-9,9
16877,60,65,-5,5
16878,58,66,-8,8
16879,102,106,-4,4
16880,100,107,-7,7
16881,103,106,-3,3
16882,98,70,28,28
16883,136,126,10,10
16884,110,95,15,15
16885,95,98,-3,3
16886,113,115,-2,2
16887,143,155,-12,12
16888,141,131,10,10
16889,117,117,0,0
16890,63,78,-15,15
16891,83,78,5,5
16892,52,65,-13,13
16893,95,106,-11,11
16894,85,124,-39,39
16895,75,81,-6,6
16896,137,144,-7,7
16897,81,90,-9,9
16898,55,127,-72,72
16899,128,109,19,19
16900,135,127,8,8
16901,107,101,6,6
16902,68,74,-6,6
16903,95,95,0,0
16904,131,125,6,6
16905,106,90,16,16
16906,84,101,-17,17
16907,120,121,-1,1
16908,69,77,-8,8
16909,93,104,-11,11
16910,100,108,-8,8
16911,152,136,16,16
16912,139,144,-5,5
16913,109,100,9,9
16914,122,119,3,3
16915,70,79,-9,9
16916,89,93,-4,4
16917,81,69,12,12
16918,59,46,13,13
16919,74,102,-28,28
16920,121,112,9,9
16921,88,81,7,7
16922,72,92,-20,20
16923,107,100,7,7
16924,47,62,-15,15
16925,105,99,6,6
16926,61,75,-14,14
16927,116,113,3,3
16928,110,101,9,9
16929,63,70,-7,7
16930,121,122,-1,1
16931,52,39,13,13
16932,92,96,-4,4
16933,102,114,-12,12
16934,86,86,0,0
16935,171,175,-4,4
16936,97,105,-8,8
16937,105,92,13,13
16938,127,31,96,96
16939,84,86,-2,2
16940,99,90,9,9
16941,65,64,1,1
16942,86,79,7,7
16943,107,114,-7,7
16944,84,84,0,0
16945,136,131,5,5
16946,82,72,10,10
16947,52,69,-17,17
16948,103,118,-15,15
16949,102,105,-3,3
16950,126,123,3,3
16951,185,184,1,1
16952,143,112,31,31
16953,48,75,-27,27
16954,142,114,28,28
16955,58,77,-19,19
16956,164,158,6,6
16957,95,100,-5,5
16958,191,185,6,6
16959,115,121,-6,6
16960,58,75,-17,17
16961,121,125,-4,4
16962,101,89,12,12
16963,79,92,-13,13
16964,84,75,9,9
16965,69,69,0,0
16966,153,156,-3,3
16967,67,73,-6,6
16968,69,84,-15,15
16969,71,78,-7,7
16970,94,104,-10,10
16971,110,120,-10,10
16972,105,107,-2,2
16973,88,112,-24,24
16974,93,97,-4,4
16975,70,72,-2,2
16976,65,67,-2,2
16977,62,61,1,1
16978,120,121,-1,1
16979,55,97,-42,42
16980,73,74,-1,1
16981,102,82,20,20
16982,71,64,7,7
16983,111,116,-5,5
16984,156,142,14,14
16985,89,85,4,4
16986,67,58,9,9
16987,71,65,6,6
16988,71,76,-5,5
16989,108,107,1,1
16990,72,65,7,7
16991,80,77,3,3
16992,104,86,18,18
16993,111,110,1,1
16994,58,50,8,8
16995,68,52,16,16
16996,92,101,-9,9
16997,161,145,16,16
16998,107,106,1,1
16999,66,90,-24,24
17000,76,85,-9,9
17001,105,103,2,2
17002,140,122,18,18
17003,77,77,0,0
17004,70,85,-15,15
17005,133,132,1,1
17006,50,50,0,0
17007,66,67,-1,1
17008,60,70,-10,10
17009,72,90,-18,18
17010,123,88,35,35
17011,88,83,5,5
17012,110,110,0,0
17013,94,85,9,9
17014,88,91,-3,3
17015,82,86,-4,4
17016,107,130,-23,23
17017,69,71,-2,2
17018,85,80,5,5
17019,81,81,0,0
17020,57,62,-5,5
17021,124,115,9,9
17022,126,133,-7,7
17023,59,64,-5,5
17024,78,71,7,7
17025,112,121,-9,9
17026,87,101,-14,14
17027,101,90,11,11
17028,101,94,7,7
17029,150,154,-4,4
17030,135,129,6,6
17031,146,151,-5,5
17032,61,65,-4,4
17033,103,100,3,3
17034,134,114,20,20
17035,68,54,14,14
17036,84,67,17,17
17037,59,71,-12,12
17038,115,111,4,4
17039,98,78,20,20
17040,118,109,9,9
17041,97,110,-13,13
17042,94,107,-13,13
17043,143,128,15,15
17044,119,119,0,0
17045,82,113,-31,31
17046,86,98,-12,12
17047,79,78,1,1
17048,178,185,-7,7
17049,151,128,23,23
17050,133,133,0,0
17051,71,69,2,2
17052,56,64,-8,8
17053,61,54,7,7
17054,69,76,-7,7
17055,95,96,-1,1
17056,98,104,-6,6
17057,88,92,-4,4
17058,86,98,-12,12
17059,79,83,-4,4
17060,77,75,2,2
17061,88,103,-15,15
17062,110,106,4,4
17063,138,139,-1,1
17064,98,111,-13,13
17065,99,87,12,12
17066,73,79,-6,6
17067,143,140,3,3
17068,44,41,3,3
17069,136,129,7,7
17070,150,140,10,10
17071,125,117,8,8
17072,134,140,-6,6
17073,93,116,-23,23
17074,107,117,-10,10
17075,38,50,-12,12
17076,133,154,-21,21
17077,151,143,8,8
17078,104,118,-14,14
17079,83,74,9,9
17080,124,104,20,20
17081,161,151,10,10
17082,72,66,6,6
17083,77,79,-2,2
17084,111,113,-2,2
17085,107,98,9,9
17086,107,111,-4,4
17087,98,100,-2,2
17088,168,164,4,4
17089,100,99,1,1
17090,70,72,-2,2
17091,68,68,0,0
17092,74,69,5,5
17093,129,134,-5,5
17094,121,125,-4,4
17095,69,54,15,15
17096,121,114,7,7
17097,103,110,-7,7
17098,187,172,15,15
17099,61,65,-4,4
17100,81,88,-7,7
17101,117,135,-18,18
17102,46,46,0,0
17103,77,83,-6,6
17104,85,85,0,0
17105,47,37,10,10
17106,81,80,1,1
17107,99,88,11,11
17108,152,148,4,4
17109,58,74,-16,16
17110,45,59,-14,14
17111,87,105,-18,18
17112,100,87,13,13
17113,41,31,10,10
17114,184,146,38,38
17115,72,70,2,2
17116,38,41,-3,3
17117,79,96,-17,17
17118,98,91,7,7
17119,71,80,-9,9
17120,62,66,-4,4
17121,90,86,4,4
17122,97,82,15,15
17123,52,52,0,0
17124,74,55,19,19
17125,154,138,16,16
17126,99,104,-5,5
17127,44,23,21,21
17128,85,71,14,14
17129,128,95,33,33
17130,128,116,12,12
17131,78,78,0,0
17132,62,67,-5,5
17133,112,121,-9,9
17134,63,68,-5,5
17135,88,80,8,8
17136,51,55,-4,4
17137,129,121,8,8
17138,65,63,2,2
17139,56,52,4,4
17140,102,96,6,6
17141,87,85,2,2
17142,129,131,-2,2
17143,61,74,-13,13
17144,79,86,-7,7
17145,57,69,-12,12
17146,171,142,29,29
17147,90,80,10,10
17148,96,97,-1,1
17149,91,94,-3,3
17150,47,59,-12,12
17151,87,102,-15,15
17152,86,96,-10,10
17153,133,135,-2,2
17154,133,128,5,5
17155,89,92,-3,3
17156,64,57,7,7
17157,54,54,0,0
17158,99,108,-9,9
17159,91,88,3,3
17160,76,94,-18,18
17161,75,86,-11,11
17162,72,71,1,1
17163,107,111,-4,4
17164,39,38,1,1
17165,99,101,-2,2
17166,121,112,9,9
17167,89,90,-1,1
17168,132,119,13,13
17169,108,122,-14,14
17170,84,63,21,21
17171,104,108,-4,4
17172,68,74,-6,6
17173,55,60,-5,5
17174,74,55,19,19
17175,85,97,-12,12
17176,63,59,4,4
17177,77,89,-12,12
17178,103,104,-1,1
17179,66,80,-14,14
17180,77,72,5,5
17181,112,102,10,10
17182,127,135,-8,8
17183,100,107,-7,7
17184,59,61,-2,2
17185,111,107,4,4
17186,29,32,-3,3
17187,77,68,9,9
17188,98,106,-8,8
17189,108,101,7,7
17190,196,170,26,26
17191,79,86,-7,7
17192,150,145,5,5
17193,99,98,1,1
17194,73,77,-4,4
17195,75,82,-7,7
17196,62,54,8,8
17197,77,81,-4,4
17198,100,97,3,3
17199,139,144,-5,5
17200,80,84,-4,4
17201,151,119,32,32
17202,125,126,-1,1
17203,70,84,-14,14
17204,141,134,7,7
17205,76,86,-10,10
17206,74,91,-17,17
17207,108,111,-3,3
17208,146,131,15,15
17209,65,51,14,14
17210,92,89,3,3
17211,98,103,-5,5
17212,112,119,-7,7
17213,155,146,9,9
17214,109,106,3,3
17215,127,118,9,9
17216,40,45,-5,5
17217,106,122,-16,16
17218,106,129,-23,23
17219,68,86,-18,18
17220,73,83,-10,10
17221,69,82,-13,13
17222,93,88,5,5
17223,95,91,4,4
17224,99,89,10,10
17225,108,94,14,14
17226,77,70,7,7
17227,76,81,-5,5
17228,102,105,-3,3
17229,117,113,4,4
17230,88,87,1,1
17231,82,86,-4,4
17232,99,102,-3,3
17233,147,134,13,13
17234,66,71,-5,5
17235,79,79,0,0
17236,62,79,-17,17
17237,175,156,19,19
17238,101,111,-10,10
17239,64,70,-6,6
17240,74,73,1,1
17241,72,93,-21,21
17242,64,64,0,0
17243,73,73,0,0
17244,48,71,-23,23
17245,186,178,8,8
17246,100,130,-30,30
17247,120,115,5,5
17248,53,60,-7,7
17249,120,93,27,27
17250,98,108,-10,10
17251,34,47,-13,13
17252,97,82,15,15
17253,118,124,-6,6
17254,128,113,15,15
17255,90,85,5,5
17256,63,69,-6,6
17257,160,150,10,10
17258,177,147,30,30
17259,185,155,30,30
17260,104,97,7,7
17261,68,65,3,3
17262,119,118,1,1
17263,110,103,7,7
17264,67,61,6,6
17265,56,77,-21,21
17266,160,155,5,5
17267,103,116,-13,13
17268,68,64,4,4
17269,112,124,-12,12
17270,75,83,-8,8
17271,101,112,-11,11
17272,89,115,-26,26
17273,57,54,3,3
17274,65,69,-4,4
17275,95,99,-4,4
17276,93,98,-5,5
17277,100,88,12,12
17278,127,136,-9,9
17279,105,95,10,10
17280,58,55,3,3
17281,70,65,5,5
17282,146,134,12,12
17283,90,112,-22,22
17284,75,67,8,8
17285,92,111,-19,19
17286,122,117,5,5
17287,77,88,-11,11
17288,50,56,-6,6
17289,69,52,17,17
17290,36,36,0,0
17291,97,90,7,7
17292,81,97,-16,16
17293,127,130,-3,3
17294,142,150,-8,8
17295,98,102,-4,4
17296,91,85,6,6
17297,84,76,8,8
17298,94,63,31,31
17299,71,103,-32,32
17300,87,61,26,26
17301,109,118,-9,9
17302,58,59,-1,1
17303,63,68,-5,5
17304,65,73,-8,8
17305,45,46,-1,1
17306,87,82,5,5
17307,64,82,-18,18
17308,82,88,-6,6
17309,156,153,3,3
17310,138,107,31,31
17311,76,71,5,5
17312,134,121,13,13
17313,115,110,5,5
17314,92,97,-5,5
17315,126,131,-5,5
17316,103,116,-13,13
17317,56,68,-12,12
17318,125,138,-13,13
17319,108,95,13,13
17320,69,63,6,6
17321,151,141,10,10
17322,88,97,-9,9
17323,101,101,0,0
17324,165,158,7,7
17325,151,140,11,11
17326,82,79,3,3
17327,65,65,0,0
17328,93,95,-2,2
17329,102,99,3,3
17330,71,73,-2,2
17331,66,80,-14,14
17332,101,103,-2,2
17333,109,104,5,5
17334,67,58,9,9
17335,150,137,13,13
17336,71,81,-10,10
17337,93,105,-12,12
17338,106,115,-9,9
17339,127,118,9,9
17340,167,157,10,10
17341,67,76,-9,9
17342,137,133,4,4
17343,90,85,5,5
17344,48,61,-13,13
17345,79,86,-7,7
17346,72,85,-13,13
17347,139,133,6,6
17348,81,87,-6,6
17349,124,119,5,5
17350,114,112,2,2
17351,75,88,-13,13
17352,73,75,-2,2
17353,90,84,6,6
17354,156,138,18,18
17355,107,107,0,0
17356,88,85,3,3
17357,135,142,-7,7
17358,120,115,5,5
17359,55,80,-25,25
17360,58,47,11,11
17361,104,114,-10,10
17362,53,53,0,0
17363,65,66,-1,1
17364,71,70,1,1
17365,36,72,-36,36
17366,135,129,6,6
17367,159,117,42,42
17368,118,103,15,15
17369,93,73,20,20
17370,91,78,13,13
17371,66,69,-3,3
17372,68,65,3,3
17373,81,82,-1,1
17374,138,150,-12,12
17375,68,70,-2,2
17376,128,139,-11,11
17377,97,107,-10,10
17378,83,93,-10,10
17379,194,163,31,31
17380,63,70,-7,7
17381,68,48,20,20
17382,68,69,-1,1
17383,89,93,-4,4
17384,103,97,6,6
17385,113,114,-1,1
17386,95,107,-12,12
17387,93,80,13,13
17388,68,70,-2,2
17389,57,51,6,6
17390,58,83,-25,25
17391,174,161,13,13
17392,71,69,2,2
17393,106,102,4,4
17394,63,57,6,6
17395,63,54,9,9
17396,126,119,7,7
17397,104,105,-1,1
17398,83,78,5,5
17399,80,88,-8,8
17400,175,180,-5,5
17401,77,86,-9,9
17402,146,137,9,9
17403,78,71,7,7
17404,114,98,16,16
17405,86,100,-14,14
17406,149,155,-6,6
17407,170,165,5,5
17408,121,123,-2,2
17409,61,66,-5,5
17410,64,65,-1,1
17411,67,71,-4,4
17412,99,112,-13,13
17413,185,149,36,36
17414,56,65,-9,9
17415,99,100,-1,1
17416,75,75,0,0
17417,85,64,21,21
17418,92,87,5,5
17419,91,92,-1,1
17420,80,42,38,38
17421,56,67,-11,11
17422,80,74,6,6
17423,135,117,18,18
17424,98,128,-30,30
17425,150,148,2,2
17426,53,77,-24,24
17427,106,105,1,1
17428,74,80,-6,6
17429,196,172,24,24
17430,88,81,7,7
17431,47,70,-23,23
17432,101,114,-13,13
17433,110,108,2,2
17434,116,120,-4,4
17435,96,117,-21,21
17436,65,68,-3,3
17437,55,37,18,18
17438,140,146,-6,6
17439,94,84,10,10
17440,89,92,-3,3
17441,101,86,15,15
17442,80,77,3,3
17443,112,111,1,1
17444,106,110,-4,4
17445,103,123,-20,20
17446,60,58,2,2
17447,95,96,-1,1
17448,87,98,-11,11
17449,45,50,-5,5
17450,92,101,-9,9
17451,108,98,10,10
17452,98,101,-3,3
17453,62,63,-1,1
17454,107,103,4,4
17455,74,83,-9,9
17456,137,125,12,12
17457,75,79,-4,4
17458,66,50,16,16
17459,100,93,7,7
17460,129,136,-7,7
17461,79,86,-7,7
17462,111,106,5,5
17463,88,88,0,0
17464,63,76,-13,13
17465,95,112,-17,17
17466,74,70,4,4
17467,108,121,-13,13
17468,115,114,1,1
17469,96,110,-14,14
17470,146,135,11,11
17471,178,145,33,33
17472,171,166,5,5
17473,171,121,50,50
17474,151,128,23,23
17475,90,92,-2,2
17476,94,88,6,6
17477,89,70,19,19
17478,71,73,-2,2
17479,223,171,52,52
17480,66,75,-9,9
17481,116,115,1,1
17482,69,73,-4,4
17483,153,144,9,9
17484,48,62,-14,14
17485,83,102,-19,19
17486,177,164,13,13
17487,70,80,-10,10
17488,80,83,-3,3
17489,77,77,0,0
17490,69,67,2,2
17491,81,78,3,3
17492,115,121,-6,6
17493,96,100,-4,4
17494,94,88,6,6
17495,46,53,-7,7
17496,88,114,-26,26
17497,90,74,16,16
17498,89,108,-19,19
17499,65,80,-15,15
17500,78,71,7,7
17501,76,77,-1,1
17502,116,91,25,25
17503,127,118,9,9
17504,146,149,-3,3
17505,89,103,-14,14
17506,42,74,-32,32
17507,73,70,3,3
17508,61,80,-19,19
17509,79,72,7,7
17510,105,102,3,3
17511,64,66,-2,2
17512,115,111,4,4
17513,66,72,-6,6
17514,75,81,-6,6
17515,82,103,-21,21
17516,46,58,-12,12
17517,106,105,1,1
17518,74,84,-10,10
17519,58,62,-4,4
17520,89,91,-2,2
17521,76,77,-1,1
17522,90,77,13,13
17523,108,108,0,0
17524,89,108,-19,19
17525,75,78,-3,3
17526,98,95,3,3
17527,87,86,1,1
17528,65,84,-19,19
17529,121,106,15,15
17530,63,71,-8,8
17531,139,145,-6,6
17532,80,75,5,5
17533,75,102,-27,27
17534,64,78,-14,14
17535,48,39,9,9
17536,115,115,0,0
17537,82,84,-2,2
17538,120,125,-5,5
17539,141,153,-12,12
17540,67,39,28,28
17541,48,65,-17,17
17542,117,107,10,10
17543,173,163,10,10
17544,74,77,-3,3
17545,53,85,-32,32
17546,33,77,-44,44
17547,79,86,-7,7
17548,76,67,9,9
17549,119,103,16,16
17550,139,127,12,12
17551,77,69,8,8
17552,115,101,14,14
17553,67,83,-16,16
17554,105,95,10,10
17555,127,135,-8,8
17556,84,84,0,0
17557,106,109,-3,3
17558,79,93,-14,14
17559,96,97,-1,1
17560,82,86,-4,4
17561,146,133,13,13
17562,98,100,-2,2
17563,116,113,3,3
17564,42,31,11,11
17565,82,92,-10,10
17566,71,64,7,7
17567,103,100,3,3
17568,60,63,-3,3
17569,86,85,1,1
17570,137,136,1,1
17571,105,105,0,0
17572,68,88,-20,20
17573,94,102,-8,8
17574,190,193,-3,3
17575,61,46,15,15
17576,112,108,4,4
17577,72,68,4,4
17578,137,121,16,16
17579,85,86,-1,1
17580,190,163,27,27
17581,145,146,-1,1
17582,100,103,-3,3
17583,143,133,10,10
17584,81,28,53,53
17585,58,61,-3,3
17586,79,91,-12,12
17587,119,112,7,7
17588,63,74,-11,11
17589,106,108,-2,2
17590,111,112,-1,1
17591,90,92,-2,2
17592,134,143,-9,9
17593,129,111,18,18
17594,67,73,-6,6
17595,128,133,-5,5
17596,43,41,2,2
17597,58,62,-4,4
17598,123,129,-6,6
17599,63,47,16,16
17600,61,73,-12,12
17601,74,64,10,10
17602,117,95,22,22
17603,132,114,18,18
17604,73,67,6,6
17605,127,122,5,5
17606,170,165,5,5
17607,101,96,5,5
17608,118,111,7,7
17609,73,59,14,14
17610,82,83,-1,1
17611,100,107,-7,7
17612,62,80,-18,18
17613,80,73,7,7
17614,50,51,-1,1
17615,68,72,-4,4
17616,163,156,7,7
17617,49,61,-12,12
17618,75,70,5,5
17619,133,128,5,5
17620,115,131,-16,16
17621,102,111,-9,9
17622,74,84,-10,10
17623,161,143,18,18
17624,130,124,6,6
17625,122,123,-1,1
17626,109,102,7,7
17627,120,122,-2,2
17628,72,68,4,4
17629,90,106,-16,16
17630,80,97,-17,17
17631,103,117,-14,14
17632,134,131,3,3
17633,93,93,0,0
17634,82,88,-6,6
17635,184,156,28,28
17636,84,90,-6,6
17637,62,56,6,6
17638,65,69,-4,4
17639,68,86,-18,18
17640,118,122,-4,4
17641,81,93,-12,12
17642,116,124,-8,8
17643,116,121,-5,5
17644,85,80,5,5
17645,55,65,-10,10
17646,91,109,-18,18
17647,79,84,-5,5
17648,24,32,-8,8
17649,155,143,12,12
17650,97,101,-4,4
17651,69,63,6,6
17652,105,113,-8,8
17653,158,153,5,5
17654,129,131,-2,2
17655,115,97,18,18
17656,92,100,-8,8
17657,82,98,-16,16
17658,100,107,-7,7
17659,66,73,-7,7
17660,46,42,4,4
17661,141,150,-9,9
17662,128,124,4,4
17663,101,82,19,19
17664,103,96,7,7
17665,75,88,-13,13
17666,125,120,5,5
17667,50,44,6,6
17668,67,74,-7,7
17669,91,87,4,4
17670,95,94,1,1
17671,133,131,2,2
17672,124,118,6,6
17673,59,66,-7,7
17674,138,111,27,27
17675,132,118,14,14
17676,109,115,-6,6
17677,72,74,-2,2
17678,84,100,-16,16
17679,107,100,7,7
17680,73,75,-2,2
17681,76,88,-12,12
17682,122,106,16,16
17683,107,118,-11,11
17684,38,45,-7,7
17685,127,124,3,3
17686,82,71,11,11
17687,189,168,21,21
17688,115,125,-10,10
17689,100,99,1,1
17690,70,74,-4,4
17691,81,85,-4,4
17692,150,155,-5,5
17693,94,92,2,2
17694,88,85,3,3
17695,81,77,4,4
17696,148,139,9,9
17697,75,88,-13,13
17698,90,105,-15,15
17699,124,131,-7,7
17700,46,51,-5,5
17701,103,116,-13,13
17702,101,105,-4,4
17703,93,95,-2,2
17704,105,117,-12,12
17705,91,81,10,10
17706,138,136,2,2
17707,85,91,-6,6
17708,102,91,11,11
17709,72,54,18,18
17710,81,87,-6,6
17711,118,120,-2,2
17712,114,125,-11,11
17713,118,111,7,7
17714,79,77,2,2
17715,149,132,17,17
17716,74,78,-4,4
17717,46,34,12,12
17718,76,57,19,19
17719,80,89,-9,9
17720,124,131,-7,7
17721,126,135,-9,9
17722,57,52,5,5
17723,91,95,-4,4
17724,206,179,27,27
17725,122,109,13,13
17726,89,95,-6,6
17727,108,108,0,0
17728,170,139,31,31
17729,89,95,-6,6
17730,90,90,0,0
17731,85,80,5,5
17732,80,73,7,7
17733,105,102,3,3
17734,84,75,9,9
17735,97,99,-2,2
17736,60,62,-2,2
17737,39,45,-6,6
17738,103,104,-1,1
17739,122,117,5,5
17740,105,117,-12,12
17741,72,58,14,14
17742,72,79,-7,7
17743,126,122,4,4
17744,113,102,11,11
17745,88,84,4,4
17746,121,115,6,6
17747,88,87,1,1
17748,72,83,-11,11
17749,65,59,6,6
17750,74,87,-13,13
17751,112,118,-6,6
17752,53,44,9,9
17753,138,133,5,5
17754,108,112,-4,4
17755,65,63,2,2
17756,72,84,-12,12
17757,122,118,4,4
17758,48,71,-23,23
17759,93,82,11,11
17760,124,122,2,2
17761,92,95,-3,3
17762,66,56,10,10
17763,69,71,-2,2
17764,144,142,2,2
17765,103,105,-2,2
17766,96,90,6,6
17767,107,113,-6,6
17768,129,124,5,5
17769,60,59,1,1
17770,72,87,-15,15
17771,53,48,5,5
17772,117,101,16,16
17773,109,112,-3,3
17774,73,71,2,2
17775,121,119,2,2
17776,193,168,25,25
17777,69,81,-12,12
17778,80,74,6,6
17779,135,125,10,10
17780,47,46,1,1
17781,75,70,5,5
17782,135,136,-1,1
17783,97,107,-10,10
17784,76,82,-6,6
17785,108,110,-2,2
17786,110,117,-7,7
17787,87,84,3,3
17788,59,72,-13,13
17789,163,164,-1,1
17790,80,81,-1,1
17791,169,104,65,65
17792,91,117,-26,26
17793,122,119,3,3
17794,97,94,3,3
17795,63,82,-19,19
17796,139,141,-2,2
17797,76,72,4,4
17798,80,78,2,2
17799,79,66,13,13
17800,112,115,-3,3
17801,94,97,-3,3
17802,103,120,-17,17
17803,53,64,-11,11
17804,70,69,1,1
17805,156,151,5,5
17806,29,55,-26,26
17807,128,129,-1,1
17808,125,113,12,12
17809,126,88,38,38
17810,50,2,48,48
17811,152,162,-10,10
17812,195,173,22,22
17813,76,78,-2,2
17814,87,76,11,11
17815,80,70,10,10
17816,66,58,8,8
17817,72,90,-18,18
17818,104,113,-9,9
17819,67,71,-4,4
17820,109,111,-2,2
17821,146,128,18,18
17822,59,58,1,1
17823,78,78,0,0
17824,73,63,10,10
17825,139,141,-2,2
17826,103,95,8,8
17827,112,116,-4,4
17828,99,87,12,12
17829,68,81,-13,13
17830,53,52,1,1
17831,152,132,20,20
17832,55,56,-1,1
17833,96,99,-3,3
17834,78,78,0,0
17835,69,98,-29,29
17836,54,49,5,5
17837,118,131,-13,13
17838,120,111,9,9
17839,45,26,19,19
17840,94,105,-11,11
17841,141,137,4,4
17842,81,99,-18,18
17843,85,87,-2,2
17844,100,96,4,4
17845,104,110,-6,6
17846,189,154,35,35
17847,79,65,14,14
17848,98,100,-2,2
17849,53,60,-7,7
17850,139,123,16,16
17851,96,110,-14,14
17852,75,78,-3,3
17853,74,84,-10,10
17854,142,147,-5,5
17855,135,153,-18,18
17856,40,29,11,11
17857,176,166,10,10
17858,55,61,-6,6
17859,70,69,1,1
17860,71,81,-10,10
17861,55,82,-27,27
17862,168,142,26,26
17863,146,140,6,6
17864,111,92,19,19
17865,117,75,42,42
17866,64,76,-12,12
17867,106,96,10,10
17868,110,99,11,11
17869,79,74,5,5
17870,95,87,8,8
17871,121,119,2,2
17872,129,134,-5,5
17873,98,85,13,13
17874,60,51,9,9
17875,53,56,-3,3
17876,121,123,-2,2
17877,112,125,-13,13
17878,54,65,-11,11
17879,76,85,-9,9
17880,126,137,-11,11
17881,131,123,8,8
17882,45,45,0,0
17883,135,138,-3,3
17884,95,83,12,12
17885,80,77,3,3
17886,96,108,-12,12
17887,143,136,7,7
17888,59,58,1,1
17889,140,147,-7,7
17890,73,69,4,4
17891,109,133,-24,24
17892,116,135,-19,19
17893,42,44,-2,2
17894,44,28,16,16
17895,151,152,-1,1
17896,109,122,-13,13
17897,106,97,9,9
17898,131,111,20,20
17899,139,138,1,1
17900,77,72,5,5
17901,127,121,6,6
17902,79,45,34,34
17903,140,136,4,4
17904,63,63,0,0
17905,121,132,-11,11
17906,65,64,1,1
17907,146,100,46,46
17908,110,98,12,12
17909,101,104,-3,3
17910,35,40,-5,5
17911,105,102,3,3
17912,154,162,-8,8
17913,72,62,10,10
17914,98,103,-5,5
17915,126,122,4,4
17916,142,143,-1,1
17917,98,123,-25,25
17918,82,85,-3,3
17919,86,70,16,16
17920,79,83,-4,4
17921,111,97,14,14
17922,74,78,-4,4
17923,58,76,-18,18
17924,48,42,6,6
17925,74,72,2,2
17926,123,121,2,2
17927,40,47,-7,7
17928,80,64,16,16
17929,63,80,-17,17
17930,115,108,7,7
17931,107,117,-10,10
17932,80,62,18,18
17933,85,87,-2,2
17934,166,152,14,14
17935,71,71,0,0
17936,56,66,-10,10
17937,48,57,-9,9
17938,96,80,16,16
17939,54,43,11,11
17940,124,131,-7,7
17941,92,103,-11,11
17942,51,46,5,5
17943,62,73,-11,11
17944,89,82,7,7
17945,141,124,17,17
17946,87,77,10,10
17947,75,96,-21,21
17948,81,85,-4,4
17949,65,94,-29,29
17950,90,88,2,2
17951,85,76,9,9
17952,71,84,-13,13
17953,61,62,-1,1
17954,104,107,-3,3
17955,98,115,-17,17
17956,68,59,9,9
17957,77,53,24,24
17958,90,86,4,4
17959,71,80,-9,9
17960,59,54,5,5
17961,109,104,5,5
17962,105,114,-9,9
17963,175,158,17,17
17964,83,89,-6,6
17965,139,134,5,5
17966,68,65,3,3
17967,88,96,-8,8
17968,75,72,3,3
17969,104,119,-15,15
17970,126,105,21,21
17971,91,105,-14,14
17972,94,101,-7,7
17973,89,113,-24,24
17974,41,42,-1,1
17975,91,101,-10,10
17976,81,112,-31,31
17977,72,64,8,8
17978,146,132,14,14
17979,80,95,-15,15
17980,141,98,43,43
17981,104,102,2,2
17982,111,104,7,7
17983,115,109,6,6
17984,67,65,2,2
17985,132,130,2,2
17986,118,123,-5,5
17987,79,83,-4,4
17988,67,90,-23,23
17989,158,135,23,23
17990,90,70,20,20
17991,78,74,4,4
17992,52,83,-31,31
17993,67,75,-8,8
17994,57,100,-43,43
17995,93,106,-13,13
17996,73,78,-5,5
17997,100,94,6,6
17998,150,142,8,8
17999,68,68,0,0
18000,74,71,3,3
18001,100,106,-6,6
18002,92,101,-9,9
18003,101,105,-4,4
18004,96,103,-7,7
18005,161,152,9,9
18006,71,75,-4,4
18007,97,106,-9,9
18008,62,55,7,7
18009,70,69,1,1
18010,106,105,1,1
18011,67,59,8,8
18012,56,76,-20,20
18013,75,75,0,0
18014,47,39,8,8
18015,78,79,-1,1
18016,62,52,10,10
18017,68,99,-31,31
18018,106,95,11,11
18019,125,119,6,6
18020,84,55,29,29
18021,107,118,-11,11
18022,63,43,20,20
18023,76,99,-23,23
18024,98,90,8,8
18025,139,128,11,11
18026,94,95,-1,1
18027,142,144,-2,2
18028,121,125,-4,4
18029,79,75,4,4
18030,123,125,-2,2
18031,82,81,1,1
18032,174,152,22,22
18033,116,96,20,20
18034,51,70,-19,19
18035,157,151,6,6
18036,57,43,14,14
18037,71,73,-2,2
18038,30,27,3,3
18039,102,102,0,0
18040,140,133,7,7
18041,156,145,11,11
18042,44,33,11,11
18043,157,146,11,11
18044,91,99,-8,8
18045,111,122,-11,11
18046,107,127,-20,20
18047,83,86,-3,3
18048,83,79,4,4
18049,103,103,0,0
18050,84,89,-5,5
18051,79,68,11,11
18052,119,100,19,19
18053,66,95,-29,29
18054,34,4,30,30
18055,134,134,0,0
18056,108,104,4,4
18057,60,67,-7,7
18058,33,34,-1,1
18059,105,113,-8,8
18060,71,75,-4,4
18061,92,96,-4,4
18062,62,63,-1,1
18063,54,54,0,0
18064,85,100,-15,15
18065,154,140,14,14
18066,109,110,-1,1
18067,120,129,-9,9
18068,55,54,1,1
18069,102,123,-21,21
18070,58,40,18,18
18071,34,20,14,14
18072,91,93,-2,2
18073,110,95,15,15
18074,117,114,3,3
18075,102,122,-20,20
18076,95,96,-1,1
18077,38,36,2,2
18078,88,74,14,14
18079,107,107,0,0
18080,113,123,-10,10
18081,58,53,5,5
18082,56,57,-1,1
18083,68,85,-17,17
18084,59,74,-15,15
18085,169,159,10,10
18086,70,69,1,1
18087,117,108,9,9
18088,84,92,-8,8
18089,150,142,8,8
18090,123,136,-13,13
18091,72,76,-4,4
18092,108,117,-9,9
18093,87,90,-3,3
18094,123,152,-29,29
18095,79,79,0,0
18096,112,124,-12,12
18097,77,66,11,11
18098,123,107,16,16
18099,109,105,4,4
18100,82,76,6,6
18101,57,47,10,10
18102,120,117,3,3
18103,117,128,-11,11
18104,53,50,3,3
18105,72,89,-17,17
18106,90,76,14,14
18107,92,108,-16,16
18108,88,79,9,9
18109,55,64,-9,9
18110,62,52,10,10
18111,108,104,4,4
18112,85,104,-19,19
18113,66,91,-25,25
18114,165,182,-17,17
18115,124,78,46,46
18116,75,80,-5,5
18117,54,36,18,18
18118,141,145,-4,4
18119,67,64,3,3
18120,94,100,-6,6
18121,102,105,-3,3
18122,119,123,-4,4
18123,53,70,-17,17
18124,122,135,-13,13
18125,60,66,-6,6
18126,88,94,-6,6
18127,101,106,-5,5
18128,64,64,0,0
18129,48,62,-14,14
18130,75,65,10,10
18131,53,75,-22,22
18132,123,105,18,18
18133,90,89,1,1
18134,137,145,-8,8
18135,95,101,-6,6
18136,88,116,-28,28
18137,106,126,-20,20
18138,155,154,1,1
18139,75,107,-32,32
18140,62,69,-7,7
18141,91,79,12,12
18142,58,27,31,31
18143,51,54,-3,3
18144,120,121,-1,1
18145,94,108,-14,14
18146,112,100,12,12
18147,84,117,-33,33
18148,67,69,-2,2
18149,83,84,-1,1
18150,162,151,11,11
18151,122,114,8,8
18152,36,32,4,4
18153,127,115,12,12
18154,75,107,-32,32
18155,119,105,14,14
18156,147,132,15,15
18157,105,111,-6,6
18158,55,58,-3,3
18159,90,81,9,9
18160,57,56,1,1
18161,100,107,-7,7
18162,63,82,-19,19
18163,58,65,-7,7
18164,140,153,-13,13
18165,107,107,0,0
18166,71,81,-10,10
18167,145,140,5,5
18168,64,68,-4,4
18169,94,91,3,3
18170,71,73,-2,2
18171,68,66,2,2
18172,109,95,14,14
18173,67,74,-7,7
18174,81,89,-8,8
18175,101,83,18,18
18176,135,117,18,18
18177,60,60,0,0
18178,154,146,8,8
18179,131,123,8,8
18180,97,118,-21,21
18181,65,57,8,8
18182,132,132,0,0
18183,95,98,-3,3
18184,97,89,8,8
18185,122,119,3,3
18186,80,114,-34,34
18187,89,93,-4,4
18188,97,83,14,14
18189,106,102,4,4
18190,101,82,19,19
18191,116,126,-10,10
18192,70,87,-17,17
18193,44,43,1,1
18194,149,143,6,6
18195,95,102,-7,7
18196,79,93,-14,14
18197,114,112,2,2
18198,77,75,2,2
18199,121,122,-1,1
18200,80,98,-18,18
18201,117,107,10,10
18202,150,141,9,9
18203,85,84,1,1
18204,72,98,-26,26
18205,112,108,4,4
18206,91,84,7,7
18207,61,47,14,14
18208,126,119,7,7
18209,78,84,-6,6
18210,129,136,-7,7
18211,71,73,-2,2
18212,72,63,9,9
18213,166,156,10,10
18214,134,139,-5,5
18215,36,26,10,10
18216,63,51,12,12
18217,73,58,15,15
18218,88,97,-9,9
18219,88,90,-2,2
18220,113,133,-20,20
18221,138,137,1,1
18222,88,71,17,17
18223,127,116,11,11
18224,216,194,22,22
18225,108,112,-4,4
18226,137,138,-1,1
18227,66,89,-23,23
18228,68,80,-12,12
18229,100,85,15,15
18230,50,48,2,2
18231,130,134,-4,4
18232,100,95,5,5
18233,201,182,19,19
18234,53,43,10,10
18235,65,74,-9,9
18236,60,64,-4,4
18237,177,177,0,0
18238,88,88,0,0
18239,64,70,-6,6
18240,141,148,-7,7
18241,87,88,-1,1
18242,144,138,6,6
18243,118,96,22,22
18244,84,87,-3,3
18245,80,93,-13,13
18246,131,141,-10,10
18247,61,73,-12,12
18248,93,88,5,5
18249,78,104,-26,26
18250,58,52,6,6
18251,99,96,3,3
18252,107,101,6,6
18253,119,117,2,2
18254,104,115,-11,11
18255,87,111,-24,24
18256,88,85,3,3
18257,131,133,-2,2
18258,126,137,-11,11
18259,125,115,10,10
18260,99,118,-19,19
18261,127,124,3,3
18262,34,53,-19,19
18263,77,68,9,9
18264,88,100,-12,12
18265,106,123,-17,17
18266,104,99,5,5
18267,78,94,-16,16
18268,78,97,-19,19
18269,211,166,45,45
18270,68,81,-13,13
18271,110,104,6,6
18272,86,97,-11,11
18273,102,102,0,0
18274,82,81,1,1
18275,57,67,-10,10
18276,106,113,-7,7
18277,52,52,0,0
18278,60,60,0,0
18279,78,77,1,1
18280,66,51,15,15
18281,134,134,0,0
18282,61,63,-2,2
18283,88,86,2,2
18284,95,102,-7,7
18285,79,87,-8,8
18286,109,126,-17,17
18287,74,90,-16,16
18288,82,73,9,9
18289,77,74,3,3
18290,89,80,9,9
18291,115,85,30,30
18292,64,62,2,2
18293,143,140,3,3
18294,189,164,25,25
18295,27,35,-8,8
18296,82,87,-5,5
18297,127,136,-9,9
18298,121,92,29,29
18299,103,111,-8,8
18300,55,71,-16,16
18301,163,168,-5,5
18302,93,104,-11,11
18303,95,108,-13,13
18304,123,125,-2,2
18305,59,67,-8,8
18306,112,107,5,5
18307,76,82,-6,6
18308,77,106,-29,29
18309,62,50,12,12
18310,71,79,-8,8
18311,60,57,3,3
18312,141,147,-6,6
18313,91,101,-10,10
18314,96,94,2,2
18315,58,58,0,0
18316,93,103,-10,10
18317,165,178,-13,13
18318,199,174,25,25
18319,98,106,-8,8
18320,152,140,12,12
18321,81,71,10,10
18322,93,84,9,9
18323,122,120,2,2
18324,83,86,-3,3
18325,82,81,1,1
18326,61,74,-13,13
18327,87,98,-11,11
18328,44,36,8,8
18329,90,94,-4,4
18330,50,56,-6,6
18331,122,105,17,17
18332,82,83,-1,1
18333,101,106,-5,5
18334,93,109,-16,16
18335,132,124,8,8
18336,111,120,-9,9
18337,96,83,13,13
18338,47,50,-3,3
18339,113,127,-14,14
18340,182,173,9,9
18341,107,135,-28,28
18342,99,119,-20,20
18343,72,81,-9,9
18344,84,93,-9,9
18345,55,65,-10,10
18346,154,141,13,13
18347,39,41,-2,2
18348,107,111,-4,4
18349,89,91,-2,2
18350,114,91,23,23
18351,99,101,-2,2
18352,76,85,-9,9
18353,61,62,-1,1
18354,112,100,12,12
18355,79,81,-2,2
18356,81,98,-17,17
18357,80,88,-8,8
18358,49,44,5,5
18359,48,103,-55,55
18360,113,114,-1,1
18361,91,97,-6,6
18362,76,76,0,0
18363,144,146,-2,2
18364,67,83,-16,16
18365,81,70,11,11
18366,111,99,12,12
18367,78,102,-24,24
18368,53,57,-4,4
18369,77,73,4,4
18370,71,135,-64,64
18371,76,85,-9,9
18372,65,67,-2,2
18373,90,97,-7,7
18374,165,147,18,18
18375,188,182,6,6
18376,58,150,-92,92
18377,81,91,-10,10
18378,65,61,4,4
18379,91,87,4,4
18380,116,122,-6,6
18381,145,133,12,12
18382,111,97,14,14
18383,146,142,4,4
18384,119,88,31,31
18385,91,99,-8,8
18386,116,119,-3,3
18387,48,66,-18,18
18388,107,124,-17,17
18389,63,67,-4,4
18390,120,115,5,5
18391,86,91,-5,5
18392,93,100,-7,7
18393,89,99,-10,10
18394,95,121,-26,26
18395,90,82,8,8
18396,104,121,-17,17
18397,144,141,3,3
18398,119,116,3,3
18399,82,68,14,14
18400,61,104,-43,43
18401,93,120,-27,27
18402,142,131,11,11
18403,73,89,-16,16
18404,133,111,22,22
18405,128,131,-3,3
18406,104,99,5,5
18407,90,82,8,8
18408,88,106,-18,18
18409,65,76,-11,11
18410,102,108,-6,6
18411,176,153,23,23
18412,90,99,-9,9
18413,241,182,59,59
18414,115,111,4,4
18415,69,67,2,2
18416,94,96,-2,2
18417,123,117,6,6
18418,96,112,-16,16
18419,90,95,-5,5
18420,59,66,-7,7
18421,76,62,14,14
18422,72,79,-7,7
18423,70,72,-2,2
18424,67,59,8,8
18425,83,84,-1,1
18426,205,197,8,8
18427,62,72,-10,10
18428,214,179,35,35
18429,79,83,-4,4
18430,142,135,7,7
18431,88,93,-5,5
18432,107,121,-14,14
18433,120,117,3,3
18434,108,109,-1,1
18435,102,95,7,7
18436,64,58,6,6
18437,86,97,-11,11
18438,70,78,-8,8
18439,130,103,27,27
18440,97,96,1,1
18441,85,92,-7,7
18442,67,72,-5,5
18443,142,101,41,41
18444,48,49,-1,1
18445,88,82,6,6
18446,123,116,7,7
18447,69,72,-3,3
18448,92,94,-2,2
18449,69,70,-1,1
18450,45,45,0,0
18451,64,74,-10,10
18452,84,69,15,15
18453,131,127,4,4
18454,78,89,-11,11
18455,32,30,2,2
18456,85,90,-5,5
18457,100,96,4,4
18458,99,94,5,5
18459,125,114,11,11
18460,91,95,-4,4
18461,196,154,42,42
18462,94,121,-27,27
18463,54,58,-4,4
18464,134,122,12,12
18465,168,153,15,15
18466,64,75,-11,11
18467,73,78,-5,5
18468,96,99,-3,3
18469,82,80,2,2
18470,48,83,-35,35
18471,65,55,10,10
18472,121,99,22,22
18473,102,111,-9,9
18474,69,49,20,20
18475,92,111,-19,19
18476,79,78,1,1
18477,107,112,-5,5
18478,76,107,-31,31
18479,73,71,2,2
18480,75,66,9,9
18481,150,149,1,1
18482,149,138,11,11
18483,144,138,6,6
18484,113,121,-8,8
18485,62,60,2,2
18486,108,108,0,0
18487,103,113,-10,10
18488,58,14,44,44
18489,42,42,0,0
18490,115,106,9,9
18491,58,106,-48,48
18492,115,99,16,16
18493,109,105,4,4
18494,51,32,19,19
18495,70,79,-9,9
18496,68,108,-40,40
18497,143,133,10,10
18498,83,73,10,10
18499,116,117,-1,1
18500,45,37,8,8
18501,90,85,5,5
18502,67,67,0,0
18503,100,88,12,12
18504,113,119,-6,6
18505,30,42,-12,12
18506,98,100,-2,2
18507,67,68,-1,1
18508,53,58,-5,5
18509,105,107,-2,2
18510,123,120,3,3
18511,57,59,-2,2
18512,125,114,11,11
18513,98,104,-6,6
18514,111,100,11,11
18515,122,117,5,5
18516,117,118,-1,1
18517,74,76,-2,2
18518,84,89,-5,5
18519,143,125,18,18
18520,121,118,3,3
18521,121,111,10,10
18522,99,95,4,4
18523,103,102,1,1
18524,104,79,25,25
18525,63,60,3,3
18526,222,169,53,53
18527,113,108,5,5
18528,88,104,-16,16
18529,122,102,20,20
18530,109,121,-12,12
18531,72,64,8,8
18532,64,71,-7,7
18533,144,122,22,22
18534,82,88,-6,6
18535,82,89,-7,7
18536,162,143,19,19
18537,112,132,-20,20
18538,62,79,-17,17
18539,78,84,-6,6
18540,48,48,0,0
18541,90,89,1,1
18542,130,118,12,12
18543,70,56,14,14
18544,141,120,21,21
18545,138,141,-3,3
18546,126,79,47,47
18547,71,58,13,13
18548,89,98,-9,9
18549,138,113,25,25
18550,70,79,-9,9
18551,123,100,23,23
18552,72,72,0,0
18553,107,116,-9,9
18554,58,53,5,5
18555,90,97,-7,7
18556,136,143,-7,7
18557,163,146,17,17
18558,108,110,-2,2
18559,83,105,-22,22
18560,117,108,9,9
18561,142,127,15,15
18562,69,76,-7,7
18563,100,93,7,7
18564,211,179,32,32
18565,148,143,5,5
18566,82,96,-14,14
18567,86,95,-9,9
18568,201,167,34,34
18569,113,112,1,1
18570,126,130,-4,4
18571,64,68,-4,4
18572,98,94,4,4
18573,51,52,-1,1
18574,93,107,-14,14
18575,60,55,5,5
18576,82,79,3,3
18577,95,115,-20,20
18578,94,89,5,5
18579,81,93,-12,12
18580,111,97,14,14
18581,63,83,-20,20
18582,55,66,-11,11
18583,142,142,0,0
18584,139,132,7,7
18585,118,119,-1,1
18586,209,168,41,41
18587,73,72,1,1
18588,103,101,2,2
18589,118,125,-7,7
18590,124,124,0,0
18591,79,100,-21,21
18592,124,130,-6,6
18593,129,121,8,8
18594,91,75,16,16
18595,83,96,-13,13
18596,120,113,7,7
18597,91,96,-5,5
18598,101,92,9,9
18599,117,113,4,4
18600,154,143,11,11
18601,83,88,-5,5
18602,113,114,-1,1
18603,83,94,-11,11
18604,106,117,-11,11
18605,47,20,27,27
18606,63,62,1,1
18607,99,98,1,1
18608,47,61,-14,14
18609,111,104,7,7
18610,111,123,-12,12
18611,152,145,7,7
18612,91,98,-7,7
18613,111,120,-9,9
18614,103,110,-7,7
18615,80,92,-12,12
18616,133,125,8,8
18617,83,82,1,1
18618,67,71,-4,4
18619,124,118,6,6
18620,93,104,-11,11
18621,80,75,5,5
18622,64,76,-12,12
18623,74,57,17,17
18624,92,104,-12,12
18625,122,118,4,4
18626,92,109,-17,17
18627,111,112,-1,1
18628,148,106,42,42
18629,102,94,8,8
18630,101,105,-4,4
18631,89,91,-2,2
18632,94,114,-20,20
18633,78,86,-8,8
18634,88,75,13,13
18635,87,99,-12,12
18636,59,52,7,7
18637,75,54,21,21
18638,101,107,-6,6
18639,96,110,-14,14
18640,64,71,-7,7
18641,106,124,-18,18
18642,90,88,2,2
18643,95,100,-5,5
18644,107,123,-16,16
18645,95,101,-6,6
18646,78,90,-12,12
18647,124,162,-38,38
18648,142,144,-2,2
18649,73,104,-31,31
18650,111,121,-10,10
18651,92,73,19,19
18652,205,192,13,13
18653,93,111,-18,18
18654,87,104,-17,17
18655,43,47,-4,4
18656,51,70,-19,19
18657,102,115,-13,13
18658,85,95,-10,10
18659,152,147,5,5
18660,69,85,-16,16
18661,47,56,-9,9
18662,52,68,-16,16
18663,94,101,-7,7
18664,149,154,-5,5
18665,81,83,-2,2
18666,96,88,8,8
18667,88,93,-5,5
18668,81,85,-4,4
18669,129,115,14,14
18670,107,121,-14,14
18671,93,82,11,11
18672,90,95,-5,5
18673,72,71,1,1
18674,82,105,-23,23
18675,73,88,-15,15
18676,102,105,-3,3
18677,52,59,-7,7
18678,79,89,-10,10
18679,131,130,1,1
18680,56,51,5,5
18681,58,66,-8,8
18682,66,66,0,0
18683,58,59,-1,1
18684,76,97,-21,21
18685,83,79,4,4
18686,84,85,-1,1
18687,100,133,-33,33
18688,114,115,-1,1
18689,112,117,-5,5
18690,104,92,12,12
18691,110,112,-2,2
18692,160,170,-10,10
18693,98,97,1,1
18694,122,119,3,3
18695,39,26,13,13
18696,120,123,-3,3
18697,84,85,-1,1
18698,64,111,-47,47
18699,87,101,-14,14
18700,102,89,13,13
18701,87,104,-17,17
18702,76,68,8,8
18703,132,130,2,2
18704,65,63,2,2
18705,136,120,16,16
18706,87,71,16,16
18707,93,96,-3,3
18708,130,120,10,10
18709,96,88,8,8
18710,93,94,-1,1
18711,67,79,-12,12
18712,116,118,-2,2
18713,81,94,-13,13
18714,107,133,-26,26
18715,70,101,-31,31
18716,113,107,6,6
18717,78,88,-10,10
18718,93,93,0,0
18719,62,75,-13,13
18720,43,44,-1,1
18721,81,72,9,9
18722,85,85,0,0
18723,128,108,20,20
18724,110,106,4,4
18725,37,28,9,9
18726,66,73,-7,7
18727,56,49,7,7
18728,95,107,-12,12
18729,95,107,-12,12
18730,92,92,0,0
18731,99,109,-10,10
18732,75,77,-2,2
18733,186,163,23,23
18734,30,14,16,16
18735,63,57,6,6
18736,60,46,14,14
18737,38,39,-1,1
18738,70,89,-19,19
18739,85,109,-24,24
18740,71,92,-21,21
18741,122,124,-2,2
18742,45,82,-37,37
18743,94,89,5,5
18744,133,130,3,3
18745,89,94,-5,5
18746,85,78,7,7
18747,80,90,-10,10
18748,141,131,10,10
18749,108,115,-7,7
18750,39,52,-13,13
18751,85,101,-16,16
18752,99,105,-6,6
18753,81,81,0,0
18754,123,129,-6,6
18755,98,97,1,1
18756,81,85,-4,4
18757,110,107,3,3
18758,64,72,-8,8
18759,75,90,-15,15
18760,59,53,6,6
18761,66,69,-3,3
18762,81,81,0,0
18763,92,85,7,7
18764,115,115,0,0
18765,129,138,-9,9
18766,99,103,-4,4
18767,72,73,-1,1
18768,91,91,0,0
18769,69,73,-4,4
18770,80,70,10,10
18771,89,96,-7,7
18772,92,116,-24,24
18773,95,93,2,2
18774,166,152,14,14
18775,61,58,3,3
18776,59,54,5,5
18777,42,89,-47,47
18778,53,54,-1,1
18779,101,101,0,0
18780,90,86,4,4
18781,116,103,13,13
18782,83,65,18,18
18783,89,89,0,0
18784,121,119,2,2
18785,74,49,25,25
18786,113,110,3,3
18787,85,85,0,0
18788,137,136,1,1
18789,72,91,-19,19
18790,78,84,-6,6
18791,113,130,-17,17
18792,144,125,19,19
18793,54,47,7,7
18794,74,72,2,2
18795,72,67,5,5
18796,73,85,-12,12
18797,163,142,21,21
18798,96,99,-3,3
18799,90,99,-9,9
18800,64,79,-15,15
18801,61,32,29,29
18802,79,71,8,8
18803,118,121,-3,3
18804,70,55,15,15
18805,108,116,-8,8
18806,83,108,-25,25
18807,55,57,-2,2
18808,139,139,0,0
18809,49,61,-12,12
18810,159,155,4,4
18811,30,82,-52,52
18812,111,113,-2,2
18813,112,124,-12,12
18814,149,165,-16,16
18815,104,110,-6,6
18816,166,147,19,19
18817,76,62,14,14
18818,128,136,-8,8
18819,54,47,7,7
18820,99,108,-9,9
18821,53,65,-12,12
18822,98,98,0,0
18823,94,99,-5,5
18824,144,67,77,77
18825,47,58,-11,11
18826,124,139,-15,15
18827,137,143,-6,6
18828,55,53,2,2
18829,79,55,24,24
18830,103,100,3,3
18831,67,84,-17,17
18832,45,34,11,11
18833,129,117,12,12
18834,33,61,-28,28
18835,108,112,-4,4
18836,68,71,-3,3
18837,165,147,18,18
18838,108,95,13,13
18839,142,109,33,33
18840,108,122,-14,14
18841,56,53,3,3
18842,73,85,-12,12
18843,121,104,17,17
18844,139,138,1,1
18845,124,123,1,1
18846,59,66,-7,7
18847,98,114,-16,16
18848,42,31,11,11
18849,94,110,-16,16
18850,120,108,12,12
18851,64,77,-13,13
18852,52,62,-10,10
18853,193,189,4,4
18854,99,117,-18,18
18855,73,89,-16,16
18856,166,150,16,16
18857,116,113,3,3
18858,69,107,-38,38
18859,67,67,0,0
18860,81,133,-52,52
18861,112,97,15,15
18862,120,109,11,11
18863,67,71,-4,4
18864,105,84,21,21
18865,146,141,5,5
18866,110,98,12,12
18867,90,107,-17,17
18868,94,84,10,10
18869,106,120,-14,14
18870,95,95,0,0
18871,112,113,-1,1
18872,104,82,22,22
18873,60,65,-5,5
18874,93,84,9,9
18875,171,169,2,2
18876,57,79,-22,22
18877,106,83,23,23
18878,83,89,-6,6
18879,65,56,9,9
18880,111,107,4,4
18881,117,102,15,15
18882,71,66,5,5
18883,46,18,28,28
18884,87,103,-16,16
18885,80,85,-5,5
18886,58,64,-6,6
18887,47,50,-3,3
18888,196,180,16,16
18889,100,111,-11,11
18890,122,107,15,15
18891,126,118,8,8
18892,61,65,-4,4
18893,68,77,-9,9
18894,90,112,-22,22
18895,96,105,-9,9
18896,154,145,9,9
18897,153,155,-2,2
18898,83,64,19,19
18899,130,124,6,6
18900,110,104,6,6
18901,122,126,-4,4
18902,85,75,10,10
18903,55,49,6,6
18904,85,93,-8,8
18905,122,135,-13,13
18906,71,77,-6,6
18907,149,164,-15,15
18908,101,97,4,4
18909,81,98,-17,17
18910,95,103,-8,8
18911,120,119,1,1
18912,137,140,-3,3
18913,132,144,-12,12
18914,83,72,11,11
18915,121,119,2,2
18916,121,109,12,12
18917,125,142,-17,17
18918,81,81,0,0
18919,137,141,-4,4
18920,89,94,-5,5
18921,113,114,-1,1
18922,23,47,-24,24
18923,123,113,10,10
18924,172,173,-1,1
18925,64,62,2,2
18926,122,134,-12,12
18927,67,75,-8,8
18928,86,85,1,1
18929,42,58,-16,16
18930,126,125,1,1
18931,148,139,9,9
18932,81,65,16,16
18933,78,95,-17,17
18934,74,86,-12,12
18935,52,55,-3,3
18936,67,67,0,0
18937,69,73,-4,4
18938,76,94,-18,18
18939,56,66,-10,10
18940,103,125,-22,22
18941,86,94,-8,8
18942,67,63,4,4
18943,74,84,-10,10
18944,61,60,1,1
18945,42,49,-7,7
18946,106,110,-4,4
18947,59,52,7,7
18948,65,63,2,2
18949,148,162,-14,14
18950,161,148,13,13
18951,140,133,7,7
18952,140,141,-1,1
18953,70,67,3,3
18954,157,153,4,4
18955,70,61,9,9
18956,110,126,-16,16
18957,132,150,-18,18
18958,40,129,-89,89
18959,115,123,-8,8
18960,165,164,1,1
18961,46,47,-1,1
18962,108,131,-23,23
18963,145,140,5,5
18964,153,109,44,44
18965,64,74,-10,10
18966,104,86,18,18
18967,104,89,15,15
18968,103,94,9,9
18969,99,114,-15,15
18970,58,67,-9,9
18971,78,74,4,4
18972,116,110,6,6
18973,95,121,-26,26
18974,77,72,5,5
18975,100,114,-14,14
18976,147,136,11,11
18977,73,78,-5,5
18978,90,95,-5,5
18979,91,93,-2,2
18980,136,117,19,19
18981,156,138,18,18
18982,71,78,-7,7
18983,65,74,-9,9
18984,82,81,1,1
18985,116,122,-6,6
18986,134,126,8,8
18987,70,81,-11,11
18988,98,86,12,12
18989,194,169,25,25
18990,58,65,-7,7
18991,111,149,-38,38
18992,55,61,-6,6
18993,105,115,-10,10
18994,85,90,-5,5
18995,105,104,1,1
18996,83,84,-1,1
18997,96,75,21,21
18998,83,85,-2,2
18999,153,149,4,4
19000,81,98,-17,17
19001,60,55,5,5
19002,137,133,4,4
19003,140,137,3,3
19004,88,100,-12,12
19005,124,134,-10,10
19006,101,85,16,16
19007,84,87,-3,3
19008,99,86,13,13
19009,59,60,-1,1
19010,83,97,-14,14
19011,113,130,-17,17
19012,83,82,1,1
19013,65,65,0,0
19014,52,52,0,0
19015,120,120,0,0
19016,102,91,11,11
19017,50,106,-56,56
19018,134,150,-16,16
19019,90,97,-7,7
19020,79,74,5,5
19021,78,85,-7,7
19022,122,121,1,1
19023,69,65,4,4
19024,72,77,-5,5
19025,71,80,-9,9
19026,112,95,17,17
19027,111,97,14,14
19028,96,96,0,0
19029,96,91,5,5
19030,67,70,-3,3
19031,102,120,-18,18
19032,71,81,-10,10
19033,147,146,1,1
19034,123,132,-9,9
19035,89,93,-4,4
19036,72,76,-4,4
19037,81,90,-9,9
19038,61,67,-6,6
19039,79,92,-13,13
19040,112,115,-3,3
19041,167,160,7,7
19042,74,70,4,4
19043,122,117,5,5
19044,78,83,-5,5
19045,64,103,-39,39
19046,72,77,-5,5
19047,90,82,8,8
19048,86,95,-9,9
19049,122,121,1,1
19050,70,64,6,6
19051,80,84,-4,4
19052,55,65,-10,10
19053,86,71,15,15
19054,117,116,1,1
19055,95,86,9,9
19056,88,100,-12,12
19057,123,124,-1,1
19058,102,99,3,3
19059,73,70,3,3
19060,33,23,10,10
19061,133,131,2,2
19062,65,80,-15,15
19063,75,61,14,14
19064,39,26,13,13
19065,119,121,-2,2
19066,88,91,-3,3
19067,110,102,8,8
19068,59,83,-24,24
19069,94,99,-5,5
19070,90,87,3,3
19071,64,63,1,1
19072,111,115,-4,4
19073,95,97,-2,2
19074,77,82,-5,5
19075,60,62,-2,2
19076,151,153,-2,2
19077,90,86,4,4
19078,65,68,-3,3
19079,100,125,-25,25
19080,59,67,-8,8
19081,89,82,7,7
19082,91,104,-13,13
19083,152,143,9,9
19084,58,38,20,20
19085,98,93,5,5
19086,111,105,6,6
19087,94,86,8,8
19088,98,107,-9,9
19089,99,90,9,9
19090,132,121,11,11
19091,99,119,-20,20
19092,163,168,-5,5
19093,105,39,66,66
19094,109,106,3,3
19095,49,70,-21,21
19096,97,118,-21,21
19097,153,134,19,19
19098,73,100,-27,27
19099,71,71,0,0
19100,89,79,10,10
19101,110,94,16,16
19102,73,81,-8,8
19103,151,139,12,12
19104,146,136,10,10
19105,74,70,4,4
19106,76,65,11,11
19107,57,155,-98,98
19108,96,82,14,14
19109,143,128,15,15
19110,98,89,9,9
19111,74,80,-6,6
19112,78,77,1,1
19113,139,158,-19,19
19114,81,84,-3,3
19115,74,88,-14,14
19116,81,67,14,14
19117,149,155,-6,6
19118,59,73,-14,14
19119,92,100,-8,8
19120,88,89,-1,1
19121,94,113,-19,19
19122,106,111,-5,5
19123,143,129,14,14
19124,61,76,-15,15
19125,84,81,3,3
19126,107,119,-12,12
19127,129,124,5,5
19128,80,82,-2,2
19129,89,52,37,37
19130,159,148,11,11
19131,44,46,-2,2
19132,116,118,-2,2
19133,79,91,-12,12
19134,82,87,-5,5
19135,77,83,-6,6
19136,124,109,15,15
19137,97,107,-10,10
19138,62,82,-20,20
19139,65,70,-5,5
19140,78,51,27,27
19141,105,100,5,5
19142,107,117,-10,10
19143,60,76,-16,16
19144,63,48,15,15
19145,71,63,8,8
19146,122,120,2,2
19147,76,88,-12,12
19148,137,139,-2,2
19149,89,98,-9,9
19150,87,93,-6,6
19151,147,152,-5,5
19152,121,144,-23,23
19153,91,96,-5,5
19154,62,53,9,9
19155,77,89,-12,12
19156,95,96,-1,1
19157,71,72,-1,1
19158,129,136,-7,7
19159,114,122,-8,8
19160,196,176,20,20
19161,113,118,-5,5
19162,122,116,6,6
19163,120,115,5,5
19164,104,121,-17,17
19165,99,102,-3,3
19166,80,85,-5,5
19167,69,77,-8,8
19168,100,107,-7,7
19169,63,75,-12,12
19170,145,138,7,7
19171,55,66,-11,11
19172,91,87,4,4
19173,148,143,5,5
19174,75,69,6,6
19175,106,104,2,2
19176,179,166,13,13
19177,86,104,-18,18
19178,72,81,-9,9
19179,127,131,-4,4
19180,68,66,2,2
19181,69,90,-21,21
19182,136,141,-5,5
19183,91,101,-10,10
19184,102,107,-5,5
19185,128,120,8,8
19186,94,96,-2,2
19187,105,101,4,4
19188,146,147,-1,1
19189,72,53,19,19
19190,105,116,-11,11
19191,137,135,2,2
19192,169,156,13,13
19193,130,152,-22,22
19194,126,128,-2,2
19195,125,121,4,4
19196,102,114,-12,12
19197,74,90,-16,16
19198,74,72,2,2
19199,97,111,-14,14
19200,113,107,6,6
19201,54,59,-5,5
19202,127,111,16,16
19203,73,90,-17,17
19204,145,140,5,5
19205,117,107,10,10
19206,123,123,0,0
19207,188,164,24,24
19208,75,99,-24,24
19209,76,86,-10,10
19210,45,48,-3,3
19211,86,92,-6,6
19212,74,78,-4,4
19213,103,128,-25,25
19214,140,125,15,15
19215,95,102,-7,7
19216,102,112,-10,10
19217,34,39,-5,5
19218,101,91,10,10
19219,62,79,-17,17
19220,81,92,-11,11
19221,84,79,5,5
19222,114,126,-12,12
19223,90,94,-4,4
19224,66,91,-25,25
19225,98,98,0,0
19226,68,67,1,1
19227,115,116,-1,1
19228,101,97,4,4
19229,137,124,13,13
19230,125,129,-4,4
19231,84,86,-2,2
19232,43,49,-6,6
19233,99,93,6,6
19234,126,131,-5,5
19235,97,106,-9,9
19236,105,108,-3,3
19237,74,98,-24,24
19238,108,116,-8,8
19239,70,77,-7,7
19240,49,56,-7,7
19241,133,131,2,2
19242,105,111,-6,6
19243,147,137,10,10
19244,98,100,-2,2
19245,124,119,5,5
19246,73,76,-3,3
19247,78,77,1,1
19248,106,111,-5,5
19249,63,58,5,5
19250,87,86,1,1
19251,80,87,-7,7
19252,101,96,5,5
19253,80,85,-5,5
19254,107,94,13,13
19255,65,72,-7,7
19256,62,67,-5,5
19257,124,128,-4,4
19258,37,24,13,13
19259,109,103,6,6
19260,48,63,-15,15
19261,152,141,11,11
19262,163,156,7,7
19263,126,132,-6,6
19264,62,115,-53,53
19265,128,134,-6,6
19266,104,110,-6,6
19267,110,125,-15,15
19268,79,87,-8,8
19269,79,80,-1,1
19270,145,144,1,1
19271,74,93,-19,19
19272,59,78,-19,19
19273,107,106,1,1
19274,88,97,-9,9
19275,47,88,-41,41
19276,111,116,-5,5
19277,108,104,4,4
19278,133,99,34,34
19279,155,155,0,0
19280,85,99,-14,14
19281,135,115,20,20
19282,104,106,-2,2
19283,149,143,6,6
19284,78,74,4,4
19285,76,91,-15,15
19286,96,95,1,1
19287,130,124,6,6
19288,90,86,4,4
19289,55,100,-45,45
19290,123,132,-9,9
19291,65,65,0,0
19292,69,109,-40,40
19293,50,58,-8,8
19294,51,47,4,4
19295,81,79,2,2
19296,108,132,-24,24
19297,81,82,-1,1
19298,42,39,3,3
19299,141,124,17,17
19300,66,72,-6,6
19301,103,108,-5,5
19302,147,139,8,8
19303,105,103,2,2
19304,136,117,19,19
19305,58,73,-15,15
19306,108,80,28,28
19307,63,61,2,2
19308,116,117,-1,1
19309,147,138,9,9
19310,73,78,-5,5
19311,92,78,14,14
19312,63,72,-9,9
19313,98,111,-13,13
19314,153,139,14,14
19315,98,103,-5,5
19316,68,82,-14,14
19317,70,58,12,12
19318,69,135,-66,66
19319,68,74,-6,6
19320,66,74,-8,8
19321,83,84,-1,1
19322,113,102,11,11
19323,123,117,6,6
19324,39,40,-1,1
19325,127,119,8,8
19326,119,114,5,5
19327,80,76,4,4
19328,202,197,5,5
19329,71,77,-6,6
19330,49,46,3,3
19331,73,86,-13,13
19332,90,100,-10,10
19333,86,100,-14,14
19334,71,83,-12,12
19335,62,70,-8,8
19336,89,97,-8,8
19337,205,185,20,20
19338,157,105,52,52
19339,95,117,-22,22
19340,54,61,-7,7
19341,86,91,-5,5
19342,105,134,-29,29
19343,51,51,0,0
19344,56,81,-25,25
19345,142,141,1,1
19346,151,138,13,13
19347,72,107,-35,35
19348,71,106,-35,35
19349,73,79,-6,6
19350,58,43,15,15
19351,175,199,-24,24
19352,132,129,3,3
19353,102,114,-12,12
19354,115,89,26,26
19355,92,100,-8,8
19356,77,62,15,15
19357,113,125,-12,12
19358,103,98,5,5
19359,147,154,-7,7
19360,93,103,-10,10
19361,105,120,-15,15
19362,95,97,-2,2
19363,158,146,12,12
19364,117,118,-1,1
19365,113,90,23,23
19366,84,76,8,8
19367,64,83,-19,19
19368,98,83,15,15
19369,91,109,-18,18
19370,106,109,-3,3
19371,57,60,-3,3
19372,130,132,-2,2
19373,67,69,-2,2
19374,60,76,-16,16
19375,80,80,0,0
19376,109,114,-5,5
19377,56,84,-28,28
19378,61,68,-7,7
19379,162,156,6,6
19380,105,105,0,0
19381,118,111,7,7
19382,88,94,-6,6
19383,61,50,11,11
19384,101,105,-4,4
19385,130,145,-15,15
19386,116,116,0,0
19387,66,67,-1,1
19388,67,1,66,66
19389,68,88,-20,20
19390,54,55,-1,1
19391,76,69,7,7
19392,91,99,-8,8
19393,48,54,-6,6
19394,108,103,5,5
19395,50,61,-11,11
19396,121,109,12,12
19397,55,47,8,8
19398,99,110,-11,11
19399,109,98,11,11
19400,129,136,-7,7
19401,59,58,1,1
19402,193,166,27,27
19403,115,113,2,2
19404,168,159,9,9
19405,109,116,-7,7
19406,79,93,-14,14
19407,69,64,5,5
19408,124,123,1,1
19409,86,99,-13,13
19410,108,120,-12,12
19411,57,60,-3,3
19412,69,78,-9,9
19413,73,86,-13,13
19414,93,93,0,0
19415,108,121,-13,13
19416,47,34,13,13
19417,96,93,3,3
19418,136,140,-4,4
19419,62,43,19,19
19420,35,47,-12,12
19421,168,161,7,7
19422,72,62,10,10
19423,53,50,3,3
19424,181,177,4,4
19425,106,107,-1,1
19426,110,125,-15,15
19427,71,76,-5,5
19428,81,88,-7,7
19429,66,75,-9,9
19430,96,114,-18,18
19431,94,77,17,17
19432,101,96,5,5
19433,56,33,23,23
19434,161,147,14,14
19435,120,112,8,8
19436,90,92,-2,2
19437,74,69,5,5
19438,119,119,0,0
19439,120,122,-2,2
19440,116,136,-20,20
19441,72,81,-9,9
19442,100,104,-4,4
19443,72,97,-25,25
19444,152,143,9,9
19445,65,81,-16,16
19446,84,93,-9,9
19447,100,105,-5,5
19448,116,103,13,13
19449,88,94,-6,6
19450,94,101,-7,7
19451,76,69,7,7
19452,70,70,0,0
19453,72,96,-24,24
19454,114,113,1,1
19455,95,104,-9,9
19456,88,80,8,8
19457,103,105,-2,2
19458,82,85,-3,3
19459,66,83,-17,17
19460,126,101,25,25
19461,215,210,5,5
19462,127,122,5,5
19463,71,70,1,1
19464,106,92,14,14
19465,125,117,8,8
19466,98,96,2,2
19467,80,94,-14,14
19468,76,79,-3,3
19469,126,127,-1,1
19470,45,47,-2,2
19471,98,99,-1,1
19472,75,72,3,3
19473,76,77,-1,1
19474,103,115,-12,12
19475,149,133,16,16
19476,110,100,10,10
19477,71,80,-9,9
19478,121,89,32,32
19479,86,82,4,4
19480,44,53,-9,9
19481,126,131,-5,5
19482,145,135,10,10
19483,94,105,-11,11
19484,49,61,-12,12
19485,99,103,-4,4
19486,75,73,2,2
19487,77,99,-22,22
19488,65,83,-18,18
19489,117,116,1,1
19490,87,88,-1,1
19491,87,98,-11,11
19492,138,142,-4,4
19493,66,62,4,4
19494,100,101,-1,1
19495,107,80,27,27
19496,82,107,-25,25
19497,76,83,-7,7
19498,67,88,-21,21
19499,40,23,17,17
19500,88,94,-6,6
19501,184,169,15,15
19502,92,95,-3,3
19503,134,143,-9,9
19504,105,104,1,1
19505,112,117,-5,5
19506,70,72,-2,2
19507,70,51,19,19
19508,57,63,-6,6
19509,120,129,-9,9
19510,98,111,-13,13
19511,115,107,8,8
19512,84,111,-27,27
19513,97,101,-4,4
19514,85,85,0,0
19515,67,80,-13,13
19516,93,90,3,3
19517,123,124,-1,1
19518,52,134,-82,82
19519,113,111,2,2
19520,63,75,-12,12
19521,97,97,0,0
19522,103,96,7,7
19523,91,100,-9,9
19524,74,79,-5,5
19525,110,119,-9,9
19526,162,144,18,18
19527,98,96,2,2
19528,103,102,1,1
19529,96,125,-29,29
19530,35,44,-9,9
19531,85,96,-11,11
19532,69,76,-7,7
19533,80,72,8,8
19534,60,55,5,5
19535,87,113,-26,26
19536,77,91,-14,14
19537,139,140,-1,1
19538,51,51,0,0
19539,122,118,4,4
19540,125,120,5,5
19541,63,50,13,13
19542,125,122,3,3
19543,85,99,-14,14
19544,112,111,1,1
19545,58,81,-23,23
19546,104,107,-3,3
19547,120,118,2,2
19548,43,42,1,1
19549,90,110,-20,20
19550,29,7,22,22
19551,92,103,-11,11
19552,99,97,2,2
19553,55,63,-8,8
19554,66,65,1,1
19555,78,60,18,18
19556,67,63,4,4
19557,91,71,20,20
19558,143,130,13,13
19559,86,75,11,11
19560,57,51,6,6
19561,96,99,-3,3
19562,101,114,-13,13
19563,58,65,-7,7
19564,113,103,10,10
19565,44,38,6,6
19566,140,128,12,12
19567,150,147,3,3
19568,117,126,-9,9
19569,86,93,-7,7
19570,99,91,8,8
19571,114,106,8,8
19572,81,77,4,4
19573,64,62,2,2
19574,132,134,-2,2
19575,82,87,-5,5
19576,141,140,1,1
19577,68,84,-16,16
19578,137,133,4,4
19579,75,80,-5,5
19580,71,86,-15,15
19581,59,86,-27,27
19582,45,45,0,0
19583,70,66,4,4
19584,107,113,-6,6
19585,59,65,-6,6
19586,41,51,-10,10
19587,65,72,-7,7
19588,50,41,9,9
19589,88,87,1,1
19590,114,129,-15,15
19591,64,63,1,1
19592,154,153,1,1
19593,64,65,-1,1
19594,46,63,-17,17
19595,120,110,10,10
19596,80,80,0,0
19597,52,40,12,12
19598,88,113,-25,25
19599,65,102,-37,37
19600,49,45,4,4
19601,82,93,-11,11
19602,108,117,-9,9
19603,59,63,-4,4
19604,68,72,-4,4
19605,99,92,7,7
19606,100,104,-4,4
19607,100,102,-2,2
19608,156,156,0,0
19609,91,109,-18,18
19610,152,153,-1,1
19611,125,119,6,6
19612,60,73,-13,13
19613,43,52,-9,9
19614,48,39,9,9
19615,94,98,-4,4
19616,70,73,-3,3
19617,52,63,-11,11
19618,70,68,2,2
19619,154,118,36,36
19620,133,134,-1,1
19621,72,72,0,0
19622,79,85,-6,6
19623,111,122,-11,11
19624,72,77,-5,5
19625,147,132,15,15
19626,94,87,7,7
19627,41,45,-4,4
19628,79,91,-12,12
19629,61,54,7,7
19630,68,70,-2,2
19631,70,76,-6,6
19632,80,93,-13,13
19633,58,63,-5,5
19634,45,35,10,10
19635,187,172,15,15
19636,84,89,-5,5
19637,76,85,-9,9
19638,154,146,8,8
19639,139,129,10,10
19640,173,182,-9,9
19641,75,69,6,6
19642,148,130,18,18
19643,174,153,21,21
19644,100,112,-12,12
19645,29,8,21,21
19646,102,87,15,15
19647,67,74,-7,7
19648,51,45,6,6
19649,133,112,21,21
19650,36,30,6,6
19651,66,75,-9,9
19652,65,59,6,6
19653,73,79,-6,6
19654,151,125,26,26
19655,87,69,18,18
19656,138,134,4,4
19657,65,72,-7,7
19658,97,91,6,6
19659,84,96,-12,12
19660,171,155,16,16
19661,110,103,7,7
19662,120,113,7,7
19663,99,92,7,7
19664,135,97,38,38
19665,90,83,7,7
19666,70,73,-3,3
19667,99,101,-2,2
19668,58,70,-12,12
19669,109,146,-37,37
19670,77,85,-8,8
19671,74,59,15,15
19672,134,143,-9,9
19673,130,119,11,11
19674,65,68,-3,3
19675,109,105,4,4
19676,75,78,-3,3
19677,125,131,-6,6
19678,99,95,4,4
19679,147,143,4,4
19680,160,124,36,36
19681,49,42,7,7
19682,62,68,-6,6
19683,332,264,68,68
19684,127,127,0,0
19685,34,35,-1,1
19686,145,151,-6,6
19687,108,102,6,6
19688,66,81,-15,15
19689,65,80,-15,15
19690,157,139,18,18
19691,89,84,5,5
19692,97,106,-9,9
19693,116,111,5,5
19694,102,103,-1,1
19695,118,122,-4,4
19696,161,175,-14,14
19697,97,57,40,40
19698,40,36,4,4
19699,63,70,-7,7
19700,70,77,-7,7
19701,83,80,3,3
19702,100,105,-5,5
19703,76,69,7,7
19704,105,106,-1,1
19705,72,98,-26,26
19706,69,85,-16,16
19707,136,137,-1,1
19708,126,109,17,17
19709,130,125,5,5
19710,116,125,-9,9
19711,87,80,7,7
19712,100,107,-7,7
19713,100,93,7,7
19714,55,62,-7,7
19715,92,105,-13,13
19716,101,90,11,11
19717,149,140,9,9
19718,98,99,-1,1
19719,89,101,-12,12
19720,40,152,-112,112
19721,91,98,-7,7
19722,103,111,-8,8
19723,88,83,5,5
19724,76,91,-15,15
19725,43,46,-3,3
19726,60,81,-21,21
19727,165,156,9,9
19728,148,136,12,12
19729,114,114,0,0
19730,97,100,-3,3
19731,141,140,1,1
19732,82,103,-21,21
19733,89,93,-4,4
19734,141,133,8,8
19735,31,39,-8,8
19736,87,107,-20,20
19737,83,89,-6,6
19738,64,76,-12,12
19739,68,80,-12,12
19740,75,81,-6,6
19741,102,103,-1,1
19742,54,73,-19,19
19743,108,115,-7,7
19744,104,102,2,2
19745,132,143,-11,11
19746,77,95,-18,18
19747,130,122,8,8
19748,46,43,3,3
19749,83,73,10,10
19750,79,91,-12,12
19751,180,155,25,25
19752,118,126,-8,8
19753,105,131,-26,26
19754,93,103,-10,10
19755,81,85,-4,4
19756,61,61,0,0
19757,142,147,-5,5
19758,93,105,-12,12
19759,100,109,-9,9
19760,146,136,10,10
19761,64,69,-5,5
19762,116,116,0,0
19763,55,110,-55,55
19764,55,68,-13,13
19765,86,95,-9,9
19766,90,94,-4,4
19767,146,140,6,6
19768,55,55,0,0
19769,76,91,-15,15
19770,48,59,-11,11
19771,84,75,9,9
19772,62,35,27,27
19773,93,88,5,5
19774,104,105,-1,1
19775,108,108,0,0
19776,83,83,0,0
19777,57,55,2,2
19778,76,78,-2,2
19779,100,125,-25,25
19780,96,106,-10,10
19781,124,95,29,29
19782,55,66,-11,11
19783,61,73,-12,12
19784,104,99,5,5
19785,70,70,0,0
19786,94,85,9,9
19787,64,71,-7,7
19788,113,121,-8,8
19789,92,102,-10,10
19790,136,143,-7,7
19791,115,83,32,32
19792,103,117,-14,14
19793,84,103,-19,19
19794,60,57,3,3
19795,83,107,-24,24
19796,127,124,3,3
19797,137,115,22,22
19798,64,57,7,7
19799,180,157,23,23
19800,144,135,9,9
19801,82,87,-5,5
19802,89,83,6,6
19803,122,126,-4,4
19804,85,89,-4,4
19805,127,111,16,16
19806,86,83,3,3
19807,81,84,-3,3
19808,102,82,20,20
19809,104,106,-2,2
19810,47,49,-2,2
19811,163,115,48,48
19812,102,101,1,1
19813,152,130,22,22
19814,139,135,4,4
19815,88,77,11,11
19816,57,69,-12,12
19817,79,80,-1,1
19818,60,51,9,9
19819,104,103,1,1
19820,92,85,7,7
19821,74,69,5,5
19822,94,100,-6,6
19823,102,114,-12,12
19824,109,103,6,6
19825,86,78,8,8
19826,85,79,6,6
19827,86,87,-1,1
19828,158,143,15,15
19829,78,78,0,0
19830,72,66,6,6
19831,127,127,0,0
19832,81,83,-2,2
19833,99,106,-7,7
19834,64,65,-1,1
19835,137,150,-13,13
19836,99,107,-8,8
19837,74,87,-13,13
19838,80,99,-19,19
19839,99,64,35,35
19840,95,102,-7,7
19841,48,52,-4,4
19842,77,96,-19,19
19843,88,97,-9,9
19844,99,104,-5,5
19845,87,83,4,4
19846,75,78,-3,3
19847,103,112,-9,9
19848,190,184,6,6
19849,88,71,17,17
19850,85,107,-22,22
19851,59,45,14,14
19852,63,94,-31,31
19853,85,82,3,3
19854,67,92,-25,25
19855,76,50,26,26
19856,115,98,17,17
19857,62,61,1,1
19858,61,85,-24,24
19859,147,122,25,25
19860,153,147,6,6
19861,68,50,18,18
19862,106,119,-13,13
19863,79,89,-10,10
19864,165,150,15,15
19865,63,61,2,2
19866,106,111,-5,5
19867,74,81,-7,7
19868,135,132,3,3
19869,76,87,-11,11
19870,113,137,-24,24
19871,77,85,-8,8
19872,67,61,6,6
19873,93,107,-14,14
19874,170,125,45,45
19875,77,83,-6,6
19876,88,83,5,5
19877,103,96,7,7
19878,85,93,-8,8
19879,82,76,6,6
19880,70,84,-14,14
19881,94,92,2,2
19882,44,47,-3,3
19883,103,100,3,3
19884,99,98,1,1
19885,67,78,-11,11
19886,56,73,-17,17
19887,94,96,-2,2
19888,77,90,-13,13
19889,68,55,13,13
19890,125,111,14,14
19891,110,110,0,0
19892,102,93,9,9
19893,57,54,3,3
19894,68,97,-29,29
19895,75,84,-9,9
19896,101,99,2,2
19897,57,61,-4,4
19898,93,105,-12,12
19899,52,69,-17,17
19900,57,72,-15,15
19901,123,120,3,3
19902,111,119,-8,8
19903,62,62,0,0
19904,89,105,-16,16
19905,114,107,7,7
19906,45,45,0,0
19907,79,82,-3,3
19908,134,128,6,6
19909,101,103,-2,2
19910,92,94,-2,2
19911,74,78,-4,4
19912,95,97,-2,2
19913,49,59,-10,10
19914,86,88,-2,2
19915,50,78,-28,28
19916,55,49,6,6
19917,49,53,-4,4
19918,87,91,-4,4
19919,59,70,-11,11
19920,108,130,-22,22
19921,88,48,40,40
19922,118,124,-6,6
19923,108,106,2,2
19924,38,81,-43,43
19925,94,85,9,9
19926,35,56,-21,21
19927,114,121,-7,7
19928,124,107,17,17
19929,108,118,-10,10
19930,129,150,-21,21
19931,69,59,10,10
19932,108,113,-5,5
19933,66,72,-6,6
19934,62,61,1,1
19935,107,96,11,11
19936,65,71,-6,6
19937,169,143,26,26
19938,115,115,0,0
19939,116,121,-5,5
19940,87,94,-7,7
19941,62,29,33,33
19942,128,125,3,3
19943,126,123,3,3
19944,139,142,-3,3
19945,217,174,43,43
19946,147,140,7,7
19947,117,112,5,5
19948,181,190,-9,9
19949,101,119,-18,18
19950,66,72,-6,6
19951,77,79,-2,2
19952,110,117,-7,7
19953,186,170,16,16
19954,60,64,-4,4
19955,68,68,0,0
19956,125,116,9,9
19957,52,49,3,3
19958,75,75,0,0
19959,109,121,-12,12
19960,44,64,-20,20
19961,123,117,6,6
19962,123,116,7,7
19963,69,65,4,4
19964,51,44,7,7
19965,148,135,13,13
19966,104,76,28,28
19967,64,69,-5,5
19968,82,106,-24,24
19969,82,66,16,16
19970,135,137,-2,2
19971,54,69,-15,15
19972,88,72,16,16
19973,88,82,6,6
19974,102,103,-1,1
19975,45,53,-8,8
19976,85,92,-7,7
19977,117,107,10,10
19978,124,120,4,4
19979,60,58,2,2
19980,40,62,-22,22
19981,133,129,4,4
19982,101,91,10,10
19983,80,74,6,6
19984,90,98,-8,8
19985,85,91,-6,6
19986,68,71,-3,3
19987,150,145,5,5
19988,86,96,-10,10
19989,105,106,-1,1
19990,45,38,7,7
19991,149,132,17,17
19992,74,73,1,1
19993,40,42,-2,2
19994,75,78,-3,3
19995,47,65,-18,18
19996,70,88,-18,18
19997,56,59,-3,3
19998,46,46,0,0
19999,98,112,-14,14
20000,107,109,-2,2
20001,121,115,6,6
20002,192,171,21,21
20003,50,58,-8,8
20004,62,79,-17,17
20005,93,100,-7,7
20006,96,80,16,16
20007,72,71,1,1
20008,134,141,-7,7
20009,98,109,-11,11
20010,159,141,18,18
20011,115,122,-7,7
20012,54,64,-10,10
20013,60,58,2,2
20014,80,76,4,4
20015,103,112,-9,9
20016,89,83,6,6
20017,118,118,0,0
20018,109,113,-4,4
20019,65,74,-9,9
20020,62,68,-6,6
20021,100,98,2,2
20022,127,135,-8,8
20023,54,55,-1,1
20024,113,105,8,8
20025,122,123,-1,1
20026,140,125,15,15
20027,71,78,-7,7
20028,86,103,-17,17
20029,94,101,-7,7
20030,124,118,6,6
20031,59,81,-22,22
20032,115,119,-4,4
20033,61,60,1,1
20034,65,80,-15,15
20035,79,104,-25,25
20036,122,119,3,3
20037,97,110,-13,13
20038,64,75,-11,11
20039,107,93,14,14
20040,109,114,-5,5
20041,70,75,-5,5
20042,63,64,-1,1
20043,104,119,-15,15
20044,88,81,7,7
20045,91,100,-9,9
20046,136,142,-6,6
20047,67,74,-7,7
20048,65,61,4,4
20049,97,116,-19,19
20050,114,134,-20,20
20051,122,137,-15,15
20052,76,78,-2,2
20053,96,98,-2,2
20054,90,86,4,4
20055,68,75,-7,7
20056,78,83,-5,5
20057,158,144,14,14
20058,77,92,-15,15
20059,65,55,10,10
20060,126,122,4,4
20061,102,98,4,4
20062,96,84,12,12
20063,120,127,-7,7
20064,44,48,-4,4
20065,68,81,-13,13
20066,170,170,0,0
20067,40,39,1,1
20068,43,53,-10,10
20069,95,91,4,4
20070,114,103,11,11
20071,60,64,-4,4
20072,35,47,-12,12
20073,70,83,-13,13
20074,126,126,0,0
20075,68,72,-4,4
20076,137,149,-12,12
20077,154,128,26,26
20078,139,124,15,15
20079,103,79,24,24
20080,82,65,17,17
20081,94,111,-17,17
20082,136,143,-7,7
20083,81,72,9,9
20084,51,52,-1,1
20085,126,124,2,2
20086,89,119,-30,30
20087,88,98,-10,10
20088,77,62,15,15
20089,83,90,-7,7
20090,77,75,2,2
20091,84,83,1,1
20092,82,110,-28,28
20093,65,62,3,3
20094,113,105,8,8
20095,78,98,-20,20
20096,54,54,0,0
20097,94,112,-18,18
20098,59,71,-12,12
20099,117,131,-14,14
20100,78,73,5,5
20101,48,31,17,17
20102,54,55,-1,1
20103,99,110,-11,11
20104,71,89,-18,18
20105,136,140,-4,4
20106,45,39,6,6
20107,84,97,-13,13
20108,82,86,-4,4
20109,45,45,0,0
20110,125,106,19,19
20111,50,55,-5,5
20112,71,76,-5,5
20113,89,86,3,3
20114,61,72,-11,11
20115,105,102,3,3
20116,143,133,10,10
20117,185,169,16,16
20118,48,48,0,0
20119,98,99,-1,1
20120,38,41,-3,3
20121,92,89,3,3
20122,139,111,28,28
20123,99,101,-2,2
20124,106,101,5,5
20125,60,72,-12,12
20126,96,69,27,27
20127,138,144,-6,6
20128,83,74,9,9
20129,152,125,27,27
20130,115,116,-1,1
20131,84,97,-13,13
20132,133,141,-8,8
20133,128,129,-1,1
20134,78,88,-10,10
20135,93,94,-1,1
20136,105,107,-2,2
20137,90,99,-9,9
20138,205,196,9,9
20139,80,85,-5,5
20140,80,82,-2,2
20141,118,107,11,11
20142,60,83,-23,23
20143,101,103,-2,2
20144,95,102,-7,7
20145,130,135,-5,5
20146,113,98,15,15
20147,79,80,-1,1
20148,88,76,12,12
20149,109,120,-11,11
20150,98,73,25,25
20151,70,64,6,6
20152,92,38,54,54
20153,157,159,-2,2
20154,44,58,-14,14
20155,95,91,4,4
20156,87,87,0,0
20157,109,73,36,36
20158,111,115,-4,4
20159,86,95,-9,9
20160,149,148,1,1
20161,111,109,2,2
20162,45,35,10,10
20163,150,155,-5,5
20164,89,82,7,7
20165,67,88,-21,21
20166,87,96,-9,9
20167,150,146,4,4
20168,124,110,14,14
20169,96,94,2,2
20170,125,126,-1,1
20171,116,133,-17,17
20172,80,113,-33,33
20173,156,139,17,17
20174,159,155,4,4
20175,108,114,-6,6
20176,90,95,-5,5
20177,117,108,9,9
20178,139,132,7,7
20179,87,85,2,2
20180,79,76,3,3
20181,103,104,-1,1
20182,157,137,20,20
20183,159,177,-18,18
20184,46,91,-45,45
20185,84,78,6,6
20186,62,74,-12,12
20187,99,104,-5,5
20188,62,76,-14,14
20189,87,114,-27,27
20190,186,146,40,40
20191,104,101,3,3
20192,83,84,-1,1
20193,82,83,-1,1
20194,82,100,-18,18
20195,116,127,-11,11
20196,48,41,7,7
20197,72,82,-10,10
20198,81,90,-9,9
20199,89,111,-22,22
20200,66,67,-1,1
20201,99,111,-12,12
20202,97,93,4,4
20203,83,73,10,10
20204,57,51,6,6
20205,95,97,-2,2
20206,81,87,-6,6
20207,77,86,-9,9
20208,65,56,9,9
20209,109,103,6,6
20210,58,54,4,4
20211,38,58,-20,20
20212,109,116,-7,7
20213,128,127,1,1
20214,68,74,-6,6
20215,134,144,-10,10
20216,80,79,1,1
20217,197,182,15,15
20218,105,112,-7,7
20219,78,66,12,12
20220,99,120,-21,21
20221,88,100,-12,12
20222,105,95,10,10
20223,63,82,-19,19
20224,76,101,-25,25
20225,80,87,-7,7
20226,68,80,-12,12
20227,97,93,4,4
20228,107,97,10,10
20229,96,71,25,25
20230,120,153,-33,33
20231,110,104,6,6
20232,67,65,2,2
20233,154,136,18,18
20234,133,126,7,7
20235,98,123,-25,25
20236,93,90,3,3
20237,93,87,6,6
20238,95,99,-4,4
20239,96,90,6,6
20240,66,71,-5,5
20241,54,55,-1,1
20242,89,92,-3,3
20243,165,145,20,20
20244,189,173,16,16
20245,62,83,-21,21
20246,49,58,-9,9
20247,59,51,8,8
20248,82,71,11,11
20249,75,81,-6,6
20250,121,118,3,3
20251,116,54,62,62
20252,185,147,38,38
20253,139,135,4,4
20254,73,88,-15,15
20255,147,141,6,6
20256,109,120,-11,11
20257,119,126,-7,7
20258,83,81,2,2
20259,122,130,-8,8
20260,84,105,-21,21
20261,130,127,3,3
20262,137,143,-6,6
20263,96,109,-13,13
20264,81,79,2,2
20265,123,118,5,5
20266,83,70,13,13
20267,104,114,-10,10
20268,121,119,2,2
20269,130,135,-5,5
20270,104,82,22,22
20271,107,107,0,0
20272,121,121,0,0
20273,76,77,-1,1
20274,59,48,11,11
20275,127,137,-10,10
20276,179,173,6,6
20277,70,77,-7,7
20278,83,90,-7,7
20279,83,112,-29,29
20280,52,80,-28,28
20281,58,72,-14,14
20282,116,140,-24,24
20283,57,61,-4,4
20284,107,108,-1,1
20285,164,162,2,2
20286,110,100,10,10
20287,101,110,-9,9
20288,159,145,14,14
20289,103,115,-12,12
20290,133,143,-10,10
20291,59,72,-13,13
20292,93,76,17,17
20293,129,124,5,5
20294,49,65,-16,16
20295,98,99,-1,1
20296,100,106,-6,6
20297,131,128,3,3
20298,140,150,-10,10
20299,87,102,-15,15
20300,138,111,27,27
20301,145,148,-3,3
20302,124,119,5,5
20303,111,109,2,2
20304,128,124,4,4
20305,83,68,15,15
20306,90,115,-25,25
20307,96,109,-13,13
20308,160,156,4,4
20309,75,87,-12,12
20310,83,95,-12,12
20311,115,128,-13,13
20312,78,86,-8,8
20313,91,95,-4,4
20314,60,69,-9,9
20315,92,86,6,6
20316,107,95,12,12
20317,94,107,-13,13
20318,75,113,-38,38
20319,60,61,-1,1
20320,58,63,-5,5
20321,103,114,-11,11
20322,68,62,6,6
20323,141,116,25,25
20324,89,111,-22,22
20325,172,136,36,36
20326,147,144,3,3
20327,94,89,5,5
20328,128,126,2,2
20329,76,87,-11,11
20330,97,98,-1,1
20331,110,108,2,2
20332,89,101,-12,12
20333,72,49,23,23
20334,104,111,-7,7
20335,82,103,-21,21
20336,87,83,4,4
20337,96,31,65,65
20338,94,107,-13,13
20339,158,132,26,26
20340,102,111,-9,9
20341,62,61,1,1
20342,53,70,-17,17
20343,98,95,3,3
20344,96,98,-2,2
20345,79,91,-12,12
20346,131,130,1,1
20347,44,45,-1,1
20348,102,93,9,9
20349,69,74,-5,5
20350,106,116,-10,10
20351,128,140,-12,12
20352,49,58,-9,9
20353,123,122,1,1
20354,191,174,17,17
20355,116,112,4,4
20356,127,129,-2,2
20357,42,35,7,7
20358,124,102,22,22
20359,92,87,5,5
20360,143,133,10,10
20361,68,72,-4,4
20362,111,106,5,5
20363,120,139,-19,19
20364,93,94,-1,1
20365,46,62,-16,16
20366,116,113,3,3
20367,84,80,4,4
20368,39,39,0,0
20369,70,62,8,8
20370,59,102,-43,43
20371,107,124,-17,17
20372,59,59,0,0
20373,115,114,1,1
20374,92,99,-7,7
20375,105,121,-16,16
20376,110,99,11,11
20377,60,62,-2,2
20378,119,117,2,2
20379,106,119,-13,13
20380,90,94,-4,4
20381,63,64,-1,1
20382,103,100,3,3
20383,105,118,-13,13
20384,98,115,-17,17
20385,48,66,-18,18
20386,110,136,-26,26
20387,119,97,22,22
20388,86,94,-8,8
20389,82,103,-21,21
20390,65,67,-2,2
20391,89,97,-8,8
20392,118,133,-15,15
20393,146,125,21,21
20394,65,77,-12,12
20395,125,127,-2,2
20396,87,104,-17,17
20397,89,91,-2,2
20398,75,69,6,6
20399,87,90,-3,3
20400,130,134,-4,4
20401,51,60,-9,9
20402,129,128,1,1
20403,81,80,1,1
20404,80,73,7,7
20405,66,75,-9,9
20406,47,53,-6,6
20407,103,116,-13,13
20408,77,85,-8,8
20409,60,78,-18,18
20410,133,128,5,5
20411,66,56,10,10
20412,161,141,20,20
20413,101,75,26,26
20414,80,106,-26,26
20415,124,137,-13,13
20416,140,105,35,35
20417,120,115,5,5
20418,141,131,10,10
20419,90,99,-9,9
20420,54,65,-11,11
20421,63,69,-6,6
20422,115,125,-10,10
20423,59,79,-20,20
20424,68,77,-9,9
20425,51,54,-3,3
20426,56,60,-4,4
20427,69,90,-21,21
20428,71,80,-9,9
20429,103,125,-22,22
20430,94,101,-7,7
20431,157,170,-13,13
20432,122,120,2,2
20433,111,117,-6,6
20434,120,108,12,12
20435,103,93,10,10
20436,62,59,3,3
20437,130,130,0,0
20438,81,102,-21,21
20439,166,146,20,20
20440,79,79,0,0
20441,90,100,-10,10
20442,91,101,-10,10
20443,44,37,7,7
20444,87,95,-8,8
20445,117,111,6,6
20446,101,108,-7,7
20447,106,96,10,10
20448,102,94,8,8
20449,74,66,8,8
20450,175,174,1,1
20451,71,88,-17,17
20452,122,121,1,1
20453,165,162,3,3
20454,134,131,3,3
20455,192,150,42,42
20456,80,76,4,4
20457,65,72,-7,7
20458,105,108,-3,3
20459,121,123,-2,2
20460,84,83,1,1
20461,106,91,15,15
20462,91,93,-2,2
20463,174,165,9,9
20464,64,56,8,8
20465,58,76,-18,18
20466,76,70,6,6
20467,70,67,3,3
20468,143,136,7,7
20469,92,94,-2,2
20470,94,102,-8,8
20471,95,97,-2,2
20472,119,112,7,7
20473,101,97,4,4
20474,110,120,-10,10
20475,144,160,-16,16
20476,129,146,-17,17
20477,79,74,5,5
20478,99,119,-20,20
20479,85,79,6,6
20480,142,132,10,10
20481,77,93,-16,16
20482,62,61,1,1
20483,122,127,-5,5
20484,106,113,-7,7
20485,52,47,5,5
20486,79,48,31,31
20487,95,87,8,8
20488,77,82,-5,5
20489,89,94,-5,5
20490,70,82,-12,12
20491,97,95,2,2
20492,100,79,21,21
20493,79,64,15,15
20494,138,147,-9,9
20495,123,97,26,26
20496,152,134,18,18
20497,135,116,19,19
20498,83,90,-7,7
20499,118,110,8,8
20500,91,92,-1,1
20501,83,96,-13,13
20502,77,80,-3,3
20503,69,70,-1,1
20504,68,78,-10,10
20505,139,126,13,13
20506,171,153,18,18
20507,80,71,9,9
20508,83,88,-5,5
20509,108,101,7,7
20510,92,96,-4,4
20511,59,66,-7,7
20512,74,78,-4,4
20513,62,52,10,10
20514,138,137,1,1
20515,55,64,-9,9
20516,85,79,6,6
20517,77,75,2,2
20518,39,34,5,5
20519,65,90,-25,25
20520,109,120,-11,11
20521,91,90,1,1
20522,74,69,5,5
20523,74,74,0,0
20524,154,145,9,9
20525,153,138,15,15
20526,40,16,24,24
20527,110,114,-4,4
20528,63,81,-18,18
20529,114,113,1,1
20530,114,135,-21,21
20531,62,71,-9,9
20532,81,70,11,11
20533,49,42,7,7
20534,63,54,9,9
20535,93,86,7,7
20536,76,72,4,4
20537,146,152,-6,6
20538,87,90,-3,3
20539,162,145,17,17
20540,91,116,-25,25
20541,107,134,-27,27
20542,82,93,-11,11
20543,97,87,10,10
20544,42,30,12,12
20545,81,83,-2,2
20546,115,109,6,6
20547,120,106,14,14
20548,62,61,1,1
20549,131,135,-4,4
20550,82,92,-10,10
20551,59,48,11,11
20552,127,119,8,8
20553,100,99,1,1
20554,92,84,8,8
20555,55,61,-6,6
20556,111,108,3,3
20557,92,92,0,0
20558,111,119,-8,8
20559,189,162,27,27
20560,93,89,4,4
20561,61,47,14,14
20562,50,47,3,3
20563,62,71,-9,9
20564,46,52,-6,6
20565,145,148,-3,3
20566,82,85,-3,3
20567,83,74,9,9
20568,78,82,-4,4
20569,69,61,8,8
20570,117,125,-8,8
20571,142,138,4,4
20572,111,113,-2,2
20573,72,64,8,8
20574,95,96,-1,1
20575,141,130,11,11
20576,179,157,22,22
20577,85,103,-18,18
20578,286,209,77,77
20579,87,83,4,4
20580,93,90,3,3
20581,87,94,-7,7
20582,49,85,-36,36
20583,87,83,4,4
20584,143,109,34,34
20585,98,105,-7,7
20586,70,80,-10,10
20587,112,126,-14,14
20588,53,71,-18,18
20589,55,66,-11,11
20590,88,84,4,4
20591,113,109,4,4
20592,86,97,-11,11
20593,59,110,-51,51
20594,62,74,-12,12
20595,71,93,-22,22
20596,102,130,-28,28
20597,69,77,-8,8
20598,117,123,-6,6
20599,79,78,1,1
20600,131,134,-3,3
20601,45,52,-7,7
20602,81,88,-7,7
20603,62,81,-19,19
20604,82,85,-3,3
20605,86,86,0,0
20606,52,40,12,12
20607,79,87,-8,8
20608,108,103,5,5
20609,62,63,-1,1
20610,94,96,-2,2
20611,74,92,-18,18
20612,136,122,14,14
20613,151,124,27,27
20614,145,160,-15,15
20615,99,99,0,0
20616,169,158,11,11
20617,69,91,-22,22
20618,54,59,-5,5
20619,93,86,7,7
20620,106,111,-5,5
20621,77,86,-9,9
20622,100,112,-12,12
20623,96,106,-10,10
20624,56,59,-3,3
20625,99,96,3,3
20626,115,121,-6,6
20627,90,97,-7,7
20628,56,91,-35,35
20629,83,59,24,24
20630,117,119,-2,2
20631,75,86,-11,11
20632,88,91,-3,3
20633,80,97,-17,17
20634,150,129,21,21
20635,126,117,9,9
20636,92,86,6,6
20637,117,119,-2,2
20638,75,84,-9,9
20639,92,84,8,8
20640,72,54,18,18
20641,45,44,1,1
20642,55,81,-26,26
20643,123,137,-14,14
20644,127,123,4,4
20645,128,137,-9,9
20646,161,150,11,11
20647,130,121,9,9
20648,87,83,4,4
20649,223,191,32,32
20650,79,84,-5,5
20651,155,143,12,12
20652,77,88,-11,11
20653,82,78,4,4
20654,101,108,-7,7
20655,89,78,11,11
20656,106,115,-9,9
20657,68,54,14,14
20658,98,95,3,3
20659,102,110,-8,8
20660,88,78,10,10
20661,102,102,0,0
20662,173,158,15,15
20663,52,72,-20,20
20664,114,116,-2,2
20665,85,90,-5,5
20666,86,103,-17,17
20667,77,77,0,0
20668,81,86,-5,5
20669,89,76,13,13
20670,149,113,36,36
20671,68,85,-17,17
20672,77,74,3,3
20673,83,88,-5,5
20674,71,69,2,2
20675,71,54,17,17
20676,91,104,-13,13
20677,56,101,-45,45
20678,80,77,3,3
20679,129,111,18,18
20680,95,93,2,2
20681,114,109,5,5
20682,149,142,7,7
20683,74,87,-13,13
20684,84,75,9,9
20685,72,83,-11,11
20686,119,115,4,4
20687,82,94,-12,12
20688,94,122,-28,28
20689,89,94,-5,5
20690,45,46,-1,1
20691,77,75,2,2
20692,169,178,-9,9
20693,100,95,5,5
20694,114,110,4,4
20695,95,105,-10,10
20696,97,118,-21,21
20697,224,215,9,9
20698,96,104,-8,8
20699,66,57,9,9
20700,97,92,5,5
20701,113,114,-1,1
20702,107,100,7,7
20703,59,70,-11,11
20704,148,164,-16,16
20705,66,95,-29,29
20706,151,141,10,10
20707,87,85,2,2
20708,119,113,6,6
20709,63,71,-8,8
20710,122,109,13,13
20711,75,77,-2,2
20712,142,146,-4,4
20713,33,22,11,11
20714,86,96,-10,10
20715,33,33,0,0
20716,144,122,22,22
20717,124,117,7,7
20718,77,81,-4,4
20719,144,128,16,16
20720,88,105,-17,17
20721,87,86,1,1
20722,45,46,-1,1
20723,104,92,12,12
20724,70,65,5,5
20725,87,89,-2,2
20726,139,142,-3,3
20727,136,135,1,1
20728,85,83,2,2
20729,106,115,-9,9
20730,134,131,3,3
20731,98,98,0,0
20732,77,90,-13,13
20733,131,133,-2,2
20734,125,157,-32,32
20735,76,88,-12,12
20736,110,72,38,38
20737,123,118,5,5
20738,56,32,24,24
20739,62,48,14,14
20740,59,67,-8,8
20741,96,102,-6,6
20742,107,111,-4,4
20743,126,143,-17,17
20744,114,120,-6,6
20745,85,78,7,7
20746,63,55,8,8
20747,59,89,-30,30
20748,80,86,-6,6
20749,93,104,-11,11
20750,82,83,-1,1
20751,73,77,-4,4
20752,133,123,10,10
20753,145,128,17,17
20754,78,85,-7,7
20755,89,83,6,6
20756,81,88,-7,7
20757,100,103,-3,3
20758,129,133,-4,4
20759,80,95,-15,15
20760,122,124,-2,2
20761,26,40,-14,14
20762,151,154,-3,3
20763,118,126,-8,8
20764,146,140,6,6
20765,75,78,-3,3
20766,80,104,-24,24
20767,52,81,-29,29
20768,128,111,17,17
20769,76,91,-15,15
20770,73,73,0,0
20771,55,57,-2,2
20772,94,81,13,13
20773,115,121,-6,6
20774,70,65,5,5
20775,125,118,7,7
20776,50,47,3,3
20777,90,96,-6,6
20778,110,109,1,1
20779,120,127,-7,7
20780,62,79,-17,17
20781,78,95,-17,17
20782,132,134,-2,2
20783,46,44,2,2
20784,140,137,3,3
20785,97,102,-5,5
20786,53,55,-2,2
20787,93,97,-4,4
20788,145,152,-7,7
20789,84,89,-5,5
20790,121,134,-13,13
20791,124,130,-6,6
20792,65,71,-6,6
20793,129,139,-10,10
20794,111,119,-8,8
20795,81,69,12,12
20796,87,81,6,6
20797,64,73,-9,9
20798,92,99,-7,7
20799,74,72,2,2
20800,78,72,6,6
20801,72,101,-29,29
20802,101,97,4,4
20803,35,25,10,10
20804,171,163,8,8
20805,54,56,-2,2
20806,155,161,-6,6
20807,151,150,1,1
20808,45,54,-9,9
20809,87,92,-5,5
20810,115,109,6,6
20811,75,66,9,9
20812,89,91,-2,2
20813,134,122,12,12
20814,65,68,-3,3
20815,51,49,2,2
20816,33,31,2,2
20817,85,102,-17,17
20818,114,101,13,13
20819,120,113,7,7
20820,83,89,-6,6
20821,106,113,-7,7
20822,41,51,-10,10
20823,101,120,-19,19
20824,134,112,22,22
20825,132,131,1,1
20826,53,46,7,7
20827,89,85,4,4
20828,120,123,-3,3
20829,106,124,-18,18
20830,165,92,73,73
20831,59,69,-10,10
20832,77,74,3,3
20833,105,108,-3,3
20834,113,121,-8,8
20835,85,91,-6,6
20836,57,55,2,2
20837,101,111,-10,10
20838,109,97,12,12
20839,129,126,3,3
20840,75,92,-17,17
20841,143,140,3,3
20842,48,57,-9,9
20843,115,122,-7,7
20844,57,113,-56,56
20845,76,83,-7,7
20846,79,78,1,1
20847,107,114,-7,7
20848,61,86,-25,25
20849,134,141,-7,7
20850,93,76,17,17
20851,141,157,-16,16
20852,81,75,6,6
20853,65,93,-28,28
20854,148,150,-2,2
20855,70,76,-6,6
20856,78,96,-18,18
20857,46,42,4,4
20858,108,107,1,1
20859,94,99,-5,5
20860,165,152,13,13
20861,83,101,-18,18
20862,131,134,-3,3
20863,91,93,-2,2
20864,86,121,-35,35
20865,99,108,-9,9
20866,111,107,4,4
20867,93,93,0,0
20868,82,91,-9,9
20869,60,64,-4,4
20870,89,86,3,3
20871,153,155,-2,2
20872,102,107,-5,5
20873,92,104,-12,12
20874,102,108,-6,6
20875,118,120,-2,2
20876,75,82,-7,7
20877,176,135,41,41
20878,129,116,13,13
20879,69,90,-21,21
20880,83,62,21,21
20881,124,124,0,0
20882,68,73,-5,5
20883,102,90,12,12
20884,63,55,8,8
20885,96,115,-19,19
20886,120,131,-11,11
20887,75,78,-3,3
20888,111,115,-4,4
20889,181,163,18,18
20890,82,91,-9,9
20891,132,120,12,12
20892,48,82,-34,34
20893,75,81,-6,6
20894,64,70,-6,6
20895,41,41,0,0
20896,64,85,-21,21
20897,97,95,2,2
20898,77,98,-21,21
20899,91,91,0,0
20900,51,49,2,2
20901,68,79,-11,11
20902,121,131,-10,10
20903,86,84,2,2
20904,59,68,-9,9
20905,107,92,15,15
20906,84,80,4,4
20907,55,66,-11,11
20908,76,87,-11,11
20909,93,83,10,10
20910,40,45,-5,5
20911,118,117,1,1
20912,156,155,1,1
20913,126,125,1,1
20914,74,80,-6,6
20915,96,101,-5,5
20916,121,104,17,17
20917,76,71,5,5
20918,122,132,-10,10
20919,89,80,9,9
20920,59,51,8,8
20921,84,79,5,5
20922,83,85,-2,2
20923,73,84,-11,11
20924,63,72,-9,9
20925,64,77,-13,13
20926,125,118,7,7
20927,101,64,37,37
20928,122,135,-13,13
20929,63,61,2,2
20930,107,134,-27,27
20931,68,53,15,15
20932,74,73,1,1
20933,102,98,4,4
20934,119,125,-6,6
20935,106,94,12,12
20936,66,55,11,11
20937,87,95,-8,8
20938,85,100,-15,15
20939,66,67,-1,1
20940,145,129,16,16
20941,180,156,24,24
20942,75,84,-9,9
20943,63,72,-9,9
20944,144,150,-6,6
20945,66,76,-10,10
20946,49,64,-15,15
20947,98,95,3,3
20948,77,105,-28,28
20949,105,103,2,2
20950,81,108,-27,27
20951,92,88,4,4
20952,104,113,-9,9
20953,151,140,11,11
20954,51,60,-9,9
20955,124,138,-14,14
20956,84,92,-8,8
20957,58,68,-10,10
20958,108,106,2,2
20959,41,47,-6,6
20960,151,130,21,21
20961,113,107,6,6
20962,138,130,8,8
20963,70,79,-9,9
20964,106,112,-6,6
20965,95,111,-16,16
20966,121,129,-8,8
20967,66,73,-7,7
20968,98,70,28,28
20969,70,75,-5,5
20970,142,136,6,6
20971,139,151,-12,12
20972,62,66,-4,4
20973,138,137,1,1
20974,70,68,2,2
20975,138,105,33,33
20976,105,97,8,8
20977,61,47,14,14
20978,113,108,5,5
20979,173,157,16,16
20980,94,102,-8,8
20981,90,88,2,2
20982,112,114,-2,2
20983,43,37,6,6
20984,140,140,0,0
20985,197,210,-13,13
20986,116,107,9,9
20987,229,160,69,69
20988,119,124,-5,5
20989,80,70,10,10
20990,115,124,-9,9
20991,61,71,-10,10
20992,41,47,-6,6
20993,101,94,7,7
20994,185,182,3,3
20995,46,47,-1,1
20996,221,224,-3,3
20997,113,109,4,4
20998,60,62,-2,2
20999,116,100,16,16
21000,125,112,13,13
21001,99,98,1,1
21002,97,116,-19,19
21003,171,149,22,22
21004,79,87,-8,8
21005,73,67,6,6
21006,80,92,-12,12
21007,148,125,23,23
21008,111,121,-10,10
21009,110,114,-4,4
21010,84,93,-9,9
21011,60,74,-14,14
21012,94,95,-1,1
21013,57,66,-9,9
21014,118,117,1,1
21015,115,119,-4,4
21016,118,138,-20,20
21017,133,128,5,5
21018,67,62,5,5
21019,148,145,3,3
21020,34,72,-38,38
21021,59,58,1,1
21022,71,80,-9,9
21023,59,62,-3,3
21024,58,73,-15,15
21025,61,70,-9,9
21026,105,79,26,26
21027,144,148,-4,4
21028,135,134,1,1
21029,120,117,3,3
21030,180,175,5,5
21031,177,157,20,20
21032,115,117,-2,2
21033,138,133,5,5
21034,113,97,16,16
21035,97,96,1,1
21036,88,85,3,3
21037,108,112,-4,4
21038,106,120,-14,14
21039,81,74,7,7
21040,105,113,-8,8
21041,30,13,17,17
21042,97,98,-1,1
21043,39,40,-1,1
21044,57,80,-23,23
21045,92,121,-29,29
21046,85,77,8,8
21047,94,103,-9,9
21048,165,159,6,6
21049,119,129,-10,10
21050,120,103,17,17
21051,139,132,7,7
21052,42,45,-3,3
21053,78,83,-5,5
21054,78,89,-11,11
21055,73,68,5,5
21056,84,83,1,1
21057,159,143,16,16
21058,84,83,1,1
21059,133,127,6,6
21060,87,96,-9,9
21061,147,144,3,3
21062,83,89,-6,6
21063,51,100,-49,49
21064,107,96,11,11
21065,62,62,0,0
21066,94,93,1,1
21067,62,66,-4,4
21068,79,85,-6,6
21069,177,150,27,27
21070,104,93,11,11
21071,85,98,-13,13
21072,100,80,20,20
21073,69,63,6,6
21074,119,126,-7,7
21075,90,79,11,11
21076,82,83,-1,1
21077,54,53,1,1
21078,115,116,-1,1
21079,74,72,2,2
21080,113,112,1,1
21081,56,39,17,17
21082,68,74,-6,6
21083,195,193,2,2
21084,150,137,13,13
21085,62,79,-17,17
21086,71,84,-13,13
21087,81,86,-5,5
21088,131,135,-4,4
21089,90,86,4,4
21090,86,98,-12,12
21091,168,158,10,10
21092,101,94,7,7
21093,109,105,4,4
21094,71,112,-41,41
21095,67,55,12,12
21096,115,122,-7,7
21097,95,16,79,79
21098,84,44,40,40
21099,74,89,-15,15
21100,69,96,-27,27
21101,63,79,-16,16
21102,127,109,18,18
21103,82,89,-7,7
21104,78,82,-4,4
21105,78,81,-3,3
21106,147,128,19,19
21107,96,90,6,6
21108,72,92,-20,20
21109,65,64,1,1
21110,107,113,-6,6
21111,119,117,2,2
21112,101,96,5,5
21113,162,152,10,10
21114,119,121,-2,2
21115,93,105,-12,12
21116,102,103,-1,1
21117,145,151,-6,6
21118,94,93,1,1
21119,83,105,-22,22
21120,166,156,10,10
21121,63,72,-9,9
21122,90,93,-3,3
21123,53,52,1,1
21124,103,111,-8,8
21125,117,114,3,3
21126,99,99,0,0
21127,44,59,-15,15
21128,149,142,7,7
21129,104,101,3,3
21130,225,190,35,35
21131,101,98,3,3
21132,101,101,0,0
21133,76,72,4,4
21134,80,89,-9,9
21135,70,60,10,10
21136,130,100,30,30
21137,148,138,10,10
21138,70,91,-21,21
21139,137,151,-14,14
21140,59,60,-1,1
21141,71,84,-13,13
21142,134,130,4,4
21143,116,110,6,6
21144,104,105,-1,1
21145,63,78,-15,15
21146,61,55,6,6
21147,89,120,-31,31
21148,61,61,0,0
21149,97,94,3,3
21150,102,88,14,14
21151,63,63,0,0
21152,165,153,12,12
21153,88,96,-8,8
21154,112,101,11,11
21155,90,87,3,3
21156,179,171,8,8
21157,89,99,-10,10
21158,19,4,15,15
21159,123,124,-1,1
21160,111,138,-27,27
21161,89,82,7,7
21162,86,83,3,3
21163,92,97,-5,5
21164,93,84,9,9
21165,91,99,-8,8
21166,70,70,0,0
21167,105,98,7,7
21168,85,82,3,3
21169,78,73,5,5
21170,112,113,-1,1
21171,96,96,0,0
21172,54,70,-16,16
21173,121,123,-2,2
21174,131,136,-5,5
21175,66,67,-1,1
21176,61,71,-10,10
21177,80,72,8,8
21178,89,72,17,17
21179,74,66,8,8
21180,65,88,-23,23
21181,101,109,-8,8
21182,97,95,2,2
21183,108,115,-7,7
21184,96,97,-1,1
21185,132,125,7,7
21186,62,70,-8,8
21187,82,88,-6,6
21188,154,138,16,16
21189,82,88,-6,6
21190,50,49,1,1
21191,68,57,11,11
21192,124,111,13,13
21193,74,79,-5,5
21194,149,144,5,5
21195,59,61,-2,2
21196,56,36,20,20
21197,58,61,-3,3
21198,151,161,-10,10
21199,113,112,1,1
21200,74,109,-35,35
21201,71,77,-6,6
21202,86,70,16,16
21203,65,49,16,16
21204,69,58,11,11
21205,161,155,6,6
21206,89,102,-13,13
21207,36,34,2,2
21208,55,51,4,4
21209,97,95,2,2
21210,89,70,19,19
21211,64,64,0,0
21212,98,95,3,3
21213,89,92,-3,3
21214,44,41,3,3
21215,162,153,9,9
21216,126,132,-6,6
21217,82,95,-13,13
21218,77,96,-19,19
21219,81,84,-3,3
21220,137,145,-8,8
21221,69,72,-3,3
21222,86,89,-3,3
21223,67,68,-1,1
21224,101,101,0,0
21225,74,79,-5,5
21226,71,80,-9,9
21227,66,73,-7,7
21228,104,96,8,8
21229,111,146,-35,35
21230,86,93,-7,7
21231,96,100,-4,4
21232,79,91,-12,12
21233,183,189,-6,6
21234,89,79,10,10
21235,133,132,1,1
21236,80,84,-4,4
21237,72,69,3,3
21238,109,95,14,14
21239,107,91,16,16
21240,84,76,8,8
21241,67,76,-9,9
21242,102,100,2,2
21243,66,154,-88,88
21244,132,138,-6,6
21245,103,108,-5,5
21246,91,80,11,11
21247,111,120,-9,9
21248,110,116,-6,6
21249,156,148,8,8
21250,44,15,29,29
21251,48,50,-2,2
21252,79,106,-27,27
21253,58,59,-1,1
21254,134,126,8,8
21255,105,106,-1,1
21256,79,86,-7,7
21257,124,173,-49,49
21258,109,102,7,7
21259,79,76,3,3
21260,66,70,-4,4
21261,93,86,7,7
21262,93,96,-3,3
21263,85,101,-16,16
21264,92,85,7,7
21265,103,107,-4,4
21266,104,98,6,6
21267,108,120,-12,12
21268,82,89,-7,7
21269,92,87,5,5
21270,41,35,6,6
21271,47,51,-4,4
21272,79,85,-6,6
21273,101,111,-10,10
21274,66,63,3,3
21275,83,85,-2,2
21276,89,93,-4,4
21277,55,52,3,3
21278,137,126,11,11
21279,92,92,0,0
21280,131,131,0,0
21281,99,103,-4,4
21282,100,104,-4,4
21283,82,75,7,7
21284,57,46,11,11
21285,74,73,1,1
21286,79,94,-15,15
21287,83,87,-4,4
21288,118,108,10,10
21289,133,168,-35,35
21290,129,123,6,6
21291,70,85,-15,15
21292,145,138,7,7
21293,149,117,32,32
21294,113,142,-29,29
21295,56,54,2,2
21296,44,30,14,14
21297,89,100,-11,11
21298,90,99,-9,9
21299,74,44,30,30
21300,117,116,1,1
21301,65,56,9,9
21302,48,41,7,7
21303,92,91,1,1
21304,72,72,0,0
21305,83,35,48,48
21306,63,66,-3,3
21307,135,118,17,17
21308,147,145,2,2
21309,142,145,-3,3
21310,122,110,12,12
21311,77,75,2,2
21312,106,118,-12,12
21313,65,70,-5,5
21314,70,80,-10,10
21315,124,120,4,4
21316,100,100,0,0
21317,56,72,-16,16
21318,72,34,38,38
21319,83,82,1,1
21320,66,67,-1,1
21321,45,42,3,3
21322,162,154,8,8
21323,85,94,-9,9
21324,115,117,-2,2
21325,122,127,-5,5
21326,72,60,12,12
21327,68,69,-1,1
21328,65,81,-16,16
21329,84,90,-6,6
21330,161,152,9,9
21331,149,138,11,11
21332,109,103,6,6
21333,57,56,1,1
21334,85,75,10,10
21335,100,104,-4,4
21336,171,119,52,52
21337,73,91,-18,18
21338,78,82,-4,4
21339,67,83,-16,16
21340,122,139,-17,17
21341,84,79,5,5
21342,171,152,19,19
21343,87,94,-7,7
21344,140,139,1,1
21345,86,100,-14,14
21346,85,101,-16,16
21347,50,47,3,3
21348,78,79,-1,1
21349,67,44,23,23
21350,81,75,6,6
21351,75,86,-11,11
21352,91,94,-3,3
21353,119,114,5,5
21354,138,126,12,12
21355,58,54,4,4
21356,137,131,6,6
21357,88,99,-11,11
21358,122,117,5,5
21359,106,107,-1,1
21360,101,106,-5,5
21361,88,98,-10,10
21362,83,75,8,8
21363,80,81,-1,1
21364,111,112,-1,1
21365,183,179,4,4
21366,73,76,-3,3
21367,97,100,-3,3
21368,55,69,-14,14
21369,116,127,-11,11
21370,78,76,2,2
21371,99,106,-7,7
21372,141,132,9,9
21373,56,58,-2,2
21374,65,61,4,4
21375,72,48,24,24
21376,99,76,23,23
21377,96,85,11,11
21378,69,75,-6,6
21379,94,91,3,3
21380,98,95,3,3
21381,55,52,3,3
21382,107,113,-6,6
21383,68,101,-33,33
21384,84,85,-1,1
21385,65,64,1,1
21386,177,157,20,20
21387,62,70,-8,8
21388,182,168,14,14
21389,72,66,6,6
21390,151,148,3,3
21391,80,85,-5,5
21392,122,126,-4,4
21393,136,94,42,42
21394,141,123,18,18
21395,88,92,-4,4
21396,88,92,-4,4
21397,127,126,1,1
21398,92,89,3,3
21399,74,67,7,7
21400,111,111,0,0
21401,204,162,42,42
21402,111,105,6,6
21403,59,61,-2,2
21404,129,117,12,12
21405,107,97,10,10
21406,104,98,6,6
21407,76,89,-13,13
21408,113,120,-7,7
21409,110,111,-1,1
21410,69,53,16,16
21411,67,83,-16,16
21412,85,70,15,15
21413,94,90,4,4
21414,93,81,12,12
21415,90,87,3,3
21416,61,51,10,10
21417,56,45,11,11
21418,114,105,9,9
21419,71,72,-1,1
21420,86,111,-25,25
21421,114,114,0,0
21422,50,49,1,1
21423,155,151,4,4
21424,108,135,-27,27
21425,104,88,16,16
21426,89,85,4,4
21427,75,69,6,6
21428,149,150,-1,1
21429,94,81,13,13
21430,63,82,-19,19
21431,127,143,-16,16
21432,103,105,-2,2
21433,90,83,7,7
21434,64,60,4,4
21435,144,143,1,1
21436,119,105,14,14
21437,45,53,-8,8
21438,78,74,4,4
21439,45,58,-13,13
21440,113,110,3,3
21441,89,103,-14,14
21442,122,115,7,7
21443,93,88,5,5
21444,54,49,5,5
21445,89,82,7,7
21446,85,87,-2,2
21447,101,102,-1,1
21448,132,136,-4,4
21449,47,32,15,15
21450,83,76,7,7
21451,89,83,6,6
21452,77,67,10,10
21453,150,132,18,18
21454,130,111,19,19
21455,85,80,5,5
21456,114,116,-2,2
21457,155,157,-2,2
21458,63,58,5,5
21459,94,84,10,10
21460,42,39,3,3
21461,138,147,-9,9
21462,78,56,22,22
21463,79,85,-6,6
21464,95,98,-3,3
21465,80,67,13,13
21466,80,95,-15,15
21467,39,23,16,16
21468,143,137,6,6
21469,88,82,6,6
21470,47,47,0,0
21471,70,79,-9,9
21472,174,158,16,16
21473,148,141,7,7
21474,185,155,30,30
21475,122,131,-9,9
21476,138,142,-4,4
21477,99,105,-6,6
21478,50,47,3,3
21479,104,98,6,6
21480,69,77,-8,8
21481,127,128,-1,1
21482,59,74,-15,15
21483,89,98,-9,9
21484,81,82,-1,1
21485,64,75,-11,11
21486,124,118,6,6
21487,75,57,18,18
21488,102,95,7,7
21489,156,141,15,15
21490,81,86,-5,5
21491,90,80,10,10
21492,58,104,-46,46
21493,153,137,16,16
21494,100,100,0,0
21495,133,125,8,8
21496,133,120,13,13
21497,68,71,-3,3
21498,104,105,-1,1
21499,74,76,-2,2
21500,138,135,3,3
21501,83,84,-1,1
21502,125,145,-20,20
21503,98,94,4,4
21504,92,89,3,3
21505,39,41,-2,2
21506,93,115,-22,22
21507,47,70,-23,23
21508,72,53,19,19
21509,138,124,14,14
21510,81,96,-15,15
21511,102,97,5,5
21512,146,143,3,3
21513,80,90,-10,10
21514,76,75,1,1
21515,130,130,0,0
21516,138,125,13,13
21517,69,71,-2,2
21518,134,115,19,19
21519,73,72,1,1
21520,55,74,-19,19
21521,68,75,-7,7
21522,78,101,-23,23
21523,85,82,3,3
21524,118,116,2,2
21525,80,45,35,35
21526,153,165,-12,12
21527,81,104,-23,23
21528,85,91,-6,6
21529,117,121,-4,4
21530,126,127,-1,1
21531,34,33,1,1
21532,72,67,5,5
21533,138,138,0,0
21534,82,96,-14,14
21535,113,118,-5,5
21536,63,60,3,3
21537,80,75,5,5
21538,67,61,6,6
21539,117,137,-20,20
21540,120,112,8,8
21541,75,72,3,3
21542,117,111,6,6
21543,103,105,-2,2
21544,149,152,-3,3
21545,169,161,8,8
21546,85,99,-14,14
21547,91,94,-3,3
21548,121,128,-7,7
21549,95,132,-37,37
21550,123,130,-7,7
21551,36,56,-20,20
21552,71,104,-33,33
21553,106,130,-24,24
21554,101,88,13,13
21555,60,80,-20,20
21556,68,61,7,7
21557,76,69,7,7
21558,91,87,4,4
21559,84,87,-3,3
21560,97,102,-5,5
21561,75,77,-2,2
21562,44,35,9,9
21563,78,74,4,4
21564,55,58,-3,3
21565,106,114,-8,8
21566,125,110,15,15
21567,185,164,21,21
21568,148,161,-13,13
21569,156,142,14,14
21570,128,137,-9,9
21571,96,89,7,7
21572,99,92,7,7
21573,63,71,-8,8
21574,78,84,-6,6
21575,162,135,27,27
21576,75,79,-4,4
21577,103,117,-14,14
21578,110,105,5,5
21579,116,115,1,1
21580,51,68,-17,17
21581,126,133,-7,7
21582,37,55,-18,18
21583,109,93,16,16
21584,115,117,-2,2
21585,70,76,-6,6
21586,94,76,18,18
21587,113,105,8,8
21588,91,92,-1,1
21589,71,81,-10,10
21590,55,66,-11,11
21591,63,79,-16,16
21592,59,73,-14,14
21593,81,81,0,0
21594,135,117,18,18
21595,95,95,0,0
21596,67,83,-16,16
21597,80,91,-11,11
21598,73,91,-18,18
21599,98,93,5,5
21600,104,98,6,6
21601,63,67,-4,4
21602,60,56,4,4
21603,117,111,6,6
21604,60,62,-2,2
21605,127,130,-3,3
21606,121,101,20,20
21607,118,109,9,9
21608,80,82,-2,2
21609,77,83,-6,6
21610,104,98,6,6
21611,182,202,-20,20
21612,90,90,0,0
21613,49,41,8,8
21614,86,83,3,3
21615,88,81,7,7
21616,114,107,7,7
21617,56,52,4,4
21618,66,73,-7,7
21619,68,99,-31,31
21620,88,82,6,6
21621,45,77,-32,32
21622,231,186,45,45
21623,136,129,7,7
21624,69,76,-7,7
21625,123,139,-16,16
21626,60,56,4,4
21627,72,73,-1,1
21628,84,95,-11,11
21629,123,130,-7,7
21630,58,77,-19,19
21631,58,50,8,8
21632,71,36,35,35
21633,97,90,7,7
21634,61,78,-17,17
21635,57,66,-9,9
21636,172,164,8,8
21637,62,77,-15,15
21638,112,80,32,32
21639,126,131,-5,5
21640,85,79,6,6
21641,105,117,-12,12
21642,100,102,-2,2
21643,117,133,-16,16
21644,76,89,-13,13
21645,85,98,-13,13
21646,187,162,25,25
21647,145,135,10,10
21648,64,75,-11,11
21649,107,90,17,17
21650,140,137,3,3
21651,46,78,-32,32
21652,63,61,2,2
21653,93,99,-6,6
21654,111,112,-1,1
21655,60,59,1,1
21656,120,108,12,12
21657,67,71,-4,4
21658,157,152,5,5
21659,133,130,3,3
21660,112,127,-15,15
21661,119,118,1,1
21662,86,80,6,6
21663,128,133,-5,5
21664,109,107,2,2
21665,133,129,4,4
21666,62,62,0,0
21667,167,164,3,3
21668,122,117,5,5
21669,42,33,9,9
21670,66,72,-6,6
21671,110,123,-13,13
21672,84,102,-18,18
21673,115,121,-6,6
21674,174,156,18,18
21675,85,59,26,26
21676,100,109,-9,9
21677,56,77,-21,21
21678,72,60,12,12
21679,87,99,-12,12
21680,70,115,-45,45
21681,76,70,6,6
21682,89,84,5,5
21683,69,68,1,1
21684,175,152,23,23
21685,191,159,32,32
21686,66,45,21,21
21687,145,128,17,17
21688,127,125,2,2
21689,54,39,15,15
21690,70,73,-3,3
21691,67,67,0,0
21692,77,74,3,3
21693,119,109,10,10
21694,38,42,-4,4
21695,77,84,-7,7
21696,49,52,-3,3
21697,63,82,-19,19
21698,40,27,13,13
21699,69,76,-7,7
21700,35,42,-7,7
21701,93,85,8,8
21702,61,81,-20,20
21703,50,51,-1,1
21704,113,114,-1,1
21705,123,114,9,9
21706,75,84,-9,9
21707,94,101,-7,7
21708,71,77,-6,6
21709,114,122,-8,8
21710,68,73,-5,5
21711,129,136,-7,7
21712,61,56,5,5
21713,92,86,6,6
21714,76,70,6,6
21715,106,94,12,12
21716,123,121,2,2
21717,89,105,-16,16
21718,88,97,-9,9
21719,48,54,-6,6
21720,87,94,-7,7
21721,53,59,-6,6
21722,120,102,18,18
21723,105,118,-13,13
21724,117,111,6,6
21725,128,126,2,2
21726,173,168,5,5
21727,85,97,-12,12
21728,97,76,21,21
21729,101,104,-3,3
21730,67,75,-8,8
21731,71,68,3,3
21732,89,89,0,0
21733,85,111,-26,26
21734,83,75,8,8
21735,78,81,-3,3
21736,76,97,-21,21
21737,115,107,8,8
21738,68,74,-6,6
21739,75,74,1,1
21740,106,102,4,4
21741,76,75,1,1
21742,123,117,6,6
21743,82,104,-22,22
21744,82,85,-3,3
21745,162,125,37,37
21746,64,64,0,0
21747,66,51,15,15
21748,48,30,18,18
21749,86,89,-3,3
21750,59,93,-34,34
21751,118,120,-2,2
21752,75,81,-6,6
21753,138,135,3,3
21754,50,31,19,19
21755,96,84,12,12
21756,68,66,2,2
21757,83,86,-3,3
21758,93,113,-20,20
21759,78,81,-3,3
21760,45,38,7,7
21761,85,86,-1,1
21762,123,119,4,4
21763,42,50,-8,8
21764,84,86,-2,2
21765,123,122,1,1
21766,45,52,-7,7
21767,88,91,-3,3
21768,85,82,3,3
21769,79,58,21,21
21770,75,77,-2,2
21771,125,133,-8,8
21772,33,96,-63,63
21773,84,95,-11,11
21774,117,124,-7,7
21775,79,73,6,6
21776,190,164,26,26
21777,112,115,-3,3
21778,86,87,-1,1
21779,115,112,3,3
21780,74,70,4,4
21781,85,84,1,1
21782,28,9,19,19
21783,45,43,2,2
21784,115,109,6,6
21785,92,91,1,1
21786,78,73,5,5
21787,129,126,3,3
21788,119,87,32,32
21789,78,83,-5,5
21790,78,70,8,8
21791,211,193,18,18
21792,95,112,-17,17
21793,101,117,-16,16
21794,163,149,14,14
21795,168,165,3,3
21796,109,110,-1,1
21797,98,108,-10,10
21798,61,62,-1,1
21799,131,136,-5,5
21800,74,83,-9,9
21801,66,79,-13,13
21802,130,113,17,17
21803,71,80,-9,9
21804,135,139,-4,4
21805,88,88,0,0
21806,150,171,-21,21
21807,152,89,63,63
21808,117,105,12,12
21809,133,137,-4,4
21810,77,76,1,1
21811,75,78,-3,3
21812,63,68,-5,5
21813,73,73,0,0
21814,72,67,5,5
21815,62,66,-4,4
21816,98,111,-13,13
21817,103,101,2,2
21818,167,166,1,1
21819,73,89,-16,16
21820,68,63,5,5
21821,104,105,-1,1
21822,96,94,2,2
21823,165,151,14,14
21824,128,133,-5,5
21825,147,140,7,7
21826,139,145,-6,6
21827,156,141,15,15
21828,86,96,-10,10
21829,78,88,-10,10
21830,78,81,-3,3
21831,89,83,6,6
21832,115,104,11,11
21833,122,122,0,0
21834,47,60,-13,13
21835,60,77,-17,17
21836,87,105,-18,18
21837,77,89,-12,12
21838,115,104,11,11
21839,105,101,4,4
21840,120,120,0,0
21841,95,70,25,25
21842,103,93,10,10
21843,57,68,-11,11
21844,132,124,8,8
21845,118,84,34,34
21846,134,117,17,17
21847,85,98,-13,13
21848,130,136,-6,6
21849,107,116,-9,9
21850,112,86,26,26
21851,63,61,2,2
21852,176,158,18,18
21853,83,88,-5,5
21854,88,93,-5,5
21855,141,124,17,17
21856,121,109,12,12
21857,119,111,8,8
21858,51,54,-3,3
21859,60,68,-8,8
21860,103,98,5,5
21861,122,124,-2,2
21862,79,71,8,8
21863,103,96,7,7
21864,86,76,10,10
21865,58,69,-11,11
21866,103,111,-8,8
21867,89,81,8,8
21868,94,72,22,22
21869,115,121,-6,6
21870,151,163,-12,12
21871,97,92,5,5
21872,88,83,5,5
21873,78,81,-3,3
21874,79,75,4,4
21875,51,80,-29,29
21876,77,102,-25,25
21877,98,87,11,11
21878,160,137,23,23
21879,114,117,-3,3
21880,95,102,-7,7
21881,77,97,-20,20
21882,75,79,-4,4
21883,142,140,2,2
21884,72,79,-7,7
21885,150,135,15,15
21886,67,81,-14,14
21887,104,107,-3,3
21888,95,112,-17,17
21889,116,110,6,6
21890,43,71,-28,28
21891,98,107,-9,9
21892,85,72,13,13
21893,93,91,2,2
21894,106,114,-8,8
21895,99,101,-2,2
21896,179,179,0,0
21897,61,78,-17,17
21898,77,75,2,2
21899,64,62,2,2
21900,90,62,28,28
21901,106,117,-11,11
21902,67,66,1,1
21903,102,106,-4,4
21904,94,58,36,36
21905,92,93,-1,1
21906,81,125,-44,44
21907,84,87,-3,3
21908,131,129,2,2
21909,96,117,-21,21
21910,89,98,-9,9
21911,107,102,5,5
21912,73,88,-15,15
21913,81,82,-1,1
21914,69,77,-8,8
21915,73,74,-1,1
21916,150,153,-3,3
21917,115,104,11,11
21918,90,82,8,8
21919,63,91,-28,28
21920,138,127,11,11
21921,125,132,-7,7
21922,111,112,-1,1
21923,124,112,12,12
21924,37,37,0,0
21925,114,122,-8,8
21926,67,74,-7,7
21927,116,120,-4,4
21928,134,142,-8,8
21929,58,68,-10,10
21930,75,77,-2,2
21931,119,116,3,3
21932,94,84,10,10
21933,72,85,-13,13
21934,144,139,5,5
21935,86,77,9,9
21936,112,119,-7,7
21937,57,46,11,11
21938,121,119,2,2
21939,118,120,-2,2
21940,79,85,-6,6
21941,53,52,1,1
21942,61,55,6,6
21943,90,100,-10,10
21944,114,128,-14,14
21945,101,100,1,1
21946,180,160,20,20
21947,136,160,-24,24
21948,100,106,-6,6
21949,107,110,-3,3
21950,95,104,-9,9
21951,75,82,-7,7
21952,86,97,-11,11
21953,71,81,-10,10
21954,126,96,30,30
21955,125,140,-15,15
21956,162,152,10,10
21957,71,77,-6,6
21958,60,62,-2,2
21959,118,123,-5,5
21960,104,105,-1,1
21961,117,117,0,0
21962,144,130,14,14
21963,78,77,1,1
21964,95,98,-3,3
21965,157,135,22,22
21966,70,71,-1,1
21967,68,84,-16,16
21968,125,122,3,3
21969,111,90,21,21
21970,112,111,1,1
21971,118,122,-4,4
21972,71,70,1,1
21973,126,112,14,14
21974,96,81,15,15
21975,59,62,-3,3
21976,82,99,-17,17
21977,101,109,-8,8
21978,80,91,-11,11
21979,61,57,4,4
21980,89,112,-23,23
21981,107,93,14,14
21982,55,73,-18,18
21983,99,95,4,4
21984,131,135,-4,4
21985,80,76,4,4
21986,110,100,10,10
21987,94,87,7,7
21988,32,20,12,12
21989,105,108,-3,3
21990,103,95,8,8
21991,152,134,18,18
21992,136,126,10,10
21993,78,66,12,12
21994,68,71,-3,3
21995,68,95,-27,27
21996,36,32,4,4
21997,111,117,-6,6
21998,64,52,12,12
21999,70,72,-2,2
22000,89,100,-11,11
22001,103,91,12,12
22002,79,95,-16,16
22003,175,176,-1,1
22004,103,71,32,32
22005,84,79,5,5
22006,79,74,5,5
22007,93,106,-13,13
22008,124,125,-1,1
22009,106,113,-7,7
22010,144,136,8,8
22011,100,106,-6,6
22012,70,68,2,2
22013,122,127,-5,5
22014,101,75,26,26
22015,125,119,6,6
22016,94,92,2,2
22017,134,140,-6,6
22018,69,83,-14,14
22019,119,118,1,1
22020,106,101,5,5
22021,122,118,4,4
22022,54,40,14,14
22023,89,84,5,5
22024,76,104,-28,28
22025,86,93,-7,7
22026,144,130,14,14
22027,93,80,13,13
22028,105,109,-4,4
22029,101,102,-1,1
22030,81,89,-8,8
22031,85,89,-4,4
22032,157,122,35,35
22033,112,127,-15,15
22034,76,72,4,4
22035,85,93,-8,8
22036,141,127,14,14
22037,87,88,-1,1
22038,71,81,-10,10
22039,104,113,-9,9
22040,73,86,-13,13
22041,143,139,4,4
22042,92,96,-4,4
22043,80,81,-1,1
22044,98,105,-7,7
22045,80,84,-4,4
22046,54,50,4,4
22047,134,156,-22,22
22048,70,75,-5,5
22049,114,120,-6,6
22050,80,60,20,20
22051,90,89,1,1
22052,82,95,-13,13
22053,103,112,-9,9
22054,82,88,-6,6
22055,92,91,1,1
22056,82,83,-1,1
22057,66,73,-7,7
22058,124,160,-36,36
22059,61,65,-4,4
22060,63,74,-11,11
22061,91,100,-9,9
22062,72,69,3,3
22063,54,66,-12,12
22064,87,89,-2,2
22065,104,118,-14,14
22066,61,67,-6,6
22067,125,113,12,12
22068,129,136,-7,7
22069,33,32,1,1
22070,97,99,-2,2
22071,73,104,-31,31
22072,154,112,42,42
22073,74,80,-6,6
22074,125,116,9,9
22075,54,61,-7,7
22076,68,81,-13,13
22077,91,92,-1,1
22078,68,73,-5,5
22079,92,107,-15,15
22080,117,105,12,12
22081,98,110,-12,12
22082,124,123,1,1
22083,71,85,-14,14
22084,66,74,-8,8
22085,37,49,-12,12
22086,108,109,-1,1
22087,59,62,-3,3
22088,84,55,29,29
22089,162,139,23,23
22090,108,124,-16,16
22091,120,99,21,21
22092,102,114,-12,12
22093,68,86,-18,18
22094,146,121,25,25
22095,116,122,-6,6
22096,66,62,4,4
22097,67,71,-4,4
22098,46,56,-10,10
22099,92,73,19,19
22100,150,146,4,4
22101,58,64,-6,6
22102,103,109,-6,6
22103,112,109,3,3
22104,90,101,-11,11
22105,98,95,3,3
22106,54,68,-14,14
22107,76,79,-3,3
22108,77,90,-13,13
22109,111,111,0,0
22110,118,127,-9,9
22111,125,122,3,3
22112,94,105,-11,11
22113,73,67,6,6
22114,173,147,26,26
22115,155,158,-3,3
22116,120,135,-15,15
22117,86,73,13,13
22118,115,115,0,0
22119,149,143,6,6
22120,68,96,-28,28
22121,130,113,17,17
22122,65,75,-10,10
22123,63,80,-17,17
22124,39,24,15,15
22125,82,70,12,12
22126,74,51,23,23
22127,57,75,-18,18
22128,105,113,-8,8
22129,106,111,-5,5
22130,126,146,-20,20
22131,113,113,0,0
22132,109,113,-4,4
22133,95,110,-15,15
22134,86,80,6,6
22135,99,97,2,2
22136,65,126,-61,61
22137,70,80,-10,10
22138,66,62,4,4
22139,45,26,19,19
22140,77,83,-6,6
22141,50,62,-12,12
22142,105,115,-10,10
22143,101,98,3,3
22144,62,72,-10,10
22145,82,76,6,6
22146,69,48,21,21
22147,122,139,-17,17
22148,147,144,3,3
22149,220,199,21,21
22150,69,70,-1,1
22151,93,96,-3,3
22152,111,120,-9,9
22153,152,116,36,36
22154,124,131,-7,7
22155,43,32,11,11
22156,112,91,21,21
22157,83,86,-3,3
22158,140,141,-1,1
22159,110,124,-14,14
22160,71,79,-8,8
22161,96,108,-12,12
22162,148,156,-8,8
22163,53,85,-32,32
22164,120,115,5,5
22165,188,180,8,8
22166,29,37,-8,8
22167,117,111,6,6
22168,104,114,-10,10
22169,81,91,-10,10
22170,124,112,12,12
22171,103,120,-17,17
22172,139,143,-4,4
22173,79,80,-1,1
22174,133,144,-11,11
22175,112,119,-7,7
22176,99,104,-5,5
22177,101,97,4,4
22178,75,76,-1,1
22179,110,103,7,7
22180,121,119,2,2
22181,110,112,-2,2
22182,68,101,-33,33
22183,99,111,-12,12
22184,67,65,2,2
22185,72,88,-16,16
22186,151,141,10,10
22187,87,102,-15,15
22188,83,107,-24,24
22189,58,77,-19,19
22190,56,63,-7,7
22191,72,70,2,2
22192,91,90,1,1
22193,61,65,-4,4
22194,95,73,22,22
22195,101,80,21,21
22196,98,99,-1,1
22197,128,132,-4,4
22198,183,138,45,45
22199,68,80,-12,12
22200,97,101,-4,4
22201,74,43,31,31
22202,127,136,-9,9
22203,91,94,-3,3
22204,95,102,-7,7
22205,83,69,14,14
22206,130,120,10,10
22207,143,113,30,30
22208,68,114,-46,46
22209,72,77,-5,5
22210,81,83,-2,2
22211,63,69,-6,6
22212,92,96,-4,4
22213,70,74,-4,4
22214,114,118,-4,4
22215,119,116,3,3
22216,130,129,1,1
22217,94,103,-9,9
22218,104,104,0,0
22219,99,110,-11,11
22220,55,103,-48,48
22221,111,114,-3,3
22222,101,101,0,0
22223,86,90,-4,4
22224,89,86,3,3
22225,91,114,-23,23
22226,140,143,-3,3
22227,74,73,1,1
22228,82,85,-3,3
22229,103,111,-8,8
22230,104,100,4,4
22231,75,89,-14,14
22232,92,99,-7,7
22233,53,45,8,8
22234,74,95,-21,21
22235,38,30,8,8
22236,141,136,5,5
22237,91,75,16,16
22238,97,96,1,1
22239,115,128,-13,13
22240,141,142,-1,1
22241,72,72,0,0
22242,87,97,-10,10
22243,114,106,8,8
22244,96,88,8,8
22245,68,75,-7,7
22246,123,128,-5,5
22247,91,99,-8,8
22248,91,89,2,2
22249,116,131,-15,15
22250,49,71,-22,22
22251,57,55,2,2
22252,124,129,-5,5
22253,88,101,-13,13
22254,129,128,1,1
22255,55,55,0,0
22256,188,173,15,15
22257,64,59,5,5
22258,71,61,10,10
22259,45,95,-50,50
22260,93,110,-17,17
22261,68,76,-8,8
22262,161,187,-26,26
22263,69,78,-9,9
22264,113,111,2,2
22265,74,71,3,3
22266,58,77,-19,19
22267,149,155,-6,6
22268,49,58,-9,9
22269,96,92,4,4
22270,122,133,-11,11
22271,92,85,7,7
22272,124,117,7,7
22273,93,103,-10,10
22274,149,146,3,3
22275,179,161,18,18
22276,147,137,10,10
22277,121,101,20,20
22278,62,56,6,6
22279,50,65,-15,15
22280,54,53,1,1
22281,104,92,12,12
22282,73,76,-3,3
22283,101,107,-6,6
22284,71,98,-27,27
22285,90,91,-1,1
22286,71,87,-16,16
22287,72,71,1,1
22288,61,77,-16,16
22289,65,65,0,0
22290,81,70,11,11
22291,37,54,-17,17
22292,65,71,-6,6
22293,128,144,-16,16
22294,55,99,-44,44
22295,55,73,-18,18
22296,131,105,26,26
22297,67,50,17,17
22298,138,135,3,3
22299,66,72,-6,6
22300,62,67,-5,5
22301,187,154,33,33
22302,127,118,9,9
22303,105,124,-19,19
22304,78,76,2,2
22305,94,98,-4,4
22306,94,96,-2,2
22307,108,97,11,11
22308,135,133,2,2
22309,78,76,2,2
22310,87,108,-21,21
22311,59,60,-1,1
22312,134,136,-2,2
22313,89,80,9,9
22314,79,98,-19,19
22315,27,41,-14,14
22316,74,88,-14,14
22317,56,65,-9,9
22318,121,119,2,2
22319,88,103,-15,15
22320,145,155,-10,10
22321,99,106,-7,7
22322,127,132,-5,5
22323,85,87,-2,2
22324,91,85,6,6
22325,184,170,14,14
22326,76,81,-5,5
22327,86,83,3,3
22328,88,81,7,7
22329,156,140,16,16
22330,106,115,-9,9
22331,102,88,14,14
22332,106,98,8,8
22333,87,79,8,8
22334,60,74,-14,14
22335,82,89,-7,7
22336,112,91,21,21
22337,118,118,0,0
22338,75,62,13,13
22339,94,96,-2,2
22340,57,57,0,0
22341,96,92,4,4
22342,67,87,-20,20
22343,78,94,-16,16
22344,114,104,10,10
22345,70,64,6,6
22346,60,68,-8,8
22347,91,99,-8,8
22348,86,77,9,9
22349,84,83,1,1
22350,75,76,-1,1
22351,133,150,-17,17
22352,193,166,27,27
22353,68,74,-6,6
22354,139,125,14,14
22355,57,82,-25,25
22356,110,120,-10,10
22357,83,85,-2,2
22358,159,137,22,22
22359,110,112,-2,2
22360,150,134,16,16
22361,95,107,-12,12
22362,139,120,19,19
22363,72,43,29,29
22364,147,141,6,6
22365,89,97,-8,8
22366,136,142,-6,6
22367,47,46,1,1
22368,158,153,5,5
22369,111,117,-6,6
22370,99,89,10,10
22371,112,113,-1,1
22372,82,89,-7,7
22373,38,37,1,1
22374,82,88,-6,6
22375,80,83,-3,3
22376,119,118,1,1
22377,68,96,-28,28
22378,117,127,-10,10
22379,76,85,-9,9
22380,94,105,-11,11
22381,68,78,-10,10
22382,49,47,2,2
22383,59,63,-4,4
22384,135,134,1,1
22385,111,126,-15,15
22386,102,98,4,4
22387,118,116,2,2
22388,90,92,-2,2
22389,62,64,-2,2
22390,104,106,-2,2
22391,120,112,8,8
22392,105,106,-1,1
22393,131,117,14,14
22394,103,113,-10,10
22395,117,126,-9,9
22396,92,96,-4,4
22397,70,69,1,1
22398,108,114,-6,6
22399,71,71,0,0
22400,58,59,-1,1
22401,91,75,16,16
22402,98,85,13,13
22403,40,53,-13,13
22404,92,94,-2,2
22405,100,117,-17,17
22406,138,147,-9,9
22407,132,127,5,5
22408,101,89,12,12
22409,71,92,-21,21
22410,86,83,3,3
22411,107,119,-12,12
22412,85,76,9,9
22413,68,72,-4,4
22414,80,80,0,0
22415,125,115,10,10
22416,99,102,-3,3
22417,122,112,10,10
22418,190,176,14,14
22419,109,95,14,14
22420,83,102,-19,19
22421,121,145,-24,24
22422,79,94,-15,15
22423,142,157,-15,15
22424,63,66,-3,3
22425,66,67,-1,1
22426,114,88,26,26
22427,80,90,-10,10
22428,72,46,26,26
22429,190,165,25,25
22430,91,96,-5,5
22431,152,140,12,12
22432,74,66,8,8
22433,88,77,11,11
22434,181,190,-9,9
22435,118,120,-2,2
22436,131,115,16,16
22437,64,109,-45,45
22438,86,101,-15,15
22439,74,81,-7,7
22440,79,77,2,2
22441,99,113,-14,14
22442,169,165,4,4
22443,68,64,4,4
22444,79,79,0,0
22445,181,145,36,36
22446,119,113,6,6
22447,120,107,13,13
22448,67,74,-7,7
22449,67,78,-11,11
22450,76,69,7,7
22451,87,80,7,7
22452,91,81,10,10
22453,161,157,4,4
22454,58,58,0,0
22455,57,80,-23,23
22456,95,49,46,46
22457,63,67,-4,4
22458,64,47,17,17
22459,55,63,-8,8
22460,136,140,-4,4
22461,107,102,5,5
22462,83,86,-3,3
22463,52,69,-17,17
22464,127,134,-7,7
22465,90,97,-7,7
22466,141,139,2,2
22467,87,92,-5,5
22468,99,98,1,1
22469,67,94,-27,27
22470,79,103,-24,24
22471,102,113,-11,11
22472,168,166,2,2
22473,154,153,1,1
22474,118,120,-2,2
22475,68,90,-22,22
22476,109,83,26,26
22477,41,40,1,1
22478,65,69,-4,4
22479,108,105,3,3
22480,26,14,12,12
22481,99,136,-37,37
22482,137,136,1,1
22483,180,146,34,34
22484,223,138,85,85
22485,103,93,10,10
22486,91,92,-1,1
22487,120,110,10,10
22488,73,76,-3,3
22489,69,70,-1,1
22490,76,83,-7,7
22491,73,56,17,17
22492,41,32,9,9
22493,143,147,-4,4
22494,121,141,-20,20
22495,97,102,-5,5
22496,86,91,-5,5
22497,80,88,-8,8
22498,105,128,-23,23
22499,111,107,4,4
22500,133,143,-10,10
22501,120,113,7,7
22502,156,161,-5,5
22503,100,110,-10,10
22504,41,42,-1,1
22505,94,100,-6,6
22506,59,48,11,11
22507,71,73,-2,2
22508,68,63,5,5
22509,102,98,4,4
22510,134,135,-1,1
22511,60,59,1,1
22512,169,143,26,26
22513,80,83,-3,3
22514,126,152,-26,26
22515,146,141,5,5
22516,128,130,-2,2
22517,67,61,6,6
22518,92,103,-11,11
22519,72,79,-7,7
22520,79,77,2,2
22521,102,100,2,2
22522,62,68,-6,6
22523,59,65,-6,6
22524,116,116,0,0
22525,96,102,-6,6
22526,86,91,-5,5
22527,68,74,-6,6
22528,90,90,0,0
22529,90,88,2,2
22530,141,146,-5,5
22531,109,120,-11,11
22532,51,72,-21,21
22533,107,106,1,1
22534,130,131,-1,1
22535,103,112,-9,9
22536,49,53,-4,4
22537,106,82,24,24
22538,87,93,-6,6
22539,68,63,5,5
22540,88,94,-6,6
22541,79,88,-9,9
22542,104,103,1,1
22543,94,102,-8,8
22544,123,126,-3,3
22545,98,84,14,14
22546,123,128,-5,5
22547,104,115,-11,11
22548,60,72,-12,12
22549,70,59,11,11
22550,89,88,1,1
22551,122,116,6,6
22552,55,46,9,9
22553,141,138,3,3
22554,80,74,6,6
22555,97,110,-13,13
22556,126,115,11,11
22557,73,91,-18,18
22558,63,80,-17,17
22559,151,141,10,10
22560,109,100,9,9
22561,161,149,12,12
22562,80,91,-11,11
22563,126,109,17,17
22564,89,80,9,9
22565,95,94,1,1
22566,163,153,10,10
22567,121,114,7,7
22568,80,79,1,1
22569,79,74,5,5
22570,94,88,6,6
22571,143,130,13,13
22572,95,85,10,10
22573,108,119,-11,11
22574,94,103,-9,9
22575,102,105,-3,3
22576,84,99,-15,15
22577,80,77,3,3
22578,135,127,8,8
22579,98,82,16,16
22580,113,114,-1,1
22581,85,102,-17,17
22582,97,91,6,6
22583,67,42,25,25
22584,135,126,9,9
22585,31,11,20,20
22586,154,153,1,1
22587,136,138,-2,2
22588,35,62,-27,27
22589,145,137,8,8
22590,76,76,0,0
22591,89,100,-11,11
22592,84,93,-9,9
22593,82,102,-20,20
22594,76,74,2,2
22595,88,101,-13,13
22596,85,81,4,4
22597,109,131,-22,22
22598,165,158,7,7
22599,88,105,-17,17
22600,54,53,1,1
22601,93,91,2,2
22602,66,80,-14,14
22603,75,86,-11,11
22604,55,54,1,1
22605,72,75,-3,3
22606,113,112,1,1
22607,127,123,4,4
22608,53,42,11,11
22609,94,116,-22,22
22610,90,91,-1,1
22611,65,68,-3,3
22612,60,69,-9,9
22613,59,50,9,9
22614,107,104,3,3
22615,93,108,-15,15
22616,128,118,10,10
22617,55,73,-18,18
22618,93,100,-7,7
22619,79,86,-7,7
22620,148,133,15,15
22621,129,127,2,2
22622,51,64,-13,13
22623,92,112,-20,20
22624,93,114,-21,21
22625,114,121,-7,7
22626,72,84,-12,12
22627,92,110,-18,18
22628,81,74,7,7
22629,69,74,-5,5
22630,93,98,-5,5
22631,189,152,37,37
22632,71,71,0,0
22633,87,92,-5,5
22634,48,99,-51,51
22635,94,103,-9,9
22636,116,135,-19,19
22637,62,97,-35,35
22638,240,206,34,34
22639,104,107,-3,3
22640,80,98,-18,18
22641,66,54,12,12
22642,100,109,-9,9
22643,133,135,-2,2
22644,103,103,0,0
22645,137,141,-4,4
22646,165,141,24,24
22647,125,123,2,2
22648,86,78,8,8
22649,95,80,15,15
22650,103,122,-19,19
22651,140,121,19,19
22652,95,96,-1,1
22653,68,71,-3,3
22654,52,65,-13,13
22655,77,84,-7,7
22656,121,117,4,4
22657,107,115,-8,8
22658,98,103,-5,5
22659,100,99,1,1
22660,81,74,7,7
22661,46,39,7,7
22662,162,159,3,3
22663,136,132,4,4
22664,85,91,-6,6
22665,83,70,13,13
22666,135,124,11,11
22667,39,30,9,9
22668,61,55,6,6
22669,73,68,5,5
22670,87,77,10,10
22671,76,85,-9,9
22672,84,104,-20,20
22673,94,92,2,2
22674,163,153,10,10
22675,80,103,-23,23
22676,86,97,-11,11
22677,152,145,7,7
22678,100,128,-28,28
22679,75,77,-2,2
22680,92,87,5,5
22681,84,75,9,9
22682,144,151,-7,7
22683,69,69,0,0
22684,109,118,-9,9
22685,109,98,11,11
22686,88,64,24,24
22687,67,68,-1,1
22688,115,105,10,10
22689,125,136,-11,11
22690,95,107,-12,12
22691,87,82,5,5
22692,98,82,16,16
22693,83,101,-18,18
22694,101,102,-1,1
22695,51,48,3,3
22696,108,105,3,3
22697,136,137,-1,1
22698,208,215,-7,7
22699,121,113,8,8
22700,84,75,9,9
22701,86,83,3,3
22702,148,131,17,17
22703,110,127,-17,17
22704,117,118,-1,1
22705,96,95,1,1
22706,69,81,-12,12
22707,137,137,0,0
22708,66,70,-4,4
22709,89,72,17,17
22710,44,54,-10,10
22711,136,131,5,5
22712,128,113,15,15
22713,73,65,8,8
22714,155,140,15,15
22715,89,74,15,15
22716,87,80,7,7
22717,147,145,2,2
22718,64,56,8,8
22719,37,32,5,5
22720,122,119,3,3
22721,44,73,-29,29
22722,126,108,18,18
22723,60,81,-21,21
22724,148,157,-9,9
22725,134,140,-6,6
22726,87,85,2,2
22727,135,142,-7,7
22728,90,90,0,0
22729,60,73,-13,13
22730,86,74,12,12
22731,150,151,-1,1
22732,59,81,-22,22
22733,111,103,8,8
22734,54,51,3,3
22735,158,123,35,35
22736,135,108,27,27
22737,32,50,-18,18
22738,63,74,-11,11
22739,117,111,6,6
22740,83,87,-4,4
22741,54,59,-5,5
22742,151,145,6,6
22743,64,68,-4,4
22744,44,42,2,2
22745,138,134,4,4
22746,48,51,-3,3
22747,123,121,2,2
22748,97,102,-5,5
22749,59,78,-19,19
22750,96,105,-9,9
22751,19,5,14,14
22752,112,139,-27,27
22753,131,140,-9,9
22754,153,146,7,7
22755,100,105,-5,5
22756,183,165,18,18
22757,121,112,9,9
22758,129,128,1,1
22759,93,107,-14,14
22760,89,95,-6,6
22761,92,93,-1,1
22762,81,118,-37,37
22763,133,134,-1,1
22764,77,83,-6,6
22765,63,46,17,17
22766,66,65,1,1
22767,74,92,-18,18
22768,150,140,10,10
22769,76,95,-19,19
22770,68,111,-43,43
22771,73,85,-12,12
22772,93,103,-10,10
22773,90,99,-9,9
22774,81,94,-13,13
22775,59,55,4,4
22776,160,137,23,23
22777,47,42,5,5
22778,109,131,-22,22
22779,133,127,6,6
22780,114,114,0,0
22781,89,83,6,6
22782,86,91,-5,5
22783,95,82,13,13
22784,149,152,-3,3
22785,86,87,-1,1
22786,112,107,5,5
22787,61,107,-46,46
22788,32,14,18,18
22789,141,141,0,0
22790,106,102,4,4
22791,62,59,3,3
22792,98,92,6,6
22793,169,144,25,25
22794,75,88,-13,13
22795,113,118,-5,5
22796,69,61,8,8
22797,54,73,-19,19
22798,72,81,-9,9
22799,140,138,2,2
22800,86,84,2,2
22801,106,101,5,5
22802,81,87,-6,6
22803,109,99,10,10
22804,120,114,6,6
22805,103,98,5,5
22806,201,174,27,27
22807,115,132,-17,17
22808,94,84,10,10
22809,110,129,-19,19
22810,90,75,15,15
22811,117,118,-1,1
22812,80,71,9,9
22813,136,142,-6,6
22814,95,90,5,5
22815,121,123,-2,2
22816,38,32,6,6
22817,100,91,9,9
22818,83,96,-13,13
22819,102,102,0,0
22820,100,100,0,0
22821,67,75,-8,8
22822,88,127,-39,39
22823,68,62,6,6
22824,145,136,9,9
22825,86,89,-3,3
22826,107,105,2,2
22827,85,105,-20,20
22828,102,115,-13,13
22829,132,140,-8,8
22830,61,66,-5,5
22831,70,66,4,4
22832,91,97,-6,6
22833,139,132,7,7
22834,51,55,-4,4
22835,39,48,-9,9
22836,100,88,12,12
22837,93,96,-3,3
22838,89,90,-1,1
22839,92,111,-19,19
22840,35,12,23,23
22841,93,90,3,3
22842,64,59,5,5
22843,62,63,-1,1
22844,102,87,15,15
22845,101,111,-10,10
22846,93,95,-2,2
22847,63,53,10,10
22848,88,96,-8,8
22849,80,81,-1,1
22850,134,118,16,16
22851,77,81,-4,4
22852,73,89,-16,16
22853,57,57,0,0
22854,118,101,17,17
22855,134,116,18,18
22856,127,141,-14,14
22857,88,88,0,0
22858,91,80,11,11
22859,110,112,-2,2
22860,46,48,-2,2
22861,105,121,-16,16
22862,103,113,-10,10
22863,108,105,3,3
22864,93,100,-7,7
22865,75,91,-16,16
22866,131,110,21,21
22867,130,130,0,0
22868,89,90,-1,1
22869,49,101,-52,52
22870,120,116,4,4
22871,151,159,-8,8
22872,92,100,-8,8
22873,77,97,-20,20
22874,126,128,-2,2
22875,100,115,-15,15
22876,54,43,11,11
22877,110,107,3,3
22878,133,143,-10,10
22879,119,129,-10,10
22880,126,121,5,5
22881,42,24,18,18
22882,63,70,-7,7
22883,170,175,-5,5
22884,68,88,-20,20
22885,114,130,-16,16
22886,115,82,33,33
22887,64,78,-14,14
22888,90,92,-2,2
22889,126,113,13,13
22890,72,99,-27,27
22891,116,129,-13,13
22892,151,137,14,14
22893,98,83,15,15
22894,135,131,4,4
22895,132,133,-1,1
22896,166,158,8,8
22897,109,109,0,0
22898,73,30,43,43
22899,43,50,-7,7
22900,60,71,-11,11
22901,95,101,-6,6
22902,185,159,26,26
22903,116,121,-5,5
22904,120,121,-1,1
22905,117,114,3,3
22906,80,105,-25,25
22907,54,61,-7,7
22908,94,100,-6,6
22909,104,105,-1,1
22910,167,181,-14,14
22911,183,175,8,8
22912,125,142,-17,17
22913,67,78,-11,11
22914,127,117,10,10
22915,108,111,-3,3
22916,110,107,3,3
22917,72,73,-1,1
22918,76,81,-5,5
22919,60,69,-9,9
22920,127,119,8,8
22921,60,57,3,3
22922,117,116,1,1
22923,62,56,6,6
22924,98,98,0,0
22925,64,64,0,0
22926,90,95,-5,5
22927,155,142,13,13
22928,69,67,2,2
22929,91,87,4,4
22930,91,86,5,5
22931,97,92,5,5
22932,116,122,-6,6
22933,100,101,-1,1
22934,81,54,27,27
22935,77,90,-13,13
22936,46,33,13,13
22937,86,102,-16,16
22938,98,91,7,7
22939,128,89,39,39
22940,53,52,1,1
22941,86,92,-6,6
22942,106,112,-6,6
22943,118,118,0,0
22944,132,129,3,3
22945,179,163,16,16
22946,72,66,6,6
22947,57,66,-9,9
22948,159,136,23,23
22949,56,71,-15,15
22950,90,99,-9,9
22951,84,73,11,11
22952,120,119,1,1
22953,99,97,2,2
22954,121,121,0,0
22955,96,100,-4,4
22956,46,75,-29,29
22957,84,90,-6,6
22958,79,86,-7,7
22959,165,149,16,16
22960,72,77,-5,5
22961,75,75,0,0
22962,116,123,-7,7
22963,117,65,52,52
22964,95,86,9,9
22965,138,109,29,29
22966,64,61,3,3
22967,70,73,-3,3
22968,51,50,1,1
22969,74,74,0,0
22970,105,110,-5,5
22971,137,143,-6,6
22972,93,96,-3,3
22973,72,74,-2,2
22974,83,66,17,17
22975,113,108,5,5
22976,97,102,-5,5
22977,76,97,-21,21
22978,65,67,-2,2
22979,159,149,10,10
22980,72,74,-2,2
22981,127,115,12,12
22982,94,96,-2,2
22983,83,74,9,9
22984,84,90,-6,6
22985,60,66,-6,6
22986,100,107,-7,7
22987,108,110,-2,2
22988,118,120,-2,2
22989,76,48,28,28
22990,87,94,-7,7
22991,50,51,-1,1
22992,38,36,2,2
22993,146,133,13,13
22994,114,111,3,3
22995,52,47,5,5
22996,84,93,-9,9
22997,122,134,-12,12
22998,102,96,6,6
22999,181,150,31,31
23000,98,88,10,10
23001,39,40,-1,1
23002,84,91,-7,7
23003,145,114,31,31
23004,124,134,-10,10
23005,110,128,-18,18
23006,57,52,5,5
23007,88,90,-2,2
23008,64,59,5,5
23009,195,166,29,29
23010,131,137,-6,6
23011,124,125,-1,1
23012,79,104,-25,25
23013,66,68,-2,2
23014,100,106,-6,6
23015,82,78,4,4
23016,81,97,-16,16
23017,85,81,4,4
23018,192,204,-12,12
23019,112,116,-4,4
23020,166,145,21,21
23021,101,99,2,2
23022,82,81,1,1
23023,89,88,1,1
23024,94,82,12,12
23025,79,87,-8,8
23026,108,117,-9,9
23027,117,108,9,9
23028,123,106,17,17
23029,81,75,6,6
23030,87,79,8,8
23031,66,61,5,5
23032,35,34,1,1
23033,102,96,6,6
23034,145,132,13,13
23035,62,62,0,0
23036,121,113,8,8
23037,69,74,-5,5
23038,142,128,14,14
23039,74,66,8,8
23040,92,93,-1,1
23041,63,53,10,10
23042,71,88,-17,17
23043,148,136,12,12
23044,72,79,-7,7
23045,75,99,-24,24
23046,118,121,-3,3
23047,103,107,-4,4
23048,136,121,15,15
23049,126,133,-7,7
23050,93,95,-2,2
23051,101,110,-9,9
23052,133,116,17,17
23053,83,93,-10,10
23054,91,109,-18,18
23055,52,59,-7,7
23056,100,104,-4,4
23057,88,82,6,6
23058,80,96,-16,16
23059,83,96,-13,13
23060,90,81,9,9
23061,69,82,-13,13
23062,85,74,11,11
23063,107,102,5,5
23064,103,103,0,0
23065,60,57,3,3
23066,152,158,-6,6
23067,40,39,1,1
23068,87,80,7,7
23069,78,81,-3,3
23070,145,135,10,10
23071,47,47,0,0
23072,139,131,8,8
23073,94,96,-2,2
23074,138,144,-6,6
23075,115,106,9,9
23076,94,99,-5,5
23077,106,107,-1,1
23078,85,76,9,9
23079,82,82,0,0
23080,61,55,6,6
23081,160,144,16,16
23082,157,171,-14,14
23083,87,92,-5,5
23084,135,116,19,19
23085,120,99,21,21
23086,104,93,11,11
23087,165,154,11,11
23088,88,96,-8,8
23089,67,76,-9,9
23090,87,86,1,1
23091,66,75,-9,9
23092,74,79,-5,5
23093,76,69,7,7
23094,62,66,-4,4
23095,79,90,-11,11
23096,91,106,-15,15
23097,70,72,-2,2
23098,148,144,4,4
23099,135,126,9,9
23100,74,82,-8,8
23101,78,83,-5,5
23102,93,97,-4,4
23103,124,98,26,26
23104,129,143,-14,14
23105,98,88,10,10
23106,72,76,-4,4
23107,53,70,-17,17
23108,138,132,6,6
23109,184,161,23,23
23110,85,80,5,5
23111,82,40,42,42
23112,105,114,-9,9
23113,99,75,24,24
23114,65,71,-6,6
23115,73,64,9,9
23116,66,69,-3,3
23117,102,106,-4,4
23118,85,80,5,5
23119,188,155,33,33
23120,81,145,-64,64
23121,124,121,3,3
23122,59,65,-6,6
23123,108,101,7,7
23124,92,85,7,7
23125,100,97,3,3
23126,105,121,-16,16
23127,93,113,-20,20
23128,155,154,1,1
23129,71,84,-13,13
23130,65,73,-8,8
23131,94,88,6,6
23132,122,132,-10,10
23133,70,64,6,6
23134,65,66,-1,1
23135,160,145,15,15
23136,115,106,9,9
23137,134,140,-6,6
23138,101,104,-3,3
23139,105,106,-1,1
23140,93,96,-3,3
23141,94,84,10,10
23142,82,81,1,1
23143,90,96,-6,6
23144,78,77,1,1
23145,145,140,5,5
23146,120,129,-9,9
23147,94,94,0,0
23148,95,85,10,10
23149,115,132,-17,17
23150,49,51,-2,2
23151,134,141,-7,7
23152,88,102,-14,14
23153,82,87,-5,5
23154,67,99,-32,32
23155,71,75,-4,4
23156,56,65,-9,9
23157,88,93,-5,5
23158,34,25,9,9
23159,62,79,-17,17
23160,82,97,-15,15
23161,111,119,-8,8
23162,48,45,3,3
23163,102,117,-15,15
23164,143,136,7,7
23165,47,47,0,0
23166,76,76,0,0
23167,119,96,23,23
23168,64,61,3,3
23169,72,68,4,4
23170,141,129,12,12
23171,64,53,11,11
23172,127,104,23,23
23173,72,71,1,1
23174,111,106,5,5
23175,104,84,20,20
23176,77,79,-2,2
23177,133,138,-5,5
23178,113,120,-7,7
23179,110,108,2,2
23180,89,83,6,6
23181,125,130,-5,5
23182,127,113,14,14
23183,68,86,-18,18
23184,99,115,-16,16
23185,86,100,-14,14
23186,111,111,0,0
23187,118,117,1,1
23188,74,71,3,3
23189,132,112,20,20
23190,99,102,-3,3
23191,139,136,3,3
23192,107,106,1,1
23193,70,75,-5,5
23194,77,67,10,10
23195,101,116,-15,15
23196,103,107,-4,4
23197,86,111,-25,25
23198,104,104,0,0
23199,100,81,19,19
23200,150,139,11,11
23201,69,75,-6,6
23202,129,111,18,18
23203,162,146,16,16
23204,111,123,-12,12
23205,133,132,1,1
23206,87,80,7,7
23207,74,87,-13,13
23208,95,97,-2,2
23209,110,133,-23,23
23210,124,132,-8,8
23211,155,138,17,17
23212,74,67,7,7
23213,80,99,-19,19
23214,90,83,7,7
23215,100,91,9,9
23216,112,88,24,24
23217,81,74,7,7
23218,73,91,-18,18
23219,122,119,3,3
23220,130,120,10,10
23221,129,130,-1,1
23222,123,122,1,1
23223,84,100,-16,16
23224,63,67,-4,4
23225,144,134,10,10
23226,91,149,-58,58
23227,66,87,-21,21
23228,95,101,-6,6
23229,129,129,0,0
23230,75,63,12,12
23231,152,174,-22,22
23232,119,131,-12,12
23233,107,122,-15,15
23234,184,180,4,4
23235,84,114,-30,30
23236,123,121,2,2
23237,167,152,15,15
23238,59,56,3,3
23239,68,57,11,11
23240,119,63,56,56
23241,77,111,-34,34
23242,70,87,-17,17
23243,79,72,7,7
23244,114,135,-21,21
23245,75,77,-2,2
23246,64,61,3,3
23247,127,120,7,7
23248,52,59,-7,7
23249,67,76,-9,9
23250,73,82,-9,9
23251,85,70,15,15
23252,63,64,-1,1
23253,88,75,13,13
23254,89,78,11,11
23255,133,120,13,13
23256,82,87,-5,5
23257,115,108,7,7
23258,97,100,-3,3
23259,81,86,-5,5
23260,102,98,4,4
23261,68,68,0,0
23262,64,66,-2,2
23263,70,72,-2,2
23264,73,66,7,7
23265,59,75,-16,16
23266,136,95,41,41
23267,103,115,-12,12
23268,137,120,17,17
23269,73,66,7,7
23270,83,77,6,6
23271,95,88,7,7
23272,138,133,5,5
23273,86,72,14,14
23274,66,79,-13,13
23275,134,130,4,4
23276,116,117,-1,1
23277,70,77,-7,7
23278,118,121,-3,3
23279,131,138,-7,7
23280,40,77,-37,37
23281,82,91,-9,9
23282,78,77,1,1
23283,97,84,13,13
23284,89,93,-4,4
23285,133,123,10,10
23286,76,77,-1,1
23287,152,138,14,14
23288,92,80,12,12
23289,62,86,-24,24
23290,179,156,23,23
23291,127,121,6,6
23292,115,122,-7,7
23293,54,67,-13,13
23294,136,122,14,14
23295,76,91,-15,15
23296,62,97,-35,35
23297,78,66,12,12
23298,182,171,11,11
23299,67,53,14,14
23300,110,100,10,10
23301,92,87,5,5
23302,150,143,7,7
23303,122,123,-1,1
23304,62,74,-12,12
23305,109,95,14,14
23306,123,125,-2,2
23307,107,120,-13,13
23308,50,61,-11,11
23309,62,73,-11,11
23310,115,109,6,6
23311,41,49,-8,8
23312,106,89,17,17
23313,58,65,-7,7
23314,67,71,-4,4
23315,64,63,1,1
23316,71,89,-18,18
23317,83,87,-4,4
23318,157,147,10,10
23319,90,95,-5,5
23320,100,115,-15,15
23321,92,100,-8,8
23322,87,104,-17,17
23323,76,98,-22,22
23324,101,95,6,6
23325,56,54,2,2
23326,65,73,-8,8
23327,70,55,15,15
23328,57,57,0,0
23329,112,141,-29,29
23330,50,35,15,15
23331,47,58,-11,11
23332,140,158,-18,18
23333,51,45,6,6
23334,61,73,-12,12
23335,78,79,-1,1
23336,70,75,-5,5
23337,98,95,3,3
23338,152,131,21,21
23339,99,111,-12,12
23340,93,96,-3,3
23341,90,77,13,13
23342,51,54,-3,3
23343,94,99,-5,5
23344,82,92,-10,10
23345,137,83,54,54
23346,85,95,-10,10
23347,131,142,-11,11
23348,110,100,10,10
23349,70,71,-1,1
23350,99,111,-12,12
23351,146,146,0,0
23352,37,46,-9,9
23353,94,90,4,4
23354,124,126,-2,2
23355,91,90,1,1
23356,85,102,-17,17
23357,58,66,-8,8
23358,78,61,17,17
23359,62,68,-6,6
23360,51,58,-7,7
23361,85,113,-28,28
23362,64,69,-5,5
23363,108,117,-9,9
23364,89,88,1,1
23365,120,122,-2,2
23366,131,122,9,9
23367,50,47,3,3
23368,109,109,0,0
23369,82,75,7,7
23370,115,96,19,19
23371,121,55,66,66
23372,193,172,21,21
23373,66,68,-2,2
23374,125,120,5,5
23375,64,86,-22,22
23376,105,97,8,8
23377,47,61,-14,14
23378,57,71,-14,14
23379,105,101,4,4
23380,124,127,-3,3
23381,90,124,-34,34
23382,126,114,12,12
23383,89,89,0,0
23384,122,119,3,3
23385,116,121,-5,5
23386,80,65,15,15
23387,92,84,8,8
23388,62,90,-28,28
23389,144,152,-8,8
23390,45,55,-10,10
23391,139,137,2,2
23392,117,118,-1,1
23393,99,99,0,0
23394,98,102,-4,4
23395,87,93,-6,6
23396,171,142,29,29
23397,127,109,18,18
23398,114,105,9,9
23399,100,106,-6,6
23400,71,91,-20,20
23401,143,132,11,11
23402,84,91,-7,7
23403,89,80,9,9
23404,85,113,-28,28
23405,69,55,14,14
23406,145,160,-15,15
23407,115,122,-7,7
23408,116,123,-7,7
23409,114,124,-10,10
23410,58,41,17,17
23411,79,83,-4,4
23412,73,56,17,17
23413,114,124,-10,10
23414,140,151,-11,11
23415,92,101,-9,9
23416,111,111,0,0
23417,131,144,-13,13
23418,76,84,-8,8
23419,94,93,1,1
23420,91,94,-3,3
23421,76,74,2,2
23422,115,111,4,4
23423,65,62,3,3
23424,113,118,-5,5
23425,85,89,-4,4
23426,214,233,-19,19
23427,211,184,27,27
23428,41,42,-1,1
23429,78,78,0,0
23430,161,155,6,6
23431,79,82,-3,3
23432,51,60,-9,9
23433,103,110,-7,7
23434,73,76,-3,3
23435,55,59,-4,4
23436,136,116,20,20
23437,131,118,13,13
23438,77,77,0,0
23439,80,78,2,2
23440,110,115,-5,5
23441,54,46,8,8
23442,111,126,-15,15
23443,84,98,-14,14
23444,70,72,-2,2
23445,70,65,5,5
23446,106,105,1,1
23447,97,104,-7,7
23448,100,96,4,4
23449,135,122,13,13
23450,86,84,2,2
23451,42,32,10,10
23452,132,140,-8,8
23453,73,96,-23,23
23454,125,132,-7,7
23455,83,85,-2,2
23456,125,130,-5,5
23457,120,122,-2,2
23458,110,113,-3,3
23459,197,141,56,56
23460,111,106,5,5
23461,86,88,-2,2
23462,76,74,2,2
23463,150,140,10,10
23464,115,130,-15,15
23465,89,95,-6,6
23466,176,164,12,12
23467,64,75,-11,11
23468,120,121,-1,1
23469,121,130,-9,9
23470,64,72,-8,8
23471,49,80,-31,31
23472,70,62,8,8
23473,112,117,-5,5
23474,89,100,-11,11
23475,107,106,1,1
23476,155,156,-1,1
23477,73,63,10,10
23478,129,128,1,1
23479,161,141,20,20
23480,89,78,11,11
23481,113,110,3,3
23482,99,98,1,1
23483,127,126,1,1
23484,115,130,-15,15
23485,78,87,-9,9
23486,155,175,-20,20
23487,54,41,13,13
23488,89,87,2,2
23489,115,123,-8,8
23490,82,89,-7,7
23491,165,150,15,15
23492,90,92,-2,2
23493,87,83,4,4
23494,115,110,5,5
23495,70,80,-10,10
23496,85,88,-3,3
23497,101,99,2,2
23498,118,127,-9,9
23499,135,112,23,23
23500,74,102,-28,28
23501,108,120,-12,12
23502,134,140,-6,6
23503,109,103,6,6
23504,77,66,11,11
23505,71,61,10,10
23506,78,71,7,7
23507,125,109,16,16
23508,90,93,-3,3
23509,47,49,-2,2
23510,89,96,-7,7
23511,102,94,8,8
23512,94,97,-3,3
23513,137,125,12,12
23514,110,86,24,24
23515,100,114,-14,14
23516,125,124,1,1
23517,57,103,-46,46
23518,120,127,-7,7
23519,149,141,8,8
23520,69,83,-14,14
23521,91,99,-8,8
23522,69,66,3,3
23523,143,126,17,17
23524,112,113,-1,1
23525,108,100,8,8
23526,83,90,-7,7
23527,102,109,-7,7
23528,55,57,-2,2
23529,101,92,9,9
23530,39,50,-11,11
23531,173,159,14,14
23532,98,96,2,2
23533,136,117,19,19
23534,62,64,-2,2
23535,188,157,31,31
23536,98,100,-2,2
23537,132,130,2,2
23538,89,102,-13,13
23539,106,116,-10,10
23540,101,113,-12,12
23541,150,141,9,9
23542,194,164,30,30
23543,108,114,-6,6
23544,78,90,-12,12
23545,70,79,-9,9
23546,93,97,-4,4
23547,65,76,-11,11
23548,113,109,4,4
23549,129,129,0,0
23550,94,116,-22,22
23551,108,110,-2,2
23552,90,100,-10,10
23553,68,76,-8,8
23554,98,92,6,6
23555,96,104,-8,8
23556,85,100,-15,15
23557,137,135,2,2
23558,112,111,1,1
23559,168,147,21,21
23560,87,87,0,0
23561,134,117,17,17
23562,75,75,0,0
23563,135,133,2,2
23564,81,86,-5,5
23565,96,101,-5,5
23566,91,98,-7,7
23567,104,88,16,16
23568,105,100,5,5
23569,56,44,12,12
23570,111,104,7,7
23571,56,70,-14,14
23572,62,75,-13,13
23573,103,113,-10,10
23574,144,137,7,7
23575,101,102,-1,1
23576,79,95,-16,16
23577,102,93,9,9
23578,121,116,5,5
23579,140,134,6,6
23580,135,134,1,1
23581,80,74,6,6
23582,51,57,-6,6
23583,152,96,56,56
23584,94,119,-25,25
23585,52,46,6,6
23586,78,92,-14,14
23587,82,85,-3,3
23588,75,68,7,7
23589,117,129,-12,12
23590,136,125,11,11
23591,92,95,-3,3
23592,55,44,11,11
23593,126,115,11,11
23594,55,50,5,5
23595,43,39,4,4
23596,83,86,-3,3
23597,116,125,-9,9
23598,113,115,-2,2
23599,60,66,-6,6
23600,100,101,-1,1
23601,100,113,-13,13
23602,113,109,4,4
23603,123,143,-20,20
23604,69,79,-10,10
23605,113,130,-17,17
23606,71,62,9,9
23607,132,129,3,3
23608,151,149,2,2
23609,57,66,-9,9
23610,105,105,0,0
23611,188,170,18,18
23612,79,65,14,14
23613,151,144,7,7
23614,137,140,-3,3
23615,42,32,10,10
23616,144,138,6,6
23617,41,54,-13,13
23618,82,85,-3,3
23619,91,74,17,17
23620,65,68,-3,3
23621,65,71,-6,6
23622,103,102,1,1
23623,116,120,-4,4
23624,149,150,-1,1
23625,202,169,33,33
23626,61,64,-3,3
23627,78,79,-1,1
23628,154,140,14,14
23629,87,102,-15,15
23630,93,92,1,1
23631,134,105,29,29
23632,116,121,-5,5
23633,124,123,1,1
23634,148,146,2,2
23635,140,131,9,9
23636,69,60,9,9
23637,107,110,-3,3
23638,99,110,-11,11
23639,137,130,7,7
23640,165,153,12,12
23641,102,88,14,14
23642,116,113,3,3
23643,95,74,21,21
23644,86,107,-21,21
23645,88,100,-12,12
23646,108,100,8,8
23647,153,151,2,2
23648,69,66,3,3
23649,76,75,1,1
23650,103,102,1,1
23651,79,95,-16,16
23652,129,105,24,24
23653,87,96,-9,9
23654,67,65,2,2
23655,81,84,-3,3
23656,118,119,-1,1
23657,69,69,0,0
23658,63,74,-11,11
23659,77,92,-15,15
23660,113,111,2,2
23661,143,148,-5,5
23662,57,60,-3,3
23663,86,96,-10,10
23664,36,89,-53,53
23665,128,111,17,17
23666,111,128,-17,17
23667,68,74,-6,6
23668,60,58,2,2
23669,90,86,4,4
23670,99,98,1,1
23671,80,84,-4,4
23672,79,87,-8,8
23673,84,108,-24,24
23674,77,77,0,0
23675,132,139,-7,7
23676,94,96,-2,2
23677,95,102,-7,7
23678,67,66,1,1
23679,134,126,8,8
23680,148,148,0,0
23681,92,79,13,13
23682,85,82,3,3
23683,69,77,-8,8
23684,107,123,-16,16
23685,113,133,-20,20
23686,49,51,-2,2
23687,31,16,15,15
23688,72,76,-4,4
23689,135,141,-6,6
23690,126,119,7,7
23691,67,69,-2,2
23692,70,94,-24,24
23693,64,60,4,4
23694,70,50,20,20
23695,88,80,8,8
23696,66,77,-11,11
23697,80,102,-22,22
23698,82,95,-13,13
23699,85,87,-2,2
23700,128,120,8,8
23701,116,120,-4,4
23702,74,67,7,7
23703,107,105,2,2
23704,74,85,-11,11
23705,133,121,12,12
23706,91,96,-5,5
23707,100,105,-5,5
23708,90,97,-7,7
23709,41,45,-4,4
23710,117,111,6,6
23711,91,100,-9,9
23712,108,115,-7,7
23713,61,66,-5,5
23714,201,183,18,18
23715,112,117,-5,5
23716,62,53,9,9
23717,70,58,12,12
23718,79,78,1,1
23719,85,94,-9,9
23720,138,133,5,5
23721,132,131,1,1
23722,46,45,1,1
23723,172,162,10,10
23724,120,118,2,2
23725,120,123,-3,3
23726,96,102,-6,6
23727,108,96,12,12
23728,125,142,-17,17
23729,72,86,-14,14
23730,110,105,5,5
23731,51,43,8,8
23732,127,129,-2,2
23733,109,128,-19,19
23734,70,68,2,2
23735,91,105,-14,14
23736,53,70,-17,17
23737,195,200,-5,5
23738,63,94,-31,31
23739,97,111,-14,14
23740,109,105,4,4
23741,116,119,-3,3
23742,52,70,-18,18
23743,66,74,-8,8
23744,70,74,-4,4
23745,143,150,-7,7
23746,61,170,-109,109
23747,105,99,6,6
23748,58,59,-1,1
23749,141,138,3,3
23750,64,67,-3,3
23751,126,130,-4,4
23752,154,145,9,9
23753,103,97,6,6
23754,54,56,-2,2
23755,100,105,-5,5
23756,99,101,-2,2
23757,84,89,-5,5
23758,67,81,-14,14
23759,51,67,-16,16
23760,118,116,2,2
23761,139,119,20,20
23762,83,61,22,22
23763,127,129,-2,2
23764,98,92,6,6
23765,86,76,10,10
23766,53,66,-13,13
23767,111,119,-8,8
23768,82,95,-13,13
23769,101,98,3,3
23770,79,81,-2,2
23771,82,91,-9,9
23772,101,98,3,3
23773,172,155,17,17
23774,49,22,27,27
23775,144,137,7,7
23776,79,86,-7,7
23777,71,73,-2,2
23778,109,96,13,13
23779,97,91,6,6
23780,134,124,10,10
23781,139,161,-22,22
23782,103,100,3,3
23783,104,97,7,7
23784,45,43,2,2
23785,124,133,-9,9
23786,77,95,-18,18
23787,92,118,-26,26
23788,54,53,1,1
23789,96,111,-15,15
23790,77,103,-26,26
23791,99,89,10,10
23792,46,47,-1,1
23793,128,122,6,6
23794,114,130,-16,16
23795,183,176,7,7
23796,74,81,-7,7
23797,152,120,32,32
23798,95,93,2,2
23799,84,62,22,22
23800,103,100,3,3
23801,118,106,12,12
23802,82,107,-25,25
23803,161,155,6,6
23804,93,87,6,6
23805,91,99,-8,8
23806,106,105,1,1
23807,91,85,6,6
23808,52,54,-2,2
23809,89,82,7,7
23810,80,86,-6,6
23811,112,106,6,6
23812,69,68,1,1
23813,68,72,-4,4
23814,219,193,26,26
23815,89,92,-3,3
23816,127,126,1,1
23817,84,109,-25,25
23818,85,90,-5,5
23819,28,61,-33,33
23820,141,133,8,8
23821,92,95,-3,3
23822,130,124,6,6
23823,59,78,-19,19
23824,143,127,16,16
23825,145,134,11,11
23826,73,81,-8,8
23827,177,171,6,6
23828,169,139,30,30
23829,54,30,24,24
23830,128,120,8,8
23831,52,58,-6,6
23832,129,127,2,2
23833,99,107,-8,8
23834,119,94,25,25
23835,75,81,-6,6
23836,119,102,17,17
23837,103,99,4,4
23838,130,139,-9,9
23839,119,109,10,10
23840,100,102,-2,2
23841,159,183,-24,24
23842,75,56,19,19
23843,86,87,-1,1
23844,123,117,6,6
23845,74,80,-6,6
23846,50,52,-2,2
23847,57,48,9,9
23848,50,37,13,13
23849,71,75,-4,4
23850,96,78,18,18
23851,76,75,1,1
23852,130,112,18,18
23853,62,70,-8,8
23854,92,97,-5,5
23855,98,120,-22,22
23856,67,62,5,5
23857,231,194,37,37
23858,68,53,15,15
23859,59,49,10,10
23860,82,79,3,3
23861,67,92,-25,25
23862,88,70,18,18
23863,138,123,15,15
23864,81,67,14,14
23865,117,118,-1,1
23866,67,75,-8,8
23867,57,71,-14,14
23868,53,58,-5,5
23869,87,89,-2,2
23870,123,129,-6,6
23871,128,126,2,2
23872,80,98,-18,18
23873,95,101,-6,6
23874,105,104,1,1
23875,92,93,-1,1
23876,97,94,3,3
23877,96,104,-8,8
23878,114,102,12,12
23879,57,62,-5,5
23880,174,170,4,4
23881,98,93,5,5
23882,96,90,6,6
23883,34,50,-16,16
23884,53,56,-3,3
23885,70,67,3,3
23886,100,112,-12,12
23887,112,115,-3,3
23888,86,95,-9,9
23889,106,106,0,0
23890,75,77,-2,2
23891,97,105,-8,8
23892,93,97,-4,4
23893,105,78,27,27
23894,108,109,-1,1
23895,137,110,27,27
23896,99,105,-6,6
23897,71,78,-7,7
23898,157,159,-2,2
23899,111,125,-14,14
23900,102,94,8,8
23901,144,138,6,6
23902,86,81,5,5
23903,63,71,-8,8
23904,97,88,9,9
23905,30,28,2,2
23906,77,84,-7,7
23907,111,100,11,11
23908,77,72,5,5
23909,41,27,14,14
23910,82,87,-5,5
23911,144,140,4,4
23912,117,138,-21,21
23913,94,92,2,2
23914,58,74,-16,16
23915,101,102,-1,1
23916,105,94,11,11
23917,99,102,-3,3
23918,88,93,-5,5
23919,69,79,-10,10
23920,67,55,12,12
23921,51,56,-5,5
23922,120,115,5,5
23923,60,63,-3,3
23924,90,96,-6,6
23925,81,87,-6,6
23926,163,170,-7,7
23927,142,124,18,18
23928,65,77,-12,12
23929,156,127,29,29
23930,52,59,-7,7
23931,74,56,18,18
23932,115,117,-2,2
23933,126,127,-1,1
23934,48,52,-4,4
23935,129,136,-7,7
23936,160,141,19,19
23937,110,124,-14,14
23938,121,139,-18,18
23939,97,86,11,11
23940,110,142,-32,32
23941,135,132,3,3
23942,153,149,4,4
23943,103,129,-26,26
23944,103,96,7,7
23945,119,116,3,3
23946,76,86,-10,10
23947,195,190,5,5
23948,57,47,10,10
23949,59,75,-16,16
23950,146,144,2,2
23951,91,78,13,13
23952,101,93,8,8
23953,240,197,43,43
23954,88,84,4,4
23955,83,85,-2,2
23956,77,77,0,0
23957,82,64,18,18
23958,82,106,-24,24
23959,119,107,12,12
23960,106,105,1,1
23961,101,112,-11,11
23962,78,80,-2,2
23963,82,70,12,12
23964,82,81,1,1
23965,126,119,7,7
23966,87,95,-8,8
23967,96,109,-13,13
23968,68,58,10,10
23969,100,99,1,1
23970,71,79,-8,8
23971,91,116,-25,25
23972,118,122,-4,4
23973,93,100,-7,7
23974,87,92,-5,5
23975,75,81,-6,6
23976,64,73,-9,9
23977,94,119,-25,25
23978,45,44,1,1
23979,97,83,14,14
23980,115,114,1,1
23981,84,127,-43,43
23982,139,124,15,15
23983,155,153,2,2
23984,65,78,-13,13
23985,72,79,-7,7
23986,65,81,-16,16
23987,45,75,-30,30
23988,92,108,-16,16
23989,148,134,14,14
23990,163,133,30,30
23991,80,74,6,6
23992,131,130,1,1
23993,74,110,-36,36
23994,62,78,-16,16
23995,65,79,-14,14
23996,110,109,1,1
23997,119,96,23,23
23998,110,104,6,6
23999,89,99,-10,10
24000,104,107,-3,3
24001,110,136,-26,26
24002,83,58,25,25
24003,134,132,2,2
24004,110,126,-16,16
24005,74,88,-14,14
24006,152,156,-4,4
24007,103,98,5,5
24008,47,54,-7,7
24009,104,97,7,7
24010,59,79,-20,20
24011,76,67,9,9
24012,82,88,-6,6
24013,100,115,-15,15
24014,127,124,3,3
24015,70,80,-10,10
24016,71,69,2,2
24017,83,88,-5,5
24018,80,74,6,6
24019,102,98,4,4
24020,70,96,-26,26
24021,89,87,2,2
24022,75,83,-8,8
24023,104,95,9,9
24024,84,78,6,6
24025,56,55,1,1
24026,55,70,-15,15
24027,141,157,-16,16
24028,82,83,-1,1
24029,182,147,35,35
24030,154,151,3,3
24031,86,94,-8,8
24032,78,76,2,2
24033,91,97,-6,6
24034,115,117,-2,2
24035,112,127,-15,15
24036,98,115,-17,17
24037,83,78,5,5
24038,58,71,-13,13
24039,72,84,-12,12
24040,46,55,-9,9
24041,54,48,6,6
24042,99,105,-6,6
24043,100,131,-31,31
24044,114,111,3,3
24045,56,52,4,4
24046,49,61,-12,12
24047,63,74,-11,11
24048,63,57,6,6
24049,72,61,11,11
24050,97,92,5,5
24051,59,69,-10,10
24052,123,136,-13,13
24053,109,118,-9,9
24054,108,103,5,5
24055,95,98,-3,3
24056,94,104,-10,10
24057,59,60,-1,1
24058,80,86,-6,6
24059,140,144,-4,4
24060,102,113,-11,11
24061,65,78,-13,13
24062,117,108,9,9
24063,63,44,19,19
24064,77,93,-16,16
24065,137,113,24,24
24066,114,115,-1,1
24067,78,81,-3,3
24068,45,44,1,1
24069,84,97,-13,13
24070,96,93,3,3
24071,62,58,4,4
24072,67,73,-6,6
24073,178,159,19,19
24074,78,93,-15,15
24075,112,110,2,2
24076,99,87,12,12
24077,94,81,13,13
24078,86,72,14,14
24079,116,115,1,1
24080,64,61,3,3
24081,51,46,5,5
24082,176,139,37,37
24083,120,108,12,12
24084,121,119,2,2
24085,84,91,-7,7
24086,108,107,1,1
24087,97,95,2,2
24088,91,87,4,4
24089,117,118,-1,1
24090,102,99,3,3
24091,53,49,4,4
24092,82,78,4,4
24093,63,73,-10,10
24094,50,97,-47,47
24095,121,115,6,6
24096,33,51,-18,18
24097,75,73,2,2
24098,98,104,-6,6
24099,95,102,-7,7
24100,94,110,-16,16
24101,43,36,7,7
24102,88,101,-13,13
24103,72,81,-9,9
24104,118,112,6,6
24105,76,86,-10,10
24106,58,50,8,8
24107,104,85,19,19
24108,115,122,-7,7
24109,63,74,-11,11
24110,105,113,-8,8
24111,59,58,1,1
24112,58,62,-4,4
24113,146,123,23,23
24114,82,80,2,2
24115,114,125,-11,11
24116,95,94,1,1
24117,46,56,-10,10
24118,122,114,8,8
24119,78,89,-11,11
24120,97,104,-7,7
24121,111,118,-7,7
24122,161,146,15,15
24123,157,161,-4,4
24124,90,94,-4,4
24125,69,65,4,4
24126,78,83,-5,5
24127,111,104,7,7
24128,56,55,1,1
24129,83,78,5,5
24130,186,178,8,8
24131,76,91,-15,15
24132,76,79,-3,3
24133,136,135,1,1
24134,87,85,2,2
24135,87,84,3,3
24136,72,121,-49,49
24137,64,98,-34,34
24138,162,158,4,4
24139,59,58,1,1
24140,77,81,-4,4
24141,58,55,3,3
24142,65,45,20,20
24143,103,95,8,8
24144,74,27,47,47
24145,83,86,-3,3
24146,62,62,0,0
24147,115,128,-13,13
24148,88,111,-23,23
24149,79,89,-10,10
24150,102,104,-2,2
24151,76,76,0,0
24152,72,80,-8,8
24153,127,135,-8,8
24154,57,58,-1,1
24155,123,132,-9,9
24156,108,105,3,3
24157,179,161,18,18
24158,56,71,-15,15
24159,129,140,-11,11
24160,76,64,12,12
24161,160,124,36,36
24162,108,105,3,3
24163,65,68,-3,3
24164,80,70,10,10
24165,68,57,11,11
24166,125,151,-26,26
24167,55,59,-4,4
24168,101,109,-8,8
24169,102,107,-5,5
24170,151,125,26,26
24171,98,132,-34,34
24172,72,89,-17,17
24173,124,134,-10,10
24174,113,107,6,6
24175,84,83,1,1
24176,51,45,6,6
24177,73,81,-8,8
24178,58,75,-17,17
24179,103,103,0,0
24180,89,86,3,3
24181,103,108,-5,5
24182,122,121,1,1
24183,62,66,-4,4
24184,152,138,14,14
24185,49,53,-4,4
24186,76,71,5,5
24187,107,104,3,3
24188,63,80,-17,17
24189,132,124,8,8
24190,167,70,97,97
24191,105,98,7,7
24192,160,156,4,4
24193,86,90,-4,4
24194,105,101,4,4
24195,88,89,-1,1
24196,102,90,12,12
24197,102,121,-19,19
24198,101,118,-17,17
24199,48,65,-17,17
24200,131,145,-14,14
24201,45,36,9,9
24202,100,104,-4,4
24203,77,83,-6,6
24204,131,140,-9,9
24205,106,122,-16,16
24206,115,114,1,1
24207,140,131,9,9
24208,111,118,-7,7
24209,100,86,14,14
24210,55,66,-11,11
24211,80,86,-6,6
24212,98,125,-27,27
24213,61,61,0,0
24214,106,101,5,5
24215,91,98,-7,7
24216,96,97,-1,1
24217,88,93,-5,5
24218,79,78,1,1
24219,108,121,-13,13
24220,108,118,-10,10
24221,137,124,13,13
24222,110,106,4,4
24223,67,64,3,3
24224,81,61,20,20
24225,74,80,-6,6
24226,95,107,-12,12
24227,36,7,29,29
24228,96,97,-1,1
24229,80,91,-11,11
24230,86,90,-4,4
24231,145,158,-13,13
24232,163,153,10,10
24233,57,57,0,0
24234,91,103,-12,12
24235,100,110,-10,10
24236,55,55,0,0
24237,118,118,0,0
24238,183,175,8,8
24239,79,87,-8,8
24240,82,69,13,13
24241,107,112,-5,5
24242,47,56,-9,9
24243,103,118,-15,15
24244,78,82,-4,4
24245,114,114,0,0
24246,127,124,3,3
24247,65,64,1,1
24248,149,160,-11,11
24249,72,72,0,0
24250,75,74,1,1
24251,99,104,-5,5
24252,91,89,2,2
24253,50,68,-18,18
24254,116,119,-3,3
24255,150,156,-6,6
24256,136,129,7,7
24257,145,93,52,52
24258,64,75,-11,11
24259,81,91,-10,10
24260,76,84,-8,8
24261,91,97,-6,6
24262,64,52,12,12
24263,52,38,14,14
24264,85,86,-1,1
24265,93,102,-9,9
24266,80,83,-3,3
24267,84,95,-11,11
24268,71,67,4,4
24269,73,74,-1,1
24270,54,63,-9,9
24271,87,83,4,4
24272,88,117,-29,29
24273,50,51,-1,1
24274,122,110,12,12
24275,98,100,-2,2
24276,82,78,4,4
24277,173,161,12,12
24278,78,81,-3,3
24279,106,98,8,8
24280,103,110,-7,7
24281,78,86,-8,8
24282,57,61,-4,4
24283,125,133,-8,8
24284,103,96,7,7
24285,100,99,1,1
24286,78,80,-2,2
24287,122,112,10,10
24288,122,140,-18,18
24289,135,122,13,13
24290,110,89,21,21
24291,174,141,33,33
24292,54,52,2,2
24293,43,34,9,9
24294,82,83,-1,1
24295,91,79,12,12
24296,104,103,1,1
24297,148,133,15,15
24298,30,18,12,12
24299,115,111,4,4
24300,122,128,-6,6
24301,126,126,0,0
24302,68,48,20,20
24303,119,108,11,11
24304,124,111,13,13
24305,81,48,33,33
24306,74,68,6,6
24307,75,71,4,4
24308,57,62,-5,5
24309,92,124,-32,32
24310,79,71,8,8
24311,118,119,-1,1
24312,62,61,1,1
24313,86,68,18,18
24314,57,53,4,4
24315,93,109,-16,16
24316,111,104,7,7
24317,77,77,0,0
24318,66,77,-11,11
24319,142,114,28,28
24320,117,102,15,15
24321,48,37,11,11
24322,195,170,25,25
24323,100,104,-4,4
24324,103,74,29,29
24325,59,77,-18,18
24326,76,82,-6,6
24327,108,120,-12,12
24328,127,129,-2,2
24329,91,93,-2,2
24330,67,79,-12,12
24331,157,142,15,15
24332,120,134,-14,14
24333,79,76,3,3
24334,95,106,-11,11
24335,103,115,-12,12
24336,126,112,14,14
24337,73,112,-39,39
24338,53,68,-15,15
24339,126,133,-7,7
24340,78,69,9,9
24341,128,125,3,3
24342,51,65,-14,14
24343,76,76,0,0
24344,130,134,-4,4
24345,87,98,-11,11
24346,76,84,-8,8
24347,71,69,2,2
24348,115,113,2,2
24349,119,124,-5,5
24350,75,91,-16,16
24351,75,104,-29,29
24352,93,109,-16,16
24353,128,140,-12,12
24354,127,121,6,6
24355,94,88,6,6
24356,133,124,9,9
24357,53,30,23,23
24358,146,134,12,12
24359,117,132,-15,15
24360,74,81,-7,7
24361,126,114,12,12
24362,41,47,-6,6
24363,143,144,-1,1
24364,90,86,4,4
24365,73,67,6,6
24366,156,143,13,13
24367,72,75,-3,3
24368,59,70,-11,11
24369,27,90,-63,63
24370,93,100,-7,7
24371,87,102,-15,15
24372,44,71,-27,27
24373,182,183,-1,1
24374,90,89,1,1
24375,170,132,38,38
24376,128,134,-6,6
24377,102,104,-2,2
24378,99,78,21,21
24379,106,115,-9,9
24380,86,85,1,1
24381,127,124,3,3
24382,99,87,12,12
24383,101,129,-28,28
24384,155,128,27,27
24385,184,169,15,15
24386,98,92,6,6
24387,95,79,16,16
24388,108,136,-28,28
24389,103,107,-4,4
24390,147,150,-3,3
24391,100,91,9,9
24392,76,100,-24,24
24393,308,271,37,37
24394,71,104,-33,33
24395,80,89,-9,9
24396,88,81,7,7
24397,92,106,-14,14
24398,105,113,-8,8
24399,63,87,-24,24
24400,89,101,-12,12
24401,77,106,-29,29
24402,94,105,-11,11
24403,72,93,-21,21
24404,65,53,12,12
24405,132,154,-22,22
24406,90,96,-6,6
24407,83,89,-6,6
24408,35,77,-42,42
24409,163,159,4,4
24410,73,70,3,3
24411,117,118,-1,1
24412,87,81,6,6
24413,70,78,-8,8
24414,189,163,26,26
24415,81,91,-10,10
24416,59,79,-20,20
24417,110,128,-18,18
24418,103,110,-7,7
24419,89,100,-11,11
24420,90,87,3,3
24421,475,333,142,142
24422,66,66,0,0
24423,97,95,2,2
24424,89,87,2,2
24425,106,100,6,6
24426,81,84,-3,3
24427,143,114,29,29
24428,113,118,-5,5
24429,83,97,-14,14
24430,276,226,50,50
24431,88,82,6,6
24432,91,101,-10,10
24433,179,177,2,2
24434,175,134,41,41
24435,86,99,-13,13
24436,60,61,-1,1
24437,86,97,-11,11
24438,104,105,-1,1
24439,144,144,0,0
24440,93,95,-2,2
24441,98,104,-6,6
24442,59,67,-8,8
24443,112,153,-41,41
24444,98,105,-7,7
24445,60,64,-4,4
24446,72,77,-5,5
24447,42,46,-4,4
24448,57,64,-7,7
24449,138,126,12,12
24450,99,98,1,1
24451,134,132,2,2
24452,96,83,13,13
24453,101,82,19,19
24454,88,77,11,11
24455,79,81,-2,2
24456,61,56,5,5
24457,77,72,5,5
24458,119,102,17,17
24459,124,105,19,19
24460,77,81,-4,4
24461,81,82,-1,1
24462,70,65,5,5
24463,120,131,-11,11
24464,90,102,-12,12
24465,88,92,-4,4
24466,49,64,-15,15
24467,70,76,-6,6
24468,90,83,7,7
24469,70,80,-10,10
24470,119,117,2,2
24471,99,105,-6,6
24472,79,90,-11,11
24473,112,112,0,0
24474,63,61,2,2
24475,40,49,-9,9
24476,145,138,7,7
24477,82,83,-1,1
24478,87,88,-1,1
24479,75,75,0,0
24480,71,68,3,3
24481,84,78,6,6
24482,85,86,-1,1
24483,101,89,12,12
24484,111,106,5,5
24485,90,91,-1,1
24486,63,46,17,17
24487,174,178,-4,4
24488,106,69,37,37
24489,64,78,-14,14
24490,33,23,10,10
24491,100,112,-12,12
24492,185,157,28,28
24493,68,64,4,4
24494,29,13,16,16
24495,45,54,-9,9
24496,58,66,-8,8
24497,120,108,12,12
24498,124,118,6,6
24499,70,71,-1,1
24500,104,116,-12,12
24501,101,100,1,1
24502,92,109,-17,17
24503,81,80,1,1
24504,59,67,-8,8
24505,84,68,16,16
24506,67,69,-2,2
24507,105,103,2,2
24508,81,81,0,0
24509,56,62,-6,6
24510,115,121,-6,6
24511,117,120,-3,3
24512,95,97,-2,2
24513,134,121,13,13
24514,89,99,-10,10
24515,136,139,-3,3
24516,100,101,-1,1
24517,95,112,-17,17
24518,73,71,2,2
24519,58,67,-9,9
24520,157,147,10,10
24521,77,92,-15,15
24522,54,49,5,5
24523,90,106,-16,16
24524,85,100,-15,15
24525,71,61,10,10
24526,73,78,-5,5
24527,87,96,-9,9
24528,57,75,-18,18
24529,64,61,3,3
24530,72,79,-7,7
24531,184,161,23,23
24532,152,135,17,17
24533,88,87,1,1
24534,90,87,3,3
24535,96,92,4,4
24536,117,106,11,11
24537,65,68,-3,3
24538,101,97,4,4
24539,130,130,0,0
24540,189,171,18,18
24541,80,77,3,3
24542,72,88,-16,16
24543,99,104,-5,5
24544,131,128,3,3
24545,120,131,-11,11
24546,64,70,-6,6
24547,59,34,25,25
24548,69,87,-18,18
24549,44,61,-17,17
24550,85,98,-13,13
24551,51,76,-25,25
24552,70,80,-10,10
24553,61,69,-8,8
24554,110,124,-14,14
24555,69,76,-7,7
24556,56,47,9,9
24557,125,125,0,0
24558,91,72,19,19
24559,53,77,-24,24
24560,91,91,0,0
24561,42,46,-4,4
24562,85,78,7,7
24563,33,22,11,11
24564,94,90,4,4
24565,143,139,4,4
24566,72,71,1,1
24567,85,91,-6,6
24568,132,134,-2,2
24569,103,95,8,8
24570,131,107,24,24
24571,72,73,-1,1
24572,109,115,-6,6
24573,104,114,-10,10
24574,128,101,27,27
24575,147,110,37,37
24576,90,104,-14,14
24577,44,52,-8,8
24578,84,90,-6,6
24579,129,151,-22,22
24580,76,92,-16,16
24581,82,86,-4,4
24582,155,135,20,20
24583,141,128,13,13
24584,110,110,0,0
24585,117,124,-7,7
24586,112,116,-4,4
24587,109,119,-10,10
24588,63,54,9,9
24589,68,78,-10,10
24590,140,136,4,4
24591,42,48,-6,6
24592,97,104,-7,7
24593,73,85,-12,12
24594,49,30,19,19
24595,163,142,21,21
24596,116,109,7,7
24597,98,104,-6,6
24598,97,102,-5,5
24599,76,70,6,6
24600,84,86,-2,2
24601,52,32,20,20
24602,134,135,-1,1
24603,62,63,-1,1
24604,123,128,-5,5
24605,55,55,0,0
24606,80,87,-7,7
24607,77,72,5,5
24608,121,130,-9,9
24609,45,54,-9,9
24610,66,49,17,17
24611,59,100,-41,41
24612,45,45,0,0
24613,63,73,-10,10
24614,65,78,-13,13
24615,95,90,5,5
24616,84,83,1,1
24617,110,131,-21,21
24618,83,88,-5,5
24619,133,142,-9,9
24620,111,116,-5,5
24621,69,58,11,11
24622,43,45,-2,2
24623,97,103,-6,6
24624,78,97,-19,19
24625,75,83,-8,8
24626,130,125,5,5
24627,73,75,-2,2
24628,156,150,6,6
24629,110,94,16,16
24630,132,134,-2,2
24631,108,116,-8,8
24632,97,102,-5,5
24633,139,135,4,4
24634,88,83,5,5
24635,136,129,7,7
24636,115,106,9,9
24637,141,134,7,7
24638,125,129,-4,4
24639,114,113,1,1
24640,127,127,0,0
24641,87,107,-20,20
24642,126,122,4,4
24643,83,91,-8,8
24644,68,58,10,10
24645,100,120,-20,20
24646,67,68,-1,1
24647,79,97,-18,18
24648,123,102,21,21
24649,49,39,10,10
24650,73,83,-10,10
24651,105,98,7,7
24652,86,78,8,8
24653,78,96,-18,18
24654,97,76,21,21
24655,95,86,9,9
24656,46,64,-18,18
24657,105,110,-5,5
24658,157,146,11,11
24659,97,117,-20,20
24660,130,105,25,25
24661,114,130,-16,16
24662,56,58,-2,2
24663,37,43,-6,6
24664,133,135,-2,2
24665,80,99,-19,19
24666,56,51,5,5
24667,64,61,3,3
24668,78,92,-14,14
24669,96,93,3,3
24670,90,90,0,0
24671,126,122,4,4
24672,85,88,-3,3
24673,60,56,4,4
24674,92,91,1,1
24675,105,106,-1,1
24676,92,88,4,4
24677,85,88,-3,3
24678,187,150,37,37
24679,108,112,-4,4
24680,64,78,-14,14
24681,99,100,-1,1
24682,92,92,0,0
24683,111,110,1,1
24684,83,80,3,3
24685,92,95,-3,3
24686,68,64,4,4
24687,158,143,15,15
24688,54,55,-1,1
24689,86,76,10,10
24690,94,103,-9,9
24691,102,99,3,3
24692,55,56,-1,1
24693,52,77,-25,25
24694,69,88,-19,19
24695,97,109,-12,12
24696,59,69,-10,10
24697,86,81,5,5
24698,104,85,19,19
24699,119,124,-5,5
24700,124,114,10,10
24701,99,103,-4,4
24702,94,103,-9,9
24703,129,142,-13,13
24704,134,120,14,14
24705,58,99,-41,41
24706,131,121,10,10
24707,100,92,8,8
24708,97,88,9,9
24709,75,64,11,11
24710,133,127,6,6
24711,87,101,-14,14
24712,76,81,-5,5
24713,55,63,-8,8
24714,167,145,22,22
24715,108,117,-9,9
24716,64,67,-3,3
24717,56,64,-8,8
24718,49,31,18,18
24719,55,60,-5,5
24720,80,94,-14,14
24721,55,67,-12,12
24722,169,153,16,16
24723,156,147,9,9
24724,102,104,-2,2
24725,94,79,15,15
24726,92,96,-4,4
24727,116,133,-17,17
24728,120,129,-9,9
24729,107,107,0,0
24730,113,98,15,15
24731,75,77,-2,2
24732,67,38,29,29
24733,98,88,10,10
24734,193,157,36,36
24735,165,162,3,3
24736,92,75,17,17
24737,53,54,-1,1
24738,82,115,-33,33
24739,113,120,-7,7
24740,89,106,-17,17
24741,93,93,0,0
24742,94,99,-5,5
24743,87,86,1,1
24744,145,127,18,18
24745,142,135,7,7
24746,115,111,4,4
24747,82,79,3,3
24748,87,102,-15,15
24749,74,61,13,13
24750,61,96,-35,35
24751,125,101,24,24
24752,74,84,-10,10
24753,129,131,-2,2
24754,88,73,15,15
24755,93,98,-5,5
24756,83,87,-4,4
24757,123,116,7,7
24758,103,80,23,23
24759,136,125,11,11
24760,88,79,9,9
24761,94,86,8,8
24762,71,81,-10,10
24763,80,89,-9,9
24764,73,89,-16,16
24765,90,82,8,8
24766,81,61,20,20
24767,85,92,-7,7
24768,48,57,-9,9
24769,122,132,-10,10
24770,120,126,-6,6
24771,100,109,-9,9
24772,123,115,8,8
24773,154,137,17,17
24774,49,56,-7,7
24775,110,104,6,6
24776,90,99,-9,9
24777,103,107,-4,4
24778,69,90,-21,21
24779,113,110,3,3
24780,102,110,-8,8
24781,80,103,-23,23
24782,45,53,-8,8
24783,154,153,1,1
24784,116,118,-2,2
24785,125,114,11,11
24786,182,164,18,18
24787,68,66,2,2
24788,82,76,6,6
24789,78,78,0,0
24790,60,73,-13,13
24791,119,114,5,5
24792,76,89,-13,13
24793,102,95,7,7
24794,94,89,5,5
24795,76,83,-7,7
24796,52,36,16,16
24797,82,87,-5,5
24798,117,113,4,4
24799,110,95,15,15
24800,165,147,18,18
24801,79,56,23,23
24802,132,132,0,0
24803,118,94,24,24
24804,95,99,-4,4
24805,74,81,-7,7
24806,52,106,-54,54
24807,104,95,9,9
24808,103,125,-22,22
24809,119,111,8,8
24810,99,105,-6,6
24811,141,134,7,7
24812,62,56,6,6
24813,95,95,0,0
24814,115,118,-3,3
24815,97,106,-9,9
24816,46,118,-72,72
24817,122,131,-9,9
24818,121,125,-4,4
24819,102,110,-8,8
24820,148,147,1,1
24821,71,75,-4,4
24822,114,81,33,33
24823,126,100,26,26
24824,84,82,2,2
24825,83,94,-11,11
24826,101,84,17,17
24827,98,115,-17,17
24828,121,124,-3,3
24829,84,92,-8,8
24830,56,71,-15,15
24831,90,82,8,8
24832,85,90,-5,5
24833,87,84,3,3
24834,113,122,-9,9
24835,140,138,2,2
24836,116,116,0,0
24837,120,123,-3,3
24838,82,58,24,24
24839,150,143,7,7
24840,89,92,-3,3
24841,72,69,3,3
24842,106,114,-8,8
24843,66,80,-14,14
24844,67,90,-23,23
24845,78,79,-1,1
24846,118,117,1,1
24847,83,96,-13,13
24848,133,107,26,26
24849,127,127,0,0
24850,178,143,35,35
24851,70,55,15,15
24852,50,59,-9,9
24853,121,116,5,5
24854,127,129,-2,2
24855,62,59,3,3
24856,74,71,3,3
24857,79,74,5,5
24858,95,92,3,3
24859,103,105,-2,2
24860,113,109,4,4
24861,58,74,-16,16
24862,162,134,28,28
24863,43,50,-7,7
24864,73,69,4,4
24865,60,80,-20,20
24866,134,123,11,11
24867,66,60,6,6
24868,42,66,-24,24
24869,89,97,-8,8
24870,82,81,1,1
24871,133,128,5,5
24872,28,34,-6,6
24873,120,104,16,16
24874,60,60,0,0
24875,59,63,-4,4
24876,54,51,3,3
24877,81,103,-22,22
24878,102,103,-1,1
24879,47,30,17,17
24880,90,87,3,3
24881,123,107,16,16
24882,83,75,8,8
24883,92,111,-19,19
24884,105,109,-4,4
24885,108,76,32,32
24886,114,124,-10,10
24887,57,54,3,3
24888,67,74,-7,7
24889,85,94,-9,9
24890,68,78,-10,10
24891,55,47,8,8
24892,93,84,9,9
24893,61,48,13,13
24894,61,63,-2,2
24895,87,83,4,4
24896,85,89,-4,4
24897,88,101,-13,13
24898,57,59,-2,2
24899,65,71,-6,6
24900,58,55,3,3
24901,118,113,5,5
24902,94,101,-7,7
24903,164,149,15,15
24904,74,87,-13,13
24905,106,131,-25,25
24906,97,121,-24,24
24907,117,120,-3,3
24908,123,99,24,24
24909,72,71,1,1
24910,73,61,12,12
24911,105,157,-52,52
24912,53,59,-6,6
24913,63,87,-24,24
24914,85,93,-8,8
24915,136,130,6,6
24916,113,115,-2,2
24917,92,108,-16,16
24918,97,104,-7,7
24919,95,102,-7,7
24920,106,104,2,2
24921,167,156,11,11
24922,121,132,-11,11
24923,42,49,-7,7
24924,80,95,-15,15
24925,48,65,-17,17
24926,116,125,-9,9
24927,117,121,-4,4
24928,67,68,-1,1
24929,69,75,-6,6
24930,114,116,-2,2
24931,134,115,19,19
24932,91,98,-7,7
24933,88,84,4,4
24934,130,136,-6,6
24935,187,185,2,2
24936,99,102,-3,3
24937,95,105,-10,10
24938,151,146,5,5
24939,97,103,-6,6
24940,66,58,8,8
24941,39,39,0,0
24942,114,118,-4,4
24943,124,111,13,13
24944,109,114,-5,5
24945,92,110,-18,18
24946,50,53,-3,3
24947,139,132,7,7
24948,116,120,-4,4
24949,79,71,8,8
24950,69,89,-20,20
24951,95,101,-6,6
24952,112,120,-8,8
24953,57,69,-12,12
24954,57,60,-3,3
24955,112,125,-13,13
24956,77,88,-11,11
24957,79,80,-1,1
24958,115,115,0,0
24959,52,58,-6,6
24960,121,106,15,15
24961,93,105,-12,12
24962,51,63,-12,12
24963,71,48,23,23
24964,126,121,5,5
24965,149,145,4,4
24966,91,116,-25,25
24967,142,150,-8,8
24968,55,72,-17,17
24969,110,116,-6,6
24970,197,165,32,32
24971,85,88,-3,3
24972,115,113,2,2
24973,111,121,-10,10
24974,136,126,10,10
24975,57,51,6,6
24976,100,101,-1,1
24977,121,127,-6,6
24978,105,104,1,1
24979,145,155,-10,10
24980,93,94,-1,1
24981,104,109,-5,5
24982,104,97,7,7
24983,89,90,-1,1
24984,82,64,18,18
24985,137,131,6,6
24986,112,103,9,9
24987,99,94,5,5
24988,94,101,-7,7
24989,140,125,15,15
24990,75,99,-24,24
24991,114,119,-5,5
24992,71,67,4,4
24993,155,146,9,9
24994,71,74,-3,3
24995,61,67,-6,6
24996,84,99,-15,15
24997,75,58,17,17
24998,128,126,2,2
24999,247,214,33,33
25000,101,108,-7,7
25001,113,94,19,19
25002,116,110,6,6
25003,112,111,1,1
25004,83,84,-1,1
25005,52,71,-19,19
25006,73,68,5,5
25007,43,64,-21,21
25008,96,107,-11,11
25009,49,61,-12,12
25010,57,65,-8,8
25011,104,122,-18,18
25012,86,99,-13,13
25013,66,85,-19,19
25014,69,67,2,2
25015,92,116,-24,24
25016,120,119,1,1
25017,124,120,4,4
25018,109,99,10,10
25019,90,105,-15,15
25020,88,88,0,0
25021,60,57,3,3
25022,100,107,-7,7
25023,171,222,-51,51
25024,55,63,-8,8
25025,143,140,3,3
25026,104,110,-6,6
25027,120,119,1,1
25028,132,118,14,14
25029,142,131,11,11
25030,68,72,-4,4
25031,74,68,6,6
25032,107,103,4,4
25033,82,79,3,3
25034,48,48,0,0
25035,83,72,11,11
25036,66,71,-5,5
25037,90,95,-5,5
25038,114,129,-15,15
25039,123,107,16,16
25040,140,120,20,20
25041,71,92,-21,21
25042,112,100,12,12
25043,175,181,-6,6
25044,148,124,24,24
25045,87,84,3,3
25046,156,158,-2,2
25047,44,39,5,5
25048,105,104,1,1
25049,120,131,-11,11
25050,65,84,-19,19
25051,120,126,-6,6
25052,69,75,-6,6
25053,91,99,-8,8
25054,135,79,56,56
25055,133,138,-5,5
25056,81,91,-10,10
25057,74,76,-2,2
25058,144,151,-7,7
25059,146,138,8,8
25060,95,85,10,10
25061,223,171,52,52
25062,126,113,13,13
25063,49,49,0,0
25064,102,111,-9,9
25065,116,113,3,3
25066,60,62,-2,2
25067,154,154,0,0
25068,134,109,25,25
25069,100,107,-7,7
25070,76,68,8,8
25071,74,78,-4,4
25072,77,71,6,6
25073,88,66,22,22
25074,76,81,-5,5
25075,81,81,0,0
25076,165,153,12,12
25077,108,96,12,12
25078,53,74,-21,21
25079,59,63,-4,4
25080,85,94,-9,9
25081,98,105,-7,7
25082,58,51,7,7
25083,105,114,-9,9
25084,148,114,34,34
25085,159,133,26,26
25086,163,170,-7,7
25087,102,108,-6,6
25088,71,77,-6,6
25089,156,117,39,39
25090,97,95,2,2
25091,97,95,2,2
25092,72,80,-8,8
25093,83,114,-31,31
25094,81,44,37,37
25095,103,111,-8,8
25096,95,93,2,2
25097,82,104,-22,22
25098,121,105,16,16
25099,78,88,-10,10
25100,98,93,5,5
25101,145,140,5,5
25102,122,120,2,2
25103,123,91,32,32
25104,76,68,8,8
25105,195,174,21,21
25106,48,39,9,9
25107,59,60,-1,1
25108,73,84,-11,11
25109,73,78,-5,5
25110,63,51,12,12
25111,178,162,16,16
25112,69,68,1,1
25113,96,100,-4,4
25114,67,67,0,0
25115,46,42,4,4
25116,88,94,-6,6
25117,47,61,-14,14
25118,45,52,-7,7
25119,47,42,5,5
25120,123,114,9,9
25121,124,126,-2,2
25122,167,154,13,13
25123,136,118,18,18
25124,72,90,-18,18
25125,109,109,0,0
25126,74,81,-7,7
25127,80,86,-6,6
25128,126,127,-1,1
25129,119,111,8,8
25130,60,69,-9,9
25131,98,107,-9,9
25132,128,103,25,25
25133,96,88,8,8
25134,109,108,1,1
25135,135,130,5,5
25136,86,80,6,6
25137,125,133,-8,8
25138,71,80,-9,9
25139,137,132,5,5
25140,86,90,-4,4
25141,150,175,-25,25
25142,83,94,-11,11
25143,57,70,-13,13
25144,87,98,-11,11
25145,58,100,-42,42
25146,74,90,-16,16
25147,168,146,22,22
25148,145,141,4,4
25149,65,71,-6,6
25150,76,77,-1,1
25151,114,109,5,5
25152,151,137,14,14
25153,146,151,-5,5
25154,65,74,-9,9
25155,77,106,-29,29
25156,165,143,22,22
25157,89,109,-20,20
25158,107,97,10,10
25159,96,117,-21,21
25160,115,116,-1,1
25161,74,73,1,1
25162,160,155,5,5
25163,82,89,-7,7
25164,80,80,0,0
25165,94,96,-2,2
25166,97,105,-8,8
25167,48,77,-29,29
25168,79,81,-2,2
25169,16,13,3,3
25170,100,114,-14,14
25171,51,92,-41,41
25172,86,89,-3,3
25173,108,103,5,5
25174,46,36,10,10
25175,55,77,-22,22
25176,112,132,-20,20
25177,84,82,2,2
25178,100,106,-6,6
25179,150,141,9,9
25180,138,139,-1,1
25181,92,97,-5,5
25182,66,76,-10,10
25183,103,108,-5,5
25184,96,93,3,3
25185,148,151,-3,3
25186,81,91,-10,10
25187,45,82,-37,37
25188,126,132,-6,6
25189,168,168,0,0
25190,76,73,3,3
25191,134,150,-16,16
25192,83,81,2,2
25193,118,117,1,1
25194,117,119,-2,2
25195,100,114,-14,14
25196,96,105,-9,9
25197,122,115,7,7
25198,76,90,-14,14
25199,96,108,-12,12
25200,103,102,1,1
25201,70,77,-7,7
25202,209,164,45,45
25203,75,90,-15,15
25204,54,50,4,4
25205,111,120,-9,9
25206,70,74,-4,4
25207,100,112,-12,12
25208,108,95,13,13
25209,56,64,-8,8
25210,172,174,-2,2
25211,67,71,-4,4
25212,118,97,21,21
25213,47,51,-4,4
25214,69,65,4,4
25215,85,90,-5,5
25216,63,67,-4,4
25217,267,177,90,90
25218,101,101,0,0
25219,126,118,8,8
25220,99,115,-16,16
25221,124,140,-16,16
25222,145,129,16,16
25223,83,103,-20,20
25224,96,90,6,6
25225,149,146,3,3
25226,65,77,-12,12
25227,83,79,4,4
25228,51,54,-3,3
25229,73,83,-10,10
25230,164,152,12,12
25231,76,82,-6,6
25232,86,101,-15,15
25233,128,132,-4,4
25234,126,117,9,9
25235,75,67,8,8
25236,85,87,-2,2
25237,59,55,4,4
25238,80,68,12,12
25239,115,111,4,4
25240,96,96,0,0
25241,57,55,2,2
25242,78,77,1,1
25243,92,88,4,4
25244,114,119,-5,5
25245,97,79,18,18
25246,67,108,-41,41
25247,68,97,-29,29
25248,88,91,-3,3
25249,58,71,-13,13
25250,86,113,-27,27
25251,81,95,-14,14
25252,80,88,-8,8
25253,107,122,-15,15
25254,65,85,-20,20
25255,77,82,-5,5
25256,30,52,-22,22
25257,81,95,-14,14
25258,91,100,-9,9
25259,62,71,-9,9
25260,78,84,-6,6
25261,103,101,2,2
25262,113,103,10,10
25263,121,113,8,8
25264,75,70,5,5
25265,113,117,-4,4
25266,52,60,-8,8
25267,93,102,-9,9
25268,51,54,-3,3
25269,128,117,11,11
25270,86,68,18,18
25271,107,106,1,1
25272,105,107,-2,2
25273,195,195,0,0
25274,64,75,-11,11
25275,56,80,-24,24
25276,38,114,-76,76
25277,111,121,-10,10
25278,72,74,-2,2
25279,103,97,6,6
25280,93,92,1,1
25281,90,104,-14,14
25282,64,83,-19,19
25283,142,122,20,20
25284,96,68,28,28
25285,85,89,-4,4
25286,99,104,-5,5
25287,52,68,-16,16
25288,117,144,-27,27
25289,76,83,-7,7
25290,80,81,-1,1
25291,99,84,15,15
25292,103,97,6,6
25293,60,72,-12,12
25294,96,108,-12,12
25295,112,115,-3,3
25296,77,78,-1,1
25297,126,133,-7,7
25298,125,129,-4,4
25299,132,128,4,4
25300,79,70,9,9
25301,106,91,15,15
25302,35,36,-1,1
25303,85,78,7,7
25304,63,45,18,18
25305,65,80,-15,15
25306,23,33,-10,10
25307,73,76,-3,3
25308,103,112,-9,9
25309,79,89,-10,10
25310,81,81,0,0
25311,54,49,5,5
25312,77,88,-11,11
25313,90,103,-13,13
25314,92,96,-4,4
25315,54,58,-4,4
25316,101,108,-7,7
25317,102,96,6,6
25318,77,76,1,1
25319,113,114,-1,1
25320,166,152,14,14
25321,74,79,-5,5
25322,116,121,-5,5
25323,127,130,-3,3
25324,89,94,-5,5
25325,101,112,-11,11
25326,103,99,4,4
25327,127,126,1,1
25328,83,95,-12,12
25329,123,129,-6,6
25330,118,124,-6,6
25331,160,160,0,0
25332,79,68,11,11
25333,76,82,-6,6
25334,51,46,5,5
25335,110,115,-5,5
25336,112,127,-15,15
25337,73,70,3,3
25338,90,83,7,7
25339,87,100,-13,13
25340,97,96,1,1
25341,51,60,-9,9
25342,175,157,18,18
25343,51,37,14,14
25344,96,103,-7,7
25345,96,80,16,16
25346,87,98,-11,11
25347,98,74,24,24
25348,195,147,48,48
25349,74,78,-4,4
25350,111,103,8,8
25351,62,65,-3,3
25352,62,83,-21,21
25353,50,34,16,16
25354,77,74,3,3
25355,68,69,-1,1
25356,72,78,-6,6
25357,82,65,17,17
25358,69,73,-4,4
25359,133,131,2,2
25360,57,73,-16,16
25361,87,105,-18,18
25362,86,89,-3,3
25363,53,75,-22,22
25364,111,139,-28,28
25365,85,98,-13,13
25366,68,59,9,9
25367,82,95,-13,13
25368,125,125,0,0
25369,127,106,21,21
25370,46,79,-33,33
25371,125,133,-8,8
25372,133,123,10,10
25373,84,92,-8,8
25374,70,79,-9,9
25375,130,115,15,15
25376,86,74,12,12
25377,161,142,19,19
25378,100,131,-31,31
25379,107,105,2,2
25380,89,103,-14,14
25381,62,42,20,20
25382,75,73,2,2
25383,82,83,-1,1
25384,104,110,-6,6
25385,83,88,-5,5
25386,109,97,12,12
25387,57,63,-6,6
25388,125,119,6,6
25389,87,72,15,15
25390,201,172,29,29
25391,75,65,10,10
25392,80,91,-11,11
25393,143,155,-12,12
25394,120,123,-3,3
25395,146,150,-4,4
25396,70,68,2,2
25397,93,91,2,2
25398,110,121,-11,11
25399,43,35,8,8
25400,97,87,10,10
25401,70,63,7,7
25402,85,74,11,11
25403,91,106,-15,15
25404,85,101,-16,16
25405,120,117,3,3
25406,70,77,-7,7
25407,61,72,-11,11
25408,67,73,-6,6
25409,156,146,10,10
25410,45,38,7,7
25411,121,137,-16,16
25412,93,114,-21,21
25413,111,138,-27,27
25414,72,78,-6,6
25415,44,34,10,10
25416,140,151,-11,11
25417,52,50,2,2
25418,70,74,-4,4
25419,117,112,5,5
25420,60,91,-31,31
25421,73,86,-13,13
25422,107,107,0,0
25423,90,81,9,9
25424,59,72,-13,13
25425,102,125,-23,23
25426,73,74,-1,1
25427,86,100,-14,14
25428,58,65,-7,7
25429,66,61,5,5
25430,62,91,-29,29
25431,130,133,-3,3
25432,121,119,2,2
25433,114,118,-4,4
25434,128,137,-9,9
25435,106,116,-10,10
25436,94,94,0,0
25437,139,137,2,2
25438,57,63,-6,6
25439,62,83,-21,21
25440,59,70,-11,11
25441,134,99,35,35
25442,88,79,9,9
25443,67,72,-5,5
25444,91,90,1,1
25445,79,83,-4,4
25446,99,94,5,5
25447,135,140,-5,5
25448,118,120,-2,2
25449,97,85,12,12
25450,96,89,7,7
25451,81,78,3,3
25452,93,100,-7,7
25453,108,109,-1,1
25454,69,65,4,4
25455,106,117,-11,11
25456,80,84,-4,4
25457,108,118,-10,10
25458,95,102,-7,7
25459,41,34,7,7
25460,97,95,2,2
25461,161,137,24,24
25462,96,66,30,30
25463,86,111,-25,25
25464,123,113,10,10
25465,84,83,1,1
25466,81,79,2,2
25467,99,111,-12,12
25468,108,102,6,6
25469,57,80,-23,23
25470,82,99,-17,17
25471,117,146,-29,29
25472,78,94,-16,16
25473,206,199,7,7
25474,70,77,-7,7
25475,66,65,1,1
25476,132,119,13,13
25477,73,77,-4,4
25478,53,63,-10,10
25479,47,41,6,6
25480,73,86,-13,13
25481,72,83,-11,11
25482,96,87,9,9
25483,182,181,1,1
25484,80,84,-4,4
25485,98,103,-5,5
25486,103,107,-4,4
25487,182,140,42,42
25488,136,149,-13,13
25489,101,103,-2,2
25490,81,65,16,16
25491,161,153,8,8
25492,83,88,-5,5
25493,57,66,-9,9
25494,119,112,7,7
25495,103,105,-2,2
25496,143,131,12,12
25497,61,90,-29,29
25498,117,102,15,15
25499,113,114,-1,1
25500,94,95,-1,1
25501,70,70,0,0
25502,116,125,-9,9
25503,102,84,18,18
25504,154,147,7,7
25505,91,86,5,5
25506,105,123,-18,18
25507,114,124,-10,10
25508,160,133,27,27
25509,94,89,5,5
25510,151,142,9,9
25511,170,164,6,6
25512,76,75,1,1
25513,74,77,-3,3
25514,101,117,-16,16
25515,62,67,-5,5
25516,84,77,7,7
25517,109,126,-17,17
25518,106,106,0,0
25519,119,101,18,18
25520,89,96,-7,7
25521,53,59,-6,6
25522,37,26,11,11
25523,97,83,14,14
25524,91,93,-2,2
25525,94,85,9,9
25526,111,107,4,4
25527,203,196,7,7
25528,71,67,4,4
25529,63,79,-16,16
25530,55,53,2,2
25531,87,85,2,2
25532,125,144,-19,19
25533,101,102,-1,1
25534,98,99,-1,1
25535,116,124,-8,8
25536,79,88,-9,9
25537,206,185,21,21
25538,102,86,16,16
25539,153,144,9,9
25540,86,96,-10,10
25541,60,59,1,1
25542,95,106,-11,11
25543,156,149,7,7
25544,90,86,4,4
25545,131,122,9,9
25546,107,104,3,3
25547,56,68,-12,12
25548,96,97,-1,1
25549,67,88,-21,21
25550,66,72,-6,6
25551,116,122,-6,6
25552,97,109,-12,12
25553,132,126,6,6
25554,87,93,-6,6
25555,94,101,-7,7
25556,50,39,11,11
25557,104,93,11,11
25558,179,170,9,9
25559,121,112,9,9
25560,54,61,-7,7
25561,86,79,7,7
25562,29,43,-14,14
25563,109,107,2,2
25564,81,76,5,5
25565,75,102,-27,27
25566,179,156,23,23
25567,59,46,13,13
25568,122,120,2,2
25569,209,189,20,20
25570,53,65,-12,12
25571,79,71,8,8
25572,97,99,-2,2
25573,99,102,-3,3
25574,50,51,-1,1
25575,81,89,-8,8
25576,77,53,24,24
25577,179,166,13,13
25578,100,98,2,2
25579,57,72,-15,15
25580,88,97,-9,9
25581,47,46,1,1
25582,92,94,-2,2
25583,94,106,-12,12
25584,49,119,-70,70
25585,155,132,23,23
25586,93,91,2,2
25587,160,146,14,14
25588,34,40,-6,6
25589,109,105,4,4
25590,112,95,17,17
25591,65,57,8,8
25592,76,61,15,15
25593,82,82,0,0
25594,97,79,18,18
25595,72,78,-6,6
25596,95,117,-22,22
25597,59,78,-19,19
25598,52,59,-7,7
25599,81,91,-10,10
25600,87,90,-3,3
25601,129,124,5,5
25602,57,105,-48,48
25603,54,49,5,5
25604,122,104,18,18
25605,90,112,-22,22
25606,136,124,12,12
25607,55,85,-30,30
25608,69,81,-12,12
25609,118,106,12,12
25610,103,107,-4,4
25611,70,79,-9,9
25612,43,38,5,5
25613,66,42,24,24
25614,140,141,-1,1
25615,89,71,18,18
25616,147,121,26,26
25617,112,115,-3,3
25618,78,66,12,12
25619,40,37,3,3
25620,55,63,-8,8
25621,77,68,9,9
25622,80,85,-5,5
25623,71,77,-6,6
25624,82,88,-6,6
25625,82,97,-15,15
25626,93,118,-25,25
25627,68,70,-2,2
25628,96,94,2,2
25629,116,121,-5,5
25630,53,81,-28,28
25631,87,87,0,0
25632,116,122,-6,6
25633,102,108,-6,6
25634,89,98,-9,9
25635,121,109,12,12
25636,92,80,12,12
25637,29,68,-39,39
25638,98,94,4,4
25639,70,51,19,19
25640,127,123,4,4
25641,208,185,23,23
25642,85,87,-2,2
25643,84,85,-1,1
25644,92,96,-4,4
25645,118,138,-20,20
25646,66,84,-18,18
25647,79,80,-1,1
25648,167,149,18,18
25649,174,172,2,2
25650,92,89,3,3
25651,90,97,-7,7
25652,103,100,3,3
25653,85,90,-5,5
25654,43,49,-6,6
25655,144,153,-9,9
25656,66,56,10,10
25657,33,79,-46,46
25658,50,61,-11,11
25659,68,70,-2,2
25660,152,173,-21,21
25661,102,100,2,2
25662,45,49,-4,4
25663,67,46,21,21
25664,59,60,-1,1
25665,92,100,-8,8
25666,138,122,16,16
25667,152,149,3,3
25668,79,79,0,0
25669,122,130,-8,8
25670,122,120,2,2
25671,59,69,-10,10
25672,164,147,17,17
25673,93,111,-18,18
25674,86,99,-13,13
25675,133,127,6,6
25676,95,107,-12,12
25677,86,99,-13,13
25678,76,81,-5,5
25679,152,146,6,6
25680,99,105,-6,6
25681,62,68,-6,6
25682,92,101,-9,9
25683,105,95,10,10
25684,95,92,3,3
25685,103,78,25,25
25686,64,65,-1,1
25687,113,124,-11,11
25688,139,147,-8,8
25689,116,118,-2,2
25690,109,112,-3,3
25691,110,108,2,2
25692,102,105,-3,3
25693,108,118,-10,10
25694,83,95,-12,12
25695,151,149,2,2
25696,84,100,-16,16
25697,109,107,2,2
25698,136,135,1,1
25699,109,108,1,1
25700,136,120,16,16
25701,109,106,3,3
25702,68,94,-26,26
25703,76,72,4,4
25704,81,88,-7,7
25705,102,99,3,3
25706,139,137,2,2
25707,86,83,3,3
25708,105,102,3,3
25709,58,74,-16,16
25710,35,42,-7,7
25711,49,60,-11,11
25712,82,88,-6,6
25713,70,92,-22,22
25714,79,89,-10,10
25715,66,51,15,15
25716,122,115,7,7
25717,77,105,-28,28
25718,120,124,-4,4
25719,155,138,17,17
25720,123,122,1,1
25721,74,78,-4,4
25722,88,79,9,9
25723,143,142,1,1
25724,88,76,12,12
25725,57,68,-11,11
25726,130,112,18,18
25727,81,86,-5,5
25728,83,94,-11,11
25729,173,151,22,22
25730,66,81,-15,15
25731,91,93,-2,2
25732,70,60,10,10
25733,73,74,-1,1
25734,72,76,-4,4
25735,73,66,7,7
25736,109,122,-13,13
25737,106,81,25,25
25738,72,65,7,7
25739,80,88,-8,8
25740,188,164,24,24
25741,112,87,25,25
25742,116,121,-5,5
25743,115,109,6,6
25744,97,90,7,7
25745,171,168,3,3
25746,96,109,-13,13
25747,97,96,1,1
25748,60,53,7,7
25749,119,115,4,4
25750,144,141,3,3
25751,64,57,7,7
25752,55,52,3,3
25753,92,87,5,5
25754,92,86,6,6
25755,133,139,-6,6
25756,62,67,-5,5
25757,143,137,6,6
25758,92,94,-2,2
25759,95,118,-23,23
25760,43,36,7,7
25761,110,103,7,7
25762,94,81,13,13
25763,68,69,-1,1
25764,81,60,21,21
25765,150,135,15,15
25766,129,127,2,2
25767,133,123,10,10
25768,105,106,-1,1
25769,66,90,-24,24
25770,91,97,-6,6
25771,90,88,2,2
25772,117,101,16,16
25773,140,143,-3,3
25774,165,148,17,17
25775,95,100,-5,5
25776,85,94,-9,9
25777,158,113,45,45
25778,138,137,1,1
25779,96,104,-8,8
25780,122,128,-6,6
25781,65,64,1,1
25782,63,68,-5,5
25783,111,106,5,5
25784,80,97,-17,17
25785,79,90,-11,11
25786,100,95,5,5
25787,81,84,-3,3
25788,92,83,9,9
25789,75,95,-20,20
25790,82,93,-11,11
25791,79,84,-5,5
25792,57,87,-30,30
25793,148,115,33,33
25794,79,100,-21,21
25795,122,110,12,12
25796,82,89,-7,7
25797,61,73,-12,12
25798,38,31,7,7
25799,94,101,-7,7
25800,101,95,6,6
25801,89,96,-7,7
25802,68,70,-2,2
25803,47,48,-1,1
25804,90,90,0,0
25805,60,53,7,7
25806,114,106,8,8
25807,80,88,-8,8
25808,127,119,8,8
25809,102,108,-6,6
25810,69,72,-3,3
25811,53,68,-15,15
25812,59,64,-5,5
25813,95,105,-10,10
25814,64,53,11,11
25815,144,152,-8,8
25816,71,74,-3,3
25817,100,102,-2,2
25818,116,124,-8,8
25819,104,103,1,1
25820,177,155,22,22
25821,108,113,-5,5
25822,132,125,7,7
25823,118,108,10,10
25824,135,153,-18,18
25825,115,109,6,6
25826,73,85,-12,12
25827,133,129,4,4
25828,95,96,-1,1
25829,80,79,1,1
25830,48,75,-27,27
25831,158,154,4,4
25832,73,73,0,0
25833,94,95,-1,1
25834,74,102,-28,28
25835,154,139,15,15
25836,127,127,0,0
25837,73,76,-3,3
25838,89,90,-1,1
25839,61,75,-14,14
25840,87,85,2,2
25841,65,77,-12,12
25842,81,94,-13,13
25843,99,99,0,0
25844,83,96,-13,13
25845,90,108,-18,18
25846,82,90,-8,8
25847,115,105,10,10
25848,137,145,-8,8
25849,78,79,-1,1
25850,94,86,8,8
25851,101,106,-5,5
25852,96,96,0,0
25853,77,84,-7,7
25854,112,100,12,12
25855,138,136,2,2
25856,98,107,-9,9
25857,91,118,-27,27
25858,143,142,1,1
25859,153,154,-1,1
25860,40,16,24,24
25861,69,87,-18,18
25862,67,70,-3,3
25863,43,43,0,0
25864,104,126,-22,22
25865,117,110,7,7
25866,84,74,10,10
25867,84,92,-8,8
25868,74,70,4,4
25869,75,76,-1,1
25870,147,147,0,0
25871,94,104,-10,10
25872,92,84,8,8
25873,71,82,-11,11
25874,84,88,-4,4
25875,78,118,-40,40
25876,83,89,-6,6
25877,84,101,-17,17
25878,42,46,-4,4
25879,149,142,7,7
25880,95,100,-5,5
25881,132,125,7,7
25882,83,58,25,25
25883,131,129,2,2
25884,62,84,-22,22
25885,87,95,-8,8
25886,91,88,3,3
25887,155,144,11,11
25888,73,82,-9,9
25889,98,105,-7,7
25890,72,65,7,7
25891,75,97,-22,22
25892,147,146,1,1
25893,54,60,-6,6
25894,128,129,-1,1
25895,98,97,1,1
25896,111,131,-20,20
25897,81,89,-8,8
25898,87,88,-1,1
25899,28,63,-35,35
25900,123,122,1,1
25901,82,80,2,2
25902,82,49,33,33
25903,113,120,-7,7
25904,121,130,-9,9
25905,124,107,17,17
25906,85,63,22,22
25907,82,83,-1,1
25908,107,109,-2,2
25909,113,118,-5,5
25910,74,75,-1,1
25911,97,96,1,1
25912,56,67,-11,11
25913,89,98,-9,9
25914,132,131,1,1
25915,134,131,3,3
25916,93,107,-14,14
25917,128,145,-17,17
25918,121,136,-15,15
25919,132,125,7,7
25920,114,118,-4,4
25921,93,95,-2,2
25922,132,99,33,33
25923,139,120,19,19
25924,59,66,-7,7
25925,185,181,4,4
25926,47,58,-11,11
25927,68,74,-6,6
25928,122,130,-8,8
25929,130,104,26,26
25930,98,101,-3,3
25931,42,32,10,10
25932,125,125,0,0
25933,56,65,-9,9
25934,129,130,-1,1
25935,60,96,-36,36
25936,51,45,6,6
25937,78,81,-3,3
25938,62,75,-13,13
25939,80,99,-19,19
25940,39,39,0,0
25941,120,136,-16,16
25942,100,90,10,10
25943,112,122,-10,10
25944,85,80,5,5
25945,118,109,9,9
25946,124,137,-13,13
25947,56,64,-8,8
25948,97,108,-11,11
25949,83,102,-19,19
25950,91,110,-19,19
25951,68,71,-3,3
25952,108,122,-14,14
25953,87,90,-3,3
25954,57,47,10,10
25955,70,62,8,8
25956,87,84,3,3
25957,111,106,5,5
25958,79,107,-28,28
25959,117,106,11,11
25960,95,94,1,1
25961,139,135,4,4
25962,52,63,-11,11
25963,47,115,-68,68
25964,104,119,-15,15
25965,89,93,-4,4
25966,86,100,-14,14
25967,90,94,-4,4
25968,113,109,4,4
25969,89,99,-10,10
25970,94,95,-1,1
25971,134,125,9,9
25972,63,63,0,0
25973,102,98,4,4
25974,146,144,2,2
25975,140,136,4,4
25976,73,84,-11,11
25977,127,134,-7,7
25978,47,61,-14,14
25979,90,103,-13,13
25980,77,77,0,0
25981,136,131,5,5
25982,121,128,-7,7
25983,82,75,7,7
25984,114,120,-6,6
25985,114,107,7,7
25986,80,84,-4,4
25987,82,70,12,12
25988,79,82,-3,3
25989,107,119,-12,12
25990,113,96,17,17
25991,114,114,0,0
25992,52,72,-20,20
25993,67,75,-8,8
25994,74,82,-8,8
25995,113,128,-15,15
25996,77,73,4,4
25997,125,143,-18,18
25998,60,51,9,9
25999,78,81,-3,3
26000,94,103,-9,9
26001,102,96,6,6
26002,115,101,14,14
26003,114,114,0,0
26004,115,124,-9,9
26005,109,101,8,8
26006,107,113,-6,6
26007,80,81,-1,1
26008,111,111,0,0
26009,36,69,-33,33
26010,78,85,-7,7
26011,87,90,-3,3
26012,74,76,-2,2
26013,70,81,-11,11
26014,64,69,-5,5
26015,51,61,-10,10
26016,97,103,-6,6
26017,106,114,-8,8
26018,150,138,12,12
26019,105,130,-25,25
26020,80,86,-6,6
26021,81,78,3,3
26022,78,103,-25,25
26023,103,109,-6,6
26024,68,69,-1,1
26025,69,66,3,3
26026,100,120,-20,20
26027,100,87,13,13
26028,171,139,32,32
26029,102,83,19,19
26030,98,73,25,25
26031,81,90,-9,9
26032,86,70,16,16
26033,47,61,-14,14
26034,83,104,-21,21
26035,139,138,1,1
26036,71,80,-9,9
26037,142,144,-2,2
26038,65,72,-7,7
26039,68,65,3,3
26040,63,69,-6,6
26041,105,102,3,3
26042,53,44,9,9
26043,126,98,28,28
26044,137,145,-8,8
26045,64,65,-1,1
26046,126,137,-11,11
26047,117,104,13,13
26048,65,103,-38,38
26049,133,131,2,2
26050,64,64,0,0
26051,96,84,12,12
26052,92,98,-6,6
26053,99,104,-5,5
26054,148,159,-11,11
26055,54,59,-5,5
26056,99,76,23,23
26057,89,92,-3,3
26058,63,63,0,0
26059,90,93,-3,3
26060,71,84,-13,13
26061,82,71,11,11
26062,89,73,16,16
26063,58,59,-1,1
26064,88,104,-16,16
26065,91,100,-9,9
26066,29,33,-4,4
26067,63,73,-10,10
26068,73,75,-2,2
26069,68,57,11,11
26070,76,63,13,13
26071,73,60,13,13
26072,152,138,14,14
26073,113,99,14,14
26074,57,60,-3,3
26075,81,82,-1,1
26076,102,112,-10,10
26077,87,113,-26,26
26078,106,110,-4,4
26079,83,83,0,0
26080,164,154,10,10
26081,122,111,11,11
26082,68,82,-14,14
26083,79,83,-4,4
26084,57,63,-6,6
26085,116,123,-7,7
26086,57,56,1,1
26087,105,98,7,7
26088,95,67,28,28
26089,164,162,2,2
26090,159,145,14,14
26091,92,82,10,10
26092,100,116,-16,16
26093,64,72,-8,8
26094,121,159,-38,38
26095,157,143,14,14
26096,116,115,1,1
26097,46,60,-14,14
26098,106,89,17,17
26099,67,74,-7,7
26100,83,85,-2,2
26101,66,65,1,1
26102,105,93,12,12
26103,166,162,4,4
26104,109,84,25,25
26105,75,67,8,8
26106,86,88,-2,2
26107,91,83,8,8
26108,76,71,5,5
26109,149,161,-12,12
26110,102,95,7,7
26111,76,74,2,2
26112,64,53,11,11
26113,108,106,2,2
26114,99,97,2,2
26115,104,104,0,0
26116,136,146,-10,10
26117,72,86,-14,14
26118,92,73,19,19
26119,70,61,9,9
26120,69,59,10,10
26121,154,137,17,17
26122,129,130,-1,1
26123,102,110,-8,8
26124,107,100,7,7
26125,107,102,5,5
26126,75,58,17,17
26127,108,122,-14,14
26128,96,87,9,9
26129,80,84,-4,4
26130,73,92,-19,19
26131,129,129,0,0
26132,57,60,-3,3
26133,92,97,-5,5
26134,70,90,-20,20
26135,61,77,-16,16
26136,52,101,-49,49
26137,145,141,4,4
26138,74,83,-9,9
26139,75,63,12,12
26140,134,139,-5,5
26141,105,113,-8,8
26142,108,105,3,3
26143,98,105,-7,7
26144,96,95,1,1
26145,135,138,-3,3
26146,103,97,6,6
26147,84,79,5,5
26148,132,118,14,14
26149,114,102,12,12
26150,87,96,-9,9
26151,55,61,-6,6
26152,65,56,9,9
26153,48,66,-18,18
26154,64,64,0,0
26155,113,106,7,7
26156,137,129,8,8
26157,124,123,1,1
26158,47,53,-6,6
26159,103,105,-2,2
26160,136,123,13,13
26161,80,89,-9,9
26162,65,42,23,23
26163,117,122,-5,5
26164,113,120,-7,7
26165,71,102,-31,31
26166,132,140,-8,8
26167,102,98,4,4
26168,191,185,6,6
26169,127,119,8,8
26170,102,116,-14,14
26171,104,99,5,5
26172,113,113,0,0
26173,74,100,-26,26
26174,143,146,-3,3
26175,73,69,4,4
26176,143,131,12,12
26177,120,107,13,13
26178,95,102,-7,7
26179,84,89,-5,5
26180,146,152,-6,6
26181,70,81,-11,11
26182,125,116,9,9
26183,79,82,-3,3
26184,77,94,-17,17
26185,69,72,-3,3
26186,100,100,0,0
26187,190,171,19,19
26188,90,100,-10,10
26189,67,80,-13,13
26190,179,175,4,4
26191,68,69,-1,1
26192,79,106,-27,27
26193,149,126,23,23
26194,87,106,-19,19
26195,58,81,-23,23
26196,176,171,5,5
26197,67,63,4,4
26198,76,84,-8,8
26199,127,130,-3,3
26200,73,70,3,3
26201,68,88,-20,20
26202,70,60,10,10
26203,101,119,-18,18
26204,122,139,-17,17
26205,95,94,1,1
26206,90,109,-19,19
26207,85,98,-13,13
26208,138,127,11,11
26209,115,126,-11,11
26210,122,121,1,1
26211,59,61,-2,2
26212,51,38,13,13
26213,106,85,21,21
26214,110,112,-2,2
26215,111,114,-3,3
26216,62,95,-33,33
26217,93,107,-14,14
26218,46,32,14,14
26219,107,110,-3,3
26220,144,126,18,18
26221,92,76,16,16
26222,92,95,-3,3
26223,95,105,-10,10
26224,154,146,8,8
26225,54,64,-10,10
26226,102,97,5,5
26227,61,66,-5,5
26228,109,107,2,2
26229,155,133,22,22
26230,83,67,16,16
26231,79,74,5,5
26232,102,101,1,1
26233,133,136,-3,3
26234,134,152,-18,18
26235,81,98,-17,17
26236,151,153,-2,2
26237,46,41,5,5
26238,97,99,-2,2
26239,62,73,-11,11
26240,114,100,14,14
26241,83,96,-13,13
26242,114,114,0,0
26243,87,98,-11,11
26244,110,99,11,11
26245,232,188,44,44
26246,35,29,6,6
26247,96,96,0,0
26248,87,99,-12,12
26249,52,65,-13,13
26250,89,90,-1,1
26251,84,72,12,12
26252,84,82,2,2
26253,151,158,-7,7
26254,51,43,8,8
26255,112,109,3,3
26256,189,173,16,16
26257,68,69,-1,1
26258,77,74,3,3
26259,62,64,-2,2
26260,112,122,-10,10
26261,95,96,-1,1
26262,81,75,6,6
26263,108,99,9,9
26264,96,95,1,1
26265,58,48,10,10
26266,84,74,10,10
26267,116,101,15,15
26268,97,102,-5,5
26269,92,111,-19,19
26270,101,115,-14,14
26271,56,54,2,2
26272,74,83,-9,9
26273,115,116,-1,1
26274,74,86,-12,12
26275,58,47,11,11
26276,129,139,-10,10
26277,91,88,3,3
26278,59,67,-8,8
26279,52,56,-4,4
26280,73,79,-6,6
26281,69,63,6,6
26282,119,102,17,17
26283,126,123,3,3
26284,114,91,23,23
26285,100,106,-6,6
26286,86,83,3,3
26287,116,133,-17,17
26288,72,71,1,1
26289,61,56,5,5
26290,83,75,8,8
26291,94,97,-3,3
26292,90,83,7,7
26293,93,97,-4,4
26294,31,44,-13,13
26295,163,158,5,5
26296,99,83,16,16
26297,46,51,-5,5
26298,55,53,2,2
26299,75,85,-10,10
26300,72,79,-7,7
26301,107,96,11,11
26302,89,102,-13,13
26303,66,41,25,25
26304,67,73,-6,6
26305,145,142,3,3
26306,151,144,7,7
26307,153,136,17,17
26308,56,52,4,4
26309,97,99,-2,2
26310,162,140,22,22
26311,90,91,-1,1
26312,106,100,6,6
26313,27,9,18,18
26314,93,77,16,16
26315,105,114,-9,9
26316,123,136,-13,13
26317,61,72,-11,11
26318,64,48,16,16
26319,109,111,-2,2
26320,153,156,-3,3
26321,81,81,0,0
26322,167,158,9,9
26323,100,97,3,3
26324,40,53,-13,13
26325,84,96,-12,12
26326,126,129,-3,3
26327,69,77,-8,8
26328,54,37,17,17
26329,41,43,-2,2
26330,86,91,-5,5
26331,71,62,9,9
26332,97,100,-3,3
26333,131,152,-21,21
26334,42,34,8,8
26335,102,97,5,5
26336,83,80,3,3
26337,187,177,10,10
26338,180,175,5,5
26339,73,71,2,2
26340,108,129,-21,21
26341,57,54,3,3
26342,121,108,13,13
26343,88,101,-13,13
26344,105,106,-1,1
26345,80,73,7,7
26346,86,94,-8,8
26347,124,114,10,10
26348,117,111,6,6
26349,112,112,0,0
26350,66,68,-2,2
26351,94,94,0,0
26352,107,111,-4,4
26353,45,39,6,6
26354,121,123,-2,2
26355,82,83,-1,1
26356,69,78,-9,9
26357,160,149,11,11
26358,119,114,5,5
26359,58,69,-11,11
26360,100,119,-19,19
26361,72,77,-5,5
26362,67,71,-4,4
26363,66,85,-19,19
26364,119,122,-3,3
26365,138,139,-1,1
26366,65,65,0,0
26367,105,127,-22,22
26368,36,46,-10,10
26369,69,75,-6,6
26370,78,84,-6,6
26371,131,122,9,9
26372,109,127,-18,18
26373,75,73,2,2
26374,63,67,-4,4
26375,53,63,-10,10
26376,105,113,-8,8
26377,64,66,-2,2
26378,70,81,-11,11
26379,26,12,14,14
26380,181,174,7,7
26381,66,79,-13,13
26382,130,139,-9,9
26383,122,122,0,0
26384,94,93,1,1
26385,124,127,-3,3
26386,70,83,-13,13
26387,114,104,10,10
26388,93,91,2,2
26389,106,117,-11,11
26390,96,97,-1,1
26391,90,95,-5,5
26392,118,123,-5,5
26393,63,83,-20,20
26394,79,90,-11,11
26395,43,48,-5,5
26396,112,111,1,1
26397,45,12,33,33
26398,114,113,1,1
26399,107,104,3,3
26400,83,75,8,8
26401,40,48,-8,8
26402,98,102,-4,4
26403,115,112,3,3
26404,92,104,-12,12
26405,131,145,-14,14
26406,106,85,21,21
26407,99,94,5,5
26408,67,74,-7,7
26409,171,161,10,10
26410,128,85,43,43
26411,88,85,3,3
26412,56,54,2,2
26413,113,107,6,6
26414,62,80,-18,18
26415,81,82,-1,1
26416,83,83,0,0
26417,113,104,9,9
26418,100,111,-11,11
26419,91,91,0,0
26420,79,96,-17,17
26421,156,133,23,23
26422,113,140,-27,27
26423,67,82,-15,15
26424,129,129,0,0
26425,89,87,2,2
26426,66,58,8,8
26427,102,107,-5,5
26428,131,134,-3,3
26429,111,111,0,0
26430,47,31,16,16
26431,37,37,0,0
26432,92,89,3,3
26433,91,97,-6,6
26434,101,97,4,4
26435,43,50,-7,7
26436,78,77,1,1
26437,102,106,-4,4
26438,92,98,-6,6
26439,96,112,-16,16
26440,109,119,-10,10
26441,98,110,-12,12
26442,131,118,13,13
26443,104,117,-13,13
26444,96,109,-13,13
26445,98,95,3,3
26446,66,67,-1,1
26447,75,70,5,5
26448,70,61,9,9
26449,49,50,-1,1
26450,110,106,4,4
26451,128,122,6,6
26452,50,49,1,1
26453,85,99,-14,14
26454,59,65,-6,6
26455,41,16,25,25
26456,71,86,-15,15
26457,117,117,0,0
26458,91,82,9,9
26459,64,71,-7,7
26460,118,131,-13,13
26461,43,35,8,8
26462,134,98,36,36
26463,101,100,1,1
26464,109,74,35,35
26465,114,74,40,40
26466,118,130,-12,12
26467,70,80,-10,10
26468,102,91,11,11
26469,157,146,11,11
26470,308,234,74,74
26471,104,126,-22,22
26472,106,119,-13,13
26473,74,74,0,0
26474,148,141,7,7
26475,106,104,2,2
26476,74,77,-3,3
26477,118,98,20,20
26478,114,114,0,0
26479,60,58,2,2
26480,135,119,16,16
26481,60,55,5,5
26482,62,76,-14,14
26483,120,128,-8,8
26484,150,164,-14,14
26485,112,103,9,9
26486,87,96,-9,9
26487,100,98,2,2
26488,52,64,-12,12
26489,82,85,-3,3
26490,136,135,1,1
26491,65,80,-15,15
26492,104,98,6,6
26493,134,130,4,4
26494,104,97,7,7
26495,119,126,-7,7
26496,119,122,-3,3
26497,60,67,-7,7
26498,155,148,7,7
26499,129,137,-8,8
26500,46,46,0,0
26501,58,78,-20,20
26502,73,64,9,9
26503,114,101,13,13
26504,85,115,-30,30
26505,77,74,3,3
26506,89,95,-6,6
26507,186,171,15,15
26508,74,69,5,5
26509,80,72,8,8
26510,108,115,-7,7
26511,112,95,17,17
26512,38,37,1,1
26513,61,59,2,2
26514,109,102,7,7
26515,46,41,5,5
26516,139,129,10,10
26517,85,93,-8,8
26518,97,96,1,1
26519,60,68,-8,8
26520,36,44,-8,8
26521,89,93,-4,4
26522,147,144,3,3
26523,94,101,-7,7
26524,88,85,3,3
26525,120,108,12,12
26526,75,83,-8,8
26527,95,102,-7,7
26528,90,63,27,27
26529,46,52,-6,6
26530,49,55,-6,6
26531,145,129,16,16
26532,93,83,10,10
26533,48,56,-8,8
26534,93,98,-5,5
26535,76,81,-5,5
26536,51,73,-22,22
26537,102,98,4,4
26538,86,92,-6,6
26539,88,77,11,11
26540,97,106,-9,9
26541,139,135,4,4
26542,163,162,1,1
26543,91,124,-33,33
26544,139,132,7,7
26545,56,65,-9,9
26546,56,67,-11,11
26547,84,86,-2,2
26548,85,85,0,0
26549,55,66,-11,11
26550,82,84,-2,2
26551,90,83,7,7
26552,102,82,20,20
26553,46,52,-6,6
26554,151,152,-1,1
26555,90,93,-3,3
26556,78,96,-18,18
26557,70,62,8,8
26558,126,112,14,14
26559,114,118,-4,4
26560,135,126,9,9
26561,209,191,18,18
26562,163,154,9,9
26563,62,70,-8,8
26564,79,105,-26,26
26565,90,91,-1,1
26566,126,136,-10,10
26567,161,134,27,27
26568,119,112,7,7
26569,65,81,-16,16
26570,75,97,-22,22
26571,94,79,15,15
26572,57,54,3,3
26573,60,67,-7,7
26574,62,73,-11,11
26575,61,73,-12,12
26576,174,160,14,14
26577,65,70,-5,5
26578,122,120,2,2
26579,103,127,-24,24
26580,66,71,-5,5
26581,110,104,6,6
26582,59,66,-7,7
26583,120,112,8,8
26584,101,105,-4,4
26585,94,96,-2,2
26586,125,119,6,6
26587,76,79,-3,3
26588,66,77,-11,11
26589,85,84,1,1
26590,101,109,-8,8
26591,79,87,-8,8
26592,179,150,29,29
26593,73,79,-6,6
26594,97,110,-13,13
26595,40,61,-21,21
26596,75,85,-10,10
26597,157,138,19,19
26598,77,78,-1,1
26599,108,119,-11,11
26600,129,124,5,5
26601,100,106,-6,6
26602,76,96,-20,20
26603,40,37,3,3
26604,72,75,-3,3
26605,81,78,3,3
26606,122,118,4,4
26607,77,71,6,6
26608,162,166,-4,4
26609,52,41,11,11
26610,86,79,7,7
26611,61,61,0,0
26612,139,149,-10,10
26613,122,121,1,1
26614,129,138,-9,9
26615,64,86,-22,22
26616,53,56,-3,3
26617,163,172,-9,9
26618,76,69,7,7
26619,47,44,3,3
26620,57,52,5,5
26621,142,123,19,19
26622,89,70,19,19
26623,100,100,0,0
26624,126,128,-2,2
26625,149,134,15,15
26626,102,106,-4,4
26627,51,60,-9,9
26628,131,114,17,17
26629,113,116,-3,3
26630,128,116,12,12
26631,84,73,11,11
26632,88,91,-3,3
26633,96,84,12,12
26634,131,117,14,14
26635,142,98,44,44
26636,139,132,7,7
26637,62,70,-8,8
26638,162,147,15,15
26639,100,101,-1,1
26640,94,94,0,0
26641,118,109,9,9
26642,140,122,18,18
26643,105,109,-4,4
26644,54,52,2,2
26645,80,76,4,4
26646,54,49,5,5
26647,82,89,-7,7
26648,78,85,-7,7
26649,81,87,-6,6
26650,55,56,-1,1
26651,142,154,-12,12
26652,152,143,9,9
26653,121,101,20,20
26654,109,115,-6,6
26655,80,91,-11,11
26656,73,74,-1,1
26657,154,99,55,55
26658,122,136,-14,14
26659,85,88,-3,3
26660,65,75,-10,10
26661,127,119,8,8
26662,44,34,10,10
26663,90,94,-4,4
26664,115,107,8,8
26665,124,120,4,4
26666,148,143,5,5
26667,49,35,14,14
26668,77,71,6,6
26669,173,168,5,5
26670,68,101,-33,33
26671,149,129,20,20
26672,73,71,2,2
26673,54,64,-10,10
26674,90,86,4,4
26675,73,77,-4,4
26676,74,78,-4,4
26677,49,43,6,6
26678,79,72,7,7
26679,117,119,-2,2
26680,57,54,3,3
26681,123,98,25,25
26682,94,98,-4,4
26683,124,114,10,10
26684,74,82,-8,8
26685,63,70,-7,7
26686,116,108,8,8
26687,93,98,-5,5
26688,115,124,-9,9
26689,64,56,8,8
26690,117,124,-7,7
26691,74,86,-12,12
26692,49,46,3,3
26693,72,75,-3,3
26694,86,96,-10,10
26695,52,62,-10,10
26696,87,81,6,6
26697,152,147,5,5
26698,61,75,-14,14
26699,67,68,-1,1
26700,64,57,7,7
26701,100,108,-8,8
26702,135,112,23,23
26703,120,127,-7,7
26704,124,119,5,5
26705,105,109,-4,4
26706,144,101,43,43
26707,100,108,-8,8
26708,80,72,8,8
26709,73,90,-17,17
26710,82,94,-12,12
26711,76,80,-4,4
26712,115,122,-7,7
26713,106,105,1,1
26714,125,129,-4,4
26715,86,88,-2,2
26716,94,103,-9,9
26717,80,83,-3,3
26718,145,129,16,16
26719,122,121,1,1
26720,122,122,0,0
26721,115,95,20,20
26722,66,72,-6,6
26723,85,76,9,9
26724,95,91,4,4
26725,110,87,23,23
26726,49,90,-41,41
26727,80,103,-23,23
26728,101,106,-5,5
26729,77,86,-9,9
26730,89,101,-12,12
26731,130,124,6,6
26732,106,111,-5,5
26733,56,62,-6,6
26734,68,67,1,1
26735,152,140,12,12
26736,113,133,-20,20
26737,98,62,36,36
26738,125,120,5,5
26739,71,78,-7,7
26740,123,123,0,0
26741,97,104,-7,7
26742,77,79,-2,2
26743,56,71,-15,15
26744,127,132,-5,5
26745,49,51,-2,2
26746,115,116,-1,1
26747,61,56,5,5
26748,97,94,3,3
26749,101,99,2,2
26750,77,96,-19,19
26751,117,128,-11,11
26752,90,97,-7,7
26753,120,117,3,3
26754,80,74,6,6
26755,71,63,8,8
26756,54,60,-6,6
26757,80,82,-2,2
26758,110,112,-2,2
26759,71,96,-25,25
26760,82,86,-4,4
26761,68,85,-17,17
26762,78,88,-10,10
26763,69,62,7,7
26764,87,80,7,7
26765,94,99,-5,5
26766,137,131,6,6
26767,57,69,-12,12
26768,56,58,-2,2
26769,57,68,-11,11
26770,62,64,-2,2
26771,63,96,-33,33
26772,165,158,7,7
26773,115,112,3,3
26774,133,134,-1,1
26775,94,84,10,10
26776,107,110,-3,3
26777,106,109,-3,3
26778,112,120,-8,8
26779,93,85,8,8
26780,55,59,-4,4
26781,85,88,-3,3
26782,41,50,-9,9
26783,120,108,12,12
26784,99,98,1,1
26785,83,77,6,6
26786,84,86,-2,2
26787,110,113,-3,3
26788,124,119,5,5
26789,122,117,5,5
26790,38,21,17,17
26791,120,133,-13,13
26792,97,98,-1,1
26793,61,63,-2,2
26794,113,124,-11,11
26795,74,76,-2,2
26796,79,87,-8,8
26797,125,121,4,4
26798,81,87,-6,6
26799,125,125,0,0
26800,123,128,-5,5
26801,90,111,-21,21
26802,48,58,-10,10
26803,55,60,-5,5
26804,62,98,-36,36
26805,64,84,-20,20
26806,91,99,-8,8
26807,145,146,-1,1
26808,86,91,-5,5
26809,66,74,-8,8
26810,116,108,8,8
26811,76,68,8,8
26812,88,93,-5,5
26813,103,104,-1,1
26814,97,109,-12,12
26815,138,142,-4,4
26816,75,93,-18,18
26817,92,77,15,15
26818,149,151,-2,2
26819,60,60,0,0
26820,108,113,-5,5
26821,30,26,4,4
26822,89,88,1,1
26823,49,64,-15,15
26824,97,113,-16,16
26825,128,118,10,10
26826,96,93,3,3
26827,96,103,-7,7
26828,63,57,6,6
26829,76,77,-1,1
26830,106,89,17,17
26831,79,87,-8,8
26832,127,134,-7,7
26833,45,49,-4,4
26834,105,138,-33,33
26835,90,101,-11,11
26836,43,47,-4,4
26837,235,164,71,71
26838,50,58,-8,8
26839,111,101,10,10
26840,69,54,15,15
26841,52,116,-64,64
26842,105,107,-2,2
26843,49,55,-6,6
26844,66,83,-17,17
26845,64,61,3,3
26846,75,82,-7,7
26847,70,86,-16,16
26848,96,101,-5,5
26849,86,96,-10,10
26850,109,130,-21,21
26851,357,208,149,149
26852,74,75,-1,1
26853,96,104,-8,8
26854,101,109,-8,8
26855,86,90,-4,4
26856,97,97,0,0
26857,47,39,8,8
26858,76,81,-5,5
26859,139,130,9,9
26860,127,132,-5,5
26861,119,116,3,3
26862,133,128,5,5
26863,190,177,13,13
26864,119,110,9,9
26865,96,94,2,2
26866,31,31,0,0
26867,94,110,-16,16
26868,112,119,-7,7
26869,104,102,2,2
26870,162,147,15,15
26871,128,126,2,2
26872,142,148,-6,6
26873,107,79,28,28
26874,120,100,20,20
26875,57,65,-8,8
26876,157,134,23,23
26877,94,99,-5,5
26878,109,129,-20,20
26879,58,76,-18,18
26880,108,98,10,10
26881,88,71,17,17
26882,123,144,-21,21
26883,85,90,-5,5
26884,136,142,-6,6
26885,72,85,-13,13
26886,77,77,0,0
26887,59,67,-8,8
26888,154,151,3,3
26889,63,88,-25,25
26890,40,34,6,6
26891,142,145,-3,3
26892,160,155,5,5
26893,68,58,10,10
26894,91,86,5,5
26895,77,80,-3,3
26896,135,123,12,12
26897,134,196,-62,62
26898,172,150,22,22
26899,131,161,-30,30
26900,86,93,-7,7
26901,67,74,-7,7
26902,55,56,-1,1
26903,148,144,4,4
26904,66,67,-1,1
26905,120,107,13,13
26906,83,74,9,9
26907,101,87,14,14
26908,83,103,-20,20
26909,106,140,-34,34
26910,99,102,-3,3
26911,67,70,-3,3
26912,130,123,7,7
26913,79,74,5,5
26914,43,70,-27,27
26915,146,141,5,5
26916,57,65,-8,8
26917,100,101,-1,1
26918,139,120,19,19
26919,114,105,9,9
26920,61,77,-16,16
26921,77,96,-19,19
26922,102,107,-5,5
26923,104,105,-1,1
26924,145,121,24,24
26925,81,84,-3,3
26926,87,94,-7,7
26927,135,147,-12,12
26928,117,115,2,2
26929,82,81,1,1
26930,118,125,-7,7
26931,106,125,-19,19
26932,123,123,0,0
26933,109,93,16,16
26934,66,75,-9,9
26935,86,94,-8,8
26936,104,102,2,2
26937,61,75,-14,14
26938,59,86,-27,27
26939,68,78,-10,10
26940,68,78,-10,10
26941,63,57,6,6
26942,85,90,-5,5
26943,135,143,-8,8
26944,117,125,-8,8
26945,134,129,5,5
26946,104,101,3,3
26947,73,76,-3,3
26948,79,77,2,2
26949,137,137,0,0
26950,106,88,18,18
26951,80,106,-26,26
26952,175,156,19,19
26953,96,108,-12,12
26954,137,135,2,2
26955,119,127,-8,8
26956,118,96,22,22
26957,135,119,16,16
26958,127,111,16,16
26959,103,103,0,0
26960,87,79,8,8
26961,90,60,30,30
26962,50,50,0,0
26963,68,70,-2,2
26964,75,78,-3,3
26965,150,138,12,12
26966,107,99,8,8
26967,122,125,-3,3
26968,48,53,-5,5
26969,141,137,4,4
26970,96,106,-10,10
26971,93,97,-4,4
26972,85,93,-8,8
26973,55,55,0,0
26974,51,59,-8,8
26975,99,100,-1,1
26976,52,61,-9,9
26977,79,69,10,10
26978,110,111,-1,1
26979,121,114,7,7
26980,37,29,8,8
26981,92,110,-18,18
26982,66,50,16,16
26983,148,141,7,7
26984,83,80,3,3
26985,175,163,12,12
26986,88,85,3,3
26987,110,86,24,24
26988,79,96,-17,17
26989,64,65,-1,1
26990,124,115,9,9
26991,129,123,6,6
26992,91,89,2,2
26993,59,53,6,6
26994,49,89,-40,40
26995,132,120,12,12
26996,76,114,-38,38
26997,110,97,13,13
26998,61,70,-9,9
26999,90,89,1,1
27000,126,125,1,1
27001,98,80,18,18
27002,59,52,7,7
27003,93,102,-9,9
27004,76,56,20,20
27005,75,59,16,16
27006,85,96,-11,11
27007,149,144,5,5
27008,89,80,9,9
27009,112,116,-4,4
27010,88,102,-14,14
27011,65,67,-2,2
27012,86,98,-12,12
27013,64,30,34,34
27014,81,96,-15,15
27015,86,87,-1,1
27016,70,64,6,6
27017,150,133,17,17
27018,102,82,20,20
27019,92,93,-1,1
27020,47,56,-9,9
27021,92,93,-1,1
27022,108,115,-7,7
27023,85,88,-3,3
27024,127,129,-2,2
27025,114,109,5,5
27026,89,90,-1,1
27027,98,96,2,2
27028,47,43,4,4
27029,95,107,-12,12
27030,174,168,6,6
27031,74,80,-6,6
27032,214,222,-8,8
27033,35,44,-9,9
27034,202,180,22,22
27035,83,94,-11,11
27036,125,124,1,1
27037,109,100,9,9
27038,54,44,10,10
27039,56,69,-13,13
27040,71,89,-18,18
27041,81,70,11,11
27042,78,65,13,13
27043,61,65,-4,4
27044,77,72,5,5
27045,114,119,-5,5
27046,59,75,-16,16
27047,116,128,-12,12
27048,49,70,-21,21
27049,66,76,-10,10
27050,91,91,0,0
27051,98,116,-18,18
27052,73,81,-8,8
27053,78,88,-10,10
27054,105,117,-12,12
27055,112,112,0,0
27056,84,99,-15,15
27057,78,64,14,14
27058,112,125,-13,13
27059,178,152,26,26
27060,134,138,-4,4
27061,93,105,-12,12
27062,99,89,10,10
27063,67,63,4,4
27064,76,74,2,2
27065,80,85,-5,5
27066,74,72,2,2
27067,83,94,-11,11
27068,99,94,5,5
27069,70,62,8,8
27070,64,78,-14,14
27071,128,124,4,4
27072,93,107,-14,14
27073,65,62,3,3
27074,40,32,8,8
27075,133,131,2,2
27076,97,99,-2,2
27077,89,73,16,16
27078,73,77,-4,4
27079,102,98,4,4
27080,62,80,-18,18
27081,91,90,1,1
27082,147,145,2,2
27083,70,71,-1,1
27084,71,67,4,4
27085,86,85,1,1
27086,62,73,-11,11
27087,104,103,1,1
27088,72,69,3,3
27089,52,44,8,8
27090,38,44,-6,6
27091,67,68,-1,1
27092,196,183,13,13
27093,47,42,5,5
27094,51,60,-9,9
27095,88,89,-1,1
27096,96,96,0,0
27097,42,41,1,1
27098,101,105,-4,4
27099,105,101,4,4
27100,70,69,1,1
27101,87,103,-16,16
27102,120,129,-9,9
27103,71,71,0,0
27104,118,111,7,7
27105,71,75,-4,4
27106,101,114,-13,13
27107,80,83,-3,3
27108,107,98,9,9
27109,87,72,15,15
27110,60,43,17,17
27111,56,39,17,17
27112,79,82,-3,3
27113,148,147,1,1
27114,75,73,2,2
27115,53,66,-13,13
27116,88,89,-1,1
27117,104,133,-29,29
27118,77,77,0,0
27119,53,37,16,16
27120,114,116,-2,2
27121,74,73,1,1
27122,73,84,-11,11
27123,127,122,5,5
27124,81,81,0,0
27125,127,124,3,3
27126,139,123,16,16
27127,78,73,5,5
27128,79,77,2,2
27129,115,107,8,8
27130,125,109,16,16
27131,141,139,2,2
27132,127,115,12,12
27133,105,121,-16,16
27134,57,56,1,1
27135,99,99,0,0
27136,91,95,-4,4
27137,98,114,-16,16
27138,114,125,-11,11
27139,74,73,1,1
27140,143,129,14,14
27141,68,74,-6,6
27142,159,132,27,27
27143,69,71,-2,2
27144,72,68,4,4
27145,48,55,-7,7
27146,110,116,-6,6
27147,86,82,4,4
27148,72,83,-11,11
27149,80,80,0,0
27150,70,72,-2,2
27151,37,41,-4,4
27152,79,85,-6,6
27153,53,50,3,3
27154,82,82,0,0
27155,55,54,1,1
27156,72,110,-38,38
27157,104,108,-4,4
27158,81,97,-16,16
27159,131,136,-5,5
27160,110,118,-8,8
27161,70,92,-22,22
27162,96,107,-11,11
27163,56,63,-7,7
27164,76,56,20,20
27165,87,88,-1,1
27166,100,98,2,2
27167,51,75,-24,24
27168,67,73,-6,6
27169,50,60,-10,10
27170,72,83,-11,11
27171,69,90,-21,21
27172,96,98,-2,2
27173,90,96,-6,6
27174,84,87,-3,3
27175,136,131,5,5
27176,83,78,5,5
27177,93,96,-3,3
27178,130,141,-11,11
27179,111,110,1,1
27180,107,91,16,16
27181,112,120,-8,8
27182,27,18,9,9
27183,156,152,4,4
27184,102,100,2,2
27185,122,123,-1,1
27186,114,108,6,6
27187,39,49,-10,10
27188,137,129,8,8
27189,86,85,1,1
27190,83,74,9,9
27191,148,146,2,2
27192,108,108,0,0
27193,102,91,11,11
27194,95,94,1,1
27195,52,71,-19,19
27196,78,76,2,2
27197,99,93,6,6
27198,124,114,10,10
27199,94,102,-8,8
27200,120,124,-4,4
27201,102,112,-10,10
27202,128,130,-2,2
27203,64,71,-7,7
27204,78,88,-10,10
27205,65,82,-17,17
27206,128,129,-1,1
27207,88,59,29,29
27208,63,38,25,25
27209,86,95,-9,9
27210,102,112,-10,10
27211,120,101,19,19
27212,95,102,-7,7
27213,83,85,-2,2
27214,96,110,-14,14
27215,75,78,-3,3
27216,50,47,3,3
27217,69,60,9,9
27218,118,102,16,16
27219,103,115,-12,12
27220,88,98,-10,10
27221,83,81,2,2
27222,113,109,4,4
27223,89,80,9,9
27224,92,99,-7,7
27225,96,97,-1,1
27226,97,123,-26,26
27227,57,64,-7,7
27228,70,82,-12,12
27229,79,97,-18,18
27230,81,84,-3,3
27231,106,110,-4,4
27232,178,153,25,25
27233,141,119,22,22
27234,97,99,-2,2
27235,152,157,-5,5
27236,82,83,-1,1
27237,62,74,-12,12
27238,69,72,-3,3
27239,145,157,-12,12
27240,80,78,2,2
27241,124,124,0,0
27242,128,97,31,31
27243,147,124,23,23
27244,181,167,14,14
27245,92,90,2,2
27246,48,47,1,1
27247,144,139,5,5
27248,54,56,-2,2
27249,116,125,-9,9
27250,106,89,17,17
27251,72,77,-5,5
27252,139,130,9,9
27253,153,154,-1,1
27254,105,95,10,10
27255,152,153,-1,1
27256,137,110,27,27
27257,123,128,-5,5
27258,49,50,-1,1
27259,80,71,9,9
27260,63,62,1,1
27261,35,56,-21,21
27262,53,49,4,4
27263,80,79,1,1
27264,56,57,-1,1
27265,143,149,-6,6
27266,160,163,-3,3
27267,98,100,-2,2
27268,98,101,-3,3
27269,83,92,-9,9
27270,117,129,-12,12
27271,143,129,14,14
27272,91,99,-8,8
27273,60,70,-10,10
27274,106,99,7,7
27275,33,32,1,1
27276,65,61,4,4
27277,79,86,-7,7
27278,47,35,12,12
27279,78,76,2,2
27280,108,116,-8,8
27281,59,60,-1,1
27282,75,93,-18,18
27283,130,140,-10,10
27284,75,96,-21,21
27285,89,99,-10,10
27286,85,82,3,3
27287,127,130,-3,3
27288,71,89,-18,18
27289,103,121,-18,18
27290,40,52,-12,12
27291,57,71,-14,14
27292,142,135,7,7
27293,61,87,-26,26
27294,77,72,5,5
27295,95,99,-4,4
27296,90,100,-10,10
27297,101,90,11,11
27298,64,66,-2,2
27299,154,123,31,31
27300,90,87,3,3
27301,103,102,1,1
27302,134,141,-7,7
27303,96,112,-16,16
27304,48,55,-7,7
27305,88,86,2,2
27306,126,121,5,5
27307,80,95,-15,15
27308,66,69,-3,3
27309,43,31,12,12
27310,71,82,-11,11
27311,102,116,-14,14
27312,78,75,3,3
27313,99,94,5,5
27314,110,106,4,4
27315,105,112,-7,7
27316,103,121,-18,18
27317,103,99,4,4
27318,62,81,-19,19
27319,92,99,-7,7
27320,68,72,-4,4
27321,94,100,-6,6
27322,97,96,1,1
27323,50,66,-16,16
27324,46,100,-54,54
27325,76,73,3,3
27326,127,112,15,15
27327,55,56,-1,1
27328,62,64,-2,2
27329,114,129,-15,15
27330,70,47,23,23
27331,110,114,-4,4
27332,115,113,2,2
27333,102,93,9,9
27334,105,123,-18,18
27335,99,89,10,10
27336,122,127,-5,5
27337,69,82,-13,13
27338,69,57,12,12
27339,79,79,0,0
27340,67,67,0,0
27341,76,57,19,19
27342,54,48,6,6
27343,96,105,-9,9
27344,90,109,-19,19
27345,73,68,5,5
27346,76,65,11,11
27347,48,47,1,1
27348,104,111,-7,7
27349,64,78,-14,14
27350,76,89,-13,13
27351,106,117,-11,11
27352,58,61,-3,3
27353,118,123,-5,5
27354,78,90,-12,12
27355,119,133,-14,14
27356,64,67,-3,3
27357,144,121,23,23
27358,112,77,35,35
27359,60,61,-1,1
27360,58,84,-26,26
27361,148,151,-3,3
27362,70,68,2,2
27363,193,173,20,20
27364,90,108,-18,18
27365,50,35,15,15
27366,94,91,3,3
27367,114,109,5,5
27368,57,66,-9,9
27369,72,81,-9,9
27370,97,77,20,20
27371,121,120,1,1
27372,96,94,2,2
27373,78,93,-15,15
27374,124,133,-9,9
27375,156,151,5,5
27376,103,89,14,14
27377,117,102,15,15
27378,75,66,9,9
27379,101,108,-7,7
27380,45,41,4,4
27381,60,60,0,0
27382,124,129,-5,5
27383,129,130,-1,1
27384,90,101,-11,11
27385,79,73,6,6
27386,64,66,-2,2
27387,87,99,-12,12
27388,138,137,1,1
27389,106,95,11,11
27390,96,103,-7,7
27391,124,118,6,6
27392,78,86,-8,8
27393,99,99,0,0
27394,208,158,50,50
27395,111,113,-2,2
27396,107,99,8,8
27397,92,84,8,8
27398,87,63,24,24
27399,108,115,-7,7
27400,70,30,40,40
27401,115,118,-3,3
27402,86,95,-9,9
27403,86,89,-3,3
27404,165,152,13,13
27405,59,120,-61,61
27406,111,118,-7,7
27407,196,182,14,14
27408,99,96,3,3
27409,121,112,9,9
27410,57,55,2,2
27411,78,94,-16,16
27412,98,109,-11,11
27413,90,85,5,5
27414,89,96,-7,7
27415,97,94,3,3
27416,77,74,3,3
27417,78,77,1,1
27418,95,88,7,7
27419,98,96,2,2
27420,126,113,13,13
27421,107,99,8,8
27422,83,84,-1,1
27423,129,143,-14,14
27424,93,89,4,4
27425,210,176,34,34
27426,112,122,-10,10
27427,51,41,10,10
27428,93,100,-7,7
27429,61,82,-21,21
27430,76,73,3,3
27431,107,105,2,2
27432,115,95,20,20
27433,106,105,1,1
27434,77,92,-15,15
27435,102,113,-11,11
27436,54,56,-2,2
27437,81,76,5,5
27438,64,72,-8,8
27439,134,131,3,3
27440,124,82,42,42
27441,49,47,2,2
27442,90,100,-10,10
27443,72,57,15,15
27444,76,78,-2,2
27445,114,81,33,33
27446,59,63,-4,4
27447,97,118,-21,21
27448,96,92,4,4
27449,177,147,30,30
27450,111,95,16,16
27451,105,121,-16,16
27452,78,91,-13,13
27453,85,94,-9,9
27454,71,86,-15,15
27455,114,102,12,12
27456,78,81,-3,3
27457,164,154,10,10
27458,75,89,-14,14
27459,128,130,-2,2
27460,105,115,-10,10
27461,75,66,9,9
27462,87,92,-5,5
27463,104,103,1,1
27464,130,117,13,13
27465,101,104,-3,3
27466,81,85,-4,4
27467,75,74,1,1
27468,115,118,-3,3
27469,80,73,7,7
27470,54,70,-16,16
27471,93,99,-6,6
27472,142,131,11,11
27473,41,51,-10,10
27474,78,85,-7,7
27475,62,67,-5,5
27476,68,77,-9,9
27477,45,55,-10,10
27478,99,95,4,4
27479,92,89,3,3
27480,88,87,1,1
27481,134,138,-4,4
27482,112,97,15,15
27483,97,113,-16,16
27484,131,146,-15,15
27485,71,79,-8,8
27486,39,31,8,8
27487,68,74,-6,6
27488,47,41,6,6
27489,60,55,5,5
27490,151,113,38,38
27491,81,69,12,12
27492,104,104,0,0
27493,99,109,-10,10
27494,103,103,0,0
27495,84,95,-11,11
27496,92,94,-2,2
27497,108,109,-1,1
27498,124,133,-9,9
27499,68,75,-7,7
27500,107,85,22,22
27501,97,85,12,12
27502,108,111,-3,3
27503,54,83,-29,29
27504,75,81,-6,6
27505,43,38,5,5
27506,105,106,-1,1
27507,103,127,-24,24
27508,85,95,-10,10
27509,121,125,-4,4
27510,85,84,1,1
27511,102,106,-4,4
27512,113,133,-20,20
27513,70,72,-2,2
27514,120,115,5,5
27515,106,98,8,8
27516,72,80,-8,8
27517,89,72,17,17
27518,90,90,0,0
27519,52,48,4,4
27520,78,79,-1,1
27521,88,88,0,0
27522,290,212,78,78
27523,98,95,3,3
27524,94,115,-21,21
27525,130,97,33,33
27526,50,71,-21,21
27527,102,112,-10,10
27528,72,86,-14,14
27529,79,78,1,1
27530,101,104,-3,3
27531,88,77,11,11
27532,75,85,-10,10
27533,109,110,-1,1
27534,68,66,2,2
27535,117,123,-6,6
27536,112,116,-4,4
27537,149,145,4,4
27538,94,100,-6,6
27539,73,69,4,4
27540,86,89,-3,3
27541,68,80,-12,12
27542,94,101,-7,7
27543,96,100,-4,4
27544,86,115,-29,29
27545,84,91,-7,7
27546,98,101,-3,3
27547,149,139,10,10
27548,92,105,-13,13
27549,72,71,1,1
27550,108,119,-11,11
27551,85,103,-18,18
27552,92,105,-13,13
27553,72,86,-14,14
27554,73,86,-13,13
27555,91,103,-12,12
27556,167,150,17,17
27557,78,89,-11,11
27558,50,62,-12,12
27559,96,101,-5,5
27560,105,122,-17,17
27561,102,108,-6,6
27562,106,103,3,3
27563,138,125,13,13
27564,123,121,2,2
27565,76,74,2,2
27566,95,78,17,17
27567,87,102,-15,15
27568,154,146,8,8
27569,75,92,-17,17
27570,137,120,17,17
27571,98,93,5,5
27572,96,99,-3,3
27573,68,68,0,0
27574,66,71,-5,5
27575,96,104,-8,8
27576,99,93,6,6
27577,53,65,-12,12
27578,36,62,-26,26
27579,79,92,-13,13
27580,108,106,2,2
27581,20,15,5,5
27582,95,97,-2,2
27583,78,94,-16,16
27584,114,114,0,0
27585,89,97,-8,8
27586,118,126,-8,8
27587,163,150,13,13
27588,64,59,5,5
27589,50,32,18,18
27590,65,57,8,8
27591,91,106,-15,15
27592,126,129,-3,3
27593,96,104,-8,8
27594,115,123,-8,8
27595,114,118,-4,4
27596,139,126,13,13
27597,45,44,1,1
27598,155,158,-3,3
27599,77,73,4,4
27600,105,99,6,6
27601,156,129,27,27
27602,90,94,-4,4
27603,105,93,12,12
27604,36,50,-14,14
27605,134,118,16,16
27606,111,127,-16,16
27607,61,65,-4,4
27608,97,94,3,3
27609,76,85,-9,9
27610,81,88,-7,7
27611,71,71,0,0
27612,99,110,-11,11
27613,98,103,-5,5
27614,89,85,4,4
27615,153,159,-6,6
27616,110,121,-11,11
27617,61,58,3,3
27618,72,81,-9,9
27619,107,110,-3,3
27620,107,110,-3,3
27621,116,131,-15,15
27622,116,118,-2,2
27623,71,78,-7,7
27624,95,91,4,4
27625,99,103,-4,4
27626,59,51,8,8
27627,107,142,-35,35
27628,130,117,13,13
27629,95,85,10,10
27630,165,125,40,40
27631,171,161,10,10
27632,93,112,-19,19
27633,79,93,-14,14
27634,175,150,25,25
27635,121,119,2,2
27636,155,145,10,10
27637,174,173,1,1
27638,81,77,4,4
27639,57,47,10,10
27640,180,167,13,13
27641,116,116,0,0
27642,162,141,21,21
27643,77,47,30,30
27644,78,79,-1,1
27645,111,113,-2,2
27646,87,80,7,7
27647,37,34,3,3
27648,176,145,31,31
27649,69,79,-10,10
27650,72,79,-7,7
27651,91,92,-1,1
27652,102,96,6,6
27653,81,81,0,0
27654,142,145,-3,3
27655,189,142,47,47
27656,200,167,33,33
27657,61,59,2,2
27658,89,90,-1,1
27659,94,103,-9,9
27660,88,87,1,1
27661,85,79,6,6
27662,88,87,1,1
27663,52,52,0,0
27664,61,100,-39,39
27665,79,74,5,5
27666,141,136,5,5
27667,83,86,-3,3
27668,112,142,-30,30
27669,123,126,-3,3
27670,54,59,-5,5
27671,66,66,0,0
27672,117,123,-6,6
27673,73,73,0,0
27674,70,106,-36,36
27675,66,72,-6,6
27676,105,128,-23,23
27677,77,86,-9,9
27678,100,100,0,0
27679,167,140,27,27
27680,73,57,16,16
27681,130,120,10,10
27682,87,85,2,2
27683,85,89,-4,4
27684,69,101,-32,32
27685,73,86,-13,13
27686,77,79,-2,2
27687,138,126,12,12
27688,80,91,-11,11
27689,55,54,1,1
27690,117,105,12,12
27691,110,119,-9,9
27692,60,58,2,2
27693,96,85,11,11
27694,85,92,-7,7
27695,106,103,3,3
27696,94,94,0,0
27697,69,75,-6,6
27698,125,139,-14,14
27699,179,156,23,23
27700,86,88,-2,2
27701,129,113,16,16
27702,82,92,-10,10
27703,91,90,1,1
27704,150,141,9,9
27705,57,54,3,3
27706,70,69,1,1
27707,134,147,-13,13
27708,71,87,-16,16
27709,74,87,-13,13
27710,83,89,-6,6
27711,82,113,-31,31
27712,70,67,3,3
27713,82,87,-5,5
27714,52,49,3,3
27715,93,96,-3,3
27716,54,55,-1,1
27717,136,107,29,29
27718,72,50,22,22
27719,86,125,-39,39
27720,108,124,-16,16
27721,93,91,2,2
27722,57,80,-23,23
27723,78,71,7,7
27724,130,115,15,15
27725,83,104,-21,21
27726,116,113,3,3
27727,103,87,16,16
27728,79,80,-1,1
27729,43,31,12,12
27730,100,104,-4,4
27731,77,88,-11,11
27732,127,127,0,0
27733,83,78,5,5
27734,134,146,-12,12
27735,108,91,17,17
27736,122,120,2,2
27737,86,82,4,4
27738,71,73,-2,2
27739,111,117,-6,6
27740,132,131,1,1
27741,200,183,17,17
27742,77,68,9,9
27743,131,117,14,14
27744,75,90,-15,15
27745,66,69,-3,3
27746,83,82,1,1
27747,155,154,1,1
27748,104,92,12,12
27749,85,82,3,3
27750,149,143,6,6
27751,198,219,-21,21
27752,68,71,-3,3
27753,143,111,32,32
27754,118,92,26,26
27755,75,75,0,0
27756,150,154,-4,4
27757,52,54,-2,2
27758,153,141,12,12
27759,88,91,-3,3
27760,101,103,-2,2
27761,74,74,0,0
27762,102,78,24,24
27763,140,132,8,8
27764,71,62,9,9
27765,110,91,19,19
27766,110,111,-1,1
27767,63,62,1,1
27768,66,73,-7,7
27769,49,54,-5,5
27770,54,56,-2,2
27771,86,88,-2,2
27772,58,57,1,1
27773,54,52,2,2
27774,60,65,-5,5
27775,77,71,6,6
27776,70,80,-10,10
27777,91,85,6,6
27778,112,112,0,0
27779,89,80,9,9
27780,80,78,2,2
27781,95,96,-1,1
27782,98,91,7,7
27783,91,101,-10,10
27784,117,118,-1,1
27785,76,85,-9,9
27786,126,154,-28,28
27787,131,104,27,27
27788,65,76,-11,11
27789,90,84,6,6
27790,77,77,0,0
27791,114,131,-17,17
27792,88,90,-2,2
27793,90,89,1,1
27794,84,106,-22,22
27795,135,126,9,9
27796,95,104,-9,9
27797,94,109,-15,15
27798,106,109,-3,3
27799,75,91,-16,16
27800,115,119,-4,4
27801,143,151,-8,8
27802,60,65,-5,5
27803,68,72,-4,4
27804,73,72,1,1
27805,168,148,20,20
27806,99,101,-2,2
27807,108,110,-2,2
27808,77,88,-11,11
27809,60,48,12,12
27810,79,71,8,8
27811,103,119,-16,16
27812,120,121,-1,1
27813,137,144,-7,7
27814,80,85,-5,5
27815,78,83,-5,5
27816,49,52,-3,3
27817,97,114,-17,17
27818,104,123,-19,19
27819,172,141,31,31
27820,154,158,-4,4
27821,93,95,-2,2
27822,103,88,15,15
27823,51,40,11,11
27824,72,66,6,6
27825,81,87,-6,6
27826,69,60,9,9
27827,111,105,6,6
27828,106,106,0,0
27829,143,131,12,12
27830,46,37,9,9
27831,118,120,-2,2
27832,136,100,36,36
27833,103,93,10,10
27834,115,110,5,5
27835,100,101,-1,1
27836,130,123,7,7
27837,146,142,4,4
27838,106,102,4,4
27839,160,140,20,20
27840,151,130,21,21
27841,111,112,-1,1
27842,132,123,9,9
27843,70,59,11,11
27844,95,102,-7,7
27845,113,112,1,1
27846,100,58,42,42
27847,84,85,-1,1
27848,144,129,15,15
27849,75,80,-5,5
27850,127,116,11,11
27851,35,37,-2,2
27852,48,58,-10,10
27853,52,69,-17,17
27854,110,108,2,2
27855,109,111,-2,2
27856,72,72,0,0
27857,99,91,8,8
27858,58,51,7,7
27859,81,73,8,8
27860,96,90,6,6
27861,71,68,3,3
27862,122,92,30,30
27863,151,148,3,3
27864,92,76,16,16
27865,69,90,-21,21
27866,111,112,-1,1
27867,106,104,2,2
27868,122,118,4,4
27869,100,86,14,14
27870,62,70,-8,8
27871,77,60,17,17
27872,111,115,-4,4
27873,68,79,-11,11
27874,97,98,-1,1
27875,118,95,23,23
27876,118,111,7,7
27877,97,90,7,7
27878,78,55,23,23
27879,146,143,3,3
27880,99,119,-20,20
27881,76,72,4,4
27882,64,63,1,1
27883,48,57,-9,9
27884,89,89,0,0
27885,59,69,-10,10
27886,74,74,0,0
27887,72,84,-12,12
27888,83,83,0,0
27889,83,114,-31,31
27890,97,96,1,1
27891,100,93,7,7
27892,181,142,39,39
27893,37,19,18,18
27894,64,59,5,5
27895,84,80,4,4
27896,68,99,-31,31
27897,54,49,5,5
27898,85,88,-3,3
27899,75,82,-7,7
27900,98,103,-5,5
27901,147,134,13,13
27902,138,137,1,1
27903,61,72,-11,11
27904,83,84,-1,1
27905,158,138,20,20
27906,119,99,20,20
27907,88,76,12,12
27908,119,123,-4,4
27909,118,112,6,6
27910,68,81,-13,13
27911,49,49,0,0
27912,112,95,17,17
27913,113,99,14,14
27914,83,75,8,8
27915,81,86,-5,5
27916,31,17,14,14
27917,87,100,-13,13
27918,144,144,0,0
27919,133,148,-15,15
27920,137,142,-5,5
27921,95,93,2,2
27922,80,85,-5,5
27923,109,105,4,4
27924,90,98,-8,8
27925,70,75,-5,5
27926,66,75,-9,9
27927,81,74,7,7
27928,156,161,-5,5
27929,70,75,-5,5
27930,95,107,-12,12
27931,109,108,1,1
27932,61,109,-48,48
27933,40,39,1,1
27934,138,139,-1,1
27935,96,95,1,1
27936,53,70,-17,17
27937,85,94,-9,9
27938,137,128,9,9
27939,113,110,3,3
27940,127,121,6,6
27941,77,88,-11,11
27942,66,70,-4,4
27943,36,33,3,3
27944,83,85,-2,2
27945,120,103,17,17
27946,55,71,-16,16
27947,61,62,-1,1
27948,68,75,-7,7
27949,93,93,0,0
27950,173,154,19,19
27951,58,70,-12,12
27952,75,85,-10,10
27953,83,78,5,5
27954,141,146,-5,5
27955,67,64,3,3
27956,35,54,-19,19
27957,63,70,-7,7
27958,52,49,3,3
27959,183,143,40,40
27960,52,52,0,0
27961,72,81,-9,9
27962,77,75,2,2
27963,61,60,1,1
27964,124,128,-4,4
27965,78,86,-8,8
27966,123,115,8,8
27967,122,122,0,0
27968,88,105,-17,17
27969,74,70,4,4
27970,66,100,-34,34
27971,69,81,-12,12
27972,92,92,0,0
27973,79,82,-3,3
27974,45,69,-24,24
27975,115,93,22,22
27976,143,141,2,2
27977,99,108,-9,9
27978,129,140,-11,11
27979,103,106,-3,3
27980,90,112,-22,22
27981,88,90,-2,2
27982,123,137,-14,14
27983,175,136,39,39
27984,95,95,0,0
27985,105,108,-3,3
27986,65,69,-4,4
27987,66,62,4,4
27988,137,129,8,8
27989,84,85,-1,1
27990,110,105,5,5
27991,118,107,11,11
27992,114,114,0,0
27993,97,116,-19,19
27994,90,76,14,14
27995,124,138,-14,14
27996,158,159,-1,1
27997,67,97,-30,30
27998,96,104,-8,8
27999,97,101,-4,4
28000,108,113,-5,5
28001,106,105,1,1
28002,56,65,-9,9
28003,69,75,-6,6
28004,41,42,-1,1
28005,67,67,0,0
28006,172,170,2,2
28007,53,48,5,5
28008,94,88,6,6
28009,121,122,-1,1
28010,97,86,11,11
28011,91,111,-20,20
28012,117,95,22,22
28013,125,139,-14,14
28014,59,59,0,0
28015,114,106,8,8
28016,87,81,6,6
28017,106,117,-11,11
28018,77,81,-4,4
28019,135,122,13,13
28020,145,133,12,12
28021,72,77,-5,5
28022,53,80,-27,27
28023,149,138,11,11
28024,101,108,-7,7
28025,76,98,-22,22
28026,87,75,12,12
28027,73,58,15,15
28028,107,117,-10,10
28029,67,55,12,12
28030,67,71,-4,4
28031,80,86,-6,6
28032,91,98,-7,7
28033,91,90,1,1
28034,104,88,16,16
28035,66,58,8,8
28036,90,101,-11,11
28037,71,87,-16,16
28038,118,116,2,2
28039,87,109,-22,22
28040,68,63,5,5
28041,114,118,-4,4
28042,117,116,1,1
28043,130,127,3,3
28044,134,151,-17,17
28045,125,111,14,14
28046,74,77,-3,3
28047,88,93,-5,5
28048,56,42,14,14
28049,116,60,56,56
28050,145,145,0,0
28051,75,61,14,14
28052,71,88,-17,17
28053,50,38,12,12
28054,97,91,6,6
28055,55,51,4,4
28056,52,51,1,1
28057,154,129,25,25
28058,132,117,15,15
28059,180,164,16,16
28060,68,88,-20,20
28061,86,83,3,3
28062,147,148,-1,1
28063,68,90,-22,22
28064,80,90,-10,10
28065,98,101,-3,3
28066,109,120,-11,11
28067,88,73,15,15
28068,78,94,-16,16
28069,86,87,-1,1
28070,42,46,-4,4
28071,74,75,-1,1
28072,137,127,10,10
28073,110,111,-1,1
28074,76,73,3,3
28075,64,79,-15,15
28076,150,140,10,10
28077,116,109,7,7
28078,74,81,-7,7
28079,69,76,-7,7
28080,55,56,-1,1
28081,114,124,-10,10
28082,178,150,28,28
28083,78,91,-13,13
28084,71,69,2,2
28085,80,101,-21,21
28086,119,133,-14,14
28087,59,56,3,3
28088,75,71,4,4
28089,77,85,-8,8
28090,64,70,-6,6
28091,118,113,5,5
28092,141,135,6,6
28093,144,150,-6,6
28094,118,120,-2,2
28095,90,79,11,11
28096,96,93,3,3
28097,107,102,5,5
28098,141,147,-6,6
28099,71,46,25,25
28100,94,90,4,4
28101,196,185,11,11
28102,93,104,-11,11
28103,122,111,11,11
28104,78,66,12,12
28105,83,95,-12,12
28106,84,77,7,7
28107,65,63,2,2
28108,165,172,-7,7
28109,116,134,-18,18
28110,91,78,13,13
28111,69,60,9,9
28112,87,88,-1,1
28113,94,100,-6,6
28114,113,118,-5,5
28115,169,158,11,11
28116,112,102,10,10
28117,85,96,-11,11
28118,113,104,9,9
28119,145,125,20,20
28120,53,51,2,2
28121,97,90,7,7
28122,102,117,-15,15
28123,107,113,-6,6
28124,88,82,6,6
28125,76,79,-3,3
28126,46,44,2,2
28127,83,92,-9,9
28128,99,96,3,3
28129,118,118,0,0
28130,85,79,6,6
28131,112,114,-2,2
28132,120,105,15,15
28133,246,196,50,50
28134,124,114,10,10
28135,64,78,-14,14
28136,118,112,6,6
28137,118,116,2,2
28138,78,91,-13,13
28139,74,84,-10,10
28140,86,81,5,5
28141,90,94,-4,4
28142,132,137,-5,5
28143,125,126,-1,1
28144,70,47,23,23
28145,69,71,-2,2
28146,119,111,8,8
28147,144,133,11,11
28148,172,160,12,12
28149,83,74,9,9
28150,99,108,-9,9
28151,104,108,-4,4
28152,127,108,19,19
28153,78,76,2,2
28154,110,107,3,3
28155,53,59,-6,6
28156,79,83,-4,4
28157,47,38,9,9
28158,123,58,65,65
28159,132,138,-6,6
28160,104,109,-5,5
28161,127,127,0,0
28162,105,102,3,3
28163,65,68,-3,3
28164,100,97,3,3
28165,192,179,13,13
28166,61,96,-35,35
28167,106,118,-12,12
28168,38,96,-58,58
28169,186,143,43,43
28170,166,132,34,34
28171,122,118,4,4
28172,141,123,18,18
28173,122,138,-16,16
28174,39,64,-25,25
28175,117,118,-1,1
28176,128,129,-1,1
28177,148,144,4,4
28178,118,123,-5,5
28179,96,97,-1,1
28180,72,73,-1,1
28181,76,75,1,1
28182,63,59,4,4
28183,84,112,-28,28
28184,102,105,-3,3
28185,75,86,-11,11
28186,92,92,0,0
28187,69,94,-25,25
28188,94,79,15,15
28189,70,64,6,6
28190,112,101,11,11
28191,87,79,8,8
28192,68,72,-4,4
28193,123,126,-3,3
28194,81,58,23,23
28195,116,131,-15,15
28196,82,94,-12,12
28197,149,125,24,24
28198,60,79,-19,19
28199,59,68,-9,9
28200,110,106,4,4
28201,89,120,-31,31
28202,114,96,18,18
28203,128,126,2,2
28204,57,63,-6,6
28205,77,94,-17,17
28206,85,94,-9,9
28207,194,170,24,24
28208,72,85,-13,13
28209,75,89,-14,14
28210,57,83,-26,26
28211,165,147,18,18
28212,99,95,4,4
28213,84,80,4,4
28214,89,82,7,7
28215,64,73,-9,9
28216,115,129,-14,14
28217,81,94,-13,13
28218,96,109,-13,13
28219,134,141,-7,7
28220,74,61,13,13
28221,121,136,-15,15
28222,81,99,-18,18
28223,58,48,10,10
28224,77,72,5,5
28225,97,96,1,1
28226,66,62,4,4
28227,104,102,2,2
28228,112,119,-7,7
28229,59,57,2,2
28230,151,146,5,5
28231,111,109,2,2
28232,133,136,-3,3
28233,76,86,-10,10
28234,93,99,-6,6
28235,76,68,8,8
28236,85,79,6,6
28237,151,138,13,13
28238,76,76,0,0
28239,79,74,5,5
28240,172,165,7,7
28241,148,130,18,18
28242,89,97,-8,8
28243,87,77,10,10
28244,128,129,-1,1
28245,71,97,-26,26
28246,72,72,0,0
28247,77,77,0,0
28248,100,100,0,0
28249,107,127,-20,20
28250,86,88,-2,2
28251,81,75,6,6
28252,93,95,-2,2
28253,56,44,12,12
28254,138,128,10,10
28255,77,92,-15,15
28256,175,171,4,4
28257,72,67,5,5
28258,93,92,1,1
28259,92,86,6,6
28260,104,123,-19,19
28261,132,98,34,34
28262,81,94,-13,13
28263,71,74,-3,3
28264,140,115,25,25
28265,102,95,7,7
28266,53,55,-2,2
28267,87,98,-11,11
28268,147,147,0,0
28269,93,102,-9,9
28270,65,72,-7,7
28271,154,128,26,26
28272,222,179,43,43
28273,107,80,27,27
28274,81,78,3,3
28275,59,70,-11,11
28276,63,65,-2,2
28277,100,106,-6,6
28278,89,83,6,6
28279,70,65,5,5
28280,90,93,-3,3
28281,135,146,-11,11
28282,112,110,2,2
28283,102,116,-14,14
28284,126,108,18,18
28285,87,96,-9,9
28286,98,113,-15,15
28287,128,100,28,28
28288,54,48,6,6
28289,88,90,-2,2
28290,79,98,-19,19
28291,177,172,5,5
28292,110,115,-5,5
28293,68,74,-6,6
28294,126,130,-4,4
28295,115,116,-1,1
28296,105,111,-6,6
28297,86,79,7,7
28298,66,103,-37,37
28299,65,59,6,6
28300,78,98,-20,20
28301,87,93,-6,6
28302,108,107,1,1
28303,46,53,-7,7
28304,106,111,-5,5
28305,127,108,19,19
28306,137,146,-9,9
28307,84,89,-5,5
28308,73,69,4,4
28309,70,77,-7,7
28310,76,75,1,1
28311,84,86,-2,2
28312,125,93,32,32
28313,73,86,-13,13
28314,176,174,2,2
28315,97,88,9,9
28316,128,131,-3,3
28317,74,74,0,0
28318,145,133,12,12
28319,93,95,-2,2
28320,70,89,-19,19
28321,67,88,-21,21
28322,84,87,-3,3
28323,59,63,-4,4
28324,92,91,1,1
28325,112,106,6,6
28326,51,38,13,13
28327,56,46,10,10
28328,92,94,-2,2
28329,49,67,-18,18
28330,98,103,-5,5
28331,71,71,0,0
28332,72,75,-3,3
28333,68,75,-7,7
28334,87,98,-11,11
28335,121,118,3,3
28336,94,100,-6,6
28337,76,73,3,3
28338,112,111,1,1
28339,69,60,9,9
28340,113,117,-4,4
28341,129,131,-2,2
28342,105,115,-10,10
28343,99,110,-11,11
28344,58,56,2,2
28345,130,124,6,6
28346,85,88,-3,3
28347,73,79,-6,6
28348,56,62,-6,6
28349,97,106,-9,9
28350,104,103,1,1
28351,73,85,-12,12
28352,111,102,9,9
28353,73,67,6,6
28354,98,90,8,8
28355,102,104,-2,2
28356,80,75,5,5
28357,47,54,-7,7
28358,102,108,-6,6
28359,76,79,-3,3
28360,69,91,-22,22
28361,85,82,3,3
28362,111,116,-5,5
28363,34,15,19,19
28364,137,145,-8,8
28365,79,84,-5,5
28366,72,90,-18,18
28367,62,51,11,11
28368,91,103,-12,12
28369,82,87,-5,5
28370,120,125,-5,5
28371,92,114,-22,22
28372,110,118,-8,8
28373,122,126,-4,4
28374,119,116,3,3
28375,183,158,25,25
28376,61,72,-11,11
28377,97,95,2,2
28378,117,116,1,1
28379,71,70,1,1
28380,100,98,2,2
28381,119,118,1,1
28382,94,80,14,14
28383,94,91,3,3
28384,97,93,4,4
28385,62,66,-4,4
28386,74,72,2,2
28387,104,114,-10,10
28388,143,153,-10,10
28389,74,89,-15,15
28390,126,123,3,3
28391,64,31,33,33
28392,97,88,9,9
28393,82,93,-11,11
28394,56,69,-13,13
28395,98,104,-6,6
28396,139,133,6,6
28397,102,100,2,2
28398,100,103,-3,3
28399,115,116,-1,1
28400,138,123,15,15
28401,39,25,14,14
28402,132,135,-3,3
28403,127,128,-1,1
28404,98,109,-11,11
28405,83,70,13,13
28406,106,110,-4,4
28407,161,125,36,36
28408,77,64,13,13
28409,76,84,-8,8
28410,96,93,3,3
28411,107,113,-6,6
28412,85,218,-133,133
28413,79,85,-6,6
28414,102,102,0,0
28415,57,48,9,9
28416,79,83,-4,4
28417,76,97,-21,21
28418,82,95,-13,13
28419,56,51,5,5
28420,84,76,8,8
28421,110,104,6,6
28422,183,148,35,35
28423,118,125,-7,7
28424,100,107,-7,7
28425,109,103,6,6
28426,101,117,-16,16
28427,57,56,1,1
28428,89,109,-20,20
28429,148,140,8,8
28430,202,167,35,35
28431,137,134,3,3
28432,91,94,-3,3
28433,112,103,9,9
28434,68,79,-11,11
28435,83,86,-3,3
28436,72,73,-1,1
28437,79,79,0,0
28438,116,111,5,5
28439,54,57,-3,3
28440,87,94,-7,7
28441,82,72,10,10
28442,104,94,10,10
28443,126,133,-7,7
28444,106,97,9,9
28445,116,109,7,7
28446,91,109,-18,18
28447,77,76,1,1
28448,123,136,-13,13
28449,145,151,-6,6
28450,88,85,3,3
28451,95,113,-18,18
28452,79,85,-6,6
28453,91,97,-6,6
28454,133,119,14,14
28455,165,189,-24,24
28456,61,85,-24,24
28457,63,64,-1,1
28458,120,123,-3,3
28459,54,48,6,6
28460,145,150,-5,5
28461,130,115,15,15
28462,68,60,8,8
28463,55,48,7,7
28464,90,91,-1,1
28465,102,97,5,5
28466,52,44,8,8
28467,102,95,7,7
28468,162,166,-4,4
28469,85,92,-7,7
28470,81,89,-8,8
28471,57,48,9,9
28472,82,79,3,3
28473,135,82,53,53
28474,43,38,5,5
28475,82,87,-5,5
28476,66,73,-7,7
28477,102,91,11,11
28478,70,72,-2,2
28479,151,146,5,5
28480,127,128,-1,1
28481,77,107,-30,30
28482,137,113,24,24
28483,83,83,0,0
28484,183,163,20,20
28485,43,26,17,17
28486,129,127,2,2
28487,58,47,11,11
28488,73,79,-6,6
28489,67,65,2,2
28490,57,68,-11,11
28491,133,140,-7,7
28492,76,86,-10,10
28493,87,95,-8,8
28494,76,84,-8,8
28495,99,99,0,0
28496,95,81,14,14
28497,56,67,-11,11
28498,146,128,18,18
28499,123,109,14,14
28500,93,117,-24,24
28501,71,66,5,5
28502,97,97,0,0
28503,122,116,6,6
28504,97,103,-6,6
28505,86,79,7,7
28506,87,93,-6,6
28507,134,133,1,1
28508,99,97,2,2
28509,135,120,15,15
28510,85,88,-3,3
28511,132,104,28,28
28512,54,66,-12,12
28513,77,84,-7,7
28514,63,75,-12,12
28515,138,141,-3,3
28516,58,65,-7,7
28517,141,128,13,13
28518,161,161,0,0
28519,105,115,-10,10
28520,107,119,-12,12
28521,153,162,-9,9
28522,90,101,-11,11
28523,147,141,6,6
28524,92,95,-3,3
28525,34,26,8,8
28526,90,103,-13,13
28527,50,42,8,8
28528,83,90,-7,7
28529,127,140,-13,13
28530,59,59,0,0
28531,57,67,-10,10
28532,115,116,-1,1
28533,91,104,-13,13
28534,143,133,10,10
28535,119,120,-1,1
28536,97,94,3,3
28537,155,155,0,0
28538,128,126,2,2
28539,67,89,-22,22
28540,60,68,-8,8
28541,103,107,-4,4
28542,128,132,-4,4
28543,100,90,10,10
28544,71,79,-8,8
28545,85,84,1,1
28546,74,84,-10,10
28547,172,144,28,28
28548,73,62,11,11
28549,51,67,-16,16
28550,76,72,4,4
28551,110,116,-6,6
28552,125,118,7,7
28553,49,49,0,0
28554,145,135,10,10
28555,81,85,-4,4
28556,79,110,-31,31
28557,108,109,-1,1
28558,95,91,4,4
28559,66,55,11,11
28560,78,86,-8,8
28561,41,50,-9,9
28562,89,74,15,15
28563,60,71,-11,11
28564,88,79,9,9
28565,54,60,-6,6
28566,112,106,6,6
28567,135,125,10,10
28568,123,122,1,1
28569,76,99,-23,23
28570,82,77,5,5
28571,38,25,13,13
28572,51,56,-5,5
28573,33,28,5,5
28574,100,104,-4,4
28575,64,81,-17,17
28576,98,106,-8,8
28577,104,100,4,4
28578,108,113,-5,5
28579,112,108,4,4
28580,54,49,5,5
28581,75,81,-6,6
28582,89,93,-4,4
28583,137,126,11,11
28584,66,48,18,18
28585,81,96,-15,15
28586,91,91,0,0
28587,84,87,-3,3
28588,52,65,-13,13
28589,64,83,-19,19
28590,176,172,4,4
28591,59,64,-5,5
28592,70,82,-12,12
28593,69,82,-13,13
28594,83,117,-34,34
28595,71,78,-7,7
28596,61,67,-6,6
28597,65,68,-3,3
28598,94,116,-22,22
28599,53,57,-4,4
28600,66,61,5,5
28601,93,91,2,2
28602,66,58,8,8
28603,75,48,27,27
28604,96,109,-13,13
28605,66,81,-15,15
28606,158,129,29,29
28607,80,78,2,2
28608,67,76,-9,9
28609,67,78,-11,11
28610,79,95,-16,16
28611,57,77,-20,20
28612,66,71,-5,5
28613,44,38,6,6
28614,59,44,15,15
28615,150,139,11,11
28616,128,109,19,19
28617,74,78,-4,4
28618,38,55,-17,17
28619,51,54,-3,3
28620,123,121,2,2
28621,61,53,8,8
28622,77,59,18,18
28623,61,77,-16,16
28624,94,94,0,0
28625,104,108,-4,4
28626,62,61,1,1
28627,115,110,5,5
28628,122,108,14,14
28629,96,85,11,11
28630,84,91,-7,7
28631,119,92,27,27
28632,99,95,4,4
28633,85,93,-8,8
28634,118,115,3,3
28635,144,139,5,5
28636,54,43,11,11
28637,152,144,8,8
28638,47,48,-1,1
28639,67,76,-9,9
28640,81,85,-4,4
28641,125,125,0,0
28642,104,100,4,4
28643,63,81,-18,18
28644,71,66,5,5
28645,56,63,-7,7
28646,144,132,12,12
28647,125,141,-16,16
28648,64,58,6,6
28649,108,101,7,7
28650,87,67,20,20
28651,66,90,-24,24
28652,83,112,-29,29
28653,102,100,2,2
28654,120,133,-13,13
28655,114,113,1,1
28656,114,115,-1,1
28657,148,143,5,5
28658,100,104,-4,4
28659,76,77,-1,1
28660,53,55,-2,2
28661,104,118,-14,14
28662,101,112,-11,11
28663,93,92,1,1
28664,50,69,-19,19
28665,47,43,4,4
28666,137,143,-6,6
28667,109,110,-1,1
28668,83,102,-19,19
28669,32,24,8,8
28670,69,66,3,3
28671,92,105,-13,13
28672,78,90,-12,12
28673,96,116,-20,20
28674,92,108,-16,16
28675,53,58,-5,5
28676,144,139,5,5
28677,107,102,5,5
28678,112,110,2,2
28679,72,59,13,13
28680,108,102,6,6
28681,84,86,-2,2
28682,54,60,-6,6
28683,82,111,-29,29
28684,98,91,7,7
28685,73,81,-8,8
28686,50,66,-16,16
28687,89,83,6,6
28688,66,64,2,2
28689,140,132,8,8
28690,97,98,-1,1
28691,77,83,-6,6
28692,106,106,0,0
28693,73,85,-12,12
28694,122,117,5,5
28695,80,97,-17,17
28696,60,64,-4,4
28697,90,79,11,11
28698,83,83,0,0
28699,86,94,-8,8
28700,33,20,13,13
28701,134,129,5,5
28702,117,135,-18,18
28703,60,60,0,0
28704,116,119,-3,3
28705,110,119,-9,9
28706,129,122,7,7
28707,88,90,-2,2
28708,76,79,-3,3
28709,171,167,4,4
28710,98,103,-5,5
28711,100,97,3,3
28712,66,13,53,53
28713,140,134,6,6
28714,101,83,18,18
28715,61,62,-1,1
28716,89,92,-3,3
28717,93,101,-8,8
28718,101,98,3,3
28719,63,77,-14,14
28720,85,90,-5,5
28721,94,102,-8,8
28722,114,136,-22,22
28723,104,113,-9,9
28724,78,66,12,12
28725,108,115,-7,7
28726,57,43,14,14
28727,38,35,3,3
28728,69,73,-4,4
28729,106,92,14,14
28730,77,72,5,5
28731,235,195,40,40
28732,98,105,-7,7
28733,111,124,-13,13
28734,70,92,-22,22
28735,102,99,3,3
28736,92,108,-16,16
28737,67,77,-10,10
28738,83,96,-13,13
28739,71,49,22,22
28740,92,59,33,33
28741,59,60,-1,1
28742,90,105,-15,15
28743,71,70,1,1
28744,52,50,2,2
28745,109,104,5,5
28746,105,123,-18,18
28747,79,93,-14,14
28748,81,81,0,0
28749,84,83,1,1
28750,80,63,17,17
28751,56,73,-17,17
28752,84,90,-6,6
28753,44,52,-8,8
28754,85,84,1,1
28755,62,66,-4,4
28756,83,75,8,8
28757,59,77,-18,18
28758,92,98,-6,6
28759,99,110,-11,11
28760,131,152,-21,21
28761,58,70,-12,12
28762,164,156,8,8
28763,132,117,15,15
28764,73,73,0,0
28765,82,84,-2,2
28766,57,58,-1,1
28767,97,109,-12,12
28768,26,56,-30,30
28769,107,85,22,22
28770,88,71,17,17
28771,84,73,11,11
28772,82,80,2,2
28773,141,113,28,28
28774,78,84,-6,6
28775,146,149,-3,3
28776,84,73,11,11
28777,93,87,6,6
28778,74,68,6,6
28779,139,134,5,5
28780,125,129,-4,4
28781,65,72,-7,7
28782,101,112,-11,11
28783,114,99,15,15
28784,54,72,-18,18
28785,99,93,6,6
28786,83,15,68,68
28787,128,128,0,0
28788,90,91,-1,1
28789,77,87,-10,10
28790,68,54,14,14
28791,78,93,-15,15
28792,76,82,-6,6
28793,85,91,-6,6
28794,106,114,-8,8
28795,207,158,49,49
28796,105,107,-2,2
28797,110,113,-3,3
28798,86,100,-14,14
28799,166,143,23,23
28800,118,119,-1,1
28801,99,97,2,2
28802,80,90,-10,10
28803,27,38,-11,11
28804,125,116,9,9
28805,92,107,-15,15
28806,85,77,8,8
28807,91,101,-10,10
28808,61,63,-2,2
28809,86,91,-5,5
28810,50,59,-9,9
28811,101,109,-8,8
28812,79,70,9,9
28813,82,105,-23,23
28814,63,65,-2,2
28815,100,105,-5,5
28816,103,96,7,7
28817,150,133,17,17
28818,86,75,11,11
28819,72,96,-24,24
28820,54,67,-13,13
28821,136,145,-9,9
28822,60,58,2,2
28823,118,117,1,1
28824,64,51,13,13
28825,78,80,-2,2
28826,76,69,7,7
28827,145,122,23,23
28828,62,77,-15,15
28829,98,105,-7,7
28830,100,106,-6,6
28831,142,140,2,2
28832,77,88,-11,11
28833,81,97,-16,16
28834,79,74,5,5
28835,78,73,5,5
28836,84,85,-1,1
28837,63,64,-1,1
28838,94,88,6,6
28839,89,92,-3,3
28840,78,90,-12,12
28841,132,134,-2,2
28842,151,140,11,11
28843,156,140,16,16
28844,41,59,-18,18
28845,106,113,-7,7
28846,99,103,-4,4
28847,42,53,-11,11
28848,79,81,-2,2
28849,60,71,-11,11
28850,136,127,9,9
28851,130,136,-6,6
28852,136,149,-13,13
28853,81,67,14,14
28854,112,113,-1,1
28855,60,66,-6,6
28856,93,89,4,4
28857,103,112,-9,9
28858,180,164,16,16
28859,93,97,-4,4
28860,172,166,6,6
28861,95,118,-23,23
28862,79,98,-19,19
28863,55,57,-2,2
28864,105,113,-8,8
28865,118,113,5,5
28866,111,117,-6,6
28867,66,90,-24,24
28868,146,140,6,6
28869,81,123,-42,42
28870,75,68,7,7
28871,79,93,-14,14
28872,64,63,1,1
28873,97,92,5,5
28874,103,104,-1,1
28875,68,74,-6,6
28876,74,71,3,3
28877,80,92,-12,12
28878,90,92,-2,2
28879,59,56,3,3
28880,109,106,3,3
28881,90,84,6,6
28882,71,77,-6,6
28883,108,109,-1,1
28884,83,74,9,9
28885,130,127,3,3
28886,85,95,-10,10
28887,49,69,-20,20
28888,73,80,-7,7
28889,104,108,-4,4
28890,131,131,0,0
28891,69,69,0,0
28892,102,111,-9,9
28893,74,86,-12,12
28894,58,41,17,17
28895,167,150,17,17
28896,144,161,-17,17
28897,108,110,-2,2
28898,70,68,2,2
28899,84,89,-5,5
28900,50,53,-3,3
28901,68,62,6,6
28902,128,133,-5,5
28903,106,97,9,9
28904,63,54,9,9
28905,61,131,-70,70
28906,82,77,5,5
28907,100,113,-13,13
28908,92,88,4,4
28909,75,78,-3,3
28910,132,119,13,13
28911,85,88,-3,3
28912,183,161,22,22
28913,115,111,4,4
28914,125,65,60,60
28915,99,102,-3,3
28916,102,101,1,1
28917,125,133,-8,8
28918,75,80,-5,5
28919,173,149,24,24
28920,66,77,-11,11
28921,90,89,1,1
28922,88,90,-2,2
28923,124,125,-1,1
28924,70,96,-26,26
28925,93,90,3,3
28926,64,62,2,2
28927,60,55,5,5
28928,134,144,-10,10
28929,104,80,24,24
28930,44,47,-3,3
28931,109,87,22,22
28932,68,65,3,3
28933,81,105,-24,24
28934,103,119,-16,16
28935,99,119,-20,20
28936,80,84,-4,4
28937,104,103,1,1
28938,67,61,6,6
28939,126,126,0,0
28940,53,55,-2,2
28941,135,128,7,7
28942,95,98,-3,3
28943,95,104,-9,9
28944,63,54,9,9
28945,140,121,19,19
28946,71,87,-16,16
28947,79,80,-1,1
28948,47,110,-63,63
28949,87,97,-10,10
28950,57,73,-16,16
28951,81,86,-5,5
28952,53,50,3,3
28953,88,101,-13,13
28954,109,115,-6,6
28955,85,93,-8,8
28956,114,120,-6,6
28957,81,90,-9,9
28958,85,93,-8,8
28959,95,98,-3,3
28960,61,71,-10,10
28961,65,58,7,7
28962,47,98,-51,51
28963,57,43,14,14
28964,66,82,-16,16
28965,86,90,-4,4
28966,76,79,-3,3
28967,143,139,4,4
28968,79,109,-30,30
28969,87,87,0,0
28970,99,103,-4,4
28971,103,112,-9,9
28972,83,78,5,5
28973,116,117,-1,1
28974,128,85,43,43
28975,159,147,12,12
28976,113,103,10,10
28977,124,116,8,8
28978,81,97,-16,16
28979,66,63,3,3
28980,82,74,8,8
28981,58,73,-15,15
28982,101,134,-33,33
28983,67,100,-33,33
28984,97,93,4,4
28985,78,84,-6,6
28986,104,116,-12,12
28987,117,114,3,3
28988,82,108,-26,26
28989,125,129,-4,4
28990,152,145,7,7
28991,92,102,-10,10
28992,128,122,6,6
28993,68,62,6,6
28994,101,96,5,5
28995,96,104,-8,8
28996,98,108,-10,10
28997,134,139,-5,5
28998,106,114,-8,8
28999,54,50,4,4
29000,88,99,-11,11
29001,66,86,-20,20
29002,99,95,4,4
29003,82,90,-8,8
29004,118,130,-12,12
29005,66,55,11,11
29006,96,78,18,18
29007,139,139,0,0
29008,25,49,-24,24
29009,123,119,4,4
29010,130,133,-3,3
29011,92,79,13,13
29012,80,47,33,33
29013,67,68,-1,1
29014,71,77,-6,6
29015,92,97,-5,5
29016,113,90,23,23
29017,67,81,-14,14
29018,58,70,-12,12
29019,39,85,-46,46
29020,78,92,-14,14
29021,113,106,7,7
29022,50,57,-7,7
29023,66,58,8,8
29024,88,90,-2,2
29025,88,120,-32,32
29026,131,109,22,22
29027,64,90,-26,26
29028,91,87,4,4
29029,101,92,9,9
29030,110,110,0,0
29031,56,66,-10,10
29032,77,66,11,11
29033,129,131,-2,2
29034,91,114,-23,23
29035,97,101,-4,4
29036,98,101,-3,3
29037,75,74,1,1
29038,109,94,15,15
29039,64,68,-4,4
29040,71,87,-16,16
29041,54,58,-4,4
29042,59,62,-3,3
29043,145,153,-8,8
29044,86,86,0,0
29045,56,60,-4,4
29046,79,84,-5,5
29047,114,116,-2,2
29048,65,83,-18,18
29049,104,97,7,7
29050,61,78,-17,17
29051,155,135,20,20
29052,106,97,9,9
29053,48,61,-13,13
29054,173,156,17,17
29055,31,23,8,8
29056,87,92,-5,5
29057,147,140,7,7
29058,79,35,44,44
29059,92,103,-11,11
29060,100,90,10,10
29061,118,137,-19,19
29062,83,92,-9,9
29063,72,72,0,0
29064,101,94,7,7
29065,83,89,-6,6
29066,94,103,-9,9
29067,103,115,-12,12
29068,73,72,1,1
29069,179,183,-4,4
29070,115,105,10,10
29071,85,86,-1,1
29072,101,101,0,0
29073,130,130,0,0
29074,155,158,-3,3
29075,65,86,-21,21
29076,116,135,-19,19
29077,71,112,-41,41
29078,78,85,-7,7
29079,129,131,-2,2
29080,78,71,7,7
29081,141,132,9,9
29082,139,126,13,13
29083,90,104,-14,14
29084,174,163,11,11
29085,92,90,2,2
29086,76,85,-9,9
29087,40,54,-14,14
29088,36,41,-5,5
29089,78,81,-3,3
29090,89,96,-7,7
29091,63,69,-6,6
29092,79,78,1,1
29093,127,122,5,5
29094,61,67,-6,6
29095,118,92,26,26
29096,112,107,5,5
29097,131,128,3,3
29098,78,84,-6,6
29099,95,109,-14,14
29100,75,44,31,31
29101,170,160,10,10
29102,97,97,0,0
29103,62,71,-9,9
29104,130,119,11,11
29105,116,136,-20,20
29106,72,78,-6,6
29107,89,84,5,5
29108,95,111,-16,16
29109,82,80,2,2
29110,54,60,-6,6
29111,102,104,-2,2
29112,106,99,7,7
29113,138,141,-3,3
29114,90,102,-12,12
29115,53,58,-5,5
29116,111,104,7,7
29117,91,93,-2,2
29118,84,83,1,1
29119,116,109,7,7
29120,119,118,1,1
29121,82,81,1,1
29122,102,95,7,7
29123,64,67,-3,3
29124,40,39,1,1
29125,104,102,2,2
29126,73,82,-9,9
29127,92,90,2,2
29128,127,115,12,12
29129,155,141,14,14
29130,82,101,-19,19
29131,86,86,0,0
29132,61,49,12,12
29133,136,132,4,4
29134,123,129,-6,6
29135,40,39,1,1
29136,103,94,9,9
29137,145,146,-1,1
29138,92,105,-13,13
29139,60,81,-21,21
29140,71,81,-10,10
29141,63,64,-1,1
29142,51,60,-9,9
29143,92,97,-5,5
29144,48,87,-39,39
29145,66,113,-47,47
29146,165,161,4,4
29147,114,122,-8,8
29148,48,33,15,15
29149,121,113,8,8
29150,134,122,12,12
29151,68,70,-2,2
29152,34,37,-3,3
29153,68,66,2,2
29154,72,71,1,1
29155,63,61,2,2
29156,59,52,7,7
29157,94,91,3,3
29158,59,48,11,11
29159,77,100,-23,23
29160,119,101,18,18
29161,134,140,-6,6
29162,120,127,-7,7
29163,90,85,5,5
29164,79,85,-6,6
29165,70,98,-28,28
29166,103,101,2,2
29167,111,97,14,14
29168,62,68,-6,6
29169,139,131,8,8
29170,138,147,-9,9
29171,213,198,15,15
29172,73,79,-6,6
29173,116,117,-1,1
29174,135,129,6,6
29175,77,75,2,2
29176,89,84,5,5
29177,40,35,5,5
29178,82,80,2,2
29179,101,120,-19,19
29180,81,104,-23,23
29181,159,156,3,3
29182,89,98,-9,9
29183,74,87,-13,13
29184,106,102,4,4
29185,53,70,-17,17
29186,98,112,-14,14
29187,96,93,3,3
29188,116,120,-4,4
29189,68,78,-10,10
29190,74,78,-4,4
29191,167,174,-7,7
29192,90,97,-7,7
29193,106,103,3,3
29194,62,51,11,11
29195,46,49,-3,3
29196,68,79,-11,11
29197,73,65,8,8
29198,78,82,-4,4
29199,58,56,2,2
29200,129,122,7,7
29201,79,96,-17,17
29202,92,93,-1,1
29203,34,52,-18,18
29204,81,76,5,5
29205,73,73,0,0
29206,171,169,2,2
29207,90,104,-14,14
29208,70,73,-3,3
29209,199,181,18,18
29210,68,55,13,13
29211,161,156,5,5
29212,46,58,-12,12
29213,61,60,1,1
29214,112,113,-1,1
29215,133,123,10,10
29216,91,100,-9,9
29217,80,93,-13,13
29218,160,129,31,31
29219,90,69,21,21
29220,103,97,6,6
29221,87,92,-5,5
29222,148,139,9,9
29223,183,127,56,56
29224,87,93,-6,6
29225,161,167,-6,6
29226,80,64,16,16
29227,128,129,-1,1
29228,123,107,16,16
29229,159,160,-1,1
29230,48,39,9,9
29231,77,83,-6,6
29232,87,83,4,4
29233,53,51,2,2
29234,118,118,0,0
29235,89,121,-32,32
29236,76,79,-3,3
29237,145,126,19,19
29238,125,114,11,11
29239,97,111,-14,14
29240,49,57,-8,8
29241,62,83,-21,21
29242,81,89,-8,8
29243,136,142,-6,6
29244,100,81,19,19
29245,187,189,-2,2
29246,105,102,3,3
29247,176,145,31,31
29248,113,118,-5,5
29249,115,127,-12,12
29250,86,87,-1,1
29251,120,116,4,4
29252,74,80,-6,6
29253,86,92,-6,6
29254,99,122,-23,23
29255,70,71,-1,1
29256,109,120,-11,11
29257,110,106,4,4
29258,102,114,-12,12
29259,156,143,13,13
29260,107,102,5,5
29261,53,55,-2,2
29262,121,114,7,7
29263,97,103,-6,6
29264,103,113,-10,10
29265,66,52,14,14
29266,108,117,-9,9
29267,59,63,-4,4
29268,64,74,-10,10
29269,70,77,-7,7
29270,86,86,0,0
29271,118,117,1,1
29272,61,63,-2,2
29273,120,105,15,15
29274,112,102,10,10
29275,176,152,24,24
29276,61,65,-4,4
29277,89,87,2,2
29278,115,116,-1,1
29279,112,104,8,8
29280,110,111,-1,1
29281,92,93,-1,1
29282,124,116,8,8
29283,60,50,10,10
29284,70,71,-1,1
29285,98,110,-12,12
29286,77,80,-3,3
29287,60,58,2,2
29288,149,148,1,1
29289,135,135,0,0
29290,71,67,4,4
29291,47,43,4,4
29292,141,148,-7,7
29293,76,99,-23,23
29294,85,79,6,6
29295,66,59,7,7
29296,86,91,-5,5
29297,144,131,13,13
29298,74,76,-2,2
29299,181,168,13,13
29300,79,86,-7,7
29301,106,99,7,7
29302,138,127,11,11
29303,91,71,20,20
29304,76,72,4,4
29305,140,139,1,1
29306,77,81,-4,4
29307,54,74,-20,20
29308,71,66,5,5
29309,110,81,29,29
29310,90,81,9,9
29311,116,125,-9,9
29312,83,91,-8,8
29313,59,46,13,13
29314,92,90,2,2
29315,144,142,2,2
29316,67,51,16,16
29317,105,107,-2,2
29318,62,71,-9,9
29319,136,120,16,16
29320,111,117,-6,6
29321,64,71,-7,7
29322,73,63,10,10
29323,86,105,-19,19
29324,84,75,9,9
29325,74,85,-11,11
29326,135,127,8,8
29327,119,119,0,0
29328,83,83,0,0
29329,102,104,-2,2
29330,84,83,1,1
29331,66,124,-58,58
29332,47,43,4,4
29333,97,90,7,7
29334,106,123,-17,17
29335,75,77,-2,2
29336,108,137,-29,29
29337,154,146,8,8
29338,91,83,8,8
29339,75,82,-7,7
29340,155,143,12,12
29341,75,95,-20,20
29342,211,170,41,41
29343,69,51,18,18
29344,52,57,-5,5
29345,84,101,-17,17
29346,89,88,1,1
29347,79,83,-4,4
29348,78,96,-18,18
29349,90,82,8,8
29350,305,253,52,52
29351,83,90,-7,7
29352,193,160,33,33
29353,124,130,-6,6
29354,46,44,2,2
29355,85,87,-2,2
29356,84,96,-12,12
29357,98,94,4,4
29358,72,74,-2,2
29359,60,64,-4,4
29360,102,99,3,3
29361,92,84,8,8
29362,102,97,5,5
29363,74,98,-24,24
29364,114,116,-2,2
29365,86,95,-9,9
29366,114,113,1,1
29367,151,166,-15,15
29368,91,72,19,19
29369,78,75,3,3
29370,153,152,1,1
29371,80,97,-17,17
29372,108,115,-7,7
29373,88,91,-3,3
29374,153,141,12,12
29375,71,89,-18,18
29376,95,96,-1,1
29377,127,122,5,5
29378,139,124,15,15
29379,46,53,-7,7
29380,124,123,1,1
29381,93,96,-3,3
29382,114,102,12,12
29383,93,89,4,4
29384,67,58,9,9
29385,110,109,1,1
29386,63,71,-8,8
29387,70,62,8,8
29388,87,84,3,3
29389,122,130,-8,8
29390,107,117,-10,10
29391,153,145,8,8
29392,94,109,-15,15
29393,101,106,-5,5
29394,78,84,-6,6
29395,82,104,-22,22
29396,88,89,-1,1
29397,94,114,-20,20
29398,37,44,-7,7
29399,67,70,-3,3
29400,85,9,76,76
29401,105,98,7,7
29402,40,92,-52,52
29403,194,167,27,27
29404,123,123,0,0
29405,87,82,5,5
29406,102,94,8,8
29407,145,151,-6,6
29408,68,68,0,0
29409,159,140,19,19
29410,82,86,-4,4
29411,83,77,6,6
29412,82,93,-11,11
29413,69,72,-3,3
29414,103,110,-7,7
29415,105,104,1,1
29416,100,108,-8,8
29417,55,59,-4,4
29418,80,74,6,6
29419,73,80,-7,7
29420,51,79,-28,28
29421,124,108,16,16
29422,52,59,-7,7
29423,115,116,-1,1
29424,116,126,-10,10
29425,101,111,-10,10
29426,63,99,-36,36
29427,52,64,-12,12
29428,84,74,10,10
29429,142,126,16,16
29430,71,81,-10,10
29431,82,107,-25,25
29432,85,95,-10,10
29433,74,81,-7,7
29434,61,51,10,10
29435,107,114,-7,7
29436,98,100,-2,2
29437,80,83,-3,3
29438,69,70,-1,1
29439,64,69,-5,5
29440,137,129,8,8
29441,77,80,-3,3
29442,94,113,-19,19
29443,86,83,3,3
29444,60,40,20,20
29445,54,65,-11,11
29446,62,59,3,3
29447,86,33,53,53
29448,60,52,8,8
29449,64,69,-5,5
29450,91,112,-21,21
29451,71,66,5,5
29452,78,79,-1,1
29453,104,110,-6,6
29454,103,110,-7,7
29455,167,138,29,29
29456,129,106,23,23
29457,125,95,30,30
29458,108,112,-4,4
29459,77,77,0,0
29460,121,123,-2,2
29461,77,75,2,2
29462,61,60,1,1
29463,67,44,23,23
29464,96,93,3,3
29465,113,125,-12,12
29466,70,78,-8,8
29467,79,80,-1,1
29468,91,93,-2,2
29469,86,85,1,1
29470,74,74,0,0
29471,78,86,-8,8
29472,117,91,26,26
29473,82,75,7,7
29474,79,79,0,0
29475,138,153,-15,15
29476,92,84,8,8
29477,69,71,-2,2
29478,81,96,-15,15
29479,73,78,-5,5
29480,100,112,-12,12
29481,51,46,5,5
29482,60,57,3,3
29483,109,107,2,2
29484,131,122,9,9
29485,71,74,-3,3
29486,77,82,-5,5
29487,97,123,-26,26
29488,69,66,3,3
29489,124,116,8,8
29490,69,67,2,2
29491,131,117,14,14
29492,87,86,1,1
29493,178,176,2,2
29494,111,116,-5,5
29495,122,111,11,11
29496,155,139,16,16
29497,136,114,22,22
29498,113,127,-14,14
29499,64,66,-2,2
29500,111,109,2,2
29501,94,105,-11,11
29502,58,53,5,5
29503,89,99,-10,10
29504,82,74,8,8
29505,87,92,-5,5
29506,50,63,-13,13
29507,79,91,-12,12
29508,140,129,11,11
29509,134,169,-35,35
29510,119,103,16,16
29511,140,143,-3,3
29512,119,120,-1,1
29513,52,46,6,6
29514,124,145,-21,21
29515,131,97,34,34
29516,45,52,-7,7
29517,70,63,7,7
29518,99,85,14,14
29519,82,80,2,2
29520,73,81,-8,8
29521,120,128,-8,8
29522,107,128,-21,21
29523,88,84,4,4
29524,82,84,-2,2
29525,59,64,-5,5
29526,90,92,-2,2
29527,56,59,-3,3
29528,113,114,-1,1
29529,78,80,-2,2
29530,61,84,-23,23
29531,89,95,-6,6
29532,44,50,-6,6
29533,62,61,1,1
29534,111,112,-1,1
29535,75,80,-5,5
29536,74,75,-1,1
29537,79,74,5,5
29538,89,93,-4,4
29539,94,101,-7,7
29540,116,116,0,0
29541,120,137,-17,17
29542,180,173,7,7
29543,48,41,7,7
29544,85,89,-4,4
29545,112,116,-4,4
29546,114,102,12,12
29547,78,93,-15,15
29548,111,122,-11,11
29549,71,70,1,1
29550,64,74,-10,10
29551,47,40,7,7
29552,85,94,-9,9
29553,90,101,-11,11
29554,137,138,-1,1
29555,138,134,4,4
29556,64,60,4,4
29557,78,78,0,0
29558,42,32,10,10
29559,98,93,5,5
29560,59,46,13,13
29561,76,87,-11,11
29562,106,103,3,3
29563,33,17,16,16
29564,121,122,-1,1
29565,108,100,8,8
29566,76,74,2,2
29567,64,68,-4,4
29568,73,68,5,5
29569,112,82,30,30
29570,105,101,4,4
29571,59,67,-8,8
29572,205,172,33,33
29573,78,84,-6,6
29574,79,81,-2,2
29575,123,121,2,2
29576,83,70,13,13
29577,115,82,33,33
29578,75,76,-1,1
29579,86,99,-13,13
29580,111,110,1,1
29581,82,125,-43,43
29582,157,157,0,0
29583,58,53,5,5
29584,101,95,6,6
29585,99,102,-3,3
29586,96,93,3,3
29587,133,141,-8,8
29588,93,93,0,0
29589,79,74,5,5
29590,87,72,15,15
29591,101,123,-22,22
29592,73,86,-13,13
29593,76,94,-18,18
29594,110,91,19,19
29595,100,106,-6,6
29596,87,80,7,7
29597,126,127,-1,1
29598,81,80,1,1
29599,70,88,-18,18
29600,139,137,2,2
29601,74,68,6,6
29602,147,102,45,45
29603,92,92,0,0
29604,133,117,16,16
29605,87,90,-3,3
29606,96,98,-2,2
29607,70,100,-30,30
29608,75,77,-2,2
29609,121,120,1,1
29610,88,98,-10,10
29611,96,88,8,8
29612,196,108,88,88
29613,90,96,-6,6
29614,110,122,-12,12
29615,59,48,11,11
29616,131,128,3,3
29617,56,55,1,1
29618,98,99,-1,1
29619,94,88,6,6
29620,73,84,-11,11
29621,52,46,6,6
29622,97,89,8,8
29623,119,107,12,12
29624,94,80,14,14
29625,144,146,-2,2
29626,128,121,7,7
29627,81,73,8,8
29628,101,102,-1,1
29629,138,136,2,2
29630,68,73,-5,5
29631,124,80,44,44
29632,61,70,-9,9
29633,118,108,10,10
29634,69,77,-8,8
29635,84,83,1,1
29636,175,158,17,17
29637,54,58,-4,4
29638,72,83,-11,11
29639,82,72,10,10
29640,102,95,7,7
29641,107,101,6,6
29642,110,110,0,0
29643,128,130,-2,2
29644,132,132,0,0
29645,80,95,-15,15
29646,60,69,-9,9
29647,54,55,-1,1
29648,89,98,-9,9
29649,90,100,-10,10
29650,62,89,-27,27
29651,64,88,-24,24
29652,74,31,43,43
29653,123,195,-72,72
29654,77,72,5,5
29655,79,79,0,0
29656,88,87,1,1
29657,77,104,-27,27
29658,96,119,-23,23
29659,80,75,5,5
29660,104,105,-1,1
29661,46,46,0,0
29662,70,78,-8,8
29663,93,100,-7,7
29664,103,103,0,0
29665,117,100,17,17
29666,80,84,-4,4
29667,93,120,-27,27
29668,88,102,-14,14
29669,101,107,-6,6
29670,69,85,-16,16
29671,97,96,1,1
29672,56,72,-16,16
29673,101,96,5,5
29674,122,128,-6,6
29675,95,112,-17,17
29676,113,131,-18,18
29677,150,132,18,18
29678,164,164,0,0
29679,87,91,-4,4
29680,128,121,7,7
29681,66,86,-20,20
29682,68,57,11,11
29683,120,110,10,10
29684,151,132,19,19
29685,72,67,5,5
29686,89,98,-9,9
29687,231,215,16,16
29688,49,92,-43,43
29689,68,78,-10,10
29690,81,94,-13,13
29691,96,108,-12,12
29692,123,113,10,10
29693,88,91,-3,3
29694,188,168,20,20
29695,78,69,9,9
29696,78,90,-12,12
29697,105,120,-15,15
29698,102,105,-3,3
29699,74,88,-14,14
29700,74,77,-3,3
29701,63,107,-44,44
29702,106,114,-8,8
29703,90,93,-3,3
29704,100,97,3,3
29705,106,109,-3,3
29706,74,74,0,0
29707,75,90,-15,15
29708,119,128,-9,9
29709,115,119,-4,4
29710,125,122,3,3
29711,106,110,-4,4
29712,113,113,0,0
29713,81,68,13,13
29714,84,90,-6,6
29715,79,91,-12,12
29716,129,124,5,5
29717,55,50,5,5
29718,99,106,-7,7
29719,88,93,-5,5
29720,129,123,6,6
29721,92,100,-8,8
29722,113,123,-10,10
29723,67,86,-19,19
29724,96,106,-10,10
29725,64,68,-4,4
29726,132,150,-18,18
29727,172,158,14,14
29728,104,108,-4,4
29729,83,85,-2,2
29730,70,91,-21,21
29731,104,98,6,6
29732,78,78,0,0
29733,66,82,-16,16
29734,81,80,1,1
29735,63,71,-8,8
29736,74,79,-5,5
29737,109,99,10,10
29738,70,77,-7,7
29739,91,86,5,5
29740,95,91,4,4
29741,76,80,-4,4
29742,68,75,-7,7
29743,92,89,3,3
29744,65,67,-2,2
29745,36,32,4,4
29746,105,101,4,4
29747,110,115,-5,5
29748,121,115,6,6
29749,49,46,3,3
29750,98,83,15,15
29751,117,111,6,6
29752,52,116,-64,64
29753,84,83,1,1
29754,148,142,6,6
29755,63,66,-3,3
29756,63,72,-9,9
29757,92,103,-11,11
29758,85,88,-3,3
29759,93,90,3,3
29760,88,74,14,14
29761,80,74,6,6
29762,83,92,-9,9
29763,61,80,-19,19
29764,76,73,3,3
29765,81,91,-10,10
29766,75,71,4,4
29767,61,54,7,7
29768,110,106,4,4
29769,91,74,17,17
29770,63,49,14,14
29771,126,134,-8,8
29772,102,91,11,11
29773,102,99,3,3
29774,107,111,-4,4
29775,49,53,-4,4
29776,71,74,-3,3
29777,70,87,-17,17
29778,94,85,9,9
29779,201,196,5,5
29780,80,104,-24,24
29781,62,62,0,0
29782,97,107,-10,10
29783,77,67,10,10
29784,74,105,-31,31
29785,55,41,14,14
29786,88,90,-2,2
29787,27,44,-17,17
29788,64,62,2,2
29789,95,116,-21,21
29790,74,89,-15,15
29791,99,115,-16,16
29792,68,61,7,7
29793,65,69,-4,4
29794,97,109,-12,12
29795,73,69,4,4
29796,88,61,27,27
29797,121,132,-11,11
29798,102,95,7,7
29799,101,113,-12,12
29800,78,86,-8,8
29801,156,156,0,0
29802,76,88,-12,12
29803,66,62,4,4
29804,91,106,-15,15
29805,82,67,15,15
29806,150,153,-3,3
29807,46,50,-4,4
29808,164,152,12,12
29809,134,147,-13,13
29810,124,119,5,5
29811,75,71,4,4
29812,64,86,-22,22
29813,207,152,55,55
29814,125,137,-12,12
29815,143,134,9,9
29816,79,72,7,7
29817,62,64,-2,2
29818,149,155,-6,6
29819,136,136,0,0
29820,48,58,-10,10
29821,117,111,6,6
29822,50,49,1,1
29823,88,87,1,1
29824,62,72,-10,10
29825,37,28,9,9
29826,142,122,20,20
29827,59,50,9,9
29828,123,100,23,23
29829,78,79,-1,1
29830,117,111,6,6
29831,84,81,3,3
29832,191,168,23,23
29833,176,159,17,17
29834,68,118,-50,50
29835,58,42,16,16
29836,74,84,-10,10
29837,166,137,29,29
29838,178,164,14,14
29839,102,109,-7,7
29840,106,114,-8,8
29841,121,133,-12,12
29842,157,152,5,5
29843,60,56,4,4
29844,116,112,4,4
29845,133,138,-5,5
29846,50,34,16,16
29847,90,100,-10,10
29848,138,129,9,9
29849,216,184,32,32
29850,114,119,-5,5
29851,107,118,-11,11
29852,68,75,-7,7
29853,52,57,-5,5
29854,139,135,4,4
29855,98,100,-2,2
29856,143,145,-2,2
29857,97,84,13,13
29858,80,87,-7,7
29859,60,63,-3,3
29860,104,104,0,0
29861,102,99,3,3
29862,155,149,6,6
29863,157,146,11,11
29864,122,96,26,26
29865,89,90,-1,1
29866,68,69,-1,1
29867,68,76,-8,8
29868,102,108,-6,6
29869,107,116,-9,9
29870,62,61,1,1
29871,145,158,-13,13
29872,92,94,-2,2
29873,113,107,6,6
29874,72,72,0,0
29875,67,66,1,1
29876,86,89,-3,3
29877,78,85,-7,7
29878,94,96,-2,2
29879,103,90,13,13
29880,145,158,-13,13
29881,74,71,3,3
29882,128,141,-13,13
29883,146,128,18,18
29884,54,55,-1,1
29885,162,147,15,15
29886,150,138,12,12
29887,57,53,4,4
29888,118,127,-9,9
29889,37,31,6,6
29890,121,107,14,14
29891,130,107,23,23
29892,62,72,-10,10
29893,66,83,-17,17
29894,119,105,14,14
29895,120,94,26,26
29896,100,111,-11,11
29897,121,130,-9,9
29898,85,91,-6,6
29899,99,89,10,10
29900,63,67,-4,4
29901,98,97,1,1
29902,62,52,10,10
29903,78,78,0,0
29904,61,75,-14,14
29905,110,105,5,5
29906,90,95,-5,5
29907,125,102,23,23
29908,59,49,10,10
29909,83,81,2,2
29910,103,119,-16,16
29911,66,73,-7,7
29912,131,129,2,2
29913,72,88,-16,16
29914,56,43,13,13
29915,110,111,-1,1
29916,72,79,-7,7
29917,120,120,0,0
29918,82,89,-7,7
29919,79,83,-4,4
29920,169,145,24,24
29921,140,149,-9,9
29922,139,97,42,42
29923,53,60,-7,7
29924,93,110,-17,17
29925,95,76,19,19
29926,91,89,2,2
29927,96,101,-5,5
29928,115,116,-1,1
29929,80,84,-4,4
29930,61,40,21,21
29931,125,146,-21,21
29932,79,87,-8,8
29933,113,105,8,8
29934,113,122,-9,9
29935,79,95,-16,16
29936,143,119,24,24
29937,69,87,-18,18
29938,71,97,-26,26
29939,67,81,-14,14
29940,53,41,12,12
29941,132,147,-15,15
29942,129,122,7,7
29943,85,83,2,2
29944,107,112,-5,5
29945,143,130,13,13
29946,57,67,-10,10
29947,99,103,-4,4
29948,54,58,-4,4
29949,102,121,-19,19
29950,64,69,-5,5
29951,86,116,-30,30
29952,88,88,0,0
29953,170,157,13,13
29954,71,75,-4,4
29955,127,149,-22,22
29956,61,73,-12,12
29957,63,58,5,5
29958,46,52,-6,6
29959,78,78,0,0
29960,85,90,-5,5
29961,86,75,11,11
29962,91,98,-7,7
29963,75,76,-1,1
29964,75,79,-4,4
29965,73,100,-27,27
29966,74,57,17,17
29967,69,74,-5,5
29968,77,68,9,9
29969,119,119,0,0
29970,77,90,-13,13
29971,143,138,5,5
29972,132,144,-12,12
29973,89,93,-4,4
29974,60,61,-1,1
29975,131,116,15,15
29976,83,65,18,18
29977,80,100,-20,20
29978,92,77,15,15
29979,187,183,4,4
29980,128,139,-11,11
29981,151,150,1,1
29982,44,47,-3,3
29983,83,117,-34,34
29984,78,77,1,1
29985,81,90,-9,9
29986,73,91,-18,18
29987,138,140,-2,2
29988,45,51,-6,6
29989,58,57,1,1
29990,105,108,-3,3
29991,103,120,-17,17
29992,91,91,0,0
29993,48,54,-6,6
29994,74,81,-7,7
29995,104,86,18,18
29996,69,73,-4,4
29997,62,63,-1,1
29998,140,156,-16,16
29999,129,166,-37,37
30000,98,94,4,4
30001,99,84,15,15
30002,71,68,3,3
30003,149,158,-9,9
30004,101,95,6,6
30005,114,133,-19,19
30006,181,169,12,12
30007,112,121,-9,9
30008,112,108,4,4
30009,95,101,-6,6
30010,133,130,3,3
30011,168,129,39,39
30012,24,36,-12,12
30013,119,118,1,1
30014,102,109,-7,7
30015,84,81,3,3
30016,134,136,-2,2
30017,69,67,2,2
30018,66,56,10,10
30019,74,66,8,8
30020,113,111,2,2
30021,64,83,-19,19
30022,79,76,3,3
30023,103,102,1,1
30024,107,108,-1,1
30025,66,78,-12,12
30026,88,96,-8,8
30027,158,161,-3,3
30028,123,124,-1,1
30029,73,73,0,0
30030,105,115,-10,10
30031,65,61,4,4
30032,119,123,-4,4
30033,68,70,-2,2
30034,64,73,-9,9
30035,74,70,4,4
30036,23,18,5,5
30037,97,101,-4,4
30038,124,122,2,2
30039,72,59,13,13
30040,132,137,-5,5
30041,42,56,-14,14
30042,121,112,9,9
30043,89,82,7,7
30044,113,79,34,34
30045,114,121,-7,7
30046,57,55,2,2
30047,63,64,-1,1
30048,121,121,0,0
30049,144,145,-1,1
30050,118,108,10,10
30051,64,71,-7,7
30052,121,118,3,3
30053,135,132,3,3
30054,80,97,-17,17
30055,110,114,-4,4
30056,100,107,-7,7
30057,94,102,-8,8
30058,83,82,1,1
30059,87,67,20,20
30060,67,63,4,4
30061,95,102,-7,7
30062,88,90,-2,2
30063,93,98,-5,5
30064,91,77,14,14
30065,133,131,2,2
30066,77,102,-25,25
30067,106,122,-16,16
30068,53,52,1,1
30069,89,75,14,14
30070,154,142,12,12
30071,98,108,-10,10
30072,54,57,-3,3
30073,79,90,-11,11
30074,115,123,-8,8
30075,135,138,-3,3
30076,81,74,7,7
30077,56,119,-63,63
30078,54,66,-12,12
30079,73,60,13,13
30080,80,79,1,1
30081,114,114,0,0
30082,170,190,-20,20
30083,124,102,22,22
30084,63,71,-8,8
30085,93,122,-29,29
30086,77,83,-6,6
30087,178,176,2,2
30088,67,77,-10,10
30089,72,97,-25,25
30090,60,59,1,1
30091,64,71,-7,7
30092,85,76,9,9
30093,158,158,0,0
30094,124,111,13,13
30095,70,102,-32,32
30096,61,82,-21,21
30097,110,122,-12,12
30098,94,107,-13,13
30099,161,155,6,6
30100,98,115,-17,17
30101,165,159,6,6
30102,82,95,-13,13
30103,102,117,-15,15
30104,105,97,8,8
30105,85,59,26,26
30106,106,113,-7,7
30107,91,124,-33,33
30108,86,96,-10,10
30109,44,29,15,15
30110,96,106,-10,10
30111,114,107,7,7
30112,83,94,-11,11
30113,24,40,-16,16
30114,75,82,-7,7
30115,140,154,-14,14
30116,46,55,-9,9
30117,80,83,-3,3
30118,82,100,-18,18
30119,125,128,-3,3
30120,56,59,-3,3
30121,76,86,-10,10
30122,44,48,-4,4
30123,102,95,7,7
30124,146,139,7,7
30125,46,40,6,6
30126,80,98,-18,18
30127,117,130,-13,13
30128,85,102,-17,17
30129,60,73,-13,13
30130,81,92,-11,11
30131,42,45,-3,3
30132,79,96,-17,17
30133,98,89,9,9
30134,110,115,-5,5
30135,74,72,2,2
30136,54,55,-1,1
30137,113,116,-3,3
30138,78,86,-8,8
30139,52,43,9,9
30140,449,420,29,29
30141,121,123,-2,2
30142,68,66,2,2
30143,35,45,-10,10
30144,36,8,28,28
30145,81,89,-8,8
30146,155,155,0,0
30147,207,189,18,18
30148,105,115,-10,10
30149,66,82,-16,16
30150,105,91,14,14
30151,63,65,-2,2
30152,97,95,2,2
30153,114,116,-2,2
30154,69,68,1,1
30155,181,170,11,11
30156,58,64,-6,6
30157,56,58,-2,2
30158,41,37,4,4
30159,61,70,-9,9
30160,108,133,-25,25
30161,113,111,2,2
30162,46,19,27,27
30163,85,76,9,9
30164,109,112,-3,3
30165,144,137,7,7
30166,45,79,-34,34
30167,56,48,8,8
30168,71,68,3,3
30169,83,51,32,32
30170,72,77,-5,5
30171,92,99,-7,7
30172,97,114,-17,17
30173,52,51,1,1
30174,135,139,-4,4
30175,69,60,9,9
30176,88,92,-4,4
30177,79,81,-2,2
30178,74,68,6,6
30179,74,80,-6,6
30180,102,107,-5,5
30181,154,148,6,6
30182,225,161,64,64
30183,98,93,5,5
30184,77,81,-4,4
30185,164,156,8,8
30186,144,132,12,12
30187,75,82,-7,7
30188,142,155,-13,13
30189,115,125,-10,10
30190,81,80,1,1
30191,103,122,-19,19
30192,94,97,-3,3
30193,76,93,-17,17
30194,50,72,-22,22
30195,108,123,-15,15
30196,146,147,-1,1
30197,90,91,-1,1
30198,129,133,-4,4
30199,74,113,-39,39
30200,105,100,5,5
30201,91,94,-3,3
30202,121,132,-11,11
30203,109,103,6,6
30204,85,115,-30,30
30205,111,113,-2,2
30206,136,137,-1,1
30207,74,69,5,5
30208,89,97,-8,8
30209,102,100,2,2
30210,63,57,6,6
30211,113,110,3,3
30212,92,75,17,17
30213,87,89,-2,2
30214,98,102,-4,4
30215,111,122,-11,11
30216,116,111,5,5
30217,133,143,-10,10
30218,160,119,41,41
30219,86,83,3,3
30220,132,105,27,27
30221,110,104,6,6
30222,53,54,-1,1
30223,95,90,5,5
30224,88,87,1,1
30225,56,53,3,3
30226,75,85,-10,10
30227,76,81,-5,5
30228,47,53,-6,6
30229,96,86,10,10
30230,39,65,-26,26
30231,159,153,6,6
30232,61,69,-8,8
30233,53,49,4,4
30234,84,83,1,1
30235,85,89,-4,4
30236,82,88,-6,6
30237,88,91,-3,3
30238,87,98,-11,11
30239,111,118,-7,7
30240,161,133,28,28
30241,131,119,12,12
30242,89,81,8,8
30243,156,159,-3,3
30244,61,64,-3,3
30245,94,101,-7,7
30246,102,88,14,14
30247,167,148,19,19
30248,182,171,11,11
30249,59,45,14,14
30250,162,150,12,12
30251,132,136,-4,4
30252,66,49,17,17
30253,88,85,3,3
30254,106,96,10,10
30255,59,66,-7,7
30256,86,105,-19,19
30257,45,47,-2,2
30258,42,37,5,5
30259,54,42,12,12
30260,79,77,2,2
30261,139,146,-7,7
30262,98,103,-5,5
30263,113,126,-13,13
30264,87,101,-14,14
30265,55,68,-13,13
30266,47,43,4,4
30267,93,103,-10,10
30268,55,61,-6,6
30269,113,138,-25,25
30270,87,90,-3,3
30271,138,142,-4,4
30272,106,98,8,8
30273,76,86,-10,10
30274,89,85,4,4
30275,90,103,-13,13
30276,119,121,-2,2
30277,106,104,2,2
30278,89,91,-2,2
30279,80,96,-16,16
30280,77,86,-9,9
30281,138,132,6,6
30282,99,97,2,2
30283,70,72,-2,2
30284,107,109,-2,2
30285,64,58,6,6
30286,123,110,13,13
30287,75,77,-2,2
30288,46,72,-26,26
30289,94,100,-6,6
30290,68,75,-7,7
30291,116,134,-18,18
30292,68,80,-12,12
30293,42,15,27,27
30294,74,36,38,38
30295,102,108,-6,6
30296,111,103,8,8
30297,102,124,-22,22
30298,155,181,-26,26
30299,97,103,-6,6
30300,75,63,12,12
30301,158,165,-7,7
30302,66,49,17,17
30303,72,78,-6,6
30304,197,173,24,24
30305,133,116,17,17
30306,103,107,-4,4
30307,119,135,-16,16
30308,88,99,-11,11
30309,56,76,-20,20
30310,59,77,-18,18
30311,73,82,-9,9
30312,100,108,-8,8
30313,83,83,0,0
30314,104,111,-7,7
30315,91,95,-4,4
30316,86,86,0,0
30317,62,50,12,12
30318,90,100,-10,10
30319,79,118,-39,39
30320,127,128,-1,1
30321,108,126,-18,18
30322,38,105,-67,67
30323,63,66,-3,3
30324,55,52,3,3
30325,111,91,20,20
30326,53,57,-4,4
30327,77,74,3,3
30328,143,148,-5,5
30329,136,135,1,1
30330,47,50,-3,3
30331,85,88,-3,3
30332,96,75,21,21
30333,87,90,-3,3
30334,87,95,-8,8
30335,144,120,24,24
30336,105,93,12,12
30337,96,96,0,0
30338,78,88,-10,10
30339,140,146,-6,6
30340,69,70,-1,1
30341,41,45,-4,4
30342,73,85,-12,12
30343,75,96,-21,21
30344,54,55,-1,1
30345,71,80,-9,9
30346,92,105,-13,13
30347,78,111,-33,33
30348,106,112,-6,6
30349,77,93,-16,16
30350,74,95,-21,21
30351,59,50,9,9
30352,94,88,6,6
30353,86,81,5,5
30354,102,130,-28,28
30355,87,83,4,4
30356,121,126,-5,5
30357,75,69,6,6
30358,108,100,8,8
30359,174,132,42,42
30360,119,118,1,1
30361,84,101,-17,17
30362,98,93,5,5
30363,84,105,-21,21
30364,89,87,2,2
30365,87,50,37,37
30366,43,48,-5,5
30367,95,100,-5,5
30368,62,68,-6,6
30369,97,110,-13,13
30370,110,108,2,2
30371,102,109,-7,7
30372,95,103,-8,8
30373,84,95,-11,11
30374,88,112,-24,24
30375,101,106,-5,5
30376,154,162,-8,8
30377,159,153,6,6
30378,103,101,2,2
30379,75,72,3,3
30380,119,107,12,12
30381,27,15,12,12
30382,77,82,-5,5
30383,169,145,24,24
30384,151,142,9,9
30385,72,93,-21,21
30386,145,131,14,14
30387,62,67,-5,5
30388,52,63,-11,11
30389,69,74,-5,5
30390,74,78,-4,4
30391,102,107,-5,5
30392,91,103,-12,12
30393,93,90,3,3
30394,81,88,-7,7
30395,137,126,11,11
30396,157,159,-2,2
30397,48,42,6,6
30398,122,129,-7,7
30399,64,53,11,11
30400,175,168,7,7
30401,74,80,-6,6
30402,47,37,10,10
30403,103,95,8,8
30404,88,99,-11,11
30405,64,119,-55,55
30406,94,90,4,4
30407,111,105,6,6
30408,209,198,11,11
30409,80,84,-4,4
30410,108,115,-7,7
30411,103,110,-7,7
30412,93,118,-25,25
30413,86,93,-7,7
30414,105,105,0,0
30415,110,115,-5,5
30416,82,77,5,5
30417,69,60,9,9
30418,43,13,30,30
30419,74,83,-9,9
30420,131,122,9,9
30421,137,111,26,26
30422,110,102,8,8
30423,61,70,-9,9
30424,90,93,-3,3
30425,78,97,-19,19
30426,82,95,-13,13
30427,82,85,-3,3
30428,66,60,6,6
30429,136,148,-12,12
30430,112,97,15,15
30431,71,73,-2,2
30432,114,105,9,9
30433,105,148,-43,43
30434,93,79,14,14
30435,122,136,-14,14
30436,167,160,7,7
30437,67,63,4,4
30438,62,109,-47,47
30439,116,125,-9,9
30440,120,128,-8,8
30441,126,114,12,12
30442,110,111,-1,1
30443,85,85,0,0
30444,124,122,2,2
30445,129,138,-9,9
30446,99,123,-24,24
30447,172,151,21,21
30448,76,80,-4,4
30449,64,87,-23,23
30450,138,124,14,14
30451,59,53,6,6
30452,123,87,36,36
30453,140,87,53,53
30454,67,59,8,8
30455,211,189,22,22
30456,155,139,16,16
30457,84,104,-20,20
30458,125,126,-1,1
30459,72,72,0,0
30460,121,118,3,3
30461,121,131,-10,10
30462,141,147,-6,6
30463,67,56,11,11
30464,73,100,-27,27
30465,107,124,-17,17
30466,72,59,13,13
30467,65,66,-1,1
30468,82,80,2,2
30469,87,69,18,18
30470,87,86,1,1
30471,52,42,10,10
30472,84,74,10,10
30473,81,82,-1,1
30474,75,75,0,0
30475,126,124,2,2
30476,45,61,-16,16
30477,48,60,-12,12
30478,77,77,0,0
30479,150,136,14,14
30480,100,100,0,0
30481,128,121,7,7
30482,86,85,1,1
30483,72,60,12,12
30484,108,88,20,20
30485,61,66,-5,5
30486,121,132,-11,11
30487,132,135,-3,3
30488,112,113,-1,1
30489,148,147,1,1
30490,89,106,-17,17
30491,47,45,2,2
30492,75,84,-9,9
30493,113,130,-17,17
30494,82,85,-3,3
30495,82,87,-5,5
30496,155,149,6,6
30497,114,107,7,7
30498,85,101,-16,16
30499,97,98,-1,1
30500,117,114,3,3
30501,57,54,3,3
30502,121,121,0,0
30503,50,44,6,6
30504,32,39,-7,7
30505,126,106,20,20
30506,85,97,-12,12
30507,45,52,-7,7
30508,105,94,11,11
30509,84,97,-13,13
30510,99,97,2,2
30511,129,97,32,32
30512,115,116,-1,1
30513,127,132,-5,5
30514,42,66,-24,24
30515,86,98,-12,12
30516,106,112,-6,6
30517,108,104,4,4
30518,143,146,-3,3
30519,98,108,-10,10
30520,131,107,24,24
30521,117,127,-10,10
30522,82,106,-24,24
30523,79,89,-10,10
30524,58,55,3,3
30525,96,97,-1,1
30526,105,91,14,14
30527,103,76,27,27
30528,72,95,-23,23
30529,108,121,-13,13
30530,155,142,13,13
30531,164,152,12,12
30532,60,71,-11,11
30533,130,126,4,4
30534,123,121,2,2
30535,104,119,-15,15
30536,79,72,7,7
30537,136,128,8,8
30538,130,133,-3,3
30539,135,119,16,16
30540,77,78,-1,1
30541,136,124,12,12
30542,107,94,13,13
30543,127,109,18,18
30544,116,116,0,0
30545,132,130,2,2
30546,88,83,5,5
30547,74,91,-17,17
30548,71,80,-9,9
30549,53,50,3,3
30550,57,57,0,0
30551,189,178,11,11
30552,49,38,11,11
30553,124,126,-2,2
30554,127,126,1,1
30555,45,53,-8,8
30556,110,125,-15,15
30557,104,102,2,2
30558,82,95,-13,13
30559,133,137,-4,4
30560,229,182,47,47
30561,64,78,-14,14
30562,107,93,14,14
30563,109,83,26,26
30564,174,161,13,13
30565,176,173,3,3
30566,101,91,10,10
30567,113,107,6,6
30568,139,136,3,3
30569,56,69,-13,13
30570,75,76,-1,1
30571,89,85,4,4
30572,34,35,-1,1
30573,130,137,-7,7
30574,81,85,-4,4
30575,103,79,24,24
30576,99,100,-1,1
30577,136,129,7,7
30578,37,47,-10,10
30579,82,61,21,21
30580,125,131,-6,6
30581,121,115,6,6
30582,94,103,-9,9
30583,67,63,4,4
30584,110,106,4,4
30585,82,89,-7,7
30586,106,117,-11,11
30587,154,138,16,16
30588,97,94,3,3
30589,65,65,0,0
30590,81,89,-8,8
30591,53,59,-6,6
30592,123,113,10,10
30593,123,126,-3,3
30594,60,41,19,19
30595,59,57,2,2
30596,71,100,-29,29
30597,154,136,18,18
30598,89,93,-4,4
30599,89,85,4,4
30600,95,86,9,9
30601,78,77,1,1
30602,79,78,1,1
30603,132,132,0,0
30604,124,119,5,5
30605,125,124,1,1
30606,73,79,-6,6
30607,109,115,-6,6
30608,84,93,-9,9
30609,114,113,1,1
30610,98,101,-3,3
30611,229,184,45,45
30612,118,113,5,5
30613,105,108,-3,3
30614,56,61,-5,5
30615,86,93,-7,7
30616,72,64,8,8
30617,144,163,-19,19
30618,151,145,6,6
30619,91,94,-3,3
30620,134,138,-4,4
30621,142,139,3,3
30622,119,112,7,7
30623,115,112,3,3
30624,122,121,1,1
30625,121,100,21,21
30626,145,135,10,10
30627,151,151,0,0
30628,99,108,-9,9
30629,90,71,19,19
30630,115,147,-32,32
30631,65,78,-13,13
30632,90,104,-14,14
30633,78,75,3,3
30634,65,66,-1,1
30635,77,83,-6,6
30636,64,68,-4,4
30637,204,177,27,27
30638,134,138,-4,4
30639,144,138,6,6
30640,127,124,3,3
30641,88,92,-4,4
30642,61,71,-10,10
30643,118,125,-7,7
30644,91,92,-1,1
30645,143,98,45,45
30646,166,119,47,47
30647,77,76,1,1
30648,97,85,12,12
30649,97,111,-14,14
30650,98,90,8,8
30651,71,72,-1,1
30652,77,75,2,2
30653,145,147,-2,2
30654,127,130,-3,3
30655,144,145,-1,1
30656,128,127,1,1
30657,148,137,11,11
30658,67,50,17,17
30659,147,158,-11,11
30660,85,94,-9,9
30661,98,110,-12,12
30662,72,88,-16,16
30663,74,76,-2,2
30664,111,121,-10,10
30665,80,74,6,6
30666,73,69,4,4
30667,79,84,-5,5
30668,90,76,14,14
30669,104,111,-7,7
30670,70,79,-9,9
30671,99,115,-16,16
30672,64,76,-12,12
30673,68,79,-11,11
30674,96,98,-2,2
30675,44,32,12,12
30676,84,100,-16,16
30677,81,86,-5,5
30678,152,130,22,22
30679,69,91,-22,22
30680,86,111,-25,25
30681,89,90,-1,1
30682,151,150,1,1
30683,80,84,-4,4
30684,97,101,-4,4
30685,55,45,10,10
30686,126,128,-2,2
30687,110,117,-7,7
30688,112,128,-16,16
30689,156,156,0,0
30690,52,17,35,35
30691,88,89,-1,1
30692,98,112,-14,14
30693,131,127,4,4
30694,114,115,-1,1
30695,154,159,-5,5
30696,52,43,9,9
30697,134,141,-7,7
30698,60,50,10,10
30699,68,72,-4,4
30700,119,122,-3,3
30701,61,50,11,11
30702,94,118,-24,24
30703,98,105,-7,7
30704,103,117,-14,14
30705,120,116,4,4
30706,97,78,19,19
30707,126,122,4,4
30708,103,108,-5,5
30709,97,113,-16,16
30710,89,85,4,4
30711,69,56,13,13
30712,58,45,13,13
30713,109,100,9,9
30714,91,93,-2,2
30715,76,81,-5,5
30716,206,174,32,32
30717,109,100,9,9
30718,167,165,2,2
30719,124,114,10,10
30720,68,70,-2,2
30721,162,133,29,29
30722,92,80,12,12
30723,160,163,-3,3
30724,107,109,-2,2
30725,104,94,10,10
30726,72,85,-13,13
30727,59,67,-8,8
30728,102,60,42,42
30729,110,122,-12,12
30730,71,74,-3,3
30731,96,99,-3,3
30732,117,119,-2,2
30733,67,75,-8,8
30734,64,90,-26,26
30735,111,100,11,11
30736,54,38,16,16
30737,70,74,-4,4
30738,89,84,5,5
30739,125,141,-16,16
30740,81,79,2,2
30741,132,125,7,7
30742,122,132,-10,10
30743,83,85,-2,2
30744,49,62,-13,13
30745,134,128,6,6
30746,86,84,2,2
30747,87,83,4,4
30748,113,101,12,12
30749,147,143,4,4
30750,57,65,-8,8
30751,81,90,-9,9
30752,84,98,-14,14
30753,130,120,10,10
30754,103,101,2,2
30755,57,57,0,0
30756,58,75,-17,17
30757,147,131,16,16
30758,136,138,-2,2
30759,78,86,-8,8
30760,92,94,-2,2
30761,69,76,-7,7
30762,151,134,17,17
30763,155,142,13,13
30764,80,89,-9,9
30765,71,64,7,7
30766,113,159,-46,46
30767,129,108,21,21
30768,113,124,-11,11
30769,82,89,-7,7
30770,69,73,-4,4
30771,95,95,0,0
30772,86,90,-4,4
30773,86,99,-13,13
30774,73,65,8,8
30775,84,99,-15,15
30776,99,108,-9,9
30777,159,139,20,20
30778,94,99,-5,5
30779,93,94,-1,1
30780,52,44,8,8
30781,92,104,-12,12
30782,77,90,-13,13
30783,83,96,-13,13
30784,145,163,-18,18
30785,89,97,-8,8
30786,98,88,10,10
30787,128,130,-2,2
30788,70,87,-17,17
30789,85,90,-5,5
30790,94,99,-5,5
30791,63,71,-8,8
30792,120,99,21,21
30793,93,101,-8,8
30794,113,111,2,2
30795,164,165,-1,1
30796,121,123,-2,2
30797,61,53,8,8
30798,100,89,11,11
30799,67,43,24,24
30800,107,117,-10,10
30801,56,28,28,28
30802,79,82,-3,3
30803,116,147,-31,31
30804,139,134,5,5
30805,112,131,-19,19
30806,92,97,-5,5
30807,108,105,3,3
30808,124,121,3,3
30809,158,157,1,1
30810,106,77,29,29
30811,132,131,1,1
30812,100,95,5,5
30813,64,108,-44,44
30814,128,116,12,12
30815,53,57,-4,4
30816,54,45,9,9
30817,81,80,1,1
30818,67,67,0,0
30819,97,112,-15,15
30820,129,94,35,35
30821,122,117,5,5
30822,139,134,5,5
30823,44,40,4,4
30824,131,133,-2,2
30825,67,75,-8,8
30826,115,84,31,31
30827,53,46,7,7
30828,84,78,6,6
30829,124,128,-4,4
30830,74,71,3,3
30831,104,116,-12,12
30832,70,78,-8,8
30833,112,108,4,4
30834,90,77,13,13
30835,83,115,-32,32
30836,71,72,-1,1
30837,81,100,-19,19
30838,124,141,-17,17
30839,161,165,-4,4
30840,52,49,3,3
30841,78,86,-8,8
30842,57,57,0,0
30843,113,114,-1,1
30844,105,104,1,1
30845,119,111,8,8
30846,48,53,-5,5
30847,123,154,-31,31
30848,96,113,-17,17
30849,124,114,10,10
30850,129,134,-5,5
30851,125,122,3,3
30852,104,115,-11,11
30853,117,121,-4,4
30854,151,137,14,14
30855,125,126,-1,1
30856,87,108,-21,21
30857,71,74,-3,3
30858,58,58,0,0
30859,127,133,-6,6
30860,143,139,4,4
30861,78,78,0,0
30862,114,128,-14,14
30863,49,44,5,5
30864,86,96,-10,10
30865,81,89,-8,8
30866,85,85,0,0
30867,158,125,33,33
30868,57,61,-4,4
30869,109,106,3,3
30870,95,104,-9,9
30871,45,39,6,6
30872,76,93,-17,17
30873,83,83,0,0
30874,100,115,-15,15
30875,65,79,-14,14
30876,76,89,-13,13
30877,47,49,-2,2
30878,70,71,-1,1
30879,157,150,7,7
30880,204,172,32,32
30881,88,84,4,4
30882,93,102,-9,9
30883,53,57,-4,4
30884,97,96,1,1
30885,84,100,-16,16
30886,66,72,-6,6
30887,73,84,-11,11
30888,64,70,-6,6
30889,102,87,15,15
30890,56,60,-4,4
30891,73,79,-6,6
30892,78,97,-19,19
30893,64,59,5,5
30894,89,91,-2,2
30895,108,110,-2,2
30896,79,72,7,7
30897,99,104,-5,5
30898,104,113,-9,9
30899,174,153,21,21
30900,76,84,-8,8
30901,67,57,10,10
30902,103,107,-4,4
30903,72,70,2,2
30904,65,76,-11,11
30905,79,86,-7,7
30906,39,84,-45,45
30907,42,31,11,11
30908,43,34,9,9
30909,130,124,6,6
30910,56,54,2,2
30911,67,72,-5,5
30912,61,78,-17,17
30913,79,94,-15,15
30914,122,102,20,20
30915,121,117,4,4
30916,87,77,10,10
30917,95,107,-12,12
30918,76,74,2,2
30919,98,86,12,12
30920,149,146,3,3
30921,37,36,1,1
30922,91,76,15,15
30923,99,98,1,1
30924,64,73,-9,9
30925,113,130,-17,17
30926,82,79,3,3
30927,71,73,-2,2
30928,103,113,-10,10
30929,58,63,-5,5
30930,112,112,0,0
30931,61,60,1,1
30932,60,64,-4,4
30933,118,123,-5,5
30934,48,59,-11,11
30935,86,78,8,8
30936,61,72,-11,11
30937,123,118,5,5
30938,151,152,-1,1
30939,50,53,-3,3
30940,123,129,-6,6
30941,186,165,21,21
30942,59,60,-1,1
30943,141,137,4,4
30944,130,148,-18,18
30945,83,76,7,7
30946,63,65,-2,2
30947,168,153,15,15
30948,88,105,-17,17
30949,49,57,-8,8
30950,47,73,-26,26
30951,81,86,-5,5
30952,176,159,17,17
30953,58,58,0,0
30954,48,38,10,10
30955,117,118,-1,1
30956,115,109,6,6
30957,120,115,5,5
30958,90,92,-2,2
30959,46,54,-8,8
30960,113,125,-12,12
30961,64,69,-5,5
30962,126,120,6,6
30963,153,116,37,37
30964,114,118,-4,4
30965,182,183,-1,1
30966,114,125,-11,11
30967,91,87,4,4
30968,116,115,1,1
30969,135,129,6,6
30970,70,77,-7,7
30971,80,76,4,4
30972,50,69,-19,19
30973,90,94,-4,4
30974,50,62,-12,12
30975,144,88,56,56
30976,77,26,51,51
30977,81,105,-24,24
30978,41,33,8,8
30979,80,90,-10,10
30980,97,99,-2,2
30981,65,76,-11,11
30982,70,73,-3,3
30983,176,169,7,7
30984,143,144,-1,1
30985,79,78,1,1
30986,122,123,-1,1
30987,135,120,15,15
30988,85,100,-15,15
30989,50,75,-25,25
30990,88,75,13,13
30991,120,104,16,16
30992,134,123,11,11
30993,74,70,4,4
30994,86,84,2,2
30995,95,90,5,5
30996,56,70,-14,14
30997,92,99,-7,7
30998,86,81,5,5
30999,70,89,-19,19
31000,81,82,-1,1
31001,113,104,9,9
31002,99,94,5,5
31003,77,80,-3,3
31004,31,3,28,28
31005,99,78,21,21
31006,85,91,-6,6
31007,80,89,-9,9
31008,92,92,0,0
31009,56,50,6,6
31010,139,161,-22,22
31011,51,49,2,2
31012,36,102,-66,66
31013,126,123,3,3
31014,76,84,-8,8
31015,96,126,-30,30
31016,87,101,-14,14
31017,117,118,-1,1
31018,102,109,-7,7
31019,89,94,-5,5
31020,107,85,22,22
31021,79,82,-3,3
31022,89,98,-9,9
31023,67,54,13,13
31024,114,114,0,0
31025,69,75,-6,6
31026,115,100,15,15
31027,168,175,-7,7
31028,84,81,3,3
31029,79,116,-37,37
31030,133,130,3,3
31031,123,113,10,10
31032,102,113,-11,11
31033,123,117,6,6
31034,97,101,-4,4
31035,89,94,-5,5
31036,92,104,-12,12
31037,171,166,5,5
31038,72,67,5,5
31039,92,110,-18,18
31040,54,65,-11,11
31041,113,117,-4,4
31042,110,107,3,3
31043,64,62,2,2
31044,64,53,11,11
31045,69,73,-4,4
31046,81,87,-6,6
31047,101,99,2,2
31048,92,104,-12,12
31049,85,101,-16,16
31050,58,59,-1,1
31051,124,116,8,8
31052,81,88,-7,7
31053,108,95,13,13
31054,93,94,-1,1
31055,70,67,3,3
31056,119,100,19,19
31057,65,101,-36,36
31058,90,79,11,11
31059,53,60,-7,7
31060,73,76,-3,3
31061,52,85,-33,33
31062,97,110,-13,13
31063,118,104,14,14
31064,95,101,-6,6
31065,89,88,1,1
31066,66,59,7,7
31067,75,73,2,2
31068,107,103,4,4
31069,63,72,-9,9
31070,148,136,12,12
31071,110,116,-6,6
31072,96,99,-3,3
31073,123,98,25,25
31074,123,110,13,13
31075,106,100,6,6
31076,101,107,-6,6
31077,105,111,-6,6
31078,94,120,-26,26
31079,53,77,-24,24
31080,53,41,12,12
31081,116,109,7,7
31082,122,128,-6,6
31083,96,99,-3,3
31084,117,108,9,9
31085,105,99,6,6
31086,74,80,-6,6
31087,43,47,-4,4
31088,110,101,9,9
31089,71,71,0,0
31090,72,79,-7,7
31091,109,89,20,20
31092,142,144,-2,2
31093,69,54,15,15
31094,127,139,-12,12
31095,113,125,-12,12
31096,61,64,-3,3
31097,108,106,2,2
31098,83,79,4,4
31099,58,73,-15,15
31100,107,101,6,6
31101,108,122,-14,14
31102,97,84,13,13
31103,101,98,3,3
31104,101,104,-3,3
31105,123,123,0,0
31106,68,81,-13,13
31107,89,90,-1,1
31108,47,48,-1,1
31109,128,118,10,10
31110,117,118,-1,1
31111,94,86,8,8
31112,111,115,-4,4
31113,51,43,8,8
31114,65,92,-27,27
31115,79,89,-10,10
31116,140,154,-14,14
31117,152,134,18,18
31118,108,115,-7,7
31119,115,109,6,6
31120,78,108,-30,30
31121,100,105,-5,5
31122,69,91,-22,22
31123,127,129,-2,2
31124,64,50,14,14
31125,148,146,2,2
31126,105,85,20,20
31127,123,120,3,3
31128,56,70,-14,14
31129,60,70,-10,10
31130,100,89,11,11
31131,77,100,-23,23
31132,89,98,-9,9
31133,63,60,3,3
31134,70,66,4,4
31135,74,73,1,1
31136,74,57,17,17
31137,149,131,18,18
31138,60,61,-1,1
31139,115,155,-40,40
31140,65,58,7,7
31141,95,82,13,13
31142,126,141,-15,15
31143,84,89,-5,5
31144,114,103,11,11
31145,130,119,11,11
31146,117,118,-1,1
31147,135,140,-5,5
31148,110,116,-6,6
31149,74,73,1,1
31150,91,90,1,1
31151,102,104,-2,2
31152,76,86,-10,10
31153,81,83,-2,2
31154,117,115,2,2
31155,58,74,-16,16
31156,52,74,-22,22
31157,44,54,-10,10
31158,126,138,-12,12
31159,102,103,-1,1
31160,68,57,11,11
31161,96,119,-23,23
31162,116,107,9,9
31163,96,85,11,11
31164,44,53,-9,9
31165,49,41,8,8
31166,109,116,-7,7
31167,40,48,-8,8
31168,84,123,-39,39
31169,57,46,11,11
31170,85,98,-13,13
31171,44,49,-5,5
31172,77,85,-8,8
31173,70,79,-9,9
31174,63,71,-8,8
31175,75,72,3,3
31176,88,91,-3,3
31177,98,77,21,21
31178,66,86,-20,20
31179,78,71,7,7
31180,95,106,-11,11
31181,99,122,-23,23
31182,20,109,-89,89
31183,88,99,-11,11
31184,165,165,0,0
31185,127,125,2,2
31186,55,49,6,6
31187,145,142,3,3
31188,72,79,-7,7
31189,84,93,-9,9
31190,62,67,-5,5
31191,107,109,-2,2
31192,113,90,23,23
31193,64,62,2,2
31194,132,122,10,10
31195,80,89,-9,9
31196,64,70,-6,6
31197,58,63,-5,5
31198,53,58,-5,5
31199,101,104,-3,3
31200,97,89,8,8
31201,93,98,-5,5
31202,87,79,8,8
31203,78,75,3,3
31204,70,56,14,14
31205,119,102,17,17
31206,66,67,-1,1
31207,82,99,-17,17
31208,117,118,-1,1
31209,106,96,10,10
31210,79,68,11,11
31211,129,170,-41,41
31212,95,96,-1,1
31213,66,86,-20,20
31214,63,69,-6,6
31215,128,118,10,10
31216,86,79,7,7
31217,87,117,-30,30
31218,115,73,42,42
31219,126,127,-1,1
31220,66,109,-43,43
31221,138,143,-5,5
31222,118,108,10,10
31223,105,102,3,3
31224,59,68,-9,9
31225,51,63,-12,12
31226,45,55,-10,10
31227,79,75,4,4
31228,103,102,1,1
31229,86,105,-19,19
31230,63,63,0,0
31231,104,98,6,6
31232,144,142,2,2
31233,160,166,-6,6
31234,55,68,-13,13
31235,83,80,3,3
31236,104,112,-8,8
31237,61,42,19,19
31238,92,92,0,0
31239,72,75,-3,3
31240,103,98,5,5
31241,192,170,22,22
31242,89,102,-13,13
31243,76,87,-11,11
31244,70,86,-16,16
31245,81,73,8,8
31246,96,98,-2,2
31247,120,121,-1,1
31248,88,94,-6,6
31249,81,79,2,2
31250,91,90,1,1
31251,104,89,15,15
31252,71,86,-15,15
31253,51,46,5,5
31254,138,126,12,12
31255,88,106,-18,18
31256,64,84,-20,20
31257,108,113,-5,5
31258,120,122,-2,2
31259,78,106,-28,28
31260,158,147,11,11
31261,185,169,16,16
31262,168,161,7,7
31263,96,112,-16,16
31264,100,80,20,20
31265,48,108,-60,60
31266,80,76,4,4
31267,49,57,-8,8
31268,108,115,-7,7
31269,71,75,-4,4
31270,111,114,-3,3
31271,75,96,-21,21
31272,117,115,2,2
31273,156,120,36,36
31274,111,101,10,10
31275,108,123,-15,15
31276,54,61,-7,7
31277,83,94,-11,11
31278,91,88,3,3
31279,53,62,-9,9
31280,46,60,-14,14
31281,39,34,5,5
31282,97,90,7,7
31283,97,114,-17,17
31284,93,90,3,3
31285,173,167,6,6
31286,76,81,-5,5
31287,146,144,2,2
31288,128,139,-11,11
31289,81,51,30,30
31290,90,89,1,1
31291,109,106,3,3
31292,123,105,18,18
31293,100,101,-1,1
31294,77,59,18,18
31295,77,81,-4,4
31296,109,77,32,32
31297,85,79,6,6
31298,94,99,-5,5
31299,57,50,7,7
31300,51,47,4,4
31301,50,57,-7,7
31302,80,83,-3,3
31303,73,56,17,17
31304,68,84,-16,16
31305,153,138,15,15
31306,120,131,-11,11
31307,99,111,-12,12
31308,97,111,-14,14
31309,82,86,-4,4
31310,85,110,-25,25
31311,84,93,-9,9
31312,93,114,-21,21
31313,55,59,-4,4
31314,53,54,-1,1
31315,148,144,4,4
31316,115,108,7,7
31317,116,115,1,1
31318,109,102,7,7
31319,72,91,-19,19
31320,85,91,-6,6
31321,78,73,5,5
31322,133,138,-5,5
31323,89,83,6,6
31324,53,56,-3,3
31325,145,156,-11,11
31326,75,73,2,2
31327,60,60,0,0
31328,71,77,-6,6
31329,62,61,1,1
31330,165,149,16,16
31331,51,34,17,17
31332,146,140,6,6
31333,64,76,-12,12
31334,75,86,-11,11
31335,79,69,10,10
31336,85,99,-14,14
31337,100,107,-7,7
31338,119,120,-1,1
31339,106,100,6,6
31340,79,70,9,9
31341,163,155,8,8
31342,121,129,-8,8
31343,66,77,-11,11
31344,114,105,9,9
31345,77,81,-4,4
31346,57,82,-25,25
31347,87,92,-5,5
31348,86,77,9,9
31349,71,92,-21,21
31350,124,123,1,1
31351,65,64,1,1
31352,111,114,-3,3
31353,62,66,-4,4
31354,94,92,2,2
31355,76,78,-2,2
31356,122,138,-16,16
31357,136,151,-15,15
31358,76,71,5,5
31359,82,104,-22,22
31360,62,71,-9,9
31361,65,63,2,2
31362,63,66,-3,3
31363,50,45,5,5
31364,56,55,1,1
31365,80,85,-5,5
31366,95,81,14,14
31367,94,111,-17,17
31368,90,85,5,5
31369,116,96,20,20
31370,113,107,6,6
31371,70,77,-7,7
31372,31,22,9,9
31373,70,71,-1,1
31374,72,70,2,2
31375,92,97,-5,5
31376,82,65,17,17
31377,58,82,-24,24
31378,104,117,-13,13
31379,75,91,-16,16
31380,90,93,-3,3
31381,130,135,-5,5
31382,126,131,-5,5
31383,89,85,4,4
31384,108,131,-23,23
31385,51,57,-6,6
31386,132,132,0,0
31387,91,88,3,3
31388,109,118,-9,9
31389,103,123,-20,20
31390,87,96,-9,9
31391,123,124,-1,1
31392,109,103,6,6
31393,77,89,-12,12
31394,96,99,-3,3
31395,82,89,-7,7
31396,111,119,-8,8
31397,72,79,-7,7
31398,117,124,-7,7
31399,117,118,-1,1
31400,137,132,5,5
31401,107,100,7,7
31402,91,100,-9,9
31403,110,112,-2,2
31404,76,86,-10,10
31405,83,66,17,17
31406,142,112,30,30
31407,97,97,0,0
31408,54,49,5,5
31409,71,75,-4,4
31410,91,99,-8,8
31411,100,103,-3,3
31412,47,46,1,1
31413,114,114,0,0
31414,65,59,6,6
31415,33,38,-5,5
31416,88,98,-10,10
31417,102,108,-6,6
31418,72,109,-37,37
31419,95,100,-5,5
31420,100,107,-7,7
31421,200,178,22,22
31422,147,126,21,21
31423,98,108,-10,10
31424,111,112,-1,1
31425,105,111,-6,6
31426,89,101,-12,12
31427,108,101,7,7
31428,35,75,-40,40
31429,54,62,-8,8
31430,124,132,-8,8
31431,90,95,-5,5
31432,130,127,3,3
31433,138,130,8,8
31434,143,122,21,21
31435,74,73,1,1
31436,47,67,-20,20
31437,64,82,-18,18
31438,174,159,15,15
31439,96,98,-2,2
31440,132,116,16,16
31441,66,84,-18,18
31442,105,110,-5,5
31443,128,133,-5,5
31444,99,99,0,0
31445,70,85,-15,15
31446,62,57,5,5
31447,78,58,20,20
31448,93,112,-19,19
31449,89,89,0,0
31450,104,105,-1,1
31451,74,79,-5,5
31452,102,93,9,9
31453,58,58,0,0
31454,89,90,-1,1
31455,84,79,5,5
31456,128,116,12,12
31457,91,89,2,2
31458,80,67,13,13
31459,84,91,-7,7
31460,100,103,-3,3
31461,115,109,6,6
31462,92,95,-3,3
31463,155,161,-6,6
31464,175,150,25,25
31465,79,85,-6,6
31466,70,68,2,2
31467,64,82,-18,18
31468,111,121,-10,10
31469,83,88,-5,5
31470,92,95,-3,3
31471,153,147,6,6
31472,138,136,2,2
31473,90,120,-30,30
31474,104,117,-13,13
31475,52,35,17,17
31476,72,84,-12,12
31477,76,83,-7,7
31478,69,63,6,6
31479,145,130,15,15
31480,67,67,0,0
31481,79,72,7,7
31482,103,90,13,13
31483,145,143,2,2
31484,86,95,-9,9
31485,112,109,3,3
31486,130,111,19,19
31487,173,153,20,20
31488,75,88,-13,13
31489,195,174,21,21
31490,93,103,-10,10
31491,102,89,13,13
31492,64,71,-7,7
31493,68,67,1,1
31494,58,29,29,29
31495,93,82,11,11
31496,119,89,30,30
31497,54,57,-3,3
31498,72,94,-22,22
31499,82,92,-10,10
31500,130,126,4,4
31501,75,83,-8,8
31502,73,87,-14,14
31503,72,76,-4,4
31504,243,293,-50,50
31505,62,91,-29,29
31506,79,86,-7,7
31507,129,129,0,0
31508,119,108,11,11
31509,121,131,-10,10
31510,135,130,5,5
31511,64,46,18,18
31512,84,76,8,8
31513,68,83,-15,15
31514,89,90,-1,1
31515,59,56,3,3
31516,67,85,-18,18
31517,108,110,-2,2
31518,55,66,-11,11
31519,161,131,30,30
31520,75,84,-9,9
31521,113,114,-1,1
31522,102,110,-8,8
31523,116,112,4,4
31524,134,120,14,14
31525,161,120,41,41
31526,122,93,29,29
31527,103,127,-24,24
31528,75,65,10,10
31529,162,151,11,11
31530,76,89,-13,13
31531,57,63,-6,6
31532,74,67,7,7
31533,78,59,19,19
31534,68,66,2,2
31535,101,93,8,8
31536,66,73,-7,7
31537,61,96,-35,35
31538,120,114,6,6
31539,62,63,-1,1
31540,149,135,14,14
31541,85,105,-20,20
31542,126,119,7,7
31543,192,161,31,31
31544,94,93,1,1
31545,69,56,13,13
31546,99,82,17,17
31547,114,110,4,4
31548,75,83,-8,8
31549,113,129,-16,16
31550,165,132,33,33
31551,133,126,7,7
31552,86,117,-31,31
31553,72,76,-4,4
31554,97,105,-8,8
31555,113,113,0,0
31556,110,120,-10,10
31557,119,118,1,1
31558,60,54,6,6
31559,72,58,14,14
31560,110,114,-4,4
31561,151,150,1,1
31562,70,84,-14,14
31563,89,93,-4,4
31564,112,103,9,9
31565,70,85,-15,15
31566,64,60,4,4
31567,155,150,5,5
31568,103,112,-9,9
31569,115,102,13,13
31570,57,58,-1,1
31571,92,98,-6,6
31572,96,92,4,4
31573,61,73,-12,12
31574,144,117,27,27
31575,75,81,-6,6
31576,138,131,7,7
31577,103,109,-6,6
31578,118,103,15,15
31579,80,103,-23,23
31580,107,104,3,3
31581,84,91,-7,7
31582,87,88,-1,1
31583,56,71,-15,15
31584,129,84,45,45
31585,94,96,-2,2
31586,72,59,13,13
31587,193,145,48,48
31588,141,131,10,10
31589,98,100,-2,2
31590,116,128,-12,12
31591,154,144,10,10
31592,116,108,8,8
31593,75,86,-11,11
31594,107,103,4,4
31595,83,81,2,2
31596,103,119,-16,16
31597,99,94,5,5
31598,109,120,-11,11
31599,95,85,10,10
31600,85,83,2,2
31601,81,82,-1,1
31602,112,114,-2,2
31603,82,98,-16,16
31604,56,61,-5,5
31605,64,59,5,5
31606,105,132,-27,27
31607,118,85,33,33
31608,82,89,-7,7
31609,96,103,-7,7
31610,69,75,-6,6
31611,128,130,-2,2
31612,88,99,-11,11
31613,90,99,-9,9
31614,141,143,-2,2
31615,75,84,-9,9
31616,108,109,-1,1
31617,153,150,3,3
31618,101,94,7,7
31619,76,78,-2,2
31620,86,102,-16,16
31621,49,50,-1,1
31622,130,128,2,2
31623,95,99,-4,4
31624,33,37,-4,4
31625,156,166,-10,10
31626,49,37,12,12
31627,89,85,4,4
31628,86,74,12,12
31629,80,88,-8,8
31630,97,101,-4,4
31631,59,73,-14,14
31632,153,151,2,2
31633,51,48,3,3
31634,88,81,7,7
31635,145,165,-20,20
31636,165,162,3,3
31637,74,88,-14,14
31638,80,87,-7,7
31639,101,105,-4,4
31640,46,52,-6,6
31641,62,66,-4,4
31642,107,100,7,7
31643,66,71,-5,5
31644,153,146,7,7
31645,75,82,-7,7
31646,49,69,-20,20
31647,120,120,0,0
31648,131,130,1,1
31649,106,100,6,6
31650,147,131,16,16
31651,81,86,-5,5
31652,94,106,-12,12
31653,57,52,5,5
31654,61,76,-15,15
31655,47,40,7,7
31656,53,49,4,4
31657,117,115,2,2
31658,98,85,13,13
31659,48,46,2,2
31660,190,176,14,14
31661,68,49,19,19
31662,106,100,6,6
31663,57,68,-11,11
31664,131,93,38,38
31665,132,130,2,2
31666,74,77,-3,3
31667,125,132,-7,7
31668,86,90,-4,4
31669,49,51,-2,2
31670,95,87,8,8
31671,67,71,-4,4
31672,82,91,-9,9
31673,93,93,0,0
31674,52,60,-8,8
31675,55,51,4,4
31676,111,107,4,4
31677,73,79,-6,6
31678,72,82,-10,10
31679,160,158,2,2
31680,97,101,-4,4
31681,95,86,9,9
31682,117,99,18,18
31683,67,62,5,5
31684,55,63,-8,8
31685,103,109,-6,6
31686,108,126,-18,18
31687,82,81,1,1
31688,155,145,10,10
31689,87,30,57,57
31690,88,84,4,4
31691,84,89,-5,5
31692,66,52,14,14
31693,59,63,-4,4
31694,80,86,-6,6
31695,120,124,-4,4
31696,92,86,6,6
31697,36,26,10,10
31698,89,80,9,9
31699,113,94,19,19
31700,86,115,-29,29
31701,117,142,-25,25
31702,78,67,11,11
31703,72,81,-9,9
31704,76,68,8,8
31705,76,71,5,5
31706,87,83,4,4
31707,76,104,-28,28
31708,79,74,5,5
31709,51,48,3,3
31710,121,105,16,16
31711,100,95,5,5
31712,83,85,-2,2
31713,84,87,-3,3
31714,100,124,-24,24
31715,125,107,18,18
31716,73,67,6,6
31717,59,77,-18,18
31718,79,82,-3,3
31719,76,85,-9,9
31720,108,108,0,0
31721,64,75,-11,11
31722,101,95,6,6
31723,140,136,4,4
31724,89,107,-18,18
31725,72,65,7,7
31726,82,93,-11,11
31727,68,74,-6,6
31728,41,45,-4,4
31729,77,78,-1,1
31730,150,136,14,14
31731,121,117,4,4
31732,96,117,-21,21
31733,50,52,-2,2
31734,45,49,-4,4
31735,118,129,-11,11
31736,108,111,-3,3
31737,74,86,-12,12
31738,148,129,19,19
31739,109,104,5,5
31740,53,60,-7,7
31741,69,66,3,3
31742,75,77,-2,2
31743,75,91,-16,16
31744,93,86,7,7
31745,36,17,19,19
31746,62,69,-7,7
31747,139,136,3,3
31748,67,63,4,4
31749,199,173,26,26
31750,61,45,16,16
31751,66,64,2,2
31752,58,67,-9,9
31753,58,84,-26,26
31754,98,114,-16,16
31755,65,70,-5,5
31756,96,88,8,8
31757,105,111,-6,6
31758,44,61,-17,17
31759,116,116,0,0
31760,87,81,6,6
31761,94,83,11,11
31762,130,136,-6,6
31763,103,100,3,3
31764,85,86,-1,1
31765,94,102,-8,8
31766,78,65,13,13
31767,120,116,4,4
31768,48,52,-4,4
31769,107,95,12,12
31770,87,86,1,1
31771,115,120,-5,5
31772,122,111,11,11
31773,137,127,10,10
31774,19,10,9,9
31775,90,94,-4,4
31776,45,38,7,7
31777,53,54,-1,1
31778,132,125,7,7
31779,54,32,22,22
31780,123,139,-16,16
31781,88,101,-13,13
31782,90,68,22,22
31783,112,116,-4,4
31784,67,100,-33,33
31785,50,55,-5,5
31786,65,67,-2,2
31787,44,57,-13,13
31788,86,107,-21,21
31789,65,79,-14,14
31790,80,106,-26,26
31791,128,126,2,2
31792,166,134,32,32
31793,105,110,-5,5
31794,77,85,-8,8
31795,113,114,-1,1
31796,82,83,-1,1
31797,94,103,-9,9
31798,123,115,8,8
31799,118,119,-1,1
31800,159,141,18,18
31801,100,82,18,18
31802,95,117,-22,22
31803,128,115,13,13
31804,67,84,-17,17
31805,131,113,18,18
31806,78,81,-3,3
31807,58,66,-8,8
31808,126,116,10,10
31809,136,153,-17,17
31810,75,69,6,6
31811,100,106,-6,6
31812,52,46,6,6
31813,94,34,60,60
31814,64,63,1,1
31815,65,63,2,2
31816,85,92,-7,7
31817,100,108,-8,8
31818,134,137,-3,3
31819,88,98,-10,10
31820,87,93,-6,6
31821,112,102,10,10
31822,222,201,21,21
31823,103,102,1,1
31824,131,151,-20,20
31825,143,124,19,19
31826,89,98,-9,9
31827,144,140,4,4
31828,90,85,5,5
31829,117,107,10,10
31830,41,39,2,2
31831,161,152,9,9
31832,87,95,-8,8
31833,67,73,-6,6
31834,89,37,52,52
31835,58,50,8,8
31836,54,55,-1,1
31837,66,66,0,0
31838,62,68,-6,6
31839,46,49,-3,3
31840,116,116,0,0
31841,146,150,-4,4
31842,153,163,-10,10
31843,110,91,19,19
31844,83,88,-5,5
31845,138,133,5,5
31846,117,112,5,5
31847,86,77,9,9
31848,170,166,4,4
31849,96,118,-22,22
31850,57,61,-4,4
31851,102,97,5,5
31852,96,88,8,8
31853,88,97,-9,9
31854,117,121,-4,4
31855,83,94,-11,11
31856,94,112,-18,18
31857,68,83,-15,15
31858,81,69,12,12
31859,165,164,1,1
31860,93,86,7,7
31861,169,154,15,15
31862,79,77,2,2
31863,91,102,-11,11
31864,96,94,2,2
31865,107,93,14,14
31866,98,102,-4,4
31867,81,80,1,1
31868,125,122,3,3
31869,111,110,1,1
31870,50,60,-10,10
31871,102,110,-8,8
31872,94,89,5,5
31873,57,61,-4,4
31874,110,108,2,2
31875,89,100,-11,11
31876,69,69,0,0
31877,116,119,-3,3
31878,135,120,15,15
31879,76,70,6,6
31880,98,87,11,11
31881,72,71,1,1
31882,68,89,-21,21
31883,77,75,2,2
31884,125,134,-9,9
31885,115,107,8,8
31886,136,128,8,8
31887,80,88,-8,8
31888,82,84,-2,2
31889,76,79,-3,3
31890,82,72,10,10
31891,138,125,13,13
31892,108,105,3,3
31893,153,148,5,5
31894,76,74,2,2
31895,100,89,11,11
31896,97,106,-9,9
31897,119,109,10,10
31898,35,28,7,7
31899,39,25,14,14
31900,102,92,10,10
31901,93,117,-24,24
31902,122,117,5,5
31903,88,84,4,4
31904,84,85,-1,1
31905,207,201,6,6
31906,67,57,10,10
31907,111,118,-7,7
31908,75,87,-12,12
31909,112,92,20,20
31910,59,70,-11,11
31911,66,72,-6,6
31912,161,149,12,12
31913,80,86,-6,6
31914,64,106,-42,42
31915,123,113,10,10
31916,123,119,4,4
31917,144,139,5,5
31918,61,64,-3,3
31919,85,63,22,22
31920,100,96,4,4
31921,100,103,-3,3
31922,65,67,-2,2
31923,75,49,26,26
31924,104,94,10,10
31925,112,105,7,7
31926,93,109,-16,16
31927,69,63,6,6
31928,58,69,-11,11
31929,120,108,12,12
31930,131,127,4,4
31931,101,91,10,10
31932,156,159,-3,3
31933,83,79,4,4
31934,62,67,-5,5
31935,94,98,-4,4
31936,87,95,-8,8
31937,182,164,18,18
31938,132,133,-1,1
31939,100,115,-15,15
31940,74,78,-4,4
31941,57,64,-7,7
31942,95,90,5,5
31943,64,52,12,12
31944,99,99,0,0
31945,102,108,-6,6
31946,144,138,6,6
31947,152,141,11,11
31948,66,72,-6,6
31949,57,73,-16,16
31950,73,91,-18,18
31951,85,87,-2,2
31952,111,121,-10,10
31953,78,88,-10,10
31954,87,93,-6,6
31955,58,65,-7,7
31956,125,131,-6,6
31957,98,95,3,3
31958,127,113,14,14
31959,125,120,5,5
31960,107,109,-2,2
31961,57,50,7,7
31962,161,153,8,8
31963,109,119,-10,10
31964,110,85,25,25
31965,64,60,4,4
31966,304,306,-2,2
31967,75,75,0,0
31968,161,163,-2,2
31969,85,96,-11,11
31970,124,110,14,14
31971,53,50,3,3
31972,98,101,-3,3
31973,124,118,6,6
31974,67,78,-11,11
31975,59,100,-41,41
31976,115,102,13,13
31977,91,93,-2,2
31978,108,110,-2,2
31979,82,81,1,1
31980,104,97,7,7
31981,65,77,-12,12
31982,107,104,3,3
31983,140,134,6,6
31984,83,92,-9,9
31985,128,118,10,10
31986,65,64,1,1
31987,70,77,-7,7
31988,160,162,-2,2
31989,94,94,0,0
31990,74,74,0,0
31991,99,99,0,0
31992,105,102,3,3
31993,65,80,-15,15
31994,46,62,-16,16
31995,72,83,-11,11
31996,53,31,22,22
31997,110,115,-5,5
31998,100,88,12,12
31999,65,80,-15,15
32000,102,98,4,4
32001,128,125,3,3
32002,90,99,-9,9
32003,139,160,-21,21
32004,145,129,16,16
32005,89,87,2,2
32006,68,74,-6,6
32007,64,52,12,12
32008,79,92,-13,13
32009,86,81,5,5
32010,60,64,-4,4
32011,101,109,-8,8
32012,36,40,-4,4
32013,103,99,4,4
32014,52,51,1,1
32015,152,156,-4,4
32016,80,78,2,2
32017,142,130,12,12
32018,129,110,19,19
32019,140,124,16,16
32020,49,66,-17,17
32021,147,155,-8,8
32022,100,85,15,15
32023,59,77,-18,18
32024,106,117,-11,11
32025,88,95,-7,7
32026,86,86,0,0
32027,106,88,18,18
32028,110,110,0,0
32029,43,31,12,12
32030,114,124,-10,10
32031,77,64,13,13
32032,103,100,3,3
32033,125,133,-8,8
32034,65,69,-4,4
32035,105,102,3,3
32036,98,130,-32,32
32037,132,146,-14,14
32038,119,124,-5,5
32039,80,76,4,4
32040,107,132,-25,25
32041,94,95,-1,1
32042,59,60,-1,1
32043,109,109,0,0
32044,144,138,6,6
32045,45,62,-17,17
32046,66,51,15,15
32047,122,129,-7,7
32048,88,91,-3,3
32049,53,31,22,22
32050,58,76,-18,18
32051,68,74,-6,6
32052,104,108,-4,4
32053,129,138,-9,9
32054,55,57,-2,2
32055,80,84,-4,4
32056,100,113,-13,13
32057,64,81,-17,17
32058,150,144,6,6
32059,80,77,3,3
32060,96,91,5,5
32061,83,80,3,3
32062,39,49,-10,10
32063,112,89,23,23
32064,146,123,23,23
32065,91,111,-20,20
32066,77,87,-10,10
32067,121,116,5,5
32068,113,114,-1,1
32069,132,140,-8,8
32070,102,102,0,0
32071,71,66,5,5
32072,81,95,-14,14
32073,60,80,-20,20
32074,112,104,8,8
32075,95,99,-4,4
32076,116,117,-1,1
32077,85,91,-6,6
32078,116,124,-8,8
32079,107,120,-13,13
32080,156,138,18,18
32081,84,92,-8,8
32082,77,84,-7,7
32083,111,101,10,10
32084,61,87,-26,26
32085,124,127,-3,3
32086,106,96,10,10
32087,116,112,4,4
32088,64,72,-8,8
32089,108,102,6,6
32090,76,74,2,2
32091,72,77,-5,5
32092,75,75,0,0
32093,66,65,1,1
32094,128,141,-13,13
32095,189,152,37,37
32096,120,125,-5,5
32097,64,72,-8,8
32098,141,135,6,6
32099,96,96,0,0
32100,170,162,8,8
32101,83,82,1,1
32102,101,101,0,0
32103,81,97,-16,16
32104,43,45,-2,2
32105,150,145,5,5
32106,70,59,11,11
32107,89,86,3,3
32108,115,110,5,5
32109,103,99,4,4
32110,54,73,-19,19
32111,63,69,-6,6
32112,127,129,-2,2
32113,96,83,13,13
32114,79,92,-13,13
32115,83,101,-18,18
32116,108,99,9,9
32117,116,107,9,9
32118,121,117,4,4
32119,127,113,14,14
32120,109,118,-9,9
32121,96,95,1,1
32122,82,71,11,11
32123,103,127,-24,24
32124,142,121,21,21
32125,161,153,8,8
32126,126,127,-1,1
32127,78,88,-10,10
32128,157,169,-12,12
32129,63,66,-3,3
32130,64,59,5,5
32131,90,87,3,3
32132,95,118,-23,23
32133,146,153,-7,7
32134,56,54,2,2
32135,48,59,-11,11
32136,68,79,-11,11
32137,94,101,-7,7
32138,87,87,0,0
32139,122,103,19,19
32140,126,103,23,23
32141,55,54,1,1
32142,61,69,-8,8
32143,89,108,-19,19
32144,62,74,-12,12
32145,71,80,-9,9
32146,87,88,-1,1
32147,39,18,21,21
32148,123,97,26,26
32149,79,88,-9,9
32150,109,117,-8,8
32151,101,118,-17,17
32152,107,92,15,15
32153,114,111,3,3
32154,81,99,-18,18
32155,167,155,12,12
32156,71,81,-10,10
32157,65,73,-8,8
32158,76,76,0,0
32159,94,101,-7,7
32160,162,156,6,6
32161,86,106,-20,20
32162,162,151,11,11
32163,50,81,-31,31
32164,109,89,20,20
32165,70,69,1,1
32166,69,76,-7,7
32167,36,40,-4,4
32168,117,113,4,4
32169,104,92,12,12
32170,107,95,12,12
32171,66,65,1,1
32172,98,98,0,0
32173,113,132,-19,19
32174,57,61,-4,4
32175,117,114,3,3
32176,79,78,1,1
32177,88,108,-20,20
32178,101,99,2,2
32179,98,96,2,2
32180,164,171,-7,7
32181,108,113,-5,5
32182,79,89,-10,10
32183,77,89,-12,12
32184,81,83,-2,2
32185,111,113,-2,2
32186,108,114,-6,6
32187,104,95,9,9
32188,51,44,7,7
32189,79,46,33,33
32190,141,136,5,5
32191,105,81,24,24
32192,79,79,0,0
32193,121,116,5,5
32194,85,103,-18,18
32195,60,61,-1,1
32196,76,85,-9,9
32197,66,58,8,8
32198,140,132,8,8
32199,115,95,20,20
32200,135,115,20,20
32201,137,156,-19,19
32202,108,102,6,6
32203,56,62,-6,6
32204,145,142,3,3
32205,107,125,-18,18
32206,75,107,-32,32
32207,73,73,0,0
32208,58,69,-11,11
32209,73,78,-5,5
32210,100,98,2,2
32211,154,145,9,9
32212,89,93,-4,4
32213,86,84,2,2
32214,218,168,50,50
32215,96,102,-6,6
32216,72,74,-2,2
32217,136,141,-5,5
32218,197,196,1,1
32219,75,49,26,26
32220,138,138,0,0
32221,112,129,-17,17
32222,97,108,-11,11
32223,50,46,4,4
32224,144,116,28,28
32225,62,76,-14,14
32226,91,116,-25,25
32227,108,116,-8,8
32228,111,104,7,7
32229,154,115,39,39
32230,84,87,-3,3
32231,181,169,12,12
32232,80,101,-21,21
32233,134,129,5,5
32234,78,81,-3,3
32235,243,182,61,61
32236,59,48,11,11
32237,83,73,10,10
32238,76,57,19,19
32239,88,101,-13,13
32240,62,62,0,0
32241,81,97,-16,16
32242,127,129,-2,2
32243,119,123,-4,4
32244,70,76,-6,6
32245,114,112,2,2
32246,91,101,-10,10
32247,120,121,-1,1
32248,61,54,7,7
32249,73,76,-3,3
32250,77,82,-5,5
32251,175,164,11,11
32252,86,86,0,0
32253,125,120,5,5
32254,109,110,-1,1
32255,90,103,-13,13
32256,71,82,-11,11
32257,64,69,-5,5
32258,91,70,21,21
32259,116,119,-3,3
32260,63,75,-12,12
32261,79,68,11,11
32262,56,54,2,2
32263,144,135,9,9
32264,130,118,12,12
32265,73,104,-31,31
32266,64,83,-19,19
32267,146,131,15,15
32268,30,47,-17,17
32269,107,115,-8,8
32270,80,83,-3,3
32271,94,125,-31,31
32272,57,61,-4,4
32273,85,96,-11,11
32274,157,144,13,13
32275,131,126,5,5
32276,170,144,26,26
32277,115,131,-16,16
32278,124,109,15,15
32279,83,76,7,7
32280,139,141,-2,2
32281,104,105,-1,1
32282,54,52,2,2
32283,117,114,3,3
32284,84,88,-4,4
32285,97,91,6,6
32286,50,26,24,24
32287,57,74,-17,17
32288,84,93,-9,9
32289,70,81,-11,11
32290,75,83,-8,8
32291,33,119,-86,86
32292,110,126,-16,16
32293,60,63,-3,3
32294,66,73,-7,7
32295,121,103,18,18
32296,97,95,2,2
32297,128,115,13,13
32298,82,84,-2,2
32299,110,119,-9,9
32300,135,142,-7,7
32301,96,96,0,0
32302,79,83,-4,4
32303,82,79,3,3
32304,112,99,13,13
32305,119,128,-9,9
32306,113,86,27,27
32307,129,130,-1,1
32308,30,13,17,17
32309,143,153,-10,10
32310,48,68,-20,20
32311,70,72,-2,2
32312,66,92,-26,26
32313,117,129,-12,12
32314,49,56,-7,7
32315,73,89,-16,16
32316,104,130,-26,26
32317,78,98,-20,20
32318,94,88,6,6
32319,39,35,4,4
32320,163,158,5,5
32321,131,133,-2,2
32322,78,120,-42,42
32323,107,122,-15,15
32324,40,45,-5,5
32325,83,86,-3,3
32326,88,90,-2,2
32327,104,105,-1,1
32328,116,100,16,16
32329,144,134,10,10
32330,93,93,0,0
32331,89,87,2,2
32332,110,116,-6,6
32333,62,99,-37,37
32334,100,99,1,1
32335,79,92,-13,13
32336,80,75,5,5
32337,120,124,-4,4
32338,84,73,11,11
32339,88,103,-15,15
32340,132,110,22,22
32341,93,93,0,0
32342,79,84,-5,5
32343,27,37,-10,10
32344,97,107,-10,10
32345,167,163,4,4
32346,146,166,-20,20
32347,45,39,6,6
32348,53,59,-6,6
32349,57,63,-6,6
32350,40,41,-1,1
32351,77,79,-2,2
32352,120,115,5,5
32353,87,105,-18,18
32354,189,175,14,14
32355,84,96,-12,12
32356,68,70,-2,2
32357,85,82,3,3
32358,75,95,-20,20
32359,58,59,-1,1
32360,67,74,-7,7
32361,58,65,-7,7
32362,38,45,-7,7
32363,63,64,-1,1
32364,82,94,-12,12
32365,111,130,-19,19
32366,168,149,19,19
32367,67,71,-4,4
32368,92,83,9,9
32369,43,40,3,3
32370,126,117,9,9
32371,94,104,-10,10
32372,108,125,-17,17
32373,80,86,-6,6
32374,159,135,24,24
32375,101,86,15,15
32376,71,64,7,7
32377,77,81,-4,4
32378,53,57,-4,4
32379,96,106,-10,10
32380,144,135,9,9
32381,96,109,-13,13
32382,120,125,-5,5
32383,91,80,11,11
32384,57,75,-18,18
32385,95,100,-5,5
32386,114,118,-4,4
32387,115,94,21,21
32388,63,57,6,6
32389,103,97,6,6
32390,213,183,30,30
32391,82,103,-21,21
32392,113,111,2,2
32393,75,83,-8,8
32394,122,127,-5,5
32395,82,66,16,16
32396,112,106,6,6
32397,114,110,4,4
32398,62,50,12,12
32399,145,134,11,11
32400,153,157,-4,4
32401,102,107,-5,5
32402,65,73,-8,8
32403,79,72,7,7
32404,85,97,-12,12
32405,69,59,10,10
32406,69,74,-5,5
32407,106,79,27,27
32408,73,72,1,1
32409,95,83,12,12
32410,68,72,-4,4
32411,72,74,-2,2
32412,71,87,-16,16
32413,135,123,12,12
32414,115,114,1,1
32415,75,74,1,1
32416,57,59,-2,2
32417,33,39,-6,6
32418,73,71,2,2
32419,147,143,4,4
32420,100,95,5,5
32421,81,82,-1,1
32422,130,103,27,27
32423,63,57,6,6
32424,75,85,-10,10
32425,97,114,-17,17
32426,80,98,-18,18
32427,67,71,-4,4
32428,135,120,15,15
32429,48,46,2,2
32430,113,122,-9,9
32431,62,70,-8,8
32432,66,61,5,5
32433,62,43,19,19
32434,140,149,-9,9
32435,82,87,-5,5
32436,86,96,-10,10
32437,123,146,-23,23
32438,134,127,7,7
32439,63,69,-6,6
32440,142,145,-3,3
32441,63,86,-23,23
32442,94,94,0,0
32443,72,76,-4,4
32444,146,126,20,20
32445,90,104,-14,14
32446,57,60,-3,3
32447,51,62,-11,11
32448,64,59,5,5
32449,80,86,-6,6
32450,105,106,-1,1
32451,109,118,-9,9
32452,99,119,-20,20
32453,209,201,8,8
32454,82,81,1,1
32455,49,36,13,13
32456,72,77,-5,5
32457,62,61,1,1
32458,50,50,0,0
32459,153,156,-3,3
32460,140,80,60,60
32461,95,91,4,4
32462,81,77,4,4
32463,114,106,8,8
32464,130,130,0,0
32465,31,36,-5,5
32466,86,91,-5,5
32467,100,109,-9,9
32468,58,61,-3,3
32469,58,43,15,15
32470,95,82,13,13
32471,121,134,-13,13
32472,83,89,-6,6
32473,152,138,14,14
32474,138,140,-2,2
32475,128,126,2,2
32476,92,115,-23,23
32477,64,102,-38,38
32478,72,81,-9,9
32479,110,119,-9,9
32480,57,48,9,9
32481,99,100,-1,1
32482,98,98,0,0
32483,73,83,-10,10
32484,53,70,-17,17
32485,55,101,-46,46
32486,61,51,10,10
32487,239,205,34,34
32488,86,83,3,3
32489,133,105,28,28
32490,80,100,-20,20
32491,76,78,-2,2
32492,79,82,-3,3
32493,140,109,31,31
32494,97,104,-7,7
32495,74,76,-2,2
32496,142,123,19,19
32497,82,86,-4,4
32498,62,64,-2,2
32499,101,122,-21,21
32500,69,91,-22,22
32501,171,142,29,29
32502,69,74,-5,5
32503,72,72,0,0
32504,93,99,-6,6
32505,78,97,-19,19
32506,68,53,15,15
32507,54,55,-1,1
32508,110,115,-5,5
32509,69,95,-26,26
32510,92,81,11,11
32511,65,73,-8,8
32512,28,23,5,5
32513,65,70,-5,5
32514,69,63,6,6
32515,119,109,10,10
32516,78,73,5,5
32517,75,71,4,4
32518,70,74,-4,4
32519,57,77,-20,20
32520,88,94,-6,6
32521,80,74,6,6
32522,113,132,-19,19
32523,63,74,-11,11
32524,91,94,-3,3
32525,141,128,13,13
32526,88,105,-17,17
32527,46,46,0,0
32528,109,109,0,0
32529,98,103,-5,5
32530,177,166,11,11
32531,142,144,-2,2
32532,56,54,2,2
32533,166,135,31,31
32534,70,60,10,10
32535,64,68,-4,4
32536,70,71,-1,1
32537,66,73,-7,7
32538,104,117,-13,13
32539,131,139,-8,8
32540,82,83,-1,1
32541,65,48,17,17
32542,95,100,-5,5
32543,79,70,9,9
32544,86,87,-1,1
32545,84,90,-6,6
32546,103,105,-2,2
32547,77,85,-8,8
32548,125,124,1,1
32549,122,127,-5,5
32550,64,68,-4,4
32551,95,113,-18,18
32552,79,96,-17,17
32553,67,77,-10,10
32554,160,143,17,17
32555,103,98,5,5
32556,114,118,-4,4
32557,74,78,-4,4
32558,123,143,-20,20
32559,50,66,-16,16
32560,53,47,6,6
32561,195,183,12,12
32562,71,79,-8,8
32563,171,141,30,30
32564,90,107,-17,17
32565,75,75,0,0
32566,84,94,-10,10
32567,86,128,-42,42
32568,101,101,0,0
32569,131,119,12,12
32570,159,142,17,17
32571,52,58,-6,6
32572,119,112,7,7
32573,85,91,-6,6
32574,97,98,-1,1
32575,73,76,-3,3
32576,54,60,-6,6
32577,73,69,4,4
32578,127,121,6,6
32579,164,156,8,8
32580,104,102,2,2
32581,57,71,-14,14
32582,40,43,-3,3
32583,103,106,-3,3
32584,149,148,1,1
32585,105,97,8,8
32586,184,170,14,14
32587,74,71,3,3
32588,145,138,7,7
32589,74,89,-15,15
32590,83,106,-23,23
32591,82,77,5,5
32592,85,70,15,15
32593,133,148,-15,15
32594,68,62,6,6
32595,56,57,-1,1
32596,183,171,12,12
32597,66,58,8,8
32598,115,129,-14,14
32599,86,91,-5,5
32600,64,99,-35,35
32601,41,52,-11,11
32602,97,118,-21,21
32603,76,74,2,2
32604,64,77,-13,13
32605,67,68,-1,1
32606,92,91,1,1
32607,86,87,-1,1
32608,86,92,-6,6
32609,114,114,0,0
32610,134,130,4,4
32611,80,65,15,15
32612,151,175,-24,24
32613,99,95,4,4
32614,144,134,10,10
32615,118,113,5,5
32616,74,88,-14,14
32617,85,90,-5,5
32618,51,54,-3,3
32619,57,66,-9,9
32620,152,141,11,11
32621,80,87,-7,7
32622,83,79,4,4
32623,69,66,3,3
32624,126,140,-14,14
32625,178,158,20,20
32626,101,106,-5,5
32627,110,127,-17,17
32628,53,46,7,7
32629,89,102,-13,13
32630,97,97,0,0
32631,81,85,-4,4
32632,87,91,-4,4
32633,52,54,-2,2
32634,98,103,-5,5
32635,109,110,-1,1
32636,103,98,5,5
32637,90,77,13,13
32638,73,54,19,19
32639,157,149,8,8
32640,106,105,1,1
32641,144,141,3,3
32642,105,109,-4,4
32643,191,156,35,35
32644,79,76,3,3
32645,113,116,-3,3
32646,66,66,0,0
32647,62,95,-33,33
32648,71,86,-15,15
32649,93,119,-26,26
32650,90,83,7,7
32651,81,80,1,1
32652,97,97,0,0
32653,43,56,-13,13
32654,150,135,15,15
32655,78,75,3,3
32656,122,99,23,23
32657,76,70,6,6
32658,50,62,-12,12
32659,78,78,0,0
32660,68,79,-11,11
32661,92,97,-5,5
32662,65,83,-18,18
32663,112,111,1,1
32664,69,62,7,7
32665,86,86,0,0
32666,73,75,-2,2
32667,99,101,-2,2
32668,99,103,-4,4
32669,70,81,-11,11
32670,88,85,3,3
32671,66,64,2,2
32672,123,126,-3,3
32673,72,64,8,8
32674,120,127,-7,7
32675,51,50,1,1
32676,68,58,10,10
32677,103,117,-14,14
32678,76,82,-6,6
32679,77,89,-12,12
32680,143,156,-13,13
32681,128,135,-7,7
32682,87,89,-2,2
32683,47,41,6,6
32684,119,117,2,2
32685,119,105,14,14
32686,52,50,2,2
32687,123,120,3,3
32688,78,81,-3,3
32689,135,146,-11,11
32690,65,73,-8,8
32691,50,57,-7,7
32692,59,87,-28,28
32693,95,78,17,17
32694,74,85,-11,11
32695,127,113,14,14
32696,135,122,13,13
32697,80,85,-5,5
32698,81,83,-2,2
32699,102,119,-17,17
32700,131,142,-11,11
32701,96,98,-2,2
32702,100,95,5,5
32703,104,124,-20,20
32704,112,80,32,32
32705,103,100,3,3
32706,96,92,4,4
32707,86,85,1,1
32708,130,145,-15,15
32709,47,52,-5,5
32710,118,107,11,11
32711,81,80,1,1
32712,117,104,13,13
32713,77,92,-15,15
32714,129,125,4,4
32715,111,90,21,21
32716,131,127,4,4
32717,67,76,-9,9
32718,66,98,-32,32
32719,111,119,-8,8
32720,71,82,-11,11
32721,58,53,5,5
32722,61,82,-21,21
32723,65,52,13,13
32724,91,117,-26,26
32725,126,134,-8,8
32726,79,60,19,19
32727,98,102,-4,4
32728,83,100,-17,17
32729,46,42,4,4
32730,71,90,-19,19
32731,56,78,-22,22
32732,74,65,9,9
32733,86,88,-2,2
32734,125,120,5,5
32735,71,72,-1,1
32736,62,68,-6,6
32737,96,73,23,23
32738,145,124,21,21
32739,73,70,3,3
32740,67,82,-15,15
32741,87,88,-1,1
32742,79,75,4,4
32743,93,94,-1,1
32744,72,88,-16,16
32745,68,67,1,1
32746,72,73,-1,1
32747,132,117,15,15
32748,75,70,5,5
32749,86,89,-3,3
32750,101,99,2,2
32751,193,198,-5,5
32752,124,123,1,1
32753,96,103,-7,7
32754,102,112,-10,10
32755,48,34,14,14
32756,95,88,7,7
32757,172,174,-2,2
32758,174,172,2,2
32759,171,148,23,23
32760,64,66,-2,2
32761,90,95,-5,5
32762,77,82,-5,5
32763,79,79,0,0
32764,82,73,9,9
32765,128,131,-3,3
32766,96,76,20,20
32767,88,90,-2,2
32768,78,74,4,4
32769,115,126,-11,11
32770,75,98,-23,23
32771,132,137,-5,5
32772,161,146,15,15
32773,117,123,-6,6
32774,61,55,6,6
32775,84,68,16,16
32776,102,108,-6,6
32777,108,112,-4,4
32778,108,123,-15,15
32779,156,141,15,15
32780,107,110,-3,3
32781,74,76,-2,2
32782,185,203,-18,18
32783,61,63,-2,2
32784,106,110,-4,4
32785,73,83,-10,10
32786,83,67,16,16
32787,53,56,-3,3
32788,216,192,24,24
32789,90,81,9,9
32790,94,107,-13,13
32791,113,122,-9,9
32792,48,53,-5,5
32793,125,128,-3,3
32794,58,51,7,7
32795,112,117,-5,5
32796,91,91,0,0
32797,90,103,-13,13
32798,104,102,2,2
32799,59,62,-3,3
32800,74,40,34,34
32801,99,110,-11,11
32802,76,94,-18,18
32803,101,101,0,0
32804,143,131,12,12
32805,66,56,10,10
32806,108,53,55,55
32807,126,120,6,6
32808,102,100,2,2
32809,106,115,-9,9
32810,84,84,0,0
32811,133,128,5,5
32812,68,56,12,12
32813,133,141,-8,8
32814,91,90,1,1
32815,148,149,-1,1
32816,131,115,16,16
32817,105,99,6,6
32818,111,89,22,22
32819,50,51,-1,1
32820,118,107,11,11
32821,56,64,-8,8
32822,76,70,6,6
32823,141,120,21,21
32824,162,151,11,11
32825,144,148,-4,4
32826,131,128,3,3
32827,57,52,5,5
32828,105,96,9,9
32829,74,76,-2,2
32830,118,132,-14,14
32831,157,151,6,6
32832,105,107,-2,2
32833,90,107,-17,17
32834,96,111,-15,15
32835,161,160,1,1
32836,83,88,-5,5
32837,145,147,-2,2
32838,55,50,5,5
32839,113,130,-17,17
32840,72,83,-11,11
32841,199,204,-5,5
32842,57,81,-24,24
32843,86,106,-20,20
32844,124,106,18,18
32845,59,80,-21,21
32846,65,57,8,8
32847,82,92,-10,10
32848,127,123,4,4
32849,82,93,-11,11
32850,101,101,0,0
32851,105,109,-4,4
32852,94,102,-8,8
32853,125,122,3,3
32854,96,89,7,7
32855,48,42,6,6
32856,68,79,-11,11
32857,98,98,0,0
32858,152,144,8,8
32859,139,134,5,5
32860,80,87,-7,7
32861,113,109,4,4
32862,102,118,-16,16
32863,94,95,-1,1
32864,56,70,-14,14
32865,112,112,0,0
32866,71,72,-1,1
32867,163,157,6,6
32868,95,107,-12,12
32869,165,161,4,4
32870,100,100,0,0
32871,104,103,1,1
32872,68,70,-2,2
32873,152,132,20,20
32874,62,65,-3,3
32875,56,54,2,2
32876,87,87,0,0
32877,48,61,-13,13
32878,85,67,18,18
32879,82,96,-14,14
32880,70,102,-32,32
32881,80,78,2,2
32882,100,97,3,3
32883,158,133,25,25
32884,143,129,14,14
32885,76,87,-11,11
32886,64,73,-9,9
32887,121,133,-12,12
32888,72,80,-8,8
32889,53,54,-1,1
32890,202,172,30,30
32891,54,56,-2,2
32892,58,61,-3,3
32893,125,94,31,31
32894,74,59,15,15
32895,58,88,-30,30
32896,144,143,1,1
32897,124,142,-18,18
32898,84,78,6,6
32899,27,79,-52,52
32900,84,74,10,10
32901,176,141,35,35
32902,44,44,0,0
32903,66,74,-8,8
32904,73,99,-26,26
32905,71,89,-18,18
32906,42,66,-24,24
32907,61,88,-27,27
32908,71,72,-1,1
32909,90,102,-12,12
32910,74,70,4,4
32911,109,101,8,8
32912,124,118,6,6
32913,94,100,-6,6
32914,158,154,4,4
32915,97,91,6,6
32916,73,74,-1,1
32917,90,98,-8,8
32918,64,68,-4,4
32919,144,152,-8,8
32920,104,114,-10,10
32921,186,166,20,20
32922,102,101,1,1
32923,85,89,-4,4
32924,96,113,-17,17
32925,122,124,-2,2
32926,97,91,6,6
32927,96,90,6,6
32928,50,36,14,14
32929,110,126,-16,16
32930,89,89,0,0
32931,98,98,0,0
32932,123,131,-8,8
32933,53,77,-24,24
32934,114,118,-4,4
32935,152,160,-8,8
32936,146,148,-2,2
32937,134,139,-5,5
32938,105,118,-13,13
32939,38,50,-12,12
32940,99,96,3,3
32941,107,103,4,4
32942,92,94,-2,2
32943,120,124,-4,4
32944,129,139,-10,10
32945,95,91,4,4
32946,90,103,-13,13
32947,103,99,4,4
32948,114,102,12,12
32949,59,64,-5,5
32950,36,61,-25,25
32951,99,114,-15,15
32952,76,71,5,5
32953,149,113,36,36
32954,106,92,14,14
32955,61,72,-11,11
32956,47,104,-57,57
32957,158,124,34,34
32958,54,45,9,9
32959,50,48,2,2
32960,98,85,13,13
32961,94,82,12,12
32962,67,73,-6,6
32963,49,57,-8,8
32964,146,131,15,15
32965,135,124,11,11
32966,87,87,0,0
32967,98,107,-9,9
32968,59,57,2,2
32969,86,82,4,4
32970,62,72,-10,10
32971,113,114,-1,1
32972,93,100,-7,7
32973,75,79,-4,4
32974,83,76,7,7
32975,138,142,-4,4
32976,67,66,1,1
32977,84,77,7,7
32978,117,107,10,10
32979,64,75,-11,11
32980,80,81,-1,1
32981,85,87,-2,2
32982,67,51,16,16
32983,96,110,-14,14
32984,72,74,-2,2
32985,63,67,-4,4
32986,151,136,15,15
32987,49,72,-23,23
32988,103,96,7,7
32989,32,19,13,13
32990,70,59,11,11
32991,135,142,-7,7
32992,55,60,-5,5
32993,99,103,-4,4
32994,114,119,-5,5
32995,82,85,-3,3
32996,119,128,-9,9
32997,104,105,-1,1
32998,123,121,2,2
32999,113,126,-13,13
33000,153,159,-6,6
33001,89,99,-10,10
33002,48,86,-38,38
33003,113,112,1,1
33004,83,80,3,3
33005,129,90,39,39
33006,67,82,-15,15
33007,96,113,-17,17
33008,92,94,-2,2
33009,103,84,19,19
33010,121,111,10,10
33011,48,45,3,3
33012,98,100,-2,2
33013,112,97,15,15
33014,107,116,-9,9
33015,92,85,7,7
33016,72,87,-15,15
33017,86,83,3,3
33018,86,94,-8,8
33019,120,128,-8,8
33020,65,71,-6,6
33021,86,92,-6,6
33022,138,110,28,28
33023,74,84,-10,10
33024,60,54,6,6
33025,125,121,4,4
33026,61,82,-21,21
33027,99,96,3,3
33028,150,150,0,0
33029,69,71,-2,2
33030,41,32,9,9
33031,108,99,9,9
33032,163,167,-4,4
33033,121,122,-1,1
33034,72,83,-11,11
33035,109,99,10,10
33036,133,138,-5,5
33037,74,88,-14,14
33038,119,117,2,2
33039,77,81,-4,4
33040,97,120,-23,23
33041,76,84,-8,8
33042,102,101,1,1
33043,88,79,9,9
33044,139,127,12,12
33045,93,94,-1,1
33046,171,146,25,25
33047,115,136,-21,21
33048,73,67,6,6
33049,102,95,7,7
33050,97,89,8,8
33051,107,108,-1,1
33052,180,172,8,8
33053,78,79,-1,1
33054,279,245,34,34
33055,86,85,1,1
33056,80,73,7,7
33057,131,137,-6,6
33058,49,26,23,23
33059,100,97,3,3
33060,53,69,-16,16
33061,116,118,-2,2
33062,61,58,3,3
33063,73,52,21,21
33064,70,68,2,2
33065,56,60,-4,4
33066,69,68,1,1
33067,76,72,4,4
33068,57,66,-9,9
33069,36,30,6,6
33070,75,84,-9,9
33071,62,63,-1,1
33072,78,77,1,1
33073,112,116,-4,4
33074,85,85,0,0
33075,164,145,19,19
33076,52,58,-6,6
33077,102,106,-4,4
33078,34,27,7,7
33079,52,53,-1,1
33080,63,80,-17,17
33081,60,54,6,6
33082,145,138,7,7
33083,74,75,-1,1
33084,106,111,-5,5
33085,53,57,-4,4
33086,114,139,-25,25
33087,135,136,-1,1
33088,119,119,0,0
33089,84,105,-21,21
33090,62,55,7,7
33091,150,146,4,4
33092,178,182,-4,4
33093,125,137,-12,12
33094,125,120,5,5
33095,56,55,1,1
33096,83,86,-3,3
33097,79,85,-6,6
33098,66,68,-2,2
33099,62,79,-17,17
33100,77,80,-3,3
33101,113,124,-11,11
33102,119,115,4,4
33103,100,89,11,11
33104,121,119,2,2
33105,102,69,33,33
33106,106,122,-16,16
33107,67,59,8,8
33108,104,107,-3,3
33109,133,112,21,21
33110,138,130,8,8
33111,62,72,-10,10
33112,110,130,-20,20
33113,140,130,10,10
33114,80,62,18,18
33115,103,103,0,0
33116,114,104,10,10
33117,55,62,-7,7
33118,91,97,-6,6
33119,38,98,-60,60
33120,89,82,7,7
33121,129,125,4,4
33122,30,53,-23,23
33123,103,96,7,7
33124,100,89,11,11
33125,87,101,-14,14
33126,99,96,3,3
33127,87,81,6,6
33128,91,101,-10,10
33129,105,93,12,12
33130,104,98,6,6
33131,46,55,-9,9
33132,86,79,7,7
33133,59,74,-15,15
33134,135,139,-4,4
33135,47,47,0,0
33136,108,102,6,6
33137,108,97,11,11
33138,120,119,1,1
33139,50,75,-25,25
33140,102,108,-6,6
33141,129,127,2,2
33142,82,116,-34,34
33143,141,122,19,19
33144,87,95,-8,8
33145,108,103,5,5
33146,113,117,-4,4
33147,166,159,7,7
33148,82,82,0,0
33149,34,66,-32,32
33150,57,70,-13,13
33151,128,146,-18,18
33152,86,94,-8,8
33153,70,74,-4,4
33154,106,126,-20,20
33155,111,125,-14,14
33156,89,103,-14,14
33157,28,14,14,14
33158,102,99,3,3
33159,159,140,19,19
33160,170,163,7,7
33161,98,108,-10,10
33162,77,79,-2,2
33163,118,121,-3,3
33164,96,97,-1,1
33165,51,72,-21,21
33166,63,64,-1,1
33167,70,66,4,4
33168,99,107,-8,8
33169,58,63,-5,5
33170,60,55,5,5
33171,78,86,-8,8
33172,45,57,-12,12
33173,89,110,-21,21
33174,69,83,-14,14
33175,84,90,-6,6
33176,73,78,-5,5
33177,178,171,7,7
33178,63,78,-15,15
33179,108,106,2,2
33180,105,120,-15,15
33181,43,46,-3,3
33182,82,83,-1,1
33183,76,87,-11,11
33184,143,126,17,17
33185,91,92,-1,1
33186,63,73,-10,10
33187,136,127,9,9
33188,83,80,3,3
33189,128,114,14,14
33190,63,55,8,8
33191,72,99,-27,27
33192,96,94,2,2
33193,66,73,-7,7
33194,89,102,-13,13
33195,74,75,-1,1
33196,69,53,16,16
33197,86,92,-6,6
33198,105,104,1,1
33199,92,103,-11,11
33200,49,67,-18,18
33201,151,153,-2,2
33202,87,113,-26,26
33203,86,95,-9,9
33204,55,58,-3,3
33205,113,133,-20,20
33206,96,95,1,1
33207,84,82,2,2
33208,102,104,-2,2
33209,85,88,-3,3
33210,141,142,-1,1
33211,90,77,13,13
33212,57,51,6,6
33213,80,101,-21,21
33214,111,107,4,4
33215,82,124,-42,42
33216,85,98,-13,13
33217,85,74,11,11
33218,67,65,2,2
33219,86,96,-10,10
33220,102,91,11,11
33221,71,75,-4,4
33222,130,151,-21,21
33223,76,82,-6,6
33224,70,74,-4,4
33225,86,99,-13,13
33226,55,46,9,9
33227,97,100,-3,3
33228,98,125,-27,27
33229,70,45,25,25
33230,102,103,-1,1
33231,79,70,9,9
33232,104,100,4,4
33233,70,70,0,0
33234,94,86,8,8
33235,103,116,-13,13
33236,102,115,-13,13
33237,102,102,0,0
33238,67,64,3,3
33239,165,154,11,11
33240,73,106,-33,33
33241,149,117,32,32
33242,92,94,-2,2
33243,57,57,0,0
33244,76,63,13,13
33245,129,110,19,19
33246,66,69,-3,3
33247,132,127,5,5
33248,108,112,-4,4
33249,162,163,-1,1
33250,104,112,-8,8
33251,98,110,-12,12
33252,81,105,-24,24
33253,106,112,-6,6
33254,134,136,-2,2
33255,118,129,-11,11
33256,156,143,13,13
33257,73,67,6,6
33258,106,108,-2,2
33259,64,60,4,4
33260,66,52,14,14
33261,126,115,11,11
33262,103,102,1,1
33263,57,55,2,2
33264,158,151,7,7
33265,103,119,-16,16
33266,103,105,-2,2
33267,172,153,19,19
33268,137,134,3,3
33269,95,84,11,11
33270,127,120,7,7
33271,87,80,7,7
33272,136,123,13,13
33273,51,60,-9,9
33274,95,92,3,3
33275,100,108,-8,8
33276,140,142,-2,2
33277,102,104,-2,2
33278,69,60,9,9
33279,148,149,-1,1
33280,121,121,0,0
33281,133,127,6,6
33282,106,105,1,1
33283,95,103,-8,8
33284,71,70,1,1
33285,148,145,3,3
33286,188,182,6,6
33287,111,114,-3,3
33288,88,89,-1,1
33289,71,89,-18,18
33290,83,90,-7,7
33291,44,46,-2,2
33292,69,68,1,1
33293,44,55,-11,11
33294,111,99,12,12
33295,105,116,-11,11
33296,76,84,-8,8
33297,95,97,-2,2
33298,181,183,-2,2
33299,128,121,7,7
33300,81,94,-13,13
33301,175,148,27,27
33302,57,53,4,4
33303,70,67,3,3
33304,77,68,9,9
33305,61,71,-10,10
33306,108,105,3,3
33307,69,71,-2,2
33308,61,82,-21,21
33309,116,125,-9,9
33310,50,49,1,1
33311,95,70,25,25
33312,62,64,-2,2
33313,161,148,13,13
33314,101,109,-8,8
33315,84,90,-6,6
33316,87,94,-7,7
33317,71,83,-12,12
33318,56,53,3,3
33319,77,82,-5,5
33320,100,123,-23,23
33321,74,111,-37,37
33322,59,66,-7,7
33323,117,108,9,9
33324,102,105,-3,3
33325,97,92,5,5
33326,77,86,-9,9
33327,128,127,1,1
33328,89,96,-7,7
33329,67,73,-6,6
33330,69,64,5,5
33331,104,113,-9,9
33332,55,67,-12,12
33333,62,69,-7,7
33334,101,107,-6,6
33335,78,109,-31,31
33336,86,77,9,9
33337,81,85,-4,4
33338,104,94,10,10
33339,57,61,-4,4
33340,101,102,-1,1
33341,84,81,3,3
33342,73,90,-17,17
33343,106,106,0,0
33344,102,98,4,4
33345,71,105,-34,34
33346,144,147,-3,3
33347,131,110,21,21
33348,82,86,-4,4
33349,83,69,14,14
33350,169,172,-3,3
33351,70,64,6,6
33352,158,159,-1,1
33353,162,118,44,44
33354,104,101,3,3
33355,52,55,-3,3
33356,59,71,-12,12
33357,70,80,-10,10
33358,112,124,-12,12
33359,106,98,8,8
33360,130,124,6,6
33361,111,91,20,20
33362,117,109,8,8
33363,118,133,-15,15
33364,74,70,4,4
33365,52,33,19,19
33366,97,123,-26,26
33367,72,81,-9,9
33368,84,64,20,20
33369,50,56,-6,6
33370,101,100,1,1
33371,52,50,2,2
33372,85,107,-22,22
33373,90,90,0,0
33374,66,71,-5,5
33375,132,119,13,13
33376,91,105,-14,14
33377,46,42,4,4
33378,36,25,11,11
33379,94,106,-12,12
33380,65,62,3,3
33381,85,86,-1,1
33382,78,84,-6,6
33383,140,155,-15,15
33384,79,102,-23,23
33385,108,121,-13,13
33386,84,80,4,4
33387,89,92,-3,3
33388,119,113,6,6
33389,52,51,1,1
33390,130,121,9,9
33391,57,37,20,20
33392,128,127,1,1
33393,106,94,12,12
33394,65,64,1,1
33395,75,98,-23,23
33396,153,153,0,0
33397,42,32,10,10
33398,70,65,5,5
33399,157,152,5,5
33400,153,157,-4,4
33401,93,74,19,19
33402,85,83,2,2
33403,70,108,-38,38
33404,84,93,-9,9
33405,61,59,2,2
33406,80,90,-10,10
33407,60,58,2,2
33408,60,53,7,7
33409,122,128,-6,6
33410,87,90,-3,3
33411,207,164,43,43
33412,102,117,-15,15
33413,52,60,-8,8
33414,75,79,-4,4
33415,62,81,-19,19
33416,82,103,-21,21
33417,144,130,14,14
33418,130,137,-7,7
33419,90,91,-1,1
33420,71,77,-6,6
33421,77,78,-1,1
33422,72,71,1,1
33423,46,39,7,7
33424,55,76,-21,21
33425,64,139,-75,75
33426,73,63,10,10
33427,76,88,-12,12
33428,100,103,-3,3
33429,108,88,20,20
33430,130,115,15,15
33431,136,131,5,5
33432,89,89,0,0
33433,79,98,-19,19
33434,110,107,3,3
33435,125,141,-16,16
33436,79,89,-10,10
33437,32,24,8,8
33438,97,142,-45,45
33439,135,127,8,8
33440,93,108,-15,15
33441,111,113,-2,2
33442,87,101,-14,14
33443,131,119,12,12
33444,72,70,2,2
33445,72,90,-18,18
33446,192,165,27,27
33447,129,121,8,8
33448,102,114,-12,12
33449,86,93,-7,7
33450,134,129,5,5
33451,157,153,4,4
33452,75,79,-4,4
33453,93,97,-4,4
33454,96,97,-1,1
33455,105,105,0,0
33456,110,115,-5,5
33457,137,140,-3,3
33458,194,191,3,3
33459,82,83,-1,1
33460,102,99,3,3
33461,92,93,-1,1
33462,119,101,18,18
33463,113,110,3,3
33464,85,83,2,2
33465,66,76,-10,10
33466,145,127,18,18
33467,112,120,-8,8
33468,133,145,-12,12
33469,113,113,0,0
33470,175,144,31,31
33471,113,121,-8,8
33472,59,50,9,9
33473,97,105,-8,8
33474,74,85,-11,11
33475,53,44,9,9
33476,108,111,-3,3
33477,133,129,4,4
33478,46,40,6,6
33479,135,104,31,31
33480,111,107,4,4
33481,117,105,12,12
33482,69,66,3,3
33483,175,157,18,18
33484,83,81,2,2
33485,80,96,-16,16
33486,95,111,-16,16
33487,80,93,-13,13
33488,71,71,0,0
33489,61,67,-6,6
33490,83,77,6,6
33491,168,156,12,12
33492,78,82,-4,4
33493,79,90,-11,11
33494,112,121,-9,9
33495,73,67,6,6
33496,71,86,-15,15
33497,86,84,2,2
33498,105,115,-10,10
33499,103,90,13,13
33500,81,84,-3,3
33501,70,64,6,6
33502,107,107,0,0
33503,150,150,0,0
33504,70,50,20,20
33505,80,87,-7,7
33506,48,57,-9,9
33507,100,115,-15,15
33508,52,65,-13,13
33509,97,98,-1,1
33510,172,164,8,8
33511,28,19,9,9
33512,42,84,-42,42
33513,120,122,-2,2
33514,60,71,-11,11
33515,118,85,33,33
33516,175,161,14,14
33517,69,76,-7,7
33518,50,61,-11,11
33519,90,89,1,1
33520,109,111,-2,2
33521,63,73,-10,10
33522,63,65,-2,2
33523,54,64,-10,10
33524,115,86,29,29
33525,61,61,0,0
33526,91,93,-2,2
33527,76,94,-18,18
33528,72,88,-16,16
33529,64,73,-9,9
33530,47,40,7,7
33531,67,54,13,13
33532,111,99,12,12
33533,102,137,-35,35
33534,68,73,-5,5
33535,101,94,7,7
33536,154,133,21,21
33537,71,84,-13,13
33538,77,78,-1,1
33539,74,68,6,6
33540,95,100,-5,5
33541,98,103,-5,5
33542,87,78,9,9
33543,134,136,-2,2
33544,118,109,9,9
33545,146,139,7,7
33546,82,90,-8,8
33547,85,86,-1,1
33548,68,94,-26,26
33549,62,51,11,11
33550,79,75,4,4
33551,33,31,2,2
33552,130,122,8,8
33553,88,90,-2,2
33554,132,135,-3,3
33555,69,74,-5,5
33556,98,85,13,13
33557,113,107,6,6
33558,84,86,-2,2
33559,78,79,-1,1
33560,121,112,9,9
33561,69,65,4,4
33562,70,89,-19,19
33563,89,101,-12,12
33564,97,103,-6,6
33565,89,108,-19,19
33566,128,126,2,2
33567,149,145,4,4
33568,115,119,-4,4
33569,68,33,35,35
33570,44,32,12,12
33571,36,42,-6,6
33572,64,84,-20,20
33573,75,87,-12,12
33574,85,99,-14,14
33575,90,89,1,1
33576,98,64,34,34
33577,110,108,2,2
33578,91,91,0,0
33579,179,162,17,17
33580,97,84,13,13
33581,65,66,-1,1
33582,111,132,-21,21
33583,191,165,26,26
33584,181,151,30,30
33585,58,51,7,7
33586,90,82,8,8
33587,101,92,9,9
33588,164,143,21,21
33589,117,106,11,11
33590,84,83,1,1
33591,112,110,2,2
33592,117,105,12,12
33593,80,74,6,6
33594,150,142,8,8
33595,94,96,-2,2
33596,115,116,-1,1
33597,157,131,26,26
33598,69,70,-1,1
33599,61,49,12,12
33600,97,109,-12,12
33601,74,93,-19,19
33602,90,96,-6,6
33603,59,68,-9,9
33604,121,113,8,8
33605,102,102,0,0
33606,107,121,-14,14
33607,102,114,-12,12
33608,256,232,24,24
33609,75,71,4,4
33610,80,73,7,7
33611,67,68,-1,1
33612,122,120,2,2
33613,65,59,6,6
33614,74,82,-8,8
33615,86,80,6,6
33616,206,186,20,20
33617,139,149,-10,10
33618,76,93,-17,17
33619,186,157,29,29
33620,111,114,-3,3
33621,80,91,-11,11
33622,148,150,-2,2
33623,76,70,6,6
33624,123,137,-14,14
33625,79,91,-12,12
33626,118,119,-1,1
33627,51,44,7,7
33628,88,104,-16,16
33629,157,149,8,8
33630,84,105,-21,21
33631,129,129,0,0
33632,131,121,10,10
33633,74,100,-26,26
33634,93,90,3,3
33635,88,97,-9,9
33636,74,90,-16,16
33637,102,109,-7,7
33638,143,129,14,14
33639,67,66,1,1
33640,197,160,37,37
33641,98,82,16,16
33642,117,120,-3,3
33643,120,142,-22,22
33644,118,143,-25,25
33645,63,57,6,6
33646,139,139,0,0
33647,144,137,7,7
33648,96,89,7,7
33649,110,88,22,22
33650,121,126,-5,5
33651,68,80,-12,12
33652,84,114,-30,30
33653,118,125,-7,7
33654,96,99,-3,3
33655,78,80,-2,2
33656,27,30,-3,3
33657,157,137,20,20
33658,137,120,17,17
33659,107,107,0,0
33660,95,101,-6,6
33661,45,62,-17,17
33662,69,115,-46,46
33663,196,164,32,32
33664,108,96,12,12
33665,88,85,3,3
33666,199,175,24,24
33667,111,117,-6,6
33668,179,171,8,8
33669,157,122,35,35
33670,82,73,9,9
33671,77,74,3,3
33672,56,65,-9,9
33673,63,67,-4,4
33674,196,183,13,13
33675,89,102,-13,13
33676,126,116,10,10
33677,39,41,-2,2
33678,80,89,-9,9
33679,97,101,-4,4
33680,85,82,3,3
33681,58,55,3,3
33682,132,133,-1,1
33683,54,64,-10,10
33684,99,105,-6,6
33685,91,99,-8,8
33686,75,76,-1,1
33687,57,64,-7,7
33688,66,66,0,0
33689,105,114,-9,9
33690,51,42,9,9
33691,134,110,24,24
33692,27,10,17,17
33693,71,66,5,5
33694,65,74,-9,9
33695,112,93,19,19
33696,100,107,-7,7
33697,56,54,2,2
33698,74,97,-23,23
33699,137,135,2,2
33700,96,106,-10,10
33701,113,114,-1,1
33702,56,60,-4,4
33703,91,104,-13,13
33704,179,171,8,8
33705,54,41,13,13
33706,90,77,13,13
33707,92,103,-11,11
33708,87,80,7,7
33709,122,109,13,13
33710,150,142,8,8
33711,90,90,0,0
33712,98,104,-6,6
33713,59,55,4,4
33714,122,116,6,6
33715,150,153,-3,3
33716,74,74,0,0
33717,65,74,-9,9
33718,53,66,-13,13
33719,93,96,-3,3
33720,108,100,8,8
33721,70,83,-13,13
33722,135,133,2,2
33723,87,95,-8,8
33724,65,75,-10,10
33725,55,35,20,20
33726,40,43,-3,3
33727,88,95,-7,7
33728,168,158,10,10
33729,37,24,13,13
33730,80,76,4,4
33731,92,85,7,7
33732,157,134,23,23
33733,121,114,7,7
33734,119,120,-1,1
33735,131,112,19,19
33736,112,111,1,1
33737,71,93,-22,22
33738,73,58,15,15
33739,99,105,-6,6
33740,81,68,13,13
33741,70,75,-5,5
33742,91,100,-9,9
33743,63,65,-2,2
33744,65,76,-11,11
33745,92,101,-9,9
33746,83,87,-4,4
33747,62,71,-9,9
33748,137,133,4,4
33749,194,161,33,33
33750,104,108,-4,4
33751,136,134,2,2
33752,149,153,-4,4
33753,109,108,1,1
33754,70,56,14,14
33755,121,99,22,22
33756,73,83,-10,10
33757,97,100,-3,3
33758,105,104,1,1
33759,131,114,17,17
33760,118,114,4,4
33761,97,101,-4,4
33762,49,48,1,1
33763,110,128,-18,18
33764,87,90,-3,3
33765,107,99,8,8
33766,72,77,-5,5
33767,173,176,-3,3
33768,117,130,-13,13
33769,91,98,-7,7
33770,93,83,10,10
33771,34,14,20,20
33772,75,64,11,11
33773,110,114,-4,4
33774,76,95,-19,19
33775,122,142,-20,20
33776,94,111,-17,17
33777,60,54,6,6
33778,96,123,-27,27
33779,92,95,-3,3
33780,155,145,10,10
33781,116,114,2,2
33782,113,122,-9,9
33783,70,90,-20,20
33784,127,141,-14,14
33785,104,125,-21,21
33786,103,116,-13,13
33787,66,63,3,3
33788,58,69,-11,11
33789,47,58,-11,11
33790,124,131,-7,7
33791,47,36,11,11
33792,134,120,14,14
33793,126,124,2,2
33794,133,116,17,17
33795,101,111,-10,10
33796,48,52,-4,4
33797,69,76,-7,7
33798,62,60,2,2
33799,112,101,11,11
33800,124,136,-12,12
33801,68,54,14,14
33802,70,65,5,5
33803,98,107,-9,9
33804,61,75,-14,14
33805,98,100,-2,2
33806,128,116,12,12
33807,112,98,14,14
33808,62,73,-11,11
33809,106,101,5,5
33810,90,90,0,0
33811,57,59,-2,2
33812,127,127,0,0
33813,83,86,-3,3
33814,123,122,1,1
33815,99,93,6,6
33816,114,119,-5,5
33817,124,133,-9,9
33818,63,67,-4,4
33819,169,161,8,8
33820,86,107,-21,21
33821,97,108,-11,11
33822,95,105,-10,10
33823,97,102,-5,5
33824,120,114,6,6
33825,100,95,5,5
33826,127,133,-6,6
33827,65,66,-1,1
33828,74,73,1,1
33829,146,104,42,42
33830,93,92,1,1
33831,76,101,-25,25
33832,127,130,-3,3
33833,61,62,-1,1
33834,81,76,5,5
33835,132,118,14,14
33836,69,60,9,9
33837,56,67,-11,11
33838,103,97,6,6
33839,110,118,-8,8
33840,102,103,-1,1
33841,74,67,7,7
33842,111,114,-3,3
33843,74,80,-6,6
33844,58,63,-5,5
33845,96,114,-18,18
33846,67,78,-11,11
33847,57,32,25,25
33848,104,94,10,10
33849,60,73,-13,13
33850,50,48,2,2
33851,120,120,0,0
33852,73,62,11,11
33853,45,47,-2,2
33854,95,100,-5,5
33855,125,135,-10,10
33856,106,99,7,7
33857,80,68,12,12
33858,138,140,-2,2
33859,105,114,-9,9
33860,100,101,-1,1
33861,89,89,0,0
33862,161,139,22,22
33863,115,125,-10,10
33864,109,94,15,15
33865,120,115,5,5
33866,64,63,1,1
33867,85,100,-15,15
33868,139,137,2,2
33869,56,55,1,1
33870,100,100,0,0
33871,61,48,13,13
33872,87,94,-7,7
33873,78,74,4,4
33874,135,135,0,0
33875,149,137,12,12
33876,123,116,7,7
33877,114,101,13,13
33878,106,122,-16,16
33879,121,101,20,20
33880,103,119,-16,16
33881,133,130,3,3
33882,83,83,0,0
33883,90,70,20,20
33884,43,41,2,2
33885,195,192,3,3
33886,82,82,0,0
33887,121,108,13,13
33888,77,85,-8,8
33889,80,92,-12,12
33890,56,60,-4,4
33891,70,66,4,4
33892,57,62,-5,5
33893,98,114,-16,16
33894,85,86,-1,1
33895,102,103,-1,1
33896,114,105,9,9
33897,153,141,12,12
33898,61,69,-8,8
33899,99,92,7,7
33900,77,78,-1,1
33901,89,73,16,16
33902,79,51,28,28
33903,108,124,-16,16
33904,102,97,5,5
33905,54,62,-8,8
33906,101,95,6,6
33907,131,123,8,8
33908,56,67,-11,11
33909,110,103,7,7
33910,78,79,-1,1
33911,153,143,10,10
33912,73,65,8,8
33913,105,106,-1,1
33914,57,109,-52,52
33915,95,102,-7,7
33916,56,66,-10,10
33917,107,118,-11,11
33918,62,78,-16,16
33919,157,148,9,9
33920,94,87,7,7
33921,84,72,12,12
33922,131,129,2,2
33923,75,85,-10,10
33924,122,115,7,7
33925,114,130,-16,16
33926,61,54,7,7
33927,137,116,21,21
33928,72,69,3,3
33929,115,107,8,8
33930,49,76,-27,27
33931,98,92,6,6
33932,114,122,-8,8
33933,79,78,1,1
33934,75,69,6,6
33935,111,92,19,19
33936,84,78,6,6
33937,61,59,2,2
33938,70,77,-7,7
33939,103,119,-16,16
33940,119,110,9,9
33941,62,75,-13,13
33942,94,94,0,0
33943,161,150,11,11
33944,253,192,61,61
33945,112,103,9,9
33946,63,75,-12,12
33947,90,92,-2,2
33948,124,120,4,4
33949,85,82,3,3
33950,167,157,10,10
33951,115,109,6,6
33952,113,104,9,9
33953,95,98,-3,3
33954,93,100,-7,7
33955,138,122,16,16
33956,74,81,-7,7
33957,52,79,-27,27
33958,104,104,0,0
33959,143,109,34,34
33960,74,83,-9,9
33961,69,75,-6,6
33962,133,165,-32,32
33963,82,79,3,3
33964,98,93,5,5
33965,77,69,8,8
33966,142,139,3,3
33967,84,91,-7,7
33968,95,95,0,0
33969,83,85,-2,2
33970,114,110,4,4
33971,53,87,-34,34
33972,91,86,5,5
33973,122,122,0,0
33974,89,112,-23,23
33975,81,85,-4,4
33976,110,116,-6,6
33977,96,96,0,0
33978,119,116,3,3
33979,80,88,-8,8
33980,108,117,-9,9
33981,71,69,2,2
33982,80,64,16,16
33983,157,147,10,10
33984,85,68,17,17
33985,47,67,-20,20
33986,68,64,4,4
33987,86,87,-1,1
33988,71,84,-13,13
33989,64,53,11,11
33990,65,66,-1,1
33991,155,151,4,4
33992,108,117,-9,9
33993,188,182,6,6
33994,109,81,28,28
33995,64,71,-7,7
33996,120,138,-18,18
33997,72,64,8,8
33998,55,93,-38,38
33999,69,64,5,5
34000,186,144,42,42
34001,96,110,-14,14
34002,77,85,-8,8
34003,83,105,-22,22
34004,79,81,-2,2
34005,55,51,4,4
34006,155,147,8,8
34007,91,87,4,4
34008,48,51,-3,3
34009,122,127,-5,5
34010,75,94,-19,19
34011,109,104,5,5
34012,110,111,-1,1
34013,79,71,8,8
34014,69,75,-6,6
34015,78,92,-14,14
34016,129,121,8,8
34017,131,134,-3,3
34018,45,36,9,9
34019,96,102,-6,6
34020,105,124,-19,19
34021,128,134,-6,6
34022,139,146,-7,7
34023,116,103,13,13
34024,81,97,-16,16
34025,77,75,2,2
34026,100,98,2,2
34027,68,63,5,5
34028,70,83,-13,13
34029,222,241,-19,19
34030,22,27,-5,5
34031,121,110,11,11
34032,67,70,-3,3
34033,87,76,11,11
34034,58,49,9,9
34035,69,83,-14,14
34036,71,77,-6,6
34037,54,75,-21,21
34038,60,61,-1,1
34039,87,88,-1,1
34040,101,95,6,6
34041,61,65,-4,4
34042,141,121,20,20
34043,121,145,-24,24
34044,102,62,40,40
34045,78,79,-1,1
34046,96,100,-4,4
34047,56,58,-2,2
34048,101,111,-10,10
34049,64,71,-7,7
34050,55,57,-2,2
34051,89,65,24,24
34052,84,74,10,10
34053,90,94,-4,4
34054,166,150,16,16
34055,85,90,-5,5
34056,94,96,-2,2
34057,130,153,-23,23
34058,146,144,2,2
34059,77,93,-16,16
34060,97,91,6,6
34061,102,102,0,0
34062,150,151,-1,1
34063,104,96,8,8
34064,90,91,-1,1
34065,70,73,-3,3
34066,45,43,2,2
34067,76,69,7,7
34068,90,99,-9,9
34069,63,66,-3,3
34070,123,94,29,29
34071,91,86,5,5
34072,102,101,1,1
34073,120,110,10,10
34074,48,67,-19,19
34075,42,51,-9,9
34076,85,89,-4,4
34077,67,69,-2,2
34078,73,65,8,8
34079,67,70,-3,3
34080,87,77,10,10
34081,172,140,32,32
34082,128,135,-7,7
34083,116,126,-10,10
34084,102,94,8,8
34085,134,138,-4,4
34086,94,104,-10,10
34087,55,51,4,4
34088,175,175,0,0
34089,71,66,5,5
34090,53,53,0,0
34091,92,113,-21,21
34092,111,105,6,6
34093,120,124,-4,4
34094,107,105,2,2
34095,48,48,0,0
34096,85,72,13,13
34097,122,107,15,15
34098,90,93,-3,3
34099,70,69,1,1
34100,63,69,-6,6
34101,110,109,1,1
34102,56,54,2,2
34103,96,102,-6,6
34104,79,84,-5,5
34105,56,57,-1,1
34106,115,104,11,11
34107,60,66,-6,6
34108,59,71,-12,12
34109,74,72,2,2
34110,110,122,-12,12
34111,99,103,-4,4
34112,106,111,-5,5
34113,62,55,7,7
34114,93,99,-6,6
34115,59,57,2,2
34116,88,86,2,2
34117,75,86,-11,11
34118,78,74,4,4
34119,67,66,1,1
34120,118,108,10,10
34121,66,76,-10,10
34122,69,70,-1,1
34123,110,105,5,5
34124,102,103,-1,1
34125,127,130,-3,3
34126,99,95,4,4
34127,127,132,-5,5
34128,97,82,15,15
34129,52,44,8,8
34130,56,69,-13,13
34131,64,63,1,1
34132,111,110,1,1
34133,114,124,-10,10
34134,162,144,18,18
34135,56,96,-40,40
34136,35,31,4,4
34137,83,83,0,0
34138,151,144,7,7
34139,77,66,11,11
34140,65,63,2,2
34141,67,77,-10,10
34142,81,71,10,10
34143,56,56,0,0
34144,67,61,6,6
34145,59,60,-1,1
34146,142,131,11,11
34147,79,83,-4,4
34148,104,103,1,1
34149,68,67,1,1
34150,67,71,-4,4
34151,56,57,-1,1
34152,66,74,-8,8
34153,31,27,4,4
34154,121,123,-2,2
34155,115,112,3,3
34156,68,79,-11,11
34157,103,101,2,2
34158,71,94,-23,23
34159,115,125,-10,10
34160,122,111,11,11
34161,99,97,2,2
34162,112,110,2,2
34163,215,205,10,10
34164,68,75,-7,7
34165,84,92,-8,8
34166,82,76,6,6
34167,82,92,-10,10
34168,95,95,0,0
34169,80,75,5,5
34170,121,115,6,6
34171,103,97,6,6
34172,74,81,-7,7
34173,59,69,-10,10
34174,106,102,4,4
34175,62,68,-6,6
34176,49,47,2,2
34177,62,75,-13,13
34178,151,140,11,11
34179,178,153,25,25
34180,96,64,32,32
34181,91,99,-8,8
34182,74,83,-9,9
34183,78,85,-7,7
34184,95,121,-26,26
34185,109,106,3,3
34186,59,77,-18,18
34187,64,61,3,3
34188,122,110,12,12
34189,106,101,5,5
34190,137,122,15,15
34191,79,75,4,4
34192,45,48,-3,3
34193,96,87,9,9
34194,53,64,-11,11
34195,121,115,6,6
34196,138,145,-7,7
34197,107,108,-1,1
34198,90,91,-1,1
34199,83,102,-19,19
34200,65,63,2,2
34201,68,60,8,8
34202,50,43,7,7
34203,44,64,-20,20
34204,78,83,-5,5
34205,74,72,2,2
34206,67,78,-11,11
34207,116,103,13,13
34208,50,45,5,5
34209,100,96,4,4
34210,52,61,-9,9
34211,70,62,8,8
34212,92,104,-12,12
34213,130,106,24,24
34214,139,132,7,7
34215,96,87,9,9
34216,98,109,-11,11
34217,49,54,-5,5
34218,90,108,-18,18
34219,103,116,-13,13
34220,39,40,-1,1
34221,172,147,25,25
34222,104,106,-2,2
34223,63,59,4,4
34224,78,93,-15,15
34225,65,72,-7,7
34226,58,48,10,10
34227,140,149,-9,9
34228,95,105,-10,10
34229,77,75,2,2
34230,122,116,6,6
34231,63,38,25,25
34232,26,19,7,7
34233,78,80,-2,2
34234,60,50,10,10
34235,80,78,2,2
34236,96,106,-10,10
34237,62,64,-2,2
34238,77,76,1,1
34239,101,104,-3,3
34240,103,108,-5,5
34241,87,102,-15,15
34242,132,111,21,21
34243,223,182,41,41
34244,117,113,4,4
34245,151,126,25,25
34246,87,102,-15,15
34247,103,99,4,4
34248,59,68,-9,9
34249,150,118,32,32
34250,100,91,9,9
34251,92,87,5,5
34252,65,74,-9,9
34253,72,43,29,29
34254,48,42,6,6
34255,114,107,7,7
34256,63,69,-6,6
34257,139,139,0,0
34258,86,81,5,5
34259,96,90,6,6
34260,80,85,-5,5
34261,126,116,10,10
34262,112,111,1,1
34263,99,120,-21,21
34264,83,74,9,9
34265,62,54,8,8
34266,53,75,-22,22
34267,40,38,2,2
34268,103,96,7,7
34269,87,85,2,2
34270,66,62,4,4
34271,116,109,7,7
34272,107,102,5,5
34273,121,123,-2,2
34274,114,100,14,14
34275,111,112,-1,1
34276,105,108,-3,3
34277,103,114,-11,11
34278,106,99,7,7
34279,126,121,5,5
34280,104,107,-3,3
34281,77,70,7,7
34282,114,125,-11,11
34283,77,85,-8,8
34284,83,88,-5,5
34285,78,58,20,20
34286,81,88,-7,7
34287,64,63,1,1
34288,134,142,-8,8
34289,78,79,-1,1
34290,137,138,-1,1
34291,80,80,0,0
34292,145,131,14,14
34293,103,109,-6,6
34294,101,107,-6,6
34295,87,72,15,15
34296,83,91,-8,8
34297,98,92,6,6
34298,133,133,0,0
34299,114,81,33,33
34300,119,118,1,1
34301,94,103,-9,9
34302,85,93,-8,8
34303,162,159,3,3
34304,85,90,-5,5
34305,62,72,-10,10
34306,83,87,-4,4
34307,99,96,3,3
34308,79,83,-4,4
34309,95,96,-1,1
34310,140,140,0,0
34311,165,135,30,30
34312,104,103,1,1
34313,110,124,-14,14
34314,138,148,-10,10
34315,117,127,-10,10
34316,120,120,0,0
34317,67,81,-14,14
34318,82,75,7,7
34319,110,114,-4,4
34320,110,102,8,8
34321,63,68,-5,5
34322,54,53,1,1
34323,128,136,-8,8
34324,90,91,-1,1
34325,99,105,-6,6
34326,121,152,-31,31
34327,47,54,-7,7
34328,88,93,-5,5
34329,96,87,9,9
34330,83,104,-21,21
34331,91,93,-2,2
34332,100,104,-4,4
34333,68,86,-18,18
34334,44,40,4,4
34335,94,94,0,0
34336,48,46,2,2
34337,63,62,1,1
34338,114,110,4,4
34339,88,82,6,6
34340,105,97,8,8
34341,67,77,-10,10
34342,61,49,12,12
34343,120,131,-11,11
34344,111,104,7,7
34345,102,101,1,1
34346,111,116,-5,5
34347,48,43,5,5
34348,102,98,4,4
34349,101,112,-11,11
34350,88,85,3,3
34351,58,69,-11,11
34352,64,56,8,8
34353,65,77,-12,12
34354,156,148,8,8
34355,84,91,-7,7
34356,169,153,16,16
34357,130,116,14,14
34358,51,65,-14,14
34359,60,64,-4,4
34360,109,92,17,17
34361,107,109,-2,2
34362,133,143,-10,10
34363,73,63,10,10
34364,117,122,-5,5
34365,105,101,4,4
34366,118,126,-8,8
34367,107,104,3,3
34368,89,80,9,9
34369,130,120,10,10
34370,107,117,-10,10
34371,86,86,0,0
34372,87,98,-11,11
34373,166,168,-2,2
34374,91,88,3,3
34375,83,71,12,12
34376,90,104,-14,14
34377,60,81,-21,21
34378,73,77,-4,4
34379,133,123,10,10
34380,131,123,8,8
34381,128,160,-32,32
34382,93,85,8,8
34383,48,54,-6,6
34384,126,108,18,18
34385,62,66,-4,4
34386,50,61,-11,11
34387,70,71,-1,1
34388,111,110,1,1
34389,89,88,1,1
34390,94,107,-13,13
34391,38,63,-25,25
34392,76,89,-13,13
34393,92,94,-2,2
34394,66,60,6,6
34395,84,89,-5,5
34396,72,82,-10,10
34397,79,81,-2,2
34398,78,87,-9,9
34399,61,43,18,18
34400,68,65,3,3
34401,114,104,10,10
34402,84,78,6,6
34403,51,70,-19,19
34404,96,95,1,1
34405,74,75,-1,1
34406,64,78,-14,14
34407,79,33,46,46
34408,89,89,0,0
34409,150,127,23,23
34410,137,122,15,15
34411,62,49,13,13
34412,120,128,-8,8
34413,75,85,-10,10
34414,63,65,-2,2
34415,144,159,-15,15
34416,83,74,9,9
34417,71,104,-33,33
34418,125,135,-10,10
34419,71,78,-7,7
34420,90,97,-7,7
34421,57,74,-17,17
34422,68,74,-6,6
34423,117,112,5,5
34424,142,134,8,8
34425,95,93,2,2
34426,91,103,-12,12
34427,86,103,-17,17
34428,119,127,-8,8
34429,71,66,5,5
34430,97,89,8,8
34431,92,95,-3,3
34432,86,59,27,27
34433,48,0,48,48
34434,50,38,12,12
34435,105,145,-40,40
34436,105,106,-1,1
34437,127,114,13,13
34438,108,109,-1,1
34439,71,75,-4,4
34440,73,85,-12,12
34441,68,72,-4,4
34442,147,140,7,7
34443,142,139,3,3
34444,39,47,-8,8
34445,91,79,12,12
34446,79,86,-7,7
34447,84,85,-1,1
34448,123,130,-7,7
34449,63,63,0,0
34450,196,179,17,17
34451,161,146,15,15
34452,152,129,23,23
34453,144,130,14,14
34454,96,97,-1,1
34455,125,124,1,1
34456,82,42,40,40
34457,128,116,12,12
34458,160,155,5,5
34459,43,41,2,2
34460,68,70,-2,2
34461,108,88,20,20
34462,74,77,-3,3
34463,52,97,-45,45
34464,107,120,-13,13
34465,64,70,-6,6
34466,89,98,-9,9
34467,85,84,1,1
34468,73,85,-12,12
34469,177,167,10,10
34470,111,118,-7,7
34471,67,88,-21,21
34472,76,77,-1,1
34473,152,130,22,22
34474,90,104,-14,14
34475,79,74,5,5
34476,99,103,-4,4
34477,78,76,2,2
34478,131,127,4,4
34479,100,91,9,9
34480,74,76,-2,2
34481,99,102,-3,3
34482,135,133,2,2
34483,104,111,-7,7
34484,67,61,6,6
34485,102,90,12,12
34486,48,61,-13,13
34487,243,178,65,65
34488,97,96,1,1
34489,112,111,1,1
34490,118,125,-7,7
34491,77,72,5,5
34492,73,67,6,6
34493,99,110,-11,11
34494,60,78,-18,18
34495,155,150,5,5
34496,125,129,-4,4
34497,202,183,19,19
34498,82,83,-1,1
34499,100,74,26,26
34500,78,71,7,7
34501,59,66,-7,7
34502,48,72,-24,24
34503,121,127,-6,6
34504,128,106,22,22
34505,96,118,-22,22
34506,133,129,4,4
34507,107,104,3,3
34508,106,112,-6,6
34509,111,126,-15,15
34510,48,105,-57,57
34511,79,95,-16,16
34512,121,110,11,11
34513,147,143,4,4
34514,113,118,-5,5
34515,58,50,8,8
34516,93,70,23,23
34517,109,111,-2,2
34518,85,81,4,4
34519,69,75,-6,6
34520,70,75,-5,5
34521,81,69,12,12
34522,47,48,-1,1
34523,121,117,4,4
34524,151,146,5,5
34525,80,86,-6,6
34526,60,65,-5,5
34527,133,120,13,13
34528,65,67,-2,2
34529,162,135,27,27
34530,73,64,9,9
34531,108,115,-7,7
34532,87,78,9,9
34533,101,108,-7,7
34534,90,102,-12,12
34535,130,147,-17,17
34536,133,128,5,5
34537,139,134,5,5
34538,95,85,10,10
34539,96,101,-5,5
34540,66,72,-6,6
34541,69,78,-9,9
34542,69,60,9,9
34543,86,95,-9,9
34544,95,93,2,2
34545,91,88,3,3
34546,189,169,20,20
34547,109,121,-12,12
34548,63,65,-2,2
34549,156,154,2,2
34550,64,80,-16,16
34551,117,121,-4,4
34552,55,55,0,0
34553,115,123,-8,8
34554,103,113,-10,10
34555,155,155,0,0
34556,78,98,-20,20
34557,159,167,-8,8
34558,73,65,8,8
34559,188,170,18,18
34560,150,159,-9,9
34561,103,118,-15,15
34562,80,87,-7,7
34563,92,81,11,11
34564,121,125,-4,4
34565,113,110,3,3
34566,106,111,-5,5
34567,72,62,10,10
34568,120,136,-16,16
34569,49,57,-8,8
34570,124,133,-9,9
34571,82,84,-2,2
34572,145,166,-21,21
34573,61,53,8,8
34574,108,108,0,0
34575,53,63,-10,10
34576,117,120,-3,3
34577,88,96,-8,8
34578,122,98,24,24
34579,56,70,-14,14
34580,161,147,14,14
34581,115,112,3,3
34582,100,93,7,7
34583,149,151,-2,2
34584,126,128,-2,2
34585,74,114,-40,40
34586,124,120,4,4
34587,101,101,0,0
34588,83,91,-8,8
34589,105,99,6,6
34590,143,139,4,4
34591,153,145,8,8
34592,54,61,-7,7
34593,52,68,-16,16
34594,87,105,-18,18
34595,63,63,0,0
34596,84,87,-3,3
34597,96,107,-11,11
34598,59,81,-22,22
34599,141,135,6,6
34600,121,117,4,4
34601,21,6,15,15
34602,93,87,6,6
34603,126,124,2,2
34604,91,80,11,11
34605,126,114,12,12
34606,79,85,-6,6
34607,133,130,3,3
34608,72,73,-1,1
34609,117,99,18,18
34610,51,64,-13,13
34611,92,102,-10,10
34612,78,74,4,4
34613,70,70,0,0
34614,77,85,-8,8
34615,94,82,12,12
34616,75,86,-11,11
34617,93,106,-13,13
34618,75,83,-8,8
34619,149,140,9,9
34620,99,95,4,4
34621,94,114,-20,20
34622,98,100,-2,2
34623,68,62,6,6
34624,101,149,-48,48
34625,115,111,4,4
34626,87,84,3,3
34627,100,115,-15,15
34628,80,91,-11,11
34629,133,133,0,0
34630,54,47,7,7
34631,164,147,17,17
34632,98,95,3,3
34633,75,72,3,3
34634,77,65,12,12
34635,126,126,0,0
34636,124,124,0,0
34637,89,85,4,4
34638,77,92,-15,15
34639,162,136,26,26
34640,129,119,10,10
34641,126,118,8,8
34642,90,94,-4,4
34643,145,146,-1,1
34644,59,64,-5,5
34645,79,65,14,14
34646,100,89,11,11
34647,136,126,10,10
34648,53,53,0,0
34649,109,111,-2,2
34650,79,93,-14,14
34651,111,105,6,6
34652,172,139,33,33
34653,142,109,33,33
34654,81,80,1,1
34655,100,101,-1,1
34656,71,84,-13,13
34657,37,23,14,14
34658,91,94,-3,3
34659,85,83,2,2
34660,96,101,-5,5
34661,96,100,-4,4
34662,72,71,1,1
34663,58,66,-8,8
34664,128,125,3,3
34665,90,75,15,15
34666,79,81,-2,2
34667,57,58,-1,1
34668,164,127,37,37
34669,147,116,31,31
34670,42,54,-12,12
34671,92,104,-12,12
34672,73,79,-6,6
34673,80,88,-8,8
34674,82,76,6,6
34675,82,85,-3,3
34676,124,124,0,0
34677,87,88,-1,1
34678,93,101,-8,8
34679,151,143,8,8
34680,88,93,-5,5
34681,99,95,4,4
34682,104,105,-1,1
34683,80,92,-12,12
34684,91,84,7,7
34685,116,134,-18,18
34686,136,131,5,5
34687,76,114,-38,38
34688,125,135,-10,10
34689,99,110,-11,11
34690,112,119,-7,7
34691,103,132,-29,29
34692,152,152,0,0
34693,122,119,3,3
34694,74,112,-38,38
34695,106,117,-11,11
34696,76,84,-8,8
34697,59,62,-3,3
34698,100,122,-22,22
34699,58,64,-6,6
34700,69,84,-15,15
34701,120,117,3,3
34702,74,61,13,13
34703,55,53,2,2
34704,89,83,6,6
34705,79,75,4,4
34706,137,134,3,3
34707,81,83,-2,2
34708,64,103,-39,39
34709,170,158,12,12
34710,69,68,1,1
34711,72,61,11,11
34712,73,107,-34,34
34713,66,80,-14,14
34714,114,111,3,3
34715,96,110,-14,14
34716,67,64,3,3
34717,83,84,-1,1
34718,72,65,7,7
34719,150,142,8,8
34720,56,62,-6,6
34721,66,59,7,7
34722,53,89,-36,36
34723,169,141,28,28
34724,66,72,-6,6
34725,105,113,-8,8
34726,101,104,-3,3
34727,78,79,-1,1
34728,130,137,-7,7
34729,140,137,3,3
34730,91,106,-15,15
34731,89,82,7,7
34732,73,71,2,2
34733,111,116,-5,5
34734,111,123,-12,12
34735,154,149,5,5
34736,56,55,1,1
34737,136,128,8,8
34738,101,102,-1,1
34739,120,130,-10,10
34740,62,48,14,14
34741,105,111,-6,6
34742,76,83,-7,7
34743,161,161,0,0
34744,88,93,-5,5
34745,51,56,-5,5
34746,108,123,-15,15
34747,101,94,7,7
34748,74,84,-10,10
34749,189,154,35,35
34750,46,60,-14,14
34751,58,73,-15,15
34752,100,83,17,17
34753,171,149,22,22
34754,45,37,8,8
34755,87,101,-14,14
34756,57,57,0,0
34757,137,131,6,6
34758,72,83,-11,11
34759,115,112,3,3
34760,98,104,-6,6
34761,58,55,3,3
34762,87,96,-9,9
34763,79,88,-9,9
34764,79,86,-7,7
34765,67,74,-7,7
34766,32,37,-5,5
34767,76,75,1,1
34768,80,70,10,10
34769,106,90,16,16
34770,54,69,-15,15
34771,75,87,-12,12
34772,149,151,-2,2
34773,110,113,-3,3
34774,106,104,2,2
34775,130,134,-4,4
34776,49,44,5,5
34777,119,121,-2,2
34778,75,82,-7,7
34779,89,95,-6,6
34780,63,59,4,4
34781,64,49,15,15
34782,116,113,3,3
34783,79,78,1,1
34784,92,100,-8,8
34785,70,70,0,0
34786,120,120,0,0
34787,165,147,18,18
34788,187,152,35,35
34789,82,87,-5,5
34790,53,98,-45,45
34791,88,86,2,2
34792,75,77,-2,2
34793,66,65,1,1
34794,80,75,5,5
34795,113,111,2,2
34796,48,45,3,3
34797,52,15,37,37
34798,169,148,21,21
34799,100,105,-5,5
34800,71,61,10,10
34801,103,115,-12,12
34802,127,126,1,1
34803,132,110,22,22
34804,136,140,-4,4
34805,67,60,7,7
34806,127,131,-4,4
34807,142,140,2,2
34808,114,114,0,0
34809,71,76,-5,5
34810,77,81,-4,4
34811,86,110,-24,24
34812,166,141,25,25
34813,116,129,-13,13
34814,42,29,13,13
34815,91,81,10,10
34816,81,80,1,1
34817,109,105,4,4
34818,164,154,10,10
34819,119,119,0,0
34820,79,74,5,5
34821,122,132,-10,10
34822,67,84,-17,17
34823,96,92,4,4
34824,81,71,10,10
34825,110,85,25,25
34826,142,142,0,0
34827,30,35,-5,5
34828,102,71,31,31
34829,128,116,12,12
34830,127,137,-10,10
34831,55,98,-43,43
34832,125,136,-11,11
34833,85,87,-2,2
34834,82,73,9,9
34835,99,111,-12,12
34836,142,136,6,6
34837,99,102,-3,3
34838,96,107,-11,11
34839,87,110,-23,23
34840,76,99,-23,23
34841,95,97,-2,2
34842,61,73,-12,12
34843,58,67,-9,9
34844,88,89,-1,1
34845,87,96,-9,9
34846,89,86,3,3
34847,100,99,1,1
34848,87,99,-12,12
34849,86,81,5,5
34850,43,44,-1,1
34851,33,22,11,11
34852,97,101,-4,4
34853,130,128,2,2
34854,149,145,4,4
34855,139,108,31,31
34856,71,71,0,0
34857,53,88,-35,35
34858,69,65,4,4
34859,114,112,2,2
34860,60,69,-9,9
34861,53,56,-3,3
34862,80,86,-6,6
34863,75,72,3,3
34864,101,125,-24,24
34865,147,144,3,3
34866,100,94,6,6
34867,112,101,11,11
34868,61,63,-2,2
34869,68,78,-10,10
34870,41,59,-18,18
34871,72,83,-11,11
34872,69,93,-24,24
34873,135,128,7,7
34874,112,111,1,1
34875,63,57,6,6
34876,83,88,-5,5
34877,74,74,0,0
34878,85,103,-18,18
34879,91,83,8,8
34880,150,149,1,1
34881,96,100,-4,4
34882,61,90,-29,29
34883,51,77,-26,26
34884,61,77,-16,16
34885,143,165,-22,22
34886,64,62,2,2
34887,59,58,1,1
34888,67,90,-23,23
34889,65,77,-12,12
34890,142,127,15,15
34891,66,70,-4,4
34892,73,81,-8,8
34893,107,108,-1,1
34894,112,94,18,18
34895,104,108,-4,4
34896,46,56,-10,10
34897,83,92,-9,9
34898,89,92,-3,3
34899,73,60,13,13
34900,59,59,0,0
34901,59,65,-6,6
34902,112,113,-1,1
34903,75,77,-2,2
34904,68,73,-5,5
34905,80,78,2,2
34906,70,79,-9,9
34907,77,95,-18,18
34908,49,52,-3,3
34909,91,76,15,15
34910,65,67,-2,2
34911,77,77,0,0
34912,130,116,14,14
34913,77,80,-3,3
34914,175,192,-17,17
34915,103,103,0,0
34916,79,79,0,0
34917,74,70,4,4
34918,98,99,-1,1
34919,111,112,-1,1
34920,105,126,-21,21
34921,106,114,-8,8
34922,43,49,-6,6
34923,91,99,-8,8
34924,88,88,0,0
34925,121,120,1,1
34926,111,111,0,0
34927,65,78,-13,13
34928,63,66,-3,3
34929,91,98,-7,7
34930,70,73,-3,3
34931,117,128,-11,11
34932,56,72,-16,16
34933,153,164,-11,11
34934,135,139,-4,4
34935,66,54,12,12
34936,97,113,-16,16
34937,94,106,-12,12
34938,79,78,1,1
34939,89,85,4,4
34940,117,111,6,6
34941,50,58,-8,8
34942,172,174,-2,2
34943,71,79,-8,8
34944,94,93,1,1
34945,146,130,16,16
34946,57,58,-1,1
34947,91,98,-7,7
34948,44,58,-14,14
34949,124,117,7,7
34950,117,96,21,21
34951,93,96,-3,3
34952,100,114,-14,14
34953,167,155,12,12
34954,97,106,-9,9
34955,117,114,3,3
34956,142,121,21,21
34957,62,73,-11,11
34958,99,111,-12,12
34959,83,77,6,6
34960,61,80,-19,19
34961,80,101,-21,21
34962,85,87,-2,2
34963,102,84,18,18
34964,127,133,-6,6
34965,123,126,-3,3
34966,117,131,-14,14
34967,102,113,-11,11
34968,100,91,9,9
34969,105,90,15,15
34970,116,114,2,2
34971,104,105,-1,1
34972,70,86,-16,16
34973,71,82,-11,11
34974,59,68,-9,9
34975,86,82,4,4
34976,121,104,17,17
34977,104,100,4,4
34978,93,104,-11,11
34979,78,86,-8,8
34980,124,116,8,8
34981,83,102,-19,19
34982,126,127,-1,1
34983,91,101,-10,10
34984,89,112,-23,23
34985,79,68,11,11
34986,110,115,-5,5
34987,80,83,-3,3
34988,116,121,-5,5
34989,133,128,5,5
34990,91,74,17,17
34991,94,91,3,3
34992,160,142,18,18
34993,107,120,-13,13
34994,61,64,-3,3
34995,74,67,7,7
34996,80,90,-10,10
34997,50,53,-3,3
34998,98,99,-1,1
34999,47,46,1,1
35000,63,81,-18,18
35001,92,116,-24,24
35002,97,87,10,10
35003,101,113,-12,12
35004,48,83,-35,35
35005,114,115,-1,1
35006,106,111,-5,5
35007,98,92,6,6
35008,133,135,-2,2
35009,98,87,11,11
35010,41,28,13,13
35011,85,101,-16,16
35012,102,104,-2,2
35013,97,102,-5,5
35014,49,58,-9,9
35015,50,42,8,8
35016,86,77,9,9
35017,96,114,-18,18
35018,110,107,3,3
35019,95,59,36,36
35020,89,71,18,18
35021,92,89,3,3
35022,109,51,58,58
35023,75,76,-1,1
35024,61,54,7,7
35025,82,102,-20,20
35026,88,99,-11,11
35027,139,122,17,17
35028,67,75,-8,8
35029,106,114,-8,8
35030,108,112,-4,4
35031,80,102,-22,22
35032,78,89,-11,11
35033,87,87,0,0
35034,57,51,6,6
35035,63,55,8,8
35036,105,95,10,10
35037,129,113,16,16
35038,65,53,12,12
35039,93,96,-3,3
35040,50,41,9,9
35041,30,60,-30,30
35042,81,75,6,6
35043,55,68,-13,13
35044,76,83,-7,7
35045,135,124,11,11
35046,55,63,-8,8
35047,140,127,13,13
35048,92,82,10,10
35049,124,136,-12,12
35050,100,89,11,11
35051,40,41,-1,1
35052,50,43,7,7
35053,85,93,-8,8
35054,87,107,-20,20
35055,136,134,2,2
35056,65,68,-3,3
35057,97,95,2,2
35058,80,75,5,5
35059,99,108,-9,9
35060,69,67,2,2
35061,97,111,-14,14
35062,65,68,-3,3
35063,67,70,-3,3
35064,108,116,-8,8
35065,105,112,-7,7
35066,98,93,5,5
35067,73,74,-1,1
35068,87,91,-4,4
35069,80,71,9,9
35070,115,101,14,14
35071,129,115,14,14
35072,62,77,-15,15
35073,141,136,5,5
35074,165,147,18,18
35075,167,156,11,11
35076,128,115,13,13
35077,163,147,16,16
35078,49,78,-29,29
35079,73,54,19,19
35080,117,164,-47,47
35081,182,167,15,15
35082,91,92,-1,1
35083,73,85,-12,12
35084,130,142,-12,12
35085,92,94,-2,2
35086,164,137,27,27
35087,100,114,-14,14
35088,106,110,-4,4
35089,155,147,8,8
35090,84,87,-3,3
35091,115,121,-6,6
35092,74,84,-10,10
35093,62,51,11,11
35094,76,72,4,4
35095,82,99,-17,17
35096,116,111,5,5
35097,84,85,-1,1
35098,61,67,-6,6
35099,155,142,13,13
35100,87,145,-58,58
35101,118,128,-10,10
35102,126,137,-11,11
35103,123,131,-8,8
35104,72,80,-8,8
35105,106,113,-7,7
35106,119,112,7,7
35107,79,79,0,0
35108,70,91,-21,21
35109,129,117,12,12
35110,93,76,17,17
35111,98,85,13,13
35112,164,174,-10,10
35113,110,108,2,2
35114,108,112,-4,4
35115,79,77,2,2
35116,140,139,1,1
35117,81,90,-9,9
35118,84,83,1,1
35119,64,60,4,4
35120,101,108,-7,7
35121,65,75,-10,10
35122,71,84,-13,13
35123,66,99,-33,33
35124,81,79,2,2
35125,82,101,-19,19
35126,101,97,4,4
35127,95,95,0,0
35128,95,102,-7,7
35129,177,135,42,42
35130,148,130,18,18
35131,83,86,-3,3
35132,79,87,-8,8
35133,87,81,6,6
35134,120,130,-10,10
35135,140,158,-18,18
35136,117,111,6,6
35137,88,92,-4,4
35138,79,70,9,9
35139,89,50,39,39
35140,83,72,11,11
35141,79,102,-23,23
35142,118,118,0,0
35143,79,90,-11,11
35144,95,90,5,5
35145,62,50,12,12
35146,67,67,0,0
35147,63,60,3,3
35148,99,92,7,7
35149,164,142,22,22
35150,71,53,18,18
35151,49,52,-3,3
35152,88,96,-8,8
35153,93,106,-13,13
35154,90,91,-1,1
35155,96,92,4,4
35156,91,86,5,5
35157,41,34,7,7
35158,94,102,-8,8
35159,58,39,19,19
35160,87,91,-4,4
35161,100,91,9,9
35162,117,117,0,0
35163,106,104,2,2
35164,65,81,-16,16
35165,126,135,-9,9
35166,92,92,0,0
35167,78,86,-8,8
35168,98,102,-4,4
35169,102,122,-20,20
35170,115,120,-5,5
35171,93,82,11,11
35172,48,61,-13,13
35173,64,68,-4,4
35174,168,171,-3,3
35175,95,81,14,14
35176,125,120,5,5
35177,128,135,-7,7
35178,137,127,10,10
35179,62,66,-4,4
35180,76,98,-22,22
35181,66,63,3,3
35182,50,55,-5,5
35183,98,94,4,4
35184,101,103,-2,2
35185,77,84,-7,7
35186,97,108,-11,11
35187,116,113,3,3
35188,118,123,-5,5
35189,157,152,5,5
35190,48,58,-10,10
35191,86,98,-12,12
35192,79,93,-14,14
35193,93,85,8,8
35194,58,60,-2,2
35195,65,71,-6,6
35196,203,185,18,18
35197,59,60,-1,1
35198,103,111,-8,8
35199,35,20,15,15
35200,95,113,-18,18
35201,89,111,-22,22
35202,122,114,8,8
35203,97,106,-9,9
35204,84,91,-7,7
35205,146,133,13,13
35206,129,114,15,15
35207,76,93,-17,17
35208,79,90,-11,11
35209,92,99,-7,7
35210,82,70,12,12
35211,111,105,6,6
35212,88,86,2,2
35213,155,151,4,4
35214,75,77,-2,2
35215,109,108,1,1
35216,64,60,4,4
35217,76,73,3,3
35218,114,117,-3,3
35219,84,71,13,13
35220,90,88,2,2
35221,49,59,-10,10
35222,103,113,-10,10
35223,140,132,8,8
35224,64,38,26,26
35225,171,165,6,6
35226,89,104,-15,15
35227,57,73,-16,16
35228,99,98,1,1
35229,62,61,1,1
35230,191,160,31,31
35231,108,118,-10,10
35232,116,110,6,6
35233,157,147,10,10
35234,98,117,-19,19
35235,167,158,9,9
35236,89,87,2,2
35237,65,58,7,7
35238,103,97,6,6
35239,107,103,4,4
35240,66,56,10,10
35241,137,146,-9,9
35242,68,66,2,2
35243,64,63,1,1
35244,137,138,-1,1
35245,101,90,11,11
35246,120,115,5,5
35247,99,87,12,12
35248,58,75,-17,17
35249,93,96,-3,3
35250,48,63,-15,15
35251,96,102,-6,6
35252,68,71,-3,3
35253,95,97,-2,2
35254,117,108,9,9
35255,61,78,-17,17
35256,122,124,-2,2
35257,77,88,-11,11
35258,69,81,-12,12
35259,105,83,22,22
35260,126,102,24,24
35261,67,69,-2,2
35262,122,119,3,3
35263,96,75,21,21
35264,188,164,24,24
35265,72,50,22,22
35266,122,107,15,15
35267,53,95,-42,42
35268,49,62,-13,13
35269,131,122,9,9
35270,118,107,11,11
35271,68,60,8,8
35272,84,100,-16,16
35273,80,78,2,2
35274,95,110,-15,15
35275,54,48,6,6
35276,80,84,-4,4
35277,55,55,0,0
35278,50,34,16,16
35279,141,145,-4,4
35280,118,101,17,17
35281,64,61,3,3
35282,132,126,6,6
35283,81,72,9,9
35284,49,37,12,12
35285,86,83,3,3
35286,107,108,-1,1
35287,123,119,4,4
35288,109,92,17,17
35289,121,118,3,3
35290,89,95,-6,6
35291,57,54,3,3
35292,123,124,-1,1
35293,102,110,-8,8
35294,143,126,17,17
35295,57,61,-4,4
35296,84,90,-6,6
35297,73,76,-3,3
35298,124,128,-4,4
35299,86,81,5,5
35300,128,127,1,1
35301,146,130,16,16
35302,92,92,0,0
35303,68,92,-24,24
35304,88,94,-6,6
35305,147,125,22,22
35306,134,142,-8,8
35307,91,89,2,2
35308,137,139,-2,2
35309,130,129,1,1
35310,103,103,0,0
35311,78,78,0,0
35312,85,84,1,1
35313,57,45,12,12
35314,159,149,10,10
35315,80,97,-17,17
35316,113,130,-17,17
35317,152,145,7,7
35318,163,158,5,5
35319,137,118,19,19
35320,116,143,-27,27
35321,144,133,11,11
35322,61,76,-15,15
35323,158,129,29,29
35324,120,152,-32,32
35325,64,70,-6,6
35326,106,107,-1,1
35327,60,70,-10,10
35328,87,104,-17,17
35329,72,90,-18,18
35330,92,83,9,9
35331,164,147,17,17
35332,121,131,-10,10
35333,63,62,1,1
35334,108,111,-3,3
35335,70,79,-9,9
35336,66,74,-8,8
35337,81,135,-54,54
35338,84,76,8,8
35339,69,60,9,9
35340,161,157,4,4
35341,73,73,0,0
35342,62,59,3,3
35343,66,69,-3,3
35344,80,89,-9,9
35345,110,130,-20,20
35346,145,113,32,32
35347,32,75,-43,43
35348,62,79,-17,17
35349,191,186,5,5
35350,84,91,-7,7
35351,96,102,-6,6
35352,87,68,19,19
35353,54,58,-4,4
35354,85,80,5,5
35355,118,114,4,4
35356,52,64,-12,12
35357,102,74,28,28
35358,66,67,-1,1
35359,151,140,11,11
35360,129,143,-14,14
35361,61,51,10,10
35362,102,110,-8,8
35363,88,75,13,13
35364,61,85,-24,24
35365,77,78,-1,1
35366,79,79,0,0
35367,110,104,6,6
35368,96,101,-5,5
35369,74,76,-2,2
35370,120,133,-13,13
35371,134,126,8,8
35372,66,89,-23,23
35373,61,58,3,3
35374,130,132,-2,2
35375,60,75,-15,15
35376,66,78,-12,12
35377,115,116,-1,1
35378,99,96,3,3
35379,55,56,-1,1
35380,104,99,5,5
35381,104,104,0,0
35382,97,103,-6,6
35383,48,47,1,1
35384,51,50,1,1
35385,51,43,8,8
35386,80,87,-7,7
35387,57,44,13,13
35388,77,51,26,26
35389,128,128,0,0
35390,141,149,-8,8
35391,77,92,-15,15
35392,132,121,11,11
35393,110,109,1,1
35394,43,22,21,21
35395,110,122,-12,12
35396,85,74,11,11
35397,92,103,-11,11
35398,49,33,16,16
35399,69,66,3,3
35400,64,69,-5,5
35401,82,74,8,8
35402,59,66,-7,7
35403,69,60,9,9
35404,66,68,-2,2
35405,92,95,-3,3
35406,101,86,15,15
35407,62,65,-3,3
35408,126,115,11,11
35409,119,114,5,5
35410,117,97,20,20
35411,162,149,13,13
35412,100,110,-10,10
35413,107,122,-15,15
35414,49,60,-11,11
35415,75,77,-2,2
35416,85,84,1,1
35417,87,76,11,11
35418,58,62,-4,4
35419,86,110,-24,24
35420,54,54,0,0
35421,149,137,12,12
35422,99,107,-8,8
35423,118,122,-4,4
35424,88,77,11,11
35425,128,159,-31,31
35426,121,129,-8,8
35427,62,65,-3,3
35428,32,19,13,13
35429,152,155,-3,3
35430,58,56,2,2
35431,77,88,-11,11
35432,127,109,18,18
35433,109,117,-8,8
35434,116,125,-9,9
35435,83,83,0,0
35436,70,93,-23,23
35437,101,98,3,3
35438,70,76,-6,6
35439,117,89,28,28
35440,93,104,-11,11
35441,72,89,-17,17
35442,131,102,29,29
35443,64,67,-3,3
35444,160,144,16,16
35445,86,80,6,6
35446,84,89,-5,5
35447,56,58,-2,2
35448,94,89,5,5
35449,149,141,8,8
35450,128,104,24,24
35451,97,110,-13,13
35452,178,154,24,24
35453,102,108,-6,6
35454,53,55,-2,2
35455,124,98,26,26
35456,79,86,-7,7
35457,136,148,-12,12
35458,71,77,-6,6
35459,54,40,14,14
35460,97,101,-4,4
35461,72,79,-7,7
35462,169,156,13,13
35463,80,81,-1,1
35464,53,71,-18,18
35465,64,64,0,0
35466,52,55,-3,3
35467,38,44,-6,6
35468,78,86,-8,8
35469,160,147,13,13
35470,113,111,2,2
35471,90,107,-17,17
35472,63,68,-5,5
35473,79,106,-27,27
35474,56,64,-8,8
35475,241,201,40,40
35476,68,65,3,3
35477,145,137,8,8
35478,69,68,1,1
35479,107,101,6,6
35480,79,100,-21,21
35481,123,109,14,14
35482,97,89,8,8
35483,77,73,4,4
35484,66,141,-75,75
35485,83,91,-8,8
35486,82,86,-4,4
35487,78,83,-5,5
35488,89,86,3,3
35489,76,69,7,7
35490,61,61,0,0
35491,116,123,-7,7
35492,128,141,-13,13
35493,130,131,-1,1
35494,46,48,-2,2
35495,105,101,4,4
35496,150,127,23,23
35497,156,141,15,15
35498,69,69,0,0
35499,89,89,0,0
35500,77,80,-3,3
35501,123,116,7,7
35502,97,99,-2,2
35503,87,92,-5,5
35504,80,83,-3,3
35505,79,80,-1,1
35506,58,61,-3,3
35507,53,48,5,5
35508,105,99,6,6
35509,74,81,-7,7
35510,101,106,-5,5
35511,56,70,-14,14
35512,115,111,4,4
35513,141,150,-9,9
35514,116,113,3,3
35515,47,57,-10,10
35516,43,38,5,5
35517,80,84,-4,4
35518,91,88,3,3
35519,75,92,-17,17
35520,114,111,3,3
35521,79,83,-4,4
35522,106,102,4,4
35523,69,75,-6,6
35524,87,71,16,16
35525,118,119,-1,1
35526,84,86,-2,2
35527,90,110,-20,20
35528,97,92,5,5
35529,57,61,-4,4
35530,132,139,-7,7
35531,90,117,-27,27
35532,108,82,26,26
35533,132,106,26,26
35534,76,77,-1,1
35535,38,17,21,21
35536,52,56,-4,4
35537,68,69,-1,1
35538,141,146,-5,5
35539,90,94,-4,4
35540,72,78,-6,6
35541,74,88,-14,14
35542,89,85,4,4
35543,72,72,0,0
35544,78,59,19,19
35545,67,63,4,4
35546,94,92,2,2
35547,65,68,-3,3
35548,75,76,-1,1
35549,76,85,-9,9
35550,78,53,25,25
35551,70,47,23,23
35552,124,115,9,9
35553,123,114,9,9
35554,185,178,7,7
35555,126,114,12,12
35556,104,118,-14,14
35557,79,80,-1,1
35558,74,78,-4,4
35559,82,89,-7,7
35560,47,61,-14,14
35561,40,37,3,3
35562,102,101,1,1
35563,68,80,-12,12
35564,95,96,-1,1
35565,111,103,8,8
35566,74,70,4,4
35567,63,74,-11,11
35568,118,129,-11,11
35569,181,166,15,15
35570,63,67,-4,4
35571,73,72,1,1
35572,76,88,-12,12
35573,80,78,2,2
35574,99,96,3,3
35575,83,90,-7,7
35576,48,47,1,1
35577,140,134,6,6
35578,101,115,-14,14
35579,76,81,-5,5
35580,84,94,-10,10
35581,95,90,5,5
35582,60,51,9,9
35583,78,82,-4,4
35584,125,132,-7,7
35585,90,97,-7,7
35586,99,108,-9,9
35587,58,57,1,1
35588,128,130,-2,2
35589,67,77,-10,10
35590,96,125,-29,29
35591,96,96,0,0
35592,141,142,-1,1
35593,77,80,-3,3
35594,114,107,7,7
35595,86,92,-6,6
35596,175,158,17,17
35597,129,117,12,12
35598,50,55,-5,5
35599,70,60,10,10
35600,224,205,19,19
35601,146,126,20,20
35602,81,83,-2,2
35603,97,78,19,19
35604,118,118,0,0
35605,77,76,1,1
35606,73,74,-1,1
35607,85,88,-3,3
35608,102,103,-1,1
35609,130,127,3,3
35610,133,138,-5,5
35611,129,113,16,16
35612,80,87,-7,7
35613,93,103,-10,10
35614,91,77,14,14
35615,41,111,-70,70
35616,82,88,-6,6
35617,67,70,-3,3
35618,85,82,3,3
35619,75,81,-6,6
35620,118,146,-28,28
35621,118,108,10,10
35622,79,89,-10,10
35623,63,70,-7,7
35624,170,152,18,18
35625,73,76,-3,3
35626,114,83,31,31
35627,154,149,5,5
35628,54,113,-59,59
35629,115,112,3,3
35630,49,120,-71,71
35631,99,98,1,1
35632,80,91,-11,11
35633,152,160,-8,8
35634,71,75,-4,4
35635,118,147,-29,29
35636,106,103,3,3
35637,106,113,-7,7
35638,173,154,19,19
35639,89,98,-9,9
35640,65,65,0,0
35641,93,110,-17,17
35642,109,113,-4,4
35643,126,128,-2,2
35644,143,178,-35,35
35645,127,132,-5,5
35646,114,102,12,12
35647,84,94,-10,10
35648,68,91,-23,23
35649,60,60,0,0
35650,111,113,-2,2
35651,127,137,-10,10
35652,83,73,10,10
35653,98,97,1,1
35654,83,69,14,14
35655,77,81,-4,4
35656,51,52,-1,1
35657,88,106,-18,18
35658,48,64,-16,16
35659,147,143,4,4
35660,66,79,-13,13
35661,100,96,4,4
35662,76,93,-17,17
35663,59,45,14,14
35664,116,113,3,3
35665,61,65,-4,4
35666,155,144,11,11
35667,99,113,-14,14
35668,112,112,0,0
35669,70,73,-3,3
35670,79,91,-12,12
35671,96,108,-12,12
35672,90,109,-19,19
35673,104,109,-5,5
35674,99,68,31,31
35675,81,89,-8,8
35676,134,151,-17,17
35677,126,128,-2,2
35678,160,111,49,49
35679,75,76,-1,1
35680,104,113,-9,9
35681,150,138,12,12
35682,120,126,-6,6
35683,90,104,-14,14
35684,120,122,-2,2
35685,142,151,-9,9
35686,75,71,4,4
35687,102,110,-8,8
35688,162,151,11,11
35689,74,81,-7,7
35690,75,83,-8,8
35691,99,97,2,2
35692,130,132,-2,2
35693,53,52,1,1
35694,127,115,12,12
35695,103,107,-4,4
35696,94,93,1,1
35697,76,80,-4,4
35698,83,109,-26,26
35699,195,138,57,57
35700,58,81,-23,23
35701,51,38,13,13
35702,153,147,6,6
35703,190,174,16,16
35704,87,95,-8,8
35705,96,90,6,6
35706,100,92,8,8
35707,74,74,0,0
35708,67,82,-15,15
35709,124,118,6,6
35710,74,74,0,0
35711,111,97,14,14
35712,93,115,-22,22
35713,107,110,-3,3
35714,70,84,-14,14
35715,154,150,4,4
35716,125,117,8,8
35717,107,98,9,9
35718,69,81,-12,12
35719,101,115,-14,14
35720,95,93,2,2
35721,96,105,-9,9
35722,85,92,-7,7
35723,70,98,-28,28
35724,68,61,7,7
35725,61,60,1,1
35726,155,159,-4,4
35727,58,76,-18,18
35728,72,76,-4,4
35729,47,44,3,3
35730,98,105,-7,7
35731,145,143,2,2
35732,52,57,-5,5
35733,120,109,11,11
35734,78,74,4,4
35735,56,56,0,0
35736,89,85,4,4
35737,82,85,-3,3
35738,104,106,-2,2
35739,128,148,-20,20
35740,159,134,25,25
35741,79,103,-24,24
35742,109,110,-1,1
35743,120,125,-5,5
35744,79,120,-41,41
35745,73,66,7,7
35746,64,66,-2,2
35747,97,99,-2,2
35748,135,105,30,30
35749,81,89,-8,8
35750,91,87,4,4
35751,58,58,0,0
35752,78,101,-23,23
35753,77,79,-2,2
35754,47,39,8,8
35755,167,140,27,27
35756,65,78,-13,13
35757,152,152,0,0
35758,159,128,31,31
35759,89,114,-25,25
35760,205,148,57,57
35761,108,101,7,7
35762,101,96,5,5
35763,129,127,2,2
35764,123,128,-5,5
35765,90,94,-4,4
35766,138,113,25,25
35767,105,95,10,10
35768,93,85,8,8
35769,129,112,17,17
35770,110,106,4,4
35771,86,91,-5,5
35772,72,96,-24,24
35773,122,120,2,2
35774,37,32,5,5
35775,173,171,2,2
35776,97,82,15,15
35777,45,40,5,5
35778,97,86,11,11
35779,85,95,-10,10
35780,83,89,-6,6
35781,105,93,12,12
35782,138,135,3,3
35783,98,85,13,13
35784,128,134,-6,6
35785,94,88,6,6
35786,131,126,5,5
35787,67,65,2,2
35788,176,142,34,34
35789,116,119,-3,3
35790,116,117,-1,1
35791,80,89,-9,9
35792,84,71,13,13
35793,69,76,-7,7
35794,165,163,2,2
35795,55,62,-7,7
35796,123,127,-4,4
35797,117,136,-19,19
35798,81,62,19,19
35799,86,80,6,6
35800,185,182,3,3
35801,104,83,21,21
35802,89,91,-2,2
35803,85,81,4,4
35804,156,150,6,6
35805,72,70,2,2
35806,95,103,-8,8
35807,86,77,9,9
35808,72,72,0,0
35809,168,152,16,16
35810,42,38,4,4
35811,93,87,6,6
35812,103,96,7,7
35813,83,91,-8,8
35814,137,132,5,5
35815,117,125,-8,8
35816,77,74,3,3
35817,79,93,-14,14
35818,121,132,-11,11
35819,110,129,-19,19
35820,101,93,8,8
35821,88,117,-29,29
35822,91,95,-4,4
35823,166,154,12,12
35824,63,68,-5,5
35825,92,86,6,6
35826,138,134,4,4
35827,110,116,-6,6
35828,151,123,28,28
35829,121,137,-16,16
35830,73,95,-22,22
35831,77,82,-5,5
35832,197,179,18,18
35833,94,102,-8,8
35834,67,61,6,6
35835,147,126,21,21
35836,92,107,-15,15
35837,138,125,13,13
35838,71,86,-15,15
35839,93,100,-7,7
35840,115,106,9,9
35841,90,78,12,12
35842,137,130,7,7
35843,136,126,10,10
35844,63,62,1,1
35845,68,81,-13,13
35846,105,93,12,12
35847,61,57,4,4
35848,75,80,-5,5
35849,120,124,-4,4
35850,145,147,-2,2
35851,106,102,4,4
35852,171,159,12,12
35853,87,101,-14,14
35854,112,102,10,10
35855,75,87,-12,12
35856,84,92,-8,8
35857,55,51,4,4
35858,57,59,-2,2
35859,71,83,-12,12
35860,150,141,9,9
35861,42,100,-58,58
35862,95,101,-6,6
35863,100,117,-17,17
35864,77,57,20,20
35865,134,141,-7,7
35866,100,83,17,17
35867,117,131,-14,14
35868,74,97,-23,23
35869,106,107,-1,1
35870,121,113,8,8
35871,115,105,10,10
35872,137,134,3,3
35873,80,83,-3,3
35874,81,91,-10,10
35875,50,48,2,2
35876,60,68,-8,8
35877,143,112,31,31
35878,80,102,-22,22
35879,72,61,11,11
35880,74,74,0,0
35881,125,96,29,29
35882,111,97,14,14
35883,99,99,0,0
35884,72,67,5,5
35885,84,71,13,13
35886,52,42,10,10
35887,54,56,-2,2
35888,63,71,-8,8
35889,101,102,-1,1
35890,65,50,15,15
35891,74,90,-16,16
35892,141,135,6,6
35893,84,85,-1,1
35894,156,130,26,26
35895,105,107,-2,2
35896,130,124,6,6
35897,74,71,3,3
35898,97,103,-6,6
35899,111,120,-9,9
35900,65,63,2,2
35901,124,119,5,5
35902,80,76,4,4
35903,93,81,12,12
35904,122,126,-4,4
35905,84,94,-10,10
35906,92,97,-5,5
35907,52,82,-30,30
35908,86,99,-13,13
35909,69,72,-3,3
35910,114,126,-12,12
35911,68,67,1,1
35912,123,130,-7,7
35913,104,124,-20,20
35914,119,105,14,14
35915,123,103,20,20
35916,99,92,7,7
35917,117,134,-17,17
35918,94,107,-13,13
35919,126,124,2,2
35920,148,134,14,14
35921,112,104,8,8
35922,168,130,38,38
35923,81,92,-11,11
35924,100,80,20,20
35925,78,84,-6,6
35926,109,113,-4,4
35927,120,122,-2,2
35928,119,120,-1,1
35929,83,86,-3,3
35930,138,128,10,10
35931,63,64,-1,1
35932,63,48,15,15
35933,88,74,14,14
35934,50,43,7,7
35935,171,113,58,58
35936,111,69,42,42
35937,154,154,0,0
35938,131,109,22,22
35939,110,116,-6,6
35940,74,89,-15,15
35941,116,121,-5,5
35942,112,116,-4,4
35943,89,82,7,7
35944,109,119,-10,10
35945,68,75,-7,7
35946,77,79,-2,2
35947,69,67,2,2
35948,54,51,3,3
35949,74,74,0,0
35950,140,142,-2,2
35951,92,99,-7,7
35952,47,55,-8,8
35953,49,55,-6,6
35954,72,79,-7,7
35955,79,89,-10,10
35956,45,64,-19,19
35957,53,55,-2,2
35958,114,119,-5,5
35959,64,69,-5,5
35960,63,52,11,11
35961,113,111,2,2
35962,103,100,3,3
35963,109,108,1,1
35964,94,78,16,16
35965,65,74,-9,9
35966,94,110,-16,16
35967,142,146,-4,4
35968,38,18,20,20
35969,91,110,-19,19
35970,86,81,5,5
35971,150,145,5,5
35972,66,62,4,4
35973,68,71,-3,3
35974,62,63,-1,1
35975,53,46,7,7
35976,53,28,25,25
35977,117,113,4,4
35978,89,92,-3,3
35979,96,89,7,7
35980,109,117,-8,8
35981,100,94,6,6
35982,132,129,3,3
35983,125,133,-8,8
35984,47,80,-33,33
35985,76,109,-33,33
35986,80,82,-2,2
35987,108,115,-7,7
35988,72,74,-2,2
35989,79,76,3,3
35990,103,108,-5,5
35991,93,99,-6,6
35992,90,104,-14,14
35993,76,78,-2,2
35994,88,90,-2,2
35995,70,73,-3,3
35996,162,127,35,35
35997,86,77,9,9
35998,62,74,-12,12
35999,78,84,-6,6
36000,51,53,-2,2
36001,131,117,14,14
36002,81,72,9,9
36003,100,108,-8,8
36004,107,109,-2,2
36005,71,72,-1,1
36006,99,102,-3,3
36007,128,124,4,4
36008,102,107,-5,5
36009,111,118,-7,7
36010,114,126,-12,12
36011,145,124,21,21
36012,123,115,8,8
36013,64,67,-3,3
36014,138,137,1,1
36015,120,126,-6,6
36016,96,98,-2,2
36017,143,151,-8,8
36018,79,82,-3,3
36019,139,155,-16,16
36020,124,115,9,9
36021,76,80,-4,4
36022,67,68,-1,1
36023,65,83,-18,18
36024,62,62,0,0
36025,184,171,13,13
36026,102,108,-6,6
36027,60,68,-8,8
36028,79,93,-14,14
36029,63,52,11,11
36030,70,64,6,6
36031,91,107,-16,16
36032,68,69,-1,1
36033,86,92,-6,6
36034,97,105,-8,8
36035,78,81,-3,3
36036,110,122,-12,12
36037,94,79,15,15
36038,68,96,-28,28
36039,150,145,5,5
36040,81,75,6,6
36041,58,76,-18,18
36042,48,46,2,2
36043,76,76,0,0
36044,102,107,-5,5
36045,74,80,-6,6
36046,60,64,-4,4
36047,75,84,-9,9
36048,92,93,-1,1
36049,62,67,-5,5
36050,91,105,-14,14
36051,93,62,31,31
36052,146,150,-4,4
36053,94,89,5,5
36054,88,99,-11,11
36055,124,121,3,3
36056,92,103,-11,11
36057,87,121,-34,34
36058,113,117,-4,4
36059,99,87,12,12
36060,90,83,7,7
36061,95,95,0,0
36062,61,53,8,8
36063,139,116,23,23
36064,106,119,-13,13
36065,42,38,4,4
36066,95,55,40,40
36067,121,134,-13,13
36068,130,137,-7,7
36069,121,117,4,4
36070,74,96,-22,22
36071,84,86,-2,2
36072,70,71,-1,1
36073,73,81,-8,8
36074,116,129,-13,13
36075,120,136,-16,16
36076,151,138,13,13
36077,80,90,-10,10
36078,90,101,-11,11
36079,68,97,-29,29
36080,102,96,6,6
36081,180,153,27,27
36082,44,100,-56,56
36083,170,172,-2,2
36084,99,101,-2,2
36085,130,131,-1,1
36086,78,107,-29,29
36087,107,112,-5,5
36088,93,102,-9,9
36089,146,139,7,7
36090,97,107,-10,10
36091,107,103,4,4
36092,116,118,-2,2
36093,81,93,-12,12
36094,84,89,-5,5
36095,88,101,-13,13
36096,77,101,-24,24
36097,65,80,-15,15
36098,158,152,6,6
36099,76,90,-14,14
36100,56,63,-7,7
36101,119,122,-3,3
36102,82,79,3,3
36103,52,61,-9,9
36104,44,38,6,6
36105,122,117,5,5
36106,92,110,-18,18
36107,87,85,2,2
36108,152,154,-2,2
36109,97,100,-3,3
36110,127,121,6,6
36111,61,67,-6,6
36112,58,51,7,7
36113,94,101,-7,7
36114,123,113,10,10
36115,141,130,11,11
36116,61,77,-16,16
36117,151,151,0,0
36118,117,112,5,5
36119,88,83,5,5
36120,71,63,8,8
36121,131,131,0,0
36122,98,63,35,35
36123,54,58,-4,4
36124,133,136,-3,3
36125,68,64,4,4
36126,49,48,1,1
36127,106,98,8,8
36128,144,138,6,6
36129,105,113,-8,8
36130,59,49,10,10
36131,65,75,-10,10
36132,136,124,12,12
36133,58,54,4,4
36134,49,29,20,20
36135,47,43,4,4
36136,87,81,6,6
36137,81,95,-14,14
36138,110,107,3,3
36139,119,131,-12,12
36140,114,112,2,2
36141,77,71,6,6
36142,114,107,7,7
36143,112,113,-1,1
36144,86,127,-41,41
36145,91,73,18,18
36146,136,124,12,12
36147,52,60,-8,8
36148,85,90,-5,5
36149,97,91,6,6
36150,151,138,13,13
36151,118,103,15,15
36152,156,117,39,39
36153,61,50,11,11
36154,107,110,-3,3
36155,173,169,4,4
36156,86,95,-9,9
36157,74,79,-5,5
36158,90,84,6,6
36159,61,59,2,2
36160,112,118,-6,6
36161,114,88,26,26
36162,86,96,-10,10
36163,115,122,-7,7
36164,128,124,4,4
36165,62,64,-2,2
36166,81,90,-9,9
36167,102,105,-3,3
36168,104,107,-3,3
36169,70,83,-13,13
36170,85,89,-4,4
36171,59,55,4,4
36172,112,110,2,2
36173,141,142,-1,1
36174,103,120,-17,17
36175,89,88,1,1
36176,83,90,-7,7
36177,54,48,6,6
36178,70,84,-14,14
36179,75,83,-8,8
36180,124,124,0,0
36181,64,66,-2,2
36182,137,130,7,7
36183,112,129,-17,17
36184,60,104,-44,44
36185,103,119,-16,16
36186,76,80,-4,4
36187,100,82,18,18
36188,68,74,-6,6
36189,72,76,-4,4
36190,52,56,-4,4
36191,91,91,0,0
36192,57,56,1,1
36193,71,68,3,3
36194,99,104,-5,5
36195,117,135,-18,18
36196,179,170,9,9
36197,109,109,0,0
36198,33,64,-31,31
36199,101,100,1,1
36200,105,83,22,22
36201,88,86,2,2
36202,152,161,-9,9
36203,88,89,-1,1
36204,140,109,31,31
36205,123,112,11,11
36206,129,120,9,9
36207,57,51,6,6
36208,53,61,-8,8
36209,65,64,1,1
36210,72,76,-4,4
36211,127,145,-18,18
36212,62,63,-1,1
36213,47,35,12,12
36214,101,32,69,69
36215,58,46,12,12
36216,90,99,-9,9
36217,71,67,4,4
36218,148,128,20,20
36219,131,127,4,4
36220,173,163,10,10
36221,140,128,12,12
36222,88,90,-2,2
36223,105,123,-18,18
36224,129,121,8,8
36225,105,103,2,2
36226,113,123,-10,10
36227,83,89,-6,6
36228,58,60,-2,2
36229,59,56,3,3
36230,110,95,15,15
36231,106,116,-10,10
36232,95,102,-7,7
36233,101,104,-3,3
36234,56,58,-2,2
36235,134,139,-5,5
36236,118,111,7,7
36237,114,104,10,10
36238,70,82,-12,12
36239,68,83,-15,15
36240,66,109,-43,43
36241,92,81,11,11
36242,113,104,9,9
36243,108,102,6,6
36244,91,96,-5,5
36245,146,147,-1,1
36246,114,115,-1,1
36247,103,107,-4,4
36248,108,137,-29,29
36249,60,61,-1,1
36250,62,76,-14,14
36251,102,100,2,2
36252,110,122,-12,12
36253,194,179,15,15
36254,53,46,7,7
36255,102,101,1,1
36256,175,137,38,38
36257,66,74,-8,8
36258,108,102,6,6
36259,112,110,2,2
36260,154,136,18,18
36261,121,130,-9,9
36262,66,55,11,11
36263,84,80,4,4
36264,72,82,-10,10
36265,97,84,13,13
36266,125,128,-3,3
36267,53,51,2,2
36268,56,53,3,3
36269,139,144,-5,5
36270,76,113,-37,37
36271,98,101,-3,3
36272,64,84,-20,20
36273,102,110,-8,8
36274,63,92,-29,29
36275,125,133,-8,8
36276,133,110,23,23
36277,61,57,4,4
36278,57,58,-1,1
36279,87,65,22,22
36280,65,83,-18,18
36281,45,64,-19,19
36282,105,80,25,25
36283,123,117,6,6
36284,96,62,34,34
36285,146,136,10,10
36286,65,57,8,8
36287,93,75,18,18
36288,67,72,-5,5
36289,112,98,14,14
36290,128,123,5,5
36291,78,85,-7,7
36292,73,80,-7,7
36293,89,95,-6,6
36294,62,64,-2,2
36295,127,137,-10,10
36296,126,116,10,10
36297,80,71,9,9
36298,84,101,-17,17
36299,85,108,-23,23
36300,65,74,-9,9
36301,63,106,-43,43
36302,42,54,-12,12
36303,84,86,-2,2
36304,73,65,8,8
36305,50,33,17,17
36306,107,128,-21,21
36307,108,103,5,5
36308,65,69,-4,4
36309,150,115,35,35
36310,101,97,4,4
36311,51,61,-10,10
36312,74,82,-8,8
36313,79,73,6,6
36314,117,106,11,11
36315,71,80,-9,9
36316,70,75,-5,5
36317,75,69,6,6
36318,38,54,-16,16
36319,104,127,-23,23
36320,97,86,11,11
36321,117,118,-1,1
36322,78,81,-3,3
36323,58,63,-5,5
36324,133,134,-1,1
36325,51,41,10,10
36326,117,115,2,2
36327,82,62,20,20
36328,155,118,37,37
36329,102,104,-2,2
36330,137,135,2,2
36331,85,79,6,6
36332,132,136,-4,4
36333,35,34,1,1
36334,72,67,5,5
36335,119,125,-6,6
36336,90,75,15,15
36337,69,67,2,2
36338,76,98,-22,22
36339,85,103,-18,18
36340,114,118,-4,4
36341,84,106,-22,22
36342,78,89,-11,11
36343,55,64,-9,9
36344,102,114,-12,12
36345,163,135,28,28
36346,69,81,-12,12
36347,126,103,23,23
36348,43,26,17,17
36349,61,67,-6,6
36350,54,63,-9,9
36351,109,111,-2,2
36352,102,120,-18,18
36353,80,76,4,4
36354,206,193,13,13
36355,51,53,-2,2
36356,89,97,-8,8
36357,72,80,-8,8
36358,127,128,-1,1
36359,76,79,-3,3
36360,107,127,-20,20
36361,71,70,1,1
36362,66,67,-1,1
36363,76,76,0,0
36364,184,154,30,30
36365,129,135,-6,6
36366,55,49,6,6
36367,110,104,6,6
36368,75,85,-10,10
36369,61,31,30,30
36370,136,127,9,9
36371,103,104,-1,1
36372,115,117,-2,2
36373,55,61,-6,6
36374,113,113,0,0
36375,89,90,-1,1
36376,121,116,5,5
36377,80,104,-24,24
36378,141,132,9,9
36379,150,164,-14,14
36380,90,95,-5,5
36381,73,80,-7,7
36382,137,148,-11,11
36383,107,100,7,7
36384,86,89,-3,3
36385,112,107,5,5
36386,46,57,-11,11
36387,72,86,-14,14
36388,99,103,-4,4
36389,63,70,-7,7
36390,126,115,11,11
36391,64,65,-1,1
36392,90,105,-15,15
36393,59,61,-2,2
36394,66,55,11,11
36395,114,101,13,13
36396,102,96,6,6
36397,77,75,2,2
36398,90,92,-2,2
36399,68,59,9,9
36400,78,74,4,4
36401,71,78,-7,7
36402,49,54,-5,5
36403,83,94,-11,11
36404,112,132,-20,20
36405,102,107,-5,5
36406,134,81,53,53
36407,57,55,2,2
36408,71,73,-2,2
36409,163,151,12,12
36410,130,113,17,17
36411,123,142,-19,19
36412,117,124,-7,7
36413,78,66,12,12
36414,39,36,3,3
36415,49,61,-12,12
36416,57,48,9,9
36417,51,64,-13,13
36418,123,104,19,19
36419,92,104,-12,12
36420,93,88,5,5
36421,77,79,-2,2
36422,197,157,40,40
36423,112,115,-3,3
36424,63,65,-2,2
36425,83,102,-19,19
36426,68,84,-16,16
36427,105,98,7,7
36428,62,72,-10,10
36429,71,64,7,7
36430,91,93,-2,2
36431,85,92,-7,7
36432,197,191,6,6
36433,124,114,10,10
36434,119,117,2,2
36435,130,139,-9,9
36436,81,84,-3,3
36437,92,108,-16,16
36438,71,82,-11,11
36439,67,69,-2,2
36440,99,90,9,9
36441,94,104,-10,10
36442,114,122,-8,8
36443,167,152,15,15
36444,120,117,3,3
36445,125,110,15,15
36446,70,64,6,6
36447,114,108,6,6
36448,95,91,4,4
36449,46,69,-23,23
36450,101,112,-11,11
36451,61,67,-6,6
36452,90,101,-11,11
36453,67,123,-56,56
36454,157,139,18,18
36455,79,81,-2,2
36456,105,116,-11,11
36457,112,105,7,7
36458,89,84,5,5
36459,105,101,4,4
36460,124,120,4,4
36461,65,65,0,0
36462,73,71,2,2
36463,66,60,6,6
36464,61,76,-15,15
36465,125,134,-9,9
36466,122,120,2,2
36467,76,75,1,1
36468,90,96,-6,6
36469,176,157,19,19
36470,62,68,-6,6
36471,139,137,2,2
36472,43,38,5,5
36473,67,76,-9,9
36474,50,54,-4,4
36475,66,64,2,2
36476,59,62,-3,3
36477,81,76,5,5
36478,83,87,-4,4
36479,92,91,1,1
36480,76,88,-12,12
36481,62,67,-5,5
36482,64,45,19,19
36483,92,95,-3,3
36484,123,124,-1,1
36485,84,67,17,17
36486,88,106,-18,18
36487,58,67,-9,9
36488,87,64,23,23
36489,73,85,-12,12
36490,44,49,-5,5
36491,123,120,3,3
36492,76,76,0,0
36493,82,96,-14,14
36494,84,94,-10,10
36495,69,87,-18,18
36496,80,83,-3,3
36497,104,113,-9,9
36498,81,89,-8,8
36499,79,84,-5,5
36500,90,107,-17,17
36501,105,97,8,8
36502,140,136,4,4
36503,85,86,-1,1
36504,96,89,7,7
36505,102,97,5,5
36506,81,77,4,4
36507,117,118,-1,1
36508,68,73,-5,5
36509,79,86,-7,7
36510,143,136,7,7
36511,66,39,27,27
36512,52,51,1,1
36513,109,108,1,1
36514,40,41,-1,1
36515,140,128,12,12
36516,115,111,4,4
36517,74,94,-20,20
36518,61,60,1,1
36519,66,65,1,1
36520,92,92,0,0
36521,48,71,-23,23
36522,116,115,1,1
36523,141,125,16,16
36524,113,107,6,6
36525,89,79,10,10
36526,139,112,27,27
36527,134,143,-9,9
36528,152,148,4,4
36529,88,88,0,0
36530,93,99,-6,6
36531,161,155,6,6
36532,90,104,-14,14
36533,68,69,-1,1
36534,148,132,16,16
36535,82,89,-7,7
36536,96,100,-4,4
36537,171,180,-9,9
36538,96,110,-14,14
36539,66,100,-34,34
36540,113,106,7,7
36541,78,86,-8,8
36542,82,83,-1,1
36543,61,55,6,6
36544,82,88,-6,6
36545,99,116,-17,17
36546,225,201,24,24
36547,81,83,-2,2
36548,62,64,-2,2
36549,66,67,-1,1
36550,44,56,-12,12
36551,74,85,-11,11
36552,83,84,-1,1
36553,109,93,16,16
36554,51,71,-20,20
36555,121,120,1,1
36556,83,86,-3,3
36557,81,83,-2,2
36558,53,72,-19,19
36559,73,77,-4,4
36560,109,114,-5,5
36561,151,145,6,6
36562,115,121,-6,6
36563,122,117,5,5
36564,116,117,-1,1
36565,107,86,21,21
36566,109,91,18,18
36567,72,72,0,0
36568,43,123,-80,80
36569,78,66,12,12
36570,127,122,5,5
36571,50,54,-4,4
36572,96,97,-1,1
36573,53,60,-7,7
36574,37,20,17,17
36575,94,90,4,4
36576,56,75,-19,19
36577,27,19,8,8
36578,38,36,2,2
36579,109,117,-8,8
36580,109,110,-1,1
36581,70,84,-14,14
36582,60,65,-5,5
36583,82,89,-7,7
36584,67,64,3,3
36585,67,78,-11,11
36586,78,80,-2,2
36587,62,69,-7,7
36588,49,53,-4,4
36589,109,85,24,24
36590,88,88,0,0
36591,81,105,-24,24
36592,82,98,-16,16
36593,90,97,-7,7
36594,79,80,-1,1
36595,97,79,18,18
36596,75,85,-10,10
36597,104,95,9,9
36598,84,88,-4,4
36599,146,143,3,3
36600,62,58,4,4
36601,104,115,-11,11
36602,106,91,15,15
36603,92,92,0,0
36604,92,93,-1,1
36605,92,96,-4,4
36606,71,78,-7,7
36607,91,100,-9,9
36608,87,86,1,1
36609,79,100,-21,21
36610,86,99,-13,13
36611,128,114,14,14
36612,186,169,17,17
36613,138,129,9,9
36614,89,95,-6,6
36615,168,149,19,19
36616,46,52,-6,6
36617,93,75,18,18
36618,72,74,-2,2
36619,110,100,10,10
36620,99,85,14,14
36621,51,38,13,13
36622,93,95,-2,2
36623,99,103,-4,4
36624,126,130,-4,4
36625,64,68,-4,4
36626,209,187,22,22
36627,102,101,1,1
36628,98,118,-20,20
36629,79,76,3,3
36630,85,95,-10,10
36631,64,58,6,6
36632,83,88,-5,5
36633,121,96,25,25
36634,111,99,12,12
36635,72,67,5,5
36636,97,117,-20,20
36637,96,97,-1,1
36638,64,82,-18,18
36639,128,123,5,5
36640,34,38,-4,4
36641,124,86,38,38
36642,84,77,7,7
36643,132,125,7,7
36644,55,51,4,4
36645,118,119,-1,1
36646,47,52,-5,5
36647,74,73,1,1
36648,75,72,3,3
36649,93,97,-4,4
36650,171,147,24,24
36651,81,82,-1,1
36652,62,69,-7,7
36653,81,80,1,1
36654,83,95,-12,12
36655,65,69,-4,4
36656,61,52,9,9
36657,83,95,-12,12
36658,102,96,6,6
36659,78,80,-2,2
36660,85,76,9,9
36661,122,102,20,20
36662,60,61,-1,1
36663,151,132,19,19
36664,72,82,-10,10
36665,93,103,-10,10
36666,99,94,5,5
36667,95,98,-3,3
36668,105,99,6,6
36669,83,59,24,24
36670,128,129,-1,1
36671,76,110,-34,34
36672,114,108,6,6
36673,125,135,-10,10
36674,88,81,7,7
36675,117,117,0,0
36676,54,49,5,5
36677,102,100,2,2
36678,60,50,10,10
36679,47,88,-41,41
36680,76,85,-9,9
36681,53,67,-14,14
36682,83,96,-13,13
36683,148,159,-11,11
36684,101,113,-12,12
36685,126,126,0,0
36686,124,192,-68,68
36687,114,126,-12,12
36688,74,77,-3,3
36689,83,110,-27,27
36690,109,106,3,3
36691,89,104,-15,15
36692,76,70,6,6
36693,53,62,-9,9
36694,78,77,1,1
36695,60,79,-19,19
36696,136,114,22,22
36697,42,51,-9,9
36698,126,125,1,1
36699,99,112,-13,13
36700,96,111,-15,15
36701,45,48,-3,3
36702,77,71,6,6
36703,167,149,18,18
36704,102,144,-42,42
36705,92,110,-18,18
36706,61,52,9,9
36707,138,131,7,7
36708,117,130,-13,13
36709,127,114,13,13
36710,92,77,15,15
36711,83,96,-13,13
36712,69,75,-6,6
36713,189,167,22,22
36714,89,80,9,9
36715,154,157,-3,3
36716,78,77,1,1
36717,92,93,-1,1
36718,151,150,1,1
36719,138,146,-8,8
36720,73,72,1,1
36721,152,146,6,6
36722,122,119,3,3
36723,71,70,1,1
36724,118,119,-1,1
36725,93,76,17,17
36726,104,107,-3,3
36727,85,89,-4,4
36728,91,95,-4,4
36729,50,47,3,3
36730,102,88,14,14
36731,120,122,-2,2
36732,111,116,-5,5
36733,71,78,-7,7
36734,57,62,-5,5
36735,161,123,38,38
36736,53,41,12,12
36737,122,139,-17,17
36738,125,122,3,3
36739,83,83,0,0
36740,74,80,-6,6
36741,78,73,5,5
36742,51,48,3,3
36743,167,139,28,28
36744,78,82,-4,4
36745,207,192,15,15
36746,120,117,3,3
36747,142,147,-5,5
36748,71,97,-26,26
36749,144,128,16,16
36750,55,51,4,4
36751,75,66,9,9
36752,113,122,-9,9
36753,100,83,17,17
36754,56,66,-10,10
36755,137,133,4,4
36756,92,95,-3,3
36757,142,128,14,14
36758,114,118,-4,4
36759,47,45,2,2
36760,61,65,-4,4
36761,130,115,15,15
36762,68,71,-3,3
36763,72,88,-16,16
36764,39,25,14,14
36765,116,126,-10,10
36766,135,117,18,18
36767,121,123,-2,2
36768,126,122,4,4
36769,115,137,-22,22
36770,92,81,11,11
36771,137,131,6,6
36772,67,65,2,2
36773,58,47,11,11
36774,74,77,-3,3
36775,66,49,17,17
36776,70,60,10,10
36777,89,111,-22,22
36778,85,93,-8,8
36779,77,76,1,1
36780,54,49,5,5
36781,103,118,-15,15
36782,45,59,-14,14
36783,35,102,-67,67
36784,84,104,-20,20
36785,61,79,-18,18
36786,114,110,4,4
36787,47,51,-4,4
36788,86,93,-7,7
36789,92,106,-14,14
36790,61,32,29,29
36791,96,99,-3,3
36792,48,56,-8,8
36793,115,131,-16,16
36794,209,186,23,23
36795,89,100,-11,11
36796,63,55,8,8
36797,68,73,-5,5
36798,88,121,-33,33
36799,63,63,0,0
36800,121,134,-13,13
36801,146,167,-21,21
36802,64,63,1,1
36803,75,90,-15,15
36804,118,114,4,4
36805,121,124,-3,3
36806,87,92,-5,5
36807,80,78,2,2
36808,80,87,-7,7
36809,107,107,0,0
36810,137,133,4,4
36811,96,100,-4,4
36812,74,84,-10,10
36813,90,84,6,6
36814,70,68,2,2
36815,45,40,5,5
36816,63,58,5,5
36817,122,106,16,16
36818,80,67,13,13
36819,91,87,4,4
36820,241,211,30,30
36821,49,54,-5,5
36822,115,126,-11,11
36823,136,91,45,45
36824,87,81,6,6
36825,90,113,-23,23
36826,86,43,43,43
36827,126,128,-2,2
36828,63,81,-18,18
36829,68,53,15,15
36830,83,76,7,7
36831,101,102,-1,1
36832,82,108,-26,26
36833,105,116,-11,11
36834,141,146,-5,5
36835,67,73,-6,6
36836,29,16,13,13
36837,96,96,0,0
36838,69,64,5,5
36839,62,72,-10,10
36840,68,61,7,7
36841,96,95,1,1
36842,122,131,-9,9
36843,109,118,-9,9
36844,83,86,-3,3
36845,127,123,4,4
36846,115,132,-17,17
36847,95,96,-1,1
36848,64,57,7,7
36849,80,88,-8,8
36850,285,247,38,38
36851,88,91,-3,3
36852,154,113,41,41
36853,163,153,10,10
36854,68,119,-51,51
36855,72,100,-28,28
36856,184,179,5,5
36857,87,87,0,0
36858,58,59,-1,1
36859,110,118,-8,8
36860,62,84,-22,22
36861,53,46,7,7
36862,158,156,2,2
36863,87,120,-33,33
36864,70,80,-10,10
36865,72,74,-2,2
36866,141,135,6,6
36867,94,90,4,4
36868,48,64,-16,16
36869,56,51,5,5
36870,169,155,14,14
36871,81,110,-29,29
36872,71,77,-6,6
36873,97,93,4,4
36874,73,86,-13,13
36875,90,94,-4,4
36876,122,121,1,1
36877,68,59,9,9
36878,128,119,9,9
36879,68,85,-17,17
36880,128,127,1,1
36881,80,72,8,8
36882,76,78,-2,2
36883,131,144,-13,13
36884,96,104,-8,8
36885,118,131,-13,13
36886,112,112,0,0
36887,174,153,21,21
36888,44,63,-19,19
36889,92,103,-11,11
36890,66,67,-1,1
36891,90,88,2,2
36892,144,139,5,5
36893,110,88,22,22
36894,164,155,9,9
36895,85,79,6,6
36896,87,97,-10,10
36897,126,123,3,3
36898,70,68,2,2
36899,111,98,13,13
36900,56,54,2,2
36901,50,66,-16,16
36902,93,92,1,1
36903,66,80,-14,14
36904,77,82,-5,5
36905,59,54,5,5
36906,95,100,-5,5
36907,79,74,5,5
36908,84,74,10,10
36909,81,80,1,1
36910,118,106,12,12
36911,62,53,9,9
36912,113,105,8,8
36913,89,89,0,0
36914,109,101,8,8
36915,157,150,7,7
36916,144,154,-10,10
36917,113,88,25,25
36918,136,124,12,12
36919,55,51,4,4
36920,100,130,-30,30
36921,127,112,15,15
36922,137,125,12,12
36923,77,83,-6,6
36924,75,77,-2,2
36925,96,104,-8,8
36926,183,169,14,14
36927,100,96,4,4
36928,66,47,19,19
36929,87,97,-10,10
36930,76,80,-4,4
36931,79,96,-17,17
36932,84,85,-1,1
36933,101,101,0,0
36934,110,114,-4,4
36935,97,100,-3,3
36936,55,54,1,1
36937,94,85,9,9
36938,65,77,-12,12
36939,78,69,9,9
36940,69,63,6,6
36941,171,163,8,8
36942,78,86,-8,8
36943,58,62,-4,4
36944,79,98,-19,19
36945,90,96,-6,6
36946,43,38,5,5
36947,80,111,-31,31
36948,121,129,-8,8
36949,186,162,24,24
36950,87,91,-4,4
36951,25,8,17,17
36952,77,100,-23,23
36953,111,103,8,8
36954,60,49,11,11
36955,70,80,-10,10
36956,145,127,18,18
36957,83,81,2,2
36958,87,72,15,15
36959,79,78,1,1
36960,110,109,1,1
36961,70,70,0,0
36962,157,145,12,12
36963,95,115,-20,20
36964,62,79,-17,17
36965,83,79,4,4
36966,64,57,7,7
36967,240,192,48,48
36968,77,90,-13,13
36969,171,150,21,21
36970,111,110,1,1
36971,98,97,1,1
36972,60,65,-5,5
36973,94,98,-4,4
36974,117,119,-2,2
36975,113,117,-4,4
36976,149,163,-14,14
36977,84,82,2,2
36978,50,57,-7,7
36979,109,121,-12,12
36980,77,99,-22,22
36981,125,133,-8,8
36982,74,90,-16,16
36983,80,90,-10,10
36984,70,78,-8,8
36985,79,85,-6,6
36986,125,102,23,23
36987,102,82,20,20
36988,72,76,-4,4
36989,99,119,-20,20
36990,73,88,-15,15
36991,104,66,38,38
36992,99,92,7,7
36993,97,94,3,3
36994,135,138,-3,3
36995,80,97,-17,17
36996,146,149,-3,3
36997,59,67,-8,8
36998,95,99,-4,4
36999,159,143,16,16
37000,73,72,1,1
37001,94,110,-16,16
37002,159,109,50,50
37003,178,122,56,56
37004,58,64,-6,6
37005,88,87,1,1
37006,88,112,-24,24
37007,81,94,-13,13
37008,79,68,11,11
37009,54,47,7,7
37010,88,73,15,15
37011,75,68,7,7
37012,101,95,6,6
37013,89,85,4,4
37014,51,51,0,0
37015,121,123,-2,2
37016,110,102,8,8
37017,99,88,11,11
37018,63,78,-15,15
37019,113,126,-13,13
37020,137,151,-14,14
37021,114,122,-8,8
37022,87,87,0,0
37023,176,140,36,36
37024,136,118,18,18
37025,104,106,-2,2
37026,131,168,-37,37
37027,100,114,-14,14
37028,110,126,-16,16
37029,54,50,4,4
37030,99,88,11,11
37031,55,65,-10,10
37032,141,134,7,7
37033,142,142,0,0
37034,125,119,6,6
37035,114,123,-9,9
37036,121,124,-3,3
37037,138,127,11,11
37038,66,69,-3,3
37039,108,106,2,2
37040,137,132,5,5
37041,57,37,20,20
37042,97,82,15,15
37043,114,105,9,9
37044,124,151,-27,27
37045,66,78,-12,12
37046,51,69,-18,18
37047,162,147,15,15
37048,161,136,25,25
37049,116,109,7,7
37050,111,114,-3,3
37051,143,142,1,1
37052,41,49,-8,8
37053,97,86,11,11
37054,49,58,-9,9
37055,156,147,9,9
37056,48,51,-3,3
37057,82,86,-4,4
37058,58,63,-5,5
37059,81,90,-9,9
37060,81,81,0,0
37061,68,64,4,4
37062,120,124,-4,4
37063,28,33,-5,5
37064,84,105,-21,21
37065,96,120,-24,24
37066,79,78,1,1
37067,446,381,65,65
37068,132,108,24,24
37069,131,124,7,7
37070,60,80,-20,20
37071,78,64,14,14
37072,113,111,2,2
37073,67,68,-1,1
37074,83,87,-4,4
37075,77,81,-4,4
37076,82,78,4,4
37077,60,65,-5,5
37078,112,117,-5,5
37079,124,110,14,14
37080,150,138,12,12
37081,87,88,-1,1
37082,129,114,15,15
37083,151,143,8,8
37084,36,27,9,9
37085,100,100,0,0
37086,57,101,-44,44
37087,108,118,-10,10
37088,78,84,-6,6
37089,72,51,21,21
37090,69,83,-14,14
37091,108,116,-8,8
37092,87,89,-2,2
37093,51,62,-11,11
37094,48,52,-4,4
37095,98,116,-18,18
37096,31,99,-68,68
37097,140,120,20,20
37098,74,82,-8,8
37099,95,99,-4,4
37100,87,80,7,7
37101,120,125,-5,5
37102,83,64,19,19
37103,81,101,-20,20
37104,75,77,-2,2
37105,87,102,-15,15
37106,145,144,1,1
37107,98,99,-1,1
37108,52,53,-1,1
37109,83,92,-9,9
37110,55,63,-8,8
37111,110,121,-11,11
37112,125,132,-7,7
37113,87,77,10,10
37114,101,108,-7,7
37115,81,67,14,14
37116,143,126,17,17
37117,218,195,23,23
37118,79,89,-10,10
37119,97,94,3,3
37120,58,47,11,11
37121,116,125,-9,9
37122,76,79,-3,3
37123,94,107,-13,13
37124,79,90,-11,11
37125,60,62,-2,2
37126,103,125,-22,22
37127,51,44,7,7
37128,113,122,-9,9
37129,83,97,-14,14
37130,121,120,1,1
37131,87,94,-7,7
37132,152,117,35,35
37133,97,104,-7,7
37134,169,166,3,3
37135,73,89,-16,16
37136,141,152,-11,11
37137,88,85,3,3
37138,75,161,-86,86
37139,78,82,-4,4
37140,114,109,5,5
37141,95,83,12,12
37142,100,111,-11,11
37143,94,95,-1,1
37144,62,91,-29,29
37145,75,89,-14,14
37146,91,91,0,0
37147,155,147,8,8
37148,82,84,-2,2
37149,120,120,0,0
37150,154,146,8,8
37151,45,35,10,10
37152,69,77,-8,8
37153,70,85,-15,15
37154,129,130,-1,1
37155,83,67,16,16
37156,102,102,0,0
37157,34,52,-18,18
37158,84,83,1,1
37159,93,86,7,7
37160,173,150,23,23
37161,81,99,-18,18
37162,112,125,-13,13
37163,141,144,-3,3
37164,117,112,5,5
37165,87,98,-11,11
37166,89,97,-8,8
37167,138,144,-6,6
37168,77,89,-12,12
37169,71,79,-8,8
37170,108,103,5,5
37171,84,80,4,4
37172,90,110,-20,20
37173,156,156,0,0
37174,90,92,-2,2
37175,91,96,-5,5
37176,64,65,-1,1
37177,66,61,5,5
37178,59,60,-1,1
37179,124,119,5,5
37180,49,44,5,5
37181,108,118,-10,10
37182,83,82,1,1
37183,115,107,8,8
37184,59,61,-2,2
37185,51,69,-18,18
37186,90,83,7,7
37187,77,93,-16,16
37188,59,56,3,3
37189,100,103,-3,3
37190,138,141,-3,3
37191,237,213,24,24
37192,71,85,-14,14
37193,51,38,13,13
37194,160,167,-7,7
37195,162,97,65,65
37196,121,126,-5,5
37197,122,119,3,3
37198,64,66,-2,2
37199,78,75,3,3
37200,107,138,-31,31
37201,102,114,-12,12
37202,74,75,-1,1
37203,90,105,-15,15
37204,65,60,5,5
37205,85,99,-14,14
37206,88,100,-12,12
37207,95,95,0,0
37208,92,85,7,7
37209,148,135,13,13
37210,89,108,-19,19
37211,63,69,-6,6
37212,98,102,-4,4
37213,74,90,-16,16
37214,69,72,-3,3
37215,58,52,6,6
37216,148,127,21,21
37217,75,79,-4,4
37218,128,135,-7,7
37219,63,90,-27,27
37220,113,94,19,19
37221,88,99,-11,11
37222,68,48,20,20
37223,98,99,-1,1
37224,79,90,-11,11
37225,69,81,-12,12
37226,284,231,53,53
37227,76,81,-5,5
37228,98,110,-12,12
37229,73,81,-8,8
37230,135,135,0,0
37231,71,66,5,5
37232,85,88,-3,3
37233,58,59,-1,1
37234,110,111,-1,1
37235,63,54,9,9
37236,91,114,-23,23
37237,72,37,35,35
37238,111,130,-19,19
37239,75,84,-9,9
37240,127,123,4,4
37241,157,138,19,19
37242,136,141,-5,5
37243,66,67,-1,1
37244,53,61,-8,8
37245,76,84,-8,8
37246,76,69,7,7
37247,123,132,-9,9
37248,90,107,-17,17
37249,62,55,7,7
37250,93,115,-22,22
37251,150,115,35,35
37252,114,130,-16,16
37253,99,86,13,13
37254,85,82,3,3
37255,68,51,17,17
37256,54,53,1,1
37257,64,73,-9,9
37258,126,127,-1,1
37259,52,50,2,2
37260,119,135,-16,16
37261,112,115,-3,3
37262,257,262,-5,5
37263,75,78,-3,3
37264,58,41,17,17
37265,87,86,1,1
37266,50,43,7,7
37267,79,66,13,13
37268,142,127,15,15
37269,122,119,3,3
37270,69,36,33,33
37271,82,74,8,8
37272,83,97,-14,14
37273,87,83,4,4
37274,132,138,-6,6
37275,110,128,-18,18
37276,98,75,23,23
37277,93,91,2,2
37278,112,123,-11,11
37279,101,102,-1,1
37280,97,102,-5,5
37281,111,127,-16,16
37282,53,50,3,3
37283,78,97,-19,19
37284,104,105,-1,1
37285,86,85,1,1
37286,109,107,2,2
37287,136,125,11,11
37288,113,129,-16,16
37289,53,52,1,1
37290,85,83,2,2
37291,142,117,25,25
37292,141,129,12,12
37293,87,95,-8,8
37294,79,77,2,2
37295,171,160,11,11
37296,104,113,-9,9
37297,91,124,-33,33
37298,70,66,4,4
37299,93,92,1,1
37300,115,120,-5,5
37301,49,54,-5,5
37302,115,107,8,8
37303,85,85,0,0
37304,96,106,-10,10
37305,112,118,-6,6
37306,133,140,-7,7
37307,114,118,-4,4
37308,78,98,-20,20
37309,158,153,5,5
37310,73,76,-3,3
37311,44,39,5,5
37312,160,137,23,23
37313,114,122,-8,8
37314,163,126,37,37
37315,113,117,-4,4
37316,92,91,1,1
37317,35,7,28,28
37318,135,134,1,1
37319,113,105,8,8
37320,105,89,16,16
37321,79,72,7,7
37322,130,113,17,17
37323,129,126,3,3
37324,81,91,-10,10
37325,71,87,-16,16
37326,233,170,63,63
37327,79,102,-23,23
37328,88,74,14,14
37329,121,128,-7,7
37330,132,123,9,9
37331,179,164,15,15
37332,199,175,24,24
37333,133,133,0,0
37334,127,125,2,2
37335,71,80,-9,9
37336,59,66,-7,7
37337,92,104,-12,12
37338,98,91,7,7
37339,93,89,4,4
37340,103,82,21,21
37341,114,136,-22,22
37342,80,96,-16,16
37343,84,87,-3,3
37344,95,89,6,6
37345,141,139,2,2
37346,184,150,34,34
37347,138,122,16,16
37348,59,58,1,1
37349,172,141,31,31
37350,146,137,9,9
37351,72,78,-6,6
37352,139,137,2,2
37353,108,108,0,0
37354,91,96,-5,5
37355,38,36,2,2
37356,44,67,-23,23
37357,86,92,-6,6
37358,68,76,-8,8
37359,68,65,3,3
37360,100,107,-7,7
37361,135,127,8,8
37362,30,57,-27,27
37363,149,111,38,38
37364,93,89,4,4
37365,132,140,-8,8
37366,61,49,12,12
37367,104,108,-4,4
37368,119,119,0,0
37369,61,77,-16,16
37370,79,95,-16,16
37371,48,49,-1,1
37372,80,104,-24,24
37373,145,174,-29,29
37374,65,76,-11,11
37375,68,69,-1,1
37376,68,64,4,4
37377,78,88,-10,10
37378,65,60,5,5
37379,98,90,8,8
37380,102,111,-9,9
37381,115,102,13,13
37382,71,65,6,6
37383,63,66,-3,3
37384,64,60,4,4
37385,97,110,-13,13
37386,102,87,15,15
37387,101,107,-6,6
37388,34,25,9,9
37389,70,73,-3,3
37390,53,56,-3,3
37391,92,91,1,1
37392,83,86,-3,3
37393,101,116,-15,15
37394,76,81,-5,5
37395,76,80,-4,4
37396,111,108,3,3
37397,49,42,7,7
37398,55,73,-18,18
37399,115,118,-3,3
37400,126,118,8,8
37401,121,120,1,1
37402,145,139,6,6
37403,60,47,13,13
37404,73,71,2,2
37405,63,71,-8,8
37406,71,76,-5,5
37407,81,93,-12,12
37408,98,99,-1,1
37409,138,138,0,0
37410,69,85,-16,16
37411,172,183,-11,11
37412,57,51,6,6
37413,119,117,2,2
37414,65,70,-5,5
37415,54,67,-13,13
37416,86,90,-4,4
37417,116,118,-2,2
37418,145,150,-5,5
37419,102,114,-12,12
37420,108,111,-3,3
37421,63,59,4,4
37422,125,117,8,8
37423,90,99,-9,9
37424,139,146,-7,7
37425,94,90,4,4
37426,86,82,4,4
37427,44,0,44,44
37428,89,95,-6,6
37429,82,90,-8,8
37430,114,99,15,15
37431,60,63,-3,3
37432,103,106,-3,3
37433,58,57,1,1
37434,108,121,-13,13
37435,140,126,14,14
37436,160,150,10,10
37437,54,59,-5,5
37438,106,112,-6,6
37439,140,139,1,1
37440,101,88,13,13
37441,120,116,4,4
37442,118,108,10,10
37443,116,119,-3,3
37444,108,120,-12,12
37445,205,196,9,9
37446,192,189,3,3
37447,97,103,-6,6
37448,59,57,2,2
37449,60,49,11,11
37450,51,56,-5,5
37451,48,54,-6,6
37452,118,118,0,0
37453,209,170,39,39
37454,64,75,-11,11
37455,76,89,-13,13
37456,130,132,-2,2
37457,83,110,-27,27
37458,69,73,-4,4
37459,66,63,3,3
37460,81,87,-6,6
37461,116,141,-25,25
37462,91,87,4,4
37463,178,182,-4,4
37464,148,161,-13,13
37465,160,167,-7,7
37466,116,113,3,3
37467,87,113,-26,26
37468,93,104,-11,11
37469,71,89,-18,18
37470,121,124,-3,3
37471,85,96,-11,11
37472,75,94,-19,19
37473,101,102,-1,1
37474,72,78,-6,6
37475,60,41,19,19
37476,102,103,-1,1
37477,111,105,6,6
37478,81,84,-3,3
37479,75,92,-17,17
37480,107,108,-1,1
37481,75,76,-1,1
37482,67,74,-7,7
37483,126,124,2,2
37484,106,99,7,7
37485,126,127,-1,1
37486,104,107,-3,3
37487,65,76,-11,11
37488,92,96,-4,4
37489,78,81,-3,3
37490,127,122,5,5
37491,88,80,8,8
37492,35,79,-44,44
37493,87,86,1,1
37494,53,61,-8,8
37495,108,111,-3,3
37496,89,96,-7,7
37497,79,73,6,6
37498,79,86,-7,7
37499,138,133,5,5
37500,92,79,13,13
37501,84,86,-2,2
37502,65,65,0,0
37503,74,78,-4,4
37504,147,144,3,3
37505,96,105,-9,9
37506,124,109,15,15
37507,84,103,-19,19
37508,118,121,-3,3
37509,80,75,5,5
37510,89,106,-17,17
37511,154,149,5,5
37512,96,123,-27,27
37513,73,82,-9,9
37514,218,157,61,61
37515,108,103,5,5
37516,156,146,10,10
37517,56,62,-6,6
37518,105,97,8,8
37519,103,131,-28,28
37520,98,107,-9,9
37521,161,148,13,13
37522,150,114,36,36
37523,50,61,-11,11
37524,99,103,-4,4
37525,62,63,-1,1
37526,102,91,11,11
37527,86,91,-5,5
37528,81,79,2,2
37529,51,60,-9,9
37530,100,103,-3,3
37531,74,87,-13,13
37532,65,60,5,5
37533,95,92,3,3
37534,99,107,-8,8
37535,84,92,-8,8
37536,114,97,17,17
37537,99,91,8,8
37538,58,53,5,5
37539,49,51,-2,2
37540,119,119,0,0
37541,83,84,-1,1
37542,96,105,-9,9
37543,70,94,-24,24
37544,108,105,3,3
37545,128,106,22,22
37546,75,68,7,7
37547,72,56,16,16
37548,88,80,8,8
37549,71,77,-6,6
37550,103,93,10,10
37551,109,100,9,9
37552,77,80,-3,3
37553,74,70,4,4
37554,105,89,16,16
37555,56,55,1,1
37556,95,98,-3,3
37557,152,111,41,41
37558,62,69,-7,7
37559,128,121,7,7
37560,108,98,10,10
37561,58,68,-10,10
37562,144,140,4,4
37563,109,98,11,11
37564,66,58,8,8
37565,114,115,-1,1
37566,150,126,24,24
37567,98,107,-9,9
37568,151,141,10,10
37569,73,79,-6,6
37570,84,84,0,0
37571,126,130,-4,4
37572,50,64,-14,14
37573,101,120,-19,19
37574,56,53,3,3
37575,95,93,2,2
37576,65,61,4,4
37577,141,96,45,45
37578,94,97,-3,3
37579,67,75,-8,8
37580,55,51,4,4
37581,65,66,-1,1
37582,52,72,-20,20
37583,95,93,2,2
37584,158,141,17,17
37585,106,38,68,68
37586,101,95,6,6
37587,96,93,3,3
37588,132,145,-13,13
37589,91,94,-3,3
37590,80,87,-7,7
37591,209,170,39,39
37592,71,72,-1,1
37593,94,99,-5,5
37594,93,102,-9,9
37595,103,105,-2,2
37596,69,84,-15,15
37597,190,170,20,20
37598,92,101,-9,9
37599,105,94,11,11
37600,69,82,-13,13
37601,54,71,-17,17
37602,59,52,7,7
37603,82,98,-16,16
37604,84,81,3,3
37605,30,56,-26,26
37606,150,147,3,3
37607,65,76,-11,11
37608,88,90,-2,2
37609,80,77,3,3
37610,174,150,24,24
37611,134,154,-20,20
37612,82,76,6,6
37613,77,73,4,4
37614,65,70,-5,5
37615,49,60,-11,11
37616,95,93,2,2
37617,67,66,1,1
37618,69,61,8,8
37619,125,129,-4,4
37620,124,141,-17,17
37621,81,89,-8,8
37622,93,116,-23,23
37623,148,131,17,17
37624,158,146,12,12
37625,107,110,-3,3
37626,138,132,6,6
37627,106,99,7,7
37628,102,110,-8,8
37629,151,136,15,15
37630,103,108,-5,5
37631,77,88,-11,11
37632,139,138,1,1
37633,122,126,-4,4
37634,86,79,7,7
37635,85,82,3,3
37636,76,55,21,21
37637,115,105,10,10
37638,137,132,5,5
37639,113,126,-13,13
37640,155,131,24,24
37641,66,87,-21,21
37642,75,70,5,5
37643,120,123,-3,3
37644,116,103,13,13
37645,152,154,-2,2
37646,56,62,-6,6
37647,205,174,31,31
37648,96,102,-6,6
37649,101,101,0,0
37650,100,108,-8,8
37651,94,86,8,8
37652,130,129,1,1
37653,61,76,-15,15
37654,123,98,25,25
37655,111,117,-6,6
37656,136,147,-11,11
37657,166,154,12,12
37658,85,100,-15,15
37659,99,100,-1,1
37660,58,51,7,7
37661,98,94,4,4
37662,88,86,2,2
37663,164,144,20,20
37664,67,59,8,8
37665,112,92,20,20
37666,105,99,6,6
37667,151,141,10,10
37668,80,76,4,4
37669,121,123,-2,2
37670,179,161,18,18
37671,151,146,5,5
37672,116,120,-4,4
37673,93,113,-20,20
37674,96,96,0,0
37675,112,122,-10,10
37676,45,46,-1,1
37677,100,97,3,3
37678,71,91,-20,20
37679,72,79,-7,7
37680,124,113,11,11
37681,54,61,-7,7
37682,135,128,7,7
37683,125,114,11,11
37684,125,87,38,38
37685,104,113,-9,9
37686,76,65,11,11
37687,106,102,4,4
37688,76,79,-3,3
37689,87,76,11,11
37690,146,128,18,18
37691,91,82,9,9
37692,72,80,-8,8
37693,149,145,4,4
37694,82,80,2,2
37695,157,74,83,83
37696,138,140,-2,2
37697,122,131,-9,9
37698,105,112,-7,7
37699,88,89,-1,1
37700,157,165,-8,8
37701,108,85,23,23
37702,94,88,6,6
37703,102,100,2,2
37704,51,65,-14,14
37705,84,89,-5,5
37706,67,107,-40,40
37707,128,125,3,3
37708,130,141,-11,11
37709,165,156,9,9
37710,100,116,-16,16
37711,121,129,-8,8
37712,74,100,-26,26
37713,58,54,4,4
37714,88,95,-7,7
37715,105,119,-14,14
37716,116,115,1,1
37717,103,98,5,5
37718,101,107,-6,6
37719,108,130,-22,22
37720,75,95,-20,20
37721,106,109,-3,3
37722,69,75,-6,6
37723,87,88,-1,1
37724,68,91,-23,23
37725,51,38,13,13
37726,61,34,27,27
37727,110,107,3,3
37728,104,113,-9,9
37729,70,58,12,12
37730,47,40,7,7
37731,69,89,-20,20
37732,48,56,-8,8
37733,92,85,7,7
37734,116,120,-4,4
37735,94,101,-7,7
37736,79,73,6,6
37737,116,150,-34,34
37738,133,121,12,12
37739,70,83,-13,13
37740,153,147,6,6
37741,41,94,-53,53
37742,73,84,-11,11
37743,109,96,13,13
37744,145,134,11,11
37745,106,120,-14,14
37746,89,100,-11,11
37747,69,79,-10,10
37748,73,104,-31,31
37749,61,70,-9,9
37750,127,123,4,4
37751,104,108,-4,4
37752,103,106,-3,3
37753,107,101,6,6
37754,116,121,-5,5
37755,66,101,-35,35
37756,130,130,0,0
37757,102,99,3,3
37758,102,98,4,4
37759,72,100,-28,28
37760,98,90,8,8
37761,55,59,-4,4
37762,90,104,-14,14
37763,116,111,5,5
37764,64,67,-3,3
37765,113,109,4,4
37766,75,81,-6,6
37767,75,101,-26,26
37768,119,79,40,40
37769,81,75,6,6
37770,74,71,3,3
37771,156,151,5,5
37772,93,92,1,1
37773,84,91,-7,7
37774,118,140,-22,22
37775,70,58,12,12
37776,197,187,10,10
37777,57,59,-2,2
37778,41,102,-61,61
37779,110,122,-12,12
37780,94,90,4,4
37781,121,111,10,10
37782,77,68,9,9
37783,104,100,4,4
37784,98,93,5,5
37785,101,102,-1,1
37786,65,85,-20,20
37787,140,134,6,6
37788,113,107,6,6
37789,103,110,-7,7
37790,84,84,0,0
37791,75,64,11,11
37792,136,117,19,19
37793,123,127,-4,4
37794,117,131,-14,14
37795,107,99,8,8
37796,64,68,-4,4
37797,61,68,-7,7
37798,216,174,42,42
37799,94,91,3,3
37800,96,92,4,4
37801,83,103,-20,20
37802,42,44,-2,2
37803,93,104,-11,11
37804,61,70,-9,9
37805,101,106,-5,5
37806,118,122,-4,4
37807,100,69,31,31
37808,107,66,41,41
37809,98,108,-10,10
37810,64,69,-5,5
37811,215,189,26,26
37812,127,124,3,3
37813,91,101,-10,10
37814,113,137,-24,24
37815,82,84,-2,2
37816,120,134,-14,14
37817,72,81,-9,9
37818,77,98,-21,21
37819,79,102,-23,23
37820,67,82,-15,15
37821,89,91,-2,2
37822,54,54,0,0
37823,97,109,-12,12
37824,82,73,9,9
37825,91,121,-30,30
37826,83,78,5,5
37827,54,64,-10,10
37828,116,124,-8,8
37829,80,98,-18,18
37830,75,71,4,4
37831,187,192,-5,5
37832,78,97,-19,19
37833,95,103,-8,8
37834,87,89,-2,2
37835,74,80,-6,6
37836,67,61,6,6
37837,66,72,-6,6
37838,78,60,18,18
37839,107,111,-4,4
37840,59,55,4,4
37841,92,95,-3,3
37842,41,58,-17,17
37843,130,129,1,1
37844,100,116,-16,16
37845,88,91,-3,3
37846,67,62,5,5
37847,100,109,-9,9
37848,99,91,8,8
37849,69,74,-5,5
37850,115,139,-24,24
37851,116,117,-1,1
37852,49,36,13,13
37853,91,96,-5,5
37854,67,73,-6,6
37855,105,87,18,18
37856,137,140,-3,3
37857,72,84,-12,12
37858,61,60,1,1
37859,86,82,4,4
37860,91,98,-7,7
37861,85,81,4,4
37862,83,95,-12,12
37863,68,57,11,11
37864,103,103,0,0
37865,106,98,8,8
37866,139,114,25,25
37867,115,128,-13,13
37868,48,61,-13,13
37869,159,147,12,12
37870,61,57,4,4
37871,113,126,-13,13
37872,101,99,2,2
37873,77,81,-4,4
37874,134,133,1,1
37875,67,82,-15,15
37876,106,105,1,1
37877,57,51,6,6
37878,95,74,21,21
37879,93,104,-11,11
37880,95,79,16,16
37881,179,165,14,14
37882,153,179,-26,26
37883,62,74,-12,12
37884,69,83,-14,14
37885,165,145,20,20
37886,180,170,10,10
37887,87,96,-9,9
37888,110,109,1,1
37889,116,123,-7,7
37890,159,162,-3,3
37891,99,108,-9,9
37892,114,110,4,4
37893,102,79,23,23
37894,154,146,8,8
37895,91,96,-5,5
37896,124,116,8,8
37897,91,97,-6,6
37898,41,42,-1,1
37899,45,56,-11,11
37900,71,91,-20,20
37901,76,87,-11,11
37902,99,106,-7,7
37903,111,106,5,5
37904,97,89,8,8
37905,124,100,24,24
37906,96,129,-33,33
37907,79,31,48,48
37908,122,149,-27,27
37909,115,101,14,14
37910,89,82,7,7
37911,73,72,1,1
37912,111,139,-28,28
37913,89,32,57,57
37914,138,127,11,11
37915,100,117,-17,17
37916,78,94,-16,16
37917,83,105,-22,22
37918,86,86,0,0
37919,135,144,-9,9
37920,114,119,-5,5
37921,56,62,-6,6
37922,149,120,29,29
37923,81,76,5,5
37924,79,81,-2,2
37925,103,119,-16,16
37926,56,88,-32,32
37927,150,113,37,37
37928,78,73,5,5
37929,78,86,-8,8
37930,41,37,4,4
37931,121,104,17,17
37932,123,108,15,15
37933,76,95,-19,19
37934,103,107,-4,4
37935,35,85,-50,50
37936,124,128,-4,4
37937,55,58,-3,3
37938,88,94,-6,6
37939,90,81,9,9
37940,120,100,20,20
37941,71,80,-9,9
37942,79,90,-11,11
37943,62,45,17,17
37944,86,93,-7,7
37945,64,68,-4,4
37946,131,143,-12,12
37947,146,134,12,12
37948,86,90,-4,4
37949,98,90,8,8
37950,183,164,19,19
37951,91,118,-27,27
37952,77,67,10,10
37953,142,152,-10,10
37954,79,87,-8,8
37955,41,32,9,9
37956,105,111,-6,6
37957,197,162,35,35
37958,115,128,-13,13
37959,71,74,-3,3
37960,140,144,-4,4
37961,130,128,2,2
37962,83,86,-3,3
37963,108,125,-17,17
37964,67,58,9,9
37965,70,71,-1,1
37966,93,96,-3,3
37967,64,59,5,5
37968,98,124,-26,26
37969,115,121,-6,6
37970,62,70,-8,8
37971,88,91,-3,3
37972,61,68,-7,7
37973,198,191,7,7
37974,101,117,-16,16
37975,66,75,-9,9
37976,31,16,15,15
37977,94,81,13,13
37978,93,110,-17,17
37979,117,156,-39,39
37980,99,107,-8,8
37981,36,30,6,6
37982,76,80,-4,4
37983,67,63,4,4
37984,78,96,-18,18
37985,50,69,-19,19
37986,55,47,8,8
37987,92,105,-13,13
37988,94,74,20,20
37989,137,136,1,1
37990,102,96,6,6
37991,113,86,27,27
37992,89,89,0,0
37993,124,134,-10,10
37994,82,84,-2,2
37995,60,65,-5,5
37996,125,113,12,12
37997,78,78,0,0
37998,143,148,-5,5
37999,142,144,-2,2
38000,106,104,2,2
38001,124,116,8,8
38002,52,58,-6,6
38003,97,122,-25,25
38004,80,67,13,13
38005,107,120,-13,13
38006,141,138,3,3
38007,57,68,-11,11
38008,89,80,9,9
38009,104,104,0,0
38010,154,128,26,26
38011,76,97,-21,21
38012,95,88,7,7
38013,179,164,15,15
38014,64,75,-11,11
38015,119,110,9,9
38016,108,125,-17,17
38017,114,113,1,1
38018,92,93,-1,1
38019,109,107,2,2
38020,139,130,9,9
38021,130,139,-9,9
38022,112,108,4,4
38023,123,107,16,16
38024,125,119,6,6
38025,66,56,10,10
38026,77,91,-14,14
38027,87,91,-4,4
38028,97,92,5,5
38029,56,54,2,2
38030,146,116,30,30
38031,71,72,-1,1
38032,176,153,23,23
38033,96,92,4,4
38034,105,88,17,17
38035,127,138,-11,11
38036,82,89,-7,7
38037,137,150,-13,13
38038,120,106,14,14
38039,82,90,-8,8
38040,73,66,7,7
38041,78,75,3,3
38042,83,90,-7,7
38043,83,70,13,13
38044,74,77,-3,3
38045,81,81,0,0
38046,178,153,25,25
38047,96,111,-15,15
38048,48,49,-1,1
38049,74,83,-9,9
38050,143,149,-6,6
38051,94,95,-1,1
38052,142,134,8,8
38053,144,153,-9,9
38054,114,135,-21,21
38055,91,98,-7,7
38056,127,124,3,3
38057,65,67,-2,2
38058,152,145,7,7
38059,106,89,17,17
38060,140,139,1,1
38061,96,102,-6,6
38062,72,110,-38,38
38063,71,43,28,28
38064,116,115,1,1
38065,156,152,4,4
38066,57,61,-4,4
38067,24,40,-16,16
38068,122,122,0,0
38069,118,111,7,7
38070,96,102,-6,6
38071,86,50,36,36
38072,163,167,-4,4
38073,60,67,-7,7
38074,80,79,1,1
38075,78,81,-3,3
38076,82,89,-7,7
38077,113,113,0,0
38078,104,116,-12,12
38079,154,172,-18,18
38080,34,37,-3,3
38081,111,122,-11,11
38082,103,109,-6,6
38083,88,94,-6,6
38084,112,121,-9,9
38085,115,110,5,5
38086,60,52,8,8
38087,150,144,6,6
38088,116,116,0,0
38089,80,57,23,23
38090,112,101,11,11
38091,116,126,-10,10
38092,83,101,-18,18
38093,161,147,14,14
38094,65,70,-5,5
38095,74,82,-8,8
38096,72,59,13,13
38097,185,163,22,22
38098,89,73,16,16
38099,90,88,2,2
38100,175,158,17,17
38101,96,96,0,0
38102,96,92,4,4
38103,111,118,-7,7
38104,46,45,1,1
38105,105,119,-14,14
38106,69,73,-4,4
38107,117,125,-8,8
38108,91,79,12,12
38109,70,84,-14,14
38110,150,137,13,13
38111,122,128,-6,6
38112,98,77,21,21
38113,100,86,14,14
38114,160,141,19,19
38115,139,141,-2,2
38116,170,161,9,9
38117,79,81,-2,2
38118,132,132,0,0
38119,121,120,1,1
38120,118,128,-10,10
38121,102,104,-2,2
38122,98,104,-6,6
38123,115,125,-10,10
38124,159,151,8,8
38125,92,99,-7,7
38126,41,95,-54,54
38127,84,82,2,2
38128,132,145,-13,13
38129,109,87,22,22
38130,78,92,-14,14
38131,114,105,9,9
38132,121,107,14,14
38133,93,78,15,15
38134,115,108,7,7
38135,44,41,3,3
38136,74,70,4,4
38137,49,52,-3,3
38138,165,171,-6,6
38139,83,81,2,2
38140,158,141,17,17
38141,101,95,6,6
38142,118,120,-2,2
38143,94,110,-16,16
38144,117,144,-27,27
38145,109,91,18,18
38146,73,97,-24,24
38147,76,81,-5,5
38148,138,143,-5,5
38149,113,101,12,12
38150,96,103,-7,7
38151,73,74,-1,1
38152,112,103,9,9
38153,63,57,6,6
38154,104,90,14,14
38155,82,84,-2,2
38156,54,67,-13,13
38157,84,76,8,8
38158,133,137,-4,4
38159,101,105,-4,4
38160,108,112,-4,4
38161,83,80,3,3
38162,78,90,-12,12
38163,82,78,4,4
38164,76,73,3,3
38165,90,91,-1,1
38166,105,106,-1,1
38167,61,48,13,13
38168,102,117,-15,15
38169,104,122,-18,18
38170,72,77,-5,5
38171,74,70,4,4
38172,92,96,-4,4
38173,85,92,-7,7
38174,99,111,-12,12
38175,111,131,-20,20
38176,67,82,-15,15
38177,76,61,15,15
38178,113,96,17,17
38179,107,95,12,12
38180,117,112,5,5
38181,116,123,-7,7
38182,97,95,2,2
38183,125,123,2,2
38184,112,119,-7,7
38185,71,82,-11,11
38186,115,119,-4,4
38187,59,88,-29,29
38188,97,105,-8,8
38189,124,107,17,17
38190,45,52,-7,7
38191,87,86,1,1
38192,103,114,-11,11
38193,64,56,8,8
38194,100,95,5,5
38195,97,78,19,19
38196,121,110,11,11
38197,111,132,-21,21
38198,74,82,-8,8
38199,118,144,-26,26
38200,91,93,-2,2
38201,89,93,-4,4
38202,105,80,25,25
38203,79,104,-25,25
38204,68,85,-17,17
38205,125,141,-16,16
38206,87,84,3,3
38207,123,118,5,5
38208,93,100,-7,7
38209,100,88,12,12
38210,64,57,7,7
38211,108,106,2,2
38212,68,55,13,13
38213,86,90,-4,4
38214,107,76,31,31
38215,73,75,-2,2
38216,128,125,3,3
38217,119,119,0,0
38218,54,62,-8,8
38219,72,67,5,5
38220,73,82,-9,9
38221,159,157,2,2
38222,83,80,3,3
38223,97,92,5,5
38224,131,137,-6,6
38225,69,73,-4,4
38226,86,89,-3,3
38227,119,128,-9,9
38228,100,107,-7,7
38229,102,120,-18,18
38230,67,61,6,6
38231,53,69,-16,16
38232,85,89,-4,4
38233,168,158,10,10
38234,61,52,9,9
38235,77,66,11,11
38236,85,93,-8,8
38237,69,79,-10,10
38238,124,124,0,0
38239,89,93,-4,4
38240,148,152,-4,4
38241,143,128,15,15
38242,57,85,-28,28
38243,144,117,27,27
38244,66,64,2,2
38245,83,103,-20,20
38246,120,136,-16,16
38247,131,134,-3,3
38248,51,50,1,1
38249,77,67,10,10
38250,62,71,-9,9
38251,125,130,-5,5
38252,87,101,-14,14
38253,89,89,0,0
38254,162,156,6,6
38255,109,117,-8,8
38256,126,133,-7,7
38257,87,95,-8,8
38258,87,125,-38,38
38259,116,119,-3,3
38260,51,63,-12,12
38261,65,64,1,1
38262,95,83,12,12
38263,86,78,8,8
38264,98,97,1,1
38265,74,76,-2,2
38266,87,77,10,10
38267,113,104,9,9
38268,70,90,-20,20
38269,119,113,6,6
38270,180,161,19,19
38271,94,79,15,15
38272,67,79,-12,12
38273,85,93,-8,8
38274,147,160,-13,13
38275,79,78,1,1
38276,76,78,-2,2
38277,60,44,16,16
38278,55,65,-10,10
38279,95,116,-21,21
38280,127,117,10,10
38281,100,94,6,6
38282,85,98,-13,13
38283,127,125,2,2
38284,101,86,15,15
38285,70,67,3,3
38286,102,104,-2,2
38287,73,80,-7,7
38288,107,116,-9,9
38289,129,128,1,1
38290,114,111,3,3
38291,45,46,-1,1
38292,52,53,-1,1
38293,69,82,-13,13
38294,71,68,3,3
38295,65,71,-6,6
38296,211,193,18,18
38297,113,135,-22,22
38298,97,111,-14,14
38299,60,77,-17,17
38300,184,153,31,31
38301,106,102,4,4
38302,121,126,-5,5
38303,112,119,-7,7
38304,137,133,4,4
38305,104,102,2,2
38306,124,48,76,76
38307,72,67,5,5
38308,116,118,-2,2
38309,76,81,-5,5
38310,99,107,-8,8
38311,75,79,-4,4
38312,81,85,-4,4
38313,69,58,11,11
38314,72,81,-9,9
38315,87,73,14,14
38316,93,80,13,13
38317,136,127,9,9
38318,101,89,12,12
38319,89,79,10,10
38320,112,115,-3,3
38321,65,84,-19,19
38322,118,116,2,2
38323,92,82,10,10
38324,80,74,6,6
38325,98,104,-6,6
38326,70,70,0,0
38327,127,121,6,6
38328,149,128,21,21
38329,70,70,0,0
38330,139,141,-2,2
38331,82,85,-3,3
38332,91,98,-7,7
38333,39,94,-55,55
38334,82,92,-10,10
38335,105,101,4,4
38336,147,154,-7,7
38337,104,108,-4,4
38338,117,95,22,22
38339,91,109,-18,18
38340,90,95,-5,5
38341,104,91,13,13
38342,47,32,15,15
38343,56,60,-4,4
38344,110,133,-23,23
38345,43,81,-38,38
38346,120,119,1,1
38347,70,84,-14,14
38348,75,87,-12,12
38349,77,59,18,18
38350,72,71,1,1
38351,105,105,0,0
38352,218,184,34,34
38353,56,42,14,14
38354,100,105,-5,5
38355,123,140,-17,17
38356,130,121,9,9
38357,63,66,-3,3
38358,89,94,-5,5
38359,60,77,-17,17
38360,65,95,-30,30
38361,118,116,2,2
38362,86,87,-1,1
38363,166,161,5,5
38364,106,99,7,7
38365,58,69,-11,11
38366,141,125,16,16
38367,96,107,-11,11
38368,106,109,-3,3
38369,110,129,-19,19
38370,64,74,-10,10
38371,83,86,-3,3
38372,92,107,-15,15
38373,70,76,-6,6
38374,122,141,-19,19
38375,86,94,-8,8
38376,105,91,14,14
38377,99,106,-7,7
38378,57,47,10,10
38379,79,72,7,7
38380,59,58,1,1
38381,70,67,3,3
38382,104,102,2,2
38383,86,97,-11,11
38384,112,137,-25,25
38385,102,111,-9,9
38386,63,83,-20,20
38387,118,117,1,1
38388,63,62,1,1
38389,104,123,-19,19
38390,86,93,-7,7
38391,167,159,8,8
38392,164,155,9,9
38393,85,90,-5,5
38394,111,115,-4,4
38395,121,112,9,9
38396,94,98,-4,4
38397,77,86,-9,9
38398,35,29,6,6
38399,95,97,-2,2
38400,133,141,-8,8
38401,85,94,-9,9
38402,67,56,11,11
38403,114,115,-1,1
38404,157,146,11,11
38405,157,141,16,16
38406,94,111,-17,17
38407,54,76,-22,22
38408,64,64,0,0
38409,109,112,-3,3
38410,71,83,-12,12
38411,73,86,-13,13
38412,76,90,-14,14
38413,130,122,8,8
38414,79,87,-8,8
38415,142,154,-12,12
38416,89,97,-8,8
38417,105,122,-17,17
38418,78,90,-12,12
38419,64,65,-1,1
38420,63,57,6,6
38421,89,91,-2,2
38422,171,161,10,10
38423,111,105,6,6
38424,86,74,12,12
38425,102,107,-5,5
38426,61,45,16,16
38427,85,97,-12,12
38428,134,126,8,8
38429,81,90,-9,9
38430,142,146,-4,4
38431,80,77,3,3
38432,83,82,1,1
38433,121,111,10,10
38434,67,48,19,19
38435,100,110,-10,10
38436,129,133,-4,4
38437,102,101,1,1
38438,126,127,-1,1
38439,98,99,-1,1
38440,63,77,-14,14
38441,72,69,3,3
38442,88,100,-12,12
38443,64,64,0,0
38444,107,117,-10,10
38445,89,85,4,4
38446,93,88,5,5
38447,146,143,3,3
38448,101,110,-9,9
38449,87,84,3,3
38450,97,104,-7,7
38451,78,76,2,2
38452,130,120,10,10
38453,85,73,12,12
38454,77,60,17,17
38455,44,41,3,3
38456,96,92,4,4
38457,89,79,10,10
38458,117,119,-2,2
38459,41,34,7,7
38460,113,117,-4,4
38461,103,96,7,7
38462,161,149,12,12
38463,196,171,25,25
38464,64,109,-45,45
38465,82,73,9,9
38466,66,100,-34,34
38467,80,67,13,13
38468,54,64,-10,10
38469,104,105,-1,1
38470,55,64,-9,9
38471,57,63,-6,6
38472,49,40,9,9
38473,70,68,2,2
38474,74,82,-8,8
38475,33,77,-44,44
38476,83,97,-14,14
38477,89,92,-3,3
38478,102,97,5,5
38479,156,166,-10,10
38480,36,38,-2,2
38481,62,57,5,5
38482,102,103,-1,1
38483,87,81,6,6
38484,50,53,-3,3
38485,89,105,-16,16
38486,100,114,-14,14
38487,98,88,10,10
38488,56,55,1,1
38489,75,75,0,0
38490,98,85,13,13
38491,117,115,2,2
38492,235,208,27,27
38493,54,53,1,1
38494,68,72,-4,4
38495,116,122,-6,6
38496,32,36,-4,4
38497,55,51,4,4
38498,82,95,-13,13
38499,119,113,6,6
38500,183,170,13,13
38501,112,107,5,5
38502,57,77,-20,20
38503,120,118,2,2
38504,77,76,1,1
38505,68,73,-5,5
38506,126,122,4,4
38507,68,54,14,14
38508,103,96,7,7
38509,110,129,-19,19
38510,122,110,12,12
38511,100,106,-6,6
38512,74,73,1,1
38513,185,153,32,32
38514,118,133,-15,15
38515,41,48,-7,7
38516,91,82,9,9
38517,83,78,5,5
38518,79,91,-12,12
38519,82,69,13,13
38520,84,85,-1,1
38521,70,88,-18,18
38522,97,113,-16,16
38523,99,103,-4,4
38524,108,102,6,6
38525,85,97,-12,12
38526,132,123,9,9
38527,99,103,-4,4
38528,62,47,15,15
38529,80,80,0,0
38530,96,101,-5,5
38531,98,102,-4,4
38532,109,109,0,0
38533,124,126,-2,2
38534,101,118,-17,17
38535,118,120,-2,2
38536,57,58,-1,1
38537,79,92,-13,13
38538,86,95,-9,9
38539,77,76,1,1
38540,132,120,12,12
38541,74,61,13,13
38542,108,99,9,9
38543,137,125,12,12
38544,102,114,-12,12
38545,150,142,8,8
38546,51,51,0,0
38547,77,76,1,1
38548,59,58,1,1
38549,42,25,17,17
38550,141,145,-4,4
38551,132,115,17,17
38552,67,67,0,0
38553,108,121,-13,13
38554,144,129,15,15
38555,69,81,-12,12
38556,85,82,3,3
38557,64,60,4,4
38558,65,63,2,2
38559,221,186,35,35
38560,70,84,-14,14
38561,56,58,-2,2
38562,62,68,-6,6
38563,88,112,-24,24
38564,108,129,-21,21
38565,178,169,9,9
38566,74,66,8,8
38567,85,92,-7,7
38568,61,64,-3,3
38569,111,81,30,30
38570,103,112,-9,9
38571,110,116,-6,6
38572,74,73,1,1
38573,172,158,14,14
38574,87,102,-15,15
38575,141,157,-16,16
38576,86,85,1,1
38577,89,74,15,15
38578,106,96,10,10
38579,103,98,5,5
38580,115,110,5,5
38581,61,77,-16,16
38582,102,109,-7,7
38583,64,60,4,4
38584,121,118,3,3
38585,61,66,-5,5
38586,75,77,-2,2
38587,43,37,6,6
38588,84,93,-9,9
38589,118,114,4,4
38590,50,40,10,10
38591,81,82,-1,1
38592,160,163,-3,3
38593,121,108,13,13
38594,77,97,-20,20
38595,124,129,-5,5
38596,140,120,20,20
38597,56,49,7,7
38598,92,86,6,6
38599,99,106,-7,7
38600,169,151,18,18
38601,102,118,-16,16
38602,149,151,-2,2
38603,161,142,19,19
38604,73,79,-6,6
38605,81,92,-11,11
38606,76,77,-1,1
38607,131,128,3,3
38608,155,162,-7,7
38609,87,90,-3,3
38610,62,52,10,10
38611,87,84,3,3
38612,78,87,-9,9
38613,74,100,-26,26
38614,49,54,-5,5
38615,92,82,10,10
38616,133,131,2,2
38617,149,138,11,11
38618,120,117,3,3
38619,89,77,12,12
38620,102,103,-1,1
38621,62,113,-51,51
38622,57,41,16,16
38623,43,62,-19,19
38624,72,72,0,0
38625,58,56,2,2
38626,66,65,1,1
38627,73,82,-9,9
38628,112,100,12,12
38629,158,153,5,5
38630,70,89,-19,19
38631,136,132,4,4
38632,85,81,4,4
38633,37,49,-12,12
38634,87,92,-5,5
38635,130,140,-10,10
38636,88,95,-7,7
38637,57,58,-1,1
38638,117,117,0,0
38639,105,104,1,1
38640,75,76,-1,1
38641,153,144,9,9
38642,90,116,-26,26
38643,130,100,30,30
38644,86,91,-5,5
38645,124,132,-8,8
38646,83,88,-5,5
38647,145,118,27,27
38648,77,68,9,9
38649,64,75,-11,11
38650,129,127,2,2
38651,109,87,22,22
38652,94,54,40,40
38653,84,76,8,8
38654,64,58,6,6
38655,90,98,-8,8
38656,171,156,15,15
38657,93,98,-5,5
38658,121,120,1,1
38659,72,89,-17,17
38660,72,80,-8,8
38661,85,92,-7,7
38662,86,73,13,13
38663,93,99,-6,6
38664,94,80,14,14
38665,118,127,-9,9
38666,72,73,-1,1
38667,64,73,-9,9
38668,127,104,23,23
38669,64,59,5,5
38670,75,81,-6,6
38671,57,64,-7,7
38672,61,65,-4,4
38673,74,85,-11,11
38674,53,65,-12,12
38675,80,87,-7,7
38676,83,87,-4,4
38677,124,133,-9,9
38678,81,91,-10,10
38679,84,98,-14,14
38680,128,120,8,8
38681,93,110,-17,17
38682,79,82,-3,3
38683,81,103,-22,22
38684,81,89,-8,8
38685,104,111,-7,7
38686,82,75,7,7
38687,84,70,14,14
38688,71,86,-15,15
38689,62,66,-4,4
38690,66,76,-10,10
38691,63,70,-7,7
38692,77,87,-10,10
38693,56,49,7,7
38694,155,138,17,17
38695,143,131,12,12
38696,75,72,3,3
38697,92,75,17,17
38698,108,105,3,3
38699,105,115,-10,10
38700,63,55,8,8
38701,117,104,13,13
38702,123,107,16,16
38703,69,70,-1,1
38704,119,120,-1,1
38705,92,103,-11,11
38706,94,60,34,34
38707,80,81,-1,1
38708,101,115,-14,14
38709,150,148,2,2
38710,92,99,-7,7
38711,97,94,3,3
38712,100,106,-6,6
38713,74,94,-20,20
38714,157,156,1,1
38715,65,71,-6,6
38716,97,87,10,10
38717,79,88,-9,9
38718,86,87,-1,1
38719,91,81,10,10
38720,51,53,-2,2
38721,110,109,1,1
38722,106,76,30,30
38723,50,51,-1,1
38724,76,66,10,10
38725,126,124,2,2
38726,73,84,-11,11
38727,80,84,-4,4
38728,90,88,2,2
38729,94,77,17,17
38730,99,92,7,7
38731,140,132,8,8
38732,92,85,7,7
38733,96,100,-4,4
38734,107,112,-5,5
38735,120,112,8,8
38736,141,130,11,11
38737,58,61,-3,3
38738,99,102,-3,3
38739,75,60,15,15
38740,118,115,3,3
38741,93,107,-14,14
38742,104,74,30,30
38743,81,83,-2,2
38744,107,114,-7,7
38745,91,103,-12,12
38746,87,84,3,3
38747,53,78,-25,25
38748,147,147,0,0
38749,108,100,8,8
38750,76,80,-4,4
38751,59,62,-3,3
38752,85,90,-5,5
38753,82,28,54,54
38754,57,67,-10,10
38755,37,44,-7,7
38756,129,128,1,1
38757,57,49,8,8
38758,67,69,-2,2
38759,76,79,-3,3
38760,85,77,8,8
38761,130,129,1,1
38762,106,113,-7,7
38763,104,122,-18,18
38764,88,93,-5,5
38765,65,5,60,60
38766,75,67,8,8
38767,145,139,6,6
38768,149,143,6,6
38769,44,48,-4,4
38770,69,62,7,7
38771,93,122,-29,29
38772,78,76,2,2
38773,63,65,-2,2
38774,78,86,-8,8
38775,85,90,-5,5
38776,55,56,-1,1
38777,73,91,-18,18
38778,107,99,8,8
38779,131,125,6,6
38780,87,87,0,0
38781,40,56,-16,16
38782,139,114,25,25
38783,85,93,-8,8
38784,163,164,-1,1
38785,64,58,6,6
38786,193,179,14,14
38787,86,99,-13,13
38788,98,107,-9,9
38789,51,71,-20,20
38790,128,127,1,1
38791,141,135,6,6
38792,84,74,10,10
38793,142,137,5,5
38794,59,60,-1,1
38795,108,96,12,12
38796,39,48,-9,9
38797,156,147,9,9
38798,107,115,-8,8
38799,99,111,-12,12
38800,166,151,15,15
38801,85,79,6,6
38802,84,84,0,0
38803,98,88,10,10
38804,76,70,6,6
38805,138,130,8,8
38806,93,102,-9,9
38807,182,152,30,30
38808,149,137,12,12
38809,132,127,5,5
38810,127,132,-5,5
38811,70,71,-1,1
38812,57,53,4,4
38813,176,180,-4,4
38814,68,69,-1,1
38815,46,28,18,18
38816,66,63,3,3
38817,113,121,-8,8
38818,135,136,-1,1
38819,48,50,-2,2
38820,135,133,2,2
38821,70,77,-7,7
38822,91,101,-10,10
38823,125,116,9,9
38824,109,96,13,13
38825,53,60,-7,7
38826,91,86,5,5
38827,70,69,1,1
38828,65,66,-1,1
38829,125,117,8,8
38830,72,78,-6,6
38831,103,84,19,19
38832,103,96,7,7
38833,101,109,-8,8
38834,117,113,4,4
38835,63,29,34,34
38836,164,160,4,4
38837,57,75,-18,18
38838,120,123,-3,3
38839,133,123,10,10
38840,83,95,-12,12
38841,64,71,-7,7
38842,102,107,-5,5
38843,70,61,9,9
38844,124,137,-13,13
38845,106,90,16,16
38846,156,150,6,6
38847,67,57,10,10
38848,147,150,-3,3
38849,113,125,-12,12
38850,121,132,-11,11
38851,97,109,-12,12
38852,59,73,-14,14
38853,50,46,4,4
38854,118,108,10,10
38855,56,59,-3,3
38856,87,85,2,2
38857,89,101,-12,12
38858,65,83,-18,18
38859,62,62,0,0
38860,138,126,12,12
38861,149,133,16,16
38862,69,69,0,0
38863,76,102,-26,26
38864,65,74,-9,9
38865,70,62,8,8
38866,133,137,-4,4
38867,77,82,-5,5
38868,93,87,6,6
38869,105,121,-16,16
38870,67,71,-4,4
38871,84,92,-8,8
38872,83,106,-23,23
38873,46,27,19,19
38874,102,98,4,4
38875,80,77,3,3
38876,106,114,-8,8
38877,91,97,-6,6
38878,70,79,-9,9
38879,213,165,48,48
38880,84,90,-6,6
38881,124,107,17,17
38882,113,90,23,23
38883,89,94,-5,5
38884,112,107,5,5
38885,78,66,12,12
38886,60,64,-4,4
38887,119,109,10,10
38888,58,66,-8,8
38889,109,104,5,5
38890,113,136,-23,23
38891,101,88,13,13
38892,61,53,8,8
38893,76,102,-26,26
38894,84,86,-2,2
38895,86,97,-11,11
38896,108,114,-6,6
38897,102,91,11,11
38898,151,146,5,5
38899,66,70,-4,4
38900,71,72,-1,1
38901,66,75,-9,9
38902,131,145,-14,14
38903,49,52,-3,3
38904,99,123,-24,24
38905,69,84,-15,15
38906,72,71,1,1
38907,179,150,29,29
38908,152,135,17,17
38909,70,54,16,16
38910,63,79,-16,16
38911,104,110,-6,6
38912,22,100,-78,78
38913,105,106,-1,1
38914,174,157,17,17
38915,123,124,-1,1
38916,34,33,1,1
38917,76,83,-7,7
38918,114,106,8,8
38919,84,98,-14,14
38920,114,106,8,8
38921,236,200,36,36
38922,86,88,-2,2
38923,91,94,-3,3
38924,109,112,-3,3
38925,99,93,6,6
38926,79,68,11,11
38927,51,59,-8,8
38928,201,200,1,1
38929,60,60,0,0
38930,89,109,-20,20
38931,84,90,-6,6
38932,40,46,-6,6
38933,68,62,6,6
38934,58,53,5,5
38935,73,78,-5,5
38936,121,127,-6,6
38937,55,38,17,17
38938,91,100,-9,9
38939,57,62,-5,5
38940,68,72,-4,4
38941,93,86,7,7
38942,59,104,-45,45
38943,76,66,10,10
38944,99,104,-5,5
38945,85,120,-35,35
38946,113,107,6,6
38947,107,90,17,17
38948,184,163,21,21
38949,80,86,-6,6
38950,99,84,15,15
38951,180,157,23,23
38952,94,103,-9,9
38953,37,38,-1,1
38954,59,77,-18,18
38955,65,79,-14,14
38956,93,100,-7,7
38957,88,103,-15,15
38958,92,106,-14,14
38959,128,106,22,22
38960,111,126,-15,15
38961,128,174,-46,46
38962,48,61,-13,13
38963,116,139,-23,23
38964,54,52,2,2
38965,57,71,-14,14
38966,61,72,-11,11
38967,79,84,-5,5
38968,61,75,-14,14
38969,122,129,-7,7
38970,89,95,-6,6
38971,121,122,-1,1
38972,119,112,7,7
38973,108,131,-23,23
38974,100,119,-19,19
38975,58,61,-3,3
38976,106,102,4,4
38977,88,83,5,5
38978,103,97,6,6
38979,31,48,-17,17
38980,34,59,-25,25
38981,87,98,-11,11
38982,111,115,-4,4
38983,101,108,-7,7
38984,41,50,-9,9
38985,60,61,-1,1
38986,115,113,2,2
38987,136,142,-6,6
38988,74,75,-1,1
38989,84,78,6,6
38990,110,109,1,1
38991,73,86,-13,13
38992,126,125,1,1
38993,77,72,5,5
38994,129,129,0,0
38995,123,128,-5,5
38996,99,91,8,8
38997,88,87,1,1
38998,61,75,-14,14
38999,74,70,4,4
39000,107,102,5,5
39001,122,101,21,21
39002,60,81,-21,21
39003,188,183,5,5
39004,84,79,5,5
39005,146,150,-4,4
39006,154,155,-1,1
39007,114,121,-7,7
39008,117,115,2,2
39009,163,152,11,11
39010,74,72,2,2
39011,113,108,5,5
39012,68,85,-17,17
39013,137,112,25,25
39014,86,86,0,0
39015,136,135,1,1
39016,77,99,-22,22
39017,156,137,19,19
39018,146,143,3,3
39019,62,63,-1,1
39020,66,85,-19,19
39021,121,130,-9,9
39022,161,146,15,15
39023,102,111,-9,9
39024,67,70,-3,3
39025,129,133,-4,4
39026,120,134,-14,14
39027,174,169,5,5
39028,179,136,43,43
39029,92,94,-2,2
39030,112,116,-4,4
39031,110,98,12,12
39032,97,116,-19,19
39033,68,68,0,0
39034,117,105,12,12
39035,155,132,23,23
39036,60,65,-5,5
39037,167,127,40,40
39038,115,119,-4,4
39039,134,131,3,3
39040,48,58,-10,10
39041,89,85,4,4
39042,42,57,-15,15
39043,31,22,9,9
39044,105,107,-2,2
39045,138,125,13,13
39046,97,92,5,5
39047,83,101,-18,18
39048,54,61,-7,7
39049,65,60,5,5
39050,94,112,-18,18
39051,86,90,-4,4
39052,88,94,-6,6
39053,63,47,16,16
39054,144,128,16,16
39055,62,68,-6,6
39056,63,78,-15,15
39057,98,89,9,9
39058,60,80,-20,20
39059,49,51,-2,2
39060,96,81,15,15
39061,71,86,-15,15
39062,120,108,12,12
39063,150,124,26,26
39064,80,86,-6,6
39065,58,59,-1,1
39066,64,77,-13,13
39067,140,128,12,12
39068,124,137,-13,13
39069,97,89,8,8
39070,161,142,19,19
39071,50,59,-9,9
39072,101,98,3,3
39073,44,53,-9,9
39074,99,101,-2,2
39075,171,155,16,16
39076,43,48,-5,5
39077,93,105,-12,12
39078,139,130,9,9
39079,120,117,3,3
39080,98,119,-21,21
39081,101,95,6,6
39082,80,82,-2,2
39083,63,50,13,13
39084,149,139,10,10
39085,132,114,18,18
39086,71,77,-6,6
39087,92,104,-12,12
39088,61,80,-19,19
39089,110,118,-8,8
39090,67,88,-21,21
39091,38,89,-51,51
39092,89,112,-23,23
39093,86,77,9,9
39094,157,158,-1,1
39095,63,76,-13,13
39096,56,56,0,0
39097,96,110,-14,14
39098,58,76,-18,18
39099,164,168,-4,4
39100,107,108,-1,1
39101,131,124,7,7
39102,119,118,1,1
39103,103,100,3,3
39104,58,61,-3,3
39105,158,138,20,20
39106,148,124,24,24
39107,107,111,-4,4
39108,108,92,16,16
39109,85,79,6,6
39110,76,84,-8,8
39111,72,84,-12,12
39112,133,140,-7,7
39113,71,72,-1,1
39114,90,74,16,16
39115,105,106,-1,1
39116,107,108,-1,1
39117,84,79,5,5
39118,67,79,-12,12
39119,154,147,7,7
39120,63,70,-7,7
39121,182,147,35,35
39122,130,120,10,10
39123,126,122,4,4
39124,135,134,1,1
39125,86,85,1,1
39126,90,91,-1,1
39127,69,73,-4,4
39128,99,112,-13,13
39129,81,96,-15,15
39130,92,93,-1,1
39131,83,79,4,4
39132,76,90,-14,14
39133,79,62,17,17
39134,59,69,-10,10
39135,100,101,-1,1
39136,60,94,-34,34
39137,76,79,-3,3
39138,110,96,14,14
39139,112,114,-2,2
39140,93,105,-12,12
39141,101,107,-6,6
39142,107,105,2,2
39143,180,158,22,22
39144,109,112,-3,3
39145,85,69,16,16
39146,123,128,-5,5
39147,90,96,-6,6
39148,118,135,-17,17
39149,108,95,13,13
39150,95,98,-3,3
39151,119,101,18,18
39152,115,96,19,19
39153,145,138,7,7
39154,46,21,25,25
39155,59,51,8,8
39156,127,139,-12,12
39157,114,112,2,2
39158,101,108,-7,7
39159,134,134,0,0
39160,99,104,-5,5
39161,143,132,11,11
39162,136,134,2,2
39163,152,126,26,26
39164,103,113,-10,10
39165,79,83,-4,4
39166,83,88,-5,5
39167,125,123,2,2
39168,74,91,-17,17
39169,44,45,-1,1
39170,100,111,-11,11
39171,111,123,-12,12
39172,65,66,-1,1
39173,102,90,12,12
39174,109,94,15,15
39175,80,71,9,9
39176,117,122,-5,5
39177,121,117,4,4
39178,154,142,12,12
39179,55,68,-13,13
39180,90,98,-8,8
39181,137,111,26,26
39182,53,30,23,23
39183,137,138,-1,1
39184,64,67,-3,3
39185,133,130,3,3
39186,38,11,27,27
39187,105,90,15,15
39188,45,47,-2,2
39189,133,131,2,2
39190,121,117,4,4
39191,138,136,2,2
39192,84,64,20,20
39193,79,85,-6,6
39194,48,44,4,4
39195,51,41,10,10
39196,90,100,-10,10
39197,79,89,-10,10
39198,73,83,-10,10
39199,82,57,25,25
39200,90,94,-4,4
39201,98,72,26,26
39202,56,60,-4,4
39203,100,105,-5,5
39204,55,69,-14,14
39205,116,126,-10,10
39206,61,66,-5,5
39207,77,77,0,0
39208,131,127,4,4
39209,115,121,-6,6
39210,94,93,1,1
39211,80,82,-2,2
39212,57,60,-3,3
39213,112,111,1,1
39214,98,93,5,5
39215,136,146,-10,10
39216,125,115,10,10
39217,90,108,-18,18
39218,81,80,1,1
39219,123,122,1,1
39220,114,125,-11,11
39221,35,51,-16,16
39222,55,52,3,3
39223,110,120,-10,10
39224,52,54,-2,2
39225,191,166,25,25
39226,48,67,-19,19
39227,70,63,7,7
39228,116,116,0,0
39229,114,123,-9,9
39230,71,81,-10,10
39231,130,115,15,15
39232,92,90,2,2
39233,111,119,-8,8
39234,150,154,-4,4
39235,112,136,-24,24
39236,85,83,2,2
39237,75,78,-3,3
39238,64,68,-4,4
39239,65,77,-12,12
39240,164,157,7,7
39241,63,97,-34,34
39242,105,100,5,5
39243,96,105,-9,9
39244,102,93,9,9
39245,84,77,7,7
39246,72,86,-14,14
39247,118,123,-5,5
39248,110,104,6,6
39249,81,77,4,4
39250,109,120,-11,11
39251,76,71,5,5
39252,64,61,3,3
39253,133,121,12,12
39254,143,131,12,12
39255,72,80,-8,8
39256,74,86,-12,12
39257,41,30,11,11
39258,65,78,-13,13
39259,73,57,16,16
39260,63,67,-4,4
39261,175,159,16,16
39262,85,94,-9,9
39263,82,89,-7,7
39264,48,61,-13,13
39265,97,95,2,2
39266,86,88,-2,2
39267,66,72,-6,6
39268,80,75,5,5
39269,84,95,-11,11
39270,90,98,-8,8
39271,76,73,3,3
39272,90,103,-13,13
39273,128,127,1,1
39274,76,86,-10,10
39275,84,77,7,7
39276,116,133,-17,17
39277,72,80,-8,8
39278,88,87,1,1
39279,58,46,12,12
39280,80,75,5,5
39281,122,118,4,4
39282,84,88,-4,4
39283,62,69,-7,7
39284,78,78,0,0
39285,113,120,-7,7
39286,152,148,4,4
39287,68,80,-12,12
39288,72,74,-2,2
39289,104,110,-6,6
39290,100,102,-2,2
39291,92,80,12,12
39292,95,98,-3,3
39293,66,67,-1,1
39294,78,81,-3,3
39295,117,105,12,12
39296,109,101,8,8
39297,157,144,13,13
39298,100,100,0,0
39299,101,93,8,8
39300,68,56,12,12
39301,137,125,12,12
39302,144,151,-7,7
39303,152,150,2,2
39304,121,118,3,3
39305,83,98,-15,15
39306,86,89,-3,3
39307,72,72,0,0
39308,82,103,-21,21
39309,115,110,5,5
39310,44,35,9,9
39311,130,142,-12,12
39312,84,94,-10,10
39313,104,97,7,7
39314,70,68,2,2
39315,152,132,20,20
39316,66,82,-16,16
39317,137,128,9,9
39318,86,90,-4,4
39319,130,87,43,43
39320,105,112,-7,7
39321,79,86,-7,7
39322,79,86,-7,7
39323,68,76,-8,8
39324,86,77,9,9
39325,90,106,-16,16
39326,174,144,30,30
39327,41,26,15,15
39328,109,99,10,10
39329,98,80,18,18
39330,79,75,4,4
39331,107,108,-1,1
39332,138,139,-1,1
39333,49,39,10,10
39334,68,77,-9,9
39335,465,368,97,97
39336,102,97,5,5
39337,108,109,-1,1
39338,98,105,-7,7
39339,70,61,9,9
39340,90,99,-9,9
39341,103,99,4,4
39342,84,79,5,5
39343,128,141,-13,13
39344,205,193,12,12
39345,149,146,3,3
39346,51,61,-10,10
39347,64,73,-9,9
39348,155,159,-4,4
39349,61,77,-16,16
39350,91,94,-3,3
39351,69,75,-6,6
39352,51,69,-18,18
39353,59,68,-9,9
39354,110,93,17,17
39355,145,125,20,20
39356,86,99,-13,13
39357,192,174,18,18
39358,80,83,-3,3
39359,62,76,-14,14
39360,116,121,-5,5
39361,94,108,-14,14
39362,60,58,2,2
39363,128,145,-17,17
39364,129,127,2,2
39365,111,108,3,3
39366,137,136,1,1
39367,164,132,32,32
39368,119,112,7,7
39369,90,103,-13,13
39370,114,92,22,22
39371,26,16,10,10
39372,107,105,2,2
39373,68,73,-5,5
39374,118,119,-1,1
39375,124,123,1,1
39376,170,148,22,22
39377,61,73,-12,12
39378,136,130,6,6
39379,196,111,85,85
39380,87,119,-32,32
39381,95,109,-14,14
39382,108,123,-15,15
39383,151,136,15,15
39384,67,81,-14,14
39385,149,135,14,14
39386,113,104,9,9
39387,50,76,-26,26
39388,79,91,-12,12
39389,103,110,-7,7
39390,80,75,5,5
39391,172,177,-5,5
39392,105,111,-6,6
39393,82,86,-4,4
39394,47,41,6,6
39395,54,31,23,23
39396,80,93,-13,13
39397,64,68,-4,4
39398,150,131,19,19
39399,134,131,3,3
39400,61,65,-4,4
39401,108,118,-10,10
39402,116,126,-10,10
39403,101,125,-24,24
39404,81,79,2,2
39405,90,96,-6,6
39406,71,76,-5,5
39407,119,118,1,1
39408,133,143,-10,10
39409,125,113,12,12
39410,70,70,0,0
39411,182,140,42,42
39412,114,120,-6,6
39413,136,125,11,11
39414,76,84,-8,8
39415,114,107,7,7
39416,46,47,-1,1
39417,97,111,-14,14
39418,70,86,-16,16
39419,63,59,4,4
39420,100,86,14,14
39421,114,114,0,0
39422,52,50,2,2
39423,130,151,-21,21
39424,108,95,13,13
39425,133,128,5,5
39426,26,29,-3,3
39427,75,70,5,5
39428,112,118,-6,6
39429,73,70,3,3
39430,44,41,3,3
39431,75,73,2,2
39432,93,85,8,8
39433,60,62,-2,2
39434,83,84,-1,1
39435,140,148,-8,8
39436,100,98,2,2
39437,107,104,3,3
39438,95,77,18,18
39439,111,103,8,8
39440,112,110,2,2
39441,67,69,-2,2
39442,52,40,12,12
39443,113,110,3,3
39444,77,74,3,3
39445,135,136,-1,1
39446,61,71,-10,10
39447,58,65,-7,7
39448,60,64,-4,4
39449,100,93,7,7
39450,49,59,-10,10
39451,71,76,-5,5
39452,104,119,-15,15
39453,49,54,-5,5
39454,141,141,0,0
39455,113,128,-15,15
39456,74,76,-2,2
39457,135,135,0,0
39458,61,66,-5,5
39459,115,94,21,21
39460,89,95,-6,6
39461,76,59,17,17
39462,111,122,-11,11
39463,61,68,-7,7
39464,54,49,5,5
39465,95,108,-13,13
39466,125,128,-3,3
39467,168,170,-2,2
39468,71,57,14,14
39469,80,72,8,8
39470,224,196,28,28
39471,87,104,-17,17
39472,65,74,-9,9
39473,130,151,-21,21
39474,111,100,11,11
39475,76,74,2,2
39476,111,108,3,3
39477,88,100,-12,12
39478,97,98,-1,1
39479,118,117,1,1
39480,93,87,6,6
39481,131,121,10,10
39482,82,80,2,2
39483,153,147,6,6
39484,76,74,2,2
39485,105,115,-10,10
39486,38,26,12,12
39487,56,57,-1,1
39488,75,75,0,0
39489,40,45,-5,5
39490,139,143,-4,4
39491,78,96,-18,18
39492,72,87,-15,15
39493,123,129,-6,6
39494,71,78,-7,7
39495,144,145,-1,1
39496,51,62,-11,11
39497,63,61,2,2
39498,51,53,-2,2
39499,98,93,5,5
39500,83,88,-5,5
39501,75,104,-29,29
39502,108,119,-11,11
39503,100,111,-11,11
39504,61,62,-1,1
39505,76,87,-11,11
39506,156,187,-31,31
39507,69,67,2,2
39508,219,183,36,36
39509,112,115,-3,3
39510,86,94,-8,8
39511,53,27,26,26
39512,108,114,-6,6
39513,82,74,8,8
39514,89,80,9,9
39515,125,114,11,11
39516,96,118,-22,22
39517,113,110,3,3
39518,61,71,-10,10
39519,39,43,-4,4
39520,65,88,-23,23
39521,101,110,-9,9
39522,188,146,42,42
39523,73,81,-8,8
39524,51,82,-31,31
39525,126,132,-6,6
39526,95,123,-28,28
39527,85,102,-17,17
39528,112,14,98,98
39529,117,117,0,0
39530,109,98,11,11
39531,47,67,-20,20
39532,63,81,-18,18
39533,92,100,-8,8
39534,78,75,3,3
39535,100,101,-1,1
39536,137,139,-2,2
39537,163,149,14,14
39538,74,76,-2,2
39539,64,66,-2,2
39540,87,76,11,11
39541,87,100,-13,13
39542,120,134,-14,14
39543,129,116,13,13
39544,137,132,5,5
39545,65,79,-14,14
39546,67,69,-2,2
39547,83,77,6,6
39548,91,89,2,2
39549,88,73,15,15
39550,47,68,-21,21
39551,119,115,4,4
39552,76,90,-14,14
39553,96,102,-6,6
39554,69,89,-20,20
39555,91,89,2,2
39556,95,89,6,6
39557,89,101,-12,12
39558,89,101,-12,12
39559,106,118,-12,12
39560,86,109,-23,23
39561,119,115,4,4
39562,76,79,-3,3
39563,95,92,3,3
39564,93,82,11,11
39565,93,71,22,22
39566,87,90,-3,3
39567,142,146,-4,4
39568,81,79,2,2
39569,54,52,2,2
39570,131,112,19,19
39571,53,55,-2,2
39572,132,107,25,25
39573,83,84,-1,1
39574,77,82,-5,5
39575,86,83,3,3
39576,135,122,13,13
39577,114,122,-8,8
39578,75,85,-10,10
39579,62,80,-18,18
39580,96,82,14,14
39581,88,51,37,37
39582,58,70,-12,12
39583,55,67,-12,12
39584,70,76,-6,6
39585,162,119,43,43
39586,98,109,-11,11
39587,73,67,6,6
39588,52,48,4,4
39589,86,81,5,5
39590,133,119,14,14
39591,102,116,-14,14
39592,137,133,4,4
39593,58,48,10,10
39594,94,79,15,15
39595,158,136,22,22
39596,88,90,-2,2
39597,81,96,-15,15
39598,88,84,4,4
39599,170,134,36,36
39600,132,135,-3,3
39601,160,129,31,31
39602,69,71,-2,2
39603,78,70,8,8
39604,47,85,-38,38
39605,122,124,-2,2
39606,46,95,-49,49
39607,81,91,-10,10
39608,173,159,14,14
39609,36,102,-66,66
39610,84,88,-4,4
39611,118,101,17,17
39612,113,91,22,22
39613,162,151,11,11
39614,98,87,11,11
39615,96,82,14,14
39616,71,77,-6,6
39617,68,64,4,4
39618,85,86,-1,1
39619,34,59,-25,25
39620,69,101,-32,32
39621,69,78,-9,9
39622,128,121,7,7
39623,99,112,-13,13
39624,121,124,-3,3
39625,179,156,23,23
39626,92,98,-6,6
39627,171,178,-7,7
39628,94,95,-1,1
39629,112,130,-18,18
39630,79,92,-13,13
39631,57,73,-16,16
39632,72,87,-15,15
39633,161,133,28,28
39634,132,139,-7,7
39635,126,95,31,31
39636,78,80,-2,2
39637,72,83,-11,11
39638,88,95,-7,7
39639,93,89,4,4
39640,56,55,1,1
39641,179,185,-6,6
39642,99,107,-8,8
39643,143,136,7,7
39644,25,19,6,6
39645,85,77,8,8
39646,50,59,-9,9
39647,110,108,2,2
39648,133,125,8,8
39649,103,98,5,5
39650,149,142,7,7
39651,146,146,0,0
39652,65,70,-5,5
39653,117,136,-19,19
39654,53,49,4,4
39655,155,136,19,19
39656,127,120,7,7
39657,87,98,-11,11
39658,167,158,9,9
39659,74,62,12,12
39660,65,74,-9,9
39661,50,63,-13,13
39662,109,99,10,10
39663,65,62,3,3
39664,98,93,5,5
39665,128,127,1,1
39666,132,133,-1,1
39667,174,169,5,5
39668,81,82,-1,1
39669,69,72,-3,3
39670,77,69,8,8
39671,69,76,-7,7
39672,68,78,-10,10
39673,132,143,-11,11
39674,152,166,-14,14
39675,87,89,-2,2
39676,30,30,0,0
39677,98,79,19,19
39678,99,108,-9,9
39679,116,121,-5,5
39680,100,100,0,0
39681,137,123,14,14
39682,63,63,0,0
39683,82,93,-11,11
39684,99,113,-14,14
39685,58,61,-3,3
39686,68,58,10,10
39687,121,112,9,9
39688,91,79,12,12
39689,61,86,-25,25
39690,46,63,-17,17
39691,107,114,-7,7
39692,80,72,8,8
39693,78,84,-6,6
39694,83,84,-1,1
39695,139,138,1,1
39696,113,101,12,12
39697,109,112,-3,3
39698,168,153,15,15
39699,148,137,11,11
39700,90,90,0,0
39701,49,45,4,4
39702,91,103,-12,12
39703,48,48,0,0
39704,99,119,-20,20
39705,125,127,-2,2
39706,77,97,-20,20
39707,89,117,-28,28
39708,85,73,12,12
39709,85,95,-10,10
39710,60,75,-15,15
39711,100,108,-8,8
39712,61,73,-12,12
39713,87,89,-2,2
39714,79,79,0,0
39715,48,41,7,7
39716,90,103,-13,13
39717,85,79,6,6
39718,77,80,-3,3
39719,56,55,1,1
39720,55,46,9,9
39721,148,139,9,9
39722,108,98,10,10
39723,69,68,1,1
39724,151,147,4,4
39725,98,92,6,6
39726,87,86,1,1
39727,76,80,-4,4
39728,84,85,-1,1
39729,39,55,-16,16
39730,105,106,-1,1
39731,68,110,-42,42
39732,58,74,-16,16
39733,81,74,7,7
39734,108,110,-2,2
39735,98,112,-14,14
39736,148,96,52,52
39737,71,70,1,1
39738,108,106,2,2
39739,68,77,-9,9
39740,82,88,-6,6
39741,159,133,26,26
39742,109,98,11,11
39743,113,111,2,2
39744,106,122,-16,16
39745,124,112,12,12
39746,74,80,-6,6
39747,23,19,4,4
39748,94,70,24,24
39749,69,80,-11,11
39750,63,72,-9,9
39751,49,60,-11,11
39752,83,85,-2,2
39753,65,67,-2,2
39754,122,100,22,22
39755,110,89,21,21
39756,145,146,-1,1
39757,128,117,11,11
39758,61,47,14,14
39759,135,134,1,1
39760,62,43,19,19
39761,143,111,32,32
39762,59,49,10,10
39763,133,141,-8,8
39764,84,92,-8,8
39765,127,138,-11,11
39766,75,67,8,8
39767,128,126,2,2
39768,85,99,-14,14
39769,127,120,7,7
39770,66,84,-18,18
39771,45,92,-47,47
39772,89,93,-4,4
39773,82,81,1,1
39774,98,89,9,9
39775,51,60,-9,9
39776,112,119,-7,7
39777,70,72,-2,2
39778,75,72,3,3
39779,97,112,-15,15
39780,59,37,22,22
39781,51,30,21,21
39782,53,66,-13,13
39783,56,68,-12,12
39784,67,67,0,0
39785,66,72,-6,6
39786,89,79,10,10
39787,94,84,10,10
39788,77,87,-10,10
39789,41,19,22,22
39790,85,80,5,5
39791,72,63,9,9
39792,108,112,-4,4
39793,105,109,-4,4
39794,67,81,-14,14
39795,97,105,-8,8
39796,76,73,3,3
39797,133,140,-7,7
39798,93,98,-5,5
39799,40,44,-4,4
39800,66,60,6,6
39801,43,42,1,1
39802,145,149,-4,4
39803,135,110,25,25
39804,64,59,5,5
39805,76,95,-19,19
39806,55,61,-6,6
39807,78,113,-35,35
39808,103,99,4,4
39809,141,140,1,1
39810,152,151,1,1
39811,110,130,-20,20
39812,122,131,-9,9
39813,78,79,-1,1
39814,82,90,-8,8
39815,104,98,6,6
39816,112,111,1,1
39817,69,75,-6,6
39818,48,44,4,4
39819,60,73,-13,13
39820,54,49,5,5
39821,128,122,6,6
39822,61,63,-2,2
39823,108,125,-17,17
39824,86,99,-13,13
39825,74,84,-10,10
39826,168,155,13,13
39827,76,88,-12,12
39828,80,81,-1,1
39829,96,98,-2,2
39830,74,73,1,1
39831,59,48,11,11
39832,143,144,-1,1
39833,68,64,4,4
39834,76,78,-2,2
39835,97,103,-6,6
39836,66,71,-5,5
39837,94,98,-4,4
39838,159,133,26,26
39839,76,63,13,13
39840,121,128,-7,7
39841,123,129,-6,6
39842,80,73,7,7
39843,77,77,0,0
39844,52,48,4,4
39845,115,119,-4,4
39846,180,152,28,28
39847,70,80,-10,10
39848,79,83,-4,4
39849,112,108,4,4
39850,89,85,4,4
39851,83,90,-7,7
39852,108,124,-16,16
39853,67,84,-17,17
39854,86,80,6,6
39855,82,81,1,1
39856,156,150,6,6
39857,141,132,9,9
39858,154,145,9,9
39859,63,64,-1,1
39860,52,54,-2,2
39861,122,113,9,9
39862,69,80,-11,11
39863,93,84,9,9
39864,106,107,-1,1
39865,76,78,-2,2
39866,97,86,11,11
39867,96,89,7,7
39868,116,116,0,0
39869,98,74,24,24
39870,89,97,-8,8
39871,137,148,-11,11
39872,88,78,10,10
39873,115,118,-3,3
39874,135,132,3,3
39875,99,109,-10,10
39876,68,81,-13,13
39877,98,101,-3,3
39878,119,115,4,4
39879,77,82,-5,5
39880,74,78,-4,4
39881,115,126,-11,11
39882,67,66,1,1
39883,79,82,-3,3
39884,107,119,-12,12
39885,83,85,-2,2
39886,74,86,-12,12
39887,160,153,7,7
39888,56,80,-24,24
39889,74,81,-7,7
39890,95,96,-1,1
39891,141,153,-12,12
39892,98,100,-2,2
39893,84,91,-7,7
39894,118,124,-6,6
39895,58,61,-3,3
39896,54,58,-4,4
39897,74,72,2,2
39898,69,76,-7,7
39899,123,97,26,26
39900,59,44,15,15
39901,50,62,-12,12
39902,56,45,11,11
39903,55,66,-11,11
39904,145,136,9,9
39905,89,85,4,4
39906,74,65,9,9
39907,67,70,-3,3
39908,100,104,-4,4
39909,99,103,-4,4
39910,64,78,-14,14
39911,49,50,-1,1
39912,144,143,1,1
39913,65,64,1,1
39914,57,55,2,2
39915,74,93,-19,19
39916,82,92,-10,10
39917,80,74,6,6
39918,167,178,-11,11
39919,55,45,10,10
39920,98,108,-10,10
39921,69,84,-15,15
39922,60,51,9,9
39923,149,142,7,7
39924,170,170,0,0
39925,56,35,21,21
39926,120,114,6,6
39927,114,112,2,2
39928,123,123,0,0
39929,67,72,-5,5
39930,145,145,0,0
39931,72,77,-5,5
39932,85,85,0,0
39933,117,138,-21,21
39934,87,98,-11,11
39935,66,90,-24,24
39936,116,129,-13,13
39937,53,69,-16,16
39938,109,98,11,11
39939,26,19,7,7
39940,51,65,-14,14
39941,65,58,7,7
39942,89,89,0,0
39943,110,97,13,13
39944,70,81,-11,11
39945,46,42,4,4
39946,119,116,3,3
39947,127,125,2,2
39948,95,96,-1,1
39949,68,67,1,1
39950,73,66,7,7
39951,112,100,12,12
39952,152,148,4,4
39953,83,89,-6,6
39954,115,118,-3,3
39955,131,125,6,6
39956,49,53,-4,4
39957,118,103,15,15
39958,94,89,5,5
39959,120,122,-2,2
39960,64,88,-24,24
39961,145,132,13,13
39962,63,75,-12,12
39963,62,78,-16,16
39964,55,60,-5,5
39965,113,132,-19,19
39966,62,99,-37,37
39967,80,71,9,9
39968,100,84,16,16
39969,72,84,-12,12
39970,75,81,-6,6
39971,104,103,1,1
39972,56,54,2,2
39973,116,128,-12,12
39974,87,96,-9,9
39975,109,89,20,20
39976,107,118,-11,11
39977,63,77,-14,14
39978,127,137,-10,10
39979,124,107,17,17
39980,67,72,-5,5
39981,229,184,45,45
39982,144,126,18,18
39983,110,108,2,2
39984,70,74,-4,4
39985,102,100,2,2
39986,153,116,37,37
39987,82,83,-1,1
39988,50,52,-2,2
39989,54,65,-11,11
39990,97,90,7,7
39991,75,90,-15,15
39992,83,90,-7,7
39993,88,85,3,3
39994,129,120,9,9
39995,91,89,2,2
39996,115,102,13,13
39997,96,87,9,9
39998,177,171,6,6
39999,109,113,-4,4
40000,91,91,0,0
40001,102,96,6,6
40002,75,69,6,6
40003,67,61,6,6
40004,85,90,-5,5
40005,133,127,6,6
40006,122,141,-19,19
40007,99,104,-5,5
40008,72,69,3,3
40009,80,87,-7,7
40010,61,55,6,6
40011,118,123,-5,5
40012,112,113,-1,1
40013,69,80,-11,11
40014,156,151,5,5
40015,140,140,0,0
40016,55,47,8,8
40017,85,96,-11,11
40018,104,103,1,1
40019,113,109,4,4
40020,61,62,-1,1
40021,110,112,-2,2
40022,142,132,10,10
40023,93,83,10,10
40024,49,48,1,1
40025,139,144,-5,5
40026,42,43,-1,1
40027,80,60,20,20
40028,138,135,3,3
40029,148,148,0,0
40030,28,63,-35,35
40031,54,56,-2,2
40032,85,83,2,2
40033,84,80,4,4
40034,161,120,41,41
40035,80,95,-15,15
40036,108,125,-17,17
40037,91,88,3,3
40038,92,95,-3,3
40039,92,108,-16,16
40040,91,72,19,19
40041,146,136,10,10
40042,59,73,-14,14
40043,109,99,10,10
40044,67,65,2,2
40045,89,93,-4,4
40046,156,111,45,45
40047,106,95,11,11
40048,71,69,2,2
40049,161,152,9,9
40050,97,91,6,6
40051,95,86,9,9
40052,128,114,14,14
40053,79,91,-12,12
40054,127,148,-21,21
40055,88,109,-21,21
40056,63,72,-9,9
40057,47,58,-11,11
40058,67,77,-10,10
40059,44,33,11,11
40060,70,58,12,12
40061,59,65,-6,6
40062,115,115,0,0
40063,123,136,-13,13
40064,49,53,-4,4
40065,81,86,-5,5
40066,55,55,0,0
40067,105,102,3,3
40068,120,122,-2,2
40069,95,96,-1,1
40070,73,81,-8,8
40071,76,77,-1,1
40072,95,93,2,2
40073,35,37,-2,2
40074,85,96,-11,11
40075,65,76,-11,11
40076,125,116,9,9
40077,62,72,-10,10
40078,95,105,-10,10
40079,139,132,7,7
40080,77,82,-5,5
40081,65,68,-3,3
40082,53,67,-14,14
40083,83,78,5,5
40084,62,45,17,17
40085,74,82,-8,8
40086,32,8,24,24
40087,67,71,-4,4
40088,134,137,-3,3
40089,78,72,6,6
40090,88,90,-2,2
40091,81,101,-20,20
40092,60,60,0,0
40093,117,107,10,10
40094,61,72,-11,11
40095,147,145,2,2
40096,217,154,63,63
40097,84,62,22,22
40098,67,88,-21,21
40099,158,172,-14,14
40100,51,67,-16,16
40101,91,90,1,1
40102,72,69,3,3
40103,121,125,-4,4
40104,76,65,11,11
40105,117,111,6,6
40106,63,66,-3,3
40107,82,92,-10,10
40108,87,101,-14,14
40109,77,73,4,4
40110,67,87,-20,20
40111,129,92,37,37
40112,56,61,-5,5
40113,60,62,-2,2
40114,130,119,11,11
40115,106,117,-11,11
40116,73,68,5,5
40117,89,95,-6,6
40118,85,110,-25,25
40119,71,68,3,3
40120,206,189,17,17
40121,142,128,14,14
40122,106,120,-14,14
40123,98,100,-2,2
40124,60,76,-16,16
40125,113,118,-5,5
40126,57,69,-12,12
40127,73,120,-47,47
40128,186,170,16,16
40129,87,94,-7,7
40130,122,103,19,19
40131,80,87,-7,7
40132,130,132,-2,2
40133,106,105,1,1
40134,175,188,-13,13
40135,135,80,55,55
40136,115,115,0,0
40137,80,80,0,0
40138,125,107,18,18
40139,85,98,-13,13
40140,85,78,7,7
40141,143,137,6,6
40142,92,92,0,0
40143,74,65,9,9
40144,66,82,-16,16
40145,68,72,-4,4
40146,103,79,24,24
40147,82,90,-8,8
40148,57,69,-12,12
40149,102,115,-13,13
40150,117,114,3,3
40151,79,79,0,0
40152,179,151,28,28
40153,111,121,-10,10
40154,59,64,-5,5
40155,90,89,1,1
40156,82,107,-25,25
40157,120,118,2,2
40158,89,79,10,10
40159,76,77,-1,1
40160,74,64,10,10
40161,54,59,-5,5
40162,51,70,-19,19
40163,71,69,2,2
40164,116,109,7,7
40165,84,85,-1,1
40166,107,112,-5,5
40167,83,85,-2,2
40168,170,162,8,8
40169,118,121,-3,3
40170,115,103,12,12
40171,78,86,-8,8
40172,155,140,15,15
40173,143,130,13,13
40174,80,82,-2,2
40175,64,70,-6,6
40176,97,98,-1,1
40177,92,110,-18,18
40178,63,62,1,1
40179,196,160,36,36
40180,70,85,-15,15
40181,95,94,1,1
40182,73,87,-14,14
40183,64,74,-10,10
40184,86,111,-25,25
40185,93,99,-6,6
40186,81,90,-9,9
40187,132,107,25,25
40188,89,89,0,0
40189,80,75,5,5
40190,61,68,-7,7
40191,148,148,0,0
40192,104,98,6,6
40193,105,118,-13,13
40194,94,81,13,13
40195,72,81,-9,9
40196,71,76,-5,5
40197,115,124,-9,9
40198,100,95,5,5
40199,64,73,-9,9
40200,88,92,-4,4
40201,175,154,21,21
40202,153,155,-2,2
40203,58,55,3,3
40204,143,149,-6,6
40205,49,52,-3,3
40206,62,63,-1,1
40207,72,62,10,10
40208,112,110,2,2
40209,90,95,-5,5
40210,88,87,1,1
40211,92,85,7,7
40212,25,73,-48,48
40213,97,102,-5,5
40214,133,121,12,12
40215,86,88,-2,2
40216,81,84,-3,3
40217,164,134,30,30
40218,64,71,-7,7
40219,79,77,2,2
40220,108,105,3,3
40221,62,77,-15,15
40222,84,79,5,5
40223,187,179,8,8
40224,70,88,-18,18
40225,119,119,0,0
40226,86,32,54,54
40227,118,117,1,1
40228,79,83,-4,4
40229,77,74,3,3
40230,85,92,-7,7
40231,107,98,9,9
40232,76,85,-9,9
40233,54,45,9,9
40234,66,86,-20,20
40235,64,91,-27,27
40236,56,51,5,5
40237,147,148,-1,1
40238,92,94,-2,2
40239,119,115,4,4
40240,61,81,-20,20
40241,112,109,3,3
40242,116,124,-8,8
40243,68,75,-7,7
40244,153,121,32,32
40245,114,131,-17,17
40246,115,118,-3,3
40247,91,104,-13,13
40248,68,54,14,14
40249,111,107,4,4
40250,79,78,1,1
40251,57,72,-15,15
40252,114,115,-1,1
40253,66,75,-9,9
40254,96,87,9,9
40255,83,100,-17,17
40256,93,79,14,14
40257,83,80,3,3
40258,80,73,7,7
40259,82,84,-2,2
40260,114,123,-9,9
40261,49,114,-65,65
40262,67,78,-11,11
40263,79,79,0,0
40264,77,78,-1,1
40265,64,61,3,3
40266,177,176,1,1
40267,71,80,-9,9
40268,99,93,6,6
40269,90,89,1,1
40270,107,103,4,4
40271,103,110,-7,7
40272,144,139,5,5
40273,81,88,-7,7
40274,69,84,-15,15
40275,63,92,-29,29
40276,105,117,-12,12
40277,100,84,16,16
40278,118,131,-13,13
40279,89,101,-12,12
40280,90,85,5,5
40281,88,102,-14,14
40282,69,74,-5,5
40283,59,55,4,4
40284,84,82,2,2
40285,143,146,-3,3
40286,112,120,-8,8
40287,143,148,-5,5
40288,78,67,11,11
40289,38,46,-8,8
40290,107,102,5,5
40291,57,62,-5,5
40292,62,109,-47,47
40293,79,83,-4,4
40294,72,91,-19,19
40295,85,79,6,6
40296,83,75,8,8
40297,69,76,-7,7
40298,62,62,0,0
40299,80,84,-4,4
40300,55,72,-17,17
40301,77,76,1,1
40302,77,115,-38,38
40303,81,93,-12,12
40304,88,86,2,2
40305,75,93,-18,18
40306,103,104,-1,1
40307,63,73,-10,10
40308,115,103,12,12
40309,149,143,6,6
40310,48,47,1,1
40311,67,64,3,3
40312,167,142,25,25
40313,116,126,-10,10
40314,40,57,-17,17
40315,93,98,-5,5
40316,98,98,0,0
40317,105,108,-3,3
40318,150,131,19,19
40319,174,143,31,31
40320,156,76,80,80
40321,61,115,-54,54
40322,124,131,-7,7
40323,61,61,0,0
40324,58,59,-1,1
40325,147,148,-1,1
40326,80,100,-20,20
40327,115,84,31,31
40328,139,139,0,0
40329,73,73,0,0
40330,208,205,3,3
40331,92,109,-17,17
40332,63,64,-1,1
40333,126,107,19,19
40334,31,13,18,18
40335,55,103,-48,48
40336,154,144,10,10
40337,110,116,-6,6
40338,62,67,-5,5
40339,124,103,21,21
40340,81,75,6,6
40341,78,88,-10,10
40342,122,132,-10,10
40343,110,128,-18,18
40344,100,89,11,11
40345,112,117,-5,5
40346,58,53,5,5
40347,92,88,4,4
40348,143,136,7,7
40349,76,71,5,5
40350,62,74,-12,12
40351,72,82,-10,10
40352,96,92,4,4
40353,98,108,-10,10
40354,209,168,41,41
40355,81,91,-10,10
40356,65,78,-13,13
40357,111,90,21,21
40358,158,151,7,7
40359,106,107,-1,1
40360,124,115,9,9
40361,90,90,0,0
40362,95,90,5,5
40363,86,117,-31,31
40364,89,100,-11,11
40365,59,72,-13,13
40366,132,123,9,9
40367,91,106,-15,15
40368,90,86,4,4
40369,85,79,6,6
40370,77,87,-10,10
40371,68,81,-13,13
40372,77,86,-9,9
40373,125,107,18,18
40374,53,55,-2,2
40375,100,101,-1,1
40376,128,134,-6,6
40377,78,70,8,8
40378,73,109,-36,36
40379,79,88,-9,9
40380,89,99,-10,10
40381,101,101,0,0
40382,93,118,-25,25
40383,93,110,-17,17
40384,62,66,-4,4
40385,113,91,22,22
40386,117,116,1,1
40387,133,128,5,5
40388,107,119,-12,12
40389,64,90,-26,26
40390,48,39,9,9
40391,103,104,-1,1
40392,91,95,-4,4
40393,121,131,-10,10
40394,109,114,-5,5
40395,92,74,18,18
40396,118,107,11,11
40397,82,98,-16,16
40398,76,65,11,11
40399,98,51,47,47
40400,118,107,11,11
40401,124,130,-6,6
40402,120,103,17,17
40403,85,94,-9,9
40404,112,104,8,8
40405,88,101,-13,13
40406,65,47,18,18
40407,48,48,0,0
40408,66,86,-20,20
40409,106,79,27,27
40410,174,170,4,4
40411,161,160,1,1
40412,42,70,-28,28
40413,65,69,-4,4
40414,47,59,-12,12
40415,100,129,-29,29
40416,91,106,-15,15
40417,59,63,-4,4
40418,77,90,-13,13
40419,83,92,-9,9
40420,91,91,0,0
40421,91,93,-2,2
40422,163,158,5,5
40423,89,90,-1,1
40424,144,146,-2,2
40425,107,117,-10,10
40426,75,86,-11,11
40427,210,188,22,22
40428,168,159,9,9
40429,116,58,58,58
40430,67,87,-20,20
40431,66,85,-19,19
40432,23,31,-8,8
40433,99,101,-2,2
40434,66,81,-15,15
40435,56,52,4,4
40436,92,104,-12,12
40437,132,130,2,2
40438,67,62,5,5
40439,42,43,-1,1
40440,123,125,-2,2
40441,44,40,4,4
40442,117,120,-3,3
40443,109,113,-4,4
40444,106,100,6,6
40445,92,79,13,13
40446,88,89,-1,1
40447,74,71,3,3
40448,114,125,-11,11
40449,146,133,13,13
40450,105,97,8,8
40451,91,102,-11,11
40452,124,126,-2,2
40453,178,148,30,30
40454,98,96,2,2
40455,145,154,-9,9
40456,76,82,-6,6
40457,100,84,16,16
40458,128,104,24,24
40459,152,143,9,9
40460,40,40,0,0
40461,65,78,-13,13
40462,107,128,-21,21
40463,90,85,5,5
40464,100,119,-19,19
40465,71,89,-18,18
40466,55,54,1,1
40467,80,65,15,15
40468,131,86,45,45
40469,28,24,4,4
40470,93,93,0,0
40471,149,151,-2,2
40472,88,89,-1,1
40473,50,65,-15,15
40474,82,97,-15,15
40475,125,120,5,5
40476,131,109,22,22
40477,93,94,-1,1
40478,83,95,-12,12
40479,149,153,-4,4
40480,74,76,-2,2
40481,124,130,-6,6
40482,174,165,9,9
40483,83,112,-29,29
40484,119,132,-13,13
40485,85,79,6,6
40486,70,67,3,3
40487,197,184,13,13
40488,131,125,6,6
40489,130,113,17,17
40490,73,88,-15,15
40491,97,101,-4,4
40492,85,31,54,54
40493,198,167,31,31
40494,100,96,4,4
40495,81,98,-17,17
40496,71,80,-9,9
40497,97,97,0,0
40498,77,90,-13,13
40499,88,90,-2,2
40500,90,91,-1,1
40501,74,76,-2,2
40502,70,83,-13,13
40503,63,63,0,0
40504,149,141,8,8
40505,97,87,10,10
40506,65,63,2,2
40507,81,87,-6,6
40508,100,110,-10,10
40509,79,88,-9,9
40510,106,112,-6,6
40511,79,84,-5,5
40512,137,141,-4,4
40513,82,94,-12,12
40514,68,51,17,17
40515,100,91,9,9
40516,40,36,4,4
40517,57,56,1,1
40518,73,65,8,8
40519,85,105,-20,20
40520,135,138,-3,3
40521,126,119,7,7
40522,158,151,7,7
40523,110,109,1,1
40524,125,130,-5,5
40525,115,120,-5,5
40526,112,118,-6,6
40527,71,82,-11,11
40528,121,130,-9,9
40529,97,109,-12,12
40530,104,101,3,3
40531,97,90,7,7
40532,54,51,3,3
40533,76,80,-4,4
40534,132,102,30,30
40535,98,98,0,0
40536,107,105,2,2
40537,119,113,6,6
40538,125,122,3,3
40539,96,101,-5,5
40540,49,52,-3,3
40541,89,102,-13,13
40542,101,103,-2,2
40543,86,86,0,0
40544,43,43,0,0
40545,40,65,-25,25
40546,109,98,11,11
40547,49,72,-23,23
40548,99,95,4,4
40549,120,82,38,38
40550,70,74,-4,4
40551,177,165,12,12
40552,59,73,-14,14
40553,90,96,-6,6
40554,99,113,-14,14
40555,99,105,-6,6
40556,113,92,21,21
40557,87,54,33,33
40558,120,106,14,14
40559,122,114,8,8
40560,156,154,2,2
40561,90,75,15,15
40562,109,113,-4,4
40563,59,76,-17,17
40564,110,108,2,2
40565,64,63,1,1
40566,76,81,-5,5
40567,93,90,3,3
40568,81,77,4,4
40569,155,145,10,10
40570,77,108,-31,31
40571,52,47,5,5
40572,48,58,-10,10
40573,94,115,-21,21
40574,72,73,-1,1
40575,78,97,-19,19
40576,108,119,-11,11
40577,74,79,-5,5
40578,67,62,5,5
40579,88,87,1,1
40580,127,95,32,32
40581,88,94,-6,6
40582,53,70,-17,17
40583,101,98,3,3
40584,105,100,5,5
40585,120,125,-5,5
40586,63,68,-5,5
40587,50,52,-2,2
40588,67,80,-13,13
40589,121,125,-4,4
40590,76,73,3,3
40591,95,80,15,15
40592,97,104,-7,7
40593,63,75,-12,12
40594,135,134,1,1
40595,61,43,18,18
40596,79,90,-11,11
40597,133,103,30,30
40598,97,101,-4,4
40599,78,80,-2,2
40600,96,95,1,1
40601,47,47,0,0
40602,139,133,6,6
40603,99,105,-6,6
40604,113,107,6,6
40605,94,95,-1,1
40606,100,114,-14,14
40607,71,88,-17,17
40608,102,111,-9,9
40609,113,111,2,2
40610,85,82,3,3
40611,75,53,22,22
40612,62,47,15,15
40613,111,105,6,6
40614,80,76,4,4
40615,117,120,-3,3
40616,107,115,-8,8
40617,75,83,-8,8
40618,82,92,-10,10
40619,73,73,0,0
40620,110,109,1,1
40621,115,132,-17,17
40622,151,144,7,7
40623,60,46,14,14
40624,51,57,-6,6
40625,76,65,11,11
40626,115,89,26,26
40627,79,90,-11,11
40628,85,84,1,1
40629,84,98,-14,14
40630,136,128,8,8
40631,76,80,-4,4
40632,30,45,-15,15
40633,141,134,7,7
40634,83,85,-2,2
40635,81,96,-15,15
40636,79,83,-4,4
40637,113,112,1,1
40638,88,85,3,3
40639,145,170,-25,25
40640,156,157,-1,1
40641,80,72,8,8
40642,103,98,5,5
40643,116,111,5,5
40644,76,82,-6,6
40645,123,133,-10,10
40646,93,105,-12,12
40647,103,110,-7,7
40648,67,71,-4,4
40649,102,115,-13,13
40650,92,98,-6,6
40651,86,86,0,0
40652,56,54,2,2
40653,80,81,-1,1
40654,137,136,1,1
40655,48,54,-6,6
40656,87,84,3,3
40657,112,124,-12,12
40658,74,69,5,5
40659,87,83,4,4
40660,101,114,-13,13
40661,58,70,-12,12
40662,116,111,5,5
40663,97,86,11,11
40664,65,67,-2,2
40665,98,89,9,9
40666,98,102,-4,4
40667,156,137,19,19
40668,88,87,1,1
40669,85,83,2,2
40670,64,62,2,2
40671,72,65,7,7
40672,107,118,-11,11
40673,87,101,-14,14
40674,115,117,-2,2
40675,102,85,17,17
40676,120,110,10,10
40677,87,94,-7,7
40678,81,79,2,2
40679,53,64,-11,11
40680,71,53,18,18
40681,78,92,-14,14
40682,104,116,-12,12
40683,113,122,-9,9
40684,51,40,11,11
40685,65,95,-30,30
40686,109,122,-13,13
40687,78,82,-4,4
40688,105,100,5,5
40689,93,101,-8,8
40690,103,102,1,1
40691,113,106,7,7
40692,77,85,-8,8
40693,135,133,2,2
40694,82,77,5,5
40695,84,81,3,3
40696,56,66,-10,10
40697,54,51,3,3
40698,146,129,17,17
40699,149,150,-1,1
40700,91,99,-8,8
40701,61,51,10,10
40702,117,129,-12,12
40703,46,43,3,3
40704,159,120,39,39
40705,94,80,14,14
40706,153,141,12,12
40707,108,108,0,0
40708,85,80,5,5
40709,69,81,-12,12
40710,295,201,94,94
40711,74,78,-4,4
40712,103,100,3,3
40713,80,85,-5,5
40714,68,82,-14,14
40715,120,107,13,13
40716,86,85,1,1
40717,118,104,14,14
40718,74,80,-6,6
40719,99,64,35,35
40720,76,76,0,0
40721,134,122,12,12
40722,97,113,-16,16
40723,66,71,-5,5
40724,92,105,-13,13
40725,50,75,-25,25
40726,83,79,4,4
40727,98,98,0,0
40728,72,74,-2,2
40729,71,90,-19,19
40730,71,82,-11,11
40731,78,91,-13,13
40732,81,81,0,0
40733,126,130,-4,4
40734,71,70,1,1
40735,70,61,9,9
40736,141,144,-3,3
40737,75,80,-5,5
40738,85,78,7,7
40739,89,93,-4,4
40740,82,99,-17,17
40741,174,155,19,19
40742,77,74,3,3
40743,113,115,-2,2
40744,165,175,-10,10
40745,55,48,7,7
40746,94,59,35,35
40747,81,83,-2,2
40748,103,100,3,3
40749,87,95,-8,8
40750,68,104,-36,36
40751,205,193,12,12
40752,85,94,-9,9
40753,66,73,-7,7
40754,68,67,1,1
40755,87,87,0,0
40756,101,96,5,5
40757,115,114,1,1
40758,69,93,-24,24
40759,144,139,5,5
40760,97,105,-8,8
40761,107,119,-12,12
40762,88,115,-27,27
40763,138,134,4,4
40764,90,67,23,23
40765,129,143,-14,14
40766,66,87,-21,21
40767,75,81,-6,6
40768,118,115,3,3
40769,99,75,24,24
40770,77,78,-1,1
40771,89,86,3,3
40772,95,107,-12,12
40773,56,53,3,3
40774,115,116,-1,1
40775,59,64,-5,5
40776,117,124,-7,7
40777,110,120,-10,10
40778,120,91,29,29
40779,98,83,15,15
40780,121,124,-3,3
40781,100,86,14,14
40782,85,76,9,9
40783,106,109,-3,3
40784,165,155,10,10
40785,65,80,-15,15
40786,58,62,-4,4
40787,165,155,10,10
40788,56,71,-15,15
40789,62,69,-7,7
40790,85,77,8,8
40791,93,93,0,0
40792,57,59,-2,2
40793,97,94,3,3
40794,96,92,4,4
40795,45,49,-4,4
40796,114,111,3,3
40797,77,86,-9,9
40798,77,90,-13,13
40799,89,83,6,6
40800,70,101,-31,31
40801,84,94,-10,10
40802,89,109,-20,20
40803,104,107,-3,3
40804,88,90,-2,2
40805,68,72,-4,4
40806,67,65,2,2
40807,51,66,-15,15
40808,144,135,9,9
40809,135,129,6,6
40810,89,97,-8,8
40811,122,107,15,15
40812,110,101,9,9
40813,81,96,-15,15
40814,147,159,-12,12
40815,60,55,5,5
40816,137,150,-13,13
40817,110,115,-5,5
40818,125,115,10,10
40819,89,95,-6,6
40820,129,149,-20,20
40821,70,66,4,4
40822,149,135,14,14
40823,72,64,8,8
40824,96,92,4,4
40825,76,68,8,8
40826,154,146,8,8
40827,220,159,61,61
40828,106,108,-2,2
40829,95,98,-3,3
40830,158,158,0,0
40831,140,136,4,4
40832,86,91,-5,5
40833,96,88,8,8
40834,100,93,7,7
40835,70,123,-53,53
40836,64,102,-38,38
40837,147,130,17,17
40838,75,76,-1,1
40839,80,75,5,5
40840,161,158,3,3
40841,83,103,-20,20
40842,89,87,2,2
40843,169,143,26,26
40844,85,107,-22,22
40845,151,146,5,5
40846,85,73,12,12
40847,61,81,-20,20
40848,62,58,4,4
40849,118,109,9,9
40850,97,88,9,9
40851,118,111,7,7
40852,104,99,5,5
40853,44,25,19,19
40854,101,98,3,3
40855,69,77,-8,8
40856,52,53,-1,1
40857,115,114,1,1
40858,56,50,6,6
40859,110,121,-11,11
40860,96,120,-24,24
40861,88,87,1,1
40862,94,89,5,5
40863,60,63,-3,3
40864,108,108,0,0
40865,114,102,12,12
40866,87,97,-10,10
40867,102,110,-8,8
40868,75,93,-18,18
40869,56,47,9,9
40870,123,133,-10,10
40871,29,47,-18,18
40872,70,94,-24,24
40873,87,85,2,2
40874,48,67,-19,19
40875,108,82,26,26
40876,164,163,1,1
40877,125,114,11,11
40878,66,61,5,5
40879,190,168,22,22
40880,91,94,-3,3
40881,116,98,18,18
40882,96,98,-2,2
40883,86,80,6,6
40884,157,148,9,9
40885,149,134,15,15
40886,54,63,-9,9
40887,81,99,-18,18
40888,97,100,-3,3
40889,128,125,3,3
40890,96,101,-5,5
40891,121,129,-8,8
40892,131,122,9,9
40893,133,122,11,11
40894,130,128,2,2
40895,97,87,10,10
40896,68,78,-10,10
40897,118,108,10,10
40898,91,98,-7,7
40899,90,105,-15,15
40900,65,59,6,6
40901,143,126,17,17
40902,80,78,2,2
40903,96,101,-5,5
40904,104,98,6,6
40905,112,120,-8,8
40906,86,96,-10,10
40907,91,92,-1,1
40908,205,168,37,37
40909,73,78,-5,5
40910,101,96,5,5
40911,73,76,-3,3
40912,90,78,12,12
40913,191,193,-2,2
40914,90,97,-7,7
40915,149,145,4,4
40916,73,94,-21,21
40917,152,139,13,13
40918,115,113,2,2
40919,88,89,-1,1
40920,86,78,8,8
40921,103,104,-1,1
40922,37,26,11,11
40923,83,64,19,19
40924,76,71,5,5
40925,56,59,-3,3
40926,130,142,-12,12
40927,67,61,6,6
40928,78,77,1,1
40929,105,108,-3,3
40930,101,117,-16,16
40931,88,101,-13,13
40932,83,80,3,3
40933,108,110,-2,2
40934,67,77,-10,10
40935,107,119,-12,12
40936,43,39,4,4
40937,71,88,-17,17
40938,99,100,-1,1
40939,120,127,-7,7
40940,132,127,5,5
40941,30,49,-19,19
40942,88,89,-1,1
40943,82,96,-14,14
40944,59,69,-10,10
40945,68,75,-7,7
40946,120,107,13,13
40947,60,57,3,3
40948,103,100,3,3
40949,110,107,3,3
40950,114,112,2,2
40951,90,90,0,0
40952,192,177,15,15
40953,100,93,7,7
40954,119,110,9,9
40955,91,113,-22,22
40956,98,106,-8,8
40957,51,55,-4,4
40958,94,95,-1,1
40959,98,109,-11,11
40960,71,80,-9,9
40961,106,131,-25,25
40962,78,80,-2,2
40963,66,64,2,2
40964,79,92,-13,13
40965,85,98,-13,13
40966,147,135,12,12
40967,68,60,8,8
40968,66,68,-2,2
40969,81,82,-1,1
40970,133,133,0,0
40971,120,131,-11,11
40972,71,71,0,0
40973,169,165,4,4
40974,159,152,7,7
40975,57,77,-20,20
40976,73,70,3,3
40977,44,50,-6,6
40978,85,96,-11,11
40979,49,72,-23,23
40980,54,36,18,18
40981,89,90,-1,1
40982,62,60,2,2
40983,88,91,-3,3
40984,93,100,-7,7
40985,66,61,5,5
40986,69,82,-13,13
40987,138,161,-23,23
40988,88,96,-8,8
40989,102,86,16,16
40990,45,43,2,2
40991,48,51,-3,3
40992,106,82,24,24
40993,158,113,45,45
40994,125,118,7,7
40995,64,86,-22,22
40996,153,146,7,7
40997,66,68,-2,2
40998,87,79,8,8
40999,90,87,3,3
41000,105,102,3,3
41001,51,57,-6,6
41002,148,140,8,8
41003,123,123,0,0
41004,59,54,5,5
41005,88,91,-3,3
41006,91,112,-21,21
41007,77,84,-7,7
41008,98,90,8,8
41009,84,99,-15,15
41010,97,116,-19,19
41011,129,119,10,10
41012,158,141,17,17
41013,99,104,-5,5
41014,153,165,-12,12
41015,140,141,-1,1
41016,97,90,7,7
41017,116,119,-3,3
41018,108,102,6,6
41019,117,121,-4,4
41020,112,105,7,7
41021,70,66,4,4
41022,117,137,-20,20
41023,186,178,8,8
41024,88,84,4,4
41025,40,31,9,9
41026,69,83,-14,14
41027,138,127,11,11
41028,68,91,-23,23
41029,194,179,15,15
41030,141,131,10,10
41031,66,78,-12,12
41032,87,94,-7,7
41033,112,117,-5,5
41034,120,107,13,13
41035,117,111,6,6
41036,116,104,12,12
41037,113,121,-8,8
41038,109,103,6,6
41039,116,111,5,5
41040,107,112,-5,5
41041,156,147,9,9
41042,54,51,3,3
41043,96,95,1,1
41044,116,116,0,0
41045,105,103,2,2
41046,53,56,-3,3
41047,146,149,-3,3
41048,111,122,-11,11
41049,55,45,10,10
41050,130,130,0,0
41051,89,82,7,7
41052,99,111,-12,12
41053,101,73,28,28
41054,107,113,-6,6
41055,56,56,0,0
41056,72,81,-9,9
41057,141,127,14,14
41058,49,46,3,3
41059,50,56,-6,6
41060,106,102,4,4
41061,71,76,-5,5
41062,82,96,-14,14
41063,112,100,12,12
41064,114,116,-2,2
41065,91,87,4,4
41066,79,84,-5,5
41067,87,92,-5,5
41068,72,64,8,8
41069,140,136,4,4
41070,79,83,-4,4
41071,103,111,-8,8
41072,105,103,2,2
41073,80,84,-4,4
41074,63,61,2,2
41075,89,90,-1,1
41076,58,84,-26,26
41077,71,72,-1,1
41078,91,56,35,35
41079,64,62,2,2
41080,134,127,7,7
41081,144,129,15,15
41082,46,101,-55,55
41083,79,84,-5,5
41084,137,128,9,9
41085,71,69,2,2
41086,88,68,20,20
41087,99,67,32,32
41088,77,83,-6,6
41089,71,84,-13,13
41090,66,76,-10,10
41091,57,68,-11,11
41092,107,111,-4,4
41093,157,160,-3,3
41094,59,76,-17,17
41095,107,117,-10,10
41096,150,125,25,25
41097,97,112,-15,15
41098,56,56,0,0
41099,122,115,7,7
41100,118,129,-11,11
41101,98,95,3,3
41102,87,110,-23,23
41103,84,83,1,1
41104,67,64,3,3
41105,97,119,-22,22
41106,110,109,1,1
41107,75,87,-12,12
41108,49,69,-20,20
41109,121,129,-8,8
41110,124,140,-16,16
41111,86,96,-10,10
41112,91,99,-8,8
41113,74,71,3,3
41114,87,85,2,2
41115,61,73,-12,12
41116,76,116,-40,40
41117,169,156,13,13
41118,79,82,-3,3
41119,85,96,-11,11
41120,129,77,52,52
41121,68,79,-11,11
41122,88,114,-26,26
41123,136,128,8,8
41124,81,79,2,2
41125,143,137,6,6
41126,66,65,1,1
41127,90,105,-15,15
41128,69,77,-8,8
41129,129,105,24,24
41130,77,93,-16,16
41131,128,123,5,5
41132,110,117,-7,7
41133,125,130,-5,5
41134,82,55,27,27
41135,147,143,4,4
41136,77,74,3,3
41137,81,83,-2,2
41138,91,93,-2,2
41139,106,102,4,4
41140,65,89,-24,24
41141,59,55,4,4
41142,107,120,-13,13
41143,75,94,-19,19
41144,86,103,-17,17
41145,92,69,23,23
41146,87,95,-8,8
41147,115,126,-11,11
41148,70,83,-13,13
41149,78,101,-23,23
41150,77,83,-6,6
41151,142,152,-10,10
41152,161,149,12,12
41153,145,118,27,27
41154,102,101,1,1
41155,68,66,2,2
41156,81,78,3,3
41157,92,86,6,6
41158,91,90,1,1
41159,87,76,11,11
41160,168,143,25,25
41161,58,66,-8,8
41162,119,94,25,25
41163,55,50,5,5
41164,69,72,-3,3
41165,69,73,-4,4
41166,99,110,-11,11
41167,72,77,-5,5
41168,82,85,-3,3
41169,134,125,9,9
41170,88,84,4,4
41171,61,60,1,1
41172,77,85,-8,8
41173,106,84,22,22
41174,89,86,3,3
41175,90,93,-3,3
41176,102,115,-13,13
41177,77,78,-1,1
41178,63,66,-3,3
41179,76,76,0,0
41180,67,57,10,10
41181,64,78,-14,14
41182,66,83,-17,17
41183,126,125,1,1
41184,91,106,-15,15
41185,148,121,27,27
41186,111,106,5,5
41187,58,57,1,1
41188,93,84,9,9
41189,80,73,7,7
41190,173,168,5,5
41191,80,70,10,10
41192,117,113,4,4
41193,69,69,0,0
41194,115,87,28,28
41195,122,114,8,8
41196,76,88,-12,12
41197,89,80,9,9
41198,92,98,-6,6
41199,101,112,-11,11
41200,156,129,27,27
41201,88,88,0,0
41202,61,65,-4,4
41203,80,81,-1,1
41204,128,131,-3,3
41205,101,100,1,1
41206,114,111,3,3
41207,142,127,15,15
41208,53,42,11,11
41209,138,136,2,2
41210,49,40,9,9
41211,146,139,7,7
41212,91,85,6,6
41213,136,136,0,0
41214,60,73,-13,13
41215,147,137,10,10
41216,86,86,0,0
41217,71,69,2,2
41218,127,150,-23,23
41219,62,63,-1,1
41220,109,96,13,13
41221,69,71,-2,2
41222,186,164,22,22
41223,44,44,0,0
41224,39,30,9,9
41225,89,88,1,1
41226,113,110,3,3
41227,65,66,-1,1
41228,63,69,-6,6
41229,61,79,-18,18
41230,132,131,1,1
41231,70,76,-6,6
41232,179,189,-10,10
41233,103,116,-13,13
41234,118,103,15,15
41235,71,74,-3,3
41236,156,141,15,15
41237,95,99,-4,4
41238,108,116,-8,8
41239,92,96,-4,4
41240,125,104,21,21
41241,103,95,8,8
41242,87,93,-6,6
41243,57,69,-12,12
41244,95,105,-10,10
41245,207,195,12,12
41246,72,75,-3,3
41247,158,148,10,10
41248,78,74,4,4
41249,59,41,18,18
41250,77,44,33,33
41251,78,77,1,1
41252,120,86,34,34
41253,137,131,6,6
41254,71,69,2,2
41255,117,117,0,0
41256,97,112,-15,15
41257,108,108,0,0
41258,64,77,-13,13
41259,125,110,15,15
41260,57,48,9,9
41261,47,55,-8,8
41262,110,101,9,9
41263,173,172,1,1
41264,70,67,3,3
41265,112,109,3,3
41266,69,66,3,3
41267,95,94,1,1
41268,50,52,-2,2
41269,60,48,12,12
41270,108,112,-4,4
41271,88,85,3,3
41272,141,129,12,12
41273,65,74,-9,9
41274,111,124,-13,13
41275,110,106,4,4
41276,156,135,21,21
41277,70,92,-22,22
41278,77,64,13,13
41279,111,87,24,24
41280,77,77,0,0
41281,132,150,-18,18
41282,94,90,4,4
41283,87,56,31,31
41284,71,71,0,0
41285,69,88,-19,19
41286,57,62,-5,5
41287,63,68,-5,5
41288,170,166,4,4
41289,99,100,-1,1
41290,91,91,0,0
41291,75,82,-7,7
41292,155,152,3,3
41293,169,152,17,17
41294,121,120,1,1
41295,56,63,-7,7
41296,73,71,2,2
41297,142,67,75,75
41298,76,87,-11,11
41299,117,157,-40,40
41300,113,115,-2,2
41301,63,59,4,4
41302,146,137,9,9
41303,71,62,9,9
41304,68,58,10,10
41305,96,91,5,5
41306,64,80,-16,16
41307,79,68,11,11
41308,77,88,-11,11
41309,54,63,-9,9
41310,81,83,-2,2
41311,106,118,-12,12
41312,130,120,10,10
41313,63,74,-11,11
41314,74,77,-3,3
41315,87,91,-4,4
41316,97,90,7,7
41317,136,149,-13,13
41318,78,83,-5,5
41319,114,114,0,0
41320,172,195,-23,23
41321,69,91,-22,22
41322,55,62,-7,7
41323,68,72,-4,4
41324,84,89,-5,5
41325,64,50,14,14
41326,44,39,5,5
41327,98,106,-8,8
41328,118,126,-8,8
41329,115,109,6,6
41330,151,153,-2,2
41331,66,97,-31,31
41332,150,135,15,15
41333,94,90,4,4
41334,83,105,-22,22
41335,138,127,11,11
41336,96,102,-6,6
41337,117,108,9,9
41338,32,32,0,0
41339,167,159,8,8
41340,162,102,60,60
41341,120,118,2,2
41342,84,87,-3,3
41343,64,57,7,7
41344,147,156,-9,9
41345,74,85,-11,11
41346,42,71,-29,29
41347,65,84,-19,19
41348,87,101,-14,14
41349,101,119,-18,18
41350,64,74,-10,10
41351,54,65,-11,11
41352,99,108,-9,9
41353,60,71,-11,11
41354,62,58,4,4
41355,134,125,9,9
41356,79,93,-14,14
41357,74,89,-15,15
41358,103,104,-1,1
41359,160,150,10,10
41360,103,105,-2,2
41361,96,106,-10,10
41362,66,53,13,13
41363,72,78,-6,6
41364,69,72,-3,3
41365,115,111,4,4
41366,74,67,7,7
41367,47,42,5,5
41368,116,112,4,4
41369,75,101,-26,26
41370,74,100,-26,26
41371,138,139,-1,1
41372,83,91,-8,8
41373,78,101,-23,23
41374,144,129,15,15
41375,94,84,10,10
41376,91,92,-1,1
41377,97,94,3,3
41378,79,99,-20,20
41379,87,87,0,0
41380,50,56,-6,6
41381,61,66,-5,5
41382,66,81,-15,15
41383,83,86,-3,3
41384,69,59,10,10
41385,117,106,11,11
41386,123,103,20,20
41387,152,137,15,15
41388,53,46,7,7
41389,41,87,-46,46
41390,120,115,5,5
41391,50,60,-10,10
41392,103,112,-9,9
41393,59,66,-7,7
41394,146,26,120,120
41395,74,67,7,7
41396,119,98,21,21
41397,100,98,2,2
41398,109,97,12,12
41399,140,134,6,6
41400,104,108,-4,4
41401,118,118,0,0
41402,129,118,11,11
41403,62,69,-7,7
41404,80,82,-2,2
41405,67,71,-4,4
41406,45,40,5,5
41407,111,110,1,1
41408,110,117,-7,7
41409,68,82,-14,14
41410,84,93,-9,9
41411,132,121,11,11
41412,67,61,6,6
41413,66,77,-11,11
41414,53,71,-18,18
41415,88,100,-12,12
41416,115,119,-4,4
41417,142,140,2,2
41418,134,134,0,0
41419,108,111,-3,3
41420,63,68,-5,5
41421,68,66,2,2
41422,96,81,15,15
41423,73,81,-8,8
41424,88,109,-21,21
41425,107,107,0,0
41426,114,128,-14,14
41427,132,130,2,2
41428,64,70,-6,6
41429,73,69,4,4
41430,109,100,9,9
41431,65,55,10,10
41432,138,109,29,29
41433,103,122,-19,19
41434,132,134,-2,2
41435,67,62,5,5
41436,70,67,3,3
41437,114,124,-10,10
41438,54,67,-13,13
41439,87,92,-5,5
41440,57,60,-3,3
41441,163,164,-1,1
41442,83,96,-13,13
41443,48,34,14,14
41444,62,72,-10,10
41445,110,104,6,6
41446,64,64,0,0
41447,154,145,9,9
41448,119,113,6,6
41449,81,79,2,2
41450,76,87,-11,11
41451,125,114,11,11
41452,82,86,-4,4
41453,140,136,4,4
41454,58,52,6,6
41455,90,79,11,11
41456,94,96,-2,2
41457,70,67,3,3
41458,126,119,7,7
41459,42,52,-10,10
41460,96,54,42,42
41461,144,129,15,15
41462,84,61,23,23
41463,91,70,21,21
41464,89,88,1,1
41465,68,73,-5,5
41466,74,72,2,2
41467,73,81,-8,8
41468,95,98,-3,3
41469,141,115,26,26
41470,144,137,7,7
41471,115,131,-16,16
41472,126,126,0,0
41473,81,77,4,4
41474,70,76,-6,6
41475,101,102,-1,1
41476,36,81,-45,45
41477,103,107,-4,4
41478,50,41,9,9
41479,108,104,4,4
41480,168,174,-6,6
41481,89,102,-13,13
41482,128,116,12,12
41483,87,73,14,14
41484,72,94,-22,22
41485,166,159,7,7
41486,75,83,-8,8
41487,116,129,-13,13
41488,66,66,0,0
41489,89,88,1,1
41490,72,76,-4,4
41491,103,112,-9,9
41492,82,82,0,0
41493,108,124,-16,16
41494,115,108,7,7
41495,154,179,-25,25
41496,96,104,-8,8
41497,70,65,5,5
41498,105,104,1,1
41499,103,99,4,4
41500,80,78,2,2
41501,167,102,65,65
41502,131,134,-3,3
41503,87,82,5,5
41504,83,91,-8,8
41505,221,207,14,14
41506,67,67,0,0
41507,114,109,5,5
41508,88,99,-11,11
41509,80,80,0,0
41510,183,156,27,27
41511,67,67,0,0
41512,172,164,8,8
41513,56,53,3,3
41514,60,64,-4,4
41515,60,67,-7,7
41516,77,84,-7,7
41517,85,83,2,2
41518,64,64,0,0
41519,88,108,-20,20
41520,143,139,4,4
41521,148,151,-3,3
41522,73,65,8,8
41523,97,109,-12,12
41524,85,100,-15,15
41525,62,54,8,8
41526,82,87,-5,5
41527,63,62,1,1
41528,55,56,-1,1
41529,133,132,1,1
41530,96,92,4,4
41531,98,100,-2,2
41532,67,77,-10,10
41533,104,100,4,4
41534,118,149,-31,31
41535,83,103,-20,20
41536,110,113,-3,3
41537,138,131,7,7
41538,79,75,4,4
41539,75,75,0,0
41540,67,72,-5,5
41541,59,64,-5,5
41542,63,44,19,19
41543,125,125,0,0
41544,156,163,-7,7
41545,88,75,13,13
41546,106,109,-3,3
41547,88,82,6,6
41548,126,133,-7,7
41549,71,79,-8,8
41550,109,116,-7,7
41551,61,98,-37,37
41552,100,111,-11,11
41553,157,134,23,23
41554,168,167,1,1
41555,110,104,6,6
41556,92,90,2,2
41557,118,123,-5,5
41558,159,147,12,12
41559,67,70,-3,3
41560,78,91,-13,13
41561,93,86,7,7
41562,76,75,1,1
41563,156,147,9,9
41564,63,76,-13,13
41565,87,90,-3,3
41566,79,71,8,8
41567,56,56,0,0
41568,65,72,-7,7
41569,99,94,5,5
41570,90,76,14,14
41571,108,87,21,21
41572,59,71,-12,12
41573,48,64,-16,16
41574,73,79,-6,6
41575,111,101,10,10
41576,69,65,4,4
41577,149,129,20,20
41578,87,85,2,2
41579,87,89,-2,2
41580,85,82,3,3
41581,112,95,17,17
41582,78,84,-6,6
41583,74,70,4,4
41584,85,95,-10,10
41585,77,89,-12,12
41586,113,122,-9,9
41587,106,108,-2,2
41588,61,73,-12,12
41589,82,97,-15,15
41590,115,120,-5,5
41591,51,74,-23,23
41592,109,101,8,8
41593,61,42,19,19
41594,60,61,-1,1
41595,129,115,14,14
41596,152,116,36,36
41597,90,94,-4,4
41598,204,172,32,32
41599,95,90,5,5
41600,81,79,2,2
41601,75,78,-3,3
41602,95,95,0,0
41603,108,129,-21,21
41604,140,130,10,10
41605,47,88,-41,41
41606,92,84,8,8
41607,127,129,-2,2
41608,64,72,-8,8
41609,86,86,0,0
41610,83,69,14,14
41611,86,96,-10,10
41612,110,111,-1,1
41613,128,131,-3,3
41614,152,156,-4,4
41615,106,115,-9,9
41616,71,71,0,0
41617,70,78,-8,8
41618,71,79,-8,8
41619,80,84,-4,4
41620,10,11,-1,1
41621,95,84,11,11
41622,88,80,8,8
41623,55,31,24,24
41624,96,87,9,9
41625,114,104,10,10
41626,113,104,9,9
41627,115,113,2,2
41628,50,41,9,9
41629,130,121,9,9
41630,130,127,3,3
41631,85,89,-4,4
41632,72,72,0,0
41633,177,175,2,2
41634,90,110,-20,20
41635,131,142,-11,11
41636,68,68,0,0
41637,46,52,-6,6
41638,96,101,-5,5
41639,161,153,8,8
41640,60,54,6,6
41641,73,84,-11,11
41642,50,53,-3,3
41643,60,51,9,9
41644,122,118,4,4
41645,136,144,-8,8
41646,90,93,-3,3
41647,131,127,4,4
41648,95,96,-1,1
41649,66,73,-7,7
41650,105,132,-27,27
41651,82,86,-4,4
41652,107,105,2,2
41653,61,52,9,9
41654,136,129,7,7
41655,128,118,10,10
41656,66,69,-3,3
41657,125,130,-5,5
41658,69,62,7,7
41659,68,75,-7,7
41660,84,90,-6,6
41661,47,64,-17,17
41662,77,78,-1,1
41663,113,105,8,8
41664,155,157,-2,2
41665,88,94,-6,6
41666,76,74,2,2
41667,104,142,-38,38
41668,43,36,7,7
41669,69,73,-4,4
41670,94,101,-7,7
41671,121,121,0,0
41672,178,124,54,54
41673,69,78,-9,9
41674,113,129,-16,16
41675,118,113,5,5
41676,86,85,1,1
41677,71,79,-8,8
41678,112,105,7,7
41679,114,106,8,8
41680,68,78,-10,10
41681,75,79,-4,4
41682,103,92,11,11
41683,71,52,19,19
41684,57,51,6,6
41685,88,74,14,14
41686,165,153,12,12
41687,79,3,76,76
41688,133,136,-3,3
41689,125,127,-2,2
41690,91,113,-22,22
41691,117,117,0,0
41692,108,102,6,6
41693,101,102,-1,1
41694,61,58,3,3
41695,170,148,22,22
41696,152,139,13,13
41697,86,78,8,8
41698,89,94,-5,5
41699,137,134,3,3
41700,107,103,4,4
41701,145,89,56,56
41702,152,144,8,8
41703,89,85,4,4
41704,81,76,5,5
41705,102,100,2,2
41706,85,87,-2,2
41707,70,81,-11,11
41708,85,81,4,4
41709,105,109,-4,4
41710,79,133,-54,54
41711,55,63,-8,8
41712,94,81,13,13
41713,49,55,-6,6
41714,42,41,1,1
41715,302,237,65,65
41716,116,113,3,3
41717,68,54,14,14
41718,81,88,-7,7
41719,98,125,-27,27
41720,120,116,4,4
41721,135,141,-6,6
41722,85,87,-2,2
41723,76,78,-2,2
41724,125,128,-3,3
41725,26,8,18,18
41726,111,107,4,4
41727,152,141,11,11
41728,85,82,3,3
41729,99,105,-6,6
41730,98,43,55,55
41731,99,95,4,4
41732,81,79,2,2
41733,98,105,-7,7
41734,101,93,8,8
41735,64,71,-7,7
41736,185,166,19,19
41737,97,89,8,8
41738,93,107,-14,14
41739,65,68,-3,3
41740,89,94,-5,5
41741,53,55,-2,2
41742,96,86,10,10
41743,133,130,3,3
41744,149,136,13,13
41745,155,133,22,22
41746,86,86,0,0
41747,64,57,7,7
41748,133,127,6,6
41749,119,133,-14,14
41750,70,76,-6,6
41751,57,48,9,9
41752,56,48,8,8
41753,55,56,-1,1
41754,57,51,6,6
41755,106,113,-7,7
41756,85,102,-17,17
41757,80,94,-14,14
41758,71,90,-19,19
41759,79,101,-22,22
41760,72,77,-5,5
41761,67,75,-8,8
41762,200,173,27,27
41763,55,74,-19,19
41764,103,104,-1,1
41765,80,77,3,3
41766,113,117,-4,4
41767,34,66,-32,32
41768,77,87,-10,10
41769,145,146,-1,1
41770,143,153,-10,10
41771,100,102,-2,2
41772,53,0,53,53
41773,61,103,-42,42
41774,109,116,-7,7
41775,86,98,-12,12
41776,72,86,-14,14
41777,86,91,-5,5
41778,115,128,-13,13
41779,74,82,-8,8
41780,85,92,-7,7
41781,97,100,-3,3
41782,111,104,7,7
41783,63,84,-21,21
41784,104,98,6,6
41785,101,102,-1,1
41786,110,104,6,6
41787,72,74,-2,2
41788,128,121,7,7
41789,74,98,-24,24
41790,108,111,-3,3
41791,110,105,5,5
41792,68,74,-6,6
41793,41,37,4,4
41794,153,164,-11,11
41795,115,121,-6,6
41796,58,75,-17,17
41797,45,56,-11,11
41798,92,68,24,24
41799,57,63,-6,6
41800,125,103,22,22
41801,82,94,-12,12
41802,61,65,-4,4
41803,148,123,25,25
41804,72,62,10,10
41805,108,117,-9,9
41806,97,111,-14,14
41807,134,125,9,9
41808,50,45,5,5
41809,66,75,-9,9
41810,61,67,-6,6
41811,91,95,-4,4
41812,133,133,0,0
41813,131,119,12,12
41814,67,84,-17,17
41815,112,119,-7,7
41816,100,128,-28,28
41817,193,140,53,53
41818,90,97,-7,7
41819,77,79,-2,2
41820,80,77,3,3
41821,117,113,4,4
41822,87,94,-7,7
41823,64,68,-4,4
41824,61,54,7,7
41825,120,128,-8,8
41826,119,126,-7,7
41827,137,135,2,2
41828,54,78,-24,24
41829,162,142,20,20
41830,152,161,-9,9
41831,69,57,12,12
41832,80,91,-11,11
41833,92,103,-11,11
41834,96,112,-16,16
41835,107,109,-2,2
41836,71,57,14,14
41837,83,91,-8,8
41838,89,96,-7,7
41839,121,116,5,5
41840,81,70,11,11
41841,112,114,-2,2
41842,147,131,16,16
41843,62,67,-5,5
41844,129,118,11,11
41845,74,91,-17,17
41846,168,148,20,20
41847,47,30,17,17
41848,128,132,-4,4
41849,49,56,-7,7
41850,56,70,-14,14
41851,89,84,5,5
41852,67,74,-7,7
41853,68,71,-3,3
41854,114,113,1,1
41855,137,113,24,24
41856,122,120,2,2
41857,74,76,-2,2
41858,67,50,17,17
41859,129,128,1,1
41860,139,146,-7,7
41861,62,73,-11,11
41862,100,93,7,7
41863,88,103,-15,15
41864,64,76,-12,12
41865,92,87,5,5
41866,119,141,-22,22
41867,81,98,-17,17
41868,59,59,0,0
41869,106,100,6,6
41870,94,20,74,74
41871,112,114,-2,2
41872,80,96,-16,16
41873,101,110,-9,9
41874,135,126,9,9
41875,135,118,17,17
41876,104,91,13,13
41877,85,88,-3,3
41878,176,148,28,28
41879,79,77,2,2
41880,69,74,-5,5
41881,41,26,15,15
41882,47,45,2,2
41883,67,68,-1,1
41884,69,79,-10,10
41885,51,54,-3,3
41886,73,85,-12,12
41887,108,89,19,19
41888,47,36,11,11
41889,120,131,-11,11
41890,117,112,5,5
41891,91,110,-19,19
41892,110,119,-9,9
41893,82,79,3,3
41894,97,86,11,11
41895,92,83,9,9
41896,72,69,3,3
41897,74,90,-16,16
41898,80,99,-19,19
41899,49,39,10,10
41900,133,136,-3,3
41901,85,96,-11,11
41902,116,117,-1,1
41903,72,90,-18,18
41904,125,125,0,0
41905,91,93,-2,2
41906,103,107,-4,4
41907,110,103,7,7
41908,102,120,-18,18
41909,111,109,2,2
41910,50,64,-14,14
41911,50,51,-1,1
41912,106,108,-2,2
41913,79,80,-1,1
41914,138,134,4,4
41915,110,117,-7,7
41916,59,63,-4,4
41917,72,91,-19,19
41918,190,162,28,28
41919,93,87,6,6
41920,47,52,-5,5
41921,46,43,3,3
41922,135,136,-1,1
41923,56,71,-15,15
41924,67,75,-8,8
41925,101,122,-21,21
41926,78,77,1,1
41927,61,93,-32,32
41928,43,78,-35,35
41929,142,108,34,34
41930,88,92,-4,4
41931,119,127,-8,8
41932,146,127,19,19
41933,93,104,-11,11
41934,109,106,3,3
41935,105,105,0,0
41936,98,101,-3,3
41937,75,69,6,6
41938,78,75,3,3
41939,101,123,-22,22
41940,88,108,-20,20
41941,133,123,10,10
41942,66,64,2,2
41943,101,94,7,7
41944,94,85,9,9
41945,86,78,8,8
41946,95,93,2,2
41947,96,107,-11,11
41948,83,83,0,0
41949,119,102,17,17
41950,116,119,-3,3
41951,92,90,2,2
41952,89,93,-4,4
41953,215,240,-25,25
41954,96,99,-3,3
41955,138,121,17,17
41956,73,76,-3,3
41957,72,70,2,2
41958,83,95,-12,12
41959,119,113,6,6
41960,83,74,9,9
41961,140,140,0,0
41962,164,145,19,19
41963,105,98,7,7
41964,109,92,17,17
41965,100,102,-2,2
41966,95,99,-4,4
41967,85,79,6,6
41968,83,89,-6,6
41969,148,143,5,5
41970,95,115,-20,20
41971,110,132,-22,22
41972,104,109,-5,5
41973,125,140,-15,15
41974,110,128,-18,18
41975,109,110,-1,1
41976,87,86,1,1
41977,166,138,28,28
41978,68,85,-17,17
41979,104,94,10,10
41980,127,114,13,13
41981,60,65,-5,5
41982,106,103,3,3
41983,58,48,10,10
41984,59,52,7,7
41985,98,115,-17,17
41986,150,148,2,2
41987,107,106,1,1
41988,75,86,-11,11
41989,95,102,-7,7
41990,82,86,-4,4
41991,101,87,14,14
41992,63,62,1,1
41993,81,57,24,24
41994,60,67,-7,7
41995,121,118,3,3
41996,110,102,8,8
41997,73,82,-9,9
41998,62,68,-6,6
41999,66,82,-16,16
42000,87,83,4,4
42001,130,127,3,3
42002,84,102,-18,18
42003,142,136,6,6
42004,61,72,-11,11
42005,109,89,20,20
42006,147,144,3,3
42007,37,51,-14,14
42008,246,192,54,54
42009,61,69,-8,8
42010,111,111,0,0
42011,92,97,-5,5
42012,133,140,-7,7
42013,161,158,3,3
42014,128,126,2,2
42015,73,64,9,9
42016,115,124,-9,9
42017,159,153,6,6
42018,75,71,4,4
42019,85,91,-6,6
42020,79,81,-2,2
42021,103,107,-4,4
42022,109,116,-7,7
42023,89,91,-2,2
42024,158,154,4,4
42025,86,91,-5,5
42026,114,101,13,13
42027,145,141,4,4
42028,83,77,6,6
42029,142,141,1,1
42030,48,52,-4,4
42031,69,72,-3,3
42032,90,107,-17,17
42033,152,144,8,8
42034,72,66,6,6
42035,93,99,-6,6
42036,59,69,-10,10
42037,142,140,2,2
42038,95,85,10,10
42039,152,135,17,17
42040,87,82,5,5
42041,79,49,30,30
42042,80,97,-17,17
42043,89,101,-12,12
42044,74,70,4,4
42045,78,85,-7,7
42046,100,82,18,18
42047,92,90,2,2
42048,135,123,12,12
42049,112,113,-1,1
42050,109,112,-3,3
42051,86,74,12,12
42052,80,66,14,14
42053,92,115,-23,23
42054,93,107,-14,14
42055,111,118,-7,7
42056,64,66,-2,2
42057,96,65,31,31
42058,79,97,-18,18
42059,148,162,-14,14
42060,74,90,-16,16
42061,91,81,10,10
42062,85,91,-6,6
42063,104,96,8,8
42064,132,126,6,6
42065,75,97,-22,22
42066,175,165,10,10
42067,77,67,10,10
42068,92,98,-6,6
42069,150,146,4,4
42070,35,54,-19,19
42071,79,76,3,3
42072,57,79,-22,22
42073,70,54,16,16
42074,117,135,-18,18
42075,84,83,1,1
42076,51,111,-60,60
42077,88,118,-30,30
42078,83,78,5,5
42079,89,79,10,10
42080,79,78,1,1
42081,76,73,3,3
42082,50,48,2,2
42083,102,117,-15,15
42084,111,129,-18,18
42085,82,89,-7,7
42086,114,139,-25,25
42087,99,52,47,47
42088,111,106,5,5
42089,99,99,0,0
42090,68,70,-2,2
42091,159,136,23,23
42092,78,75,3,3
42093,43,57,-14,14
42094,64,70,-6,6
42095,77,80,-3,3
42096,38,51,-13,13
42097,39,30,9,9
42098,87,116,-29,29
42099,89,85,4,4
42100,101,100,1,1
42101,115,114,1,1
42102,101,92,9,9
42103,52,52,0,0
42104,68,66,2,2
42105,57,61,-4,4
42106,97,103,-6,6
42107,80,82,-2,2
42108,95,94,1,1
42109,155,148,7,7
42110,74,85,-11,11
42111,104,107,-3,3
42112,63,70,-7,7
42113,28,39,-11,11
42114,96,79,17,17
42115,104,118,-14,14
42116,118,113,5,5
42117,81,71,10,10
42118,58,47,11,11
42119,85,92,-7,7
42120,59,79,-20,20
42121,91,107,-16,16
42122,120,117,3,3
42123,58,76,-18,18
42124,89,92,-3,3
42125,101,119,-18,18
42126,89,72,17,17
42127,68,71,-3,3
42128,122,114,8,8
42129,71,85,-14,14
42130,71,75,-4,4
42131,75,111,-36,36
42132,130,146,-16,16
42133,103,104,-1,1
42134,114,120,-6,6
42135,145,144,1,1
42136,108,105,3,3
42137,102,107,-5,5
42138,107,117,-10,10
42139,97,106,-9,9
42140,94,96,-2,2
42141,70,77,-7,7
42142,91,105,-14,14
42143,92,109,-17,17
42144,60,79,-19,19
42145,83,92,-9,9
42146,92,92,0,0
42147,106,101,5,5
42148,47,55,-8,8
42149,72,89,-17,17
42150,137,126,11,11
42151,69,83,-14,14
42152,69,68,1,1
42153,123,133,-10,10
42154,77,85,-8,8
42155,74,62,12,12
42156,144,155,-11,11
42157,132,132,0,0
42158,109,104,5,5
42159,93,102,-9,9
42160,56,53,3,3
42161,125,122,3,3
42162,54,60,-6,6
42163,127,113,14,14
42164,96,115,-19,19
42165,106,90,16,16
42166,98,101,-3,3
42167,97,86,11,11
42168,65,64,1,1
42169,91,84,7,7
42170,90,90,0,0
42171,135,120,15,15
42172,109,128,-19,19
42173,101,114,-13,13
42174,80,78,2,2
42175,105,110,-5,5
42176,64,71,-7,7
42177,155,144,11,11
42178,119,126,-7,7
42179,76,72,4,4
42180,122,108,14,14
42181,59,73,-14,14
42182,63,57,6,6
42183,92,103,-11,11
42184,101,106,-5,5
42185,100,100,0,0
42186,88,103,-15,15
42187,98,106,-8,8
42188,153,141,12,12
42189,92,88,4,4
42190,76,72,4,4
42191,110,90,20,20
42192,86,71,15,15
42193,130,143,-13,13
42194,126,142,-16,16
42195,78,68,10,10
42196,77,41,36,36
42197,104,93,11,11
42198,126,149,-23,23
42199,79,65,14,14
42200,117,100,17,17
42201,45,50,-5,5
42202,100,110,-10,10
42203,83,105,-22,22
42204,134,122,12,12
42205,83,94,-11,11
42206,90,110,-20,20
42207,86,66,20,20
42208,89,86,3,3
42209,60,35,25,25
42210,78,81,-3,3
42211,120,129,-9,9
42212,72,74,-2,2
42213,104,105,-1,1
42214,188,151,37,37
42215,93,101,-8,8
42216,159,148,11,11
42217,80,77,3,3
42218,96,103,-7,7
42219,114,115,-1,1
42220,113,104,9,9
42221,62,73,-11,11
42222,140,133,7,7
42223,157,149,8,8
42224,61,72,-11,11
42225,95,115,-20,20
42226,130,130,0,0
42227,134,135,-1,1
42228,84,93,-9,9
42229,83,79,4,4
42230,96,101,-5,5
42231,85,86,-1,1
42232,117,123,-6,6
42233,49,55,-6,6
42234,55,58,-3,3
42235,116,95,21,21
42236,65,70,-5,5
42237,86,65,21,21
42238,58,90,-32,32
42239,55,72,-17,17
42240,109,108,1,1
42241,109,100,9,9
42242,115,111,4,4
42243,131,111,20,20
42244,79,84,-5,5
42245,74,77,-3,3
42246,114,109,5,5
42247,125,118,7,7
42248,90,82,8,8
42249,81,80,1,1
42250,109,103,6,6
42251,90,91,-1,1
42252,58,88,-30,30
42253,67,72,-5,5
42254,88,80,8,8
42255,71,98,-27,27
42256,118,134,-16,16
42257,109,113,-4,4
42258,75,99,-24,24
42259,38,41,-3,3
42260,173,138,35,35
42261,153,146,7,7
42262,66,54,12,12
42263,58,76,-18,18
42264,44,52,-8,8
42265,86,83,3,3
42266,100,88,12,12
42267,86,93,-7,7
42268,106,113,-7,7
42269,80,89,-9,9
42270,84,88,-4,4
42271,76,69,7,7
42272,96,89,7,7
42273,90,86,4,4
42274,116,128,-12,12
42275,196,155,41,41
42276,103,105,-2,2
42277,95,99,-4,4
42278,68,69,-1,1
42279,96,81,15,15
42280,109,103,6,6
42281,86,77,9,9
42282,174,181,-7,7
42283,78,88,-10,10
42284,47,51,-4,4
42285,96,89,7,7
42286,92,93,-1,1
42287,79,59,20,20
42288,85,69,16,16
42289,113,127,-14,14
42290,96,110,-14,14
42291,80,86,-6,6
42292,43,33,10,10
42293,93,104,-11,11
42294,63,70,-7,7
42295,96,88,8,8
42296,103,104,-1,1
42297,53,49,4,4
42298,99,108,-9,9
42299,79,76,3,3
42300,70,79,-9,9
42301,106,99,7,7
42302,104,142,-38,38
42303,141,148,-7,7
42304,99,85,14,14
42305,96,86,10,10
42306,55,62,-7,7
42307,99,102,-3,3
42308,116,106,10,10
42309,64,93,-29,29
42310,152,138,14,14
42311,63,62,1,1
42312,78,83,-5,5
42313,123,139,-16,16
42314,126,131,-5,5
42315,79,75,4,4
42316,92,73,19,19
42317,94,104,-10,10
42318,200,197,3,3
42319,157,136,21,21
42320,80,78,2,2
42321,57,63,-6,6
42322,141,138,3,3
42323,60,68,-8,8
42324,85,82,3,3
42325,54,63,-9,9
42326,159,173,-14,14
42327,150,138,12,12
42328,87,92,-5,5
42329,47,59,-12,12
42330,96,94,2,2
42331,82,92,-10,10
42332,74,94,-20,20
42333,120,122,-2,2
42334,109,92,17,17
42335,86,106,-20,20
42336,129,124,5,5
42337,196,204,-8,8
42338,178,170,8,8
42339,105,97,8,8
42340,61,61,0,0
42341,67,79,-12,12
42342,109,99,10,10
42343,111,126,-15,15
42344,52,68,-16,16
42345,89,69,20,20
42346,71,82,-11,11
42347,111,125,-14,14
42348,40,34,6,6
42349,79,96,-17,17
42350,99,82,17,17
42351,96,98,-2,2
42352,63,42,21,21
42353,103,128,-25,25
42354,97,115,-18,18
42355,90,103,-13,13
42356,119,112,7,7
42357,176,173,3,3
42358,97,102,-5,5
42359,131,126,5,5
42360,86,89,-3,3
42361,77,73,4,4
42362,84,80,4,4
42363,70,78,-8,8
42364,109,98,11,11
42365,121,117,4,4
42366,125,138,-13,13
42367,150,133,17,17
42368,103,110,-7,7
42369,151,133,18,18
42370,58,58,0,0
42371,64,75,-11,11
42372,122,123,-1,1
42373,104,99,5,5
42374,92,80,12,12
42375,100,116,-16,16
42376,142,132,10,10
42377,93,94,-1,1
42378,120,123,-3,3
42379,75,76,-1,1
42380,106,110,-4,4
42381,60,46,14,14
42382,83,79,4,4
42383,98,105,-7,7
42384,56,50,6,6
42385,37,33,4,4
42386,97,99,-2,2
42387,152,148,4,4
42388,97,96,1,1
42389,76,78,-2,2
42390,80,95,-15,15
42391,56,59,-3,3
42392,108,89,19,19
42393,128,75,53,53
42394,117,116,1,1
42395,103,95,8,8
42396,31,50,-19,19
42397,84,93,-9,9
42398,92,95,-3,3
42399,115,131,-16,16
42400,128,129,-1,1
42401,128,123,5,5
42402,75,91,-16,16
42403,72,111,-39,39
42404,95,79,16,16
42405,56,60,-4,4
42406,83,114,-31,31
42407,97,104,-7,7
42408,109,105,4,4
42409,126,121,5,5
42410,135,139,-4,4
42411,75,88,-13,13
42412,73,83,-10,10
42413,89,52,37,37
42414,94,92,2,2
42415,81,84,-3,3
42416,78,90,-12,12
42417,79,85,-6,6
42418,78,85,-7,7
42419,105,112,-7,7
42420,112,111,1,1
42421,75,63,12,12
42422,98,101,-3,3
42423,94,92,2,2
42424,56,76,-20,20
42425,92,61,31,31
42426,68,59,9,9
42427,104,99,5,5
42428,144,127,17,17
42429,50,47,3,3
42430,51,66,-15,15
42431,61,80,-19,19
42432,83,92,-9,9
42433,28,26,2,2
42434,99,110,-11,11
42435,83,91,-8,8
42436,162,158,4,4
42437,104,92,12,12
42438,88,83,5,5
42439,95,87,8,8
42440,116,120,-4,4
42441,144,128,16,16
42442,69,39,30,30
42443,102,112,-10,10
42444,116,120,-4,4
42445,61,62,-1,1
42446,108,103,5,5
42447,55,54,1,1
42448,142,139,3,3
42449,156,150,6,6
42450,129,118,11,11
42451,180,142,38,38
42452,111,131,-20,20
42453,179,171,8,8
42454,89,56,33,33
42455,114,113,1,1
42456,96,82,14,14
42457,117,124,-7,7
42458,64,81,-17,17
42459,57,57,0,0
42460,54,73,-19,19
42461,95,88,7,7
42462,89,95,-6,6
42463,109,94,15,15
42464,76,86,-10,10
42465,67,86,-19,19
42466,65,71,-6,6
42467,76,77,-1,1
42468,92,96,-4,4
42469,92,85,7,7
42470,74,65,9,9
42471,92,81,11,11
42472,80,83,-3,3
42473,89,99,-10,10
42474,43,51,-8,8
42475,69,72,-3,3
42476,88,95,-7,7
42477,84,93,-9,9
42478,115,115,0,0
42479,56,51,5,5
42480,95,108,-13,13
42481,80,94,-14,14
42482,80,87,-7,7
42483,98,95,3,3
42484,49,49,0,0
42485,91,105,-14,14
42486,64,75,-11,11
42487,53,47,6,6
42488,85,85,0,0
42489,98,100,-2,2
42490,100,84,16,16
42491,69,80,-11,11
42492,48,48,0,0
42493,105,92,13,13
42494,163,152,11,11
42495,150,151,-1,1
42496,85,76,9,9
42497,128,124,4,4
42498,99,97,2,2
42499,103,96,7,7
42500,128,125,3,3
42501,107,111,-4,4
42502,55,68,-13,13
42503,84,104,-20,20
42504,90,96,-6,6
42505,90,102,-12,12
42506,72,84,-12,12
42507,91,106,-15,15
42508,87,109,-22,22
42509,84,93,-9,9
42510,42,53,-11,11
42511,65,62,3,3
42512,131,127,4,4
42513,48,71,-23,23
42514,109,99,10,10
42515,85,102,-17,17
42516,66,49,17,17
42517,83,80,3,3
42518,46,42,4,4
42519,141,135,6,6
42520,59,70,-11,11
42521,87,92,-5,5
42522,84,91,-7,7
42523,86,98,-12,12
42524,127,120,7,7
42525,111,117,-6,6
42526,102,115,-13,13
42527,65,61,4,4
42528,70,74,-4,4
42529,61,72,-11,11
42530,104,107,-3,3
42531,111,106,5,5
42532,202,144,58,58
42533,100,86,14,14
42534,136,131,5,5
42535,35,40,-5,5
42536,40,36,4,4
42537,115,114,1,1
42538,116,123,-7,7
42539,72,56,16,16
42540,108,108,0,0
42541,106,121,-15,15
42542,62,70,-8,8
42543,127,123,4,4
42544,94,90,4,4
42545,89,77,12,12
42546,70,87,-17,17
42547,72,79,-7,7
42548,98,81,17,17
42549,96,90,6,6
42550,108,119,-11,11
42551,142,131,11,11
42552,77,85,-8,8
42553,67,62,5,5
42554,81,90,-9,9
42555,54,57,-3,3
42556,124,125,-1,1
42557,110,95,15,15
42558,101,103,-2,2
42559,86,92,-6,6
42560,117,125,-8,8
42561,111,116,-5,5
42562,136,132,4,4
42563,78,89,-11,11
42564,62,75,-13,13
42565,231,200,31,31
42566,180,165,15,15
42567,91,107,-16,16
42568,134,138,-4,4
42569,80,73,7,7
42570,100,113,-13,13
42571,123,125,-2,2
42572,109,113,-4,4
42573,70,68,2,2
42574,57,61,-4,4
42575,148,130,18,18
42576,76,96,-20,20
42577,70,79,-9,9
42578,82,89,-7,7
42579,102,113,-11,11
42580,198,195,3,3
42581,56,43,13,13
42582,94,95,-1,1
42583,97,99,-2,2
42584,103,103,0,0
42585,81,74,7,7
42586,102,103,-1,1
42587,85,63,22,22
42588,165,152,13,13
42589,50,54,-4,4
42590,124,124,0,0
42591,101,97,4,4
42592,79,80,-1,1
42593,138,150,-12,12
42594,191,120,71,71
42595,162,139,23,23
42596,126,124,2,2
42597,103,113,-10,10
42598,49,61,-12,12
42599,113,116,-3,3
42600,100,107,-7,7
42601,118,121,-3,3
42602,117,125,-8,8
42603,84,90,-6,6
42604,110,107,3,3
42605,128,117,11,11
42606,105,97,8,8
42607,59,35,24,24
42608,91,90,1,1
42609,68,61,7,7
42610,72,88,-16,16
42611,135,138,-3,3
42612,79,113,-34,34
42613,107,120,-13,13
42614,30,20,10,10
42615,70,85,-15,15
42616,105,107,-2,2
42617,92,96,-4,4
42618,177,149,28,28
42619,84,93,-9,9
42620,67,73,-6,6
42621,150,127,23,23
42622,65,89,-24,24
42623,69,81,-12,12
42624,94,93,1,1
42625,87,72,15,15
42626,73,88,-15,15
42627,70,80,-10,10
42628,93,96,-3,3
42629,110,126,-16,16
42630,87,84,3,3
42631,109,121,-12,12
42632,71,86,-15,15
42633,103,112,-9,9
42634,152,149,3,3
42635,70,85,-15,15
42636,125,117,8,8
42637,91,99,-8,8
42638,172,176,-4,4
42639,60,56,4,4
42640,99,122,-23,23
42641,61,50,11,11
42642,91,104,-13,13
42643,94,87,7,7
42644,135,133,2,2
42645,43,52,-9,9
42646,83,90,-7,7
42647,93,95,-2,2
42648,116,110,6,6
42649,131,116,15,15
42650,140,158,-18,18
42651,101,105,-4,4
42652,160,133,27,27
42653,157,118,39,39
42654,147,185,-38,38
42655,151,147,4,4
42656,162,161,1,1
42657,52,104,-52,52
42658,77,30,47,47
42659,86,80,6,6
42660,86,97,-11,11
42661,91,91,0,0
42662,118,116,2,2
42663,103,88,15,15
42664,103,120,-17,17
42665,74,73,1,1
42666,119,117,2,2
42667,89,73,16,16
42668,107,101,6,6
42669,109,146,-37,37
42670,85,88,-3,3
42671,70,78,-8,8
42672,86,89,-3,3
42673,105,112,-7,7
42674,98,113,-15,15
42675,75,76,-1,1
42676,50,54,-4,4
42677,67,57,10,10
42678,76,73,3,3
42679,80,96,-16,16
42680,124,129,-5,5
42681,60,76,-16,16
42682,73,76,-3,3
42683,52,45,7,7
42684,102,105,-3,3
42685,29,7,22,22
42686,66,71,-5,5
42687,80,65,15,15
42688,76,75,1,1
42689,107,108,-1,1
42690,68,60,8,8
42691,129,126,3,3
42692,51,42,9,9
42693,131,134,-3,3
42694,73,77,-4,4
42695,157,152,5,5
42696,96,103,-7,7
42697,19,51,-32,32
42698,109,101,8,8
42699,67,51,16,16
42700,132,133,-1,1
42701,156,136,20,20
42702,85,101,-16,16
42703,90,77,13,13
42704,85,84,1,1
42705,44,65,-21,21
42706,150,137,13,13
42707,65,70,-5,5
42708,91,96,-5,5
42709,63,84,-21,21
42710,80,86,-6,6
42711,163,166,-3,3
42712,110,107,3,3
42713,100,109,-9,9
42714,89,81,8,8
42715,51,49,2,2
42716,97,106,-9,9
42717,82,73,9,9
42718,85,86,-1,1
42719,73,73,0,0
42720,80,77,3,3
42721,50,51,-1,1
42722,81,93,-12,12
42723,68,68,0,0
42724,76,85,-9,9
42725,75,64,11,11
42726,82,90,-8,8
42727,78,83,-5,5
42728,53,71,-18,18
42729,55,58,-3,3
42730,41,19,22,22
42731,95,107,-12,12
42732,55,47,8,8
42733,99,119,-20,20
42734,64,69,-5,5
42735,93,101,-8,8
42736,61,50,11,11
42737,95,91,4,4
42738,116,123,-7,7
42739,83,74,9,9
42740,82,74,8,8
42741,137,112,25,25
42742,69,84,-15,15
42743,69,68,1,1
42744,60,52,8,8
42745,81,109,-28,28
42746,128,131,-3,3
42747,78,68,10,10
42748,79,97,-18,18
42749,74,93,-19,19
42750,69,74,-5,5
42751,140,128,12,12
42752,108,121,-13,13
42753,61,68,-7,7
42754,142,145,-3,3
42755,42,37,5,5
42756,68,48,20,20
42757,74,79,-5,5
42758,94,100,-6,6
42759,164,149,15,15
42760,77,74,3,3
42761,94,90,4,4
42762,192,166,26,26
42763,121,124,-3,3
42764,61,70,-9,9
42765,120,133,-13,13
42766,103,101,2,2
42767,89,86,3,3
42768,100,99,1,1
42769,97,98,-1,1
42770,64,63,1,1
42771,165,156,9,9
42772,74,68,6,6
42773,65,74,-9,9
42774,39,84,-45,45
42775,183,167,16,16
42776,82,77,5,5
42777,111,112,-1,1
42778,150,148,2,2
42779,89,92,-3,3
42780,116,116,0,0
42781,106,112,-6,6
42782,129,142,-13,13
42783,59,70,-11,11
42784,161,135,26,26
42785,108,129,-21,21
42786,63,72,-9,9
42787,114,111,3,3
42788,80,91,-11,11
42789,81,93,-12,12
42790,72,75,-3,3
42791,99,99,0,0
42792,98,85,13,13
42793,111,102,9,9
42794,120,94,26,26
42795,119,121,-2,2
42796,69,84,-15,15
42797,137,129,8,8
42798,130,136,-6,6
42799,106,103,3,3
42800,58,63,-5,5
42801,144,134,10,10
42802,117,121,-4,4
42803,146,150,-4,4
42804,137,143,-6,6
42805,116,127,-11,11
42806,86,74,12,12
42807,89,78,11,11
42808,107,123,-16,16
42809,108,114,-6,6
42810,109,96,13,13
42811,53,55,-2,2
42812,79,74,5,5
42813,59,65,-6,6
42814,84,93,-9,9
42815,156,136,20,20
42816,121,117,4,4
42817,66,83,-17,17
42818,74,83,-9,9
42819,47,51,-4,4
42820,106,104,2,2
42821,98,93,5,5
42822,68,67,1,1
42823,58,65,-7,7
42824,86,81,5,5
42825,87,92,-5,5
42826,85,96,-11,11
42827,143,140,3,3
42828,168,145,23,23
42829,63,67,-4,4
42830,72,124,-52,52
42831,170,162,8,8
42832,139,157,-18,18
42833,104,98,6,6
42834,66,65,1,1
42835,78,89,-11,11
42836,66,35,31,31
42837,78,74,4,4
42838,178,160,18,18
42839,176,160,16,16
42840,77,85,-8,8
42841,51,59,-8,8
42842,112,64,48,48
42843,110,118,-8,8
42844,140,141,-1,1
42845,120,117,3,3
42846,88,100,-12,12
42847,85,94,-9,9
42848,166,158,8,8
42849,71,81,-10,10
42850,112,123,-11,11
42851,73,78,-5,5
42852,80,95,-15,15
42853,113,125,-12,12
42854,62,70,-8,8
42855,94,115,-21,21
42856,145,156,-11,11
42857,131,136,-5,5
42858,103,107,-4,4
42859,98,92,6,6
42860,84,73,11,11
42861,133,104,29,29
42862,144,141,3,3
42863,141,133,8,8
42864,119,120,-1,1
42865,87,86,1,1
42866,79,86,-7,7
42867,63,71,-8,8
42868,89,95,-6,6
42869,38,42,-4,4
42870,99,105,-6,6
42871,114,105,9,9
42872,129,121,8,8
42873,155,158,-3,3
42874,87,74,13,13
42875,70,73,-3,3
42876,112,99,13,13
42877,137,140,-3,3
42878,92,75,17,17
42879,145,137,8,8
42880,154,135,19,19
42881,130,129,1,1
42882,45,96,-51,51
42883,63,56,7,7
42884,58,62,-4,4
42885,96,107,-11,11
42886,102,94,8,8
42887,118,127,-9,9
42888,119,124,-5,5
42889,75,77,-2,2
42890,115,110,5,5
42891,94,95,-1,1
42892,108,102,6,6
42893,101,96,5,5
42894,136,144,-8,8
42895,110,111,-1,1
42896,127,122,5,5
42897,94,77,17,17
42898,124,110,14,14
42899,68,86,-18,18
42900,128,111,17,17
42901,138,142,-4,4
42902,83,85,-2,2
42903,125,108,17,17
42904,63,89,-26,26
42905,133,105,28,28
42906,77,80,-3,3
42907,94,104,-10,10
42908,116,109,7,7
42909,93,100,-7,7
42910,84,102,-18,18
42911,125,123,2,2
42912,123,127,-4,4
42913,92,92,0,0
42914,155,140,15,15
42915,86,175,-89,89
42916,75,77,-2,2
42917,74,66,8,8
42918,78,90,-12,12
42919,96,77,19,19
42920,113,128,-15,15
42921,139,155,-16,16
42922,95,84,11,11
42923,83,95,-12,12
42924,128,145,-17,17
42925,102,100,2,2
42926,124,134,-10,10
42927,71,71,0,0
42928,63,67,-4,4
42929,71,68,3,3
42930,131,142,-11,11
42931,115,134,-19,19
42932,91,90,1,1
42933,92,99,-7,7
42934,59,60,-1,1
42935,138,140,-2,2
42936,71,78,-7,7
42937,53,103,-50,50
42938,103,104,-1,1
42939,85,86,-1,1
42940,92,103,-11,11
42941,109,124,-15,15
42942,74,74,0,0
42943,100,89,11,11
42944,111,128,-17,17
42945,112,114,-2,2
42946,112,103,9,9
42947,31,24,7,7
42948,57,62,-5,5
42949,194,181,13,13
42950,75,71,4,4
42951,119,101,18,18
42952,106,108,-2,2
42953,89,77,12,12
42954,75,54,21,21
42955,77,82,-5,5
42956,68,81,-13,13
42957,48,32,16,16
42958,53,57,-4,4
42959,91,84,7,7
42960,90,109,-19,19
42961,57,74,-17,17
42962,81,82,-1,1
42963,113,130,-17,17
42964,89,78,11,11
42965,74,70,4,4
42966,89,90,-1,1
42967,73,75,-2,2
42968,54,75,-21,21
42969,77,84,-7,7
42970,108,99,9,9
42971,59,74,-15,15
42972,218,185,33,33
42973,118,133,-15,15
42974,86,95,-9,9
42975,153,147,6,6
42976,123,118,5,5
42977,117,124,-7,7
42978,51,45,6,6
42979,77,75,2,2
42980,59,59,0,0
42981,69,75,-6,6
42982,67,62,5,5
42983,83,85,-2,2
42984,137,128,9,9
42985,96,83,13,13
42986,68,69,-1,1
42987,91,79,12,12
42988,81,89,-8,8
42989,79,93,-14,14
42990,50,44,6,6
42991,78,71,7,7
42992,32,30,2,2
42993,64,63,1,1
42994,80,81,-1,1
42995,99,90,9,9
42996,131,147,-16,16
42997,48,49,-1,1
42998,77,56,21,21
42999,128,130,-2,2
43000,120,123,-3,3
43001,55,52,3,3
43002,79,73,6,6
43003,85,94,-9,9
43004,148,132,16,16
43005,136,140,-4,4
43006,111,133,-22,22
43007,105,153,-48,48
43008,93,62,31,31
43009,79,72,7,7
43010,87,92,-5,5
43011,69,84,-15,15
43012,109,114,-5,5
43013,156,147,9,9
43014,106,112,-6,6
43015,105,96,9,9
43016,42,36,6,6
43017,84,92,-8,8
43018,15,17,-2,2
43019,89,97,-8,8
43020,179,149,30,30
43021,65,62,3,3
43022,108,114,-6,6
43023,40,48,-8,8
43024,89,70,19,19
43025,138,128,10,10
43026,134,118,16,16
43027,102,94,8,8
43028,103,106,-3,3
43029,143,135,8,8
43030,65,70,-5,5
43031,74,79,-5,5
43032,116,105,11,11
43033,79,84,-5,5
43034,74,78,-4,4
43035,91,75,16,16
43036,99,106,-7,7
43037,64,62,2,2
43038,120,115,5,5
43039,103,85,18,18
43040,90,93,-3,3
43041,51,40,11,11
43042,96,93,3,3
43043,77,73,4,4
43044,142,138,4,4
43045,77,82,-5,5
43046,90,94,-4,4
43047,141,144,-3,3
43048,85,93,-8,8
43049,98,105,-7,7
43050,146,139,7,7
43051,120,126,-6,6
43052,107,102,5,5
43053,97,91,6,6
43054,125,135,-10,10
43055,81,86,-5,5
43056,99,113,-14,14
43057,90,96,-6,6
43058,53,39,14,14
43059,88,79,9,9
43060,70,74,-4,4
43061,57,57,0,0
43062,77,66,11,11
43063,51,73,-22,22
43064,110,122,-12,12
43065,72,83,-11,11
43066,101,101,0,0
43067,177,148,29,29
43068,153,145,8,8
43069,157,142,15,15
43070,67,89,-22,22
43071,63,66,-3,3
43072,208,189,19,19
43073,84,79,5,5
43074,69,83,-14,14
43075,110,98,12,12
43076,85,69,16,16
43077,37,30,7,7
43078,142,126,16,16
43079,82,93,-11,11
43080,81,98,-17,17
43081,94,103,-9,9
43082,143,141,2,2
43083,118,109,9,9
43084,86,100,-14,14
43085,76,47,29,29
43086,73,52,21,21
43087,131,135,-4,4
43088,53,24,29,29
43089,66,75,-9,9
43090,101,102,-1,1
43091,115,116,-1,1
43092,136,133,3,3
43093,61,87,-26,26
43094,86,95,-9,9
43095,71,81,-10,10
43096,81,91,-10,10
43097,69,81,-12,12
43098,36,43,-7,7
43099,157,150,7,7
43100,57,57,0,0
43101,73,91,-18,18
43102,185,153,32,32
43103,62,51,11,11
43104,123,125,-2,2
43105,65,66,-1,1
43106,73,67,6,6
43107,98,103,-5,5
43108,101,106,-5,5
43109,104,95,9,9
43110,83,89,-6,6
43111,58,56,2,2
43112,85,85,0,0
43113,55,58,-3,3
43114,80,81,-1,1
43115,66,59,7,7
43116,83,76,7,7
43117,107,108,-1,1
43118,104,101,3,3
43119,44,30,14,14
43120,63,73,-10,10
43121,85,81,4,4
43122,133,120,13,13
43123,59,70,-11,11
43124,130,91,39,39
43125,74,84,-10,10
43126,62,61,1,1
43127,109,101,8,8
43128,71,83,-12,12
43129,55,99,-44,44
43130,142,110,32,32
43131,117,125,-8,8
43132,110,107,3,3
43133,35,103,-68,68
43134,85,95,-10,10
43135,63,84,-21,21
43136,79,87,-8,8
43137,101,91,10,10
43138,73,87,-14,14
43139,150,162,-12,12
43140,164,154,10,10
43141,121,128,-7,7
43142,56,53,3,3
43143,82,90,-8,8
43144,115,131,-16,16
43145,103,96,7,7
43146,80,76,4,4
43147,90,83,7,7
43148,103,105,-2,2
43149,122,119,3,3
43150,113,123,-10,10
43151,62,70,-8,8
43152,120,134,-14,14
43153,94,107,-13,13
43154,93,87,6,6
43155,52,47,5,5
43156,89,85,4,4
43157,72,62,10,10
43158,65,62,3,3
43159,92,90,2,2
43160,59,55,4,4
43161,86,74,12,12
43162,119,88,31,31
43163,64,72,-8,8
43164,142,121,21,21
43165,80,91,-11,11
43166,68,48,20,20
43167,85,95,-10,10
43168,69,79,-10,10
43169,157,124,33,33
43170,120,108,12,12
43171,135,134,1,1
43172,72,59,13,13
43173,99,87,12,12
43174,88,102,-14,14
43175,101,97,4,4
43176,72,75,-3,3
43177,166,162,4,4
43178,49,67,-18,18
43179,89,87,2,2
43180,113,111,2,2
43181,113,107,6,6
43182,85,90,-5,5
43183,67,91,-24,24
43184,89,103,-14,14
43185,63,70,-7,7
43186,52,132,-80,80
43187,127,137,-10,10
43188,106,108,-2,2
43189,120,86,34,34
43190,97,128,-31,31
43191,57,66,-9,9
43192,68,93,-25,25
43193,105,121,-16,16
43194,106,133,-27,27
43195,133,140,-7,7
43196,63,68,-5,5
43197,58,69,-11,11
43198,106,113,-7,7
43199,103,99,4,4
43200,71,70,1,1
43201,103,103,0,0
43202,42,45,-3,3
43203,91,95,-4,4
43204,103,123,-20,20
43205,90,87,3,3
43206,103,105,-2,2
43207,111,123,-12,12
43208,132,121,11,11
43209,115,109,6,6
43210,121,134,-13,13
43211,122,116,6,6
43212,132,135,-3,3
43213,32,39,-7,7
43214,110,113,-3,3
43215,87,89,-2,2
43216,135,131,4,4
43217,102,95,7,7
43218,82,73,9,9
43219,131,123,8,8
43220,102,116,-14,14
43221,52,52,0,0
43222,100,118,-18,18
43223,100,96,4,4
43224,90,94,-4,4
43225,85,94,-9,9
43226,61,61,0,0
43227,154,175,-21,21
43228,137,123,14,14
43229,107,86,21,21
43230,98,105,-7,7
43231,92,63,29,29
43232,191,171,20,20
43233,113,123,-10,10
43234,104,107,-3,3
43235,62,62,0,0
43236,80,84,-4,4
43237,50,44,6,6
43238,100,89,11,11
43239,126,137,-11,11
43240,113,106,7,7
43241,69,75,-6,6
43242,62,59,3,3
43243,52,57,-5,5
43244,118,122,-4,4
43245,59,67,-8,8
43246,40,40,0,0
43247,93,99,-6,6
43248,105,113,-8,8
43249,127,121,6,6
43250,84,102,-18,18
43251,93,92,1,1
43252,121,133,-12,12
43253,94,94,0,0
43254,64,67,-3,3
43255,109,109,0,0
43256,123,140,-17,17
43257,130,119,11,11
43258,138,138,0,0
43259,67,72,-5,5
43260,99,77,22,22
43261,84,81,3,3
43262,112,128,-16,16
43263,103,100,3,3
43264,60,59,1,1
43265,90,129,-39,39
43266,131,132,-1,1
43267,47,47,0,0
43268,90,83,7,7
43269,81,85,-4,4
43270,84,84,0,0
43271,81,73,8,8
43272,105,130,-25,25
43273,67,71,-4,4
43274,86,82,4,4
43275,140,143,-3,3
43276,78,66,12,12
43277,96,96,0,0
43278,102,104,-2,2
43279,43,49,-6,6
43280,71,87,-16,16
43281,91,105,-14,14
43282,84,99,-15,15
43283,125,127,-2,2
43284,50,65,-15,15
43285,90,91,-1,1
43286,68,68,0,0
43287,129,129,0,0
43288,133,132,1,1
43289,72,95,-23,23
43290,150,144,6,6
43291,179,165,14,14
43292,96,99,-3,3
43293,72,77,-5,5
43294,178,160,18,18
43295,89,93,-4,4
43296,129,105,24,24
43297,84,81,3,3
43298,87,86,1,1
43299,82,86,-4,4
43300,82,109,-27,27
43301,91,103,-12,12
43302,112,118,-6,6
43303,88,95,-7,7
43304,100,116,-16,16
43305,164,157,7,7
43306,89,89,0,0
43307,72,83,-11,11
43308,111,119,-8,8
43309,123,138,-15,15
43310,163,125,38,38
43311,65,73,-8,8
43312,130,128,2,2
43313,145,141,4,4
43314,92,95,-3,3
43315,50,65,-15,15
43316,73,102,-29,29
43317,57,64,-7,7
43318,89,59,30,30
43319,82,82,0,0
43320,67,73,-6,6
43321,91,104,-13,13
43322,112,106,6,6
43323,73,76,-3,3
43324,64,66,-2,2
43325,119,142,-23,23
43326,61,85,-24,24
43327,26,17,9,9
43328,67,72,-5,5
43329,178,165,13,13
43330,97,76,21,21
43331,132,113,19,19
43332,121,125,-4,4
43333,143,127,16,16
43334,92,110,-18,18
43335,78,85,-7,7
43336,99,103,-4,4
43337,68,73,-5,5
43338,61,61,0,0
43339,139,145,-6,6
43340,162,155,7,7
43341,86,81,5,5
43342,106,105,1,1
43343,48,43,5,5
43344,125,122,3,3
43345,123,120,3,3
43346,117,116,1,1
43347,229,208,21,21
43348,83,81,2,2
43349,72,108,-36,36
43350,130,128,2,2
43351,49,52,-3,3
43352,124,131,-7,7
43353,123,132,-9,9
43354,127,132,-5,5
43355,78,76,2,2
43356,87,93,-6,6
43357,129,121,8,8
43358,97,92,5,5
43359,129,129,0,0
43360,69,73,-4,4
43361,84,82,2,2
43362,122,118,4,4
43363,158,146,12,12
43364,77,84,-7,7
43365,86,109,-23,23
43366,100,115,-15,15
43367,93,88,5,5
43368,117,118,-1,1
43369,139,141,-2,2
43370,100,93,7,7
43371,162,149,13,13
43372,68,79,-11,11
43373,68,72,-4,4
43374,85,77,8,8
43375,105,97,8,8
43376,174,161,13,13
43377,85,88,-3,3
43378,108,115,-7,7
43379,67,77,-10,10
43380,115,126,-11,11
43381,63,54,9,9
43382,107,101,6,6
43383,99,89,10,10
43384,52,51,1,1
43385,87,83,4,4
43386,125,108,17,17
43387,64,63,1,1
43388,101,94,7,7
43389,118,121,-3,3
43390,129,134,-5,5
43391,100,100,0,0
43392,71,63,8,8
43393,70,37,33,33
43394,70,102,-32,32
43395,101,87,14,14
43396,71,75,-4,4
43397,70,73,-3,3
43398,115,92,23,23
43399,56,43,13,13
43400,106,107,-1,1
43401,125,129,-4,4
43402,104,109,-5,5
43403,84,84,0,0
43404,64,73,-9,9
43405,82,91,-9,9
43406,99,104,-5,5
43407,167,169,-2,2
43408,107,81,26,26
43409,91,72,19,19
43410,83,87,-4,4
43411,89,75,14,14
43412,92,87,5,5
43413,114,107,7,7
43414,126,109,17,17
43415,133,132,1,1
43416,51,45,6,6
43417,87,78,9,9
43418,67,50,17,17
43419,67,64,3,3
43420,142,122,20,20
43421,139,131,8,8
43422,125,109,16,16
43423,81,81,0,0
43424,210,200,10,10
43425,113,114,-1,1
43426,57,83,-26,26
43427,94,77,17,17
43428,121,101,20,20
43429,107,110,-3,3
43430,38,41,-3,3
43431,81,87,-6,6
43432,126,113,13,13
43433,248,234,14,14
43434,92,95,-3,3
43435,153,116,37,37
43436,127,126,1,1
43437,45,32,13,13
43438,81,118,-37,37
43439,164,158,6,6
43440,140,146,-6,6
43441,114,116,-2,2
43442,115,121,-6,6
43443,87,77,10,10
43444,57,66,-9,9
43445,51,45,6,6
43446,95,109,-14,14
43447,33,32,1,1
43448,128,131,-3,3
43449,101,105,-4,4
43450,75,85,-10,10
43451,138,142,-4,4
43452,136,136,0,0
43453,63,103,-40,40
43454,80,89,-9,9
43455,90,102,-12,12
43456,47,38,9,9
43457,96,111,-15,15
43458,62,49,13,13
43459,98,89,9,9
43460,140,141,-1,1
43461,84,79,5,5
43462,143,105,38,38
43463,84,92,-8,8
43464,151,133,18,18
43465,87,73,14,14
43466,107,113,-6,6
43467,118,126,-8,8
43468,60,72,-12,12
43469,82,98,-16,16
43470,167,139,28,28
43471,110,98,12,12
43472,98,95,3,3
43473,83,88,-5,5
43474,76,83,-7,7
43475,93,13,80,80
43476,102,107,-5,5
43477,76,71,5,5
43478,76,82,-6,6
43479,115,116,-1,1
43480,77,79,-2,2
43481,98,92,6,6
43482,149,147,2,2
43483,78,83,-5,5
43484,119,118,1,1
43485,121,115,6,6
43486,46,75,-29,29
43487,67,79,-12,12
43488,129,118,11,11
43489,114,119,-5,5
43490,73,84,-11,11
43491,118,117,1,1
43492,90,82,8,8
43493,165,163,2,2
43494,147,147,0,0
43495,52,41,11,11
43496,111,120,-9,9
43497,160,140,20,20
43498,88,99,-11,11
43499,105,77,28,28
43500,105,88,17,17
43501,90,100,-10,10
43502,120,128,-8,8
43503,89,76,13,13
43504,79,87,-8,8
43505,82,96,-14,14
43506,122,134,-12,12
43507,96,100,-4,4
43508,48,56,-8,8
43509,70,61,9,9
43510,65,76,-11,11
43511,78,81,-3,3
43512,133,139,-6,6
43513,48,50,-2,2
43514,90,95,-5,5
43515,54,39,15,15
43516,104,101,3,3
43517,91,85,6,6
43518,112,110,2,2
43519,63,71,-8,8
43520,113,116,-3,3
43521,99,89,10,10
43522,100,103,-3,3
43523,69,68,1,1
43524,122,114,8,8
43525,84,86,-2,2
43526,119,104,15,15
43527,103,103,0,0
43528,91,109,-18,18
43529,55,60,-5,5
43530,64,76,-12,12
43531,87,81,6,6
43532,220,189,31,31
43533,85,89,-4,4
43534,63,74,-11,11
43535,64,62,2,2
43536,109,87,22,22
43537,80,77,3,3
43538,91,95,-4,4
43539,146,125,21,21
43540,125,128,-3,3
43541,130,140,-10,10
43542,127,143,-16,16
43543,113,117,-4,4
43544,125,122,3,3
43545,84,86,-2,2
43546,111,116,-5,5
43547,138,132,6,6
43548,47,59,-12,12
43549,75,79,-4,4
43550,98,112,-14,14
43551,163,148,15,15
43552,140,130,10,10
43553,50,56,-6,6
43554,77,91,-14,14
43555,64,55,9,9
43556,76,66,10,10
43557,108,114,-6,6
43558,53,43,10,10
43559,65,87,-22,22
43560,197,177,20,20
43561,182,151,31,31
43562,71,54,17,17
43563,134,118,16,16
43564,126,121,5,5
43565,54,57,-3,3
43566,132,131,1,1
43567,86,80,6,6
43568,106,115,-9,9
43569,53,56,-3,3
43570,87,91,-4,4
43571,80,78,2,2
43572,150,143,7,7
43573,49,49,0,0
43574,137,108,29,29
43575,51,41,10,10
43576,90,87,3,3
43577,125,128,-3,3
43578,110,117,-7,7
43579,112,118,-6,6
43580,51,46,5,5
43581,105,97,8,8
43582,110,112,-2,2
43583,93,92,1,1
43584,169,168,1,1
43585,97,83,14,14
43586,97,98,-1,1
43587,89,105,-16,16
43588,75,83,-8,8
43589,119,117,2,2
43590,93,99,-6,6
43591,53,89,-36,36
43592,121,115,6,6
43593,61,67,-6,6
43594,98,106,-8,8
43595,92,87,5,5
43596,63,62,1,1
43597,101,98,3,3
43598,180,163,17,17
43599,70,57,13,13
43600,66,85,-19,19
43601,121,192,-71,71
43602,100,108,-8,8
43603,151,141,10,10
43604,44,88,-44,44
43605,93,93,0,0
43606,79,49,30,30
43607,133,133,0,0
43608,51,47,4,4
43609,111,115,-4,4
43610,83,79,4,4
43611,93,106,-13,13
43612,78,86,-8,8
43613,75,71,4,4
43614,133,133,0,0
43615,128,115,13,13
43616,98,69,29,29
43617,137,99,38,38
43618,79,79,0,0
43619,90,97,-7,7
43620,62,59,3,3
43621,170,164,6,6
43622,123,93,30,30
43623,57,52,5,5
43624,87,93,-6,6
43625,35,59,-24,24
43626,76,82,-6,6
43627,95,90,5,5
43628,63,66,-3,3
43629,74,71,3,3
43630,125,132,-7,7
43631,115,122,-7,7
43632,63,66,-3,3
43633,141,129,12,12
43634,78,87,-9,9
43635,71,85,-14,14
43636,90,92,-2,2
43637,235,209,26,26
43638,118,111,7,7
43639,65,78,-13,13
43640,98,92,6,6
43641,97,111,-14,14
43642,48,42,6,6
43643,110,108,2,2
43644,96,86,10,10
43645,119,117,2,2
43646,141,141,0,0
43647,80,79,1,1
43648,88,113,-25,25
43649,93,98,-5,5
43650,141,138,3,3
43651,59,98,-39,39
43652,98,101,-3,3
43653,66,85,-19,19
43654,91,112,-21,21
43655,90,89,1,1
43656,111,117,-6,6
43657,96,90,6,6
43658,103,68,35,35
43659,59,55,4,4
43660,68,65,3,3
43661,73,65,8,8
43662,60,69,-9,9
43663,75,91,-16,16
43664,65,70,-5,5
43665,91,98,-7,7
43666,53,68,-15,15
43667,97,98,-1,1
43668,66,56,10,10
43669,94,97,-3,3
43670,97,100,-3,3
43671,81,80,1,1
43672,134,121,13,13
43673,96,118,-22,22
43674,115,127,-12,12
43675,51,88,-37,37
43676,75,90,-15,15
43677,157,149,8,8
43678,86,92,-6,6
43679,147,149,-2,2
43680,85,76,9,9
43681,88,95,-7,7
43682,46,47,-1,1
43683,119,127,-8,8
43684,109,103,6,6
43685,142,137,5,5
43686,95,114,-19,19
43687,93,112,-19,19
43688,79,90,-11,11
43689,142,128,14,14
43690,83,83,0,0
43691,93,106,-13,13
43692,149,98,51,51
43693,114,103,11,11
43694,99,91,8,8
43695,125,133,-8,8
43696,116,63,53,53
43697,131,139,-8,8
43698,103,94,9,9
43699,79,72,7,7
43700,171,165,6,6
43701,69,84,-15,15
43702,78,90,-12,12
43703,67,79,-12,12
43704,82,80,2,2
43705,110,125,-15,15
43706,171,161,10,10
43707,46,37,9,9
43708,60,69,-9,9
43709,179,159,20,20
43710,68,63,5,5
43711,66,74,-8,8
43712,67,81,-14,14
43713,87,99,-12,12
43714,61,70,-9,9
43715,61,65,-4,4
43716,122,123,-1,1
43717,96,101,-5,5
43718,106,103,3,3
43719,54,44,10,10
43720,76,91,-15,15
43721,111,118,-7,7
43722,44,33,11,11
43723,163,162,1,1
43724,71,58,13,13
43725,74,85,-11,11
43726,97,99,-2,2
43727,134,130,4,4
43728,82,87,-5,5
43729,79,87,-8,8
43730,138,127,11,11
43731,82,103,-21,21
43732,152,145,7,7
43733,111,100,11,11
43734,123,118,5,5
43735,77,85,-8,8
43736,146,147,-1,1
43737,82,71,11,11
43738,69,77,-8,8
43739,91,99,-8,8
43740,166,157,9,9
43741,53,62,-9,9
43742,71,70,1,1
43743,84,83,1,1
43744,68,68,0,0
43745,94,102,-8,8
43746,101,133,-32,32
43747,106,120,-14,14
43748,93,87,6,6
43749,69,63,6,6
43750,136,121,15,15
43751,90,74,16,16
43752,87,81,6,6
43753,64,75,-11,11
43754,62,100,-38,38
43755,77,85,-8,8
43756,47,78,-31,31
43757,122,114,8,8
43758,67,86,-19,19
43759,87,94,-7,7
43760,84,73,11,11
43761,68,71,-3,3
43762,60,55,5,5
43763,75,79,-4,4
43764,90,103,-13,13
43765,69,81,-12,12
43766,77,80,-3,3
43767,82,74,8,8
43768,127,134,-7,7
43769,58,66,-8,8
43770,151,112,39,39
43771,125,139,-14,14
43772,114,109,5,5
43773,106,125,-19,19
43774,85,90,-5,5
43775,92,86,6,6
43776,70,65,5,5
43777,124,135,-11,11
43778,97,108,-11,11
43779,71,76,-5,5
43780,146,149,-3,3
43781,93,91,2,2
43782,91,79,12,12
43783,63,53,10,10
43784,60,63,-3,3
43785,84,107,-23,23
43786,192,171,21,21
43787,93,91,2,2
43788,133,128,5,5
43789,95,107,-12,12
43790,65,47,18,18
43791,81,88,-7,7
43792,107,117,-10,10
43793,131,124,7,7
43794,130,112,18,18
43795,68,78,-10,10
43796,77,83,-6,6
43797,112,123,-11,11
43798,67,74,-7,7
43799,91,98,-7,7
43800,90,95,-5,5
43801,125,126,-1,1
43802,69,64,5,5
43803,106,105,1,1
43804,110,107,3,3
43805,65,58,7,7
43806,87,81,6,6
43807,60,60,0,0
43808,91,97,-6,6
43809,153,144,9,9
43810,95,90,5,5
43811,150,123,27,27
43812,61,69,-8,8
43813,169,160,9,9
43814,76,78,-2,2
43815,93,93,0,0
43816,75,71,4,4
43817,76,90,-14,14
43818,85,101,-16,16
43819,63,75,-12,12
43820,86,99,-13,13
43821,111,105,6,6
43822,81,76,5,5
43823,225,127,98,98
43824,49,51,-2,2
43825,90,99,-9,9
43826,67,64,3,3
43827,109,118,-9,9
43828,103,104,-1,1
43829,73,64,9,9
43830,137,134,3,3
43831,93,104,-11,11
43832,68,67,1,1
43833,82,105,-23,23
43834,66,85,-19,19
43835,110,106,4,4
43836,170,181,-11,11
43837,104,106,-2,2
43838,73,75,-2,2
43839,137,132,5,5
43840,55,59,-4,4
43841,52,65,-13,13
43842,95,68,27,27
43843,48,44,4,4
43844,67,87,-20,20
43845,64,73,-9,9
43846,71,73,-2,2
43847,77,85,-8,8
43848,66,62,4,4
43849,78,86,-8,8
43850,71,70,1,1
43851,117,129,-12,12
43852,83,79,4,4
43853,43,29,14,14
43854,100,90,10,10
43855,50,78,-28,28
43856,140,148,-8,8
43857,86,109,-23,23
43858,63,57,6,6
43859,91,90,1,1
43860,113,109,4,4
43861,63,68,-5,5
43862,61,58,3,3
43863,78,90,-12,12
43864,34,43,-9,9
43865,90,103,-13,13
43866,47,27,20,20
43867,64,75,-11,11
43868,58,60,-2,2
43869,116,123,-7,7
43870,117,120,-3,3
43871,84,94,-10,10
43872,105,108,-3,3
43873,86,93,-7,7
43874,68,87,-19,19
43875,131,137,-6,6
43876,77,79,-2,2
43877,76,75,1,1
43878,117,100,17,17
43879,97,97,0,0
43880,123,117,6,6
43881,98,96,2,2
43882,71,74,-3,3
43883,127,130,-3,3
43884,56,53,3,3
43885,122,122,0,0
43886,49,59,-10,10
43887,60,68,-8,8
43888,115,105,10,10
43889,78,94,-16,16
43890,46,55,-9,9
43891,119,118,1,1
43892,129,145,-16,16
43893,66,73,-7,7
43894,142,144,-2,2
43895,79,85,-6,6
43896,71,84,-13,13
43897,144,146,-2,2
43898,106,109,-3,3
43899,77,94,-17,17
43900,74,81,-7,7
43901,69,77,-8,8
43902,88,87,1,1
43903,59,75,-16,16
43904,123,96,27,27
43905,54,56,-2,2
43906,43,48,-5,5
43907,155,120,35,35
43908,68,62,6,6
43909,131,139,-8,8
43910,146,137,9,9
43911,102,93,9,9
43912,80,90,-10,10
43913,57,66,-9,9
43914,81,79,2,2
43915,104,121,-17,17
43916,39,25,14,14
43917,78,48,30,30
43918,112,121,-9,9
43919,44,87,-43,43
43920,79,84,-5,5
43921,132,130,2,2
43922,117,76,41,41
43923,80,92,-12,12
43924,88,80,8,8
43925,61,56,5,5
43926,57,47,10,10
43927,123,111,12,12
43928,60,77,-17,17
43929,113,115,-2,2
43930,64,81,-17,17
43931,101,100,1,1
43932,143,149,-6,6
43933,71,79,-8,8
43934,80,72,8,8
43935,70,67,3,3
43936,45,32,13,13
43937,44,33,11,11
43938,92,83,9,9
43939,67,83,-16,16
43940,63,63,0,0
43941,139,134,5,5
43942,127,119,8,8
43943,69,69,0,0
43944,136,132,4,4
43945,109,119,-10,10
43946,120,129,-9,9
43947,63,81,-18,18
43948,50,44,6,6
43949,97,85,12,12
43950,103,89,14,14
43951,89,64,25,25
43952,85,79,6,6
43953,173,157,16,16
43954,128,129,-1,1
43955,171,162,9,9
43956,49,46,3,3
43957,99,87,12,12
43958,129,145,-16,16
43959,85,88,-3,3
43960,102,98,4,4
43961,124,133,-9,9
43962,122,103,19,19
43963,137,123,14,14
43964,89,74,15,15
43965,51,51,0,0
43966,81,98,-17,17
43967,88,85,3,3
43968,76,76,0,0
43969,111,124,-13,13
43970,86,82,4,4
43971,131,124,7,7
43972,23,14,9,9
43973,109,118,-9,9
43974,84,80,4,4
43975,101,115,-14,14
43976,139,141,-2,2
43977,58,48,10,10
43978,71,73,-2,2
43979,95,86,9,9
43980,70,57,13,13
43981,65,75,-10,10
43982,95,99,-4,4
43983,109,112,-3,3
43984,57,63,-6,6
43985,103,102,1,1
43986,184,162,22,22
43987,80,74,6,6
43988,103,106,-3,3
43989,94,125,-31,31
43990,62,76,-14,14
43991,110,94,16,16
43992,109,119,-10,10
43993,47,49,-2,2
43994,107,116,-9,9
43995,184,164,20,20
43996,122,128,-6,6
43997,155,163,-8,8
43998,66,79,-13,13
43999,63,61,2,2
44000,104,130,-26,26
44001,100,100,0,0
44002,82,97,-15,15
44003,162,166,-4,4
44004,122,129,-7,7
44005,78,138,-60,60
44006,71,64,7,7
44007,131,111,20,20
44008,113,110,3,3
44009,84,90,-6,6
44010,65,71,-6,6
44011,81,81,0,0
44012,93,84,9,9
44013,67,78,-11,11
44014,148,131,17,17
44015,72,100,-28,28
44016,106,103,3,3
44017,79,83,-4,4
44018,113,120,-7,7
44019,66,67,-1,1
44020,68,73,-5,5
44021,63,57,6,6
44022,81,100,-19,19
44023,117,117,0,0
44024,70,111,-41,41
44025,78,75,3,3
44026,165,159,6,6
44027,40,15,25,25
44028,85,101,-16,16
44029,73,92,-19,19
44030,104,102,2,2
44031,129,126,3,3
44032,116,112,4,4
44033,115,111,4,4
44034,82,82,0,0
44035,84,97,-13,13
44036,82,100,-18,18
44037,29,61,-32,32
44038,64,75,-11,11
44039,66,61,5,5
44040,114,117,-3,3
44041,146,116,30,30
44042,65,46,19,19
44043,42,50,-8,8
44044,157,145,12,12
44045,89,96,-7,7
44046,116,133,-17,17
44047,54,65,-11,11
44048,77,80,-3,3
44049,79,107,-28,28
44050,137,130,7,7
44051,67,74,-7,7
44052,105,115,-10,10
44053,149,78,71,71
44054,57,69,-12,12
44055,104,123,-19,19
44056,89,116,-27,27
44057,82,88,-6,6
44058,106,126,-20,20
44059,191,155,36,36
44060,87,84,3,3
44061,58,66,-8,8
44062,114,119,-5,5
44063,114,120,-6,6
44064,118,117,1,1
44065,159,136,23,23
44066,58,45,13,13
44067,95,96,-1,1
44068,74,82,-8,8
44069,135,134,1,1
44070,134,131,3,3
44071,87,42,45,45
44072,130,126,4,4
44073,119,120,-1,1
44074,142,140,2,2
44075,152,158,-6,6
44076,105,108,-3,3
44077,63,78,-15,15
44078,92,104,-12,12
44079,75,70,5,5
44080,96,88,8,8
44081,75,68,7,7
44082,56,51,5,5
44083,72,69,3,3
44084,89,108,-19,19
44085,58,68,-10,10
44086,76,73,3,3
44087,90,111,-21,21
44088,73,81,-8,8
44089,78,80,-2,2
44090,110,122,-12,12
44091,174,142,32,32
44092,104,87,17,17
44093,94,102,-8,8
44094,165,157,8,8
44095,107,101,6,6
44096,78,89,-11,11
44097,90,93,-3,3
44098,124,120,4,4
44099,129,115,14,14
44100,66,58,8,8
44101,73,80,-7,7
44102,139,153,-14,14
44103,72,79,-7,7
44104,140,128,12,12
44105,93,110,-17,17
44106,135,124,11,11
44107,56,53,3,3
44108,76,67,9,9
44109,102,67,35,35
44110,102,103,-1,1
44111,130,130,0,0
44112,152,138,14,14
44113,76,69,7,7
44114,178,178,0,0
44115,85,82,3,3
44116,78,66,12,12
44117,97,116,-19,19
44118,113,106,7,7
44119,81,89,-8,8
44120,65,82,-17,17
44121,42,69,-27,27
44122,72,84,-12,12
44123,115,119,-4,4
44124,80,87,-7,7
44125,39,17,22,22
44126,85,87,-2,2
44127,101,101,0,0
44128,158,148,10,10
44129,91,101,-10,10
44130,68,70,-2,2
44131,112,99,13,13
44132,161,150,11,11
44133,147,160,-13,13
44134,63,74,-11,11
44135,60,99,-39,39
44136,84,91,-7,7
44137,112,113,-1,1
44138,129,122,7,7
44139,136,133,3,3
44140,130,127,3,3
44141,74,82,-8,8
44142,111,117,-6,6
44143,118,110,8,8
44144,60,55,5,5
44145,59,79,-20,20
44146,90,97,-7,7
44147,72,86,-14,14
44148,118,128,-10,10
44149,63,55,8,8
44150,91,84,7,7
44151,106,111,-5,5
44152,89,110,-21,21
44153,111,116,-5,5
44154,131,127,4,4
44155,85,119,-34,34
44156,97,105,-8,8
44157,41,51,-10,10
44158,104,107,-3,3
44159,137,144,-7,7
44160,110,103,7,7
44161,50,83,-33,33
44162,143,147,-4,4
44163,110,122,-12,12
44164,79,75,4,4
44165,79,80,-1,1
44166,71,69,2,2
44167,116,131,-15,15
44168,89,68,21,21
44169,85,54,31,31
44170,62,83,-21,21
44171,105,86,19,19
44172,110,118,-8,8
44173,68,93,-25,25
44174,125,126,-1,1
44175,120,120,0,0
44176,118,114,4,4
44177,63,63,0,0
44178,42,38,4,4
44179,49,78,-29,29
44180,96,103,-7,7
44181,107,120,-13,13
44182,108,125,-17,17
44183,94,67,27,27
44184,89,96,-7,7
44185,117,122,-5,5
44186,120,130,-10,10
44187,71,62,9,9
44188,71,86,-15,15
44189,58,66,-8,8
44190,90,101,-11,11
44191,118,112,6,6
44192,43,57,-14,14
44193,78,73,5,5
44194,159,137,22,22
44195,99,108,-9,9
44196,92,106,-14,14
44197,148,135,13,13
44198,97,92,5,5
44199,84,96,-12,12
44200,45,29,16,16
44201,63,56,7,7
44202,117,98,19,19
44203,122,129,-7,7
44204,115,112,3,3
44205,110,108,2,2
44206,114,120,-6,6
44207,71,83,-12,12
44208,132,141,-9,9
44209,73,67,6,6
44210,137,134,3,3
44211,79,76,3,3
44212,79,98,-19,19
44213,106,104,2,2
44214,99,83,16,16
44215,77,103,-26,26
44216,127,136,-9,9
44217,96,85,11,11
44218,66,69,-3,3
44219,63,63,0,0
44220,95,103,-8,8
44221,97,105,-8,8
44222,42,33,9,9
44223,60,37,23,23
44224,59,65,-6,6
44225,66,58,8,8
44226,140,97,43,43
44227,64,76,-12,12
44228,72,83,-11,11
44229,85,89,-4,4
44230,119,108,11,11
44231,99,99,0,0
44232,133,131,2,2
44233,75,81,-6,6
44234,66,81,-15,15
44235,102,91,11,11
44236,63,74,-11,11
44237,133,128,5,5
44238,144,131,13,13
44239,141,126,15,15
44240,97,110,-13,13
44241,90,90,0,0
44242,124,134,-10,10
44243,123,136,-13,13
44244,191,177,14,14
44245,62,69,-7,7
44246,58,59,-1,1
44247,98,93,5,5
44248,113,108,5,5
44249,107,93,14,14
44250,106,112,-6,6
44251,95,90,5,5
44252,144,132,12,12
44253,50,52,-2,2
44254,195,154,41,41
44255,122,107,15,15
44256,97,68,29,29
44257,71,71,0,0
44258,153,144,9,9
44259,67,72,-5,5
44260,51,62,-11,11
44261,65,64,1,1
44262,78,69,9,9
44263,87,89,-2,2
44264,72,78,-6,6
44265,81,77,4,4
44266,149,147,2,2
44267,119,105,14,14
44268,102,95,7,7
44269,93,97,-4,4
44270,116,120,-4,4
44271,125,124,1,1
44272,138,137,1,1
44273,75,75,0,0
44274,100,100,0,0
44275,107,96,11,11
44276,91,122,-31,31
44277,135,138,-3,3
44278,47,67,-20,20
44279,95,91,4,4
44280,88,95,-7,7
44281,71,60,11,11
44282,110,126,-16,16
44283,108,113,-5,5
44284,49,62,-13,13
44285,48,69,-21,21
44286,93,92,1,1
44287,94,109,-15,15
44288,140,139,1,1
44289,68,14,54,54
44290,79,88,-9,9
44291,147,147,0,0
44292,107,96,11,11
44293,77,68,9,9
44294,87,89,-2,2
44295,183,176,7,7
44296,123,118,5,5
44297,143,137,6,6
44298,94,93,1,1
44299,96,86,10,10
44300,85,76,9,9
44301,112,119,-7,7
44302,82,91,-9,9
44303,103,96,7,7
44304,98,120,-22,22
44305,104,115,-11,11
44306,81,75,6,6
44307,57,55,2,2
44308,113,126,-13,13
44309,80,90,-10,10
44310,117,111,6,6
44311,68,70,-2,2
44312,76,85,-9,9
44313,69,72,-3,3
44314,86,111,-25,25
44315,107,102,5,5
44316,63,63,0,0
44317,127,122,5,5
44318,87,95,-8,8
44319,82,77,5,5
44320,92,101,-9,9
44321,78,78,0,0
44322,117,112,5,5
44323,93,107,-14,14
44324,116,118,-2,2
44325,51,53,-2,2
44326,80,76,4,4
44327,126,132,-6,6
44328,48,121,-73,73
44329,183,157,26,26
44330,61,68,-7,7
44331,128,131,-3,3
44332,95,89,6,6
44333,107,112,-5,5
44334,87,94,-7,7
44335,136,139,-3,3
44336,49,56,-7,7
44337,77,71,6,6
44338,114,111,3,3
44339,139,141,-2,2
44340,90,96,-6,6
44341,164,182,-18,18
44342,124,135,-11,11
44343,115,114,1,1
44344,111,103,8,8
44345,144,146,-2,2
44346,72,67,5,5
44347,121,109,12,12
44348,131,118,13,13
44349,99,108,-9,9
44350,55,63,-8,8
44351,125,116,9,9
44352,43,51,-8,8
44353,75,79,-4,4
44354,71,68,3,3
44355,62,67,-5,5
44356,86,79,7,7
44357,78,73,5,5
44358,101,121,-20,20
44359,81,87,-6,6
44360,144,134,10,10
44361,121,112,9,9
44362,84,76,8,8
44363,91,88,3,3
44364,108,129,-21,21
44365,84,84,0,0
44366,96,95,1,1
44367,130,135,-5,5
44368,53,52,1,1
44369,111,117,-6,6
44370,65,64,1,1
44371,138,129,9,9
44372,39,33,6,6
44373,54,60,-6,6
44374,48,41,7,7
44375,62,52,10,10
44376,110,113,-3,3
44377,88,83,5,5
44378,92,82,10,10
44379,124,118,6,6
44380,86,93,-7,7
44381,89,118,-29,29
44382,96,109,-13,13
44383,50,46,4,4
44384,92,89,3,3
44385,70,86,-16,16
44386,101,109,-8,8
44387,143,133,10,10
44388,128,149,-21,21
44389,83,85,-2,2
44390,59,56,3,3
44391,131,131,0,0
44392,79,86,-7,7
44393,66,67,-1,1
44394,110,109,1,1
44395,99,96,3,3
44396,100,102,-2,2
44397,92,95,-3,3
44398,115,116,-1,1
44399,87,84,3,3
44400,105,106,-1,1
44401,77,62,15,15
44402,93,96,-3,3
44403,124,125,-1,1
44404,71,78,-7,7
44405,68,85,-17,17
44406,107,124,-17,17
44407,130,128,2,2
44408,32,21,11,11
44409,96,123,-27,27
44410,82,66,16,16
44411,73,78,-5,5
44412,57,60,-3,3
44413,60,60,0,0
44414,61,6,55,55
44415,127,116,11,11
44416,67,66,1,1
44417,148,127,21,21
44418,111,79,32,32
44419,119,117,2,2
44420,86,74,12,12
44421,88,84,4,4
44422,68,75,-7,7
44423,65,72,-7,7
44424,64,73,-9,9
44425,158,133,25,25
44426,144,125,19,19
44427,91,103,-12,12
44428,63,62,1,1
44429,88,98,-10,10
44430,122,123,-1,1
44431,51,51,0,0
44432,124,137,-13,13
44433,118,107,11,11
44434,49,47,2,2
44435,94,88,6,6
44436,69,74,-5,5
44437,168,134,34,34
44438,79,80,-1,1
44439,70,79,-9,9
44440,199,172,27,27
44441,43,57,-14,14
44442,85,90,-5,5
44443,51,52,-1,1
44444,135,137,-2,2
44445,57,76,-19,19
44446,191,189,2,2
44447,94,98,-4,4
44448,109,119,-10,10
44449,76,80,-4,4
44450,175,160,15,15
44451,126,129,-3,3
44452,143,136,7,7
44453,101,101,0,0
44454,50,120,-70,70
44455,84,88,-4,4
44456,94,97,-3,3
44457,110,103,7,7
44458,170,155,15,15
44459,149,130,19,19
44460,94,93,1,1
44461,102,102,0,0
44462,118,127,-9,9
44463,112,115,-3,3
44464,108,116,-8,8
44465,58,67,-9,9
44466,39,110,-71,71
44467,112,113,-1,1
44468,107,124,-17,17
44469,61,44,17,17
44470,99,99,0,0
44471,62,64,-2,2
44472,119,112,7,7
44473,105,80,25,25
44474,93,77,16,16
44475,109,110,-1,1
44476,132,128,4,4
44477,83,126,-43,43
44478,46,53,-7,7
44479,170,154,16,16
44480,217,184,33,33
44481,119,128,-9,9
44482,140,158,-18,18
44483,106,107,-1,1
44484,100,87,13,13
44485,61,53,8,8
44486,111,140,-29,29
44487,117,107,10,10
44488,68,87,-19,19
44489,94,104,-10,10
44490,74,81,-7,7
44491,109,122,-13,13
44492,98,130,-32,32
44493,103,102,1,1
44494,78,91,-13,13
44495,80,76,4,4
44496,83,89,-6,6
44497,76,78,-2,2
44498,110,122,-12,12
44499,152,149,3,3
44500,81,64,17,17
44501,133,144,-11,11
44502,66,75,-9,9
44503,102,97,5,5
44504,102,102,0,0
44505,53,68,-15,15
44506,139,137,2,2
44507,133,120,13,13
44508,57,63,-6,6
44509,61,52,9,9
44510,116,101,15,15
44511,97,85,12,12
44512,187,146,41,41
44513,62,63,-1,1
44514,102,93,9,9
44515,62,69,-7,7
44516,48,49,-1,1
44517,108,116,-8,8
44518,68,65,3,3
44519,112,111,1,1
44520,154,140,14,14
44521,76,83,-7,7
44522,110,117,-7,7
44523,89,101,-12,12
44524,128,121,7,7
44525,61,68,-7,7
44526,60,60,0,0
44527,143,146,-3,3
44528,107,95,12,12
44529,76,91,-15,15
44530,79,83,-4,4
44531,65,68,-3,3
44532,104,107,-3,3
44533,145,145,0,0
44534,86,87,-1,1
44535,83,85,-2,2
44536,88,92,-4,4
44537,178,146,32,32
44538,116,122,-6,6
44539,105,125,-20,20
44540,72,79,-7,7
44541,77,75,2,2
44542,56,66,-10,10
44543,109,99,10,10
44544,45,41,4,4
44545,106,113,-7,7
44546,42,45,-3,3
44547,118,119,-1,1
44548,102,98,4,4
44549,47,81,-34,34
44550,70,82,-12,12
44551,103,113,-10,10
44552,123,109,14,14
44553,170,160,10,10
44554,124,131,-7,7
44555,98,95,3,3
44556,57,74,-17,17
44557,122,140,-18,18
44558,59,54,5,5
44559,107,79,28,28
44560,73,75,-2,2
44561,65,70,-5,5
44562,53,62,-9,9
44563,152,146,6,6
44564,81,113,-32,32
44565,87,83,4,4
44566,77,84,-7,7
44567,129,131,-2,2
44568,165,152,13,13
44569,111,114,-3,3
44570,108,109,-1,1
44571,67,61,6,6
44572,78,77,1,1
44573,105,104,1,1
44574,72,89,-17,17
44575,75,89,-14,14
44576,85,74,11,11
44577,57,54,3,3
44578,115,113,2,2
44579,74,80,-6,6
44580,170,143,27,27
44581,90,102,-12,12
44582,85,86,-1,1
44583,65,62,3,3
44584,45,44,1,1
44585,160,149,11,11
44586,160,110,50,50
44587,99,116,-17,17
44588,62,73,-11,11
44589,121,111,10,10
44590,129,124,5,5
44591,98,96,2,2
44592,104,92,12,12
44593,69,76,-7,7
44594,75,63,12,12
44595,95,97,-2,2
44596,118,130,-12,12
44597,94,136,-42,42
44598,100,112,-12,12
44599,129,115,14,14
44600,118,94,24,24
44601,57,148,-91,91
44602,68,61,7,7
44603,123,128,-5,5
44604,93,100,-7,7
44605,53,101,-48,48
44606,92,94,-2,2
44607,78,81,-3,3
44608,175,157,18,18
44609,115,131,-16,16
44610,70,82,-12,12
44611,161,144,17,17
44612,61,67,-6,6
44613,64,65,-1,1
44614,86,83,3,3
44615,84,89,-5,5
44616,152,52,100,100
44617,116,127,-11,11
44618,53,50,3,3
44619,57,50,7,7
44620,68,84,-16,16
44621,178,173,5,5
44622,93,100,-7,7
44623,120,114,6,6
44624,136,127,9,9
44625,39,44,-5,5
44626,102,112,-10,10
44627,167,155,12,12
44628,65,65,0,0
44629,50,59,-9,9
44630,80,88,-8,8
44631,126,134,-8,8
44632,67,67,0,0
44633,59,70,-11,11
44634,116,121,-5,5
44635,95,103,-8,8
44636,57,70,-13,13
44637,75,81,-6,6
44638,99,99,0,0
44639,94,90,4,4
44640,65,61,4,4
44641,90,88,2,2
44642,126,110,16,16
44643,86,94,-8,8
44644,103,94,9,9
44645,92,120,-28,28
44646,120,127,-7,7
44647,86,78,8,8
44648,19,5,14,14
44649,138,135,3,3
44650,86,95,-9,9
44651,126,147,-21,21
44652,103,83,20,20
44653,89,86,3,3
44654,71,73,-2,2
44655,63,79,-16,16
44656,76,81,-5,5
44657,154,158,-4,4
44658,64,76,-12,12
44659,73,77,-4,4
44660,61,64,-3,3
44661,57,70,-13,13
44662,142,142,0,0
44663,193,155,38,38
44664,58,87,-29,29
44665,89,112,-23,23
44666,88,94,-6,6
44667,121,123,-2,2
44668,110,116,-6,6
44669,116,99,17,17
44670,100,97,3,3
44671,62,65,-3,3
44672,100,108,-8,8
44673,146,130,16,16
44674,33,11,22,22
44675,105,117,-12,12
44676,93,106,-13,13
44677,48,62,-14,14
44678,74,76,-2,2
44679,55,60,-5,5
44680,77,70,7,7
44681,83,115,-32,32
44682,162,136,26,26
44683,59,53,6,6
44684,196,171,25,25
44685,95,97,-2,2
44686,64,54,10,10
44687,107,105,2,2
44688,163,150,13,13
44689,78,77,1,1
44690,66,81,-15,15
44691,62,87,-25,25
44692,109,105,4,4
44693,77,89,-12,12
44694,125,115,10,10
44695,103,105,-2,2
44696,81,95,-14,14
44697,50,56,-6,6
44698,116,137,-21,21
44699,70,98,-28,28
44700,68,67,1,1
44701,96,79,17,17
44702,155,132,23,23
44703,128,136,-8,8
44704,75,100,-25,25
44705,116,124,-8,8
44706,88,93,-5,5
44707,100,98,2,2
44708,73,73,0,0
44709,140,142,-2,2
44710,106,107,-1,1
44711,87,87,0,0
44712,78,90,-12,12
44713,92,94,-2,2
44714,109,106,3,3
44715,69,70,-1,1
44716,174,181,-7,7
44717,60,63,-3,3
44718,61,65,-4,4
44719,59,65,-6,6
44720,124,123,1,1
44721,85,91,-6,6
44722,136,108,28,28
44723,118,121,-3,3
44724,81,76,5,5
44725,80,93,-13,13
44726,69,74,-5,5
44727,60,79,-19,19
44728,63,62,1,1
44729,46,33,13,13
44730,61,59,2,2
44731,65,86,-21,21
44732,104,117,-13,13
44733,144,121,23,23
44734,73,88,-15,15
44735,77,59,18,18
44736,96,94,2,2
44737,71,83,-12,12
44738,74,85,-11,11
44739,60,60,0,0
44740,80,93,-13,13
44741,74,79,-5,5
44742,168,160,8,8
44743,145,140,5,5
44744,86,95,-9,9
44745,137,133,4,4
44746,121,113,8,8
44747,91,65,26,26
44748,68,72,-4,4
44749,78,76,2,2
44750,84,96,-12,12
44751,150,147,3,3
44752,103,99,4,4
44753,79,81,-2,2
44754,63,79,-16,16
44755,70,81,-11,11
44756,229,184,45,45
44757,130,143,-13,13
44758,81,84,-3,3
44759,112,105,7,7
44760,134,126,8,8
44761,82,103,-21,21
44762,152,220,-68,68
44763,90,97,-7,7
44764,105,114,-9,9
44765,138,145,-7,7
44766,95,104,-9,9
44767,86,86,0,0
44768,91,75,16,16
44769,58,74,-16,16
44770,130,123,7,7
44771,154,151,3,3
44772,69,80,-11,11
44773,158,128,30,30
44774,136,136,0,0
44775,56,70,-14,14
44776,86,79,7,7
44777,49,54,-5,5
44778,138,137,1,1
44779,100,106,-6,6
44780,146,145,1,1
44781,56,64,-8,8
44782,79,81,-2,2
44783,53,55,-2,2
44784,59,39,20,20
44785,64,55,9,9
44786,108,105,3,3
44787,66,111,-45,45
44788,117,117,0,0
44789,60,65,-5,5
44790,51,64,-13,13
44791,104,113,-9,9
44792,92,118,-26,26
44793,87,77,10,10
44794,84,104,-20,20
44795,155,134,21,21
44796,100,118,-18,18
44797,43,52,-9,9
44798,72,66,6,6
44799,124,124,0,0
44800,116,139,-23,23
44801,159,139,20,20
44802,91,110,-19,19
44803,71,85,-14,14
44804,158,148,10,10
44805,71,74,-3,3
44806,102,90,12,12
44807,117,119,-2,2
44808,94,103,-9,9
44809,79,99,-20,20
44810,51,72,-21,21
44811,63,56,7,7
44812,55,66,-11,11
44813,152,136,16,16
44814,78,54,24,24
44815,54,57,-3,3
44816,80,93,-13,13
44817,59,55,4,4
44818,84,73,11,11
44819,110,108,2,2
44820,124,97,27,27
44821,92,112,-20,20
44822,126,134,-8,8
44823,130,126,4,4
44824,89,87,2,2
44825,109,106,3,3
44826,87,94,-7,7
44827,75,65,10,10
44828,225,200,25,25
44829,182,175,7,7
44830,82,89,-7,7
44831,54,55,-1,1
44832,187,161,26,26
44833,128,138,-10,10
44834,87,79,8,8
44835,92,82,10,10
44836,58,74,-16,16
44837,63,53,10,10
44838,100,81,19,19
44839,102,116,-14,14
44840,46,62,-16,16
44841,89,98,-9,9
44842,61,60,1,1
44843,134,130,4,4
44844,69,76,-7,7
44845,118,118,0,0
44846,153,153,0,0
44847,115,108,7,7
44848,88,79,9,9
44849,91,96,-5,5
44850,51,77,-26,26
44851,68,91,-23,23
44852,155,130,25,25
44853,52,39,13,13
44854,71,75,-4,4
44855,100,106,-6,6
44856,81,83,-2,2
44857,168,159,9,9
44858,80,72,8,8
44859,83,85,-2,2
44860,90,106,-16,16
44861,99,101,-2,2
44862,45,44,1,1
44863,110,112,-2,2
44864,118,108,10,10
44865,98,101,-3,3
44866,162,130,32,32
44867,54,66,-12,12
44868,80,93,-13,13
44869,91,86,5,5
44870,81,77,4,4
44871,89,94,-5,5
44872,58,55,3,3
44873,194,184,10,10
44874,78,99,-21,21
44875,63,56,7,7
44876,61,83,-22,22
44877,98,95,3,3
44878,95,94,1,1
44879,97,86,11,11
44880,96,111,-15,15
44881,89,85,4,4
44882,154,138,16,16
44883,51,41,10,10
44884,117,108,9,9
44885,42,82,-40,40
44886,92,99,-7,7
44887,91,96,-5,5
44888,162,164,-2,2
44889,75,80,-5,5
44890,104,104,0,0
44891,117,118,-1,1
44892,74,95,-21,21
44893,52,52,0,0
44894,77,72,5,5
44895,83,59,24,24
44896,71,72,-1,1
44897,57,57,0,0
44898,62,63,-1,1
44899,114,116,-2,2
44900,58,65,-7,7
44901,120,113,7,7
44902,74,82,-8,8
44903,95,71,24,24
44904,63,82,-19,19
44905,84,106,-22,22
44906,57,59,-2,2
44907,70,77,-7,7
44908,71,85,-14,14
44909,71,62,9,9
44910,140,108,32,32
44911,116,125,-9,9
44912,62,81,-19,19
44913,96,119,-23,23
44914,73,73,0,0
44915,79,90,-11,11
44916,97,90,7,7
44917,80,67,13,13
44918,76,87,-11,11
44919,67,68,-1,1
44920,176,157,19,19
44921,71,93,-22,22
44922,89,90,-1,1
44923,75,67,8,8
44924,142,140,2,2
44925,96,96,0,0
44926,70,80,-10,10
44927,134,132,2,2
44928,123,111,12,12
44929,71,77,-6,6
44930,45,68,-23,23
44931,102,95,7,7
44932,130,149,-19,19
44933,134,131,3,3
44934,71,88,-17,17
44935,111,123,-12,12
44936,134,125,9,9
44937,131,116,15,15
44938,136,155,-19,19
44939,116,123,-7,7
44940,156,122,34,34
44941,139,120,19,19
44942,102,109,-7,7
44943,69,73,-4,4
44944,81,68,13,13
44945,109,117,-8,8
44946,94,116,-22,22
44947,77,79,-2,2
44948,173,180,-7,7
44949,70,74,-4,4
44950,77,85,-8,8
44951,95,94,1,1
44952,96,100,-4,4
44953,90,91,-1,1
44954,47,84,-37,37
44955,116,111,5,5
44956,84,75,9,9
44957,62,74,-12,12
44958,128,141,-13,13
44959,83,79,4,4
44960,90,98,-8,8
44961,86,92,-6,6
44962,113,116,-3,3
44963,153,142,11,11
44964,90,68,22,22
44965,96,109,-13,13
44966,76,81,-5,5
44967,73,70,3,3
44968,98,101,-3,3
44969,23,47,-24,24
44970,57,56,1,1
44971,65,99,-34,34
44972,107,115,-8,8
44973,140,108,32,32
44974,112,101,11,11
44975,149,156,-7,7
44976,100,68,32,32
44977,100,101,-1,1
44978,64,62,2,2
44979,89,89,0,0
44980,154,149,5,5
44981,53,52,1,1
44982,45,35,10,10
44983,61,70,-9,9
44984,108,105,3,3
44985,88,89,-1,1
44986,109,115,-6,6
44987,143,123,20,20
44988,91,125,-34,34
44989,102,106,-4,4
44990,61,129,-68,68
44991,85,104,-19,19
44992,121,109,12,12
44993,65,66,-1,1
44994,56,52,4,4
44995,103,110,-7,7
44996,111,114,-3,3
44997,102,94,8,8
44998,99,80,19,19
44999,97,129,-32,32
45000,79,88,-9,9
45001,139,140,-1,1
45002,107,95,12,12
45003,166,161,5,5
45004,51,51,0,0
45005,75,61,14,14
45006,113,113,0,0
45007,69,83,-14,14
45008,129,131,-2,2
45009,197,181,16,16
45010,104,116,-12,12
45011,99,99,0,0
45012,86,89,-3,3
45013,95,87,8,8
45014,138,131,7,7
45015,78,91,-13,13
45016,47,89,-42,42
45017,56,69,-13,13
45018,62,73,-11,11
45019,64,58,6,6
45020,105,107,-2,2
45021,104,96,8,8
45022,140,133,7,7
45023,84,48,36,36
45024,126,134,-8,8
45025,82,80,2,2
45026,75,74,1,1
45027,92,106,-14,14
45028,77,85,-8,8
45029,100,104,-4,4
45030,140,144,-4,4
45031,67,60,7,7
45032,117,124,-7,7
45033,54,60,-6,6
45034,81,84,-3,3
45035,130,132,-2,2
45036,100,110,-10,10
45037,86,79,7,7
45038,57,59,-2,2
45039,115,117,-2,2
45040,147,143,4,4
45041,86,88,-2,2
45042,39,46,-7,7
45043,79,79,0,0
45044,89,95,-6,6
45045,70,65,5,5
45046,73,85,-12,12
45047,113,100,13,13
45048,99,107,-8,8
45049,78,76,2,2
45050,132,140,-8,8
45051,79,89,-10,10
45052,143,140,3,3
45053,57,71,-14,14
45054,49,51,-2,2
45055,85,40,45,45
45056,49,87,-38,38
45057,96,88,8,8
45058,87,96,-9,9
45059,151,117,34,34
45060,147,151,-4,4
45061,94,104,-10,10
45062,91,91,0,0
45063,56,49,7,7
45064,123,136,-13,13
45065,188,175,13,13
45066,55,48,7,7
45067,117,115,2,2
45068,106,106,0,0
45069,109,114,-5,5
45070,61,36,25,25
45071,46,78,-32,32
45072,62,60,2,2
45073,102,96,6,6
45074,62,49,13,13
45075,85,85,0,0
45076,89,92,-3,3
45077,96,101,-5,5
45078,132,132,0,0
45079,94,93,1,1
45080,118,103,15,15
45081,73,74,-1,1
45082,69,71,-2,2
45083,57,52,5,5
45084,86,88,-2,2
45085,130,128,2,2
45086,144,134,10,10
45087,67,77,-10,10
45088,64,113,-49,49
45089,85,82,3,3
45090,104,112,-8,8
45091,109,92,17,17
45092,110,120,-10,10
45093,129,132,-3,3
45094,97,101,-4,4
45095,85,88,-3,3
45096,104,103,1,1
45097,77,87,-10,10
45098,81,97,-16,16
45099,97,102,-5,5
45100,130,153,-23,23
45101,67,76,-9,9
45102,55,53,2,2
45103,92,90,2,2
45104,83,83,0,0
45105,135,147,-12,12
45106,69,63,6,6
45107,109,110,-1,1
45108,98,98,0,0
45109,95,95,0,0
45110,121,132,-11,11
45111,80,66,14,14
45112,79,91,-12,12
45113,123,122,1,1
45114,117,117,0,0
45115,59,60,-1,1
45116,89,91,-2,2
45117,82,88,-6,6
45118,117,104,13,13
45119,69,76,-7,7
45120,123,114,9,9
45121,57,74,-17,17
45122,87,82,5,5
45123,105,106,-1,1
45124,108,120,-12,12
45125,76,95,-19,19
45126,74,101,-27,27
45127,84,81,3,3
45128,96,105,-9,9
45129,78,85,-7,7
45130,76,81,-5,5
45131,88,91,-3,3
45132,89,99,-10,10
45133,90,95,-5,5
45134,60,65,-5,5
45135,53,56,-3,3
45136,67,71,-4,4
45137,89,87,2,2
45138,149,130,19,19
45139,95,96,-1,1
45140,109,109,0,0
45141,169,163,6,6
45142,78,81,-3,3
45143,122,123,-1,1
45144,48,51,-3,3
45145,108,124,-16,16
45146,90,95,-5,5
45147,147,135,12,12
45148,69,61,8,8
45149,112,98,14,14
45150,158,135,23,23
45151,123,130,-7,7
45152,42,33,9,9
45153,135,129,6,6
45154,148,117,31,31
45155,109,112,-3,3
45156,73,54,19,19
45157,88,87,1,1
45158,90,82,8,8
45159,55,65,-10,10
45160,83,94,-11,11
45161,54,38,16,16
45162,85,77,8,8
45163,75,71,4,4
45164,121,128,-7,7
45165,65,54,11,11
45166,77,74,3,3
45167,102,102,0,0
45168,104,100,4,4
45169,67,60,7,7
45170,134,125,9,9
45171,107,111,-4,4
45172,87,84,3,3
45173,168,156,12,12
45174,145,140,5,5
45175,127,145,-18,18
45176,168,163,5,5
45177,113,101,12,12
45178,64,67,-3,3
45179,64,73,-9,9
45180,83,94,-11,11
45181,83,89,-6,6
45182,125,111,14,14
45183,61,63,-2,2
45184,40,46,-6,6
45185,57,59,-2,2
45186,153,134,19,19
45187,101,115,-14,14
45188,83,93,-10,10
45189,89,91,-2,2
45190,111,100,11,11
45191,77,79,-2,2
45192,127,124,3,3
45193,128,108,20,20
45194,146,137,9,9
45195,49,59,-10,10
45196,49,86,-37,37
45197,57,63,-6,6
45198,89,90,-1,1
45199,88,106,-18,18
45200,153,151,2,2
45201,71,66,5,5
45202,135,134,1,1
45203,109,99,10,10
45204,73,62,11,11
45205,185,164,21,21
45206,69,68,1,1
45207,109,110,-1,1
45208,74,79,-5,5
45209,181,111,70,70
45210,96,97,-1,1
45211,93,115,-22,22
45212,60,59,1,1
45213,104,110,-6,6
45214,67,59,8,8
45215,89,110,-21,21
45216,128,125,3,3
45217,100,100,0,0
45218,96,107,-11,11
45219,90,78,12,12
45220,68,78,-10,10
45221,126,118,8,8
45222,54,68,-14,14
45223,106,115,-9,9
45224,63,74,-11,11
45225,113,106,7,7
45226,45,59,-14,14
45227,98,75,23,23
45228,156,145,11,11
45229,52,56,-4,4
45230,134,124,10,10
45231,74,72,2,2
45232,102,112,-10,10
45233,100,97,3,3
45234,62,75,-13,13
45235,82,80,2,2
45236,105,101,4,4
45237,69,89,-20,20
45238,124,117,7,7
45239,118,112,6,6
45240,82,86,-4,4
45241,63,70,-7,7
45242,70,82,-12,12
45243,68,73,-5,5
45244,121,111,10,10
45245,73,74,-1,1
45246,51,55,-4,4
45247,81,83,-2,2
45248,146,113,33,33
45249,88,75,13,13
45250,101,104,-3,3
45251,126,132,-6,6
45252,119,131,-12,12
45253,113,124,-11,11
45254,172,151,21,21
45255,81,66,15,15
45256,90,99,-9,9
45257,110,100,10,10
45258,134,144,-10,10
45259,37,49,-12,12
45260,62,72,-10,10
45261,65,79,-14,14
45262,52,46,6,6
45263,76,74,2,2
45264,116,124,-8,8
45265,98,129,-31,31
45266,61,71,-10,10
45267,84,89,-5,5
45268,153,133,20,20
45269,72,53,19,19
45270,77,85,-8,8
45271,86,84,2,2
45272,99,103,-4,4
45273,124,123,1,1
45274,66,75,-9,9
45275,76,70,6,6
45276,67,42,25,25
45277,133,120,13,13
45278,91,80,11,11
45279,71,84,-13,13
45280,207,197,10,10
45281,65,62,3,3
45282,97,110,-13,13
45283,131,136,-5,5
45284,120,109,11,11
45285,59,65,-6,6
45286,124,90,34,34
45287,74,67,7,7
45288,101,103,-2,2
45289,85,101,-16,16
45290,85,76,9,9
45291,137,121,16,16
45292,76,79,-3,3
45293,136,142,-6,6
45294,139,146,-7,7
45295,49,50,-1,1
45296,136,135,1,1
45297,75,64,11,11
45298,109,115,-6,6
45299,53,46,7,7
45300,110,108,2,2
45301,59,69,-10,10
45302,119,120,-1,1
45303,86,93,-7,7
45304,139,126,13,13
45305,132,113,19,19
45306,191,174,17,17
45307,87,76,11,11
45308,90,90,0,0
45309,122,125,-3,3
45310,73,66,7,7
45311,122,110,12,12
45312,93,100,-7,7
45313,46,55,-9,9
45314,84,92,-8,8
45315,103,91,12,12
45316,39,12,27,27
45317,96,116,-20,20
45318,72,59,13,13
45319,146,135,11,11
45320,80,96,-16,16
45321,68,77,-9,9
45322,49,32,17,17
45323,110,106,4,4
45324,117,114,3,3
45325,121,110,11,11
45326,55,64,-9,9
45327,149,155,-6,6
45328,78,67,11,11
45329,60,75,-15,15
45330,161,143,18,18
45331,95,101,-6,6
45332,75,53,22,22
45333,92,94,-2,2
45334,112,130,-18,18
45335,67,75,-8,8
45336,91,74,17,17
45337,109,110,-1,1
45338,177,169,8,8
45339,105,121,-16,16
45340,82,83,-1,1
45341,89,77,12,12
45342,109,114,-5,5
45343,67,99,-32,32
45344,117,121,-4,4
45345,96,99,-3,3
45346,49,56,-7,7
45347,110,103,7,7
45348,57,62,-5,5
45349,118,78,40,40
45350,120,118,2,2
45351,77,84,-7,7
45352,107,100,7,7
45353,60,91,-31,31
45354,70,62,8,8
45355,115,119,-4,4
45356,70,84,-14,14
45357,70,84,-14,14
45358,96,117,-21,21
45359,72,89,-17,17
45360,72,65,7,7
45361,67,70,-3,3
45362,170,141,29,29
45363,57,61,-4,4
45364,67,66,1,1
45365,85,100,-15,15
45366,95,113,-18,18
45367,119,136,-17,17
45368,84,71,13,13
45369,65,94,-29,29
45370,225,209,16,16
45371,97,98,-1,1
45372,81,85,-4,4
45373,104,107,-3,3
45374,23,59,-36,36
45375,75,94,-19,19
45376,115,130,-15,15
45377,111,100,11,11
45378,60,49,11,11
45379,72,73,-1,1
45380,100,103,-3,3
45381,85,77,8,8
45382,60,68,-8,8
45383,55,63,-8,8
45384,120,130,-10,10
45385,121,137,-16,16
45386,79,84,-5,5
45387,89,86,3,3
45388,127,124,3,3
45389,86,85,1,1
45390,58,81,-23,23
45391,99,90,9,9
45392,126,115,11,11
45393,53,62,-9,9
45394,55,60,-5,5
45395,107,111,-4,4
45396,67,55,12,12
45397,83,91,-8,8
45398,81,83,-2,2
45399,92,90,2,2
45400,109,116,-7,7
45401,148,150,-2,2
45402,115,125,-10,10
45403,124,119,5,5
45404,103,115,-12,12
45405,122,132,-10,10
45406,104,106,-2,2
45407,58,52,6,6
45408,68,66,2,2
45409,83,97,-14,14
45410,51,49,2,2
45411,84,92,-8,8
45412,129,136,-7,7
45413,64,77,-13,13
45414,150,125,25,25
45415,48,47,1,1
45416,67,53,14,14
45417,72,74,-2,2
45418,101,108,-7,7
45419,68,74,-6,6
45420,135,119,16,16
45421,98,123,-25,25
45422,73,78,-5,5
45423,93,105,-12,12
45424,161,155,6,6
45425,58,58,0,0
45426,125,129,-4,4
45427,91,107,-16,16
45428,82,76,6,6
45429,82,86,-4,4
45430,89,99,-10,10
45431,45,35,10,10
45432,56,122,-66,66
45433,152,184,-32,32
45434,110,113,-3,3
45435,81,77,4,4
45436,43,38,5,5
45437,154,167,-13,13
45438,82,94,-12,12
45439,104,108,-4,4
45440,78,95,-17,17
45441,130,123,7,7
45442,66,77,-11,11
45443,86,87,-1,1
45444,98,105,-7,7
45445,106,102,4,4
45446,78,71,7,7
45447,89,77,12,12
45448,84,86,-2,2
45449,111,99,12,12
45450,73,74,-1,1
45451,115,140,-25,25
45452,174,161,13,13
45453,87,79,8,8
45454,102,116,-14,14
45455,77,73,4,4
45456,37,29,8,8
45457,131,134,-3,3
45458,104,105,-1,1
45459,109,152,-43,43
45460,89,84,5,5
45461,108,111,-3,3
45462,158,145,13,13
45463,69,80,-11,11
45464,89,84,5,5
45465,42,37,5,5
45466,97,82,15,15
45467,70,76,-6,6
45468,116,116,0,0
45469,138,147,-9,9
45470,110,108,2,2
45471,105,106,-1,1
45472,51,61,-10,10
45473,94,93,1,1
45474,75,72,3,3
45475,129,134,-5,5
45476,88,87,1,1
45477,100,93,7,7
45478,79,77,2,2
45479,176,176,0,0
45480,86,90,-4,4
45481,88,83,5,5
45482,105,121,-16,16
45483,140,125,15,15
45484,72,86,-14,14
45485,111,120,-9,9
45486,105,89,16,16
45487,191,163,28,28
45488,120,124,-4,4
45489,99,98,1,1
45490,45,56,-11,11
45491,94,90,4,4
45492,80,61,19,19
45493,85,73,12,12
45494,74,75,-1,1
45495,78,77,1,1
45496,131,101,30,30
45497,95,90,5,5
45498,59,71,-12,12
45499,72,64,8,8
45500,108,95,13,13
45501,71,69,2,2
45502,74,78,-4,4
45503,134,144,-10,10
45504,101,112,-11,11
45505,68,73,-5,5
45506,127,105,22,22
45507,195,164,31,31
45508,73,82,-9,9
45509,77,74,3,3
45510,79,68,11,11
45511,59,56,3,3
45512,115,104,11,11
45513,79,81,-2,2
45514,91,95,-4,4
45515,82,80,2,2
45516,72,72,0,0
45517,63,74,-11,11
45518,89,95,-6,6
45519,69,63,6,6
45520,62,94,-32,32
45521,45,45,0,0
45522,87,101,-14,14
45523,75,89,-14,14
45524,105,98,7,7
45525,93,73,20,20
45526,104,101,3,3
45527,86,88,-2,2
45528,159,141,18,18
45529,93,89,4,4
45530,112,107,5,5
45531,120,122,-2,2
45532,62,42,20,20
45533,108,110,-2,2
45534,124,125,-1,1
45535,167,153,14,14
45536,163,138,25,25
45537,113,113,0,0
45538,98,53,45,45
45539,64,75,-11,11
45540,120,119,1,1
45541,52,44,8,8
45542,42,42,0,0
45543,131,132,-1,1
45544,95,77,18,18
45545,85,81,4,4
45546,71,71,0,0
45547,116,110,6,6
45548,91,84,7,7
45549,94,103,-9,9
45550,52,51,1,1
45551,84,113,-29,29
45552,61,42,19,19
45553,101,103,-2,2
45554,97,93,4,4
45555,96,98,-2,2
45556,141,146,-5,5
45557,124,120,4,4
45558,72,81,-9,9
45559,79,136,-57,57
45560,155,151,4,4
45561,112,122,-10,10
45562,63,67,-4,4
45563,73,73,0,0
45564,67,76,-9,9
45565,61,67,-6,6
45566,114,127,-13,13
45567,33,40,-7,7
45568,64,75,-11,11
45569,79,78,1,1
45570,149,150,-1,1
45571,97,106,-9,9
45572,84,81,3,3
45573,134,134,0,0
45574,85,91,-6,6
45575,123,113,10,10
45576,97,94,3,3
45577,69,88,-19,19
45578,116,110,6,6
45579,92,87,5,5
45580,125,132,-7,7
45581,103,101,2,2
45582,99,94,5,5
45583,154,160,-6,6
45584,102,106,-4,4
45585,53,45,8,8
45586,104,106,-2,2
45587,218,169,49,49
45588,57,55,2,2
45589,154,166,-12,12
45590,141,149,-8,8
45591,113,124,-11,11
45592,69,72,-3,3
45593,87,102,-15,15
45594,126,130,-4,4
45595,99,100,-1,1
45596,85,92,-7,7
45597,78,78,0,0
45598,85,65,20,20
45599,77,78,-1,1
45600,97,95,2,2
45601,67,84,-17,17
45602,114,113,1,1
45603,130,140,-10,10
45604,127,101,26,26
45605,66,63,3,3
45606,74,90,-16,16
45607,117,135,-18,18
45608,57,51,6,6
45609,169,163,6,6
45610,79,81,-2,2
45611,122,143,-21,21
45612,117,118,-1,1
45613,82,89,-7,7
45614,119,112,7,7
45615,105,116,-11,11
45616,121,118,3,3
45617,107,105,2,2
45618,63,75,-12,12
45619,76,79,-3,3
45620,141,99,42,42
45621,76,73,3,3
45622,189,171,18,18
45623,78,83,-5,5
45624,105,127,-22,22
45625,69,56,13,13
45626,95,95,0,0
45627,55,62,-7,7
45628,85,88,-3,3
45629,62,64,-2,2
45630,72,74,-2,2
45631,91,94,-3,3
45632,78,96,-18,18
45633,69,67,2,2
45634,58,70,-12,12
45635,104,95,9,9
45636,90,94,-4,4
45637,45,81,-36,36
45638,109,110,-1,1
45639,174,181,-7,7
45640,102,120,-18,18
45641,72,56,16,16
45642,93,108,-15,15
45643,88,122,-34,34
45644,147,141,6,6
45645,116,117,-1,1
45646,71,105,-34,34
45647,59,60,-1,1
45648,110,118,-8,8
45649,112,114,-2,2
45650,67,100,-33,33
45651,63,69,-6,6
45652,99,81,18,18
45653,71,57,14,14
45654,61,60,1,1
45655,145,183,-38,38
45656,59,73,-14,14
45657,91,96,-5,5
45658,97,95,2,2
45659,67,48,19,19
45660,75,81,-6,6
45661,107,91,16,16
45662,47,89,-42,42
45663,111,92,19,19
45664,122,112,10,10
45665,145,150,-5,5
45666,133,125,8,8
45667,90,76,14,14
45668,153,157,-4,4
45669,83,77,6,6
45670,44,58,-14,14
45671,64,65,-1,1
45672,74,84,-10,10
45673,98,105,-7,7
45674,117,101,16,16
45675,83,95,-12,12
45676,52,61,-9,9
45677,74,68,6,6
45678,128,127,1,1
45679,75,87,-12,12
45680,71,74,-3,3
45681,72,65,7,7
45682,80,80,0,0
45683,98,104,-6,6
45684,138,139,-1,1
45685,161,151,10,10
45686,152,136,16,16
45687,117,110,7,7
45688,96,99,-3,3
45689,76,77,-1,1
45690,150,154,-4,4
45691,71,78,-7,7
45692,127,133,-6,6
45693,93,101,-8,8
45694,116,118,-2,2
45695,128,118,10,10
45696,47,67,-20,20
45697,53,68,-15,15
45698,173,164,9,9
45699,84,100,-16,16
45700,74,79,-5,5
45701,40,45,-5,5
45702,125,97,28,28
45703,100,102,-2,2
45704,62,54,8,8
45705,120,110,10,10
45706,163,133,30,30
45707,111,109,2,2
45708,62,84,-22,22
45709,104,111,-7,7
45710,96,94,2,2
45711,71,80,-9,9
45712,94,104,-10,10
45713,109,107,2,2
45714,46,56,-10,10
45715,94,92,2,2
45716,52,45,7,7
45717,88,96,-8,8
45718,68,80,-12,12
45719,193,217,-24,24
45720,137,143,-6,6
45721,109,105,4,4
45722,97,90,7,7
45723,114,109,5,5
45724,90,94,-4,4
45725,57,64,-7,7
45726,119,116,3,3
45727,157,157,0,0
45728,86,77,9,9
45729,108,110,-2,2
45730,82,85,-3,3
45731,111,108,3,3
45732,110,104,6,6
45733,108,95,13,13
45734,92,94,-2,2
45735,38,29,9,9
45736,92,103,-11,11
45737,92,96,-4,4
45738,68,58,10,10
45739,74,99,-25,25
45740,83,96,-13,13
45741,106,91,15,15
45742,86,84,2,2
45743,78,76,2,2
45744,155,153,2,2
45745,116,121,-5,5
45746,129,66,63,63
45747,99,102,-3,3
45748,114,110,4,4
45749,103,94,9,9
45750,82,76,6,6
45751,50,42,8,8
45752,86,93,-7,7
45753,82,84,-2,2
45754,82,96,-14,14
45755,50,38,12,12
45756,88,83,5,5
45757,86,66,20,20
45758,103,98,5,5
45759,60,65,-5,5
45760,68,80,-12,12
45761,86,86,0,0
45762,85,80,5,5
45763,80,79,1,1
45764,58,74,-16,16
45765,63,87,-24,24
45766,117,124,-7,7
45767,97,105,-8,8
45768,59,63,-4,4
45769,66,73,-7,7
45770,121,139,-18,18
45771,77,79,-2,2
45772,47,36,11,11
45773,61,71,-10,10
45774,128,127,1,1
45775,225,197,28,28
45776,145,134,11,11
45777,125,116,9,9
45778,40,26,14,14
45779,94,96,-2,2
45780,103,108,-5,5
45781,137,141,-4,4
45782,151,138,13,13
45783,98,98,0,0
45784,115,116,-1,1
45785,77,78,-1,1
45786,75,91,-16,16
45787,75,36,39,39
45788,117,107,10,10
45789,133,140,-7,7
45790,89,104,-15,15
45791,92,104,-12,12
45792,66,73,-7,7
45793,26,27,-1,1
45794,135,129,6,6
45795,82,101,-19,19
45796,44,55,-11,11
45797,79,103,-24,24
45798,135,128,7,7
45799,122,131,-9,9
45800,177,169,8,8
45801,93,85,8,8
45802,54,38,16,16
45803,104,122,-18,18
45804,69,70,-1,1
45805,64,72,-8,8
45806,113,124,-11,11
45807,69,71,-2,2
45808,127,137,-10,10
45809,115,116,-1,1
45810,75,71,4,4
45811,81,86,-5,5
45812,35,26,9,9
45813,120,114,6,6
45814,86,99,-13,13
45815,111,120,-9,9
45816,149,117,32,32
45817,86,90,-4,4
45818,122,113,9,9
45819,80,78,2,2
45820,91,87,4,4
45821,106,111,-5,5
45822,30,74,-44,44
45823,84,83,1,1
45824,159,132,27,27
45825,76,85,-9,9
45826,73,68,5,5
45827,78,79,-1,1
45828,271,214,57,57
45829,138,122,16,16
45830,72,75,-3,3
45831,77,115,-38,38
45832,94,84,10,10
45833,101,106,-5,5
45834,72,74,-2,2
45835,101,107,-6,6
45836,120,110,10,10
45837,159,157,2,2
45838,78,66,12,12
45839,78,87,-9,9
45840,106,102,4,4
45841,87,100,-13,13
45842,62,50,12,12
45843,106,112,-6,6
45844,127,106,21,21
45845,101,88,13,13
45846,56,38,18,18
45847,41,46,-5,5
45848,83,80,3,3
45849,128,136,-8,8
45850,86,77,9,9
45851,82,83,-1,1
45852,104,97,7,7
45853,116,133,-17,17
45854,115,45,70,70
45855,81,79,2,2
45856,82,103,-21,21
45857,88,95,-7,7
45858,115,121,-6,6
45859,170,166,4,4
45860,110,120,-10,10
45861,228,179,49,49
45862,161,153,8,8
45863,72,60,12,12
45864,171,157,14,14
45865,117,105,12,12
45866,116,112,4,4
45867,60,59,1,1
45868,113,129,-16,16
45869,121,116,5,5
45870,41,53,-12,12
45871,98,98,0,0
45872,83,83,0,0
45873,56,61,-5,5
45874,107,108,-1,1
45875,90,101,-11,11
45876,91,106,-15,15
45877,68,79,-11,11
45878,131,117,14,14
45879,95,83,12,12
45880,93,85,8,8
45881,99,95,4,4
45882,195,155,40,40
45883,124,129,-5,5
45884,124,122,2,2
45885,44,100,-56,56
45886,63,57,6,6
45887,175,163,12,12
45888,127,117,10,10
45889,113,117,-4,4
45890,118,94,24,24
45891,99,98,1,1
45892,89,87,2,2
45893,64,53,11,11
45894,73,75,-2,2
45895,104,87,17,17
45896,50,71,-21,21
45897,94,90,4,4
45898,115,119,-4,4
45899,91,92,-1,1
45900,80,85,-5,5
45901,81,94,-13,13
45902,80,83,-3,3
45903,100,101,-1,1
45904,123,119,4,4
45905,89,86,3,3
45906,71,78,-7,7
45907,162,144,18,18
45908,152,141,11,11
45909,69,68,1,1
45910,81,95,-14,14
45911,71,74,-3,3
45912,90,96,-6,6
45913,104,101,3,3
45914,106,96,10,10
45915,66,97,-31,31
45916,66,68,-2,2
45917,79,103,-24,24
45918,45,41,4,4
45919,89,84,5,5
45920,105,105,0,0
45921,59,65,-6,6
45922,103,100,3,3
45923,116,120,-4,4
45924,93,107,-14,14
45925,116,123,-7,7
45926,133,127,6,6
45927,86,97,-11,11
45928,86,81,5,5
45929,65,69,-4,4
45930,139,138,1,1
45931,117,124,-7,7
45932,67,73,-6,6
45933,119,104,15,15
45934,81,106,-25,25
45935,127,127,0,0
45936,142,138,4,4
45937,87,92,-5,5
45938,70,70,0,0
45939,79,95,-16,16
45940,119,114,5,5
45941,73,73,0,0
45942,72,80,-8,8
45943,87,91,-4,4
45944,108,110,-2,2
45945,120,123,-3,3
45946,82,79,3,3
45947,97,105,-8,8
45948,73,71,2,2
45949,69,79,-10,10
45950,96,94,2,2
45951,44,48,-4,4
45952,104,104,0,0
45953,68,63,5,5
45954,108,84,24,24
45955,81,79,2,2
45956,124,119,5,5
45957,91,91,0,0
45958,116,136,-20,20
45959,41,34,7,7
45960,93,91,2,2
45961,100,99,1,1
45962,70,77,-7,7
45963,82,86,-4,4
45964,124,113,11,11
45965,168,147,21,21
45966,81,76,5,5
45967,124,133,-9,9
45968,74,72,2,2
45969,191,187,4,4
45970,99,103,-4,4
45971,72,71,1,1
45972,92,110,-18,18
45973,122,122,0,0
45974,104,91,13,13
45975,93,90,3,3
45976,50,47,3,3
45977,79,88,-9,9
45978,86,79,7,7
45979,147,153,-6,6
45980,129,142,-13,13
45981,135,149,-14,14
45982,124,105,19,19
45983,91,91,0,0
45984,80,94,-14,14
45985,150,158,-8,8
45986,113,104,9,9
45987,74,78,-4,4
45988,165,149,16,16
45989,105,97,8,8
45990,49,35,14,14
45991,96,109,-13,13
45992,115,104,11,11
45993,132,139,-7,7
45994,111,100,11,11
45995,44,79,-35,35
45996,98,98,0,0
45997,52,46,6,6
45998,78,78,0,0
45999,71,99,-28,28
46000,30,17,13,13
46001,116,124,-8,8
46002,128,152,-24,24
46003,75,78,-3,3
46004,47,63,-16,16
46005,89,93,-4,4
46006,88,85,3,3
46007,102,99,3,3
46008,48,52,-4,4
46009,59,55,4,4
46010,131,126,5,5
46011,71,74,-3,3
46012,81,85,-4,4
46013,110,113,-3,3
46014,154,144,10,10
46015,120,109,11,11
46016,155,130,25,25
46017,109,104,5,5
46018,71,82,-11,11
46019,81,106,-25,25
46020,58,60,-2,2
46021,69,64,5,5
46022,134,129,5,5
46023,99,120,-21,21
46024,71,73,-2,2
46025,99,103,-4,4
46026,76,78,-2,2
46027,98,90,8,8
46028,68,67,1,1
46029,105,96,9,9
46030,109,115,-6,6
46031,143,146,-3,3
46032,112,103,9,9
46033,82,105,-23,23
46034,59,73,-14,14
46035,170,155,15,15
46036,84,96,-12,12
46037,84,83,1,1
46038,97,107,-10,10
46039,241,195,46,46
46040,216,178,38,38
46041,121,91,30,30
46042,72,70,2,2
46043,61,75,-14,14
46044,76,86,-10,10
46045,140,136,4,4
46046,101,106,-5,5
46047,92,97,-5,5
46048,65,54,11,11
46049,62,74,-12,12
46050,62,79,-17,17
46051,172,158,14,14
46052,82,77,5,5
46053,118,121,-3,3
46054,99,104,-5,5
46055,121,113,8,8
46056,108,100,8,8
46057,96,80,16,16
46058,145,119,26,26
46059,111,129,-18,18
46060,46,52,-6,6
46061,74,81,-7,7
46062,96,91,5,5
46063,60,67,-7,7
46064,110,137,-27,27
46065,78,89,-11,11
46066,114,92,22,22
46067,154,162,-8,8
46068,165,158,7,7
46069,42,41,1,1
46070,91,92,-1,1
46071,100,103,-3,3
46072,110,93,17,17
46073,67,65,2,2
46074,68,81,-13,13
46075,137,113,24,24
46076,87,99,-12,12
46077,93,85,8,8
46078,86,85,1,1
46079,200,176,24,24
46080,119,117,2,2
46081,176,169,7,7
46082,75,81,-6,6
46083,125,64,61,61
46084,74,88,-14,14
46085,102,104,-2,2
46086,53,66,-13,13
46087,107,100,7,7
46088,95,82,13,13
46089,120,125,-5,5
46090,88,90,-2,2
46091,66,78,-12,12
46092,94,104,-10,10
46093,137,148,-11,11
46094,67,82,-15,15
46095,83,92,-9,9
46096,56,77,-21,21
46097,139,119,20,20
46098,100,94,6,6
46099,78,97,-19,19
46100,103,104,-1,1
46101,59,68,-9,9
46102,47,54,-7,7
46103,65,64,1,1
46104,112,104,8,8
46105,132,124,8,8
46106,82,93,-11,11
46107,118,121,-3,3
46108,109,96,13,13
46109,91,85,6,6
46110,67,75,-8,8
46111,83,87,-4,4
46112,79,82,-3,3
46113,26,8,18,18
46114,44,68,-24,24
46115,71,87,-16,16
46116,86,90,-4,4
46117,77,81,-4,4
46118,53,85,-32,32
46119,98,95,3,3
46120,144,135,9,9
46121,89,91,-2,2
46122,67,65,2,2
46123,147,140,7,7
46124,127,135,-8,8
46125,85,84,1,1
46126,66,39,27,27
46127,89,86,3,3
46128,89,90,-1,1
46129,75,86,-11,11
46130,72,76,-4,4
46131,101,106,-5,5
46132,126,114,12,12
46133,62,61,1,1
46134,83,86,-3,3
46135,151,139,12,12
46136,102,55,47,47
46137,215,176,39,39
46138,149,139,10,10
46139,133,132,1,1
46140,90,98,-8,8
46141,100,81,19,19
46142,57,52,5,5
46143,61,107,-46,46
46144,41,41,0,0
46145,137,131,6,6
46146,164,150,14,14
46147,242,228,14,14
46148,99,107,-8,8
46149,51,48,3,3
46150,68,69,-1,1
46151,78,75,3,3
46152,120,124,-4,4
46153,87,87,0,0
46154,105,110,-5,5
46155,112,116,-4,4
46156,87,84,3,3
46157,88,96,-8,8
46158,71,56,15,15
46159,125,115,10,10
46160,73,88,-15,15
46161,108,109,-1,1
46162,76,79,-3,3
46163,45,40,5,5
46164,100,115,-15,15
46165,76,82,-6,6
46166,158,144,14,14
46167,92,94,-2,2
46168,77,77,0,0
46169,44,32,12,12
46170,115,127,-12,12
46171,85,95,-10,10
46172,109,116,-7,7
46173,89,84,5,5
46174,39,90,-51,51
46175,66,75,-9,9
46176,62,78,-16,16
46177,89,92,-3,3
46178,130,135,-5,5
46179,92,93,-1,1
46180,138,126,12,12
46181,118,106,12,12
46182,219,238,-19,19
46183,104,114,-10,10
46184,94,103,-9,9
46185,100,87,13,13
46186,54,55,-1,1
46187,153,131,22,22
46188,84,79,5,5
46189,91,100,-9,9
46190,46,45,1,1
46191,53,69,-16,16
46192,77,68,9,9
46193,80,77,3,3
46194,138,138,0,0
46195,80,87,-7,7
46196,138,100,38,38
46197,141,138,3,3
46198,91,92,-1,1
46199,176,147,29,29
46200,117,103,14,14
46201,69,80,-11,11
46202,108,120,-12,12
46203,101,94,7,7
46204,135,121,14,14
46205,115,115,0,0
46206,102,123,-21,21
46207,56,70,-14,14
46208,96,106,-10,10
46209,69,69,0,0
46210,106,111,-5,5
46211,151,159,-8,8
46212,110,107,3,3
46213,112,46,66,66
46214,134,125,9,9
46215,65,62,3,3
46216,66,78,-12,12
46217,97,106,-9,9
46218,109,118,-9,9
46219,141,145,-4,4
46220,78,61,17,17
46221,94,88,6,6
46222,64,65,-1,1
46223,47,63,-16,16
46224,79,75,4,4
46225,104,114,-10,10
46226,39,81,-42,42
46227,62,82,-20,20
46228,123,123,0,0
46229,144,110,34,34
46230,108,120,-12,12
46231,183,167,16,16
46232,85,94,-9,9
46233,49,67,-18,18
46234,40,35,5,5
46235,27,32,-5,5
46236,107,115,-8,8
46237,135,141,-6,6
46238,129,122,7,7
46239,77,76,1,1
46240,61,66,-5,5
46241,58,68,-10,10
46242,144,141,3,3
46243,53,48,5,5
46244,95,107,-12,12
46245,82,71,11,11
46246,73,80,-7,7
46247,174,174,0,0
46248,101,102,-1,1
46249,100,125,-25,25
46250,81,84,-3,3
46251,94,98,-4,4
46252,76,78,-2,2
46253,70,73,-3,3
46254,100,114,-14,14
46255,79,85,-6,6
46256,83,80,3,3
46257,90,84,6,6
46258,136,131,5,5
46259,61,84,-23,23
46260,106,114,-8,8
46261,90,96,-6,6
46262,32,33,-1,1
46263,100,113,-13,13
46264,74,64,10,10
46265,62,69,-7,7
46266,101,77,24,24
46267,104,100,4,4
46268,94,89,5,5
46269,95,82,13,13
46270,134,146,-12,12
46271,134,140,-6,6
46272,77,74,3,3
46273,80,102,-22,22
46274,90,91,-1,1
46275,128,119,9,9
46276,108,113,-5,5
46277,64,67,-3,3
46278,44,25,19,19
46279,115,118,-3,3
46280,49,81,-32,32
46281,64,92,-28,28
46282,64,57,7,7
46283,128,92,36,36
46284,69,82,-13,13
46285,73,64,9,9
46286,38,35,3,3
46287,71,76,-5,5
46288,94,113,-19,19
46289,89,91,-2,2
46290,63,66,-3,3
46291,116,110,6,6
46292,83,86,-3,3
46293,38,34,4,4
46294,57,67,-10,10
46295,84,93,-9,9
46296,552,368,184,184
46297,75,86,-11,11
46298,70,50,20,20
46299,90,103,-13,13
46300,181,175,6,6
46301,109,125,-16,16
46302,99,117,-18,18
46303,99,100,-1,1
46304,73,81,-8,8
46305,71,76,-5,5
46306,125,125,0,0
46307,142,141,1,1
46308,125,126,-1,1
46309,99,104,-5,5
46310,127,121,6,6
46311,134,119,15,15
46312,87,86,1,1
46313,99,105,-6,6
46314,116,119,-3,3
46315,57,61,-4,4
46316,160,156,4,4
46317,104,98,6,6
46318,106,115,-9,9
46319,82,84,-2,2
46320,149,134,15,15
46321,122,148,-26,26
46322,46,48,-2,2
46323,44,64,-20,20
46324,47,61,-14,14
46325,46,64,-18,18
46326,103,111,-8,8
46327,118,116,2,2
46328,62,67,-5,5
46329,61,74,-13,13
46330,90,88,2,2
46331,87,90,-3,3
46332,163,145,18,18
46333,108,127,-19,19
46334,68,97,-29,29
46335,128,94,34,34
46336,132,155,-23,23
46337,48,80,-32,32
46338,66,76,-10,10
46339,62,55,7,7
46340,77,79,-2,2
46341,47,59,-12,12
46342,124,116,8,8
46343,95,104,-9,9
46344,65,60,5,5
46345,70,88,-18,18
46346,133,134,-1,1
46347,98,111,-13,13
46348,138,154,-16,16
46349,93,94,-1,1
46350,136,127,9,9
46351,119,129,-10,10
46352,102,94,8,8
46353,106,128,-22,22
46354,75,87,-12,12
46355,58,52,6,6
46356,130,131,-1,1
46357,85,90,-5,5
46358,102,86,16,16
46359,66,79,-13,13
46360,83,102,-19,19
46361,85,80,5,5
46362,122,119,3,3
46363,107,108,-1,1
46364,68,78,-10,10
46365,58,64,-6,6
46366,87,90,-3,3
46367,67,78,-11,11
46368,74,85,-11,11
46369,68,62,6,6
46370,104,115,-11,11
46371,158,147,11,11
46372,131,122,9,9
46373,103,97,6,6
46374,109,117,-8,8
46375,64,63,1,1
46376,123,118,5,5
46377,111,103,8,8
46378,38,47,-9,9
46379,59,63,-4,4
46380,46,56,-10,10
46381,101,109,-8,8
46382,149,139,10,10
46383,116,109,7,7
46384,62,80,-18,18
46385,78,80,-2,2
46386,92,95,-3,3
46387,109,114,-5,5
46388,94,106,-12,12
46389,107,104,3,3
46390,75,88,-13,13
46391,64,75,-11,11
46392,30,33,-3,3
46393,127,132,-5,5
46394,67,60,7,7
46395,109,116,-7,7
46396,187,154,33,33
46397,90,99,-9,9
46398,123,122,1,1
46399,72,76,-4,4
46400,124,117,7,7
46401,110,126,-16,16
46402,108,116,-8,8
46403,65,60,5,5
46404,116,141,-25,25
46405,77,103,-26,26
46406,40,43,-3,3
46407,108,116,-8,8
46408,159,154,5,5
46409,60,74,-14,14
46410,116,112,4,4
46411,124,140,-16,16
46412,94,100,-6,6
46413,90,89,1,1
46414,30,22,8,8
46415,89,106,-17,17
46416,89,89,0,0
46417,111,128,-17,17
46418,84,99,-15,15
46419,49,56,-7,7
46420,75,68,7,7
46421,136,129,7,7
46422,41,114,-73,73
46423,72,69,3,3
46424,173,170,3,3
46425,70,86,-16,16
46426,90,88,2,2
46427,153,151,2,2
46428,138,145,-7,7
46429,147,134,13,13
46430,116,134,-18,18
46431,148,146,2,2
46432,117,119,-2,2
46433,103,105,-2,2
46434,123,115,8,8
46435,151,134,17,17
46436,126,127,-1,1
46437,105,109,-4,4
46438,111,111,0,0
46439,71,66,5,5
46440,99,108,-9,9
46441,59,73,-14,14
46442,104,97,7,7
46443,60,52,8,8
46444,88,105,-17,17
46445,63,55,8,8
46446,186,152,34,34
46447,97,80,17,17
46448,128,128,0,0
46449,162,117,45,45
46450,74,83,-9,9
46451,92,83,9,9
46452,153,153,0,0
46453,97,107,-10,10
46454,116,113,3,3
46455,161,137,24,24
46456,73,76,-3,3
46457,107,102,5,5
46458,112,134,-22,22
46459,89,97,-8,8
46460,92,107,-15,15
46461,83,76,7,7
46462,108,124,-16,16
46463,108,124,-16,16
46464,49,45,4,4
46465,64,57,7,7
46466,109,120,-11,11
46467,52,64,-12,12
46468,139,148,-9,9
46469,90,95,-5,5
46470,90,76,14,14
46471,70,81,-11,11
46472,97,110,-13,13
46473,56,60,-4,4
46474,64,74,-10,10
46475,67,69,-2,2
46476,48,40,8,8
46477,69,53,16,16
46478,93,102,-9,9
46479,144,146,-2,2
46480,145,151,-6,6
46481,142,142,0,0
46482,150,120,30,30
46483,58,44,14,14
46484,120,106,14,14
46485,102,99,3,3
46486,142,148,-6,6
46487,100,102,-2,2
46488,125,127,-2,2
46489,84,113,-29,29
46490,123,125,-2,2
46491,145,143,2,2
46492,86,94,-8,8
46493,73,78,-5,5
46494,97,112,-15,15
46495,57,57,0,0
46496,122,128,-6,6
46497,71,74,-3,3
46498,99,102,-3,3
46499,83,64,19,19
46500,165,151,14,14
46501,193,144,49,49
46502,104,95,9,9
46503,110,113,-3,3
46504,65,98,-33,33
46505,72,82,-10,10
46506,76,86,-10,10
46507,173,155,18,18
46508,76,89,-13,13
46509,95,108,-13,13
46510,96,87,9,9
46511,82,80,2,2
46512,91,99,-8,8
46513,88,93,-5,5
46514,104,111,-7,7
46515,114,124,-10,10
46516,109,108,1,1
46517,74,82,-8,8
46518,137,140,-3,3
46519,93,93,0,0
46520,88,93,-5,5
46521,55,71,-16,16
46522,72,97,-25,25
46523,71,105,-34,34
46524,110,92,18,18
46525,114,90,24,24
46526,128,141,-13,13
46527,65,44,21,21
46528,114,128,-14,14
46529,97,104,-7,7
46530,117,149,-32,32
46531,72,73,-1,1
46532,92,86,6,6
46533,64,55,9,9
46534,125,131,-6,6
46535,99,102,-3,3
46536,56,69,-13,13
46537,54,54,0,0
46538,122,122,0,0
46539,178,158,20,20
46540,179,167,12,12
46541,80,77,3,3
46542,109,116,-7,7
46543,83,97,-14,14
46544,103,97,6,6
46545,61,68,-7,7
46546,125,122,3,3
46547,96,96,0,0
46548,96,118,-22,22
46549,97,92,5,5
46550,108,104,4,4
46551,89,107,-18,18
46552,55,62,-7,7
46553,87,133,-46,46
46554,49,43,6,6
46555,94,102,-8,8
46556,93,119,-26,26
46557,75,82,-7,7
46558,65,72,-7,7
46559,52,45,7,7
46560,83,85,-2,2
46561,123,104,19,19
46562,92,96,-4,4
46563,74,86,-12,12
46564,109,111,-2,2
46565,52,52,0,0
46566,76,80,-4,4
46567,116,105,11,11
46568,83,88,-5,5
46569,82,82,0,0
46570,144,143,1,1
46571,35,22,13,13
46572,155,158,-3,3
46573,136,109,27,27
46574,123,133,-10,10
46575,81,67,14,14
46576,66,62,4,4
46577,131,132,-1,1
46578,133,123,10,10
46579,71,84,-13,13
46580,82,87,-5,5
46581,82,83,-1,1
46582,42,34,8,8
46583,137,148,-11,11
46584,140,140,0,0
46585,58,78,-20,20
46586,117,112,5,5
46587,69,79,-10,10
46588,85,83,2,2
46589,52,47,5,5
46590,87,99,-12,12
46591,135,145,-10,10
46592,64,68,-4,4
46593,129,115,14,14
46594,190,189,1,1
46595,68,72,-4,4
46596,82,71,11,11
46597,75,66,9,9
46598,149,143,6,6
46599,84,82,2,2
46600,54,48,6,6
46601,98,94,4,4
46602,99,87,12,12
46603,125,129,-4,4
46604,86,75,11,11
46605,95,103,-8,8
46606,75,85,-10,10
46607,80,79,1,1
46608,118,130,-12,12
46609,91,96,-5,5
46610,106,98,8,8
46611,85,91,-6,6
46612,153,145,8,8
46613,103,116,-13,13
46614,159,158,1,1
46615,69,74,-5,5
46616,166,123,43,43
46617,109,109,0,0
46618,133,130,3,3
46619,191,169,22,22
46620,113,95,18,18
46621,124,105,19,19
46622,139,129,10,10
46623,88,117,-29,29
46624,43,118,-75,75
46625,71,78,-7,7
46626,116,108,8,8
46627,115,89,26,26
46628,118,125,-7,7
46629,62,65,-3,3
46630,106,113,-7,7
46631,116,132,-16,16
46632,137,137,0,0
46633,201,168,33,33
46634,53,56,-3,3
46635,73,79,-6,6
46636,46,59,-13,13
46637,90,83,7,7
46638,126,138,-12,12
46639,113,116,-3,3
46640,80,69,11,11
46641,102,92,10,10
46642,161,136,25,25
46643,103,105,-2,2
46644,119,130,-11,11
46645,54,67,-13,13
46646,159,141,18,18
46647,87,83,4,4
46648,59,59,0,0
46649,59,62,-3,3
46650,90,100,-10,10
46651,59,73,-14,14
46652,104,102,2,2
46653,131,128,3,3
46654,60,59,1,1
46655,68,71,-3,3
46656,86,93,-7,7
46657,88,95,-7,7
46658,146,146,0,0
46659,62,65,-3,3
46660,152,146,6,6
46661,104,99,5,5
46662,67,58,9,9
46663,102,105,-3,3
46664,96,93,3,3
46665,99,125,-26,26
46666,99,107,-8,8
46667,76,78,-2,2
46668,97,106,-9,9
46669,83,95,-12,12
46670,112,125,-13,13
46671,63,61,2,2
46672,136,140,-4,4
46673,74,69,5,5
46674,172,134,38,38
46675,136,123,13,13
46676,120,123,-3,3
46677,116,122,-6,6
46678,126,122,4,4
46679,114,110,4,4
46680,72,73,-1,1
46681,104,102,2,2
46682,147,126,21,21
46683,103,112,-9,9
46684,81,75,6,6
46685,80,95,-15,15
46686,101,100,1,1
46687,125,100,25,25
46688,92,66,26,26
46689,84,89,-5,5
46690,80,102,-22,22
46691,150,146,4,4
46692,61,80,-19,19
46693,112,113,-1,1
46694,112,109,3,3
46695,67,73,-6,6
46696,137,127,10,10
46697,58,47,11,11
46698,105,113,-8,8
46699,88,99,-11,11
46700,76,70,6,6
46701,88,99,-11,11
46702,108,117,-9,9
46703,97,103,-6,6
46704,141,144,-3,3
46705,64,80,-16,16
46706,51,69,-18,18
46707,101,92,9,9
46708,158,164,-6,6
46709,97,106,-9,9
46710,79,85,-6,6
46711,69,66,3,3
46712,97,104,-7,7
46713,90,107,-17,17
46714,85,79,6,6
46715,90,99,-9,9
46716,120,115,5,5
46717,61,59,2,2
46718,145,143,2,2
46719,77,84,-7,7
46720,49,78,-29,29
46721,81,95,-14,14
46722,70,87,-17,17
46723,107,104,3,3
46724,87,79,8,8
46725,66,66,0,0
46726,108,125,-17,17
46727,86,100,-14,14
46728,68,71,-3,3
46729,84,81,3,3
46730,72,85,-13,13
46731,67,72,-5,5
46732,73,76,-3,3
46733,81,84,-3,3
46734,65,63,2,2
46735,130,112,18,18
46736,47,35,12,12
46737,117,121,-4,4
46738,141,107,34,34
46739,204,157,47,47
46740,85,92,-7,7
46741,116,128,-12,12
46742,118,115,3,3
46743,110,111,-1,1
46744,100,102,-2,2
46745,93,93,0,0
46746,53,49,4,4
46747,86,80,6,6
46748,70,71,-1,1
46749,80,85,-5,5
46750,146,149,-3,3
46751,72,71,1,1
46752,154,140,14,14
46753,206,151,55,55
46754,72,76,-4,4
46755,141,137,4,4
46756,83,106,-23,23
46757,141,138,3,3
46758,97,104,-7,7
46759,137,133,4,4
46760,124,128,-4,4
46761,84,86,-2,2
46762,102,114,-12,12
46763,22,53,-31,31
46764,97,108,-11,11
46765,59,67,-8,8
46766,124,114,10,10
46767,198,175,23,23
46768,93,86,7,7
46769,96,93,3,3
46770,99,105,-6,6
46771,191,165,26,26
46772,88,87,1,1
46773,88,80,8,8
46774,114,126,-12,12
46775,85,95,-10,10
46776,85,73,12,12
46777,63,57,6,6
46778,129,106,23,23
46779,142,146,-4,4
46780,66,80,-14,14
46781,64,59,5,5
46782,72,72,0,0
46783,143,134,9,9
46784,73,71,2,2
46785,92,104,-12,12
46786,80,28,52,52
46787,123,122,1,1
46788,67,71,-4,4
46789,87,108,-21,21
46790,81,67,14,14
46791,77,91,-14,14
46792,70,56,14,14
46793,120,121,-1,1
46794,119,116,3,3
46795,116,132,-16,16
46796,193,190,3,3
46797,90,91,-1,1
46798,113,145,-32,32
46799,109,108,1,1
46800,85,5,80,80
46801,63,67,-4,4
46802,56,67,-11,11
46803,131,138,-7,7
46804,108,110,-2,2
46805,58,48,10,10
46806,57,65,-8,8
46807,98,125,-27,27
46808,86,102,-16,16
46809,60,70,-10,10
46810,54,59,-5,5
46811,160,153,7,7
46812,91,114,-23,23
46813,179,145,34,34
46814,68,87,-19,19
46815,143,152,-9,9
46816,86,75,11,11
46817,115,119,-4,4
46818,139,127,12,12
46819,95,109,-14,14
46820,66,80,-14,14
46821,66,68,-2,2
46822,143,138,5,5
46823,87,89,-2,2
46824,85,84,1,1
46825,77,85,-8,8
46826,77,74,3,3
46827,91,73,18,18
46828,80,80,0,0
46829,23,18,5,5
46830,92,98,-6,6
46831,109,97,12,12
46832,115,108,7,7
46833,93,91,2,2
46834,67,90,-23,23
46835,150,125,25,25
46836,78,69,9,9
46837,159,151,8,8
46838,124,111,13,13
46839,93,117,-24,24
46840,133,138,-5,5
46841,79,84,-5,5
46842,62,78,-16,16
46843,73,80,-7,7
46844,66,69,-3,3
46845,69,72,-3,3
46846,146,158,-12,12
46847,73,54,19,19
46848,91,102,-11,11
46849,67,77,-10,10
46850,80,110,-30,30
46851,96,94,2,2
46852,75,70,5,5
46853,72,98,-26,26
46854,87,92,-5,5
46855,93,67,26,26
46856,115,115,0,0
46857,142,151,-9,9
46858,168,112,56,56
46859,149,145,4,4
46860,91,101,-10,10
46861,69,78,-9,9
46862,112,112,0,0
46863,83,91,-8,8
46864,63,67,-4,4
46865,84,90,-6,6
46866,113,117,-4,4
46867,98,94,4,4
46868,174,182,-8,8
46869,103,95,8,8
46870,32,92,-60,60
46871,126,126,0,0
46872,132,138,-6,6
46873,49,38,11,11
46874,107,117,-10,10
46875,121,129,-8,8
46876,132,87,45,45
46877,75,79,-4,4
46878,71,67,4,4
46879,69,81,-12,12
46880,158,137,21,21
46881,73,83,-10,10
46882,146,141,5,5
46883,49,46,3,3
46884,124,123,1,1
46885,71,74,-3,3
46886,43,22,21,21
46887,94,127,-33,33
46888,120,136,-16,16
46889,107,122,-15,15
46890,83,88,-5,5
46891,111,107,4,4
46892,79,80,-1,1
46893,93,97,-4,4
46894,130,118,12,12
46895,119,115,4,4
46896,80,86,-6,6
46897,80,80,0,0
46898,76,62,14,14
46899,101,104,-3,3
46900,131,134,-3,3
46901,91,102,-11,11
46902,81,84,-3,3
46903,102,111,-9,9
46904,108,86,22,22
46905,79,79,0,0
46906,121,108,13,13
46907,135,139,-4,4
46908,68,88,-20,20
46909,104,123,-19,19
46910,44,40,4,4
46911,103,110,-7,7
46912,136,127,9,9
46913,107,84,23,23
46914,78,93,-15,15
46915,75,83,-8,8
46916,37,21,16,16
46917,24,15,9,9
46918,166,174,-8,8
46919,134,126,8,8
46920,116,128,-12,12
46921,85,108,-23,23
46922,130,138,-8,8
46923,150,136,14,14
46924,103,115,-12,12
46925,92,91,1,1
46926,127,134,-7,7
46927,72,70,2,2
46928,95,101,-6,6
46929,56,63,-7,7
46930,170,130,40,40
46931,106,110,-4,4
46932,78,75,3,3
46933,135,144,-9,9
46934,113,112,1,1
46935,191,138,53,53
46936,61,80,-19,19
46937,95,79,16,16
46938,119,125,-6,6
46939,114,104,10,10
46940,88,86,2,2
46941,71,82,-11,11
46942,76,97,-21,21
46943,50,72,-22,22
46944,69,68,1,1
46945,51,77,-26,26
46946,74,98,-24,24
46947,79,69,10,10
46948,74,78,-4,4
46949,113,125,-12,12
46950,99,104,-5,5
46951,86,94,-8,8
46952,91,84,7,7
46953,83,99,-16,16
46954,106,100,6,6
46955,66,68,-2,2
46956,74,70,4,4
46957,78,76,2,2
46958,101,88,13,13
46959,78,88,-10,10
46960,91,104,-13,13
46961,94,99,-5,5
46962,86,91,-5,5
46963,64,65,-1,1
46964,98,84,14,14
46965,100,101,-1,1
46966,148,141,7,7
46967,96,82,14,14
46968,135,121,14,14
46969,123,135,-12,12
46970,65,65,0,0
46971,86,78,8,8
46972,86,86,0,0
46973,93,83,10,10
46974,106,107,-1,1
46975,122,119,3,3
46976,75,89,-14,14
46977,86,93,-7,7
46978,51,44,7,7
46979,56,57,-1,1
46980,125,129,-4,4
46981,92,96,-4,4
46982,108,115,-7,7
46983,151,152,-1,1
46984,83,81,2,2
46985,66,62,4,4
46986,138,127,11,11
46987,120,118,2,2
46988,79,108,-29,29
46989,86,97,-11,11
46990,163,163,0,0
46991,112,116,-4,4
46992,98,98,0,0
46993,40,75,-35,35
46994,85,86,-1,1
46995,73,83,-10,10
46996,84,90,-6,6
46997,127,132,-5,5
46998,113,108,5,5
46999,116,112,4,4
47000,91,88,3,3
47001,91,84,7,7
47002,50,60,-10,10
47003,78,94,-16,16
47004,90,91,-1,1
47005,125,115,10,10
47006,84,92,-8,8
47007,79,78,1,1
47008,69,76,-7,7
47009,115,110,5,5
47010,227,199,28,28
47011,107,112,-5,5
47012,136,167,-31,31
47013,88,93,-5,5
47014,117,124,-7,7
47015,81,92,-11,11
47016,150,149,1,1
47017,101,121,-20,20
47018,169,172,-3,3
47019,75,75,0,0
47020,146,148,-2,2
47021,96,89,7,7
47022,66,49,17,17
47023,73,80,-7,7
47024,85,112,-27,27
47025,104,88,16,16
47026,53,54,-1,1
47027,148,155,-7,7
47028,119,91,28,28
47029,45,37,8,8
47030,72,72,0,0
47031,126,128,-2,2
47032,64,68,-4,4
47033,119,113,6,6
47034,89,92,-3,3
47035,139,146,-7,7
47036,111,115,-4,4
47037,100,79,21,21
47038,82,90,-8,8
47039,138,144,-6,6
47040,47,43,4,4
47041,167,135,32,32
47042,63,62,1,1
47043,118,108,10,10
47044,201,170,31,31
47045,82,89,-7,7
47046,91,103,-12,12
47047,81,88,-7,7
47048,91,93,-2,2
47049,119,111,8,8
47050,88,80,8,8
47051,76,80,-4,4
47052,86,95,-9,9
47053,47,55,-8,8
47054,134,76,58,58
47055,96,102,-6,6
47056,82,80,2,2
47057,82,80,2,2
47058,89,90,-1,1
47059,99,104,-5,5
47060,93,98,-5,5
47061,87,96,-9,9
47062,62,60,2,2
47063,58,54,4,4
47064,82,84,-2,2
47065,142,132,10,10
47066,101,98,3,3
47067,127,124,3,3
47068,46,39,7,7
47069,116,115,1,1
47070,54,55,-1,1
47071,71,68,3,3
47072,121,149,-28,28
47073,80,101,-21,21
47074,86,101,-15,15
47075,119,103,16,16
47076,71,86,-15,15
47077,171,167,4,4
47078,126,117,9,9
47079,57,48,9,9
47080,99,95,4,4
47081,55,70,-15,15
47082,77,92,-15,15
47083,110,102,8,8
47084,77,103,-26,26
47085,111,116,-5,5
47086,164,156,8,8
47087,104,89,15,15
47088,85,87,-2,2
47089,75,90,-15,15
47090,119,114,5,5
47091,82,73,9,9
47092,122,115,7,7
47093,111,112,-1,1
47094,102,95,7,7
47095,54,57,-3,3
47096,96,100,-4,4
47097,65,58,7,7
47098,135,136,-1,1
47099,79,78,1,1
47100,92,87,5,5
47101,56,54,2,2
47102,109,126,-17,17
47103,124,124,0,0
47104,65,66,-1,1
47105,84,92,-8,8
47106,107,112,-5,5
47107,114,99,15,15
47108,92,80,12,12
47109,129,128,1,1
47110,159,144,15,15
47111,80,87,-7,7
47112,106,105,1,1
47113,76,86,-10,10
47114,81,66,15,15
47115,115,114,1,1
47116,89,112,-23,23
47117,66,82,-16,16
47118,49,54,-5,5
47119,74,70,4,4
47120,77,71,6,6
47121,98,96,2,2
47122,181,172,9,9
47123,65,89,-24,24
47124,125,123,2,2
47125,120,129,-9,9
47126,92,81,11,11
47127,125,121,4,4
47128,97,97,0,0
47129,113,105,8,8
47130,69,74,-5,5
47131,41,47,-6,6
47132,112,115,-3,3
47133,93,80,13,13
47134,77,79,-2,2
47135,114,127,-13,13
47136,90,95,-5,5
47137,119,126,-7,7
47138,85,96,-11,11
47139,99,113,-14,14
47140,113,94,19,19
47141,112,114,-2,2
47142,43,48,-5,5
47143,73,68,5,5
47144,149,122,27,27
47145,72,70,2,2
47146,62,83,-21,21
47147,74,66,8,8
47148,197,188,9,9
47149,93,130,-37,37
47150,103,98,5,5
47151,96,96,0,0
47152,191,181,10,10
47153,116,112,4,4
47154,75,69,6,6
47155,99,116,-17,17
47156,94,75,19,19
47157,124,130,-6,6
47158,83,90,-7,7
47159,131,135,-4,4
47160,108,98,10,10
47161,108,116,-8,8
47162,77,72,5,5
47163,77,64,13,13
47164,126,131,-5,5
47165,59,99,-40,40
47166,101,115,-14,14
47167,121,123,-2,2
47168,116,134,-18,18
47169,124,128,-4,4
47170,69,60,9,9
47171,160,114,46,46
47172,67,62,5,5
47173,111,119,-8,8
47174,80,84,-4,4
47175,44,39,5,5
47176,89,91,-2,2
47177,92,92,0,0
47178,105,110,-5,5
47179,113,104,9,9
47180,83,92,-9,9
47181,54,53,1,1
47182,47,55,-8,8
47183,105,101,4,4
47184,65,58,7,7
47185,118,114,4,4
47186,115,114,1,1
47187,92,97,-5,5
47188,69,76,-7,7
47189,42,54,-12,12
47190,64,47,17,17
47191,119,133,-14,14
47192,142,132,10,10
47193,117,107,10,10
47194,67,79,-12,12
47195,157,130,27,27
47196,57,74,-17,17
47197,122,115,7,7
47198,84,74,10,10
47199,112,125,-13,13
47200,96,104,-8,8
47201,75,116,-41,41
47202,86,91,-5,5
47203,168,149,19,19
47204,128,119,9,9
47205,111,50,61,61
47206,95,104,-9,9
47207,74,97,-23,23
47208,101,77,24,24
47209,69,63,6,6
47210,160,160,0,0
47211,139,130,9,9
47212,24,68,-44,44
47213,89,58,31,31
47214,102,110,-8,8
47215,49,52,-3,3
47216,94,111,-17,17
47217,76,92,-16,16
47218,170,145,25,25
47219,158,156,2,2
47220,31,127,-96,96
47221,66,79,-13,13
47222,106,92,14,14
47223,60,75,-15,15
47224,77,69,8,8
47225,68,67,1,1
47226,129,135,-6,6
47227,60,56,4,4
47228,106,108,-2,2
47229,64,62,2,2
47230,67,51,16,16
47231,85,89,-4,4
47232,79,55,24,24
47233,175,170,5,5
47234,20,55,-35,35
47235,169,138,31,31
47236,90,99,-9,9
47237,74,79,-5,5
47238,68,83,-15,15
47239,52,55,-3,3
47240,81,86,-5,5
47241,106,115,-9,9
47242,113,115,-2,2
47243,64,79,-15,15
47244,98,109,-11,11
47245,120,111,9,9
47246,85,76,9,9
47247,70,51,19,19
47248,121,107,14,14
47249,132,121,11,11
47250,50,39,11,11
47251,68,80,-12,12
47252,55,52,3,3
47253,122,113,9,9
47254,107,102,5,5
47255,69,74,-5,5
47256,115,116,-1,1
47257,118,128,-10,10
47258,184,207,-23,23
47259,78,91,-13,13
47260,47,44,3,3
47261,65,72,-7,7
47262,109,94,15,15
47263,89,72,17,17
47264,141,153,-12,12
47265,68,87,-19,19
47266,167,141,26,26
47267,68,70,-2,2
47268,86,78,8,8
47269,93,95,-2,2
47270,91,90,1,1
47271,65,66,-1,1
47272,132,129,3,3
47273,91,92,-1,1
47274,71,60,11,11
47275,71,72,-1,1
47276,120,85,35,35
47277,118,112,6,6
47278,117,107,10,10
47279,157,160,-3,3
47280,73,82,-9,9
47281,108,124,-16,16
47282,82,81,1,1
47283,122,125,-3,3
47284,143,150,-7,7
47285,172,154,18,18
47286,76,90,-14,14
47287,130,133,-3,3
47288,61,57,4,4
47289,65,81,-16,16
47290,128,133,-5,5
47291,98,105,-7,7
47292,161,144,17,17
47293,56,69,-13,13
47294,97,135,-38,38
47295,176,183,-7,7
47296,125,125,0,0
47297,115,110,5,5
47298,81,81,0,0
47299,103,100,3,3
47300,53,52,1,1
47301,173,171,2,2
47302,132,124,8,8
47303,129,120,9,9
47304,120,136,-16,16
47305,123,121,2,2
47306,203,140,63,63
47307,59,50,9,9
47308,67,66,1,1
47309,132,117,15,15
47310,182,133,49,49
47311,143,133,10,10
47312,97,72,25,25
47313,91,98,-7,7
47314,96,103,-7,7
47315,91,95,-4,4
47316,87,85,2,2
47317,143,150,-7,7
47318,65,104,-39,39
47319,78,67,11,11
47320,78,81,-3,3
47321,140,137,3,3
47322,93,109,-16,16
47323,52,43,9,9
47324,95,106,-11,11
47325,96,87,9,9
47326,72,84,-12,12
47327,113,108,5,5
47328,97,117,-20,20
47329,77,84,-7,7
47330,71,67,4,4
47331,58,49,9,9
47332,72,86,-14,14
47333,210,177,33,33
47334,97,93,4,4
47335,141,149,-8,8
47336,130,137,-7,7
47337,105,109,-4,4
47338,66,84,-18,18
47339,78,94,-16,16
47340,96,97,-1,1
47341,120,114,6,6
47342,57,62,-5,5
47343,162,160,2,2
47344,134,138,-4,4
47345,161,134,27,27
47346,171,158,13,13
47347,91,95,-4,4
47348,46,43,3,3
47349,128,123,5,5
47350,113,109,4,4
47351,96,92,4,4
47352,55,50,5,5
47353,101,120,-19,19
47354,146,139,7,7
47355,83,120,-37,37
47356,41,42,-1,1
47357,117,121,-4,4
47358,118,114,4,4
47359,89,92,-3,3
47360,88,90,-2,2
47361,37,29,8,8
47362,68,80,-12,12
47363,53,47,6,6
47364,106,108,-2,2
47365,125,117,8,8
47366,79,79,0,0
47367,100,96,4,4
47368,99,95,4,4
47369,99,102,-3,3
47370,130,128,2,2
47371,75,90,-15,15
47372,101,102,-1,1
47373,90,98,-8,8
47374,154,117,37,37
47375,116,113,3,3
47376,60,71,-11,11
47377,144,146,-2,2
47378,75,78,-3,3
47379,110,112,-2,2
47380,124,128,-4,4
47381,79,81,-2,2
47382,38,39,-1,1
47383,90,80,10,10
47384,84,83,1,1
47385,76,92,-16,16
47386,88,92,-4,4
47387,124,139,-15,15
47388,76,81,-5,5
47389,84,68,16,16
47390,75,84,-9,9
47391,78,74,4,4
47392,48,44,4,4
47393,70,81,-11,11
47394,125,124,1,1
47395,129,143,-14,14
47396,75,85,-10,10
47397,91,109,-18,18
47398,108,103,5,5
47399,100,89,11,11
47400,56,68,-12,12
47401,140,115,25,25
47402,62,52,10,10
47403,224,189,35,35
47404,109,118,-9,9
47405,159,169,-10,10
47406,90,96,-6,6
47407,125,98,27,27
47408,96,101,-5,5
47409,74,85,-11,11
47410,109,111,-2,2
47411,84,82,2,2
47412,50,86,-36,36
47413,146,141,5,5
47414,116,102,14,14
47415,93,81,12,12
47416,92,95,-3,3
47417,72,63,9,9
47418,159,138,21,21
47419,79,79,0,0
47420,117,100,17,17
47421,92,92,0,0
47422,102,105,-3,3
47423,61,79,-18,18
47424,55,52,3,3
47425,91,78,13,13
47426,94,88,6,6
47427,64,65,-1,1
47428,121,122,-1,1
47429,50,38,12,12
47430,91,83,8,8
47431,87,87,0,0
47432,100,91,9,9
47433,60,46,14,14
47434,139,138,1,1
47435,77,76,1,1
47436,54,50,4,4
47437,117,97,20,20
47438,105,123,-18,18
47439,105,119,-14,14
47440,78,86,-8,8
47441,108,111,-3,3
47442,111,122,-11,11
47443,112,115,-3,3
47444,69,72,-3,3
47445,100,125,-25,25
47446,96,92,4,4
47447,31,80,-49,49
47448,75,85,-10,10
47449,68,76,-8,8
47450,53,49,4,4
47451,63,71,-8,8
47452,85,79,6,6
47453,126,121,5,5
47454,107,107,0,0
47455,130,114,16,16
47456,65,71,-6,6
47457,73,70,3,3
47458,107,120,-13,13
47459,121,114,7,7
47460,99,105,-6,6
47461,92,84,8,8
47462,170,181,-11,11
47463,85,83,2,2
47464,142,154,-12,12
47465,86,85,1,1
47466,63,61,2,2
47467,121,118,3,3
47468,84,101,-17,17
47469,66,53,13,13
47470,60,72,-12,12
47471,68,93,-25,25
47472,113,121,-8,8
47473,101,98,3,3
47474,48,72,-24,24
47475,154,148,6,6
47476,160,150,10,10
47477,102,94,8,8
47478,94,101,-7,7
47479,84,84,0,0
47480,107,116,-9,9
47481,66,77,-11,11
47482,87,104,-17,17
47483,84,79,5,5
47484,86,89,-3,3
47485,101,104,-3,3
47486,83,84,-1,1
47487,70,60,10,10
47488,104,90,14,14
47489,78,74,4,4
47490,69,78,-9,9
47491,172,158,14,14
47492,66,50,16,16
47493,96,83,13,13
47494,73,77,-4,4
47495,122,123,-1,1
47496,66,75,-9,9
47497,78,88,-10,10
47498,70,126,-56,56
47499,62,69,-7,7
47500,64,72,-8,8
47501,189,147,42,42
47502,101,107,-6,6
47503,83,85,-2,2
47504,88,75,13,13
47505,108,118,-10,10
47506,109,110,-1,1
47507,50,37,13,13
47508,100,99,1,1
47509,98,98,0,0
47510,74,76,-2,2
47511,151,139,12,12
47512,67,68,-1,1
47513,145,137,8,8
47514,99,51,48,48
47515,79,90,-11,11
47516,66,78,-12,12
47517,87,89,-2,2
47518,104,97,7,7
47519,75,87,-12,12
47520,81,66,15,15
47521,79,93,-14,14
47522,82,76,6,6
47523,202,185,17,17
47524,64,62,2,2
47525,142,142,0,0
47526,77,97,-20,20
47527,95,85,10,10
47528,127,121,6,6
47529,89,100,-11,11
47530,136,151,-15,15
47531,63,74,-11,11
47532,123,118,5,5
47533,113,104,9,9
47534,98,75,23,23
47535,136,129,7,7
47536,124,112,12,12
47537,124,121,3,3
47538,162,145,17,17
47539,81,100,-19,19
47540,93,105,-12,12
47541,83,92,-9,9
47542,127,110,17,17
47543,60,79,-19,19
47544,83,96,-13,13
47545,60,56,4,4
47546,103,122,-19,19
47547,93,89,4,4
47548,78,73,5,5
47549,97,95,2,2
47550,73,76,-3,3
47551,128,122,6,6
47552,92,104,-12,12
47553,37,36,1,1
47554,154,149,5,5
47555,60,80,-20,20
47556,94,93,1,1
47557,103,107,-4,4
47558,72,81,-9,9
47559,65,79,-14,14
47560,85,85,0,0
47561,111,114,-3,3
47562,88,101,-13,13
47563,110,106,4,4
47564,102,100,2,2
47565,59,49,10,10
47566,89,78,11,11
47567,113,107,6,6
47568,65,78,-13,13
47569,148,129,19,19
47570,83,81,2,2
47571,81,81,0,0
47572,88,88,0,0
47573,67,69,-2,2
47574,44,50,-6,6
47575,98,88,10,10
47576,89,92,-3,3
47577,85,79,6,6
47578,165,134,31,31
47579,58,54,4,4
47580,118,115,3,3
47581,138,119,19,19
47582,85,91,-6,6
47583,77,83,-6,6
47584,58,79,-21,21
47585,78,71,7,7
47586,94,104,-10,10
47587,51,48,3,3
47588,109,115,-6,6
47589,72,82,-10,10
47590,71,68,3,3
47591,83,98,-15,15
47592,97,105,-8,8
47593,81,90,-9,9
47594,192,173,19,19
47595,152,144,8,8
47596,101,98,3,3
47597,65,57,8,8
47598,77,91,-14,14
47599,130,120,10,10
47600,124,112,12,12
47601,89,115,-26,26
47602,105,120,-15,15
47603,85,86,-1,1
47604,147,137,10,10
47605,108,125,-17,17
47606,86,91,-5,5
47607,66,76,-10,10
47608,62,66,-4,4
47609,74,85,-11,11
47610,144,126,18,18
47611,77,72,5,5
47612,53,62,-9,9
47613,81,77,4,4
47614,121,116,5,5
47615,71,65,6,6
47616,75,10,65,65
47617,105,100,5,5
47618,98,105,-7,7
47619,133,135,-2,2
47620,115,133,-18,18
47621,56,49,7,7
47622,139,139,0,0
47623,108,104,4,4
47624,207,178,29,29
47625,43,61,-18,18
47626,135,126,9,9
47627,122,123,-1,1
47628,61,71,-10,10
47629,97,102,-5,5
47630,77,83,-6,6
47631,123,106,17,17
47632,59,46,13,13
47633,113,122,-9,9
47634,125,131,-6,6
47635,88,90,-2,2
47636,72,74,-2,2
47637,137,118,19,19
47638,113,108,5,5
47639,112,95,17,17
47640,60,65,-5,5
47641,106,111,-5,5
47642,143,137,6,6
47643,91,87,4,4
47644,95,99,-4,4
47645,155,139,16,16
47646,106,116,-10,10
47647,103,117,-14,14
47648,142,135,7,7
47649,76,76,0,0
47650,115,123,-8,8
47651,96,123,-27,27
47652,103,91,12,12
47653,106,117,-11,11
47654,67,56,11,11
47655,100,105,-5,5
47656,103,123,-20,20
47657,72,81,-9,9
47658,142,137,5,5
47659,32,77,-45,45
47660,137,118,19,19
47661,57,62,-5,5
47662,69,82,-13,13
47663,47,51,-4,4
47664,82,50,32,32
47665,113,115,-2,2
47666,81,85,-4,4
47667,96,97,-1,1
47668,67,58,9,9
47669,138,128,10,10
47670,73,74,-1,1
47671,62,91,-29,29
47672,45,51,-6,6
47673,106,101,5,5
47674,65,67,-2,2
47675,79,69,10,10
47676,109,101,8,8
47677,147,138,9,9
47678,67,77,-10,10
47679,94,97,-3,3
47680,73,73,0,0
47681,57,58,-1,1
47682,124,121,3,3
47683,68,86,-18,18
47684,89,97,-8,8
47685,105,90,15,15
47686,64,86,-22,22
47687,78,91,-13,13
47688,108,105,3,3
47689,171,140,31,31
47690,92,87,5,5
47691,63,69,-6,6
47692,66,79,-13,13
47693,85,79,6,6
47694,134,138,-4,4
47695,73,76,-3,3
47696,85,80,5,5
47697,81,96,-15,15
47698,119,107,12,12
47699,64,68,-4,4
47700,73,85,-12,12
47701,120,103,17,17
47702,122,127,-5,5
47703,97,107,-10,10
47704,69,76,-7,7
47705,88,88,0,0
47706,86,91,-5,5
47707,87,88,-1,1
47708,152,144,8,8
47709,65,62,3,3
47710,37,36,1,1
47711,125,118,7,7
47712,117,131,-14,14
47713,72,80,-8,8
47714,120,139,-19,19
47715,67,75,-8,8
47716,147,134,13,13
47717,142,140,2,2
47718,111,46,65,65
47719,104,108,-4,4
47720,90,83,7,7
47721,76,70,6,6
47722,82,86,-4,4
47723,122,96,26,26
47724,176,167,9,9
47725,97,82,15,15
47726,84,83,1,1
47727,94,78,16,16
47728,175,156,19,19
47729,90,92,-2,2
47730,62,67,-5,5
47731,116,106,10,10
47732,137,132,5,5
47733,141,134,7,7
47734,96,121,-25,25
47735,99,102,-3,3
47736,66,67,-1,1
47737,183,166,17,17
47738,64,53,11,11
47739,137,159,-22,22
47740,51,58,-7,7
47741,35,33,2,2
47742,137,123,14,14
47743,151,147,4,4
47744,115,113,2,2
47745,94,91,3,3
47746,42,37,5,5
47747,57,66,-9,9
47748,102,117,-15,15
47749,59,63,-4,4
47750,73,88,-15,15
47751,80,88,-8,8
47752,102,108,-6,6
47753,111,107,4,4
47754,150,149,1,1
47755,149,140,9,9
47756,129,120,9,9
47757,35,96,-61,61
47758,50,56,-6,6
47759,85,80,5,5
47760,90,101,-11,11
47761,129,134,-5,5
47762,111,117,-6,6
47763,80,90,-10,10
47764,165,160,5,5
47765,69,68,1,1
47766,132,104,28,28
47767,145,141,4,4
47768,51,49,2,2
47769,152,147,5,5
47770,64,75,-11,11
47771,168,151,17,17
47772,100,104,-4,4
47773,72,80,-8,8
47774,86,122,-36,36
47775,67,70,-3,3
47776,71,74,-3,3
47777,156,152,4,4
47778,92,74,18,18
47779,93,97,-4,4
47780,95,79,16,16
47781,113,112,1,1
47782,105,101,4,4
47783,77,89,-12,12
47784,96,97,-1,1
47785,103,103,0,0
47786,76,98,-22,22
47787,77,66,11,11
47788,103,94,9,9
47789,80,81,-1,1
47790,72,81,-9,9
47791,98,104,-6,6
47792,94,84,10,10
47793,145,144,1,1
47794,57,56,1,1
47795,95,92,3,3
47796,97,74,23,23
47797,160,149,11,11
47798,161,144,17,17
47799,71,76,-5,5
47800,95,96,-1,1
47801,100,110,-10,10
47802,57,50,7,7
47803,96,111,-15,15
47804,70,68,2,2
47805,51,99,-48,48
47806,70,71,-1,1
47807,27,9,18,18
47808,93,102,-9,9
47809,110,114,-4,4
47810,128,133,-5,5
47811,146,138,8,8
47812,81,77,4,4
47813,100,98,2,2
47814,77,72,5,5
47815,57,53,4,4
47816,110,107,3,3
47817,90,97,-7,7
47818,105,124,-19,19
47819,91,72,19,19
47820,158,146,12,12
47821,79,76,3,3
47822,52,58,-6,6
47823,86,88,-2,2
47824,100,102,-2,2
47825,65,69,-4,4
47826,116,112,4,4
47827,75,65,10,10
47828,95,99,-4,4
47829,71,83,-12,12
47830,87,93,-6,6
47831,79,71,8,8
47832,77,100,-23,23
47833,55,69,-14,14
47834,94,57,37,37
47835,99,105,-6,6
47836,98,94,4,4
47837,95,103,-8,8
47838,123,122,1,1
47839,76,96,-20,20
47840,157,170,-13,13
47841,75,93,-18,18
47842,114,115,-1,1
47843,47,25,22,22
47844,110,111,-1,1
47845,122,119,3,3
47846,89,107,-18,18
47847,65,67,-2,2
47848,63,70,-7,7
47849,140,133,7,7
47850,101,110,-9,9
47851,132,127,5,5
47852,175,182,-7,7
47853,79,75,4,4
47854,97,109,-12,12
47855,108,104,4,4
47856,76,73,3,3
47857,80,79,1,1
47858,114,102,12,12
47859,160,126,34,34
47860,101,100,1,1
47861,143,139,4,4
47862,40,41,-1,1
47863,151,128,23,23
47864,111,125,-14,14
47865,105,120,-15,15
47866,93,88,5,5
47867,121,131,-10,10
47868,162,156,6,6
47869,91,106,-15,15
47870,86,93,-7,7
47871,133,147,-14,14
47872,69,73,-4,4
47873,110,94,16,16
47874,76,70,6,6
47875,70,72,-2,2
47876,129,120,9,9
47877,105,99,6,6
47878,118,102,16,16
47879,51,49,2,2
47880,155,145,10,10
47881,80,78,2,2
47882,91,113,-22,22
47883,87,91,-4,4
47884,61,80,-19,19
47885,65,76,-11,11
47886,85,96,-11,11
47887,89,84,5,5
47888,62,65,-3,3
47889,85,91,-6,6
47890,65,80,-15,15
47891,127,128,-1,1
47892,94,94,0,0
47893,106,132,-26,26
47894,72,78,-6,6
47895,115,122,-7,7
47896,100,96,4,4
47897,56,68,-12,12
47898,78,96,-18,18
47899,100,101,-1,1
47900,94,84,10,10
47901,104,94,10,10
47902,76,20,56,56
47903,100,101,-1,1
47904,114,108,6,6
47905,94,86,8,8
47906,92,92,0,0
47907,51,45,6,6
47908,129,120,9,9
47909,30,38,-8,8
47910,91,101,-10,10
47911,72,80,-8,8
47912,99,99,0,0
47913,59,60,-1,1
47914,103,106,-3,3
47915,140,130,10,10
47916,71,80,-9,9
47917,77,83,-6,6
47918,108,115,-7,7
47919,87,76,11,11
47920,150,132,18,18
47921,108,120,-12,12
47922,78,67,11,11
47923,143,134,9,9
47924,109,102,7,7
47925,81,86,-5,5
47926,82,85,-3,3
47927,46,46,0,0
47928,142,128,14,14
47929,54,55,-1,1
47930,89,92,-3,3
47931,53,54,-1,1
47932,73,79,-6,6
47933,74,66,8,8
47934,43,31,12,12
47935,89,87,2,2
47936,71,83,-12,12
47937,62,79,-17,17
47938,59,66,-7,7
47939,114,112,2,2
47940,56,55,1,1
47941,94,110,-16,16
47942,102,109,-7,7
47943,112,103,9,9
47944,75,69,6,6
47945,77,91,-14,14
47946,124,131,-7,7
47947,128,120,8,8
47948,70,73,-3,3
47949,84,108,-24,24
47950,151,144,7,7
47951,113,122,-9,9
47952,85,84,1,1
47953,82,124,-42,42
47954,163,160,3,3
47955,124,139,-15,15
47956,80,51,29,29
47957,122,147,-25,25
47958,88,93,-5,5
47959,66,50,16,16
47960,83,94,-11,11
47961,118,116,2,2
47962,57,28,29,29
47963,66,74,-8,8
47964,108,114,-6,6
47965,93,104,-11,11
47966,51,51,0,0
47967,171,156,15,15
47968,114,100,14,14
47969,45,51,-6,6
47970,86,85,1,1
47971,62,57,5,5
47972,67,85,-18,18
47973,76,84,-8,8
47974,108,125,-17,17
47975,100,117,-17,17
47976,139,125,14,14
47977,115,119,-4,4
47978,144,113,31,31
47979,90,75,15,15
47980,91,86,5,5
47981,75,90,-15,15
47982,135,135,0,0
47983,67,85,-18,18
47984,117,104,13,13
47985,127,120,7,7
47986,59,51,8,8
47987,48,52,-4,4
47988,69,80,-11,11
47989,93,82,11,11
47990,123,121,2,2
47991,131,146,-15,15
47992,105,98,7,7
47993,121,131,-10,10
47994,111,121,-10,10
47995,43,45,-2,2
47996,131,126,5,5
47997,133,137,-4,4
47998,74,83,-9,9
47999,154,136,18,18
48000,36,35,1,1
48001,83,96,-13,13
48002,114,121,-7,7
48003,115,107,8,8
48004,117,113,4,4
48005,129,111,18,18
48006,119,127,-8,8
48007,65,71,-6,6
48008,88,86,2,2
48009,80,82,-2,2
48010,43,45,-2,2
48011,68,59,9,9
48012,157,154,3,3
48013,104,99,5,5
48014,56,42,14,14
48015,52,73,-21,21
48016,115,112,3,3
48017,64,58,6,6
48018,139,139,0,0
48019,58,56,2,2
48020,105,110,-5,5
48021,196,185,11,11
48022,117,113,4,4
48023,108,99,9,9
48024,109,105,4,4
48025,53,42,11,11
48026,97,105,-8,8
48027,89,89,0,0
48028,136,135,1,1
48029,156,157,-1,1
48030,107,85,22,22
48031,48,43,5,5
48032,108,116,-8,8
48033,151,148,3,3
48034,71,82,-11,11
48035,99,100,-1,1
48036,119,113,6,6
48037,131,129,2,2
48038,72,69,3,3
48039,112,119,-7,7
48040,142,149,-7,7
48041,130,133,-3,3
48042,103,109,-6,6
48043,136,133,3,3
48044,61,64,-3,3
48045,93,88,5,5
48046,124,123,1,1
48047,44,54,-10,10
48048,166,157,9,9
48049,134,141,-7,7
48050,85,86,-1,1
48051,56,62,-6,6
48052,58,62,-4,4
48053,95,75,20,20
48054,113,116,-3,3
48055,80,98,-18,18
48056,105,97,8,8
48057,56,46,10,10
48058,79,88,-9,9
48059,77,98,-21,21
48060,90,88,2,2
48061,68,69,-1,1
48062,65,76,-11,11
48063,95,73,22,22
48064,51,53,-2,2
48065,99,109,-10,10
48066,81,67,14,14
48067,116,101,15,15
48068,72,64,8,8
48069,55,68,-13,13
48070,144,131,13,13
48071,74,79,-5,5
48072,135,144,-9,9
48073,60,73,-13,13
48074,76,80,-4,4
48075,144,126,18,18
48076,141,125,16,16
48077,80,66,14,14
48078,74,95,-21,21
48079,83,81,2,2
48080,76,69,7,7
48081,100,97,3,3
48082,97,90,7,7
48083,141,125,16,16
48084,109,131,-22,22
48085,87,111,-24,24
48086,104,103,1,1
48087,69,72,-3,3
48088,60,79,-19,19
48089,71,81,-10,10
48090,64,72,-8,8
48091,69,72,-3,3
48092,92,90,2,2
48093,93,97,-4,4
48094,88,86,2,2
48095,11,10,1,1
48096,132,129,3,3
48097,62,76,-14,14
48098,73,80,-7,7
48099,110,95,15,15
48100,84,79,5,5
48101,63,69,-6,6
48102,110,120,-10,10
48103,61,56,5,5
48104,81,104,-23,23
48105,107,79,28,28
48106,161,149,12,12
48107,66,74,-8,8
48108,59,66,-7,7
48109,115,116,-1,1
48110,113,119,-6,6
48111,125,131,-6,6
48112,104,108,-4,4
48113,90,91,-1,1
48114,84,82,2,2
48115,101,88,13,13
48116,151,127,24,24
48117,127,124,3,3
48118,102,100,2,2
48119,85,90,-5,5
48120,64,67,-3,3
48121,114,111,3,3
48122,104,98,6,6
48123,99,101,-2,2
48124,60,70,-10,10
48125,102,120,-18,18
48126,125,130,-5,5
48127,109,111,-2,2
48128,106,110,-4,4
48129,91,95,-4,4
48130,54,65,-11,11
48131,86,109,-23,23
48132,108,122,-14,14
48133,61,64,-3,3
48134,63,74,-11,11
48135,112,119,-7,7
48136,35,30,5,5
48137,86,74,12,12
48138,79,87,-8,8
48139,112,111,1,1
48140,180,170,10,10
48141,94,83,11,11
48142,125,110,15,15
48143,82,71,11,11
48144,94,106,-12,12
48145,83,92,-9,9
48146,93,95,-2,2
48147,89,85,4,4
48148,63,65,-2,2
48149,120,128,-8,8
48150,91,82,9,9
48151,102,118,-16,16
48152,70,73,-3,3
48153,66,59,7,7
48154,73,82,-9,9
48155,122,115,7,7
48156,50,55,-5,5
48157,65,94,-29,29
48158,146,134,12,12
48159,72,85,-13,13
48160,109,96,13,13
48161,67,69,-2,2
48162,138,141,-3,3
48163,78,80,-2,2
48164,143,138,5,5
48165,82,71,11,11
48166,147,169,-22,22
48167,115,116,-1,1
48168,107,122,-15,15
48169,60,67,-7,7
48170,95,100,-5,5
48171,95,84,11,11
48172,39,58,-19,19
48173,75,96,-21,21
48174,61,59,2,2
48175,194,208,-14,14
48176,67,81,-14,14
48177,104,107,-3,3
48178,79,78,1,1
48179,57,78,-21,21
48180,45,48,-3,3
48181,66,66,0,0
48182,70,85,-15,15
48183,61,64,-3,3
48184,93,97,-4,4
48185,104,93,11,11
48186,122,140,-18,18
48187,64,68,-4,4
48188,68,81,-13,13
48189,132,125,7,7
48190,55,57,-2,2
48191,117,121,-4,4
48192,89,88,1,1
48193,83,95,-12,12
48194,94,76,18,18
48195,59,31,28,28
48196,149,143,6,6
48197,77,90,-13,13
48198,92,102,-10,10
48199,84,78,6,6
48200,71,79,-8,8
48201,75,73,2,2
48202,123,108,15,15
48203,108,127,-19,19
48204,90,92,-2,2
48205,99,77,22,22
48206,38,41,-3,3
48207,59,65,-6,6
48208,104,113,-9,9
48209,114,127,-13,13
48210,83,80,3,3
48211,182,144,38,38
48212,89,37,52,52
48213,77,56,21,21
48214,146,126,20,20
48215,74,85,-11,11
48216,73,72,1,1
48217,71,65,6,6
48218,70,64,6,6
48219,139,134,5,5
48220,75,112,-37,37
48221,110,129,-19,19
48222,106,118,-12,12
48223,150,147,3,3
48224,132,120,12,12
48225,108,94,14,14
48226,56,65,-9,9
48227,133,132,1,1
48228,123,102,21,21
48229,58,46,12,12
48230,73,44,29,29
48231,118,110,8,8
48232,83,83,0,0
48233,66,79,-13,13
48234,83,83,0,0
48235,89,89,0,0
48236,87,100,-13,13
48237,95,93,2,2
48238,57,60,-3,3
48239,124,128,-4,4
48240,136,142,-6,6
48241,102,107,-5,5
48242,123,128,-5,5
48243,53,45,8,8
48244,59,43,16,16
48245,150,96,54,54
48246,140,134,6,6
48247,88,92,-4,4
48248,140,136,4,4
48249,86,84,2,2
48250,106,105,1,1
48251,127,146,-19,19
48252,88,87,1,1
48253,99,114,-15,15
48254,83,83,0,0
48255,81,78,3,3
48256,151,144,7,7
48257,144,139,5,5
48258,55,54,1,1
48259,66,57,9,9
48260,103,115,-12,12
48261,100,104,-4,4
48262,76,119,-43,43
48263,115,114,1,1
48264,135,116,19,19
48265,128,118,10,10
48266,163,138,25,25
48267,81,75,6,6
48268,88,89,-1,1
48269,86,112,-26,26
48270,147,142,5,5
48271,179,162,17,17
48272,98,105,-7,7
48273,91,94,-3,3
48274,145,139,6,6
48275,53,50,3,3
48276,122,128,-6,6
48277,79,74,5,5
48278,118,128,-10,10
48279,100,106,-6,6
48280,76,80,-4,4
48281,148,138,10,10
48282,55,47,8,8
48283,80,86,-6,6
48284,129,139,-10,10
48285,52,57,-5,5
48286,108,105,3,3
48287,71,78,-7,7
48288,49,48,1,1
48289,111,86,25,25
48290,97,88,9,9
48291,106,68,38,38
48292,31,21,10,10
48293,62,44,18,18
48294,140,156,-16,16
48295,102,98,4,4
48296,68,61,7,7
48297,66,66,0,0
48298,98,113,-15,15
48299,29,18,11,11
48300,162,136,26,26
48301,68,72,-4,4
48302,39,52,-13,13
48303,61,77,-16,16
48304,126,138,-12,12
48305,82,86,-4,4
48306,95,95,0,0
48307,86,91,-5,5
48308,91,81,10,10
48309,68,79,-11,11
48310,70,80,-10,10
48311,56,52,4,4
48312,113,113,0,0
48313,83,80,3,3
48314,185,147,38,38
48315,133,115,18,18
48316,98,89,9,9
48317,47,63,-16,16
48318,86,86,0,0
48319,115,97,18,18
48320,121,122,-1,1
48321,130,126,4,4
48322,116,132,-16,16
48323,55,48,7,7
48324,88,91,-3,3
48325,158,149,9,9
48326,208,165,43,43
48327,104,103,1,1
48328,109,113,-4,4
48329,94,103,-9,9
48330,49,66,-17,17
48331,66,72,-6,6
48332,135,164,-29,29
48333,112,104,8,8
48334,75,101,-26,26
48335,99,80,19,19
48336,98,95,3,3
48337,77,88,-11,11
48338,108,96,12,12
48339,81,83,-2,2
48340,99,117,-18,18
48341,113,80,33,33
48342,68,80,-12,12
48343,111,106,5,5
48344,57,57,0,0
48345,141,127,14,14
48346,96,90,6,6
48347,57,69,-12,12
48348,86,86,0,0
48349,64,88,-24,24
48350,58,61,-3,3
48351,68,58,10,10
48352,79,77,2,2
48353,128,131,-3,3
48354,133,111,22,22
48355,129,138,-9,9
48356,98,96,2,2
48357,126,118,8,8
48358,68,71,-3,3
48359,98,92,6,6
48360,76,82,-6,6
48361,151,126,25,25
48362,143,135,8,8
48363,81,82,-1,1
48364,154,135,19,19
48365,99,101,-2,2
48366,58,61,-3,3
48367,40,38,2,2
48368,101,57,44,44
48369,88,85,3,3
48370,102,80,22,22
48371,82,85,-3,3
48372,80,79,1,1
48373,77,81,-4,4
48374,91,99,-8,8
48375,133,131,2,2
48376,160,150,10,10
48377,137,131,6,6
48378,110,103,7,7
48379,78,82,-4,4
48380,83,93,-10,10
48381,68,87,-19,19
48382,85,94,-9,9
48383,90,95,-5,5
48384,51,53,-2,2
48385,95,94,1,1
48386,133,127,6,6
48387,63,64,-1,1
48388,64,61,3,3
48389,64,60,4,4
48390,128,125,3,3
48391,94,103,-9,9
48392,87,86,1,1
48393,49,55,-6,6
48394,66,55,11,11
48395,53,65,-12,12
48396,99,91,8,8
48397,55,68,-13,13
48398,166,149,17,17
48399,179,165,14,14
48400,100,96,4,4
48401,97,98,-1,1
48402,139,128,11,11
48403,59,32,27,27
48404,175,162,13,13
48405,123,127,-4,4
48406,72,72,0,0
48407,77,91,-14,14
48408,86,78,8,8
48409,52,56,-4,4
48410,122,139,-17,17
48411,83,83,0,0
48412,109,117,-8,8
48413,123,114,9,9
48414,72,90,-18,18
48415,86,90,-4,4
48416,97,110,-13,13
48417,98,100,-2,2
48418,98,88,10,10
48419,72,86,-14,14
48420,160,145,15,15
48421,61,67,-6,6
48422,91,102,-11,11
48423,65,72,-7,7
48424,145,141,4,4
48425,60,67,-7,7
48426,125,94,31,31
48427,57,62,-5,5
48428,117,112,5,5
48429,104,117,-13,13
48430,141,139,2,2
48431,65,73,-8,8
48432,78,73,5,5
48433,74,62,12,12
48434,82,93,-11,11
48435,83,82,1,1
48436,79,69,10,10
48437,79,84,-5,5
48438,73,77,-4,4
48439,154,144,10,10
48440,89,109,-20,20
48441,83,98,-15,15
48442,79,82,-3,3
48443,167,153,14,14
48444,103,121,-18,18
48445,89,96,-7,7
48446,199,178,21,21
48447,63,82,-19,19
48448,67,63,4,4
48449,152,153,-1,1
48450,98,99,-1,1
48451,78,75,3,3
48452,78,85,-7,7
48453,119,133,-14,14
48454,93,111,-18,18
48455,121,135,-14,14
48456,105,91,14,14
48457,184,120,64,64
48458,60,70,-10,10
48459,167,149,18,18
48460,51,55,-4,4
48461,114,111,3,3
48462,59,53,6,6
48463,98,102,-4,4
48464,62,65,-3,3
48465,74,84,-10,10
48466,87,87,0,0
48467,84,95,-11,11
48468,63,66,-3,3
48469,103,80,23,23
48470,133,123,10,10
48471,125,109,16,16
48472,137,132,5,5
48473,82,73,9,9
48474,145,138,7,7
48475,111,112,-1,1
48476,117,102,15,15
48477,61,52,9,9
48478,107,110,-3,3
48479,127,126,1,1
48480,50,38,12,12
48481,75,71,4,4
48482,173,150,23,23
48483,162,147,15,15
48484,72,86,-14,14
48485,104,104,0,0
48486,84,103,-19,19
48487,84,87,-3,3
48488,99,95,4,4
48489,109,131,-22,22
48490,125,125,0,0
48491,100,105,-5,5
48492,108,112,-4,4
48493,118,127,-9,9
48494,70,88,-18,18
48495,67,56,11,11
48496,39,49,-10,10
48497,87,97,-10,10
48498,71,74,-3,3
48499,65,67,-2,2
48500,185,133,52,52
48501,89,93,-4,4
48502,94,93,1,1
48503,68,85,-17,17
48504,66,79,-13,13
48505,126,120,6,6
48506,99,110,-11,11
48507,100,104,-4,4
48508,85,70,15,15
48509,38,44,-6,6
48510,170,160,10,10
48511,109,97,12,12
48512,90,94,-4,4
48513,58,74,-16,16
48514,52,61,-9,9
48515,162,149,13,13
48516,60,47,13,13
48517,99,81,18,18
48518,80,73,7,7
48519,82,104,-22,22
48520,112,117,-5,5
48521,81,81,0,0
48522,112,129,-17,17
48523,160,144,16,16
48524,44,41,3,3
48525,60,79,-19,19
48526,87,70,17,17
48527,66,56,10,10
48528,54,58,-4,4
48529,158,139,19,19
48530,125,128,-3,3
48531,61,59,2,2
48532,179,157,22,22
48533,174,141,33,33
48534,86,99,-13,13
48535,86,98,-12,12
48536,79,102,-23,23
48537,60,64,-4,4
48538,78,90,-12,12
48539,128,144,-16,16
48540,111,109,2,2
48541,98,80,18,18
48542,142,119,23,23
48543,65,60,5,5
48544,142,128,14,14
48545,176,187,-11,11
48546,88,82,6,6
48547,165,142,23,23
48548,85,108,-23,23
48549,85,80,5,5
48550,88,100,-12,12
48551,97,119,-22,22
48552,125,124,1,1
48553,99,91,8,8
48554,83,68,15,15
48555,97,105,-8,8
48556,96,95,1,1
48557,62,65,-3,3
48558,99,109,-10,10
48559,57,52,5,5
48560,77,79,-2,2
48561,77,67,10,10
48562,104,102,2,2
48563,114,113,1,1
48564,94,92,2,2
48565,67,101,-34,34
48566,112,119,-7,7
48567,128,130,-2,2
48568,93,94,-1,1
48569,115,123,-8,8
48570,63,70,-7,7
48571,67,83,-16,16
48572,136,140,-4,4
48573,96,112,-16,16
48574,97,114,-17,17
48575,97,114,-17,17
48576,100,96,4,4
48577,60,57,3,3
48578,155,169,-14,14
48579,80,91,-11,11
48580,92,104,-12,12
48581,130,127,3,3
48582,139,85,54,54
48583,121,124,-3,3
48584,58,56,2,2
48585,73,92,-19,19
48586,98,97,1,1
48587,95,98,-3,3
48588,126,117,9,9
48589,112,116,-4,4
48590,82,87,-5,5
48591,105,114,-9,9
48592,68,81,-13,13
48593,67,87,-20,20
48594,121,125,-4,4
48595,164,142,22,22
48596,107,122,-15,15
48597,110,112,-2,2
48598,125,132,-7,7
48599,71,82,-11,11
48600,77,83,-6,6
48601,97,104,-7,7
48602,114,122,-8,8
48603,140,142,-2,2
48604,57,62,-5,5
48605,99,93,6,6
48606,99,98,1,1
48607,52,47,5,5
48608,83,82,1,1
48609,173,237,-64,64
48610,94,113,-19,19
48611,47,60,-13,13
48612,58,67,-9,9
48613,61,70,-9,9
48614,82,99,-17,17
48615,53,68,-15,15
48616,53,63,-10,10
48617,77,74,3,3
48618,88,95,-7,7
48619,74,89,-15,15
48620,74,68,6,6
48621,150,139,11,11
48622,135,138,-3,3
48623,176,128,48,48
48624,53,57,-4,4
48625,140,138,2,2
48626,106,112,-6,6
48627,189,165,24,24
48628,104,124,-20,20
48629,71,88,-17,17
48630,66,58,8,8
48631,82,108,-26,26
48632,111,122,-11,11
48633,114,64,50,50
48634,140,138,2,2
48635,95,123,-28,28
48636,152,142,10,10
48637,101,113,-12,12
48638,67,73,-6,6
48639,47,45,2,2
48640,73,64,9,9
48641,84,112,-28,28
48642,92,85,7,7
48643,157,155,2,2
48644,128,132,-4,4
48645,96,118,-22,22
48646,91,94,-3,3
48647,92,94,-2,2
48648,132,129,3,3
48649,170,167,3,3
48650,103,94,9,9
48651,46,52,-6,6
48652,123,118,5,5
48653,91,81,10,10
48654,111,114,-3,3
48655,144,148,-4,4
48656,73,84,-11,11
48657,116,106,10,10
48658,137,145,-8,8
48659,131,120,11,11
48660,37,37,0,0
48661,84,69,15,15
48662,91,99,-8,8
48663,175,175,0,0
48664,137,129,8,8
48665,91,81,10,10
48666,41,54,-13,13
48667,88,78,10,10
48668,86,83,3,3
48669,67,85,-18,18
48670,181,158,23,23
48671,108,113,-5,5
48672,51,78,-27,27
48673,145,145,0,0
48674,87,92,-5,5
48675,42,38,4,4
48676,92,79,13,13
48677,196,169,27,27
48678,43,44,-1,1
48679,108,118,-10,10
48680,131,120,11,11
48681,105,110,-5,5
48682,77,83,-6,6
48683,80,82,-2,2
48684,144,134,10,10
48685,120,131,-11,11
48686,70,64,6,6
48687,62,69,-7,7
48688,40,25,15,15
48689,80,78,2,2
48690,93,89,4,4
48691,41,38,3,3
48692,90,98,-8,8
48693,82,79,3,3
48694,85,69,16,16
48695,103,102,1,1
48696,119,115,4,4
48697,65,76,-11,11
48698,85,80,5,5
48699,114,106,8,8
48700,95,96,-1,1
48701,39,33,6,6
48702,89,95,-6,6
48703,116,118,-2,2
48704,133,144,-11,11
48705,76,74,2,2
48706,146,115,31,31
48707,55,54,1,1
48708,170,139,31,31
48709,76,77,-1,1
48710,89,98,-9,9
48711,76,105,-29,29
48712,107,103,4,4
48713,69,64,5,5
48714,94,109,-15,15
48715,106,109,-3,3
48716,91,89,2,2
48717,158,168,-10,10
48718,110,113,-3,3
48719,69,76,-7,7
48720,90,79,11,11
48721,99,105,-6,6
48722,74,82,-8,8
48723,94,96,-2,2
48724,70,76,-6,6
48725,81,101,-20,20
48726,136,155,-19,19
48727,89,99,-10,10
48728,113,104,9,9
48729,110,114,-4,4
48730,137,140,-3,3
48731,100,103,-3,3
48732,114,106,8,8
48733,122,122,0,0
48734,27,7,20,20
48735,105,106,-1,1
48736,65,64,1,1
48737,120,124,-4,4
48738,68,69,-1,1
48739,158,158,0,0
48740,76,76,0,0
48741,123,114,9,9
48742,71,73,-2,2
48743,86,99,-13,13
48744,68,88,-20,20
48745,118,125,-7,7
48746,36,42,-6,6
48747,26,33,-7,7
48748,55,50,5,5
48749,87,97,-10,10
48750,117,116,1,1
48751,36,44,-8,8
48752,112,103,9,9
48753,73,64,9,9
48754,93,96,-3,3
48755,122,119,3,3
48756,117,112,5,5
48757,116,129,-13,13
48758,95,96,-1,1
48759,51,48,3,3
48760,81,78,3,3
48761,88,85,3,3
48762,62,50,12,12
48763,84,52,32,32
48764,69,84,-15,15
48765,62,77,-15,15
48766,101,111,-10,10
48767,112,117,-5,5
48768,182,149,33,33
48769,51,48,3,3
48770,89,77,12,12
48771,123,127,-4,4
48772,91,78,13,13
48773,67,80,-13,13
48774,150,136,14,14
48775,61,74,-13,13
48776,107,114,-7,7
48777,53,67,-14,14
48778,79,92,-13,13
48779,143,157,-14,14
48780,115,105,10,10
48781,66,76,-10,10
48782,104,101,3,3
48783,154,150,4,4
48784,96,86,10,10
48785,165,170,-5,5
48786,124,127,-3,3
48787,108,107,1,1
48788,106,129,-23,23
48789,124,122,2,2
48790,91,124,-33,33
48791,98,113,-15,15
48792,74,93,-19,19
48793,146,143,3,3
48794,136,144,-8,8
48795,96,124,-28,28
48796,117,114,3,3
48797,113,114,-1,1
48798,118,123,-5,5
48799,151,103,48,48
48800,157,138,19,19
48801,98,90,8,8
48802,136,138,-2,2
48803,119,142,-23,23
48804,66,49,17,17
48805,144,138,6,6
48806,118,109,9,9
48807,186,168,18,18
48808,91,88,3,3
48809,99,96,3,3
48810,78,84,-6,6
48811,81,84,-3,3
48812,77,79,-2,2
48813,51,49,2,2
48814,81,70,11,11
48815,110,96,14,14
48816,83,76,7,7
48817,75,89,-14,14
48818,73,84,-11,11
48819,113,104,9,9
48820,84,81,3,3
48821,94,98,-4,4
48822,77,98,-21,21
48823,101,96,5,5
48824,100,93,7,7
48825,68,77,-9,9
48826,65,69,-4,4
48827,159,155,4,4
48828,66,40,26,26
48829,149,128,21,21
48830,81,100,-19,19
48831,56,55,1,1
48832,149,174,-25,25
48833,56,56,0,0
48834,110,107,3,3
48835,61,63,-2,2
48836,57,45,12,12
48837,107,110,-3,3
48838,58,67,-9,9
48839,106,102,4,4
48840,145,128,17,17
48841,70,64,6,6
48842,115,126,-11,11
48843,106,90,16,16
48844,144,137,7,7
48845,129,122,7,7
48846,127,109,18,18
48847,223,196,27,27
48848,147,155,-8,8
48849,95,76,19,19
48850,34,30,4,4
48851,66,75,-9,9
48852,88,86,2,2
48853,91,76,15,15
48854,90,96,-6,6
48855,131,133,-2,2
48856,61,69,-8,8
48857,66,70,-4,4
48858,125,145,-20,20
48859,69,74,-5,5
48860,73,96,-23,23
48861,87,63,24,24
48862,89,84,5,5
48863,69,90,-21,21
48864,114,123,-9,9
48865,64,78,-14,14
48866,146,143,3,3
48867,93,104,-11,11
48868,54,54,0,0
48869,171,162,9,9
48870,63,74,-11,11
48871,70,84,-14,14
48872,61,66,-5,5
48873,75,103,-28,28
48874,158,144,14,14
48875,65,88,-23,23
48876,93,96,-3,3
48877,97,87,10,10
48878,126,67,59,59
48879,122,124,-2,2
48880,128,141,-13,13
48881,109,118,-9,9
48882,90,91,-1,1
48883,167,149,18,18
48884,79,67,12,12
48885,56,59,-3,3
48886,117,117,0,0
48887,80,76,4,4
48888,48,48,0,0
48889,72,88,-16,16
48890,69,66,3,3
48891,105,114,-9,9
48892,103,117,-14,14
48893,94,93,1,1
48894,91,104,-13,13
48895,117,126,-9,9
48896,168,120,48,48
48897,60,66,-6,6
48898,93,103,-10,10
48899,110,115,-5,5
48900,61,61,0,0
48901,133,130,3,3
48902,124,122,2,2
48903,131,123,8,8
48904,81,82,-1,1
48905,78,77,1,1
48906,117,104,13,13
48907,116,119,-3,3
48908,75,79,-4,4
48909,50,48,2,2
48910,76,78,-2,2
48911,120,117,3,3
48912,96,93,3,3
48913,99,102,-3,3
48914,163,163,0,0
48915,136,130,6,6
48916,150,135,15,15
48917,87,95,-8,8
48918,116,127,-11,11
48919,127,123,4,4
48920,73,73,0,0
48921,110,83,27,27
48922,65,57,8,8
48923,74,72,2,2
48924,98,89,9,9
48925,74,71,3,3
48926,105,121,-16,16
48927,92,103,-11,11
48928,80,84,-4,4
48929,111,113,-2,2
48930,93,99,-6,6
48931,69,73,-4,4
48932,76,85,-9,9
48933,59,48,11,11
48934,127,126,1,1
48935,45,48,-3,3
48936,100,79,21,21
48937,111,110,1,1
48938,165,194,-29,29
48939,161,156,5,5
48940,108,112,-4,4
48941,85,80,5,5
48942,131,138,-7,7
48943,28,37,-9,9
48944,92,93,-1,1
48945,55,62,-7,7
48946,134,134,0,0
48947,112,107,5,5
48948,123,114,9,9
48949,137,145,-8,8
48950,72,96,-24,24
48951,116,124,-8,8
48952,136,133,3,3
48953,122,126,-4,4
48954,120,128,-8,8
48955,85,73,12,12
48956,98,114,-16,16
48957,108,128,-20,20
48958,95,91,4,4
48959,71,74,-3,3
48960,160,139,21,21
48961,112,111,1,1
48962,98,111,-13,13
48963,72,71,1,1
48964,102,111,-9,9
48965,95,90,5,5
48966,130,111,19,19
48967,96,97,-1,1
48968,123,109,14,14
48969,100,117,-17,17
48970,172,169,3,3
48971,55,57,-2,2
48972,60,93,-33,33
48973,101,104,-3,3
48974,90,108,-18,18
48975,76,83,-7,7
48976,80,82,-2,2
48977,100,113,-13,13
48978,61,61,0,0
48979,75,81,-6,6
48980,81,113,-32,32
48981,121,130,-9,9
48982,81,82,-1,1
48983,139,140,-1,1
48984,86,86,0,0
48985,94,94,0,0
48986,121,112,9,9
48987,83,84,-1,1
48988,127,110,17,17
48989,49,63,-14,14
48990,83,102,-19,19
48991,76,82,-6,6
48992,113,116,-3,3
48993,73,80,-7,7
48994,85,96,-11,11
48995,97,106,-9,9
48996,82,80,2,2
48997,103,112,-9,9
48998,68,63,5,5
48999,65,72,-7,7
49000,46,65,-19,19
49001,108,103,5,5
49002,96,110,-14,14
49003,133,125,8,8
49004,97,112,-15,15
49005,62,58,4,4
49006,95,94,1,1
49007,132,118,14,14
49008,164,155,9,9
49009,62,72,-10,10
49010,81,97,-16,16
49011,91,92,-1,1
49012,73,84,-11,11
49013,73,74,-1,1
49014,105,112,-7,7
49015,75,76,-1,1
49016,73,65,8,8
49017,94,107,-13,13
49018,112,124,-12,12
49019,107,97,10,10
49020,79,73,6,6
49021,128,135,-7,7
49022,100,96,4,4
49023,68,76,-8,8
49024,84,75,9,9
49025,115,108,7,7
49026,68,73,-5,5
49027,50,39,11,11
49028,80,91,-11,11
49029,71,86,-15,15
49030,115,111,4,4
49031,103,123,-20,20
49032,112,110,2,2
49033,95,95,0,0
49034,132,137,-5,5
49035,108,104,4,4
49036,89,108,-19,19
49037,96,77,19,19
49038,110,110,0,0
49039,103,140,-37,37
49040,113,80,33,33
49041,72,74,-2,2
49042,85,87,-2,2
49043,106,113,-7,7
49044,101,105,-4,4
49045,117,136,-19,19
49046,67,75,-8,8
49047,82,80,2,2
49048,61,75,-14,14
49049,64,62,2,2
49050,86,80,6,6
49051,89,93,-4,4
49052,49,35,14,14
49053,136,123,13,13
49054,137,130,7,7
49055,79,43,36,36
49056,127,126,1,1
49057,130,131,-1,1
49058,119,156,-37,37
49059,83,75,8,8
49060,98,102,-4,4
49061,124,120,4,4
49062,72,77,-5,5
49063,114,119,-5,5
49064,144,129,15,15
49065,117,117,0,0
49066,68,70,-2,2
49067,41,40,1,1
49068,88,94,-6,6
49069,156,143,13,13
49070,85,78,7,7
49071,99,116,-17,17
49072,71,85,-14,14
49073,152,124,28,28
49074,86,86,0,0
49075,95,79,16,16
49076,100,96,4,4
49077,99,118,-19,19
49078,137,84,53,53
49079,78,81,-3,3
49080,142,135,7,7
49081,80,87,-7,7
49082,70,69,1,1
49083,112,107,5,5
49084,116,129,-13,13
49085,76,80,-4,4
49086,128,127,1,1
49087,101,102,-1,1
49088,111,113,-2,2
49089,71,73,-2,2
49090,129,127,2,2
49091,170,163,7,7
49092,136,117,19,19
49093,105,88,17,17
49094,117,109,8,8
49095,102,102,0,0
49096,77,88,-11,11
49097,103,116,-13,13
49098,53,59,-6,6
49099,94,110,-16,16
49100,73,65,8,8
49101,65,72,-7,7
49102,107,132,-25,25
49103,78,97,-19,19
49104,83,85,-2,2
49105,117,125,-8,8
49106,33,27,6,6
49107,97,89,8,8
49108,119,113,6,6
49109,74,62,12,12
49110,96,86,10,10
49111,113,127,-14,14
49112,68,80,-12,12
49113,78,76,2,2
49114,123,95,28,28
49115,121,134,-13,13
49116,74,74,0,0
49117,100,102,-2,2
49118,71,63,8,8
49119,46,55,-9,9
49120,90,101,-11,11
49121,63,71,-8,8
49122,94,72,22,22
49123,83,91,-8,8
49124,86,94,-8,8
49125,116,116,0,0
49126,107,99,8,8
49127,111,134,-23,23
49128,211,151,60,60
49129,71,74,-3,3
49130,57,53,4,4
49131,135,99,36,36
49132,111,117,-6,6
49133,97,90,7,7
49134,139,135,4,4
49135,96,99,-3,3
49136,91,93,-2,2
49137,131,119,12,12
49138,134,113,21,21
49139,81,82,-1,1
49140,123,119,4,4
49141,122,136,-14,14
49142,149,138,11,11
49143,122,110,12,12
49144,114,110,4,4
49145,112,100,12,12
49146,110,111,-1,1
49147,111,123,-12,12
49148,50,56,-6,6
49149,52,61,-9,9
49150,119,126,-7,7
49151,67,69,-2,2
49152,135,150,-15,15
49153,81,68,13,13
49154,122,115,7,7
49155,130,127,3,3
49156,60,61,-1,1
49157,108,122,-14,14
49158,97,84,13,13
49159,50,56,-6,6
49160,77,70,7,7
49161,106,99,7,7
49162,100,112,-12,12
49163,70,81,-11,11
49164,99,105,-6,6
49165,108,108,0,0
49166,138,130,8,8
49167,132,132,0,0
49168,73,89,-16,16
49169,73,82,-9,9
49170,111,100,11,11
49171,101,104,-3,3
49172,123,124,-1,1
49173,80,123,-43,43
49174,56,57,-1,1
49175,101,105,-4,4
49176,119,129,-10,10
49177,125,141,-16,16
49178,107,109,-2,2
49179,141,103,38,38
49180,110,125,-15,15
49181,91,61,30,30
49182,67,62,5,5
49183,91,120,-29,29
49184,62,63,-1,1
49185,66,59,7,7
49186,51,112,-61,61
49187,26,23,3,3
49188,112,111,1,1
49189,85,80,5,5
49190,173,161,12,12
49191,65,64,1,1
49192,71,85,-14,14
49193,48,106,-58,58
49194,113,111,2,2
49195,111,118,-7,7
49196,76,75,1,1
49197,72,75,-3,3
49198,104,106,-2,2
49199,113,111,2,2
49200,80,86,-6,6
49201,129,133,-4,4
49202,80,73,7,7
49203,99,106,-7,7
49204,98,107,-9,9
49205,186,167,19,19
49206,84,94,-10,10
49207,46,40,6,6
49208,81,96,-15,15
49209,62,62,0,0
49210,85,89,-4,4
49211,63,72,-9,9
49212,114,125,-11,11
49213,91,99,-8,8
49214,100,112,-12,12
49215,53,64,-11,11
49216,127,114,13,13
49217,93,95,-2,2
49218,59,65,-6,6
49219,52,53,-1,1
49220,100,110,-10,10
49221,73,71,2,2
49222,110,127,-17,17
49223,88,87,1,1
49224,87,84,3,3
49225,53,60,-7,7
49226,96,101,-5,5
49227,70,78,-8,8
49228,80,87,-7,7
49229,80,85,-5,5
49230,78,82,-4,4
49231,45,40,5,5
49232,97,89,8,8
49233,172,161,11,11
49234,92,100,-8,8
49235,72,85,-13,13
49236,125,142,-17,17
49237,72,75,-3,3
49238,156,154,2,2
49239,61,63,-2,2
49240,118,124,-6,6
49241,89,119,-30,30
49242,126,111,15,15
49243,121,112,9,9
49244,63,71,-8,8
49245,96,111,-15,15
49246,123,121,2,2
49247,80,91,-11,11
49248,120,120,0,0
49249,75,79,-4,4
49250,128,129,-1,1
49251,166,144,22,22
49252,129,133,-4,4
49253,74,86,-12,12
49254,70,77,-7,7
49255,75,76,-1,1
49256,115,96,19,19
49257,109,99,10,10
49258,86,84,2,2
49259,90,100,-10,10
49260,95,87,8,8
49261,102,106,-4,4
49262,178,162,16,16
49263,140,126,14,14
49264,148,136,12,12
49265,75,80,-5,5
49266,94,92,2,2
49267,83,86,-3,3
49268,184,160,24,24
49269,98,99,-1,1
49270,36,18,18,18
49271,68,59,9,9
49272,88,110,-22,22
49273,71,73,-2,2
49274,80,73,7,7
49275,81,81,0,0
49276,98,110,-12,12
49277,99,95,4,4
49278,41,38,3,3
49279,51,87,-36,36
49280,161,157,4,4
49281,76,77,-1,1
49282,103,103,0,0
49283,86,95,-9,9
49284,111,109,2,2
49285,132,124,8,8
49286,91,87,4,4
49287,114,94,20,20
49288,106,100,6,6
49289,140,126,14,14
49290,54,70,-16,16
49291,231,190,41,41
49292,74,84,-10,10
49293,59,61,-2,2
49294,149,136,13,13
49295,98,87,11,11
49296,96,90,6,6
49297,98,113,-15,15
49298,29,26,3,3
49299,80,63,17,17
49300,115,109,6,6
49301,75,67,8,8
49302,93,93,0,0
49303,86,99,-13,13
49304,67,59,8,8
49305,56,55,1,1
49306,120,120,0,0
49307,188,179,9,9
49308,31,27,4,4
49309,51,68,-17,17
49310,55,60,-5,5
49311,81,88,-7,7
49312,75,79,-4,4
49313,63,78,-15,15
49314,85,84,1,1
49315,32,8,24,24
49316,83,101,-18,18
49317,86,88,-2,2
49318,122,114,8,8
49319,46,38,8,8
49320,122,119,3,3
49321,101,113,-12,12
49322,55,74,-19,19
49323,80,44,36,36
49324,106,107,-1,1
49325,79,112,-33,33
49326,143,150,-7,7
49327,124,129,-5,5
49328,128,136,-8,8
49329,88,102,-14,14
49330,98,110,-12,12
49331,207,174,33,33
49332,133,121,12,12
49333,46,43,3,3
49334,115,113,2,2
49335,75,62,13,13
49336,93,93,0,0
49337,99,103,-4,4
49338,107,110,-3,3
49339,99,90,9,9
49340,78,88,-10,10
49341,104,81,23,23
49342,112,121,-9,9
49343,75,83,-8,8
49344,84,92,-8,8
49345,87,102,-15,15
49346,83,88,-5,5
49347,151,147,4,4
49348,23,43,-20,20
49349,168,161,7,7
49350,62,74,-12,12
49351,65,73,-8,8
49352,68,70,-2,2
49353,110,122,-12,12
49354,159,148,11,11
49355,44,33,11,11
49356,144,137,7,7
49357,71,71,0,0
49358,71,71,0,0
49359,131,135,-4,4
49360,148,99,49,49
49361,116,122,-6,6
49362,117,104,13,13
49363,116,133,-17,17
49364,95,107,-12,12
49365,59,86,-27,27
49366,41,51,-10,10
49367,80,101,-21,21
49368,66,79,-13,13
49369,98,92,6,6
49370,186,159,27,27
49371,109,106,3,3
49372,97,126,-29,29
49373,74,65,9,9
49374,113,113,0,0
49375,61,52,9,9
49376,108,113,-5,5
49377,123,108,15,15
49378,78,80,-2,2
49379,57,78,-21,21
49380,42,56,-14,14
49381,118,135,-17,17
49382,59,68,-9,9
49383,96,107,-11,11
49384,69,80,-11,11
49385,94,79,15,15
49386,84,93,-9,9
49387,182,204,-22,22
49388,44,38,6,6
49389,74,71,3,3
49390,84,70,14,14
49391,173,157,16,16
49392,73,88,-15,15
49393,67,72,-5,5
49394,84,86,-2,2
49395,106,106,0,0
49396,80,88,-8,8
49397,79,95,-16,16
49398,61,68,-7,7
49399,73,83,-10,10
49400,50,48,2,2
49401,94,86,8,8
49402,86,106,-20,20
49403,71,70,1,1
49404,60,71,-11,11
49405,126,133,-7,7
49406,60,43,17,17
49407,65,49,16,16
49408,83,87,-4,4
49409,47,37,10,10
49410,234,166,68,68
49411,101,89,12,12
49412,111,111,0,0
49413,65,71,-6,6
49414,50,61,-11,11
49415,63,59,4,4
49416,121,120,1,1
49417,63,26,37,37
49418,105,106,-1,1
49419,51,52,-1,1
49420,85,86,-1,1
49421,154,144,10,10
49422,130,125,5,5
49423,95,90,5,5
49424,55,58,-3,3
49425,95,108,-13,13
49426,154,148,6,6
49427,109,110,-1,1
49428,57,75,-18,18
49429,109,106,3,3
49430,125,96,29,29
49431,85,72,13,13
49432,76,53,23,23
49433,66,99,-33,33
49434,89,89,0,0
49435,64,75,-11,11
49436,46,83,-37,37
49437,79,79,0,0
49438,114,115,-1,1
49439,73,76,-3,3
49440,130,139,-9,9
49441,78,77,1,1
49442,62,76,-14,14
49443,49,44,5,5
49444,65,84,-19,19
49445,66,65,1,1
49446,72,90,-18,18
49447,81,84,-3,3
49448,131,132,-1,1
49449,113,127,-14,14
49450,103,108,-5,5
49451,60,48,12,12
49452,61,56,5,5
49453,62,71,-9,9
49454,79,85,-6,6
49455,111,112,-1,1
49456,108,105,3,3
49457,124,107,17,17
49458,93,107,-14,14
49459,121,127,-6,6
49460,49,59,-10,10
49461,72,89,-17,17
49462,86,79,7,7
49463,64,76,-12,12
49464,95,91,4,4
49465,108,125,-17,17
49466,148,148,0,0
49467,71,61,10,10
49468,85,103,-18,18
49469,72,91,-19,19
49470,107,114,-7,7
49471,121,108,13,13
49472,119,64,55,55
49473,81,102,-21,21
49474,94,98,-4,4
49475,147,109,38,38
49476,101,108,-7,7
49477,106,110,-4,4
49478,59,73,-14,14
49479,70,63,7,7
49480,52,45,7,7
49481,89,80,9,9
49482,128,120,8,8
49483,111,106,5,5
49484,146,141,5,5
49485,49,48,1,1
49486,110,105,5,5
49487,119,118,1,1
49488,96,110,-14,14
49489,119,112,7,7
49490,140,133,7,7
49491,124,135,-11,11
49492,90,81,9,9
49493,68,67,1,1
49494,92,96,-4,4
49495,163,154,9,9
49496,77,81,-4,4
49497,103,93,10,10
49498,126,108,18,18
49499,70,77,-7,7
49500,127,127,0,0
49501,76,79,-3,3
49502,138,142,-4,4
49503,88,94,-6,6
49504,58,96,-38,38
49505,68,62,6,6
49506,146,150,-4,4
49507,139,140,-1,1
49508,71,73,-2,2
49509,143,138,5,5
49510,123,108,15,15
49511,55,68,-13,13
49512,93,89,4,4
49513,74,78,-4,4
49514,122,116,6,6
49515,79,107,-28,28
49516,75,83,-8,8
49517,72,84,-12,12
49518,122,124,-2,2
49519,82,84,-2,2
49520,66,62,4,4
49521,67,66,1,1
49522,62,73,-11,11
49523,108,113,-5,5
49524,82,83,-1,1
49525,93,104,-11,11
49526,57,58,-1,1
49527,73,80,-7,7
49528,116,92,24,24
49529,97,92,5,5
49530,107,114,-7,7
49531,69,75,-6,6
49532,118,115,3,3
49533,112,118,-6,6
49534,75,86,-11,11
49535,128,134,-6,6
49536,96,82,14,14
49537,81,104,-23,23
49538,149,150,-1,1
49539,65,80,-15,15
49540,28,5,23,23
49541,92,110,-18,18
49542,82,41,41,41
49543,65,85,-20,20
49544,130,131,-1,1
49545,85,85,0,0
49546,105,110,-5,5
49547,119,141,-22,22
49548,124,113,11,11
49549,89,91,-2,2
49550,52,51,1,1
49551,95,94,1,1
49552,111,135,-24,24
49553,110,71,39,39
49554,104,97,7,7
49555,107,112,-5,5
49556,79,66,13,13
49557,98,82,16,16
49558,113,104,9,9
49559,59,68,-9,9
49560,86,86,0,0
49561,40,33,7,7
49562,59,56,3,3
49563,108,104,4,4
49564,49,50,-1,1
49565,86,77,9,9
49566,84,98,-14,14
49567,93,96,-3,3
49568,74,73,1,1
49569,73,75,-2,2
49570,89,89,0,0
49571,83,92,-9,9
49572,94,112,-18,18
49573,103,92,11,11
49574,117,122,-5,5
49575,162,144,18,18
49576,72,93,-21,21
49577,107,122,-15,15
49578,122,122,0,0
49579,108,110,-2,2
49580,96,76,20,20
49581,98,99,-1,1
49582,111,120,-9,9
49583,51,40,11,11
49584,70,91,-21,21
49585,64,66,-2,2
49586,47,30,17,17
49587,45,41,4,4
49588,69,95,-26,26
49589,91,99,-8,8
49590,77,74,3,3
49591,83,88,-5,5
49592,73,83,-10,10
49593,70,75,-5,5
49594,228,200,28,28
49595,50,60,-10,10
49596,69,67,2,2
49597,88,92,-4,4
49598,76,94,-18,18
49599,80,76,4,4
49600,73,79,-6,6
49601,86,86,0,0
49602,103,128,-25,25
49603,135,121,14,14
49604,75,94,-19,19
49605,78,83,-5,5
49606,114,101,13,13
49607,112,124,-12,12
49608,66,71,-5,5
49609,94,92,2,2
49610,86,85,1,1
49611,86,80,6,6
49612,115,130,-15,15
49613,81,79,2,2
49614,96,105,-9,9
49615,100,103,-3,3
49616,137,128,9,9
49617,71,74,-3,3
49618,77,80,-3,3
49619,102,104,-2,2
49620,83,101,-18,18
49621,87,55,32,32
49622,123,100,23,23
49623,65,88,-23,23
49624,59,60,-1,1
49625,98,108,-10,10
49626,127,136,-9,9
49627,141,119,22,22
49628,55,58,-3,3
49629,63,64,-1,1
49630,102,108,-6,6
49631,63,71,-8,8
49632,108,96,12,12
49633,105,92,13,13
49634,57,43,14,14
49635,64,39,25,25
49636,83,84,-1,1
49637,97,102,-5,5
49638,97,79,18,18
49639,84,101,-17,17
49640,117,122,-5,5
49641,99,95,4,4
49642,106,104,2,2
49643,101,111,-10,10
49644,91,93,-2,2
49645,131,133,-2,2
49646,162,144,18,18
49647,81,80,1,1
49648,56,67,-11,11
49649,120,103,17,17
49650,103,92,11,11
49651,43,33,10,10
49652,59,60,-1,1
49653,90,92,-2,2
49654,116,104,12,12
49655,55,40,15,15
49656,97,90,7,7
49657,99,105,-6,6
49658,52,56,-4,4
49659,32,34,-2,2
49660,91,108,-17,17
49661,92,90,2,2
49662,52,65,-13,13
49663,159,121,38,38
49664,144,134,10,10
49665,115,119,-4,4
49666,44,54,-10,10
49667,114,122,-8,8
49668,183,150,33,33
49669,94,98,-4,4
49670,82,101,-19,19
49671,85,78,7,7
49672,71,96,-25,25
49673,151,145,6,6
49674,98,91,7,7
49675,116,121,-5,5
49676,108,108,0,0
49677,85,88,-3,3
49678,96,100,-4,4
49679,94,94,0,0
49680,59,44,15,15
49681,81,91,-10,10
49682,125,131,-6,6
49683,64,76,-12,12
49684,106,94,12,12
49685,89,104,-15,15
49686,91,82,9,9
49687,72,63,9,9
49688,69,90,-21,21
49689,94,96,-2,2
49690,133,119,14,14
49691,115,116,-1,1
49692,92,91,1,1
49693,171,152,19,19
49694,108,111,-3,3
49695,102,88,14,14
49696,133,144,-11,11
49697,89,75,14,14
49698,93,95,-2,2
49699,39,84,-45,45
49700,119,112,7,7
49701,116,112,4,4
49702,71,64,7,7
49703,121,126,-5,5
49704,109,114,-5,5
49705,121,90,31,31
49706,87,84,3,3
49707,73,83,-10,10
49708,103,96,7,7
49709,50,53,-3,3
49710,53,66,-13,13
49711,94,98,-4,4
49712,143,141,2,2
49713,68,63,5,5
49714,148,140,8,8
49715,54,62,-8,8
49716,121,119,2,2
49717,116,102,14,14
49718,91,108,-17,17
49719,74,68,6,6
49720,68,70,-2,2
49721,129,130,-1,1
49722,69,68,1,1
49723,43,41,2,2
49724,125,102,23,23
49725,101,118,-17,17
49726,188,160,28,28
49727,135,97,38,38
49728,57,60,-3,3
49729,96,113,-17,17
49730,68,49,19,19
49731,154,143,11,11
49732,101,100,1,1
49733,48,40,8,8
49734,62,71,-9,9
49735,182,160,22,22
49736,83,57,26,26
49737,52,58,-6,6
49738,97,94,3,3
49739,108,89,19,19
49740,90,100,-10,10
49741,88,107,-19,19
49742,109,100,9,9
49743,84,114,-30,30
49744,93,104,-11,11
49745,87,88,-1,1
49746,75,77,-2,2
49747,77,96,-19,19
49748,159,139,20,20
49749,56,51,5,5
49750,135,129,6,6
49751,42,26,16,16
49752,42,30,12,12
49753,82,102,-20,20
49754,106,75,31,31
49755,98,116,-18,18
49756,59,58,1,1
49757,158,134,24,24
49758,109,110,-1,1
49759,93,97,-4,4
49760,174,170,4,4
49761,91,85,6,6
49762,138,119,19,19
49763,104,106,-2,2
49764,92,103,-11,11
49765,67,70,-3,3
49766,87,87,0,0
49767,135,121,14,14
49768,102,107,-5,5
49769,164,146,18,18
49770,67,82,-15,15
49771,106,84,22,22
49772,88,96,-8,8
49773,109,106,3,3
49774,97,95,2,2
49775,49,61,-12,12
49776,124,110,14,14
49777,64,53,11,11
49778,160,147,13,13
49779,108,115,-7,7
49780,71,68,3,3
49781,108,115,-7,7
49782,87,93,-6,6
49783,181,162,19,19
49784,100,97,3,3
49785,52,65,-13,13
49786,128,123,5,5
49787,84,87,-3,3
49788,123,117,6,6
49789,131,131,0,0
49790,113,115,-2,2
49791,127,130,-3,3
49792,85,87,-2,2
49793,71,65,6,6
49794,108,114,-6,6
49795,74,85,-11,11
49796,160,159,1,1
49797,72,68,4,4
49798,75,80,-5,5
49799,122,129,-7,7
49800,85,83,2,2
49801,74,78,-4,4
49802,44,72,-28,28
49803,110,133,-23,23
49804,64,74,-10,10
49805,40,41,-1,1
49806,124,126,-2,2
49807,88,82,6,6
49808,123,130,-7,7
49809,122,138,-16,16
49810,122,115,7,7
49811,104,88,16,16
49812,100,108,-8,8
49813,83,76,7,7
49814,50,59,-9,9
49815,93,89,4,4
49816,91,61,30,30
49817,78,88,-10,10
49818,121,116,5,5
49819,90,100,-10,10
49820,53,72,-19,19
49821,112,93,19,19
49822,82,83,-1,1
49823,167,152,15,15
49824,97,90,7,7
49825,63,69,-6,6
49826,112,107,5,5
49827,102,92,10,10
49828,78,80,-2,2
49829,124,123,1,1
49830,60,41,19,19
49831,59,45,14,14
49832,55,41,14,14
49833,154,150,4,4
49834,86,89,-3,3
49835,102,102,0,0
49836,70,80,-10,10
49837,47,58,-11,11
49838,79,65,14,14
49839,62,74,-12,12
49840,114,112,2,2
49841,117,109,8,8
49842,60,69,-9,9
49843,86,80,6,6
49844,152,156,-4,4
49845,168,153,15,15
49846,124,125,-1,1
49847,60,59,1,1
49848,125,117,8,8
49849,62,71,-9,9
49850,88,100,-12,12
49851,66,63,3,3
49852,175,160,15,15
49853,88,91,-3,3
49854,45,57,-12,12
49855,74,74,0,0
49856,135,133,2,2
49857,106,117,-11,11
49858,130,121,9,9
49859,79,91,-12,12
49860,81,80,1,1
49861,65,68,-3,3
49862,107,93,14,14
49863,97,99,-2,2
49864,76,96,-20,20
49865,116,119,-3,3
49866,59,59,0,0
49867,54,62,-8,8
49868,98,94,4,4
49869,128,148,-20,20
49870,106,124,-18,18
49871,78,80,-2,2
49872,131,123,8,8
49873,69,50,19,19
49874,153,163,-10,10
49875,71,73,-2,2
49876,67,79,-12,12
49877,107,112,-5,5
49878,75,104,-29,29
49879,87,96,-9,9
49880,94,81,13,13
49881,90,97,-7,7
49882,74,95,-21,21
49883,135,118,17,17
49884,134,126,8,8
49885,151,137,14,14
49886,92,97,-5,5
49887,92,100,-8,8
49888,80,116,-36,36
49889,91,107,-16,16
49890,89,98,-9,9
49891,86,77,9,9
49892,76,76,0,0
49893,107,117,-10,10
49894,140,110,30,30
49895,85,111,-26,26
49896,85,82,3,3
49897,69,83,-14,14
49898,96,99,-3,3
49899,62,51,11,11
49900,79,72,7,7
49901,138,117,21,21
49902,115,113,2,2
49903,106,113,-7,7
49904,93,97,-4,4
49905,122,119,3,3
49906,106,97,9,9
49907,90,93,-3,3
49908,88,87,1,1
49909,72,77,-5,5
49910,84,98,-14,14
49911,138,134,4,4
49912,92,107,-15,15
49913,95,107,-12,12
49914,86,76,10,10
49915,73,70,3,3
49916,70,79,-9,9
49917,61,71,-10,10
49918,161,164,-3,3
49919,89,77,12,12
49920,130,129,1,1
49921,99,88,11,11
49922,79,82,-3,3
49923,47,100,-53,53
49924,75,78,-3,3
49925,69,71,-2,2
49926,78,87,-9,9
49927,45,43,2,2
49928,67,76,-9,9
49929,99,77,22,22
49930,92,111,-19,19
49931,116,108,8,8
49932,132,123,9,9
49933,88,102,-14,14
49934,94,97,-3,3
49935,112,132,-20,20
49936,40,56,-16,16
49937,58,67,-9,9
49938,88,84,4,4
49939,85,88,-3,3
49940,86,76,10,10
49941,145,162,-17,17
49942,105,103,2,2
49943,99,91,8,8
49944,62,66,-4,4
49945,95,99,-4,4
49946,90,77,13,13
49947,57,55,2,2
49948,104,114,-10,10
49949,70,54,16,16
49950,103,90,13,13
49951,102,94,8,8
49952,56,37,19,19
49953,67,67,0,0
49954,65,73,-8,8
49955,65,72,-7,7
49956,100,116,-16,16
49957,77,99,-22,22
49958,140,125,15,15
49959,86,76,10,10
49960,123,119,4,4
49961,33,85,-52,52
49962,102,109,-7,7
49963,116,114,2,2
49964,63,72,-9,9
49965,79,82,-3,3
49966,160,151,9,9
49967,60,67,-7,7
49968,65,59,6,6
49969,84,89,-5,5
49970,67,69,-2,2
49971,90,87,3,3
49972,70,79,-9,9
49973,68,83,-15,15
49974,104,122,-18,18
49975,87,92,-5,5
49976,124,129,-5,5
49977,128,126,2,2
49978,166,172,-6,6
49979,72,84,-12,12
49980,54,54,0,0
49981,111,96,15,15
49982,93,77,16,16
49983,107,109,-2,2
49984,137,133,4,4
49985,89,85,4,4
49986,68,57,11,11
49987,52,46,6,6
49988,75,73,2,2
49989,79,84,-5,5
49990,48,48,0,0
49991,75,75,0,0
49992,85,82,3,3
49993,78,88,-10,10
49994,101,95,6,6
49995,173,151,22,22
49996,90,96,-6,6
49997,55,45,10,10
49998,98,106,-8,8
49999,131,102,29,29
50000,149,135,14,14
50001,90,96,-6,6
50002,51,51,0,0
50003,68,52,16,16
50004,111,110,1,1
50005,77,90,-13,13
50006,150,134,16,16
50007,123,134,-11,11
50008,42,57,-15,15
50009,111,106,5,5
50010,73,89,-16,16
50011,77,86,-9,9
50012,74,77,-3,3
50013,145,120,25,25
50014,77,73,4,4
50015,102,116,-14,14
50016,79,66,13,13
50017,65,66,-1,1
50018,64,74,-10,10
50019,54,65,-11,11
50020,127,117,10,10
50021,126,112,14,14
50022,83,97,-14,14
50023,108,98,10,10
50024,103,106,-3,3
50025,132,128,4,4
50026,141,131,10,10
50027,132,144,-12,12
50028,71,64,7,7
50029,111,122,-11,11
50030,133,111,22,22
50031,102,106,-4,4
50032,57,61,-4,4
50033,92,108,-16,16
50034,120,114,6,6
50035,85,93,-8,8
50036,86,76,10,10
50037,79,80,-1,1
50038,69,71,-2,2
50039,63,62,1,1
50040,118,124,-6,6
50041,132,118,14,14
50042,72,77,-5,5
50043,98,113,-15,15
50044,110,99,11,11
50045,105,116,-11,11
50046,67,74,-7,7
50047,92,92,0,0
50048,118,134,-16,16
50049,134,139,-5,5
50050,70,69,1,1
50051,129,117,12,12
50052,67,65,2,2
50053,36,47,-11,11
50054,137,147,-10,10
50055,40,46,-6,6
50056,89,101,-12,12
50057,89,84,5,5
50058,83,91,-8,8
50059,70,75,-5,5
50060,125,131,-6,6
50061,113,111,2,2
50062,64,74,-10,10
50063,101,110,-9,9
50064,92,111,-19,19
50065,118,117,1,1
50066,70,71,-1,1
50067,87,120,-33,33
50068,112,101,11,11
50069,195,198,-3,3
50070,122,122,0,0
50071,59,69,-10,10
50072,155,145,10,10
50073,131,125,6,6
50074,143,127,16,16
50075,117,124,-7,7
50076,120,110,10,10
50077,113,109,4,4
50078,102,88,14,14
50079,131,117,14,14
50080,105,91,14,14
50081,87,86,1,1
50082,66,83,-17,17
50083,122,137,-15,15
50084,116,88,28,28
50085,104,104,0,0
50086,51,56,-5,5
50087,90,95,-5,5
50088,87,92,-5,5
50089,93,104,-11,11
50090,61,67,-6,6
50091,106,115,-9,9
50092,47,60,-13,13
50093,80,75,5,5
50094,74,84,-10,10
50095,50,63,-13,13
50096,167,149,18,18
50097,56,50,6,6
50098,110,121,-11,11
50099,160,106,54,54
50100,105,118,-13,13
50101,63,66,-3,3
50102,97,104,-7,7
50103,98,104,-6,6
50104,108,113,-5,5
50105,105,86,19,19
50106,119,124,-5,5
50107,144,134,10,10
50108,65,69,-4,4
50109,112,111,1,1
50110,113,100,13,13
50111,98,109,-11,11
50112,83,58,25,25
50113,170,153,17,17
50114,88,91,-3,3
50115,109,74,35,35
50116,92,92,0,0
50117,121,110,11,11
50118,58,50,8,8
50119,96,128,-32,32
50120,108,87,21,21
50121,150,143,7,7
50122,78,79,-1,1
50123,43,44,-1,1
50124,49,61,-12,12
50125,173,155,18,18
50126,100,96,4,4
50127,104,100,4,4
50128,76,105,-29,29
50129,108,117,-9,9
50130,148,140,8,8
50131,74,79,-5,5
50132,72,64,8,8
50133,78,80,-2,2
50134,108,120,-12,12
50135,92,117,-25,25
50136,94,101,-7,7
50137,104,105,-1,1
50138,102,107,-5,5
50139,70,72,-2,2
50140,88,89,-1,1
50141,104,99,5,5
50142,115,94,21,21
50143,87,75,12,12
50144,110,119,-9,9
50145,70,66,4,4
50146,78,84,-6,6
50147,80,88,-8,8
50148,56,49,7,7
50149,125,133,-8,8
50150,79,77,2,2
50151,90,72,18,18
50152,134,134,0,0
50153,123,124,-1,1
50154,116,109,7,7
50155,79,84,-5,5
50156,100,115,-15,15
50157,55,56,-1,1
50158,86,89,-3,3
50159,125,145,-20,20
50160,68,65,3,3
50161,73,78,-5,5
50162,103,92,11,11
50163,172,165,7,7
50164,18,5,13,13
50165,80,83,-3,3
50166,64,56,8,8
50167,90,96,-6,6
50168,100,106,-6,6
50169,52,71,-19,19
50170,199,161,38,38
50171,90,104,-14,14
50172,80,100,-20,20
50173,138,137,1,1
50174,64,68,-4,4
50175,101,99,2,2
50176,116,129,-13,13
50177,134,125,9,9
50178,113,120,-7,7
50179,84,97,-13,13
50180,55,54,1,1
50181,194,188,6,6
50182,81,87,-6,6
50183,100,98,2,2
50184,97,95,2,2
50185,64,66,-2,2
50186,55,56,-1,1
50187,68,81,-13,13
50188,103,110,-7,7
50189,102,102,0,0
50190,68,81,-13,13
50191,95,97,-2,2
50192,74,69,5,5
50193,77,91,-14,14
50194,97,116,-19,19
50195,77,47,30,30
50196,124,133,-9,9
50197,62,75,-13,13
50198,78,88,-10,10
50199,149,138,11,11
50200,53,60,-7,7
50201,80,95,-15,15
50202,82,94,-12,12
50203,69,60,9,9
50204,80,99,-19,19
50205,45,41,4,4
50206,66,63,3,3
50207,46,47,-1,1
50208,82,98,-16,16
50209,45,49,-4,4
50210,105,107,-2,2
50211,109,106,3,3
50212,89,91,-2,2
50213,69,67,2,2
50214,132,115,17,17
50215,106,109,-3,3
50216,132,127,5,5
50217,141,155,-14,14
50218,282,239,43,43
50219,151,154,-3,3
50220,93,109,-16,16
50221,129,144,-15,15
50222,82,83,-1,1
50223,72,98,-26,26
50224,86,79,7,7
50225,42,46,-4,4
50226,85,74,11,11
50227,105,91,14,14
50228,110,110,0,0
50229,50,57,-7,7
50230,88,114,-26,26
50231,98,81,17,17
50232,85,81,4,4
50233,122,95,27,27
50234,122,146,-24,24
50235,124,88,36,36
50236,77,79,-2,2
50237,117,107,10,10
50238,98,107,-9,9
50239,90,88,2,2
50240,129,127,2,2
50241,88,109,-21,21
50242,73,89,-16,16
50243,77,88,-11,11
50244,139,146,-7,7
50245,96,70,26,26
50246,102,97,5,5
50247,87,82,5,5
50248,70,79,-9,9
50249,159,146,13,13
50250,60,67,-7,7
50251,69,63,6,6
50252,113,120,-7,7
50253,156,136,20,20
50254,118,107,11,11
50255,53,58,-5,5
50256,104,118,-14,14
50257,83,79,4,4
50258,67,77,-10,10
50259,95,106,-11,11
50260,103,113,-10,10
50261,132,147,-15,15
50262,115,121,-6,6
50263,89,91,-2,2
50264,107,101,6,6
50265,99,113,-14,14
50266,97,116,-19,19
50267,54,62,-8,8
50268,101,108,-7,7
50269,97,87,10,10
50270,81,94,-13,13
50271,150,165,-15,15
50272,76,103,-27,27
50273,87,91,-4,4
50274,101,117,-16,16
50275,51,44,7,7
50276,99,98,1,1
50277,76,89,-13,13
50278,170,158,12,12
50279,129,115,14,14
50280,73,68,5,5
50281,172,162,10,10
50282,142,152,-10,10
50283,104,101,3,3
50284,125,116,9,9
50285,51,59,-8,8
50286,127,118,9,9
50287,150,147,3,3
50288,71,70,1,1
50289,129,144,-15,15
50290,92,106,-14,14
50291,83,97,-14,14
50292,82,92,-10,10
50293,143,158,-15,15
50294,105,110,-5,5
50295,60,61,-1,1
50296,79,88,-9,9
50297,26,9,17,17
50298,131,119,12,12
50299,90,86,4,4
50300,72,85,-13,13
50301,62,65,-3,3
50302,76,91,-15,15
50303,138,131,7,7
50304,81,72,9,9
50305,108,101,7,7
50306,88,95,-7,7
50307,115,132,-17,17
50308,123,127,-4,4
50309,89,97,-8,8
50310,123,127,-4,4
50311,104,88,16,16
50312,67,60,7,7
50313,82,92,-10,10
50314,68,65,3,3
50315,72,76,-4,4
50316,92,102,-10,10
50317,60,60,0,0
50318,76,85,-9,9
50319,91,73,18,18
50320,95,97,-2,2
50321,101,107,-6,6
50322,96,109,-13,13
50323,122,116,6,6
50324,139,137,2,2
50325,141,117,24,24
50326,89,96,-7,7
50327,103,111,-8,8
50328,51,54,-3,3
50329,75,93,-18,18
50330,107,65,42,42
50331,64,67,-3,3
50332,54,57,-3,3
50333,90,88,2,2
50334,75,67,8,8
50335,136,119,17,17
50336,99,116,-17,17
50337,128,127,1,1
50338,125,118,7,7
50339,131,124,7,7
50340,61,59,2,2
50341,60,51,9,9
50342,70,89,-19,19
50343,136,150,-14,14
50344,91,86,5,5
50345,74,56,18,18
50346,63,60,3,3
50347,113,104,9,9
50348,78,43,35,35
50349,208,188,20,20
50350,153,138,15,15
50351,154,149,5,5
50352,92,88,4,4
50353,61,67,-6,6
50354,88,108,-20,20
50355,53,66,-13,13
50356,60,69,-9,9
50357,101,96,5,5
50358,108,107,1,1
50359,70,85,-15,15
50360,73,62,11,11
50361,86,97,-11,11
50362,63,56,7,7
50363,105,115,-10,10
50364,72,63,9,9
50365,145,137,8,8
50366,71,70,1,1
50367,148,142,6,6
50368,68,103,-35,35
50369,158,148,10,10
50370,176,163,13,13
50371,98,109,-11,11
50372,151,137,14,14
50373,72,109,-37,37
50374,48,58,-10,10
50375,77,72,5,5
50376,65,73,-8,8
50377,107,106,1,1
50378,93,80,13,13
50379,103,111,-8,8
50380,95,89,6,6
50381,45,46,-1,1
50382,148,134,14,14
50383,130,123,7,7
50384,123,122,1,1
50385,91,98,-7,7
50386,127,145,-18,18
50387,66,59,7,7
50388,71,76,-5,5
50389,133,127,6,6
50390,111,120,-9,9
50391,92,88,4,4
50392,72,80,-8,8
50393,70,81,-11,11
50394,158,143,15,15
50395,56,62,-6,6
50396,63,76,-13,13
50397,73,69,4,4
50398,170,157,13,13
50399,118,118,0,0
50400,83,93,-10,10
50401,59,63,-4,4
50402,95,81,14,14
50403,79,69,10,10
50404,79,83,-4,4
50405,103,112,-9,9
50406,127,126,1,1
50407,93,102,-9,9
50408,82,77,5,5
50409,48,41,7,7
50410,90,86,4,4
50411,76,64,12,12
50412,91,107,-16,16
50413,43,48,-5,5
50414,66,80,-14,14
50415,55,52,3,3
50416,93,102,-9,9
50417,102,95,7,7
50418,56,59,-3,3
50419,91,98,-7,7
50420,126,133,-7,7
50421,78,88,-10,10
50422,81,79,2,2
50423,103,107,-4,4
50424,114,109,5,5
50425,103,103,0,0
50426,137,139,-2,2
50427,111,114,-3,3
50428,71,86,-15,15
50429,99,74,25,25
50430,118,107,11,11
50431,145,140,5,5
50432,83,82,1,1
50433,59,53,6,6
50434,79,71,8,8
50435,60,53,7,7
50436,59,57,2,2
50437,109,121,-12,12
50438,74,80,-6,6
50439,125,129,-4,4
50440,112,86,26,26
50441,74,82,-8,8
50442,149,150,-1,1
50443,79,102,-23,23
50444,76,72,4,4
50445,124,117,7,7
50446,62,75,-13,13
50447,59,53,6,6
50448,190,172,18,18
50449,62,108,-46,46
50450,105,115,-10,10
50451,97,95,2,2
50452,128,122,6,6
50453,113,109,4,4
50454,98,100,-2,2
50455,37,39,-2,2
50456,136,134,2,2
50457,79,95,-16,16
50458,47,64,-17,17
50459,98,71,27,27
50460,101,105,-4,4
50461,87,95,-8,8
50462,49,61,-12,12
50463,88,77,11,11
50464,92,96,-4,4
50465,128,124,4,4
50466,111,107,4,4
50467,106,109,-3,3
50468,57,68,-11,11
50469,95,96,-1,1
50470,60,50,10,10
50471,131,116,15,15
50472,88,73,15,15
50473,83,106,-23,23
50474,109,102,7,7
50475,114,105,9,9
50476,84,107,-23,23
50477,85,91,-6,6
50478,86,90,-4,4
50479,76,83,-7,7
50480,112,108,4,4
50481,106,111,-5,5
50482,56,52,4,4
50483,120,136,-16,16
50484,53,64,-11,11
50485,32,95,-63,63
50486,184,186,-2,2
50487,82,70,12,12
50488,66,65,1,1
50489,67,83,-16,16
50490,123,123,0,0
50491,123,112,11,11
50492,146,127,19,19
50493,74,70,4,4
50494,113,99,14,14
50495,102,114,-12,12
50496,143,136,7,7
50497,88,85,3,3
50498,136,132,4,4
50499,149,158,-9,9
50500,165,161,4,4
50501,59,61,-2,2
50502,87,63,24,24
50503,85,77,8,8
50504,54,59,-5,5
50505,48,87,-39,39
50506,73,67,6,6
50507,74,63,11,11
50508,125,139,-14,14
50509,71,62,9,9
50510,36,33,3,3
50511,127,112,15,15
50512,71,77,-6,6
50513,92,91,1,1
50514,55,69,-14,14
50515,62,74,-12,12
50516,76,74,2,2
50517,64,68,-4,4
50518,129,147,-18,18
50519,147,141,6,6
50520,69,93,-24,24
50521,76,70,6,6
50522,86,85,1,1
50523,66,62,4,4
50524,76,74,2,2
50525,74,81,-7,7
50526,54,54,0,0
50527,109,118,-9,9
50528,141,138,3,3
50529,55,70,-15,15
50530,121,117,4,4
50531,79,87,-8,8
50532,80,75,5,5
50533,156,159,-3,3
50534,44,50,-6,6
50535,114,106,8,8
50536,105,111,-6,6
50537,73,96,-23,23
50538,84,86,-2,2
50539,176,158,18,18
50540,62,68,-6,6
50541,121,117,4,4
50542,114,124,-10,10
50543,87,93,-6,6
50544,77,103,-26,26
50545,64,70,-6,6
50546,165,153,12,12
50547,139,160,-21,21
50548,121,113,8,8
50549,97,101,-4,4
50550,193,171,22,22
50551,125,128,-3,3
50552,76,46,30,30
50553,54,47,7,7
50554,134,139,-5,5
50555,72,86,-14,14
50556,96,90,6,6
50557,37,19,18,18
50558,125,112,13,13
50559,87,85,2,2
50560,33,74,-41,41
50561,71,90,-19,19
50562,53,46,7,7
50563,59,56,3,3
50564,110,94,16,16
50565,82,92,-10,10
50566,110,109,1,1
50567,64,64,0,0
50568,65,72,-7,7
50569,134,128,6,6
50570,58,62,-4,4
50571,90,100,-10,10
50572,79,111,-32,32
50573,66,88,-22,22
50574,88,103,-15,15
50575,89,109,-20,20
50576,124,130,-6,6
50577,111,110,1,1
50578,144,133,11,11
50579,131,140,-9,9
50580,133,104,29,29
50581,104,107,-3,3
50582,63,67,-4,4
50583,72,72,0,0
50584,76,63,13,13
50585,59,56,3,3
50586,110,105,5,5
50587,69,69,0,0
50588,112,99,13,13
50589,41,58,-17,17
50590,135,134,1,1
50591,101,129,-28,28
50592,86,90,-4,4
50593,116,134,-18,18
50594,88,93,-5,5
50595,74,94,-20,20
50596,41,59,-18,18
50597,91,104,-13,13
50598,164,148,16,16
50599,58,54,4,4
50600,203,151,52,52
50601,84,96,-12,12
50602,91,76,15,15
50603,98,106,-8,8
50604,123,126,-3,3
50605,63,97,-34,34
50606,88,81,7,7
50607,92,104,-12,12
50608,117,114,3,3
50609,72,70,2,2
50610,69,72,-3,3
50611,77,84,-7,7
50612,77,68,9,9
50613,73,70,3,3
50614,94,91,3,3
50615,118,112,6,6
50616,98,91,7,7
50617,82,83,-1,1
50618,137,122,15,15
50619,84,114,-30,30
50620,113,115,-2,2
50621,145,118,27,27
50622,67,77,-10,10
50623,101,105,-4,4
50624,37,87,-50,50
50625,49,54,-5,5
50626,63,84,-21,21
50627,76,67,9,9
50628,216,196,20,20
50629,138,145,-7,7
50630,96,101,-5,5
50631,76,93,-17,17
50632,66,65,1,1
50633,55,46,9,9
50634,92,99,-7,7
50635,83,36,47,47
50636,107,123,-16,16
50637,124,124,0,0
50638,78,86,-8,8
50639,149,152,-3,3
50640,154,130,24,24
50641,67,66,1,1
50642,82,90,-8,8
50643,99,100,-1,1
50644,107,118,-11,11
50645,156,147,9,9
50646,174,202,-28,28
50647,103,108,-5,5
50648,116,114,2,2
50649,44,38,6,6
50650,108,113,-5,5
50651,94,108,-14,14
50652,63,60,3,3
50653,95,100,-5,5
50654,57,64,-7,7
50655,72,92,-20,20
50656,72,33,39,39
50657,101,104,-3,3
50658,94,111,-17,17
50659,86,89,-3,3
50660,157,154,3,3
50661,56,71,-15,15
50662,77,91,-14,14
50663,76,91,-15,15
50664,164,162,2,2
50665,68,85,-17,17
50666,65,79,-14,14
50667,124,121,3,3
50668,62,70,-8,8
50669,138,138,0,0
50670,146,147,-1,1
50671,135,149,-14,14
50672,124,112,12,12
50673,105,104,1,1
50674,71,61,10,10
50675,84,83,1,1
50676,84,73,11,11
50677,70,58,12,12
50678,112,109,3,3
50679,127,103,24,24
50680,51,59,-8,8
50681,104,105,-1,1
50682,96,95,1,1
50683,97,66,31,31
50684,72,74,-2,2
50685,117,115,2,2
50686,115,132,-17,17
50687,76,77,-1,1
50688,98,101,-3,3
50689,70,80,-10,10
50690,97,64,33,33
50691,131,142,-11,11
50692,50,53,-3,3
50693,68,82,-14,14
50694,64,64,0,0
50695,103,108,-5,5
50696,48,46,2,2
50697,106,106,0,0
50698,80,82,-2,2
50699,131,119,12,12
50700,59,56,3,3
50701,196,187,9,9
50702,143,147,-4,4
50703,74,67,7,7
50704,69,84,-15,15
50705,70,75,-5,5
50706,114,113,1,1
50707,70,59,11,11
50708,42,47,-5,5
50709,112,115,-3,3
50710,79,103,-24,24
50711,159,134,25,25
50712,121,116,5,5
50713,69,76,-7,7
50714,93,82,11,11
50715,90,90,0,0
50716,91,87,4,4
50717,65,68,-3,3
50718,136,145,-9,9
50719,65,66,-1,1
50720,51,61,-10,10
50721,131,132,-1,1
50722,81,88,-7,7
50723,60,116,-56,56
50724,99,92,7,7
50725,37,72,-35,35
50726,131,104,27,27
50727,164,133,31,31
50728,63,56,7,7
50729,208,178,30,30
50730,40,43,-3,3
50731,94,89,5,5
50732,114,118,-4,4
50733,72,86,-14,14
50734,83,83,0,0
50735,65,71,-6,6
50736,124,126,-2,2
50737,45,51,-6,6
50738,78,84,-6,6
50739,139,137,2,2
50740,63,66,-3,3
50741,88,97,-9,9
50742,81,81,0,0
50743,79,74,5,5
50744,106,95,11,11
50745,129,121,8,8
50746,107,122,-15,15
50747,67,90,-23,23
50748,119,123,-4,4
50749,96,109,-13,13
50750,96,86,10,10
50751,64,91,-27,27
50752,110,91,19,19
50753,122,133,-11,11
50754,159,156,3,3
50755,84,85,-1,1
50756,78,77,1,1
50757,186,187,-1,1
50758,77,77,0,0
50759,95,89,6,6
50760,78,80,-2,2
50761,84,122,-38,38
50762,115,116,-1,1
50763,104,106,-2,2
50764,84,78,6,6
50765,94,106,-12,12
50766,103,103,0,0
50767,120,127,-7,7
50768,80,89,-9,9
50769,63,59,4,4
50770,113,107,6,6
50771,82,112,-30,30
50772,111,116,-5,5
50773,103,113,-10,10
50774,122,124,-2,2
50775,81,84,-3,3
50776,141,131,10,10
50777,122,118,4,4
50778,136,127,9,9
50779,67,66,1,1
50780,91,112,-21,21
50781,86,87,-1,1
50782,97,86,11,11
50783,42,71,-29,29
50784,63,72,-9,9
50785,118,121,-3,3
50786,81,100,-19,19
50787,62,52,10,10
50788,55,101,-46,46
50789,89,90,-1,1
50790,71,73,-2,2
50791,57,69,-12,12
50792,83,90,-7,7
50793,153,140,13,13
50794,106,104,2,2
50795,122,111,11,11
50796,76,76,0,0
50797,90,93,-3,3
50798,70,82,-12,12
50799,33,34,-1,1
50800,83,79,4,4
50801,50,78,-28,28
50802,118,110,8,8
50803,115,117,-2,2
50804,45,45,0,0
50805,58,62,-4,4
50806,38,45,-7,7
50807,97,95,2,2
50808,39,48,-9,9
50809,28,26,2,2
50810,117,116,1,1
50811,115,131,-16,16
50812,121,116,5,5
50813,105,111,-6,6
50814,88,88,0,0
50815,64,71,-7,7
50816,85,95,-10,10
50817,103,87,16,16
50818,76,62,14,14
50819,60,73,-13,13
50820,73,80,-7,7
50821,70,64,6,6
50822,54,66,-12,12
50823,83,89,-6,6
50824,77,83,-6,6
50825,58,64,-6,6
50826,105,98,7,7
50827,145,142,3,3
50828,119,104,15,15
50829,100,96,4,4
50830,84,89,-5,5
50831,88,76,12,12
50832,90,94,-4,4
50833,65,66,-1,1
50834,131,136,-5,5
50835,76,94,-18,18
50836,166,163,3,3
50837,52,49,3,3
50838,156,155,1,1
50839,139,149,-10,10
50840,80,86,-6,6
50841,73,79,-6,6
50842,94,104,-10,10
50843,83,87,-4,4
50844,108,98,10,10
50845,71,83,-12,12
50846,98,108,-10,10
50847,94,102,-8,8
50848,99,106,-7,7
50849,29,22,7,7
50850,85,67,18,18
50851,92,98,-6,6
50852,96,99,-3,3
50853,107,99,8,8
50854,31,54,-23,23
50855,80,116,-36,36
50856,86,88,-2,2
50857,147,138,9,9
50858,113,117,-4,4
50859,58,50,8,8
50860,69,86,-17,17
50861,81,83,-2,2
50862,105,106,-1,1
50863,146,134,12,12
50864,126,127,-1,1
50865,72,65,7,7
50866,110,98,12,12
50867,140,140,0,0
50868,93,81,12,12
50869,88,93,-5,5
50870,84,67,17,17
50871,57,59,-2,2
50872,78,72,6,6
50873,76,75,1,1
50874,143,135,8,8
50875,108,142,-34,34
50876,45,38,7,7
50877,87,106,-19,19
50878,77,85,-8,8
50879,96,110,-14,14
50880,84,79,5,5
50881,60,68,-8,8
50882,74,91,-17,17
50883,83,82,1,1
50884,69,69,0,0
50885,58,56,2,2
50886,73,76,-3,3
50887,81,98,-17,17
50888,106,83,23,23
50889,140,154,-14,14
50890,75,81,-6,6
50891,102,121,-19,19
50892,137,109,28,28
50893,63,97,-34,34
50894,80,87,-7,7
50895,65,101,-36,36
50896,151,146,5,5
50897,138,140,-2,2
50898,104,92,12,12
50899,142,139,3,3
50900,77,87,-10,10
50901,102,109,-7,7
50902,83,93,-10,10
50903,74,80,-6,6
50904,113,123,-10,10
50905,115,112,3,3
50906,86,103,-17,17
50907,66,52,14,14
50908,123,110,13,13
50909,173,160,13,13
50910,138,144,-6,6
50911,121,123,-2,2
50912,187,155,32,32
50913,103,105,-2,2
50914,93,155,-62,62
50915,134,132,2,2
50916,84,86,-2,2
50917,140,130,10,10
50918,139,132,7,7
50919,112,115,-3,3
50920,81,89,-8,8
50921,48,45,3,3
50922,111,105,6,6
50923,133,127,6,6
50924,158,134,24,24
50925,47,56,-9,9
50926,115,126,-11,11
50927,59,63,-4,4
50928,136,137,-1,1
50929,86,88,-2,2
50930,89,98,-9,9
50931,104,113,-9,9
50932,88,91,-3,3
50933,68,70,-2,2
50934,105,103,2,2
50935,122,114,8,8
50936,93,85,8,8
50937,172,142,30,30
50938,77,95,-18,18
50939,141,147,-6,6
50940,106,110,-4,4
50941,102,114,-12,12
50942,136,136,0,0
50943,83,81,2,2
50944,60,60,0,0
50945,90,123,-33,33
50946,69,68,1,1
50947,96,101,-5,5
50948,101,120,-19,19
50949,90,72,18,18
50950,95,91,4,4
50951,80,94,-14,14
50952,91,89,2,2
50953,125,138,-13,13
50954,85,88,-3,3
50955,129,128,1,1
50956,117,124,-7,7
50957,77,76,1,1
50958,82,111,-29,29
50959,135,134,1,1
50960,120,87,33,33
50961,89,55,34,34
50962,161,149,12,12
50963,70,73,-3,3
50964,60,68,-8,8
50965,172,157,15,15
50966,136,127,9,9
50967,86,82,4,4
50968,106,108,-2,2
50969,107,115,-8,8
50970,98,102,-4,4
50971,120,156,-36,36
50972,158,165,-7,7
50973,61,54,7,7
50974,101,92,9,9
50975,94,64,30,30
50976,60,69,-9,9
50977,68,68,0,0
50978,99,83,16,16
50979,56,64,-8,8
50980,110,97,13,13
50981,102,97,5,5
50982,83,95,-12,12
50983,92,100,-8,8
50984,77,81,-4,4
50985,125,134,-9,9
50986,79,72,7,7
50987,67,64,3,3
50988,113,113,0,0
50989,122,127,-5,5
50990,131,128,3,3
50991,104,101,3,3
50992,89,102,-13,13
50993,92,100,-8,8
50994,217,125,92,92
50995,45,108,-63,63
50996,69,68,1,1
50997,112,125,-13,13
50998,146,128,18,18
50999,95,112,-17,17
51000,91,98,-7,7
51001,70,81,-11,11
51002,75,86,-11,11
51003,95,100,-5,5
51004,112,100,12,12
51005,58,69,-11,11
51006,54,56,-2,2
51007,94,102,-8,8
51008,108,96,12,12
51009,89,86,3,3
51010,90,100,-10,10
51011,129,130,-1,1
51012,105,100,5,5
51013,94,88,6,6
51014,132,160,-28,28
51015,95,32,63,63
51016,68,56,12,12
51017,97,88,9,9
51018,128,128,0,0
51019,116,122,-6,6
51020,93,93,0,0
51021,89,85,4,4
51022,176,180,-4,4
51023,172,182,-10,10
51024,54,60,-6,6
51025,60,68,-8,8
51026,39,100,-61,61
51027,96,86,10,10
51028,60,74,-14,14
51029,52,54,-2,2
51030,105,101,4,4
51031,137,118,19,19
51032,151,141,10,10
51033,108,121,-13,13
51034,100,90,10,10
51035,68,65,3,3
51036,99,104,-5,5
51037,100,111,-11,11
51038,112,107,5,5
51039,78,79,-1,1
51040,110,119,-9,9
51041,70,66,4,4
51042,122,120,2,2
51043,72,69,3,3
51044,191,172,19,19
51045,106,110,-4,4
51046,102,103,-1,1
51047,130,118,12,12
51048,83,89,-6,6
51049,70,79,-9,9
51050,93,97,-4,4
51051,98,87,11,11
51052,72,81,-9,9
51053,121,121,0,0
51054,157,148,9,9
51055,72,88,-16,16
51056,88,87,1,1
51057,109,114,-5,5
51058,129,124,5,5
51059,185,153,32,32
51060,82,95,-13,13
51061,45,18,27,27
51062,47,84,-37,37
51063,75,79,-4,4
51064,107,115,-8,8
51065,73,89,-16,16
51066,90,91,-1,1
51067,69,127,-58,58
51068,100,127,-27,27
51069,87,90,-3,3
51070,56,53,3,3
51071,83,78,5,5
51072,140,115,25,25
51073,64,50,14,14
51074,97,97,0,0
51075,86,84,2,2
51076,129,107,22,22
51077,119,115,4,4
51078,85,83,2,2
51079,109,104,5,5
51080,92,101,-9,9
51081,152,130,22,22
51082,74,90,-16,16
51083,147,163,-16,16
51084,117,126,-9,9
51085,85,70,15,15
51086,115,128,-13,13
51087,96,96,0,0
51088,109,107,2,2
51089,70,61,9,9
51090,107,115,-8,8
51091,71,86,-15,15
51092,80,82,-2,2
51093,117,109,8,8
51094,149,134,15,15
51095,74,68,6,6
51096,100,94,6,6
51097,131,139,-8,8
51098,100,105,-5,5
51099,72,95,-23,23
51100,92,103,-11,11
51101,68,79,-11,11
51102,71,75,-4,4
51103,60,40,20,20
51104,74,74,0,0
51105,114,102,12,12
51106,44,46,-2,2
51107,104,110,-6,6
51108,143,146,-3,3
51109,159,138,21,21
51110,76,75,1,1
51111,93,96,-3,3
51112,91,105,-14,14
51113,91,95,-4,4
51114,188,179,9,9
51115,85,94,-9,9
51116,58,48,10,10
51117,115,119,-4,4
51118,51,62,-11,11
51119,49,47,2,2
51120,108,119,-11,11
51121,92,94,-2,2
51122,102,114,-12,12
51123,113,113,0,0
51124,100,105,-5,5
51125,80,69,11,11
51126,109,120,-11,11
51127,72,97,-25,25
51128,91,98,-7,7
51129,93,94,-1,1
51130,44,46,-2,2
51131,104,110,-6,6
51132,50,62,-12,12
51133,76,70,6,6
51134,53,53,0,0
51135,119,115,4,4
51136,105,104,1,1
51137,110,126,-16,16
51138,148,151,-3,3
51139,105,96,9,9
51140,139,136,3,3
51141,97,86,11,11
51142,113,105,8,8
51143,85,81,4,4
51144,113,103,10,10
51145,60,60,0,0
51146,66,54,12,12
51147,115,123,-8,8
51148,30,124,-94,94
51149,76,66,10,10
51150,73,91,-18,18
51151,72,85,-13,13
51152,141,134,7,7
51153,58,85,-27,27
51154,101,100,1,1
51155,80,99,-19,19
51156,76,68,8,8
51157,118,123,-5,5
51158,97,105,-8,8
51159,96,117,-21,21
51160,40,42,-2,2
51161,157,133,24,24
51162,125,114,11,11
51163,99,94,5,5
51164,66,74,-8,8
51165,117,99,18,18
51166,94,103,-9,9
51167,54,61,-7,7
51168,62,66,-4,4
51169,74,79,-5,5
51170,166,160,6,6
51171,142,147,-5,5
51172,81,106,-25,25
51173,110,123,-13,13
51174,114,106,8,8
51175,96,101,-5,5
51176,54,48,6,6
51177,97,102,-5,5
51178,86,112,-26,26
51179,67,69,-2,2
51180,65,48,17,17
51181,89,97,-8,8
51182,86,103,-17,17
51183,71,88,-17,17
51184,146,139,7,7
51185,81,63,18,18
51186,108,109,-1,1
51187,116,102,14,14
51188,90,92,-2,2
51189,108,109,-1,1
51190,127,114,13,13
51191,60,48,12,12
51192,66,67,-1,1
51193,180,163,17,17
51194,52,60,-8,8
51195,93,90,3,3
51196,127,131,-4,4
51197,96,99,-3,3
51198,110,86,24,24
51199,102,110,-8,8
51200,110,126,-16,16
51201,72,78,-6,6
51202,161,160,1,1
51203,89,91,-2,2
51204,78,89,-11,11
51205,77,84,-7,7
51206,80,75,5,5
51207,78,81,-3,3
51208,135,134,1,1
51209,88,89,-1,1
51210,102,78,24,24
51211,73,76,-3,3
51212,101,105,-4,4
51213,84,77,7,7
51214,87,96,-9,9
51215,79,106,-27,27
51216,84,100,-16,16
51217,140,147,-7,7
51218,106,101,5,5
51219,75,74,1,1
51220,94,88,6,6
51221,79,84,-5,5
51222,93,93,0,0
51223,155,149,6,6
51224,97,101,-4,4
51225,109,133,-24,24
51226,115,111,4,4
51227,126,125,1,1
51228,90,79,11,11
51229,72,53,19,19
51230,63,52,11,11
51231,105,105,0,0
51232,68,75,-7,7
51233,143,86,57,57
51234,116,119,-3,3
51235,121,134,-13,13
51236,130,113,17,17
51237,75,71,4,4
51238,70,78,-8,8
51239,109,90,19,19
51240,98,108,-10,10
51241,106,88,18,18
51242,76,74,2,2
51243,60,57,3,3
51244,68,83,-15,15
51245,165,149,16,16
51246,90,107,-17,17
51247,178,166,12,12
51248,79,92,-13,13
51249,72,78,-6,6
51250,87,75,12,12
51251,82,85,-3,3
51252,57,62,-5,5
51253,110,113,-3,3
51254,111,111,0,0
51255,70,63,7,7
51256,112,107,5,5
51257,52,49,3,3
51258,94,91,3,3
51259,97,102,-5,5
51260,66,65,1,1
51261,67,73,-6,6
51262,66,69,-3,3
51263,107,119,-12,12
51264,156,191,-35,35
51265,40,94,-54,54
51266,60,62,-2,2
51267,109,136,-27,27
51268,62,58,4,4
51269,126,117,9,9
51270,96,90,6,6
51271,106,102,4,4
51272,109,104,5,5
51273,77,89,-12,12
51274,70,74,-4,4
51275,75,98,-23,23
51276,194,174,20,20
51277,24,8,16,16
51278,94,96,-2,2
51279,102,85,17,17
51280,126,120,6,6
51281,150,132,18,18
51282,126,129,-3,3
51283,82,116,-34,34
51284,92,108,-16,16
51285,87,105,-18,18
51286,122,132,-10,10
51287,129,123,6,6
51288,93,99,-6,6
51289,62,94,-32,32
51290,148,148,0,0
51291,73,85,-12,12
51292,114,106,8,8
51293,82,79,3,3
51294,99,103,-4,4
51295,181,170,11,11
51296,158,124,34,34
51297,100,107,-7,7
51298,143,140,3,3
51299,118,113,5,5
51300,85,81,4,4
51301,127,129,-2,2
51302,83,92,-9,9
51303,95,96,-1,1
51304,63,51,12,12
51305,76,71,5,5
51306,111,115,-4,4
51307,69,80,-11,11
51308,100,100,0,0
51309,47,56,-9,9
51310,83,89,-6,6
51311,85,85,0,0
51312,74,74,0,0
51313,53,68,-15,15
51314,75,78,-3,3
51315,71,83,-12,12
51316,108,99,9,9
51317,71,74,-3,3
51318,121,127,-6,6
51319,100,114,-14,14
51320,113,119,-6,6
51321,86,76,10,10
51322,86,75,11,11
51323,115,111,4,4
51324,38,46,-8,8
51325,140,138,2,2
51326,119,133,-14,14
51327,104,117,-13,13
51328,135,136,-1,1
51329,147,133,14,14
51330,116,120,-4,4
51331,137,150,-13,13
51332,86,91,-5,5
51333,96,105,-9,9
51334,76,75,1,1
51335,64,60,4,4
51336,57,47,10,10
51337,90,103,-13,13
51338,56,77,-21,21
51339,84,95,-11,11
51340,109,117,-8,8
51341,124,118,6,6
51342,138,132,6,6
51343,73,82,-9,9
51344,98,97,1,1
51345,93,91,2,2
51346,51,32,19,19
51347,54,46,8,8
51348,62,71,-9,9
51349,126,127,-1,1
51350,85,82,3,3
51351,86,82,4,4
51352,67,60,7,7
51353,80,85,-5,5
51354,55,57,-2,2
51355,115,111,4,4
51356,71,62,9,9
51357,86,86,0,0
51358,120,118,2,2
51359,94,91,3,3
51360,71,77,-6,6
51361,106,120,-14,14
51362,101,93,8,8
51363,41,37,4,4
51364,77,74,3,3
51365,130,89,41,41
51366,154,145,9,9
51367,102,91,11,11
51368,56,57,-1,1
51369,108,111,-3,3
51370,74,53,21,21
51371,33,110,-77,77
51372,109,113,-4,4
51373,113,114,-1,1
51374,115,112,3,3
51375,73,74,-1,1
51376,60,78,-18,18
51377,115,109,6,6
51378,85,99,-14,14
51379,121,110,11,11
51380,128,119,9,9
51381,76,97,-21,21
51382,158,156,2,2
51383,109,96,13,13
51384,47,47,0,0
51385,76,67,9,9
51386,75,63,12,12
51387,92,89,3,3
51388,92,90,2,2
51389,110,119,-9,9
51390,101,97,4,4
51391,95,92,3,3
51392,107,119,-12,12
51393,96,100,-4,4
51394,127,126,1,1
51395,104,105,-1,1
51396,84,87,-3,3
51397,44,30,14,14
51398,112,109,3,3
51399,94,86,8,8
51400,65,57,8,8
51401,67,77,-10,10
51402,106,111,-5,5
51403,85,77,8,8
51404,75,101,-26,26
51405,72,71,1,1
51406,99,77,22,22
51407,63,66,-3,3
51408,157,156,1,1
51409,70,66,4,4
51410,79,73,6,6
51411,99,89,10,10
51412,100,118,-18,18
51413,152,141,11,11
51414,111,130,-19,19
51415,73,82,-9,9
51416,117,114,3,3
51417,74,75,-1,1
51418,84,90,-6,6
51419,117,121,-4,4
51420,70,78,-8,8
51421,72,72,0,0
51422,62,70,-8,8
51423,90,109,-19,19
51424,123,116,7,7
51425,81,82,-1,1
51426,62,72,-10,10
51427,74,82,-8,8
51428,189,168,21,21
51429,97,104,-7,7
51430,131,131,0,0
51431,66,69,-3,3
51432,131,140,-9,9
51433,101,94,7,7
51434,205,170,35,35
51435,92,92,0,0
51436,74,93,-19,19
51437,108,104,4,4
51438,78,79,-1,1
51439,69,83,-14,14
51440,92,24,68,68
51441,76,91,-15,15
51442,83,48,35,35
51443,104,107,-3,3
51444,85,89,-4,4
51445,74,71,3,3
51446,134,130,4,4
51447,119,119,0,0
51448,92,91,1,1
51449,88,101,-13,13
51450,126,138,-12,12
51451,100,118,-18,18
51452,45,52,-7,7
51453,131,113,18,18
51454,55,62,-7,7
51455,180,152,28,28
51456,133,113,20,20
51457,94,110,-16,16
51458,62,89,-27,27
51459,119,117,2,2
51460,183,185,-2,2
51461,88,89,-1,1
51462,115,91,24,24
51463,100,78,22,22
51464,64,73,-9,9
51465,83,103,-20,20
51466,138,140,-2,2
51467,62,67,-5,5
51468,193,181,12,12
51469,90,85,5,5
51470,77,82,-5,5
51471,111,113,-2,2
51472,99,96,3,3
51473,118,126,-8,8
51474,131,129,2,2
51475,71,64,7,7
51476,78,81,-3,3
51477,94,88,6,6
51478,92,94,-2,2
51479,97,100,-3,3
51480,89,99,-10,10
51481,131,120,11,11
51482,119,95,24,24
51483,59,70,-11,11
51484,80,86,-6,6
51485,116,80,36,36
51486,93,86,7,7
51487,72,64,8,8
51488,185,162,23,23
51489,85,90,-5,5
51490,108,135,-27,27
51491,84,83,1,1
51492,100,98,2,2
51493,109,87,22,22
51494,43,35,8,8
51495,77,82,-5,5
51496,87,80,7,7
51497,121,117,4,4
51498,109,114,-5,5
51499,83,100,-17,17
51500,108,96,12,12
51501,166,145,21,21
51502,68,58,10,10
51503,112,113,-1,1
51504,103,122,-19,19
51505,106,109,-3,3
51506,33,23,10,10
51507,56,62,-6,6
51508,72,75,-3,3
51509,136,131,5,5
51510,79,88,-9,9
51511,143,122,21,21
51512,103,95,8,8
51513,75,64,11,11
51514,73,71,2,2
51515,68,55,13,13
51516,68,88,-20,20
51517,102,92,10,10
51518,83,65,18,18
51519,70,84,-14,14
51520,88,87,1,1
51521,124,124,0,0
51522,111,115,-4,4
51523,103,115,-12,12
51524,104,33,71,71
51525,122,125,-3,3
51526,119,112,7,7
51527,71,93,-22,22
51528,196,166,30,30
51529,70,89,-19,19
51530,70,84,-14,14
51531,88,78,10,10
51532,122,126,-4,4
51533,102,91,11,11
51534,119,116,3,3
51535,138,141,-3,3
51536,165,160,5,5
51537,94,106,-12,12
51538,52,52,0,0
51539,86,89,-3,3
51540,63,81,-18,18
51541,92,91,1,1
51542,65,59,6,6
51543,47,48,-1,1
51544,62,77,-15,15
51545,79,81,-2,2
51546,166,133,33,33
51547,96,88,8,8
51548,120,122,-2,2
51549,117,122,-5,5
51550,99,97,2,2
51551,124,138,-14,14
51552,138,115,23,23
51553,60,66,-6,6
51554,90,91,-1,1
51555,76,76,0,0
51556,113,134,-21,21
51557,129,140,-11,11
51558,80,89,-9,9
51559,99,94,5,5
51560,87,81,6,6
51561,74,82,-8,8
51562,70,70,0,0
51563,50,57,-7,7
51564,83,83,0,0
51565,150,145,5,5
51566,104,100,4,4
51567,107,108,-1,1
51568,101,87,14,14
51569,153,154,-1,1
51570,81,75,6,6
51571,58,68,-10,10
51572,104,104,0,0
51573,64,60,4,4
51574,58,47,11,11
51575,137,142,-5,5
51576,132,110,22,22
51577,110,120,-10,10
51578,120,124,-4,4
51579,92,96,-4,4
51580,83,108,-25,25
51581,41,41,0,0
51582,194,194,0,0
51583,79,73,6,6
51584,65,75,-10,10
51585,126,123,3,3
51586,125,135,-10,10
51587,148,138,10,10
51588,63,65,-2,2
51589,82,89,-7,7
51590,127,121,6,6
51591,141,129,12,12
51592,98,93,5,5
51593,140,149,-9,9
51594,92,82,10,10
51595,78,85,-7,7
51596,72,77,-5,5
51597,133,123,10,10
51598,82,95,-13,13
51599,53,67,-14,14
51600,68,70,-2,2
51601,135,96,39,39
51602,76,102,-26,26
51603,84,80,4,4
51604,109,109,0,0
51605,115,118,-3,3
51606,32,7,25,25
51607,202,191,11,11
51608,64,65,-1,1
51609,69,68,1,1
51610,61,74,-13,13
51611,81,75,6,6
51612,81,86,-5,5
51613,103,105,-2,2
51614,73,75,-2,2
51615,103,122,-19,19
51616,153,127,26,26
51617,78,79,-1,1
51618,100,96,4,4
51619,136,151,-15,15
51620,58,59,-1,1
51621,75,85,-10,10
51622,130,117,13,13
51623,127,115,12,12
51624,51,61,-10,10
51625,87,59,28,28
51626,99,78,21,21
51627,121,117,4,4
51628,83,88,-5,5
51629,65,91,-26,26
51630,86,88,-2,2
51631,129,132,-3,3
51632,77,92,-15,15
51633,63,61,2,2
51634,70,80,-10,10
51635,75,79,-4,4
51636,75,88,-13,13
51637,132,138,-6,6
51638,157,144,13,13
51639,130,131,-1,1
51640,80,97,-17,17
51641,97,114,-17,17
51642,68,76,-8,8
51643,98,104,-6,6
51644,81,96,-15,15
51645,51,46,5,5
51646,84,84,0,0
51647,79,89,-10,10
51648,151,142,9,9
51649,82,79,3,3
51650,127,113,14,14
51651,63,67,-4,4
51652,97,99,-2,2
51653,121,109,12,12
51654,157,157,0,0
51655,101,104,-3,3
51656,160,153,7,7
51657,92,96,-4,4
51658,107,124,-17,17
51659,108,108,0,0
51660,119,106,13,13
51661,61,75,-14,14
51662,112,110,2,2
51663,71,64,7,7
51664,99,102,-3,3
51665,68,75,-7,7
51666,116,142,-26,26
51667,64,84,-20,20
51668,124,125,-1,1
51669,139,138,1,1
51670,80,88,-8,8
51671,157,145,12,12
51672,101,103,-2,2
51673,114,106,8,8
51674,126,130,-4,4
51675,148,111,37,37
51676,77,76,1,1
51677,187,179,8,8
51678,139,119,20,20
51679,164,111,53,53
51680,98,106,-8,8
51681,86,95,-9,9
51682,61,57,4,4
51683,143,143,0,0
51684,57,59,-2,2
51685,52,56,-4,4
51686,92,109,-17,17
51687,108,82,26,26
51688,156,130,26,26
51689,159,149,10,10
51690,157,134,23,23
51691,102,83,19,19
51692,138,132,6,6
51693,78,96,-18,18
51694,83,70,13,13
51695,108,103,5,5
51696,60,60,0,0
51697,142,122,20,20
51698,55,56,-1,1
51699,65,116,-51,51
51700,125,131,-6,6
51701,90,93,-3,3
51702,74,79,-5,5
51703,156,157,-1,1
51704,76,87,-11,11
51705,94,105,-11,11
51706,84,81,3,3
51707,84,81,3,3
51708,68,84,-16,16
51709,144,141,3,3
51710,74,78,-4,4
51711,104,118,-14,14
51712,98,100,-2,2
51713,92,82,10,10
51714,106,117,-11,11
51715,94,105,-11,11
51716,91,98,-7,7
51717,61,94,-33,33
51718,77,82,-5,5
51719,71,79,-8,8
51720,98,105,-7,7
51721,73,84,-11,11
51722,103,111,-8,8
51723,124,125,-1,1
51724,135,75,60,60
51725,118,136,-18,18
51726,96,87,9,9
51727,54,54,0,0
51728,112,111,1,1
51729,72,84,-12,12
51730,70,86,-16,16
51731,85,101,-16,16
51732,51,41,10,10
51733,106,127,-21,21
51734,113,106,7,7
51735,76,67,9,9
51736,63,100,-37,37
51737,140,108,32,32
51738,103,100,3,3
51739,163,169,-6,6
51740,126,124,2,2
51741,92,64,28,28
51742,40,66,-26,26
51743,33,51,-18,18
51744,99,95,4,4
51745,113,94,19,19
51746,59,47,12,12
51747,88,120,-32,32
51748,58,56,2,2
51749,98,105,-7,7
51750,135,125,10,10
51751,92,91,1,1
51752,101,100,1,1
51753,116,111,5,5
51754,171,152,19,19
51755,98,103,-5,5
51756,99,92,7,7
51757,77,92,-15,15
51758,99,99,0,0
51759,61,63,-2,2
51760,124,100,24,24
51761,36,17,19,19
51762,124,115,9,9
51763,89,94,-5,5
51764,144,131,13,13
51765,113,110,3,3
51766,157,156,1,1
51767,95,95,0,0
51768,101,109,-8,8
51769,76,96,-20,20
51770,65,79,-14,14
51771,222,171,51,51
51772,123,119,4,4
51773,71,83,-12,12
51774,102,99,3,3
51775,96,95,1,1
51776,105,111,-6,6
51777,81,89,-8,8
51778,122,140,-18,18
51779,64,60,4,4
51780,43,0,43,43
51781,114,108,6,6
51782,62,63,-1,1
51783,104,88,16,16
51784,175,177,-2,2
51785,98,103,-5,5
51786,87,88,-1,1
51787,144,140,4,4
51788,76,89,-13,13
51789,125,123,2,2
51790,70,63,7,7
51791,86,94,-8,8
51792,140,97,43,43
51793,44,59,-15,15
51794,101,106,-5,5
51795,68,74,-6,6
51796,155,148,7,7
51797,125,127,-2,2
51798,49,71,-22,22
51799,140,133,7,7
51800,105,94,11,11
51801,192,172,20,20
51802,89,102,-13,13
51803,140,147,-7,7
51804,140,134,6,6
51805,112,120,-8,8
51806,136,119,17,17
51807,76,94,-18,18
51808,64,87,-23,23
51809,64,73,-9,9
51810,83,85,-2,2
51811,72,70,2,2
51812,145,151,-6,6
51813,113,101,12,12
51814,114,102,12,12
51815,154,140,14,14
51816,67,61,6,6
51817,197,148,49,49
51818,61,64,-3,3
51819,99,97,2,2
51820,91,89,2,2
51821,181,156,25,25
51822,45,43,2,2
51823,55,69,-14,14
51824,183,194,-11,11
51825,106,106,0,0
51826,57,0,57,57
51827,133,124,9,9
51828,36,37,-1,1
51829,98,107,-9,9
51830,54,61,-7,7
51831,140,139,1,1
51832,114,112,2,2
51833,99,49,50,50
51834,69,71,-2,2
51835,144,139,5,5
51836,112,104,8,8
51837,101,100,1,1
51838,88,78,10,10
51839,88,94,-6,6
51840,94,108,-14,14
51841,67,75,-8,8
51842,46,94,-48,48
51843,72,66,6,6
51844,80,82,-2,2
51845,75,69,6,6
51846,94,99,-5,5
51847,117,124,-7,7
51848,67,65,2,2
51849,71,73,-2,2
51850,67,72,-5,5
51851,68,64,4,4
51852,91,93,-2,2
51853,71,84,-13,13
51854,114,96,18,18
51855,93,101,-8,8
51856,73,88,-15,15
51857,164,160,4,4
51858,132,109,23,23
51859,66,46,20,20
51860,153,129,24,24
51861,108,113,-5,5
51862,110,120,-10,10
51863,156,136,20,20
51864,162,157,5,5
51865,150,152,-2,2
51866,125,118,7,7
51867,61,68,-7,7
51868,95,87,8,8
51869,152,138,14,14
51870,125,135,-10,10
51871,119,109,10,10
51872,166,183,-17,17
51873,120,106,14,14
51874,58,54,4,4
51875,45,40,5,5
51876,117,125,-8,8
51877,65,66,-1,1
51878,105,110,-5,5
51879,70,82,-12,12
51880,78,74,4,4
51881,91,90,1,1
51882,78,80,-2,2
51883,116,130,-14,14
51884,132,119,13,13
51885,143,134,9,9
51886,117,120,-3,3
51887,147,156,-9,9
51888,63,68,-5,5
51889,80,79,1,1
51890,98,97,1,1
51891,51,62,-11,11
51892,51,48,3,3
51893,73,72,1,1
51894,95,88,7,7
51895,100,94,6,6
51896,74,86,-12,12
51897,110,99,11,11
51898,78,87,-9,9
51899,54,66,-12,12
51900,115,109,6,6
51901,139,123,16,16
51902,73,89,-16,16
51903,67,70,-3,3
51904,76,79,-3,3
51905,108,104,4,4
51906,104,108,-4,4
51907,130,139,-9,9
51908,116,123,-7,7
51909,57,75,-18,18
51910,102,107,-5,5
51911,108,109,-1,1
51912,95,99,-4,4
51913,40,43,-3,3
51914,76,87,-11,11
51915,71,76,-5,5
51916,137,138,-1,1
51917,118,111,7,7
51918,129,145,-16,16
51919,67,91,-24,24
51920,72,73,-1,1
51921,111,129,-18,18
51922,95,92,3,3
51923,130,126,4,4
51924,116,121,-5,5
51925,68,68,0,0
51926,103,99,4,4
51927,95,103,-8,8
51928,117,123,-6,6
51929,62,68,-6,6
51930,75,93,-18,18
51931,56,57,-1,1
51932,120,107,13,13
51933,113,115,-2,2
51934,85,81,4,4
51935,71,101,-30,30
51936,130,132,-2,2
51937,87,104,-17,17
51938,156,146,10,10
51939,89,96,-7,7
51940,61,72,-11,11
51941,115,112,3,3
51942,144,134,10,10
51943,73,74,-1,1
51944,94,101,-7,7
51945,102,107,-5,5
51946,125,127,-2,2
51947,71,70,1,1
51948,140,140,0,0
51949,143,146,-3,3
51950,77,91,-14,14
51951,86,64,22,22
51952,70,54,16,16
51953,101,92,9,9
51954,82,79,3,3
51955,93,86,7,7
51956,55,65,-10,10
51957,138,148,-10,10
51958,88,90,-2,2
51959,81,83,-2,2
51960,176,148,28,28
51961,90,103,-13,13
51962,52,59,-7,7
51963,97,99,-2,2
51964,45,49,-4,4
51965,114,131,-17,17
51966,155,148,7,7
51967,151,168,-17,17
51968,60,69,-9,9
51969,82,73,9,9
51970,96,93,3,3
51971,126,115,11,11
51972,90,104,-14,14
51973,83,71,12,12
51974,72,72,0,0
51975,139,147,-8,8
51976,137,112,25,25
51977,119,131,-12,12
51978,115,91,24,24
51979,76,78,-2,2
51980,80,93,-13,13
51981,101,87,14,14
51982,92,93,-1,1
51983,65,78,-13,13
51984,89,85,4,4
51985,72,72,0,0
51986,45,21,24,24
51987,69,81,-12,12
51988,81,93,-12,12
51989,95,94,1,1
51990,76,75,1,1
51991,49,45,4,4
51992,97,99,-2,2
51993,90,104,-14,14
51994,130,130,0,0
51995,74,77,-3,3
51996,46,51,-5,5
51997,74,86,-12,12
51998,108,98,10,10
51999,115,136,-21,21
52000,37,40,-3,3
52001,79,72,7,7
52002,75,75,0,0
52003,174,160,14,14
52004,107,109,-2,2
52005,53,56,-3,3
52006,83,91,-8,8
52007,60,54,6,6
52008,98,92,6,6
52009,57,59,-2,2
52010,54,50,4,4
52011,83,77,6,6
52012,182,187,-5,5
52013,107,116,-9,9
52014,89,105,-16,16
52015,105,108,-3,3
52016,109,111,-2,2
52017,141,127,14,14
52018,121,115,6,6
52019,91,103,-12,12
52020,117,108,9,9
52021,58,90,-32,32
52022,80,74,6,6
52023,88,106,-18,18
52024,80,77,3,3
52025,146,121,25,25
52026,105,108,-3,3
52027,128,139,-11,11
52028,79,84,-5,5
52029,123,122,1,1
52030,85,82,3,3
52031,77,70,7,7
52032,70,63,7,7
52033,100,110,-10,10
52034,71,79,-8,8
52035,123,122,1,1
52036,85,86,-1,1
52037,113,96,17,17
52038,98,108,-10,10
52039,67,74,-7,7
52040,130,102,28,28
52041,176,162,14,14
52042,117,113,4,4
52043,130,122,8,8
52044,114,107,7,7
52045,108,111,-3,3
52046,111,120,-9,9
52047,91,74,17,17
52048,153,137,16,16
52049,83,66,17,17
52050,91,107,-16,16
52051,103,103,0,0
52052,123,114,9,9
52053,57,78,-21,21
52054,115,111,4,4
52055,86,77,9,9
52056,147,134,13,13
52057,116,135,-19,19
52058,87,94,-7,7
52059,81,111,-30,30
52060,58,50,8,8
52061,97,85,12,12
52062,138,145,-7,7
52063,74,73,1,1
52064,60,69,-9,9
52065,94,93,1,1
52066,150,144,6,6
52067,143,149,-6,6
52068,72,72,0,0
52069,80,92,-12,12
52070,94,105,-11,11
52071,85,82,3,3
52072,108,105,3,3
52073,106,93,13,13
52074,86,106,-20,20
52075,160,139,21,21
52076,84,89,-5,5
52077,78,85,-7,7
52078,89,100,-11,11
52079,76,85,-9,9
52080,57,66,-9,9
52081,93,81,12,12
52082,92,106,-14,14
52083,79,99,-20,20
52084,105,109,-4,4
52085,146,155,-9,9
52086,79,87,-8,8
52087,96,91,5,5
52088,97,108,-11,11
52089,74,83,-9,9
52090,79,95,-16,16
52091,90,85,5,5
52092,133,136,-3,3
52093,81,83,-2,2
52094,140,129,11,11
52095,20,1,19,19
52096,42,106,-64,64
52097,178,143,35,35
52098,57,64,-7,7
52099,91,104,-13,13
52100,125,118,7,7
52101,77,77,0,0
52102,73,84,-11,11
52103,96,102,-6,6
52104,63,61,2,2
52105,75,83,-8,8
52106,117,125,-8,8
52107,135,136,-1,1
52108,105,117,-12,12
52109,141,131,10,10
52110,123,112,11,11
52111,71,99,-28,28
52112,108,96,12,12
52113,104,110,-6,6
52114,108,54,54,54
52115,93,100,-7,7
52116,102,106,-4,4
52117,99,94,5,5
52118,95,101,-6,6
52119,53,58,-5,5
52120,117,110,7,7
52121,79,93,-14,14
52122,55,72,-17,17
52123,163,164,-1,1
52124,53,62,-9,9
52125,80,88,-8,8
52126,124,122,2,2
52127,75,61,14,14
52128,133,146,-13,13
52129,83,89,-6,6
52130,54,67,-13,13
52131,52,62,-10,10
52132,67,77,-10,10
52133,75,70,5,5
52134,106,102,4,4
52135,140,140,0,0
52136,124,130,-6,6
52137,65,60,5,5
52138,94,102,-8,8
52139,108,114,-6,6
52140,132,117,15,15
52141,123,120,3,3
52142,73,94,-21,21
52143,246,198,48,48
52144,91,98,-7,7
52145,48,59,-11,11
52146,109,102,7,7
52147,120,106,14,14
52148,71,81,-10,10
52149,44,45,-1,1
52150,83,94,-11,11
52151,77,89,-12,12
52152,108,99,9,9
52153,76,72,4,4
52154,116,113,3,3
52155,98,112,-14,14
52156,114,106,8,8
52157,142,132,10,10
52158,92,122,-30,30
52159,82,85,-3,3
52160,86,85,1,1
52161,65,74,-9,9
52162,91,90,1,1
52163,158,141,17,17
52164,79,88,-9,9
52165,89,80,9,9
52166,54,33,21,21
52167,144,127,17,17
52168,167,160,7,7
52169,94,99,-5,5
52170,75,76,-1,1
52171,110,110,0,0
52172,113,102,11,11
52173,63,73,-10,10
52174,138,131,7,7
52175,101,81,20,20
52176,99,119,-20,20
52177,98,96,2,2
52178,138,164,-26,26
52179,116,118,-2,2
52180,53,63,-10,10
52181,97,84,13,13
52182,79,70,9,9
52183,94,124,-30,30
52184,72,93,-21,21
52185,104,113,-9,9
52186,113,105,8,8
52187,105,93,12,12
52188,84,85,-1,1
52189,66,60,6,6
52190,75,77,-2,2
52191,106,121,-15,15
52192,100,94,6,6
52193,75,87,-12,12
52194,45,35,10,10
52195,126,136,-10,10
52196,102,102,0,0
52197,108,98,10,10
52198,99,84,15,15
52199,146,102,44,44
52200,107,109,-2,2
52201,105,118,-13,13
52202,58,44,14,14
52203,114,123,-9,9
52204,151,137,14,14
52205,72,73,-1,1
52206,79,85,-6,6
52207,131,122,9,9
52208,91,89,2,2
52209,52,65,-13,13
52210,81,79,2,2
52211,85,83,2,2
52212,96,91,5,5
52213,42,57,-15,15
52214,73,71,2,2
52215,100,99,1,1
52216,104,108,-4,4
52217,85,101,-16,16
52218,67,76,-9,9
52219,71,87,-16,16
52220,100,98,2,2
52221,134,116,18,18
52222,104,110,-6,6
52223,90,90,0,0
52224,96,135,-39,39
52225,61,107,-46,46
52226,65,69,-4,4
52227,139,136,3,3
52228,46,56,-10,10
52229,70,66,4,4
52230,142,131,11,11
52231,90,110,-20,20
52232,112,112,0,0
52233,113,106,7,7
52234,59,82,-23,23
52235,111,111,0,0
52236,84,101,-17,17
52237,74,64,10,10
52238,78,73,5,5
52239,145,154,-9,9
52240,100,119,-19,19
52241,103,110,-7,7
52242,55,60,-5,5
52243,93,92,1,1
52244,78,80,-2,2
52245,80,82,-2,2
52246,104,101,3,3
52247,66,76,-10,10
52248,68,64,4,4
52249,60,62,-2,2
52250,103,96,7,7
52251,69,67,2,2
52252,92,90,2,2
52253,48,64,-16,16
52254,54,61,-7,7
52255,54,50,4,4
52256,58,68,-10,10
52257,160,148,12,12
52258,83,76,7,7
52259,90,86,4,4
52260,71,128,-57,57
52261,168,151,17,17
52262,137,147,-10,10
52263,139,142,-3,3
52264,74,83,-9,9
52265,75,76,-1,1
52266,65,74,-9,9
52267,93,91,2,2
52268,94,100,-6,6
52269,65,75,-10,10
52270,110,114,-4,4
52271,29,41,-12,12
52272,91,100,-9,9
52273,78,73,5,5
52274,77,78,-1,1
52275,93,102,-9,9
52276,158,149,9,9
52277,206,177,29,29
52278,98,104,-6,6
52279,131,137,-6,6
52280,115,112,3,3
52281,129,99,30,30
52282,97,89,8,8
52283,97,94,3,3
52284,78,94,-16,16
52285,81,67,14,14
52286,107,107,0,0
52287,80,41,39,39
52288,67,66,1,1
52289,66,91,-25,25
52290,56,63,-7,7
52291,72,77,-5,5
52292,50,49,1,1
52293,70,103,-33,33
52294,128,122,6,6
52295,138,145,-7,7
52296,38,30,8,8
52297,113,115,-2,2
52298,168,163,5,5
52299,115,106,9,9
52300,88,94,-6,6
52301,80,90,-10,10
52302,124,132,-8,8
52303,190,165,25,25
52304,92,94,-2,2
52305,83,89,-6,6
52306,78,76,2,2
52307,64,78,-14,14
52308,121,129,-8,8
52309,74,63,11,11
52310,59,66,-7,7
52311,200,112,88,88
52312,157,136,21,21
52313,86,91,-5,5
52314,126,121,5,5
52315,75,102,-27,27
52316,95,110,-15,15
52317,118,110,8,8
52318,174,165,9,9
52319,148,147,1,1
52320,70,94,-24,24
52321,99,96,3,3
52322,73,81,-8,8
52323,178,150,28,28
52324,127,124,3,3
52325,137,136,1,1
52326,35,55,-20,20
52327,58,67,-9,9
52328,104,110,-6,6
52329,85,90,-5,5
52330,91,94,-3,3
52331,40,15,25,25
52332,83,88,-5,5
52333,100,76,24,24
52334,73,87,-14,14
52335,51,65,-14,14
52336,263,146,117,117
52337,87,97,-10,10
52338,85,82,3,3
52339,85,86,-1,1
52340,89,100,-11,11
52341,176,157,19,19
52342,103,106,-3,3
52343,128,139,-11,11
52344,166,161,5,5
52345,92,113,-21,21
52346,100,109,-9,9
52347,98,100,-2,2
52348,57,51,6,6
52349,127,123,4,4
52350,86,93,-7,7
52351,144,147,-3,3
52352,60,60,0,0
52353,113,101,12,12
52354,113,119,-6,6
52355,103,106,-3,3
52356,90,95,-5,5
52357,56,50,6,6
52358,47,64,-17,17
52359,105,113,-8,8
52360,61,48,13,13
52361,128,135,-7,7
52362,55,73,-18,18
52363,67,78,-11,11
52364,65,62,3,3
52365,116,114,2,2
52366,76,89,-13,13
52367,41,42,-1,1
52368,83,83,0,0
52369,82,74,8,8
52370,50,53,-3,3
52371,81,92,-11,11
52372,57,57,0,0
52373,83,79,4,4
52374,87,93,-6,6
52375,56,85,-29,29
52376,68,76,-8,8
52377,71,77,-6,6
52378,77,81,-4,4
52379,67,71,-4,4
52380,120,114,6,6
52381,74,78,-4,4
52382,121,130,-9,9
52383,73,76,-3,3
52384,53,51,2,2
52385,68,68,0,0
52386,95,95,0,0
52387,103,112,-9,9
52388,46,45,1,1
52389,73,68,5,5
52390,148,137,11,11
52391,145,145,0,0
52392,105,98,7,7
52393,71,67,4,4
52394,43,46,-3,3
52395,106,108,-2,2
52396,114,121,-7,7
52397,80,81,-1,1
52398,64,61,3,3
52399,125,125,0,0
52400,84,105,-21,21
52401,86,90,-4,4
52402,101,110,-9,9
52403,95,97,-2,2
52404,90,95,-5,5
52405,93,92,1,1
52406,62,72,-10,10
52407,146,139,7,7
52408,87,84,3,3
52409,85,74,11,11
52410,134,128,6,6
52411,82,68,14,14
52412,46,44,2,2
52413,73,62,11,11
52414,23,13,10,10
52415,167,157,10,10
52416,116,109,7,7
52417,112,120,-8,8
52418,227,192,35,35
52419,108,120,-12,12
52420,93,98,-5,5
52421,76,76,0,0
52422,75,90,-15,15
52423,74,102,-28,28
52424,85,82,3,3
52425,68,77,-9,9
52426,93,87,6,6
52427,143,133,10,10
52428,132,123,9,9
52429,68,64,4,4
52430,49,100,-51,51
52431,116,102,14,14
52432,87,101,-14,14
52433,114,107,7,7
52434,133,129,4,4
52435,81,83,-2,2
52436,105,104,1,1
52437,88,82,6,6
52438,158,129,29,29
52439,82,77,5,5
52440,91,100,-9,9
52441,158,147,11,11
52442,77,78,-1,1
52443,61,59,2,2
52444,57,61,-4,4
52445,76,67,9,9
52446,80,78,2,2
52447,90,99,-9,9
52448,75,72,3,3
52449,105,100,5,5
52450,99,97,2,2
52451,134,129,5,5
52452,70,84,-14,14
52453,139,152,-13,13
52454,67,77,-10,10
52455,186,164,22,22
52456,101,97,4,4
52457,142,141,1,1
52458,66,59,7,7
52459,88,87,1,1
52460,79,88,-9,9
52461,80,81,-1,1
52462,103,110,-7,7
52463,133,146,-13,13
52464,21,53,-32,32
52465,98,94,4,4
52466,67,79,-12,12
52467,117,133,-16,16
52468,71,71,0,0
52469,45,58,-13,13
52470,90,76,14,14
52471,122,119,3,3
52472,133,132,1,1
52473,70,54,16,16
52474,99,98,1,1
52475,161,147,14,14
52476,123,119,4,4
52477,116,111,5,5
52478,148,129,19,19
52479,55,39,16,16
52480,107,111,-4,4
52481,69,69,0,0
52482,103,120,-17,17
52483,50,42,8,8
52484,76,87,-11,11
52485,98,96,2,2
52486,63,56,7,7
52487,69,86,-17,17
52488,115,118,-3,3
52489,64,60,4,4
52490,80,78,2,2
52491,93,84,9,9
52492,93,95,-2,2
52493,107,113,-6,6
52494,91,96,-5,5
52495,73,81,-8,8
52496,163,147,16,16
52497,82,68,14,14
52498,133,40,93,93
52499,70,74,-4,4
52500,74,65,9,9
52501,72,73,-1,1
52502,51,37,14,14
52503,192,159,33,33
52504,59,107,-48,48
52505,69,79,-10,10
52506,47,50,-3,3
52507,146,147,-1,1
52508,149,134,15,15
52509,96,118,-22,22
52510,73,68,5,5
52511,143,136,7,7
52512,101,108,-7,7
52513,96,96,0,0
52514,108,117,-9,9
52515,77,79,-2,2
52516,45,42,3,3
52517,89,104,-15,15
52518,160,149,11,11
52519,97,118,-21,21
52520,82,83,-1,1
52521,80,60,20,20
52522,70,67,3,3
52523,123,107,16,16
52524,109,103,6,6
52525,162,145,17,17
52526,129,124,5,5
52527,80,87,-7,7
52528,49,50,-1,1
52529,129,140,-11,11
52530,79,85,-6,6
52531,89,100,-11,11
52532,92,98,-6,6
52533,87,65,22,22
52534,104,104,0,0
52535,106,90,16,16
52536,169,148,21,21
52537,96,104,-8,8
52538,66,61,5,5
52539,140,135,5,5
52540,128,121,7,7
52541,82,82,0,0
52542,128,123,5,5
52543,109,130,-21,21
52544,59,64,-5,5
52545,61,65,-4,4
52546,109,92,17,17
52547,72,81,-9,9
52548,57,108,-51,51
52549,94,103,-9,9
52550,86,85,1,1
52551,57,61,-4,4
52552,142,148,-6,6
52553,79,78,1,1
52554,150,140,10,10
52555,122,112,10,10
52556,106,128,-22,22
52557,41,44,-3,3
52558,218,196,22,22
52559,106,98,8,8
52560,80,65,15,15
52561,87,83,4,4
52562,121,143,-22,22
52563,68,71,-3,3
52564,79,95,-16,16
52565,63,66,-3,3
52566,57,70,-13,13
52567,132,131,1,1
52568,86,110,-24,24
52569,92,100,-8,8
52570,187,154,33,33
52571,97,100,-3,3
52572,135,128,7,7
52573,126,128,-2,2
52574,79,86,-7,7
52575,69,88,-19,19
52576,142,138,4,4
52577,97,92,5,5
52578,104,122,-18,18
52579,112,120,-8,8
52580,168,176,-8,8
52581,145,127,18,18
52582,137,139,-2,2
52583,142,129,13,13
52584,81,70,11,11
52585,97,96,1,1
52586,90,66,24,24
52587,121,158,-37,37
52588,71,69,2,2
52589,61,73,-12,12
52590,95,120,-25,25
52591,95,124,-29,29
52592,53,98,-45,45
52593,126,128,-2,2
52594,72,77,-5,5
52595,86,78,8,8
52596,141,118,23,23
52597,96,97,-1,1
52598,98,113,-15,15
52599,123,108,15,15
52600,46,76,-30,30
52601,95,90,5,5
52602,127,123,4,4
52603,153,107,46,46
52604,115,118,-3,3
52605,104,94,10,10
52606,53,59,-6,6
52607,95,96,-1,1
52608,88,91,-3,3
52609,133,123,10,10
52610,88,92,-4,4
52611,25,51,-26,26
52612,142,139,3,3
52613,98,126,-28,28
52614,93,88,5,5
52615,99,91,8,8
52616,152,145,7,7
52617,124,132,-8,8
52618,112,96,16,16
52619,134,108,26,26
52620,104,112,-8,8
52621,86,87,-1,1
52622,117,126,-9,9
52623,77,72,5,5
52624,88,98,-10,10
52625,72,71,1,1
52626,87,103,-16,16
52627,80,70,10,10
52628,103,103,0,0
52629,136,137,-1,1
52630,105,120,-15,15
52631,96,88,8,8
52632,90,90,0,0
52633,53,58,-5,5
52634,77,90,-13,13
52635,60,55,5,5
52636,115,122,-7,7
52637,93,97,-4,4
52638,91,82,9,9
52639,162,167,-5,5
52640,115,99,16,16
52641,148,147,1,1
52642,68,45,23,23
52643,79,70,9,9
52644,53,60,-7,7
52645,60,58,2,2
52646,63,80,-17,17
52647,102,105,-3,3
52648,111,106,5,5
52649,116,115,1,1
52650,50,49,1,1
52651,113,114,-1,1
52652,46,56,-10,10
52653,62,48,14,14
52654,112,109,3,3
52655,58,55,3,3
52656,85,86,-1,1
52657,111,108,3,3
52658,105,105,0,0
52659,113,135,-22,22
52660,174,136,38,38
52661,125,120,5,5
52662,109,115,-6,6
52663,67,48,19,19
52664,76,68,8,8
52665,193,202,-9,9
52666,128,129,-1,1
52667,88,79,9,9
52668,70,80,-10,10
52669,63,80,-17,17
52670,148,68,80,80
52671,89,117,-28,28
52672,152,150,2,2
52673,62,66,-4,4
52674,141,119,22,22
52675,48,47,1,1
52676,185,154,31,31
52677,89,80,9,9
52678,87,88,-1,1
52679,50,109,-59,59
52680,79,75,4,4
52681,124,138,-14,14
52682,109,116,-7,7
52683,54,48,6,6
52684,90,103,-13,13
52685,85,86,-1,1
52686,35,101,-66,66
52687,86,94,-8,8
52688,47,52,-5,5
52689,103,87,16,16
52690,105,116,-11,11
52691,47,62,-15,15
52692,44,41,3,3
52693,137,115,22,22
52694,69,89,-20,20
52695,47,44,3,3
52696,63,60,3,3
52697,118,116,2,2
52698,83,93,-10,10
52699,80,96,-16,16
52700,119,97,22,22
52701,107,114,-7,7
52702,100,117,-17,17
52703,96,89,7,7
52704,90,103,-13,13
52705,136,129,7,7
52706,142,139,3,3
52707,82,85,-3,3
52708,64,47,17,17
52709,89,90,-1,1
52710,49,54,-5,5
52711,138,129,9,9
52712,74,59,15,15
52713,55,52,3,3
52714,147,125,22,22
52715,87,95,-8,8
52716,67,77,-10,10
52717,90,92,-2,2
52718,72,90,-18,18
52719,110,121,-11,11
52720,166,163,3,3
52721,128,114,14,14
52722,70,71,-1,1
52723,95,95,0,0
52724,58,43,15,15
52725,95,91,4,4
52726,78,95,-17,17
52727,99,109,-10,10
52728,79,81,-2,2
52729,96,82,14,14
52730,87,86,1,1
52731,57,59,-2,2
52732,67,69,-2,2
52733,84,82,2,2
52734,73,86,-13,13
52735,77,82,-5,5
52736,65,62,3,3
52737,34,43,-9,9
52738,103,114,-11,11
52739,117,119,-2,2
52740,73,75,-2,2
52741,121,114,7,7
52742,67,79,-12,12
52743,118,102,16,16
52744,145,141,4,4
52745,83,78,5,5
52746,105,92,13,13
52747,81,73,8,8
52748,92,94,-2,2
52749,44,27,17,17
52750,104,111,-7,7
52751,45,47,-2,2
52752,96,80,16,16
52753,115,117,-2,2
52754,91,86,5,5
52755,64,82,-18,18
52756,63,65,-2,2
52757,83,47,36,36
52758,126,130,-4,4
52759,57,64,-7,7
52760,209,182,27,27
52761,153,139,14,14
52762,57,56,1,1
52763,70,67,3,3
52764,118,122,-4,4
52765,110,108,2,2
52766,63,57,6,6
52767,117,110,7,7
52768,151,134,17,17
52769,135,128,7,7
52770,75,79,-4,4
52771,121,111,10,10
52772,142,154,-12,12
52773,107,116,-9,9
52774,87,90,-3,3
52775,83,88,-5,5
52776,54,34,20,20
52777,120,119,1,1
52778,75,82,-7,7
52779,116,121,-5,5
52780,80,86,-6,6
52781,132,141,-9,9
52782,61,74,-13,13
52783,70,85,-15,15
52784,57,33,24,24
52785,137,131,6,6
52786,112,104,8,8
52787,77,75,2,2
52788,78,86,-8,8
52789,94,106,-12,12
52790,85,96,-11,11
52791,61,69,-8,8
52792,80,82,-2,2
52793,116,110,6,6
52794,64,94,-30,30
52795,69,75,-6,6
52796,124,118,6,6
52797,78,67,11,11
52798,109,110,-1,1
52799,90,91,-1,1
52800,148,142,6,6
52801,64,58,6,6
52802,59,89,-30,30
52803,42,37,5,5
52804,132,134,-2,2
52805,132,124,8,8
52806,68,69,-1,1
52807,173,172,1,1
52808,73,82,-9,9
52809,88,93,-5,5
52810,95,95,0,0
52811,56,49,7,7
52812,83,72,11,11
52813,131,134,-3,3
52814,65,73,-8,8
52815,77,74,3,3
52816,110,126,-16,16
52817,80,114,-34,34
52818,76,76,0,0
52819,73,69,4,4
52820,66,71,-5,5
52821,149,142,7,7
52822,55,60,-5,5
52823,60,61,-1,1
52824,151,148,3,3
52825,112,102,10,10
52826,67,65,2,2
52827,67,93,-26,26
52828,77,88,-11,11
52829,114,105,9,9
52830,123,120,3,3
52831,83,92,-9,9
52832,42,46,-4,4
52833,104,115,-11,11
52834,90,84,6,6
52835,107,119,-12,12
52836,153,127,26,26
52837,68,68,0,0
52838,41,53,-12,12
52839,82,89,-7,7
52840,55,44,11,11
52841,114,116,-2,2
52842,92,107,-15,15
52843,90,89,1,1
52844,70,81,-11,11
52845,75,82,-7,7
52846,112,98,14,14
52847,76,101,-25,25
52848,107,92,15,15
52849,96,105,-9,9
52850,107,129,-22,22
52851,46,56,-10,10
52852,103,119,-16,16
52853,122,128,-6,6
52854,117,105,12,12
52855,69,107,-38,38
52856,100,96,4,4
52857,70,51,19,19
52858,96,97,-1,1
52859,89,93,-4,4
52860,112,125,-13,13
52861,93,104,-11,11
52862,104,76,28,28
52863,79,86,-7,7
52864,150,152,-2,2
52865,145,119,26,26
52866,135,132,3,3
52867,61,57,4,4
52868,75,85,-10,10
52869,63,71,-8,8
52870,77,81,-4,4
52871,115,130,-15,15
52872,94,93,1,1
52873,60,60,0,0
52874,99,101,-2,2
52875,162,173,-11,11
52876,89,100,-11,11
52877,84,99,-15,15
52878,90,102,-12,12
52879,132,127,5,5
52880,106,102,4,4
52881,50,53,-3,3
52882,66,96,-30,30
52883,153,148,5,5
52884,55,60,-5,5
52885,92,99,-7,7
52886,113,117,-4,4
52887,54,58,-4,4
52888,132,132,0,0
52889,116,105,11,11
52890,88,198,-110,110
52891,127,121,6,6
52892,80,91,-11,11
52893,125,112,13,13
52894,108,88,20,20
52895,104,109,-5,5
52896,62,74,-12,12
52897,76,76,0,0
52898,77,74,3,3
52899,120,108,12,12
52900,71,83,-12,12
52901,54,67,-13,13
52902,115,124,-9,9
52903,138,140,-2,2
52904,95,88,7,7
52905,31,34,-3,3
52906,46,35,11,11
52907,147,128,19,19
52908,129,140,-11,11
52909,82,65,17,17
52910,81,108,-27,27
52911,62,69,-7,7
52912,140,126,14,14
52913,101,105,-4,4
52914,120,94,26,26
52915,48,35,13,13
52916,132,128,4,4
52917,164,146,18,18
52918,48,60,-12,12
52919,81,82,-1,1
52920,74,95,-21,21
52921,79,94,-15,15
52922,97,88,9,9
52923,81,93,-12,12
52924,47,43,4,4
52925,97,122,-25,25
52926,59,63,-4,4
52927,68,64,4,4
52928,67,76,-9,9
52929,66,63,3,3
52930,143,129,14,14
52931,88,93,-5,5
52932,96,104,-8,8
52933,169,147,22,22
52934,106,102,4,4
52935,106,95,11,11
52936,78,93,-15,15
52937,107,117,-10,10
52938,132,151,-19,19
52939,88,74,14,14
52940,68,80,-12,12
52941,104,81,23,23
52942,79,98,-19,19
52943,96,92,4,4
52944,159,150,9,9
52945,133,134,-1,1
52946,81,96,-15,15
52947,67,79,-12,12
52948,86,81,5,5
52949,75,81,-6,6
52950,106,113,-7,7
52951,55,64,-9,9
52952,167,155,12,12
52953,33,10,23,23
52954,114,125,-11,11
52955,153,135,18,18
52956,76,67,9,9
52957,74,80,-6,6
52958,152,149,3,3
52959,176,108,68,68
52960,86,88,-2,2
52961,191,145,46,46
52962,116,122,-6,6
52963,87,79,8,8
52964,133,137,-4,4
52965,131,135,-4,4
52966,96,106,-10,10
52967,113,114,-1,1
52968,52,42,10,10
52969,68,80,-12,12
52970,110,109,1,1
52971,58,58,0,0
52972,104,126,-22,22
52973,93,108,-15,15
52974,118,104,14,14
52975,92,97,-5,5
52976,77,88,-11,11
52977,43,36,7,7
52978,19,29,-10,10
52979,156,142,14,14
52980,145,136,9,9
52981,85,88,-3,3
52982,85,65,20,20
52983,121,115,6,6
52984,76,75,1,1
52985,137,138,-1,1
52986,76,84,-8,8
52987,91,83,8,8
52988,93,82,11,11
52989,133,149,-16,16
52990,128,117,11,11
52991,106,112,-6,6
52992,77,82,-5,5
52993,104,99,5,5
52994,82,67,15,15
52995,77,86,-9,9
52996,91,101,-10,10
52997,73,98,-25,25
52998,144,141,3,3
52999,103,97,6,6
53000,97,69,28,28
53001,238,217,21,21
53002,87,92,-5,5
53003,135,127,8,8
53004,63,65,-2,2
53005,95,106,-11,11
53006,42,34,8,8
53007,69,80,-11,11
53008,98,102,-4,4
53009,147,150,-3,3
53010,108,117,-9,9
53011,52,49,3,3
53012,69,76,-7,7
53013,92,50,42,42
53014,129,124,5,5
53015,83,105,-22,22
53016,108,114,-6,6
53017,126,126,0,0
53018,84,88,-4,4
53019,86,76,10,10
53020,82,117,-35,35
53021,88,94,-6,6
53022,101,93,8,8
53023,130,129,1,1
53024,83,84,-1,1
53025,118,129,-11,11
53026,106,108,-2,2
53027,108,117,-9,9
53028,85,75,10,10
53029,133,124,9,9
53030,77,77,0,0
53031,110,102,8,8
53032,71,70,1,1
53033,72,96,-24,24
53034,44,50,-6,6
53035,69,63,6,6
53036,106,106,0,0
53037,103,107,-4,4
53038,82,85,-3,3
53039,119,106,13,13
53040,94,103,-9,9
53041,67,69,-2,2
53042,81,87,-6,6
53043,102,67,35,35
53044,68,81,-13,13
53045,154,144,10,10
53046,80,69,11,11
53047,120,110,10,10
53048,59,85,-26,26
53049,149,159,-10,10
53050,66,72,-6,6
53051,80,70,10,10
53052,61,68,-7,7
53053,40,57,-17,17
53054,80,90,-10,10
53055,54,50,4,4
53056,90,103,-13,13
53057,107,104,3,3
53058,62,59,3,3
53059,157,156,1,1
53060,113,118,-5,5
53061,107,123,-16,16
53062,87,78,9,9
53063,90,97,-7,7
53064,155,148,7,7
53065,37,53,-16,16
53066,66,79,-13,13
53067,92,102,-10,10
53068,74,90,-16,16
53069,38,24,14,14
53070,83,85,-2,2
53071,90,84,6,6
53072,262,285,-23,23
53073,83,91,-8,8
53074,65,63,2,2
53075,84,86,-2,2
53076,50,20,30,30
53077,95,108,-13,13
53078,80,96,-16,16
53079,135,129,6,6
53080,75,74,1,1
53081,79,89,-10,10
53082,179,156,23,23
53083,119,124,-5,5
53084,89,78,11,11
53085,58,44,14,14
53086,98,124,-26,26
53087,58,63,-5,5
53088,62,69,-7,7
53089,65,63,2,2
53090,90,96,-6,6
53091,134,133,1,1
53092,61,62,-1,1
53093,142,148,-6,6
53094,71,82,-11,11
53095,147,112,35,35
53096,122,122,0,0
53097,151,146,5,5
53098,105,111,-6,6
53099,56,58,-2,2
53100,124,130,-6,6
53101,140,149,-9,9
53102,107,104,3,3
53103,103,105,-2,2
53104,98,115,-17,17
53105,63,58,5,5
53106,51,69,-18,18
53107,81,87,-6,6
53108,65,69,-4,4
53109,150,151,-1,1
53110,134,134,0,0
53111,46,15,31,31
53112,120,109,11,11
53113,80,78,2,2
53114,93,101,-8,8
53115,176,156,20,20
53116,115,107,8,8
53117,128,131,-3,3
53118,143,128,15,15
53119,55,58,-3,3
53120,85,71,14,14
53121,102,91,11,11
53122,54,45,9,9
53123,151,133,18,18
53124,83,80,3,3
53125,47,35,12,12
53126,80,82,-2,2
53127,126,131,-5,5
53128,105,116,-11,11
53129,103,110,-7,7
53130,70,91,-21,21
53131,64,65,-1,1
53132,116,82,34,34
53133,124,138,-14,14
53134,89,91,-2,2
53135,73,89,-16,16
53136,131,137,-6,6
53137,120,107,13,13
53138,102,90,12,12
53139,88,87,1,1
53140,82,93,-11,11
53141,88,81,7,7
53142,135,116,19,19
53143,119,130,-11,11
53144,67,78,-11,11
53145,55,38,17,17
53146,170,162,8,8
53147,125,127,-2,2
53148,132,117,15,15
53149,146,132,14,14
53150,83,85,-2,2
53151,85,91,-6,6
53152,101,94,7,7
53153,84,90,-6,6
53154,135,99,36,36
53155,54,46,8,8
53156,74,54,20,20
53157,72,83,-11,11
53158,112,102,10,10
53159,137,132,5,5
53160,82,103,-21,21
53161,121,99,22,22
53162,83,93,-10,10
53163,112,121,-9,9
53164,66,60,6,6
53165,90,99,-9,9
53166,111,111,0,0
53167,70,78,-8,8
53168,98,108,-10,10
53169,101,102,-1,1
53170,108,115,-7,7
53171,77,83,-6,6
53172,94,115,-21,21
53173,77,86,-9,9
53174,52,54,-2,2
53175,114,117,-3,3
53176,79,83,-4,4
53177,43,61,-18,18
53178,110,102,8,8
53179,51,99,-48,48
53180,81,76,5,5
53181,122,122,0,0
53182,128,128,0,0
53183,92,110,-18,18
53184,111,113,-2,2
53185,106,98,8,8
53186,56,46,10,10
53187,137,126,11,11
53188,75,62,13,13
53189,71,70,1,1
53190,67,68,-1,1
53191,89,88,1,1
53192,96,99,-3,3
53193,106,114,-8,8
53194,71,68,3,3
53195,128,121,7,7
53196,63,60,3,3
53197,82,74,8,8
53198,67,68,-1,1
53199,80,90,-10,10
53200,124,122,2,2
53201,117,117,0,0
53202,115,126,-11,11
53203,107,101,6,6
53204,65,68,-3,3
53205,119,128,-9,9
53206,88,98,-10,10
53207,53,66,-13,13
53208,156,154,2,2
53209,71,76,-5,5
53210,89,89,0,0
53211,88,88,0,0
53212,113,117,-4,4
53213,43,52,-9,9
53214,106,101,5,5
53215,85,89,-4,4
53216,108,134,-26,26
53217,70,57,13,13
53218,163,169,-6,6
53219,102,113,-11,11
53220,74,77,-3,3
53221,60,50,10,10
53222,107,104,3,3
53223,59,30,29,29
53224,90,90,0,0
53225,134,133,1,1
53226,159,150,9,9
53227,99,104,-5,5
53228,75,73,2,2
53229,62,61,1,1
53230,93,89,4,4
53231,101,99,2,2
53232,61,70,-9,9
53233,88,50,38,38
53234,99,95,4,4
53235,45,45,0,0
53236,65,82,-17,17
53237,120,105,15,15
53238,85,101,-16,16
53239,76,84,-8,8
53240,111,111,0,0
53241,75,107,-32,32
53242,96,99,-3,3
53243,134,124,10,10
53244,62,63,-1,1
53245,69,68,1,1
53246,95,92,3,3
53247,93,95,-2,2
53248,73,88,-15,15
53249,89,77,12,12
53250,59,45,14,14
53251,73,65,8,8
53252,115,115,0,0
53253,86,97,-11,11
53254,141,153,-12,12
53255,109,134,-25,25
53256,112,101,11,11
53257,74,74,0,0
53258,57,74,-17,17
53259,61,82,-21,21
53260,104,108,-4,4
53261,111,102,9,9
53262,80,72,8,8
53263,107,103,4,4
53264,43,43,0,0
53265,71,78,-7,7
53266,54,51,3,3
53267,74,88,-14,14
53268,77,82,-5,5
53269,86,84,2,2
53270,65,58,7,7
53271,103,101,2,2
53272,67,80,-13,13
53273,77,75,2,2
53274,53,48,5,5
53275,128,109,19,19
53276,75,89,-14,14
53277,111,139,-28,28
53278,94,91,3,3
53279,93,99,-6,6
53280,131,117,14,14
53281,61,92,-31,31
53282,69,108,-39,39
53283,70,91,-21,21
53284,50,45,5,5
53285,69,60,9,9
53286,101,73,28,28
53287,86,89,-3,3
53288,98,89,9,9
53289,140,111,29,29
53290,88,97,-9,9
53291,51,52,-1,1
53292,72,35,37,37
53293,109,122,-13,13
53294,67,85,-18,18
53295,114,120,-6,6
53296,98,94,4,4
53297,98,106,-8,8
53298,107,133,-26,26
53299,133,145,-12,12
53300,161,160,1,1
53301,161,115,46,46
53302,125,131,-6,6
53303,90,99,-9,9
53304,112,113,-1,1
53305,61,66,-5,5
53306,186,174,12,12
53307,102,113,-11,11
53308,273,241,32,32
53309,125,133,-8,8
53310,124,130,-6,6
53311,115,111,4,4
53312,86,84,2,2
53313,67,65,2,2
53314,90,98,-8,8
53315,146,130,16,16
53316,64,71,-7,7
53317,78,82,-4,4
53318,73,77,-4,4
53319,132,129,3,3
53320,78,71,7,7
53321,108,119,-11,11
53322,72,70,2,2
53323,112,101,11,11
53324,110,103,7,7
53325,157,143,14,14
53326,87,78,9,9
53327,63,63,0,0
53328,47,61,-14,14
53329,55,82,-27,27
53330,57,64,-7,7
53331,77,92,-15,15
53332,73,65,8,8
53333,52,49,3,3
53334,60,75,-15,15
53335,171,173,-2,2
53336,153,146,7,7
53337,128,118,10,10
53338,101,108,-7,7
53339,58,63,-5,5
53340,67,72,-5,5
53341,58,77,-19,19
53342,69,74,-5,5
53343,198,185,13,13
53344,85,66,19,19
53345,96,82,14,14
53346,68,92,-24,24
53347,80,88,-8,8
53348,56,59,-3,3
53349,67,72,-5,5
53350,57,53,4,4
53351,39,42,-3,3
53352,81,93,-12,12
53353,117,117,0,0
53354,104,113,-9,9
53355,105,116,-11,11
53356,83,87,-4,4
53357,135,113,22,22
53358,76,68,8,8
53359,122,120,2,2
53360,78,98,-20,20
53361,37,37,0,0
53362,134,126,8,8
53363,71,86,-15,15
53364,119,91,28,28
53365,23,60,-37,37
53366,145,114,31,31
53367,99,101,-2,2
53368,70,74,-4,4
53369,41,62,-21,21
53370,82,100,-18,18
53371,102,98,4,4
53372,64,59,5,5
53373,60,59,1,1
53374,157,138,19,19
53375,144,110,34,34
53376,107,107,0,0
53377,108,126,-18,18
53378,79,102,-23,23
53379,77,88,-11,11
53380,102,98,4,4
53381,62,67,-5,5
53382,87,90,-3,3
53383,156,139,17,17
53384,59,54,5,5
53385,54,50,4,4
53386,114,83,31,31
53387,87,106,-19,19
53388,132,137,-5,5
53389,135,142,-7,7
53390,126,99,27,27
53391,105,107,-2,2
53392,95,106,-11,11
53393,101,104,-3,3
53394,51,68,-17,17
53395,63,73,-10,10
53396,149,134,15,15
53397,72,70,2,2
53398,147,143,4,4
53399,67,70,-3,3
53400,106,125,-19,19
53401,98,109,-11,11
53402,100,101,-1,1
53403,93,97,-4,4
53404,69,57,12,12
53405,116,138,-22,22
53406,88,68,20,20
53407,114,146,-32,32
53408,53,57,-4,4
53409,55,64,-9,9
53410,86,94,-8,8
53411,110,108,2,2
53412,82,83,-1,1
53413,87,79,8,8
53414,60,43,17,17
53415,59,56,3,3
53416,72,76,-4,4
53417,99,88,11,11
53418,111,95,16,16
53419,105,111,-6,6
53420,110,116,-6,6
53421,56,59,-3,3
53422,126,137,-11,11
53423,75,71,4,4
53424,56,70,-14,14
53425,119,128,-9,9
53426,98,102,-4,4
53427,171,150,21,21
53428,169,138,31,31
53429,126,146,-20,20
53430,194,179,15,15
53431,112,96,16,16
53432,73,83,-10,10
53433,106,109,-3,3
53434,101,94,7,7
53435,119,118,1,1
53436,96,82,14,14
53437,58,47,11,11
53438,89,79,10,10
53439,78,30,48,48
53440,85,99,-14,14
53441,87,91,-4,4
53442,70,90,-20,20
53443,50,66,-16,16
53444,51,56,-5,5
53445,91,99,-8,8
53446,79,95,-16,16
53447,98,93,5,5
53448,117,137,-20,20
53449,94,103,-9,9
53450,141,126,15,15
53451,133,142,-9,9
53452,48,51,-3,3
53453,121,119,2,2
53454,90,100,-10,10
53455,50,67,-17,17
53456,69,75,-6,6
53457,90,100,-10,10
53458,83,104,-21,21
53459,89,107,-18,18
53460,84,101,-17,17
53461,72,13,59,59
53462,65,84,-19,19
53463,93,93,0,0
53464,70,63,7,7
53465,68,70,-2,2
53466,128,147,-19,19
53467,102,83,19,19
53468,111,128,-17,17
53469,54,54,0,0
53470,94,105,-11,11
53471,102,101,1,1
53472,104,101,3,3
53473,90,103,-13,13
53474,96,107,-11,11
53475,119,109,10,10
53476,80,69,11,11
53477,77,76,1,1
53478,228,201,27,27
53479,134,118,16,16
53480,140,157,-17,17
53481,47,49,-2,2
53482,113,119,-6,6
53483,58,66,-8,8
53484,34,23,11,11
53485,46,35,11,11
53486,68,67,1,1
53487,68,96,-28,28
53488,43,43,0,0
53489,74,75,-1,1
53490,88,99,-11,11
53491,130,138,-8,8
53492,112,90,22,22
53493,91,85,6,6
53494,70,68,2,2
53495,137,134,3,3
53496,67,85,-18,18
53497,90,87,3,3
53498,137,102,35,35
53499,83,83,0,0
53500,105,123,-18,18
53501,78,83,-5,5
53502,93,66,27,27
53503,88,91,-3,3
53504,65,63,2,2
53505,105,99,6,6
53506,131,135,-4,4
53507,52,50,2,2
53508,48,52,-4,4
53509,127,146,-19,19
53510,70,80,-10,10
53511,62,53,9,9
53512,119,116,3,3
53513,75,80,-5,5
53514,90,83,7,7
53515,60,73,-13,13
53516,133,139,-6,6
53517,86,80,6,6
53518,77,96,-19,19
53519,81,93,-12,12
53520,98,114,-16,16
53521,101,94,7,7
53522,70,71,-1,1
53523,86,81,5,5
53524,111,118,-7,7
53525,99,76,23,23
53526,62,69,-7,7
53527,111,111,0,0
53528,57,52,5,5
53529,93,98,-5,5
53530,77,92,-15,15
53531,122,118,4,4
53532,96,109,-13,13
53533,52,45,7,7
53534,66,66,0,0
53535,102,106,-4,4
53536,79,112,-33,33
53537,83,79,4,4
53538,90,103,-13,13
53539,117,94,23,23
53540,87,87,0,0
53541,127,119,8,8
53542,50,59,-9,9
53543,62,69,-7,7
53544,63,64,-1,1
53545,80,87,-7,7
53546,111,140,-29,29
53547,53,44,9,9
53548,105,114,-9,9
53549,97,86,11,11
53550,48,44,4,4
53551,66,61,5,5
53552,113,123,-10,10
53553,142,137,5,5
53554,42,35,7,7
53555,55,53,2,2
53556,111,106,5,5
53557,89,84,5,5
53558,76,114,-38,38
53559,126,129,-3,3
53560,103,93,10,10
53561,53,54,-1,1
53562,90,106,-16,16
53563,66,69,-3,3
53564,60,60,0,0
53565,49,59,-10,10
53566,230,177,53,53
53567,64,56,8,8
53568,104,110,-6,6
53569,82,90,-8,8
53570,157,136,21,21
53571,53,66,-13,13
53572,93,99,-6,6
53573,76,79,-3,3
53574,61,72,-11,11
53575,100,92,8,8
53576,52,55,-3,3
53577,69,67,2,2
53578,117,118,-1,1
53579,124,120,4,4
53580,100,100,0,0
53581,149,108,41,41
53582,99,108,-9,9
53583,120,105,15,15
53584,79,94,-15,15
53585,177,179,-2,2
53586,62,65,-3,3
53587,99,90,9,9
53588,157,157,0,0
53589,117,121,-4,4
53590,98,60,38,38
53591,68,71,-3,3
53592,85,92,-7,7
53593,91,110,-19,19
53594,106,100,6,6
53595,129,130,-1,1
53596,134,130,4,4
53597,85,84,1,1
53598,122,119,3,3
53599,89,86,3,3
53600,46,53,-7,7
53601,91,90,1,1
53602,136,131,5,5
53603,52,51,1,1
53604,98,108,-10,10
53605,98,91,7,7
53606,129,118,11,11
53607,49,46,3,3
53608,75,82,-7,7
53609,70,65,5,5
53610,102,101,1,1
53611,114,117,-3,3
53612,31,17,14,14
53613,120,86,34,34
53614,108,90,18,18
53615,84,84,0,0
53616,61,77,-16,16
53617,150,144,6,6
53618,52,64,-12,12
53619,44,48,-4,4
53620,71,73,-2,2
53621,62,75,-13,13
53622,74,72,2,2
53623,100,102,-2,2
53624,83,99,-16,16
53625,82,87,-5,5
53626,149,133,16,16
53627,113,127,-14,14
53628,99,96,3,3
53629,94,88,6,6
53630,77,93,-16,16
53631,116,131,-15,15
53632,154,133,21,21
53633,84,82,2,2
53634,116,85,31,31
53635,169,156,13,13
53636,126,117,9,9
53637,31,35,-4,4
53638,84,84,0,0
53639,81,85,-4,4
53640,109,106,3,3
53641,96,93,3,3
53642,78,80,-2,2
53643,100,106,-6,6
53644,101,96,5,5
53645,63,81,-18,18
53646,118,104,14,14
53647,119,110,9,9
53648,70,72,-2,2
53649,82,78,4,4
53650,57,58,-1,1
53651,89,98,-9,9
53652,124,122,2,2
53653,67,64,3,3
53654,87,70,17,17
53655,115,115,0,0
53656,76,65,11,11
53657,63,69,-6,6
53658,105,103,2,2
53659,77,71,6,6
53660,124,127,-3,3
53661,84,81,3,3
53662,52,51,1,1
53663,55,65,-10,10
53664,120,129,-9,9
53665,206,173,33,33
53666,67,79,-12,12
53667,93,100,-7,7
53668,67,74,-7,7
53669,71,67,4,4
53670,87,88,-1,1
53671,72,60,12,12
53672,108,112,-4,4
53673,116,107,9,9
53674,62,66,-4,4
53675,61,78,-17,17
53676,57,66,-9,9
53677,100,105,-5,5
53678,78,102,-24,24
53679,93,97,-4,4
53680,102,114,-12,12
53681,187,187,0,0
53682,88,81,7,7
53683,100,100,0,0
53684,169,170,-1,1
53685,160,170,-10,10
53686,142,133,9,9
53687,146,154,-8,8
53688,81,83,-2,2
53689,41,46,-5,5
53690,111,105,6,6
53691,124,111,13,13
53692,114,122,-8,8
53693,133,145,-12,12
53694,88,83,5,5
53695,90,87,3,3
53696,76,75,1,1
53697,83,81,2,2
53698,130,126,4,4
53699,48,64,-16,16
53700,85,97,-12,12
53701,77,73,4,4
53702,130,140,-10,10
53703,118,102,16,16
53704,106,112,-6,6
53705,67,75,-8,8
53706,111,106,5,5
53707,94,87,7,7
53708,69,75,-6,6
53709,76,70,6,6
53710,96,100,-4,4
53711,84,74,10,10
53712,144,112,32,32
53713,66,79,-13,13
53714,86,96,-10,10
53715,56,76,-20,20
53716,103,117,-14,14
53717,154,135,19,19
53718,80,81,-1,1
53719,89,86,3,3
53720,63,62,1,1
53721,90,85,5,5
53722,102,90,12,12
53723,132,135,-3,3
53724,103,107,-4,4
53725,138,133,5,5
53726,107,110,-3,3
53727,84,91,-7,7
53728,158,152,6,6
53729,143,138,5,5
53730,83,96,-13,13
53731,101,103,-2,2
53732,42,46,-4,4
53733,156,137,19,19
53734,96,100,-4,4
53735,124,136,-12,12
53736,91,95,-4,4
53737,139,126,13,13
53738,80,76,4,4
53739,95,88,7,7
53740,95,102,-7,7
53741,83,86,-3,3
53742,88,88,0,0
53743,120,126,-6,6
53744,79,84,-5,5
53745,114,111,3,3
53746,54,58,-4,4
53747,72,86,-14,14
53748,122,114,8,8
53749,125,132,-7,7
53750,100,93,7,7
53751,90,99,-9,9
53752,92,84,8,8
53753,85,85,0,0
53754,115,114,1,1
53755,76,75,1,1
53756,94,111,-17,17
53757,128,112,16,16
53758,49,101,-52,52
53759,134,134,0,0
53760,114,133,-19,19
53761,75,75,0,0
53762,71,72,-1,1
53763,131,136,-5,5
53764,110,113,-3,3
53765,113,110,3,3
53766,79,84,-5,5
53767,90,45,45,45
53768,112,104,8,8
53769,92,82,10,10
53770,141,138,3,3
53771,46,60,-14,14
53772,103,103,0,0
53773,124,124,0,0
53774,98,95,3,3
53775,106,102,4,4
53776,95,84,11,11
53777,50,43,7,7
53778,98,103,-5,5
53779,127,123,4,4
53780,147,148,-1,1
53781,136,133,3,3
53782,68,68,0,0
53783,133,120,13,13
53784,112,110,2,2
53785,73,73,0,0
53786,104,99,5,5
53787,118,116,2,2
53788,84,89,-5,5
53789,66,77,-11,11
53790,74,74,0,0
53791,71,72,-1,1
53792,122,121,1,1
53793,88,73,15,15
53794,90,81,9,9
53795,44,49,-5,5
53796,68,95,-27,27
53797,72,82,-10,10
53798,141,131,10,10
53799,84,109,-25,25
53800,120,114,6,6
53801,46,36,10,10
53802,59,62,-3,3
53803,136,103,33,33
53804,47,64,-17,17
53805,57,60,-3,3
53806,64,98,-34,34
53807,114,114,0,0
53808,75,82,-7,7
53809,72,84,-12,12
53810,58,64,-6,6
53811,70,79,-9,9
53812,146,127,19,19
53813,83,96,-13,13
53814,116,137,-21,21
53815,143,139,4,4
53816,118,84,34,34
53817,200,167,33,33
53818,116,85,31,31
53819,124,120,4,4
53820,142,145,-3,3
53821,184,161,23,23
53822,137,139,-2,2
53823,76,26,50,50
53824,96,100,-4,4
53825,52,50,2,2
53826,91,91,0,0
53827,55,60,-5,5
53828,95,104,-9,9
53829,59,61,-2,2
53830,145,153,-8,8
53831,84,95,-11,11
53832,112,115,-3,3
53833,63,57,6,6
53834,60,59,1,1
53835,134,108,26,26
53836,88,95,-7,7
53837,72,78,-6,6
53838,107,116,-9,9
53839,74,69,5,5
53840,94,84,10,10
53841,84,78,6,6
53842,55,76,-21,21
53843,30,22,8,8
53844,31,48,-17,17
53845,77,83,-6,6
53846,74,76,-2,2
53847,99,79,20,20
53848,148,145,3,3
53849,70,81,-11,11
53850,86,85,1,1
53851,124,140,-16,16
53852,144,139,5,5
53853,77,77,0,0
53854,117,110,7,7
53855,78,66,12,12
53856,53,72,-19,19
53857,105,102,3,3
53858,79,67,12,12
53859,127,127,0,0
53860,94,88,6,6
53861,159,164,-5,5
53862,90,91,-1,1
53863,71,88,-17,17
53864,156,149,7,7
53865,140,143,-3,3
53866,57,45,12,12
53867,91,88,3,3
53868,61,63,-2,2
53869,91,96,-5,5
53870,54,69,-15,15
53871,78,72,6,6
53872,133,129,4,4
53873,121,110,11,11
53874,151,151,0,0
53875,119,114,5,5
53876,76,110,-34,34
53877,98,96,2,2
53878,97,95,2,2
53879,41,41,0,0
53880,149,168,-19,19
53881,119,119,0,0
53882,80,88,-8,8
53883,67,62,5,5
53884,70,86,-16,16
53885,120,121,-1,1
53886,125,126,-1,1
53887,76,91,-15,15
53888,77,82,-5,5
53889,89,107,-18,18
53890,63,67,-4,4
53891,163,161,2,2
53892,51,39,12,12
53893,68,60,8,8
53894,131,143,-12,12
53895,109,108,1,1
53896,61,50,11,11
53897,118,125,-7,7
53898,103,95,8,8
53899,137,107,30,30
53900,93,95,-2,2
53901,116,101,15,15
53902,61,69,-8,8
53903,80,83,-3,3
53904,88,86,2,2
53905,121,132,-11,11
53906,63,69,-6,6
53907,150,128,22,22
53908,130,127,3,3
53909,112,106,6,6
53910,48,49,-1,1
53911,159,137,22,22
53912,75,69,6,6
53913,66,68,-2,2
53914,75,80,-5,5
53915,70,58,12,12
53916,80,86,-6,6
53917,95,105,-10,10
53918,57,58,-1,1
53919,79,75,4,4
53920,69,62,7,7
53921,60,6,54,54
53922,115,114,1,1
53923,121,103,18,18
53924,71,67,4,4
53925,88,98,-10,10
53926,97,90,7,7
53927,56,66,-10,10
53928,107,95,12,12
53929,35,51,-16,16
53930,112,117,-5,5
53931,74,81,-7,7
53932,80,82,-2,2
53933,89,98,-9,9
53934,81,87,-6,6
53935,142,133,9,9
53936,109,107,2,2
53937,118,99,19,19
53938,93,93,0,0
53939,127,132,-5,5
53940,84,86,-2,2
53941,135,137,-2,2
53942,128,130,-2,2
53943,88,80,8,8
53944,77,96,-19,19
53945,73,79,-6,6
53946,92,96,-4,4
53947,163,169,-6,6
53948,117,115,2,2
53949,186,169,17,17
53950,118,129,-11,11
53951,79,67,12,12
53952,81,87,-6,6
53953,114,131,-17,17
53954,83,81,2,2
53955,89,78,11,11
53956,139,135,4,4
53957,85,87,-2,2
53958,52,59,-7,7
53959,112,106,6,6
53960,79,80,-1,1
53961,90,85,5,5
53962,102,100,2,2
53963,86,82,4,4
53964,83,76,7,7
53965,149,142,7,7
53966,50,46,4,4
53967,73,66,7,7
53968,66,73,-7,7
53969,106,121,-15,15
53970,78,75,3,3
53971,85,86,-1,1
53972,97,126,-29,29
53973,50,71,-21,21
53974,126,139,-13,13
53975,83,95,-12,12
53976,98,100,-2,2
53977,75,70,5,5
53978,93,86,7,7
53979,143,134,9,9
53980,142,108,34,34
53981,55,50,5,5
53982,68,61,7,7
53983,61,56,5,5
53984,68,72,-4,4
53985,119,100,19,19
53986,85,78,7,7
53987,56,53,3,3
53988,105,113,-8,8
53989,74,79,-5,5
53990,61,54,7,7
53991,125,142,-17,17
53992,49,47,2,2
53993,117,134,-17,17
53994,109,110,-1,1
53995,108,121,-13,13
53996,153,154,-1,1
53997,59,58,1,1
53998,173,144,29,29
53999,90,88,2,2
54000,102,105,-3,3
54001,53,65,-12,12
54002,91,105,-14,14
54003,162,128,34,34
54004,129,120,9,9
54005,110,141,-31,31
54006,80,59,21,21
54007,94,99,-5,5
54008,107,123,-16,16
54009,57,64,-7,7
54010,109,110,-1,1
54011,73,77,-4,4
54012,229,223,6,6
54013,170,168,2,2
54014,70,77,-7,7
54015,104,110,-6,6
54016,83,80,3,3
54017,101,99,2,2
54018,86,88,-2,2
54019,108,108,0,0
54020,96,100,-4,4
54021,80,90,-10,10
54022,68,71,-3,3
54023,91,88,3,3
54024,112,121,-9,9
54025,122,103,19,19
54026,132,105,27,27
54027,96,99,-3,3
54028,81,90,-9,9
54029,80,99,-19,19
54030,101,104,-3,3
54031,117,117,0,0
54032,100,118,-18,18
54033,83,101,-18,18
54034,93,91,2,2
54035,103,108,-5,5
54036,48,40,8,8
54037,110,116,-6,6
54038,128,122,6,6
54039,37,36,1,1
54040,110,104,6,6
54041,94,106,-12,12
54042,127,141,-14,14
54043,70,53,17,17
54044,112,112,0,0
54045,189,166,23,23
54046,95,111,-16,16
54047,123,136,-13,13
54048,152,153,-1,1
54049,85,85,0,0
54050,60,71,-11,11
54051,74,71,3,3
54052,89,105,-16,16
54053,97,103,-6,6
54054,159,150,9,9
54055,90,99,-9,9
54056,76,87,-11,11
54057,83,100,-17,17
54058,71,90,-19,19
54059,105,105,0,0
54060,102,109,-7,7
54061,161,146,15,15
54062,123,115,8,8
54063,85,88,-3,3
54064,41,33,8,8
54065,165,135,30,30
54066,60,112,-52,52
54067,123,139,-16,16
54068,59,56,3,3
54069,51,48,3,3
54070,160,159,1,1
54071,134,148,-14,14
54072,87,93,-6,6
54073,91,81,10,10
54074,52,57,-5,5
54075,111,100,11,11
54076,139,124,15,15
54077,65,58,7,7
54078,96,85,11,11
54079,92,89,3,3
54080,77,99,-22,22
54081,106,124,-18,18
54082,194,179,15,15
54083,127,123,4,4
54084,121,93,28,28
54085,140,160,-20,20
54086,129,128,1,1
54087,59,60,-1,1
54088,82,80,2,2
54089,59,74,-15,15
54090,98,93,5,5
54091,214,182,32,32
54092,107,114,-7,7
54093,122,127,-5,5
54094,75,79,-4,4
54095,52,50,2,2
54096,129,117,12,12
54097,59,61,-2,2
54098,64,96,-32,32
54099,144,142,2,2
54100,99,92,7,7
54101,156,147,9,9
54102,173,158,15,15
54103,82,88,-6,6
54104,145,132,13,13
54105,105,96,9,9
54106,102,112,-10,10
54107,69,80,-11,11
54108,51,87,-36,36
54109,44,43,1,1
54110,30,34,-4,4
54111,118,114,4,4
54112,85,80,5,5
54113,70,80,-10,10
54114,61,105,-44,44
54115,69,83,-14,14
54116,81,75,6,6
54117,68,66,2,2
54118,149,135,14,14
54119,47,69,-22,22
54120,53,58,-5,5
54121,143,113,30,30
54122,91,108,-17,17
54123,93,102,-9,9
54124,45,60,-15,15
54125,122,135,-13,13
54126,112,114,-2,2
54127,165,136,29,29
54128,57,59,-2,2
54129,101,103,-2,2
54130,54,72,-18,18
54131,55,65,-10,10
54132,74,79,-5,5
54133,95,88,7,7
54134,58,104,-46,46
54135,114,128,-14,14
54136,73,88,-15,15
54137,81,87,-6,6
54138,63,69,-6,6
54139,139,151,-12,12
54140,96,96,0,0
54141,111,101,10,10
54142,157,148,9,9
54143,167,172,-5,5
54144,166,146,20,20
54145,115,121,-6,6
54146,80,50,30,30
54147,166,141,25,25
54148,89,99,-10,10
54149,69,69,0,0
54150,34,30,4,4
54151,92,93,-1,1
54152,81,96,-15,15
54153,131,141,-10,10
54154,65,68,-3,3
54155,107,109,-2,2
54156,61,52,9,9
54157,77,91,-14,14
54158,92,95,-3,3
54159,175,157,18,18
54160,154,133,21,21
54161,101,113,-12,12
54162,96,86,10,10
54163,82,82,0,0
54164,72,80,-8,8
54165,60,62,-2,2
54166,137,132,5,5
54167,44,43,1,1
54168,77,72,5,5
54169,111,108,3,3
54170,41,63,-22,22
54171,119,101,18,18
54172,83,90,-7,7
54173,108,110,-2,2
54174,128,112,16,16
54175,76,94,-18,18
54176,41,66,-25,25
54177,79,79,0,0
54178,175,145,30,30
54179,115,105,10,10
54180,87,84,3,3
54181,136,128,8,8
54182,76,83,-7,7
54183,107,114,-7,7
54184,86,101,-15,15
54185,118,96,22,22
54186,98,94,4,4
54187,73,94,-21,21
54188,176,157,19,19
54189,110,108,2,2
54190,73,68,5,5
54191,73,73,0,0
54192,109,123,-14,14
54193,96,101,-5,5
54194,128,121,7,7
54195,65,69,-4,4
54196,81,95,-14,14
54197,76,76,0,0
54198,81,93,-12,12
54199,55,51,4,4
54200,93,110,-17,17
54201,138,136,2,2
54202,127,122,5,5
54203,110,106,4,4
54204,97,94,3,3
54205,106,123,-17,17
54206,70,81,-11,11
54207,84,107,-23,23
54208,103,101,2,2
54209,109,89,20,20
54210,82,85,-3,3
54211,82,85,-3,3
54212,75,76,-1,1
54213,96,96,0,0
54214,74,68,6,6
54215,50,42,8,8
54216,80,80,0,0
54217,129,149,-20,20
54218,127,132,-5,5
54219,101,112,-11,11
54220,94,109,-15,15
54221,80,89,-9,9
54222,51,58,-7,7
54223,98,72,26,26
54224,93,96,-3,3
54225,138,86,52,52
54226,127,125,2,2
54227,115,106,9,9
54228,57,56,1,1
54229,62,78,-16,16
54230,125,122,3,3
54231,74,68,6,6
54232,104,93,11,11
54233,112,97,15,15
54234,101,101,0,0
54235,81,70,11,11
54236,58,76,-18,18
54237,98,83,15,15
54238,60,59,1,1
54239,60,67,-7,7
54240,119,121,-2,2
54241,92,99,-7,7
54242,79,89,-10,10
54243,72,80,-8,8
54244,59,64,-5,5
54245,53,63,-10,10
54246,133,131,2,2
54247,81,87,-6,6
54248,167,157,10,10
54249,110,101,9,9
54250,62,82,-20,20
54251,77,86,-9,9
54252,81,102,-21,21
54253,108,82,26,26
54254,107,100,7,7
54255,56,67,-11,11
54256,74,55,19,19
54257,55,83,-28,28
54258,41,39,2,2
54259,95,94,1,1
54260,80,68,12,12
54261,107,110,-3,3
54262,89,111,-22,22
54263,69,74,-5,5
54264,89,96,-7,7
54265,125,116,9,9
54266,139,105,34,34
54267,63,70,-7,7
54268,79,101,-22,22
54269,111,123,-12,12
54270,80,94,-14,14
54271,89,113,-24,24
54272,65,68,-3,3
54273,139,126,13,13
54274,105,105,0,0
54275,59,52,7,7
54276,108,98,10,10
54277,71,71,0,0
54278,57,73,-16,16
54279,65,58,7,7
54280,66,68,-2,2
54281,171,167,4,4
54282,69,77,-8,8
54283,137,131,6,6
54284,62,76,-14,14
54285,92,94,-2,2
54286,87,68,19,19
54287,131,109,22,22
54288,160,138,22,22
54289,78,87,-9,9
54290,82,98,-16,16
54291,152,186,-34,34
54292,34,30,4,4
54293,80,98,-18,18
54294,201,174,27,27
54295,89,103,-14,14
54296,88,101,-13,13
54297,137,136,1,1
54298,58,56,2,2
54299,87,102,-15,15
54300,106,112,-6,6
54301,67,63,4,4
54302,57,50,7,7
54303,83,91,-8,8
54304,105,101,4,4
54305,187,154,33,33
54306,92,91,1,1
54307,43,56,-13,13
54308,130,136,-6,6
54309,103,102,1,1
54310,79,97,-18,18
54311,176,168,8,8
54312,120,116,4,4
54313,75,71,4,4
54314,75,77,-2,2
54315,77,70,7,7
54316,87,80,7,7
54317,49,82,-33,33
54318,164,146,18,18
54319,142,131,11,11
54320,136,135,1,1
54321,51,47,4,4
54322,79,92,-13,13
54323,173,169,4,4
54324,118,111,7,7
54325,75,67,8,8
54326,87,103,-16,16
54327,66,74,-8,8
54328,67,72,-5,5
54329,124,134,-10,10
54330,62,68,-6,6
54331,88,57,31,31
54332,87,98,-11,11
54333,125,131,-6,6
54334,107,84,23,23
54335,65,79,-14,14
54336,50,54,-4,4
54337,80,84,-4,4
54338,166,157,9,9
54339,142,139,3,3
54340,171,165,6,6
54341,57,51,6,6
54342,87,90,-3,3
54343,106,84,22,22
54344,95,95,0,0
54345,108,99,9,9
54346,105,91,14,14
54347,112,119,-7,7
54348,101,91,10,10
54349,89,61,28,28
54350,49,45,4,4
54351,84,83,1,1
54352,101,110,-9,9
54353,66,64,2,2
54354,83,86,-3,3
54355,58,62,-4,4
54356,85,92,-7,7
54357,91,91,0,0
54358,53,66,-13,13
54359,94,95,-1,1
54360,97,94,3,3
54361,76,99,-23,23
54362,45,57,-12,12
54363,49,64,-15,15
54364,150,143,7,7
54365,104,92,12,12
54366,111,117,-6,6
54367,68,56,12,12
54368,93,122,-29,29
54369,100,112,-12,12
54370,107,110,-3,3
54371,121,126,-5,5
54372,60,70,-10,10
54373,134,131,3,3
54374,127,123,4,4
54375,76,80,-4,4
54376,122,121,1,1
54377,71,50,21,21
54378,73,85,-12,12
54379,74,67,7,7
54380,133,124,9,9
54381,78,77,1,1
54382,60,69,-9,9
54383,112,132,-20,20
54384,87,63,24,24
54385,105,102,3,3
54386,62,67,-5,5
54387,76,68,8,8
54388,124,117,7,7
54389,108,121,-13,13
54390,63,66,-3,3
54391,192,187,5,5
54392,63,75,-12,12
54393,94,100,-6,6
54394,76,97,-21,21
54395,153,144,9,9
54396,145,143,2,2
54397,118,127,-9,9
54398,144,146,-2,2
54399,80,97,-17,17
54400,81,80,1,1
54401,167,146,21,21
54402,112,92,20,20
54403,87,91,-4,4
54404,114,115,-1,1
54405,96,117,-21,21
54406,72,96,-24,24
54407,148,151,-3,3
54408,105,111,-6,6
54409,138,148,-10,10
54410,80,95,-15,15
54411,79,84,-5,5
54412,92,98,-6,6
54413,104,109,-5,5
54414,60,77,-17,17
54415,179,161,18,18
54416,86,85,1,1
54417,32,68,-36,36
54418,134,105,29,29
54419,71,83,-12,12
54420,93,92,1,1
54421,112,71,41,41
54422,117,122,-5,5
54423,112,113,-1,1
54424,83,90,-7,7
54425,111,109,2,2
54426,143,134,9,9
54427,84,53,31,31
54428,58,53,5,5
54429,78,88,-10,10
54430,116,118,-2,2
54431,120,114,6,6
54432,102,105,-3,3
54433,155,155,0,0
54434,106,109,-3,3
54435,79,78,1,1
54436,111,117,-6,6
54437,72,70,2,2
54438,59,55,4,4
54439,139,128,11,11
54440,119,112,7,7
54441,100,92,8,8
54442,59,57,2,2
54443,67,67,0,0
54444,149,144,5,5
54445,74,60,14,14
54446,96,91,5,5
54447,196,191,5,5
54448,144,156,-12,12
54449,101,100,1,1
54450,80,88,-8,8
54451,76,89,-13,13
54452,96,100,-4,4
54453,112,106,6,6
54454,73,97,-24,24
54455,126,121,5,5
54456,92,89,3,3
54457,125,135,-10,10
54458,64,76,-12,12
54459,146,138,8,8
54460,77,104,-27,27
54461,148,143,5,5
54462,126,124,2,2
54463,95,105,-10,10
54464,58,54,4,4
54465,146,137,9,9
54466,148,139,9,9
54467,104,102,2,2
54468,129,120,9,9
54469,60,59,1,1
54470,83,86,-3,3
54471,67,44,23,23
54472,132,122,10,10
54473,82,96,-14,14
54474,34,86,-52,52
54475,76,87,-11,11
54476,116,118,-2,2
54477,119,129,-10,10
54478,96,109,-13,13
54479,138,133,5,5
54480,80,90,-10,10
54481,109,119,-10,10
54482,103,102,1,1
54483,57,59,-2,2
54484,41,32,9,9
54485,121,127,-6,6
54486,87,86,1,1
54487,125,125,0,0
54488,82,94,-12,12
54489,36,34,2,2
54490,63,64,-1,1
54491,112,121,-9,9
54492,90,84,6,6
54493,110,121,-11,11
54494,184,179,5,5
54495,97,111,-14,14
54496,64,55,9,9
54497,115,111,4,4
54498,85,81,4,4
54499,60,70,-10,10
54500,68,71,-3,3
54501,118,112,6,6
54502,56,69,-13,13
54503,49,89,-40,40
54504,92,101,-9,9
54505,62,83,-21,21
54506,131,127,4,4
54507,125,124,1,1
54508,146,149,-3,3
54509,78,82,-4,4
54510,69,78,-9,9
54511,76,71,5,5
54512,66,67,-1,1
54513,71,77,-6,6
54514,97,95,2,2
54515,264,188,76,76
54516,38,36,2,2
54517,134,132,2,2
54518,70,78,-8,8
54519,67,75,-8,8
54520,128,120,8,8
54521,138,110,28,28
54522,101,96,5,5
54523,76,79,-3,3
54524,42,47,-5,5
54525,138,114,24,24
54526,126,141,-15,15
54527,80,79,1,1
54528,61,71,-10,10
54529,105,94,11,11
54530,113,105,8,8
54531,96,103,-7,7
54532,97,103,-6,6
54533,74,81,-7,7
54534,129,113,16,16
54535,83,80,3,3
54536,87,88,-1,1
54537,72,75,-3,3
54538,120,124,-4,4
54539,95,119,-24,24
54540,62,99,-37,37
54541,54,61,-7,7
54542,80,96,-16,16
54543,109,102,7,7
54544,90,79,11,11
54545,30,13,17,17
54546,103,97,6,6
54547,91,110,-19,19
54548,92,84,8,8
54549,79,95,-16,16
54550,120,124,-4,4
54551,131,120,11,11
54552,91,90,1,1
54553,64,46,18,18
54554,106,106,0,0
54555,81,79,2,2
54556,86,83,3,3
54557,190,180,10,10
54558,80,85,-5,5
54559,108,118,-10,10
54560,136,127,9,9
54561,84,88,-4,4
54562,122,125,-3,3
54563,80,70,10,10
54564,80,69,11,11
54565,143,135,8,8
54566,31,45,-14,14
54567,96,93,3,3
54568,74,51,23,23
54569,130,127,3,3
54570,99,106,-7,7
54571,90,93,-3,3
54572,89,86,3,3
54573,122,104,18,18
54574,116,115,1,1
54575,111,115,-4,4
54576,129,119,10,10
54577,97,101,-4,4
54578,122,102,20,20
54579,94,117,-23,23
54580,78,81,-3,3
54581,101,99,2,2
54582,77,98,-21,21
54583,99,106,-7,7
54584,91,110,-19,19
54585,74,80,-6,6
54586,120,130,-10,10
54587,109,75,34,34
54588,54,63,-9,9
54589,105,102,3,3
54590,140,154,-14,14
54591,175,166,9,9
54592,103,89,14,14
54593,80,91,-11,11
54594,71,80,-9,9
54595,101,99,2,2
54596,91,105,-14,14
54597,75,83,-8,8
54598,51,49,2,2
54599,59,58,1,1
54600,108,103,5,5
54601,198,168,30,30
54602,48,37,11,11
54603,117,115,2,2
54604,44,36,8,8
54605,105,106,-1,1
54606,78,88,-10,10
54607,92,99,-7,7
54608,89,87,2,2
54609,68,73,-5,5
54610,50,86,-36,36
54611,83,82,1,1
54612,71,66,5,5
54613,96,117,-21,21
54614,146,147,-1,1
54615,134,112,22,22
54616,73,90,-17,17
54617,84,99,-15,15
54618,86,103,-17,17
54619,152,132,20,20
54620,59,66,-7,7
54621,183,161,22,22
54622,50,67,-17,17
54623,83,80,3,3
54624,103,99,4,4
54625,63,58,5,5
54626,58,61,-3,3
54627,79,72,7,7
54628,65,87,-22,22
54629,50,57,-7,7
54630,89,92,-3,3
54631,132,126,6,6
54632,91,96,-5,5
54633,79,88,-9,9
54634,89,94,-5,5
54635,117,120,-3,3
54636,89,80,9,9
54637,109,114,-5,5
54638,124,120,4,4
54639,97,87,10,10
54640,131,133,-2,2
54641,86,87,-1,1
54642,77,79,-2,2
54643,96,93,3,3
54644,94,90,4,4
54645,74,69,5,5
54646,129,126,3,3
54647,104,105,-1,1
54648,113,125,-12,12
54649,99,88,11,11
54650,63,42,21,21
54651,95,97,-2,2
54652,68,81,-13,13
54653,194,124,70,70
54654,99,118,-19,19
54655,123,137,-14,14
54656,119,123,-4,4
54657,108,97,11,11
54658,66,87,-21,21
54659,60,65,-5,5
54660,58,65,-7,7
54661,183,157,26,26
54662,190,172,18,18
54663,165,160,5,5
54664,80,97,-17,17
54665,166,151,15,15
54666,123,129,-6,6
54667,131,139,-8,8
54668,62,63,-1,1
54669,83,80,3,3
54670,125,117,8,8
54671,103,113,-10,10
54672,101,121,-20,20
54673,95,90,5,5
54674,59,64,-5,5
54675,107,104,3,3
54676,79,67,12,12
54677,87,81,6,6
54678,84,82,2,2
54679,67,72,-5,5
54680,75,58,17,17
54681,85,86,-1,1
54682,89,73,16,16
54683,105,127,-22,22
54684,71,88,-17,17
54685,150,120,30,30
54686,59,62,-3,3
54687,86,89,-3,3
54688,85,81,4,4
54689,110,106,4,4
54690,76,72,4,4
54691,100,101,-1,1
54692,109,102,7,7
54693,110,114,-4,4
54694,97,125,-28,28
54695,109,106,3,3
54696,188,173,15,15
54697,52,56,-4,4
54698,56,58,-2,2
54699,87,93,-6,6
54700,72,81,-9,9
54701,171,161,10,10
54702,109,110,-1,1
54703,86,93,-7,7
54704,140,131,9,9
54705,113,105,8,8
54706,89,89,0,0
54707,102,102,0,0
54708,82,82,0,0
54709,87,85,2,2
54710,85,85,0,0
54711,150,140,10,10
54712,151,136,15,15
54713,65,89,-24,24
54714,150,148,2,2
54715,102,106,-4,4
54716,88,82,6,6
54717,108,112,-4,4
54718,38,48,-10,10
54719,123,123,0,0
54720,92,71,21,21
54721,120,111,9,9
54722,108,113,-5,5
54723,72,52,20,20
54724,62,65,-3,3
54725,105,112,-7,7
54726,71,82,-11,11
54727,99,88,11,11
54728,88,90,-2,2
54729,79,106,-27,27
54730,86,84,2,2
54731,116,112,4,4
54732,74,78,-4,4
54733,93,112,-19,19
54734,198,133,65,65
54735,96,96,0,0
54736,78,73,5,5
54737,57,49,8,8
54738,45,46,-1,1
54739,140,137,3,3
54740,76,76,0,0
54741,88,91,-3,3
54742,127,135,-8,8
54743,50,63,-13,13
54744,101,123,-22,22
54745,71,82,-11,11
54746,141,128,13,13
54747,110,127,-17,17
54748,144,107,37,37
54749,114,125,-11,11
54750,66,71,-5,5
54751,90,103,-13,13
54752,83,74,9,9
54753,143,142,1,1
54754,81,60,21,21
54755,41,40,1,1
54756,165,139,26,26
54757,92,99,-7,7
54758,43,101,-58,58
54759,84,61,23,23
54760,58,83,-25,25
54761,74,74,0,0
54762,102,86,16,16
54763,62,52,10,10
54764,115,111,4,4
54765,93,102,-9,9
54766,155,142,13,13
54767,173,190,-17,17
54768,145,141,4,4
54769,75,83,-8,8
54770,116,107,9,9
54771,114,126,-12,12
54772,115,116,-1,1
54773,123,119,4,4
54774,86,98,-12,12
54775,95,99,-4,4
54776,59,64,-5,5
54777,123,128,-5,5
54778,111,122,-11,11
54779,109,130,-21,21
54780,92,90,2,2
54781,118,132,-14,14
54782,42,39,3,3
54783,65,74,-9,9
54784,74,76,-2,2
54785,144,148,-4,4
54786,139,127,12,12
54787,71,85,-14,14
54788,66,65,1,1
54789,81,83,-2,2
54790,103,109,-6,6
54791,65,60,5,5
54792,137,153,-16,16
54793,86,93,-7,7
54794,64,37,27,27
54795,96,111,-15,15
54796,76,77,-1,1
54797,56,58,-2,2
54798,59,68,-9,9
54799,70,74,-4,4
54800,79,79,0,0
54801,92,90,2,2
54802,64,54,10,10
54803,141,139,2,2
54804,111,106,5,5
54805,123,106,17,17
54806,55,68,-13,13
54807,58,58,0,0
54808,105,98,7,7
54809,124,118,6,6
54810,76,87,-11,11
54811,72,87,-15,15
54812,68,57,11,11
54813,39,49,-10,10
54814,83,77,6,6
54815,90,82,8,8
54816,84,100,-16,16
54817,131,119,12,12
54818,100,104,-4,4
54819,68,73,-5,5
54820,199,187,12,12
54821,111,112,-1,1
54822,63,45,18,18
54823,112,126,-14,14
54824,58,68,-10,10
54825,167,147,20,20
54826,167,143,24,24
54827,204,187,17,17
54828,88,86,2,2
54829,112,122,-10,10
54830,109,114,-5,5
54831,74,97,-23,23
54832,118,122,-4,4
54833,114,117,-3,3
54834,52,50,2,2
54835,79,57,22,22
54836,63,54,9,9
54837,34,42,-8,8
54838,75,58,17,17
54839,66,85,-19,19
54840,165,172,-7,7
54841,140,112,28,28
54842,68,55,13,13
54843,119,106,13,13
54844,109,105,4,4
54845,79,81,-2,2
54846,96,73,23,23
54847,96,90,6,6
54848,58,54,4,4
54849,99,97,2,2
54850,68,68,0,0
54851,61,88,-27,27
54852,89,98,-9,9
54853,135,140,-5,5
54854,60,58,2,2
54855,92,101,-9,9
54856,84,78,6,6
54857,84,87,-3,3
54858,94,109,-15,15
54859,101,113,-12,12
54860,119,119,0,0
54861,139,152,-13,13
54862,84,82,2,2
54863,204,157,47,47
54864,97,88,9,9
54865,79,94,-15,15
54866,101,104,-3,3
54867,86,81,5,5
54868,84,77,7,7
54869,67,65,2,2
54870,98,104,-6,6
54871,79,82,-3,3
54872,90,73,17,17
54873,62,71,-9,9
54874,65,75,-10,10
54875,62,76,-14,14
54876,41,37,4,4
54877,140,129,11,11
54878,167,158,9,9
54879,129,133,-4,4
54880,170,181,-11,11
54881,76,77,-1,1
54882,88,100,-12,12
54883,57,50,7,7
54884,55,48,7,7
54885,81,62,19,19
54886,142,130,12,12
54887,118,112,6,6
54888,66,60,6,6
54889,61,67,-6,6
54890,97,110,-13,13
54891,88,83,5,5
54892,101,108,-7,7
54893,64,75,-11,11
54894,116,102,14,14
54895,90,87,3,3
54896,87,100,-13,13
54897,98,92,6,6
54898,111,99,12,12
54899,67,74,-7,7
54900,51,67,-16,16
54901,123,134,-11,11
54902,59,67,-8,8
54903,67,68,-1,1
54904,48,49,-1,1
54905,52,63,-11,11
54906,180,158,22,22
54907,61,63,-2,2
54908,162,147,15,15
54909,76,83,-7,7
54910,57,61,-4,4
54911,90,95,-5,5
54912,55,74,-19,19
54913,103,109,-6,6
54914,72,78,-6,6
54915,70,59,11,11
54916,154,141,13,13
54917,113,121,-8,8
54918,108,136,-28,28
54919,50,62,-12,12
54920,45,58,-13,13
54921,71,58,13,13
54922,132,124,8,8
54923,164,155,9,9
54924,100,112,-12,12
54925,46,44,2,2
54926,85,76,9,9
54927,88,94,-6,6
54928,107,132,-25,25
54929,84,84,0,0
54930,48,44,4,4
54931,98,97,1,1
54932,154,152,2,2
54933,115,118,-3,3
54934,69,76,-7,7
54935,47,49,-2,2
54936,79,68,11,11
54937,74,74,0,0
54938,77,82,-5,5
54939,52,65,-13,13
54940,146,137,9,9
54941,74,84,-10,10
54942,122,126,-4,4
54943,83,116,-33,33
54944,134,98,36,36
54945,113,102,11,11
54946,113,105,8,8
54947,100,114,-14,14
54948,77,78,-1,1
54949,91,79,12,12
54950,112,142,-30,30
54951,109,104,5,5
54952,97,93,4,4
54953,156,150,6,6
54954,128,112,16,16
54955,88,93,-5,5
54956,68,59,9,9
54957,69,73,-4,4
54958,137,121,16,16
54959,68,85,-17,17
54960,65,63,2,2
54961,93,89,4,4
54962,58,57,1,1
54963,55,66,-11,11
54964,121,105,16,16
54965,133,127,6,6
54966,50,53,-3,3
54967,228,174,54,54
54968,101,101,0,0
54969,51,54,-3,3
54970,89,90,-1,1
54971,63,61,2,2
54972,70,82,-12,12
54973,41,43,-2,2
54974,114,110,4,4
54975,65,84,-19,19
54976,83,95,-12,12
54977,61,69,-8,8
54978,68,37,31,31
54979,107,120,-13,13
54980,70,147,-77,77
54981,122,114,8,8
54982,44,53,-9,9
54983,138,132,6,6
54984,178,171,7,7
54985,94,91,3,3
54986,107,94,13,13
54987,63,64,-1,1
54988,84,76,8,8
54989,124,120,4,4
54990,68,87,-19,19
54991,78,89,-11,11
54992,177,174,3,3
54993,49,54,-5,5
54994,60,46,14,14
54995,63,71,-8,8
54996,39,89,-50,50
54997,88,93,-5,5
54998,150,153,-3,3
54999,105,112,-7,7
55000,88,91,-3,3
55001,58,99,-41,41
55002,47,37,10,10
55003,135,121,14,14
55004,101,101,0,0
55005,61,56,5,5
55006,114,87,27,27
55007,75,74,1,1
55008,88,100,-12,12
55009,69,62,7,7
55010,95,83,12,12
55011,120,146,-26,26
55012,148,143,5,5
55013,80,85,-5,5
55014,54,56,-2,2
55015,85,80,5,5
55016,123,152,-29,29
55017,101,121,-20,20
55018,108,110,-2,2
55019,62,62,0,0
55020,68,80,-12,12
55021,55,61,-6,6
55022,103,111,-8,8
55023,115,116,-1,1
55024,94,99,-5,5
55025,77,81,-4,4
55026,146,123,23,23
55027,62,78,-16,16
55028,57,59,-2,2
55029,204,157,47,47
55030,52,61,-9,9
55031,111,139,-28,28
55032,67,78,-11,11
55033,116,111,5,5
55034,168,155,13,13
55035,47,53,-6,6
55036,75,74,1,1
55037,92,127,-35,35
55038,139,131,8,8
55039,130,119,11,11
55040,118,119,-1,1
55041,72,91,-19,19
55042,90,101,-11,11
55043,104,80,24,24
55044,99,104,-5,5
55045,98,110,-12,12
55046,84,81,3,3
55047,106,96,10,10
55048,69,61,8,8
55049,72,82,-10,10
55050,86,102,-16,16
55051,122,111,11,11
55052,103,93,10,10
55053,113,115,-2,2
55054,70,67,3,3
55055,73,92,-19,19
55056,79,69,10,10
55057,102,89,13,13
55058,79,83,-4,4
55059,67,56,11,11
55060,61,49,12,12
55061,78,81,-3,3
55062,83,71,12,12
55063,91,105,-14,14
55064,49,62,-13,13
55065,64,61,3,3
55066,76,83,-7,7
55067,155,146,9,9
55068,90,110,-20,20
55069,78,119,-41,41
55070,67,79,-12,12
55071,112,117,-5,5
55072,90,85,5,5
55073,98,68,30,30
55074,93,94,-1,1
55075,103,119,-16,16
55076,64,68,-4,4
55077,94,109,-15,15
55078,58,65,-7,7
55079,76,86,-10,10
55080,153,143,10,10
55081,96,73,23,23
55082,151,147,4,4
55083,60,74,-14,14
55084,87,79,8,8
55085,30,31,-1,1
55086,83,83,0,0
55087,107,124,-17,17
55088,114,103,11,11
55089,74,73,1,1
55090,99,115,-16,16
55091,120,121,-1,1
55092,89,83,6,6
55093,215,214,1,1
55094,53,55,-2,2
55095,74,71,3,3
55096,112,118,-6,6
55097,76,62,14,14
55098,69,63,6,6
55099,146,114,32,32
55100,92,90,2,2
55101,72,63,9,9
55102,184,145,39,39
55103,50,51,-1,1
55104,82,64,18,18
55105,90,97,-7,7
55106,152,136,16,16
55107,41,62,-21,21
55108,149,139,10,10
55109,83,88,-5,5
55110,45,54,-9,9
55111,225,212,13,13
55112,169,147,22,22
55113,44,49,-5,5
55114,118,125,-7,7
55115,108,112,-4,4
55116,125,131,-6,6
55117,124,120,4,4
55118,65,87,-22,22
55119,164,150,14,14
55120,138,144,-6,6
55121,87,94,-7,7
55122,51,69,-18,18
55123,98,106,-8,8
55124,64,66,-2,2
55125,63,71,-8,8
55126,101,94,7,7
55127,90,90,0,0
55128,104,96,8,8
55129,140,138,2,2
55130,121,115,6,6
55131,107,126,-19,19
55132,85,89,-4,4
55133,116,117,-1,1
55134,55,71,-16,16
55135,74,78,-4,4
55136,178,124,54,54
55137,134,110,24,24
55138,62,72,-10,10
55139,113,114,-1,1
55140,75,87,-12,12
55141,84,84,0,0
55142,88,81,7,7
55143,68,72,-4,4
55144,46,56,-10,10
55145,150,164,-14,14
55146,99,89,10,10
55147,108,104,4,4
55148,118,94,24,24
55149,48,41,7,7
55150,104,93,11,11
55151,73,57,16,16
55152,109,108,1,1
55153,62,69,-7,7
55154,91,97,-6,6
55155,119,125,-6,6
55156,157,148,9,9
55157,117,114,3,3
55158,60,68,-8,8
55159,90,70,20,20
55160,102,94,8,8
55161,100,102,-2,2
55162,99,96,3,3
55163,108,95,13,13
55164,90,84,6,6
55165,120,115,5,5
55166,97,92,5,5
55167,78,93,-15,15
55168,105,112,-7,7
55169,160,154,6,6
55170,143,127,16,16
55171,112,120,-8,8
55172,152,101,51,51
55173,153,146,7,7
55174,65,71,-6,6
55175,66,70,-4,4
55176,63,61,2,2
55177,55,75,-20,20
55178,75,85,-10,10
55179,91,84,7,7
55180,81,72,9,9
55181,138,129,9,9
55182,120,113,7,7
55183,86,90,-4,4
55184,75,71,4,4
55185,15,3,12,12
55186,71,80,-9,9
55187,158,147,11,11
55188,102,96,6,6
55189,58,57,1,1
55190,54,75,-21,21
55191,77,125,-48,48
55192,82,95,-13,13
55193,69,71,-2,2
55194,92,109,-17,17
55195,132,130,2,2
55196,109,114,-5,5
55197,192,172,20,20
55198,62,64,-2,2
55199,41,61,-20,20
55200,120,122,-2,2
55201,82,98,-16,16
55202,116,118,-2,2
55203,44,58,-14,14
55204,87,87,0,0
55205,63,77,-14,14
55206,75,101,-26,26
55207,106,104,2,2
55208,198,174,24,24
55209,87,91,-4,4
55210,45,41,4,4
55211,95,99,-4,4
55212,128,124,4,4
55213,72,66,6,6
55214,80,85,-5,5
55215,144,162,-18,18
55216,83,92,-9,9
55217,138,131,7,7
55218,107,95,12,12
55219,42,51,-9,9
55220,105,112,-7,7
55221,129,111,18,18
55222,78,78,0,0
55223,157,137,20,20
55224,135,128,7,7
55225,38,24,14,14
55226,174,132,42,42
55227,83,88,-5,5
55228,79,78,1,1
55229,172,169,3,3
55230,76,61,15,15
55231,106,90,16,16
55232,102,114,-12,12
55233,60,70,-10,10
55234,160,153,7,7
55235,58,62,-4,4
55236,66,70,-4,4
55237,93,81,12,12
55238,97,92,5,5
55239,99,111,-12,12
55240,232,208,24,24
55241,111,87,24,24
55242,57,105,-48,48
55243,92,96,-4,4
55244,70,60,10,10
55245,58,73,-15,15
55246,58,53,5,5
55247,80,93,-13,13
55248,119,113,6,6
55249,111,94,17,17
55250,73,72,1,1
55251,72,63,9,9
55252,98,103,-5,5
55253,114,124,-10,10
55254,115,81,34,34
55255,180,101,79,79
55256,137,143,-6,6
55257,106,102,4,4
55258,116,116,0,0
55259,161,164,-3,3
55260,53,49,4,4
55261,160,152,8,8
55262,105,115,-10,10
55263,85,87,-2,2
55264,137,134,3,3
55265,78,87,-9,9
55266,152,155,-3,3
55267,107,110,-3,3
55268,61,67,-6,6
55269,113,110,3,3
55270,145,121,24,24
55271,125,120,5,5
55272,63,75,-12,12
55273,83,94,-11,11
55274,139,128,11,11
55275,79,73,6,6
55276,136,138,-2,2
55277,77,88,-11,11
55278,101,93,8,8
55279,54,23,31,31
55280,103,123,-20,20
55281,84,88,-4,4
55282,62,66,-4,4
55283,149,142,7,7
55284,52,59,-7,7
55285,143,142,1,1
55286,185,180,5,5
55287,121,118,3,3
55288,93,108,-15,15
55289,89,102,-13,13
55290,71,82,-11,11
55291,96,96,0,0
55292,92,80,12,12
55293,132,126,6,6
55294,110,123,-13,13
55295,81,87,-6,6
55296,138,127,11,11
55297,121,137,-16,16
55298,136,133,3,3
55299,108,127,-19,19
55300,102,101,1,1
55301,107,109,-2,2
55302,123,126,-3,3
55303,78,82,-4,4
55304,123,131,-8,8
55305,191,167,24,24
55306,83,97,-14,14
55307,66,54,12,12
55308,147,146,1,1
55309,75,73,2,2
55310,142,147,-5,5
55311,54,60,-6,6
55312,79,97,-18,18
55313,65,53,12,12
55314,69,81,-12,12
55315,92,85,7,7
55316,116,93,23,23
55317,138,114,24,24
55318,60,64,-4,4
55319,113,115,-2,2
55320,107,112,-5,5
55321,71,78,-7,7
55322,87,90,-3,3
55323,66,68,-2,2
55324,115,129,-14,14
55325,88,108,-20,20
55326,59,47,12,12
55327,109,115,-6,6
55328,101,108,-7,7
55329,99,92,7,7
55330,84,81,3,3
55331,79,68,11,11
55332,144,127,17,17
55333,74,93,-19,19
55334,67,68,-1,1
55335,79,104,-25,25
55336,69,80,-11,11
55337,64,70,-6,6
55338,74,77,-3,3
55339,122,148,-26,26
55340,88,93,-5,5
55341,85,99,-14,14
55342,135,147,-12,12
55343,150,137,13,13
55344,120,123,-3,3
55345,85,81,4,4
55346,87,104,-17,17
55347,69,70,-1,1
55348,136,125,11,11
55349,139,120,19,19
55350,81,89,-8,8
55351,88,84,4,4
55352,117,116,1,1
55353,127,131,-4,4
55354,83,82,1,1
55355,53,53,0,0
55356,41,32,9,9
55357,97,93,4,4
55358,169,166,3,3
55359,112,107,5,5
55360,38,49,-11,11
55361,84,86,-2,2
55362,67,71,-4,4
55363,92,86,6,6
55364,110,112,-2,2
55365,88,99,-11,11
55366,78,88,-10,10
55367,84,93,-9,9
55368,69,71,-2,2
55369,99,102,-3,3
55370,101,116,-15,15
55371,86,92,-6,6
55372,102,107,-5,5
55373,60,68,-8,8
55374,54,61,-7,7
55375,111,120,-9,9
55376,138,130,8,8
55377,82,83,-1,1
55378,96,105,-9,9
55379,62,53,9,9
55380,161,141,20,20
55381,73,78,-5,5
55382,92,103,-11,11
55383,115,115,0,0
55384,150,139,11,11
55385,78,75,3,3
55386,93,101,-8,8
55387,80,86,-6,6
55388,88,83,5,5
55389,89,85,4,4
55390,107,118,-11,11
55391,76,74,2,2
55392,115,131,-16,16
55393,96,101,-5,5
55394,119,122,-3,3
55395,56,64,-8,8
55396,100,63,37,37
55397,101,101,0,0
55398,89,90,-1,1
55399,75,80,-5,5
55400,106,102,4,4
55401,68,69,-1,1
55402,69,64,5,5
55403,83,67,16,16
55404,85,104,-19,19
55405,130,133,-3,3
55406,64,66,-2,2
55407,44,38,6,6
55408,83,61,22,22
55409,54,91,-37,37
55410,130,103,27,27
55411,91,96,-5,5
55412,59,98,-39,39
55413,109,92,17,17
55414,145,116,29,29
55415,65,64,1,1
55416,50,45,5,5
55417,147,140,7,7
55418,90,89,1,1
55419,143,143,0,0
55420,97,110,-13,13
55421,111,108,3,3
55422,63,63,0,0
55423,70,56,14,14
55424,109,95,14,14
55425,108,120,-12,12
55426,149,146,3,3
55427,98,96,2,2
55428,137,124,13,13
55429,45,46,-1,1
55430,95,95,0,0
55431,59,79,-20,20
55432,71,65,6,6
55433,117,122,-5,5
55434,73,84,-11,11
55435,80,73,7,7
55436,168,142,26,26
55437,149,154,-5,5
55438,53,45,8,8
55439,65,66,-1,1
55440,160,139,21,21
55441,83,87,-4,4
55442,88,88,0,0
55443,98,85,13,13
55444,51,45,6,6
55445,54,50,4,4
55446,70,91,-21,21
55447,80,58,22,22
55448,169,147,22,22
55449,109,118,-9,9
55450,57,55,2,2
55451,119,113,6,6
55452,238,174,64,64
55453,132,133,-1,1
55454,78,96,-18,18
55455,88,96,-8,8
55456,85,93,-8,8
55457,27,90,-63,63
55458,62,74,-12,12
55459,131,122,9,9
55460,138,134,4,4
55461,43,110,-67,67
55462,58,69,-11,11
55463,76,76,0,0
55464,72,91,-19,19
55465,121,87,34,34
55466,107,106,1,1
55467,81,26,55,55
55468,49,58,-9,9
55469,113,80,33,33
55470,71,66,5,5
55471,44,44,0,0
55472,81,79,2,2
55473,73,67,6,6
55474,85,101,-16,16
55475,100,107,-7,7
55476,126,122,4,4
55477,96,99,-3,3
55478,67,63,4,4
55479,114,122,-8,8
55480,97,91,6,6
55481,185,168,17,17
55482,55,60,-5,5
55483,177,146,31,31
55484,85,106,-21,21
55485,117,118,-1,1
55486,157,143,14,14
55487,129,123,6,6
55488,94,103,-9,9
55489,87,100,-13,13
55490,139,136,3,3
55491,121,123,-2,2
55492,65,59,6,6
55493,58,60,-2,2
55494,98,97,1,1
55495,37,42,-5,5
55496,63,63,0,0
55497,193,148,45,45
55498,101,101,0,0
55499,69,95,-26,26
55500,133,131,2,2
55501,121,111,10,10
55502,91,91,0,0
55503,85,89,-4,4
55504,67,86,-19,19
55505,117,122,-5,5
55506,61,68,-7,7
55507,61,51,10,10
55508,97,106,-9,9
55509,81,85,-4,4
55510,89,104,-15,15
55511,58,60,-2,2
55512,80,85,-5,5
55513,96,97,-1,1
55514,87,91,-4,4
55515,69,71,-2,2
55516,116,124,-8,8
55517,138,141,-3,3
55518,65,100,-35,35
55519,90,88,2,2
55520,87,73,14,14
55521,102,103,-1,1
55522,79,89,-10,10
55523,146,139,7,7
55524,130,108,22,22
55525,127,124,3,3
55526,96,87,9,9
55527,80,77,3,3
55528,132,147,-15,15
55529,115,103,12,12
55530,81,92,-11,11
55531,86,100,-14,14
55532,105,106,-1,1
55533,130,142,-12,12
55534,84,106,-22,22
55535,52,99,-47,47
55536,72,62,10,10
55537,82,77,5,5
55538,115,129,-14,14
55539,100,101,-1,1
55540,102,101,1,1
55541,107,114,-7,7
55542,116,117,-1,1
55543,61,55,6,6
55544,95,93,2,2
55545,78,70,8,8
55546,78,103,-25,25
55547,79,66,13,13
55548,82,79,3,3
55549,71,86,-15,15
55550,128,118,10,10
55551,89,101,-12,12
55552,115,138,-23,23
55553,83,103,-20,20
55554,80,70,10,10
55555,79,106,-27,27
55556,69,83,-14,14
55557,123,122,1,1
55558,67,86,-19,19
55559,135,144,-9,9
55560,134,154,-20,20
55561,133,134,-1,1
55562,52,53,-1,1
55563,175,163,12,12
55564,95,95,0,0
55565,122,132,-10,10
55566,74,58,16,16
55567,73,86,-13,13
55568,53,68,-15,15
55569,69,78,-9,9
55570,103,116,-13,13
55571,45,41,4,4
55572,107,82,25,25
55573,49,64,-15,15
55574,132,121,11,11
55575,89,77,12,12
55576,62,61,1,1
55577,109,112,-3,3
55578,81,89,-8,8
55579,72,76,-4,4
55580,52,53,-1,1
55581,74,77,-3,3
55582,36,31,5,5
55583,68,68,0,0
55584,73,72,1,1
55585,89,81,8,8
55586,63,59,4,4
55587,69,70,-1,1
55588,103,117,-14,14
55589,53,62,-9,9
55590,103,104,-1,1
55591,108,102,6,6
55592,109,157,-48,48
55593,187,161,26,26
55594,69,75,-6,6
55595,124,109,15,15
55596,117,122,-5,5
55597,94,92,2,2
55598,44,64,-20,20
55599,120,122,-2,2
55600,140,140,0,0
55601,131,124,7,7
55602,100,102,-2,2
55603,147,148,-1,1
55604,55,54,1,1
55605,126,140,-14,14
55606,84,100,-16,16
55607,81,81,0,0
55608,110,72,38,38
55609,68,72,-4,4
55610,90,86,4,4
55611,79,66,13,13
55612,108,111,-3,3
55613,69,75,-6,6
55614,67,74,-7,7
55615,151,151,0,0
55616,121,130,-9,9
55617,67,94,-27,27
55618,100,103,-3,3
55619,105,110,-5,5
55620,105,121,-16,16
55621,92,101,-9,9
55622,107,125,-18,18
55623,163,147,16,16
55624,110,112,-2,2
55625,115,96,19,19
55626,93,98,-5,5
55627,143,129,14,14
55628,105,83,22,22
55629,102,95,7,7
55630,54,45,9,9
55631,117,118,-1,1
55632,94,98,-4,4
55633,121,109,12,12
55634,51,60,-9,9
55635,93,96,-3,3
55636,136,140,-4,4
55637,75,66,9,9
55638,83,67,16,16
55639,90,81,9,9
55640,110,110,0,0
55641,69,59,10,10
55642,110,117,-7,7
55643,78,87,-9,9
55644,85,82,3,3
55645,89,97,-8,8
55646,86,102,-16,16
55647,106,108,-2,2
55648,102,106,-4,4
55649,52,68,-16,16
55650,207,182,25,25
55651,93,85,8,8
55652,113,119,-6,6
55653,97,110,-13,13
55654,80,98,-18,18
55655,118,140,-22,22
55656,90,94,-4,4
55657,88,110,-22,22
55658,96,96,0,0
55659,103,113,-10,10
55660,65,62,3,3
55661,48,45,3,3
55662,85,79,6,6
55663,104,97,7,7
55664,54,61,-7,7
55665,89,84,5,5
55666,132,128,4,4
55667,83,75,8,8
55668,80,92,-12,12
55669,76,80,-4,4
55670,67,57,10,10
55671,89,91,-2,2
55672,149,151,-2,2
55673,106,123,-17,17
55674,149,148,1,1
55675,52,67,-15,15
55676,58,57,1,1
55677,70,85,-15,15
55678,78,86,-8,8
55679,212,185,27,27
55680,105,42,63,63
55681,101,96,5,5
55682,107,103,4,4
55683,145,144,1,1
55684,77,69,8,8
55685,108,98,10,10
55686,97,98,-1,1
55687,90,82,8,8
55688,104,108,-4,4
55689,99,104,-5,5
55690,94,97,-3,3
55691,105,108,-3,3
55692,69,79,-10,10
55693,81,88,-7,7
55694,88,52,36,36
55695,112,120,-8,8
55696,93,96,-3,3
55697,130,132,-2,2
55698,145,128,17,17
55699,130,117,13,13
55700,62,79,-17,17
55701,99,102,-3,3
55702,67,54,13,13
55703,129,124,5,5
55704,72,73,-1,1
55705,96,87,9,9
55706,76,80,-4,4
55707,102,110,-8,8
55708,81,74,7,7
55709,157,155,2,2
55710,100,106,-6,6
55711,122,118,4,4
55712,65,71,-6,6
55713,82,72,10,10
55714,95,87,8,8
55715,133,139,-6,6
55716,108,83,25,25
55717,81,87,-6,6
55718,91,102,-11,11
55719,134,131,3,3
55720,146,137,9,9
55721,93,98,-5,5
55722,53,45,8,8
55723,108,103,5,5
55724,93,96,-3,3
55725,99,93,6,6
55726,158,144,14,14
55727,66,63,3,3
55728,66,69,-3,3
55729,83,90,-7,7
55730,103,103,0,0
55731,54,40,14,14
55732,144,138,6,6
55733,88,121,-33,33
55734,105,91,14,14
55735,115,114,1,1
55736,125,123,2,2
55737,67,77,-10,10
55738,193,156,37,37
55739,127,111,16,16
55740,29,34,-5,5
55741,86,80,6,6
55742,121,127,-6,6
55743,94,90,4,4
55744,125,123,2,2
55745,174,178,-4,4
55746,163,131,32,32
55747,128,114,14,14
55748,155,146,9,9
55749,123,133,-10,10
55750,100,94,6,6
55751,80,83,-3,3
55752,121,115,6,6
55753,31,20,11,11
55754,96,93,3,3
55755,80,80,0,0
55756,83,79,4,4
55757,82,80,2,2
55758,97,98,-1,1
55759,72,82,-10,10
55760,69,80,-11,11
55761,86,93,-7,7
55762,73,84,-11,11
55763,100,107,-7,7
55764,66,63,3,3
55765,83,74,9,9
55766,92,104,-12,12
55767,68,69,-1,1
55768,118,121,-3,3
55769,97,99,-2,2
55770,62,70,-8,8
55771,78,74,4,4
55772,48,56,-8,8
55773,98,94,4,4
55774,71,64,7,7
55775,62,67,-5,5
55776,45,66,-21,21
55777,122,129,-7,7
55778,91,88,3,3
55779,71,138,-67,67
55780,68,64,4,4
55781,118,129,-11,11
55782,79,75,4,4
55783,120,129,-9,9
55784,134,147,-13,13
55785,72,78,-6,6
55786,92,92,0,0
55787,49,108,-59,59
55788,100,96,4,4
55789,90,94,-4,4
55790,71,87,-16,16
55791,83,89,-6,6
55792,71,103,-32,32
55793,90,107,-17,17
55794,168,159,9,9
55795,68,78,-10,10
55796,50,61,-11,11
55797,59,50,9,9
55798,52,87,-35,35
55799,104,115,-11,11
55800,95,106,-11,11
55801,57,60,-3,3
55802,211,189,22,22
55803,58,62,-4,4
55804,125,125,0,0
55805,99,90,9,9
55806,88,96,-8,8
55807,182,138,44,44
55808,99,105,-6,6
55809,66,52,14,14
55810,169,140,29,29
55811,105,113,-8,8
55812,92,99,-7,7
55813,110,110,0,0
55814,111,118,-7,7
55815,95,91,4,4
55816,74,77,-3,3
55817,135,124,11,11
55818,51,99,-48,48
55819,78,77,1,1
55820,118,131,-13,13
55821,118,122,-4,4
55822,104,106,-2,2
55823,37,32,5,5
55824,96,97,-1,1
55825,93,90,3,3
55826,60,84,-24,24
55827,102,100,2,2
55828,112,131,-19,19
55829,73,89,-16,16
55830,142,134,8,8
55831,67,71,-4,4
55832,69,76,-7,7
55833,103,144,-41,41
55834,42,88,-46,46
55835,99,90,9,9
55836,181,163,18,18
55837,94,94,0,0
55838,83,83,0,0
55839,98,91,7,7
55840,151,147,4,4
55841,149,132,17,17
55842,92,96,-4,4
55843,129,131,-2,2
55844,79,72,7,7
55845,119,126,-7,7
55846,159,143,16,16
55847,63,68,-5,5
55848,74,61,13,13
55849,141,153,-12,12
55850,133,130,3,3
55851,106,112,-6,6
55852,180,170,10,10
55853,152,136,16,16
55854,85,89,-4,4
55855,118,99,19,19
55856,127,132,-5,5
55857,143,151,-8,8
55858,80,103,-23,23
55859,123,118,5,5
55860,131,112,19,19
55861,53,47,6,6
55862,83,84,-1,1
55863,97,90,7,7
55864,120,117,3,3
55865,71,76,-5,5
55866,127,120,7,7
55867,68,65,3,3
55868,79,81,-2,2
55869,104,127,-23,23
55870,139,130,9,9
55871,143,160,-17,17
55872,102,120,-18,18
55873,75,82,-7,7
55874,105,113,-8,8
55875,71,66,5,5
55876,52,54,-2,2
55877,73,96,-23,23
55878,95,84,11,11
55879,84,73,11,11
55880,77,86,-9,9
55881,63,78,-15,15
55882,80,92,-12,12
55883,111,112,-1,1
55884,146,121,25,25
55885,136,136,0,0
55886,58,62,-4,4
55887,77,78,-1,1
55888,74,105,-31,31
55889,157,159,-2,2
55890,113,111,2,2
55891,88,91,-3,3
55892,98,114,-16,16
55893,70,69,1,1
55894,70,94,-24,24
55895,95,91,4,4
55896,113,101,12,12
55897,65,71,-6,6
55898,82,76,6,6
55899,89,95,-6,6
55900,90,84,6,6
55901,75,108,-33,33
55902,73,69,4,4
55903,45,55,-10,10
55904,75,93,-18,18
55905,89,102,-13,13
55906,127,120,7,7
55907,189,187,2,2
55908,132,130,2,2
55909,95,98,-3,3
55910,113,112,1,1
55911,81,81,0,0
55912,121,130,-9,9
55913,73,84,-11,11
55914,107,118,-11,11
55915,72,53,19,19
55916,110,123,-13,13
55917,69,65,4,4
55918,149,144,5,5
55919,63,66,-3,3
55920,115,113,2,2
55921,105,96,9,9
55922,88,91,-3,3
55923,65,64,1,1
55924,87,86,1,1
55925,94,98,-4,4
55926,125,129,-4,4
55927,93,79,14,14
55928,112,114,-2,2
55929,103,116,-13,13
55930,117,112,5,5
55931,95,103,-8,8
55932,76,42,34,34
55933,94,105,-11,11
55934,50,45,5,5
55935,115,110,5,5
55936,105,41,64,64
55937,108,107,1,1
55938,141,145,-4,4
55939,102,79,23,23
55940,58,69,-11,11
55941,108,111,-3,3
55942,89,87,2,2
55943,71,72,-1,1
55944,59,44,15,15
55945,89,83,6,6
55946,57,49,8,8
55947,106,98,8,8
55948,161,147,14,14
55949,92,95,-3,3
55950,66,78,-12,12
55951,82,90,-8,8
55952,84,79,5,5
55953,115,107,8,8
55954,110,95,15,15
55955,135,133,2,2
55956,93,97,-4,4
55957,134,154,-20,20
55958,105,88,17,17
55959,79,74,5,5
55960,25,36,-11,11
55961,124,133,-9,9
55962,29,15,14,14
55963,96,93,3,3
55964,125,127,-2,2
55965,52,73,-21,21
55966,101,109,-8,8
55967,70,75,-5,5
55968,98,99,-1,1
55969,77,65,12,12
55970,167,157,10,10
55971,82,79,3,3
55972,91,96,-5,5
55973,70,76,-6,6
55974,74,106,-32,32
55975,121,123,-2,2
55976,46,38,8,8
55977,76,92,-16,16
55978,111,107,4,4
55979,58,72,-14,14
55980,65,55,10,10
55981,53,57,-4,4
55982,109,116,-7,7
55983,80,81,-1,1
55984,88,96,-8,8
55985,110,110,0,0
55986,98,95,3,3
55987,97,95,2,2
55988,128,120,8,8
55989,144,135,9,9
55990,82,93,-11,11
55991,131,118,13,13
55992,100,116,-16,16
55993,95,96,-1,1
55994,108,110,-2,2
55995,82,96,-14,14
55996,73,68,5,5
55997,94,100,-6,6
55998,99,107,-8,8
55999,88,90,-2,2
56000,157,160,-3,3
56001,75,76,-1,1
56002,95,114,-19,19
56003,82,87,-5,5
56004,160,172,-12,12
56005,146,150,-4,4
56006,166,178,-12,12
56007,76,81,-5,5
56008,139,140,-1,1
56009,110,106,4,4
56010,118,125,-7,7
56011,122,102,20,20
56012,50,62,-12,12
56013,59,51,8,8
56014,112,108,4,4
56015,108,122,-14,14
56016,42,53,-11,11
56017,112,113,-1,1
56018,126,118,8,8
56019,88,93,-5,5
56020,121,104,17,17
56021,83,79,4,4
56022,95,96,-1,1
56023,98,98,0,0
56024,104,109,-5,5
56025,66,35,31,31
56026,129,140,-11,11
56027,85,91,-6,6
56028,101,93,8,8
56029,68,25,43,43
56030,86,89,-3,3
56031,79,77,2,2
56032,91,100,-9,9
56033,113,124,-11,11
56034,149,145,4,4
56035,76,83,-7,7
56036,107,109,-2,2
56037,110,108,2,2
56038,75,74,1,1
56039,100,112,-12,12
56040,110,117,-7,7
56041,115,98,17,17
56042,128,134,-6,6
56043,177,143,34,34
56044,105,101,4,4
56045,79,142,-63,63
56046,126,127,-1,1
56047,135,135,0,0
56048,66,77,-11,11
56049,148,143,5,5
56050,128,112,16,16
56051,106,102,4,4
56052,99,80,19,19
56053,73,51,22,22
56054,64,73,-9,9
56055,98,122,-24,24
56056,111,109,2,2
56057,124,135,-11,11
56058,117,113,4,4
56059,94,98,-4,4
56060,86,80,6,6
56061,80,75,5,5
56062,105,111,-6,6
56063,77,81,-4,4
56064,101,115,-14,14
56065,118,113,5,5
56066,130,94,36,36
56067,97,88,9,9
56068,77,85,-8,8
56069,76,89,-13,13
56070,122,129,-7,7
56071,116,141,-25,25
56072,67,83,-16,16
56073,109,103,6,6
56074,62,78,-16,16
56075,95,79,16,16
56076,130,129,1,1
56077,49,68,-19,19
56078,64,57,7,7
56079,84,83,1,1
56080,147,116,31,31
56081,121,109,12,12
56082,158,155,3,3
56083,105,95,10,10
56084,99,97,2,2
56085,108,117,-9,9
56086,159,147,12,12
56087,87,81,6,6
56088,128,131,-3,3
56089,58,69,-11,11
56090,110,112,-2,2
56091,187,149,38,38
56092,87,84,3,3
56093,143,151,-8,8
56094,84,61,23,23
56095,132,135,-3,3
56096,74,80,-6,6
56097,109,113,-4,4
56098,86,121,-35,35
56099,111,95,16,16
56100,49,54,-5,5
56101,73,83,-10,10
56102,125,132,-7,7
56103,75,69,6,6
56104,78,81,-3,3
56105,99,86,13,13
56106,103,118,-15,15
56107,106,108,-2,2
56108,57,52,5,5
56109,139,137,2,2
56110,90,87,3,3
56111,67,81,-14,14
56112,60,72,-12,12
56113,46,32,14,14
56114,56,100,-44,44
56115,135,129,6,6
56116,52,47,5,5
56117,102,95,7,7
56118,79,81,-2,2
56119,75,78,-3,3
56120,118,119,-1,1
56121,107,130,-23,23
56122,24,2,22,22
56123,102,104,-2,2
56124,78,89,-11,11
56125,94,91,3,3
56126,109,92,17,17
56127,139,134,5,5
56128,105,111,-6,6
56129,155,154,1,1
56130,53,39,14,14
56131,82,83,-1,1
56132,159,171,-12,12
56133,105,94,11,11
56134,102,104,-2,2
56135,78,79,-1,1
56136,67,71,-4,4
56137,149,154,-5,5
56138,84,83,1,1
56139,87,91,-4,4
56140,132,132,0,0
56141,83,86,-3,3
56142,75,68,7,7
56143,99,101,-2,2
56144,77,111,-34,34
56145,97,83,14,14
56146,132,127,5,5
56147,105,78,27,27
56148,105,91,14,14
56149,59,60,-1,1
56150,69,75,-6,6
56151,120,115,5,5
56152,59,65,-6,6
56153,105,98,7,7
56154,81,87,-6,6
56155,156,166,-10,10
56156,62,54,8,8
56157,63,74,-11,11
56158,156,151,5,5
56159,48,143,-95,95
56160,81,81,0,0
56161,78,91,-13,13
56162,72,84,-12,12
56163,110,115,-5,5
56164,76,96,-20,20
56165,82,78,4,4
56166,76,86,-10,10
56167,106,108,-2,2
56168,109,118,-9,9
56169,96,103,-7,7
56170,129,127,2,2
56171,71,83,-12,12
56172,124,143,-19,19
56173,107,103,4,4
56174,97,102,-5,5
56175,113,121,-8,8
56176,152,118,34,34
56177,91,121,-30,30
56178,78,76,2,2
56179,158,136,22,22
56180,117,107,10,10
56181,97,92,5,5
56182,83,78,5,5
56183,132,124,8,8
56184,79,70,9,9
56185,101,106,-5,5
56186,135,109,26,26
56187,96,83,13,13
56188,82,67,15,15
56189,70,100,-30,30
56190,110,105,5,5
56191,141,118,23,23
56192,61,55,6,6
56193,97,81,16,16
56194,119,89,30,30
56195,67,68,-1,1
56196,92,107,-15,15
56197,84,76,8,8
56198,65,77,-12,12
56199,84,90,-6,6
56200,124,113,11,11
56201,135,103,32,32
56202,146,123,23,23
56203,109,110,-1,1
56204,145,150,-5,5
56205,89,82,7,7
56206,136,123,13,13
56207,85,80,5,5
56208,55,61,-6,6
56209,92,111,-19,19
56210,61,73,-12,12
56211,132,128,4,4
56212,65,93,-28,28
56213,112,126,-14,14
56214,107,109,-2,2
56215,48,26,22,22
56216,55,60,-5,5
56217,109,109,0,0
56218,136,131,5,5
56219,94,98,-4,4
56220,45,45,0,0
56221,139,128,11,11
56222,72,78,-6,6
56223,156,140,16,16
56224,58,51,7,7
56225,96,79,17,17
56226,83,85,-2,2
56227,94,88,6,6
56228,29,4,25,25
56229,124,128,-4,4
56230,71,78,-7,7
56231,146,126,20,20
56232,97,75,22,22
56233,104,105,-1,1
56234,32,44,-12,12
56235,140,104,36,36
56236,57,57,0,0
56237,112,113,-1,1
56238,70,72,-2,2
56239,92,65,27,27
56240,57,67,-10,10
56241,107,117,-10,10
56242,76,71,5,5
56243,81,83,-2,2
56244,115,131,-16,16
56245,22,64,-42,42
56246,96,116,-20,20
56247,84,101,-17,17
56248,103,106,-3,3
56249,126,113,13,13
56250,76,92,-16,16
56251,159,144,15,15
56252,74,63,11,11
56253,87,85,2,2
56254,46,70,-24,24
56255,33,14,19,19
56256,76,68,8,8
56257,98,111,-13,13
56258,73,82,-9,9
56259,105,102,3,3
56260,51,64,-13,13
56261,94,68,26,26
56262,54,65,-11,11
56263,86,94,-8,8
56264,60,70,-10,10
56265,144,141,3,3
56266,74,62,12,12
56267,90,24,66,66
56268,100,107,-7,7
56269,107,113,-6,6
56270,129,95,34,34
56271,133,141,-8,8
56272,70,78,-8,8
56273,101,90,11,11
56274,60,70,-10,10
56275,200,175,25,25
56276,64,70,-6,6
56277,143,137,6,6
56278,90,92,-2,2
56279,72,71,1,1
56280,85,94,-9,9
56281,136,135,1,1
56282,94,103,-9,9
56283,135,130,5,5
56284,102,95,7,7
56285,71,93,-22,22
56286,74,85,-11,11
56287,122,130,-8,8
56288,86,89,-3,3
56289,40,47,-7,7
56290,109,109,0,0
56291,113,102,11,11
56292,110,105,5,5
56293,68,96,-28,28
56294,130,107,23,23
56295,89,89,0,0
56296,106,106,0,0
56297,98,79,19,19
56298,71,58,13,13
56299,128,113,15,15
56300,158,139,19,19
56301,82,77,5,5
56302,42,31,11,11
56303,67,59,8,8
56304,107,113,-6,6
56305,77,88,-11,11
56306,113,96,17,17
56307,73,80,-7,7
56308,189,177,12,12
56309,101,122,-21,21
56310,117,125,-8,8
56311,113,126,-13,13
56312,81,83,-2,2
56313,113,108,5,5
56314,108,109,-1,1
56315,133,153,-20,20
56316,117,116,1,1
56317,119,126,-7,7
56318,72,65,7,7
56319,72,100,-28,28
56320,105,117,-12,12
56321,70,84,-14,14
56322,66,65,1,1
56323,152,135,17,17
56324,89,89,0,0
56325,20,0,20,20
56326,72,76,-4,4
56327,89,71,18,18
56328,83,109,-26,26
56329,121,129,-8,8
56330,119,115,4,4
56331,101,107,-6,6
56332,84,82,2,2
56333,78,88,-10,10
56334,166,153,13,13
56335,117,119,-2,2
56336,141,144,-3,3
56337,123,117,6,6
56338,162,143,19,19
56339,50,74,-24,24
56340,60,56,4,4
56341,86,97,-11,11
56342,70,63,7,7
56343,129,129,0,0
56344,65,77,-12,12
56345,75,86,-11,11
56346,91,76,15,15
56347,55,61,-6,6
56348,82,85,-3,3
56349,102,110,-8,8
56350,74,75,-1,1
56351,84,79,5,5
56352,128,123,5,5
56353,91,83,8,8
56354,120,138,-18,18
56355,85,98,-13,13
56356,108,118,-10,10
56357,72,63,9,9
56358,90,86,4,4
56359,85,97,-12,12
56360,112,112,0,0
56361,148,119,29,29
56362,105,113,-8,8
56363,44,37,7,7
56364,42,66,-24,24
56365,103,99,4,4
56366,93,81,12,12
56367,63,65,-2,2
56368,169,162,7,7
56369,65,76,-11,11
56370,74,79,-5,5
56371,99,99,0,0
56372,129,134,-5,5
56373,93,97,-4,4
56374,139,133,6,6
56375,64,106,-42,42
56376,93,105,-12,12
56377,53,90,-37,37
56378,110,106,4,4
56379,97,100,-3,3
56380,170,114,56,56
56381,56,60,-4,4
56382,172,171,1,1
56383,71,72,-1,1
56384,161,148,13,13
56385,130,143,-13,13
56386,101,105,-4,4
56387,107,113,-6,6
56388,101,105,-4,4
56389,64,83,-19,19
56390,75,87,-12,12
56391,128,146,-18,18
56392,80,69,11,11
56393,129,138,-9,9
56394,54,64,-10,10
56395,71,84,-13,13
56396,55,56,-1,1
56397,91,110,-19,19
56398,119,86,33,33
56399,94,92,2,2
56400,158,148,10,10
56401,60,71,-11,11
56402,158,157,1,1
56403,56,49,7,7
56404,121,127,-6,6
56405,79,84,-5,5
56406,120,118,2,2
56407,64,85,-21,21
56408,62,95,-33,33
56409,80,71,9,9
56410,135,124,11,11
56411,102,127,-25,25
56412,115,109,6,6
56413,142,155,-13,13
56414,115,126,-11,11
56415,119,132,-13,13
56416,138,127,11,11
56417,97,80,17,17
56418,80,82,-2,2
56419,97,105,-8,8
56420,111,112,-1,1
56421,91,97,-6,6
56422,95,107,-12,12
56423,91,92,-1,1
56424,101,89,12,12
56425,130,131,-1,1
56426,89,82,7,7
56427,86,94,-8,8
56428,178,164,14,14
56429,168,157,11,11
56430,63,119,-56,56
56431,69,65,4,4
56432,186,169,17,17
56433,143,144,-1,1
56434,76,54,22,22
56435,87,97,-10,10
56436,46,52,-6,6
56437,81,81,0,0
56438,43,35,8,8
56439,125,81,44,44
56440,190,182,8,8
56441,112,109,3,3
56442,161,165,-4,4
56443,119,118,1,1
56444,98,92,6,6
56445,122,119,3,3
56446,94,98,-4,4
56447,68,86,-18,18
56448,103,87,16,16
56449,126,103,23,23
56450,75,70,5,5
56451,123,115,8,8
56452,81,75,6,6
56453,144,160,-16,16
56454,53,49,4,4
56455,164,134,30,30
56456,60,77,-17,17
56457,117,107,10,10
56458,121,132,-11,11
56459,90,98,-8,8
56460,86,92,-6,6
56461,63,68,-5,5
56462,147,149,-2,2
56463,103,100,3,3
56464,68,76,-8,8
56465,91,79,12,12
56466,81,75,6,6
56467,71,79,-8,8
56468,63,56,7,7
56469,123,105,18,18
56470,105,101,4,4
56471,81,87,-6,6
56472,112,119,-7,7
56473,78,86,-8,8
56474,85,88,-3,3
56475,118,129,-11,11
56476,65,64,1,1
56477,127,132,-5,5
56478,83,100,-17,17
56479,91,83,8,8
56480,62,72,-10,10
56481,75,82,-7,7
56482,88,83,5,5
56483,163,166,-3,3
56484,48,61,-13,13
56485,93,110,-17,17
56486,85,91,-6,6
56487,142,133,9,9
56488,93,96,-3,3
56489,73,72,1,1
56490,65,62,3,3
56491,83,86,-3,3
56492,77,89,-12,12
56493,113,113,0,0
56494,121,123,-2,2
56495,71,71,0,0
56496,64,74,-10,10
56497,70,87,-17,17
56498,155,86,69,69
56499,59,58,1,1
56500,80,91,-11,11
56501,80,88,-8,8
56502,59,47,12,12
56503,83,79,4,4
56504,68,71,-3,3
56505,77,88,-11,11
56506,121,133,-12,12
56507,63,71,-8,8
56508,82,78,4,4
56509,145,146,-1,1
56510,63,72,-9,9
56511,124,128,-4,4
56512,83,93,-10,10
56513,175,168,7,7
56514,185,168,17,17
56515,65,73,-8,8
56516,61,74,-13,13
56517,76,85,-9,9
56518,75,77,-2,2
56519,74,89,-15,15
56520,136,127,9,9
56521,47,90,-43,43
56522,66,60,6,6
56523,131,125,6,6
56524,123,108,15,15
56525,118,117,1,1
56526,58,62,-4,4
56527,89,81,8,8
56528,156,144,12,12
56529,55,61,-6,6
56530,115,111,4,4
56531,111,112,-1,1
56532,116,120,-4,4
56533,62,74,-12,12
56534,108,92,16,16
56535,120,141,-21,21
56536,112,110,2,2
56537,56,76,-20,20
56538,142,148,-6,6
56539,91,87,4,4
56540,86,84,2,2
56541,121,124,-3,3
56542,80,74,6,6
56543,103,120,-17,17
56544,76,87,-11,11
56545,100,113,-13,13
56546,94,97,-3,3
56547,117,135,-18,18
56548,84,85,-1,1
56549,87,85,2,2
56550,127,116,11,11
56551,90,61,29,29
56552,96,94,2,2
56553,56,60,-4,4
56554,74,83,-9,9
56555,98,106,-8,8
56556,107,116,-9,9
56557,125,103,22,22
56558,66,65,1,1
56559,91,108,-17,17
56560,154,140,14,14
56561,151,89,62,62
56562,77,75,2,2
56563,60,69,-9,9
56564,72,76,-4,4
56565,132,106,26,26
56566,74,63,11,11
56567,63,72,-9,9
56568,129,134,-5,5
56569,169,164,5,5
56570,88,102,-14,14
56571,129,107,22,22
56572,140,130,10,10
56573,80,86,-6,6
56574,94,93,1,1
56575,49,54,-5,5
56576,145,139,6,6
56577,97,105,-8,8
56578,94,97,-3,3
56579,83,79,4,4
56580,135,132,3,3
56581,103,98,5,5
56582,40,41,-1,1
56583,119,123,-4,4
56584,60,61,-1,1
56585,44,29,15,15
56586,104,97,7,7
56587,49,59,-10,10
56588,70,74,-4,4
56589,59,67,-8,8
56590,114,130,-16,16
56591,65,85,-20,20
56592,60,65,-5,5
56593,121,130,-9,9
56594,115,114,1,1
56595,75,71,4,4
56596,74,75,-1,1
56597,103,111,-8,8
56598,59,71,-12,12
56599,125,135,-10,10
56600,94,98,-4,4
56601,73,73,0,0
56602,54,50,4,4
56603,58,61,-3,3
56604,174,173,1,1
56605,46,54,-8,8
56606,79,84,-5,5
56607,108,89,19,19
56608,50,70,-20,20
56609,120,113,7,7
56610,159,164,-5,5
56611,171,164,7,7
56612,81,88,-7,7
56613,85,93,-8,8
56614,118,135,-17,17
56615,73,78,-5,5
56616,114,100,14,14
56617,77,75,2,2
56618,150,130,20,20
56619,72,97,-25,25
56620,64,85,-21,21
56621,85,98,-13,13
56622,112,129,-17,17
56623,57,62,-5,5
56624,101,80,21,21
56625,83,78,5,5
56626,74,76,-2,2
56627,142,137,5,5
56628,111,104,7,7
56629,135,133,2,2
56630,64,69,-5,5
56631,75,71,4,4
56632,188,184,4,4
56633,63,112,-49,49
56634,124,114,10,10
56635,42,51,-9,9
56636,136,126,10,10
56637,50,65,-15,15
56638,87,77,10,10
56639,140,124,16,16
56640,94,92,2,2
56641,94,94,0,0
56642,61,83,-22,22
56643,86,82,4,4
56644,126,119,7,7
56645,63,77,-14,14
56646,82,72,10,10
56647,140,137,3,3
56648,134,134,0,0
56649,79,81,-2,2
56650,126,140,-14,14
56651,101,102,-1,1
56652,103,111,-8,8
56653,70,68,2,2
56654,85,81,4,4
56655,84,96,-12,12
56656,58,73,-15,15
56657,139,146,-7,7
56658,67,84,-17,17
56659,101,99,2,2
56660,83,94,-11,11
56661,66,56,10,10
56662,59,60,-1,1
56663,77,89,-12,12
56664,53,53,0,0
56665,130,135,-5,5
56666,59,72,-13,13
56667,94,99,-5,5
56668,120,120,0,0
56669,108,105,3,3
56670,95,91,4,4
56671,67,62,5,5
56672,103,115,-12,12
56673,68,68,0,0
56674,82,86,-4,4
56675,111,126,-15,15
56676,78,75,3,3
56677,59,59,0,0
56678,72,80,-8,8
56679,101,94,7,7
56680,77,83,-6,6
56681,65,66,-1,1
56682,64,82,-18,18
56683,57,72,-15,15
56684,95,109,-14,14
56685,68,73,-5,5
56686,137,115,22,22
56687,65,67,-2,2
56688,82,81,1,1
56689,73,73,0,0
56690,96,113,-17,17
56691,110,71,39,39
56692,139,128,11,11
56693,87,73,14,14
56694,113,102,11,11
56695,40,18,22,22
56696,81,88,-7,7
56697,51,61,-10,10
56698,173,159,14,14
56699,72,91,-19,19
56700,107,106,1,1
56701,112,116,-4,4
56702,125,128,-3,3
56703,56,67,-11,11
56704,141,130,11,11
56705,150,143,7,7
56706,136,142,-6,6
56707,127,129,-2,2
56708,132,146,-14,14
56709,96,92,4,4
56710,35,53,-18,18
56711,86,75,11,11
56712,108,99,9,9
56713,149,151,-2,2
56714,103,111,-8,8
56715,144,158,-14,14
56716,135,103,32,32
56717,112,107,5,5
56718,86,105,-19,19
56719,54,51,3,3
56720,78,80,-2,2
56721,72,85,-13,13
56722,87,93,-6,6
56723,79,91,-12,12
56724,109,134,-25,25
56725,120,114,6,6
56726,173,138,35,35
56727,57,67,-10,10
56728,40,37,3,3
56729,82,95,-13,13
56730,70,74,-4,4
56731,86,107,-21,21
56732,98,107,-9,9
56733,134,147,-13,13
56734,45,47,-2,2
56735,129,138,-9,9
56736,68,92,-24,24
56737,91,97,-6,6
56738,113,106,7,7
56739,52,61,-9,9
56740,94,89,5,5
56741,94,108,-14,14
56742,113,112,1,1
56743,128,118,10,10
56744,99,112,-13,13
56745,105,93,12,12
56746,86,113,-27,27
56747,148,146,2,2
56748,138,126,12,12
56749,99,81,18,18
56750,94,101,-7,7
56751,73,80,-7,7
56752,153,141,12,12
56753,95,110,-15,15
56754,118,128,-10,10
56755,129,126,3,3
56756,50,79,-29,29
56757,123,135,-12,12
56758,142,137,5,5
56759,123,127,-4,4
56760,148,119,29,29
56761,107,115,-8,8
56762,98,111,-13,13
56763,112,110,2,2
56764,137,130,7,7
56765,106,117,-11,11
56766,97,96,1,1
56767,96,102,-6,6
56768,245,209,36,36
56769,115,119,-4,4
56770,81,102,-21,21
56771,130,93,37,37
56772,86,86,0,0
56773,128,123,5,5
56774,73,79,-6,6
56775,110,106,4,4
56776,130,118,12,12
56777,97,102,-5,5
56778,80,93,-13,13
56779,91,92,-1,1
56780,88,88,0,0
56781,105,103,2,2
56782,75,90,-15,15
56783,93,109,-16,16
56784,115,103,12,12
56785,133,132,1,1
56786,142,90,52,52
56787,62,92,-30,30
56788,78,101,-23,23
56789,91,79,12,12
56790,102,98,4,4
56791,109,115,-6,6
56792,102,105,-3,3
56793,90,95,-5,5
56794,135,122,13,13
56795,31,51,-20,20
56796,143,140,3,3
56797,123,128,-5,5
56798,102,100,2,2
56799,59,59,0,0
56800,83,97,-14,14
56801,99,127,-28,28
56802,50,94,-44,44
56803,168,140,28,28
56804,80,83,-3,3
56805,104,127,-23,23
56806,117,99,18,18
56807,113,117,-4,4
56808,73,66,7,7
56809,72,87,-15,15
56810,144,118,26,26
56811,131,131,0,0
56812,107,128,-21,21
56813,85,91,-6,6
56814,58,69,-11,11
56815,67,68,-1,1
56816,62,61,1,1
56817,63,66,-3,3
56818,148,146,2,2
56819,139,124,15,15
56820,82,103,-21,21
56821,133,133,0,0
56822,70,80,-10,10
56823,99,102,-3,3
56824,115,117,-2,2
56825,121,128,-7,7
56826,107,120,-13,13
56827,113,108,5,5
56828,61,82,-21,21
56829,80,50,30,30
56830,78,80,-2,2
56831,68,77,-9,9
56832,122,139,-17,17
56833,109,69,40,40
56834,71,74,-3,3
56835,60,73,-13,13
56836,125,124,1,1
56837,68,25,43,43
56838,114,116,-2,2
56839,93,87,6,6
56840,75,75,0,0
56841,99,89,10,10
56842,133,110,23,23
56843,78,89,-11,11
56844,45,44,1,1
56845,87,94,-7,7
56846,72,100,-28,28
56847,129,127,2,2
56848,93,95,-2,2
56849,95,113,-18,18
56850,119,121,-2,2
56851,96,86,10,10
56852,45,65,-20,20
56853,151,141,10,10
56854,75,76,-1,1
56855,84,81,3,3
56856,75,71,4,4
56857,97,132,-35,35
56858,79,77,2,2
56859,132,139,-7,7
56860,108,107,1,1
56861,115,109,6,6
56862,89,101,-12,12
56863,84,117,-33,33
56864,132,136,-4,4
56865,94,94,0,0
56866,182,186,-4,4
56867,170,151,19,19
56868,93,98,-5,5
56869,70,74,-4,4
56870,38,41,-3,3
56871,102,114,-12,12
56872,139,128,11,11
56873,97,99,-2,2
56874,87,91,-4,4
56875,86,94,-8,8
56876,76,89,-13,13
56877,91,89,2,2
56878,81,76,5,5
56879,86,58,28,28
56880,90,92,-2,2
56881,73,73,0,0
56882,122,124,-2,2
56883,81,73,8,8
56884,182,169,13,13
56885,73,72,1,1
56886,108,105,3,3
56887,70,53,17,17
56888,170,152,18,18
56889,98,96,2,2
56890,83,88,-5,5
56891,89,106,-17,17
56892,79,75,4,4
56893,77,87,-10,10
56894,82,84,-2,2
56895,79,78,1,1
56896,165,146,19,19
56897,57,89,-32,32
56898,94,106,-12,12
56899,101,98,3,3
56900,170,164,6,6
56901,68,76,-8,8
56902,121,119,2,2
56903,137,131,6,6
56904,72,62,10,10
56905,109,109,0,0
56906,81,73,8,8
56907,71,71,0,0
56908,135,139,-4,4
56909,105,116,-11,11
56910,101,100,1,1
56911,71,87,-16,16
56912,93,100,-7,7
56913,75,78,-3,3
56914,68,129,-61,61
56915,107,106,1,1
56916,76,58,18,18
56917,127,120,7,7
56918,117,136,-19,19
56919,123,105,18,18
56920,158,165,-7,7
56921,96,88,8,8
56922,44,53,-9,9
56923,100,99,1,1
56924,69,76,-7,7
56925,77,90,-13,13
56926,66,81,-15,15
56927,71,74,-3,3
56928,117,96,21,21
56929,103,115,-12,12
56930,99,94,5,5
56931,131,140,-9,9
56932,50,72,-22,22
56933,39,49,-10,10
56934,74,85,-11,11
56935,51,49,2,2
56936,91,97,-6,6
56937,104,116,-12,12
56938,76,71,5,5
56939,126,118,8,8
56940,79,89,-10,10
56941,88,98,-10,10
56942,103,98,5,5
56943,156,148,8,8
56944,153,140,13,13
56945,82,77,5,5
56946,69,85,-16,16
56947,85,112,-27,27
56948,90,106,-16,16
56949,118,121,-3,3
56950,113,116,-3,3
56951,63,67,-4,4
56952,39,46,-7,7
56953,125,105,20,20
56954,111,132,-21,21
56955,85,93,-8,8
56956,69,84,-15,15
56957,164,166,-2,2
56958,115,128,-13,13
56959,100,121,-21,21
56960,97,97,0,0
56961,76,86,-10,10
56962,109,118,-9,9
56963,122,114,8,8
56964,75,72,3,3
56965,94,86,8,8
56966,73,85,-12,12
56967,138,130,8,8
56968,109,95,14,14
56969,84,97,-13,13
56970,65,67,-2,2
56971,97,103,-6,6
56972,150,149,1,1
56973,158,140,18,18
56974,74,77,-3,3
56975,64,66,-2,2
56976,102,106,-4,4
56977,83,98,-15,15
56978,181,161,20,20
56979,149,126,23,23
56980,67,76,-9,9
56981,108,122,-14,14
56982,126,100,26,26
56983,129,136,-7,7
56984,123,116,7,7
56985,88,89,-1,1
56986,79,97,-18,18
56987,122,105,17,17
56988,88,85,3,3
56989,129,109,20,20
56990,82,83,-1,1
56991,72,81,-9,9
56992,116,125,-9,9
56993,93,84,9,9
56994,82,78,4,4
56995,153,162,-9,9
56996,169,155,14,14
56997,79,102,-23,23
56998,92,105,-13,13
56999,123,118,5,5
57000,75,92,-17,17
57001,162,171,-9,9
57002,79,91,-12,12
57003,90,88,2,2
57004,74,105,-31,31
57005,130,116,14,14
57006,128,119,9,9
57007,75,92,-17,17
57008,86,85,1,1
57009,111,121,-10,10
57010,100,98,2,2
57011,57,63,-6,6
57012,126,125,1,1
57013,61,69,-8,8
57014,79,80,-1,1
57015,80,68,12,12
57016,49,52,-3,3
57017,83,95,-12,12
57018,65,75,-10,10
57019,76,87,-11,11
57020,99,98,1,1
57021,152,135,17,17
57022,74,90,-16,16
57023,90,78,12,12
57024,116,127,-11,11
57025,150,132,18,18
57026,98,94,4,4
57027,136,135,1,1
57028,109,105,4,4
57029,131,154,-23,23
57030,44,57,-13,13
57031,52,66,-14,14
57032,73,85,-12,12
57033,160,118,42,42
57034,104,105,-1,1
57035,71,78,-7,7
57036,52,67,-15,15
57037,69,60,9,9
57038,120,75,45,45
57039,51,42,9,9
57040,65,81,-16,16
57041,93,87,6,6
57042,62,87,-25,25
57043,108,110,-2,2
57044,86,85,1,1
57045,65,79,-14,14
57046,151,159,-8,8
57047,82,80,2,2
57048,54,59,-5,5
57049,57,63,-6,6
57050,87,101,-14,14
57051,75,79,-4,4
57052,76,96,-20,20
57053,144,135,9,9
57054,82,82,0,0
57055,70,70,0,0
57056,65,60,5,5
57057,130,138,-8,8
57058,179,178,1,1
57059,143,151,-8,8
57060,128,119,9,9
57061,59,54,5,5
57062,141,123,18,18
57063,91,85,6,6
57064,117,117,0,0
57065,103,106,-3,3
57066,102,106,-4,4
57067,150,110,40,40
57068,91,86,5,5
57069,82,94,-12,12
57070,72,73,-1,1
57071,146,121,25,25
57072,51,59,-8,8
57073,119,129,-10,10
57074,94,105,-11,11
57075,113,116,-3,3
57076,115,108,7,7
57077,50,59,-9,9
57078,72,90,-18,18
57079,127,126,1,1
57080,67,99,-32,32
57081,76,73,3,3
57082,96,112,-16,16
57083,137,145,-8,8
57084,189,170,19,19
57085,83,83,0,0
57086,90,101,-11,11
57087,85,83,2,2
57088,99,116,-17,17
57089,88,93,-5,5
57090,163,148,15,15
57091,78,79,-1,1
57092,63,61,2,2
57093,87,90,-3,3
57094,81,88,-7,7
57095,117,132,-15,15
57096,86,85,1,1
57097,97,104,-7,7
57098,120,117,3,3
57099,61,68,-7,7
57100,109,118,-9,9
57101,82,77,5,5
57102,98,81,17,17
57103,100,87,13,13
57104,114,98,16,16
57105,61,57,4,4
57106,88,92,-4,4
57107,75,75,0,0
57108,96,99,-3,3
57109,125,128,-3,3
57110,216,183,33,33
57111,91,83,8,8
57112,149,167,-18,18
57113,104,107,-3,3
57114,69,79,-10,10
57115,65,70,-5,5
57116,116,104,12,12
57117,66,66,0,0
57118,53,53,0,0
57119,61,82,-21,21
57120,106,116,-10,10
57121,118,113,5,5
57122,145,148,-3,3
57123,90,96,-6,6
57124,76,70,6,6
57125,48,48,0,0
57126,38,42,-4,4
57127,65,69,-4,4
57128,98,105,-7,7
57129,48,70,-22,22
57130,93,105,-12,12
57131,117,121,-4,4
57132,66,74,-8,8
57133,110,95,15,15
57134,121,111,10,10
57135,95,104,-9,9
57136,81,79,2,2
57137,48,56,-8,8
57138,80,91,-11,11
57139,136,132,4,4
57140,55,85,-30,30
57141,110,112,-2,2
57142,104,117,-13,13
57143,89,81,8,8
57144,90,109,-19,19
57145,111,106,5,5
57146,85,87,-2,2
57147,113,124,-11,11
57148,100,96,4,4
57149,147,135,12,12
57150,86,108,-22,22
57151,76,69,7,7
57152,164,148,16,16
57153,130,110,20,20
57154,99,101,-2,2
57155,40,40,0,0
57156,175,168,7,7
57157,148,163,-15,15
57158,106,114,-8,8
57159,152,138,14,14
57160,91,102,-11,11
57161,98,91,7,7
57162,51,83,-32,32
57163,88,118,-30,30
57164,89,88,1,1
57165,63,48,15,15
57166,84,88,-4,4
57167,75,58,17,17
57168,117,107,10,10
57169,111,115,-4,4
57170,134,150,-16,16
57171,81,91,-10,10
57172,101,108,-7,7
57173,61,68,-7,7
57174,116,115,1,1
57175,77,94,-17,17
57176,121,93,28,28
57177,101,111,-10,10
57178,22,10,12,12
57179,89,99,-10,10
57180,134,134,0,0
57181,132,134,-2,2
57182,48,49,-1,1
57183,102,106,-4,4
57184,90,89,1,1
57185,89,107,-18,18
57186,109,116,-7,7
57187,164,154,10,10
57188,93,104,-11,11
57189,93,95,-2,2
57190,63,72,-9,9
57191,99,100,-1,1
57192,72,59,13,13
57193,85,106,-21,21
57194,76,87,-11,11
57195,85,93,-8,8
57196,125,100,25,25
57197,63,62,1,1
57198,47,60,-13,13
57199,123,131,-8,8
57200,88,72,16,16
57201,75,66,9,9
57202,78,72,6,6
57203,73,58,15,15
57204,113,135,-22,22
57205,88,81,7,7
57206,91,79,12,12
57207,99,107,-8,8
57208,92,96,-4,4
57209,102,110,-8,8
57210,84,90,-6,6
57211,153,149,4,4
57212,117,127,-10,10
57213,61,88,-27,27
57214,81,81,0,0
57215,148,141,7,7
57216,88,67,21,21
57217,109,129,-20,20
57218,124,130,-6,6
57219,44,54,-10,10
57220,75,107,-32,32
57221,107,113,-6,6
57222,74,83,-9,9
57223,75,71,4,4
57224,97,99,-2,2
57225,95,86,9,9
57226,72,68,4,4
57227,71,74,-3,3
57228,100,105,-5,5
57229,110,99,11,11
57230,67,66,1,1
57231,59,64,-5,5
57232,162,139,23,23
57233,97,87,10,10
57234,66,81,-15,15
57235,87,83,4,4
57236,142,134,8,8
57237,77,86,-9,9
57238,61,56,5,5
57239,61,118,-57,57
57240,131,140,-9,9
57241,84,92,-8,8
57242,77,81,-4,4
57243,60,73,-13,13
57244,77,80,-3,3
57245,47,54,-7,7
57246,71,81,-10,10
57247,118,123,-5,5
57248,105,119,-14,14
57249,137,135,2,2
57250,48,52,-4,4
57251,81,82,-1,1
57252,105,100,5,5
57253,107,109,-2,2
57254,149,145,4,4
57255,88,85,3,3
57256,104,93,11,11
57257,130,119,11,11
57258,118,127,-9,9
57259,50,75,-25,25
57260,113,114,-1,1
57261,48,43,5,5
57262,105,101,4,4
57263,63,72,-9,9
57264,63,46,17,17
57265,65,72,-7,7
57266,105,116,-11,11
57267,38,53,-15,15
57268,57,80,-23,23
57269,94,107,-13,13
57270,87,77,10,10
57271,68,80,-12,12
57272,66,78,-12,12
57273,87,100,-13,13
57274,121,127,-6,6
57275,104,102,2,2
57276,124,129,-5,5
57277,158,139,19,19
57278,30,39,-9,9
57279,101,84,17,17
57280,86,82,4,4
57281,93,93,0,0
57282,123,142,-19,19
57283,102,95,7,7
57284,142,158,-16,16
57285,61,83,-22,22
57286,75,84,-9,9
57287,125,136,-11,11
57288,95,95,0,0
57289,171,161,10,10
57290,96,144,-48,48
57291,123,120,3,3
57292,106,126,-20,20
57293,62,63,-1,1
57294,87,78,9,9
57295,57,49,8,8
57296,56,48,8,8
57297,124,121,3,3
57298,81,76,5,5
57299,109,99,10,10
57300,165,147,18,18
57301,171,119,52,52
57302,104,105,-1,1
57303,59,68,-9,9
57304,40,50,-10,10
57305,74,114,-40,40
57306,127,130,-3,3
57307,73,92,-19,19
57308,130,118,12,12
57309,47,62,-15,15
57310,59,65,-6,6
57311,156,144,12,12
57312,101,88,13,13
57313,89,125,-36,36
57314,95,100,-5,5
57315,60,76,-16,16
57316,91,103,-12,12
57317,74,78,-4,4
57318,160,143,17,17
57319,114,132,-18,18
57320,148,142,6,6
57321,80,90,-10,10
57322,24,4,20,20
57323,52,49,3,3
57324,259,211,48,48
57325,44,45,-1,1
57326,149,142,7,7
57327,57,68,-11,11
57328,126,139,-13,13
57329,142,131,11,11
57330,111,118,-7,7
57331,167,164,3,3
57332,76,82,-6,6
57333,69,99,-30,30
57334,110,124,-14,14
57335,92,87,5,5
57336,99,80,19,19
57337,95,99,-4,4
57338,114,109,5,5
57339,91,102,-11,11
57340,104,111,-7,7
57341,84,92,-8,8
57342,164,142,22,22
57343,44,71,-27,27
57344,75,68,7,7
57345,95,89,6,6
57346,27,14,13,13
57347,81,99,-18,18
57348,72,72,0,0
57349,100,99,1,1
57350,131,116,15,15
57351,61,79,-18,18
57352,89,84,5,5
57353,65,84,-19,19
57354,53,73,-20,20
57355,103,117,-14,14
57356,129,129,0,0
57357,114,112,2,2
57358,102,111,-9,9
57359,87,93,-6,6
57360,77,62,15,15
57361,72,63,9,9
57362,71,81,-10,10
57363,67,49,18,18
57364,116,131,-15,15
57365,102,110,-8,8
57366,83,64,19,19
57367,55,46,9,9
57368,71,91,-20,20
57369,84,71,13,13
57370,98,103,-5,5
57371,101,97,4,4
57372,82,75,7,7
57373,117,120,-3,3
57374,126,121,5,5
57375,66,73,-7,7
57376,81,84,-3,3
57377,189,189,0,0
57378,90,68,22,22
57379,86,90,-4,4
57380,107,97,10,10
57381,117,137,-20,20
57382,54,58,-4,4
57383,81,99,-18,18
57384,85,100,-15,15
57385,88,92,-4,4
57386,57,77,-20,20
57387,103,92,11,11
57388,103,99,4,4
57389,95,68,27,27
57390,107,111,-4,4
57391,91,100,-9,9
57392,111,133,-22,22
57393,200,176,24,24
57394,83,87,-4,4
57395,86,84,2,2
57396,80,91,-11,11
57397,109,111,-2,2
57398,69,60,9,9
57399,78,86,-8,8
57400,70,103,-33,33
57401,77,87,-10,10
57402,69,74,-5,5
57403,96,102,-6,6
57404,121,136,-15,15
57405,90,94,-4,4
57406,152,148,4,4
57407,91,85,6,6
57408,89,84,5,5
57409,104,91,13,13
57410,88,83,5,5
57411,113,108,5,5
57412,81,91,-10,10
57413,92,88,4,4
57414,112,81,31,31
57415,113,142,-29,29
57416,119,107,12,12
57417,68,64,4,4
57418,183,159,24,24
57419,154,146,8,8
57420,115,129,-14,14
57421,173,160,13,13
57422,108,111,-3,3
57423,124,131,-7,7
57424,71,74,-3,3
57425,84,83,1,1
57426,80,84,-4,4
57427,90,93,-3,3
57428,74,79,-5,5
57429,89,82,7,7
57430,81,94,-13,13
57431,100,90,10,10
57432,136,143,-7,7
57433,55,51,4,4
57434,105,105,0,0
57435,77,46,31,31
57436,192,193,-1,1
57437,99,100,-1,1
57438,90,91,-1,1
57439,134,129,5,5
57440,113,128,-15,15
57441,90,93,-3,3
57442,150,136,14,14
57443,52,54,-2,2
57444,102,98,4,4
57445,55,65,-10,10
57446,110,113,-3,3
57447,57,56,1,1
57448,57,64,-7,7
57449,97,91,6,6
57450,117,135,-18,18
57451,83,102,-19,19
57452,121,121,0,0
57453,58,62,-4,4
57454,101,107,-6,6
57455,63,72,-9,9
57456,105,128,-23,23
57457,94,89,5,5
57458,138,140,-2,2
57459,62,61,1,1
57460,113,124,-11,11
57461,50,53,-3,3
57462,90,101,-11,11
57463,135,140,-5,5
57464,68,56,12,12
57465,94,89,5,5
57466,63,56,7,7
57467,179,172,7,7
57468,78,87,-9,9
57469,197,174,23,23
57470,124,130,-6,6
57471,115,104,11,11
57472,105,117,-12,12
57473,135,100,35,35
57474,59,51,8,8
57475,75,99,-24,24
57476,131,132,-1,1
57477,125,131,-6,6
57478,82,90,-8,8
57479,193,158,35,35
57480,23,16,7,7
57481,67,71,-4,4
57482,204,178,26,26
57483,78,85,-7,7
57484,95,97,-2,2
57485,143,128,15,15
57486,69,86,-17,17
57487,78,77,1,1
57488,185,181,4,4
57489,60,73,-13,13
57490,93,77,16,16
57491,49,52,-3,3
57492,151,139,12,12
57493,93,93,0,0
57494,109,101,8,8
57495,58,58,0,0
57496,132,116,16,16
57497,85,74,11,11
57498,118,93,25,25
57499,69,72,-3,3
57500,76,75,1,1
57501,68,75,-7,7
57502,68,75,-7,7
57503,103,116,-13,13
57504,116,109,7,7
57505,189,145,44,44
57506,64,83,-19,19
57507,54,54,0,0
57508,99,104,-5,5
57509,140,135,5,5
57510,52,62,-10,10
57511,144,150,-6,6
57512,96,100,-4,4
57513,60,88,-28,28
57514,131,125,6,6
57515,101,106,-5,5
57516,21,88,-67,67
57517,77,88,-11,11
57518,94,96,-2,2
57519,64,56,8,8
57520,77,94,-17,17
57521,89,102,-13,13
57522,68,68,0,0
57523,100,72,28,28
57524,94,94,0,0
57525,99,108,-9,9
57526,104,113,-9,9
57527,76,72,4,4
57528,41,39,2,2
57529,89,89,0,0
57530,159,142,17,17
57531,145,139,6,6
57532,89,83,6,6
57533,117,116,1,1
57534,56,68,-12,12
57535,112,118,-6,6
57536,59,59,0,0
57537,54,38,16,16
57538,83,77,6,6
57539,70,78,-8,8
57540,64,67,-3,3
57541,134,136,-2,2
57542,107,110,-3,3
57543,81,82,-1,1
57544,117,125,-8,8
57545,123,122,1,1
57546,114,113,1,1
57547,173,152,21,21
57548,79,78,1,1
57549,117,119,-2,2
57550,32,37,-5,5
57551,87,62,25,25
57552,189,200,-11,11
57553,70,77,-7,7
57554,155,133,22,22
57555,81,94,-13,13
57556,168,159,9,9
57557,114,112,2,2
57558,153,158,-5,5
57559,124,111,13,13
57560,51,48,3,3
57561,105,115,-10,10
57562,101,117,-16,16
57563,86,89,-3,3
57564,129,130,-1,1
57565,122,120,2,2
57566,149,142,7,7
57567,85,96,-11,11
57568,73,74,-1,1
57569,66,65,1,1
57570,180,162,18,18
57571,33,26,7,7
57572,70,77,-7,7
57573,101,131,-30,30
57574,89,89,0,0
57575,120,126,-6,6
57576,121,119,2,2
57577,91,113,-22,22
57578,90,91,-1,1
57579,121,110,11,11
57580,154,150,4,4
57581,110,108,2,2
57582,65,68,-3,3
57583,107,109,-2,2
57584,141,137,4,4
57585,61,70,-9,9
57586,119,126,-7,7
57587,135,135,0,0
57588,185,152,33,33
57589,46,44,2,2
57590,89,112,-23,23
57591,134,134,0,0
57592,102,95,7,7
57593,138,136,2,2
57594,104,112,-8,8
57595,176,157,19,19
57596,112,107,5,5
57597,135,103,32,32
57598,119,114,5,5
57599,82,76,6,6
57600,99,114,-15,15
57601,119,115,4,4
57602,98,106,-8,8
57603,96,99,-3,3
57604,90,108,-18,18
57605,81,72,9,9
57606,65,76,-11,11
57607,120,125,-5,5
57608,90,92,-2,2
57609,80,86,-6,6
57610,81,86,-5,5
57611,78,69,9,9
57612,82,80,2,2
57613,155,138,17,17
57614,77,83,-6,6
57615,116,106,10,10
57616,78,88,-10,10
57617,69,69,0,0
57618,64,60,4,4
57619,88,93,-5,5
57620,56,55,1,1
57621,62,75,-13,13
57622,49,57,-8,8
57623,120,109,11,11
57624,154,134,20,20
57625,86,80,6,6
57626,61,68,-7,7
57627,66,67,-1,1
57628,145,129,16,16
57629,83,84,-1,1
57630,136,119,17,17
57631,88,100,-12,12
57632,71,40,31,31
57633,93,95,-2,2
57634,97,97,0,0
57635,94,79,15,15
57636,97,113,-16,16
57637,57,60,-3,3
57638,142,154,-12,12
57639,119,123,-4,4
57640,87,95,-8,8
57641,131,143,-12,12
57642,119,140,-21,21
57643,76,83,-7,7
57644,55,49,6,6
57645,106,91,15,15
57646,70,73,-3,3
57647,103,104,-1,1
57648,96,87,9,9
57649,150,152,-2,2
57650,128,133,-5,5
57651,38,34,4,4
57652,65,86,-21,21
57653,79,70,9,9
57654,96,96,0,0
57655,88,89,-1,1
57656,185,210,-25,25
57657,81,75,6,6
57658,151,143,8,8
57659,94,93,1,1
57660,72,77,-5,5
57661,110,109,1,1
57662,109,109,0,0
57663,80,73,7,7
57664,68,72,-4,4
57665,111,101,10,10
57666,67,74,-7,7
57667,95,98,-3,3
57668,114,120,-6,6
57669,51,41,10,10
57670,111,113,-2,2
57671,118,109,9,9
57672,157,138,19,19
57673,82,85,-3,3
57674,119,104,15,15
57675,73,77,-4,4
57676,88,95,-7,7
57677,46,39,7,7
57678,61,66,-5,5
57679,81,83,-2,2
57680,117,114,3,3
57681,87,95,-8,8
57682,71,54,17,17
57683,70,86,-16,16
57684,98,96,2,2
57685,89,98,-9,9
57686,100,91,9,9
57687,124,119,5,5
57688,166,155,11,11
57689,90,85,5,5
57690,43,50,-7,7
57691,175,158,17,17
57692,104,112,-8,8
57693,180,159,21,21
57694,57,67,-10,10
57695,36,50,-14,14
57696,144,162,-18,18
57697,136,125,11,11
57698,56,57,-1,1
57699,93,100,-7,7
57700,91,101,-10,10
57701,98,76,22,22
57702,82,64,18,18
57703,101,119,-18,18
57704,113,115,-2,2
57705,53,59,-6,6
57706,55,60,-5,5
57707,120,97,23,23
57708,105,107,-2,2
57709,71,86,-15,15
57710,78,80,-2,2
57711,165,168,-3,3
57712,82,97,-15,15
57713,126,117,9,9
57714,114,110,4,4
57715,143,133,10,10
57716,118,124,-6,6
57717,94,104,-10,10
57718,41,38,3,3
57719,67,69,-2,2
57720,83,86,-3,3
57721,119,124,-5,5
57722,62,57,5,5
57723,55,57,-2,2
57724,95,101,-6,6
57725,91,90,1,1
57726,68,71,-3,3
57727,144,133,11,11
57728,64,73,-9,9
57729,43,51,-8,8
57730,81,82,-1,1
57731,94,88,6,6
57732,77,81,-4,4
57733,167,148,19,19
57734,51,61,-10,10
57735,117,101,16,16
57736,93,99,-6,6
57737,71,77,-6,6
57738,64,71,-7,7
57739,168,148,20,20
57740,98,94,4,4
57741,38,21,17,17
57742,124,116,8,8
57743,104,108,-4,4
57744,45,52,-7,7
57745,36,42,-6,6
57746,82,84,-2,2
57747,120,111,9,9
57748,108,89,19,19
57749,43,40,3,3
57750,85,59,26,26
57751,146,122,24,24
57752,82,111,-29,29
57753,115,111,4,4
57754,98,89,9,9
57755,87,73,14,14
57756,124,133,-9,9
57757,86,83,3,3
57758,92,113,-21,21
57759,109,90,19,19
57760,125,114,11,11
57761,140,142,-2,2
57762,84,122,-38,38
57763,66,64,2,2
57764,131,124,7,7
57765,81,77,4,4
57766,88,88,0,0
57767,143,152,-9,9
57768,74,86,-12,12
57769,118,134,-16,16
57770,56,76,-20,20
57771,61,98,-37,37
57772,112,108,4,4
57773,119,97,22,22
57774,102,94,8,8
57775,101,132,-31,31
57776,71,71,0,0
57777,118,134,-16,16
57778,119,130,-11,11
57779,83,89,-6,6
57780,133,110,23,23
57781,57,66,-9,9
57782,87,92,-5,5
57783,6,14,-8,8
57784,76,39,37,37
57785,124,134,-10,10
57786,28,8,20,20
57787,65,65,0,0
57788,86,94,-8,8
57789,111,120,-9,9
57790,59,70,-11,11
57791,94,97,-3,3
57792,97,121,-24,24
57793,115,118,-3,3
57794,75,79,-4,4
57795,144,131,13,13
57796,86,94,-8,8
57797,74,74,0,0
57798,102,124,-22,22
57799,79,78,1,1
57800,99,103,-4,4
57801,140,152,-12,12
57802,101,105,-4,4
57803,156,143,13,13
57804,92,94,-2,2
57805,70,84,-14,14
57806,59,75,-16,16
57807,116,112,4,4
57808,138,135,3,3
57809,136,145,-9,9
57810,61,63,-2,2
57811,53,48,5,5
57812,79,69,10,10
57813,90,88,2,2
57814,127,128,-1,1
57815,177,151,26,26
57816,110,125,-15,15
57817,129,125,4,4
57818,106,124,-18,18
57819,74,82,-8,8
57820,154,140,14,14
57821,129,132,-3,3
57822,73,77,-4,4
57823,77,93,-16,16
57824,84,92,-8,8
57825,103,100,3,3
57826,90,114,-24,24
57827,109,93,16,16
57828,68,66,2,2
57829,72,78,-6,6
57830,105,122,-17,17
57831,65,83,-18,18
57832,95,103,-8,8
57833,133,135,-2,2
57834,103,107,-4,4
57835,107,107,0,0
57836,79,73,6,6
57837,116,112,4,4
57838,91,84,7,7
57839,72,80,-8,8
57840,66,89,-23,23
57841,147,134,13,13
57842,90,123,-33,33
57843,192,232,-40,40
57844,98,130,-32,32
57845,105,89,16,16
57846,44,48,-4,4
57847,102,98,4,4
57848,82,93,-11,11
57849,107,98,9,9
57850,102,106,-4,4
57851,135,127,8,8
57852,157,131,26,26
57853,61,65,-4,4
57854,155,142,13,13
57855,121,136,-15,15
57856,77,82,-5,5
57857,142,130,12,12
57858,95,94,1,1
57859,104,96,8,8
57860,77,89,-12,12
57861,135,136,-1,1
57862,101,110,-9,9
57863,65,51,14,14
57864,108,111,-3,3
57865,46,52,-6,6
57866,196,198,-2,2
57867,83,100,-17,17
57868,92,81,11,11
57869,66,69,-3,3
57870,87,106,-19,19
57871,76,66,10,10
57872,24,59,-35,35
57873,94,100,-6,6
57874,85,70,15,15
57875,147,184,-37,37
57876,104,116,-12,12
57877,97,90,7,7
57878,159,139,20,20
57879,103,105,-2,2
57880,114,121,-7,7
57881,133,133,0,0
57882,66,63,3,3
57883,101,111,-10,10
57884,71,93,-22,22
57885,85,94,-9,9
57886,87,71,16,16
57887,116,89,27,27
57888,88,89,-1,1
57889,64,61,3,3
57890,48,45,3,3
57891,55,48,7,7
57892,61,87,-26,26
57893,86,103,-17,17
57894,56,41,15,15
57895,58,55,3,3
57896,77,83,-6,6
57897,70,88,-18,18
57898,78,91,-13,13
57899,136,140,-4,4
57900,69,69,0,0
57901,68,66,2,2
57902,102,100,2,2
57903,67,76,-9,9
57904,82,89,-7,7
57905,54,59,-5,5
57906,70,77,-7,7
57907,83,98,-15,15
57908,129,121,8,8
57909,43,34,9,9
57910,46,62,-16,16
57911,119,105,14,14
57912,50,46,4,4
57913,76,74,2,2
57914,168,168,0,0
57915,83,86,-3,3
57916,116,110,6,6
57917,121,133,-12,12
57918,96,109,-13,13
57919,126,135,-9,9
57920,86,93,-7,7
57921,85,77,8,8
57922,93,87,6,6
57923,52,63,-11,11
57924,129,133,-4,4
57925,87,81,6,6
57926,38,41,-3,3
57927,61,85,-24,24
57928,77,73,4,4
57929,73,75,-2,2
57930,143,157,-14,14
57931,59,61,-2,2
57932,57,60,-3,3
57933,64,59,5,5
57934,140,144,-4,4
57935,109,118,-9,9
57936,91,90,1,1
57937,64,69,-5,5
57938,105,89,16,16
57939,121,112,9,9
57940,65,55,10,10
57941,80,101,-21,21
57942,75,76,-1,1
57943,90,81,9,9
57944,93,98,-5,5
57945,60,80,-20,20
57946,75,79,-4,4
57947,97,96,1,1
57948,130,123,7,7
57949,111,101,10,10
57950,82,72,10,10
57951,102,96,6,6
57952,72,79,-7,7
57953,180,167,13,13
57954,71,86,-15,15
57955,92,97,-5,5
57956,109,111,-2,2
57957,113,112,1,1
57958,117,93,24,24
57959,105,91,14,14
57960,85,79,6,6
57961,75,82,-7,7
57962,77,77,0,0
57963,79,89,-10,10
57964,106,108,-2,2
57965,52,58,-6,6
57966,107,77,30,30
57967,89,97,-8,8
57968,150,149,1,1
57969,84,90,-6,6
57970,78,85,-7,7
57971,124,116,8,8
57972,58,70,-12,12
57973,110,110,0,0
57974,108,109,-1,1
57975,95,122,-27,27
57976,139,122,17,17
57977,92,97,-5,5
57978,63,69,-6,6
57979,81,90,-9,9
57980,103,104,-1,1
57981,75,68,7,7
57982,75,98,-23,23
57983,125,121,4,4
57984,98,95,3,3
57985,101,102,-1,1
57986,73,97,-24,24
57987,95,95,0,0
57988,120,117,3,3
57989,90,108,-18,18
57990,178,151,27,27
57991,111,132,-21,21
57992,90,97,-7,7
57993,91,74,17,17
57994,92,90,2,2
57995,77,78,-1,1
57996,87,85,2,2
57997,121,117,4,4
57998,99,79,20,20
57999,119,128,-9,9
58000,85,98,-13,13
58001,102,108,-6,6
58002,102,102,0,0
58003,68,68,0,0
58004,159,146,13,13
58005,91,84,7,7
58006,85,99,-14,14
58007,77,94,-17,17
58008,136,99,37,37
58009,182,155,27,27
58010,101,99,2,2
58011,63,58,5,5
58012,89,105,-16,16
58013,78,88,-10,10
58014,104,101,3,3
58015,113,124,-11,11
58016,88,91,-3,3
58017,87,91,-4,4
58018,182,159,23,23
58019,97,106,-9,9
58020,123,136,-13,13
58021,93,119,-26,26
58022,77,60,17,17
58023,87,95,-8,8
58024,71,77,-6,6
58025,60,72,-12,12
58026,95,101,-6,6
58027,92,74,18,18
58028,78,79,-1,1
58029,84,91,-7,7
58030,153,133,20,20
58031,140,154,-14,14
58032,99,81,18,18
58033,57,57,0,0
58034,83,81,2,2
58035,79,86,-7,7
58036,87,92,-5,5
58037,85,102,-17,17
58038,80,96,-16,16
58039,69,75,-6,6
58040,68,67,1,1
58041,94,101,-7,7
58042,79,80,-1,1
58043,115,111,4,4
58044,59,63,-4,4
58045,183,160,23,23
58046,64,78,-14,14
58047,109,81,28,28
58048,54,61,-7,7
58049,62,57,5,5
58050,69,81,-12,12
58051,62,70,-8,8
58052,71,70,1,1
58053,140,137,3,3
58054,73,72,1,1
58055,124,132,-8,8
58056,86,87,-1,1
58057,142,153,-11,11
58058,170,147,23,23
58059,69,67,2,2
58060,124,135,-11,11
58061,123,129,-6,6
58062,104,74,30,30
58063,65,68,-3,3
58064,110,113,-3,3
58065,80,52,28,28
58066,66,68,-2,2
58067,96,46,50,50
58068,116,122,-6,6
58069,74,42,32,32
58070,59,86,-27,27
58071,64,51,13,13
58072,115,123,-8,8
58073,89,91,-2,2
58074,136,147,-11,11
58075,51,48,3,3
58076,73,78,-5,5
58077,68,72,-4,4
58078,116,112,4,4
58079,135,148,-13,13
58080,29,49,-20,20
58081,96,78,18,18
58082,38,88,-50,50
58083,170,170,0,0
58084,125,122,3,3
58085,160,146,14,14
58086,108,118,-10,10
58087,144,147,-3,3
58088,70,59,11,11
58089,100,99,1,1
58090,62,58,4,4
58091,129,116,13,13
58092,99,99,0,0
58093,93,103,-10,10
58094,108,92,16,16
58095,59,53,6,6
58096,43,87,-44,44
58097,119,95,24,24
58098,71,75,-4,4
58099,147,154,-7,7
58100,60,76,-16,16
58101,79,91,-12,12
58102,64,71,-7,7
58103,73,74,-1,1
58104,105,110,-5,5
58105,80,81,-1,1
58106,79,80,-1,1
58107,90,94,-4,4
58108,89,76,13,13
58109,73,73,0,0
58110,113,124,-11,11
58111,78,82,-4,4
58112,63,82,-19,19
58113,142,109,33,33
58114,145,152,-7,7
58115,95,95,0,0
58116,101,107,-6,6
58117,126,122,4,4
58118,154,145,9,9
58119,184,155,29,29
58120,116,124,-8,8
58121,84,94,-10,10
58122,129,131,-2,2
58123,74,56,18,18
58124,97,96,1,1
58125,88,106,-18,18
58126,102,112,-10,10
58127,69,73,-4,4
58128,73,80,-7,7
58129,77,73,4,4
58130,98,96,2,2
58131,78,79,-1,1
58132,108,86,22,22
58133,78,69,9,9
58134,86,91,-5,5
58135,70,76,-6,6
58136,70,76,-6,6
58137,78,83,-5,5
58138,81,82,-1,1
58139,55,66,-11,11
58140,37,32,5,5
58141,80,91,-11,11
58142,68,65,3,3
58143,130,136,-6,6
58144,100,105,-5,5
58145,71,84,-13,13
58146,97,82,15,15
58147,147,150,-3,3
58148,93,93,0,0
58149,165,167,-2,2
58150,70,64,6,6
58151,59,51,8,8
58152,46,25,21,21
58153,132,115,17,17
58154,90,77,13,13
58155,208,162,46,46
58156,124,124,0,0
58157,92,117,-25,25
58158,75,95,-20,20
58159,103,110,-7,7
58160,47,53,-6,6
58161,72,52,20,20
58162,65,59,6,6
58163,107,131,-24,24
58164,131,130,1,1
58165,67,87,-20,20
58166,119,121,-2,2
58167,63,68,-5,5
58168,153,154,-1,1
58169,72,74,-2,2
58170,131,144,-13,13
58171,92,89,3,3
58172,70,67,3,3
58173,93,98,-5,5
58174,48,57,-9,9
58175,75,65,10,10
58176,185,198,-13,13
58177,90,46,44,44
58178,53,47,6,6
58179,130,116,14,14
58180,139,140,-1,1
58181,92,97,-5,5
58182,77,109,-32,32
58183,130,120,10,10
58184,88,85,3,3
58185,68,72,-4,4
58186,144,128,16,16
58187,73,71,2,2
58188,136,131,5,5
58189,115,105,10,10
58190,79,81,-2,2
58191,97,95,2,2
58192,70,72,-2,2
58193,76,82,-6,6
58194,110,114,-4,4
58195,103,99,4,4
58196,106,107,-1,1
58197,82,88,-6,6
58198,82,90,-8,8
58199,64,82,-18,18
58200,108,113,-5,5
58201,162,152,10,10
58202,64,77,-13,13
58203,42,44,-2,2
58204,128,120,8,8
58205,93,93,0,0
58206,83,55,28,28
58207,75,73,2,2
58208,113,116,-3,3
58209,131,108,23,23
58210,70,78,-8,8
58211,82,98,-16,16
58212,53,62,-9,9
58213,92,113,-21,21
58214,123,119,4,4
58215,132,123,9,9
58216,71,86,-15,15
58217,83,91,-8,8
58218,52,54,-2,2
58219,102,99,3,3
58220,51,53,-2,2
58221,90,86,4,4
58222,121,146,-25,25
58223,125,131,-6,6
58224,66,61,5,5
58225,99,107,-8,8
58226,71,82,-11,11
58227,103,114,-11,11
58228,87,94,-7,7
58229,130,135,-5,5
58230,74,75,-1,1
58231,171,170,1,1
58232,146,129,17,17
58233,81,92,-11,11
58234,72,57,15,15
58235,81,92,-11,11
58236,58,66,-8,8
58237,111,101,10,10
58238,148,148,0,0
58239,76,64,12,12
58240,78,74,4,4
58241,91,93,-2,2
58242,91,91,0,0
58243,70,101,-31,31
58244,155,133,22,22
58245,89,88,1,1
58246,55,50,5,5
58247,97,88,9,9
58248,71,68,3,3
58249,134,142,-8,8
58250,85,69,16,16
58251,76,69,7,7
58252,98,111,-13,13
58253,51,51,0,0
58254,111,115,-4,4
58255,59,44,15,15
58256,112,115,-3,3
58257,43,45,-2,2
58258,122,117,5,5
58259,62,104,-42,42
58260,57,58,-1,1
58261,94,108,-14,14
58262,92,87,5,5
58263,113,128,-15,15
58264,125,110,15,15
58265,98,105,-7,7
58266,58,86,-28,28
58267,110,105,5,5
58268,69,77,-8,8
58269,57,56,1,1
58270,54,51,3,3
58271,69,72,-3,3
58272,84,91,-7,7
58273,81,94,-13,13
58274,72,91,-19,19
58275,120,109,11,11
58276,59,59,0,0
58277,121,111,10,10
58278,54,59,-5,5
58279,62,57,5,5
58280,83,78,5,5
58281,85,65,20,20
58282,102,117,-15,15
58283,109,81,28,28
58284,128,138,-10,10
58285,128,124,4,4
58286,155,112,43,43
58287,75,86,-11,11
58288,44,29,15,15
58289,106,113,-7,7
58290,122,111,11,11
58291,99,97,2,2
58292,76,84,-8,8
58293,93,97,-4,4
58294,59,67,-8,8
58295,115,100,15,15
58296,147,140,7,7
58297,104,114,-10,10
58298,56,69,-13,13
58299,119,111,8,8
58300,92,92,0,0
58301,55,67,-12,12
58302,70,65,5,5
58303,79,88,-9,9
58304,106,116,-10,10
58305,141,113,28,28
58306,142,112,30,30
58307,100,106,-6,6
58308,71,69,2,2
58309,37,37,0,0
58310,58,62,-4,4
58311,107,110,-3,3
58312,104,106,-2,2
58313,125,126,-1,1
58314,95,133,-38,38
58315,164,150,14,14
58316,45,65,-20,20
58317,86,90,-4,4
58318,101,96,5,5
58319,117,81,36,36
58320,85,93,-8,8
58321,60,58,2,2
58322,141,156,-15,15
58323,101,104,-3,3
58324,113,102,11,11
58325,108,124,-16,16
58326,86,79,7,7
58327,121,130,-9,9
58328,165,165,0,0
58329,58,56,2,2
58330,165,166,-1,1
58331,99,102,-3,3
58332,77,88,-11,11
58333,120,124,-4,4
58334,132,132,0,0
58335,138,124,14,14
58336,104,140,-36,36
58337,59,68,-9,9
58338,68,78,-10,10
58339,76,83,-7,7
58340,81,65,16,16
58341,126,114,12,12
58342,125,104,21,21
58343,39,32,7,7
58344,103,96,7,7
58345,64,74,-10,10
58346,120,116,4,4
58347,53,67,-14,14
58348,81,78,3,3
58349,128,115,13,13
58350,75,82,-7,7
58351,67,63,4,4
58352,158,152,6,6
58353,77,90,-13,13
58354,140,140,0,0
58355,75,88,-13,13
58356,114,126,-12,12
58357,82,63,19,19
58358,96,121,-25,25
58359,142,135,7,7
58360,84,89,-5,5
58361,84,97,-13,13
58362,69,67,2,2
58363,63,64,-1,1
58364,83,91,-8,8
58365,136,130,6,6
58366,107,107,0,0
58367,95,97,-2,2
58368,157,137,20,20
58369,89,106,-17,17
58370,85,80,5,5
58371,102,101,1,1
58372,103,117,-14,14
58373,88,85,3,3
58374,100,97,3,3
58375,69,68,1,1
58376,84,64,20,20
58377,32,28,4,4
58378,52,48,4,4
58379,156,155,1,1
58380,71,68,3,3
58381,114,78,36,36
58382,83,100,-17,17
58383,81,84,-3,3
58384,164,114,50,50
58385,109,108,1,1
58386,89,101,-12,12
58387,125,115,10,10
58388,82,83,-1,1
58389,73,82,-9,9
58390,117,142,-25,25
58391,69,74,-5,5
58392,98,102,-4,4
58393,114,108,6,6
58394,86,96,-10,10
58395,112,103,9,9
58396,96,99,-3,3
58397,113,114,-1,1
58398,86,104,-18,18
58399,130,128,2,2
58400,80,96,-16,16
58401,134,142,-8,8
58402,158,157,1,1
58403,59,59,0,0
58404,55,63,-8,8
58405,87,89,-2,2
58406,42,53,-11,11
58407,76,82,-6,6
58408,62,50,12,12
58409,119,119,0,0
58410,103,105,-2,2
58411,172,175,-3,3
58412,134,141,-7,7
58413,68,66,2,2
58414,62,61,1,1
58415,57,75,-18,18
58416,147,137,10,10
58417,93,102,-9,9
58418,116,118,-2,2
58419,161,137,24,24
58420,79,94,-15,15
58421,148,134,14,14
58422,118,120,-2,2
58423,46,57,-11,11
58424,130,133,-3,3
58425,163,152,11,11
58426,56,57,-1,1
58427,74,69,5,5
58428,66,73,-7,7
58429,84,70,14,14
58430,76,99,-23,23
58431,88,87,1,1
58432,69,68,1,1
58433,60,65,-5,5
58434,75,67,8,8
58435,164,147,17,17
58436,71,77,-6,6
58437,125,113,12,12
58438,86,103,-17,17
58439,62,57,5,5
58440,82,78,4,4
58441,55,65,-10,10
58442,58,68,-10,10
58443,52,60,-8,8
58444,107,100,7,7
58445,82,101,-19,19
58446,118,135,-17,17
58447,104,94,10,10
58448,65,52,13,13
58449,148,150,-2,2
58450,104,133,-29,29
58451,189,179,10,10
58452,126,127,-1,1
58453,92,63,29,29
58454,122,123,-1,1
58455,75,82,-7,7
58456,99,98,1,1
58457,99,69,30,30
58458,154,149,5,5
58459,89,101,-12,12
58460,145,143,2,2
58461,81,70,11,11
58462,146,139,7,7
58463,171,158,13,13
58464,52,55,-3,3
58465,81,65,16,16
58466,102,116,-14,14
58467,137,138,-1,1
58468,43,41,2,2
58469,93,122,-29,29
58470,62,65,-3,3
58471,110,107,3,3
58472,78,89,-11,11
58473,112,123,-11,11
58474,64,61,3,3
58475,52,40,12,12
58476,51,78,-27,27
58477,71,87,-16,16
58478,62,73,-11,11
58479,54,59,-5,5
58480,81,93,-12,12
58481,156,139,17,17
58482,76,89,-13,13
58483,74,66,8,8
58484,63,81,-18,18
58485,59,49,10,10
58486,45,45,0,0
58487,127,117,10,10
58488,110,107,3,3
58489,68,69,-1,1
58490,89,90,-1,1
58491,64,64,0,0
58492,116,121,-5,5
58493,68,68,0,0
58494,211,187,24,24
58495,93,93,0,0
58496,79,76,3,3
58497,84,82,2,2
58498,73,74,-1,1
58499,82,84,-2,2
58500,80,98,-18,18
58501,75,87,-12,12
58502,83,82,1,1
58503,123,123,0,0
58504,52,41,11,11
58505,133,115,18,18
58506,90,91,-1,1
58507,70,53,17,17
58508,74,95,-21,21
58509,84,94,-10,10
58510,90,97,-7,7
58511,92,94,-2,2
58512,55,74,-19,19
58513,62,82,-20,20
58514,120,105,15,15
58515,84,83,1,1
58516,83,79,4,4
58517,95,101,-6,6
58518,79,76,3,3
58519,89,101,-12,12
58520,149,144,5,5
58521,81,117,-36,36
58522,91,98,-7,7
58523,87,75,12,12
58524,76,69,7,7
58525,45,28,17,17
58526,226,204,22,22
58527,125,123,2,2
58528,148,166,-18,18
58529,60,56,4,4
58530,134,143,-9,9
58531,165,117,48,48
58532,129,126,3,3
58533,65,58,7,7
58534,89,92,-3,3
58535,95,100,-5,5
58536,83,91,-8,8
58537,79,77,2,2
58538,111,103,8,8
58539,83,77,6,6
58540,121,121,0,0
58541,97,105,-8,8
58542,114,120,-6,6
58543,55,50,5,5
58544,118,116,2,2
58545,95,46,49,49
58546,80,75,5,5
58547,112,117,-5,5
58548,127,126,1,1
58549,140,141,-1,1
58550,100,161,-61,61
58551,50,59,-9,9
58552,130,126,4,4
58553,77,88,-11,11
58554,86,97,-11,11
58555,117,99,18,18
58556,163,154,9,9
58557,78,100,-22,22
58558,118,110,8,8
58559,110,103,7,7
58560,93,96,-3,3
58561,76,79,-3,3
58562,71,58,13,13
58563,85,95,-10,10
58564,39,48,-9,9
58565,77,82,-5,5
58566,57,59,-2,2
58567,68,61,7,7
58568,74,71,3,3
58569,80,71,9,9
58570,86,95,-9,9
58571,55,59,-4,4
58572,129,116,13,13
58573,181,188,-7,7
58574,71,74,-3,3
58575,106,133,-27,27
58576,43,63,-20,20
58577,157,162,-5,5
58578,68,39,29,29
58579,134,122,12,12
58580,137,141,-4,4
58581,71,87,-16,16
58582,48,45,3,3
58583,45,55,-10,10
58584,75,90,-15,15
58585,67,75,-8,8
58586,108,111,-3,3
58587,81,83,-2,2
58588,94,103,-9,9
58589,229,244,-15,15
58590,58,67,-9,9
58591,75,80,-5,5
58592,97,116,-19,19
58593,142,143,-1,1
58594,196,151,45,45
58595,78,75,3,3
58596,101,122,-21,21
58597,100,101,-1,1
58598,82,92,-10,10
58599,100,100,0,0
58600,81,92,-11,11
58601,81,102,-21,21
58602,106,58,48,48
58603,74,69,5,5
58604,77,95,-18,18
58605,124,122,2,2
58606,35,42,-7,7
58607,76,69,7,7
58608,106,108,-2,2
58609,83,90,-7,7
58610,82,79,3,3
58611,77,79,-2,2
58612,113,118,-5,5
58613,86,88,-2,2
58614,115,86,29,29
58615,98,102,-4,4
58616,69,79,-10,10
58617,90,103,-13,13
58618,99,99,0,0
58619,59,63,-4,4
58620,109,104,5,5
58621,72,74,-2,2
58622,130,128,2,2
58623,118,126,-8,8
58624,113,114,-1,1
58625,98,87,11,11
58626,102,105,-3,3
58627,142,129,13,13
58628,95,105,-10,10
58629,89,93,-4,4
58630,45,83,-38,38
58631,35,28,7,7
58632,54,49,5,5
58633,102,84,18,18
58634,27,10,17,17
58635,66,56,10,10
58636,35,43,-8,8
58637,115,107,8,8
58638,148,148,0,0
58639,98,87,11,11
58640,115,128,-13,13
58641,79,92,-13,13
58642,84,83,1,1
58643,147,145,2,2
58644,79,74,5,5
58645,62,55,7,7
58646,95,98,-3,3
58647,71,71,0,0
58648,66,73,-7,7
58649,84,92,-8,8
58650,142,136,6,6
58651,142,142,0,0
58652,91,101,-10,10
58653,102,129,-27,27
58654,105,139,-34,34
58655,66,65,1,1
58656,83,84,-1,1
58657,63,75,-12,12
58658,66,80,-14,14
58659,109,127,-18,18
58660,71,77,-6,6
58661,92,113,-21,21
58662,139,143,-4,4
58663,117,122,-5,5
58664,120,123,-3,3
58665,94,108,-14,14
58666,99,107,-8,8
58667,58,50,8,8
58668,129,121,8,8
58669,66,63,3,3
58670,126,75,51,51
58671,111,118,-7,7
58672,54,55,-1,1
58673,153,128,25,25
58674,82,83,-1,1
58675,56,63,-7,7
58676,59,78,-19,19
58677,146,128,18,18
58678,64,50,14,14
58679,56,67,-11,11
58680,60,56,4,4
58681,21,64,-43,43
58682,132,132,0,0
58683,85,92,-7,7
58684,113,110,3,3
58685,81,91,-10,10
58686,110,116,-6,6
58687,98,100,-2,2
58688,86,96,-10,10
58689,102,101,1,1
58690,129,147,-18,18
58691,89,96,-7,7
58692,121,117,4,4
58693,104,97,7,7
58694,63,71,-8,8
58695,138,122,16,16
58696,119,140,-21,21
58697,92,96,-4,4
58698,113,111,2,2
58699,97,87,10,10
58700,162,142,20,20
58701,41,39,2,2
58702,112,112,0,0
58703,124,116,8,8
58704,76,76,0,0
58705,116,117,-1,1
58706,86,73,13,13
58707,69,48,21,21
58708,99,106,-7,7
58709,65,82,-17,17
58710,70,69,1,1
58711,111,106,5,5
58712,79,80,-1,1
58713,92,100,-8,8
58714,92,83,9,9
58715,126,126,0,0
58716,109,90,19,19
58717,65,78,-13,13
58718,79,69,10,10
58719,160,153,7,7
58720,75,93,-18,18
58721,95,87,8,8
58722,97,92,5,5
58723,102,35,67,67
58724,75,90,-15,15
58725,119,142,-23,23
58726,31,11,20,20
58727,137,120,17,17
58728,99,104,-5,5
58729,135,125,10,10
58730,143,139,4,4
58731,128,139,-11,11
58732,135,123,12,12
58733,56,37,19,19
58734,79,71,8,8
58735,157,136,21,21
58736,103,90,13,13
58737,147,141,6,6
58738,78,88,-10,10
58739,124,125,-1,1
58740,57,75,-18,18
58741,63,84,-21,21
58742,79,89,-10,10
58743,87,92,-5,5
58744,105,96,9,9
58745,119,117,2,2
58746,41,41,0,0
58747,62,70,-8,8
58748,148,154,-6,6
58749,113,116,-3,3
58750,236,204,32,32
58751,49,39,10,10
58752,78,94,-16,16
58753,105,114,-9,9
58754,136,142,-6,6
58755,93,95,-2,2
58756,55,53,2,2
58757,87,92,-5,5
58758,67,81,-14,14
58759,113,105,8,8
58760,52,68,-16,16
58761,102,121,-19,19
58762,149,103,46,46
58763,65,65,0,0
58764,106,97,9,9
58765,88,84,4,4
58766,175,153,22,22
58767,116,101,15,15
58768,128,126,2,2
58769,86,92,-6,6
58770,154,113,41,41
58771,93,88,5,5
58772,65,99,-34,34
58773,119,118,1,1
58774,81,51,30,30
58775,93,62,31,31
58776,77,90,-13,13
58777,144,116,28,28
58778,105,106,-1,1
58779,111,102,9,9
58780,143,116,27,27
58781,96,94,2,2
58782,86,96,-10,10
58783,78,80,-2,2
58784,136,136,0,0
58785,82,89,-7,7
58786,91,101,-10,10
58787,83,93,-10,10
58788,106,123,-17,17
58789,94,105,-11,11
58790,99,116,-17,17
58791,78,73,5,5
58792,154,143,11,11
58793,77,78,-1,1
58794,184,165,19,19
58795,192,163,29,29
58796,77,69,8,8
58797,105,111,-6,6
58798,62,63,-1,1
58799,103,106,-3,3
58800,59,66,-7,7
58801,77,76,1,1
58802,155,157,-2,2
58803,90,91,-1,1
58804,98,98,0,0
58805,93,93,0,0
58806,132,133,-1,1
58807,115,109,6,6
58808,67,64,3,3
58809,198,202,-4,4
58810,90,90,0,0
58811,114,114,0,0
58812,108,120,-12,12
58813,77,77,0,0
58814,114,126,-12,12
58815,126,145,-19,19
58816,86,80,6,6
58817,67,85,-18,18
58818,108,113,-5,5
58819,92,103,-11,11
58820,123,121,2,2
58821,96,107,-11,11
58822,64,61,3,3
58823,166,139,27,27
58824,218,208,10,10
58825,89,95,-6,6
58826,76,79,-3,3
58827,69,72,-3,3
58828,122,121,1,1
58829,115,119,-4,4
58830,87,116,-29,29
58831,119,121,-2,2
58832,95,86,9,9
58833,82,78,4,4
58834,57,73,-16,16
58835,100,111,-11,11
58836,86,84,2,2
58837,101,89,12,12
58838,65,47,18,18
58839,106,109,-3,3
58840,75,74,1,1
58841,142,142,0,0
58842,81,70,11,11
58843,77,91,-14,14
58844,59,68,-9,9
58845,130,118,12,12
58846,100,100,0,0
58847,92,100,-8,8
58848,55,64,-9,9
58849,101,131,-30,30
58850,66,64,2,2
58851,108,102,6,6
58852,83,87,-4,4
58853,69,69,0,0
58854,140,124,16,16
58855,87,73,14,14
58856,96,103,-7,7
58857,167,158,9,9
58858,72,64,8,8
58859,88,104,-16,16
58860,124,116,8,8
58861,91,89,2,2
58862,51,54,-3,3
58863,87,93,-6,6
58864,92,101,-9,9
58865,58,53,5,5
58866,45,50,-5,5
58867,95,97,-2,2
58868,134,125,9,9
58869,91,104,-13,13
58870,121,119,2,2
58871,51,51,0,0
58872,58,64,-6,6
58873,48,47,1,1
58874,75,84,-9,9
58875,46,59,-13,13
58876,56,58,-2,2
58877,87,90,-3,3
58878,47,66,-19,19
58879,88,99,-11,11
58880,112,108,4,4
58881,56,72,-16,16
58882,104,98,6,6
58883,61,64,-3,3
58884,96,99,-3,3
58885,113,114,-1,1
58886,66,74,-8,8
58887,153,144,9,9
58888,115,130,-15,15
58889,100,101,-1,1
58890,73,72,1,1
58891,89,76,13,13
58892,101,111,-10,10
58893,82,89,-7,7
58894,89,98,-9,9
58895,94,104,-10,10
58896,93,97,-4,4
58897,113,111,2,2
58898,129,119,10,10
58899,68,60,8,8
58900,68,55,13,13
58901,94,97,-3,3
58902,157,152,5,5
58903,99,97,2,2
58904,54,58,-4,4
58905,123,119,4,4
58906,94,82,12,12
58907,183,172,11,11
58908,74,81,-7,7
58909,59,61,-2,2
58910,173,159,14,14
58911,122,123,-1,1
58912,75,79,-4,4
58913,77,88,-11,11
58914,63,50,13,13
58915,90,100,-10,10
58916,56,74,-18,18
58917,82,84,-2,2
58918,86,111,-25,25
58919,149,148,1,1
58920,108,100,8,8
58921,73,73,0,0
58922,67,78,-11,11
58923,93,92,1,1
58924,55,60,-5,5
58925,108,122,-14,14
58926,118,114,4,4
58927,30,9,21,21
58928,70,99,-29,29
58929,94,94,0,0
58930,84,79,5,5
58931,77,74,3,3
58932,64,58,6,6
58933,103,117,-14,14
58934,93,123,-30,30
58935,91,72,19,19
58936,65,73,-8,8
58937,108,107,1,1
58938,117,104,13,13
58939,45,30,15,15
58940,113,127,-14,14
58941,70,63,7,7
58942,75,102,-27,27
58943,79,89,-10,10
58944,59,57,2,2
58945,59,46,13,13
58946,42,66,-24,24
58947,96,79,17,17
58948,109,115,-6,6
58949,95,108,-13,13
58950,126,131,-5,5
58951,89,99,-10,10
58952,99,104,-5,5
58953,145,146,-1,1
58954,108,91,17,17
58955,84,88,-4,4
58956,82,90,-8,8
58957,171,153,18,18
58958,103,93,10,10
58959,118,116,2,2
58960,180,163,17,17
58961,61,59,2,2
58962,163,139,24,24
58963,135,121,14,14
58964,152,145,7,7
58965,109,99,10,10
58966,61,82,-21,21
58967,108,112,-4,4
58968,181,175,6,6
58969,104,125,-21,21
58970,105,96,9,9
58971,68,69,-1,1
58972,116,151,-35,35
58973,144,140,4,4
58974,85,96,-11,11
58975,141,148,-7,7
58976,152,160,-8,8
58977,114,123,-9,9
58978,143,127,16,16
58979,155,154,1,1
58980,191,157,34,34
58981,102,90,12,12
58982,77,72,5,5
58983,97,102,-5,5
58984,85,83,2,2
58985,82,85,-3,3
58986,83,80,3,3
58987,64,67,-3,3
58988,135,139,-4,4
58989,86,69,17,17
58990,59,53,6,6
58991,71,52,19,19
58992,65,76,-11,11
58993,134,122,12,12
58994,85,87,-2,2
58995,159,145,14,14
58996,145,157,-12,12
58997,66,70,-4,4
58998,71,76,-5,5
58999,154,141,13,13
59000,159,146,13,13
59001,50,31,19,19
59002,95,108,-13,13
59003,81,76,5,5
59004,128,120,8,8
59005,79,88,-9,9
59006,93,75,18,18
59007,156,136,20,20
59008,107,34,73,73
59009,48,47,1,1
59010,49,59,-10,10
59011,52,112,-60,60
59012,43,54,-11,11
59013,166,160,6,6
59014,59,63,-4,4
59015,97,98,-1,1
59016,143,159,-16,16
59017,107,112,-5,5
59018,122,119,3,3
59019,77,80,-3,3
59020,77,95,-18,18
59021,52,53,-1,1
59022,70,80,-10,10
59023,93,100,-7,7
59024,93,107,-14,14
59025,110,108,2,2
59026,53,60,-7,7
59027,67,73,-6,6
59028,185,153,32,32
59029,90,81,9,9
59030,107,109,-2,2
59031,148,149,-1,1
59032,119,121,-2,2
59033,95,115,-20,20
59034,112,107,5,5
59035,171,163,8,8
59036,110,103,7,7
59037,76,88,-12,12
59038,99,83,16,16
59039,94,106,-12,12
59040,107,111,-4,4
59041,73,83,-10,10
59042,133,118,15,15
59043,70,87,-17,17
59044,80,67,13,13
59045,149,137,12,12
59046,78,107,-29,29
59047,95,87,8,8
59048,79,88,-9,9
59049,42,63,-21,21
59050,73,83,-10,10
59051,346,215,131,131
59052,70,41,29,29
59053,75,75,0,0
59054,144,153,-9,9
59055,63,57,6,6
59056,80,73,7,7
59057,124,109,15,15
59058,69,69,0,0
59059,99,92,7,7
59060,140,124,16,16
59061,117,121,-4,4
59062,58,24,34,34
59063,84,89,-5,5
59064,47,40,7,7
59065,86,80,6,6
59066,52,54,-2,2
59067,77,84,-7,7
59068,69,75,-6,6
59069,107,103,4,4
59070,118,95,23,23
59071,81,87,-6,6
59072,109,108,1,1
59073,97,110,-13,13
59074,85,78,7,7
59075,81,96,-15,15
59076,65,47,18,18
59077,101,119,-18,18
59078,90,103,-13,13
59079,68,77,-9,9
59080,59,45,14,14
59081,97,99,-2,2
59082,104,103,1,1
59083,52,33,19,19
59084,58,64,-6,6
59085,64,62,2,2
59086,92,91,1,1
59087,179,151,28,28
59088,112,107,5,5
59089,100,110,-10,10
59090,60,53,7,7
59091,102,100,2,2
59092,111,110,1,1
59093,100,98,2,2
59094,80,78,2,2
59095,89,94,-5,5
59096,124,139,-15,15
59097,70,74,-4,4
59098,85,96,-11,11
59099,79,86,-7,7
59100,74,54,20,20
59101,66,70,-4,4
59102,75,73,2,2
59103,83,92,-9,9
59104,65,60,5,5
59105,119,132,-13,13
59106,102,111,-9,9
59107,81,86,-5,5
59108,77,75,2,2
59109,81,82,-1,1
59110,94,94,0,0
59111,103,102,1,1
59112,104,100,4,4
59113,118,110,8,8
59114,90,87,3,3
59115,71,82,-11,11
59116,114,107,7,7
59117,120,105,15,15
59118,85,86,-1,1
59119,79,95,-16,16
59120,49,49,0,0
59121,74,68,6,6
59122,99,98,1,1
59123,106,117,-11,11
59124,89,93,-4,4
59125,21,80,-59,59
59126,114,108,6,6
59127,90,92,-2,2
59128,129,127,2,2
59129,64,73,-9,9
59130,44,40,4,4
59131,150,133,17,17
59132,136,143,-7,7
59133,119,122,-3,3
59134,68,74,-6,6
59135,87,93,-6,6
59136,66,83,-17,17
59137,103,113,-10,10
59138,117,119,-2,2
59139,111,96,15,15
59140,112,85,27,27
59141,101,75,26,26
59142,143,153,-10,10
59143,81,77,4,4
59144,180,152,28,28
59145,61,60,1,1
59146,131,132,-1,1
59147,70,85,-15,15
59148,107,115,-8,8
59149,135,119,16,16
59150,92,83,9,9
59151,81,80,1,1
59152,108,108,0,0
59153,90,93,-3,3
59154,86,82,4,4
59155,127,119,8,8
59156,47,61,-14,14
59157,130,120,10,10
59158,84,93,-9,9
59159,79,88,-9,9
59160,91,84,7,7
59161,120,98,22,22
59162,80,75,5,5
59163,59,59,0,0
59164,81,95,-14,14
59165,143,147,-4,4
59166,117,115,2,2
59167,143,139,4,4
59168,154,133,21,21
59169,57,58,-1,1
59170,69,73,-4,4
59171,44,39,5,5
59172,84,83,1,1
59173,96,100,-4,4
59174,80,68,12,12
59175,61,91,-30,30
59176,64,98,-34,34
59177,67,59,8,8
59178,108,115,-7,7
59179,87,89,-2,2
59180,87,106,-19,19
59181,112,84,28,28
59182,147,141,6,6
59183,143,142,1,1
59184,124,135,-11,11
59185,160,154,6,6
59186,109,106,3,3
59187,71,61,10,10
59188,138,115,23,23
59189,76,80,-4,4
59190,96,86,10,10
59191,94,89,5,5
59192,44,53,-9,9
59193,83,89,-6,6
59194,49,50,-1,1
59195,75,81,-6,6
59196,104,114,-10,10
59197,75,67,8,8
59198,93,98,-5,5
59199,96,101,-5,5
59200,81,92,-11,11
59201,80,67,13,13
59202,97,75,22,22
59203,65,72,-7,7
59204,46,45,1,1
59205,79,85,-6,6
59206,88,108,-20,20
59207,62,76,-14,14
59208,84,77,7,7
59209,70,68,2,2
59210,129,140,-11,11
59211,104,108,-4,4
59212,116,123,-7,7
59213,126,118,8,8
59214,95,106,-11,11
59215,66,74,-8,8
59216,81,69,12,12
59217,133,127,6,6
59218,95,101,-6,6
59219,151,143,8,8
59220,88,85,3,3
59221,110,114,-4,4
59222,69,87,-18,18
59223,106,99,7,7
59224,64,72,-8,8
59225,126,114,12,12
59226,41,64,-23,23
59227,97,104,-7,7
59228,46,108,-62,62
59229,52,64,-12,12
59230,66,59,7,7
59231,81,87,-6,6
59232,81,90,-9,9
59233,85,91,-6,6
59234,35,35,0,0
59235,118,114,4,4
59236,94,89,5,5
59237,92,79,13,13
59238,55,57,-2,2
59239,99,103,-4,4
59240,68,76,-8,8
59241,56,42,14,14
59242,97,107,-10,10
59243,110,120,-10,10
59244,152,125,27,27
59245,40,47,-7,7
59246,52,50,2,2
59247,169,183,-14,14
59248,160,148,12,12
59249,78,75,3,3
59250,77,92,-15,15
59251,40,42,-2,2
59252,93,119,-26,26
59253,115,105,10,10
59254,108,103,5,5
59255,69,79,-10,10
59256,126,155,-29,29
59257,133,143,-10,10
59258,116,113,3,3
59259,76,91,-15,15
59260,42,55,-13,13
59261,74,86,-12,12
59262,145,131,14,14
59263,72,76,-4,4
59264,103,106,-3,3
59265,67,75,-8,8
59266,139,128,11,11
59267,93,104,-11,11
59268,112,103,9,9
59269,176,163,13,13
59270,70,75,-5,5
59271,158,105,53,53
59272,71,67,4,4
59273,47,41,6,6
59274,93,101,-8,8
59275,57,62,-5,5
59276,75,77,-2,2
59277,62,80,-18,18
59278,104,84,20,20
59279,143,139,4,4
59280,83,80,3,3
59281,75,72,3,3
59282,92,105,-13,13
59283,60,30,30,30
59284,117,107,10,10
59285,64,67,-3,3
59286,61,54,7,7
59287,87,76,11,11
59288,175,165,10,10
59289,58,72,-14,14
59290,77,71,6,6
59291,96,82,14,14
59292,120,108,12,12
59293,176,149,27,27
59294,132,128,4,4
59295,67,60,7,7
59296,73,78,-5,5
59297,120,145,-25,25
59298,71,68,3,3
59299,63,63,0,0
59300,74,64,10,10
59301,35,55,-20,20
59302,129,117,12,12
59303,132,140,-8,8
59304,75,75,0,0
59305,122,119,3,3
59306,89,81,8,8
59307,90,71,19,19
59308,71,82,-11,11
59309,92,76,16,16
59310,184,184,0,0
59311,59,94,-35,35
59312,90,102,-12,12
59313,100,87,13,13
59314,83,84,-1,1
59315,83,94,-11,11
59316,78,103,-25,25
59317,106,115,-9,9
59318,107,108,-1,1
59319,45,43,2,2
59320,82,88,-6,6
59321,85,103,-18,18
59322,109,90,19,19
59323,70,75,-5,5
59324,70,79,-9,9
59325,109,120,-11,11
59326,62,68,-6,6
59327,63,67,-4,4
59328,67,69,-2,2
59329,38,30,8,8
59330,45,48,-3,3
59331,111,103,8,8
59332,99,120,-21,21
59333,52,56,-4,4
59334,93,103,-10,10
59335,103,119,-16,16
59336,86,96,-10,10
59337,69,80,-11,11
59338,52,75,-23,23
59339,215,171,44,44
59340,90,100,-10,10
59341,54,70,-16,16
59342,110,116,-6,6
59343,97,96,1,1
59344,150,88,62,62
59345,142,141,1,1
59346,57,68,-11,11
59347,116,116,0,0
59348,177,156,21,21
59349,109,111,-2,2
59350,78,78,0,0
59351,79,84,-5,5
59352,51,44,7,7
59353,80,85,-5,5
59354,99,110,-11,11
59355,49,44,5,5
59356,153,158,-5,5
59357,174,181,-7,7
59358,100,102,-2,2
59359,147,149,-2,2
59360,75,108,-33,33
59361,138,133,5,5
59362,78,67,11,11
59363,77,88,-11,11
59364,93,92,1,1
59365,148,140,8,8
59366,176,149,27,27
59367,74,61,13,13
59368,178,170,8,8
59369,107,112,-5,5
59370,103,86,17,17
59371,125,125,0,0
59372,119,128,-9,9
59373,98,100,-2,2
59374,69,62,7,7
59375,72,60,12,12
59376,81,103,-22,22
59377,54,51,3,3
59378,110,121,-11,11
59379,84,86,-2,2
59380,148,156,-8,8
59381,61,45,16,16
59382,94,102,-8,8
59383,79,100,-21,21
59384,77,84,-7,7
59385,83,81,2,2
59386,102,79,23,23
59387,99,107,-8,8
59388,104,93,11,11
59389,128,136,-8,8
59390,73,77,-4,4
59391,85,80,5,5
59392,123,142,-19,19
59393,87,112,-25,25
59394,135,85,50,50
59395,71,77,-6,6
59396,81,104,-23,23
59397,64,62,2,2
59398,71,68,3,3
59399,105,108,-3,3
59400,59,58,1,1
59401,140,133,7,7
59402,161,157,4,4
59403,100,92,8,8
59404,89,92,-3,3
59405,64,47,17,17
59406,154,153,1,1
59407,167,139,28,28
59408,178,146,32,32
59409,88,82,6,6
59410,79,92,-13,13
59411,72,79,-7,7
59412,85,88,-3,3
59413,92,84,8,8
59414,71,59,12,12
59415,60,74,-14,14
59416,66,65,1,1
59417,95,86,9,9
59418,82,87,-5,5
59419,82,95,-13,13
59420,91,77,14,14
59421,121,133,-12,12
59422,78,86,-8,8
59423,148,153,-5,5
59424,95,89,6,6
59425,138,132,6,6
59426,61,70,-9,9
59427,66,72,-6,6
59428,83,78,5,5
59429,61,78,-17,17
59430,60,57,3,3
59431,56,75,-19,19
59432,127,131,-4,4
59433,62,66,-4,4
59434,133,125,8,8
59435,79,68,11,11
59436,123,109,14,14
59437,53,72,-19,19
59438,79,88,-9,9
59439,126,115,11,11
59440,117,145,-28,28
59441,136,132,4,4
59442,81,104,-23,23
59443,105,129,-24,24
59444,118,125,-7,7
59445,66,76,-10,10
59446,59,97,-38,38
59447,129,125,4,4
59448,93,114,-21,21
59449,87,88,-1,1
59450,45,48,-3,3
59451,64,60,4,4
59452,121,113,8,8
59453,168,159,9,9
59454,81,82,-1,1
59455,99,89,10,10
59456,117,106,11,11
59457,95,77,18,18
59458,66,80,-14,14
59459,122,109,13,13
59460,112,125,-13,13
59461,71,79,-8,8
59462,172,168,4,4
59463,108,116,-8,8
59464,85,88,-3,3
59465,130,132,-2,2
59466,64,62,2,2
59467,74,86,-12,12
59468,63,64,-1,1
59469,145,138,7,7
59470,95,105,-10,10
59471,138,121,17,17
59472,105,91,14,14
59473,51,56,-5,5
59474,109,109,0,0
59475,91,97,-6,6
59476,70,26,44,44
59477,129,134,-5,5
59478,106,95,11,11
59479,82,75,7,7
59480,54,48,6,6
59481,151,146,5,5
59482,120,122,-2,2
59483,151,148,3,3
59484,96,103,-7,7
59485,62,68,-6,6
59486,165,154,11,11
59487,138,130,8,8
59488,128,128,0,0
59489,80,68,12,12
59490,94,103,-9,9
59491,86,90,-4,4
59492,130,128,2,2
59493,154,149,5,5
59494,81,85,-4,4
59495,152,140,12,12
59496,52,53,-1,1
59497,65,67,-2,2
59498,109,110,-1,1
59499,72,76,-4,4
59500,103,104,-1,1
59501,112,97,15,15
59502,65,76,-11,11
59503,77,78,-1,1
59504,189,197,-8,8
59505,178,150,28,28
59506,48,46,2,2
59507,145,138,7,7
59508,47,66,-19,19
59509,146,145,1,1
59510,118,124,-6,6
59511,78,79,-1,1
59512,93,106,-13,13
59513,72,85,-13,13
59514,86,85,1,1
59515,118,102,16,16
59516,87,87,0,0
59517,42,53,-11,11
59518,87,100,-13,13
59519,87,91,-4,4
59520,159,151,8,8
59521,96,105,-9,9
59522,50,59,-9,9
59523,76,88,-12,12
59524,111,129,-18,18
59525,140,141,-1,1
59526,133,125,8,8
59527,89,108,-19,19
59528,94,49,45,45
59529,60,60,0,0
59530,67,90,-23,23
59531,166,145,21,21
59532,74,92,-18,18
59533,88,87,1,1
59534,113,102,11,11
59535,114,115,-1,1
59536,98,94,4,4
59537,52,82,-30,30
59538,109,109,0,0
59539,51,56,-5,5
59540,92,86,6,6
59541,79,80,-1,1
59542,65,73,-8,8
59543,80,81,-1,1
59544,130,118,12,12
59545,90,122,-32,32
59546,108,87,21,21
59547,84,95,-11,11
59548,160,151,9,9
59549,53,44,9,9
59550,62,78,-16,16
59551,65,102,-37,37
59552,65,76,-11,11
59553,61,45,16,16
59554,35,32,3,3
59555,113,113,0,0
59556,69,80,-11,11
59557,56,68,-12,12
59558,103,134,-31,31
59559,76,78,-2,2
59560,106,119,-13,13
59561,157,147,10,10
59562,150,141,9,9
59563,79,82,-3,3
59564,94,98,-4,4
59565,59,61,-2,2
59566,135,150,-15,15
59567,91,85,6,6
59568,129,136,-7,7
59569,80,81,-1,1
59570,58,63,-5,5
59571,96,77,19,19
59572,160,159,1,1
59573,80,58,22,22
59574,55,66,-11,11
59575,101,61,40,40
59576,85,102,-17,17
59577,68,70,-2,2
59578,95,106,-11,11
59579,110,94,16,16
59580,75,59,16,16
59581,73,70,3,3
59582,90,93,-3,3
59583,78,78,0,0
59584,148,138,10,10
59585,94,97,-3,3
59586,64,79,-15,15
59587,186,134,52,52
59588,40,31,9,9
59589,74,97,-23,23
59590,140,135,5,5
59591,103,112,-9,9
59592,179,155,24,24
59593,209,178,31,31
59594,114,98,16,16
59595,44,58,-14,14
59596,84,83,1,1
59597,55,58,-3,3
59598,150,141,9,9
59599,64,82,-18,18
59600,61,61,0,0
59601,89,94,-5,5
59602,129,118,11,11
59603,61,64,-3,3
59604,125,106,19,19
59605,129,117,12,12
59606,94,88,6,6
59607,86,69,17,17
59608,124,126,-2,2
59609,45,59,-14,14
59610,131,125,6,6
59611,89,88,1,1
59612,140,151,-11,11
59613,85,99,-14,14
59614,178,127,51,51
59615,120,117,3,3
59616,135,128,7,7
59617,72,67,5,5
59618,45,49,-4,4
59619,63,67,-4,4
59620,62,84,-22,22
59621,87,82,5,5
59622,165,163,2,2
59623,107,132,-25,25
59624,69,83,-14,14
59625,94,94,0,0
59626,58,62,-4,4
59627,105,76,29,29
59628,115,114,1,1
59629,92,96,-4,4
59630,80,80,0,0
59631,154,129,25,25
59632,61,47,14,14
59633,115,108,7,7
59634,52,47,5,5
59635,69,53,16,16
59636,58,66,-8,8
59637,92,106,-14,14
59638,56,68,-12,12
59639,94,109,-15,15
59640,70,72,-2,2
59641,126,99,27,27
59642,77,80,-3,3
59643,77,82,-5,5
59644,160,165,-5,5
59645,69,62,7,7
59646,73,66,7,7
59647,72,76,-4,4
59648,72,78,-6,6
59649,124,69,55,55
59650,78,81,-3,3
59651,81,82,-1,1
59652,156,156,0,0
59653,67,93,-26,26
59654,118,115,3,3
59655,79,93,-14,14
59656,81,74,7,7
59657,87,79,8,8
59658,57,73,-16,16
59659,70,145,-75,75
59660,147,132,15,15
59661,141,138,3,3
59662,42,102,-60,60
59663,89,101,-12,12
59664,94,114,-20,20
59665,103,102,1,1
59666,100,105,-5,5
59667,56,60,-4,4
59668,85,87,-2,2
59669,77,78,-1,1
59670,89,85,4,4
59671,125,151,-26,26
59672,41,43,-2,2
59673,135,109,26,26
59674,70,87,-17,17
59675,51,40,11,11
59676,86,102,-16,16
59677,100,98,2,2
59678,103,140,-37,37
59679,62,63,-1,1
59680,153,140,13,13
59681,173,165,8,8
59682,137,161,-24,24
59683,107,79,28,28
59684,161,149,12,12
59685,139,138,1,1
59686,62,61,1,1
59687,71,76,-5,5
59688,104,129,-25,25
59689,115,115,0,0
59690,144,150,-6,6
59691,76,77,-1,1
59692,168,162,6,6
59693,76,70,6,6
59694,78,80,-2,2
59695,94,117,-23,23
59696,92,89,3,3
59697,96,90,6,6
59698,131,124,7,7
59699,93,101,-8,8
59700,93,93,0,0
59701,60,53,7,7
59702,78,71,7,7
59703,72,68,4,4
59704,141,80,61,61
59705,116,114,2,2
59706,83,111,-28,28
59707,78,82,-4,4
59708,79,86,-7,7
59709,113,124,-11,11
59710,46,62,-16,16
59711,93,97,-4,4
59712,99,97,2,2
59713,103,119,-16,16
59714,98,99,-1,1
59715,113,116,-3,3
59716,121,151,-30,30
59717,58,62,-4,4
59718,92,98,-6,6
59719,89,113,-24,24
59720,99,105,-6,6
59721,89,88,1,1
59722,79,80,-1,1
59723,138,136,2,2
59724,79,81,-2,2
59725,73,78,-5,5
59726,88,92,-4,4
59727,73,86,-13,13
59728,95,116,-21,21
59729,104,109,-5,5
59730,77,74,3,3
59731,54,65,-11,11
59732,128,125,3,3
59733,88,112,-24,24
59734,89,96,-7,7
59735,100,107,-7,7
59736,132,127,5,5
59737,73,90,-17,17
59738,69,70,-1,1
59739,88,82,6,6
59740,127,131,-4,4
59741,135,134,1,1
59742,71,94,-23,23
59743,133,129,4,4
59744,98,106,-8,8
59745,96,79,17,17
59746,121,119,2,2
59747,110,105,5,5
59748,63,64,-1,1
59749,149,144,5,5
59750,75,96,-21,21
59751,61,67,-6,6
59752,203,159,44,44
59753,106,111,-5,5
59754,90,97,-7,7
59755,111,100,11,11
59756,98,88,10,10
59757,70,90,-20,20
59758,77,73,4,4
59759,65,70,-5,5
59760,110,111,-1,1
59761,82,114,-32,32
59762,135,138,-3,3
59763,133,130,3,3
59764,93,98,-5,5
59765,96,110,-14,14
59766,83,104,-21,21
59767,83,90,-7,7
59768,114,122,-8,8
59769,169,180,-11,11
59770,83,88,-5,5
59771,87,93,-6,6
59772,80,108,-28,28
59773,64,83,-19,19
59774,185,167,18,18
59775,110,109,1,1
59776,109,119,-10,10
59777,52,64,-12,12
59778,103,121,-18,18
59779,34,44,-10,10
59780,69,110,-41,41
59781,154,131,23,23
59782,149,134,15,15
59783,81,80,1,1
59784,81,86,-5,5
59785,68,70,-2,2
59786,93,68,25,25
59787,57,76,-19,19
59788,129,133,-4,4
59789,98,110,-12,12
59790,117,134,-17,17
59791,76,89,-13,13
59792,36,12,24,24
59793,130,140,-10,10
59794,81,85,-4,4
59795,72,70,2,2
59796,76,86,-10,10
59797,63,70,-7,7
59798,97,108,-11,11
59799,61,69,-8,8
59800,85,92,-7,7
59801,110,126,-16,16
59802,85,77,8,8
59803,77,102,-25,25
59804,127,128,-1,1
59805,49,48,1,1
59806,85,88,-3,3
59807,83,95,-12,12
59808,132,153,-21,21
59809,136,141,-5,5
59810,73,69,4,4
59811,71,78,-7,7
59812,79,84,-5,5
59813,88,96,-8,8
59814,70,120,-50,50
59815,75,77,-2,2
59816,46,59,-13,13
59817,101,95,6,6
59818,128,144,-16,16
59819,92,85,7,7
59820,149,127,22,22
59821,122,104,18,18
59822,79,111,-32,32
59823,48,96,-48,48
59824,101,104,-3,3
59825,94,101,-7,7
59826,125,123,2,2
59827,91,100,-9,9
59828,78,55,23,23
59829,121,123,-2,2
59830,166,146,20,20
59831,96,94,2,2
59832,124,131,-7,7
59833,159,148,11,11
59834,66,81,-15,15
59835,82,102,-20,20
59836,75,77,-2,2
59837,59,50,9,9
59838,85,85,0,0
59839,99,91,8,8
59840,148,144,4,4
59841,109,110,-1,1
59842,81,73,8,8
59843,99,94,5,5
59844,47,82,-35,35
59845,78,79,-1,1
59846,85,83,2,2
59847,76,84,-8,8
59848,54,48,6,6
59849,106,113,-7,7
59850,83,82,1,1
59851,66,75,-9,9
59852,47,64,-17,17
59853,60,62,-2,2
59854,109,108,1,1
59855,122,114,8,8
59856,92,88,4,4
59857,102,91,11,11
59858,130,127,3,3
59859,104,98,6,6
59860,106,97,9,9
59861,74,86,-12,12
59862,149,150,-1,1
59863,46,61,-15,15
59864,55,56,-1,1
59865,81,88,-7,7
59866,86,91,-5,5
59867,159,159,0,0
59868,49,41,8,8
59869,76,83,-7,7
59870,109,111,-2,2
59871,88,74,14,14
59872,66,95,-29,29
59873,95,113,-18,18
59874,123,112,11,11
59875,49,55,-6,6
59876,60,61,-1,1
59877,140,138,2,2
59878,72,57,15,15
59879,103,115,-12,12
59880,88,103,-15,15
59881,94,92,2,2
59882,97,85,12,12
59883,112,107,5,5
59884,37,50,-13,13
59885,70,77,-7,7
59886,217,202,15,15
59887,159,132,27,27
59888,86,84,2,2
59889,116,120,-4,4
59890,76,75,1,1
59891,159,158,1,1
59892,102,93,9,9
59893,72,71,1,1
59894,102,105,-3,3
59895,94,87,7,7
59896,56,59,-3,3
59897,136,150,-14,14
59898,78,64,14,14
59899,75,90,-15,15
59900,138,131,7,7
59901,79,81,-2,2
59902,89,92,-3,3
59903,63,74,-11,11
59904,59,68,-9,9
59905,127,136,-9,9
59906,100,93,7,7
59907,60,54,6,6
59908,100,102,-2,2
59909,108,86,22,22
59910,152,145,7,7
59911,118,122,-4,4
59912,81,86,-5,5
59913,49,53,-4,4
59914,90,98,-8,8
59915,97,94,3,3
59916,90,72,18,18
59917,138,136,2,2
59918,116,135,-19,19
59919,86,88,-2,2
59920,106,94,12,12
59921,155,150,5,5
59922,100,100,0,0
59923,66,59,7,7
59924,84,82,2,2
59925,103,104,-1,1
59926,56,65,-9,9
59927,100,103,-3,3
59928,93,103,-10,10
59929,135,141,-6,6
59930,32,14,18,18
59931,93,108,-15,15
59932,107,124,-17,17
59933,62,70,-8,8
59934,59,60,-1,1
59935,91,91,0,0
59936,75,85,-10,10
59937,73,33,40,40
59938,96,94,2,2
59939,115,122,-7,7
59940,63,66,-3,3
59941,85,66,19,19
59942,72,87,-15,15
59943,158,157,1,1
59944,91,93,-2,2
59945,69,81,-12,12
59946,89,115,-26,26
59947,74,70,4,4
59948,104,210,-106,106
59949,49,44,5,5
59950,99,95,4,4
59951,127,124,3,3
59952,73,92,-19,19
59953,49,56,-7,7
59954,87,89,-2,2
59955,157,155,2,2
59956,80,87,-7,7
59957,144,115,29,29
59958,83,94,-11,11
59959,131,126,5,5
59960,95,99,-4,4
59961,141,134,7,7
59962,89,101,-12,12
59963,59,57,2,2
59964,86,97,-11,11
59965,118,117,1,1
59966,78,83,-5,5
59967,148,135,13,13
59968,59,56,3,3
59969,104,112,-8,8
59970,85,82,3,3
59971,103,110,-7,7
59972,236,207,29,29
59973,66,86,-20,20
59974,50,71,-21,21
59975,77,76,1,1
59976,114,102,12,12
59977,85,82,3,3
59978,88,82,6,6
59979,74,77,-3,3
59980,71,75,-4,4
59981,155,153,2,2
59982,62,78,-16,16
59983,100,80,20,20
59984,82,89,-7,7
59985,113,112,1,1
59986,104,17,87,87
59987,104,108,-4,4
59988,105,129,-24,24
59989,153,147,6,6
59990,76,70,6,6
59991,85,75,10,10
59992,119,129,-10,10
59993,106,92,14,14
59994,73,89,-16,16
59995,137,132,5,5
59996,79,79,0,0
59997,186,181,5,5
59998,63,71,-8,8
59999,93,89,4,4
60000,126,136,-10,10
60001,70,75,-5,5
60002,128,122,6,6
60003,61,55,6,6
60004,83,83,0,0
60005,108,104,4,4
60006,87,109,-22,22
60007,97,106,-9,9
60008,62,71,-9,9
60009,129,133,-4,4
60010,124,112,12,12
60011,63,72,-9,9
60012,138,130,8,8
60013,53,52,1,1
60014,76,59,17,17
60015,138,120,18,18
60016,123,127,-4,4
60017,57,48,9,9
60018,83,86,-3,3
60019,96,104,-8,8
60020,119,129,-10,10
60021,72,65,7,7
60022,78,67,11,11
60023,106,85,21,21
60024,83,79,4,4
60025,71,62,9,9
60026,205,183,22,22
60027,59,61,-2,2
60028,57,68,-11,11
60029,90,86,4,4
60030,34,83,-49,49
60031,215,168,47,47
60032,85,89,-4,4
60033,158,159,-1,1
60034,136,117,19,19
60035,55,49,6,6
60036,119,117,2,2
60037,109,143,-34,34
60038,57,51,6,6
60039,92,97,-5,5
60040,99,87,12,12
60041,95,97,-2,2
60042,74,73,1,1
60043,84,98,-14,14
60044,107,106,1,1
60045,78,93,-15,15
60046,64,71,-7,7
60047,66,81,-15,15
60048,88,88,0,0
60049,135,120,15,15
60050,139,133,6,6
60051,126,138,-12,12
60052,82,100,-18,18
60053,70,62,8,8
60054,81,96,-15,15
60055,60,73,-13,13
60056,56,56,0,0
60057,131,131,0,0
60058,59,67,-8,8
60059,83,82,1,1
60060,145,148,-3,3
60061,86,102,-16,16
60062,102,111,-9,9
60063,77,78,-1,1
60064,136,120,16,16
60065,68,66,2,2
60066,81,79,2,2
60067,82,77,5,5
60068,85,75,10,10
60069,121,114,7,7
60070,69,39,30,30
60071,56,64,-8,8
60072,170,160,10,10
60073,123,130,-7,7
60074,71,42,29,29
60075,77,83,-6,6
60076,140,134,6,6
60077,141,146,-5,5
60078,98,89,9,9
60079,93,91,2,2
60080,69,79,-10,10
60081,104,113,-9,9
60082,53,61,-8,8
60083,75,91,-16,16
60084,120,117,3,3
60085,86,92,-6,6
60086,98,97,1,1
60087,84,97,-13,13
60088,88,72,16,16
60089,113,118,-5,5
60090,74,78,-4,4
60091,91,86,5,5
60092,149,121,28,28
60093,82,79,3,3
60094,84,90,-6,6
60095,195,167,28,28
60096,117,128,-11,11
60097,120,119,1,1
60098,180,159,21,21
60099,80,105,-25,25
60100,122,125,-3,3
60101,135,144,-9,9
60102,159,162,-3,3
60103,107,119,-12,12
60104,76,93,-17,17
60105,85,82,3,3
60106,87,68,19,19
60107,88,86,2,2
60108,41,37,4,4
60109,78,80,-2,2
60110,61,51,10,10
60111,87,81,6,6
60112,129,111,18,18
60113,84,97,-13,13
60114,142,141,1,1
60115,126,123,3,3
60116,89,92,-3,3
60117,74,71,3,3
60118,51,49,2,2
60119,141,131,10,10
60120,83,83,0,0
60121,120,165,-45,45
60122,144,136,8,8
60123,67,89,-22,22
60124,82,71,11,11
60125,67,65,2,2
60126,85,72,13,13
60127,62,57,5,5
60128,106,107,-1,1
60129,59,66,-7,7
60130,73,73,0,0
60131,145,149,-4,4
60132,65,69,-4,4
60133,72,75,-3,3
60134,118,114,4,4
60135,105,121,-16,16
60136,71,69,2,2
60137,96,98,-2,2
60138,111,107,4,4
60139,73,86,-13,13
60140,88,86,2,2
60141,210,196,14,14
60142,104,98,6,6
60143,76,70,6,6
60144,43,53,-10,10
60145,110,105,5,5
60146,93,90,3,3
60147,114,109,5,5
60148,190,182,8,8
60149,87,89,-2,2
60150,85,79,6,6
60151,95,100,-5,5
60152,97,120,-23,23
60153,58,50,8,8
60154,126,148,-22,22
60155,145,135,10,10
60156,61,60,1,1
60157,113,101,12,12
60158,42,49,-7,7
60159,108,103,5,5
60160,93,91,2,2
60161,157,158,-1,1
60162,75,77,-2,2
60163,59,61,-2,2
60164,101,109,-8,8
60165,83,76,7,7
60166,95,97,-2,2
60167,100,99,1,1
60168,69,79,-10,10
60169,108,111,-3,3
60170,79,52,27,27
60171,105,110,-5,5
60172,98,115,-17,17
60173,123,134,-11,11
60174,103,104,-1,1
60175,158,158,0,0
60176,98,105,-7,7
60177,128,136,-8,8
60178,54,56,-2,2
60179,54,94,-40,40
60180,86,101,-15,15
60181,119,118,1,1
60182,67,69,-2,2
60183,114,115,-1,1
60184,104,108,-4,4
60185,81,88,-7,7
60186,84,80,4,4
60187,86,72,14,14
60188,93,86,7,7
60189,75,70,5,5
60190,69,71,-2,2
60191,96,87,9,9
60192,117,97,20,20
60193,164,167,-3,3
60194,121,116,5,5
60195,93,97,-4,4
60196,91,77,14,14
60197,144,143,1,1
60198,101,103,-2,2
60199,135,80,55,55
60200,102,109,-7,7
60201,83,101,-18,18
60202,88,85,3,3
60203,101,100,1,1
60204,102,110,-8,8
60205,102,115,-13,13
60206,105,92,13,13
60207,99,112,-13,13
60208,151,148,3,3
60209,67,69,-2,2
60210,164,136,28,28
60211,85,93,-8,8
60212,89,93,-4,4
60213,59,61,-2,2
60214,94,92,2,2
60215,123,122,1,1
60216,79,79,0,0
60217,74,98,-24,24
60218,176,163,13,13
60219,59,67,-8,8
60220,100,97,3,3
60221,123,123,0,0
60222,104,106,-2,2
60223,145,144,1,1
60224,97,100,-3,3
60225,175,154,21,21
60226,63,60,3,3
60227,124,146,-22,22
60228,68,100,-32,32
60229,139,134,5,5
60230,78,77,1,1
60231,79,109,-30,30
60232,48,82,-34,34
60233,141,134,7,7
60234,136,124,12,12
60235,123,128,-5,5
60236,85,87,-2,2
60237,128,114,14,14
60238,97,84,13,13
60239,63,67,-4,4
60240,141,148,-7,7
60241,87,87,0,0
60242,93,106,-13,13
60243,54,49,5,5
60244,133,119,14,14
60245,50,46,4,4
60246,71,70,1,1
60247,75,71,4,4
60248,165,175,-10,10
60249,64,58,6,6
60250,95,83,12,12
60251,65,64,1,1
60252,106,102,4,4
60253,91,71,20,20
60254,70,85,-15,15
60255,124,127,-3,3
60256,48,58,-10,10
60257,74,84,-10,10
60258,64,63,1,1
60259,104,114,-10,10
60260,82,90,-8,8
60261,82,90,-8,8
60262,147,152,-5,5
60263,123,110,13,13
60264,81,89,-8,8
60265,146,151,-5,5
60266,88,101,-13,13
60267,78,89,-11,11
60268,118,126,-8,8
60269,160,157,3,3
60270,176,168,8,8
60271,133,106,27,27
60272,122,122,0,0
60273,74,86,-12,12
60274,75,75,0,0
60275,116,115,1,1
60276,116,116,0,0
60277,126,90,36,36
60278,53,54,-1,1
60279,58,84,-26,26
60280,169,143,26,26
60281,100,114,-14,14
60282,56,63,-7,7
60283,63,67,-4,4
60284,58,47,11,11
60285,56,85,-29,29
60286,131,133,-2,2
60287,74,75,-1,1
60288,143,133,10,10
60289,127,111,16,16
60290,98,95,3,3
60291,60,48,12,12
60292,65,11,54,54
60293,76,66,10,10
60294,72,66,6,6
60295,83,56,27,27
60296,41,52,-11,11
60297,91,32,59,59
60298,125,133,-8,8
60299,119,132,-13,13
60300,92,76,16,16
60301,100,121,-21,21
60302,125,128,-3,3
60303,95,106,-11,11
60304,108,95,13,13
60305,118,116,2,2
60306,124,141,-17,17
60307,31,26,5,5
60308,175,179,-4,4
60309,122,121,1,1
60310,117,126,-9,9
60311,30,62,-32,32
60312,184,153,31,31
60313,93,94,-1,1
60314,98,95,3,3
60315,82,92,-10,10
60316,91,82,9,9
60317,67,77,-10,10
60318,103,91,12,12
60319,127,129,-2,2
60320,64,65,-1,1
60321,70,80,-10,10
60322,68,77,-9,9
60323,87,96,-9,9
60324,103,115,-12,12
60325,91,110,-19,19
60326,77,71,6,6
60327,70,66,4,4
60328,90,97,-7,7
60329,64,69,-5,5
60330,53,55,-2,2
60331,87,77,10,10
60332,112,104,8,8
60333,91,86,5,5
60334,132,132,0,0
60335,116,116,0,0
60336,99,105,-6,6
60337,80,88,-8,8
60338,125,131,-6,6
60339,83,88,-5,5
60340,123,136,-13,13
60341,126,115,11,11
60342,114,123,-9,9
60343,139,132,7,7
60344,135,154,-19,19
60345,61,57,4,4
60346,70,69,1,1
60347,112,119,-7,7
60348,79,88,-9,9
60349,58,75,-17,17
60350,131,133,-2,2
60351,154,142,12,12
60352,85,88,-3,3
60353,116,113,3,3
60354,71,78,-7,7
60355,62,76,-14,14
60356,72,79,-7,7
60357,137,148,-11,11
60358,152,132,20,20
60359,85,93,-8,8
60360,63,72,-9,9
60361,67,59,8,8
60362,108,128,-20,20
60363,120,129,-9,9
60364,103,112,-9,9
60365,96,100,-4,4
60366,108,114,-6,6
60367,49,105,-56,56
60368,83,88,-5,5
60369,91,92,-1,1
60370,112,112,0,0
60371,148,144,4,4
60372,110,125,-15,15
60373,90,86,4,4
60374,71,65,6,6
60375,95,103,-8,8
60376,78,77,1,1
60377,102,108,-6,6
60378,99,95,4,4
60379,71,78,-7,7
60380,103,116,-13,13
60381,75,56,19,19
60382,128,125,3,3
60383,37,31,6,6
60384,82,84,-2,2
60385,82,91,-9,9
60386,105,111,-6,6
60387,96,84,12,12
60388,57,54,3,3
60389,135,133,2,2
60390,87,83,4,4
60391,75,42,33,33
60392,75,86,-11,11
60393,127,117,10,10
60394,105,109,-4,4
60395,61,57,4,4
60396,66,91,-25,25
60397,140,137,3,3
60398,129,136,-7,7
60399,150,136,14,14
60400,109,128,-19,19
60401,115,139,-24,24
60402,118,97,21,21
60403,58,81,-23,23
60404,79,80,-1,1
60405,28,48,-20,20
60406,173,150,23,23
60407,89,110,-21,21
60408,95,81,14,14
60409,71,89,-18,18
60410,87,96,-9,9
60411,77,74,3,3
60412,106,112,-6,6
60413,88,83,5,5
60414,74,77,-3,3
60415,66,63,3,3
60416,64,85,-21,21
60417,115,123,-8,8
60418,59,47,12,12
60419,142,132,10,10
60420,73,68,5,5
60421,138,121,17,17
60422,110,119,-9,9
60423,81,89,-8,8
60424,143,163,-20,20
60425,137,123,14,14
60426,177,168,9,9
60427,100,104,-4,4
60428,112,123,-11,11
60429,136,105,31,31
60430,48,34,14,14
60431,112,143,-31,31
60432,115,119,-4,4
60433,134,128,6,6
60434,97,116,-19,19
60435,86,81,5,5
60436,115,114,1,1
60437,80,73,7,7
60438,157,156,1,1
60439,59,53,6,6
60440,118,120,-2,2
60441,64,75,-11,11
60442,123,126,-3,3
60443,70,76,-6,6
60444,60,77,-17,17
60445,76,84,-8,8
60446,161,153,8,8
60447,129,144,-15,15
60448,66,69,-3,3
60449,104,99,5,5
60450,86,91,-5,5
60451,53,44,9,9
60452,76,54,22,22
60453,202,163,39,39
60454,81,71,10,10
60455,136,139,-3,3
60456,80,65,15,15
60457,54,57,-3,3
60458,71,66,5,5
60459,37,47,-10,10
60460,92,91,1,1
60461,81,30,51,51
60462,94,121,-27,27
60463,116,111,5,5
60464,89,100,-11,11
60465,123,114,9,9
60466,95,97,-2,2
60467,114,110,4,4
60468,134,147,-13,13
60469,153,154,-1,1
60470,82,75,7,7
60471,104,113,-9,9
60472,101,91,10,10
60473,73,57,16,16
60474,121,125,-4,4
60475,147,138,9,9
60476,70,85,-15,15
60477,126,134,-8,8
60478,284,203,81,81
60479,124,139,-15,15
60480,107,117,-10,10
60481,78,70,8,8
60482,116,114,2,2
60483,139,133,6,6
60484,127,130,-3,3
60485,61,55,6,6
60486,56,53,3,3
60487,105,105,0,0
60488,68,91,-23,23
60489,101,104,-3,3
60490,64,17,47,47
60491,70,74,-4,4
60492,129,128,1,1
60493,86,77,9,9
60494,71,63,8,8
60495,57,124,-67,67
60496,63,85,-22,22
60497,100,92,8,8
60498,138,137,1,1
60499,143,135,8,8
60500,123,123,0,0
60501,114,119,-5,5
60502,69,69,0,0
60503,71,71,0,0
60504,65,53,12,12
60505,94,118,-24,24
60506,73,68,5,5
60507,77,74,3,3
60508,68,64,4,4
60509,126,126,0,0
60510,133,131,2,2
60511,111,122,-11,11
60512,80,81,-1,1
60513,74,89,-15,15
60514,91,104,-13,13
60515,111,117,-6,6
60516,100,105,-5,5
60517,191,163,28,28
60518,124,113,11,11
60519,55,61,-6,6
60520,113,114,-1,1
60521,34,26,8,8
60522,108,91,17,17
60523,74,68,6,6
60524,163,149,14,14
60525,135,128,7,7
60526,86,109,-23,23
60527,122,120,2,2
60528,135,120,15,15
60529,68,96,-28,28
60530,75,72,3,3
60531,127,136,-9,9
60532,65,64,1,1
60533,83,90,-7,7
60534,103,92,11,11
60535,79,90,-11,11
60536,77,87,-10,10
60537,116,114,2,2
60538,123,122,1,1
60539,70,72,-2,2
60540,66,80,-14,14
60541,102,116,-14,14
60542,108,133,-25,25
60543,64,66,-2,2
60544,116,128,-12,12
60545,154,158,-4,4
60546,78,87,-9,9
60547,97,92,5,5
60548,64,66,-2,2
60549,109,110,-1,1
60550,109,106,3,3
60551,110,110,0,0
60552,124,113,11,11
60553,50,61,-11,11
60554,75,71,4,4
60555,112,111,1,1
60556,72,92,-20,20
60557,113,111,2,2
60558,70,84,-14,14
60559,112,97,15,15
60560,71,59,12,12
60561,117,101,16,16
60562,88,84,4,4
60563,88,82,6,6
60564,96,65,31,31
60565,114,115,-1,1
60566,46,50,-4,4
60567,82,78,4,4
60568,77,67,10,10
60569,68,125,-57,57
60570,79,88,-9,9
60571,78,91,-13,13
60572,48,47,1,1
60573,55,47,8,8
60574,110,120,-10,10
60575,106,101,5,5
60576,88,86,2,2
60577,90,103,-13,13
60578,84,107,-23,23
60579,78,87,-9,9
60580,108,124,-16,16
60581,52,62,-10,10
60582,162,81,81,81
60583,46,53,-7,7
60584,100,116,-16,16
60585,95,94,1,1
60586,138,142,-4,4
60587,53,63,-10,10
60588,100,89,11,11
60589,93,97,-4,4
60590,90,112,-22,22
60591,103,111,-8,8
60592,92,82,10,10
60593,52,46,6,6
60594,104,101,3,3
60595,49,41,8,8
60596,82,73,9,9
60597,104,98,6,6
60598,167,152,15,15
60599,58,56,2,2
60600,79,90,-11,11
60601,75,67,8,8
60602,70,75,-5,5
60603,78,57,21,21
60604,70,95,-25,25
60605,130,132,-2,2
60606,90,92,-2,2
60607,68,74,-6,6
60608,97,105,-8,8
60609,83,74,9,9
60610,51,55,-4,4
60611,70,72,-2,2
60612,35,120,-85,85
60613,24,50,-26,26
60614,113,78,35,35
60615,133,129,4,4
60616,90,94,-4,4
60617,84,80,4,4
60618,86,80,6,6
60619,63,68,-5,5
60620,51,55,-4,4
60621,153,149,4,4
60622,113,116,-3,3
60623,47,51,-4,4
60624,111,112,-1,1
60625,67,78,-11,11
60626,51,101,-50,50
60627,57,59,-2,2
60628,67,57,10,10
60629,149,152,-3,3
60630,71,81,-10,10
60631,100,119,-19,19
60632,94,97,-3,3
60633,61,65,-4,4
60634,100,88,12,12
60635,147,154,-7,7
60636,92,96,-4,4
60637,79,98,-19,19
60638,95,102,-7,7
60639,155,163,-8,8
60640,88,82,6,6
60641,149,144,5,5
60642,128,126,2,2
60643,73,62,11,11
60644,124,123,1,1
60645,78,82,-4,4
60646,73,45,28,28
60647,104,96,8,8
60648,124,116,8,8
60649,65,94,-29,29
60650,98,92,6,6
60651,100,101,-1,1
60652,79,71,8,8
60653,216,188,28,28
60654,77,82,-5,5
60655,64,77,-13,13
60656,43,37,6,6
60657,124,118,6,6
60658,87,88,-1,1
60659,98,102,-4,4
60660,91,94,-3,3
60661,81,73,8,8
60662,109,124,-15,15
60663,61,80,-19,19
60664,86,86,0,0
60665,126,128,-2,2
60666,85,81,4,4
60667,94,118,-24,24
60668,68,71,-3,3
60669,77,82,-5,5
60670,72,85,-13,13
60671,107,101,6,6
60672,83,80,3,3
60673,116,122,-6,6
60674,59,49,10,10
60675,53,50,3,3
60676,137,134,3,3
60677,128,128,0,0
60678,97,101,-4,4
60679,97,92,5,5
60680,75,68,7,7
60681,107,92,15,15
60682,96,74,22,22
60683,139,127,12,12
60684,62,64,-2,2
60685,90,82,8,8
60686,104,109,-5,5
60687,124,125,-1,1
60688,107,65,42,42
60689,124,140,-16,16
60690,105,104,1,1
60691,134,141,-7,7
60692,122,135,-13,13
60693,70,84,-14,14
60694,152,145,7,7
60695,95,90,5,5
60696,67,87,-20,20
60697,109,115,-6,6
60698,170,220,-50,50
60699,80,80,0,0
60700,88,80,8,8
60701,131,108,23,23
60702,84,82,2,2
60703,97,103,-6,6
60704,149,128,21,21
60705,79,90,-11,11
60706,93,100,-7,7
60707,81,84,-3,3
60708,125,128,-3,3
60709,82,84,-2,2
60710,79,83,-4,4
60711,65,62,3,3
60712,95,100,-5,5
60713,111,132,-21,21
60714,113,112,1,1
60715,119,125,-6,6
60716,68,87,-19,19
60717,135,115,20,20
60718,102,102,0,0
60719,96,112,-16,16
60720,107,124,-17,17
60721,86,89,-3,3
60722,158,131,27,27
60723,141,131,10,10
60724,129,133,-4,4
60725,49,40,9,9
60726,149,144,5,5
60727,114,109,5,5
60728,40,39,1,1
60729,55,54,1,1
60730,85,78,7,7
60731,65,58,7,7
60732,97,107,-10,10
60733,148,146,2,2
60734,141,129,12,12
60735,69,68,1,1
60736,80,91,-11,11
60737,158,143,15,15
60738,75,73,2,2
60739,88,98,-10,10
60740,110,99,11,11
60741,82,80,2,2
60742,58,73,-15,15
60743,76,68,8,8
60744,48,51,-3,3
60745,106,90,16,16
60746,108,103,5,5
60747,191,156,35,35
60748,100,113,-13,13
60749,58,73,-15,15
60750,117,111,6,6
60751,233,175,58,58
60752,78,92,-14,14
60753,83,88,-5,5
60754,66,38,28,28
60755,55,64,-9,9
60756,77,83,-6,6
60757,102,97,5,5
60758,62,57,5,5
60759,71,76,-5,5
60760,139,154,-15,15
60761,132,141,-9,9
60762,94,102,-8,8
60763,107,107,0,0
60764,60,83,-23,23
60765,94,114,-20,20
60766,72,65,7,7
60767,86,70,16,16
60768,75,80,-5,5
60769,87,86,1,1
60770,148,135,13,13
60771,120,115,5,5
60772,68,63,5,5
60773,81,76,5,5
60774,222,195,27,27
60775,68,71,-3,3
60776,103,123,-20,20
60777,133,117,16,16
60778,135,84,51,51
60779,97,100,-3,3
60780,56,59,-3,3
60781,73,78,-5,5
60782,110,126,-16,16
60783,116,120,-4,4
60784,46,35,11,11
60785,119,120,-1,1
60786,42,36,6,6
60787,71,90,-19,19
60788,80,74,6,6
60789,87,91,-4,4
60790,73,83,-10,10
60791,99,87,12,12
60792,36,69,-33,33
60793,70,64,6,6
60794,55,51,4,4
60795,104,103,1,1
60796,135,135,0,0
60797,103,107,-4,4
60798,83,95,-12,12
60799,87,85,2,2
60800,78,72,6,6
60801,68,91,-23,23
60802,70,80,-10,10
60803,112,104,8,8
60804,99,103,-4,4
60805,103,115,-12,12
60806,87,94,-7,7
60807,105,106,-1,1
60808,94,108,-14,14
60809,185,167,18,18
60810,167,163,4,4
60811,67,81,-14,14
60812,98,77,21,21
60813,109,114,-5,5
60814,139,137,2,2
60815,88,85,3,3
60816,117,118,-1,1
60817,101,101,0,0
60818,124,126,-2,2
60819,182,149,33,33
60820,198,164,34,34
60821,115,121,-6,6
60822,92,97,-5,5
60823,77,78,-1,1
60824,104,111,-7,7
60825,75,63,12,12
60826,93,91,2,2
60827,173,153,20,20
60828,121,126,-5,5
60829,141,100,41,41
60830,66,84,-18,18
60831,72,58,14,14
60832,104,113,-9,9
60833,103,108,-5,5
60834,81,77,4,4
60835,122,79,43,43
60836,131,117,14,14
60837,58,62,-4,4
60838,106,110,-4,4
60839,119,111,8,8
60840,57,45,12,12
60841,77,80,-3,3
60842,67,58,9,9
60843,85,77,8,8
60844,62,75,-13,13
60845,140,137,3,3
60846,72,83,-11,11
60847,125,135,-10,10
60848,166,146,20,20
60849,133,125,8,8
60850,101,80,21,21
60851,156,135,21,21
60852,68,79,-11,11
60853,70,70,0,0
60854,127,129,-2,2
60855,89,86,3,3
60856,111,94,17,17
60857,154,129,25,25
60858,91,86,5,5
60859,59,55,4,4
60860,105,99,6,6
60861,108,129,-21,21
60862,87,102,-15,15
60863,143,130,13,13
60864,88,84,4,4
60865,83,88,-5,5
60866,105,108,-3,3
60867,96,102,-6,6
60868,95,88,7,7
60869,104,113,-9,9
60870,97,119,-22,22
60871,111,120,-9,9
60872,93,92,1,1
60873,54,50,4,4
60874,90,108,-18,18
60875,52,54,-2,2
60876,85,91,-6,6
60877,114,117,-3,3
60878,152,154,-2,2
60879,79,113,-34,34
60880,118,121,-3,3
60881,85,92,-7,7
60882,94,83,11,11
60883,49,50,-1,1
60884,56,63,-7,7
60885,156,125,31,31
60886,55,45,10,10
60887,116,118,-2,2
60888,84,93,-9,9
60889,105,107,-2,2
60890,122,119,3,3
60891,80,94,-14,14
60892,89,105,-16,16
60893,117,117,0,0
60894,50,48,2,2
60895,65,78,-13,13
60896,115,125,-10,10
60897,78,84,-6,6
60898,112,116,-4,4
60899,84,73,11,11
60900,144,151,-7,7
60901,95,99,-4,4
60902,125,128,-3,3
60903,115,129,-14,14
60904,76,97,-21,21
60905,119,122,-3,3
60906,133,149,-16,16
60907,90,89,1,1
60908,112,110,2,2
60909,76,77,-1,1
60910,147,126,21,21
60911,55,49,6,6
60912,131,125,6,6
60913,116,111,5,5
60914,84,82,2,2
60915,72,88,-16,16
60916,73,77,-4,4
60917,43,46,-3,3
60918,73,78,-5,5
60919,82,95,-13,13
60920,56,61,-5,5
60921,99,101,-2,2
60922,105,98,7,7
60923,79,112,-33,33
60924,138,125,13,13
60925,111,117,-6,6
60926,36,41,-5,5
60927,138,130,8,8
60928,89,100,-11,11
60929,93,69,24,24
60930,132,134,-2,2
60931,108,113,-5,5
60932,66,68,-2,2
60933,71,67,4,4
60934,65,76,-11,11
60935,200,184,16,16
60936,72,100,-28,28
60937,232,194,38,38
60938,75,75,0,0
60939,186,135,51,51
60940,125,125,0,0
60941,95,105,-10,10
60942,203,151,52,52
60943,176,120,56,56
60944,129,129,0,0
60945,76,77,-1,1
60946,143,132,11,11
60947,49,63,-14,14
60948,92,90,2,2
60949,92,101,-9,9
60950,75,77,-2,2
60951,105,99,6,6
60952,155,130,25,25
60953,95,110,-15,15
60954,86,88,-2,2
60955,132,132,0,0
60956,46,48,-2,2
60957,69,73,-4,4
60958,58,72,-14,14
60959,140,111,29,29
60960,70,86,-16,16
60961,89,103,-14,14
60962,84,79,5,5
60963,124,122,2,2
60964,71,88,-17,17
60965,127,128,-1,1
60966,69,65,4,4
60967,111,101,10,10
60968,125,130,-5,5
60969,85,85,0,0
60970,76,76,0,0
60971,85,90,-5,5
60972,55,58,-3,3
60973,92,91,1,1
60974,182,164,18,18
60975,89,93,-4,4
60976,102,104,-2,2
60977,113,122,-9,9
60978,131,135,-4,4
60979,133,145,-12,12
60980,98,80,18,18
60981,154,135,19,19
60982,99,102,-3,3
60983,114,113,1,1
60984,110,105,5,5
60985,125,80,45,45
60986,52,81,-29,29
60987,42,40,2,2
60988,80,57,23,23
60989,83,78,5,5
60990,143,140,3,3
60991,56,49,7,7
60992,131,126,5,5
60993,112,136,-24,24
60994,110,110,0,0
60995,104,110,-6,6
60996,71,76,-5,5
60997,36,26,10,10
60998,57,63,-6,6
60999,72,84,-12,12
61000,119,105,14,14
61001,194,164,30,30
61002,107,87,20,20
61003,123,126,-3,3
61004,87,100,-13,13
61005,157,148,9,9
61006,75,75,0,0
61007,94,91,3,3
61008,85,90,-5,5
61009,85,89,-4,4
61010,44,46,-2,2
61011,78,82,-4,4
61012,97,83,14,14
61013,34,75,-41,41
61014,38,31,7,7
61015,93,83,10,10
61016,113,103,10,10
61017,130,136,-6,6
61018,46,47,-1,1
61019,94,104,-10,10
61020,144,134,10,10
61021,60,68,-8,8
61022,110,118,-8,8
61023,78,76,2,2
61024,172,120,52,52
61025,117,139,-22,22
61026,60,74,-14,14
61027,114,103,11,11
61028,136,145,-9,9
61029,130,125,5,5
61030,140,137,3,3
61031,58,65,-7,7
61032,87,91,-4,4
61033,154,154,0,0
61034,84,71,13,13
61035,78,75,3,3
61036,224,255,-31,31
61037,77,62,15,15
61038,114,111,3,3
61039,64,63,1,1
61040,145,137,8,8
61041,62,61,1,1
61042,123,111,12,12
61043,126,121,5,5
61044,59,71,-12,12
61045,59,69,-10,10
61046,65,75,-10,10
61047,81,98,-17,17
61048,104,71,33,33
61049,94,101,-7,7
61050,131,127,4,4
61051,60,70,-10,10
61052,111,107,4,4
61053,159,131,28,28
61054,145,146,-1,1
61055,67,83,-16,16
61056,114,104,10,10
61057,82,86,-4,4
61058,93,97,-4,4
61059,53,51,2,2
61060,83,106,-23,23
61061,101,108,-7,7
61062,112,133,-21,21
61063,71,58,13,13
61064,86,80,6,6
61065,49,94,-45,45
61066,59,60,-1,1
61067,125,125,0,0
61068,157,154,3,3
61069,90,97,-7,7
61070,160,160,0,0
61071,128,114,14,14
61072,78,82,-4,4
61073,153,147,6,6
61074,87,128,-41,41
61075,133,108,25,25
61076,96,100,-4,4
61077,88,104,-16,16
61078,69,90,-21,21
61079,150,148,2,2
61080,134,124,10,10
61081,122,119,3,3
61082,91,88,3,3
61083,156,143,13,13
61084,76,82,-6,6
61085,44,33,11,11
61086,117,118,-1,1
61087,110,108,2,2
61088,101,91,10,10
61089,81,81,0,0
61090,52,49,3,3
61091,164,150,14,14
61092,40,33,7,7
61093,80,97,-17,17
61094,129,128,1,1
61095,131,121,10,10
61096,87,93,-6,6
61097,79,68,11,11
61098,110,108,2,2
61099,120,118,2,2
61100,100,118,-18,18
61101,113,109,4,4
61102,97,125,-28,28
61103,75,81,-6,6
61104,85,102,-17,17
61105,49,32,17,17
61106,103,112,-9,9
61107,177,163,14,14
61108,94,108,-14,14
61109,130,132,-2,2
61110,72,73,-1,1
61111,158,132,26,26
61112,47,55,-8,8
61113,74,82,-8,8
61114,101,113,-12,12
61115,51,79,-28,28
61116,83,98,-15,15
61117,142,120,22,22
61118,58,71,-13,13
61119,83,85,-2,2
61120,45,39,6,6
61121,138,127,11,11
61122,152,123,29,29
61123,101,100,1,1
61124,77,72,5,5
61125,52,79,-27,27
61126,89,80,9,9
61127,149,145,4,4
61128,78,71,7,7
61129,146,142,4,4
61130,122,130,-8,8
61131,88,82,6,6
61132,131,146,-15,15
61133,67,73,-6,6
61134,107,95,12,12
61135,139,143,-4,4
61136,164,137,27,27
61137,134,129,5,5
61138,71,70,1,1
61139,87,58,29,29
61140,68,77,-9,9
61141,56,114,-58,58
61142,118,121,-3,3
61143,101,111,-10,10
61144,75,76,-1,1
61145,127,128,-1,1
61146,85,84,1,1
61147,57,5,52,52
61148,37,55,-18,18
61149,116,128,-12,12
61150,108,89,19,19
61151,137,134,3,3
61152,58,65,-7,7
61153,67,88,-21,21
61154,106,109,-3,3
61155,132,114,18,18
61156,102,97,5,5
61157,115,121,-6,6
61158,85,83,2,2
61159,107,111,-4,4
61160,49,50,-1,1
61161,139,124,15,15
61162,126,133,-7,7
61163,135,145,-10,10
61164,69,74,-5,5
61165,88,91,-3,3
61166,117,120,-3,3
61167,77,69,8,8
61168,51,64,-13,13
61169,92,109,-17,17
61170,80,86,-6,6
61171,82,93,-11,11
61172,157,154,3,3
61173,83,92,-9,9
61174,136,115,21,21
61175,147,137,10,10
61176,49,44,5,5
61177,86,83,3,3
61178,125,120,5,5
61179,73,67,6,6
61180,99,117,-18,18
61181,102,112,-10,10
61182,101,102,-1,1
61183,109,115,-6,6
61184,126,129,-3,3
61185,142,126,16,16
61186,62,65,-3,3
61187,113,120,-7,7
61188,149,124,25,25
61189,61,58,3,3
61190,66,77,-11,11
61191,122,126,-4,4
61192,89,89,0,0
61193,76,79,-3,3
61194,74,98,-24,24
61195,61,72,-11,11
61196,44,35,9,9
61197,107,125,-18,18
61198,104,88,16,16
61199,109,109,0,0
61200,140,132,8,8
61201,43,53,-10,10
61202,40,32,8,8
61203,223,203,20,20
61204,95,96,-1,1
61205,47,58,-11,11
61206,71,52,19,19
61207,121,108,13,13
61208,119,121,-2,2
61209,135,133,2,2
61210,78,73,5,5
61211,96,92,4,4
61212,71,90,-19,19
61213,71,73,-2,2
61214,108,133,-25,25
61215,64,60,4,4
61216,169,181,-12,12
61217,80,76,4,4
61218,78,82,-4,4
61219,100,100,0,0
61220,90,90,0,0
61221,108,102,6,6
61222,84,96,-12,12
61223,150,150,0,0
61224,91,57,34,34
61225,55,50,5,5
61226,83,90,-7,7
61227,119,158,-39,39
61228,86,94,-8,8
61229,101,111,-10,10
61230,89,92,-3,3
61231,80,97,-17,17
61232,116,111,5,5
61233,146,147,-1,1
61234,64,77,-13,13
61235,175,130,45,45
61236,139,129,10,10
61237,79,84,-5,5
61238,120,116,4,4
61239,84,91,-7,7
61240,132,133,-1,1
61241,71,75,-4,4
61242,104,79,25,25
61243,60,58,2,2
61244,171,142,29,29
61245,93,83,10,10
61246,132,127,5,5
61247,55,60,-5,5
61248,74,66,8,8
61249,126,116,10,10
61250,75,80,-5,5
61251,45,51,-6,6
61252,95,92,3,3
61253,154,141,13,13
61254,143,136,7,7
61255,111,113,-2,2
61256,97,104,-7,7
61257,203,234,-31,31
61258,42,22,20,20
61259,49,49,0,0
61260,111,114,-3,3
61261,76,68,8,8
61262,79,74,5,5
61263,70,82,-12,12
61264,57,70,-13,13
61265,60,99,-39,39
61266,119,134,-15,15
61267,76,90,-14,14
61268,72,69,3,3
61269,124,114,10,10
61270,138,120,18,18
61271,118,120,-2,2
61272,119,118,1,1
61273,94,84,10,10
61274,113,135,-22,22
61275,69,98,-29,29
61276,106,108,-2,2
61277,41,51,-10,10
61278,88,97,-9,9
61279,124,144,-20,20
61280,51,59,-8,8
61281,70,83,-13,13
61282,112,118,-6,6
61283,100,92,8,8
61284,143,134,9,9
61285,87,97,-10,10
61286,61,62,-1,1
61287,64,71,-7,7
61288,130,35,95,95
61289,81,84,-3,3
61290,73,48,25,25
61291,47,55,-8,8
61292,99,120,-21,21
61293,95,101,-6,6
61294,105,112,-7,7
61295,126,127,-1,1
61296,108,115,-7,7
61297,67,71,-4,4
61298,72,72,0,0
61299,65,57,8,8
61300,109,113,-4,4
61301,52,57,-5,5
61302,122,110,12,12
61303,59,83,-24,24
61304,117,135,-18,18
61305,79,72,7,7
61306,46,51,-5,5
61307,64,85,-21,21
61308,71,88,-17,17
61309,60,67,-7,7
61310,70,78,-8,8
61311,114,117,-3,3
61312,101,112,-11,11
61313,138,141,-3,3
61314,98,96,2,2
61315,92,98,-6,6
61316,196,193,3,3
61317,109,112,-3,3
61318,55,58,-3,3
61319,166,161,5,5
61320,68,69,-1,1
61321,61,70,-9,9
61322,79,84,-5,5
61323,86,81,5,5
61324,90,98,-8,8
61325,128,131,-3,3
61326,102,115,-13,13
61327,118,116,2,2
61328,86,89,-3,3
61329,105,110,-5,5
61330,78,76,2,2
61331,96,89,7,7
61332,38,40,-2,2
61333,96,101,-5,5
61334,123,127,-4,4
61335,85,85,0,0
61336,117,109,8,8
61337,78,109,-31,31
61338,131,118,13,13
61339,82,77,5,5
61340,87,96,-9,9
61341,81,88,-7,7
61342,59,59,0,0
61343,84,88,-4,4
61344,89,90,-1,1
61345,65,67,-2,2
61346,131,129,2,2
61347,55,55,0,0
61348,66,53,13,13
61349,74,89,-15,15
61350,84,76,8,8
61351,110,97,13,13
61352,63,86,-23,23
61353,97,76,21,21
61354,55,65,-10,10
61355,94,100,-6,6
61356,148,121,27,27
61357,110,111,-1,1
61358,161,154,7,7
61359,139,140,-1,1
61360,63,71,-8,8
61361,120,122,-2,2
61362,79,91,-12,12
61363,131,147,-16,16
61364,150,135,15,15
61365,80,52,28,28
61366,37,18,19,19
61367,116,104,12,12
61368,82,79,3,3
61369,130,133,-3,3
61370,68,80,-12,12
61371,86,72,14,14
61372,90,89,1,1
61373,57,60,-3,3
61374,149,128,21,21
61375,79,71,8,8
61376,126,118,8,8
61377,120,142,-22,22
61378,197,180,17,17
61379,62,62,0,0
61380,88,84,4,4
61381,144,134,10,10
61382,99,82,17,17
61383,101,141,-40,40
61384,111,109,2,2
61385,61,61,0,0
61386,85,81,4,4
61387,96,92,4,4
61388,125,129,-4,4
61389,107,103,4,4
61390,136,133,3,3
61391,148,146,2,2
61392,98,106,-8,8
61393,66,78,-12,12
61394,95,63,32,32
61395,107,106,1,1
61396,47,57,-10,10
61397,78,76,2,2
61398,81,87,-6,6
61399,72,85,-13,13
61400,84,88,-4,4
61401,145,143,2,2
61402,77,77,0,0
61403,90,90,0,0
61404,131,120,11,11
61405,91,88,3,3
61406,38,99,-61,61
61407,94,96,-2,2
61408,111,103,8,8
61409,145,149,-4,4
61410,84,80,4,4
61411,87,65,22,22
61412,115,108,7,7
61413,95,84,11,11
61414,144,126,18,18
61415,90,74,16,16
61416,101,101,0,0
61417,91,90,1,1
61418,190,178,12,12
61419,80,90,-10,10
61420,167,149,18,18
61421,83,80,3,3
61422,66,67,-1,1
61423,50,48,2,2
61424,111,115,-4,4
61425,83,100,-17,17
61426,72,76,-4,4
61427,73,64,9,9
61428,79,80,-1,1
61429,66,87,-21,21
61430,83,90,-7,7
61431,262,234,28,28
61432,108,119,-11,11
61433,117,135,-18,18
61434,98,85,13,13
61435,85,93,-8,8
61436,63,63,0,0
61437,190,157,33,33
61438,85,83,2,2
61439,123,117,6,6
61440,144,146,-2,2
61441,75,77,-2,2
61442,97,83,14,14
61443,85,75,10,10
61444,69,78,-9,9
61445,77,87,-10,10
61446,61,65,-4,4
61447,75,81,-6,6
61448,97,115,-18,18
61449,70,78,-8,8
61450,85,88,-3,3
61451,61,60,1,1
61452,77,88,-11,11
61453,58,65,-7,7
61454,83,77,6,6
61455,91,102,-11,11
61456,53,57,-4,4
61457,55,44,11,11
61458,87,83,4,4
61459,80,92,-12,12
61460,53,69,-16,16
61461,133,123,10,10
61462,90,101,-11,11
61463,60,70,-10,10
61464,68,66,2,2
61465,66,59,7,7
61466,112,122,-10,10
61467,139,150,-11,11
61468,50,55,-5,5
61469,120,129,-9,9
61470,77,79,-2,2
61471,81,61,20,20
61472,87,83,4,4
61473,43,25,18,18
61474,68,65,3,3
61475,58,56,2,2
61476,120,132,-12,12
61477,114,110,4,4
61478,173,162,11,11
61479,62,77,-15,15
61480,115,106,9,9
61481,213,179,34,34
61482,108,108,0,0
61483,53,68,-15,15
61484,85,76,9,9
61485,119,122,-3,3
61486,74,83,-9,9
61487,93,92,1,1
61488,72,73,-1,1
61489,104,96,8,8
61490,88,102,-14,14
61491,56,66,-10,10
61492,139,128,11,11
61493,110,118,-8,8
61494,93,30,63,63
61495,54,43,11,11
61496,83,89,-6,6
61497,73,82,-9,9
61498,202,184,18,18
61499,95,100,-5,5
61500,51,63,-12,12
61501,141,126,15,15
61502,130,128,2,2
61503,89,98,-9,9
61504,67,70,-3,3
61505,92,79,13,13
61506,138,142,-4,4
61507,50,50,0,0
61508,85,89,-4,4
61509,118,110,8,8
61510,84,95,-11,11
61511,95,99,-4,4
61512,92,100,-8,8
61513,141,142,-1,1
61514,94,100,-6,6
61515,117,120,-3,3
61516,82,68,14,14
61517,73,84,-11,11
61518,108,128,-20,20
61519,93,115,-22,22
61520,156,155,1,1
61521,84,80,4,4
61522,106,110,-4,4
61523,91,109,-18,18
61524,88,60,28,28
61525,78,75,3,3
61526,136,139,-3,3
61527,59,68,-9,9
61528,94,101,-7,7
61529,100,99,1,1
61530,144,139,5,5
61531,89,116,-27,27
61532,67,48,19,19
61533,28,30,-2,2
61534,114,116,-2,2
61535,123,150,-27,27
61536,85,99,-14,14
61537,77,52,25,25
61538,89,114,-25,25
61539,90,100,-10,10
61540,80,80,0,0
61541,114,118,-4,4
61542,46,58,-12,12
61543,123,116,7,7
61544,132,132,0,0
61545,106,114,-8,8
61546,93,95,-2,2
61547,100,127,-27,27
61548,82,79,3,3
61549,170,175,-5,5
61550,103,128,-25,25
61551,60,63,-3,3
61552,101,123,-22,22
61553,101,99,2,2
61554,106,104,2,2
61555,53,64,-11,11
61556,45,42,3,3
61557,102,111,-9,9
61558,74,74,0,0
61559,107,128,-21,21
61560,95,105,-10,10
61561,96,92,4,4
61562,100,98,2,2
61563,40,41,-1,1
61564,85,79,6,6
61565,59,65,-6,6
61566,107,83,24,24
61567,157,149,8,8
61568,72,82,-10,10
61569,104,102,2,2
61570,53,69,-16,16
61571,131,130,1,1
61572,147,144,3,3
61573,80,69,11,11
61574,135,86,49,49
61575,119,120,-1,1
61576,128,101,27,27
61577,126,122,4,4
61578,91,81,10,10
61579,102,102,0,0
61580,55,62,-7,7
61581,69,84,-15,15
61582,57,92,-35,35
61583,53,58,-5,5
61584,109,104,5,5
61585,106,92,14,14
61586,106,104,2,2
61587,128,91,37,37
61588,84,92,-8,8
61589,73,73,0,0
61590,137,83,54,54
61591,96,103,-7,7
61592,106,111,-5,5
61593,119,126,-7,7
61594,113,124,-11,11
61595,138,127,11,11
61596,52,65,-13,13
61597,115,98,17,17
61598,66,80,-14,14
61599,114,117,-3,3
61600,46,57,-11,11
61601,108,101,7,7
61602,85,66,19,19
61603,67,65,2,2
61604,66,64,2,2
61605,76,86,-10,10
61606,93,93,0,0
61607,145,157,-12,12
61608,122,119,3,3
61609,88,91,-3,3
61610,59,56,3,3
61611,77,82,-5,5
61612,84,83,1,1
61613,71,85,-14,14
61614,93,88,5,5
61615,71,60,11,11
61616,40,51,-11,11
61617,165,163,2,2
61618,104,104,0,0
61619,54,61,-7,7
61620,46,48,-2,2
61621,70,68,2,2
61622,51,55,-4,4
61623,86,82,4,4
61624,86,84,2,2
61625,90,96,-6,6
61626,160,140,20,20
61627,119,121,-2,2
61628,78,76,2,2
61629,112,125,-13,13
61630,89,95,-6,6
61631,96,117,-21,21
61632,96,97,-1,1
61633,96,100,-4,4
61634,33,38,-5,5
61635,78,82,-4,4
61636,65,44,21,21
61637,69,83,-14,14
61638,85,87,-2,2
61639,71,73,-2,2
61640,119,110,9,9
61641,100,96,4,4
61642,102,101,1,1
61643,96,85,11,11
61644,77,83,-6,6
61645,91,97,-6,6
61646,175,130,45,45
61647,96,100,-4,4
61648,133,124,9,9
61649,107,128,-21,21
61650,98,90,8,8
61651,94,101,-7,7
61652,67,77,-10,10
61653,116,137,-21,21
61654,73,80,-7,7
61655,83,48,35,35
61656,75,76,-1,1
61657,109,123,-14,14
61658,143,144,-1,1
61659,84,95,-11,11
61660,79,85,-6,6
61661,104,105,-1,1
61662,44,42,2,2
61663,53,39,14,14
61664,108,117,-9,9
61665,86,89,-3,3
61666,119,113,6,6
61667,56,51,5,5
61668,88,97,-9,9
61669,118,114,4,4
61670,102,106,-4,4
61671,49,48,1,1
61672,99,103,-4,4
61673,105,142,-37,37
61674,131,109,22,22
61675,78,75,3,3
61676,99,99,0,0
61677,23,5,18,18
61678,126,130,-4,4
61679,92,95,-3,3
61680,85,97,-12,12
61681,61,67,-6,6
61682,137,134,3,3
61683,74,81,-7,7
61684,129,127,2,2
61685,156,134,22,22
61686,72,73,-1,1
61687,151,141,10,10
61688,72,86,-14,14
61689,81,90,-9,9
61690,128,123,5,5
61691,136,125,11,11
61692,111,118,-7,7
61693,150,136,14,14
61694,79,88,-9,9
61695,124,132,-8,8
61696,133,122,11,11
61697,106,117,-11,11
61698,71,83,-12,12
61699,69,77,-8,8
61700,105,124,-19,19
61701,60,65,-5,5
61702,97,97,0,0
61703,129,143,-14,14
61704,70,74,-4,4
61705,137,138,-1,1
61706,110,102,8,8
61707,97,89,8,8
61708,149,166,-17,17
61709,63,61,2,2
61710,71,69,2,2
61711,108,98,10,10
61712,127,136,-9,9
61713,92,95,-3,3
61714,41,59,-18,18
61715,87,93,-6,6
61716,95,98,-3,3
61717,58,60,-2,2
61718,103,115,-12,12
61719,106,114,-8,8
61720,100,117,-17,17
61721,49,63,-14,14
61722,103,68,35,35
61723,147,144,3,3
61724,110,114,-4,4
61725,121,151,-30,30
61726,66,65,1,1
61727,66,61,5,5
61728,75,73,2,2
61729,127,146,-19,19
61730,96,92,4,4
61731,179,134,45,45
61732,153,151,2,2
61733,89,79,10,10
61734,111,114,-3,3
61735,124,100,24,24
61736,86,96,-10,10
61737,98,108,-10,10
61738,82,78,4,4
61739,138,118,20,20
61740,98,113,-15,15
61741,187,161,26,26
61742,141,134,7,7
61743,72,73,-1,1
61744,110,106,4,4
61745,87,91,-4,4
61746,60,64,-4,4
61747,71,72,-1,1
61748,123,125,-2,2
61749,57,64,-7,7
61750,113,123,-10,10
61751,148,153,-5,5
61752,73,66,7,7
61753,62,71,-9,9
61754,108,136,-28,28
61755,105,102,3,3
61756,152,123,29,29
61757,51,45,6,6
61758,127,137,-10,10
61759,31,58,-27,27
61760,68,78,-10,10
61761,163,154,9,9
61762,160,153,7,7
61763,73,83,-10,10
61764,43,39,4,4
61765,102,99,3,3
61766,91,111,-20,20
61767,136,116,20,20
61768,92,87,5,5
61769,60,73,-13,13
61770,45,49,-4,4
61771,111,115,-4,4
61772,95,113,-18,18
61773,100,88,12,12
61774,139,146,-7,7
61775,99,94,5,5
61776,68,72,-4,4
61777,55,41,14,14
61778,110,100,10,10
61779,67,83,-16,16
61780,103,101,2,2
61781,115,116,-1,1
61782,131,151,-20,20
61783,106,108,-2,2
61784,154,137,17,17
61785,104,118,-14,14
61786,91,92,-1,1
61787,139,140,-1,1
61788,56,51,5,5
61789,139,134,5,5
61790,72,67,5,5
61791,144,134,10,10
61792,112,134,-22,22
61793,68,65,3,3
61794,88,86,2,2
61795,79,96,-17,17
61796,104,106,-2,2
61797,54,53,1,1
61798,111,88,23,23
61799,87,87,0,0
61800,185,160,25,25
61801,92,80,12,12
61802,68,85,-17,17
61803,91,87,4,4
61804,84,77,7,7
61805,82,60,22,22
61806,126,123,3,3
61807,71,77,-6,6
61808,72,71,1,1
61809,137,149,-12,12
61810,61,68,-7,7
61811,106,108,-2,2
61812,59,63,-4,4
61813,77,73,4,4
61814,149,121,28,28
61815,63,72,-9,9
61816,66,69,-3,3
61817,105,107,-2,2
61818,85,93,-8,8
61819,109,105,4,4
61820,81,77,4,4
61821,60,62,-2,2
61822,40,43,-3,3
61823,95,91,4,4
61824,110,103,7,7
61825,68,62,6,6
61826,67,66,1,1
61827,76,78,-2,2
61828,188,170,18,18
61829,59,48,11,11
61830,131,123,8,8
61831,108,111,-3,3
61832,114,119,-5,5
61833,108,105,3,3
61834,104,94,10,10
61835,94,90,4,4
61836,47,51,-4,4
61837,77,74,3,3
61838,80,91,-11,11
61839,96,106,-10,10
61840,103,103,0,0
61841,109,109,0,0
61842,66,75,-9,9
61843,98,104,-6,6
61844,126,109,17,17
61845,97,124,-27,27
61846,99,101,-2,2
61847,107,108,-1,1
61848,129,139,-10,10
61849,87,95,-8,8
61850,69,59,10,10
61851,115,106,9,9
61852,99,102,-3,3
61853,99,99,0,0
61854,155,180,-25,25
61855,121,127,-6,6
61856,123,130,-7,7
61857,91,97,-6,6
61858,68,81,-13,13
61859,118,112,6,6
61860,98,105,-7,7
61861,108,107,1,1
61862,112,122,-10,10
61863,80,73,7,7
61864,92,135,-43,43
61865,116,121,-5,5
61866,56,62,-6,6
61867,127,140,-13,13
61868,50,58,-8,8
61869,121,82,39,39
61870,157,144,13,13
61871,78,81,-3,3
61872,85,51,34,34
61873,142,139,3,3
61874,42,42,0,0
61875,62,66,-4,4
61876,61,38,23,23
61877,75,82,-7,7
61878,82,85,-3,3
61879,107,111,-4,4
61880,130,143,-13,13
61881,64,73,-9,9
61882,75,64,11,11
61883,109,108,1,1
61884,65,80,-15,15
61885,112,118,-6,6
61886,88,101,-13,13
61887,140,133,7,7
61888,132,139,-7,7
61889,108,116,-8,8
61890,92,67,25,25
61891,63,70,-7,7
61892,48,42,6,6
61893,144,109,35,35
61894,104,111,-7,7
61895,107,103,4,4
61896,52,35,17,17
61897,73,89,-16,16
61898,44,34,10,10
61899,120,113,7,7
61900,87,99,-12,12
61901,110,130,-20,20
61902,73,77,-4,4
61903,79,90,-11,11
61904,57,60,-3,3
61905,68,75,-7,7
61906,81,110,-29,29
61907,63,72,-9,9
61908,41,44,-3,3
61909,71,69,2,2
61910,106,105,1,1
61911,105,99,6,6
61912,183,156,27,27
61913,111,114,-3,3
61914,137,124,13,13
61915,51,61,-10,10
61916,40,38,2,2
61917,70,66,4,4
61918,120,117,3,3
61919,57,69,-12,12
61920,66,37,29,29
61921,140,115,25,25
61922,71,81,-10,10
61923,96,92,4,4
61924,108,113,-5,5
61925,134,160,-26,26
61926,97,110,-13,13
61927,44,44,0,0
61928,49,43,6,6
61929,63,49,14,14
61930,97,104,-7,7
61931,38,27,11,11
61932,68,75,-7,7
61933,114,135,-21,21
61934,105,115,-10,10
61935,36,17,19,19
61936,69,64,5,5
61937,101,94,7,7
61938,155,141,14,14
61939,53,68,-15,15
61940,151,138,13,13
61941,65,60,5,5
61942,64,66,-2,2
61943,181,157,24,24
61944,110,113,-3,3
61945,93,103,-10,10
61946,183,156,27,27
61947,94,96,-2,2
61948,91,88,3,3
61949,105,91,14,14
61950,51,49,2,2
61951,76,75,1,1
61952,60,75,-15,15
61953,72,71,1,1
61954,108,119,-11,11
61955,119,124,-5,5
61956,98,115,-17,17
61957,119,122,-3,3
61958,122,120,2,2
61959,90,88,2,2
61960,55,53,2,2
61961,62,73,-11,11
61962,41,82,-41,41
61963,86,90,-4,4
61964,58,68,-10,10
61965,159,166,-7,7
61966,84,91,-7,7
61967,101,112,-11,11
61968,107,91,16,16
61969,150,143,7,7
61970,105,114,-9,9
61971,83,86,-3,3
61972,78,93,-15,15
61973,51,49,2,2
61974,83,97,-14,14
61975,111,101,10,10
61976,116,143,-27,27
61977,124,96,28,28
61978,116,109,7,7
61979,133,126,7,7
61980,143,136,7,7
61981,102,122,-20,20
61982,94,95,-1,1
61983,66,77,-11,11
61984,76,80,-4,4
61985,108,102,6,6
61986,69,58,11,11
61987,90,73,17,17
61988,65,93,-28,28
61989,157,138,19,19
61990,81,75,6,6
61991,116,119,-3,3
61992,94,105,-11,11
61993,98,112,-14,14
61994,149,140,9,9
61995,87,75,12,12
61996,124,128,-4,4
61997,121,119,2,2
61998,157,152,5,5
61999,100,93,7,7
62000,129,135,-6,6
62001,97,102,-5,5
62002,57,60,-3,3
62003,108,110,-2,2
62004,64,62,2,2
62005,195,138,57,57
62006,81,79,2,2
62007,92,95,-3,3
62008,139,148,-9,9
62009,67,62,5,5
62010,78,87,-9,9
62011,56,62,-6,6
62012,90,86,4,4
62013,69,70,-1,1
62014,109,102,7,7
62015,67,72,-5,5
62016,65,77,-12,12
62017,67,89,-22,22
62018,128,109,19,19
62019,101,90,11,11
62020,103,111,-8,8
62021,66,78,-12,12
62022,78,87,-9,9
62023,121,118,3,3
62024,99,107,-8,8
62025,69,74,-5,5
62026,64,61,3,3
62027,66,67,-1,1
62028,76,86,-10,10
62029,91,98,-7,7
62030,49,60,-11,11
62031,222,158,64,64
62032,71,67,4,4
62033,155,154,1,1
62034,80,89,-9,9
62035,94,83,11,11
62036,70,65,5,5
62037,106,104,2,2
62038,81,77,4,4
62039,90,84,6,6
62040,73,62,11,11
62041,65,73,-8,8
62042,71,71,0,0
62043,140,123,17,17
62044,109,113,-4,4
62045,72,70,2,2
62046,95,106,-11,11
62047,92,89,3,3
62048,104,97,7,7
62049,74,68,6,6
62050,102,108,-6,6
62051,75,83,-8,8
62052,100,93,7,7
62053,111,122,-11,11
62054,52,48,4,4
62055,79,68,11,11
62056,99,111,-12,12
62057,140,122,18,18
62058,181,182,-1,1
62059,106,70,36,36
62060,59,52,7,7
62061,129,114,15,15
62062,95,99,-4,4
62063,50,35,15,15
62064,71,80,-9,9
62065,46,58,-12,12
62066,103,106,-3,3
62067,82,82,0,0
62068,114,107,7,7
62069,114,105,9,9
62070,92,91,1,1
62071,74,83,-9,9
62072,102,112,-10,10
62073,104,103,1,1
62074,86,91,-5,5
62075,51,83,-32,32
62076,86,90,-4,4
62077,78,61,17,17
62078,99,107,-8,8
62079,95,82,13,13
62080,82,86,-4,4
62081,111,105,6,6
62082,129,126,3,3
62083,90,124,-34,34
62084,139,146,-7,7
62085,72,69,3,3
62086,55,63,-8,8
62087,165,154,11,11
62088,115,121,-6,6
62089,61,65,-4,4
62090,84,68,16,16
62091,136,129,7,7
62092,83,79,4,4
62093,27,61,-34,34
62094,108,113,-5,5
62095,147,134,13,13
62096,120,127,-7,7
62097,73,129,-56,56
62098,60,85,-25,25
62099,123,125,-2,2
62100,89,89,0,0
62101,73,72,1,1
62102,64,74,-10,10
62103,62,72,-10,10
62104,100,59,41,41
62105,100,92,8,8
62106,48,59,-11,11
62107,119,113,6,6
62108,53,49,4,4
62109,142,157,-15,15
62110,58,61,-3,3
62111,100,96,4,4
62112,77,70,7,7
62113,71,87,-16,16
62114,126,138,-12,12
62115,50,51,-1,1
62116,205,154,51,51
62117,60,73,-13,13
62118,91,113,-22,22
62119,70,70,0,0
62120,90,96,-6,6
62121,159,124,35,35
62122,75,90,-15,15
62123,116,103,13,13
62124,109,115,-6,6
62125,143,134,9,9
62126,112,114,-2,2
62127,84,89,-5,5
62128,170,151,19,19
62129,150,157,-7,7
62130,109,105,4,4
62131,161,146,15,15
62132,99,101,-2,2
62133,127,121,6,6
62134,62,60,2,2
62135,133,102,31,31
62136,101,119,-18,18
62137,127,127,0,0
62138,89,69,20,20
62139,95,103,-8,8
62140,150,139,11,11
62141,49,46,3,3
62142,92,87,5,5
62143,92,90,2,2
62144,38,35,3,3
62145,145,160,-15,15
62146,156,158,-2,2
62147,125,114,11,11
62148,51,44,7,7
62149,134,116,18,18
62150,92,108,-16,16
62151,85,91,-6,6
62152,60,57,3,3
62153,67,78,-11,11
62154,99,106,-7,7
62155,159,159,0,0
62156,86,91,-5,5
62157,75,106,-31,31
62158,42,39,3,3
62159,71,87,-16,16
62160,136,150,-14,14
62161,67,70,-3,3
62162,112,104,8,8
62163,71,68,3,3
62164,48,50,-2,2
62165,139,148,-9,9
62166,114,156,-42,42
62167,48,52,-4,4
62168,86,83,3,3
62169,119,114,5,5
62170,94,89,5,5
62171,105,119,-14,14
62172,104,95,9,9
62173,85,92,-7,7
62174,66,59,7,7
62175,93,91,2,2
62176,88,112,-24,24
62177,67,79,-12,12
62178,91,93,-2,2
62179,110,103,7,7
62180,80,86,-6,6
62181,98,103,-5,5
62182,126,136,-10,10
62183,52,62,-10,10
62184,63,76,-13,13
62185,91,96,-5,5
62186,103,105,-2,2
62187,68,79,-11,11
62188,73,80,-7,7
62189,95,97,-2,2
62190,100,100,0,0
62191,111,104,7,7
62192,100,106,-6,6
62193,75,79,-4,4
62194,84,87,-3,3
62195,75,96,-21,21
62196,139,133,6,6
62197,105,113,-8,8
62198,84,99,-15,15
62199,137,122,15,15
62200,65,101,-36,36
62201,97,90,7,7
62202,78,88,-10,10
62203,122,122,0,0
62204,72,85,-13,13
62205,80,79,1,1
62206,132,109,23,23
62207,113,103,10,10
62208,121,119,2,2
62209,72,83,-11,11
62210,95,107,-12,12
62211,124,127,-3,3
62212,122,119,3,3
62213,152,154,-2,2
62214,105,103,2,2
62215,103,108,-5,5
62216,111,109,2,2
62217,60,98,-38,38
62218,75,107,-32,32
62219,69,71,-2,2
62220,85,76,9,9
62221,91,98,-7,7
62222,106,93,13,13
62223,76,91,-15,15
62224,43,37,6,6
62225,65,66,-1,1
62226,180,171,9,9
62227,38,68,-30,30
62228,86,82,4,4
62229,77,99,-22,22
62230,110,120,-10,10
62231,111,114,-3,3
62232,134,118,16,16
62233,123,145,-22,22
62234,67,74,-7,7
62235,77,103,-26,26
62236,95,112,-17,17
62237,94,83,11,11
62238,131,127,4,4
62239,88,105,-17,17
62240,130,134,-4,4
62241,78,87,-9,9
62242,98,98,0,0
62243,66,69,-3,3
62244,63,62,1,1
62245,85,79,6,6
62246,82,81,1,1
62247,82,88,-6,6
62248,104,103,1,1
62249,120,121,-1,1
62250,68,78,-10,10
62251,108,126,-18,18
62252,101,85,16,16
62253,102,90,12,12
62254,161,165,-4,4
62255,48,43,5,5
62256,82,94,-12,12
62257,134,128,6,6
62258,102,93,9,9
62259,47,55,-8,8
62260,101,79,22,22
62261,103,86,17,17
62262,158,148,10,10
62263,79,94,-15,15
62264,126,126,0,0
62265,72,71,1,1
62266,103,99,4,4
62267,86,98,-12,12
62268,73,86,-13,13
62269,150,121,29,29
62270,69,75,-6,6
62271,89,49,40,40
62272,102,103,-1,1
62273,89,89,0,0
62274,92,114,-22,22
62275,91,102,-11,11
62276,69,71,-2,2
62277,31,43,-12,12
62278,62,59,3,3
62279,74,73,1,1
62280,73,68,5,5
62281,92,78,14,14
62282,68,74,-6,6
62283,121,123,-2,2
62284,160,145,15,15
62285,124,124,0,0
62286,71,61,10,10
62287,98,97,1,1
62288,85,88,-3,3
62289,93,88,5,5
62290,87,91,-4,4
62291,210,163,47,47
62292,74,89,-15,15
62293,84,94,-10,10
62294,141,136,5,5
62295,68,72,-4,4
62296,118,121,-3,3
62297,75,73,2,2
62298,150,136,14,14
62299,162,154,8,8
62300,59,46,13,13
62301,82,90,-8,8
62302,118,122,-4,4
62303,94,109,-15,15
62304,75,95,-20,20
62305,71,70,1,1
62306,131,131,0,0
62307,120,115,5,5
62308,91,90,1,1
62309,112,108,4,4
62310,145,149,-4,4
62311,93,89,4,4
62312,93,91,2,2
62313,89,87,2,2
62314,110,112,-2,2
62315,78,88,-10,10
62316,80,63,17,17
62317,133,137,-4,4
62318,50,40,10,10
62319,82,84,-2,2
62320,145,134,11,11
62321,126,115,11,11
62322,105,118,-13,13
62323,159,163,-4,4
62324,118,119,-1,1
62325,142,148,-6,6
62326,108,116,-8,8
62327,110,120,-10,10
62328,106,97,9,9
62329,119,124,-5,5
62330,90,96,-6,6
62331,68,70,-2,2
62332,119,113,6,6
62333,162,133,29,29
62334,76,79,-3,3
62335,89,78,11,11
62336,57,67,-10,10
62337,79,79,0,0
62338,72,71,1,1
62339,110,99,11,11
62340,82,78,4,4
62341,76,57,19,19
62342,68,81,-13,13
62343,79,105,-26,26
62344,64,70,-6,6
62345,151,142,9,9
62346,64,59,5,5
62347,110,116,-6,6
62348,78,81,-3,3
62349,123,88,35,35
62350,118,120,-2,2
62351,58,56,2,2
62352,140,135,5,5
62353,128,124,4,4
62354,57,51,6,6
62355,101,109,-8,8
62356,106,107,-1,1
62357,71,81,-10,10
62358,61,72,-11,11
62359,187,173,14,14
62360,123,108,15,15
62361,64,69,-5,5
62362,59,46,13,13
62363,83,84,-1,1
62364,68,86,-18,18
62365,83,90,-7,7
62366,111,100,11,11
62367,86,102,-16,16
62368,87,85,2,2
62369,97,100,-3,3
62370,76,75,1,1
62371,91,102,-11,11
62372,169,156,13,13
62373,51,54,-3,3
62374,57,72,-15,15
62375,168,180,-12,12
62376,93,69,24,24
62377,93,95,-2,2
62378,98,85,13,13
62379,76,83,-7,7
62380,142,147,-5,5
62381,60,63,-3,3
62382,118,111,7,7
62383,40,63,-23,23
62384,68,71,-3,3
62385,75,60,15,15
62386,97,124,-27,27
62387,124,118,6,6
62388,68,72,-4,4
62389,89,80,9,9
62390,109,103,6,6
62391,53,58,-5,5
62392,112,111,1,1
62393,140,141,-1,1
62394,113,108,5,5
62395,105,122,-17,17
62396,69,62,7,7
62397,98,120,-22,22
62398,150,157,-7,7
62399,93,104,-11,11
62400,117,130,-13,13
62401,44,48,-4,4
62402,65,46,19,19
62403,78,73,5,5
62404,149,148,1,1
62405,75,82,-7,7
62406,82,65,17,17
62407,93,85,8,8
62408,129,115,14,14
62409,46,51,-5,5
62410,56,53,3,3
62411,99,78,21,21
62412,31,46,-15,15
62413,113,116,-3,3
62414,167,170,-3,3
62415,113,118,-5,5
62416,171,141,30,30
62417,71,64,7,7
62418,103,107,-4,4
62419,76,84,-8,8
62420,64,48,16,16
62421,105,91,14,14
62422,176,159,17,17
62423,127,128,-1,1
62424,118,97,21,21
62425,88,111,-23,23
62426,133,132,1,1
62427,84,97,-13,13
62428,108,114,-6,6
62429,72,82,-10,10
62430,128,134,-6,6
62431,36,38,-2,2
62432,116,111,5,5
62433,105,113,-8,8
62434,85,91,-6,6
62435,48,56,-8,8
62436,142,132,10,10
62437,78,75,3,3
62438,72,81,-9,9
62439,255,241,14,14
62440,113,101,12,12
62441,98,90,8,8
62442,143,136,7,7
62443,85,100,-15,15
62444,111,95,16,16
62445,106,88,18,18
62446,111,109,2,2
62447,84,86,-2,2
62448,74,78,-4,4
62449,87,91,-4,4
62450,133,128,5,5
62451,111,117,-6,6
62452,78,79,-1,1
62453,83,88,-5,5
62454,117,127,-10,10
62455,97,90,7,7
62456,127,136,-9,9
62457,66,27,39,39
62458,124,118,6,6
62459,72,69,3,3
62460,108,98,10,10
62461,124,135,-11,11
62462,137,117,20,20
62463,84,87,-3,3
62464,175,141,34,34
62465,32,21,11,11
62466,127,119,8,8
62467,139,139,0,0
62468,84,122,-38,38
62469,138,141,-3,3
62470,147,156,-9,9
62471,49,57,-8,8
62472,87,101,-14,14
62473,71,84,-13,13
62474,89,85,4,4
62475,122,117,5,5
62476,110,119,-9,9
62477,112,116,-4,4
62478,161,148,13,13
62479,78,86,-8,8
62480,84,100,-16,16
62481,96,107,-11,11
62482,83,90,-7,7
62483,166,149,17,17
62484,69,61,8,8
62485,48,58,-10,10
62486,84,95,-11,11
62487,113,107,6,6
62488,89,95,-6,6
62489,51,47,4,4
62490,101,114,-13,13
62491,70,103,-33,33
62492,107,92,15,15
62493,99,99,0,0
62494,142,142,0,0
62495,123,116,7,7
62496,81,76,5,5
62497,60,55,5,5
62498,139,134,5,5
62499,93,105,-12,12
62500,123,113,10,10
62501,101,81,20,20
62502,128,133,-5,5
62503,72,76,-4,4
62504,134,127,7,7
62505,89,94,-5,5
62506,162,140,22,22
62507,129,114,15,15
62508,97,78,19,19
62509,63,85,-22,22
62510,88,87,1,1
62511,47,35,12,12
62512,163,150,13,13
62513,169,152,17,17
62514,88,84,4,4
62515,116,117,-1,1
62516,68,71,-3,3
62517,66,79,-13,13
62518,75,78,-3,3
62519,79,81,-2,2
62520,132,141,-9,9
62521,64,71,-7,7
62522,154,132,22,22
62523,159,133,26,26
62524,97,103,-6,6
62525,151,137,14,14
62526,64,76,-12,12
62527,86,78,8,8
62528,86,113,-27,27
62529,105,94,11,11
62530,135,140,-5,5
62531,78,88,-10,10
62532,180,148,32,32
62533,126,107,19,19
62534,115,118,-3,3
62535,95,111,-16,16
62536,123,102,21,21
62537,49,62,-13,13
62538,94,109,-15,15
62539,170,164,6,6
62540,92,88,4,4
62541,101,107,-6,6
62542,93,91,2,2
62543,123,141,-18,18
62544,83,84,-1,1
62545,122,103,19,19
62546,109,125,-16,16
62547,67,57,10,10
62548,59,64,-5,5
62549,79,81,-2,2
62550,82,99,-17,17
62551,69,64,5,5
62552,83,109,-26,26
62553,116,115,1,1
62554,202,166,36,36
62555,92,112,-20,20
62556,95,68,27,27
62557,104,114,-10,10
62558,124,116,8,8
62559,203,161,42,42
62560,95,98,-3,3
62561,131,126,5,5
62562,42,29,13,13
62563,106,94,12,12
62564,40,46,-6,6
62565,81,93,-12,12
62566,125,98,27,27
62567,82,92,-10,10
62568,121,109,12,12
62569,85,107,-22,22
62570,104,93,11,11
62571,82,98,-16,16
62572,76,74,2,2
62573,60,58,2,2
62574,91,75,16,16
62575,96,25,71,71
62576,118,114,4,4
62577,101,94,7,7
62578,140,143,-3,3
62579,153,155,-2,2
62580,115,123,-8,8
62581,38,56,-18,18
62582,74,76,-2,2
62583,28,62,-34,34
62584,65,82,-17,17
62585,113,117,-4,4
62586,109,105,4,4
62587,93,98,-5,5
62588,87,95,-8,8
62589,54,65,-11,11
62590,125,130,-5,5
62591,141,144,-3,3
62592,114,126,-12,12
62593,122,112,10,10
62594,138,143,-5,5
62595,98,96,2,2
62596,84,114,-30,30
62597,118,115,3,3
62598,114,117,-3,3
62599,69,72,-3,3
62600,47,67,-20,20
62601,72,28,44,44
62602,72,74,-2,2
62603,85,93,-8,8
62604,48,43,5,5
62605,96,97,-1,1
62606,90,86,4,4
62607,99,95,4,4
62608,122,120,2,2
62609,60,66,-6,6
62610,80,90,-10,10
62611,79,91,-12,12
62612,54,46,8,8
62613,90,89,1,1
62614,84,107,-23,23
62615,98,104,-6,6
62616,106,101,5,5
62617,70,76,-6,6
62618,93,80,13,13
62619,81,81,0,0
62620,108,103,5,5
62621,66,80,-14,14
62622,92,88,4,4
62623,58,48,10,10
62624,80,69,11,11
62625,72,71,1,1
62626,92,76,16,16
62627,114,124,-10,10
62628,149,141,8,8
62629,85,77,8,8
62630,61,51,10,10
62631,104,82,22,22
62632,100,89,11,11
62633,132,128,4,4
62634,132,122,10,10
62635,114,108,6,6
62636,89,90,-1,1
62637,52,42,10,10
62638,51,48,3,3
62639,109,122,-13,13
62640,112,128,-16,16
62641,80,84,-4,4
62642,158,163,-5,5
62643,103,118,-15,15
62644,59,63,-4,4
62645,118,108,10,10
62646,114,104,10,10
62647,101,98,3,3
62648,64,77,-13,13
62649,75,83,-8,8
62650,110,102,8,8
62651,168,187,-19,19
62652,109,97,12,12
62653,106,117,-11,11
62654,32,87,-55,55
62655,86,116,-30,30
62656,185,156,29,29
62657,125,128,-3,3
62658,48,56,-8,8
62659,128,139,-11,11
62660,138,147,-9,9
62661,75,71,4,4
62662,84,85,-1,1
62663,115,87,28,28
62664,58,70,-12,12
62665,97,99,-2,2
62666,152,137,15,15
62667,94,99,-5,5
62668,114,111,3,3
62669,130,122,8,8
62670,61,76,-15,15
62671,185,154,31,31
62672,110,118,-8,8
62673,58,55,3,3
62674,79,100,-21,21
62675,79,80,-1,1
62676,93,91,2,2
62677,129,133,-4,4
62678,134,137,-3,3
62679,98,104,-6,6
62680,162,154,8,8
62681,83,99,-16,16
62682,107,100,7,7
62683,98,88,10,10
62684,131,124,7,7
62685,57,58,-1,1
62686,153,149,4,4
62687,126,120,6,6
62688,89,90,-1,1
62689,68,66,2,2
62690,131,139,-8,8
62691,68,76,-8,8
62692,94,83,11,11
62693,135,127,8,8
62694,96,97,-1,1
62695,95,99,-4,4
62696,90,80,10,10
62697,55,44,11,11
62698,108,114,-6,6
62699,36,30,6,6
62700,73,89,-16,16
62701,73,82,-9,9
62702,102,105,-3,3
62703,52,50,2,2
62704,22,43,-21,21
62705,102,109,-7,7
62706,136,137,-1,1
62707,83,60,23,23
62708,76,73,3,3
62709,135,126,9,9
62710,116,127,-11,11
62711,69,74,-5,5
62712,42,44,-2,2
62713,86,74,12,12
62714,131,102,29,29
62715,119,121,-2,2
62716,65,67,-2,2
62717,100,117,-17,17
62718,65,59,6,6
62719,73,75,-2,2
62720,63,53,10,10
62721,115,156,-41,41
62722,164,158,6,6
62723,146,135,11,11
62724,64,69,-5,5
62725,101,97,4,4
62726,124,122,2,2
62727,74,38,36,36
62728,92,81,11,11
62729,90,93,-3,3
62730,93,107,-14,14
62731,76,87,-11,11
62732,133,137,-4,4
62733,54,46,8,8
62734,147,112,35,35
62735,107,115,-8,8
62736,132,114,18,18
62737,129,122,7,7
62738,95,105,-10,10
62739,78,93,-15,15
62740,93,87,6,6
62741,85,98,-13,13
62742,138,156,-18,18
62743,106,108,-2,2
62744,45,48,-3,3
62745,50,67,-17,17
62746,55,93,-38,38
62747,44,67,-23,23
62748,70,86,-16,16
62749,125,135,-10,10
62750,82,88,-6,6
62751,80,88,-8,8
62752,120,128,-8,8
62753,100,91,9,9
62754,70,66,4,4
62755,65,68,-3,3
62756,96,96,0,0
62757,93,74,19,19
62758,106,102,4,4
62759,168,149,19,19
62760,169,155,14,14
62761,95,13,82,82
62762,95,97,-2,2
62763,81,55,26,26
62764,65,18,47,47
62765,64,91,-27,27
62766,62,100,-38,38
62767,119,123,-4,4
62768,93,86,7,7
62769,77,75,2,2
62770,141,152,-11,11
62771,66,67,-1,1
62772,76,99,-23,23
62773,148,147,1,1
62774,57,71,-14,14
62775,78,101,-23,23
62776,134,128,6,6
62777,133,118,15,15
62778,66,96,-30,30
62779,75,68,7,7
62780,97,93,4,4
62781,131,127,4,4
62782,171,146,25,25
62783,222,181,41,41
62784,102,98,4,4
62785,60,81,-21,21
62786,144,152,-8,8
62787,43,43,0,0
62788,82,76,6,6
62789,84,71,13,13
62790,92,106,-14,14
62791,94,68,26,26
62792,179,148,31,31
62793,119,123,-4,4
62794,61,61,0,0
62795,93,100,-7,7
62796,53,69,-16,16
62797,142,139,3,3
62798,69,59,10,10
62799,90,102,-12,12
62800,139,113,26,26
62801,90,109,-19,19
62802,56,58,-2,2
62803,113,118,-5,5
62804,91,118,-27,27
62805,86,89,-3,3
62806,111,112,-1,1
62807,74,73,1,1
62808,139,123,16,16
62809,96,101,-5,5
62810,105,98,7,7
62811,139,131,8,8
62812,61,71,-10,10
62813,70,71,-1,1
62814,70,87,-17,17
62815,61,71,-10,10
62816,127,121,6,6
62817,92,105,-13,13
62818,120,103,17,17
62819,52,38,14,14
62820,86,90,-4,4
62821,62,69,-7,7
62822,101,121,-20,20
62823,85,102,-17,17
62824,96,102,-6,6
62825,105,106,-1,1
62826,122,122,0,0
62827,116,114,2,2
62828,98,83,15,15
62829,154,155,-1,1
62830,100,100,0,0
62831,164,146,18,18
62832,162,154,8,8
62833,136,150,-14,14
62834,62,65,-3,3
62835,178,170,8,8
62836,109,95,14,14
62837,121,119,2,2
62838,108,120,-12,12
62839,84,31,53,53
62840,131,131,0,0
62841,122,114,8,8
62842,64,78,-14,14
62843,84,92,-8,8
62844,72,76,-4,4
62845,185,144,41,41
62846,77,88,-11,11
62847,137,163,-26,26
62848,93,92,1,1
62849,86,113,-27,27
62850,144,140,4,4
62851,78,110,-32,32
62852,61,72,-11,11
62853,129,122,7,7
62854,52,67,-15,15
62855,195,170,25,25
62856,87,86,1,1
62857,101,103,-2,2
62858,103,102,1,1
62859,169,157,12,12
62860,104,92,12,12
62861,80,83,-3,3
62862,40,44,-4,4
62863,90,99,-9,9
62864,89,86,3,3
62865,105,116,-11,11
62866,86,89,-3,3
62867,133,130,3,3
62868,89,84,5,5
62869,64,47,17,17
62870,94,98,-4,4
62871,86,104,-18,18
62872,128,143,-15,15
62873,53,51,2,2
62874,91,68,23,23
62875,74,80,-6,6
62876,64,70,-6,6
62877,81,81,0,0
62878,66,65,1,1
62879,76,66,10,10
62880,91,92,-1,1
62881,76,85,-9,9
62882,109,119,-10,10
62883,77,82,-5,5
62884,76,83,-7,7
62885,110,99,11,11
62886,88,92,-4,4
62887,120,122,-2,2
62888,127,136,-9,9
62889,106,92,14,14
62890,201,167,34,34
62891,111,113,-2,2
62892,231,202,29,29
62893,59,66,-7,7
62894,150,144,6,6
62895,141,133,8,8
62896,62,45,17,17
62897,191,174,17,17
62898,119,109,10,10
62899,72,82,-10,10
62900,103,102,1,1
62901,79,89,-10,10
62902,106,114,-8,8
62903,104,124,-20,20
62904,88,100,-12,12
62905,78,118,-40,40
62906,81,93,-12,12
62907,98,105,-7,7
62908,123,124,-1,1
62909,142,98,44,44
62910,74,81,-7,7
62911,163,144,19,19
62912,102,103,-1,1
62913,60,59,1,1
62914,133,108,25,25
62915,59,55,4,4
62916,47,72,-25,25
62917,86,97,-11,11
62918,124,117,7,7
62919,28,27,1,1
62920,59,63,-4,4
62921,124,140,-16,16
62922,105,106,-1,1
62923,103,122,-19,19
62924,80,84,-4,4
62925,82,79,3,3
62926,84,92,-8,8
62927,128,132,-4,4
62928,101,112,-11,11
62929,72,79,-7,7
62930,89,82,7,7
62931,119,106,13,13
62932,181,170,11,11
62933,146,142,4,4
62934,58,78,-20,20
62935,80,92,-12,12
62936,37,50,-13,13
62937,45,47,-2,2
62938,95,108,-13,13
62939,108,109,-1,1
62940,79,78,1,1
62941,85,84,1,1
62942,53,66,-13,13
62943,211,189,22,22
62944,103,86,17,17
62945,77,75,2,2
62946,75,77,-2,2
62947,95,97,-2,2
62948,102,98,4,4
62949,77,81,-4,4
62950,54,92,-38,38
62951,110,109,1,1
62952,121,106,15,15
62953,89,84,5,5
62954,93,94,-1,1
62955,44,44,0,0
62956,84,100,-16,16
62957,135,128,7,7
62958,66,55,11,11
62959,104,121,-17,17
62960,141,125,16,16
62961,98,96,2,2
62962,90,88,2,2
62963,115,116,-1,1
62964,109,116,-7,7
62965,69,78,-9,9
62966,64,63,1,1
62967,185,172,13,13
62968,114,115,-1,1
62969,191,155,36,36
62970,49,41,8,8
62971,83,92,-9,9
62972,100,124,-24,24
62973,98,96,2,2
62974,69,84,-15,15
62975,103,92,11,11
62976,148,158,-10,10
62977,81,63,18,18
62978,151,154,-3,3
62979,70,93,-23,23
62980,88,84,4,4
62981,93,100,-7,7
62982,60,98,-38,38
62983,88,82,6,6
62984,63,62,1,1
62985,92,86,6,6
62986,108,111,-3,3
62987,78,109,-31,31
62988,156,128,28,28
62989,63,69,-6,6
62990,58,78,-20,20
62991,38,41,-3,3
62992,107,99,8,8
62993,101,97,4,4
62994,65,21,44,44
62995,120,121,-1,1
62996,101,74,27,27
62997,106,113,-7,7
62998,72,73,-1,1
62999,127,120,7,7
63000,65,65,0,0
63001,126,113,13,13
63002,113,120,-7,7
63003,104,120,-16,16
63004,152,146,6,6
63005,57,73,-16,16
63006,83,71,12,12
63007,101,110,-9,9
63008,81,83,-2,2
63009,54,72,-18,18
63010,80,72,8,8
63011,83,95,-12,12
63012,31,18,13,13
63013,64,61,3,3
63014,159,157,2,2
63015,133,129,4,4
63016,116,127,-11,11
63017,57,63,-6,6
63018,99,73,26,26
63019,62,52,10,10
63020,90,91,-1,1
63021,117,115,2,2
63022,142,139,3,3
63023,177,153,24,24
63024,59,42,17,17
63025,89,103,-14,14
63026,69,65,4,4
63027,63,75,-12,12
63028,46,104,-58,58
63029,136,145,-9,9
63030,105,130,-25,25
63031,127,136,-9,9
63032,66,72,-6,6
63033,138,139,-1,1
63034,71,79,-8,8
63035,97,102,-5,5
63036,112,115,-3,3
63037,77,87,-10,10
63038,57,66,-9,9
63039,84,85,-1,1
63040,85,79,6,6
63041,111,102,9,9
63042,123,120,3,3
63043,110,120,-10,10
63044,114,133,-19,19
63045,111,137,-26,26
63046,71,80,-9,9
63047,93,86,7,7
63048,343,295,48,48
63049,72,59,13,13
63050,186,164,22,22
63051,62,71,-9,9
63052,79,89,-10,10
63053,129,142,-13,13
63054,121,142,-21,21
63055,105,98,7,7
63056,157,146,11,11
63057,115,117,-2,2
63058,78,68,10,10
63059,179,185,-6,6
63060,80,87,-7,7
63061,113,119,-6,6
63062,87,96,-9,9
63063,95,87,8,8
63064,95,101,-6,6
63065,104,97,7,7
63066,88,98,-10,10
63067,61,76,-15,15
63068,63,58,5,5
63069,87,109,-22,22
63070,157,147,10,10
63071,92,102,-10,10
63072,53,55,-2,2
63073,128,133,-5,5
63074,114,127,-13,13
63075,95,52,43,43
63076,102,111,-9,9
63077,120,130,-10,10
63078,110,123,-13,13
63079,207,156,51,51
63080,103,112,-9,9
63081,55,46,9,9
63082,98,101,-3,3
63083,99,105,-6,6
63084,94,99,-5,5
63085,82,96,-14,14
63086,60,83,-23,23
63087,95,115,-20,20
63088,113,112,1,1
63089,113,118,-5,5
63090,105,108,-3,3
63091,80,91,-11,11
63092,104,103,1,1
63093,97,105,-8,8
63094,62,49,13,13
63095,62,76,-14,14
63096,85,89,-4,4
63097,114,90,24,24
63098,72,74,-2,2
63099,82,83,-1,1
63100,94,91,3,3
63101,90,91,-1,1
63102,110,103,7,7
63103,90,79,11,11
63104,80,83,-3,3
63105,109,92,17,17
63106,61,59,2,2
63107,185,166,19,19
63108,117,124,-7,7
63109,139,141,-2,2
63110,56,47,9,9
63111,74,69,5,5
63112,107,114,-7,7
63113,78,98,-20,20
63114,51,51,0,0
63115,87,89,-2,2
63116,114,107,7,7
63117,83,84,-1,1
63118,137,130,7,7
63119,117,118,-1,1
63120,87,102,-15,15
63121,69,75,-6,6
63122,86,101,-15,15
63123,150,139,11,11
63124,162,159,3,3
63125,87,111,-24,24
63126,68,67,1,1
63127,68,68,0,0
63128,126,118,8,8
63129,109,96,13,13
63130,106,122,-16,16
63131,114,114,0,0
63132,136,143,-7,7
63133,128,94,34,34
63134,109,113,-4,4
63135,114,112,2,2
63136,102,110,-8,8
63137,144,131,13,13
63138,52,53,-1,1
63139,73,64,9,9
63140,116,118,-2,2
63141,111,109,2,2
63142,106,114,-8,8
63143,125,127,-2,2
63144,119,106,13,13
63145,77,77,0,0
63146,78,80,-2,2
63147,62,72,-10,10
63148,80,89,-9,9
63149,101,104,-3,3
63150,130,141,-11,11
63151,165,151,14,14
63152,88,77,11,11
63153,97,90,7,7
63154,125,107,18,18
63155,55,58,-3,3
63156,76,76,0,0
63157,124,138,-14,14
63158,82,82,0,0
63159,60,70,-10,10
63160,107,99,8,8
63161,109,108,1,1
63162,162,163,-1,1
63163,95,113,-18,18
63164,54,47,7,7
63165,125,126,-1,1
63166,107,93,14,14
63167,74,76,-2,2
63168,155,148,7,7
63169,77,82,-5,5
63170,80,76,4,4
63171,122,126,-4,4
63172,71,93,-22,22
63173,112,110,2,2
63174,61,61,0,0
63175,88,95,-7,7
63176,171,139,32,32
63177,98,112,-14,14
63178,59,69,-10,10
63179,150,119,31,31
63180,94,96,-2,2
63181,112,111,1,1
63182,113,103,10,10
63183,92,94,-2,2
63184,121,127,-6,6
63185,101,105,-4,4
63186,82,81,1,1
63187,125,116,9,9
63188,74,70,4,4
63189,68,79,-11,11
63190,104,115,-11,11
63191,80,99,-19,19
63192,101,87,14,14
63193,96,96,0,0
63194,96,98,-2,2
63195,79,89,-10,10
63196,75,87,-12,12
63197,121,117,4,4
63198,173,164,9,9
63199,123,117,6,6
63200,124,122,2,2
63201,123,120,3,3
63202,129,136,-7,7
63203,119,106,13,13
63204,107,104,3,3
63205,117,129,-12,12
63206,74,80,-6,6
63207,72,82,-10,10
63208,92,100,-8,8
63209,102,102,0,0
63210,123,139,-16,16
63211,119,119,0,0
63212,71,64,7,7
63213,64,75,-11,11
63214,108,104,4,4
63215,140,117,23,23
63216,90,109,-19,19
63217,128,109,19,19
63218,99,85,14,14
63219,82,97,-15,15
63220,156,152,4,4
63221,137,129,8,8
63222,78,72,6,6
63223,95,97,-2,2
63224,82,102,-20,20
63225,90,97,-7,7
63226,64,64,0,0
63227,73,76,-3,3
63228,53,76,-23,23
63229,123,130,-7,7
63230,62,74,-12,12
63231,92,104,-12,12
63232,123,125,-2,2
63233,125,119,6,6
63234,41,34,7,7
63235,187,176,11,11
63236,91,95,-4,4
63237,76,80,-4,4
63238,176,141,35,35
63239,93,113,-20,20
63240,87,100,-13,13
63241,89,103,-14,14
63242,88,53,35,35
63243,99,94,5,5
63244,134,119,15,15
63245,95,103,-8,8
63246,105,106,-1,1
63247,42,46,-4,4
63248,96,94,2,2
63249,50,51,-1,1
63250,63,72,-9,9
63251,95,112,-17,17
63252,99,97,2,2
63253,109,109,0,0
63254,133,124,9,9
63255,90,84,6,6
63256,71,76,-5,5
63257,58,127,-69,69
63258,173,157,16,16
63259,77,70,7,7
63260,88,82,6,6
63261,72,73,-1,1
63262,116,108,8,8
63263,61,74,-13,13
63264,94,85,9,9
63265,117,132,-15,15
63266,114,119,-5,5
63267,147,137,10,10
63268,125,126,-1,1
63269,100,64,36,36
63270,101,94,7,7
63271,112,98,14,14
63272,94,91,3,3
63273,119,102,17,17
63274,154,155,-1,1
63275,82,82,0,0
63276,58,54,4,4
63277,131,124,7,7
63278,82,70,12,12
63279,96,97,-1,1
63280,80,65,15,15
63281,118,121,-3,3
63282,51,71,-20,20
63283,164,136,28,28
63284,77,105,-28,28
63285,144,127,17,17
63286,132,135,-3,3
63287,89,96,-7,7
63288,78,90,-12,12
63289,51,51,0,0
63290,100,92,8,8
63291,108,103,5,5
63292,143,132,11,11
63293,88,89,-1,1
63294,67,59,8,8
63295,121,127,-6,6
63296,90,86,4,4
63297,65,89,-24,24
63298,79,75,4,4
63299,144,138,6,6
63300,55,0,55,55
63301,78,87,-9,9
63302,82,89,-7,7
63303,78,57,21,21
63304,160,157,3,3
63305,89,94,-5,5
63306,101,127,-26,26
63307,114,91,23,23
63308,86,73,13,13
63309,155,152,3,3
63310,105,116,-11,11
63311,76,77,-1,1
63312,149,133,16,16
63313,99,119,-20,20
63314,120,111,9,9
63315,69,81,-12,12
63316,102,108,-6,6
63317,59,73,-14,14
63318,54,63,-9,9
63319,107,89,18,18
63320,60,65,-5,5
63321,70,58,12,12
63322,219,205,14,14
63323,83,88,-5,5
63324,68,69,-1,1
63325,89,101,-12,12
63326,68,87,-19,19
63327,108,125,-17,17
63328,94,92,2,2
63329,90,102,-12,12
63330,171,151,20,20
63331,35,34,1,1
63332,39,36,3,3
63333,80,125,-45,45
63334,69,78,-9,9
63335,109,112,-3,3
63336,112,116,-4,4
63337,127,131,-4,4
63338,87,101,-14,14
63339,60,115,-55,55
63340,67,70,-3,3
63341,151,148,3,3
63342,115,110,5,5
63343,86,90,-4,4
63344,97,87,10,10
63345,128,120,8,8
63346,137,125,12,12
63347,102,106,-4,4
63348,76,87,-11,11
63349,33,8,25,25
63350,89,70,19,19
63351,68,80,-12,12
63352,55,58,-3,3
63353,104,116,-12,12
63354,98,110,-12,12
63355,67,72,-5,5
63356,103,77,26,26
63357,87,97,-10,10
63358,92,91,1,1
63359,97,84,13,13
63360,144,147,-3,3
63361,94,103,-9,9
63362,95,86,9,9
63363,131,122,9,9
63364,102,114,-12,12
63365,132,127,5,5
63366,83,86,-3,3
63367,127,147,-20,20
63368,71,73,-2,2
63369,86,91,-5,5
63370,202,168,34,34
63371,181,179,2,2
63372,129,133,-4,4
63373,112,116,-4,4
63374,118,126,-8,8
63375,46,32,14,14
63376,120,109,11,11
63377,55,65,-10,10
63378,141,127,14,14
63379,92,86,6,6
63380,137,140,-3,3
63381,59,51,8,8
63382,192,206,-14,14
63383,144,148,-4,4
63384,91,103,-12,12
63385,111,121,-10,10
63386,52,50,2,2
63387,135,132,3,3
63388,43,89,-46,46
63389,138,126,12,12
63390,159,146,13,13
63391,88,107,-19,19
63392,63,64,-1,1
63393,90,93,-3,3
63394,101,94,7,7
63395,72,79,-7,7
63396,64,58,6,6
63397,81,76,5,5
63398,94,82,12,12
63399,125,109,16,16
63400,64,66,-2,2
63401,68,72,-4,4
63402,77,84,-7,7
63403,125,134,-9,9
63404,68,67,1,1
63405,131,138,-7,7
63406,72,79,-7,7
63407,113,107,6,6
63408,136,138,-2,2
63409,136,130,6,6
63410,129,121,8,8
63411,118,119,-1,1
63412,79,70,9,9
63413,98,91,7,7
63414,117,118,-1,1
63415,98,107,-9,9
63416,30,60,-30,30
63417,76,77,-1,1
63418,87,82,5,5
63419,110,95,15,15
63420,80,88,-8,8
63421,48,57,-9,9
63422,120,106,14,14
63423,98,100,-2,2
63424,43,42,1,1
63425,84,89,-5,5
63426,62,65,-3,3
63427,165,165,0,0
63428,56,70,-14,14
63429,85,93,-8,8
63430,109,118,-9,9
63431,149,145,4,4
63432,55,50,5,5
63433,89,96,-7,7
63434,68,78,-10,10
63435,68,67,1,1
63436,146,141,5,5
63437,112,112,0,0
63438,104,101,3,3
63439,49,28,21,21
63440,67,63,4,4
63441,70,81,-11,11
63442,109,100,9,9
63443,56,59,-3,3
63444,148,132,16,16
63445,97,118,-21,21
63446,79,84,-5,5
63447,116,115,1,1
63448,97,107,-10,10
63449,79,95,-16,16
63450,74,76,-2,2
63451,67,67,0,0
63452,118,117,1,1
63453,72,78,-6,6
63454,128,81,47,47
63455,113,121,-8,8
63456,103,110,-7,7
63457,86,97,-11,11
63458,59,73,-14,14
63459,114,133,-19,19
63460,125,132,-7,7
63461,105,108,-3,3
63462,70,54,16,16
63463,147,144,3,3
63464,90,84,6,6
63465,81,92,-11,11
63466,65,77,-12,12
63467,63,58,5,5
63468,110,111,-1,1
63469,108,102,6,6
63470,62,63,-1,1
63471,107,104,3,3
63472,47,44,3,3
63473,76,91,-15,15
63474,92,104,-12,12
63475,129,131,-2,2
63476,87,85,2,2
63477,90,80,10,10
63478,75,82,-7,7
63479,69,74,-5,5
63480,61,66,-5,5
63481,76,69,7,7
63482,49,50,-1,1
63483,133,89,44,44
63484,147,153,-6,6
63485,115,104,11,11
63486,88,97,-9,9
63487,70,76,-6,6
63488,77,83,-6,6
63489,64,68,-4,4
63490,182,159,23,23
63491,103,104,-1,1
63492,91,84,7,7
63493,104,101,3,3
63494,67,41,26,26
63495,90,102,-12,12
63496,81,82,-1,1
63497,140,145,-5,5
63498,64,90,-26,26
63499,132,144,-12,12
63500,64,71,-7,7
63501,117,117,0,0
63502,86,110,-24,24
63503,216,203,13,13
63504,129,125,4,4
63505,107,106,1,1
63506,114,112,2,2
63507,99,90,9,9
63508,232,188,44,44
63509,81,88,-7,7
63510,117,121,-4,4
63511,142,143,-1,1
63512,33,21,12,12
63513,80,80,0,0
63514,95,114,-19,19
63515,84,76,8,8
63516,111,130,-19,19
63517,53,49,4,4
63518,47,58,-11,11
63519,80,92,-12,12
63520,81,88,-7,7
63521,74,78,-4,4
63522,49,60,-11,11
63523,124,120,4,4
63524,98,94,4,4
63525,155,144,11,11
63526,58,69,-11,11
63527,111,118,-7,7
63528,99,105,-6,6
63529,124,133,-9,9
63530,62,104,-42,42
63531,55,35,20,20
63532,72,72,0,0
63533,62,11,51,51
63534,74,64,10,10
63535,76,70,6,6
63536,102,90,12,12
63537,87,36,51,51
63538,136,116,20,20
63539,89,80,9,9
63540,68,82,-14,14
63541,67,73,-6,6
63542,97,113,-16,16
63543,123,126,-3,3
63544,170,156,14,14
63545,120,127,-7,7
63546,110,119,-9,9
63547,100,103,-3,3
63548,37,45,-8,8
63549,84,79,5,5
63550,62,73,-11,11
63551,145,134,11,11
63552,106,114,-8,8
63553,115,109,6,6
63554,126,131,-5,5
63555,141,139,2,2
63556,92,86,6,6
63557,110,117,-7,7
63558,59,73,-14,14
63559,90,84,6,6
63560,77,81,-4,4
63561,70,85,-15,15
63562,77,93,-16,16
63563,79,70,9,9
63564,154,154,0,0
63565,137,135,2,2
63566,106,115,-9,9
63567,116,85,31,31
63568,119,108,11,11
63569,65,61,4,4
63570,139,120,19,19
63571,145,139,6,6
63572,141,132,9,9
63573,119,112,7,7
63574,70,79,-9,9
63575,78,67,11,11
63576,75,85,-10,10
63577,100,101,-1,1
63578,163,148,15,15
63579,162,129,33,33
63580,153,149,4,4
63581,94,97,-3,3
63582,74,74,0,0
63583,88,91,-3,3
63584,67,73,-6,6
63585,100,114,-14,14
63586,117,126,-9,9
63587,80,75,5,5
63588,95,97,-2,2
63589,77,78,-1,1
63590,121,113,8,8
63591,141,128,13,13
63592,83,78,5,5
63593,55,47,8,8
63594,87,90,-3,3
63595,76,85,-9,9
63596,116,104,12,12
63597,162,188,-26,26
63598,114,115,-1,1
63599,79,71,8,8
63600,117,128,-11,11
63601,54,53,1,1
63602,87,100,-13,13
63603,124,118,6,6
63604,101,99,2,2
63605,53,63,-10,10
63606,133,141,-8,8
63607,75,89,-14,14
63608,78,88,-10,10
63609,69,73,-4,4
63610,40,41,-1,1
63611,84,97,-13,13
63612,94,97,-3,3
63613,75,73,2,2
63614,95,95,0,0
63615,82,99,-17,17
63616,75,81,-6,6
63617,141,120,21,21
63618,98,97,1,1
63619,101,114,-13,13
63620,49,59,-10,10
63621,45,37,8,8
63622,94,100,-6,6
63623,132,111,21,21
63624,122,118,4,4
63625,96,96,0,0
63626,89,81,8,8
63627,114,125,-11,11
63628,112,100,12,12
63629,55,65,-10,10
63630,63,69,-6,6
63631,133,121,12,12
63632,71,83,-12,12
63633,81,75,6,6
63634,104,115,-11,11
63635,97,95,2,2
63636,103,118,-15,15
63637,110,98,12,12
63638,91,106,-15,15
63639,60,65,-5,5
63640,58,68,-10,10
63641,91,82,9,9
63642,69,83,-14,14
63643,75,89,-14,14
63644,175,167,8,8
63645,62,77,-15,15
63646,121,122,-1,1
63647,64,53,11,11
63648,103,105,-2,2
63649,109,88,21,21
63650,111,117,-6,6
63651,87,87,0,0
63652,146,144,2,2
63653,68,77,-9,9
63654,69,74,-5,5
63655,79,105,-26,26
63656,111,106,5,5
63657,72,76,-4,4
63658,110,113,-3,3
63659,106,102,4,4
63660,112,98,14,14
63661,85,88,-3,3
63662,153,163,-10,10
63663,102,71,31,31
63664,75,81,-6,6
63665,123,120,3,3
63666,80,96,-16,16
63667,81,78,3,3
63668,76,75,1,1
63669,107,60,47,47
63670,163,147,16,16
63671,75,96,-21,21
63672,83,91,-8,8
63673,72,74,-2,2
63674,73,78,-5,5
63675,47,89,-42,42
63676,127,132,-5,5
63677,31,46,-15,15
63678,88,81,7,7
63679,131,133,-2,2
63680,140,156,-16,16
63681,172,137,35,35
63682,86,84,2,2
63683,137,136,1,1
63684,108,106,2,2
63685,67,68,-1,1
63686,157,153,4,4
63687,42,40,2,2
63688,81,96,-15,15
63689,96,88,8,8
63690,189,178,11,11
63691,97,117,-20,20
63692,82,83,-1,1
63693,105,107,-2,2
63694,107,101,6,6
63695,81,88,-7,7
63696,44,37,7,7
63697,93,104,-11,11
63698,63,70,-7,7
63699,46,90,-44,44
63700,128,134,-6,6
63701,133,130,3,3
63702,40,38,2,2
63703,119,112,7,7
63704,100,80,20,20
63705,96,102,-6,6
63706,84,95,-11,11
63707,188,171,17,17
63708,66,74,-8,8
63709,145,144,1,1
63710,50,69,-19,19
63711,74,82,-8,8
63712,82,90,-8,8
63713,92,66,26,26
63714,131,133,-2,2
63715,69,78,-9,9
63716,97,94,3,3
63717,137,125,12,12
63718,98,102,-4,4
63719,67,71,-4,4
63720,107,109,-2,2
63721,49,47,2,2
63722,76,82,-6,6
63723,66,70,-4,4
63724,170,146,24,24
63725,101,113,-12,12
63726,95,79,16,16
63727,76,125,-49,49
63728,82,87,-5,5
63729,84,78,6,6
63730,106,125,-19,19
63731,64,62,2,2
63732,91,102,-11,11
63733,86,86,0,0
63734,54,40,14,14
63735,82,109,-27,27
63736,89,92,-3,3
63737,97,100,-3,3
63738,161,125,36,36
63739,48,39,9,9
63740,109,106,3,3
63741,159,142,17,17
63742,106,114,-8,8
63743,181,151,30,30
63744,129,141,-12,12
63745,101,112,-11,11
63746,114,109,5,5
63747,126,122,4,4
63748,168,127,41,41
63749,95,104,-9,9
63750,80,86,-6,6
63751,96,99,-3,3
63752,35,106,-71,71
63753,73,76,-3,3
63754,89,85,4,4
63755,107,108,-1,1
63756,88,97,-9,9
63757,92,98,-6,6
63758,91,61,30,30
63759,91,81,10,10
63760,120,136,-16,16
63761,82,76,6,6
63762,80,86,-6,6
63763,55,43,12,12
63764,76,50,26,26
63765,72,73,-1,1
63766,105,112,-7,7
63767,113,121,-8,8
63768,67,85,-18,18
63769,101,104,-3,3
63770,80,66,14,14
63771,80,87,-7,7
63772,96,84,12,12
63773,71,62,9,9
63774,148,146,2,2
63775,72,65,7,7
63776,127,131,-4,4
63777,75,83,-8,8
63778,83,88,-5,5
63779,90,97,-7,7
63780,86,102,-16,16
63781,75,110,-35,35
63782,72,100,-28,28
63783,70,63,7,7
63784,105,86,19,19
63785,41,100,-59,59
63786,68,70,-2,2
63787,86,87,-1,1
63788,64,47,17,17
63789,86,89,-3,3
63790,51,69,-18,18
63791,124,116,8,8
63792,88,94,-6,6
63793,93,97,-4,4
63794,54,74,-20,20
63795,71,58,13,13
63796,132,138,-6,6
63797,101,91,10,10
63798,172,143,29,29
63799,176,164,12,12
63800,173,184,-11,11
63801,130,135,-5,5
63802,79,70,9,9
63803,102,103,-1,1
63804,133,133,0,0
63805,90,61,29,29
63806,102,100,2,2
63807,65,69,-4,4
63808,128,123,5,5
63809,159,122,37,37
63810,57,73,-16,16
63811,171,170,1,1
63812,66,69,-3,3
63813,165,142,23,23
63814,51,63,-12,12
63815,111,112,-1,1
63816,211,187,24,24
63817,89,86,3,3
63818,74,80,-6,6
63819,86,98,-12,12
63820,129,106,23,23
63821,67,75,-8,8
63822,112,105,7,7
63823,102,109,-7,7
63824,76,72,4,4
63825,67,87,-20,20
63826,96,94,2,2
63827,115,124,-9,9
63828,95,102,-7,7
63829,129,129,0,0
63830,78,76,2,2
63831,58,70,-12,12
63832,93,93,0,0
63833,53,55,-2,2
63834,62,48,14,14
63835,89,93,-4,4
63836,110,110,0,0
63837,109,124,-15,15
63838,34,70,-36,36
63839,94,102,-8,8
63840,54,54,0,0
63841,111,120,-9,9
63842,128,134,-6,6
63843,141,134,7,7
63844,92,87,5,5
63845,102,93,9,9
63846,94,106,-12,12
63847,130,127,3,3
63848,93,103,-10,10
63849,86,72,14,14
63850,102,95,7,7
63851,137,131,6,6
63852,55,40,15,15
63853,118,125,-7,7
63854,121,121,0,0
63855,155,157,-2,2
63856,71,75,-4,4
63857,140,141,-1,1
63858,64,87,-23,23
63859,110,118,-8,8
63860,119,126,-7,7
63861,55,50,5,5
63862,80,86,-6,6
63863,142,107,35,35
63864,44,46,-2,2
63865,111,126,-15,15
63866,113,113,0,0
63867,146,132,14,14
63868,169,132,37,37
63869,129,128,1,1
63870,76,92,-16,16
63871,67,58,9,9
63872,75,78,-3,3
63873,68,71,-3,3
63874,74,91,-17,17
63875,80,73,7,7
63876,33,35,-2,2
63877,91,83,8,8
63878,75,74,1,1
63879,94,86,8,8
63880,142,130,12,12
63881,50,112,-62,62
63882,193,175,18,18
63883,81,84,-3,3
63884,111,104,7,7
63885,130,125,5,5
63886,51,50,1,1
63887,73,72,1,1
63888,136,138,-2,2
63889,94,109,-15,15
63890,111,101,10,10
63891,119,122,-3,3
63892,101,105,-4,4
63893,79,83,-4,4
63894,92,86,6,6
63895,84,86,-2,2
63896,48,56,-8,8
63897,105,104,1,1
63898,87,76,11,11
63899,91,93,-2,2
63900,78,68,10,10
63901,136,148,-12,12
63902,123,116,7,7
63903,130,134,-4,4
63904,126,115,11,11
63905,84,98,-14,14
63906,122,129,-7,7
63907,124,129,-5,5
63908,117,108,9,9
63909,49,54,-5,5
63910,63,62,1,1
63911,64,75,-11,11
63912,57,47,10,10
63913,37,50,-13,13
63914,38,36,2,2
63915,56,58,-2,2
63916,137,127,10,10
63917,109,122,-13,13
63918,158,154,4,4
63919,112,127,-15,15
63920,96,103,-7,7
63921,99,98,1,1
63922,68,81,-13,13
63923,94,98,-4,4
63924,118,128,-10,10
63925,80,91,-11,11
63926,78,111,-33,33
63927,94,90,4,4
63928,172,176,-4,4
63929,39,35,4,4
63930,62,78,-16,16
63931,152,137,15,15
63932,120,101,19,19
63933,90,86,4,4
63934,105,96,9,9
63935,80,77,3,3
63936,58,48,10,10
63937,51,67,-16,16
63938,90,95,-5,5
63939,107,96,11,11
63940,71,71,0,0
63941,61,69,-8,8
63942,111,136,-25,25
63943,88,86,2,2
63944,56,50,6,6
63945,93,91,2,2
63946,106,112,-6,6
63947,96,93,3,3
63948,81,88,-7,7
63949,63,56,7,7
63950,112,119,-7,7
63951,120,112,8,8
63952,59,65,-6,6
63953,103,93,10,10
63954,50,45,5,5
63955,115,103,12,12
63956,54,67,-13,13
63957,71,78,-7,7
63958,59,67,-8,8
63959,115,102,13,13
63960,47,47,0,0
63961,100,83,17,17
63962,77,71,6,6
63963,195,167,28,28
63964,118,124,-6,6
63965,90,92,-2,2
63966,101,117,-16,16
63967,141,125,16,16
63968,153,149,4,4
63969,72,74,-2,2
63970,76,85,-9,9
63971,141,122,19,19
63972,168,153,15,15
63973,189,134,55,55
63974,52,53,-1,1
63975,90,86,4,4
63976,81,92,-11,11
63977,54,66,-12,12
63978,128,120,8,8
63979,86,90,-4,4
63980,65,69,-4,4
63981,53,53,0,0
63982,57,60,-3,3
63983,90,93,-3,3
63984,73,93,-20,20
63985,75,95,-20,20
63986,85,76,9,9
63987,143,142,1,1
63988,44,54,-10,10
63989,81,76,5,5
63990,76,71,5,5
63991,126,127,-1,1
63992,46,54,-8,8
63993,139,123,16,16
63994,154,143,11,11
63995,161,163,-2,2
63996,59,51,8,8
63997,78,97,-19,19
63998,85,89,-4,4
63999,48,56,-8,8
64000,71,78,-7,7
64001,79,78,1,1
64002,65,60,5,5
64003,78,85,-7,7
64004,117,121,-4,4
64005,51,56,-5,5
64006,153,86,67,67
64007,118,103,15,15
64008,66,71,-5,5
64009,75,88,-13,13
64010,102,115,-13,13
64011,85,90,-5,5
64012,64,53,11,11
64013,95,98,-3,3
64014,160,136,24,24
64015,94,95,-1,1
64016,68,84,-16,16
64017,180,174,6,6
64018,52,74,-22,22
64019,106,110,-4,4
64020,85,99,-14,14
64021,115,121,-6,6
64022,57,58,-1,1
64023,104,110,-6,6
64024,53,59,-6,6
64025,79,80,-1,1
64026,68,87,-19,19
64027,86,77,9,9
64028,121,112,9,9
64029,54,45,9,9
64030,74,78,-4,4
64031,122,149,-27,27
64032,67,73,-6,6
64033,128,137,-9,9
64034,56,72,-16,16
64035,146,150,-4,4
64036,111,136,-25,25
64037,86,100,-14,14
64038,96,100,-4,4
64039,144,136,8,8
64040,73,72,1,1
64041,50,62,-12,12
64042,179,179,0,0
64043,83,88,-5,5
64044,62,58,4,4
64045,103,108,-5,5
64046,101,109,-8,8
64047,59,66,-7,7
64048,74,75,-1,1
64049,72,49,23,23
64050,75,99,-24,24
64051,109,122,-13,13
64052,102,92,10,10
64053,143,127,16,16
64054,83,96,-13,13
64055,156,120,36,36
64056,124,127,-3,3
64057,80,88,-8,8
64058,161,139,22,22
64059,54,58,-4,4
64060,75,127,-52,52
64061,155,127,28,28
64062,117,109,8,8
64063,130,128,2,2
64064,225,177,48,48
64065,94,102,-8,8
64066,63,51,12,12
64067,72,76,-4,4
64068,179,162,17,17
64069,141,147,-6,6
64070,82,79,3,3
64071,62,53,9,9
64072,122,142,-20,20
64073,79,75,4,4
64074,93,82,11,11
64075,137,154,-17,17
64076,110,121,-11,11
64077,137,139,-2,2
64078,84,83,1,1
64079,64,55,9,9
64080,64,50,14,14
64081,56,48,8,8
64082,70,80,-10,10
64083,76,86,-10,10
64084,118,112,6,6
64085,88,86,2,2
64086,81,84,-3,3
64087,129,95,34,34
64088,64,74,-10,10
64089,97,101,-4,4
64090,123,122,1,1
64091,86,79,7,7
64092,97,98,-1,1
64093,115,124,-9,9
64094,96,100,-4,4
64095,77,92,-15,15
64096,168,195,-27,27
64097,51,62,-11,11
64098,90,65,25,25
64099,56,66,-10,10
64100,71,106,-35,35
64101,107,116,-9,9
64102,94,90,4,4
64103,46,62,-16,16
64104,118,111,7,7
64105,129,115,14,14
64106,106,106,0,0
64107,81,91,-10,10
64108,82,70,12,12
64109,56,55,1,1
64110,79,88,-9,9
64111,71,78,-7,7
64112,148,163,-15,15
64113,205,188,17,17
64114,142,128,14,14
64115,85,80,5,5
64116,47,59,-12,12
64117,91,82,9,9
64118,108,108,0,0
64119,73,78,-5,5
64120,102,101,1,1
64121,129,146,-17,17
64122,130,152,-22,22
64123,103,99,4,4
64124,70,99,-29,29
64125,90,83,7,7
64126,118,124,-6,6
64127,85,79,6,6
64128,63,82,-19,19
64129,62,55,7,7
64130,93,92,1,1
64131,66,108,-42,42
64132,57,54,3,3
64133,43,68,-25,25
64134,104,103,1,1
64135,131,111,20,20
64136,88,90,-2,2
64137,79,89,-10,10
64138,83,67,16,16
64139,77,82,-5,5
64140,82,73,9,9
64141,109,107,2,2
64142,118,119,-1,1
64143,134,144,-10,10
64144,124,130,-6,6
64145,105,113,-8,8
64146,102,102,0,0
64147,109,96,13,13
64148,100,97,3,3
64149,84,84,0,0
64150,88,113,-25,25
64151,86,93,-7,7
64152,92,84,8,8
64153,125,120,5,5
64154,70,71,-1,1
64155,167,142,25,25
64156,151,159,-8,8
64157,80,85,-5,5
64158,125,98,27,27
64159,140,146,-6,6
64160,101,101,0,0
64161,68,70,-2,2
64162,48,2,46,46
64163,105,103,2,2
64164,72,64,8,8
64165,73,82,-9,9
64166,139,123,16,16
64167,88,97,-9,9
64168,65,105,-40,40
64169,100,101,-1,1
64170,150,161,-11,11
64171,116,112,4,4
64172,64,63,1,1
64173,115,106,9,9
64174,58,67,-9,9
64175,132,142,-10,10
64176,91,87,4,4
64177,75,67,8,8
64178,98,104,-6,6
64179,109,109,0,0
64180,115,112,3,3
64181,86,92,-6,6
64182,100,100,0,0
64183,77,91,-14,14
64184,156,164,-8,8
64185,63,61,2,2
64186,81,81,0,0
64187,95,73,22,22
64188,70,65,5,5
64189,100,102,-2,2
64190,92,91,1,1
64191,150,154,-4,4
64192,99,110,-11,11
64193,133,138,-5,5
64194,46,53,-7,7
64195,99,96,3,3
64196,128,123,5,5
64197,77,82,-5,5
64198,77,70,7,7
64199,62,68,-6,6
64200,175,167,8,8
64201,183,189,-6,6
64202,80,52,28,28
64203,124,121,3,3
64204,116,120,-4,4
64205,140,152,-12,12
64206,74,73,1,1
64207,104,127,-23,23
64208,43,62,-19,19
64209,191,157,34,34
64210,245,263,-18,18
64211,94,89,5,5
64212,110,64,46,46
64213,86,90,-4,4
64214,49,57,-8,8
64215,116,125,-9,9
64216,58,40,18,18
64217,51,62,-11,11
64218,96,97,-1,1
64219,73,89,-16,16
64220,100,108,-8,8
64221,83,131,-48,48
64222,130,131,-1,1
64223,64,84,-20,20
64224,77,94,-17,17
64225,126,125,1,1
64226,52,52,0,0
64227,84,78,6,6
64228,69,90,-21,21
64229,107,126,-19,19
64230,104,94,10,10
64231,55,45,10,10
64232,87,108,-21,21
64233,88,101,-13,13
64234,147,133,14,14
64235,122,125,-3,3
64236,120,109,11,11
64237,166,154,12,12
64238,80,91,-11,11
64239,122,136,-14,14
64240,43,35,8,8
64241,121,105,16,16
64242,70,73,-3,3
64243,101,100,1,1
64244,57,61,-4,4
64245,100,103,-3,3
64246,52,67,-15,15
64247,69,63,6,6
64248,52,41,11,11
64249,60,59,1,1
64250,74,72,2,2
64251,92,103,-11,11
64252,47,46,1,1
64253,91,72,19,19
64254,72,95,-23,23
64255,45,38,7,7
64256,70,70,0,0
64257,119,118,1,1
64258,113,123,-10,10
64259,51,67,-16,16
64260,56,61,-5,5
64261,95,97,-2,2
64262,82,111,-29,29
64263,79,72,7,7
64264,70,67,3,3
64265,78,81,-3,3
64266,94,111,-17,17
64267,68,63,5,5
64268,87,98,-11,11
64269,164,171,-7,7
64270,101,84,17,17
64271,145,133,12,12
64272,50,54,-4,4
64273,65,84,-19,19
64274,108,110,-2,2
64275,77,57,20,20
64276,153,110,43,43
64277,113,114,-1,1
64278,181,140,41,41
64279,52,66,-14,14
64280,96,105,-9,9
64281,139,131,8,8
64282,91,97,-6,6
64283,73,80,-7,7
64284,77,67,10,10
64285,71,74,-3,3
64286,51,50,1,1
64287,90,91,-1,1
64288,68,76,-8,8
64289,73,70,3,3
64290,94,104,-10,10
64291,69,71,-2,2
64292,90,97,-7,7
64293,154,143,11,11
64294,163,146,17,17
64295,74,76,-2,2
64296,55,66,-11,11
64297,73,67,6,6
64298,33,18,15,15
64299,154,146,8,8
64300,70,55,15,15
64301,72,83,-11,11
64302,96,92,4,4
64303,117,127,-10,10
64304,127,128,-1,1
64305,84,95,-11,11
64306,99,103,-4,4
64307,72,92,-20,20
64308,144,135,9,9
64309,74,78,-4,4
64310,75,78,-3,3
64311,89,90,-1,1
64312,122,119,3,3
64313,165,157,8,8
64314,45,63,-18,18
64315,82,94,-12,12
64316,84,87,-3,3
64317,166,144,22,22
64318,140,127,13,13
64319,96,112,-16,16
64320,73,73,0,0
64321,200,177,23,23
64322,113,91,22,22
64323,137,134,3,3
64324,87,80,7,7
64325,127,125,2,2
64326,74,67,7,7
64327,89,53,36,36
64328,128,141,-13,13
64329,73,79,-6,6
64330,53,41,12,12
64331,26,42,-16,16
64332,104,100,4,4
64333,91,86,5,5
64334,157,144,13,13
64335,93,88,5,5
64336,125,128,-3,3
64337,66,56,10,10
64338,125,121,4,4
64339,144,99,45,45
64340,106,108,-2,2
64341,129,119,10,10
64342,86,99,-13,13
64343,188,166,22,22
64344,142,133,9,9
64345,54,59,-5,5
64346,185,159,26,26
64347,152,152,0,0
64348,55,46,9,9
64349,74,76,-2,2
64350,132,115,17,17
64351,80,91,-11,11
64352,77,81,-4,4
64353,67,80,-13,13
64354,71,62,9,9
64355,129,87,42,42
64356,116,119,-3,3
64357,97,92,5,5
64358,39,39,0,0
64359,44,48,-4,4
64360,73,77,-4,4
64361,78,84,-6,6
64362,68,75,-7,7
64363,57,50,7,7
64364,97,109,-12,12
64365,77,88,-11,11
64366,159,166,-7,7
64367,144,127,17,17
64368,58,54,4,4
64369,74,88,-14,14
64370,47,44,3,3
64371,86,84,2,2
64372,95,86,9,9
64373,74,75,-1,1
64374,84,111,-27,27
64375,175,160,15,15
64376,47,40,7,7
64377,110,107,3,3
64378,181,180,1,1
64379,117,120,-3,3
64380,77,66,11,11
64381,88,88,0,0
64382,84,90,-6,6
64383,56,47,9,9
64384,49,54,-5,5
64385,75,80,-5,5
64386,58,58,0,0
64387,110,124,-14,14
64388,80,85,-5,5
64389,120,137,-17,17
64390,79,93,-14,14
64391,107,117,-10,10
64392,79,75,4,4
64393,69,110,-41,41
64394,36,36,0,0
64395,106,110,-4,4
64396,64,55,9,9
64397,91,98,-7,7
64398,70,70,0,0
64399,69,60,9,9
64400,75,54,21,21
64401,54,53,1,1
64402,69,86,-17,17
64403,105,106,-1,1
64404,67,82,-15,15
64405,28,21,7,7
64406,57,69,-12,12
64407,46,23,23,23
64408,52,67,-15,15
64409,122,124,-2,2
64410,101,104,-3,3
64411,129,122,7,7
64412,143,149,-6,6
64413,193,162,31,31
64414,55,67,-12,12
64415,92,96,-4,4
64416,107,89,18,18
64417,137,126,11,11
64418,100,107,-7,7
64419,61,75,-14,14
64420,113,107,6,6
64421,112,77,35,35
64422,78,75,3,3
64423,82,86,-4,4
64424,58,66,-8,8
64425,65,64,1,1
64426,52,58,-6,6
64427,106,108,-2,2
64428,47,55,-8,8
64429,72,99,-27,27
64430,75,87,-12,12
64431,135,150,-15,15
64432,87,94,-7,7
64433,175,132,43,43
64434,99,100,-1,1
64435,50,52,-2,2
64436,90,98,-8,8
64437,83,87,-4,4
64438,68,74,-6,6
64439,85,82,3,3
64440,73,79,-6,6
64441,58,73,-15,15
64442,78,92,-14,14
64443,89,100,-11,11
64444,49,50,-1,1
64445,73,66,7,7
64446,108,79,29,29
64447,60,52,8,8
64448,142,131,11,11
64449,217,184,33,33
64450,57,40,17,17
64451,61,68,-7,7
64452,82,94,-12,12
64453,73,83,-10,10
64454,108,111,-3,3
64455,139,146,-7,7
64456,80,98,-18,18
64457,218,186,32,32
64458,119,107,12,12
64459,105,105,0,0
64460,57,60,-3,3
64461,106,119,-13,13
64462,74,78,-4,4
64463,77,85,-8,8
64464,143,133,10,10
64465,103,94,9,9
64466,120,121,-1,1
64467,124,112,12,12
64468,112,105,7,7
64469,105,99,6,6
64470,144,138,6,6
64471,97,92,5,5
64472,65,70,-5,5
64473,74,90,-16,16
64474,55,58,-3,3
64475,80,95,-15,15
64476,115,114,1,1
64477,145,146,-1,1
64478,103,113,-10,10
64479,132,128,4,4
64480,46,48,-2,2
64481,59,64,-5,5
64482,83,95,-12,12
64483,150,132,18,18
64484,182,132,50,50
64485,44,60,-16,16
64486,64,79,-15,15
64487,53,52,1,1
64488,78,88,-10,10
64489,112,121,-9,9
64490,109,102,7,7
64491,95,102,-7,7
64492,62,92,-30,30
64493,57,65,-8,8
64494,130,133,-3,3
64495,101,104,-3,3
64496,135,140,-5,5
64497,100,125,-25,25
64498,107,119,-12,12
64499,97,100,-3,3
64500,79,74,5,5
64501,80,79,1,1
64502,94,93,1,1
64503,122,87,35,35
64504,57,69,-12,12
64505,58,57,1,1
64506,76,69,7,7
64507,144,115,29,29
64508,51,60,-9,9
64509,54,50,4,4
64510,85,89,-4,4
64511,61,67,-6,6
64512,148,125,23,23
64513,33,31,2,2
64514,99,86,13,13
64515,117,111,6,6
64516,82,72,10,10
64517,54,80,-26,26
64518,144,154,-10,10
64519,141,133,8,8
64520,80,98,-18,18
64521,203,163,40,40
64522,93,86,7,7
64523,65,62,3,3
64524,61,63,-2,2
64525,139,132,7,7
64526,84,95,-11,11
64527,72,80,-8,8
64528,68,76,-8,8
64529,56,68,-12,12
64530,101,101,0,0
64531,63,64,-1,1
64532,94,98,-4,4
64533,120,142,-22,22
64534,113,114,-1,1
64535,32,31,1,1
64536,94,111,-17,17
64537,116,117,-1,1
64538,101,83,18,18
64539,57,61,-4,4
64540,144,139,5,5
64541,76,75,1,1
64542,94,91,3,3
64543,80,94,-14,14
64544,100,107,-7,7
64545,150,133,17,17
64546,85,90,-5,5
64547,77,70,7,7
64548,75,83,-8,8
64549,170,152,18,18
64550,138,158,-20,20
64551,74,79,-5,5
64552,83,92,-9,9
64553,193,183,10,10
64554,95,84,11,11
64555,132,125,7,7
64556,69,67,2,2
64557,120,136,-16,16
64558,102,75,27,27
64559,87,95,-8,8
64560,133,123,10,10
64561,106,114,-8,8
64562,90,101,-11,11
64563,61,63,-2,2
64564,87,92,-5,5
64565,130,117,13,13
64566,77,78,-1,1
64567,80,85,-5,5
64568,95,79,16,16
64569,64,76,-12,12
64570,57,87,-30,30
64571,70,72,-2,2
64572,111,113,-2,2
64573,54,70,-16,16
64574,142,160,-18,18
64575,52,61,-9,9
64576,47,46,1,1
64577,133,142,-9,9
64578,140,139,1,1
64579,60,77,-17,17
64580,186,157,29,29
64581,77,80,-3,3
64582,101,102,-1,1
64583,59,57,2,2
64584,121,130,-9,9
64585,104,133,-29,29
64586,155,137,18,18
64587,83,89,-6,6
64588,77,83,-6,6
64589,123,112,11,11
64590,59,68,-9,9
64591,105,101,4,4
64592,75,88,-13,13
64593,116,109,7,7
64594,72,73,-1,1
64595,149,147,2,2
64596,119,115,4,4
64597,63,75,-12,12
64598,87,86,1,1
64599,137,129,8,8
64600,82,77,5,5
64601,125,120,5,5
64602,36,42,-6,6
64603,67,81,-14,14
64604,116,120,-4,4
64605,155,153,2,2
64606,103,105,-2,2
64607,104,100,4,4
64608,143,143,0,0
64609,123,124,-1,1
64610,121,121,0,0
64611,87,59,28,28
64612,72,80,-8,8
64613,49,83,-34,34
64614,69,82,-13,13
64615,72,95,-23,23
64616,116,109,7,7
64617,138,147,-9,9
64618,97,116,-19,19
64619,63,62,1,1
64620,109,104,5,5
64621,80,92,-12,12
64622,96,83,13,13
64623,98,98,0,0
64624,101,97,4,4
64625,143,110,33,33
64626,90,94,-4,4
64627,85,73,12,12
64628,120,121,-1,1
64629,65,58,7,7
64630,161,137,24,24
64631,124,101,23,23
64632,103,116,-13,13
64633,99,94,5,5
64634,121,130,-9,9
64635,122,122,0,0
64636,104,116,-12,12
64637,160,167,-7,7
64638,109,83,26,26
64639,63,88,-25,25
64640,112,106,6,6
64641,88,79,9,9
64642,88,93,-5,5
64643,101,117,-16,16
64644,50,50,0,0
64645,170,168,2,2
64646,64,75,-11,11
64647,102,129,-27,27
64648,93,92,1,1
64649,132,136,-4,4
64650,75,84,-9,9
64651,84,94,-10,10
64652,60,72,-12,12
64653,103,124,-21,21
64654,58,92,-34,34
64655,153,145,8,8
64656,135,128,7,7
64657,62,77,-15,15
64658,162,149,13,13
64659,74,85,-11,11
64660,90,92,-2,2
64661,127,127,0,0
64662,97,116,-19,19
64663,102,102,0,0
64664,117,107,10,10
64665,38,38,0,0
64666,114,117,-3,3
64667,45,30,15,15
64668,100,101,-1,1
64669,61,52,9,9
64670,101,90,11,11
64671,120,139,-19,19
64672,152,149,3,3
64673,84,92,-8,8
64674,100,94,6,6
64675,108,101,7,7
64676,124,140,-16,16
64677,148,153,-5,5
64678,46,51,-5,5
64679,119,122,-3,3
64680,118,109,9,9
64681,52,88,-36,36
64682,104,115,-11,11
64683,82,99,-17,17
64684,100,85,15,15
64685,118,114,4,4
64686,70,73,-3,3
64687,104,87,17,17
64688,141,131,10,10
64689,97,95,2,2
64690,24,0,24,24
64691,192,155,37,37
64692,71,64,7,7
64693,78,84,-6,6
64694,46,53,-7,7
64695,79,96,-17,17
64696,153,130,23,23
64697,88,107,-19,19
64698,64,81,-17,17
64699,81,80,1,1
64700,81,88,-7,7
64701,105,94,11,11
64702,88,89,-1,1
64703,120,124,-4,4
64704,68,63,5,5
64705,84,89,-5,5
64706,121,98,23,23
64707,80,70,10,10
64708,138,129,9,9
64709,90,86,4,4
64710,87,100,-13,13
64711,92,91,1,1
64712,111,129,-18,18
64713,77,77,0,0
64714,74,87,-13,13
64715,170,157,13,13
64716,77,84,-7,7
64717,117,119,-2,2
64718,151,135,16,16
64719,84,93,-9,9
64720,108,121,-13,13
64721,69,84,-15,15
64722,121,131,-10,10
64723,94,103,-9,9
64724,41,33,8,8
64725,140,134,6,6
64726,76,68,8,8
64727,85,78,7,7
64728,104,118,-14,14
64729,48,61,-13,13
64730,128,126,2,2
64731,68,70,-2,2
64732,70,65,5,5
64733,93,85,8,8
64734,69,94,-25,25
64735,56,69,-13,13
64736,96,92,4,4
64737,50,61,-11,11
64738,64,63,1,1
64739,69,77,-8,8
64740,89,91,-2,2
64741,75,97,-22,22
64742,77,85,-8,8
64743,68,59,9,9
64744,59,107,-48,48
64745,140,110,30,30
64746,79,82,-3,3
64747,46,48,-2,2
64748,54,56,-2,2
64749,89,101,-12,12
64750,99,114,-15,15
64751,68,68,0,0
64752,86,103,-17,17
64753,106,99,7,7
64754,82,88,-6,6
64755,97,88,9,9
64756,29,42,-13,13
64757,99,100,-1,1
64758,119,124,-5,5
64759,102,106,-4,4
64760,104,113,-9,9
64761,148,137,11,11
64762,146,140,6,6
64763,107,81,26,26
64764,49,49,0,0
64765,45,38,7,7
64766,133,117,16,16
64767,102,93,9,9
64768,110,115,-5,5
64769,100,101,-1,1
64770,112,105,7,7
64771,59,59,0,0
64772,73,70,3,3
64773,115,125,-10,10
64774,88,83,5,5
64775,77,88,-11,11
64776,133,114,19,19
64777,86,81,5,5
64778,74,61,13,13
64779,125,128,-3,3
64780,97,113,-16,16
64781,71,63,8,8
64782,42,58,-16,16
64783,140,146,-6,6
64784,70,78,-8,8
64785,76,81,-5,5
64786,59,56,3,3
64787,87,94,-7,7
64788,134,123,11,11
64789,173,159,14,14
64790,47,59,-12,12
64791,112,106,6,6
64792,94,108,-14,14
64793,81,80,1,1
64794,152,146,6,6
64795,56,55,1,1
64796,72,72,0,0
64797,82,84,-2,2
64798,68,71,-3,3
64799,87,92,-5,5
64800,116,136,-20,20
64801,49,38,11,11
64802,124,126,-2,2
64803,146,145,1,1
64804,151,145,6,6
64805,67,102,-35,35
64806,57,98,-41,41
64807,147,149,-2,2
64808,104,111,-7,7
64809,124,124,0,0
64810,46,58,-12,12
64811,118,113,5,5
64812,110,107,3,3
64813,82,73,9,9
64814,97,100,-3,3
64815,104,105,-1,1
64816,46,46,0,0
64817,76,96,-20,20
64818,66,79,-13,13
64819,51,36,15,15
64820,63,65,-2,2
64821,81,89,-8,8
64822,110,118,-8,8
64823,160,161,-1,1
64824,65,55,10,10
64825,43,48,-5,5
64826,67,119,-52,52
64827,104,105,-1,1
64828,83,81,2,2
64829,57,65,-8,8
64830,139,141,-2,2
64831,78,96,-18,18
64832,68,87,-19,19
64833,91,94,-3,3
64834,117,113,4,4
64835,117,110,7,7
64836,110,110,0,0
64837,67,55,12,12
64838,89,88,1,1
64839,96,117,-21,21
64840,92,108,-16,16
64841,87,73,14,14
64842,92,87,5,5
64843,59,50,9,9
64844,66,72,-6,6
64845,160,159,1,1
64846,188,169,19,19
64847,96,100,-4,4
64848,75,78,-3,3
64849,140,134,6,6
64850,95,95,0,0
64851,83,86,-3,3
64852,103,110,-7,7
64853,81,93,-12,12
64854,87,96,-9,9
64855,90,62,28,28
64856,66,76,-10,10
64857,100,102,-2,2
64858,75,100,-25,25
64859,50,57,-7,7
64860,68,55,13,13
64861,82,78,4,4
64862,72,87,-15,15
64863,56,76,-20,20
64864,113,111,2,2
64865,41,45,-4,4
64866,56,64,-8,8
64867,92,90,2,2
64868,68,80,-12,12
64869,63,73,-10,10
64870,111,119,-8,8
64871,74,75,-1,1
64872,91,93,-2,2
64873,84,140,-56,56
64874,107,112,-5,5
64875,95,99,-4,4
64876,80,70,10,10
64877,125,113,12,12
64878,57,56,1,1
64879,115,120,-5,5
64880,117,117,0,0
64881,71,72,-1,1
64882,72,72,0,0
64883,199,191,8,8
64884,100,97,3,3
64885,75,60,15,15
64886,78,68,10,10
64887,82,66,16,16
64888,85,82,3,3
64889,53,73,-20,20
64890,89,81,8,8
64891,111,108,3,3
64892,58,55,3,3
64893,74,67,7,7
64894,106,113,-7,7
64895,139,148,-9,9
64896,94,94,0,0
64897,66,56,10,10
64898,140,126,14,14
64899,100,86,14,14
64900,60,70,-10,10
64901,118,112,6,6
64902,108,95,13,13
64903,131,125,6,6
64904,141,147,-6,6
64905,107,83,24,24
64906,65,88,-23,23
64907,104,114,-10,10
64908,121,123,-2,2
64909,93,118,-25,25
64910,85,93,-8,8
64911,77,109,-32,32
64912,113,101,12,12
64913,44,29,15,15
64914,110,126,-16,16
64915,75,76,-1,1
64916,65,69,-4,4
64917,59,50,9,9
64918,102,79,23,23
64919,93,112,-19,19
64920,85,80,5,5
64921,57,54,3,3
64922,129,121,8,8
64923,45,56,-11,11
64924,60,76,-16,16
64925,89,112,-23,23
64926,93,92,1,1
64927,104,104,0,0
64928,55,58,-3,3
64929,83,99,-16,16
64930,137,134,3,3
64931,109,101,8,8
64932,69,89,-20,20
64933,110,112,-2,2
64934,119,104,15,15
64935,97,94,3,3
64936,81,91,-10,10
64937,104,109,-5,5
64938,71,82,-11,11
64939,50,46,4,4
64940,136,137,-1,1
64941,70,67,3,3
64942,63,86,-23,23
64943,90,93,-3,3
64944,102,99,3,3
64945,50,40,10,10
64946,138,127,11,11
64947,103,110,-7,7
64948,127,127,0,0
64949,129,130,-1,1
64950,144,150,-6,6
64951,52,60,-8,8
64952,72,84,-12,12
64953,94,99,-5,5
64954,77,79,-2,2
64955,62,68,-6,6
64956,91,94,-3,3
64957,58,59,-1,1
64958,78,79,-1,1
64959,63,56,7,7
64960,111,96,15,15
64961,87,91,-4,4
64962,85,76,9,9
64963,224,202,22,22
64964,99,91,8,8
64965,84,79,5,5
64966,101,105,-4,4
64967,156,113,43,43
64968,50,43,7,7
64969,82,92,-10,10
64970,190,175,15,15
64971,127,135,-8,8
64972,61,90,-29,29
64973,100,111,-11,11
64974,81,83,-2,2
64975,141,126,15,15
64976,80,86,-6,6
64977,67,59,8,8
64978,90,86,4,4
64979,81,87,-6,6
64980,55,53,2,2
64981,85,82,3,3
64982,36,32,4,4
64983,87,75,12,12
64984,73,84,-11,11
64985,90,84,6,6
64986,69,57,12,12
64987,88,82,6,6
64988,64,71,-7,7
64989,56,49,7,7
64990,130,118,12,12
64991,59,61,-2,2
64992,140,135,5,5
64993,129,114,15,15
64994,122,128,-6,6
64995,69,72,-3,3
64996,65,77,-12,12
64997,103,107,-4,4
64998,36,20,16,16
64999,193,183,10,10
65000,123,125,-2,2
65001,77,97,-20,20
65002,75,72,3,3
65003,85,105,-20,20
65004,124,140,-16,16
65005,148,144,4,4
65006,92,103,-11,11
65007,70,75,-5,5
65008,129,129,0,0
65009,51,49,2,2
65010,98,91,7,7
65011,130,126,4,4
65012,134,132,2,2
65013,89,98,-9,9
65014,83,104,-21,21
65015,89,81,8,8
65016,101,93,8,8
65017,110,103,7,7
65018,68,79,-11,11
65019,68,53,15,15
65020,72,83,-11,11
65021,77,68,9,9
65022,147,132,15,15
65023,117,115,2,2
65024,79,100,-21,21
65025,103,111,-8,8
65026,65,76,-11,11
65027,102,96,6,6
65028,66,69,-3,3
65029,101,93,8,8
65030,77,79,-2,2
65031,58,69,-11,11
65032,75,86,-11,11
65033,50,62,-12,12
65034,116,110,6,6
65035,78,68,10,10
65036,111,112,-1,1
65037,35,38,-3,3
65038,94,94,0,0
65039,136,125,11,11
65040,71,77,-6,6
65041,94,113,-19,19
65042,81,78,3,3
65043,54,34,20,20
65044,94,83,11,11
65045,94,98,-4,4
65046,143,141,2,2
65047,82,95,-13,13
65048,156,104,52,52
65049,81,87,-6,6
65050,169,175,-6,6
65051,104,115,-11,11
65052,107,114,-7,7
65053,69,85,-16,16
65054,123,102,21,21
65055,51,52,-1,1
65056,88,94,-6,6
65057,41,41,0,0
65058,56,55,1,1
65059,138,141,-3,3
65060,102,115,-13,13
65061,97,102,-5,5
65062,124,140,-16,16
65063,124,127,-3,3
65064,119,134,-15,15
65065,55,32,23,23
65066,116,109,7,7
65067,60,64,-4,4
65068,134,135,-1,1
65069,63,97,-34,34
65070,73,67,6,6
65071,145,133,12,12
65072,111,115,-4,4
65073,110,127,-17,17
65074,194,143,51,51
65075,92,101,-9,9
65076,97,82,15,15
65077,116,123,-7,7
65078,61,68,-7,7
65079,150,151,-1,1
65080,45,69,-24,24
65081,99,96,3,3
65082,79,81,-2,2
65083,118,126,-8,8
65084,74,69,5,5
65085,108,111,-3,3
65086,85,39,46,46
65087,89,76,13,13
65088,107,110,-3,3
65089,165,167,-2,2
65090,84,80,4,4
65091,132,134,-2,2
65092,90,83,7,7
65093,144,130,14,14
65094,87,91,-4,4
65095,103,95,8,8
65096,98,106,-8,8
65097,88,106,-18,18
65098,125,132,-7,7
65099,112,79,33,33
65100,51,65,-14,14
65101,105,75,30,30
65102,149,131,18,18
65103,109,111,-2,2
65104,74,77,-3,3
65105,83,100,-17,17
65106,85,82,3,3
65107,75,71,4,4
65108,78,98,-20,20
65109,67,72,-5,5
65110,48,57,-9,9
65111,109,108,1,1
65112,92,94,-2,2
65113,90,96,-6,6
65114,90,98,-8,8
65115,98,86,12,12
65116,76,81,-5,5
65117,83,89,-6,6
65118,148,142,6,6
65119,99,90,9,9
65120,68,72,-4,4
65121,79,76,3,3
65122,98,104,-6,6
65123,194,204,-10,10
65124,90,85,5,5
65125,70,59,11,11
65126,88,86,2,2
65127,66,70,-4,4
65128,81,74,7,7
65129,122,125,-3,3
65130,96,95,1,1
65131,69,68,1,1
65132,113,82,31,31
65133,61,64,-3,3
65134,101,90,11,11
65135,178,147,31,31
65136,111,104,7,7
65137,81,82,-1,1
65138,147,170,-23,23
65139,121,112,9,9
65140,78,49,29,29
65141,86,79,7,7
65142,54,57,-3,3
65143,46,38,8,8
65144,62,59,3,3
65145,94,71,23,23
65146,101,91,10,10
65147,60,74,-14,14
65148,72,65,7,7
65149,75,103,-28,28
65150,148,147,1,1
65151,123,124,-1,1
65152,81,86,-5,5
65153,126,128,-2,2
65154,163,156,7,7
65155,105,108,-3,3
65156,85,95,-10,10
65157,102,101,1,1
65158,89,95,-6,6
65159,123,125,-2,2
65160,62,58,4,4
65161,78,74,4,4
65162,98,100,-2,2
65163,68,65,3,3
65164,99,107,-8,8
65165,112,111,1,1
65166,89,78,11,11
65167,89,90,-1,1
65168,83,78,5,5
65169,119,111,8,8
65170,92,115,-23,23
65171,77,83,-6,6
65172,74,63,11,11
65173,115,136,-21,21
65174,107,105,2,2
65175,98,86,12,12
65176,136,130,6,6
65177,42,76,-34,34
65178,119,120,-1,1
65179,119,96,23,23
65180,109,107,2,2
65181,113,112,1,1
65182,164,158,6,6
65183,86,80,6,6
65184,97,99,-2,2
65185,112,106,6,6
65186,124,132,-8,8
65187,84,104,-20,20
65188,77,80,-3,3
65189,87,75,12,12
65190,52,49,3,3
65191,112,116,-4,4
65192,78,77,1,1
65193,93,88,5,5
65194,115,137,-22,22
65195,76,71,5,5
65196,209,197,12,12
65197,41,102,-61,61
65198,115,116,-1,1
65199,155,142,13,13
65200,53,49,4,4
65201,72,74,-2,2
65202,110,109,1,1
65203,91,82,9,9
65204,99,105,-6,6
65205,88,95,-7,7
65206,100,104,-4,4
65207,73,92,-19,19
65208,70,74,-4,4
65209,126,129,-3,3
65210,102,106,-4,4
65211,97,93,4,4
65212,60,64,-4,4
65213,44,90,-46,46
65214,62,86,-24,24
65215,52,56,-4,4
65216,128,125,3,3
65217,168,157,11,11
65218,101,70,31,31
65219,106,104,2,2
65220,191,171,20,20
65221,51,60,-9,9
65222,196,182,14,14
65223,92,103,-11,11
65224,47,42,5,5
65225,115,118,-3,3
65226,70,75,-5,5
65227,84,102,-18,18
65228,145,129,16,16
65229,102,104,-2,2
65230,31,14,17,17
65231,65,75,-10,10
65232,92,85,7,7
65233,77,69,8,8
65234,90,96,-6,6
65235,30,21,9,9
65236,72,85,-13,13
65237,109,111,-2,2
65238,148,160,-12,12
65239,81,83,-2,2
65240,75,62,13,13
65241,60,67,-7,7
65242,147,149,-2,2
65243,95,75,20,20
65244,71,69,2,2
65245,145,141,4,4
65246,91,95,-4,4
65247,48,64,-16,16
65248,94,98,-4,4
65249,86,71,15,15
65250,70,74,-4,4
65251,120,129,-9,9
65252,117,134,-17,17
65253,118,102,16,16
65254,66,66,0,0
65255,70,58,12,12
65256,51,48,3,3
65257,80,88,-8,8
65258,78,79,-1,1
65259,136,122,14,14
65260,105,119,-14,14
65261,94,83,11,11
65262,119,111,8,8
65263,119,134,-15,15
65264,66,47,19,19
65265,133,136,-3,3
65266,106,97,9,9
65267,110,105,5,5
65268,109,116,-7,7
65269,97,119,-22,22
65270,54,62,-8,8
65271,143,114,29,29
65272,103,114,-11,11
65273,55,84,-29,29
65274,72,70,2,2
65275,300,240,60,60
65276,110,98,12,12
65277,120,125,-5,5
65278,114,131,-17,17
65279,65,69,-4,4
65280,51,53,-2,2
65281,107,89,18,18
65282,86,92,-6,6
65283,91,91,0,0
65284,102,97,5,5
65285,72,25,47,47
65286,82,77,5,5
65287,134,128,6,6
65288,133,124,9,9
65289,79,91,-12,12
65290,146,159,-13,13
65291,176,97,79,79
65292,117,115,2,2
65293,82,88,-6,6
65294,105,93,12,12
65295,89,103,-14,14
65296,72,74,-2,2
65297,71,67,4,4
65298,117,118,-1,1
65299,140,125,15,15
65300,80,86,-6,6
65301,53,53,0,0
65302,185,181,4,4
65303,111,116,-5,5
65304,92,89,3,3
65305,91,86,5,5
65306,112,113,-1,1
65307,59,49,10,10
65308,106,100,6,6
65309,53,57,-4,4
65310,132,134,-2,2
65311,80,85,-5,5
65312,163,145,18,18
65313,58,76,-18,18
65314,138,128,10,10
65315,173,167,6,6
65316,64,78,-14,14
65317,78,108,-30,30
65318,101,105,-4,4
65319,103,102,1,1
65320,87,94,-7,7
65321,105,102,3,3
65322,94,95,-1,1
65323,89,74,15,15
65324,63,65,-2,2
65325,92,96,-4,4
65326,139,159,-20,20
65327,78,89,-11,11
65328,58,76,-18,18
65329,77,95,-18,18
65330,71,155,-84,84
65331,154,155,-1,1
65332,93,85,8,8
65333,61,59,2,2
65334,168,164,4,4
65335,139,135,4,4
65336,78,91,-13,13
65337,132,127,5,5
65338,56,63,-7,7
65339,78,77,1,1
65340,86,93,-7,7
65341,68,72,-4,4
65342,31,75,-44,44
65343,60,54,6,6
65344,150,137,13,13
65345,117,117,0,0
65346,104,104,0,0
65347,102,104,-2,2
65348,77,94,-17,17
65349,64,80,-16,16
65350,103,111,-8,8
65351,113,108,5,5
65352,96,104,-8,8
65353,114,116,-2,2
65354,126,125,1,1
65355,106,111,-5,5
65356,59,58,1,1
65357,81,89,-8,8
65358,109,101,8,8
65359,121,131,-10,10
65360,70,62,8,8
65361,148,122,26,26
65362,94,28,66,66
65363,127,76,51,51
65364,117,128,-11,11
65365,104,98,6,6
65366,46,53,-7,7
65367,106,123,-17,17
65368,94,96,-2,2
65369,124,109,15,15
65370,62,59,3,3
65371,62,82,-20,20
65372,74,96,-22,22
65373,53,39,14,14
65374,40,45,-5,5
65375,70,73,-3,3
65376,60,75,-15,15
65377,45,45,0,0
65378,111,117,-6,6
65379,37,54,-17,17
65380,88,99,-11,11
65381,51,108,-57,57
65382,66,72,-6,6
65383,76,59,17,17
65384,91,92,-1,1
65385,121,116,5,5
65386,135,137,-2,2
65387,87,100,-13,13
65388,99,93,6,6
65389,106,99,7,7
65390,83,96,-13,13
65391,94,84,10,10
65392,76,82,-6,6
65393,69,70,-1,1
65394,100,116,-16,16
65395,118,106,12,12
65396,66,69,-3,3
65397,89,94,-5,5
65398,104,115,-11,11
65399,110,105,5,5
65400,106,100,6,6
65401,118,130,-12,12
65402,83,101,-18,18
65403,85,95,-10,10
65404,73,88,-15,15
65405,72,58,14,14
65406,61,58,3,3
65407,59,61,-2,2
65408,114,117,-3,3
65409,68,87,-19,19
65410,179,166,13,13
65411,70,75,-5,5
65412,91,87,4,4
65413,114,108,6,6
65414,108,104,4,4
65415,79,94,-15,15
65416,79,92,-13,13
65417,125,133,-8,8
65418,117,91,26,26
65419,68,89,-21,21
65420,79,82,-3,3
65421,103,115,-12,12
65422,207,189,18,18
65423,63,77,-14,14
65424,117,122,-5,5
65425,63,70,-7,7
65426,71,73,-2,2
65427,74,80,-6,6
65428,55,71,-16,16
65429,170,155,15,15
65430,69,71,-2,2
65431,51,59,-8,8
65432,55,48,7,7
65433,73,76,-3,3
65434,89,104,-15,15
65435,173,121,52,52
65436,119,117,2,2
65437,85,99,-14,14
65438,94,104,-10,10
65439,104,103,1,1
65440,96,94,2,2
65441,61,58,3,3
65442,86,85,1,1
65443,95,94,1,1
65444,161,158,3,3
65445,80,90,-10,10
65446,112,120,-8,8
65447,75,73,2,2
65448,141,128,13,13
65449,161,150,11,11
65450,99,108,-9,9
65451,94,93,1,1
65452,146,139,7,7
65453,72,80,-8,8
65454,105,98,7,7
65455,69,89,-20,20
65456,113,106,7,7
65457,132,110,22,22
65458,121,122,-1,1
65459,91,124,-33,33
65460,70,31,39,39
65461,96,88,8,8
65462,155,155,0,0
65463,130,137,-7,7
65464,186,151,35,35
65465,96,107,-11,11
65466,146,152,-6,6
65467,113,112,1,1
65468,86,97,-11,11
65469,104,111,-7,7
65470,66,76,-10,10
65471,96,100,-4,4
65472,88,80,8,8
65473,111,97,14,14
65474,146,138,8,8
65475,86,99,-13,13
65476,46,57,-11,11
65477,72,70,2,2
65478,170,146,24,24
65479,35,20,15,15
65480,90,84,6,6
65481,143,152,-9,9
65482,157,143,14,14
65483,62,55,7,7
65484,65,67,-2,2
65485,75,84,-9,9
65486,89,93,-4,4
65487,82,62,20,20
65488,80,95,-15,15
65489,56,48,8,8
65490,76,72,4,4
65491,113,117,-4,4
65492,104,116,-12,12
65493,99,101,-2,2
65494,62,59,3,3
65495,140,132,8,8
65496,76,79,-3,3
65497,114,113,1,1
65498,108,120,-12,12
65499,81,71,10,10
65500,63,63,0,0
65501,125,122,3,3
65502,70,67,3,3
65503,90,85,5,5
65504,37,37,0,0
65505,92,111,-19,19
65506,96,113,-17,17
65507,85,76,9,9
65508,106,119,-13,13
65509,86,80,6,6
65510,101,99,2,2
65511,101,111,-10,10
65512,100,93,7,7
65513,105,104,1,1
65514,71,74,-3,3
65515,58,42,16,16
65516,179,170,9,9
65517,106,110,-4,4
65518,89,91,-2,2
65519,84,62,22,22
65520,113,108,5,5
65521,129,117,12,12
65522,87,90,-3,3
65523,122,126,-4,4
65524,109,104,5,5
65525,78,94,-16,16
65526,96,117,-21,21
65527,176,145,31,31
65528,114,118,-4,4
65529,89,86,3,3
65530,115,118,-3,3
65531,73,76,-3,3
65532,68,79,-11,11
65533,148,143,5,5
65534,70,73,-3,3
65535,108,93,15,15
65536,60,49,11,11
65537,98,76,22,22
65538,47,55,-8,8
65539,84,110,-26,26
65540,60,55,5,5
65541,119,130,-11,11
65542,66,74,-8,8
65543,115,101,14,14
65544,172,160,12,12
65545,105,100,5,5
65546,83,78,5,5
65547,75,76,-1,1
65548,48,41,7,7
65549,100,114,-14,14
65550,59,63,-4,4
65551,67,63,4,4
65552,103,111,-8,8
65553,48,42,6,6
65554,108,132,-24,24
65555,77,67,10,10
65556,126,130,-4,4
65557,82,110,-28,28
65558,38,86,-48,48
65559,99,95,4,4
65560,56,50,6,6
65561,131,112,19,19
65562,96,80,16,16
65563,83,83,0,0
65564,120,115,5,5
65565,102,116,-14,14
65566,93,105,-12,12
65567,127,127,0,0
65568,67,47,20,20
65569,98,99,-1,1
65570,77,59,18,18
65571,84,83,1,1
65572,96,95,1,1
65573,118,117,1,1
65574,84,85,-1,1
65575,70,83,-13,13
65576,100,114,-14,14
65577,118,118,0,0
65578,54,59,-5,5
65579,170,148,22,22
65580,91,98,-7,7
65581,86,80,6,6
65582,82,90,-8,8
65583,123,129,-6,6
65584,94,97,-3,3
65585,86,107,-21,21
65586,142,142,0,0
65587,132,110,22,22
65588,140,136,4,4
65589,177,152,25,25
65590,54,60,-6,6
65591,51,53,-2,2
65592,130,122,8,8
65593,71,73,-2,2
65594,61,57,4,4
65595,93,94,-1,1
65596,93,104,-11,11
65597,83,69,14,14
65598,104,95,9,9
65599,93,116,-23,23
65600,88,95,-7,7
65601,89,91,-2,2
65602,154,158,-4,4
65603,53,62,-9,9
65604,85,82,3,3
65605,89,99,-10,10
65606,107,111,-4,4
65607,102,106,-4,4
65608,88,89,-1,1
65609,35,26,9,9
65610,118,115,3,3
65611,63,67,-4,4
65612,56,64,-8,8
65613,41,68,-27,27
65614,108,112,-4,4
65615,137,132,5,5
65616,70,60,10,10
65617,131,136,-5,5
65618,83,91,-8,8
65619,87,82,5,5
65620,87,97,-10,10
65621,134,137,-3,3
65622,108,97,11,11
65623,73,78,-5,5
65624,110,109,1,1
65625,100,76,24,24
65626,57,89,-32,32
65627,101,100,1,1
65628,124,114,10,10
65629,100,108,-8,8
65630,116,121,-5,5
65631,124,97,27,27
65632,119,121,-2,2
65633,95,120,-25,25
65634,131,124,7,7
65635,46,51,-5,5
65636,119,117,2,2
65637,86,87,-1,1
65638,148,119,29,29
65639,63,72,-9,9
65640,84,85,-1,1
65641,88,68,20,20
65642,125,118,7,7
65643,180,160,20,20
65644,92,100,-8,8
65645,73,81,-8,8
65646,54,69,-15,15
65647,125,126,-1,1
65648,158,162,-4,4
65649,115,118,-3,3
65650,176,158,18,18
65651,71,88,-17,17
65652,109,129,-20,20
65653,115,102,13,13
65654,135,124,11,11
65655,75,71,4,4
65656,71,73,-2,2
65657,74,85,-11,11
65658,123,135,-12,12
65659,85,94,-9,9
65660,124,139,-15,15
65661,51,50,1,1
65662,53,68,-15,15
65663,97,105,-8,8
65664,92,96,-4,4
65665,122,136,-14,14
65666,183,170,13,13
65667,94,92,2,2
65668,151,133,18,18
65669,65,56,9,9
65670,146,150,-4,4
65671,68,76,-8,8
65672,186,80,106,106
65673,121,108,13,13
65674,77,76,1,1
65675,99,120,-21,21
65676,102,99,3,3
65677,80,79,1,1
65678,123,120,3,3
65679,90,103,-13,13
65680,96,107,-11,11
65681,119,98,21,21
65682,136,137,-1,1
65683,84,89,-5,5
65684,135,137,-2,2
65685,84,98,-14,14
65686,56,65,-9,9
65687,81,84,-3,3
65688,69,53,16,16
65689,89,110,-21,21
65690,105,97,8,8
65691,113,115,-2,2
65692,79,72,7,7
65693,167,142,25,25
65694,85,85,0,0
65695,80,92,-12,12
65696,72,71,1,1
65697,129,128,1,1
65698,155,126,29,29
65699,53,63,-10,10
65700,48,38,10,10
65701,45,39,6,6
65702,55,35,20,20
65703,99,107,-8,8
65704,91,90,1,1
65705,75,74,1,1
65706,84,91,-7,7
65707,38,42,-4,4
65708,41,70,-29,29
65709,86,87,-1,1
65710,76,49,27,27
65711,53,49,4,4
65712,63,55,8,8
65713,79,78,1,1
65714,145,144,1,1
65715,97,110,-13,13
65716,120,121,-1,1
65717,74,82,-8,8
65718,96,94,2,2
65719,101,85,16,16
65720,94,126,-32,32
65721,92,85,7,7
65722,83,65,18,18
65723,122,112,10,10
65724,57,53,4,4
65725,56,70,-14,14
65726,123,109,14,14
65727,104,114,-10,10
65728,147,112,35,35
65729,190,172,18,18
65730,120,121,-1,1
65731,173,167,6,6
65732,52,37,15,15
65733,134,132,2,2
65734,110,109,1,1
65735,84,86,-2,2
65736,92,92,0,0
65737,112,109,3,3
65738,60,70,-10,10
65739,76,73,3,3
65740,159,144,15,15
65741,61,76,-15,15
65742,141,113,28,28
65743,107,113,-6,6
65744,103,98,5,5
65745,129,115,14,14
65746,61,27,34,34
65747,77,77,0,0
65748,84,94,-10,10
65749,78,91,-13,13
65750,47,40,7,7
65751,140,130,10,10
65752,56,64,-8,8
65753,154,128,26,26
65754,77,83,-6,6
65755,85,66,19,19
65756,104,115,-11,11
65757,70,84,-14,14
65758,71,81,-10,10
65759,63,60,3,3
65760,84,90,-6,6
65761,110,82,28,28
65762,88,75,13,13
65763,74,64,10,10
65764,72,89,-17,17
65765,46,54,-8,8
65766,94,93,1,1
65767,93,86,7,7
65768,63,57,6,6
65769,100,107,-7,7
65770,71,66,5,5
65771,113,120,-7,7
65772,88,89,-1,1
65773,83,73,10,10
65774,76,92,-16,16
65775,83,71,12,12
65776,153,141,12,12
65777,134,125,9,9
65778,91,95,-4,4
65779,56,70,-14,14
65780,89,91,-2,2
65781,51,55,-4,4
65782,121,127,-6,6
65783,107,107,0,0
65784,97,152,-55,55
65785,79,82,-3,3
65786,115,124,-9,9
65787,60,63,-3,3
65788,105,97,8,8
65789,65,74,-9,9
65790,57,59,-2,2
65791,169,153,16,16
65792,92,102,-10,10
65793,104,120,-16,16
65794,68,65,3,3
65795,72,68,4,4
65796,92,99,-7,7
65797,124,121,3,3
65798,85,93,-8,8
65799,123,124,-1,1
65800,112,101,11,11
65801,138,150,-12,12
65802,205,198,7,7
65803,88,94,-6,6
65804,82,85,-3,3
65805,77,81,-4,4
65806,68,53,15,15
65807,125,122,3,3
65808,87,87,0,0
65809,112,115,-3,3
65810,66,82,-16,16
65811,132,129,3,3
65812,136,124,12,12
65813,232,224,8,8
65814,63,65,-2,2
65815,77,88,-11,11
65816,121,115,6,6
65817,161,150,11,11
65818,200,165,35,35
65819,65,71,-6,6
65820,104,90,14,14
65821,129,116,13,13
65822,129,127,2,2
65823,123,112,11,11
65824,72,79,-7,7
65825,59,61,-2,2
65826,94,117,-23,23
65827,102,112,-10,10
65828,74,83,-9,9
65829,64,61,3,3
65830,48,38,10,10
65831,80,75,5,5
65832,112,107,5,5
65833,67,113,-46,46
65834,79,87,-8,8
65835,79,72,7,7
65836,51,66,-15,15
65837,213,163,50,50
65838,116,119,-3,3
65839,82,85,-3,3
65840,88,99,-11,11
65841,154,148,6,6
65842,93,100,-7,7
65843,115,112,3,3
65844,58,60,-2,2
65845,89,100,-11,11
65846,69,76,-7,7
65847,124,121,3,3
65848,87,87,0,0
65849,114,111,3,3
65850,75,76,-1,1
65851,46,58,-12,12
65852,54,61,-7,7
65853,63,55,8,8
65854,54,60,-6,6
65855,70,67,3,3
65856,98,85,13,13
65857,74,84,-10,10
65858,76,82,-6,6
65859,80,76,4,4
65860,73,147,-74,74
65861,108,105,3,3
65862,100,116,-16,16
65863,64,63,1,1
65864,101,114,-13,13
65865,75,68,7,7
65866,66,78,-12,12
65867,142,136,6,6
65868,47,47,0,0
65869,71,67,4,4
65870,26,32,-6,6
65871,53,67,-14,14
65872,133,133,0,0
65873,96,110,-14,14
65874,91,75,16,16
65875,83,81,2,2
65876,103,93,10,10
65877,89,77,12,12
65878,90,95,-5,5
65879,95,107,-12,12
65880,32,34,-2,2
65881,72,75,-3,3
65882,99,80,19,19
65883,115,133,-18,18
65884,86,96,-10,10
65885,93,127,-34,34
65886,129,120,9,9
65887,92,103,-11,11
65888,114,118,-4,4
65889,84,98,-14,14
65890,93,97,-4,4
65891,89,104,-15,15
65892,59,72,-13,13
65893,63,60,3,3
65894,59,62,-3,3
65895,115,114,1,1
65896,144,122,22,22
65897,76,90,-14,14
65898,112,109,3,3
65899,118,133,-15,15
65900,80,89,-9,9
65901,106,97,9,9
65902,92,91,1,1
65903,65,66,-1,1
65904,130,143,-13,13
65905,108,100,8,8
65906,44,53,-9,9
65907,101,89,12,12
65908,72,84,-12,12
65909,67,72,-5,5
65910,73,82,-9,9
65911,184,159,25,25
65912,83,90,-7,7
65913,77,81,-4,4
65914,113,111,2,2
65915,46,48,-2,2
65916,101,107,-6,6
65917,92,80,12,12
65918,122,113,9,9
65919,67,74,-7,7
65920,134,115,19,19
65921,82,85,-3,3
65922,142,111,31,31
65923,101,99,2,2
65924,119,124,-5,5
65925,44,48,-4,4
65926,105,112,-7,7
65927,99,104,-5,5
65928,127,114,13,13
65929,76,82,-6,6
65930,107,112,-5,5
65931,104,118,-14,14
65932,104,94,10,10
65933,100,90,10,10
65934,106,109,-3,3
65935,66,56,10,10
65936,154,143,11,11
65937,124,130,-6,6
65938,118,123,-5,5
65939,79,66,13,13
65940,76,81,-5,5
65941,89,77,12,12
65942,67,76,-9,9
65943,104,112,-8,8
65944,108,110,-2,2
65945,76,70,6,6
65946,47,46,1,1
65947,98,109,-11,11
65948,137,147,-10,10
65949,111,111,0,0
65950,62,83,-21,21
65951,37,40,-3,3
65952,69,74,-5,5
65953,115,130,-15,15
65954,98,102,-4,4
65955,62,68,-6,6
65956,94,96,-2,2
65957,46,96,-50,50
65958,97,92,5,5
65959,108,95,13,13
65960,124,132,-8,8
65961,74,86,-12,12
65962,113,120,-7,7
65963,96,97,-1,1
65964,135,131,4,4
65965,81,49,32,32
65966,101,116,-15,15
65967,109,127,-18,18
65968,121,125,-4,4
65969,62,49,13,13
65970,105,133,-28,28
65971,105,91,14,14
65972,96,89,7,7
65973,90,76,14,14
65974,81,76,5,5
65975,137,130,7,7
65976,86,97,-11,11
65977,86,95,-9,9
65978,105,112,-7,7
65979,120,120,0,0
65980,70,71,-1,1
65981,90,75,15,15
65982,90,99,-9,9
65983,79,71,8,8
65984,62,73,-11,11
65985,56,50,6,6
65986,62,56,6,6
65987,123,116,7,7
65988,108,97,11,11
65989,73,84,-11,11
65990,92,86,6,6
65991,97,90,7,7
65992,94,82,12,12
65993,119,121,-2,2
65994,125,119,6,6
65995,252,248,4,4
65996,124,125,-1,1
65997,76,94,-18,18
65998,120,127,-7,7
65999,83,87,-4,4
66000,82,69,13,13
66001,93,113,-20,20
66002,56,66,-10,10
66003,78,94,-16,16
66004,121,151,-30,30
66005,100,77,23,23
66006,91,63,28,28
66007,66,67,-1,1
66008,62,65,-3,3
66009,72,61,11,11
66010,77,89,-12,12
66011,93,93,0,0
66012,176,155,21,21
66013,55,53,2,2
66014,75,82,-7,7
66015,60,53,7,7
66016,143,87,56,56
66017,117,125,-8,8
66018,36,56,-20,20
66019,45,47,-2,2
66020,96,94,2,2
66021,81,85,-4,4
66022,106,92,14,14
66023,83,101,-18,18
66024,105,94,11,11
66025,80,93,-13,13
66026,43,12,31,31
66027,103,109,-6,6
66028,134,114,20,20
66029,53,48,5,5
66030,115,124,-9,9
66031,157,135,22,22
66032,67,61,6,6
66033,104,133,-29,29
66034,148,140,8,8
66035,116,118,-2,2
66036,100,85,15,15
66037,63,69,-6,6
66038,71,77,-6,6
66039,71,69,2,2
66040,67,75,-8,8
66041,105,109,-4,4
66042,102,94,8,8
66043,53,44,9,9
66044,71,85,-14,14
66045,115,98,17,17
66046,105,113,-8,8
66047,62,81,-19,19
66048,119,111,8,8
66049,151,122,29,29
66050,55,63,-8,8
66051,76,87,-11,11
66052,37,41,-4,4
66053,126,105,21,21
66054,116,93,23,23
66055,119,117,2,2
66056,86,89,-3,3
66057,64,72,-8,8
66058,53,65,-12,12
66059,108,100,8,8
66060,118,112,6,6
66061,126,109,17,17
66062,71,82,-11,11
66063,99,97,2,2
66064,49,53,-4,4
66065,87,86,1,1
66066,75,67,8,8
66067,89,94,-5,5
66068,94,96,-2,2
66069,100,99,1,1
66070,80,74,6,6
66071,78,73,5,5
66072,65,67,-2,2
66073,104,100,4,4
66074,111,133,-22,22
66075,182,133,49,49
66076,69,84,-15,15
66077,67,66,1,1
66078,99,115,-16,16
66079,82,100,-18,18
66080,99,91,8,8
66081,66,67,-1,1
66082,162,147,15,15
66083,142,142,0,0
66084,84,86,-2,2
66085,70,83,-13,13
66086,106,103,3,3
66087,57,59,-2,2
66088,89,80,9,9
66089,119,118,1,1
66090,90,81,9,9
66091,59,58,1,1
66092,80,74,6,6
66093,113,99,14,14
66094,47,33,14,14
66095,72,84,-12,12
66096,178,180,-2,2
66097,76,87,-11,11
66098,96,104,-8,8
66099,83,79,4,4
66100,63,69,-6,6
66101,144,147,-3,3
66102,42,41,1,1
66103,52,44,8,8
66104,125,103,22,22
66105,63,69,-6,6
66106,69,62,7,7
66107,78,65,13,13
66108,63,93,-30,30
66109,80,94,-14,14
66110,101,104,-3,3
66111,187,132,55,55
66112,163,166,-3,3
66113,109,114,-5,5
66114,101,99,2,2
66115,86,89,-3,3
66116,72,102,-30,30
66117,142,163,-21,21
66118,99,87,12,12
66119,64,68,-4,4
66120,79,83,-4,4
66121,85,135,-50,50
66122,107,126,-19,19
66123,97,98,-1,1
66124,116,120,-4,4
66125,67,82,-15,15
66126,89,111,-22,22
66127,122,105,17,17
66128,140,139,1,1
66129,62,61,1,1
66130,119,132,-13,13
66131,117,111,6,6
66132,104,116,-12,12
66133,47,49,-2,2
66134,73,74,-1,1
66135,159,134,25,25
66136,101,109,-8,8
66137,77,75,2,2
66138,58,74,-16,16
66139,78,99,-21,21
66140,97,89,8,8
66141,76,73,3,3
66142,88,95,-7,7
66143,64,51,13,13
66144,81,84,-3,3
66145,69,70,-1,1
66146,115,132,-17,17
66147,65,89,-24,24
66148,76,86,-10,10
66149,58,78,-20,20
66150,33,33,0,0
66151,133,126,7,7
66152,45,77,-32,32
66153,123,122,1,1
66154,100,99,1,1
66155,82,96,-14,14
66156,83,79,4,4
66157,117,103,14,14
66158,74,48,26,26
66159,103,91,12,12
66160,72,82,-10,10
66161,142,133,9,9
66162,121,112,9,9
66163,82,83,-1,1
66164,80,84,-4,4
66165,100,111,-11,11
66166,164,147,17,17
66167,95,107,-12,12
66168,57,57,0,0
66169,81,82,-1,1
66170,39,33,6,6
66171,123,122,1,1
66172,127,124,3,3
66173,82,88,-6,6
66174,105,107,-2,2
66175,72,77,-5,5
66176,37,41,-4,4
66177,85,95,-10,10
66178,152,147,5,5
66179,80,74,6,6
66180,55,57,-2,2
66181,76,91,-15,15
66182,21,46,-25,25
66183,220,210,10,10
66184,159,141,18,18
66185,90,100,-10,10
66186,148,154,-6,6
66187,102,107,-5,5
66188,83,73,10,10
66189,80,103,-23,23
66190,100,91,9,9
66191,111,104,7,7
66192,79,81,-2,2
66193,82,88,-6,6
66194,82,87,-5,5
66195,197,192,5,5
66196,188,148,40,40
66197,177,171,6,6
66198,76,76,0,0
66199,157,162,-5,5
66200,49,49,0,0
66201,44,94,-50,50
66202,66,93,-27,27
66203,156,147,9,9
66204,111,125,-14,14
66205,69,75,-6,6
66206,188,176,12,12
66207,126,114,12,12
66208,73,77,-4,4
66209,111,114,-3,3
66210,94,110,-16,16
66211,57,69,-12,12
66212,132,125,7,7
66213,164,133,31,31
66214,55,57,-2,2
66215,139,132,7,7
66216,77,80,-3,3
66217,43,64,-21,21
66218,96,87,9,9
66219,88,71,17,17
66220,74,85,-11,11
66221,81,86,-5,5
66222,84,79,5,5
66223,100,96,4,4
66224,108,93,15,15
66225,44,49,-5,5
66226,77,90,-13,13
66227,79,86,-7,7
66228,111,117,-6,6
66229,86,94,-8,8
66230,61,57,4,4
66231,85,79,6,6
66232,45,118,-73,73
66233,81,76,5,5
66234,159,144,15,15
66235,80,84,-4,4
66236,94,93,1,1
66237,89,99,-10,10
66238,96,108,-12,12
66239,95,85,10,10
66240,127,95,32,32
66241,71,56,15,15
66242,68,55,13,13
66243,80,87,-7,7
66244,122,110,12,12
66245,136,144,-8,8
66246,95,99,-4,4
66247,89,93,-4,4
66248,88,93,-5,5
66249,44,48,-4,4
66250,121,116,5,5
66251,47,52,-5,5
66252,72,56,16,16
66253,72,82,-10,10
66254,145,155,-10,10
66255,77,73,4,4
66256,129,145,-16,16
66257,65,63,2,2
66258,121,117,4,4
66259,92,91,1,1
66260,100,113,-13,13
66261,36,52,-16,16
66262,122,118,4,4
66263,112,105,7,7
66264,76,73,3,3
66265,112,106,6,6
66266,75,86,-11,11
66267,81,88,-7,7
66268,102,79,23,23
66269,43,72,-29,29
66270,92,100,-8,8
66271,118,110,8,8
66272,73,79,-6,6
66273,179,163,16,16
66274,63,62,1,1
66275,128,143,-15,15
66276,161,155,6,6
66277,178,158,20,20
66278,90,84,6,6
66279,74,85,-11,11
66280,74,85,-11,11
66281,95,96,-1,1
66282,98,99,-1,1
66283,94,89,5,5
66284,115,128,-13,13
66285,131,141,-10,10
66286,99,83,16,16
66287,87,92,-5,5
66288,74,80,-6,6
66289,56,67,-11,11
66290,58,50,8,8
66291,77,88,-11,11
66292,122,113,9,9
66293,70,77,-7,7
66294,40,43,-3,3
66295,106,114,-8,8
66296,100,96,4,4
66297,73,83,-10,10
66298,72,73,-1,1
66299,99,91,8,8
66300,135,141,-6,6
66301,184,135,49,49
66302,50,74,-24,24
66303,77,80,-3,3
66304,48,40,8,8
66305,76,105,-29,29
66306,87,98,-11,11
66307,137,130,7,7
66308,110,109,1,1
66309,84,84,0,0
66310,74,85,-11,11
66311,83,82,1,1
66312,76,52,24,24
66313,107,137,-30,30
66314,78,68,10,10
66315,87,92,-5,5
66316,64,84,-20,20
66317,60,55,5,5
66318,94,103,-9,9
66319,80,76,4,4
66320,50,61,-11,11
66321,54,50,4,4
66322,65,61,4,4
66323,101,125,-24,24
66324,89,88,1,1
66325,127,130,-3,3
66326,59,69,-10,10
66327,90,102,-12,12
66328,77,84,-7,7
66329,100,120,-20,20
66330,103,106,-3,3
66331,33,62,-29,29
66332,61,70,-9,9
66333,63,76,-13,13
66334,47,57,-10,10
66335,51,62,-11,11
66336,141,142,-1,1
66337,74,67,7,7
66338,74,73,1,1
66339,85,90,-5,5
66340,149,136,13,13
66341,90,110,-20,20
66342,79,94,-15,15
66343,93,105,-12,12
66344,79,90,-11,11
66345,146,157,-11,11
66346,81,93,-12,12
66347,83,102,-19,19
66348,196,166,30,30
66349,114,105,9,9
66350,102,92,10,10
66351,140,138,2,2
66352,46,39,7,7
66353,189,179,10,10
66354,102,111,-9,9
66355,96,98,-2,2
66356,73,82,-9,9
66357,131,139,-8,8
66358,143,131,12,12
66359,94,22,72,72
66360,95,93,2,2
66361,131,134,-3,3
66362,138,130,8,8
66363,55,57,-2,2
66364,40,25,15,15
66365,97,92,5,5
66366,70,57,13,13
66367,95,93,2,2
66368,86,85,1,1
66369,107,103,4,4
66370,45,76,-31,31
66371,107,112,-5,5
66372,77,71,6,6
66373,75,76,-1,1
66374,85,88,-3,3
66375,81,96,-15,15
66376,100,88,12,12
66377,65,81,-16,16
66378,57,65,-8,8
66379,61,66,-5,5
66380,79,97,-18,18
66381,104,96,8,8
66382,106,121,-15,15
66383,55,49,6,6
66384,100,91,9,9
66385,89,89,0,0
66386,73,64,9,9
66387,77,75,2,2
66388,59,68,-9,9
66389,71,69,2,2
66390,52,87,-35,35
66391,58,63,-5,5
66392,72,61,11,11
66393,90,90,0,0
66394,57,75,-18,18
66395,82,76,6,6
66396,92,93,-1,1
66397,88,70,18,18
66398,49,60,-11,11
66399,91,85,6,6
66400,171,149,22,22
66401,75,88,-13,13
66402,82,78,4,4
66403,74,72,2,2
66404,116,109,7,7
66405,95,96,-1,1
66406,116,109,7,7
66407,74,104,-30,30
66408,100,94,6,6
66409,81,85,-4,4
66410,141,156,-15,15
66411,113,120,-7,7
66412,100,94,6,6
66413,80,63,17,17
66414,96,92,4,4
66415,83,81,2,2
66416,68,79,-11,11
66417,66,70,-4,4
66418,73,66,7,7
66419,169,151,18,18
66420,119,103,16,16
66421,82,97,-15,15
66422,85,84,1,1
66423,92,109,-17,17
66424,92,104,-12,12
66425,164,149,15,15
66426,131,144,-13,13
66427,106,120,-14,14
66428,72,72,0,0
66429,54,61,-7,7
66430,75,74,1,1
66431,62,64,-2,2
66432,89,85,4,4
66433,63,47,16,16
66434,87,79,8,8
66435,136,127,9,9
66436,79,64,15,15
66437,86,95,-9,9
66438,71,74,-3,3
66439,68,59,9,9
66440,127,126,1,1
66441,78,81,-3,3
66442,43,41,2,2
66443,82,91,-9,9
66444,61,72,-11,11
66445,91,103,-12,12
66446,78,86,-8,8
66447,121,124,-3,3
66448,83,80,3,3
66449,169,167,2,2
66450,56,38,18,18
66451,78,102,-24,24
66452,73,76,-3,3
66453,66,68,-2,2
66454,67,77,-10,10
66455,69,92,-23,23
66456,96,88,8,8
66457,118,112,6,6
66458,67,63,4,4
66459,58,76,-18,18
66460,77,70,7,7
66461,164,142,22,22
66462,57,74,-17,17
66463,98,88,10,10
66464,97,106,-9,9
66465,58,64,-6,6
66466,107,111,-4,4
66467,70,84,-14,14
66468,121,105,16,16
66469,144,133,11,11
66470,157,160,-3,3
66471,113,118,-5,5
66472,66,72,-6,6
66473,47,120,-73,73
66474,106,107,-1,1
66475,77,102,-25,25
66476,180,172,8,8
66477,55,57,-2,2
66478,57,70,-13,13
66479,104,112,-8,8
66480,120,128,-8,8
66481,124,126,-2,2
66482,157,144,13,13
66483,185,158,27,27
66484,63,44,19,19
66485,158,142,16,16
66486,161,165,-4,4
66487,61,64,-3,3
66488,104,113,-9,9
66489,65,62,3,3
66490,174,154,20,20
66491,52,56,-4,4
66492,118,118,0,0
66493,89,93,-4,4
66494,88,79,9,9
66495,88,97,-9,9
66496,62,64,-2,2
66497,67,66,1,1
66498,118,100,18,18
66499,113,123,-10,10
66500,99,104,-5,5
66501,68,90,-22,22
66502,50,47,3,3
66503,123,97,26,26
66504,97,98,-1,1
66505,93,115,-22,22
66506,132,132,0,0
66507,70,78,-8,8
66508,65,58,7,7
66509,80,92,-12,12
66510,79,70,9,9
66511,96,87,9,9
66512,69,77,-8,8
66513,142,134,8,8
66514,126,133,-7,7
66515,88,95,-7,7
66516,57,61,-4,4
66517,68,59,9,9
66518,97,115,-18,18
66519,128,129,-1,1
66520,129,139,-10,10
66521,92,87,5,5
66522,146,123,23,23
66523,83,90,-7,7
66524,92,92,0,0
66525,207,179,28,28
66526,40,48,-8,8
66527,92,103,-11,11
66528,95,108,-13,13
66529,107,99,8,8
66530,51,51,0,0
66531,210,190,20,20
66532,73,82,-9,9
66533,103,100,3,3
66534,120,114,6,6
66535,132,111,21,21
66536,112,100,12,12
66537,86,94,-8,8
66538,195,167,28,28
66539,69,65,4,4
66540,91,84,7,7
66541,57,93,-36,36
66542,112,111,1,1
66543,72,81,-9,9
66544,90,72,18,18
66545,99,101,-2,2
66546,46,49,-3,3
66547,51,26,25,25
66548,107,106,1,1
66549,156,168,-12,12
66550,61,61,0,0
66551,88,90,-2,2
66552,107,103,4,4
66553,121,107,14,14
66554,89,81,8,8
66555,99,100,-1,1
66556,87,96,-9,9
66557,46,60,-14,14
66558,152,131,21,21
66559,67,69,-2,2
66560,164,159,5,5
66561,68,77,-9,9
66562,94,110,-16,16
66563,60,73,-13,13
66564,205,178,27,27
66565,92,93,-1,1
66566,95,92,3,3
66567,67,61,6,6
66568,55,72,-17,17
66569,151,118,33,33
66570,160,161,-1,1
66571,29,28,1,1
66572,108,113,-5,5
66573,112,126,-14,14
66574,109,154,-45,45
66575,86,93,-7,7
66576,75,78,-3,3
66577,60,60,0,0
66578,64,69,-5,5
66579,64,90,-26,26
66580,110,113,-3,3
66581,81,97,-16,16
66582,79,85,-6,6
66583,124,118,6,6
66584,94,102,-8,8
66585,73,97,-24,24
66586,111,112,-1,1
66587,107,117,-10,10
66588,71,67,4,4
66589,125,127,-2,2
66590,123,120,3,3
66591,63,60,3,3
66592,98,102,-4,4
66593,101,90,11,11
66594,129,130,-1,1
66595,96,100,-4,4
66596,58,51,7,7
66597,162,144,18,18
66598,48,50,-2,2
66599,151,141,10,10
66600,67,72,-5,5
66601,122,124,-2,2
66602,100,107,-7,7
66603,135,131,4,4
66604,213,186,27,27
66605,129,121,8,8
66606,61,68,-7,7
66607,70,81,-11,11
66608,88,119,-31,31
66609,75,65,10,10
66610,159,158,1,1
66611,100,103,-3,3
66612,75,61,14,14
66613,120,131,-11,11
66614,70,88,-18,18
66615,129,111,18,18
66616,124,140,-16,16
66617,105,99,6,6
66618,60,65,-5,5
66619,76,66,10,10
66620,64,71,-7,7
66621,145,90,55,55
66622,95,114,-19,19
66623,104,111,-7,7
66624,148,143,5,5
66625,126,126,0,0
66626,142,138,4,4
66627,67,59,8,8
66628,96,93,3,3
66629,114,118,-4,4
66630,47,65,-18,18
66631,125,134,-9,9
66632,66,68,-2,2
66633,203,172,31,31
66634,58,61,-3,3
66635,114,109,5,5
66636,100,103,-3,3
66637,92,113,-21,21
66638,114,113,1,1
66639,67,70,-3,3
66640,56,48,8,8
66641,78,80,-2,2
66642,62,76,-14,14
66643,77,94,-17,17
66644,104,96,8,8
66645,37,60,-23,23
66646,94,97,-3,3
66647,108,103,5,5
66648,42,21,21,21
66649,106,95,11,11
66650,74,82,-8,8
66651,116,91,25,25
66652,77,64,13,13
66653,123,121,2,2
66654,89,103,-14,14
66655,74,77,-3,3
66656,118,113,5,5
66657,73,86,-13,13
66658,69,88,-19,19
66659,79,87,-8,8
66660,58,59,-1,1
66661,172,134,38,38
66662,118,110,8,8
66663,140,135,5,5
66664,124,129,-5,5
66665,111,103,8,8
66666,88,104,-16,16
66667,90,124,-34,34
66668,59,50,9,9
66669,139,150,-11,11
66670,125,132,-7,7
66671,64,86,-22,22
66672,147,137,10,10
66673,50,56,-6,6
66674,81,78,3,3
66675,105,116,-11,11
66676,63,58,5,5
66677,87,74,13,13
66678,90,81,9,9
66679,47,42,5,5
66680,134,136,-2,2
66681,61,64,-3,3
66682,73,81,-8,8
66683,73,51,22,22
66684,78,76,2,2
66685,134,124,10,10
66686,51,53,-2,2
66687,108,88,20,20
66688,96,84,12,12
66689,54,63,-9,9
66690,122,115,7,7
66691,129,129,0,0
66692,86,68,18,18
66693,114,110,4,4
66694,70,79,-9,9
66695,79,93,-14,14
66696,56,62,-6,6
66697,66,76,-10,10
66698,89,78,11,11
66699,106,102,4,4
66700,77,72,5,5
66701,82,78,4,4
66702,63,79,-16,16
66703,87,89,-2,2
66704,119,129,-10,10
66705,146,137,9,9
66706,71,62,9,9
66707,70,87,-17,17
66708,82,89,-7,7
66709,72,71,1,1
66710,91,101,-10,10
66711,57,76,-19,19
66712,68,68,0,0
66713,92,93,-1,1
66714,71,73,-2,2
66715,100,103,-3,3
66716,106,96,10,10
66717,64,55,9,9
66718,58,70,-12,12
66719,74,78,-4,4
66720,104,120,-16,16
66721,133,116,17,17
66722,59,61,-2,2
66723,77,85,-8,8
66724,90,97,-7,7
66725,116,76,40,40
66726,94,92,2,2
66727,102,115,-13,13
66728,130,118,12,12
66729,115,108,7,7
66730,79,74,5,5
66731,151,143,8,8
66732,88,107,-19,19
66733,188,175,13,13
66734,91,91,0,0
66735,81,76,5,5
66736,74,72,2,2
66737,80,97,-17,17
66738,125,133,-8,8
66739,140,142,-2,2
66740,60,63,-3,3
66741,45,66,-21,21
66742,65,69,-4,4
66743,120,130,-10,10
66744,105,99,6,6
66745,136,141,-5,5
66746,31,60,-29,29
66747,77,79,-2,2
66748,79,96,-17,17
66749,96,96,0,0
66750,40,69,-29,29
66751,54,57,-3,3
66752,94,88,6,6
66753,83,111,-28,28
66754,54,55,-1,1
66755,92,103,-11,11
66756,146,126,20,20
66757,172,150,22,22
66758,62,53,9,9
66759,155,152,3,3
66760,111,102,9,9
66761,99,107,-8,8
66762,126,122,4,4
66763,55,41,14,14
66764,202,167,35,35
66765,60,57,3,3
66766,97,106,-9,9
66767,111,105,6,6
66768,114,102,12,12
66769,81,88,-7,7
66770,35,60,-25,25
66771,88,100,-12,12
66772,62,72,-10,10
66773,84,90,-6,6
66774,96,100,-4,4
66775,105,104,1,1
66776,67,83,-16,16
66777,68,92,-24,24
66778,75,81,-6,6
66779,64,68,-4,4
66780,165,149,16,16
66781,92,96,-4,4
66782,136,120,16,16
66783,93,94,-1,1
66784,58,50,8,8
66785,72,79,-7,7
66786,87,85,2,2
66787,53,60,-7,7
66788,138,136,2,2
66789,98,106,-8,8
66790,81,91,-10,10
66791,82,85,-3,3
66792,140,140,0,0
66793,92,83,9,9
66794,116,119,-3,3
66795,169,145,24,24
66796,76,96,-20,20
66797,70,64,6,6
66798,206,157,49,49
66799,118,123,-5,5
66800,82,90,-8,8
66801,143,127,16,16
66802,113,99,14,14
66803,82,88,-6,6
66804,72,57,15,15
66805,53,52,1,1
66806,38,52,-14,14
66807,102,104,-2,2
66808,98,97,1,1
66809,60,92,-32,32
66810,133,115,18,18
66811,108,101,7,7
66812,103,93,10,10
66813,58,61,-3,3
66814,80,76,4,4
66815,72,74,-2,2
66816,103,97,6,6
66817,115,123,-8,8
66818,66,82,-16,16
66819,134,135,-1,1
66820,129,125,4,4
66821,82,84,-2,2
66822,92,86,6,6
66823,72,67,5,5
66824,156,138,18,18
66825,97,100,-3,3
66826,80,79,1,1
66827,110,87,23,23
66828,112,109,3,3
66829,73,80,-7,7
66830,93,101,-8,8
66831,84,92,-8,8
66832,69,75,-6,6
66833,63,80,-17,17
66834,97,95,2,2
66835,51,52,-1,1
66836,117,120,-3,3
66837,102,124,-22,22
66838,63,67,-4,4
66839,90,100,-10,10
66840,75,62,13,13
66841,31,82,-51,51
66842,118,128,-10,10
66843,110,132,-22,22
66844,126,128,-2,2
66845,132,140,-8,8
66846,94,84,10,10
66847,55,57,-2,2
66848,119,125,-6,6
66849,47,35,12,12
66850,152,135,17,17
66851,38,94,-56,56
66852,96,112,-16,16
66853,79,74,5,5
66854,63,61,2,2
66855,120,117,3,3
66856,97,100,-3,3
66857,65,65,0,0
66858,108,110,-2,2
66859,146,143,3,3
66860,99,108,-9,9
66861,50,55,-5,5
66862,98,96,2,2
66863,61,66,-5,5
66864,67,87,-20,20
66865,102,98,4,4
66866,98,90,8,8
66867,127,117,10,10
66868,134,130,4,4
66869,107,102,5,5
66870,62,69,-7,7
66871,83,90,-7,7
66872,41,23,18,18
66873,65,73,-8,8
66874,73,90,-17,17
66875,81,93,-12,12
66876,85,88,-3,3
66877,85,87,-2,2
66878,117,113,4,4
66879,128,128,0,0
66880,89,87,2,2
66881,42,19,23,23
66882,125,136,-11,11
66883,68,72,-4,4
66884,72,91,-19,19
66885,96,109,-13,13
66886,134,134,0,0
66887,122,104,18,18
66888,87,87,0,0
66889,54,46,8,8
66890,79,94,-15,15
66891,148,146,2,2
66892,66,71,-5,5
66893,142,121,21,21
66894,106,101,5,5
66895,48,40,8,8
66896,57,75,-18,18
66897,126,132,-6,6
66898,51,62,-11,11
66899,109,118,-9,9
66900,106,115,-9,9
66901,102,111,-9,9
66902,94,92,2,2
66903,112,106,6,6
66904,140,129,11,11
66905,117,111,6,6
66906,112,93,19,19
66907,49,71,-22,22
66908,156,148,8,8
66909,89,78,11,11
66910,74,91,-17,17
66911,67,67,0,0
66912,70,69,1,1
66913,93,96,-3,3
66914,93,100,-7,7
66915,101,108,-7,7
66916,76,86,-10,10
66917,67,76,-9,9
66918,106,105,1,1
66919,72,75,-3,3
66920,65,73,-8,8
66921,87,104,-17,17
66922,89,87,2,2
66923,257,288,-31,31
66924,175,143,32,32
66925,69,69,0,0
66926,76,72,4,4
66927,65,49,16,16
66928,153,151,2,2
66929,68,75,-7,7
66930,116,111,5,5
66931,114,135,-21,21
66932,76,104,-28,28
66933,65,64,1,1
66934,104,93,11,11
66935,148,150,-2,2
66936,43,39,4,4
66937,90,80,10,10
66938,99,111,-12,12
66939,128,134,-6,6
66940,110,116,-6,6
66941,42,78,-36,36
66942,120,118,2,2
66943,135,112,23,23
66944,134,147,-13,13
66945,116,123,-7,7
66946,138,130,8,8
66947,125,97,28,28
66948,43,41,2,2
66949,89,87,2,2
66950,126,117,9,9
66951,90,88,2,2
66952,77,86,-9,9
66953,91,94,-3,3
66954,120,107,13,13
66955,63,75,-12,12
66956,88,89,-1,1
66957,50,50,0,0
66958,110,113,-3,3
66959,71,77,-6,6
66960,81,72,9,9
66961,120,120,0,0
66962,94,100,-6,6
66963,51,78,-27,27
66964,84,102,-18,18
66965,96,84,12,12
66966,179,158,21,21
66967,57,68,-11,11
66968,114,122,-8,8
66969,111,108,3,3
66970,111,104,7,7
66971,101,102,-1,1
66972,53,41,12,12
66973,97,85,12,12
66974,98,91,7,7
66975,50,59,-9,9
66976,82,66,16,16
66977,108,105,3,3
66978,59,77,-18,18
66979,69,88,-19,19
66980,68,70,-2,2
66981,69,77,-8,8
66982,73,81,-8,8
66983,28,28,0,0
66984,75,84,-9,9
66985,68,73,-5,5
66986,110,115,-5,5
66987,99,125,-26,26
66988,72,76,-4,4
66989,74,85,-11,11
66990,70,81,-11,11
66991,109,107,2,2
66992,191,186,5,5
66993,54,40,14,14
66994,119,92,27,27
66995,76,78,-2,2
66996,174,148,26,26
66997,87,85,2,2
66998,88,92,-4,4
66999,53,44,9,9
67000,75,76,-1,1
67001,68,59,9,9
67002,118,126,-8,8
67003,114,111,3,3
67004,101,98,3,3
67005,102,101,1,1
67006,82,101,-19,19
67007,100,107,-7,7
67008,134,140,-6,6
67009,140,141,-1,1
67010,109,116,-7,7
67011,124,132,-8,8
67012,157,139,18,18
67013,67,100,-33,33
67014,117,121,-4,4
67015,64,64,0,0
67016,89,99,-10,10
67017,52,44,8,8
67018,126,127,-1,1
67019,99,97,2,2
67020,82,84,-2,2
67021,96,83,13,13
67022,85,95,-10,10
67023,68,109,-41,41
67024,132,134,-2,2
67025,148,115,33,33
67026,56,57,-1,1
67027,173,173,0,0
67028,115,111,4,4
67029,99,106,-7,7
67030,115,133,-18,18
67031,71,87,-16,16
67032,141,133,8,8
67033,111,108,3,3
67034,53,62,-9,9
67035,279,226,53,53
67036,101,86,15,15
67037,93,96,-3,3
67038,71,79,-8,8
67039,163,147,16,16
67040,52,49,3,3
67041,109,113,-4,4
67042,80,101,-21,21
67043,72,112,-40,40
67044,72,81,-9,9
67045,87,85,2,2
67046,82,85,-3,3
67047,74,81,-7,7
67048,156,143,13,13
67049,133,131,2,2
67050,123,99,24,24
67051,63,69,-6,6
67052,70,73,-3,3
67053,40,48,-8,8
67054,76,81,-5,5
67055,201,171,30,30
67056,76,82,-6,6
67057,109,92,17,17
67058,116,122,-6,6
67059,45,36,9,9
67060,59,59,0,0
67061,104,91,13,13
67062,122,128,-6,6
67063,108,104,4,4
67064,59,76,-17,17
67065,111,115,-4,4
67066,47,41,6,6
67067,123,120,3,3
67068,127,123,4,4
67069,98,107,-9,9
67070,90,96,-6,6
67071,70,72,-2,2
67072,102,94,8,8
67073,101,105,-4,4
67074,72,91,-19,19
67075,86,106,-20,20
67076,77,80,-3,3
67077,175,165,10,10
67078,85,90,-5,5
67079,109,114,-5,5
67080,143,136,7,7
67081,79,102,-23,23
67082,81,85,-4,4
67083,110,99,11,11
67084,68,62,6,6
67085,107,104,3,3
67086,115,120,-5,5
67087,120,123,-3,3
67088,67,74,-7,7
67089,95,61,34,34
67090,116,121,-5,5
67091,83,84,-1,1
67092,97,86,11,11
67093,85,100,-15,15
67094,91,94,-3,3
67095,147,129,18,18
67096,60,75,-15,15
67097,104,106,-2,2
67098,99,87,12,12
67099,142,118,24,24
67100,65,61,4,4
67101,58,73,-15,15
67102,81,84,-3,3
67103,85,90,-5,5
67104,158,152,6,6
67105,57,64,-7,7
67106,32,39,-7,7
67107,161,156,5,5
67108,139,138,1,1
67109,123,121,2,2
67110,141,146,-5,5
67111,127,133,-6,6
67112,65,67,-2,2
67113,177,169,8,8
67114,131,121,10,10
67115,140,125,15,15
67116,51,47,4,4
67117,85,86,-1,1
67118,75,68,7,7
67119,103,105,-2,2
67120,155,138,17,17
67121,85,86,-1,1
67122,72,81,-9,9
67123,80,51,29,29
67124,62,75,-13,13
67125,58,64,-6,6
67126,53,57,-4,4
67127,76,82,-6,6
67128,117,113,4,4
67129,75,85,-10,10
67130,138,127,11,11
67131,82,75,7,7
67132,79,76,3,3
67133,83,93,-10,10
67134,79,81,-2,2
67135,141,134,7,7
67136,76,71,5,5
67137,165,157,8,8
67138,150,142,8,8
67139,65,56,9,9
67140,37,35,2,2
67141,55,50,5,5
67142,227,187,40,40
67143,82,82,0,0
67144,70,78,-8,8
67145,57,45,12,12
67146,73,68,5,5
67147,78,77,1,1
67148,58,58,0,0
67149,87,85,2,2
67150,48,61,-13,13
67151,127,136,-9,9
67152,65,57,8,8
67153,111,94,17,17
67154,74,71,3,3
67155,103,106,-3,3
67156,91,67,24,24
67157,188,182,6,6
67158,98,105,-7,7
67159,86,86,0,0
67160,68,78,-10,10
67161,99,105,-6,6
67162,68,56,12,12
67163,87,97,-10,10
67164,110,114,-4,4
67165,53,74,-21,21
67166,75,83,-8,8
67167,113,129,-16,16
67168,103,100,3,3
67169,48,58,-10,10
67170,180,145,35,35
67171,67,74,-7,7
67172,69,87,-18,18
67173,114,115,-1,1
67174,82,89,-7,7
67175,152,146,6,6
67176,108,114,-6,6
67177,126,127,-1,1
67178,126,131,-5,5
67179,68,102,-34,34
67180,111,102,9,9
67181,127,115,12,12
67182,106,114,-8,8
67183,93,110,-17,17
67184,134,142,-8,8
67185,65,61,4,4
67186,129,107,22,22
67187,84,83,1,1
67188,64,60,4,4
67189,147,143,4,4
67190,123,122,1,1
67191,102,102,0,0
67192,66,65,1,1
67193,56,60,-4,4
67194,99,108,-9,9
67195,92,84,8,8
67196,96,89,7,7
67197,125,139,-14,14
67198,85,88,-3,3
67199,100,102,-2,2
67200,77,81,-4,4
67201,69,71,-2,2
67202,95,100,-5,5
67203,87,82,5,5
67204,112,110,2,2
67205,124,116,8,8
67206,99,102,-3,3
67207,65,70,-5,5
67208,119,120,-1,1
67209,66,77,-11,11
67210,89,88,1,1
67211,139,135,4,4
67212,111,108,3,3
67213,81,100,-19,19
67214,100,96,4,4
67215,82,78,4,4
67216,145,146,-1,1
67217,91,102,-11,11
67218,187,202,-15,15
67219,84,84,0,0
67220,45,49,-4,4
67221,116,112,4,4
67222,69,82,-13,13
67223,80,91,-11,11
67224,44,28,16,16
67225,93,112,-19,19
67226,58,66,-8,8
67227,74,84,-10,10
67228,74,90,-16,16
67229,99,110,-11,11
67230,93,97,-4,4
67231,67,31,36,36
67232,108,106,2,2
67233,108,101,7,7
67234,116,104,12,12
67235,127,113,14,14
67236,98,85,13,13
67237,115,124,-9,9
67238,131,122,9,9
67239,185,125,60,60
67240,120,105,15,15
67241,75,80,-5,5
67242,165,135,30,30
67243,44,74,-30,30
67244,82,88,-6,6
67245,66,89,-23,23
67246,72,74,-2,2
67247,137,109,28,28
67248,66,68,-2,2
67249,79,93,-14,14
67250,48,48,0,0
67251,76,78,-2,2
67252,87,80,7,7
67253,90,73,17,17
67254,67,68,-1,1
67255,139,141,-2,2
67256,52,62,-10,10
67257,97,96,1,1
67258,135,133,2,2
67259,60,57,3,3
67260,65,75,-10,10
67261,61,52,9,9
67262,175,137,38,38
67263,146,115,31,31
67264,64,60,4,4
67265,122,121,1,1
67266,66,74,-8,8
67267,62,64,-2,2
67268,97,114,-17,17
67269,117,117,0,0
67270,72,79,-7,7
67271,66,97,-31,31
67272,147,124,23,23
67273,139,137,2,2
67274,143,140,3,3
67275,106,114,-8,8
67276,81,92,-11,11
67277,85,75,10,10
67278,112,122,-10,10
67279,74,84,-10,10
67280,157,140,17,17
67281,76,90,-14,14
67282,69,80,-11,11
67283,133,124,9,9
67284,79,87,-8,8
67285,58,65,-7,7
67286,111,120,-9,9
67287,195,182,13,13
67288,129,122,7,7
67289,58,72,-14,14
67290,101,114,-13,13
67291,186,146,40,40
67292,76,65,11,11
67293,72,69,3,3
67294,100,109,-9,9
67295,60,59,1,1
67296,59,63,-4,4
67297,118,110,8,8
67298,195,158,37,37
67299,92,92,0,0
67300,245,225,20,20
67301,102,124,-22,22
67302,84,84,0,0
67303,95,99,-4,4
67304,126,128,-2,2
67305,101,99,2,2
67306,192,140,52,52
67307,118,123,-5,5
67308,72,82,-10,10
67309,66,91,-25,25
67310,72,76,-4,4
67311,75,78,-3,3
67312,47,57,-10,10
67313,53,46,7,7
67314,75,88,-13,13
67315,77,100,-23,23
67316,133,131,2,2
67317,66,66,0,0
67318,122,132,-10,10
67319,151,150,1,1
67320,95,119,-24,24
67321,70,78,-8,8
67322,66,68,-2,2
67323,101,116,-15,15
67324,92,88,4,4
67325,94,83,11,11
67326,80,102,-22,22
67327,86,85,1,1
67328,99,82,17,17
67329,167,148,19,19
67330,104,104,0,0
67331,92,80,12,12
67332,82,78,4,4
67333,93,93,0,0
67334,57,55,2,2
67335,80,107,-27,27
67336,154,143,11,11
67337,92,83,9,9
67338,121,109,12,12
67339,90,106,-16,16
67340,94,97,-3,3
67341,100,110,-10,10
67342,55,53,2,2
67343,179,163,16,16
67344,157,155,2,2
67345,58,71,-13,13
67346,94,108,-14,14
67347,85,81,4,4
67348,55,76,-21,21
67349,72,74,-2,2
67350,114,124,-10,10
67351,99,101,-2,2
67352,75,75,0,0
67353,45,42,3,3
67354,58,55,3,3
67355,110,107,3,3
67356,69,72,-3,3
67357,68,76,-8,8
67358,102,98,4,4
67359,77,75,2,2
67360,85,100,-15,15
67361,112,119,-7,7
67362,40,58,-18,18
67363,73,90,-17,17
67364,76,91,-15,15
67365,65,75,-10,10
67366,72,111,-39,39
67367,89,119,-30,30
67368,110,115,-5,5
67369,91,96,-5,5
67370,59,92,-33,33
67371,90,85,5,5
67372,84,98,-14,14
67373,130,122,8,8
67374,63,61,2,2
67375,63,74,-11,11
67376,87,88,-1,1
67377,106,111,-5,5
67378,145,141,4,4
67379,128,124,4,4
67380,81,80,1,1
67381,111,103,8,8
67382,76,80,-4,4
67383,53,77,-24,24
67384,82,100,-18,18
67385,100,100,0,0
67386,74,70,4,4
67387,105,115,-10,10
67388,58,60,-2,2
67389,102,105,-3,3
67390,113,101,12,12
67391,99,107,-8,8
67392,113,112,1,1
67393,55,71,-16,16
67394,98,93,5,5
67395,108,125,-17,17
67396,54,51,3,3
67397,99,92,7,7
67398,78,78,0,0
67399,68,92,-24,24
67400,45,44,1,1
67401,71,74,-3,3
67402,216,152,64,64
67403,103,97,6,6
67404,77,82,-5,5
67405,64,57,7,7
67406,108,120,-12,12
67407,106,87,19,19
67408,124,115,9,9
67409,71,66,5,5
67410,91,83,8,8
67411,80,92,-12,12
67412,122,121,1,1
67413,105,107,-2,2
67414,80,62,18,18
67415,142,119,23,23
67416,64,85,-21,21
67417,95,85,10,10
67418,112,129,-17,17
67419,83,76,7,7
67420,147,130,17,17
67421,47,37,10,10
67422,80,90,-10,10
67423,104,116,-12,12
67424,71,79,-8,8
67425,67,68,-1,1
67426,69,72,-3,3
67427,82,85,-3,3
67428,85,108,-23,23
67429,144,141,3,3
67430,81,73,8,8
67431,141,125,16,16
67432,86,73,13,13
67433,176,175,1,1
67434,74,52,22,22
67435,91,87,4,4
67436,102,89,13,13
67437,74,65,9,9
67438,97,98,-1,1
67439,60,70,-10,10
67440,97,104,-7,7
67441,119,121,-2,2
67442,97,102,-5,5
67443,70,70,0,0
67444,102,98,4,4
67445,61,61,0,0
67446,86,75,11,11
67447,45,38,7,7
67448,51,43,8,8
67449,130,140,-10,10
67450,74,76,-2,2
67451,78,92,-14,14
67452,163,165,-2,2
67453,52,63,-11,11
67454,99,107,-8,8
67455,84,92,-8,8
67456,109,110,-1,1
67457,84,80,4,4
67458,88,103,-15,15
67459,117,108,9,9
67460,186,162,24,24
67461,55,59,-4,4
67462,65,77,-12,12
67463,119,109,10,10
67464,71,74,-3,3
67465,87,57,30,30
67466,51,65,-14,14
67467,46,33,13,13
67468,61,69,-8,8
67469,103,93,10,10
67470,84,61,23,23
67471,56,74,-18,18
67472,73,76,-3,3
67473,84,98,-14,14
67474,127,108,19,19
67475,178,185,-7,7
67476,71,74,-3,3
67477,107,108,-1,1
67478,111,108,3,3
67479,69,68,1,1
67480,94,108,-14,14
67481,45,68,-23,23
67482,94,121,-27,27
67483,120,99,21,21
67484,63,73,-10,10
67485,78,75,3,3
67486,40,40,0,0
67487,114,99,15,15
67488,112,106,6,6
67489,152,151,1,1
67490,184,158,26,26
67491,84,78,6,6
67492,122,105,17,17
67493,108,105,3,3
67494,64,66,-2,2
67495,114,116,-2,2
67496,143,148,-5,5
67497,97,88,9,9
67498,99,93,6,6
67499,145,156,-11,11
67500,63,94,-31,31
67501,111,114,-3,3
67502,68,82,-14,14
67503,108,122,-14,14
67504,94,93,1,1
67505,77,78,-1,1
67506,49,21,28,28
67507,82,79,3,3
67508,66,75,-9,9
67509,74,64,10,10
67510,142,139,3,3
67511,82,83,-1,1
67512,87,106,-19,19
67513,78,86,-8,8
67514,58,42,16,16
67515,108,91,17,17
67516,50,97,-47,47
67517,170,141,29,29
67518,74,86,-12,12
67519,102,109,-7,7
67520,95,96,-1,1
67521,90,59,31,31
67522,118,112,6,6
67523,70,73,-3,3
67524,111,114,-3,3
67525,96,100,-4,4
67526,81,79,2,2
67527,110,108,2,2
67528,94,92,2,2
67529,99,108,-9,9
67530,107,107,0,0
67531,129,134,-5,5
67532,135,121,14,14
67533,123,124,-1,1
67534,67,81,-14,14
67535,79,89,-10,10
67536,91,83,8,8
67537,72,74,-2,2
67538,150,158,-8,8
67539,117,131,-14,14
67540,60,68,-8,8
67541,102,106,-4,4
67542,32,41,-9,9
67543,65,59,6,6
67544,163,157,6,6
67545,99,118,-19,19
67546,76,73,3,3
67547,146,120,26,26
67548,137,133,4,4
67549,131,122,9,9
67550,152,145,7,7
67551,93,123,-30,30
67552,78,77,1,1
67553,83,85,-2,2
67554,109,104,5,5
67555,134,139,-5,5
67556,56,77,-21,21
67557,82,81,1,1
67558,50,39,11,11
67559,104,99,5,5
67560,78,77,1,1
67561,60,82,-22,22
67562,137,131,6,6
67563,64,63,1,1
67564,144,144,0,0
67565,49,38,11,11
67566,104,102,2,2
67567,66,71,-5,5
67568,71,74,-3,3
67569,128,121,7,7
67570,84,99,-15,15
67571,141,133,8,8
67572,97,91,6,6
67573,52,68,-16,16
67574,74,78,-4,4
67575,98,116,-18,18
67576,71,52,19,19
67577,56,52,4,4
67578,71,87,-16,16
67579,123,123,0,0
67580,146,124,22,22
67581,77,96,-19,19
67582,68,87,-19,19
67583,110,75,35,35
67584,85,84,1,1
67585,162,99,63,63
67586,105,105,0,0
67587,68,64,4,4
67588,100,92,8,8
67589,103,95,8,8
67590,121,132,-11,11
67591,96,106,-10,10
67592,199,187,12,12
67593,83,89,-6,6
67594,91,95,-4,4
67595,61,66,-5,5
67596,103,114,-11,11
67597,95,102,-7,7
67598,68,79,-11,11
67599,94,94,0,0
67600,54,61,-7,7
67601,160,125,35,35
67602,123,120,3,3
67603,154,119,35,35
67604,48,50,-2,2
67605,66,68,-2,2
67606,81,92,-11,11
67607,56,44,12,12
67608,160,141,19,19
67609,121,148,-27,27
67610,103,91,12,12
67611,126,122,4,4
67612,82,85,-3,3
67613,63,76,-13,13
67614,88,97,-9,9
67615,111,119,-8,8
67616,139,131,8,8
67617,103,118,-15,15
67618,74,85,-11,11
67619,133,145,-12,12
67620,49,37,12,12
67621,93,92,1,1
67622,86,88,-2,2
67623,77,75,2,2
67624,56,73,-17,17
67625,66,70,-4,4
67626,132,129,3,3
67627,149,141,8,8
67628,39,23,16,16
67629,117,113,4,4
67630,98,103,-5,5
67631,59,67,-8,8
67632,146,135,11,11
67633,106,110,-4,4
67634,63,71,-8,8
67635,90,87,3,3
67636,73,83,-10,10
67637,80,76,4,4
67638,89,69,20,20
67639,88,85,3,3
67640,51,49,2,2
67641,85,79,6,6
67642,106,126,-20,20
67643,136,135,1,1
67644,46,36,10,10
67645,107,113,-6,6
67646,154,141,13,13
67647,109,114,-5,5
67648,79,82,-3,3
67649,94,83,11,11
67650,64,85,-21,21
67651,63,80,-17,17
67652,62,71,-9,9
67653,58,61,-3,3
67654,48,55,-7,7
67655,67,69,-2,2
67656,74,70,4,4
67657,94,91,3,3
67658,75,92,-17,17
67659,158,143,15,15
67660,134,133,1,1
67661,189,175,14,14
67662,62,81,-19,19
67663,73,71,2,2
67664,89,89,0,0
67665,42,39,3,3
67666,129,127,2,2
67667,65,98,-33,33
67668,49,56,-7,7
67669,163,149,14,14
67670,93,93,0,0
67671,185,142,43,43
67672,91,90,1,1
67673,43,51,-8,8
67674,163,146,17,17
67675,65,66,-1,1
67676,49,39,10,10
67677,62,52,10,10
67678,123,132,-9,9
67679,78,80,-2,2
67680,144,130,14,14
67681,75,98,-23,23
67682,83,78,5,5
67683,122,124,-2,2
67684,92,98,-6,6
67685,101,107,-6,6
67686,75,97,-22,22
67687,130,134,-4,4
67688,160,169,-9,9
67689,58,48,10,10
67690,154,134,20,20
67691,101,87,14,14
67692,54,56,-2,2
67693,177,166,11,11
67694,198,168,30,30
67695,98,119,-21,21
67696,87,114,-27,27
67697,116,108,8,8
67698,63,65,-2,2
67699,95,86,9,9
67700,57,58,-1,1
67701,64,50,14,14
67702,69,59,10,10
67703,79,77,2,2
67704,89,79,10,10
67705,53,54,-1,1
67706,94,91,3,3
67707,85,87,-2,2
67708,85,84,1,1
67709,80,93,-13,13
67710,80,90,-10,10
67711,95,91,4,4
67712,95,99,-4,4
67713,72,69,3,3
67714,59,65,-6,6
67715,122,103,19,19
67716,76,68,8,8
67717,103,71,32,32
67718,80,90,-10,10
67719,84,90,-6,6
67720,108,108,0,0
67721,94,97,-3,3
67722,128,130,-2,2
67723,121,115,6,6
67724,156,141,15,15
67725,120,119,1,1
67726,97,101,-4,4
67727,87,93,-6,6
67728,116,119,-3,3
67729,48,42,6,6
67730,139,139,0,0
67731,93,93,0,0
67732,184,177,7,7
67733,62,68,-6,6
67734,116,132,-16,16
67735,114,110,4,4
67736,104,104,0,0
67737,94,122,-28,28
67738,169,162,7,7
67739,89,97,-8,8
67740,91,106,-15,15
67741,97,100,-3,3
67742,111,122,-11,11
67743,69,67,2,2
67744,120,120,0,0
67745,105,128,-23,23
67746,99,110,-11,11
67747,37,58,-21,21
67748,105,91,14,14
67749,69,63,6,6
67750,67,79,-12,12
67751,31,84,-53,53
67752,60,61,-1,1
67753,90,100,-10,10
67754,74,79,-5,5
67755,123,117,6,6
67756,97,102,-5,5
67757,55,52,3,3
67758,127,132,-5,5
67759,122,124,-2,2
67760,103,115,-12,12
67761,141,146,-5,5
67762,67,69,-2,2
67763,113,118,-5,5
67764,135,130,5,5
67765,203,168,35,35
67766,88,93,-5,5
67767,94,93,1,1
67768,103,111,-8,8
67769,86,100,-14,14
67770,143,147,-4,4
67771,52,54,-2,2
67772,75,81,-6,6
67773,114,131,-17,17
67774,92,89,3,3
67775,113,113,0,0
67776,123,131,-8,8
67777,68,76,-8,8
67778,86,97,-11,11
67779,27,25,2,2
67780,126,124,2,2
67781,89,87,2,2
67782,113,124,-11,11
67783,106,102,4,4
67784,90,93,-3,3
67785,82,83,-1,1
67786,88,114,-26,26
67787,97,85,12,12
67788,141,133,8,8
67789,123,111,12,12
67790,188,173,15,15
67791,108,87,21,21
67792,73,78,-5,5
67793,104,112,-8,8
67794,87,92,-5,5
67795,78,93,-15,15
67796,75,88,-13,13
67797,153,141,12,12
67798,74,76,-2,2
67799,129,130,-1,1
67800,117,110,7,7
67801,82,83,-1,1
67802,103,109,-6,6
67803,93,76,17,17
67804,89,91,-2,2
67805,44,86,-42,42
67806,76,79,-3,3
67807,79,96,-17,17
67808,87,90,-3,3
67809,38,17,21,21
67810,120,120,0,0
67811,88,104,-16,16
67812,155,141,14,14
67813,120,104,16,16
67814,89,94,-5,5
67815,100,101,-1,1
67816,66,71,-5,5
67817,85,98,-13,13
67818,90,69,21,21
67819,126,114,12,12
67820,153,130,23,23
67821,83,89,-6,6
67822,113,109,4,4
67823,88,79,9,9
67824,152,143,9,9
67825,104,108,-4,4
67826,75,75,0,0
67827,48,43,5,5
67828,127,120,7,7
67829,79,73,6,6
67830,117,116,1,1
67831,63,72,-9,9
67832,113,129,-16,16
67833,143,163,-20,20
67834,110,113,-3,3
67835,75,94,-19,19
67836,48,66,-18,18
67837,64,106,-42,42
67838,99,104,-5,5
67839,91,103,-12,12
67840,111,107,4,4
67841,89,86,3,3
67842,141,121,20,20
67843,101,102,-1,1
67844,74,69,5,5
67845,124,107,17,17
67846,115,124,-9,9
67847,94,102,-8,8
67848,110,108,2,2
67849,70,83,-13,13
67850,89,100,-11,11
67851,53,54,-1,1
67852,85,97,-12,12
67853,166,147,19,19
67854,77,82,-5,5
67855,76,53,23,23
67856,137,145,-8,8
67857,79,77,2,2
67858,144,131,13,13
67859,57,72,-15,15
67860,102,90,12,12
67861,77,73,4,4
67862,105,98,7,7
67863,99,100,-1,1
67864,40,40,0,0
67865,96,86,10,10
67866,99,92,7,7
67867,69,73,-4,4
67868,111,113,-2,2
67869,119,132,-13,13
67870,152,142,10,10
67871,138,124,14,14
67872,146,153,-7,7
67873,79,109,-30,30
67874,113,111,2,2
67875,65,65,0,0
67876,135,126,9,9
67877,58,28,30,30
67878,68,81,-13,13
67879,103,103,0,0
67880,110,125,-15,15
67881,57,58,-1,1
67882,191,175,16,16
67883,87,83,4,4
67884,130,114,16,16
67885,94,94,0,0
67886,101,111,-10,10
67887,52,32,20,20
67888,134,138,-4,4
67889,75,84,-9,9
67890,91,105,-14,14
67891,109,108,1,1
67892,96,106,-10,10
67893,55,56,-1,1
67894,114,116,-2,2
67895,159,154,5,5
67896,74,75,-1,1
67897,89,105,-16,16
67898,45,57,-12,12
67899,50,66,-16,16
67900,78,81,-3,3
67901,136,142,-6,6
67902,81,80,1,1
67903,104,102,2,2
67904,42,47,-5,5
67905,45,53,-8,8
67906,91,74,17,17
67907,81,83,-2,2
67908,73,71,2,2
67909,163,147,16,16
67910,62,56,6,6
67911,62,115,-53,53
67912,117,94,23,23
67913,91,94,-3,3
67914,81,85,-4,4
67915,183,164,19,19
67916,115,119,-4,4
67917,45,38,7,7
67918,67,61,6,6
67919,73,88,-15,15
67920,115,117,-2,2
67921,143,141,2,2
67922,122,127,-5,5
67923,158,145,13,13
67924,132,127,5,5
67925,56,45,11,11
67926,138,147,-9,9
67927,128,109,19,19
67928,170,159,11,11
67929,101,64,37,37
67930,147,147,0,0
67931,116,119,-3,3
67932,97,115,-18,18
67933,116,133,-17,17
67934,73,77,-4,4
67935,58,58,0,0
67936,99,85,14,14
67937,148,148,0,0
67938,56,52,4,4
67939,144,146,-2,2
67940,73,62,11,11
67941,124,125,-1,1
67942,58,83,-25,25
67943,72,74,-2,2
67944,57,64,-7,7
67945,77,81,-4,4
67946,93,110,-17,17
67947,136,127,9,9
67948,56,59,-3,3
67949,106,99,7,7
67950,68,67,1,1
67951,107,95,12,12
67952,137,136,1,1
67953,51,55,-4,4
67954,161,136,25,25
67955,75,72,3,3
67956,207,162,45,45
67957,134,142,-8,8
67958,139,129,10,10
67959,85,90,-5,5
67960,64,78,-14,14
67961,57,60,-3,3
67962,87,100,-13,13
67963,143,141,2,2
67964,89,106,-17,17
67965,78,102,-24,24
67966,73,89,-16,16
67967,188,180,8,8
67968,115,100,15,15
67969,119,103,16,16
67970,74,63,11,11
67971,96,106,-10,10
67972,64,72,-8,8
67973,117,97,20,20
67974,127,131,-4,4
67975,70,72,-2,2
67976,97,112,-15,15
67977,163,147,16,16
67978,143,129,14,14
67979,69,78,-9,9
67980,98,112,-14,14
67981,87,87,0,0
67982,100,110,-10,10
67983,111,138,-27,27
67984,129,134,-5,5
67985,94,78,16,16
67986,124,128,-4,4
67987,70,77,-7,7
67988,64,71,-7,7
67989,131,128,3,3
67990,81,93,-12,12
67991,121,115,6,6
67992,139,129,10,10
67993,49,60,-11,11
67994,54,62,-8,8
67995,109,122,-13,13
67996,71,70,1,1
67997,124,103,21,21
67998,110,90,20,20
67999,103,127,-24,24
68000,104,112,-8,8
68001,95,107,-12,12
68002,85,66,19,19
68003,83,64,19,19
68004,111,121,-10,10
68005,68,51,17,17
68006,76,69,7,7
68007,47,43,4,4
68008,143,136,7,7
68009,64,68,-4,4
68010,102,106,-4,4
68011,77,89,-12,12
68012,52,53,-1,1
68013,52,56,-4,4
68014,75,75,0,0
68015,83,109,-26,26
68016,70,74,-4,4
68017,44,34,10,10
68018,41,43,-2,2
68019,77,77,0,0
68020,53,50,3,3
68021,132,131,1,1
68022,112,113,-1,1
68023,81,94,-13,13
68024,85,92,-7,7
68025,90,100,-10,10
68026,51,60,-9,9
68027,55,50,5,5
68028,45,120,-75,75
68029,52,39,13,13
68030,98,96,2,2
68031,72,77,-5,5
68032,239,228,11,11
68033,123,113,10,10
68034,164,145,19,19
68035,75,96,-21,21
68036,145,140,5,5
68037,63,66,-3,3
68038,63,92,-29,29
68039,100,106,-6,6
68040,110,101,9,9
68041,76,96,-20,20
68042,94,99,-5,5
68043,109,96,13,13
68044,59,77,-18,18
68045,140,159,-19,19
68046,83,64,19,19
68047,136,127,9,9
68048,50,63,-13,13
68049,85,60,25,25
68050,113,98,15,15
68051,49,63,-14,14
68052,98,93,5,5
68053,80,63,17,17
68054,95,91,4,4
68055,129,135,-6,6
68056,89,82,7,7
68057,115,110,5,5
68058,73,70,3,3
68059,75,80,-5,5
68060,168,146,22,22
68061,52,64,-12,12
68062,76,73,3,3
68063,104,106,-2,2
68064,124,125,-1,1
68065,113,114,-1,1
68066,80,75,5,5
68067,79,99,-20,20
68068,89,104,-15,15
68069,90,97,-7,7
68070,46,55,-9,9
68071,80,73,7,7
68072,108,116,-8,8
68073,46,39,7,7
68074,106,110,-4,4
68075,139,134,5,5
68076,99,107,-8,8
68077,50,44,6,6
68078,65,60,5,5
68079,69,67,2,2
68080,125,130,-5,5
68081,97,95,2,2
68082,84,86,-2,2
68083,114,130,-16,16
68084,39,25,14,14
68085,106,111,-5,5
68086,88,90,-2,2
68087,80,88,-8,8
68088,178,134,44,44
68089,104,114,-10,10
68090,76,79,-3,3
68091,108,103,5,5
68092,82,98,-16,16
68093,44,38,6,6
68094,67,69,-2,2
68095,69,74,-5,5
68096,69,68,1,1
68097,112,112,0,0
68098,151,146,5,5
68099,47,55,-8,8
68100,70,62,8,8
68101,86,84,2,2
68102,95,107,-12,12
68103,68,70,-2,2
68104,44,64,-20,20
68105,70,75,-5,5
68106,132,127,5,5
68107,66,72,-6,6
68108,104,105,-1,1
68109,155,136,19,19
68110,136,130,6,6
68111,74,80,-6,6
68112,109,113,-4,4
68113,88,101,-13,13
68114,156,165,-9,9
68115,153,158,-5,5
68116,83,79,4,4
68117,88,89,-1,1
68118,167,175,-8,8
68119,44,47,-3,3
68120,124,119,5,5
68121,71,74,-3,3
68122,131,112,19,19
68123,94,89,5,5
68124,64,65,-1,1
68125,81,79,2,2
68126,69,70,-1,1
68127,52,52,0,0
68128,84,96,-12,12
68129,59,62,-3,3
68130,117,112,5,5
68131,115,107,8,8
68132,86,95,-9,9
68133,111,107,4,4
68134,69,73,-4,4
68135,119,114,5,5
68136,73,72,1,1
68137,81,79,2,2
68138,79,92,-13,13
68139,89,103,-14,14
68140,51,45,6,6
68141,63,61,2,2
68142,87,96,-9,9
68143,116,125,-9,9
68144,115,113,2,2
68145,111,104,7,7
68146,38,42,-4,4
68147,130,142,-12,12
68148,100,97,3,3
68149,60,55,5,5
68150,91,83,8,8
68151,67,74,-7,7
68152,73,67,6,6
68153,152,151,1,1
68154,199,148,51,51
68155,156,150,6,6
68156,61,74,-13,13
68157,109,104,5,5
68158,69,81,-12,12
68159,87,91,-4,4
68160,65,71,-6,6
68161,83,96,-13,13
68162,94,86,8,8
68163,104,97,7,7
68164,72,83,-11,11
68165,74,90,-16,16
68166,93,85,8,8
68167,88,83,5,5
68168,88,91,-3,3
68169,75,100,-25,25
68170,102,105,-3,3
68171,72,76,-4,4
68172,95,83,12,12
68173,98,95,3,3
68174,86,84,2,2
68175,91,103,-12,12
68176,67,72,-5,5
68177,73,81,-8,8
68178,129,133,-4,4
68179,64,67,-3,3
68180,94,87,7,7
68181,123,88,35,35
68182,89,66,23,23
68183,45,50,-5,5
68184,95,92,3,3
68185,77,77,0,0
68186,61,61,0,0
68187,151,153,-2,2
68188,53,59,-6,6
68189,109,109,0,0
68190,84,92,-8,8
68191,86,98,-12,12
68192,105,111,-6,6
68193,107,115,-8,8
68194,97,105,-8,8
68195,41,42,-1,1
68196,69,81,-12,12
68197,111,89,22,22
68198,40,22,18,18
68199,140,137,3,3
68200,65,73,-8,8
68201,149,119,30,30
68202,46,45,1,1
68203,103,102,1,1
68204,80,91,-11,11
68205,41,43,-2,2
68206,97,124,-27,27
68207,65,76,-11,11
68208,124,142,-18,18
68209,65,70,-5,5
68210,85,77,8,8
68211,151,148,3,3
68212,75,59,16,16
68213,92,97,-5,5
68214,96,85,11,11
68215,120,104,16,16
68216,71,66,5,5
68217,77,81,-4,4
68218,84,105,-21,21
68219,100,109,-9,9
68220,105,127,-22,22
68221,123,107,16,16
68222,53,53,0,0
68223,178,179,-1,1
68224,99,99,0,0
68225,64,64,0,0
68226,78,86,-8,8
68227,108,105,3,3
68228,77,75,2,2
68229,157,110,47,47
68230,72,77,-5,5
68231,68,65,3,3
68232,87,72,15,15
68233,70,66,4,4
68234,52,59,-7,7
68235,85,86,-1,1
68236,100,114,-14,14
68237,71,73,-2,2
68238,109,120,-11,11
68239,154,163,-9,9
68240,96,84,12,12
68241,78,87,-9,9
68242,82,94,-12,12
68243,114,121,-7,7
68244,103,105,-2,2
68245,118,126,-8,8
68246,87,95,-8,8
68247,121,121,0,0
68248,94,107,-13,13
68249,62,58,4,4
68250,89,94,-5,5
68251,105,107,-2,2
68252,85,99,-14,14
68253,79,98,-19,19
68254,86,83,3,3
68255,100,104,-4,4
68256,104,102,2,2
68257,83,101,-18,18
68258,90,89,1,1
68259,112,130,-18,18
68260,69,65,4,4
68261,121,109,12,12
68262,84,96,-12,12
68263,87,95,-8,8
68264,92,96,-4,4
68265,147,140,7,7
68266,86,93,-7,7
68267,89,86,3,3
68268,52,59,-7,7
68269,110,120,-10,10
68270,145,135,10,10
68271,87,92,-5,5
68272,107,93,14,14
68273,145,124,21,21
68274,55,49,6,6
68275,51,76,-25,25
68276,95,88,7,7
68277,101,101,0,0
68278,72,65,7,7
68279,90,84,6,6
68280,91,83,8,8
68281,94,106,-12,12
68282,60,63,-3,3
68283,59,40,19,19
68284,96,97,-1,1
68285,55,52,3,3
68286,101,82,19,19
68287,95,110,-15,15
68288,113,111,2,2
68289,77,77,0,0
68290,114,126,-12,12
68291,101,106,-5,5
68292,100,109,-9,9
68293,64,73,-9,9
68294,100,63,37,37
68295,158,149,9,9
68296,81,93,-12,12
68297,62,72,-10,10
68298,136,126,10,10
68299,156,137,19,19
68300,160,143,17,17
68301,128,131,-3,3
68302,49,41,8,8
68303,135,126,9,9
68304,81,83,-2,2
68305,85,87,-2,2
68306,74,77,-3,3
68307,141,131,10,10
68308,98,100,-2,2
68309,140,99,41,41
68310,102,100,2,2
68311,91,98,-7,7
68312,68,76,-8,8
68313,117,109,8,8
68314,57,65,-8,8
68315,70,113,-43,43
68316,203,169,34,34
68317,96,109,-13,13
68318,128,123,5,5
68319,81,88,-7,7
68320,81,94,-13,13
68321,66,68,-2,2
68322,128,131,-3,3
68323,150,136,14,14
68324,79,94,-15,15
68325,68,86,-18,18
68326,57,61,-4,4
68327,63,71,-8,8
68328,110,102,8,8
68329,84,84,0,0
68330,84,76,8,8
68331,59,65,-6,6
68332,101,90,11,11
68333,73,72,1,1
68334,82,94,-12,12
68335,163,159,4,4
68336,113,110,3,3
68337,95,109,-14,14
68338,73,84,-11,11
68339,83,77,6,6
68340,114,119,-5,5
68341,136,108,28,28
68342,86,101,-15,15
68343,81,81,0,0
68344,108,85,23,23
68345,149,135,14,14
68346,101,99,2,2
68347,78,84,-6,6
68348,126,118,8,8
68349,122,133,-11,11
68350,112,114,-2,2
68351,67,70,-3,3
68352,62,75,-13,13
68353,112,86,26,26
68354,171,156,15,15
68355,65,55,10,10
68356,97,84,13,13
68357,43,43,0,0
68358,71,62,9,9
68359,71,77,-6,6
68360,55,25,30,30
68361,72,77,-5,5
68362,85,80,5,5
68363,190,176,14,14
68364,97,97,0,0
68365,100,105,-5,5
68366,75,75,0,0
68367,130,115,15,15
68368,60,59,1,1
68369,105,97,8,8
68370,85,83,2,2
68371,89,92,-3,3
68372,93,102,-9,9
68373,39,120,-81,81
68374,74,75,-1,1
68375,148,164,-16,16
68376,136,140,-4,4
68377,61,72,-11,11
68378,181,170,11,11
68379,99,94,5,5
68380,165,152,13,13
68381,97,90,7,7
68382,116,122,-6,6
68383,105,111,-6,6
68384,50,39,11,11
68385,71,86,-15,15
68386,115,109,6,6
68387,61,58,3,3
68388,101,108,-7,7
68389,80,91,-11,11
68390,100,110,-10,10
68391,79,92,-13,13
68392,121,123,-2,2
68393,85,102,-17,17
68394,87,89,-2,2
68395,61,71,-10,10
68396,125,130,-5,5
68397,85,98,-13,13
68398,87,100,-13,13
68399,64,90,-26,26
68400,66,67,-1,1
68401,85,88,-3,3
68402,159,147,12,12
68403,132,130,2,2
68404,96,76,20,20
68405,100,115,-15,15
68406,76,71,5,5
68407,117,121,-4,4
68408,101,118,-17,17
68409,86,87,-1,1
68410,117,110,7,7
68411,96,96,0,0
68412,55,69,-14,14
68413,145,142,3,3
68414,68,82,-14,14
68415,71,62,9,9
68416,129,124,5,5
68417,121,126,-5,5
68418,92,87,5,5
68419,57,68,-11,11
68420,50,49,1,1
68421,56,53,3,3
68422,52,71,-19,19
68423,61,48,13,13
68424,164,147,17,17
68425,119,118,1,1
68426,85,87,-2,2
68427,83,83,0,0
68428,149,137,12,12
68429,103,90,13,13
68430,61,90,-29,29
68431,142,129,13,13
68432,80,80,0,0
68433,49,47,2,2
68434,109,99,10,10
68435,101,113,-12,12
68436,77,79,-2,2
68437,160,166,-6,6
68438,108,115,-7,7
68439,137,134,3,3
68440,125,120,5,5
68441,76,52,24,24
68442,145,131,14,14
68443,86,115,-29,29
68444,131,132,-1,1
68445,99,108,-9,9
68446,97,103,-6,6
68447,67,68,-1,1
68448,107,120,-13,13
68449,87,75,12,12
68450,104,99,5,5
68451,77,79,-2,2
68452,49,43,6,6
68453,152,98,54,54
68454,138,132,6,6
68455,183,169,14,14
68456,53,51,2,2
68457,100,69,31,31
68458,71,65,6,6
68459,73,98,-25,25
68460,108,108,0,0
68461,85,95,-10,10
68462,72,78,-6,6
68463,92,94,-2,2
68464,127,121,6,6
68465,61,85,-24,24
68466,86,104,-18,18
68467,56,63,-7,7
68468,104,100,4,4
68469,86,95,-9,9
68470,142,150,-8,8
68471,78,85,-7,7
68472,96,92,4,4
68473,75,105,-30,30
68474,88,87,1,1
68475,69,82,-13,13
68476,62,55,7,7
68477,107,98,9,9
68478,65,62,3,3
68479,129,123,6,6
68480,86,89,-3,3
68481,77,76,1,1
68482,115,101,14,14
68483,87,92,-5,5
68484,32,26,6,6
68485,80,96,-16,16
68486,107,96,11,11
68487,112,128,-16,16
68488,83,86,-3,3
68489,89,94,-5,5
68490,65,80,-15,15
68491,63,79,-16,16
68492,56,48,8,8
68493,99,87,12,12
68494,88,92,-4,4
68495,130,124,6,6
68496,59,72,-13,13
68497,157,121,36,36
68498,94,105,-11,11
68499,94,107,-13,13
68500,61,64,-3,3
68501,98,102,-4,4
68502,98,99,-1,1
68503,108,104,4,4
68504,122,118,4,4
68505,115,120,-5,5
68506,49,50,-1,1
68507,79,82,-3,3
68508,96,122,-26,26
68509,81,82,-1,1
68510,54,59,-5,5
68511,70,87,-17,17
68512,141,141,0,0
68513,113,161,-48,48
68514,110,104,6,6
68515,75,74,1,1
68516,85,89,-4,4
68517,85,67,18,18
68518,105,109,-4,4
68519,62,66,-4,4
68520,39,42,-3,3
68521,83,81,2,2
68522,103,105,-2,2
68523,69,60,9,9
68524,103,97,6,6
68525,82,80,2,2
68526,98,95,3,3
68527,134,122,12,12
68528,51,84,-33,33
68529,98,104,-6,6
68530,58,67,-9,9
68531,66,81,-15,15
68532,66,54,12,12
68533,139,128,11,11
68534,182,166,16,16
68535,118,121,-3,3
68536,69,57,12,12
68537,61,55,6,6
68538,101,76,25,25
68539,126,98,28,28
68540,87,79,8,8
68541,53,67,-14,14
68542,83,67,16,16
68543,113,128,-15,15
68544,109,103,6,6
68545,60,67,-7,7
68546,113,112,1,1
68547,84,107,-23,23
68548,60,66,-6,6
68549,56,23,33,33
68550,52,57,-5,5
68551,111,100,11,11
68552,74,80,-6,6
68553,57,47,10,10
68554,72,74,-2,2
68555,77,72,5,5
68556,93,85,8,8
68557,167,162,5,5
68558,64,70,-6,6
68559,97,100,-3,3
68560,106,109,-3,3
68561,165,157,8,8
68562,86,106,-20,20
68563,146,136,10,10
68564,98,102,-4,4
68565,88,99,-11,11
68566,89,95,-6,6
68567,99,102,-3,3
68568,86,86,0,0
68569,95,123,-28,28
68570,70,61,9,9
68571,91,111,-20,20
68572,98,99,-1,1
68573,92,95,-3,3
68574,103,106,-3,3
68575,91,80,11,11
68576,58,62,-4,4
68577,61,67,-6,6
68578,53,44,9,9
68579,83,85,-2,2
68580,56,55,1,1
68581,84,89,-5,5
68582,73,81,-8,8
68583,73,70,3,3
68584,81,82,-1,1
68585,69,69,0,0
68586,71,39,32,32
68587,107,121,-14,14
68588,111,113,-2,2
68589,107,109,-2,2
68590,115,104,11,11
68591,75,58,17,17
68592,129,118,11,11
68593,94,85,9,9
68594,52,65,-13,13
68595,146,141,5,5
68596,99,118,-19,19
68597,93,108,-15,15
68598,57,45,12,12
68599,102,110,-8,8
68600,58,70,-12,12
68601,95,138,-43,43
68602,92,83,9,9
68603,99,99,0,0
68604,115,122,-7,7
68605,77,75,2,2
68606,176,165,11,11
68607,97,106,-9,9
68608,153,136,17,17
68609,74,80,-6,6
68610,182,164,18,18
68611,91,78,13,13
68612,67,86,-19,19
68613,85,105,-20,20
68614,109,109,0,0
68615,113,109,4,4
68616,111,118,-7,7
68617,95,110,-15,15
68618,74,72,2,2
68619,110,108,2,2
68620,58,54,4,4
68621,135,114,21,21
68622,108,113,-5,5
68623,112,121,-9,9
68624,49,56,-7,7
68625,114,113,1,1
68626,57,74,-17,17
68627,74,88,-14,14
68628,99,103,-4,4
68629,96,96,0,0
68630,88,90,-2,2
68631,79,83,-4,4
68632,82,75,7,7
68633,99,113,-14,14
68634,116,108,8,8
68635,80,76,4,4
68636,120,123,-3,3
68637,70,45,25,25
68638,74,59,15,15
68639,55,102,-47,47
68640,97,93,4,4
68641,74,82,-8,8
68642,92,99,-7,7
68643,71,66,5,5
68644,86,82,4,4
68645,66,71,-5,5
68646,74,77,-3,3
68647,90,108,-18,18
68648,110,108,2,2
68649,94,102,-8,8
68650,101,102,-1,1
68651,115,121,-6,6
68652,91,90,1,1
68653,102,105,-3,3
68654,116,125,-9,9
68655,130,129,1,1
68656,45,30,15,15
68657,77,85,-8,8
68658,117,129,-12,12
68659,109,131,-22,22
68660,94,94,0,0
68661,130,131,-1,1
68662,37,34,3,3
68663,73,74,-1,1
68664,79,68,11,11
68665,80,91,-11,11
68666,143,128,15,15
68667,69,71,-2,2
68668,143,150,-7,7
68669,105,115,-10,10
68670,150,146,4,4
68671,94,91,3,3
68672,107,103,4,4
68673,64,62,2,2
68674,154,142,12,12
68675,129,123,6,6
68676,118,114,4,4
68677,86,80,6,6
68678,98,86,12,12
68679,134,139,-5,5
68680,96,105,-9,9
68681,90,96,-6,6
68682,173,163,10,10
68683,83,83,0,0
68684,168,158,10,10
68685,97,104,-7,7
68686,88,106,-18,18
68687,54,57,-3,3
68688,142,138,4,4
68689,152,146,6,6
68690,75,91,-16,16
68691,73,74,-1,1
68692,170,160,10,10
68693,82,67,15,15
68694,103,109,-6,6
68695,135,123,12,12
68696,98,95,3,3
68697,190,176,14,14
68698,110,105,5,5
68699,56,62,-6,6
68700,160,154,6,6
68701,86,105,-19,19
68702,105,105,0,0
68703,42,33,9,9
68704,148,163,-15,15
68705,78,82,-4,4
68706,108,114,-6,6
68707,81,83,-2,2
68708,135,136,-1,1
68709,84,91,-7,7
68710,115,43,72,72
68711,124,118,6,6
68712,67,78,-11,11
68713,97,100,-3,3
68714,90,91,-1,1
68715,158,149,9,9
68716,162,157,5,5
68717,165,164,1,1
68718,76,77,-1,1
68719,174,157,17,17
68720,125,106,19,19
68721,155,144,11,11
68722,80,89,-9,9
68723,150,160,-10,10
68724,54,68,-14,14
68725,119,102,17,17
68726,83,87,-4,4
68727,56,72,-16,16
68728,69,83,-14,14
68729,94,104,-10,10
68730,103,121,-18,18
68731,120,115,5,5
68732,119,133,-14,14
68733,92,91,1,1
68734,102,94,8,8
68735,75,74,1,1
68736,64,73,-9,9
68737,175,167,8,8
68738,66,65,1,1
68739,69,85,-16,16
68740,66,57,9,9
68741,42,44,-2,2
68742,222,197,25,25
68743,161,165,-4,4
68744,139,124,15,15
68745,88,86,2,2
68746,81,73,8,8
68747,160,162,-2,2
68748,100,105,-5,5
68749,64,76,-12,12
68750,26,13,13,13
68751,126,128,-2,2
68752,49,51,-2,2
68753,101,94,7,7
68754,78,76,2,2
68755,82,84,-2,2
68756,68,74,-6,6
68757,90,91,-1,1
68758,78,70,8,8
68759,114,118,-4,4
68760,160,128,32,32
68761,108,103,5,5
68762,93,92,1,1
68763,52,53,-1,1
68764,142,127,15,15
68765,151,163,-12,12
68766,118,124,-6,6
68767,90,87,3,3
68768,103,93,10,10
68769,126,128,-2,2
68770,121,99,22,22
68771,111,117,-6,6
68772,87,85,2,2
68773,48,46,2,2
68774,86,77,9,9
68775,60,119,-59,59
68776,162,152,10,10
68777,98,98,0,0
68778,134,104,30,30
68779,147,148,-1,1
68780,113,124,-11,11
68781,79,82,-3,3
68782,76,71,5,5
68783,72,81,-9,9
68784,59,76,-17,17
68785,151,142,9,9
68786,114,113,1,1
68787,71,75,-4,4
68788,146,140,6,6
68789,83,74,9,9
68790,65,59,6,6
68791,60,51,9,9
68792,113,111,2,2
68793,146,139,7,7
68794,103,112,-9,9
68795,123,122,1,1
68796,59,50,9,9
68797,158,148,10,10
68798,114,105,9,9
68799,133,126,7,7
68800,151,153,-2,2
68801,41,34,7,7
68802,80,84,-4,4
68803,71,62,9,9
68804,88,99,-11,11
68805,94,110,-16,16
68806,41,56,-15,15
68807,129,147,-18,18
68808,126,113,13,13
68809,132,116,16,16
68810,38,44,-6,6
68811,81,76,5,5
68812,97,103,-6,6
68813,99,89,10,10
68814,159,160,-1,1
68815,113,134,-21,21
68816,42,60,-18,18
68817,176,161,15,15
68818,96,84,12,12
68819,122,114,8,8
68820,134,131,3,3
68821,63,68,-5,5
68822,81,100,-19,19
68823,94,100,-6,6
68824,122,116,6,6
68825,99,82,17,17
68826,103,123,-20,20
68827,77,112,-35,35
68828,90,96,-6,6
68829,139,123,16,16
68830,74,34,40,40
68831,83,89,-6,6
68832,84,82,2,2
68833,108,103,5,5
68834,80,83,-3,3
68835,117,126,-9,9
68836,81,77,4,4
68837,73,74,-1,1
68838,146,134,12,12
68839,83,81,2,2
68840,71,70,1,1
68841,99,106,-7,7
68842,52,87,-35,35
68843,97,104,-7,7
68844,80,87,-7,7
68845,112,114,-2,2
68846,57,62,-5,5
68847,105,105,0,0
68848,145,159,-14,14
68849,104,107,-3,3
68850,94,101,-7,7
68851,109,115,-6,6
68852,73,70,3,3
68853,54,48,6,6
68854,99,110,-11,11
68855,204,170,34,34
68856,42,37,5,5
68857,40,21,19,19
68858,61,60,1,1
68859,98,101,-3,3
68860,88,91,-3,3
68861,107,121,-14,14
68862,101,104,-3,3
68863,156,126,30,30
68864,43,34,9,9
68865,85,83,2,2
68866,130,122,8,8
68867,49,54,-5,5
68868,82,76,6,6
68869,105,101,4,4
68870,141,145,-4,4
68871,124,133,-9,9
68872,149,175,-26,26
68873,61,54,7,7
68874,163,167,-4,4
68875,94,112,-18,18
68876,64,82,-18,18
68877,129,144,-15,15
68878,71,91,-20,20
68879,95,106,-11,11
68880,106,108,-2,2
68881,103,85,18,18
68882,81,77,4,4
68883,89,96,-7,7
68884,144,128,16,16
68885,64,67,-3,3
68886,37,128,-91,91
68887,87,80,7,7
68888,34,25,9,9
68889,94,100,-6,6
68890,84,87,-3,3
68891,76,86,-10,10
68892,79,72,7,7
68893,96,107,-11,11
68894,99,72,27,27
68895,102,102,0,0
68896,66,62,4,4
68897,96,82,14,14
68898,75,75,0,0
68899,98,85,13,13
68900,75,73,2,2
68901,106,107,-1,1
68902,85,86,-1,1
68903,104,115,-11,11
68904,83,95,-12,12
68905,92,94,-2,2
68906,110,129,-19,19
68907,89,112,-23,23
68908,148,146,2,2
68909,105,112,-7,7
68910,90,95,-5,5
68911,42,55,-13,13
68912,102,110,-8,8
68913,142,136,6,6
68914,122,117,5,5
68915,109,115,-6,6
68916,101,118,-17,17
68917,89,101,-12,12
68918,118,94,24,24
68919,146,135,11,11
68920,100,96,4,4
68921,99,85,14,14
68922,62,55,7,7
68923,84,81,3,3
68924,62,67,-5,5
68925,190,169,21,21
68926,105,110,-5,5
68927,101,93,8,8
68928,69,72,-3,3
68929,105,104,1,1
68930,135,125,10,10
68931,162,165,-3,3
68932,96,95,1,1
68933,80,82,-2,2
68934,83,97,-14,14
68935,133,123,10,10
68936,77,50,27,27
68937,130,121,9,9
68938,143,163,-20,20
68939,83,88,-5,5
68940,77,97,-20,20
68941,148,138,10,10
68942,88,94,-6,6
68943,47,37,10,10
68944,66,43,23,23
68945,54,78,-24,24
68946,97,89,8,8
68947,80,90,-10,10
68948,51,69,-18,18
68949,122,122,0,0
68950,134,125,9,9
68951,152,130,22,22
68952,96,104,-8,8
68953,75,93,-18,18
68954,143,133,10,10
68955,164,156,8,8
68956,99,111,-12,12
68957,149,160,-11,11
68958,126,122,4,4
68959,90,76,14,14
68960,102,106,-4,4
68961,18,52,-34,34
68962,103,90,13,13
68963,130,113,17,17
68964,67,79,-12,12
68965,69,58,11,11
68966,84,73,11,11
68967,122,121,1,1
68968,103,101,2,2
68969,65,49,16,16
68970,111,116,-5,5
68971,177,170,7,7
68972,64,61,3,3
68973,159,146,13,13
68974,123,105,18,18
68975,67,46,21,21
68976,138,128,10,10
68977,88,76,12,12
68978,94,128,-34,34
68979,114,103,11,11
68980,81,77,4,4
68981,68,66,2,2
68982,214,215,-1,1
68983,145,139,6,6
68984,54,46,8,8
68985,100,100,0,0
68986,146,142,4,4
68987,213,161,52,52
68988,106,114,-8,8
68989,57,41,16,16
68990,128,130,-2,2
68991,97,100,-3,3
68992,90,113,-23,23
68993,102,96,6,6
68994,153,140,13,13
68995,84,78,6,6
68996,27,58,-31,31
68997,51,48,3,3
68998,73,90,-17,17
68999,86,75,11,11
69000,77,82,-5,5
69001,154,140,14,14
69002,107,100,7,7
69003,173,166,7,7
69004,80,92,-12,12
69005,92,82,10,10
69006,86,88,-2,2
69007,70,88,-18,18
69008,116,134,-18,18
69009,79,79,0,0
69010,101,101,0,0
69011,138,131,7,7
69012,125,105,20,20
69013,65,59,6,6
69014,82,88,-6,6
69015,88,95,-7,7
69016,40,56,-16,16
69017,104,112,-8,8
69018,111,116,-5,5
69019,81,95,-14,14
69020,67,88,-21,21
69021,91,94,-3,3
69022,135,134,1,1
69023,155,167,-12,12
69024,89,90,-1,1
69025,58,63,-5,5
69026,137,147,-10,10
69027,69,70,-1,1
69028,84,90,-6,6
69029,110,94,16,16
69030,68,102,-34,34
69031,126,120,6,6
69032,185,151,34,34
69033,64,61,3,3
69034,119,121,-2,2
69035,133,133,0,0
69036,96,96,0,0
69037,54,55,-1,1
69038,90,85,5,5
69039,75,74,1,1
69040,123,106,17,17
69041,91,87,4,4
69042,114,111,3,3
69043,49,107,-58,58
69044,119,117,2,2
69045,78,76,2,2
69046,105,95,10,10
69047,113,113,0,0
69048,75,78,-3,3
69049,162,154,8,8
69050,62,39,23,23
69051,93,87,6,6
69052,67,65,2,2
69053,118,113,5,5
69054,76,70,6,6
69055,132,122,10,10
69056,43,40,3,3
69057,69,64,5,5
69058,99,102,-3,3
69059,81,72,9,9
69060,103,112,-9,9
69061,87,88,-1,1
69062,88,91,-3,3
69063,92,85,7,7
69064,102,96,6,6
69065,53,63,-10,10
69066,80,75,5,5
69067,86,105,-19,19
69068,107,120,-13,13
69069,165,164,1,1
69070,43,48,-5,5
69071,84,85,-1,1
69072,129,124,5,5
69073,135,138,-3,3
69074,32,86,-54,54
69075,49,52,-3,3
69076,91,95,-4,4
69077,72,77,-5,5
69078,85,96,-11,11
69079,75,84,-9,9
69080,95,122,-27,27
69081,132,121,11,11
69082,98,101,-3,3
69083,34,18,16,16
69084,114,120,-6,6
69085,104,101,3,3
69086,111,108,3,3
69087,59,46,13,13
69088,38,40,-2,2
69089,45,46,-1,1
69090,160,165,-5,5
69091,87,95,-8,8
69092,78,80,-2,2
69093,180,156,24,24
69094,112,123,-11,11
69095,99,108,-9,9
69096,77,76,1,1
69097,64,88,-24,24
69098,93,95,-2,2
69099,135,144,-9,9
69100,80,77,3,3
69101,105,89,16,16
69102,93,105,-12,12
69103,97,102,-5,5
69104,93,103,-10,10
69105,126,122,4,4
69106,100,108,-8,8
69107,93,94,-1,1
69108,116,115,1,1
69109,89,96,-7,7
69110,72,86,-14,14
69111,158,135,23,23
69112,107,92,15,15
69113,57,75,-18,18
69114,95,103,-8,8
69115,199,144,55,55
69116,98,102,-4,4
69117,50,82,-32,32
69118,72,78,-6,6
69119,86,90,-4,4
69120,36,103,-67,67
69121,77,62,15,15
69122,144,141,3,3
69123,101,119,-18,18
69124,141,141,0,0
69125,136,130,6,6
69126,81,84,-3,3
69127,96,126,-30,30
69128,92,97,-5,5
69129,37,44,-7,7
69130,117,118,-1,1
69131,96,80,16,16
69132,120,131,-11,11
69133,58,52,6,6
69134,147,130,17,17
69135,60,72,-12,12
69136,85,80,5,5
69137,71,84,-13,13
69138,74,68,6,6
69139,98,85,13,13
69140,59,59,0,0
69141,77,83,-6,6
69142,77,90,-13,13
69143,76,90,-14,14
69144,52,50,2,2
69145,116,98,18,18
69146,78,79,-1,1
69147,74,86,-12,12
69148,124,124,0,0
69149,58,53,5,5
69150,86,88,-2,2
69151,132,131,1,1
69152,108,108,0,0
69153,38,28,10,10
69154,138,142,-4,4
69155,74,82,-8,8
69156,73,74,-1,1
69157,95,80,15,15
69158,129,132,-3,3
69159,102,105,-3,3
69160,112,109,3,3
69161,141,132,9,9
69162,76,68,8,8
69163,142,144,-2,2
69164,72,74,-2,2
69165,163,142,21,21
69166,122,113,9,9
69167,44,45,-1,1
69168,104,104,0,0
69169,72,81,-9,9
69170,60,74,-14,14
69171,69,64,5,5
69172,113,113,0,0
69173,89,108,-19,19
69174,42,49,-7,7
69175,146,145,1,1
69176,147,117,30,30
69177,132,112,20,20
69178,107,103,4,4
69179,77,84,-7,7
69180,102,97,5,5
69181,153,137,16,16
69182,56,41,15,15
69183,105,107,-2,2
69184,129,129,0,0
69185,99,80,19,19
69186,55,52,3,3
69187,102,112,-10,10
69188,102,92,10,10
69189,111,110,1,1
69190,123,135,-12,12
69191,62,66,-4,4
69192,152,176,-24,24
69193,89,47,42,42
69194,94,99,-5,5
69195,35,51,-16,16
69196,94,89,5,5
69197,110,113,-3,3
69198,175,159,16,16
69199,105,90,15,15
69200,42,42,0,0
69201,152,144,8,8
69202,149,139,10,10
69203,207,176,31,31
69204,152,155,-3,3
69205,88,104,-16,16
69206,94,93,1,1
69207,76,76,0,0
69208,84,84,0,0
69209,87,84,3,3
69210,59,84,-25,25
69211,112,119,-7,7
69212,110,90,20,20
69213,136,117,19,19
69214,81,104,-23,23
69215,177,149,28,28
69216,120,124,-4,4
69217,86,106,-20,20
69218,57,53,4,4
69219,100,92,8,8
69220,134,141,-7,7
69221,75,76,-1,1
69222,88,94,-6,6
69223,82,76,6,6
69224,54,61,-7,7
69225,74,71,3,3
69226,50,45,5,5
69227,125,97,28,28
69228,85,89,-4,4
69229,148,139,9,9
69230,88,89,-1,1
69231,58,85,-27,27
69232,124,100,24,24
69233,129,129,0,0
69234,100,103,-3,3
69235,76,84,-8,8
69236,86,84,2,2
69237,57,74,-17,17
69238,84,71,13,13
69239,103,90,13,13
69240,87,89,-2,2
69241,114,128,-14,14
69242,58,56,2,2
69243,100,112,-12,12
69244,92,69,23,23
69245,78,93,-15,15
69246,73,91,-18,18
69247,73,76,-3,3
69248,106,105,1,1
69249,135,138,-3,3
69250,95,111,-16,16
69251,75,89,-14,14
69252,116,128,-12,12
69253,58,59,-1,1
69254,135,126,9,9
69255,75,80,-5,5
69256,51,62,-11,11
69257,69,75,-6,6
69258,97,115,-18,18
69259,73,73,0,0
69260,91,96,-5,5
69261,156,151,5,5
69262,67,83,-16,16
69263,77,62,15,15
69264,133,128,5,5
69265,129,159,-30,30
69266,110,105,5,5
69267,121,134,-13,13
69268,150,138,12,12
69269,89,97,-8,8
69270,71,111,-40,40
69271,119,107,12,12
69272,70,87,-17,17
69273,121,119,2,2
69274,116,124,-8,8
69275,123,120,3,3
69276,95,82,13,13
69277,70,69,1,1
69278,111,92,19,19
69279,113,128,-15,15
69280,92,106,-14,14
69281,52,62,-10,10
69282,114,115,-1,1
69283,106,109,-3,3
69284,102,121,-19,19
69285,72,87,-15,15
69286,134,91,43,43
69287,101,96,5,5
69288,134,132,2,2
69289,111,117,-6,6
69290,99,104,-5,5
69291,98,103,-5,5
69292,94,104,-10,10
69293,44,46,-2,2
69294,92,118,-26,26
69295,81,56,25,25
69296,74,78,-4,4
69297,51,42,9,9
69298,135,134,1,1
69299,34,29,5,5
69300,151,160,-9,9
69301,64,45,19,19
69302,105,111,-6,6
69303,117,101,16,16
69304,88,97,-9,9
69305,100,88,12,12
69306,88,79,9,9
69307,84,88,-4,4
69308,189,176,13,13
69309,45,44,1,1
69310,64,70,-6,6
69311,94,99,-5,5
69312,199,161,38,38
69313,80,82,-2,2
69314,105,103,2,2
69315,112,123,-11,11
69316,59,81,-22,22
69317,54,54,0,0
69318,123,120,3,3
69319,59,66,-7,7
69320,186,160,26,26
69321,110,120,-10,10
69322,117,112,5,5
69323,82,89,-7,7
69324,202,182,20,20
69325,129,116,13,13
69326,91,92,-1,1
69327,131,89,42,42
69328,117,121,-4,4
69329,82,67,15,15
69330,78,96,-18,18
69331,129,125,4,4
69332,46,30,16,16
69333,122,126,-4,4
69334,124,112,12,12
69335,186,145,41,41
69336,103,100,3,3
69337,112,128,-16,16
69338,135,148,-13,13
69339,68,75,-7,7
69340,110,104,6,6
69341,57,63,-6,6
69342,144,147,-3,3
69343,115,113,2,2
69344,143,140,3,3
69345,75,108,-33,33
69346,69,72,-3,3
69347,140,126,14,14
69348,93,101,-8,8
69349,74,66,8,8
69350,165,150,15,15
69351,77,87,-10,10
69352,57,49,8,8
69353,87,111,-24,24
69354,123,119,4,4
69355,78,91,-13,13
69356,120,102,18,18
69357,100,103,-3,3
69358,112,116,-4,4
69359,87,85,2,2
69360,98,77,21,21
69361,106,97,9,9
69362,91,107,-16,16
69363,107,109,-2,2
69364,67,63,4,4
69365,125,127,-2,2
69366,61,63,-2,2
69367,96,86,10,10
69368,73,75,-2,2
69369,70,67,3,3
69370,89,79,10,10
69371,114,117,-3,3
69372,74,99,-25,25
69373,133,114,19,19
69374,107,116,-9,9
69375,91,89,2,2
69376,83,78,5,5
69377,76,77,-1,1
69378,75,85,-10,10
69379,83,88,-5,5
69380,62,61,1,1
69381,71,82,-11,11
69382,40,32,8,8
69383,131,128,3,3
69384,138,148,-10,10
69385,43,32,11,11
69386,76,103,-27,27
69387,128,150,-22,22
69388,62,71,-9,9
69389,128,117,11,11
69390,79,87,-8,8
69391,140,130,10,10
69392,94,112,-18,18
69393,96,100,-4,4
69394,43,58,-15,15
69395,159,134,25,25
69396,62,58,4,4
69397,131,125,6,6
69398,65,50,15,15
69399,63,68,-5,5
69400,116,129,-13,13
69401,65,76,-11,11
69402,70,112,-42,42
69403,56,58,-2,2
69404,95,93,2,2
69405,120,123,-3,3
69406,93,91,2,2
69407,92,93,-1,1
69408,101,98,3,3
69409,106,114,-8,8
69410,151,146,5,5
69411,98,95,3,3
69412,63,70,-7,7
69413,120,124,-4,4
69414,93,101,-8,8
69415,89,86,3,3
69416,47,48,-1,1
69417,92,90,2,2
69418,95,83,12,12
69419,90,93,-3,3
69420,116,108,8,8
69421,88,92,-4,4
69422,107,117,-10,10
69423,168,159,9,9
69424,49,46,3,3
69425,111,107,4,4
69426,76,77,-1,1
69427,89,91,-2,2
69428,72,84,-12,12
69429,131,136,-5,5
69430,61,71,-10,10
69431,106,88,18,18
69432,65,72,-7,7
69433,76,74,2,2
69434,62,109,-47,47
69435,63,59,4,4
69436,77,63,14,14
69437,120,113,7,7
69438,109,111,-2,2
69439,93,91,2,2
69440,66,49,17,17
69441,72,51,21,21
69442,94,83,11,11
69443,143,134,9,9
69444,75,79,-4,4
69445,99,98,1,1
69446,112,111,1,1
69447,66,85,-19,19
69448,72,70,2,2
69449,46,39,7,7
69450,100,104,-4,4
69451,89,83,6,6
69452,101,104,-3,3
69453,63,51,12,12
69454,108,117,-9,9
69455,89,96,-7,7
69456,101,122,-21,21
69457,94,89,5,5
69458,73,73,0,0
69459,148,100,48,48
69460,142,138,4,4
69461,92,89,3,3
69462,151,132,19,19
69463,119,119,0,0
69464,61,68,-7,7
69465,124,131,-7,7
69466,46,61,-15,15
69467,67,98,-31,31
69468,46,69,-23,23
69469,81,87,-6,6
69470,104,115,-11,11
69471,47,48,-1,1
69472,88,95,-7,7
69473,115,110,5,5
69474,92,111,-19,19
69475,100,91,9,9
69476,141,137,4,4
69477,107,118,-11,11
69478,127,101,26,26
69479,117,125,-8,8
69480,72,77,-5,5
69481,81,82,-1,1
69482,100,125,-25,25
69483,84,114,-30,30
69484,70,57,13,13
69485,152,122,30,30
69486,32,44,-12,12
69487,121,119,2,2
69488,69,56,13,13
69489,63,76,-13,13
69490,76,80,-4,4
69491,81,79,2,2
69492,106,108,-2,2
69493,69,82,-13,13
69494,54,65,-11,11
69495,92,90,2,2
69496,61,55,6,6
69497,141,106,35,35
69498,78,68,10,10
69499,124,145,-21,21
69500,94,93,1,1
69501,66,74,-8,8
69502,156,166,-10,10
69503,80,95,-15,15
69504,84,101,-17,17
69505,161,151,10,10
69506,106,97,9,9
69507,98,103,-5,5
69508,108,92,16,16
69509,109,105,4,4
69510,85,78,7,7
69511,74,104,-30,30
69512,74,78,-4,4
69513,88,88,0,0
69514,128,131,-3,3
69515,93,91,2,2
69516,140,128,12,12
69517,109,100,9,9
69518,58,57,1,1
69519,73,69,4,4
69520,86,92,-6,6
69521,94,96,-2,2
69522,332,256,76,76
69523,112,111,1,1
69524,48,41,7,7
69525,73,78,-5,5
69526,116,113,3,3
69527,105,88,17,17
69528,65,65,0,0
69529,108,113,-5,5
69530,83,70,13,13
69531,81,88,-7,7
69532,155,157,-2,2
69533,110,105,5,5
69534,120,113,7,7
69535,92,88,4,4
69536,152,132,20,20
69537,131,142,-11,11
69538,48,62,-14,14
69539,68,80,-12,12
69540,74,80,-6,6
69541,86,97,-11,11
69542,148,137,11,11
69543,188,154,34,34
69544,79,86,-7,7
69545,125,112,13,13
69546,95,81,14,14
69547,63,64,-1,1
69548,78,76,2,2
69549,116,113,3,3
69550,83,82,1,1
69551,68,73,-5,5
69552,104,90,14,14
69553,107,102,5,5
69554,93,91,2,2
69555,115,117,-2,2
69556,105,121,-16,16
69557,76,101,-25,25
69558,129,102,27,27
69559,53,53,0,0
69560,78,74,4,4
69561,108,81,27,27
69562,39,33,6,6
69563,81,84,-3,3
69564,122,134,-12,12
69565,74,82,-8,8
69566,63,68,-5,5
69567,115,111,4,4
69568,119,130,-11,11
69569,130,128,2,2
69570,103,131,-28,28
69571,107,82,25,25
69572,69,83,-14,14
69573,130,126,4,4
69574,98,131,-33,33
69575,126,115,11,11
69576,119,110,9,9
69577,86,97,-11,11
69578,211,176,35,35
69579,82,80,2,2
69580,64,66,-2,2
69581,96,101,-5,5
69582,63,58,5,5
69583,102,107,-5,5
69584,119,119,0,0
69585,82,87,-5,5
69586,119,109,10,10
69587,64,74,-10,10
69588,48,50,-2,2
69589,140,138,2,2
69590,112,117,-5,5
69591,93,93,0,0
69592,88,93,-5,5
69593,93,90,3,3
69594,60,45,15,15
69595,66,76,-10,10
69596,48,59,-11,11
69597,101,90,11,11
69598,54,31,23,23
69599,99,87,12,12
69600,81,80,1,1
69601,155,151,4,4
69602,80,68,12,12
69603,69,79,-10,10
69604,65,68,-3,3
69605,81,85,-4,4
69606,100,117,-17,17
69607,89,99,-10,10
69608,86,88,-2,2
69609,107,115,-8,8
69610,61,63,-2,2
69611,59,72,-13,13
69612,51,55,-4,4
69613,147,156,-9,9
69614,127,125,2,2
69615,130,137,-7,7
69616,53,58,-5,5
69617,117,95,22,22
69618,132,121,11,11
69619,119,115,4,4
69620,107,96,11,11
69621,79,95,-16,16
69622,157,152,5,5
69623,125,117,8,8
69624,60,75,-15,15
69625,79,67,12,12
69626,80,95,-15,15
69627,151,137,14,14
69628,109,104,5,5
69629,64,46,18,18
69630,111,99,12,12
69631,44,68,-24,24
69632,95,85,10,10
69633,137,130,7,7
69634,121,108,13,13
69635,51,63,-12,12
69636,53,87,-34,34
69637,93,97,-4,4
69638,91,105,-14,14
69639,125,118,7,7
69640,59,85,-26,26
69641,63,69,-6,6
69642,111,106,5,5
69643,117,128,-11,11
69644,74,73,1,1
69645,117,118,-1,1
69646,65,69,-4,4
69647,100,102,-2,2
69648,227,195,32,32
69649,145,158,-13,13
69650,82,85,-3,3
69651,93,69,24,24
69652,120,117,3,3
69653,122,129,-7,7
69654,121,113,8,8
69655,106,98,8,8
69656,95,112,-17,17
69657,71,76,-5,5
69658,64,76,-12,12
69659,103,99,4,4
69660,66,91,-25,25
69661,60,60,0,0
69662,85,80,5,5
69663,110,108,2,2
69664,109,115,-6,6
69665,80,93,-13,13
69666,80,96,-16,16
69667,147,146,1,1
69668,107,125,-18,18
69669,61,59,2,2
69670,163,160,3,3
69671,60,67,-7,7
69672,85,87,-2,2
69673,152,168,-16,16
69674,90,98,-8,8
69675,81,84,-3,3
69676,76,84,-8,8
69677,95,106,-11,11
69678,70,57,13,13
69679,101,107,-6,6
69680,65,64,1,1
69681,78,86,-8,8
69682,94,100,-6,6
69683,69,64,5,5
69684,161,159,2,2
69685,97,101,-4,4
69686,66,70,-4,4
69687,171,159,12,12
69688,93,80,13,13
69689,98,90,8,8
69690,101,113,-12,12
69691,97,97,0,0
69692,74,83,-9,9
69693,88,83,5,5
69694,184,133,51,51
69695,74,88,-14,14
69696,65,76,-11,11
69697,193,183,10,10
69698,103,86,17,17
69699,57,61,-4,4
69700,113,131,-18,18
69701,145,163,-18,18
69702,60,56,4,4
69703,128,142,-14,14
69704,89,97,-8,8
69705,80,88,-8,8
69706,79,85,-6,6
69707,114,123,-9,9
69708,200,187,13,13
69709,133,135,-2,2
69710,114,121,-7,7
69711,125,117,8,8
69712,82,74,8,8
69713,90,83,7,7
69714,95,90,5,5
69715,140,127,13,13
69716,96,103,-7,7
69717,186,165,21,21
69718,89,112,-23,23
69719,57,52,5,5
69720,76,83,-7,7
69721,64,49,15,15
69722,138,130,8,8
69723,97,82,15,15
69724,95,108,-13,13
69725,157,158,-1,1
69726,76,61,15,15
69727,77,83,-6,6
69728,110,110,0,0
69729,191,181,10,10
69730,70,112,-42,42
69731,100,125,-25,25
69732,98,107,-9,9
69733,64,75,-11,11
69734,106,104,2,2
69735,95,99,-4,4
69736,70,106,-36,36
69737,132,120,12,12
69738,43,25,18,18
69739,177,125,52,52
69740,59,67,-8,8
69741,42,44,-2,2
69742,40,26,14,14
69743,82,52,30,30
69744,79,95,-16,16
69745,62,85,-23,23
69746,108,95,13,13
69747,103,101,2,2
69748,92,100,-8,8
69749,63,66,-3,3
69750,65,71,-6,6
69751,144,134,10,10
69752,92,89,3,3
69753,129,118,11,11
69754,137,143,-6,6
69755,122,138,-16,16
69756,48,64,-16,16
69757,85,80,5,5
69758,90,102,-12,12
69759,82,84,-2,2
69760,112,109,3,3
69761,85,90,-5,5
69762,91,80,11,11
69763,78,80,-2,2
69764,69,54,15,15
69765,121,107,14,14
69766,68,98,-30,30
69767,131,130,1,1
69768,89,104,-15,15
69769,93,86,7,7
69770,54,54,0,0
69771,136,112,24,24
69772,35,109,-74,74
69773,178,155,23,23
69774,105,96,9,9
69775,145,109,36,36
69776,75,86,-11,11
69777,117,112,5,5
69778,63,100,-37,37
69779,132,138,-6,6
69780,100,107,-7,7
69781,67,80,-13,13
69782,47,63,-16,16
69783,128,113,15,15
69784,119,121,-2,2
69785,119,127,-8,8
69786,93,71,22,22
69787,121,122,-1,1
69788,79,74,5,5
69789,166,152,14,14
69790,87,76,11,11
69791,85,93,-8,8
69792,80,113,-33,33
69793,68,77,-9,9
69794,131,136,-5,5
69795,124,122,2,2
69796,146,148,-2,2
69797,71,63,8,8
69798,89,96,-7,7
69799,60,63,-3,3
69800,64,68,-4,4
69801,63,86,-23,23
69802,61,65,-4,4
69803,119,96,23,23
69804,83,104,-21,21
69805,96,100,-4,4
69806,116,137,-21,21
69807,122,116,6,6
69808,102,82,20,20
69809,85,97,-12,12
69810,129,132,-3,3
69811,109,101,8,8
69812,41,38,3,3
69813,95,104,-9,9
69814,131,124,7,7
69815,98,91,7,7
69816,105,114,-9,9
69817,35,46,-11,11
69818,65,73,-8,8
69819,69,72,-3,3
69820,72,60,12,12
69821,101,106,-5,5
69822,86,90,-4,4
69823,103,103,0,0
69824,110,98,12,12
69825,77,103,-26,26
69826,98,119,-21,21
69827,107,111,-4,4
69828,72,81,-9,9
69829,109,115,-6,6
69830,68,55,13,13
69831,64,49,15,15
69832,158,137,21,21
69833,112,122,-10,10
69834,71,80,-9,9
69835,119,110,9,9
69836,63,72,-9,9
69837,66,78,-12,12
69838,90,89,1,1
69839,114,118,-4,4
69840,81,88,-7,7
69841,136,134,2,2
69842,92,98,-6,6
69843,46,83,-37,37
69844,48,49,-1,1
69845,99,97,2,2
69846,63,63,0,0
69847,113,110,3,3
69848,77,84,-7,7
69849,95,85,10,10
69850,95,106,-11,11
69851,92,99,-7,7
69852,77,76,1,1
69853,108,105,3,3
69854,80,75,5,5
69855,106,103,3,3
69856,193,174,19,19
69857,138,130,8,8
69858,146,135,11,11
69859,146,152,-6,6
69860,121,111,10,10
69861,134,134,0,0
69862,92,99,-7,7
69863,109,106,3,3
69864,94,104,-10,10
69865,96,104,-8,8
69866,105,114,-9,9
69867,124,124,0,0
69868,101,104,-3,3
69869,63,46,17,17
69870,91,91,0,0
69871,75,77,-2,2
69872,89,111,-22,22
69873,134,111,23,23
69874,130,115,15,15
69875,71,72,-1,1
69876,152,160,-8,8
69877,79,70,9,9
69878,82,79,3,3
69879,80,87,-7,7
69880,51,68,-17,17
69881,134,125,9,9
69882,120,109,11,11
69883,88,86,2,2
69884,66,72,-6,6
69885,40,54,-14,14
69886,81,66,15,15
69887,125,109,16,16
69888,57,44,13,13
69889,127,113,14,14
69890,70,62,8,8
69891,144,115,29,29
69892,100,119,-19,19
69893,190,166,24,24
69894,79,78,1,1
69895,95,97,-2,2
69896,86,77,9,9
69897,75,72,3,3
69898,108,108,0,0
69899,74,68,6,6
69900,110,135,-25,25
69901,121,117,4,4
69902,75,83,-8,8
69903,193,165,28,28
69904,102,107,-5,5
69905,83,95,-12,12
69906,161,157,4,4
69907,43,104,-61,61
69908,157,163,-6,6
69909,152,156,-4,4
69910,166,148,18,18
69911,61,57,4,4
69912,123,123,0,0
69913,77,67,10,10
69914,76,70,6,6
69915,103,119,-16,16
69916,73,66,7,7
69917,94,94,0,0
69918,71,77,-6,6
69919,69,110,-41,41
69920,46,39,7,7
69921,59,64,-5,5
69922,109,101,8,8
69923,166,164,2,2
69924,65,65,0,0
69925,97,88,9,9
69926,170,139,31,31
69927,76,70,6,6
69928,79,76,3,3
69929,84,93,-9,9
69930,36,31,5,5
69931,149,149,0,0
69932,61,56,5,5
69933,109,111,-2,2
69934,160,136,24,24
69935,96,89,7,7
69936,139,139,0,0
69937,59,73,-14,14
69938,52,62,-10,10
69939,148,119,29,29
69940,90,69,21,21
69941,68,63,5,5
69942,60,70,-10,10
69943,110,107,3,3
69944,80,91,-11,11
69945,37,32,5,5
69946,75,87,-12,12
69947,62,66,-4,4
69948,66,71,-5,5
69949,99,116,-17,17
69950,105,115,-10,10
69951,165,153,12,12
69952,164,161,3,3
69953,93,79,14,14
69954,58,62,-4,4
69955,93,94,-1,1
69956,37,40,-3,3
69957,68,82,-14,14
69958,122,125,-3,3
69959,36,20,16,16
69960,109,115,-6,6
69961,111,86,25,25
69962,39,40,-1,1
69963,139,137,2,2
69964,109,117,-8,8
69965,169,170,-1,1
69966,138,133,5,5
69967,104,130,-26,26
69968,170,167,3,3
69969,66,84,-18,18
69970,154,153,1,1
69971,46,42,4,4
69972,136,135,1,1
69973,81,73,8,8
69974,390,251,139,139
69975,88,89,-1,1
69976,66,95,-29,29
69977,69,69,0,0
69978,48,62,-14,14
69979,136,123,13,13
69980,85,85,0,0
69981,73,74,-1,1
69982,128,111,17,17
69983,90,99,-9,9
69984,105,105,0,0
69985,127,128,-1,1
69986,102,110,-8,8
69987,111,118,-7,7
69988,110,94,16,16
69989,92,83,9,9
69990,66,104,-38,38
69991,103,96,7,7
69992,111,114,-3,3
69993,120,132,-12,12
69994,96,99,-3,3
69995,141,133,8,8
69996,89,98,-9,9
69997,66,64,2,2
69998,95,98,-3,3
69999,83,92,-9,9
70000,62,60,2,2
70001,136,145,-9,9
70002,99,107,-8,8
70003,78,66,12,12
70004,79,85,-6,6
70005,86,74,12,12
70006,70,68,2,2
70007,128,136,-8,8
70008,100,113,-13,13
70009,116,116,0,0
70010,165,166,-1,1
70011,125,105,20,20
70012,63,40,23,23
70013,93,105,-12,12
70014,135,127,8,8
70015,61,72,-11,11
70016,55,64,-9,9
70017,95,90,5,5
70018,98,108,-10,10
70019,54,47,7,7
70020,85,93,-8,8
70021,96,80,16,16
70022,132,115,17,17
70023,81,79,2,2
70024,57,46,11,11
70025,71,62,9,9
70026,92,93,-1,1
70027,99,84,15,15
70028,87,84,3,3
70029,116,108,8,8
70030,46,57,-11,11
70031,29,5,24,24
70032,163,152,11,11
70033,110,102,8,8
70034,68,71,-3,3
70035,62,69,-7,7
70036,60,66,-6,6
70037,91,90,1,1
70038,35,22,13,13
70039,61,78,-17,17
70040,101,87,14,14
70041,135,128,7,7
70042,169,161,8,8
70043,122,119,3,3
70044,182,182,0,0
70045,86,95,-9,9
70046,121,104,17,17
70047,65,69,-4,4
70048,84,15,69,69
70049,98,94,4,4
70050,61,67,-6,6
70051,71,74,-3,3
70052,54,62,-8,8
70053,130,115,15,15
70054,47,41,6,6
70055,78,62,16,16
70056,83,72,11,11
70057,119,114,5,5
70058,86,81,5,5
70059,92,103,-11,11
70060,76,97,-21,21
70061,80,92,-12,12
70062,103,110,-7,7
70063,113,114,-1,1
70064,79,90,-11,11
70065,68,73,-5,5
70066,115,118,-3,3
70067,62,59,3,3
70068,107,117,-10,10
70069,115,103,12,12
70070,138,140,-2,2
70071,115,106,9,9
70072,117,103,14,14
70073,92,139,-47,47
70074,122,117,5,5
70075,54,44,10,10
70076,76,73,3,3
70077,96,95,1,1
70078,57,69,-12,12
70079,108,103,5,5
70080,104,126,-22,22
70081,107,94,13,13
70082,66,81,-15,15
70083,57,68,-11,11
70084,72,67,5,5
70085,63,110,-47,47
70086,119,111,8,8
70087,123,113,10,10
70088,86,92,-6,6
70089,121,105,16,16
70090,72,69,3,3
70091,70,77,-7,7
70092,84,61,23,23
70093,72,88,-16,16
70094,61,62,-1,1
70095,128,114,14,14
70096,90,99,-9,9
70097,138,159,-21,21
70098,80,90,-10,10
70099,134,113,21,21
70100,135,148,-13,13
70101,108,104,4,4
70102,114,109,5,5
70103,87,105,-18,18
70104,29,45,-16,16
70105,84,83,1,1
70106,139,151,-12,12
70107,126,120,6,6
70108,61,56,5,5
70109,22,15,7,7
70110,61,78,-17,17
70111,74,90,-16,16
70112,120,115,5,5
70113,69,70,-1,1
70114,61,75,-14,14
70115,88,85,3,3
70116,102,101,1,1
70117,107,126,-19,19
70118,103,99,4,4
70119,89,95,-6,6
70120,134,139,-5,5
70121,52,80,-28,28
70122,63,99,-36,36
70123,116,102,14,14
70124,123,148,-25,25
70125,101,93,8,8
70126,58,71,-13,13
70127,95,98,-3,3
70128,66,62,4,4
70129,69,78,-9,9
70130,107,100,7,7
70131,118,127,-9,9
70132,155,144,11,11
70133,75,83,-8,8
70134,103,94,9,9
70135,81,80,1,1
70136,94,102,-8,8
70137,64,74,-10,10
70138,135,139,-4,4
70139,116,147,-31,31
70140,213,169,44,44
70141,87,102,-15,15
70142,109,128,-19,19
70143,149,137,12,12
70144,81,112,-31,31
70145,78,88,-10,10
70146,62,63,-1,1
70147,73,80,-7,7
70148,68,72,-4,4
70149,103,38,65,65
70150,121,116,5,5
70151,165,150,15,15
70152,105,101,4,4
70153,71,72,-1,1
70154,139,142,-3,3
70155,75,73,2,2
70156,146,137,9,9
70157,88,83,5,5
70158,184,166,18,18
70159,122,116,6,6
70160,50,18,32,32
70161,98,103,-5,5
70162,28,80,-52,52
70163,68,67,1,1
70164,34,35,-1,1
70165,88,76,12,12
70166,87,95,-8,8
70167,91,91,0,0
70168,97,94,3,3
70169,93,104,-11,11
70170,46,64,-18,18
70171,63,68,-5,5
70172,54,56,-2,2
70173,68,76,-8,8
70174,100,113,-13,13
70175,51,55,-4,4
70176,92,93,-1,1
70177,111,122,-11,11
70178,66,70,-4,4
70179,60,44,16,16
70180,66,79,-13,13
70181,130,109,21,21
70182,125,101,24,24
70183,134,139,-5,5
70184,139,142,-3,3
70185,105,105,0,0
70186,70,75,-5,5
70187,106,89,17,17
70188,146,133,13,13
70189,144,135,9,9
70190,108,130,-22,22
70191,77,78,-1,1
70192,99,108,-9,9
70193,79,76,3,3
70194,65,61,4,4
70195,65,82,-17,17
70196,89,96,-7,7
70197,128,116,12,12
70198,95,124,-29,29
70199,131,140,-9,9
70200,48,41,7,7
70201,127,126,1,1
70202,102,111,-9,9
70203,127,123,4,4
70204,53,58,-5,5
70205,148,134,14,14
70206,173,147,26,26
70207,110,96,14,14
70208,61,56,5,5
70209,65,56,9,9
70210,83,89,-6,6
70211,125,128,-3,3
70212,94,95,-1,1
70213,82,82,0,0
70214,95,65,30,30
70215,48,50,-2,2
70216,112,116,-4,4
70217,74,99,-25,25
70218,114,117,-3,3
70219,64,69,-5,5
70220,109,117,-8,8
70221,163,160,3,3
70222,136,141,-5,5
70223,218,166,52,52
70224,114,109,5,5
70225,152,149,3,3
70226,115,123,-8,8
70227,70,73,-3,3
70228,76,85,-9,9
70229,101,105,-4,4
70230,122,111,11,11
70231,95,90,5,5
70232,112,148,-36,36
70233,114,113,1,1
70234,93,75,18,18
70235,56,88,-32,32
70236,110,100,10,10
70237,97,97,0,0
70238,86,102,-16,16
70239,87,98,-11,11
70240,55,76,-21,21
70241,183,195,-12,12
70242,99,94,5,5
70243,102,107,-5,5
70244,113,104,9,9
70245,95,87,8,8
70246,191,148,43,43
70247,82,84,-2,2
70248,55,46,9,9
70249,60,81,-21,21
70250,81,89,-8,8
70251,87,85,2,2
70252,142,135,7,7
70253,97,79,18,18
70254,116,95,21,21
70255,73,79,-6,6
70256,87,87,0,0
70257,102,91,11,11
70258,57,45,12,12
70259,56,64,-8,8
70260,193,162,31,31
70261,99,98,1,1
70262,61,55,6,6
70263,90,89,1,1
70264,129,118,11,11
70265,86,84,2,2
70266,68,80,-12,12
70267,106,106,0,0
70268,101,83,18,18
70269,139,127,12,12
70270,97,110,-13,13
70271,79,85,-6,6
70272,54,82,-28,28
70273,47,38,9,9
70274,119,113,6,6
70275,93,72,21,21
70276,70,77,-7,7
70277,109,115,-6,6
70278,55,67,-12,12
70279,127,146,-19,19
70280,76,80,-4,4
70281,35,36,-1,1
70282,66,67,-1,1
70283,72,80,-8,8
70284,91,107,-16,16
70285,128,120,8,8
70286,123,143,-20,20
70287,129,130,-1,1
70288,106,103,3,3
70289,84,86,-2,2
70290,99,116,-17,17
70291,59,53,6,6
70292,54,60,-6,6
70293,120,120,0,0
70294,188,170,18,18
70295,83,74,9,9
70296,146,128,18,18
70297,69,74,-5,5
70298,58,62,-4,4
70299,173,146,27,27
70300,131,120,11,11
70301,150,145,5,5
70302,115,115,0,0
70303,107,90,17,17
70304,131,115,16,16
70305,101,102,-1,1
70306,105,91,14,14
70307,104,97,7,7
70308,138,134,4,4
70309,62,73,-11,11
70310,88,88,0,0
70311,44,37,7,7
70312,116,115,1,1
70313,84,89,-5,5
70314,80,113,-33,33
70315,112,102,10,10
70316,85,65,20,20
70317,82,80,2,2
70318,101,109,-8,8
70319,123,140,-17,17
70320,137,128,9,9
70321,112,96,16,16
70322,72,74,-2,2
70323,100,92,8,8
70324,106,104,2,2
70325,64,47,17,17
70326,115,107,8,8
70327,44,58,-14,14
70328,112,111,1,1
70329,113,97,16,16
70330,203,178,25,25
70331,113,87,26,26
70332,154,160,-6,6
70333,88,96,-8,8
70334,88,104,-16,16
70335,56,63,-7,7
70336,116,107,9,9
70337,104,103,1,1
70338,96,96,0,0
70339,99,95,4,4
70340,98,103,-5,5
70341,128,136,-8,8
70342,79,80,-1,1
70343,97,112,-15,15
70344,68,87,-19,19
70345,93,97,-4,4
70346,99,96,3,3
70347,68,86,-18,18
70348,83,75,8,8
70349,85,80,5,5
70350,89,106,-17,17
70351,95,90,5,5
70352,133,103,30,30
70353,86,99,-13,13
70354,94,102,-8,8
70355,63,58,5,5
70356,134,127,7,7
70357,79,89,-10,10
70358,55,50,5,5
70359,82,98,-16,16
70360,60,60,0,0
70361,63,80,-17,17
70362,179,168,11,11
70363,127,124,3,3
70364,65,63,2,2
70365,101,109,-8,8
70366,112,112,0,0
70367,66,66,0,0
70368,104,96,8,8
70369,80,94,-14,14
70370,84,100,-16,16
70371,57,42,15,15
70372,55,53,2,2
70373,134,113,21,21
70374,125,117,8,8
70375,83,85,-2,2
70376,66,75,-9,9
70377,59,99,-40,40
70378,117,98,19,19
70379,103,122,-19,19
70380,101,88,13,13
70381,128,135,-7,7
70382,92,119,-27,27
70383,167,160,7,7
70384,79,92,-13,13
70385,121,119,2,2
70386,85,68,17,17
70387,80,82,-2,2
70388,26,31,-5,5
70389,52,64,-12,12
70390,58,65,-7,7
70391,137,137,0,0
70392,48,50,-2,2
70393,138,132,6,6
70394,81,60,21,21
70395,132,137,-5,5
70396,111,107,4,4
70397,115,122,-7,7
70398,129,128,1,1
70399,125,133,-8,8
70400,138,167,-29,29
70401,51,55,-4,4
70402,131,142,-11,11
70403,164,172,-8,8
70404,107,92,15,15
70405,102,97,5,5
70406,66,75,-9,9
70407,59,54,5,5
70408,60,71,-11,11
70409,145,146,-1,1
70410,143,147,-4,4
70411,121,128,-7,7
70412,98,107,-9,9
70413,107,106,1,1
70414,69,67,2,2
70415,154,164,-10,10
70416,93,111,-18,18
70417,93,84,9,9
70418,41,19,22,22
70419,103,104,-1,1
70420,81,75,6,6
70421,105,95,10,10
70422,60,61,-1,1
70423,90,92,-2,2
70424,76,90,-14,14
70425,98,103,-5,5
70426,70,74,-4,4
70427,49,59,-10,10
70428,113,106,7,7
70429,45,60,-15,15
70430,109,104,5,5
70431,53,56,-3,3
70432,98,80,18,18
70433,70,69,1,1
70434,91,95,-4,4
70435,126,127,-1,1
70436,68,77,-9,9
70437,54,68,-14,14
70438,99,101,-2,2
70439,85,89,-4,4
70440,85,76,9,9
70441,93,93,0,0
70442,69,67,2,2
70443,59,51,8,8
70444,47,69,-22,22
70445,83,78,5,5
70446,103,117,-14,14
70447,93,87,6,6
70448,125,135,-10,10
70449,97,91,6,6
70450,103,109,-6,6
70451,79,83,-4,4
70452,103,118,-15,15
70453,132,127,5,5
70454,165,165,0,0
70455,132,121,11,11
70456,88,83,5,5
70457,92,73,19,19
70458,75,76,-1,1
70459,108,103,5,5
70460,98,79,19,19
70461,133,120,13,13
70462,75,61,14,14
70463,187,189,-2,2
70464,123,107,16,16
70465,63,97,-34,34
70466,92,112,-20,20
70467,117,118,-1,1
70468,98,97,1,1
70469,247,197,50,50
70470,98,102,-4,4
70471,102,101,1,1
70472,66,90,-24,24
70473,62,57,5,5
70474,84,90,-6,6
70475,52,51,1,1
70476,107,100,7,7
70477,155,148,7,7
70478,118,121,-3,3
70479,150,149,1,1
70480,112,80,32,32
70481,106,123,-17,17
70482,61,71,-10,10
70483,101,109,-8,8
70484,80,69,11,11
70485,65,77,-12,12
70486,86,86,0,0
70487,74,57,17,17
70488,163,141,22,22
70489,100,110,-10,10
70490,44,33,11,11
70491,86,59,27,27
70492,119,122,-3,3
70493,80,77,3,3
70494,57,74,-17,17
70495,136,87,49,49
70496,113,116,-3,3
70497,75,77,-2,2
70498,41,107,-66,66
70499,125,134,-9,9
70500,77,94,-17,17
70501,97,94,3,3
70502,159,174,-15,15
70503,43,30,13,13
70504,47,43,4,4
70505,53,63,-10,10
70506,141,132,9,9
70507,79,76,3,3
70508,74,85,-11,11
70509,117,123,-6,6
70510,39,39,0,0
70511,74,77,-3,3
70512,131,147,-16,16
70513,95,98,-3,3
70514,152,135,17,17
70515,80,91,-11,11
70516,125,115,10,10
70517,114,103,11,11
70518,113,109,4,4
70519,58,67,-9,9
70520,98,84,14,14
70521,135,129,6,6
70522,88,103,-15,15
70523,147,146,1,1
70524,83,98,-15,15
70525,145,137,8,8
70526,144,143,1,1
70527,142,137,5,5
70528,65,55,10,10
70529,59,52,7,7
70530,116,120,-4,4
70531,51,64,-13,13
70532,48,52,-4,4
70533,113,117,-4,4
70534,87,74,13,13
70535,72,83,-11,11
70536,100,96,4,4
70537,66,85,-19,19
70538,106,126,-20,20
70539,128,127,1,1
70540,71,70,1,1
70541,69,77,-8,8
70542,117,133,-16,16
70543,125,122,3,3
70544,105,92,13,13
70545,43,78,-35,35
70546,154,169,-15,15
70547,77,97,-20,20
70548,104,108,-4,4
70549,112,110,2,2
70550,84,103,-19,19
70551,69,76,-7,7
70552,135,128,7,7
70553,130,100,30,30
70554,117,131,-14,14
70555,47,52,-5,5
70556,114,119,-5,5
70557,100,95,5,5
70558,129,146,-17,17
70559,59,61,-2,2
70560,159,150,9,9
70561,61,48,13,13
70562,51,78,-27,27
70563,92,84,8,8
70564,73,77,-4,4
70565,98,87,11,11
70566,117,118,-1,1
70567,100,109,-9,9
70568,54,75,-21,21
70569,76,65,11,11
70570,132,133,-1,1
70571,178,100,78,78
70572,91,98,-7,7
70573,127,115,12,12
70574,75,67,8,8
70575,70,68,2,2
70576,124,115,9,9
70577,125,132,-7,7
70578,80,87,-7,7
70579,59,70,-11,11
70580,82,89,-7,7
70581,130,126,4,4
70582,82,89,-7,7
70583,93,81,12,12
70584,82,96,-14,14
70585,160,129,31,31
70586,83,90,-7,7
70587,128,115,13,13
70588,123,111,12,12
70589,98,89,9,9
70590,104,80,24,24
70591,109,104,5,5
70592,48,39,9,9
70593,62,70,-8,8
70594,63,72,-9,9
70595,63,53,10,10
70596,115,107,8,8
70597,94,91,3,3
70598,94,96,-2,2
70599,91,93,-2,2
70600,141,117,24,24
70601,162,117,45,45
70602,91,93,-2,2
70603,88,110,-22,22
70604,117,129,-12,12
70605,52,54,-2,2
70606,57,56,1,1
70607,106,95,11,11
70608,77,91,-14,14
70609,58,67,-9,9
70610,85,81,4,4
70611,110,102,8,8
70612,74,81,-7,7
70613,97,91,6,6
70614,58,56,2,2
70615,92,101,-9,9
70616,97,99,-2,2
70617,73,66,7,7
70618,89,92,-3,3
70619,108,105,3,3
70620,129,118,11,11
70621,83,100,-17,17
70622,97,101,-4,4
70623,88,92,-4,4
70624,88,90,-2,2
70625,74,96,-22,22
70626,103,114,-11,11
70627,93,85,8,8
70628,39,28,11,11
70629,168,144,24,24
70630,102,92,10,10
70631,77,87,-10,10
70632,209,178,31,31
70633,88,90,-2,2
70634,88,95,-7,7
70635,95,107,-12,12
70636,113,103,10,10
70637,109,111,-2,2
70638,93,98,-5,5
70639,167,161,6,6
70640,55,73,-18,18
70641,115,115,0,0
70642,101,108,-7,7
70643,52,64,-12,12
70644,155,155,0,0
70645,47,58,-11,11
70646,123,136,-13,13
70647,71,74,-3,3
70648,109,123,-14,14
70649,63,56,7,7
70650,132,142,-10,10
70651,74,80,-6,6
70652,89,102,-13,13
70653,131,134,-3,3
70654,71,62,9,9
70655,100,88,12,12
70656,76,88,-12,12
70657,67,57,10,10
70658,121,69,52,52
70659,45,59,-14,14
70660,79,73,6,6
70661,145,140,5,5
70662,242,163,79,79
70663,64,117,-53,53
70664,146,123,23,23
70665,80,88,-8,8
70666,135,151,-16,16
70667,94,68,26,26
70668,88,70,18,18
70669,119,111,8,8
70670,129,120,9,9
70671,86,97,-11,11
70672,60,46,14,14
70673,148,152,-4,4
70674,43,52,-9,9
70675,41,72,-31,31
70676,272,204,68,68
70677,116,83,33,33
70678,86,75,11,11
70679,69,78,-9,9
70680,51,46,5,5
70681,80,84,-4,4
70682,83,82,1,1
70683,108,112,-4,4
70684,66,80,-14,14
70685,178,154,24,24
70686,138,135,3,3
70687,124,105,19,19
70688,58,34,24,24
70689,93,105,-12,12
70690,135,124,11,11
70691,98,79,19,19
70692,91,80,11,11
70693,83,79,4,4
70694,192,176,16,16
70695,119,112,7,7
70696,44,48,-4,4
70697,83,87,-4,4
70698,75,85,-10,10
70699,216,165,51,51
70700,178,174,4,4
70701,81,81,0,0
70702,56,74,-18,18
70703,85,89,-4,4
70704,87,85,2,2
70705,77,76,1,1
70706,73,76,-3,3
70707,122,123,-1,1
70708,169,135,34,34
70709,155,140,15,15
70710,111,110,1,1
70711,37,44,-7,7
70712,116,132,-16,16
70713,107,98,9,9
70714,63,76,-13,13
70715,97,93,4,4
70716,108,97,11,11
70717,94,101,-7,7
70718,56,43,13,13
70719,49,39,10,10
70720,87,118,-31,31
70721,110,109,1,1
70722,89,116,-27,27
70723,87,88,-1,1
70724,127,128,-1,1
70725,82,80,2,2
70726,58,50,8,8
70727,69,60,9,9
70728,66,63,3,3
70729,62,82,-20,20
70730,80,80,0,0
70731,62,60,2,2
70732,46,46,0,0
70733,48,66,-18,18
70734,77,77,0,0
70735,99,109,-10,10
70736,98,106,-8,8
70737,87,89,-2,2
70738,63,78,-15,15
70739,114,120,-6,6
70740,121,126,-5,5
70741,70,76,-6,6
70742,118,116,2,2
70743,116,121,-5,5
70744,89,95,-6,6
70745,100,94,6,6
70746,249,247,2,2
70747,202,165,37,37
70748,152,137,15,15
70749,140,127,13,13
70750,162,145,17,17
70751,90,88,2,2
70752,132,111,21,21
70753,79,76,3,3
70754,73,63,10,10
70755,115,107,8,8
70756,188,178,10,10
70757,72,60,12,12
70758,112,109,3,3
70759,131,124,7,7
70760,128,127,1,1
70761,125,117,8,8
70762,133,131,2,2
70763,159,147,12,12
70764,96,95,1,1
70765,85,89,-4,4
70766,103,116,-13,13
70767,74,78,-4,4
70768,139,135,4,4
70769,114,114,0,0
70770,35,34,1,1
70771,56,62,-6,6
70772,85,90,-5,5
70773,111,100,11,11
70774,107,120,-13,13
70775,138,132,6,6
70776,79,78,1,1
70777,89,96,-7,7
70778,97,95,2,2
70779,88,86,2,2
70780,77,79,-2,2
70781,83,72,11,11
70782,138,137,1,1
70783,109,102,7,7
70784,58,43,15,15
70785,65,81,-16,16
70786,97,88,9,9
70787,95,97,-2,2
70788,93,83,10,10
70789,80,97,-17,17
70790,88,88,0,0
70791,104,110,-6,6
70792,72,70,2,2
70793,75,80,-5,5
70794,88,100,-12,12
70795,104,118,-14,14
70796,70,86,-16,16
70797,83,95,-12,12
70798,108,101,7,7
70799,84,41,43,43
70800,91,100,-9,9
70801,115,115,0,0
70802,80,97,-17,17
70803,122,121,1,1
70804,116,100,16,16
70805,119,110,9,9
70806,105,70,35,35
70807,80,91,-11,11
70808,63,83,-20,20
70809,108,118,-10,10
70810,73,84,-11,11
70811,116,123,-7,7
70812,101,95,6,6
70813,78,56,22,22
70814,137,121,16,16
70815,94,95,-1,1
70816,63,66,-3,3
70817,122,118,4,4
70818,145,146,-1,1
70819,110,108,2,2
70820,86,85,1,1
70821,160,148,12,12
70822,149,145,4,4
70823,93,90,3,3
70824,77,73,4,4
70825,43,49,-6,6
70826,85,87,-2,2
70827,85,79,6,6
70828,71,63,8,8
70829,68,79,-11,11
70830,85,91,-6,6
70831,74,84,-10,10
70832,152,167,-15,15
70833,161,145,16,16
70834,130,137,-7,7
70835,83,72,11,11
70836,102,108,-6,6
70837,96,109,-13,13
70838,111,107,4,4
70839,41,45,-4,4
70840,54,64,-10,10
70841,119,121,-2,2
70842,89,78,11,11
70843,105,97,8,8
70844,163,154,9,9
70845,102,99,3,3
70846,90,88,2,2
70847,52,41,11,11
70848,61,61,0,0
70849,84,95,-11,11
70850,87,96,-9,9
70851,56,75,-19,19
70852,86,101,-15,15
70853,153,135,18,18
70854,130,99,31,31
70855,171,165,6,6
70856,81,55,26,26
70857,76,86,-10,10
70858,82,87,-5,5
70859,114,137,-23,23
70860,103,109,-6,6
70861,98,95,3,3
70862,130,127,3,3
70863,145,136,9,9
70864,66,75,-9,9
70865,136,117,19,19
70866,96,114,-18,18
70867,35,40,-5,5
70868,77,70,7,7
70869,108,106,2,2
70870,91,119,-28,28
70871,68,77,-9,9
70872,114,121,-7,7
70873,38,34,4,4
70874,123,96,27,27
70875,81,84,-3,3
70876,96,87,9,9
70877,89,96,-7,7
70878,129,157,-28,28
70879,93,97,-4,4
70880,57,69,-12,12
70881,81,84,-3,3
70882,137,132,5,5
70883,83,80,3,3
70884,97,93,4,4
70885,100,111,-11,11
70886,83,95,-12,12
70887,94,80,14,14
70888,87,100,-13,13
70889,154,151,3,3
70890,126,123,3,3
70891,74,85,-11,11
70892,87,95,-8,8
70893,62,70,-8,8
70894,61,46,15,15
70895,94,86,8,8
70896,91,94,-3,3
70897,67,74,-7,7
70898,87,80,7,7
70899,58,79,-21,21
70900,126,119,7,7
70901,102,113,-11,11
70902,97,106,-9,9
70903,60,50,10,10
70904,84,95,-11,11
70905,168,112,56,56
70906,89,97,-8,8
70907,60,61,-1,1
70908,99,91,8,8
70909,119,131,-12,12
70910,90,93,-3,3
70911,150,154,-4,4
70912,95,92,3,3
70913,79,80,-1,1
70914,45,58,-13,13
70915,101,100,1,1
70916,123,122,1,1
70917,145,147,-2,2
70918,56,64,-8,8
70919,83,96,-13,13
70920,48,66,-18,18
70921,65,64,1,1
70922,102,109,-7,7
70923,75,78,-3,3
70924,194,167,27,27
70925,55,56,-1,1
70926,61,48,13,13
70927,97,90,7,7
70928,123,132,-9,9
70929,47,47,0,0
70930,99,96,3,3
70931,88,85,3,3
70932,65,49,16,16
70933,71,78,-7,7
70934,140,145,-5,5
70935,113,104,9,9
70936,70,90,-20,20
70937,123,122,1,1
70938,113,103,10,10
70939,170,153,17,17
70940,101,96,5,5
70941,113,105,8,8
70942,102,103,-1,1
70943,74,97,-23,23
70944,73,102,-29,29
70945,90,102,-12,12
70946,62,53,9,9
70947,104,121,-17,17
70948,119,140,-21,21
70949,71,64,7,7
70950,129,141,-12,12
70951,48,44,4,4
70952,149,164,-15,15
70953,63,57,6,6
70954,115,130,-15,15
70955,110,123,-13,13
70956,93,123,-30,30
70957,100,99,1,1
70958,90,89,1,1
70959,46,70,-24,24
70960,126,97,29,29
70961,99,110,-11,11
70962,65,70,-5,5
70963,77,67,10,10
70964,70,70,0,0
70965,82,96,-14,14
70966,91,108,-17,17
70967,142,134,8,8
70968,73,64,9,9
70969,146,152,-6,6
70970,106,115,-9,9
70971,185,175,10,10
70972,72,84,-12,12
70973,119,99,20,20
70974,56,64,-8,8
70975,110,105,5,5
70976,94,89,5,5
70977,79,87,-8,8
70978,50,42,8,8
70979,86,91,-5,5
70980,73,88,-15,15
70981,81,86,-5,5
70982,68,72,-4,4
70983,69,66,3,3
70984,135,122,13,13
70985,162,74,88,88
70986,107,107,0,0
70987,74,69,5,5
70988,61,65,-4,4
70989,101,98,3,3
70990,70,72,-2,2
70991,101,124,-23,23
70992,61,67,-6,6
70993,103,107,-4,4
70994,47,115,-68,68
70995,87,90,-3,3
70996,73,84,-11,11
70997,100,96,4,4
70998,97,91,6,6
70999,75,88,-13,13
71000,77,77,0,0
71001,59,68,-9,9
71002,136,144,-8,8
71003,44,44,0,0
71004,149,161,-12,12
71005,85,98,-13,13
71006,132,140,-8,8
71007,54,50,4,4
71008,98,84,14,14
71009,102,110,-8,8
71010,122,118,4,4
71011,70,89,-19,19
71012,121,58,63,63
71013,86,90,-4,4
71014,99,99,0,0
71015,71,54,17,17
71016,113,114,-1,1
71017,100,107,-7,7
71018,61,76,-15,15
71019,69,52,17,17
71020,103,112,-9,9
71021,122,134,-12,12
71022,90,90,0,0
71023,113,109,4,4
71024,99,109,-10,10
71025,100,108,-8,8
71026,77,83,-6,6
71027,84,91,-7,7
71028,101,96,5,5
71029,86,84,2,2
71030,43,48,-5,5
71031,73,65,8,8
71032,128,126,2,2
71033,81,65,16,16
71034,67,59,8,8
71035,137,119,18,18
71036,77,82,-5,5
71037,52,68,-16,16
71038,103,112,-9,9
71039,107,82,25,25
71040,101,99,2,2
71041,80,81,-1,1
71042,114,115,-1,1
71043,112,99,13,13
71044,118,114,4,4
71045,110,111,-1,1
71046,88,84,4,4
71047,63,81,-18,18
71048,125,116,9,9
71049,126,121,5,5
71050,68,84,-16,16
71051,59,73,-14,14
71052,69,78,-9,9
71053,90,79,11,11
71054,108,110,-2,2
71055,80,73,7,7
71056,63,75,-12,12
71057,52,38,14,14
71058,72,75,-3,3
71059,76,76,0,0
71060,92,104,-12,12
71061,133,160,-27,27
71062,65,75,-10,10
71063,69,72,-3,3
71064,121,119,2,2
71065,92,91,1,1
71066,67,84,-17,17
71067,134,127,7,7
71068,81,71,10,10
71069,68,83,-15,15
71070,67,72,-5,5
71071,52,61,-9,9
71072,107,102,5,5
71073,120,119,1,1
71074,133,125,8,8
71075,150,141,9,9
71076,124,145,-21,21
71077,86,85,1,1
71078,29,12,17,17
71079,170,155,15,15
71080,88,103,-15,15
71081,158,139,19,19
71082,58,78,-20,20
71083,129,128,1,1
71084,94,106,-12,12
71085,116,123,-7,7
71086,159,140,19,19
71087,86,72,14,14
71088,174,187,-13,13
71089,104,96,8,8
71090,90,74,16,16
71091,101,104,-3,3
71092,107,114,-7,7
71093,133,116,17,17
71094,70,69,1,1
71095,100,91,9,9
71096,174,152,22,22
71097,41,38,3,3
71098,85,85,0,0
71099,76,101,-25,25
71100,73,74,-1,1
71101,131,130,1,1
71102,83,80,3,3
71103,88,90,-2,2
71104,128,135,-7,7
71105,86,92,-6,6
71106,163,153,10,10
71107,104,105,-1,1
71108,50,35,15,15
71109,114,105,9,9
71110,108,115,-7,7
71111,72,69,3,3
71112,63,89,-26,26
71113,51,57,-6,6
71114,94,91,3,3
71115,76,78,-2,2
71116,39,39,0,0
71117,100,123,-23,23
71118,64,65,-1,1
71119,87,95,-8,8
71120,112,115,-3,3
71121,105,110,-5,5
71122,84,92,-8,8
71123,135,127,8,8
71124,66,63,3,3
71125,164,145,19,19
71126,53,40,13,13
71127,131,122,9,9
71128,97,95,2,2
71129,44,58,-14,14
71130,85,89,-4,4
71131,58,57,1,1
71132,105,111,-6,6
71133,51,41,10,10
71134,67,72,-5,5
71135,82,67,15,15
71136,100,93,7,7
71137,154,144,10,10
71138,89,76,13,13
71139,88,86,2,2
71140,104,97,7,7
71141,82,70,12,12
71142,97,92,5,5
71143,87,67,20,20
71144,71,67,4,4
71145,87,95,-8,8
71146,71,67,4,4
71147,168,161,7,7
71148,124,119,5,5
71149,75,51,24,24
71150,137,107,30,30
71151,131,123,8,8
71152,161,160,1,1
71153,80,90,-10,10
71154,109,113,-4,4
71155,65,49,16,16
71156,152,131,21,21
71157,120,119,1,1
71158,116,118,-2,2
71159,82,106,-24,24
71160,214,204,10,10
71161,75,74,1,1
71162,95,54,41,41
71163,120,102,18,18
71164,126,129,-3,3
71165,112,106,6,6
71166,115,134,-19,19
71167,94,96,-2,2
71168,84,87,-3,3
71169,99,104,-5,5
71170,69,73,-4,4
71171,62,61,1,1
71172,106,113,-7,7
71173,110,107,3,3
71174,78,74,4,4
71175,161,193,-32,32
71176,140,90,50,50
71177,83,94,-11,11
71178,110,115,-5,5
71179,50,55,-5,5
71180,160,144,16,16
71181,93,79,14,14
71182,161,151,10,10
71183,37,32,5,5
71184,58,52,6,6
71185,109,125,-16,16
71186,99,107,-8,8
71187,124,150,-26,26
71188,65,52,13,13
71189,113,114,-1,1
71190,114,128,-14,14
71191,127,100,27,27
71192,99,106,-7,7
71193,83,89,-6,6
71194,74,76,-2,2
71195,112,130,-18,18
71196,76,85,-9,9
71197,86,85,1,1
71198,59,70,-11,11
71199,185,158,27,27
71200,113,97,16,16
71201,90,90,0,0
71202,60,64,-4,4
71203,136,123,13,13
71204,94,115,-21,21
71205,100,103,-3,3
71206,93,88,5,5
71207,80,88,-8,8
71208,138,107,31,31
71209,123,119,4,4
71210,84,100,-16,16
71211,96,97,-1,1
71212,123,123,0,0
71213,46,98,-52,52
71214,54,75,-21,21
71215,135,137,-2,2
71216,135,81,54,54
71217,79,81,-2,2
71218,127,118,9,9
71219,75,87,-12,12
71220,43,86,-43,43
71221,107,91,16,16
71222,86,87,-1,1
71223,114,90,24,24
71224,56,61,-5,5
71225,80,82,-2,2
71226,86,86,0,0
71227,62,69,-7,7
71228,78,70,8,8
71229,158,151,7,7
71230,96,115,-19,19
71231,88,88,0,0
71232,62,61,1,1
71233,116,111,5,5
71234,103,102,1,1
71235,108,119,-11,11
71236,96,92,4,4
71237,65,66,-1,1
71238,64,70,-6,6
71239,136,125,11,11
71240,92,97,-5,5
71241,66,33,33,33
71242,106,107,-1,1
71243,168,151,17,17
71244,91,98,-7,7
71245,90,108,-18,18
71246,83,71,12,12
71247,198,158,40,40
71248,98,103,-5,5
71249,116,101,15,15
71250,77,89,-12,12
71251,95,108,-13,13
71252,113,106,7,7
71253,102,106,-4,4
71254,54,57,-3,3
71255,138,143,-5,5
71256,76,78,-2,2
71257,58,65,-7,7
71258,74,69,5,5
71259,93,54,39,39
71260,56,83,-27,27
71261,139,142,-3,3
71262,169,148,21,21
71263,131,127,4,4
71264,64,37,27,27
71265,89,101,-12,12
71266,111,109,2,2
71267,149,155,-6,6
71268,86,77,9,9
71269,67,108,-41,41
71270,54,58,-4,4
71271,47,49,-2,2
71272,43,52,-9,9
71273,90,91,-1,1
71274,139,122,17,17
71275,62,65,-3,3
71276,67,75,-8,8
71277,75,82,-7,7
71278,87,83,4,4
71279,82,85,-3,3
71280,41,29,12,12
71281,86,94,-8,8
71282,151,128,23,23
71283,87,87,0,0
71284,107,100,7,7
71285,67,73,-6,6
71286,90,94,-4,4
71287,133,128,5,5
71288,42,43,-1,1
71289,124,119,5,5
71290,66,77,-11,11
71291,74,78,-4,4
71292,54,66,-12,12
71293,123,124,-1,1
71294,137,127,10,10
71295,67,62,5,5
71296,113,126,-13,13
71297,103,87,16,16
71298,161,142,19,19
71299,114,107,7,7
71300,112,68,44,44
71301,103,106,-3,3
71302,112,118,-6,6
71303,123,132,-9,9
71304,65,78,-13,13
71305,97,95,2,2
71306,68,45,23,23
71307,69,89,-20,20
71308,69,73,-4,4
71309,143,136,7,7
71310,107,113,-6,6
71311,59,82,-23,23
71312,125,134,-9,9
71313,57,73,-16,16
71314,108,106,2,2
71315,86,89,-3,3
71316,98,93,5,5
71317,82,79,3,3
71318,87,121,-34,34
71319,65,75,-10,10
71320,96,106,-10,10
71321,60,18,42,42
71322,77,91,-14,14
71323,81,92,-11,11
71324,147,131,16,16
71325,75,84,-9,9
71326,75,71,4,4
71327,85,95,-10,10
71328,94,94,0,0
71329,158,150,8,8
71330,103,66,37,37
71331,125,120,5,5
71332,119,146,-27,27
71333,109,116,-7,7
71334,64,66,-2,2
71335,74,75,-1,1
71336,33,39,-6,6
71337,104,82,22,22
71338,73,68,5,5
71339,148,132,16,16
71340,57,64,-7,7
71341,62,64,-2,2
71342,143,140,3,3
71343,96,122,-26,26
71344,61,66,-5,5
71345,126,127,-1,1
71346,66,92,-26,26
71347,97,101,-4,4
71348,58,64,-6,6
71349,85,95,-10,10
71350,207,136,71,71
71351,114,127,-13,13
71352,105,105,0,0
71353,92,96,-4,4
71354,80,94,-14,14
71355,97,97,0,0
71356,93,92,1,1
71357,55,52,3,3
71358,89,99,-10,10
71359,116,114,2,2
71360,98,98,0,0
71361,79,68,11,11
71362,127,128,-1,1
71363,112,101,11,11
71364,131,118,13,13
71365,92,95,-3,3
71366,81,94,-13,13
71367,236,196,40,40
71368,110,126,-16,16
71369,66,87,-21,21
71370,100,108,-8,8
71371,98,105,-7,7
71372,118,80,38,38
71373,91,94,-3,3
71374,162,130,32,32
71375,77,85,-8,8
71376,67,74,-7,7
71377,131,117,14,14
71378,103,105,-2,2
71379,57,66,-9,9
71380,93,84,9,9
71381,72,92,-20,20
71382,67,89,-22,22
71383,49,53,-4,4
71384,72,58,14,14
71385,56,52,4,4
71386,154,177,-23,23
71387,72,81,-9,9
71388,44,70,-26,26
71389,97,105,-8,8
71390,173,149,24,24
71391,151,144,7,7
71392,92,80,12,12
71393,41,54,-13,13
71394,101,99,2,2
71395,151,141,10,10
71396,112,108,4,4
71397,82,77,5,5
71398,147,138,9,9
71399,104,100,4,4
71400,156,156,0,0
71401,69,71,-2,2
71402,88,91,-3,3
71403,49,69,-20,20
71404,72,64,8,8
71405,87,87,0,0
71406,83,72,11,11
71407,78,73,5,5
71408,109,126,-17,17
71409,118,132,-14,14
71410,146,178,-32,32
71411,95,98,-3,3
71412,139,137,2,2
71413,112,102,10,10
71414,74,86,-12,12
71415,101,110,-9,9
71416,69,75,-6,6
71417,60,65,-5,5
71418,52,41,11,11
71419,70,68,2,2
71420,52,32,20,20
71421,93,97,-4,4
71422,75,71,4,4
71423,50,102,-52,52
71424,64,61,3,3
71425,167,156,11,11
71426,59,54,5,5
71427,117,115,2,2
71428,97,102,-5,5
71429,93,106,-13,13
71430,70,62,8,8
71431,91,89,2,2
71432,52,51,1,1
71433,97,83,14,14
71434,66,58,8,8
71435,91,96,-5,5
71436,72,116,-44,44
71437,113,118,-5,5
71438,91,93,-2,2
71439,50,53,-3,3
71440,85,125,-40,40
71441,167,162,5,5
71442,78,85,-7,7
71443,149,142,7,7
71444,102,100,2,2
71445,116,118,-2,2
71446,69,87,-18,18
71447,63,48,15,15
71448,108,109,-1,1
71449,81,81,0,0
71450,82,94,-12,12
71451,113,122,-9,9
71452,83,84,-1,1
71453,97,91,6,6
71454,78,93,-15,15
71455,102,109,-7,7
71456,109,104,5,5
71457,64,103,-39,39
71458,98,103,-5,5
71459,156,137,19,19
71460,126,129,-3,3
71461,90,88,2,2
71462,122,111,11,11
71463,67,77,-10,10
71464,60,65,-5,5
71465,60,67,-7,7
71466,73,72,1,1
71467,135,140,-5,5
71468,116,114,2,2
71469,92,107,-15,15
71470,116,123,-7,7
71471,76,96,-20,20
71472,137,122,15,15
71473,38,53,-15,15
71474,212,192,20,20
71475,115,114,1,1
71476,170,164,6,6
71477,140,153,-13,13
71478,194,153,41,41
71479,119,109,10,10
71480,46,57,-11,11
71481,67,70,-3,3
71482,114,115,-1,1
71483,107,135,-28,28
71484,83,113,-30,30
71485,103,95,8,8
71486,75,77,-2,2
71487,117,127,-10,10
71488,59,59,0,0
71489,68,94,-26,26
71490,117,126,-9,9
71491,142,127,15,15
71492,50,43,7,7
71493,72,74,-2,2
71494,114,131,-17,17
71495,161,140,21,21
71496,104,115,-11,11
71497,241,231,10,10
71498,72,74,-2,2
71499,89,90,-1,1
71500,76,72,4,4
71501,97,105,-8,8
71502,93,85,8,8
71503,73,66,7,7
71504,67,74,-7,7
71505,89,95,-6,6
71506,91,86,5,5
71507,112,118,-6,6
71508,156,157,-1,1
71509,59,70,-11,11
71510,71,79,-8,8
71511,35,30,5,5
71512,60,66,-6,6
71513,151,155,-4,4
71514,83,99,-16,16
71515,114,116,-2,2
71516,66,52,14,14
71517,68,75,-7,7
71518,128,133,-5,5
71519,168,138,30,30
71520,84,77,7,7
71521,87,106,-19,19
71522,94,84,10,10
71523,44,30,14,14
71524,93,104,-11,11
71525,135,126,9,9
71526,80,75,5,5
71527,105,98,7,7
71528,86,89,-3,3
71529,115,120,-5,5
71530,183,175,8,8
71531,120,117,3,3
71532,25,35,-10,10
71533,53,55,-2,2
71534,131,118,13,13
71535,164,142,22,22
71536,74,79,-5,5
71537,125,118,7,7
71538,91,83,8,8
71539,106,102,4,4
71540,95,94,1,1
71541,75,73,2,2
71542,114,108,6,6
71543,70,75,-5,5
71544,89,93,-4,4
71545,37,6,31,31
71546,90,99,-9,9
71547,60,80,-20,20
71548,106,114,-8,8
71549,59,76,-17,17
71550,114,129,-15,15
71551,69,80,-11,11
71552,96,108,-12,12
71553,90,103,-13,13
71554,132,142,-10,10
71555,117,118,-1,1
71556,78,78,0,0
71557,63,71,-8,8
71558,96,111,-15,15
71559,132,102,30,30
71560,83,72,11,11
71561,114,117,-3,3
71562,109,102,7,7
71563,97,89,8,8
71564,81,81,0,0
71565,95,99,-4,4
71566,82,97,-15,15
71567,127,137,-10,10
71568,108,101,7,7
71569,91,94,-3,3
71570,87,88,-1,1
71571,92,97,-5,5
71572,165,147,18,18
71573,85,84,1,1
71574,50,62,-12,12
71575,62,57,5,5
71576,97,92,5,5
71577,87,92,-5,5
71578,66,65,1,1
71579,76,75,1,1
71580,75,88,-13,13
71581,172,152,20,20
71582,45,51,-6,6
71583,86,93,-7,7
71584,73,72,1,1
71585,189,163,26,26
71586,65,82,-17,17
71587,76,77,-1,1
71588,95,103,-8,8
71589,95,75,20,20
71590,87,96,-9,9
71591,108,92,16,16
71592,91,70,21,21
71593,69,59,10,10
71594,141,137,4,4
71595,75,77,-2,2
71596,82,90,-8,8
71597,55,68,-13,13
71598,55,59,-4,4
71599,121,113,8,8
71600,55,47,8,8
71601,131,122,9,9
71602,111,109,2,2
71603,52,53,-1,1
71604,141,133,8,8
71605,82,113,-31,31
71606,49,52,-3,3
71607,67,80,-13,13
71608,65,70,-5,5
71609,116,124,-8,8
71610,112,110,2,2
71611,117,113,4,4
71612,137,135,2,2
71613,95,97,-2,2
71614,59,59,0,0
71615,84,99,-15,15
71616,89,75,14,14
71617,137,136,1,1
71618,194,168,26,26
71619,144,116,28,28
71620,106,111,-5,5
71621,122,109,13,13
71622,67,63,4,4
71623,104,114,-10,10
71624,114,119,-5,5
71625,84,107,-23,23
71626,49,60,-11,11
71627,232,211,21,21
71628,79,72,7,7
71629,101,120,-19,19
71630,105,106,-1,1
71631,104,100,4,4
71632,221,199,22,22
71633,124,101,23,23
71634,154,142,12,12
71635,110,114,-4,4
71636,75,84,-9,9
71637,175,135,40,40
71638,162,144,18,18
71639,169,156,13,13
71640,82,82,0,0
71641,69,65,4,4
71642,63,58,5,5
71643,101,108,-7,7
71644,59,72,-13,13
71645,123,130,-7,7
71646,105,112,-7,7
71647,99,99,0,0
71648,58,59,-1,1
71649,103,103,0,0
71650,77,91,-14,14
71651,64,50,14,14
71652,49,43,6,6
71653,96,111,-15,15
71654,78,53,25,25
71655,124,131,-7,7
71656,66,110,-44,44
71657,163,157,6,6
71658,140,136,4,4
71659,77,97,-20,20
71660,55,74,-19,19
71661,64,48,16,16
71662,73,0,73,73
71663,86,89,-3,3
71664,87,98,-11,11
71665,80,92,-12,12
71666,74,90,-16,16
71667,69,68,1,1
71668,118,123,-5,5
71669,74,94,-20,20
71670,162,154,8,8
71671,63,69,-6,6
71672,88,89,-1,1
71673,105,116,-11,11
71674,70,34,36,36
71675,86,98,-12,12
71676,82,81,1,1
71677,181,191,-10,10
71678,60,65,-5,5
71679,139,143,-4,4
71680,45,31,14,14
71681,84,90,-6,6
71682,87,90,-3,3
71683,94,84,10,10
71684,94,98,-4,4
71685,102,129,-27,27
71686,82,83,-1,1
71687,102,92,10,10
71688,51,53,-2,2
71689,91,94,-3,3
71690,92,91,1,1
71691,119,123,-4,4
71692,98,107,-9,9
71693,92,77,15,15
71694,144,141,3,3
71695,117,124,-7,7
71696,61,59,2,2
71697,55,56,-1,1
71698,89,71,18,18
71699,83,89,-6,6
71700,122,126,-4,4
71701,101,106,-5,5
71702,71,83,-12,12
71703,183,150,33,33
71704,79,103,-24,24
71705,68,85,-17,17
71706,124,120,4,4
71707,96,85,11,11
71708,82,78,4,4
71709,99,111,-12,12
71710,145,136,9,9
71711,143,140,3,3
71712,131,124,7,7
71713,83,82,1,1
71714,118,121,-3,3
71715,65,70,-5,5
71716,52,66,-14,14
71717,78,53,25,25
71718,76,86,-10,10
71719,142,118,24,24
71720,90,90,0,0
71721,64,73,-9,9
71722,70,77,-7,7
71723,81,89,-8,8
71724,155,147,8,8
71725,94,112,-18,18
71726,64,64,0,0
71727,83,86,-3,3
71728,112,114,-2,2
71729,112,98,14,14
71730,132,114,18,18
71731,84,86,-2,2
71732,63,69,-6,6
71733,78,87,-9,9
71734,143,133,10,10
71735,71,78,-7,7
71736,94,93,1,1
71737,75,51,24,24
71738,54,69,-15,15
71739,81,69,12,12
71740,72,75,-3,3
71741,95,95,0,0
71742,136,132,4,4
71743,89,81,8,8
71744,66,64,2,2
71745,95,98,-3,3
71746,85,81,4,4
71747,114,120,-6,6
71748,70,77,-7,7
71749,70,21,49,49
71750,115,120,-5,5
71751,139,138,1,1
71752,104,98,6,6
71753,65,68,-3,3
71754,145,121,24,24
71755,108,114,-6,6
71756,81,86,-5,5
71757,85,70,15,15
71758,59,67,-8,8
71759,146,148,-2,2
71760,89,97,-8,8
71761,94,102,-8,8
71762,82,90,-8,8
71763,58,68,-10,10
71764,78,76,2,2
71765,92,99,-7,7
71766,65,64,1,1
71767,100,87,13,13
71768,126,125,1,1
71769,115,108,7,7
71770,64,74,-10,10
71771,67,88,-21,21
71772,114,106,8,8
71773,73,68,5,5
71774,86,74,12,12
71775,92,83,9,9
71776,393,351,42,42
71777,121,138,-17,17
71778,77,86,-9,9
71779,106,94,12,12
71780,81,79,2,2
71781,99,96,3,3
71782,150,142,8,8
71783,98,96,2,2
71784,107,120,-13,13
71785,59,38,21,21
71786,53,60,-7,7
71787,99,94,5,5
71788,138,138,0,0
71789,58,65,-7,7
71790,85,81,4,4
71791,129,120,9,9
71792,60,62,-2,2
71793,67,69,-2,2
71794,107,102,5,5
71795,42,54,-12,12
71796,73,72,1,1
71797,81,95,-14,14
71798,154,138,16,16
71799,84,84,0,0
71800,67,65,2,2
71801,62,51,11,11
71802,93,99,-6,6
71803,119,112,7,7
71804,112,113,-1,1
71805,146,128,18,18
71806,45,29,16,16
71807,127,127,0,0
71808,87,82,5,5
71809,122,120,2,2
71810,83,72,11,11
71811,116,113,3,3
71812,95,101,-6,6
71813,101,105,-4,4
71814,132,151,-19,19
71815,116,110,6,6
71816,79,74,5,5
71817,94,112,-18,18
71818,131,124,7,7
71819,61,60,1,1
71820,66,69,-3,3
71821,78,87,-9,9
71822,145,139,6,6
71823,166,166,0,0
71824,88,86,2,2
71825,99,96,3,3
71826,85,78,7,7
71827,62,70,-8,8
71828,85,91,-6,6
71829,103,95,8,8
71830,123,152,-29,29
71831,43,55,-12,12
71832,89,96,-7,7
71833,61,63,-2,2
71834,65,59,6,6
71835,81,88,-7,7
71836,77,77,0,0
71837,118,108,10,10
71838,53,60,-7,7
71839,90,84,6,6
71840,101,119,-18,18
71841,88,88,0,0
71842,136,137,-1,1
71843,142,139,3,3
71844,79,72,7,7
71845,124,130,-6,6
71846,69,72,-3,3
71847,55,61,-6,6
71848,84,87,-3,3
71849,34,18,16,16
71850,86,93,-7,7
71851,67,135,-68,68
71852,234,165,69,69
71853,175,159,16,16
71854,50,66,-16,16
71855,75,71,4,4
71856,61,84,-23,23
71857,103,104,-1,1
71858,59,59,0,0
71859,83,92,-9,9
71860,50,56,-6,6
71861,89,86,3,3
71862,65,69,-4,4
71863,140,129,11,11
71864,158,159,-1,1
71865,113,82,31,31
71866,118,131,-13,13
71867,172,148,24,24
71868,119,133,-14,14
71869,106,110,-4,4
71870,146,147,-1,1
71871,72,78,-6,6
71872,84,86,-2,2
71873,78,78,0,0
71874,58,55,3,3
71875,85,72,13,13
71876,137,135,2,2
71877,86,114,-28,28
71878,78,70,8,8
71879,88,86,2,2
71880,108,98,10,10
71881,104,105,-1,1
71882,77,88,-11,11
71883,101,107,-6,6
71884,109,131,-22,22
71885,84,94,-10,10
71886,70,60,10,10
71887,134,108,26,26
71888,51,46,5,5
71889,128,132,-4,4
71890,103,117,-14,14
71891,76,73,3,3
71892,101,121,-20,20
71893,92,93,-1,1
71894,72,70,2,2
71895,68,83,-15,15
71896,84,100,-16,16
71897,88,95,-7,7
71898,119,139,-20,20
71899,56,68,-12,12
71900,31,25,6,6
71901,91,86,5,5
71902,163,163,0,0
71903,124,120,4,4
71904,71,73,-2,2
71905,101,110,-9,9
71906,112,150,-38,38
71907,103,103,0,0
71908,74,79,-5,5
71909,57,69,-12,12
71910,137,134,3,3
71911,124,116,8,8
71912,77,95,-18,18
71913,83,87,-4,4
71914,66,77,-11,11
71915,110,107,3,3
71916,65,70,-5,5
71917,98,107,-9,9
71918,87,84,3,3
71919,90,85,5,5
71920,140,131,9,9
71921,116,115,1,1
71922,128,126,2,2
71923,73,78,-5,5
71924,155,176,-21,21
71925,96,117,-21,21
71926,115,129,-14,14
71927,63,69,-6,6
71928,57,39,18,18
71929,113,125,-12,12
71930,104,97,7,7
71931,53,65,-12,12
71932,62,37,25,25
71933,53,66,-13,13
71934,71,80,-9,9
71935,76,68,8,8
71936,117,123,-6,6
71937,57,60,-3,3
71938,79,72,7,7
71939,69,87,-18,18
71940,78,71,7,7
71941,40,67,-27,27
71942,58,72,-14,14
71943,105,103,2,2
71944,87,108,-21,21
71945,118,102,16,16
71946,101,117,-16,16
71947,32,21,11,11
71948,75,72,3,3
71949,112,105,7,7
71950,112,111,1,1
71951,124,132,-8,8
71952,68,72,-4,4
71953,72,71,1,1
71954,52,59,-7,7
71955,84,80,4,4
71956,78,76,2,2
71957,106,88,18,18
71958,126,136,-10,10
71959,103,106,-3,3
71960,110,96,14,14
71961,91,79,12,12
71962,149,143,6,6
71963,55,53,2,2
71964,113,111,2,2
71965,72,61,11,11
71966,79,91,-12,12
71967,125,125,0,0
71968,126,92,34,34
71969,156,157,-1,1
71970,69,79,-10,10
71971,59,63,-4,4
71972,92,115,-23,23
71973,65,64,1,1
71974,94,97,-3,3
71975,76,93,-17,17
71976,145,141,4,4
71977,141,139,2,2
71978,71,76,-5,5
71979,91,95,-4,4
71980,56,61,-5,5
71981,107,114,-7,7
71982,73,79,-6,6
71983,120,132,-12,12
71984,109,104,5,5
71985,125,119,6,6
71986,80,83,-3,3
71987,55,51,4,4
71988,92,96,-4,4
71989,125,127,-2,2
71990,74,78,-4,4
71991,65,78,-13,13
71992,85,90,-5,5
71993,41,41,0,0
71994,73,81,-8,8
71995,133,114,19,19
71996,48,56,-8,8
71997,81,81,0,0
71998,109,117,-8,8
71999,98,98,0,0
72000,123,101,22,22
72001,103,111,-8,8
72002,79,77,2,2
72003,60,76,-16,16
72004,93,101,-8,8
72005,162,127,35,35
72006,121,119,2,2
72007,113,121,-8,8
72008,64,72,-8,8
72009,61,42,19,19
72010,110,107,3,3
72011,106,107,-1,1
72012,111,104,7,7
72013,72,79,-7,7
72014,50,58,-8,8
72015,58,31,27,27
72016,112,125,-13,13
72017,86,101,-15,15
72018,77,71,6,6
72019,116,116,0,0
72020,77,72,5,5
72021,156,149,7,7
72022,94,102,-8,8
72023,152,139,13,13
72024,153,149,4,4
72025,91,104,-13,13
72026,114,109,5,5
72027,54,58,-4,4
72028,68,72,-4,4
72029,108,126,-18,18
72030,144,136,8,8
72031,122,110,12,12
72032,94,100,-6,6
72033,100,95,5,5
72034,63,77,-14,14
72035,109,105,4,4
72036,92,99,-7,7
72037,104,102,2,2
72038,80,70,10,10
72039,83,82,1,1
72040,115,124,-9,9
72041,149,161,-12,12
72042,111,111,0,0
72043,64,72,-8,8
72044,117,116,1,1
72045,68,67,1,1
72046,98,85,13,13
72047,58,55,3,3
72048,109,98,11,11
72049,84,79,5,5
72050,59,72,-13,13
72051,122,97,25,25
72052,67,63,4,4
72053,74,57,17,17
72054,65,71,-6,6
72055,95,96,-1,1
72056,90,94,-4,4
72057,71,70,1,1
72058,46,34,12,12
72059,37,101,-64,64
72060,128,124,4,4
72061,110,116,-6,6
72062,98,108,-10,10
72063,55,57,-2,2
72064,118,116,2,2
72065,28,18,10,10
72066,164,142,22,22
72067,97,102,-5,5
72068,149,126,23,23
72069,100,98,2,2
72070,102,111,-9,9
72071,99,97,2,2
72072,170,145,25,25
72073,124,128,-4,4
72074,109,104,5,5
72075,146,127,19,19
72076,170,173,-3,3
72077,85,67,18,18
72078,106,95,11,11
72079,96,102,-6,6
72080,105,86,19,19
72081,116,104,12,12
72082,61,75,-14,14
72083,114,116,-2,2
72084,105,103,2,2
72085,163,148,15,15
72086,50,48,2,2
72087,141,82,59,59
72088,79,83,-4,4
72089,129,125,4,4
72090,82,82,0,0
72091,61,78,-17,17
72092,69,77,-8,8
72093,62,78,-16,16
72094,93,110,-17,17
72095,92,93,-1,1
72096,91,105,-14,14
72097,45,42,3,3
72098,167,156,11,11
72099,71,76,-5,5
72100,43,43,0,0
72101,122,109,13,13
72102,73,52,21,21
72103,99,103,-4,4
72104,82,82,0,0
72105,119,107,12,12
72106,135,123,12,12
72107,46,48,-2,2
72108,102,110,-8,8
72109,66,68,-2,2
72110,159,158,1,1
72111,93,108,-15,15
72112,93,89,4,4
72113,71,67,4,4
72114,106,78,28,28
72115,99,95,4,4
72116,145,157,-12,12
72117,102,130,-28,28
72118,146,145,1,1
72119,129,123,6,6
72120,105,114,-9,9
72121,119,115,4,4
72122,49,55,-6,6
72123,114,119,-5,5
72124,137,131,6,6
72125,84,90,-6,6
72126,63,62,1,1
72127,120,108,12,12
72128,63,62,1,1
72129,153,145,8,8
72130,73,69,4,4
72131,110,95,15,15
72132,178,180,-2,2
72133,73,104,-31,31
72134,80,82,-2,2
72135,98,102,-4,4
72136,122,125,-3,3
72137,122,122,0,0
72138,95,92,3,3
72139,100,108,-8,8
72140,107,113,-6,6
72141,86,83,3,3
72142,62,46,16,16
72143,77,83,-6,6
72144,49,43,6,6
72145,68,68,0,0
72146,25,16,9,9
72147,83,81,2,2
72148,54,58,-4,4
72149,122,131,-9,9
72150,115,102,13,13
72151,92,87,5,5
72152,120,126,-6,6
72153,161,150,11,11
72154,100,80,20,20
72155,127,122,5,5
72156,56,85,-29,29
72157,120,116,4,4
72158,319,242,77,77
72159,161,152,9,9
72160,120,118,2,2
72161,119,108,11,11
72162,119,110,9,9
72163,155,142,13,13
72164,90,119,-29,29
72165,43,44,-1,1
72166,67,72,-5,5
72167,75,77,-2,2
72168,86,94,-8,8
72169,107,105,2,2
72170,109,106,3,3
72171,105,113,-8,8
72172,120,129,-9,9
72173,57,75,-18,18
72174,81,81,0,0
72175,114,105,9,9
72176,101,105,-4,4
72177,104,88,16,16
72178,105,90,15,15
72179,93,98,-5,5
72180,117,116,1,1
72181,93,96,-3,3
72182,60,76,-16,16
72183,81,68,13,13
72184,96,84,12,12
72185,99,96,3,3
72186,88,83,5,5
72187,113,117,-4,4
72188,91,100,-9,9
72189,142,141,1,1
72190,95,104,-9,9
72191,79,80,-1,1
72192,80,81,-1,1
72193,54,58,-4,4
72194,124,109,15,15
72195,86,97,-11,11
72196,154,138,16,16
72197,77,78,-1,1
72198,129,115,14,14
72199,196,168,28,28
72200,78,92,-14,14
72201,63,63,0,0
72202,176,167,9,9
72203,102,100,2,2
72204,102,109,-7,7
72205,92,90,2,2
72206,145,143,2,2
72207,64,51,13,13
72208,100,91,9,9
72209,96,95,1,1
72210,96,90,6,6
72211,51,52,-1,1
72212,61,60,1,1
72213,129,131,-2,2
72214,196,182,14,14
72215,61,55,6,6
72216,86,70,16,16
72217,69,79,-10,10
72218,121,116,5,5
72219,87,107,-20,20
72220,105,98,7,7
72221,67,88,-21,21
72222,71,89,-18,18
72223,165,163,2,2
72224,132,123,9,9
72225,171,147,24,24
72226,81,77,4,4
72227,142,142,0,0
72228,75,81,-6,6
72229,102,92,10,10
72230,86,94,-8,8
72231,136,131,5,5
72232,63,69,-6,6
72233,122,127,-5,5
72234,89,94,-5,5
72235,97,103,-6,6
72236,67,77,-10,10
72237,105,101,4,4
72238,64,87,-23,23
72239,85,103,-18,18
72240,99,99,0,0
72241,80,102,-22,22
72242,115,98,17,17
72243,65,72,-7,7
72244,104,96,8,8
72245,115,103,12,12
72246,147,150,-3,3
72247,105,105,0,0
72248,141,130,11,11
72249,163,153,10,10
72250,129,122,7,7
72251,90,78,12,12
72252,73,85,-12,12
72253,101,40,61,61
72254,103,113,-10,10
72255,53,66,-13,13
72256,67,67,0,0
72257,78,87,-9,9
72258,75,62,13,13
72259,76,80,-4,4
72260,105,100,5,5
72261,103,93,10,10
72262,108,127,-19,19
72263,154,128,26,26
72264,84,93,-9,9
72265,125,127,-2,2
72266,71,66,5,5
72267,84,91,-7,7
72268,81,91,-10,10
72269,95,91,4,4
72270,249,185,64,64
72271,101,89,12,12
72272,69,77,-8,8
72273,109,121,-12,12
72274,76,83,-7,7
72275,92,94,-2,2
72276,56,55,1,1
72277,85,78,7,7
72278,51,62,-11,11
72279,117,97,20,20
72280,74,82,-8,8
72281,184,163,21,21
72282,82,91,-9,9
72283,93,108,-15,15
72284,87,72,15,15
72285,56,46,10,10
72286,65,74,-9,9
72287,95,86,9,9
72288,112,129,-17,17
72289,110,121,-11,11
72290,137,145,-8,8
72291,73,74,-1,1
72292,128,129,-1,1
72293,99,90,9,9
72294,133,126,7,7
72295,109,110,-1,1
72296,74,93,-19,19
72297,99,87,12,12
72298,23,34,-11,11
72299,87,98,-11,11
72300,175,173,2,2
72301,71,82,-11,11
72302,64,71,-7,7
72303,74,84,-10,10
72304,127,121,6,6
72305,136,128,8,8
72306,114,118,-4,4
72307,143,137,6,6
72308,115,122,-7,7
72309,83,93,-10,10
72310,118,111,7,7
72311,64,61,3,3
72312,94,103,-9,9
72313,69,60,9,9
72314,142,141,1,1
72315,75,83,-8,8
72316,58,36,22,22
72317,19,6,13,13
72318,83,87,-4,4
72319,59,61,-2,2
72320,99,104,-5,5
72321,69,62,7,7
72322,95,87,8,8
72323,248,192,56,56
72324,129,114,15,15
72325,45,34,11,11
72326,129,130,-1,1
72327,99,111,-12,12
72328,98,112,-14,14
72329,115,127,-12,12
72330,136,124,12,12
72331,111,111,0,0
72332,98,101,-3,3
72333,85,83,2,2
72334,141,143,-2,2
72335,94,114,-20,20
72336,94,102,-8,8
72337,112,127,-15,15
72338,107,119,-12,12
72339,127,132,-5,5
72340,113,118,-5,5
72341,131,100,31,31
72342,69,76,-7,7
72343,51,56,-5,5
72344,148,141,7,7
72345,79,66,13,13
72346,108,120,-12,12
72347,105,114,-9,9
72348,82,107,-25,25
72349,152,162,-10,10
72350,77,89,-12,12
72351,96,110,-14,14
72352,118,116,2,2
72353,176,160,16,16
72354,161,165,-4,4
72355,74,82,-8,8
72356,89,22,67,67
72357,126,140,-14,14
72358,105,119,-14,14
72359,102,103,-1,1
72360,74,81,-7,7
72361,122,109,13,13
72362,80,85,-5,5
72363,75,75,0,0
72364,148,147,1,1
72365,129,132,-3,3
72366,68,49,19,19
72367,74,95,-21,21
72368,96,77,19,19
72369,88,80,8,8
72370,53,75,-22,22
72371,79,71,8,8
72372,78,73,5,5
72373,69,80,-11,11
72374,134,114,20,20
72375,77,79,-2,2
72376,144,98,46,46
72377,102,110,-8,8
72378,112,119,-7,7
72379,122,118,4,4
72380,87,81,6,6
72381,111,117,-6,6
72382,102,91,11,11
72383,73,72,1,1
72384,86,105,-19,19
72385,74,70,4,4
72386,132,120,12,12
72387,128,136,-8,8
72388,130,126,4,4
72389,62,67,-5,5
72390,44,42,2,2
72391,78,86,-8,8
72392,95,91,4,4
72393,95,69,26,26
72394,116,124,-8,8
72395,80,84,-4,4
72396,57,76,-19,19
72397,84,103,-19,19
72398,122,108,14,14
72399,115,120,-5,5
72400,185,157,28,28
72401,144,108,36,36
72402,54,57,-3,3
72403,125,126,-1,1
72404,107,115,-8,8
72405,140,148,-8,8
72406,59,60,-1,1
72407,64,65,-1,1
72408,83,81,2,2
72409,56,64,-8,8
72410,79,62,17,17
72411,58,63,-5,5
72412,92,91,1,1
72413,138,139,-1,1
72414,110,109,1,1
72415,197,174,23,23
72416,102,94,8,8
72417,75,73,2,2
72418,127,124,3,3
72419,95,100,-5,5
72420,64,59,5,5
72421,68,83,-15,15
72422,174,135,39,39
72423,61,56,5,5
72424,74,73,1,1
72425,106,112,-6,6
72426,60,57,3,3
72427,73,83,-10,10
72428,92,98,-6,6
72429,189,165,24,24
72430,99,91,8,8
72431,147,131,16,16
72432,120,122,-2,2
72433,75,81,-6,6
72434,57,59,-2,2
72435,56,60,-4,4
72436,73,69,4,4
72437,67,78,-11,11
72438,176,147,29,29
72439,131,124,7,7
72440,101,90,11,11
72441,77,76,1,1
72442,90,116,-26,26
72443,106,116,-10,10
72444,120,127,-7,7
72445,82,67,15,15
72446,117,121,-4,4
72447,57,93,-36,36
72448,57,66,-9,9
72449,104,106,-2,2
72450,85,71,14,14
72451,112,114,-2,2
72452,89,95,-6,6
72453,88,87,1,1
72454,87,89,-2,2
72455,103,127,-24,24
72456,151,137,14,14
72457,92,92,0,0
72458,98,88,10,10
72459,63,65,-2,2
72460,88,97,-9,9
72461,85,89,-4,4
72462,29,30,-1,1
72463,88,96,-8,8
72464,105,94,11,11
72465,108,108,0,0
72466,69,72,-3,3
72467,100,102,-2,2
72468,67,78,-11,11
72469,78,70,8,8
72470,97,102,-5,5
72471,84,52,32,32
72472,57,60,-3,3
72473,124,120,4,4
72474,117,117,0,0
72475,101,100,1,1
72476,104,113,-9,9
72477,97,108,-11,11
72478,69,69,0,0
72479,105,111,-6,6
72480,78,85,-7,7
72481,75,73,2,2
72482,67,79,-12,12
72483,182,154,28,28
72484,49,58,-9,9
72485,89,92,-3,3
72486,72,74,-2,2
72487,97,99,-2,2
72488,72,70,2,2
72489,66,67,-1,1
72490,118,134,-16,16
72491,49,51,-2,2
72492,87,79,8,8
72493,157,138,19,19
72494,63,67,-4,4
72495,69,88,-19,19
72496,163,170,-7,7
72497,221,205,16,16
72498,60,71,-11,11
72499,97,105,-8,8
72500,64,65,-1,1
72501,87,98,-11,11
72502,101,104,-3,3
72503,96,90,6,6
72504,111,112,-1,1
72505,67,69,-2,2
72506,112,117,-5,5
72507,92,92,0,0
72508,90,97,-7,7
72509,127,141,-14,14
72510,62,71,-9,9
72511,82,84,-2,2
72512,131,117,14,14
72513,66,58,8,8
72514,122,123,-1,1
72515,80,91,-11,11
72516,83,85,-2,2
72517,71,76,-5,5
72518,76,74,2,2
72519,130,137,-7,7
72520,72,70,2,2
72521,51,62,-11,11
72522,114,124,-10,10
72523,62,74,-12,12
72524,46,37,9,9
72525,58,71,-13,13
72526,84,110,-26,26
72527,69,65,4,4
72528,59,111,-52,52
72529,65,64,1,1
72530,175,132,43,43
72531,135,127,8,8
72532,106,119,-13,13
72533,72,82,-10,10
72534,124,120,4,4
72535,126,122,4,4
72536,120,129,-9,9
72537,92,96,-4,4
72538,68,58,10,10
72539,109,103,6,6
72540,74,78,-4,4
72541,61,94,-33,33
72542,96,94,2,2
72543,115,127,-12,12
72544,88,90,-2,2
72545,112,114,-2,2
72546,182,162,20,20
72547,156,156,0,0
72548,156,155,1,1
72549,103,85,18,18
72550,89,94,-5,5
72551,114,97,17,17
72552,106,81,25,25
72553,85,91,-6,6
72554,107,97,10,10
72555,75,77,-2,2
72556,84,93,-9,9
72557,120,128,-8,8
72558,95,96,-1,1
72559,48,78,-30,30
72560,65,54,11,11
72561,59,77,-18,18
72562,85,88,-3,3
72563,125,121,4,4
72564,89,94,-5,5
72565,92,88,4,4
72566,131,102,29,29
72567,83,95,-12,12
72568,81,79,2,2
72569,82,81,1,1
72570,66,62,4,4
72571,126,130,-4,4
72572,167,160,7,7
72573,103,117,-14,14
72574,119,114,5,5
72575,133,132,1,1
72576,138,143,-5,5
72577,136,130,6,6
72578,57,59,-2,2
72579,111,107,4,4
72580,75,81,-6,6
72581,64,66,-2,2
72582,111,120,-9,9
72583,126,134,-8,8
72584,147,142,5,5
72585,188,155,33,33
72586,123,94,29,29
72587,87,96,-9,9
72588,77,88,-11,11
72589,82,101,-19,19
72590,83,92,-9,9
72591,69,96,-27,27
72592,136,137,-1,1
72593,53,56,-3,3
72594,81,72,9,9
72595,124,98,26,26
72596,111,100,11,11
72597,120,118,2,2
72598,66,76,-10,10
72599,68,64,4,4
72600,147,153,-6,6
72601,193,177,16,16
72602,62,64,-2,2
72603,113,116,-3,3
72604,83,89,-6,6
72605,114,111,3,3
72606,138,138,0,0
72607,63,76,-13,13
72608,153,147,6,6
72609,75,83,-8,8
72610,104,87,17,17
72611,138,124,14,14
72612,86,82,4,4
72613,85,92,-7,7
72614,132,131,1,1
72615,86,82,4,4
72616,60,76,-16,16
72617,119,118,1,1
72618,233,199,34,34
72619,125,129,-4,4
72620,128,123,5,5
72621,135,141,-6,6
72622,92,86,6,6
72623,134,122,12,12
72624,108,114,-6,6
72625,154,149,5,5
72626,149,155,-6,6
72627,112,107,5,5
72628,117,114,3,3
72629,158,153,5,5
72630,83,85,-2,2
72631,92,92,0,0
72632,80,71,9,9
72633,86,88,-2,2
72634,23,8,15,15
72635,90,89,1,1
72636,129,117,12,12
72637,122,102,20,20
72638,49,73,-24,24
72639,58,67,-9,9
72640,115,104,11,11
72641,92,92,0,0
72642,146,158,-12,12
72643,69,113,-44,44
72644,107,113,-6,6
72645,152,131,21,21
72646,106,118,-12,12
72647,78,88,-10,10
72648,122,115,7,7
72649,97,113,-16,16
72650,62,67,-5,5
72651,125,120,5,5
72652,172,158,14,14
72653,73,82,-9,9
72654,88,80,8,8
72655,69,68,1,1
72656,72,70,2,2
72657,87,85,2,2
72658,53,50,3,3
72659,65,69,-4,4
72660,117,110,7,7
72661,105,116,-11,11
72662,168,158,10,10
72663,83,100,-17,17
72664,65,69,-4,4
72665,108,107,1,1
72666,45,49,-4,4
72667,123,121,2,2
72668,62,82,-20,20
72669,69,81,-12,12
72670,65,74,-9,9
72671,88,108,-20,20
72672,70,81,-11,11
72673,115,116,-1,1
72674,68,61,7,7
72675,109,103,6,6
72676,117,127,-10,10
72677,68,82,-14,14
72678,93,86,7,7
72679,76,81,-5,5
72680,147,138,9,9
72681,124,125,-1,1
72682,146,127,19,19
72683,104,121,-17,17
72684,85,81,4,4
72685,107,104,3,3
72686,131,116,15,15
72687,71,69,2,2
72688,78,81,-3,3
72689,69,91,-22,22
72690,124,129,-5,5
72691,101,110,-9,9
72692,64,68,-4,4
72693,69,68,1,1
72694,60,66,-6,6
72695,97,109,-12,12
72696,78,80,-2,2
72697,106,133,-27,27
72698,102,81,21,21
72699,102,106,-4,4
72700,135,119,16,16
72701,84,100,-16,16
72702,132,132,0,0
72703,81,82,-1,1
72704,55,53,2,2
72705,80,80,0,0
72706,89,104,-15,15
72707,218,349,-131,131
72708,68,70,-2,2
72709,136,118,18,18
72710,78,61,17,17
72711,66,68,-2,2
72712,115,119,-4,4
72713,102,99,3,3
72714,64,64,0,0
72715,32,26,6,6
72716,61,59,2,2
72717,98,99,-1,1
72718,87,74,13,13
72719,75,70,5,5
72720,131,123,8,8
72721,82,89,-7,7
72722,102,95,7,7
72723,68,77,-9,9
72724,129,122,7,7
72725,147,148,-1,1
72726,54,60,-6,6
72727,95,96,-1,1
72728,181,149,32,32
72729,102,97,5,5
72730,49,51,-2,2
72731,100,92,8,8
72732,72,80,-8,8
72733,137,154,-17,17
72734,57,53,4,4
72735,85,78,7,7
72736,69,75,-6,6
72737,44,51,-7,7
72738,102,106,-4,4
72739,140,136,4,4
72740,59,82,-23,23
72741,59,54,5,5
72742,67,75,-8,8
72743,96,97,-1,1
72744,54,71,-17,17
72745,81,101,-20,20
72746,154,139,15,15
72747,134,142,-8,8
72748,100,93,7,7
72749,104,103,1,1
72750,92,110,-18,18
72751,63,59,4,4
72752,115,100,15,15
72753,55,64,-9,9
72754,163,158,5,5
72755,122,139,-17,17
72756,106,100,6,6
72757,90,94,-4,4
72758,97,68,29,29
72759,69,73,-4,4
72760,86,91,-5,5
72761,87,92,-5,5
72762,134,125,9,9
72763,83,106,-23,23
72764,96,89,7,7
72765,75,72,3,3
72766,91,90,1,1
72767,74,79,-5,5
72768,105,114,-9,9
72769,109,102,7,7
72770,50,66,-16,16
72771,83,79,4,4
72772,101,93,8,8
72773,98,106,-8,8
72774,78,77,1,1
72775,115,109,6,6
72776,151,142,9,9
72777,50,50,0,0
72778,111,101,10,10
72779,75,88,-13,13
72780,191,192,-1,1
72781,82,83,-1,1
72782,133,129,4,4
72783,131,125,6,6
72784,69,71,-2,2
72785,112,106,6,6
72786,52,53,-1,1
72787,109,132,-23,23
72788,82,83,-1,1
72789,106,112,-6,6
72790,36,51,-15,15
72791,84,83,1,1
72792,103,107,-4,4
72793,56,55,1,1
72794,78,75,3,3
72795,69,76,-7,7
72796,67,82,-15,15
72797,83,88,-5,5
72798,103,107,-4,4
72799,84,95,-11,11
72800,68,75,-7,7
72801,78,74,4,4
72802,118,114,4,4
72803,112,108,4,4
72804,108,113,-5,5
72805,113,114,-1,1
72806,116,92,24,24
72807,67,75,-8,8
72808,110,138,-28,28
72809,100,100,0,0
72810,111,101,10,10
72811,82,91,-9,9
72812,157,155,2,2
72813,75,76,-1,1
72814,102,89,13,13
72815,90,97,-7,7
72816,60,76,-16,16
72817,88,94,-6,6
72818,96,98,-2,2
72819,117,141,-24,24
72820,76,99,-23,23
72821,166,147,19,19
72822,187,115,72,72
72823,73,72,1,1
72824,91,97,-6,6
72825,125,126,-1,1
72826,60,62,-2,2
72827,91,94,-3,3
72828,99,93,6,6
72829,80,78,2,2
72830,125,132,-7,7
72831,111,114,-3,3
72832,54,52,2,2
72833,192,164,28,28
72834,159,144,15,15
72835,71,65,6,6
72836,80,75,5,5
72837,58,55,3,3
72838,78,80,-2,2
72839,146,132,14,14
72840,73,71,2,2
72841,178,166,12,12
72842,94,96,-2,2
72843,131,133,-2,2
72844,70,66,4,4
72845,126,116,10,10
72846,84,76,8,8
72847,80,82,-2,2
72848,214,161,53,53
72849,111,103,8,8
72850,134,132,2,2
72851,89,0,89,89
72852,124,145,-21,21
72853,112,111,1,1
72854,94,103,-9,9
72855,110,100,10,10
72856,143,145,-2,2
72857,70,70,0,0
72858,112,112,0,0
72859,88,80,8,8
72860,89,84,5,5
72861,78,83,-5,5
72862,121,115,6,6
72863,69,66,3,3
72864,82,87,-5,5
72865,137,173,-36,36
72866,116,122,-6,6
72867,169,162,7,7
72868,108,108,0,0
72869,62,60,2,2
72870,66,82,-16,16
72871,126,127,-1,1
72872,77,73,4,4
72873,170,149,21,21
72874,48,49,-1,1
72875,123,112,11,11
72876,135,131,4,4
72877,128,137,-9,9
72878,108,107,1,1
72879,102,104,-2,2
72880,89,100,-11,11
72881,68,76,-8,8
72882,83,81,2,2
72883,174,171,3,3
72884,130,122,8,8
72885,176,151,25,25
72886,87,101,-14,14
72887,69,67,2,2
72888,69,78,-9,9
72889,100,84,16,16
72890,164,139,25,25
72891,94,110,-16,16
72892,82,75,7,7
72893,191,167,24,24
72894,99,103,-4,4
72895,78,82,-4,4
72896,68,65,3,3
72897,121,104,17,17
72898,128,115,13,13
72899,149,144,5,5
72900,164,151,13,13
72901,74,77,-3,3
72902,67,69,-2,2
72903,59,63,-4,4
72904,100,121,-21,21
72905,62,76,-14,14
72906,100,108,-8,8
72907,79,76,3,3
72908,137,140,-3,3
72909,74,86,-12,12
72910,94,97,-3,3
72911,119,109,10,10
72912,103,100,3,3
72913,95,106,-11,11
72914,60,59,1,1
72915,111,106,5,5
72916,34,26,8,8
72917,78,82,-4,4
72918,97,95,2,2
72919,111,110,1,1
72920,85,89,-4,4
72921,149,145,4,4
72922,90,86,4,4
72923,49,50,-1,1
72924,138,138,0,0
72925,69,67,2,2
72926,79,83,-4,4
72927,70,77,-7,7
72928,82,89,-7,7
72929,79,89,-10,10
72930,85,100,-15,15
72931,89,95,-6,6
72932,67,57,10,10
72933,106,117,-11,11
72934,70,91,-21,21
72935,74,87,-13,13
72936,55,68,-13,13
72937,164,161,3,3
72938,77,81,-4,4
72939,57,52,5,5
72940,97,127,-30,30
72941,136,152,-16,16
72942,83,75,8,8
72943,66,61,5,5
72944,92,102,-10,10
72945,92,93,-1,1
72946,71,77,-6,6
72947,67,86,-19,19
72948,150,124,26,26
72949,69,61,8,8
72950,132,122,10,10
72951,194,164,30,30
72952,137,124,13,13
72953,68,74,-6,6
72954,90,108,-18,18
72955,113,110,3,3
72956,61,52,9,9
72957,160,134,26,26
72958,149,157,-8,8
72959,48,71,-23,23
72960,128,130,-2,2
72961,102,102,0,0
72962,95,99,-4,4
72963,68,76,-8,8
72964,164,138,26,26
72965,92,105,-13,13
72966,100,88,12,12
72967,68,84,-16,16
72968,81,86,-5,5
72969,87,83,4,4
72970,121,97,24,24
72971,95,104,-9,9
72972,99,105,-6,6
72973,59,63,-4,4
72974,140,141,-1,1
72975,109,92,17,17
72976,147,135,12,12
72977,84,87,-3,3
72978,111,108,3,3
72979,85,92,-7,7
72980,63,67,-4,4
72981,64,67,-3,3
72982,75,81,-6,6
72983,136,119,17,17
72984,140,135,5,5
72985,45,47,-2,2
72986,159,148,11,11
72987,110,105,5,5
72988,54,70,-16,16
72989,129,135,-6,6
72990,170,180,-10,10
72991,111,118,-7,7
72992,72,83,-11,11
72993,129,131,-2,2
72994,67,74,-7,7
72995,159,138,21,21
72996,60,55,5,5
72997,91,87,4,4
72998,126,124,2,2
72999,240,177,63,63
73000,113,111,2,2
73001,85,93,-8,8
73002,54,71,-17,17
73003,68,89,-21,21
73004,89,94,-5,5
73005,142,131,11,11
73006,146,143,3,3
73007,87,97,-10,10
73008,122,130,-8,8
73009,81,82,-1,1
73010,77,78,-1,1
73011,113,72,41,41
73012,182,164,18,18
73013,111,103,8,8
73014,97,85,12,12
73015,90,85,5,5
73016,149,122,27,27
73017,62,68,-6,6
73018,121,122,-1,1
73019,90,87,3,3
73020,64,58,6,6
73021,158,143,15,15
73022,89,94,-5,5
73023,93,85,8,8
73024,82,85,-3,3
73025,80,101,-21,21
73026,231,183,48,48
73027,52,58,-6,6
73028,185,155,30,30
73029,125,124,1,1
73030,116,121,-5,5
73031,70,83,-13,13
73032,92,87,5,5
73033,135,142,-7,7
73034,83,95,-12,12
73035,78,97,-19,19
73036,89,72,17,17
73037,98,92,6,6
73038,74,83,-9,9
73039,117,112,5,5
73040,65,199,-134,134
73041,80,92,-12,12
73042,82,77,5,5
73043,144,145,-1,1
73044,64,62,2,2
73045,144,142,2,2
73046,46,44,2,2
73047,29,34,-5,5
73048,81,76,5,5
73049,115,112,3,3
73050,99,98,1,1
73051,80,56,24,24
73052,111,116,-5,5
73053,113,119,-6,6
73054,119,102,17,17
73055,49,54,-5,5
73056,128,130,-2,2
73057,168,163,5,5
73058,52,59,-7,7
73059,115,113,2,2
73060,230,183,47,47
73061,113,133,-20,20
73062,66,68,-2,2
73063,102,119,-17,17
73064,52,55,-3,3
73065,94,95,-1,1
73066,69,75,-6,6
73067,146,142,4,4
73068,130,131,-1,1
73069,82,60,22,22
73070,51,52,-1,1
73071,114,115,-1,1
73072,58,78,-20,20
73073,70,74,-4,4
73074,74,74,0,0
73075,75,74,1,1
73076,54,62,-8,8
73077,134,140,-6,6
73078,46,35,11,11
73079,79,96,-17,17
73080,66,89,-23,23
73081,114,122,-8,8
73082,76,82,-6,6
73083,149,145,4,4
73084,126,119,7,7
73085,91,90,1,1
73086,56,66,-10,10
73087,131,129,2,2
73088,119,127,-8,8
73089,119,107,12,12
73090,124,128,-4,4
73091,142,147,-5,5
73092,215,191,24,24
73093,59,58,1,1
73094,60,67,-7,7
73095,76,91,-15,15
73096,54,50,4,4
73097,78,87,-9,9
73098,133,133,0,0
73099,56,55,1,1
73100,79,79,0,0
73101,74,72,2,2
73102,55,64,-9,9
73103,62,53,9,9
73104,47,56,-9,9
73105,112,128,-16,16
73106,112,107,5,5
73107,122,123,-1,1
73108,104,107,-3,3
73109,81,96,-15,15
73110,76,106,-30,30
73111,61,65,-4,4
73112,230,179,51,51
73113,87,89,-2,2
73114,94,87,7,7
73115,83,80,3,3
73116,154,127,27,27
73117,140,129,11,11
73118,81,88,-7,7
73119,78,88,-10,10
73120,112,113,-1,1
73121,133,129,4,4
73122,72,74,-2,2
73123,150,109,41,41
73124,133,138,-5,5
73125,74,68,6,6
73126,122,119,3,3
73127,90,90,0,0
73128,69,80,-11,11
73129,75,82,-7,7
73130,50,48,2,2
73131,135,126,9,9
73132,126,122,4,4
73133,68,85,-17,17
73134,88,88,0,0
73135,78,93,-15,15
73136,55,60,-5,5
73137,94,88,6,6
73138,57,63,-6,6
73139,70,87,-17,17
73140,150,159,-9,9
73141,67,70,-3,3
73142,78,77,1,1
73143,82,31,51,51
73144,123,136,-13,13
73145,75,71,4,4
73146,151,156,-5,5
73147,79,95,-16,16
73148,116,110,6,6
73149,89,104,-15,15
73150,143,137,6,6
73151,94,101,-7,7
73152,94,101,-7,7
73153,81,101,-20,20
73154,77,91,-14,14
73155,85,87,-2,2
73156,104,100,4,4
73157,58,64,-6,6
73158,76,79,-3,3
73159,72,77,-5,5
73160,90,91,-1,1
73161,126,124,2,2
73162,81,80,1,1
73163,113,116,-3,3
73164,72,89,-17,17
73165,111,121,-10,10
73166,94,102,-8,8
73167,77,75,2,2
73168,76,63,13,13
73169,91,91,0,0
73170,84,86,-2,2
73171,50,52,-2,2
73172,111,104,7,7
73173,160,148,12,12
73174,90,76,14,14
73175,165,168,-3,3
73176,153,138,15,15
73177,38,35,3,3
73178,76,92,-16,16
73179,73,74,-1,1
73180,99,107,-8,8
73181,64,66,-2,2
73182,148,119,29,29
73183,146,139,7,7
73184,86,92,-6,6
73185,70,84,-14,14
73186,74,79,-5,5
73187,102,98,4,4
73188,76,71,5,5
73189,115,71,44,44
73190,111,106,5,5
73191,67,117,-50,50
73192,120,123,-3,3
73193,72,76,-4,4
73194,93,97,-4,4
73195,256,225,31,31
73196,157,157,0,0
73197,70,71,-1,1
73198,95,108,-13,13
73199,99,115,-16,16
73200,94,101,-7,7
73201,81,80,1,1
73202,102,90,12,12
73203,107,109,-2,2
73204,137,121,16,16
73205,91,95,-4,4
73206,90,99,-9,9
73207,68,63,5,5
73208,59,66,-7,7
73209,86,100,-14,14
73210,118,133,-15,15
73211,197,174,23,23
73212,55,12,43,43
73213,82,87,-5,5
73214,96,98,-2,2
73215,88,98,-10,10
73216,72,110,-38,38
73217,56,0,56,56
73218,110,113,-3,3
73219,75,78,-3,3
73220,107,119,-12,12
73221,100,109,-9,9
73222,137,132,5,5
73223,76,82,-6,6
73224,174,163,11,11
73225,101,104,-3,3
73226,85,102,-17,17
73227,53,57,-4,4
73228,108,102,6,6
73229,82,87,-5,5
73230,84,92,-8,8
73231,92,107,-15,15
73232,125,140,-15,15
73233,93,110,-17,17
73234,54,53,1,1
73235,113,103,10,10
73236,196,197,-1,1
73237,71,63,8,8
73238,75,83,-8,8
73239,46,36,10,10
73240,107,119,-12,12
73241,82,78,4,4
73242,88,102,-14,14
73243,57,34,23,23
73244,153,122,31,31
73245,131,144,-13,13
73246,111,130,-19,19
73247,136,121,15,15
73248,58,76,-18,18
73249,85,81,4,4
73250,98,103,-5,5
73251,80,93,-13,13
73252,82,97,-15,15
73253,74,83,-9,9
73254,135,127,8,8
73255,88,89,-1,1
73256,27,46,-19,19
73257,60,83,-23,23
73258,82,76,6,6
73259,176,174,2,2
73260,163,125,38,38
73261,130,135,-5,5
73262,120,115,5,5
73263,143,81,62,62
73264,138,145,-7,7
73265,88,82,6,6
73266,125,124,1,1
73267,81,78,3,3
73268,56,51,5,5
73269,70,85,-15,15
73270,59,77,-18,18
73271,117,118,-1,1
73272,35,37,-2,2
73273,115,110,5,5
73274,59,58,1,1
73275,88,84,4,4
73276,124,134,-10,10
73277,110,103,7,7
73278,118,111,7,7
73279,103,107,-4,4
73280,121,124,-3,3
73281,78,72,6,6
73282,69,84,-15,15
73283,129,131,-2,2
73284,75,54,21,21
73285,54,51,3,3
73286,185,166,19,19
73287,105,93,12,12
73288,65,62,3,3
73289,145,141,4,4
73290,134,124,10,10
73291,102,96,6,6
73292,75,73,2,2
73293,106,100,6,6
73294,122,122,0,0
73295,42,57,-15,15
73296,144,156,-12,12
73297,104,100,4,4
73298,117,100,17,17
73299,69,74,-5,5
73300,63,87,-24,24
73301,184,147,37,37
73302,96,111,-15,15
73303,86,80,6,6
73304,98,108,-10,10
73305,78,81,-3,3
73306,91,83,8,8
73307,53,61,-8,8
73308,79,65,14,14
73309,141,117,24,24
73310,82,91,-9,9
73311,49,48,1,1
73312,109,111,-2,2
73313,61,62,-1,1
73314,90,98,-8,8
73315,61,53,8,8
73316,94,102,-8,8
73317,134,136,-2,2
73318,65,78,-13,13
73319,136,97,39,39
73320,164,157,7,7
73321,98,113,-15,15
73322,83,92,-9,9
73323,40,35,5,5
73324,67,85,-18,18
73325,90,90,0,0
73326,62,50,12,12
73327,60,62,-2,2
73328,115,106,9,9
73329,135,141,-6,6
73330,75,73,2,2
73331,35,63,-28,28
73332,94,110,-16,16
73333,113,114,-1,1
73334,133,134,-1,1
73335,103,84,19,19
73336,108,93,15,15
73337,65,48,17,17
73338,67,66,1,1
73339,121,115,6,6
73340,89,107,-18,18
73341,69,75,-6,6
73342,128,106,22,22
73343,99,91,8,8
73344,100,100,0,0
73345,88,67,21,21
73346,160,140,20,20
73347,94,75,19,19
73348,111,110,1,1
73349,83,76,7,7
73350,51,70,-19,19
73351,126,123,3,3
73352,150,142,8,8
73353,57,59,-2,2
73354,63,77,-14,14
73355,112,116,-4,4
73356,196,184,12,12
73357,71,68,3,3
73358,152,141,11,11
73359,87,94,-7,7
73360,59,55,4,4
73361,144,134,10,10
73362,122,112,10,10
73363,61,56,5,5
73364,99,96,3,3
73365,74,73,1,1
73366,68,58,10,10
73367,92,104,-12,12
73368,147,121,26,26
73369,114,116,-2,2
73370,64,72,-8,8
73371,92,72,20,20
73372,85,74,11,11
73373,100,96,4,4
73374,142,136,6,6
73375,34,90,-56,56
73376,107,94,13,13
73377,110,103,7,7
73378,154,137,17,17
73379,69,79,-10,10
73380,91,114,-23,23
73381,124,111,13,13
73382,71,63,8,8
73383,61,51,10,10
73384,110,117,-7,7
73385,86,101,-15,15
73386,143,142,1,1
73387,65,73,-8,8
73388,82,62,20,20
73389,90,108,-18,18
73390,156,161,-5,5
73391,177,164,13,13
73392,108,115,-7,7
73393,100,129,-29,29
73394,60,74,-14,14
73395,81,85,-4,4
73396,99,99,0,0
73397,63,87,-24,24
73398,87,80,7,7
73399,53,70,-17,17
73400,47,52,-5,5
73401,65,72,-7,7
73402,79,85,-6,6
73403,65,69,-4,4
73404,99,103,-4,4
73405,61,52,9,9
73406,101,113,-12,12
73407,75,77,-2,2
73408,99,94,5,5
73409,84,90,-6,6
73410,130,124,6,6
73411,147,134,13,13
73412,103,109,-6,6
73413,48,45,3,3
73414,88,83,5,5
73415,115,123,-8,8
73416,81,85,-4,4
73417,69,87,-18,18
73418,144,148,-4,4
73419,103,112,-9,9
73420,84,83,1,1
73421,175,167,8,8
73422,133,123,10,10
73423,88,105,-17,17
73424,112,117,-5,5
73425,98,107,-9,9
73426,79,80,-1,1
73427,65,72,-7,7
73428,75,82,-7,7
73429,101,111,-10,10
73430,44,53,-9,9
73431,89,96,-7,7
73432,107,106,1,1
73433,85,79,6,6
73434,42,37,5,5
73435,86,111,-25,25
73436,92,90,2,2
73437,70,75,-5,5
73438,79,84,-5,5
73439,39,71,-32,32
73440,90,91,-1,1
73441,126,123,3,3
73442,116,122,-6,6
73443,69,80,-11,11
73444,51,43,8,8
73445,107,98,9,9
73446,88,73,15,15
73447,104,94,10,10
73448,81,85,-4,4
73449,78,73,5,5
73450,87,104,-17,17
73451,63,88,-25,25
73452,92,87,5,5
73453,125,136,-11,11
73454,113,116,-3,3
73455,50,49,1,1
73456,71,80,-9,9
73457,78,74,4,4
73458,65,75,-10,10
73459,145,143,2,2
73460,64,56,8,8
73461,83,85,-2,2
73462,162,147,15,15
73463,84,97,-13,13
73464,149,143,6,6
73465,68,70,-2,2
73466,84,89,-5,5
73467,74,77,-3,3
73468,106,105,1,1
73469,87,96,-9,9
73470,102,138,-36,36
73471,142,124,18,18
73472,159,145,14,14
73473,49,56,-7,7
73474,133,139,-6,6
73475,89,94,-5,5
73476,47,44,3,3
73477,111,120,-9,9
73478,79,75,4,4
73479,108,117,-9,9
73480,58,58,0,0
73481,111,124,-13,13
73482,46,48,-2,2
73483,69,74,-5,5
73484,144,144,0,0
73485,122,126,-4,4
73486,114,110,4,4
73487,60,70,-10,10
73488,75,83,-8,8
73489,79,83,-4,4
73490,97,98,-1,1
73491,177,183,-6,6
73492,111,103,8,8
73493,35,62,-27,27
73494,133,119,14,14
73495,58,45,13,13
73496,114,97,17,17
73497,80,86,-6,6
73498,133,121,12,12
73499,116,116,0,0
73500,88,86,2,2
73501,126,123,3,3
73502,135,118,17,17
73503,85,93,-8,8
73504,154,144,10,10
73505,118,116,2,2
73506,92,86,6,6
73507,146,141,5,5
73508,63,64,-1,1
73509,77,64,13,13
73510,113,128,-15,15
73511,110,149,-39,39
73512,63,61,2,2
73513,78,76,2,2
73514,130,116,14,14
73515,64,47,17,17
73516,81,91,-10,10
73517,75,66,9,9
73518,41,40,1,1
73519,139,136,3,3
73520,60,67,-7,7
73521,81,82,-1,1
73522,108,110,-2,2
73523,102,92,10,10
73524,63,86,-23,23
73525,111,105,6,6
73526,42,42,0,0
73527,93,100,-7,7
73528,106,101,5,5
73529,92,93,-1,1
73530,87,90,-3,3
73531,100,107,-7,7
73532,73,77,-4,4
73533,65,77,-12,12
73534,84,93,-9,9
73535,158,154,4,4
73536,73,69,4,4
73537,116,139,-23,23
73538,79,87,-8,8
73539,114,111,3,3
73540,108,113,-5,5
73541,89,98,-9,9
73542,65,51,14,14
73543,123,117,6,6
73544,70,82,-12,12
73545,58,59,-1,1
73546,61,78,-17,17
73547,118,134,-16,16
73548,91,101,-10,10
73549,82,91,-9,9
73550,42,59,-17,17
73551,43,39,4,4
73552,144,116,28,28
73553,60,80,-20,20
73554,29,60,-31,31
73555,111,106,5,5
73556,69,67,2,2
73557,192,177,15,15
73558,88,103,-15,15
73559,64,67,-3,3
73560,131,125,6,6
73561,107,121,-14,14
73562,95,110,-15,15
73563,70,104,-34,34
73564,51,34,17,17
73565,195,167,28,28
73566,77,79,-2,2
73567,117,123,-6,6
73568,87,81,6,6
73569,46,40,6,6
73570,71,80,-9,9
73571,65,66,-1,1
73572,171,158,13,13
73573,106,113,-7,7
73574,82,83,-1,1
73575,130,124,6,6
73576,58,72,-14,14
73577,105,107,-2,2
73578,121,115,6,6
73579,148,160,-12,12
73580,87,94,-7,7
73581,98,115,-17,17
73582,74,81,-7,7
73583,138,141,-3,3
73584,95,112,-17,17
73585,104,123,-19,19
73586,64,57,7,7
73587,74,79,-5,5
73588,126,110,16,16
73589,93,90,3,3
73590,80,78,2,2
73591,62,73,-11,11
73592,56,70,-14,14
73593,91,99,-8,8
73594,202,171,31,31
73595,97,107,-10,10
73596,109,125,-16,16
73597,62,46,16,16
73598,156,156,0,0
73599,62,51,11,11
73600,156,141,15,15
73601,60,44,16,16
73602,67,67,0,0
73603,109,120,-11,11
73604,129,123,6,6
73605,126,120,6,6
73606,141,136,5,5
73607,117,117,0,0
73608,167,155,12,12
73609,123,135,-12,12
73610,127,114,13,13
73611,70,74,-4,4
73612,67,76,-9,9
73613,93,92,1,1
73614,79,100,-21,21
73615,80,78,2,2
73616,81,92,-11,11
73617,77,66,11,11
73618,57,20,37,37
73619,125,135,-10,10
73620,137,117,20,20
73621,98,98,0,0
73622,76,74,2,2
73623,99,100,-1,1
73624,88,104,-16,16
73625,71,75,-4,4
73626,85,82,3,3
73627,93,99,-6,6
73628,112,103,9,9
73629,63,70,-7,7
73630,79,90,-11,11
73631,90,86,4,4
73632,71,70,1,1
73633,67,74,-7,7
73634,147,118,29,29
73635,57,64,-7,7
73636,61,56,5,5
73637,100,94,6,6
73638,79,63,16,16
73639,136,106,30,30
73640,88,94,-6,6
73641,67,58,9,9
73642,173,138,35,35
73643,111,98,13,13
73644,96,82,14,14
73645,91,70,21,21
73646,90,73,17,17
73647,93,105,-12,12
73648,99,99,0,0
73649,57,50,7,7
73650,71,61,10,10
73651,165,163,2,2
73652,91,106,-15,15
73653,59,42,17,17
73654,103,105,-2,2
73655,72,69,3,3
73656,95,94,1,1
73657,86,71,15,15
73658,142,117,25,25
73659,92,102,-10,10
73660,86,97,-11,11
73661,143,139,4,4
73662,37,50,-13,13
73663,66,64,2,2
73664,121,132,-11,11
73665,89,16,73,73
73666,54,93,-39,39
73667,64,65,-1,1
73668,48,43,5,5
73669,33,25,8,8
73670,154,134,20,20
73671,55,64,-9,9
73672,85,70,15,15
73673,68,73,-5,5
73674,88,93,-5,5
73675,61,31,30,30
73676,123,119,4,4
73677,98,119,-21,21
73678,161,153,8,8
73679,53,78,-25,25
73680,68,78,-10,10
73681,131,134,-3,3
73682,100,67,33,33
73683,64,62,2,2
73684,109,130,-21,21
73685,87,87,0,0
73686,78,85,-7,7
73687,56,75,-19,19
73688,96,85,11,11
73689,104,97,7,7
73690,94,99,-5,5
73691,66,70,-4,4
73692,106,98,8,8
73693,132,150,-18,18
73694,142,122,20,20
73695,112,121,-9,9
73696,104,94,10,10
73697,129,145,-16,16
73698,107,106,1,1
73699,137,151,-14,14
73700,81,82,-1,1
73701,57,56,1,1
73702,126,109,17,17
73703,57,73,-16,16
73704,141,134,7,7
73705,94,96,-2,2
73706,56,59,-3,3
73707,100,95,5,5
73708,65,86,-21,21
73709,153,151,2,2
73710,106,100,6,6
73711,65,72,-7,7
73712,89,94,-5,5
73713,69,53,16,16
73714,172,166,6,6
73715,74,76,-2,2
73716,55,66,-11,11
73717,95,92,3,3
73718,80,84,-4,4
73719,72,70,2,2
73720,69,63,6,6
73721,77,90,-13,13
73722,136,134,2,2
73723,60,74,-14,14
73724,106,100,6,6
73725,98,86,12,12
73726,113,107,6,6
73727,66,66,0,0
73728,117,103,14,14
73729,75,72,3,3
73730,123,115,8,8
73731,54,55,-1,1
73732,157,167,-10,10
73733,100,84,16,16
73734,74,75,-1,1
73735,61,76,-15,15
73736,72,68,4,4
73737,81,76,5,5
73738,138,129,9,9
73739,137,151,-14,14
73740,163,160,3,3
73741,65,85,-20,20
73742,130,129,1,1
73743,68,72,-4,4
73744,97,102,-5,5
73745,167,112,55,55
73746,93,81,12,12
73747,63,71,-8,8
73748,91,80,11,11
73749,174,172,2,2
73750,138,125,13,13
73751,75,78,-3,3
73752,129,144,-15,15
73753,116,113,3,3
73754,47,35,12,12
73755,116,103,13,13
73756,103,88,15,15
73757,112,98,14,14
73758,133,138,-5,5
73759,55,54,1,1
73760,75,79,-4,4
73761,53,59,-6,6
73762,88,103,-15,15
73763,132,139,-7,7
73764,35,44,-9,9
73765,45,74,-29,29
73766,67,80,-13,13
73767,124,118,6,6
73768,148,143,5,5
73769,138,127,11,11
73770,98,100,-2,2
73771,81,94,-13,13
73772,54,69,-15,15
73773,35,41,-6,6
73774,69,73,-4,4
73775,66,65,1,1
73776,116,111,5,5
73777,86,84,2,2
73778,95,101,-6,6
73779,95,110,-15,15
73780,61,45,16,16
73781,79,77,2,2
73782,74,94,-20,20
73783,117,121,-4,4
73784,63,70,-7,7
73785,138,125,13,13
73786,125,130,-5,5
73787,95,92,3,3
73788,66,72,-6,6
73789,53,63,-10,10
73790,83,79,4,4
73791,60,76,-16,16
73792,52,61,-9,9
73793,55,57,-2,2
73794,100,106,-6,6
73795,91,109,-18,18
73796,87,105,-18,18
73797,63,63,0,0
73798,122,102,20,20
73799,75,76,-1,1
73800,57,79,-22,22
73801,55,50,5,5
73802,110,114,-4,4
73803,88,95,-7,7
73804,155,146,9,9
73805,96,102,-6,6
73806,81,74,7,7
73807,102,98,4,4
73808,141,127,14,14
73809,105,113,-8,8
73810,68,72,-4,4
73811,80,82,-2,2
73812,94,110,-16,16
73813,60,71,-11,11
73814,107,100,7,7
73815,112,112,0,0
73816,92,94,-2,2
73817,86,73,13,13
73818,131,104,27,27
73819,62,65,-3,3
73820,146,155,-9,9
73821,67,95,-28,28
73822,77,91,-14,14
73823,101,112,-11,11
73824,80,87,-7,7
73825,97,87,10,10
73826,140,133,7,7
73827,128,133,-5,5
73828,108,96,12,12
73829,91,93,-2,2
73830,91,102,-11,11
73831,87,81,6,6
73832,151,136,15,15
73833,91,94,-3,3
73834,161,148,13,13
73835,60,88,-28,28
73836,135,126,9,9
73837,73,86,-13,13
73838,88,86,2,2
73839,71,67,4,4
73840,80,69,11,11
73841,50,61,-11,11
73842,106,95,11,11
73843,66,67,-1,1
73844,90,100,-10,10
73845,122,100,22,22
73846,99,100,-1,1
73847,73,90,-17,17
73848,60,57,3,3
73849,63,101,-38,38
73850,105,110,-5,5
73851,34,17,17,17
73852,74,76,-2,2
73853,122,138,-16,16
73854,123,109,14,14
73855,66,61,5,5
73856,122,116,6,6
73857,114,109,5,5
73858,165,152,13,13
73859,139,167,-28,28
73860,58,53,5,5
73861,70,65,5,5
73862,71,57,14,14
73863,158,161,-3,3
73864,66,65,1,1
73865,166,138,28,28
73866,129,138,-9,9
73867,91,82,9,9
73868,109,137,-28,28
73869,118,117,1,1
73870,90,95,-5,5
73871,125,124,1,1
73872,94,85,9,9
73873,107,108,-1,1
73874,144,110,34,34
73875,83,80,3,3
73876,71,78,-7,7
73877,93,94,-1,1
73878,103,106,-3,3
73879,78,79,-1,1
73880,33,80,-47,47
73881,44,101,-57,57
73882,129,119,10,10
73883,210,184,26,26
73884,98,103,-5,5
73885,60,84,-24,24
73886,110,109,1,1
73887,56,56,0,0
73888,149,132,17,17
73889,86,81,5,5
73890,101,107,-6,6
73891,80,64,16,16
73892,96,100,-4,4
73893,66,81,-15,15
73894,73,76,-3,3
73895,87,72,15,15
73896,73,66,7,7
73897,96,84,12,12
73898,36,57,-21,21
73899,171,160,11,11
73900,125,127,-2,2
73901,82,79,3,3
73902,79,76,3,3
73903,148,144,4,4
73904,137,147,-10,10
73905,82,91,-9,9
73906,72,88,-16,16
73907,57,50,7,7
73908,162,137,25,25
73909,148,139,9,9
73910,82,89,-7,7
73911,76,97,-21,21
73912,72,53,19,19
73913,42,24,18,18
73914,102,109,-7,7
73915,61,69,-8,8
73916,107,119,-12,12
73917,72,85,-13,13
73918,117,126,-9,9
73919,70,82,-12,12
73920,60,53,7,7
73921,110,92,18,18
73922,94,93,1,1
73923,121,129,-8,8
73924,102,114,-12,12
73925,61,63,-2,2
73926,69,70,-1,1
73927,51,70,-19,19
73928,113,121,-8,8
73929,148,164,-16,16
73930,129,77,52,52
73931,60,77,-17,17
73932,82,99,-17,17
73933,149,143,6,6
73934,64,58,6,6
73935,95,106,-11,11
73936,105,113,-8,8
73937,129,118,11,11
73938,140,134,6,6
73939,143,134,9,9
73940,67,63,4,4
73941,81,75,6,6
73942,131,117,14,14
73943,61,58,3,3
73944,95,90,5,5
73945,121,116,5,5
73946,96,86,10,10
73947,159,142,17,17
73948,51,62,-11,11
73949,72,69,3,3
73950,83,87,-4,4
73951,114,109,5,5
73952,90,104,-14,14
73953,72,68,4,4
73954,88,87,1,1
73955,149,151,-2,2
73956,69,75,-6,6
73957,67,68,-1,1
73958,65,56,9,9
73959,119,129,-10,10
73960,146,139,7,7
73961,75,90,-15,15
73962,175,147,28,28
73963,109,112,-3,3
73964,80,75,5,5
73965,99,90,9,9
73966,137,138,-1,1
73967,77,97,-20,20
73968,44,78,-34,34
73969,96,92,4,4
73970,55,57,-2,2
73971,113,105,8,8
73972,108,114,-6,6
73973,55,55,0,0
73974,138,119,19,19
73975,74,69,5,5
73976,69,67,2,2
73977,131,143,-12,12
73978,129,164,-35,35
73979,103,105,-2,2
73980,50,49,1,1
73981,90,101,-11,11
73982,42,39,3,3
73983,140,156,-16,16
73984,76,106,-30,30
73985,113,105,8,8
73986,43,69,-26,26
73987,73,91,-18,18
73988,116,118,-2,2
73989,112,128,-16,16
73990,126,131,-5,5
73991,98,98,0,0
73992,83,72,11,11
73993,51,64,-13,13
73994,73,112,-39,39
73995,220,148,72,72
73996,72,95,-23,23
73997,63,63,0,0
73998,107,113,-6,6
73999,90,87,3,3
74000,50,67,-17,17
74001,100,107,-7,7
74002,126,121,5,5
74003,73,79,-6,6
74004,88,95,-7,7
74005,65,80,-15,15
74006,73,72,1,1
74007,83,98,-15,15
74008,118,143,-25,25
74009,77,81,-4,4
74010,175,149,26,26
74011,101,106,-5,5
74012,72,73,-1,1
74013,84,91,-7,7
74014,320,354,-34,34
74015,86,107,-21,21
74016,48,58,-10,10
74017,82,78,4,4
74018,111,110,1,1
74019,83,84,-1,1
74020,105,95,10,10
74021,87,98,-11,11
74022,92,86,6,6
74023,106,108,-2,2
74024,179,160,19,19
74025,123,111,12,12
74026,68,96,-28,28
74027,52,55,-3,3
74028,155,134,21,21
74029,97,101,-4,4
74030,78,83,-5,5
74031,52,44,8,8
74032,62,55,7,7
74033,92,99,-7,7
74034,113,118,-5,5
74035,141,140,1,1
74036,66,69,-3,3
74037,97,88,9,9
74038,80,99,-19,19
74039,71,92,-21,21
74040,117,118,-1,1
74041,202,175,27,27
74042,89,87,2,2
74043,65,80,-15,15
74044,83,85,-2,2
74045,151,141,10,10
74046,68,61,7,7
74047,84,104,-20,20
74048,114,105,9,9
74049,67,80,-13,13
74050,48,45,3,3
74051,108,110,-2,2
74052,159,122,37,37
74053,84,89,-5,5
74054,153,137,16,16
74055,52,60,-8,8
74056,159,155,4,4
74057,118,133,-15,15
74058,83,89,-6,6
74059,50,63,-13,13
74060,125,121,4,4
74061,41,105,-64,64
74062,62,74,-12,12
74063,85,88,-3,3
74064,133,138,-5,5
74065,129,122,7,7
74066,97,84,13,13
74067,102,108,-6,6
74068,23,33,-10,10
74069,74,85,-11,11
74070,41,46,-5,5
74071,108,117,-9,9
74072,104,110,-6,6
74073,108,89,19,19
74074,97,95,2,2
74075,74,81,-7,7
74076,94,102,-8,8
74077,78,90,-12,12
74078,117,127,-10,10
74079,119,118,1,1
74080,60,64,-4,4
74081,86,88,-2,2
74082,84,82,2,2
74083,72,76,-4,4
74084,93,108,-15,15
74085,72,78,-6,6
74086,156,105,51,51
74087,73,74,-1,1
74088,108,87,21,21
74089,126,137,-11,11
74090,93,84,9,9
74091,79,63,16,16
74092,181,146,35,35
74093,83,75,8,8
74094,119,119,0,0
74095,71,78,-7,7
74096,77,103,-26,26
74097,104,114,-10,10
74098,72,77,-5,5
74099,68,62,6,6
74100,98,109,-11,11
74101,57,94,-37,37
74102,80,102,-22,22
74103,73,104,-31,31
74104,191,172,19,19
74105,100,101,-1,1
74106,132,120,12,12
74107,40,38,2,2
74108,54,41,13,13
74109,154,152,2,2
74110,139,130,9,9
74111,107,113,-6,6
74112,128,119,9,9
74113,133,126,7,7
74114,83,76,7,7
74115,63,106,-43,43
74116,81,87,-6,6
74117,163,133,30,30
74118,109,113,-4,4
74119,63,70,-7,7
74120,90,97,-7,7
74121,81,106,-25,25
74122,66,51,15,15
74123,120,126,-6,6
74124,89,85,4,4
74125,67,78,-11,11
74126,85,111,-26,26
74127,78,76,2,2
74128,75,76,-1,1
74129,198,172,26,26
74130,92,101,-9,9
74131,118,107,11,11
74132,57,70,-13,13
74133,155,153,2,2
74134,86,92,-6,6
74135,67,71,-4,4
74136,178,159,19,19
74137,68,86,-18,18
74138,85,93,-8,8
74139,79,90,-11,11
74140,93,88,5,5
74141,50,65,-15,15
74142,58,67,-9,9
74143,104,103,1,1
74144,100,105,-5,5
74145,201,185,16,16
74146,105,110,-5,5
74147,105,105,0,0
74148,90,96,-6,6
74149,68,65,3,3
74150,74,80,-6,6
74151,60,59,1,1
74152,59,71,-12,12
74153,97,104,-7,7
74154,87,90,-3,3
74155,55,57,-2,2
74156,111,111,0,0
74157,119,100,19,19
74158,115,113,2,2
74159,59,57,2,2
74160,61,64,-3,3
74161,30,124,-94,94
74162,96,93,3,3
74163,131,113,18,18
74164,183,182,1,1
74165,161,151,10,10
74166,146,149,-3,3
74167,200,165,35,35
74168,100,104,-4,4
74169,114,112,2,2
74170,108,101,7,7
74171,73,77,-4,4
74172,75,71,4,4
74173,72,75,-3,3
74174,143,151,-8,8
74175,101,89,12,12
74176,66,82,-16,16
74177,164,118,46,46
74178,85,82,3,3
74179,88,91,-3,3
74180,98,103,-5,5
74181,54,112,-58,58
74182,95,97,-2,2
74183,64,55,9,9
74184,144,127,17,17
74185,105,99,6,6
74186,102,114,-12,12
74187,114,104,10,10
74188,54,67,-13,13
74189,112,102,10,10
74190,181,159,22,22
74191,110,108,2,2
74192,75,91,-16,16
74193,51,59,-8,8
74194,98,101,-3,3
74195,85,90,-5,5
74196,54,65,-11,11
74197,57,59,-2,2
74198,77,82,-5,5
74199,66,53,13,13
74200,84,54,30,30
74201,102,109,-7,7
74202,124,122,2,2
74203,129,121,8,8
74204,195,206,-11,11
74205,111,108,3,3
74206,109,105,4,4
74207,68,62,6,6
74208,57,66,-9,9
74209,76,90,-14,14
74210,99,91,8,8
74211,78,87,-9,9
74212,124,120,4,4
74213,83,78,5,5
74214,82,90,-8,8
74215,73,87,-14,14
74216,66,81,-15,15
74217,102,100,2,2
74218,107,120,-13,13
74219,101,109,-8,8
74220,119,126,-7,7
74221,120,111,9,9
74222,69,79,-10,10
74223,80,103,-23,23
74224,113,116,-3,3
74225,63,80,-17,17
74226,94,98,-4,4
74227,146,138,8,8
74228,109,111,-2,2
74229,117,112,5,5
74230,66,81,-15,15
74231,151,109,42,42
74232,60,59,1,1
74233,146,150,-4,4
74234,135,143,-8,8
74235,90,79,11,11
74236,48,47,1,1
74237,71,70,1,1
74238,155,159,-4,4
74239,86,81,5,5
74240,111,130,-19,19
74241,96,91,5,5
74242,137,148,-11,11
74243,81,94,-13,13
74244,60,75,-15,15
74245,83,92,-9,9
74246,106,112,-6,6
74247,67,81,-14,14
74248,52,56,-4,4
74249,104,107,-3,3
74250,73,81,-8,8
74251,87,6,81,81
74252,148,147,1,1
74253,77,83,-6,6
74254,92,101,-9,9
74255,201,177,24,24
74256,50,52,-2,2
74257,149,143,6,6
74258,150,112,38,38
74259,89,84,5,5
74260,131,136,-5,5
74261,73,68,5,5
74262,83,55,28,28
74263,155,153,2,2
74264,80,78,2,2
74265,128,131,-3,3
74266,59,63,-4,4
74267,85,90,-5,5
74268,87,111,-24,24
74269,85,84,1,1
74270,72,69,3,3
74271,72,101,-29,29
74272,56,60,-4,4
74273,127,127,0,0
74274,73,71,2,2
74275,94,83,11,11
74276,72,70,2,2
74277,48,41,7,7
74278,130,124,6,6
74279,103,98,5,5
74280,96,94,2,2
74281,140,106,34,34
74282,63,74,-11,11
74283,61,52,9,9
74284,78,82,-4,4
74285,75,72,3,3
74286,81,85,-4,4
74287,79,94,-15,15
74288,94,96,-2,2
74289,117,121,-4,4
74290,59,49,10,10
74291,84,80,4,4
74292,149,139,10,10
74293,109,106,3,3
74294,46,47,-1,1
74295,131,121,10,10
74296,118,122,-4,4
74297,83,94,-11,11
74298,68,103,-35,35
74299,70,78,-8,8
74300,49,52,-3,3
74301,73,80,-7,7
74302,132,142,-10,10
74303,93,92,1,1
74304,159,171,-12,12
74305,107,114,-7,7
74306,185,166,19,19
74307,143,139,4,4
74308,60,62,-2,2
74309,78,83,-5,5
74310,106,108,-2,2
74311,98,109,-11,11
74312,101,91,10,10
74313,39,55,-16,16
74314,104,113,-9,9
74315,51,75,-24,24
74316,88,90,-2,2
74317,83,80,3,3
74318,116,135,-19,19
74319,59,65,-6,6
74320,88,87,1,1
74321,206,166,40,40
74322,147,108,39,39
74323,40,48,-8,8
74324,45,52,-7,7
74325,89,93,-4,4
74326,146,141,5,5
74327,76,88,-12,12
74328,92,81,11,11
74329,35,57,-22,22
74330,77,95,-18,18
74331,104,100,4,4
74332,97,99,-2,2
74333,135,143,-8,8
74334,63,57,6,6
74335,54,56,-2,2
74336,117,115,2,2
74337,79,73,6,6
74338,64,73,-9,9
74339,63,68,-5,5
74340,63,78,-15,15
74341,80,80,0,0
74342,136,135,1,1
74343,106,91,15,15
74344,76,69,7,7
74345,80,84,-4,4
74346,126,119,7,7
74347,96,75,21,21
74348,56,62,-6,6
74349,124,127,-3,3
74350,137,133,4,4
74351,63,82,-19,19
74352,59,42,17,17
74353,102,102,0,0
74354,41,25,16,16
74355,84,94,-10,10
74356,99,106,-7,7
74357,108,125,-17,17
74358,125,128,-3,3
74359,115,106,9,9
74360,84,93,-9,9
74361,100,109,-9,9
74362,128,132,-4,4
74363,60,71,-11,11
74364,77,78,-1,1
74365,63,71,-8,8
74366,90,96,-6,6
74367,64,86,-22,22
74368,61,81,-20,20
74369,99,101,-2,2
74370,97,109,-12,12
74371,65,54,11,11
74372,99,104,-5,5
74373,181,152,29,29
74374,83,83,0,0
74375,102,98,4,4
74376,136,139,-3,3
74377,56,59,-3,3
74378,132,126,6,6
74379,76,78,-2,2
74380,101,96,5,5
74381,110,98,12,12
74382,51,66,-15,15
74383,60,70,-10,10
74384,127,127,0,0
74385,81,104,-23,23
74386,59,62,-3,3
74387,82,87,-5,5
74388,103,103,0,0
74389,99,94,5,5
74390,50,35,15,15
74391,85,82,3,3
74392,67,52,15,15
74393,125,125,0,0
74394,93,86,7,7
74395,116,109,7,7
74396,68,84,-16,16
74397,77,80,-3,3
74398,95,100,-5,5
74399,59,81,-22,22
74400,111,103,8,8
74401,79,84,-5,5
74402,84,82,2,2
74403,89,117,-28,28
74404,164,159,5,5
74405,72,81,-9,9
74406,78,93,-15,15
74407,149,154,-5,5
74408,95,77,18,18
74409,85,122,-37,37
74410,96,91,5,5
74411,72,76,-4,4
74412,112,101,11,11
74413,77,84,-7,7
74414,40,37,3,3
74415,110,111,-1,1
74416,59,67,-8,8
74417,107,109,-2,2
74418,66,91,-25,25
74419,87,96,-9,9
74420,72,84,-12,12
74421,85,97,-12,12
74422,49,43,6,6
74423,72,76,-4,4
74424,156,136,20,20
74425,75,83,-8,8
74426,83,76,7,7
74427,107,107,0,0
74428,97,98,-1,1
74429,108,93,15,15
74430,89,89,0,0
74431,103,115,-12,12
74432,133,105,28,28
74433,56,62,-6,6
74434,77,87,-10,10
74435,88,68,20,20
74436,106,133,-27,27
74437,134,141,-7,7
74438,81,83,-2,2
74439,126,122,4,4
74440,69,85,-16,16
74441,120,156,-36,36
74442,121,117,4,4
74443,62,64,-2,2
74444,85,85,0,0
74445,93,91,2,2
74446,111,106,5,5
74447,99,124,-25,25
74448,50,59,-9,9
74449,98,98,0,0
74450,83,102,-19,19
74451,94,109,-15,15
74452,144,139,5,5
74453,49,69,-20,20
74454,46,33,13,13
74455,87,105,-18,18
74456,80,85,-5,5
74457,150,126,24,24
74458,67,87,-20,20
74459,39,35,4,4
74460,82,95,-13,13
74461,76,72,4,4
74462,56,59,-3,3
74463,33,39,-6,6
74464,95,97,-2,2
74465,67,49,18,18
74466,87,88,-1,1
74467,101,107,-6,6
74468,62,62,0,0
74469,62,82,-20,20
74470,93,92,1,1
74471,71,61,10,10
74472,79,82,-3,3
74473,86,88,-2,2
74474,70,67,3,3
74475,117,116,1,1
74476,51,67,-16,16
74477,168,149,19,19
74478,120,121,-1,1
74479,99,90,9,9
74480,73,77,-4,4
74481,120,125,-5,5
74482,136,134,2,2
74483,57,39,18,18
74484,89,85,4,4
74485,89,107,-18,18
74486,81,76,5,5
74487,72,60,12,12
74488,104,105,-1,1
74489,141,138,3,3
74490,79,91,-12,12
74491,167,152,15,15
74492,86,89,-3,3
74493,138,132,6,6
74494,66,73,-7,7
74495,59,49,10,10
74496,110,126,-16,16
74497,82,85,-3,3
74498,92,94,-2,2
74499,62,51,11,11
74500,82,82,0,0
74501,62,55,7,7
74502,94,96,-2,2
74503,135,151,-16,16
74504,227,249,-22,22
74505,85,100,-15,15
74506,74,94,-20,20
74507,106,140,-34,34
74508,52,62,-10,10
74509,96,104,-8,8
74510,97,103,-6,6
74511,143,144,-1,1
74512,84,62,22,22
74513,77,68,9,9
74514,49,56,-7,7
74515,116,109,7,7
74516,67,99,-32,32
74517,74,82,-8,8
74518,83,85,-2,2
74519,77,74,3,3
74520,113,116,-3,3
74521,125,131,-6,6
74522,59,68,-9,9
74523,62,69,-7,7
74524,148,126,22,22
74525,56,69,-13,13
74526,85,88,-3,3
74527,158,141,17,17
74528,79,87,-8,8
74529,87,85,2,2
74530,115,121,-6,6
74531,62,52,10,10
74532,78,62,16,16
74533,107,109,-2,2
74534,129,123,6,6
74535,109,116,-7,7
74536,46,46,0,0
74537,73,58,15,15
74538,47,37,10,10
74539,57,69,-12,12
74540,136,138,-2,2
74541,74,72,2,2
74542,73,64,9,9
74543,117,121,-4,4
74544,64,49,15,15
74545,65,75,-10,10
74546,61,62,-1,1
74547,40,56,-16,16
74548,84,82,2,2
74549,96,86,10,10
74550,108,108,0,0
74551,148,146,2,2
74552,111,115,-4,4
74553,131,124,7,7
74554,55,56,-1,1
74555,132,130,2,2
74556,156,132,24,24
74557,68,43,25,25
74558,109,54,55,55
74559,65,61,4,4
74560,78,68,10,10
74561,136,131,5,5
74562,190,181,9,9
74563,157,148,9,9
74564,110,110,0,0
74565,50,49,1,1
74566,123,122,1,1
74567,127,130,-3,3
74568,88,95,-7,7
74569,116,117,-1,1
74570,85,93,-8,8
74571,116,115,1,1
74572,181,162,19,19
74573,87,86,1,1
74574,135,142,-7,7
74575,64,72,-8,8
74576,92,102,-10,10
74577,59,58,1,1
74578,81,70,11,11
74579,71,67,4,4
74580,130,130,0,0
74581,96,83,13,13
74582,86,83,3,3
74583,107,125,-18,18
74584,118,89,29,29
74585,93,93,0,0
74586,88,93,-5,5
74587,54,59,-5,5
74588,101,108,-7,7
74589,58,74,-16,16
74590,109,109,0,0
74591,106,112,-6,6
74592,139,139,0,0
74593,50,59,-9,9
74594,168,172,-4,4
74595,115,99,16,16
74596,70,82,-12,12
74597,92,109,-17,17
74598,133,129,4,4
74599,74,73,1,1
74600,159,134,25,25
74601,120,107,13,13
74602,84,99,-15,15
74603,103,116,-13,13
74604,183,160,23,23
74605,139,151,-12,12
74606,86,57,29,29
74607,82,86,-4,4
74608,61,72,-11,11
74609,123,104,19,19
74610,87,87,0,0
74611,135,142,-7,7
74612,99,88,11,11
74613,74,75,-1,1
74614,74,76,-2,2
74615,139,139,0,0
74616,85,86,-1,1
74617,70,72,-2,2
74618,106,105,1,1
74619,123,128,-5,5
74620,100,98,2,2
74621,61,57,4,4
74622,92,99,-7,7
74623,132,134,-2,2
74624,59,59,0,0
74625,226,149,77,77
74626,84,78,6,6
74627,165,160,5,5
74628,83,92,-9,9
74629,115,126,-11,11
74630,159,138,21,21
74631,93,93,0,0
74632,126,132,-6,6
74633,51,37,14,14
74634,118,120,-2,2
74635,80,76,4,4
74636,161,147,14,14
74637,91,98,-7,7
74638,83,82,1,1
74639,91,81,10,10
74640,234,175,59,59
74641,78,85,-7,7
74642,101,101,0,0
74643,72,72,0,0
74644,92,77,15,15
74645,44,60,-16,16
74646,76,79,-3,3
74647,106,123,-17,17
74648,119,114,5,5
74649,111,97,14,14
74650,111,124,-13,13
74651,105,91,14,14
74652,62,76,-14,14
74653,113,120,-7,7
74654,94,87,7,7
74655,155,143,12,12
74656,59,56,3,3
74657,86,93,-7,7
74658,61,100,-39,39
74659,198,173,25,25
74660,83,72,11,11
74661,50,55,-5,5
74662,126,124,2,2
74663,95,87,8,8
74664,95,76,19,19
74665,24,15,9,9
74666,90,102,-12,12
74667,47,53,-6,6
74668,64,74,-10,10
74669,107,104,3,3
74670,94,76,18,18
74671,77,88,-11,11
74672,111,131,-20,20
74673,107,118,-11,11
74674,33,26,7,7
74675,73,74,-1,1
74676,63,71,-8,8
74677,90,89,1,1
74678,89,167,-78,78
74679,79,72,7,7
74680,128,137,-9,9
74681,91,87,4,4
74682,114,119,-5,5
74683,103,101,2,2
74684,61,37,24,24
74685,122,137,-15,15
74686,114,116,-2,2
74687,143,134,9,9
74688,75,76,-1,1
74689,66,70,-4,4
74690,90,97,-7,7
74691,108,97,11,11
74692,74,88,-14,14
74693,137,119,18,18
74694,121,108,13,13
74695,85,112,-27,27
74696,47,40,7,7
74697,51,54,-3,3
74698,79,74,5,5
74699,80,85,-5,5
74700,111,117,-6,6
74701,126,133,-7,7
74702,37,32,5,5
74703,87,84,3,3
74704,102,93,9,9
74705,73,68,5,5
74706,81,77,4,4
74707,85,75,10,10
74708,127,100,27,27
74709,127,110,17,17
74710,93,102,-9,9
74711,122,126,-4,4
74712,175,158,17,17
74713,96,97,-1,1
74714,88,90,-2,2
74715,162,143,19,19
74716,124,134,-10,10
74717,42,20,22,22
74718,90,85,5,5
74719,91,90,1,1
74720,129,132,-3,3
74721,53,42,11,11
74722,75,83,-8,8
74723,88,84,4,4
74724,70,75,-5,5
74725,185,162,23,23
74726,105,121,-16,16
74727,128,125,3,3
74728,103,103,0,0
74729,100,112,-12,12
74730,71,74,-3,3
74731,157,136,21,21
74732,103,112,-9,9
74733,118,111,7,7
74734,140,140,0,0
74735,102,115,-13,13
74736,71,68,3,3
74737,143,141,2,2
74738,58,61,-3,3
74739,96,103,-7,7
74740,112,116,-4,4
74741,85,90,-5,5
74742,92,96,-4,4
74743,81,89,-8,8
74744,102,108,-6,6
74745,43,101,-58,58
74746,87,84,3,3
74747,118,107,11,11
74748,85,80,5,5
74749,100,103,-3,3
74750,83,86,-3,3
74751,83,61,22,22
74752,89,88,1,1
74753,50,63,-13,13
74754,134,130,4,4
74755,65,66,-1,1
74756,72,103,-31,31
74757,75,72,3,3
74758,78,76,2,2
74759,81,88,-7,7
74760,105,113,-8,8
74761,67,61,6,6
74762,136,83,53,53
74763,86,104,-18,18
74764,139,133,6,6
74765,78,85,-7,7
74766,38,105,-67,67
74767,78,78,0,0
74768,59,64,-5,5
74769,91,93,-2,2
74770,152,136,16,16
74771,148,151,-3,3
74772,108,113,-5,5
74773,77,68,9,9
74774,83,81,2,2
74775,89,84,5,5
74776,104,104,0,0
74777,117,123,-6,6
74778,151,137,14,14
74779,45,43,2,2
74780,60,55,5,5
74781,125,131,-6,6
74782,41,47,-6,6
74783,49,51,-2,2
74784,140,140,0,0
74785,90,103,-13,13
74786,93,97,-4,4
74787,100,92,8,8
74788,125,128,-3,3
74789,114,129,-15,15
74790,128,130,-2,2
74791,60,47,13,13
74792,191,175,16,16
74793,140,142,-2,2
74794,82,127,-45,45
74795,76,85,-9,9
74796,117,117,0,0
74797,83,83,0,0
74798,82,75,7,7
74799,122,133,-11,11
74800,60,71,-11,11
74801,117,130,-13,13
74802,96,72,24,24
74803,115,116,-1,1
74804,134,133,1,1
74805,109,119,-10,10
74806,91,95,-4,4
74807,72,77,-5,5
74808,96,102,-6,6
74809,80,87,-7,7
74810,71,79,-8,8
74811,95,87,8,8
74812,101,115,-14,14
74813,67,76,-9,9
74814,87,89,-2,2
74815,89,97,-8,8
74816,62,50,12,12
74817,126,145,-19,19
74818,78,91,-13,13
74819,100,102,-2,2
74820,96,97,-1,1
74821,100,99,1,1
74822,59,69,-10,10
74823,93,92,1,1
74824,120,122,-2,2
74825,70,79,-9,9
74826,46,51,-5,5
74827,153,139,14,14
74828,91,87,4,4
74829,94,114,-20,20
74830,74,115,-41,41
74831,87,71,16,16
74832,76,79,-3,3
74833,56,55,1,1
74834,104,128,-24,24
74835,126,127,-1,1
74836,115,109,6,6
74837,107,129,-22,22
74838,41,44,-3,3
74839,75,75,0,0
74840,76,84,-8,8
74841,75,88,-13,13
74842,50,54,-4,4
74843,118,120,-2,2
74844,131,122,9,9
74845,92,131,-39,39
74846,113,100,13,13
74847,126,122,4,4
74848,65,79,-14,14
74849,128,132,-4,4
74850,89,91,-2,2
74851,100,91,9,9
74852,85,80,5,5
74853,166,145,21,21
74854,100,119,-19,19
74855,119,132,-13,13
74856,72,63,9,9
74857,78,82,-4,4
74858,70,71,-1,1
74859,84,91,-7,7
74860,56,56,0,0
74861,18,4,14,14
74862,75,82,-7,7
74863,107,122,-15,15
74864,86,73,13,13
74865,128,134,-6,6
74866,99,106,-7,7
74867,69,67,2,2
74868,130,120,10,10
74869,127,129,-2,2
74870,188,166,22,22
74871,99,102,-3,3
74872,83,88,-5,5
74873,105,32,73,73
74874,56,55,1,1
74875,84,80,4,4
74876,43,51,-8,8
74877,104,116,-12,12
74878,93,95,-2,2
74879,111,120,-9,9
74880,106,107,-1,1
74881,77,89,-12,12
74882,74,79,-5,5
74883,138,142,-4,4
74884,47,43,4,4
74885,158,165,-7,7
74886,111,114,-3,3
74887,84,88,-4,4
74888,129,138,-9,9
74889,76,78,-2,2
74890,84,92,-8,8
74891,67,72,-5,5
74892,61,49,12,12
74893,107,106,1,1
74894,79,58,21,21
74895,112,121,-9,9
74896,53,64,-11,11
74897,84,100,-16,16
74898,46,56,-10,10
74899,115,113,2,2
74900,48,49,-1,1
74901,51,36,15,15
74902,73,65,8,8
74903,81,106,-25,25
74904,53,56,-3,3
74905,144,141,3,3
74906,93,90,3,3
74907,63,69,-6,6
74908,47,51,-4,4
74909,117,100,17,17
74910,172,134,38,38
74911,57,56,1,1
74912,143,127,16,16
74913,108,118,-10,10
74914,140,121,19,19
74915,70,81,-11,11
74916,96,105,-9,9
74917,107,107,0,0
74918,116,117,-1,1
74919,120,126,-6,6
74920,60,36,24,24
74921,77,95,-18,18
74922,112,112,0,0
74923,97,106,-9,9
74924,183,182,1,1
74925,95,88,7,7
74926,92,96,-4,4
74927,76,97,-21,21
74928,99,101,-2,2
74929,85,64,21,21
74930,76,103,-27,27
74931,93,89,4,4
74932,50,43,7,7
74933,55,66,-11,11
74934,88,90,-2,2
74935,97,118,-21,21
74936,83,66,17,17
74937,54,36,18,18
74938,86,101,-15,15
74939,77,97,-20,20
74940,282,309,-27,27
74941,136,146,-10,10
74942,91,86,5,5
74943,150,164,-14,14
74944,66,66,0,0
74945,71,73,-2,2
74946,87,87,0,0
74947,87,90,-3,3
74948,119,114,5,5
74949,148,138,10,10
74950,117,115,2,2
74951,85,89,-4,4
74952,97,101,-4,4
74953,49,62,-13,13
74954,103,106,-3,3
74955,38,32,6,6
74956,86,93,-7,7
74957,49,30,19,19
74958,103,103,0,0
74959,103,117,-14,14
74960,45,82,-37,37
74961,103,107,-4,4
74962,83,95,-12,12
74963,95,91,4,4
74964,60,57,3,3
74965,102,127,-25,25
74966,138,147,-9,9
74967,83,74,9,9
74968,95,91,4,4
74969,96,97,-1,1
74970,150,142,8,8
74971,53,47,6,6
74972,133,115,18,18
74973,45,35,10,10
74974,50,38,12,12
74975,35,90,-55,55
74976,103,94,9,9
74977,58,67,-9,9
74978,72,76,-4,4
74979,100,110,-10,10
74980,95,86,9,9
74981,109,108,1,1
74982,57,97,-40,40
74983,68,87,-19,19
74984,89,87,2,2
74985,129,127,2,2
74986,118,115,3,3
74987,114,116,-2,2
74988,112,117,-5,5
74989,103,107,-4,4
74990,95,105,-10,10
74991,130,137,-7,7
74992,95,89,6,6
74993,129,113,16,16
74994,84,82,2,2
74995,103,110,-7,7
74996,146,140,6,6
74997,84,91,-7,7
74998,143,141,2,2
74999,84,90,-6,6
75000,69,87,-18,18
75001,94,104,-10,10
75002,56,73,-17,17
75003,133,137,-4,4
75004,49,67,-18,18
75005,58,51,7,7
75006,122,114,8,8
75007,117,124,-7,7
75008,87,102,-15,15
75009,113,108,5,5
75010,60,54,6,6
75011,65,71,-6,6
75012,103,100,3,3
75013,152,136,16,16
75014,121,126,-5,5
75015,119,121,-2,2
75016,47,56,-9,9
75017,113,110,3,3
75018,101,98,3,3
75019,73,87,-14,14
75020,88,91,-3,3
75021,156,147,9,9
75022,99,95,4,4
75023,86,86,0,0
75024,101,114,-13,13
75025,91,91,0,0
75026,59,56,3,3
75027,72,82,-10,10
75028,111,106,5,5
75029,108,116,-8,8
75030,78,93,-15,15
75031,63,77,-14,14
75032,97,107,-10,10
75033,76,86,-10,10
75034,94,108,-14,14
75035,83,81,2,2
75036,72,79,-7,7
75037,113,112,1,1
75038,126,126,0,0
75039,86,101,-15,15
75040,67,63,4,4
75041,149,139,10,10
75042,89,81,8,8
75043,115,89,26,26
75044,111,104,7,7
75045,135,141,-6,6
75046,54,64,-10,10
75047,123,129,-6,6
75048,82,92,-10,10
75049,26,24,2,2
75050,66,73,-7,7
75051,117,111,6,6
75052,135,117,18,18
75053,70,80,-10,10
75054,59,77,-18,18
75055,141,144,-3,3
75056,64,63,1,1
75057,126,135,-9,9
75058,97,88,9,9
75059,54,60,-6,6
75060,99,104,-5,5
75061,138,124,14,14
75062,130,134,-4,4
75063,111,94,17,17
75064,81,86,-5,5
75065,97,100,-3,3
75066,146,137,9,9
75067,92,82,10,10
75068,68,88,-20,20
75069,70,75,-5,5
75070,79,89,-10,10
75071,57,74,-17,17
75072,70,7,63,63
75073,52,45,7,7
75074,82,92,-10,10
75075,72,71,1,1
75076,86,74,12,12
75077,124,103,21,21
75078,71,74,-3,3
75079,75,95,-20,20
75080,111,110,1,1
75081,85,83,2,2
75082,77,86,-9,9
75083,116,120,-4,4
75084,121,136,-15,15
75085,63,53,10,10
75086,65,61,4,4
75087,92,99,-7,7
75088,115,112,3,3
75089,62,53,9,9
75090,90,87,3,3
75091,50,46,4,4
75092,81,86,-5,5
75093,33,19,14,14
75094,141,135,6,6
75095,51,41,10,10
75096,32,28,4,4
75097,89,107,-18,18
75098,117,105,12,12
75099,97,114,-17,17
75100,92,79,13,13
75101,71,76,-5,5
75102,76,76,0,0
75103,42,58,-16,16
75104,84,101,-17,17
75105,87,96,-9,9
75106,153,155,-2,2
75107,91,100,-9,9
75108,59,106,-47,47
75109,69,86,-17,17
75110,109,106,3,3
75111,115,101,14,14
75112,169,162,7,7
75113,67,71,-4,4
75114,96,102,-6,6
75115,94,93,1,1
75116,173,141,32,32
75117,96,90,6,6
75118,127,99,28,28
75119,58,52,6,6
75120,69,67,2,2
75121,68,72,-4,4
75122,141,138,3,3
75123,110,121,-11,11
75124,46,91,-45,45
75125,56,124,-68,68
75126,99,103,-4,4
75127,117,125,-8,8
75128,53,61,-8,8
75129,92,98,-6,6
75130,100,122,-22,22
75131,100,101,-1,1
75132,92,103,-11,11
75133,67,59,8,8
75134,148,138,10,10
75135,122,122,0,0
75136,162,153,9,9
75137,86,94,-8,8
75138,165,142,23,23
75139,106,100,6,6
75140,84,94,-10,10
75141,97,102,-5,5
75142,61,23,38,38
75143,187,201,-14,14
75144,153,133,20,20
75145,57,49,8,8
75146,101,102,-1,1
75147,154,134,20,20
75148,108,115,-7,7
75149,55,57,-2,2
75150,113,108,5,5
75151,55,89,-34,34
75152,101,61,40,40
75153,91,102,-11,11
75154,89,92,-3,3
75155,96,89,7,7
75156,52,51,1,1
75157,54,46,8,8
75158,69,58,11,11
75159,95,113,-18,18
75160,88,98,-10,10
75161,126,128,-2,2
75162,82,86,-4,4
75163,76,94,-18,18
75164,112,105,7,7
75165,117,109,8,8
75166,113,111,2,2
75167,97,93,4,4
75168,98,96,2,2
75169,83,76,7,7
75170,76,76,0,0
75171,80,69,11,11
75172,111,99,12,12
75173,135,126,9,9
75174,62,60,2,2
75175,140,131,9,9
75176,68,72,-4,4
75177,141,147,-6,6
75178,53,74,-21,21
75179,140,145,-5,5
75180,74,70,4,4
75181,70,68,2,2
75182,78,81,-3,3
75183,103,91,12,12
75184,97,98,-1,1
75185,75,84,-9,9
75186,143,145,-2,2
75187,163,163,0,0
75188,71,77,-6,6
75189,58,53,5,5
75190,69,68,1,1
75191,72,74,-2,2
75192,158,143,15,15
75193,93,92,1,1
75194,80,93,-13,13
75195,142,131,11,11
75196,46,82,-36,36
75197,76,72,4,4
75198,129,162,-33,33
75199,82,77,5,5
75200,146,137,9,9
75201,93,76,17,17
75202,113,114,-1,1
75203,142,144,-2,2
75204,72,69,3,3
75205,74,76,-2,2
75206,88,106,-18,18
75207,105,113,-8,8
75208,110,119,-9,9
75209,83,70,13,13
75210,27,98,-71,71
75211,136,133,3,3
75212,81,76,5,5
75213,98,90,8,8
75214,120,124,-4,4
75215,92,99,-7,7
75216,145,150,-5,5
75217,137,127,10,10
75218,103,113,-10,10
75219,121,138,-17,17
75220,54,68,-14,14
75221,112,113,-1,1
75222,76,75,1,1
75223,89,90,-1,1
75224,160,125,35,35
75225,28,41,-13,13
75226,76,57,19,19
75227,165,163,2,2
75228,100,93,7,7
75229,152,128,24,24
75230,82,107,-25,25
75231,94,90,4,4
75232,60,75,-15,15
75233,125,125,0,0
75234,69,73,-4,4
75235,120,93,27,27
75236,91,85,6,6
75237,96,100,-4,4
75238,45,47,-2,2
75239,56,39,17,17
75240,76,74,2,2
75241,75,69,6,6
75242,79,78,1,1
75243,124,72,52,52
75244,106,107,-1,1
75245,122,126,-4,4
75246,51,17,34,34
75247,69,69,0,0
75248,85,107,-22,22
75249,115,157,-42,42
75250,115,130,-15,15
75251,115,120,-5,5
75252,60,76,-16,16
75253,76,87,-11,11
75254,32,33,-1,1
75255,79,81,-2,2
75256,44,49,-5,5
75257,58,67,-9,9
75258,130,115,15,15
75259,132,140,-8,8
75260,79,74,5,5
75261,92,103,-11,11
75262,144,152,-8,8
75263,54,57,-3,3
75264,133,140,-7,7
75265,64,68,-4,4
75266,92,85,7,7
75267,156,147,9,9
75268,58,65,-7,7
75269,82,62,20,20
75270,86,84,2,2
75271,173,165,8,8
75272,94,91,3,3
75273,60,64,-4,4
75274,108,114,-6,6
75275,126,147,-21,21
75276,56,45,11,11
75277,98,107,-9,9
75278,92,81,11,11
75279,117,110,7,7
75280,52,45,7,7
75281,94,97,-3,3
75282,78,76,2,2
75283,76,106,-30,30
75284,67,68,-1,1
75285,124,123,1,1
75286,128,131,-3,3
75287,73,75,-2,2
75288,62,72,-10,10
75289,100,111,-11,11
75290,130,134,-4,4
75291,61,51,10,10
75292,262,232,30,30
75293,60,52,8,8
75294,102,112,-10,10
75295,57,58,-1,1
75296,97,104,-7,7
75297,84,98,-14,14
75298,61,97,-36,36
75299,135,123,12,12
75300,104,84,20,20
75301,79,81,-2,2
75302,187,161,26,26
75303,62,50,12,12
75304,94,95,-1,1
75305,94,100,-6,6
75306,94,83,11,11
75307,126,118,8,8
75308,126,117,9,9
75309,108,114,-6,6
75310,60,49,11,11
75311,93,109,-16,16
75312,53,109,-56,56
75313,61,70,-9,9
75314,79,84,-5,5
75315,74,81,-7,7
75316,50,36,14,14
75317,75,84,-9,9
75318,40,38,2,2
75319,47,43,4,4
75320,78,101,-23,23
75321,51,64,-13,13
75322,97,103,-6,6
75323,54,41,13,13
75324,100,113,-13,13
75325,91,85,6,6
75326,48,50,-2,2
75327,46,45,1,1
75328,153,153,0,0
75329,123,127,-4,4
75330,52,64,-12,12
75331,92,89,3,3
75332,71,85,-14,14
75333,141,125,16,16
75334,46,27,19,19
75335,72,79,-7,7
75336,84,90,-6,6
75337,82,89,-7,7
75338,78,72,6,6
75339,77,81,-4,4
75340,93,82,11,11
75341,47,48,-1,1
75342,67,62,5,5
75343,67,66,1,1
75344,113,116,-3,3
75345,179,167,12,12
75346,95,99,-4,4
75347,164,127,37,37
75348,45,44,1,1
75349,127,118,9,9
75350,118,103,15,15
75351,96,94,2,2
75352,57,55,2,2
75353,151,151,0,0
75354,69,6,63,63
75355,79,85,-6,6
75356,86,92,-6,6
75357,186,160,26,26
75358,147,142,5,5
75359,109,117,-8,8
75360,97,91,6,6
75361,110,109,1,1
75362,69,62,7,7
75363,65,74,-9,9
75364,119,124,-5,5
75365,58,74,-16,16
75366,77,73,4,4
75367,97,117,-20,20
75368,95,102,-7,7
75369,123,133,-10,10
75370,107,136,-29,29
75371,117,114,3,3
75372,72,84,-12,12
75373,119,108,11,11
75374,103,110,-7,7
75375,129,126,3,3
75376,83,82,1,1
75377,248,182,66,66
75378,93,72,21,21
75379,129,121,8,8
75380,68,76,-8,8
75381,117,121,-4,4
75382,87,96,-9,9
75383,118,107,11,11
75384,98,103,-5,5
75385,103,113,-10,10
75386,69,77,-8,8
75387,110,101,9,9
75388,125,122,3,3
75389,113,122,-9,9
75390,112,112,0,0
75391,81,78,3,3
75392,86,94,-8,8
75393,148,142,6,6
75394,102,97,5,5
75395,31,23,8,8
75396,64,76,-12,12
75397,114,126,-12,12
75398,87,95,-8,8
75399,127,144,-17,17
75400,91,101,-10,10
75401,74,74,0,0
75402,175,137,38,38
75403,223,150,73,73
75404,87,80,7,7
75405,67,60,7,7
75406,59,57,2,2
75407,104,112,-8,8
75408,64,82,-18,18
75409,149,143,6,6
75410,125,125,0,0
75411,45,58,-13,13
75412,93,102,-9,9
75413,86,99,-13,13
75414,80,79,1,1
75415,73,82,-9,9
75416,92,81,11,11
75417,120,121,-1,1
75418,126,119,7,7
75419,73,78,-5,5
75420,54,54,0,0
75421,65,75,-10,10
75422,100,94,6,6
75423,105,108,-3,3
75424,85,79,6,6
75425,100,96,4,4
75426,81,100,-19,19
75427,67,68,-1,1
75428,174,169,5,5
75429,132,126,6,6
75430,127,104,23,23
75431,96,104,-8,8
75432,73,55,18,18
75433,86,84,2,2
75434,73,78,-5,5
75435,124,129,-5,5
75436,75,81,-6,6
75437,49,69,-20,20
75438,99,126,-27,27
75439,55,60,-5,5
75440,141,95,46,46
75441,62,63,-1,1
75442,75,94,-19,19
75443,99,102,-3,3
75444,97,93,4,4
75445,104,104,0,0
75446,96,85,11,11
75447,122,116,6,6
75448,101,34,67,67
75449,109,120,-11,11
75450,111,112,-1,1
75451,99,99,0,0
75452,77,93,-16,16
75453,118,112,6,6
75454,89,83,6,6
75455,75,99,-24,24
75456,59,62,-3,3
75457,57,58,-1,1
75458,99,101,-2,2
75459,88,45,43,43
75460,106,106,0,0
75461,101,95,6,6
75462,131,132,-1,1
75463,127,132,-5,5
75464,65,66,-1,1
75465,101,87,14,14
75466,140,137,3,3
75467,122,118,4,4
75468,80,62,18,18
75469,128,138,-10,10
75470,85,95,-10,10
75471,111,111,0,0
75472,78,87,-9,9
75473,93,107,-14,14
75474,42,54,-12,12
75475,66,48,18,18
75476,95,114,-19,19
75477,90,81,9,9
75478,100,103,-3,3
75479,82,84,-2,2
75480,67,75,-8,8
75481,105,99,6,6
75482,110,105,5,5
75483,56,48,8,8
75484,37,21,16,16
75485,65,78,-13,13
75486,72,70,2,2
75487,106,100,6,6
75488,99,88,11,11
75489,104,105,-1,1
75490,87,92,-5,5
75491,76,91,-15,15
75492,53,28,25,25
75493,57,69,-12,12
75494,69,65,4,4
75495,83,81,2,2
75496,56,62,-6,6
75497,78,86,-8,8
75498,95,113,-18,18
75499,78,74,4,4
75500,74,72,2,2
75501,82,89,-7,7
75502,95,99,-4,4
75503,85,78,7,7
75504,63,64,-1,1
75505,124,129,-5,5
75506,67,60,7,7
75507,112,126,-14,14
75508,94,96,-2,2
75509,69,72,-3,3
75510,121,140,-19,19
75511,82,88,-6,6
75512,111,107,4,4
75513,126,120,6,6
75514,74,75,-1,1
75515,81,73,8,8
75516,100,107,-7,7
75517,148,136,12,12
75518,88,91,-3,3
75519,70,74,-4,4
75520,150,126,24,24
75521,88,91,-3,3
75522,28,22,6,6
75523,93,86,7,7
75524,96,106,-10,10
75525,90,96,-6,6
75526,150,152,-2,2
75527,75,83,-8,8
75528,93,115,-22,22
75529,150,150,0,0
75530,123,103,20,20
75531,133,137,-4,4
75532,69,92,-23,23
75533,167,147,20,20
75534,46,91,-45,45
75535,92,98,-6,6
75536,54,69,-15,15
75537,154,146,8,8
75538,45,27,18,18
75539,137,131,6,6
75540,115,112,3,3
75541,99,103,-4,4
75542,93,96,-3,3
75543,83,68,15,15
75544,115,110,5,5
75545,23,63,-40,40
75546,92,99,-7,7
75547,85,96,-11,11
75548,80,73,7,7
75549,190,184,6,6
75550,95,95,0,0
75551,153,135,18,18
75552,83,98,-15,15
75553,51,35,16,16
75554,85,87,-2,2
75555,85,100,-15,15
75556,59,70,-11,11
75557,172,144,28,28
75558,53,57,-4,4
75559,128,110,18,18
75560,72,82,-10,10
75561,130,125,5,5
75562,54,50,4,4
75563,145,128,17,17
75564,94,104,-10,10
75565,111,109,2,2
75566,35,85,-50,50
75567,74,87,-13,13
75568,85,98,-13,13
75569,129,119,10,10
75570,49,59,-10,10
75571,56,66,-10,10
75572,99,84,15,15
75573,79,93,-14,14
75574,129,129,0,0
75575,74,75,-1,1
75576,78,42,36,36
75577,70,89,-19,19
75578,157,180,-23,23
75579,98,97,1,1
75580,66,77,-11,11
75581,75,78,-3,3
75582,76,73,3,3
75583,94,108,-14,14
75584,100,95,5,5
75585,50,49,1,1
75586,98,110,-12,12
75587,96,109,-13,13
75588,134,142,-8,8
75589,108,105,3,3
75590,212,181,31,31
75591,138,138,0,0
75592,88,88,0,0
75593,12,10,2,2
75594,66,64,2,2
75595,98,93,5,5
75596,110,105,5,5
75597,75,71,4,4
75598,146,148,-2,2
75599,176,160,16,16
75600,91,93,-2,2
75601,88,92,-4,4
75602,51,39,12,12
75603,190,158,32,32
75604,128,103,25,25
75605,74,79,-5,5
75606,83,94,-11,11
75607,64,77,-13,13
75608,127,126,1,1
75609,130,124,6,6
75610,95,86,9,9
75611,66,134,-68,68
75612,46,62,-16,16
75613,79,83,-4,4
75614,110,96,14,14
75615,116,118,-2,2
75616,68,78,-10,10
75617,70,96,-26,26
75618,59,58,1,1
75619,107,91,16,16
75620,77,91,-14,14
75621,97,111,-14,14
75622,160,144,16,16
75623,130,141,-11,11
75624,60,54,6,6
75625,104,103,1,1
75626,91,89,2,2
75627,89,103,-14,14
75628,49,57,-8,8
75629,155,163,-8,8
75630,94,103,-9,9
75631,146,139,7,7
75632,87,93,-6,6
75633,127,122,5,5
75634,79,97,-18,18
75635,93,101,-8,8
75636,121,134,-13,13
75637,74,63,11,11
75638,113,126,-13,13
75639,163,140,23,23
75640,122,107,15,15
75641,118,120,-2,2
75642,56,72,-16,16
75643,129,110,19,19
75644,128,121,7,7
75645,159,158,1,1
75646,62,75,-13,13
75647,108,130,-22,22
75648,72,72,0,0
75649,79,85,-6,6
75650,166,154,12,12
75651,62,72,-10,10
75652,144,119,25,25
75653,129,129,0,0
75654,72,72,0,0
75655,93,80,13,13
75656,86,97,-11,11
75657,126,120,6,6
75658,86,81,5,5
75659,87,86,1,1
75660,183,135,48,48
75661,68,94,-26,26
75662,80,74,6,6
75663,63,81,-18,18
75664,61,57,4,4
75665,103,98,5,5
75666,46,48,-2,2
75667,107,106,1,1
75668,127,125,2,2
75669,89,74,15,15
75670,104,108,-4,4
75671,82,101,-19,19
75672,114,116,-2,2
75673,82,82,0,0
75674,109,119,-10,10
75675,105,105,0,0
75676,67,77,-10,10
75677,64,60,4,4
75678,109,106,3,3
75679,50,44,6,6
75680,49,51,-2,2
75681,89,97,-8,8
75682,163,161,2,2
75683,64,68,-4,4
75684,180,162,18,18
75685,73,128,-55,55
75686,155,144,11,11
75687,106,76,30,30
75688,102,108,-6,6
75689,142,134,8,8
75690,62,63,-1,1
75691,93,99,-6,6
75692,125,109,16,16
75693,71,71,0,0
75694,62,85,-23,23
75695,129,131,-2,2
75696,109,124,-15,15
75697,174,151,23,23
75698,103,111,-8,8
75699,124,119,5,5
75700,74,90,-16,16
75701,96,102,-6,6
75702,112,106,6,6
75703,78,79,-1,1
75704,59,37,22,22
75705,54,57,-3,3
75706,86,78,8,8
75707,99,110,-11,11
75708,120,133,-13,13
75709,134,129,5,5
75710,141,125,16,16
75711,99,103,-4,4
75712,92,84,8,8
75713,121,122,-1,1
75714,74,66,8,8
75715,101,90,11,11
75716,14,88,-74,74
75717,80,61,19,19
75718,88,67,21,21
75719,60,76,-16,16
75720,112,113,-1,1
75721,153,142,11,11
75722,108,118,-10,10
75723,98,105,-7,7
75724,78,108,-30,30
75725,115,149,-34,34
75726,71,67,4,4
75727,129,126,3,3
75728,56,47,9,9
75729,68,53,15,15
75730,80,83,-3,3
75731,110,119,-9,9
75732,86,91,-5,5
75733,139,145,-6,6
75734,125,125,0,0
75735,73,85,-12,12
75736,122,123,-1,1
75737,99,99,0,0
75738,78,72,6,6
75739,150,138,12,12
75740,112,93,19,19
75741,95,108,-13,13
75742,85,80,5,5
75743,67,58,9,9
75744,91,69,22,22
75745,110,107,3,3
75746,88,79,9,9
75747,115,132,-17,17
75748,78,83,-5,5
75749,89,107,-18,18
75750,71,80,-9,9
75751,65,46,19,19
75752,67,74,-7,7
75753,144,144,0,0
75754,98,101,-3,3
75755,78,79,-1,1
75756,130,127,3,3
75757,75,81,-6,6
75758,83,72,11,11
75759,72,83,-11,11
75760,106,111,-5,5
75761,44,42,2,2
75762,108,112,-4,4
75763,80,68,12,12
75764,98,100,-2,2
75765,97,105,-8,8
75766,124,138,-14,14
75767,96,83,13,13
75768,71,64,7,7
75769,118,121,-3,3
75770,115,134,-19,19
75771,88,92,-4,4
75772,104,104,0,0
75773,75,75,0,0
75774,115,97,18,18
75775,94,87,7,7
75776,97,104,-7,7
75777,71,72,-1,1
75778,73,95,-22,22
75779,64,82,-18,18
75780,61,69,-8,8
75781,46,49,-3,3
75782,81,81,0,0
75783,56,64,-8,8
75784,99,106,-7,7
75785,131,140,-9,9
75786,75,103,-28,28
75787,74,78,-4,4
75788,111,113,-2,2
75789,136,129,7,7
75790,81,87,-6,6
75791,50,56,-6,6
75792,95,82,13,13
75793,108,133,-25,25
75794,62,111,-49,49
75795,78,80,-2,2
75796,92,105,-13,13
75797,42,37,5,5
75798,102,111,-9,9
75799,104,105,-1,1
75800,55,59,-4,4
75801,69,79,-10,10
75802,90,103,-13,13
75803,63,57,6,6
75804,101,119,-18,18
75805,43,48,-5,5
75806,69,61,8,8
75807,109,100,9,9
75808,142,133,9,9
75809,140,133,7,7
75810,67,74,-7,7
75811,62,62,0,0
75812,114,101,13,13
75813,107,103,4,4
75814,85,103,-18,18
75815,167,139,28,28
75816,163,171,-8,8
75817,85,95,-10,10
75818,73,82,-9,9
75819,109,116,-7,7
75820,61,62,-1,1
75821,77,66,11,11
75822,207,179,28,28
75823,99,110,-11,11
75824,182,166,16,16
75825,99,109,-10,10
75826,83,89,-6,6
75827,75,88,-13,13
75828,139,137,2,2
75829,47,41,6,6
75830,65,78,-13,13
75831,143,107,36,36
75832,73,67,6,6
75833,79,86,-7,7
75834,85,90,-5,5
75835,88,93,-5,5
75836,141,132,9,9
75837,71,104,-33,33
75838,96,93,3,3
75839,153,151,2,2
75840,133,127,6,6
75841,80,103,-23,23
75842,171,170,1,1
75843,125,135,-10,10
75844,91,92,-1,1
75845,61,60,1,1
75846,131,127,4,4
75847,136,122,14,14
75848,58,54,4,4
75849,93,95,-2,2
75850,88,79,9,9
75851,68,73,-5,5
75852,129,127,2,2
75853,127,119,8,8
75854,98,146,-48,48
75855,87,98,-11,11
75856,84,91,-7,7
75857,51,105,-54,54
75858,72,68,4,4
75859,144,127,17,17
75860,96,101,-5,5
75861,61,64,-3,3
75862,86,83,3,3
75863,78,80,-2,2
75864,51,19,32,32
75865,151,119,32,32
75866,109,95,14,14
75867,108,107,1,1
75868,80,81,-1,1
75869,67,63,4,4
75870,125,143,-18,18
75871,75,91,-16,16
75872,176,171,5,5
75873,105,109,-4,4
75874,82,91,-9,9
75875,146,151,-5,5
75876,49,69,-20,20
75877,68,96,-28,28
75878,119,126,-7,7
75879,40,25,15,15
75880,118,126,-8,8
75881,65,77,-12,12
75882,92,105,-13,13
75883,69,53,16,16
75884,110,119,-9,9
75885,94,98,-4,4
75886,152,158,-6,6
75887,118,115,3,3
75888,72,81,-9,9
75889,141,133,8,8
75890,43,46,-3,3
75891,122,99,23,23
75892,73,73,0,0
75893,92,85,7,7
75894,101,110,-9,9
75895,66,54,12,12
75896,70,62,8,8
75897,43,42,1,1
75898,84,69,15,15
75899,83,110,-27,27
75900,71,65,6,6
75901,97,94,3,3
75902,116,111,5,5
75903,107,133,-26,26
75904,152,146,6,6
75905,130,153,-23,23
75906,49,37,12,12
75907,111,103,8,8
75908,124,88,36,36
75909,75,72,3,3
75910,112,131,-19,19
75911,111,120,-9,9
75912,97,95,2,2
75913,47,24,23,23
75914,114,106,8,8
75915,107,126,-19,19
75916,93,92,1,1
75917,107,117,-10,10
75918,114,121,-7,7
75919,124,138,-14,14
75920,133,118,15,15
75921,64,87,-23,23
75922,80,90,-10,10
75923,155,141,14,14
75924,98,70,28,28
75925,82,69,13,13
75926,50,60,-10,10
75927,64,65,-1,1
75928,97,110,-13,13
75929,123,113,10,10
75930,46,59,-13,13
75931,78,67,11,11
75932,122,109,13,13
75933,181,148,33,33
75934,64,77,-13,13
75935,56,59,-3,3
75936,72,72,0,0
75937,141,134,7,7
75938,126,110,16,16
75939,71,60,11,11
75940,81,66,15,15
75941,137,129,8,8
75942,91,93,-2,2
75943,117,117,0,0
75944,160,159,1,1
75945,101,99,2,2
75946,55,69,-14,14
75947,104,111,-7,7
75948,72,76,-4,4
75949,165,157,8,8
75950,74,68,6,6
75951,72,83,-11,11
75952,138,118,20,20
75953,87,75,12,12
75954,66,61,5,5
75955,78,48,30,30
75956,80,69,11,11
75957,111,101,10,10
75958,132,132,0,0
75959,70,72,-2,2
75960,96,99,-3,3
75961,127,124,3,3
75962,121,133,-12,12
75963,57,65,-8,8
75964,203,204,-1,1
75965,94,84,10,10
75966,81,92,-11,11
75967,52,50,2,2
75968,150,145,5,5
75969,83,106,-23,23
75970,99,94,5,5
75971,64,72,-8,8
75972,79,97,-18,18
75973,81,81,0,0
75974,47,42,5,5
75975,54,54,0,0
75976,152,145,7,7
75977,44,56,-12,12
75978,87,92,-5,5
75979,161,147,14,14
75980,83,83,0,0
75981,75,85,-10,10
75982,111,122,-11,11
75983,60,60,0,0
75984,98,92,6,6
75985,74,81,-7,7
75986,81,78,3,3
75987,113,105,8,8
75988,110,102,8,8
75989,84,79,5,5
75990,57,52,5,5
75991,70,51,19,19
75992,175,162,13,13
75993,95,97,-2,2
75994,94,87,7,7
75995,107,109,-2,2
75996,75,60,15,15
75997,85,95,-10,10
75998,162,141,21,21
75999,93,100,-7,7
76000,73,68,5,5
76001,86,87,-1,1
76002,179,155,24,24
76003,202,180,22,22
76004,98,111,-13,13
76005,85,87,-2,2
76006,37,37,0,0
76007,121,125,-4,4
76008,128,137,-9,9
76009,87,97,-10,10
76010,141,120,21,21
76011,70,66,4,4
76012,151,157,-6,6
76013,116,110,6,6
76014,81,81,0,0
76015,81,84,-3,3
76016,89,112,-23,23
76017,124,97,27,27
76018,94,93,1,1
76019,56,57,-1,1
76020,151,111,40,40
76021,157,139,18,18
76022,70,68,2,2
76023,154,150,4,4
76024,130,132,-2,2
76025,121,120,1,1
76026,119,117,2,2
76027,94,113,-19,19
76028,62,77,-15,15
76029,99,89,10,10
76030,82,83,-1,1
76031,145,145,0,0
76032,107,119,-12,12
76033,107,105,2,2
76034,128,118,10,10
76035,52,55,-3,3
76036,103,112,-9,9
76037,70,70,0,0
76038,161,153,8,8
76039,74,86,-12,12
76040,70,64,6,6
76041,114,108,6,6
76042,150,145,5,5
76043,105,123,-18,18
76044,119,120,-1,1
76045,71,86,-15,15
76046,102,93,9,9
76047,43,62,-19,19
76048,84,83,1,1
76049,70,73,-3,3
76050,82,98,-16,16
76051,74,48,26,26
76052,98,98,0,0
76053,55,85,-30,30
76054,110,123,-13,13
76055,145,150,-5,5
76056,80,70,10,10
76057,137,92,45,45
76058,77,93,-16,16
76059,80,64,16,16
76060,73,82,-9,9
76061,83,81,2,2
76062,100,104,-4,4
76063,85,87,-2,2
76064,101,117,-16,16
76065,79,80,-1,1
76066,89,97,-8,8
76067,60,74,-14,14
76068,112,103,9,9
76069,173,168,5,5
76070,60,63,-3,3
76071,41,65,-24,24
76072,57,48,9,9
76073,88,94,-6,6
76074,101,92,9,9
76075,82,73,9,9
76076,100,101,-1,1
76077,85,94,-9,9
76078,117,106,11,11
76079,83,93,-10,10
76080,162,114,48,48
76081,59,56,3,3
76082,127,126,1,1
76083,170,148,22,22
76084,114,126,-12,12
76085,111,115,-4,4
76086,44,40,4,4
76087,91,107,-16,16
76088,76,92,-16,16
76089,64,78,-14,14
76090,67,77,-10,10
76091,135,129,6,6
76092,75,84,-9,9
76093,110,110,0,0
76094,84,87,-3,3
76095,77,82,-5,5
76096,97,107,-10,10
76097,85,102,-17,17
76098,61,57,4,4
76099,86,84,2,2
76100,75,80,-5,5
76101,83,89,-6,6
76102,168,146,22,22
76103,97,102,-5,5
76104,64,58,6,6
76105,126,100,26,26
76106,85,98,-13,13
76107,111,118,-7,7
76108,87,83,4,4
76109,101,112,-11,11
76110,162,93,69,69
76111,143,147,-4,4
76112,123,122,1,1
76113,82,83,-1,1
76114,101,111,-10,10
76115,92,108,-16,16
76116,87,106,-19,19
76117,93,93,0,0
76118,100,108,-8,8
76119,92,90,2,2
76120,85,81,4,4
76121,49,49,0,0
76122,79,82,-3,3
76123,58,57,1,1
76124,85,85,0,0
76125,61,61,0,0
76126,140,136,4,4
76127,127,122,5,5
76128,152,148,4,4
76129,67,60,7,7
76130,64,70,-6,6
76131,136,135,1,1
76132,74,62,12,12
76133,100,97,3,3
76134,158,140,18,18
76135,80,90,-10,10
76136,88,88,0,0
76137,110,124,-14,14
76138,74,66,8,8
76139,116,126,-10,10
76140,82,79,3,3
76141,117,118,-1,1
76142,81,86,-5,5
76143,74,92,-18,18
76144,104,96,8,8
76145,147,133,14,14
76146,82,82,0,0
76147,50,57,-7,7
76148,180,154,26,26
76149,182,181,1,1
76150,63,81,-18,18
76151,190,156,34,34
76152,122,141,-19,19
76153,99,98,1,1
76154,66,82,-16,16
76155,53,76,-23,23
76156,63,69,-6,6
76157,125,116,9,9
76158,112,105,7,7
76159,85,86,-1,1
76160,56,71,-15,15
76161,85,91,-6,6
76162,70,84,-14,14
76163,83,94,-11,11
76164,135,136,-1,1
76165,57,57,0,0
76166,84,88,-4,4
76167,90,103,-13,13
76168,59,38,21,21
76169,77,77,0,0
76170,64,68,-4,4
76171,99,101,-2,2
76172,109,102,7,7
76173,97,101,-4,4
76174,92,99,-7,7
76175,87,96,-9,9
76176,42,45,-3,3
76177,74,59,15,15
76178,162,154,8,8
76179,125,134,-9,9
76180,178,179,-1,1
76181,98,133,-35,35
76182,89,97,-8,8
76183,72,72,0,0
76184,78,73,5,5
76185,53,65,-12,12
76186,85,84,1,1
76187,122,116,6,6
76188,101,112,-11,11
76189,81,90,-9,9
76190,128,88,40,40
76191,98,103,-5,5
76192,154,172,-18,18
76193,122,129,-7,7
76194,63,69,-6,6
76195,83,76,7,7
76196,98,88,10,10
76197,70,72,-2,2
76198,89,109,-20,20
76199,111,118,-7,7
76200,44,74,-30,30
76201,48,45,3,3
76202,104,108,-4,4
76203,106,113,-7,7
76204,148,134,14,14
76205,128,135,-7,7
76206,118,121,-3,3
76207,105,98,7,7
76208,141,146,-5,5
76209,115,105,10,10
76210,161,151,10,10
76211,71,87,-16,16
76212,149,152,-3,3
76213,77,80,-3,3
76214,117,111,6,6
76215,119,117,2,2
76216,116,105,11,11
76217,88,91,-3,3
76218,107,104,3,3
76219,72,99,-27,27
76220,137,163,-26,26
76221,122,137,-15,15
76222,126,106,20,20
76223,50,91,-41,41
76224,119,99,20,20
76225,79,60,19,19
76226,124,135,-11,11
76227,128,128,0,0
76228,132,118,14,14
76229,90,89,1,1
76230,95,94,1,1
76231,97,93,4,4
76232,63,66,-3,3
76233,109,103,6,6
76234,133,151,-18,18
76235,104,102,2,2
76236,35,118,-83,83
76237,72,79,-7,7
76238,65,73,-8,8
76239,120,105,15,15
76240,135,161,-26,26
76241,130,125,5,5
76242,137,142,-5,5
76243,81,85,-4,4
76244,83,81,2,2
76245,51,50,1,1
76246,77,86,-9,9
76247,116,111,5,5
76248,72,60,12,12
76249,97,107,-10,10
76250,78,64,14,14
76251,63,64,-1,1
76252,130,137,-7,7
76253,158,141,17,17
76254,75,82,-7,7
76255,76,79,-3,3
76256,101,108,-7,7
76257,44,51,-7,7
76258,74,76,-2,2
76259,98,88,10,10
76260,134,126,8,8
76261,104,108,-4,4
76262,88,92,-4,4
76263,179,123,56,56
76264,46,52,-6,6
76265,141,129,12,12
76266,91,94,-3,3
76267,72,77,-5,5
76268,82,88,-6,6
76269,73,83,-10,10
76270,139,131,8,8
76271,124,117,7,7
76272,100,65,35,35
76273,98,95,3,3
76274,80,71,9,9
76275,97,115,-18,18
76276,62,67,-5,5
76277,136,134,2,2
76278,93,93,0,0
76279,104,107,-3,3
76280,158,149,9,9
76281,105,98,7,7
76282,82,73,9,9
76283,150,147,3,3
76284,161,123,38,38
76285,68,63,5,5
76286,97,115,-18,18
76287,106,106,0,0
76288,75,61,14,14
76289,95,97,-2,2
76290,84,92,-8,8
76291,144,125,19,19
76292,115,110,5,5
76293,45,49,-4,4
76294,99,104,-5,5
76295,91,86,5,5
76296,75,67,8,8
76297,134,107,27,27
76298,69,67,2,2
76299,74,91,-17,17
76300,53,55,-2,2
76301,74,80,-6,6
76302,95,100,-5,5
76303,54,56,-2,2
76304,96,90,6,6
76305,93,80,13,13
76306,108,117,-9,9
76307,104,137,-33,33
76308,80,83,-3,3
76309,87,89,-2,2
76310,98,116,-18,18
76311,60,75,-15,15
76312,65,78,-13,13
76313,75,93,-18,18
76314,80,72,8,8
76315,81,90,-9,9
76316,123,117,6,6
76317,89,101,-12,12
76318,142,152,-10,10
76319,64,51,13,13
76320,100,109,-9,9
76321,45,45,0,0
76322,118,112,6,6
76323,73,62,11,11
76324,74,80,-6,6
76325,102,118,-16,16
76326,66,76,-10,10
76327,120,126,-6,6
76328,57,57,0,0
76329,149,113,36,36
76330,131,139,-8,8
76331,81,74,7,7
76332,61,70,-9,9
76333,89,96,-7,7
76334,66,68,-2,2
76335,64,76,-12,12
76336,76,77,-1,1
76337,124,120,4,4
76338,48,65,-17,17
76339,68,67,1,1
76340,100,104,-4,4
76341,96,92,4,4
76342,50,46,4,4
76343,85,89,-4,4
76344,85,89,-4,4
76345,61,55,6,6
76346,91,88,3,3
76347,72,81,-9,9
76348,129,121,8,8
76349,104,84,20,20
76350,54,68,-14,14
76351,53,57,-4,4
76352,105,121,-16,16
76353,91,104,-13,13
76354,66,51,15,15
76355,59,52,7,7
76356,118,119,-1,1
76357,109,118,-9,9
76358,63,62,1,1
76359,63,48,15,15
76360,68,75,-7,7
76361,166,154,12,12
76362,84,90,-6,6
76363,66,59,7,7
76364,100,114,-14,14
76365,104,104,0,0
76366,65,72,-7,7
76367,57,64,-7,7
76368,99,104,-5,5
76369,96,113,-17,17
76370,71,72,-1,1
76371,57,58,-1,1
76372,105,109,-4,4
76373,88,83,5,5
76374,54,65,-11,11
76375,181,163,18,18
76376,100,101,-1,1
76377,103,99,4,4
76378,138,131,7,7
76379,65,65,0,0
76380,71,65,6,6
76381,70,75,-5,5
76382,72,59,13,13
76383,66,56,10,10
76384,79,78,1,1
76385,169,167,2,2
76386,129,121,8,8
76387,129,103,26,26
76388,63,61,2,2
76389,92,103,-11,11
76390,109,109,0,0
76391,58,67,-9,9
76392,108,98,10,10
76393,107,114,-7,7
76394,162,152,10,10
76395,57,58,-1,1
76396,109,117,-8,8
76397,86,86,0,0
76398,91,87,4,4
76399,89,88,1,1
76400,93,96,-3,3
76401,70,82,-12,12
76402,73,71,2,2
76403,71,77,-6,6
76404,59,54,5,5
76405,166,138,28,28
76406,71,86,-15,15
76407,71,68,3,3
76408,132,121,11,11
76409,103,121,-18,18
76410,114,115,-1,1
76411,103,130,-27,27
76412,98,104,-6,6
76413,92,81,11,11
76414,102,122,-20,20
76415,113,123,-10,10
76416,130,150,-20,20
76417,56,64,-8,8
76418,127,123,4,4
76419,53,77,-24,24
76420,129,130,-1,1
76421,93,93,0,0
76422,133,134,-1,1
76423,93,95,-2,2
76424,92,93,-1,1
76425,45,49,-4,4
76426,96,92,4,4
76427,104,105,-1,1
76428,65,65,0,0
76429,114,108,6,6
76430,52,60,-8,8
76431,80,92,-12,12
76432,135,146,-11,11
76433,78,77,1,1
76434,69,79,-10,10
76435,61,36,25,25
76436,75,70,5,5
76437,131,138,-7,7
76438,108,125,-17,17
76439,96,98,-2,2
76440,178,167,11,11
76441,171,185,-14,14
76442,81,92,-11,11
76443,91,87,4,4
76444,69,75,-6,6
76445,146,134,12,12
76446,111,94,17,17
76447,65,78,-13,13
76448,86,77,9,9
76449,79,101,-22,22
76450,108,107,1,1
76451,94,104,-10,10
76452,107,109,-2,2
76453,100,97,3,3
76454,121,101,20,20
76455,144,153,-9,9
76456,66,76,-10,10
76457,40,40,0,0
76458,99,104,-5,5
76459,32,42,-10,10
76460,69,77,-8,8
76461,145,154,-9,9
76462,76,84,-8,8
76463,85,79,6,6
76464,53,64,-11,11
76465,27,26,1,1
76466,55,49,6,6
76467,41,33,8,8
76468,57,70,-13,13
76469,83,96,-13,13
76470,77,68,9,9
76471,85,75,10,10
76472,118,111,7,7
76473,55,59,-4,4
76474,62,70,-8,8
76475,111,119,-8,8
76476,108,114,-6,6
76477,89,77,12,12
76478,97,83,14,14
76479,94,103,-9,9
76480,61,66,-5,5
76481,82,94,-12,12
76482,83,87,-4,4
76483,140,113,27,27
76484,152,134,18,18
76485,86,75,11,11
76486,33,11,22,22
76487,88,96,-8,8
76488,71,68,3,3
76489,97,115,-18,18
76490,81,84,-3,3
76491,129,115,14,14
76492,55,70,-15,15
76493,122,115,7,7
76494,103,112,-9,9
76495,98,95,3,3
76496,89,74,15,15
76497,87,75,12,12
76498,79,97,-18,18
76499,98,119,-21,21
76500,49,119,-70,70
76501,82,77,5,5
76502,120,123,-3,3
76503,108,108,0,0
76504,169,155,14,14
76505,161,148,13,13
76506,134,139,-5,5
76507,96,86,10,10
76508,56,74,-18,18
76509,101,115,-14,14
76510,86,92,-6,6
76511,82,32,50,50
76512,85,90,-5,5
76513,79,75,4,4
76514,78,88,-10,10
76515,105,102,3,3
76516,142,134,8,8
76517,65,55,10,10
76518,57,71,-14,14
76519,81,79,2,2
76520,139,110,29,29
76521,84,79,5,5
76522,81,98,-17,17
76523,154,141,13,13
76524,147,138,9,9
76525,153,143,10,10
76526,73,89,-16,16
76527,141,132,9,9
76528,43,52,-9,9
76529,101,94,7,7
76530,42,31,11,11
76531,78,90,-12,12
76532,97,106,-9,9
76533,65,81,-16,16
76534,58,58,0,0
76535,79,93,-14,14
76536,95,91,4,4
76537,105,119,-14,14
76538,37,44,-7,7
76539,82,70,12,12
76540,130,124,6,6
76541,99,110,-11,11
76542,125,103,22,22
76543,51,63,-12,12
76544,87,93,-6,6
76545,147,158,-11,11
76546,61,60,1,1
76547,122,128,-6,6
76548,70,80,-10,10
76549,81,63,18,18
76550,93,89,4,4
76551,136,134,2,2
76552,61,72,-11,11
76553,75,92,-17,17
76554,118,101,17,17
76555,110,114,-4,4
76556,153,151,2,2
76557,57,61,-4,4
76558,128,122,6,6
76559,118,105,13,13
76560,81,88,-7,7
76561,82,89,-7,7
76562,126,121,5,5
76563,110,98,12,12
76564,91,96,-5,5
76565,106,97,9,9
76566,92,95,-3,3
76567,74,81,-7,7
76568,119,115,4,4
76569,47,42,5,5
76570,81,91,-10,10
76571,101,103,-2,2
76572,91,94,-3,3
76573,68,64,4,4
76574,119,123,-4,4
76575,90,90,0,0
76576,104,122,-18,18
76577,80,89,-9,9
76578,84,94,-10,10
76579,132,124,8,8
76580,32,70,-38,38
76581,139,136,3,3
76582,85,84,1,1
76583,83,65,18,18
76584,55,75,-20,20
76585,98,105,-7,7
76586,177,171,6,6
76587,81,84,-3,3
76588,90,113,-23,23
76589,133,123,10,10
76590,85,86,-1,1
76591,58,55,3,3
76592,133,138,-5,5
76593,81,79,2,2
76594,149,138,11,11
76595,107,107,0,0
76596,113,96,17,17
76597,108,92,16,16
76598,93,92,1,1
76599,100,93,7,7
76600,66,72,-6,6
76601,109,110,-1,1
76602,77,85,-8,8
76603,208,173,35,35
76604,79,83,-4,4
76605,74,75,-1,1
76606,74,78,-4,4
76607,131,122,9,9
76608,127,124,3,3
76609,77,67,10,10
76610,100,59,41,41
76611,82,107,-25,25
76612,100,104,-4,4
76613,65,69,-4,4
76614,97,92,5,5
76615,146,136,10,10
76616,99,90,9,9
76617,117,127,-10,10
76618,71,80,-9,9
76619,60,87,-27,27
76620,75,77,-2,2
76621,46,63,-17,17
76622,121,113,8,8
76623,55,55,0,0
76624,119,127,-8,8
76625,178,166,12,12
76626,131,141,-10,10
76627,123,124,-1,1
76628,99,118,-19,19
76629,164,165,-1,1
76630,69,75,-6,6
76631,55,52,3,3
76632,148,154,-6,6
76633,67,73,-6,6
76634,138,145,-7,7
76635,115,106,9,9
76636,134,134,0,0
76637,91,110,-19,19
76638,94,99,-5,5
76639,114,109,5,5
76640,92,94,-2,2
76641,98,91,7,7
76642,41,24,17,17
76643,49,57,-8,8
76644,59,49,10,10
76645,90,87,3,3
76646,165,156,9,9
76647,53,54,-1,1
76648,67,90,-23,23
76649,77,89,-12,12
76650,87,86,1,1
76651,65,50,15,15
76652,133,131,2,2
76653,98,96,2,2
76654,103,102,1,1
76655,85,81,4,4
76656,153,147,6,6
76657,85,74,11,11
76658,126,136,-10,10
76659,102,133,-31,31
76660,115,115,0,0
76661,78,66,12,12
76662,152,163,-11,11
76663,72,65,7,7
76664,65,71,-6,6
76665,71,73,-2,2
76666,134,114,20,20
76667,104,101,3,3
76668,54,68,-14,14
76669,133,130,3,3
76670,99,109,-10,10
76671,69,60,9,9
76672,169,173,-4,4
76673,94,96,-2,2
76674,106,112,-6,6
76675,86,97,-11,11
76676,107,106,1,1
76677,52,59,-7,7
76678,71,71,0,0
76679,87,80,7,7
76680,155,147,8,8
76681,58,48,10,10
76682,144,136,8,8
76683,111,108,3,3
76684,90,84,6,6
76685,74,63,11,11
76686,100,101,-1,1
76687,112,123,-11,11
76688,117,120,-3,3
76689,48,85,-37,37
76690,107,96,11,11
76691,144,143,1,1
76692,86,80,6,6
76693,101,99,2,2
76694,94,84,10,10
76695,129,121,8,8
76696,132,145,-13,13
76697,61,55,6,6
76698,103,111,-8,8
76699,104,97,7,7
76700,135,119,16,16
76701,76,81,-5,5
76702,112,111,1,1
76703,114,94,20,20
76704,69,63,6,6
76705,92,86,6,6
76706,80,72,8,8
76707,139,141,-2,2
76708,76,79,-3,3
76709,71,50,21,21
76710,100,104,-4,4
76711,106,100,6,6
76712,145,115,30,30
76713,76,90,-14,14
76714,92,119,-27,27
76715,49,44,5,5
76716,110,106,4,4
76717,92,101,-9,9
76718,173,154,19,19
76719,98,105,-7,7
76720,175,151,24,24
76721,75,75,0,0
76722,103,92,11,11
76723,111,123,-12,12
76724,215,184,31,31
76725,131,121,10,10
76726,67,82,-15,15
76727,127,143,-16,16
76728,72,81,-9,9
76729,43,83,-40,40
76730,65,85,-20,20
76731,69,70,-1,1
76732,149,161,-12,12
76733,75,69,6,6
76734,81,84,-3,3
76735,76,71,5,5
76736,53,67,-14,14
76737,79,91,-12,12
76738,152,149,3,3
76739,97,104,-7,7
76740,48,42,6,6
76741,107,106,1,1
76742,118,114,4,4
76743,78,78,0,0
76744,98,87,11,11
76745,121,115,6,6
76746,108,96,12,12
76747,59,57,2,2
76748,95,91,4,4
76749,98,89,9,9
76750,71,67,4,4
76751,76,83,-7,7
76752,100,123,-23,23
76753,70,70,0,0
76754,71,69,2,2
76755,94,89,5,5
76756,86,78,8,8
76757,102,117,-15,15
76758,106,107,-1,1
76759,74,79,-5,5
76760,49,52,-3,3
76761,103,114,-11,11
76762,70,81,-11,11
76763,168,173,-5,5
76764,66,73,-7,7
76765,128,124,4,4
76766,110,112,-2,2
76767,82,78,4,4
76768,92,100,-8,8
76769,187,174,13,13
76770,101,125,-24,24
76771,47,57,-10,10
76772,72,79,-7,7
76773,77,90,-13,13
76774,30,24,6,6
76775,124,127,-3,3
76776,218,161,57,57
76777,110,113,-3,3
76778,106,116,-10,10
76779,133,126,7,7
76780,88,64,24,24
76781,58,63,-5,5
76782,184,168,16,16
76783,152,141,11,11
76784,87,94,-7,7
76785,167,159,8,8
76786,93,101,-8,8
76787,130,112,18,18
76788,96,86,10,10
76789,119,115,4,4
76790,81,69,12,12
76791,52,67,-15,15
76792,66,69,-3,3
76793,102,110,-8,8
76794,76,77,-1,1
76795,117,106,11,11
76796,98,98,0,0
76797,81,76,5,5
76798,99,108,-9,9
76799,81,67,14,14
76800,64,78,-14,14
76801,139,141,-2,2
76802,84,84,0,0
76803,68,63,5,5
76804,42,54,-12,12
76805,73,69,4,4
76806,158,122,36,36
76807,101,102,-1,1
76808,122,119,3,3
76809,76,119,-43,43
76810,129,146,-17,17
76811,99,102,-3,3
76812,71,61,10,10
76813,80,76,4,4
76814,141,131,10,10
76815,48,34,14,14
76816,146,124,22,22
76817,83,82,1,1
76818,102,121,-19,19
76819,87,88,-1,1
76820,83,74,9,9
76821,63,105,-42,42
76822,89,88,1,1
76823,142,128,14,14
76824,90,92,-2,2
76825,97,91,6,6
76826,130,130,0,0
76827,88,75,13,13
76828,146,152,-6,6
76829,118,94,24,24
76830,124,116,8,8
76831,108,124,-16,16
76832,53,59,-6,6
76833,78,75,3,3
76834,54,57,-3,3
76835,121,111,10,10
76836,105,117,-12,12
76837,47,67,-20,20
76838,58,64,-6,6
76839,126,109,17,17
76840,165,157,8,8
76841,118,123,-5,5
76842,54,46,8,8
76843,98,108,-10,10
76844,39,26,13,13
76845,88,99,-11,11
76846,85,116,-31,31
76847,92,106,-14,14
76848,101,87,14,14
76849,69,82,-13,13
76850,70,73,-3,3
76851,57,105,-48,48
76852,89,96,-7,7
76853,165,155,10,10
76854,88,100,-12,12
76855,142,134,8,8
76856,109,118,-9,9
76857,105,113,-8,8
76858,94,92,2,2
76859,124,119,5,5
76860,119,117,2,2
76861,41,27,14,14
76862,102,103,-1,1
76863,90,73,17,17
76864,126,131,-5,5
76865,59,78,-19,19
76866,74,79,-5,5
76867,104,113,-9,9
76868,101,97,4,4
76869,102,113,-11,11
76870,123,140,-17,17
76871,90,85,5,5
76872,85,82,3,3
76873,85,103,-18,18
76874,57,55,2,2
76875,73,70,3,3
76876,73,86,-13,13
76877,106,82,24,24
76878,47,35,12,12
76879,91,95,-4,4
76880,93,75,18,18
76881,63,67,-4,4
76882,80,75,5,5
76883,71,79,-8,8
76884,92,88,4,4
76885,125,114,11,11
76886,82,100,-18,18
76887,97,89,8,8
76888,59,55,4,4
76889,125,136,-11,11
76890,115,105,10,10
76891,103,95,8,8
76892,97,99,-2,2
76893,89,91,-2,2
76894,78,89,-11,11
76895,159,157,2,2
76896,117,135,-18,18
76897,100,84,16,16
76898,104,104,0,0
76899,97,106,-9,9
76900,114,109,5,5
76901,118,132,-14,14
76902,99,67,32,32
76903,98,91,7,7
76904,114,138,-24,24
76905,99,72,27,27
76906,95,105,-10,10
76907,68,82,-14,14
76908,119,120,-1,1
76909,125,117,8,8
76910,74,86,-12,12
76911,97,85,12,12
76912,101,101,0,0
76913,157,150,7,7
76914,141,146,-5,5
76915,132,134,-2,2
76916,104,115,-11,11
76917,85,91,-6,6
76918,110,115,-5,5
76919,91,32,59,59
76920,53,56,-3,3
76921,81,88,-7,7
76922,78,93,-15,15
76923,79,91,-12,12
76924,73,95,-22,22
76925,81,84,-3,3
76926,89,87,2,2
76927,78,67,11,11
76928,122,113,9,9
76929,64,87,-23,23
76930,52,65,-13,13
76931,87,98,-11,11
76932,134,136,-2,2
76933,104,99,5,5
76934,116,123,-7,7
76935,102,106,-4,4
76936,160,52,108,108
76937,83,73,10,10
76938,159,165,-6,6
76939,130,128,2,2
76940,92,80,12,12
76941,95,90,5,5
76942,179,178,1,1
76943,132,112,20,20
76944,53,54,-1,1
76945,100,85,15,15
76946,105,95,10,10
76947,77,83,-6,6
76948,115,103,12,12
76949,126,132,-6,6
76950,91,79,12,12
76951,79,94,-15,15
76952,40,30,10,10
76953,128,127,1,1
76954,145,92,53,53
76955,153,139,14,14
76956,81,69,12,12
76957,113,124,-11,11
76958,138,116,22,22
76959,100,114,-14,14
76960,77,78,-1,1
76961,71,81,-10,10
76962,110,115,-5,5
76963,118,108,10,10
76964,137,143,-6,6
76965,94,96,-2,2
76966,65,76,-11,11
76967,52,63,-11,11
76968,74,71,3,3
76969,68,96,-28,28
76970,101,112,-11,11
76971,104,111,-7,7
76972,138,137,1,1
76973,71,73,-2,2
76974,140,124,16,16
76975,83,73,10,10
76976,91,94,-3,3
76977,125,116,9,9
76978,77,79,-2,2
76979,63,78,-15,15
76980,116,125,-9,9
76981,102,100,2,2
76982,121,130,-9,9
76983,116,109,7,7
76984,181,173,8,8
76985,112,123,-11,11
76986,151,162,-11,11
76987,127,125,2,2
76988,87,89,-2,2
76989,123,104,19,19
76990,74,94,-20,20
76991,161,156,5,5
76992,48,48,0,0
76993,207,169,38,38
76994,124,147,-23,23
76995,91,106,-15,15
76996,104,111,-7,7
76997,118,115,3,3
76998,112,126,-14,14
76999,70,60,10,10
77000,76,77,-1,1
77001,133,118,15,15
77002,79,72,7,7
77003,56,75,-19,19
77004,111,124,-13,13
77005,48,60,-12,12
77006,80,72,8,8
77007,144,99,45,45
77008,39,29,10,10
77009,91,97,-6,6
77010,97,94,3,3
77011,93,96,-3,3
77012,142,109,33,33
77013,116,118,-2,2
77014,86,92,-6,6
77015,128,139,-11,11
77016,101,102,-1,1
77017,53,62,-9,9
77018,153,135,18,18
77019,69,71,-2,2
77020,101,82,19,19
77021,146,106,40,40
77022,107,101,6,6
77023,86,90,-4,4
77024,44,57,-13,13
77025,64,80,-16,16
77026,90,80,10,10
77027,69,70,-1,1
77028,78,70,8,8
77029,141,129,12,12
77030,54,34,20,20
77031,61,51,10,10
77032,140,113,27,27
77033,158,119,39,39
77034,96,96,0,0
77035,159,161,-2,2
77036,155,97,58,58
77037,152,142,10,10
77038,62,54,8,8
77039,84,52,32,32
77040,197,168,29,29
77041,123,124,-1,1
77042,80,73,7,7
77043,25,7,18,18
77044,140,148,-8,8
77045,65,68,-3,3
77046,67,94,-27,27
77047,62,61,1,1
77048,71,61,10,10
77049,138,136,2,2
77050,73,79,-6,6
77051,84,75,9,9
77052,227,199,28,28
77053,97,93,4,4
77054,47,54,-7,7
77055,74,61,13,13
77056,75,81,-6,6
77057,64,68,-4,4
77058,107,117,-10,10
77059,60,80,-20,20
77060,70,74,-4,4
77061,117,104,13,13
77062,110,110,0,0
77063,118,117,1,1
77064,86,93,-7,7
77065,61,65,-4,4
77066,72,80,-8,8
77067,153,141,12,12
77068,92,93,-1,1
77069,117,120,-3,3
77070,79,81,-2,2
77071,111,110,1,1
77072,48,57,-9,9
77073,71,61,10,10
77074,100,105,-5,5
77075,90,80,10,10
77076,67,79,-12,12
77077,111,112,-1,1
77078,68,59,9,9
77079,113,110,3,3
77080,78,100,-22,22
77081,94,96,-2,2
77082,86,87,-1,1
77083,131,140,-9,9
77084,142,128,14,14
77085,83,96,-13,13
77086,62,85,-23,23
77087,74,66,8,8
77088,143,146,-3,3
77089,163,152,11,11
77090,78,81,-3,3
77091,42,21,21,21
77092,69,73,-4,4
77093,68,72,-4,4
77094,132,128,4,4
77095,59,40,19,19
77096,107,111,-4,4
77097,107,114,-7,7
77098,49,44,5,5
77099,114,118,-4,4
77100,87,92,-5,5
77101,103,114,-11,11
77102,122,116,6,6
77103,114,112,2,2
77104,172,153,19,19
77105,69,72,-3,3
77106,57,69,-12,12
77107,108,108,0,0
77108,80,100,-20,20
77109,70,94,-24,24
77110,126,113,13,13
77111,102,104,-2,2
77112,45,48,-3,3
77113,72,69,3,3
77114,174,151,23,23
77115,101,103,-2,2
77116,53,56,-3,3
77117,71,69,2,2
77118,157,164,-7,7
77119,139,131,8,8
77120,116,113,3,3
77121,86,72,14,14
77122,96,92,4,4
77123,107,109,-2,2
77124,98,104,-6,6
77125,89,89,0,0
77126,117,131,-14,14
77127,108,95,13,13
77128,54,47,7,7
77129,116,120,-4,4
77130,111,111,0,0
77131,139,137,2,2
77132,74,89,-15,15
77133,117,117,0,0
77134,106,120,-14,14
77135,158,146,12,12
77136,97,99,-2,2
77137,70,74,-4,4
77138,106,118,-12,12
77139,82,84,-2,2
77140,141,122,19,19
77141,132,130,2,2
77142,114,112,2,2
77143,145,146,-1,1
77144,56,52,4,4
77145,109,100,9,9
77146,131,120,11,11
77147,154,105,49,49
77148,73,78,-5,5
77149,63,71,-8,8
77150,134,150,-16,16
77151,91,76,15,15
77152,127,119,8,8
77153,42,35,7,7
77154,101,111,-10,10
77155,52,58,-6,6
77156,143,153,-10,10
77157,92,93,-1,1
77158,84,102,-18,18
77159,101,127,-26,26
77160,117,121,-4,4
77161,85,55,30,30
77162,52,60,-8,8
77163,74,80,-6,6
77164,78,60,18,18
77165,64,67,-3,3
77166,90,95,-5,5
77167,59,62,-3,3
77168,53,56,-3,3
77169,94,119,-25,25
77170,77,86,-9,9
77171,108,112,-4,4
77172,138,138,0,0
77173,83,99,-16,16
77174,150,144,6,6
77175,108,97,11,11
77176,64,78,-14,14
77177,101,112,-11,11
77178,92,89,3,3
77179,150,141,9,9
77180,133,134,-1,1
77181,42,48,-6,6
77182,43,48,-5,5
77183,63,43,20,20
77184,82,87,-5,5
77185,56,48,8,8
77186,101,120,-19,19
77187,65,103,-38,38
77188,112,107,5,5
77189,50,52,-2,2
77190,130,123,7,7
77191,88,102,-14,14
77192,74,53,21,21
77193,129,144,-15,15
77194,57,69,-12,12
77195,110,114,-4,4
77196,99,112,-13,13
77197,77,78,-1,1
77198,117,94,23,23
77199,107,104,3,3
77200,62,61,1,1
77201,75,75,0,0
77202,97,108,-11,11
77203,54,30,24,24
77204,80,88,-8,8
77205,84,84,0,0
77206,52,59,-7,7
77207,106,99,7,7
77208,99,120,-21,21
77209,92,90,2,2
77210,53,74,-21,21
77211,135,139,-4,4
77212,116,110,6,6
77213,96,111,-15,15
77214,116,107,9,9
77215,90,89,1,1
77216,187,169,18,18
77217,55,86,-31,31
77218,48,125,-77,77
77219,77,86,-9,9
77220,74,67,7,7
77221,97,99,-2,2
77222,159,137,22,22
77223,127,126,1,1
77224,83,87,-4,4
77225,67,65,2,2
77226,103,70,33,33
77227,68,61,7,7
77228,75,77,-2,2
77229,88,89,-1,1
77230,82,120,-38,38
77231,128,120,8,8
77232,177,164,13,13
77233,140,132,8,8
77234,108,94,14,14
77235,59,50,9,9
77236,97,104,-7,7
77237,105,109,-4,4
77238,59,71,-12,12
77239,74,84,-10,10
77240,63,68,-5,5
77241,53,34,19,19
77242,67,64,3,3
77243,88,81,7,7
77244,116,121,-5,5
77245,141,122,19,19
77246,123,124,-1,1
77247,111,120,-9,9
77248,89,116,-27,27
77249,112,33,79,79
77250,118,118,0,0
77251,51,49,2,2
77252,165,121,44,44
77253,70,92,-22,22
77254,92,89,3,3
77255,156,134,22,22
77256,160,131,29,29
77257,64,66,-2,2
77258,137,126,11,11
77259,93,106,-13,13
77260,124,133,-9,9
77261,77,87,-10,10
77262,128,129,-1,1
77263,79,64,15,15
77264,61,78,-17,17
77265,112,111,1,1
77266,45,54,-9,9
77267,67,43,24,24
77268,126,130,-4,4
77269,92,88,4,4
77270,74,79,-5,5
77271,67,85,-18,18
77272,105,98,7,7
77273,167,153,14,14
77274,131,124,7,7
77275,84,117,-33,33
77276,110,112,-2,2
77277,72,71,1,1
77278,71,133,-62,62
77279,115,124,-9,9
77280,159,157,2,2
77281,82,81,1,1
77282,100,113,-13,13
77283,70,63,7,7
77284,104,119,-15,15
77285,49,47,2,2
77286,104,113,-9,9
77287,101,107,-6,6
77288,66,74,-8,8
77289,87,83,4,4
77290,85,99,-14,14
77291,124,135,-11,11
77292,121,110,11,11
77293,97,95,2,2
77294,63,62,1,1
77295,93,96,-3,3
77296,79,70,9,9
77297,49,50,-1,1
77298,95,94,1,1
77299,76,83,-7,7
77300,133,133,0,0
77301,66,73,-7,7
77302,85,116,-31,31
77303,228,220,8,8
77304,124,140,-16,16
77305,90,78,12,12
77306,95,84,11,11
77307,54,62,-8,8
77308,82,61,21,21
77309,155,146,9,9
77310,173,169,4,4
77311,171,159,12,12
77312,42,54,-12,12
77313,141,143,-2,2
77314,92,99,-7,7
77315,94,111,-17,17
77316,82,87,-5,5
77317,132,142,-10,10
77318,124,122,2,2
77319,94,98,-4,4
77320,60,79,-19,19
77321,58,61,-3,3
77322,102,115,-13,13
77323,112,119,-7,7
77324,121,126,-5,5
77325,133,141,-8,8
77326,54,69,-15,15
77327,105,118,-13,13
77328,82,92,-10,10
77329,104,100,4,4
77330,91,104,-13,13
77331,103,116,-13,13
77332,96,108,-12,12
77333,147,166,-19,19
77334,95,99,-4,4
77335,111,119,-8,8
77336,106,117,-11,11
77337,59,54,5,5
77338,77,72,5,5
77339,97,88,9,9
77340,73,64,9,9
77341,105,102,3,3
77342,122,122,0,0
77343,55,68,-13,13
77344,108,112,-4,4
77345,59,48,11,11
77346,124,146,-22,22
77347,116,129,-13,13
77348,100,112,-12,12
77349,76,90,-14,14
77350,102,92,10,10
77351,95,135,-40,40
77352,138,128,10,10
77353,119,115,4,4
77354,78,92,-14,14
77355,108,116,-8,8
77356,34,31,3,3
77357,105,103,2,2
77358,120,113,7,7
77359,91,98,-7,7
77360,103,112,-9,9
77361,75,76,-1,1
77362,176,155,21,21
77363,85,78,7,7
77364,75,79,-4,4
77365,103,118,-15,15
77366,81,88,-7,7
77367,105,122,-17,17
77368,50,61,-11,11
77369,118,107,11,11
77370,163,138,25,25
77371,137,135,2,2
77372,167,134,33,33
77373,116,81,35,35
77374,52,51,1,1
77375,115,113,2,2
77376,188,197,-9,9
77377,187,151,36,36
77378,84,77,7,7
77379,124,126,-2,2
77380,95,97,-2,2
77381,79,85,-6,6
77382,72,67,5,5
77383,68,68,0,0
77384,116,123,-7,7
77385,83,88,-5,5
77386,94,89,5,5
77387,63,71,-8,8
77388,200,193,7,7
77389,61,70,-9,9
77390,148,137,11,11
77391,56,41,15,15
77392,110,109,1,1
77393,94,89,5,5
77394,59,82,-23,23
77395,76,74,2,2
77396,67,76,-9,9
77397,102,110,-8,8
77398,165,151,14,14
77399,79,99,-20,20
77400,74,66,8,8
77401,136,137,-1,1
77402,116,96,20,20
77403,95,96,-1,1
77404,112,86,26,26
77405,65,74,-9,9
77406,43,38,5,5
77407,92,89,3,3
77408,48,47,1,1
77409,75,81,-6,6
77410,118,123,-5,5
77411,99,104,-5,5
77412,101,109,-8,8
77413,41,75,-34,34
77414,78,70,8,8
77415,129,100,29,29
77416,109,125,-16,16
77417,81,73,8,8
77418,167,167,0,0
77419,55,62,-7,7
77420,202,141,61,61
77421,118,118,0,0
77422,122,128,-6,6
77423,67,67,0,0
77424,67,69,-2,2
77425,54,47,7,7
77426,54,61,-7,7
77427,89,102,-13,13
77428,107,107,0,0
77429,94,104,-10,10
77430,72,81,-9,9
77431,127,139,-12,12
77432,84,104,-20,20
77433,64,71,-7,7
77434,96,101,-5,5
77435,116,117,-1,1
77436,127,127,0,0
77437,128,125,3,3
77438,118,132,-14,14
77439,62,68,-6,6
77440,73,67,6,6
77441,36,30,6,6
77442,165,143,22,22
77443,100,100,0,0
77444,65,80,-15,15
77445,75,94,-19,19
77446,75,94,-19,19
77447,97,105,-8,8
77448,93,86,7,7
77449,57,67,-10,10
77450,59,56,3,3
77451,85,95,-10,10
77452,99,99,0,0
77453,87,100,-13,13
77454,102,110,-8,8
77455,75,78,-3,3
77456,92,100,-8,8
77457,79,93,-14,14
77458,50,58,-8,8
77459,48,53,-5,5
77460,217,188,29,29
77461,132,123,9,9
77462,101,100,1,1
77463,82,87,-5,5
77464,116,131,-15,15
77465,112,100,12,12
77466,66,79,-13,13
77467,81,89,-8,8
77468,56,47,9,9
77469,97,95,2,2
77470,84,84,0,0
77471,37,31,6,6
77472,74,77,-3,3
77473,127,130,-3,3
77474,54,59,-5,5
77475,80,82,-2,2
77476,57,46,11,11
77477,106,98,8,8
77478,91,94,-3,3
77479,103,110,-7,7
77480,114,109,5,5
77481,131,138,-7,7
77482,85,80,5,5
77483,85,88,-3,3
77484,93,91,2,2
77485,74,43,31,31
77486,88,92,-4,4
77487,52,44,8,8
77488,41,25,16,16
77489,82,85,-3,3
77490,112,98,14,14
77491,67,69,-2,2
77492,69,77,-8,8
77493,150,124,26,26
77494,93,96,-3,3
77495,63,44,19,19
77496,95,83,12,12
77497,46,44,2,2
77498,72,77,-5,5
77499,77,49,28,28
77500,87,100,-13,13
77501,121,136,-15,15
77502,149,147,2,2
77503,82,78,4,4
77504,57,59,-2,2
77505,127,115,12,12
77506,103,113,-10,10
77507,96,113,-17,17
77508,82,86,-4,4
77509,161,156,5,5
77510,133,131,2,2
77511,73,78,-5,5
77512,71,59,12,12
77513,168,125,43,43
77514,137,130,7,7
77515,72,66,6,6
77516,77,76,1,1
77517,114,115,-1,1
77518,115,111,4,4
77519,70,69,1,1
77520,78,87,-9,9
77521,118,114,4,4
77522,88,88,0,0
77523,81,91,-10,10
77524,118,124,-6,6
77525,60,54,6,6
77526,98,102,-4,4
77527,99,87,12,12
77528,55,56,-1,1
77529,100,101,-1,1
77530,75,82,-7,7
77531,77,68,9,9
77532,139,145,-6,6
77533,99,96,3,3
77534,106,113,-7,7
77535,92,106,-14,14
77536,87,83,4,4
77537,55,55,0,0
77538,89,97,-8,8
77539,106,115,-9,9
77540,161,168,-7,7
77541,72,73,-1,1
77542,119,113,6,6
77543,90,87,3,3
77544,110,123,-13,13
77545,51,43,8,8
77546,63,75,-12,12
77547,42,52,-10,10
77548,85,77,8,8
77549,144,136,8,8
77550,69,75,-6,6
77551,43,39,4,4
77552,94,89,5,5
77553,178,189,-11,11
77554,80,91,-11,11
77555,65,77,-12,12
77556,62,68,-6,6
77557,62,72,-10,10
77558,144,143,1,1
77559,102,106,-4,4
77560,104,107,-3,3
77561,45,59,-14,14
77562,57,57,0,0
77563,132,92,40,40
77564,105,109,-4,4
77565,99,104,-5,5
77566,60,75,-15,15
77567,72,71,1,1
77568,122,123,-1,1
77569,141,136,5,5
77570,94,99,-5,5
77571,89,108,-19,19
77572,43,44,-1,1
77573,160,148,12,12
77574,84,78,6,6
77575,84,101,-17,17
77576,90,80,10,10
77577,68,62,6,6
77578,189,171,18,18
77579,77,84,-7,7
77580,59,73,-14,14
77581,139,140,-1,1
77582,98,98,0,0
77583,147,128,19,19
77584,158,137,21,21
77585,97,90,7,7
77586,109,124,-15,15
77587,112,107,5,5
77588,74,75,-1,1
77589,155,139,16,16
77590,75,83,-8,8
77591,129,127,2,2
77592,189,183,6,6
77593,98,100,-2,2
77594,68,76,-8,8
77595,100,108,-8,8
77596,136,111,25,25
77597,144,137,7,7
77598,123,125,-2,2
77599,60,69,-9,9
77600,131,122,9,9
77601,74,76,-2,2
77602,148,125,23,23
77603,112,118,-6,6
77604,60,69,-9,9
77605,89,98,-9,9
77606,83,92,-9,9
77607,100,87,13,13
77608,70,72,-2,2
77609,119,115,4,4
77610,52,77,-25,25
77611,72,67,5,5
77612,127,123,4,4
77613,82,79,3,3
77614,65,81,-16,16
77615,75,81,-6,6
77616,65,85,-20,20
77617,80,101,-21,21
77618,95,121,-26,26
77619,74,82,-8,8
77620,107,111,-4,4
77621,63,76,-13,13
77622,117,117,0,0
77623,83,70,13,13
77624,74,74,0,0
77625,56,56,0,0
77626,143,148,-5,5
77627,61,76,-15,15
77628,92,107,-15,15
77629,147,160,-13,13
77630,68,91,-23,23
77631,95,102,-7,7
77632,80,93,-13,13
77633,129,122,7,7
77634,133,146,-13,13
77635,47,63,-16,16
77636,65,67,-2,2
77637,85,104,-19,19
77638,100,96,4,4
77639,113,104,9,9
77640,104,91,13,13
77641,70,64,6,6
77642,16,5,11,11
77643,102,89,13,13
77644,125,119,6,6
77645,83,95,-12,12
77646,114,110,4,4
77647,150,153,-3,3
77648,164,138,26,26
77649,97,105,-8,8
77650,71,66,5,5
77651,78,75,3,3
77652,128,120,8,8
77653,111,110,1,1
77654,78,64,14,14
77655,83,89,-6,6
77656,84,74,10,10
77657,81,99,-18,18
77658,103,112,-9,9
77659,91,97,-6,6
77660,79,67,12,12
77661,84,85,-1,1
77662,143,122,21,21
77663,97,79,18,18
77664,85,82,3,3
77665,120,117,3,3
77666,88,103,-15,15
77667,114,120,-6,6
77668,116,121,-5,5
77669,72,84,-12,12
77670,101,95,6,6
77671,129,129,0,0
77672,119,92,27,27
77673,86,90,-4,4
77674,75,92,-17,17
77675,76,62,14,14
77676,84,74,10,10
77677,75,90,-15,15
77678,124,120,4,4
77679,177,167,10,10
77680,75,75,0,0
77681,117,117,0,0
77682,99,127,-28,28
77683,50,56,-6,6
77684,70,97,-27,27
77685,115,123,-8,8
77686,60,54,6,6
77687,96,93,3,3
77688,142,128,14,14
77689,87,85,2,2
77690,112,122,-10,10
77691,116,94,22,22
77692,56,63,-7,7
77693,158,156,2,2
77694,188,172,16,16
77695,181,145,36,36
77696,104,103,1,1
77697,159,164,-5,5
77698,122,127,-5,5
77699,69,85,-16,16
77700,105,97,8,8
77701,84,101,-17,17
77702,80,72,8,8
77703,62,53,9,9
77704,75,81,-6,6
77705,72,93,-21,21
77706,86,85,1,1
77707,99,78,21,21
77708,59,55,4,4
77709,104,98,6,6
77710,78,84,-6,6
77711,97,100,-3,3
77712,129,127,2,2
77713,64,85,-21,21
77714,105,98,7,7
77715,93,92,1,1
77716,92,98,-6,6
77717,40,49,-9,9
77718,98,101,-3,3
77719,132,140,-8,8
77720,67,72,-5,5
77721,51,89,-38,38
77722,81,94,-13,13
77723,142,113,29,29
77724,145,153,-8,8
77725,72,93,-21,21
77726,102,97,5,5
77727,87,94,-7,7
77728,111,122,-11,11
77729,80,75,5,5
77730,85,99,-14,14
77731,144,136,8,8
77732,66,80,-14,14
77733,98,107,-9,9
77734,91,105,-14,14
77735,61,62,-1,1
77736,46,51,-5,5
77737,89,99,-10,10
77738,105,108,-3,3
77739,102,87,15,15
77740,100,104,-4,4
77741,58,73,-15,15
77742,116,127,-11,11
77743,73,80,-7,7
77744,96,94,2,2
77745,89,89,0,0
77746,79,84,-5,5
77747,74,78,-4,4
77748,100,80,20,20
77749,35,39,-4,4
77750,49,47,2,2
77751,79,79,0,0
77752,102,105,-3,3
77753,104,86,18,18
77754,198,164,34,34
77755,136,113,23,23
77756,62,68,-6,6
77757,100,103,-3,3
77758,89,85,4,4
77759,131,135,-4,4
77760,82,86,-4,4
77761,157,134,23,23
77762,71,70,1,1
77763,54,51,3,3
77764,115,121,-6,6
77765,80,86,-6,6
77766,69,73,-4,4
77767,80,80,0,0
77768,89,97,-8,8
77769,91,96,-5,5
77770,171,131,40,40
77771,86,86,0,0
77772,120,111,9,9
77773,72,73,-1,1
77774,67,72,-5,5
77775,122,141,-19,19
77776,71,63,8,8
77777,119,122,-3,3
77778,80,91,-11,11
77779,110,106,4,4
77780,47,49,-2,2
77781,193,163,30,30
77782,80,84,-4,4
77783,52,81,-29,29
77784,61,61,0,0
77785,90,134,-44,44
77786,85,89,-4,4
77787,74,79,-5,5
77788,85,85,0,0
77789,125,144,-19,19
77790,150,134,16,16
77791,89,81,8,8
77792,93,90,3,3
77793,131,125,6,6
77794,66,63,3,3
77795,78,74,4,4
77796,151,153,-2,2
77797,91,90,1,1
77798,75,85,-10,10
77799,39,41,-2,2
77800,54,48,6,6
77801,106,98,8,8
77802,128,134,-6,6
77803,49,64,-15,15
77804,124,125,-1,1
77805,76,88,-12,12
77806,89,94,-5,5
77807,48,40,8,8
77808,135,152,-17,17
77809,108,95,13,13
77810,113,109,4,4
77811,97,47,50,50
77812,155,137,18,18
77813,154,145,9,9
77814,118,109,9,9
77815,87,88,-1,1
77816,56,65,-9,9
77817,56,82,-26,26
77818,70,82,-12,12
77819,45,50,-5,5
77820,49,64,-15,15
77821,91,80,11,11
77822,76,58,18,18
77823,81,103,-22,22
77824,121,117,4,4
77825,109,112,-3,3
77826,72,91,-19,19
77827,75,82,-7,7
77828,35,35,0,0
77829,90,103,-13,13
77830,132,127,5,5
77831,140,121,19,19
77832,75,85,-10,10
77833,76,65,11,11
77834,111,138,-27,27
77835,92,101,-9,9
77836,120,138,-18,18
77837,119,120,-1,1
77838,78,79,-1,1
77839,86,80,6,6
77840,60,67,-7,7
77841,158,147,11,11
77842,94,55,39,39
77843,126,124,2,2
77844,112,108,4,4
77845,112,103,9,9
77846,73,84,-11,11
77847,94,96,-2,2
77848,133,120,13,13
77849,70,81,-11,11
77850,83,83,0,0
77851,117,124,-7,7
77852,104,92,12,12
77853,109,106,3,3
77854,173,149,24,24
77855,55,73,-18,18
77856,46,40,6,6
77857,36,28,8,8
77858,76,76,0,0
77859,136,141,-5,5
77860,102,106,-4,4
77861,110,112,-2,2
77862,94,89,5,5
77863,80,88,-8,8
77864,149,144,5,5
77865,249,215,34,34
77866,150,159,-9,9
77867,49,51,-2,2
77868,58,53,5,5
77869,54,53,1,1
77870,83,73,10,10
77871,119,108,11,11
77872,58,79,-21,21
77873,123,120,3,3
77874,125,115,10,10
77875,115,111,4,4
77876,74,69,5,5
77877,71,62,9,9
77878,162,136,26,26
77879,96,104,-8,8
77880,63,103,-40,40
77881,87,91,-4,4
77882,74,73,1,1
77883,70,88,-18,18
77884,114,127,-13,13
77885,72,67,5,5
77886,58,72,-14,14
77887,117,106,11,11
77888,77,98,-21,21
77889,57,56,1,1
77890,142,111,31,31
77891,57,73,-16,16
77892,77,78,-1,1
77893,100,128,-28,28
77894,92,105,-13,13
77895,53,71,-18,18
77896,98,97,1,1
77897,96,98,-2,2
77898,67,69,-2,2
77899,69,68,1,1
77900,108,124,-16,16
77901,97,87,10,10
77902,75,76,-1,1
77903,97,101,-4,4
77904,127,124,3,3
77905,87,62,25,25
77906,86,92,-6,6
77907,84,81,3,3
77908,86,95,-9,9
77909,88,86,2,2
77910,97,98,-1,1
77911,86,88,-2,2
77912,79,81,-2,2
77913,183,181,2,2
77914,97,105,-8,8
77915,136,140,-4,4
77916,78,90,-12,12
77917,128,126,2,2
77918,116,117,-1,1
77919,167,156,11,11
77920,143,139,4,4
77921,72,68,4,4
77922,101,101,0,0
77923,89,86,3,3
77924,63,77,-14,14
77925,136,123,13,13
77926,129,126,3,3
77927,77,81,-4,4
77928,70,78,-8,8
77929,114,110,4,4
77930,100,116,-16,16
77931,133,133,0,0
77932,130,132,-2,2
77933,64,51,13,13
77934,105,112,-7,7
77935,171,141,30,30
77936,120,100,20,20
77937,95,80,15,15
77938,72,85,-13,13
77939,75,78,-3,3
77940,110,101,9,9
77941,119,92,27,27
77942,184,162,22,22
77943,132,131,1,1
77944,128,144,-16,16
77945,78,107,-29,29
77946,124,129,-5,5
77947,123,131,-8,8
77948,105,93,12,12
77949,51,51,0,0
77950,89,93,-4,4
77951,58,65,-7,7
77952,112,112,0,0
77953,97,106,-9,9
77954,95,98,-3,3
77955,79,75,4,4
77956,85,81,4,4
77957,135,121,14,14
77958,127,127,0,0
77959,95,79,16,16
77960,141,152,-11,11
77961,76,77,-1,1
77962,63,68,-5,5
77963,106,91,15,15
77964,95,88,7,7
77965,91,91,0,0
77966,147,149,-2,2
77967,124,124,0,0
77968,88,79,9,9
77969,70,79,-9,9
77970,80,89,-9,9
77971,41,39,2,2
77972,59,62,-3,3
77973,97,87,10,10
77974,61,70,-9,9
77975,148,140,8,8
77976,106,109,-3,3
77977,102,118,-16,16
77978,66,68,-2,2
77979,75,62,13,13
77980,98,93,5,5
77981,58,49,9,9
77982,59,74,-15,15
77983,53,47,6,6
77984,53,64,-11,11
77985,121,106,15,15
77986,101,95,6,6
77987,145,141,4,4
77988,57,56,1,1
77989,74,75,-1,1
77990,65,62,3,3
77991,79,92,-13,13
77992,117,93,24,24
77993,65,66,-1,1
77994,64,74,-10,10
77995,81,76,5,5
77996,125,109,16,16
77997,67,62,5,5
77998,69,77,-8,8
77999,59,62,-3,3
78000,126,119,7,7
78001,106,104,2,2
78002,63,61,2,2
78003,89,97,-8,8
78004,120,95,25,25
78005,97,99,-2,2
78006,70,66,4,4
78007,116,121,-5,5
78008,77,68,9,9
78009,49,41,8,8
78010,71,59,12,12
78011,64,89,-25,25
78012,72,70,2,2
78013,128,101,27,27
78014,98,102,-4,4
78015,66,71,-5,5
78016,112,124,-12,12
78017,51,81,-30,30
78018,85,78,7,7
78019,100,96,4,4
78020,92,90,2,2
78021,111,110,1,1
78022,100,118,-18,18
78023,96,110,-14,14
78024,166,158,8,8
78025,137,136,1,1
78026,72,72,0,0
78027,115,117,-2,2
78028,88,76,12,12
78029,91,95,-4,4
78030,103,97,6,6
78031,47,67,-20,20
78032,86,87,-1,1
78033,136,138,-2,2
78034,157,154,3,3
78035,124,134,-10,10
78036,137,142,-5,5
78037,101,113,-12,12
78038,74,106,-32,32
78039,85,73,12,12
78040,45,49,-4,4
78041,168,162,6,6
78042,115,105,10,10
78043,116,148,-32,32
78044,84,91,-7,7
78045,102,98,4,4
78046,59,100,-41,41
78047,106,118,-12,12
78048,60,59,1,1
78049,123,110,13,13
78050,85,79,6,6
78051,60,61,-1,1
78052,82,75,7,7
78053,160,147,13,13
78054,82,78,4,4
78055,83,81,2,2
78056,73,80,-7,7
78057,113,118,-5,5
78058,95,86,9,9
78059,100,106,-6,6
78060,40,49,-9,9
78061,80,81,-1,1
78062,110,114,-4,4
78063,144,138,6,6
78064,115,103,12,12
78065,64,66,-2,2
78066,119,115,4,4
78067,102,100,2,2
78068,159,138,21,21
78069,104,91,13,13
78070,91,103,-12,12
78071,133,137,-4,4
78072,98,102,-4,4
78073,96,106,-10,10
78074,134,137,-3,3
78075,160,151,9,9
78076,59,73,-14,14
78077,74,110,-36,36
78078,106,97,9,9
78079,64,67,-3,3
78080,90,115,-25,25
78081,67,72,-5,5
78082,100,106,-6,6
78083,68,72,-4,4
78084,159,149,10,10
78085,87,88,-1,1
78086,123,133,-10,10
78087,78,88,-10,10
78088,95,89,6,6
78089,56,87,-31,31
78090,102,100,2,2
78091,108,89,19,19
78092,73,75,-2,2
78093,111,113,-2,2
78094,137,134,3,3
78095,84,84,0,0
78096,89,91,-2,2
78097,70,87,-17,17
78098,78,75,3,3
78099,152,155,-3,3
78100,81,69,12,12
78101,49,49,0,0
78102,69,71,-2,2
78103,102,108,-6,6
78104,62,54,8,8
78105,91,87,4,4
78106,72,56,16,16
78107,47,36,11,11
78108,184,166,18,18
78109,103,104,-1,1
78110,69,78,-9,9
78111,51,64,-13,13
78112,120,118,2,2
78113,105,95,10,10
78114,46,63,-17,17
78115,75,82,-7,7
78116,71,70,1,1
78117,45,55,-10,10
78118,80,89,-9,9
78119,79,87,-8,8
78120,78,82,-4,4
78121,62,67,-5,5
78122,86,95,-9,9
78123,122,124,-2,2
78124,101,110,-9,9
78125,72,74,-2,2
78126,141,134,7,7
78127,69,72,-3,3
78128,93,90,3,3
78129,55,51,4,4
78130,121,117,4,4
78131,105,109,-4,4
78132,99,92,7,7
78133,195,159,36,36
78134,76,71,5,5
78135,124,115,9,9
78136,100,89,11,11
78137,152,151,1,1
78138,108,107,1,1
78139,49,56,-7,7
78140,176,154,22,22
78141,104,176,-72,72
78142,81,73,8,8
78143,97,85,12,12
78144,58,66,-8,8
78145,110,104,6,6
78146,55,66,-11,11
78147,69,59,10,10
78148,107,129,-22,22
78149,71,72,-1,1
78150,88,112,-24,24
78151,43,29,14,14
78152,117,116,1,1
78153,81,88,-7,7
78154,75,86,-11,11
78155,108,114,-6,6
78156,63,61,2,2
78157,74,78,-4,4
78158,68,69,-1,1
78159,62,56,6,6
78160,52,48,4,4
78161,78,77,1,1
78162,108,120,-12,12
78163,188,138,50,50
78164,61,67,-6,6
78165,77,84,-7,7
78166,97,93,4,4
78167,67,75,-8,8
78168,77,103,-26,26
78169,91,96,-5,5
78170,69,76,-7,7
78171,131,140,-9,9
78172,56,48,8,8
78173,49,59,-10,10
78174,126,138,-12,12
78175,114,111,3,3
78176,90,94,-4,4
78177,75,98,-23,23
78178,83,70,13,13
78179,92,98,-6,6
78180,83,84,-1,1
78181,89,79,10,10
78182,85,79,6,6
78183,70,76,-6,6
78184,108,113,-5,5
78185,71,85,-14,14
78186,68,63,5,5
78187,70,79,-9,9
78188,107,120,-13,13
78189,58,73,-15,15
78190,51,36,15,15
78191,55,63,-8,8
78192,161,153,8,8
78193,46,90,-44,44
78194,92,92,0,0
78195,154,146,8,8
78196,83,84,-1,1
78197,128,127,1,1
78198,73,97,-24,24
78199,87,81,6,6
78200,122,114,8,8
78201,108,93,15,15
78202,76,90,-14,14
78203,59,79,-20,20
78204,83,98,-15,15
78205,92,102,-10,10
78206,96,94,2,2
78207,105,46,59,59
78208,58,65,-7,7
78209,81,77,4,4
78210,110,105,5,5
78211,44,36,8,8
78212,81,81,0,0
78213,63,77,-14,14
78214,78,85,-7,7
78215,68,70,-2,2
78216,120,141,-21,21
78217,181,158,23,23
78218,141,150,-9,9
78219,178,163,15,15
78220,64,65,-1,1
78221,72,72,0,0
78222,45,32,13,13
78223,143,132,11,11
78224,145,137,8,8
78225,111,116,-5,5
78226,86,95,-9,9
78227,125,130,-5,5
78228,79,85,-6,6
78229,67,78,-11,11
78230,173,168,5,5
78231,81,81,0,0
78232,88,95,-7,7
78233,63,72,-9,9
78234,66,99,-33,33
78235,96,100,-4,4
78236,100,82,18,18
78237,57,52,5,5
78238,125,109,16,16
78239,156,136,20,20
78240,125,128,-3,3
78241,133,137,-4,4
78242,66,71,-5,5
78243,159,166,-7,7
78244,44,1,43,43
78245,67,72,-5,5
78246,105,106,-1,1
78247,77,87,-10,10
78248,64,72,-8,8
78249,62,75,-13,13
78250,69,69,0,0
78251,163,159,4,4
78252,62,73,-11,11
78253,50,57,-7,7
78254,100,101,-1,1
78255,108,106,2,2
78256,70,74,-4,4
78257,97,86,11,11
78258,83,75,8,8
78259,137,145,-8,8
78260,70,77,-7,7
78261,122,99,23,23
78262,79,83,-4,4
78263,52,76,-24,24
78264,86,99,-13,13
78265,93,96,-3,3
78266,93,113,-20,20
78267,62,36,26,26
78268,109,92,17,17
78269,107,116,-9,9
78270,83,74,9,9
78271,57,58,-1,1
78272,61,65,-4,4
78273,43,44,-1,1
78274,156,140,16,16
78275,102,92,10,10
78276,56,80,-24,24
78277,199,141,58,58
78278,103,102,1,1
78279,77,94,-17,17
78280,147,143,4,4
78281,99,113,-14,14
78282,74,117,-43,43
78283,71,89,-18,18
78284,142,143,-1,1
78285,72,84,-12,12
78286,28,68,-40,40
78287,99,134,-35,35
78288,145,158,-13,13
78289,51,40,11,11
78290,132,121,11,11
78291,102,103,-1,1
78292,69,76,-7,7
78293,142,141,1,1
78294,52,48,4,4
78295,87,108,-21,21
78296,122,129,-7,7
78297,93,80,13,13
78298,85,110,-25,25
78299,101,101,0,0
78300,88,100,-12,12
78301,64,35,29,29
78302,131,130,1,1
78303,91,91,0,0
78304,174,161,13,13
78305,50,53,-3,3
78306,78,84,-6,6
78307,76,87,-11,11
78308,118,121,-3,3
78309,56,46,10,10
78310,53,54,-1,1
78311,98,106,-8,8
78312,119,129,-10,10
78313,133,130,3,3
78314,66,62,4,4
78315,117,127,-10,10
78316,94,95,-1,1
78317,79,87,-8,8
78318,114,110,4,4
78319,96,101,-5,5
78320,81,97,-16,16
78321,83,91,-8,8
78322,74,73,1,1
78323,89,91,-2,2
78324,73,81,-8,8
78325,160,146,14,14
78326,120,112,8,8
78327,52,40,12,12
78328,127,132,-5,5
78329,93,91,2,2
78330,108,122,-14,14
78331,95,97,-2,2
78332,75,81,-6,6
78333,124,108,16,16
78334,90,93,-3,3
78335,101,115,-14,14
78336,44,52,-8,8
78337,113,113,0,0
78338,64,65,-1,1
78339,135,118,17,17
78340,147,142,5,5
78341,112,121,-9,9
78342,63,72,-9,9
78343,91,104,-13,13
78344,93,81,12,12
78345,116,115,1,1
78346,124,139,-15,15
78347,127,122,5,5
78348,114,128,-14,14
78349,137,114,23,23
78350,56,57,-1,1
78351,54,81,-27,27
78352,78,79,-1,1
78353,71,65,6,6
78354,72,79,-7,7
78355,67,69,-2,2
78356,48,43,5,5
78357,115,133,-18,18
78358,53,48,5,5
78359,95,98,-3,3
78360,56,69,-13,13
78361,45,26,19,19
78362,209,196,13,13
78363,85,109,-24,24
78364,80,77,3,3
78365,139,140,-1,1
78366,64,57,7,7
78367,83,81,2,2
78368,121,109,12,12
78369,102,111,-9,9
78370,94,90,4,4
78371,119,112,7,7
78372,59,59,0,0
78373,61,103,-42,42
78374,74,86,-12,12
78375,76,73,3,3
78376,91,93,-2,2
78377,132,125,7,7
78378,54,73,-19,19
78379,74,88,-14,14
78380,96,100,-4,4
78381,60,72,-12,12
78382,91,99,-8,8
78383,102,108,-6,6
78384,131,135,-4,4
78385,95,80,15,15
78386,35,21,14,14
78387,70,95,-25,25
78388,115,106,9,9
78389,63,55,8,8
78390,70,64,6,6
78391,73,80,-7,7
78392,79,86,-7,7
78393,114,125,-11,11
78394,75,84,-9,9
78395,103,123,-20,20
78396,111,116,-5,5
78397,110,106,4,4
78398,55,54,1,1
78399,89,104,-15,15
78400,53,70,-17,17
78401,114,100,14,14
78402,104,105,-1,1
78403,45,36,9,9
78404,122,120,2,2
78405,72,77,-5,5
78406,140,136,4,4
78407,132,133,-1,1
78408,127,161,-34,34
78409,133,130,3,3
78410,66,72,-6,6
78411,99,98,1,1
78412,112,120,-8,8
78413,104,69,35,35
78414,143,140,3,3
78415,107,113,-6,6
78416,122,122,0,0
78417,166,160,6,6
78418,169,157,12,12
78419,165,156,9,9
78420,147,127,20,20
78421,63,57,6,6
78422,71,88,-17,17
78423,59,19,40,40
78424,127,135,-8,8
78425,168,156,12,12
78426,43,46,-3,3
78427,103,46,57,57
78428,109,108,1,1
78429,99,110,-11,11
78430,71,74,-3,3
78431,94,100,-6,6
78432,104,117,-13,13
78433,96,104,-8,8
78434,85,81,4,4
78435,122,100,22,22
78436,85,90,-5,5
78437,49,51,-2,2
78438,44,74,-30,30
78439,65,63,2,2
78440,78,81,-3,3
78441,117,122,-5,5
78442,103,106,-3,3
78443,106,93,13,13
78444,97,113,-16,16
78445,167,179,-12,12
78446,50,48,2,2
78447,134,135,-1,1
78448,100,108,-8,8
78449,81,80,1,1
78450,108,125,-17,17
78451,55,56,-1,1
78452,82,74,8,8
78453,94,117,-23,23
78454,94,96,-2,2
78455,61,69,-8,8
78456,141,134,7,7
78457,79,90,-11,11
78458,71,95,-24,24
78459,48,43,5,5
78460,140,124,16,16
78461,70,31,39,39
78462,63,64,-1,1
78463,137,129,8,8
78464,40,35,5,5
78465,103,102,1,1
78466,67,56,11,11
78467,82,76,6,6
78468,119,129,-10,10
78469,131,127,4,4
78470,77,100,-23,23
78471,98,118,-20,20
78472,148,153,-5,5
78473,91,91,0,0
78474,95,100,-5,5
78475,60,68,-8,8
78476,72,77,-5,5
78477,123,131,-8,8
78478,68,74,-6,6
78479,124,118,6,6
78480,128,138,-10,10
78481,114,101,13,13
78482,90,94,-4,4
78483,108,118,-10,10
78484,114,121,-7,7
78485,33,52,-19,19
78486,95,95,0,0
78487,113,120,-7,7
78488,57,63,-6,6
78489,71,74,-3,3
78490,110,96,14,14
78491,67,79,-12,12
78492,59,72,-13,13
78493,105,116,-11,11
78494,132,127,5,5
78495,93,116,-23,23
78496,90,114,-24,24
78497,134,124,10,10
78498,32,30,2,2
78499,108,146,-38,38
78500,81,75,6,6
78501,94,100,-6,6
78502,116,140,-24,24
78503,131,134,-3,3
78504,63,81,-18,18
78505,96,90,6,6
78506,71,68,3,3
78507,71,60,11,11
78508,79,74,5,5
78509,115,115,0,0
78510,48,72,-24,24
78511,85,79,6,6
78512,113,114,-1,1
78513,89,92,-3,3
78514,131,110,21,21
78515,91,96,-5,5
78516,72,55,17,17
78517,169,150,19,19
78518,133,138,-5,5
78519,176,73,103,103
78520,118,122,-4,4
78521,71,76,-5,5
78522,65,80,-15,15
78523,144,124,20,20
78524,72,68,4,4
78525,70,72,-2,2
78526,70,81,-11,11
78527,117,114,3,3
78528,97,84,13,13
78529,57,55,2,2
78530,61,85,-24,24
78531,80,80,0,0
78532,92,90,2,2
78533,85,92,-7,7
78534,125,118,7,7
78535,90,98,-8,8
78536,80,77,3,3
78537,71,72,-1,1
78538,149,137,12,12
78539,69,60,9,9
78540,104,105,-1,1
78541,95,96,-1,1
78542,129,108,21,21
78543,144,120,24,24
78544,61,59,2,2
78545,130,115,15,15
78546,144,144,0,0
78547,39,44,-5,5
78548,114,120,-6,6
78549,48,51,-3,3
78550,94,86,8,8
78551,92,91,1,1
78552,101,99,2,2
78553,79,106,-27,27
78554,113,102,11,11
78555,69,74,-5,5
78556,41,46,-5,5
78557,69,71,-2,2
78558,108,112,-4,4
78559,66,63,3,3
78560,93,93,0,0
78561,86,77,9,9
78562,79,68,11,11
78563,80,83,-3,3
78564,87,76,11,11
78565,179,150,29,29
78566,67,113,-46,46
78567,71,83,-12,12
78568,86,74,12,12
78569,92,102,-10,10
78570,109,114,-5,5
78571,45,55,-10,10
78572,84,86,-2,2
78573,158,147,11,11
78574,92,88,4,4
78575,75,66,9,9
78576,84,87,-3,3
78577,65,66,-1,1
78578,104,87,17,17
78579,44,45,-1,1
78580,198,167,31,31
78581,124,110,14,14
78582,134,127,7,7
78583,122,113,9,9
78584,77,66,11,11
78585,103,94,9,9
78586,98,91,7,7
78587,59,54,5,5
78588,87,81,6,6
78589,74,70,4,4
78590,67,77,-10,10
78591,85,70,15,15
78592,79,71,8,8
78593,96,105,-9,9
78594,121,118,3,3
78595,98,117,-19,19
78596,145,140,5,5
78597,110,89,21,21
78598,144,146,-2,2
78599,85,86,-1,1
78600,114,125,-11,11
78601,95,91,4,4
78602,51,56,-5,5
78603,97,110,-13,13
78604,81,65,16,16
78605,81,85,-4,4
78606,85,97,-12,12
78607,154,155,-1,1
78608,125,123,2,2
78609,97,101,-4,4
78610,161,149,12,12
78611,144,132,12,12
78612,127,135,-8,8
78613,88,81,7,7
78614,180,174,6,6
78615,90,93,-3,3
78616,66,82,-16,16
78617,95,97,-2,2
78618,94,104,-10,10
78619,75,88,-13,13
78620,65,74,-9,9
78621,111,117,-6,6
78622,67,82,-15,15
78623,86,89,-3,3
78624,141,133,8,8
78625,102,102,0,0
78626,142,158,-16,16
78627,188,181,7,7
78628,62,44,18,18
78629,104,117,-13,13
78630,63,61,2,2
78631,100,97,3,3
78632,148,138,10,10
78633,103,108,-5,5
78634,122,139,-17,17
78635,69,71,-2,2
78636,89,87,2,2
78637,113,106,7,7
78638,135,137,-2,2
78639,158,151,7,7
78640,74,77,-3,3
78641,54,46,8,8
78642,106,110,-4,4
78643,56,91,-35,35
78644,113,114,-1,1
78645,95,84,11,11
78646,134,131,3,3
78647,73,84,-11,11
78648,51,48,3,3
78649,50,49,1,1
78650,33,17,16,16
78651,130,125,5,5
78652,111,127,-16,16
78653,58,49,9,9
78654,103,100,3,3
78655,136,125,11,11
78656,99,98,1,1
78657,99,98,1,1
78658,116,113,3,3
78659,149,111,38,38
78660,69,71,-2,2
78661,81,94,-13,13
78662,57,62,-5,5
78663,85,80,5,5
78664,78,98,-20,20
78665,94,86,8,8
78666,112,117,-5,5
78667,141,120,21,21
78668,133,126,7,7
78669,85,99,-14,14
78670,100,106,-6,6
78671,62,48,14,14
78672,121,115,6,6
78673,54,52,2,2
78674,154,152,2,2
78675,142,124,18,18
78676,104,107,-3,3
78677,103,112,-9,9
78678,70,60,10,10
78679,118,104,14,14
78680,115,119,-4,4
78681,145,140,5,5
78682,106,114,-8,8
78683,114,89,25,25
78684,87,99,-12,12
78685,155,138,17,17
78686,142,137,5,5
78687,132,126,6,6
78688,94,98,-4,4
78689,142,136,6,6
78690,150,139,11,11
78691,53,59,-6,6
78692,94,111,-17,17
78693,85,104,-19,19
78694,62,77,-15,15
78695,53,57,-4,4
78696,81,82,-1,1
78697,175,156,19,19
78698,55,57,-2,2
78699,72,97,-25,25
78700,93,110,-17,17
78701,73,75,-2,2
78702,47,51,-4,4
78703,67,79,-12,12
78704,117,114,3,3
78705,104,114,-10,10
78706,76,82,-6,6
78707,99,71,28,28
78708,131,129,2,2
78709,84,89,-5,5
78710,105,122,-17,17
78711,157,140,17,17
78712,111,119,-8,8
78713,91,109,-18,18
78714,74,108,-34,34
78715,79,75,4,4
78716,103,90,13,13
78717,119,105,14,14
78718,163,104,59,59
78719,69,74,-5,5
78720,112,106,6,6
78721,55,74,-19,19
78722,97,107,-10,10
78723,99,92,7,7
78724,58,73,-15,15
78725,125,84,41,41
78726,88,92,-4,4
78727,81,71,10,10
78728,158,159,-1,1
78729,55,69,-14,14
78730,114,132,-18,18
78731,95,102,-7,7
78732,87,115,-28,28
78733,139,119,20,20
78734,79,78,1,1
78735,75,67,8,8
78736,56,57,-1,1
78737,113,132,-19,19
78738,148,141,7,7
78739,160,148,12,12
78740,97,114,-17,17
78741,88,89,-1,1
78742,89,96,-7,7
78743,101,96,5,5
78744,53,63,-10,10
78745,97,116,-19,19
78746,67,74,-7,7
78747,117,97,20,20
78748,72,60,12,12
78749,40,42,-2,2
78750,48,52,-4,4
78751,88,84,4,4
78752,95,82,13,13
78753,132,119,13,13
78754,63,62,1,1
78755,95,97,-2,2
78756,84,91,-7,7
78757,33,36,-3,3
78758,70,67,3,3
78759,154,149,5,5
78760,163,161,2,2
78761,175,165,10,10
78762,92,92,0,0
78763,150,139,11,11
78764,67,77,-10,10
78765,127,128,-1,1
78766,131,94,37,37
78767,194,164,30,30
78768,113,110,3,3
78769,106,107,-1,1
78770,88,88,0,0
78771,75,72,3,3
78772,56,75,-19,19
78773,86,98,-12,12
78774,66,64,2,2
78775,171,143,28,28
78776,127,114,13,13
78777,110,64,46,46
78778,93,99,-6,6
78779,89,99,-10,10
78780,72,75,-3,3
78781,98,99,-1,1
78782,77,73,4,4
78783,93,92,1,1
78784,112,102,10,10
78785,68,76,-8,8
78786,104,113,-9,9
78787,78,81,-3,3
78788,69,91,-22,22
78789,48,29,19,19
78790,65,81,-16,16
78791,109,106,3,3
78792,90,109,-19,19
78793,141,126,15,15
78794,100,106,-6,6
78795,133,129,4,4
78796,110,102,8,8
78797,54,56,-2,2
78798,71,84,-13,13
78799,144,150,-6,6
78800,57,110,-53,53
78801,88,87,1,1
78802,107,114,-7,7
78803,128,125,3,3
78804,93,101,-8,8
78805,136,140,-4,4
78806,107,107,0,0
78807,151,154,-3,3
78808,114,116,-2,2
78809,67,87,-20,20
78810,94,96,-2,2
78811,90,96,-6,6
78812,105,89,16,16
78813,132,125,7,7
78814,90,99,-9,9
78815,120,145,-25,25
78816,91,79,12,12
78817,155,152,3,3
78818,62,65,-3,3
78819,109,103,6,6
78820,100,116,-16,16
78821,160,136,24,24
78822,96,99,-3,3
78823,104,112,-8,8
78824,93,95,-2,2
78825,72,65,7,7
78826,59,77,-18,18
78827,74,84,-10,10
78828,83,71,12,12
78829,92,80,12,12
78830,100,112,-12,12
78831,87,89,-2,2
78832,122,122,0,0
78833,78,74,4,4
78834,79,77,2,2
78835,138,127,11,11
78836,158,138,20,20
78837,75,72,3,3
78838,100,88,12,12
78839,134,119,15,15
78840,138,141,-3,3
78841,82,89,-7,7
78842,52,54,-2,2
78843,74,80,-6,6
78844,60,56,4,4
78845,49,0,49,49
78846,45,91,-46,46
78847,83,88,-5,5
78848,55,55,0,0
78849,74,67,7,7
78850,96,95,1,1
78851,71,79,-8,8
78852,73,77,-4,4
78853,104,119,-15,15
78854,57,54,3,3
78855,79,81,-2,2
78856,109,109,0,0
78857,65,61,4,4
78858,129,146,-17,17
78859,75,77,-2,2
78860,209,192,17,17
78861,102,94,8,8
78862,102,107,-5,5
78863,142,120,22,22
78864,140,92,48,48
78865,44,34,10,10
78866,102,113,-11,11
78867,89,80,9,9
78868,86,91,-5,5
78869,85,78,7,7
78870,88,77,11,11
78871,77,86,-9,9
78872,123,125,-2,2
78873,62,87,-25,25
78874,163,154,9,9
78875,114,122,-8,8
78876,55,63,-8,8
78877,112,120,-8,8
78878,125,123,2,2
78879,123,121,2,2
78880,96,104,-8,8
78881,111,101,10,10
78882,136,127,9,9
78883,75,79,-4,4
78884,134,137,-3,3
78885,77,91,-14,14
78886,98,110,-12,12
78887,94,75,19,19
78888,77,82,-5,5
78889,83,84,-1,1
78890,97,112,-15,15
78891,82,82,0,0
78892,126,125,1,1
78893,159,140,19,19
78894,100,99,1,1
78895,100,110,-10,10
78896,121,108,13,13
78897,117,92,25,25
78898,81,87,-6,6
78899,90,108,-18,18
78900,68,72,-4,4
78901,110,107,3,3
78902,118,131,-13,13
78903,97,85,12,12
78904,81,60,21,21
78905,105,110,-5,5
78906,95,90,5,5
78907,66,31,35,35
78908,109,118,-9,9
78909,141,144,-3,3
78910,52,105,-53,53
78911,80,82,-2,2
78912,93,100,-7,7
78913,76,79,-3,3
78914,111,110,1,1
78915,107,98,9,9
78916,132,120,12,12
78917,100,100,0,0
78918,138,129,9,9
78919,122,118,4,4
78920,105,108,-3,3
78921,85,82,3,3
78922,96,122,-26,26
78923,60,58,2,2
78924,106,107,-1,1
78925,47,89,-42,42
78926,97,101,-4,4
78927,36,22,14,14
78928,111,99,12,12
78929,121,131,-10,10
78930,85,84,1,1
78931,95,58,37,37
78932,78,77,1,1
78933,113,121,-8,8
78934,72,76,-4,4
78935,110,112,-2,2
78936,38,34,4,4
78937,133,128,5,5
78938,52,84,-32,32
78939,49,60,-11,11
78940,57,62,-5,5
78941,209,169,40,40
78942,93,115,-22,22
78943,62,67,-5,5
78944,51,58,-7,7
78945,82,112,-30,30
78946,77,75,2,2
78947,165,127,38,38
78948,58,58,0,0
78949,108,105,3,3
78950,43,53,-10,10
78951,83,95,-12,12
78952,92,91,1,1
78953,127,118,9,9
78954,47,40,7,7
78955,78,89,-11,11
78956,62,5,57,57
78957,136,122,14,14
78958,121,125,-4,4
78959,79,88,-9,9
78960,83,105,-22,22
78961,100,99,1,1
78962,86,90,-4,4
78963,89,92,-3,3
78964,74,59,15,15
78965,133,142,-9,9
78966,107,112,-5,5
78967,89,85,4,4
78968,72,68,4,4
78969,78,78,0,0
78970,52,62,-10,10
78971,94,79,15,15
78972,107,121,-14,14
78973,61,65,-4,4
78974,224,179,45,45
78975,75,88,-13,13
78976,53,46,7,7
78977,95,91,4,4
78978,63,61,2,2
78979,133,139,-6,6
78980,45,50,-5,5
78981,65,74,-9,9
78982,93,87,6,6
78983,68,64,4,4
78984,86,90,-4,4
78985,116,120,-4,4
78986,112,118,-6,6
78987,79,66,13,13
78988,83,85,-2,2
78989,136,139,-3,3
78990,58,60,-2,2
78991,98,101,-3,3
78992,216,191,25,25
78993,135,137,-2,2
78994,87,80,7,7
78995,99,98,1,1
78996,85,81,4,4
78997,57,34,23,23
78998,69,73,-4,4
78999,72,68,4,4
79000,42,48,-6,6
79001,50,66,-16,16
79002,120,114,6,6
79003,43,34,9,9
79004,58,58,0,0
79005,64,68,-4,4
79006,47,52,-5,5
79007,118,118,0,0
79008,91,106,-15,15
79009,115,116,-1,1
79010,132,132,0,0
79011,124,119,5,5
79012,127,139,-12,12
79013,90,85,5,5
79014,142,133,9,9
79015,72,75,-3,3
79016,91,99,-8,8
79017,93,100,-7,7
79018,159,170,-11,11
79019,76,89,-13,13
79020,89,98,-9,9
79021,127,97,30,30
79022,76,81,-5,5
79023,101,94,7,7
79024,95,90,5,5
79025,82,86,-4,4
79026,109,106,3,3
79027,108,105,3,3
79028,84,98,-14,14
79029,184,160,24,24
79030,77,72,5,5
79031,92,79,13,13
79032,57,71,-14,14
79033,104,94,10,10
79034,118,133,-15,15
79035,111,122,-11,11
79036,78,65,13,13
79037,122,121,1,1
79038,72,71,1,1
79039,106,94,12,12
79040,61,57,4,4
79041,106,112,-6,6
79042,122,124,-2,2
79043,119,122,-3,3
79044,141,130,11,11
79045,114,114,0,0
79046,124,117,7,7
79047,86,86,0,0
79048,43,53,-10,10
79049,177,160,17,17
79050,169,163,6,6
79051,100,111,-11,11
79052,70,73,-3,3
79053,80,86,-6,6
79054,82,94,-12,12
79055,97,91,6,6
79056,112,106,6,6
79057,122,112,10,10
79058,62,57,5,5
79059,146,123,23,23
79060,77,84,-7,7
79061,95,98,-3,3
79062,167,153,14,14
79063,62,95,-33,33
79064,112,120,-8,8
79065,56,71,-15,15
79066,126,113,13,13
79067,127,103,24,24
79068,221,171,50,50
79069,180,145,35,35
79070,73,53,20,20
79071,53,65,-12,12
79072,82,97,-15,15
79073,58,56,2,2
79074,78,71,7,7
79075,130,123,7,7
79076,39,26,13,13
79077,93,109,-16,16
79078,87,102,-15,15
79079,82,78,4,4
79080,130,112,18,18
79081,74,81,-7,7
79082,93,99,-6,6
79083,69,86,-17,17
79084,57,61,-4,4
79085,79,78,1,1
79086,120,116,4,4
79087,91,95,-4,4
79088,99,127,-28,28
79089,100,96,4,4
79090,93,93,0,0
79091,78,85,-7,7
79092,82,91,-9,9
79093,242,193,49,49
79094,154,149,5,5
79095,63,61,2,2
79096,52,37,15,15
79097,106,105,1,1
79098,87,108,-21,21
79099,106,113,-7,7
79100,36,26,10,10
79101,108,133,-25,25
79102,153,194,-41,41
79103,44,60,-16,16
79104,119,118,1,1
79105,51,33,18,18
79106,156,142,14,14
79107,114,129,-15,15
79108,123,122,1,1
79109,149,130,19,19
79110,90,88,2,2
79111,67,75,-8,8
79112,179,177,2,2
79113,123,121,2,2
79114,88,75,13,13
79115,211,192,19,19
79116,149,136,13,13
79117,58,63,-5,5
79118,85,76,9,9
79119,94,93,1,1
79120,125,142,-17,17
79121,50,58,-8,8
79122,78,68,10,10
79123,91,100,-9,9
79124,166,175,-9,9
79125,89,79,10,10
79126,55,63,-8,8
79127,140,142,-2,2
79128,122,123,-1,1
79129,92,83,9,9
79130,59,64,-5,5
79131,112,127,-15,15
79132,97,99,-2,2
79133,109,116,-7,7
79134,121,157,-36,36
79135,75,90,-15,15
79136,80,83,-3,3
79137,104,109,-5,5
79138,130,126,4,4
79139,148,147,1,1
79140,54,58,-4,4
79141,121,123,-2,2
79142,65,90,-25,25
79143,51,64,-13,13
79144,142,124,18,18
79145,40,39,1,1
79146,58,60,-2,2
79147,92,88,4,4
79148,71,79,-8,8
79149,96,107,-11,11
79150,118,119,-1,1
79151,54,57,-3,3
79152,91,100,-9,9
79153,70,65,5,5
79154,85,83,2,2
79155,47,90,-43,43
79156,137,138,-1,1
79157,88,82,6,6
79158,73,70,3,3
79159,99,93,6,6
79160,68,70,-2,2
79161,174,186,-12,12
79162,119,135,-16,16
79163,84,84,0,0
79164,103,127,-24,24
79165,174,165,9,9
79166,98,108,-10,10
79167,86,102,-16,16
79168,101,114,-13,13
79169,88,92,-4,4
79170,78,97,-19,19
79171,94,84,10,10
79172,131,130,1,1
79173,104,96,8,8
79174,89,95,-6,6
79175,104,129,-25,25
79176,43,49,-6,6
79177,85,86,-1,1
79178,66,93,-27,27
79179,108,142,-34,34
79180,89,103,-14,14
79181,54,57,-3,3
79182,75,86,-11,11
79183,85,99,-14,14
79184,94,108,-14,14
79185,58,43,15,15
79186,191,133,58,58
79187,63,62,1,1
79188,73,66,7,7
79189,92,96,-4,4
79190,125,104,21,21
79191,90,112,-22,22
79192,128,129,-1,1
79193,38,53,-15,15
79194,84,88,-4,4
79195,85,89,-4,4
79196,147,135,12,12
79197,54,32,22,22
79198,78,84,-6,6
79199,117,100,17,17
79200,78,87,-9,9
79201,83,104,-21,21
79202,125,138,-13,13
79203,108,115,-7,7
79204,94,107,-13,13
79205,45,45,0,0
79206,120,118,2,2
79207,86,91,-5,5
79208,85,86,-1,1
79209,50,49,1,1
79210,89,86,3,3
79211,90,77,13,13
79212,75,71,4,4
79213,110,110,0,0
79214,82,86,-4,4
79215,140,141,-1,1
79216,102,108,-6,6
79217,78,89,-11,11
79218,90,102,-12,12
79219,49,60,-11,11
79220,60,64,-4,4
79221,128,145,-17,17
79222,91,99,-8,8
79223,94,96,-2,2
79224,101,97,4,4
79225,90,79,11,11
79226,115,114,1,1
79227,111,104,7,7
79228,110,125,-15,15
79229,64,66,-2,2
79230,112,104,8,8
79231,88,95,-7,7
79232,108,102,6,6
79233,100,95,5,5
79234,66,35,31,31
79235,142,130,12,12
79236,64,55,9,9
79237,140,138,2,2
79238,124,111,13,13
79239,66,75,-9,9
79240,99,95,4,4
79241,78,78,0,0
79242,103,117,-14,14
79243,121,116,5,5
79244,96,89,7,7
79245,30,28,2,2
79246,69,68,1,1
79247,97,91,6,6
79248,81,68,13,13
79249,72,64,8,8
79250,93,89,4,4
79251,84,91,-7,7
79252,84,89,-5,5
79253,98,105,-7,7
79254,57,76,-19,19
79255,81,85,-4,4
79256,88,94,-6,6
79257,98,95,3,3
79258,171,157,14,14
79259,76,82,-6,6
79260,126,135,-9,9
79261,90,99,-9,9
79262,91,90,1,1
79263,94,80,14,14
79264,91,84,7,7
79265,122,138,-16,16
79266,81,84,-3,3
79267,86,107,-21,21
79268,79,72,7,7
79269,76,101,-25,25
79270,97,104,-7,7
79271,125,148,-23,23
79272,125,130,-5,5
79273,62,65,-3,3
79274,63,62,1,1
79275,81,78,3,3
79276,115,102,13,13
79277,162,154,8,8
79278,103,101,2,2
79279,64,68,-4,4
79280,153,147,6,6
79281,69,94,-25,25
79282,132,126,6,6
79283,76,85,-9,9
79284,63,80,-17,17
79285,65,67,-2,2
79286,89,64,25,25
79287,165,147,18,18
79288,84,83,1,1
79289,89,86,3,3
79290,130,112,18,18
79291,73,49,24,24
79292,110,118,-8,8
79293,157,144,13,13
79294,82,91,-9,9
79295,100,101,-1,1
79296,128,117,11,11
79297,122,126,-4,4
79298,102,102,0,0
79299,102,97,5,5
79300,86,86,0,0
79301,124,129,-5,5
79302,157,151,6,6
79303,104,96,8,8
79304,94,92,2,2
79305,59,67,-8,8
79306,103,97,6,6
79307,78,78,0,0
79308,73,78,-5,5
79309,76,78,-2,2
79310,112,129,-17,17
79311,103,81,22,22
79312,159,132,27,27
79313,42,59,-17,17
79314,83,79,4,4
79315,108,104,4,4
79316,129,128,1,1
79317,129,128,1,1
79318,145,141,4,4
79319,70,66,4,4
79320,71,82,-11,11
79321,60,66,-6,6
79322,100,93,7,7
79323,173,169,4,4
79324,156,145,11,11
79325,101,91,10,10
79326,99,98,1,1
79327,130,133,-3,3
79328,68,127,-59,59
79329,138,139,-1,1
79330,138,145,-7,7
79331,126,134,-8,8
79332,74,68,6,6
79333,75,76,-1,1
79334,79,58,21,21
79335,67,84,-17,17
79336,80,133,-53,53
79337,86,79,7,7
79338,57,70,-13,13
79339,111,124,-13,13
79340,95,97,-2,2
79341,85,91,-6,6
79342,88,86,2,2
79343,72,28,44,44
79344,22,58,-36,36
79345,97,72,25,25
79346,130,121,9,9
79347,55,62,-7,7
79348,95,86,9,9
79349,86,90,-4,4
79350,53,50,3,3
79351,66,53,13,13
79352,122,143,-21,21
79353,130,139,-9,9
79354,135,136,-1,1
79355,47,44,3,3
79356,65,113,-48,48
79357,46,45,1,1
79358,155,109,46,46
79359,60,64,-4,4
79360,75,72,3,3
79361,97,102,-5,5
79362,142,128,14,14
79363,57,57,0,0
79364,80,84,-4,4
79365,44,38,6,6
79366,107,96,11,11
79367,39,60,-21,21
79368,163,155,8,8
79369,152,158,-6,6
79370,119,120,-1,1
79371,98,82,16,16
79372,67,70,-3,3
79373,61,49,12,12
79374,99,119,-20,20
79375,62,47,15,15
79376,68,73,-5,5
79377,72,58,14,14
79378,83,84,-1,1
79379,103,103,0,0
79380,116,133,-17,17
79381,122,121,1,1
79382,88,99,-11,11
79383,129,121,8,8
79384,86,82,4,4
79385,82,82,0,0
79386,83,100,-17,17
79387,71,89,-18,18
79388,77,84,-7,7
79389,100,111,-11,11
79390,206,195,11,11
79391,152,178,-26,26
79392,58,66,-8,8
79393,141,137,4,4
79394,96,99,-3,3
79395,149,142,7,7
79396,80,79,1,1
79397,48,45,3,3
79398,75,89,-14,14
79399,95,90,5,5
79400,126,132,-6,6
79401,74,71,3,3
79402,95,96,-1,1
79403,59,64,-5,5
79404,164,134,30,30
79405,95,95,0,0
79406,46,94,-48,48
79407,88,104,-16,16
79408,135,140,-5,5
79409,140,130,10,10
79410,103,106,-3,3
79411,69,77,-8,8
79412,144,125,19,19
79413,147,118,29,29
79414,105,138,-33,33
79415,154,135,19,19
79416,77,78,-1,1
79417,74,89,-15,15
79418,132,126,6,6
79419,56,48,8,8
79420,48,60,-12,12
79421,77,77,0,0
79422,20,50,-30,30
79423,94,102,-8,8
79424,66,60,6,6
79425,72,74,-2,2
79426,130,123,7,7
79427,282,273,9,9
79428,139,124,15,15
79429,99,113,-14,14
79430,67,70,-3,3
79431,72,81,-9,9
79432,96,111,-15,15
79433,76,74,2,2
79434,119,116,3,3
79435,93,85,8,8
79436,61,68,-7,7
79437,79,74,5,5
79438,107,102,5,5
79439,152,161,-9,9
79440,85,80,5,5
79441,62,91,-29,29
79442,103,97,6,6
79443,59,53,6,6
79444,109,129,-20,20
79445,84,92,-8,8
79446,85,50,35,35
79447,77,100,-23,23
79448,182,141,41,41
79449,105,106,-1,1
79450,165,145,20,20
79451,101,102,-1,1
79452,91,91,0,0
79453,93,98,-5,5
79454,105,112,-7,7
79455,98,99,-1,1
79456,140,142,-2,2
79457,150,128,22,22
79458,168,150,18,18
79459,155,142,13,13
79460,75,64,11,11
79461,56,49,7,7
79462,41,55,-14,14
79463,84,90,-6,6
79464,46,48,-2,2
79465,168,169,-1,1
79466,148,143,5,5
79467,92,106,-14,14
79468,93,89,4,4
79469,108,121,-13,13
79470,52,58,-6,6
79471,100,100,0,0
79472,77,97,-20,20
79473,95,93,2,2
79474,67,69,-2,2
79475,84,72,12,12
79476,107,109,-2,2
79477,80,75,5,5
79478,104,105,-1,1
79479,86,91,-5,5
79480,90,86,4,4
79481,70,85,-15,15
79482,125,138,-13,13
79483,68,79,-11,11
79484,125,126,-1,1
79485,133,132,1,1
79486,77,77,0,0
79487,70,75,-5,5
79488,182,127,55,55
79489,114,102,12,12
79490,114,114,0,0
79491,183,175,8,8
79492,57,67,-10,10
79493,111,117,-6,6
79494,49,45,4,4
79495,58,49,9,9
79496,97,109,-12,12
79497,141,143,-2,2
79498,133,116,17,17
79499,115,104,11,11
79500,142,138,4,4
79501,53,58,-5,5
79502,69,63,6,6
79503,152,134,18,18
79504,52,38,14,14
79505,145,150,-5,5
79506,90,94,-4,4
79507,125,117,8,8
79508,73,69,4,4
79509,72,87,-15,15
79510,69,86,-17,17
79511,146,126,20,20
79512,149,141,8,8
79513,79,87,-8,8
79514,105,108,-3,3
79515,65,68,-3,3
79516,139,130,9,9
79517,123,122,1,1
79518,105,90,15,15
79519,40,28,12,12
79520,65,81,-16,16
79521,134,127,7,7
79522,123,97,26,26
79523,127,129,-2,2
79524,39,67,-28,28
79525,104,108,-4,4
79526,48,45,3,3
79527,78,91,-13,13
79528,102,97,5,5
79529,72,60,12,12
79530,130,137,-7,7
79531,107,108,-1,1
79532,90,98,-8,8
79533,85,94,-9,9
79534,103,112,-9,9
79535,118,106,12,12
79536,67,70,-3,3
79537,101,87,14,14
79538,108,55,53,53
79539,134,148,-14,14
79540,83,74,9,9
79541,103,60,43,43
79542,43,54,-11,11
79543,154,143,11,11
79544,137,128,9,9
79545,133,133,0,0
79546,165,144,21,21
79547,68,82,-14,14
79548,144,139,5,5
79549,112,128,-16,16
79550,96,73,23,23
79551,84,91,-7,7
79552,131,119,12,12
79553,95,103,-8,8
79554,166,124,42,42
79555,56,61,-5,5
79556,112,113,-1,1
79557,55,53,2,2
79558,88,91,-3,3
79559,81,77,4,4
79560,79,72,7,7
79561,105,113,-8,8
79562,52,63,-11,11
79563,131,124,7,7
79564,101,108,-7,7
79565,98,90,8,8
79566,60,54,6,6
79567,66,69,-3,3
79568,85,75,10,10
79569,81,67,14,14
79570,117,125,-8,8
79571,61,63,-2,2
79572,74,93,-19,19
79573,64,74,-10,10
79574,61,74,-13,13
79575,106,115,-9,9
79576,82,70,12,12
79577,68,83,-15,15
79578,100,109,-9,9
79579,111,105,6,6
79580,73,79,-6,6
79581,110,110,0,0
79582,110,111,-1,1
79583,150,135,15,15
79584,119,140,-21,21
79585,140,144,-4,4
79586,107,111,-4,4
79587,31,57,-26,26
79588,111,109,2,2
79589,93,95,-2,2
79590,73,77,-4,4
79591,75,78,-3,3
79592,106,117,-11,11
79593,46,63,-17,17
79594,169,130,39,39
79595,128,126,2,2
79596,189,190,-1,1
79597,119,119,0,0
79598,61,63,-2,2
79599,109,109,0,0
79600,129,118,11,11
79601,118,130,-12,12
79602,91,95,-4,4
79603,95,106,-11,11
79604,106,92,14,14
79605,188,156,32,32
79606,78,90,-12,12
79607,59,91,-32,32
79608,66,64,2,2
79609,62,49,13,13
79610,137,134,3,3
79611,82,83,-1,1
79612,115,119,-4,4
79613,102,73,29,29
79614,50,105,-55,55
79615,119,133,-14,14
79616,159,161,-2,2
79617,146,144,2,2
79618,62,56,6,6
79619,72,79,-7,7
79620,82,95,-13,13
79621,64,58,6,6
79622,74,64,10,10
79623,104,92,12,12
79624,169,126,43,43
79625,86,84,2,2
79626,178,168,10,10
79627,83,76,7,7
79628,115,104,11,11
79629,124,127,-3,3
79630,123,132,-9,9
79631,90,99,-9,9
79632,51,48,3,3
79633,99,112,-13,13
79634,99,126,-27,27
79635,108,98,10,10
79636,124,125,-1,1
79637,144,132,12,12
79638,128,134,-6,6
79639,70,58,12,12
79640,74,93,-19,19
79641,134,143,-9,9
79642,119,126,-7,7
79643,41,27,14,14
79644,101,100,1,1
79645,149,146,3,3
79646,121,122,-1,1
79647,56,46,10,10
79648,108,93,15,15
79649,72,74,-2,2
79650,98,98,0,0
79651,67,62,5,5
79652,69,86,-17,17
79653,89,90,-1,1
79654,122,139,-17,17
79655,75,68,7,7
79656,80,83,-3,3
79657,184,177,7,7
79658,80,75,5,5
79659,136,139,-3,3
79660,85,90,-5,5
79661,86,85,1,1
79662,99,111,-12,12
79663,161,126,35,35
79664,106,113,-7,7
79665,86,83,3,3
79666,160,140,20,20
79667,140,131,9,9
79668,157,168,-11,11
79669,121,119,2,2
79670,61,79,-18,18
79671,108,117,-9,9
79672,110,120,-10,10
79673,101,97,4,4
79674,85,94,-9,9
79675,125,132,-7,7
79676,67,67,0,0
79677,64,66,-2,2
79678,47,67,-20,20
79679,111,125,-14,14
79680,45,65,-20,20
79681,79,67,12,12
79682,102,103,-1,1
79683,99,77,22,22
79684,121,128,-7,7
79685,75,82,-7,7
79686,172,165,7,7
79687,67,58,9,9
79688,111,108,3,3
79689,119,131,-12,12
79690,134,121,13,13
79691,139,133,6,6
79692,67,81,-14,14
79693,100,96,4,4
79694,64,75,-11,11
79695,105,115,-10,10
79696,106,108,-2,2
79697,41,59,-18,18
79698,122,113,9,9
79699,96,109,-13,13
79700,74,99,-25,25
79701,97,103,-6,6
79702,106,102,4,4
79703,58,48,10,10
79704,61,58,3,3
79705,72,54,18,18
79706,97,115,-18,18
79707,104,114,-10,10
79708,90,93,-3,3
79709,190,158,32,32
79710,113,109,4,4
79711,72,91,-19,19
79712,102,104,-2,2
79713,143,139,4,4
79714,71,83,-12,12
79715,80,97,-17,17
79716,45,69,-24,24
79717,57,67,-10,10
79718,109,109,0,0
79719,80,90,-10,10
79720,54,63,-9,9
79721,75,97,-22,22
79722,80,105,-25,25
79723,73,78,-5,5
79724,216,189,27,27
79725,73,74,-1,1
79726,124,125,-1,1
79727,160,122,38,38
79728,140,127,13,13
79729,136,128,8,8
79730,68,63,5,5
79731,91,72,19,19
79732,69,64,5,5
79733,93,122,-29,29
79734,103,111,-8,8
79735,93,97,-4,4
79736,53,46,7,7
79737,116,116,0,0
79738,57,21,36,36
79739,89,76,13,13
79740,58,53,5,5
79741,136,127,9,9
79742,95,88,7,7
79743,59,59,0,0
79744,169,155,14,14
79745,105,112,-7,7
79746,119,89,30,30
79747,89,90,-1,1
79748,132,123,9,9
79749,81,72,9,9
79750,52,37,15,15
79751,139,120,19,19
79752,60,64,-4,4
79753,128,101,27,27
79754,54,43,11,11
79755,123,127,-4,4
79756,99,98,1,1
79757,36,45,-9,9
79758,40,31,9,9
79759,114,117,-3,3
79760,89,84,5,5
79761,68,76,-8,8
79762,96,82,14,14
79763,120,125,-5,5
79764,85,89,-4,4
79765,67,75,-8,8
79766,90,96,-6,6
79767,59,58,1,1
79768,86,75,11,11
79769,187,176,11,11
79770,117,118,-1,1
79771,50,63,-13,13
79772,90,94,-4,4
79773,92,78,14,14
79774,57,74,-17,17
79775,55,48,7,7
79776,51,58,-7,7
79777,84,91,-7,7
79778,110,121,-11,11
79779,52,65,-13,13
79780,56,83,-27,27
79781,82,91,-9,9
79782,141,151,-10,10
79783,104,99,5,5
79784,113,110,3,3
79785,119,110,9,9
79786,124,113,11,11
79787,79,67,12,12
79788,99,101,-2,2
79789,133,127,6,6
79790,53,58,-5,5
79791,88,86,2,2
79792,58,51,7,7
79793,90,95,-5,5
79794,89,103,-14,14
79795,91,111,-20,20
79796,110,112,-2,2
79797,77,85,-8,8
79798,71,71,0,0
79799,77,82,-5,5
79800,115,110,5,5
79801,62,95,-33,33
79802,167,145,22,22
79803,105,130,-25,25
79804,100,113,-13,13
79805,100,113,-13,13
79806,111,129,-18,18
79807,92,85,7,7
79808,162,158,4,4
79809,109,111,-2,2
79810,164,157,7,7
79811,63,46,17,17
79812,67,79,-12,12
79813,158,158,0,0
79814,82,83,-1,1
79815,65,50,15,15
79816,118,114,4,4
79817,87,94,-7,7
79818,159,165,-6,6
79819,122,119,3,3
79820,102,103,-1,1
79821,63,77,-14,14
79822,94,90,4,4
79823,100,109,-9,9
79824,87,83,4,4
79825,98,113,-15,15
79826,79,72,7,7
79827,104,109,-5,5
79828,115,105,10,10
79829,118,133,-15,15
79830,82,94,-12,12
79831,130,128,2,2
79832,98,97,1,1
79833,141,156,-15,15
79834,197,173,24,24
79835,141,140,1,1
79836,91,97,-6,6
79837,80,84,-4,4
79838,104,101,3,3
79839,171,152,19,19
79840,292,207,85,85
79841,113,119,-6,6
79842,111,110,1,1
79843,116,128,-12,12
79844,66,68,-2,2
79845,146,138,8,8
79846,62,62,0,0
79847,105,101,4,4
79848,66,51,15,15
79849,59,58,1,1
79850,74,80,-6,6
79851,91,73,18,18
79852,117,115,2,2
79853,101,116,-15,15
79854,167,160,7,7
79855,69,68,1,1
79856,120,130,-10,10
79857,119,116,3,3
79858,130,123,7,7
79859,69,73,-4,4
79860,97,107,-10,10
79861,76,82,-6,6
79862,183,171,12,12
79863,65,70,-5,5
79864,155,147,8,8
79865,80,77,3,3
79866,107,115,-8,8
79867,46,76,-30,30
79868,95,87,8,8
79869,72,67,5,5
79870,74,85,-11,11
79871,73,77,-4,4
79872,66,83,-17,17
79873,76,78,-2,2
79874,75,86,-11,11
79875,36,59,-23,23
79876,82,85,-3,3
79877,150,143,7,7
79878,88,96,-8,8
79879,40,19,21,21
79880,82,86,-4,4
79881,166,155,11,11
79882,113,109,4,4
79883,120,126,-6,6
79884,136,134,2,2
79885,53,74,-21,21
79886,233,197,36,36
79887,78,88,-10,10
79888,112,111,1,1
79889,103,121,-18,18
79890,100,95,5,5
79891,86,97,-11,11
79892,69,70,-1,1
79893,109,120,-11,11
79894,105,103,2,2
79895,51,98,-47,47
79896,99,121,-22,22
79897,138,138,0,0
79898,42,81,-39,39
79899,87,85,2,2
79900,141,131,10,10
79901,75,83,-8,8
79902,96,106,-10,10
79903,56,62,-6,6
79904,122,114,8,8
79905,65,61,4,4
79906,113,102,11,11
79907,67,70,-3,3
79908,83,102,-19,19
79909,91,80,11,11
79910,136,140,-4,4
79911,85,81,4,4
79912,66,70,-4,4
79913,79,68,11,11
79914,73,71,2,2
79915,106,120,-14,14
79916,76,68,8,8
79917,149,127,22,22
79918,38,54,-16,16
79919,108,98,10,10
79920,91,100,-9,9
79921,105,106,-1,1
79922,85,85,0,0
79923,62,81,-19,19
79924,117,139,-22,22
79925,62,62,0,0
79926,115,76,39,39
79927,85,82,3,3
79928,150,139,11,11
79929,132,114,18,18
79930,74,87,-13,13
79931,44,71,-27,27
79932,152,156,-4,4
79933,142,154,-12,12
79934,106,110,-4,4
79935,97,108,-11,11
79936,97,77,20,20
79937,53,74,-21,21
79938,116,111,5,5
79939,141,140,1,1
79940,109,108,1,1
79941,90,101,-11,11
79942,111,124,-13,13
79943,186,166,20,20
79944,133,131,2,2
79945,83,73,10,10
79946,69,81,-12,12
79947,73,75,-2,2
79948,154,141,13,13
79949,93,107,-14,14
79950,87,95,-8,8
79951,126,144,-18,18
79952,91,94,-3,3
79953,79,72,7,7
79954,82,95,-13,13
79955,112,99,13,13
79956,72,48,24,24
79957,179,159,20,20
79958,67,81,-14,14
79959,61,94,-33,33
79960,134,99,35,35
79961,129,116,13,13
79962,79,75,4,4
79963,95,96,-1,1
79964,147,141,6,6
79965,86,119,-33,33
79966,64,71,-7,7
79967,73,92,-19,19
79968,60,69,-9,9
79969,122,128,-6,6
79970,91,90,1,1
79971,78,88,-10,10
79972,69,77,-8,8
79973,64,94,-30,30
79974,120,129,-9,9
79975,101,113,-12,12
79976,51,58,-7,7
79977,80,91,-11,11
79978,100,130,-30,30
79979,104,117,-13,13
79980,69,66,3,3
79981,94,87,7,7
79982,110,127,-17,17
79983,157,158,-1,1
79984,56,68,-12,12
79985,118,121,-3,3
79986,29,6,23,23
79987,110,126,-16,16
79988,102,86,16,16
79989,78,83,-5,5
79990,116,136,-20,20
79991,129,131,-2,2
79992,124,138,-14,14
79993,69,84,-15,15
79994,94,92,2,2
79995,105,98,7,7
79996,127,137,-10,10
79997,99,98,1,1
79998,106,118,-12,12
79999,45,41,4,4
80000,73,77,-4,4
80001,57,87,-30,30
80002,71,73,-2,2
80003,84,83,1,1
80004,91,95,-4,4
80005,93,92,1,1
80006,75,85,-10,10
80007,98,96,2,2
80008,76,82,-6,6
80009,87,83,4,4
80010,100,110,-10,10
80011,101,100,1,1
80012,63,77,-14,14
80013,94,86,8,8
80014,58,63,-5,5
80015,77,69,8,8
80016,136,128,8,8
80017,86,89,-3,3
80018,109,92,17,17
80019,77,72,5,5
80020,146,148,-2,2
80021,128,128,0,0
80022,164,152,12,12
80023,71,71,0,0
80024,147,150,-3,3
80025,96,104,-8,8
80026,65,63,2,2
80027,95,101,-6,6
80028,84,74,10,10
80029,104,107,-3,3
80030,75,82,-7,7
80031,168,167,1,1
80032,200,181,19,19
80033,153,151,2,2
80034,171,179,-8,8
80035,111,134,-23,23
80036,65,72,-7,7
80037,85,100,-15,15
80038,98,102,-4,4
80039,111,119,-8,8
80040,112,115,-3,3
80041,113,110,3,3
80042,148,137,11,11
80043,115,127,-12,12
80044,63,83,-20,20
80045,95,91,4,4
80046,98,103,-5,5
80047,117,128,-11,11
80048,144,130,14,14
80049,115,130,-15,15
80050,124,119,5,5
80051,115,122,-7,7
80052,93,96,-3,3
80053,83,85,-2,2
80054,83,95,-12,12
80055,106,101,5,5
80056,104,108,-4,4
80057,149,153,-4,4
80058,94,95,-1,1
80059,61,70,-9,9
80060,63,87,-24,24
80061,98,101,-3,3
80062,70,90,-20,20
80063,96,109,-13,13
80064,89,89,0,0
80065,120,135,-15,15
80066,85,88,-3,3
80067,159,138,21,21
80068,144,139,5,5
80069,63,54,9,9
80070,102,100,2,2
80071,119,117,2,2
80072,106,115,-9,9
80073,88,67,21,21
80074,54,57,-3,3
80075,58,64,-6,6
80076,130,103,27,27
80077,168,151,17,17
80078,73,79,-6,6
80079,133,134,-1,1
80080,98,105,-7,7
80081,86,85,1,1
80082,81,83,-2,2
80083,83,103,-20,20
80084,59,71,-12,12
80085,43,53,-10,10
80086,80,80,0,0
80087,73,76,-3,3
80088,86,88,-2,2
80089,89,126,-37,37
80090,77,94,-17,17
80091,59,53,6,6
80092,64,85,-21,21
80093,82,76,6,6
80094,47,48,-1,1
80095,99,81,18,18
80096,104,112,-8,8
80097,62,70,-8,8
80098,70,78,-8,8
80099,65,80,-15,15
80100,79,71,8,8
80101,86,83,3,3
80102,105,109,-4,4
80103,91,95,-4,4
80104,117,118,-1,1
80105,43,45,-2,2
80106,171,168,3,3
80107,115,115,0,0
80108,111,121,-10,10
80109,73,87,-14,14
80110,118,112,6,6
80111,84,78,6,6
80112,96,99,-3,3
80113,115,113,2,2
80114,172,151,21,21
80115,138,126,12,12
80116,130,116,14,14
80117,142,145,-3,3
80118,92,88,4,4
80119,71,66,5,5
80120,42,49,-7,7
80121,93,95,-2,2
80122,116,111,5,5
80123,90,59,31,31
80124,74,86,-12,12
80125,56,68,-12,12
80126,139,128,11,11
80127,76,81,-5,5
80128,97,102,-5,5
80129,88,87,1,1
80130,70,80,-10,10
80131,148,123,25,25
80132,70,63,7,7
80133,112,115,-3,3
80134,81,71,10,10
80135,52,57,-5,5
80136,95,97,-2,2
80137,80,88,-8,8
80138,46,48,-2,2
80139,50,47,3,3
80140,129,124,5,5
80141,90,99,-9,9
80142,132,129,3,3
80143,143,113,30,30
80144,130,154,-24,24
80145,147,151,-4,4
80146,103,100,3,3
80147,61,82,-21,21
80148,88,99,-11,11
80149,158,143,15,15
80150,50,56,-6,6
80151,115,116,-1,1
80152,86,78,8,8
80153,95,88,7,7
80154,135,144,-9,9
80155,84,84,0,0
80156,116,132,-16,16
80157,31,28,3,3
80158,86,98,-12,12
80159,87,88,-1,1
80160,99,90,9,9
80161,61,86,-25,25
80162,66,64,2,2
80163,99,98,1,1
80164,83,106,-23,23
80165,63,53,10,10
80166,85,84,1,1
80167,90,88,2,2
80168,114,106,8,8
80169,77,76,1,1
80170,74,79,-5,5
80171,85,87,-2,2
80172,49,111,-62,62
80173,29,31,-2,2
80174,77,81,-4,4
80175,70,102,-32,32
80176,72,87,-15,15
80177,67,100,-33,33
80178,73,83,-10,10
80179,112,95,17,17
80180,153,149,4,4
80181,120,124,-4,4
80182,96,94,2,2
80183,104,99,5,5
80184,74,61,13,13
80185,50,91,-41,41
80186,74,71,3,3
80187,91,86,5,5
80188,100,105,-5,5
80189,45,69,-24,24
80190,96,93,3,3
80191,57,61,-4,4
80192,117,107,10,10
80193,116,96,20,20
80194,117,121,-4,4
80195,85,72,13,13
80196,90,104,-14,14
80197,120,102,18,18
80198,63,69,-6,6
80199,131,147,-16,16
80200,55,48,7,7
80201,159,163,-4,4
80202,95,92,3,3
80203,91,92,-1,1
80204,52,59,-7,7
80205,73,79,-6,6
80206,107,90,17,17
80207,73,91,-18,18
80208,144,142,2,2
80209,101,107,-6,6
80210,84,79,5,5
80211,72,80,-8,8
80212,100,115,-15,15
80213,57,54,3,3
80214,89,76,13,13
80215,85,71,14,14
80216,136,135,1,1
80217,104,78,26,26
80218,180,175,5,5
80219,88,98,-10,10
80220,81,90,-9,9
80221,98,99,-1,1
80222,63,75,-12,12
80223,81,99,-18,18
80224,132,142,-10,10
80225,139,135,4,4
80226,156,150,6,6
80227,94,100,-6,6
80228,113,114,-1,1
80229,155,158,-3,3
80230,106,93,13,13
80231,71,65,6,6
80232,98,96,2,2
80233,48,143,-95,95
80234,54,70,-16,16
80235,86,90,-4,4
80236,103,107,-4,4
80237,148,136,12,12
80238,73,78,-5,5
80239,135,134,1,1
80240,93,103,-10,10
80241,137,146,-9,9
80242,82,92,-10,10
80243,78,79,-1,1
80244,95,99,-4,4
80245,74,84,-10,10
80246,95,98,-3,3
80247,64,64,0,0
80248,100,110,-10,10
80249,95,111,-16,16
80250,28,33,-5,5
80251,38,32,6,6
80252,92,95,-3,3
80253,134,137,-3,3
80254,68,70,-2,2
80255,117,110,7,7
80256,118,113,5,5
80257,79,68,11,11
80258,61,63,-2,2
80259,132,129,3,3
80260,98,110,-12,12
80261,70,84,-14,14
80262,117,110,7,7
80263,61,51,10,10
80264,69,88,-19,19
80265,76,68,8,8
80266,56,69,-13,13
80267,108,118,-10,10
80268,70,77,-7,7
80269,53,51,2,2
80270,94,111,-17,17
80271,158,157,1,1
80272,146,138,8,8
80273,94,106,-12,12
80274,48,61,-13,13
80275,85,105,-20,20
80276,117,106,11,11
80277,119,118,1,1
80278,72,84,-12,12
80279,103,106,-3,3
80280,85,92,-7,7
80281,121,119,2,2
80282,66,87,-21,21
80283,177,198,-21,21
80284,85,90,-5,5
80285,151,147,4,4
80286,57,57,0,0
80287,83,62,21,21
80288,68,74,-6,6
80289,118,126,-8,8
80290,70,67,3,3
80291,30,72,-42,42
80292,94,84,10,10
80293,68,77,-9,9
80294,153,155,-2,2
80295,81,84,-3,3
80296,106,113,-7,7
80297,93,86,7,7
80298,152,148,4,4
80299,117,123,-6,6
80300,121,107,14,14
80301,104,123,-19,19
80302,130,126,4,4
80303,113,112,1,1
80304,108,105,3,3
80305,110,113,-3,3
80306,76,75,1,1
80307,119,110,9,9
80308,79,76,3,3
80309,96,114,-18,18
80310,74,95,-21,21
80311,71,69,2,2
80312,79,76,3,3
80313,62,63,-1,1
80314,67,72,-5,5
80315,149,132,17,17
80316,70,68,2,2
80317,87,80,7,7
80318,302,270,32,32
80319,51,54,-3,3
80320,73,57,16,16
80321,47,44,3,3
80322,138,120,18,18
80323,155,149,6,6
80324,67,80,-13,13
80325,118,128,-10,10
80326,73,97,-24,24
80327,67,68,-1,1
80328,43,80,-37,37
80329,101,107,-6,6
80330,89,83,6,6
80331,67,81,-14,14
80332,148,138,10,10
80333,131,135,-4,4
80334,73,59,14,14
80335,135,136,-1,1
80336,71,77,-6,6
80337,71,64,7,7
80338,108,93,15,15
80339,131,111,20,20
80340,115,140,-25,25
80341,56,78,-22,22
80342,84,84,0,0
80343,92,97,-5,5
80344,38,20,18,18
80345,134,125,9,9
80346,75,83,-8,8
80347,124,86,38,38
80348,126,123,3,3
80349,103,118,-15,15
80350,57,80,-23,23
80351,82,98,-16,16
80352,113,119,-6,6
80353,103,112,-9,9
80354,119,123,-4,4
80355,259,280,-21,21
80356,87,85,2,2
80357,180,145,35,35
80358,84,92,-8,8
80359,110,125,-15,15
80360,116,106,10,10
80361,114,119,-5,5
80362,124,148,-24,24
80363,92,94,-2,2
80364,86,90,-4,4
80365,85,84,1,1
80366,65,72,-7,7
80367,73,84,-11,11
80368,72,94,-22,22
80369,108,113,-5,5
80370,47,56,-9,9
80371,96,104,-8,8
80372,66,71,-5,5
80373,70,80,-10,10
80374,134,129,5,5
80375,47,23,24,24
80376,50,69,-19,19
80377,69,84,-15,15
80378,82,86,-4,4
80379,103,106,-3,3
80380,79,75,4,4
80381,82,86,-4,4
80382,77,93,-16,16
80383,77,83,-6,6
80384,99,91,8,8
80385,99,107,-8,8
80386,156,158,-2,2
80387,82,71,11,11
80388,123,116,7,7
80389,75,78,-3,3
80390,47,43,4,4
80391,32,33,-1,1
80392,72,82,-10,10
80393,92,88,4,4
80394,128,100,28,28
80395,100,103,-3,3
80396,78,87,-9,9
80397,141,138,3,3
80398,361,231,130,130
80399,142,130,12,12
80400,28,82,-54,54
80401,53,46,7,7
80402,80,81,-1,1
80403,81,87,-6,6
80404,181,135,46,46
80405,55,48,7,7
80406,81,83,-2,2
80407,58,73,-15,15
80408,28,24,4,4
80409,76,85,-9,9
80410,77,84,-7,7
80411,125,128,-3,3
80412,89,108,-19,19
80413,91,95,-4,4
80414,103,106,-3,3
80415,97,112,-15,15
80416,90,84,6,6
80417,69,71,-2,2
80418,140,146,-6,6
80419,59,91,-32,32
80420,140,138,2,2
80421,119,131,-12,12
80422,86,98,-12,12
80423,71,63,8,8
80424,179,167,12,12
80425,119,90,29,29
80426,115,107,8,8
80427,61,80,-19,19
80428,160,152,8,8
80429,127,126,1,1
80430,186,193,-7,7
80431,95,101,-6,6
80432,73,84,-11,11
80433,86,83,3,3
80434,64,87,-23,23
80435,164,168,-4,4
80436,80,84,-4,4
80437,107,96,11,11
80438,138,129,9,9
80439,95,95,0,0
80440,161,151,10,10
80441,81,79,2,2
80442,118,122,-4,4
80443,102,96,6,6
80444,79,84,-5,5
80445,83,92,-9,9
80446,96,95,1,1
80447,99,98,1,1
80448,101,104,-3,3
80449,73,65,8,8
80450,151,118,33,33
80451,86,105,-19,19
80452,107,98,9,9
80453,102,82,20,20
80454,87,91,-4,4
80455,110,98,12,12
80456,75,80,-5,5
80457,68,113,-45,45
80458,88,100,-12,12
80459,84,94,-10,10
80460,81,87,-6,6
80461,78,85,-7,7
80462,73,64,9,9
80463,103,95,8,8
80464,175,173,2,2
80465,122,111,11,11
80466,106,106,0,0
80467,53,51,2,2
80468,120,123,-3,3
80469,135,147,-12,12
80470,96,92,4,4
80471,69,66,3,3
80472,86,82,4,4
80473,94,101,-7,7
80474,46,46,0,0
80475,93,90,3,3
80476,111,113,-2,2
80477,54,63,-9,9
80478,63,57,6,6
80479,59,64,-5,5
80480,61,75,-14,14
80481,68,119,-51,51
80482,140,127,13,13
80483,79,76,3,3
80484,148,145,3,3
80485,114,125,-11,11
80486,77,86,-9,9
80487,95,77,18,18
80488,53,57,-4,4
80489,102,104,-2,2
80490,150,138,12,12
80491,142,110,32,32
80492,123,145,-22,22
80493,85,80,5,5
80494,86,75,11,11
80495,106,97,9,9
80496,123,122,1,1
80497,99,104,-5,5
80498,78,70,8,8
80499,74,87,-13,13
80500,83,70,13,13
80501,68,99,-31,31
80502,100,120,-20,20
80503,71,87,-16,16
80504,85,82,3,3
80505,105,120,-15,15
80506,132,131,1,1
80507,109,106,3,3
80508,95,89,6,6
80509,101,104,-3,3
80510,49,51,-2,2
80511,37,37,0,0
80512,80,92,-12,12
80513,66,65,1,1
80514,70,73,-3,3
80515,93,85,8,8
80516,54,58,-4,4
80517,99,102,-3,3
80518,100,105,-5,5
80519,143,128,15,15
80520,67,33,34,34
80521,69,73,-4,4
80522,72,86,-14,14
80523,88,94,-6,6
80524,116,95,21,21
80525,103,107,-4,4
80526,129,138,-9,9
80527,112,100,12,12
80528,47,46,1,1
80529,80,77,3,3
80530,87,81,6,6
80531,102,98,4,4
80532,111,104,7,7
80533,113,114,-1,1
80534,85,79,6,6
80535,57,65,-8,8
80536,110,105,5,5
80537,91,112,-21,21
80538,127,141,-14,14
80539,71,76,-5,5
80540,110,97,13,13
80541,143,136,7,7
80542,90,111,-21,21
80543,122,113,9,9
80544,124,124,0,0
80545,53,62,-9,9
80546,77,91,-14,14
80547,35,39,-4,4
80548,63,74,-11,11
80549,115,110,5,5
80550,128,120,8,8
80551,99,92,7,7
80552,90,100,-10,10
80553,80,64,16,16
80554,98,91,7,7
80555,95,95,0,0
80556,138,130,8,8
80557,84,73,11,11
80558,129,135,-6,6
80559,101,88,13,13
80560,109,95,14,14
80561,142,149,-7,7
80562,72,56,16,16
80563,110,109,1,1
80564,52,44,8,8
80565,66,97,-31,31
80566,69,80,-11,11
80567,79,85,-6,6
80568,69,92,-23,23
80569,97,104,-7,7
80570,96,89,7,7
80571,105,94,11,11
80572,144,146,-2,2
80573,129,114,15,15
80574,75,80,-5,5
80575,111,102,9,9
80576,149,124,25,25
80577,110,94,16,16
80578,73,73,0,0
80579,58,70,-12,12
80580,47,50,-3,3
80581,82,87,-5,5
80582,70,50,20,20
80583,124,101,23,23
80584,78,80,-2,2
80585,136,129,7,7
80586,147,151,-4,4
80587,84,96,-12,12
80588,121,108,13,13
80589,63,84,-21,21
80590,94,94,0,0
80591,125,131,-6,6
80592,82,95,-13,13
80593,158,144,14,14
80594,67,74,-7,7
80595,61,71,-10,10
80596,119,135,-16,16
80597,65,76,-11,11
80598,86,102,-16,16
80599,98,91,7,7
80600,143,146,-3,3
80601,105,104,1,1
80602,113,131,-18,18
80603,77,81,-4,4
80604,107,123,-16,16
80605,58,81,-23,23
80606,145,153,-8,8
80607,52,99,-47,47
80608,109,103,6,6
80609,71,54,17,17
80610,64,71,-7,7
80611,129,115,14,14
80612,83,93,-10,10
80613,40,47,-7,7
80614,102,100,2,2
80615,65,65,0,0
80616,100,97,3,3
80617,131,129,2,2
80618,90,99,-9,9
80619,92,95,-3,3
80620,67,87,-20,20
80621,121,119,2,2
80622,126,121,5,5
80623,93,103,-10,10
80624,157,151,6,6
80625,89,84,5,5
80626,53,65,-12,12
80627,96,82,14,14
80628,111,102,9,9
80629,121,117,4,4
80630,67,78,-11,11
80631,59,52,7,7
80632,88,101,-13,13
80633,71,76,-5,5
80634,57,60,-3,3
80635,118,109,9,9
80636,78,74,4,4
80637,118,115,3,3
80638,85,82,3,3
80639,102,99,3,3
80640,69,72,-3,3
80641,179,174,5,5
80642,94,110,-16,16
80643,100,114,-14,14
80644,91,80,11,11
80645,139,138,1,1
80646,77,80,-3,3
80647,64,64,0,0
80648,64,77,-13,13
80649,137,133,4,4
80650,113,119,-6,6
80651,93,93,0,0
80652,100,114,-14,14
80653,88,86,2,2
80654,87,96,-9,9
80655,144,143,1,1
80656,41,53,-12,12
80657,51,57,-6,6
80658,78,77,1,1
80659,72,79,-7,7
80660,66,69,-3,3
80661,58,73,-15,15
80662,123,124,-1,1
80663,90,82,8,8
80664,56,43,13,13
80665,98,82,16,16
80666,91,109,-18,18
80667,126,117,9,9
80668,68,106,-38,38
80669,117,107,10,10
80670,46,59,-13,13
80671,71,91,-20,20
80672,111,112,-1,1
80673,89,84,5,5
80674,58,61,-3,3
80675,104,103,1,1
80676,110,105,5,5
80677,101,93,8,8
80678,203,235,-32,32
80679,90,99,-9,9
80680,82,83,-1,1
80681,133,132,1,1
80682,67,88,-21,21
80683,75,76,-1,1
80684,90,103,-13,13
80685,91,82,9,9
80686,91,97,-6,6
80687,67,5,62,62
80688,122,100,22,22
80689,59,80,-21,21
80690,40,38,2,2
80691,104,108,-4,4
80692,118,102,16,16
80693,92,84,8,8
80694,157,161,-4,4
80695,65,66,-1,1
80696,60,77,-17,17
80697,100,101,-1,1
80698,31,29,2,2
80699,94,93,1,1
80700,45,59,-14,14
80701,109,116,-7,7
80702,85,81,4,4
80703,86,100,-14,14
80704,185,172,13,13
80705,97,110,-13,13
80706,69,66,3,3
80707,194,175,19,19
80708,63,90,-27,27
80709,141,136,5,5
80710,87,83,4,4
80711,131,126,5,5
80712,152,140,12,12
80713,96,87,9,9
80714,111,114,-3,3
80715,92,71,21,21
80716,108,100,8,8
80717,83,91,-8,8
80718,52,58,-6,6
80719,103,103,0,0
80720,189,172,17,17
80721,80,85,-5,5
80722,149,146,3,3
80723,146,137,9,9
80724,66,72,-6,6
80725,38,38,0,0
80726,124,126,-2,2
80727,55,56,-1,1
80728,141,99,42,42
80729,83,115,-32,32
80730,144,161,-17,17
80731,127,131,-4,4
80732,80,80,0,0
80733,125,121,4,4
80734,115,126,-11,11
80735,79,86,-7,7
80736,73,84,-11,11
80737,92,71,21,21
80738,84,87,-3,3
80739,103,78,25,25
80740,104,129,-25,25
80741,101,106,-5,5
80742,92,110,-18,18
80743,169,157,12,12
80744,53,44,9,9
80745,114,110,4,4
80746,138,133,5,5
80747,86,98,-12,12
80748,85,96,-11,11
80749,147,150,-3,3
80750,58,48,10,10
80751,128,127,1,1
80752,65,84,-19,19
80753,89,83,6,6
80754,95,111,-16,16
80755,84,78,6,6
80756,115,112,3,3
80757,142,139,3,3
80758,120,123,-3,3
80759,102,93,9,9
80760,121,147,-26,26
80761,48,47,1,1
80762,127,100,27,27
80763,76,78,-2,2
80764,133,133,0,0
80765,108,110,-2,2
80766,67,71,-4,4
80767,33,40,-7,7
80768,148,139,9,9
80769,115,90,25,25
80770,68,96,-28,28
80771,132,142,-10,10
80772,167,154,13,13
80773,145,146,-1,1
80774,126,127,-1,1
80775,72,84,-12,12
80776,108,110,-2,2
80777,75,81,-6,6
80778,66,71,-5,5
80779,72,68,4,4
80780,99,99,0,0
80781,67,61,6,6
80782,113,124,-11,11
80783,108,110,-2,2
80784,94,94,0,0
80785,57,63,-6,6
80786,97,97,0,0
80787,64,75,-11,11
80788,127,119,8,8
80789,90,94,-4,4
80790,185,156,29,29
80791,110,99,11,11
80792,59,62,-3,3
80793,119,114,5,5
80794,88,94,-6,6
80795,196,184,12,12
80796,95,98,-3,3
80797,69,85,-16,16
80798,159,147,12,12
80799,66,103,-37,37
80800,100,87,13,13
80801,90,97,-7,7
80802,71,77,-6,6
80803,63,58,5,5
80804,104,106,-2,2
80805,64,78,-14,14
80806,67,81,-14,14
80807,71,67,4,4
80808,155,128,27,27
80809,89,75,14,14
80810,128,127,1,1
80811,95,99,-4,4
80812,51,35,16,16
80813,118,118,0,0
80814,102,99,3,3
80815,124,104,20,20
80816,68,78,-10,10
80817,50,63,-13,13
80818,86,96,-10,10
80819,89,91,-2,2
80820,113,104,9,9
80821,126,111,15,15
80822,64,87,-23,23
80823,120,129,-9,9
80824,62,76,-14,14
80825,73,76,-3,3
80826,145,150,-5,5
80827,63,67,-4,4
80828,80,92,-12,12
80829,82,84,-2,2
80830,41,25,16,16
80831,93,100,-7,7
80832,107,109,-2,2
80833,60,60,0,0
80834,93,85,8,8
80835,97,96,1,1
80836,90,98,-8,8
80837,111,131,-20,20
80838,57,61,-4,4
80839,75,84,-9,9
80840,54,66,-12,12
80841,55,64,-9,9
80842,84,79,5,5
80843,95,95,0,0
80844,101,91,10,10
80845,91,98,-7,7
80846,65,52,13,13
80847,59,56,3,3
80848,112,133,-21,21
80849,164,156,8,8
80850,61,68,-7,7
80851,75,85,-10,10
80852,149,142,7,7
80853,152,129,23,23
80854,65,70,-5,5
80855,90,87,3,3
80856,96,99,-3,3
80857,105,105,0,0
80858,75,103,-28,28
80859,61,58,3,3
80860,102,98,4,4
80861,96,96,0,0
80862,96,94,2,2
80863,89,89,0,0
80864,100,119,-19,19
80865,96,80,16,16
80866,57,70,-13,13
80867,67,74,-7,7
80868,148,143,5,5
80869,108,116,-8,8
80870,50,55,-5,5
80871,151,145,6,6
80872,72,68,4,4
80873,55,59,-4,4
80874,166,142,24,24
80875,75,83,-8,8
80876,154,118,36,36
80877,71,87,-16,16
80878,77,66,11,11
80879,72,67,5,5
80880,79,79,0,0
80881,166,142,24,24
80882,72,80,-8,8
80883,91,96,-5,5
80884,80,87,-7,7
80885,111,89,22,22
80886,81,84,-3,3
80887,74,111,-37,37
80888,129,125,4,4
80889,120,133,-13,13
80890,79,82,-3,3
80891,95,81,14,14
80892,82,95,-13,13
80893,124,110,14,14
80894,73,77,-4,4
80895,328,377,-49,49
80896,95,94,1,1
80897,90,87,3,3
80898,105,113,-8,8
80899,131,138,-7,7
80900,96,120,-24,24
80901,64,81,-17,17
80902,129,105,24,24
80903,84,69,15,15
80904,126,115,11,11
80905,132,137,-5,5
80906,108,120,-12,12
80907,74,68,6,6
80908,122,125,-3,3
80909,96,112,-16,16
80910,172,162,10,10
80911,150,147,3,3
80912,82,85,-3,3
80913,119,126,-7,7
80914,42,44,-2,2
80915,125,119,6,6
80916,47,38,9,9
80917,78,70,8,8
80918,51,59,-8,8
80919,56,70,-14,14
80920,100,108,-8,8
80921,105,99,6,6
80922,241,190,51,51
80923,148,140,8,8
80924,49,55,-6,6
80925,116,119,-3,3
80926,45,42,3,3
80927,89,78,11,11
80928,83,85,-2,2
80929,106,105,1,1
80930,84,93,-9,9
80931,82,90,-8,8
80932,69,77,-8,8
80933,87,86,1,1
80934,85,100,-15,15
80935,75,61,14,14
80936,142,144,-2,2
80937,84,105,-21,21
80938,112,101,11,11
80939,74,84,-10,10
80940,82,82,0,0
80941,96,103,-7,7
80942,106,111,-5,5
80943,41,34,7,7
80944,70,65,5,5
80945,62,70,-8,8
80946,108,108,0,0
80947,115,107,8,8
80948,79,81,-2,2
80949,101,96,5,5
80950,73,74,-1,1
80951,69,69,0,0
80952,42,34,8,8
80953,130,129,1,1
80954,74,59,15,15
80955,69,76,-7,7
80956,112,115,-3,3
80957,95,113,-18,18
80958,56,49,7,7
80959,98,30,68,68
80960,93,99,-6,6
80961,93,95,-2,2
80962,99,100,-1,1
80963,137,123,14,14
80964,127,124,3,3
80965,82,81,1,1
80966,58,74,-16,16
80967,83,74,9,9
80968,130,127,3,3
80969,99,87,12,12
80970,134,142,-8,8
80971,134,129,5,5
80972,73,67,6,6
80973,98,116,-18,18
80974,56,57,-1,1
80975,106,110,-4,4
80976,157,142,15,15
80977,70,66,4,4
80978,105,112,-7,7
80979,108,119,-11,11
80980,65,60,5,5
80981,82,78,4,4
80982,75,90,-15,15
80983,88,97,-9,9
80984,79,78,1,1
80985,85,98,-13,13
80986,98,112,-14,14
80987,70,78,-8,8
80988,132,119,13,13
80989,121,101,20,20
80990,120,143,-23,23
80991,131,128,3,3
80992,100,111,-11,11
80993,103,101,2,2
80994,89,91,-2,2
80995,87,91,-4,4
80996,63,71,-8,8
80997,101,140,-39,39
80998,80,75,5,5
80999,60,55,5,5
81000,53,55,-2,2
81001,147,129,18,18
81002,83,91,-8,8
81003,91,100,-9,9
81004,120,108,12,12
81005,79,74,5,5
81006,66,61,5,5
81007,126,107,19,19
81008,155,146,9,9
81009,73,81,-8,8
81010,75,70,5,5
81011,110,111,-1,1
81012,87,96,-9,9
81013,92,92,0,0
81014,133,123,10,10
81015,100,100,0,0
81016,89,104,-15,15
81017,73,82,-9,9
81018,56,79,-23,23
81019,117,111,6,6
81020,77,94,-17,17
81021,58,60,-2,2
81022,132,128,4,4
81023,149,127,22,22
81024,60,58,2,2
81025,88,77,11,11
81026,118,128,-10,10
81027,71,85,-14,14
81028,158,138,20,20
81029,143,132,11,11
81030,63,99,-36,36
81031,49,50,-1,1
81032,111,115,-4,4
81033,121,127,-6,6
81034,97,96,1,1
81035,116,122,-6,6
81036,58,72,-14,14
81037,66,82,-16,16
81038,63,62,1,1
81039,54,46,8,8
81040,83,84,-1,1
81041,66,74,-8,8
81042,48,43,5,5
81043,69,75,-6,6
81044,39,119,-80,80
81045,158,130,28,28
81046,48,42,6,6
81047,63,51,12,12
81048,93,114,-21,21
81049,87,139,-52,52
81050,64,53,11,11
81051,148,122,26,26
81052,58,51,7,7
81053,51,71,-20,20
81054,53,63,-10,10
81055,138,141,-3,3
81056,75,82,-7,7
81057,94,98,-4,4
81058,49,64,-15,15
81059,132,137,-5,5
81060,98,96,2,2
81061,97,95,2,2
81062,100,81,19,19
81063,107,97,10,10
81064,65,89,-24,24
81065,67,55,12,12
81066,54,45,9,9
81067,123,88,35,35
81068,133,118,15,15
81069,105,120,-15,15
81070,91,106,-15,15
81071,121,112,9,9
81072,81,94,-13,13
81073,59,76,-17,17
81074,154,147,7,7
81075,85,98,-13,13
81076,80,97,-17,17
81077,181,157,24,24
81078,112,113,-1,1
81079,80,79,1,1
81080,140,130,10,10
81081,92,74,18,18
81082,87,77,10,10
81083,62,112,-50,50
81084,136,116,20,20
81085,74,83,-9,9
81086,74,67,7,7
81087,45,60,-15,15
81088,87,90,-3,3
81089,81,75,6,6
81090,37,34,3,3
81091,73,81,-8,8
81092,81,79,2,2
81093,119,131,-12,12
81094,139,136,3,3
81095,106,108,-2,2
81096,105,111,-6,6
81097,129,128,1,1
81098,97,104,-7,7
81099,94,113,-19,19
81100,89,112,-23,23
81101,84,81,3,3
81102,182,156,26,26
81103,44,60,-16,16
81104,98,87,11,11
81105,83,70,13,13
81106,159,144,15,15
81107,61,51,10,10
81108,145,127,18,18
81109,113,142,-29,29
81110,74,83,-9,9
81111,44,83,-39,39
81112,70,92,-22,22
81113,87,108,-21,21
81114,156,144,12,12
81115,78,84,-6,6
81116,99,97,2,2
81117,120,125,-5,5
81118,100,102,-2,2
81119,90,89,1,1
81120,90,102,-12,12
81121,126,132,-6,6
81122,59,49,10,10
81123,82,89,-7,7
81124,71,51,20,20
81125,87,77,10,10
81126,72,54,18,18
81127,112,103,9,9
81128,65,61,4,4
81129,68,74,-6,6
81130,62,69,-7,7
81131,130,125,5,5
81132,60,61,-1,1
81133,100,116,-16,16
81134,48,57,-9,9
81135,97,104,-7,7
81136,85,86,-1,1
81137,143,119,24,24
81138,112,111,1,1
81139,70,72,-2,2
81140,107,126,-19,19
81141,103,105,-2,2
81142,79,75,4,4
81143,65,65,0,0
81144,74,67,7,7
81145,62,64,-2,2
81146,146,145,1,1
81147,138,134,4,4
81148,109,103,6,6
81149,57,64,-7,7
81150,81,83,-2,2
81151,100,107,-7,7
81152,55,79,-24,24
81153,71,78,-7,7
81154,137,117,20,20
81155,173,179,-6,6
81156,53,43,10,10
81157,69,73,-4,4
81158,115,116,-1,1
81159,71,82,-11,11
81160,129,131,-2,2
81161,142,141,1,1
81162,48,52,-4,4
81163,77,79,-2,2
81164,81,94,-13,13
81165,103,94,9,9
81166,75,78,-3,3
81167,86,93,-7,7
81168,105,109,-4,4
81169,61,64,-3,3
81170,109,102,7,7
81171,98,99,-1,1
81172,153,150,3,3
81173,50,60,-10,10
81174,178,160,18,18
81175,85,97,-12,12
81176,118,113,5,5
81177,94,96,-2,2
81178,116,102,14,14
81179,92,87,5,5
81180,96,90,6,6
81181,44,37,7,7
81182,96,92,4,4
81183,146,129,17,17
81184,90,87,3,3
81185,86,76,10,10
81186,112,120,-8,8
81187,102,110,-8,8
81188,47,40,7,7
81189,107,93,14,14
81190,52,52,0,0
81191,122,120,2,2
81192,84,79,5,5
81193,76,86,-10,10
81194,72,66,6,6
81195,181,184,-3,3
81196,71,75,-4,4
81197,92,98,-6,6
81198,152,149,3,3
81199,133,131,2,2
81200,97,105,-8,8
81201,135,130,5,5
81202,75,88,-13,13
81203,99,78,21,21
81204,92,116,-24,24
81205,113,119,-6,6
81206,65,63,2,2
81207,100,90,10,10
81208,124,132,-8,8
81209,82,84,-2,2
81210,111,118,-7,7
81211,101,95,6,6
81212,60,71,-11,11
81213,141,133,8,8
81214,69,78,-9,9
81215,141,141,0,0
81216,111,98,13,13
81217,169,167,2,2
81218,126,123,3,3
81219,75,34,41,41
81220,120,110,10,10
81221,141,132,9,9
81222,104,130,-26,26
81223,48,36,12,12
81224,93,94,-1,1
81225,140,137,3,3
81226,97,84,13,13
81227,110,107,3,3
81228,45,33,12,12
81229,92,100,-8,8
81230,87,67,20,20
81231,90,82,8,8
81232,68,90,-22,22
81233,64,76,-12,12
81234,59,54,5,5
81235,135,138,-3,3
81236,52,58,-6,6
81237,121,127,-6,6
81238,78,92,-14,14
81239,97,79,18,18
81240,64,102,-38,38
81241,113,117,-4,4
81242,83,76,7,7
81243,79,83,-4,4
81244,77,85,-8,8
81245,56,76,-20,20
81246,156,157,-1,1
81247,134,130,4,4
81248,66,66,0,0
81249,113,114,-1,1
81250,89,102,-13,13
81251,95,109,-14,14
81252,98,93,5,5
81253,137,143,-6,6
81254,113,102,11,11
81255,173,136,37,37
81256,122,121,1,1
81257,92,88,4,4
81258,142,127,15,15
81259,82,112,-30,30
81260,42,36,6,6
81261,116,118,-2,2
81262,89,83,6,6
81263,140,131,9,9
81264,130,113,17,17
81265,80,85,-5,5
81266,113,126,-13,13
81267,60,64,-4,4
81268,143,170,-27,27
81269,86,80,6,6
81270,126,120,6,6
81271,75,73,2,2
81272,120,117,3,3
81273,125,116,9,9
81274,195,175,20,20
81275,71,79,-8,8
81276,131,80,51,51
81277,111,106,5,5
81278,89,111,-22,22
81279,93,95,-2,2
81280,80,79,1,1
81281,80,87,-7,7
81282,46,40,6,6
81283,134,125,9,9
81284,83,86,-3,3
81285,145,148,-3,3
81286,80,67,13,13
81287,82,73,9,9
81288,86,79,7,7
81289,62,67,-5,5
81290,46,49,-3,3
81291,112,121,-9,9
81292,99,99,0,0
81293,145,111,34,34
81294,166,171,-5,5
81295,45,41,4,4
81296,126,105,21,21
81297,89,91,-2,2
81298,99,98,1,1
81299,77,83,-6,6
81300,119,119,0,0
81301,93,117,-24,24
81302,102,117,-15,15
81303,62,76,-14,14
81304,57,80,-23,23
81305,63,69,-6,6
81306,56,114,-58,58
81307,137,133,4,4
81308,101,101,0,0
81309,90,79,11,11
81310,136,137,-1,1
81311,70,62,8,8
81312,81,86,-5,5
81313,66,65,1,1
81314,93,90,3,3
81315,73,67,6,6
81316,90,97,-7,7
81317,83,85,-2,2
81318,89,105,-16,16
81319,103,108,-5,5
81320,105,105,0,0
81321,83,109,-26,26
81322,115,120,-5,5
81323,99,110,-11,11
81324,85,92,-7,7
81325,73,85,-12,12
81326,80,81,-1,1
81327,49,51,-2,2
81328,80,82,-2,2
81329,63,45,18,18
81330,33,37,-4,4
81331,178,130,48,48
81332,105,122,-17,17
81333,41,51,-10,10
81334,92,99,-7,7
81335,98,95,3,3
81336,71,61,10,10
81337,30,16,14,14
81338,62,63,-1,1
81339,126,147,-21,21
81340,102,108,-6,6
81341,122,122,0,0
81342,79,93,-14,14
81343,152,143,9,9
81344,159,145,14,14
81345,161,154,7,7
81346,71,85,-14,14
81347,84,95,-11,11
81348,118,107,11,11
81349,73,67,6,6
81350,118,126,-8,8
81351,102,90,12,12
81352,69,91,-22,22
81353,101,92,9,9
81354,127,122,5,5
81355,84,79,5,5
81356,40,29,11,11
81357,70,73,-3,3
81358,135,111,24,24
81359,77,82,-5,5
81360,78,77,1,1
81361,70,68,2,2
81362,73,83,-10,10
81363,85,90,-5,5
81364,106,104,2,2
81365,151,138,13,13
81366,153,157,-4,4
81367,133,111,22,22
81368,121,97,24,24
81369,110,120,-10,10
81370,71,75,-4,4
81371,98,81,17,17
81372,126,136,-10,10
81373,86,91,-5,5
81374,77,81,-4,4
81375,198,170,28,28
81376,133,114,19,19
81377,124,109,15,15
81378,90,83,7,7
81379,60,57,3,3
81380,80,97,-17,17
81381,47,44,3,3
81382,82,85,-3,3
81383,119,98,21,21
81384,66,74,-8,8
81385,136,120,16,16
81386,141,150,-9,9
81387,50,70,-20,20
81388,71,77,-6,6
81389,98,105,-7,7
81390,121,105,16,16
81391,81,97,-16,16
81392,117,121,-4,4
81393,112,132,-20,20
81394,94,119,-25,25
81395,55,92,-37,37
81396,97,120,-23,23
81397,92,98,-6,6
81398,137,142,-5,5
81399,54,64,-10,10
81400,140,137,3,3
81401,138,132,6,6
81402,85,97,-12,12
81403,84,88,-4,4
81404,104,107,-3,3
81405,113,116,-3,3
81406,109,128,-19,19
81407,76,95,-19,19
81408,79,90,-11,11
81409,65,59,6,6
81410,81,86,-5,5
81411,131,98,33,33
81412,204,154,50,50
81413,77,62,15,15
81414,161,116,45,45
81415,97,84,13,13
81416,110,96,14,14
81417,76,68,8,8
81418,70,73,-3,3
81419,122,128,-6,6
81420,52,62,-10,10
81421,121,122,-1,1
81422,89,90,-1,1
81423,99,106,-7,7
81424,62,64,-2,2
81425,117,116,1,1
81426,92,93,-1,1
81427,169,158,11,11
81428,122,116,6,6
81429,88,70,18,18
81430,94,86,8,8
81431,163,140,23,23
81432,72,93,-21,21
81433,87,97,-10,10
81434,104,117,-13,13
81435,51,66,-15,15
81436,57,48,9,9
81437,149,148,1,1
81438,87,113,-26,26
81439,109,117,-8,8
81440,120,114,6,6
81441,79,80,-1,1
81442,129,125,4,4
81443,162,150,12,12
81444,133,134,-1,1
81445,82,86,-4,4
81446,110,111,-1,1
81447,180,154,26,26
81448,104,107,-3,3
81449,134,140,-6,6
81450,114,109,5,5
81451,130,161,-31,31
81452,94,115,-21,21
81453,182,164,18,18
81454,93,99,-6,6
81455,74,77,-3,3
81456,66,72,-6,6
81457,164,297,-133,133
81458,125,160,-35,35
81459,74,80,-6,6
81460,148,139,9,9
81461,69,84,-15,15
81462,98,101,-3,3
81463,71,63,8,8
81464,107,114,-7,7
81465,133,116,17,17
81466,72,59,13,13
81467,68,79,-11,11
81468,97,98,-1,1
81469,185,166,19,19
81470,184,174,10,10
81471,106,116,-10,10
81472,143,150,-7,7
81473,82,95,-13,13
81474,47,49,-2,2
81475,82,79,3,3
81476,97,89,8,8
81477,58,57,1,1
81478,115,100,15,15
81479,137,122,15,15
81480,112,119,-7,7
81481,101,99,2,2
81482,56,63,-7,7
81483,80,65,15,15
81484,79,93,-14,14
81485,186,164,22,22
81486,79,77,2,2
81487,80,61,19,19
81488,85,82,3,3
81489,123,116,7,7
81490,94,48,46,46
81491,71,94,-23,23
81492,83,95,-12,12
81493,45,58,-13,13
81494,120,133,-13,13
81495,165,135,30,30
81496,73,76,-3,3
81497,87,78,9,9
81498,80,91,-11,11
81499,132,144,-12,12
81500,82,88,-6,6
81501,77,86,-9,9
81502,62,56,6,6
81503,74,91,-17,17
81504,87,93,-6,6
81505,142,134,8,8
81506,119,106,13,13
81507,62,4,58,58
