,original,predict,differ,abs
0,67,70,-3,3
1,58,61,-3,3
2,88,81,7,7
3,183,175,8,8
4,81,80,1,1
5,88,90,-2,2
6,83,87,-4,4
7,183,115,68,68
8,81,76,5,5
9,117,118,-1,1
10,64,62,2,2
11,59,65,-6,6
12,74,71,3,3
13,100,107,-7,7
14,103,100,3,3
15,66,64,2,2
16,97,93,4,4
17,120,106,14,14
18,79,79,0,0
19,110,119,-9,9
20,217,201,16,16
21,156,154,2,2
22,97,87,10,10
23,101,119,-18,18
24,82,74,8,8
25,127,120,7,7
26,112,112,0,0
27,191,174,17,17
28,48,53,-5,5
29,106,115,-9,9
30,133,133,0,0
31,57,60,-3,3
32,108,103,5,5
33,89,79,10,10
34,50,72,-22,22
35,62,63,-1,1
36,102,96,6,6
37,55,52,3,3
38,89,107,-18,18
39,96,104,-8,8
40,70,71,-1,1
41,115,119,-4,4
42,82,82,0,0
43,102,104,-2,2
44,167,145,22,22
45,82,87,-5,5
46,118,127,-9,9
47,85,81,4,4
48,93,93,0,0
49,111,96,15,15
50,77,68,9,9
51,136,132,4,4
52,109,96,13,13
53,85,90,-5,5
54,133,124,9,9
55,138,129,9,9
56,100,119,-19,19
57,130,129,1,1
58,96,102,-6,6
59,58,61,-3,3
60,115,116,-1,1
61,73,76,-3,3
62,135,127,8,8
63,177,175,2,2
64,96,100,-4,4
65,77,80,-3,3
66,84,86,-2,2
67,105,93,12,12
68,193,187,6,6
69,143,144,-1,1
70,111,103,8,8
71,104,93,11,11
72,265,258,7,7
73,88,88,0,0
74,78,81,-3,3
75,58,59,-1,1
76,86,80,6,6
77,59,63,-4,4
78,139,142,-3,3
79,96,93,3,3
80,90,84,6,6
81,83,80,3,3
82,133,132,1,1
83,141,138,3,3
84,72,71,1,1
85,75,75,0,0
86,43,51,-8,8
87,68,72,-4,4
88,170,139,31,31
89,92,100,-8,8
90,64,86,-22,22
91,101,109,-8,8
92,82,74,8,8
93,81,76,5,5
94,75,75,0,0
95,99,95,4,4
96,45,57,-12,12
97,186,189,-3,3
98,127,145,-18,18
99,100,103,-3,3
100,66,64,2,2
101,129,110,19,19
102,107,112,-5,5
103,128,126,2,2
104,90,84,6,6
105,68,68,0,0
106,107,109,-2,2
107,90,88,2,2
108,89,89,0,0
109,70,73,-3,3
110,174,146,28,28
111,90,79,11,11
112,76,77,-1,1
113,67,69,-2,2
114,76,87,-11,11
115,168,164,4,4
116,91,88,3,3
117,103,104,-1,1
118,91,89,2,2
119,67,73,-6,6
120,118,125,-7,7
121,51,53,-2,2
122,76,79,-3,3
123,110,118,-8,8
124,99,91,8,8
125,96,95,1,1
126,169,169,0,0
127,89,93,-4,4
128,94,99,-5,5
129,123,134,-11,11
130,186,174,12,12
131,132,129,3,3
132,102,89,13,13
133,78,81,-3,3
134,129,118,11,11
135,116,102,14,14
136,136,130,6,6
137,131,132,-1,1
138,105,107,-2,2
139,69,69,0,0
140,66,60,6,6
141,127,121,6,6
142,127,131,-4,4
143,66,79,-13,13
144,112,121,-9,9
145,115,108,7,7
146,98,89,9,9
147,69,67,2,2
148,93,83,10,10
149,121,129,-8,8
150,92,95,-3,3
151,73,71,2,2
152,139,136,3,3
153,80,82,-2,2
154,89,93,-4,4
155,67,63,4,4
156,66,65,1,1
157,81,86,-5,5
158,59,60,-1,1
159,128,131,-3,3
160,109,112,-3,3
161,50,56,-6,6
162,74,66,8,8
163,80,83,-3,3
164,132,130,2,2
165,51,51,0,0
166,115,113,2,2
167,70,85,-15,15
168,159,145,14,14
169,151,158,-7,7
170,94,94,0,0
171,81,91,-10,10
172,77,80,-3,3
173,42,47,-5,5
174,135,132,3,3
175,106,100,6,6
176,50,54,-4,4
177,162,142,20,20
178,130,111,19,19
179,120,104,16,16
180,84,87,-3,3
181,76,77,-1,1
182,67,66,1,1
183,75,73,2,2
184,39,49,-10,10
185,119,104,15,15
186,55,60,-5,5
187,90,88,2,2
188,124,126,-2,2
189,171,174,-3,3
190,70,69,1,1
191,137,138,-1,1
192,127,135,-8,8
193,143,153,-10,10
194,195,166,29,29
195,112,109,3,3
196,43,56,-13,13
197,114,112,2,2
198,111,108,3,3
199,80,82,-2,2
200,128,109,19,19
201,176,176,0,0
202,64,62,2,2
203,142,138,4,4
204,100,93,7,7
205,63,58,5,5
206,145,137,8,8
207,101,97,4,4
208,78,72,6,6
209,98,93,5,5
210,147,149,-2,2
211,50,56,-6,6
212,70,67,3,3
213,175,170,5,5
214,87,106,-19,19
215,87,77,10,10
216,108,127,-19,19
217,67,65,2,2
218,95,99,-4,4
219,89,95,-6,6
220,135,141,-6,6
221,79,90,-11,11
222,43,50,-7,7
223,195,160,35,35
224,83,86,-3,3
225,81,90,-9,9
226,63,70,-7,7
227,119,118,1,1
228,98,97,1,1
229,44,54,-10,10
230,47,57,-10,10
231,87,68,19,19
232,90,78,12,12
233,62,59,3,3
234,103,99,4,4
235,140,143,-3,3
236,114,115,-1,1
237,57,68,-11,11
238,81,78,3,3
239,74,102,-28,28
240,61,72,-11,11
241,43,51,-8,8
242,55,59,-4,4
243,100,91,9,9
244,124,111,13,13
245,107,111,-4,4
246,121,125,-4,4
247,86,93,-7,7
248,146,136,10,10
249,147,150,-3,3
250,47,49,-2,2
251,124,115,9,9
252,89,89,0,0
253,50,59,-9,9
254,110,114,-4,4
255,158,154,4,4
256,86,79,7,7
257,102,106,-4,4
258,107,111,-4,4
259,64,59,5,5
260,136,130,6,6
261,125,110,15,15
262,115,105,10,10
263,71,68,3,3
264,80,80,0,0
265,82,88,-6,6
266,79,81,-2,2
267,102,95,7,7
268,49,57,-8,8
269,109,116,-7,7
270,52,56,-4,4
271,72,68,4,4
272,68,74,-6,6
273,151,156,-5,5
274,112,111,1,1
275,97,112,-15,15
276,82,91,-9,9
277,72,76,-4,4
278,125,135,-10,10
279,128,133,-5,5
280,94,97,-3,3
281,76,68,8,8
282,71,73,-2,2
283,112,111,1,1
284,75,71,4,4
285,77,72,5,5
286,78,74,4,4
287,89,80,9,9
288,88,80,8,8
289,97,95,2,2
290,80,76,4,4
291,67,73,-6,6
292,83,86,-3,3
293,85,73,12,12
294,76,72,4,4
295,64,62,2,2
296,107,113,-6,6
297,141,147,-6,6
298,130,129,1,1
299,51,60,-9,9
300,66,60,6,6
301,75,72,3,3
302,186,166,20,20
303,86,79,7,7
304,141,145,-4,4
305,83,80,3,3
306,85,81,4,4
307,148,135,13,13
308,87,86,1,1
309,77,69,8,8
310,27,57,-30,30
311,88,87,1,1
312,92,84,8,8
313,86,89,-3,3
314,135,135,0,0
315,77,72,5,5
316,73,73,0,0
317,133,136,-3,3
318,51,51,0,0
319,125,119,6,6
320,98,110,-12,12
321,143,138,5,5
322,140,135,5,5
323,87,91,-4,4
324,89,75,14,14
325,69,70,-1,1
326,96,72,24,24
327,127,119,8,8
328,79,74,5,5
329,137,127,10,10
330,85,88,-3,3
331,84,89,-5,5
332,52,60,-8,8
333,77,70,7,7
334,78,82,-4,4
335,104,96,8,8
336,89,93,-4,4
337,89,87,2,2
338,56,53,3,3
339,106,87,19,19
340,71,67,4,4
341,132,123,9,9
342,82,74,8,8
343,100,94,6,6
344,51,59,-8,8
345,66,65,1,1
346,85,78,7,7
347,112,111,1,1
348,34,55,-21,21
349,134,120,14,14
350,93,98,-5,5
351,114,134,-20,20
352,137,127,10,10
353,88,90,-2,2
354,108,115,-7,7
355,106,99,7,7
356,146,175,-29,29
357,54,69,-15,15
358,170,139,31,31
359,86,73,13,13
360,110,97,13,13
361,82,76,6,6
362,101,97,4,4
363,64,69,-5,5
364,44,48,-4,4
365,84,82,2,2
366,60,60,0,0
367,101,107,-6,6
368,120,110,10,10
369,60,57,3,3
370,130,128,2,2
371,41,54,-13,13
372,116,109,7,7
373,58,57,1,1
374,77,74,3,3
375,96,103,-7,7
376,88,94,-6,6
377,103,99,4,4
378,35,120,-85,85
379,64,61,3,3
380,86,74,12,12
381,89,89,0,0
382,108,105,3,3
383,116,109,7,7
384,82,83,-1,1
385,65,67,-2,2
386,64,72,-8,8
387,134,130,4,4
388,65,67,-2,2
389,77,75,2,2
390,120,121,-1,1
391,54,56,-2,2
392,90,90,0,0
393,87,89,-2,2
394,97,93,4,4
395,17,58,-41,41
396,69,91,-22,22
397,31,53,-22,22
398,90,89,1,1
399,104,106,-2,2
400,97,92,5,5
401,52,67,-15,15
402,81,82,-1,1
403,88,84,4,4
404,150,154,-4,4
405,103,111,-8,8
406,47,48,-1,1
407,119,117,2,2
408,107,113,-6,6
409,88,67,21,21
410,85,84,1,1
411,95,101,-6,6
412,89,83,6,6
413,87,91,-4,4
414,148,137,11,11
415,98,96,2,2
416,148,152,-4,4
417,77,83,-6,6
418,70,72,-2,2
419,64,64,0,0
420,110,130,-20,20
421,143,153,-10,10
422,122,170,-48,48
423,82,81,1,1
424,112,112,0,0
425,128,132,-4,4
426,148,149,-1,1
427,80,76,4,4
428,56,66,-10,10
429,90,91,-1,1
430,110,109,1,1
431,88,97,-9,9
432,91,91,0,0
433,99,97,2,2
434,122,117,5,5
435,66,66,0,0
436,106,99,7,7
437,65,60,5,5
438,164,154,10,10
439,68,64,4,4
440,48,67,-19,19
441,88,80,8,8
442,107,107,0,0
443,58,62,-4,4
444,91,87,4,4
445,113,108,5,5
446,107,100,7,7
447,101,95,6,6
448,72,83,-11,11
449,134,133,1,1
450,87,86,1,1
451,64,71,-7,7
452,72,67,5,5
453,146,155,-9,9
454,110,107,3,3
455,104,102,2,2
456,129,138,-9,9
457,134,144,-10,10
458,123,122,1,1
459,62,59,3,3
460,71,70,1,1
461,58,64,-6,6
462,88,85,3,3
463,134,136,-2,2
464,81,82,-1,1
465,77,89,-12,12
466,118,117,1,1
467,131,127,4,4
468,66,67,-1,1
469,61,62,-1,1
470,43,49,-6,6
471,121,122,-1,1
472,101,111,-10,10
473,112,101,11,11
474,67,62,5,5
475,88,84,4,4
476,57,51,6,6
477,93,80,13,13
478,77,64,13,13
479,57,59,-2,2
480,55,67,-12,12
481,68,67,1,1
482,118,114,4,4
483,63,63,0,0
484,110,117,-7,7
485,58,58,0,0
486,119,105,14,14
487,110,143,-33,33
488,146,145,1,1
489,50,51,-1,1
490,104,100,4,4
491,136,129,7,7
492,145,150,-5,5
493,110,97,13,13
494,124,134,-10,10
495,117,113,4,4
496,134,128,6,6
497,98,85,13,13
498,104,129,-25,25
499,78,72,6,6
500,100,95,5,5
501,45,50,-5,5
502,108,115,-7,7
503,50,58,-8,8
504,69,73,-4,4
505,106,103,3,3
506,66,60,6,6
507,61,63,-2,2
508,96,93,3,3
509,96,98,-2,2
510,53,56,-3,3
511,93,95,-2,2
512,80,73,7,7
513,73,73,0,0
514,70,76,-6,6
515,100,90,10,10
516,137,133,4,4
517,114,118,-4,4
518,70,70,0,0
519,55,64,-9,9
520,108,89,19,19
521,138,139,-1,1
522,95,95,0,0
523,142,143,-1,1
524,83,81,2,2
525,122,113,9,9
526,97,97,0,0
527,56,58,-2,2
528,122,119,3,3
529,73,76,-3,3
530,69,61,8,8
531,95,99,-4,4
532,68,74,-6,6
533,95,87,8,8
534,78,90,-12,12
535,90,88,2,2
536,106,104,2,2
537,42,52,-10,10
538,76,78,-2,2
539,157,170,-13,13
540,119,115,4,4
541,99,102,-3,3
542,61,66,-5,5
543,102,97,5,5
544,92,94,-2,2
545,124,111,13,13
546,82,88,-6,6
547,76,80,-4,4
548,67,68,-1,1
549,148,144,4,4
550,74,74,0,0
551,66,71,-5,5
552,108,108,0,0
553,64,62,2,2
554,102,103,-1,1
555,63,63,0,0
556,66,58,8,8
557,74,70,4,4
558,74,76,-2,2
559,67,69,-2,2
560,86,93,-7,7
561,81,93,-12,12
562,90,95,-5,5
563,47,53,-6,6
564,68,76,-8,8
565,88,75,13,13
566,83,78,5,5
567,76,76,0,0
568,55,54,1,1
569,100,109,-9,9
570,108,121,-13,13
571,178,162,16,16
572,80,78,2,2
573,82,83,-1,1
574,149,138,11,11
575,69,71,-2,2
576,70,74,-4,4
577,90,103,-13,13
578,91,90,1,1
579,75,69,6,6
580,88,88,0,0
581,134,126,8,8
582,49,56,-7,7
583,51,56,-5,5
584,113,109,4,4
585,88,86,2,2
586,53,62,-9,9
587,84,70,14,14
588,105,100,5,5
589,85,85,0,0
590,105,100,5,5
591,75,73,2,2
592,139,136,3,3
593,103,97,6,6
594,87,90,-3,3
595,65,79,-14,14
596,74,71,3,3
597,98,106,-8,8
598,110,105,5,5
599,112,107,5,5
600,88,84,4,4
601,85,84,1,1
602,55,56,-1,1
603,86,84,2,2
604,124,126,-2,2
605,114,114,0,0
606,57,57,0,0
607,56,58,-2,2
608,78,73,5,5
609,122,140,-18,18
610,79,72,7,7
611,81,73,8,8
612,117,112,5,5
613,112,120,-8,8
614,95,98,-3,3
615,195,178,17,17
616,76,86,-10,10
617,104,98,6,6
618,112,108,4,4
619,103,106,-3,3
620,91,95,-4,4
621,105,99,6,6
622,127,110,17,17
623,60,65,-5,5
624,111,111,0,0
625,106,105,1,1
626,109,108,1,1
627,85,85,0,0
628,67,70,-3,3
629,81,84,-3,3
630,83,84,-1,1
631,56,62,-6,6
632,92,89,3,3
633,71,79,-8,8
634,95,87,8,8
635,93,95,-2,2
636,144,147,-3,3
637,53,60,-7,7
638,77,84,-7,7
639,71,65,6,6
640,95,101,-6,6
641,95,101,-6,6
642,61,59,2,2
643,141,131,10,10
644,133,128,5,5
645,94,88,6,6
646,112,114,-2,2
647,84,83,1,1
648,92,89,3,3
649,84,80,4,4
650,94,96,-2,2
651,72,72,0,0
652,102,119,-17,17
653,61,64,-3,3
654,108,114,-6,6
655,105,106,-1,1
656,85,87,-2,2
657,74,79,-5,5
658,50,56,-6,6
659,101,95,6,6
660,82,76,6,6
661,108,91,17,17
662,148,145,3,3
663,126,122,4,4
664,136,150,-14,14
665,75,75,0,0
666,36,50,-14,14
667,42,60,-18,18
668,69,64,5,5
669,126,122,4,4
670,109,98,11,11
671,90,86,4,4
672,116,106,10,10
673,151,187,-36,36
674,147,146,1,1
675,52,92,-40,40
676,107,112,-5,5
677,90,89,1,1
678,162,151,11,11
679,103,104,-1,1
680,150,136,14,14
681,62,86,-24,24
682,111,109,2,2
683,77,85,-8,8
684,166,170,-4,4
685,151,162,-11,11
686,116,119,-3,3
687,79,79,0,0
688,94,116,-22,22
689,110,113,-3,3
690,152,137,15,15
691,176,163,13,13
692,92,93,-1,1
693,156,149,7,7
694,92,96,-4,4
695,77,70,7,7
696,32,57,-25,25
697,87,87,0,0
698,108,108,0,0
699,104,91,13,13
700,70,69,1,1
701,66,57,9,9
702,118,111,7,7
703,65,64,1,1
704,111,100,11,11
705,74,70,4,4
706,81,88,-7,7
707,88,80,8,8
708,87,81,6,6
709,116,121,-5,5
710,47,47,0,0
711,95,96,-1,1
712,44,50,-6,6
713,91,105,-14,14
714,83,83,0,0
715,137,130,7,7
716,80,79,1,1
717,147,138,9,9
718,119,126,-7,7
719,137,114,23,23
720,133,143,-10,10
721,89,93,-4,4
722,150,143,7,7
723,108,105,3,3
724,96,81,15,15
725,88,84,4,4
726,140,131,9,9
727,128,132,-4,4
728,53,59,-6,6
729,100,114,-14,14
730,58,68,-10,10
731,110,101,9,9
732,125,122,3,3
733,124,112,12,12
734,109,121,-12,12
735,122,128,-6,6
736,95,95,0,0
737,93,94,-1,1
738,85,77,8,8
739,98,83,15,15
740,68,71,-3,3
741,48,48,0,0
742,97,99,-2,2
743,81,80,1,1
744,88,82,6,6
745,91,111,-20,20
746,64,62,2,2
747,204,184,20,20
748,114,109,5,5
749,185,153,32,32
750,75,76,-1,1
751,70,66,4,4
752,145,147,-2,2
753,87,82,5,5
754,45,56,-11,11
755,73,71,2,2
756,125,132,-7,7
757,60,62,-2,2
758,95,93,2,2
759,119,98,21,21
760,76,70,6,6
761,56,58,-2,2
762,44,65,-21,21
763,98,99,-1,1
764,86,77,9,9
765,161,147,14,14
766,102,120,-18,18
767,103,100,3,3
768,69,74,-5,5
769,151,159,-8,8
770,92,71,21,21
771,80,88,-8,8
772,87,89,-2,2
773,108,101,7,7
774,51,56,-5,5
775,110,108,2,2
776,64,59,5,5
777,73,71,2,2
778,92,88,4,4
779,93,91,2,2
780,103,102,1,1
781,49,57,-8,8
782,71,77,-6,6
783,70,65,5,5
784,67,64,3,3
785,100,95,5,5
786,93,99,-6,6
787,75,77,-2,2
788,97,98,-1,1
789,84,86,-2,2
790,140,129,11,11
791,151,143,8,8
792,78,81,-3,3
793,79,84,-5,5
794,108,121,-13,13
795,95,87,8,8
796,98,92,6,6
797,119,124,-5,5
798,83,95,-12,12
799,67,69,-2,2
800,64,65,-1,1
801,102,97,5,5
802,75,76,-1,1
803,68,80,-12,12
804,78,78,0,0
805,53,53,0,0
806,126,126,0,0
807,89,91,-2,2
808,85,95,-10,10
809,64,69,-5,5
810,85,83,2,2
811,74,69,5,5
812,66,65,1,1
813,79,70,9,9
814,125,108,17,17
815,119,113,6,6
816,26,46,-20,20
817,66,67,-1,1
818,88,82,6,6
819,111,99,12,12
820,86,81,5,5
821,76,85,-9,9
822,86,82,4,4
823,145,136,9,9
824,46,50,-4,4
825,107,100,7,7
826,99,89,10,10
827,63,65,-2,2
828,68,70,-2,2
829,100,90,10,10
830,110,121,-11,11
831,77,76,1,1
832,66,70,-4,4
833,64,57,7,7
834,77,83,-6,6
835,144,146,-2,2
836,106,103,3,3
837,93,100,-7,7
838,73,84,-11,11
839,103,108,-5,5
840,105,109,-4,4
841,75,76,-1,1
842,83,80,3,3
843,112,115,-3,3
844,156,150,6,6
845,156,147,9,9
846,77,82,-5,5
847,76,70,6,6
848,95,94,1,1
849,41,55,-14,14
850,106,118,-12,12
851,135,131,4,4
852,92,100,-8,8
853,91,97,-6,6
854,112,112,0,0
855,84,86,-2,2
856,77,70,7,7
857,29,61,-32,32
858,64,65,-1,1
859,143,128,15,15
860,59,55,4,4
861,155,153,2,2
862,207,171,36,36
863,129,117,12,12
864,115,107,8,8
865,108,99,9,9
866,162,148,14,14
867,69,73,-4,4
868,62,72,-10,10
869,79,96,-17,17
870,57,58,-1,1
871,90,87,3,3
872,98,94,4,4
873,108,107,1,1
874,80,98,-18,18
875,114,104,10,10
876,57,58,-1,1
877,41,101,-60,60
878,90,86,4,4
879,84,71,13,13
880,87,88,-1,1
881,70,81,-11,11
882,109,113,-4,4
883,76,73,3,3
884,62,78,-16,16
885,83,78,5,5
886,124,134,-10,10
887,122,126,-4,4
888,55,62,-7,7
889,108,118,-10,10
890,109,112,-3,3
891,52,75,-23,23
892,134,118,16,16
893,60,55,5,5
894,71,72,-1,1
895,123,119,4,4
896,60,62,-2,2
897,140,137,3,3
898,109,95,14,14
899,150,165,-15,15
900,74,76,-2,2
901,94,88,6,6
902,71,73,-2,2
903,139,129,10,10
904,87,96,-9,9
905,72,76,-4,4
906,53,53,0,0
907,163,149,14,14
908,111,94,17,17
909,70,62,8,8
910,46,60,-14,14
911,138,134,4,4
912,127,122,5,5
913,70,81,-11,11
914,107,120,-13,13
915,64,61,3,3
916,69,77,-8,8
917,196,190,6,6
918,136,139,-3,3
919,52,54,-2,2
920,79,82,-3,3
921,109,117,-8,8
922,78,81,-3,3
923,115,115,0,0
924,77,79,-2,2
925,110,107,3,3
926,74,69,5,5
927,49,56,-7,7
928,55,60,-5,5
929,145,135,10,10
930,119,117,2,2
931,96,93,3,3
932,196,187,9,9
933,72,77,-5,5
934,90,97,-7,7
935,62,104,-42,42
936,118,104,14,14
937,137,145,-8,8
938,79,76,3,3
939,152,143,9,9
940,87,96,-9,9
941,112,113,-1,1
942,62,66,-4,4
943,72,75,-3,3
944,109,106,3,3
945,83,78,5,5
946,68,65,3,3
947,97,96,1,1
948,59,60,-1,1
949,173,153,20,20
950,73,68,5,5
951,85,90,-5,5
952,62,66,-4,4
953,75,69,6,6
954,90,93,-3,3
955,93,97,-4,4
956,98,97,1,1
957,116,111,5,5
958,50,48,2,2
959,106,109,-3,3
960,114,106,8,8
961,98,90,8,8
962,184,182,2,2
963,69,71,-2,2
964,147,143,4,4
965,29,60,-31,31
966,108,117,-9,9
967,65,73,-8,8
968,96,93,3,3
969,84,86,-2,2
970,70,66,4,4
971,162,157,5,5
972,112,116,-4,4
973,71,70,1,1
974,139,126,13,13
975,72,78,-6,6
976,68,70,-2,2
977,76,80,-4,4
978,87,89,-2,2
979,52,55,-3,3
980,115,112,3,3
981,161,152,9,9
982,88,77,11,11
983,107,104,3,3
984,84,77,7,7
985,90,84,6,6
986,55,60,-5,5
987,138,129,9,9
988,90,83,7,7
989,114,105,9,9
990,111,127,-16,16
991,44,47,-3,3
992,111,119,-8,8
993,128,109,19,19
994,98,91,7,7
995,93,85,8,8
996,74,71,3,3
997,130,131,-1,1
998,82,92,-10,10
999,178,158,20,20
1000,42,49,-7,7
1001,96,88,8,8
1002,39,52,-13,13
1003,75,78,-3,3
1004,147,146,1,1
1005,102,104,-2,2
1006,212,191,21,21
1007,64,66,-2,2
1008,91,87,4,4
1009,39,50,-11,11
1010,92,101,-9,9
1011,159,150,9,9
1012,119,109,10,10
1013,128,127,1,1
1014,125,122,3,3
1015,63,62,1,1
1016,117,116,1,1
1017,117,121,-4,4
1018,35,48,-13,13
1019,108,112,-4,4
1020,108,101,7,7
1021,77,74,3,3
1022,88,86,2,2
1023,45,50,-5,5
1024,88,99,-11,11
1025,110,102,8,8
1026,93,86,7,7
1027,77,83,-6,6
1028,144,136,8,8
1029,63,72,-9,9
1030,56,55,1,1
1031,143,134,9,9
1032,119,133,-14,14
1033,85,80,5,5
1034,94,91,3,3
1035,115,121,-6,6
1036,117,121,-4,4
1037,71,67,4,4
1038,79,81,-2,2
1039,119,88,31,31
1040,78,77,1,1
1041,101,117,-16,16
1042,89,94,-5,5
1043,91,97,-6,6
1044,112,109,3,3
1045,131,132,-1,1
1046,43,49,-6,6
1047,162,161,1,1
1048,55,58,-3,3
1049,116,118,-2,2
1050,49,51,-2,2
1051,88,80,8,8
1052,108,104,4,4
1053,72,70,2,2
1054,115,111,4,4
1055,55,56,-1,1
1056,146,136,10,10
1057,97,79,18,18
1058,81,80,1,1
1059,146,139,7,7
1060,133,129,4,4
1061,62,64,-2,2
1062,148,146,2,2
1063,98,86,12,12
1064,81,69,12,12
1065,73,75,-2,2
1066,81,73,8,8
1067,148,142,6,6
1068,141,129,12,12
1069,56,57,-1,1
1070,123,118,5,5
1071,83,71,12,12
1072,117,121,-4,4
1073,99,100,-1,1
1074,99,103,-4,4
1075,64,66,-2,2
1076,92,85,7,7
1077,40,48,-8,8
1078,183,164,19,19
1079,44,61,-17,17
1080,115,114,1,1
1081,49,61,-12,12
1082,127,121,6,6
1083,155,141,14,14
1084,81,89,-8,8
1085,92,84,8,8
1086,74,63,11,11
1087,108,109,-1,1
1088,57,59,-2,2
1089,61,63,-2,2
1090,125,109,16,16
1091,97,91,6,6
1092,60,95,-35,35
1093,78,77,1,1
1094,71,81,-10,10
1095,84,85,-1,1
1096,177,162,15,15
1097,80,77,3,3
1098,130,134,-4,4
1099,81,84,-3,3
1100,88,91,-3,3
1101,56,54,2,2
1102,149,144,5,5
1103,92,80,12,12
1104,90,91,-1,1
1105,45,58,-13,13
1106,63,70,-7,7
1107,92,91,1,1
1108,124,128,-4,4
1109,140,141,-1,1
1110,122,138,-16,16
1111,47,52,-5,5
1112,67,73,-6,6
1113,199,183,16,16
1114,110,134,-24,24
1115,78,82,-4,4
1116,42,47,-5,5
1117,51,57,-6,6
1118,183,154,29,29
1119,160,161,-1,1
1120,117,116,1,1
1121,70,74,-4,4
1122,90,85,5,5
1123,101,108,-7,7
1124,73,71,2,2
1125,64,64,0,0
1126,69,69,0,0
1127,98,95,3,3
1128,121,122,-1,1
1129,83,81,2,2
1130,170,169,1,1
1131,80,79,1,1
1132,68,70,-2,2
1133,130,140,-10,10
1134,66,72,-6,6
1135,65,76,-11,11
1136,95,95,0,0
1137,99,97,2,2
1138,95,120,-25,25
1139,174,170,4,4
1140,154,139,15,15
1141,121,110,11,11
1142,109,98,11,11
1143,87,105,-18,18
1144,61,57,4,4
1145,96,97,-1,1
1146,96,93,3,3
1147,118,116,2,2
1148,97,89,8,8
1149,105,100,5,5
1150,87,82,5,5
1151,104,95,9,9
1152,80,87,-7,7
1153,54,57,-3,3
1154,92,89,3,3
1155,48,51,-3,3
1156,78,81,-3,3
1157,136,124,12,12
1158,139,128,11,11
1159,61,111,-50,50
1160,83,86,-3,3
1161,103,110,-7,7
1162,128,127,1,1
1163,131,127,4,4
1164,76,74,2,2
1165,74,67,7,7
1166,135,136,-1,1
1167,73,77,-4,4
1168,115,121,-6,6
1169,81,85,-4,4
1170,140,135,5,5
1171,69,76,-7,7
1172,46,53,-7,7
1173,109,103,6,6
1174,197,182,15,15
1175,111,124,-13,13
1176,100,97,3,3
1177,77,75,2,2
1178,66,67,-1,1
1179,67,70,-3,3
1180,120,136,-16,16
1181,349,322,27,27
1182,78,76,2,2
1183,118,122,-4,4
1184,51,62,-11,11
1185,82,85,-3,3
1186,49,48,1,1
1187,72,71,1,1
1188,112,272,-160,160
1189,140,124,16,16
1190,69,61,8,8
1191,94,94,0,0
1192,69,70,-1,1
1193,96,99,-3,3
1194,77,118,-41,41
1195,92,103,-11,11
1196,141,144,-3,3
1197,94,90,4,4
1198,92,82,10,10
1199,96,118,-22,22
1200,69,63,6,6
1201,35,50,-15,15
1202,78,76,2,2
1203,113,114,-1,1
1204,99,90,9,9
1205,108,107,1,1
1206,118,110,8,8
1207,95,93,2,2
1208,106,111,-5,5
1209,101,85,16,16
1210,77,88,-11,11
1211,97,93,4,4
1212,86,82,4,4
1213,60,61,-1,1
1214,101,109,-8,8
1215,105,95,10,10
1216,73,76,-3,3
1217,90,87,3,3
1218,121,112,9,9
1219,80,85,-5,5
1220,85,91,-6,6
1221,158,157,1,1
1222,75,76,-1,1
1223,70,78,-8,8
1224,66,68,-2,2
1225,107,102,5,5
1226,182,181,1,1
1227,134,134,0,0
1228,103,97,6,6
1229,69,75,-6,6
1230,95,90,5,5
1231,33,47,-14,14
1232,58,59,-1,1
1233,63,69,-6,6
1234,115,102,13,13
1235,111,98,13,13
1236,128,118,10,10
1237,141,131,10,10
1238,50,55,-5,5
1239,129,111,18,18
1240,49,57,-8,8
1241,91,87,4,4
1242,131,120,11,11
1243,120,106,14,14
1244,91,87,4,4
1245,108,111,-3,3
1246,70,73,-3,3
1247,51,51,0,0
1248,92,97,-5,5
1249,77,75,2,2
1250,149,139,10,10
1251,117,112,5,5
1252,144,142,2,2
1253,82,71,11,11
1254,107,111,-4,4
1255,51,52,-1,1
1256,55,57,-2,2
1257,101,99,2,2
1258,99,92,7,7
1259,114,107,7,7
1260,55,64,-9,9
1261,83,81,2,2
1262,174,166,8,8
1263,136,131,5,5
1264,89,92,-3,3
1265,67,73,-6,6
1266,81,81,0,0
1267,122,127,-5,5
1268,74,83,-9,9
1269,149,169,-20,20
1270,62,67,-5,5
1271,64,70,-6,6
1272,85,90,-5,5
1273,163,142,21,21
1274,72,80,-8,8
1275,62,57,5,5
1276,50,58,-8,8
1277,57,66,-9,9
1278,82,92,-10,10
1279,58,57,1,1
1280,51,51,0,0
1281,63,68,-5,5
1282,125,108,17,17
1283,78,83,-5,5
1284,57,58,-1,1
1285,65,63,2,2
1286,111,118,-7,7
1287,90,84,6,6
1288,107,107,0,0
1289,81,75,6,6
1290,133,113,20,20
1291,111,120,-9,9
1292,64,70,-6,6
1293,56,75,-19,19
1294,51,59,-8,8
1295,64,63,1,1
1296,156,152,4,4
1297,96,106,-10,10
1298,94,86,8,8
1299,65,93,-28,28
1300,167,160,7,7
1301,44,58,-14,14
1302,255,223,32,32
1303,80,73,7,7
1304,142,137,5,5
1305,73,61,12,12
1306,114,107,7,7
1307,81,70,11,11
1308,66,67,-1,1
1309,91,89,2,2
1310,106,96,10,10
1311,84,89,-5,5
1312,120,119,1,1
1313,115,112,3,3
1314,130,123,7,7
1315,192,198,-6,6
1316,150,139,11,11
1317,87,85,2,2
1318,69,72,-3,3
1319,170,175,-5,5
1320,99,95,4,4
1321,72,76,-4,4
1322,106,101,5,5
1323,142,122,20,20
1324,44,51,-7,7
1325,87,91,-4,4
1326,72,74,-2,2
1327,116,108,8,8
1328,66,68,-2,2
1329,43,46,-3,3
1330,145,139,6,6
1331,92,88,4,4
1332,86,89,-3,3
1333,87,95,-8,8
1334,71,69,2,2
1335,136,126,10,10
1336,73,80,-7,7
1337,81,87,-6,6
1338,65,61,4,4
1339,97,87,10,10
1340,61,60,1,1
1341,76,66,10,10
1342,55,57,-2,2
1343,100,96,4,4
1344,120,121,-1,1
1345,110,120,-10,10
1346,103,104,-1,1
1347,57,59,-2,2
1348,95,83,12,12
1349,82,86,-4,4
1350,105,116,-11,11
1351,68,74,-6,6
1352,177,163,14,14
1353,97,94,3,3
1354,150,132,18,18
1355,38,47,-9,9
1356,85,80,5,5
1357,79,82,-3,3
1358,78,80,-2,2
1359,98,99,-1,1
1360,138,131,7,7
1361,92,81,11,11
1362,110,105,5,5
1363,135,146,-11,11
1364,96,97,-1,1
1365,107,99,8,8
1366,84,89,-5,5
1367,82,78,4,4
1368,87,106,-19,19
1369,58,60,-2,2
1370,55,55,0,0
1371,69,74,-5,5
1372,193,182,11,11
1373,102,107,-5,5
1374,105,97,8,8
1375,74,86,-12,12
1376,122,142,-20,20
1377,85,81,4,4
1378,103,100,3,3
1379,139,130,9,9
1380,91,85,6,6
1381,84,97,-13,13
1382,155,143,12,12
1383,73,72,1,1
1384,141,126,15,15
1385,70,68,2,2
1386,93,85,8,8
1387,100,90,10,10
1388,96,93,3,3
1389,56,62,-6,6
1390,93,120,-27,27
1391,97,123,-26,26
1392,43,54,-11,11
1393,58,55,3,3
1394,107,103,4,4
1395,118,115,3,3
1396,64,56,8,8
1397,114,100,14,14
1398,84,77,7,7
1399,68,69,-1,1
1400,170,151,19,19
1401,121,120,1,1
1402,180,174,6,6
1403,81,79,2,2
1404,131,124,7,7
1405,166,160,6,6
1406,83,85,-2,2
1407,107,97,10,10
1408,95,95,0,0
1409,88,74,14,14
1410,149,139,10,10
1411,160,156,4,4
1412,112,112,0,0
1413,145,143,2,2
1414,38,47,-9,9
1415,104,99,5,5
1416,125,131,-6,6
1417,86,82,4,4
1418,105,101,4,4
1419,44,51,-7,7
1420,116,107,9,9
1421,136,129,7,7
1422,149,139,10,10
1423,135,109,26,26
1424,51,56,-5,5
1425,94,103,-9,9
1426,88,99,-11,11
1427,128,131,-3,3
1428,148,144,4,4
1429,103,110,-7,7
1430,59,64,-5,5
1431,75,72,3,3
1432,83,80,3,3
1433,73,72,1,1
1434,75,97,-22,22
1435,74,82,-8,8
1436,85,86,-1,1
1437,74,67,7,7
1438,99,97,2,2
1439,122,124,-2,2
1440,130,132,-2,2
1441,61,64,-3,3
1442,48,56,-8,8
1443,111,118,-7,7
1444,58,56,2,2
1445,61,75,-14,14
1446,129,132,-3,3
1447,55,55,0,0
1448,159,153,6,6
1449,81,77,4,4
1450,44,53,-9,9
1451,64,60,4,4
1452,105,97,8,8
1453,131,133,-2,2
1454,188,179,9,9
1455,107,101,6,6
1456,74,77,-3,3
1457,155,168,-13,13
1458,93,88,5,5
1459,125,123,2,2
1460,113,119,-6,6
1461,81,79,2,2
1462,73,70,3,3
1463,78,77,1,1
1464,124,109,15,15
1465,68,74,-6,6
1466,90,90,0,0
1467,108,96,12,12
1468,73,70,3,3
1469,92,89,3,3
1470,118,119,-1,1
1471,70,61,9,9
1472,98,101,-3,3
1473,70,65,5,5
1474,72,72,0,0
1475,107,94,13,13
1476,112,109,3,3
1477,118,116,2,2
1478,86,82,4,4
1479,114,96,18,18
1480,121,113,8,8
1481,120,109,11,11
1482,275,216,59,59
1483,98,88,10,10
1484,95,107,-12,12
1485,80,74,6,6
1486,126,133,-7,7
1487,98,100,-2,2
1488,133,147,-14,14
1489,61,61,0,0
1490,129,120,9,9
1491,117,114,3,3
1492,54,74,-20,20
1493,54,61,-7,7
1494,48,52,-4,4
1495,85,80,5,5
1496,56,78,-22,22
1497,77,89,-12,12
1498,140,124,16,16
1499,69,72,-3,3
1500,88,89,-1,1
1501,107,107,0,0
1502,81,79,2,2
1503,134,122,12,12
1504,80,77,3,3
1505,121,117,4,4
1506,111,105,6,6
1507,72,76,-4,4
1508,155,157,-2,2
1509,61,64,-3,3
1510,70,74,-4,4
1511,55,60,-5,5
1512,74,75,-1,1
1513,151,149,2,2
1514,38,53,-15,15
1515,164,191,-27,27
1516,66,77,-11,11
1517,58,56,2,2
1518,66,66,0,0
1519,116,102,14,14
1520,71,85,-14,14
1521,99,98,1,1
1522,108,119,-11,11
1523,77,81,-4,4
1524,56,59,-3,3
1525,126,111,15,15
1526,117,115,2,2
1527,71,65,6,6
1528,80,73,7,7
1529,69,69,0,0
1530,76,73,3,3
1531,137,136,1,1
1532,184,173,11,11
1533,131,118,13,13
1534,149,139,10,10
1535,95,94,1,1
1536,122,122,0,0
1537,54,63,-9,9
1538,88,90,-2,2
1539,83,82,1,1
1540,69,72,-3,3
1541,87,100,-13,13
1542,156,157,-1,1
1543,118,121,-3,3
1544,55,57,-2,2
1545,83,83,0,0
1546,81,93,-12,12
1547,101,111,-10,10
1548,73,73,0,0
1549,105,106,-1,1
1550,82,88,-6,6
1551,65,65,0,0
1552,78,78,0,0
1553,115,111,4,4
1554,133,125,8,8
1555,58,67,-9,9
1556,108,110,-2,2
1557,128,131,-3,3
1558,136,120,16,16
1559,37,55,-18,18
1560,95,104,-9,9
1561,121,118,3,3
1562,87,83,4,4
1563,100,121,-21,21
1564,89,82,7,7
1565,126,131,-5,5
1566,109,122,-13,13
1567,103,98,5,5
1568,150,138,12,12
1569,94,124,-30,30
1570,148,160,-12,12
1571,60,62,-2,2
1572,70,70,0,0
1573,131,136,-5,5
1574,70,66,4,4
1575,95,101,-6,6
1576,66,70,-4,4
1577,86,74,12,12
1578,91,87,4,4
1579,75,83,-8,8
1580,46,50,-4,4
1581,100,103,-3,3
1582,98,91,7,7
1583,92,83,9,9
1584,112,101,11,11
1585,167,158,9,9
1586,90,94,-4,4
1587,109,100,9,9
1588,93,109,-16,16
1589,61,62,-1,1
1590,123,118,5,5
1591,93,95,-2,2
1592,74,66,8,8
1593,36,58,-22,22
1594,89,83,6,6
1595,144,157,-13,13
1596,80,80,0,0
1597,114,113,1,1
1598,106,111,-5,5
1599,57,57,0,0
1600,70,77,-7,7
1601,112,114,-2,2
1602,92,83,9,9
1603,106,100,6,6
1604,122,127,-5,5
1605,128,123,5,5
1606,109,110,-1,1
1607,75,75,0,0
1608,120,113,7,7
1609,60,57,3,3
1610,137,126,11,11
1611,78,79,-1,1
1612,93,96,-3,3
1613,91,88,3,3
1614,84,81,3,3
1615,137,133,4,4
1616,43,50,-7,7
1617,74,70,4,4
1618,77,74,3,3
1619,114,118,-4,4
1620,104,90,14,14
1621,101,105,-4,4
1622,43,54,-11,11
1623,106,106,0,0
1624,90,87,3,3
1625,114,123,-9,9
1626,82,71,11,11
1627,62,67,-5,5
1628,112,108,4,4
1629,46,55,-9,9
1630,104,96,8,8
1631,106,103,3,3
1632,62,59,3,3
1633,123,122,1,1
1634,95,95,0,0
1635,64,69,-5,5
1636,76,82,-6,6
1637,104,100,4,4
1638,126,125,1,1
1639,144,137,7,7
1640,119,122,-3,3
1641,74,71,3,3
1642,51,60,-9,9
1643,91,95,-4,4
1644,86,94,-8,8
1645,95,91,4,4
1646,72,73,-1,1
1647,162,153,9,9
1648,87,82,5,5
1649,91,92,-1,1
1650,122,134,-12,12
1651,70,70,0,0
1652,106,112,-6,6
1653,89,96,-7,7
1654,59,53,6,6
1655,44,51,-7,7
1656,74,66,8,8
1657,77,79,-2,2
1658,135,127,8,8
1659,107,105,2,2
1660,64,62,2,2
1661,52,71,-19,19
1662,61,62,-1,1
1663,74,71,3,3
1664,87,101,-14,14
1665,106,100,6,6
1666,64,63,1,1
1667,70,74,-4,4
1668,77,73,4,4
1669,62,66,-4,4
1670,67,65,2,2
1671,109,107,2,2
1672,118,118,0,0
1673,74,79,-5,5
1674,100,96,4,4
1675,83,100,-17,17
1676,83,74,9,9
1677,121,116,5,5
1678,79,83,-4,4
1679,46,48,-2,2
1680,92,83,9,9
1681,102,99,3,3
1682,103,94,9,9
1683,64,57,7,7
1684,101,96,5,5
1685,105,100,5,5
1686,55,57,-2,2
1687,66,61,5,5
1688,60,60,0,0
1689,62,64,-2,2
1690,150,152,-2,2
1691,84,90,-6,6
1692,98,107,-9,9
1693,59,64,-5,5
1694,57,61,-4,4
1695,88,125,-37,37
1696,146,150,-4,4
1697,58,59,-1,1
1698,73,66,7,7
1699,192,180,12,12
1700,58,55,3,3
1701,97,80,17,17
1702,84,81,3,3
1703,149,143,6,6
1704,162,142,20,20
1705,53,68,-15,15
1706,48,58,-10,10
1707,103,113,-10,10
1708,64,64,0,0
1709,85,76,9,9
1710,64,69,-5,5
1711,73,71,2,2
1712,72,69,3,3
1713,136,118,18,18
1714,103,94,9,9
1715,161,151,10,10
1716,89,86,3,3
1717,102,94,8,8
1718,66,117,-51,51
1719,87,84,3,3
1720,101,102,-1,1
1721,90,96,-6,6
1722,108,113,-5,5
1723,59,66,-7,7
1724,118,113,5,5
1725,56,55,1,1
1726,195,186,9,9
1727,70,70,0,0
1728,90,89,1,1
1729,108,114,-6,6
1730,118,135,-17,17
1731,74,76,-2,2
1732,115,111,4,4
1733,31,53,-22,22
1734,121,128,-7,7
1735,43,47,-4,4
1736,78,74,4,4
1737,63,63,0,0
1738,57,60,-3,3
1739,53,61,-8,8
1740,63,66,-3,3
1741,88,84,4,4
1742,80,86,-6,6
1743,133,139,-6,6
1744,90,83,7,7
1745,130,131,-1,1
1746,70,69,1,1
1747,169,150,19,19
1748,45,51,-6,6
1749,171,162,9,9
1750,84,80,4,4
1751,95,99,-4,4
1752,73,78,-5,5
1753,59,63,-4,4
1754,82,88,-6,6
1755,101,94,7,7
1756,77,85,-8,8
1757,57,63,-6,6
1758,97,92,5,5
1759,69,72,-3,3
1760,82,71,11,11
1761,60,78,-18,18
1762,70,71,-1,1
1763,79,84,-5,5
1764,127,126,1,1
1765,92,106,-14,14
1766,119,122,-3,3
1767,59,61,-2,2
1768,66,68,-2,2
1769,44,54,-10,10
1770,46,52,-6,6
1771,129,115,14,14
1772,93,84,9,9
1773,98,125,-27,27
1774,89,84,5,5
1775,74,72,2,2
1776,96,98,-2,2
1777,103,93,10,10
1778,84,90,-6,6
1779,75,72,3,3
1780,167,154,13,13
1781,85,86,-1,1
1782,108,120,-12,12
1783,59,59,0,0
1784,101,101,0,0
1785,76,75,1,1
1786,118,116,2,2
1787,67,69,-2,2
1788,53,68,-15,15
1789,108,109,-1,1
1790,103,97,6,6
1791,130,142,-12,12
1792,83,83,0,0
1793,52,63,-11,11
1794,79,82,-3,3
1795,80,84,-4,4
1796,88,70,18,18
1797,55,63,-8,8
1798,53,55,-2,2
1799,116,108,8,8
1800,103,100,3,3
1801,73,80,-7,7
1802,72,70,2,2
1803,155,143,12,12
1804,205,206,-1,1
1805,55,57,-2,2
1806,119,116,3,3
1807,93,86,7,7
1808,81,86,-5,5
1809,93,90,3,3
1810,121,125,-4,4
1811,62,64,-2,2
1812,61,67,-6,6
1813,113,111,2,2
1814,79,76,3,3
1815,130,131,-1,1
1816,68,75,-7,7
1817,81,79,2,2
1818,114,103,11,11
1819,101,85,16,16
1820,63,57,6,6
1821,87,103,-16,16
1822,117,118,-1,1
1823,114,115,-1,1
1824,109,107,2,2
1825,96,91,5,5
1826,54,58,-4,4
1827,132,128,4,4
1828,85,94,-9,9
1829,70,67,3,3
1830,60,56,4,4
1831,68,70,-2,2
1832,48,56,-8,8
1833,75,80,-5,5
1834,126,120,6,6
1835,106,100,6,6
1836,60,59,1,1
1837,70,62,8,8
1838,52,50,2,2
1839,86,81,5,5
1840,74,69,5,5
1841,118,110,8,8
1842,43,52,-9,9
1843,207,193,14,14
1844,97,89,8,8
1845,78,75,3,3
1846,100,102,-2,2
1847,108,102,6,6
1848,73,73,0,0
1849,151,143,8,8
1850,45,51,-6,6
1851,81,76,5,5
1852,68,69,-1,1
1853,140,153,-13,13
1854,121,114,7,7
1855,88,104,-16,16
1856,42,49,-7,7
1857,76,80,-4,4
1858,89,84,5,5
1859,61,62,-1,1
1860,98,90,8,8
1861,78,80,-2,2
1862,54,60,-6,6
1863,128,149,-21,21
1864,160,157,3,3
1865,65,66,-1,1
1866,109,105,4,4
1867,149,159,-10,10
1868,112,105,7,7
1869,78,76,2,2
1870,61,60,1,1
1871,82,75,7,7
1872,54,56,-2,2
1873,45,53,-8,8
1874,102,99,3,3
1875,92,91,1,1
1876,121,121,0,0
1877,119,118,1,1
1878,84,77,7,7
1879,99,101,-2,2
1880,116,120,-4,4
1881,119,113,6,6
1882,157,155,2,2
1883,119,108,11,11
1884,92,86,6,6
1885,60,69,-9,9
1886,101,101,0,0
1887,90,91,-1,1
1888,132,137,-5,5
1889,156,148,8,8
1890,101,100,1,1
1891,88,83,5,5
1892,141,116,25,25
1893,56,58,-2,2
1894,85,77,8,8
1895,182,167,15,15
1896,127,115,12,12
1897,76,72,4,4
1898,83,80,3,3
1899,59,62,-3,3
1900,33,52,-19,19
1901,38,52,-14,14
1902,90,80,10,10
1903,87,99,-12,12
1904,81,88,-7,7
1905,123,127,-4,4
1906,111,108,3,3
1907,207,214,-7,7
1908,140,134,6,6
1909,90,84,6,6
1910,67,70,-3,3
1911,102,134,-32,32
1912,65,66,-1,1
1913,81,81,0,0
1914,75,73,2,2
1915,93,98,-5,5
1916,87,100,-13,13
1917,183,166,17,17
1918,95,94,1,1
1919,200,191,9,9
1920,95,94,1,1
1921,199,183,16,16
1922,87,87,0,0
1923,56,55,1,1
1924,55,68,-13,13
1925,90,97,-7,7
1926,64,69,-5,5
1927,57,56,1,1
1928,179,193,-14,14
1929,78,77,1,1
1930,54,59,-5,5
1931,112,108,4,4
1932,69,84,-15,15
1933,73,79,-6,6
1934,64,68,-4,4
1935,65,72,-7,7
1936,63,62,1,1
1937,159,150,9,9
1938,71,78,-7,7
1939,90,86,4,4
1940,116,112,4,4
1941,110,109,1,1
1942,80,81,-1,1
1943,116,124,-8,8
1944,101,107,-6,6
1945,145,138,7,7
1946,144,146,-2,2
1947,163,145,18,18
1948,115,126,-11,11
1949,115,125,-10,10
1950,102,101,1,1
1951,105,87,18,18
1952,61,58,3,3
1953,74,71,3,3
1954,88,87,1,1
1955,86,77,9,9
1956,98,97,1,1
1957,113,110,3,3
1958,82,69,13,13
1959,124,108,16,16
1960,76,72,4,4
1961,137,136,1,1
1962,88,100,-12,12
1963,130,125,5,5
1964,75,66,9,9
1965,97,83,14,14
1966,114,122,-8,8
1967,92,90,2,2
1968,106,105,1,1
1969,89,91,-2,2
1970,72,90,-18,18
1971,92,89,3,3
1972,66,66,0,0
1973,26,45,-19,19
1974,106,99,7,7
1975,82,84,-2,2
1976,112,113,-1,1
1977,94,89,5,5
1978,106,104,2,2
1979,114,107,7,7
1980,85,100,-15,15
1981,144,150,-6,6
1982,137,126,11,11
1983,56,61,-5,5
1984,62,52,10,10
1985,65,70,-5,5
1986,71,76,-5,5
1987,78,89,-11,11
1988,66,60,6,6
1989,106,108,-2,2
1990,74,101,-27,27
1991,46,122,-76,76
1992,140,132,8,8
1993,129,122,7,7
1994,83,84,-1,1
1995,81,84,-3,3
1996,49,51,-2,2
1997,124,121,3,3
1998,42,54,-12,12
1999,89,86,3,3
2000,101,93,8,8
2001,184,202,-18,18
2002,113,111,2,2
2003,212,208,4,4
2004,120,114,6,6
2005,95,96,-1,1
2006,120,122,-2,2
2007,97,96,1,1
2008,72,70,2,2
2009,80,68,12,12
2010,87,97,-10,10
2011,100,97,3,3
2012,185,176,9,9
2013,90,90,0,0
2014,77,81,-4,4
2015,67,71,-4,4
2016,63,69,-6,6
2017,74,74,0,0
2018,104,97,7,7
2019,129,128,1,1
2020,73,72,1,1
2021,128,125,3,3
2022,64,63,1,1
2023,88,79,9,9
2024,47,57,-10,10
2025,68,64,4,4
2026,75,71,4,4
2027,75,73,2,2
2028,80,83,-3,3
2029,61,64,-3,3
2030,74,73,1,1
2031,79,82,-3,3
2032,62,69,-7,7
2033,121,129,-8,8
2034,77,77,0,0
2035,104,106,-2,2
2036,116,115,1,1
2037,61,73,-12,12
2038,86,85,1,1
2039,83,91,-8,8
2040,119,123,-4,4
2041,109,116,-7,7
2042,83,96,-13,13
2043,66,69,-3,3
2044,112,111,1,1
2045,110,111,-1,1
2046,115,125,-10,10
2047,97,97,0,0
2048,115,115,0,0
2049,78,82,-4,4
2050,58,60,-2,2
2051,98,104,-6,6
2052,104,99,5,5
2053,109,101,8,8
2054,143,138,5,5
2055,98,96,2,2
2056,56,63,-7,7
2057,61,62,-1,1
2058,86,82,4,4
2059,73,75,-2,2
2060,101,100,1,1
2061,165,152,13,13
2062,64,76,-12,12
2063,62,58,4,4
2064,68,64,4,4
2065,101,106,-5,5
2066,72,81,-9,9
2067,56,56,0,0
2068,109,96,13,13
2069,63,61,2,2
2070,48,53,-5,5
2071,134,135,-1,1
2072,91,98,-7,7
2073,80,83,-3,3
2074,112,107,5,5
2075,49,54,-5,5
2076,91,87,4,4
2077,75,81,-6,6
2078,86,78,8,8
2079,142,131,11,11
2080,79,75,4,4
2081,122,132,-10,10
2082,139,140,-1,1
2083,79,69,10,10
2084,184,164,20,20
2085,134,165,-31,31
2086,99,94,5,5
2087,59,67,-8,8
2088,77,81,-4,4
2089,84,84,0,0
2090,116,119,-3,3
2091,41,48,-7,7
2092,70,73,-3,3
2093,39,55,-16,16
2094,82,83,-1,1
2095,58,59,-1,1
2096,166,155,11,11
2097,71,73,-2,2
2098,119,115,4,4
2099,92,99,-7,7
2100,116,118,-2,2
2101,121,114,7,7
2102,106,102,4,4
2103,82,80,2,2
2104,137,136,1,1
2105,113,119,-6,6
2106,84,90,-6,6
2107,136,126,10,10
2108,57,59,-2,2
2109,142,133,9,9
2110,55,52,3,3
2111,82,80,2,2
2112,208,194,14,14
2113,101,89,12,12
2114,156,165,-9,9
2115,175,158,17,17
2116,137,122,15,15
2117,105,121,-16,16
2118,84,87,-3,3
2119,78,80,-2,2
2120,115,104,11,11
2121,74,71,3,3
2122,67,66,1,1
2123,46,56,-10,10
2124,123,116,7,7
2125,68,65,3,3
2126,110,116,-6,6
2127,95,92,3,3
2128,77,84,-7,7
2129,86,92,-6,6
2130,62,58,4,4
2131,91,81,10,10
2132,76,75,1,1
2133,92,79,13,13
2134,98,92,6,6
2135,108,106,2,2
2136,142,140,2,2
2137,111,81,30,30
2138,96,100,-4,4
2139,86,83,3,3
2140,138,136,2,2
2141,89,92,-3,3
2142,149,131,18,18
2143,82,84,-2,2
2144,135,136,-1,1
2145,94,90,4,4
2146,79,79,0,0
2147,84,84,0,0
2148,44,83,-39,39
2149,46,61,-15,15
2150,96,93,3,3
2151,114,109,5,5
2152,57,60,-3,3
2153,79,77,2,2
2154,78,88,-10,10
2155,117,137,-20,20
2156,98,86,12,12
2157,57,54,3,3
2158,99,88,11,11
2159,97,92,5,5
2160,98,88,10,10
2161,70,68,2,2
2162,102,108,-6,6
2163,82,84,-2,2
2164,81,80,1,1
2165,69,70,-1,1
2166,66,61,5,5
2167,97,82,15,15
2168,86,86,0,0
2169,58,60,-2,2
2170,83,90,-7,7
2171,78,78,0,0
2172,64,58,6,6
2173,127,102,25,25
2174,73,62,11,11
2175,70,81,-11,11
2176,93,97,-4,4
2177,116,116,0,0
2178,103,88,15,15
2179,44,55,-11,11
2180,84,93,-9,9
2181,116,97,19,19
2182,102,110,-8,8
2183,56,54,2,2
2184,117,115,2,2
2185,111,113,-2,2
2186,82,89,-7,7
2187,115,108,7,7
2188,96,109,-13,13
2189,137,115,22,22
2190,111,109,2,2
2191,63,66,-3,3
2192,65,63,2,2
2193,57,57,0,0
2194,82,73,9,9
2195,64,84,-20,20
2196,100,97,3,3
2197,68,66,2,2
2198,57,64,-7,7
2199,76,71,5,5
2200,138,136,2,2
2201,61,68,-7,7
2202,80,85,-5,5
2203,98,103,-5,5
2204,137,140,-3,3
2205,101,95,6,6
2206,122,126,-4,4
2207,75,82,-7,7
2208,118,114,4,4
2209,87,90,-3,3
2210,116,112,4,4
2211,97,97,0,0
2212,147,163,-16,16
2213,74,70,4,4
2214,55,58,-3,3
2215,110,97,13,13
2216,93,94,-1,1
2217,64,71,-7,7
2218,105,114,-9,9
2219,70,98,-28,28
2220,92,84,8,8
2221,63,63,0,0
2222,93,92,1,1
2223,60,74,-14,14
2224,82,81,1,1
2225,108,107,1,1
2226,118,116,2,2
2227,167,164,3,3
2228,112,111,1,1
2229,85,83,2,2
2230,77,94,-17,17
2231,105,105,0,0
2232,144,143,1,1
2233,159,162,-3,3
2234,68,68,0,0
2235,42,53,-11,11
2236,111,128,-17,17
2237,67,76,-9,9
2238,135,129,6,6
2239,45,54,-9,9
2240,79,73,6,6
2241,117,120,-3,3
2242,94,90,4,4
2243,44,86,-42,42
2244,94,103,-9,9
2245,140,134,6,6
2246,98,92,6,6
2247,66,71,-5,5
2248,63,67,-4,4
2249,65,68,-3,3
2250,104,106,-2,2
2251,92,98,-6,6
2252,86,92,-6,6
2253,81,85,-4,4
2254,77,87,-10,10
2255,78,77,1,1
2256,48,56,-8,8
2257,39,50,-11,11
2258,47,48,-1,1
2259,94,105,-11,11
2260,161,154,7,7
2261,72,65,7,7
2262,35,53,-18,18
2263,89,101,-12,12
2264,69,94,-25,25
2265,102,108,-6,6
2266,79,100,-21,21
2267,107,96,11,11
2268,111,128,-17,17
2269,95,99,-4,4
2270,102,103,-1,1
2271,89,96,-7,7
2272,65,63,2,2
2273,108,108,0,0
2274,57,69,-12,12
2275,103,100,3,3
2276,151,125,26,26
2277,184,174,10,10
2278,78,78,0,0
2279,185,157,28,28
2280,63,70,-7,7
2281,131,132,-1,1
2282,155,146,9,9
2283,87,82,5,5
2284,136,134,2,2
2285,104,107,-3,3
2286,54,55,-1,1
2287,107,110,-3,3
2288,64,60,4,4
2289,68,72,-4,4
2290,90,93,-3,3
2291,65,74,-9,9
2292,86,93,-7,7
2293,78,78,0,0
2294,72,65,7,7
2295,50,59,-9,9
2296,107,106,1,1
2297,101,212,-111,111
2298,104,101,3,3
2299,47,50,-3,3
2300,87,83,4,4
2301,102,104,-2,2
2302,103,95,8,8
2303,62,61,1,1
2304,57,61,-4,4
2305,68,73,-5,5
2306,109,110,-1,1
2307,80,86,-6,6
2308,76,82,-6,6
2309,97,101,-4,4
2310,83,77,6,6
2311,116,113,3,3
2312,72,67,5,5
2313,49,58,-9,9
2314,108,117,-9,9
2315,106,94,12,12
2316,135,125,10,10
2317,115,120,-5,5
2318,111,103,8,8
2319,95,83,12,12
2320,56,70,-14,14
2321,154,138,16,16
2322,106,102,4,4
2323,71,73,-2,2
2324,92,87,5,5
2325,96,87,9,9
2326,75,78,-3,3
2327,127,113,14,14
2328,66,69,-3,3
2329,78,78,0,0
2330,148,146,2,2
2331,95,93,2,2
2332,145,125,20,20
2333,80,86,-6,6
2334,48,52,-4,4
2335,73,83,-10,10
2336,128,137,-9,9
2337,38,57,-19,19
2338,180,178,2,2
2339,63,65,-2,2
2340,60,58,2,2
2341,149,146,3,3
2342,97,102,-5,5
2343,57,64,-7,7
2344,158,146,12,12
2345,85,89,-4,4
2346,83,74,9,9
2347,145,137,8,8
2348,76,75,1,1
2349,107,101,6,6
2350,177,170,7,7
2351,106,92,14,14
2352,73,74,-1,1
2353,43,51,-8,8
2354,141,124,17,17
2355,100,106,-6,6
2356,81,102,-21,21
2357,267,209,58,58
2358,69,72,-3,3
2359,114,117,-3,3
2360,110,108,2,2
2361,107,112,-5,5
2362,95,84,11,11
2363,92,83,9,9
2364,166,148,18,18
2365,83,87,-4,4
2366,140,128,12,12
2367,102,96,6,6
2368,82,87,-5,5
2369,88,95,-7,7
2370,129,112,17,17
2371,171,173,-2,2
2372,53,53,0,0
2373,139,123,16,16
2374,131,120,11,11
2375,137,123,14,14
2376,65,68,-3,3
2377,83,83,0,0
2378,191,190,1,1
2379,65,61,4,4
2380,197,185,12,12
2381,101,101,0,0
2382,147,147,0,0
2383,159,160,-1,1
2384,46,50,-4,4
2385,151,142,9,9
2386,104,99,5,5
2387,132,135,-3,3
2388,67,67,0,0
2389,80,79,1,1
2390,198,187,11,11
2391,116,134,-18,18
2392,72,108,-36,36
2393,152,139,13,13
2394,63,73,-10,10
2395,61,63,-2,2
2396,112,110,2,2
2397,96,85,11,11
2398,90,85,5,5
2399,118,122,-4,4
2400,102,107,-5,5
2401,65,65,0,0
2402,93,98,-5,5
2403,64,62,2,2
2404,88,116,-28,28
2405,116,113,3,3
2406,94,106,-12,12
2407,96,106,-10,10
2408,83,101,-18,18
2409,125,126,-1,1
2410,71,65,6,6
2411,147,151,-4,4
2412,117,122,-5,5
2413,125,119,6,6
2414,65,64,1,1
2415,69,73,-4,4
2416,72,70,2,2
2417,80,83,-3,3
2418,73,70,3,3
2419,62,66,-4,4
2420,126,125,1,1
2421,56,59,-3,3
2422,90,97,-7,7
2423,95,100,-5,5
2424,67,71,-4,4
2425,37,54,-17,17
2426,128,120,8,8
2427,63,60,3,3
2428,32,58,-26,26
2429,63,59,4,4
2430,42,55,-13,13
2431,90,93,-3,3
2432,58,62,-4,4
2433,159,142,17,17
2434,114,125,-11,11
2435,76,76,0,0
2436,71,72,-1,1
2437,91,88,3,3
2438,144,132,12,12
2439,71,68,3,3
2440,70,78,-8,8
2441,109,112,-3,3
2442,86,84,2,2
2443,114,117,-3,3
2444,66,58,8,8
2445,92,85,7,7
2446,71,67,4,4
2447,92,86,6,6
2448,137,151,-14,14
2449,73,83,-10,10
2450,73,69,4,4
2451,101,92,9,9
2452,119,113,6,6
2453,97,96,1,1
2454,110,102,8,8
2455,69,68,1,1
2456,81,76,5,5
2457,67,71,-4,4
2458,139,133,6,6
2459,88,85,3,3
2460,114,107,7,7
2461,64,61,3,3
2462,86,83,3,3
2463,122,120,2,2
2464,122,117,5,5
2465,94,90,4,4
2466,128,132,-4,4
2467,83,81,2,2
2468,92,90,2,2
2469,175,171,4,4
2470,141,141,0,0
2471,72,79,-7,7
2472,135,145,-10,10
2473,84,79,5,5
2474,123,120,3,3
2475,113,118,-5,5
2476,135,132,3,3
2477,83,85,-2,2
2478,58,61,-3,3
2479,146,147,-1,1
2480,123,125,-2,2
2481,50,50,0,0
2482,67,76,-9,9
2483,80,85,-5,5
2484,136,134,2,2
2485,165,164,1,1
2486,84,76,8,8
2487,107,101,6,6
2488,151,154,-3,3
2489,111,111,0,0
2490,51,57,-6,6
2491,78,78,0,0
2492,145,127,18,18
2493,54,62,-8,8
2494,86,80,6,6
2495,93,90,3,3
2496,117,105,12,12
2497,52,56,-4,4
2498,84,92,-8,8
2499,196,197,-1,1
2500,70,64,6,6
2501,166,167,-1,1
2502,103,88,15,15
2503,67,81,-14,14
2504,54,60,-6,6
2505,91,91,0,0
2506,124,122,2,2
2507,80,78,2,2
2508,111,110,1,1
2509,108,97,11,11
2510,134,137,-3,3
2511,98,98,0,0
2512,64,89,-25,25
2513,73,73,0,0
2514,94,97,-3,3
2515,61,75,-14,14
2516,90,97,-7,7
2517,102,99,3,3
2518,150,140,10,10
2519,97,103,-6,6
2520,76,73,3,3
2521,58,60,-2,2
2522,90,79,11,11
2523,70,68,2,2
2524,65,69,-4,4
2525,78,79,-1,1
2526,53,58,-5,5
2527,83,76,7,7
2528,103,86,17,17
2529,74,72,2,2
2530,173,169,4,4
2531,63,66,-3,3
2532,104,101,3,3
2533,96,101,-5,5
2534,110,123,-13,13
2535,83,79,4,4
2536,89,91,-2,2
2537,95,106,-11,11
2538,74,83,-9,9
2539,55,53,2,2
2540,117,118,-1,1
2541,32,45,-13,13
2542,64,74,-10,10
2543,103,89,14,14
2544,121,123,-2,2
2545,129,117,12,12
2546,90,97,-7,7
2547,119,149,-30,30
2548,105,94,11,11
2549,78,72,6,6
2550,159,145,14,14
2551,73,76,-3,3
2552,128,126,2,2
2553,149,151,-2,2
2554,129,112,17,17
2555,87,94,-7,7
2556,69,73,-4,4
2557,120,116,4,4
2558,57,59,-2,2
2559,107,114,-7,7
2560,56,55,1,1
2561,128,82,46,46
2562,153,137,16,16
2563,114,126,-12,12
2564,96,101,-5,5
2565,111,107,4,4
2566,130,133,-3,3
2567,88,91,-3,3
2568,75,74,1,1
2569,85,89,-4,4
2570,105,105,0,0
2571,48,52,-4,4
2572,98,96,2,2
2573,62,70,-8,8
2574,142,137,5,5
2575,91,76,15,15
2576,85,85,0,0
2577,67,63,4,4
2578,116,111,5,5
2579,82,89,-7,7
2580,136,137,-1,1
2581,145,126,19,19
2582,76,80,-4,4
2583,46,57,-11,11
2584,112,130,-18,18
2585,119,123,-4,4
2586,75,89,-14,14
2587,58,67,-9,9
2588,90,100,-10,10
2589,106,114,-8,8
2590,117,117,0,0
2591,97,94,3,3
2592,142,149,-7,7
2593,156,151,5,5
2594,136,94,42,42
2595,73,78,-5,5
2596,98,87,11,11
2597,79,85,-6,6
2598,130,135,-5,5
2599,114,118,-4,4
2600,122,125,-3,3
2601,87,81,6,6
2602,136,127,9,9
2603,157,148,9,9
2604,53,54,-1,1
2605,106,103,3,3
2606,62,65,-3,3
2607,87,90,-3,3
2608,75,73,2,2
2609,71,72,-1,1
2610,87,87,0,0
2611,81,83,-2,2
2612,110,104,6,6
2613,119,119,0,0
2614,103,100,3,3
2615,65,61,4,4
2616,137,126,11,11
2617,66,73,-7,7
2618,78,73,5,5
2619,93,97,-4,4
2620,117,111,6,6
2621,95,92,3,3
2622,88,82,6,6
2623,102,92,10,10
2624,49,51,-2,2
2625,82,77,5,5
2626,70,71,-1,1
2627,78,84,-6,6
2628,75,70,5,5
2629,80,89,-9,9
2630,133,126,7,7
2631,82,82,0,0
2632,147,109,38,38
2633,174,165,9,9
2634,65,69,-4,4
2635,95,93,2,2
2636,105,95,10,10
2637,72,67,5,5
2638,78,80,-2,2
2639,137,136,1,1
2640,153,142,11,11
2641,131,150,-19,19
2642,53,58,-5,5
2643,88,84,4,4
2644,74,76,-2,2
2645,62,60,2,2
2646,97,108,-11,11
2647,121,119,2,2
2648,106,110,-4,4
2649,76,107,-31,31
2650,103,104,-1,1
2651,87,78,9,9
2652,67,63,4,4
2653,68,94,-26,26
2654,123,112,11,11
2655,68,63,5,5
2656,115,114,1,1
2657,116,103,13,13
2658,95,90,5,5
2659,57,61,-4,4
2660,106,102,4,4
2661,85,87,-2,2
2662,106,94,12,12
2663,87,84,3,3
2664,86,88,-2,2
2665,84,87,-3,3
2666,60,58,2,2
2667,99,103,-4,4
2668,84,91,-7,7
2669,60,62,-2,2
2670,134,120,14,14
2671,130,131,-1,1
2672,78,73,5,5
2673,62,62,0,0
2674,90,79,11,11
2675,105,115,-10,10
2676,104,105,-1,1
2677,102,100,2,2
2678,125,127,-2,2
2679,74,69,5,5
2680,100,99,1,1
2681,103,109,-6,6
2682,77,68,9,9
2683,86,87,-1,1
2684,97,104,-7,7
2685,81,87,-6,6
2686,88,94,-6,6
2687,52,56,-4,4
2688,59,72,-13,13
2689,89,82,7,7
2690,51,64,-13,13
2691,45,53,-8,8
2692,103,115,-12,12
2693,70,76,-6,6
2694,148,144,4,4
2695,91,98,-7,7
2696,45,50,-5,5
2697,146,150,-4,4
2698,119,120,-1,1
2699,107,113,-6,6
2700,170,157,13,13
2701,62,63,-1,1
2702,130,113,17,17
2703,40,57,-17,17
2704,91,87,4,4
2705,61,61,0,0
2706,72,65,7,7
2707,113,114,-1,1
2708,120,102,18,18
2709,52,60,-8,8
2710,43,58,-15,15
2711,63,61,2,2
2712,106,112,-6,6
2713,109,110,-1,1
2714,136,137,-1,1
2715,100,101,-1,1
2716,58,62,-4,4
2717,64,68,-4,4
2718,135,139,-4,4
2719,125,128,-3,3
2720,91,106,-15,15
2721,81,83,-2,2
2722,53,57,-4,4
2723,120,119,1,1
2724,96,99,-3,3
2725,42,51,-9,9
2726,122,123,-1,1
2727,67,62,5,5
2728,97,88,9,9
2729,65,65,0,0
2730,86,93,-7,7
2731,72,68,4,4
2732,62,62,0,0
2733,72,67,5,5
2734,83,72,11,11
2735,129,130,-1,1
2736,109,107,2,2
2737,72,86,-14,14
2738,78,81,-3,3
2739,175,182,-7,7
2740,125,125,0,0
2741,65,59,6,6
2742,122,119,3,3
2743,79,83,-4,4
2744,35,50,-15,15
2745,86,94,-8,8
2746,120,112,8,8
2747,96,95,1,1
2748,152,153,-1,1
2749,114,122,-8,8
2750,94,97,-3,3
2751,67,68,-1,1
2752,94,98,-4,4
2753,145,128,17,17
2754,52,57,-5,5
2755,108,110,-2,2
2756,86,96,-10,10
2757,91,92,-1,1
2758,132,127,5,5
2759,160,161,-1,1
2760,94,85,9,9
2761,136,124,12,12
2762,46,50,-4,4
2763,76,70,6,6
2764,66,71,-5,5
2765,72,72,0,0
2766,102,104,-2,2
2767,77,80,-3,3
2768,56,60,-4,4
2769,139,144,-5,5
2770,217,196,21,21
2771,105,107,-2,2
2772,86,78,8,8
2773,172,161,11,11
2774,131,133,-2,2
2775,141,137,4,4
2776,85,83,2,2
2777,68,61,7,7
2778,90,93,-3,3
2779,75,78,-3,3
2780,82,84,-2,2
2781,76,74,2,2
2782,92,91,1,1
2783,76,76,0,0
2784,108,108,0,0
2785,99,96,3,3
2786,65,71,-6,6
2787,101,110,-9,9
2788,196,186,10,10
2789,80,84,-4,4
2790,130,132,-2,2
2791,57,72,-15,15
2792,105,97,8,8
2793,83,84,-1,1
2794,75,90,-15,15
2795,37,52,-15,15
2796,92,101,-9,9
2797,70,70,0,0
2798,35,46,-11,11
2799,120,110,10,10
2800,87,76,11,11
2801,56,57,-1,1
2802,84,82,2,2
2803,185,180,5,5
2804,95,85,10,10
2805,76,74,2,2
2806,60,59,1,1
2807,84,84,0,0
2808,67,68,-1,1
2809,79,77,2,2
2810,106,106,0,0
2811,121,118,3,3
2812,81,90,-9,9
2813,93,90,3,3
2814,150,143,7,7
2815,104,112,-8,8
2816,95,92,3,3
2817,120,113,7,7
2818,140,146,-6,6
2819,106,119,-13,13
2820,92,79,13,13
2821,75,74,1,1
2822,69,80,-11,11
2823,78,71,7,7
2824,57,60,-3,3
2825,71,65,6,6
2826,110,105,5,5
2827,90,90,0,0
2828,58,58,0,0
2829,52,55,-3,3
2830,108,112,-4,4
2831,53,62,-9,9
2832,102,100,2,2
2833,89,94,-5,5
2834,158,146,12,12
2835,81,78,3,3
2836,93,102,-9,9
2837,127,121,6,6
2838,117,115,2,2
2839,105,99,6,6
2840,133,128,5,5
2841,106,98,8,8
2842,149,144,5,5
2843,117,114,3,3
2844,92,90,2,2
2845,74,72,2,2
2846,156,151,5,5
2847,90,87,3,3
2848,116,120,-4,4
2849,118,118,0,0
2850,109,111,-2,2
2851,110,107,3,3
2852,84,92,-8,8
2853,120,107,13,13
2854,145,142,3,3
2855,64,67,-3,3
2856,95,113,-18,18
2857,54,57,-3,3
2858,109,103,6,6
2859,81,78,3,3
2860,74,81,-7,7
2861,123,130,-7,7
2862,88,88,0,0
2863,153,160,-7,7
2864,119,128,-9,9
2865,100,100,0,0
2866,91,87,4,4
2867,85,72,13,13
2868,72,71,1,1
2869,137,127,10,10
2870,120,148,-28,28
2871,58,63,-5,5
2872,106,104,2,2
2873,100,94,6,6
2874,75,77,-2,2
2875,71,68,3,3
2876,90,88,2,2
2877,56,63,-7,7
2878,109,106,3,3
2879,97,102,-5,5
2880,95,90,5,5
2881,84,76,8,8
2882,64,62,2,2
2883,79,73,6,6
2884,66,66,0,0
2885,65,69,-4,4
2886,117,117,0,0
2887,143,141,2,2
2888,65,63,2,2
2889,80,79,1,1
2890,111,121,-10,10
2891,116,116,0,0
2892,80,133,-53,53
2893,89,91,-2,2
2894,181,167,14,14
2895,95,87,8,8
2896,81,80,1,1
2897,172,152,20,20
2898,137,121,16,16
2899,83,83,0,0
2900,98,100,-2,2
2901,131,124,7,7
2902,75,78,-3,3
2903,160,157,3,3
2904,115,103,12,12
2905,124,127,-3,3
2906,121,113,8,8
2907,113,108,5,5
2908,116,112,4,4
2909,62,68,-6,6
2910,94,86,8,8
2911,92,91,1,1
2912,144,139,5,5
2913,37,89,-52,52
2914,65,71,-6,6
2915,159,179,-20,20
2916,76,73,3,3
2917,116,114,2,2
2918,79,75,4,4
2919,89,100,-11,11
2920,79,78,1,1
2921,100,107,-7,7
2922,92,85,7,7
2923,90,92,-2,2
2924,53,55,-2,2
2925,97,106,-9,9
2926,148,144,4,4
2927,104,111,-7,7
2928,57,53,4,4
2929,71,71,0,0
2930,116,129,-13,13
2931,191,188,3,3
2932,122,118,4,4
2933,60,60,0,0
2934,125,156,-31,31
2935,69,76,-7,7
2936,98,98,0,0
2937,131,119,12,12
2938,105,110,-5,5
2939,103,97,6,6
2940,60,64,-4,4
2941,67,73,-6,6
2942,118,117,1,1
2943,58,76,-18,18
2944,76,73,3,3
2945,109,99,10,10
2946,72,71,1,1
2947,87,82,5,5
2948,57,61,-4,4
2949,85,85,0,0
2950,78,81,-3,3
2951,88,81,7,7
2952,75,68,7,7
2953,124,118,6,6
2954,84,88,-4,4
2955,112,106,6,6
2956,98,92,6,6
2957,152,147,5,5
2958,54,59,-5,5
2959,121,123,-2,2
2960,164,154,10,10
2961,58,58,0,0
2962,164,158,6,6
2963,47,58,-11,11
2964,163,169,-6,6
2965,104,100,4,4
2966,66,72,-6,6
2967,111,110,1,1
2968,60,63,-3,3
2969,45,56,-11,11
2970,98,87,11,11
2971,129,118,11,11
2972,94,95,-1,1
2973,100,101,-1,1
2974,88,93,-5,5
2975,79,78,1,1
2976,73,77,-4,4
2977,125,120,5,5
2978,91,95,-4,4
2979,102,105,-3,3
2980,137,134,3,3
2981,186,185,1,1
2982,67,72,-5,5
2983,59,64,-5,5
2984,36,49,-13,13
2985,128,119,9,9
2986,80,74,6,6
2987,102,119,-17,17
2988,137,117,20,20
2989,58,61,-3,3
2990,94,92,2,2
2991,90,84,6,6
2992,110,102,8,8
2993,101,111,-10,10
2994,78,77,1,1
2995,121,105,16,16
2996,87,83,4,4
2997,81,88,-7,7
2998,70,77,-7,7
2999,142,137,5,5
3000,93,94,-1,1
3001,98,86,12,12
3002,125,124,1,1
3003,65,61,4,4
3004,126,125,1,1
3005,77,73,4,4
3006,79,82,-3,3
3007,85,89,-4,4
3008,65,60,5,5
3009,74,82,-8,8
3010,124,128,-4,4
3011,112,104,8,8
3012,99,105,-6,6
3013,73,68,5,5
3014,97,103,-6,6
3015,73,75,-2,2
3016,58,73,-15,15
3017,172,169,3,3
3018,91,90,1,1
3019,67,66,1,1
3020,100,103,-3,3
3021,110,111,-1,1
3022,58,63,-5,5
3023,96,102,-6,6
3024,69,78,-9,9
3025,91,89,2,2
3026,64,68,-4,4
3027,71,77,-6,6
3028,49,69,-20,20
3029,88,95,-7,7
3030,147,128,19,19
3031,71,68,3,3
3032,117,111,6,6
3033,89,96,-7,7
3034,95,88,7,7
3035,78,78,0,0
3036,82,95,-13,13
3037,72,76,-4,4
3038,137,123,14,14
3039,122,133,-11,11
3040,115,107,8,8
3041,120,115,5,5
3042,119,124,-5,5
3043,84,81,3,3
3044,88,83,5,5
3045,60,64,-4,4
3046,115,114,1,1
3047,81,77,4,4
3048,136,148,-12,12
3049,85,93,-8,8
3050,100,110,-10,10
3051,118,122,-4,4
3052,109,105,4,4
3053,61,75,-14,14
3054,105,103,2,2
3055,206,192,14,14
3056,112,111,1,1
3057,83,82,1,1
3058,181,188,-7,7
3059,151,142,9,9
3060,104,104,0,0
3061,83,98,-15,15
3062,109,103,6,6
3063,62,63,-1,1
3064,76,74,2,2
3065,86,93,-7,7
3066,127,116,11,11
3067,83,80,3,3
3068,122,112,10,10
3069,103,107,-4,4
3070,107,106,1,1
3071,94,92,2,2
3072,103,88,15,15
3073,72,68,4,4
3074,66,68,-2,2
3075,70,83,-13,13
3076,54,52,2,2
3077,57,67,-10,10
3078,165,163,2,2
3079,125,121,4,4
3080,125,132,-7,7
3081,92,90,2,2
3082,53,49,4,4
3083,106,130,-24,24
3084,95,91,4,4
3085,94,89,5,5
3086,72,75,-3,3
3087,78,78,0,0
3088,113,115,-2,2
3089,106,94,12,12
3090,101,98,3,3
3091,102,115,-13,13
3092,95,90,5,5
3093,69,72,-3,3
3094,74,68,6,6
3095,104,94,10,10
3096,78,81,-3,3
3097,86,86,0,0
3098,41,45,-4,4
3099,86,85,1,1
3100,80,78,2,2
3101,182,171,11,11
3102,83,85,-2,2
3103,65,60,5,5
3104,81,75,6,6
3105,159,156,3,3
3106,103,101,2,2
3107,102,93,9,9
3108,60,58,2,2
3109,142,132,10,10
3110,62,61,1,1
3111,129,124,5,5
3112,79,84,-5,5
3113,87,87,0,0
3114,127,117,10,10
3115,56,61,-5,5
3116,94,106,-12,12
3117,90,88,2,2
3118,62,69,-7,7
3119,60,66,-6,6
3120,110,131,-21,21
3121,98,103,-5,5
3122,58,61,-3,3
3123,88,89,-1,1
3124,35,48,-13,13
3125,138,137,1,1
3126,73,76,-3,3
3127,99,85,14,14
3128,87,80,7,7
3129,69,70,-1,1
3130,102,93,9,9
3131,89,93,-4,4
3132,106,98,8,8
3133,116,112,4,4
3134,69,74,-5,5
3135,75,70,5,5
3136,91,82,9,9
3137,67,67,0,0
3138,133,140,-7,7
3139,76,79,-3,3
3140,103,92,11,11
3141,71,64,7,7
3142,135,131,4,4
3143,99,103,-4,4
3144,104,99,5,5
3145,146,130,16,16
3146,57,60,-3,3
3147,108,115,-7,7
3148,82,71,11,11
3149,106,96,10,10
3150,110,112,-2,2
3151,98,99,-1,1
3152,62,57,5,5
3153,102,103,-1,1
3154,130,131,-1,1
3155,108,97,11,11
3156,61,61,0,0
3157,73,85,-12,12
3158,54,54,0,0
3159,63,59,4,4
3160,140,125,15,15
3161,47,116,-69,69
3162,68,76,-8,8
3163,134,126,8,8
3164,106,100,6,6
3165,72,72,0,0
3166,107,109,-2,2
3167,107,107,0,0
3168,53,53,0,0
3169,112,105,7,7
3170,124,123,1,1
3171,103,96,7,7
3172,76,81,-5,5
3173,103,102,1,1
3174,92,102,-10,10
3175,40,50,-10,10
3176,79,78,1,1
3177,83,89,-6,6
3178,77,75,2,2
3179,75,71,4,4
3180,63,59,4,4
3181,134,129,5,5
3182,66,67,-1,1
3183,173,174,-1,1
3184,100,88,12,12
3185,119,106,13,13
3186,143,145,-2,2
3187,61,69,-8,8
3188,59,63,-4,4
3189,91,98,-7,7
3190,61,63,-2,2
3191,127,129,-2,2
3192,164,159,5,5
3193,81,79,2,2
3194,136,130,6,6
3195,73,81,-8,8
3196,72,73,-1,1
3197,82,79,3,3
3198,79,80,-1,1
3199,70,75,-5,5
3200,95,93,2,2
3201,63,65,-2,2
3202,67,72,-5,5
3203,127,128,-1,1
3204,107,104,3,3
3205,58,62,-4,4
3206,91,94,-3,3
3207,60,58,2,2
3208,94,105,-11,11
3209,90,76,14,14
3210,49,60,-11,11
3211,94,118,-24,24
3212,68,58,10,10
3213,86,76,10,10
3214,107,96,11,11
3215,54,63,-9,9
3216,88,81,7,7
3217,69,76,-7,7
3218,85,79,6,6
3219,99,95,4,4
3220,116,126,-10,10
3221,113,109,4,4
3222,42,56,-14,14
3223,36,47,-11,11
3224,52,57,-5,5
3225,88,80,8,8
3226,62,67,-5,5
3227,87,78,9,9
3228,97,112,-15,15
3229,94,96,-2,2
3230,113,109,4,4
3231,168,161,7,7
3232,107,100,7,7
3233,130,131,-1,1
3234,169,163,6,6
3235,84,88,-4,4
3236,151,125,26,26
3237,75,67,8,8
3238,73,72,1,1
3239,64,72,-8,8
3240,144,151,-7,7
3241,86,88,-2,2
3242,91,87,4,4
3243,76,71,5,5
3244,112,115,-3,3
3245,46,68,-22,22
3246,51,59,-8,8
3247,116,106,10,10
3248,106,120,-14,14
3249,63,71,-8,8
3250,115,108,7,7
3251,151,164,-13,13
3252,70,66,4,4
3253,153,153,0,0
3254,66,63,3,3
3255,95,100,-5,5
3256,71,72,-1,1
3257,75,75,0,0
3258,83,81,2,2
3259,75,68,7,7
3260,111,99,12,12
3261,95,94,1,1
3262,133,120,13,13
3263,56,51,5,5
3264,42,51,-9,9
3265,61,66,-5,5
3266,72,73,-1,1
3267,60,63,-3,3
3268,95,85,10,10
3269,115,126,-11,11
3270,101,109,-8,8
3271,65,65,0,0
3272,100,107,-7,7
3273,69,72,-3,3
3274,81,80,1,1
3275,82,87,-5,5
3276,107,103,4,4
3277,112,121,-9,9
3278,99,98,1,1
3279,75,73,2,2
3280,161,154,7,7
3281,76,74,2,2
3282,142,142,0,0
3283,111,104,7,7
3284,78,79,-1,1
3285,137,135,2,2
3286,40,48,-8,8
3287,65,69,-4,4
3288,88,91,-3,3
3289,103,88,15,15
3290,143,165,-22,22
3291,37,48,-11,11
3292,65,60,5,5
3293,90,84,6,6
3294,97,85,12,12
3295,107,102,5,5
3296,104,111,-7,7
3297,151,140,11,11
3298,98,99,-1,1
3299,91,97,-6,6
3300,90,84,6,6
3301,79,85,-6,6
3302,62,58,4,4
3303,83,77,6,6
3304,102,108,-6,6
3305,92,98,-6,6
3306,48,55,-7,7
3307,103,104,-1,1
3308,65,61,4,4
3309,84,84,0,0
3310,57,59,-2,2
3311,108,112,-4,4
3312,80,81,-1,1
3313,66,81,-15,15
3314,106,116,-10,10
3315,52,55,-3,3
3316,107,120,-13,13
3317,107,96,11,11
3318,57,62,-5,5
3319,137,138,-1,1
3320,69,72,-3,3
3321,90,81,9,9
3322,65,67,-2,2
3323,49,56,-7,7
3324,153,147,6,6
3325,119,116,3,3
3326,75,77,-2,2
3327,160,154,6,6
3328,140,140,0,0
3329,146,149,-3,3
3330,104,89,15,15
3331,94,94,0,0
3332,60,48,12,12
3333,118,104,14,14
3334,71,70,1,1
3335,66,67,-1,1
3336,183,169,14,14
3337,103,93,10,10
3338,119,114,5,5
3339,107,122,-15,15
3340,92,86,6,6
3341,89,96,-7,7
3342,116,110,6,6
3343,84,79,5,5
3344,118,124,-6,6
3345,52,55,-3,3
3346,75,79,-4,4
3347,163,157,6,6
3348,96,98,-2,2
3349,104,112,-8,8
3350,135,142,-7,7
3351,78,78,0,0
3352,127,119,8,8
3353,96,93,3,3
3354,123,110,13,13
3355,119,111,8,8
3356,83,87,-4,4
3357,107,110,-3,3
3358,96,84,12,12
3359,105,99,6,6
3360,142,123,19,19
3361,67,72,-5,5
3362,67,76,-9,9
3363,126,121,5,5
3364,59,62,-3,3
3365,59,62,-3,3
3366,74,76,-2,2
3367,87,87,0,0
3368,69,71,-2,2
3369,66,68,-2,2
3370,117,106,11,11
3371,186,181,5,5
3372,63,70,-7,7
3373,125,127,-2,2
3374,87,79,8,8
3375,97,99,-2,2
3376,96,91,5,5
3377,49,53,-4,4
3378,105,110,-5,5
3379,48,51,-3,3
3380,111,107,4,4
3381,98,101,-3,3
3382,123,113,10,10
3383,74,65,9,9
3384,55,55,0,0
3385,124,122,2,2
3386,151,144,7,7
3387,54,53,1,1
3388,44,50,-6,6
3389,78,83,-5,5
3390,141,149,-8,8
3391,85,94,-9,9
3392,40,69,-29,29
3393,77,74,3,3
3394,104,100,4,4
3395,71,65,6,6
3396,94,100,-6,6
3397,98,107,-9,9
3398,56,59,-3,3
3399,64,69,-5,5
3400,107,107,0,0
3401,58,62,-4,4
3402,40,52,-12,12
3403,107,93,14,14
3404,110,107,3,3
3405,124,115,9,9
3406,100,90,10,10
3407,88,93,-5,5
3408,131,111,20,20
3409,93,87,6,6
3410,134,129,5,5
3411,81,90,-9,9
3412,81,85,-4,4
3413,84,87,-3,3
3414,86,88,-2,2
3415,152,156,-4,4
3416,64,66,-2,2
3417,73,81,-8,8
3418,118,118,0,0
3419,73,66,7,7
3420,88,79,9,9
3421,112,121,-9,9
3422,141,140,1,1
3423,150,156,-6,6
3424,105,104,1,1
3425,163,155,8,8
3426,29,51,-22,22
3427,94,95,-1,1
3428,67,72,-5,5
3429,98,113,-15,15
3430,89,93,-4,4
3431,106,103,3,3
3432,100,98,2,2
3433,107,96,11,11
3434,64,66,-2,2
3435,45,54,-9,9
3436,77,80,-3,3
3437,144,131,13,13
3438,103,104,-1,1
3439,67,108,-41,41
3440,38,51,-13,13
3441,116,113,3,3
3442,102,103,-1,1
3443,119,111,8,8
3444,88,89,-1,1
3445,111,107,4,4
3446,48,49,-1,1
3447,131,115,16,16
3448,86,84,2,2
3449,76,79,-3,3
3450,80,82,-2,2
3451,99,94,5,5
3452,132,129,3,3
3453,91,106,-15,15
3454,105,106,-1,1
3455,159,166,-7,7
3456,117,113,4,4
3457,142,148,-6,6
3458,69,65,4,4
3459,79,73,6,6
3460,134,141,-7,7
3461,101,92,9,9
3462,94,86,8,8
3463,97,118,-21,21
3464,112,99,13,13
3465,70,67,3,3
3466,139,130,9,9
3467,120,112,8,8
3468,93,95,-2,2
3469,70,76,-6,6
3470,77,72,5,5
3471,91,88,3,3
3472,57,54,3,3
3473,75,82,-7,7
3474,64,63,1,1
3475,88,88,0,0
3476,90,93,-3,3
3477,82,86,-4,4
3478,54,57,-3,3
3479,101,97,4,4
3480,102,108,-6,6
3481,92,94,-2,2
3482,77,77,0,0
3483,76,80,-4,4
3484,109,122,-13,13
3485,48,54,-6,6
3486,86,82,4,4
3487,91,90,1,1
3488,60,54,6,6
3489,117,119,-2,2
3490,121,125,-4,4
3491,129,136,-7,7
3492,90,96,-6,6
3493,106,85,21,21
3494,80,72,8,8
3495,129,111,18,18
3496,65,66,-1,1
3497,48,57,-9,9
3498,104,101,3,3
3499,72,71,1,1
3500,69,69,0,0
3501,115,111,4,4
3502,147,166,-19,19
3503,83,84,-1,1
3504,96,96,0,0
3505,83,81,2,2
3506,106,105,1,1
3507,83,87,-4,4
3508,94,81,13,13
3509,101,85,16,16
3510,112,110,2,2
3511,56,63,-7,7
3512,106,108,-2,2
3513,93,89,4,4
3514,83,89,-6,6
3515,60,61,-1,1
3516,116,119,-3,3
3517,127,113,14,14
3518,65,68,-3,3
3519,134,139,-5,5
3520,45,63,-18,18
3521,74,80,-6,6
3522,107,108,-1,1
3523,97,96,1,1
3524,145,145,0,0
3525,101,103,-2,2
3526,104,93,11,11
3527,90,93,-3,3
3528,98,94,4,4
3529,107,112,-5,5
3530,66,69,-3,3
3531,76,83,-7,7
3532,39,48,-9,9
3533,89,87,2,2
3534,47,56,-9,9
3535,68,77,-9,9
3536,47,52,-5,5
3537,194,169,25,25
3538,107,118,-11,11
3539,155,151,4,4
3540,163,157,6,6
3541,93,85,8,8
3542,124,128,-4,4
3543,28,54,-26,26
3544,101,105,-4,4
3545,70,71,-1,1
3546,61,65,-4,4
3547,92,85,7,7
3548,78,84,-6,6
3549,51,59,-8,8
3550,99,94,5,5
3551,95,94,1,1
3552,137,121,16,16
3553,90,88,2,2
3554,84,88,-4,4
3555,72,79,-7,7
3556,83,88,-5,5
3557,94,93,1,1
3558,86,77,9,9
3559,86,76,10,10
3560,87,90,-3,3
3561,104,113,-9,9
3562,58,59,-1,1
3563,50,66,-16,16
3564,44,55,-11,11
3565,83,82,1,1
3566,97,93,4,4
3567,146,132,14,14
3568,147,132,15,15
3569,107,105,2,2
3570,117,105,12,12
3571,152,158,-6,6
3572,130,114,16,16
3573,157,142,15,15
3574,268,248,20,20
3575,90,85,5,5
3576,101,103,-2,2
3577,73,73,0,0
3578,120,118,2,2
3579,86,85,1,1
3580,144,129,15,15
3581,97,94,3,3
3582,93,91,2,2
3583,49,50,-1,1
3584,97,100,-3,3
3585,99,87,12,12
3586,63,63,0,0
3587,135,126,9,9
3588,66,71,-5,5
3589,71,68,3,3
3590,74,71,3,3
3591,160,147,13,13
3592,52,63,-11,11
3593,84,77,7,7
3594,127,134,-7,7
3595,82,82,0,0
3596,80,82,-2,2
3597,108,110,-2,2
3598,104,111,-7,7
3599,106,95,11,11
3600,154,146,8,8
3601,54,56,-2,2
3602,91,100,-9,9
3603,115,131,-16,16
3604,98,106,-8,8
3605,117,121,-4,4
3606,46,51,-5,5
3607,93,94,-1,1
3608,50,54,-4,4
3609,110,150,-40,40
3610,101,98,3,3
3611,121,117,4,4
3612,129,135,-6,6
3613,123,112,11,11
3614,55,75,-20,20
3615,97,84,13,13
3616,102,100,2,2
3617,127,136,-9,9
3618,66,71,-5,5
3619,75,75,0,0
3620,125,135,-10,10
3621,75,66,9,9
3622,137,147,-10,10
3623,76,74,2,2
3624,80,67,13,13
3625,93,92,1,1
3626,213,211,2,2
3627,73,70,3,3
3628,99,94,5,5
3629,152,148,4,4
3630,110,112,-2,2
3631,53,59,-6,6
3632,83,75,8,8
3633,94,98,-4,4
3634,60,62,-2,2
3635,150,143,7,7
3636,146,135,11,11
3637,156,170,-14,14
3638,99,97,2,2
3639,66,63,3,3
3640,85,74,11,11
3641,68,83,-15,15
3642,174,166,8,8
3643,112,100,12,12
3644,102,104,-2,2
3645,96,93,3,3
3646,123,118,5,5
3647,62,68,-6,6
3648,42,50,-8,8
3649,84,76,8,8
3650,99,114,-15,15
3651,96,102,-6,6
3652,94,89,5,5
3653,88,82,6,6
3654,113,106,7,7
3655,136,142,-6,6
3656,51,59,-8,8
3657,82,90,-8,8
3658,103,90,13,13
3659,109,103,6,6
3660,39,56,-17,17
3661,66,59,7,7
3662,68,63,5,5
3663,97,90,7,7
3664,85,82,3,3
3665,123,116,7,7
3666,134,137,-3,3
3667,171,164,7,7
3668,88,92,-4,4
3669,83,76,7,7
3670,52,54,-2,2
3671,90,90,0,0
3672,75,74,1,1
3673,80,76,4,4
3674,85,78,7,7
3675,113,128,-15,15
3676,85,71,14,14
3677,124,122,2,2
3678,126,117,9,9
3679,136,122,14,14
3680,111,112,-1,1
3681,122,111,11,11
3682,84,87,-3,3
3683,53,64,-11,11
3684,83,84,-1,1
3685,132,132,0,0
3686,133,136,-3,3
3687,96,90,6,6
3688,53,56,-3,3
3689,87,98,-11,11
3690,63,65,-2,2
3691,92,79,13,13
3692,73,78,-5,5
3693,142,135,7,7
3694,93,75,18,18
3695,69,66,3,3
3696,59,57,2,2
3697,120,126,-6,6
3698,52,52,0,0
3699,50,52,-2,2
3700,80,90,-10,10
3701,68,68,0,0
3702,73,71,2,2
3703,245,206,39,39
3704,147,150,-3,3
3705,75,71,4,4
3706,59,63,-4,4
3707,84,82,2,2
3708,92,88,4,4
3709,146,140,6,6
3710,183,181,2,2
3711,64,68,-4,4
3712,101,88,13,13
3713,102,102,0,0
3714,117,114,3,3
3715,178,178,0,0
3716,143,122,21,21
3717,68,79,-11,11
3718,90,82,8,8
3719,48,49,-1,1
3720,74,74,0,0
3721,63,60,3,3
3722,74,73,1,1
3723,83,87,-4,4
3724,89,93,-4,4
3725,112,105,7,7
3726,89,95,-6,6
3727,71,66,5,5
3728,72,75,-3,3
3729,66,63,3,3
3730,173,172,1,1
3731,139,140,-1,1
3732,94,100,-6,6
3733,48,51,-3,3
3734,102,102,0,0
3735,69,70,-1,1
3736,67,62,5,5
3737,91,92,-1,1
3738,109,113,-4,4
3739,39,56,-17,17
3740,146,141,5,5
3741,103,106,-3,3
3742,149,151,-2,2
3743,78,70,8,8
3744,78,79,-1,1
3745,76,66,10,10
3746,81,86,-5,5
3747,155,157,-2,2
3748,76,79,-3,3
3749,113,109,4,4
3750,87,86,1,1
3751,81,71,10,10
3752,82,87,-5,5
3753,107,114,-7,7
3754,148,148,0,0
3755,57,65,-8,8
3756,73,69,4,4
3757,112,105,7,7
3758,48,54,-6,6
3759,77,85,-8,8
3760,142,133,9,9
3761,142,130,12,12
3762,122,125,-3,3
3763,67,65,2,2
3764,132,117,15,15
3765,134,156,-22,22
3766,96,89,7,7
3767,70,68,2,2
3768,84,82,2,2
3769,108,98,10,10
3770,159,157,2,2
3771,114,125,-11,11
3772,71,70,1,1
3773,88,94,-6,6
3774,95,92,3,3
3775,36,48,-12,12
3776,99,104,-5,5
3777,54,57,-3,3
3778,148,137,11,11
3779,75,66,9,9
3780,64,74,-10,10
3781,170,168,2,2
3782,176,165,11,11
3783,143,126,17,17
3784,108,100,8,8
3785,94,165,-71,71
3786,102,117,-15,15
3787,92,98,-6,6
3788,132,136,-4,4
3789,84,86,-2,2
3790,152,149,3,3
3791,94,82,12,12
3792,103,107,-4,4
3793,122,121,1,1
3794,79,85,-6,6
3795,81,67,14,14
3796,81,85,-4,4
3797,65,60,5,5
3798,90,78,12,12
3799,85,89,-4,4
3800,74,74,0,0
3801,110,107,3,3
3802,62,69,-7,7
3803,132,132,0,0
3804,94,93,1,1
3805,77,76,1,1
3806,69,77,-8,8
3807,90,90,0,0
3808,58,61,-3,3
3809,101,107,-6,6
3810,72,76,-4,4
3811,49,63,-14,14
3812,120,124,-4,4
3813,60,72,-12,12
3814,140,157,-17,17
3815,53,53,0,0
3816,66,67,-1,1
3817,60,60,0,0
3818,103,107,-4,4
3819,92,95,-3,3
3820,158,138,20,20
3821,71,89,-18,18
3822,73,76,-3,3
3823,66,69,-3,3
3824,149,145,4,4
3825,146,143,3,3
3826,68,63,5,5
3827,108,109,-1,1
3828,54,57,-3,3
3829,70,68,2,2
3830,98,97,1,1
3831,112,110,2,2
3832,64,61,3,3
3833,96,97,-1,1
3834,124,135,-11,11
3835,73,73,0,0
3836,75,75,0,0
3837,97,96,1,1
3838,100,99,1,1
3839,153,174,-21,21
3840,145,147,-2,2
3841,98,89,9,9
3842,114,103,11,11
3843,111,96,15,15
3844,68,74,-6,6
3845,60,64,-4,4
3846,87,98,-11,11
3847,74,62,12,12
3848,54,60,-6,6
3849,77,72,5,5
3850,63,60,3,3
3851,120,114,6,6
3852,107,96,11,11
3853,75,79,-4,4
3854,96,98,-2,2
3855,50,53,-3,3
3856,152,133,19,19
3857,133,130,3,3
3858,140,147,-7,7
3859,63,63,0,0
3860,82,89,-7,7
3861,101,108,-7,7
3862,78,76,2,2
3863,101,92,9,9
3864,74,72,2,2
3865,104,97,7,7
3866,97,98,-1,1
3867,55,67,-12,12
3868,166,160,6,6
3869,110,97,13,13
3870,76,97,-21,21
3871,81,85,-4,4
3872,128,125,3,3
3873,108,107,1,1
3874,68,65,3,3
3875,86,86,0,0
3876,79,79,0,0
3877,65,66,-1,1
3878,148,146,2,2
3879,165,151,14,14
3880,96,101,-5,5
3881,61,61,0,0
3882,86,77,9,9
3883,65,67,-2,2
3884,124,128,-4,4
3885,94,88,6,6
3886,55,58,-3,3
3887,71,70,1,1
3888,132,117,15,15
3889,55,56,-1,1
3890,97,111,-14,14
3891,96,100,-4,4
3892,101,96,5,5
3893,100,84,16,16
3894,78,74,4,4
3895,132,139,-7,7
3896,73,74,-1,1
3897,93,78,15,15
3898,51,55,-4,4
3899,136,139,-3,3
3900,80,67,13,13
3901,159,172,-13,13
3902,151,146,5,5
3903,64,64,0,0
3904,75,77,-2,2
3905,151,134,17,17
3906,72,78,-6,6
3907,113,100,13,13
3908,88,90,-2,2
3909,93,90,3,3
3910,62,69,-7,7
3911,59,69,-10,10
3912,104,104,0,0
3913,133,123,10,10
3914,66,73,-7,7
3915,90,98,-8,8
3916,98,96,2,2
3917,181,144,37,37
3918,68,61,7,7
3919,81,77,4,4
3920,148,144,4,4
3921,92,82,10,10
3922,109,103,6,6
3923,176,174,2,2
3924,236,215,21,21
3925,112,106,6,6
3926,74,76,-2,2
3927,82,75,7,7
3928,78,77,1,1
3929,83,83,0,0
3930,89,91,-2,2
3931,95,95,0,0
3932,177,169,8,8
3933,53,63,-10,10
3934,94,103,-9,9
3935,104,102,2,2
3936,63,67,-4,4
3937,94,92,2,2
3938,95,95,0,0
3939,122,118,4,4
3940,135,126,9,9
3941,170,150,20,20
3942,104,118,-14,14
3943,153,142,11,11
3944,70,96,-26,26
3945,124,113,11,11
3946,81,77,4,4
3947,143,139,4,4
3948,86,98,-12,12
3949,87,82,5,5
3950,92,94,-2,2
3951,111,106,5,5
3952,73,74,-1,1
3953,83,73,10,10
3954,117,111,6,6
3955,92,90,2,2
3956,70,77,-7,7
3957,107,101,6,6
3958,62,70,-8,8
3959,96,94,2,2
3960,93,91,2,2
3961,50,60,-10,10
3962,61,59,2,2
3963,118,124,-6,6
3964,117,111,6,6
3965,116,107,9,9
3966,183,172,11,11
3967,56,62,-6,6
3968,67,66,1,1
3969,81,75,6,6
3970,117,110,7,7
3971,98,92,6,6
3972,63,62,1,1
3973,62,60,2,2
3974,84,91,-7,7
3975,156,152,4,4
3976,105,97,8,8
3977,89,79,10,10
3978,132,137,-5,5
3979,106,107,-1,1
3980,111,114,-3,3
3981,150,155,-5,5
3982,95,100,-5,5
3983,20,48,-28,28
3984,99,98,1,1
3985,103,103,0,0
3986,73,85,-12,12
3987,83,87,-4,4
3988,69,67,2,2
3989,130,130,0,0
3990,106,104,2,2
3991,104,89,15,15
3992,125,132,-7,7
3993,121,103,18,18
3994,190,186,4,4
3995,116,118,-2,2
3996,87,107,-20,20
3997,71,73,-2,2
3998,71,80,-9,9
3999,146,155,-9,9
4000,97,98,-1,1
4001,98,95,3,3
4002,127,129,-2,2
4003,74,76,-2,2
4004,47,60,-13,13
4005,92,89,3,3
4006,82,73,9,9
4007,118,113,5,5
4008,137,118,19,19
4009,101,96,5,5
4010,51,54,-3,3
4011,88,97,-9,9
4012,177,161,16,16
4013,82,76,6,6
4014,90,93,-3,3
4015,99,93,6,6
4016,83,84,-1,1
4017,104,102,2,2
4018,83,73,10,10
4019,57,58,-1,1
4020,155,152,3,3
4021,107,99,8,8
4022,72,78,-6,6
4023,72,65,7,7
4024,102,105,-3,3
4025,90,87,3,3
4026,111,103,8,8
4027,123,117,6,6
4028,46,47,-1,1
4029,81,80,1,1
4030,95,79,16,16
4031,125,118,7,7
4032,105,97,8,8
4033,74,74,0,0
4034,166,152,14,14
4035,96,100,-4,4
4036,70,66,4,4
4037,56,68,-12,12
4038,66,62,4,4
4039,85,83,2,2
4040,46,53,-7,7
4041,47,70,-23,23
4042,68,72,-4,4
4043,130,126,4,4
4044,141,142,-1,1
4045,95,95,0,0
4046,111,100,11,11
4047,50,52,-2,2
4048,111,116,-5,5
4049,100,105,-5,5
4050,72,71,1,1
4051,80,82,-2,2
4052,120,110,10,10
4053,180,171,9,9
4054,39,55,-16,16
4055,103,115,-12,12
4056,95,95,0,0
4057,146,156,-10,10
4058,110,106,4,4
4059,48,50,-2,2
4060,83,102,-19,19
4061,66,81,-15,15
4062,86,92,-6,6
4063,79,79,0,0
4064,113,120,-7,7
4065,114,109,5,5
4066,86,74,12,12
4067,165,163,2,2
4068,69,81,-12,12
4069,124,126,-2,2
4070,103,109,-6,6
4071,76,87,-11,11
4072,118,121,-3,3
4073,157,154,3,3
4074,107,103,4,4
4075,170,147,23,23
4076,58,62,-4,4
4077,59,62,-3,3
4078,124,116,8,8
4079,142,126,16,16
4080,105,118,-13,13
4081,116,113,3,3
4082,140,140,0,0
4083,92,85,7,7
4084,130,136,-6,6
4085,113,112,1,1
4086,129,141,-12,12
4087,73,82,-9,9
4088,100,100,0,0
4089,87,96,-9,9
4090,75,71,4,4
4091,87,91,-4,4
4092,113,98,15,15
4093,64,66,-2,2
4094,83,79,4,4
4095,75,74,1,1
4096,124,129,-5,5
4097,87,84,3,3
4098,63,65,-2,2
4099,78,73,5,5
4100,86,88,-2,2
4101,104,113,-9,9
4102,95,101,-6,6
4103,119,128,-9,9
4104,99,104,-5,5
4105,54,59,-5,5
4106,73,72,1,1
4107,71,74,-3,3
4108,83,79,4,4
4109,182,151,31,31
4110,74,86,-12,12
4111,133,131,2,2
4112,80,76,4,4
4113,98,104,-6,6
4114,98,102,-4,4
4115,96,91,5,5
4116,84,69,15,15
4117,199,202,-3,3
4118,153,140,13,13
4119,121,135,-14,14
4120,104,116,-12,12
4121,79,84,-5,5
4122,109,93,16,16
4123,74,78,-4,4
4124,48,58,-10,10
4125,127,124,3,3
4126,77,80,-3,3
4127,57,64,-7,7
4128,88,85,3,3
4129,76,65,11,11
4130,120,119,1,1
4131,86,91,-5,5
4132,62,68,-6,6
4133,60,60,0,0
4134,83,79,4,4
4135,90,93,-3,3
4136,69,70,-1,1
4137,65,66,-1,1
4138,97,95,2,2
4139,107,100,7,7
4140,131,137,-6,6
4141,118,110,8,8
4142,107,133,-26,26
4143,72,77,-5,5
4144,153,154,-1,1
4145,83,79,4,4
4146,55,57,-2,2
4147,106,105,1,1
4148,97,106,-9,9
4149,176,170,6,6
4150,139,127,12,12
4151,84,93,-9,9
4152,112,104,8,8
4153,58,70,-12,12
4154,119,116,3,3
4155,75,75,0,0
4156,155,160,-5,5
4157,71,64,7,7
4158,150,138,12,12
4159,94,94,0,0
4160,54,63,-9,9
4161,70,73,-3,3
4162,125,114,11,11
4163,36,50,-14,14
4164,78,80,-2,2
4165,96,91,5,5
4166,100,95,5,5
4167,106,102,4,4
4168,129,120,9,9
4169,39,52,-13,13
4170,44,54,-10,10
4171,97,92,5,5
4172,80,86,-6,6
4173,52,56,-4,4
4174,102,98,4,4
4175,101,93,8,8
4176,90,88,2,2
4177,151,146,5,5
4178,82,74,8,8
4179,117,111,6,6
4180,63,73,-10,10
4181,135,134,1,1
4182,71,67,4,4
4183,96,110,-14,14
4184,123,119,4,4
4185,75,73,2,2
4186,60,66,-6,6
4187,103,107,-4,4
4188,59,59,0,0
4189,116,123,-7,7
4190,92,91,1,1
4191,76,66,10,10
4192,53,53,0,0
4193,107,114,-7,7
4194,70,72,-2,2
4195,101,99,2,2
4196,88,83,5,5
4197,84,85,-1,1
4198,26,58,-32,32
4199,107,110,-3,3
4200,121,120,1,1
4201,66,70,-4,4
4202,75,81,-6,6
4203,140,151,-11,11
4204,87,80,7,7
4205,57,57,0,0
4206,100,95,5,5
4207,183,165,18,18
4208,131,132,-1,1
4209,98,127,-29,29
4210,70,75,-5,5
4211,80,77,3,3
4212,112,115,-3,3
4213,164,172,-8,8
4214,112,101,11,11
4215,49,54,-5,5
4216,69,75,-6,6
4217,64,73,-9,9
4218,78,84,-6,6
4219,116,128,-12,12
4220,113,103,10,10
4221,123,125,-2,2
4222,101,107,-6,6
4223,100,106,-6,6
4224,84,82,2,2
4225,114,111,3,3
4226,109,98,11,11
4227,52,53,-1,1
4228,115,106,9,9
4229,106,107,-1,1
4230,93,91,2,2
4231,69,75,-6,6
4232,149,146,3,3
4233,87,86,1,1
4234,103,99,4,4
4235,106,112,-6,6
4236,76,92,-16,16
4237,124,135,-11,11
4238,115,121,-6,6
4239,82,80,2,2
4240,152,159,-7,7
4241,138,134,4,4
4242,196,184,12,12
4243,133,115,18,18
4244,146,146,0,0
4245,105,111,-6,6
4246,92,102,-10,10
4247,71,67,4,4
4248,97,102,-5,5
4249,70,72,-2,2
4250,107,119,-12,12
4251,80,84,-4,4
4252,63,76,-13,13
4253,75,73,2,2
4254,75,78,-3,3
4255,75,78,-3,3
4256,104,93,11,11
4257,152,144,8,8
4258,71,70,1,1
4259,107,102,5,5
4260,161,153,8,8
4261,71,78,-7,7
4262,91,85,6,6
4263,98,91,7,7
4264,108,110,-2,2
4265,78,72,6,6
4266,116,120,-4,4
4267,108,96,12,12
4268,81,81,0,0
4269,65,73,-8,8
4270,111,115,-4,4
4271,70,70,0,0
4272,55,58,-3,3
4273,102,97,5,5
4274,102,103,-1,1
4275,56,59,-3,3
4276,100,89,11,11
4277,47,53,-6,6
4278,145,141,4,4
4279,108,103,5,5
4280,143,139,4,4
4281,123,122,1,1
4282,172,166,6,6
4283,60,66,-6,6
4284,105,98,7,7
4285,46,70,-24,24
4286,80,65,15,15
4287,114,119,-5,5
4288,189,187,2,2
4289,82,76,6,6
4290,126,126,0,0
4291,157,145,12,12
4292,147,175,-28,28
4293,27,86,-59,59
4294,79,77,2,2
4295,75,73,2,2
4296,65,62,3,3
4297,68,68,0,0
4298,126,123,3,3
4299,133,128,5,5
4300,101,92,9,9
4301,80,78,2,2
4302,103,97,6,6
4303,95,92,3,3
4304,103,106,-3,3
4305,113,112,1,1
4306,42,55,-13,13
4307,85,88,-3,3
4308,82,85,-3,3
4309,104,103,1,1
4310,85,76,9,9
4311,107,87,20,20
4312,78,72,6,6
4313,66,68,-2,2
4314,108,106,2,2
4315,90,99,-9,9
4316,88,90,-2,2
4317,59,62,-3,3
4318,79,74,5,5
4319,69,76,-7,7
4320,135,135,0,0
4321,96,113,-17,17
4322,148,147,1,1
4323,31,49,-18,18
4324,65,79,-14,14
4325,86,82,4,4
4326,47,55,-8,8
4327,83,78,5,5
4328,170,179,-9,9
4329,63,66,-3,3
4330,110,106,4,4
4331,182,166,16,16
4332,141,142,-1,1
4333,94,97,-3,3
4334,81,82,-1,1
4335,87,87,0,0
4336,131,133,-2,2
4337,117,104,13,13
4338,64,59,5,5
4339,150,164,-14,14
4340,93,101,-8,8
4341,88,86,2,2
4342,90,92,-2,2
4343,86,89,-3,3
4344,96,110,-14,14
4345,173,161,12,12
4346,104,101,3,3
4347,44,57,-13,13
4348,81,72,9,9
4349,71,64,7,7
4350,77,66,11,11
4351,82,74,8,8
4352,196,182,14,14
4353,126,123,3,3
4354,100,99,1,1
4355,159,154,5,5
4356,61,67,-6,6
4357,54,57,-3,3
4358,73,68,5,5
4359,73,81,-8,8
4360,88,80,8,8
4361,136,135,1,1
4362,94,93,1,1
4363,164,183,-19,19
4364,100,102,-2,2
4365,126,123,3,3
4366,50,52,-2,2
4367,79,83,-4,4
4368,94,114,-20,20
4369,110,119,-9,9
4370,144,140,4,4
4371,62,61,1,1
4372,92,96,-4,4
4373,59,64,-5,5
4374,279,243,36,36
4375,149,143,6,6
4376,61,76,-15,15
4377,72,90,-18,18
4378,64,67,-3,3
4379,142,141,1,1
4380,56,56,0,0
4381,140,146,-6,6
4382,221,198,23,23
4383,111,103,8,8
4384,93,89,4,4
4385,110,112,-2,2
4386,83,72,11,11
4387,65,72,-7,7
4388,154,154,0,0
4389,92,89,3,3
4390,144,137,7,7
4391,102,103,-1,1
4392,131,125,6,6
4393,98,93,5,5
4394,104,101,3,3
4395,95,97,-2,2
4396,108,116,-8,8
4397,89,87,2,2
4398,139,149,-10,10
4399,116,111,5,5
4400,58,62,-4,4
4401,140,144,-4,4
4402,89,89,0,0
4403,103,102,1,1
4404,67,83,-16,16
4405,62,61,1,1
4406,162,165,-3,3
4407,77,77,0,0
4408,99,101,-2,2
4409,92,80,12,12
4410,105,108,-3,3
4411,99,95,4,4
4412,82,96,-14,14
4413,139,131,8,8
4414,99,96,3,3
4415,82,87,-5,5
4416,95,99,-4,4
4417,101,97,4,4
4418,85,91,-6,6
4419,102,103,-1,1
4420,133,139,-6,6
4421,76,76,0,0
4422,126,129,-3,3
4423,101,97,4,4
4424,119,106,13,13
4425,152,161,-9,9
4426,136,120,16,16
4427,87,85,2,2
4428,116,110,6,6
4429,60,67,-7,7
4430,96,94,2,2
4431,76,79,-3,3
4432,128,124,4,4
4433,85,86,-1,1
4434,84,87,-3,3
4435,153,140,13,13
4436,72,63,9,9
4437,73,67,6,6
4438,108,97,11,11
4439,73,73,0,0
4440,94,91,3,3
4441,86,83,3,3
4442,89,82,7,7
4443,56,56,0,0
4444,195,186,9,9
4445,70,72,-2,2
4446,64,63,1,1
4447,96,87,9,9
4448,103,108,-5,5
4449,131,128,3,3
4450,93,90,3,3
4451,122,126,-4,4
4452,54,56,-2,2
4453,67,79,-12,12
4454,66,61,5,5
4455,110,113,-3,3
4456,108,107,1,1
4457,119,125,-6,6
4458,80,69,11,11
4459,60,67,-7,7
4460,88,84,4,4
4461,123,108,15,15
4462,59,58,1,1
4463,103,93,10,10
4464,93,91,2,2
4465,90,87,3,3
4466,157,154,3,3
4467,94,93,1,1
4468,79,82,-3,3
4469,131,132,-1,1
4470,50,62,-12,12
4471,111,105,6,6
4472,106,110,-4,4
4473,104,102,2,2
4474,94,101,-7,7
4475,71,64,7,7
4476,168,152,16,16
4477,102,116,-14,14
4478,58,65,-7,7
4479,49,58,-9,9
4480,96,89,7,7
4481,74,76,-2,2
4482,135,136,-1,1
4483,171,164,7,7
4484,70,72,-2,2
4485,118,122,-4,4
4486,90,79,11,11
4487,101,118,-17,17
4488,97,95,2,2
4489,107,100,7,7
4490,87,84,3,3
4491,43,50,-7,7
4492,79,76,3,3
4493,106,96,10,10
4494,39,52,-13,13
4495,178,165,13,13
4496,74,82,-8,8
4497,36,49,-13,13
4498,68,69,-1,1
4499,114,106,8,8
4500,80,82,-2,2
4501,109,121,-12,12
4502,128,122,6,6
4503,87,99,-12,12
4504,110,111,-1,1
4505,100,94,6,6
4506,128,133,-5,5
4507,136,135,1,1
4508,129,130,-1,1
4509,122,125,-3,3
4510,102,100,2,2
4511,109,109,0,0
4512,58,63,-5,5
4513,122,117,5,5
4514,90,88,2,2
4515,57,56,1,1
4516,107,103,4,4
4517,168,167,1,1
4518,98,100,-2,2
4519,120,112,8,8
4520,74,74,0,0
4521,88,83,5,5
4522,96,85,11,11
4523,64,75,-11,11
4524,55,58,-3,3
4525,94,92,2,2
4526,148,139,9,9
4527,92,104,-12,12
4528,95,105,-10,10
4529,110,106,4,4
4530,83,74,9,9
4531,139,132,7,7
4532,108,94,14,14
4533,78,77,1,1
4534,78,79,-1,1
4535,98,97,1,1
4536,104,101,3,3
4537,68,64,4,4
4538,103,106,-3,3
4539,66,69,-3,3
4540,100,98,2,2
4541,123,123,0,0
4542,74,88,-14,14
4543,136,126,10,10
4544,47,50,-3,3
4545,92,92,0,0
4546,122,114,8,8
4547,125,131,-6,6
4548,122,108,14,14
4549,61,61,0,0
4550,82,100,-18,18
4551,112,108,4,4
4552,48,54,-6,6
4553,146,155,-9,9
4554,67,58,9,9
4555,115,112,3,3
4556,165,172,-7,7
4557,87,96,-9,9
4558,40,46,-6,6
4559,55,51,4,4
4560,127,120,7,7
4561,70,72,-2,2
4562,99,105,-6,6
4563,45,53,-8,8
4564,95,91,4,4
4565,80,82,-2,2
4566,47,53,-6,6
4567,99,117,-18,18
4568,118,120,-2,2
4569,104,102,2,2
4570,75,76,-1,1
4571,90,85,5,5
4572,82,84,-2,2
4573,163,148,15,15
4574,93,92,1,1
4575,166,182,-16,16
4576,69,73,-4,4
4577,122,135,-13,13
4578,148,154,-6,6
4579,56,59,-3,3
4580,66,64,2,2
4581,83,93,-10,10
4582,63,60,3,3
4583,108,106,2,2
4584,123,106,17,17
4585,161,170,-9,9
4586,83,105,-22,22
4587,49,55,-6,6
4588,78,80,-2,2
4589,101,103,-2,2
4590,38,53,-15,15
4591,98,93,5,5
4592,174,155,19,19
4593,75,87,-12,12
4594,56,62,-6,6
4595,138,127,11,11
4596,38,48,-10,10
4597,51,53,-2,2
4598,69,65,4,4
4599,98,100,-2,2
4600,87,88,-1,1
4601,88,86,2,2
4602,156,161,-5,5
4603,140,136,4,4
4604,92,98,-6,6
4605,49,57,-8,8
4606,82,87,-5,5
4607,217,244,-27,27
4608,99,101,-2,2
4609,110,102,8,8
4610,79,81,-2,2
4611,69,64,5,5
4612,87,76,11,11
4613,84,78,6,6
4614,77,72,5,5
4615,78,72,6,6
4616,100,108,-8,8
4617,112,109,3,3
4618,130,124,6,6
4619,137,120,17,17
4620,125,116,9,9
4621,86,89,-3,3
4622,152,144,8,8
4623,96,108,-12,12
4624,111,113,-2,2
4625,99,106,-7,7
4626,56,60,-4,4
4627,211,212,-1,1
4628,109,117,-8,8
4629,137,139,-2,2
4630,74,78,-4,4
4631,120,125,-5,5
4632,81,86,-5,5
4633,71,76,-5,5
4634,88,85,3,3
4635,111,103,8,8
4636,197,192,5,5
4637,85,79,6,6
4638,112,114,-2,2
4639,44,65,-21,21
4640,86,88,-2,2
4641,72,82,-10,10
4642,59,60,-1,1
4643,82,93,-11,11
4644,69,65,4,4
4645,91,83,8,8
4646,142,139,3,3
4647,84,67,17,17
4648,81,84,-3,3
4649,101,97,4,4
4650,190,167,23,23
4651,107,101,6,6
4652,119,126,-7,7
4653,77,76,1,1
4654,152,150,2,2
4655,64,63,1,1
4656,77,78,-1,1
4657,51,52,-1,1
4658,77,78,-1,1
4659,84,91,-7,7
4660,60,61,-1,1
4661,107,101,6,6
4662,87,102,-15,15
4663,116,130,-14,14
4664,160,142,18,18
4665,116,116,0,0
4666,84,81,3,3
4667,113,122,-9,9
4668,105,106,-1,1
4669,55,51,4,4
4670,91,96,-5,5
4671,113,103,10,10
4672,62,57,5,5
4673,75,72,3,3
4674,45,48,-3,3
4675,177,161,16,16
4676,131,141,-10,10
4677,112,111,1,1
4678,127,136,-9,9
4679,146,126,20,20
4680,138,139,-1,1
4681,93,96,-3,3
4682,65,70,-5,5
4683,168,173,-5,5
4684,112,127,-15,15
4685,149,140,9,9
4686,140,146,-6,6
4687,94,93,1,1
4688,141,137,4,4
4689,75,83,-8,8
4690,134,126,8,8
4691,95,88,7,7
4692,119,104,15,15
4693,95,103,-8,8
4694,65,67,-2,2
4695,95,100,-5,5
4696,97,101,-4,4
4697,132,133,-1,1
4698,87,84,3,3
4699,124,111,13,13
4700,115,117,-2,2
4701,45,52,-7,7
4702,110,105,5,5
4703,57,64,-7,7
4704,126,102,24,24
4705,50,52,-2,2
4706,132,131,1,1
4707,71,66,5,5
4708,88,79,9,9
4709,91,102,-11,11
4710,79,76,3,3
4711,47,50,-3,3
4712,103,113,-10,10
4713,38,51,-13,13
4714,68,62,6,6
4715,130,123,7,7
4716,157,158,-1,1
4717,99,98,1,1
4718,62,57,5,5
4719,79,76,3,3
4720,74,77,-3,3
4721,154,140,14,14
4722,36,57,-21,21
4723,81,79,2,2
4724,69,68,1,1
4725,39,53,-14,14
4726,106,104,2,2
4727,141,136,5,5
4728,71,70,1,1
4729,108,105,3,3
4730,142,138,4,4
4731,43,54,-11,11
4732,109,118,-9,9
4733,72,74,-2,2
4734,110,103,7,7
4735,84,96,-12,12
4736,88,84,4,4
4737,156,151,5,5
4738,106,114,-8,8
4739,160,156,4,4
4740,105,103,2,2
4741,231,213,18,18
4742,111,103,8,8
4743,53,59,-6,6
4744,124,132,-8,8
4745,105,107,-2,2
4746,144,149,-5,5
4747,83,89,-6,6
4748,81,80,1,1
4749,96,99,-3,3
4750,143,138,5,5
4751,118,108,10,10
4752,77,79,-2,2
4753,116,119,-3,3
4754,116,77,39,39
4755,76,79,-3,3
4756,73,76,-3,3
4757,92,84,8,8
4758,89,80,9,9
4759,58,55,3,3
4760,70,70,0,0
4761,134,131,3,3
4762,73,83,-10,10
4763,139,133,6,6
4764,59,65,-6,6
4765,59,61,-2,2
4766,72,76,-4,4
4767,81,79,2,2
4768,96,96,0,0
4769,190,184,6,6
4770,131,119,12,12
4771,188,194,-6,6
4772,141,153,-12,12
4773,103,100,3,3
4774,65,77,-12,12
4775,86,84,2,2
4776,64,65,-1,1
4777,115,121,-6,6
4778,58,67,-9,9
4779,150,146,4,4
4780,70,73,-3,3
4781,91,91,0,0
4782,104,99,5,5
4783,78,84,-6,6
4784,57,61,-4,4
4785,117,109,8,8
4786,82,81,1,1
4787,50,55,-5,5
4788,76,77,-1,1
4789,64,62,2,2
4790,140,140,0,0
4791,88,94,-6,6
4792,41,47,-6,6
4793,56,71,-15,15
4794,161,170,-9,9
4795,107,85,22,22
4796,94,96,-2,2
4797,71,62,9,9
4798,163,151,12,12
4799,99,91,8,8
4800,30,47,-17,17
4801,99,88,11,11
4802,161,143,18,18
4803,82,83,-1,1
4804,92,88,4,4
4805,152,132,20,20
4806,131,110,21,21
4807,99,92,7,7
4808,50,55,-5,5
4809,80,84,-4,4
4810,99,98,1,1
4811,69,67,2,2
4812,67,79,-12,12
4813,143,126,17,17
4814,68,69,-1,1
4815,65,72,-7,7
4816,94,97,-3,3
4817,55,55,0,0
4818,94,93,1,1
4819,45,49,-4,4
4820,140,139,1,1
4821,65,61,4,4
4822,62,65,-3,3
4823,94,99,-5,5
4824,129,123,6,6
4825,123,124,-1,1
4826,80,83,-3,3
4827,86,79,7,7
4828,112,115,-3,3
4829,89,86,3,3
4830,72,72,0,0
4831,65,67,-2,2
4832,90,93,-3,3
4833,71,80,-9,9
4834,107,112,-5,5
4835,140,139,1,1
4836,57,64,-7,7
4837,104,104,0,0
4838,56,65,-9,9
4839,103,99,4,4
4840,104,103,1,1
4841,78,81,-3,3
4842,126,122,4,4
4843,101,95,6,6
4844,85,93,-8,8
4845,72,62,10,10
4846,57,66,-9,9
4847,51,60,-9,9
4848,102,105,-3,3
4849,85,89,-4,4
4850,71,67,4,4
4851,87,83,4,4
4852,74,77,-3,3
4853,104,100,4,4
4854,102,105,-3,3
4855,181,167,14,14
4856,130,130,0,0
4857,75,86,-11,11
4858,102,99,3,3
4859,56,65,-9,9
4860,72,75,-3,3
4861,90,94,-4,4
4862,66,70,-4,4
4863,82,79,3,3
4864,139,157,-18,18
4865,97,86,11,11
4866,83,84,-1,1
4867,71,79,-8,8
4868,81,76,5,5
4869,80,73,7,7
4870,152,152,0,0
4871,54,56,-2,2
4872,51,53,-2,2
4873,142,128,14,14
4874,134,144,-10,10
4875,253,270,-17,17
4876,85,103,-18,18
4877,274,235,39,39
4878,180,163,17,17
4879,85,90,-5,5
4880,68,76,-8,8
4881,126,124,2,2
4882,147,140,7,7
4883,67,68,-1,1
4884,58,63,-5,5
4885,146,149,-3,3
4886,170,172,-2,2
4887,80,89,-9,9
4888,117,117,0,0
4889,72,71,1,1
4890,52,60,-8,8
4891,92,94,-2,2
4892,88,87,1,1
4893,106,107,-1,1
4894,93,91,2,2
4895,151,148,3,3
4896,90,86,4,4
4897,71,71,0,0
4898,63,65,-2,2
4899,171,157,14,14
4900,83,70,13,13
4901,125,121,4,4
4902,123,114,9,9
4903,119,114,5,5
4904,100,97,3,3
4905,97,110,-13,13
4906,82,76,6,6
4907,104,111,-7,7
4908,84,80,4,4
4909,133,138,-5,5
4910,66,69,-3,3
4911,328,282,46,46
4912,66,70,-4,4
4913,129,123,6,6
4914,60,65,-5,5
4915,107,120,-13,13
4916,88,80,8,8
4917,92,107,-15,15
4918,97,83,14,14
4919,95,98,-3,3
4920,176,157,19,19
4921,93,91,2,2
4922,124,129,-5,5
4923,80,75,5,5
4924,117,114,3,3
4925,92,88,4,4
4926,137,117,20,20
4927,160,158,2,2
4928,114,112,2,2
4929,78,70,8,8
4930,73,73,0,0
4931,62,59,3,3
4932,85,86,-1,1
4933,52,57,-5,5
4934,53,57,-4,4
4935,98,77,21,21
4936,92,94,-2,2
4937,100,99,1,1
4938,114,111,3,3
4939,139,141,-2,2
4940,76,78,-2,2
4941,119,114,5,5
4942,41,46,-5,5
4943,53,55,-2,2
4944,268,268,0,0
4945,66,63,3,3
4946,130,121,9,9
4947,115,113,2,2
4948,157,159,-2,2
4949,50,58,-8,8
4950,75,74,1,1
4951,79,72,7,7
4952,85,81,4,4
4953,42,66,-24,24
4954,85,75,10,10
4955,95,93,2,2
4956,72,77,-5,5
4957,90,100,-10,10
4958,81,77,4,4
4959,109,112,-3,3
4960,146,158,-12,12
4961,131,122,9,9
4962,138,131,7,7
4963,32,54,-22,22
4964,86,87,-1,1
4965,76,81,-5,5
4966,73,78,-5,5
4967,132,130,2,2
4968,136,138,-2,2
4969,36,51,-15,15
4970,40,50,-10,10
4971,62,61,1,1
4972,99,105,-6,6
4973,63,75,-12,12
4974,90,79,11,11
4975,63,74,-11,11
4976,63,67,-4,4
4977,73,83,-10,10
4978,73,75,-2,2
4979,120,121,-1,1
4980,161,151,10,10
4981,74,69,5,5
4982,74,65,9,9
4983,49,52,-3,3
4984,157,147,10,10
4985,123,123,0,0
4986,91,85,6,6
4987,115,103,12,12
4988,85,84,1,1
4989,66,68,-2,2
4990,102,96,6,6
4991,98,95,3,3
4992,100,95,5,5
4993,105,123,-18,18
4994,84,95,-11,11
4995,95,89,6,6
4996,108,98,10,10
4997,62,58,4,4
4998,116,118,-2,2
4999,79,71,8,8
5000,73,64,9,9
5001,50,60,-10,10
5002,97,93,4,4
5003,145,133,12,12
5004,152,142,10,10
5005,134,126,8,8
5006,110,102,8,8
5007,114,111,3,3
5008,72,63,9,9
5009,113,107,6,6
5010,58,62,-4,4
5011,50,46,4,4
5012,29,46,-17,17
5013,71,68,3,3
5014,90,97,-7,7
5015,140,134,6,6
5016,123,119,4,4
5017,131,126,5,5
5018,50,51,-1,1
5019,82,81,1,1
5020,77,83,-6,6
5021,98,90,8,8
5022,83,74,9,9
5023,88,81,7,7
5024,122,109,13,13
5025,87,84,3,3
5026,107,106,1,1
5027,75,79,-4,4
5028,89,93,-4,4
5029,124,131,-7,7
5030,105,101,4,4
5031,62,59,3,3
5032,125,113,12,12
5033,94,90,4,4
5034,91,94,-3,3
5035,74,85,-11,11
5036,82,93,-11,11
5037,60,57,3,3
5038,69,69,0,0
5039,132,128,4,4
5040,76,76,0,0
5041,169,168,1,1
5042,101,101,0,0
5043,167,163,4,4
5044,79,81,-2,2
5045,78,90,-12,12
5046,61,62,-1,1
5047,137,121,16,16
5048,116,104,12,12
5049,77,83,-6,6
5050,76,75,1,1
5051,157,167,-10,10
5052,90,101,-11,11
5053,79,72,7,7
5054,131,117,14,14
5055,118,102,16,16
5056,110,99,11,11
5057,151,139,12,12
5058,159,162,-3,3
5059,95,98,-3,3
5060,78,74,4,4
5061,107,116,-9,9
5062,131,128,3,3
5063,87,92,-5,5
5064,42,49,-7,7
5065,66,71,-5,5
5066,101,100,1,1
5067,140,135,5,5
5068,66,60,6,6
5069,43,49,-6,6
5070,100,98,2,2
5071,120,103,17,17
5072,76,62,14,14
5073,121,128,-7,7
5074,78,79,-1,1
5075,121,120,1,1
5076,51,55,-4,4
5077,101,106,-5,5
5078,136,136,0,0
5079,107,119,-12,12
5080,106,109,-3,3
5081,116,110,6,6
5082,89,87,2,2
5083,65,66,-1,1
5084,154,147,7,7
5085,130,126,4,4
5086,98,89,9,9
5087,75,88,-13,13
5088,81,79,2,2
5089,82,86,-4,4
5090,86,91,-5,5
5091,93,95,-2,2
5092,73,78,-5,5
5093,76,80,-4,4
5094,166,166,0,0
5095,98,98,0,0
5096,120,106,14,14
5097,67,71,-4,4
5098,81,79,2,2
5099,170,171,-1,1
5100,40,50,-10,10
5101,101,96,5,5
5102,80,79,1,1
5103,121,105,16,16
5104,58,54,4,4
5105,115,108,7,7
5106,63,62,1,1
5107,87,88,-1,1
5108,148,158,-10,10
5109,102,101,1,1
5110,79,76,3,3
5111,118,107,11,11
5112,92,92,0,0
5113,110,111,-1,1
5114,131,133,-2,2
5115,139,151,-12,12
5116,68,75,-7,7
5117,122,125,-3,3
5118,140,132,8,8
5119,124,117,7,7
5120,103,92,11,11
5121,59,73,-14,14
5122,80,85,-5,5
5123,131,126,5,5
5124,104,100,4,4
5125,155,145,10,10
5126,89,89,0,0
5127,68,84,-16,16
5128,79,79,0,0
5129,110,109,1,1
5130,54,58,-4,4
5131,121,139,-18,18
5132,101,103,-2,2
5133,109,114,-5,5
5134,100,96,4,4
5135,132,132,0,0
5136,71,72,-1,1
5137,89,88,1,1
5138,92,88,4,4
5139,91,90,1,1
5140,117,105,12,12
5141,100,99,1,1
5142,118,108,10,10
5143,160,135,25,25
5144,121,113,8,8
5145,88,94,-6,6
5146,152,153,-1,1
5147,56,56,0,0
5148,51,66,-15,15
5149,110,94,16,16
5150,79,81,-2,2
5151,68,74,-6,6
5152,52,55,-3,3
5153,129,133,-4,4
5154,81,75,6,6
5155,39,48,-9,9
5156,55,118,-63,63
5157,53,57,-4,4
5158,92,94,-2,2
5159,72,76,-4,4
5160,103,103,0,0
5161,141,130,11,11
5162,82,86,-4,4
5163,69,73,-4,4
5164,168,162,6,6
5165,65,67,-2,2
5166,76,78,-2,2
5167,104,101,3,3
5168,89,91,-2,2
5169,101,105,-4,4
5170,53,58,-5,5
5171,105,101,4,4
5172,90,82,8,8
5173,116,109,7,7
5174,137,130,7,7
5175,126,114,12,12
5176,43,49,-6,6
5177,65,71,-6,6
5178,76,78,-2,2
5179,104,100,4,4
5180,88,81,7,7
5181,75,71,4,4
5182,82,80,2,2
5183,40,56,-16,16
5184,77,76,1,1
5185,66,67,-1,1
5186,154,140,14,14
5187,86,82,4,4
5188,112,124,-12,12
5189,93,94,-1,1
5190,130,152,-22,22
5191,177,173,4,4
5192,148,141,7,7
5193,80,81,-1,1
5194,58,55,3,3
5195,115,107,8,8
5196,118,113,5,5
5197,66,61,5,5
5198,161,155,6,6
5199,80,83,-3,3
5200,105,99,6,6
5201,56,55,1,1
5202,66,68,-2,2
5203,93,92,1,1
5204,105,101,4,4
5205,96,93,3,3
5206,62,62,0,0
5207,68,75,-7,7
5208,83,77,6,6
5209,110,110,0,0
5210,109,111,-2,2
5211,147,138,9,9
5212,68,62,6,6
5213,121,111,10,10
5214,128,136,-8,8
5215,136,129,7,7
5216,110,100,10,10
5217,84,72,12,12
5218,93,93,0,0
5219,68,72,-4,4
5220,88,91,-3,3
5221,89,98,-9,9
5222,134,139,-5,5
5223,128,126,2,2
5224,79,79,0,0
5225,66,64,2,2
5226,58,57,1,1
5227,58,77,-19,19
5228,69,68,1,1
5229,56,60,-4,4
5230,85,87,-2,2
5231,73,74,-1,1
5232,97,92,5,5
5233,100,83,17,17
5234,82,69,13,13
5235,65,66,-1,1
5236,90,96,-6,6
5237,66,85,-19,19
5238,58,59,-1,1
5239,62,102,-40,40
5240,50,51,-1,1
5241,84,78,6,6
5242,82,82,0,0
5243,147,155,-8,8
5244,91,84,7,7
5245,95,92,3,3
5246,121,118,3,3
5247,56,60,-4,4
5248,54,52,2,2
5249,103,102,1,1
5250,86,71,15,15
5251,85,78,7,7
5252,97,81,16,16
5253,92,76,16,16
5254,59,61,-2,2
5255,115,111,4,4
5256,116,115,1,1
5257,101,99,2,2
5258,120,99,21,21
5259,164,150,14,14
5260,55,51,4,4
5261,91,96,-5,5
5262,75,80,-5,5
5263,121,122,-1,1
5264,57,58,-1,1
5265,38,57,-19,19
5266,92,85,7,7
5267,67,69,-2,2
5268,120,117,3,3
5269,83,81,2,2
5270,138,143,-5,5
5271,169,159,10,10
5272,59,68,-9,9
5273,47,57,-10,10
5274,46,57,-11,11
5275,123,133,-10,10
5276,142,139,3,3
5277,80,87,-7,7
5278,31,56,-25,25
5279,128,129,-1,1
5280,112,100,12,12
5281,98,106,-8,8
5282,55,59,-4,4
5283,110,98,12,12
5284,91,92,-1,1
5285,112,93,19,19
5286,115,112,3,3
5287,73,69,4,4
5288,106,105,1,1
5289,93,89,4,4
5290,166,167,-1,1
5291,128,140,-12,12
5292,112,109,3,3
5293,89,81,8,8
5294,74,75,-1,1
5295,106,122,-16,16
5296,72,72,0,0
5297,78,75,3,3
5298,92,91,1,1
5299,140,130,10,10
5300,103,99,4,4
5301,102,114,-12,12
5302,63,76,-13,13
5303,169,158,11,11
5304,78,77,1,1
5305,132,129,3,3
5306,50,69,-19,19
5307,127,116,11,11
5308,138,113,25,25
5309,61,55,6,6
5310,87,88,-1,1
5311,109,114,-5,5
5312,77,78,-1,1
5313,92,105,-13,13
5314,84,81,3,3
5315,140,127,13,13
5316,79,85,-6,6
5317,87,81,6,6
5318,76,77,-1,1
5319,54,61,-7,7
5320,77,86,-9,9
5321,28,60,-32,32
5322,85,75,10,10
5323,41,54,-13,13
5324,78,83,-5,5
5325,117,107,10,10
5326,99,102,-3,3
5327,130,129,1,1
5328,58,62,-4,4
5329,76,77,-1,1
5330,72,77,-5,5
5331,72,70,2,2
5332,130,117,13,13
5333,85,94,-9,9
5334,74,77,-3,3
5335,117,105,12,12
5336,105,112,-7,7
5337,114,111,3,3
5338,94,91,3,3
5339,127,125,2,2
5340,100,94,6,6
5341,100,103,-3,3
5342,114,109,5,5
5343,137,151,-14,14
5344,141,135,6,6
5345,186,175,11,11
5346,49,54,-5,5
5347,71,69,2,2
5348,144,143,1,1
5349,108,87,21,21
5350,102,90,12,12
5351,129,127,2,2
5352,123,119,4,4
5353,48,52,-4,4
5354,70,67,3,3
5355,81,82,-1,1
5356,72,78,-6,6
5357,76,77,-1,1
5358,114,126,-12,12
5359,130,125,5,5
5360,113,124,-11,11
5361,57,58,-1,1
5362,77,79,-2,2
5363,117,115,2,2
5364,79,74,5,5
5365,87,93,-6,6
5366,99,97,2,2
5367,211,200,11,11
5368,92,82,10,10
5369,119,111,8,8
5370,54,63,-9,9
5371,111,101,10,10
5372,67,67,0,0
5373,185,187,-2,2
5374,68,77,-9,9
5375,190,170,20,20
5376,124,121,3,3
5377,80,91,-11,11
5378,78,77,1,1
5379,92,103,-11,11
5380,70,69,1,1
5381,51,64,-13,13
5382,89,92,-3,3
5383,82,89,-7,7
5384,83,80,3,3
5385,204,188,16,16
5386,114,109,5,5
5387,62,63,-1,1
5388,100,88,12,12
5389,143,161,-18,18
5390,89,87,2,2
5391,123,132,-9,9
5392,150,148,2,2
5393,135,113,22,22
5394,114,120,-6,6
5395,94,101,-7,7
5396,158,151,7,7
5397,58,67,-9,9
5398,94,103,-9,9
5399,59,61,-2,2
5400,81,97,-16,16
5401,70,73,-3,3
5402,79,79,0,0
5403,49,55,-6,6
5404,85,77,8,8
5405,85,79,6,6
5406,55,54,1,1
5407,97,99,-2,2
5408,95,96,-1,1
5409,129,121,8,8
5410,53,59,-6,6
5411,109,113,-4,4
5412,92,96,-4,4
5413,122,102,20,20
5414,102,104,-2,2
5415,98,113,-15,15
5416,68,78,-10,10
5417,108,103,5,5
5418,92,88,4,4
5419,95,90,5,5
5420,65,62,3,3
5421,27,47,-20,20
5422,62,64,-2,2
5423,109,107,2,2
5424,72,75,-3,3
5425,58,58,0,0
5426,121,111,10,10
5427,101,96,5,5
5428,63,68,-5,5
5429,38,48,-10,10
5430,145,140,5,5
5431,103,104,-1,1
5432,215,227,-12,12
5433,122,113,9,9
5434,90,94,-4,4
5435,67,66,1,1
5436,98,103,-5,5
5437,106,114,-8,8
5438,119,121,-2,2
5439,93,91,2,2
5440,48,61,-13,13
5441,87,84,3,3
5442,108,115,-7,7
5443,72,66,6,6
5444,124,122,2,2
5445,114,116,-2,2
5446,43,53,-10,10
5447,109,107,2,2
5448,99,104,-5,5
5449,116,108,8,8
5450,72,90,-18,18
5451,122,135,-13,13
5452,98,99,-1,1
5453,144,154,-10,10
5454,78,70,8,8
5455,70,66,4,4
5456,114,110,4,4
5457,137,136,1,1
5458,113,105,8,8
5459,115,103,12,12
5460,85,86,-1,1
5461,63,61,2,2
5462,114,119,-5,5
5463,88,88,0,0
5464,125,114,11,11
5465,116,117,-1,1
5466,150,123,27,27
5467,78,77,1,1
5468,75,73,2,2
5469,81,84,-3,3
5470,116,128,-12,12
5471,64,64,0,0
5472,93,96,-3,3
5473,96,90,6,6
5474,147,152,-5,5
5475,77,74,3,3
5476,139,139,0,0
5477,64,64,0,0
5478,82,77,5,5
5479,70,74,-4,4
5480,142,139,3,3
5481,99,93,6,6
5482,64,63,1,1
5483,80,87,-7,7
5484,69,63,6,6
5485,64,65,-1,1
5486,99,99,0,0
5487,120,106,14,14
5488,80,77,3,3
5489,145,147,-2,2
5490,161,155,6,6
5491,86,93,-7,7
5492,123,125,-2,2
5493,91,88,3,3
5494,147,140,7,7
5495,92,89,3,3
5496,79,81,-2,2
5497,144,135,9,9
5498,72,70,2,2
5499,91,101,-10,10
5500,162,163,-1,1
5501,76,82,-6,6
5502,82,84,-2,2
5503,63,72,-9,9
5504,71,76,-5,5
5505,74,74,0,0
5506,152,145,7,7
5507,102,104,-2,2
5508,70,66,4,4
5509,46,54,-8,8
5510,85,97,-12,12
5511,81,83,-2,2
5512,85,85,0,0
5513,108,100,8,8
5514,124,122,2,2
5515,81,86,-5,5
5516,97,124,-27,27
5517,137,142,-5,5
5518,125,119,6,6
5519,90,96,-6,6
5520,83,80,3,3
5521,89,88,1,1
5522,124,114,10,10
5523,101,90,11,11
5524,103,104,-1,1
5525,61,63,-2,2
5526,85,76,9,9
5527,102,103,-1,1
5528,83,98,-15,15
5529,91,94,-3,3
5530,131,108,23,23
5531,150,140,10,10
5532,107,107,0,0
5533,115,117,-2,2
5534,126,126,0,0
5535,129,126,3,3
5536,95,90,5,5
5537,143,129,14,14
5538,115,117,-2,2
5539,85,80,5,5
5540,164,159,5,5
5541,95,92,3,3
5542,137,146,-9,9
5543,121,116,5,5
5544,83,81,2,2
5545,115,124,-9,9
5546,154,160,-6,6
5547,115,113,2,2
5548,88,82,6,6
5549,116,121,-5,5
5550,119,106,13,13
5551,30,46,-16,16
5552,100,92,8,8
5553,132,140,-8,8
5554,186,177,9,9
5555,82,86,-4,4
5556,176,144,32,32
5557,107,100,7,7
5558,89,80,9,9
5559,94,95,-1,1
5560,51,52,-1,1
5561,138,144,-6,6
5562,78,80,-2,2
5563,59,60,-1,1
5564,58,56,2,2
5565,67,66,1,1
5566,79,75,4,4
5567,54,54,0,0
5568,62,61,1,1
5569,83,80,3,3
5570,75,79,-4,4
5571,115,113,2,2
5572,114,116,-2,2
5573,126,111,15,15
5574,88,101,-13,13
5575,69,61,8,8
5576,38,58,-20,20
5577,71,69,2,2
5578,66,64,2,2
5579,62,60,2,2
5580,75,71,4,4
5581,59,57,2,2
5582,97,103,-6,6
5583,81,93,-12,12
5584,69,79,-10,10
5585,81,75,6,6
5586,101,103,-2,2
5587,97,90,7,7
5588,60,73,-13,13
5589,119,114,5,5
5590,113,140,-27,27
5591,130,116,14,14
5592,61,67,-6,6
5593,166,159,7,7
5594,51,58,-7,7
5595,140,137,3,3
5596,109,115,-6,6
5597,115,119,-4,4
5598,112,104,8,8
5599,89,87,2,2
5600,65,65,0,0
5601,97,100,-3,3
5602,81,84,-3,3
5603,59,60,-1,1
5604,52,51,1,1
5605,74,86,-12,12
5606,76,81,-5,5
5607,111,78,33,33
5608,112,112,0,0
5609,66,63,3,3
5610,96,92,4,4
5611,61,63,-2,2
5612,162,159,3,3
5613,120,111,9,9
5614,68,81,-13,13
5615,61,73,-12,12
5616,110,106,4,4
5617,114,121,-7,7
5618,41,49,-8,8
5619,63,54,9,9
5620,77,73,4,4
5621,92,84,8,8
5622,80,77,3,3
5623,40,52,-12,12
5624,56,59,-3,3
5625,72,73,-1,1
5626,123,112,11,11
5627,77,75,2,2
5628,107,108,-1,1
5629,112,111,1,1
5630,72,78,-6,6
5631,99,106,-7,7
5632,118,114,4,4
5633,77,73,4,4
5634,139,136,3,3
5635,84,82,2,2
5636,62,69,-7,7
5637,100,99,1,1
5638,80,76,4,4
5639,91,95,-4,4
5640,113,108,5,5
5641,45,52,-7,7
5642,71,65,6,6
5643,122,105,17,17
5644,53,55,-2,2
5645,78,89,-11,11
5646,65,62,3,3
5647,40,55,-15,15
5648,136,129,7,7
5649,120,113,7,7
5650,104,111,-7,7
5651,85,82,3,3
5652,89,86,3,3
5653,84,88,-4,4
5654,80,90,-10,10
5655,119,125,-6,6
5656,105,102,3,3
5657,61,73,-12,12
5658,53,65,-12,12
5659,69,75,-6,6
5660,83,79,4,4
5661,122,106,16,16
5662,88,85,3,3
5663,88,80,8,8
5664,104,108,-4,4
5665,94,89,5,5
5666,133,129,4,4
5667,53,61,-8,8
5668,73,76,-3,3
5669,92,95,-3,3
5670,92,88,4,4
5671,91,90,1,1
5672,82,83,-1,1
5673,87,91,-4,4
5674,135,127,8,8
5675,126,129,-3,3
5676,94,90,4,4
5677,55,57,-2,2
5678,104,96,8,8
5679,127,126,1,1
5680,135,136,-1,1
5681,145,131,14,14
5682,99,100,-1,1
5683,96,102,-6,6
5684,103,90,13,13
5685,32,50,-18,18
5686,74,75,-1,1
5687,109,94,15,15
5688,59,61,-2,2
5689,101,98,3,3
5690,69,66,3,3
5691,71,82,-11,11
5692,101,94,7,7
5693,129,134,-5,5
5694,114,115,-1,1
5695,73,64,9,9
5696,179,159,20,20
5697,81,80,1,1
5698,127,121,6,6
5699,129,131,-2,2
5700,57,54,3,3
5701,50,55,-5,5
5702,80,66,14,14
5703,116,115,1,1
5704,93,84,9,9
5705,164,145,19,19
5706,43,51,-8,8
5707,96,109,-13,13
5708,88,78,10,10
5709,66,58,8,8
5710,97,98,-1,1
5711,86,87,-1,1
5712,83,93,-10,10
5713,87,84,3,3
5714,61,66,-5,5
5715,81,83,-2,2
5716,164,159,5,5
5717,138,132,6,6
5718,115,118,-3,3
5719,86,89,-3,3
5720,118,143,-25,25
5721,67,65,2,2
5722,87,93,-6,6
5723,74,67,7,7
5724,51,61,-10,10
5725,67,66,1,1
5726,84,78,6,6
5727,94,92,2,2
5728,69,66,3,3
5729,115,120,-5,5
5730,48,55,-7,7
5731,77,73,4,4
5732,81,79,2,2
5733,110,117,-7,7
5734,74,90,-16,16
5735,54,62,-8,8
5736,84,86,-2,2
5737,70,75,-5,5
5738,64,65,-1,1
5739,80,85,-5,5
5740,78,71,7,7
5741,83,92,-9,9
5742,81,79,2,2
5743,34,50,-16,16
5744,149,164,-15,15
5745,50,54,-4,4
5746,57,59,-2,2
5747,75,76,-1,1
5748,139,128,11,11
5749,48,52,-4,4
5750,61,63,-2,2
5751,96,89,7,7
5752,64,59,5,5
5753,90,98,-8,8
5754,81,84,-3,3
5755,119,128,-9,9
5756,129,126,3,3
5757,111,118,-7,7
5758,79,80,-1,1
5759,107,102,5,5
5760,77,84,-7,7
5761,67,65,2,2
5762,103,93,10,10
5763,60,62,-2,2
5764,115,119,-4,4
5765,62,56,6,6
5766,71,75,-4,4
5767,67,78,-11,11
5768,46,49,-3,3
5769,52,55,-3,3
5770,55,62,-7,7
5771,95,88,7,7
5772,119,105,14,14
5773,156,167,-11,11
5774,89,81,8,8
5775,130,111,19,19
5776,149,140,9,9
5777,53,64,-11,11
5778,103,101,2,2
5779,181,164,17,17
5780,88,87,1,1
5781,91,87,4,4
5782,79,73,6,6
5783,64,81,-17,17
5784,85,92,-7,7
5785,45,52,-7,7
5786,72,72,0,0
5787,118,111,7,7
5788,54,52,2,2
5789,98,101,-3,3
5790,79,83,-4,4
5791,63,66,-3,3
5792,27,44,-17,17
5793,142,137,5,5
5794,67,67,0,0
5795,146,142,4,4
5796,80,87,-7,7
5797,68,83,-15,15
5798,92,97,-5,5
5799,48,54,-6,6
5800,117,101,16,16
5801,98,98,0,0
5802,73,74,-1,1
5803,84,83,1,1
5804,95,91,4,4
5805,120,121,-1,1
5806,151,163,-12,12
5807,50,52,-2,2
5808,93,92,1,1
5809,150,147,3,3
5810,65,78,-13,13
5811,76,79,-3,3
5812,69,74,-5,5
5813,91,86,5,5
5814,81,84,-3,3
5815,92,88,4,4
5816,127,143,-16,16
5817,100,96,4,4
5818,98,97,1,1
5819,109,105,4,4
5820,69,72,-3,3
5821,94,101,-7,7
5822,156,142,14,14
5823,82,91,-9,9
5824,62,73,-11,11
5825,56,55,1,1
5826,44,53,-9,9
5827,134,101,33,33
5828,75,74,1,1
5829,88,89,-1,1
5830,63,67,-4,4
5831,106,107,-1,1
5832,121,108,13,13
5833,94,99,-5,5
5834,89,97,-8,8
5835,45,54,-9,9
5836,76,81,-5,5
5837,85,87,-2,2
5838,129,136,-7,7
5839,113,109,4,4
5840,127,121,6,6
5841,129,151,-22,22
5842,92,90,2,2
5843,60,56,4,4
5844,91,76,15,15
5845,90,85,5,5
5846,143,144,-1,1
5847,79,77,2,2
5848,118,165,-47,47
5849,65,65,0,0
5850,88,79,9,9
5851,102,104,-2,2
5852,67,67,0,0
5853,104,98,6,6
5854,164,160,4,4
5855,145,141,4,4
5856,51,49,2,2
5857,35,53,-18,18
5858,125,121,4,4
5859,78,82,-4,4
5860,110,107,3,3
5861,133,133,0,0
5862,92,94,-2,2
5863,89,92,-3,3
5864,66,65,1,1
5865,96,99,-3,3
5866,74,70,4,4
5867,21,48,-27,27
5868,52,55,-3,3
5869,49,55,-6,6
5870,133,144,-11,11
5871,56,58,-2,2
5872,48,50,-2,2
5873,53,53,0,0
5874,86,87,-1,1
5875,81,96,-15,15
5876,139,141,-2,2
5877,111,127,-16,16
5878,118,124,-6,6
5879,61,63,-2,2
5880,88,96,-8,8
5881,58,57,1,1
5882,91,85,6,6
5883,110,109,1,1
5884,118,96,22,22
5885,109,102,7,7
5886,52,58,-6,6
5887,69,70,-1,1
5888,144,130,14,14
5889,87,85,2,2
5890,153,137,16,16
5891,49,56,-7,7
5892,106,115,-9,9
5893,85,85,0,0
5894,95,93,2,2
5895,99,98,1,1
5896,154,152,2,2
5897,64,76,-12,12
5898,74,74,0,0
5899,94,85,9,9
5900,83,68,15,15
5901,66,65,1,1
5902,48,57,-9,9
5903,87,99,-12,12
5904,28,54,-26,26
5905,63,58,5,5
5906,117,116,1,1
5907,169,164,5,5
5908,54,59,-5,5
5909,118,117,1,1
5910,77,72,5,5
5911,87,88,-1,1
5912,259,236,23,23
5913,116,124,-8,8
5914,141,133,8,8
5915,63,72,-9,9
5916,194,177,17,17
5917,58,72,-14,14
5918,117,114,3,3
5919,101,101,0,0
5920,128,128,0,0
5921,99,88,11,11
5922,122,108,14,14
5923,146,142,4,4
5924,117,106,11,11
5925,85,90,-5,5
5926,156,151,5,5
5927,85,85,0,0
5928,149,155,-6,6
5929,62,67,-5,5
5930,133,135,-2,2
5931,76,78,-2,2
5932,67,67,0,0
5933,125,144,-19,19
5934,73,70,3,3
5935,106,98,8,8
5936,98,96,2,2
5937,113,112,1,1
5938,151,150,1,1
5939,91,88,3,3
5940,115,125,-10,10
5941,99,103,-4,4
5942,51,60,-9,9
5943,102,109,-7,7
5944,123,119,4,4
5945,71,69,2,2
5946,116,117,-1,1
5947,118,117,1,1
5948,151,163,-12,12
5949,93,83,10,10
5950,77,82,-5,5
5951,52,52,0,0
5952,88,86,2,2
5953,56,62,-6,6
5954,152,166,-14,14
5955,129,132,-3,3
5956,75,79,-4,4
5957,98,93,5,5
5958,149,153,-4,4
5959,73,70,3,3
5960,96,109,-13,13
5961,145,146,-1,1
5962,88,84,4,4
5963,159,148,11,11
5964,178,167,11,11
5965,81,88,-7,7
5966,142,132,10,10
5967,97,92,5,5
5968,145,144,1,1
5969,91,90,1,1
5970,85,70,15,15
5971,87,74,13,13
5972,90,77,13,13
5973,68,70,-2,2
5974,94,90,4,4
5975,101,96,5,5
5976,92,83,9,9
5977,71,77,-6,6
5978,113,110,3,3
5979,102,102,0,0
5980,114,120,-6,6
5981,97,93,4,4
5982,47,54,-7,7
5983,60,62,-2,2
5984,135,132,3,3
5985,58,59,-1,1
5986,206,180,26,26
5987,68,71,-3,3
5988,42,49,-7,7
5989,73,62,11,11
5990,83,75,8,8
5991,72,67,5,5
5992,111,76,35,35
5993,58,55,3,3
5994,130,143,-13,13
5995,111,111,0,0
5996,140,151,-11,11
5997,95,97,-2,2
5998,96,97,-1,1
5999,91,89,2,2
6000,79,80,-1,1
6001,74,71,3,3
6002,169,156,13,13
6003,117,119,-2,2
6004,78,60,18,18
6005,115,119,-4,4
6006,44,51,-7,7
6007,103,114,-11,11
6008,78,99,-21,21
6009,49,53,-4,4
6010,126,131,-5,5
6011,93,85,8,8
6012,140,141,-1,1
6013,85,92,-7,7
6014,116,128,-12,12
6015,83,76,7,7
6016,96,103,-7,7
6017,143,130,13,13
6018,74,80,-6,6
6019,92,96,-4,4
6020,63,60,3,3
6021,49,62,-13,13
6022,144,145,-1,1
6023,54,65,-11,11
6024,116,161,-45,45
6025,66,76,-10,10
6026,56,59,-3,3
6027,56,90,-34,34
6028,107,111,-4,4
6029,140,137,3,3
6030,92,100,-8,8
6031,76,84,-8,8
6032,90,96,-6,6
6033,138,142,-4,4
6034,71,68,3,3
6035,89,101,-12,12
6036,66,56,10,10
6037,60,59,1,1
6038,116,128,-12,12
6039,179,181,-2,2
6040,90,82,8,8
6041,116,124,-8,8
6042,89,89,0,0
6043,95,89,6,6
6044,85,76,9,9
6045,53,54,-1,1
6046,166,165,1,1
6047,43,49,-6,6
6048,119,127,-8,8
6049,105,119,-14,14
6050,121,114,7,7
6051,73,73,0,0
6052,67,64,3,3
6053,119,122,-3,3
6054,106,108,-2,2
6055,72,67,5,5
6056,75,71,4,4
6057,70,76,-6,6
6058,143,132,11,11
6059,83,79,4,4
6060,83,77,6,6
6061,46,59,-13,13
6062,47,51,-4,4
6063,119,118,1,1
6064,108,98,10,10
6065,43,64,-21,21
6066,64,61,3,3
6067,83,87,-4,4
6068,141,135,6,6
6069,107,105,2,2
6070,35,58,-23,23
6071,119,119,0,0
6072,88,81,7,7
6073,77,83,-6,6
6074,75,71,4,4
6075,140,138,2,2
6076,66,65,1,1
6077,121,129,-8,8
6078,47,56,-9,9
6079,68,72,-4,4
6080,112,103,9,9
6081,178,164,14,14
6082,87,94,-7,7
6083,164,152,12,12
6084,79,83,-4,4
6085,71,69,2,2
6086,111,129,-18,18
6087,78,83,-5,5
6088,160,169,-9,9
6089,98,99,-1,1
6090,115,159,-44,44
6091,95,107,-12,12
6092,65,66,-1,1
6093,159,162,-3,3
6094,85,85,0,0
6095,69,66,3,3
6096,116,117,-1,1
6097,55,60,-5,5
6098,96,97,-1,1
6099,94,87,7,7
6100,72,69,3,3
6101,94,85,9,9
6102,124,138,-14,14
6103,62,64,-2,2
6104,79,69,10,10
6105,146,137,9,9
6106,42,50,-8,8
6107,85,82,3,3
6108,100,89,11,11
6109,131,115,16,16
6110,72,78,-6,6
6111,49,57,-8,8
6112,116,108,8,8
6113,102,100,2,2
6114,135,135,0,0
6115,138,131,7,7
6116,40,56,-16,16
6117,104,100,4,4
6118,99,95,4,4
6119,50,51,-1,1
6120,108,104,4,4
6121,106,106,0,0
6122,93,87,6,6
6123,155,155,0,0
6124,127,125,2,2
6125,78,79,-1,1
6126,87,87,0,0
6127,73,74,-1,1
6128,92,94,-2,2
6129,86,82,4,4
6130,117,115,2,2
6131,65,59,6,6
6132,44,47,-3,3
6133,142,140,2,2
6134,83,89,-6,6
6135,104,99,5,5
6136,119,110,9,9
6137,112,110,2,2
6138,96,85,11,11
6139,58,64,-6,6
6140,44,59,-15,15
6141,107,111,-4,4
6142,115,117,-2,2
6143,87,90,-3,3
6144,102,99,3,3
6145,89,87,2,2
6146,119,116,3,3
6147,101,96,5,5
6148,55,56,-1,1
6149,92,85,7,7
6150,108,98,10,10
6151,57,59,-2,2
6152,119,113,6,6
6153,133,132,1,1
6154,80,83,-3,3
6155,66,70,-4,4
6156,114,105,9,9
6157,111,116,-5,5
6158,140,134,6,6
6159,108,87,21,21
6160,89,96,-7,7
6161,88,78,10,10
6162,76,82,-6,6
6163,80,79,1,1
6164,98,89,9,9
6165,73,69,4,4
6166,136,131,5,5
6167,50,58,-8,8
6168,88,98,-10,10
6169,69,70,-1,1
6170,151,147,4,4
6171,66,59,7,7
6172,73,72,1,1
6173,65,62,3,3
6174,72,74,-2,2
6175,52,51,1,1
6176,108,90,18,18
6177,86,82,4,4
6178,34,60,-26,26
6179,183,183,0,0
6180,54,53,1,1
6181,122,129,-7,7
6182,64,67,-3,3
6183,75,77,-2,2
6184,105,94,11,11
6185,65,71,-6,6
6186,84,93,-9,9
6187,101,100,1,1
6188,117,112,5,5
6189,148,149,-1,1
6190,66,63,3,3
6191,106,113,-7,7
6192,147,130,17,17
6193,108,112,-4,4
6194,133,109,24,24
6195,42,53,-11,11
6196,67,61,6,6
6197,117,111,6,6
6198,127,138,-11,11
6199,84,83,1,1
6200,72,67,5,5
6201,77,76,1,1
6202,83,79,4,4
6203,77,91,-14,14
6204,133,132,1,1
6205,61,69,-8,8
6206,75,82,-7,7
6207,81,78,3,3
6208,95,93,2,2
6209,115,111,4,4
6210,106,95,11,11
6211,85,74,11,11
6212,89,89,0,0
6213,103,100,3,3
6214,78,75,3,3
6215,83,80,3,3
6216,128,114,14,14
6217,64,70,-6,6
6218,87,82,5,5
6219,108,95,13,13
6220,108,107,1,1
6221,77,76,1,1
6222,65,72,-7,7
6223,56,58,-2,2
6224,69,64,5,5
6225,83,79,4,4
6226,93,96,-3,3
6227,85,84,1,1
6228,177,178,-1,1
6229,52,52,0,0
6230,35,52,-17,17
6231,128,115,13,13
6232,98,95,3,3
6233,83,78,5,5
6234,67,64,3,3
6235,102,102,0,0
6236,115,116,-1,1
6237,103,96,7,7
6238,99,99,0,0
6239,100,99,1,1
6240,148,132,16,16
6241,67,67,0,0
6242,131,129,2,2
6243,76,76,0,0
6244,91,90,1,1
6245,110,91,19,19
6246,133,136,-3,3
6247,77,88,-11,11
6248,151,155,-4,4
6249,130,139,-9,9
6250,80,88,-8,8
6251,86,89,-3,3
6252,117,125,-8,8
6253,72,71,1,1
6254,104,107,-3,3
6255,108,101,7,7
6256,103,105,-2,2
6257,57,62,-5,5
6258,30,48,-18,18
6259,70,72,-2,2
6260,93,108,-15,15
6261,75,72,3,3
6262,46,53,-7,7
6263,169,141,28,28
6264,88,86,2,2
6265,71,76,-5,5
6266,97,100,-3,3
6267,133,124,9,9
6268,77,81,-4,4
6269,93,95,-2,2
6270,52,66,-14,14
6271,124,136,-12,12
6272,60,88,-28,28
6273,53,59,-6,6
6274,98,97,1,1
6275,105,90,15,15
6276,92,87,5,5
6277,106,100,6,6
6278,55,62,-7,7
6279,94,98,-4,4
6280,94,85,9,9
6281,67,68,-1,1
6282,109,98,11,11
6283,61,65,-4,4
6284,49,58,-9,9
6285,99,93,6,6
6286,109,99,10,10
6287,73,67,6,6
6288,107,104,3,3
6289,82,78,4,4
6290,122,116,6,6
6291,50,49,1,1
6292,102,96,6,6
6293,99,95,4,4
6294,40,47,-7,7
6295,61,58,3,3
6296,94,96,-2,2
6297,55,60,-5,5
6298,66,64,2,2
6299,58,64,-6,6
6300,139,152,-13,13
6301,104,89,15,15
6302,74,70,4,4
6303,77,69,8,8
6304,77,70,7,7
6305,91,91,0,0
6306,74,74,0,0
6307,63,61,2,2
6308,56,58,-2,2
6309,103,113,-10,10
6310,83,84,-1,1
6311,69,74,-5,5
6312,165,152,13,13
6313,109,110,-1,1
6314,93,81,12,12
6315,123,124,-1,1
6316,142,141,1,1
6317,71,63,8,8
6318,102,102,0,0
6319,81,80,1,1
6320,178,159,19,19
6321,75,66,9,9
6322,68,66,2,2
6323,135,128,7,7
6324,103,106,-3,3
6325,108,108,0,0
6326,62,76,-14,14
6327,95,99,-4,4
6328,114,107,7,7
6329,120,120,0,0
6330,124,129,-5,5
6331,90,92,-2,2
6332,29,57,-28,28
6333,69,72,-3,3
6334,61,69,-8,8
6335,85,79,6,6
6336,83,91,-8,8
6337,122,111,11,11
6338,148,141,7,7
6339,108,98,10,10
6340,96,101,-5,5
6341,75,75,0,0
6342,101,112,-11,11
6343,81,76,5,5
6344,98,102,-4,4
6345,95,91,4,4
6346,100,96,4,4
6347,96,99,-3,3
6348,161,177,-16,16
6349,84,83,1,1
6350,55,57,-2,2
6351,59,63,-4,4
6352,124,124,0,0
6353,137,137,0,0
6354,118,114,4,4
6355,144,127,17,17
6356,182,176,6,6
6357,126,120,6,6
6358,127,117,10,10
6359,111,109,2,2
6360,92,90,2,2
6361,106,102,4,4
6362,74,79,-5,5
6363,68,83,-15,15
6364,108,117,-9,9
6365,95,88,7,7
6366,103,105,-2,2
6367,81,82,-1,1
6368,86,89,-3,3
6369,170,156,14,14
6370,50,54,-4,4
6371,51,55,-4,4
6372,94,85,9,9
6373,146,160,-14,14
6374,74,74,0,0
6375,100,92,8,8
6376,128,110,18,18
6377,74,68,6,6
6378,108,111,-3,3
6379,77,80,-3,3
6380,63,65,-2,2
6381,50,50,0,0
6382,109,106,3,3
6383,52,57,-5,5
6384,68,78,-10,10
6385,90,96,-6,6
6386,80,87,-7,7
6387,55,64,-9,9
6388,103,93,10,10
6389,84,87,-3,3
6390,90,79,11,11
6391,66,72,-6,6
6392,167,166,1,1
6393,82,83,-1,1
6394,73,72,1,1
6395,86,92,-6,6
6396,71,75,-4,4
6397,80,83,-3,3
6398,92,96,-4,4
6399,117,106,11,11
6400,51,60,-9,9
6401,94,95,-1,1
6402,84,82,2,2
6403,135,138,-3,3
6404,66,72,-6,6
6405,151,148,3,3
6406,92,93,-1,1
6407,102,99,3,3
6408,116,105,11,11
6409,50,60,-10,10
6410,88,93,-5,5
6411,119,114,5,5
6412,107,109,-2,2
6413,93,101,-8,8
6414,142,135,7,7
6415,52,51,1,1
6416,115,118,-3,3
6417,52,53,-1,1
6418,56,60,-4,4
6419,152,134,18,18
6420,83,73,10,10
6421,62,62,0,0
6422,64,76,-12,12
6423,119,111,8,8
6424,157,142,15,15
6425,51,60,-9,9
6426,118,119,-1,1
6427,58,65,-7,7
6428,94,89,5,5
6429,45,54,-9,9
6430,120,112,8,8
6431,88,88,0,0
6432,84,90,-6,6
6433,131,132,-1,1
6434,98,93,5,5
6435,50,48,2,2
6436,88,86,2,2
6437,101,118,-17,17
6438,78,73,5,5
6439,40,61,-21,21
6440,103,113,-10,10
6441,96,88,8,8
6442,83,84,-1,1
6443,93,92,1,1
6444,82,75,7,7
6445,103,100,3,3
6446,41,64,-23,23
6447,39,49,-10,10
6448,60,54,6,6
6449,137,129,8,8
6450,46,57,-11,11
6451,51,53,-2,2
6452,82,88,-6,6
6453,131,119,12,12
6454,66,73,-7,7
6455,76,72,4,4
6456,204,191,13,13
6457,106,107,-1,1
6458,72,73,-1,1
6459,145,146,-1,1
6460,80,77,3,3
6461,89,92,-3,3
6462,148,146,2,2
6463,141,127,14,14
6464,59,62,-3,3
6465,51,50,1,1
6466,88,82,6,6
6467,77,82,-5,5
6468,103,103,0,0
6469,94,86,8,8
6470,92,83,9,9
6471,82,77,5,5
6472,89,97,-8,8
6473,72,73,-1,1
6474,135,132,3,3
6475,135,128,7,7
6476,85,82,3,3
6477,63,66,-3,3
6478,173,170,3,3
6479,108,107,1,1
6480,141,119,22,22
6481,85,88,-3,3
6482,144,143,1,1
6483,66,65,1,1
6484,86,90,-4,4
6485,84,73,11,11
6486,107,102,5,5
6487,60,60,0,0
6488,62,69,-7,7
6489,174,176,-2,2
6490,68,59,9,9
6491,74,80,-6,6
6492,67,68,-1,1
6493,72,64,8,8
6494,117,109,8,8
6495,93,119,-26,26
6496,69,77,-8,8
6497,75,73,2,2
6498,84,80,4,4
6499,101,105,-4,4
6500,78,78,0,0
6501,202,198,4,4
6502,97,110,-13,13
6503,79,77,2,2
6504,97,104,-7,7
6505,60,70,-10,10
6506,58,58,0,0
6507,113,118,-5,5
6508,63,65,-2,2
6509,79,82,-3,3
6510,94,92,2,2
6511,129,130,-1,1
6512,142,142,0,0
6513,96,94,2,2
6514,83,77,6,6
6515,137,129,8,8
6516,99,93,6,6
6517,92,94,-2,2
6518,92,101,-9,9
6519,69,67,2,2
6520,126,141,-15,15
6521,148,162,-14,14
6522,90,90,0,0
6523,94,90,4,4
6524,111,111,0,0
6525,86,91,-5,5
6526,49,66,-17,17
6527,124,118,6,6
6528,107,110,-3,3
6529,129,126,3,3
6530,58,53,5,5
6531,70,69,1,1
6532,70,76,-6,6
6533,91,84,7,7
6534,86,73,13,13
6535,102,104,-2,2
6536,83,88,-5,5
6537,119,120,-1,1
6538,76,75,1,1
6539,49,55,-6,6
6540,94,81,13,13
6541,124,108,16,16
6542,65,62,3,3
6543,96,108,-12,12
6544,170,172,-2,2
6545,68,74,-6,6
6546,28,51,-23,23
6547,135,139,-4,4
6548,151,130,21,21
6549,80,85,-5,5
6550,79,95,-16,16
6551,68,82,-14,14
6552,118,107,11,11
6553,73,73,0,0
6554,104,115,-11,11
6555,147,131,16,16
6556,91,103,-12,12
6557,147,131,16,16
6558,55,61,-6,6
6559,66,68,-2,2
6560,121,114,7,7
6561,70,71,-1,1
6562,107,103,4,4
6563,153,153,0,0
6564,124,124,0,0
6565,59,71,-12,12
6566,90,94,-4,4
6567,57,63,-6,6
6568,129,117,12,12
6569,98,103,-5,5
6570,152,142,10,10
6571,55,61,-6,6
6572,93,72,21,21
6573,61,57,4,4
6574,135,130,5,5
6575,72,66,6,6
6576,105,111,-6,6
6577,65,93,-28,28
6578,91,87,4,4
6579,117,114,3,3
6580,85,89,-4,4
6581,125,119,6,6
6582,57,67,-10,10
6583,151,139,12,12
6584,68,70,-2,2
6585,104,115,-11,11
6586,53,58,-5,5
6587,88,88,0,0
6588,91,90,1,1
6589,184,155,29,29
6590,99,97,2,2
6591,189,169,20,20
6592,186,171,15,15
6593,125,116,9,9
6594,62,73,-11,11
6595,103,105,-2,2
6596,183,184,-1,1
6597,62,53,9,9
6598,66,67,-1,1
6599,73,68,5,5
6600,114,111,3,3
6601,123,128,-5,5
6602,108,94,14,14
6603,115,108,7,7
6604,124,115,9,9
6605,66,77,-11,11
6606,104,83,21,21
6607,75,74,1,1
6608,108,114,-6,6
6609,81,82,-1,1
6610,82,73,9,9
6611,80,73,7,7
6612,30,49,-19,19
6613,90,88,2,2
6614,62,61,1,1
6615,86,82,4,4
6616,56,57,-1,1
6617,95,99,-4,4
6618,100,103,-3,3
6619,102,98,4,4
6620,102,105,-3,3
6621,59,57,2,2
6622,152,136,16,16
6623,163,168,-5,5
6624,143,140,3,3
6625,162,162,0,0
6626,84,85,-1,1
6627,78,80,-2,2
6628,92,99,-7,7
6629,79,82,-3,3
6630,78,71,7,7
6631,120,107,13,13
6632,99,94,5,5
6633,103,89,14,14
6634,76,84,-8,8
6635,80,80,0,0
6636,66,66,0,0
6637,128,129,-1,1
6638,85,74,11,11
6639,100,103,-3,3
6640,46,55,-9,9
6641,125,124,1,1
6642,111,116,-5,5
6643,119,118,1,1
6644,59,62,-3,3
6645,55,53,2,2
6646,158,156,2,2
6647,106,113,-7,7
6648,136,136,0,0
6649,108,100,8,8
6650,124,120,4,4
6651,106,105,1,1
6652,92,80,12,12
6653,118,127,-9,9
6654,108,103,5,5
6655,114,107,7,7
6656,51,62,-11,11
6657,85,80,5,5
6658,61,83,-22,22
6659,74,74,0,0
6660,67,64,3,3
6661,108,103,5,5
6662,132,133,-1,1
6663,78,71,7,7
6664,102,111,-9,9
6665,175,154,21,21
6666,140,140,0,0
6667,93,89,4,4
6668,75,78,-3,3
6669,98,95,3,3
6670,98,89,9,9
6671,119,108,11,11
6672,121,147,-26,26
6673,94,96,-2,2
6674,117,103,14,14
6675,108,111,-3,3
6676,87,107,-20,20
6677,100,95,5,5
6678,88,83,5,5
6679,86,69,17,17
6680,65,66,-1,1
6681,81,76,5,5
6682,89,87,2,2
6683,114,106,8,8
6684,108,109,-1,1
6685,95,84,11,11
6686,100,100,0,0
6687,98,100,-2,2
6688,88,86,2,2
6689,95,94,1,1
6690,92,91,1,1
6691,161,156,5,5
6692,57,59,-2,2
6693,89,89,0,0
6694,67,55,12,12
6695,101,103,-2,2
6696,102,110,-8,8
6697,84,83,1,1
6698,64,63,1,1
6699,127,127,0,0
6700,97,99,-2,2
6701,101,104,-3,3
6702,65,70,-5,5
6703,89,82,7,7
6704,70,70,0,0
6705,67,73,-6,6
6706,169,164,5,5
6707,59,68,-9,9
6708,163,153,10,10
6709,38,53,-15,15
6710,117,115,2,2
6711,53,59,-6,6
6712,52,54,-2,2
6713,120,123,-3,3
6714,80,69,11,11
6715,52,57,-5,5
6716,127,143,-16,16
6717,87,101,-14,14
6718,54,81,-27,27
6719,66,60,6,6
6720,98,91,7,7
6721,112,116,-4,4
6722,56,57,-1,1
6723,114,112,2,2
6724,90,87,3,3
6725,87,86,1,1
6726,58,61,-3,3
6727,118,116,2,2
6728,96,99,-3,3
6729,102,111,-9,9
6730,84,89,-5,5
6731,111,105,6,6
6732,62,65,-3,3
6733,73,68,5,5
6734,69,68,1,1
6735,133,126,7,7
6736,87,83,4,4
6737,64,64,0,0
6738,85,88,-3,3
6739,103,95,8,8
6740,86,81,5,5
6741,68,65,3,3
6742,145,150,-5,5
6743,74,68,6,6
6744,91,97,-6,6
6745,102,94,8,8
6746,128,128,0,0
6747,104,110,-6,6
6748,110,118,-8,8
6749,56,59,-3,3
6750,83,82,1,1
6751,109,116,-7,7
6752,77,74,3,3
6753,164,146,18,18
6754,137,131,6,6
6755,134,124,10,10
6756,172,167,5,5
6757,116,114,2,2
6758,80,76,4,4
6759,50,56,-6,6
6760,168,159,9,9
6761,68,74,-6,6
6762,88,91,-3,3
6763,48,56,-8,8
6764,60,62,-2,2
6765,135,139,-4,4
6766,75,69,6,6
6767,187,179,8,8
6768,78,72,6,6
6769,117,101,16,16
6770,109,114,-5,5
6771,79,71,8,8
6772,80,81,-1,1
6773,72,71,1,1
6774,105,107,-2,2
6775,130,139,-9,9
6776,108,116,-8,8
6777,39,54,-15,15
6778,94,100,-6,6
6779,76,83,-7,7
6780,84,87,-3,3
6781,110,121,-11,11
6782,79,79,0,0
6783,129,108,21,21
6784,66,69,-3,3
6785,73,73,0,0
6786,90,80,10,10
6787,69,72,-3,3
6788,76,66,10,10
6789,96,114,-18,18
6790,113,112,1,1
6791,118,122,-4,4
6792,78,75,3,3
6793,92,87,5,5
6794,96,89,7,7
6795,111,123,-12,12
6796,143,151,-8,8
6797,101,98,3,3
6798,99,103,-4,4
6799,110,122,-12,12
6800,105,107,-2,2
6801,79,81,-2,2
6802,80,92,-12,12
6803,54,51,3,3
6804,86,82,4,4
6805,66,76,-10,10
6806,96,91,5,5
6807,151,151,0,0
6808,78,103,-25,25
6809,82,93,-11,11
6810,93,89,4,4
6811,57,68,-11,11
6812,129,122,7,7
6813,89,88,1,1
6814,83,79,4,4
6815,72,80,-8,8
6816,85,85,0,0
6817,58,59,-1,1
6818,69,70,-1,1
6819,69,85,-16,16
6820,55,57,-2,2
6821,114,102,12,12
6822,145,129,16,16
6823,81,86,-5,5
6824,41,53,-12,12
6825,88,105,-17,17
6826,108,112,-4,4
6827,104,103,1,1
6828,74,65,9,9
6829,111,109,2,2
6830,74,70,4,4
6831,82,78,4,4
6832,129,127,2,2
6833,75,80,-5,5
6834,137,130,7,7
6835,135,134,1,1
6836,93,81,12,12
6837,73,85,-12,12
6838,125,125,0,0
6839,110,122,-12,12
6840,147,156,-9,9
6841,86,94,-8,8
6842,96,91,5,5
6843,104,99,5,5
6844,110,114,-4,4
6845,80,79,1,1
6846,66,73,-7,7
6847,168,167,1,1
6848,123,138,-15,15
6849,138,140,-2,2
6850,66,65,1,1
6851,66,62,4,4
6852,143,133,10,10
6853,88,79,9,9
6854,76,82,-6,6
6855,143,150,-7,7
6856,108,98,10,10
6857,74,73,1,1
6858,76,72,4,4
6859,59,64,-5,5
6860,87,85,2,2
6861,113,110,3,3
6862,57,59,-2,2
6863,56,67,-11,11
6864,102,94,8,8
6865,74,79,-5,5
6866,89,90,-1,1
6867,75,82,-7,7
6868,128,130,-2,2
6869,106,114,-8,8
6870,92,84,8,8
6871,138,144,-6,6
6872,75,70,5,5
6873,103,101,2,2
6874,120,112,8,8
6875,136,126,10,10
6876,72,78,-6,6
6877,128,134,-6,6
6878,128,128,0,0
6879,150,145,5,5
6880,86,82,4,4
6881,85,80,5,5
6882,62,59,3,3
6883,76,80,-4,4
6884,123,120,3,3
6885,64,66,-2,2
6886,116,117,-1,1
6887,62,65,-3,3
6888,81,79,2,2
6889,118,112,6,6
6890,117,117,0,0
6891,123,112,11,11
6892,144,130,14,14
6893,109,108,1,1
6894,79,80,-1,1
6895,97,102,-5,5
6896,87,77,10,10
6897,55,58,-3,3
6898,65,67,-2,2
6899,103,104,-1,1
6900,90,75,15,15
6901,87,80,7,7
6902,43,48,-5,5
6903,92,87,5,5
6904,147,147,0,0
6905,106,102,4,4
6906,68,76,-8,8
6907,71,65,6,6
6908,97,97,0,0
6909,93,94,-1,1
6910,69,84,-15,15
6911,92,96,-4,4
6912,77,83,-6,6
6913,132,127,5,5
6914,87,89,-2,2
6915,118,112,6,6
6916,58,59,-1,1
6917,43,48,-5,5
6918,80,88,-8,8
6919,118,108,10,10
6920,107,121,-14,14
6921,132,131,1,1
6922,86,91,-5,5
6923,114,106,8,8
6924,85,81,4,4
6925,66,69,-3,3
6926,65,64,1,1
6927,84,87,-3,3
6928,122,121,1,1
6929,74,78,-4,4
6930,154,159,-5,5
6931,93,92,1,1
6932,40,74,-34,34
6933,88,80,8,8
6934,84,89,-5,5
6935,67,68,-1,1
6936,113,118,-5,5
6937,110,110,0,0
6938,217,198,19,19
6939,99,108,-9,9
6940,107,112,-5,5
6941,120,119,1,1
6942,116,108,8,8
6943,70,80,-10,10
6944,86,85,1,1
6945,89,95,-6,6
6946,75,75,0,0
6947,72,72,0,0
6948,75,75,0,0
6949,55,66,-11,11
6950,196,196,0,0
6951,114,108,6,6
6952,142,93,49,49
6953,76,80,-4,4
6954,71,64,7,7
6955,80,85,-5,5
6956,81,78,3,3
6957,106,94,12,12
6958,126,122,4,4
6959,114,116,-2,2
6960,90,87,3,3
6961,134,132,2,2
6962,112,111,1,1
6963,86,85,1,1
6964,109,118,-9,9
6965,98,109,-11,11
6966,123,126,-3,3
6967,48,50,-2,2
6968,89,87,2,2
6969,141,144,-3,3
6970,122,123,-1,1
6971,65,102,-37,37
6972,163,155,8,8
6973,106,105,1,1
6974,145,152,-7,7
6975,65,63,2,2
6976,111,94,17,17
6977,110,113,-3,3
6978,40,50,-10,10
6979,77,78,-1,1
6980,81,78,3,3
6981,136,130,6,6
6982,124,131,-7,7
6983,107,112,-5,5
6984,83,80,3,3
6985,137,131,6,6
6986,93,95,-2,2
6987,95,98,-3,3
6988,82,95,-13,13
6989,91,91,0,0
6990,139,126,13,13
6991,49,52,-3,3
6992,36,50,-14,14
6993,76,66,10,10
6994,57,62,-5,5
6995,128,133,-5,5
6996,77,93,-16,16
6997,86,88,-2,2
6998,144,142,2,2
6999,72,77,-5,5
7000,48,54,-6,6
7001,86,81,5,5
7002,96,90,6,6
7003,67,68,-1,1
7004,65,66,-1,1
7005,132,118,14,14
7006,128,121,7,7
7007,115,111,4,4
7008,109,111,-2,2
7009,63,66,-3,3
7010,55,62,-7,7
7011,119,105,14,14
7012,70,61,9,9
7013,125,118,7,7
7014,146,137,9,9
7015,84,84,0,0
7016,120,126,-6,6
7017,83,90,-7,7
7018,68,66,2,2
7019,106,100,6,6
7020,147,126,21,21
7021,81,79,2,2
7022,87,92,-5,5
7023,86,83,3,3
7024,67,74,-7,7
7025,100,93,7,7
7026,81,87,-6,6
7027,70,77,-7,7
7028,94,86,8,8
7029,123,113,10,10
7030,121,114,7,7
7031,71,73,-2,2
7032,73,70,3,3
7033,79,76,3,3
7034,98,103,-5,5
7035,147,118,29,29
7036,86,77,9,9
7037,83,77,6,6
7038,117,113,4,4
7039,93,98,-5,5
7040,44,50,-6,6
7041,68,72,-4,4
7042,74,75,-1,1
7043,76,95,-19,19
7044,96,87,9,9
7045,80,69,11,11
7046,73,81,-8,8
7047,93,86,7,7
7048,48,57,-9,9
7049,85,82,3,3
7050,140,139,1,1
7051,81,85,-4,4
7052,57,63,-6,6
7053,93,86,7,7
7054,119,122,-3,3
7055,129,142,-13,13
7056,88,83,5,5
7057,101,97,4,4
7058,91,90,1,1
7059,59,58,1,1
7060,109,118,-9,9
7061,89,82,7,7
7062,101,90,11,11
7063,116,109,7,7
7064,86,88,-2,2
7065,113,112,1,1
7066,101,95,6,6
7067,110,115,-5,5
7068,115,144,-29,29
7069,137,145,-8,8
7070,64,74,-10,10
7071,133,124,9,9
7072,80,86,-6,6
7073,61,62,-1,1
7074,116,120,-4,4
7075,154,149,5,5
7076,69,69,0,0
7077,123,126,-3,3
7078,63,65,-2,2
7079,99,121,-22,22
7080,52,51,1,1
7081,86,82,4,4
7082,79,76,3,3
7083,97,107,-10,10
7084,68,69,-1,1
7085,79,85,-6,6
7086,82,73,9,9
7087,66,62,4,4
7088,28,48,-20,20
7089,54,65,-11,11
7090,76,74,2,2
7091,74,84,-10,10
7092,97,100,-3,3
7093,82,81,1,1
7094,103,107,-4,4
7095,61,59,2,2
7096,69,60,9,9
7097,60,64,-4,4
7098,61,86,-25,25
7099,100,107,-7,7
7100,100,104,-4,4
7101,129,122,7,7
7102,184,170,14,14
7103,119,121,-2,2
7104,91,81,10,10
7105,99,107,-8,8
7106,100,97,3,3
7107,58,67,-9,9
7108,70,71,-1,1
7109,76,86,-10,10
7110,77,79,-2,2
7111,70,64,6,6
7112,116,113,3,3
7113,149,146,3,3
7114,124,127,-3,3
7115,139,117,22,22
7116,142,155,-13,13
7117,77,82,-5,5
7118,96,84,12,12
7119,215,190,25,25
7120,70,71,-1,1
7121,118,121,-3,3
7122,89,90,-1,1
7123,106,98,8,8
7124,117,117,0,0
7125,60,62,-2,2
7126,67,72,-5,5
7127,149,156,-7,7
7128,364,419,-55,55
7129,110,106,4,4
7130,106,95,11,11
7131,161,164,-3,3
7132,119,132,-13,13
7133,113,143,-30,30
7134,100,103,-3,3
7135,51,60,-9,9
7136,121,120,1,1
7137,108,110,-2,2
7138,107,108,-1,1
7139,62,61,1,1
7140,84,87,-3,3
7141,93,80,13,13
7142,143,144,-1,1
7143,136,130,6,6
7144,53,62,-9,9
7145,97,104,-7,7
7146,139,144,-5,5
7147,126,131,-5,5
7148,46,53,-7,7
7149,172,175,-3,3
7150,101,101,0,0
7151,89,88,1,1
7152,118,112,6,6
7153,71,74,-3,3
7154,120,127,-7,7
7155,77,81,-4,4
7156,145,132,13,13
7157,45,51,-6,6
7158,80,77,3,3
7159,58,64,-6,6
7160,117,111,6,6
7161,91,89,2,2
7162,192,184,8,8
7163,68,64,4,4
7164,71,62,9,9
7165,82,81,1,1
7166,84,82,2,2
7167,70,78,-8,8
7168,47,57,-10,10
7169,95,86,9,9
7170,59,66,-7,7
7171,154,144,10,10
7172,131,123,8,8
7173,98,101,-3,3
7174,38,57,-19,19
7175,86,92,-6,6
7176,55,56,-1,1
7177,40,48,-8,8
7178,119,121,-2,2
7179,247,219,28,28
7180,96,99,-3,3
7181,69,76,-7,7
7182,87,94,-7,7
7183,93,99,-6,6
7184,84,84,0,0
7185,127,135,-8,8
7186,106,102,4,4
7187,62,64,-2,2
7188,84,86,-2,2
7189,48,53,-5,5
7190,116,123,-7,7
7191,83,76,7,7
7192,123,129,-6,6
7193,97,88,9,9
7194,119,105,14,14
7195,113,117,-4,4
7196,70,74,-4,4
7197,123,125,-2,2
7198,86,82,4,4
7199,49,61,-12,12
7200,113,112,1,1
7201,100,100,0,0
7202,131,128,3,3
7203,93,91,2,2
7204,92,84,8,8
7205,73,72,1,1
7206,61,63,-2,2
7207,72,64,8,8
7208,91,89,2,2
7209,86,86,0,0
7210,82,80,2,2
7211,179,179,0,0
7212,121,106,15,15
7213,58,60,-2,2
7214,83,75,8,8
7215,100,80,20,20
7216,84,77,7,7
7217,76,71,5,5
7218,83,74,9,9
7219,81,80,1,1
7220,119,118,1,1
7221,160,154,6,6
7222,97,100,-3,3
7223,143,163,-20,20
7224,49,70,-21,21
7225,188,169,19,19
7226,79,79,0,0
7227,62,66,-4,4
7228,71,65,6,6
7229,114,127,-13,13
7230,167,176,-9,9
7231,100,94,6,6
7232,90,81,9,9
7233,106,110,-4,4
7234,129,133,-4,4
7235,81,77,4,4
7236,52,57,-5,5
7237,86,83,3,3
7238,92,109,-17,17
7239,59,64,-5,5
7240,98,105,-7,7
7241,94,89,5,5
7242,173,169,4,4
7243,82,91,-9,9
7244,121,118,3,3
7245,84,74,10,10
7246,44,51,-7,7
7247,88,95,-7,7
7248,91,84,7,7
7249,97,92,5,5
7250,46,51,-5,5
7251,114,109,5,5
7252,108,102,6,6
7253,66,64,2,2
7254,71,72,-1,1
7255,76,75,1,1
7256,159,157,2,2
7257,39,82,-43,43
7258,47,56,-9,9
7259,142,126,16,16
7260,124,133,-9,9
7261,109,111,-2,2
7262,110,114,-4,4
7263,59,54,5,5
7264,107,96,11,11
7265,59,58,1,1
7266,93,97,-4,4
7267,96,101,-5,5
7268,40,65,-25,25
7269,124,123,1,1
7270,90,73,17,17
7271,52,58,-6,6
7272,95,88,7,7
7273,81,81,0,0
7274,171,161,10,10
7275,78,65,13,13
7276,97,85,12,12
7277,82,89,-7,7
7278,93,87,6,6
7279,106,111,-5,5
7280,129,118,11,11
7281,110,122,-12,12
7282,28,55,-27,27
7283,152,160,-8,8
7284,113,103,10,10
7285,62,61,1,1
7286,51,56,-5,5
7287,167,176,-9,9
7288,60,53,7,7
7289,176,171,5,5
7290,139,141,-2,2
7291,193,190,3,3
7292,78,84,-6,6
7293,76,71,5,5
7294,80,78,2,2
7295,86,103,-17,17
7296,102,95,7,7
7297,51,50,1,1
7298,32,48,-16,16
7299,133,117,16,16
7300,160,149,11,11
7301,75,72,3,3
7302,84,78,6,6
7303,85,85,0,0
7304,89,90,-1,1
7305,69,66,3,3
7306,113,113,0,0
7307,69,66,3,3
7308,76,81,-5,5
7309,56,75,-19,19
7310,86,75,11,11
7311,92,99,-7,7
7312,54,57,-3,3
7313,100,90,10,10
7314,37,55,-18,18
7315,140,139,1,1
7316,57,74,-17,17
7317,83,87,-4,4
7318,75,65,10,10
7319,59,61,-2,2
7320,99,120,-21,21
7321,108,103,5,5
7322,93,98,-5,5
7323,78,83,-5,5
7324,166,168,-2,2
7325,81,79,2,2
7326,80,79,1,1
7327,166,143,23,23
7328,56,58,-2,2
7329,108,109,-1,1
7330,88,88,0,0
7331,124,134,-10,10
7332,71,73,-2,2
7333,111,101,10,10
7334,77,89,-12,12
7335,84,78,6,6
7336,85,87,-2,2
7337,103,92,11,11
7338,67,76,-9,9
7339,128,120,8,8
7340,54,52,2,2
7341,98,95,3,3
7342,115,132,-17,17
7343,80,79,1,1
7344,66,63,3,3
7345,84,79,5,5
7346,179,174,5,5
7347,70,74,-4,4
7348,93,95,-2,2
7349,139,155,-16,16
7350,136,128,8,8
7351,173,175,-2,2
7352,112,104,8,8
7353,76,82,-6,6
7354,112,116,-4,4
7355,118,130,-12,12
7356,109,100,9,9
7357,101,110,-9,9
7358,105,94,11,11
7359,67,71,-4,4
7360,131,126,5,5
7361,41,54,-13,13
7362,49,51,-2,2
7363,113,112,1,1
7364,137,140,-3,3
7365,96,101,-5,5
7366,68,70,-2,2
7367,110,120,-10,10
7368,70,73,-3,3
7369,155,164,-9,9
7370,58,60,-2,2
7371,140,153,-13,13
7372,119,125,-6,6
7373,67,70,-3,3
7374,79,81,-2,2
7375,68,70,-2,2
7376,62,60,2,2
7377,48,55,-7,7
7378,104,107,-3,3
7379,67,75,-8,8
7380,63,67,-4,4
7381,70,67,3,3
7382,83,88,-5,5
7383,66,67,-1,1
7384,67,77,-10,10
7385,54,56,-2,2
7386,144,148,-4,4
7387,68,70,-2,2
7388,76,78,-2,2
7389,62,58,4,4
7390,147,135,12,12
7391,80,100,-20,20
7392,53,58,-5,5
7393,73,80,-7,7
7394,74,71,3,3
7395,63,69,-6,6
7396,111,112,-1,1
7397,199,181,18,18
7398,90,90,0,0
7399,65,66,-1,1
7400,68,61,7,7
7401,81,81,0,0
7402,95,92,3,3
7403,83,86,-3,3
7404,99,84,15,15
7405,64,66,-2,2
7406,70,72,-2,2
7407,62,57,5,5
7408,60,66,-6,6
7409,84,88,-4,4
7410,63,62,1,1
7411,91,99,-8,8
7412,53,70,-17,17
7413,114,109,5,5
7414,102,98,4,4
7415,80,68,12,12
7416,85,91,-6,6
7417,112,119,-7,7
7418,86,87,-1,1
7419,61,66,-5,5
7420,118,111,7,7
7421,108,91,17,17
7422,179,160,19,19
7423,87,91,-4,4
7424,185,178,7,7
7425,91,87,4,4
7426,73,78,-5,5
7427,63,57,6,6
7428,159,148,11,11
7429,146,147,-1,1
7430,75,84,-9,9
7431,73,77,-4,4
7432,107,97,10,10
7433,93,88,5,5
7434,89,97,-8,8
7435,82,96,-14,14
7436,79,75,4,4
7437,50,54,-4,4
7438,69,71,-2,2
7439,89,94,-5,5
7440,145,152,-7,7
7441,84,90,-6,6
7442,115,123,-8,8
7443,103,117,-14,14
7444,90,98,-8,8
7445,57,49,8,8
7446,118,104,14,14
7447,99,100,-1,1
7448,124,118,6,6
7449,102,113,-11,11
7450,97,94,3,3
7451,64,61,3,3
7452,78,67,11,11
7453,121,123,-2,2
7454,163,157,6,6
7455,63,61,2,2
7456,53,63,-10,10
7457,71,70,1,1
7458,79,79,0,0
7459,102,105,-3,3
7460,130,125,5,5
7461,114,111,3,3
7462,118,127,-9,9
7463,93,95,-2,2
7464,78,73,5,5
7465,87,89,-2,2
7466,107,97,10,10
7467,105,100,5,5
7468,135,136,-1,1
7469,64,66,-2,2
7470,80,76,4,4
7471,79,88,-9,9
7472,156,161,-5,5
7473,123,129,-6,6
7474,81,90,-9,9
7475,91,93,-2,2
7476,184,169,15,15
7477,62,70,-8,8
7478,76,82,-6,6
7479,112,109,3,3
7480,60,69,-9,9
7481,103,97,6,6
7482,83,85,-2,2
7483,69,70,-1,1
7484,206,196,10,10
7485,78,81,-3,3
7486,82,71,11,11
7487,81,85,-4,4
7488,39,45,-6,6
7489,109,112,-3,3
7490,32,66,-34,34
7491,65,73,-8,8
7492,88,85,3,3
7493,94,97,-3,3
7494,87,90,-3,3
7495,74,69,5,5
7496,88,80,8,8
7497,103,112,-9,9
7498,72,63,9,9
7499,83,83,0,0
7500,197,207,-10,10
7501,41,47,-6,6
7502,76,73,3,3
7503,129,118,11,11
7504,40,61,-21,21
7505,136,142,-6,6
7506,62,59,3,3
7507,66,66,0,0
7508,106,120,-14,14
7509,62,60,2,2
7510,109,102,7,7
7511,136,128,8,8
7512,100,96,4,4
7513,160,153,7,7
7514,105,103,2,2
7515,122,116,6,6
7516,98,100,-2,2
7517,78,74,4,4
7518,75,77,-2,2
7519,67,67,0,0
7520,56,58,-2,2
7521,60,58,2,2
7522,38,48,-10,10
7523,53,55,-2,2
7524,57,68,-11,11
7525,113,110,3,3
7526,83,75,8,8
7527,81,74,7,7
7528,136,142,-6,6
7529,78,70,8,8
7530,89,86,3,3
7531,86,88,-2,2
7532,68,71,-3,3
7533,156,157,-1,1
7534,85,81,4,4
7535,126,127,-1,1
7536,57,66,-9,9
7537,114,118,-4,4
7538,113,102,11,11
7539,75,80,-5,5
7540,130,122,8,8
7541,79,65,14,14
7542,112,109,3,3
7543,120,121,-1,1
7544,76,81,-5,5
7545,86,79,7,7
7546,60,62,-2,2
7547,52,61,-9,9
7548,80,70,10,10
7549,136,129,7,7
7550,71,73,-2,2
7551,152,154,-2,2
7552,59,64,-5,5
7553,88,81,7,7
7554,71,69,2,2
7555,71,65,6,6
7556,88,95,-7,7
7557,44,48,-4,4
7558,95,101,-6,6
7559,99,94,5,5
7560,74,81,-7,7
7561,148,139,9,9
7562,74,71,3,3
7563,103,89,14,14
7564,70,64,6,6
7565,128,119,9,9
7566,70,71,-1,1
7567,69,72,-3,3
7568,95,74,21,21
7569,125,126,-1,1
7570,87,93,-6,6
7571,130,131,-1,1
7572,105,119,-14,14
7573,96,91,5,5
7574,90,91,-1,1
7575,52,52,0,0
7576,77,92,-15,15
7577,143,138,5,5
7578,97,107,-10,10
7579,81,82,-1,1
7580,55,54,1,1
7581,122,130,-8,8
7582,59,65,-6,6
7583,106,105,1,1
7584,146,132,14,14
7585,62,60,2,2
7586,122,119,3,3
7587,166,159,7,7
7588,76,69,7,7
7589,82,87,-5,5
7590,114,111,3,3
7591,113,126,-13,13
7592,94,92,2,2
7593,113,118,-5,5
7594,79,83,-4,4
7595,106,104,2,2
7596,123,124,-1,1
7597,118,111,7,7
7598,80,77,3,3
7599,94,93,1,1
7600,89,82,7,7
7601,64,59,5,5
7602,113,115,-2,2
7603,137,133,4,4
7604,53,107,-54,54
7605,133,135,-2,2
7606,65,69,-4,4
7607,78,84,-6,6
7608,40,46,-6,6
7609,60,63,-3,3
7610,52,54,-2,2
7611,136,131,5,5
7612,155,157,-2,2
7613,94,99,-5,5
7614,75,77,-2,2
7615,36,49,-13,13
7616,132,127,5,5
7617,117,112,5,5
7618,136,149,-13,13
7619,141,126,15,15
7620,65,74,-9,9
7621,96,80,16,16
7622,68,81,-13,13
7623,144,128,16,16
7624,148,148,0,0
7625,117,120,-3,3
7626,60,71,-11,11
7627,98,96,2,2
7628,114,110,4,4
7629,139,122,17,17
7630,109,100,9,9
7631,69,77,-8,8
7632,105,100,5,5
7633,116,105,11,11
7634,72,69,3,3
7635,74,83,-9,9
7636,102,104,-2,2
7637,62,58,4,4
7638,36,46,-10,10
7639,94,91,3,3
7640,78,78,0,0
7641,150,140,10,10
7642,81,78,3,3
7643,154,156,-2,2
7644,115,123,-8,8
7645,44,53,-9,9
7646,88,92,-4,4
7647,80,77,3,3
7648,75,70,5,5
7649,58,59,-1,1
7650,124,124,0,0
7651,90,89,1,1
7652,117,110,7,7
7653,93,86,7,7
7654,133,131,2,2
7655,71,64,7,7
7656,82,85,-3,3
7657,66,69,-3,3
7658,69,69,0,0
7659,112,106,6,6
7660,114,105,9,9
7661,81,68,13,13
7662,110,114,-4,4
7663,76,70,6,6
7664,97,100,-3,3
7665,83,81,2,2
7666,73,77,-4,4
7667,109,109,0,0
7668,67,65,2,2
7669,101,107,-6,6
7670,74,70,4,4
7671,122,120,2,2
7672,51,57,-6,6
7673,80,92,-12,12
7674,118,116,2,2
7675,87,78,9,9
7676,84,77,7,7
7677,135,125,10,10
7678,51,97,-46,46
7679,121,106,15,15
7680,60,59,1,1
7681,150,147,3,3
7682,41,50,-9,9
7683,55,53,2,2
7684,149,133,16,16
7685,136,135,1,1
7686,121,103,18,18
7687,121,118,3,3
7688,50,61,-11,11
7689,61,59,2,2
7690,129,124,5,5
7691,83,97,-14,14
7692,83,96,-13,13
7693,77,72,5,5
7694,110,100,10,10
7695,110,94,16,16
7696,108,118,-10,10
7697,95,99,-4,4
7698,91,84,7,7
7699,99,92,7,7
7700,105,107,-2,2
7701,104,133,-29,29
7702,82,83,-1,1
7703,68,68,0,0
7704,77,76,1,1
7705,103,97,6,6
7706,87,86,1,1
7707,55,54,1,1
7708,94,93,1,1
7709,67,68,-1,1
7710,75,92,-17,17
7711,137,139,-2,2
7712,69,70,-1,1
7713,67,66,1,1
7714,77,88,-11,11
7715,68,70,-2,2
7716,117,112,5,5
7717,109,117,-8,8
7718,164,148,16,16
7719,102,117,-15,15
7720,77,85,-8,8
7721,71,98,-27,27
7722,71,74,-3,3
7723,146,133,13,13
7724,40,47,-7,7
7725,121,114,7,7
7726,86,78,8,8
7727,99,100,-1,1
7728,68,73,-5,5
7729,89,74,15,15
7730,71,76,-5,5
7731,72,70,2,2
7732,49,50,-1,1
7733,155,128,27,27
7734,145,149,-4,4
7735,102,109,-7,7
7736,131,129,2,2
7737,101,84,17,17
7738,61,64,-3,3
7739,108,114,-6,6
7740,62,69,-7,7
7741,93,86,7,7
7742,84,81,3,3
7743,56,94,-38,38
7744,143,134,9,9
7745,145,137,8,8
7746,103,95,8,8
7747,88,89,-1,1
7748,96,92,4,4
7749,63,66,-3,3
7750,88,92,-4,4
7751,50,61,-11,11
7752,106,109,-3,3
7753,89,75,14,14
7754,101,110,-9,9
7755,134,129,5,5
7756,91,86,5,5
7757,134,148,-14,14
7758,79,83,-4,4
7759,161,156,5,5
7760,127,127,0,0
7761,88,90,-2,2
7762,61,68,-7,7
7763,60,75,-15,15
7764,102,95,7,7
7765,140,142,-2,2
7766,69,71,-2,2
7767,101,111,-10,10
7768,175,173,2,2
7769,129,147,-18,18
7770,115,116,-1,1
7771,88,102,-14,14
7772,79,78,1,1
7773,102,106,-4,4
7774,43,51,-8,8
7775,97,95,2,2
7776,132,141,-9,9
7777,58,55,3,3
7778,89,93,-4,4
7779,90,94,-4,4
7780,98,108,-10,10
7781,102,103,-1,1
7782,88,87,1,1
7783,106,105,1,1
7784,99,96,3,3
7785,151,146,5,5
7786,111,98,13,13
7787,65,64,1,1
7788,71,72,-1,1
7789,79,94,-15,15
7790,65,62,3,3
7791,136,130,6,6
7792,151,157,-6,6
7793,108,106,2,2
7794,121,111,10,10
7795,54,62,-8,8
7796,96,103,-7,7
7797,98,87,11,11
7798,62,70,-8,8
7799,78,81,-3,3
7800,97,98,-1,1
7801,80,74,6,6
7802,65,68,-3,3
7803,74,81,-7,7
7804,118,121,-3,3
7805,109,101,8,8
7806,99,99,0,0
7807,78,86,-8,8
7808,59,69,-10,10
7809,84,91,-7,7
7810,108,111,-3,3
7811,89,92,-3,3
7812,119,109,10,10
7813,182,168,14,14
7814,133,117,16,16
7815,90,96,-6,6
7816,144,159,-15,15
7817,109,107,2,2
7818,154,140,14,14
7819,54,59,-5,5
7820,59,64,-5,5
7821,120,121,-1,1
7822,113,120,-7,7
7823,90,83,7,7
7824,119,112,7,7
7825,72,72,0,0
7826,173,168,5,5
7827,252,243,9,9
7828,123,136,-13,13
7829,178,171,7,7
7830,207,194,13,13
7831,86,90,-4,4
7832,61,56,5,5
7833,82,87,-5,5
7834,77,76,1,1
7835,90,85,5,5
7836,85,103,-18,18
7837,133,147,-14,14
7838,67,68,-1,1
7839,71,77,-6,6
7840,118,130,-12,12
7841,168,164,4,4
7842,101,102,-1,1
7843,126,118,8,8
7844,127,127,0,0
7845,197,184,13,13
7846,67,67,0,0
7847,59,56,3,3
7848,139,136,3,3
7849,84,85,-1,1
7850,75,77,-2,2
7851,124,124,0,0
7852,61,67,-6,6
7853,78,77,1,1
7854,102,92,10,10
7855,50,50,0,0
7856,72,82,-10,10
7857,98,108,-10,10
7858,109,105,4,4
7859,97,90,7,7
7860,79,73,6,6
7861,73,73,0,0
7862,114,105,9,9
7863,118,114,4,4
7864,101,109,-8,8
7865,103,106,-3,3
7866,49,55,-6,6
7867,49,55,-6,6
7868,37,51,-14,14
7869,121,120,1,1
7870,69,72,-3,3
7871,126,130,-4,4
7872,91,87,4,4
7873,119,112,7,7
7874,105,100,5,5
7875,129,128,1,1
7876,83,77,6,6
7877,99,96,3,3
7878,106,114,-8,8
7879,67,64,3,3
7880,132,133,-1,1
7881,110,97,13,13
7882,72,70,2,2
7883,126,123,3,3
7884,129,144,-15,15
7885,74,73,1,1
7886,131,130,1,1
7887,97,96,1,1
7888,118,124,-6,6
7889,124,122,2,2
7890,66,70,-4,4
7891,99,101,-2,2
7892,93,92,1,1
7893,169,171,-2,2
7894,109,119,-10,10
7895,194,178,16,16
7896,131,124,7,7
7897,67,68,-1,1
7898,102,102,0,0
7899,126,125,1,1
7900,166,174,-8,8
7901,52,63,-11,11
7902,129,145,-16,16
7903,175,172,3,3
7904,77,70,7,7
7905,52,55,-3,3
7906,73,69,4,4
7907,97,100,-3,3
7908,49,56,-7,7
7909,112,110,2,2
7910,108,113,-5,5
7911,91,81,10,10
7912,84,105,-21,21
7913,35,50,-15,15
7914,182,188,-6,6
7915,61,62,-1,1
7916,61,62,-1,1
7917,79,79,0,0
7918,55,57,-2,2
7919,64,65,-1,1
7920,142,135,7,7
7921,66,65,1,1
7922,74,80,-6,6
7923,150,146,4,4
7924,99,95,4,4
7925,106,112,-6,6
7926,72,79,-7,7
7927,121,115,6,6
7928,114,115,-1,1
7929,75,73,2,2
7930,65,70,-5,5
7931,116,119,-3,3
7932,99,94,5,5
7933,199,192,7,7
7934,60,60,0,0
7935,67,67,0,0
7936,81,78,3,3
7937,178,136,42,42
7938,70,79,-9,9
7939,131,120,11,11
7940,149,139,10,10
7941,70,70,0,0
7942,97,106,-9,9
7943,104,91,13,13
7944,73,73,0,0
7945,74,82,-8,8
7946,87,96,-9,9
7947,112,111,1,1
7948,126,121,5,5
7949,86,104,-18,18
7950,134,131,3,3
7951,117,97,20,20
7952,61,60,1,1
7953,71,81,-10,10
7954,80,91,-11,11
7955,63,64,-1,1
7956,70,64,6,6
7957,63,75,-12,12
7958,46,54,-8,8
7959,59,61,-2,2
7960,89,89,0,0
7961,134,130,4,4
7962,113,113,0,0
7963,73,87,-14,14
7964,122,115,7,7
7965,59,61,-2,2
7966,142,151,-9,9
7967,175,173,2,2
7968,61,62,-1,1
7969,142,163,-21,21
7970,68,59,9,9
7971,51,57,-6,6
7972,94,102,-8,8
7973,104,98,6,6
7974,85,82,3,3
7975,155,162,-7,7
7976,157,171,-14,14
7977,115,112,3,3
7978,94,99,-5,5
7979,86,96,-10,10
7980,115,123,-8,8
7981,85,83,2,2
7982,106,102,4,4
7983,64,63,1,1
7984,38,77,-39,39
7985,51,52,-1,1
7986,106,107,-1,1
7987,101,109,-8,8
7988,46,58,-12,12
7989,85,75,10,10
7990,104,103,1,1
7991,95,101,-6,6
7992,130,123,7,7
7993,151,145,6,6
7994,57,59,-2,2
7995,93,96,-3,3
7996,69,63,6,6
7997,39,49,-10,10
7998,76,81,-5,5
7999,84,74,10,10
8000,41,48,-7,7
8001,45,52,-7,7
8002,68,69,-1,1
8003,82,81,1,1
8004,68,74,-6,6
8005,73,67,6,6
8006,49,80,-31,31
8007,93,91,2,2
8008,75,70,5,5
8009,85,78,7,7
8010,103,104,-1,1
8011,129,128,1,1
8012,116,118,-2,2
8013,77,77,0,0
8014,83,82,1,1
8015,104,95,9,9
8016,124,115,9,9
8017,89,90,-1,1
8018,88,104,-16,16
8019,49,61,-12,12
8020,104,108,-4,4
8021,107,110,-3,3
8022,125,127,-2,2
8023,57,60,-3,3
8024,104,99,5,5
8025,51,74,-23,23
8026,86,82,4,4
8027,96,100,-4,4
8028,190,188,2,2
8029,84,85,-1,1
8030,105,105,0,0
8031,94,92,2,2
8032,74,71,3,3
8033,100,92,8,8
8034,126,120,6,6
8035,73,73,0,0
8036,83,86,-3,3
8037,141,134,7,7
8038,124,126,-2,2
8039,79,83,-4,4
8040,135,132,3,3
8041,81,72,9,9
8042,137,140,-3,3
8043,75,77,-2,2
8044,54,66,-12,12
8045,102,104,-2,2
8046,157,137,20,20
8047,93,92,1,1
8048,155,141,14,14
8049,71,69,2,2
8050,109,106,3,3
8051,60,65,-5,5
8052,57,70,-13,13
8053,113,112,1,1
8054,130,134,-4,4
8055,71,78,-7,7
8056,92,88,4,4
8057,148,126,22,22
8058,117,104,13,13
8059,68,70,-2,2
8060,161,153,8,8
8061,85,83,2,2
8062,65,60,5,5
8063,43,51,-8,8
8064,102,101,1,1
8065,69,61,8,8
8066,185,185,0,0
8067,133,129,4,4
8068,104,105,-1,1
8069,105,105,0,0
8070,120,116,4,4
8071,85,83,2,2
8072,73,65,8,8
8073,158,167,-9,9
8074,76,76,0,0
8075,87,65,22,22
8076,148,131,17,17
8077,85,85,0,0
8078,98,86,12,12
8079,66,72,-6,6
8080,100,99,1,1
8081,110,113,-3,3
8082,86,91,-5,5
8083,119,126,-7,7
8084,75,71,4,4
8085,110,125,-15,15
8086,69,78,-9,9
8087,127,111,16,16
8088,98,91,7,7
8089,116,125,-9,9
8090,65,69,-4,4
8091,94,95,-1,1
8092,58,61,-3,3
8093,68,82,-14,14
8094,118,113,5,5
8095,27,44,-17,17
8096,74,67,7,7
8097,81,85,-4,4
8098,98,92,6,6
8099,56,67,-11,11
8100,101,99,2,2
8101,128,122,6,6
8102,104,106,-2,2
8103,69,68,1,1
8104,130,116,14,14
8105,121,122,-1,1
8106,42,83,-41,41
8107,89,97,-8,8
8108,71,67,4,4
8109,129,118,11,11
8110,59,68,-9,9
8111,101,106,-5,5
8112,102,103,-1,1
8113,109,113,-4,4
8114,94,88,6,6
8115,108,112,-4,4
8116,102,97,5,5
8117,89,91,-2,2
8118,121,125,-4,4
8119,122,131,-9,9
8120,67,72,-5,5
8121,51,61,-10,10
8122,89,85,4,4
8123,88,96,-8,8
8124,131,117,14,14
8125,103,102,1,1
8126,151,180,-29,29
8127,134,145,-11,11
8128,108,110,-2,2
8129,92,90,2,2
8130,65,61,4,4
8131,81,81,0,0
8132,68,78,-10,10
8133,91,87,4,4
8134,114,106,8,8
8135,48,60,-12,12
8136,102,107,-5,5
8137,149,151,-2,2
8138,108,109,-1,1
8139,60,60,0,0
8140,103,109,-6,6
8141,65,70,-5,5
8142,119,123,-4,4
8143,104,111,-7,7
8144,64,60,4,4
8145,48,52,-4,4
8146,55,59,-4,4
8147,75,79,-4,4
8148,44,60,-16,16
8149,73,80,-7,7
8150,54,54,0,0
8151,54,61,-7,7
8152,52,58,-6,6
8153,95,86,9,9
8154,66,74,-8,8
8155,85,100,-15,15
8156,75,63,12,12
8157,95,104,-9,9
8158,95,87,8,8
8159,36,49,-13,13
8160,79,81,-2,2
8161,123,124,-1,1
8162,81,71,10,10
8163,176,161,15,15
8164,60,52,8,8
8165,61,72,-11,11
8166,140,127,13,13
8167,127,124,3,3
8168,96,98,-2,2
8169,99,89,10,10
8170,108,97,11,11
8171,58,59,-1,1
8172,51,61,-10,10
8173,95,90,5,5
8174,58,72,-14,14
8175,76,71,5,5
8176,116,112,4,4
8177,108,100,8,8
8178,168,157,11,11
8179,27,49,-22,22
8180,145,133,12,12
8181,53,60,-7,7
8182,67,66,1,1
8183,92,88,4,4
8184,78,71,7,7
8185,113,117,-4,4
8186,141,141,0,0
8187,136,126,10,10
8188,103,109,-6,6
8189,86,78,8,8
8190,195,200,-5,5
8191,75,71,4,4
8192,63,66,-3,3
8193,66,67,-1,1
8194,127,127,0,0
8195,122,114,8,8
8196,54,99,-45,45
8197,101,105,-4,4
8198,93,76,17,17
8199,64,66,-2,2
8200,108,110,-2,2
8201,111,106,5,5
8202,77,67,10,10
8203,154,153,1,1
8204,94,84,10,10
8205,84,85,-1,1
8206,76,89,-13,13
8207,87,81,6,6
8208,126,114,12,12
8209,82,78,4,4
8210,82,86,-4,4
8211,80,77,3,3
8212,126,128,-2,2
8213,64,67,-3,3
8214,142,124,18,18
8215,143,141,2,2
8216,127,142,-15,15
8217,76,82,-6,6
8218,57,70,-13,13
8219,109,99,10,10
8220,141,139,2,2
8221,129,122,7,7
8222,114,107,7,7
8223,83,85,-2,2
8224,149,147,2,2
8225,47,58,-11,11
8226,88,90,-2,2
8227,88,85,3,3
8228,105,107,-2,2
8229,93,102,-9,9
8230,109,96,13,13
8231,87,83,4,4
8232,43,50,-7,7
8233,81,75,6,6
8234,101,82,19,19
8235,80,69,11,11
8236,112,111,1,1
8237,92,99,-7,7
8238,102,100,2,2
8239,71,69,2,2
8240,166,157,9,9
8241,98,92,6,6
8242,129,119,10,10
8243,79,85,-6,6
8244,109,103,6,6
8245,145,138,7,7
8246,166,159,7,7
8247,76,83,-7,7
8248,46,51,-5,5
8249,113,106,7,7
8250,75,85,-10,10
8251,86,81,5,5
8252,76,77,-1,1
8253,88,92,-4,4
8254,67,74,-7,7
8255,100,95,5,5
8256,71,79,-8,8
8257,59,62,-3,3
8258,181,175,6,6
8259,56,58,-2,2
8260,114,95,19,19
8261,92,98,-6,6
8262,100,102,-2,2
8263,75,93,-18,18
8264,188,175,13,13
8265,51,51,0,0
8266,84,92,-8,8
8267,171,188,-17,17
8268,66,60,6,6
8269,92,88,4,4
8270,122,124,-2,2
8271,40,61,-21,21
8272,87,88,-1,1
8273,122,117,5,5
8274,98,88,10,10
8275,96,100,-4,4
8276,120,113,7,7
8277,82,82,0,0
8278,88,81,7,7
8279,60,64,-4,4
8280,83,81,2,2
8281,81,69,12,12
8282,151,153,-2,2
8283,187,183,4,4
8284,98,110,-12,12
8285,95,88,7,7
8286,77,75,2,2
8287,144,142,2,2
8288,81,82,-1,1
8289,91,92,-1,1
8290,149,149,0,0
8291,99,116,-17,17
8292,96,84,12,12
8293,129,134,-5,5
8294,63,60,3,3
8295,86,84,2,2
8296,64,73,-9,9
8297,74,64,10,10
8298,93,91,2,2
8299,85,82,3,3
8300,248,226,22,22
8301,91,91,0,0
8302,58,59,-1,1
8303,93,82,11,11
8304,93,94,-1,1
8305,55,61,-6,6
8306,102,109,-7,7
8307,107,97,10,10
8308,79,81,-2,2
8309,84,80,4,4
8310,95,93,2,2
8311,110,109,1,1
8312,80,78,2,2
8313,44,65,-21,21
8314,96,95,1,1
8315,59,67,-8,8
8316,109,111,-2,2
8317,198,196,2,2
8318,81,91,-10,10
8319,119,118,1,1
8320,106,106,0,0
8321,114,102,12,12
8322,51,57,-6,6
8323,110,109,1,1
8324,112,116,-4,4
8325,99,100,-1,1
8326,80,75,5,5
8327,59,69,-10,10
8328,110,117,-7,7
8329,125,113,12,12
8330,137,128,9,9
8331,73,76,-3,3
8332,190,186,4,4
8333,137,145,-8,8
8334,46,51,-5,5
8335,124,129,-5,5
8336,87,85,2,2
8337,114,104,10,10
8338,83,84,-1,1
8339,85,82,3,3
8340,142,160,-18,18
8341,108,101,7,7
8342,129,132,-3,3
8343,107,96,11,11
8344,109,112,-3,3
8345,144,141,3,3
8346,76,76,0,0
8347,38,62,-24,24
8348,157,159,-2,2
8349,55,54,1,1
8350,99,109,-10,10
8351,153,144,9,9
8352,74,72,2,2
8353,74,79,-5,5
8354,78,79,-1,1
8355,74,83,-9,9
8356,94,90,4,4
8357,112,103,9,9
8358,141,149,-8,8
8359,82,75,7,7
8360,160,164,-4,4
8361,103,101,2,2
8362,110,105,5,5
8363,42,57,-15,15
8364,69,72,-3,3
8365,59,59,0,0
8366,98,96,2,2
8367,75,68,7,7
8368,58,57,1,1
8369,74,67,7,7
8370,108,111,-3,3
8371,66,77,-11,11
8372,105,97,8,8
8373,46,59,-13,13
8374,55,59,-4,4
8375,71,67,4,4
8376,115,117,-2,2
8377,88,80,8,8
8378,47,51,-4,4
8379,174,168,6,6
8380,94,87,7,7
8381,74,74,0,0
8382,84,83,1,1
8383,85,78,7,7
8384,65,57,8,8
8385,39,49,-10,10
8386,118,111,7,7
8387,101,97,4,4
8388,78,82,-4,4
8389,97,111,-14,14
8390,104,98,6,6
8391,98,93,5,5
8392,81,96,-15,15
8393,112,110,2,2
8394,98,96,2,2
8395,96,103,-7,7
8396,53,51,2,2
8397,67,80,-13,13
8398,70,75,-5,5
8399,114,102,12,12
8400,104,109,-5,5
8401,65,68,-3,3
8402,80,73,7,7
8403,96,81,15,15
8404,70,65,5,5
8405,105,107,-2,2
8406,100,86,14,14
8407,160,145,15,15
8408,91,97,-6,6
8409,100,101,-1,1
8410,119,102,17,17
8411,65,65,0,0
8412,99,103,-4,4
8413,172,145,27,27
8414,83,77,6,6
8415,85,75,10,10
8416,69,64,5,5
8417,59,67,-8,8
8418,93,96,-3,3
8419,81,79,2,2
8420,75,76,-1,1
8421,62,62,0,0
8422,115,106,9,9
8423,107,137,-30,30
8424,105,105,0,0
8425,51,61,-10,10
8426,76,82,-6,6
8427,88,92,-4,4
8428,145,142,3,3
8429,114,120,-6,6
8430,38,48,-10,10
8431,133,135,-2,2
8432,74,73,1,1
8433,119,118,1,1
8434,96,90,6,6
8435,143,128,15,15
8436,60,65,-5,5
8437,130,121,9,9
8438,120,107,13,13
8439,122,141,-19,19
8440,113,110,3,3
8441,68,76,-8,8
8442,98,93,5,5
8443,143,126,17,17
8444,77,72,5,5
8445,92,96,-4,4
8446,61,60,1,1
8447,74,81,-7,7
8448,94,82,12,12
8449,102,98,4,4
8450,118,114,4,4
8451,119,118,1,1
8452,193,183,10,10
8453,95,96,-1,1
8454,89,92,-3,3
8455,129,127,2,2
8456,124,114,10,10
8457,84,77,7,7
8458,76,78,-2,2
8459,55,57,-2,2
8460,143,138,5,5
8461,134,122,12,12
8462,88,92,-4,4
8463,132,134,-2,2
8464,114,99,15,15
8465,71,69,2,2
8466,79,72,7,7
8467,101,99,2,2
8468,134,137,-3,3
8469,61,76,-15,15
8470,81,73,8,8
8471,107,111,-4,4
8472,86,81,5,5
8473,83,82,1,1
8474,94,97,-3,3
8475,102,109,-7,7
8476,110,128,-18,18
8477,137,142,-5,5
8478,56,69,-13,13
8479,134,125,9,9
8480,80,87,-7,7
8481,46,57,-11,11
8482,111,113,-2,2
8483,112,107,5,5
8484,121,125,-4,4
8485,113,113,0,0
8486,91,98,-7,7
8487,47,54,-7,7
8488,65,65,0,0
8489,56,64,-8,8
8490,83,89,-6,6
8491,85,93,-8,8
8492,102,95,7,7
8493,80,85,-5,5
8494,110,105,5,5
8495,141,147,-6,6
8496,90,91,-1,1
8497,73,68,5,5
8498,60,58,2,2
8499,178,147,31,31
8500,124,134,-10,10
8501,108,101,7,7
8502,100,102,-2,2
8503,78,79,-1,1
8504,115,122,-7,7
8505,127,135,-8,8
8506,47,54,-7,7
8507,58,64,-6,6
8508,151,140,11,11
8509,104,93,11,11
8510,56,65,-9,9
8511,79,87,-8,8
8512,67,69,-2,2
8513,109,113,-4,4
8514,83,73,10,10
8515,101,68,33,33
8516,78,85,-7,7
8517,101,134,-33,33
8518,64,73,-9,9
8519,69,62,7,7
8520,81,78,3,3
8521,185,182,3,3
8522,89,79,10,10
8523,137,122,15,15
8524,98,92,6,6
8525,185,176,9,9
8526,62,64,-2,2
8527,135,133,2,2
8528,140,130,10,10
8529,166,176,-10,10
8530,68,72,-4,4
8531,100,106,-6,6
8532,122,136,-14,14
8533,105,104,1,1
8534,129,128,1,1
8535,117,114,3,3
8536,74,80,-6,6
8537,91,88,3,3
8538,96,93,3,3
8539,96,98,-2,2
8540,76,84,-8,8
8541,106,98,8,8
8542,71,67,4,4
8543,43,51,-8,8
8544,88,83,5,5
8545,79,89,-10,10
8546,104,97,7,7
8547,82,82,0,0
8548,112,116,-4,4
8549,104,106,-2,2
8550,55,59,-4,4
8551,90,90,0,0
8552,47,60,-13,13
8553,111,101,10,10
8554,127,125,2,2
8555,67,74,-7,7
8556,163,152,11,11
8557,154,157,-3,3
8558,63,66,-3,3
8559,50,63,-13,13
8560,56,65,-9,9
8561,104,113,-9,9
8562,80,85,-5,5
8563,83,80,3,3
8564,64,64,0,0
8565,55,54,1,1
8566,84,73,11,11
8567,130,127,3,3
8568,85,87,-2,2
8569,109,109,0,0
8570,153,139,14,14
8571,104,105,-1,1
8572,129,126,3,3
8573,106,100,6,6
8574,173,178,-5,5
8575,93,92,1,1
8576,93,88,5,5
8577,99,95,4,4
8578,66,68,-2,2
8579,98,95,3,3
8580,110,139,-29,29
8581,50,63,-13,13
8582,104,103,1,1
8583,110,102,8,8
8584,60,72,-12,12
8585,102,97,5,5
8586,87,85,2,2
8587,133,136,-3,3
8588,133,133,0,0
8589,122,108,14,14
8590,92,88,4,4
8591,139,135,4,4
8592,52,57,-5,5
8593,83,97,-14,14
8594,91,88,3,3
8595,65,66,-1,1
8596,113,115,-2,2
8597,77,82,-5,5
8598,161,144,17,17
8599,92,91,1,1
8600,180,159,21,21
8601,77,72,5,5
8602,109,105,4,4
8603,81,85,-4,4
8604,98,103,-5,5
8605,54,54,0,0
8606,126,120,6,6
8607,91,94,-3,3
8608,77,83,-6,6
8609,124,121,3,3
8610,78,81,-3,3
8611,189,165,24,24
8612,80,75,5,5
8613,159,141,18,18
8614,73,79,-6,6
8615,90,100,-10,10
8616,62,54,8,8
8617,90,89,1,1
8618,134,142,-8,8
8619,121,104,17,17
8620,87,84,3,3
8621,59,62,-3,3
8622,89,102,-13,13
8623,105,105,0,0
8624,97,90,7,7
8625,110,103,7,7
8626,141,123,18,18
8627,85,85,0,0
8628,132,131,1,1
8629,89,86,3,3
8630,75,81,-6,6
8631,81,74,7,7
8632,77,65,12,12
8633,104,100,4,4
8634,132,144,-12,12
8635,136,126,10,10
8636,82,83,-1,1
8637,85,90,-5,5
8638,76,78,-2,2
8639,109,129,-20,20
8640,51,59,-8,8
8641,85,92,-7,7
8642,58,59,-1,1
8643,161,163,-2,2
8644,85,87,-2,2
8645,61,62,-1,1
8646,82,85,-3,3
8647,114,118,-4,4
8648,113,111,2,2
8649,82,81,1,1
8650,128,124,4,4
8651,113,117,-4,4
8652,61,69,-8,8
8653,85,76,9,9
8654,112,108,4,4
8655,76,81,-5,5
8656,89,88,1,1
8657,142,132,10,10
8658,81,79,2,2
8659,143,140,3,3
8660,94,90,4,4
8661,134,109,25,25
8662,59,60,-1,1
8663,55,61,-6,6
8664,75,82,-7,7
8665,87,92,-5,5
8666,69,56,13,13
8667,104,99,5,5
8668,57,54,3,3
8669,68,65,3,3
8670,169,162,7,7
8671,114,123,-9,9
8672,92,87,5,5
8673,97,85,12,12
8674,121,118,3,3
8675,89,70,19,19
8676,116,118,-2,2
8677,93,99,-6,6
8678,116,107,9,9
8679,125,129,-4,4
8680,82,112,-30,30
8681,50,50,0,0
8682,46,68,-22,22
8683,45,52,-7,7
8684,120,123,-3,3
8685,93,91,2,2
8686,102,102,0,0
8687,126,126,0,0
8688,108,131,-23,23
8689,110,111,-1,1
8690,101,100,1,1
8691,73,76,-3,3
8692,58,56,2,2
8693,113,106,7,7
8694,136,144,-8,8
8695,64,67,-3,3
8696,125,159,-34,34
8697,88,79,9,9
8698,92,87,5,5
8699,106,103,3,3
8700,90,104,-14,14
8701,85,80,5,5
8702,80,78,2,2
8703,110,109,1,1
8704,80,78,2,2
8705,117,111,6,6
8706,47,61,-14,14
8707,112,106,6,6
8708,84,87,-3,3
8709,116,112,4,4
8710,61,66,-5,5
8711,82,77,5,5
8712,164,144,20,20
8713,125,123,2,2
8714,80,82,-2,2
8715,66,70,-4,4
8716,61,65,-4,4
8717,82,104,-22,22
8718,81,86,-5,5
8719,143,129,14,14
8720,145,129,16,16
8721,75,69,6,6
8722,60,70,-10,10
8723,86,92,-6,6
8724,99,103,-4,4
8725,112,112,0,0
8726,98,95,3,3
8727,96,83,13,13
8728,64,77,-13,13
8729,62,62,0,0
8730,123,131,-8,8
8731,83,82,1,1
8732,101,100,1,1
8733,27,45,-18,18
8734,167,161,6,6
8735,149,154,-5,5
8736,94,95,-1,1
8737,155,152,3,3
8738,39,46,-7,7
8739,62,62,0,0
8740,81,77,4,4
8741,58,56,2,2
8742,74,83,-9,9
8743,139,142,-3,3
8744,74,76,-2,2
8745,84,89,-5,5
8746,155,123,32,32
8747,114,114,0,0
8748,152,214,-62,62
8749,104,92,12,12
8750,92,101,-9,9
8751,55,63,-8,8
8752,91,88,3,3
8753,90,82,8,8
8754,86,84,2,2
8755,76,85,-9,9
8756,86,90,-4,4
8757,49,53,-4,4
8758,105,108,-3,3
8759,67,69,-2,2
8760,96,124,-28,28
8761,105,107,-2,2
8762,98,85,13,13
8763,114,113,1,1
8764,114,119,-5,5
8765,103,117,-14,14
8766,128,123,5,5
8767,110,99,11,11
8768,89,75,14,14
8769,67,62,5,5
8770,136,125,11,11
8771,154,150,4,4
8772,62,77,-15,15
8773,109,109,0,0
8774,91,91,0,0
8775,63,62,1,1
8776,172,165,7,7
8777,93,85,8,8
8778,81,80,1,1
8779,87,94,-7,7
8780,49,63,-14,14
8781,157,159,-2,2
8782,87,84,3,3
8783,61,83,-22,22
8784,60,58,2,2
8785,129,127,2,2
8786,75,71,4,4
8787,86,96,-10,10
8788,37,51,-14,14
8789,110,111,-1,1
8790,124,119,5,5
8791,65,66,-1,1
8792,148,160,-12,12
8793,73,85,-12,12
8794,105,113,-8,8
8795,70,75,-5,5
8796,63,71,-8,8
8797,71,68,3,3
8798,71,75,-4,4
8799,68,70,-2,2
8800,96,89,7,7
8801,87,84,3,3
8802,88,90,-2,2
8803,69,65,4,4
8804,83,85,-2,2
8805,72,85,-13,13
8806,98,103,-5,5
8807,126,122,4,4
8808,45,58,-13,13
8809,52,55,-3,3
8810,103,107,-4,4
8811,77,70,7,7
8812,83,79,4,4
8813,73,65,8,8
8814,108,105,3,3
8815,73,79,-6,6
8816,80,81,-1,1
8817,57,57,0,0
8818,63,63,0,0
8819,24,56,-32,32
8820,89,76,13,13
8821,61,64,-3,3
8822,97,98,-1,1
8823,85,87,-2,2
8824,143,145,-2,2
8825,129,123,6,6
8826,75,83,-8,8
8827,71,74,-3,3
8828,92,90,2,2
8829,72,67,5,5
8830,91,79,12,12
8831,83,71,12,12
8832,75,82,-7,7
8833,66,69,-3,3
8834,43,50,-7,7
8835,127,124,3,3
8836,125,133,-8,8
8837,44,50,-6,6
8838,51,58,-7,7
8839,54,57,-3,3
8840,203,222,-19,19
8841,127,121,6,6
8842,102,99,3,3
8843,81,76,5,5
8844,69,64,5,5
8845,121,119,2,2
8846,85,74,11,11
8847,125,117,8,8
8848,138,127,11,11
8849,191,163,28,28
8850,92,97,-5,5
8851,94,88,6,6
8852,128,126,2,2
8853,35,55,-20,20
8854,104,103,1,1
8855,86,82,4,4
8856,132,122,10,10
8857,89,87,2,2
8858,48,52,-4,4
8859,75,66,9,9
8860,80,66,14,14
8861,100,96,4,4
8862,115,116,-1,1
8863,135,130,5,5
8864,88,92,-4,4
8865,108,107,1,1
8866,141,148,-7,7
8867,81,81,0,0
8868,147,150,-3,3
8869,94,89,5,5
8870,86,85,1,1
8871,125,123,2,2
8872,62,64,-2,2
8873,82,81,1,1
8874,123,117,6,6
8875,80,75,5,5
8876,108,102,6,6
8877,91,79,12,12
8878,124,121,3,3
8879,93,103,-10,10
8880,141,165,-24,24
8881,97,72,25,25
8882,177,167,10,10
8883,80,83,-3,3
8884,133,156,-23,23
8885,98,107,-9,9
8886,104,93,11,11
8887,64,66,-2,2
8888,170,163,7,7
8889,91,95,-4,4
8890,98,96,2,2
8891,125,118,7,7
8892,65,67,-2,2
8893,86,88,-2,2
8894,75,66,9,9
8895,72,72,0,0
8896,53,69,-16,16
8897,93,84,9,9
8898,69,67,2,2
8899,95,86,9,9
8900,76,77,-1,1
8901,73,72,1,1
8902,56,54,2,2
8903,92,91,1,1
8904,43,50,-7,7
8905,60,51,9,9
8906,74,81,-7,7
8907,85,91,-6,6
8908,91,91,0,0
8909,92,87,5,5
8910,91,87,4,4
8911,60,70,-10,10
8912,142,150,-8,8
8913,127,137,-10,10
8914,87,89,-2,2
8915,130,143,-13,13
8916,104,101,3,3
8917,62,60,2,2
8918,125,128,-3,3
8919,96,178,-82,82
8920,170,148,22,22
8921,103,121,-18,18
8922,185,174,11,11
8923,80,78,2,2
8924,56,64,-8,8
8925,105,121,-16,16
8926,63,68,-5,5
8927,88,90,-2,2
8928,79,81,-2,2
8929,60,74,-14,14
8930,84,86,-2,2
8931,123,131,-8,8
8932,107,104,3,3
8933,94,98,-4,4
8934,70,72,-2,2
8935,141,127,14,14
8936,56,52,4,4
8937,166,166,0,0
8938,120,104,16,16
8939,137,122,15,15
8940,88,98,-10,10
8941,127,102,25,25
8942,157,153,4,4
8943,130,138,-8,8
8944,106,112,-6,6
8945,131,133,-2,2
8946,54,54,0,0
8947,132,128,4,4
8948,80,76,4,4
8949,81,88,-7,7
8950,128,113,15,15
8951,36,57,-21,21
8952,106,113,-7,7
8953,85,90,-5,5
8954,64,65,-1,1
8955,81,81,0,0
8956,120,115,5,5
8957,130,121,9,9
8958,99,92,7,7
8959,70,66,4,4
8960,78,74,4,4
8961,112,123,-11,11
8962,82,80,2,2
8963,184,166,18,18
8964,129,141,-12,12
8965,111,105,6,6
8966,99,111,-12,12
8967,51,60,-9,9
8968,102,98,4,4
8969,66,72,-6,6
8970,74,76,-2,2
8971,129,133,-4,4
8972,54,63,-9,9
8973,117,140,-23,23
8974,120,120,0,0
8975,73,81,-8,8
8976,177,173,4,4
8977,157,156,1,1
8978,77,78,-1,1
8979,55,60,-5,5
8980,132,124,8,8
8981,180,170,10,10
8982,72,67,5,5
8983,88,94,-6,6
8984,71,73,-2,2
8985,85,82,3,3
8986,51,49,2,2
8987,61,63,-2,2
8988,76,69,7,7
8989,90,89,1,1
8990,64,71,-7,7
8991,67,86,-19,19
8992,95,94,1,1
8993,46,49,-3,3
8994,92,82,10,10
8995,121,140,-19,19
8996,93,94,-1,1
8997,92,96,-4,4
8998,52,57,-5,5
8999,112,122,-10,10
9000,66,106,-40,40
9001,76,72,4,4
9002,157,150,7,7
9003,75,74,1,1
9004,68,68,0,0
9005,64,69,-5,5
9006,135,124,11,11
9007,107,104,3,3
9008,79,92,-13,13
9009,82,82,0,0
9010,101,90,11,11
9011,142,169,-27,27
9012,108,110,-2,2
9013,93,100,-7,7
9014,111,117,-6,6
9015,111,107,4,4
9016,101,90,11,11
9017,67,64,3,3
9018,58,56,2,2
9019,117,111,6,6
9020,100,98,2,2
9021,96,92,4,4
9022,106,108,-2,2
9023,82,84,-2,2
9024,57,60,-3,3
9025,95,86,9,9
9026,92,87,5,5
9027,78,78,0,0
9028,85,80,5,5
9029,46,51,-5,5
9030,60,67,-7,7
9031,68,73,-5,5
9032,90,88,2,2
9033,106,106,0,0
9034,72,70,2,2
9035,91,86,5,5
9036,142,140,2,2
9037,63,61,2,2
9038,55,55,0,0
9039,112,107,5,5
9040,165,163,2,2
9041,80,78,2,2
9042,58,54,4,4
9043,96,102,-6,6
9044,69,71,-2,2
9045,85,100,-15,15
9046,74,78,-4,4
9047,148,143,5,5
9048,61,58,3,3
9049,114,120,-6,6
9050,117,114,3,3
9051,87,88,-1,1
9052,148,145,3,3
9053,129,123,6,6
9054,100,93,7,7
9055,79,76,3,3
9056,84,82,2,2
9057,75,77,-2,2
9058,101,100,1,1
9059,74,77,-3,3
9060,98,86,12,12
9061,97,100,-3,3
9062,58,54,4,4
9063,104,100,4,4
9064,122,117,5,5
9065,33,46,-13,13
9066,62,56,6,6
9067,59,62,-3,3
9068,66,71,-5,5
9069,112,107,5,5
9070,109,100,9,9
9071,67,69,-2,2
9072,157,179,-22,22
9073,147,149,-2,2
9074,114,110,4,4
9075,45,49,-4,4
9076,71,76,-5,5
9077,135,131,4,4
9078,64,56,8,8
9079,101,111,-10,10
9080,93,95,-2,2
9081,92,85,7,7
9082,128,124,4,4
9083,90,82,8,8
9084,113,100,13,13
9085,62,63,-1,1
9086,66,60,6,6
9087,69,71,-2,2
9088,90,87,3,3
9089,69,64,5,5
9090,87,87,0,0
9091,70,75,-5,5
9092,88,90,-2,2
9093,60,66,-6,6
9094,172,160,12,12
9095,94,92,2,2
9096,53,61,-8,8
9097,81,77,4,4
9098,103,95,8,8
9099,146,140,6,6
9100,93,92,1,1
9101,106,110,-4,4
9102,115,105,10,10
9103,171,161,10,10
9104,80,76,4,4
9105,89,77,12,12
9106,75,83,-8,8
9107,197,186,11,11
9108,52,60,-8,8
9109,56,61,-5,5
9110,76,74,2,2
9111,136,137,-1,1
9112,127,128,-1,1
9113,102,106,-4,4
9114,100,101,-1,1
9115,154,147,7,7
9116,127,135,-8,8
9117,115,110,5,5
9118,69,73,-4,4
9119,113,100,13,13
9120,116,119,-3,3
9121,92,95,-3,3
9122,95,100,-5,5
9123,81,73,8,8
9124,81,84,-3,3
9125,148,151,-3,3
9126,94,92,2,2
9127,117,119,-2,2
9128,47,54,-7,7
9129,100,94,6,6
9130,133,128,5,5
9131,79,97,-18,18
9132,147,138,9,9
9133,62,63,-1,1
9134,77,79,-2,2
9135,154,145,9,9
9136,112,117,-5,5
9137,65,61,4,4
9138,42,53,-11,11
9139,114,118,-4,4
9140,114,112,2,2
9141,77,69,8,8
9142,68,76,-8,8
9143,84,86,-2,2
9144,120,123,-3,3
9145,132,133,-1,1
9146,113,125,-12,12
9147,86,80,6,6
9148,78,79,-1,1
9149,73,92,-19,19
9150,68,60,8,8
9151,93,95,-2,2
9152,113,125,-12,12
9153,58,59,-1,1
9154,63,63,0,0
9155,54,52,2,2
9156,123,108,15,15
9157,43,52,-9,9
9158,82,77,5,5
9159,144,140,4,4
9160,73,72,1,1
9161,49,54,-5,5
9162,103,98,5,5
9163,179,185,-6,6
9164,106,103,3,3
9165,93,101,-8,8
9166,135,148,-13,13
9167,120,123,-3,3
9168,130,125,5,5
9169,79,92,-13,13
9170,82,81,1,1
9171,55,58,-3,3
9172,74,69,5,5
9173,153,153,0,0
9174,93,93,0,0
9175,107,105,2,2
9176,136,150,-14,14
9177,88,91,-3,3
9178,56,67,-11,11
9179,171,158,13,13
9180,115,113,2,2
9181,53,59,-6,6
9182,124,131,-7,7
9183,117,107,10,10
9184,76,80,-4,4
9185,168,153,15,15
9186,78,72,6,6
9187,42,50,-8,8
9188,74,75,-1,1
9189,156,137,19,19
9190,81,67,14,14
9191,88,81,7,7
9192,169,160,9,9
9193,74,71,3,3
9194,108,107,1,1
9195,98,92,6,6
9196,175,192,-17,17
9197,39,49,-10,10
9198,47,52,-5,5
9199,100,82,18,18
9200,105,93,12,12
9201,103,102,1,1
9202,114,112,2,2
9203,65,71,-6,6
9204,70,67,3,3
9205,79,81,-2,2
9206,96,99,-3,3
9207,123,130,-7,7
9208,94,91,3,3
9209,124,127,-3,3
9210,102,95,7,7
9211,108,104,4,4
9212,78,83,-5,5
9213,111,116,-5,5
9214,84,92,-8,8
9215,58,51,7,7
9216,124,121,3,3
9217,92,84,8,8
9218,75,78,-3,3
9219,64,52,12,12
9220,89,85,4,4
9221,88,94,-6,6
9222,58,67,-9,9
9223,116,115,1,1
9224,57,62,-5,5
9225,98,96,2,2
9226,138,145,-7,7
9227,87,90,-3,3
9228,58,54,4,4
9229,141,130,11,11
9230,72,71,1,1
9231,63,69,-6,6
9232,173,166,7,7
9233,113,109,4,4
9234,114,109,5,5
9235,95,91,4,4
9236,80,86,-6,6
9237,75,72,3,3
9238,113,113,0,0
9239,86,94,-8,8
9240,54,57,-3,3
9241,99,96,3,3
9242,149,140,9,9
9243,73,62,11,11
9244,86,78,8,8
9245,108,106,2,2
9246,74,71,3,3
9247,59,60,-1,1
9248,106,112,-6,6
9249,158,142,16,16
9250,45,67,-22,22
9251,77,77,0,0
9252,116,129,-13,13
9253,52,65,-13,13
9254,93,104,-11,11
9255,129,121,8,8
9256,63,63,0,0
9257,41,50,-9,9
9258,62,59,3,3
9259,168,162,6,6
9260,117,119,-2,2
9261,142,137,5,5
9262,112,105,7,7
9263,101,98,3,3
9264,86,83,3,3
9265,77,79,-2,2
9266,141,135,6,6
9267,80,88,-8,8
9268,107,119,-12,12
9269,90,90,0,0
9270,65,70,-5,5
9271,57,53,4,4
9272,89,84,5,5
9273,63,64,-1,1
9274,121,116,5,5
9275,108,106,2,2
9276,83,85,-2,2
9277,116,114,2,2
9278,66,72,-6,6
9279,128,130,-2,2
9280,98,97,1,1
9281,76,78,-2,2
9282,130,123,7,7
9283,55,54,1,1
9284,64,68,-4,4
9285,107,119,-12,12
9286,117,105,12,12
9287,124,124,0,0
9288,88,86,2,2
9289,44,51,-7,7
9290,89,87,2,2
9291,82,86,-4,4
9292,78,74,4,4
9293,63,70,-7,7
9294,60,60,0,0
9295,55,60,-5,5
9296,80,84,-4,4
9297,56,61,-5,5
9298,68,71,-3,3
9299,177,180,-3,3
9300,69,69,0,0
9301,63,66,-3,3
9302,116,108,8,8
9303,96,100,-4,4
9304,142,127,15,15
9305,85,81,4,4
9306,56,62,-6,6
9307,91,87,4,4
9308,72,74,-2,2
9309,69,77,-8,8
9310,114,102,12,12
9311,131,137,-6,6
9312,70,74,-4,4
9313,138,136,2,2
9314,103,101,2,2
9315,69,75,-6,6
9316,97,97,0,0
9317,98,114,-16,16
9318,117,110,7,7
9319,95,103,-8,8
9320,130,125,5,5
9321,174,158,16,16
9322,114,122,-8,8
9323,87,96,-9,9
9324,92,92,0,0
9325,57,61,-4,4
9326,93,90,3,3
9327,90,87,3,3
9328,87,92,-5,5
9329,87,89,-2,2
9330,115,115,0,0
9331,103,105,-2,2
9332,66,66,0,0
9333,95,91,4,4
9334,98,96,2,2
9335,82,82,0,0
9336,63,56,7,7
9337,39,56,-17,17
9338,60,64,-4,4
9339,112,107,5,5
9340,159,153,6,6
9341,41,53,-12,12
9342,96,94,2,2
9343,117,110,7,7
9344,69,77,-8,8
9345,82,83,-1,1
9346,125,116,9,9
9347,82,79,3,3
9348,65,72,-7,7
9349,92,83,9,9
9350,91,91,0,0
9351,91,88,3,3
9352,95,95,0,0
9353,28,52,-24,24
9354,64,62,2,2
9355,73,70,3,3
9356,122,113,9,9
9357,76,82,-6,6
9358,82,79,3,3
9359,134,129,5,5
9360,118,110,8,8
9361,72,76,-4,4
9362,96,122,-26,26
9363,176,164,12,12
9364,156,154,2,2
9365,64,79,-15,15
9366,99,110,-11,11
9367,94,90,4,4
9368,84,78,6,6
9369,88,91,-3,3
9370,144,148,-4,4
9371,123,116,7,7
9372,99,103,-4,4
9373,63,82,-19,19
9374,64,63,1,1
9375,141,129,12,12
9376,71,84,-13,13
9377,166,157,9,9
9378,118,116,2,2
9379,120,110,10,10
9380,145,140,5,5
9381,87,87,0,0
9382,90,94,-4,4
9383,80,86,-6,6
9384,125,125,0,0
9385,59,54,5,5
9386,171,159,12,12
9387,72,65,7,7
9388,121,107,14,14
9389,47,51,-4,4
9390,73,83,-10,10
9391,124,108,16,16
9392,87,93,-6,6
9393,95,93,2,2
9394,77,77,0,0
9395,167,165,2,2
9396,53,88,-35,35
9397,89,83,6,6
9398,83,74,9,9
9399,77,86,-9,9
9400,127,127,0,0
9401,94,99,-5,5
9402,95,85,10,10
9403,93,94,-1,1
9404,74,77,-3,3
9405,112,116,-4,4
9406,117,107,10,10
9407,69,71,-2,2
9408,88,96,-8,8
9409,71,66,5,5
9410,57,54,3,3
9411,89,84,5,5
9412,98,112,-14,14
9413,123,122,1,1
9414,88,86,2,2
9415,136,124,12,12
9416,85,75,10,10
9417,93,91,2,2
9418,150,153,-3,3
9419,50,54,-4,4
9420,77,81,-4,4
9421,87,92,-5,5
9422,123,120,3,3
9423,71,75,-4,4
9424,142,144,-2,2
9425,78,81,-3,3
9426,111,107,4,4
9427,54,71,-17,17
9428,66,66,0,0
9429,110,105,5,5
9430,96,91,5,5
9431,56,58,-2,2
9432,17,45,-28,28
9433,84,81,3,3
9434,108,108,0,0
9435,103,88,15,15
9436,102,103,-1,1
9437,81,87,-6,6
9438,125,125,0,0
9439,120,131,-11,11
9440,89,86,3,3
9441,73,67,6,6
9442,110,105,5,5
9443,86,85,1,1
9444,94,96,-2,2
9445,76,69,7,7
9446,72,71,1,1
9447,41,49,-8,8
9448,129,127,2,2
9449,80,80,0,0
9450,92,83,9,9
9451,208,184,24,24
9452,170,173,-3,3
9453,88,89,-1,1
9454,43,49,-6,6
9455,65,61,4,4
9456,52,54,-2,2
9457,44,48,-4,4
9458,96,103,-7,7
9459,165,162,3,3
9460,92,82,10,10
9461,104,89,15,15
9462,131,132,-1,1
9463,73,76,-3,3
9464,131,120,11,11
9465,51,72,-21,21
9466,63,71,-8,8
9467,107,112,-5,5
9468,109,128,-19,19
9469,131,118,13,13
9470,96,91,5,5
9471,90,76,14,14
9472,60,68,-8,8
9473,106,107,-1,1
9474,101,85,16,16
9475,67,69,-2,2
9476,117,116,1,1
9477,76,77,-1,1
9478,78,71,7,7
9479,94,89,5,5
9480,95,95,0,0
9481,78,65,13,13
9482,133,133,0,0
9483,41,62,-21,21
9484,105,111,-6,6
9485,102,92,10,10
9486,88,95,-7,7
9487,106,107,-1,1
9488,89,87,2,2
9489,98,123,-25,25
9490,128,122,6,6
9491,102,104,-2,2
9492,132,138,-6,6
9493,101,95,6,6
9494,144,144,0,0
9495,61,65,-4,4
9496,61,63,-2,2
9497,114,121,-7,7
9498,125,124,1,1
9499,70,69,1,1
9500,83,87,-4,4
9501,147,146,1,1
9502,97,102,-5,5
9503,82,85,-3,3
9504,87,79,8,8
9505,94,91,3,3
9506,54,64,-10,10
9507,71,77,-6,6
9508,105,94,11,11
9509,87,89,-2,2
9510,95,105,-10,10
9511,71,75,-4,4
9512,76,80,-4,4
9513,123,120,3,3
9514,127,122,5,5
9515,84,93,-9,9
9516,48,60,-12,12
9517,108,95,13,13
9518,157,134,23,23
9519,54,51,3,3
9520,100,91,9,9
9521,118,112,6,6
9522,57,60,-3,3
9523,137,132,5,5
9524,80,82,-2,2
9525,48,51,-3,3
9526,49,50,-1,1
9527,94,96,-2,2
9528,101,96,5,5
9529,64,67,-3,3
9530,114,127,-13,13
9531,82,78,4,4
9532,62,67,-5,5
9533,57,66,-9,9
9534,88,94,-6,6
9535,92,97,-5,5
9536,66,82,-16,16
9537,76,81,-5,5
9538,59,58,1,1
9539,89,87,2,2
9540,63,63,0,0
9541,51,50,1,1
9542,123,122,1,1
9543,88,90,-2,2
9544,59,64,-5,5
9545,66,67,-1,1
9546,135,120,15,15
9547,54,62,-8,8
9548,24,45,-21,21
9549,91,83,8,8
9550,166,163,3,3
9551,45,55,-10,10
9552,95,90,5,5
9553,99,98,1,1
9554,70,80,-10,10
9555,81,73,8,8
9556,97,85,12,12
9557,75,87,-12,12
9558,55,64,-9,9
9559,86,90,-4,4
9560,172,165,7,7
9561,65,81,-16,16
9562,174,158,16,16
9563,78,79,-1,1
9564,81,88,-7,7
9565,68,62,6,6
9566,74,65,9,9
9567,46,53,-7,7
9568,119,128,-9,9
9569,48,53,-5,5
9570,112,114,-2,2
9571,135,154,-19,19
9572,91,81,10,10
9573,103,96,7,7
9574,95,117,-22,22
9575,91,75,16,16
9576,201,182,19,19
9577,89,87,2,2
9578,71,69,2,2
9579,198,191,7,7
9580,93,81,12,12
9581,82,79,3,3
9582,132,129,3,3
9583,79,92,-13,13
9584,60,65,-5,5
9585,72,80,-8,8
9586,107,113,-6,6
9587,112,113,-1,1
9588,99,105,-6,6
9589,104,114,-10,10
9590,68,67,1,1
9591,57,57,0,0
9592,47,57,-10,10
9593,96,91,5,5
9594,95,108,-13,13
9595,43,49,-6,6
9596,116,107,9,9
9597,65,69,-4,4
9598,106,93,13,13
9599,117,126,-9,9
9600,96,92,4,4
9601,67,64,3,3
9602,100,93,7,7
9603,108,108,0,0
9604,103,102,1,1
9605,58,60,-2,2
9606,88,83,5,5
9607,133,127,6,6
9608,161,156,5,5
9609,95,88,7,7
9610,99,87,12,12
9611,69,67,2,2
9612,112,108,4,4
9613,127,119,8,8
9614,66,67,-1,1
9615,116,119,-3,3
9616,105,117,-12,12
9617,100,92,8,8
9618,93,92,1,1
9619,79,88,-9,9
9620,121,114,7,7
9621,86,93,-7,7
9622,88,80,8,8
9623,177,159,18,18
9624,67,62,5,5
9625,73,74,-1,1
9626,105,98,7,7
9627,115,113,2,2
9628,141,139,2,2
9629,75,76,-1,1
9630,58,63,-5,5
9631,86,88,-2,2
9632,137,133,4,4
9633,113,116,-3,3
9634,92,89,3,3
9635,83,88,-5,5
9636,103,117,-14,14
9637,145,119,26,26
9638,84,80,4,4
9639,123,130,-7,7
9640,104,99,5,5
9641,61,60,1,1
9642,79,93,-14,14
9643,90,113,-23,23
9644,115,118,-3,3
9645,138,149,-11,11
9646,80,80,0,0
9647,92,101,-9,9
9648,126,124,2,2
9649,62,52,10,10
9650,81,83,-2,2
9651,88,82,6,6
9652,90,92,-2,2
9653,70,69,1,1
9654,113,114,-1,1
9655,81,84,-3,3
9656,70,81,-11,11
9657,87,84,3,3
9658,62,71,-9,9
9659,54,56,-2,2
9660,85,87,-2,2
9661,76,71,5,5
9662,44,50,-6,6
9663,106,97,9,9
9664,116,120,-4,4
9665,114,124,-10,10
9666,156,154,2,2
9667,127,116,11,11
9668,61,60,1,1
9669,57,56,1,1
9670,128,127,1,1
9671,90,83,7,7
9672,113,110,3,3
9673,81,75,6,6
9674,48,57,-9,9
9675,47,52,-5,5
9676,139,129,10,10
9677,154,153,1,1
9678,104,112,-8,8
9679,97,95,2,2
9680,123,122,1,1
9681,68,58,10,10
9682,94,98,-4,4
9683,77,87,-10,10
9684,45,55,-10,10
9685,78,76,2,2
9686,75,78,-3,3
9687,79,76,3,3
9688,175,180,-5,5
9689,117,113,4,4
9690,108,103,5,5
9691,106,112,-6,6
9692,82,72,10,10
9693,112,101,11,11
9694,74,73,1,1
9695,117,119,-2,2
9696,94,95,-1,1
9697,226,211,15,15
9698,120,109,11,11
9699,40,51,-11,11
9700,40,104,-64,64
9701,119,123,-4,4
9702,51,56,-5,5
9703,61,60,1,1
9704,119,117,2,2
9705,97,84,13,13
9706,70,77,-7,7
9707,101,92,9,9
9708,160,154,6,6
9709,88,83,5,5
9710,41,53,-12,12
9711,86,82,4,4
9712,76,78,-2,2
9713,66,75,-9,9
9714,110,114,-4,4
9715,120,118,2,2
9716,97,98,-1,1
9717,89,98,-9,9
9718,117,114,3,3
9719,59,66,-7,7
9720,145,141,4,4
9721,84,74,10,10
9722,78,85,-7,7
9723,65,65,0,0
9724,62,63,-1,1
9725,114,115,-1,1
9726,76,79,-3,3
9727,51,59,-8,8
9728,131,145,-14,14
9729,162,175,-13,13
9730,90,101,-11,11
9731,95,102,-7,7
9732,49,60,-11,11
9733,81,82,-1,1
9734,103,102,1,1
9735,136,139,-3,3
9736,116,111,5,5
9737,74,74,0,0
9738,54,63,-9,9
9739,110,113,-3,3
9740,113,98,15,15
9741,142,116,26,26
9742,130,106,24,24
9743,156,150,6,6
9744,186,189,-3,3
9745,70,71,-1,1
9746,115,104,11,11
9747,149,132,17,17
9748,135,124,11,11
9749,72,69,3,3
9750,143,140,3,3
9751,190,179,11,11
9752,117,127,-10,10
9753,124,112,12,12
9754,78,87,-9,9
9755,90,92,-2,2
9756,49,49,0,0
9757,52,57,-5,5
9758,48,58,-10,10
9759,69,69,0,0
9760,69,73,-4,4
9761,40,55,-15,15
9762,89,94,-5,5
9763,85,84,1,1
9764,104,109,-5,5
9765,130,124,6,6
9766,110,94,16,16
9767,136,130,6,6
9768,91,81,10,10
9769,83,88,-5,5
9770,50,53,-3,3
9771,104,105,-1,1
9772,83,77,6,6
9773,114,114,0,0
9774,119,133,-14,14
9775,88,81,7,7
9776,68,92,-24,24
9777,84,102,-18,18
9778,93,78,15,15
9779,56,56,0,0
9780,66,67,-1,1
9781,60,61,-1,1
9782,58,60,-2,2
9783,142,143,-1,1
9784,197,182,15,15
9785,53,57,-4,4
9786,86,98,-12,12
9787,85,86,-1,1
9788,153,138,15,15
9789,58,60,-2,2
9790,78,77,1,1
9791,159,153,6,6
9792,129,130,-1,1
9793,115,115,0,0
9794,64,62,2,2
9795,142,139,3,3
9796,83,80,3,3
9797,171,178,-7,7
9798,137,107,30,30
9799,107,109,-2,2
9800,101,88,13,13
9801,75,64,11,11
9802,103,98,5,5
9803,80,82,-2,2
9804,51,54,-3,3
9805,92,85,7,7
9806,88,87,1,1
9807,96,99,-3,3
9808,140,126,14,14
9809,107,107,0,0
9810,59,65,-6,6
9811,128,114,14,14
9812,80,78,2,2
9813,40,51,-11,11
9814,139,137,2,2
9815,79,72,7,7
9816,89,87,2,2
9817,127,127,0,0
9818,132,123,9,9
9819,104,108,-4,4
9820,100,90,10,10
9821,76,75,1,1
9822,182,154,28,28
9823,43,55,-12,12
9824,56,56,0,0
9825,140,136,4,4
9826,98,101,-3,3
9827,66,74,-8,8
9828,52,58,-6,6
9829,100,98,2,2
9830,131,116,15,15
9831,47,94,-47,47
9832,57,59,-2,2
9833,58,64,-6,6
9834,100,95,5,5
9835,143,150,-7,7
9836,81,73,8,8
9837,130,108,22,22
9838,63,73,-10,10
9839,84,106,-22,22
9840,86,87,-1,1
9841,118,115,3,3
9842,109,100,9,9
9843,176,182,-6,6
9844,68,69,-1,1
9845,102,105,-3,3
9846,65,61,4,4
9847,88,89,-1,1
9848,127,118,9,9
9849,56,57,-1,1
9850,104,103,1,1
9851,105,91,14,14
9852,84,83,1,1
9853,27,65,-38,38
9854,95,96,-1,1
9855,77,77,0,0
9856,192,196,-4,4
9857,78,71,7,7
9858,122,124,-2,2
9859,80,82,-2,2
9860,94,82,12,12
9861,126,121,5,5
9862,44,57,-13,13
9863,73,76,-3,3
9864,104,86,18,18
9865,71,72,-1,1
9866,65,72,-7,7
9867,96,82,14,14
9868,116,96,20,20
9869,103,107,-4,4
9870,129,129,0,0
9871,143,143,0,0
9872,100,119,-19,19
9873,133,124,9,9
9874,64,64,0,0
9875,121,120,1,1
9876,61,66,-5,5
9877,55,62,-7,7
9878,49,56,-7,7
9879,86,85,1,1
9880,85,82,3,3
9881,61,64,-3,3
9882,128,134,-6,6
9883,91,80,11,11
9884,99,83,16,16
9885,92,90,2,2
9886,179,176,3,3
9887,114,102,12,12
9888,66,62,4,4
9889,78,86,-8,8
9890,69,69,0,0
9891,121,116,5,5
9892,85,73,12,12
9893,110,128,-18,18
9894,92,94,-2,2
9895,117,111,6,6
9896,174,167,7,7
9897,135,139,-4,4
9898,64,58,6,6
9899,75,71,4,4
9900,97,106,-9,9
9901,120,124,-4,4
9902,102,97,5,5
9903,91,87,4,4
9904,70,75,-5,5
9905,64,73,-9,9
9906,49,52,-3,3
9907,94,101,-7,7
9908,71,79,-8,8
9909,136,166,-30,30
9910,68,68,0,0
9911,122,122,0,0
9912,73,70,3,3
9913,114,115,-1,1
9914,98,98,0,0
9915,104,101,3,3
9916,103,96,7,7
9917,108,100,8,8
9918,127,123,4,4
9919,130,135,-5,5
9920,95,95,0,0
9921,89,83,6,6
9922,73,72,1,1
9923,157,141,16,16
9924,103,97,6,6
9925,105,102,3,3
9926,112,103,9,9
9927,109,102,7,7
9928,79,73,6,6
9929,92,111,-19,19
9930,72,68,4,4
9931,48,59,-11,11
9932,98,88,10,10
9933,111,111,0,0
9934,119,113,6,6
9935,139,124,15,15
9936,55,67,-12,12
9937,107,111,-4,4
9938,135,148,-13,13
9939,102,98,4,4
9940,88,93,-5,5
9941,105,117,-12,12
9942,136,121,15,15
9943,82,83,-1,1
9944,67,71,-4,4
9945,123,121,2,2
9946,120,122,-2,2
9947,94,100,-6,6
9948,51,51,0,0
9949,95,85,10,10
9950,92,92,0,0
9951,154,131,23,23
9952,76,79,-3,3
9953,59,56,3,3
9954,153,144,9,9
9955,66,76,-10,10
9956,96,105,-9,9
9957,131,128,3,3
9958,81,76,5,5
9959,80,82,-2,2
9960,59,60,-1,1
9961,72,75,-3,3
9962,148,146,2,2
9963,123,134,-11,11
9964,72,69,3,3
9965,59,62,-3,3
9966,145,145,0,0
9967,95,97,-2,2
9968,125,124,1,1
9969,79,77,2,2
9970,79,79,0,0
9971,68,74,-6,6
9972,135,140,-5,5
9973,96,96,0,0
9974,64,66,-2,2
9975,62,55,7,7
9976,102,99,3,3
9977,141,135,6,6
9978,82,78,4,4
9979,84,72,12,12
9980,85,86,-1,1
9981,77,78,-1,1
9982,107,102,5,5
9983,94,92,2,2
9984,84,72,12,12
9985,90,85,5,5
9986,127,124,3,3
9987,94,95,-1,1
9988,142,166,-24,24
9989,88,93,-5,5
9990,104,98,6,6
9991,66,69,-3,3
9992,48,52,-4,4
9993,76,74,2,2
9994,105,103,2,2
9995,62,60,2,2
9996,82,84,-2,2
9997,123,127,-4,4
9998,88,93,-5,5
9999,68,65,3,3
10000,171,155,16,16
10001,134,129,5,5
10002,81,77,4,4
10003,66,68,-2,2
10004,49,57,-8,8
10005,92,95,-3,3
10006,121,119,2,2
10007,133,127,6,6
10008,147,139,8,8
10009,81,81,0,0
10010,69,72,-3,3
10011,83,85,-2,2
10012,88,86,2,2
10013,59,53,6,6
10014,91,95,-4,4
10015,153,158,-5,5
10016,114,109,5,5
10017,77,84,-7,7
10018,85,74,11,11
10019,80,74,6,6
10020,74,72,2,2
10021,169,162,7,7
10022,108,108,0,0
10023,121,125,-4,4
10024,83,90,-7,7
10025,56,56,0,0
10026,74,74,0,0
10027,53,59,-6,6
10028,80,87,-7,7
10029,79,82,-3,3
10030,117,115,2,2
10031,174,164,10,10
10032,77,72,5,5
10033,114,102,12,12
10034,79,78,1,1
10035,158,153,5,5
10036,80,77,3,3
10037,90,117,-27,27
10038,111,106,5,5
10039,155,143,12,12
10040,55,62,-7,7
10041,74,77,-3,3
10042,62,65,-3,3
10043,138,139,-1,1
10044,143,153,-10,10
10045,113,119,-6,6
10046,100,105,-5,5
10047,115,95,20,20
10048,49,52,-3,3
10049,139,144,-5,5
10050,114,121,-7,7
10051,125,132,-7,7
10052,61,57,4,4
10053,136,135,1,1
10054,77,71,6,6
10055,211,191,20,20
10056,66,62,4,4
10057,111,102,9,9
10058,122,127,-5,5
10059,139,135,4,4
10060,121,111,10,10
10061,108,116,-8,8
10062,85,95,-10,10
10063,110,107,3,3
10064,62,71,-9,9
10065,107,101,6,6
10066,49,51,-2,2
10067,82,79,3,3
10068,92,92,0,0
10069,59,62,-3,3
10070,56,55,1,1
10071,105,97,8,8
10072,61,68,-7,7
10073,95,102,-7,7
10074,56,60,-4,4
10075,148,149,-1,1
10076,123,129,-6,6
10077,111,118,-7,7
10078,75,70,5,5
10079,139,152,-13,13
10080,68,73,-5,5
10081,90,83,7,7
10082,150,157,-7,7
10083,133,120,13,13
10084,49,55,-6,6
10085,62,64,-2,2
10086,111,102,9,9
10087,117,118,-1,1
10088,151,153,-2,2
10089,100,96,4,4
10090,42,51,-9,9
10091,78,78,0,0
10092,48,54,-6,6
10093,118,107,11,11
10094,70,64,6,6
10095,117,131,-14,14
10096,61,83,-22,22
10097,94,101,-7,7
10098,78,84,-6,6
10099,170,162,8,8
10100,68,66,2,2
10101,78,72,6,6
10102,47,51,-4,4
10103,130,110,20,20
10104,80,81,-1,1
10105,70,74,-4,4
10106,49,59,-10,10
10107,117,113,4,4
10108,86,89,-3,3
10109,82,75,7,7
10110,54,54,0,0
10111,160,155,5,5
10112,78,91,-13,13
10113,82,82,0,0
10114,59,60,-1,1
10115,115,113,2,2
10116,86,89,-3,3
10117,119,107,12,12
10118,116,119,-3,3
10119,90,97,-7,7
10120,75,78,-3,3
10121,81,80,1,1
10122,87,90,-3,3
10123,108,104,4,4
10124,50,55,-5,5
10125,53,56,-3,3
10126,130,143,-13,13
10127,125,114,11,11
10128,118,113,5,5
10129,112,110,2,2
10130,62,71,-9,9
10131,105,104,1,1
10132,90,97,-7,7
10133,143,147,-4,4
10134,58,55,3,3
10135,64,69,-5,5
10136,108,99,9,9
10137,98,82,16,16
10138,136,133,3,3
10139,101,114,-13,13
10140,85,90,-5,5
10141,92,97,-5,5
10142,144,137,7,7
10143,80,82,-2,2
10144,110,96,14,14
10145,66,62,4,4
10146,73,71,2,2
10147,59,60,-1,1
10148,88,92,-4,4
10149,74,83,-9,9
10150,61,64,-3,3
10151,125,116,9,9
10152,55,55,0,0
10153,115,112,3,3
10154,58,65,-7,7
10155,76,81,-5,5
10156,137,143,-6,6
10157,81,76,5,5
10158,116,117,-1,1
10159,81,77,4,4
10160,94,88,6,6
10161,78,90,-12,12
10162,80,74,6,6
10163,99,96,3,3
10164,118,115,3,3
10165,137,131,6,6
10166,98,99,-1,1
10167,71,65,6,6
10168,83,83,0,0
10169,132,145,-13,13
10170,69,71,-2,2
10171,119,121,-2,2
10172,101,109,-8,8
10173,92,94,-2,2
10174,74,71,3,3
10175,95,97,-2,2
10176,67,71,-4,4
10177,50,61,-11,11
10178,106,102,4,4
10179,102,94,8,8
10180,359,261,98,98
10181,58,63,-5,5
10182,94,92,2,2
10183,90,77,13,13
10184,88,82,6,6
10185,105,93,12,12
10186,75,76,-1,1
10187,89,89,0,0
10188,86,82,4,4
10189,133,130,3,3
10190,35,51,-16,16
10191,88,82,6,6
10192,177,164,13,13
10193,100,97,3,3
10194,65,61,4,4
10195,104,101,3,3
10196,67,62,5,5
10197,86,85,1,1
10198,123,115,8,8
10199,108,102,6,6
10200,84,81,3,3
10201,54,60,-6,6
10202,95,94,1,1
10203,86,83,3,3
10204,70,81,-11,11
10205,84,80,4,4
10206,107,107,0,0
10207,45,52,-7,7
10208,85,89,-4,4
10209,79,82,-3,3
10210,125,125,0,0
10211,92,89,3,3
10212,74,79,-5,5
10213,139,146,-7,7
10214,84,80,4,4
10215,103,120,-17,17
10216,60,71,-11,11
10217,78,83,-5,5
10218,69,65,4,4
10219,131,134,-3,3
10220,102,96,6,6
10221,69,71,-2,2
10222,58,63,-5,5
10223,43,49,-6,6
10224,29,50,-21,21
10225,86,87,-1,1
10226,114,115,-1,1
10227,38,49,-11,11
10228,113,123,-10,10
10229,74,86,-12,12
10230,67,70,-3,3
10231,221,213,8,8
10232,103,106,-3,3
10233,224,214,10,10
10234,82,100,-18,18
10235,104,98,6,6
10236,115,105,10,10
10237,70,86,-16,16
10238,92,90,2,2
10239,118,117,1,1
10240,159,145,14,14
10241,124,112,12,12
10242,165,136,29,29
10243,118,124,-6,6
10244,79,71,8,8
10245,113,108,5,5
10246,61,62,-1,1
10247,112,112,0,0
10248,68,71,-3,3
10249,71,75,-4,4
10250,127,120,7,7
10251,82,81,1,1
10252,63,64,-1,1
10253,189,198,-9,9
10254,73,82,-9,9
10255,76,70,6,6
10256,99,108,-9,9
10257,131,132,-1,1
10258,88,88,0,0
10259,61,64,-3,3
10260,135,129,6,6
10261,52,64,-12,12
10262,114,115,-1,1
10263,82,84,-2,2
10264,106,102,4,4
10265,102,117,-15,15
10266,105,116,-11,11
10267,77,82,-5,5
10268,66,60,6,6
10269,129,118,11,11
10270,73,74,-1,1
10271,77,75,2,2
10272,70,69,1,1
10273,40,52,-12,12
10274,55,69,-14,14
10275,130,136,-6,6
10276,168,162,6,6
10277,76,64,12,12
10278,136,131,5,5
10279,104,110,-6,6
10280,52,59,-7,7
10281,151,145,6,6
10282,74,75,-1,1
10283,60,69,-9,9
10284,90,87,3,3
10285,81,75,6,6
10286,118,119,-1,1
10287,96,94,2,2
10288,96,90,6,6
10289,151,155,-4,4
10290,125,121,4,4
10291,73,68,5,5
10292,107,101,6,6
10293,113,115,-2,2
10294,118,124,-6,6
10295,71,78,-7,7
10296,68,71,-3,3
10297,65,67,-2,2
10298,48,56,-8,8
10299,73,75,-2,2
10300,86,106,-20,20
10301,45,52,-7,7
10302,87,85,2,2
10303,113,109,4,4
10304,137,134,3,3
10305,114,119,-5,5
10306,61,62,-1,1
10307,106,91,15,15
10308,128,129,-1,1
10309,111,113,-2,2
10310,100,96,4,4
10311,100,90,10,10
10312,133,141,-8,8
10313,96,96,0,0
10314,133,127,6,6
10315,130,129,1,1
10316,78,82,-4,4
10317,130,113,17,17
10318,110,120,-10,10
10319,75,81,-6,6
10320,144,142,2,2
10321,81,85,-4,4
10322,63,69,-6,6
10323,122,124,-2,2
10324,119,131,-12,12
10325,99,99,0,0
10326,111,108,3,3
10327,143,120,23,23
10328,104,119,-15,15
10329,93,86,7,7
10330,72,78,-6,6
10331,79,81,-2,2
10332,128,134,-6,6
10333,99,93,6,6
10334,76,81,-5,5
10335,100,101,-1,1
10336,70,70,0,0
10337,148,152,-4,4
10338,68,65,3,3
10339,100,112,-12,12
10340,74,88,-14,14
10341,86,71,15,15
10342,93,84,9,9
10343,138,121,17,17
10344,149,166,-17,17
10345,65,64,1,1
10346,89,93,-4,4
10347,117,81,36,36
10348,98,86,12,12
10349,127,127,0,0
10350,106,99,7,7
10351,68,63,5,5
10352,160,142,18,18
10353,83,91,-8,8
10354,129,116,13,13
10355,117,104,13,13
10356,74,79,-5,5
10357,101,97,4,4
10358,113,111,2,2
10359,121,114,7,7
10360,122,129,-7,7
10361,117,114,3,3
10362,131,137,-6,6
10363,68,62,6,6
10364,86,95,-9,9
10365,97,91,6,6
10366,125,122,3,3
10367,65,70,-5,5
10368,49,54,-5,5
10369,81,82,-1,1
10370,103,106,-3,3
10371,110,102,8,8
10372,86,92,-6,6
10373,103,100,3,3
10374,103,106,-3,3
10375,59,60,-1,1
10376,119,108,11,11
10377,40,49,-9,9
10378,102,103,-1,1
10379,120,111,9,9
10380,103,106,-3,3
10381,101,97,4,4
10382,106,105,1,1
10383,110,112,-2,2
10384,82,76,6,6
10385,88,82,6,6
10386,174,178,-4,4
10387,99,89,10,10
10388,66,67,-1,1
10389,105,114,-9,9
10390,59,62,-3,3
10391,128,114,14,14
10392,53,62,-9,9
10393,123,131,-8,8
10394,88,82,6,6
10395,80,79,1,1
10396,72,83,-11,11
10397,73,78,-5,5
10398,60,59,1,1
10399,88,87,1,1
10400,82,82,0,0
10401,156,148,8,8
10402,163,146,17,17
10403,73,70,3,3
10404,105,95,10,10
10405,137,126,11,11
10406,74,76,-2,2
10407,85,80,5,5
10408,71,77,-6,6
10409,56,62,-6,6
10410,95,89,6,6
10411,48,60,-12,12
10412,113,115,-2,2
10413,96,94,2,2
10414,111,109,2,2
10415,80,116,-36,36
10416,44,53,-9,9
10417,73,71,2,2
10418,132,110,22,22
10419,100,88,12,12
10420,126,122,4,4
10421,77,85,-8,8
10422,81,90,-9,9
10423,68,61,7,7
10424,73,94,-21,21
10425,100,106,-6,6
10426,98,87,11,11
10427,60,60,0,0
10428,110,110,0,0
10429,102,101,1,1
10430,75,75,0,0
10431,138,143,-5,5
10432,81,74,7,7
10433,108,117,-9,9
10434,148,137,11,11
10435,59,58,1,1
10436,88,91,-3,3
10437,104,86,18,18
10438,72,63,9,9
10439,82,85,-3,3
10440,93,91,2,2
10441,93,87,6,6
10442,160,159,1,1
10443,129,127,2,2
10444,113,116,-3,3
10445,116,102,14,14
10446,119,121,-2,2
10447,86,84,2,2
10448,44,61,-17,17
10449,76,71,5,5
10450,61,65,-4,4
10451,80,91,-11,11
10452,99,88,11,11
10453,87,100,-13,13
10454,117,115,2,2
10455,50,72,-22,22
10456,150,140,10,10
10457,123,116,7,7
10458,100,75,25,25
10459,147,142,5,5
10460,185,190,-5,5
10461,59,58,1,1
10462,81,78,3,3
10463,61,76,-15,15
10464,126,123,3,3
10465,82,83,-1,1
10466,100,95,5,5
10467,81,77,4,4
10468,39,49,-10,10
10469,77,70,7,7
10470,51,55,-4,4
10471,98,107,-9,9
10472,133,149,-16,16
10473,80,81,-1,1
10474,151,138,13,13
10475,88,78,10,10
10476,55,55,0,0
10477,72,77,-5,5
10478,75,82,-7,7
10479,77,69,8,8
10480,81,69,12,12
10481,144,144,0,0
10482,121,103,18,18
10483,57,57,0,0
10484,69,75,-6,6
10485,99,99,0,0
10486,64,72,-8,8
10487,130,113,17,17
10488,106,111,-5,5
10489,72,73,-1,1
10490,67,75,-8,8
10491,68,66,2,2
10492,79,83,-4,4
10493,81,82,-1,1
10494,69,68,1,1
10495,67,69,-2,2
10496,73,74,-1,1
10497,39,54,-15,15
10498,112,122,-10,10
10499,71,76,-5,5
10500,132,124,8,8
10501,133,137,-4,4
10502,95,91,4,4
10503,112,106,6,6
10504,112,100,12,12
10505,99,114,-15,15
10506,71,79,-8,8
10507,127,142,-15,15
10508,89,96,-7,7
10509,87,87,0,0
10510,124,116,8,8
10511,66,67,-1,1
10512,92,98,-6,6
10513,80,75,5,5
10514,94,95,-1,1
10515,146,155,-9,9
10516,139,143,-4,4
10517,136,133,3,3
10518,63,62,1,1
10519,54,56,-2,2
10520,171,164,7,7
10521,91,85,6,6
10522,170,156,14,14
10523,147,149,-2,2
10524,70,68,2,2
10525,140,146,-6,6
10526,117,119,-2,2
10527,72,70,2,2
10528,132,130,2,2
10529,63,63,0,0
10530,102,104,-2,2
10531,81,83,-2,2
10532,90,89,1,1
10533,87,88,-1,1
10534,127,125,2,2
10535,56,60,-4,4
10536,44,48,-4,4
10537,122,118,4,4
10538,111,110,1,1
10539,66,68,-2,2
10540,110,116,-6,6
10541,101,102,-1,1
10542,119,122,-3,3
10543,75,83,-8,8
10544,65,64,1,1
10545,55,58,-3,3
10546,76,84,-8,8
10547,70,71,-1,1
10548,157,179,-22,22
10549,27,47,-20,20
10550,83,80,3,3
10551,125,122,3,3
10552,95,102,-7,7
10553,86,77,9,9
10554,116,119,-3,3
10555,66,63,3,3
10556,144,166,-22,22
10557,96,102,-6,6
10558,94,93,1,1
10559,37,50,-13,13
10560,195,182,13,13
10561,108,105,3,3
10562,130,134,-4,4
10563,78,81,-3,3
10564,57,60,-3,3
10565,72,66,6,6
10566,57,69,-12,12
10567,90,104,-14,14
10568,67,61,6,6
10569,157,159,-2,2
10570,57,63,-6,6
10571,94,93,1,1
10572,69,74,-5,5
10573,86,85,1,1
10574,58,61,-3,3
10575,105,104,1,1
10576,74,73,1,1
10577,116,117,-1,1
10578,78,73,5,5
10579,115,110,5,5
10580,64,63,1,1
10581,127,119,8,8
10582,77,80,-3,3
10583,99,95,4,4
10584,68,70,-2,2
10585,101,111,-10,10
10586,88,82,6,6
10587,121,121,0,0
10588,100,99,1,1
10589,87,69,18,18
10590,80,72,8,8
10591,43,54,-11,11
10592,103,111,-8,8
10593,149,138,11,11
10594,67,71,-4,4
10595,110,114,-4,4
10596,127,116,11,11
10597,55,58,-3,3
10598,133,129,4,4
10599,82,84,-2,2
10600,45,48,-3,3
10601,59,62,-3,3
10602,120,117,3,3
10603,103,109,-6,6
10604,145,147,-2,2
10605,119,124,-5,5
10606,75,81,-6,6
10607,74,69,5,5
10608,109,113,-4,4
10609,148,146,2,2
10610,80,82,-2,2
10611,68,68,0,0
10612,116,119,-3,3
10613,114,105,9,9
10614,100,103,-3,3
10615,72,73,-1,1
10616,119,131,-12,12
10617,96,87,9,9
10618,58,61,-3,3
10619,132,140,-8,8
10620,169,168,1,1
10621,70,69,1,1
10622,90,85,5,5
10623,93,88,5,5
10624,107,125,-18,18
10625,124,117,7,7
10626,43,47,-4,4
10627,102,95,7,7
10628,107,107,0,0
10629,61,65,-4,4
10630,62,64,-2,2
10631,72,68,4,4
10632,129,121,8,8
10633,74,76,-2,2
10634,81,76,5,5
10635,107,99,8,8
10636,79,73,6,6
10637,43,48,-5,5
10638,72,76,-4,4
10639,102,88,14,14
10640,93,86,7,7
10641,90,87,3,3
10642,66,57,9,9
10643,125,121,4,4
10644,73,71,2,2
10645,78,70,8,8
10646,49,54,-5,5
10647,81,74,7,7
10648,74,78,-4,4
10649,78,75,3,3
10650,82,81,1,1
10651,92,112,-20,20
10652,110,82,28,28
10653,96,90,6,6
10654,83,87,-4,4
10655,143,142,1,1
10656,88,79,9,9
10657,111,110,1,1
10658,54,56,-2,2
10659,66,72,-6,6
10660,68,79,-11,11
10661,57,66,-9,9
10662,169,148,21,21
10663,63,71,-8,8
10664,131,142,-11,11
10665,102,100,2,2
10666,47,57,-10,10
10667,58,60,-2,2
10668,127,121,6,6
10669,100,96,4,4
10670,109,115,-6,6
10671,109,102,7,7
10672,92,87,5,5
10673,93,86,7,7
10674,64,64,0,0
10675,95,96,-1,1
10676,97,93,4,4
10677,87,91,-4,4
10678,65,68,-3,3
10679,84,83,1,1
10680,140,122,18,18
10681,88,85,3,3
10682,56,54,2,2
10683,131,128,3,3
10684,107,103,4,4
10685,93,86,7,7
10686,125,120,5,5
10687,204,191,13,13
10688,128,120,8,8
10689,80,76,4,4
10690,161,180,-19,19
10691,114,111,3,3
10692,96,77,19,19
10693,79,81,-2,2
10694,60,59,1,1
10695,176,169,7,7
10696,41,50,-9,9
10697,50,57,-7,7
10698,45,52,-7,7
10699,168,141,27,27
10700,65,62,3,3
10701,57,53,4,4
10702,98,99,-1,1
10703,77,76,1,1
10704,84,81,3,3
10705,76,78,-2,2
10706,75,87,-12,12
10707,93,94,-1,1
10708,71,107,-36,36
10709,87,81,6,6
10710,65,67,-2,2
10711,130,120,10,10
10712,74,65,9,9
10713,34,50,-16,16
10714,129,111,18,18
10715,114,120,-6,6
10716,70,69,1,1
10717,50,60,-10,10
10718,93,86,7,7
10719,55,57,-2,2
10720,94,80,14,14
10721,46,50,-4,4
10722,50,55,-5,5
10723,104,94,10,10
10724,118,116,2,2
10725,102,100,2,2
10726,84,84,0,0
10727,165,176,-11,11
10728,97,98,-1,1
10729,92,91,1,1
10730,89,76,13,13
10731,76,76,0,0
10732,75,91,-16,16
10733,142,141,1,1
10734,96,97,-1,1
10735,145,149,-4,4
10736,87,88,-1,1
10737,64,63,1,1
10738,48,61,-13,13
10739,94,91,3,3
10740,69,65,4,4
10741,66,62,4,4
10742,131,122,9,9
10743,98,92,6,6
10744,94,98,-4,4
10745,65,66,-1,1
10746,89,90,-1,1
10747,128,123,5,5
10748,144,140,4,4
10749,53,64,-11,11
10750,108,112,-4,4
10751,29,49,-20,20
10752,58,59,-1,1
10753,94,103,-9,9
10754,74,70,4,4
10755,133,131,2,2
10756,75,72,3,3
10757,87,77,10,10
10758,133,133,0,0
10759,74,70,4,4
10760,80,79,1,1
10761,52,52,0,0
10762,116,116,0,0
10763,158,153,5,5
10764,224,204,20,20
10765,97,99,-2,2
10766,128,122,6,6
10767,102,101,1,1
10768,114,104,10,10
10769,41,49,-8,8
10770,86,87,-1,1
10771,42,54,-12,12
10772,111,105,6,6
10773,142,147,-5,5
10774,68,64,4,4
10775,65,64,1,1
10776,116,120,-4,4
10777,91,86,5,5
10778,157,158,-1,1
10779,140,138,2,2
10780,126,117,9,9
10781,77,76,1,1
10782,86,87,-1,1
10783,102,102,0,0
10784,95,92,3,3
10785,64,67,-3,3
10786,103,113,-10,10
10787,55,64,-9,9
10788,77,80,-3,3
10789,160,148,12,12
10790,58,59,-1,1
10791,191,188,3,3
10792,121,129,-8,8
10793,77,70,7,7
10794,161,151,10,10
10795,65,62,3,3
10796,80,92,-12,12
10797,77,82,-5,5
10798,67,74,-7,7
10799,51,59,-8,8
10800,76,75,1,1
10801,155,143,12,12
10802,96,86,10,10
10803,65,65,0,0
10804,98,96,2,2
10805,101,98,3,3
10806,49,52,-3,3
10807,112,106,6,6
10808,81,65,16,16
10809,49,49,0,0
10810,65,65,0,0
10811,90,84,6,6
10812,126,117,9,9
10813,48,50,-2,2
10814,120,118,2,2
10815,55,56,-1,1
10816,75,86,-11,11
10817,83,99,-16,16
10818,135,125,10,10
10819,131,133,-2,2
10820,117,126,-9,9
10821,88,80,8,8
10822,92,93,-1,1
10823,90,99,-9,9
10824,98,102,-4,4
10825,101,94,7,7
10826,138,140,-2,2
10827,84,87,-3,3
10828,104,106,-2,2
10829,98,116,-18,18
10830,87,88,-1,1
10831,102,106,-4,4
10832,81,82,-1,1
10833,75,79,-4,4
10834,145,137,8,8
10835,114,113,1,1
10836,63,64,-1,1
10837,51,54,-3,3
10838,109,108,1,1
10839,69,66,3,3
10840,87,98,-11,11
10841,72,65,7,7
10842,114,115,-1,1
10843,96,83,13,13
10844,140,150,-10,10
10845,171,165,6,6
10846,97,96,1,1
10847,77,79,-2,2
10848,125,103,22,22
10849,75,72,3,3
10850,98,104,-6,6
10851,118,122,-4,4
10852,120,115,5,5
10853,69,71,-2,2
10854,57,63,-6,6
10855,129,122,7,7
10856,127,129,-2,2
10857,81,83,-2,2
10858,102,103,-1,1
10859,154,146,8,8
10860,116,111,5,5
10861,47,48,-1,1
10862,124,121,3,3
10863,124,117,7,7
10864,138,131,7,7
10865,82,83,-1,1
10866,120,114,6,6
10867,114,108,6,6
10868,90,92,-2,2
10869,88,86,2,2
10870,53,53,0,0
10871,84,77,7,7
10872,80,81,-1,1
10873,147,141,6,6
10874,79,86,-7,7
10875,115,112,3,3
10876,80,78,2,2
10877,117,114,3,3
10878,123,119,4,4
10879,54,64,-10,10
10880,93,92,1,1
10881,145,143,2,2
10882,128,136,-8,8
10883,73,72,1,1
10884,51,50,1,1
10885,65,67,-2,2
10886,102,113,-11,11
10887,95,104,-9,9
10888,58,57,1,1
10889,49,59,-10,10
10890,113,113,0,0
10891,121,126,-5,5
10892,148,148,0,0
10893,139,145,-6,6
10894,96,111,-15,15
10895,143,136,7,7
10896,92,96,-4,4
10897,78,74,4,4
10898,11,42,-31,31
10899,66,68,-2,2
10900,79,77,2,2
10901,70,68,2,2
10902,67,72,-5,5
10903,77,76,1,1
10904,144,145,-1,1
10905,84,86,-2,2
10906,50,56,-6,6
10907,79,73,6,6
10908,90,99,-9,9
10909,62,58,4,4
10910,134,147,-13,13
10911,110,106,4,4
10912,78,109,-31,31
10913,142,127,15,15
10914,79,85,-6,6
10915,143,140,3,3
10916,80,85,-5,5
10917,37,46,-9,9
10918,70,66,4,4
10919,96,104,-8,8
10920,135,142,-7,7
10921,76,73,3,3
10922,181,173,8,8
10923,105,111,-6,6
10924,49,50,-1,1
10925,65,72,-7,7
10926,139,130,9,9
10927,38,49,-11,11
10928,83,86,-3,3
10929,56,63,-7,7
10930,120,106,14,14
10931,109,113,-4,4
10932,160,151,9,9
10933,117,130,-13,13
10934,92,99,-7,7
10935,99,98,1,1
10936,114,116,-2,2
10937,70,62,8,8
10938,93,103,-10,10
10939,112,104,8,8
10940,118,112,6,6
10941,72,66,6,6
10942,51,56,-5,5
10943,119,102,17,17
10944,85,83,2,2
10945,101,110,-9,9
10946,78,83,-5,5
10947,75,73,2,2
10948,69,79,-10,10
10949,120,115,5,5
10950,72,71,1,1
10951,64,76,-12,12
10952,80,77,3,3
10953,80,88,-8,8
10954,75,71,4,4
10955,76,72,4,4
10956,157,145,12,12
10957,80,94,-14,14
10958,117,117,0,0
10959,103,94,9,9
10960,129,111,18,18
10961,139,137,2,2
10962,98,93,5,5
10963,87,76,11,11
10964,165,148,17,17
10965,73,80,-7,7
10966,137,137,0,0
10967,150,152,-2,2
10968,74,82,-8,8
10969,157,149,8,8
10970,82,98,-16,16
10971,74,68,6,6
10972,37,70,-33,33
10973,95,93,2,2
10974,104,97,7,7
10975,124,128,-4,4
10976,37,53,-16,16
10977,80,108,-28,28
10978,80,91,-11,11
10979,88,84,4,4
10980,147,122,25,25
10981,65,69,-4,4
10982,101,100,1,1
10983,93,91,2,2
10984,71,75,-4,4
10985,64,56,8,8
10986,71,77,-6,6
10987,60,70,-10,10
10988,64,77,-13,13
10989,55,54,1,1
10990,48,72,-24,24
10991,141,131,10,10
10992,95,93,2,2
10993,58,64,-6,6
10994,95,90,5,5
10995,71,75,-4,4
10996,89,87,2,2
10997,125,122,3,3
10998,170,177,-7,7
10999,153,155,-2,2
11000,84,81,3,3
11001,137,136,1,1
11002,81,76,5,5
11003,77,89,-12,12
11004,75,82,-7,7
11005,110,110,0,0
11006,53,54,-1,1
11007,92,86,6,6
11008,105,118,-13,13
11009,55,60,-5,5
11010,85,99,-14,14
11011,141,124,17,17
11012,126,133,-7,7
11013,82,78,4,4
11014,124,120,4,4
11015,76,91,-15,15
11016,126,108,18,18
11017,56,57,-1,1
11018,65,65,0,0
11019,91,100,-9,9
11020,65,69,-4,4
11021,84,88,-4,4
11022,95,95,0,0
11023,109,98,11,11
11024,74,67,7,7
11025,60,56,4,4
11026,65,66,-1,1
11027,77,77,0,0
11028,79,80,-1,1
11029,65,61,4,4
11030,110,111,-1,1
11031,116,126,-10,10
11032,67,71,-4,4
11033,83,84,-1,1
11034,120,113,7,7
11035,157,132,25,25
11036,123,123,0,0
11037,80,79,1,1
11038,99,105,-6,6
11039,88,80,8,8
11040,67,83,-16,16
11041,134,132,2,2
11042,76,71,5,5
11043,96,106,-10,10
11044,83,91,-8,8
11045,57,63,-6,6
11046,93,92,1,1
11047,60,62,-2,2
11048,85,82,3,3
11049,62,70,-8,8
11050,110,112,-2,2
11051,108,111,-3,3
11052,66,64,2,2
11053,67,74,-7,7
11054,71,66,5,5
11055,79,76,3,3
11056,145,150,-5,5
11057,62,74,-12,12
11058,60,69,-9,9
11059,126,128,-2,2
11060,120,123,-3,3
11061,67,69,-2,2
11062,96,96,0,0
11063,54,55,-1,1
11064,66,64,2,2
11065,101,98,3,3
11066,83,74,9,9
11067,120,112,8,8
11068,186,185,1,1
11069,72,72,0,0
11070,91,88,3,3
11071,158,151,7,7
11072,67,70,-3,3
11073,118,100,18,18
11074,63,59,4,4
11075,105,98,7,7
11076,124,106,18,18
11077,108,87,21,21
11078,121,113,8,8
11079,39,48,-9,9
11080,90,90,0,0
11081,218,231,-13,13
11082,71,85,-14,14
11083,81,86,-5,5
11084,61,59,2,2
11085,86,77,9,9
11086,59,59,0,0
11087,168,172,-4,4
11088,86,99,-13,13
11089,104,111,-7,7
11090,89,92,-3,3
11091,80,80,0,0
11092,81,77,4,4
11093,87,78,9,9
11094,119,111,8,8
11095,136,131,5,5
11096,113,105,8,8
11097,68,77,-9,9
11098,86,75,11,11
11099,103,102,1,1
11100,72,79,-7,7
11101,142,151,-9,9
11102,172,190,-18,18
11103,166,164,2,2
11104,96,106,-10,10
11105,106,114,-8,8
11106,125,117,8,8
11107,125,119,6,6
11108,75,102,-27,27
11109,94,84,10,10
11110,103,106,-3,3
11111,58,62,-4,4
11112,81,74,7,7
11113,133,120,13,13
11114,122,122,0,0
11115,99,104,-5,5
11116,67,67,0,0
11117,126,121,5,5
11118,91,87,4,4
11119,73,75,-2,2
11120,89,93,-4,4
11121,124,144,-20,20
11122,68,59,9,9
11123,126,125,1,1
11124,76,80,-4,4
11125,167,153,14,14
11126,36,48,-12,12
11127,137,135,2,2
11128,93,90,3,3
11129,115,113,2,2
11130,125,118,7,7
11131,79,79,0,0
11132,59,59,0,0
11133,90,93,-3,3
11134,73,74,-1,1
11135,74,72,2,2
11136,111,104,7,7
11137,129,128,1,1
11138,80,82,-2,2
11139,97,93,4,4
11140,83,80,3,3
11141,129,127,2,2
11142,120,120,0,0
11143,93,84,9,9
11144,95,107,-12,12
11145,101,99,2,2
11146,93,92,1,1
11147,112,127,-15,15
11148,103,104,-1,1
11149,60,65,-5,5
11150,95,106,-11,11
11151,62,66,-4,4
11152,69,72,-3,3
11153,83,97,-14,14
11154,53,55,-2,2
11155,98,90,8,8
11156,101,110,-9,9
11157,73,85,-12,12
11158,94,106,-12,12
11159,55,57,-2,2
11160,93,113,-20,20
11161,70,72,-2,2
11162,102,109,-7,7
11163,75,69,6,6
11164,77,65,12,12
11165,96,94,2,2
11166,93,103,-10,10
11167,78,86,-8,8
11168,155,149,6,6
11169,94,95,-1,1
11170,66,66,0,0
11171,71,86,-15,15
11172,96,97,-1,1
11173,143,144,-1,1
11174,60,62,-2,2
11175,79,82,-3,3
11176,93,95,-2,2
11177,126,124,2,2
11178,128,123,5,5
11179,103,93,10,10
11180,95,91,4,4
11181,86,98,-12,12
11182,95,92,3,3
11183,68,67,1,1
11184,102,108,-6,6
11185,74,74,0,0
11186,94,122,-28,28
11187,83,64,19,19
11188,107,104,3,3
11189,65,61,4,4
11190,66,66,0,0
11191,113,113,0,0
11192,164,150,14,14
11193,60,65,-5,5
11194,139,156,-17,17
11195,96,108,-12,12
11196,87,76,11,11
11197,113,110,3,3
11198,180,174,6,6
11199,106,101,5,5
11200,73,75,-2,2
11201,121,126,-5,5
11202,125,121,4,4
11203,62,65,-3,3
11204,56,58,-2,2
11205,81,79,2,2
11206,103,96,7,7
11207,107,102,5,5
11208,70,63,7,7
11209,107,102,5,5
11210,167,205,-38,38
11211,72,60,12,12
11212,123,114,9,9
11213,178,191,-13,13
11214,142,150,-8,8
11215,138,126,12,12
11216,148,138,10,10
11217,141,142,-1,1
11218,119,129,-10,10
11219,67,66,1,1
11220,126,139,-13,13
11221,35,88,-53,53
11222,86,93,-7,7
11223,82,92,-10,10
11224,135,165,-30,30
11225,111,102,9,9
11226,145,148,-3,3
11227,99,86,13,13
11228,69,77,-8,8
11229,81,98,-17,17
11230,58,57,1,1
11231,58,71,-13,13
11232,141,120,21,21
11233,75,77,-2,2
11234,108,116,-8,8
11235,128,136,-8,8
11236,87,101,-14,14
11237,90,96,-6,6
11238,133,133,0,0
11239,73,70,3,3
11240,63,61,2,2
11241,73,77,-4,4
11242,136,144,-8,8
11243,105,99,6,6
11244,60,62,-2,2
11245,102,97,5,5
11246,100,97,3,3
11247,57,62,-5,5
11248,71,70,1,1
11249,76,75,1,1
11250,58,61,-3,3
11251,204,193,11,11
11252,96,95,1,1
11253,113,105,8,8
11254,114,97,17,17
11255,138,131,7,7
11256,79,86,-7,7
11257,142,133,9,9
11258,109,104,5,5
11259,141,141,0,0
11260,73,67,6,6
11261,89,74,15,15
11262,85,89,-4,4
11263,159,149,10,10
11264,107,104,3,3
11265,68,75,-7,7
11266,79,84,-5,5
11267,109,111,-2,2
11268,78,71,7,7
11269,61,68,-7,7
11270,102,103,-1,1
11271,140,138,2,2
11272,156,152,4,4
11273,155,152,3,3
11274,118,110,8,8
11275,85,81,4,4
11276,162,155,7,7
11277,105,109,-4,4
11278,100,99,1,1
11279,102,92,10,10
11280,130,122,8,8
11281,55,59,-4,4
11282,69,76,-7,7
11283,89,83,6,6
11284,39,54,-15,15
11285,139,131,8,8
11286,94,91,3,3
11287,79,72,7,7
11288,171,162,9,9
11289,139,135,4,4
11290,85,89,-4,4
11291,86,86,0,0
11292,114,107,7,7
11293,134,126,8,8
11294,51,56,-5,5
11295,47,53,-6,6
11296,56,62,-6,6
11297,72,73,-1,1
11298,96,103,-7,7
11299,143,144,-1,1
11300,115,98,17,17
11301,99,109,-10,10
11302,91,99,-8,8
11303,85,88,-3,3
11304,151,133,18,18
11305,42,56,-14,14
11306,125,120,5,5
11307,41,72,-31,31
11308,137,116,21,21
11309,100,95,5,5
11310,143,125,18,18
11311,174,170,4,4
11312,81,78,3,3
11313,106,104,2,2
11314,150,138,12,12
11315,66,67,-1,1
11316,119,115,4,4
11317,133,118,15,15
11318,58,61,-3,3
11319,90,93,-3,3
11320,111,111,0,0
11321,157,144,13,13
11322,106,104,2,2
11323,121,118,3,3
11324,61,64,-3,3
11325,111,110,1,1
11326,88,90,-2,2
11327,81,84,-3,3
11328,93,90,3,3
11329,77,78,-1,1
11330,163,144,19,19
11331,104,104,0,0
11332,76,68,8,8
11333,52,57,-5,5
11334,87,95,-8,8
11335,104,100,4,4
11336,62,58,4,4
11337,112,117,-5,5
11338,76,81,-5,5
11339,129,128,1,1
11340,106,115,-9,9
11341,63,64,-1,1
11342,87,90,-3,3
11343,106,111,-5,5
11344,86,73,13,13
11345,88,80,8,8
11346,89,89,0,0
11347,71,75,-4,4
11348,116,102,14,14
11349,55,58,-3,3
11350,83,94,-11,11
11351,64,65,-1,1
11352,71,68,3,3
11353,128,119,9,9
11354,57,62,-5,5
11355,127,127,0,0
11356,47,49,-2,2
11357,94,86,8,8
11358,60,57,3,3
11359,60,67,-7,7
11360,55,64,-9,9
11361,97,100,-3,3
11362,82,85,-3,3
11363,109,106,3,3
11364,111,106,5,5
11365,61,60,1,1
11366,70,74,-4,4
11367,79,77,2,2
11368,107,104,3,3
11369,89,86,3,3
11370,60,57,3,3
11371,147,147,0,0
11372,83,81,2,2
11373,104,104,0,0
11374,134,138,-4,4
11375,88,86,2,2
11376,35,48,-13,13
11377,117,131,-14,14
11378,78,77,1,1
11379,149,137,12,12
11380,85,85,0,0
11381,97,97,0,0
11382,115,121,-6,6
11383,109,94,15,15
11384,81,80,1,1
11385,81,88,-7,7
11386,93,102,-9,9
11387,123,128,-5,5
11388,95,94,1,1
11389,102,96,6,6
11390,57,55,2,2
11391,179,179,0,0
11392,126,128,-2,2
11393,62,66,-4,4
11394,65,75,-10,10
11395,109,104,5,5
11396,74,72,2,2
11397,113,112,1,1
11398,121,116,5,5
11399,114,103,11,11
11400,63,64,-1,1
11401,103,104,-1,1
11402,80,74,6,6
11403,45,77,-32,32
11404,93,95,-2,2
11405,121,111,10,10
11406,166,170,-4,4
11407,63,75,-12,12
11408,66,59,7,7
11409,55,75,-20,20
11410,116,118,-2,2
11411,96,95,1,1
11412,76,72,4,4
11413,54,63,-9,9
11414,108,109,-1,1
11415,51,54,-3,3
11416,109,106,3,3
11417,75,71,4,4
11418,86,91,-5,5
11419,82,93,-11,11
11420,36,52,-16,16
11421,64,74,-10,10
11422,119,108,11,11
11423,53,59,-6,6
11424,73,73,0,0
11425,58,58,0,0
11426,41,53,-12,12
11427,58,67,-9,9
11428,118,119,-1,1
11429,134,125,9,9
11430,75,76,-1,1
11431,50,53,-3,3
11432,98,99,-1,1
11433,33,49,-16,16
11434,109,105,4,4
11435,79,84,-5,5
11436,60,58,2,2
11437,100,105,-5,5
11438,85,74,11,11
11439,75,77,-2,2
11440,82,75,7,7
11441,57,58,-1,1
11442,164,168,-4,4
11443,157,152,5,5
11444,76,69,7,7
11445,72,76,-4,4
11446,57,83,-26,26
11447,96,114,-18,18
11448,90,85,5,5
11449,100,97,3,3
11450,129,127,2,2
11451,91,86,5,5
11452,98,96,2,2
11453,102,99,3,3
11454,198,202,-4,4
11455,78,76,2,2
11456,60,62,-2,2
11457,173,169,4,4
11458,98,96,2,2
11459,72,70,2,2
11460,90,123,-33,33
11461,170,164,6,6
11462,163,151,12,12
11463,77,79,-2,2
11464,66,70,-4,4
11465,67,59,8,8
11466,66,75,-9,9
11467,99,88,11,11
11468,86,83,3,3
11469,85,86,-1,1
11470,71,70,1,1
11471,136,127,9,9
11472,86,82,4,4
11473,60,63,-3,3
11474,119,121,-2,2
11475,132,133,-1,1
11476,114,118,-4,4
11477,66,68,-2,2
11478,147,143,4,4
11479,90,90,0,0
11480,112,108,4,4
11481,68,60,8,8
11482,119,111,8,8
11483,121,118,3,3
11484,70,97,-27,27
11485,124,117,7,7
11486,47,53,-6,6
11487,70,81,-11,11
11488,80,72,8,8
11489,44,50,-6,6
11490,75,80,-5,5
11491,65,68,-3,3
11492,80,71,9,9
11493,95,96,-1,1
11494,124,119,5,5
11495,50,60,-10,10
11496,133,124,9,9
11497,77,77,0,0
11498,105,109,-4,4
11499,70,69,1,1
11500,86,88,-2,2
11501,97,88,9,9
11502,80,77,3,3
11503,98,109,-11,11
11504,106,110,-4,4
11505,74,71,3,3
11506,66,68,-2,2
11507,118,120,-2,2
11508,110,101,9,9
11509,156,150,6,6
11510,67,63,4,4
11511,170,144,26,26
11512,117,105,12,12
11513,101,101,0,0
11514,130,127,3,3
11515,93,105,-12,12
11516,105,101,4,4
11517,41,62,-21,21
11518,84,68,16,16
11519,59,61,-2,2
11520,141,135,6,6
11521,47,65,-18,18
11522,114,95,19,19
11523,137,131,6,6
11524,126,138,-12,12
11525,62,59,3,3
11526,111,113,-2,2
11527,74,74,0,0
11528,81,77,4,4
11529,160,157,3,3
11530,102,101,1,1
11531,91,84,7,7
11532,83,87,-4,4
11533,72,64,8,8
11534,68,75,-7,7
11535,126,115,11,11
11536,77,81,-4,4
11537,160,140,20,20
11538,106,108,-2,2
11539,81,83,-2,2
11540,170,142,28,28
11541,131,125,6,6
11542,50,63,-13,13
11543,115,109,6,6
11544,70,76,-6,6
11545,109,118,-9,9
11546,72,65,7,7
11547,74,77,-3,3
11548,67,70,-3,3
11549,81,75,6,6
11550,83,84,-1,1
11551,105,103,2,2
11552,95,103,-8,8
11553,133,124,9,9
11554,115,124,-9,9
11555,98,93,5,5
11556,55,60,-5,5
11557,109,110,-1,1
11558,50,58,-8,8
11559,145,136,9,9
11560,89,78,11,11
11561,85,86,-1,1
11562,85,85,0,0
11563,65,81,-16,16
11564,86,89,-3,3
11565,105,93,12,12
11566,53,53,0,0
11567,60,64,-4,4
11568,121,114,7,7
11569,52,63,-11,11
11570,53,56,-3,3
11571,164,163,1,1
11572,92,99,-7,7
11573,100,101,-1,1
11574,111,109,2,2
11575,67,64,3,3
11576,169,160,9,9
11577,86,80,6,6
11578,51,54,-3,3
11579,96,93,3,3
11580,97,82,15,15
11581,82,73,9,9
11582,75,77,-2,2
11583,103,98,5,5
11584,91,84,7,7
11585,108,108,0,0
11586,85,88,-3,3
11587,137,137,0,0
11588,88,92,-4,4
11589,167,154,13,13
11590,65,71,-6,6
11591,92,85,7,7
11592,98,90,8,8
11593,68,68,0,0
11594,65,62,3,3
11595,60,60,0,0
11596,71,67,4,4
11597,50,52,-2,2
11598,79,84,-5,5
11599,102,99,3,3
11600,85,77,8,8
11601,69,65,4,4
11602,105,107,-2,2
11603,114,109,5,5
11604,77,79,-2,2
11605,70,60,10,10
11606,80,78,2,2
11607,137,144,-7,7
11608,105,100,5,5
11609,83,89,-6,6
11610,95,93,2,2
11611,70,76,-6,6
11612,183,179,4,4
11613,50,53,-3,3
11614,164,163,1,1
11615,125,117,8,8
11616,90,89,1,1
11617,108,107,1,1
11618,150,145,5,5
11619,90,86,4,4
11620,73,73,0,0
11621,86,94,-8,8
11622,91,101,-10,10
11623,108,112,-4,4
11624,120,113,7,7
11625,127,116,11,11
11626,65,60,5,5
11627,121,93,28,28
11628,80,73,7,7
11629,89,75,14,14
11630,81,76,5,5
11631,96,73,23,23
11632,119,116,3,3
11633,118,121,-3,3
11634,128,132,-4,4
11635,56,72,-16,16
11636,56,70,-14,14
11637,86,81,5,5
11638,79,77,2,2
11639,116,105,11,11
11640,69,73,-4,4
11641,111,92,19,19
11642,81,97,-16,16
11643,56,58,-2,2
11644,119,122,-3,3
11645,82,73,9,9
11646,81,74,7,7
11647,136,123,13,13
11648,127,132,-5,5
11649,108,118,-10,10
11650,129,128,1,1
11651,74,96,-22,22
11652,63,83,-20,20
11653,168,152,16,16
11654,100,105,-5,5
11655,66,70,-4,4
11656,70,84,-14,14
11657,101,97,4,4
11658,112,102,10,10
11659,102,89,13,13
11660,124,119,5,5
11661,82,82,0,0
11662,94,96,-2,2
11663,70,80,-10,10
11664,72,78,-6,6
11665,67,67,0,0
11666,117,129,-12,12
11667,47,53,-6,6
11668,110,98,12,12
11669,93,88,5,5
11670,64,61,3,3
11671,134,137,-3,3
11672,66,60,6,6
11673,69,66,3,3
11674,99,102,-3,3
11675,137,131,6,6
11676,58,61,-3,3
11677,85,79,6,6
11678,94,88,6,6
11679,104,103,1,1
11680,108,110,-2,2
11681,89,85,4,4
11682,176,166,10,10
11683,88,89,-1,1
11684,46,53,-7,7
11685,94,96,-2,2
11686,162,160,2,2
11687,92,88,4,4
11688,96,94,2,2
11689,124,125,-1,1
11690,74,81,-7,7
11691,68,76,-8,8
11692,67,69,-2,2
11693,90,93,-3,3
11694,87,77,10,10
11695,86,80,6,6
11696,68,72,-4,4
11697,90,86,4,4
11698,77,81,-4,4
11699,126,108,18,18
11700,126,120,6,6
11701,94,96,-2,2
11702,172,171,1,1
11703,63,89,-26,26
11704,101,95,6,6
11705,148,144,4,4
11706,87,92,-5,5
11707,127,115,12,12
11708,121,104,17,17
11709,142,146,-4,4
11710,73,73,0,0
11711,71,72,-1,1
11712,103,135,-32,32
11713,39,48,-9,9
11714,99,105,-6,6
11715,69,66,3,3
11716,182,167,15,15
11717,138,167,-29,29
11718,142,141,1,1
11719,114,121,-7,7
11720,54,71,-17,17
11721,93,87,6,6
11722,110,101,9,9
11723,38,48,-10,10
11724,133,138,-5,5
11725,143,134,9,9
11726,125,130,-5,5
11727,69,66,3,3
11728,120,119,1,1
11729,121,131,-10,10
11730,71,68,3,3
11731,97,96,1,1
11732,104,99,5,5
11733,97,98,-1,1
11734,47,50,-3,3
11735,184,171,13,13
11736,110,120,-10,10
11737,67,70,-3,3
11738,106,107,-1,1
11739,66,78,-12,12
11740,118,111,7,7
11741,81,80,1,1
11742,83,83,0,0
11743,64,75,-11,11
11744,70,61,9,9
11745,50,55,-5,5
11746,93,85,8,8
11747,157,141,16,16
11748,51,52,-1,1
11749,77,75,2,2
11750,87,82,5,5
11751,119,109,10,10
11752,115,108,7,7
11753,85,73,12,12
11754,63,75,-12,12
11755,91,96,-5,5
11756,67,63,4,4
11757,64,75,-11,11
11758,127,137,-10,10
11759,67,70,-3,3
11760,71,75,-4,4
11761,96,85,11,11
11762,111,112,-1,1
11763,62,59,3,3
11764,77,71,6,6
11765,174,176,-2,2
11766,138,126,12,12
11767,65,65,0,0
11768,116,107,9,9
11769,47,52,-5,5
11770,119,116,3,3
11771,94,83,11,11
11772,122,121,1,1
11773,92,99,-7,7
11774,148,132,16,16
11775,67,71,-4,4
11776,101,104,-3,3
11777,86,84,2,2
11778,53,61,-8,8
11779,77,81,-4,4
11780,126,118,8,8
11781,74,68,6,6
11782,91,94,-3,3
11783,81,86,-5,5
11784,43,50,-7,7
11785,114,110,4,4
11786,79,83,-4,4
11787,96,92,4,4
11788,106,96,10,10
11789,79,87,-8,8
11790,120,134,-14,14
11791,107,107,0,0
11792,98,96,2,2
11793,47,55,-8,8
11794,76,79,-3,3
11795,85,82,3,3
11796,67,78,-11,11
11797,79,77,2,2
11798,90,103,-13,13
11799,84,78,6,6
11800,152,144,8,8
11801,152,146,6,6
11802,87,84,3,3
11803,65,64,1,1
11804,83,83,0,0
11805,205,192,13,13
11806,151,148,3,3
11807,114,97,17,17
11808,83,84,-1,1
11809,66,74,-8,8
11810,66,71,-5,5
11811,105,102,3,3
11812,176,165,11,11
11813,166,160,6,6
11814,185,170,15,15
11815,108,108,0,0
11816,95,95,0,0
11817,67,83,-16,16
11818,87,88,-1,1
11819,82,84,-2,2
11820,121,113,8,8
11821,71,78,-7,7
11822,62,67,-5,5
11823,113,89,24,24
11824,104,102,2,2
11825,68,69,-1,1
11826,93,104,-11,11
11827,74,68,6,6
11828,60,65,-5,5
11829,80,87,-7,7
11830,70,74,-4,4
11831,75,78,-3,3
11832,76,71,5,5
11833,75,71,4,4
11834,80,70,10,10
11835,45,52,-7,7
11836,93,108,-15,15
11837,99,114,-15,15
11838,77,80,-3,3
11839,89,84,5,5
11840,143,156,-13,13
11841,83,92,-9,9
11842,102,101,1,1
11843,122,126,-4,4
11844,118,109,9,9
11845,132,111,21,21
11846,102,115,-13,13
11847,75,70,5,5
11848,105,108,-3,3
11849,124,118,6,6
11850,75,71,4,4
11851,47,59,-12,12
11852,130,131,-1,1
11853,147,140,7,7
11854,134,128,6,6
11855,71,74,-3,3
11856,72,71,1,1
11857,42,53,-11,11
11858,97,91,6,6
11859,99,107,-8,8
11860,147,154,-7,7
11861,127,128,-1,1
11862,65,64,1,1
11863,73,88,-15,15
11864,54,60,-6,6
11865,87,85,2,2
11866,125,133,-8,8
11867,120,125,-5,5
11868,75,74,1,1
11869,101,106,-5,5
11870,139,136,3,3
11871,93,87,6,6
11872,85,88,-3,3
11873,162,154,8,8
11874,158,152,6,6
11875,234,201,33,33
11876,76,80,-4,4
11877,68,68,0,0
11878,60,56,4,4
11879,115,107,8,8
11880,92,90,2,2
11881,99,80,19,19
11882,95,90,5,5
11883,69,81,-12,12
11884,53,61,-8,8
11885,100,97,3,3
11886,157,151,6,6
11887,103,99,4,4
11888,117,115,2,2
11889,100,98,2,2
11890,95,89,6,6
11891,146,133,13,13
11892,97,91,6,6
11893,49,58,-9,9
11894,83,84,-1,1
11895,89,82,7,7
11896,97,101,-4,4
11897,98,101,-3,3
11898,99,97,2,2
11899,52,62,-10,10
11900,92,94,-2,2
11901,128,134,-6,6
11902,60,60,0,0
11903,47,54,-7,7
11904,106,99,7,7
11905,78,71,7,7
11906,143,147,-4,4
11907,90,87,3,3
11908,125,122,3,3
11909,80,88,-8,8
11910,114,108,6,6
11911,161,153,8,8
11912,120,115,5,5
11913,41,75,-34,34
11914,38,46,-8,8
11915,105,113,-8,8
11916,48,51,-3,3
11917,58,59,-1,1
11918,112,107,5,5
11919,59,56,3,3
11920,76,79,-3,3
11921,118,117,1,1
11922,77,74,3,3
11923,51,58,-7,7
11924,76,67,9,9
11925,56,58,-2,2
11926,40,51,-11,11
11927,69,71,-2,2
11928,77,74,3,3
11929,91,90,1,1
11930,149,143,6,6
11931,110,107,3,3
11932,115,121,-6,6
11933,117,114,3,3
11934,93,89,4,4
11935,31,57,-26,26
11936,111,130,-19,19
11937,79,84,-5,5
11938,72,72,0,0
11939,44,51,-7,7
11940,89,89,0,0
11941,51,54,-3,3
11942,186,186,0,0
11943,144,133,11,11
11944,98,89,9,9
11945,68,66,2,2
11946,82,81,1,1
11947,110,105,5,5
11948,101,80,21,21
11949,73,75,-2,2
11950,106,107,-1,1
11951,50,53,-3,3
11952,128,128,0,0
11953,82,81,1,1
11954,39,62,-23,23
11955,57,58,-1,1
11956,100,100,0,0
11957,132,129,3,3
11958,58,61,-3,3
11959,65,64,1,1
11960,46,55,-9,9
11961,90,89,1,1
11962,132,126,6,6
11963,84,87,-3,3
11964,95,93,2,2
11965,152,154,-2,2
11966,67,66,1,1
11967,96,106,-10,10
11968,78,77,1,1
11969,99,88,11,11
11970,71,80,-9,9
11971,116,108,8,8
11972,122,126,-4,4
11973,81,79,2,2
11974,42,52,-10,10
11975,121,121,0,0
11976,144,141,3,3
11977,190,192,-2,2
11978,132,130,2,2
11979,112,98,14,14
11980,106,86,20,20
11981,104,95,9,9
11982,79,77,2,2
11983,81,81,0,0
11984,92,110,-18,18
11985,55,59,-4,4
11986,85,76,9,9
11987,72,72,0,0
11988,48,50,-2,2
11989,92,104,-12,12
11990,44,50,-6,6
11991,112,107,5,5
11992,118,114,4,4
11993,74,77,-3,3
11994,102,93,9,9
11995,93,102,-9,9
11996,113,104,9,9
11997,89,91,-2,2
11998,133,132,1,1
11999,45,56,-11,11
12000,53,57,-4,4
12001,139,142,-3,3
12002,61,60,1,1
12003,85,100,-15,15
12004,67,67,0,0
12005,81,74,7,7
12006,33,49,-16,16
12007,74,76,-2,2
12008,81,78,3,3
12009,81,80,1,1
12010,114,113,1,1
12011,158,164,-6,6
12012,59,66,-7,7
12013,60,65,-5,5
12014,111,106,5,5
12015,102,99,3,3
12016,89,78,11,11
12017,80,77,3,3
12018,73,77,-4,4
12019,53,51,2,2
12020,124,121,3,3
12021,108,106,2,2
12022,101,87,14,14
12023,93,97,-4,4
12024,69,70,-1,1
12025,111,117,-6,6
12026,74,77,-3,3
12027,80,77,3,3
12028,101,91,10,10
12029,127,145,-18,18
12030,78,75,3,3
12031,143,150,-7,7
12032,114,128,-14,14
12033,49,71,-22,22
12034,115,122,-7,7
12035,103,95,8,8
12036,84,87,-3,3
12037,88,87,1,1
12038,92,87,5,5
12039,108,111,-3,3
12040,90,87,3,3
12041,65,70,-5,5
12042,60,59,1,1
12043,72,71,1,1
12044,129,142,-13,13
12045,76,76,0,0
12046,109,116,-7,7
12047,88,99,-11,11
12048,60,62,-2,2
12049,47,54,-7,7
12050,100,94,6,6
12051,117,125,-8,8
12052,125,115,10,10
12053,113,104,9,9
12054,54,54,0,0
12055,111,115,-4,4
12056,156,142,14,14
12057,110,111,-1,1
12058,82,99,-17,17
12059,114,108,6,6
12060,68,73,-5,5
12061,66,77,-11,11
12062,90,92,-2,2
12063,63,63,0,0
12064,100,99,1,1
12065,66,71,-5,5
12066,141,140,1,1
12067,79,77,2,2
12068,104,93,11,11
12069,140,129,11,11
12070,72,76,-4,4
12071,39,51,-12,12
12072,118,112,6,6
12073,97,86,11,11
12074,95,105,-10,10
12075,86,87,-1,1
12076,90,85,5,5
12077,86,99,-13,13
12078,95,93,2,2
12079,118,111,7,7
12080,94,90,4,4
12081,130,132,-2,2
12082,58,60,-2,2
12083,121,127,-6,6
12084,125,127,-2,2
12085,150,154,-4,4
12086,102,101,1,1
12087,122,111,11,11
12088,109,105,4,4
12089,74,77,-3,3
12090,93,84,9,9
12091,53,59,-6,6
12092,117,121,-4,4
12093,93,90,3,3
12094,191,200,-9,9
12095,142,124,18,18
12096,123,115,8,8
12097,83,87,-4,4
12098,127,125,2,2
12099,83,86,-3,3
12100,85,83,2,2
12101,83,82,1,1
12102,94,85,9,9
12103,164,159,5,5
12104,72,64,8,8
12105,76,82,-6,6
12106,122,108,14,14
12107,59,53,6,6
12108,87,84,3,3
12109,88,81,7,7
12110,61,59,2,2
12111,154,148,6,6
12112,159,149,10,10
12113,163,149,14,14
12114,104,97,7,7
12115,121,126,-5,5
12116,116,108,8,8
12117,98,101,-3,3
12118,84,87,-3,3
12119,42,49,-7,7
12120,78,80,-2,2
12121,99,115,-16,16
12122,77,91,-14,14
12123,189,177,12,12
12124,66,79,-13,13
12125,144,148,-4,4
12126,196,183,13,13
12127,107,103,4,4
12128,68,72,-4,4
12129,88,81,7,7
12130,36,48,-12,12
12131,107,117,-10,10
12132,123,107,16,16
12133,62,66,-4,4
12134,207,200,7,7
12135,89,88,1,1
12136,74,79,-5,5
12137,87,87,0,0
12138,135,132,3,3
12139,72,69,3,3
12140,183,140,43,43
12141,118,126,-8,8
12142,110,88,22,22
12143,111,112,-1,1
12144,122,110,12,12
12145,90,93,-3,3
12146,121,121,0,0
12147,58,67,-9,9
12148,126,121,5,5
12149,105,101,4,4
12150,109,109,0,0
12151,71,72,-1,1
12152,148,144,4,4
12153,95,99,-4,4
12154,103,100,3,3
12155,90,91,-1,1
12156,77,79,-2,2
12157,126,118,8,8
12158,141,137,4,4
12159,134,123,11,11
12160,49,51,-2,2
12161,99,100,-1,1
12162,130,121,9,9
12163,74,68,6,6
12164,64,67,-3,3
12165,196,180,16,16
12166,106,113,-7,7
12167,100,105,-5,5
12168,88,86,2,2
12169,116,113,3,3
12170,107,108,-1,1
12171,128,130,-2,2
12172,93,89,4,4
12173,150,136,14,14
12174,92,81,11,11
12175,96,88,8,8
12176,115,110,5,5
12177,111,105,6,6
12178,87,90,-3,3
12179,69,72,-3,3
12180,139,152,-13,13
12181,104,103,1,1
12182,115,119,-4,4
12183,114,104,10,10
12184,58,67,-9,9
12185,77,75,2,2
12186,79,85,-6,6
12187,114,115,-1,1
12188,111,117,-6,6
12189,102,98,4,4
12190,161,162,-1,1
12191,197,194,3,3
12192,72,75,-3,3
12193,142,143,-1,1
12194,49,68,-19,19
12195,63,68,-5,5
12196,135,136,-1,1
12197,192,179,13,13
12198,47,52,-5,5
12199,110,108,2,2
12200,71,72,-1,1
12201,108,114,-6,6
12202,137,146,-9,9
12203,128,123,5,5
12204,137,135,2,2
12205,148,147,1,1
12206,82,84,-2,2
12207,70,80,-10,10
12208,60,62,-2,2
12209,115,109,6,6
12210,76,77,-1,1
12211,86,81,5,5
12212,97,96,1,1
12213,122,119,3,3
12214,104,96,8,8
12215,149,156,-7,7
12216,73,72,1,1
12217,88,86,2,2
12218,93,87,6,6
12219,94,93,1,1
12220,110,104,6,6
12221,56,70,-14,14
12222,66,68,-2,2
12223,73,79,-6,6
12224,96,99,-3,3
12225,121,115,6,6
12226,122,127,-5,5
12227,94,90,4,4
12228,88,99,-11,11
12229,130,132,-2,2
12230,63,68,-5,5
12231,141,129,12,12
12232,54,60,-6,6
12233,73,74,-1,1
12234,71,69,2,2
12235,95,88,7,7
12236,121,108,13,13
12237,73,72,1,1
12238,125,127,-2,2
12239,67,75,-8,8
12240,121,119,2,2
12241,109,109,0,0
12242,64,67,-3,3
12243,96,88,8,8
12244,119,130,-11,11
12245,93,100,-7,7
12246,75,75,0,0
12247,95,96,-1,1
12248,66,70,-4,4
12249,99,99,0,0
12250,47,51,-4,4
12251,84,99,-15,15
12252,165,203,-38,38
12253,97,90,7,7
12254,73,77,-4,4
12255,37,56,-19,19
12256,104,93,11,11
12257,71,72,-1,1
12258,65,65,0,0
12259,66,59,7,7
12260,63,60,3,3
12261,96,97,-1,1
12262,130,131,-1,1
12263,141,141,0,0
12264,86,105,-19,19
12265,108,113,-5,5
12266,128,115,13,13
12267,118,113,5,5
12268,83,78,5,5
12269,68,67,1,1
12270,84,83,1,1
12271,105,98,7,7
12272,61,74,-13,13
12273,73,76,-3,3
12274,65,65,0,0
12275,131,119,12,12
12276,118,109,9,9
12277,93,95,-2,2
12278,76,72,4,4
12279,75,72,3,3
12280,65,69,-4,4
12281,70,65,5,5
12282,140,147,-7,7
12283,95,89,6,6
12284,145,129,16,16
12285,82,71,11,11
12286,185,171,14,14
12287,71,73,-2,2
12288,100,107,-7,7
12289,99,92,7,7
12290,64,68,-4,4
12291,65,63,2,2
12292,51,55,-4,4
12293,79,90,-11,11
12294,50,57,-7,7
12295,128,140,-12,12
12296,109,102,7,7
12297,106,91,15,15
12298,50,53,-3,3
12299,126,122,4,4
12300,105,102,3,3
12301,39,54,-15,15
12302,70,69,1,1
12303,134,107,27,27
12304,46,54,-8,8
12305,81,82,-1,1
12306,115,113,2,2
12307,56,63,-7,7
12308,90,87,3,3
12309,107,102,5,5
12310,38,49,-11,11
12311,112,103,9,9
12312,86,86,0,0
12313,102,100,2,2
12314,81,86,-5,5
12315,133,128,5,5
12316,65,65,0,0
12317,67,76,-9,9
12318,63,68,-5,5
12319,105,96,9,9
12320,81,84,-3,3
12321,97,103,-6,6
12322,96,103,-7,7
12323,113,128,-15,15
12324,91,91,0,0
12325,67,81,-14,14
12326,85,80,5,5
12327,102,101,1,1
12328,76,75,1,1
12329,190,200,-10,10
12330,63,66,-3,3
12331,87,75,12,12
12332,140,134,6,6
12333,113,99,14,14
12334,102,100,2,2
12335,62,59,3,3
12336,57,57,0,0
12337,48,65,-17,17
12338,62,59,3,3
12339,94,110,-16,16
12340,95,104,-9,9
12341,183,177,6,6
12342,80,79,1,1
12343,164,162,2,2
12344,66,64,2,2
12345,67,79,-12,12
12346,103,106,-3,3
12347,69,81,-12,12
12348,118,116,2,2
12349,78,77,1,1
12350,66,64,2,2
12351,94,89,5,5
12352,92,90,2,2
12353,142,133,9,9
12354,55,67,-12,12
12355,101,104,-3,3
12356,79,72,7,7
12357,122,128,-6,6
12358,123,110,13,13
12359,38,50,-12,12
12360,65,77,-12,12
12361,138,123,15,15
12362,76,77,-1,1
12363,114,116,-2,2
12364,79,84,-5,5
12365,114,108,6,6
12366,68,69,-1,1
12367,78,76,2,2
12368,93,105,-12,12
12369,103,106,-3,3
12370,163,142,21,21
12371,101,108,-7,7
12372,126,126,0,0
12373,67,63,4,4
12374,78,76,2,2
12375,116,112,4,4
12376,128,129,-1,1
12377,91,85,6,6
12378,142,133,9,9
12379,65,63,2,2
12380,145,161,-16,16
12381,61,59,2,2
12382,136,123,13,13
12383,84,79,5,5
12384,98,90,8,8
12385,87,88,-1,1
12386,107,110,-3,3
12387,115,131,-16,16
12388,106,100,6,6
12389,93,94,-1,1
12390,80,70,10,10
12391,130,119,11,11
12392,115,107,8,8
12393,97,109,-12,12
12394,92,93,-1,1
12395,88,84,4,4
12396,66,63,3,3
12397,66,63,3,3
12398,87,90,-3,3
12399,106,104,2,2
12400,70,78,-8,8
12401,180,166,14,14
12402,87,96,-9,9
12403,89,79,10,10
12404,92,99,-7,7
12405,125,112,13,13
12406,88,100,-12,12
12407,109,105,4,4
12408,35,56,-21,21
12409,67,74,-7,7
12410,117,114,3,3
12411,190,176,14,14
12412,114,112,2,2
12413,137,133,4,4
12414,138,153,-15,15
12415,129,135,-6,6
12416,106,89,17,17
12417,63,69,-6,6
12418,58,66,-8,8
12419,57,65,-8,8
12420,86,92,-6,6
12421,104,97,7,7
12422,97,98,-1,1
12423,101,103,-2,2
12424,137,130,7,7
12425,64,54,10,10
12426,176,199,-23,23
12427,93,87,6,6
12428,120,115,5,5
12429,108,106,2,2
12430,70,72,-2,2
12431,97,91,6,6
12432,83,89,-6,6
12433,83,77,6,6
12434,150,162,-12,12
12435,64,70,-6,6
12436,89,83,6,6
12437,96,94,2,2
12438,114,112,2,2
12439,119,120,-1,1
12440,61,61,0,0
12441,96,95,1,1
12442,105,106,-1,1
12443,61,64,-3,3
12444,141,140,1,1
12445,86,81,5,5
12446,87,84,3,3
12447,90,78,12,12
12448,105,107,-2,2
12449,91,81,10,10
12450,111,118,-7,7
12451,76,75,1,1
12452,87,86,1,1
12453,91,94,-3,3
12454,107,114,-7,7
12455,110,110,0,0
12456,124,131,-7,7
12457,128,121,7,7
12458,109,107,2,2
12459,71,69,2,2
12460,87,80,7,7
12461,148,147,1,1
12462,107,99,8,8
12463,134,134,0,0
12464,23,44,-21,21
12465,119,135,-16,16
12466,91,87,4,4
12467,25,61,-36,36
12468,61,74,-13,13
12469,101,101,0,0
12470,72,68,4,4
12471,95,102,-7,7
12472,47,49,-2,2
12473,97,95,2,2
12474,81,81,0,0
12475,59,57,2,2
12476,77,72,5,5
12477,138,125,13,13
12478,120,126,-6,6
12479,136,142,-6,6
12480,79,82,-3,3
12481,63,64,-1,1
12482,102,99,3,3
12483,158,148,10,10
12484,73,76,-3,3
12485,53,51,2,2
12486,83,85,-2,2
12487,155,135,20,20
12488,139,131,8,8
12489,93,84,9,9
12490,128,132,-4,4
12491,98,108,-10,10
12492,96,88,8,8
12493,153,147,6,6
12494,104,104,0,0
12495,115,101,14,14
12496,72,73,-1,1
12497,90,86,4,4
12498,127,138,-11,11
12499,112,127,-15,15
12500,64,71,-7,7
12501,73,69,4,4
12502,72,77,-5,5
12503,73,84,-11,11
12504,56,56,0,0
12505,106,101,5,5
12506,144,137,7,7
12507,47,71,-24,24
12508,147,143,4,4
12509,95,95,0,0
12510,76,82,-6,6
12511,128,129,-1,1
12512,81,73,8,8
12513,79,83,-4,4
12514,86,80,6,6
12515,44,55,-11,11
12516,87,90,-3,3
12517,102,104,-2,2
12518,116,117,-1,1
12519,105,105,0,0
12520,113,124,-11,11
12521,152,139,13,13
12522,175,167,8,8
12523,70,69,1,1
12524,173,161,12,12
12525,87,77,10,10
12526,102,94,8,8
12527,88,88,0,0
12528,76,75,1,1
12529,110,101,9,9
12530,99,102,-3,3
12531,71,73,-2,2
12532,75,76,-1,1
12533,105,102,3,3
12534,153,154,-1,1
12535,100,113,-13,13
12536,90,85,5,5
12537,83,100,-17,17
12538,82,84,-2,2
12539,49,57,-8,8
12540,69,69,0,0
12541,113,113,0,0
12542,63,63,0,0
12543,58,61,-3,3
12544,65,64,1,1
12545,145,145,0,0
12546,50,51,-1,1
12547,83,88,-5,5
12548,100,96,4,4
12549,76,74,2,2
12550,72,71,1,1
12551,71,87,-16,16
12552,106,101,5,5
12553,127,137,-10,10
12554,96,92,4,4
12555,67,69,-2,2
12556,140,138,2,2
12557,56,55,1,1
12558,108,104,4,4
12559,94,86,8,8
12560,59,57,2,2
12561,84,87,-3,3
12562,96,98,-2,2
12563,92,105,-13,13
12564,186,182,4,4
12565,62,63,-1,1
12566,164,149,15,15
12567,49,52,-3,3
12568,62,62,0,0
12569,50,61,-11,11
12570,128,130,-2,2
12571,57,66,-9,9
12572,69,71,-2,2
12573,48,59,-11,11
12574,132,128,4,4
12575,140,146,-6,6
12576,107,105,2,2
12577,80,80,0,0
12578,78,78,0,0
12579,140,125,15,15
12580,78,81,-3,3
12581,123,113,10,10
12582,87,96,-9,9
12583,91,108,-17,17
12584,119,129,-10,10
12585,107,104,3,3
12586,52,58,-6,6
12587,61,70,-9,9
12588,102,94,8,8
12589,79,73,6,6
12590,81,78,3,3
12591,72,71,1,1
12592,74,81,-7,7
12593,73,64,9,9
12594,114,89,25,25
12595,127,125,2,2
12596,92,83,9,9
12597,118,127,-9,9
12598,115,188,-73,73
12599,73,70,3,3
12600,93,95,-2,2
12601,70,64,6,6
12602,73,68,5,5
12603,107,120,-13,13
12604,96,100,-4,4
12605,101,85,16,16
12606,76,87,-11,11
12607,85,76,9,9
12608,111,103,8,8
12609,42,55,-13,13
12610,69,66,3,3
12611,97,88,9,9
12612,90,84,6,6
12613,96,90,6,6
12614,114,133,-19,19
12615,121,117,4,4
12616,68,72,-4,4
12617,45,52,-7,7
12618,73,75,-2,2
12619,109,105,4,4
12620,175,173,2,2
12621,90,80,10,10
12622,70,69,1,1
12623,85,89,-4,4
12624,62,66,-4,4
12625,89,100,-11,11
12626,132,129,3,3
12627,155,145,10,10
12628,99,99,0,0
12629,60,58,2,2
12630,110,105,5,5
12631,87,84,3,3
12632,98,109,-11,11
12633,80,89,-9,9
12634,127,123,4,4
12635,172,163,9,9
12636,181,173,8,8
12637,130,117,13,13
12638,76,74,2,2
12639,86,83,3,3
12640,105,100,5,5
12641,105,114,-9,9
12642,56,63,-7,7
12643,65,70,-5,5
12644,42,53,-11,11
12645,120,112,8,8
12646,65,64,1,1
12647,76,82,-6,6
12648,134,128,6,6
12649,28,67,-39,39
12650,96,92,4,4
12651,92,92,0,0
12652,53,56,-3,3
12653,66,62,4,4
12654,79,74,5,5
12655,101,114,-13,13
12656,78,96,-18,18
12657,88,96,-8,8
12658,136,131,5,5
12659,142,140,2,2
12660,73,69,4,4
12661,97,89,8,8
12662,80,68,12,12
12663,51,55,-4,4
12664,69,80,-11,11
12665,52,52,0,0
12666,57,55,2,2
12667,100,115,-15,15
12668,147,145,2,2
12669,129,132,-3,3
12670,92,99,-7,7
12671,107,94,13,13
12672,99,109,-10,10
12673,89,91,-2,2
12674,58,58,0,0
12675,103,88,15,15
12676,33,54,-21,21
12677,103,93,10,10
12678,88,87,1,1
12679,81,82,-1,1
12680,53,55,-2,2
12681,70,79,-9,9
12682,32,53,-21,21
12683,88,84,4,4
12684,99,118,-19,19
12685,110,106,4,4
12686,78,81,-3,3
12687,99,98,1,1
12688,46,56,-10,10
12689,136,120,16,16
12690,75,68,7,7
12691,117,101,16,16
12692,93,84,9,9
12693,132,134,-2,2
12694,70,72,-2,2
12695,69,72,-3,3
12696,49,58,-9,9
12697,71,68,3,3
12698,118,118,0,0
12699,97,97,0,0
12700,76,89,-13,13
12701,195,158,37,37
12702,128,124,4,4
12703,66,58,8,8
12704,120,118,2,2
12705,73,75,-2,2
12706,62,69,-7,7
12707,104,90,14,14
12708,94,98,-4,4
12709,94,88,6,6
12710,110,100,10,10
12711,96,89,7,7
12712,107,103,4,4
12713,77,85,-8,8
12714,91,99,-8,8
12715,63,58,5,5
12716,128,113,15,15
12717,77,76,1,1
12718,67,72,-5,5
12719,124,114,10,10
12720,94,90,4,4
12721,64,64,0,0
12722,74,78,-4,4
12723,88,88,0,0
12724,70,75,-5,5
12725,78,75,3,3
12726,66,78,-12,12
12727,104,106,-2,2
12728,134,144,-10,10
12729,92,90,2,2
12730,74,71,3,3
12731,93,90,3,3
12732,98,96,2,2
12733,100,91,9,9
12734,87,91,-4,4
12735,101,95,6,6
12736,49,56,-7,7
12737,121,116,5,5
12738,84,94,-10,10
12739,158,160,-2,2
12740,115,102,13,13
12741,125,115,10,10
12742,53,51,2,2
12743,80,85,-5,5
12744,68,64,4,4
12745,103,99,4,4
12746,107,107,0,0
12747,77,92,-15,15
12748,100,107,-7,7
12749,120,127,-7,7
12750,91,90,1,1
12751,77,61,16,16
12752,132,125,7,7
12753,131,127,4,4
12754,43,63,-20,20
12755,45,54,-9,9
12756,124,114,10,10
12757,86,78,8,8
12758,107,100,7,7
12759,82,87,-5,5
12760,204,189,15,15
12761,107,101,6,6
12762,120,122,-2,2
12763,140,138,2,2
12764,153,143,10,10
12765,83,79,4,4
12766,47,50,-3,3
12767,91,81,10,10
12768,68,54,14,14
12769,56,54,2,2
12770,77,82,-5,5
12771,37,52,-15,15
12772,117,110,7,7
12773,85,83,2,2
12774,101,96,5,5
12775,67,74,-7,7
12776,118,129,-11,11
12777,56,64,-8,8
12778,68,65,3,3
12779,65,67,-2,2
12780,105,101,4,4
12781,102,108,-6,6
12782,116,108,8,8
12783,69,72,-3,3
12784,79,76,3,3
12785,105,105,0,0
12786,101,79,22,22
12787,106,92,14,14
12788,89,84,5,5
12789,77,79,-2,2
12790,116,117,-1,1
12791,111,105,6,6
12792,91,77,14,14
12793,74,69,5,5
12794,96,96,0,0
12795,119,128,-9,9
12796,124,116,8,8
12797,83,78,5,5
12798,59,66,-7,7
12799,87,80,7,7
12800,55,57,-2,2
12801,121,123,-2,2
12802,94,93,1,1
12803,90,86,4,4
12804,181,176,5,5
12805,93,90,3,3
12806,72,73,-1,1
12807,92,92,0,0
12808,153,144,9,9
12809,55,56,-1,1
12810,61,63,-2,2
12811,99,93,6,6
12812,82,85,-3,3
12813,102,93,9,9
12814,148,144,4,4
12815,112,108,4,4
12816,172,176,-4,4
12817,133,132,1,1
12818,97,94,3,3
12819,70,72,-2,2
12820,70,77,-7,7
12821,98,84,14,14
12822,96,105,-9,9
12823,69,69,0,0
12824,90,84,6,6
12825,138,131,7,7
12826,132,131,1,1
12827,153,159,-6,6
12828,86,77,9,9
12829,108,101,7,7
12830,80,89,-9,9
12831,154,139,15,15
12832,116,121,-5,5
12833,103,98,5,5
12834,104,111,-7,7
12835,116,111,5,5
12836,107,96,11,11
12837,96,88,8,8
12838,90,91,-1,1
12839,50,56,-6,6
12840,104,103,1,1
12841,72,65,7,7
12842,106,99,7,7
12843,87,86,1,1
12844,124,126,-2,2
12845,27,51,-24,24
12846,133,122,11,11
12847,122,109,13,13
12848,124,142,-18,18
12849,89,95,-6,6
12850,97,124,-27,27
12851,84,90,-6,6
12852,140,147,-7,7
12853,136,130,6,6
12854,20,45,-25,25
12855,93,97,-4,4
12856,85,85,0,0
12857,74,76,-2,2
12858,103,92,11,11
12859,75,76,-1,1
12860,46,52,-6,6
12861,84,101,-17,17
12862,75,76,-1,1
12863,53,58,-5,5
12864,52,80,-28,28
12865,87,88,-1,1
12866,109,97,12,12
12867,105,95,10,10
12868,67,67,0,0
12869,154,136,18,18
12870,84,86,-2,2
12871,128,121,7,7
12872,113,122,-9,9
12873,87,79,8,8
12874,101,108,-7,7
12875,96,99,-3,3
12876,39,52,-13,13
12877,133,132,1,1
12878,191,195,-4,4
12879,60,61,-1,1
12880,125,119,6,6
12881,75,81,-6,6
12882,40,54,-14,14
12883,103,95,8,8
12884,79,74,5,5
12885,185,185,0,0
12886,124,113,11,11
12887,109,115,-6,6
12888,89,98,-9,9
12889,67,68,-1,1
12890,47,57,-10,10
12891,76,70,6,6
12892,122,124,-2,2
12893,106,95,11,11
12894,142,127,15,15
12895,96,76,20,20
12896,52,53,-1,1
12897,96,96,0,0
12898,117,123,-6,6
12899,69,76,-7,7
12900,89,83,6,6
12901,72,71,1,1
12902,180,172,8,8
12903,94,87,7,7
12904,53,58,-5,5
12905,93,99,-6,6
12906,161,146,15,15
12907,137,137,0,0
12908,129,131,-2,2
12909,89,81,8,8
12910,102,98,4,4
12911,159,159,0,0
12912,67,67,0,0
12913,67,77,-10,10
12914,97,96,1,1
12915,71,72,-1,1
12916,153,153,0,0
12917,100,100,0,0
12918,92,98,-6,6
12919,79,87,-8,8
12920,79,80,-1,1
12921,73,72,1,1
12922,133,131,2,2
12923,51,52,-1,1
12924,139,131,8,8
12925,115,125,-10,10
12926,89,89,0,0
12927,124,125,-1,1
12928,90,89,1,1
12929,128,128,0,0
12930,131,122,9,9
12931,71,68,3,3
12932,113,107,6,6
12933,127,135,-8,8
12934,61,64,-3,3
12935,113,113,0,0
12936,112,89,23,23
12937,75,74,1,1
12938,125,109,16,16
12939,73,73,0,0
12940,100,113,-13,13
12941,187,176,11,11
12942,101,96,5,5
12943,103,94,9,9
12944,99,107,-8,8
12945,65,65,0,0
12946,116,114,2,2
12947,97,113,-16,16
12948,83,88,-5,5
12949,90,99,-9,9
12950,101,102,-1,1
12951,97,102,-5,5
12952,107,104,3,3
12953,119,130,-11,11
12954,78,71,7,7
12955,79,81,-2,2
12956,74,79,-5,5
12957,150,144,6,6
12958,83,92,-9,9
12959,131,144,-13,13
12960,68,74,-6,6
12961,222,193,29,29
12962,88,87,1,1
12963,109,97,12,12
12964,149,154,-5,5
12965,82,89,-7,7
12966,33,49,-16,16
12967,97,105,-8,8
12968,88,89,-1,1
12969,127,133,-6,6
12970,70,72,-2,2
12971,86,83,3,3
12972,63,62,1,1
12973,101,99,2,2
12974,85,84,1,1
12975,97,82,15,15
12976,68,69,-1,1
12977,79,91,-12,12
12978,182,178,4,4
12979,68,73,-5,5
12980,68,67,1,1
12981,81,76,5,5
12982,118,109,9,9
12983,93,92,1,1
12984,117,103,14,14
12985,144,140,4,4
12986,134,123,11,11
12987,69,68,1,1
12988,133,129,4,4
12989,88,89,-1,1
12990,63,60,3,3
12991,116,117,-1,1
12992,113,125,-12,12
12993,103,94,9,9
12994,127,113,14,14
12995,116,118,-2,2
12996,114,110,4,4
12997,123,116,7,7
12998,72,63,9,9
12999,107,99,8,8
13000,121,107,14,14
13001,100,89,11,11
13002,87,86,1,1
13003,102,92,10,10
13004,155,167,-12,12
13005,72,79,-7,7
13006,84,84,0,0
13007,86,94,-8,8
13008,115,122,-7,7
13009,100,95,5,5
13010,81,70,11,11
13011,51,58,-7,7
13012,54,53,1,1
13013,86,85,1,1
13014,92,91,1,1
13015,60,65,-5,5
13016,112,112,0,0
13017,92,87,5,5
13018,87,87,0,0
13019,95,95,0,0
13020,80,77,3,3
13021,139,140,-1,1
13022,103,95,8,8
13023,120,131,-11,11
13024,75,84,-9,9
13025,51,47,4,4
13026,76,75,1,1
13027,67,73,-6,6
13028,165,157,8,8
13029,84,87,-3,3
13030,83,87,-4,4
13031,61,59,2,2
13032,159,150,9,9
13033,64,75,-11,11
13034,140,139,1,1
13035,65,79,-14,14
13036,68,73,-5,5
13037,67,59,8,8
13038,87,90,-3,3
13039,109,109,0,0
13040,116,118,-2,2
13041,94,107,-13,13
13042,135,127,8,8
13043,77,75,2,2
13044,55,56,-1,1
13045,61,60,1,1
13046,73,74,-1,1
13047,139,124,15,15
13048,106,121,-15,15
13049,78,86,-8,8
13050,74,63,11,11
13051,99,93,6,6
13052,88,93,-5,5
13053,93,83,10,10
13054,69,64,5,5
13055,235,212,23,23
13056,83,88,-5,5
13057,101,85,16,16
13058,66,71,-5,5
13059,58,55,3,3
13060,119,120,-1,1
13061,129,128,1,1
13062,82,82,0,0
13063,168,158,10,10
13064,72,75,-3,3
13065,125,116,9,9
13066,82,75,7,7
13067,97,92,5,5
13068,56,62,-6,6
13069,123,137,-14,14
13070,79,74,5,5
13071,84,80,4,4
13072,112,111,1,1
13073,80,86,-6,6
13074,106,107,-1,1
13075,60,63,-3,3
13076,72,75,-3,3
13077,96,101,-5,5
13078,60,60,0,0
13079,117,99,18,18
13080,66,73,-7,7
13081,78,79,-1,1
13082,55,61,-6,6
13083,164,149,15,15
13084,184,172,12,12
13085,78,82,-4,4
13086,61,68,-7,7
13087,109,127,-18,18
13088,101,101,0,0
13089,79,75,4,4
13090,51,56,-5,5
13091,64,61,3,3
13092,62,64,-2,2
13093,144,143,1,1
13094,57,59,-2,2
13095,50,52,-2,2
13096,81,78,3,3
13097,99,100,-1,1
13098,97,99,-2,2
13099,129,115,14,14
13100,104,97,7,7
13101,93,102,-9,9
13102,84,80,4,4
13103,90,91,-1,1
13104,112,117,-5,5
13105,69,70,-1,1
13106,69,74,-5,5
13107,107,89,18,18
13108,145,127,18,18
13109,84,74,10,10
13110,51,56,-5,5
13111,100,94,6,6
13112,82,88,-6,6
13113,71,84,-13,13
13114,104,96,8,8
13115,67,75,-8,8
13116,89,93,-4,4
13117,61,74,-13,13
13118,74,79,-5,5
13119,101,109,-8,8
13120,67,73,-6,6
13121,72,78,-6,6
13122,70,68,2,2
13123,158,164,-6,6
13124,94,93,1,1
13125,84,78,6,6
13126,120,120,0,0
13127,152,155,-3,3
13128,137,132,5,5
13129,82,89,-7,7
13130,116,112,4,4
13131,112,107,5,5
13132,99,91,8,8
13133,150,154,-4,4
13134,66,62,4,4
13135,81,70,11,11
13136,50,54,-4,4
13137,133,135,-2,2
13138,65,67,-2,2
13139,65,65,0,0
13140,80,80,0,0
13141,53,51,2,2
13142,108,97,11,11
13143,80,64,16,16
13144,126,133,-7,7
13145,73,78,-5,5
13146,58,56,2,2
13147,80,76,4,4
13148,62,63,-1,1
13149,64,66,-2,2
13150,55,58,-3,3
13151,81,79,2,2
13152,97,97,0,0
13153,78,70,8,8
13154,101,93,8,8
13155,72,80,-8,8
13156,112,110,2,2
13157,84,86,-2,2
13158,68,73,-5,5
13159,102,106,-4,4
13160,117,128,-11,11
13161,88,84,4,4
13162,127,114,13,13
13163,64,62,2,2
13164,87,87,0,0
13165,80,80,0,0
13166,101,88,13,13
13167,122,116,6,6
13168,67,60,7,7
13169,131,131,0,0
13170,97,94,3,3
13171,135,122,13,13
13172,88,87,1,1
13173,115,128,-13,13
13174,134,121,13,13
13175,116,119,-3,3
13176,79,82,-3,3
13177,45,48,-3,3
13178,100,99,1,1
13179,85,105,-20,20
13180,63,66,-3,3
13181,89,88,1,1
13182,76,77,-1,1
13183,138,125,13,13
13184,123,122,1,1
13185,74,81,-7,7
13186,43,49,-6,6
13187,66,74,-8,8
13188,86,109,-23,23
13189,115,129,-14,14
13190,30,67,-37,37
13191,66,72,-6,6
13192,208,178,30,30
13193,90,85,5,5
13194,71,65,6,6
13195,94,83,11,11
13196,171,164,7,7
13197,55,54,1,1
13198,43,58,-15,15
13199,67,70,-3,3
13200,143,128,15,15
13201,98,95,3,3
13202,100,96,4,4
13203,108,104,4,4
13204,91,78,13,13
13205,131,135,-4,4
13206,79,68,11,11
13207,153,158,-5,5
13208,37,51,-14,14
13209,46,50,-4,4
13210,241,230,11,11
13211,89,87,2,2
13212,72,69,3,3
13213,100,93,7,7
13214,83,82,1,1
13215,98,103,-5,5
13216,128,125,3,3
13217,162,119,43,43
13218,81,78,3,3
13219,98,95,3,3
13220,70,79,-9,9
13221,182,170,12,12
13222,71,72,-1,1
13223,173,175,-2,2
13224,54,57,-3,3
13225,66,67,-1,1
13226,85,79,6,6
13227,93,91,2,2
13228,71,111,-40,40
13229,163,164,-1,1
13230,86,83,3,3
13231,74,70,4,4
13232,148,152,-4,4
13233,112,111,1,1
13234,90,79,11,11
13235,64,61,3,3
13236,78,94,-16,16
13237,115,120,-5,5
13238,105,97,8,8
13239,90,87,3,3
13240,117,111,6,6
13241,103,90,13,13
13242,139,158,-19,19
13243,107,115,-8,8
13244,118,132,-14,14
13245,94,84,10,10
13246,56,54,2,2
13247,97,93,4,4
13248,77,70,7,7
13249,117,95,22,22
13250,125,128,-3,3
13251,67,72,-5,5
13252,73,72,1,1
13253,152,143,9,9
13254,73,68,5,5
13255,121,120,1,1
13256,166,166,0,0
13257,90,90,0,0
13258,96,103,-7,7
13259,149,156,-7,7
13260,61,65,-4,4
13261,144,137,7,7
13262,121,123,-2,2
13263,131,121,10,10
13264,58,51,7,7
13265,51,57,-6,6
13266,54,67,-13,13
13267,72,71,1,1
13268,99,103,-4,4
13269,124,112,12,12
13270,105,106,-1,1
13271,100,94,6,6
13272,153,160,-7,7
13273,76,80,-4,4
13274,120,111,9,9
13275,94,94,0,0
13276,85,80,5,5
13277,84,90,-6,6
13278,53,69,-16,16
13279,106,111,-5,5
13280,108,113,-5,5
13281,140,131,9,9
13282,113,114,-1,1
13283,57,68,-11,11
13284,108,107,1,1
13285,123,113,10,10
13286,108,99,9,9
13287,83,82,1,1
13288,99,84,15,15
13289,78,78,0,0
13290,96,99,-3,3
13291,58,57,1,1
13292,82,78,4,4
13293,148,150,-2,2
13294,86,94,-8,8
13295,81,74,7,7
13296,119,120,-1,1
13297,97,100,-3,3
13298,118,117,1,1
13299,92,86,6,6
13300,102,110,-8,8
13301,72,73,-1,1
13302,64,62,2,2
13303,86,87,-1,1
13304,57,70,-13,13
13305,102,101,1,1
13306,67,61,6,6
13307,88,91,-3,3
13308,139,125,14,14
13309,61,67,-6,6
13310,77,75,2,2
13311,158,161,-3,3
13312,130,120,10,10
13313,132,138,-6,6
13314,187,182,5,5
13315,79,74,5,5
13316,96,106,-10,10
13317,76,76,0,0
13318,71,69,2,2
13319,78,82,-4,4
13320,209,202,7,7
13321,75,76,-1,1
13322,146,133,13,13
13323,100,98,2,2
13324,80,86,-6,6
13325,70,70,0,0
13326,65,67,-2,2
13327,95,102,-7,7
13328,80,80,0,0
13329,69,69,0,0
13330,132,140,-8,8
13331,77,71,6,6
13332,98,92,6,6
13333,94,96,-2,2
13334,86,85,1,1
13335,90,84,6,6
13336,75,71,4,4
13337,130,104,26,26
13338,87,93,-6,6
13339,141,130,11,11
13340,161,148,13,13
13341,68,72,-4,4
13342,97,90,7,7
13343,125,118,7,7
13344,36,48,-12,12
13345,115,110,5,5
13346,68,61,7,7
13347,106,98,8,8
13348,96,110,-14,14
13349,82,81,1,1
13350,73,65,8,8
13351,89,79,10,10
13352,75,68,7,7
13353,85,90,-5,5
13354,134,142,-8,8
13355,90,81,9,9
13356,83,86,-3,3
13357,129,106,23,23
13358,140,144,-4,4
13359,60,63,-3,3
13360,82,75,7,7
13361,153,153,0,0
13362,80,88,-8,8
13363,119,121,-2,2
13364,108,105,3,3
13365,54,55,-1,1
13366,99,103,-4,4
13367,130,165,-35,35
13368,100,98,2,2
13369,59,54,5,5
13370,84,90,-6,6
13371,117,117,0,0
13372,60,55,5,5
13373,55,56,-1,1
13374,96,98,-2,2
13375,73,82,-9,9
13376,64,73,-9,9
13377,75,80,-5,5
13378,55,62,-7,7
13379,90,84,6,6
13380,142,149,-7,7
13381,139,140,-1,1
13382,118,111,7,7
13383,120,114,6,6
13384,112,113,-1,1
13385,43,51,-8,8
13386,106,109,-3,3
13387,187,181,6,6
13388,117,121,-4,4
13389,111,111,0,0
13390,188,186,2,2
13391,156,139,17,17
13392,136,142,-6,6
13393,88,89,-1,1
13394,29,49,-20,20
13395,107,92,15,15
13396,113,96,17,17
13397,93,87,6,6
13398,81,81,0,0
13399,22,51,-29,29
13400,69,69,0,0
13401,168,160,8,8
13402,147,137,10,10
13403,105,115,-10,10
13404,145,136,9,9
13405,58,64,-6,6
13406,60,65,-5,5
13407,150,161,-11,11
13408,70,67,3,3
13409,69,69,0,0
13410,140,140,0,0
13411,88,81,7,7
13412,120,120,0,0
13413,63,64,-1,1
13414,81,87,-6,6
13415,66,59,7,7
13416,91,82,9,9
13417,131,139,-8,8
13418,126,107,19,19
13419,138,140,-2,2
13420,103,105,-2,2
13421,103,102,1,1
13422,50,67,-17,17
13423,64,72,-8,8
13424,75,79,-4,4
13425,67,63,4,4
13426,97,96,1,1
13427,109,113,-4,4
13428,137,132,5,5
13429,71,71,0,0
13430,98,89,9,9
13431,82,97,-15,15
13432,65,70,-5,5
13433,117,104,13,13
13434,148,155,-7,7
13435,190,177,13,13
13436,84,78,6,6
13437,110,100,10,10
13438,138,135,3,3
13439,74,74,0,0
13440,130,114,16,16
13441,79,80,-1,1
13442,92,115,-23,23
13443,137,142,-5,5
13444,104,92,12,12
13445,160,142,18,18
13446,90,86,4,4
13447,101,100,1,1
13448,123,127,-4,4
13449,73,71,2,2
13450,66,67,-1,1
13451,124,124,0,0
13452,173,162,11,11
13453,142,133,9,9
13454,32,47,-15,15
13455,104,100,4,4
13456,65,86,-21,21
13457,60,59,1,1
13458,71,77,-6,6
13459,56,56,0,0
13460,122,126,-4,4
13461,135,148,-13,13
13462,162,161,1,1
13463,96,110,-14,14
13464,126,136,-10,10
13465,74,78,-4,4
13466,102,106,-4,4
13467,80,77,3,3
13468,88,81,7,7
13469,92,81,11,11
13470,107,113,-6,6
13471,87,74,13,13
13472,58,58,0,0
13473,80,71,9,9
13474,79,67,12,12
13475,114,122,-8,8
13476,78,88,-10,10
13477,75,82,-7,7
13478,168,173,-5,5
13479,114,115,-1,1
13480,59,71,-12,12
13481,152,159,-7,7
13482,66,67,-1,1
13483,98,90,8,8
13484,70,73,-3,3
13485,101,89,12,12
13486,130,132,-2,2
13487,114,106,8,8
13488,63,72,-9,9
13489,181,174,7,7
13490,86,86,0,0
13491,107,122,-15,15
13492,59,60,-1,1
13493,74,72,2,2
13494,134,138,-4,4
13495,199,171,28,28
13496,58,66,-8,8
13497,99,97,2,2
13498,103,107,-4,4
13499,183,165,18,18
13500,96,97,-1,1
13501,99,101,-2,2
13502,113,104,9,9
13503,88,78,10,10
13504,88,90,-2,2
13505,128,124,4,4
13506,82,91,-9,9
13507,80,76,4,4
13508,53,58,-5,5
13509,47,52,-5,5
13510,102,91,11,11
13511,97,95,2,2
13512,68,68,0,0
13513,125,115,10,10
13514,110,118,-8,8
13515,77,70,7,7
13516,127,118,9,9
13517,87,86,1,1
13518,107,92,15,15
13519,105,113,-8,8
13520,153,129,24,24
13521,61,67,-6,6
13522,33,76,-43,43
13523,146,140,6,6
13524,100,106,-6,6
13525,170,156,14,14
13526,134,123,11,11
13527,78,100,-22,22
13528,73,66,7,7
13529,60,60,0,0
13530,64,66,-2,2
13531,99,93,6,6
13532,80,88,-8,8
13533,65,66,-1,1
13534,67,61,6,6
13535,141,131,10,10
13536,60,65,-5,5
13537,138,146,-8,8
13538,154,157,-3,3
13539,58,60,-2,2
13540,114,124,-10,10
13541,132,124,8,8
13542,98,100,-2,2
13543,80,84,-4,4
13544,105,109,-4,4
13545,84,89,-5,5
13546,78,81,-3,3
13547,154,149,5,5
13548,67,70,-3,3
13549,95,109,-14,14
13550,125,121,4,4
13551,128,123,5,5
13552,42,48,-6,6
13553,204,196,8,8
13554,98,96,2,2
13555,112,110,2,2
13556,132,122,10,10
13557,139,129,10,10
13558,93,87,6,6
13559,146,142,4,4
13560,56,58,-2,2
13561,65,65,0,0
13562,124,115,9,9
13563,103,105,-2,2
13564,86,81,5,5
13565,60,68,-8,8
13566,98,99,-1,1
13567,80,121,-41,41
13568,89,102,-13,13
13569,148,134,14,14
13570,40,52,-12,12
13571,80,86,-6,6
13572,70,80,-10,10
13573,82,72,10,10
13574,133,146,-13,13
13575,75,81,-6,6
13576,75,69,6,6
13577,120,103,17,17
13578,50,55,-5,5
13579,111,122,-11,11
13580,86,83,3,3
13581,115,121,-6,6
13582,63,60,3,3
13583,93,95,-2,2
13584,104,93,11,11
13585,153,156,-3,3
13586,51,60,-9,9
13587,128,119,9,9
13588,92,89,3,3
13589,51,62,-11,11
13590,84,84,0,0
13591,104,103,1,1
13592,101,93,8,8
13593,83,89,-6,6
13594,69,74,-5,5
13595,96,91,5,5
13596,83,81,2,2
13597,54,70,-16,16
13598,83,68,15,15
13599,54,58,-4,4
13600,61,58,3,3
13601,116,104,12,12
13602,113,100,13,13
13603,76,72,4,4
13604,87,81,6,6
13605,59,58,1,1
13606,141,140,1,1
13607,97,99,-2,2
13608,89,80,9,9
13609,131,132,-1,1
13610,71,66,5,5
13611,60,56,4,4
13612,39,47,-8,8
13613,68,78,-10,10
13614,61,60,1,1
13615,107,104,3,3
13616,95,94,1,1
13617,94,112,-18,18
13618,82,84,-2,2
13619,110,113,-3,3
13620,113,116,-3,3
13621,107,99,8,8
13622,161,142,19,19
13623,180,161,19,19
13624,101,102,-1,1
13625,88,84,4,4
13626,87,86,1,1
13627,115,116,-1,1
13628,121,116,5,5
13629,139,140,-1,1
13630,123,121,2,2
13631,63,60,3,3
13632,122,114,8,8
13633,68,74,-6,6
13634,110,101,9,9
13635,57,79,-22,22
13636,82,77,5,5
13637,95,94,1,1
13638,134,135,-1,1
13639,98,89,9,9
13640,128,126,2,2
13641,95,93,2,2
13642,104,127,-23,23
13643,175,164,11,11
13644,109,98,11,11
13645,164,150,14,14
13646,118,114,4,4
13647,70,72,-2,2
13648,54,65,-11,11
13649,145,145,0,0
13650,68,67,1,1
13651,82,82,0,0
13652,61,62,-1,1
13653,92,90,2,2
13654,89,85,4,4
13655,96,93,3,3
13656,122,115,7,7
13657,79,77,2,2
13658,75,76,-1,1
13659,108,106,2,2
13660,43,52,-9,9
13661,67,68,-1,1
13662,75,78,-3,3
13663,67,66,1,1
13664,88,91,-3,3
13665,55,61,-6,6
13666,96,108,-12,12
13667,60,60,0,0
13668,125,118,7,7
13669,56,64,-8,8
13670,111,111,0,0
13671,105,119,-14,14
13672,77,97,-20,20
13673,89,91,-2,2
13674,79,82,-3,3
13675,107,111,-4,4
13676,124,116,8,8
13677,119,117,2,2
13678,57,79,-22,22
13679,127,128,-1,1
13680,64,73,-9,9
13681,96,97,-1,1
13682,89,80,9,9
13683,71,77,-6,6
13684,76,73,3,3
13685,110,112,-2,2
13686,120,133,-13,13
13687,98,90,8,8
13688,84,90,-6,6
13689,233,218,15,15
13690,75,66,9,9
13691,107,88,19,19
13692,76,78,-2,2
13693,84,85,-1,1
13694,86,85,1,1
13695,103,93,10,10
13696,106,96,10,10
13697,150,130,20,20
13698,73,72,1,1
13699,130,144,-14,14
13700,132,120,12,12
13701,139,134,5,5
13702,115,114,1,1
13703,155,150,5,5
13704,75,83,-8,8
13705,70,72,-2,2
13706,127,116,11,11
13707,65,61,4,4
13708,100,109,-9,9
13709,170,164,6,6
13710,135,133,2,2
13711,75,74,1,1
13712,164,173,-9,9
13713,125,114,11,11
13714,104,117,-13,13
13715,53,57,-4,4
13716,146,144,2,2
13717,102,87,15,15
13718,70,74,-4,4
13719,54,63,-9,9
13720,108,105,3,3
13721,97,99,-2,2
13722,104,99,5,5
13723,140,140,0,0
13724,94,102,-8,8
13725,62,78,-16,16
13726,105,96,9,9
13727,48,58,-10,10
13728,63,67,-4,4
13729,64,58,6,6
13730,51,56,-5,5
13731,63,61,2,2
13732,121,119,2,2
13733,120,115,5,5
13734,86,86,0,0
13735,91,92,-1,1
13736,55,67,-12,12
13737,98,98,0,0
13738,69,63,6,6
13739,45,49,-4,4
13740,126,139,-13,13
13741,169,166,3,3
13742,95,86,9,9
13743,106,111,-5,5
13744,91,85,6,6
13745,126,115,11,11
13746,67,71,-4,4
13747,55,57,-2,2
13748,74,78,-4,4
13749,87,75,12,12
13750,87,86,1,1
13751,83,71,12,12
13752,114,127,-13,13
13753,125,130,-5,5
13754,120,116,4,4
13755,86,79,7,7
13756,66,73,-7,7
13757,106,104,2,2
13758,62,59,3,3
13759,87,111,-24,24
13760,68,61,7,7
13761,77,77,0,0
13762,106,101,5,5
13763,101,99,2,2
13764,93,85,8,8
13765,63,81,-18,18
13766,53,60,-7,7
13767,116,119,-3,3
13768,116,116,0,0
13769,92,119,-27,27
13770,80,83,-3,3
13771,93,93,0,0
13772,129,124,5,5
13773,97,95,2,2
13774,51,55,-4,4
13775,98,89,9,9
13776,80,113,-33,33
13777,74,69,5,5
13778,157,148,9,9
13779,163,168,-5,5
13780,62,68,-6,6
13781,107,108,-1,1
13782,107,95,12,12
13783,107,107,0,0
13784,83,80,3,3
13785,117,104,13,13
13786,94,99,-5,5
13787,65,67,-2,2
13788,61,67,-6,6
13789,79,83,-4,4
13790,137,141,-4,4
13791,141,132,9,9
13792,95,96,-1,1
13793,101,101,0,0
13794,95,97,-2,2
13795,142,127,15,15
13796,107,94,13,13
13797,80,75,5,5
13798,91,93,-2,2
13799,71,69,2,2
13800,81,81,0,0
13801,96,91,5,5
13802,151,143,8,8
13803,75,84,-9,9
13804,69,72,-3,3
13805,70,70,0,0
13806,66,70,-4,4
13807,100,101,-1,1
13808,107,102,5,5
13809,116,113,3,3
13810,59,63,-4,4
13811,90,92,-2,2
13812,60,56,4,4
13813,55,57,-2,2
13814,66,71,-5,5
13815,90,95,-5,5
13816,80,85,-5,5
13817,151,89,62,62
13818,91,87,4,4
13819,59,62,-3,3
13820,73,76,-3,3
13821,51,56,-5,5
13822,95,96,-1,1
13823,92,90,2,2
13824,61,60,1,1
13825,80,78,2,2
13826,107,124,-17,17
13827,79,81,-2,2
13828,167,151,16,16
13829,58,63,-5,5
13830,104,101,3,3
13831,106,118,-12,12
13832,61,56,5,5
13833,111,120,-9,9
13834,97,112,-15,15
13835,101,100,1,1
13836,67,73,-6,6
13837,56,62,-6,6
13838,57,60,-3,3
13839,82,68,14,14
13840,95,93,2,2
13841,69,78,-9,9
13842,58,60,-2,2
13843,105,102,3,3
13844,163,146,17,17
13845,61,68,-7,7
13846,90,73,17,17
13847,220,206,14,14
13848,96,83,13,13
13849,44,52,-8,8
13850,59,63,-4,4
13851,60,66,-6,6
13852,64,64,0,0
13853,94,93,1,1
13854,151,141,10,10
13855,75,74,1,1
13856,75,74,1,1
13857,79,72,7,7
13858,70,79,-9,9
13859,107,112,-5,5
13860,145,141,4,4
13861,70,64,6,6
13862,75,67,8,8
13863,141,136,5,5
13864,66,70,-4,4
13865,79,71,8,8
13866,111,101,10,10
13867,112,103,9,9
13868,125,135,-10,10
13869,121,131,-10,10
13870,108,106,2,2
13871,74,81,-7,7
13872,106,112,-6,6
13873,118,123,-5,5
13874,162,148,14,14
13875,142,111,31,31
13876,65,67,-2,2
13877,59,58,1,1
13878,91,83,8,8
13879,75,71,4,4
13880,125,119,6,6
13881,146,142,4,4
13882,84,79,5,5
13883,95,94,1,1
13884,88,81,7,7
13885,95,91,4,4
13886,54,59,-5,5
13887,68,63,5,5
13888,250,259,-9,9
13889,64,73,-9,9
13890,89,82,7,7
13891,63,64,-1,1
13892,47,62,-15,15
13893,113,114,-1,1
13894,118,113,5,5
13895,77,75,2,2
13896,175,158,17,17
13897,87,85,2,2
13898,85,86,-1,1
13899,107,96,11,11
13900,77,65,12,12
13901,112,122,-10,10
13902,67,72,-5,5
13903,124,134,-10,10
13904,69,69,0,0
13905,170,168,2,2
13906,91,78,13,13
13907,69,72,-3,3
13908,69,60,9,9
13909,102,103,-1,1
13910,87,99,-12,12
13911,61,64,-3,3
13912,140,121,19,19
13913,56,68,-12,12
13914,50,50,0,0
13915,71,65,6,6
13916,46,55,-9,9
13917,102,103,-1,1
13918,72,69,3,3
13919,102,105,-3,3
13920,98,96,2,2
13921,114,118,-4,4
13922,83,87,-4,4
13923,75,80,-5,5
13924,92,84,8,8
13925,107,110,-3,3
13926,166,158,8,8
13927,72,74,-2,2
13928,43,54,-11,11
13929,98,89,9,9
13930,141,136,5,5
13931,112,98,14,14
13932,149,146,3,3
13933,17,46,-29,29
13934,63,71,-8,8
13935,127,126,1,1
13936,128,125,3,3
13937,64,71,-7,7
13938,59,61,-2,2
13939,45,57,-12,12
13940,104,99,5,5
13941,82,81,1,1
13942,52,47,5,5
13943,96,86,10,10
13944,108,105,3,3
13945,122,123,-1,1
13946,105,104,1,1
13947,72,77,-5,5
13948,75,70,5,5
13949,111,108,3,3
13950,86,79,7,7
13951,121,121,0,0
13952,86,83,3,3
13953,66,62,4,4
13954,93,91,2,2
13955,128,138,-10,10
13956,142,135,7,7
13957,87,71,16,16
13958,84,79,5,5
13959,103,104,-1,1
13960,113,102,11,11
13961,136,137,-1,1
13962,74,69,5,5
13963,108,123,-15,15
13964,89,94,-5,5
13965,84,82,2,2
13966,98,93,5,5
13967,51,62,-11,11
13968,53,51,2,2
13969,88,87,1,1
13970,96,87,9,9
13971,105,115,-10,10
13972,95,87,8,8
13973,119,89,30,30
13974,79,75,4,4
13975,110,92,18,18
13976,68,63,5,5
13977,98,99,-1,1
13978,162,165,-3,3
13979,124,126,-2,2
13980,54,53,1,1
13981,89,97,-8,8
13982,55,64,-9,9
13983,147,129,18,18
13984,118,106,12,12
13985,28,57,-29,29
13986,115,112,3,3
13987,87,90,-3,3
13988,129,125,4,4
13989,100,94,6,6
13990,119,120,-1,1
13991,95,93,2,2
13992,130,130,0,0
13993,57,55,2,2
13994,103,93,10,10
13995,100,95,5,5
13996,95,92,3,3
13997,61,61,0,0
13998,59,62,-3,3
13999,126,118,8,8
14000,162,173,-11,11
14001,98,100,-2,2
14002,134,115,19,19
14003,118,117,1,1
14004,57,61,-4,4
14005,84,91,-7,7
14006,84,77,7,7
14007,120,134,-14,14
14008,163,161,2,2
14009,64,64,0,0
14010,83,75,8,8
14011,69,82,-13,13
14012,135,101,34,34
14013,86,80,6,6
14014,60,52,8,8
14015,77,81,-4,4
14016,92,90,2,2
14017,85,78,7,7
14018,161,159,2,2
14019,126,112,14,14
14020,63,65,-2,2
14021,93,101,-8,8
14022,73,69,4,4
14023,107,107,0,0
14024,74,75,-1,1
14025,73,68,5,5
14026,108,95,13,13
14027,182,176,6,6
14028,134,123,11,11
14029,67,68,-1,1
14030,91,88,3,3
14031,131,158,-27,27
14032,146,143,3,3
14033,80,77,3,3
14034,139,132,7,7
14035,188,187,1,1
14036,150,141,9,9
14037,74,75,-1,1
14038,115,118,-3,3
14039,87,83,4,4
14040,83,70,13,13
14041,71,70,1,1
14042,95,96,-1,1
14043,110,103,7,7
14044,91,90,1,1
14045,108,107,1,1
14046,51,56,-5,5
14047,71,74,-3,3
14048,50,54,-4,4
14049,66,67,-1,1
14050,56,65,-9,9
14051,108,110,-2,2
14052,114,109,5,5
14053,86,72,14,14
14054,88,87,1,1
14055,66,64,2,2
14056,111,112,-1,1
14057,53,58,-5,5
14058,94,90,4,4
14059,74,74,0,0
14060,129,135,-6,6
14061,75,78,-3,3
14062,198,184,14,14
14063,76,71,5,5
14064,94,92,2,2
14065,70,67,3,3
14066,172,151,21,21
14067,61,61,0,0
14068,80,77,3,3
14069,102,93,9,9
14070,114,116,-2,2
14071,70,72,-2,2
14072,75,81,-6,6
14073,112,109,3,3
14074,44,47,-3,3
14075,145,171,-26,26
14076,68,92,-24,24
14077,148,145,3,3
14078,56,59,-3,3
14079,81,84,-3,3
14080,73,73,0,0
14081,122,125,-3,3
14082,75,81,-6,6
14083,121,131,-10,10
14084,139,142,-3,3
14085,63,61,2,2
14086,125,128,-3,3
14087,85,80,5,5
14088,112,123,-11,11
14089,114,113,1,1
14090,134,126,8,8
14091,98,109,-11,11
14092,75,83,-8,8
14093,135,122,13,13
14094,96,99,-3,3
14095,102,100,2,2
14096,150,157,-7,7
14097,186,168,18,18
14098,63,61,2,2
14099,116,106,10,10
14100,83,70,13,13
14101,110,95,15,15
14102,104,100,4,4
14103,71,68,3,3
14104,111,119,-8,8
14105,106,113,-7,7
14106,147,150,-3,3
14107,67,69,-2,2
14108,212,200,12,12
14109,83,86,-3,3
14110,174,153,21,21
14111,113,129,-16,16
14112,68,80,-12,12
14113,159,164,-5,5
14114,52,60,-8,8
14115,123,124,-1,1
14116,112,112,0,0
14117,69,77,-8,8
14118,61,65,-4,4
14119,63,65,-2,2
14120,70,72,-2,2
14121,65,70,-5,5
14122,145,150,-5,5
14123,121,128,-7,7
14124,60,55,5,5
14125,187,172,15,15
14126,24,48,-24,24
14127,136,140,-4,4
14128,65,75,-10,10
14129,67,65,2,2
14130,189,184,5,5
14131,83,105,-22,22
14132,76,77,-1,1
14133,91,91,0,0
14134,74,87,-13,13
14135,55,63,-8,8
14136,107,100,7,7
14137,160,148,12,12
14138,149,139,10,10
14139,96,88,8,8
14140,88,85,3,3
14141,118,115,3,3
14142,91,91,0,0
14143,92,94,-2,2
14144,74,75,-1,1
14145,118,125,-7,7
14146,81,96,-15,15
14147,95,95,0,0
14148,68,73,-5,5
14149,132,120,12,12
14150,49,51,-2,2
14151,115,115,0,0
14152,148,146,2,2
14153,109,127,-18,18
14154,104,96,8,8
14155,159,167,-8,8
14156,83,73,10,10
14157,47,56,-9,9
14158,92,87,5,5
14159,101,106,-5,5
14160,57,59,-2,2
14161,40,47,-7,7
14162,153,143,10,10
14163,163,142,21,21
14164,66,65,1,1
14165,90,84,6,6
14166,55,53,2,2
14167,52,59,-7,7
14168,96,94,2,2
14169,115,116,-1,1
14170,47,64,-17,17
14171,77,91,-14,14
14172,76,78,-2,2
14173,115,119,-4,4
14174,93,98,-5,5
14175,120,93,27,27
14176,83,87,-4,4
14177,119,116,3,3
14178,40,53,-13,13
14179,47,58,-11,11
14180,55,56,-1,1
14181,96,92,4,4
14182,88,93,-5,5
14183,74,86,-12,12
14184,80,85,-5,5
14185,68,64,4,4
14186,144,142,2,2
14187,101,95,6,6
14188,116,117,-1,1
14189,63,60,3,3
14190,51,51,0,0
14191,123,121,2,2
14192,145,143,2,2
14193,107,97,10,10
14194,109,109,0,0
14195,115,120,-5,5
14196,59,57,2,2
14197,63,72,-9,9
14198,190,187,3,3
14199,69,65,4,4
14200,77,72,5,5
14201,78,83,-5,5
14202,85,92,-7,7
14203,112,93,19,19
14204,82,84,-2,2
14205,150,150,0,0
14206,72,76,-4,4
14207,105,108,-3,3
14208,80,77,3,3
14209,39,52,-13,13
14210,102,110,-8,8
14211,68,73,-5,5
14212,95,92,3,3
14213,24,48,-24,24
14214,50,52,-2,2
14215,66,56,10,10
14216,69,72,-3,3
14217,120,115,5,5
14218,140,124,16,16
14219,69,75,-6,6
14220,187,152,35,35
14221,107,102,5,5
14222,67,65,2,2
14223,126,131,-5,5
14224,112,126,-14,14
14225,93,103,-10,10
14226,89,94,-5,5
14227,93,101,-8,8
14228,48,47,1,1
14229,153,149,4,4
14230,67,64,3,3
14231,48,61,-13,13
14232,58,66,-8,8
14233,179,171,8,8
14234,91,90,1,1
14235,123,125,-2,2
14236,70,70,0,0
14237,32,56,-24,24
14238,96,82,14,14
14239,53,55,-2,2
14240,99,103,-4,4
14241,133,122,11,11
14242,77,86,-9,9
14243,47,71,-24,24
14244,55,54,1,1
14245,85,79,6,6
14246,135,131,4,4
14247,103,101,2,2
14248,62,71,-9,9
14249,73,70,3,3
14250,117,131,-14,14
14251,112,108,4,4
14252,34,50,-16,16
14253,46,54,-8,8
14254,68,64,4,4
14255,42,50,-8,8
14256,88,108,-20,20
14257,88,86,2,2
14258,78,82,-4,4
14259,74,80,-6,6
14260,145,139,6,6
14261,144,144,0,0
14262,146,150,-4,4
14263,50,53,-3,3
14264,134,117,17,17
14265,81,76,5,5
14266,81,75,6,6
14267,64,67,-3,3
14268,134,131,3,3
14269,177,175,2,2
14270,115,105,10,10
14271,105,105,0,0
14272,142,135,7,7
14273,104,103,1,1
14274,74,80,-6,6
14275,177,163,14,14
14276,47,48,-1,1
14277,127,133,-6,6
14278,186,173,13,13
14279,81,92,-11,11
14280,78,74,4,4
14281,155,143,12,12
14282,170,134,36,36
14283,97,92,5,5
14284,94,89,5,5
14285,77,81,-4,4
14286,83,77,6,6
14287,109,110,-1,1
14288,92,94,-2,2
14289,93,94,-1,1
14290,63,84,-21,21
14291,85,84,1,1
14292,92,102,-10,10
14293,68,63,5,5
14294,111,118,-7,7
14295,181,174,7,7
14296,57,63,-6,6
14297,93,100,-7,7
14298,68,78,-10,10
14299,95,101,-6,6
14300,123,109,14,14
14301,58,62,-4,4
14302,159,146,13,13
14303,97,85,12,12
14304,82,84,-2,2
14305,70,65,5,5
14306,87,75,12,12
14307,63,67,-4,4
14308,138,137,1,1
14309,124,124,0,0
14310,90,86,4,4
14311,72,69,3,3
14312,82,89,-7,7
14313,102,120,-18,18
14314,149,131,18,18
14315,127,119,8,8
14316,127,105,22,22
14317,80,80,0,0
14318,79,70,9,9
14319,126,131,-5,5
14320,160,156,4,4
14321,88,87,1,1
14322,57,56,1,1
14323,117,118,-1,1
14324,88,80,8,8
14325,117,118,-1,1
14326,108,106,2,2
14327,122,135,-13,13
14328,126,118,8,8
14329,137,138,-1,1
14330,119,101,18,18
14331,94,96,-2,2
14332,89,68,21,21
14333,65,61,4,4
14334,80,77,3,3
14335,73,76,-3,3
14336,137,123,14,14
14337,112,115,-3,3
14338,93,93,0,0
14339,121,104,17,17
14340,94,97,-3,3
14341,74,78,-4,4
14342,126,123,3,3
14343,102,92,10,10
14344,61,60,1,1
14345,107,109,-2,2
14346,187,176,11,11
14347,129,124,5,5
14348,96,99,-3,3
14349,85,76,9,9
14350,89,91,-2,2
14351,65,60,5,5
14352,67,73,-6,6
14353,95,91,4,4
14354,90,80,10,10
14355,70,83,-13,13
14356,51,60,-9,9
14357,67,73,-6,6
14358,105,92,13,13
14359,72,86,-14,14
14360,73,65,8,8
14361,90,92,-2,2
14362,60,58,2,2
14363,125,121,4,4
14364,128,116,12,12
14365,114,111,3,3
14366,80,69,11,11
14367,130,117,13,13
14368,170,189,-19,19
14369,163,161,2,2
14370,121,107,14,14
14371,65,69,-4,4
14372,110,108,2,2
14373,86,88,-2,2
14374,136,136,0,0
14375,95,96,-1,1
14376,82,80,2,2
14377,117,111,6,6
14378,122,124,-2,2
14379,61,61,0,0
14380,49,50,-1,1
14381,188,171,17,17
14382,61,65,-4,4
14383,164,161,3,3
14384,64,67,-3,3
14385,100,91,9,9
14386,75,71,4,4
14387,90,85,5,5
14388,83,76,7,7
14389,74,80,-6,6
14390,88,86,2,2
14391,110,99,11,11
14392,104,101,3,3
14393,61,66,-5,5
14394,80,84,-4,4
14395,121,112,9,9
14396,72,73,-1,1
14397,80,81,-1,1
14398,38,50,-12,12
14399,136,117,19,19
14400,85,88,-3,3
14401,86,84,2,2
14402,129,126,3,3
14403,58,61,-3,3
14404,73,77,-4,4
14405,135,138,-3,3
14406,106,117,-11,11
14407,53,54,-1,1
14408,54,64,-10,10
14409,62,75,-13,13
14410,91,95,-4,4
14411,61,62,-1,1
14412,56,65,-9,9
14413,53,56,-3,3
14414,67,67,0,0
14415,81,85,-4,4
14416,77,83,-6,6
14417,92,93,-1,1
14418,181,170,11,11
14419,68,72,-4,4
14420,73,73,0,0
14421,102,96,6,6
14422,85,85,0,0
14423,78,81,-3,3
14424,85,77,8,8
14425,86,94,-8,8
14426,61,50,11,11
14427,60,61,-1,1
14428,70,75,-5,5
14429,63,67,-4,4
14430,141,153,-12,12
14431,82,78,4,4
14432,125,114,11,11
14433,25,48,-23,23
14434,124,117,7,7
14435,42,53,-11,11
14436,123,129,-6,6
14437,50,68,-18,18
14438,94,99,-5,5
14439,175,167,8,8
14440,119,123,-4,4
14441,97,102,-5,5
14442,112,111,1,1
14443,105,105,0,0
14444,85,81,4,4
14445,117,123,-6,6
14446,140,134,6,6
14447,117,106,11,11
14448,45,50,-5,5
14449,73,77,-4,4
14450,71,82,-11,11
14451,41,52,-11,11
14452,134,126,8,8
14453,102,104,-2,2
14454,69,69,0,0
14455,98,101,-3,3
14456,113,105,8,8
14457,90,91,-1,1
14458,67,68,-1,1
14459,83,86,-3,3
14460,64,66,-2,2
14461,192,165,27,27
14462,93,82,11,11
14463,111,110,1,1
14464,122,129,-7,7
14465,89,99,-10,10
14466,77,96,-19,19
14467,66,65,1,1
14468,57,62,-5,5
14469,84,86,-2,2
14470,90,92,-2,2
14471,103,103,0,0
14472,144,143,1,1
14473,120,110,10,10
14474,105,100,5,5
14475,121,124,-3,3
14476,51,96,-45,45
14477,91,81,10,10
14478,73,79,-6,6
14479,60,63,-3,3
14480,50,50,0,0
14481,94,105,-11,11
14482,107,96,11,11
14483,62,56,6,6
14484,77,75,2,2
14485,109,105,4,4
14486,113,107,6,6
14487,95,99,-4,4
14488,153,159,-6,6
14489,146,132,14,14
14490,75,77,-2,2
14491,97,99,-2,2
14492,96,99,-3,3
14493,112,128,-16,16
14494,93,102,-9,9
14495,88,91,-3,3
14496,143,129,14,14
14497,131,132,-1,1
14498,92,93,-1,1
14499,77,74,3,3
14500,94,91,3,3
14501,60,71,-11,11
14502,70,70,0,0
14503,73,75,-2,2
14504,115,109,6,6
14505,111,114,-3,3
14506,41,48,-7,7
14507,49,51,-2,2
14508,141,138,3,3
14509,85,78,7,7
14510,89,86,3,3
14511,84,74,10,10
14512,102,99,3,3
14513,100,103,-3,3
14514,72,75,-3,3
14515,99,94,5,5
14516,68,68,0,0
14517,63,60,3,3
14518,156,166,-10,10
14519,113,106,7,7
14520,109,101,8,8
14521,141,136,5,5
14522,173,167,6,6
14523,95,102,-7,7
14524,89,96,-7,7
14525,103,100,3,3
14526,71,71,0,0
14527,81,79,2,2
14528,93,92,1,1
14529,138,150,-12,12
14530,94,81,13,13
14531,168,152,16,16
14532,56,59,-3,3
14533,70,64,6,6
14534,143,125,18,18
14535,115,116,-1,1
14536,78,72,6,6
14537,71,68,3,3
14538,61,60,1,1
14539,174,172,2,2
14540,136,139,-3,3
14541,137,141,-4,4
14542,64,59,5,5
14543,98,95,3,3
14544,61,66,-5,5
14545,79,77,2,2
14546,58,61,-3,3
14547,88,88,0,0
14548,83,82,1,1
14549,58,64,-6,6
14550,113,105,8,8
14551,65,64,1,1
14552,98,95,3,3
14553,98,92,6,6
14554,119,107,12,12
14555,81,82,-1,1
14556,107,111,-4,4
14557,69,66,3,3
14558,102,105,-3,3
14559,64,67,-3,3
14560,92,102,-10,10
14561,91,79,12,12
14562,76,66,10,10
14563,120,116,4,4
14564,131,129,2,2
14565,73,63,10,10
14566,113,90,23,23
14567,46,57,-11,11
14568,31,47,-16,16
14569,86,100,-14,14
14570,124,133,-9,9
14571,69,68,1,1
14572,103,99,4,4
14573,78,84,-6,6
14574,85,80,5,5
14575,43,52,-9,9
14576,102,103,-1,1
14577,64,72,-8,8
14578,112,122,-10,10
14579,104,102,2,2
14580,116,119,-3,3
14581,72,71,1,1
14582,86,93,-7,7
14583,45,55,-10,10
14584,90,96,-6,6
14585,204,190,14,14
14586,38,49,-11,11
14587,95,78,17,17
14588,102,109,-7,7
14589,193,186,7,7
14590,130,121,9,9
14591,47,52,-5,5
14592,132,134,-2,2
14593,176,150,26,26
14594,67,72,-5,5
14595,100,107,-7,7
14596,73,67,6,6
14597,44,52,-8,8
14598,65,68,-3,3
14599,34,48,-14,14
14600,56,63,-7,7
14601,87,88,-1,1
14602,87,105,-18,18
14603,44,53,-9,9
14604,115,105,10,10
14605,82,80,2,2
14606,134,140,-6,6
14607,161,154,7,7
14608,61,57,4,4
14609,150,146,4,4
14610,106,103,3,3
14611,68,67,1,1
14612,106,97,9,9
14613,96,95,1,1
14614,142,150,-8,8
14615,74,66,8,8
14616,47,55,-8,8
14617,130,135,-5,5
14618,121,124,-3,3
14619,104,102,2,2
14620,79,79,0,0
14621,85,77,8,8
14622,92,89,3,3
14623,52,97,-45,45
14624,144,165,-21,21
14625,92,77,15,15
14626,58,53,5,5
14627,116,126,-10,10
14628,71,78,-7,7
14629,65,60,5,5
14630,86,73,13,13
14631,51,59,-8,8
14632,51,54,-3,3
14633,169,163,6,6
14634,117,125,-8,8
14635,94,94,0,0
14636,77,72,5,5
14637,61,63,-2,2
14638,64,62,2,2
14639,38,56,-18,18
14640,54,56,-2,2
14641,70,69,1,1
14642,77,81,-4,4
14643,127,118,9,9
14644,58,60,-2,2
14645,84,83,1,1
14646,89,91,-2,2
14647,52,47,5,5
14648,73,75,-2,2
14649,64,71,-7,7
14650,53,62,-9,9
14651,112,104,8,8
14652,92,91,1,1
14653,90,78,12,12
14654,72,73,-1,1
14655,99,103,-4,4
14656,84,78,6,6
14657,90,91,-1,1
14658,135,138,-3,3
14659,91,85,6,6
14660,81,89,-8,8
14661,119,113,6,6
14662,70,71,-1,1
14663,62,63,-1,1
14664,80,82,-2,2
14665,69,65,4,4
14666,107,119,-12,12
14667,145,137,8,8
14668,137,129,8,8
14669,94,94,0,0
14670,158,141,17,17
14671,174,182,-8,8
14672,100,103,-3,3
14673,141,133,8,8
14674,131,129,2,2
14675,168,165,3,3
14676,98,95,3,3
14677,116,125,-9,9
14678,101,96,5,5
14679,89,106,-17,17
14680,119,115,4,4
14681,139,141,-2,2
14682,25,47,-22,22
14683,106,105,1,1
14684,161,164,-3,3
14685,123,121,2,2
14686,87,83,4,4
14687,58,62,-4,4
14688,62,64,-2,2
14689,89,84,5,5
14690,81,78,3,3
14691,70,61,9,9
14692,78,76,2,2
14693,163,160,3,3
14694,46,71,-25,25
14695,57,58,-1,1
14696,108,106,2,2
14697,148,114,34,34
14698,74,75,-1,1
14699,54,59,-5,5
14700,64,74,-10,10
14701,162,143,19,19
14702,124,116,8,8
14703,75,75,0,0
14704,76,75,1,1
14705,81,92,-11,11
14706,56,62,-6,6
14707,90,88,2,2
14708,70,75,-5,5
14709,66,82,-16,16
14710,75,76,-1,1
14711,95,114,-19,19
14712,123,125,-2,2
14713,125,123,2,2
14714,44,50,-6,6
14715,141,143,-2,2
14716,53,57,-4,4
14717,97,95,2,2
14718,100,107,-7,7
14719,78,96,-18,18
14720,199,183,16,16
14721,124,115,9,9
14722,56,70,-14,14
14723,62,55,7,7
14724,109,103,6,6
14725,149,133,16,16
14726,101,105,-4,4
14727,129,120,9,9
14728,138,120,18,18
14729,118,124,-6,6
14730,151,150,1,1
14731,58,55,3,3
14732,148,152,-4,4
14733,89,91,-2,2
14734,93,96,-3,3
14735,111,103,8,8
14736,131,129,2,2
14737,106,107,-1,1
14738,123,122,1,1
14739,119,142,-23,23
14740,106,107,-1,1
14741,121,116,5,5
14742,74,64,10,10
14743,94,100,-6,6
14744,83,74,9,9
14745,159,152,7,7
14746,126,116,10,10
14747,71,75,-4,4
14748,52,60,-8,8
14749,139,143,-4,4
14750,98,93,5,5
14751,94,89,5,5
14752,58,58,0,0
14753,126,131,-5,5
14754,65,65,0,0
14755,98,85,13,13
14756,170,164,6,6
14757,71,79,-8,8
14758,63,68,-5,5
14759,74,77,-3,3
14760,119,114,5,5
14761,73,86,-13,13
14762,88,87,1,1
14763,96,98,-2,2
14764,125,128,-3,3
14765,119,120,-1,1
14766,88,87,1,1
14767,98,89,9,9
14768,103,119,-16,16
14769,95,89,6,6
14770,80,83,-3,3
14771,88,88,0,0
14772,50,50,0,0
14773,81,76,5,5
14774,72,68,4,4
14775,56,61,-5,5
14776,54,54,0,0
14777,70,76,-6,6
14778,92,86,6,6
14779,79,79,0,0
14780,64,65,-1,1
14781,121,120,1,1
14782,55,57,-2,2
14783,110,108,2,2
14784,142,142,0,0
14785,160,153,7,7
14786,61,58,3,3
14787,59,63,-4,4
14788,102,107,-5,5
14789,95,90,5,5
14790,62,68,-6,6
14791,142,139,3,3
14792,91,72,19,19
14793,114,110,4,4
14794,54,58,-4,4
14795,93,100,-7,7
14796,96,94,2,2
14797,75,70,5,5
14798,95,90,5,5
14799,59,64,-5,5
14800,87,75,12,12
14801,121,108,13,13
14802,85,89,-4,4
14803,74,77,-3,3
14804,94,96,-2,2
14805,117,119,-2,2
14806,136,136,0,0
14807,51,59,-8,8
14808,143,137,6,6
14809,110,109,1,1
14810,112,108,4,4
14811,59,56,3,3
14812,69,64,5,5
14813,92,89,3,3
14814,92,96,-4,4
14815,125,115,10,10
14816,93,85,8,8
14817,94,85,9,9
14818,183,170,13,13
14819,158,162,-4,4
14820,126,123,3,3
14821,201,174,27,27
14822,96,85,11,11
14823,69,87,-18,18
14824,112,127,-15,15
14825,60,67,-7,7
14826,81,76,5,5
14827,229,221,8,8
14828,81,76,5,5
14829,49,55,-6,6
14830,98,91,7,7
14831,104,99,5,5
14832,117,110,7,7
14833,91,94,-3,3
14834,96,88,8,8
14835,82,80,2,2
14836,193,167,26,26
14837,75,79,-4,4
14838,101,101,0,0
14839,128,112,16,16
14840,103,103,0,0
14841,84,80,4,4
14842,162,152,10,10
14843,117,115,2,2
14844,104,122,-18,18
14845,85,84,1,1
14846,90,90,0,0
14847,67,69,-2,2
14848,91,80,11,11
14849,152,147,5,5
14850,60,56,4,4
14851,107,105,2,2
14852,114,132,-18,18
14853,95,97,-2,2
14854,85,86,-1,1
14855,72,104,-32,32
14856,66,79,-13,13
14857,81,87,-6,6
14858,112,109,3,3
14859,39,48,-9,9
14860,125,141,-16,16
14861,67,65,2,2
14862,103,95,8,8
14863,44,63,-19,19
14864,52,53,-1,1
14865,58,62,-4,4
14866,105,108,-3,3
14867,55,66,-11,11
14868,107,125,-18,18
14869,102,113,-11,11
14870,61,77,-16,16
14871,129,131,-2,2
14872,72,68,4,4
14873,144,141,3,3
14874,67,71,-4,4
14875,131,129,2,2
14876,59,61,-2,2
14877,142,138,4,4
14878,80,82,-2,2
14879,95,89,6,6
14880,62,69,-7,7
14881,99,103,-4,4
14882,69,76,-7,7
14883,36,51,-15,15
14884,53,59,-6,6
14885,174,155,19,19
14886,120,118,2,2
14887,60,69,-9,9
14888,44,54,-10,10
14889,104,108,-4,4
14890,70,66,4,4
14891,80,77,3,3
14892,72,67,5,5
14893,114,126,-12,12
14894,110,110,0,0
14895,69,64,5,5
14896,108,103,5,5
14897,136,133,3,3
14898,62,66,-4,4
14899,170,174,-4,4
14900,109,99,10,10
14901,85,86,-1,1
14902,93,81,12,12
14903,117,116,1,1
14904,102,83,19,19
14905,123,117,6,6
14906,91,106,-15,15
14907,65,66,-1,1
14908,52,68,-16,16
14909,139,126,13,13
14910,88,89,-1,1
14911,67,81,-14,14
14912,143,141,2,2
14913,153,159,-6,6
14914,65,65,0,0
14915,84,86,-2,2
14916,101,112,-11,11
14917,90,114,-24,24
14918,75,73,2,2
14919,95,92,3,3
14920,197,171,26,26
14921,60,60,0,0
14922,152,154,-2,2
14923,69,67,2,2
14924,79,81,-2,2
14925,63,76,-13,13
14926,114,111,3,3
14927,94,87,7,7
14928,107,101,6,6
14929,94,93,1,1
14930,68,70,-2,2
14931,95,93,2,2
14932,123,115,8,8
14933,81,82,-1,1
14934,141,127,14,14
14935,78,79,-1,1
14936,100,108,-8,8
14937,120,118,2,2
14938,36,68,-32,32
14939,81,85,-4,4
14940,118,99,19,19
14941,122,127,-5,5
14942,80,76,4,4
14943,130,121,9,9
14944,44,49,-5,5
14945,170,175,-5,5
14946,74,93,-19,19
14947,66,71,-5,5
14948,192,181,11,11
14949,84,88,-4,4
14950,116,140,-24,24
14951,81,80,1,1
14952,43,52,-9,9
14953,69,68,1,1
14954,63,59,4,4
14955,94,91,3,3
14956,84,79,5,5
14957,56,58,-2,2
14958,106,112,-6,6
14959,152,128,24,24
14960,92,89,3,3
14961,68,65,3,3
14962,87,93,-6,6
14963,88,98,-10,10
14964,78,77,1,1
14965,64,75,-11,11
14966,147,144,3,3
14967,57,54,3,3
14968,81,93,-12,12
14969,59,62,-3,3
14970,70,69,1,1
14971,87,95,-8,8
14972,90,80,10,10
14973,87,71,16,16
14974,49,54,-5,5
14975,160,142,18,18
14976,131,117,14,14
14977,83,84,-1,1
14978,44,50,-6,6
14979,44,49,-5,5
14980,52,69,-17,17
14981,102,109,-7,7
14982,69,74,-5,5
14983,99,95,4,4
14984,81,88,-7,7
14985,91,98,-7,7
14986,87,85,2,2
14987,57,55,2,2
14988,82,87,-5,5
14989,56,58,-2,2
14990,76,75,1,1
14991,79,82,-3,3
14992,78,73,5,5
14993,121,109,12,12
14994,119,110,9,9
14995,68,75,-7,7
14996,146,141,5,5
14997,106,89,17,17
14998,132,121,11,11
14999,47,54,-7,7
15000,70,70,0,0
15001,114,98,16,16
15002,71,66,5,5
15003,85,97,-12,12
15004,132,122,10,10
15005,33,48,-15,15
15006,16,58,-42,42
15007,68,69,-1,1
15008,62,63,-1,1
15009,84,88,-4,4
15010,50,56,-6,6
15011,91,94,-3,3
15012,116,113,3,3
15013,97,92,5,5
15014,126,130,-4,4
15015,102,108,-6,6
15016,111,96,15,15
15017,113,109,4,4
15018,149,136,13,13
15019,87,74,13,13
15020,120,109,11,11
15021,124,124,0,0
15022,145,132,13,13
15023,78,79,-1,1
15024,158,162,-4,4
15025,47,54,-7,7
15026,228,201,27,27
15027,86,92,-6,6
15028,97,96,1,1
15029,105,100,5,5
15030,59,64,-5,5
15031,134,112,22,22
15032,122,125,-3,3
15033,116,131,-15,15
15034,72,77,-5,5
15035,95,108,-13,13
15036,48,51,-3,3
15037,71,72,-1,1
15038,164,168,-4,4
15039,80,79,1,1
15040,96,87,9,9
15041,133,128,5,5
15042,121,128,-7,7
15043,122,124,-2,2
15044,99,92,7,7
15045,96,87,9,9
15046,41,51,-10,10
15047,157,135,22,22
15048,104,83,21,21
15049,65,71,-6,6
15050,103,110,-7,7
15051,118,114,4,4
15052,99,96,3,3
15053,126,115,11,11
15054,106,103,3,3
15055,55,48,7,7
15056,75,76,-1,1
15057,69,75,-6,6
15058,107,109,-2,2
15059,122,119,3,3
15060,63,69,-6,6
15061,107,107,0,0
15062,96,112,-16,16
15063,62,69,-7,7
15064,72,71,1,1
15065,152,144,8,8
15066,65,67,-2,2
15067,78,74,4,4
15068,115,114,1,1
15069,113,104,9,9
15070,113,101,12,12
15071,105,100,5,5
15072,116,117,-1,1
15073,158,153,5,5
15074,57,59,-2,2
15075,141,144,-3,3
15076,82,80,2,2
15077,106,106,0,0
15078,96,87,9,9
15079,104,100,4,4
15080,98,91,7,7
15081,83,95,-12,12
15082,138,131,7,7
15083,148,142,6,6
15084,71,78,-7,7
15085,90,102,-12,12
15086,134,123,11,11
15087,129,138,-9,9
15088,127,129,-2,2
15089,77,80,-3,3
15090,69,76,-7,7
15091,102,99,3,3
15092,69,69,0,0
15093,65,64,1,1
15094,102,111,-9,9
15095,56,69,-13,13
15096,123,115,8,8
15097,73,70,3,3
15098,61,70,-9,9
15099,102,117,-15,15
15100,98,98,0,0
15101,80,74,6,6
15102,85,87,-2,2
15103,61,63,-2,2
15104,127,129,-2,2
15105,68,64,4,4
15106,127,138,-11,11
15107,71,71,0,0
15108,71,57,14,14
15109,149,142,7,7
15110,91,84,7,7
15111,98,105,-7,7
15112,51,56,-5,5
15113,90,84,6,6
15114,105,117,-12,12
15115,84,82,2,2
15116,98,90,8,8
15117,188,195,-7,7
15118,57,58,-1,1
15119,135,113,22,22
15120,107,103,4,4
15121,166,162,4,4
15122,102,96,6,6
15123,162,160,2,2
15124,74,71,3,3
15125,81,84,-3,3
15126,58,57,1,1
15127,93,77,16,16
15128,67,61,6,6
15129,136,143,-7,7
15130,122,125,-3,3
15131,114,122,-8,8
15132,66,60,6,6
15133,121,111,10,10
15134,82,89,-7,7
15135,110,103,7,7
15136,63,71,-8,8
15137,108,104,4,4
15138,77,73,4,4
15139,86,81,5,5
15140,74,68,6,6
15141,101,107,-6,6
15142,114,124,-10,10
15143,105,99,6,6
15144,106,106,0,0
15145,83,79,4,4
15146,169,164,5,5
15147,71,69,2,2
15148,87,91,-4,4
15149,67,65,2,2
15150,86,110,-24,24
15151,244,231,13,13
15152,96,73,23,23
15153,136,133,3,3
15154,64,66,-2,2
15155,131,147,-16,16
15156,142,149,-7,7
15157,63,76,-13,13
15158,56,59,-3,3
15159,65,63,2,2
15160,116,105,11,11
15161,57,59,-2,2
15162,109,116,-7,7
15163,114,126,-12,12
15164,68,61,7,7
15165,114,111,3,3
15166,64,82,-18,18
15167,112,119,-7,7
15168,47,57,-10,10
15169,66,60,6,6
15170,81,86,-5,5
15171,127,132,-5,5
15172,109,111,-2,2
15173,72,68,4,4
15174,94,96,-2,2
15175,46,54,-8,8
15176,113,92,21,21
15177,70,70,0,0
15178,80,86,-6,6
15179,64,64,0,0
15180,113,110,3,3
15181,56,68,-12,12
15182,112,102,10,10
15183,50,59,-9,9
15184,101,97,4,4
15185,173,170,3,3
15186,57,52,5,5
15187,104,99,5,5
15188,90,83,7,7
15189,76,73,3,3
15190,94,92,2,2
15191,105,123,-18,18
15192,121,120,1,1
15193,126,138,-12,12
15194,127,111,16,16
15195,116,117,-1,1
15196,88,82,6,6
15197,62,69,-7,7
15198,190,191,-1,1
15199,91,108,-17,17
15200,68,73,-5,5
15201,102,95,7,7
15202,150,122,28,28
15203,85,88,-3,3
15204,45,48,-3,3
15205,106,111,-5,5
15206,64,64,0,0
15207,152,155,-3,3
15208,124,127,-3,3
15209,77,81,-4,4
15210,80,88,-8,8
15211,68,57,11,11
15212,131,131,0,0
15213,141,132,9,9
15214,138,123,15,15
15215,139,151,-12,12
15216,54,63,-9,9
15217,81,82,-1,1
15218,131,132,-1,1
15219,105,102,3,3
15220,88,79,9,9
15221,97,98,-1,1
15222,132,129,3,3
15223,80,86,-6,6
15224,83,82,1,1
15225,56,61,-5,5
15226,68,76,-8,8
15227,88,83,5,5
15228,101,104,-3,3
15229,123,117,6,6
15230,123,131,-8,8
15231,56,71,-15,15
15232,139,136,3,3
15233,102,104,-2,2
15234,53,59,-6,6
15235,145,144,1,1
15236,94,97,-3,3
15237,126,123,3,3
15238,92,83,9,9
15239,82,81,1,1
15240,74,81,-7,7
15241,165,139,26,26
15242,99,104,-5,5
15243,139,145,-6,6
15244,84,72,12,12
15245,85,83,2,2
15246,63,66,-3,3
15247,174,154,20,20
15248,127,114,13,13
15249,93,101,-8,8
15250,106,105,1,1
15251,108,138,-30,30
15252,93,90,3,3
15253,98,83,15,15
15254,91,88,3,3
15255,68,67,1,1
15256,98,96,2,2
15257,264,245,19,19
15258,105,92,13,13
15259,71,80,-9,9
15260,57,55,2,2
15261,99,96,3,3
15262,87,80,7,7
15263,109,109,0,0
15264,132,132,0,0
15265,66,73,-7,7
15266,99,101,-2,2
15267,70,64,6,6
15268,111,109,2,2
15269,124,121,3,3
15270,53,62,-9,9
15271,113,101,12,12
15272,69,61,8,8
15273,69,77,-8,8
15274,80,78,2,2
15275,87,85,2,2
15276,117,107,10,10
15277,105,97,8,8
15278,64,56,8,8
15279,41,50,-9,9
15280,60,60,0,0
15281,93,90,3,3
15282,74,65,9,9
15283,100,91,9,9
15284,75,69,6,6
15285,117,106,11,11
15286,129,131,-2,2
15287,145,146,-1,1
15288,102,105,-3,3
15289,147,150,-3,3
15290,55,60,-5,5
15291,91,83,8,8
15292,46,54,-8,8
15293,211,178,33,33
15294,125,127,-2,2
15295,76,74,2,2
15296,84,83,1,1
15297,104,104,0,0
15298,62,68,-6,6
15299,77,86,-9,9
15300,100,92,8,8
15301,83,87,-4,4
15302,90,90,0,0
15303,181,167,14,14
15304,132,147,-15,15
15305,88,86,2,2
15306,85,85,0,0
15307,69,72,-3,3
15308,59,59,0,0
15309,42,51,-9,9
15310,138,131,7,7
15311,75,69,6,6
15312,116,121,-5,5
15313,76,90,-14,14
15314,85,84,1,1
15315,60,63,-3,3
15316,101,98,3,3
15317,117,126,-9,9
15318,73,80,-7,7
15319,65,78,-13,13
15320,136,142,-6,6
15321,40,50,-10,10
15322,61,63,-2,2
15323,138,137,1,1
15324,55,60,-5,5
15325,87,81,6,6
15326,60,55,5,5
15327,42,52,-10,10
15328,184,192,-8,8
15329,136,141,-5,5
15330,46,58,-12,12
15331,157,121,36,36
15332,99,100,-1,1
15333,64,59,5,5
15334,95,95,0,0
15335,138,138,0,0
15336,63,66,-3,3
15337,72,68,4,4
15338,52,58,-6,6
15339,90,79,11,11
15340,78,86,-8,8
15341,97,98,-1,1
15342,118,113,5,5
15343,89,91,-2,2
15344,55,56,-1,1
15345,109,106,3,3
15346,64,70,-6,6
15347,103,95,8,8
15348,96,96,0,0
15349,101,101,0,0
15350,130,128,2,2
15351,67,78,-11,11
15352,65,66,-1,1
15353,80,82,-2,2
15354,90,86,4,4
15355,86,80,6,6
15356,62,59,3,3
15357,162,159,3,3
15358,107,113,-6,6
15359,42,47,-5,5
15360,104,107,-3,3
15361,125,123,2,2
15362,93,97,-4,4
15363,163,181,-18,18
15364,42,54,-12,12
15365,127,123,4,4
15366,94,102,-8,8
15367,88,88,0,0
15368,147,144,3,3
15369,155,153,2,2
15370,107,96,11,11
15371,65,64,1,1
15372,94,110,-16,16
15373,77,83,-6,6
15374,128,130,-2,2
15375,70,74,-4,4
15376,51,59,-8,8
15377,101,107,-6,6
15378,108,94,14,14
15379,169,156,13,13
15380,56,61,-5,5
15381,114,106,8,8
15382,129,141,-12,12
15383,98,96,2,2
15384,62,79,-17,17
15385,52,52,0,0
15386,125,118,7,7
15387,123,117,6,6
15388,107,107,0,0
15389,100,101,-1,1
15390,153,167,-14,14
15391,81,86,-5,5
15392,82,85,-3,3
15393,97,100,-3,3
15394,28,45,-17,17
15395,123,127,-4,4
15396,66,75,-9,9
15397,91,88,3,3
15398,95,92,3,3
15399,66,71,-5,5
15400,105,111,-6,6
15401,64,63,1,1
15402,106,101,5,5
15403,136,124,12,12
15404,87,88,-1,1
15405,71,65,6,6
15406,116,120,-4,4
15407,88,92,-4,4
15408,53,57,-4,4
15409,126,115,11,11
15410,144,131,13,13
15411,74,76,-2,2
15412,63,63,0,0
15413,72,74,-2,2
15414,73,69,4,4
15415,76,77,-1,1
15416,88,86,2,2
15417,78,82,-4,4
15418,103,100,3,3
15419,76,69,7,7
15420,41,83,-42,42
15421,231,205,26,26
15422,134,137,-3,3
15423,126,111,15,15
15424,138,131,7,7
15425,103,112,-9,9
15426,90,94,-4,4
15427,73,71,2,2
15428,63,73,-10,10
15429,81,86,-5,5
15430,120,103,17,17
15431,92,97,-5,5
15432,100,101,-1,1
15433,51,56,-5,5
15434,116,119,-3,3
15435,97,95,2,2
15436,87,72,15,15
15437,138,126,12,12
15438,52,62,-10,10
15439,36,51,-15,15
15440,167,174,-7,7
15441,80,92,-12,12
15442,117,115,2,2
15443,91,84,7,7
15444,163,160,3,3
15445,112,125,-13,13
15446,75,78,-3,3
15447,119,114,5,5
15448,61,68,-7,7
15449,71,68,3,3
15450,117,118,-1,1
15451,115,135,-20,20
15452,99,106,-7,7
15453,125,123,2,2
15454,100,98,2,2
15455,153,137,16,16
15456,146,151,-5,5
15457,157,147,10,10
15458,104,104,0,0
15459,130,122,8,8
15460,137,144,-7,7
15461,105,113,-8,8
15462,101,90,11,11
15463,110,117,-7,7
15464,97,90,7,7
15465,87,78,9,9
15466,107,108,-1,1
15467,87,87,0,0
15468,90,73,17,17
15469,90,88,2,2
15470,118,119,-1,1
15471,57,62,-5,5
15472,108,115,-7,7
15473,51,61,-10,10
15474,56,81,-25,25
15475,53,66,-13,13
15476,55,60,-5,5
15477,68,77,-9,9
15478,61,65,-4,4
15479,142,142,0,0
15480,83,80,3,3
15481,56,62,-6,6
15482,60,70,-10,10
15483,59,65,-6,6
15484,119,119,0,0
15485,60,70,-10,10
15486,60,64,-4,4
15487,106,101,5,5
15488,78,79,-1,1
15489,83,81,2,2
15490,63,69,-6,6
15491,147,140,7,7
15492,182,170,12,12
15493,129,124,5,5
15494,97,99,-2,2
15495,115,109,6,6
15496,105,112,-7,7
15497,102,110,-8,8
15498,127,134,-7,7
15499,157,152,5,5
15500,84,81,3,3
15501,152,135,17,17
15502,74,78,-4,4
15503,79,79,0,0
15504,123,128,-5,5
15505,135,138,-3,3
15506,82,81,1,1
15507,111,114,-3,3
15508,62,84,-22,22
15509,59,65,-6,6
15510,77,89,-12,12
15511,63,68,-5,5
15512,81,81,0,0
15513,56,60,-4,4
15514,69,73,-4,4
15515,65,70,-5,5
15516,82,80,2,2
15517,91,90,1,1
15518,190,164,26,26
15519,185,177,8,8
15520,131,123,8,8
15521,65,62,3,3
15522,158,151,7,7
15523,144,157,-13,13
15524,73,82,-9,9
15525,80,94,-14,14
15526,152,141,11,11
15527,62,68,-6,6
15528,64,68,-4,4
15529,65,69,-4,4
15530,146,141,5,5
15531,124,122,2,2
15532,108,102,6,6
15533,131,125,6,6
15534,107,113,-6,6
15535,104,104,0,0
15536,78,70,8,8
15537,115,124,-9,9
15538,159,148,11,11
15539,103,109,-6,6
15540,101,107,-6,6
15541,63,61,2,2
15542,160,159,1,1
15543,61,66,-5,5
15544,60,61,-1,1
15545,130,140,-10,10
15546,96,94,2,2
15547,84,85,-1,1
15548,93,88,5,5
15549,110,111,-1,1
15550,66,63,3,3
15551,77,70,7,7
15552,103,101,2,2
15553,78,81,-3,3
15554,147,141,6,6
15555,87,88,-1,1
15556,84,75,9,9
15557,83,77,6,6
15558,69,65,4,4
15559,180,178,2,2
15560,140,140,0,0
15561,57,60,-3,3
15562,120,117,3,3
15563,62,66,-4,4
15564,79,78,1,1
15565,127,130,-3,3
15566,64,69,-5,5
15567,81,73,8,8
15568,100,97,3,3
15569,118,117,1,1
15570,85,74,11,11
15571,77,84,-7,7
15572,104,97,7,7
15573,72,68,4,4
15574,101,100,1,1
15575,95,98,-3,3
15576,98,94,4,4
15577,62,59,3,3
15578,98,90,8,8
15579,113,129,-16,16
15580,62,61,1,1
15581,52,60,-8,8
15582,112,105,7,7
15583,80,82,-2,2
15584,106,116,-10,10
15585,63,66,-3,3
15586,49,60,-11,11
15587,72,74,-2,2
15588,117,104,13,13
15589,116,110,6,6
15590,94,89,5,5
15591,95,96,-1,1
15592,83,94,-11,11
15593,119,120,-1,1
15594,106,107,-1,1
15595,92,83,9,9
15596,70,79,-9,9
15597,133,129,4,4
15598,64,63,1,1
15599,169,162,7,7
15600,93,88,5,5
15601,102,102,0,0
15602,87,85,2,2
15603,71,74,-3,3
15604,62,64,-2,2
15605,59,54,5,5
15606,85,81,4,4
15607,72,74,-2,2
15608,50,52,-2,2
15609,92,89,3,3
15610,127,124,3,3
15611,57,55,2,2
15612,107,103,4,4
15613,65,62,3,3
15614,82,85,-3,3
15615,81,84,-3,3
15616,98,98,0,0
15617,82,77,5,5
15618,110,131,-21,21
15619,166,162,4,4
15620,107,103,4,4
15621,50,56,-6,6
15622,148,138,10,10
15623,70,70,0,0
15624,100,89,11,11
15625,108,107,1,1
15626,113,114,-1,1
15627,53,61,-8,8
15628,126,128,-2,2
15629,72,71,1,1
15630,197,181,16,16
15631,47,55,-8,8
15632,89,83,6,6
15633,143,132,11,11
15634,119,120,-1,1
15635,76,81,-5,5
15636,73,80,-7,7
15637,68,72,-4,4
15638,111,108,3,3
15639,121,106,15,15
15640,92,98,-6,6
15641,113,108,5,5
15642,98,100,-2,2
15643,152,162,-10,10
15644,80,82,-2,2
15645,82,78,4,4
15646,128,119,9,9
15647,49,59,-10,10
15648,128,129,-1,1
15649,63,62,1,1
15650,52,53,-1,1
15651,89,88,1,1
15652,68,63,5,5
15653,109,107,2,2
15654,83,84,-1,1
15655,97,97,0,0
15656,73,76,-3,3
15657,75,71,4,4
15658,127,121,6,6
15659,52,77,-25,25
15660,69,63,6,6
15661,152,145,7,7
15662,87,84,3,3
15663,130,114,16,16
15664,72,80,-8,8
15665,114,118,-4,4
15666,75,75,0,0
15667,136,127,9,9
15668,77,72,5,5
15669,88,82,6,6
15670,64,71,-7,7
15671,90,78,12,12
15672,174,175,-1,1
15673,57,65,-8,8
15674,56,62,-6,6
15675,78,77,1,1
15676,81,75,6,6
15677,67,62,5,5
15678,123,114,9,9
15679,146,147,-1,1
15680,123,127,-4,4
15681,98,102,-4,4
15682,61,60,1,1
15683,109,111,-2,2
15684,76,82,-6,6
15685,121,122,-1,1
15686,81,80,1,1
15687,38,56,-18,18
15688,70,71,-1,1
15689,83,80,3,3
15690,100,101,-1,1
15691,79,86,-7,7
15692,98,105,-7,7
15693,79,71,8,8
15694,196,186,10,10
15695,137,138,-1,1
15696,67,69,-2,2
15697,87,90,-3,3
15698,79,80,-1,1
15699,84,86,-2,2
15700,104,118,-14,14
15701,105,113,-8,8
15702,113,104,9,9
15703,54,54,0,0
15704,77,73,4,4
15705,124,123,1,1
15706,103,96,7,7
15707,175,161,14,14
15708,67,62,5,5
15709,86,83,3,3
15710,65,69,-4,4
15711,74,70,4,4
15712,85,68,17,17
15713,77,78,-1,1
15714,94,89,5,5
15715,163,145,18,18
15716,107,109,-2,2
15717,126,125,1,1
15718,97,90,7,7
15719,80,80,0,0
15720,150,153,-3,3
15721,67,71,-4,4
15722,120,106,14,14
15723,86,95,-9,9
15724,80,78,2,2
15725,79,76,3,3
15726,98,95,3,3
15727,100,103,-3,3
15728,105,109,-4,4
15729,140,161,-21,21
15730,110,102,8,8
15731,101,95,6,6
15732,50,62,-12,12
15733,132,128,4,4
15734,160,162,-2,2
15735,119,108,11,11
15736,94,89,5,5
15737,83,80,3,3
15738,92,90,2,2
15739,76,62,14,14
15740,103,101,2,2
15741,93,96,-3,3
15742,67,69,-2,2
15743,104,118,-14,14
15744,123,122,1,1
15745,90,82,8,8
15746,75,79,-4,4
15747,120,118,2,2
15748,66,59,7,7
15749,106,107,-1,1
15750,120,115,5,5
15751,98,84,14,14
15752,105,109,-4,4
15753,97,98,-1,1
15754,101,96,5,5
15755,80,82,-2,2
15756,87,82,5,5
15757,68,63,5,5
15758,160,150,10,10
15759,77,78,-1,1
15760,65,70,-5,5
15761,90,92,-2,2
15762,34,55,-21,21
15763,90,98,-8,8
15764,83,72,11,11
15765,47,50,-3,3
15766,47,67,-20,20
15767,106,114,-8,8
15768,63,66,-3,3
15769,96,98,-2,2
15770,108,119,-11,11
15771,85,84,1,1
15772,157,144,13,13
15773,90,71,19,19
15774,116,119,-3,3
15775,132,132,0,0
15776,123,117,6,6
15777,118,116,2,2
15778,45,56,-11,11
15779,60,60,0,0
15780,179,164,15,15
15781,111,112,-1,1
15782,118,124,-6,6
15783,87,96,-9,9
15784,51,61,-10,10
15785,37,53,-16,16
15786,91,90,1,1
15787,69,70,-1,1
15788,130,117,13,13
15789,102,108,-6,6
15790,93,102,-9,9
15791,129,124,5,5
15792,54,52,2,2
15793,70,68,2,2
15794,125,113,12,12
15795,59,62,-3,3
15796,46,47,-1,1
15797,64,69,-5,5
15798,113,100,13,13
15799,110,97,13,13
15800,46,51,-5,5
15801,134,143,-9,9
15802,71,84,-13,13
15803,143,145,-2,2
15804,63,67,-4,4
15805,120,118,2,2
15806,86,79,7,7
15807,74,80,-6,6
15808,118,123,-5,5
15809,61,64,-3,3
15810,65,64,1,1
15811,136,126,10,10
15812,85,86,-1,1
15813,105,90,15,15
15814,146,141,5,5
15815,98,107,-9,9
15816,30,46,-16,16
15817,76,78,-2,2
15818,148,143,5,5
15819,126,104,22,22
15820,121,117,4,4
15821,173,132,41,41
15822,68,84,-16,16
15823,100,105,-5,5
15824,109,111,-2,2
15825,73,77,-4,4
15826,97,97,0,0
15827,92,84,8,8
15828,97,93,4,4
15829,88,97,-9,9
15830,159,147,12,12
15831,104,104,0,0
15832,65,67,-2,2
15833,84,78,6,6
15834,82,82,0,0
15835,100,111,-11,11
15836,105,103,2,2
15837,70,80,-10,10
15838,77,75,2,2
15839,111,110,1,1
15840,96,88,8,8
15841,98,105,-7,7
15842,89,91,-2,2
15843,62,68,-6,6
15844,144,131,13,13
15845,134,130,4,4
15846,96,96,0,0
15847,64,75,-11,11
15848,74,77,-3,3
15849,113,108,5,5
15850,125,138,-13,13
15851,122,115,7,7
15852,66,73,-7,7
15853,46,53,-7,7
15854,115,118,-3,3
15855,59,59,0,0
15856,76,73,3,3
15857,97,96,1,1
15858,125,128,-3,3
15859,138,106,32,32
15860,24,49,-25,25
15861,34,48,-14,14
15862,77,79,-2,2
15863,112,123,-11,11
15864,123,122,1,1
15865,88,86,2,2
15866,130,126,4,4
15867,108,107,1,1
15868,52,51,1,1
15869,112,119,-7,7
15870,41,48,-7,7
15871,68,77,-9,9
15872,111,110,1,1
15873,97,103,-6,6
15874,73,72,1,1
15875,75,71,4,4
15876,79,95,-16,16
15877,62,68,-6,6
15878,75,89,-14,14
15879,128,125,3,3
15880,113,118,-5,5
15881,49,48,1,1
15882,65,62,3,3
15883,64,64,0,0
15884,97,109,-12,12
15885,117,107,10,10
15886,62,60,2,2
15887,75,94,-19,19
15888,80,85,-5,5
15889,63,71,-8,8
15890,50,60,-10,10
15891,112,113,-1,1
15892,129,129,0,0
15893,78,74,4,4
15894,102,103,-1,1
15895,101,90,11,11
15896,67,71,-4,4
15897,49,52,-3,3
15898,184,170,14,14
15899,81,78,3,3
15900,70,71,-1,1
15901,95,88,7,7
15902,111,102,9,9
15903,141,135,6,6
15904,105,117,-12,12
15905,54,50,4,4
15906,78,75,3,3
15907,155,145,10,10
15908,134,126,8,8
15909,88,80,8,8
15910,66,78,-12,12
15911,64,73,-9,9
15912,60,68,-8,8
15913,94,91,3,3
15914,103,93,10,10
15915,146,143,3,3
15916,74,84,-10,10
15917,73,66,7,7
15918,62,65,-3,3
15919,103,103,0,0
15920,126,121,5,5
15921,96,87,9,9
15922,160,148,12,12
15923,118,115,3,3
15924,128,118,10,10
15925,191,183,8,8
15926,123,116,7,7
15927,107,107,0,0
15928,55,56,-1,1
15929,47,53,-6,6
15930,55,54,1,1
15931,58,60,-2,2
15932,107,110,-3,3
15933,76,74,2,2
15934,96,84,12,12
15935,57,58,-1,1
15936,110,117,-7,7
15937,79,75,4,4
15938,65,71,-6,6
15939,123,114,9,9
15940,61,50,11,11
15941,65,73,-8,8
15942,113,105,8,8
15943,49,49,0,0
15944,82,92,-10,10
15945,98,100,-2,2
15946,75,79,-4,4
15947,112,117,-5,5
15948,113,103,10,10
15949,94,93,1,1
15950,58,54,4,4
15951,64,64,0,0
15952,105,112,-7,7
15953,101,101,0,0
15954,68,74,-6,6
15955,101,94,7,7
15956,52,55,-3,3
15957,70,68,2,2
15958,97,134,-37,37
15959,117,108,9,9
15960,68,68,0,0
15961,127,115,12,12
15962,69,74,-5,5
15963,90,97,-7,7
15964,40,57,-17,17
15965,114,107,7,7
15966,98,98,0,0
15967,66,68,-2,2
15968,67,78,-11,11
15969,190,192,-2,2
15970,104,98,6,6
15971,74,83,-9,9
15972,69,60,9,9
15973,86,91,-5,5
15974,102,91,11,11
15975,122,115,7,7
15976,142,131,11,11
15977,103,91,12,12
15978,164,153,11,11
15979,110,127,-17,17
15980,64,66,-2,2
15981,74,73,1,1
15982,61,57,4,4
15983,63,66,-3,3
15984,100,89,11,11
15985,107,109,-2,2
15986,102,97,5,5
15987,31,49,-18,18
15988,147,137,10,10
15989,60,61,-1,1
15990,86,82,4,4
15991,114,125,-11,11
15992,103,120,-17,17
15993,75,77,-2,2
15994,95,103,-8,8
15995,87,80,7,7
15996,99,87,12,12
15997,114,115,-1,1
15998,76,84,-8,8
15999,120,125,-5,5
16000,90,81,9,9
16001,64,60,4,4
16002,113,112,1,1
16003,66,64,2,2
16004,123,110,13,13
16005,132,123,9,9
16006,124,109,15,15
16007,56,58,-2,2
16008,125,135,-10,10
16009,101,100,1,1
16010,89,81,8,8
16011,57,66,-9,9
16012,98,89,9,9
16013,101,100,1,1
16014,82,87,-5,5
16015,128,140,-12,12
16016,56,58,-2,2
16017,162,165,-3,3
16018,84,90,-6,6
16019,79,77,2,2
16020,53,59,-6,6
16021,55,60,-5,5
16022,62,61,1,1
16023,73,78,-5,5
16024,42,49,-7,7
16025,127,144,-17,17
16026,52,56,-4,4
16027,121,127,-6,6
16028,75,84,-9,9
16029,89,85,4,4
16030,64,63,1,1
16031,36,48,-12,12
16032,89,82,7,7
16033,72,65,7,7
16034,148,147,1,1
16035,106,101,5,5
16036,158,166,-8,8
16037,131,123,8,8
16038,130,133,-3,3
16039,77,72,5,5
16040,136,130,6,6
16041,102,104,-2,2
16042,86,87,-1,1
16043,89,84,5,5
16044,101,91,10,10
16045,99,96,3,3
16046,100,93,7,7
16047,69,72,-3,3
16048,92,81,11,11
16049,69,73,-4,4
16050,128,123,5,5
16051,151,144,7,7
16052,39,52,-13,13
16053,44,51,-7,7
16054,74,83,-9,9
16055,82,77,5,5
16056,140,133,7,7
16057,120,109,11,11
16058,79,66,13,13
16059,89,92,-3,3
16060,158,191,-33,33
16061,105,128,-23,23
16062,113,113,0,0
16063,58,54,4,4
16064,95,90,5,5
16065,82,87,-5,5
16066,140,132,8,8
16067,66,75,-9,9
16068,94,94,0,0
16069,116,117,-1,1
16070,70,79,-9,9
16071,90,87,3,3
16072,73,82,-9,9
16073,62,102,-40,40
16074,55,59,-4,4
16075,87,87,0,0
16076,97,98,-1,1
16077,75,76,-1,1
16078,113,115,-2,2
16079,148,132,16,16
16080,144,170,-26,26
16081,64,60,4,4
16082,117,103,14,14
16083,89,87,2,2
16084,106,104,2,2
16085,130,116,14,14
16086,91,101,-10,10
16087,52,53,-1,1
16088,54,64,-10,10
16089,117,103,14,14
16090,127,138,-11,11
16091,104,91,13,13
16092,122,118,4,4
16093,67,62,5,5
16094,73,77,-4,4
16095,84,82,2,2
16096,63,66,-3,3
16097,199,199,0,0
16098,138,150,-12,12
16099,85,81,4,4
16100,112,116,-4,4
16101,100,104,-4,4
16102,184,200,-16,16
16103,90,88,2,2
16104,55,63,-8,8
16105,142,135,7,7
16106,124,126,-2,2
16107,83,96,-13,13
16108,79,86,-7,7
16109,52,71,-19,19
16110,92,93,-1,1
16111,71,73,-2,2
16112,47,53,-6,6
16113,83,83,0,0
16114,68,68,0,0
16115,65,70,-5,5
16116,99,96,3,3
16117,114,120,-6,6
16118,98,101,-3,3
16119,84,103,-19,19
16120,181,165,16,16
16121,51,53,-2,2
16122,95,80,15,15
16123,77,79,-2,2
16124,70,77,-7,7
16125,103,104,-1,1
16126,106,105,1,1
16127,70,78,-8,8
16128,92,93,-1,1
16129,104,109,-5,5
16130,49,61,-12,12
16131,62,72,-10,10
16132,52,54,-2,2
16133,88,85,3,3
16134,84,79,5,5
16135,80,83,-3,3
16136,55,61,-6,6
16137,84,79,5,5
16138,158,142,16,16
16139,76,68,8,8
16140,58,62,-4,4
16141,94,85,9,9
16142,44,52,-8,8
16143,96,92,4,4
16144,134,127,7,7
16145,124,122,2,2
16146,137,142,-5,5
16147,139,133,6,6
16148,40,48,-8,8
16149,64,65,-1,1
16150,100,102,-2,2
16151,90,94,-4,4
16152,88,86,2,2
16153,80,80,0,0
16154,67,62,5,5
16155,96,92,4,4
16156,74,64,10,10
16157,80,70,10,10
16158,54,61,-7,7
16159,133,135,-2,2
16160,71,66,5,5
16161,151,143,8,8
16162,150,150,0,0
16163,107,110,-3,3
16164,104,106,-2,2
16165,96,92,4,4
16166,164,157,7,7
16167,61,74,-13,13
16168,95,96,-1,1
16169,120,119,1,1
16170,107,112,-5,5
16171,116,108,8,8
16172,89,86,3,3
16173,42,49,-7,7
16174,74,74,0,0
16175,100,103,-3,3
16176,66,63,3,3
16177,105,109,-4,4
16178,108,96,12,12
16179,144,144,0,0
16180,118,124,-6,6
16181,82,77,5,5
16182,164,151,13,13
16183,125,131,-6,6
16184,68,69,-1,1
16185,102,101,1,1
16186,109,118,-9,9
16187,111,99,12,12
16188,115,104,11,11
16189,58,55,3,3
16190,109,98,11,11
16191,90,89,1,1
16192,99,94,5,5
16193,124,136,-12,12
16194,147,117,30,30
16195,67,67,0,0
16196,89,90,-1,1
16197,77,70,7,7
16198,106,126,-20,20
16199,78,80,-2,2
16200,58,71,-13,13
16201,119,114,5,5
16202,74,81,-7,7
16203,80,80,0,0
16204,143,137,6,6
16205,160,147,13,13
16206,117,114,3,3
16207,79,72,7,7
16208,103,106,-3,3
16209,88,72,16,16
16210,74,79,-5,5
16211,96,98,-2,2
16212,94,118,-24,24
16213,66,63,3,3
16214,43,51,-8,8
16215,137,132,5,5
16216,89,85,4,4
16217,95,103,-8,8
16218,172,181,-9,9
16219,37,48,-11,11
16220,75,77,-2,2
16221,112,112,0,0
16222,98,102,-4,4
16223,137,135,2,2
16224,122,114,8,8
16225,55,51,4,4
16226,65,61,4,4
16227,105,106,-1,1
16228,67,70,-3,3
16229,115,104,11,11
16230,35,69,-34,34
16231,95,90,5,5
16232,62,59,3,3
16233,60,61,-1,1
16234,142,130,12,12
16235,74,84,-10,10
16236,100,94,6,6
16237,179,107,72,72
16238,173,160,13,13
16239,161,164,-3,3
16240,76,75,1,1
16241,79,88,-9,9
16242,116,100,16,16
16243,58,61,-3,3
16244,83,81,2,2
16245,48,55,-7,7
16246,74,71,3,3
16247,57,66,-9,9
16248,84,78,6,6
16249,114,103,11,11
16250,72,61,11,11
16251,96,102,-6,6
16252,113,139,-26,26
16253,105,97,8,8
16254,149,137,12,12
16255,62,64,-2,2
16256,72,68,4,4
16257,77,75,2,2
16258,152,147,5,5
16259,94,88,6,6
16260,115,113,2,2
16261,56,52,4,4
16262,65,66,-1,1
16263,111,106,5,5
16264,73,78,-5,5
16265,75,71,4,4
16266,90,90,0,0
16267,121,129,-8,8
16268,111,106,5,5
16269,179,170,9,9
16270,136,141,-5,5
16271,111,117,-6,6
16272,35,69,-34,34
16273,90,88,2,2
16274,58,56,2,2
16275,172,159,13,13
16276,77,77,0,0
16277,81,73,8,8
16278,31,48,-17,17
16279,87,91,-4,4
16280,63,77,-14,14
16281,114,104,10,10
16282,96,96,0,0
16283,83,79,4,4
16284,117,123,-6,6
16285,121,105,16,16
16286,89,89,0,0
16287,106,108,-2,2
16288,108,102,6,6
16289,121,119,2,2
16290,160,150,10,10
16291,110,108,2,2
16292,87,76,11,11
16293,107,107,0,0
16294,117,120,-3,3
16295,74,76,-2,2
16296,96,96,0,0
16297,133,127,6,6
16298,81,93,-12,12
16299,81,80,1,1
16300,76,79,-3,3
16301,57,68,-11,11
16302,131,138,-7,7
16303,91,82,9,9
16304,39,58,-19,19
16305,119,110,9,9
16306,138,132,6,6
16307,105,110,-5,5
16308,77,78,-1,1
16309,132,134,-2,2
16310,58,64,-6,6
16311,42,48,-6,6
16312,67,67,0,0
16313,54,52,2,2
16314,74,72,2,2
16315,95,95,0,0
16316,73,66,7,7
16317,75,86,-11,11
16318,58,58,0,0
16319,112,104,8,8
16320,114,104,10,10
16321,118,125,-7,7
16322,63,64,-1,1
16323,59,70,-11,11
16324,56,56,0,0
16325,66,68,-2,2
16326,64,71,-7,7
16327,100,92,8,8
16328,97,97,0,0
16329,155,149,6,6
16330,93,83,10,10
16331,123,125,-2,2
16332,89,78,11,11
16333,76,82,-6,6
16334,178,182,-4,4
16335,67,60,7,7
16336,112,103,9,9
16337,105,100,5,5
16338,95,88,7,7
16339,81,81,0,0
16340,67,78,-11,11
16341,79,75,4,4
16342,117,122,-5,5
16343,72,79,-7,7
16344,103,106,-3,3
16345,109,105,4,4
16346,59,60,-1,1
16347,101,99,2,2
16348,112,112,0,0
16349,158,148,10,10
16350,119,122,-3,3
16351,92,88,4,4
16352,38,47,-9,9
16353,66,73,-7,7
16354,69,86,-17,17
16355,51,59,-8,8
16356,200,165,35,35
16357,93,86,7,7
16358,97,97,0,0
16359,171,139,32,32
16360,65,73,-8,8
16361,102,96,6,6
16362,72,71,1,1
16363,55,57,-2,2
16364,118,97,21,21
16365,86,82,4,4
16366,135,125,10,10
16367,78,68,10,10
16368,115,120,-5,5
16369,140,147,-7,7
16370,61,64,-3,3
16371,48,54,-6,6
16372,78,79,-1,1
16373,195,190,5,5
16374,48,61,-13,13
16375,71,67,4,4
16376,126,125,1,1
16377,207,191,16,16
16378,111,99,12,12
16379,75,86,-11,11
16380,106,102,4,4
16381,84,80,4,4
16382,140,139,1,1
16383,77,95,-18,18
16384,88,88,0,0
16385,63,63,0,0
16386,146,138,8,8
16387,43,50,-7,7
16388,87,86,1,1
16389,63,58,5,5
16390,92,102,-10,10
16391,64,69,-5,5
16392,107,97,10,10
16393,114,108,6,6
16394,76,67,9,9
16395,108,121,-13,13
16396,61,57,4,4
16397,157,156,1,1
16398,161,149,12,12
16399,81,79,2,2
16400,42,50,-8,8
16401,120,92,28,28
16402,118,108,10,10
16403,99,96,3,3
16404,78,78,0,0
16405,39,48,-9,9
16406,62,63,-1,1
16407,93,85,8,8
16408,51,56,-5,5
16409,63,84,-21,21
16410,131,144,-13,13
16411,117,100,17,17
16412,96,88,8,8
16413,158,158,0,0
16414,88,89,-1,1
16415,77,84,-7,7
16416,84,85,-1,1
16417,123,120,3,3
16418,84,80,4,4
16419,122,123,-1,1
16420,88,90,-2,2
16421,73,63,10,10
16422,198,187,11,11
16423,87,78,9,9
16424,76,83,-7,7
16425,85,86,-1,1
16426,86,90,-4,4
16427,161,162,-1,1
16428,132,110,22,22
16429,65,56,9,9
16430,65,59,6,6
16431,155,148,7,7
16432,94,100,-6,6
16433,91,86,5,5
16434,94,104,-10,10
16435,132,127,5,5
16436,74,72,2,2
16437,134,132,2,2
16438,186,185,1,1
16439,117,114,3,3
16440,128,127,1,1
16441,49,58,-9,9
16442,52,57,-5,5
16443,54,50,4,4
16444,49,56,-7,7
16445,61,66,-5,5
16446,87,87,0,0
16447,121,130,-9,9
16448,110,110,0,0
16449,29,51,-22,22
16450,75,73,2,2
16451,119,126,-7,7
16452,100,94,6,6
16453,73,94,-21,21
16454,71,73,-2,2
16455,61,79,-18,18
16456,91,108,-17,17
16457,68,80,-12,12
16458,79,78,1,1
16459,141,151,-10,10
16460,89,91,-2,2
16461,132,131,1,1
16462,110,109,1,1
16463,70,74,-4,4
16464,49,51,-2,2
16465,99,102,-3,3
16466,60,56,4,4
16467,94,94,0,0
16468,89,86,3,3
16469,149,147,2,2
16470,78,71,7,7
16471,133,146,-13,13
16472,134,143,-9,9
16473,65,70,-5,5
16474,117,103,14,14
16475,96,92,4,4
16476,130,116,14,14
16477,138,139,-1,1
16478,85,90,-5,5
16479,128,127,1,1
16480,84,82,2,2
16481,127,115,12,12
16482,67,70,-3,3
16483,149,158,-9,9
16484,77,70,7,7
16485,91,92,-1,1
16486,137,130,7,7
16487,142,138,4,4
16488,68,71,-3,3
16489,129,129,0,0
16490,120,116,4,4
16491,38,54,-16,16
16492,109,109,0,0
16493,101,95,6,6
16494,66,99,-33,33
16495,61,64,-3,3
16496,107,106,1,1
16497,112,100,12,12
16498,114,127,-13,13
16499,96,97,-1,1
16500,136,136,0,0
16501,60,62,-2,2
16502,108,100,8,8
16503,109,114,-5,5
16504,98,96,2,2
16505,53,63,-10,10
16506,68,58,10,10
16507,114,112,2,2
16508,181,190,-9,9
16509,121,115,6,6
16510,67,64,3,3
16511,78,73,5,5
16512,74,70,4,4
16513,47,52,-5,5
16514,113,126,-13,13
16515,41,50,-9,9
16516,57,58,-1,1
16517,68,61,7,7
16518,88,93,-5,5
16519,76,94,-18,18
16520,96,97,-1,1
16521,45,53,-8,8
16522,119,116,3,3
16523,104,113,-9,9
16524,111,108,3,3
16525,62,55,7,7
16526,94,94,0,0
16527,86,82,4,4
16528,78,88,-10,10
16529,132,134,-2,2
16530,105,104,1,1
16531,141,127,14,14
16532,59,62,-3,3
16533,205,171,34,34
16534,91,94,-3,3
16535,87,105,-18,18
16536,87,84,3,3
16537,102,84,18,18
16538,94,88,6,6
16539,77,78,-1,1
16540,61,60,1,1
16541,152,138,14,14
16542,85,86,-1,1
16543,120,115,5,5
16544,83,88,-5,5
16545,135,133,2,2
16546,52,52,0,0
16547,79,72,7,7
16548,50,56,-6,6
16549,152,143,9,9
16550,80,75,5,5
16551,83,86,-3,3
16552,163,163,0,0
16553,75,84,-9,9
16554,72,75,-3,3
16555,93,89,4,4
16556,118,109,9,9
16557,84,87,-3,3
16558,72,68,4,4
16559,75,78,-3,3
16560,79,81,-2,2
16561,84,91,-7,7
16562,88,89,-1,1
16563,99,94,5,5
16564,59,65,-6,6
16565,112,111,1,1
16566,128,112,16,16
16567,115,114,1,1
16568,101,117,-16,16
16569,60,63,-3,3
16570,80,90,-10,10
16571,134,138,-4,4
16572,72,70,2,2
16573,160,147,13,13
16574,123,122,1,1
16575,111,106,5,5
16576,61,65,-4,4
16577,68,70,-2,2
16578,131,142,-11,11
16579,135,123,12,12
16580,217,227,-10,10
16581,56,55,1,1
16582,86,90,-4,4
16583,104,100,4,4
16584,87,95,-8,8
16585,76,76,0,0
16586,137,132,5,5
16587,86,88,-2,2
16588,53,52,1,1
16589,82,84,-2,2
16590,52,51,1,1
16591,85,83,2,2
16592,110,106,4,4
16593,58,58,0,0
16594,103,107,-4,4
16595,40,53,-13,13
16596,70,67,3,3
16597,50,50,0,0
16598,69,72,-3,3
16599,108,113,-5,5
16600,82,70,12,12
16601,138,130,8,8
16602,103,103,0,0
16603,119,111,8,8
16604,111,101,10,10
16605,154,147,7,7
16606,131,129,2,2
16607,67,74,-7,7
16608,76,73,3,3
16609,104,105,-1,1
16610,134,122,12,12
16611,41,53,-12,12
16612,54,56,-2,2
16613,116,114,2,2
16614,58,61,-3,3
16615,74,82,-8,8
16616,101,103,-2,2
16617,62,63,-1,1
16618,141,141,0,0
16619,93,85,8,8
16620,98,96,2,2
16621,88,101,-13,13
16622,33,48,-15,15
16623,115,126,-11,11
16624,86,79,7,7
16625,156,149,7,7
16626,66,65,1,1
16627,93,86,7,7
16628,61,60,1,1
16629,128,123,5,5
16630,161,141,20,20
16631,51,56,-5,5
16632,59,66,-7,7
16633,97,95,2,2
16634,157,147,10,10
16635,91,101,-10,10
16636,67,60,7,7
16637,90,93,-3,3
16638,82,81,1,1
16639,104,99,5,5
16640,96,96,0,0
16641,122,127,-5,5
16642,86,80,6,6
16643,126,126,0,0
16644,87,83,4,4
16645,77,84,-7,7
16646,117,108,9,9
16647,144,132,12,12
16648,86,74,12,12
16649,61,58,3,3
16650,79,96,-17,17
16651,96,89,7,7
16652,89,93,-4,4
16653,89,97,-8,8
16654,110,106,4,4
16655,87,78,9,9
16656,39,50,-11,11
16657,98,93,5,5
16658,151,143,8,8
16659,89,87,2,2
16660,67,69,-2,2
16661,71,67,4,4
16662,119,112,7,7
16663,86,84,2,2
16664,147,142,5,5
16665,51,49,2,2
16666,83,95,-12,12
16667,83,81,2,2
16668,54,54,0,0
16669,138,121,17,17
16670,64,68,-4,4
16671,80,78,2,2
16672,58,64,-6,6
16673,92,90,2,2
16674,56,74,-18,18
16675,114,125,-11,11
16676,58,60,-2,2
16677,51,58,-7,7
16678,111,107,4,4
16679,66,82,-16,16
16680,64,65,-1,1
16681,99,107,-8,8
16682,73,70,3,3
16683,110,97,13,13
16684,99,111,-12,12
16685,92,86,6,6
16686,57,55,2,2
16687,138,134,4,4
16688,156,159,-3,3
16689,113,110,3,3
16690,37,50,-13,13
16691,119,116,3,3
16692,109,110,-1,1
16693,137,133,4,4
16694,187,147,40,40
16695,77,82,-5,5
16696,78,72,6,6
16697,89,94,-5,5
16698,144,145,-1,1
16699,111,111,0,0
16700,46,53,-7,7
16701,119,118,1,1
16702,89,78,11,11
16703,85,72,13,13
16704,155,140,15,15
16705,164,170,-6,6
16706,176,170,6,6
16707,61,64,-3,3
16708,143,150,-7,7
16709,66,59,7,7
16710,138,127,11,11
16711,107,106,1,1
16712,80,75,5,5
16713,95,90,5,5
16714,94,105,-11,11
16715,90,87,3,3
16716,65,68,-3,3
16717,75,76,-1,1
16718,54,56,-2,2
16719,84,84,0,0
16720,129,119,10,10
16721,142,124,18,18
16722,96,104,-8,8
16723,112,111,1,1
16724,93,83,10,10
16725,57,58,-1,1
16726,36,51,-15,15
16727,46,55,-9,9
16728,94,98,-4,4
16729,57,64,-7,7
16730,106,113,-7,7
16731,130,133,-3,3
16732,62,63,-1,1
16733,89,91,-2,2
16734,137,133,4,4
16735,107,113,-6,6
16736,58,55,3,3
16737,73,68,5,5
16738,86,84,2,2
16739,103,99,4,4
16740,121,121,0,0
16741,66,63,3,3
16742,87,93,-6,6
16743,59,53,6,6
16744,109,109,0,0
16745,79,88,-9,9
16746,68,68,0,0
16747,66,66,0,0
16748,72,74,-2,2
16749,100,98,2,2
16750,102,101,1,1
16751,55,58,-3,3
16752,98,91,7,7
16753,107,107,0,0
16754,77,69,8,8
16755,76,80,-4,4
16756,65,71,-6,6
16757,134,118,16,16
16758,39,54,-15,15
16759,123,128,-5,5
16760,64,68,-4,4
16761,105,101,4,4
16762,66,67,-1,1
16763,203,198,5,5
16764,144,119,25,25
16765,75,79,-4,4
16766,106,101,5,5
16767,104,104,0,0
16768,73,79,-6,6
16769,83,71,12,12
16770,81,95,-14,14
16771,83,84,-1,1
16772,100,109,-9,9
16773,103,99,4,4
16774,76,74,2,2
16775,66,67,-1,1
16776,72,74,-2,2
16777,87,98,-11,11
16778,81,90,-9,9
16779,109,104,5,5
16780,103,95,8,8
16781,112,124,-12,12
16782,170,159,11,11
16783,89,86,3,3
16784,73,78,-5,5
16785,59,61,-2,2
16786,135,132,3,3
16787,61,64,-3,3
16788,78,81,-3,3
16789,125,116,9,9
16790,64,72,-8,8
16791,54,56,-2,2
16792,119,113,6,6
16793,92,97,-5,5
16794,117,108,9,9
16795,88,84,4,4
16796,99,94,5,5
16797,48,51,-3,3
16798,123,123,0,0
16799,113,118,-5,5
16800,98,97,1,1
16801,66,65,1,1
16802,82,82,0,0
16803,38,90,-52,52
16804,86,89,-3,3
16805,135,145,-10,10
16806,140,135,5,5
16807,73,72,1,1
16808,95,96,-1,1
16809,40,53,-13,13
16810,67,86,-19,19
16811,160,155,5,5
16812,121,113,8,8
16813,104,88,16,16
16814,98,96,2,2
16815,125,115,10,10
16816,119,104,15,15
16817,109,114,-5,5
16818,73,75,-2,2
16819,212,193,19,19
16820,81,79,2,2
16821,104,101,3,3
16822,44,54,-10,10
16823,82,67,15,15
16824,181,155,26,26
16825,50,51,-1,1
16826,90,100,-10,10
16827,87,82,5,5
16828,76,88,-12,12
16829,211,204,7,7
16830,104,98,6,6
16831,114,110,4,4
16832,143,146,-3,3
16833,142,139,3,3
16834,153,170,-17,17
16835,60,58,2,2
16836,60,62,-2,2
16837,111,93,18,18
16838,143,154,-11,11
16839,76,79,-3,3
16840,73,70,3,3
16841,76,68,8,8
16842,75,76,-1,1
16843,58,62,-4,4
16844,57,58,-1,1
16845,112,110,2,2
16846,151,139,12,12
16847,51,48,3,3
16848,64,66,-2,2
16849,80,81,-1,1
16850,89,85,4,4
16851,155,149,6,6
16852,97,95,2,2
16853,82,85,-3,3
16854,122,115,7,7
16855,110,115,-5,5
16856,91,82,9,9
16857,27,63,-36,36
16858,55,56,-1,1
16859,107,101,6,6
16860,61,66,-5,5
16861,67,72,-5,5
16862,111,120,-9,9
16863,95,91,4,4
16864,129,130,-1,1
16865,165,182,-17,17
16866,139,130,9,9
16867,97,131,-34,34
16868,88,86,2,2
16869,64,74,-10,10
16870,83,79,4,4
16871,118,120,-2,2
16872,81,76,5,5
16873,78,76,2,2
16874,164,167,-3,3
16875,60,68,-8,8
16876,23,51,-28,28
16877,60,60,0,0
16878,58,63,-5,5
16879,102,106,-4,4
16880,100,98,2,2
16881,103,107,-4,4
16882,98,91,7,7
16883,136,140,-4,4
16884,110,109,1,1
16885,95,93,2,2
16886,113,113,0,0
16887,143,157,-14,14
16888,141,140,1,1
16889,117,109,8,8
16890,63,71,-8,8
16891,83,74,9,9
16892,52,57,-5,5
16893,95,103,-8,8
16894,85,84,1,1
16895,75,81,-6,6
16896,137,135,2,2
16897,81,79,2,2
16898,55,80,-25,25
16899,128,111,17,17
16900,135,120,15,15
16901,107,102,5,5
16902,68,73,-5,5
16903,95,95,0,0
16904,131,124,7,7
16905,106,106,0,0
16906,84,100,-16,16
16907,120,122,-2,2
16908,69,71,-2,2
16909,93,97,-4,4
16910,100,99,1,1
16911,152,145,7,7
16912,139,151,-12,12
16913,109,107,2,2
16914,122,118,4,4
16915,70,71,-1,1
16916,89,82,7,7
16917,81,70,11,11
16918,59,58,1,1
16919,74,73,1,1
16920,121,107,14,14
16921,88,80,8,8
16922,72,90,-18,18
16923,107,107,0,0
16924,47,60,-13,13
16925,105,102,3,3
16926,61,68,-7,7
16927,116,114,2,2
16928,110,103,7,7
16929,63,59,4,4
16930,121,113,8,8
16931,52,51,1,1
16932,92,82,10,10
16933,102,117,-15,15
16934,86,87,-1,1
16935,171,190,-19,19
16936,97,104,-7,7
16937,105,93,12,12
16938,127,117,10,10
16939,84,94,-10,10
16940,99,89,10,10
16941,65,60,5,5
16942,86,75,11,11
16943,107,96,11,11
16944,84,83,1,1
16945,136,128,8,8
16946,82,75,7,7
16947,52,60,-8,8
16948,103,118,-15,15
16949,102,102,0,0
16950,126,119,7,7
16951,185,174,11,11
16952,143,134,9,9
16953,48,65,-17,17
16954,142,121,21,21
16955,58,63,-5,5
16956,164,163,1,1
16957,95,94,1,1
16958,191,192,-1,1
16959,115,119,-4,4
16960,58,61,-3,3
16961,121,114,7,7
16962,101,95,6,6
16963,79,83,-4,4
16964,84,86,-2,2
16965,69,69,0,0
16966,153,156,-3,3
16967,67,73,-6,6
16968,69,83,-14,14
16969,71,75,-4,4
16970,94,94,0,0
16971,110,111,-1,1
16972,105,106,-1,1
16973,88,93,-5,5
16974,93,97,-4,4
16975,70,66,4,4
16976,65,70,-5,5
16977,62,66,-4,4
16978,120,114,6,6
16979,55,62,-7,7
16980,73,78,-5,5
16981,102,101,1,1
16982,71,70,1,1
16983,111,128,-17,17
16984,156,154,2,2
16985,89,96,-7,7
16986,67,64,3,3
16987,71,74,-3,3
16988,71,76,-5,5
16989,108,100,8,8
16990,72,70,2,2
16991,80,75,5,5
16992,104,94,10,10
16993,111,114,-3,3
16994,58,54,4,4
16995,68,67,1,1
16996,92,88,4,4
16997,161,154,7,7
16998,107,97,10,10
16999,66,77,-11,11
17000,76,81,-5,5
17001,105,102,3,3
17002,140,129,11,11
17003,77,74,3,3
17004,70,75,-5,5
17005,133,127,6,6
17006,50,57,-7,7
17007,66,66,0,0
17008,60,73,-13,13
17009,72,77,-5,5
17010,123,113,10,10
17011,88,86,2,2
17012,110,105,5,5
17013,94,92,2,2
17014,88,85,3,3
17015,82,76,6,6
17016,107,125,-18,18
17017,69,66,3,3
17018,85,89,-4,4
17019,81,84,-3,3
17020,57,63,-6,6
17021,124,115,9,9
17022,126,127,-1,1
17023,59,58,1,1
17024,78,80,-2,2
17025,112,116,-4,4
17026,87,99,-12,12
17027,101,91,10,10
17028,101,97,4,4
17029,150,149,1,1
17030,135,126,9,9
17031,146,146,0,0
17032,61,61,0,0
17033,103,102,1,1
17034,134,128,6,6
17035,68,71,-3,3
17036,84,79,5,5
17037,59,60,-1,1
17038,115,112,3,3
17039,98,80,18,18
17040,118,133,-15,15
17041,97,98,-1,1
17042,94,105,-11,11
17043,143,135,8,8
17044,119,117,2,2
17045,82,88,-6,6
17046,86,92,-6,6
17047,79,82,-3,3
17048,178,188,-10,10
17049,151,137,14,14
17050,133,128,5,5
17051,71,80,-9,9
17052,56,56,0,0
17053,61,58,3,3
17054,69,75,-6,6
17055,95,97,-2,2
17056,98,93,5,5
17057,88,91,-3,3
17058,86,91,-5,5
17059,79,83,-4,4
17060,77,73,4,4
17061,88,103,-15,15
17062,110,105,5,5
17063,138,143,-5,5
17064,98,104,-6,6
17065,99,96,3,3
17066,73,74,-1,1
17067,143,139,4,4
17068,44,54,-10,10
17069,136,126,10,10
17070,150,141,9,9
17071,125,125,0,0
17072,134,131,3,3
17073,93,99,-6,6
17074,107,102,5,5
17075,38,52,-14,14
17076,133,148,-15,15
17077,151,149,2,2
17078,104,110,-6,6
17079,83,80,3,3
17080,124,108,16,16
17081,161,162,-1,1
17082,72,69,3,3
17083,77,85,-8,8
17084,111,112,-1,1
17085,107,105,2,2
17086,107,112,-5,5
17087,98,103,-5,5
17088,168,164,4,4
17089,100,90,10,10
17090,70,71,-1,1
17091,68,64,4,4
17092,74,66,8,8
17093,129,132,-3,3
17094,121,117,4,4
17095,69,65,4,4
17096,121,121,0,0
17097,103,102,1,1
17098,187,185,2,2
17099,61,58,3,3
17100,81,76,5,5
17101,117,127,-10,10
17102,46,58,-12,12
17103,77,75,2,2
17104,85,89,-4,4
17105,47,51,-4,4
17106,81,80,1,1
17107,99,87,12,12
17108,152,158,-6,6
17109,58,67,-9,9
17110,45,57,-12,12
17111,87,82,5,5
17112,100,82,18,18
17113,41,54,-13,13
17114,184,160,24,24
17115,72,71,1,1
17116,38,48,-10,10
17117,79,98,-19,19
17118,98,87,11,11
17119,71,73,-2,2
17120,62,67,-5,5
17121,90,82,8,8
17122,97,84,13,13
17123,52,53,-1,1
17124,74,70,4,4
17125,154,145,9,9
17126,99,94,5,5
17127,44,50,-6,6
17128,85,79,6,6
17129,128,130,-2,2
17130,128,113,15,15
17131,78,92,-14,14
17132,62,64,-2,2
17133,112,122,-10,10
17134,63,69,-6,6
17135,88,87,1,1
17136,51,53,-2,2
17137,129,126,3,3
17138,65,66,-1,1
17139,56,60,-4,4
17140,102,94,8,8
17141,87,83,4,4
17142,129,126,3,3
17143,61,65,-4,4
17144,79,78,1,1
17145,57,65,-8,8
17146,171,152,19,19
17147,90,93,-3,3
17148,96,91,5,5
17149,91,89,2,2
17150,47,58,-11,11
17151,87,98,-11,11
17152,86,105,-19,19
17153,133,136,-3,3
17154,133,130,3,3
17155,89,93,-4,4
17156,64,57,7,7
17157,54,59,-5,5
17158,99,112,-13,13
17159,91,90,1,1
17160,76,79,-3,3
17161,75,74,1,1
17162,72,69,3,3
17163,107,114,-7,7
17164,39,50,-11,11
17165,99,93,6,6
17166,121,113,8,8
17167,89,84,5,5
17168,132,131,1,1
17169,108,113,-5,5
17170,84,76,8,8
17171,104,102,2,2
17172,68,68,0,0
17173,55,58,-3,3
17174,74,68,6,6
17175,85,87,-2,2
17176,63,60,3,3
17177,77,77,0,0
17178,103,105,-2,2
17179,66,67,-1,1
17180,77,71,6,6
17181,112,107,5,5
17182,127,138,-11,11
17183,100,103,-3,3
17184,59,64,-5,5
17185,111,107,4,4
17186,29,51,-22,22
17187,77,77,0,0
17188,98,99,-1,1
17189,108,107,1,1
17190,196,192,4,4
17191,79,75,4,4
17192,150,151,-1,1
17193,99,93,6,6
17194,73,69,4,4
17195,75,75,0,0
17196,62,71,-9,9
17197,77,81,-4,4
17198,100,88,12,12
17199,139,144,-5,5
17200,80,79,1,1
17201,151,124,27,27
17202,125,125,0,0
17203,70,77,-7,7
17204,141,137,4,4
17205,76,81,-5,5
17206,74,80,-6,6
17207,108,97,11,11
17208,146,127,19,19
17209,65,61,4,4
17210,92,104,-12,12
17211,98,94,4,4
17212,112,122,-10,10
17213,155,141,14,14
17214,109,107,2,2
17215,127,120,7,7
17216,40,52,-12,12
17217,106,117,-11,11
17218,106,119,-13,13
17219,68,64,4,4
17220,73,77,-4,4
17221,69,69,0,0
17222,93,96,-3,3
17223,95,96,-1,1
17224,99,95,4,4
17225,108,104,4,4
17226,77,73,4,4
17227,76,76,0,0
17228,102,106,-4,4
17229,117,111,6,6
17230,88,86,2,2
17231,82,82,0,0
17232,99,95,4,4
17233,147,134,13,13
17234,66,66,0,0
17235,79,71,8,8
17236,62,71,-9,9
17237,175,174,1,1
17238,101,97,4,4
17239,64,65,-1,1
17240,74,75,-1,1
17241,72,88,-16,16
17242,64,67,-3,3
17243,73,68,5,5
17244,48,59,-11,11
17245,186,179,7,7
17246,100,126,-26,26
17247,120,114,6,6
17248,53,63,-10,10
17249,120,111,9,9
17250,98,104,-6,6
17251,34,52,-18,18
17252,97,92,5,5
17253,118,111,7,7
17254,128,112,16,16
17255,90,85,5,5
17256,63,67,-4,4
17257,160,143,17,17
17258,177,154,23,23
17259,185,179,6,6
17260,104,104,0,0
17261,68,68,0,0
17262,119,124,-5,5
17263,110,102,8,8
17264,67,59,8,8
17265,56,58,-2,2
17266,160,153,7,7
17267,103,119,-16,16
17268,68,66,2,2
17269,112,114,-2,2
17270,75,75,0,0
17271,101,104,-3,3
17272,89,111,-22,22
17273,57,68,-11,11
17274,65,68,-3,3
17275,95,104,-9,9
17276,93,96,-3,3
17277,100,97,3,3
17278,127,134,-7,7
17279,105,94,11,11
17280,58,56,2,2
17281,70,76,-6,6
17282,146,143,3,3
17283,90,85,5,5
17284,75,75,0,0
17285,92,92,0,0
17286,122,119,3,3
17287,77,79,-2,2
17288,50,57,-7,7
17289,69,76,-7,7
17290,36,51,-15,15
17291,97,87,10,10
17292,81,85,-4,4
17293,127,137,-10,10
17294,142,143,-1,1
17295,98,103,-5,5
17296,91,78,13,13
17297,84,86,-2,2
17298,94,102,-8,8
17299,71,80,-9,9
17300,87,78,9,9
17301,109,106,3,3
17302,58,53,5,5
17303,63,66,-3,3
17304,65,63,2,2
17305,45,50,-5,5
17306,87,71,16,16
17307,64,65,-1,1
17308,82,83,-1,1
17309,156,164,-8,8
17310,138,117,21,21
17311,76,80,-4,4
17312,134,128,6,6
17313,115,112,3,3
17314,92,94,-2,2
17315,126,128,-2,2
17316,103,107,-4,4
17317,56,62,-6,6
17318,125,141,-16,16
17319,108,96,12,12
17320,69,72,-3,3
17321,151,144,7,7
17322,88,93,-5,5
17323,101,100,1,1
17324,165,170,-5,5
17325,151,136,15,15
17326,82,80,2,2
17327,65,65,0,0
17328,93,96,-3,3
17329,102,100,2,2
17330,71,74,-3,3
17331,66,69,-3,3
17332,101,103,-2,2
17333,109,101,8,8
17334,67,60,7,7
17335,150,144,6,6
17336,71,61,10,10
17337,93,99,-6,6
17338,106,110,-4,4
17339,127,123,4,4
17340,167,166,1,1
17341,67,65,2,2
17342,137,137,0,0
17343,90,87,3,3
17344,48,54,-6,6
17345,79,74,5,5
17346,72,77,-5,5
17347,139,138,1,1
17348,81,83,-2,2
17349,124,126,-2,2
17350,114,106,8,8
17351,75,78,-3,3
17352,73,74,-1,1
17353,90,81,9,9
17354,156,158,-2,2
17355,107,109,-2,2
17356,88,88,0,0
17357,135,147,-12,12
17358,120,107,13,13
17359,55,68,-13,13
17360,58,66,-8,8
17361,104,111,-7,7
17362,53,49,4,4
17363,65,61,4,4
17364,71,70,1,1
17365,36,54,-18,18
17366,135,126,9,9
17367,159,156,3,3
17368,118,104,14,14
17369,93,100,-7,7
17370,91,96,-5,5
17371,66,71,-5,5
17372,68,60,8,8
17373,81,77,4,4
17374,138,146,-8,8
17375,68,71,-3,3
17376,128,134,-6,6
17377,97,108,-11,11
17378,83,90,-7,7
17379,194,183,11,11
17380,63,63,0,0
17381,68,64,4,4
17382,68,68,0,0
17383,89,92,-3,3
17384,103,94,9,9
17385,113,123,-10,10
17386,95,92,3,3
17387,93,83,10,10
17388,68,69,-1,1
17389,57,52,5,5
17390,58,63,-5,5
17391,174,161,13,13
17392,71,71,0,0
17393,106,99,7,7
17394,63,64,-1,1
17395,63,58,5,5
17396,126,116,10,10
17397,104,99,5,5
17398,83,83,0,0
17399,80,83,-3,3
17400,175,171,4,4
17401,77,96,-19,19
17402,146,139,7,7
17403,78,75,3,3
17404,114,104,10,10
17405,86,100,-14,14
17406,149,151,-2,2
17407,170,168,2,2
17408,121,117,4,4
17409,61,64,-3,3
17410,64,58,6,6
17411,67,65,2,2
17412,99,108,-9,9
17413,185,173,12,12
17414,56,66,-10,10
17415,99,97,2,2
17416,75,85,-10,10
17417,85,78,7,7
17418,92,85,7,7
17419,91,85,6,6
17420,80,69,11,11
17421,56,68,-12,12
17422,80,75,5,5
17423,135,128,7,7
17424,98,120,-22,22
17425,150,156,-6,6
17426,53,62,-9,9
17427,106,104,2,2
17428,74,74,0,0
17429,196,183,13,13
17430,88,86,2,2
17431,47,54,-7,7
17432,101,109,-8,8
17433,110,104,6,6
17434,116,118,-2,2
17435,96,100,-4,4
17436,65,62,3,3
17437,55,53,2,2
17438,140,143,-3,3
17439,94,86,8,8
17440,89,81,8,8
17441,101,96,5,5
17442,80,72,8,8
17443,112,106,6,6
17444,106,114,-8,8
17445,103,109,-6,6
17446,60,62,-2,2
17447,95,101,-6,6
17448,87,90,-3,3
17449,45,53,-8,8
17450,92,94,-2,2
17451,108,100,8,8
17452,98,95,3,3
17453,62,66,-4,4
17454,107,105,2,2
17455,74,69,5,5
17456,137,122,15,15
17457,75,74,1,1
17458,66,65,1,1
17459,100,96,4,4
17460,129,140,-11,11
17461,79,79,0,0
17462,111,103,8,8
17463,88,94,-6,6
17464,63,65,-2,2
17465,95,100,-5,5
17466,74,74,0,0
17467,108,107,1,1
17468,115,106,9,9
17469,96,91,5,5
17470,146,134,12,12
17471,178,165,13,13
17472,171,165,6,6
17473,171,156,15,15
17474,151,156,-5,5
17475,90,91,-1,1
17476,94,84,10,10
17477,89,77,12,12
17478,71,71,0,0
17479,223,213,10,10
17480,66,67,-1,1
17481,116,115,1,1
17482,69,66,3,3
17483,153,142,11,11
17484,48,59,-11,11
17485,83,85,-2,2
17486,177,169,8,8
17487,70,87,-17,17
17488,80,82,-2,2
17489,77,79,-2,2
17490,69,65,4,4
17491,81,74,7,7
17492,115,118,-3,3
17493,96,103,-7,7
17494,94,87,7,7
17495,46,55,-9,9
17496,88,103,-15,15
17497,90,81,9,9
17498,89,94,-5,5
17499,65,60,5,5
17500,78,77,1,1
17501,76,76,0,0
17502,116,104,12,12
17503,127,119,8,8
17504,146,149,-3,3
17505,89,92,-3,3
17506,42,62,-20,20
17507,73,64,9,9
17508,61,60,1,1
17509,79,72,7,7
17510,105,102,3,3
17511,64,62,2,2
17512,115,119,-4,4
17513,66,74,-8,8
17514,75,71,4,4
17515,82,80,2,2
17516,46,56,-10,10
17517,106,108,-2,2
17518,74,82,-8,8
17519,58,79,-21,21
17520,89,91,-2,2
17521,76,68,8,8
17522,90,80,10,10
17523,108,105,3,3
17524,89,98,-9,9
17525,75,71,4,4
17526,98,92,6,6
17527,87,82,5,5
17528,65,68,-3,3
17529,121,107,14,14
17530,63,65,-2,2
17531,139,147,-8,8
17532,80,80,0,0
17533,75,73,2,2
17534,64,67,-3,3
17535,48,47,1,1
17536,115,114,1,1
17537,82,84,-2,2
17538,120,117,3,3
17539,141,146,-5,5
17540,67,77,-10,10
17541,48,60,-12,12
17542,117,110,7,7
17543,173,167,6,6
17544,74,83,-9,9
17545,53,65,-12,12
17546,33,57,-24,24
17547,79,83,-4,4
17548,76,70,6,6
17549,119,109,10,10
17550,139,138,1,1
17551,77,75,2,2
17552,115,114,1,1
17553,67,72,-5,5
17554,105,95,10,10
17555,127,129,-2,2
17556,84,81,3,3
17557,106,111,-5,5
17558,79,86,-7,7
17559,96,103,-7,7
17560,82,81,1,1
17561,146,139,7,7
17562,98,100,-2,2
17563,116,124,-8,8
17564,42,51,-9,9
17565,82,86,-4,4
17566,71,70,1,1
17567,103,93,10,10
17568,60,63,-3,3
17569,86,85,1,1
17570,137,127,10,10
17571,105,98,7,7
17572,68,75,-7,7
17573,94,97,-3,3
17574,190,180,10,10
17575,61,59,2,2
17576,112,108,4,4
17577,72,65,7,7
17578,137,125,12,12
17579,85,87,-2,2
17580,190,183,7,7
17581,145,153,-8,8
17582,100,103,-3,3
17583,143,133,10,10
17584,81,85,-4,4
17585,58,63,-5,5
17586,79,89,-10,10
17587,119,114,5,5
17588,63,65,-2,2
17589,106,100,6,6
17590,111,103,8,8
17591,90,93,-3,3
17592,134,140,-6,6
17593,129,114,15,15
17594,67,67,0,0
17595,128,132,-4,4
17596,43,49,-6,6
17597,58,57,1,1
17598,123,126,-3,3
17599,63,63,0,0
17600,61,69,-8,8
17601,74,62,12,12
17602,117,106,11,11
17603,132,106,26,26
17604,73,62,11,11
17605,127,127,0,0
17606,170,171,-1,1
17607,101,106,-5,5
17608,118,104,14,14
17609,73,69,4,4
17610,82,84,-2,2
17611,100,97,3,3
17612,62,64,-2,2
17613,80,73,7,7
17614,50,52,-2,2
17615,68,71,-3,3
17616,163,156,7,7
17617,49,54,-5,5
17618,75,77,-2,2
17619,133,128,5,5
17620,115,117,-2,2
17621,102,106,-4,4
17622,74,75,-1,1
17623,161,149,12,12
17624,130,133,-3,3
17625,122,117,5,5
17626,109,102,7,7
17627,120,130,-10,10
17628,72,58,14,14
17629,90,93,-3,3
17630,80,95,-15,15
17631,103,112,-9,9
17632,134,127,7,7
17633,93,94,-1,1
17634,82,78,4,4
17635,184,168,16,16
17636,84,83,1,1
17637,62,65,-3,3
17638,65,65,0,0
17639,68,72,-4,4
17640,118,117,1,1
17641,81,81,0,0
17642,116,117,-1,1
17643,116,115,1,1
17644,85,77,8,8
17645,55,58,-3,3
17646,91,89,2,2
17647,79,82,-3,3
17648,24,56,-32,32
17649,155,148,7,7
17650,97,84,13,13
17651,69,76,-7,7
17652,105,104,1,1
17653,158,162,-4,4
17654,129,131,-2,2
17655,115,107,8,8
17656,92,99,-7,7
17657,82,82,0,0
17658,100,101,-1,1
17659,66,57,9,9
17660,46,57,-11,11
17661,141,149,-8,8
17662,128,124,4,4
17663,101,81,20,20
17664,103,97,6,6
17665,75,72,3,3
17666,125,123,2,2
17667,50,52,-2,2
17668,67,68,-1,1
17669,91,94,-3,3
17670,95,94,1,1
17671,133,126,7,7
17672,124,121,3,3
17673,59,55,4,4
17674,138,132,6,6
17675,132,131,1,1
17676,109,105,4,4
17677,72,76,-4,4
17678,84,86,-2,2
17679,107,106,1,1
17680,73,84,-11,11
17681,76,77,-1,1
17682,122,108,14,14
17683,107,112,-5,5
17684,38,48,-10,10
17685,127,117,10,10
17686,82,76,6,6
17687,189,175,14,14
17688,115,109,6,6
17689,100,97,3,3
17690,70,65,5,5
17691,81,71,10,10
17692,150,166,-16,16
17693,94,87,7,7
17694,88,85,3,3
17695,81,86,-5,5
17696,148,146,2,2
17697,75,86,-11,11
17698,90,83,7,7
17699,124,122,2,2
17700,46,52,-6,6
17701,103,111,-8,8
17702,101,93,8,8
17703,93,95,-2,2
17704,105,106,-1,1
17705,91,96,-5,5
17706,138,137,1,1
17707,85,88,-3,3
17708,102,97,5,5
17709,72,84,-12,12
17710,81,79,2,2
17711,118,117,1,1
17712,114,122,-8,8
17713,118,112,6,6
17714,79,81,-2,2
17715,149,141,8,8
17716,74,82,-8,8
17717,46,50,-4,4
17718,76,69,7,7
17719,80,82,-2,2
17720,124,138,-14,14
17721,126,136,-10,10
17722,57,53,4,4
17723,91,101,-10,10
17724,206,186,20,20
17725,122,109,13,13
17726,89,93,-4,4
17727,108,109,-1,1
17728,170,159,11,11
17729,89,87,2,2
17730,90,85,5,5
17731,85,89,-4,4
17732,80,71,9,9
17733,105,89,16,16
17734,84,69,15,15
17735,97,96,1,1
17736,60,65,-5,5
17737,39,51,-12,12
17738,103,96,7,7
17739,122,123,-1,1
17740,105,105,0,0
17741,72,82,-10,10
17742,72,77,-5,5
17743,126,119,7,7
17744,113,106,7,7
17745,88,86,2,2
17746,121,123,-2,2
17747,88,91,-3,3
17748,72,68,4,4
17749,65,70,-5,5
17750,74,80,-6,6
17751,112,121,-9,9
17752,53,57,-4,4
17753,138,134,4,4
17754,108,110,-2,2
17755,65,65,0,0
17756,72,74,-2,2
17757,122,120,2,2
17758,48,61,-13,13
17759,93,87,6,6
17760,124,119,5,5
17761,92,93,-1,1
17762,66,69,-3,3
17763,69,67,2,2
17764,144,154,-10,10
17765,103,108,-5,5
17766,96,93,3,3
17767,107,102,5,5
17768,129,130,-1,1
17769,60,59,1,1
17770,72,71,1,1
17771,53,52,1,1
17772,117,99,18,18
17773,109,112,-3,3
17774,73,71,2,2
17775,121,116,5,5
17776,193,190,3,3
17777,69,79,-10,10
17778,80,68,12,12
17779,135,122,13,13
17780,47,51,-4,4
17781,75,69,6,6
17782,135,144,-9,9
17783,97,92,5,5
17784,76,77,-1,1
17785,108,105,3,3
17786,110,113,-3,3
17787,87,92,-5,5
17788,59,60,-1,1
17789,163,158,5,5
17790,80,84,-4,4
17791,169,153,16,16
17792,91,91,0,0
17793,122,118,4,4
17794,97,96,1,1
17795,63,69,-6,6
17796,139,144,-5,5
17797,76,73,3,3
17798,80,77,3,3
17799,79,74,5,5
17800,112,113,-1,1
17801,94,94,0,0
17802,103,109,-6,6
17803,53,62,-9,9
17804,70,75,-5,5
17805,156,158,-2,2
17806,29,60,-31,31
17807,128,135,-7,7
17808,125,128,-3,3
17809,126,107,19,19
17810,50,63,-13,13
17811,152,154,-2,2
17812,195,165,30,30
17813,76,81,-5,5
17814,87,84,3,3
17815,80,74,6,6
17816,66,65,1,1
17817,72,70,2,2
17818,104,113,-9,9
17819,67,68,-1,1
17820,109,110,-1,1
17821,146,142,4,4
17822,59,70,-11,11
17823,78,74,4,4
17824,73,70,3,3
17825,139,136,3,3
17826,103,98,5,5
17827,112,118,-6,6
17828,99,89,10,10
17829,68,73,-5,5
17830,53,57,-4,4
17831,152,131,21,21
17832,55,56,-1,1
17833,96,103,-7,7
17834,78,79,-1,1
17835,69,90,-21,21
17836,54,52,2,2
17837,118,118,0,0
17838,120,106,14,14
17839,45,60,-15,15
17840,94,88,6,6
17841,141,141,0,0
17842,81,87,-6,6
17843,85,89,-4,4
17844,100,105,-5,5
17845,104,105,-1,1
17846,189,168,21,21
17847,79,74,5,5
17848,98,98,0,0
17849,53,54,-1,1
17850,139,132,7,7
17851,96,111,-15,15
17852,75,77,-2,2
17853,74,75,-1,1
17854,142,144,-2,2
17855,135,153,-18,18
17856,40,56,-16,16
17857,176,163,13,13
17858,55,61,-6,6
17859,70,81,-11,11
17860,71,73,-2,2
17861,55,61,-6,6
17862,168,165,3,3
17863,146,135,11,11
17864,111,111,0,0
17865,117,102,15,15
17866,64,64,0,0
17867,106,99,7,7
17868,110,99,11,11
17869,79,79,0,0
17870,95,88,7,7
17871,121,118,3,3
17872,129,131,-2,2
17873,98,88,10,10
17874,60,59,1,1
17875,53,56,-3,3
17876,121,110,11,11
17877,112,134,-22,22
17878,54,57,-3,3
17879,76,76,0,0
17880,126,135,-9,9
17881,131,123,8,8
17882,45,51,-6,6
17883,135,133,2,2
17884,95,86,9,9
17885,80,73,7,7
17886,96,95,1,1
17887,143,134,9,9
17888,59,64,-5,5
17889,140,143,-3,3
17890,73,73,0,0
17891,109,112,-3,3
17892,116,129,-13,13
17893,42,50,-8,8
17894,44,51,-7,7
17895,151,150,1,1
17896,109,116,-7,7
17897,106,90,16,16
17898,131,109,22,22
17899,139,132,7,7
17900,77,72,5,5
17901,127,119,8,8
17902,79,93,-14,14
17903,140,138,2,2
17904,63,61,2,2
17905,121,126,-5,5
17906,65,60,5,5
17907,146,139,7,7
17908,110,101,9,9
17909,101,107,-6,6
17910,35,48,-13,13
17911,105,104,1,1
17912,154,163,-9,9
17913,72,68,4,4
17914,98,103,-5,5
17915,126,135,-9,9
17916,142,138,4,4
17917,98,115,-17,17
17918,82,88,-6,6
17919,86,101,-15,15
17920,79,74,5,5
17921,111,99,12,12
17922,74,74,0,0
17923,58,57,1,1
17924,48,51,-3,3
17925,74,76,-2,2
17926,123,119,4,4
17927,40,50,-10,10
17928,80,65,15,15
17929,63,63,0,0
17930,115,97,18,18
17931,107,111,-4,4
17932,80,73,7,7
17933,85,83,2,2
17934,166,161,5,5
17935,71,79,-8,8
17936,56,65,-9,9
17937,48,57,-9,9
17938,96,91,5,5
17939,54,54,0,0
17940,124,128,-4,4
17941,92,93,-1,1
17942,51,54,-3,3
17943,62,71,-9,9
17944,89,84,5,5
17945,141,133,8,8
17946,87,72,15,15
17947,75,84,-9,9
17948,81,78,3,3
17949,65,81,-16,16
17950,90,79,11,11
17951,85,81,4,4
17952,71,74,-3,3
17953,61,66,-5,5
17954,104,102,2,2
17955,98,104,-6,6
17956,68,70,-2,2
17957,77,72,5,5
17958,90,88,2,2
17959,71,86,-15,15
17960,59,70,-11,11
17961,109,98,11,11
17962,105,109,-4,4
17963,175,167,8,8
17964,83,90,-7,7
17965,139,128,11,11
17966,68,68,0,0
17967,88,93,-5,5
17968,75,72,3,3
17969,104,110,-6,6
17970,126,114,12,12
17971,91,92,-1,1
17972,94,99,-5,5
17973,89,85,4,4
17974,41,53,-12,12
17975,91,108,-17,17
17976,81,81,0,0
17977,72,70,2,2
17978,146,131,15,15
17979,80,79,1,1
17980,141,122,19,19
17981,104,95,9,9
17982,111,103,8,8
17983,115,116,-1,1
17984,67,67,0,0
17985,132,127,5,5
17986,118,122,-4,4
17987,79,73,6,6
17988,67,77,-10,10
17989,158,137,21,21
17990,90,83,7,7
17991,78,81,-3,3
17992,52,62,-10,10
17993,67,70,-3,3
17994,57,69,-12,12
17995,93,93,0,0
17996,73,72,1,1
17997,100,105,-5,5
17998,150,137,13,13
17999,68,67,1,1
18000,74,78,-4,4
18001,100,100,0,0
18002,92,98,-6,6
18003,101,107,-6,6
18004,96,88,8,8
18005,161,152,9,9
18006,71,74,-3,3
18007,97,94,3,3
18008,62,65,-3,3
18009,70,72,-2,2
18010,106,99,7,7
18011,67,73,-6,6
18012,56,65,-9,9
18013,75,69,6,6
18014,47,53,-6,6
18015,78,75,3,3
18016,62,59,3,3
18017,68,65,3,3
18018,106,99,7,7
18019,125,114,11,11
18020,84,91,-7,7
18021,107,103,4,4
18022,63,59,4,4
18023,76,86,-10,10
18024,98,89,9,9
18025,139,114,25,25
18026,94,95,-1,1
18027,142,141,1,1
18028,121,120,1,1
18029,79,77,2,2
18030,123,125,-2,2
18031,82,83,-1,1
18032,174,173,1,1
18033,116,127,-11,11
18034,51,58,-7,7
18035,157,146,11,11
18036,57,58,-1,1
18037,71,64,7,7
18038,30,46,-16,16
18039,102,101,1,1
18040,140,130,10,10
18041,156,160,-4,4
18042,44,53,-9,9
18043,157,150,7,7
18044,91,93,-2,2
18045,111,123,-12,12
18046,107,112,-5,5
18047,83,86,-3,3
18048,83,80,3,3
18049,103,97,6,6
18050,84,75,9,9
18051,79,79,0,0
18052,119,106,13,13
18053,66,67,-1,1
18054,34,54,-20,20
18055,134,128,6,6
18056,108,105,3,3
18057,60,69,-9,9
18058,33,48,-15,15
18059,105,111,-6,6
18060,71,75,-4,4
18061,92,95,-3,3
18062,62,62,0,0
18063,54,59,-5,5
18064,85,96,-11,11
18065,154,139,15,15
18066,109,103,6,6
18067,120,134,-14,14
18068,55,54,1,1
18069,102,114,-12,12
18070,58,60,-2,2
18071,34,49,-15,15
18072,91,92,-1,1
18073,110,105,5,5
18074,117,107,10,10
18075,102,125,-23,23
18076,95,89,6,6
18077,38,51,-13,13
18078,88,84,4,4
18079,107,94,13,13
18080,113,110,3,3
18081,58,58,0,0
18082,56,65,-9,9
18083,68,70,-2,2
18084,59,56,3,3
18085,169,174,-5,5
18086,70,65,5,5
18087,117,112,5,5
18088,84,80,4,4
18089,150,157,-7,7
18090,123,133,-10,10
18091,72,71,1,1
18092,108,110,-2,2
18093,87,86,1,1
18094,123,150,-27,27
18095,79,79,0,0
18096,112,128,-16,16
18097,77,75,2,2
18098,123,120,3,3
18099,109,119,-10,10
18100,82,73,9,9
18101,57,69,-12,12
18102,120,111,9,9
18103,117,123,-6,6
18104,53,57,-4,4
18105,72,76,-4,4
18106,90,84,6,6
18107,92,108,-16,16
18108,88,81,7,7
18109,55,71,-16,16
18110,62,55,7,7
18111,108,112,-4,4
18112,85,73,12,12
18113,66,82,-16,16
18114,165,170,-5,5
18115,124,134,-10,10
18116,75,83,-8,8
18117,54,54,0,0
18118,141,142,-1,1
18119,67,67,0,0
18120,94,99,-5,5
18121,102,111,-9,9
18122,119,125,-6,6
18123,53,58,-5,5
18124,122,138,-16,16
18125,60,62,-2,2
18126,88,88,0,0
18127,101,104,-3,3
18128,64,65,-1,1
18129,48,65,-17,17
18130,75,70,5,5
18131,53,70,-17,17
18132,123,111,12,12
18133,90,86,4,4
18134,137,143,-6,6
18135,95,100,-5,5
18136,88,106,-18,18
18137,106,111,-5,5
18138,155,151,4,4
18139,75,67,8,8
18140,62,65,-3,3
18141,91,84,7,7
18142,58,55,3,3
18143,51,61,-10,10
18144,120,123,-3,3
18145,94,98,-4,4
18146,112,106,6,6
18147,84,99,-15,15
18148,67,71,-4,4
18149,83,83,0,0
18150,162,152,10,10
18151,122,120,2,2
18152,36,49,-13,13
18153,127,124,3,3
18154,75,89,-14,14
18155,119,106,13,13
18156,147,146,1,1
18157,105,103,2,2
18158,55,64,-9,9
18159,90,85,5,5
18160,57,56,1,1
18161,100,100,0,0
18162,63,62,1,1
18163,58,62,-4,4
18164,140,149,-9,9
18165,107,104,3,3
18166,71,80,-9,9
18167,145,146,-1,1
18168,64,70,-6,6
18169,94,84,10,10
18170,71,67,4,4
18171,68,72,-4,4
18172,109,100,9,9
18173,67,68,-1,1
18174,81,81,0,0
18175,101,96,5,5
18176,135,125,10,10
18177,60,55,5,5
18178,154,143,11,11
18179,131,121,10,10
18180,97,85,12,12
18181,65,65,0,0
18182,132,130,2,2
18183,95,98,-3,3
18184,97,90,7,7
18185,122,113,9,9
18186,80,84,-4,4
18187,89,82,7,7
18188,97,85,12,12
18189,106,105,1,1
18190,101,104,-3,3
18191,116,130,-14,14
18192,70,88,-18,18
18193,44,51,-7,7
18194,149,145,4,4
18195,95,94,1,1
18196,79,76,3,3
18197,114,113,1,1
18198,77,69,8,8
18199,121,114,7,7
18200,80,81,-1,1
18201,117,108,9,9
18202,150,141,9,9
18203,85,77,8,8
18204,72,79,-7,7
18205,112,107,5,5
18206,91,86,5,5
18207,61,61,0,0
18208,126,120,6,6
18209,78,74,4,4
18210,129,130,-1,1
18211,71,70,1,1
18212,72,76,-4,4
18213,166,162,4,4
18214,134,132,2,2
18215,36,52,-16,16
18216,63,67,-4,4
18217,73,70,3,3
18218,88,90,-2,2
18219,88,95,-7,7
18220,113,121,-8,8
18221,138,133,5,5
18222,88,71,17,17
18223,127,129,-2,2
18224,216,214,2,2
18225,108,108,0,0
18226,137,138,-1,1
18227,66,81,-15,15
18228,68,75,-7,7
18229,100,95,5,5
18230,50,52,-2,2
18231,130,135,-5,5
18232,100,105,-5,5
18233,201,173,28,28
18234,53,54,-1,1
18235,65,64,1,1
18236,60,58,2,2
18237,177,174,3,3
18238,88,78,10,10
18239,64,69,-5,5
18240,141,146,-5,5
18241,87,92,-5,5
18242,144,140,4,4
18243,118,108,10,10
18244,84,88,-4,4
18245,80,88,-8,8
18246,131,137,-6,6
18247,61,64,-3,3
18248,93,90,3,3
18249,78,88,-10,10
18250,58,59,-1,1
18251,99,87,12,12
18252,107,98,9,9
18253,119,118,1,1
18254,104,114,-10,10
18255,87,92,-5,5
18256,88,80,8,8
18257,131,130,1,1
18258,126,123,3,3
18259,125,114,11,11
18260,99,107,-8,8
18261,127,126,1,1
18262,34,52,-18,18
18263,77,68,9,9
18264,88,87,1,1
18265,106,121,-15,15
18266,104,99,5,5
18267,78,88,-10,10
18268,78,75,3,3
18269,211,191,20,20
18270,68,62,6,6
18271,110,109,1,1
18272,86,86,0,0
18273,102,102,0,0
18274,82,75,7,7
18275,57,57,0,0
18276,106,109,-3,3
18277,52,57,-5,5
18278,60,56,4,4
18279,78,79,-1,1
18280,66,60,6,6
18281,134,130,4,4
18282,61,63,-2,2
18283,88,85,3,3
18284,95,96,-1,1
18285,79,81,-2,2
18286,109,111,-2,2
18287,74,78,-4,4
18288,82,76,6,6
18289,77,75,2,2
18290,89,87,2,2
18291,115,111,4,4
18292,64,64,0,0
18293,143,138,5,5
18294,189,178,11,11
18295,27,55,-28,28
18296,82,92,-10,10
18297,127,138,-11,11
18298,121,112,9,9
18299,103,103,0,0
18300,55,60,-5,5
18301,163,167,-4,4
18302,93,94,-1,1
18303,95,93,2,2
18304,123,124,-1,1
18305,59,59,0,0
18306,112,102,10,10
18307,76,78,-2,2
18308,77,88,-11,11
18309,62,66,-4,4
18310,71,71,0,0
18311,60,64,-4,4
18312,141,146,-5,5
18313,91,93,-2,2
18314,96,90,6,6
18315,58,63,-5,5
18316,93,90,3,3
18317,165,171,-6,6
18318,199,196,3,3
18319,98,96,2,2
18320,152,155,-3,3
18321,81,73,8,8
18322,93,87,6,6
18323,122,113,9,9
18324,83,84,-1,1
18325,82,84,-2,2
18326,61,64,-3,3
18327,87,91,-4,4
18328,44,52,-8,8
18329,90,101,-11,11
18330,50,50,0,0
18331,122,119,3,3
18332,82,82,0,0
18333,101,105,-4,4
18334,93,95,-2,2
18335,132,120,12,12
18336,111,117,-6,6
18337,96,82,14,14
18338,47,53,-6,6
18339,113,115,-2,2
18340,182,183,-1,1
18341,107,128,-21,21
18342,99,109,-10,10
18343,72,70,2,2
18344,84,92,-8,8
18345,55,58,-3,3
18346,154,159,-5,5
18347,39,51,-12,12
18348,107,103,4,4
18349,89,95,-6,6
18350,114,116,-2,2
18351,99,103,-4,4
18352,76,78,-2,2
18353,61,68,-7,7
18354,112,99,13,13
18355,79,77,2,2
18356,81,79,2,2
18357,80,85,-5,5
18358,49,64,-15,15
18359,48,65,-17,17
18360,113,111,2,2
18361,91,96,-5,5
18362,76,77,-1,1
18363,144,149,-5,5
18364,67,65,2,2
18365,81,73,8,8
18366,111,109,2,2
18367,78,78,0,0
18368,53,59,-6,6
18369,77,82,-5,5
18370,71,90,-19,19
18371,76,70,6,6
18372,65,63,2,2
18373,90,91,-1,1
18374,165,159,6,6
18375,188,188,0,0
18376,58,163,-105,105
18377,81,82,-1,1
18378,65,66,-1,1
18379,91,93,-2,2
18380,116,118,-2,2
18381,145,136,9,9
18382,111,111,0,0
18383,146,139,7,7
18384,119,113,6,6
18385,91,94,-3,3
18386,116,121,-5,5
18387,48,60,-12,12
18388,107,117,-10,10
18389,63,67,-4,4
18390,120,110,10,10
18391,86,83,3,3
18392,93,92,1,1
18393,89,93,-4,4
18394,95,98,-3,3
18395,90,84,6,6
18396,104,100,4,4
18397,144,147,-3,3
18398,119,109,10,10
18399,82,85,-3,3
18400,61,73,-12,12
18401,93,101,-8,8
18402,142,134,8,8
18403,73,71,2,2
18404,133,118,15,15
18405,128,137,-9,9
18406,104,102,2,2
18407,90,88,2,2
18408,88,93,-5,5
18409,65,79,-14,14
18410,102,96,6,6
18411,176,159,17,17
18412,90,95,-5,5
18413,241,221,20,20
18414,115,103,12,12
18415,69,71,-2,2
18416,94,86,8,8
18417,123,120,3,3
18418,96,109,-13,13
18419,90,96,-6,6
18420,59,63,-4,4
18421,76,76,0,0
18422,72,72,0,0
18423,70,73,-3,3
18424,67,64,3,3
18425,83,83,0,0
18426,205,187,18,18
18427,62,66,-4,4
18428,214,209,5,5
18429,79,70,9,9
18430,142,133,9,9
18431,88,84,4,4
18432,107,114,-7,7
18433,120,113,7,7
18434,108,108,0,0
18435,102,93,9,9
18436,64,67,-3,3
18437,86,93,-7,7
18438,70,73,-3,3
18439,130,110,20,20
18440,97,87,10,10
18441,85,90,-5,5
18442,67,64,3,3
18443,142,116,26,26
18444,48,55,-7,7
18445,88,83,5,5
18446,123,127,-4,4
18447,69,74,-5,5
18448,92,90,2,2
18449,69,73,-4,4
18450,45,49,-4,4
18451,64,64,0,0
18452,84,76,8,8
18453,131,127,4,4
18454,78,80,-2,2
18455,32,50,-18,18
18456,85,78,7,7
18457,100,94,6,6
18458,99,84,15,15
18459,125,120,5,5
18460,91,82,9,9
18461,196,187,9,9
18462,94,119,-25,25
18463,54,60,-6,6
18464,134,128,6,6
18465,168,155,13,13
18466,64,63,1,1
18467,73,79,-6,6
18468,96,89,7,7
18469,82,69,13,13
18470,48,64,-16,16
18471,65,70,-5,5
18472,121,124,-3,3
18473,102,105,-3,3
18474,69,66,3,3
18475,92,89,3,3
18476,79,78,1,1
18477,107,110,-3,3
18478,76,90,-14,14
18479,73,76,-3,3
18480,75,72,3,3
18481,150,156,-6,6
18482,149,147,2,2
18483,144,135,9,9
18484,113,110,3,3
18485,62,68,-6,6
18486,108,108,0,0
18487,103,105,-2,2
18488,58,84,-26,26
18489,42,54,-12,12
18490,115,101,14,14
18491,58,88,-30,30
18492,115,103,12,12
18493,109,101,8,8
18494,51,51,0,0
18495,70,66,4,4
18496,68,82,-14,14
18497,143,143,0,0
18498,83,73,10,10
18499,116,110,6,6
18500,45,49,-4,4
18501,90,86,4,4
18502,67,68,-1,1
18503,100,102,-2,2
18504,113,116,-3,3
18505,30,58,-28,28
18506,98,100,-2,2
18507,67,69,-2,2
18508,53,57,-4,4
18509,105,105,0,0
18510,123,130,-7,7
18511,57,59,-2,2
18512,125,115,10,10
18513,98,95,3,3
18514,111,113,-2,2
18515,122,116,6,6
18516,117,121,-4,4
18517,74,75,-1,1
18518,84,81,3,3
18519,143,139,4,4
18520,121,115,6,6
18521,121,118,3,3
18522,99,97,2,2
18523,103,93,10,10
18524,104,90,14,14
18525,63,59,4,4
18526,222,191,31,31
18527,113,103,10,10
18528,88,93,-5,5
18529,122,102,20,20
18530,109,120,-11,11
18531,72,68,4,4
18532,64,60,4,4
18533,144,136,8,8
18534,82,81,1,1
18535,82,87,-5,5
18536,162,157,5,5
18537,112,121,-9,9
18538,62,60,2,2
18539,78,97,-19,19
18540,48,48,0,0
18541,90,90,0,0
18542,130,118,12,12
18543,70,71,-1,1
18544,141,148,-7,7
18545,138,136,2,2
18546,126,95,31,31
18547,71,72,-1,1
18548,89,95,-6,6
18549,138,135,3,3
18550,70,62,8,8
18551,123,115,8,8
18552,72,73,-1,1
18553,107,114,-7,7
18554,58,53,5,5
18555,90,84,6,6
18556,136,142,-6,6
18557,163,159,4,4
18558,108,100,8,8
18559,83,71,12,12
18560,117,117,0,0
18561,142,137,5,5
18562,69,70,-1,1
18563,100,91,9,9
18564,211,193,18,18
18565,148,153,-5,5
18566,82,77,5,5
18567,86,86,0,0
18568,201,195,6,6
18569,113,121,-8,8
18570,126,129,-3,3
18571,64,59,5,5
18572,98,96,2,2
18573,51,51,0,0
18574,93,103,-10,10
18575,60,60,0,0
18576,82,80,2,2
18577,95,112,-17,17
18578,94,82,12,12
18579,81,79,2,2
18580,111,114,-3,3
18581,63,69,-6,6
18582,55,55,0,0
18583,142,143,-1,1
18584,139,131,8,8
18585,118,116,2,2
18586,209,174,35,35
18587,73,72,1,1
18588,103,106,-3,3
18589,118,122,-4,4
18590,124,121,3,3
18591,79,92,-13,13
18592,124,121,3,3
18593,129,129,0,0
18594,91,86,5,5
18595,83,91,-8,8
18596,120,109,11,11
18597,91,82,9,9
18598,101,97,4,4
18599,117,111,6,6
18600,154,145,9,9
18601,83,84,-1,1
18602,113,115,-2,2
18603,83,85,-2,2
18604,106,115,-9,9
18605,47,52,-5,5
18606,63,63,0,0
18607,99,95,4,4
18608,47,65,-18,18
18609,111,104,7,7
18610,111,106,5,5
18611,152,145,7,7
18612,91,103,-12,12
18613,111,113,-2,2
18614,103,116,-13,13
18615,80,85,-5,5
18616,133,128,5,5
18617,83,81,2,2
18618,67,61,6,6
18619,124,130,-6,6
18620,93,104,-11,11
18621,80,80,0,0
18622,64,72,-8,8
18623,74,86,-12,12
18624,92,93,-1,1
18625,122,113,9,9
18626,92,105,-13,13
18627,111,113,-2,2
18628,148,132,16,16
18629,102,93,9,9
18630,101,99,2,2
18631,89,87,2,2
18632,94,101,-7,7
18633,78,74,4,4
18634,88,79,9,9
18635,87,97,-10,10
18636,59,57,2,2
18637,75,82,-7,7
18638,101,104,-3,3
18639,96,100,-4,4
18640,64,63,1,1
18641,106,100,6,6
18642,90,91,-1,1
18643,95,99,-4,4
18644,107,107,0,0
18645,95,98,-3,3
18646,78,85,-7,7
18647,124,159,-35,35
18648,142,145,-3,3
18649,73,68,5,5
18650,111,112,-1,1
18651,92,80,12,12
18652,205,182,23,23
18653,93,87,6,6
18654,87,98,-11,11
18655,43,51,-8,8
18656,51,60,-9,9
18657,102,103,-1,1
18658,85,97,-12,12
18659,152,154,-2,2
18660,69,70,-1,1
18661,47,57,-10,10
18662,52,56,-4,4
18663,94,101,-7,7
18664,149,147,2,2
18665,81,68,13,13
18666,96,87,9,9
18667,88,85,3,3
18668,81,75,6,6
18669,129,125,4,4
18670,107,131,-24,24
18671,93,83,10,10
18672,90,89,1,1
18673,72,79,-7,7
18674,82,80,2,2
18675,73,75,-2,2
18676,102,103,-1,1
18677,52,62,-10,10
18678,79,88,-9,9
18679,131,124,7,7
18680,56,54,2,2
18681,58,56,2,2
18682,66,62,4,4
18683,58,65,-7,7
18684,76,78,-2,2
18685,83,77,6,6
18686,84,80,4,4
18687,100,102,-2,2
18688,114,104,10,10
18689,112,115,-3,3
18690,104,96,8,8
18691,110,113,-3,3
18692,160,168,-8,8
18693,98,99,-1,1
18694,122,125,-3,3
18695,39,49,-10,10
18696,120,124,-4,4
18697,84,84,0,0
18698,64,81,-17,17
18699,87,94,-7,7
18700,102,100,2,2
18701,87,87,0,0
18702,76,71,5,5
18703,132,130,2,2
18704,65,62,3,3
18705,136,120,16,16
18706,87,76,11,11
18707,93,87,6,6
18708,130,122,8,8
18709,96,96,0,0
18710,93,90,3,3
18711,67,75,-8,8
18712,116,117,-1,1
18713,81,89,-8,8
18714,107,112,-5,5
18715,70,69,1,1
18716,113,110,3,3
18717,78,84,-6,6
18718,93,86,7,7
18719,62,68,-6,6
18720,43,50,-7,7
18721,81,79,2,2
18722,85,85,0,0
18723,128,117,11,11
18724,110,115,-5,5
18725,37,54,-17,17
18726,66,71,-5,5
18727,56,54,2,2
18728,95,92,3,3
18729,95,96,-1,1
18730,92,92,0,0
18731,99,105,-6,6
18732,75,82,-7,7
18733,186,166,20,20
18734,30,49,-19,19
18735,63,66,-3,3
18736,60,56,4,4
18737,38,51,-13,13
18738,70,75,-5,5
18739,85,82,3,3
18740,71,63,8,8
18741,122,128,-6,6
18742,45,61,-16,16
18743,94,90,4,4
18744,133,127,6,6
18745,89,79,10,10
18746,85,79,6,6
18747,80,79,1,1
18748,141,131,10,10
18749,108,105,3,3
18750,39,58,-19,19
18751,85,101,-16,16
18752,99,101,-2,2
18753,81,77,4,4
18754,123,124,-1,1
18755,98,96,2,2
18756,81,83,-2,2
18757,110,114,-4,4
18758,64,71,-7,7
18759,75,85,-10,10
18760,59,56,3,3
18761,66,71,-5,5
18762,81,75,6,6
18763,92,91,1,1
18764,115,111,4,4
18765,129,132,-3,3
18766,99,96,3,3
18767,72,77,-5,5
18768,91,91,0,0
18769,69,73,-4,4
18770,80,71,9,9
18771,89,96,-7,7
18772,92,100,-8,8
18773,95,95,0,0
18774,166,155,11,11
18775,61,58,3,3
18776,59,54,5,5
18777,42,61,-19,19
18778,53,62,-9,9
18779,101,96,5,5
18780,90,81,9,9
18781,116,109,7,7
18782,83,75,8,8
18783,89,87,2,2
18784,121,120,1,1
18785,74,63,11,11
18786,113,103,10,10
18787,85,88,-3,3
18788,137,137,0,0
18789,72,85,-13,13
18790,78,66,12,12
18791,113,125,-12,12
18792,144,119,25,25
18793,54,56,-2,2
18794,74,70,4,4
18795,72,72,0,0
18796,73,72,1,1
18797,163,146,17,17
18798,96,99,-3,3
18799,90,88,2,2
18800,64,62,2,2
18801,61,62,-1,1
18802,79,77,2,2
18803,118,123,-5,5
18804,70,68,2,2
18805,108,107,1,1
18806,83,106,-23,23
18807,55,54,1,1
18808,139,140,-1,1
18809,49,54,-5,5
18810,159,151,8,8
18811,30,61,-31,31
18812,111,116,-5,5
18813,112,111,1,1
18814,149,157,-8,8
18815,104,98,6,6
18816,166,144,22,22
18817,76,74,2,2
18818,128,138,-10,10
18819,54,61,-7,7
18820,99,99,0,0
18821,53,53,0,0
18822,98,93,5,5
18823,94,96,-2,2
18824,144,143,1,1
18825,47,56,-9,9
18826,124,135,-11,11
18827,137,152,-15,15
18828,55,54,1,1
18829,79,73,6,6
18830,103,104,-1,1
18831,67,64,3,3
18832,45,50,-5,5
18833,129,118,11,11
18834,33,56,-23,23
18835,108,110,-2,2
18836,68,68,0,0
18837,165,154,11,11
18838,108,97,11,11
18839,142,125,17,17
18840,108,111,-3,3
18841,56,62,-6,6
18842,73,78,-5,5
18843,121,119,2,2
18844,139,147,-8,8
18845,124,121,3,3
18846,59,57,2,2
18847,98,115,-17,17
18848,42,49,-7,7
18849,94,100,-6,6
18850,120,110,10,10
18851,64,69,-5,5
18852,52,59,-7,7
18853,193,184,9,9
18854,99,95,4,4
18855,73,79,-6,6
18856,166,141,25,25
18857,116,116,0,0
18858,69,85,-16,16
18859,67,70,-3,3
18860,81,76,5,5
18861,112,103,9,9
18862,120,108,12,12
18863,67,60,7,7
18864,105,92,13,13
18865,146,138,8,8
18866,110,100,10,10
18867,90,89,1,1
18868,94,84,10,10
18869,106,120,-14,14
18870,95,94,1,1
18871,112,113,-1,1
18872,104,96,8,8
18873,60,65,-5,5
18874,93,80,13,13
18875,171,174,-3,3
18876,57,63,-6,6
18877,106,101,5,5
18878,83,89,-6,6
18879,65,59,6,6
18880,111,112,-1,1
18881,117,122,-5,5
18882,71,76,-5,5
18883,46,65,-19,19
18884,87,103,-16,16
18885,80,78,2,2
18886,58,60,-2,2
18887,47,98,-51,51
18888,196,179,17,17
18889,100,103,-3,3
18890,122,126,-4,4
18891,126,127,-1,1
18892,61,60,1,1
18893,68,73,-5,5
18894,90,97,-7,7
18895,96,99,-3,3
18896,154,158,-4,4
18897,153,157,-4,4
18898,83,83,0,0
18899,130,126,4,4
18900,110,100,10,10
18901,122,121,1,1
18902,85,80,5,5
18903,55,55,0,0
18904,85,79,6,6
18905,122,120,2,2
18906,71,66,5,5
18907,149,144,5,5
18908,101,102,-1,1
18909,81,91,-10,10
18910,95,91,4,4
18911,120,117,3,3
18912,137,144,-7,7
18913,132,146,-14,14
18914,83,76,7,7
18915,121,117,4,4
18916,121,119,2,2
18917,125,143,-18,18
18918,81,84,-3,3
18919,137,143,-6,6
18920,89,88,1,1
18921,113,108,5,5
18922,23,51,-28,28
18923,123,103,20,20
18924,172,176,-4,4
18925,64,67,-3,3
18926,122,133,-11,11
18927,67,70,-3,3
18928,86,86,0,0
18929,42,56,-14,14
18930,126,121,5,5
18931,148,135,13,13
18932,81,74,7,7
18933,78,79,-1,1
18934,74,71,3,3
18935,52,57,-5,5
18936,67,70,-3,3
18937,69,69,0,0
18938,76,83,-7,7
18939,56,60,-4,4
18940,103,115,-12,12
18941,86,96,-10,10
18942,67,73,-6,6
18943,74,82,-8,8
18944,61,61,0,0
18945,42,59,-17,17
18946,106,101,5,5
18947,59,58,1,1
18948,65,61,4,4
18949,148,157,-9,9
18950,161,152,9,9
18951,140,134,6,6
18952,140,136,4,4
18953,70,77,-7,7
18954,157,150,7,7
18955,70,82,-12,12
18956,110,117,-7,7
18957,132,158,-26,26
18958,40,72,-32,32
18959,115,106,9,9
18960,165,165,0,0
18961,46,64,-18,18
18962,108,120,-12,12
18963,145,142,3,3
18964,153,142,11,11
18965,64,62,2,2
18966,104,104,0,0
18967,104,91,13,13
18968,103,92,11,11
18969,99,110,-11,11
18970,58,60,-2,2
18971,78,76,2,2
18972,116,118,-2,2
18973,95,111,-16,16
18974,77,71,6,6
18975,100,97,3,3
18976,147,144,3,3
18977,73,71,2,2
18978,90,94,-4,4
18979,91,91,0,0
18980,136,131,5,5
18981,156,145,11,11
18982,71,73,-2,2
18983,65,66,-1,1
18984,82,81,1,1
18985,116,115,1,1
18986,134,130,4,4
18987,70,75,-5,5
18988,98,98,0,0
18989,194,186,8,8
18990,58,61,-3,3
18991,111,149,-38,38
18992,55,61,-6,6
18993,105,105,0,0
18994,85,84,1,1
18995,105,95,10,10
18996,83,90,-7,7
18997,96,87,9,9
18998,83,79,4,4
18999,153,152,1,1
19000,81,81,0,0
19001,60,67,-7,7
19002,137,142,-5,5
19003,140,136,4,4
19004,88,93,-5,5
19005,124,125,-1,1
19006,101,94,7,7
19007,84,76,8,8
19008,99,95,4,4
19009,59,55,4,4
19010,83,94,-11,11
19011,113,125,-12,12
19012,83,87,-4,4
19013,65,66,-1,1
19014,52,57,-5,5
19015,120,126,-6,6
19016,102,91,11,11
19017,50,74,-24,24
19018,134,139,-5,5
19019,90,88,2,2
19020,79,74,5,5
19021,78,81,-3,3
19022,122,113,9,9
19023,69,72,-3,3
19024,72,71,1,1
19025,71,76,-5,5
19026,112,92,20,20
19027,111,99,12,12
19028,96,103,-7,7
19029,96,94,2,2
19030,67,67,0,0
19031,102,104,-2,2
19032,71,76,-5,5
19033,147,148,-1,1
19034,123,128,-5,5
19035,89,73,16,16
19036,72,81,-9,9
19037,81,87,-6,6
19038,61,58,3,3
19039,79,78,1,1
19040,112,102,10,10
19041,167,175,-8,8
19042,74,78,-4,4
19043,122,114,8,8
19044,78,86,-8,8
19045,64,70,-6,6
19046,72,76,-4,4
19047,90,84,6,6
19048,86,77,9,9
19049,122,120,2,2
19050,70,62,8,8
19051,80,81,-1,1
19052,55,59,-4,4
19053,86,77,9,9
19054,117,116,1,1
19055,95,93,2,2
19056,88,86,2,2
19057,123,114,9,9
19058,102,95,7,7
19059,73,69,4,4
19060,33,48,-15,15
19061,133,123,10,10
19062,65,72,-7,7
19063,75,65,10,10
19064,39,49,-10,10
19065,119,111,8,8
19066,88,91,-3,3
19067,110,97,13,13
19068,59,60,-1,1
19069,94,102,-8,8
19070,90,87,3,3
19071,64,64,0,0
19072,111,111,0,0
19073,95,96,-1,1
19074,77,76,1,1
19075,60,60,0,0
19076,151,148,3,3
19077,90,83,7,7
19078,65,70,-5,5
19079,100,115,-15,15
19080,59,65,-6,6
19081,89,87,2,2
19082,91,103,-12,12
19083,152,147,5,5
19084,58,56,2,2
19085,98,109,-11,11
19086,111,107,4,4
19087,94,86,8,8
19088,98,102,-4,4
19089,99,91,8,8
19090,132,127,5,5
19091,99,117,-18,18
19092,163,177,-14,14
19093,105,101,4,4
19094,109,114,-5,5
19095,49,58,-9,9
19096,97,113,-16,16
19097,153,141,12,12
19098,73,101,-28,28
19099,71,73,-2,2
19100,89,83,6,6
19101,110,99,11,11
19102,73,76,-3,3
19103,151,136,15,15
19104,146,138,8,8
19105,74,73,1,1
19106,76,68,8,8
19107,57,135,-78,78
19108,96,88,8,8
19109,143,127,16,16
19110,98,83,15,15
19111,74,78,-4,4
19112,78,73,5,5
19113,139,158,-19,19
19114,81,85,-4,4
19115,74,79,-5,5
19116,81,80,1,1
19117,149,161,-12,12
19118,59,65,-6,6
19119,92,96,-4,4
19120,88,86,2,2
19121,94,94,0,0
19122,106,105,1,1
19123,143,124,19,19
19124,61,68,-7,7
19125,84,83,1,1
19126,107,112,-5,5
19127,129,135,-6,6
19128,80,81,-1,1
19129,89,92,-3,3
19130,159,154,5,5
19131,44,50,-6,6
19132,116,121,-5,5
19133,79,78,1,1
19134,82,74,8,8
19135,77,77,0,0
19136,124,116,8,8
19137,97,101,-4,4
19138,62,70,-8,8
19139,65,69,-4,4
19140,78,71,7,7
19141,105,106,-1,1
19142,107,115,-8,8
19143,60,64,-4,4
19144,63,59,4,4
19145,71,72,-1,1
19146,122,126,-4,4
19147,76,74,2,2
19148,137,141,-4,4
19149,89,90,-1,1
19150,87,94,-7,7
19151,147,148,-1,1
19152,121,137,-16,16
19153,91,81,10,10
19154,62,59,3,3
19155,77,86,-9,9
19156,95,92,3,3
19157,71,72,-1,1
19158,129,141,-12,12
19159,114,115,-1,1
19160,196,185,11,11
19161,113,115,-2,2
19162,122,112,10,10
19163,120,111,9,9
19164,104,118,-14,14
19165,99,97,2,2
19166,80,81,-1,1
19167,69,77,-8,8
19168,100,107,-7,7
19169,63,65,-2,2
19170,145,136,9,9
19171,55,53,2,2
19172,91,88,3,3
19173,148,143,5,5
19174,75,68,7,7
19175,106,106,0,0
19176,179,168,11,11
19177,86,96,-10,10
19178,72,73,-1,1
19179,127,132,-5,5
19180,68,63,5,5
19181,69,86,-17,17
19182,136,141,-5,5
19183,91,90,1,1
19184,102,107,-5,5
19185,128,119,9,9
19186,94,90,4,4
19187,105,102,3,3
19188,146,141,5,5
19189,72,65,7,7
19190,105,101,4,4
19191,137,132,5,5
19192,169,164,5,5
19193,130,158,-28,28
19194,126,127,-1,1
19195,125,120,5,5
19196,102,104,-2,2
19197,74,71,3,3
19198,74,84,-10,10
19199,97,96,1,1
19200,113,114,-1,1
19201,54,57,-3,3
19202,127,112,15,15
19203,73,80,-7,7
19204,145,152,-7,7
19205,117,112,5,5
19206,123,123,0,0
19207,188,169,19,19
19208,75,86,-11,11
19209,76,85,-9,9
19210,45,53,-8,8
19211,86,84,2,2
19212,74,77,-3,3
19213,103,116,-13,13
19214,140,127,13,13
19215,95,95,0,0
19216,102,107,-5,5
19217,34,49,-15,15
19218,101,95,6,6
19219,62,73,-11,11
19220,81,91,-10,10
19221,84,85,-1,1
19222,114,128,-14,14
19223,90,82,8,8
19224,66,96,-30,30
19225,98,98,0,0
19226,68,74,-6,6
19227,115,110,5,5
19228,101,74,27,27
19229,137,125,12,12
19230,125,125,0,0
19231,84,87,-3,3
19232,43,59,-16,16
19233,99,92,7,7
19234,126,130,-4,4
19235,97,96,1,1
19236,105,94,11,11
19237,74,78,-4,4
19238,108,107,1,1
19239,70,69,1,1
19240,49,53,-4,4
19241,133,132,1,1
19242,105,98,7,7
19243,147,151,-4,4
19244,98,96,2,2
19245,124,117,7,7
19246,73,75,-2,2
19247,78,76,2,2
19248,106,111,-5,5
19249,63,59,4,4
19250,87,92,-5,5
19251,80,74,6,6
19252,101,96,5,5
19253,80,80,0,0
19254,107,94,13,13
19255,65,72,-7,7
19256,62,59,3,3
19257,124,128,-4,4
19258,37,48,-11,11
19259,109,108,1,1
19260,48,60,-12,12
19261,152,141,11,11
19262,163,162,1,1
19263,126,124,2,2
19264,62,87,-25,25
19265,128,137,-9,9
19266,104,102,2,2
19267,110,127,-17,17
19268,79,84,-5,5
19269,79,81,-2,2
19270,145,140,5,5
19271,74,81,-7,7
19272,59,62,-3,3
19273,107,106,1,1
19274,88,94,-6,6
19275,47,73,-26,26
19276,111,116,-5,5
19277,108,101,7,7
19278,133,123,10,10
19279,155,162,-7,7
19280,85,83,2,2
19281,135,125,10,10
19282,104,100,4,4
19283,149,156,-7,7
19284,78,77,1,1
19285,76,75,1,1
19286,96,101,-5,5
19287,130,121,9,9
19288,90,86,4,4
19289,55,78,-23,23
19290,123,131,-8,8
19291,65,62,3,3
19292,69,68,1,1
19293,50,58,-8,8
19294,51,61,-10,10
19295,81,74,7,7
19296,108,108,0,0
19297,81,82,-1,1
19298,42,50,-8,8
19299,141,120,21,21
19300,66,72,-6,6
19301,103,99,4,4
19302,147,141,6,6
19303,105,89,16,16
19304,136,117,19,19
19305,58,60,-2,2
19306,108,92,16,16
19307,63,60,3,3
19308,116,119,-3,3
19309,147,138,9,9
19310,73,70,3,3
19311,92,92,0,0
19312,63,62,1,1
19313,98,99,-1,1
19314,153,151,2,2
19315,98,96,2,2
19316,68,72,-4,4
19317,70,58,12,12
19318,69,131,-62,62
19319,68,64,4,4
19320,66,65,1,1
19321,83,79,4,4
19322,113,106,7,7
19323,123,109,14,14
19324,39,54,-15,15
19325,127,114,13,13
19326,119,122,-3,3
19327,80,78,2,2
19328,202,223,-21,21
19329,71,78,-7,7
19330,49,53,-4,4
19331,73,83,-10,10
19332,90,100,-10,10
19333,86,85,1,1
19334,71,81,-10,10
19335,62,67,-5,5
19336,89,84,5,5
19337,205,189,16,16
19338,157,128,29,29
19339,95,107,-12,12
19340,54,62,-8,8
19341,86,83,3,3
19342,105,108,-3,3
19343,51,59,-8,8
19344,56,61,-5,5
19345,142,146,-4,4
19346,151,142,9,9
19347,72,69,3,3
19348,71,82,-11,11
19349,73,69,4,4
19350,58,62,-4,4
19351,175,198,-23,23
19352,132,128,4,4
19353,102,103,-1,1
19354,115,115,0,0
19355,92,100,-8,8
19356,77,79,-2,2
19357,113,111,2,2
19358,103,109,-6,6
19359,147,161,-14,14
19360,93,113,-20,20
19361,105,109,-4,4
19362,95,90,5,5
19363,158,151,7,7
19364,117,117,0,0
19365,113,120,-7,7
19366,84,75,9,9
19367,64,70,-6,6
19368,98,99,-1,1
19369,91,98,-7,7
19370,106,93,13,13
19371,57,62,-5,5
19372,130,130,0,0
19373,67,78,-11,11
19374,60,60,0,0
19375,80,75,5,5
19376,109,110,-1,1
19377,56,82,-26,26
19378,61,70,-9,9
19379,162,159,3,3
19380,105,102,3,3
19381,118,113,5,5
19382,88,84,4,4
19383,61,55,6,6
19384,101,97,4,4
19385,130,138,-8,8
19386,116,107,9,9
19387,66,76,-10,10
19388,67,69,-2,2
19389,68,74,-6,6
19390,54,54,0,0
19391,76,81,-5,5
19392,91,91,0,0
19393,48,52,-4,4
19394,108,108,0,0
19395,50,53,-3,3
19396,121,133,-12,12
19397,55,55,0,0
19398,99,91,8,8
19399,109,111,-2,2
19400,129,123,6,6
19401,59,56,3,3
19402,193,186,7,7
19403,115,112,3,3
19404,168,170,-2,2
19405,109,108,1,1
19406,79,89,-10,10
19407,69,68,1,1
19408,124,127,-3,3
19409,86,98,-12,12
19410,108,104,4,4
19411,57,59,-2,2
19412,69,60,9,9
19413,73,75,-2,2
19414,93,102,-9,9
19415,108,102,6,6
19416,47,51,-4,4
19417,96,92,4,4
19418,136,146,-10,10
19419,62,55,7,7
19420,35,55,-20,20
19421,168,177,-9,9
19422,72,63,9,9
19423,53,53,0,0
19424,181,172,9,9
19425,106,101,5,5
19426,110,120,-10,10
19427,71,76,-5,5
19428,81,88,-7,7
19429,66,70,-4,4
19430,96,103,-7,7
19431,94,87,7,7
19432,101,88,13,13
19433,56,57,-1,1
19434,161,149,12,12
19435,120,112,8,8
19436,90,90,0,0
19437,74,78,-4,4
19438,119,114,5,5
19439,120,119,1,1
19440,116,141,-25,25
19441,72,71,1,1
19442,100,92,8,8
19443,72,68,4,4
19444,152,152,0,0
19445,65,75,-10,10
19446,84,79,5,5
19447,100,100,0,0
19448,116,104,12,12
19449,88,90,-2,2
19450,94,104,-10,10
19451,76,76,0,0
19452,70,78,-8,8
19453,72,86,-14,14
19454,114,113,1,1
19455,95,97,-2,2
19456,88,82,6,6
19457,103,119,-16,16
19458,82,82,0,0
19459,66,74,-8,8
19460,126,114,12,12
19461,215,220,-5,5
19462,127,125,2,2
19463,71,71,0,0
19464,106,92,14,14
19465,125,127,-2,2
19466,98,91,7,7
19467,80,94,-14,14
19468,76,80,-4,4
19469,126,126,0,0
19470,45,51,-6,6
19471,98,96,2,2
19472,75,73,2,2
19473,76,69,7,7
19474,103,105,-2,2
19475,149,140,9,9
19476,110,112,-2,2
19477,71,73,-2,2
19478,121,132,-11,11
19479,86,87,-1,1
19480,44,57,-13,13
19481,126,127,-1,1
19482,145,132,13,13
19483,94,104,-10,10
19484,49,59,-10,10
19485,99,95,4,4
19486,75,85,-10,10
19487,77,94,-17,17
19488,65,70,-5,5
19489,117,115,2,2
19490,87,84,3,3
19491,87,98,-11,11
19492,138,140,-2,2
19493,66,68,-2,2
19494,100,84,16,16
19495,107,100,7,7
19496,82,107,-25,25
19497,76,84,-8,8
19498,67,75,-8,8
19499,40,53,-13,13
19500,88,95,-7,7
19501,184,171,13,13
19502,92,80,12,12
19503,134,139,-5,5
19504,105,106,-1,1
19505,112,115,-3,3
19506,70,72,-2,2
19507,70,73,-3,3
19508,57,63,-6,6
19509,120,118,2,2
19510,98,103,-5,5
19511,115,109,6,6
19512,84,96,-12,12
19513,97,92,5,5
19514,85,85,0,0
19515,67,72,-5,5
19516,93,85,8,8
19517,123,120,3,3
19518,52,100,-48,48
19519,113,108,5,5
19520,63,64,-1,1
19521,97,92,5,5
19522,103,99,4,4
19523,91,98,-7,7
19524,74,76,-2,2
19525,110,118,-8,8
19526,162,154,8,8
19527,98,98,0,0
19528,103,98,5,5
19529,96,108,-12,12
19530,35,58,-23,23
19531,85,91,-6,6
19532,69,71,-2,2
19533,80,73,7,7
19534,60,59,1,1
19535,87,101,-14,14
19536,77,76,1,1
19537,139,136,3,3
19538,51,58,-7,7
19539,122,113,9,9
19540,125,117,8,8
19541,63,63,0,0
19542,125,117,8,8
19543,85,97,-12,12
19544,112,114,-2,2
19545,58,62,-4,4
19546,104,103,1,1
19547,120,114,6,6
19548,43,51,-8,8
19549,90,102,-12,12
19550,29,48,-19,19
19551,92,82,10,10
19552,99,82,17,17
19553,55,59,-4,4
19554,66,62,4,4
19555,78,80,-2,2
19556,67,63,4,4
19557,91,78,13,13
19558,143,130,13,13
19559,86,94,-8,8
19560,57,74,-17,17
19561,96,86,10,10
19562,101,113,-12,12
19563,58,55,3,3
19564,113,105,8,8
19565,44,47,-3,3
19566,140,122,18,18
19567,150,151,-1,1
19568,117,124,-7,7
19569,86,89,-3,3
19570,99,92,7,7
19571,114,106,8,8
19572,81,78,3,3
19573,64,59,5,5
19574,132,137,-5,5
19575,82,83,-1,1
19576,141,136,5,5
19577,68,81,-13,13
19578,137,131,6,6
19579,75,71,4,4
19580,71,70,1,1
19581,59,92,-33,33
19582,45,49,-4,4
19583,70,66,4,4
19584,107,106,1,1
19585,59,60,-1,1
19586,41,51,-10,10
19587,65,73,-8,8
19588,50,55,-5,5
19589,88,90,-2,2
19590,114,115,-1,1
19591,64,60,4,4
19592,154,155,-1,1
19593,64,70,-6,6
19594,46,64,-18,18
19595,120,119,1,1
19596,80,81,-1,1
19597,52,54,-2,2
19598,88,108,-20,20
19599,65,89,-24,24
19600,49,55,-6,6
19601,82,92,-10,10
19602,108,116,-8,8
19603,59,66,-7,7
19604,68,72,-4,4
19605,99,89,10,10
19606,100,100,0,0
19607,100,91,9,9
19608,156,153,3,3
19609,91,95,-4,4
19610,152,150,2,2
19611,125,115,10,10
19612,60,64,-4,4
19613,43,54,-11,11
19614,48,57,-9,9
19615,94,100,-6,6
19616,70,66,4,4
19617,52,55,-3,3
19618,70,74,-4,4
19619,154,142,12,12
19620,133,136,-3,3
19621,72,72,0,0
19622,79,88,-9,9
19623,111,117,-6,6
19624,72,73,-1,1
19625,147,152,-5,5
19626,94,91,3,3
19627,41,51,-10,10
19628,79,88,-9,9
19629,61,60,1,1
19630,68,74,-6,6
19631,70,68,2,2
19632,80,86,-6,6
19633,58,64,-6,6
19634,45,50,-5,5
19635,187,171,16,16
19636,84,84,0,0
19637,76,77,-1,1
19638,154,147,7,7
19639,139,130,9,9
19640,173,167,6,6
19641,75,66,9,9
19642,148,142,6,6
19643,174,168,6,6
19644,100,108,-8,8
19645,29,48,-19,19
19646,102,92,10,10
19647,67,72,-5,5
19648,51,54,-3,3
19649,133,113,20,20
19650,36,49,-13,13
19651,66,64,2,2
19652,65,60,5,5
19653,73,79,-6,6
19654,151,137,14,14
19655,87,84,3,3
19656,138,145,-7,7
19657,65,64,1,1
19658,97,94,3,3
19659,84,85,-1,1
19660,171,168,3,3
19661,110,107,3,3
19662,120,114,6,6
19663,99,94,5,5
19664,135,149,-14,14
19665,90,87,3,3
19666,70,66,4,4
19667,99,104,-5,5
19668,58,58,0,0
19669,109,135,-26,26
19670,77,77,0,0
19671,74,72,2,2
19672,134,138,-4,4
19673,130,115,15,15
19674,65,64,1,1
19675,109,105,4,4
19676,75,81,-6,6
19677,125,126,-1,1
19678,99,97,2,2
19679,147,147,0,0
19680,160,150,10,10
19681,49,51,-2,2
19682,62,68,-6,6
19683,332,324,8,8
19684,127,123,4,4
19685,34,48,-14,14
19686,145,142,3,3
19687,108,104,4,4
19688,66,70,-4,4
19689,65,71,-6,6
19690,157,146,11,11
19691,89,84,5,5
19692,97,106,-9,9
19693,116,113,3,3
19694,102,102,0,0
19695,118,127,-9,9
19696,161,159,2,2
19697,97,100,-3,3
19698,40,46,-6,6
19699,63,62,1,1
19700,70,79,-9,9
19701,83,79,4,4
19702,100,103,-3,3
19703,76,73,3,3
19704,105,104,1,1
19705,72,85,-13,13
19706,69,84,-15,15
19707,136,143,-7,7
19708,126,111,15,15
19709,130,138,-8,8
19710,116,119,-3,3
19711,87,85,2,2
19712,100,105,-5,5
19713,100,96,4,4
19714,55,58,-3,3
19715,92,92,0,0
19716,101,97,4,4
19717,149,154,-5,5
19718,98,86,12,12
19719,89,90,-1,1
19720,40,73,-33,33
19721,91,85,6,6
19722,103,105,-2,2
19723,88,82,6,6
19724,76,90,-14,14
19725,43,54,-11,11
19726,60,65,-5,5
19727,165,156,9,9
19728,148,155,-7,7
19729,114,114,0,0
19730,97,86,11,11
19731,141,147,-6,6
19732,82,92,-10,10
19733,89,90,-1,1
19734,141,143,-2,2
19735,31,53,-22,22
19736,87,98,-11,11
19737,83,88,-5,5
19738,64,70,-6,6
19739,68,75,-7,7
19740,75,70,5,5
19741,102,103,-1,1
19742,54,60,-6,6
19743,108,113,-5,5
19744,104,91,13,13
19745,132,136,-4,4
19746,77,73,4,4
19747,130,130,0,0
19748,46,54,-8,8
19749,83,81,2,2
19750,79,90,-11,11
19751,180,163,17,17
19752,118,127,-9,9
19753,105,116,-11,11
19754,93,95,-2,2
19755,81,75,6,6
19756,61,66,-5,5
19757,142,142,0,0
19758,93,97,-4,4
19759,100,101,-1,1
19760,146,135,11,11
19761,64,69,-5,5
19762,116,114,2,2
19763,55,70,-15,15
19764,55,62,-7,7
19765,86,98,-12,12
19766,90,88,2,2
19767,146,145,1,1
19768,55,53,2,2
19769,76,76,0,0
19770,48,56,-8,8
19771,84,72,12,12
19772,62,59,3,3
19773,93,89,4,4
19774,104,101,3,3
19775,108,111,-3,3
19776,83,89,-6,6
19777,57,59,-2,2
19778,76,75,1,1
19779,100,129,-29,29
19780,96,97,-1,1
19781,124,94,30,30
19782,55,68,-13,13
19783,61,61,0,0
19784,104,100,4,4
19785,70,73,-3,3
19786,94,88,6,6
19787,64,68,-4,4
19788,113,118,-5,5
19789,92,95,-3,3
19790,136,144,-8,8
19791,115,108,7,7
19792,103,113,-10,10
19793,84,85,-1,1
19794,60,62,-2,2
19795,83,115,-32,32
19796,127,128,-1,1
19797,137,129,8,8
19798,64,55,9,9
19799,180,175,5,5
19800,144,135,9,9
19801,82,77,5,5
19802,89,80,9,9
19803,122,136,-14,14
19804,85,87,-2,2
19805,127,118,9,9
19806,86,80,6,6
19807,81,88,-7,7
19808,102,92,10,10
19809,104,78,26,26
19810,47,54,-7,7
19811,163,145,18,18
19812,102,101,1,1
19813,152,138,14,14
19814,139,131,8,8
19815,88,77,11,11
19816,57,56,1,1
19817,79,76,3,3
19818,60,56,4,4
19819,104,96,8,8
19820,92,88,4,4
19821,74,72,2,2
19822,94,88,6,6
19823,102,109,-7,7
19824,109,105,4,4
19825,86,83,3,3
19826,85,78,7,7
19827,86,78,8,8
19828,158,144,14,14
19829,78,77,1,1
19830,72,68,4,4
19831,127,125,2,2
19832,81,82,-1,1
19833,99,100,-1,1
19834,64,70,-6,6
19835,137,143,-6,6
19836,99,104,-5,5
19837,74,79,-5,5
19838,80,86,-6,6
19839,99,113,-14,14
19840,95,100,-5,5
19841,48,52,-4,4
19842,77,76,1,1
19843,88,97,-9,9
19844,99,97,2,2
19845,87,78,9,9
19846,75,79,-4,4
19847,103,106,-3,3
19848,190,187,3,3
19849,88,81,7,7
19850,85,86,-1,1
19851,59,52,7,7
19852,63,82,-19,19
19853,85,86,-1,1
19854,67,87,-20,20
19855,76,86,-10,10
19856,115,115,0,0
19857,62,62,0,0
19858,61,67,-6,6
19859,147,147,0,0
19860,153,146,7,7
19861,68,61,7,7
19862,106,113,-7,7
19863,79,80,-1,1
19864,165,156,9,9
19865,63,62,1,1
19866,106,109,-3,3
19867,74,80,-6,6
19868,135,132,3,3
19869,76,81,-5,5
19870,113,122,-9,9
19871,77,79,-2,2
19872,67,72,-5,5
19873,93,110,-17,17
19874,170,164,6,6
19875,77,84,-7,7
19876,88,84,4,4
19877,103,99,4,4
19878,85,87,-2,2
19879,82,73,9,9
19880,70,77,-7,7
19881,94,107,-13,13
19882,44,53,-9,9
19883,103,94,9,9
19884,99,100,-1,1
19885,67,63,4,4
19886,56,64,-8,8
19887,94,96,-2,2
19888,77,78,-1,1
19889,68,67,1,1
19890,125,116,9,9
19891,110,110,0,0
19892,102,88,14,14
19893,57,51,6,6
19894,68,85,-17,17
19895,75,78,-3,3
19896,101,97,4,4
19897,57,57,0,0
19898,93,108,-15,15
19899,52,62,-10,10
19900,57,60,-3,3
19901,123,112,11,11
19902,111,118,-7,7
19903,62,65,-3,3
19904,89,101,-12,12
19905,114,108,6,6
19906,45,54,-9,9
19907,79,77,2,2
19908,134,125,9,9
19909,101,96,5,5
19910,92,89,3,3
19911,74,73,1,1
19912,95,93,2,2
19913,49,57,-8,8
19914,86,80,6,6
19915,50,66,-16,16
19916,55,56,-1,1
19917,49,47,2,2
19918,87,92,-5,5
19919,59,67,-8,8
19920,108,112,-4,4
19921,88,94,-6,6
19922,118,128,-10,10
19923,108,102,6,6
19924,38,72,-34,34
19925,94,88,6,6
19926,35,56,-21,21
19927,114,118,-4,4
19928,124,114,10,10
19929,108,116,-8,8
19930,129,143,-14,14
19931,69,71,-2,2
19932,108,117,-9,9
19933,66,70,-4,4
19934,62,62,0,0
19935,107,112,-5,5
19936,65,63,2,2
19937,169,149,20,20
19938,115,110,5,5
19939,116,116,0,0
19940,87,89,-2,2
19941,62,62,0,0
19942,128,121,7,7
19943,126,133,-7,7
19944,139,143,-4,4
19945,217,198,19,19
19946,147,153,-6,6
19947,117,110,7,7
19948,181,183,-2,2
19949,101,128,-27,27
19950,66,74,-8,8
19951,77,73,4,4
19952,110,111,-1,1
19953,186,184,2,2
19954,60,60,0,0
19955,68,69,-1,1
19956,125,126,-1,1
19957,52,52,0,0
19958,75,75,0,0
19959,109,112,-3,3
19960,44,59,-15,15
19961,123,129,-6,6
19962,123,116,7,7
19963,69,67,2,2
19964,51,58,-7,7
19965,148,135,13,13
19966,104,94,10,10
19967,64,66,-2,2
19968,82,92,-10,10
19969,82,77,5,5
19970,135,140,-5,5
19971,54,59,-5,5
19972,88,77,11,11
19973,88,80,8,8
19974,102,101,1,1
19975,45,51,-6,6
19976,85,84,1,1
19977,117,103,14,14
19978,124,116,8,8
19979,60,62,-2,2
19980,40,62,-22,22
19981,133,131,2,2
19982,101,106,-5,5
19983,80,79,1,1
19984,90,111,-21,21
19985,85,87,-2,2
19986,68,70,-2,2
19987,150,152,-2,2
19988,86,76,10,10
19989,105,113,-8,8
19990,45,51,-6,6
19991,149,163,-14,14
19992,74,77,-3,3
19993,40,59,-19,19
19994,75,81,-6,6
19995,47,60,-13,13
19996,70,74,-4,4
19997,56,57,-1,1
19998,46,49,-3,3
19999,98,101,-3,3
20000,107,102,5,5
20001,121,112,9,9
20002,192,190,2,2
20003,50,56,-6,6
20004,62,78,-16,16
20005,93,92,1,1
20006,96,87,9,9
20007,72,72,0,0
20008,134,140,-6,6
20009,98,99,-1,1
20010,159,145,14,14
20011,115,111,4,4
20012,54,56,-2,2
20013,60,61,-1,1
20014,80,78,2,2
20015,103,104,-1,1
20016,89,84,5,5
20017,118,120,-2,2
20018,109,105,4,4
20019,65,73,-8,8
20020,62,69,-7,7
20021,100,97,3,3
20022,127,136,-9,9
20023,54,58,-4,4
20024,113,105,8,8
20025,122,117,5,5
20026,140,127,13,13
20027,71,65,6,6
20028,86,91,-5,5
20029,94,101,-7,7
20030,124,119,5,5
20031,59,64,-5,5
20032,115,108,7,7
20033,61,64,-3,3
20034,65,56,9,9
20035,79,80,-1,1
20036,122,112,10,10
20037,97,103,-6,6
20038,64,73,-9,9
20039,107,100,7,7
20040,109,109,0,0
20041,70,68,2,2
20042,63,62,1,1
20043,104,103,1,1
20044,88,77,11,11
20045,91,90,1,1
20046,136,141,-5,5
20047,67,65,2,2
20048,65,61,4,4
20049,97,97,0,0
20050,114,121,-7,7
20051,122,135,-13,13
20052,76,69,7,7
20053,96,100,-4,4
20054,90,81,9,9
20055,68,67,1,1
20056,78,82,-4,4
20057,158,143,15,15
20058,77,80,-3,3
20059,65,63,2,2
20060,126,119,7,7
20061,102,94,8,8
20062,96,89,7,7
20063,120,131,-11,11
20064,44,52,-8,8
20065,68,72,-4,4
20066,170,171,-1,1
20067,40,50,-10,10
20068,43,53,-10,10
20069,95,87,8,8
20070,114,105,9,9
20071,60,63,-3,3
20072,35,51,-16,16
20073,70,67,3,3
20074,126,123,3,3
20075,68,68,0,0
20076,137,146,-9,9
20077,154,129,25,25
20078,139,140,-1,1
20079,103,102,1,1
20080,82,72,10,10
20081,94,104,-10,10
20082,136,130,6,6
20083,81,72,9,9
20084,51,58,-7,7
20085,126,126,0,0
20086,89,123,-34,34
20087,88,93,-5,5
20088,77,66,11,11
20089,83,86,-3,3
20090,77,69,8,8
20091,84,85,-1,1
20092,82,73,9,9
20093,65,66,-1,1
20094,113,104,9,9
20095,78,87,-9,9
20096,54,56,-2,2
20097,94,104,-10,10
20098,59,67,-8,8
20099,117,125,-8,8
20100,78,64,14,14
20101,48,48,0,0
20102,54,67,-13,13
20103,99,103,-4,4
20104,71,66,5,5
20105,136,132,4,4
20106,45,50,-5,5
20107,84,88,-4,4
20108,82,85,-3,3
20109,45,53,-8,8
20110,125,104,21,21
20111,50,53,-3,3
20112,71,75,-4,4
20113,89,83,6,6
20114,61,66,-5,5
20115,105,98,7,7
20116,143,143,0,0
20117,185,167,18,18
20118,48,49,-1,1
20119,98,100,-2,2
20120,38,47,-9,9
20121,92,87,5,5
20122,139,136,3,3
20123,99,90,9,9
20124,106,105,1,1
20125,60,75,-15,15
20126,96,79,17,17
20127,138,149,-11,11
20128,83,85,-2,2
20129,152,123,29,29
20130,115,117,-2,2
20131,84,91,-7,7
20132,133,129,4,4
20133,128,126,2,2
20134,78,78,0,0
20135,93,94,-1,1
20136,105,103,2,2
20137,90,93,-3,3
20138,205,178,27,27
20139,80,80,0,0
20140,80,80,0,0
20141,118,102,16,16
20142,60,71,-11,11
20143,101,100,1,1
20144,95,90,5,5
20145,130,143,-13,13
20146,113,106,7,7
20147,79,90,-11,11
20148,88,87,1,1
20149,109,105,4,4
20150,98,86,12,12
20151,70,68,2,2
20152,92,85,7,7
20153,157,169,-12,12
20154,44,50,-6,6
20155,95,87,8,8
20156,87,79,8,8
20157,109,97,12,12
20158,111,114,-3,3
20159,86,79,7,7
20160,149,154,-5,5
20161,111,105,6,6
20162,45,51,-6,6
20163,150,150,0,0
20164,89,80,9,9
20165,67,78,-11,11
20166,87,88,-1,1
20167,150,141,9,9
20168,124,107,17,17
20169,96,94,2,2
20170,125,129,-4,4
20171,116,131,-15,15
20172,80,76,4,4
20173,156,138,18,18
20174,159,164,-5,5
20175,108,105,3,3
20176,90,88,2,2
20177,117,110,7,7
20178,139,130,9,9
20179,87,87,0,0
20180,79,71,8,8
20181,103,104,-1,1
20182,157,142,15,15
20183,159,174,-15,15
20184,46,79,-33,33
20185,84,85,-1,1
20186,62,69,-7,7
20187,99,104,-5,5
20188,62,64,-2,2
20189,87,103,-16,16
20190,186,182,4,4
20191,104,96,8,8
20192,83,81,2,2
20193,82,78,4,4
20194,82,81,1,1
20195,116,120,-4,4
20196,48,51,-3,3
20197,72,80,-8,8
20198,81,79,2,2
20199,89,95,-6,6
20200,66,67,-1,1
20201,99,98,1,1
20202,97,94,3,3
20203,83,82,1,1
20204,57,55,2,2
20205,95,95,0,0
20206,81,81,0,0
20207,77,87,-10,10
20208,65,67,-2,2
20209,109,106,3,3
20210,58,61,-3,3
20211,38,53,-15,15
20212,109,108,1,1
20213,128,125,3,3
20214,68,64,4,4
20215,134,135,-1,1
20216,80,84,-4,4
20217,197,187,10,10
20218,105,107,-2,2
20219,78,78,0,0
20220,99,120,-21,21
20221,88,85,3,3
20222,105,101,4,4
20223,63,75,-12,12
20224,76,102,-26,26
20225,80,82,-2,2
20226,68,76,-8,8
20227,97,100,-3,3
20228,107,102,5,5
20229,96,80,16,16
20230,120,130,-10,10
20231,110,103,7,7
20232,67,70,-3,3
20233,154,141,13,13
20234,133,123,10,10
20235,98,89,9,9
20236,93,92,1,1
20237,93,94,-1,1
20238,95,100,-5,5
20239,96,95,1,1
20240,66,70,-4,4
20241,54,55,-1,1
20242,89,86,3,3
20243,165,155,10,10
20244,189,178,11,11
20245,62,68,-6,6
20246,49,54,-5,5
20247,59,57,2,2
20248,82,78,4,4
20249,75,78,-3,3
20250,121,114,7,7
20251,116,107,9,9
20252,185,185,0,0
20253,139,138,1,1
20254,73,78,-5,5
20255,147,147,0,0
20256,109,119,-10,10
20257,119,117,2,2
20258,83,77,6,6
20259,122,129,-7,7
20260,84,91,-7,7
20261,130,126,4,4
20262,137,147,-10,10
20263,96,99,-3,3
20264,81,80,1,1
20265,123,117,6,6
20266,83,72,11,11
20267,104,100,4,4
20268,121,107,14,14
20269,130,126,4,4
20270,104,103,1,1
20271,107,97,10,10
20272,121,111,10,10
20273,76,78,-2,2
20274,59,61,-2,2
20275,127,132,-5,5
20276,179,190,-11,11
20277,70,74,-4,4
20278,83,84,-1,1
20279,83,87,-4,4
20280,52,69,-17,17
20281,58,67,-9,9
20282,116,122,-6,6
20283,57,64,-7,7
20284,107,105,2,2
20285,164,164,0,0
20286,110,103,7,7
20287,101,99,2,2
20288,159,153,6,6
20289,103,114,-11,11
20290,133,141,-8,8
20291,59,78,-19,19
20292,93,108,-15,15
20293,129,122,7,7
20294,49,66,-17,17
20295,98,96,2,2
20296,100,95,5,5
20297,131,134,-3,3
20298,140,146,-6,6
20299,87,89,-2,2
20300,138,131,7,7
20301,145,148,-3,3
20302,124,122,2,2
20303,111,111,0,0
20304,128,122,6,6
20305,83,73,10,10
20306,90,100,-10,10
20307,96,95,1,1
20308,160,158,2,2
20309,75,79,-4,4
20310,83,90,-7,7
20311,115,111,4,4
20312,78,86,-8,8
20313,91,91,0,0
20314,60,60,0,0
20315,92,90,2,2
20316,107,94,13,13
20317,94,104,-10,10
20318,75,107,-32,32
20319,60,63,-3,3
20320,58,70,-12,12
20321,103,104,-1,1
20322,68,67,1,1
20323,141,130,11,11
20324,89,95,-6,6
20325,172,157,15,15
20326,147,149,-2,2
20327,94,84,10,10
20328,128,127,1,1
20329,76,76,0,0
20330,97,89,8,8
20331,110,110,0,0
20332,89,90,-1,1
20333,72,64,8,8
20334,104,111,-7,7
20335,82,100,-18,18
20336,87,85,2,2
20337,96,84,12,12
20338,94,109,-15,15
20339,158,156,2,2
20340,102,103,-1,1
20341,62,69,-7,7
20342,53,61,-8,8
20343,98,95,3,3
20344,96,92,4,4
20345,79,86,-7,7
20346,131,120,11,11
20347,44,52,-8,8
20348,102,93,9,9
20349,69,73,-4,4
20350,106,113,-7,7
20351,128,137,-9,9
20352,49,59,-10,10
20353,123,114,9,9
20354,191,171,20,20
20355,116,105,11,11
20356,127,122,5,5
20357,42,48,-6,6
20358,124,101,23,23
20359,92,101,-9,9
20360,143,131,12,12
20361,68,69,-1,1
20362,111,108,3,3
20363,120,135,-15,15
20364,93,86,7,7
20365,46,56,-10,10
20366,116,115,1,1
20367,84,82,2,2
20368,39,50,-11,11
20369,70,62,8,8
20370,59,69,-10,10
20371,107,128,-21,21
20372,59,56,3,3
20373,115,110,5,5
20374,92,104,-12,12
20375,105,118,-13,13
20376,110,100,10,10
20377,60,57,3,3
20378,119,107,12,12
20379,106,116,-10,10
20380,90,90,0,0
20381,63,69,-6,6
20382,103,98,5,5
20383,105,113,-8,8
20384,98,102,-4,4
20385,48,55,-7,7
20386,110,139,-29,29
20387,119,105,14,14
20388,86,92,-6,6
20389,82,100,-18,18
20390,65,65,0,0
20391,89,87,2,2
20392,118,123,-5,5
20393,146,135,11,11
20394,65,72,-7,7
20395,125,125,0,0
20396,87,87,0,0
20397,89,97,-8,8
20398,75,73,2,2
20399,87,84,3,3
20400,130,133,-3,3
20401,51,53,-2,2
20402,129,133,-4,4
20403,81,79,2,2
20404,80,76,4,4
20405,66,72,-6,6
20406,47,55,-8,8
20407,103,109,-6,6
20408,77,90,-13,13
20409,60,73,-13,13
20410,133,132,1,1
20411,66,66,0,0
20412,161,152,9,9
20413,101,112,-11,11
20414,80,84,-4,4
20415,124,130,-6,6
20416,140,132,8,8
20417,120,110,10,10
20418,141,132,9,9
20419,90,90,0,0
20420,54,59,-5,5
20421,63,61,2,2
20422,115,119,-4,4
20423,59,72,-13,13
20424,68,73,-5,5
20425,51,57,-6,6
20426,56,61,-5,5
20427,69,80,-11,11
20428,71,71,0,0
20429,103,108,-5,5
20430,94,100,-6,6
20431,157,171,-14,14
20432,122,116,6,6
20433,111,112,-1,1
20434,120,132,-12,12
20435,103,94,9,9
20436,62,70,-8,8
20437,130,133,-3,3
20438,81,78,3,3
20439,166,149,17,17
20440,79,85,-6,6
20441,90,93,-3,3
20442,91,95,-4,4
20443,44,56,-12,12
20444,87,94,-7,7
20445,117,116,1,1
20446,101,110,-9,9
20447,106,116,-10,10
20448,102,94,8,8
20449,74,72,2,2
20450,175,165,10,10
20451,71,84,-13,13
20452,122,118,4,4
20453,165,162,3,3
20454,134,126,8,8
20455,192,167,25,25
20456,80,69,11,11
20457,65,62,3,3
20458,105,112,-7,7
20459,121,115,6,6
20460,84,87,-3,3
20461,106,112,-6,6
20462,91,86,5,5
20463,174,180,-6,6
20464,64,59,5,5
20465,58,61,-3,3
20466,76,65,11,11
20467,70,74,-4,4
20468,143,141,2,2
20469,92,90,2,2
20470,94,96,-2,2
20471,95,88,7,7
20472,119,113,6,6
20473,101,92,9,9
20474,110,108,2,2
20475,144,158,-14,14
20476,129,144,-15,15
20477,79,75,4,4
20478,99,104,-5,5
20479,85,81,4,4
20480,142,133,9,9
20481,77,84,-7,7
20482,62,64,-2,2
20483,122,127,-5,5
20484,106,112,-6,6
20485,52,50,2,2
20486,79,86,-7,7
20487,95,85,10,10
20488,77,83,-6,6
20489,89,89,0,0
20490,70,75,-5,5
20491,97,95,2,2
20492,100,108,-8,8
20493,79,72,7,7
20494,138,140,-2,2
20495,123,113,10,10
20496,152,131,21,21
20497,135,134,1,1
20498,83,84,-1,1
20499,118,106,12,12
20500,91,87,4,4
20501,83,83,0,0
20502,77,77,0,0
20503,69,67,2,2
20504,68,72,-4,4
20505,139,135,4,4
20506,171,166,5,5
20507,80,79,1,1
20508,83,78,5,5
20509,108,106,2,2
20510,92,95,-3,3
20511,59,61,-2,2
20512,74,73,1,1
20513,62,61,1,1
20514,138,134,4,4
20515,55,58,-3,3
20516,85,80,5,5
20517,77,75,2,2
20518,39,52,-13,13
20519,65,69,-4,4
20520,109,115,-6,6
20521,91,95,-4,4
20522,74,71,3,3
20523,74,80,-6,6
20524,154,150,4,4
20525,153,146,7,7
20526,40,50,-10,10
20527,110,110,0,0
20528,63,63,0,0
20529,114,110,4,4
20530,114,127,-13,13
20531,62,73,-11,11
20532,81,73,8,8
20533,49,54,-5,5
20534,63,62,1,1
20535,93,90,3,3
20536,76,71,5,5
20537,146,147,-1,1
20538,87,78,9,9
20539,162,152,10,10
20540,91,95,-4,4
20541,107,127,-20,20
20542,82,90,-8,8
20543,97,94,3,3
20544,42,52,-10,10
20545,81,81,0,0
20546,115,113,2,2
20547,120,117,3,3
20548,62,67,-5,5
20549,131,141,-10,10
20550,82,85,-3,3
20551,59,64,-5,5
20552,127,133,-6,6
20553,100,87,13,13
20554,92,87,5,5
20555,55,62,-7,7
20556,111,107,4,4
20557,92,92,0,0
20558,111,115,-4,4
20559,189,165,24,24
20560,93,79,14,14
20561,61,58,3,3
20562,50,49,1,1
20563,62,65,-3,3
20564,46,52,-6,6
20565,145,148,-3,3
20566,82,84,-2,2
20567,83,82,1,1
20568,78,76,2,2
20569,69,68,1,1
20570,117,111,6,6
20571,142,137,5,5
20572,111,114,-3,3
20573,72,69,3,3
20574,95,90,5,5
20575,141,128,13,13
20576,179,175,4,4
20577,85,88,-3,3
20578,286,244,42,42
20579,87,80,7,7
20580,93,93,0,0
20581,87,82,5,5
20582,49,60,-11,11
20583,87,88,-1,1
20584,143,118,25,25
20585,98,110,-12,12
20586,70,69,1,1
20587,112,117,-5,5
20588,53,59,-6,6
20589,55,58,-3,3
20590,88,84,4,4
20591,113,115,-2,2
20592,86,85,1,1
20593,59,66,-7,7
20594,62,62,0,0
20595,71,78,-7,7
20596,102,126,-24,24
20597,69,76,-7,7
20598,117,117,0,0
20599,79,82,-3,3
20600,131,135,-4,4
20601,45,55,-10,10
20602,81,82,-1,1
20603,62,72,-10,10
20604,82,90,-8,8
20605,86,85,1,1
20606,52,53,-1,1
20607,79,81,-2,2
20608,108,101,7,7
20609,62,69,-7,7
20610,94,96,-2,2
20611,74,85,-11,11
20612,136,126,10,10
20613,151,139,12,12
20614,145,156,-11,11
20615,99,96,3,3
20616,169,182,-13,13
20617,69,71,-2,2
20618,54,60,-6,6
20619,93,83,10,10
20620,106,108,-2,2
20621,77,78,-1,1
20622,100,111,-11,11
20623,96,108,-12,12
20624,56,54,2,2
20625,99,92,7,7
20626,115,118,-3,3
20627,90,88,2,2
20628,56,65,-9,9
20629,83,75,8,8
20630,117,110,7,7
20631,75,78,-3,3
20632,88,86,2,2
20633,80,78,2,2
20634,150,131,19,19
20635,126,113,13,13
20636,92,91,1,1
20637,117,114,3,3
20638,75,80,-5,5
20639,92,85,7,7
20640,72,79,-7,7
20641,45,55,-10,10
20642,55,70,-15,15
20643,123,132,-9,9
20644,127,120,7,7
20645,128,134,-6,6
20646,161,158,3,3
20647,130,125,5,5
20648,87,82,5,5
20649,223,182,41,41
20650,79,82,-3,3
20651,155,144,11,11
20652,77,80,-3,3
20653,82,75,7,7
20654,101,107,-6,6
20655,89,95,-6,6
20656,106,109,-3,3
20657,68,62,6,6
20658,98,100,-2,2
20659,102,108,-6,6
20660,88,79,9,9
20661,102,99,3,3
20662,173,159,14,14
20663,52,65,-13,13
20664,114,115,-1,1
20665,85,72,13,13
20666,86,84,2,2
20667,77,75,2,2
20668,81,83,-2,2
20669,89,84,5,5
20670,149,141,8,8
20671,68,72,-4,4
20672,77,74,3,3
20673,83,83,0,0
20674,71,71,0,0
20675,71,73,-2,2
20676,91,97,-6,6
20677,56,69,-13,13
20678,80,86,-6,6
20679,129,122,7,7
20680,95,95,0,0
20681,114,104,10,10
20682,149,139,10,10
20683,74,70,4,4
20684,84,74,10,10
20685,72,67,5,5
20686,119,113,6,6
20687,82,74,8,8
20688,94,118,-24,24
20689,89,100,-11,11
20690,45,50,-5,5
20691,77,67,10,10
20692,169,172,-3,3
20693,100,85,15,15
20694,114,108,6,6
20695,95,91,4,4
20696,97,114,-17,17
20697,224,212,12,12
20698,96,99,-3,3
20699,66,69,-3,3
20700,97,95,2,2
20701,113,111,2,2
20702,107,116,-9,9
20703,59,72,-13,13
20704,148,158,-10,10
20705,66,64,2,2
20706,151,157,-6,6
20707,87,82,5,5
20708,119,109,10,10
20709,63,61,2,2
20710,122,114,8,8
20711,75,74,1,1
20712,142,141,1,1
20713,33,49,-16,16
20714,86,86,0,0
20715,33,45,-12,12
20716,144,123,21,21
20717,124,119,5,5
20718,77,78,-1,1
20719,144,143,1,1
20720,88,94,-6,6
20721,87,93,-6,6
20722,45,49,-4,4
20723,104,92,12,12
20724,70,73,-3,3
20725,87,84,3,3
20726,139,139,0,0
20727,136,138,-2,2
20728,85,78,7,7
20729,106,113,-7,7
20730,134,127,7,7
20731,98,96,2,2
20732,77,81,-4,4
20733,131,134,-3,3
20734,125,149,-24,24
20735,76,76,0,0
20736,110,99,11,11
20737,123,114,9,9
20738,56,52,4,4
20739,62,64,-2,2
20740,59,61,-2,2
20741,96,102,-6,6
20742,107,96,11,11
20743,126,136,-10,10
20744,114,118,-4,4
20745,85,92,-7,7
20746,63,58,5,5
20747,59,75,-16,16
20748,80,74,6,6
20749,93,86,7,7
20750,82,90,-8,8
20751,73,69,4,4
20752,133,125,8,8
20753,145,134,11,11
20754,78,79,-1,1
20755,89,88,1,1
20756,81,82,-1,1
20757,100,101,-1,1
20758,129,140,-11,11
20759,80,82,-2,2
20760,122,117,5,5
20761,26,50,-24,24
20762,151,148,3,3
20763,118,126,-8,8
20764,146,137,9,9
20765,75,74,1,1
20766,80,101,-21,21
20767,52,62,-10,10
20768,128,117,11,11
20769,76,92,-16,16
20770,73,76,-3,3
20771,55,58,-3,3
20772,94,96,-2,2
20773,115,108,7,7
20774,70,71,-1,1
20775,125,115,10,10
20776,50,50,0,0
20777,90,93,-3,3
20778,110,108,2,2
20779,120,126,-6,6
20780,62,65,-3,3
20781,78,90,-12,12
20782,132,133,-1,1
20783,46,48,-2,2
20784,140,152,-12,12
20785,97,93,4,4
20786,53,57,-4,4
20787,93,97,-4,4
20788,145,138,7,7
20789,84,88,-4,4
20790,121,128,-7,7
20791,124,127,-3,3
20792,65,64,1,1
20793,129,140,-11,11
20794,111,110,1,1
20795,81,69,12,12
20796,87,71,16,16
20797,64,69,-5,5
20798,92,88,4,4
20799,74,75,-1,1
20800,78,76,2,2
20801,72,73,-1,1
20802,101,102,-1,1
20803,35,49,-14,14
20804,171,164,7,7
20805,54,61,-7,7
20806,155,168,-13,13
20807,151,152,-1,1
20808,45,54,-9,9
20809,87,86,1,1
20810,115,110,5,5
20811,75,67,8,8
20812,89,92,-3,3
20813,134,126,8,8
20814,65,70,-5,5
20815,51,54,-3,3
20816,33,50,-17,17
20817,85,97,-12,12
20818,114,118,-4,4
20819,120,120,0,0
20820,83,86,-3,3
20821,106,113,-7,7
20822,41,54,-13,13
20823,101,119,-18,18
20824,134,129,5,5
20825,132,133,-1,1
20826,53,63,-10,10
20827,89,84,5,5
20828,120,128,-8,8
20829,106,116,-10,10
20830,165,145,20,20
20831,59,72,-13,13
20832,77,78,-1,1
20833,105,99,6,6
20834,113,115,-2,2
20835,85,87,-2,2
20836,57,61,-4,4
20837,101,111,-10,10
20838,109,106,3,3
20839,129,138,-9,9
20840,75,90,-15,15
20841,143,142,1,1
20842,48,57,-9,9
20843,115,125,-10,10
20844,57,109,-52,52
20845,76,75,1,1
20846,79,77,2,2
20847,107,103,4,4
20848,61,67,-6,6
20849,134,137,-3,3
20850,93,92,1,1
20851,141,144,-3,3
20852,81,73,8,8
20853,65,68,-3,3
20854,148,145,3,3
20855,70,79,-9,9
20856,78,89,-11,11
20857,46,51,-5,5
20858,108,114,-6,6
20859,94,96,-2,2
20860,165,166,-1,1
20861,83,94,-11,11
20862,131,129,2,2
20863,91,85,6,6
20864,86,120,-34,34
20865,99,102,-3,3
20866,111,94,17,17
20867,93,89,4,4
20868,82,63,19,19
20869,60,75,-15,15
20870,89,89,0,0
20871,153,155,-2,2
20872,102,103,-1,1
20873,92,101,-9,9
20874,102,99,3,3
20875,118,126,-8,8
20876,75,70,5,5
20877,176,167,9,9
20878,129,124,5,5
20879,69,82,-13,13
20880,83,78,5,5
20881,124,122,2,2
20882,68,64,4,4
20883,102,101,1,1
20884,63,61,2,2
20885,96,112,-16,16
20886,120,127,-7,7
20887,75,81,-6,6
20888,111,114,-3,3
20889,181,167,14,14
20890,82,82,0,0
20891,132,129,3,3
20892,48,73,-25,25
20893,75,80,-5,5
20894,64,63,1,1
20895,41,49,-8,8
20896,64,79,-15,15
20897,97,97,0,0
20898,77,82,-5,5
20899,91,86,5,5
20900,51,56,-5,5
20901,68,71,-3,3
20902,121,131,-10,10
20903,86,82,4,4
20904,59,65,-6,6
20905,107,111,-4,4
20906,84,94,-10,10
20907,55,57,-2,2
20908,76,91,-15,15
20909,93,85,8,8
20910,40,50,-10,10
20911,118,104,14,14
20912,156,159,-3,3
20913,126,123,3,3
20914,74,75,-1,1
20915,96,99,-3,3
20916,121,124,-3,3
20917,76,68,8,8
20918,122,135,-13,13
20919,89,82,7,7
20920,59,57,2,2
20921,84,72,12,12
20922,83,77,6,6
20923,73,70,3,3
20924,63,61,2,2
20925,64,72,-8,8
20926,125,116,9,9
20927,101,89,12,12
20928,122,134,-12,12
20929,63,63,0,0
20930,107,110,-3,3
20931,68,69,-1,1
20932,74,73,1,1
20933,102,104,-2,2
20934,119,123,-4,4
20935,106,96,10,10
20936,66,68,-2,2
20937,87,88,-1,1
20938,85,83,2,2
20939,66,63,3,3
20940,145,143,2,2
20941,180,161,19,19
20942,75,78,-3,3
20943,63,75,-12,12
20944,144,146,-2,2
20945,66,66,0,0
20946,49,59,-10,10
20947,98,99,-1,1
20948,77,67,10,10
20949,105,103,2,2
20950,81,100,-19,19
20951,92,83,9,9
20952,104,113,-9,9
20953,151,150,1,1
20954,51,58,-7,7
20955,124,136,-12,12
20956,84,84,0,0
20957,58,60,-2,2
20958,108,102,6,6
20959,41,49,-8,8
20960,151,142,9,9
20961,113,101,12,12
20962,138,134,4,4
20963,70,78,-8,8
20964,106,110,-4,4
20965,95,100,-5,5
20966,121,125,-4,4
20967,66,65,1,1
20968,98,97,1,1
20969,70,74,-4,4
20970,142,137,5,5
20971,139,145,-6,6
20972,62,63,-1,1
20973,138,147,-9,9
20974,70,71,-1,1
20975,138,116,22,22
20976,105,99,6,6
20977,61,63,-2,2
20978,113,120,-7,7
20979,173,156,17,17
20980,94,91,3,3
20981,90,85,5,5
20982,112,109,3,3
20983,43,48,-5,5
20984,140,145,-5,5
20985,197,204,-7,7
20986,116,106,10,10
20987,229,206,23,23
20988,119,117,2,2
20989,80,65,15,15
20990,115,119,-4,4
20991,61,67,-6,6
20992,41,51,-10,10
20993,101,95,6,6
20994,185,189,-4,4
20995,46,59,-13,13
20996,221,205,16,16
20997,113,109,4,4
20998,60,63,-3,3
20999,116,98,18,18
21000,125,124,1,1
21001,99,99,0,0
21002,97,117,-20,20
21003,171,158,13,13
21004,79,80,-1,1
21005,73,76,-3,3
21006,80,87,-7,7
21007,148,139,9,9
21008,111,126,-15,15
21009,110,113,-3,3
21010,84,93,-9,9
21011,60,68,-8,8
21012,94,88,6,6
21013,57,60,-3,3
21014,118,119,-1,1
21015,115,113,2,2
21016,118,131,-13,13
21017,133,123,10,10
21018,67,71,-4,4
21019,148,146,2,2
21020,34,84,-50,50
21021,59,58,1,1
21022,71,71,0,0
21023,59,56,3,3
21024,58,70,-12,12
21025,61,57,4,4
21026,105,105,0,0
21027,144,143,1,1
21028,135,135,0,0
21029,120,119,1,1
21030,180,179,1,1
21031,177,158,19,19
21032,115,134,-19,19
21033,138,131,7,7
21034,113,97,16,16
21035,97,96,1,1
21036,88,85,3,3
21037,108,120,-12,12
21038,106,101,5,5
21039,81,79,2,2
21040,105,102,3,3
21041,30,47,-17,17
21042,97,97,0,0
21043,39,56,-17,17
21044,57,62,-5,5
21045,92,114,-22,22
21046,85,80,5,5
21047,94,84,10,10
21048,165,155,10,10
21049,119,120,-1,1
21050,120,115,5,5
21051,139,129,10,10
21052,42,50,-8,8
21053,78,78,0,0
21054,78,84,-6,6
21055,73,71,2,2
21056,84,86,-2,2
21057,159,152,7,7
21058,84,88,-4,4
21059,133,130,3,3
21060,87,93,-6,6
21061,147,138,9,9
21062,83,78,5,5
21063,51,69,-18,18
21064,107,105,2,2
21065,62,61,1,1
21066,94,87,7,7
21067,62,62,0,0
21068,79,79,0,0
21069,177,160,17,17
21070,104,83,21,21
21071,85,93,-8,8
21072,100,95,5,5
21073,69,69,0,0
21074,119,125,-6,6
21075,90,76,14,14
21076,82,77,5,5
21077,54,53,1,1
21078,115,105,10,10
21079,74,70,4,4
21080,113,108,5,5
21081,56,57,-1,1
21082,68,75,-7,7
21083,195,185,10,10
21084,150,136,14,14
21085,62,70,-8,8
21086,71,72,-1,1
21087,81,77,4,4
21088,131,133,-2,2
21089,90,84,6,6
21090,86,95,-9,9
21091,168,176,-8,8
21092,101,97,4,4
21093,109,107,2,2
21094,71,109,-38,38
21095,67,68,-1,1
21096,115,111,4,4
21097,95,78,17,17
21098,84,85,-1,1
21099,74,84,-10,10
21100,69,64,5,5
21101,63,69,-6,6
21102,127,122,5,5
21103,82,90,-8,8
21104,78,76,2,2
21105,78,82,-4,4
21106,147,140,7,7
21107,96,95,1,1
21108,72,81,-9,9
21109,65,66,-1,1
21110,107,110,-3,3
21111,119,109,10,10
21112,101,97,4,4
21113,162,149,13,13
21114,119,118,1,1
21115,93,97,-4,4
21116,102,102,0,0
21117,145,143,2,2
21118,94,91,3,3
21119,83,81,2,2
21120,166,157,9,9
21121,63,70,-7,7
21122,90,88,2,2
21123,53,54,-1,1
21124,103,106,-3,3
21125,117,112,5,5
21126,99,99,0,0
21127,44,63,-19,19
21128,149,142,7,7
21129,104,99,5,5
21130,225,221,4,4
21131,101,100,1,1
21132,101,100,1,1
21133,76,71,5,5
21134,80,76,4,4
21135,70,66,4,4
21136,130,109,21,21
21137,148,137,11,11
21138,70,78,-8,8
21139,137,148,-11,11
21140,59,59,0,0
21141,71,76,-5,5
21142,134,131,3,3
21143,116,105,11,11
21144,104,102,2,2
21145,63,72,-9,9
21146,61,60,1,1
21147,89,113,-24,24
21148,61,62,-1,1
21149,97,96,1,1
21150,102,97,5,5
21151,63,65,-2,2
21152,165,164,1,1
21153,88,99,-11,11
21154,112,98,14,14
21155,90,89,1,1
21156,179,179,0,0
21157,89,94,-5,5
21158,19,43,-24,24
21159,123,119,4,4
21160,111,138,-27,27
21161,89,85,4,4
21162,86,99,-13,13
21163,92,97,-5,5
21164,93,89,4,4
21165,91,88,3,3
21166,70,72,-2,2
21167,105,107,-2,2
21168,85,79,6,6
21169,78,72,6,6
21170,112,114,-2,2
21171,96,97,-1,1
21172,54,61,-7,7
21173,121,110,11,11
21174,131,130,1,1
21175,66,68,-2,2
21176,61,67,-6,6
21177,80,83,-3,3
21178,89,87,2,2
21179,74,67,7,7
21180,65,77,-12,12
21181,101,108,-7,7
21182,97,88,9,9
21183,108,111,-3,3
21184,96,103,-7,7
21185,132,128,4,4
21186,62,61,1,1
21187,82,74,8,8
21188,154,139,15,15
21189,82,81,1,1
21190,50,53,-3,3
21191,68,63,5,5
21192,124,134,-10,10
21193,74,70,4,4
21194,149,151,-2,2
21195,59,65,-6,6
21196,56,57,-1,1
21197,58,62,-4,4
21198,151,162,-11,11
21199,113,110,3,3
21200,74,102,-28,28
21201,71,67,4,4
21202,86,85,1,1
21203,65,62,3,3
21204,69,76,-7,7
21205,161,161,0,0
21206,89,90,-1,1
21207,36,53,-17,17
21208,55,53,2,2
21209,97,92,5,5
21210,89,82,7,7
21211,64,60,4,4
21212,98,100,-2,2
21213,89,83,6,6
21214,44,47,-3,3
21215,162,158,4,4
21216,126,136,-10,10
21217,82,81,1,1
21218,77,89,-12,12
21219,81,84,-3,3
21220,137,138,-1,1
21221,69,67,2,2
21222,86,84,2,2
21223,67,70,-3,3
21224,101,97,4,4
21225,74,79,-5,5
21226,71,72,-1,1
21227,66,66,0,0
21228,104,108,-4,4
21229,111,129,-18,18
21230,86,90,-4,4
21231,96,97,-1,1
21232,79,76,3,3
21233,183,191,-8,8
21234,89,85,4,4
21235,133,125,8,8
21236,80,80,0,0
21237,72,71,1,1
21238,109,95,14,14
21239,107,105,2,2
21240,84,78,6,6
21241,67,61,6,6
21242,102,96,6,6
21243,66,184,-118,118
21244,132,139,-7,7
21245,103,106,-3,3
21246,91,93,-2,2
21247,111,114,-3,3
21248,110,104,6,6
21249,156,157,-1,1
21250,44,49,-5,5
21251,48,57,-9,9
21252,79,86,-7,7
21253,58,54,4,4
21254,134,126,8,8
21255,105,107,-2,2
21256,79,74,5,5
21257,124,167,-43,43
21258,109,98,11,11
21259,79,74,5,5
21260,66,73,-7,7
21261,93,90,3,3
21262,93,95,-2,2
21263,85,95,-10,10
21264,92,89,3,3
21265,103,107,-4,4
21266,104,101,3,3
21267,108,111,-3,3
21268,82,78,4,4
21269,92,97,-5,5
21270,41,60,-19,19
21271,47,56,-9,9
21272,79,80,-1,1
21273,101,109,-8,8
21274,66,70,-4,4
21275,83,81,2,2
21276,89,79,10,10
21277,55,56,-1,1
21278,137,134,3,3
21279,92,87,5,5
21280,131,130,1,1
21281,99,93,6,6
21282,100,109,-9,9
21283,82,77,5,5
21284,57,60,-3,3
21285,74,80,-6,6
21286,79,79,0,0
21287,83,80,3,3
21288,118,116,2,2
21289,133,161,-28,28
21290,129,129,0,0
21291,70,86,-16,16
21292,145,142,3,3
21293,149,119,30,30
21294,113,118,-5,5
21295,56,64,-8,8
21296,44,50,-6,6
21297,89,100,-11,11
21298,90,93,-3,3
21299,74,74,0,0
21300,117,112,5,5
21301,65,57,8,8
21302,48,54,-6,6
21303,92,89,3,3
21304,72,71,1,1
21305,83,74,9,9
21306,63,66,-3,3
21307,135,121,14,14
21308,147,153,-6,6
21309,142,153,-11,11
21310,122,113,9,9
21311,77,74,3,3
21312,106,102,4,4
21313,65,71,-6,6
21314,70,67,3,3
21315,124,116,8,8
21316,100,96,4,4
21317,56,60,-4,4
21318,72,70,2,2
21319,83,78,5,5
21320,66,64,2,2
21321,45,50,-5,5
21322,162,163,-1,1
21323,85,83,2,2
21324,115,118,-3,3
21325,122,122,0,0
21326,72,69,3,3
21327,68,73,-5,5
21328,65,67,-2,2
21329,84,82,2,2
21330,161,148,13,13
21331,149,140,9,9
21332,109,107,2,2
21333,57,61,-4,4
21334,85,83,2,2
21335,100,96,4,4
21336,171,139,32,32
21337,73,76,-3,3
21338,78,82,-4,4
21339,67,81,-14,14
21340,122,135,-13,13
21341,84,75,9,9
21342,171,158,13,13
21343,87,88,-1,1
21344,140,127,13,13
21345,86,97,-11,11
21346,85,91,-6,6
21347,50,52,-2,2
21348,78,79,-1,1
21349,67,58,9,9
21350,81,77,4,4
21351,75,78,-3,3
21352,91,93,-2,2
21353,119,121,-2,2
21354,138,134,4,4
21355,58,56,2,2
21356,137,130,7,7
21357,88,96,-8,8
21358,122,117,5,5
21359,106,100,6,6
21360,101,104,-3,3
21361,88,89,-1,1
21362,83,75,8,8
21363,80,78,2,2
21364,111,114,-3,3
21365,183,180,3,3
21366,73,70,3,3
21367,97,90,7,7
21368,55,60,-5,5
21369,116,125,-9,9
21370,78,77,1,1
21371,99,98,1,1
21372,141,133,8,8
21373,56,60,-4,4
21374,65,64,1,1
21375,72,72,0,0
21376,99,73,26,26
21377,96,89,7,7
21378,69,76,-7,7
21379,94,107,-13,13
21380,98,92,6,6
21381,55,60,-5,5
21382,107,109,-2,2
21383,68,63,5,5
21384,84,90,-6,6
21385,65,65,0,0
21386,177,160,17,17
21387,62,62,0,0
21388,182,168,14,14
21389,72,52,20,20
21390,151,149,2,2
21391,80,74,6,6
21392,122,123,-1,1
21393,136,124,12,12
21394,141,136,5,5
21395,88,83,5,5
21396,88,81,7,7
21397,127,126,1,1
21398,92,97,-5,5
21399,74,69,5,5
21400,111,109,2,2
21401,204,199,5,5
21402,111,102,9,9
21403,59,56,3,3
21404,129,113,16,16
21405,107,102,5,5
21406,104,97,7,7
21407,76,78,-2,2
21408,113,121,-8,8
21409,110,111,-1,1
21410,69,64,5,5
21411,67,69,-2,2
21412,85,84,1,1
21413,94,95,-1,1
21414,93,89,4,4
21415,90,89,1,1
21416,61,50,11,11
21417,56,54,2,2
21418,114,106,8,8
21419,71,66,5,5
21420,86,91,-5,5
21421,114,119,-5,5
21422,50,53,-3,3
21423,155,153,2,2
21424,108,119,-11,11
21425,104,87,17,17
21426,89,85,4,4
21427,75,74,1,1
21428,149,151,-2,2
21429,94,87,7,7
21430,63,75,-12,12
21431,127,138,-11,11
21432,103,103,0,0
21433,90,82,8,8
21434,64,71,-7,7
21435,144,135,9,9
21436,119,114,5,5
21437,45,56,-11,11
21438,78,75,3,3
21439,45,59,-14,14
21440,113,117,-4,4
21441,89,92,-3,3
21442,122,124,-2,2
21443,93,95,-2,2
21444,54,55,-1,1
21445,89,80,9,9
21446,85,79,6,6
21447,101,101,0,0
21448,132,145,-13,13
21449,47,49,-2,2
21450,83,79,4,4
21451,89,80,9,9
21452,77,70,7,7
21453,150,137,13,13
21454,130,115,15,15
21455,85,86,-1,1
21456,114,112,2,2
21457,155,155,0,0
21458,63,61,2,2
21459,94,99,-5,5
21460,42,47,-5,5
21461,138,144,-6,6
21462,78,86,-8,8
21463,79,80,-1,1
21464,95,94,1,1
21465,80,70,10,10
21466,80,93,-13,13
21467,39,55,-16,16
21468,143,135,8,8
21469,88,84,4,4
21470,47,51,-4,4
21471,70,71,-1,1
21472,174,168,6,6
21473,148,145,3,3
21474,185,165,20,20
21475,122,133,-11,11
21476,138,138,0,0
21477,99,95,4,4
21478,50,53,-3,3
21479,104,93,11,11
21480,69,68,1,1
21481,127,124,3,3
21482,59,67,-8,8
21483,89,86,3,3
21484,81,83,-2,2
21485,64,70,-6,6
21486,124,125,-1,1
21487,75,87,-12,12
21488,102,97,5,5
21489,156,147,9,9
21490,81,82,-1,1
21491,90,83,7,7
21492,58,71,-13,13
21493,153,140,13,13
21494,100,95,5,5
21495,133,124,9,9
21496,133,125,8,8
21497,68,73,-5,5
21498,104,103,1,1
21499,74,71,3,3
21500,138,129,9,9
21501,83,86,-3,3
21502,125,141,-16,16
21503,98,100,-2,2
21504,92,86,6,6
21505,39,48,-9,9
21506,93,93,0,0
21507,47,59,-12,12
21508,72,77,-5,5
21509,138,131,7,7
21510,81,82,-1,1
21511,102,102,0,0
21512,146,145,1,1
21513,80,76,4,4
21514,76,71,5,5
21515,130,143,-13,13
21516,138,129,9,9
21517,69,77,-8,8
21518,134,125,9,9
21519,73,74,-1,1
21520,55,63,-8,8
21521,68,73,-5,5
21522,78,92,-14,14
21523,85,82,3,3
21524,118,116,2,2
21525,80,80,0,0
21526,153,161,-8,8
21527,81,70,11,11
21528,85,83,2,2
21529,117,118,-1,1
21530,126,128,-2,2
21531,34,49,-15,15
21532,72,67,5,5
21533,138,135,3,3
21534,82,84,-2,2
21535,113,117,-4,4
21536,63,69,-6,6
21537,80,69,11,11
21538,67,67,0,0
21539,117,133,-16,16
21540,120,110,10,10
21541,75,74,1,1
21542,117,113,4,4
21543,103,108,-5,5
21544,149,163,-14,14
21545,169,172,-3,3
21546,85,95,-10,10
21547,91,84,7,7
21548,121,126,-5,5
21549,95,113,-18,18
21550,123,131,-8,8
21551,36,54,-18,18
21552,71,69,2,2
21553,106,103,3,3
21554,101,92,9,9
21555,60,78,-18,18
21556,68,65,3,3
21557,76,76,0,0
21558,91,85,6,6
21559,84,83,1,1
21560,97,101,-4,4
21561,75,82,-7,7
21562,44,50,-6,6
21563,78,62,16,16
21564,55,57,-2,2
21565,106,116,-10,10
21566,125,123,2,2
21567,185,169,16,16
21568,148,166,-18,18
21569,156,147,9,9
21570,128,126,2,2
21571,96,92,4,4
21572,99,93,6,6
21573,63,72,-9,9
21574,78,85,-7,7
21575,162,138,24,24
21576,75,74,1,1
21577,103,99,4,4
21578,110,101,9,9
21579,116,115,1,1
21580,51,60,-9,9
21581,126,125,1,1
21582,37,56,-19,19
21583,109,104,5,5
21584,115,121,-6,6
21585,70,67,3,3
21586,94,104,-10,10
21587,113,112,1,1
21588,91,91,0,0
21589,71,72,-1,1
21590,55,62,-7,7
21591,63,70,-7,7
21592,59,59,0,0
21593,81,80,1,1
21594,135,139,-4,4
21595,95,90,5,5
21596,67,75,-8,8
21597,80,81,-1,1
21598,73,85,-12,12
21599,98,93,5,5
21600,104,95,9,9
21601,63,61,2,2
21602,60,58,2,2
21603,117,112,5,5
21604,60,59,1,1
21605,127,126,1,1
21606,121,102,19,19
21607,118,119,-1,1
21608,80,79,1,1
21609,77,76,1,1
21610,104,97,7,7
21611,182,206,-24,24
21612,90,92,-2,2
21613,49,50,-1,1
21614,86,86,0,0
21615,88,87,1,1
21616,114,105,9,9
21617,56,56,0,0
21618,66,61,5,5
21619,68,85,-17,17
21620,88,87,1,1
21621,45,65,-20,20
21622,231,220,11,11
21623,136,128,8,8
21624,69,66,3,3
21625,123,133,-10,10
21626,60,56,4,4
21627,72,71,1,1
21628,84,88,-4,4
21629,123,124,-1,1
21630,58,64,-6,6
21631,58,61,-3,3
21632,71,71,0,0
21633,97,90,7,7
21634,61,63,-2,2
21635,57,64,-7,7
21636,172,168,4,4
21637,62,63,-1,1
21638,112,109,3,3
21639,126,124,2,2
21640,85,82,3,3
21641,105,116,-11,11
21642,100,101,-1,1
21643,117,131,-14,14
21644,76,88,-12,12
21645,85,83,2,2
21646,187,166,21,21
21647,145,141,4,4
21648,64,73,-9,9
21649,107,103,4,4
21650,140,140,0,0
21651,46,58,-12,12
21652,63,63,0,0
21653,93,92,1,1
21654,111,110,1,1
21655,60,60,0,0
21656,120,117,3,3
21657,67,74,-7,7
21658,157,154,3,3
21659,133,134,-1,1
21660,112,124,-12,12
21661,119,132,-13,13
21662,86,84,2,2
21663,128,132,-4,4
21664,109,107,2,2
21665,133,129,4,4
21666,62,59,3,3
21667,167,162,5,5
21668,122,114,8,8
21669,42,48,-6,6
21670,66,64,2,2
21671,110,110,0,0
21672,84,97,-13,13
21673,115,116,-1,1
21674,174,166,8,8
21675,85,87,-2,2
21676,100,96,4,4
21677,56,61,-5,5
21678,72,66,6,6
21679,87,88,-1,1
21680,70,86,-16,16
21681,76,73,3,3
21682,89,88,1,1
21683,69,69,0,0
21684,175,163,12,12
21685,191,177,14,14
21686,66,67,-1,1
21687,145,144,1,1
21688,127,116,11,11
21689,54,57,-3,3
21690,70,67,3,3
21691,67,66,1,1
21692,77,74,3,3
21693,119,127,-8,8
21694,38,53,-15,15
21695,77,77,0,0
21696,49,47,2,2
21697,63,77,-14,14
21698,40,47,-7,7
21699,69,83,-14,14
21700,35,51,-16,16
21701,93,86,7,7
21702,61,78,-17,17
21703,50,54,-4,4
21704,113,117,-4,4
21705,123,112,11,11
21706,75,76,-1,1
21707,94,88,6,6
21708,71,75,-4,4
21709,114,117,-3,3
21710,68,64,4,4
21711,129,138,-9,9
21712,61,65,-4,4
21713,92,86,6,6
21714,76,69,7,7
21715,106,95,11,11
21716,123,119,4,4
21717,89,90,-1,1
21718,88,93,-5,5
21719,48,58,-10,10
21720,87,90,-3,3
21721,53,65,-12,12
21722,120,113,7,7
21723,105,111,-6,6
21724,117,111,6,6
21725,128,122,6,6
21726,173,163,10,10
21727,85,86,-1,1
21728,97,90,7,7
21729,101,95,6,6
21730,67,72,-5,5
21731,71,72,-1,1
21732,89,80,9,9
21733,85,94,-9,9
21734,83,81,2,2
21735,78,73,5,5
21736,76,74,2,2
21737,115,115,0,0
21738,68,66,2,2
21739,75,71,4,4
21740,106,89,17,17
21741,76,75,1,1
21742,123,120,3,3
21743,82,81,1,1
21744,82,85,-3,3
21745,162,156,6,6
21746,64,69,-5,5
21747,66,57,9,9
21748,48,49,-1,1
21749,86,90,-4,4
21750,59,64,-5,5
21751,118,118,0,0
21752,75,72,3,3
21753,138,129,9,9
21754,50,52,-2,2
21755,96,87,9,9
21756,68,72,-4,4
21757,83,84,-1,1
21758,93,112,-19,19
21759,78,84,-6,6
21760,45,50,-5,5
21761,85,83,2,2
21762,123,112,11,11
21763,42,49,-7,7
21764,84,81,3,3
21765,123,121,2,2
21766,45,53,-8,8
21767,88,90,-2,2
21768,85,82,3,3
21769,79,67,12,12
21770,75,75,0,0
21771,125,127,-2,2
21772,33,64,-31,31
21773,84,86,-2,2
21774,117,123,-6,6
21775,79,78,1,1
21776,190,185,5,5
21777,112,114,-2,2
21778,86,89,-3,3
21779,115,110,5,5
21780,74,69,5,5
21781,85,86,-1,1
21782,28,46,-18,18
21783,45,54,-9,9
21784,115,113,2,2
21785,92,87,5,5
21786,78,73,5,5
21787,129,129,0,0
21788,119,112,7,7
21789,78,77,1,1
21790,78,65,13,13
21791,211,195,16,16
21792,95,103,-8,8
21793,101,99,2,2
21794,163,155,8,8
21795,168,160,8,8
21796,109,108,1,1
21797,98,104,-6,6
21798,61,59,2,2
21799,131,136,-5,5
21800,74,73,1,1
21801,66,75,-9,9
21802,130,124,6,6
21803,71,71,0,0
21804,135,142,-7,7
21805,88,80,8,8
21806,150,171,-21,21
21807,152,134,18,18
21808,117,101,16,16
21809,133,134,-1,1
21810,77,78,-1,1
21811,75,69,6,6
21812,63,61,2,2
21813,73,70,3,3
21814,72,72,0,0
21815,62,80,-18,18
21816,98,102,-4,4
21817,103,96,7,7
21818,167,188,-21,21
21819,73,79,-6,6
21820,68,61,7,7
21821,104,104,0,0
21822,96,101,-5,5
21823,165,164,1,1
21824,128,129,-1,1
21825,147,144,3,3
21826,139,140,-1,1
21827,156,144,12,12
21828,86,88,-2,2
21829,78,76,2,2
21830,78,74,4,4
21831,89,88,1,1
21832,115,108,7,7
21833,122,119,3,3
21834,47,61,-14,14
21835,60,74,-14,14
21836,87,101,-14,14
21837,77,77,0,0
21838,115,106,9,9
21839,105,90,15,15
21840,120,118,2,2
21841,95,93,2,2
21842,103,96,7,7
21843,57,57,0,0
21844,132,124,8,8
21845,118,111,7,7
21846,134,120,14,14
21847,85,94,-9,9
21848,130,140,-10,10
21849,107,114,-7,7
21850,112,108,4,4
21851,63,64,-1,1
21852,176,169,7,7
21853,83,76,7,7
21854,88,98,-10,10
21855,141,125,16,16
21856,121,117,4,4
21857,119,110,9,9
21858,51,57,-6,6
21859,60,60,0,0
21860,103,86,17,17
21861,122,118,4,4
21862,79,80,-1,1
21863,103,97,6,6
21864,86,82,4,4
21865,58,63,-5,5
21866,103,104,-1,1
21867,89,83,6,6
21868,94,86,8,8
21869,115,118,-3,3
21870,151,165,-14,14
21871,97,97,0,0
21872,88,81,7,7
21873,78,79,-1,1
21874,79,75,4,4
21875,51,63,-12,12
21876,77,86,-9,9
21877,98,89,9,9
21878,160,139,21,21
21879,114,113,1,1
21880,95,100,-5,5
21881,77,82,-5,5
21882,75,77,-2,2
21883,142,136,6,6
21884,72,75,-3,3
21885,150,140,10,10
21886,67,73,-6,6
21887,104,103,1,1
21888,95,98,-3,3
21889,116,110,6,6
21890,43,74,-31,31
21891,98,99,-1,1
21892,85,75,10,10
21893,93,92,1,1
21894,106,103,3,3
21895,99,98,1,1
21896,179,168,11,11
21897,61,77,-16,16
21898,77,77,0,0
21899,64,62,2,2
21900,90,95,-5,5
21901,106,117,-11,11
21902,67,67,0,0
21903,102,101,1,1
21904,94,106,-12,12
21905,92,86,6,6
21906,81,81,0,0
21907,84,78,6,6
21908,131,137,-6,6
21909,96,96,0,0
21910,89,83,6,6
21911,107,101,6,6
21912,73,77,-4,4
21913,81,73,8,8
21914,69,76,-7,7
21915,73,74,-1,1
21916,150,153,-3,3
21917,115,101,14,14
21918,90,84,6,6
21919,63,69,-6,6
21920,138,129,9,9
21921,125,130,-5,5
21922,111,110,1,1
21923,124,112,12,12
21924,37,48,-11,11
21925,114,117,-3,3
21926,67,66,1,1
21927,116,115,1,1
21928,134,147,-13,13
21929,58,62,-4,4
21930,75,71,4,4
21931,119,115,4,4
21932,94,87,7,7
21933,72,68,4,4
21934,144,150,-6,6
21935,86,84,2,2
21936,112,112,0,0
21937,57,56,1,1
21938,121,130,-9,9
21939,118,114,4,4
21940,79,77,2,2
21941,53,50,3,3
21942,61,53,8,8
21943,90,94,-4,4
21944,114,116,-2,2
21945,101,107,-6,6
21946,180,177,3,3
21947,136,156,-20,20
21948,100,99,1,1
21949,107,107,0,0
21950,95,99,-4,4
21951,75,77,-2,2
21952,86,92,-6,6
21953,71,77,-6,6
21954,126,128,-2,2
21955,125,124,1,1
21956,162,158,4,4
21957,71,76,-5,5
21958,60,56,4,4
21959,118,127,-9,9
21960,104,79,25,25
21961,117,115,2,2
21962,144,136,8,8
21963,78,83,-5,5
21964,95,91,4,4
21965,157,150,7,7
21966,70,69,1,1
21967,68,70,-2,2
21968,125,121,4,4
21969,111,94,17,17
21970,112,105,7,7
21971,118,104,14,14
21972,71,64,7,7
21973,126,115,11,11
21974,96,91,5,5
21975,59,73,-14,14
21976,82,92,-10,10
21977,101,106,-5,5
21978,80,83,-3,3
21979,61,62,-1,1
21980,89,93,-4,4
21981,107,93,14,14
21982,55,60,-5,5
21983,99,96,3,3
21984,131,137,-6,6
21985,80,75,5,5
21986,110,92,18,18
21987,94,94,0,0
21988,32,47,-15,15
21989,105,103,2,2
21990,103,109,-6,6
21991,152,155,-3,3
21992,136,123,13,13
21993,78,73,5,5
21994,68,66,2,2
21995,68,78,-10,10
21996,36,48,-12,12
21997,111,116,-5,5
21998,64,58,6,6
21999,70,73,-3,3
22000,89,86,3,3
22001,103,101,2,2
22002,79,76,3,3
22003,175,177,-2,2
22004,103,112,-9,9
22005,84,80,4,4
22006,79,73,6,6
22007,93,100,-7,7
22008,124,122,2,2
22009,106,106,0,0
22010,144,133,11,11
22011,100,98,2,2
22012,70,75,-5,5
22013,122,126,-4,4
22014,101,102,-1,1
22015,125,122,3,3
22016,94,90,4,4
22017,134,145,-11,11
22018,69,71,-2,2
22019,119,111,8,8
22020,106,99,7,7
22021,122,124,-2,2
22022,54,55,-1,1
22023,89,86,3,3
22024,76,89,-13,13
22025,86,87,-1,1
22026,144,132,12,12
22027,93,84,9,9
22028,105,110,-5,5
22029,101,104,-3,3
22030,81,91,-10,10
22031,85,80,5,5
22032,157,136,21,21
22033,112,120,-8,8
22034,76,79,-3,3
22035,85,93,-8,8
22036,141,124,17,17
22037,87,91,-4,4
22038,71,79,-8,8
22039,104,111,-7,7
22040,73,76,-3,3
22041,143,137,6,6
22042,92,100,-8,8
22043,80,83,-3,3
22044,98,100,-2,2
22045,80,73,7,7
22046,54,60,-6,6
22047,134,147,-13,13
22048,70,67,3,3
22049,114,115,-1,1
22050,80,68,12,12
22051,90,83,7,7
22052,82,92,-10,10
22053,103,100,3,3
22054,82,79,3,3
22055,92,87,5,5
22056,82,81,1,1
22057,66,69,-3,3
22058,124,157,-33,33
22059,61,69,-8,8
22060,63,72,-9,9
22061,91,96,-5,5
22062,72,69,3,3
22063,54,68,-14,14
22064,87,84,3,3
22065,104,116,-12,12
22066,61,62,-1,1
22067,125,112,13,13
22068,129,133,-4,4
22069,33,52,-19,19
22070,97,101,-4,4
22071,73,87,-14,14
22072,154,140,14,14
22073,74,69,5,5
22074,125,128,-3,3
22075,54,59,-5,5
22076,68,72,-4,4
22077,91,82,9,9
22078,68,67,1,1
22079,92,108,-16,16
22080,117,104,13,13
22081,98,108,-10,10
22082,124,113,11,11
22083,71,80,-9,9
22084,66,65,1,1
22085,37,51,-14,14
22086,108,103,5,5
22087,59,61,-2,2
22088,84,88,-4,4
22089,162,150,12,12
22090,108,110,-2,2
22091,120,116,4,4
22092,102,110,-8,8
22093,68,83,-15,15
22094,146,127,19,19
22095,116,120,-4,4
22096,66,70,-4,4
22097,67,69,-2,2
22098,46,54,-8,8
22099,92,86,6,6
22100,150,138,12,12
22101,58,64,-6,6
22102,103,104,-1,1
22103,112,99,13,13
22104,90,101,-11,11
22105,98,96,2,2
22106,54,61,-7,7
22107,76,78,-2,2
22108,77,83,-6,6
22109,111,104,7,7
22110,118,123,-5,5
22111,125,123,2,2
22112,94,100,-6,6
22113,73,76,-3,3
22114,173,169,4,4
22115,155,159,-4,4
22116,120,132,-12,12
22117,86,81,5,5
22118,115,109,6,6
22119,149,140,9,9
22120,68,86,-18,18
22121,130,113,17,17
22122,65,67,-2,2
22123,63,60,3,3
22124,39,55,-16,16
22125,82,79,3,3
22126,74,69,5,5
22127,57,69,-12,12
22128,105,110,-5,5
22129,106,107,-1,1
22130,126,149,-23,23
22131,113,108,5,5
22132,109,109,0,0
22133,95,98,-3,3
22134,86,75,11,11
22135,99,96,3,3
22136,65,99,-34,34
22137,70,71,-1,1
22138,66,64,2,2
22139,45,51,-6,6
22140,77,75,2,2
22141,50,57,-7,7
22142,105,103,2,2
22143,101,111,-10,10
22144,62,67,-5,5
22145,82,90,-8,8
22146,69,61,8,8
22147,122,141,-19,19
22148,147,147,0,0
22149,220,214,6,6
22150,69,68,1,1
22151,93,89,4,4
22152,111,108,3,3
22153,152,152,0,0
22154,124,126,-2,2
22155,43,55,-12,12
22156,112,96,16,16
22157,83,80,3,3
22158,140,139,1,1
22159,110,109,1,1
22160,71,78,-7,7
22161,96,112,-16,16
22162,148,151,-3,3
22163,53,60,-7,7
22164,120,113,7,7
22165,188,187,1,1
22166,29,51,-22,22
22167,117,117,0,0
22168,104,103,1,1
22169,81,85,-4,4
22170,124,127,-3,3
22171,103,113,-10,10
22172,139,139,0,0
22173,79,69,10,10
22174,133,128,5,5
22175,112,116,-4,4
22176,99,109,-10,10
22177,101,94,7,7
22178,75,68,7,7
22179,110,108,2,2
22180,121,121,0,0
22181,110,112,-2,2
22182,68,84,-16,16
22183,99,95,4,4
22184,67,73,-6,6
22185,72,78,-6,6
22186,151,137,14,14
22187,87,93,-6,6
22188,83,82,1,1
22189,58,70,-12,12
22190,56,57,-1,1
22191,72,67,5,5
22192,91,88,3,3
22193,61,56,5,5
22194,95,80,15,15
22195,101,93,8,8
22196,98,93,5,5
22197,128,137,-9,9
22198,183,171,12,12
22199,68,66,2,2
22200,97,94,3,3
22201,74,74,0,0
22202,127,128,-1,1
22203,91,90,1,1
22204,95,91,4,4
22205,83,80,3,3
22206,130,130,0,0
22207,143,92,51,51
22208,68,71,-3,3
22209,72,70,2,2
22210,81,79,2,2
22211,63,64,-1,1
22212,92,85,7,7
22213,70,81,-11,11
22214,114,121,-7,7
22215,119,114,5,5
22216,130,133,-3,3
22217,94,96,-2,2
22218,104,108,-4,4
22219,99,108,-9,9
22220,55,67,-12,12
22221,111,116,-5,5
22222,101,91,10,10
22223,86,86,0,0
22224,89,91,-2,2
22225,91,113,-22,22
22226,140,140,0,0
22227,74,76,-2,2
22228,82,82,0,0
22229,103,85,18,18
22230,104,95,9,9
22231,75,83,-8,8
22232,92,102,-10,10
22233,53,55,-2,2
22234,74,80,-6,6
22235,38,49,-11,11
22236,141,140,1,1
22237,91,96,-5,5
22238,97,89,8,8
22239,115,110,5,5
22240,141,145,-4,4
22241,72,81,-9,9
22242,87,90,-3,3
22243,114,115,-1,1
22244,96,89,7,7
22245,68,76,-8,8
22246,123,129,-6,6
22247,91,89,2,2
22248,91,89,2,2
22249,116,124,-8,8
22250,49,70,-21,21
22251,57,56,1,1
22252,124,128,-4,4
22253,88,98,-10,10
22254,129,127,2,2
22255,55,58,-3,3
22256,188,177,11,11
22257,64,71,-7,7
22258,71,71,0,0
22259,45,63,-18,18
22260,93,103,-10,10
22261,68,67,1,1
22262,161,173,-12,12
22263,69,77,-8,8
22264,113,118,-5,5
22265,74,89,-15,15
22266,58,62,-4,4
22267,149,156,-7,7
22268,49,53,-4,4
22269,96,94,2,2
22270,122,117,5,5
22271,92,83,9,9
22272,124,127,-3,3
22273,93,91,2,2
22274,149,155,-6,6
22275,179,173,6,6
22276,147,150,-3,3
22277,121,121,0,0
22278,62,63,-1,1
22279,50,54,-4,4
22280,54,58,-4,4
22281,104,98,6,6
22282,73,69,4,4
22283,101,101,0,0
22284,71,74,-3,3
22285,90,87,3,3
22286,71,68,3,3
22287,72,74,-2,2
22288,61,87,-26,26
22289,65,62,3,3
22290,81,80,1,1
22291,37,53,-16,16
22292,65,70,-5,5
22293,128,125,3,3
22294,55,81,-26,26
22295,55,67,-12,12
22296,131,118,13,13
22297,67,63,4,4
22298,138,140,-2,2
22299,66,62,4,4
22300,62,62,0,0
22301,187,179,8,8
22302,127,119,8,8
22303,105,112,-7,7
22304,78,76,2,2
22305,94,91,3,3
22306,94,93,1,1
22307,108,109,-1,1
22308,135,134,1,1
22309,78,74,4,4
22310,87,88,-1,1
22311,59,60,-1,1
22312,134,143,-9,9
22313,89,83,6,6
22314,79,79,0,0
22315,27,51,-24,24
22316,74,66,8,8
22317,56,63,-7,7
22318,121,129,-8,8
22319,88,92,-4,4
22320,145,148,-3,3
22321,99,100,-1,1
22322,127,117,10,10
22323,85,82,3,3
22324,91,73,18,18
22325,184,190,-6,6
22326,76,73,3,3
22327,86,86,0,0
22328,88,81,7,7
22329,156,149,7,7
22330,106,110,-4,4
22331,102,89,13,13
22332,106,100,6,6
22333,87,88,-1,1
22334,60,63,-3,3
22335,82,78,4,4
22336,112,106,6,6
22337,118,124,-6,6
22338,75,65,10,10
22339,94,96,-2,2
22340,57,63,-6,6
22341,96,93,3,3
22342,67,68,-1,1
22343,78,89,-11,11
22344,114,101,13,13
22345,70,67,3,3
22346,60,64,-4,4
22347,91,89,2,2
22348,86,79,7,7
22349,84,86,-2,2
22350,75,76,-1,1
22351,133,144,-11,11
22352,193,175,18,18
22353,68,71,-3,3
22354,139,139,0,0
22355,57,73,-16,16
22356,110,115,-5,5
22357,83,96,-13,13
22358,159,136,23,23
22359,110,107,3,3
22360,150,136,14,14
22361,95,103,-8,8
22362,139,129,10,10
22363,72,69,3,3
22364,147,136,11,11
22365,89,82,7,7
22366,136,138,-2,2
22367,47,50,-3,3
22368,158,160,-2,2
22369,111,117,-6,6
22370,99,88,11,11
22371,112,111,1,1
22372,82,89,-7,7
22373,38,55,-17,17
22374,82,78,4,4
22375,80,80,0,0
22376,119,109,10,10
22377,68,69,-1,1
22378,117,117,0,0
22379,76,77,-1,1
22380,94,94,0,0
22381,68,72,-4,4
22382,49,57,-8,8
22383,59,59,0,0
22384,135,145,-10,10
22385,111,112,-1,1
22386,102,94,8,8
22387,118,119,-1,1
22388,90,86,4,4
22389,62,67,-5,5
22390,104,103,1,1
22391,120,114,6,6
22392,105,108,-3,3
22393,131,128,3,3
22394,103,112,-9,9
22395,117,115,2,2
22396,92,90,2,2
22397,70,72,-2,2
22398,108,110,-2,2
22399,71,70,1,1
22400,58,67,-9,9
22401,91,78,13,13
22402,98,90,8,8
22403,40,56,-16,16
22404,92,78,14,14
22405,100,103,-3,3
22406,138,148,-10,10
22407,132,120,12,12
22408,101,109,-8,8
22409,71,79,-8,8
22410,86,83,3,3
22411,107,105,2,2
22412,85,86,-1,1
22413,68,70,-2,2
22414,80,78,2,2
22415,125,121,4,4
22416,99,90,9,9
22417,122,116,6,6
22418,190,175,15,15
22419,109,93,16,16
22420,83,73,10,10
22421,121,144,-23,23
22422,79,89,-10,10
22423,142,161,-19,19
22424,63,65,-2,2
22425,66,65,1,1
22426,114,101,13,13
22427,80,79,1,1
22428,72,70,2,2
22429,190,188,2,2
22430,91,90,1,1
22431,152,142,10,10
22432,74,62,12,12
22433,88,94,-6,6
22434,181,191,-10,10
22435,118,119,-1,1
22436,131,128,3,3
22437,64,107,-43,43
22438,86,86,0,0
22439,74,81,-7,7
22440,79,78,1,1
22441,99,99,0,0
22442,169,171,-2,2
22443,68,63,5,5
22444,79,75,4,4
22445,181,164,17,17
22446,119,110,9,9
22447,120,113,7,7
22448,67,72,-5,5
22449,67,79,-12,12
22450,76,72,4,4
22451,87,83,4,4
22452,91,104,-13,13
22453,161,153,8,8
22454,58,57,1,1
22455,57,60,-3,3
22456,95,93,2,2
22457,63,71,-8,8
22458,64,62,2,2
22459,55,59,-4,4
22460,136,146,-10,10
22461,107,106,1,1
22462,83,91,-8,8
22463,52,63,-11,11
22464,127,139,-12,12
22465,90,94,-4,4
22466,141,136,5,5
22467,87,94,-7,7
22468,99,98,1,1
22469,67,67,0,0
22470,79,75,4,4
22471,102,102,0,0
22472,168,174,-6,6
22473,154,155,-1,1
22474,118,117,1,1
22475,68,78,-10,10
22476,109,112,-3,3
22477,41,48,-7,7
22478,65,72,-7,7
22479,108,102,6,6
22480,26,51,-25,25
22481,99,110,-11,11
22482,137,137,0,0
22483,180,181,-1,1
22484,223,182,41,41
22485,103,104,-1,1
22486,91,91,0,0
22487,120,114,6,6
22488,73,72,1,1
22489,69,79,-10,10
22490,76,90,-14,14
22491,73,65,8,8
22492,41,54,-13,13
22493,143,145,-2,2
22494,121,139,-18,18
22495,97,106,-9,9
22496,86,99,-13,13
22497,80,86,-6,6
22498,105,113,-8,8
22499,111,96,15,15
22500,133,143,-10,10
22501,120,118,2,2
22502,156,168,-12,12
22503,100,108,-8,8
22504,41,53,-12,12
22505,94,104,-10,10
22506,59,59,0,0
22507,71,69,2,2
22508,68,68,0,0
22509,102,94,8,8
22510,134,131,3,3
22511,60,57,3,3
22512,169,147,22,22
22513,80,82,-2,2
22514,126,149,-23,23
22515,146,138,8,8
22516,128,136,-8,8
22517,67,64,3,3
22518,92,99,-7,7
22519,72,77,-5,5
22520,79,80,-1,1
22521,102,97,5,5
22522,62,65,-3,3
22523,59,61,-2,2
22524,116,105,11,11
22525,96,91,5,5
22526,86,86,0,0
22527,68,77,-9,9
22528,90,95,-5,5
22529,90,82,8,8
22530,141,133,8,8
22531,109,110,-1,1
22532,51,67,-16,16
22533,107,102,5,5
22534,130,127,3,3
22535,103,103,0,0
22536,49,59,-10,10
22537,106,100,6,6
22538,87,86,1,1
22539,68,68,0,0
22540,88,90,-2,2
22541,79,84,-5,5
22542,104,91,13,13
22543,94,92,2,2
22544,123,112,11,11
22545,98,87,11,11
22546,123,119,4,4
22547,104,105,-1,1
22548,60,65,-5,5
22549,70,77,-7,7
22550,89,86,3,3
22551,122,114,8,8
22552,55,54,1,1
22553,141,134,7,7
22554,80,81,-1,1
22555,97,96,1,1
22556,126,114,12,12
22557,73,77,-4,4
22558,63,76,-13,13
22559,151,139,12,12
22560,109,106,3,3
22561,161,160,1,1
22562,80,79,1,1
22563,126,111,15,15
22564,89,85,4,4
22565,95,88,7,7
22566,163,148,15,15
22567,121,114,7,7
22568,80,85,-5,5
22569,79,69,10,10
22570,94,89,5,5
22571,143,133,10,10
22572,95,92,3,3
22573,108,107,1,1
22574,94,100,-6,6
22575,102,96,6,6
22576,84,88,-4,4
22577,80,77,3,3
22578,135,130,5,5
22579,98,85,13,13
22580,113,116,-3,3
22581,85,109,-24,24
22582,97,92,5,5
22583,67,71,-4,4
22584,135,130,5,5
22585,31,46,-15,15
22586,154,151,3,3
22587,136,136,0,0
22588,35,56,-21,21
22589,145,137,8,8
22590,76,73,3,3
22591,89,96,-7,7
22592,84,94,-10,10
22593,82,97,-15,15
22594,76,74,2,2
22595,88,91,-3,3
22596,85,75,10,10
22597,109,121,-12,12
22598,165,162,3,3
22599,88,98,-10,10
22600,54,57,-3,3
22601,93,81,12,12
22602,66,67,-1,1
22603,75,79,-4,4
22604,55,56,-1,1
22605,72,74,-2,2
22606,113,113,0,0
22607,127,126,1,1
22608,53,50,3,3
22609,94,97,-3,3
22610,90,89,1,1
22611,65,75,-10,10
22612,60,66,-6,6
22613,59,52,7,7
22614,107,105,2,2
22615,93,106,-13,13
22616,128,116,12,12
22617,55,59,-4,4
22618,93,92,1,1
22619,79,74,5,5
22620,148,139,9,9
22621,129,125,4,4
22622,51,60,-9,9
22623,92,93,-1,1
22624,93,109,-16,16
22625,114,119,-5,5
22626,72,76,-4,4
22627,92,98,-6,6
22628,81,78,3,3
22629,69,77,-8,8
22630,93,89,4,4
22631,189,180,9,9
22632,71,73,-2,2
22633,87,83,4,4
22634,48,104,-56,56
22635,94,88,6,6
22636,116,132,-16,16
22637,62,68,-6,6
22638,240,221,19,19
22639,104,101,3,3
22640,80,87,-7,7
22641,66,60,6,6
22642,100,92,8,8
22643,133,130,3,3
22644,103,97,6,6
22645,137,144,-7,7
22646,165,153,12,12
22647,125,123,2,2
22648,86,82,4,4
22649,95,89,6,6
22650,103,112,-9,9
22651,140,122,18,18
22652,95,98,-3,3
22653,68,71,-3,3
22654,52,60,-8,8
22655,77,75,2,2
22656,121,116,5,5
22657,107,110,-3,3
22658,98,93,5,5
22659,100,93,7,7
22660,81,81,0,0
22661,46,49,-3,3
22662,162,163,-1,1
22663,136,132,4,4
22664,85,91,-6,6
22665,83,79,4,4
22666,135,125,10,10
22667,39,50,-11,11
22668,61,62,-1,1
22669,73,59,14,14
22670,87,75,12,12
22671,76,78,-2,2
22672,84,104,-20,20
22673,94,83,11,11
22674,163,169,-6,6
22675,80,86,-6,6
22676,86,104,-18,18
22677,152,142,10,10
22678,100,111,-11,11
22679,75,72,3,3
22680,92,87,5,5
22681,84,81,3,3
22682,144,142,2,2
22683,69,67,2,2
22684,109,115,-6,6
22685,109,97,12,12
22686,88,72,16,16
22687,67,69,-2,2
22688,115,110,5,5
22689,125,135,-10,10
22690,95,101,-6,6
22691,87,82,5,5
22692,98,99,-1,1
22693,83,95,-12,12
22694,101,98,3,3
22695,51,51,0,0
22696,108,105,3,3
22697,136,141,-5,5
22698,208,218,-10,10
22699,121,119,2,2
22700,84,80,4,4
22701,86,80,6,6
22702,148,152,-4,4
22703,110,118,-8,8
22704,117,115,2,2
22705,96,99,-3,3
22706,69,69,0,0
22707,137,135,2,2
22708,66,63,3,3
22709,89,75,14,14
22710,44,51,-7,7
22711,136,132,4,4
22712,128,114,14,14
22713,73,80,-7,7
22714,155,159,-4,4
22715,89,74,15,15
22716,87,74,13,13
22717,147,142,5,5
22718,64,61,3,3
22719,37,47,-10,10
22720,122,118,4,4
22721,44,66,-22,22
22722,126,123,3,3
22723,60,70,-10,10
22724,148,148,0,0
22725,134,133,1,1
22726,87,80,7,7
22727,135,142,-7,7
22728,90,86,4,4
22729,60,59,1,1
22730,86,74,12,12
22731,150,153,-3,3
22732,59,68,-9,9
22733,111,102,9,9
22734,54,60,-6,6
22735,158,143,15,15
22736,135,120,15,15
22737,32,55,-23,23
22738,63,64,-1,1
22739,117,99,18,18
22740,83,87,-4,4
22741,54,57,-3,3
22742,151,147,4,4
22743,64,71,-7,7
22744,44,52,-8,8
22745,138,136,2,2
22746,48,59,-11,11
22747,123,114,9,9
22748,97,100,-3,3
22749,59,61,-2,2
22750,96,95,1,1
22751,19,44,-25,25
22752,112,112,0,0
22753,131,146,-15,15
22754,153,154,-1,1
22755,100,100,0,0
22756,183,185,-2,2
22757,121,117,4,4
22758,129,126,3,3
22759,93,104,-11,11
22760,89,93,-4,4
22761,92,89,3,3
22762,81,101,-20,20
22763,133,127,6,6
22764,77,81,-4,4
22765,63,63,0,0
22766,66,61,5,5
22767,74,80,-6,6
22768,150,157,-7,7
22769,76,84,-8,8
22770,68,66,2,2
22771,73,68,5,5
22772,93,90,3,3
22773,90,79,11,11
22774,81,96,-15,15
22775,59,56,3,3
22776,160,146,14,14
22777,47,51,-4,4
22778,109,132,-23,23
22779,133,130,3,3
22780,114,120,-6,6
22781,89,78,11,11
22782,86,80,6,6
22783,95,90,5,5
22784,149,159,-10,10
22785,86,83,3,3
22786,112,114,-2,2
22787,61,105,-44,44
22788,32,49,-17,17
22789,141,140,1,1
22790,106,98,8,8
22791,62,69,-7,7
22792,98,99,-1,1
22793,169,140,29,29
22794,75,90,-15,15
22795,113,111,2,2
22796,69,70,-1,1
22797,54,62,-8,8
22798,72,81,-9,9
22799,140,147,-7,7
22800,86,90,-4,4
22801,106,104,2,2
22802,81,81,0,0
22803,109,100,9,9
22804,120,108,12,12
22805,103,97,6,6
22806,201,185,16,16
22807,115,134,-19,19
22808,94,80,14,14
22809,110,123,-13,13
22810,90,90,0,0
22811,117,110,7,7
22812,80,77,3,3
22813,136,133,3,3
22814,95,100,-5,5
22815,121,107,14,14
22816,38,48,-10,10
22817,100,90,10,10
22818,83,87,-4,4
22819,102,100,2,2
22820,100,99,1,1
22821,67,71,-4,4
22822,88,121,-33,33
22823,68,69,-1,1
22824,145,145,0,0
22825,86,86,0,0
22826,107,100,7,7
22827,85,96,-11,11
22828,102,105,-3,3
22829,132,134,-2,2
22830,61,61,0,0
22831,70,66,4,4
22832,91,91,0,0
22833,139,140,-1,1
22834,51,58,-7,7
22835,39,48,-9,9
22836,100,90,10,10
22837,93,94,-1,1
22838,89,96,-7,7
22839,92,98,-6,6
22840,35,51,-16,16
22841,93,86,7,7
22842,64,68,-4,4
22843,62,55,7,7
22844,102,87,15,15
22845,101,97,4,4
22846,93,92,1,1
22847,63,63,0,0
22848,88,85,3,3
22849,80,84,-4,4
22850,134,100,34,34
22851,77,78,-1,1
22852,73,72,1,1
22853,57,59,-2,2
22854,118,88,30,30
22855,134,136,-2,2
22856,127,126,1,1
22857,88,85,3,3
22858,91,91,0,0
22859,110,111,-1,1
22860,46,47,-1,1
22861,105,102,3,3
22862,103,112,-9,9
22863,108,100,8,8
22864,93,101,-8,8
22865,75,80,-5,5
22866,131,132,-1,1
22867,130,130,0,0
22868,89,87,2,2
22869,49,102,-53,53
22870,120,124,-4,4
22871,151,166,-15,15
22872,92,89,3,3
22873,77,82,-5,5
22874,126,133,-7,7
22875,100,101,-1,1
22876,54,62,-8,8
22877,110,103,7,7
22878,133,134,-1,1
22879,119,127,-8,8
22880,126,117,9,9
22881,42,50,-8,8
22882,63,68,-5,5
22883,170,173,-3,3
22884,68,78,-10,10
22885,114,111,3,3
22886,115,103,12,12
22887,64,68,-4,4
22888,90,91,-1,1
22889,126,115,11,11
22890,72,84,-12,12
22891,116,139,-23,23
22892,151,157,-6,6
22893,98,82,16,16
22894,135,130,5,5
22895,132,123,9,9
22896,166,157,9,9
22897,109,104,5,5
22898,73,69,4,4
22899,43,56,-13,13
22900,60,61,-1,1
22901,95,102,-7,7
22902,185,175,10,10
22903,116,118,-2,2
22904,120,119,1,1
22905,117,112,5,5
22906,80,89,-9,9
22907,54,57,-3,3
22908,94,95,-1,1
22909,104,110,-6,6
22910,167,177,-10,10
22911,183,185,-2,2
22912,125,131,-6,6
22913,67,68,-1,1
22914,127,115,12,12
22915,108,110,-2,2
22916,110,107,3,3
22917,72,70,2,2
22918,76,80,-4,4
22919,60,63,-3,3
22920,127,114,13,13
22921,60,60,0,0
22922,117,114,3,3
22923,62,62,0,0
22924,98,86,12,12
22925,64,65,-1,1
22926,90,85,5,5
22927,155,158,-3,3
22928,69,68,1,1
22929,91,84,7,7
22930,91,85,6,6
22931,97,90,7,7
22932,116,107,9,9
22933,100,99,1,1
22934,81,87,-6,6
22935,77,77,0,0
22936,46,48,-2,2
22937,86,98,-12,12
22938,98,88,10,10
22939,128,107,21,21
22940,53,53,0,0
22941,86,87,-1,1
22942,106,106,0,0
22943,118,115,3,3
22944,132,138,-6,6
22945,179,182,-3,3
22946,72,67,5,5
22947,57,58,-1,1
22948,159,153,6,6
22949,56,62,-6,6
22950,90,99,-9,9
22951,84,88,-4,4
22952,120,128,-8,8
22953,99,86,13,13
22954,121,111,10,10
22955,96,99,-3,3
22956,46,61,-15,15
22957,84,89,-5,5
22958,79,79,0,0
22959,165,156,9,9
22960,72,73,-1,1
22961,75,75,0,0
22962,116,118,-2,2
22963,117,126,-9,9
22964,95,89,6,6
22965,138,145,-7,7
22966,64,67,-3,3
22967,70,74,-4,4
22968,51,58,-7,7
22969,74,86,-12,12
22970,105,104,1,1
22971,137,139,-2,2
22972,93,91,2,2
22973,72,78,-6,6
22974,83,78,5,5
22975,113,109,4,4
22976,97,92,5,5
22977,76,75,1,1
22978,65,63,2,2
22979,159,154,5,5
22980,72,71,1,1
22981,127,119,8,8
22982,94,91,3,3
22983,83,81,2,2
22984,84,88,-4,4
22985,60,66,-6,6
22986,100,104,-4,4
22987,108,108,0,0
22988,118,116,2,2
22989,76,83,-7,7
22990,87,78,9,9
22991,50,53,-3,3
22992,38,49,-11,11
22993,146,129,17,17
22994,114,113,1,1
22995,52,53,-1,1
22996,84,88,-4,4
22997,122,128,-6,6
22998,102,98,4,4
22999,181,171,10,10
23000,98,91,7,7
23001,39,51,-12,12
23002,84,69,15,15
23003,145,115,30,30
23004,124,131,-7,7
23005,110,121,-11,11
23006,57,62,-5,5
23007,88,78,10,10
23008,64,66,-2,2
23009,195,186,9,9
23010,131,139,-8,8
23011,124,124,0,0
23012,79,101,-22,22
23013,66,65,1,1
23014,100,107,-7,7
23015,82,79,3,3
23016,81,85,-4,4
23017,85,80,5,5
23018,192,191,1,1
23019,112,115,-3,3
23020,166,159,7,7
23021,101,100,1,1
23022,82,71,11,11
23023,89,76,13,13
23024,94,86,8,8
23025,79,90,-11,11
23026,108,113,-5,5
23027,117,112,5,5
23028,123,114,9,9
23029,81,77,4,4
23030,87,79,8,8
23031,66,66,0,0
23032,35,49,-14,14
23033,102,94,8,8
23034,145,134,11,11
23035,62,62,0,0
23036,121,116,5,5
23037,69,68,1,1
23038,142,134,8,8
23039,74,65,9,9
23040,92,86,6,6
23041,63,57,6,6
23042,71,73,-2,2
23043,148,136,12,12
23044,72,81,-9,9
23045,75,71,4,4
23046,118,121,-3,3
23047,103,106,-3,3
23048,136,121,15,15
23049,126,133,-7,7
23050,93,99,-6,6
23051,101,103,-2,2
23052,133,123,10,10
23053,83,89,-6,6
23054,91,92,-1,1
23055,52,50,2,2
23056,100,98,2,2
23057,88,87,1,1
23058,80,87,-7,7
23059,83,93,-10,10
23060,90,85,5,5
23061,69,101,-32,32
23062,85,81,4,4
23063,107,98,9,9
23064,103,95,8,8
23065,60,59,1,1
23066,152,159,-7,7
23067,40,49,-9,9
23068,87,82,5,5
23069,78,71,7,7
23070,145,146,-1,1
23071,47,58,-11,11
23072,139,127,12,12
23073,94,89,5,5
23074,138,153,-15,15
23075,115,100,15,15
23076,94,95,-1,1
23077,106,105,1,1
23078,85,74,11,11
23079,82,80,2,2
23080,61,59,2,2
23081,160,153,7,7
23082,157,162,-5,5
23083,87,91,-4,4
23084,135,126,9,9
23085,120,116,4,4
23086,104,100,4,4
23087,165,149,16,16
23088,88,85,3,3
23089,67,75,-8,8
23090,87,82,5,5
23091,66,69,-3,3
23092,74,70,4,4
23093,76,77,-1,1
23094,62,66,-4,4
23095,79,78,1,1
23096,91,90,1,1
23097,70,66,4,4
23098,148,139,9,9
23099,135,124,11,11
23100,74,81,-7,7
23101,78,77,1,1
23102,93,94,-1,1
23103,124,123,1,1
23104,129,136,-7,7
23105,98,93,5,5
23106,72,71,1,1
23107,53,61,-8,8
23108,138,137,1,1
23109,184,159,25,25
23110,85,87,-2,2
23111,82,82,0,0
23112,105,115,-10,10
23113,99,98,1,1
23114,65,67,-2,2
23115,73,68,5,5
23116,66,61,5,5
23117,102,103,-1,1
23118,85,77,8,8
23119,188,190,-2,2
23120,81,211,-130,130
23121,124,120,4,4
23122,59,60,-1,1
23123,108,108,0,0
23124,92,99,-7,7
23125,100,96,4,4
23126,105,106,-1,1
23127,93,94,-1,1
23128,155,153,2,2
23129,71,66,5,5
23130,65,57,8,8
23131,94,92,2,2
23132,122,129,-7,7
23133,70,69,1,1
23134,65,66,-1,1
23135,160,156,4,4
23136,115,114,1,1
23137,134,137,-3,3
23138,101,104,-3,3
23139,105,102,3,3
23140,93,94,-1,1
23141,94,84,10,10
23142,82,74,8,8
23143,90,86,4,4
23144,78,71,7,7
23145,145,143,2,2
23146,120,119,1,1
23147,94,94,0,0
23148,95,84,11,11
23149,115,132,-17,17
23150,49,55,-6,6
23151,134,139,-5,5
23152,88,86,2,2
23153,82,86,-4,4
23154,67,64,3,3
23155,71,63,8,8
23156,56,67,-11,11
23157,88,83,5,5
23158,34,49,-15,15
23159,62,74,-12,12
23160,82,84,-2,2
23161,111,116,-5,5
23162,48,50,-2,2
23163,102,106,-4,4
23164,143,136,7,7
23165,47,49,-2,2
23166,76,76,0,0
23167,119,119,0,0
23168,64,61,3,3
23169,72,67,5,5
23170,141,137,4,4
23171,64,58,6,6
23172,127,119,8,8
23173,72,74,-2,2
23174,111,107,4,4
23175,104,91,13,13
23176,77,82,-5,5
23177,133,143,-10,10
23178,113,107,6,6
23179,110,109,1,1
23180,89,88,1,1
23181,125,124,1,1
23182,127,111,16,16
23183,68,62,6,6
23184,99,105,-6,6
23185,86,93,-7,7
23186,111,110,1,1
23187,118,105,13,13
23188,74,76,-2,2
23189,132,122,10,10
23190,99,93,6,6
23191,139,140,-1,1
23192,107,109,-2,2
23193,70,79,-9,9
23194,77,69,8,8
23195,101,105,-4,4
23196,103,102,1,1
23197,86,88,-2,2
23198,104,92,12,12
23199,100,110,-10,10
23200,150,142,8,8
23201,69,68,1,1
23202,129,127,2,2
23203,162,168,-6,6
23204,111,122,-11,11
23205,133,128,5,5
23206,87,85,2,2
23207,74,83,-9,9
23208,95,103,-8,8
23209,110,121,-11,11
23210,124,125,-1,1
23211,155,148,7,7
23212,74,61,13,13
23213,80,69,11,11
23214,90,83,7,7
23215,100,97,3,3
23216,112,100,12,12
23217,81,67,14,14
23218,73,79,-6,6
23219,122,120,2,2
23220,130,124,6,6
23221,129,123,6,6
23222,123,116,7,7
23223,84,86,-2,2
23224,63,68,-5,5
23225,144,135,9,9
23226,91,159,-68,68
23227,66,69,-3,3
23228,95,91,4,4
23229,129,124,5,5
23230,75,74,1,1
23231,152,188,-36,36
23232,119,81,38,38
23233,107,108,-1,1
23234,184,174,10,10
23235,84,86,-2,2
23236,123,118,5,5
23237,167,150,17,17
23238,59,55,4,4
23239,68,74,-6,6
23240,119,106,13,13
23241,77,71,6,6
23242,70,76,-6,6
23243,79,72,7,7
23244,114,121,-7,7
23245,75,75,0,0
23246,64,56,8,8
23247,127,119,8,8
23248,52,60,-8,8
23249,67,60,7,7
23250,73,75,-2,2
23251,85,81,4,4
23252,63,66,-3,3
23253,88,79,9,9
23254,89,108,-19,19
23255,133,116,17,17
23256,82,84,-2,2
23257,115,105,10,10
23258,97,98,-1,1
23259,81,90,-9,9
23260,102,95,7,7
23261,68,60,8,8
23262,64,64,0,0
23263,70,69,1,1
23264,73,75,-2,2
23265,59,66,-7,7
23266,136,129,7,7
23267,103,108,-5,5
23268,137,123,14,14
23269,73,73,0,0
23270,83,81,2,2
23271,95,87,8,8
23272,138,127,11,11
23273,86,78,8,8
23274,66,84,-18,18
23275,134,168,-34,34
23276,116,111,5,5
23277,70,71,-1,1
23278,118,114,4,4
23279,131,128,3,3
23280,40,66,-26,26
23281,82,83,-1,1
23282,78,73,5,5
23283,97,86,11,11
23284,89,95,-6,6
23285,133,128,5,5
23286,76,73,3,3
23287,152,136,16,16
23288,92,90,2,2
23289,62,62,0,0
23290,179,162,17,17
23291,127,118,9,9
23292,115,113,2,2
23293,54,66,-12,12
23294,136,121,15,15
23295,76,81,-5,5
23296,62,65,-3,3
23297,78,79,-1,1
23298,182,163,19,19
23299,67,64,3,3
23300,110,98,12,12
23301,92,84,8,8
23302,150,139,11,11
23303,122,124,-2,2
23304,62,71,-9,9
23305,109,102,7,7
23306,123,116,7,7
23307,107,111,-4,4
23308,50,61,-11,11
23309,62,66,-4,4
23310,115,114,1,1
23311,41,50,-9,9
23312,106,103,3,3
23313,58,53,5,5
23314,67,65,2,2
23315,64,58,6,6
23316,71,91,-20,20
23317,83,91,-8,8
23318,157,173,-16,16
23319,90,90,0,0
23320,100,110,-10,10
23321,92,96,-4,4
23322,87,101,-14,14
23323,76,89,-13,13
23324,101,105,-4,4
23325,56,50,6,6
23326,65,73,-8,8
23327,70,73,-3,3
23328,57,62,-5,5
23329,112,143,-31,31
23330,50,68,-18,18
23331,47,59,-12,12
23332,140,160,-20,20
23333,51,53,-2,2
23334,61,70,-9,9
23335,78,79,-1,1
23336,70,68,2,2
23337,98,90,8,8
23338,152,143,9,9
23339,99,103,-4,4
23340,93,97,-4,4
23341,90,87,3,3
23342,51,60,-9,9
23343,94,88,6,6
23344,82,87,-5,5
23345,137,139,-2,2
23346,85,90,-5,5
23347,131,139,-8,8
23348,110,99,11,11
23349,70,70,0,0
23350,99,107,-8,8
23351,146,140,6,6
23352,37,50,-13,13
23353,94,89,5,5
23354,124,122,2,2
23355,91,106,-15,15
23356,85,86,-1,1
23357,58,61,-3,3
23358,78,89,-11,11
23359,62,67,-5,5
23360,51,57,-6,6
23361,85,91,-6,6
23362,64,70,-6,6
23363,108,118,-10,10
23364,89,96,-7,7
23365,120,121,-1,1
23366,131,116,15,15
23367,50,56,-6,6
23368,109,107,2,2
23369,82,78,4,4
23370,115,109,6,6
23371,121,119,2,2
23372,193,187,6,6
23373,66,66,0,0
23374,125,118,7,7
23375,64,64,0,0
23376,105,98,7,7
23377,47,54,-7,7
23378,57,69,-12,12
23379,105,96,9,9
23380,124,125,-1,1
23381,90,97,-7,7
23382,126,116,10,10
23383,89,97,-8,8
23384,122,116,6,6
23385,116,114,2,2
23386,80,74,6,6
23387,92,87,5,5
23388,62,84,-22,22
23389,144,146,-2,2
23390,45,60,-15,15
23391,139,142,-3,3
23392,117,110,7,7
23393,99,102,-3,3
23394,98,96,2,2
23395,87,91,-4,4
23396,171,145,26,26
23397,127,109,18,18
23398,114,110,4,4
23399,100,104,-4,4
23400,71,80,-9,9
23401,143,129,14,14
23402,84,85,-1,1
23403,89,82,7,7
23404,85,90,-5,5
23405,69,67,2,2
23406,145,158,-13,13
23407,115,121,-6,6
23408,116,117,-1,1
23409,114,117,-3,3
23410,58,52,6,6
23411,79,76,3,3
23412,73,74,-1,1
23413,114,120,-6,6
23414,140,147,-7,7
23415,92,98,-6,6
23416,111,112,-1,1
23417,131,137,-6,6
23418,76,79,-3,3
23419,94,96,-2,2
23420,91,98,-7,7
23421,76,71,5,5
23422,115,109,6,6
23423,65,64,1,1
23424,113,120,-7,7
23425,85,92,-7,7
23426,214,231,-17,17
23427,211,202,9,9
23428,41,49,-8,8
23429,78,75,3,3
23430,161,156,5,5
23431,79,77,2,2
23432,51,55,-4,4
23433,103,105,-2,2
23434,73,76,-3,3
23435,55,64,-9,9
23436,136,120,16,16
23437,131,134,-3,3
23438,77,81,-4,4
23439,80,76,4,4
23440,110,112,-2,2
23441,54,58,-4,4
23442,111,119,-8,8
23443,84,85,-1,1
23444,70,64,6,6
23445,70,67,3,3
23446,106,97,9,9
23447,97,97,0,0
23448,100,95,5,5
23449,135,134,1,1
23450,86,85,1,1
23451,42,53,-11,11
23452,132,140,-8,8
23453,73,72,1,1
23454,125,125,0,0
23455,83,85,-2,2
23456,125,126,-1,1
23457,120,117,3,3
23458,110,107,3,3
23459,197,182,15,15
23460,111,108,3,3
23461,86,92,-6,6
23462,76,69,7,7
23463,150,142,8,8
23464,115,115,0,0
23465,89,97,-8,8
23466,176,162,14,14
23467,64,71,-7,7
23468,120,116,4,4
23469,121,116,5,5
23470,64,80,-16,16
23471,49,62,-13,13
23472,70,64,6,6
23473,112,110,2,2
23474,89,94,-5,5
23475,107,104,3,3
23476,155,160,-5,5
23477,73,77,-4,4
23478,129,137,-8,8
23479,161,153,8,8
23480,89,88,1,1
23481,113,113,0,0
23482,99,87,12,12
23483,127,129,-2,2
23484,115,118,-3,3
23485,78,75,3,3
23486,155,165,-10,10
23487,54,53,1,1
23488,89,87,2,2
23489,115,107,8,8
23490,82,82,0,0
23491,165,160,5,5
23492,90,86,4,4
23493,87,85,2,2
23494,115,110,5,5
23495,70,68,2,2
23496,85,77,8,8
23497,101,100,1,1
23498,118,130,-12,12
23499,135,115,20,20
23500,74,72,2,2
23501,108,115,-7,7
23502,134,131,3,3
23503,109,106,3,3
23504,77,77,0,0
23505,71,64,7,7
23506,78,71,7,7
23507,125,110,15,15
23508,90,88,2,2
23509,47,59,-12,12
23510,89,86,3,3
23511,102,95,7,7
23512,94,95,-1,1
23513,137,139,-2,2
23514,110,102,8,8
23515,100,99,1,1
23516,125,117,8,8
23517,57,90,-33,33
23518,120,121,-1,1
23519,149,141,8,8
23520,69,73,-4,4
23521,91,98,-7,7
23522,69,68,1,1
23523,143,135,8,8
23524,112,103,9,9
23525,108,99,9,9
23526,83,91,-8,8
23527,102,106,-4,4
23528,55,55,0,0
23529,101,96,5,5
23530,39,48,-9,9
23531,173,174,-1,1
23532,98,93,5,5
23533,136,131,5,5
23534,62,61,1,1
23535,188,160,28,28
23536,98,98,0,0
23537,132,125,7,7
23538,89,102,-13,13
23539,106,109,-3,3
23540,101,111,-10,10
23541,150,141,9,9
23542,194,180,14,14
23543,108,111,-3,3
23544,78,89,-11,11
23545,70,69,1,1
23546,93,100,-7,7
23547,65,72,-7,7
23548,113,102,11,11
23549,129,124,5,5
23550,94,98,-4,4
23551,108,104,4,4
23552,90,92,-2,2
23553,68,69,-1,1
23554,98,104,-6,6
23555,96,113,-17,17
23556,85,94,-9,9
23557,137,139,-2,2
23558,112,114,-2,2
23559,168,155,13,13
23560,87,95,-8,8
23561,134,128,6,6
23562,75,80,-5,5
23563,135,130,5,5
23564,81,79,2,2
23565,96,105,-9,9
23566,91,97,-6,6
23567,104,92,12,12
23568,105,99,6,6
23569,56,54,2,2
23570,111,106,5,5
23571,56,65,-9,9
23572,62,61,1,1
23573,103,103,0,0
23574,144,147,-3,3
23575,101,100,1,1
23576,79,74,5,5
23577,102,96,6,6
23578,121,122,-1,1
23579,140,139,1,1
23580,135,134,1,1
23581,80,77,3,3
23582,51,64,-13,13
23583,152,149,3,3
23584,94,95,-1,1
23585,52,53,-1,1
23586,78,82,-4,4
23587,82,82,0,0
23588,75,71,4,4
23589,117,120,-3,3
23590,136,133,3,3
23591,92,91,1,1
23592,55,50,5,5
23593,126,115,11,11
23594,55,60,-5,5
23595,43,49,-6,6
23596,83,90,-7,7
23597,116,125,-9,9
23598,113,111,2,2
23599,60,61,-1,1
23600,100,104,-4,4
23601,100,107,-7,7
23602,113,110,3,3
23603,123,145,-22,22
23604,69,69,0,0
23605,113,134,-21,21
23606,71,75,-4,4
23607,132,126,6,6
23608,151,151,0,0
23609,57,60,-3,3
23610,105,105,0,0
23611,188,169,19,19
23612,79,73,6,6
23613,151,150,1,1
23614,137,142,-5,5
23615,42,50,-8,8
23616,144,141,3,3
23617,41,58,-17,17
23618,82,82,0,0
23619,91,84,7,7
23620,65,67,-2,2
23621,65,65,0,0
23622,103,106,-3,3
23623,116,114,2,2
23624,149,151,-2,2
23625,202,188,14,14
23626,61,64,-3,3
23627,78,78,0,0
23628,154,139,15,15
23629,87,89,-2,2
23630,93,86,7,7
23631,134,138,-4,4
23632,116,122,-6,6
23633,124,131,-7,7
23634,148,146,2,2
23635,140,142,-2,2
23636,69,63,6,6
23637,107,107,0,0
23638,99,95,4,4
23639,137,128,9,9
23640,165,145,20,20
23641,102,94,8,8
23642,116,111,5,5
23643,95,80,15,15
23644,86,104,-18,18
23645,88,99,-11,11
23646,108,108,0,0
23647,153,156,-3,3
23648,69,67,2,2
23649,76,73,3,3
23650,103,101,2,2
23651,79,92,-13,13
23652,129,116,13,13
23653,87,85,2,2
23654,67,68,-1,1
23655,81,82,-1,1
23656,118,114,4,4
23657,69,64,5,5
23658,63,70,-7,7
23659,77,75,2,2
23660,113,110,3,3
23661,143,144,-1,1
23662,57,60,-3,3
23663,86,87,-1,1
23664,36,73,-37,37
23665,128,110,18,18
23666,111,108,3,3
23667,68,74,-6,6
23668,60,67,-7,7
23669,90,88,2,2
23670,99,95,4,4
23671,80,76,4,4
23672,79,90,-11,11
23673,84,92,-8,8
23674,77,66,11,11
23675,132,130,2,2
23676,94,67,27,27
23677,95,98,-3,3
23678,67,70,-3,3
23679,134,127,7,7
23680,148,149,-1,1
23681,92,90,2,2
23682,85,73,12,12
23683,69,78,-9,9
23684,107,116,-9,9
23685,113,132,-19,19
23686,49,54,-5,5
23687,31,48,-17,17
23688,72,77,-5,5
23689,135,137,-2,2
23690,126,117,9,9
23691,67,67,0,0
23692,70,77,-7,7
23693,64,65,-1,1
23694,70,76,-6,6
23695,88,80,8,8
23696,66,72,-6,6
23697,80,89,-9,9
23698,82,97,-15,15
23699,85,86,-1,1
23700,128,126,2,2
23701,116,114,2,2
23702,74,64,10,10
23703,107,106,1,1
23704,74,70,4,4
23705,133,119,14,14
23706,91,86,5,5
23707,100,103,-3,3
23708,90,79,11,11
23709,41,56,-15,15
23710,117,113,4,4
23711,91,95,-4,4
23712,108,123,-15,15
23713,61,55,6,6
23714,201,195,6,6
23715,112,110,2,2
23716,62,59,3,3
23717,70,69,1,1
23718,79,78,1,1
23719,85,79,6,6
23720,138,129,9,9
23721,132,130,2,2
23722,46,54,-8,8
23723,172,172,0,0
23724,120,109,11,11
23725,120,115,5,5
23726,96,102,-6,6
23727,108,104,4,4
23728,125,131,-6,6
23729,72,81,-9,9
23730,110,98,12,12
23731,51,63,-12,12
23732,127,126,1,1
23733,109,111,-2,2
23734,70,66,4,4
23735,91,89,2,2
23736,53,62,-9,9
23737,195,193,2,2
23738,63,64,-1,1
23739,97,100,-3,3
23740,109,102,7,7
23741,116,121,-5,5
23742,52,60,-8,8
23743,66,78,-12,12
23744,70,65,5,5
23745,143,147,-4,4
23746,61,127,-66,66
23747,105,95,10,10
23748,58,54,4,4
23749,141,142,-1,1
23750,64,62,2,2
23751,126,124,2,2
23752,154,153,1,1
23753,103,96,7,7
23754,54,55,-1,1
23755,100,101,-1,1
23756,99,102,-3,3
23757,84,90,-6,6
23758,67,68,-1,1
23759,51,62,-11,11
23760,118,123,-5,5
23761,139,126,13,13
23762,83,84,-1,1
23763,127,128,-1,1
23764,98,93,5,5
23765,86,83,3,3
23766,53,55,-2,2
23767,111,118,-7,7
23768,82,84,-2,2
23769,101,91,10,10
23770,79,80,-1,1
23771,82,91,-9,9
23772,101,91,10,10
23773,172,164,8,8
23774,49,59,-10,10
23775,144,138,6,6
23776,79,78,1,1
23777,71,75,-4,4
23778,109,115,-6,6
23779,97,94,3,3
23780,134,128,6,6
23781,139,161,-22,22
23782,103,101,2,2
23783,104,100,4,4
23784,45,56,-11,11
23785,124,134,-10,10
23786,77,82,-5,5
23787,92,95,-3,3
23788,54,54,0,0
23789,96,95,1,1
23790,77,68,9,9
23791,99,91,8,8
23792,46,49,-3,3
23793,128,132,-4,4
23794,114,124,-10,10
23795,183,177,6,6
23796,74,76,-2,2
23797,152,138,14,14
23798,95,85,10,10
23799,84,76,8,8
23800,103,100,3,3
23801,118,113,5,5
23802,82,97,-15,15
23803,161,171,-10,10
23804,93,82,11,11
23805,91,81,10,10
23806,106,102,4,4
23807,91,84,7,7
23808,52,54,-2,2
23809,89,88,1,1
23810,80,82,-2,2
23811,112,119,-7,7
23812,69,65,4,4
23813,68,64,4,4
23814,219,209,10,10
23815,89,92,-3,3
23816,127,125,2,2
23817,84,96,-12,12
23818,85,83,2,2
23819,28,91,-63,63
23820,141,132,9,9
23821,92,96,-4,4
23822,130,118,12,12
23823,59,62,-3,3
23824,143,134,9,9
23825,145,134,11,11
23826,73,72,1,1
23827,177,176,1,1
23828,169,155,14,14
23829,54,65,-11,11
23830,128,116,12,12
23831,52,55,-3,3
23832,129,131,-2,2
23833,99,101,-2,2
23834,119,102,17,17
23835,75,79,-4,4
23836,119,110,9,9
23837,103,98,5,5
23838,130,129,1,1
23839,119,113,6,6
23840,100,93,7,7
23841,159,165,-6,6
23842,75,71,4,4
23843,86,89,-3,3
23844,123,121,2,2
23845,74,79,-5,5
23846,50,60,-10,10
23847,57,50,7,7
23848,50,56,-6,6
23849,71,73,-2,2
23850,96,97,-1,1
23851,76,73,3,3
23852,130,123,7,7
23853,62,73,-11,11
23854,92,89,3,3
23855,98,103,-5,5
23856,67,57,10,10
23857,231,227,4,4
23858,68,58,10,10
23859,59,55,4,4
23860,82,69,13,13
23861,67,67,0,0
23862,88,82,6,6
23863,138,120,18,18
23864,81,70,11,11
23865,117,116,1,1
23866,67,69,-2,2
23867,57,63,-6,6
23868,53,56,-3,3
23869,87,88,-1,1
23870,123,131,-8,8
23871,128,124,4,4
23872,80,81,-1,1
23873,95,90,5,5
23874,105,109,-4,4
23875,92,93,-1,1
23876,97,91,6,6
23877,96,102,-6,6
23878,114,104,10,10
23879,57,59,-2,2
23880,174,161,13,13
23881,98,95,3,3
23882,96,86,10,10
23883,34,59,-25,25
23884,53,58,-5,5
23885,70,69,1,1
23886,100,106,-6,6
23887,112,117,-5,5
23888,86,91,-5,5
23889,106,102,4,4
23890,75,76,-1,1
23891,97,112,-15,15
23892,93,95,-2,2
23893,105,83,22,22
23894,108,105,3,3
23895,137,146,-9,9
23896,99,105,-6,6
23897,71,74,-3,3
23898,157,164,-7,7
23899,111,112,-1,1
23900,102,92,10,10
23901,144,140,4,4
23902,86,82,4,4
23903,63,74,-11,11
23904,97,89,8,8
23905,30,51,-21,21
23906,77,80,-3,3
23907,111,104,7,7
23908,77,75,2,2
23909,41,54,-13,13
23910,82,89,-7,7
23911,144,137,7,7
23912,117,114,3,3
23913,94,87,7,7
23914,58,56,2,2
23915,101,98,3,3
23916,105,95,10,10
23917,99,111,-12,12
23918,88,84,4,4
23919,69,77,-8,8
23920,67,60,7,7
23921,51,60,-9,9
23922,120,119,1,1
23923,60,62,-2,2
23924,90,86,4,4
23925,81,81,0,0
23926,163,173,-10,10
23927,142,133,9,9
23928,65,69,-4,4
23929,156,153,3,3
23930,52,59,-7,7
23931,74,66,8,8
23932,115,113,2,2
23933,126,136,-10,10
23934,48,54,-6,6
23935,129,136,-7,7
23936,160,149,11,11
23937,110,118,-8,8
23938,121,129,-8,8
23939,97,92,5,5
23940,110,137,-27,27
23941,135,133,2,2
23942,153,158,-5,5
23943,103,128,-25,25
23944,103,98,5,5
23945,119,113,6,6
23946,76,87,-11,11
23947,195,207,-12,12
23948,57,58,-1,1
23949,59,71,-12,12
23950,146,148,-2,2
23951,91,80,11,11
23952,101,97,4,4
23953,240,202,38,38
23954,88,92,-4,4
23955,83,75,8,8
23956,77,78,-1,1
23957,82,95,-13,13
23958,82,93,-11,11
23959,119,109,10,10
23960,106,98,8,8
23961,101,110,-9,9
23962,78,84,-6,6
23963,82,78,4,4
23964,82,83,-1,1
23965,126,113,13,13
23966,87,96,-9,9
23967,96,93,3,3
23968,68,67,1,1
23969,100,93,7,7
23970,71,78,-7,7
23971,91,101,-10,10
23972,118,116,2,2
23973,93,94,-1,1
23974,87,89,-2,2
23975,75,82,-7,7
23976,64,60,4,4
23977,94,90,4,4
23978,45,52,-7,7
23979,97,85,12,12
23980,115,111,4,4
23981,84,78,6,6
23982,139,128,11,11
23983,155,164,-9,9
23984,65,68,-3,3
23985,72,75,-3,3
23986,65,69,-4,4
23987,45,60,-15,15
23988,92,99,-7,7
23989,148,143,5,5
23990,163,144,19,19
23991,80,74,6,6
23992,131,121,10,10
23993,74,78,-4,4
23994,62,64,-2,2
23995,65,61,4,4
23996,110,94,16,16
23997,119,91,28,28
23998,110,103,7,7
23999,89,95,-6,6
24000,104,113,-9,9
24001,110,120,-10,10
24002,83,76,7,7
24003,134,135,-1,1
24004,110,115,-5,5
24005,74,85,-11,11
24006,152,153,-1,1
24007,103,102,1,1
24008,47,53,-6,6
24009,104,97,7,7
24010,59,63,-4,4
24011,76,64,12,12
24012,82,85,-3,3
24013,100,101,-1,1
24014,127,126,1,1
24015,70,67,3,3
24016,71,79,-8,8
24017,83,95,-12,12
24018,80,82,-2,2
24019,102,103,-1,1
24020,70,79,-9,9
24021,89,85,4,4
24022,75,74,1,1
24023,104,100,4,4
24024,84,73,11,11
24025,56,57,-1,1
24026,55,64,-9,9
24027,141,155,-14,14
24028,82,85,-3,3
24029,182,169,13,13
24030,154,158,-4,4
24031,86,84,2,2
24032,78,77,1,1
24033,91,89,2,2
24034,115,119,-4,4
24035,112,119,-7,7
24036,98,117,-19,19
24037,83,78,5,5
24038,58,62,-4,4
24039,72,71,1,1
24040,46,69,-23,23
24041,54,54,0,0
24042,99,100,-1,1
24043,100,129,-29,29
24044,114,117,-3,3
24045,56,52,4,4
24046,49,56,-7,7
24047,63,57,6,6
24048,63,65,-2,2
24049,72,72,0,0
24050,97,94,3,3
24051,59,60,-1,1
24052,123,130,-7,7
24053,109,117,-8,8
24054,108,104,4,4
24055,95,104,-9,9
24056,94,87,7,7
24057,59,64,-5,5
24058,80,84,-4,4
24059,140,141,-1,1
24060,102,104,-2,2
24061,65,68,-3,3
24062,117,111,6,6
24063,63,63,0,0
24064,77,85,-8,8
24065,137,102,35,35
24066,114,115,-1,1
24067,78,71,7,7
24068,45,51,-6,6
24069,84,89,-5,5
24070,96,112,-16,16
24071,62,68,-6,6
24072,67,76,-9,9
24073,178,158,20,20
24074,78,88,-10,10
24075,112,111,1,1
24076,99,85,14,14
24077,94,99,-5,5
24078,86,75,11,11
24079,116,111,5,5
24080,64,61,3,3
24081,51,56,-5,5
24082,176,150,26,26
24083,120,108,12,12
24084,121,103,18,18
24085,84,83,1,1
24086,108,108,0,0
24087,97,97,0,0
24088,91,91,0,0
24089,117,121,-4,4
24090,102,89,13,13
24091,53,56,-3,3
24092,82,82,0,0
24093,63,64,-1,1
24094,50,87,-37,37
24095,121,114,7,7
24096,33,56,-23,23
24097,75,71,4,4
24098,98,101,-3,3
24099,95,90,5,5
24100,94,91,3,3
24101,43,48,-5,5
24102,88,100,-12,12
24103,72,74,-2,2
24104,118,110,8,8
24105,76,81,-5,5
24106,58,57,1,1
24107,104,85,19,19
24108,115,116,-1,1
24109,63,58,5,5
24110,105,110,-5,5
24111,59,55,4,4
24112,58,55,3,3
24113,146,137,9,9
24114,82,87,-5,5
24115,114,123,-9,9
24116,95,88,7,7
24117,46,55,-9,9
24118,122,117,5,5
24119,78,79,-1,1
24120,97,91,6,6
24121,111,112,-1,1
24122,161,152,9,9
24123,157,164,-7,7
24124,90,98,-8,8
24125,69,68,1,1
24126,78,76,2,2
24127,111,106,5,5
24128,56,57,-1,1
24129,83,70,13,13
24130,186,180,6,6
24131,76,81,-5,5
24132,76,80,-4,4
24133,136,137,-1,1
24134,87,83,4,4
24135,87,80,7,7
24136,72,99,-27,27
24137,64,70,-6,6
24138,162,163,-1,1
24139,59,61,-2,2
24140,77,73,4,4
24141,58,58,0,0
24142,65,60,5,5
24143,103,92,11,11
24144,74,76,-2,2
24145,83,72,11,11
24146,62,62,0,0
24147,115,105,10,10
24148,88,93,-5,5
24149,79,85,-6,6
24150,102,100,2,2
24151,76,73,3,3
24152,72,75,-3,3
24153,127,133,-6,6
24154,57,60,-3,3
24155,123,128,-5,5
24156,108,103,5,5
24157,179,163,16,16
24158,56,80,-24,24
24159,129,138,-9,9
24160,76,81,-5,5
24161,160,140,20,20
24162,108,96,12,12
24163,65,67,-2,2
24164,80,76,4,4
24165,68,85,-17,17
24166,125,153,-28,28
24167,55,59,-4,4
24168,101,109,-8,8
24169,102,97,5,5
24170,151,152,-1,1
24171,98,125,-27,27
24172,72,82,-10,10
24173,124,122,2,2
24174,113,106,7,7
24175,84,70,14,14
24176,51,58,-7,7
24177,73,73,0,0
24178,58,61,-3,3
24179,103,103,0,0
24180,89,76,13,13
24181,103,107,-4,4
24182,122,121,1,1
24183,62,68,-6,6
24184,152,139,13,13
24185,49,58,-9,9
24186,76,82,-6,6
24187,107,99,8,8
24188,63,80,-17,17
24189,132,131,1,1
24190,167,109,58,58
24191,105,99,6,6
24192,160,162,-2,2
24193,86,84,2,2
24194,105,98,7,7
24195,88,90,-2,2
24196,102,98,4,4
24197,102,116,-14,14
24198,101,116,-15,15
24199,48,54,-6,6
24200,131,134,-3,3
24201,45,48,-3,3
24202,100,100,0,0
24203,77,76,1,1
24204,131,140,-9,9
24205,106,107,-1,1
24206,115,111,4,4
24207,140,129,11,11
24208,111,116,-5,5
24209,100,110,-10,10
24210,55,61,-6,6
24211,80,77,3,3
24212,98,108,-10,10
24213,61,62,-1,1
24214,106,101,5,5
24215,91,93,-2,2
24216,96,91,5,5
24217,88,84,4,4
24218,79,83,-4,4
24219,108,121,-13,13
24220,108,113,-5,5
24221,137,122,15,15
24222,110,111,-1,1
24223,67,66,1,1
24224,81,77,4,4
24225,74,76,-2,2
24226,95,104,-9,9
24227,36,47,-11,11
24228,96,95,1,1
24229,80,86,-6,6
24230,86,78,8,8
24231,145,159,-14,14
24232,163,167,-4,4
24233,57,57,0,0
24234,91,98,-7,7
24235,100,106,-6,6
24236,55,57,-2,2
24237,118,114,4,4
24238,183,185,-2,2
24239,79,83,-4,4
24240,82,69,13,13
24241,107,106,1,1
24242,47,51,-4,4
24243,103,108,-5,5
24244,78,78,0,0
24245,114,117,-3,3
24246,127,123,4,4
24247,65,69,-4,4
24248,149,159,-10,10
24249,72,67,5,5
24250,75,78,-3,3
24251,99,98,1,1
24252,91,89,2,2
24253,50,63,-13,13
24254,116,113,3,3
24255,150,137,13,13
24256,136,142,-6,6
24257,145,112,33,33
24258,64,71,-7,7
24259,81,80,1,1
24260,76,66,10,10
24261,91,77,14,14
24262,64,58,6,6
24263,52,65,-13,13
24264,85,89,-4,4
24265,93,94,-1,1
24266,80,88,-8,8
24267,84,88,-4,4
24268,71,67,4,4
24269,73,72,1,1
24270,54,58,-4,4
24271,87,78,9,9
24272,88,94,-6,6
24273,50,55,-5,5
24274,122,119,3,3
24275,98,97,1,1
24276,82,74,8,8
24277,173,163,10,10
24278,78,74,4,4
24279,106,98,8,8
24280,103,115,-12,12
24281,78,74,4,4
24282,57,59,-2,2
24283,125,134,-9,9
24284,103,114,-11,11
24285,100,99,1,1
24286,78,80,-2,2
24287,122,110,12,12
24288,122,134,-12,12
24289,135,127,8,8
24290,110,96,14,14
24291,174,159,15,15
24292,54,54,0,0
24293,43,49,-6,6
24294,82,80,2,2
24295,91,88,3,3
24296,104,95,9,9
24297,148,138,10,10
24298,30,47,-17,17
24299,115,110,5,5
24300,122,116,6,6
24301,126,121,5,5
24302,68,75,-7,7
24303,119,102,17,17
24304,124,131,-7,7
24305,81,70,11,11
24306,74,69,5,5
24307,75,76,-1,1
24308,57,63,-6,6
24309,92,77,15,15
24310,79,74,5,5
24311,118,124,-6,6
24312,62,69,-7,7
24313,86,78,8,8
24314,57,47,10,10
24315,93,108,-15,15
24316,111,100,11,11
24317,77,77,0,0
24318,66,74,-8,8
24319,142,108,34,34
24320,117,104,13,13
24321,48,54,-6,6
24322,195,181,14,14
24323,100,101,-1,1
24324,103,81,22,22
24325,59,69,-10,10
24326,76,76,0,0
24327,108,110,-2,2
24328,127,130,-3,3
24329,91,80,11,11
24330,67,73,-6,6
24331,157,152,5,5
24332,120,133,-13,13
24333,79,80,-1,1
24334,95,95,0,0
24335,103,104,-1,1
24336,126,124,2,2
24337,73,99,-26,26
24338,53,64,-11,11
24339,126,127,-1,1
24340,78,73,5,5
24341,128,130,-2,2
24342,51,59,-8,8
24343,76,73,3,3
24344,130,133,-3,3
24345,87,91,-4,4
24346,76,81,-5,5
24347,71,66,5,5
24348,115,115,0,0
24349,119,117,2,2
24350,75,73,2,2
24351,75,84,-9,9
24352,93,87,6,6
24353,128,137,-9,9
24354,127,158,-31,31
24355,94,93,1,1
24356,133,123,10,10
24357,53,52,1,1
24358,146,131,15,15
24359,117,133,-16,16
24360,74,73,1,1
24361,126,123,3,3
24362,41,55,-14,14
24363,143,145,-2,2
24364,90,89,1,1
24365,73,80,-7,7
24366,156,153,3,3
24367,72,67,5,5
24368,59,59,0,0
24369,27,58,-31,31
24370,93,96,-3,3
24371,87,90,-3,3
24372,44,62,-18,18
24373,182,179,3,3
24374,90,93,-3,3
24375,170,157,13,13
24376,128,128,0,0
24377,102,101,1,1
24378,99,98,1,1
24379,106,98,8,8
24380,86,81,5,5
24381,127,113,14,14
24382,99,86,13,13
24383,101,104,-3,3
24384,155,141,14,14
24385,184,166,18,18
24386,98,97,1,1
24387,95,95,0,0
24388,108,136,-28,28
24389,103,109,-6,6
24390,147,145,2,2
24391,100,94,6,6
24392,76,98,-22,22
24393,308,249,59,59
24394,71,93,-22,22
24395,80,81,-1,1
24396,88,82,6,6
24397,92,104,-12,12
24398,105,111,-6,6
24399,63,71,-8,8
24400,89,85,4,4
24401,77,87,-10,10
24402,94,93,1,1
24403,72,84,-12,12
24404,65,63,2,2
24405,132,125,7,7
24406,90,87,3,3
24407,83,83,0,0
24408,35,69,-34,34
24409,163,158,5,5
24410,73,71,2,2
24411,117,118,-1,1
24412,87,83,4,4
24413,70,76,-6,6
24414,189,179,10,10
24415,81,76,5,5
24416,59,74,-15,15
24417,110,117,-7,7
24418,103,111,-8,8
24419,89,92,-3,3
24420,90,78,12,12
24421,475,348,127,127
24422,66,61,5,5
24423,97,101,-4,4
24424,89,82,7,7
24425,106,104,2,2
24426,81,78,3,3
24427,143,141,2,2
24428,113,111,2,2
24429,83,87,-4,4
24430,276,282,-6,6
24431,88,85,3,3
24432,91,94,-3,3
24433,179,163,16,16
24434,175,133,42,42
24435,86,84,2,2
24436,60,61,-1,1
24437,86,84,2,2
24438,104,98,6,6
24439,144,143,1,1
24440,93,90,3,3
24441,98,98,0,0
24442,59,68,-9,9
24443,112,149,-37,37
24444,98,110,-12,12
24445,60,62,-2,2
24446,72,68,4,4
24447,42,50,-8,8
24448,57,58,-1,1
24449,138,129,9,9
24450,99,95,4,4
24451,134,137,-3,3
24452,96,80,16,16
24453,101,105,-4,4
24454,88,104,-16,16
24455,79,83,-4,4
24456,61,59,2,2
24457,77,67,10,10
24458,119,123,-4,4
24459,124,117,7,7
24460,77,80,-3,3
24461,81,81,0,0
24462,70,70,0,0
24463,120,132,-12,12
24464,90,99,-9,9
24465,88,94,-6,6
24466,49,60,-11,11
24467,70,68,2,2
24468,90,88,2,2
24469,70,65,5,5
24470,119,106,13,13
24471,99,101,-2,2
24472,79,83,-4,4
24473,112,111,1,1
24474,63,66,-3,3
24475,40,51,-11,11
24476,145,139,6,6
24477,82,77,5,5
24478,87,89,-2,2
24479,75,71,4,4
24480,71,70,1,1
24481,84,80,4,4
24482,85,79,6,6
24483,101,94,7,7
24484,111,97,14,14
24485,90,93,-3,3
24486,63,63,0,0
24487,174,182,-8,8
24488,106,102,4,4
24489,64,70,-6,6
24490,33,49,-16,16
24491,100,111,-11,11
24492,185,164,21,21
24493,68,67,1,1
24494,29,47,-18,18
24495,45,50,-5,5
24496,58,65,-7,7
24497,120,112,8,8
24498,124,115,9,9
24499,70,66,4,4
24500,104,111,-7,7
24501,101,97,4,4
24502,92,91,1,1
24503,81,77,4,4
24504,59,60,-1,1
24505,84,83,1,1
24506,67,72,-5,5
24507,105,97,8,8
24508,81,79,2,2
24509,56,59,-3,3
24510,115,118,-3,3
24511,117,113,4,4
24512,95,87,8,8
24513,134,124,10,10
24514,89,91,-2,2
24515,136,135,1,1
24516,100,101,-1,1
24517,95,108,-13,13
24518,73,77,-4,4
24519,58,69,-11,11
24520,157,147,10,10
24521,77,78,-1,1
24522,54,57,-3,3
24523,90,102,-12,12
24524,85,90,-5,5
24525,71,74,-3,3
24526,73,71,2,2
24527,87,79,8,8
24528,57,62,-5,5
24529,64,63,1,1
24530,72,73,-1,1
24531,184,158,26,26
24532,152,122,30,30
24533,88,90,-2,2
24534,90,87,3,3
24535,96,104,-8,8
24536,117,105,12,12
24537,65,63,2,2
24538,101,92,9,9
24539,130,135,-5,5
24540,189,174,15,15
24541,80,84,-4,4
24542,72,75,-3,3
24543,99,107,-8,8
24544,131,127,4,4
24545,120,131,-11,11
24546,64,70,-6,6
24547,59,50,9,9
24548,69,69,0,0
24549,44,53,-9,9
24550,85,95,-10,10
24551,51,69,-18,18
24552,70,73,-3,3
24553,61,68,-7,7
24554,110,125,-15,15
24555,69,73,-4,4
24556,56,57,-1,1
24557,125,140,-15,15
24558,91,84,7,7
24559,53,64,-11,11
24560,91,91,0,0
24561,42,55,-13,13
24562,85,85,0,0
24563,33,46,-13,13
24564,94,81,13,13
24565,143,142,1,1
24566,72,63,9,9
24567,85,84,1,1
24568,132,136,-4,4
24569,103,97,6,6
24570,131,108,23,23
24571,72,73,-1,1
24572,109,113,-4,4
24573,104,105,-1,1
24574,128,123,5,5
24575,147,140,7,7
24576,90,87,3,3
24577,44,57,-13,13
24578,84,83,1,1
24579,129,134,-5,5
24580,76,91,-15,15
24581,82,90,-8,8
24582,155,132,23,23
24583,141,131,10,10
24584,110,121,-11,11
24585,117,124,-7,7
24586,112,115,-3,3
24587,109,116,-7,7
24588,63,54,9,9
24589,68,68,0,0
24590,140,136,4,4
24591,42,57,-15,15
24592,97,108,-11,11
24593,73,68,5,5
24594,49,53,-4,4
24595,163,142,21,21
24596,116,116,0,0
24597,98,113,-15,15
24598,97,96,1,1
24599,76,78,-2,2
24600,84,83,1,1
24601,52,51,1,1
24602,134,131,3,3
24603,62,58,4,4
24604,123,127,-4,4
24605,55,55,0,0
24606,80,84,-4,4
24607,77,76,1,1
24608,121,133,-12,12
24609,45,51,-6,6
24610,66,70,-4,4
24611,59,62,-3,3
24612,45,55,-10,10
24613,63,60,3,3
24614,65,78,-13,13
24615,95,91,4,4
24616,84,80,4,4
24617,110,131,-21,21
24618,83,84,-1,1
24619,133,118,15,15
24620,111,107,4,4
24621,69,70,-1,1
24622,43,51,-8,8
24623,97,102,-5,5
24624,78,91,-13,13
24625,75,74,1,1
24626,130,118,12,12
24627,73,75,-2,2
24628,156,159,-3,3
24629,110,98,12,12
24630,132,134,-2,2
24631,108,112,-4,4
24632,97,99,-2,2
24633,139,135,4,4
24634,88,85,3,3
24635,136,124,12,12
24636,115,106,9,9
24637,141,134,7,7
24638,125,123,2,2
24639,114,111,3,3
24640,127,123,4,4
24641,87,89,-2,2
24642,126,126,0,0
24643,83,92,-9,9
24644,68,63,5,5
24645,100,97,3,3
24646,67,72,-5,5
24647,79,67,12,12
24648,123,120,3,3
24649,49,59,-10,10
24650,73,86,-13,13
24651,105,100,5,5
24652,86,84,2,2
24653,78,85,-7,7
24654,97,91,6,6
24655,95,103,-8,8
24656,46,59,-13,13
24657,105,112,-7,7
24658,157,148,9,9
24659,97,111,-14,14
24660,130,119,11,11
24661,114,128,-14,14
24662,56,63,-7,7
24663,37,48,-11,11
24664,133,133,0,0
24665,80,99,-19,19
24666,56,55,1,1
24667,64,63,1,1
24668,78,81,-3,3
24669,96,88,8,8
24670,90,84,6,6
24671,126,118,8,8
24672,85,86,-1,1
24673,60,56,4,4
24674,92,87,5,5
24675,105,106,-1,1
24676,92,95,-3,3
24677,85,83,2,2
24678,187,167,20,20
24679,108,120,-12,12
24680,64,62,2,2
24681,99,94,5,5
24682,92,95,-3,3
24683,111,110,1,1
24684,83,73,10,10
24685,92,85,7,7
24686,68,62,6,6
24687,158,140,18,18
24688,54,57,-3,3
24689,86,75,11,11
24690,94,92,2,2
24691,102,100,2,2
24692,55,56,-1,1
24693,52,62,-10,10
24694,69,75,-6,6
24695,97,93,4,4
24696,59,65,-6,6
24697,86,85,1,1
24698,104,108,-4,4
24699,119,129,-10,10
24700,124,109,15,15
24701,99,97,2,2
24702,94,89,5,5
24703,129,134,-5,5
24704,134,117,17,17
24705,58,66,-8,8
24706,131,119,12,12
24707,100,93,7,7
24708,97,90,7,7
24709,75,68,7,7
24710,133,129,4,4
24711,87,78,9,9
24712,76,74,2,2
24713,55,59,-4,4
24714,167,167,0,0
24715,108,116,-8,8
24716,64,65,-1,1
24717,56,66,-10,10
24718,49,84,-35,35
24719,55,50,5,5
24720,80,96,-16,16
24721,55,57,-2,2
24722,169,161,8,8
24723,156,152,4,4
24724,102,96,6,6
24725,94,90,4,4
24726,92,89,3,3
24727,116,130,-14,14
24728,120,125,-5,5
24729,107,106,1,1
24730,113,115,-2,2
24731,75,75,0,0
24732,67,61,6,6
24733,98,89,9,9
24734,193,176,17,17
24735,165,164,1,1
24736,92,81,11,11
24737,53,57,-4,4
24738,82,91,-9,9
24739,113,118,-5,5
24740,89,95,-6,6
24741,93,84,9,9
24742,94,93,1,1
24743,87,83,4,4
24744,145,132,13,13
24745,142,134,8,8
24746,115,112,3,3
24747,82,89,-7,7
24748,87,91,-4,4
24749,74,72,2,2
24750,61,86,-25,25
24751,125,120,5,5
24752,74,74,0,0
24753,129,125,4,4
24754,88,83,5,5
24755,93,94,-1,1
24756,83,83,0,0
24757,123,111,12,12
24758,103,99,4,4
24759,136,138,-2,2
24760,88,86,2,2
24761,94,90,4,4
24762,71,75,-4,4
24763,80,89,-9,9
24764,73,72,1,1
24765,90,82,8,8
24766,81,79,2,2
24767,85,92,-7,7
24768,48,59,-11,11
24769,122,134,-12,12
24770,120,114,6,6
24771,100,104,-4,4
24772,123,115,8,8
24773,154,140,14,14
24774,49,56,-7,7
24775,110,94,16,16
24776,90,94,-4,4
24777,103,98,5,5
24778,69,77,-8,8
24779,113,107,6,6
24780,102,101,1,1
24781,80,109,-29,29
24782,45,51,-6,6
24783,154,150,4,4
24784,116,105,11,11
24785,125,121,4,4
24786,182,167,15,15
24787,68,65,3,3
24788,82,70,12,12
24789,78,77,1,1
24790,60,74,-14,14
24791,119,110,9,9
24792,76,77,-1,1
24793,102,101,1,1
24794,94,114,-20,20
24795,76,80,-4,4
24796,52,54,-2,2
24797,82,73,9,9
24798,117,119,-2,2
24799,110,104,6,6
24800,165,155,10,10
24801,79,70,9,9
24802,132,127,5,5
24803,118,113,5,5
24804,95,87,8,8
24805,74,79,-5,5
24806,52,77,-25,25
24807,104,109,-5,5
24808,103,129,-26,26
24809,119,116,3,3
24810,99,97,2,2
24811,141,134,7,7
24812,62,59,3,3
24813,95,95,0,0
24814,115,112,3,3
24815,97,109,-12,12
24816,46,68,-22,22
24817,122,129,-7,7
24818,121,122,-1,1
24819,102,108,-6,6
24820,148,141,7,7
24821,71,65,6,6
24822,114,100,14,14
24823,126,121,5,5
24824,84,81,3,3
24825,83,81,2,2
24826,101,86,15,15
24827,98,96,2,2
24828,121,113,8,8
24829,84,94,-10,10
24830,56,66,-10,10
24831,90,76,14,14
24832,85,79,6,6
24833,87,82,5,5
24834,113,116,-3,3
24835,140,139,1,1
24836,116,117,-1,1
24837,120,128,-8,8
24838,82,78,4,4
24839,150,141,9,9
24840,89,85,4,4
24841,72,71,1,1
24842,106,108,-2,2
24843,66,73,-7,7
24844,67,66,1,1
24845,78,75,3,3
24846,118,112,6,6
24847,83,96,-13,13
24848,133,140,-7,7
24849,127,126,1,1
24850,178,166,12,12
24851,70,69,1,1
24852,50,56,-6,6
24853,121,114,7,7
24854,127,123,4,4
24855,62,58,4,4
24856,74,75,-1,1
24857,79,78,1,1
24858,95,89,6,6
24859,103,107,-4,4
24860,113,102,11,11
24861,58,74,-16,16
24862,162,125,37,37
24863,43,52,-9,9
24864,73,69,4,4
24865,60,61,-1,1
24866,134,127,7,7
24867,66,68,-2,2
24868,42,61,-19,19
24869,89,83,6,6
24870,82,70,12,12
24871,133,131,2,2
24872,28,52,-24,24
24873,120,108,12,12
24874,60,56,4,4
24875,59,66,-7,7
24876,54,57,-3,3
24877,81,85,-4,4
24878,102,99,3,3
24879,47,54,-7,7
24880,90,77,13,13
24881,123,111,12,12
24882,83,81,2,2
24883,92,109,-17,17
24884,105,101,4,4
24885,108,98,10,10
24886,114,126,-12,12
24887,57,62,-5,5
24888,67,65,2,2
24889,85,91,-6,6
24890,68,70,-2,2
24891,55,57,-2,2
24892,93,87,6,6
24893,61,64,-3,3
24894,61,62,-1,1
24895,87,87,0,0
24896,85,82,3,3
24897,88,91,-3,3
24898,57,59,-2,2
24899,65,67,-2,2
24900,58,62,-4,4
24901,118,116,2,2
24902,94,97,-3,3
24903,164,162,2,2
24904,74,76,-2,2
24905,106,153,-47,47
24906,97,112,-15,15
24907,117,117,0,0
24908,123,124,-1,1
24909,72,81,-9,9
24910,73,73,0,0
24911,105,151,-46,46
24912,53,57,-4,4
24913,63,65,-2,2
24914,85,80,5,5
24915,136,143,-7,7
24916,113,102,11,11
24917,92,104,-12,12
24918,97,100,-3,3
24919,95,107,-12,12
24920,106,101,5,5
24921,167,159,8,8
24922,121,132,-11,11
24923,42,52,-10,10
24924,80,87,-7,7
24925,48,51,-3,3
24926,116,115,1,1
24927,117,117,0,0
24928,67,66,1,1
24929,69,69,0,0
24930,114,102,12,12
24931,134,123,11,11
24932,91,84,7,7
24933,88,85,3,3
24934,130,130,0,0
24935,187,187,0,0
24936,99,104,-5,5
24937,95,105,-10,10
24938,151,150,1,1
24939,97,97,0,0
24940,66,65,1,1
24941,39,50,-11,11
24942,114,116,-2,2
24943,124,117,7,7
24944,109,111,-2,2
24945,92,110,-18,18
24946,50,53,-3,3
24947,139,133,6,6
24948,116,118,-2,2
24949,79,78,1,1
24950,69,84,-15,15
24951,95,99,-4,4
24952,112,115,-3,3
24953,57,66,-9,9
24954,57,61,-4,4
24955,112,121,-9,9
24956,77,80,-3,3
24957,79,87,-8,8
24958,115,110,5,5
24959,52,59,-7,7
24960,121,104,17,17
24961,93,93,0,0
24962,51,54,-3,3
24963,71,75,-4,4
24964,126,129,-3,3
24965,149,140,9,9
24966,91,109,-18,18
24967,142,144,-2,2
24968,55,66,-11,11
24969,110,110,0,0
24970,197,199,-2,2
24971,85,85,0,0
24972,115,113,2,2
24973,111,103,8,8
24974,136,126,10,10
24975,57,59,-2,2
24976,100,88,12,12
24977,121,113,8,8
24978,105,97,8,8
24979,145,154,-9,9
24980,93,90,3,3
24981,104,106,-2,2
24982,104,94,10,10
24983,89,81,8,8
24984,82,83,-1,1
24985,137,124,13,13
24986,112,101,11,11
24987,99,91,8,8
24988,94,93,1,1
24989,140,130,10,10
24990,75,81,-6,6
24991,114,120,-6,6
24992,71,71,0,0
24993,155,136,19,19
24994,71,73,-2,2
24995,61,62,-1,1
24996,84,96,-12,12
24997,75,72,3,3
24998,128,141,-13,13
24999,247,251,-4,4
25000,101,107,-6,6
25001,113,103,10,10
25002,116,113,3,3
25003,112,112,0,0
25004,83,86,-3,3
25005,52,59,-7,7
25006,73,58,15,15
25007,43,60,-17,17
25008,96,100,-4,4
25009,49,57,-8,8
25010,57,63,-6,6
25011,104,126,-22,22
25012,86,85,1,1
25013,66,65,1,1
25014,69,79,-10,10
25015,92,96,-4,4
25016,120,123,-3,3
25017,124,128,-4,4
25018,109,106,3,3
25019,90,102,-12,12
25020,88,88,0,0
25021,60,59,1,1
25022,100,105,-5,5
25023,171,202,-31,31
25024,55,63,-8,8
25025,143,140,3,3
25026,104,100,4,4
25027,120,120,0,0
25028,132,130,2,2
25029,142,145,-3,3
25030,68,69,-1,1
25031,74,69,5,5
25032,107,107,0,0
25033,82,76,6,6
25034,48,48,0,0
25035,83,81,2,2
25036,66,65,1,1
25037,90,90,0,0
25038,114,120,-6,6
25039,123,107,16,16
25040,140,128,12,12
25041,71,64,7,7
25042,112,104,8,8
25043,175,187,-12,12
25044,148,134,14,14
25045,87,83,4,4
25046,156,158,-2,2
25047,44,55,-11,11
25048,105,105,0,0
25049,120,126,-6,6
25050,65,63,2,2
25051,120,123,-3,3
25052,69,66,3,3
25053,91,101,-10,10
25054,135,118,17,17
25055,133,136,-3,3
25056,81,83,-2,2
25057,74,66,8,8
25058,144,147,-3,3
25059,146,144,2,2
25060,95,82,13,13
25061,223,194,29,29
25062,126,108,18,18
25063,49,51,-2,2
25064,102,102,0,0
25065,116,111,5,5
25066,60,60,0,0
25067,154,147,7,7
25068,134,111,23,23
25069,100,99,1,1
25070,76,69,7,7
25071,74,71,3,3
25072,77,66,11,11
25073,88,87,1,1
25074,76,86,-10,10
25075,81,80,1,1
25076,165,161,4,4
25077,108,110,-2,2
25078,53,62,-9,9
25079,59,63,-4,4
25080,85,104,-19,19
25081,98,94,4,4
25082,58,58,0,0
25083,105,105,0,0
25084,148,145,3,3
25085,159,140,19,19
25086,163,168,-5,5
25087,102,97,5,5
25088,71,93,-22,22
25089,156,142,14,14
25090,97,90,7,7
25091,97,91,6,6
25092,72,73,-1,1
25093,83,107,-24,24
25094,81,71,10,10
25095,103,97,6,6
25096,95,95,0,0
25097,82,93,-11,11
25098,121,117,4,4
25099,78,81,-3,3
25100,98,92,6,6
25101,145,148,-3,3
25102,122,119,3,3
25103,123,118,5,5
25104,76,68,8,8
25105,195,180,15,15
25106,48,50,-2,2
25107,59,70,-11,11
25108,73,74,-1,1
25109,73,74,-1,1
25110,63,58,5,5
25111,178,157,21,21
25112,69,69,0,0
25113,96,95,1,1
25114,67,70,-3,3
25115,46,51,-5,5
25116,88,89,-1,1
25117,47,55,-8,8
25118,45,50,-5,5
25119,47,56,-9,9
25120,123,118,5,5
25121,124,122,2,2
25122,167,161,6,6
25123,136,125,11,11
25124,72,75,-3,3
25125,109,110,-1,1
25126,74,77,-3,3
25127,80,78,2,2
25128,126,125,1,1
25129,119,113,6,6
25130,60,63,-3,3
25131,98,98,0,0
25132,128,116,12,12
25133,96,91,5,5
25134,109,105,4,4
25135,135,128,7,7
25136,86,80,6,6
25137,125,124,1,1
25138,71,79,-8,8
25139,137,134,3,3
25140,86,90,-4,4
25141,150,159,-9,9
25142,83,90,-7,7
25143,57,59,-2,2
25144,87,90,-3,3
25145,58,68,-10,10
25146,74,82,-8,8
25147,168,147,21,21
25148,145,134,11,11
25149,65,65,0,0
25150,76,79,-3,3
25151,114,112,2,2
25152,151,153,-2,2
25153,146,160,-14,14
25154,65,69,-4,4
25155,77,95,-18,18
25156,165,149,16,16
25157,89,111,-22,22
25158,107,101,6,6
25159,96,115,-19,19
25160,115,117,-2,2
25161,74,68,6,6
25162,160,159,1,1
25163,82,86,-4,4
25164,80,77,3,3
25165,94,100,-6,6
25166,97,96,1,1
25167,48,67,-19,19
25168,79,71,8,8
25169,16,45,-29,29
25170,100,99,1,1
25171,51,65,-14,14
25172,86,83,3,3
25173,108,109,-1,1
25174,46,48,-2,2
25175,55,59,-4,4
25176,112,125,-13,13
25177,84,82,2,2
25178,100,101,-1,1
25179,150,139,11,11
25180,138,133,5,5
25181,92,87,5,5
25182,66,70,-4,4
25183,103,100,3,3
25184,96,93,3,3
25185,148,153,-5,5
25186,81,80,1,1
25187,45,72,-27,27
25188,126,123,3,3
25189,168,162,6,6
25190,76,79,-3,3
25191,134,145,-11,11
25192,83,86,-3,3
25193,118,111,7,7
25194,117,107,10,10
25195,100,109,-9,9
25196,96,102,-6,6
25197,122,117,5,5
25198,76,83,-7,7
25199,96,108,-12,12
25200,103,97,6,6
25201,70,71,-1,1
25202,209,186,23,23
25203,75,76,-1,1
25204,54,69,-15,15
25205,111,109,2,2
25206,70,67,3,3
25207,100,103,-3,3
25208,108,98,10,10
25209,56,63,-7,7
25210,172,184,-12,12
25211,67,69,-2,2
25212,118,105,13,13
25213,47,56,-9,9
25214,69,70,-1,1
25215,85,92,-7,7
25216,63,61,2,2
25217,267,231,36,36
25218,101,103,-2,2
25219,126,118,8,8
25220,99,101,-2,2
25221,124,133,-9,9
25222,145,132,13,13
25223,83,77,6,6
25224,96,88,8,8
25225,149,170,-21,21
25226,65,67,-2,2
25227,83,80,3,3
25228,51,53,-2,2
25229,73,87,-14,14
25230,164,148,16,16
25231,76,83,-7,7
25232,86,82,4,4
25233,128,120,8,8
25234,126,112,14,14
25235,75,74,1,1
25236,85,85,0,0
25237,59,54,5,5
25238,80,74,6,6
25239,115,109,6,6
25240,96,90,6,6
25241,57,60,-3,3
25242,78,72,6,6
25243,92,81,11,11
25244,114,114,0,0
25245,97,88,9,9
25246,67,72,-5,5
25247,68,89,-21,21
25248,88,86,2,2
25249,58,59,-1,1
25250,86,93,-7,7
25251,81,80,1,1
25252,80,82,-2,2
25253,107,111,-4,4
25254,65,65,0,0
25255,77,75,2,2
25256,30,63,-33,33
25257,81,85,-4,4
25258,91,100,-9,9
25259,62,69,-7,7
25260,78,91,-13,13
25261,103,99,4,4
25262,113,108,5,5
25263,121,117,4,4
25264,75,76,-1,1
25265,113,115,-2,2
25266,52,59,-7,7
25267,93,101,-8,8
25268,51,61,-10,10
25269,128,114,14,14
25270,86,75,11,11
25271,107,108,-1,1
25272,105,106,-1,1
25273,195,181,14,14
25274,64,60,4,4
25275,56,68,-12,12
25276,38,110,-72,72
25277,111,132,-21,21
25278,72,75,-3,3
25279,103,104,-1,1
25280,93,90,3,3
25281,90,97,-7,7
25282,64,72,-8,8
25283,142,133,9,9
25284,96,102,-6,6
25285,85,87,-2,2
25286,99,99,0,0
25287,52,58,-6,6
25288,117,139,-22,22
25289,76,77,-1,1
25290,80,67,13,13
25291,99,93,6,6
25292,103,97,6,6
25293,60,67,-7,7
25294,96,97,-1,1
25295,112,110,2,2
25296,77,71,6,6
25297,126,119,7,7
25298,125,125,0,0
25299,132,137,-5,5
25300,79,84,-5,5
25301,106,108,-2,2
25302,35,51,-16,16
25303,85,79,6,6
25304,63,63,0,0
25305,65,73,-8,8
25306,23,55,-32,32
25307,73,75,-2,2
25308,103,107,-4,4
25309,79,78,1,1
25310,81,85,-4,4
25311,54,55,-1,1
25312,77,78,-1,1
25313,90,87,3,3
25314,92,93,-1,1
25315,54,58,-4,4
25316,101,104,-3,3
25317,102,90,12,12
25318,77,83,-6,6
25319,113,126,-13,13
25320,166,157,9,9
25321,74,80,-6,6
25322,116,118,-2,2
25323,127,133,-6,6
25324,89,87,2,2
25325,101,100,1,1
25326,103,107,-4,4
25327,127,126,1,1
25328,83,77,6,6
25329,123,126,-3,3
25330,118,122,-4,4
25331,160,159,1,1
25332,79,81,-2,2
25333,76,69,7,7
25334,51,51,0,0
25335,110,116,-6,6
25336,112,129,-17,17
25337,73,74,-1,1
25338,90,84,6,6
25339,87,88,-1,1
25340,97,98,-1,1
25341,51,52,-1,1
25342,175,173,2,2
25343,51,56,-5,5
25344,96,93,3,3
25345,96,81,15,15
25346,87,90,-3,3
25347,98,97,1,1
25348,195,177,18,18
25349,74,71,3,3
25350,111,103,8,8
25351,62,62,0,0
25352,62,73,-11,11
25353,50,54,-4,4
25354,77,74,3,3
25355,68,58,10,10
25356,72,77,-5,5
25357,82,74,8,8
25358,69,71,-2,2
25359,133,135,-2,2
25360,57,59,-2,2
25361,87,101,-14,14
25362,86,81,5,5
25363,53,84,-31,31
25364,111,136,-25,25
25365,85,94,-9,9
25366,68,68,0,0
25367,82,88,-6,6
25368,125,115,10,10
25369,127,118,9,9
25370,46,85,-39,39
25371,125,131,-6,6
25372,133,124,9,9
25373,84,91,-7,7
25374,70,70,0,0
25375,130,116,14,14
25376,86,89,-3,3
25377,161,155,6,6
25378,100,125,-25,25
25379,107,108,-1,1
25380,89,91,-2,2
25381,62,52,10,10
25382,75,77,-2,2
25383,82,81,1,1
25384,104,111,-7,7
25385,83,98,-15,15
25386,109,104,5,5
25387,57,57,0,0
25388,125,124,1,1
25389,87,77,10,10
25390,201,176,25,25
25391,75,76,-1,1
25392,80,80,0,0
25393,143,158,-15,15
25394,120,119,1,1
25395,146,146,0,0
25396,70,67,3,3
25397,93,91,2,2
25398,110,112,-2,2
25399,43,54,-11,11
25400,97,90,7,7
25401,70,67,3,3
25402,85,82,3,3
25403,91,99,-8,8
25404,85,88,-3,3
25405,120,114,6,6
25406,70,72,-2,2
25407,61,67,-6,6
25408,67,68,-1,1
25409,156,150,6,6
25410,45,58,-13,13
25411,121,130,-9,9
25412,93,105,-12,12
25413,111,121,-10,10
25414,72,77,-5,5
25415,44,53,-9,9
25416,140,150,-10,10
25417,52,59,-7,7
25418,70,75,-5,5
25419,117,121,-4,4
25420,60,67,-7,7
25421,73,91,-18,18
25422,107,100,7,7
25423,90,98,-8,8
25424,59,70,-11,11
25425,102,104,-2,2
25426,73,74,-1,1
25427,86,89,-3,3
25428,58,59,-1,1
25429,66,65,1,1
25430,62,101,-39,39
25431,130,126,4,4
25432,121,105,16,16
25433,114,106,8,8
25434,128,129,-1,1
25435,106,109,-3,3
25436,94,88,6,6
25437,139,138,1,1
25438,57,58,-1,1
25439,62,74,-12,12
25440,59,62,-3,3
25441,134,123,11,11
25442,88,85,3,3
25443,67,75,-8,8
25444,91,91,0,0
25445,79,74,5,5
25446,99,103,-4,4
25447,135,149,-14,14
25448,118,120,-2,2
25449,97,94,3,3
25450,96,87,9,9
25451,81,82,-1,1
25452,93,97,-4,4
25453,108,110,-2,2
25454,69,65,4,4
25455,106,113,-7,7
25456,80,84,-4,4
25457,108,107,1,1
25458,95,86,9,9
25459,41,48,-7,7
25460,97,96,1,1
25461,161,132,29,29
25462,96,92,4,4
25463,86,93,-7,7
25464,123,114,9,9
25465,84,74,10,10
25466,81,84,-3,3
25467,99,98,1,1
25468,108,99,9,9
25469,57,62,-5,5
25470,82,84,-2,2
25471,117,143,-26,26
25472,78,89,-11,11
25473,206,203,3,3
25474,70,72,-2,2
25475,66,70,-4,4
25476,132,118,14,14
25477,73,71,2,2
25478,53,58,-5,5
25479,47,54,-7,7
25480,73,82,-9,9
25481,72,75,-3,3
25482,96,91,5,5
25483,182,183,-1,1
25484,80,74,6,6
25485,98,93,5,5
25486,103,105,-2,2
25487,182,180,2,2
25488,136,148,-12,12
25489,101,102,-1,1
25490,81,74,7,7
25491,161,149,12,12
25492,83,91,-8,8
25493,57,67,-10,10
25494,119,107,12,12
25495,103,95,8,8
25496,143,130,13,13
25497,61,103,-42,42
25498,117,113,4,4
25499,113,112,1,1
25500,94,97,-3,3
25501,70,71,-1,1
25502,116,121,-5,5
25503,102,91,11,11
25504,154,151,3,3
25505,91,84,7,7
25506,105,111,-6,6
25507,114,122,-8,8
25508,160,163,-3,3
25509,94,94,0,0
25510,151,137,14,14
25511,170,166,4,4
25512,76,71,5,5
25513,74,72,2,2
25514,101,102,-1,1
25515,62,59,3,3
25516,84,85,-1,1
25517,109,113,-4,4
25518,106,101,5,5
25519,119,111,8,8
25520,89,94,-5,5
25521,53,53,0,0
25522,37,53,-16,16
25523,97,98,-1,1
25524,91,84,7,7
25525,94,88,6,6
25526,111,98,13,13
25527,203,203,0,0
25528,71,70,1,1
25529,63,66,-3,3
25530,55,59,-4,4
25531,87,81,6,6
25532,125,142,-17,17
25533,101,106,-5,5
25534,98,86,12,12
25535,116,123,-7,7
25536,79,85,-6,6
25537,206,197,9,9
25538,102,114,-12,12
25539,153,148,5,5
25540,86,92,-6,6
25541,60,59,1,1
25542,95,106,-11,11
25543,156,146,10,10
25544,90,83,7,7
25545,131,124,7,7
25546,107,100,7,7
25547,56,57,-1,1
25548,96,97,-1,1
25549,67,77,-10,10
25550,66,67,-1,1
25551,116,118,-2,2
25552,97,102,-5,5
25553,132,129,3,3
25554,87,92,-5,5
25555,94,97,-3,3
25556,50,53,-3,3
25557,104,95,9,9
25558,179,189,-10,10
25559,121,104,17,17
25560,54,58,-4,4
25561,86,76,10,10
25562,29,54,-25,25
25563,109,105,4,4
25564,81,91,-10,10
25565,75,82,-7,7
25566,179,165,14,14
25567,59,53,6,6
25568,122,115,7,7
25569,209,192,17,17
25570,53,59,-6,6
25571,79,71,8,8
25572,97,94,3,3
25573,99,104,-5,5
25574,50,56,-6,6
25575,81,86,-5,5
25576,77,76,1,1
25577,179,169,10,10
25578,100,106,-6,6
25579,57,65,-8,8
25580,88,90,-2,2
25581,47,52,-5,5
25582,92,94,-2,2
25583,94,84,10,10
25584,49,72,-23,23
25585,155,135,20,20
25586,93,99,-6,6
25587,160,146,14,14
25588,34,52,-18,18
25589,109,102,7,7
25590,112,110,2,2
25591,65,61,4,4
25592,76,68,8,8
25593,82,94,-12,12
25594,97,83,14,14
25595,72,74,-2,2
25596,95,101,-6,6
25597,59,66,-7,7
25598,52,53,-1,1
25599,81,70,11,11
25600,87,80,7,7
25601,129,122,7,7
25602,57,66,-9,9
25603,54,58,-4,4
25604,122,105,17,17
25605,90,88,2,2
25606,136,129,7,7
25607,55,61,-6,6
25608,69,77,-8,8
25609,118,113,5,5
25610,103,104,-1,1
25611,70,72,-2,2
25612,43,53,-10,10
25613,66,74,-8,8
25614,140,144,-4,4
25615,89,99,-10,10
25616,147,122,25,25
25617,112,115,-3,3
25618,78,65,13,13
25619,40,53,-13,13
25620,55,57,-2,2
25621,77,78,-1,1
25622,80,99,-19,19
25623,71,74,-3,3
25624,82,83,-1,1
25625,82,86,-4,4
25626,93,103,-10,10
25627,68,67,1,1
25628,96,85,11,11
25629,116,112,4,4
25630,53,68,-15,15
25631,87,80,7,7
25632,116,118,-2,2
25633,102,94,8,8
25634,89,82,7,7
25635,121,118,3,3
25636,92,90,2,2
25637,29,60,-31,31
25638,98,88,10,10
25639,70,64,6,6
25640,127,117,10,10
25641,208,197,11,11
25642,85,80,5,5
25643,84,93,-9,9
25644,92,95,-3,3
25645,118,131,-13,13
25646,66,72,-6,6
25647,79,81,-2,2
25648,167,153,14,14
25649,174,174,0,0
25650,92,90,2,2
25651,90,99,-9,9
25652,103,98,5,5
25653,85,82,3,3
25654,43,48,-5,5
25655,144,146,-2,2
25656,66,65,1,1
25657,33,61,-28,28
25658,50,58,-8,8
25659,68,66,2,2
25660,152,164,-12,12
25661,102,97,5,5
25662,45,49,-4,4
25663,67,63,4,4
25664,59,64,-5,5
25665,92,100,-8,8
25666,138,138,0,0
25667,152,149,3,3
25668,79,74,5,5
25669,122,126,-4,4
25670,122,120,2,2
25671,59,68,-9,9
25672,164,149,15,15
25673,93,143,-50,50
25674,86,93,-7,7
25675,133,124,9,9
25676,95,107,-12,12
25677,86,92,-6,6
25678,76,75,1,1
25679,152,149,3,3
25680,99,86,13,13
25681,62,61,1,1
25682,92,95,-3,3
25683,105,99,6,6
25684,95,88,7,7
25685,103,77,26,26
25686,64,68,-4,4
25687,113,126,-13,13
25688,139,143,-4,4
25689,116,109,7,7
25690,109,119,-10,10
25691,110,111,-1,1
25692,102,103,-1,1
25693,108,115,-7,7
25694,83,71,12,12
25695,151,149,2,2
25696,84,92,-8,8
25697,109,101,8,8
25698,136,130,6,6
25699,109,103,6,6
25700,136,114,22,22
25701,109,104,5,5
25702,68,70,-2,2
25703,76,74,2,2
25704,81,81,0,0
25705,102,100,2,2
25706,139,134,5,5
25707,86,88,-2,2
25708,105,97,8,8
25709,58,64,-6,6
25710,35,51,-16,16
25711,49,60,-11,11
25712,82,80,2,2
25713,70,74,-4,4
25714,79,81,-2,2
25715,66,61,5,5
25716,122,119,3,3
25717,77,68,9,9
25718,120,115,5,5
25719,155,139,16,16
25720,123,124,-1,1
25721,74,82,-8,8
25722,88,87,1,1
25723,143,142,1,1
25724,88,75,13,13
25725,57,59,-2,2
25726,130,128,2,2
25727,81,88,-7,7
25728,83,90,-7,7
25729,173,151,22,22
25730,66,70,-4,4
25731,91,93,-2,2
25732,70,64,6,6
25733,73,64,9,9
25734,72,79,-7,7
25735,73,71,2,2
25736,109,120,-11,11
25737,106,63,43,43
25738,72,69,3,3
25739,80,84,-4,4
25740,188,172,16,16
25741,112,112,0,0
25742,116,113,3,3
25743,115,106,9,9
25744,97,96,1,1
25745,171,171,0,0
25746,96,103,-7,7
25747,97,91,6,6
25748,60,62,-2,2
25749,119,104,15,15
25750,144,141,3,3
25751,64,66,-2,2
25752,55,62,-7,7
25753,92,90,2,2
25754,92,88,4,4
25755,133,139,-6,6
25756,62,67,-5,5
25757,143,140,3,3
25758,92,97,-5,5
25759,95,117,-22,22
25760,43,51,-8,8
25761,110,108,2,2
25762,94,84,10,10
25763,68,69,-1,1
25764,81,86,-5,5
25765,150,135,15,15
25766,129,126,3,3
25767,133,123,10,10
25768,105,102,3,3
25769,66,81,-15,15
25770,91,94,-3,3
25771,90,77,13,13
25772,117,98,19,19
25773,140,136,4,4
25774,165,161,4,4
25775,95,96,-1,1
25776,85,75,10,10
25777,158,143,15,15
25778,138,139,-1,1
25779,96,97,-1,1
25780,122,121,1,1
25781,65,61,4,4
25782,63,63,0,0
25783,111,110,1,1
25784,80,98,-18,18
25785,79,79,0,0
25786,100,89,11,11
25787,81,85,-4,4
25788,92,89,3,3
25789,75,93,-18,18
25790,82,85,-3,3
25791,79,87,-8,8
25792,57,63,-6,6
25793,148,122,26,26
25794,79,76,3,3
25795,122,119,3,3
25796,82,84,-2,2
25797,61,58,3,3
25798,38,51,-13,13
25799,94,103,-9,9
25800,101,85,16,16
25801,89,83,6,6
25802,68,64,4,4
25803,47,55,-8,8
25804,90,88,2,2
25805,60,61,-1,1
25806,114,107,7,7
25807,80,87,-7,7
25808,127,114,13,13
25809,102,111,-9,9
25810,69,67,2,2
25811,53,64,-11,11
25812,59,66,-7,7
25813,95,98,-3,3
25814,64,60,4,4
25815,144,153,-9,9
25816,71,78,-7,7
25817,100,104,-4,4
25818,116,117,-1,1
25819,104,102,2,2
25820,177,182,-5,5
25821,108,106,2,2
25822,132,125,7,7
25823,118,108,10,10
25824,135,152,-17,17
25825,115,113,2,2
25826,73,73,0,0
25827,133,123,10,10
25828,95,93,2,2
25829,80,80,0,0
25830,48,75,-27,27
25831,158,158,0,0
25832,73,77,-4,4
25833,94,88,6,6
25834,74,99,-25,25
25835,154,156,-2,2
25836,127,129,-2,2
25837,73,72,1,1
25838,89,83,6,6
25839,61,63,-2,2
25840,87,80,7,7
25841,65,82,-17,17
25842,81,85,-4,4
25843,99,99,0,0
25844,83,88,-5,5
25845,90,93,-3,3
25846,82,81,1,1
25847,115,105,10,10
25848,137,143,-6,6
25849,78,78,0,0
25850,94,85,9,9
25851,101,101,0,0
25852,96,95,1,1
25853,77,75,2,2
25854,112,104,8,8
25855,138,139,-1,1
25856,98,93,5,5
25857,91,95,-4,4
25858,143,137,6,6
25859,153,152,1,1
25860,40,48,-8,8
25861,69,64,5,5
25862,67,66,1,1
25863,43,51,-8,8
25864,104,105,-1,1
25865,117,111,6,6
25866,84,76,8,8
25867,84,90,-6,6
25868,74,68,6,6
25869,75,71,4,4
25870,147,155,-8,8
25871,94,100,-6,6
25872,92,88,4,4
25873,71,75,-4,4
25874,84,82,2,2
25875,78,99,-21,21
25876,83,79,4,4
25877,84,91,-7,7
25878,42,57,-15,15
25879,149,151,-2,2
25880,95,100,-5,5
25881,132,121,11,11
25882,83,92,-9,9
25883,131,136,-5,5
25884,62,66,-4,4
25885,87,87,0,0
25886,91,84,7,7
25887,155,169,-14,14
25888,73,79,-6,6
25889,98,102,-4,4
25890,72,69,3,3
25891,75,82,-7,7
25892,147,146,1,1
25893,54,63,-9,9
25894,128,122,6,6
25895,98,95,3,3
25896,111,112,-1,1
25897,81,85,-4,4
25898,87,77,10,10
25899,28,65,-37,37
25900,123,123,0,0
25901,82,78,4,4
25902,82,75,7,7
25903,113,108,5,5
25904,121,134,-13,13
25905,124,124,0,0
25906,85,80,5,5
25907,82,85,-3,3
25908,107,111,-4,4
25909,113,113,0,0
25910,74,82,-8,8
25911,97,91,6,6
25912,56,60,-4,4
25913,89,87,2,2
25914,132,126,6,6
25915,134,130,4,4
25916,93,95,-2,2
25917,128,139,-11,11
25918,121,126,-5,5
25919,132,140,-8,8
25920,114,116,-2,2
25921,93,89,4,4
25922,132,132,0,0
25923,139,124,15,15
25924,59,60,-1,1
25925,185,165,20,20
25926,47,58,-11,11
25927,68,69,-1,1
25928,122,131,-9,9
25929,130,135,-5,5
25930,98,101,-3,3
25931,42,54,-12,12
25932,125,125,0,0
25933,56,61,-5,5
25934,129,129,0,0
25935,60,79,-19,19
25936,51,56,-5,5
25937,78,79,-1,1
25938,62,71,-9,9
25939,80,93,-13,13
25940,39,48,-9,9
25941,120,124,-4,4
25942,100,93,7,7
25943,112,124,-12,12
25944,85,85,0,0
25945,118,113,5,5
25946,124,133,-9,9
25947,56,55,1,1
25948,97,99,-2,2
25949,83,89,-6,6
25950,91,93,-2,2
25951,68,71,-3,3
25952,108,114,-6,6
25953,87,91,-4,4
25954,57,64,-7,7
25955,70,64,6,6
25956,87,88,-1,1
25957,111,103,8,8
25958,79,81,-2,2
25959,117,106,11,11
25960,95,99,-4,4
25961,139,133,6,6
25962,52,55,-3,3
25963,47,98,-51,51
25964,104,104,0,0
25965,89,84,5,5
25966,86,92,-6,6
25967,90,84,6,6
25968,113,109,4,4
25969,89,88,1,1
25970,94,97,-3,3
25971,134,136,-2,2
25972,63,61,2,2
25973,102,97,5,5
25974,146,136,10,10
25975,140,140,0,0
25976,73,77,-4,4
25977,127,125,2,2
25978,47,57,-10,10
25979,90,106,-16,16
25980,77,79,-2,2
25981,136,127,9,9
25982,121,123,-2,2
25983,82,74,8,8
25984,114,128,-14,14
25985,114,107,7,7
25986,80,76,4,4
25987,82,79,3,3
25988,79,77,2,2
25989,107,113,-6,6
25990,113,99,14,14
25991,114,110,4,4
25992,52,60,-8,8
25993,67,70,-3,3
25994,74,79,-5,5
25995,113,116,-3,3
25996,77,72,5,5
25997,125,136,-11,11
25998,60,62,-2,2
25999,78,79,-1,1
26000,94,94,0,0
26001,102,97,5,5
26002,115,108,7,7
26003,114,110,4,4
26004,115,121,-6,6
26005,109,106,3,3
26006,107,114,-7,7
26007,80,77,3,3
26008,111,106,5,5
26009,36,57,-21,21
26010,78,79,-1,1
26011,87,81,6,6
26012,74,75,-1,1
26013,70,75,-5,5
26014,64,63,1,1
26015,51,53,-2,2
26016,97,100,-3,3
26017,106,103,3,3
26018,150,148,2,2
26019,105,98,7,7
26020,80,82,-2,2
26021,81,82,-1,1
26022,78,80,-2,2
26023,103,108,-5,5
26024,68,69,-1,1
26025,69,69,0,0
26026,100,118,-18,18
26027,100,85,15,15
26028,171,164,7,7
26029,102,101,1,1
26030,98,91,7,7
26031,81,87,-6,6
26032,86,81,5,5
26033,47,53,-6,6
26034,83,85,-2,2
26035,139,136,3,3
26036,71,77,-6,6
26037,142,141,1,1
26038,65,61,4,4
26039,68,67,1,1
26040,63,61,2,2
26041,105,94,11,11
26042,53,64,-11,11
26043,126,123,3,3
26044,137,140,-3,3
26045,64,60,4,4
26046,126,137,-11,11
26047,117,110,7,7
26048,65,89,-24,24
26049,133,138,-5,5
26050,64,63,1,1
26051,96,88,8,8
26052,92,92,0,0
26053,99,105,-6,6
26054,148,153,-5,5
26055,54,55,-1,1
26056,99,80,19,19
26057,89,98,-9,9
26058,63,59,4,4
26059,90,87,3,3
26060,71,79,-8,8
26061,82,71,11,11
26062,89,84,5,5
26063,58,59,-1,1
26064,88,93,-5,5
26065,91,94,-3,3
26066,29,48,-19,19
26067,63,62,1,1
26068,73,74,-1,1
26069,68,64,4,4
26070,76,85,-9,9
26071,73,69,4,4
26072,152,140,12,12
26073,113,99,14,14
26074,57,63,-6,6
26075,81,79,2,2
26076,102,109,-7,7
26077,87,112,-25,25
26078,106,108,-2,2
26079,83,87,-4,4
26080,164,157,7,7
26081,122,103,19,19
26082,68,78,-10,10
26083,79,75,4,4
26084,57,57,0,0
26085,116,121,-5,5
26086,57,57,0,0
26087,105,91,14,14
26088,95,93,2,2
26089,164,165,-1,1
26090,159,166,-7,7
26091,92,82,10,10
26092,100,114,-14,14
26093,64,59,5,5
26094,121,165,-44,44
26095,157,148,9,9
26096,116,114,2,2
26097,46,56,-10,10
26098,106,98,8,8
26099,67,72,-5,5
26100,83,88,-5,5
26101,66,61,5,5
26102,105,112,-7,7
26103,166,170,-4,4
26104,109,90,19,19
26105,75,75,0,0
26106,86,86,0,0
26107,91,85,6,6
26108,76,71,5,5
26109,149,162,-13,13
26110,102,93,9,9
26111,76,78,-2,2
26112,64,60,4,4
26113,108,103,5,5
26114,99,96,3,3
26115,104,107,-3,3
26116,136,146,-10,10
26117,72,88,-16,16
26118,92,82,10,10
26119,70,69,1,1
26120,69,69,0,0
26121,154,149,5,5
26122,129,125,4,4
26123,102,98,4,4
26124,107,104,3,3
26125,107,110,-3,3
26126,75,69,6,6
26127,108,103,5,5
26128,96,89,7,7
26129,80,88,-8,8
26130,73,75,-2,2
26131,129,130,-1,1
26132,57,61,-4,4
26133,92,90,2,2
26134,70,80,-10,10
26135,61,65,-4,4
26136,52,67,-15,15
26137,145,139,6,6
26138,74,79,-5,5
26139,75,74,1,1
26140,134,134,0,0
26141,105,111,-6,6
26142,108,95,13,13
26143,98,99,-1,1
26144,96,86,10,10
26145,135,136,-1,1
26146,103,103,0,0
26147,84,81,3,3
26148,132,124,8,8
26149,114,101,13,13
26150,87,81,6,6
26151,55,61,-6,6
26152,65,60,5,5
26153,48,55,-7,7
26154,64,63,1,1
26155,113,97,16,16
26156,137,128,9,9
26157,124,125,-1,1
26158,47,48,-1,1
26159,103,96,7,7
26160,136,133,3,3
26161,80,79,1,1
26162,65,84,-19,19
26163,117,107,10,10
26164,113,119,-6,6
26165,71,68,3,3
26166,132,142,-10,10
26167,102,85,17,17
26168,191,185,6,6
26169,127,119,8,8
26170,102,103,-1,1
26171,104,95,9,9
26172,113,111,2,2
26173,74,88,-14,14
26174,143,143,0,0
26175,73,70,3,3
26176,143,138,5,5
26177,120,114,6,6
26178,95,93,2,2
26179,84,89,-5,5
26180,146,145,1,1
26181,70,67,3,3
26182,125,108,17,17
26183,79,82,-3,3
26184,77,83,-6,6
26185,69,64,5,5
26186,100,97,3,3
26187,190,175,15,15
26188,90,92,-2,2
26189,67,81,-14,14
26190,179,174,5,5
26191,68,78,-10,10
26192,79,93,-14,14
26193,149,135,14,14
26194,87,68,19,19
26195,58,80,-22,22
26196,176,186,-10,10
26197,67,65,2,2
26198,76,77,-1,1
26199,127,125,2,2
26200,73,67,6,6
26201,68,67,1,1
26202,70,67,3,3
26203,101,90,11,11
26204,122,133,-11,11
26205,95,89,6,6
26206,90,88,2,2
26207,85,91,-6,6
26208,138,134,4,4
26209,115,118,-3,3
26210,122,118,4,4
26211,59,59,0,0
26212,51,57,-6,6
26213,106,97,9,9
26214,110,112,-2,2
26215,111,114,-3,3
26216,62,83,-21,21
26217,93,83,10,10
26218,46,54,-8,8
26219,107,114,-7,7
26220,144,131,13,13
26221,92,81,11,11
26222,92,93,-1,1
26223,95,108,-13,13
26224,154,151,3,3
26225,54,55,-1,1
26226,102,103,-1,1
26227,61,66,-5,5
26228,109,115,-6,6
26229,155,129,26,26
26230,83,74,9,9
26231,79,79,0,0
26232,102,102,0,0
26233,133,125,8,8
26234,134,143,-9,9
26235,81,75,6,6
26236,151,150,1,1
26237,46,50,-4,4
26238,97,92,5,5
26239,62,63,-1,1
26240,114,114,0,0
26241,83,89,-6,6
26242,114,111,3,3
26243,87,97,-10,10
26244,110,97,13,13
26245,232,234,-2,2
26246,35,58,-23,23
26247,96,88,8,8
26248,87,93,-6,6
26249,52,57,-5,5
26250,89,83,6,6
26251,84,74,10,10
26252,84,83,1,1
26253,151,150,1,1
26254,51,54,-3,3
26255,112,100,12,12
26256,189,182,7,7
26257,68,66,2,2
26258,77,73,4,4
26259,62,71,-9,9
26260,112,114,-2,2
26261,95,94,1,1
26262,81,85,-4,4
26263,108,97,11,11
26264,96,94,2,2
26265,58,56,2,2
26266,84,81,3,3
26267,116,105,11,11
26268,97,100,-3,3
26269,92,94,-2,2
26270,101,112,-11,11
26271,56,59,-3,3
26272,74,79,-5,5
26273,115,107,8,8
26274,74,81,-7,7
26275,58,57,1,1
26276,129,131,-2,2
26277,91,93,-2,2
26278,59,62,-3,3
26279,52,51,1,1
26280,73,76,-3,3
26281,69,60,9,9
26282,119,98,21,21
26283,126,119,7,7
26284,114,97,17,17
26285,100,108,-8,8
26286,86,87,-1,1
26287,116,132,-16,16
26288,72,69,3,3
26289,61,65,-4,4
26290,83,75,8,8
26291,94,94,0,0
26292,90,99,-9,9
26293,93,99,-6,6
26294,31,49,-18,18
26295,163,157,6,6
26296,99,93,6,6
26297,46,53,-7,7
26298,55,53,2,2
26299,75,80,-5,5
26300,72,77,-5,5
26301,107,96,11,11
26302,89,95,-6,6
26303,66,54,12,12
26304,67,75,-8,8
26305,145,146,-1,1
26306,151,146,5,5
26307,153,135,18,18
26308,56,57,-1,1
26309,97,101,-4,4
26310,162,162,0,0
26311,90,90,0,0
26312,106,97,9,9
26313,27,49,-22,22
26314,93,85,8,8
26315,105,101,4,4
26316,123,137,-14,14
26317,61,66,-5,5
26318,64,59,5,5
26319,109,110,-1,1
26320,153,153,0,0
26321,81,75,6,6
26322,167,156,11,11
26323,100,95,5,5
26324,40,52,-12,12
26325,84,93,-9,9
26326,126,126,0,0
26327,69,71,-2,2
26328,54,49,5,5
26329,41,53,-12,12
26330,86,93,-7,7
26331,71,63,8,8
26332,97,95,2,2
26333,131,135,-4,4
26334,42,52,-10,10
26335,102,98,4,4
26336,83,85,-2,2
26337,187,178,9,9
26338,180,181,-1,1
26339,73,75,-2,2
26340,108,133,-25,25
26341,57,64,-7,7
26342,121,121,0,0
26343,88,91,-3,3
26344,105,102,3,3
26345,80,87,-7,7
26346,86,90,-4,4
26347,124,120,4,4
26348,117,111,6,6
26349,112,111,1,1
26350,66,60,6,6
26351,94,101,-7,7
26352,107,110,-3,3
26353,45,50,-5,5
26354,121,119,2,2
26355,82,72,10,10
26356,69,69,0,0
26357,160,149,11,11
26358,119,110,9,9
26359,58,59,-1,1
26360,100,96,4,4
26361,72,70,2,2
26362,67,64,3,3
26363,66,66,0,0
26364,119,115,4,4
26365,138,144,-6,6
26366,65,62,3,3
26367,105,113,-8,8
26368,36,58,-22,22
26369,69,71,-2,2
26370,78,76,2,2
26371,131,119,12,12
26372,109,117,-8,8
26373,75,69,6,6
26374,63,57,6,6
26375,53,64,-11,11
26376,105,109,-4,4
26377,64,70,-6,6
26378,70,77,-7,7
26379,26,46,-20,20
26380,181,175,6,6
26381,66,65,1,1
26382,130,141,-11,11
26383,122,123,-1,1
26384,94,92,2,2
26385,124,127,-3,3
26386,70,74,-4,4
26387,114,116,-2,2
26388,93,84,9,9
26389,106,113,-7,7
26390,96,97,-1,1
26391,90,92,-2,2
26392,118,120,-2,2
26393,63,90,-27,27
26394,79,84,-5,5
26395,43,54,-11,11
26396,112,115,-3,3
26397,45,55,-10,10
26398,114,122,-8,8
26399,107,98,9,9
26400,83,80,3,3
26401,40,49,-9,9
26402,98,100,-2,2
26403,115,114,1,1
26404,92,100,-8,8
26405,131,139,-8,8
26406,106,91,15,15
26407,99,94,5,5
26408,67,63,4,4
26409,171,167,4,4
26410,128,113,15,15
26411,88,81,7,7
26412,56,59,-3,3
26413,113,108,5,5
26414,62,62,0,0
26415,81,74,7,7
26416,83,86,-3,3
26417,113,103,10,10
26418,100,104,-4,4
26419,91,88,3,3
26420,79,85,-6,6
26421,156,147,9,9
26422,113,116,-3,3
26423,67,81,-14,14
26424,129,124,5,5
26425,89,91,-2,2
26426,66,66,0,0
26427,102,107,-5,5
26428,131,129,2,2
26429,111,109,2,2
26430,47,50,-3,3
26431,37,55,-18,18
26432,92,93,-1,1
26433,91,90,1,1
26434,101,99,2,2
26435,43,58,-15,15
26436,78,70,8,8
26437,102,102,0,0
26438,92,92,0,0
26439,96,107,-11,11
26440,109,110,-1,1
26441,98,101,-3,3
26442,131,120,11,11
26443,104,111,-7,7
26444,96,124,-28,28
26445,98,97,1,1
26446,66,67,-1,1
26447,75,75,0,0
26448,70,68,2,2
26449,49,56,-7,7
26450,110,99,11,11
26451,128,113,15,15
26452,50,53,-3,3
26453,85,87,-2,2
26454,59,56,3,3
26455,41,50,-9,9
26456,71,70,1,1
26457,117,110,7,7
26458,91,91,0,0
26459,64,64,0,0
26460,118,121,-3,3
26461,43,51,-8,8
26462,134,132,2,2
26463,101,93,8,8
26464,109,101,8,8
26465,114,124,-10,10
26466,118,129,-11,11
26467,70,82,-12,12
26468,102,99,3,3
26469,157,160,-3,3
26470,308,283,25,25
26471,104,118,-14,14
26472,106,93,13,13
26473,74,76,-2,2
26474,148,141,7,7
26475,106,102,4,4
26476,74,73,1,1
26477,118,114,4,4
26478,114,116,-2,2
26479,60,58,2,2
26480,135,124,11,11
26481,60,56,4,4
26482,62,63,-1,1
26483,120,126,-6,6
26484,150,170,-20,20
26485,112,102,10,10
26486,87,85,2,2
26487,100,102,-2,2
26488,52,62,-10,10
26489,82,84,-2,2
26490,136,143,-7,7
26491,65,68,-3,3
26492,104,94,10,10
26493,134,131,3,3
26494,104,90,14,14
26495,119,121,-2,2
26496,119,114,5,5
26497,60,70,-10,10
26498,155,158,-3,3
26499,129,132,-3,3
26500,46,53,-7,7
26501,58,62,-4,4
26502,73,64,9,9
26503,114,105,9,9
26504,85,93,-8,8
26505,77,76,1,1
26506,89,82,7,7
26507,186,175,11,11
26508,74,71,3,3
26509,80,71,9,9
26510,108,110,-2,2
26511,112,82,30,30
26512,38,47,-9,9
26513,61,55,6,6
26514,109,101,8,8
26515,46,48,-2,2
26516,139,125,14,14
26517,85,87,-2,2
26518,97,88,9,9
26519,60,72,-12,12
26520,36,58,-22,22
26521,89,102,-13,13
26522,147,145,2,2
26523,94,83,11,11
26524,88,81,7,7
26525,120,112,8,8
26526,75,84,-9,9
26527,95,95,0,0
26528,90,83,7,7
26529,46,57,-11,11
26530,49,53,-4,4
26531,145,138,7,7
26532,93,82,11,11
26533,48,53,-5,5
26534,93,93,0,0
26535,76,70,6,6
26536,51,58,-7,7
26537,102,95,7,7
26538,86,85,1,1
26539,88,82,6,6
26540,97,105,-8,8
26541,139,132,7,7
26542,163,160,3,3
26543,91,102,-11,11
26544,139,128,11,11
26545,56,67,-11,11
26546,56,68,-12,12
26547,84,81,3,3
26548,85,88,-3,3
26549,55,58,-3,3
26550,82,76,6,6
26551,90,83,7,7
26552,102,92,10,10
26553,46,51,-5,5
26554,151,152,-1,1
26555,90,85,5,5
26556,78,115,-37,37
26557,70,62,8,8
26558,126,115,11,11
26559,114,119,-5,5
26560,135,119,16,16
26561,209,193,16,16
26562,163,157,6,6
26563,62,63,-1,1
26564,79,92,-13,13
26565,90,86,4,4
26566,126,120,6,6
26567,161,146,15,15
26568,119,112,7,7
26569,65,79,-14,14
26570,75,102,-27,27
26571,94,88,6,6
26572,57,56,1,1
26573,60,59,1,1
26574,62,62,0,0
26575,61,62,-1,1
26576,174,170,4,4
26577,65,67,-2,2
26578,122,123,-1,1
26579,103,121,-18,18
26580,66,67,-1,1
26581,110,101,9,9
26582,59,59,0,0
26583,120,112,8,8
26584,101,101,0,0
26585,94,92,2,2
26586,125,123,2,2
26587,76,72,4,4
26588,66,74,-8,8
26589,85,92,-7,7
26590,101,105,-4,4
26591,79,79,0,0
26592,179,170,9,9
26593,73,80,-7,7
26594,97,100,-3,3
26595,40,57,-17,17
26596,75,70,5,5
26597,157,152,5,5
26598,77,79,-2,2
26599,108,117,-9,9
26600,129,120,9,9
26601,100,96,4,4
26602,76,91,-15,15
26603,40,48,-8,8
26604,72,73,-1,1
26605,81,77,4,4
26606,122,113,9,9
26607,77,68,9,9
26608,162,160,2,2
26609,52,52,0,0
26610,86,80,6,6
26611,61,59,2,2
26612,139,133,6,6
26613,122,118,4,4
26614,129,133,-4,4
26615,64,65,-1,1
26616,53,57,-4,4
26617,163,158,5,5
26618,76,88,-12,12
26619,47,51,-4,4
26620,57,61,-4,4
26621,142,134,8,8
26622,89,78,11,11
26623,100,104,-4,4
26624,126,134,-8,8
26625,149,140,9,9
26626,102,95,7,7
26627,51,60,-9,9
26628,131,114,17,17
26629,113,112,1,1
26630,128,120,8,8
26631,84,73,11,11
26632,88,85,3,3
26633,96,91,5,5
26634,131,116,15,15
26635,142,142,0,0
26636,139,135,4,4
26637,62,66,-4,4
26638,162,168,-6,6
26639,100,100,0,0
26640,94,93,1,1
26641,118,110,8,8
26642,140,128,12,12
26643,105,103,2,2
26644,54,57,-3,3
26645,80,80,0,0
26646,54,58,-4,4
26647,82,85,-3,3
26648,78,77,1,1
26649,81,81,0,0
26650,55,57,-2,2
26651,142,150,-8,8
26652,152,146,6,6
26653,121,118,3,3
26654,109,104,5,5
26655,80,87,-7,7
26656,73,73,0,0
26657,154,123,31,31
26658,122,124,-2,2
26659,85,82,3,3
26660,65,68,-3,3
26661,127,118,9,9
26662,44,53,-9,9
26663,90,97,-7,7
26664,115,114,1,1
26665,124,122,2,2
26666,148,152,-4,4
26667,49,50,-1,1
26668,77,78,-1,1
26669,173,172,1,1
26670,68,90,-22,22
26671,149,152,-3,3
26672,73,72,1,1
26673,54,60,-6,6
26674,90,81,9,9
26675,73,74,-1,1
26676,74,78,-4,4
26677,49,48,1,1
26678,79,74,5,5
26679,117,120,-3,3
26680,57,66,-9,9
26681,123,115,8,8
26682,94,92,2,2
26683,124,103,21,21
26684,74,74,0,0
26685,63,64,-1,1
26686,116,108,8,8
26687,93,85,8,8
26688,115,122,-7,7
26689,64,65,-1,1
26690,117,123,-6,6
26691,74,78,-4,4
26692,49,55,-6,6
26693,72,64,8,8
26694,86,87,-1,1
26695,52,54,-2,2
26696,87,84,3,3
26697,152,151,1,1
26698,61,65,-4,4
26699,67,69,-2,2
26700,64,72,-8,8
26701,100,100,0,0
26702,135,119,16,16
26703,120,121,-1,1
26704,124,113,11,11
26705,105,111,-6,6
26706,144,150,-6,6
26707,100,104,-4,4
26708,80,83,-3,3
26709,73,87,-14,14
26710,82,84,-2,2
26711,76,71,5,5
26712,115,116,-1,1
26713,106,107,-1,1
26714,125,127,-2,2
26715,86,82,4,4
26716,94,90,4,4
26717,80,85,-5,5
26718,145,131,14,14
26719,122,117,5,5
26720,122,120,2,2
26721,115,112,3,3
26722,66,67,-1,1
26723,85,79,6,6
26724,95,102,-7,7
26725,110,99,11,11
26726,49,64,-15,15
26727,80,93,-13,13
26728,101,97,4,4
26729,77,77,0,0
26730,89,100,-11,11
26731,130,117,13,13
26732,106,117,-11,11
26733,56,58,-2,2
26734,68,62,6,6
26735,152,146,6,6
26736,113,117,-4,4
26737,98,99,-1,1
26738,125,119,6,6
26739,71,71,0,0
26740,123,115,8,8
26741,97,79,18,18
26742,77,76,1,1
26743,56,59,-3,3
26744,127,123,4,4
26745,49,57,-8,8
26746,115,109,6,6
26747,61,61,0,0
26748,97,92,5,5
26749,101,102,-1,1
26750,77,80,-3,3
26751,117,127,-10,10
26752,90,97,-7,7
26753,120,112,8,8
26754,80,84,-4,4
26755,71,67,4,4
26756,54,61,-7,7
26757,80,83,-3,3
26758,110,109,1,1
26759,71,90,-19,19
26760,82,87,-5,5
26761,68,78,-10,10
26762,78,86,-8,8
26763,69,65,4,4
26764,87,94,-7,7
26765,94,88,6,6
26766,137,130,7,7
26767,57,62,-5,5
26768,56,58,-2,2
26769,57,65,-8,8
26770,62,62,0,0
26771,63,72,-9,9
26772,165,160,5,5
26773,115,107,8,8
26774,133,131,2,2
26775,94,85,9,9
26776,107,110,-3,3
26777,106,99,7,7
26778,112,118,-6,6
26779,93,94,-1,1
26780,55,61,-6,6
26781,85,88,-3,3
26782,41,47,-6,6
26783,120,109,11,11
26784,99,99,0,0
26785,83,71,12,12
26786,84,86,-2,2
26787,110,108,2,2
26788,124,134,-10,10
26789,122,114,8,8
26790,38,50,-12,12
26791,120,113,7,7
26792,97,97,0,0
26793,61,63,-2,2
26794,113,119,-6,6
26795,74,66,8,8
26796,79,77,2,2
26797,125,107,18,18
26798,81,79,2,2
26799,125,118,7,7
26800,123,125,-2,2
26801,90,95,-5,5
26802,48,54,-6,6
26803,55,59,-4,4
26804,62,69,-7,7
26805,64,72,-8,8
26806,91,95,-4,4
26807,145,148,-3,3
26808,86,81,5,5
26809,66,73,-7,7
26810,116,123,-7,7
26811,76,76,0,0
26812,88,96,-8,8
26813,103,108,-5,5
26814,97,106,-9,9
26815,138,132,6,6
26816,75,76,-1,1
26817,92,85,7,7
26818,149,152,-3,3
26819,60,63,-3,3
26820,108,110,-2,2
26821,30,48,-18,18
26822,89,83,6,6
26823,49,56,-7,7
26824,97,89,8,8
26825,128,116,12,12
26826,96,93,3,3
26827,96,93,3,3
26828,63,55,8,8
26829,76,74,2,2
26830,106,114,-8,8
26831,79,88,-9,9
26832,127,119,8,8
26833,45,55,-10,10
26834,105,120,-15,15
26835,90,86,4,4
26836,43,47,-4,4
26837,235,152,83,83
26838,50,59,-9,9
26839,111,103,8,8
26840,69,68,1,1
26841,52,136,-84,84
26842,105,105,0,0
26843,49,54,-5,5
26844,66,70,-4,4
26845,64,68,-4,4
26846,75,70,5,5
26847,70,73,-3,3
26848,96,88,8,8
26849,86,90,-4,4
26850,109,106,3,3
26851,357,182,175,175
26852,74,70,4,4
26853,96,102,-6,6
26854,101,105,-4,4
26855,86,90,-4,4
26856,97,86,11,11
26857,47,52,-5,5
26858,76,90,-14,14
26859,139,132,7,7
26860,127,126,1,1
26861,119,113,6,6
26862,133,128,5,5
26863,190,192,-2,2
26864,119,112,7,7
26865,96,93,3,3
26866,31,49,-18,18
26867,94,108,-14,14
26868,112,127,-15,15
26869,104,101,3,3
26870,162,149,13,13
26871,128,123,5,5
26872,142,145,-3,3
26873,107,73,34,34
26874,120,107,13,13
26875,57,62,-5,5
26876,157,149,8,8
26877,94,93,1,1
26878,109,118,-9,9
26879,58,66,-8,8
26880,108,95,13,13
26881,88,84,4,4
26882,123,130,-7,7
26883,85,86,-1,1
26884,136,138,-2,2
26885,72,70,2,2
26886,77,74,3,3
26887,59,59,0,0
26888,154,146,8,8
26889,63,77,-14,14
26890,40,51,-11,11
26891,142,153,-11,11
26892,160,155,5,5
26893,68,67,1,1
26894,91,79,12,12
26895,77,83,-6,6
26896,135,133,2,2
26897,134,201,-67,67
26898,172,175,-3,3
26899,131,163,-32,32
26900,86,88,-2,2
26901,67,72,-5,5
26902,55,55,0,0
26903,148,147,1,1
26904,66,69,-3,3
26905,120,104,16,16
26906,83,84,-1,1
26907,101,96,5,5
26908,83,74,9,9
26909,106,133,-27,27
26910,99,100,-1,1
26911,67,69,-2,2
26912,130,128,2,2
26913,79,81,-2,2
26914,43,60,-17,17
26915,146,137,9,9
26916,57,52,5,5
26917,100,109,-9,9
26918,139,124,15,15
26919,114,99,15,15
26920,61,63,-2,2
26921,77,94,-17,17
26922,102,110,-8,8
26923,104,98,6,6
26924,145,144,1,1
26925,81,88,-7,7
26926,87,91,-4,4
26927,135,144,-9,9
26928,117,118,-1,1
26929,82,74,8,8
26930,118,119,-1,1
26931,106,114,-8,8
26932,123,122,1,1
26933,109,111,-2,2
26934,66,66,0,0
26935,86,85,1,1
26936,104,106,-2,2
26937,61,75,-14,14
26938,59,81,-22,22
26939,68,71,-3,3
26940,68,72,-4,4
26941,63,66,-3,3
26942,85,79,6,6
26943,135,140,-5,5
26944,117,124,-7,7
26945,134,126,8,8
26946,104,104,0,0
26947,73,73,0,0
26948,79,81,-2,2
26949,137,134,3,3
26950,106,95,11,11
26951,80,67,13,13
26952,175,162,13,13
26953,96,100,-4,4
26954,137,130,7,7
26955,119,116,3,3
26956,118,117,1,1
26957,135,133,2,2
26958,127,106,21,21
26959,103,104,-1,1
26960,87,92,-5,5
26961,90,73,17,17
26962,50,54,-4,4
26963,68,70,-2,2
26964,75,75,0,0
26965,150,153,-3,3
26966,107,97,10,10
26967,122,124,-2,2
26968,48,52,-4,4
26969,141,145,-4,4
26970,96,92,4,4
26971,93,94,-1,1
26972,85,80,5,5
26973,55,55,0,0
26974,51,55,-4,4
26975,99,96,3,3
26976,52,64,-12,12
26977,79,68,11,11
26978,110,109,1,1
26979,121,115,6,6
26980,37,50,-13,13
26981,92,93,-1,1
26982,66,56,10,10
26983,148,125,23,23
26984,83,78,5,5
26985,175,168,7,7
26986,88,79,9,9
26987,110,104,6,6
26988,79,85,-6,6
26989,64,59,5,5
26990,124,113,11,11
26991,129,123,6,6
26992,91,88,3,3
26993,59,55,4,4
26994,49,65,-16,16
26995,132,129,3,3
26996,76,112,-36,36
26997,110,102,8,8
26998,61,59,2,2
26999,90,93,-3,3
27000,126,126,0,0
27001,98,97,1,1
27002,59,62,-3,3
27003,93,97,-4,4
27004,76,68,8,8
27005,75,68,7,7
27006,85,90,-5,5
27007,149,138,11,11
27008,89,86,3,3
27009,112,109,3,3
27010,88,80,8,8
27011,65,63,2,2
27012,86,86,0,0
27013,64,58,6,6
27014,81,92,-11,11
27015,86,88,-2,2
27016,70,66,4,4
27017,150,128,22,22
27018,102,98,4,4
27019,92,82,10,10
27020,47,57,-10,10
27021,92,99,-7,7
27022,108,104,4,4
27023,85,86,-1,1
27024,127,125,2,2
27025,114,111,3,3
27026,89,78,11,11
27027,98,102,-4,4
27028,47,47,0,0
27029,95,104,-9,9
27030,174,180,-6,6
27031,74,73,1,1
27032,214,212,2,2
27033,35,58,-23,23
27034,202,205,-3,3
27035,83,78,5,5
27036,125,117,8,8
27037,109,96,13,13
27038,54,58,-4,4
27039,56,56,0,0
27040,71,73,-2,2
27041,81,83,-2,2
27042,78,81,-3,3
27043,61,56,5,5
27044,77,76,1,1
27045,114,109,5,5
27046,59,57,2,2
27047,116,127,-11,11
27048,49,66,-17,17
27049,66,82,-16,16
27050,91,80,11,11
27051,98,97,1,1
27052,73,73,0,0
27053,78,76,2,2
27054,105,114,-9,9
27055,112,106,6,6
27056,84,85,-1,1
27057,78,73,5,5
27058,112,118,-6,6
27059,178,151,27,27
27060,134,138,-4,4
27061,93,87,6,6
27062,99,99,0,0
27063,67,69,-2,2
27064,76,80,-4,4
27065,80,76,4,4
27066,74,69,5,5
27067,83,83,0,0
27068,99,113,-14,14
27069,70,59,11,11
27070,64,67,-3,3
27071,128,121,7,7
27072,93,81,12,12
27073,65,63,2,2
27074,40,48,-8,8
27075,133,128,5,5
27076,97,100,-3,3
27077,89,94,-5,5
27078,73,73,0,0
27079,102,91,11,11
27080,62,62,0,0
27081,91,91,0,0
27082,147,142,5,5
27083,70,70,0,0
27084,71,76,-5,5
27085,86,87,-1,1
27086,62,59,3,3
27087,104,90,14,14
27088,72,68,4,4
27089,52,53,-1,1
27090,38,59,-21,21
27091,67,67,0,0
27092,196,190,6,6
27093,47,52,-5,5
27094,51,54,-3,3
27095,88,86,2,2
27096,96,96,0,0
27097,42,49,-7,7
27098,101,103,-2,2
27099,105,100,5,5
27100,70,66,4,4
27101,87,100,-13,13
27102,120,124,-4,4
27103,71,68,3,3
27104,118,110,8,8
27105,71,82,-11,11
27106,101,111,-10,10
27107,80,76,4,4
27108,107,97,10,10
27109,87,78,9,9
27110,60,63,-3,3
27111,56,52,4,4
27112,79,78,1,1
27113,148,145,3,3
27114,75,73,2,2
27115,53,56,-3,3
27116,88,86,2,2
27117,104,129,-25,25
27118,77,69,8,8
27119,53,55,-2,2
27120,114,114,0,0
27121,74,67,7,7
27122,73,82,-9,9
27123,127,121,6,6
27124,81,76,5,5
27125,127,131,-4,4
27126,139,128,11,11
27127,78,77,1,1
27128,79,75,4,4
27129,115,108,7,7
27130,125,110,15,15
27131,141,140,1,1
27132,127,109,18,18
27133,105,105,0,0
27134,57,63,-6,6
27135,99,101,-2,2
27136,91,89,2,2
27137,98,86,12,12
27138,114,128,-14,14
27139,74,73,1,1
27140,143,127,16,16
27141,68,70,-2,2
27142,159,151,8,8
27143,69,68,1,1
27144,72,66,6,6
27145,48,56,-8,8
27146,110,111,-1,1
27147,86,87,-1,1
27148,72,76,-4,4
27149,80,74,6,6
27150,70,75,-5,5
27151,37,48,-11,11
27152,79,76,3,3
27153,53,49,4,4
27154,82,83,-1,1
27155,55,63,-8,8
27156,72,78,-6,6
27157,104,102,2,2
27158,81,83,-2,2
27159,131,137,-6,6
27160,110,120,-10,10
27161,70,74,-4,4
27162,96,102,-6,6
27163,56,65,-9,9
27164,76,82,-6,6
27165,87,91,-4,4
27166,100,93,7,7
27167,51,62,-11,11
27168,67,66,1,1
27169,50,55,-5,5
27170,72,87,-15,15
27171,69,66,3,3
27172,96,101,-5,5
27173,90,84,6,6
27174,84,84,0,0
27175,136,139,-3,3
27176,83,81,2,2
27177,93,97,-4,4
27178,130,150,-20,20
27179,111,112,-1,1
27180,107,120,-13,13
27181,112,119,-7,7
27182,27,44,-17,17
27183,156,146,10,10
27184,102,95,7,7
27185,122,123,-1,1
27186,114,104,10,10
27187,39,50,-11,11
27188,137,133,4,4
27189,86,85,1,1
27190,83,76,7,7
27191,148,147,1,1
27192,108,108,0,0
27193,102,94,8,8
27194,95,95,0,0
27195,52,61,-9,9
27196,78,83,-5,5
27197,99,99,0,0
27198,124,129,-5,5
27199,94,101,-7,7
27200,120,123,-3,3
27201,102,104,-2,2
27202,128,130,-2,2
27203,64,57,7,7
27204,78,76,2,2
27205,65,75,-10,10
27206,128,132,-4,4
27207,88,84,4,4
27208,63,72,-9,9
27209,86,93,-7,7
27210,102,103,-1,1
27211,120,98,22,22
27212,95,104,-9,9
27213,83,78,5,5
27214,96,106,-10,10
27215,75,78,-3,3
27216,50,56,-6,6
27217,69,68,1,1
27218,118,106,12,12
27219,103,109,-6,6
27220,88,93,-5,5
27221,83,82,1,1
27222,113,104,9,9
27223,89,83,6,6
27224,92,89,3,3
27225,96,97,-1,1
27226,97,122,-25,25
27227,57,54,3,3
27228,70,71,-1,1
27229,79,87,-8,8
27230,81,79,2,2
27231,106,102,4,4
27232,178,168,10,10
27233,141,141,0,0
27234,97,95,2,2
27235,152,159,-7,7
27236,82,79,3,3
27237,62,56,6,6
27238,69,75,-6,6
27239,145,145,0,0
27240,80,77,3,3
27241,124,122,2,2
27242,128,132,-4,4
27243,147,133,14,14
27244,181,186,-5,5
27245,92,94,-2,2
27246,48,52,-4,4
27247,144,145,-1,1
27248,54,61,-7,7
27249,116,109,7,7
27250,106,97,9,9
27251,72,72,0,0
27252,139,131,8,8
27253,153,155,-2,2
27254,105,95,10,10
27255,152,145,7,7
27256,137,123,14,14
27257,123,126,-3,3
27258,49,56,-7,7
27259,80,75,5,5
27260,63,59,4,4
27261,35,62,-27,27
27262,53,55,-2,2
27263,80,84,-4,4
27264,56,57,-1,1
27265,143,150,-7,7
27266,160,154,6,6
27267,98,96,2,2
27268,98,88,10,10
27269,83,89,-6,6
27270,117,128,-11,11
27271,143,141,2,2
27272,91,95,-4,4
27273,60,65,-5,5
27274,106,99,7,7
27275,33,53,-20,20
27276,65,63,2,2
27277,79,74,5,5
27278,47,52,-5,5
27279,78,76,2,2
27280,108,112,-4,4
27281,59,65,-6,6
27282,75,81,-6,6
27283,130,133,-3,3
27284,75,83,-8,8
27285,89,90,-1,1
27286,85,77,8,8
27287,127,122,5,5
27288,71,79,-8,8
27289,103,98,5,5
27290,40,55,-15,15
27291,57,69,-12,12
27292,142,138,4,4
27293,61,70,-9,9
27294,77,70,7,7
27295,95,98,-3,3
27296,90,72,18,18
27297,101,105,-4,4
27298,64,60,4,4
27299,154,129,25,25
27300,90,89,1,1
27301,103,100,3,3
27302,134,129,5,5
27303,96,76,20,20
27304,48,50,-2,2
27305,88,79,9,9
27306,126,123,3,3
27307,80,70,10,10
27308,66,63,3,3
27309,43,51,-8,8
27310,71,65,6,6
27311,102,98,4,4
27312,78,74,4,4
27313,99,99,0,0
27314,110,107,3,3
27315,105,106,-1,1
27316,103,113,-10,10
27317,103,101,2,2
27318,62,80,-18,18
27319,92,94,-2,2
27320,68,76,-8,8
27321,94,95,-1,1
27322,97,99,-2,2
27323,50,64,-14,14
27324,46,65,-19,19
27325,76,73,3,3
27326,127,105,22,22
27327,55,55,0,0
27328,62,63,-1,1
27329,114,119,-5,5
27330,70,66,4,4
27331,110,107,3,3
27332,115,113,2,2
27333,102,91,11,11
27334,105,114,-9,9
27335,99,95,4,4
27336,122,122,0,0
27337,69,73,-4,4
27338,69,60,9,9
27339,79,79,0,0
27340,67,73,-6,6
27341,76,68,8,8
27342,54,53,1,1
27343,96,91,5,5
27344,90,90,0,0
27345,73,69,4,4
27346,76,76,0,0
27347,48,56,-8,8
27348,104,112,-8,8
27349,64,66,-2,2
27350,76,75,1,1
27351,106,105,1,1
27352,58,62,-4,4
27353,118,122,-4,4
27354,78,80,-2,2
27355,119,120,-1,1
27356,64,69,-5,5
27357,144,118,26,26
27358,112,99,13,13
27359,60,61,-1,1
27360,58,84,-26,26
27361,148,163,-15,15
27362,70,66,4,4
27363,193,181,12,12
27364,90,91,-1,1
27365,50,53,-3,3
27366,94,90,4,4
27367,114,105,9,9
27368,57,61,-4,4
27369,72,85,-13,13
27370,97,82,15,15
27371,121,117,4,4
27372,96,93,3,3
27373,78,83,-5,5
27374,124,134,-10,10
27375,156,157,-1,1
27376,103,96,7,7
27377,117,119,-2,2
27378,75,65,10,10
27379,101,104,-3,3
27380,45,51,-6,6
27381,60,61,-1,1
27382,124,127,-3,3
27383,129,128,1,1
27384,90,90,0,0
27385,79,85,-6,6
27386,64,67,-3,3
27387,87,93,-6,6
27388,138,138,0,0
27389,106,109,-3,3
27390,96,99,-3,3
27391,124,122,2,2
27392,78,77,1,1
27393,99,95,4,4
27394,208,177,31,31
27395,111,110,1,1
27396,107,98,9,9
27397,92,82,10,10
27398,87,83,4,4
27399,108,121,-13,13
27400,70,63,7,7
27401,115,116,-1,1
27402,86,91,-5,5
27403,86,84,2,2
27404,165,164,1,1
27405,59,102,-43,43
27406,111,118,-7,7
27407,196,178,18,18
27408,99,97,2,2
27409,121,95,26,26
27410,57,58,-1,1
27411,78,74,4,4
27412,98,100,-2,2
27413,90,79,11,11
27414,89,91,-2,2
27415,97,93,4,4
27416,77,77,0,0
27417,78,76,2,2
27418,95,110,-15,15
27419,98,96,2,2
27420,126,117,9,9
27421,107,112,-5,5
27422,83,82,1,1
27423,129,135,-6,6
27424,93,99,-6,6
27425,210,184,26,26
27426,112,114,-2,2
27427,51,52,-1,1
27428,93,80,13,13
27429,61,72,-11,11
27430,76,83,-7,7
27431,107,108,-1,1
27432,115,98,17,17
27433,106,107,-1,1
27434,77,79,-2,2
27435,102,107,-5,5
27436,54,59,-5,5
27437,81,70,11,11
27438,64,79,-15,15
27439,134,133,1,1
27440,124,119,5,5
27441,49,65,-16,16
27442,90,104,-14,14
27443,72,64,8,8
27444,76,81,-5,5
27445,114,110,4,4
27446,59,68,-9,9
27447,97,112,-15,15
27448,96,90,6,6
27449,177,145,32,32
27450,111,109,2,2
27451,105,111,-6,6
27452,78,87,-9,9
27453,85,95,-10,10
27454,71,69,2,2
27455,114,114,0,0
27456,78,82,-4,4
27457,164,155,9,9
27458,75,78,-3,3
27459,128,126,2,2
27460,105,121,-16,16
27461,75,73,2,2
27462,87,87,0,0
27463,104,100,4,4
27464,130,123,7,7
27465,101,105,-4,4
27466,81,80,1,1
27467,75,71,4,4
27468,115,112,3,3
27469,80,73,7,7
27470,54,68,-14,14
27471,93,99,-6,6
27472,142,129,13,13
27473,41,53,-12,12
27474,78,82,-4,4
27475,62,64,-2,2
27476,68,77,-9,9
27477,45,53,-8,8
27478,99,98,1,1
27479,92,86,6,6
27480,88,76,12,12
27481,134,139,-5,5
27482,112,105,7,7
27483,97,108,-11,11
27484,131,140,-9,9
27485,71,68,3,3
27486,39,52,-13,13
27487,68,74,-6,6
27488,47,64,-17,17
27489,60,58,2,2
27490,151,133,18,18
27491,81,71,10,10
27492,104,98,6,6
27493,99,107,-8,8
27494,103,100,3,3
27495,84,83,1,1
27496,92,93,-1,1
27497,108,109,-1,1
27498,124,121,3,3
27499,68,72,-4,4
27500,107,111,-4,4
27501,97,83,14,14
27502,108,102,6,6
27503,54,62,-8,8
27504,75,74,1,1
27505,43,50,-7,7
27506,105,107,-2,2
27507,103,112,-9,9
27508,85,89,-4,4
27509,121,119,2,2
27510,85,87,-2,2
27511,102,92,10,10
27512,113,121,-8,8
27513,70,72,-2,2
27514,120,114,6,6
27515,106,96,10,10
27516,72,77,-5,5
27517,89,93,-4,4
27518,90,84,6,6
27519,52,57,-5,5
27520,78,79,-1,1
27521,88,94,-6,6
27522,290,244,46,46
27523,98,96,2,2
27524,94,97,-3,3
27525,130,120,10,10
27526,50,63,-13,13
27527,102,96,6,6
27528,72,70,2,2
27529,79,73,6,6
27530,101,103,-2,2
27531,88,77,11,11
27532,75,78,-3,3
27533,109,121,-12,12
27534,68,68,0,0
27535,117,112,5,5
27536,112,113,-1,1
27537,149,142,7,7
27538,94,102,-8,8
27539,73,71,2,2
27540,86,82,4,4
27541,68,72,-4,4
27542,94,93,1,1
27543,96,98,-2,2
27544,86,114,-28,28
27545,84,86,-2,2
27546,98,91,7,7
27547,149,143,6,6
27548,92,90,2,2
27549,72,66,6,6
27550,108,108,0,0
27551,85,95,-10,10
27552,92,90,2,2
27553,72,76,-4,4
27554,73,76,-3,3
27555,91,92,-1,1
27556,167,175,-8,8
27557,78,84,-6,6
27558,50,62,-12,12
27559,96,86,10,10
27560,105,110,-5,5
27561,102,103,-1,1
27562,106,100,6,6
27563,138,129,9,9
27564,123,124,-1,1
27565,76,74,2,2
27566,95,93,2,2
27567,87,86,1,1
27568,154,151,3,3
27569,75,71,4,4
27570,137,130,7,7
27571,98,82,16,16
27572,96,97,-1,1
27573,68,70,-2,2
27574,66,76,-10,10
27575,96,98,-2,2
27576,99,100,-1,1
27577,53,64,-11,11
27578,36,64,-28,28
27579,79,84,-5,5
27580,108,107,1,1
27581,20,43,-23,23
27582,95,95,0,0
27583,78,79,-1,1
27584,114,114,0,0
27585,89,98,-9,9
27586,118,135,-17,17
27587,163,151,12,12
27588,64,61,3,3
27589,50,48,2,2
27590,65,64,1,1
27591,91,87,4,4
27592,126,129,-3,3
27593,96,94,2,2
27594,115,109,6,6
27595,114,114,0,0
27596,139,117,22,22
27597,45,58,-13,13
27598,155,159,-4,4
27599,77,69,8,8
27600,105,91,14,14
27601,156,133,23,23
27602,90,89,1,1
27603,105,96,9,9
27604,36,52,-16,16
27605,134,138,-4,4
27606,111,122,-11,11
27607,61,56,5,5
27608,97,95,2,2
27609,76,76,0,0
27610,81,86,-5,5
27611,71,73,-2,2
27612,99,92,7,7
27613,98,102,-4,4
27614,89,85,4,4
27615,153,149,4,4
27616,110,115,-5,5
27617,61,62,-1,1
27618,72,76,-4,4
27619,107,104,3,3
27620,107,106,1,1
27621,116,111,5,5
27622,116,109,7,7
27623,71,69,2,2
27624,95,92,3,3
27625,99,101,-2,2
27626,59,57,2,2
27627,107,128,-21,21
27628,130,124,6,6
27629,95,77,18,18
27630,165,146,19,19
27631,171,156,15,15
27632,93,102,-9,9
27633,79,86,-7,7
27634,175,165,10,10
27635,121,122,-1,1
27636,155,154,1,1
27637,174,176,-2,2
27638,81,70,11,11
27639,57,54,3,3
27640,180,154,26,26
27641,116,111,5,5
27642,162,158,4,4
27643,77,82,-5,5
27644,78,76,2,2
27645,111,108,3,3
27646,87,80,7,7
27647,37,53,-16,16
27648,176,168,8,8
27649,69,76,-7,7
27650,72,77,-5,5
27651,91,91,0,0
27652,102,102,0,0
27653,81,82,-1,1
27654,142,141,1,1
27655,189,176,13,13
27656,200,187,13,13
27657,61,64,-3,3
27658,89,88,1,1
27659,94,100,-6,6
27660,88,86,2,2
27661,85,78,7,7
27662,88,85,3,3
27663,52,57,-5,5
27664,61,80,-19,19
27665,79,75,4,4
27666,141,135,6,6
27667,83,81,2,2
27668,112,150,-38,38
27669,123,120,3,3
27670,54,53,1,1
27671,66,62,4,4
27672,117,119,-2,2
27673,73,75,-2,2
27674,70,83,-13,13
27675,66,61,5,5
27676,105,120,-15,15
27677,77,76,1,1
27678,100,98,2,2
27679,167,146,21,21
27680,73,70,3,3
27681,130,123,7,7
27682,87,74,13,13
27683,85,77,8,8
27684,69,70,-1,1
27685,73,73,0,0
27686,77,79,-2,2
27687,138,136,2,2
27688,80,87,-7,7
27689,55,57,-2,2
27690,117,106,11,11
27691,110,106,4,4
27692,60,60,0,0
27693,96,89,7,7
27694,85,79,6,6
27695,106,113,-7,7
27696,94,94,0,0
27697,69,75,-6,6
27698,125,131,-6,6
27699,179,164,15,15
27700,86,86,0,0
27701,129,126,3,3
27702,82,86,-4,4
27703,91,79,12,12
27704,150,147,3,3
27705,57,60,-3,3
27706,70,66,4,4
27707,134,131,3,3
27708,71,75,-4,4
27709,74,80,-6,6
27710,83,81,2,2
27711,82,99,-17,17
27712,70,72,-2,2
27713,82,88,-6,6
27714,52,61,-9,9
27715,93,85,8,8
27716,54,57,-3,3
27717,136,137,-1,1
27718,72,76,-4,4
27719,86,110,-24,24
27720,108,115,-7,7
27721,93,87,6,6
27722,57,76,-19,19
27723,78,78,0,0
27724,130,122,8,8
27725,83,82,1,1
27726,116,103,13,13
27727,103,91,12,12
27728,79,81,-2,2
27729,43,51,-8,8
27730,100,104,-4,4
27731,77,76,1,1
27732,127,124,3,3
27733,83,78,5,5
27734,134,150,-16,16
27735,108,94,14,14
27736,122,114,8,8
27737,86,89,-3,3
27738,71,69,2,2
27739,111,109,2,2
27740,132,120,12,12
27741,200,193,7,7
27742,77,78,-1,1
27743,131,115,16,16
27744,75,79,-4,4
27745,66,64,2,2
27746,83,79,4,4
27747,155,146,9,9
27748,104,89,15,15
27749,85,80,5,5
27750,149,138,11,11
27751,198,246,-48,48
27752,68,80,-12,12
27753,143,110,33,33
27754,118,108,10,10
27755,75,71,4,4
27756,150,174,-24,24
27757,52,51,1,1
27758,153,150,3,3
27759,88,98,-10,10
27760,101,117,-16,16
27761,74,68,6,6
27762,102,98,4,4
27763,140,134,6,6
27764,71,64,7,7
27765,110,91,19,19
27766,110,112,-2,2
27767,63,63,0,0
27768,66,70,-4,4
27769,49,58,-9,9
27770,54,54,0,0
27771,86,85,1,1
27772,58,57,1,1
27773,54,57,-3,3
27774,60,68,-8,8
27775,77,77,0,0
27776,70,79,-9,9
27777,91,90,1,1
27778,112,113,-1,1
27779,89,84,5,5
27780,80,74,6,6
27781,95,96,-1,1
27782,98,91,7,7
27783,91,91,0,0
27784,117,114,3,3
27785,76,82,-6,6
27786,126,158,-32,32
27787,131,121,10,10
27788,65,68,-3,3
27789,90,84,6,6
27790,77,75,2,2
27791,114,114,0,0
27792,88,84,4,4
27793,90,88,2,2
27794,84,90,-6,6
27795,135,123,12,12
27796,95,89,6,6
27797,94,105,-11,11
27798,106,105,1,1
27799,75,68,7,7
27800,115,111,4,4
27801,143,145,-2,2
27802,60,57,3,3
27803,68,60,8,8
27804,73,69,4,4
27805,168,147,21,21
27806,99,104,-5,5
27807,108,108,0,0
27808,77,84,-7,7
27809,60,54,6,6
27810,79,73,6,6
27811,103,118,-15,15
27812,120,126,-6,6
27813,137,150,-13,13
27814,80,91,-11,11
27815,78,80,-2,2
27816,49,55,-6,6
27817,97,108,-11,11
27818,104,106,-2,2
27819,172,164,8,8
27820,154,152,2,2
27821,93,97,-4,4
27822,103,94,9,9
27823,51,60,-9,9
27824,72,71,1,1
27825,81,81,0,0
27826,69,63,6,6
27827,111,103,8,8
27828,106,106,0,0
27829,143,133,10,10
27830,46,50,-4,4
27831,118,123,-5,5
27832,136,118,18,18
27833,103,97,6,6
27834,115,119,-4,4
27835,100,96,4,4
27836,130,123,7,7
27837,146,138,8,8
27838,106,104,2,2
27839,160,159,1,1
27840,151,117,34,34
27841,111,108,3,3
27842,132,119,13,13
27843,70,61,9,9
27844,95,94,1,1
27845,113,111,2,2
27846,100,137,-37,37
27847,84,70,14,14
27848,144,127,17,17
27849,75,78,-3,3
27850,127,131,-4,4
27851,35,48,-13,13
27852,48,62,-14,14
27853,52,54,-2,2
27854,110,110,0,0
27855,109,107,2,2
27856,72,74,-2,2
27857,99,98,1,1
27858,58,57,1,1
27859,81,71,10,10
27860,96,85,11,11
27861,71,69,2,2
27862,122,104,18,18
27863,151,146,5,5
27864,92,92,0,0
27865,69,70,-1,1
27866,111,108,3,3
27867,106,100,6,6
27868,122,121,1,1
27869,100,84,16,16
27870,62,65,-3,3
27871,77,74,3,3
27872,111,110,1,1
27873,68,77,-9,9
27874,97,90,7,7
27875,118,87,31,31
27876,118,118,0,0
27877,97,107,-10,10
27878,78,80,-2,2
27879,146,145,1,1
27880,99,100,-1,1
27881,76,73,3,3
27882,64,59,5,5
27883,48,52,-4,4
27884,89,87,2,2
27885,59,62,-3,3
27886,74,75,-1,1
27887,72,78,-6,6
27888,83,79,4,4
27889,83,70,13,13
27890,97,101,-4,4
27891,100,94,6,6
27892,181,183,-2,2
27893,37,49,-12,12
27894,64,64,0,0
27895,84,75,9,9
27896,68,66,2,2
27897,54,56,-2,2
27898,85,83,2,2
27899,75,75,0,0
27900,98,97,1,1
27901,147,140,7,7
27902,138,137,1,1
27903,61,60,1,1
27904,83,88,-5,5
27905,158,144,14,14
27906,119,115,4,4
27907,88,81,7,7
27908,119,118,1,1
27909,118,105,13,13
27910,68,66,2,2
27911,49,53,-4,4
27912,112,100,12,12
27913,113,111,2,2
27914,83,89,-6,6
27915,81,86,-5,5
27916,31,51,-20,20
27917,87,77,10,10
27918,144,140,4,4
27919,133,144,-11,11
27920,137,137,0,0
27921,95,96,-1,1
27922,80,80,0,0
27923,109,106,3,3
27924,90,96,-6,6
27925,70,70,0,0
27926,66,72,-6,6
27927,81,71,10,10
27928,156,157,-1,1
27929,70,76,-6,6
27930,95,104,-9,9
27931,109,101,8,8
27932,61,109,-48,48
27933,40,56,-16,16
27934,138,146,-8,8
27935,96,88,8,8
27936,53,66,-13,13
27937,85,91,-6,6
27938,137,127,10,10
27939,113,112,1,1
27940,127,123,4,4
27941,77,72,5,5
27942,66,67,-1,1
27943,36,55,-19,19
27944,83,89,-6,6
27945,120,107,13,13
27946,55,62,-7,7
27947,61,66,-5,5
27948,68,63,5,5
27949,93,98,-5,5
27950,173,171,2,2
27951,58,64,-6,6
27952,75,79,-4,4
27953,83,72,11,11
27954,141,148,-7,7
27955,67,66,1,1
27956,35,62,-27,27
27957,63,67,-4,4
27958,52,55,-3,3
27959,183,169,14,14
27960,52,53,-1,1
27961,72,69,3,3
27962,77,80,-3,3
27963,61,59,2,2
27964,124,112,12,12
27965,78,82,-4,4
27966,123,124,-1,1
27967,122,122,0,0
27968,88,91,-3,3
27969,74,77,-3,3
27970,66,66,0,0
27971,69,82,-13,13
27972,92,94,-2,2
27973,79,76,3,3
27974,45,67,-22,22
27975,115,120,-5,5
27976,143,142,1,1
27977,99,102,-3,3
27978,129,137,-8,8
27979,103,103,0,0
27980,90,101,-11,11
27981,88,87,1,1
27982,123,130,-7,7
27983,175,154,21,21
27984,95,90,5,5
27985,105,107,-2,2
27986,65,70,-5,5
27987,66,59,7,7
27988,137,127,10,10
27989,84,87,-3,3
27990,110,104,6,6
27991,118,109,9,9
27992,114,114,0,0
27993,97,108,-11,11
27994,90,83,7,7
27995,124,127,-3,3
27996,158,163,-5,5
27997,67,87,-20,20
27998,96,93,3,3
27999,97,92,5,5
28000,108,105,3,3
28001,106,102,4,4
28002,56,55,1,1
28003,69,69,0,0
28004,41,60,-19,19
28005,67,65,2,2
28006,172,175,-3,3
28007,53,58,-5,5
28008,94,85,9,9
28009,121,119,2,2
28010,97,83,14,14
28011,91,93,-2,2
28012,117,98,19,19
28013,125,145,-20,20
28014,59,60,-1,1
28015,114,103,11,11
28016,87,81,6,6
28017,106,104,2,2
28018,77,77,0,0
28019,135,121,14,14
28020,145,126,19,19
28021,72,72,0,0
28022,53,62,-9,9
28023,149,140,9,9
28024,101,104,-3,3
28025,76,66,10,10
28026,87,94,-7,7
28027,73,69,4,4
28028,107,113,-6,6
28029,67,69,-2,2
28030,67,72,-5,5
28031,80,85,-5,5
28032,91,87,4,4
28033,91,85,6,6
28034,104,122,-18,18
28035,66,59,7,7
28036,90,88,2,2
28037,71,82,-11,11
28038,118,102,16,16
28039,87,92,-5,5
28040,68,70,-2,2
28041,114,118,-4,4
28042,117,120,-3,3
28043,130,122,8,8
28044,134,146,-12,12
28045,125,125,0,0
28046,74,69,5,5
28047,88,85,3,3
28048,56,72,-16,16
28049,116,106,10,10
28050,145,143,2,2
28051,75,66,9,9
28052,71,84,-13,13
28053,50,54,-4,4
28054,97,97,0,0
28055,55,52,3,3
28056,52,54,-2,2
28057,154,124,30,30
28058,132,122,10,10
28059,180,164,16,16
28060,68,71,-3,3
28061,86,87,-1,1
28062,147,151,-4,4
28063,68,82,-14,14
28064,80,75,5,5
28065,98,89,9,9
28066,109,118,-9,9
28067,88,93,-5,5
28068,78,84,-6,6
28069,86,77,9,9
28070,42,50,-8,8
28071,74,85,-11,11
28072,137,135,2,2
28073,110,107,3,3
28074,76,91,-15,15
28075,64,67,-3,3
28076,150,141,9,9
28077,116,104,12,12
28078,74,76,-2,2
28079,69,66,3,3
28080,55,51,4,4
28081,114,124,-10,10
28082,178,182,-4,4
28083,78,73,5,5
28084,71,69,2,2
28085,80,84,-4,4
28086,119,131,-12,12
28087,59,62,-3,3
28088,75,66,9,9
28089,77,87,-10,10
28090,64,70,-6,6
28091,118,110,8,8
28092,141,140,1,1
28093,144,151,-7,7
28094,118,116,2,2
28095,90,77,13,13
28096,96,98,-2,2
28097,107,103,4,4
28098,141,149,-8,8
28099,71,63,8,8
28100,94,87,7,7
28101,196,178,18,18
28102,93,102,-9,9
28103,122,109,13,13
28104,78,82,-4,4
28105,83,101,-18,18
28106,84,78,6,6
28107,65,61,4,4
28108,165,170,-5,5
28109,116,128,-12,12
28110,91,76,15,15
28111,69,67,2,2
28112,87,79,8,8
28113,94,99,-5,5
28114,113,111,2,2
28115,169,171,-2,2
28116,112,102,10,10
28117,85,90,-5,5
28118,113,106,7,7
28119,145,134,11,11
28120,53,59,-6,6
28121,97,95,2,2
28122,102,108,-6,6
28123,107,120,-13,13
28124,88,85,3,3
28125,76,71,5,5
28126,46,55,-9,9
28127,83,86,-3,3
28128,99,94,5,5
28129,118,119,-1,1
28130,85,78,7,7
28131,112,115,-3,3
28132,120,111,9,9
28133,246,220,26,26
28134,124,113,11,11
28135,64,67,-3,3
28136,118,109,9,9
28137,118,114,4,4
28138,78,79,-1,1
28139,74,78,-4,4
28140,86,83,3,3
28141,90,74,16,16
28142,132,143,-11,11
28143,125,121,4,4
28144,70,67,3,3
28145,69,66,3,3
28146,119,116,3,3
28147,144,135,9,9
28148,172,162,10,10
28149,83,79,4,4
28150,99,91,8,8
28151,104,102,2,2
28152,127,122,5,5
28153,78,73,5,5
28154,110,97,13,13
28155,53,54,-1,1
28156,79,87,-8,8
28157,47,50,-3,3
28158,123,113,10,10
28159,132,135,-3,3
28160,104,108,-4,4
28161,127,125,2,2
28162,105,91,14,14
28163,65,72,-7,7
28164,100,101,-1,1
28165,192,175,17,17
28166,61,89,-28,28
28167,106,113,-7,7
28168,38,65,-27,27
28169,186,166,20,20
28170,166,152,14,14
28171,122,115,7,7
28172,141,139,2,2
28173,122,135,-13,13
28174,39,58,-19,19
28175,117,121,-4,4
28176,128,127,1,1
28177,148,146,2,2
28178,118,116,2,2
28179,96,95,1,1
28180,72,77,-5,5
28181,76,68,8,8
28182,63,60,3,3
28183,84,92,-8,8
28184,102,100,2,2
28185,75,74,1,1
28186,92,93,-1,1
28187,69,65,4,4
28188,94,82,12,12
28189,70,67,3,3
28190,112,101,11,11
28191,87,78,9,9
28192,68,69,-1,1
28193,123,140,-17,17
28194,81,69,12,12
28195,116,126,-10,10
28196,82,84,-2,2
28197,149,131,18,18
28198,60,74,-14,14
28199,59,68,-9,9
28200,110,103,7,7
28201,89,128,-39,39
28202,114,117,-3,3
28203,128,124,4,4
28204,57,62,-5,5
28205,77,84,-7,7
28206,85,83,2,2
28207,194,195,-1,1
28208,72,87,-15,15
28209,75,81,-6,6
28210,57,81,-24,24
28211,165,155,10,10
28212,99,96,3,3
28213,84,81,3,3
28214,89,98,-9,9
28215,64,69,-5,5
28216,115,124,-9,9
28217,81,84,-3,3
28218,96,104,-8,8
28219,134,136,-2,2
28220,74,71,3,3
28221,121,140,-19,19
28222,81,93,-12,12
28223,58,62,-4,4
28224,77,69,8,8
28225,97,96,1,1
28226,66,62,4,4
28227,104,102,2,2
28228,112,117,-5,5
28229,59,58,1,1
28230,151,141,10,10
28231,111,101,10,10
28232,133,131,2,2
28233,76,76,0,0
28234,93,98,-5,5
28235,76,77,-1,1
28236,85,79,6,6
28237,151,153,-2,2
28238,76,81,-5,5
28239,79,75,4,4
28240,172,189,-17,17
28241,148,137,11,11
28242,89,88,1,1
28243,87,79,8,8
28244,128,126,2,2
28245,71,65,6,6
28246,72,67,5,5
28247,77,78,-1,1
28248,100,95,5,5
28249,107,109,-2,2
28250,86,85,1,1
28251,81,71,10,10
28252,93,92,1,1
28253,56,53,3,3
28254,138,134,4,4
28255,77,80,-3,3
28256,175,177,-2,2
28257,72,75,-3,3
28258,93,93,0,0
28259,92,87,5,5
28260,104,120,-16,16
28261,132,114,18,18
28262,81,85,-4,4
28263,71,78,-7,7
28264,140,143,-3,3
28265,102,98,4,4
28266,53,57,-4,4
28267,87,91,-4,4
28268,147,146,1,1
28269,93,103,-10,10
28270,65,68,-3,3
28271,154,145,9,9
28272,222,205,17,17
28273,107,102,5,5
28274,81,75,6,6
28275,59,63,-4,4
28276,63,63,0,0
28277,100,102,-2,2
28278,89,80,9,9
28279,70,64,6,6
28280,90,91,-1,1
28281,135,142,-7,7
28282,112,109,3,3
28283,102,98,4,4
28284,126,129,-3,3
28285,87,91,-4,4
28286,98,96,2,2
28287,128,117,11,11
28288,54,58,-4,4
28289,88,88,0,0
28290,79,73,6,6
28291,177,169,8,8
28292,110,107,3,3
28293,68,73,-5,5
28294,126,128,-2,2
28295,115,113,2,2
28296,105,112,-7,7
28297,86,85,1,1
28298,66,101,-35,35
28299,65,61,4,4
28300,78,85,-7,7
28301,87,87,0,0
28302,108,108,0,0
28303,46,55,-9,9
28304,106,105,1,1
28305,127,122,5,5
28306,137,140,-3,3
28307,84,75,9,9
28308,73,79,-6,6
28309,70,70,0,0
28310,76,74,2,2
28311,84,79,5,5
28312,125,98,27,27
28313,73,77,-4,4
28314,176,177,-1,1
28315,97,93,4,4
28316,128,123,5,5
28317,74,74,0,0
28318,145,138,7,7
28319,93,97,-4,4
28320,70,71,-1,1
28321,67,78,-11,11
28322,84,85,-1,1
28323,59,62,-3,3
28324,92,89,3,3
28325,112,106,6,6
28326,51,54,-3,3
28327,56,55,1,1
28328,92,91,1,1
28329,49,58,-9,9
28330,98,99,-1,1
28331,71,75,-4,4
28332,72,74,-2,2
28333,68,77,-9,9
28334,87,92,-5,5
28335,121,115,6,6
28336,94,95,-1,1
28337,76,83,-7,7
28338,112,107,5,5
28339,69,60,9,9
28340,113,114,-1,1
28341,129,132,-3,3
28342,105,110,-5,5
28343,99,109,-10,10
28344,58,65,-7,7
28345,130,120,10,10
28346,85,80,5,5
28347,73,68,5,5
28348,56,52,4,4
28349,97,106,-9,9
28350,104,110,-6,6
28351,73,78,-5,5
28352,111,103,8,8
28353,73,65,8,8
28354,98,92,6,6
28355,102,109,-7,7
28356,80,74,6,6
28357,47,50,-3,3
28358,102,113,-11,11
28359,76,77,-1,1
28360,69,86,-17,17
28361,85,91,-6,6
28362,111,121,-10,10
28363,34,47,-13,13
28364,137,142,-5,5
28365,79,79,0,0
28366,72,79,-7,7
28367,62,71,-9,9
28368,91,90,1,1
28369,82,84,-2,2
28370,120,134,-14,14
28371,92,96,-4,4
28372,110,113,-3,3
28373,122,120,2,2
28374,119,117,2,2
28375,183,178,5,5
28376,61,66,-5,5
28377,97,89,8,8
28378,117,119,-2,2
28379,71,73,-2,2
28380,100,90,10,10
28381,119,113,6,6
28382,94,83,11,11
28383,94,98,-4,4
28384,97,82,15,15
28385,62,59,3,3
28386,74,75,-1,1
28387,104,109,-5,5
28388,143,147,-4,4
28389,74,74,0,0
28390,126,124,2,2
28391,64,74,-10,10
28392,97,90,7,7
28393,82,80,2,2
28394,56,66,-10,10
28395,98,104,-6,6
28396,139,138,1,1
28397,102,104,-2,2
28398,100,105,-5,5
28399,115,101,14,14
28400,138,124,14,14
28401,39,50,-11,11
28402,132,134,-2,2
28403,127,130,-3,3
28404,98,88,10,10
28405,83,72,11,11
28406,106,109,-3,3
28407,161,152,9,9
28408,77,65,12,12
28409,76,87,-11,11
28410,96,90,6,6
28411,107,110,-3,3
28412,85,247,-162,162
28413,79,83,-4,4
28414,102,97,5,5
28415,57,53,4,4
28416,79,80,-1,1
28417,76,87,-11,11
28418,82,85,-3,3
28419,56,59,-3,3
28420,84,79,5,5
28421,110,102,8,8
28422,183,165,18,18
28423,118,126,-8,8
28424,100,93,7,7
28425,109,99,10,10
28426,101,98,3,3
28427,57,65,-8,8
28428,89,109,-20,20
28429,148,140,8,8
28430,202,201,1,1
28431,137,147,-10,10
28432,91,88,3,3
28433,112,111,1,1
28434,68,71,-3,3
28435,83,82,1,1
28436,72,70,2,2
28437,79,75,4,4
28438,116,115,1,1
28439,54,56,-2,2
28440,87,89,-2,2
28441,82,85,-3,3
28442,104,102,2,2
28443,126,124,2,2
28444,106,111,-5,5
28445,116,112,4,4
28446,91,94,-3,3
28447,77,74,3,3
28448,123,148,-25,25
28449,145,140,5,5
28450,88,81,7,7
28451,95,112,-17,17
28452,79,84,-5,5
28453,91,99,-8,8
28454,133,125,8,8
28455,165,182,-17,17
28456,61,61,0,0
28457,63,70,-7,7
28458,120,120,0,0
28459,54,57,-3,3
28460,145,144,1,1
28461,130,130,0,0
28462,68,66,2,2
28463,55,55,0,0
28464,90,87,3,3
28465,102,92,10,10
28466,52,52,0,0
28467,102,102,0,0
28468,162,165,-3,3
28469,85,93,-8,8
28470,81,82,-1,1
28471,57,57,0,0
28472,82,76,6,6
28473,135,94,41,41
28474,43,50,-7,7
28475,82,75,7,7
28476,66,73,-7,7
28477,102,101,1,1
28478,70,74,-4,4
28479,151,147,4,4
28480,127,127,0,0
28481,77,67,10,10
28482,137,124,13,13
28483,83,74,9,9
28484,183,173,10,10
28485,43,53,-10,10
28486,129,131,-2,2
28487,58,53,5,5
28488,73,76,-3,3
28489,67,63,4,4
28490,57,61,-4,4
28491,133,145,-12,12
28492,76,79,-3,3
28493,87,86,1,1
28494,76,77,-1,1
28495,99,86,13,13
28496,95,95,0,0
28497,56,61,-5,5
28498,146,137,9,9
28499,123,108,15,15
28500,93,115,-22,22
28501,71,76,-5,5
28502,97,91,6,6
28503,122,111,11,11
28504,97,98,-1,1
28505,86,81,5,5
28506,87,89,-2,2
28507,134,122,12,12
28508,99,104,-5,5
28509,135,132,3,3
28510,85,82,3,3
28511,132,131,1,1
28512,54,55,-1,1
28513,77,85,-8,8
28514,63,73,-10,10
28515,138,141,-3,3
28516,58,59,-1,1
28517,141,134,7,7
28518,161,164,-3,3
28519,105,118,-13,13
28520,107,115,-8,8
28521,153,164,-11,11
28522,90,92,-2,2
28523,147,150,-3,3
28524,92,97,-5,5
28525,34,54,-20,20
28526,90,95,-5,5
28527,50,58,-8,8
28528,83,79,4,4
28529,127,141,-14,14
28530,59,56,3,3
28531,57,63,-6,6
28532,115,120,-5,5
28533,91,96,-5,5
28534,143,132,11,11
28535,119,111,8,8
28536,97,99,-2,2
28537,155,153,2,2
28538,128,123,5,5
28539,67,67,0,0
28540,60,62,-2,2
28541,103,95,8,8
28542,128,123,5,5
28543,100,97,3,3
28544,71,72,-1,1
28545,85,87,-2,2
28546,74,73,1,1
28547,172,146,26,26
28548,73,75,-2,2
28549,51,67,-16,16
28550,76,81,-5,5
28551,110,108,2,2
28552,125,117,8,8
28553,49,56,-7,7
28554,145,137,8,8
28555,81,75,6,6
28556,79,100,-21,21
28557,108,107,1,1
28558,95,93,2,2
28559,66,59,7,7
28560,78,76,2,2
28561,41,57,-16,16
28562,89,79,10,10
28563,60,65,-5,5
28564,88,82,6,6
28565,54,62,-8,8
28566,112,105,7,7
28567,135,122,13,13
28568,123,121,2,2
28569,76,92,-16,16
28570,82,79,3,3
28571,38,48,-10,10
28572,51,57,-6,6
28573,33,53,-20,20
28574,100,97,3,3
28575,64,73,-9,9
28576,98,100,-2,2
28577,104,98,6,6
28578,108,110,-2,2
28579,112,110,2,2
28580,54,56,-2,2
28581,75,78,-3,3
28582,89,96,-7,7
28583,137,128,9,9
28584,66,60,6,6
28585,81,81,0,0
28586,91,96,-5,5
28587,84,85,-1,1
28588,52,57,-5,5
28589,64,71,-7,7
28590,176,181,-5,5
28591,59,63,-4,4
28592,70,65,5,5
28593,69,64,5,5
28594,83,109,-26,26
28595,71,77,-6,6
28596,61,65,-4,4
28597,65,65,0,0
28598,94,114,-20,20
28599,53,52,1,1
28600,66,56,10,10
28601,93,93,0,0
28602,66,67,-1,1
28603,75,73,2,2
28604,96,103,-7,7
28605,66,63,3,3
28606,158,126,32,32
28607,80,72,8,8
28608,67,66,1,1
28609,67,69,-2,2
28610,79,76,3,3
28611,57,58,-1,1
28612,66,69,-3,3
28613,44,51,-7,7
28614,59,60,-1,1
28615,150,141,9,9
28616,128,124,4,4
28617,74,73,1,1
28618,38,51,-13,13
28619,51,51,0,0
28620,123,123,0,0
28621,61,55,6,6
28622,77,65,12,12
28623,61,63,-2,2
28624,94,86,8,8
28625,104,112,-8,8
28626,62,71,-9,9
28627,115,108,7,7
28628,122,105,17,17
28629,96,97,-1,1
28630,84,84,0,0
28631,119,117,2,2
28632,99,96,3,3
28633,85,84,1,1
28634,118,109,9,9
28635,144,131,13,13
28636,54,56,-2,2
28637,152,143,9,9
28638,47,53,-6,6
28639,67,61,6,6
28640,81,82,-1,1
28641,125,122,3,3
28642,104,95,9,9
28643,63,72,-9,9
28644,71,65,6,6
28645,56,61,-5,5
28646,144,142,2,2
28647,125,138,-13,13
28648,64,60,4,4
28649,108,96,12,12
28650,87,79,8,8
28651,66,73,-7,7
28652,83,84,-1,1
28653,102,99,3,3
28654,120,119,1,1
28655,114,114,0,0
28656,114,111,3,3
28657,148,147,1,1
28658,100,96,4,4
28659,76,72,4,4
28660,53,62,-9,9
28661,104,107,-3,3
28662,101,107,-6,6
28663,93,92,1,1
28664,50,53,-3,3
28665,47,50,-3,3
28666,137,132,5,5
28667,109,104,5,5
28668,83,95,-12,12
28669,32,47,-15,15
28670,69,63,6,6
28671,92,87,5,5
28672,78,85,-7,7
28673,96,112,-16,16
28674,92,85,7,7
28675,53,63,-10,10
28676,144,142,2,2
28677,107,99,8,8
28678,112,110,2,2
28679,72,63,9,9
28680,108,100,8,8
28681,84,76,8,8
28682,54,55,-1,1
28683,82,114,-32,32
28684,98,91,7,7
28685,73,80,-7,7
28686,50,61,-11,11
28687,89,90,-1,1
28688,66,63,3,3
28689,140,144,-4,4
28690,97,96,1,1
28691,77,85,-8,8
28692,106,82,24,24
28693,73,76,-3,3
28694,122,118,4,4
28695,80,77,3,3
28696,60,60,0,0
28697,90,83,7,7
28698,83,84,-1,1
28699,86,86,0,0
28700,33,51,-18,18
28701,134,128,6,6
28702,117,120,-3,3
28703,60,57,3,3
28704,116,113,3,3
28705,110,119,-9,9
28706,129,129,0,0
28707,88,86,2,2
28708,76,74,2,2
28709,171,169,2,2
28710,98,82,16,16
28711,100,96,4,4
28712,66,64,2,2
28713,140,131,9,9
28714,101,86,15,15
28715,61,59,2,2
28716,89,86,3,3
28717,93,97,-4,4
28718,101,91,10,10
28719,63,70,-7,7
28720,85,89,-4,4
28721,94,96,-2,2
28722,114,135,-21,21
28723,104,110,-6,6
28724,78,77,1,1
28725,108,127,-19,19
28726,57,61,-4,4
28727,38,52,-14,14
28728,69,76,-7,7
28729,106,110,-4,4
28730,77,77,0,0
28731,235,236,-1,1
28732,98,101,-3,3
28733,111,107,4,4
28734,70,87,-17,17
28735,102,98,4,4
28736,92,94,-2,2
28737,67,72,-5,5
28738,83,89,-6,6
28739,71,74,-3,3
28740,92,70,22,22
28741,59,61,-2,2
28742,90,87,3,3
28743,71,68,3,3
28744,52,57,-5,5
28745,109,94,15,15
28746,105,114,-9,9
28747,79,76,3,3
28748,81,72,9,9
28749,84,87,-3,3
28750,80,71,9,9
28751,56,66,-10,10
28752,84,80,4,4
28753,44,50,-6,6
28754,85,86,-1,1
28755,62,67,-5,5
28756,83,76,7,7
28757,59,74,-15,15
28758,92,85,7,7
28759,99,106,-7,7
28760,131,149,-18,18
28761,58,63,-5,5
28762,164,154,10,10
28763,132,119,13,13
28764,73,68,5,5
28765,82,81,1,1
28766,57,61,-4,4
28767,97,107,-10,10
28768,26,58,-32,32
28769,107,101,6,6
28770,88,83,5,5
28771,84,85,-1,1
28772,82,88,-6,6
28773,141,144,-3,3
28774,78,73,5,5
28775,146,146,0,0
28776,84,77,7,7
28777,93,89,4,4
28778,74,73,1,1
28779,139,131,8,8
28780,125,128,-3,3
28781,65,66,-1,1
28782,101,109,-8,8
28783,114,127,-13,13
28784,54,58,-4,4
28785,99,94,5,5
28786,83,82,1,1
28787,128,124,4,4
28788,90,93,-3,3
28789,77,75,2,2
28790,68,56,12,12
28791,78,93,-15,15
28792,76,76,0,0
28793,85,82,3,3
28794,106,110,-4,4
28795,207,178,29,29
28796,105,103,2,2
28797,110,114,-4,4
28798,86,78,8,8
28799,166,139,27,27
28800,118,119,-1,1
28801,99,94,5,5
28802,80,89,-9,9
28803,27,59,-32,32
28804,125,111,14,14
28805,92,90,2,2
28806,85,79,6,6
28807,91,90,1,1
28808,61,60,1,1
28809,86,81,5,5
28810,50,56,-6,6
28811,101,104,-3,3
28812,79,71,8,8
28813,82,97,-15,15
28814,63,59,4,4
28815,100,92,8,8
28816,103,85,18,18
28817,150,144,6,6
28818,86,75,11,11
28819,72,79,-7,7
28820,54,56,-2,2
28821,136,141,-5,5
28822,60,59,1,1
28823,118,115,3,3
28824,64,56,8,8
28825,78,73,5,5
28826,76,68,8,8
28827,145,141,4,4
28828,62,69,-7,7
28829,98,101,-3,3
28830,100,100,0,0
28831,142,138,4,4
28832,77,89,-12,12
28833,81,91,-10,10
28834,79,80,-1,1
28835,78,77,1,1
28836,84,90,-6,6
28837,63,64,-1,1
28838,94,92,2,2
28839,89,85,4,4
28840,78,77,1,1
28841,132,140,-8,8
28842,151,139,12,12
28843,156,152,4,4
28844,41,57,-16,16
28845,106,109,-3,3
28846,99,98,1,1
28847,42,56,-14,14
28848,79,71,8,8
28849,60,75,-15,15
28850,136,142,-6,6
28851,130,133,-3,3
28852,136,144,-8,8
28853,81,72,9,9
28854,112,110,2,2
28855,60,65,-5,5
28856,93,77,16,16
28857,103,107,-4,4
28858,180,171,9,9
28859,93,88,5,5
28860,172,167,5,5
28861,95,111,-16,16
28862,79,87,-8,8
28863,55,61,-6,6
28864,105,107,-2,2
28865,118,114,4,4
28866,111,110,1,1
28867,66,69,-3,3
28868,146,128,18,18
28869,81,114,-33,33
28870,75,70,5,5
28871,79,85,-6,6
28872,64,63,1,1
28873,97,101,-4,4
28874,103,100,3,3
28875,68,71,-3,3
28876,74,78,-4,4
28877,80,69,11,11
28878,90,75,15,15
28879,59,57,2,2
28880,109,112,-3,3
28881,90,87,3,3
28882,71,77,-6,6
28883,108,109,-1,1
28884,83,79,4,4
28885,130,125,5,5
28886,85,88,-3,3
28887,49,59,-10,10
28888,73,66,7,7
28889,104,107,-3,3
28890,131,131,0,0
28891,69,70,-1,1
28892,102,96,6,6
28893,74,73,1,1
28894,58,57,1,1
28895,167,156,11,11
28896,144,143,1,1
28897,108,108,0,0
28898,70,70,0,0
28899,84,84,0,0
28900,50,49,1,1
28901,68,71,-3,3
28902,128,135,-7,7
28903,106,114,-8,8
28904,63,65,-2,2
28905,61,123,-62,62
28906,82,77,5,5
28907,100,105,-5,5
28908,92,90,2,2
28909,75,80,-5,5
28910,132,129,3,3
28911,85,91,-6,6
28912,183,173,10,10
28913,115,110,5,5
28914,125,128,-3,3
28915,99,96,3,3
28916,102,100,2,2
28917,125,131,-6,6
28918,75,75,0,0
28919,173,167,6,6
28920,66,71,-5,5
28921,90,82,8,8
28922,88,88,0,0
28923,124,125,-1,1
28924,70,68,2,2
28925,93,88,5,5
28926,64,59,5,5
28927,60,55,5,5
28928,134,140,-6,6
28929,104,97,7,7
28930,44,51,-7,7
28931,109,95,14,14
28932,68,65,3,3
28933,81,80,1,1
28934,103,103,0,0
28935,99,101,-2,2
28936,80,79,1,1
28937,104,108,-4,4
28938,67,75,-8,8
28939,126,123,3,3
28940,53,58,-5,5
28941,135,128,7,7
28942,95,80,15,15
28943,95,100,-5,5
28944,63,65,-2,2
28945,140,127,13,13
28946,71,79,-8,8
28947,79,75,4,4
28948,47,74,-27,27
28949,87,102,-15,15
28950,57,60,-3,3
28951,81,80,1,1
28952,53,59,-6,6
28953,88,96,-8,8
28954,109,112,-3,3
28955,85,86,-1,1
28956,114,110,4,4
28957,81,85,-4,4
28958,85,96,-11,11
28959,95,96,-1,1
28960,61,72,-11,11
28961,65,64,1,1
28962,47,69,-22,22
28963,57,53,4,4
28964,66,75,-9,9
28965,86,90,-4,4
28966,76,76,0,0
28967,143,134,9,9
28968,79,90,-11,11
28969,87,79,8,8
28970,99,95,4,4
28971,103,114,-11,11
28972,83,74,9,9
28973,116,114,2,2
28974,128,126,2,2
28975,159,156,3,3
28976,113,104,9,9
28977,124,121,3,3
28978,81,88,-7,7
28979,66,56,10,10
28980,82,65,17,17
28981,58,66,-8,8
28982,101,113,-12,12
28983,67,80,-13,13
28984,97,84,13,13
28985,78,82,-4,4
28986,104,106,-2,2
28987,117,118,-1,1
28988,82,93,-11,11
28989,125,129,-4,4
28990,152,150,2,2
28991,92,97,-5,5
28992,128,120,8,8
28993,68,69,-1,1
28994,101,96,5,5
28995,96,99,-3,3
28996,98,96,2,2
28997,134,125,9,9
28998,106,112,-6,6
28999,54,57,-3,3
29000,88,98,-10,10
29001,66,63,3,3
29002,99,98,1,1
29003,82,86,-4,4
29004,118,122,-4,4
29005,66,62,4,4
29006,96,95,1,1
29007,139,138,1,1
29008,25,56,-31,31
29009,123,115,8,8
29010,130,126,4,4
29011,92,88,4,4
29012,80,67,13,13
29013,67,60,7,7
29014,71,65,6,6
29015,92,93,-1,1
29016,113,104,9,9
29017,67,79,-12,12
29018,58,65,-7,7
29019,39,86,-47,47
29020,78,83,-5,5
29021,113,100,13,13
29022,50,56,-6,6
29023,66,63,3,3
29024,88,85,3,3
29025,88,101,-13,13
29026,131,121,10,10
29027,64,78,-14,14
29028,91,90,1,1
29029,101,89,12,12
29030,110,106,4,4
29031,56,62,-6,6
29032,77,77,0,0
29033,129,127,2,2
29034,91,101,-10,10
29035,97,103,-6,6
29036,98,98,0,0
29037,75,77,-2,2
29038,109,92,17,17
29039,64,73,-9,9
29040,71,71,0,0
29041,54,56,-2,2
29042,59,63,-4,4
29043,145,148,-3,3
29044,86,76,10,10
29045,56,58,-2,2
29046,79,84,-5,5
29047,114,117,-3,3
29048,65,71,-6,6
29049,104,95,9,9
29050,61,67,-6,6
29051,155,154,1,1
29052,106,106,0,0
29053,48,67,-19,19
29054,173,147,26,26
29055,31,51,-20,20
29056,87,90,-3,3
29057,147,146,1,1
29058,79,78,1,1
29059,92,104,-12,12
29060,100,87,13,13
29061,118,128,-10,10
29062,83,81,2,2
29063,72,71,1,1
29064,101,95,6,6
29065,83,86,-3,3
29066,94,93,1,1
29067,103,109,-6,6
29068,73,73,0,0
29069,179,177,2,2
29070,115,106,9,9
29071,85,81,4,4
29072,101,100,1,1
29073,130,132,-2,2
29074,155,166,-11,11
29075,65,61,4,4
29076,116,124,-8,8
29077,71,78,-7,7
29078,78,84,-6,6
29079,129,130,-1,1
29080,78,71,7,7
29081,141,129,12,12
29082,139,126,13,13
29083,90,86,4,4
29084,174,167,7,7
29085,92,90,2,2
29086,76,75,1,1
29087,40,50,-10,10
29088,36,52,-16,16
29089,78,72,6,6
29090,89,96,-7,7
29091,63,66,-3,3
29092,79,74,5,5
29093,127,116,11,11
29094,61,66,-5,5
29095,118,87,31,31
29096,112,103,9,9
29097,131,126,5,5
29098,78,77,1,1
29099,95,91,4,4
29100,75,71,4,4
29101,170,163,7,7
29102,97,101,-4,4
29103,62,64,-2,2
29104,130,124,6,6
29105,116,135,-19,19
29106,72,78,-6,6
29107,89,84,5,5
29108,95,98,-3,3
29109,82,81,1,1
29110,54,60,-6,6
29111,102,100,2,2
29112,106,102,4,4
29113,138,133,5,5
29114,90,93,-3,3
29115,53,63,-10,10
29116,111,98,13,13
29117,91,87,4,4
29118,84,89,-5,5
29119,116,105,11,11
29120,119,114,5,5
29121,82,82,0,0
29122,102,96,6,6
29123,64,65,-1,1
29124,40,57,-17,17
29125,104,108,-4,4
29126,73,71,2,2
29127,92,88,4,4
29128,127,110,17,17
29129,155,151,4,4
29130,82,82,0,0
29131,86,90,-4,4
29132,61,55,6,6
29133,136,126,10,10
29134,123,131,-8,8
29135,40,54,-14,14
29136,103,96,7,7
29137,145,148,-3,3
29138,92,99,-7,7
29139,60,81,-21,21
29140,71,70,1,1
29141,63,66,-3,3
29142,51,57,-6,6
29143,92,92,0,0
29144,48,61,-13,13
29145,66,72,-6,6
29146,165,154,11,11
29147,114,108,6,6
29148,48,57,-9,9
29149,121,114,7,7
29150,134,128,6,6
29151,68,64,4,4
29152,34,50,-16,16
29153,68,68,0,0
29154,72,75,-3,3
29155,63,62,1,1
29156,59,66,-7,7
29157,94,97,-3,3
29158,59,58,1,1
29159,77,86,-9,9
29160,119,110,9,9
29161,134,136,-2,2
29162,120,120,0,0
29163,90,84,6,6
29164,79,76,3,3
29165,70,67,3,3
29166,103,99,4,4
29167,111,97,14,14
29168,62,64,-2,2
29169,139,121,18,18
29170,138,144,-6,6
29171,213,215,-2,2
29172,73,74,-1,1
29173,116,116,0,0
29174,135,134,1,1
29175,77,71,6,6
29176,89,82,7,7
29177,40,48,-8,8
29178,82,75,7,7
29179,101,107,-6,6
29180,81,95,-14,14
29181,159,159,0,0
29182,89,91,-2,2
29183,74,82,-8,8
29184,106,105,1,1
29185,53,61,-8,8
29186,98,117,-19,19
29187,96,94,2,2
29188,116,122,-6,6
29189,68,70,-2,2
29190,74,75,-1,1
29191,167,173,-6,6
29192,90,99,-9,9
29193,106,101,5,5
29194,62,55,7,7
29195,46,50,-4,4
29196,68,79,-11,11
29197,73,70,3,3
29198,78,79,-1,1
29199,58,57,1,1
29200,129,124,5,5
29201,79,88,-9,9
29202,92,85,7,7
29203,34,54,-20,20
29204,81,63,18,18
29205,73,66,7,7
29206,171,175,-4,4
29207,90,99,-9,9
29208,70,81,-11,11
29209,199,202,-3,3
29210,68,63,5,5
29211,161,157,4,4
29212,46,60,-14,14
29213,61,64,-3,3
29214,112,108,4,4
29215,133,122,11,11
29216,91,81,10,10
29217,80,90,-10,10
29218,160,134,26,26
29219,90,85,5,5
29220,103,93,10,10
29221,87,77,10,10
29222,148,140,8,8
29223,183,131,52,52
29224,87,86,1,1
29225,161,152,9,9
29226,80,75,5,5
29227,128,133,-5,5
29228,123,121,2,2
29229,159,151,8,8
29230,48,48,0,0
29231,77,82,-5,5
29232,87,86,1,1
29233,53,50,3,3
29234,118,113,5,5
29235,89,71,18,18
29236,76,76,0,0
29237,145,137,8,8
29238,125,113,12,12
29239,97,107,-10,10
29240,49,57,-8,8
29241,62,76,-14,14
29242,81,82,-1,1
29243,136,138,-2,2
29244,100,107,-7,7
29245,187,201,-14,14
29246,105,111,-6,6
29247,176,163,13,13
29248,113,112,1,1
29249,115,120,-5,5
29250,86,88,-2,2
29251,120,110,10,10
29252,74,79,-5,5
29253,86,96,-10,10
29254,99,108,-9,9
29255,70,67,3,3
29256,109,114,-5,5
29257,110,104,6,6
29258,102,103,-1,1
29259,156,151,5,5
29260,107,110,-3,3
29261,53,59,-6,6
29262,121,115,6,6
29263,97,96,1,1
29264,103,114,-11,11
29265,66,63,3,3
29266,108,125,-17,17
29267,59,64,-5,5
29268,64,67,-3,3
29269,70,72,-2,2
29270,86,81,5,5
29271,118,109,9,9
29272,61,64,-3,3
29273,120,111,9,9
29274,112,106,6,6
29275,176,153,23,23
29276,61,62,-1,1
29277,89,100,-11,11
29278,115,103,12,12
29279,112,99,13,13
29280,110,105,5,5
29281,92,92,0,0
29282,124,114,10,10
29283,60,59,1,1
29284,70,68,2,2
29285,98,90,8,8
29286,77,77,0,0
29287,60,61,-1,1
29288,149,150,-1,1
29289,135,133,2,2
29290,71,69,2,2
29291,47,53,-6,6
29292,141,129,12,12
29293,76,85,-9,9
29294,85,80,5,5
29295,66,69,-3,3
29296,86,88,-2,2
29297,144,140,4,4
29298,74,79,-5,5
29299,181,176,5,5
29300,79,82,-3,3
29301,106,98,8,8
29302,138,130,8,8
29303,91,76,15,15
29304,76,74,2,2
29305,140,131,9,9
29306,77,79,-2,2
29307,54,62,-8,8
29308,71,76,-5,5
29309,110,99,11,11
29310,90,86,4,4
29311,116,121,-5,5
29312,83,80,3,3
29313,59,66,-7,7
29314,92,90,2,2
29315,144,136,8,8
29316,67,56,11,11
29317,105,102,3,3
29318,62,62,0,0
29319,136,128,8,8
29320,111,113,-2,2
29321,64,69,-5,5
29322,73,62,11,11
29323,86,92,-6,6
29324,84,83,1,1
29325,74,76,-2,2
29326,135,133,2,2
29327,119,112,7,7
29328,83,88,-5,5
29329,102,100,2,2
29330,84,90,-6,6
29331,66,118,-52,52
29332,47,54,-7,7
29333,97,90,7,7
29334,106,105,1,1
29335,75,73,2,2
29336,108,119,-11,11
29337,154,149,5,5
29338,91,85,6,6
29339,75,80,-5,5
29340,155,143,12,12
29341,75,86,-11,11
29342,211,189,22,22
29343,69,64,5,5
29344,52,58,-6,6
29345,84,68,16,16
29346,89,87,2,2
29347,79,76,3,3
29348,78,79,-1,1
29349,90,87,3,3
29350,305,276,29,29
29351,83,87,-4,4
29352,193,190,3,3
29353,124,131,-7,7
29354,46,53,-7,7
29355,85,79,6,6
29356,84,88,-4,4
29357,98,97,1,1
29358,72,74,-2,2
29359,60,61,-1,1
29360,102,99,3,3
29361,92,88,4,4
29362,102,104,-2,2
29363,74,82,-8,8
29364,114,106,8,8
29365,86,95,-9,9
29366,114,116,-2,2
29367,151,162,-11,11
29368,91,95,-4,4
29369,78,71,7,7
29370,153,150,3,3
29371,80,97,-17,17
29372,108,111,-3,3
29373,88,77,11,11
29374,153,142,11,11
29375,71,80,-9,9
29376,95,101,-6,6
29377,127,119,8,8
29378,139,143,-4,4
29379,46,50,-4,4
29380,124,122,2,2
29381,93,96,-3,3
29382,114,105,9,9
29383,93,86,7,7
29384,67,63,4,4
29385,110,112,-2,2
29386,63,65,-2,2
29387,70,64,6,6
29388,87,85,2,2
29389,122,119,3,3
29390,107,113,-6,6
29391,153,144,9,9
29392,94,94,0,0
29393,101,100,1,1
29394,78,83,-5,5
29395,82,92,-10,10
29396,88,87,1,1
29397,94,86,8,8
29398,37,51,-14,14
29399,67,66,1,1
29400,85,78,7,7
29401,105,90,15,15
29402,40,68,-28,28
29403,194,175,19,19
29404,123,124,-1,1
29405,87,79,8,8
29406,102,99,3,3
29407,145,138,7,7
29408,68,64,4,4
29409,159,139,20,20
29410,82,83,-1,1
29411,83,73,10,10
29412,82,74,8,8
29413,69,62,7,7
29414,103,99,4,4
29415,105,107,-2,2
29416,100,115,-15,15
29417,55,55,0,0
29418,80,80,0,0
29419,73,80,-7,7
29420,51,115,-64,64
29421,124,119,5,5
29422,52,54,-2,2
29423,115,134,-19,19
29424,116,110,6,6
29425,101,104,-3,3
29426,63,63,0,0
29427,52,59,-7,7
29428,84,77,7,7
29429,142,140,2,2
29430,71,74,-3,3
29431,82,92,-10,10
29432,85,94,-9,9
29433,74,71,3,3
29434,61,54,7,7
29435,107,109,-2,2
29436,98,96,2,2
29437,80,79,1,1
29438,69,77,-8,8
29439,64,66,-2,2
29440,137,131,6,6
29441,77,75,2,2
29442,94,106,-12,12
29443,86,82,4,4
29444,60,67,-7,7
29445,54,66,-12,12
29446,62,63,-1,1
29447,86,93,-7,7
29448,60,57,3,3
29449,64,65,-1,1
29450,91,93,-2,2
29451,71,67,4,4
29452,78,88,-10,10
29453,104,99,5,5
29454,103,106,-3,3
29455,167,174,-7,7
29456,129,114,15,15
29457,125,150,-25,25
29458,108,115,-7,7
29459,77,81,-4,4
29460,121,126,-5,5
29461,77,73,4,4
29462,61,67,-6,6
29463,67,71,-4,4
29464,96,90,6,6
29465,113,124,-11,11
29466,70,71,-1,1
29467,79,74,5,5
29468,91,93,-2,2
29469,86,94,-8,8
29470,74,74,0,0
29471,78,84,-6,6
29472,117,100,17,17
29473,82,68,14,14
29474,79,82,-3,3
29475,138,153,-15,15
29476,92,83,9,9
29477,69,64,5,5
29478,81,90,-9,9
29479,73,74,-1,1
29480,100,103,-3,3
29481,51,49,2,2
29482,60,61,-1,1
29483,109,101,8,8
29484,131,131,0,0
29485,71,75,-4,4
29486,77,82,-5,5
29487,97,110,-13,13
29488,69,67,2,2
29489,124,117,7,7
29490,69,67,2,2
29491,131,125,6,6
29492,87,89,-2,2
29493,178,181,-3,3
29494,111,112,-1,1
29495,122,108,14,14
29496,155,146,9,9
29497,136,116,20,20
29498,113,125,-12,12
29499,64,70,-6,6
29500,111,109,2,2
29501,94,92,2,2
29502,58,62,-4,4
29503,89,79,10,10
29504,82,79,3,3
29505,87,93,-6,6
29506,50,57,-7,7
29507,79,74,5,5
29508,140,128,12,12
29509,134,200,-66,66
29510,119,109,10,10
29511,140,143,-3,3
29512,119,119,0,0
29513,52,54,-2,2
29514,124,136,-12,12
29515,131,106,25,25
29516,45,52,-7,7
29517,70,68,2,2
29518,99,102,-3,3
29519,82,78,4,4
29520,73,68,5,5
29521,120,132,-12,12
29522,107,112,-5,5
29523,88,89,-1,1
29524,82,82,0,0
29525,59,60,-1,1
29526,90,99,-9,9
29527,56,63,-7,7
29528,113,111,2,2
29529,78,69,9,9
29530,61,69,-8,8
29531,89,88,1,1
29532,44,56,-12,12
29533,62,61,1,1
29534,111,113,-2,2
29535,75,76,-1,1
29536,74,74,0,0
29537,79,73,6,6
29538,89,89,0,0
29539,94,93,1,1
29540,116,111,5,5
29541,120,112,8,8
29542,180,174,6,6
29543,48,48,0,0
29544,85,83,2,2
29545,112,104,8,8
29546,114,103,11,11
29547,78,79,-1,1
29548,111,125,-14,14
29549,71,72,-1,1
29550,64,67,-3,3
29551,47,49,-2,2
29552,85,89,-4,4
29553,90,98,-8,8
29554,137,126,11,11
29555,138,140,-2,2
29556,64,66,-2,2
29557,78,74,4,4
29558,42,51,-9,9
29559,98,97,1,1
29560,59,50,9,9
29561,76,87,-11,11
29562,106,99,7,7
29563,33,46,-13,13
29564,121,122,-1,1
29565,108,100,8,8
29566,76,80,-4,4
29567,64,62,2,2
29568,73,63,10,10
29569,112,113,-1,1
29570,105,98,7,7
29571,59,68,-9,9
29572,205,179,26,26
29573,78,84,-6,6
29574,79,87,-8,8
29575,123,124,-1,1
29576,83,81,2,2
29577,115,112,3,3
29578,75,75,0,0
29579,86,89,-3,3
29580,111,125,-14,14
29581,82,108,-26,26
29582,157,161,-4,4
29583,58,60,-2,2
29584,101,98,3,3
29585,99,97,2,2
29586,96,97,-1,1
29587,133,147,-14,14
29588,93,94,-1,1
29589,79,75,4,4
29590,87,72,15,15
29591,101,108,-7,7
29592,73,70,3,3
29593,76,74,2,2
29594,110,103,7,7
29595,100,97,3,3
29596,87,87,0,0
29597,126,133,-7,7
29598,81,74,7,7
29599,70,81,-11,11
29600,139,140,-1,1
29601,74,74,0,0
29602,147,124,23,23
29603,92,84,8,8
29604,133,115,18,18
29605,87,85,2,2
29606,96,100,-4,4
29607,70,101,-31,31
29608,75,81,-6,6
29609,121,114,7,7
29610,88,86,2,2
29611,96,101,-5,5
29612,196,140,56,56
29613,90,93,-3,3
29614,110,106,4,4
29615,59,58,1,1
29616,131,127,4,4
29617,56,55,1,1
29618,98,105,-7,7
29619,94,90,4,4
29620,73,79,-6,6
29621,52,56,-4,4
29622,97,90,7,7
29623,119,114,5,5
29624,94,84,10,10
29625,144,140,4,4
29626,128,125,3,3
29627,81,76,5,5
29628,101,91,10,10
29629,138,131,7,7
29630,68,66,2,2
29631,124,109,15,15
29632,61,75,-14,14
29633,118,106,12,12
29634,69,70,-1,1
29635,84,88,-4,4
29636,175,160,15,15
29637,54,56,-2,2
29638,72,84,-12,12
29639,82,73,9,9
29640,102,93,9,9
29641,107,104,3,3
29642,110,108,2,2
29643,128,128,0,0
29644,132,136,-4,4
29645,80,75,5,5
29646,60,65,-5,5
29647,54,57,-3,3
29648,89,93,-4,4
29649,90,95,-5,5
29650,62,77,-15,15
29651,64,80,-16,16
29652,74,71,3,3
29653,123,207,-84,84
29654,77,74,3,3
29655,79,75,4,4
29656,88,87,1,1
29657,77,84,-7,7
29658,96,100,-4,4
29659,80,80,0,0
29660,104,104,0,0
29661,46,59,-13,13
29662,70,78,-8,8
29663,93,99,-6,6
29664,103,98,5,5
29665,117,106,11,11
29666,80,82,-2,2
29667,93,91,2,2
29668,88,90,-2,2
29669,101,97,4,4
29670,69,68,1,1
29671,97,92,5,5
29672,56,55,1,1
29673,101,98,3,3
29674,122,117,5,5
29675,95,101,-6,6
29676,113,114,-1,1
29677,150,142,8,8
29678,164,172,-8,8
29679,87,85,2,2
29680,128,124,4,4
29681,66,64,2,2
29682,68,59,9,9
29683,120,113,7,7
29684,151,154,-3,3
29685,72,64,8,8
29686,89,97,-8,8
29687,231,221,10,10
29688,49,65,-16,16
29689,68,62,6,6
29690,81,78,3,3
29691,96,97,-1,1
29692,123,113,10,10
29693,88,86,2,2
29694,188,182,6,6
29695,78,72,6,6
29696,78,77,1,1
29697,105,110,-5,5
29698,102,99,3,3
29699,74,83,-9,9
29700,74,79,-5,5
29701,63,70,-7,7
29702,106,104,2,2
29703,90,86,4,4
29704,100,98,2,2
29705,106,103,3,3
29706,74,77,-3,3
29707,75,78,-3,3
29708,119,130,-11,11
29709,115,117,-2,2
29710,125,111,14,14
29711,106,103,3,3
29712,113,116,-3,3
29713,81,78,3,3
29714,84,80,4,4
29715,79,87,-8,8
29716,129,123,6,6
29717,55,55,0,0
29718,99,103,-4,4
29719,88,94,-6,6
29720,129,112,17,17
29721,92,92,0,0
29722,113,117,-4,4
29723,67,64,3,3
29724,96,106,-10,10
29725,64,70,-6,6
29726,132,144,-12,12
29727,172,161,11,11
29728,104,109,-5,5
29729,83,76,7,7
29730,70,82,-12,12
29731,104,105,-1,1
29732,78,70,8,8
29733,66,83,-17,17
29734,81,82,-1,1
29735,63,69,-6,6
29736,74,78,-4,4
29737,109,94,15,15
29738,70,70,0,0
29739,91,80,11,11
29740,95,95,0,0
29741,76,82,-6,6
29742,68,63,5,5
29743,92,91,1,1
29744,65,69,-4,4
29745,36,48,-12,12
29746,105,105,0,0
29747,110,107,3,3
29748,121,115,6,6
29749,49,51,-2,2
29750,98,86,12,12
29751,117,111,6,6
29752,52,104,-52,52
29753,84,87,-3,3
29754,148,143,5,5
29755,63,64,-1,1
29756,63,71,-8,8
29757,92,95,-3,3
29758,85,82,3,3
29759,93,88,5,5
29760,88,76,12,12
29761,80,78,2,2
29762,83,84,-1,1
29763,61,65,-4,4
29764,76,76,0,0
29765,81,90,-9,9
29766,75,66,9,9
29767,61,56,5,5
29768,110,109,1,1
29769,91,84,7,7
29770,63,60,3,3
29771,126,129,-3,3
29772,102,91,11,11
29773,102,97,5,5
29774,107,104,3,3
29775,49,54,-5,5
29776,71,81,-10,10
29777,70,87,-17,17
29778,94,101,-7,7
29779,201,193,8,8
29780,80,82,-2,2
29781,62,59,3,3
29782,97,94,3,3
29783,77,80,-3,3
29784,74,88,-14,14
29785,55,60,-5,5
29786,88,87,1,1
29787,27,47,-20,20
29788,64,63,1,1
29789,95,109,-14,14
29790,74,78,-4,4
29791,99,103,-4,4
29792,68,68,0,0
29793,65,66,-1,1
29794,97,103,-6,6
29795,73,70,3,3
29796,88,99,-11,11
29797,121,127,-6,6
29798,102,96,6,6
29799,101,107,-6,6
29800,78,86,-8,8
29801,156,148,8,8
29802,76,83,-7,7
29803,66,65,1,1
29804,91,103,-12,12
29805,82,75,7,7
29806,150,152,-2,2
29807,46,50,-4,4
29808,164,163,1,1
29809,134,133,1,1
29810,124,122,2,2
29811,75,76,-1,1
29812,64,67,-3,3
29813,207,194,13,13
29814,125,129,-4,4
29815,143,128,15,15
29816,79,71,8,8
29817,62,65,-3,3
29818,149,156,-7,7
29819,136,132,4,4
29820,48,57,-9,9
29821,117,109,8,8
29822,50,53,-3,3
29823,88,84,4,4
29824,62,65,-3,3
29825,37,51,-14,14
29826,142,127,15,15
29827,59,60,-1,1
29828,123,122,1,1
29829,78,76,2,2
29830,117,110,7,7
29831,84,90,-6,6
29832,191,182,9,9
29833,176,161,15,15
29834,68,69,-1,1
29835,58,55,3,3
29836,74,73,1,1
29837,166,161,5,5
29838,178,172,6,6
29839,102,104,-2,2
29840,106,100,6,6
29841,121,130,-9,9
29842,157,159,-2,2
29843,60,61,-1,1
29844,116,114,2,2
29845,133,136,-3,3
29846,50,51,-1,1
29847,90,89,1,1
29848,138,126,12,12
29849,216,213,3,3
29850,114,112,2,2
29851,107,108,-1,1
29852,68,62,6,6
29853,52,58,-6,6
29854,139,133,6,6
29855,98,87,11,11
29856,143,138,5,5
29857,97,85,12,12
29858,80,85,-5,5
29859,60,62,-2,2
29860,104,103,1,1
29861,102,106,-4,4
29862,155,154,1,1
29863,157,147,10,10
29864,122,109,13,13
29865,89,87,2,2
29866,68,68,0,0
29867,68,66,2,2
29868,102,105,-3,3
29869,107,113,-6,6
29870,62,59,3,3
29871,145,153,-8,8
29872,92,92,0,0
29873,113,107,6,6
29874,72,64,8,8
29875,67,67,0,0
29876,86,87,-1,1
29877,78,82,-4,4
29878,94,95,-1,1
29879,103,90,13,13
29880,145,154,-9,9
29881,74,82,-8,8
29882,128,136,-8,8
29883,146,120,26,26
29884,54,58,-4,4
29885,162,154,8,8
29886,150,153,-3,3
29887,57,63,-6,6
29888,118,120,-2,2
29889,37,59,-22,22
29890,121,115,6,6
29891,130,119,11,11
29892,62,65,-3,3
29893,66,67,-1,1
29894,119,100,19,19
29895,120,109,11,11
29896,100,110,-10,10
29897,121,129,-8,8
29898,85,93,-8,8
29899,99,93,6,6
29900,63,66,-3,3
29901,98,88,10,10
29902,62,59,3,3
29903,78,75,3,3
29904,61,60,1,1
29905,110,100,10,10
29906,90,89,1,1
29907,125,98,27,27
29908,59,60,-1,1
29909,83,75,8,8
29910,103,114,-11,11
29911,66,66,0,0
29912,131,134,-3,3
29913,72,78,-6,6
29914,56,63,-7,7
29915,110,111,-1,1
29916,72,74,-2,2
29917,120,124,-4,4
29918,82,85,-3,3
29919,79,84,-5,5
29920,169,163,6,6
29921,140,153,-13,13
29922,139,134,5,5
29923,53,57,-4,4
29924,93,102,-9,9
29925,95,87,8,8
29926,91,89,2,2
29927,96,89,7,7
29928,115,114,1,1
29929,80,70,10,10
29930,61,62,-1,1
29931,125,135,-10,10
29932,79,75,4,4
29933,113,106,7,7
29934,113,118,-5,5
29935,79,80,-1,1
29936,143,130,13,13
29937,69,84,-15,15
29938,71,99,-28,28
29939,67,67,0,0
29940,53,51,2,2
29941,132,144,-12,12
29942,129,126,3,3
29943,85,82,3,3
29944,107,108,-1,1
29945,143,139,4,4
29946,57,58,-1,1
29947,99,96,3,3
29948,54,60,-6,6
29949,102,110,-8,8
29950,64,62,2,2
29951,86,97,-11,11
29952,88,87,1,1
29953,170,158,12,12
29954,71,76,-5,5
29955,127,133,-6,6
29956,61,60,1,1
29957,63,66,-3,3
29958,46,54,-8,8
29959,78,70,8,8
29960,85,92,-7,7
29961,86,76,10,10
29962,91,86,5,5
29963,75,71,4,4
29964,75,76,-1,1
29965,73,98,-25,25
29966,74,71,3,3
29967,69,75,-6,6
29968,77,72,5,5
29969,119,118,1,1
29970,77,88,-11,11
29971,143,141,2,2
29972,132,138,-6,6
29973,89,92,-3,3
29974,60,60,0,0
29975,131,136,-5,5
29976,83,78,5,5
29977,80,71,9,9
29978,92,88,4,4
29979,187,192,-5,5
29980,128,131,-3,3
29981,151,145,6,6
29982,44,54,-10,10
29983,83,85,-2,2
29984,78,73,5,5
29985,81,81,0,0
29986,73,69,4,4
29987,138,142,-4,4
29988,45,52,-7,7
29989,58,62,-4,4
29990,105,106,-1,1
29991,103,104,-1,1
29992,91,91,0,0
29993,48,55,-7,7
29994,74,81,-7,7
29995,104,92,12,12
29996,69,73,-4,4
29997,62,66,-4,4
29998,140,160,-20,20
29999,129,154,-25,25
30000,98,93,5,5
30001,99,97,2,2
30002,71,65,6,6
30003,149,165,-16,16
30004,101,107,-6,6
30005,114,126,-12,12
30006,181,175,6,6
30007,112,119,-7,7
30008,112,112,0,0
30009,95,97,-2,2
30010,133,133,0,0
30011,168,153,15,15
30012,24,48,-24,24
30013,119,111,8,8
30014,102,99,3,3
30015,84,81,3,3
30016,134,130,4,4
30017,69,66,3,3
30018,66,66,0,0
30019,74,69,5,5
30020,113,111,2,2
30021,64,71,-7,7
30022,79,77,2,2
30023,103,87,16,16
30024,107,106,1,1
30025,66,73,-7,7
30026,88,87,1,1
30027,158,167,-9,9
30028,123,112,11,11
30029,73,80,-7,7
30030,105,103,2,2
30031,65,66,-1,1
30032,119,122,-3,3
30033,68,67,1,1
30034,64,65,-1,1
30035,74,72,2,2
30036,23,47,-24,24
30037,97,95,2,2
30038,124,120,4,4
30039,72,77,-5,5
30040,132,129,3,3
30041,42,55,-13,13
30042,121,113,8,8
30043,89,85,4,4
30044,113,110,3,3
30045,114,110,4,4
30046,57,60,-3,3
30047,63,64,-1,1
30048,121,120,1,1
30049,144,139,5,5
30050,118,118,0,0
30051,64,61,3,3
30052,121,116,5,5
30053,135,129,6,6
30054,80,86,-6,6
30055,110,104,6,6
30056,100,98,2,2
30057,94,100,-6,6
30058,83,78,5,5
30059,87,93,-6,6
30060,67,65,2,2
30061,95,104,-9,9
30062,88,83,5,5
30063,93,93,0,0
30064,91,79,12,12
30065,133,126,7,7
30066,77,97,-20,20
30067,106,111,-5,5
30068,53,59,-6,6
30069,89,89,0,0
30070,154,132,22,22
30071,98,106,-8,8
30072,54,55,-1,1
30073,79,81,-2,2
30074,115,114,1,1
30075,135,139,-4,4
30076,81,78,3,3
30077,56,73,-17,17
30078,54,65,-11,11
30079,73,67,6,6
30080,80,85,-5,5
30081,114,111,3,3
30082,170,174,-4,4
30083,124,120,4,4
30084,63,61,2,2
30085,93,108,-15,15
30086,77,72,5,5
30087,178,173,5,5
30088,67,65,2,2
30089,72,65,7,7
30090,60,63,-3,3
30091,64,65,-1,1
30092,85,82,3,3
30093,158,154,4,4
30094,124,114,10,10
30095,70,118,-48,48
30096,61,64,-3,3
30097,110,119,-9,9
30098,94,102,-8,8
30099,161,149,12,12
30100,98,98,0,0
30101,165,156,9,9
30102,82,86,-4,4
30103,102,113,-11,11
30104,105,103,2,2
30105,85,95,-10,10
30106,106,113,-7,7
30107,91,81,10,10
30108,86,90,-4,4
30109,44,54,-10,10
30110,96,104,-8,8
30111,114,111,3,3
30112,83,87,-4,4
30113,24,51,-27,27
30114,75,79,-4,4
30115,140,147,-7,7
30116,46,51,-5,5
30117,80,74,6,6
30118,82,100,-18,18
30119,125,120,5,5
30120,56,58,-2,2
30121,76,76,0,0
30122,44,51,-7,7
30123,102,94,8,8
30124,146,145,1,1
30125,46,50,-4,4
30126,80,83,-3,3
30127,117,126,-9,9
30128,85,74,11,11
30129,60,56,4,4
30130,81,91,-10,10
30131,42,50,-8,8
30132,79,90,-11,11
30133,98,92,6,6
30134,110,106,4,4
30135,74,70,4,4
30136,54,56,-2,2
30137,113,120,-7,7
30138,78,90,-12,12
30139,52,49,3,3
30140,449,478,-29,29
30141,121,120,1,1
30142,68,65,3,3
30143,35,52,-17,17
30144,36,48,-12,12
30145,81,87,-6,6
30146,155,153,2,2
30147,207,185,22,22
30148,105,112,-7,7
30149,66,73,-7,7
30150,105,89,16,16
30151,63,56,7,7
30152,97,94,3,3
30153,114,105,9,9
30154,69,69,0,0
30155,181,181,0,0
30156,58,63,-5,5
30157,56,59,-3,3
30158,41,54,-13,13
30159,61,66,-5,5
30160,108,117,-9,9
30161,113,103,10,10
30162,46,51,-5,5
30163,85,81,4,4
30164,109,111,-2,2
30165,144,147,-3,3
30166,45,81,-36,36
30167,56,57,-1,1
30168,71,65,6,6
30169,83,79,4,4
30170,72,76,-4,4
30171,92,83,9,9
30172,97,113,-16,16
30173,52,60,-8,8
30174,135,140,-5,5
30175,69,71,-2,2
30176,88,95,-7,7
30177,79,75,4,4
30178,74,74,0,0
30179,74,76,-2,2
30180,102,106,-4,4
30181,154,144,10,10
30182,225,215,10,10
30183,98,104,-6,6
30184,77,79,-2,2
30185,164,149,15,15
30186,144,117,27,27
30187,75,72,3,3
30188,142,152,-10,10
30189,115,118,-3,3
30190,81,81,0,0
30191,103,107,-4,4
30192,94,101,-7,7
30193,76,90,-14,14
30194,50,56,-6,6
30195,108,120,-12,12
30196,146,141,5,5
30197,90,91,-1,1
30198,129,126,3,3
30199,74,81,-7,7
30200,105,99,6,6
30201,91,90,1,1
30202,121,128,-7,7
30203,109,95,14,14
30204,85,99,-14,14
30205,111,121,-10,10
30206,136,134,2,2
30207,74,73,1,1
30208,89,94,-5,5
30209,102,101,1,1
30210,63,54,9,9
30211,113,118,-5,5
30212,92,80,12,12
30213,87,92,-5,5
30214,98,94,4,4
30215,111,111,0,0
30216,116,107,9,9
30217,133,137,-4,4
30218,160,148,12,12
30219,86,87,-1,1
30220,132,131,1,1
30221,110,110,0,0
30222,53,52,1,1
30223,95,93,2,2
30224,88,88,0,0
30225,56,56,0,0
30226,75,76,-1,1
30227,76,77,-1,1
30228,47,54,-7,7
30229,96,88,8,8
30230,39,59,-20,20
30231,159,143,16,16
30232,61,61,0,0
30233,53,53,0,0
30234,84,84,0,0
30235,85,82,3,3
30236,82,88,-6,6
30237,88,91,-3,3
30238,87,86,1,1
30239,111,110,1,1
30240,161,147,14,14
30241,131,132,-1,1
30242,89,81,8,8
30243,156,156,0,0
30244,61,62,-1,1
30245,94,101,-7,7
30246,102,86,16,16
30247,167,173,-6,6
30248,182,169,13,13
30249,59,53,6,6
30250,162,148,14,14
30251,132,131,1,1
30252,66,59,7,7
30253,88,87,1,1
30254,106,90,16,16
30255,59,62,-3,3
30256,86,87,-1,1
30257,45,55,-10,10
30258,42,51,-9,9
30259,54,57,-3,3
30260,79,83,-4,4
30261,139,147,-8,8
30262,98,103,-5,5
30263,113,112,1,1
30264,87,87,0,0
30265,55,61,-6,6
30266,47,52,-5,5
30267,93,102,-9,9
30268,55,61,-6,6
30269,113,141,-28,28
30270,87,77,10,10
30271,138,145,-7,7
30272,106,96,10,10
30273,76,77,-1,1
30274,89,88,1,1
30275,90,84,6,6
30276,119,116,3,3
30277,106,105,1,1
30278,89,88,1,1
30279,80,82,-2,2
30280,77,78,-1,1
30281,138,126,12,12
30282,99,95,4,4
30283,70,77,-7,7
30284,107,107,0,0
30285,64,66,-2,2
30286,123,122,1,1
30287,75,83,-8,8
30288,46,59,-13,13
30289,94,95,-1,1
30290,68,68,0,0
30291,116,126,-10,10
30292,68,77,-9,9
30293,42,50,-8,8
30294,74,65,9,9
30295,102,106,-4,4
30296,111,106,5,5
30297,102,112,-10,10
30298,155,175,-20,20
30299,97,103,-6,6
30300,75,76,-1,1
30301,158,171,-13,13
30302,66,58,8,8
30303,72,70,2,2
30304,197,170,27,27
30305,133,117,16,16
30306,103,110,-7,7
30307,119,117,2,2
30308,88,93,-5,5
30309,56,63,-7,7
30310,59,66,-7,7
30311,73,85,-12,12
30312,100,93,7,7
30313,83,73,10,10
30314,104,100,4,4
30315,91,95,-4,4
30316,86,87,-1,1
30317,62,59,3,3
30318,90,102,-12,12
30319,79,74,5,5
30320,127,127,0,0
30321,108,118,-10,10
30322,38,70,-32,32
30323,63,74,-11,11
30324,55,59,-4,4
30325,111,95,16,16
30326,53,59,-6,6
30327,77,72,5,5
30328,143,147,-4,4
30329,136,133,3,3
30330,47,53,-6,6
30331,85,81,4,4
30332,96,96,0,0
30333,87,81,6,6
30334,87,84,3,3
30335,144,132,12,12
30336,105,98,7,7
30337,96,106,-10,10
30338,78,78,0,0
30339,140,156,-16,16
30340,69,67,2,2
30341,41,56,-15,15
30342,73,82,-9,9
30343,75,73,2,2
30344,54,61,-7,7
30345,71,75,-4,4
30346,92,97,-5,5
30347,78,74,4,4
30348,106,105,1,1
30349,77,83,-6,6
30350,74,74,0,0
30351,59,61,-2,2
30352,94,109,-15,15
30353,86,83,3,3
30354,102,112,-10,10
30355,87,92,-5,5
30356,121,123,-2,2
30357,75,68,7,7
30358,108,105,3,3
30359,174,157,17,17
30360,119,115,4,4
30361,84,89,-5,5
30362,98,97,1,1
30363,84,89,-5,5
30364,89,83,6,6
30365,87,81,6,6
30366,43,62,-19,19
30367,95,102,-7,7
30368,62,65,-3,3
30369,97,105,-8,8
30370,110,108,2,2
30371,102,109,-7,7
30372,95,99,-4,4
30373,84,86,-2,2
30374,88,90,-2,2
30375,101,101,0,0
30376,154,160,-6,6
30377,159,153,6,6
30378,103,97,6,6
30379,75,76,-1,1
30380,119,108,11,11
30381,27,45,-18,18
30382,77,81,-4,4
30383,169,152,17,17
30384,151,155,-4,4
30385,72,63,9,9
30386,145,126,19,19
30387,62,68,-6,6
30388,52,70,-18,18
30389,69,76,-7,7
30390,74,74,0,0
30391,102,89,13,13
30392,91,95,-4,4
30393,93,91,2,2
30394,81,80,1,1
30395,137,132,5,5
30396,157,161,-4,4
30397,48,48,0,0
30398,122,126,-4,4
30399,64,65,-1,1
30400,175,168,7,7
30401,74,64,10,10
30402,47,50,-3,3
30403,103,99,4,4
30404,88,93,-5,5
30405,64,76,-12,12
30406,94,94,0,0
30407,111,108,3,3
30408,209,181,28,28
30409,80,79,1,1
30410,108,114,-6,6
30411,103,98,5,5
30412,93,117,-24,24
30413,86,89,-3,3
30414,105,102,3,3
30415,110,105,5,5
30416,82,86,-4,4
30417,69,64,5,5
30418,43,48,-5,5
30419,74,79,-5,5
30420,131,121,10,10
30421,137,138,-1,1
30422,110,123,-13,13
30423,61,63,-2,2
30424,90,90,0,0
30425,78,72,6,6
30426,82,85,-3,3
30427,82,85,-3,3
30428,66,66,0,0
30429,136,143,-7,7
30430,112,106,6,6
30431,71,73,-2,2
30432,114,113,1,1
30433,105,154,-49,49
30434,93,82,11,11
30435,122,126,-4,4
30436,167,169,-2,2
30437,67,63,4,4
30438,62,77,-15,15
30439,116,112,4,4
30440,120,109,11,11
30441,126,123,3,3
30442,110,106,4,4
30443,85,88,-3,3
30444,124,115,9,9
30445,129,136,-7,7
30446,99,116,-17,17
30447,172,165,7,7
30448,76,80,-4,4
30449,64,62,2,2
30450,138,127,11,11
30451,59,59,0,0
30452,123,117,6,6
30453,140,107,33,33
30454,67,70,-3,3
30455,211,199,12,12
30456,155,146,9,9
30457,84,95,-11,11
30458,125,127,-2,2
30459,72,71,1,1
30460,121,130,-9,9
30461,121,128,-7,7
30462,141,150,-9,9
30463,67,66,1,1
30464,73,99,-26,26
30465,107,114,-7,7
30466,72,64,8,8
30467,65,68,-3,3
30468,82,80,2,2
30469,87,79,8,8
30470,87,84,3,3
30471,52,55,-3,3
30472,84,80,4,4
30473,81,77,4,4
30474,75,81,-6,6
30475,126,126,0,0
30476,45,57,-12,12
30477,48,54,-6,6
30478,77,79,-2,2
30479,150,134,16,16
30480,100,97,3,3
30481,128,137,-9,9
30482,86,84,2,2
30483,72,65,7,7
30484,108,107,1,1
30485,61,58,3,3
30486,121,127,-6,6
30487,132,133,-1,1
30488,112,115,-3,3
30489,148,145,3,3
30490,89,100,-11,11
30491,47,56,-9,9
30492,75,78,-3,3
30493,113,127,-14,14
30494,82,90,-8,8
30495,82,83,-1,1
30496,155,145,10,10
30497,114,108,6,6
30498,85,90,-5,5
30499,97,100,-3,3
30500,117,106,11,11
30501,57,64,-7,7
30502,121,121,0,0
30503,50,51,-1,1
30504,32,60,-28,28
30505,126,126,0,0
30506,85,88,-3,3
30507,45,55,-10,10
30508,105,101,4,4
30509,84,87,-3,3
30510,99,91,8,8
30511,129,99,30,30
30512,115,113,2,2
30513,127,132,-5,5
30514,42,67,-25,25
30515,86,95,-9,9
30516,106,106,0,0
30517,108,104,4,4
30518,143,143,0,0
30519,98,108,-10,10
30520,131,107,24,24
30521,117,116,1,1
30522,82,74,8,8
30523,79,81,-2,2
30524,58,57,1,1
30525,96,90,6,6
30526,105,93,12,12
30527,103,99,4,4
30528,72,84,-12,12
30529,108,118,-10,10
30530,155,151,4,4
30531,164,154,10,10
30532,60,58,2,2
30533,130,124,6,6
30534,123,120,3,3
30535,104,107,-3,3
30536,79,75,4,4
30537,136,134,2,2
30538,130,132,-2,2
30539,135,122,13,13
30540,77,75,2,2
30541,136,133,3,3
30542,107,86,21,21
30543,127,116,11,11
30544,116,119,-3,3
30545,132,130,2,2
30546,88,81,7,7
30547,74,68,6,6
30548,71,81,-10,10
30549,53,57,-4,4
30550,57,55,2,2
30551,189,184,5,5
30552,49,50,-1,1
30553,124,131,-7,7
30554,127,123,4,4
30555,45,61,-16,16
30556,110,116,-6,6
30557,104,106,-2,2
30558,82,81,1,1
30559,133,130,3,3
30560,229,213,16,16
30561,64,70,-6,6
30562,107,97,10,10
30563,109,114,-5,5
30564,174,168,6,6
30565,176,175,1,1
30566,101,90,11,11
30567,113,106,7,7
30568,139,132,7,7
30569,56,60,-4,4
30570,75,74,1,1
30571,89,89,0,0
30572,34,55,-21,21
30573,130,130,0,0
30574,81,74,7,7
30575,103,112,-9,9
30576,99,102,-3,3
30577,136,141,-5,5
30578,37,50,-13,13
30579,82,75,7,7
30580,125,125,0,0
30581,121,120,1,1
30582,94,89,5,5
30583,67,67,0,0
30584,110,123,-13,13
30585,82,78,4,4
30586,106,118,-12,12
30587,154,148,6,6
30588,97,97,0,0
30589,65,68,-3,3
30590,81,88,-7,7
30591,53,57,-4,4
30592,123,114,9,9
30593,123,112,11,11
30594,60,57,3,3
30595,59,63,-4,4
30596,71,99,-28,28
30597,154,149,5,5
30598,89,85,4,4
30599,89,83,6,6
30600,95,90,5,5
30601,78,80,-2,2
30602,79,82,-3,3
30603,132,134,-2,2
30604,124,127,-3,3
30605,125,122,3,3
30606,73,71,2,2
30607,109,115,-6,6
30608,84,84,0,0
30609,114,118,-4,4
30610,98,100,-2,2
30611,229,218,11,11
30612,118,121,-3,3
30613,105,107,-2,2
30614,56,61,-5,5
30615,86,82,4,4
30616,72,75,-3,3
30617,144,170,-26,26
30618,151,147,4,4
30619,91,88,3,3
30620,134,140,-6,6
30621,142,137,5,5
30622,119,121,-2,2
30623,115,110,5,5
30624,122,128,-6,6
30625,121,113,8,8
30626,145,158,-13,13
30627,151,149,2,2
30628,99,80,19,19
30629,90,90,0,0
30630,115,143,-28,28
30631,65,82,-17,17
30632,90,87,3,3
30633,78,80,-2,2
30634,65,71,-6,6
30635,77,78,-1,1
30636,64,64,0,0
30637,204,188,16,16
30638,134,143,-9,9
30639,144,133,11,11
30640,127,133,-6,6
30641,88,82,6,6
30642,61,68,-7,7
30643,118,121,-3,3
30644,91,91,0,0
30645,143,126,17,17
30646,166,146,20,20
30647,77,73,4,4
30648,97,91,6,6
30649,97,99,-2,2
30650,98,87,11,11
30651,71,70,1,1
30652,77,73,4,4
30653,145,142,3,3
30654,127,126,1,1
30655,144,144,0,0
30656,128,122,6,6
30657,148,145,3,3
30658,67,64,3,3
30659,147,153,-6,6
30660,85,95,-10,10
30661,98,100,-2,2
30662,72,71,1,1
30663,74,80,-6,6
30664,111,115,-4,4
30665,80,76,4,4
30666,73,71,2,2
30667,79,80,-1,1
30668,90,79,11,11
30669,104,98,6,6
30670,70,71,-1,1
30671,99,100,-1,1
30672,64,66,-2,2
30673,68,69,-1,1
30674,96,95,1,1
30675,44,51,-7,7
30676,84,83,1,1
30677,81,76,5,5
30678,152,149,3,3
30679,69,69,0,0
30680,86,102,-16,16
30681,89,96,-7,7
30682,151,149,2,2
30683,80,89,-9,9
30684,97,103,-6,6
30685,55,54,1,1
30686,126,118,8,8
30687,110,121,-11,11
30688,112,123,-11,11
30689,156,143,13,13
30690,52,66,-14,14
30691,88,89,-1,1
30692,98,107,-9,9
30693,131,127,4,4
30694,114,108,6,6
30695,154,162,-8,8
30696,52,52,0,0
30697,134,138,-4,4
30698,60,59,1,1
30699,68,69,-1,1
30700,119,121,-2,2
30701,61,64,-3,3
30702,94,102,-8,8
30703,98,106,-8,8
30704,103,114,-11,11
30705,120,125,-5,5
30706,97,100,-3,3
30707,126,117,9,9
30708,103,98,5,5
30709,97,99,-2,2
30710,89,85,4,4
30711,69,67,2,2
30712,58,63,-5,5
30713,109,104,5,5
30714,91,81,10,10
30715,76,75,1,1
30716,206,196,10,10
30717,109,99,10,10
30718,167,166,1,1
30719,124,120,4,4
30720,68,68,0,0
30721,162,139,23,23
30722,92,92,0,0
30723,160,166,-6,6
30724,107,105,2,2
30725,104,91,13,13
30726,72,64,8,8
30727,59,62,-3,3
30728,102,96,6,6
30729,110,120,-10,10
30730,71,72,-1,1
30731,96,91,5,5
30732,117,117,0,0
30733,67,69,-2,2
30734,64,68,-4,4
30735,111,107,4,4
30736,54,50,4,4
30737,70,73,-3,3
30738,89,84,5,5
30739,125,135,-10,10
30740,81,93,-12,12
30741,132,125,7,7
30742,122,125,-3,3
30743,83,88,-5,5
30744,49,61,-12,12
30745,134,118,16,16
30746,86,87,-1,1
30747,87,83,4,4
30748,113,115,-2,2
30749,147,151,-4,4
30750,57,63,-6,6
30751,81,79,2,2
30752,84,91,-7,7
30753,130,126,4,4
30754,103,96,7,7
30755,57,58,-1,1
30756,58,59,-1,1
30757,147,128,19,19
30758,136,135,1,1
30759,78,82,-4,4
30760,92,91,1,1
30761,69,73,-4,4
30762,151,139,12,12
30763,155,158,-3,3
30764,80,86,-6,6
30765,71,65,6,6
30766,113,182,-69,69
30767,129,114,15,15
30768,113,114,-1,1
30769,82,89,-7,7
30770,69,65,4,4
30771,95,95,0,0
30772,86,87,-1,1
30773,86,79,7,7
30774,73,69,4,4
30775,84,87,-3,3
30776,99,95,4,4
30777,159,145,14,14
30778,94,97,-3,3
30779,93,98,-5,5
30780,52,54,-2,2
30781,92,92,0,0
30782,77,85,-8,8
30783,83,84,-1,1
30784,145,150,-5,5
30785,89,84,5,5
30786,98,93,5,5
30787,128,133,-5,5
30788,70,81,-11,11
30789,85,84,1,1
30790,94,94,0,0
30791,63,70,-7,7
30792,120,110,10,10
30793,93,102,-9,9
30794,113,108,5,5
30795,164,171,-7,7
30796,121,117,4,4
30797,61,56,5,5
30798,100,115,-15,15
30799,67,58,9,9
30800,107,106,1,1
30801,56,58,-2,2
30802,79,81,-2,2
30803,116,144,-28,28
30804,139,138,1,1
30805,112,123,-11,11
30806,92,91,1,1
30807,108,104,4,4
30808,124,129,-5,5
30809,158,164,-6,6
30810,106,85,21,21
30811,132,129,3,3
30812,100,93,7,7
30813,64,97,-33,33
30814,128,127,1,1
30815,53,51,2,2
30816,54,56,-2,2
30817,81,86,-5,5
30818,67,69,-2,2
30819,97,116,-19,19
30820,129,124,5,5
30821,122,107,15,15
30822,139,136,3,3
30823,44,49,-5,5
30824,131,132,-1,1
30825,67,73,-6,6
30826,115,113,2,2
30827,53,59,-6,6
30828,84,81,3,3
30829,124,125,-1,1
30830,74,66,8,8
30831,104,111,-7,7
30832,70,75,-5,5
30833,112,113,-1,1
30834,90,77,13,13
30835,83,99,-16,16
30836,71,71,0,0
30837,81,75,6,6
30838,124,144,-20,20
30839,161,167,-6,6
30840,52,58,-6,6
30841,78,86,-8,8
30842,57,54,3,3
30843,113,112,1,1
30844,105,96,9,9
30845,119,111,8,8
30846,48,56,-8,8
30847,123,126,-3,3
30848,96,91,5,5
30849,124,115,9,9
30850,129,128,1,1
30851,125,127,-2,2
30852,104,107,-3,3
30853,117,117,0,0
30854,151,150,1,1
30855,125,123,2,2
30856,87,95,-8,8
30857,71,71,0,0
30858,58,57,1,1
30859,127,126,1,1
30860,143,129,14,14
30861,78,75,3,3
30862,114,126,-12,12
30863,49,55,-6,6
30864,86,87,-1,1
30865,81,90,-9,9
30866,85,84,1,1
30867,158,138,20,20
30868,57,54,3,3
30869,109,109,0,0
30870,95,93,2,2
30871,45,52,-7,7
30872,76,88,-12,12
30873,83,81,2,2
30874,100,116,-16,16
30875,65,79,-14,14
30876,76,79,-3,3
30877,47,55,-8,8
30878,70,70,0,0
30879,157,160,-3,3
30880,204,181,23,23
30881,88,85,3,3
30882,93,86,7,7
30883,53,61,-8,8
30884,97,101,-4,4
30885,84,81,3,3
30886,66,73,-7,7
30887,73,76,-3,3
30888,64,70,-6,6
30889,102,94,8,8
30890,56,58,-2,2
30891,73,76,-3,3
30892,78,83,-5,5
30893,64,76,-12,12
30894,89,91,-2,2
30895,108,110,-2,2
30896,79,73,6,6
30897,99,101,-2,2
30898,104,103,1,1
30899,174,161,13,13
30900,76,80,-4,4
30901,67,73,-6,6
30902,103,99,4,4
30903,72,70,2,2
30904,65,79,-14,14
30905,79,81,-2,2
30906,39,67,-28,28
30907,42,49,-7,7
30908,43,51,-8,8
30909,130,129,1,1
30910,56,57,-1,1
30911,67,69,-2,2
30912,61,60,1,1
30913,79,67,12,12
30914,122,104,18,18
30915,121,116,5,5
30916,87,81,6,6
30917,95,100,-5,5
30918,76,75,1,1
30919,98,88,10,10
30920,149,151,-2,2
30921,37,50,-13,13
30922,91,81,10,10
30923,99,97,2,2
30924,64,68,-4,4
30925,113,111,2,2
30926,82,83,-1,1
30927,71,75,-4,4
30928,103,109,-6,6
30929,58,64,-6,6
30930,112,109,3,3
30931,61,61,0,0
30932,60,68,-8,8
30933,118,124,-6,6
30934,48,53,-5,5
30935,86,78,8,8
30936,61,67,-6,6
30937,123,113,10,10
30938,151,149,2,2
30939,50,52,-2,2
30940,123,132,-9,9
30941,186,181,5,5
30942,59,64,-5,5
30943,141,141,0,0
30944,130,154,-24,24
30945,83,76,7,7
30946,63,64,-1,1
30947,168,156,12,12
30948,88,87,1,1
30949,49,60,-11,11
30950,47,56,-9,9
30951,81,85,-4,4
30952,176,156,20,20
30953,58,62,-4,4
30954,48,49,-1,1
30955,117,116,1,1
30956,115,106,9,9
30957,120,118,2,2
30958,90,90,0,0
30959,46,53,-7,7
30960,113,127,-14,14
30961,64,68,-4,4
30962,126,121,5,5
30963,153,138,15,15
30964,114,107,7,7
30965,182,185,-3,3
30966,114,118,-4,4
30967,91,95,-4,4
30968,116,105,11,11
30969,135,127,8,8
30970,70,72,-2,2
30971,80,75,5,5
30972,50,66,-16,16
30973,90,90,0,0
30974,50,53,-3,3
30975,144,136,8,8
30976,77,80,-3,3
30977,81,78,3,3
30978,41,49,-8,8
30979,80,82,-2,2
30980,97,93,4,4
30981,65,68,-3,3
30982,70,71,-1,1
30983,176,183,-7,7
30984,143,143,0,0
30985,79,78,1,1
30986,122,117,5,5
30987,135,132,3,3
30988,85,91,-6,6
30989,50,60,-10,10
30990,88,87,1,1
30991,120,111,9,9
30992,134,133,1,1
30993,74,82,-8,8
30994,86,90,-4,4
30995,95,92,3,3
30996,56,62,-6,6
30997,92,89,3,3
30998,86,87,-1,1
30999,70,90,-20,20
31000,81,76,5,5
31001,113,117,-4,4
31002,99,96,3,3
31003,77,82,-5,5
31004,31,49,-18,18
31005,99,97,2,2
31006,85,83,2,2
31007,80,87,-7,7
31008,92,92,0,0
31009,56,59,-3,3
31010,139,153,-14,14
31011,51,52,-1,1
31012,36,73,-37,37
31013,126,118,8,8
31014,76,76,0,0
31015,96,112,-16,16
31016,87,91,-4,4
31017,117,115,2,2
31018,102,106,-4,4
31019,89,94,-5,5
31020,107,91,16,16
31021,79,80,-1,1
31022,89,89,0,0
31023,67,60,7,7
31024,114,112,2,2
31025,69,73,-4,4
31026,115,98,17,17
31027,168,174,-6,6
31028,84,94,-10,10
31029,79,71,8,8
31030,133,138,-5,5
31031,123,108,15,15
31032,102,112,-10,10
31033,123,115,8,8
31034,97,90,7,7
31035,89,90,-1,1
31036,92,98,-6,6
31037,171,157,14,14
31038,72,66,6,6
31039,92,99,-7,7
31040,54,62,-8,8
31041,113,117,-4,4
31042,110,97,13,13
31043,64,67,-3,3
31044,64,63,1,1
31045,69,64,5,5
31046,81,80,1,1
31047,101,102,-1,1
31048,92,94,-2,2
31049,85,93,-8,8
31050,58,56,2,2
31051,124,118,6,6
31052,81,76,5,5
31053,108,100,8,8
31054,93,88,5,5
31055,70,63,7,7
31056,119,97,22,22
31057,65,66,-1,1
31058,90,81,9,9
31059,53,53,0,0
31060,73,76,-3,3
31061,52,68,-16,16
31062,97,100,-3,3
31063,118,99,19,19
31064,95,92,3,3
31065,89,87,2,2
31066,66,69,-3,3
31067,75,81,-6,6
31068,107,101,6,6
31069,63,63,0,0
31070,148,137,11,11
31071,110,109,1,1
31072,96,109,-13,13
31073,123,128,-5,5
31074,123,118,5,5
31075,106,94,12,12
31076,101,93,8,8
31077,105,110,-5,5
31078,94,102,-8,8
31079,53,66,-13,13
31080,53,67,-14,14
31081,116,116,0,0
31082,122,131,-9,9
31083,96,103,-7,7
31084,117,111,6,6
31085,105,101,4,4
31086,74,77,-3,3
31087,43,55,-12,12
31088,110,112,-2,2
31089,71,72,-1,1
31090,72,68,4,4
31091,109,111,-2,2
31092,142,143,-1,1
31093,69,63,6,6
31094,127,139,-12,12
31095,113,122,-9,9
31096,61,62,-1,1
31097,108,105,3,3
31098,83,76,7,7
31099,58,65,-7,7
31100,107,105,2,2
31101,108,131,-23,23
31102,97,92,5,5
31103,101,92,9,9
31104,101,107,-6,6
31105,123,115,8,8
31106,68,70,-2,2
31107,89,85,4,4
31108,47,49,-2,2
31109,128,116,12,12
31110,117,115,2,2
31111,94,88,6,6
31112,111,103,8,8
31113,51,52,-1,1
31114,65,72,-7,7
31115,79,97,-18,18
31116,140,140,0,0
31117,152,135,17,17
31118,108,109,-1,1
31119,115,108,7,7
31120,78,87,-9,9
31121,100,101,-1,1
31122,69,71,-2,2
31123,127,126,1,1
31124,64,58,6,6
31125,148,146,2,2
31126,105,101,4,4
31127,123,119,4,4
31128,56,59,-3,3
31129,60,72,-12,12
31130,100,92,8,8
31131,77,102,-25,25
31132,89,114,-25,25
31133,63,69,-6,6
31134,70,70,0,0
31135,74,69,5,5
31136,74,86,-12,12
31137,149,128,21,21
31138,60,63,-3,3
31139,115,161,-46,46
31140,65,68,-3,3
31141,95,88,7,7
31142,126,142,-16,16
31143,84,92,-8,8
31144,114,101,13,13
31145,130,123,7,7
31146,117,108,9,9
31147,135,139,-4,4
31148,110,116,-6,6
31149,74,70,4,4
31150,91,96,-5,5
31151,102,97,5,5
31152,76,82,-6,6
31153,81,101,-20,20
31154,117,111,6,6
31155,58,61,-3,3
31156,52,72,-20,20
31157,44,60,-16,16
31158,126,131,-5,5
31159,102,103,-1,1
31160,68,62,6,6
31161,96,118,-22,22
31162,116,105,11,11
31163,96,91,5,5
31164,44,57,-13,13
31165,49,53,-4,4
31166,109,108,1,1
31167,40,57,-17,17
31168,84,118,-34,34
31169,57,57,0,0
31170,85,92,-7,7
31171,44,55,-11,11
31172,77,75,2,2
31173,70,80,-10,10
31174,63,68,-5,5
31175,75,71,4,4
31176,88,89,-1,1
31177,98,96,2,2
31178,66,84,-18,18
31179,78,70,8,8
31180,95,103,-8,8
31181,99,127,-28,28
31182,20,94,-74,74
31183,88,90,-2,2
31184,165,161,4,4
31185,127,122,5,5
31186,55,58,-3,3
31187,145,143,2,2
31188,72,69,3,3
31189,84,75,9,9
31190,62,63,-1,1
31191,107,105,2,2
31192,113,95,18,18
31193,64,66,-2,2
31194,132,114,18,18
31195,80,79,1,1
31196,64,68,-4,4
31197,58,66,-8,8
31198,53,67,-14,14
31199,101,100,1,1
31200,97,91,6,6
31201,93,95,-2,2
31202,87,74,13,13
31203,78,76,2,2
31204,70,61,9,9
31205,119,80,39,39
31206,66,68,-2,2
31207,82,89,-7,7
31208,117,103,14,14
31209,106,103,3,3
31210,79,77,2,2
31211,129,164,-35,35
31212,95,83,12,12
31213,66,70,-4,4
31214,63,63,0,0
31215,128,130,-2,2
31216,86,78,8,8
31217,87,94,-7,7
31218,115,118,-3,3
31219,126,126,0,0
31220,66,104,-38,38
31221,138,139,-1,1
31222,118,105,13,13
31223,105,105,0,0
31224,59,67,-8,8
31225,51,58,-7,7
31226,45,63,-18,18
31227,79,80,-1,1
31228,103,87,16,16
31229,86,105,-19,19
31230,63,63,0,0
31231,104,101,3,3
31232,144,139,5,5
31233,160,148,12,12
31234,55,59,-4,4
31235,83,84,-1,1
31236,104,104,0,0
31237,61,65,-4,4
31238,92,98,-6,6
31239,72,75,-3,3
31240,103,97,6,6
31241,192,173,19,19
31242,89,83,6,6
31243,76,75,1,1
31244,70,79,-9,9
31245,81,73,8,8
31246,96,95,1,1
31247,120,116,4,4
31248,88,89,-1,1
31249,81,72,9,9
31250,91,91,0,0
31251,104,95,9,9
31252,71,70,1,1
31253,51,53,-2,2
31254,138,131,7,7
31255,88,71,17,17
31256,64,73,-9,9
31257,108,112,-4,4
31258,120,120,0,0
31259,78,100,-22,22
31260,158,140,18,18
31261,185,171,14,14
31262,168,176,-8,8
31263,96,100,-4,4
31264,100,79,21,21
31265,48,106,-58,58
31266,80,82,-2,2
31267,49,54,-5,5
31268,108,109,-1,1
31269,71,74,-3,3
31270,111,111,0,0
31271,75,67,8,8
31272,117,117,0,0
31273,156,144,12,12
31274,111,101,10,10
31275,108,111,-3,3
31276,54,58,-4,4
31277,83,89,-6,6
31278,91,85,6,6
31279,53,59,-6,6
31280,46,56,-10,10
31281,39,51,-12,12
31282,97,109,-12,12
31283,97,111,-14,14
31284,93,87,6,6
31285,173,162,11,11
31286,76,74,2,2
31287,146,142,4,4
31288,128,138,-10,10
31289,81,80,1,1
31290,90,89,1,1
31291,109,112,-3,3
31292,123,112,11,11
31293,100,99,1,1
31294,77,80,-3,3
31295,77,77,0,0
31296,109,116,-7,7
31297,85,80,5,5
31298,94,91,3,3
31299,57,54,3,3
31300,51,53,-2,2
31301,50,60,-10,10
31302,80,73,7,7
31303,73,68,5,5
31304,68,76,-8,8
31305,153,140,13,13
31306,120,131,-11,11
31307,99,99,0,0
31308,97,93,4,4
31309,82,80,2,2
31310,85,97,-12,12
31311,84,86,-2,2
31312,93,104,-11,11
31313,55,58,-3,3
31314,53,54,-1,1
31315,148,142,6,6
31316,115,121,-6,6
31317,116,115,1,1
31318,109,98,11,11
31319,72,75,-3,3
31320,85,86,-1,1
31321,78,67,11,11
31322,133,125,8,8
31323,89,86,3,3
31324,53,63,-10,10
31325,145,159,-14,14
31326,75,70,5,5
31327,60,62,-2,2
31328,71,69,2,2
31329,62,67,-5,5
31330,165,156,9,9
31331,51,69,-18,18
31332,146,152,-6,6
31333,64,64,0,0
31334,75,83,-8,8
31335,79,73,6,6
31336,85,87,-2,2
31337,100,100,0,0
31338,119,113,6,6
31339,106,113,-7,7
31340,79,77,2,2
31341,163,158,5,5
31342,121,127,-6,6
31343,66,72,-6,6
31344,114,115,-1,1
31345,77,80,-3,3
31346,57,60,-3,3
31347,87,92,-5,5
31348,86,82,4,4
31349,71,77,-6,6
31350,124,120,4,4
31351,65,60,5,5
31352,111,106,5,5
31353,62,67,-5,5
31354,94,83,11,11
31355,76,75,1,1
31356,122,136,-14,14
31357,136,152,-16,16
31358,76,74,2,2
31359,82,95,-13,13
31360,62,61,1,1
31361,65,63,2,2
31362,63,71,-8,8
31363,50,50,0,0
31364,56,67,-11,11
31365,80,85,-5,5
31366,95,88,7,7
31367,94,93,1,1
31368,90,81,9,9
31369,116,100,16,16
31370,113,105,8,8
31371,70,67,3,3
31372,31,48,-17,17
31373,70,75,-5,5
31374,72,67,5,5
31375,92,86,6,6
31376,82,78,4,4
31377,58,65,-7,7
31378,104,120,-16,16
31379,75,74,1,1
31380,90,91,-1,1
31381,130,125,5,5
31382,126,125,1,1
31383,89,86,3,3
31384,108,107,1,1
31385,51,61,-10,10
31386,132,132,0,0
31387,91,92,-1,1
31388,109,116,-7,7
31389,103,120,-17,17
31390,87,77,10,10
31391,123,124,-1,1
31392,109,99,10,10
31393,77,93,-16,16
31394,96,99,-3,3
31395,82,84,-2,2
31396,111,110,1,1
31397,72,72,0,0
31398,117,110,7,7
31399,117,116,1,1
31400,137,135,2,2
31401,107,97,10,10
31402,91,91,0,0
31403,110,109,1,1
31404,76,83,-7,7
31405,83,75,8,8
31406,142,142,0,0
31407,97,94,3,3
31408,54,51,3,3
31409,71,75,-4,4
31410,91,101,-10,10
31411,100,104,-4,4
31412,47,51,-4,4
31413,114,103,11,11
31414,65,56,9,9
31415,33,46,-13,13
31416,88,85,3,3
31417,102,107,-5,5
31418,72,87,-15,15
31419,95,96,-1,1
31420,100,97,3,3
31421,200,196,4,4
31422,147,134,13,13
31423,98,108,-10,10
31424,111,109,2,2
31425,105,107,-2,2
31426,89,90,-1,1
31427,108,107,1,1
31428,35,65,-30,30
31429,54,60,-6,6
31430,124,124,0,0
31431,90,80,10,10
31432,130,128,2,2
31433,138,133,5,5
31434,143,128,15,15
31435,74,74,0,0
31436,47,61,-14,14
31437,64,67,-3,3
31438,174,176,-2,2
31439,96,92,4,4
31440,132,134,-2,2
31441,66,71,-5,5
31442,105,105,0,0
31443,128,131,-3,3
31444,99,99,0,0
31445,70,69,1,1
31446,62,56,6,6
31447,78,76,2,2
31448,93,101,-8,8
31449,89,71,18,18
31450,104,114,-10,10
31451,74,74,0,0
31452,102,86,16,16
31453,58,56,2,2
31454,89,88,1,1
31455,84,74,10,10
31456,128,116,12,12
31457,91,93,-2,2
31458,80,71,9,9
31459,84,93,-9,9
31460,100,103,-3,3
31461,115,112,3,3
31462,92,95,-3,3
31463,155,154,1,1
31464,175,155,20,20
31465,79,77,2,2
31466,70,62,8,8
31467,64,71,-7,7
31468,111,115,-4,4
31469,83,80,3,3
31470,92,93,-1,1
31471,153,151,2,2
31472,138,138,0,0
31473,90,104,-14,14
31474,104,112,-8,8
31475,52,54,-2,2
31476,72,76,-4,4
31477,76,82,-6,6
31478,69,68,1,1
31479,145,138,7,7
31480,67,64,3,3
31481,79,73,6,6
31482,103,94,9,9
31483,145,150,-5,5
31484,86,87,-1,1
31485,112,107,5,5
31486,130,126,4,4
31487,173,165,8,8
31488,75,75,0,0
31489,195,171,24,24
31490,93,90,3,3
31491,102,99,3,3
31492,64,60,4,4
31493,68,69,-1,1
31494,58,67,-9,9
31495,93,78,15,15
31496,119,101,18,18
31497,54,49,5,5
31498,72,91,-19,19
31499,82,84,-2,2
31500,130,125,5,5
31501,75,80,-5,5
31502,73,79,-6,6
31503,72,74,-2,2
31504,243,264,-21,21
31505,62,80,-18,18
31506,79,65,14,14
31507,129,137,-8,8
31508,119,113,6,6
31509,121,123,-2,2
31510,135,133,2,2
31511,64,59,5,5
31512,84,82,2,2
31513,68,74,-6,6
31514,89,85,4,4
31515,59,56,3,3
31516,67,76,-9,9
31517,108,114,-6,6
31518,55,59,-4,4
31519,161,142,19,19
31520,75,77,-2,2
31521,113,106,7,7
31522,102,96,6,6
31523,116,111,5,5
31524,134,133,1,1
31525,161,134,27,27
31526,122,110,12,12
31527,103,98,5,5
31528,75,75,0,0
31529,162,146,16,16
31530,76,82,-6,6
31531,57,60,-3,3
31532,74,77,-3,3
31533,78,70,8,8
31534,68,65,3,3
31535,101,92,9,9
31536,66,69,-3,3
31537,61,66,-5,5
31538,120,110,10,10
31539,62,61,1,1
31540,149,133,16,16
31541,85,91,-6,6
31542,126,115,11,11
31543,192,187,5,5
31544,94,92,2,2
31545,69,72,-3,3
31546,99,86,13,13
31547,114,106,8,8
31548,75,79,-4,4
31549,113,124,-11,11
31550,165,152,13,13
31551,133,127,6,6
31552,86,92,-6,6
31553,72,64,8,8
31554,97,96,1,1
31555,113,159,-46,46
31556,110,112,-2,2
31557,119,125,-6,6
31558,60,62,-2,2
31559,72,88,-16,16
31560,110,113,-3,3
31561,151,139,12,12
31562,70,64,6,6
31563,89,94,-5,5
31564,112,106,6,6
31565,70,72,-2,2
31566,64,64,0,0
31567,155,161,-6,6
31568,103,100,3,3
31569,115,111,4,4
31570,57,55,2,2
31571,92,99,-7,7
31572,96,89,7,7
31573,61,60,1,1
31574,144,130,14,14
31575,75,78,-3,3
31576,138,133,5,5
31577,103,108,-5,5
31578,118,104,14,14
31579,80,88,-8,8
31580,107,101,6,6
31581,84,83,1,1
31582,87,81,6,6
31583,56,56,0,0
31584,129,128,1,1
31585,94,91,3,3
31586,72,80,-8,8
31587,193,165,28,28
31588,141,125,16,16
31589,98,100,-2,2
31590,116,124,-8,8
31591,154,148,6,6
31592,116,123,-7,7
31593,75,82,-7,7
31594,107,101,6,6
31595,83,77,6,6
31596,103,112,-9,9
31597,99,98,1,1
31598,109,113,-4,4
31599,95,91,4,4
31600,85,78,7,7
31601,81,78,3,3
31602,112,94,18,18
31603,82,76,6,6
31604,56,57,-1,1
31605,64,67,-3,3
31606,105,123,-18,18
31607,118,115,3,3
31608,82,87,-5,5
31609,96,96,0,0
31610,69,65,4,4
31611,128,130,-2,2
31612,88,92,-4,4
31613,90,88,2,2
31614,141,135,6,6
31615,75,84,-9,9
31616,108,110,-2,2
31617,153,147,6,6
31618,101,99,2,2
31619,76,81,-5,5
31620,86,93,-7,7
31621,49,55,-6,6
31622,130,127,3,3
31623,95,92,3,3
31624,33,51,-18,18
31625,156,165,-9,9
31626,49,57,-8,8
31627,89,83,6,6
31628,86,76,10,10
31629,80,76,4,4
31630,97,91,6,6
31631,59,63,-4,4
31632,153,147,6,6
31633,51,55,-4,4
31634,88,76,12,12
31635,145,161,-16,16
31636,165,180,-15,15
31637,74,81,-7,7
31638,80,90,-10,10
31639,101,95,6,6
31640,46,51,-5,5
31641,62,63,-1,1
31642,107,97,10,10
31643,66,67,-1,1
31644,153,151,2,2
31645,75,75,0,0
31646,49,58,-9,9
31647,120,127,-7,7
31648,131,126,5,5
31649,106,109,-3,3
31650,147,143,4,4
31651,81,85,-4,4
31652,94,94,0,0
31653,57,63,-6,6
31654,61,71,-10,10
31655,47,49,-2,2
31656,53,52,1,1
31657,117,113,4,4
31658,98,73,25,25
31659,48,49,-1,1
31660,190,190,0,0
31661,68,75,-7,7
31662,106,100,6,6
31663,57,60,-3,3
31664,131,129,2,2
31665,132,129,3,3
31666,74,75,-1,1
31667,125,128,-3,3
31668,86,89,-3,3
31669,49,51,-2,2
31670,95,80,15,15
31671,67,62,5,5
31672,82,88,-6,6
31673,93,104,-11,11
31674,52,58,-6,6
31675,55,56,-1,1
31676,111,109,2,2
31677,73,71,2,2
31678,72,80,-8,8
31679,160,160,0,0
31680,97,103,-6,6
31681,95,88,7,7
31682,117,96,21,21
31683,67,60,7,7
31684,55,62,-7,7
31685,103,94,9,9
31686,108,113,-5,5
31687,82,76,6,6
31688,155,144,11,11
31689,87,93,-6,6
31690,88,85,3,3
31691,84,98,-14,14
31692,66,81,-15,15
31693,59,58,1,1
31694,80,80,0,0
31695,120,128,-8,8
31696,92,94,-2,2
31697,36,46,-10,10
31698,89,79,10,10
31699,113,98,15,15
31700,86,89,-3,3
31701,117,140,-23,23
31702,78,73,5,5
31703,72,79,-7,7
31704,76,67,9,9
31705,76,76,0,0
31706,87,86,1,1
31707,76,97,-21,21
31708,79,60,19,19
31709,51,49,2,2
31710,121,130,-9,9
31711,100,91,9,9
31712,83,84,-1,1
31713,84,74,10,10
31714,100,105,-5,5
31715,125,120,5,5
31716,73,66,7,7
31717,59,58,1,1
31718,79,80,-1,1
31719,76,81,-5,5
31720,108,114,-6,6
31721,64,77,-13,13
31722,101,95,6,6
31723,140,124,16,16
31724,89,89,0,0
31725,72,69,3,3
31726,82,89,-7,7
31727,68,72,-4,4
31728,41,50,-9,9
31729,77,77,0,0
31730,150,143,7,7
31731,121,117,4,4
31732,96,119,-23,23
31733,50,55,-5,5
31734,45,53,-8,8
31735,118,127,-9,9
31736,108,104,4,4
31737,74,69,5,5
31738,148,138,10,10
31739,109,108,1,1
31740,53,56,-3,3
31741,69,68,1,1
31742,75,78,-3,3
31743,75,88,-13,13
31744,93,90,3,3
31745,36,50,-14,14
31746,62,70,-8,8
31747,139,138,1,1
31748,67,67,0,0
31749,199,198,1,1
31750,61,57,4,4
31751,66,66,0,0
31752,58,57,1,1
31753,58,59,-1,1
31754,98,105,-7,7
31755,65,62,3,3
31756,96,96,0,0
31757,105,107,-2,2
31758,44,53,-9,9
31759,116,113,3,3
31760,87,83,4,4
31761,94,101,-7,7
31762,130,136,-6,6
31763,103,101,2,2
31764,85,84,1,1
31765,94,104,-10,10
31766,78,76,2,2
31767,120,116,4,4
31768,48,54,-6,6
31769,107,98,9,9
31770,87,90,-3,3
31771,115,118,-3,3
31772,122,122,0,0
31773,137,122,15,15
31774,19,48,-29,29
31775,90,96,-6,6
31776,45,50,-5,5
31777,53,60,-7,7
31778,132,120,12,12
31779,54,53,1,1
31780,123,135,-12,12
31781,88,102,-14,14
31782,90,90,0,0
31783,112,111,1,1
31784,67,65,2,2
31785,50,58,-8,8
31786,65,66,-1,1
31787,44,54,-10,10
31788,86,94,-8,8
31789,65,69,-4,4
31790,80,102,-22,22
31791,128,122,6,6
31792,166,137,29,29
31793,105,96,9,9
31794,77,75,2,2
31795,113,120,-7,7
31796,82,85,-3,3
31797,94,97,-3,3
31798,123,119,4,4
31799,118,119,-1,1
31800,159,148,11,11
31801,100,83,17,17
31802,95,89,6,6
31803,128,126,2,2
31804,67,77,-10,10
31805,131,121,10,10
31806,78,80,-2,2
31807,58,62,-4,4
31808,126,120,6,6
31809,136,144,-8,8
31810,75,73,2,2
31811,100,97,3,3
31812,52,52,0,0
31813,94,89,5,5
31814,64,69,-5,5
31815,65,70,-5,5
31816,85,84,1,1
31817,100,97,3,3
31818,134,133,1,1
31819,88,90,-2,2
31820,87,88,-1,1
31821,112,115,-3,3
31822,222,208,14,14
31823,103,97,6,6
31824,131,155,-24,24
31825,143,140,3,3
31826,89,89,0,0
31827,144,131,13,13
31828,90,88,2,2
31829,117,112,5,5
31830,41,50,-9,9
31831,161,164,-3,3
31832,87,94,-7,7
31833,67,67,0,0
31834,89,101,-12,12
31835,58,51,7,7
31836,54,54,0,0
31837,66,63,3,3
31838,62,67,-5,5
31839,46,51,-5,5
31840,116,118,-2,2
31841,146,149,-3,3
31842,153,162,-9,9
31843,110,95,15,15
31844,83,75,8,8
31845,138,126,12,12
31846,117,110,7,7
31847,86,83,3,3
31848,170,164,6,6
31849,96,103,-7,7
31850,57,54,3,3
31851,102,93,9,9
31852,96,98,-2,2
31853,88,82,6,6
31854,117,122,-5,5
31855,83,99,-16,16
31856,94,104,-10,10
31857,68,76,-8,8
31858,81,73,8,8
31859,165,166,-1,1
31860,93,85,8,8
31861,169,167,2,2
31862,79,83,-4,4
31863,91,87,4,4
31864,96,95,1,1
31865,107,91,16,16
31866,98,93,5,5
31867,81,76,5,5
31868,125,131,-6,6
31869,111,108,3,3
31870,50,58,-8,8
31871,102,103,-1,1
31872,94,87,7,7
31873,57,60,-3,3
31874,110,107,3,3
31875,89,82,7,7
31876,69,64,5,5
31877,116,117,-1,1
31878,135,120,15,15
31879,76,71,5,5
31880,98,87,11,11
31881,72,68,4,4
31882,68,73,-5,5
31883,77,74,3,3
31884,125,139,-14,14
31885,115,107,8,8
31886,136,123,13,13
31887,80,80,0,0
31888,82,83,-1,1
31889,76,78,-2,2
31890,82,80,2,2
31891,138,130,8,8
31892,108,102,6,6
31893,153,149,4,4
31894,76,73,3,3
31895,100,91,9,9
31896,97,101,-4,4
31897,119,118,1,1
31898,35,50,-15,15
31899,39,48,-9,9
31900,102,96,6,6
31901,93,106,-13,13
31902,122,117,5,5
31903,88,83,5,5
31904,84,84,0,0
31905,207,191,16,16
31906,67,69,-2,2
31907,111,113,-2,2
31908,75,77,-2,2
31909,112,99,13,13
31910,59,61,-2,2
31911,66,65,1,1
31912,161,161,0,0
31913,80,88,-8,8
31914,64,69,-5,5
31915,123,85,38,38
31916,123,117,6,6
31917,144,144,0,0
31918,61,66,-5,5
31919,85,75,10,10
31920,100,94,6,6
31921,100,96,4,4
31922,65,58,7,7
31923,75,68,7,7
31924,104,92,12,12
31925,112,124,-12,12
31926,93,86,7,7
31927,69,66,3,3
31928,58,60,-2,2
31929,120,107,13,13
31930,131,120,11,11
31931,101,91,10,10
31932,156,158,-2,2
31933,83,78,5,5
31934,62,64,-2,2
31935,94,96,-2,2
31936,87,92,-5,5
31937,182,171,11,11
31938,132,128,4,4
31939,100,105,-5,5
31940,74,75,-1,1
31941,57,63,-6,6
31942,95,96,-1,1
31943,64,55,9,9
31944,99,96,3,3
31945,102,112,-10,10
31946,144,134,10,10
31947,152,141,11,11
31948,66,63,3,3
31949,57,61,-4,4
31950,73,78,-5,5
31951,85,83,2,2
31952,111,101,10,10
31953,78,79,-1,1
31954,87,84,3,3
31955,58,68,-10,10
31956,125,126,-1,1
31957,98,95,3,3
31958,127,123,4,4
31959,125,115,10,10
31960,107,109,-2,2
31961,57,64,-7,7
31962,161,152,9,9
31963,109,103,6,6
31964,110,98,12,12
31965,64,66,-2,2
31966,304,319,-15,15
31967,75,77,-2,2
31968,161,161,0,0
31969,85,95,-10,10
31970,124,108,16,16
31971,53,52,1,1
31972,98,104,-6,6
31973,124,123,1,1
31974,67,62,5,5
31975,59,69,-10,10
31976,115,106,9,9
31977,91,83,8,8
31978,108,109,-1,1
31979,82,85,-3,3
31980,104,96,8,8
31981,65,73,-8,8
31982,107,104,3,3
31983,140,145,-5,5
31984,83,83,0,0
31985,128,146,-18,18
31986,65,61,4,4
31987,70,73,-3,3
31988,160,165,-5,5
31989,94,94,0,0
31990,74,67,7,7
31991,99,100,-1,1
31992,105,103,2,2
31993,65,69,-4,4
31994,46,53,-7,7
31995,72,72,0,0
31996,53,51,2,2
31997,110,108,2,2
31998,100,92,8,8
31999,65,71,-6,6
32000,102,99,3,3
32001,128,124,4,4
32002,90,84,6,6
32003,139,153,-14,14
32004,145,127,18,18
32005,89,82,7,7
32006,68,76,-8,8
32007,64,62,2,2
32008,79,86,-7,7
32009,86,77,9,9
32010,60,67,-7,7
32011,101,95,6,6
32012,36,49,-13,13
32013,103,101,2,2
32014,52,54,-2,2
32015,152,154,-2,2
32016,80,89,-9,9
32017,142,127,15,15
32018,129,118,11,11
32019,140,115,25,25
32020,49,61,-12,12
32021,147,152,-5,5
32022,100,90,10,10
32023,59,69,-10,10
32024,106,108,-2,2
32025,88,88,0,0
32026,86,87,-1,1
32027,106,95,11,11
32028,110,110,0,0
32029,43,46,-3,3
32030,114,123,-9,9
32031,77,72,5,5
32032,103,102,1,1
32033,125,127,-2,2
32034,65,66,-1,1
32035,105,103,2,2
32036,98,115,-17,17
32037,132,148,-16,16
32038,119,118,1,1
32039,80,81,-1,1
32040,107,108,-1,1
32041,94,86,8,8
32042,59,74,-15,15
32043,109,111,-2,2
32044,144,150,-6,6
32045,45,53,-8,8
32046,66,58,8,8
32047,122,126,-4,4
32048,88,90,-2,2
32049,53,51,2,2
32050,58,68,-10,10
32051,68,70,-2,2
32052,104,97,7,7
32053,129,135,-6,6
32054,55,60,-5,5
32055,80,68,12,12
32056,100,103,-3,3
32057,64,74,-10,10
32058,150,149,1,1
32059,80,76,4,4
32060,96,90,6,6
32061,83,83,0,0
32062,39,50,-11,11
32063,112,99,13,13
32064,146,141,5,5
32065,91,98,-7,7
32066,77,85,-8,8
32067,121,123,-2,2
32068,113,111,2,2
32069,132,140,-8,8
32070,102,103,-1,1
32071,71,67,4,4
32072,81,77,4,4
32073,60,70,-10,10
32074,112,100,12,12
32075,95,87,8,8
32076,116,110,6,6
32077,85,87,-2,2
32078,116,127,-11,11
32079,107,108,-1,1
32080,156,141,15,15
32081,84,87,-3,3
32082,77,75,2,2
32083,111,105,6,6
32084,61,87,-26,26
32085,124,129,-5,5
32086,106,97,9,9
32087,116,116,0,0
32088,64,77,-13,13
32089,108,105,3,3
32090,76,73,3,3
32091,72,75,-3,3
32092,75,73,2,2
32093,66,68,-2,2
32094,128,140,-12,12
32095,189,166,23,23
32096,120,124,-4,4
32097,64,64,0,0
32098,141,144,-3,3
32099,96,92,4,4
32100,170,172,-2,2
32101,83,84,-1,1
32102,101,104,-3,3
32103,81,89,-8,8
32104,43,47,-4,4
32105,150,143,7,7
32106,70,63,7,7
32107,89,80,9,9
32108,115,110,5,5
32109,103,101,2,2
32110,54,55,-1,1
32111,63,62,1,1
32112,127,137,-10,10
32113,96,79,17,17
32114,79,92,-13,13
32115,83,84,-1,1
32116,108,101,7,7
32117,116,109,7,7
32118,121,118,3,3
32119,127,118,9,9
32120,109,115,-6,6
32121,96,97,-1,1
32122,82,80,2,2
32123,103,131,-28,28
32124,142,143,-1,1
32125,161,149,12,12
32126,126,125,1,1
32127,78,73,5,5
32128,157,160,-3,3
32129,63,68,-5,5
32130,64,66,-2,2
32131,90,85,5,5
32132,95,100,-5,5
32133,146,145,1,1
32134,56,64,-8,8
32135,48,57,-9,9
32136,68,69,-1,1
32137,94,97,-3,3
32138,87,85,2,2
32139,122,113,9,9
32140,126,112,14,14
32141,55,63,-8,8
32142,61,62,-1,1
32143,89,103,-14,14
32144,62,72,-10,10
32145,71,68,3,3
32146,87,91,-4,4
32147,39,47,-8,8
32148,123,120,3,3
32149,79,83,-4,4
32150,109,104,5,5
32151,101,107,-6,6
32152,107,104,3,3
32153,114,111,3,3
32154,81,89,-8,8
32155,167,162,5,5
32156,71,75,-4,4
32157,65,72,-7,7
32158,76,77,-1,1
32159,94,93,1,1
32160,162,154,8,8
32161,86,99,-13,13
32162,162,161,1,1
32163,50,58,-8,8
32164,109,100,9,9
32165,70,65,5,5
32166,69,64,5,5
32167,36,59,-23,23
32168,117,107,10,10
32169,104,92,12,12
32170,107,111,-4,4
32171,66,67,-1,1
32172,98,98,0,0
32173,113,119,-6,6
32174,57,63,-6,6
32175,117,114,3,3
32176,79,93,-14,14
32177,88,88,0,0
32178,101,101,0,0
32179,98,97,1,1
32180,164,177,-13,13
32181,108,105,3,3
32182,79,80,-1,1
32183,77,86,-9,9
32184,81,80,1,1
32185,111,111,0,0
32186,108,107,1,1
32187,104,99,5,5
32188,51,57,-6,6
32189,79,82,-3,3
32190,141,136,5,5
32191,105,103,2,2
32192,79,86,-7,7
32193,121,112,9,9
32194,85,91,-6,6
32195,60,61,-1,1
32196,76,74,2,2
32197,66,62,4,4
32198,140,130,10,10
32199,115,98,17,17
32200,135,121,14,14
32201,137,153,-16,16
32202,108,117,-9,9
32203,56,62,-6,6
32204,145,141,4,4
32205,107,98,9,9
32206,75,73,2,2
32207,73,78,-5,5
32208,58,58,0,0
32209,73,69,4,4
32210,100,94,6,6
32211,154,144,10,10
32212,89,83,6,6
32213,86,80,6,6
32214,218,190,28,28
32215,96,94,2,2
32216,72,74,-2,2
32217,136,149,-13,13
32218,197,191,6,6
32219,75,81,-6,6
32220,138,135,3,3
32221,112,114,-2,2
32222,97,104,-7,7
32223,50,56,-6,6
32224,144,134,10,10
32225,62,63,-1,1
32226,91,98,-7,7
32227,108,110,-2,2
32228,111,113,-2,2
32229,154,147,7,7
32230,84,87,-3,3
32231,181,182,-1,1
32232,80,79,1,1
32233,134,129,5,5
32234,78,86,-8,8
32235,243,224,19,19
32236,59,56,3,3
32237,83,73,10,10
32238,76,66,10,10
32239,88,85,3,3
32240,62,63,-1,1
32241,81,79,2,2
32242,127,128,-1,1
32243,119,113,6,6
32244,70,75,-5,5
32245,114,103,11,11
32246,91,89,2,2
32247,120,106,14,14
32248,61,57,4,4
32249,73,74,-1,1
32250,77,84,-7,7
32251,175,178,-3,3
32252,86,83,3,3
32253,125,119,6,6
32254,109,99,10,10
32255,90,99,-9,9
32256,71,75,-4,4
32257,64,62,2,2
32258,91,81,10,10
32259,116,111,5,5
32260,63,62,1,1
32261,79,83,-4,4
32262,56,55,1,1
32263,144,141,3,3
32264,130,117,13,13
32265,73,69,4,4
32266,64,63,1,1
32267,146,132,14,14
32268,30,56,-26,26
32269,107,114,-7,7
32270,80,87,-7,7
32271,94,112,-18,18
32272,57,59,-2,2
32273,85,86,-1,1
32274,157,147,10,10
32275,131,134,-3,3
32276,170,150,20,20
32277,115,127,-12,12
32278,124,110,14,14
32279,83,80,3,3
32280,139,137,2,2
32281,104,108,-4,4
32282,54,58,-4,4
32283,117,110,7,7
32284,84,95,-11,11
32285,97,90,7,7
32286,50,52,-2,2
32287,57,66,-9,9
32288,84,85,-1,1
32289,70,72,-2,2
32290,75,83,-8,8
32291,33,72,-39,39
32292,110,129,-19,19
32293,60,65,-5,5
32294,66,68,-2,2
32295,121,112,9,9
32296,97,96,1,1
32297,128,118,10,10
32298,82,79,3,3
32299,110,106,4,4
32300,135,139,-4,4
32301,96,97,-1,1
32302,79,73,6,6
32303,82,75,7,7
32304,112,102,10,10
32305,119,125,-6,6
32306,113,91,22,22
32307,129,128,1,1
32308,30,47,-17,17
32309,143,146,-3,3
32310,48,55,-7,7
32311,70,75,-5,5
32312,66,97,-31,31
32313,117,123,-6,6
32314,49,52,-3,3
32315,73,73,0,0
32316,104,114,-10,10
32317,78,89,-11,11
32318,94,97,-3,3
32319,39,51,-12,12
32320,163,155,8,8
32321,131,132,-1,1
32322,78,84,-6,6
32323,107,112,-5,5
32324,40,50,-10,10
32325,83,82,1,1
32326,88,101,-13,13
32327,104,101,3,3
32328,116,108,8,8
32329,144,132,12,12
32330,93,98,-5,5
32331,89,89,0,0
32332,110,106,4,4
32333,62,87,-25,25
32334,100,100,0,0
32335,79,79,0,0
32336,80,78,2,2
32337,120,122,-2,2
32338,84,106,-22,22
32339,88,92,-4,4
32340,132,140,-8,8
32341,93,86,7,7
32342,79,85,-6,6
32343,27,50,-23,23
32344,97,99,-2,2
32345,167,160,7,7
32346,146,156,-10,10
32347,45,56,-11,11
32348,53,58,-5,5
32349,57,61,-4,4
32350,40,50,-10,10
32351,77,84,-7,7
32352,120,114,6,6
32353,87,99,-12,12
32354,189,172,17,17
32355,84,88,-4,4
32356,68,65,3,3
32357,85,92,-7,7
32358,75,80,-5,5
32359,58,62,-4,4
32360,67,68,-1,1
32361,58,58,0,0
32362,38,51,-13,13
32363,63,67,-4,4
32364,82,93,-11,11
32365,111,127,-16,16
32366,168,156,12,12
32367,67,67,0,0
32368,92,93,-1,1
32369,43,49,-6,6
32370,126,116,10,10
32371,94,94,0,0
32372,108,119,-11,11
32373,80,86,-6,6
32374,159,146,13,13
32375,101,85,16,16
32376,71,65,6,6
32377,77,84,-7,7
32378,53,60,-7,7
32379,96,101,-5,5
32380,144,130,14,14
32381,96,98,-2,2
32382,120,124,-4,4
32383,91,90,1,1
32384,57,65,-8,8
32385,95,100,-5,5
32386,114,117,-3,3
32387,115,124,-9,9
32388,63,55,8,8
32389,103,95,8,8
32390,213,203,10,10
32391,82,90,-8,8
32392,113,103,10,10
32393,75,75,0,0
32394,122,127,-5,5
32395,82,69,13,13
32396,112,102,10,10
32397,114,112,2,2
32398,62,53,9,9
32399,145,131,14,14
32400,153,161,-8,8
32401,102,71,31,31
32402,65,69,-4,4
32403,79,66,13,13
32404,85,86,-1,1
32405,69,62,7,7
32406,69,75,-6,6
32407,106,88,18,18
32408,73,69,4,4
32409,95,85,10,10
32410,68,74,-6,6
32411,72,74,-2,2
32412,71,80,-9,9
32413,135,131,4,4
32414,115,112,3,3
32415,75,76,-1,1
32416,57,60,-3,3
32417,33,54,-21,21
32418,73,75,-2,2
32419,147,145,2,2
32420,100,99,1,1
32421,81,84,-3,3
32422,130,129,1,1
32423,63,63,0,0
32424,75,82,-7,7
32425,97,103,-6,6
32426,80,84,-4,4
32427,67,70,-3,3
32428,135,137,-2,2
32429,48,50,-2,2
32430,113,123,-10,10
32431,62,62,0,0
32432,66,63,3,3
32433,62,55,7,7
32434,140,153,-13,13
32435,82,86,-4,4
32436,86,86,0,0
32437,123,123,0,0
32438,134,131,3,3
32439,63,69,-6,6
32440,142,137,5,5
32441,63,63,0,0
32442,94,87,7,7
32443,72,76,-4,4
32444,146,137,9,9
32445,90,71,19,19
32446,57,59,-2,2
32447,51,64,-13,13
32448,64,66,-2,2
32449,80,87,-7,7
32450,105,103,2,2
32451,109,107,2,2
32452,99,108,-9,9
32453,209,193,16,16
32454,82,72,10,10
32455,49,53,-4,4
32456,72,70,2,2
32457,62,64,-2,2
32458,50,57,-7,7
32459,153,155,-2,2
32460,140,129,11,11
32461,95,88,7,7
32462,81,75,6,6
32463,114,103,11,11
32464,130,131,-1,1
32465,31,48,-17,17
32466,86,91,-5,5
32467,100,108,-8,8
32468,58,58,0,0
32469,58,57,1,1
32470,95,84,11,11
32471,121,127,-6,6
32472,83,82,1,1
32473,152,143,9,9
32474,138,144,-6,6
32475,128,134,-6,6
32476,92,101,-9,9
32477,64,68,-4,4
32478,72,77,-5,5
32479,110,115,-5,5
32480,57,58,-1,1
32481,99,93,6,6
32482,98,95,3,3
32483,73,85,-12,12
32484,53,58,-5,5
32485,55,65,-10,10
32486,61,59,2,2
32487,239,222,17,17
32488,86,87,-1,1
32489,133,117,16,16
32490,80,82,-2,2
32491,76,69,7,7
32492,79,72,7,7
32493,140,131,9,9
32494,97,102,-5,5
32495,74,63,11,11
32496,142,135,7,7
32497,82,82,0,0
32498,62,59,3,3
32499,101,110,-9,9
32500,69,83,-14,14
32501,171,162,9,9
32502,69,77,-8,8
32503,72,70,2,2
32504,93,92,1,1
32505,78,83,-5,5
32506,68,67,1,1
32507,54,55,-1,1
32508,110,115,-5,5
32509,69,78,-9,9
32510,92,88,4,4
32511,65,64,1,1
32512,28,52,-24,24
32513,65,65,0,0
32514,69,62,7,7
32515,119,107,12,12
32516,78,72,6,6
32517,75,73,2,2
32518,70,67,3,3
32519,57,68,-11,11
32520,88,90,-2,2
32521,80,73,7,7
32522,113,117,-4,4
32523,63,65,-2,2
32524,91,87,4,4
32525,141,124,17,17
32526,88,91,-3,3
32527,46,51,-5,5
32528,109,104,5,5
32529,98,100,-2,2
32530,177,174,3,3
32531,142,141,1,1
32532,56,58,-2,2
32533,166,142,24,24
32534,70,67,3,3
32535,64,64,0,0
32536,70,74,-4,4
32537,66,77,-11,11
32538,104,98,6,6
32539,131,122,9,9
32540,82,86,-4,4
32541,65,62,3,3
32542,95,96,-1,1
32543,79,71,8,8
32544,86,82,4,4
32545,84,82,2,2
32546,103,88,15,15
32547,77,76,1,1
32548,125,117,8,8
32549,122,124,-2,2
32550,64,58,6,6
32551,95,104,-9,9
32552,79,83,-4,4
32553,67,65,2,2
32554,160,154,6,6
32555,103,102,1,1
32556,114,111,3,3
32557,74,79,-5,5
32558,123,122,1,1
32559,50,57,-7,7
32560,53,54,-1,1
32561,195,198,-3,3
32562,71,73,-2,2
32563,171,149,22,22
32564,90,97,-7,7
32565,75,77,-2,2
32566,84,88,-4,4
32567,86,105,-19,19
32568,101,102,-1,1
32569,131,118,13,13
32570,159,142,17,17
32571,52,65,-13,13
32572,119,114,5,5
32573,85,81,4,4
32574,97,97,0,0
32575,73,74,-1,1
32576,54,61,-7,7
32577,73,68,5,5
32578,127,118,9,9
32579,164,164,0,0
32580,104,90,14,14
32581,57,59,-2,2
32582,40,53,-13,13
32583,103,102,1,1
32584,149,139,10,10
32585,105,98,7,7
32586,184,170,14,14
32587,74,70,4,4
32588,145,133,12,12
32589,74,80,-6,6
32590,83,96,-13,13
32591,82,75,7,7
32592,85,100,-15,15
32593,133,140,-7,7
32594,68,67,1,1
32595,56,78,-22,22
32596,183,179,4,4
32597,66,64,2,2
32598,115,130,-15,15
32599,86,84,2,2
32600,64,67,-3,3
32601,41,49,-8,8
32602,97,118,-21,21
32603,76,75,1,1
32604,64,66,-2,2
32605,67,68,-1,1
32606,92,88,4,4
32607,86,88,-2,2
32608,86,86,0,0
32609,114,113,1,1
32610,134,120,14,14
32611,80,74,6,6
32612,151,168,-17,17
32613,99,98,1,1
32614,144,143,1,1
32615,118,109,9,9
32616,74,74,0,0
32617,85,79,6,6
32618,51,61,-10,10
32619,57,60,-3,3
32620,152,146,6,6
32621,80,80,0,0
32622,83,76,7,7
32623,69,63,6,6
32624,126,143,-17,17
32625,178,166,12,12
32626,101,112,-11,11
32627,110,111,-1,1
32628,53,56,-3,3
32629,89,96,-7,7
32630,97,99,-2,2
32631,81,77,4,4
32632,87,82,5,5
32633,52,53,-1,1
32634,98,94,4,4
32635,109,104,5,5
32636,103,98,5,5
32637,90,75,15,15
32638,73,69,4,4
32639,157,154,3,3
32640,106,99,7,7
32641,144,140,4,4
32642,105,108,-3,3
32643,191,176,15,15
32644,79,75,4,4
32645,113,101,12,12
32646,66,63,3,3
32647,62,82,-20,20
32648,71,80,-9,9
32649,93,93,0,0
32650,90,80,10,10
32651,81,78,3,3
32652,97,105,-8,8
32653,43,57,-14,14
32654,150,136,14,14
32655,78,73,5,5
32656,122,111,11,11
32657,76,74,2,2
32658,50,59,-9,9
32659,78,88,-10,10
32660,68,77,-9,9
32661,92,84,8,8
32662,65,71,-6,6
32663,112,104,8,8
32664,69,71,-2,2
32665,86,85,1,1
32666,73,71,2,2
32667,99,96,3,3
32668,99,90,9,9
32669,70,75,-5,5
32670,88,86,2,2
32671,66,65,1,1
32672,123,112,11,11
32673,72,61,11,11
32674,120,132,-12,12
32675,51,61,-10,10
32676,68,60,8,8
32677,103,106,-3,3
32678,76,75,1,1
32679,77,88,-11,11
32680,143,158,-15,15
32681,128,132,-4,4
32682,87,77,10,10
32683,47,57,-10,10
32684,119,114,5,5
32685,119,116,3,3
32686,52,54,-2,2
32687,123,100,23,23
32688,78,79,-1,1
32689,135,142,-7,7
32690,65,66,-1,1
32691,50,54,-4,4
32692,59,78,-19,19
32693,95,84,11,11
32694,74,87,-13,13
32695,127,113,14,14
32696,135,109,26,26
32697,80,82,-2,2
32698,81,87,-6,6
32699,102,101,1,1
32700,131,135,-4,4
32701,96,88,8,8
32702,100,104,-4,4
32703,104,103,1,1
32704,112,121,-9,9
32705,103,91,12,12
32706,96,95,1,1
32707,86,82,4,4
32708,130,137,-7,7
32709,47,51,-4,4
32710,118,109,9,9
32711,81,77,4,4
32712,117,97,20,20
32713,77,76,1,1
32714,129,127,2,2
32715,111,91,20,20
32716,131,125,6,6
32717,67,71,-4,4
32718,66,65,1,1
32719,111,121,-10,10
32720,71,84,-13,13
32721,58,57,1,1
32722,61,78,-17,17
32723,65,66,-1,1
32724,91,95,-4,4
32725,126,125,1,1
32726,79,65,14,14
32727,98,90,8,8
32728,83,106,-23,23
32729,46,51,-5,5
32730,71,70,1,1
32731,56,67,-11,11
32732,74,69,5,5
32733,86,83,3,3
32734,125,120,5,5
32735,71,66,5,5
32736,62,61,1,1
32737,96,63,33,33
32738,145,125,20,20
32739,73,68,5,5
32740,67,71,-4,4
32741,87,88,-1,1
32742,79,70,9,9
32743,93,96,-3,3
32744,72,72,0,0
32745,68,68,0,0
32746,72,71,1,1
32747,132,123,9,9
32748,75,72,3,3
32749,86,89,-3,3
32750,101,95,6,6
32751,193,198,-5,5
32752,124,120,4,4
32753,96,87,9,9
32754,102,105,-3,3
32755,48,52,-4,4
32756,95,85,10,10
32757,172,171,1,1
32758,174,170,4,4
32759,171,153,18,18
32760,64,61,3,3
32761,90,92,-2,2
32762,77,81,-4,4
32763,79,77,2,2
32764,82,80,2,2
32765,128,122,6,6
32766,96,103,-7,7
32767,88,88,0,0
32768,78,79,-1,1
32769,115,119,-4,4
32770,75,81,-6,6
32771,132,130,2,2
32772,161,151,10,10
32773,117,111,6,6
32774,61,55,6,6
32775,84,72,12,12
32776,102,107,-5,5
32777,108,110,-2,2
32778,108,123,-15,15
32779,156,144,12,12
32780,107,104,3,3
32781,74,71,3,3
32782,185,199,-14,14
32783,61,73,-12,12
32784,106,102,4,4
32785,73,78,-5,5
32786,83,72,11,11
32787,53,58,-5,5
32788,216,205,11,11
32789,90,85,5,5
32790,94,106,-12,12
32791,113,118,-5,5
32792,48,56,-8,8
32793,125,141,-16,16
32794,58,62,-4,4
32795,112,110,2,2
32796,91,85,6,6
32797,90,101,-11,11
32798,104,98,6,6
32799,59,63,-4,4
32800,74,80,-6,6
32801,99,109,-10,10
32802,76,81,-5,5
32803,101,101,0,0
32804,143,139,4,4
32805,66,66,0,0
32806,108,102,6,6
32807,126,121,5,5
32808,102,93,9,9
32809,106,109,-3,3
32810,84,80,4,4
32811,133,131,2,2
32812,68,68,0,0
32813,133,133,0,0
32814,91,90,1,1
32815,148,149,-1,1
32816,131,130,1,1
32817,105,99,6,6
32818,111,126,-15,15
32819,50,53,-3,3
32820,118,107,11,11
32821,56,67,-11,11
32822,76,77,-1,1
32823,141,135,6,6
32824,162,156,6,6
32825,144,149,-5,5
32826,131,140,-9,9
32827,57,60,-3,3
32828,105,116,-11,11
32829,74,71,3,3
32830,118,144,-26,26
32831,157,153,4,4
32832,105,104,1,1
32833,90,90,0,0
32834,96,101,-5,5
32835,161,158,3,3
32836,83,81,2,2
32837,145,139,6,6
32838,55,55,0,0
32839,113,127,-14,14
32840,72,76,-4,4
32841,199,194,5,5
32842,57,65,-8,8
32843,86,87,-1,1
32844,124,115,9,9
32845,59,70,-11,11
32846,65,56,9,9
32847,82,79,3,3
32848,127,124,3,3
32849,82,86,-4,4
32850,101,91,10,10
32851,105,99,6,6
32852,94,95,-1,1
32853,125,117,8,8
32854,96,83,13,13
32855,48,51,-3,3
32856,68,75,-7,7
32857,98,99,-1,1
32858,152,143,9,9
32859,139,117,22,22
32860,80,86,-6,6
32861,113,110,3,3
32862,102,115,-13,13
32863,94,91,3,3
32864,56,61,-5,5
32865,112,111,1,1
32866,71,69,2,2
32867,163,161,2,2
32868,95,101,-6,6
32869,165,165,0,0
32870,100,104,-4,4
32871,104,98,6,6
32872,68,76,-8,8
32873,152,144,8,8
32874,62,69,-7,7
32875,56,62,-6,6
32876,87,88,-1,1
32877,48,60,-12,12
32878,85,81,4,4
32879,82,99,-17,17
32880,70,91,-21,21
32881,80,80,0,0
32882,100,107,-7,7
32883,158,149,9,9
32884,143,135,8,8
32885,76,73,3,3
32886,64,67,-3,3
32887,121,117,4,4
32888,72,78,-6,6
32889,53,53,0,0
32890,202,191,11,11
32891,54,54,0,0
32892,58,59,-1,1
32893,125,120,5,5
32894,74,65,9,9
32895,58,102,-44,44
32896,144,144,0,0
32897,124,127,-3,3
32898,84,83,1,1
32899,27,64,-37,37
32900,84,77,7,7
32901,176,159,17,17
32902,44,50,-6,6
32903,66,68,-2,2
32904,73,82,-9,9
32905,71,86,-15,15
32906,42,71,-29,29
32907,61,84,-23,23
32908,71,69,2,2
32909,90,101,-11,11
32910,74,70,4,4
32911,109,97,12,12
32912,124,120,4,4
32913,94,91,3,3
32914,158,169,-11,11
32915,97,85,12,12
32916,73,68,5,5
32917,90,99,-9,9
32918,64,61,3,3
32919,144,151,-7,7
32920,104,109,-5,5
32921,186,172,14,14
32922,102,97,5,5
32923,85,84,1,1
32924,96,102,-6,6
32925,122,123,-1,1
32926,97,91,6,6
32927,96,95,1,1
32928,50,49,1,1
32929,110,127,-17,17
32930,89,86,3,3
32931,98,95,3,3
32932,123,133,-10,10
32933,53,58,-5,5
32934,114,111,3,3
32935,152,158,-6,6
32936,146,154,-8,8
32937,134,127,7,7
32938,105,112,-7,7
32939,38,72,-34,34
32940,99,96,3,3
32941,107,103,4,4
32942,92,83,9,9
32943,120,125,-5,5
32944,129,132,-3,3
32945,95,92,3,3
32946,90,87,3,3
32947,103,104,-1,1
32948,114,110,4,4
32949,59,61,-2,2
32950,36,102,-66,66
32951,99,97,2,2
32952,76,74,2,2
32953,149,129,20,20
32954,106,91,15,15
32955,61,71,-10,10
32956,47,68,-21,21
32957,158,165,-7,7
32958,54,60,-6,6
32959,50,55,-5,5
32960,98,95,3,3
32961,94,87,7,7
32962,67,69,-2,2
32963,49,55,-6,6
32964,146,143,3,3
32965,135,125,10,10
32966,87,76,11,11
32967,98,101,-3,3
32968,59,58,1,1
32969,86,83,3,3
32970,62,67,-5,5
32971,113,106,7,7
32972,93,93,0,0
32973,75,81,-6,6
32974,83,78,5,5
32975,138,136,2,2
32976,67,70,-3,3
32977,84,74,10,10
32978,117,120,-3,3
32979,64,67,-3,3
32980,80,76,4,4
32981,85,88,-3,3
32982,67,71,-4,4
32983,96,98,-2,2
32984,72,74,-2,2
32985,63,78,-15,15
32986,151,132,19,19
32987,49,62,-13,13
32988,103,84,19,19
32989,32,47,-15,15
32990,70,64,6,6
32991,135,139,-4,4
32992,55,61,-6,6
32993,99,103,-4,4
32994,114,116,-2,2
32995,82,78,4,4
32996,119,125,-6,6
32997,104,104,0,0
32998,123,118,5,5
32999,113,121,-8,8
33000,153,158,-5,5
33001,89,92,-3,3
33002,48,67,-19,19
33003,113,104,9,9
33004,83,84,-1,1
33005,129,126,3,3
33006,67,75,-8,8
33007,96,93,3,3
33008,92,91,1,1
33009,103,99,4,4
33010,121,109,12,12
33011,48,59,-11,11
33012,98,89,9,9
33013,112,109,3,3
33014,107,109,-2,2
33015,92,83,9,9
33016,72,76,-4,4
33017,86,84,2,2
33018,86,84,2,2
33019,120,116,4,4
33020,65,70,-5,5
33021,86,81,5,5
33022,138,126,12,12
33023,74,82,-8,8
33024,60,63,-3,3
33025,125,116,9,9
33026,61,64,-3,3
33027,99,97,2,2
33028,150,144,6,6
33029,69,69,0,0
33030,41,53,-12,12
33031,108,100,8,8
33032,163,170,-7,7
33033,121,117,4,4
33034,72,76,-4,4
33035,109,104,5,5
33036,133,138,-5,5
33037,74,75,-1,1
33038,119,121,-2,2
33039,77,74,3,3
33040,97,109,-12,12
33041,76,80,-4,4
33042,102,98,4,4
33043,88,79,9,9
33044,139,134,5,5
33045,93,89,4,4
33046,171,164,7,7
33047,115,133,-18,18
33048,73,71,2,2
33049,102,96,6,6
33050,97,97,0,0
33051,107,112,-5,5
33052,180,180,0,0
33053,78,80,-2,2
33054,279,266,13,13
33055,86,95,-9,9
33056,80,78,2,2
33057,131,141,-10,10
33058,49,55,-6,6
33059,100,97,3,3
33060,53,66,-13,13
33061,116,109,7,7
33062,61,59,2,2
33063,73,69,4,4
33064,70,67,3,3
33065,56,57,-1,1
33066,69,69,0,0
33067,76,72,4,4
33068,57,61,-4,4
33069,36,49,-13,13
33070,75,85,-10,10
33071,62,59,3,3
33072,78,76,2,2
33073,112,112,0,0
33074,85,80,5,5
33075,164,148,16,16
33076,52,64,-12,12
33077,102,102,0,0
33078,34,44,-10,10
33079,52,57,-5,5
33080,63,78,-15,15
33081,60,58,2,2
33082,145,142,3,3
33083,74,80,-6,6
33084,106,116,-10,10
33085,53,55,-2,2
33086,114,120,-6,6
33087,135,141,-6,6
33088,119,118,1,1
33089,84,98,-14,14
33090,62,64,-2,2
33091,150,149,1,1
33092,178,200,-22,22
33093,125,128,-3,3
33094,125,124,1,1
33095,56,59,-3,3
33096,83,85,-2,2
33097,79,95,-16,16
33098,66,67,-1,1
33099,62,63,-1,1
33100,77,82,-5,5
33101,113,115,-2,2
33102,119,122,-3,3
33103,100,90,10,10
33104,121,123,-2,2
33105,102,102,0,0
33106,106,121,-15,15
33107,67,66,1,1
33108,104,93,11,11
33109,133,136,-3,3
33110,138,129,9,9
33111,62,72,-10,10
33112,110,119,-9,9
33113,140,133,7,7
33114,80,77,3,3
33115,103,107,-4,4
33116,114,111,3,3
33117,55,58,-3,3
33118,91,90,1,1
33119,38,61,-23,23
33120,89,75,14,14
33121,129,125,4,4
33122,30,67,-37,37
33123,103,98,5,5
33124,100,102,-2,2
33125,87,92,-5,5
33126,99,95,4,4
33127,87,86,1,1
33128,91,94,-3,3
33129,105,100,5,5
33130,104,102,2,2
33131,46,52,-6,6
33132,86,77,9,9
33133,59,75,-16,16
33134,135,140,-5,5
33135,47,52,-5,5
33136,108,92,16,16
33137,108,98,10,10
33138,120,124,-4,4
33139,50,76,-26,26
33140,102,125,-23,23
33141,129,139,-10,10
33142,82,125,-43,43
33143,141,128,13,13
33144,87,81,6,6
33145,108,106,2,2
33146,113,126,-13,13
33147,166,162,4,4
33148,82,78,4,4
33149,34,64,-30,30
33150,57,60,-3,3
33151,128,138,-10,10
33152,86,90,-4,4
33153,70,71,-1,1
33154,106,106,0,0
33155,111,112,-1,1
33156,89,101,-12,12
33157,28,47,-19,19
33158,102,104,-2,2
33159,159,145,14,14
33160,170,159,11,11
33161,98,100,-2,2
33162,77,79,-2,2
33163,118,122,-4,4
33164,96,91,5,5
33165,51,59,-8,8
33166,63,59,4,4
33167,70,70,0,0
33168,99,113,-14,14
33169,58,56,2,2
33170,60,59,1,1
33171,78,81,-3,3
33172,45,61,-16,16
33173,89,101,-12,12
33174,69,73,-4,4
33175,84,88,-4,4
33176,73,72,1,1
33177,178,170,8,8
33178,63,68,-5,5
33179,108,105,3,3
33180,105,110,-5,5
33181,43,48,-5,5
33182,82,82,0,0
33183,76,80,-4,4
33184,143,131,12,12
33185,91,87,4,4
33186,63,68,-5,5
33187,136,131,5,5
33188,83,74,9,9
33189,128,120,8,8
33190,63,66,-3,3
33191,72,77,-5,5
33192,96,99,-3,3
33193,66,60,6,6
33194,89,105,-16,16
33195,74,69,5,5
33196,69,74,-5,5
33197,86,86,0,0
33198,105,103,2,2
33199,92,95,-3,3
33200,49,57,-8,8
33201,151,140,11,11
33202,87,97,-10,10
33203,86,85,1,1
33204,55,54,1,1
33205,113,128,-15,15
33206,96,97,-1,1
33207,84,82,2,2
33208,102,102,0,0
33209,85,91,-6,6
33210,141,142,-1,1
33211,90,77,13,13
33212,57,60,-3,3
33213,80,85,-5,5
33214,111,106,5,5
33215,82,124,-42,42
33216,85,84,1,1
33217,85,78,7,7
33218,67,64,3,3
33219,86,83,3,3
33220,102,92,10,10
33221,71,72,-1,1
33222,130,158,-28,28
33223,76,81,-5,5
33224,70,72,-2,2
33225,86,94,-8,8
33226,55,57,-2,2
33227,97,98,-1,1
33228,98,122,-24,24
33229,70,59,11,11
33230,102,96,6,6
33231,79,72,7,7
33232,104,102,2,2
33233,70,63,7,7
33234,94,89,5,5
33235,103,104,-1,1
33236,102,112,-10,10
33237,102,97,5,5
33238,67,68,-1,1
33239,165,160,5,5
33240,73,92,-19,19
33241,149,139,10,10
33242,92,89,3,3
33243,57,65,-8,8
33244,76,65,11,11
33245,129,122,7,7
33246,66,69,-3,3
33247,132,126,6,6
33248,108,100,8,8
33249,162,156,6,6
33250,104,99,5,5
33251,98,106,-8,8
33252,81,75,6,6
33253,106,114,-8,8
33254,134,145,-11,11
33255,118,124,-6,6
33256,156,142,14,14
33257,73,71,2,2
33258,106,110,-4,4
33259,64,60,4,4
33260,66,62,4,4
33261,126,112,14,14
33262,103,104,-1,1
33263,57,57,0,0
33264,158,163,-5,5
33265,103,100,3,3
33266,103,104,-1,1
33267,172,157,15,15
33268,137,142,-5,5
33269,95,89,6,6
33270,127,121,6,6
33271,87,83,4,4
33272,136,123,13,13
33273,51,53,-2,2
33274,95,91,4,4
33275,100,100,0,0
33276,140,135,5,5
33277,102,104,-2,2
33278,69,69,0,0
33279,148,146,2,2
33280,121,134,-13,13
33281,133,134,-1,1
33282,106,112,-6,6
33283,95,88,7,7
33284,71,87,-16,16
33285,148,148,0,0
33286,188,182,6,6
33287,111,110,1,1
33288,88,88,0,0
33289,71,86,-15,15
33290,83,87,-4,4
33291,44,49,-5,5
33292,69,66,3,3
33293,44,57,-13,13
33294,111,107,4,4
33295,105,113,-8,8
33296,76,78,-2,2
33297,95,96,-1,1
33298,181,178,3,3
33299,128,119,9,9
33300,81,81,0,0
33301,175,157,18,18
33302,57,55,2,2
33303,70,67,3,3
33304,77,69,8,8
33305,61,63,-2,2
33306,108,109,-1,1
33307,69,72,-3,3
33308,61,59,2,2
33309,116,111,5,5
33310,50,54,-4,4
33311,95,90,5,5
33312,62,69,-7,7
33313,161,153,8,8
33314,101,102,-1,1
33315,84,77,7,7
33316,87,91,-4,4
33317,71,69,2,2
33318,56,63,-7,7
33319,77,76,1,1
33320,100,123,-23,23
33321,74,75,-1,1
33322,59,65,-6,6
33323,117,116,1,1
33324,102,100,2,2
33325,97,96,1,1
33326,77,73,4,4
33327,128,139,-11,11
33328,89,89,0,0
33329,67,69,-2,2
33330,69,74,-5,5
33331,104,107,-3,3
33332,55,58,-3,3
33333,62,62,0,0
33334,101,96,5,5
33335,78,82,-4,4
33336,86,73,13,13
33337,81,79,2,2
33338,104,95,9,9
33339,57,55,2,2
33340,101,91,10,10
33341,84,80,4,4
33342,73,80,-7,7
33343,106,110,-4,4
33344,102,110,-8,8
33345,71,74,-3,3
33346,144,145,-1,1
33347,131,119,12,12
33348,82,73,9,9
33349,83,80,3,3
33350,169,168,1,1
33351,70,66,4,4
33352,158,151,7,7
33353,162,135,27,27
33354,104,94,10,10
33355,52,56,-4,4
33356,59,57,2,2
33357,70,70,0,0
33358,112,121,-9,9
33359,106,97,9,9
33360,130,123,7,7
33361,111,104,7,7
33362,117,107,10,10
33363,118,132,-14,14
33364,74,81,-7,7
33365,52,54,-2,2
33366,97,108,-11,11
33367,72,74,-2,2
33368,84,81,3,3
33369,50,53,-3,3
33370,101,100,1,1
33371,52,58,-6,6
33372,85,90,-5,5
33373,90,87,3,3
33374,66,73,-7,7
33375,132,120,12,12
33376,91,96,-5,5
33377,46,52,-6,6
33378,36,55,-19,19
33379,94,95,-1,1
33380,65,64,1,1
33381,85,83,2,2
33382,78,75,3,3
33383,140,151,-11,11
33384,79,80,-1,1
33385,108,108,0,0
33386,84,83,1,1
33387,89,87,2,2
33388,119,117,2,2
33389,52,53,-1,1
33390,130,120,10,10
33391,57,58,-1,1
33392,128,123,5,5
33393,106,97,9,9
33394,65,56,9,9
33395,75,79,-4,4
33396,153,157,-4,4
33397,42,50,-8,8
33398,70,71,-1,1
33399,157,155,2,2
33400,153,150,3,3
33401,93,89,4,4
33402,85,82,3,3
33403,70,87,-17,17
33404,84,90,-6,6
33405,61,65,-4,4
33406,80,80,0,0
33407,60,57,3,3
33408,60,61,-1,1
33409,122,125,-3,3
33410,87,88,-1,1
33411,207,165,42,42
33412,102,105,-3,3
33413,52,59,-7,7
33414,75,77,-2,2
33415,62,62,0,0
33416,82,89,-7,7
33417,144,128,16,16
33418,130,136,-6,6
33419,90,77,13,13
33420,71,73,-2,2
33421,77,74,3,3
33422,72,69,3,3
33423,46,48,-2,2
33424,55,66,-11,11
33425,64,99,-35,35
33426,73,68,5,5
33427,76,80,-4,4
33428,100,101,-1,1
33429,108,98,10,10
33430,130,123,7,7
33431,136,131,5,5
33432,89,88,1,1
33433,79,85,-6,6
33434,110,103,7,7
33435,125,134,-9,9
33436,79,86,-7,7
33437,32,44,-12,12
33438,97,127,-30,30
33439,135,132,3,3
33440,93,94,-1,1
33441,111,110,1,1
33442,87,98,-11,11
33443,131,119,12,12
33444,72,68,4,4
33445,72,83,-11,11
33446,192,167,25,25
33447,129,117,12,12
33448,102,98,4,4
33449,86,77,9,9
33450,134,126,8,8
33451,157,157,0,0
33452,75,76,-1,1
33453,93,93,0,0
33454,96,93,3,3
33455,105,102,3,3
33456,110,110,0,0
33457,137,129,8,8
33458,194,194,0,0
33459,82,81,1,1
33460,102,112,-10,10
33461,92,95,-3,3
33462,119,99,20,20
33463,113,110,3,3
33464,85,86,-1,1
33465,66,69,-3,3
33466,145,143,2,2
33467,112,116,-4,4
33468,133,137,-4,4
33469,113,101,12,12
33470,175,151,24,24
33471,113,118,-5,5
33472,59,58,1,1
33473,97,102,-5,5
33474,74,77,-3,3
33475,53,53,0,0
33476,108,110,-2,2
33477,133,124,9,9
33478,46,50,-4,4
33479,135,124,11,11
33480,111,105,6,6
33481,117,109,8,8
33482,69,69,0,0
33483,175,162,13,13
33484,83,79,4,4
33485,80,83,-3,3
33486,95,105,-10,10
33487,80,81,-1,1
33488,71,71,0,0
33489,61,61,0,0
33490,83,82,1,1
33491,168,159,9,9
33492,78,73,5,5
33493,79,84,-5,5
33494,112,120,-8,8
33495,73,75,-2,2
33496,71,87,-16,16
33497,86,87,-1,1
33498,105,115,-10,10
33499,103,99,4,4
33500,81,79,2,2
33501,70,71,-1,1
33502,107,98,9,9
33503,150,154,-4,4
33504,70,62,8,8
33505,80,83,-3,3
33506,48,58,-10,10
33507,100,109,-9,9
33508,52,60,-8,8
33509,97,95,2,2
33510,172,169,3,3
33511,28,46,-18,18
33512,42,75,-33,33
33513,120,119,1,1
33514,60,66,-6,6
33515,118,109,9,9
33516,175,168,7,7
33517,69,70,-1,1
33518,50,53,-3,3
33519,90,90,0,0
33520,109,109,0,0
33521,63,73,-10,10
33522,63,66,-3,3
33523,54,56,-2,2
33524,115,120,-5,5
33525,61,61,0,0
33526,91,95,-4,4
33527,76,92,-16,16
33528,72,77,-5,5
33529,64,69,-5,5
33530,47,51,-4,4
33531,67,65,2,2
33532,111,107,4,4
33533,102,135,-33,33
33534,68,64,4,4
33535,101,87,14,14
33536,154,136,18,18
33537,71,71,0,0
33538,77,75,2,2
33539,74,72,2,2
33540,95,98,-3,3
33541,98,98,0,0
33542,87,82,5,5
33543,134,135,-1,1
33544,118,116,2,2
33545,146,141,5,5
33546,82,93,-11,11
33547,85,72,13,13
33548,68,90,-22,22
33549,62,62,0,0
33550,79,64,15,15
33551,33,50,-17,17
33552,130,120,10,10
33553,88,76,12,12
33554,132,132,0,0
33555,69,75,-6,6
33556,98,87,11,11
33557,113,99,14,14
33558,84,84,0,0
33559,78,76,2,2
33560,121,114,7,7
33561,69,74,-5,5
33562,70,86,-16,16
33563,89,95,-6,6
33564,97,95,2,2
33565,89,85,4,4
33566,128,124,4,4
33567,149,145,4,4
33568,115,108,7,7
33569,68,69,-1,1
33570,44,56,-12,12
33571,36,53,-17,17
33572,64,82,-18,18
33573,75,65,10,10
33574,85,83,2,2
33575,90,90,0,0
33576,98,117,-19,19
33577,110,103,7,7
33578,91,96,-5,5
33579,179,167,12,12
33580,97,83,14,14
33581,65,68,-3,3
33582,111,121,-10,10
33583,191,165,26,26
33584,181,162,19,19
33585,58,64,-6,6
33586,90,78,12,12
33587,101,94,7,7
33588,164,148,16,16
33589,117,107,10,10
33590,84,93,-9,9
33591,112,107,5,5
33592,117,106,11,11
33593,80,81,-1,1
33594,150,141,9,9
33595,94,96,-2,2
33596,115,121,-6,6
33597,157,142,15,15
33598,69,73,-4,4
33599,61,59,2,2
33600,97,97,0,0
33601,74,77,-3,3
33602,90,93,-3,3
33603,59,56,3,3
33604,121,109,12,12
33605,102,91,11,11
33606,107,114,-7,7
33607,102,110,-8,8
33608,256,267,-11,11
33609,75,77,-2,2
33610,80,79,1,1
33611,67,69,-2,2
33612,122,117,5,5
33613,65,59,6,6
33614,74,79,-5,5
33615,86,87,-1,1
33616,206,202,4,4
33617,139,147,-8,8
33618,76,75,1,1
33619,186,177,9,9
33620,111,112,-1,1
33621,80,70,10,10
33622,148,150,-2,2
33623,76,83,-7,7
33624,123,142,-19,19
33625,79,94,-15,15
33626,118,109,9,9
33627,51,57,-6,6
33628,88,105,-17,17
33629,157,156,1,1
33630,84,90,-6,6
33631,129,125,4,4
33632,131,119,12,12
33633,74,95,-21,21
33634,93,95,-2,2
33635,88,91,-3,3
33636,74,81,-7,7
33637,102,100,2,2
33638,143,138,5,5
33639,67,66,1,1
33640,197,184,13,13
33641,98,88,10,10
33642,117,109,8,8
33643,120,121,-1,1
33644,118,127,-9,9
33645,63,56,7,7
33646,139,142,-3,3
33647,144,147,-3,3
33648,96,89,7,7
33649,110,89,21,21
33650,121,122,-1,1
33651,68,81,-13,13
33652,84,106,-22,22
33653,118,116,2,2
33654,96,99,-3,3
33655,78,80,-2,2
33656,27,57,-30,30
33657,157,149,8,8
33658,137,129,8,8
33659,107,107,0,0
33660,95,93,2,2
33661,45,60,-15,15
33662,69,95,-26,26
33663,196,178,18,18
33664,108,92,16,16
33665,88,83,5,5
33666,199,185,14,14
33667,111,116,-5,5
33668,179,163,16,16
33669,157,153,4,4
33670,82,70,12,12
33671,77,73,4,4
33672,56,56,0,0
33673,63,67,-4,4
33674,196,186,10,10
33675,89,94,-5,5
33676,126,120,6,6
33677,39,45,-6,6
33678,80,90,-10,10
33679,97,94,3,3
33680,85,74,11,11
33681,58,60,-2,2
33682,132,132,0,0
33683,54,66,-12,12
33684,99,96,3,3
33685,91,94,-3,3
33686,75,70,5,5
33687,57,69,-12,12
33688,66,71,-5,5
33689,105,116,-11,11
33690,51,50,1,1
33691,134,122,12,12
33692,27,52,-25,25
33693,71,65,6,6
33694,65,60,5,5
33695,112,91,21,21
33696,100,104,-4,4
33697,56,63,-7,7
33698,74,73,1,1
33699,137,132,5,5
33700,96,99,-3,3
33701,113,125,-12,12
33702,56,57,-1,1
33703,91,94,-3,3
33704,179,178,1,1
33705,54,54,0,0
33706,90,93,-3,3
33707,92,90,2,2
33708,87,83,4,4
33709,122,115,7,7
33710,150,139,11,11
33711,90,86,4,4
33712,98,93,5,5
33713,59,59,0,0
33714,122,122,0,0
33715,150,152,-2,2
33716,74,72,2,2
33717,65,68,-3,3
33718,53,57,-4,4
33719,93,90,3,3
33720,108,102,6,6
33721,70,78,-8,8
33722,135,132,3,3
33723,87,94,-7,7
33724,65,77,-12,12
33725,55,49,6,6
33726,40,50,-10,10
33727,88,82,6,6
33728,168,158,10,10
33729,37,47,-10,10
33730,80,67,13,13
33731,92,83,9,9
33732,157,145,12,12
33733,121,125,-4,4
33734,119,123,-4,4
33735,131,107,24,24
33736,112,100,12,12
33737,71,84,-13,13
33738,73,74,-1,1
33739,99,95,4,4
33740,81,74,7,7
33741,70,71,-1,1
33742,91,88,3,3
33743,63,62,1,1
33744,65,62,3,3
33745,92,100,-8,8
33746,83,77,6,6
33747,62,66,-4,4
33748,137,132,5,5
33749,194,179,15,15
33750,104,96,8,8
33751,136,136,0,0
33752,149,149,0,0
33753,109,109,0,0
33754,70,71,-1,1
33755,121,116,5,5
33756,73,74,-1,1
33757,97,89,8,8
33758,105,98,7,7
33759,131,126,5,5
33760,118,113,5,5
33761,97,93,4,4
33762,49,53,-4,4
33763,110,109,1,1
33764,87,93,-6,6
33765,107,107,0,0
33766,72,67,5,5
33767,173,167,6,6
33768,117,120,-3,3
33769,91,96,-5,5
33770,93,79,14,14
33771,34,48,-14,14
33772,75,69,6,6
33773,110,115,-5,5
33774,76,84,-8,8
33775,122,159,-37,37
33776,94,98,-4,4
33777,60,62,-2,2
33778,96,99,-3,3
33779,92,97,-5,5
33780,155,143,12,12
33781,116,105,11,11
33782,113,111,2,2
33783,70,63,7,7
33784,127,134,-7,7
33785,104,110,-6,6
33786,103,105,-2,2
33787,66,59,7,7
33788,58,60,-2,2
33789,47,61,-14,14
33790,124,128,-4,4
33791,47,52,-5,5
33792,134,122,12,12
33793,126,115,11,11
33794,133,136,-3,3
33795,101,104,-3,3
33796,48,56,-8,8
33797,69,79,-10,10
33798,62,62,0,0
33799,112,101,11,11
33800,124,133,-9,9
33801,68,65,3,3
33802,70,66,4,4
33803,98,98,0,0
33804,61,74,-13,13
33805,98,103,-5,5
33806,128,114,14,14
33807,112,110,2,2
33808,62,65,-3,3
33809,106,97,9,9
33810,90,80,10,10
33811,57,57,0,0
33812,127,128,-1,1
33813,83,79,4,4
33814,123,120,3,3
33815,99,93,6,6
33816,114,120,-6,6
33817,124,131,-7,7
33818,63,65,-2,2
33819,169,164,5,5
33820,86,84,2,2
33821,97,96,1,1
33822,95,88,7,7
33823,97,95,2,2
33824,120,109,11,11
33825,100,96,4,4
33826,127,135,-8,8
33827,65,67,-2,2
33828,74,77,-3,3
33829,146,141,5,5
33830,93,95,-2,2
33831,76,70,6,6
33832,127,123,4,4
33833,61,60,1,1
33834,81,87,-6,6
33835,132,110,22,22
33836,69,60,9,9
33837,56,69,-13,13
33838,103,99,4,4
33839,110,116,-6,6
33840,102,101,1,1
33841,74,68,6,6
33842,111,115,-4,4
33843,74,73,1,1
33844,58,59,-1,1
33845,96,102,-6,6
33846,67,68,-1,1
33847,57,59,-2,2
33848,104,98,6,6
33849,60,68,-8,8
33850,50,61,-11,11
33851,120,119,1,1
33852,73,75,-2,2
33853,45,50,-5,5
33854,95,98,-3,3
33855,125,132,-7,7
33856,106,107,-1,1
33857,80,75,5,5
33858,138,138,0,0
33859,105,109,-4,4
33860,100,105,-5,5
33861,89,86,3,3
33862,161,142,19,19
33863,115,121,-6,6
33864,109,103,6,6
33865,120,114,6,6
33866,64,62,2,2
33867,85,85,0,0
33868,139,136,3,3
33869,56,63,-7,7
33870,100,102,-2,2
33871,61,61,0,0
33872,87,94,-7,7
33873,78,71,7,7
33874,135,126,9,9
33875,149,149,0,0
33876,123,119,4,4
33877,114,98,16,16
33878,106,115,-9,9
33879,121,107,14,14
33880,103,117,-14,14
33881,133,133,0,0
33882,83,79,4,4
33883,90,83,7,7
33884,43,51,-8,8
33885,195,181,14,14
33886,82,76,6,6
33887,121,119,2,2
33888,77,79,-2,2
33889,80,83,-3,3
33890,56,62,-6,6
33891,70,64,6,6
33892,57,60,-3,3
33893,98,100,-2,2
33894,85,89,-4,4
33895,102,99,3,3
33896,114,100,14,14
33897,153,144,9,9
33898,61,60,1,1
33899,99,98,1,1
33900,77,73,4,4
33901,89,76,13,13
33902,79,71,8,8
33903,108,115,-7,7
33904,102,85,17,17
33905,54,61,-7,7
33906,101,96,5,5
33907,131,128,3,3
33908,56,58,-2,2
33909,110,105,5,5
33910,78,72,6,6
33911,153,144,9,9
33912,73,78,-5,5
33913,105,98,7,7
33914,57,73,-16,16
33915,95,108,-13,13
33916,56,63,-7,7
33917,107,96,11,11
33918,62,82,-20,20
33919,157,152,5,5
33920,94,88,6,6
33921,84,72,12,12
33922,131,126,5,5
33923,75,75,0,0
33924,122,122,0,0
33925,114,126,-12,12
33926,61,58,3,3
33927,137,143,-6,6
33928,72,72,0,0
33929,115,99,16,16
33930,49,85,-36,36
33931,98,92,6,6
33932,114,116,-2,2
33933,79,82,-3,3
33934,75,71,4,4
33935,111,95,16,16
33936,84,84,0,0
33937,61,64,-3,3
33938,70,77,-7,7
33939,103,108,-5,5
33940,119,109,10,10
33941,62,63,-1,1
33942,94,80,14,14
33943,161,151,10,10
33944,253,227,26,26
33945,112,117,-5,5
33946,63,72,-9,9
33947,90,85,5,5
33948,124,122,2,2
33949,85,72,13,13
33950,167,166,1,1
33951,115,99,16,16
33952,113,104,9,9
33953,95,97,-2,2
33954,93,91,2,2
33955,138,124,14,14
33956,74,75,-1,1
33957,52,62,-10,10
33958,104,101,3,3
33959,143,140,3,3
33960,74,82,-8,8
33961,69,70,-1,1
33962,133,136,-3,3
33963,82,80,2,2
33964,98,91,7,7
33965,77,76,1,1
33966,142,142,0,0
33967,84,88,-4,4
33968,95,101,-6,6
33969,83,78,5,5
33970,114,100,14,14
33971,53,75,-22,22
33972,91,87,4,4
33973,122,130,-8,8
33974,89,113,-24,24
33975,81,86,-5,5
33976,110,116,-6,6
33977,96,91,5,5
33978,119,115,4,4
33979,80,84,-4,4
33980,108,99,9,9
33981,71,66,5,5
33982,80,77,3,3
33983,157,162,-5,5
33984,85,70,15,15
33985,47,60,-13,13
33986,68,59,9,9
33987,86,75,11,11
33988,71,71,0,0
33989,64,60,4,4
33990,65,65,0,0
33991,155,164,-9,9
33992,108,116,-8,8
33993,188,173,15,15
33994,109,115,-6,6
33995,64,66,-2,2
33996,120,139,-19,19
33997,72,74,-2,2
33998,55,63,-8,8
33999,69,66,3,3
34000,186,169,17,17
34001,96,110,-14,14
34002,77,81,-4,4
34003,83,82,1,1
34004,79,76,3,3
34005,55,66,-11,11
34006,155,149,6,6
34007,91,91,0,0
34008,48,58,-10,10
34009,122,119,3,3
34010,75,87,-12,12
34011,109,113,-4,4
34012,110,107,3,3
34013,79,76,3,3
34014,69,69,0,0
34015,78,84,-6,6
34016,129,128,1,1
34017,131,129,2,2
34018,45,53,-8,8
34019,96,93,3,3
34020,105,124,-19,19
34021,128,132,-4,4
34022,139,139,0,0
34023,116,105,11,11
34024,81,81,0,0
34025,77,80,-3,3
34026,100,99,1,1
34027,68,65,3,3
34028,70,78,-8,8
34029,222,235,-13,13
34030,22,47,-25,25
34031,121,119,2,2
34032,67,70,-3,3
34033,87,78,9,9
34034,58,56,2,2
34035,69,80,-11,11
34036,71,80,-9,9
34037,54,66,-12,12
34038,60,59,1,1
34039,87,89,-2,2
34040,101,97,4,4
34041,61,58,3,3
34042,141,126,15,15
34043,121,130,-9,9
34044,102,99,3,3
34045,78,81,-3,3
34046,96,111,-15,15
34047,56,57,-1,1
34048,101,89,12,12
34049,64,68,-4,4
34050,55,67,-12,12
34051,89,81,8,8
34052,84,78,6,6
34053,90,87,3,3
34054,166,156,10,10
34055,85,115,-30,30
34056,94,93,1,1
34057,130,139,-9,9
34058,146,152,-6,6
34059,77,93,-16,16
34060,97,91,6,6
34061,102,99,3,3
34062,150,154,-4,4
34063,104,103,1,1
34064,90,89,1,1
34065,70,70,0,0
34066,45,53,-8,8
34067,76,68,8,8
34068,90,107,-17,17
34069,63,52,11,11
34070,123,125,-2,2
34071,91,79,12,12
34072,102,88,14,14
34073,120,113,7,7
34074,48,69,-21,21
34075,42,50,-8,8
34076,85,87,-2,2
34077,67,65,2,2
34078,73,62,11,11
34079,67,65,2,2
34080,87,90,-3,3
34081,172,149,23,23
34082,128,135,-7,7
34083,116,119,-3,3
34084,102,96,6,6
34085,134,136,-2,2
34086,94,102,-8,8
34087,55,56,-1,1
34088,175,183,-8,8
34089,71,72,-1,1
34090,53,59,-6,6
34091,92,101,-9,9
34092,111,107,4,4
34093,120,123,-3,3
34094,107,117,-10,10
34095,48,54,-6,6
34096,85,78,7,7
34097,122,139,-17,17
34098,90,95,-5,5
34099,70,67,3,3
34100,63,64,-1,1
34101,110,103,7,7
34102,56,59,-3,3
34103,96,103,-7,7
34104,79,80,-1,1
34105,56,55,1,1
34106,115,105,10,10
34107,60,67,-7,7
34108,59,62,-3,3
34109,74,70,4,4
34110,110,117,-7,7
34111,99,114,-15,15
34112,106,104,2,2
34113,62,55,7,7
34114,93,93,0,0
34115,59,59,0,0
34116,88,78,10,10
34117,75,89,-14,14
34118,78,69,9,9
34119,67,70,-3,3
34120,118,111,7,7
34121,66,61,5,5
34122,69,70,-1,1
34123,110,99,11,11
34124,102,103,-1,1
34125,127,129,-2,2
34126,99,101,-2,2
34127,127,132,-5,5
34128,97,82,15,15
34129,52,51,1,1
34130,56,59,-3,3
34131,64,62,2,2
34132,111,108,3,3
34133,114,113,1,1
34134,162,149,13,13
34135,56,66,-10,10
34136,35,55,-20,20
34137,83,86,-3,3
34138,151,153,-2,2
34139,77,77,0,0
34140,65,70,-5,5
34141,67,67,0,0
34142,81,78,3,3
34143,56,55,1,1
34144,67,67,0,0
34145,59,56,3,3
34146,142,124,18,18
34147,79,82,-3,3
34148,104,103,1,1
34149,68,73,-5,5
34150,67,75,-8,8
34151,56,57,-1,1
34152,66,64,2,2
34153,31,52,-21,21
34154,121,112,9,9
34155,115,111,4,4
34156,68,64,4,4
34157,103,107,-4,4
34158,71,70,1,1
34159,115,122,-7,7
34160,122,112,10,10
34161,99,92,7,7
34162,112,111,1,1
34163,215,226,-11,11
34164,68,74,-6,6
34165,84,80,4,4
34166,82,82,0,0
34167,82,84,-2,2
34168,95,90,5,5
34169,80,81,-1,1
34170,121,116,5,5
34171,103,94,9,9
34172,74,79,-5,5
34173,59,61,-2,2
34174,106,102,4,4
34175,62,60,2,2
34176,49,49,0,0
34177,62,64,-2,2
34178,151,146,5,5
34179,178,156,22,22
34180,96,100,-4,4
34181,91,92,-1,1
34182,74,72,2,2
34183,78,83,-5,5
34184,95,119,-24,24
34185,109,109,0,0
34186,59,61,-2,2
34187,64,53,11,11
34188,122,107,15,15
34189,106,107,-1,1
34190,137,133,4,4
34191,79,76,3,3
34192,45,51,-6,6
34193,96,89,7,7
34194,53,57,-4,4
34195,121,114,7,7
34196,138,141,-3,3
34197,107,97,10,10
34198,90,87,3,3
34199,83,87,-4,4
34200,65,66,-1,1
34201,68,79,-11,11
34202,50,52,-2,2
34203,44,69,-25,25
34204,78,82,-4,4
34205,74,75,-1,1
34206,67,69,-2,2
34207,116,105,11,11
34208,50,50,0,0
34209,100,94,6,6
34210,52,55,-3,3
34211,70,64,6,6
34212,92,93,-1,1
34213,130,125,5,5
34214,139,149,-10,10
34215,96,86,10,10
34216,98,89,9,9
34217,49,54,-5,5
34218,90,76,14,14
34219,103,109,-6,6
34220,39,53,-14,14
34221,172,152,20,20
34222,104,98,6,6
34223,63,66,-3,3
34224,78,73,5,5
34225,65,66,-1,1
34226,58,58,0,0
34227,140,144,-4,4
34228,95,104,-9,9
34229,77,70,7,7
34230,122,114,8,8
34231,63,54,9,9
34232,26,51,-25,25
34233,78,80,-2,2
34234,60,65,-5,5
34235,80,79,1,1
34236,96,96,0,0
34237,62,65,-3,3
34238,77,83,-6,6
34239,101,94,7,7
34240,103,105,-2,2
34241,87,92,-5,5
34242,132,132,0,0
34243,223,200,23,23
34244,117,110,7,7
34245,151,143,8,8
34246,87,96,-9,9
34247,103,100,3,3
34248,59,65,-6,6
34249,150,129,21,21
34250,100,93,7,7
34251,92,80,12,12
34252,65,78,-13,13
34253,72,70,2,2
34254,48,51,-3,3
34255,114,108,6,6
34256,63,57,6,6
34257,139,137,2,2
34258,86,87,-1,1
34259,96,82,14,14
34260,80,76,4,4
34261,126,117,9,9
34262,112,108,4,4
34263,99,111,-12,12
34264,83,76,7,7
34265,62,65,-3,3
34266,53,67,-14,14
34267,40,51,-11,11
34268,103,100,3,3
34269,87,98,-11,11
34270,66,67,-1,1
34271,116,105,11,11
34272,107,97,10,10
34273,121,120,1,1
34274,114,100,14,14
34275,111,110,1,1
34276,105,106,-1,1
34277,103,105,-2,2
34278,106,92,14,14
34279,126,119,7,7
34280,104,97,7,7
34281,77,74,3,3
34282,114,116,-2,2
34283,77,77,0,0
34284,83,85,-2,2
34285,78,90,-12,12
34286,81,84,-3,3
34287,64,66,-2,2
34288,134,130,4,4
34289,78,79,-1,1
34290,137,133,4,4
34291,80,80,0,0
34292,145,132,13,13
34293,103,107,-4,4
34294,101,95,6,6
34295,87,80,7,7
34296,83,84,-1,1
34297,98,90,8,8
34298,133,136,-3,3
34299,114,117,-3,3
34300,119,106,13,13
34301,94,90,4,4
34302,85,89,-4,4
34303,162,163,-1,1
34304,85,66,19,19
34305,62,59,3,3
34306,83,77,6,6
34307,99,94,5,5
34308,79,83,-4,4
34309,95,96,-1,1
34310,140,141,-1,1
34311,165,155,10,10
34312,104,99,5,5
34313,110,125,-15,15
34314,138,178,-40,40
34315,117,133,-16,16
34316,120,114,6,6
34317,67,77,-10,10
34318,82,82,0,0
34319,110,100,10,10
34320,110,102,8,8
34321,63,69,-6,6
34322,54,54,0,0
34323,128,132,-4,4
34324,90,82,8,8
34325,99,104,-5,5
34326,121,147,-26,26
34327,47,55,-8,8
34328,88,80,8,8
34329,96,85,11,11
34330,83,104,-21,21
34331,91,79,12,12
34332,100,101,-1,1
34333,68,73,-5,5
34334,44,51,-7,7
34335,94,91,3,3
34336,48,52,-4,4
34337,63,61,2,2
34338,114,111,3,3
34339,88,80,8,8
34340,105,98,7,7
34341,67,68,-1,1
34342,61,57,4,4
34343,120,120,0,0
34344,111,100,11,11
34345,102,92,10,10
34346,111,104,7,7
34347,48,53,-5,5
34348,102,107,-5,5
34349,101,99,2,2
34350,88,94,-6,6
34351,58,64,-6,6
34352,64,64,0,0
34353,65,71,-6,6
34354,156,153,3,3
34355,84,82,2,2
34356,169,153,16,16
34357,130,119,11,11
34358,51,60,-9,9
34359,60,54,6,6
34360,109,94,15,15
34361,107,110,-3,3
34362,133,144,-11,11
34363,73,74,-1,1
34364,117,114,3,3
34365,105,103,2,2
34366,118,138,-20,20
34367,107,105,2,2
34368,89,95,-6,6
34369,130,123,7,7
34370,107,116,-9,9
34371,86,90,-4,4
34372,87,91,-4,4
34373,166,160,6,6
34374,91,91,0,0
34375,83,79,4,4
34376,90,100,-10,10
34377,60,68,-8,8
34378,73,76,-3,3
34379,133,121,12,12
34380,131,127,4,4
34381,128,154,-26,26
34382,93,88,5,5
34383,48,55,-7,7
34384,126,108,18,18
34385,62,72,-10,10
34386,50,61,-11,11
34387,70,70,0,0
34388,111,109,2,2
34389,89,82,7,7
34390,94,97,-3,3
34391,38,55,-17,17
34392,76,87,-11,11
34393,92,92,0,0
34394,66,64,2,2
34395,84,83,1,1
34396,72,72,0,0
34397,79,78,1,1
34398,78,78,0,0
34399,61,60,1,1
34400,68,68,0,0
34401,114,105,9,9
34402,84,86,-2,2
34403,51,59,-8,8
34404,96,88,8,8
34405,74,70,4,4
34406,64,74,-10,10
34407,79,82,-3,3
34408,89,82,7,7
34409,150,149,1,1
34410,137,123,14,14
34411,62,63,-1,1
34412,120,111,9,9
34413,75,61,14,14
34414,63,67,-4,4
34415,144,151,-7,7
34416,83,75,8,8
34417,71,102,-31,31
34418,125,126,-1,1
34419,71,71,0,0
34420,90,93,-3,3
34421,57,62,-5,5
34422,68,75,-7,7
34423,117,107,10,10
34424,142,140,2,2
34425,95,87,8,8
34426,91,96,-5,5
34427,86,90,-4,4
34428,119,128,-9,9
34429,71,80,-9,9
34430,97,91,6,6
34431,92,96,-4,4
34432,86,94,-8,8
34433,48,62,-14,14
34434,50,56,-6,6
34435,105,139,-34,34
34436,105,109,-4,4
34437,127,111,16,16
34438,108,107,1,1
34439,71,70,1,1
34440,73,75,-2,2
34441,68,76,-8,8
34442,147,135,12,12
34443,142,147,-5,5
34444,39,49,-10,10
34445,91,78,13,13
34446,79,84,-5,5
34447,84,78,6,6
34448,123,129,-6,6
34449,63,72,-9,9
34450,196,186,10,10
34451,161,163,-2,2
34452,152,130,22,22
34453,144,135,9,9
34454,96,101,-5,5
34455,125,126,-1,1
34456,82,76,6,6
34457,128,118,10,10
34458,160,166,-6,6
34459,43,51,-8,8
34460,68,70,-2,2
34461,108,86,22,22
34462,74,71,3,3
34463,52,63,-11,11
34464,107,117,-10,10
34465,64,68,-4,4
34466,89,83,6,6
34467,85,73,12,12
34468,73,79,-6,6
34469,177,187,-10,10
34470,111,108,3,3
34471,67,74,-7,7
34472,76,69,7,7
34473,152,139,13,13
34474,90,90,0,0
34475,79,80,-1,1
34476,99,103,-4,4
34477,78,73,5,5
34478,131,127,4,4
34479,100,89,11,11
34480,74,79,-5,5
34481,99,100,-1,1
34482,135,134,1,1
34483,104,109,-5,5
34484,67,66,1,1
34485,102,88,14,14
34486,48,55,-7,7
34487,243,234,9,9
34488,97,93,4,4
34489,112,111,1,1
34490,118,124,-6,6
34491,77,81,-4,4
34492,73,63,10,10
34493,99,102,-3,3
34494,60,78,-18,18
34495,155,155,0,0
34496,125,124,1,1
34497,202,174,28,28
34498,82,91,-9,9
34499,100,95,5,5
34500,78,74,4,4
34501,59,66,-7,7
34502,48,59,-11,11
34503,121,125,-4,4
34504,128,124,4,4
34505,96,104,-8,8
34506,133,122,11,11
34507,107,105,2,2
34508,106,100,6,6
34509,111,128,-17,17
34510,48,68,-20,20
34511,79,83,-4,4
34512,121,110,11,11
34513,147,143,4,4
34514,113,114,-1,1
34515,58,61,-3,3
34516,93,83,10,10
34517,109,109,0,0
34518,85,89,-4,4
34519,69,79,-10,10
34520,70,68,2,2
34521,81,91,-10,10
34522,47,49,-2,2
34523,121,112,9,9
34524,151,136,15,15
34525,80,82,-2,2
34526,60,59,1,1
34527,133,129,4,4
34528,65,70,-5,5
34529,162,162,0,0
34530,73,68,5,5
34531,108,101,7,7
34532,87,84,3,3
34533,101,105,-4,4
34534,90,90,0,0
34535,130,150,-20,20
34536,133,125,8,8
34537,139,136,3,3
34538,95,100,-5,5
34539,96,95,1,1
34540,66,71,-5,5
34541,69,71,-2,2
34542,69,69,0,0
34543,86,81,5,5
34544,95,94,1,1
34545,91,87,4,4
34546,189,168,21,21
34547,109,107,2,2
34548,63,62,1,1
34549,156,158,-2,2
34550,64,66,-2,2
34551,117,110,7,7
34552,55,56,-1,1
34553,115,122,-7,7
34554,103,95,8,8
34555,155,147,8,8
34556,78,79,-1,1
34557,159,166,-7,7
34558,73,66,7,7
34559,188,181,7,7
34560,150,155,-5,5
34561,103,92,11,11
34562,80,82,-2,2
34563,92,96,-4,4
34564,121,122,-1,1
34565,113,116,-3,3
34566,106,102,4,4
34567,72,64,8,8
34568,120,118,2,2
34569,49,57,-8,8
34570,124,132,-8,8
34571,82,83,-1,1
34572,145,163,-18,18
34573,61,58,3,3
34574,108,103,5,5
34575,53,54,-1,1
34576,117,110,7,7
34577,88,88,0,0
34578,122,95,27,27
34579,56,62,-6,6
34580,161,147,14,14
34581,115,110,5,5
34582,100,99,1,1
34583,149,153,-4,4
34584,126,120,6,6
34585,74,77,-3,3
34586,124,118,6,6
34587,101,98,3,3
34588,83,94,-11,11
34589,105,100,5,5
34590,143,140,3,3
34591,153,149,4,4
34592,54,57,-3,3
34593,52,83,-31,31
34594,87,84,3,3
34595,63,62,1,1
34596,84,91,-7,7
34597,96,93,3,3
34598,59,66,-7,7
34599,141,134,7,7
34600,121,112,9,9
34601,21,42,-21,21
34602,93,87,6,6
34603,126,130,-4,4
34604,91,90,1,1
34605,126,122,4,4
34606,79,77,2,2
34607,133,137,-4,4
34608,72,76,-4,4
34609,117,99,18,18
34610,51,58,-7,7
34611,92,89,3,3
34612,78,80,-2,2
34613,70,74,-4,4
34614,77,78,-1,1
34615,94,87,7,7
34616,75,78,-3,3
34617,93,94,-1,1
34618,75,64,11,11
34619,149,148,1,1
34620,99,100,-1,1
34621,94,106,-12,12
34622,98,90,8,8
34623,68,68,0,0
34624,101,145,-44,44
34625,115,110,5,5
34626,87,83,4,4
34627,100,113,-13,13
34628,80,89,-9,9
34629,133,128,5,5
34630,54,55,-1,1
34631,164,161,3,3
34632,98,98,0,0
34633,75,76,-1,1
34634,77,68,9,9
34635,126,124,2,2
34636,124,119,5,5
34637,89,89,0,0
34638,77,78,-1,1
34639,162,153,9,9
34640,129,116,13,13
34641,126,126,0,0
34642,90,83,7,7
34643,145,143,2,2
34644,59,67,-8,8
34645,79,74,5,5
34646,100,87,13,13
34647,136,130,6,6
34648,53,60,-7,7
34649,109,103,6,6
34650,79,78,1,1
34651,111,109,2,2
34652,172,139,33,33
34653,142,146,-4,4
34654,81,80,1,1
34655,100,99,1,1
34656,71,69,2,2
34657,37,50,-13,13
34658,91,87,4,4
34659,85,86,-1,1
34660,96,96,0,0
34661,96,95,1,1
34662,72,68,4,4
34663,58,59,-1,1
34664,128,137,-9,9
34665,90,80,10,10
34666,79,79,0,0
34667,57,61,-4,4
34668,164,141,23,23
34669,147,116,31,31
34670,42,50,-8,8
34671,92,104,-12,12
34672,73,76,-3,3
34673,80,78,2,2
34674,82,78,4,4
34675,82,83,-1,1
34676,124,121,3,3
34677,87,93,-6,6
34678,93,92,1,1
34679,151,137,14,14
34680,88,84,4,4
34681,99,91,8,8
34682,104,104,0,0
34683,80,80,0,0
34684,91,82,9,9
34685,116,137,-21,21
34686,136,128,8,8
34687,76,109,-33,33
34688,125,131,-6,6
34689,99,87,12,12
34690,112,119,-7,7
34691,103,116,-13,13
34692,152,147,5,5
34693,122,116,6,6
34694,74,76,-2,2
34695,106,106,0,0
34696,76,72,4,4
34697,59,63,-4,4
34698,100,120,-20,20
34699,58,59,-1,1
34700,69,71,-2,2
34701,120,127,-7,7
34702,74,73,1,1
34703,55,56,-1,1
34704,89,89,0,0
34705,79,76,3,3
34706,137,142,-5,5
34707,81,82,-1,1
34708,64,72,-8,8
34709,170,168,2,2
34710,69,68,1,1
34711,72,67,5,5
34712,73,68,5,5
34713,66,72,-6,6
34714,114,111,3,3
34715,96,106,-10,10
34716,67,68,-1,1
34717,83,83,0,0
34718,72,69,3,3
34719,150,146,4,4
34720,56,53,3,3
34721,66,68,-2,2
34722,53,65,-12,12
34723,169,153,16,16
34724,66,67,-1,1
34725,105,112,-7,7
34726,101,100,1,1
34727,78,82,-4,4
34728,130,131,-1,1
34729,140,135,5,5
34730,91,106,-15,15
34731,89,78,11,11
34732,73,73,0,0
34733,111,110,1,1
34734,111,115,-4,4
34735,154,145,9,9
34736,56,57,-1,1
34737,136,132,4,4
34738,101,88,13,13
34739,120,125,-5,5
34740,62,55,7,7
34741,105,103,2,2
34742,76,77,-1,1
34743,161,165,-4,4
34744,88,92,-4,4
34745,51,53,-2,2
34746,108,111,-3,3
34747,101,98,3,3
34748,74,75,-1,1
34749,189,168,21,21
34750,46,57,-11,11
34751,58,62,-4,4
34752,100,89,11,11
34753,171,146,25,25
34754,45,52,-7,7
34755,87,71,16,16
34756,57,55,2,2
34757,137,126,11,11
34758,72,72,0,0
34759,115,111,4,4
34760,98,94,4,4
34761,58,66,-8,8
34762,87,111,-24,24
34763,79,74,5,5
34764,79,74,5,5
34765,67,65,2,2
34766,32,47,-15,15
34767,76,77,-1,1
34768,80,70,10,10
34769,106,91,15,15
34770,54,63,-9,9
34771,75,81,-6,6
34772,149,145,4,4
34773,110,98,12,12
34774,106,109,-3,3
34775,130,132,-2,2
34776,49,55,-6,6
34777,119,125,-6,6
34778,75,79,-4,4
34779,89,88,1,1
34780,63,58,5,5
34781,64,59,5,5
34782,116,114,2,2
34783,79,69,10,10
34784,92,96,-4,4
34785,70,75,-5,5
34786,120,118,2,2
34787,165,160,5,5
34788,187,190,-3,3
34789,82,79,3,3
34790,53,65,-12,12
34791,88,84,4,4
34792,75,74,1,1
34793,66,61,5,5
34794,80,80,0,0
34795,113,103,10,10
34796,48,53,-5,5
34797,52,53,-1,1
34798,169,162,7,7
34799,100,109,-9,9
34800,71,84,-13,13
34801,103,115,-12,12
34802,127,129,-2,2
34803,132,134,-2,2
34804,136,135,1,1
34805,67,65,2,2
34806,127,130,-3,3
34807,142,145,-3,3
34808,114,118,-4,4
34809,71,76,-5,5
34810,77,78,-1,1
34811,86,95,-9,9
34812,166,148,18,18
34813,116,115,1,1
34814,42,48,-6,6
34815,91,83,8,8
34816,81,78,3,3
34817,109,104,5,5
34818,164,166,-2,2
34819,119,123,-4,4
34820,79,71,8,8
34821,122,120,2,2
34822,67,66,1,1
34823,96,92,4,4
34824,81,81,0,0
34825,110,81,29,29
34826,142,143,-1,1
34827,30,52,-22,22
34828,102,93,9,9
34829,128,115,13,13
34830,127,137,-10,10
34831,55,91,-36,36
34832,125,155,-30,30
34833,85,91,-6,6
34834,82,85,-3,3
34835,99,106,-7,7
34836,142,145,-3,3
34837,99,110,-11,11
34838,96,105,-9,9
34839,87,100,-13,13
34840,76,68,8,8
34841,95,101,-6,6
34842,61,66,-5,5
34843,58,65,-7,7
34844,88,89,-1,1
34845,87,96,-9,9
34846,89,86,3,3
34847,100,93,7,7
34848,87,87,0,0
34849,86,83,3,3
34850,43,53,-10,10
34851,33,46,-13,13
34852,97,94,3,3
34853,130,125,5,5
34854,149,139,10,10
34855,139,124,15,15
34856,71,76,-5,5
34857,53,64,-11,11
34858,69,62,7,7
34859,114,102,12,12
34860,60,69,-9,9
34861,53,56,-3,3
34862,80,77,3,3
34863,75,62,13,13
34864,101,118,-17,17
34865,147,145,2,2
34866,100,90,10,10
34867,112,120,-8,8
34868,61,57,4,4
34869,68,69,-1,1
34870,41,61,-20,20
34871,72,70,2,2
34872,69,76,-7,7
34873,135,125,10,10
34874,112,112,0,0
34875,63,66,-3,3
34876,83,80,3,3
34877,74,78,-4,4
34878,85,92,-7,7
34879,91,83,8,8
34880,150,153,-3,3
34881,96,92,4,4
34882,61,77,-16,16
34883,51,67,-16,16
34884,61,63,-2,2
34885,143,164,-21,21
34886,64,66,-2,2
34887,59,57,2,2
34888,67,81,-14,14
34889,65,86,-21,21
34890,142,131,11,11
34891,66,70,-4,4
34892,73,80,-7,7
34893,107,106,1,1
34894,112,97,15,15
34895,104,105,-1,1
34896,46,58,-12,12
34897,83,72,11,11
34898,89,84,5,5
34899,73,65,8,8
34900,59,61,-2,2
34901,59,58,1,1
34902,112,109,3,3
34903,75,78,-3,3
34904,68,75,-7,7
34905,80,92,-12,12
34906,70,76,-6,6
34907,77,77,0,0
34908,49,58,-9,9
34909,91,89,2,2
34910,65,61,4,4
34911,77,74,3,3
34912,130,120,10,10
34913,77,75,2,2
34914,175,177,-2,2
34915,103,112,-9,9
34916,79,76,3,3
34917,74,70,4,4
34918,98,105,-7,7
34919,111,111,0,0
34920,105,116,-11,11
34921,106,108,-2,2
34922,43,52,-9,9
34923,91,99,-8,8
34924,88,86,2,2
34925,121,115,6,6
34926,111,105,6,6
34927,65,68,-3,3
34928,63,60,3,3
34929,91,98,-7,7
34930,70,73,-3,3
34931,117,110,7,7
34932,56,64,-8,8
34933,153,158,-5,5
34934,135,136,-1,1
34935,66,65,1,1
34936,97,100,-3,3
34937,94,101,-7,7
34938,79,79,0,0
34939,89,80,9,9
34940,117,111,6,6
34941,50,57,-7,7
34942,172,179,-7,7
34943,71,80,-9,9
34944,94,89,5,5
34945,146,149,-3,3
34946,57,61,-4,4
34947,91,94,-3,3
34948,44,57,-13,13
34949,124,122,2,2
34950,117,105,12,12
34951,93,86,7,7
34952,100,104,-4,4
34953,167,157,10,10
34954,97,94,3,3
34955,117,112,5,5
34956,142,135,7,7
34957,62,64,-2,2
34958,99,101,-2,2
34959,83,86,-3,3
34960,61,68,-7,7
34961,80,83,-3,3
34962,85,78,7,7
34963,102,105,-3,3
34964,127,135,-8,8
34965,123,128,-5,5
34966,117,117,0,0
34967,102,115,-13,13
34968,100,95,5,5
34969,105,101,4,4
34970,116,97,19,19
34971,104,113,-9,9
34972,70,69,1,1
34973,71,76,-5,5
34974,59,70,-11,11
34975,86,84,2,2
34976,121,100,21,21
34977,104,97,7,7
34978,93,87,6,6
34979,78,79,-1,1
34980,124,117,7,7
34981,83,84,-1,1
34982,126,124,2,2
34983,91,89,2,2
34984,89,100,-11,11
34985,79,72,7,7
34986,110,112,-2,2
34987,80,80,0,0
34988,116,117,-1,1
34989,133,122,11,11
34990,91,102,-11,11
34991,94,86,8,8
34992,160,148,12,12
34993,107,114,-7,7
34994,61,67,-6,6
34995,74,63,11,11
34996,80,79,1,1
34997,50,57,-7,7
34998,98,97,1,1
34999,47,55,-8,8
35000,63,83,-20,20
35001,92,96,-4,4
35002,97,92,5,5
35003,101,103,-2,2
35004,48,61,-13,13
35005,114,117,-3,3
35006,106,109,-3,3
35007,98,95,3,3
35008,133,133,0,0
35009,98,84,14,14
35010,41,52,-11,11
35011,85,85,0,0
35012,102,106,-4,4
35013,97,89,8,8
35014,49,59,-10,10
35015,50,56,-6,6
35016,86,93,-7,7
35017,96,108,-12,12
35018,110,101,9,9
35019,95,92,3,3
35020,89,78,11,11
35021,92,90,2,2
35022,109,108,1,1
35023,75,75,0,0
35024,61,56,5,5
35025,82,91,-9,9
35026,88,90,-2,2
35027,139,136,3,3
35028,67,82,-15,15
35029,106,106,0,0
35030,108,109,-1,1
35031,80,84,-4,4
35032,78,86,-8,8
35033,87,86,1,1
35034,57,57,0,0
35035,63,61,2,2
35036,105,92,13,13
35037,129,113,16,16
35038,65,66,-1,1
35039,93,93,0,0
35040,50,54,-4,4
35041,30,56,-26,26
35042,81,77,4,4
35043,55,68,-13,13
35044,76,72,4,4
35045,135,123,12,12
35046,55,61,-6,6
35047,140,144,-4,4
35048,92,87,5,5
35049,124,126,-2,2
35050,100,102,-2,2
35051,40,50,-10,10
35052,50,55,-5,5
35053,85,87,-2,2
35054,87,95,-8,8
35055,136,130,6,6
35056,65,69,-4,4
35057,97,87,10,10
35058,80,74,6,6
35059,99,102,-3,3
35060,69,72,-3,3
35061,97,103,-6,6
35062,65,64,1,1
35063,67,69,-2,2
35064,108,106,2,2
35065,105,111,-6,6
35066,98,88,10,10
35067,73,70,3,3
35068,87,86,1,1
35069,80,72,8,8
35070,115,120,-5,5
35071,129,116,13,13
35072,62,64,-2,2
35073,141,132,9,9
35074,165,156,9,9
35075,167,164,3,3
35076,128,115,13,13
35077,163,151,12,12
35078,49,61,-12,12
35079,73,82,-9,9
35080,117,160,-43,43
35081,182,170,12,12
35082,91,83,8,8
35083,73,77,-4,4
35084,130,134,-4,4
35085,92,92,0,0
35086,164,142,22,22
35087,100,114,-14,14
35088,106,110,-4,4
35089,155,160,-5,5
35090,84,83,1,1
35091,115,122,-7,7
35092,74,75,-1,1
35093,62,56,6,6
35094,76,78,-2,2
35095,82,90,-8,8
35096,116,107,9,9
35097,84,82,2,2
35098,61,67,-6,6
35099,155,144,11,11
35100,87,147,-60,60
35101,118,120,-2,2
35102,126,133,-7,7
35103,123,126,-3,3
35104,72,78,-6,6
35105,106,107,-1,1
35106,119,113,6,6
35107,79,80,-1,1
35108,70,82,-12,12
35109,129,118,11,11
35110,93,82,11,11
35111,98,87,11,11
35112,164,170,-6,6
35113,110,115,-5,5
35114,108,109,-1,1
35115,79,78,1,1
35116,140,144,-4,4
35117,81,89,-8,8
35118,84,96,-12,12
35119,64,62,2,2
35120,101,100,1,1
35121,65,69,-4,4
35122,71,81,-10,10
35123,66,76,-10,10
35124,81,82,-1,1
35125,82,94,-12,12
35126,101,109,-8,8
35127,95,98,-3,3
35128,95,99,-4,4
35129,177,172,5,5
35130,148,157,-9,9
35131,83,88,-5,5
35132,79,75,4,4
35133,87,82,5,5
35134,120,118,2,2
35135,140,161,-21,21
35136,117,117,0,0
35137,88,85,3,3
35138,79,70,9,9
35139,89,100,-11,11
35140,83,77,6,6
35141,79,96,-17,17
35142,118,117,1,1
35143,79,82,-3,3
35144,95,89,6,6
35145,62,61,1,1
35146,67,71,-4,4
35147,63,65,-2,2
35148,99,85,14,14
35149,164,162,2,2
35150,71,64,7,7
35151,49,61,-12,12
35152,88,87,1,1
35153,93,85,8,8
35154,90,87,3,3
35155,96,84,12,12
35156,91,91,0,0
35157,41,50,-9,9
35158,94,93,1,1
35159,58,54,4,4
35160,87,87,0,0
35161,100,94,6,6
35162,117,116,1,1
35163,106,103,3,3
35164,65,73,-8,8
35165,126,128,-2,2
35166,92,94,-2,2
35167,78,88,-10,10
35168,98,96,2,2
35169,102,119,-17,17
35170,115,102,13,13
35171,93,89,4,4
35172,48,57,-9,9
35173,64,67,-3,3
35174,168,180,-12,12
35175,95,84,11,11
35176,125,121,4,4
35177,128,138,-10,10
35178,137,118,19,19
35179,62,59,3,3
35180,76,72,4,4
35181,66,65,1,1
35182,50,55,-5,5
35183,98,91,7,7
35184,101,108,-7,7
35185,77,77,0,0
35186,97,99,-2,2
35187,116,107,9,9
35188,118,109,9,9
35189,157,160,-3,3
35190,48,55,-7,7
35191,86,87,-1,1
35192,79,94,-15,15
35193,93,87,6,6
35194,58,62,-4,4
35195,65,68,-3,3
35196,203,187,16,16
35197,59,59,0,0
35198,103,97,6,6
35199,35,57,-22,22
35200,95,100,-5,5
35201,89,91,-2,2
35202,122,114,8,8
35203,97,93,4,4
35204,84,83,1,1
35205,146,129,17,17
35206,129,118,11,11
35207,76,83,-7,7
35208,79,76,3,3
35209,92,90,2,2
35210,82,72,10,10
35211,111,102,9,9
35212,88,83,5,5
35213,155,152,3,3
35214,75,66,9,9
35215,109,106,3,3
35216,64,62,2,2
35217,76,70,6,6
35218,114,119,-5,5
35219,84,79,5,5
35220,90,88,2,2
35221,49,53,-4,4
35222,103,105,-2,2
35223,140,137,3,3
35224,64,69,-5,5
35225,171,176,-5,5
35226,89,86,3,3
35227,57,64,-7,7
35228,99,72,27,27
35229,62,62,0,0
35230,191,187,4,4
35231,108,98,10,10
35232,116,115,1,1
35233,157,149,8,8
35234,98,113,-15,15
35235,167,172,-5,5
35236,89,83,6,6
35237,65,69,-4,4
35238,103,105,-2,2
35239,107,105,2,2
35240,66,62,4,4
35241,137,134,3,3
35242,68,63,5,5
35243,64,61,3,3
35244,137,132,5,5
35245,101,100,1,1
35246,120,115,5,5
35247,99,106,-7,7
35248,58,62,-4,4
35249,93,95,-2,2
35250,48,67,-19,19
35251,96,117,-21,21
35252,68,69,-1,1
35253,95,97,-2,2
35254,117,111,6,6
35255,61,67,-6,6
35256,122,124,-2,2
35257,77,88,-11,11
35258,69,75,-6,6
35259,105,100,5,5
35260,126,128,-2,2
35261,67,63,4,4
35262,122,121,1,1
35263,96,89,7,7
35264,188,172,16,16
35265,72,69,3,3
35266,122,116,6,6
35267,53,64,-11,11
35268,49,61,-12,12
35269,131,121,10,10
35270,118,102,16,16
35271,68,61,7,7
35272,84,88,-4,4
35273,80,84,-4,4
35274,95,106,-11,11
35275,54,53,1,1
35276,80,84,-4,4
35277,55,58,-3,3
35278,50,51,-1,1
35279,141,141,0,0
35280,118,112,6,6
35281,64,71,-7,7
35282,132,120,12,12
35283,81,77,4,4
35284,49,52,-3,3
35285,86,85,1,1
35286,107,106,1,1
35287,123,122,1,1
35288,109,101,8,8
35289,121,116,5,5
35290,89,96,-7,7
35291,57,62,-5,5
35292,123,115,8,8
35293,102,108,-6,6
35294,143,131,12,12
35295,57,61,-4,4
35296,84,80,4,4
35297,73,69,4,4
35298,124,125,-1,1
35299,86,79,7,7
35300,128,124,4,4
35301,146,133,13,13
35302,92,87,5,5
35303,68,75,-7,7
35304,88,91,-3,3
35305,147,147,0,0
35306,134,138,-4,4
35307,91,93,-2,2
35308,137,132,5,5
35309,130,131,-1,1
35310,103,100,3,3
35311,78,89,-11,11
35312,85,77,8,8
35313,57,58,-1,1
35314,159,148,11,11
35315,80,85,-5,5
35316,113,125,-12,12
35317,152,143,9,9
35318,163,155,8,8
35319,137,117,20,20
35320,116,121,-5,5
35321,144,137,7,7
35322,61,65,-4,4
35323,158,149,9,9
35324,120,151,-31,31
35325,64,68,-4,4
35326,106,102,4,4
35327,60,65,-5,5
35328,87,90,-3,3
35329,72,62,10,10
35330,92,90,2,2
35331,164,150,14,14
35332,121,131,-10,10
35333,63,65,-2,2
35334,108,110,-2,2
35335,70,64,6,6
35336,66,72,-6,6
35337,81,132,-51,51
35338,84,82,2,2
35339,69,74,-5,5
35340,161,165,-4,4
35341,73,71,2,2
35342,62,60,2,2
35343,66,69,-3,3
35344,80,84,-4,4
35345,110,127,-17,17
35346,145,137,8,8
35347,32,60,-28,28
35348,62,67,-5,5
35349,191,191,0,0
35350,84,81,3,3
35351,96,89,7,7
35352,87,81,6,6
35353,54,61,-7,7
35354,85,82,3,3
35355,118,103,15,15
35356,52,53,-1,1
35357,102,87,15,15
35358,66,68,-2,2
35359,151,153,-2,2
35360,129,142,-13,13
35361,61,55,6,6
35362,102,107,-5,5
35363,88,94,-6,6
35364,61,71,-10,10
35365,77,91,-14,14
35366,79,81,-2,2
35367,110,105,5,5
35368,96,89,7,7
35369,74,69,5,5
35370,120,122,-2,2
35371,134,128,6,6
35372,66,65,1,1
35373,61,58,3,3
35374,130,122,8,8
35375,60,66,-6,6
35376,66,68,-2,2
35377,115,113,2,2
35378,99,94,5,5
35379,55,53,2,2
35380,104,95,9,9
35381,104,103,1,1
35382,97,99,-2,2
35383,48,55,-7,7
35384,51,55,-4,4
35385,51,52,-1,1
35386,80,81,-1,1
35387,57,55,2,2
35388,77,60,17,17
35389,128,122,6,6
35390,141,142,-1,1
35391,77,75,2,2
35392,132,128,4,4
35393,110,108,2,2
35394,43,45,-2,2
35395,110,116,-6,6
35396,85,74,11,11
35397,92,98,-6,6
35398,49,55,-6,6
35399,69,66,3,3
35400,64,65,-1,1
35401,82,77,5,5
35402,59,69,-10,10
35403,69,66,3,3
35404,66,71,-5,5
35405,92,86,6,6
35406,101,87,14,14
35407,62,70,-8,8
35408,126,115,11,11
35409,119,119,0,0
35410,117,105,12,12
35411,162,156,6,6
35412,100,98,2,2
35413,107,118,-11,11
35414,49,61,-12,12
35415,75,79,-4,4
35416,85,79,6,6
35417,87,73,14,14
35418,58,56,2,2
35419,86,106,-20,20
35420,54,54,0,0
35421,149,149,0,0
35422,99,91,8,8
35423,118,119,-1,1
35424,88,93,-5,5
35425,128,149,-21,21
35426,121,124,-3,3
35427,62,65,-3,3
35428,32,46,-14,14
35429,152,145,7,7
35430,58,55,3,3
35431,77,83,-6,6
35432,127,110,17,17
35433,109,104,5,5
35434,116,114,2,2
35435,83,85,-2,2
35436,70,81,-11,11
35437,101,93,8,8
35438,70,71,-1,1
35439,117,105,12,12
35440,93,98,-5,5
35441,72,78,-6,6
35442,131,133,-2,2
35443,64,67,-3,3
35444,160,155,5,5
35445,86,76,10,10
35446,84,89,-5,5
35447,56,60,-4,4
35448,94,88,6,6
35449,149,136,13,13
35450,128,116,12,12
35451,97,104,-7,7
35452,178,171,7,7
35453,102,98,4,4
35454,53,57,-4,4
35455,124,114,10,10
35456,79,86,-7,7
35457,136,149,-13,13
35458,71,76,-5,5
35459,54,50,4,4
35460,97,89,8,8
35461,72,76,-4,4
35462,169,153,16,16
35463,80,78,2,2
35464,53,61,-8,8
35465,64,58,6,6
35466,52,56,-4,4
35467,38,51,-13,13
35468,78,76,2,2
35469,160,95,65,65
35470,113,109,4,4
35471,90,94,-4,4
35472,63,64,-1,1
35473,79,82,-3,3
35474,56,62,-6,6
35475,241,242,-1,1
35476,68,71,-3,3
35477,145,144,1,1
35478,69,65,4,4
35479,107,101,6,6
35480,79,80,-1,1
35481,123,123,0,0
35482,97,87,10,10
35483,77,75,2,2
35484,66,141,-75,75
35485,83,84,-1,1
35486,82,83,-1,1
35487,78,79,-1,1
35488,89,85,4,4
35489,76,67,9,9
35490,61,64,-3,3
35491,116,110,6,6
35492,128,134,-6,6
35493,130,132,-2,2
35494,46,48,-2,2
35495,105,104,1,1
35496,150,128,22,22
35497,156,158,-2,2
35498,69,70,-1,1
35499,89,87,2,2
35500,77,72,5,5
35501,123,125,-2,2
35502,97,91,6,6
35503,87,82,5,5
35504,80,80,0,0
35505,79,83,-4,4
35506,58,63,-5,5
35507,53,54,-1,1
35508,105,112,-7,7
35509,74,80,-6,6
35510,101,103,-2,2
35511,56,56,0,0
35512,115,108,7,7
35513,141,153,-12,12
35514,116,107,9,9
35515,47,53,-6,6
35516,43,49,-6,6
35517,80,86,-6,6
35518,91,96,-5,5
35519,75,87,-12,12
35520,114,102,12,12
35521,79,83,-4,4
35522,106,98,8,8
35523,69,62,7,7
35524,87,74,13,13
35525,118,127,-9,9
35526,84,88,-4,4
35527,90,95,-5,5
35528,97,89,8,8
35529,57,59,-2,2
35530,132,132,0,0
35531,90,108,-18,18
35532,108,114,-6,6
35533,132,121,11,11
35534,76,82,-6,6
35535,38,48,-10,10
35536,52,57,-5,5
35537,68,64,4,4
35538,141,147,-6,6
35539,90,92,-2,2
35540,72,66,6,6
35541,74,67,7,7
35542,89,83,6,6
35543,72,68,4,4
35544,78,63,15,15
35545,67,67,0,0
35546,94,90,4,4
35547,65,69,-4,4
35548,75,74,1,1
35549,76,84,-8,8
35550,78,68,10,10
35551,70,79,-9,9
35552,124,113,11,11
35553,123,118,5,5
35554,185,172,13,13
35555,126,111,15,15
35556,104,103,1,1
35557,79,76,3,3
35558,74,64,10,10
35559,82,83,-1,1
35560,47,53,-6,6
35561,40,47,-7,7
35562,102,103,-1,1
35563,68,75,-7,7
35564,95,101,-6,6
35565,111,104,7,7
35566,74,75,-1,1
35567,63,69,-6,6
35568,118,116,2,2
35569,181,171,10,10
35570,63,66,-3,3
35571,73,72,1,1
35572,76,80,-4,4
35573,80,77,3,3
35574,99,101,-2,2
35575,83,89,-6,6
35576,48,51,-3,3
35577,140,130,10,10
35578,101,105,-4,4
35579,76,93,-17,17
35580,84,98,-14,14
35581,95,83,12,12
35582,60,60,0,0
35583,78,75,3,3
35584,125,125,0,0
35585,90,92,-2,2
35586,99,95,4,4
35587,58,56,2,2
35588,128,129,-1,1
35589,67,67,0,0
35590,96,112,-16,16
35591,96,88,8,8
35592,141,137,4,4
35593,77,80,-3,3
35594,114,100,14,14
35595,86,84,2,2
35596,175,170,5,5
35597,129,126,3,3
35598,50,58,-8,8
35599,70,64,6,6
35600,224,209,15,15
35601,146,142,4,4
35602,81,79,2,2
35603,97,94,3,3
35604,118,127,-9,9
35605,77,66,11,11
35606,73,71,2,2
35607,85,84,1,1
35608,102,98,4,4
35609,130,127,3,3
35610,133,136,-3,3
35611,129,123,6,6
35612,80,78,2,2
35613,93,95,-2,2
35614,91,87,4,4
35615,41,95,-54,54
35616,82,88,-6,6
35617,67,68,-1,1
35618,85,82,3,3
35619,75,78,-3,3
35620,118,121,-3,3
35621,118,98,20,20
35622,79,77,2,2
35623,63,62,1,1
35624,170,172,-2,2
35625,73,76,-3,3
35626,114,92,22,22
35627,154,162,-8,8
35628,54,69,-15,15
35629,115,109,6,6
35630,49,125,-76,76
35631,99,103,-4,4
35632,80,76,4,4
35633,152,156,-4,4
35634,71,71,0,0
35635,118,146,-28,28
35636,106,100,6,6
35637,106,114,-8,8
35638,173,156,17,17
35639,89,93,-4,4
35640,65,66,-1,1
35641,93,87,6,6
35642,109,110,-1,1
35643,126,130,-4,4
35644,143,166,-23,23
35645,127,130,-3,3
35646,114,102,12,12
35647,84,90,-6,6
35648,68,74,-6,6
35649,60,66,-6,6
35650,111,113,-2,2
35651,127,139,-12,12
35652,83,79,4,4
35653,98,95,3,3
35654,83,70,13,13
35655,77,78,-1,1
35656,51,51,0,0
35657,88,91,-3,3
35658,48,60,-12,12
35659,147,149,-2,2
35660,66,83,-17,17
35661,100,94,6,6
35662,76,78,-2,2
35663,59,58,1,1
35664,116,110,6,6
35665,61,65,-4,4
35666,155,145,10,10
35667,99,103,-4,4
35668,112,109,3,3
35669,70,61,9,9
35670,79,84,-5,5
35671,96,95,1,1
35672,90,95,-5,5
35673,104,98,6,6
35674,99,97,2,2
35675,81,86,-5,5
35676,134,150,-16,16
35677,126,129,-3,3
35678,160,120,40,40
35679,75,74,1,1
35680,104,110,-6,6
35681,150,135,15,15
35682,120,119,1,1
35683,90,90,0,0
35684,120,110,10,10
35685,142,139,3,3
35686,75,69,6,6
35687,102,94,8,8
35688,162,153,9,9
35689,74,70,4,4
35690,75,72,3,3
35691,99,98,1,1
35692,130,132,-2,2
35693,53,47,6,6
35694,127,130,-3,3
35695,103,92,11,11
35696,94,89,5,5
35697,76,89,-13,13
35698,83,82,1,1
35699,195,174,21,21
35700,58,70,-12,12
35701,51,60,-9,9
35702,153,148,5,5
35703,190,180,10,10
35704,87,86,1,1
35705,96,95,1,1
35706,100,92,8,8
35707,74,74,0,0
35708,67,64,3,3
35709,124,127,-3,3
35710,74,70,4,4
35711,111,98,13,13
35712,93,116,-23,23
35713,107,96,11,11
35714,70,65,5,5
35715,154,152,2,2
35716,125,111,14,14
35717,107,94,13,13
35718,69,87,-18,18
35719,101,104,-3,3
35720,95,86,9,9
35721,96,87,9,9
35722,85,83,2,2
35723,70,97,-27,27
35724,68,66,2,2
35725,61,61,0,0
35726,155,157,-2,2
35727,58,66,-8,8
35728,72,74,-2,2
35729,47,52,-5,5
35730,98,101,-3,3
35731,145,135,10,10
35732,52,56,-4,4
35733,120,106,14,14
35734,78,74,4,4
35735,56,57,-1,1
35736,89,93,-4,4
35737,82,84,-2,2
35738,104,108,-4,4
35739,128,140,-12,12
35740,159,144,15,15
35741,79,83,-4,4
35742,109,106,3,3
35743,120,120,0,0
35744,79,97,-18,18
35745,73,61,12,12
35746,64,59,5,5
35747,97,89,8,8
35748,135,114,21,21
35749,81,86,-5,5
35750,91,89,2,2
35751,58,54,4,4
35752,78,68,10,10
35753,77,74,3,3
35754,47,52,-5,5
35755,167,157,10,10
35756,65,86,-21,21
35757,152,149,3,3
35758,159,154,5,5
35759,89,109,-20,20
35760,205,195,10,10
35761,108,102,6,6
35762,101,96,5,5
35763,129,131,-2,2
35764,123,122,1,1
35765,90,86,4,4
35766,138,128,10,10
35767,105,94,11,11
35768,93,86,7,7
35769,129,119,10,10
35770,110,98,12,12
35771,86,99,-13,13
35772,72,73,-1,1
35773,122,118,4,4
35774,37,49,-12,12
35775,173,177,-4,4
35776,97,88,9,9
35777,45,54,-9,9
35778,97,83,14,14
35779,85,89,-4,4
35780,83,88,-5,5
35781,105,96,9,9
35782,138,135,3,3
35783,98,89,9,9
35784,128,119,9,9
35785,94,83,11,11
35786,131,115,16,16
35787,67,72,-5,5
35788,176,171,5,5
35789,116,113,3,3
35790,116,126,-10,10
35791,80,70,10,10
35792,84,80,4,4
35793,69,74,-5,5
35794,165,169,-4,4
35795,55,66,-11,11
35796,123,124,-1,1
35797,117,126,-9,9
35798,81,72,9,9
35799,86,82,4,4
35800,185,182,3,3
35801,104,109,-5,5
35802,89,91,-2,2
35803,85,78,7,7
35804,156,143,13,13
35805,72,70,2,2
35806,95,77,18,18
35807,86,77,9,9
35808,72,66,6,6
35809,168,151,17,17
35810,42,49,-7,7
35811,93,99,-6,6
35812,103,91,12,12
35813,83,84,-1,1
35814,137,133,4,4
35815,117,126,-9,9
35816,77,82,-5,5
35817,79,91,-12,12
35818,121,117,4,4
35819,110,120,-10,10
35820,101,97,4,4
35821,88,95,-7,7
35822,91,87,4,4
35823,166,154,12,12
35824,63,63,0,0
35825,92,91,1,1
35826,138,125,13,13
35827,110,115,-5,5
35828,151,146,5,5
35829,121,133,-12,12
35830,73,70,3,3
35831,77,73,4,4
35832,197,196,1,1
35833,94,77,17,17
35834,67,70,-3,3
35835,147,130,17,17
35836,92,113,-21,21
35837,138,138,0,0
35838,71,82,-11,11
35839,93,88,5,5
35840,115,110,5,5
35841,90,84,6,6
35842,137,128,9,9
35843,136,143,-7,7
35844,63,66,-3,3
35845,68,70,-2,2
35846,105,101,4,4
35847,61,60,1,1
35848,75,76,-1,1
35849,120,122,-2,2
35850,145,147,-2,2
35851,106,103,3,3
35852,171,163,8,8
35853,87,93,-6,6
35854,112,98,14,14
35855,75,76,-1,1
35856,84,87,-3,3
35857,55,52,3,3
35858,57,59,-2,2
35859,71,69,2,2
35860,150,142,8,8
35861,42,61,-19,19
35862,95,93,2,2
35863,100,103,-3,3
35864,77,68,9,9
35865,134,145,-11,11
35866,100,84,16,16
35867,117,122,-5,5
35868,74,109,-35,35
35869,106,98,8,8
35870,121,116,5,5
35871,115,106,9,9
35872,137,133,4,4
35873,80,80,0,0
35874,81,86,-5,5
35875,50,57,-7,7
35876,60,67,-7,7
35877,143,128,15,15
35878,80,89,-9,9
35879,72,69,3,3
35880,74,70,4,4
35881,125,121,4,4
35882,111,101,10,10
35883,99,97,2,2
35884,72,73,-1,1
35885,84,80,4,4
35886,52,53,-1,1
35887,54,54,0,0
35888,63,62,1,1
35889,101,97,4,4
35890,65,59,6,6
35891,74,79,-5,5
35892,141,140,1,1
35893,84,82,2,2
35894,156,139,17,17
35895,105,99,6,6
35896,130,120,10,10
35897,74,74,0,0
35898,97,106,-9,9
35899,111,115,-4,4
35900,65,67,-2,2
35901,124,121,3,3
35902,80,79,1,1
35903,93,90,3,3
35904,122,118,4,4
35905,84,93,-9,9
35906,92,96,-4,4
35907,52,74,-22,22
35908,86,94,-8,8
35909,69,75,-6,6
35910,114,109,5,5
35911,68,70,-2,2
35912,123,129,-6,6
35913,104,122,-18,18
35914,119,107,12,12
35915,123,104,19,19
35916,99,92,7,7
35917,117,135,-18,18
35918,94,100,-6,6
35919,126,126,0,0
35920,148,136,12,12
35921,112,103,9,9
35922,168,170,-2,2
35923,81,77,4,4
35924,100,98,2,2
35925,78,80,-2,2
35926,109,108,1,1
35927,120,113,7,7
35928,119,125,-6,6
35929,83,108,-25,25
35930,138,134,4,4
35931,63,67,-4,4
35932,63,57,6,6
35933,88,80,8,8
35934,50,52,-2,2
35935,171,160,11,11
35936,111,94,17,17
35937,154,158,-4,4
35938,131,116,15,15
35939,110,102,8,8
35940,74,78,-4,4
35941,116,122,-6,6
35942,112,112,0,0
35943,89,89,0,0
35944,109,113,-4,4
35945,68,70,-2,2
35946,77,81,-4,4
35947,69,66,3,3
35948,54,66,-12,12
35949,74,74,0,0
35950,140,139,1,1
35951,92,79,13,13
35952,47,55,-8,8
35953,49,57,-8,8
35954,72,73,-1,1
35955,79,82,-3,3
35956,45,57,-12,12
35957,53,58,-5,5
35958,114,118,-4,4
35959,64,67,-3,3
35960,63,60,3,3
35961,113,102,11,11
35962,103,97,6,6
35963,109,106,3,3
35964,94,92,2,2
35965,65,62,3,3
35966,94,86,8,8
35967,142,145,-3,3
35968,38,48,-10,10
35969,91,101,-10,10
35970,86,84,2,2
35971,150,145,5,5
35972,66,66,0,0
35973,68,65,3,3
35974,62,58,4,4
35975,53,51,2,2
35976,53,56,-3,3
35977,117,112,5,5
35978,89,92,-3,3
35979,96,85,11,11
35980,109,110,-1,1
35981,100,99,1,1
35982,132,123,9,9
35983,125,127,-2,2
35984,47,59,-12,12
35985,76,92,-16,16
35986,80,82,-2,2
35987,108,130,-22,22
35988,72,72,0,0
35989,79,76,3,3
35990,103,100,3,3
35991,93,89,4,4
35992,90,81,9,9
35993,76,75,1,1
35994,88,83,5,5
35995,70,75,-5,5
35996,162,135,27,27
35997,86,80,6,6
35998,62,63,-1,1
35999,78,79,-1,1
36000,51,57,-6,6
36001,131,112,19,19
36002,81,76,5,5
36003,100,102,-2,2
36004,107,104,3,3
36005,71,75,-4,4
36006,99,92,7,7
36007,128,120,8,8
36008,102,105,-3,3
36009,111,122,-11,11
36010,114,118,-4,4
36011,145,136,9,9
36012,123,108,15,15
36013,64,68,-4,4
36014,138,136,2,2
36015,120,127,-7,7
36016,96,93,3,3
36017,143,144,-1,1
36018,79,76,3,3
36019,139,150,-11,11
36020,124,117,7,7
36021,76,83,-7,7
36022,67,69,-2,2
36023,65,76,-11,11
36024,62,63,-1,1
36025,184,183,1,1
36026,102,102,0,0
36027,60,63,-3,3
36028,79,88,-9,9
36029,63,66,-3,3
36030,70,57,13,13
36031,91,97,-6,6
36032,68,73,-5,5
36033,86,89,-3,3
36034,97,109,-12,12
36035,78,86,-8,8
36036,110,96,14,14
36037,94,85,9,9
36038,68,82,-14,14
36039,150,145,5,5
36040,81,77,4,4
36041,58,61,-3,3
36042,48,52,-4,4
36043,76,74,2,2
36044,102,97,5,5
36045,74,76,-2,2
36046,60,65,-5,5
36047,75,84,-9,9
36048,92,88,4,4
36049,62,62,0,0
36050,91,93,-2,2
36051,93,87,6,6
36052,146,149,-3,3
36053,94,90,4,4
36054,88,87,1,1
36055,124,127,-3,3
36056,92,93,-1,1
36057,87,111,-24,24
36058,113,123,-10,10
36059,99,93,6,6
36060,90,89,1,1
36061,95,87,8,8
36062,61,61,0,0
36063,139,130,9,9
36064,106,118,-12,12
36065,42,50,-8,8
36066,95,102,-7,7
36067,121,129,-8,8
36068,130,140,-10,10
36069,121,125,-4,4
36070,74,69,5,5
36071,84,83,1,1
36072,70,72,-2,2
36073,73,77,-4,4
36074,116,107,9,9
36075,120,120,0,0
36076,151,144,7,7
36077,80,79,1,1
36078,90,93,-3,3
36079,68,66,2,2
36080,102,99,3,3
36081,180,174,6,6
36082,44,76,-32,32
36083,170,166,4,4
36084,99,86,13,13
36085,130,123,7,7
36086,78,104,-26,26
36087,107,103,4,4
36088,93,99,-6,6
36089,146,142,4,4
36090,97,91,6,6
36091,107,101,6,6
36092,116,111,5,5
36093,81,93,-12,12
36094,84,77,7,7
36095,88,100,-12,12
36096,77,66,11,11
36097,65,67,-2,2
36098,158,150,8,8
36099,76,83,-7,7
36100,56,55,1,1
36101,119,124,-5,5
36102,82,80,2,2
36103,52,58,-6,6
36104,44,54,-10,10
36105,122,109,13,13
36106,92,94,-2,2
36107,87,85,2,2
36108,152,157,-5,5
36109,97,94,3,3
36110,127,117,10,10
36111,61,63,-2,2
36112,58,64,-6,6
36113,94,94,0,0
36114,123,122,1,1
36115,141,123,18,18
36116,61,70,-9,9
36117,151,169,-18,18
36118,117,114,3,3
36119,88,90,-2,2
36120,71,65,6,6
36121,131,133,-2,2
36122,98,95,3,3
36123,54,61,-7,7
36124,133,124,9,9
36125,68,62,6,6
36126,49,56,-7,7
36127,106,100,6,6
36128,144,140,4,4
36129,105,106,-1,1
36130,59,64,-5,5
36131,65,69,-4,4
36132,136,130,6,6
36133,58,54,4,4
36134,49,56,-7,7
36135,47,52,-5,5
36136,87,85,2,2
36137,81,90,-9,9
36138,110,96,14,14
36139,119,117,2,2
36140,114,111,3,3
36141,77,69,8,8
36142,114,112,2,2
36143,112,110,2,2
36144,86,108,-22,22
36145,91,95,-4,4
36146,136,123,13,13
36147,52,57,-5,5
36148,85,89,-4,4
36149,97,93,4,4
36150,151,143,8,8
36151,118,109,9,9
36152,156,140,16,16
36153,61,59,2,2
36154,107,103,4,4
36155,173,173,0,0
36156,86,90,-4,4
36157,74,79,-5,5
36158,90,83,7,7
36159,61,63,-2,2
36160,112,116,-4,4
36161,114,103,11,11
36162,86,88,-2,2
36163,115,118,-3,3
36164,128,128,0,0
36165,62,65,-3,3
36166,81,87,-6,6
36167,102,100,2,2
36168,104,107,-3,3
36169,70,81,-11,11
36170,85,83,2,2
36171,59,62,-3,3
36172,112,104,8,8
36173,141,153,-12,12
36174,103,111,-8,8
36175,89,89,0,0
36176,83,79,4,4
36177,54,58,-4,4
36178,70,74,-4,4
36179,75,78,-3,3
36180,124,123,1,1
36181,64,67,-3,3
36182,137,128,9,9
36183,112,125,-13,13
36184,60,68,-8,8
36185,103,106,-3,3
36186,76,72,4,4
36187,100,88,12,12
36188,68,71,-3,3
36189,72,79,-7,7
36190,52,54,-2,2
36191,91,90,1,1
36192,57,55,2,2
36193,71,63,8,8
36194,99,101,-2,2
36195,117,133,-16,16
36196,179,173,6,6
36197,109,105,4,4
36198,33,90,-57,57
36199,101,102,-1,1
36200,105,97,8,8
36201,88,87,1,1
36202,152,164,-12,12
36203,88,80,8,8
36204,140,128,12,12
36205,123,105,18,18
36206,129,125,4,4
36207,57,59,-2,2
36208,53,53,0,0
36209,65,72,-7,7
36210,72,69,3,3
36211,127,143,-16,16
36212,62,70,-8,8
36213,47,52,-5,5
36214,101,105,-4,4
36215,58,51,7,7
36216,90,94,-4,4
36217,71,71,0,0
36218,148,136,12,12
36219,131,125,6,6
36220,173,178,-5,5
36221,140,131,9,9
36222,88,88,0,0
36223,105,112,-7,7
36224,129,119,10,10
36225,105,98,7,7
36226,113,126,-13,13
36227,83,92,-9,9
36228,58,60,-2,2
36229,59,59,0,0
36230,110,91,19,19
36231,106,110,-4,4
36232,95,93,2,2
36233,101,85,16,16
36234,56,66,-10,10
36235,134,138,-4,4
36236,118,115,3,3
36237,114,104,10,10
36238,70,75,-5,5
36239,68,72,-4,4
36240,66,74,-8,8
36241,92,86,6,6
36242,113,114,-1,1
36243,108,103,5,5
36244,91,96,-5,5
36245,146,147,-1,1
36246,114,111,3,3
36247,103,106,-3,3
36248,108,140,-32,32
36249,60,64,-4,4
36250,62,64,-2,2
36251,102,101,1,1
36252,110,115,-5,5
36253,194,173,21,21
36254,53,56,-3,3
36255,102,100,2,2
36256,175,156,19,19
36257,66,62,4,4
36258,108,105,3,3
36259,112,104,8,8
36260,154,141,13,13
36261,121,127,-6,6
36262,66,64,2,2
36263,84,80,4,4
36264,72,70,2,2
36265,97,88,9,9
36266,125,122,3,3
36267,53,56,-3,3
36268,56,58,-2,2
36269,139,147,-8,8
36270,76,82,-6,6
36271,98,92,6,6
36272,64,63,1,1
36273,102,99,3,3
36274,63,70,-7,7
36275,125,126,-1,1
36276,133,115,18,18
36277,61,59,2,2
36278,57,59,-2,2
36279,87,82,5,5
36280,65,69,-4,4
36281,45,57,-12,12
36282,105,112,-7,7
36283,123,118,5,5
36284,96,91,5,5
36285,146,148,-2,2
36286,65,69,-4,4
36287,93,88,5,5
36288,67,68,-1,1
36289,112,88,24,24
36290,128,120,8,8
36291,78,79,-1,1
36292,73,71,2,2
36293,89,87,2,2
36294,62,63,-1,1
36295,127,134,-7,7
36296,126,116,10,10
36297,80,78,2,2
36298,84,89,-5,5
36299,85,104,-19,19
36300,65,66,-1,1
36301,63,68,-5,5
36302,42,53,-11,11
36303,84,81,3,3
36304,73,70,3,3
36305,50,49,1,1
36306,107,127,-20,20
36307,108,103,5,5
36308,65,69,-4,4
36309,150,128,22,22
36310,101,98,3,3
36311,51,54,-3,3
36312,74,70,4,4
36313,79,77,2,2
36314,117,106,11,11
36315,71,82,-11,11
36316,70,77,-7,7
36317,75,73,2,2
36318,38,57,-19,19
36319,104,109,-5,5
36320,97,92,5,5
36321,117,112,5,5
36322,78,72,6,6
36323,58,69,-11,11
36324,133,132,1,1
36325,51,56,-5,5
36326,117,121,-4,4
36327,82,79,3,3
36328,155,147,8,8
36329,102,108,-6,6
36330,137,138,-1,1
36331,85,81,4,4
36332,132,135,-3,3
36333,35,53,-18,18
36334,72,74,-2,2
36335,119,123,-4,4
36336,90,86,4,4
36337,69,69,0,0
36338,76,81,-5,5
36339,85,87,-2,2
36340,114,104,10,10
36341,84,112,-28,28
36342,78,77,1,1
36343,55,60,-5,5
36344,102,105,-3,3
36345,163,144,19,19
36346,69,69,0,0
36347,126,123,3,3
36348,43,50,-7,7
36349,61,61,0,0
36350,54,57,-3,3
36351,109,105,4,4
36352,102,115,-13,13
36353,80,82,-2,2
36354,206,185,21,21
36355,51,53,-2,2
36356,89,70,19,19
36357,72,80,-8,8
36358,127,126,1,1
36359,76,81,-5,5
36360,107,101,6,6
36361,71,68,3,3
36362,66,63,3,3
36363,76,70,6,6
36364,184,170,14,14
36365,129,131,-2,2
36366,55,57,-2,2
36367,110,113,-3,3
36368,75,80,-5,5
36369,61,68,-7,7
36370,136,129,7,7
36371,103,91,12,12
36372,115,124,-9,9
36373,55,57,-2,2
36374,113,106,7,7
36375,89,80,9,9
36376,121,108,13,13
36377,80,94,-14,14
36378,141,137,4,4
36379,150,170,-20,20
36380,90,80,10,10
36381,73,76,-3,3
36382,137,159,-22,22
36383,107,97,10,10
36384,86,85,1,1
36385,112,114,-2,2
36386,46,54,-8,8
36387,72,75,-3,3
36388,99,102,-3,3
36389,63,65,-2,2
36390,126,104,22,22
36391,64,62,2,2
36392,90,99,-9,9
36393,59,66,-7,7
36394,66,59,7,7
36395,114,97,17,17
36396,102,95,7,7
36397,77,78,-1,1
36398,90,70,20,20
36399,68,66,2,2
36400,78,71,7,7
36401,71,70,1,1
36402,49,51,-2,2
36403,83,81,2,2
36404,112,125,-13,13
36405,102,110,-8,8
36406,134,118,16,16
36407,57,59,-2,2
36408,71,72,-1,1
36409,163,162,1,1
36410,130,120,10,10
36411,123,134,-11,11
36412,117,119,-2,2
36413,78,75,3,3
36414,39,48,-9,9
36415,49,54,-5,5
36416,57,58,-1,1
36417,51,60,-9,9
36418,123,111,12,12
36419,92,93,-1,1
36420,93,99,-6,6
36421,77,78,-1,1
36422,197,155,42,42
36423,112,115,-3,3
36424,63,70,-7,7
36425,83,86,-3,3
36426,68,86,-18,18
36427,105,100,5,5
36428,62,69,-7,7
36429,71,66,5,5
36430,91,89,2,2
36431,85,78,7,7
36432,197,199,-2,2
36433,124,115,9,9
36434,119,115,4,4
36435,130,136,-6,6
36436,81,75,6,6
36437,92,95,-3,3
36438,71,70,1,1
36439,67,67,0,0
36440,99,90,9,9
36441,94,96,-2,2
36442,114,120,-6,6
36443,167,157,10,10
36444,120,107,13,13
36445,125,112,13,13
36446,70,64,6,6
36447,114,107,7,7
36448,95,93,2,2
36449,46,58,-12,12
36450,101,106,-5,5
36451,61,56,5,5
36452,90,100,-10,10
36453,67,142,-75,75
36454,157,145,12,12
36455,79,77,2,2
36456,105,103,2,2
36457,112,99,13,13
36458,89,91,-2,2
36459,105,104,1,1
36460,124,117,7,7
36461,65,63,2,2
36462,73,70,3,3
36463,66,67,-1,1
36464,61,66,-5,5
36465,125,142,-17,17
36466,122,129,-7,7
36467,76,73,3,3
36468,90,96,-6,6
36469,176,158,18,18
36470,62,68,-6,6
36471,139,138,1,1
36472,43,52,-9,9
36473,67,72,-5,5
36474,50,54,-4,4
36475,66,68,-2,2
36476,59,65,-6,6
36477,81,74,7,7
36478,83,73,10,10
36479,92,90,2,2
36480,76,82,-6,6
36481,62,58,4,4
36482,64,82,-18,18
36483,92,100,-8,8
36484,123,119,4,4
36485,84,76,8,8
36486,88,90,-2,2
36487,58,60,-2,2
36488,87,83,4,4
36489,73,74,-1,1
36490,44,53,-9,9
36491,123,120,3,3
36492,76,69,7,7
36493,82,89,-7,7
36494,84,80,4,4
36495,69,68,1,1
36496,80,84,-4,4
36497,104,101,3,3
36498,81,78,3,3
36499,79,85,-6,6
36500,90,108,-18,18
36501,105,101,4,4
36502,140,137,3,3
36503,85,86,-1,1
36504,96,91,5,5
36505,102,100,2,2
36506,81,77,4,4
36507,117,110,7,7
36508,68,67,1,1
36509,79,83,-4,4
36510,143,134,9,9
36511,66,57,9,9
36512,52,54,-2,2
36513,109,97,12,12
36514,40,55,-15,15
36515,140,132,8,8
36516,115,112,3,3
36517,74,85,-11,11
36518,61,64,-3,3
36519,66,67,-1,1
36520,92,76,16,16
36521,48,73,-25,25
36522,116,114,2,2
36523,141,132,9,9
36524,113,107,6,6
36525,89,80,9,9
36526,139,128,11,11
36527,134,138,-4,4
36528,152,152,0,0
36529,88,86,2,2
36530,93,93,0,0
36531,161,155,6,6
36532,90,92,-2,2
36533,68,67,1,1
36534,148,137,11,11
36535,82,83,-1,1
36536,96,89,7,7
36537,171,173,-2,2
36538,96,110,-14,14
36539,66,67,-1,1
36540,113,107,6,6
36541,78,80,-2,2
36542,82,80,2,2
36543,61,60,1,1
36544,82,80,2,2
36545,99,108,-9,9
36546,225,186,39,39
36547,81,79,2,2
36548,62,63,-1,1
36549,66,67,-1,1
36550,44,55,-11,11
36551,74,87,-13,13
36552,83,79,4,4
36553,109,107,2,2
36554,51,58,-7,7
36555,121,123,-2,2
36556,83,74,9,9
36557,81,90,-9,9
36558,53,56,-3,3
36559,73,82,-9,9
36560,109,99,10,10
36561,151,152,-1,1
36562,115,112,3,3
36563,122,113,9,9
36564,116,118,-2,2
36565,107,102,5,5
36566,109,99,10,10
36567,72,71,1,1
36568,43,65,-22,22
36569,78,73,5,5
36570,127,116,11,11
36571,50,58,-8,8
36572,96,93,3,3
36573,53,58,-5,5
36574,37,47,-10,10
36575,94,84,10,10
36576,56,63,-7,7
36577,27,48,-21,21
36578,38,60,-22,22
36579,109,114,-5,5
36580,109,108,1,1
36581,70,75,-5,5
36582,60,62,-2,2
36583,82,91,-9,9
36584,67,66,1,1
36585,67,68,-1,1
36586,78,72,6,6
36587,62,73,-11,11
36588,49,56,-7,7
36589,109,102,7,7
36590,88,91,-3,3
36591,81,94,-13,13
36592,82,89,-7,7
36593,90,87,3,3
36594,79,82,-3,3
36595,97,91,6,6
36596,75,81,-6,6
36597,104,95,9,9
36598,84,88,-4,4
36599,146,143,3,3
36600,62,63,-1,1
36601,104,111,-7,7
36602,106,105,1,1
36603,92,91,1,1
36604,92,90,2,2
36605,92,96,-4,4
36606,71,72,-1,1
36607,91,92,-1,1
36608,87,84,3,3
36609,79,95,-16,16
36610,86,100,-14,14
36611,128,117,11,11
36612,186,185,1,1
36613,138,128,10,10
36614,89,80,9,9
36615,168,159,9,9
36616,46,54,-8,8
36617,93,92,1,1
36618,72,75,-3,3
36619,110,103,7,7
36620,99,88,11,11
36621,51,51,0,0
36622,93,95,-2,2
36623,99,96,3,3
36624,126,123,3,3
36625,64,67,-3,3
36626,209,197,12,12
36627,102,101,1,1
36628,98,103,-5,5
36629,79,70,9,9
36630,85,91,-6,6
36631,64,67,-3,3
36632,83,78,5,5
36633,121,102,19,19
36634,111,104,7,7
36635,72,70,2,2
36636,97,91,6,6
36637,96,85,11,11
36638,64,65,-1,1
36639,128,127,1,1
36640,34,52,-18,18
36641,124,104,20,20
36642,84,76,8,8
36643,132,129,3,3
36644,55,55,0,0
36645,118,117,1,1
36646,47,56,-9,9
36647,74,68,6,6
36648,75,72,3,3
36649,93,96,-3,3
36650,171,152,19,19
36651,81,85,-4,4
36652,62,65,-3,3
36653,81,78,3,3
36654,83,74,9,9
36655,65,63,2,2
36656,61,66,-5,5
36657,83,86,-3,3
36658,102,100,2,2
36659,78,74,4,4
36660,85,82,3,3
36661,122,117,5,5
36662,60,62,-2,2
36663,151,154,-3,3
36664,72,76,-4,4
36665,93,92,1,1
36666,99,97,2,2
36667,95,102,-7,7
36668,105,102,3,3
36669,83,68,15,15
36670,128,134,-6,6
36671,76,105,-29,29
36672,114,103,11,11
36673,125,131,-6,6
36674,88,86,2,2
36675,117,126,-9,9
36676,54,58,-4,4
36677,102,101,1,1
36678,60,54,6,6
36679,47,66,-19,19
36680,76,72,4,4
36681,53,56,-3,3
36682,83,87,-4,4
36683,148,157,-9,9
36684,101,99,2,2
36685,126,123,3,3
36686,124,190,-66,66
36687,114,113,1,1
36688,74,84,-10,10
36689,83,93,-10,10
36690,109,102,7,7
36691,89,96,-7,7
36692,76,78,-2,2
36693,53,58,-5,5
36694,78,79,-1,1
36695,60,62,-2,2
36696,136,127,9,9
36697,42,55,-13,13
36698,126,118,8,8
36699,99,108,-9,9
36700,96,97,-1,1
36701,45,56,-11,11
36702,77,70,7,7
36703,167,154,13,13
36704,102,134,-32,32
36705,92,93,-1,1
36706,61,61,0,0
36707,138,131,7,7
36708,117,131,-14,14
36709,127,118,9,9
36710,92,77,15,15
36711,83,82,1,1
36712,69,69,0,0
36713,189,179,10,10
36714,89,77,12,12
36715,154,154,0,0
36716,78,82,-4,4
36717,92,92,0,0
36718,151,158,-7,7
36719,138,147,-9,9
36720,73,70,3,3
36721,152,152,0,0
36722,122,118,4,4
36723,71,63,8,8
36724,118,116,2,2
36725,93,84,9,9
36726,104,101,3,3
36727,85,79,6,6
36728,91,85,6,6
36729,50,50,0,0
36730,102,89,13,13
36731,120,120,0,0
36732,111,102,9,9
36733,71,78,-7,7
36734,57,55,2,2
36735,161,127,34,34
36736,53,52,1,1
36737,122,139,-17,17
36738,125,127,-2,2
36739,83,80,3,3
36740,74,81,-7,7
36741,78,76,2,2
36742,51,51,0,0
36743,167,141,26,26
36744,78,80,-2,2
36745,207,194,13,13
36746,120,120,0,0
36747,142,147,-5,5
36748,71,80,-9,9
36749,144,123,21,21
36750,55,54,1,1
36751,75,66,9,9
36752,113,117,-4,4
36753,100,113,-13,13
36754,56,62,-6,6
36755,137,126,11,11
36756,92,93,-1,1
36757,142,132,10,10
36758,114,111,3,3
36759,47,55,-8,8
36760,61,58,3,3
36761,130,121,9,9
36762,68,73,-5,5
36763,72,83,-11,11
36764,39,52,-13,13
36765,116,124,-8,8
36766,135,128,7,7
36767,121,114,7,7
36768,126,122,4,4
36769,115,130,-15,15
36770,92,87,5,5
36771,137,125,12,12
36772,67,66,1,1
36773,58,54,4,4
36774,74,77,-3,3
36775,66,57,9,9
36776,70,63,7,7
36777,89,105,-16,16
36778,85,93,-8,8
36779,77,75,2,2
36780,54,56,-2,2
36781,103,106,-3,3
36782,45,54,-9,9
36783,35,65,-30,30
36784,84,111,-27,27
36785,61,70,-9,9
36786,114,107,7,7
36787,47,52,-5,5
36788,86,85,1,1
36789,92,99,-7,7
36790,61,59,2,2
36791,96,94,2,2
36792,48,50,-2,2
36793,115,126,-11,11
36794,209,189,20,20
36795,89,87,2,2
36796,63,55,8,8
36797,68,68,0,0
36798,88,99,-11,11
36799,63,78,-15,15
36800,121,133,-12,12
36801,146,165,-19,19
36802,64,62,2,2
36803,75,75,0,0
36804,118,129,-11,11
36805,121,125,-4,4
36806,87,82,5,5
36807,80,82,-2,2
36808,80,84,-4,4
36809,107,96,11,11
36810,137,134,3,3
36811,96,86,10,10
36812,74,67,7,7
36813,90,82,8,8
36814,70,67,3,3
36815,45,52,-7,7
36816,63,59,4,4
36817,122,116,6,6
36818,80,80,0,0
36819,91,93,-2,2
36820,241,221,20,20
36821,49,50,-1,1
36822,115,126,-11,11
36823,136,103,33,33
36824,87,75,12,12
36825,90,106,-16,16
36826,86,81,5,5
36827,126,124,2,2
36828,63,78,-15,15
36829,68,66,2,2
36830,83,72,11,11
36831,101,99,2,2
36832,82,110,-28,28
36833,105,113,-8,8
36834,141,148,-7,7
36835,67,71,-4,4
36836,29,47,-18,18
36837,96,99,-3,3
36838,69,63,6,6
36839,62,64,-2,2
36840,68,72,-4,4
36841,96,84,12,12
36842,122,131,-9,9
36843,109,115,-6,6
36844,83,80,3,3
36845,127,119,8,8
36846,115,130,-15,15
36847,95,90,5,5
36848,64,63,1,1
36849,80,82,-2,2
36850,285,281,4,4
36851,88,87,1,1
36852,154,123,31,31
36853,163,156,7,7
36854,68,113,-45,45
36855,72,78,-6,6
36856,184,186,-2,2
36857,87,83,4,4
36858,58,59,-1,1
36859,110,117,-7,7
36860,62,69,-7,7
36861,53,50,3,3
36862,158,165,-7,7
36863,87,105,-18,18
36864,70,78,-8,8
36865,72,71,1,1
36866,141,125,16,16
36867,94,89,5,5
36868,48,57,-9,9
36869,56,54,2,2
36870,169,159,10,10
36871,81,105,-24,24
36872,71,70,1,1
36873,97,84,13,13
36874,73,74,-1,1
36875,90,93,-3,3
36876,122,115,7,7
36877,68,61,7,7
36878,128,116,12,12
36879,68,68,0,0
36880,128,130,-2,2
36881,80,82,-2,2
36882,76,67,9,9
36883,131,143,-12,12
36884,96,95,1,1
36885,118,129,-11,11
36886,112,104,8,8
36887,174,165,9,9
36888,44,56,-12,12
36889,92,95,-3,3
36890,66,67,-1,1
36891,90,94,-4,4
36892,144,141,3,3
36893,110,103,7,7
36894,164,147,17,17
36895,85,79,6,6
36896,87,99,-12,12
36897,126,145,-19,19
36898,70,69,1,1
36899,111,110,1,1
36900,56,57,-1,1
36901,50,55,-5,5
36902,93,96,-3,3
36903,66,70,-4,4
36904,77,77,0,0
36905,59,63,-4,4
36906,95,100,-5,5
36907,79,77,2,2
36908,84,83,1,1
36909,81,77,4,4
36910,118,105,13,13
36911,62,60,2,2
36912,113,117,-4,4
36913,89,79,10,10
36914,109,100,9,9
36915,157,148,9,9
36916,144,164,-20,20
36917,113,103,10,10
36918,136,126,10,10
36919,55,58,-3,3
36920,100,130,-30,30
36921,127,113,14,14
36922,137,136,1,1
36923,77,72,5,5
36924,75,72,3,3
36925,96,101,-5,5
36926,183,176,7,7
36927,100,96,4,4
36928,66,59,7,7
36929,87,88,-1,1
36930,76,75,1,1
36931,79,98,-19,19
36932,84,83,1,1
36933,101,95,6,6
36934,110,113,-3,3
36935,97,94,3,3
36936,55,56,-1,1
36937,94,84,10,10
36938,65,65,0,0
36939,78,76,2,2
36940,69,71,-2,2
36941,171,168,3,3
36942,78,74,4,4
36943,58,58,0,0
36944,79,76,3,3
36945,90,78,12,12
36946,43,46,-3,3
36947,80,96,-16,16
36948,121,129,-8,8
36949,186,171,15,15
36950,87,87,0,0
36951,25,46,-21,21
36952,77,82,-5,5
36953,111,113,-2,2
36954,60,58,2,2
36955,70,71,-1,1
36956,145,130,15,15
36957,83,84,-1,1
36958,87,76,11,11
36959,79,78,1,1
36960,110,110,0,0
36961,70,63,7,7
36962,157,151,6,6
36963,95,94,1,1
36964,62,67,-5,5
36965,83,83,0,0
36966,64,62,2,2
36967,240,231,9,9
36968,77,79,-2,2
36969,171,158,13,13
36970,111,111,0,0
36971,98,86,12,12
36972,60,61,-1,1
36973,94,97,-3,3
36974,117,111,6,6
36975,113,116,-3,3
36976,149,167,-18,18
36977,84,84,0,0
36978,50,54,-4,4
36979,109,118,-9,9
36980,77,90,-13,13
36981,125,123,2,2
36982,74,86,-12,12
36983,80,78,2,2
36984,70,75,-5,5
36985,79,79,0,0
36986,125,110,15,15
36987,102,88,14,14
36988,72,71,1,1
36989,99,99,0,0
36990,73,80,-7,7
36991,104,99,5,5
36992,99,96,3,3
36993,97,88,9,9
36994,135,136,-1,1
36995,80,86,-6,6
36996,146,148,-2,2
36997,59,65,-6,6
36998,95,98,-3,3
36999,159,140,19,19
37000,73,67,6,6
37001,94,91,3,3
37002,159,134,25,25
37003,178,162,16,16
37004,58,56,2,2
37005,88,81,7,7
37006,88,93,-5,5
37007,81,88,-7,7
37008,79,73,6,6
37009,54,55,-1,1
37010,88,85,3,3
37011,75,69,6,6
37012,101,88,13,13
37013,89,80,9,9
37014,51,56,-5,5
37015,121,120,1,1
37016,110,114,-4,4
37017,99,87,12,12
37018,63,66,-3,3
37019,113,116,-3,3
37020,137,141,-4,4
37021,114,124,-10,10
37022,87,88,-1,1
37023,176,152,24,24
37024,136,132,4,4
37025,104,101,3,3
37026,131,108,23,23
37027,100,115,-15,15
37028,110,117,-7,7
37029,54,57,-3,3
37030,99,101,-2,2
37031,55,61,-6,6
37032,141,130,11,11
37033,142,142,0,0
37034,125,111,14,14
37035,114,124,-10,10
37036,121,120,1,1
37037,138,128,10,10
37038,66,75,-9,9
37039,108,104,4,4
37040,137,131,6,6
37041,57,56,1,1
37042,97,102,-5,5
37043,114,103,11,11
37044,124,150,-26,26
37045,66,73,-7,7
37046,51,54,-3,3
37047,162,149,13,13
37048,161,154,7,7
37049,116,110,6,6
37050,111,114,-3,3
37051,143,143,0,0
37052,41,51,-10,10
37053,97,85,12,12
37054,49,54,-5,5
37055,156,150,6,6
37056,48,53,-5,5
37057,82,77,5,5
37058,58,58,0,0
37059,81,76,5,5
37060,81,79,2,2
37061,68,69,-1,1
37062,120,123,-3,3
37063,28,47,-19,19
37064,84,98,-14,14
37065,96,98,-2,2
37066,79,80,-1,1
37067,446,402,44,44
37068,132,133,-1,1
37069,131,127,4,4
37070,60,69,-9,9
37071,78,72,6,6
37072,113,112,1,1
37073,67,64,3,3
37074,83,83,0,0
37075,77,64,13,13
37076,82,79,3,3
37077,60,64,-4,4
37078,112,111,1,1
37079,124,119,5,5
37080,150,135,15,15
37081,87,84,3,3
37082,129,121,8,8
37083,151,147,4,4
37084,36,50,-14,14
37085,100,99,1,1
37086,57,105,-48,48
37087,108,117,-9,9
37088,78,85,-7,7
37089,72,65,7,7
37090,69,83,-14,14
37091,108,114,-6,6
37092,87,81,6,6
37093,51,62,-11,11
37094,48,53,-5,5
37095,98,112,-14,14
37096,31,62,-31,31
37097,140,121,19,19
37098,74,65,9,9
37099,95,103,-8,8
37100,87,82,5,5
37101,120,123,-3,3
37102,83,75,8,8
37103,81,95,-14,14
37104,75,78,-3,3
37105,87,87,0,0
37106,145,143,2,2
37107,98,90,8,8
37108,52,49,3,3
37109,83,79,4,4
37110,55,74,-19,19
37111,110,117,-7,7
37112,125,134,-9,9
37113,87,76,11,11
37114,101,100,1,1
37115,81,72,9,9
37116,143,136,7,7
37117,218,193,25,25
37118,79,71,8,8
37119,97,89,8,8
37120,58,59,-1,1
37121,116,121,-5,5
37122,76,70,6,6
37123,94,94,0,0
37124,79,90,-11,11
37125,60,59,1,1
37126,103,113,-10,10
37127,51,54,-3,3
37128,113,105,8,8
37129,83,97,-14,14
37130,121,121,0,0
37131,87,72,15,15
37132,152,146,6,6
37133,97,94,3,3
37134,169,170,-1,1
37135,73,88,-15,15
37136,141,149,-8,8
37137,88,75,13,13
37138,75,168,-93,93
37139,78,79,-1,1
37140,114,108,6,6
37141,95,82,13,13
37142,100,111,-11,11
37143,94,93,1,1
37144,62,64,-2,2
37145,75,105,-30,30
37146,91,93,-2,2
37147,155,138,17,17
37148,82,77,5,5
37149,120,119,1,1
37150,154,142,12,12
37151,45,49,-4,4
37152,69,70,-1,1
37153,70,75,-5,5
37154,129,129,0,0
37155,83,80,3,3
37156,102,95,7,7
37157,34,53,-19,19
37158,84,77,7,7
37159,93,88,5,5
37160,173,160,13,13
37161,81,84,-3,3
37162,112,124,-12,12
37163,141,139,2,2
37164,117,113,4,4
37165,87,95,-8,8
37166,89,103,-14,14
37167,138,144,-6,6
37168,77,84,-7,7
37169,71,74,-3,3
37170,108,115,-7,7
37171,84,79,5,5
37172,90,100,-10,10
37173,156,150,6,6
37174,90,96,-6,6
37175,91,92,-1,1
37176,64,64,0,0
37177,66,70,-4,4
37178,59,57,2,2
37179,124,113,11,11
37180,49,55,-6,6
37181,108,108,0,0
37182,83,84,-1,1
37183,115,101,14,14
37184,59,62,-3,3
37185,51,67,-16,16
37186,90,84,6,6
37187,77,91,-14,14
37188,59,53,6,6
37189,100,99,1,1
37190,138,131,7,7
37191,237,228,9,9
37192,71,73,-2,2
37193,51,51,0,0
37194,160,167,-7,7
37195,162,133,29,29
37196,121,119,2,2
37197,122,115,7,7
37198,64,64,0,0
37199,78,72,6,6
37200,107,136,-29,29
37201,102,108,-6,6
37202,74,81,-7,7
37203,90,99,-9,9
37204,65,57,8,8
37205,85,88,-3,3
37206,88,89,-1,1
37207,95,97,-2,2
37208,92,92,0,0
37209,148,131,17,17
37210,89,86,3,3
37211,63,65,-2,2
37212,98,86,12,12
37213,74,74,0,0
37214,69,69,0,0
37215,58,60,-2,2
37216,148,131,17,17
37217,75,79,-4,4
37218,128,130,-2,2
37219,63,76,-13,13
37220,113,97,16,16
37221,88,96,-8,8
37222,68,60,8,8
37223,98,96,2,2
37224,79,81,-2,2
37225,69,73,-4,4
37226,284,267,17,17
37227,76,78,-2,2
37228,98,100,-2,2
37229,73,74,-1,1
37230,135,134,1,1
37231,71,67,4,4
37232,85,79,6,6
37233,58,61,-3,3
37234,110,110,0,0
37235,63,62,1,1
37236,91,92,-1,1
37237,72,78,-6,6
37238,111,136,-25,25
37239,75,68,7,7
37240,127,127,0,0
37241,157,143,14,14
37242,136,138,-2,2
37243,66,64,2,2
37244,53,54,-1,1
37245,76,81,-5,5
37246,76,70,6,6
37247,123,133,-10,10
37248,90,88,2,2
37249,62,67,-5,5
37250,93,113,-20,20
37251,150,138,12,12
37252,114,115,-1,1
37253,99,83,16,16
37254,85,79,6,6
37255,68,63,5,5
37256,54,54,0,0
37257,64,67,-3,3
37258,126,129,-3,3
37259,52,56,-4,4
37260,119,114,5,5
37261,112,109,3,3
37262,257,230,27,27
37263,75,80,-5,5
37264,58,56,2,2
37265,87,87,0,0
37266,50,52,-2,2
37267,79,86,-7,7
37268,142,132,10,10
37269,122,125,-3,3
37270,69,77,-8,8
37271,82,78,4,4
37272,83,84,-1,1
37273,87,80,7,7
37274,132,132,0,0
37275,110,124,-14,14
37276,98,86,12,12
37277,93,91,2,2
37278,112,121,-9,9
37279,101,90,11,11
37280,97,100,-3,3
37281,111,117,-6,6
37282,53,54,-1,1
37283,78,100,-22,22
37284,104,100,4,4
37285,86,80,6,6
37286,109,107,2,2
37287,136,129,7,7
37288,113,126,-13,13
37289,53,57,-4,4
37290,85,78,7,7
37291,142,130,12,12
37292,141,139,2,2
37293,87,86,1,1
37294,79,76,3,3
37295,171,158,13,13
37296,104,108,-4,4
37297,91,122,-31,31
37298,70,70,0,0
37299,93,97,-4,4
37300,115,117,-2,2
37301,49,66,-17,17
37302,115,103,12,12
37303,85,74,11,11
37304,96,97,-1,1
37305,112,110,2,2
37306,133,138,-5,5
37307,114,112,2,2
37308,78,97,-19,19
37309,158,150,8,8
37310,73,69,4,4
37311,44,51,-7,7
37312,160,162,-2,2
37313,114,117,-3,3
37314,163,119,44,44
37315,113,107,6,6
37316,92,98,-6,6
37317,35,50,-15,15
37318,135,131,4,4
37319,113,113,0,0
37320,105,99,6,6
37321,79,73,6,6
37322,130,120,10,10
37323,129,131,-2,2
37324,81,82,-1,1
37325,71,76,-5,5
37326,233,203,30,30
37327,79,84,-5,5
37328,88,86,2,2
37329,121,126,-5,5
37330,132,122,10,10
37331,179,170,9,9
37332,199,186,13,13
37333,133,127,6,6
37334,127,123,4,4
37335,71,75,-4,4
37336,59,62,-3,3
37337,92,90,2,2
37338,98,98,0,0
37339,93,80,13,13
37340,103,79,24,24
37341,114,124,-10,10
37342,80,84,-4,4
37343,84,83,1,1
37344,95,87,8,8
37345,141,137,4,4
37346,184,172,12,12
37347,138,118,20,20
37348,59,61,-2,2
37349,172,165,7,7
37350,146,138,8,8
37351,72,77,-5,5
37352,139,142,-3,3
37353,108,106,2,2
37354,91,101,-10,10
37355,38,50,-12,12
37356,44,58,-14,14
37357,86,83,3,3
37358,68,75,-7,7
37359,68,62,6,6
37360,100,104,-4,4
37361,135,125,10,10
37362,30,55,-25,25
37363,149,138,11,11
37364,93,91,2,2
37365,132,138,-6,6
37366,61,61,0,0
37367,104,109,-5,5
37368,119,117,2,2
37369,61,63,-2,2
37370,79,77,2,2
37371,48,57,-9,9
37372,80,72,8,8
37373,145,170,-25,25
37374,65,73,-8,8
37375,68,68,0,0
37376,68,69,-1,1
37377,78,81,-3,3
37378,65,62,3,3
37379,98,96,2,2
37380,102,108,-6,6
37381,115,99,16,16
37382,71,67,4,4
37383,63,67,-4,4
37384,64,75,-11,11
37385,97,95,2,2
37386,102,91,11,11
37387,101,105,-4,4
37388,34,49,-15,15
37389,70,75,-5,5
37390,53,59,-6,6
37391,92,90,2,2
37392,83,84,-1,1
37393,101,107,-6,6
37394,76,71,5,5
37395,76,80,-4,4
37396,111,106,5,5
37397,49,58,-9,9
37398,55,64,-9,9
37399,115,108,7,7
37400,126,126,0,0
37401,121,110,11,11
37402,145,136,9,9
37403,60,74,-14,14
37404,73,64,9,9
37405,63,66,-3,3
37406,71,70,1,1
37407,81,82,-1,1
37408,98,97,1,1
37409,138,140,-2,2
37410,69,77,-8,8
37411,172,183,-11,11
37412,57,67,-10,10
37413,119,112,7,7
37414,65,71,-6,6
37415,54,57,-3,3
37416,86,91,-5,5
37417,116,118,-2,2
37418,145,136,9,9
37419,102,107,-5,5
37420,108,105,3,3
37421,63,62,1,1
37422,125,120,5,5
37423,90,89,1,1
37424,139,145,-6,6
37425,94,90,4,4
37426,86,87,-1,1
37427,44,60,-16,16
37428,89,96,-7,7
37429,82,82,0,0
37430,114,102,12,12
37431,60,57,3,3
37432,103,100,3,3
37433,58,55,3,3
37434,108,117,-9,9
37435,140,147,-7,7
37436,160,158,2,2
37437,54,57,-3,3
37438,106,100,6,6
37439,140,142,-2,2
37440,101,101,0,0
37441,120,116,4,4
37442,118,115,3,3
37443,116,113,3,3
37444,108,108,0,0
37445,205,210,-5,5
37446,192,186,6,6
37447,97,97,0,0
37448,59,58,1,1
37449,60,65,-5,5
37450,51,49,2,2
37451,48,55,-7,7
37452,118,115,3,3
37453,209,194,15,15
37454,64,67,-3,3
37455,76,81,-5,5
37456,130,129,1,1
37457,83,90,-7,7
37458,69,76,-7,7
37459,66,62,4,4
37460,81,90,-9,9
37461,116,137,-21,21
37462,91,96,-5,5
37463,178,181,-3,3
37464,148,167,-19,19
37465,160,161,-1,1
37466,116,131,-15,15
37467,87,94,-7,7
37468,93,93,0,0
37469,71,74,-3,3
37470,121,119,2,2
37471,85,69,16,16
37472,75,79,-4,4
37473,101,100,1,1
37474,72,74,-2,2
37475,60,62,-2,2
37476,102,92,10,10
37477,111,106,5,5
37478,81,88,-7,7
37479,75,89,-14,14
37480,107,111,-4,4
37481,75,77,-2,2
37482,67,75,-8,8
37483,126,128,-2,2
37484,106,110,-4,4
37485,126,126,0,0
37486,104,106,-2,2
37487,65,71,-6,6
37488,92,94,-2,2
37489,78,71,7,7
37490,127,122,5,5
37491,88,90,-2,2
37492,35,79,-44,44
37493,87,87,0,0
37494,53,65,-12,12
37495,108,111,-3,3
37496,89,90,-1,1
37497,79,75,4,4
37498,79,84,-5,5
37499,138,122,16,16
37500,92,84,8,8
37501,84,85,-1,1
37502,65,66,-1,1
37503,74,77,-3,3
37504,147,146,1,1
37505,96,96,0,0
37506,124,122,2,2
37507,84,89,-5,5
37508,118,116,2,2
37509,80,81,-1,1
37510,89,95,-6,6
37511,154,160,-6,6
37512,96,105,-9,9
37513,73,82,-9,9
37514,218,191,27,27
37515,108,105,3,3
37516,156,152,4,4
37517,56,61,-5,5
37518,105,99,6,6
37519,103,129,-26,26
37520,98,101,-3,3
37521,161,160,1,1
37522,150,131,19,19
37523,50,52,-2,2
37524,99,95,4,4
37525,62,65,-3,3
37526,102,100,2,2
37527,86,81,5,5
37528,81,78,3,3
37529,51,56,-5,5
37530,100,92,8,8
37531,74,72,2,2
37532,65,59,6,6
37533,95,97,-2,2
37534,99,96,3,3
37535,84,91,-7,7
37536,114,99,15,15
37537,99,91,8,8
37538,58,52,6,6
37539,49,48,1,1
37540,119,110,9,9
37541,83,86,-3,3
37542,96,102,-6,6
37543,70,71,-1,1
37544,108,107,1,1
37545,128,113,15,15
37546,75,71,4,4
37547,72,72,0,0
37548,88,77,11,11
37549,71,71,0,0
37550,103,95,8,8
37551,109,102,7,7
37552,77,81,-4,4
37553,74,73,1,1
37554,105,98,7,7
37555,56,58,-2,2
37556,95,92,3,3
37557,152,139,13,13
37558,62,63,-1,1
37559,128,124,4,4
37560,108,100,8,8
37561,58,63,-5,5
37562,144,129,15,15
37563,109,101,8,8
37564,66,62,4,4
37565,114,113,1,1
37566,150,132,18,18
37567,98,90,8,8
37568,151,148,3,3
37569,73,68,5,5
37570,84,77,7,7
37571,126,126,0,0
37572,50,57,-7,7
37573,101,117,-16,16
37574,56,62,-6,6
37575,95,96,-1,1
37576,65,66,-1,1
37577,141,124,17,17
37578,94,91,3,3
37579,67,70,-3,3
37580,55,59,-4,4
37581,65,63,2,2
37582,52,65,-13,13
37583,95,90,5,5
37584,158,152,6,6
37585,106,48,58,58
37586,101,99,2,2
37587,96,92,4,4
37588,132,138,-6,6
37589,91,87,4,4
37590,80,78,2,2
37591,209,194,15,15
37592,71,79,-8,8
37593,94,99,-5,5
37594,93,85,8,8
37595,103,105,-2,2
37596,69,76,-7,7
37597,190,189,1,1
37598,92,91,1,1
37599,105,96,9,9
37600,69,74,-5,5
37601,54,66,-12,12
37602,59,57,2,2
37603,82,86,-4,4
37604,84,82,2,2
37605,30,59,-29,29
37606,150,142,8,8
37607,65,64,1,1
37608,88,81,7,7
37609,80,77,3,3
37610,174,167,7,7
37611,134,155,-21,21
37612,82,77,5,5
37613,77,69,8,8
37614,65,70,-5,5
37615,49,55,-6,6
37616,95,99,-4,4
37617,67,71,-4,4
37618,69,65,4,4
37619,125,135,-10,10
37620,124,132,-8,8
37621,81,81,0,0
37622,93,92,1,1
37623,148,126,22,22
37624,158,142,16,16
37625,107,107,0,0
37626,138,129,9,9
37627,106,106,0,0
37628,102,108,-6,6
37629,151,151,0,0
37630,103,109,-6,6
37631,77,71,6,6
37632,139,138,1,1
37633,122,122,0,0
37634,86,76,10,10
37635,85,84,1,1
37636,76,72,4,4
37637,115,105,10,10
37638,137,127,10,10
37639,113,115,-2,2
37640,155,139,16,16
37641,66,77,-11,11
37642,75,69,6,6
37643,120,121,-1,1
37644,116,101,15,15
37645,152,151,1,1
37646,56,60,-4,4
37647,205,187,18,18
37648,96,97,-1,1
37649,101,93,8,8
37650,100,100,0,0
37651,94,88,6,6
37652,130,126,4,4
37653,61,76,-15,15
37654,123,117,6,6
37655,111,123,-12,12
37656,136,144,-8,8
37657,166,157,9,9
37658,85,94,-9,9
37659,99,98,1,1
37660,58,59,-1,1
37661,98,93,5,5
37662,88,74,14,14
37663,164,142,22,22
37664,67,69,-2,2
37665,112,98,14,14
37666,105,101,4,4
37667,151,140,11,11
37668,80,71,9,9
37669,121,129,-8,8
37670,179,152,27,27
37671,151,148,3,3
37672,116,118,-2,2
37673,93,88,5,5
37674,96,92,4,4
37675,112,119,-7,7
37676,45,48,-3,3
37677,100,95,5,5
37678,71,81,-10,10
37679,72,69,3,3
37680,124,119,5,5
37681,54,51,3,3
37682,135,129,6,6
37683,125,117,8,8
37684,125,105,20,20
37685,104,118,-14,14
37686,76,74,2,2
37687,106,136,-30,30
37688,76,75,1,1
37689,87,90,-3,3
37690,146,141,5,5
37691,91,81,10,10
37692,72,88,-16,16
37693,149,148,1,1
37694,82,81,1,1
37695,157,137,20,20
37696,138,128,10,10
37697,122,124,-2,2
37698,105,106,-1,1
37699,88,82,6,6
37700,157,174,-17,17
37701,108,97,11,11
37702,94,88,6,6
37703,102,107,-5,5
37704,51,65,-14,14
37705,84,86,-2,2
37706,67,76,-9,9
37707,128,121,7,7
37708,130,131,-1,1
37709,165,157,8,8
37710,100,113,-13,13
37711,121,133,-12,12
37712,74,78,-4,4
37713,58,56,2,2
37714,88,100,-12,12
37715,105,113,-8,8
37716,116,115,1,1
37717,103,97,6,6
37718,101,102,-1,1
37719,108,115,-7,7
37720,75,89,-14,14
37721,106,110,-4,4
37722,69,72,-3,3
37723,87,89,-2,2
37724,68,77,-9,9
37725,51,52,-1,1
37726,61,62,-1,1
37727,110,109,1,1
37728,104,101,3,3
37729,70,67,3,3
37730,47,53,-6,6
37731,69,83,-14,14
37732,48,57,-9,9
37733,92,87,5,5
37734,116,114,2,2
37735,94,97,-3,3
37736,79,80,-1,1
37737,116,135,-19,19
37738,133,139,-6,6
37739,70,75,-5,5
37740,153,151,2,2
37741,41,84,-43,43
37742,73,75,-2,2
37743,109,110,-1,1
37744,145,126,19,19
37745,106,108,-2,2
37746,89,78,11,11
37747,69,78,-9,9
37748,73,71,2,2
37749,61,66,-5,5
37750,127,121,6,6
37751,104,104,0,0
37752,103,102,1,1
37753,107,98,9,9
37754,116,116,0,0
37755,66,81,-15,15
37756,130,125,5,5
37757,102,92,10,10
37758,102,103,-1,1
37759,72,77,-5,5
37760,98,89,9,9
37761,55,57,-2,2
37762,90,98,-8,8
37763,116,114,2,2
37764,64,70,-6,6
37765,113,104,9,9
37766,75,83,-8,8
37767,75,94,-19,19
37768,119,114,5,5
37769,81,74,7,7
37770,74,70,4,4
37771,156,154,2,2
37772,93,93,0,0
37773,84,83,1,1
37774,118,141,-23,23
37775,70,69,1,1
37776,197,196,1,1
37777,57,60,-3,3
37778,41,64,-23,23
37779,110,118,-8,8
37780,94,89,5,5
37781,121,106,15,15
37782,77,82,-5,5
37783,104,85,19,19
37784,98,94,4,4
37785,101,97,4,4
37786,65,70,-5,5
37787,140,130,10,10
37788,113,106,7,7
37789,103,88,15,15
37790,84,75,9,9
37791,75,71,4,4
37792,136,121,15,15
37793,123,123,0,0
37794,117,125,-8,8
37795,107,100,7,7
37796,64,60,4,4
37797,61,66,-5,5
37798,216,182,34,34
37799,94,98,-4,4
37800,96,95,1,1
37801,83,102,-19,19
37802,42,60,-18,18
37803,93,102,-9,9
37804,61,69,-8,8
37805,101,81,20,20
37806,118,116,2,2
37807,100,105,-5,5
37808,107,126,-19,19
37809,98,101,-3,3
37810,64,59,5,5
37811,215,214,1,1
37812,127,123,4,4
37813,91,84,7,7
37814,113,131,-18,18
37815,82,81,1,1
37816,120,125,-5,5
37817,72,70,2,2
37818,77,93,-16,16
37819,79,85,-6,6
37820,67,73,-6,6
37821,89,91,-2,2
37822,54,60,-6,6
37823,97,104,-7,7
37824,82,81,1,1
37825,91,102,-11,11
37826,83,78,5,5
37827,54,64,-10,10
37828,116,118,-2,2
37829,80,86,-6,6
37830,75,73,2,2
37831,187,190,-3,3
37832,78,86,-8,8
37833,95,101,-6,6
37834,87,88,-1,1
37835,74,77,-3,3
37836,67,64,3,3
37837,66,61,5,5
37838,78,73,5,5
37839,107,102,5,5
37840,59,55,4,4
37841,92,96,-4,4
37842,41,58,-17,17
37843,130,124,6,6
37844,100,105,-5,5
37845,88,83,5,5
37846,67,65,2,2
37847,100,90,10,10
37848,99,108,-9,9
37849,69,71,-2,2
37850,115,121,-6,6
37851,116,111,5,5
37852,49,51,-2,2
37853,91,97,-6,6
37854,67,76,-9,9
37855,105,101,4,4
37856,137,137,0,0
37857,72,85,-13,13
37858,61,62,-1,1
37859,86,81,5,5
37860,91,99,-8,8
37861,85,84,1,1
37862,83,71,12,12
37863,68,59,9,9
37864,103,94,9,9
37865,106,96,10,10
37866,139,116,23,23
37867,115,120,-5,5
37868,48,53,-5,5
37869,159,154,5,5
37870,61,59,2,2
37871,113,120,-7,7
37872,101,100,1,1
37873,77,73,4,4
37874,134,134,0,0
37875,67,59,8,8
37876,106,105,1,1
37877,57,57,0,0
37878,95,100,-5,5
37879,93,101,-8,8
37880,95,82,13,13
37881,179,176,3,3
37882,153,172,-19,19
37883,62,69,-7,7
37884,69,67,2,2
37885,165,166,-1,1
37886,180,191,-11,11
37887,87,83,4,4
37888,110,111,-1,1
37889,116,122,-6,6
37890,159,170,-11,11
37891,99,103,-4,4
37892,114,114,0,0
37893,102,95,7,7
37894,154,154,0,0
37895,91,91,0,0
37896,124,109,15,15
37897,91,88,3,3
37898,41,50,-9,9
37899,45,49,-4,4
37900,71,88,-17,17
37901,76,78,-2,2
37902,99,108,-9,9
37903,111,106,5,5
37904,97,90,7,7
37905,124,117,7,7
37906,96,102,-6,6
37907,79,68,11,11
37908,122,132,-10,10
37909,115,98,17,17
37910,89,87,2,2
37911,73,72,1,1
37912,111,116,-5,5
37913,89,100,-11,11
37914,138,131,7,7
37915,100,111,-11,11
37916,78,87,-9,9
37917,83,85,-2,2
37918,86,94,-8,8
37919,135,142,-7,7
37920,114,114,0,0
37921,56,56,0,0
37922,149,158,-9,9
37923,81,80,1,1
37924,79,79,0,0
37925,103,105,-2,2
37926,56,68,-12,12
37927,150,145,5,5
37928,78,78,0,0
37929,78,77,1,1
37930,41,50,-9,9
37931,121,110,11,11
37932,123,121,2,2
37933,76,87,-11,11
37934,103,99,4,4
37935,35,62,-27,27
37936,124,121,3,3
37937,55,60,-5,5
37938,88,85,3,3
37939,90,88,2,2
37940,120,96,24,24
37941,71,74,-3,3
37942,79,81,-2,2
37943,62,66,-4,4
37944,86,86,0,0
37945,64,66,-2,2
37946,131,141,-10,10
37947,146,138,8,8
37948,86,78,8,8
37949,98,97,1,1
37950,183,164,19,19
37951,91,91,0,0
37952,77,74,3,3
37953,142,142,0,0
37954,79,79,0,0
37955,41,52,-11,11
37956,105,109,-4,4
37957,197,188,9,9
37958,115,113,2,2
37959,71,73,-2,2
37960,140,146,-6,6
37961,130,129,1,1
37962,83,82,1,1
37963,108,125,-17,17
37964,67,70,-3,3
37965,70,84,-14,14
37966,93,97,-4,4
37967,64,72,-8,8
37968,98,117,-19,19
37969,115,116,-1,1
37970,62,59,3,3
37971,88,89,-1,1
37972,61,60,1,1
37973,198,184,14,14
37974,101,108,-7,7
37975,66,64,2,2
37976,31,57,-26,26
37977,94,91,3,3
37978,93,105,-12,12
37979,117,162,-45,45
37980,99,101,-2,2
37981,36,49,-13,13
37982,76,80,-4,4
37983,67,75,-8,8
37984,78,87,-9,9
37985,50,60,-10,10
37986,55,53,2,2
37987,92,93,-1,1
37988,94,88,6,6
37989,137,139,-2,2
37990,102,100,2,2
37991,113,106,7,7
37992,89,80,9,9
37993,124,134,-10,10
37994,82,79,3,3
37995,60,67,-7,7
37996,125,112,13,13
37997,78,85,-7,7
37998,143,137,6,6
37999,142,146,-4,4
38000,106,95,11,11
38001,124,114,10,10
38002,52,59,-7,7
38003,97,115,-18,18
38004,80,77,3,3
38005,107,115,-8,8
38006,141,140,1,1
38007,57,61,-4,4
38008,89,79,10,10
38009,104,113,-9,9
38010,154,144,10,10
38011,76,87,-11,11
38012,95,76,19,19
38013,179,165,14,14
38014,64,74,-10,10
38015,119,112,7,7
38016,108,124,-16,16
38017,114,111,3,3
38018,92,92,0,0
38019,109,107,2,2
38020,139,144,-5,5
38021,130,131,-1,1
38022,112,105,7,7
38023,123,115,8,8
38024,125,121,4,4
38025,66,62,4,4
38026,77,87,-10,10
38027,87,88,-1,1
38028,97,107,-10,10
38029,56,59,-3,3
38030,146,138,8,8
38031,71,70,1,1
38032,176,169,7,7
38033,96,90,6,6
38034,105,98,7,7
38035,127,129,-2,2
38036,82,85,-3,3
38037,137,151,-14,14
38038,120,116,4,4
38039,82,79,3,3
38040,73,68,5,5
38041,78,72,6,6
38042,83,83,0,0
38043,83,77,6,6
38044,74,77,-3,3
38045,81,80,1,1
38046,178,163,15,15
38047,96,106,-10,10
38048,48,52,-4,4
38049,74,82,-8,8
38050,143,136,7,7
38051,94,87,7,7
38052,142,142,0,0
38053,144,149,-5,5
38054,114,119,-5,5
38055,91,96,-5,5
38056,127,127,0,0
38057,65,75,-10,10
38058,152,145,7,7
38059,106,103,3,3
38060,140,136,4,4
38061,96,101,-5,5
38062,72,107,-35,35
38063,71,105,-34,34
38064,116,112,4,4
38065,156,149,7,7
38066,57,58,-1,1
38067,24,58,-34,34
38068,122,117,5,5
38069,118,111,7,7
38070,96,98,-2,2
38071,86,86,0,0
38072,163,158,5,5
38073,60,64,-4,4
38074,80,75,5,5
38075,78,75,3,3
38076,82,79,3,3
38077,113,104,9,9
38078,104,113,-9,9
38079,154,175,-21,21
38080,34,55,-21,21
38081,111,114,-3,3
38082,103,99,4,4
38083,88,84,4,4
38084,112,118,-6,6
38085,115,110,5,5
38086,60,54,6,6
38087,150,145,5,5
38088,116,114,2,2
38089,80,80,0,0
38090,112,102,10,10
38091,116,115,1,1
38092,83,87,-4,4
38093,161,150,11,11
38094,65,71,-6,6
38095,74,77,-3,3
38096,72,63,9,9
38097,185,166,19,19
38098,89,74,15,15
38099,90,90,0,0
38100,175,167,8,8
38101,96,89,7,7
38102,96,94,2,2
38103,111,113,-2,2
38104,46,48,-2,2
38105,105,121,-16,16
38106,69,72,-3,3
38107,117,115,2,2
38108,91,93,-2,2
38109,70,76,-6,6
38110,150,137,13,13
38111,122,127,-5,5
38112,98,110,-12,12
38113,100,90,10,10
38114,160,141,19,19
38115,139,136,3,3
38116,170,162,8,8
38117,79,83,-4,4
38118,132,128,4,4
38119,121,122,-1,1
38120,118,121,-3,3
38121,102,88,14,14
38122,98,95,3,3
38123,115,123,-8,8
38124,159,156,3,3
38125,92,92,0,0
38126,41,71,-30,30
38127,84,85,-1,1
38128,132,145,-13,13
38129,109,96,13,13
38130,78,85,-7,7
38131,114,105,9,9
38132,121,114,7,7
38133,93,87,6,6
38134,115,118,-3,3
38135,44,49,-5,5
38136,74,72,2,2
38137,49,55,-6,6
38138,165,162,3,3
38139,83,79,4,4
38140,158,144,14,14
38141,101,88,13,13
38142,118,116,2,2
38143,94,91,3,3
38144,117,136,-19,19
38145,109,108,1,1
38146,73,87,-14,14
38147,76,79,-3,3
38148,138,136,2,2
38149,113,108,5,5
38150,96,95,1,1
38151,73,78,-5,5
38152,112,105,7,7
38153,63,69,-6,6
38154,104,96,8,8
38155,82,87,-5,5
38156,54,60,-6,6
38157,84,82,2,2
38158,133,138,-5,5
38159,101,102,-1,1
38160,108,118,-10,10
38161,83,79,4,4
38162,78,83,-5,5
38163,82,74,8,8
38164,76,76,0,0
38165,90,84,6,6
38166,105,106,-1,1
38167,61,61,0,0
38168,102,117,-15,15
38169,104,122,-18,18
38170,72,72,0,0
38171,74,64,10,10
38172,92,95,-3,3
38173,85,82,3,3
38174,99,96,3,3
38175,111,121,-10,10
38176,67,74,-7,7
38177,76,72,4,4
38178,113,98,15,15
38179,107,104,3,3
38180,117,113,4,4
38181,116,123,-7,7
38182,97,98,-1,1
38183,125,125,0,0
38184,112,117,-5,5
38185,71,82,-11,11
38186,115,114,1,1
38187,59,82,-23,23
38188,97,94,3,3
38189,124,114,10,10
38190,45,52,-7,7
38191,87,88,-1,1
38192,103,124,-21,21
38193,64,63,1,1
38194,100,94,6,6
38195,97,86,11,11
38196,121,119,2,2
38197,111,121,-10,10
38198,74,69,5,5
38199,118,149,-31,31
38200,91,87,4,4
38201,89,91,-2,2
38202,105,88,17,17
38203,79,80,-1,1
38204,68,71,-3,3
38205,125,131,-6,6
38206,87,87,0,0
38207,123,113,10,10
38208,93,93,0,0
38209,100,95,5,5
38210,64,57,7,7
38211,108,105,3,3
38212,68,56,12,12
38213,86,88,-2,2
38214,107,95,12,12
38215,73,77,-4,4
38216,128,137,-9,9
38217,119,113,6,6
38218,54,59,-5,5
38219,72,71,1,1
38220,73,80,-7,7
38221,159,154,5,5
38222,83,87,-4,4
38223,97,91,6,6
38224,131,129,2,2
38225,69,73,-4,4
38226,86,74,12,12
38227,119,124,-5,5
38228,100,89,11,11
38229,102,110,-8,8
38230,67,67,0,0
38231,53,64,-11,11
38232,85,90,-5,5
38233,168,160,8,8
38234,61,65,-4,4
38235,77,75,2,2
38236,85,91,-6,6
38237,69,69,0,0
38238,124,122,2,2
38239,89,79,10,10
38240,148,150,-2,2
38241,143,132,11,11
38242,57,77,-20,20
38243,144,137,7,7
38244,66,68,-2,2
38245,83,97,-14,14
38246,120,119,1,1
38247,131,131,0,0
38248,51,56,-5,5
38249,77,63,14,14
38250,62,68,-6,6
38251,125,132,-7,7
38252,87,86,1,1
38253,89,87,2,2
38254,162,157,5,5
38255,109,118,-9,9
38256,126,132,-6,6
38257,87,91,-4,4
38258,87,100,-13,13
38259,116,118,-2,2
38260,51,54,-3,3
38261,65,62,3,3
38262,95,87,8,8
38263,86,78,8,8
38264,98,101,-3,3
38265,74,71,3,3
38266,87,96,-9,9
38267,113,110,3,3
38268,70,86,-16,16
38269,119,111,8,8
38270,180,172,8,8
38271,94,83,11,11
38272,67,75,-8,8
38273,85,87,-2,2
38274,147,154,-7,7
38275,79,65,14,14
38276,76,77,-1,1
38277,60,56,4,4
38278,55,61,-6,6
38279,95,97,-2,2
38280,127,113,14,14
38281,100,100,0,0
38282,85,84,1,1
38283,127,124,3,3
38284,101,89,12,12
38285,70,68,2,2
38286,102,99,3,3
38287,73,74,-1,1
38288,107,109,-2,2
38289,129,134,-5,5
38290,114,110,4,4
38291,45,54,-9,9
38292,52,54,-2,2
38293,69,73,-4,4
38294,71,72,-1,1
38295,65,67,-2,2
38296,211,178,33,33
38297,113,129,-16,16
38298,97,96,1,1
38299,60,67,-7,7
38300,184,155,29,29
38301,106,102,4,4
38302,121,120,1,1
38303,112,121,-9,9
38304,137,141,-4,4
38305,104,105,-1,1
38306,124,101,23,23
38307,72,67,5,5
38308,116,107,9,9
38309,76,73,3,3
38310,99,104,-5,5
38311,75,77,-2,2
38312,81,84,-3,3
38313,69,70,-1,1
38314,72,80,-8,8
38315,87,74,13,13
38316,93,92,1,1
38317,136,130,6,6
38318,101,92,9,9
38319,89,85,4,4
38320,112,111,1,1
38321,65,67,-2,2
38322,118,111,7,7
38323,92,86,6,6
38324,80,91,-11,11
38325,98,93,5,5
38326,70,67,3,3
38327,127,118,9,9
38328,149,131,18,18
38329,70,65,5,5
38330,139,143,-4,4
38331,82,80,2,2
38332,91,91,0,0
38333,39,84,-45,45
38334,82,92,-10,10
38335,105,102,3,3
38336,147,146,1,1
38337,104,111,-7,7
38338,117,100,17,17
38339,91,102,-11,11
38340,90,94,-4,4
38341,104,95,9,9
38342,47,56,-9,9
38343,56,60,-4,4
38344,110,114,-4,4
38345,43,62,-19,19
38346,120,114,6,6
38347,70,70,0,0
38348,75,78,-3,3
38349,77,80,-3,3
38350,72,70,2,2
38351,105,102,3,3
38352,218,200,18,18
38353,56,62,-6,6
38354,100,105,-5,5
38355,123,138,-15,15
38356,130,123,7,7
38357,63,58,5,5
38358,89,90,-1,1
38359,60,67,-7,7
38360,65,78,-13,13
38361,118,118,0,0
38362,86,89,-3,3
38363,166,174,-8,8
38364,106,107,-1,1
38365,58,63,-5,5
38366,141,128,13,13
38367,96,94,2,2
38368,106,98,8,8
38369,110,114,-4,4
38370,64,62,2,2
38371,83,81,2,2
38372,92,108,-16,16
38373,70,69,1,1
38374,122,126,-4,4
38375,86,89,-3,3
38376,105,94,11,11
38377,99,102,-3,3
38378,57,54,3,3
38379,79,78,1,1
38380,59,55,4,4
38381,70,72,-2,2
38382,104,101,3,3
38383,86,87,-1,1
38384,112,122,-10,10
38385,102,102,0,0
38386,63,66,-3,3
38387,118,114,4,4
38388,63,62,1,1
38389,104,123,-19,19
38390,86,89,-3,3
38391,167,160,7,7
38392,164,158,6,6
38393,85,87,-2,2
38394,111,115,-4,4
38395,121,112,9,9
38396,94,93,1,1
38397,77,87,-10,10
38398,35,49,-14,14
38399,95,92,3,3
38400,133,138,-5,5
38401,85,87,-2,2
38402,67,62,5,5
38403,114,116,-2,2
38404,157,153,4,4
38405,157,149,8,8
38406,94,104,-10,10
38407,54,63,-9,9
38408,64,61,3,3
38409,109,105,4,4
38410,71,73,-2,2
38411,73,79,-6,6
38412,76,81,-5,5
38413,130,119,11,11
38414,79,76,3,3
38415,142,155,-13,13
38416,89,86,3,3
38417,105,109,-4,4
38418,78,90,-12,12
38419,64,60,4,4
38420,63,68,-5,5
38421,89,89,0,0
38422,171,172,-1,1
38423,111,95,16,16
38424,86,77,9,9
38425,102,98,4,4
38426,61,60,1,1
38427,85,85,0,0
38428,134,122,12,12
38429,81,80,1,1
38430,142,143,-1,1
38431,80,76,4,4
38432,83,79,4,4
38433,121,114,7,7
38434,67,56,11,11
38435,100,118,-18,18
38436,129,128,1,1
38437,102,109,-7,7
38438,126,126,0,0
38439,98,98,0,0
38440,63,60,3,3
38441,72,76,-4,4
38442,88,95,-7,7
38443,64,67,-3,3
38444,107,116,-9,9
38445,89,81,8,8
38446,93,92,1,1
38447,146,142,4,4
38448,101,109,-8,8
38449,87,85,2,2
38450,97,98,-1,1
38451,78,62,16,16
38452,130,114,16,16
38453,85,72,13,13
38454,77,72,5,5
38455,44,50,-6,6
38456,96,92,4,4
38457,89,80,9,9
38458,117,116,1,1
38459,41,48,-7,7
38460,113,116,-3,3
38461,103,87,16,16
38462,161,149,12,12
38463,196,191,5,5
38464,64,80,-16,16
38465,82,75,7,7
38466,66,92,-26,26
38467,80,76,4,4
38468,54,62,-8,8
38469,104,109,-5,5
38470,55,55,0,0
38471,57,55,2,2
38472,49,55,-6,6
38473,70,74,-4,4
38474,74,79,-5,5
38475,33,58,-25,25
38476,83,88,-5,5
38477,89,87,2,2
38478,102,95,7,7
38479,156,167,-11,11
38480,36,50,-14,14
38481,62,58,4,4
38482,102,94,8,8
38483,87,94,-7,7
38484,50,54,-4,4
38485,89,98,-9,9
38486,100,94,6,6
38487,98,87,11,11
38488,56,59,-3,3
38489,75,70,5,5
38490,98,85,13,13
38491,117,108,9,9
38492,235,210,25,25
38493,54,55,-1,1
38494,68,62,6,6
38495,116,125,-9,9
38496,32,48,-16,16
38497,55,52,3,3
38498,82,81,1,1
38499,119,116,3,3
38500,183,186,-3,3
38501,112,83,29,29
38502,57,62,-5,5
38503,120,118,2,2
38504,77,82,-5,5
38505,68,75,-7,7
38506,126,119,7,7
38507,68,67,1,1
38508,103,93,10,10
38509,110,117,-7,7
38510,122,108,14,14
38511,100,117,-17,17
38512,74,74,0,0
38513,185,162,23,23
38514,118,130,-12,12
38515,41,56,-15,15
38516,91,91,0,0
38517,83,75,8,8
38518,79,82,-3,3
38519,82,72,10,10
38520,84,87,-3,3
38521,70,62,8,8
38522,97,104,-7,7
38523,99,101,-2,2
38524,108,103,5,5
38525,85,80,5,5
38526,132,128,4,4
38527,99,97,2,2
38528,62,55,7,7
38529,80,75,5,5
38530,96,88,8,8
38531,98,88,10,10
38532,109,109,0,0
38533,124,129,-5,5
38534,101,114,-13,13
38535,118,123,-5,5
38536,57,60,-3,3
38537,79,81,-2,2
38538,86,87,-1,1
38539,77,74,3,3
38540,132,124,8,8
38541,74,65,9,9
38542,108,107,1,1
38543,137,126,11,11
38544,102,102,0,0
38545,150,146,4,4
38546,51,53,-2,2
38547,77,71,6,6
38548,59,57,2,2
38549,42,57,-15,15
38550,141,143,-2,2
38551,132,124,8,8
38552,67,65,2,2
38553,108,102,6,6
38554,144,149,-5,5
38555,69,71,-2,2
38556,85,81,4,4
38557,64,64,0,0
38558,65,69,-4,4
38559,221,218,3,3
38560,70,66,4,4
38561,56,57,-1,1
38562,62,66,-4,4
38563,88,103,-15,15
38564,108,112,-4,4
38565,178,167,11,11
38566,74,69,5,5
38567,85,98,-13,13
38568,61,70,-9,9
38569,111,76,35,35
38570,103,112,-9,9
38571,110,108,2,2
38572,74,70,4,4
38573,172,172,0,0
38574,87,99,-12,12
38575,141,152,-11,11
38576,86,79,7,7
38577,89,106,-17,17
38578,106,87,19,19
38579,103,102,1,1
38580,115,97,18,18
38581,61,68,-7,7
38582,102,103,-1,1
38583,64,66,-2,2
38584,121,114,7,7
38585,61,66,-5,5
38586,75,72,3,3
38587,43,51,-8,8
38588,84,83,1,1
38589,118,114,4,4
38590,50,57,-7,7
38591,81,71,10,10
38592,160,156,4,4
38593,121,113,8,8
38594,77,88,-11,11
38595,124,121,3,3
38596,140,130,10,10
38597,56,59,-3,3
38598,92,85,7,7
38599,99,94,5,5
38600,169,164,5,5
38601,102,110,-8,8
38602,149,149,0,0
38603,161,168,-7,7
38604,73,78,-5,5
38605,81,85,-4,4
38606,76,76,0,0
38607,131,124,7,7
38608,155,163,-8,8
38609,87,89,-2,2
38610,62,59,3,3
38611,87,74,13,13
38612,78,87,-9,9
38613,74,72,2,2
38614,49,75,-26,26
38615,92,87,5,5
38616,133,131,2,2
38617,149,146,3,3
38618,120,123,-3,3
38619,89,81,8,8
38620,102,100,2,2
38621,62,67,-5,5
38622,57,56,1,1
38623,43,63,-20,20
38624,72,73,-1,1
38625,58,64,-6,6
38626,66,64,2,2
38627,73,78,-5,5
38628,112,94,18,18
38629,158,148,10,10
38630,70,75,-5,5
38631,136,131,5,5
38632,85,79,6,6
38633,37,48,-11,11
38634,87,92,-5,5
38635,130,139,-9,9
38636,88,89,-1,1
38637,57,60,-3,3
38638,117,115,2,2
38639,105,97,8,8
38640,75,77,-2,2
38641,153,154,-1,1
38642,90,101,-11,11
38643,130,119,11,11
38644,86,88,-2,2
38645,124,132,-8,8
38646,83,82,1,1
38647,145,130,15,15
38648,77,81,-4,4
38649,64,63,1,1
38650,129,129,0,0
38651,109,108,1,1
38652,94,90,4,4
38653,84,79,5,5
38654,64,62,2,2
38655,90,88,2,2
38656,171,168,3,3
38657,93,99,-6,6
38658,121,128,-7,7
38659,72,77,-5,5
38660,72,78,-6,6
38661,85,82,3,3
38662,86,76,10,10
38663,93,99,-6,6
38664,94,79,15,15
38665,118,123,-5,5
38666,72,62,10,10
38667,64,64,0,0
38668,127,111,16,16
38669,64,64,0,0
38670,75,78,-3,3
38671,57,61,-4,4
38672,61,62,-1,1
38673,74,85,-11,11
38674,53,64,-11,11
38675,80,83,-3,3
38676,83,82,1,1
38677,124,120,4,4
38678,81,88,-7,7
38679,84,94,-10,10
38680,128,119,9,9
38681,93,92,1,1
38682,79,83,-4,4
38683,81,100,-19,19
38684,81,82,-1,1
38685,104,108,-4,4
38686,82,79,3,3
38687,84,72,12,12
38688,71,73,-2,2
38689,62,61,1,1
38690,66,71,-5,5
38691,63,69,-6,6
38692,77,76,1,1
38693,56,58,-2,2
38694,155,150,5,5
38695,143,135,8,8
38696,75,79,-4,4
38697,92,97,-5,5
38698,108,104,4,4
38699,105,104,1,1
38700,63,58,5,5
38701,117,119,-2,2
38702,123,108,15,15
38703,69,74,-5,5
38704,119,131,-12,12
38705,92,104,-12,12
38706,94,84,10,10
38707,80,80,0,0
38708,101,97,4,4
38709,150,144,6,6
38710,92,86,6,6
38711,97,94,3,3
38712,100,97,3,3
38713,74,85,-11,11
38714,157,158,-1,1
38715,65,70,-5,5
38716,97,94,3,3
38717,79,77,2,2
38718,86,84,2,2
38719,91,85,6,6
38720,51,51,0,0
38721,110,115,-5,5
38722,106,113,-7,7
38723,50,57,-7,7
38724,76,71,5,5
38725,126,120,6,6
38726,73,71,2,2
38727,80,86,-6,6
38728,90,82,8,8
38729,94,77,17,17
38730,99,97,2,2
38731,140,130,10,10
38732,92,91,1,1
38733,96,97,-1,1
38734,107,104,3,3
38735,120,109,11,11
38736,141,137,4,4
38737,58,60,-2,2
38738,99,98,1,1
38739,75,72,3,3
38740,118,107,11,11
38741,93,92,1,1
38742,104,92,12,12
38743,81,84,-3,3
38744,107,103,4,4
38745,91,107,-16,16
38746,87,87,0,0
38747,53,59,-6,6
38748,147,144,3,3
38749,108,101,7,7
38750,76,72,4,4
38751,59,59,0,0
38752,85,95,-10,10
38753,82,86,-4,4
38754,57,61,-4,4
38755,37,51,-14,14
38756,129,131,-2,2
38757,57,58,-1,1
38758,67,68,-1,1
38759,76,72,4,4
38760,85,82,3,3
38761,130,122,8,8
38762,106,103,3,3
38763,104,117,-13,13
38764,88,90,-2,2
38765,65,52,13,13
38766,75,75,0,0
38767,145,137,8,8
38768,149,146,3,3
38769,44,50,-6,6
38770,69,63,6,6
38771,93,98,-5,5
38772,78,72,6,6
38773,63,67,-4,4
38774,78,83,-5,5
38775,85,81,4,4
38776,55,55,0,0
38777,73,89,-16,16
38778,107,111,-4,4
38779,131,123,8,8
38780,87,84,3,3
38781,40,56,-16,16
38782,139,122,17,17
38783,85,89,-4,4
38784,163,172,-9,9
38785,64,69,-5,5
38786,193,187,6,6
38787,86,96,-10,10
38788,98,99,-1,1
38789,51,58,-7,7
38790,128,126,2,2
38791,141,130,11,11
38792,84,81,3,3
38793,142,138,4,4
38794,59,70,-11,11
38795,108,102,6,6
38796,39,49,-10,10
38797,156,153,3,3
38798,107,114,-7,7
38799,99,106,-7,7
38800,166,161,5,5
38801,85,85,0,0
38802,84,84,0,0
38803,98,97,1,1
38804,76,72,4,4
38805,138,127,11,11
38806,93,89,4,4
38807,182,161,21,21
38808,149,135,14,14
38809,132,116,16,16
38810,127,118,9,9
38811,70,69,1,1
38812,57,54,3,3
38813,176,177,-1,1
38814,68,71,-3,3
38815,46,51,-5,5
38816,66,65,1,1
38817,113,119,-6,6
38818,135,137,-2,2
38819,48,51,-3,3
38820,135,132,3,3
38821,70,74,-4,4
38822,91,94,-3,3
38823,125,121,4,4
38824,109,96,13,13
38825,53,55,-2,2
38826,91,90,1,1
38827,70,69,1,1
38828,65,73,-8,8
38829,125,117,8,8
38830,72,71,1,1
38831,103,104,-1,1
38832,103,80,23,23
38833,101,78,23,23
38834,117,124,-7,7
38835,63,60,3,3
38836,164,167,-3,3
38837,57,67,-10,10
38838,120,125,-5,5
38839,133,129,4,4
38840,83,88,-5,5
38841,64,67,-3,3
38842,102,96,6,6
38843,70,70,0,0
38844,124,133,-9,9
38845,106,94,12,12
38846,156,151,5,5
38847,67,70,-3,3
38848,147,150,-3,3
38849,113,117,-4,4
38850,121,123,-2,2
38851,97,95,2,2
38852,59,67,-8,8
38853,50,66,-16,16
38854,118,105,13,13
38855,56,58,-2,2
38856,87,79,8,8
38857,89,98,-9,9
38858,65,69,-4,4
38859,62,63,-1,1
38860,138,138,0,0
38861,149,148,1,1
38862,69,64,5,5
38863,76,84,-8,8
38864,65,73,-8,8
38865,70,66,4,4
38866,133,140,-7,7
38867,77,78,-1,1
38868,93,98,-5,5
38869,105,129,-24,24
38870,67,71,-4,4
38871,84,79,5,5
38872,83,92,-9,9
38873,46,48,-2,2
38874,102,98,4,4
38875,80,75,5,5
38876,106,108,-2,2
38877,91,95,-4,4
38878,70,63,7,7
38879,213,195,18,18
38880,84,88,-4,4
38881,124,108,16,16
38882,113,109,4,4
38883,89,93,-4,4
38884,112,106,6,6
38885,78,71,7,7
38886,60,60,0,0
38887,119,108,11,11
38888,58,61,-3,3
38889,109,103,6,6
38890,113,136,-23,23
38891,101,88,13,13
38892,61,59,2,2
38893,76,83,-7,7
38894,84,78,6,6
38895,86,91,-5,5
38896,108,99,9,9
38897,102,92,10,10
38898,151,148,3,3
38899,66,66,0,0
38900,71,66,5,5
38901,66,70,-4,4
38902,131,132,-1,1
38903,49,52,-3,3
38904,99,102,-3,3
38905,69,79,-10,10
38906,72,62,10,10
38907,179,163,16,16
38908,152,145,7,7
38909,70,71,-1,1
38910,63,66,-3,3
38911,104,109,-5,5
38912,22,64,-42,42
38913,105,102,3,3
38914,174,173,1,1
38915,123,123,0,0
38916,34,49,-15,15
38917,76,80,-4,4
38918,114,109,5,5
38919,84,100,-16,16
38920,114,100,14,14
38921,236,214,22,22
38922,86,92,-6,6
38923,91,78,13,13
38924,109,110,-1,1
38925,99,88,11,11
38926,79,72,7,7
38927,51,56,-5,5
38928,201,186,15,15
38929,60,58,2,2
38930,89,90,-1,1
38931,84,83,1,1
38932,40,53,-13,13
38933,68,69,-1,1
38934,58,62,-4,4
38935,73,72,1,1
38936,121,125,-4,4
38937,55,54,1,1
38938,91,94,-3,3
38939,57,64,-7,7
38940,68,61,7,7
38941,93,76,17,17
38942,59,66,-7,7
38943,76,72,4,4
38944,99,103,-4,4
38945,85,106,-21,21
38946,113,103,10,10
38947,107,94,13,13
38948,184,174,10,10
38949,80,76,4,4
38950,99,97,2,2
38951,180,169,11,11
38952,94,105,-11,11
38953,37,47,-10,10
38954,59,67,-8,8
38955,65,62,3,3
38956,93,95,-2,2
38957,88,94,-6,6
38958,92,94,-2,2
38959,128,118,10,10
38960,111,116,-5,5
38961,128,170,-42,42
38962,48,57,-9,9
38963,116,128,-12,12
38964,54,53,1,1
38965,57,69,-12,12
38966,61,66,-5,5
38967,79,81,-2,2
38968,61,59,2,2
38969,122,121,1,1
38970,89,85,4,4
38971,121,115,6,6
38972,119,116,3,3
38973,108,120,-12,12
38974,100,102,-2,2
38975,58,60,-2,2
38976,106,97,9,9
38977,88,92,-4,4
38978,103,91,12,12
38979,31,51,-20,20
38980,34,57,-23,23
38981,87,85,2,2
38982,111,111,0,0
38983,101,102,-1,1
38984,41,54,-13,13
38985,60,63,-3,3
38986,115,112,3,3
38987,136,137,-1,1
38988,74,72,2,2
38989,84,76,8,8
38990,110,107,3,3
38991,73,77,-4,4
38992,126,126,0,0
38993,77,73,4,4
38994,129,129,0,0
38995,123,129,-6,6
38996,99,92,7,7
38997,88,72,16,16
38998,61,69,-8,8
38999,74,76,-2,2
39000,107,102,5,5
39001,122,114,8,8
39002,60,64,-4,4
39003,188,182,6,6
39004,84,79,5,5
39005,146,145,1,1
39006,154,157,-3,3
39007,114,119,-5,5
39008,117,110,7,7
39009,163,166,-3,3
39010,74,72,2,2
39011,113,108,5,5
39012,68,68,0,0
39013,137,133,4,4
39014,86,93,-7,7
39015,136,137,-1,1
39016,77,69,8,8
39017,156,147,9,9
39018,146,139,7,7
39019,62,60,2,2
39020,66,77,-11,11
39021,121,122,-1,1
39022,161,146,15,15
39023,102,113,-11,11
39024,67,64,3,3
39025,129,127,2,2
39026,120,129,-9,9
39027,174,176,-2,2
39028,179,170,9,9
39029,92,85,7,7
39030,112,115,-3,3
39031,110,101,9,9
39032,97,96,1,1
39033,68,63,5,5
39034,117,122,-5,5
39035,155,141,14,14
39036,60,65,-5,5
39037,167,145,22,22
39038,115,110,5,5
39039,134,135,-1,1
39040,48,58,-10,10
39041,89,81,8,8
39042,42,54,-12,12
39043,31,47,-16,16
39044,105,99,6,6
39045,138,130,8,8
39046,97,85,12,12
39047,83,84,-1,1
39048,54,65,-11,11
39049,65,62,3,3
39050,94,101,-7,7
39051,86,85,1,1
39052,88,95,-7,7
39053,63,61,2,2
39054,144,143,1,1
39055,62,60,2,2
39056,63,77,-14,14
39057,98,95,3,3
39058,60,56,4,4
39059,49,53,-4,4
39060,96,88,8,8
39061,71,77,-6,6
39062,120,113,7,7
39063,150,130,20,20
39064,80,75,5,5
39065,58,63,-5,5
39066,64,74,-10,10
39067,140,138,2,2
39068,124,128,-4,4
39069,97,87,10,10
39070,161,139,22,22
39071,50,61,-11,11
39072,101,108,-7,7
39073,44,51,-7,7
39074,99,102,-3,3
39075,171,156,15,15
39076,43,48,-5,5
39077,93,105,-12,12
39078,139,137,2,2
39079,120,115,5,5
39080,98,106,-8,8
39081,101,103,-2,2
39082,80,75,5,5
39083,63,57,6,6
39084,149,150,-1,1
39085,132,123,9,9
39086,71,75,-4,4
39087,92,100,-8,8
39088,61,74,-13,13
39089,110,111,-1,1
39090,67,67,0,0
39091,38,88,-50,50
39092,89,106,-17,17
39093,86,88,-2,2
39094,157,172,-15,15
39095,63,72,-9,9
39096,56,60,-4,4
39097,96,101,-5,5
39098,58,62,-4,4
39099,164,163,1,1
39100,107,106,1,1
39101,131,120,11,11
39102,119,114,5,5
39103,103,103,0,0
39104,58,59,-1,1
39105,158,141,17,17
39106,148,135,13,13
39107,107,111,-4,4
39108,108,94,14,14
39109,85,74,11,11
39110,76,81,-5,5
39111,72,63,9,9
39112,133,131,2,2
39113,71,73,-2,2
39114,90,82,8,8
39115,105,104,1,1
39116,107,109,-2,2
39117,84,81,3,3
39118,67,71,-4,4
39119,154,151,3,3
39120,63,76,-13,13
39121,182,162,20,20
39122,130,122,8,8
39123,126,129,-3,3
39124,135,130,5,5
39125,86,87,-1,1
39126,90,92,-2,2
39127,69,67,2,2
39128,99,103,-4,4
39129,81,88,-7,7
39130,92,91,1,1
39131,83,80,3,3
39132,76,70,6,6
39133,79,70,9,9
39134,59,61,-2,2
39135,100,102,-2,2
39136,60,70,-10,10
39137,76,80,-4,4
39138,110,99,11,11
39139,112,111,1,1
39140,93,95,-2,2
39141,101,102,-1,1
39142,107,111,-4,4
39143,180,171,9,9
39144,109,108,1,1
39145,85,77,8,8
39146,123,119,4,4
39147,90,92,-2,2
39148,118,118,0,0
39149,108,100,8,8
39150,95,90,5,5
39151,119,109,10,10
39152,115,97,18,18
39153,145,135,10,10
39154,46,59,-13,13
39155,59,62,-3,3
39156,127,135,-8,8
39157,114,115,-1,1
39158,101,101,0,0
39159,134,131,3,3
39160,99,99,0,0
39161,143,135,8,8
39162,136,130,6,6
39163,152,147,5,5
39164,103,103,0,0
39165,79,75,4,4
39166,83,78,5,5
39167,125,112,13,13
39168,74,92,-18,18
39169,44,51,-7,7
39170,100,107,-7,7
39171,111,109,2,2
39172,65,62,3,3
39173,102,99,3,3
39174,109,106,3,3
39175,80,71,9,9
39176,117,115,2,2
39177,121,116,5,5
39178,154,143,11,11
39179,55,61,-6,6
39180,90,91,-1,1
39181,137,116,21,21
39182,53,53,0,0
39183,137,135,2,2
39184,64,65,-1,1
39185,133,121,12,12
39186,38,47,-9,9
39187,105,89,16,16
39188,45,51,-6,6
39189,133,121,12,12
39190,121,121,0,0
39191,138,129,9,9
39192,84,73,11,11
39193,79,79,0,0
39194,48,57,-9,9
39195,51,60,-9,9
39196,90,91,-1,1
39197,79,72,7,7
39198,73,73,0,0
39199,82,72,10,10
39200,90,95,-5,5
39201,98,77,21,21
39202,56,63,-7,7
39203,100,95,5,5
39204,55,68,-13,13
39205,116,127,-11,11
39206,61,61,0,0
39207,77,73,4,4
39208,131,126,5,5
39209,115,114,1,1
39210,94,85,9,9
39211,80,75,5,5
39212,57,61,-4,4
39213,112,108,4,4
39214,98,94,4,4
39215,136,146,-10,10
39216,125,114,11,11
39217,90,99,-9,9
39218,81,84,-3,3
39219,123,120,3,3
39220,114,121,-7,7
39221,35,78,-43,43
39222,55,56,-1,1
39223,110,103,7,7
39224,52,55,-3,3
39225,191,176,15,15
39226,48,59,-11,11
39227,70,64,6,6
39228,116,118,-2,2
39229,114,117,-3,3
39230,71,75,-4,4
39231,130,114,16,16
39232,92,91,1,1
39233,111,114,-3,3
39234,150,151,-1,1
39235,112,134,-22,22
39236,85,87,-2,2
39237,75,72,3,3
39238,64,65,-1,1
39239,65,66,-1,1
39240,164,159,5,5
39241,63,80,-17,17
39242,105,105,0,0
39243,96,93,3,3
39244,102,89,13,13
39245,84,74,10,10
39246,72,81,-9,9
39247,118,122,-4,4
39248,110,108,2,2
39249,81,88,-7,7
39250,109,115,-6,6
39251,76,69,7,7
39252,64,62,2,2
39253,133,119,14,14
39254,143,131,12,12
39255,72,74,-2,2
39256,74,80,-6,6
39257,41,52,-11,11
39258,65,68,-3,3
39259,73,69,4,4
39260,63,71,-8,8
39261,175,162,13,13
39262,85,99,-14,14
39263,82,79,3,3
39264,48,51,-3,3
39265,97,92,5,5
39266,86,91,-5,5
39267,66,67,-1,1
39268,80,75,5,5
39269,84,88,-4,4
39270,90,87,3,3
39271,76,84,-8,8
39272,90,92,-2,2
39273,128,134,-6,6
39274,76,85,-9,9
39275,84,81,3,3
39276,116,119,-3,3
39277,72,79,-7,7
39278,88,81,7,7
39279,58,60,-2,2
39280,80,77,3,3
39281,122,114,8,8
39282,84,90,-6,6
39283,62,61,1,1
39284,78,72,6,6
39285,113,115,-2,2
39286,152,149,3,3
39287,68,69,-1,1
39288,72,70,2,2
39289,104,105,-1,1
39290,100,99,1,1
39291,92,86,6,6
39292,95,86,9,9
39293,66,63,3,3
39294,78,82,-4,4
39295,117,107,10,10
39296,109,88,21,21
39297,157,144,13,13
39298,100,85,15,15
39299,101,93,8,8
39300,68,60,8,8
39301,137,122,15,15
39302,144,151,-7,7
39303,152,153,-1,1
39304,121,111,10,10
39305,83,82,1,1
39306,86,99,-13,13
39307,72,66,6,6
39308,82,95,-13,13
39309,115,109,6,6
39310,44,48,-4,4
39311,130,139,-9,9
39312,84,84,0,0
39313,104,99,5,5
39314,70,63,7,7
39315,152,132,20,20
39316,66,68,-2,2
39317,137,115,22,22
39318,86,84,2,2
39319,130,110,20,20
39320,105,99,6,6
39321,79,80,-1,1
39322,79,75,4,4
39323,68,66,2,2
39324,86,85,1,1
39325,90,98,-8,8
39326,174,159,15,15
39327,41,50,-9,9
39328,109,98,11,11
39329,98,90,8,8
39330,79,82,-3,3
39331,107,115,-8,8
39332,138,142,-4,4
39333,49,48,1,1
39334,68,75,-7,7
39335,465,414,51,51
39336,102,91,11,11
39337,108,109,-1,1
39338,98,103,-5,5
39339,70,64,6,6
39340,90,90,0,0
39341,103,103,0,0
39342,84,71,13,13
39343,128,138,-10,10
39344,205,186,19,19
39345,149,139,10,10
39346,51,60,-9,9
39347,64,62,2,2
39348,155,145,10,10
39349,61,64,-3,3
39350,91,87,4,4
39351,69,75,-6,6
39352,51,61,-10,10
39353,59,56,3,3
39354,110,99,11,11
39355,145,129,16,16
39356,86,97,-11,11
39357,192,184,8,8
39358,80,71,9,9
39359,62,62,0,0
39360,116,119,-3,3
39361,94,104,-10,10
39362,60,61,-1,1
39363,128,147,-19,19
39364,129,126,3,3
39365,111,113,-2,2
39366,137,137,0,0
39367,164,150,14,14
39368,119,114,5,5
39369,90,89,1,1
39370,114,129,-15,15
39371,26,50,-24,24
39372,107,108,-1,1
39373,68,66,2,2
39374,118,119,-1,1
39375,124,119,5,5
39376,170,162,8,8
39377,61,68,-7,7
39378,136,138,-2,2
39379,196,151,45,45
39380,87,76,11,11
39381,95,106,-11,11
39382,108,111,-3,3
39383,151,146,5,5
39384,67,72,-5,5
39385,149,143,6,6
39386,113,109,4,4
39387,50,72,-22,22
39388,79,83,-4,4
39389,103,101,2,2
39390,80,77,3,3
39391,172,174,-2,2
39392,105,112,-7,7
39393,82,83,-1,1
39394,47,51,-4,4
39395,54,58,-4,4
39396,80,72,8,8
39397,64,62,2,2
39398,150,141,9,9
39399,134,132,2,2
39400,61,70,-9,9
39401,108,102,6,6
39402,116,118,-2,2
39403,101,122,-21,21
39404,81,82,-1,1
39405,90,95,-5,5
39406,71,76,-5,5
39407,119,117,2,2
39408,133,137,-4,4
39409,125,133,-8,8
39410,70,63,7,7
39411,182,171,11,11
39412,114,117,-3,3
39413,136,144,-8,8
39414,76,79,-3,3
39415,114,104,10,10
39416,46,53,-7,7
39417,97,112,-15,15
39418,70,75,-5,5
39419,63,58,5,5
39420,100,93,7,7
39421,114,108,6,6
39422,52,55,-3,3
39423,130,134,-4,4
39424,108,100,8,8
39425,133,121,12,12
39426,26,51,-25,25
39427,75,75,0,0
39428,112,122,-10,10
39429,73,65,8,8
39430,44,52,-8,8
39431,75,76,-1,1
39432,93,91,2,2
39433,60,76,-16,16
39434,83,80,3,3
39435,140,132,8,8
39436,100,102,-2,2
39437,107,100,7,7
39438,95,81,14,14
39439,111,100,11,11
39440,112,109,3,3
39441,67,72,-5,5
39442,52,53,-1,1
39443,113,102,11,11
39444,77,74,3,3
39445,135,134,1,1
39446,61,62,-1,1
39447,58,68,-10,10
39448,60,60,0,0
39449,100,97,3,3
39450,49,56,-7,7
39451,71,67,4,4
39452,104,105,-1,1
39453,49,57,-8,8
39454,141,139,2,2
39455,113,115,-2,2
39456,74,71,3,3
39457,135,137,-2,2
39458,61,65,-4,4
39459,115,120,-5,5
39460,89,95,-6,6
39461,76,75,1,1
39462,111,122,-11,11
39463,61,70,-9,9
39464,54,59,-5,5
39465,95,101,-6,6
39466,125,126,-1,1
39467,168,169,-1,1
39468,71,67,4,4
39469,80,77,3,3
39470,224,225,-1,1
39471,87,88,-1,1
39472,65,68,-3,3
39473,130,139,-9,9
39474,111,115,-4,4
39475,76,71,5,5
39476,111,110,1,1
39477,88,95,-7,7
39478,97,94,3,3
39479,118,118,0,0
39480,93,82,11,11
39481,131,124,7,7
39482,82,83,-1,1
39483,153,145,8,8
39484,76,78,-2,2
39485,105,113,-8,8
39486,38,46,-8,8
39487,56,66,-10,10
39488,75,74,1,1
39489,40,58,-18,18
39490,139,141,-2,2
39491,78,94,-16,16
39492,72,73,-1,1
39493,123,132,-9,9
39494,71,65,6,6
39495,144,141,3,3
39496,51,60,-9,9
39497,63,59,4,4
39498,51,60,-9,9
39499,98,93,5,5
39500,83,77,6,6
39501,75,85,-10,10
39502,108,108,0,0
39503,100,95,5,5
39504,61,55,6,6
39505,76,76,0,0
39506,156,209,-53,53
39507,69,67,2,2
39508,219,214,5,5
39509,112,112,0,0
39510,86,87,-1,1
39511,53,52,1,1
39512,108,105,3,3
39513,82,80,2,2
39514,89,79,10,10
39515,125,118,7,7
39516,96,113,-17,17
39517,113,110,3,3
39518,61,68,-7,7
39519,39,49,-10,10
39520,65,78,-13,13
39521,101,99,2,2
39522,188,167,21,21
39523,73,72,1,1
39524,51,62,-11,11
39525,126,127,-1,1
39526,95,119,-24,24
39527,85,103,-18,18
39528,112,99,13,13
39529,117,122,-5,5
39530,109,92,17,17
39531,47,56,-9,9
39532,63,72,-9,9
39533,92,92,0,0
39534,78,77,1,1
39535,100,94,6,6
39536,137,126,11,11
39537,163,157,6,6
39538,74,81,-7,7
39539,64,76,-12,12
39540,87,72,15,15
39541,87,87,0,0
39542,120,127,-7,7
39543,129,120,9,9
39544,137,137,0,0
39545,65,65,0,0
39546,67,67,0,0
39547,83,83,0,0
39548,91,86,5,5
39549,88,83,5,5
39550,47,56,-9,9
39551,119,119,0,0
39552,76,75,1,1
39553,96,89,7,7
39554,69,74,-5,5
39555,91,93,-2,2
39556,95,95,0,0
39557,89,99,-10,10
39558,89,80,9,9
39559,106,107,-1,1
39560,86,70,16,16
39561,119,111,8,8
39562,76,81,-5,5
39563,95,86,9,9
39564,93,88,5,5
39565,93,79,14,14
39566,87,87,0,0
39567,142,144,-2,2
39568,81,81,0,0
39569,54,55,-1,1
39570,131,122,9,9
39571,53,59,-6,6
39572,132,134,-2,2
39573,83,85,-2,2
39574,77,66,11,11
39575,86,95,-9,9
39576,135,126,9,9
39577,114,109,5,5
39578,75,87,-12,12
39579,62,72,-10,10
39580,96,92,4,4
39581,88,85,3,3
39582,58,61,-3,3
39583,55,59,-4,4
39584,70,68,2,2
39585,162,147,15,15
39586,98,87,11,11
39587,73,67,6,6
39588,52,58,-6,6
39589,86,85,1,1
39590,133,123,10,10
39591,102,102,0,0
39592,137,134,3,3
39593,58,54,4,4
39594,94,78,16,16
39595,158,148,10,10
39596,88,87,1,1
39597,81,89,-8,8
39598,88,76,12,12
39599,170,176,-6,6
39600,132,128,4,4
39601,160,158,2,2
39602,69,69,0,0
39603,78,77,1,1
39604,47,64,-17,17
39605,122,123,-1,1
39606,46,65,-19,19
39607,81,85,-4,4
39608,173,179,-6,6
39609,36,113,-77,77
39610,84,76,8,8
39611,118,105,13,13
39612,113,101,12,12
39613,162,160,2,2
39614,98,107,-9,9
39615,96,97,-1,1
39616,71,72,-1,1
39617,68,65,3,3
39618,85,80,5,5
39619,34,63,-29,29
39620,69,84,-15,15
39621,69,74,-5,5
39622,128,121,7,7
39623,99,103,-4,4
39624,121,125,-4,4
39625,179,164,15,15
39626,92,99,-7,7
39627,171,176,-5,5
39628,94,95,-1,1
39629,112,115,-3,3
39630,79,74,5,5
39631,57,62,-5,5
39632,72,77,-5,5
39633,161,142,19,19
39634,132,129,3,3
39635,126,115,11,11
39636,78,81,-3,3
39637,72,66,6,6
39638,88,93,-5,5
39639,93,91,2,2
39640,56,55,1,1
39641,179,163,16,16
39642,99,93,6,6
39643,143,131,12,12
39644,25,45,-20,20
39645,85,80,5,5
39646,50,52,-2,2
39647,110,103,7,7
39648,133,126,7,7
39649,103,94,9,9
39650,149,148,1,1
39651,146,150,-4,4
39652,65,70,-5,5
39653,117,134,-17,17
39654,53,52,1,1
39655,155,141,14,14
39656,127,127,0,0
39657,87,88,-1,1
39658,167,157,10,10
39659,74,69,5,5
39660,65,69,-4,4
39661,50,56,-6,6
39662,109,108,1,1
39663,65,65,0,0
39664,98,94,4,4
39665,128,125,3,3
39666,132,133,-1,1
39667,174,176,-2,2
39668,81,82,-1,1
39669,69,72,-3,3
39670,77,70,7,7
39671,69,67,2,2
39672,68,69,-1,1
39673,132,139,-7,7
39674,152,167,-15,15
39675,87,89,-2,2
39676,30,59,-29,29
39677,98,87,11,11
39678,99,94,5,5
39679,116,118,-2,2
39680,100,98,2,2
39681,137,130,7,7
39682,63,65,-2,2
39683,82,88,-6,6
39684,99,115,-16,16
39685,58,61,-3,3
39686,68,71,-3,3
39687,121,115,6,6
39688,91,78,13,13
39689,61,81,-20,20
39690,46,58,-12,12
39691,107,116,-9,9
39692,80,77,3,3
39693,78,80,-2,2
39694,83,76,7,7
39695,139,137,2,2
39696,113,116,-3,3
39697,109,114,-5,5
39698,168,164,4,4
39699,148,139,9,9
39700,90,80,10,10
39701,49,54,-5,5
39702,91,100,-9,9
39703,48,51,-3,3
39704,99,102,-3,3
39705,125,130,-5,5
39706,77,95,-18,18
39707,89,84,5,5
39708,85,75,10,10
39709,85,81,4,4
39710,60,61,-1,1
39711,100,96,4,4
39712,61,64,-3,3
39713,87,88,-1,1
39714,79,80,-1,1
39715,48,55,-7,7
39716,90,100,-10,10
39717,85,81,4,4
39718,77,72,5,5
39719,56,62,-6,6
39720,55,55,0,0
39721,148,146,2,2
39722,108,102,6,6
39723,69,63,6,6
39724,151,143,8,8
39725,98,84,14,14
39726,87,90,-3,3
39727,76,72,4,4
39728,84,79,5,5
39729,39,52,-13,13
39730,105,104,1,1
39731,68,90,-22,22
39732,58,69,-11,11
39733,81,79,2,2
39734,108,113,-5,5
39735,98,100,-2,2
39736,148,118,30,30
39737,71,72,-1,1
39738,108,101,7,7
39739,68,75,-7,7
39740,82,83,-1,1
39741,159,143,16,16
39742,109,96,13,13
39743,113,107,6,6
39744,106,104,2,2
39745,124,112,12,12
39746,74,74,0,0
39747,23,45,-22,22
39748,94,86,8,8
39749,69,68,1,1
39750,63,68,-5,5
39751,49,59,-10,10
39752,83,80,3,3
39753,65,65,0,0
39754,122,93,29,29
39755,110,111,-1,1
39756,145,144,1,1
39757,128,113,15,15
39758,61,56,5,5
39759,135,128,7,7
39760,62,52,10,10
39761,143,122,21,21
39762,59,61,-2,2
39763,133,130,3,3
39764,84,92,-8,8
39765,127,125,2,2
39766,75,70,5,5
39767,128,125,3,3
39768,85,89,-4,4
39769,127,116,11,11
39770,66,72,-6,6
39771,45,59,-14,14
39772,89,86,3,3
39773,82,79,3,3
39774,98,92,6,6
39775,51,82,-31,31
39776,112,115,-3,3
39777,70,72,-2,2
39778,75,58,17,17
39779,97,94,3,3
39780,59,78,-19,19
39781,51,50,1,1
39782,53,55,-2,2
39783,56,68,-12,12
39784,67,66,1,1
39785,66,72,-6,6
39786,89,89,0,0
39787,94,83,11,11
39788,77,84,-7,7
39789,41,49,-8,8
39790,85,84,1,1
39791,72,68,4,4
39792,108,111,-3,3
39793,105,105,0,0
39794,67,70,-3,3
39795,97,92,5,5
39796,76,74,2,2
39797,133,144,-11,11
39798,93,93,0,0
39799,40,49,-9,9
39800,66,64,2,2
39801,43,55,-12,12
39802,145,139,6,6
39803,135,117,18,18
39804,64,67,-3,3
39805,76,93,-17,17
39806,55,57,-2,2
39807,78,69,9,9
39808,103,100,3,3
39809,141,145,-4,4
39810,152,156,-4,4
39811,110,119,-9,9
39812,122,115,7,7
39813,78,80,-2,2
39814,82,80,2,2
39815,104,88,16,16
39816,112,105,7,7
39817,69,67,2,2
39818,48,54,-6,6
39819,60,66,-6,6
39820,54,54,0,0
39821,128,121,7,7
39822,61,58,3,3
39823,108,119,-11,11
39824,86,85,1,1
39825,74,82,-8,8
39826,168,164,4,4
39827,76,74,2,2
39828,80,79,1,1
39829,96,88,8,8
39830,74,74,0,0
39831,59,58,1,1
39832,143,141,2,2
39833,68,62,6,6
39834,76,78,-2,2
39835,97,101,-4,4
39836,66,69,-3,3
39837,94,91,3,3
39838,159,150,9,9
39839,76,68,8,8
39840,121,123,-2,2
39841,123,126,-3,3
39842,80,79,1,1
39843,77,79,-2,2
39844,52,57,-5,5
39845,115,122,-7,7
39846,180,159,21,21
39847,70,67,3,3
39848,79,85,-6,6
39849,112,100,12,12
39850,89,91,-2,2
39851,83,82,1,1
39852,108,114,-6,6
39853,67,70,-3,3
39854,86,85,1,1
39855,82,88,-6,6
39856,156,155,1,1
39857,141,130,11,11
39858,154,147,7,7
39859,63,64,-1,1
39860,52,54,-2,2
39861,122,114,8,8
39862,69,78,-9,9
39863,93,90,3,3
39864,106,113,-7,7
39865,76,87,-11,11
39866,97,88,9,9
39867,96,95,1,1
39868,116,117,-1,1
39869,98,101,-3,3
39870,89,84,5,5
39871,137,141,-4,4
39872,88,74,14,14
39873,115,116,-1,1
39874,135,132,3,3
39875,99,102,-3,3
39876,68,73,-5,5
39877,98,97,1,1
39878,119,113,6,6
39879,77,72,5,5
39880,74,82,-8,8
39881,115,112,3,3
39882,67,67,0,0
39883,79,85,-6,6
39884,107,113,-6,6
39885,83,81,2,2
39886,74,80,-6,6
39887,160,160,0,0
39888,56,63,-7,7
39889,74,72,2,2
39890,95,98,-3,3
39891,141,148,-7,7
39892,98,97,1,1
39893,84,86,-2,2
39894,118,112,6,6
39895,58,55,3,3
39896,54,61,-7,7
39897,74,74,0,0
39898,69,72,-3,3
39899,123,109,14,14
39900,59,59,0,0
39901,50,58,-8,8
39902,56,53,3,3
39903,55,63,-8,8
39904,145,134,11,11
39905,89,85,4,4
39906,74,66,8,8
39907,67,68,-1,1
39908,100,105,-5,5
39909,99,98,1,1
39910,64,70,-6,6
39911,49,63,-14,14
39912,144,146,-2,2
39913,65,66,-1,1
39914,57,62,-5,5
39915,74,74,0,0
39916,82,86,-4,4
39917,80,75,5,5
39918,167,182,-15,15
39919,55,55,0,0
39920,98,101,-3,3
39921,69,69,0,0
39922,60,61,-1,1
39923,149,144,5,5
39924,170,167,3,3
39925,56,60,-4,4
39926,120,114,6,6
39927,114,117,-3,3
39928,123,123,0,0
39929,67,76,-9,9
39930,145,140,5,5
39931,72,69,3,3
39932,85,81,4,4
39933,117,115,2,2
39934,87,108,-21,21
39935,66,70,-4,4
39936,116,124,-8,8
39937,53,67,-14,14
39938,109,102,7,7
39939,26,47,-21,21
39940,51,54,-3,3
39941,65,59,6,6
39942,89,79,10,10
39943,110,93,17,17
39944,70,71,-1,1
39945,46,56,-10,10
39946,119,118,1,1
39947,127,122,5,5
39948,95,91,4,4
39949,68,69,-1,1
39950,73,72,1,1
39951,112,107,5,5
39952,152,159,-7,7
39953,83,81,2,2
39954,115,113,2,2
39955,131,113,18,18
39956,49,50,-1,1
39957,118,99,19,19
39958,94,83,11,11
39959,120,123,-3,3
39960,64,74,-10,10
39961,145,140,5,5
39962,63,68,-5,5
39963,62,62,0,0
39964,55,56,-1,1
39965,113,122,-9,9
39966,62,84,-22,22
39967,80,76,4,4
39968,100,95,5,5
39969,72,75,-3,3
39970,75,71,4,4
39971,104,101,3,3
39972,56,59,-3,3
39973,116,126,-10,10
39974,87,89,-2,2
39975,109,109,0,0
39976,107,114,-7,7
39977,63,66,-3,3
39978,127,134,-7,7
39979,124,110,14,14
39980,67,63,4,4
39981,229,184,45,45
39982,144,127,17,17
39983,110,112,-2,2
39984,70,67,3,3
39985,102,99,3,3
39986,153,133,20,20
39987,82,81,1,1
39988,50,53,-3,3
39989,54,60,-6,6
39990,97,89,8,8
39991,75,79,-4,4
39992,83,77,6,6
39993,88,85,3,3
39994,129,120,9,9
39995,91,79,12,12
39996,115,103,12,12
39997,96,96,0,0
39998,177,175,2,2
39999,109,111,-2,2
40000,91,91,0,0
40001,102,98,4,4
40002,75,67,8,8
40003,67,69,-2,2
40004,85,85,0,0
40005,133,126,7,7
40006,122,121,1,1
40007,99,98,1,1
40008,72,76,-4,4
40009,80,83,-3,3
40010,61,62,-1,1
40011,118,109,9,9
40012,112,112,0,0
40013,69,75,-6,6
40014,156,155,1,1
40015,140,136,4,4
40016,55,56,-1,1
40017,85,92,-7,7
40018,104,97,7,7
40019,113,109,4,4
40020,61,68,-7,7
40021,110,116,-6,6
40022,142,129,13,13
40023,93,89,4,4
40024,49,53,-4,4
40025,139,142,-3,3
40026,42,50,-8,8
40027,80,72,8,8
40028,138,134,4,4
40029,148,149,-1,1
40030,28,58,-30,30
40031,54,59,-5,5
40032,85,77,8,8
40033,84,80,4,4
40034,161,145,16,16
40035,80,76,4,4
40036,108,124,-16,16
40037,91,92,-1,1
40038,92,84,8,8
40039,92,101,-9,9
40040,91,87,4,4
40041,146,135,11,11
40042,59,69,-10,10
40043,109,99,10,10
40044,67,69,-2,2
40045,89,93,-4,4
40046,156,140,16,16
40047,106,100,6,6
40048,71,72,-1,1
40049,161,153,8,8
40050,97,94,3,3
40051,95,90,5,5
40052,128,130,-2,2
40053,79,91,-12,12
40054,127,138,-11,11
40055,88,90,-2,2
40056,63,62,1,1
40057,47,55,-8,8
40058,67,77,-10,10
40059,44,49,-5,5
40060,70,65,5,5
40061,59,57,2,2
40062,115,113,2,2
40063,123,129,-6,6
40064,49,53,-4,4
40065,81,80,1,1
40066,55,58,-3,3
40067,105,97,8,8
40068,120,118,2,2
40069,95,99,-4,4
40070,73,76,-3,3
40071,76,77,-1,1
40072,95,92,3,3
40073,35,47,-12,12
40074,85,79,6,6
40075,65,82,-17,17
40076,125,125,0,0
40077,62,60,2,2
40078,95,95,0,0
40079,139,135,4,4
40080,77,82,-5,5
40081,65,62,3,3
40082,53,60,-7,7
40083,83,74,9,9
40084,62,53,9,9
40085,74,71,3,3
40086,32,47,-15,15
40087,67,70,-3,3
40088,134,123,11,11
40089,78,86,-8,8
40090,88,85,3,3
40091,81,83,-2,2
40092,60,68,-8,8
40093,117,103,14,14
40094,61,62,-1,1
40095,147,145,2,2
40096,217,194,23,23
40097,84,84,0,0
40098,67,65,2,2
40099,158,175,-17,17
40100,51,58,-7,7
40101,91,93,-2,2
40102,72,67,5,5
40103,121,124,-3,3
40104,76,71,5,5
40105,117,110,7,7
40106,63,64,-1,1
40107,82,90,-8,8
40108,87,99,-12,12
40109,77,75,2,2
40110,67,69,-2,2
40111,129,109,20,20
40112,56,55,1,1
40113,60,71,-11,11
40114,130,118,12,12
40115,106,116,-10,10
40116,73,69,4,4
40117,89,89,0,0
40118,85,94,-9,9
40119,71,65,6,6
40120,206,196,10,10
40121,142,147,-5,5
40122,106,108,-2,2
40123,98,96,2,2
40124,60,72,-12,12
40125,113,114,-1,1
40126,57,61,-4,4
40127,73,72,1,1
40128,186,161,25,25
40129,87,95,-8,8
40130,122,116,6,6
40131,80,87,-7,7
40132,130,119,11,11
40133,106,103,3,3
40134,175,196,-21,21
40135,135,128,7,7
40136,115,113,2,2
40137,80,76,4,4
40138,125,111,14,14
40139,85,93,-8,8
40140,85,78,7,7
40141,143,137,6,6
40142,92,88,4,4
40143,74,64,10,10
40144,66,75,-9,9
40145,68,66,2,2
40146,103,93,10,10
40147,82,82,0,0
40148,57,62,-5,5
40149,102,112,-10,10
40150,117,116,1,1
40151,79,82,-3,3
40152,179,152,27,27
40153,111,119,-8,8
40154,59,66,-7,7
40155,90,87,3,3
40156,82,108,-26,26
40157,120,116,4,4
40158,89,89,0,0
40159,76,75,1,1
40160,74,68,6,6
40161,54,58,-4,4
40162,51,59,-8,8
40163,71,77,-6,6
40164,116,98,18,18
40165,84,77,7,7
40166,107,101,6,6
40167,83,81,2,2
40168,170,160,10,10
40169,118,119,-1,1
40170,115,110,5,5
40171,78,88,-10,10
40172,155,147,8,8
40173,143,145,-2,2
40174,80,87,-7,7
40175,64,76,-12,12
40176,97,87,10,10
40177,92,91,1,1
40178,63,66,-3,3
40179,196,173,23,23
40180,70,79,-9,9
40181,95,96,-1,1
40182,73,73,0,0
40183,64,74,-10,10
40184,86,96,-10,10
40185,93,97,-4,4
40186,81,77,4,4
40187,132,104,28,28
40188,89,72,17,17
40189,80,69,11,11
40190,61,64,-3,3
40191,148,154,-6,6
40192,104,100,4,4
40193,105,106,-1,1
40194,94,86,8,8
40195,72,74,-2,2
40196,71,74,-3,3
40197,115,113,2,2
40198,100,96,4,4
40199,64,66,-2,2
40200,88,95,-7,7
40201,175,185,-10,10
40202,153,161,-8,8
40203,58,57,1,1
40204,143,150,-7,7
40205,49,56,-7,7
40206,62,59,3,3
40207,72,73,-1,1
40208,112,113,-1,1
40209,90,84,6,6
40210,88,84,4,4
40211,92,88,4,4
40212,25,65,-40,40
40213,97,93,4,4
40214,133,122,11,11
40215,86,86,0,0
40216,81,78,3,3
40217,164,153,11,11
40218,64,61,3,3
40219,79,78,1,1
40220,108,109,-1,1
40221,62,69,-7,7
40222,84,83,1,1
40223,187,189,-2,2
40224,70,80,-10,10
40225,119,108,11,11
40226,86,88,-2,2
40227,118,112,6,6
40228,79,85,-6,6
40229,77,79,-2,2
40230,85,91,-6,6
40231,107,97,10,10
40232,76,77,-1,1
40233,54,48,6,6
40234,66,66,0,0
40235,64,72,-8,8
40236,56,74,-18,18
40237,147,152,-5,5
40238,92,78,14,14
40239,119,112,7,7
40240,61,71,-10,10
40241,112,105,7,7
40242,116,123,-7,7
40243,68,77,-9,9
40244,153,151,2,2
40245,114,125,-11,11
40246,115,112,3,3
40247,91,90,1,1
40248,68,73,-5,5
40249,111,107,4,4
40250,79,71,8,8
40251,57,66,-9,9
40252,114,115,-1,1
40253,66,71,-5,5
40254,96,80,16,16
40255,83,94,-11,11
40256,93,81,12,12
40257,83,75,8,8
40258,80,76,4,4
40259,82,82,0,0
40260,114,115,-1,1
40261,49,68,-19,19
40262,67,74,-7,7
40263,79,78,1,1
40264,77,76,1,1
40265,64,66,-2,2
40266,177,171,6,6
40267,71,76,-5,5
40268,99,93,6,6
40269,90,88,2,2
40270,107,105,2,2
40271,103,93,10,10
40272,144,141,3,3
40273,81,75,6,6
40274,69,71,-2,2
40275,63,79,-16,16
40276,105,106,-1,1
40277,100,91,9,9
40278,118,122,-4,4
40279,89,77,12,12
40280,90,87,3,3
40281,88,91,-3,3
40282,69,62,7,7
40283,59,61,-2,2
40284,84,81,3,3
40285,143,146,-3,3
40286,112,124,-12,12
40287,143,155,-12,12
40288,78,70,8,8
40289,38,52,-14,14
40290,107,96,11,11
40291,57,60,-3,3
40292,62,92,-30,30
40293,79,84,-5,5
40294,72,74,-2,2
40295,85,81,4,4
40296,83,86,-3,3
40297,69,66,3,3
40298,62,61,1,1
40299,80,81,-1,1
40300,55,65,-10,10
40301,77,74,3,3
40302,77,87,-10,10
40303,81,89,-8,8
40304,88,87,1,1
40305,75,85,-10,10
40306,103,105,-2,2
40307,63,61,2,2
40308,115,101,14,14
40309,149,152,-3,3
40310,48,50,-2,2
40311,67,63,4,4
40312,167,148,19,19
40313,116,116,0,0
40314,40,60,-20,20
40315,93,95,-2,2
40316,98,91,7,7
40317,105,95,10,10
40318,150,140,10,10
40319,174,148,26,26
40320,156,140,16,16
40321,61,98,-37,37
40322,124,130,-6,6
40323,61,59,2,2
40324,58,62,-4,4
40325,147,150,-3,3
40326,80,89,-9,9
40327,115,101,14,14
40328,139,137,2,2
40329,73,74,-1,1
40330,208,202,6,6
40331,92,96,-4,4
40332,63,61,2,2
40333,126,118,8,8
40334,31,46,-15,15
40335,55,67,-12,12
40336,154,148,6,6
40337,110,112,-2,2
40338,62,60,2,2
40339,124,122,2,2
40340,81,73,8,8
40341,78,72,6,6
40342,122,134,-12,12
40343,110,120,-10,10
40344,100,86,14,14
40345,112,111,1,1
40346,58,59,-1,1
40347,92,87,5,5
40348,143,141,2,2
40349,76,73,3,3
40350,62,69,-7,7
40351,72,75,-3,3
40352,96,102,-6,6
40353,98,98,0,0
40354,209,186,23,23
40355,81,79,2,2
40356,65,70,-5,5
40357,111,101,10,10
40358,158,155,3,3
40359,106,111,-5,5
40360,124,114,10,10
40361,90,83,7,7
40362,95,94,1,1
40363,86,88,-2,2
40364,89,81,8,8
40365,59,69,-10,10
40366,132,121,11,11
40367,91,74,17,17
40368,90,85,5,5
40369,85,87,-2,2
40370,77,89,-12,12
40371,68,61,7,7
40372,77,84,-7,7
40373,125,132,-7,7
40374,53,55,-2,2
40375,100,108,-8,8
40376,128,129,-1,1
40377,78,69,9,9
40378,73,90,-17,17
40379,79,78,1,1
40380,89,91,-2,2
40381,101,100,1,1
40382,93,106,-13,13
40383,93,92,1,1
40384,62,66,-4,4
40385,113,116,-3,3
40386,117,114,3,3
40387,133,127,6,6
40388,107,115,-8,8
40389,64,88,-24,24
40390,48,56,-8,8
40391,103,102,1,1
40392,91,98,-7,7
40393,121,128,-7,7
40394,109,113,-4,4
40395,92,91,1,1
40396,118,109,9,9
40397,82,84,-2,2
40398,76,66,10,10
40399,98,91,7,7
40400,118,108,10,10
40401,124,131,-7,7
40402,120,102,18,18
40403,85,91,-6,6
40404,112,110,2,2
40405,88,87,1,1
40406,65,58,7,7
40407,48,49,-1,1
40408,66,76,-10,10
40409,106,81,25,25
40410,174,150,24,24
40411,161,155,6,6
40412,42,74,-32,32
40413,65,72,-7,7
40414,47,58,-11,11
40415,100,111,-11,11
40416,91,87,4,4
40417,59,61,-2,2
40418,77,86,-9,9
40419,83,80,3,3
40420,91,84,7,7
40421,91,87,4,4
40422,163,163,0,0
40423,89,84,5,5
40424,144,148,-4,4
40425,107,112,-5,5
40426,75,65,10,10
40427,210,211,-1,1
40428,168,162,6,6
40429,116,97,19,19
40430,67,77,-10,10
40431,66,68,-2,2
40432,23,44,-21,21
40433,99,94,5,5
40434,66,68,-2,2
40435,56,57,-1,1
40436,92,84,8,8
40437,132,126,6,6
40438,67,73,-6,6
40439,42,54,-12,12
40440,123,123,0,0
40441,44,50,-6,6
40442,117,115,2,2
40443,109,107,2,2
40444,106,102,4,4
40445,92,92,0,0
40446,88,79,9,9
40447,74,77,-3,3
40448,114,127,-13,13
40449,146,131,15,15
40450,105,102,3,3
40451,91,95,-4,4
40452,124,121,3,3
40453,178,170,8,8
40454,98,93,5,5
40455,145,154,-9,9
40456,76,77,-1,1
40457,100,99,1,1
40458,128,108,20,20
40459,152,148,4,4
40460,40,52,-12,12
40461,65,70,-5,5
40462,107,112,-5,5
40463,90,85,5,5
40464,100,106,-6,6
40465,71,85,-14,14
40466,55,61,-6,6
40467,80,85,-5,5
40468,131,110,21,21
40469,28,48,-20,20
40470,93,95,-2,2
40471,149,159,-10,10
40472,88,91,-3,3
40473,50,58,-8,8
40474,82,90,-8,8
40475,125,117,8,8
40476,131,118,13,13
40477,93,102,-9,9
40478,83,81,2,2
40479,149,157,-8,8
40480,74,81,-7,7
40481,124,125,-1,1
40482,174,155,19,19
40483,83,112,-29,29
40484,119,123,-4,4
40485,85,80,5,5
40486,70,64,6,6
40487,197,193,4,4
40488,131,127,4,4
40489,130,122,8,8
40490,73,79,-6,6
40491,97,91,6,6
40492,85,94,-9,9
40493,198,178,20,20
40494,100,95,5,5
40495,81,84,-3,3
40496,71,75,-4,4
40497,97,98,-1,1
40498,77,89,-12,12
40499,88,88,0,0
40500,90,82,8,8
40501,74,76,-2,2
40502,70,72,-2,2
40503,63,63,0,0
40504,149,141,8,8
40505,97,88,9,9
40506,65,70,-5,5
40507,81,78,3,3
40508,100,98,2,2
40509,79,88,-9,9
40510,106,105,1,1
40511,79,85,-6,6
40512,137,137,0,0
40513,82,89,-7,7
40514,68,58,10,10
40515,100,91,9,9
40516,40,51,-11,11
40517,57,59,-2,2
40518,73,76,-3,3
40519,85,87,-2,2
40520,135,129,6,6
40521,126,124,2,2
40522,158,156,2,2
40523,110,108,2,2
40524,125,131,-6,6
40525,115,108,7,7
40526,112,116,-4,4
40527,71,75,-4,4
40528,121,141,-20,20
40529,97,107,-10,10
40530,104,101,3,3
40531,97,97,0,0
40532,54,57,-3,3
40533,76,77,-1,1
40534,132,109,23,23
40535,98,105,-7,7
40536,107,103,4,4
40537,119,113,6,6
40538,125,119,6,6
40539,96,97,-1,1
40540,49,53,-4,4
40541,89,77,12,12
40542,101,92,9,9
40543,86,96,-10,10
40544,43,53,-10,10
40545,40,59,-19,19
40546,109,107,2,2
40547,49,57,-8,8
40548,99,99,0,0
40549,120,99,21,21
40550,70,82,-12,12
40551,177,166,11,11
40552,59,73,-14,14
40553,90,92,-2,2
40554,99,97,2,2
40555,99,101,-2,2
40556,113,104,9,9
40557,87,81,6,6
40558,120,119,1,1
40559,122,109,13,13
40560,156,156,0,0
40561,90,83,7,7
40562,109,109,0,0
40563,59,69,-10,10
40564,110,114,-4,4
40565,64,64,0,0
40566,76,75,1,1
40567,93,89,4,4
40568,81,84,-3,3
40569,155,149,6,6
40570,77,90,-13,13
40571,52,55,-3,3
40572,48,51,-3,3
40573,94,98,-4,4
40574,72,77,-5,5
40575,78,94,-16,16
40576,108,103,5,5
40577,74,82,-8,8
40578,67,68,-1,1
40579,88,81,7,7
40580,127,126,1,1
40581,88,102,-14,14
40582,53,68,-15,15
40583,101,102,-1,1
40584,105,101,4,4
40585,120,120,0,0
40586,63,72,-9,9
40587,50,57,-7,7
40588,67,66,1,1
40589,121,123,-2,2
40590,76,76,0,0
40591,95,79,16,16
40592,97,98,-1,1
40593,63,71,-8,8
40594,135,131,4,4
40595,61,64,-3,3
40596,79,76,3,3
40597,133,127,6,6
40598,97,103,-6,6
40599,78,67,11,11
40600,96,90,6,6
40601,47,50,-3,3
40602,139,127,12,12
40603,99,93,6,6
40604,113,101,12,12
40605,94,92,2,2
40606,100,106,-6,6
40607,71,80,-9,9
40608,102,106,-4,4
40609,113,109,4,4
40610,85,86,-1,1
40611,75,67,8,8
40612,62,56,6,6
40613,111,88,23,23
40614,80,77,3,3
40615,117,115,2,2
40616,107,105,2,2
40617,75,77,-2,2
40618,82,85,-3,3
40619,73,75,-2,2
40620,110,108,2,2
40621,115,112,3,3
40622,151,148,3,3
40623,60,66,-6,6
40624,51,57,-6,6
40625,76,73,3,3
40626,115,109,6,6
40627,79,79,0,0
40628,85,88,-3,3
40629,84,86,-2,2
40630,136,125,11,11
40631,76,80,-4,4
40632,30,53,-23,23
40633,141,136,5,5
40634,83,80,3,3
40635,81,86,-5,5
40636,79,85,-6,6
40637,113,111,2,2
40638,88,80,8,8
40639,145,170,-25,25
40640,156,154,2,2
40641,80,92,-12,12
40642,103,101,2,2
40643,116,112,4,4
40644,76,72,4,4
40645,123,124,-1,1
40646,93,89,4,4
40647,103,109,-6,6
40648,67,66,1,1
40649,102,110,-8,8
40650,92,82,10,10
40651,86,86,0,0
40652,56,59,-3,3
40653,80,86,-6,6
40654,137,136,1,1
40655,48,63,-15,15
40656,87,71,16,16
40657,112,119,-7,7
40658,74,69,5,5
40659,87,88,-1,1
40660,101,108,-7,7
40661,58,66,-8,8
40662,116,112,4,4
40663,97,90,7,7
40664,65,64,1,1
40665,98,87,11,11
40666,98,89,9,9
40667,156,146,10,10
40668,88,89,-1,1
40669,85,91,-6,6
40670,64,58,6,6
40671,72,73,-1,1
40672,107,114,-7,7
40673,87,103,-16,16
40674,115,117,-2,2
40675,102,89,13,13
40676,120,110,10,10
40677,87,94,-7,7
40678,81,85,-4,4
40679,53,56,-3,3
40680,71,86,-15,15
40681,78,76,2,2
40682,104,101,3,3
40683,113,120,-7,7
40684,51,53,-2,2
40685,65,69,-4,4
40686,109,129,-20,20
40687,78,85,-7,7
40688,105,94,11,11
40689,93,99,-6,6
40690,103,100,3,3
40691,113,101,12,12
40692,77,85,-8,8
40693,135,130,5,5
40694,82,69,13,13
40695,84,80,4,4
40696,56,65,-9,9
40697,54,54,0,0
40698,146,135,11,11
40699,149,146,3,3
40700,91,81,10,10
40701,61,58,3,3
40702,117,127,-10,10
40703,46,50,-4,4
40704,159,153,6,6
40705,94,86,8,8
40706,153,138,15,15
40707,108,104,4,4
40708,85,79,6,6
40709,69,73,-4,4
40710,295,239,56,56
40711,74,73,1,1
40712,103,102,1,1
40713,80,78,2,2
40714,68,69,-1,1
40715,120,127,-7,7
40716,86,88,-2,2
40717,118,115,3,3
40718,74,78,-4,4
40719,99,87,12,12
40720,76,73,3,3
40721,134,125,9,9
40722,97,110,-13,13
40723,66,73,-7,7
40724,92,102,-10,10
40725,50,57,-7,7
40726,83,90,-7,7
40727,98,99,-1,1
40728,72,72,0,0
40729,71,73,-2,2
40730,71,77,-6,6
40731,78,83,-5,5
40732,81,82,-1,1
40733,126,127,-1,1
40734,71,69,2,2
40735,70,69,1,1
40736,141,140,1,1
40737,75,67,8,8
40738,85,79,6,6
40739,89,90,-1,1
40740,82,82,0,0
40741,174,161,13,13
40742,77,75,2,2
40743,113,121,-8,8
40744,165,167,-2,2
40745,55,53,2,2
40746,94,82,12,12
40747,81,86,-5,5
40748,103,99,4,4
40749,87,78,9,9
40750,68,81,-13,13
40751,205,213,-8,8
40752,85,88,-3,3
40753,66,62,4,4
40754,68,66,2,2
40755,87,85,2,2
40756,101,91,10,10
40757,115,111,4,4
40758,69,65,4,4
40759,144,139,5,5
40760,97,91,6,6
40761,107,110,-3,3
40762,88,99,-11,11
40763,138,134,4,4
40764,90,80,10,10
40765,129,139,-10,10
40766,66,65,1,1
40767,75,73,2,2
40768,118,112,6,6
40769,99,96,3,3
40770,77,71,6,6
40771,89,85,4,4
40772,95,97,-2,2
40773,56,54,2,2
40774,115,115,0,0
40775,59,64,-5,5
40776,117,117,0,0
40777,110,112,-2,2
40778,120,102,18,18
40779,98,84,14,14
40780,121,125,-4,4
40781,100,84,16,16
40782,85,82,3,3
40783,106,103,3,3
40784,165,156,9,9
40785,65,70,-5,5
40786,58,58,0,0
40787,165,165,0,0
40788,56,60,-4,4
40789,62,71,-9,9
40790,85,75,10,10
40791,93,98,-5,5
40792,57,62,-5,5
40793,97,97,0,0
40794,96,100,-4,4
40795,45,51,-6,6
40796,114,112,2,2
40797,77,70,7,7
40798,77,84,-7,7
40799,89,82,7,7
40800,70,67,3,3
40801,84,88,-4,4
40802,89,107,-18,18
40803,104,108,-4,4
40804,88,86,2,2
40805,68,71,-3,3
40806,67,70,-3,3
40807,51,53,-2,2
40808,144,151,-7,7
40809,135,132,3,3
40810,89,91,-2,2
40811,122,116,6,6
40812,110,104,6,6
40813,81,82,-1,1
40814,147,156,-9,9
40815,60,60,0,0
40816,137,147,-10,10
40817,110,110,0,0
40818,125,123,2,2
40819,89,93,-4,4
40820,129,144,-15,15
40821,70,63,7,7
40822,149,151,-2,2
40823,72,85,-13,13
40824,96,101,-5,5
40825,76,79,-3,3
40826,154,152,2,2
40827,220,196,24,24
40828,106,108,-2,2
40829,95,101,-6,6
40830,158,161,-3,3
40831,140,140,0,0
40832,86,87,-1,1
40833,96,84,12,12
40834,100,95,5,5
40835,70,79,-9,9
40836,64,66,-2,2
40837,147,143,4,4
40838,75,76,-1,1
40839,80,76,4,4
40840,161,148,13,13
40841,83,100,-17,17
40842,89,78,11,11
40843,169,160,9,9
40844,85,85,0,0
40845,151,155,-4,4
40846,85,79,6,6
40847,61,68,-7,7
40848,62,63,-1,1
40849,118,111,7,7
40850,97,94,3,3
40851,118,114,4,4
40852,104,89,15,15
40853,44,48,-4,4
40854,101,96,5,5
40855,69,73,-4,4
40856,52,59,-7,7
40857,115,116,-1,1
40858,56,55,1,1
40859,110,122,-12,12
40860,96,121,-25,25
40861,88,85,3,3
40862,94,94,0,0
40863,60,59,1,1
40864,108,107,1,1
40865,114,101,13,13
40866,87,88,-1,1
40867,102,100,2,2
40868,75,66,9,9
40869,56,52,4,4
40870,123,132,-9,9
40871,29,52,-23,23
40872,70,84,-14,14
40873,87,82,5,5
40874,48,61,-13,13
40875,108,105,3,3
40876,164,166,-2,2
40877,125,110,15,15
40878,66,67,-1,1
40879,190,181,9,9
40880,91,88,3,3
40881,116,93,23,23
40882,96,95,1,1
40883,86,85,1,1
40884,157,165,-8,8
40885,149,137,12,12
40886,54,59,-5,5
40887,81,84,-3,3
40888,97,105,-8,8
40889,128,122,6,6
40890,96,96,0,0
40891,121,123,-2,2
40892,131,125,6,6
40893,133,121,12,12
40894,130,126,4,4
40895,97,88,9,9
40896,68,76,-8,8
40897,118,106,12,12
40898,91,87,4,4
40899,90,105,-15,15
40900,65,64,1,1
40901,143,128,15,15
40902,80,67,13,13
40903,96,74,22,22
40904,104,97,7,7
40905,112,113,-1,1
40906,86,86,0,0
40907,91,90,1,1
40908,205,178,27,27
40909,73,84,-11,11
40910,101,94,7,7
40911,73,75,-2,2
40912,90,84,6,6
40913,191,196,-5,5
40914,90,91,-1,1
40915,149,148,1,1
40916,73,84,-11,11
40917,152,154,-2,2
40918,115,109,6,6
40919,88,92,-4,4
40920,86,83,3,3
40921,103,100,3,3
40922,37,51,-14,14
40923,83,75,8,8
40924,76,69,7,7
40925,56,55,1,1
40926,130,127,3,3
40927,67,62,5,5
40928,78,73,5,5
40929,105,104,1,1
40930,101,97,4,4
40931,88,81,7,7
40932,83,86,-3,3
40933,108,108,0,0
40934,67,65,2,2
40935,107,103,4,4
40936,43,52,-9,9
40937,71,78,-7,7
40938,99,89,10,10
40939,120,128,-8,8
40940,132,120,12,12
40941,30,57,-27,27
40942,88,88,0,0
40943,82,96,-14,14
40944,59,65,-6,6
40945,68,67,1,1
40946,120,108,12,12
40947,60,61,-1,1
40948,103,99,4,4
40949,110,106,4,4
40950,114,109,5,5
40951,90,88,2,2
40952,192,183,9,9
40953,100,101,-1,1
40954,119,119,0,0
40955,91,82,9,9
40956,98,94,4,4
40957,51,52,-1,1
40958,94,91,3,3
40959,98,102,-4,4
40960,71,65,6,6
40961,106,122,-16,16
40962,78,82,-4,4
40963,66,70,-4,4
40964,79,81,-2,2
40965,85,85,0,0
40966,147,148,-1,1
40967,68,71,-3,3
40968,66,67,-1,1
40969,81,79,2,2
40970,133,131,2,2
40971,120,114,6,6
40972,71,75,-4,4
40973,169,171,-2,2
40974,159,153,6,6
40975,57,66,-9,9
40976,73,76,-3,3
40977,44,50,-6,6
40978,85,89,-4,4
40979,49,62,-13,13
40980,54,53,1,1
40981,89,84,5,5
40982,62,68,-6,6
40983,88,83,5,5
40984,93,101,-8,8
40985,66,69,-3,3
40986,69,70,-1,1
40987,138,153,-15,15
40988,88,89,-1,1
40989,102,107,-5,5
40990,45,51,-6,6
40991,48,54,-6,6
40992,106,116,-10,10
40993,158,133,25,25
40994,125,119,6,6
40995,64,82,-18,18
40996,153,156,-3,3
40997,66,66,0,0
40998,87,90,-3,3
40999,90,86,4,4
41000,105,103,2,2
41001,51,58,-7,7
41002,148,137,11,11
41003,123,132,-9,9
41004,59,56,3,3
41005,88,73,15,15
41006,91,92,-1,1
41007,77,78,-1,1
41008,98,94,4,4
41009,84,88,-4,4
41010,97,89,8,8
41011,129,117,12,12
41012,158,157,1,1
41013,99,104,-5,5
41014,153,156,-3,3
41015,140,124,16,16
41016,97,90,7,7
41017,116,120,-4,4
41018,108,101,7,7
41019,117,117,0,0
41020,112,111,1,1
41021,70,70,0,0
41022,117,124,-7,7
41023,186,181,5,5
41024,88,89,-1,1
41025,40,51,-11,11
41026,69,72,-3,3
41027,138,126,12,12
41028,68,70,-2,2
41029,194,174,20,20
41030,141,137,4,4
41031,66,79,-13,13
41032,87,94,-7,7
41033,112,110,2,2
41034,120,108,12,12
41035,117,110,7,7
41036,116,119,-3,3
41037,113,123,-10,10
41038,109,123,-14,14
41039,116,113,3,3
41040,107,101,6,6
41041,156,145,11,11
41042,54,62,-8,8
41043,96,94,2,2
41044,116,111,5,5
41045,105,99,6,6
41046,53,50,3,3
41047,146,142,4,4
41048,111,123,-12,12
41049,55,57,-2,2
41050,130,125,5,5
41051,89,86,3,3
41052,99,111,-12,12
41053,101,93,8,8
41054,107,111,-4,4
41055,56,61,-5,5
41056,72,73,-1,1
41057,141,139,2,2
41058,49,53,-4,4
41059,50,52,-2,2
41060,106,93,13,13
41061,71,70,1,1
41062,82,97,-15,15
41063,112,105,7,7
41064,114,117,-3,3
41065,91,90,1,1
41066,79,77,2,2
41067,87,89,-2,2
41068,72,69,3,3
41069,140,139,1,1
41070,79,86,-7,7
41071,103,94,9,9
41072,105,105,0,0
41073,80,79,1,1
41074,63,63,0,0
41075,89,84,5,5
41076,58,61,-3,3
41077,71,65,6,6
41078,91,93,-2,2
41079,64,57,7,7
41080,134,129,5,5
41081,144,143,1,1
41082,46,66,-20,20
41083,79,90,-11,11
41084,137,122,15,15
41085,71,69,2,2
41086,88,86,2,2
41087,99,94,5,5
41088,77,82,-5,5
41089,71,74,-3,3
41090,66,67,-1,1
41091,57,62,-5,5
41092,107,108,-1,1
41093,157,160,-3,3
41094,59,68,-9,9
41095,107,117,-10,10
41096,150,137,13,13
41097,97,98,-1,1
41098,56,60,-4,4
41099,122,120,2,2
41100,118,105,13,13
41101,98,77,21,21
41102,87,92,-5,5
41103,84,73,11,11
41104,67,64,3,3
41105,97,99,-2,2
41106,110,111,-1,1
41107,75,76,-1,1
41108,49,59,-10,10
41109,121,131,-10,10
41110,124,122,2,2
41111,86,84,2,2
41112,91,92,-1,1
41113,74,69,5,5
41114,87,78,9,9
41115,61,68,-7,7
41116,76,80,-4,4
41117,169,169,0,0
41118,79,81,-2,2
41119,85,95,-10,10
41120,129,118,11,11
41121,68,67,1,1
41122,88,112,-24,24
41123,136,122,14,14
41124,81,81,0,0
41125,143,155,-12,12
41126,66,62,4,4
41127,90,97,-7,7
41128,69,67,2,2
41129,129,132,-3,3
41130,77,83,-6,6
41131,128,129,-1,1
41132,110,113,-3,3
41133,125,125,0,0
41134,82,70,12,12
41135,147,139,8,8
41136,77,79,-2,2
41137,81,69,12,12
41138,91,88,3,3
41139,106,94,12,12
41140,65,69,-4,4
41141,59,57,2,2
41142,107,114,-7,7
41143,75,85,-10,10
41144,86,98,-12,12
41145,92,89,3,3
41146,87,88,-1,1
41147,115,127,-12,12
41148,70,74,-4,4
41149,78,66,12,12
41150,77,75,2,2
41151,142,157,-15,15
41152,161,160,1,1
41153,145,132,13,13
41154,102,101,1,1
41155,68,70,-2,2
41156,81,86,-5,5
41157,92,85,7,7
41158,91,95,-4,4
41159,87,84,3,3
41160,168,162,6,6
41161,58,58,0,0
41162,119,102,17,17
41163,55,58,-3,3
41164,69,70,-1,1
41165,69,69,0,0
41166,99,101,-2,2
41167,72,72,0,0
41168,82,88,-6,6
41169,134,130,4,4
41170,88,78,10,10
41171,61,65,-4,4
41172,77,78,-1,1
41173,106,111,-5,5
41174,89,91,-2,2
41175,90,89,1,1
41176,102,111,-9,9
41177,77,74,3,3
41178,63,65,-2,2
41179,76,79,-3,3
41180,67,61,6,6
41181,64,72,-8,8
41182,66,69,-3,3
41183,126,124,2,2
41184,91,104,-13,13
41185,148,129,19,19
41186,111,105,6,6
41187,58,64,-6,6
41188,93,88,5,5
41189,80,75,5,5
41190,173,169,4,4
41191,80,77,3,3
41192,117,109,8,8
41193,69,58,11,11
41194,115,119,-4,4
41195,122,113,9,9
41196,76,76,0,0
41197,89,70,19,19
41198,92,110,-18,18
41199,101,95,6,6
41200,156,146,10,10
41201,88,88,0,0
41202,61,62,-1,1
41203,80,75,5,5
41204,128,125,3,3
41205,101,92,9,9
41206,114,112,2,2
41207,142,125,17,17
41208,53,55,-2,2
41209,138,133,5,5
41210,49,52,-3,3
41211,146,132,14,14
41212,91,84,7,7
41213,136,145,-9,9
41214,60,67,-7,7
41215,147,140,7,7
41216,86,86,0,0
41217,71,68,3,3
41218,127,154,-27,27
41219,62,67,-5,5
41220,109,105,4,4
41221,69,71,-2,2
41222,186,187,-1,1
41223,44,55,-11,11
41224,39,49,-10,10
41225,89,90,-1,1
41226,113,117,-4,4
41227,65,66,-1,1
41228,63,69,-6,6
41229,61,66,-5,5
41230,132,125,7,7
41231,70,78,-8,8
41232,179,176,3,3
41233,103,109,-6,6
41234,118,109,9,9
41235,71,71,0,0
41236,156,144,12,12
41237,95,91,4,4
41238,108,113,-5,5
41239,92,93,-1,1
41240,125,113,12,12
41241,103,91,12,12
41242,87,77,10,10
41243,57,67,-10,10
41244,95,93,2,2
41245,207,215,-8,8
41246,72,76,-4,4
41247,158,159,-1,1
41248,78,80,-2,2
41249,59,67,-8,8
41250,77,74,3,3
41251,78,74,4,4
41252,120,108,12,12
41253,137,134,3,3
41254,71,67,4,4
41255,117,113,4,4
41256,97,95,2,2
41257,108,110,-2,2
41258,64,67,-3,3
41259,125,116,9,9
41260,57,61,-4,4
41261,47,58,-11,11
41262,110,97,13,13
41263,173,186,-13,13
41264,70,64,6,6
41265,112,110,2,2
41266,69,70,-1,1
41267,95,89,6,6
41268,50,58,-8,8
41269,60,60,0,0
41270,108,109,-1,1
41271,88,88,0,0
41272,141,161,-20,20
41273,65,66,-1,1
41274,111,123,-12,12
41275,110,100,10,10
41276,156,131,25,25
41277,70,89,-19,19
41278,77,85,-8,8
41279,111,109,2,2
41280,77,78,-1,1
41281,132,147,-15,15
41282,94,85,9,9
41283,87,97,-10,10
41284,71,78,-7,7
41285,69,77,-8,8
41286,57,62,-5,5
41287,63,67,-4,4
41288,170,174,-4,4
41289,99,95,4,4
41290,91,91,0,0
41291,75,80,-5,5
41292,155,154,1,1
41293,169,159,10,10
41294,121,111,10,10
41295,56,60,-4,4
41296,73,73,0,0
41297,142,88,54,54
41298,76,85,-9,9
41299,117,125,-8,8
41300,113,118,-5,5
41301,63,59,4,4
41302,146,134,12,12
41303,71,66,5,5
41304,68,66,2,2
41305,96,99,-3,3
41306,64,70,-6,6
41307,79,68,11,11
41308,77,78,-1,1
41309,54,60,-6,6
41310,81,84,-3,3
41311,106,110,-4,4
41312,130,119,11,11
41313,63,60,3,3
41314,74,76,-2,2
41315,87,87,0,0
41316,97,93,4,4
41317,136,150,-14,14
41318,78,72,6,6
41319,114,103,11,11
41320,172,196,-24,24
41321,69,85,-16,16
41322,55,68,-13,13
41323,68,67,1,1
41324,84,79,5,5
41325,64,65,-1,1
41326,44,51,-7,7
41327,98,91,7,7
41328,118,125,-7,7
41329,115,108,7,7
41330,151,149,2,2
41331,66,66,0,0
41332,150,136,14,14
41333,94,89,5,5
41334,83,87,-4,4
41335,138,129,9,9
41336,96,97,-1,1
41337,117,116,1,1
41338,32,54,-22,22
41339,167,163,4,4
41340,162,147,15,15
41341,120,124,-4,4
41342,84,85,-1,1
41343,64,65,-1,1
41344,147,146,1,1
41345,74,79,-5,5
41346,42,57,-15,15
41347,65,75,-10,10
41348,87,80,7,7
41349,101,109,-8,8
41350,64,64,0,0
41351,54,65,-11,11
41352,99,103,-4,4
41353,60,62,-2,2
41354,62,67,-5,5
41355,134,124,10,10
41356,79,81,-2,2
41357,74,72,2,2
41358,103,112,-9,9
41359,160,165,-5,5
41360,103,98,5,5
41361,96,96,0,0
41362,66,61,5,5
41363,72,67,5,5
41364,69,72,-3,3
41365,115,112,3,3
41366,74,69,5,5
41367,47,52,-5,5
41368,116,104,12,12
41369,75,81,-6,6
41370,74,83,-9,9
41371,138,133,5,5
41372,83,86,-3,3
41373,78,79,-1,1
41374,144,136,8,8
41375,94,89,5,5
41376,91,88,3,3
41377,97,103,-6,6
41378,79,76,3,3
41379,87,88,-1,1
41380,50,58,-8,8
41381,61,62,-1,1
41382,66,77,-11,11
41383,83,81,2,2
41384,69,65,4,4
41385,117,105,12,12
41386,123,115,8,8
41387,152,131,21,21
41388,53,57,-4,4
41389,41,67,-26,26
41390,120,113,7,7
41391,50,56,-6,6
41392,103,103,0,0
41393,59,75,-16,16
41394,146,105,41,41
41395,74,67,7,7
41396,119,114,5,5
41397,100,102,-2,2
41398,109,100,9,9
41399,140,130,10,10
41400,104,102,2,2
41401,118,125,-7,7
41402,129,118,11,11
41403,62,62,0,0
41404,80,81,-1,1
41405,67,69,-2,2
41406,45,49,-4,4
41407,111,114,-3,3
41408,110,113,-3,3
41409,68,73,-5,5
41410,84,98,-14,14
41411,132,117,15,15
41412,67,68,-1,1
41413,66,70,-4,4
41414,53,71,-18,18
41415,88,89,-1,1
41416,115,119,-4,4
41417,142,147,-5,5
41418,134,137,-3,3
41419,108,109,-1,1
41420,63,66,-3,3
41421,68,61,7,7
41422,96,86,10,10
41423,73,79,-6,6
41424,88,93,-5,5
41425,107,96,11,11
41426,114,128,-14,14
41427,132,132,0,0
41428,64,71,-7,7
41429,73,69,4,4
41430,109,101,8,8
41431,65,68,-3,3
41432,138,114,24,24
41433,103,96,7,7
41434,132,126,6,6
41435,67,70,-3,3
41436,70,73,-3,3
41437,114,134,-20,20
41438,54,59,-5,5
41439,87,81,6,6
41440,57,62,-5,5
41441,163,170,-7,7
41442,83,84,-1,1
41443,48,50,-2,2
41444,62,69,-7,7
41445,110,98,12,12
41446,64,65,-1,1
41447,154,151,3,3
41448,119,117,2,2
41449,81,85,-4,4
41450,76,73,3,3
41451,125,103,22,22
41452,82,80,2,2
41453,140,137,3,3
41454,58,54,4,4
41455,90,86,4,4
41456,94,85,9,9
41457,70,71,-1,1
41458,126,116,10,10
41459,42,57,-15,15
41460,96,79,17,17
41461,144,131,13,13
41462,84,80,4,4
41463,91,85,6,6
41464,89,85,4,4
41465,68,72,-4,4
41466,74,75,-1,1
41467,73,70,3,3
41468,95,87,8,8
41469,141,127,14,14
41470,144,133,11,11
41471,115,119,-4,4
41472,126,113,13,13
41473,81,74,7,7
41474,70,69,1,1
41475,101,105,-4,4
41476,36,57,-21,21
41477,103,96,7,7
41478,50,53,-3,3
41479,108,96,12,12
41480,168,180,-12,12
41481,89,97,-8,8
41482,128,124,4,4
41483,87,75,12,12
41484,72,64,8,8
41485,166,159,7,7
41486,75,73,2,2
41487,116,118,-2,2
41488,66,71,-5,5
41489,89,94,-5,5
41490,72,78,-6,6
41491,103,113,-10,10
41492,82,88,-6,6
41493,108,112,-4,4
41494,115,105,10,10
41495,154,174,-20,20
41496,96,98,-2,2
41497,70,70,0,0
41498,105,100,5,5
41499,103,108,-5,5
41500,80,84,-4,4
41501,167,139,28,28
41502,131,133,-2,2
41503,87,86,1,1
41504,83,82,1,1
41505,221,197,24,24
41506,67,68,-1,1
41507,114,111,3,3
41508,88,74,14,14
41509,80,73,7,7
41510,183,176,7,7
41511,67,75,-8,8
41512,172,170,2,2
41513,56,60,-4,4
41514,60,58,2,2
41515,60,59,1,1
41516,77,81,-4,4
41517,85,77,8,8
41518,64,68,-4,4
41519,88,92,-4,4
41520,143,127,16,16
41521,148,150,-2,2
41522,73,74,-1,1
41523,97,99,-2,2
41524,85,92,-7,7
41525,62,55,7,7
41526,82,77,5,5
41527,63,60,3,3
41528,55,53,2,2
41529,133,125,8,8
41530,96,99,-3,3
41531,98,97,1,1
41532,67,64,3,3
41533,104,113,-9,9
41534,118,155,-37,37
41535,83,91,-8,8
41536,110,117,-7,7
41537,138,134,4,4
41538,79,73,6,6
41539,75,66,9,9
41540,67,69,-2,2
41541,59,58,1,1
41542,63,59,4,4
41543,125,121,4,4
41544,156,163,-7,7
41545,88,81,7,7
41546,106,103,3,3
41547,88,84,4,4
41548,126,129,-3,3
41549,71,78,-7,7
41550,109,106,3,3
41551,61,98,-37,37
41552,100,106,-6,6
41553,157,133,24,24
41554,168,167,1,1
41555,110,108,2,2
41556,92,99,-7,7
41557,118,129,-11,11
41558,159,163,-4,4
41559,67,68,-1,1
41560,78,90,-12,12
41561,93,93,0,0
41562,76,72,4,4
41563,156,149,7,7
41564,63,70,-7,7
41565,87,85,2,2
41566,79,75,4,4
41567,56,61,-5,5
41568,65,65,0,0
41569,99,102,-3,3
41570,90,77,13,13
41571,108,115,-7,7
41572,59,60,-1,1
41573,48,73,-25,25
41574,73,68,5,5
41575,111,100,11,11
41576,69,70,-1,1
41577,149,133,16,16
41578,87,78,9,9
41579,87,81,6,6
41580,85,81,4,4
41581,112,99,13,13
41582,78,92,-14,14
41583,74,85,-11,11
41584,85,87,-2,2
41585,77,83,-6,6
41586,113,104,9,9
41587,106,103,3,3
41588,61,71,-10,10
41589,82,89,-7,7
41590,115,119,-4,4
41591,51,56,-5,5
41592,109,92,17,17
41593,61,64,-3,3
41594,60,63,-3,3
41595,129,124,5,5
41596,152,130,22,22
41597,90,87,3,3
41598,204,192,12,12
41599,95,87,8,8
41600,81,85,-4,4
41601,75,76,-1,1
41602,95,88,7,7
41603,108,111,-3,3
41604,140,130,10,10
41605,47,60,-13,13
41606,92,79,13,13
41607,127,132,-5,5
41608,64,74,-10,10
41609,86,77,9,9
41610,83,76,7,7
41611,86,95,-9,9
41612,110,109,1,1
41613,128,136,-8,8
41614,152,150,2,2
41615,106,112,-6,6
41616,71,72,-1,1
41617,70,76,-6,6
41618,71,69,2,2
41619,80,84,-4,4
41620,10,43,-33,33
41621,95,87,8,8
41622,88,86,2,2
41623,55,51,4,4
41624,96,81,15,15
41625,114,102,12,12
41626,113,108,5,5
41627,115,105,10,10
41628,50,52,-2,2
41629,130,131,-1,1
41630,130,124,6,6
41631,85,83,2,2
41632,72,74,-2,2
41633,177,169,8,8
41634,90,97,-7,7
41635,131,142,-11,11
41636,68,71,-3,3
41637,46,52,-6,6
41638,96,99,-3,3
41639,161,152,9,9
41640,60,60,0,0
41641,73,73,0,0
41642,50,54,-4,4
41643,60,52,8,8
41644,122,116,6,6
41645,136,129,7,7
41646,90,83,7,7
41647,131,128,3,3
41648,95,90,5,5
41649,66,71,-5,5
41650,105,115,-10,10
41651,82,81,1,1
41652,107,104,3,3
41653,61,59,2,2
41654,136,125,11,11
41655,128,139,-11,11
41656,66,73,-7,7
41657,125,126,-1,1
41658,69,66,3,3
41659,68,79,-11,11
41660,84,84,0,0
41661,47,55,-8,8
41662,77,76,1,1
41663,113,103,10,10
41664,155,160,-5,5
41665,88,94,-6,6
41666,76,76,0,0
41667,104,144,-40,40
41668,43,55,-12,12
41669,69,75,-6,6
41670,94,102,-8,8
41671,121,119,2,2
41672,178,165,13,13
41673,69,65,4,4
41674,113,119,-6,6
41675,118,116,2,2
41676,86,86,0,0
41677,71,72,-1,1
41678,112,112,0,0
41679,114,105,9,9
41680,68,63,5,5
41681,75,71,4,4
41682,103,95,8,8
41683,71,71,0,0
41684,57,56,1,1
41685,88,84,4,4
41686,165,157,8,8
41687,79,79,0,0
41688,133,136,-3,3
41689,125,116,9,9
41690,91,110,-19,19
41691,117,118,-1,1
41692,108,105,3,3
41693,101,101,0,0
41694,61,62,-1,1
41695,170,161,9,9
41696,152,146,6,6
41697,86,85,1,1
41698,89,85,4,4
41699,137,130,7,7
41700,107,106,1,1
41701,145,132,13,13
41702,152,160,-8,8
41703,89,76,13,13
41704,81,77,4,4
41705,102,106,-4,4
41706,85,91,-6,6
41707,70,73,-3,3
41708,85,82,3,3
41709,105,103,2,2
41710,79,77,2,2
41711,55,62,-7,7
41712,94,88,6,6
41713,49,56,-7,7
41714,42,50,-8,8
41715,302,254,48,48
41716,116,109,7,7
41717,68,69,-1,1
41718,81,82,-1,1
41719,98,113,-15,15
41720,120,109,11,11
41721,135,140,-5,5
41722,85,89,-4,4
41723,76,77,-1,1
41724,125,123,2,2
41725,26,46,-20,20
41726,111,93,18,18
41727,152,140,12,12
41728,85,82,3,3
41729,99,102,-3,3
41730,98,113,-15,15
41731,99,98,1,1
41732,81,76,5,5
41733,98,108,-10,10
41734,101,88,13,13
41735,64,67,-3,3
41736,185,184,1,1
41737,97,95,2,2
41738,93,102,-9,9
41739,65,71,-6,6
41740,89,91,-2,2
41741,53,56,-3,3
41742,96,95,1,1
41743,133,129,4,4
41744,149,131,18,18
41745,155,149,6,6
41746,86,80,6,6
41747,64,60,4,4
41748,133,125,8,8
41749,119,132,-13,13
41750,70,73,-3,3
41751,57,60,-3,3
41752,56,62,-6,6
41753,55,58,-3,3
41754,57,60,-3,3
41755,106,108,-2,2
41756,85,94,-9,9
41757,80,76,4,4
41758,71,84,-13,13
41759,79,94,-15,15
41760,72,79,-7,7
41761,67,60,7,7
41762,200,196,4,4
41763,55,60,-5,5
41764,103,104,-1,1
41765,80,76,4,4
41766,113,116,-3,3
41767,34,68,-34,34
41768,77,81,-4,4
41769,145,144,1,1
41770,143,153,-10,10
41771,100,97,3,3
41772,53,60,-7,7
41773,61,88,-27,27
41774,109,120,-11,11
41775,86,72,14,14
41776,72,73,-1,1
41777,86,93,-7,7
41778,115,128,-13,13
41779,74,78,-4,4
41780,85,86,-1,1
41781,97,93,4,4
41782,111,108,3,3
41783,63,79,-16,16
41784,104,104,0,0
41785,101,101,0,0
41786,110,107,3,3
41787,72,79,-7,7
41788,128,127,1,1
41789,74,87,-13,13
41790,108,96,12,12
41791,110,108,2,2
41792,68,65,3,3
41793,41,47,-6,6
41794,153,163,-10,10
41795,115,120,-5,5
41796,58,63,-5,5
41797,45,67,-22,22
41798,92,87,5,5
41799,57,61,-4,4
41800,125,115,10,10
41801,82,89,-7,7
41802,61,66,-5,5
41803,148,140,8,8
41804,72,69,3,3
41805,108,110,-2,2
41806,97,104,-7,7
41807,134,123,11,11
41808,50,52,-2,2
41809,66,63,3,3
41810,61,55,6,6
41811,91,84,7,7
41812,133,129,4,4
41813,131,114,17,17
41814,67,75,-8,8
41815,112,109,3,3
41816,100,117,-17,17
41817,193,180,13,13
41818,90,83,7,7
41819,77,74,3,3
41820,80,80,0,0
41821,117,116,1,1
41822,87,91,-4,4
41823,64,68,-4,4
41824,61,61,0,0
41825,120,126,-6,6
41826,119,119,0,0
41827,137,124,13,13
41828,54,59,-5,5
41829,162,149,13,13
41830,152,167,-15,15
41831,69,62,7,7
41832,80,79,1,1
41833,92,90,2,2
41834,96,85,11,11
41835,107,111,-4,4
41836,71,73,-2,2
41837,83,88,-5,5
41838,89,93,-4,4
41839,121,117,4,4
41840,81,81,0,0
41841,112,118,-6,6
41842,147,134,13,13
41843,62,64,-2,2
41844,129,127,2,2
41845,74,80,-6,6
41846,168,151,17,17
41847,47,51,-4,4
41848,128,134,-6,6
41849,49,54,-5,5
41850,56,60,-4,4
41851,89,81,8,8
41852,67,67,0,0
41853,68,75,-7,7
41854,114,117,-3,3
41855,137,145,-8,8
41856,122,117,5,5
41857,74,76,-2,2
41858,67,67,0,0
41859,129,128,1,1
41860,139,145,-6,6
41861,62,68,-6,6
41862,100,97,3,3
41863,88,83,5,5
41864,64,63,1,1
41865,92,85,7,7
41866,119,140,-21,21
41867,81,79,2,2
41868,59,59,0,0
41869,106,103,3,3
41870,94,90,4,4
41871,112,102,10,10
41872,80,80,0,0
41873,101,110,-9,9
41874,135,124,11,11
41875,135,129,6,6
41876,104,95,9,9
41877,85,81,4,4
41878,176,171,5,5
41879,79,78,1,1
41880,69,66,3,3
41881,41,50,-9,9
41882,47,53,-6,6
41883,67,68,-1,1
41884,69,76,-7,7
41885,51,56,-5,5
41886,73,83,-10,10
41887,108,103,5,5
41888,47,50,-3,3
41889,120,128,-8,8
41890,117,112,5,5
41891,91,97,-6,6
41892,110,117,-7,7
41893,82,77,5,5
41894,97,95,2,2
41895,92,91,1,1
41896,72,68,4,4
41897,74,64,10,10
41898,80,93,-13,13
41899,49,54,-5,5
41900,133,127,6,6
41901,85,85,0,0
41902,116,114,2,2
41903,72,62,10,10
41904,125,122,3,3
41905,91,92,-1,1
41906,103,100,3,3
41907,110,107,3,3
41908,102,106,-4,4
41909,111,100,11,11
41910,50,65,-15,15
41911,50,51,-1,1
41912,106,103,3,3
41913,79,79,0,0
41914,138,125,13,13
41915,110,116,-6,6
41916,59,64,-5,5
41917,72,70,2,2
41918,190,173,17,17
41919,93,87,6,6
41920,47,56,-9,9
41921,46,59,-13,13
41922,135,131,4,4
41923,56,71,-15,15
41924,67,69,-2,2
41925,101,102,-1,1
41926,78,79,-1,1
41927,61,71,-10,10
41928,43,61,-18,18
41929,142,143,-1,1
41930,88,93,-5,5
41931,119,119,0,0
41932,146,133,13,13
41933,93,96,-3,3
41934,109,113,-4,4
41935,105,105,0,0
41936,98,102,-4,4
41937,75,71,4,4
41938,78,80,-2,2
41939,101,111,-10,10
41940,88,104,-16,16
41941,133,143,-10,10
41942,66,67,-1,1
41943,101,100,1,1
41944,94,98,-4,4
41945,86,83,3,3
41946,95,89,6,6
41947,96,104,-8,8
41948,83,80,3,3
41949,119,99,20,20
41950,116,115,1,1
41951,92,87,5,5
41952,89,96,-7,7
41953,215,222,-7,7
41954,96,97,-1,1
41955,138,130,8,8
41956,73,74,-1,1
41957,72,77,-5,5
41958,83,90,-7,7
41959,119,113,6,6
41960,83,81,2,2
41961,140,130,10,10
41962,164,151,13,13
41963,105,96,9,9
41964,109,91,18,18
41965,100,92,8,8
41966,95,98,-3,3
41967,85,80,5,5
41968,83,85,-2,2
41969,148,148,0,0
41970,95,104,-9,9
41971,110,129,-19,19
41972,104,115,-11,11
41973,125,144,-19,19
41974,110,122,-12,12
41975,109,108,1,1
41976,87,81,6,6
41977,166,167,-1,1
41978,68,81,-13,13
41979,104,93,11,11
41980,127,104,23,23
41981,60,69,-9,9
41982,106,93,13,13
41983,58,60,-2,2
41984,59,56,3,3
41985,98,96,2,2
41986,150,158,-8,8
41987,107,113,-6,6
41988,75,83,-8,8
41989,95,97,-2,2
41990,82,83,-1,1
41991,101,88,13,13
41992,63,70,-7,7
41993,81,67,14,14
41994,60,62,-2,2
41995,121,116,5,5
41996,110,101,9,9
41997,73,81,-8,8
41998,62,68,-6,6
41999,66,71,-5,5
42000,87,92,-5,5
42001,130,141,-11,11
42002,84,87,-3,3
42003,142,143,-1,1
42004,61,63,-2,2
42005,109,107,2,2
42006,147,140,7,7
42007,37,56,-19,19
42008,246,192,54,54
42009,61,68,-7,7
42010,111,108,3,3
42011,92,92,0,0
42012,133,146,-13,13
42013,161,151,10,10
42014,128,136,-8,8
42015,73,66,7,7
42016,115,118,-3,3
42017,159,158,1,1
42018,75,71,4,4
42019,85,97,-12,12
42020,79,85,-6,6
42021,103,97,6,6
42022,109,104,5,5
42023,89,90,-1,1
42024,158,161,-3,3
42025,86,87,-1,1
42026,114,103,11,11
42027,145,142,3,3
42028,83,78,5,5
42029,142,145,-3,3
42030,48,57,-9,9
42031,69,71,-2,2
42032,90,105,-15,15
42033,152,142,10,10
42034,72,80,-8,8
42035,93,94,-1,1
42036,59,62,-3,3
42037,142,137,5,5
42038,95,86,9,9
42039,152,138,14,14
42040,87,87,0,0
42041,79,70,9,9
42042,80,81,-1,1
42043,89,91,-2,2
42044,74,69,5,5
42045,78,69,9,9
42046,100,100,0,0
42047,92,96,-4,4
42048,135,136,-1,1
42049,112,113,-1,1
42050,109,110,-1,1
42051,86,77,9,9
42052,80,75,5,5
42053,92,107,-15,15
42054,93,96,-3,3
42055,111,117,-6,6
42056,64,63,1,1
42057,96,80,16,16
42058,79,91,-12,12
42059,148,165,-17,17
42060,74,84,-10,10
42061,91,83,8,8
42062,85,83,2,2
42063,104,101,3,3
42064,132,137,-5,5
42065,75,82,-7,7
42066,175,181,-6,6
42067,77,70,7,7
42068,92,93,-1,1
42069,150,146,4,4
42070,35,124,-89,89
42071,79,81,-2,2
42072,57,63,-6,6
42073,70,59,11,11
42074,117,137,-20,20
42075,84,83,1,1
42076,51,76,-25,25
42077,88,93,-5,5
42078,83,83,0,0
42079,89,77,12,12
42080,79,79,0,0
42081,76,83,-7,7
42082,50,58,-8,8
42083,102,95,7,7
42084,111,127,-16,16
42085,82,87,-5,5
42086,114,127,-13,13
42087,99,88,11,11
42088,111,107,4,4
42089,99,103,-4,4
42090,68,66,2,2
42091,159,142,17,17
42092,78,78,0,0
42093,43,54,-11,11
42094,64,63,1,1
42095,77,80,-3,3
42096,38,54,-16,16
42097,39,49,-10,10
42098,87,96,-9,9
42099,89,82,7,7
42100,101,102,-1,1
42101,115,113,2,2
42102,101,97,4,4
42103,52,56,-4,4
42104,68,72,-4,4
42105,57,61,-4,4
42106,97,91,6,6
42107,80,85,-5,5
42108,95,94,1,1
42109,155,150,5,5
42110,74,74,0,0
42111,104,91,13,13
42112,63,71,-8,8
42113,28,48,-20,20
42114,96,91,5,5
42115,104,107,-3,3
42116,118,113,5,5
42117,81,75,6,6
42118,58,61,-3,3
42119,85,97,-12,12
42120,59,66,-7,7
42121,91,104,-13,13
42122,120,114,6,6
42123,58,59,-1,1
42124,89,77,12,12
42125,101,106,-5,5
42126,89,89,0,0
42127,68,60,8,8
42128,122,113,9,9
42129,71,77,-6,6
42130,71,72,-1,1
42131,75,97,-22,22
42132,130,137,-7,7
42133,103,90,13,13
42134,114,112,2,2
42135,145,143,2,2
42136,108,103,5,5
42137,102,104,-2,2
42138,107,103,4,4
42139,97,96,1,1
42140,94,85,9,9
42141,70,71,-1,1
42142,91,91,0,0
42143,92,96,-4,4
42144,60,66,-6,6
42145,83,84,-1,1
42146,92,86,6,6
42147,106,111,-5,5
42148,47,61,-14,14
42149,72,69,3,3
42150,137,132,5,5
42151,69,72,-3,3
42152,69,61,8,8
42153,123,122,1,1
42154,77,80,-3,3
42155,74,65,9,9
42156,144,153,-9,9
42157,132,130,2,2
42158,109,104,5,5
42159,93,96,-3,3
42160,56,58,-2,2
42161,125,120,5,5
42162,54,63,-9,9
42163,127,120,7,7
42164,96,97,-1,1
42165,106,93,13,13
42166,98,98,0,0
42167,97,96,1,1
42168,65,66,-1,1
42169,91,83,8,8
42170,90,92,-2,2
42171,135,127,8,8
42172,109,121,-12,12
42173,101,103,-2,2
42174,80,80,0,0
42175,105,107,-2,2
42176,64,63,1,1
42177,155,155,0,0
42178,119,123,-4,4
42179,76,66,10,10
42180,122,116,6,6
42181,59,64,-5,5
42182,63,65,-2,2
42183,92,95,-3,3
42184,101,99,2,2
42185,100,98,2,2
42186,88,95,-7,7
42187,98,92,6,6
42188,153,139,14,14
42189,92,88,4,4
42190,76,68,8,8
42191,110,108,2,2
42192,86,90,-4,4
42193,130,130,0,0
42194,126,132,-6,6
42195,78,71,7,7
42196,77,76,1,1
42197,104,107,-3,3
42198,126,137,-11,11
42199,79,77,2,2
42200,117,130,-13,13
42201,45,52,-7,7
42202,100,104,-4,4
42203,83,69,14,14
42204,134,134,0,0
42205,83,79,4,4
42206,90,98,-8,8
42207,86,90,-4,4
42208,89,86,3,3
42209,60,69,-9,9
42210,78,80,-2,2
42211,120,123,-3,3
42212,72,77,-5,5
42213,104,105,-1,1
42214,188,175,13,13
42215,93,89,4,4
42216,159,147,12,12
42217,80,78,2,2
42218,96,103,-7,7
42219,114,118,-4,4
42220,113,117,-4,4
42221,62,70,-8,8
42222,140,136,4,4
42223,157,148,9,9
42224,61,69,-8,8
42225,95,106,-11,11
42226,130,129,1,1
42227,134,143,-9,9
42228,84,86,-2,2
42229,83,80,3,3
42230,96,100,-4,4
42231,85,80,5,5
42232,117,124,-7,7
42233,49,55,-6,6
42234,55,57,-2,2
42235,116,97,19,19
42236,65,69,-4,4
42237,86,83,3,3
42238,58,72,-14,14
42239,55,62,-7,7
42240,109,104,5,5
42241,109,99,10,10
42242,115,113,2,2
42243,131,112,19,19
42244,79,81,-2,2
42245,74,82,-8,8
42246,114,113,1,1
42247,125,114,11,11
42248,90,83,7,7
42249,81,80,1,1
42250,109,104,5,5
42251,90,83,7,7
42252,58,61,-3,3
42253,67,69,-2,2
42254,88,82,6,6
42255,71,89,-18,18
42256,118,133,-15,15
42257,109,112,-3,3
42258,75,97,-22,22
42259,38,48,-10,10
42260,173,166,7,7
42261,153,158,-5,5
42262,66,61,5,5
42263,58,62,-4,4
42264,44,59,-15,15
42265,86,78,8,8
42266,100,96,4,4
42267,86,87,-1,1
42268,106,106,0,0
42269,80,77,3,3
42270,84,82,2,2
42271,76,73,3,3
42272,96,91,5,5
42273,90,93,-3,3
42274,116,126,-10,10
42275,196,170,26,26
42276,103,100,3,3
42277,95,99,-4,4
42278,68,64,4,4
42279,96,85,11,11
42280,109,103,6,6
42281,86,91,-5,5
42282,174,178,-4,4
42283,78,83,-5,5
42284,47,53,-6,6
42285,96,93,3,3
42286,92,89,3,3
42287,79,73,6,6
42288,85,83,2,2
42289,113,117,-4,4
42290,96,95,1,1
42291,80,75,5,5
42292,43,49,-6,6
42293,93,102,-9,9
42294,63,72,-9,9
42295,96,88,8,8
42296,103,100,3,3
42297,53,61,-8,8
42298,99,94,5,5
42299,79,82,-3,3
42300,70,70,0,0
42301,106,97,9,9
42302,104,141,-37,37
42303,141,143,-2,2
42304,99,86,13,13
42305,96,92,4,4
42306,55,53,2,2
42307,99,100,-1,1
42308,116,119,-3,3
42309,64,93,-29,29
42310,152,137,15,15
42311,63,65,-2,2
42312,78,72,6,6
42313,123,137,-14,14
42314,126,126,0,0
42315,79,78,1,1
42316,92,76,16,16
42317,94,100,-6,6
42318,200,187,13,13
42319,157,154,3,3
42320,80,81,-1,1
42321,57,62,-5,5
42322,141,138,3,3
42323,60,68,-8,8
42324,85,80,5,5
42325,54,56,-2,2
42326,159,164,-5,5
42327,150,138,12,12
42328,87,79,8,8
42329,47,61,-14,14
42330,96,97,-1,1
42331,82,80,2,2
42332,74,68,6,6
42333,120,124,-4,4
42334,109,89,20,20
42335,86,89,-3,3
42336,129,120,9,9
42337,196,184,12,12
42338,178,165,13,13
42339,105,96,9,9
42340,61,63,-2,2
42341,67,72,-5,5
42342,109,110,-1,1
42343,111,128,-17,17
42344,52,64,-12,12
42345,89,81,8,8
42346,71,84,-13,13
42347,111,111,0,0
42348,40,52,-12,12
42349,79,85,-6,6
42350,99,96,3,3
42351,96,97,-1,1
42352,63,58,5,5
42353,103,125,-22,22
42354,97,111,-14,14
42355,90,91,-1,1
42356,119,106,13,13
42357,176,163,13,13
42358,97,101,-4,4
42359,131,139,-8,8
42360,86,79,7,7
42361,77,72,5,5
42362,84,83,1,1
42363,70,67,3,3
42364,109,108,1,1
42365,121,119,2,2
42366,125,138,-13,13
42367,150,129,21,21
42368,103,97,6,6
42369,151,135,16,16
42370,58,58,0,0
42371,64,62,2,2
42372,122,125,-3,3
42373,104,95,9,9
42374,92,83,9,9
42375,100,100,0,0
42376,142,132,10,10
42377,93,86,7,7
42378,120,113,7,7
42379,75,77,-2,2
42380,106,102,4,4
42381,60,70,-10,10
42382,83,84,-1,1
42383,98,97,1,1
42384,56,54,2,2
42385,37,52,-15,15
42386,97,86,11,11
42387,152,148,4,4
42388,97,92,5,5
42389,76,73,3,3
42390,80,90,-10,10
42391,56,58,-2,2
42392,108,97,11,11
42393,128,111,17,17
42394,117,113,4,4
42395,103,100,3,3
42396,31,55,-24,24
42397,84,79,5,5
42398,92,94,-2,2
42399,115,129,-14,14
42400,128,132,-4,4
42401,128,120,8,8
42402,75,79,-4,4
42403,72,75,-3,3
42404,95,96,-1,1
42405,56,62,-6,6
42406,83,83,0,0
42407,97,102,-5,5
42408,109,97,12,12
42409,126,120,6,6
42410,135,140,-5,5
42411,75,79,-4,4
42412,73,68,5,5
42413,89,96,-7,7
42414,94,95,-1,1
42415,81,78,3,3
42416,78,78,0,0
42417,79,73,6,6
42418,78,81,-3,3
42419,105,110,-5,5
42420,112,109,3,3
42421,75,68,7,7
42422,98,98,0,0
42423,94,90,4,4
42424,56,63,-7,7
42425,92,88,4,4
42426,68,69,-1,1
42427,104,104,0,0
42428,144,124,20,20
42429,50,59,-9,9
42430,51,58,-7,7
42431,61,71,-10,10
42432,83,90,-7,7
42433,28,48,-20,20
42434,99,102,-3,3
42435,83,90,-7,7
42436,162,152,10,10
42437,104,101,3,3
42438,88,93,-5,5
42439,95,90,5,5
42440,116,110,6,6
42441,144,136,8,8
42442,69,54,15,15
42443,102,114,-12,12
42444,116,116,0,0
42445,61,63,-2,2
42446,108,110,-2,2
42447,55,55,0,0
42448,142,138,4,4
42449,156,151,5,5
42450,129,120,9,9
42451,180,169,11,11
42452,111,116,-5,5
42453,179,180,-1,1
42454,89,88,1,1
42455,114,110,4,4
42456,96,89,7,7
42457,117,120,-3,3
42458,64,64,0,0
42459,57,58,-1,1
42460,54,61,-7,7
42461,95,87,8,8
42462,89,67,22,22
42463,109,99,10,10
42464,76,80,-4,4
42465,67,64,3,3
42466,65,68,-3,3
42467,76,86,-10,10
42468,92,92,0,0
42469,92,92,0,0
42470,74,69,5,5
42471,92,84,8,8
42472,80,72,8,8
42473,89,91,-2,2
42474,43,52,-9,9
42475,69,73,-4,4
42476,88,89,-1,1
42477,84,91,-7,7
42478,115,117,-2,2
42479,56,52,4,4
42480,95,102,-7,7
42481,80,94,-14,14
42482,80,80,0,0
42483,98,95,3,3
42484,49,53,-4,4
42485,91,80,11,11
42486,64,67,-3,3
42487,53,65,-12,12
42488,85,77,8,8
42489,98,95,3,3
42490,100,92,8,8
42491,69,74,-5,5
42492,48,52,-4,4
42493,105,97,8,8
42494,163,152,11,11
42495,150,151,-1,1
42496,85,87,-2,2
42497,128,133,-5,5
42498,99,103,-4,4
42499,103,95,8,8
42500,128,115,13,13
42501,107,111,-4,4
42502,55,63,-8,8
42503,84,92,-8,8
42504,90,96,-6,6
42505,90,95,-5,5
42506,72,67,5,5
42507,91,91,0,0
42508,87,94,-7,7
42509,84,65,19,19
42510,42,52,-10,10
42511,65,70,-5,5
42512,131,132,-1,1
42513,48,57,-9,9
42514,109,103,6,6
42515,85,91,-6,6
42516,66,60,6,6
42517,83,89,-6,6
42518,46,49,-3,3
42519,141,139,2,2
42520,59,64,-5,5
42521,87,86,1,1
42522,84,88,-4,4
42523,86,94,-8,8
42524,127,120,7,7
42525,111,120,-9,9
42526,102,106,-4,4
42527,65,68,-3,3
42528,70,72,-2,2
42529,61,67,-6,6
42530,104,103,1,1
42531,111,108,3,3
42532,202,184,18,18
42533,100,92,8,8
42534,136,136,0,0
42535,35,51,-16,16
42536,40,51,-11,11
42537,115,111,4,4
42538,116,110,6,6
42539,72,67,5,5
42540,108,110,-2,2
42541,106,120,-14,14
42542,62,64,-2,2
42543,127,119,8,8
42544,94,89,5,5
42545,89,81,8,8
42546,70,70,0,0
42547,72,77,-5,5
42548,98,87,11,11
42549,96,91,5,5
42550,108,113,-5,5
42551,142,122,20,20
42552,77,77,0,0
42553,67,68,-1,1
42554,81,85,-4,4
42555,54,54,0,0
42556,124,124,0,0
42557,110,122,-12,12
42558,101,100,1,1
42559,86,91,-5,5
42560,117,115,2,2
42561,111,105,6,6
42562,136,126,10,10
42563,78,71,7,7
42564,62,79,-17,17
42565,231,217,14,14
42566,180,184,-4,4
42567,91,87,4,4
42568,134,136,-2,2
42569,80,83,-3,3
42570,100,101,-1,1
42571,123,121,2,2
42572,109,107,2,2
42573,70,69,1,1
42574,57,59,-2,2
42575,148,147,1,1
42576,76,69,7,7
42577,70,76,-6,6
42578,82,83,-1,1
42579,102,112,-10,10
42580,198,193,5,5
42581,56,53,3,3
42582,94,95,-1,1
42583,97,99,-2,2
42584,103,91,12,12
42585,81,77,4,4
42586,102,99,3,3
42587,85,88,-3,3
42588,165,152,13,13
42589,50,56,-6,6
42590,124,125,-1,1
42591,101,100,1,1
42592,79,76,3,3
42593,138,147,-9,9
42594,191,154,37,37
42595,162,160,2,2
42596,126,120,6,6
42597,103,105,-2,2
42598,49,54,-5,5
42599,113,117,-4,4
42600,100,95,5,5
42601,118,118,0,0
42602,117,126,-9,9
42603,84,85,-1,1
42604,110,101,9,9
42605,128,115,13,13
42606,105,103,2,2
42607,59,54,5,5
42608,91,91,0,0
42609,68,63,5,5
42610,72,82,-10,10
42611,135,134,1,1
42612,79,95,-16,16
42613,107,109,-2,2
42614,30,46,-16,16
42615,70,71,-1,1
42616,105,104,1,1
42617,92,90,2,2
42618,177,173,4,4
42619,84,88,-4,4
42620,67,80,-13,13
42621,150,125,25,25
42622,65,85,-20,20
42623,69,72,-3,3
42624,94,91,3,3
42625,87,74,13,13
42626,73,84,-11,11
42627,70,77,-7,7
42628,93,83,10,10
42629,110,106,4,4
42630,87,78,9,9
42631,109,110,-1,1
42632,71,77,-6,6
42633,103,108,-5,5
42634,152,146,6,6
42635,70,75,-5,5
42636,125,107,18,18
42637,91,94,-3,3
42638,172,170,2,2
42639,60,68,-8,8
42640,99,128,-29,29
42641,61,59,2,2
42642,91,88,3,3
42643,94,87,7,7
42644,135,129,6,6
42645,43,58,-15,15
42646,83,90,-7,7
42647,93,92,1,1
42648,116,112,4,4
42649,131,107,24,24
42650,140,152,-12,12
42651,101,109,-8,8
42652,160,152,8,8
42653,157,136,21,21
42654,147,179,-32,32
42655,151,153,-2,2
42656,162,163,-1,1
42657,52,99,-47,47
42658,77,72,5,5
42659,86,85,1,1
42660,86,91,-5,5
42661,91,84,7,7
42662,118,111,7,7
42663,103,97,6,6
42664,103,103,0,0
42665,74,75,-1,1
42666,119,115,4,4
42667,89,87,2,2
42668,107,101,6,6
42669,109,144,-35,35
42670,85,90,-5,5
42671,70,71,-1,1
42672,86,81,5,5
42673,105,104,1,1
42674,98,100,-2,2
42675,75,75,0,0
42676,50,57,-7,7
42677,67,68,-1,1
42678,76,75,1,1
42679,80,72,8,8
42680,124,128,-4,4
42681,60,68,-8,8
42682,73,73,0,0
42683,52,51,1,1
42684,102,101,1,1
42685,29,49,-20,20
42686,66,74,-8,8
42687,80,71,9,9
42688,76,73,3,3
42689,107,106,1,1
42690,68,63,5,5
42691,129,119,10,10
42692,51,55,-4,4
42693,131,138,-7,7
42694,73,78,-5,5
42695,157,150,7,7
42696,96,103,-7,7
42697,19,55,-36,36
42698,109,101,8,8
42699,67,67,0,0
42700,132,132,0,0
42701,156,132,24,24
42702,85,96,-11,11
42703,90,88,2,2
42704,85,79,6,6
42705,44,55,-11,11
42706,150,144,6,6
42707,65,70,-5,5
42708,91,103,-12,12
42709,63,76,-13,13
42710,80,84,-4,4
42711,163,173,-10,10
42712,110,100,10,10
42713,100,98,2,2
42714,89,78,11,11
42715,51,57,-6,6
42716,97,104,-7,7
42717,82,87,-5,5
42718,85,85,0,0
42719,73,78,-5,5
42720,80,71,9,9
42721,50,61,-11,11
42722,81,75,6,6
42723,68,69,-1,1
42724,76,81,-5,5
42725,75,69,6,6
42726,82,91,-9,9
42727,78,79,-1,1
42728,53,68,-15,15
42729,55,58,-3,3
42730,41,51,-10,10
42731,95,95,0,0
42732,55,54,1,1
42733,99,120,-21,21
42734,64,72,-8,8
42735,93,105,-12,12
42736,61,55,6,6
42737,95,92,3,3
42738,116,119,-3,3
42739,83,75,8,8
42740,82,74,8,8
42741,137,115,22,22
42742,69,74,-5,5
42743,69,61,8,8
42744,60,54,6,6
42745,81,88,-7,7
42746,128,130,-2,2
42747,78,73,5,5
42748,79,85,-6,6
42749,74,79,-5,5
42750,69,74,-5,5
42751,140,133,7,7
42752,108,116,-8,8
42753,61,57,4,4
42754,142,144,-2,2
42755,42,54,-12,12
42756,68,61,7,7
42757,74,78,-4,4
42758,94,96,-2,2
42759,164,160,4,4
42760,77,73,4,4
42761,94,84,10,10
42762,192,196,-4,4
42763,121,124,-3,3
42764,61,58,3,3
42765,120,126,-6,6
42766,103,102,1,1
42767,89,84,5,5
42768,100,91,9,9
42769,97,88,9,9
42770,64,68,-4,4
42771,165,165,0,0
42772,74,73,1,1
42773,65,66,-1,1
42774,39,60,-21,21
42775,183,173,10,10
42776,82,85,-3,3
42777,111,109,2,2
42778,150,139,11,11
42779,89,80,9,9
42780,116,115,1,1
42781,106,106,0,0
42782,129,135,-6,6
42783,59,64,-5,5
42784,161,139,22,22
42785,108,126,-18,18
42786,63,75,-12,12
42787,114,110,4,4
42788,80,87,-7,7
42789,81,83,-2,2
42790,72,71,1,1
42791,99,93,6,6
42792,98,82,16,16
42793,111,99,12,12
42794,120,118,2,2
42795,119,117,2,2
42796,69,72,-3,3
42797,137,129,8,8
42798,130,133,-3,3
42799,106,93,13,13
42800,58,62,-4,4
42801,144,140,4,4
42802,117,120,-3,3
42803,146,160,-14,14
42804,137,133,4,4
42805,116,123,-7,7
42806,86,80,6,6
42807,89,85,4,4
42808,107,105,2,2
42809,108,113,-5,5
42810,109,98,11,11
42811,53,57,-4,4
42812,79,69,10,10
42813,59,62,-3,3
42814,84,80,4,4
42815,156,146,10,10
42816,121,120,1,1
42817,66,66,0,0
42818,74,72,2,2
42819,47,95,-48,48
42820,106,104,2,2
42821,98,88,10,10
42822,68,63,5,5
42823,58,67,-9,9
42824,86,90,-4,4
42825,87,92,-5,5
42826,85,95,-10,10
42827,143,139,4,4
42828,168,149,19,19
42829,63,72,-9,9
42830,72,120,-48,48
42831,170,184,-14,14
42832,139,149,-10,10
42833,104,110,-6,6
42834,66,60,6,6
42835,78,77,1,1
42836,66,60,6,6
42837,78,78,0,0
42838,178,162,16,16
42839,176,171,5,5
42840,77,72,5,5
42841,51,54,-3,3
42842,112,84,28,28
42843,110,127,-17,17
42844,140,145,-5,5
42845,120,111,9,9
42846,88,86,2,2
42847,85,95,-10,10
42848,166,154,12,12
42849,71,75,-4,4
42850,112,121,-9,9
42851,73,67,6,6
42852,80,80,0,0
42853,113,129,-16,16
42854,62,63,-1,1
42855,94,72,22,22
42856,145,148,-3,3
42857,131,141,-10,10
42858,103,102,1,1
42859,98,104,-6,6
42860,84,79,5,5
42861,133,123,10,10
42862,144,139,5,5
42863,141,132,9,9
42864,119,104,15,15
42865,87,84,3,3
42866,79,84,-5,5
42867,63,71,-8,8
42868,89,96,-7,7
42869,38,50,-12,12
42870,99,104,-5,5
42871,114,105,9,9
42872,129,117,12,12
42873,155,152,3,3
42874,87,72,15,15
42875,70,71,-1,1
42876,112,105,7,7
42877,137,134,3,3
42878,92,87,5,5
42879,145,140,5,5
42880,154,135,19,19
42881,130,127,3,3
42882,45,61,-16,16
42883,63,58,5,5
42884,58,56,2,2
42885,96,102,-6,6
42886,102,99,3,3
42887,118,128,-10,10
42888,119,122,-3,3
42889,75,75,0,0
42890,115,116,-1,1
42891,94,96,-2,2
42892,108,106,2,2
42893,101,96,5,5
42894,136,137,-1,1
42895,110,113,-3,3
42896,127,124,3,3
42897,94,79,15,15
42898,124,111,13,13
42899,68,70,-2,2
42900,128,120,8,8
42901,138,137,1,1
42902,83,83,0,0
42903,125,108,17,17
42904,63,65,-2,2
42905,133,109,24,24
42906,77,74,3,3
42907,94,90,4,4
42908,116,104,12,12
42909,93,93,0,0
42910,84,87,-3,3
42911,125,124,1,1
42912,123,128,-5,5
42913,92,85,7,7
42914,155,149,6,6
42915,86,179,-93,93
42916,75,77,-2,2
42917,74,78,-4,4
42918,78,79,-1,1
42919,96,88,8,8
42920,113,122,-9,9
42921,139,164,-25,25
42922,95,90,5,5
42923,83,81,2,2
42924,128,131,-3,3
42925,102,102,0,0
42926,124,139,-15,15
42927,71,73,-2,2
42928,63,66,-3,3
42929,71,69,2,2
42930,131,139,-8,8
42931,115,137,-22,22
42932,91,87,4,4
42933,92,97,-5,5
42934,59,55,4,4
42935,138,137,1,1
42936,71,68,3,3
42937,53,66,-13,13
42938,103,105,-2,2
42939,85,78,7,7
42940,92,92,0,0
42941,109,124,-15,15
42942,74,83,-9,9
42943,100,96,4,4
42944,111,109,2,2
42945,112,110,2,2
42946,112,101,11,11
42947,31,47,-16,16
42948,57,74,-17,17
42949,194,186,8,8
42950,75,69,6,6
42951,119,119,0,0
42952,106,103,3,3
42953,89,77,12,12
42954,75,71,4,4
42955,77,77,0,0
42956,68,74,-6,6
42957,48,50,-2,2
42958,53,53,0,0
42959,91,89,2,2
42960,90,103,-13,13
42961,57,69,-12,12
42962,81,81,0,0
42963,113,111,2,2
42964,89,86,3,3
42965,74,70,4,4
42966,89,83,6,6
42967,73,79,-6,6
42968,54,59,-5,5
42969,77,79,-2,2
42970,108,95,13,13
42971,59,69,-10,10
42972,218,202,16,16
42973,118,130,-12,12
42974,86,93,-7,7
42975,153,149,4,4
42976,123,123,0,0
42977,117,120,-3,3
42978,51,55,-4,4
42979,77,75,2,2
42980,59,59,0,0
42981,69,75,-6,6
42982,67,75,-8,8
42983,83,76,7,7
42984,137,126,11,11
42985,96,85,11,11
42986,68,74,-6,6
42987,91,100,-9,9
42988,81,87,-6,6
42989,79,66,13,13
42990,50,52,-2,2
42991,78,80,-2,2
42992,32,46,-14,14
42993,64,62,2,2
42994,80,88,-8,8
42995,99,92,7,7
42996,131,139,-8,8
42997,48,48,0,0
42998,77,69,8,8
42999,128,129,-1,1
43000,120,122,-2,2
43001,55,56,-1,1
43002,79,68,11,11
43003,85,82,3,3
43004,148,138,10,10
43005,136,135,1,1
43006,111,123,-12,12
43007,105,137,-32,32
43008,93,93,0,0
43009,79,77,2,2
43010,87,83,4,4
43011,69,76,-7,7
43012,109,104,5,5
43013,156,152,4,4
43014,106,108,-2,2
43015,105,108,-3,3
43016,42,55,-13,13
43017,84,80,4,4
43018,15,43,-28,28
43019,89,98,-9,9
43020,179,178,1,1
43021,65,67,-2,2
43022,108,115,-7,7
43023,40,50,-10,10
43024,89,82,7,7
43025,138,129,9,9
43026,134,139,-5,5
43027,102,96,6,6
43028,103,99,4,4
43029,143,130,13,13
43030,65,71,-6,6
43031,74,70,4,4
43032,116,109,7,7
43033,79,79,0,0
43034,74,76,-2,2
43035,91,69,22,22
43036,99,95,4,4
43037,64,61,3,3
43038,120,114,6,6
43039,103,92,11,11
43040,90,85,5,5
43041,51,49,2,2
43042,96,86,10,10
43043,77,72,5,5
43044,142,146,-4,4
43045,77,62,15,15
43046,90,86,4,4
43047,141,140,1,1
43048,85,91,-6,6
43049,98,90,8,8
43050,146,145,1,1
43051,120,111,9,9
43052,107,113,-6,6
43053,97,100,-3,3
43054,125,132,-7,7
43055,81,86,-5,5
43056,99,104,-5,5
43057,90,93,-3,3
43058,53,56,-3,3
43059,88,78,10,10
43060,70,63,7,7
43061,57,74,-17,17
43062,77,71,6,6
43063,51,62,-11,11
43064,110,114,-4,4
43065,72,71,1,1
43066,101,102,-1,1
43067,177,161,16,16
43068,153,140,13,13
43069,157,157,0,0
43070,67,68,-1,1
43071,63,64,-1,1
43072,208,186,22,22
43073,84,78,6,6
43074,69,72,-3,3
43075,110,95,15,15
43076,85,70,15,15
43077,37,46,-9,9
43078,142,120,22,22
43079,82,91,-9,9
43080,81,86,-5,5
43081,94,93,1,1
43082,143,145,-2,2
43083,118,108,10,10
43084,86,94,-8,8
43085,76,86,-10,10
43086,73,63,10,10
43087,131,115,16,16
43088,53,65,-12,12
43089,66,65,1,1
43090,101,106,-5,5
43091,115,114,1,1
43092,136,133,3,3
43093,61,86,-25,25
43094,86,87,-1,1
43095,71,80,-9,9
43096,81,79,2,2
43097,69,77,-8,8
43098,36,49,-13,13
43099,157,156,1,1
43100,57,64,-7,7
43101,73,68,5,5
43102,185,168,17,17
43103,62,55,7,7
43104,123,125,-2,2
43105,65,64,1,1
43106,73,68,5,5
43107,98,93,5,5
43108,101,94,7,7
43109,104,101,3,3
43110,83,87,-4,4
43111,58,62,-4,4
43112,85,87,-2,2
43113,55,58,-3,3
43114,80,73,7,7
43115,66,66,0,0
43116,83,75,8,8
43117,107,116,-9,9
43118,104,97,7,7
43119,44,58,-14,14
43120,63,69,-6,6
43121,85,79,6,6
43122,133,129,4,4
43123,59,59,0,0
43124,130,110,20,20
43125,74,74,0,0
43126,62,61,1,1
43127,109,99,10,10
43128,71,73,-2,2
43129,55,89,-34,34
43130,142,140,2,2
43131,117,124,-7,7
43132,110,103,7,7
43133,35,63,-28,28
43134,85,88,-3,3
43135,63,63,0,0
43136,79,89,-10,10
43137,101,95,6,6
43138,73,78,-5,5
43139,150,157,-7,7
43140,164,144,20,20
43141,121,121,0,0
43142,56,59,-3,3
43143,82,84,-2,2
43144,115,130,-15,15
43145,103,95,8,8
43146,80,76,4,4
43147,90,101,-11,11
43148,103,97,6,6
43149,122,125,-3,3
43150,113,117,-4,4
43151,62,69,-7,7
43152,120,122,-2,2
43153,94,96,-2,2
43154,93,90,3,3
43155,52,53,-1,1
43156,89,85,4,4
43157,72,61,11,11
43158,65,58,7,7
43159,92,89,3,3
43160,59,63,-4,4
43161,86,102,-16,16
43162,119,112,7,7
43163,64,70,-6,6
43164,142,114,28,28
43165,80,83,-3,3
43166,68,68,0,0
43167,85,87,-2,2
43168,69,64,5,5
43169,157,159,-2,2
43170,120,107,13,13
43171,135,132,3,3
43172,72,67,5,5
43173,99,86,13,13
43174,88,94,-6,6
43175,101,99,2,2
43176,72,74,-2,2
43177,166,172,-6,6
43178,49,53,-4,4
43179,89,84,5,5
43180,113,104,9,9
43181,113,108,5,5
43182,85,91,-6,6
43183,67,74,-7,7
43184,89,90,-1,1
43185,63,68,-5,5
43186,52,117,-65,65
43187,127,124,3,3
43188,106,103,3,3
43189,120,106,14,14
43190,97,115,-18,18
43191,57,63,-6,6
43192,68,74,-6,6
43193,105,108,-3,3
43194,106,113,-7,7
43195,133,133,0,0
43196,63,70,-7,7
43197,58,60,-2,2
43198,106,111,-5,5
43199,103,95,8,8
43200,71,73,-2,2
43201,103,106,-3,3
43202,42,52,-10,10
43203,91,86,5,5
43204,103,111,-8,8
43205,90,89,1,1
43206,103,107,-4,4
43207,111,104,7,7
43208,132,120,12,12
43209,115,112,3,3
43210,121,128,-7,7
43211,122,113,9,9
43212,132,128,4,4
43213,32,50,-18,18
43214,110,101,9,9
43215,87,90,-3,3
43216,135,130,5,5
43217,102,98,4,4
43218,82,84,-2,2
43219,131,121,10,10
43220,102,104,-2,2
43221,52,51,1,1
43222,100,110,-10,10
43223,100,93,7,7
43224,90,96,-6,6
43225,85,89,-4,4
43226,61,61,0,0
43227,154,166,-12,12
43228,137,127,10,10
43229,107,99,8,8
43230,98,97,1,1
43231,92,91,1,1
43232,191,175,16,16
43233,113,122,-9,9
43234,104,105,-1,1
43235,62,59,3,3
43236,80,79,1,1
43237,50,50,0,0
43238,100,82,18,18
43239,126,131,-5,5
43240,113,105,8,8
43241,69,69,0,0
43242,62,63,-1,1
43243,52,70,-18,18
43244,118,116,2,2
43245,59,66,-7,7
43246,40,55,-15,15
43247,93,91,2,2
43248,105,112,-7,7
43249,127,117,10,10
43250,84,91,-7,7
43251,93,104,-11,11
43252,121,130,-9,9
43253,94,98,-4,4
43254,64,67,-3,3
43255,109,103,6,6
43256,123,135,-12,12
43257,130,127,3,3
43258,138,136,2,2
43259,67,69,-2,2
43260,99,103,-4,4
43261,84,80,4,4
43262,112,127,-15,15
43263,103,102,1,1
43264,60,55,5,5
43265,90,112,-22,22
43266,131,134,-3,3
43267,47,52,-5,5
43268,90,85,5,5
43269,81,81,0,0
43270,84,81,3,3
43271,81,81,0,0
43272,105,109,-4,4
43273,67,71,-4,4
43274,86,87,-1,1
43275,140,147,-7,7
43276,78,73,5,5
43277,96,92,4,4
43278,102,104,-2,2
43279,43,49,-6,6
43280,71,81,-10,10
43281,91,98,-7,7
43282,84,81,3,3
43283,125,120,5,5
43284,50,65,-15,15
43285,90,94,-4,4
43286,68,62,6,6
43287,129,126,3,3
43288,133,140,-7,7
43289,72,92,-20,20
43290,150,147,3,3
43291,179,169,10,10
43292,96,93,3,3
43293,72,66,6,6
43294,178,158,20,20
43295,89,87,2,2
43296,129,116,13,13
43297,84,84,0,0
43298,87,80,7,7
43299,82,75,7,7
43300,82,91,-9,9
43301,91,85,6,6
43302,112,116,-4,4
43303,88,92,-4,4
43304,100,108,-8,8
43305,164,160,4,4
43306,89,95,-6,6
43307,72,81,-9,9
43308,111,116,-5,5
43309,123,130,-7,7
43310,163,143,20,20
43311,65,66,-1,1
43312,130,139,-9,9
43313,145,145,0,0
43314,92,91,1,1
43315,50,61,-11,11
43316,73,90,-17,17
43317,57,61,-4,4
43318,89,76,13,13
43319,82,79,3,3
43320,67,65,2,2
43321,91,99,-8,8
43322,112,111,1,1
43323,73,73,0,0
43324,64,65,-1,1
43325,119,135,-16,16
43326,61,60,1,1
43327,26,44,-18,18
43328,67,69,-2,2
43329,178,168,10,10
43330,97,78,19,19
43331,132,115,17,17
43332,121,126,-5,5
43333,143,121,22,22
43334,92,97,-5,5
43335,78,81,-3,3
43336,99,102,-3,3
43337,68,64,4,4
43338,61,64,-3,3
43339,139,144,-5,5
43340,162,162,0,0
43341,86,83,3,3
43342,106,101,5,5
43343,48,47,1,1
43344,125,120,5,5
43345,123,120,3,3
43346,117,113,4,4
43347,229,198,31,31
43348,83,86,-3,3
43349,72,114,-42,42
43350,130,130,0,0
43351,49,58,-9,9
43352,124,125,-1,1
43353,123,127,-4,4
43354,127,134,-7,7
43355,78,79,-1,1
43356,87,112,-25,25
43357,129,118,11,11
43358,97,91,6,6
43359,129,142,-13,13
43360,69,67,2,2
43361,84,82,2,2
43362,122,109,13,13
43363,158,148,10,10
43364,77,84,-7,7
43365,86,101,-15,15
43366,100,104,-4,4
43367,93,99,-6,6
43368,117,113,4,4
43369,139,131,8,8
43370,100,93,7,7
43371,162,150,12,12
43372,68,73,-5,5
43373,68,68,0,0
43374,85,77,8,8
43375,105,97,8,8
43376,174,162,12,12
43377,85,86,-1,1
43378,108,100,8,8
43379,67,69,-2,2
43380,115,114,1,1
43381,63,62,1,1
43382,107,103,4,4
43383,99,108,-9,9
43384,52,53,-1,1
43385,87,83,4,4
43386,125,94,31,31
43387,64,56,8,8
43388,101,110,-9,9
43389,118,120,-2,2
43390,129,128,1,1
43391,100,103,-3,3
43392,71,66,5,5
43393,70,83,-13,13
43394,70,72,-2,2
43395,101,84,17,17
43396,71,75,-4,4
43397,70,67,3,3
43398,115,113,2,2
43399,56,54,2,2
43400,106,103,3,3
43401,125,125,0,0
43402,104,101,3,3
43403,84,82,2,2
43404,64,66,-2,2
43405,82,83,-1,1
43406,99,107,-8,8
43407,167,165,2,2
43408,107,109,-2,2
43409,91,89,2,2
43410,83,86,-3,3
43411,89,77,12,12
43412,92,88,4,4
43413,114,108,6,6
43414,126,107,19,19
43415,133,130,3,3
43416,51,56,-5,5
43417,87,81,6,6
43418,67,64,3,3
43419,67,67,0,0
43420,142,131,11,11
43421,139,130,9,9
43422,125,111,14,14
43423,81,77,4,4
43424,210,191,19,19
43425,113,108,5,5
43426,57,69,-12,12
43427,94,99,-5,5
43428,121,98,23,23
43429,107,106,1,1
43430,38,55,-17,17
43431,81,85,-4,4
43432,126,112,14,14
43433,248,246,2,2
43434,92,92,0,0
43435,153,145,8,8
43436,127,129,-2,2
43437,45,52,-7,7
43438,81,109,-28,28
43439,164,164,0,0
43440,140,151,-11,11
43441,114,112,2,2
43442,115,116,-1,1
43443,87,83,4,4
43444,57,59,-2,2
43445,51,51,0,0
43446,95,108,-13,13
43447,33,56,-23,23
43448,128,123,5,5
43449,101,96,5,5
43450,75,74,1,1
43451,138,134,4,4
43452,136,125,11,11
43453,63,83,-20,20
43454,80,63,17,17
43455,90,103,-13,13
43456,47,50,-3,3
43457,96,95,1,1
43458,62,62,0,0
43459,98,94,4,4
43460,140,141,-1,1
43461,84,74,10,10
43462,143,146,-3,3
43463,84,87,-3,3
43464,151,155,-4,4
43465,87,81,6,6
43466,107,116,-9,9
43467,118,111,7,7
43468,60,65,-5,5
43469,82,86,-4,4
43470,167,161,6,6
43471,110,101,9,9
43472,98,95,3,3
43473,83,86,-3,3
43474,76,75,1,1
43475,93,102,-9,9
43476,102,101,1,1
43477,76,67,9,9
43478,76,83,-7,7
43479,115,113,2,2
43480,77,79,-2,2
43481,98,94,4,4
43482,149,143,6,6
43483,78,75,3,3
43484,119,122,-3,3
43485,121,116,5,5
43486,46,75,-29,29
43487,67,76,-9,9
43488,129,121,8,8
43489,114,118,-4,4
43490,73,76,-3,3
43491,118,117,1,1
43492,90,92,-2,2
43493,165,162,3,3
43494,147,147,0,0
43495,52,49,3,3
43496,111,120,-9,9
43497,160,142,18,18
43498,88,95,-7,7
43499,105,108,-3,3
43500,105,93,12,12
43501,90,91,-1,1
43502,120,123,-3,3
43503,89,74,15,15
43504,79,80,-1,1
43505,82,89,-7,7
43506,122,127,-5,5
43507,96,91,5,5
43508,48,50,-2,2
43509,70,67,3,3
43510,65,76,-11,11
43511,78,80,-2,2
43512,133,130,3,3
43513,48,52,-4,4
43514,90,90,0,0
43515,54,57,-3,3
43516,104,93,11,11
43517,91,82,9,9
43518,112,109,3,3
43519,63,69,-6,6
43520,113,111,2,2
43521,99,87,12,12
43522,100,98,2,2
43523,69,69,0,0
43524,122,118,4,4
43525,84,85,-1,1
43526,119,107,12,12
43527,103,94,9,9
43528,91,109,-18,18
43529,55,59,-4,4
43530,64,70,-6,6
43531,87,86,1,1
43532,220,208,12,12
43533,85,86,-1,1
43534,63,70,-7,7
43535,64,63,1,1
43536,109,118,-9,9
43537,80,76,4,4
43538,91,87,4,4
43539,146,149,-3,3
43540,125,125,0,0
43541,130,135,-5,5
43542,127,142,-15,15
43543,113,101,12,12
43544,125,126,-1,1
43545,84,86,-2,2
43546,111,110,1,1
43547,138,128,10,10
43548,47,52,-5,5
43549,75,82,-7,7
43550,98,109,-11,11
43551,163,158,5,5
43552,140,127,13,13
43553,50,59,-9,9
43554,77,77,0,0
43555,64,63,1,1
43556,76,73,3,3
43557,108,105,3,3
43558,53,52,1,1
43559,65,73,-8,8
43560,197,190,7,7
43561,182,172,10,10
43562,71,68,3,3
43563,134,116,18,18
43564,126,116,10,10
43565,54,58,-4,4
43566,132,139,-7,7
43567,86,79,7,7
43568,106,109,-3,3
43569,53,63,-10,10
43570,87,89,-2,2
43571,80,80,0,0
43572,150,155,-5,5
43573,49,50,-1,1
43574,137,105,32,32
43575,51,54,-3,3
43576,90,82,8,8
43577,125,123,2,2
43578,110,115,-5,5
43579,112,117,-5,5
43580,51,56,-5,5
43581,105,93,12,12
43582,110,113,-3,3
43583,93,98,-5,5
43584,169,163,6,6
43585,97,79,18,18
43586,97,81,16,16
43587,89,92,-3,3
43588,75,76,-1,1
43589,119,119,0,0
43590,93,98,-5,5
43591,53,62,-9,9
43592,121,104,17,17
43593,61,77,-16,16
43594,98,106,-8,8
43595,92,94,-2,2
43596,63,59,4,4
43597,101,88,13,13
43598,180,170,10,10
43599,70,73,-3,3
43600,66,66,0,0
43601,121,198,-77,77
43602,100,99,1,1
43603,151,146,5,5
43604,44,65,-21,21
43605,93,92,1,1
43606,79,72,7,7
43607,133,123,10,10
43608,51,60,-9,9
43609,111,114,-3,3
43610,83,84,-1,1
43611,93,101,-8,8
43612,78,68,10,10
43613,75,74,1,1
43614,133,135,-2,2
43615,128,119,9,9
43616,98,103,-5,5
43617,137,123,14,14
43618,79,85,-6,6
43619,90,85,5,5
43620,62,64,-2,2
43621,170,175,-5,5
43622,123,120,3,3
43623,57,63,-6,6
43624,87,98,-11,11
43625,35,55,-20,20
43626,76,83,-7,7
43627,95,83,12,12
43628,63,64,-1,1
43629,74,74,0,0
43630,125,135,-10,10
43631,115,118,-3,3
43632,63,62,1,1
43633,141,136,5,5
43634,78,77,1,1
43635,71,72,-1,1
43636,90,89,1,1
43637,235,226,9,9
43638,118,109,9,9
43639,65,68,-3,3
43640,98,91,7,7
43641,97,106,-9,9
43642,48,57,-9,9
43643,110,111,-1,1
43644,96,95,1,1
43645,119,115,4,4
43646,141,135,6,6
43647,80,80,0,0
43648,88,111,-23,23
43649,93,93,0,0
43650,141,140,1,1
43651,59,73,-14,14
43652,98,96,2,2
43653,66,77,-11,11
43654,91,91,0,0
43655,90,87,3,3
43656,111,110,1,1
43657,96,95,1,1
43658,103,101,2,2
43659,59,61,-2,2
43660,68,70,-2,2
43661,73,74,-1,1
43662,60,65,-5,5
43663,75,91,-16,16
43664,65,71,-6,6
43665,91,92,-1,1
43666,53,63,-10,10
43667,97,102,-5,5
43668,66,61,5,5
43669,94,96,-2,2
43670,97,96,1,1
43671,81,80,1,1
43672,134,130,4,4
43673,96,102,-6,6
43674,115,117,-2,2
43675,51,70,-19,19
43676,75,78,-3,3
43677,157,148,9,9
43678,86,88,-2,2
43679,147,151,-4,4
43680,85,84,1,1
43681,88,94,-6,6
43682,46,50,-4,4
43683,119,120,-1,1
43684,109,100,9,9
43685,142,146,-4,4
43686,95,97,-2,2
43687,93,100,-7,7
43688,79,77,2,2
43689,142,140,2,2
43690,83,85,-2,2
43691,93,89,4,4
43692,149,115,34,34
43693,114,102,12,12
43694,99,88,11,11
43695,125,129,-4,4
43696,116,107,9,9
43697,131,139,-8,8
43698,103,96,7,7
43699,79,73,6,6
43700,171,170,1,1
43701,69,75,-6,6
43702,78,88,-10,10
43703,67,84,-17,17
43704,82,80,2,2
43705,110,119,-9,9
43706,171,163,8,8
43707,46,52,-6,6
43708,60,60,0,0
43709,179,165,14,14
43710,68,75,-7,7
43711,66,66,0,0
43712,67,67,0,0
43713,87,104,-17,17
43714,61,66,-5,5
43715,61,69,-8,8
43716,122,129,-7,7
43717,96,95,1,1
43718,106,90,16,16
43719,54,52,2,2
43720,76,78,-2,2
43721,111,117,-6,6
43722,44,55,-11,11
43723,163,162,1,1
43724,71,61,10,10
43725,74,72,2,2
43726,97,100,-3,3
43727,134,132,2,2
43728,82,75,7,7
43729,79,101,-22,22
43730,138,125,13,13
43731,82,99,-17,17
43732,152,152,0,0
43733,111,115,-4,4
43734,123,115,8,8
43735,77,68,9,9
43736,146,140,6,6
43737,82,80,2,2
43738,69,73,-4,4
43739,91,100,-9,9
43740,166,159,7,7
43741,53,56,-3,3
43742,71,68,3,3
43743,84,80,4,4
43744,68,71,-3,3
43745,94,105,-11,11
43746,101,130,-29,29
43747,106,104,2,2
43748,93,84,9,9
43749,69,71,-2,2
43750,136,126,10,10
43751,90,89,1,1
43752,87,74,13,13
43753,64,61,3,3
43754,62,104,-42,42
43755,77,82,-5,5
43756,47,64,-17,17
43757,122,119,3,3
43758,67,69,-2,2
43759,87,94,-7,7
43760,84,74,10,10
43761,68,71,-3,3
43762,60,64,-4,4
43763,75,77,-2,2
43764,90,84,6,6
43765,69,83,-14,14
43766,77,74,3,3
43767,82,80,2,2
43768,127,128,-1,1
43769,58,59,-1,1
43770,151,143,8,8
43771,125,133,-8,8
43772,114,112,2,2
43773,106,113,-7,7
43774,85,90,-5,5
43775,92,90,2,2
43776,70,67,3,3
43777,124,126,-2,2
43778,97,103,-6,6
43779,71,80,-9,9
43780,146,152,-6,6
43781,93,94,-1,1
43782,91,88,3,3
43783,63,61,2,2
43784,60,62,-2,2
43785,84,102,-18,18
43786,192,198,-6,6
43787,93,87,6,6
43788,133,124,9,9
43789,95,92,3,3
43790,65,60,5,5
43791,81,91,-10,10
43792,107,113,-6,6
43793,131,123,8,8
43794,130,136,-6,6
43795,68,60,8,8
43796,77,81,-4,4
43797,112,120,-8,8
43798,67,75,-8,8
43799,91,89,2,2
43800,90,85,5,5
43801,125,126,-1,1
43802,69,64,5,5
43803,106,107,-1,1
43804,110,102,8,8
43805,65,65,0,0
43806,87,89,-2,2
43807,60,57,3,3
43808,91,85,6,6
43809,153,142,11,11
43810,95,93,2,2
43811,150,142,8,8
43812,61,67,-6,6
43813,169,178,-9,9
43814,76,74,2,2
43815,93,94,-1,1
43816,75,71,4,4
43817,76,84,-8,8
43818,85,102,-17,17
43819,63,69,-6,6
43820,86,90,-4,4
43821,111,107,4,4
43822,81,79,2,2
43823,225,177,48,48
43824,49,73,-24,24
43825,90,93,-3,3
43826,67,67,0,0
43827,109,114,-5,5
43828,103,95,8,8
43829,73,69,4,4
43830,137,136,1,1
43831,93,97,-4,4
43832,68,69,-1,1
43833,82,99,-17,17
43834,66,73,-7,7
43835,110,96,14,14
43836,170,175,-5,5
43837,104,101,3,3
43838,73,77,-4,4
43839,137,134,3,3
43840,55,54,1,1
43841,52,59,-7,7
43842,95,91,4,4
43843,48,50,-2,2
43844,67,76,-9,9
43845,64,67,-3,3
43846,71,71,0,0
43847,77,73,4,4
43848,66,63,3,3
43849,78,75,3,3
43850,71,74,-3,3
43851,117,119,-2,2
43852,83,75,8,8
43853,43,55,-12,12
43854,100,94,6,6
43855,50,62,-12,12
43856,140,146,-6,6
43857,86,104,-18,18
43858,63,62,1,1
43859,91,91,0,0
43860,113,107,6,6
43861,63,64,-1,1
43862,61,63,-2,2
43863,78,86,-8,8
43864,34,50,-16,16
43865,90,101,-11,11
43866,47,54,-7,7
43867,64,72,-8,8
43868,58,67,-9,9
43869,116,122,-6,6
43870,117,117,0,0
43871,84,92,-8,8
43872,105,109,-4,4
43873,86,86,0,0
43874,68,68,0,0
43875,131,141,-10,10
43876,77,80,-3,3
43877,76,68,8,8
43878,117,105,12,12
43879,97,94,3,3
43880,123,123,0,0
43881,98,101,-3,3
43882,71,70,1,1
43883,127,123,4,4
43884,56,59,-3,3
43885,122,112,10,10
43886,49,58,-9,9
43887,60,65,-5,5
43888,115,110,5,5
43889,78,81,-3,3
43890,46,53,-7,7
43891,119,119,0,0
43892,129,147,-18,18
43893,66,63,3,3
43894,142,143,-1,1
43895,79,78,1,1
43896,71,77,-6,6
43897,144,142,2,2
43898,106,109,-3,3
43899,77,80,-3,3
43900,74,79,-5,5
43901,69,65,4,4
43902,88,82,6,6
43903,59,60,-1,1
43904,123,121,2,2
43905,54,60,-6,6
43906,43,53,-10,10
43907,155,139,16,16
43908,68,68,0,0
43909,131,133,-2,2
43910,146,141,5,5
43911,102,78,24,24
43912,80,81,-1,1
43913,57,63,-6,6
43914,81,81,0,0
43915,104,118,-14,14
43916,39,51,-12,12
43917,78,80,-2,2
43918,112,105,7,7
43919,44,83,-39,39
43920,79,79,0,0
43921,132,132,0,0
43922,117,131,-14,14
43923,80,86,-6,6
43924,88,79,9,9
43925,61,63,-2,2
43926,57,54,3,3
43927,123,125,-2,2
43928,60,66,-6,6
43929,113,105,8,8
43930,64,67,-3,3
43931,101,91,10,10
43932,143,145,-2,2
43933,71,78,-7,7
43934,80,72,8,8
43935,70,68,2,2
43936,45,56,-11,11
43937,44,55,-11,11
43938,92,84,8,8
43939,67,71,-4,4
43940,63,55,8,8
43941,139,134,5,5
43942,127,119,8,8
43943,69,69,0,0
43944,136,132,4,4
43945,109,119,-10,10
43946,120,120,0,0
43947,63,62,1,1
43948,50,53,-3,3
43949,97,91,6,6
43950,103,93,10,10
43951,89,83,6,6
43952,85,81,4,4
43953,173,167,6,6
43954,128,129,-1,1
43955,171,172,-1,1
43956,49,59,-10,10
43957,99,84,15,15
43958,129,142,-13,13
43959,85,90,-5,5
43960,102,98,4,4
43961,124,125,-1,1
43962,122,111,11,11
43963,137,136,1,1
43964,89,100,-11,11
43965,51,48,3,3
43966,81,100,-19,19
43967,88,79,9,9
43968,76,80,-4,4
43969,111,119,-8,8
43970,86,85,1,1
43971,131,128,3,3
43972,23,49,-26,26
43973,109,107,2,2
43974,84,81,3,3
43975,101,102,-1,1
43976,139,139,0,0
43977,58,67,-9,9
43978,71,73,-2,2
43979,95,81,14,14
43980,70,68,2,2
43981,65,73,-8,8
43982,95,89,6,6
43983,109,103,6,6
43984,57,60,-3,3
43985,103,104,-1,1
43986,184,166,18,18
43987,80,76,4,4
43988,103,105,-2,2
43989,94,125,-31,31
43990,62,60,2,2
43991,110,89,21,21
43992,109,112,-3,3
43993,47,53,-6,6
43994,107,111,-4,4
43995,184,169,15,15
43996,122,134,-12,12
43997,155,159,-4,4
43998,66,73,-7,7
43999,63,63,0,0
44000,104,120,-16,16
44001,100,89,11,11
44002,82,101,-19,19
44003,162,165,-3,3
44004,122,126,-4,4
44005,78,136,-58,58
44006,71,63,8,8
44007,131,115,16,16
44008,113,102,11,11
44009,84,88,-4,4
44010,65,62,3,3
44011,81,84,-3,3
44012,93,81,12,12
44013,67,68,-1,1
44014,148,133,15,15
44015,72,76,-4,4
44016,106,100,6,6
44017,79,89,-10,10
44018,113,116,-3,3
44019,66,65,1,1
44020,68,66,2,2
44021,63,62,1,1
44022,81,99,-18,18
44023,117,114,3,3
44024,70,109,-39,39
44025,78,76,2,2
44026,165,175,-10,10
44027,40,51,-11,11
44028,85,89,-4,4
44029,73,112,-39,39
44030,104,99,5,5
44031,129,119,10,10
44032,116,106,10,10
44033,115,110,5,5
44034,82,79,3,3
44035,84,87,-3,3
44036,82,86,-4,4
44037,29,64,-35,35
44038,64,74,-10,10
44039,66,55,11,11
44040,114,112,2,2
44041,146,134,12,12
44042,65,61,4,4
44043,42,52,-10,10
44044,157,159,-2,2
44045,89,86,3,3
44046,116,133,-17,17
44047,54,57,-3,3
44048,77,74,3,3
44049,79,80,-1,1
44050,137,137,0,0
44051,67,65,2,2
44052,105,115,-10,10
44053,149,124,25,25
44054,57,64,-7,7
44055,104,115,-11,11
44056,89,97,-8,8
44057,82,88,-6,6
44058,106,121,-15,15
44059,191,183,8,8
44060,87,84,3,3
44061,58,58,0,0
44062,114,113,1,1
44063,114,120,-6,6
44064,118,113,5,5
44065,159,150,9,9
44066,58,55,3,3
44067,95,95,0,0
44068,74,79,-5,5
44069,135,123,12,12
44070,134,135,-1,1
44071,87,86,1,1
44072,130,118,12,12
44073,119,119,0,0
44074,142,136,6,6
44075,152,153,-1,1
44076,105,102,3,3
44077,63,64,-1,1
44078,92,94,-2,2
44079,75,69,6,6
44080,96,94,2,2
44081,75,69,6,6
44082,56,53,3,3
44083,72,71,1,1
44084,89,105,-16,16
44085,58,60,-2,2
44086,76,76,0,0
44087,90,110,-20,20
44088,73,82,-9,9
44089,78,77,1,1
44090,110,122,-12,12
44091,174,150,24,24
44092,104,88,16,16
44093,94,98,-4,4
44094,165,152,13,13
44095,107,96,11,11
44096,78,77,1,1
44097,90,85,5,5
44098,124,121,3,3
44099,129,118,11,11
44100,66,66,0,0
44101,73,79,-6,6
44102,139,146,-7,7
44103,72,80,-8,8
44104,140,135,5,5
44105,93,97,-4,4
44106,135,128,7,7
44107,56,57,-1,1
44108,76,71,5,5
44109,102,104,-2,2
44110,102,105,-3,3
44111,130,127,3,3
44112,152,150,2,2
44113,76,73,3,3
44114,178,184,-6,6
44115,85,76,9,9
44116,78,71,7,7
44117,97,115,-18,18
44118,113,122,-9,9
44119,81,87,-6,6
44120,65,76,-11,11
44121,42,58,-16,16
44122,72,85,-13,13
44123,115,114,1,1
44124,80,87,-7,7
44125,39,51,-12,12
44126,85,79,6,6
44127,101,95,6,6
44128,158,159,-1,1
44129,91,93,-2,2
44130,68,69,-1,1
44131,112,119,-7,7
44132,161,163,-2,2
44133,147,158,-11,11
44134,63,64,-1,1
44135,60,71,-11,11
44136,84,83,1,1
44137,112,111,1,1
44138,129,122,7,7
44139,136,140,-4,4
44140,130,127,3,3
44141,74,76,-2,2
44142,111,112,-1,1
44143,118,122,-4,4
44144,60,62,-2,2
44145,59,67,-8,8
44146,90,91,-1,1
44147,72,75,-3,3
44148,118,120,-2,2
44149,63,62,1,1
44150,91,90,1,1
44151,106,110,-4,4
44152,89,85,4,4
44153,111,113,-2,2
44154,131,128,3,3
44155,85,92,-7,7
44156,97,100,-3,3
44157,41,64,-23,23
44158,104,108,-4,4
44159,137,143,-6,6
44160,110,104,6,6
44161,50,72,-22,22
44162,143,133,10,10
44163,110,109,1,1
44164,79,86,-7,7
44165,79,81,-2,2
44166,71,76,-5,5
44167,116,121,-5,5
44168,89,84,5,5
44169,85,85,0,0
44170,62,67,-5,5
44171,105,95,10,10
44172,110,116,-6,6
44173,68,78,-10,10
44174,125,130,-5,5
44175,120,118,2,2
44176,118,115,3,3
44177,63,60,3,3
44178,42,50,-8,8
44179,49,59,-10,10
44180,96,95,1,1
44181,107,112,-5,5
44182,108,117,-9,9
44183,94,94,0,0
44184,89,88,1,1
44185,117,116,1,1
44186,120,125,-5,5
44187,71,71,0,0
44188,71,76,-5,5
44189,58,61,-3,3
44190,90,101,-11,11
44191,118,111,7,7
44192,43,67,-24,24
44193,78,78,0,0
44194,159,150,9,9
44195,99,111,-12,12
44196,92,95,-3,3
44197,148,139,9,9
44198,97,84,13,13
44199,84,91,-7,7
44200,45,48,-3,3
44201,63,65,-2,2
44202,117,112,5,5
44203,122,120,2,2
44204,115,108,7,7
44205,110,106,4,4
44206,114,108,6,6
44207,71,73,-2,2
44208,132,143,-11,11
44209,73,71,2,2
44210,137,133,4,4
44211,79,80,-1,1
44212,79,66,13,13
44213,106,106,0,0
44214,99,91,8,8
44215,77,99,-22,22
44216,127,133,-6,6
44217,96,91,5,5
44218,66,65,1,1
44219,63,68,-5,5
44220,95,98,-3,3
44221,97,92,5,5
44222,42,49,-7,7
44223,60,53,7,7
44224,59,67,-8,8
44225,66,67,-1,1
44226,140,103,37,37
44227,64,67,-3,3
44228,72,71,1,1
44229,85,80,5,5
44230,119,97,22,22
44231,99,92,7,7
44232,133,125,8,8
44233,75,78,-3,3
44234,66,66,0,0
44235,102,97,5,5
44236,63,70,-7,7
44237,133,129,4,4
44238,144,143,1,1
44239,141,129,12,12
44240,97,106,-9,9
44241,90,96,-6,6
44242,124,128,-4,4
44243,123,126,-3,3
44244,191,174,17,17
44245,62,57,5,5
44246,58,66,-8,8
44247,98,92,6,6
44248,113,111,2,2
44249,107,98,9,9
44250,106,109,-3,3
44251,95,93,2,2
44252,144,136,8,8
44253,50,50,0,0
44254,195,174,21,21
44255,122,106,16,16
44256,97,85,12,12
44257,71,66,5,5
44258,153,143,10,10
44259,67,69,-2,2
44260,51,58,-7,7
44261,65,74,-9,9
44262,78,78,0,0
44263,87,83,4,4
44264,72,78,-6,6
44265,81,79,2,2
44266,149,143,6,6
44267,119,104,15,15
44268,102,92,10,10
44269,93,90,3,3
44270,116,119,-3,3
44271,125,124,1,1
44272,138,132,6,6
44273,75,85,-10,10
44274,100,99,1,1
44275,107,96,11,11
44276,91,119,-28,28
44277,135,134,1,1
44278,47,57,-10,10
44279,95,86,9,9
44280,88,98,-10,10
44281,71,67,4,4
44282,110,126,-16,16
44283,108,109,-1,1
44284,49,60,-11,11
44285,48,55,-7,7
44286,93,93,0,0
44287,94,92,2,2
44288,140,138,2,2
44289,68,60,8,8
44290,79,87,-8,8
44291,147,147,0,0
44292,107,96,11,11
44293,77,75,2,2
44294,87,89,-2,2
44295,183,183,0,0
44296,123,114,9,9
44297,143,137,6,6
44298,94,93,1,1
44299,96,89,7,7
44300,85,90,-5,5
44301,112,114,-2,2
44302,82,84,-2,2
44303,103,102,1,1
44304,98,98,0,0
44305,104,111,-7,7
44306,81,76,5,5
44307,57,61,-4,4
44308,113,128,-15,15
44309,80,81,-1,1
44310,117,116,1,1
44311,68,63,5,5
44312,76,76,0,0
44313,69,77,-8,8
44314,86,91,-5,5
44315,107,93,14,14
44316,63,57,6,6
44317,127,129,-2,2
44318,87,83,4,4
44319,82,81,1,1
44320,92,88,4,4
44321,78,80,-2,2
44322,117,112,5,5
44323,93,104,-11,11
44324,116,118,-2,2
44325,51,59,-8,8
44326,80,75,5,5
44327,126,132,-6,6
44328,48,72,-24,24
44329,183,181,2,2
44330,61,65,-4,4
44331,128,134,-6,6
44332,95,85,10,10
44333,107,94,13,13
44334,87,94,-7,7
44335,136,141,-5,5
44336,49,53,-4,4
44337,77,71,6,6
44338,114,111,3,3
44339,139,128,11,11
44340,90,91,-1,1
44341,164,184,-20,20
44342,124,135,-11,11
44343,115,119,-4,4
44344,111,105,6,6
44345,144,144,0,0
44346,72,79,-7,7
44347,121,117,4,4
44348,131,123,8,8
44349,99,110,-11,11
44350,55,60,-5,5
44351,125,119,6,6
44352,43,52,-9,9
44353,75,68,7,7
44354,71,69,2,2
44355,62,64,-2,2
44356,86,84,2,2
44357,78,79,-1,1
44358,101,99,2,2
44359,81,82,-1,1
44360,144,131,13,13
44361,121,111,10,10
44362,84,81,3,3
44363,91,87,4,4
44364,108,127,-19,19
44365,84,84,0,0
44366,96,87,9,9
44367,130,132,-2,2
44368,53,54,-1,1
44369,111,122,-11,11
44370,65,59,6,6
44371,138,129,9,9
44372,39,49,-10,10
44373,54,62,-8,8
44374,48,50,-2,2
44375,62,59,3,3
44376,110,110,0,0
44377,88,89,-1,1
44378,92,84,8,8
44379,124,117,7,7
44380,86,86,0,0
44381,89,98,-9,9
44382,96,103,-7,7
44383,50,55,-5,5
44384,92,85,7,7
44385,70,72,-2,2
44386,101,102,-1,1
44387,143,138,5,5
44388,128,143,-15,15
44389,83,88,-5,5
44390,59,59,0,0
44391,131,127,4,4
44392,79,74,5,5
44393,66,61,5,5
44394,110,100,10,10
44395,99,96,3,3
44396,100,104,-4,4
44397,92,92,0,0
44398,115,106,9,9
44399,87,77,10,10
44400,105,96,9,9
44401,77,78,-1,1
44402,93,94,-1,1
44403,124,122,2,2
44404,71,78,-7,7
44405,68,69,-1,1
44406,107,117,-10,10
44407,130,131,-1,1
44408,32,53,-21,21
44409,96,112,-16,16
44410,82,76,6,6
44411,73,71,2,2
44412,57,84,-27,27
44413,60,63,-3,3
44414,61,60,1,1
44415,127,116,11,11
44416,67,63,4,4
44417,148,135,13,13
44418,111,109,2,2
44419,119,114,5,5
44420,86,77,9,9
44421,88,86,2,2
44422,68,65,3,3
44423,65,71,-6,6
44424,64,71,-7,7
44425,158,135,23,23
44426,144,129,15,15
44427,91,90,1,1
44428,63,64,-1,1
44429,88,91,-3,3
44430,122,108,14,14
44431,51,57,-6,6
44432,124,136,-12,12
44433,118,104,14,14
44434,49,51,-2,2
44435,94,83,11,11
44436,69,66,3,3
44437,168,161,7,7
44438,79,83,-4,4
44439,70,75,-5,5
44440,199,197,2,2
44441,43,57,-14,14
44442,85,88,-3,3
44443,51,56,-5,5
44444,135,130,5,5
44445,57,75,-18,18
44446,191,197,-6,6
44447,94,102,-8,8
44448,109,112,-3,3
44449,76,72,4,4
44450,175,175,0,0
44451,126,132,-6,6
44452,143,136,7,7
44453,101,99,2,2
44454,50,76,-26,26
44455,84,89,-5,5
44456,94,91,3,3
44457,110,110,0,0
44458,170,149,21,21
44459,149,142,7,7
44460,94,95,-1,1
44461,102,106,-4,4
44462,118,131,-13,13
44463,112,116,-4,4
44464,108,107,1,1
44465,58,62,-4,4
44466,39,111,-72,72
44467,112,108,4,4
44468,107,118,-11,11
44469,61,59,2,2
44470,99,97,2,2
44471,62,74,-12,12
44472,119,112,7,7
44473,105,99,6,6
44474,93,84,9,9
44475,109,108,1,1
44476,132,127,5,5
44477,83,109,-26,26
44478,46,54,-8,8
44479,170,159,11,11
44480,217,189,28,28
44481,119,119,0,0
44482,140,158,-18,18
44483,106,104,2,2
44484,100,99,1,1
44485,61,61,0,0
44486,111,132,-21,21
44487,117,102,15,15
44488,68,78,-10,10
44489,94,93,1,1
44490,74,70,4,4
44491,109,118,-9,9
44492,98,117,-19,19
44493,103,96,7,7
44494,78,89,-11,11
44495,80,81,-1,1
44496,83,81,2,2
44497,76,83,-7,7
44498,110,108,2,2
44499,152,148,4,4
44500,81,72,9,9
44501,133,137,-4,4
44502,66,65,1,1
44503,102,99,3,3
44504,102,101,1,1
44505,53,59,-6,6
44506,139,138,1,1
44507,133,126,7,7
44508,57,60,-3,3
44509,61,64,-3,3
44510,116,105,11,11
44511,97,95,2,2
44512,187,166,21,21
44513,62,60,2,2
44514,102,98,4,4
44515,62,71,-9,9
44516,48,51,-3,3
44517,108,116,-8,8
44518,68,65,3,3
44519,112,112,0,0
44520,154,147,7,7
44521,76,76,0,0
44522,110,116,-6,6
44523,89,91,-2,2
44524,128,125,3,3
44525,61,68,-7,7
44526,60,67,-7,7
44527,143,144,-1,1
44528,107,114,-7,7
44529,76,66,10,10
44530,79,79,0,0
44531,65,65,0,0
44532,104,107,-3,3
44533,145,144,1,1
44534,86,74,12,12
44535,83,83,0,0
44536,88,102,-14,14
44537,178,168,10,10
44538,116,123,-7,7
44539,105,124,-19,19
44540,72,79,-7,7
44541,77,75,2,2
44542,56,61,-5,5
44543,109,97,12,12
44544,45,53,-8,8
44545,106,99,7,7
44546,42,47,-5,5
44547,118,122,-4,4
44548,102,95,7,7
44549,47,66,-19,19
44550,70,72,-2,2
44551,103,103,0,0
44552,123,129,-6,6
44553,170,169,1,1
44554,124,129,-5,5
44555,98,102,-4,4
44556,57,66,-9,9
44557,122,133,-11,11
44558,59,58,1,1
44559,107,102,5,5
44560,73,68,5,5
44561,65,64,1,1
44562,53,58,-5,5
44563,152,146,6,6
44564,81,71,10,10
44565,87,83,4,4
44566,77,73,4,4
44567,129,136,-7,7
44568,165,163,2,2
44569,111,113,-2,2
44570,108,115,-7,7
44571,67,70,-3,3
44572,78,77,1,1
44573,105,99,6,6
44574,72,68,4,4
44575,75,85,-10,10
44576,85,80,5,5
44577,57,56,1,1
44578,115,124,-9,9
44579,74,74,0,0
44580,170,162,8,8
44581,90,94,-4,4
44582,85,86,-1,1
44583,65,69,-4,4
44584,45,47,-2,2
44585,160,143,17,17
44586,160,150,10,10
44587,99,102,-3,3
44588,62,71,-9,9
44589,121,125,-4,4
44590,129,124,5,5
44591,98,102,-4,4
44592,104,99,5,5
44593,69,70,-1,1
44594,75,68,7,7
44595,95,90,5,5
44596,118,122,-4,4
44597,94,137,-43,43
44598,100,106,-6,6
44599,129,121,8,8
44600,118,120,-2,2
44601,57,159,-102,102
44602,68,67,1,1
44603,123,126,-3,3
44604,93,85,8,8
44605,53,82,-29,29
44606,92,89,3,3
44607,78,80,-2,2
44608,175,150,25,25
44609,115,129,-14,14
44610,70,76,-6,6
44611,161,141,20,20
44612,61,62,-1,1
44613,64,64,0,0
44614,86,90,-4,4
44615,84,86,-2,2
44616,152,140,12,12
44617,116,114,2,2
44618,53,57,-4,4
44619,57,60,-3,3
44620,68,75,-7,7
44621,178,174,4,4
44622,93,87,6,6
44623,120,114,6,6
44624,136,139,-3,3
44625,39,55,-16,16
44626,102,99,3,3
44627,167,174,-7,7
44628,65,65,0,0
44629,50,60,-10,10
44630,80,77,3,3
44631,126,121,5,5
44632,67,68,-1,1
44633,59,72,-13,13
44634,116,114,2,2
44635,95,95,0,0
44636,57,59,-2,2
44637,75,84,-9,9
44638,99,100,-1,1
44639,94,93,1,1
44640,65,63,2,2
44641,90,90,0,0
44642,126,114,12,12
44643,86,95,-9,9
44644,103,101,2,2
44645,92,103,-11,11
44646,120,119,1,1
44647,86,81,5,5
44648,19,48,-29,29
44649,138,134,4,4
44650,86,86,0,0
44651,126,125,1,1
44652,103,101,2,2
44653,89,86,3,3
44654,71,72,-1,1
44655,63,60,3,3
44656,76,77,-1,1
44657,154,151,3,3
44658,64,65,-1,1
44659,73,73,0,0
44660,61,61,0,0
44661,57,68,-11,11
44662,142,147,-5,5
44663,193,184,9,9
44664,58,75,-17,17
44665,89,97,-8,8
44666,88,89,-1,1
44667,121,119,2,2
44668,110,108,2,2
44669,116,113,3,3
44670,100,96,4,4
44671,62,61,1,1
44672,100,108,-8,8
44673,146,129,17,17
44674,33,48,-15,15
44675,105,108,-3,3
44676,93,90,3,3
44677,48,58,-10,10
44678,74,74,0,0
44679,55,52,3,3
44680,77,71,6,6
44681,83,75,8,8
44682,162,153,9,9
44683,59,61,-2,2
44684,196,190,6,6
44685,95,87,8,8
44686,64,63,1,1
44687,107,111,-4,4
44688,163,155,8,8
44689,78,75,3,3
44690,66,74,-8,8
44691,62,71,-9,9
44692,109,101,8,8
44693,77,77,0,0
44694,125,119,6,6
44695,103,98,5,5
44696,81,76,5,5
44697,50,52,-2,2
44698,116,134,-18,18
44699,70,79,-9,9
44700,68,63,5,5
44701,96,91,5,5
44702,155,137,18,18
44703,128,135,-7,7
44704,75,76,-1,1
44705,116,113,3,3
44706,88,89,-1,1
44707,100,89,11,11
44708,73,74,-1,1
44709,140,144,-4,4
44710,106,103,3,3
44711,87,90,-3,3
44712,78,88,-10,10
44713,92,90,2,2
44714,109,102,7,7
44715,69,75,-6,6
44716,174,169,5,5
44717,60,59,1,1
44718,61,59,2,2
44719,59,61,-2,2
44720,124,119,5,5
44721,85,82,3,3
44722,136,113,23,23
44723,118,122,-4,4
44724,81,83,-2,2
44725,80,81,-1,1
44726,69,64,5,5
44727,60,63,-3,3
44728,63,64,-1,1
44729,46,50,-4,4
44730,61,60,1,1
44731,65,77,-12,12
44732,104,113,-9,9
44733,144,137,7,7
44734,73,88,-15,15
44735,77,79,-2,2
44736,96,95,1,1
44737,71,83,-12,12
44738,74,75,-1,1
44739,60,62,-2,2
44740,80,81,-1,1
44741,74,83,-9,9
44742,168,155,13,13
44743,145,137,8,8
44744,86,92,-6,6
44745,137,137,0,0
44746,121,114,7,7
44747,91,81,10,10
44748,68,70,-2,2
44749,78,68,10,10
44750,84,85,-1,1
44751,150,142,8,8
44752,103,93,10,10
44753,79,78,1,1
44754,63,68,-5,5
44755,70,72,-2,2
44756,229,214,15,15
44757,130,145,-15,15
44758,81,88,-7,7
44759,112,103,9,9
44760,134,119,15,15
44761,82,84,-2,2
44762,152,210,-58,58
44763,90,99,-9,9
44764,105,114,-9,9
44765,138,139,-1,1
44766,95,94,1,1
44767,86,80,6,6
44768,91,82,9,9
44769,58,77,-19,19
44770,130,120,10,10
44771,154,145,9,9
44772,69,73,-4,4
44773,158,136,22,22
44774,136,134,2,2
44775,56,62,-6,6
44776,86,81,5,5
44777,49,55,-6,6
44778,138,134,4,4
44779,100,97,3,3
44780,146,145,1,1
44781,56,62,-6,6
44782,79,83,-4,4
44783,53,54,-1,1
44784,59,59,0,0
44785,64,60,4,4
44786,108,99,9,9
44787,66,68,-2,2
44788,117,118,-1,1
44789,60,58,2,2
44790,51,53,-2,2
44791,104,100,4,4
44792,92,110,-18,18
44793,87,80,7,7
44794,84,104,-20,20
44795,155,152,3,3
44796,100,105,-5,5
44797,43,56,-13,13
44798,72,62,10,10
44799,124,137,-13,13
44800,116,140,-24,24
44801,159,143,16,16
44802,91,104,-13,13
44803,71,64,7,7
44804,158,153,5,5
44805,71,75,-4,4
44806,102,96,6,6
44807,117,115,2,2
44808,94,94,0,0
44809,79,88,-9,9
44810,51,56,-5,5
44811,63,63,0,0
44812,55,61,-6,6
44813,152,131,21,21
44814,78,61,17,17
44815,54,55,-1,1
44816,80,78,2,2
44817,59,57,2,2
44818,84,87,-3,3
44819,110,106,4,4
44820,124,112,12,12
44821,92,79,13,13
44822,126,127,-1,1
44823,130,124,6,6
44824,89,90,-1,1
44825,109,108,1,1
44826,87,96,-9,9
44827,75,66,9,9
44828,225,218,7,7
44829,182,185,-3,3
44830,82,83,-1,1
44831,54,61,-7,7
44832,187,165,22,22
44833,128,135,-7,7
44834,87,79,8,8
44835,92,82,10,10
44836,58,68,-10,10
44837,63,60,3,3
44838,100,94,6,6
44839,102,112,-10,10
44840,46,58,-12,12
44841,89,99,-10,10
44842,61,59,2,2
44843,134,136,-2,2
44844,69,68,1,1
44845,118,115,3,3
44846,153,151,2,2
44847,115,111,4,4
44848,88,82,6,6
44849,91,92,-1,1
44850,51,80,-29,29
44851,68,79,-11,11
44852,155,145,10,10
44853,52,52,0,0
44854,71,72,-1,1
44855,100,98,2,2
44856,81,79,2,2
44857,168,157,11,11
44858,80,76,4,4
44859,83,80,3,3
44860,90,96,-6,6
44861,99,96,3,3
44862,45,52,-7,7
44863,110,109,1,1
44864,118,101,17,17
44865,98,95,3,3
44866,162,147,15,15
44867,54,56,-2,2
44868,80,82,-2,2
44869,91,82,9,9
44870,81,71,10,10
44871,89,86,3,3
44872,58,58,0,0
44873,194,204,-10,10
44874,78,81,-3,3
44875,63,59,4,4
44876,61,64,-3,3
44877,98,96,2,2
44878,95,95,0,0
44879,97,89,8,8
44880,96,111,-15,15
44881,89,84,5,5
44882,154,145,9,9
44883,51,61,-10,10
44884,117,99,18,18
44885,42,64,-22,22
44886,92,87,5,5
44887,91,93,-2,2
44888,162,172,-10,10
44889,75,75,0,0
44890,104,106,-2,2
44891,117,117,0,0
44892,74,81,-7,7
44893,52,57,-5,5
44894,77,75,2,2
44895,83,79,4,4
44896,71,74,-3,3
44897,57,57,0,0
44898,62,61,1,1
44899,114,110,4,4
44900,58,64,-6,6
44901,120,126,-6,6
44902,74,74,0,0
44903,95,82,13,13
44904,63,67,-4,4
44905,84,90,-6,6
44906,57,65,-8,8
44907,70,75,-5,5
44908,71,80,-9,9
44909,71,62,9,9
44910,140,125,15,15
44911,116,123,-7,7
44912,62,65,-3,3
44913,96,105,-9,9
44914,73,74,-1,1
44915,79,75,4,4
44916,97,86,11,11
44917,80,69,11,11
44918,76,77,-1,1
44919,67,67,0,0
44920,176,174,2,2
44921,71,85,-14,14
44922,89,87,2,2
44923,75,72,3,3
44924,142,135,7,7
44925,96,98,-2,2
44926,70,75,-5,5
44927,134,131,3,3
44928,123,123,0,0
44929,71,81,-10,10
44930,45,57,-12,12
44931,102,100,2,2
44932,130,132,-2,2
44933,134,135,-1,1
44934,71,83,-12,12
44935,111,127,-16,16
44936,134,124,10,10
44937,131,115,16,16
44938,136,165,-29,29
44939,116,114,2,2
44940,156,145,11,11
44941,139,124,15,15
44942,102,102,0,0
44943,69,76,-7,7
44944,81,76,5,5
44945,109,116,-7,7
44946,94,91,3,3
44947,77,71,6,6
44948,173,181,-8,8
44949,70,73,-3,3
44950,77,83,-6,6
44951,95,90,5,5
44952,96,93,3,3
44953,90,91,-1,1
44954,47,64,-17,17
44955,116,123,-7,7
44956,84,73,11,11
44957,62,67,-5,5
44958,128,142,-14,14
44959,83,84,-1,1
44960,90,96,-6,6
44961,86,89,-3,3
44962,113,110,3,3
44963,153,137,16,16
44964,90,89,1,1
44965,96,97,-1,1
44966,76,84,-8,8
44967,73,74,-1,1
44968,98,97,1,1
44969,23,56,-33,33
44970,57,66,-9,9
44971,65,78,-13,13
44972,107,112,-5,5
44973,140,137,3,3
44974,112,101,11,11
44975,149,165,-16,16
44976,100,84,16,16
44977,100,97,3,3
44978,64,59,5,5
44979,89,84,5,5
44980,154,147,7,7
44981,53,56,-3,3
44982,45,51,-6,6
44983,61,65,-4,4
44984,108,107,1,1
44985,88,78,10,10
44986,109,116,-7,7
44987,143,123,20,20
44988,91,102,-11,11
44989,102,103,-1,1
44990,61,76,-15,15
44991,85,85,0,0
44992,121,108,13,13
44993,65,65,0,0
44994,56,54,2,2
44995,103,99,4,4
44996,111,99,12,12
44997,102,97,5,5
44998,99,87,12,12
44999,97,119,-22,22
45000,79,77,2,2
45001,139,135,4,4
45002,107,91,16,16
45003,166,173,-7,7
45004,51,60,-9,9
45005,75,67,8,8
45006,113,108,5,5
45007,69,71,-2,2
45008,129,131,-2,2
45009,197,196,1,1
45010,104,105,-1,1
45011,99,104,-5,5
45012,86,75,11,11
45013,95,87,8,8
45014,138,130,8,8
45015,78,76,2,2
45016,47,86,-39,39
45017,56,57,-1,1
45018,62,68,-6,6
45019,64,67,-3,3
45020,105,89,16,16
45021,104,98,6,6
45022,140,135,5,5
45023,84,95,-11,11
45024,126,134,-8,8
45025,82,81,1,1
45026,75,77,-2,2
45027,92,93,-1,1
45028,77,76,1,1
45029,100,99,1,1
45030,140,145,-5,5
45031,67,59,8,8
45032,117,124,-7,7
45033,54,61,-7,7
45034,81,82,-1,1
45035,130,131,-1,1
45036,100,93,7,7
45037,86,83,3,3
45038,57,62,-5,5
45039,115,110,5,5
45040,147,150,-3,3
45041,86,84,2,2
45042,39,50,-11,11
45043,79,77,2,2
45044,89,95,-6,6
45045,70,65,5,5
45046,73,82,-9,9
45047,113,106,7,7
45048,99,103,-4,4
45049,78,78,0,0
45050,132,136,-4,4
45051,79,88,-9,9
45052,143,139,4,4
45053,57,63,-6,6
45054,49,51,-2,2
45055,85,80,5,5
45056,49,80,-31,31
45057,96,88,8,8
45058,87,88,-1,1
45059,151,122,29,29
45060,147,145,2,2
45061,94,96,-2,2
45062,91,89,2,2
45063,56,56,0,0
45064,123,135,-12,12
45065,188,173,15,15
45066,55,57,-2,2
45067,117,108,9,9
45068,106,103,3,3
45069,109,121,-12,12
45070,61,55,6,6
45071,46,59,-13,13
45072,62,61,1,1
45073,102,99,3,3
45074,62,59,3,3
45075,85,84,1,1
45076,89,87,2,2
45077,96,96,0,0
45078,132,130,2,2
45079,94,95,-1,1
45080,118,108,10,10
45081,73,72,1,1
45082,69,71,-2,2
45083,57,64,-7,7
45084,86,88,-2,2
45085,130,118,12,12
45086,144,138,6,6
45087,67,66,1,1
45088,64,100,-36,36
45089,85,79,6,6
45090,104,113,-9,9
45091,109,105,4,4
45092,110,109,1,1
45093,129,119,10,10
45094,97,94,3,3
45095,85,85,0,0
45096,104,99,5,5
45097,77,84,-7,7
45098,81,86,-5,5
45099,97,92,5,5
45100,130,145,-15,15
45101,67,69,-2,2
45102,55,56,-1,1
45103,92,84,8,8
45104,83,89,-6,6
45105,135,146,-11,11
45106,69,63,6,6
45107,109,111,-2,2
45108,98,89,9,9
45109,95,90,5,5
45110,121,122,-1,1
45111,80,71,9,9
45112,79,79,0,0
45113,123,126,-3,3
45114,117,112,5,5
45115,59,62,-3,3
45116,89,90,-1,1
45117,82,84,-2,2
45118,117,107,10,10
45119,69,76,-7,7
45120,123,109,14,14
45121,57,67,-10,10
45122,87,77,10,10
45123,105,105,0,0
45124,108,108,0,0
45125,76,72,4,4
45126,74,101,-27,27
45127,84,71,13,13
45128,96,98,-2,2
45129,78,77,1,1
45130,76,82,-6,6
45131,88,94,-6,6
45132,89,91,-2,2
45133,90,96,-6,6
45134,60,57,3,3
45135,53,56,-3,3
45136,67,68,-1,1
45137,89,89,0,0
45138,149,129,20,20
45139,95,97,-2,2
45140,109,113,-4,4
45141,169,175,-6,6
45142,78,74,4,4
45143,122,121,1,1
45144,48,65,-17,17
45145,108,121,-13,13
45146,90,91,-1,1
45147,147,135,12,12
45148,69,71,-2,2
45149,112,100,12,12
45150,158,151,7,7
45151,123,135,-12,12
45152,42,56,-14,14
45153,135,125,10,10
45154,148,138,10,10
45155,109,108,1,1
45156,73,69,4,4
45157,88,84,4,4
45158,90,81,9,9
45159,55,59,-4,4
45160,83,88,-5,5
45161,54,52,2,2
45162,85,88,-3,3
45163,75,70,5,5
45164,121,122,-1,1
45165,65,61,4,4
45166,77,71,6,6
45167,102,96,6,6
45168,104,112,-8,8
45169,67,61,6,6
45170,134,121,13,13
45171,107,97,10,10
45172,87,90,-3,3
45173,168,163,5,5
45174,145,147,-2,2
45175,127,132,-5,5
45176,168,160,8,8
45177,113,108,5,5
45178,64,70,-6,6
45179,64,65,-1,1
45180,83,87,-4,4
45181,83,82,1,1
45182,125,115,10,10
45183,61,60,1,1
45184,40,62,-22,22
45185,57,55,2,2
45186,153,143,10,10
45187,101,105,-4,4
45188,83,87,-4,4
45189,89,98,-9,9
45190,111,113,-2,2
45191,77,77,0,0
45192,127,121,6,6
45193,128,124,4,4
45194,146,137,9,9
45195,49,54,-5,5
45196,49,62,-13,13
45197,57,67,-10,10
45198,89,85,4,4
45199,88,103,-15,15
45200,153,158,-5,5
45201,71,72,-1,1
45202,135,142,-7,7
45203,109,97,12,12
45204,73,69,4,4
45205,185,163,22,22
45206,69,71,-2,2
45207,109,110,-1,1
45208,74,78,-4,4
45209,181,156,25,25
45210,96,100,-4,4
45211,93,109,-16,16
45212,60,60,0,0
45213,104,109,-5,5
45214,67,57,10,10
45215,89,96,-7,7
45216,128,116,12,12
45217,100,97,3,3
45218,96,93,3,3
45219,90,80,10,10
45220,68,68,0,0
45221,126,118,8,8
45222,54,62,-8,8
45223,106,109,-3,3
45224,63,64,-1,1
45225,113,93,20,20
45226,45,58,-13,13
45227,98,93,5,5
45228,156,145,11,11
45229,52,57,-5,5
45230,134,123,11,11
45231,74,83,-9,9
45232,102,102,0,0
45233,100,97,3,3
45234,62,68,-6,6
45235,82,77,5,5
45236,105,92,13,13
45237,69,71,-2,2
45238,124,138,-14,14
45239,118,114,4,4
45240,82,85,-3,3
45241,63,70,-7,7
45242,70,68,2,2
45243,68,68,0,0
45244,121,113,8,8
45245,73,68,5,5
45246,51,53,-2,2
45247,81,75,6,6
45248,146,136,10,10
45249,88,90,-2,2
45250,101,98,3,3
45251,126,135,-9,9
45252,119,121,-2,2
45253,113,121,-8,8
45254,172,155,17,17
45255,81,74,7,7
45256,90,87,3,3
45257,110,111,-1,1
45258,134,140,-6,6
45259,37,58,-21,21
45260,62,63,-1,1
45261,65,63,2,2
45262,52,51,1,1
45263,76,81,-5,5
45264,116,112,4,4
45265,98,126,-28,28
45266,61,64,-3,3
45267,84,87,-3,3
45268,153,145,8,8
45269,72,70,2,2
45270,77,76,1,1
45271,86,89,-3,3
45272,99,106,-7,7
45273,124,119,5,5
45274,66,71,-5,5
45275,76,75,1,1
45276,67,54,13,13
45277,133,121,12,12
45278,91,92,-1,1
45279,71,79,-8,8
45280,207,205,2,2
45281,65,65,0,0
45282,97,100,-3,3
45283,131,136,-5,5
45284,120,111,9,9
45285,59,63,-4,4
45286,124,122,2,2
45287,74,74,0,0
45288,101,101,0,0
45289,85,82,3,3
45290,85,85,0,0
45291,137,129,8,8
45292,76,73,3,3
45293,136,140,-4,4
45294,139,139,0,0
45295,49,54,-5,5
45296,136,133,3,3
45297,75,67,8,8
45298,109,110,-1,1
45299,53,54,-1,1
45300,110,111,-1,1
45301,59,63,-4,4
45302,119,119,0,0
45303,86,81,5,5
45304,139,131,8,8
45305,132,123,9,9
45306,191,187,4,4
45307,87,80,7,7
45308,90,89,1,1
45309,122,124,-2,2
45310,73,68,5,5
45311,122,112,10,10
45312,93,96,-3,3
45313,46,58,-12,12
45314,84,91,-7,7
45315,103,92,11,11
45316,39,49,-10,10
45317,96,103,-7,7
45318,72,70,2,2
45319,146,138,8,8
45320,80,92,-12,12
45321,68,73,-5,5
45322,49,51,-2,2
45323,110,104,6,6
45324,117,117,0,0
45325,121,108,13,13
45326,55,66,-11,11
45327,149,159,-10,10
45328,78,76,2,2
45329,60,66,-6,6
45330,161,160,1,1
45331,95,102,-7,7
45332,75,62,13,13
45333,92,96,-4,4
45334,112,124,-12,12
45335,67,72,-5,5
45336,91,88,3,3
45337,109,102,7,7
45338,177,171,6,6
45339,105,114,-9,9
45340,82,77,5,5
45341,89,77,12,12
45342,109,105,4,4
45343,67,68,-1,1
45344,117,122,-5,5
45345,96,97,-1,1
45346,49,58,-9,9
45347,110,103,7,7
45348,57,60,-3,3
45349,118,97,21,21
45350,120,114,6,6
45351,77,80,-3,3
45352,107,95,12,12
45353,60,65,-5,5
45354,70,62,8,8
45355,115,117,-2,2
45356,70,76,-6,6
45357,70,67,3,3
45358,96,113,-17,17
45359,72,80,-8,8
45360,72,68,4,4
45361,67,73,-6,6
45362,170,158,12,12
45363,57,59,-2,2
45364,67,63,4,4
45365,85,87,-2,2
45366,95,109,-14,14
45367,119,139,-20,20
45368,84,76,8,8
45369,65,86,-21,21
45370,225,225,0,0
45371,97,97,0,0
45372,81,82,-1,1
45373,104,104,0,0
45374,23,57,-34,34
45375,75,72,3,3
45376,115,113,2,2
45377,111,100,11,11
45378,60,57,3,3
45379,72,73,-1,1
45380,100,104,-4,4
45381,85,80,5,5
45382,60,60,0,0
45383,55,64,-9,9
45384,120,126,-6,6
45385,121,129,-8,8
45386,79,77,2,2
45387,89,87,2,2
45388,127,117,10,10
45389,86,84,2,2
45390,58,62,-4,4
45391,99,87,12,12
45392,126,128,-2,2
45393,53,57,-4,4
45394,55,59,-4,4
45395,107,113,-6,6
45396,67,62,5,5
45397,83,92,-9,9
45398,81,86,-5,5
45399,92,91,1,1
45400,109,102,7,7
45401,148,153,-5,5
45402,115,124,-9,9
45403,124,118,6,6
45404,103,102,1,1
45405,122,128,-6,6
45406,104,104,0,0
45407,58,56,2,2
45408,68,67,1,1
45409,83,91,-8,8
45410,51,65,-14,14
45411,84,84,0,0
45412,129,135,-6,6
45413,64,69,-5,5
45414,150,138,12,12
45415,48,56,-8,8
45416,67,60,7,7
45417,72,74,-2,2
45418,101,96,5,5
45419,68,62,6,6
45420,135,125,10,10
45421,98,96,2,2
45422,73,73,0,0
45423,93,102,-9,9
45424,161,163,-2,2
45425,58,59,-1,1
45426,125,128,-3,3
45427,91,94,-3,3
45428,82,80,2,2
45429,82,88,-6,6
45430,89,107,-18,18
45431,45,56,-11,11
45432,56,95,-39,39
45433,152,176,-24,24
45434,110,102,8,8
45435,81,76,5,5
45436,43,49,-6,6
45437,154,164,-10,10
45438,82,73,9,9
45439,104,114,-10,10
45440,78,85,-7,7
45441,130,119,11,11
45442,66,77,-11,11
45443,86,88,-2,2
45444,98,105,-7,7
45445,106,107,-1,1
45446,78,83,-5,5
45447,89,81,8,8
45448,84,87,-3,3
45449,111,100,11,11
45450,73,73,0,0
45451,115,138,-23,23
45452,174,162,12,12
45453,87,76,11,11
45454,102,102,0,0
45455,77,70,7,7
45456,37,49,-12,12
45457,131,131,0,0
45458,104,103,1,1
45459,109,147,-38,38
45460,89,86,3,3
45461,108,105,3,3
45462,158,149,9,9
45463,69,68,1,1
45464,89,79,10,10
45465,42,49,-7,7
45466,97,83,14,14
45467,70,75,-5,5
45468,116,112,4,4
45469,138,150,-12,12
45470,110,111,-1,1
45471,105,98,7,7
45472,51,62,-11,11
45473,94,100,-6,6
45474,75,73,2,2
45475,129,139,-10,10
45476,88,85,3,3
45477,100,91,9,9
45478,79,78,1,1
45479,176,175,1,1
45480,86,82,4,4
45481,88,101,-13,13
45482,105,115,-10,10
45483,140,133,7,7
45484,72,66,6,6
45485,111,95,16,16
45486,105,98,7,7
45487,191,182,9,9
45488,120,122,-2,2
45489,99,105,-6,6
45490,45,55,-10,10
45491,94,92,2,2
45492,80,91,-11,11
45493,85,84,1,1
45494,74,70,4,4
45495,78,79,-1,1
45496,131,122,9,9
45497,95,96,-1,1
45498,59,63,-4,4
45499,72,66,6,6
45500,108,114,-6,6
45501,71,76,-5,5
45502,74,68,6,6
45503,134,141,-7,7
45504,101,103,-2,2
45505,68,62,6,6
45506,127,128,-1,1
45507,195,170,25,25
45508,73,75,-2,2
45509,77,76,1,1
45510,79,71,8,8
45511,59,55,4,4
45512,115,101,14,14
45513,79,77,2,2
45514,91,92,-1,1
45515,82,80,2,2
45516,72,71,1,1
45517,63,72,-9,9
45518,89,88,1,1
45519,69,74,-5,5
45520,62,93,-31,31
45521,45,56,-11,11
45522,87,93,-6,6
45523,75,84,-9,9
45524,105,105,0,0
45525,93,102,-9,9
45526,104,101,3,3
45527,86,89,-3,3
45528,159,158,1,1
45529,93,85,8,8
45530,112,112,0,0
45531,120,116,4,4
45532,62,56,6,6
45533,108,107,1,1
45534,124,127,-3,3
45535,167,155,12,12
45536,163,163,0,0
45537,113,109,4,4
45538,98,93,5,5
45539,64,72,-8,8
45540,120,114,6,6
45541,52,51,1,1
45542,42,50,-8,8
45543,131,142,-11,11
45544,95,84,11,11
45545,85,86,-1,1
45546,71,67,4,4
45547,116,110,6,6
45548,91,80,11,11
45549,94,91,3,3
45550,52,59,-7,7
45551,84,101,-17,17
45552,61,59,2,2
45553,101,104,-3,3
45554,97,97,0,0
45555,96,105,-9,9
45556,141,150,-9,9
45557,124,117,7,7
45558,72,70,2,2
45559,79,133,-54,54
45560,155,159,-4,4
45561,112,124,-12,12
45562,63,64,-1,1
45563,73,77,-4,4
45564,67,70,-3,3
45565,61,62,-1,1
45566,114,109,5,5
45567,33,49,-16,16
45568,64,65,-1,1
45569,79,76,3,3
45570,149,163,-14,14
45571,97,94,3,3
45572,84,82,2,2
45573,134,140,-6,6
45574,85,96,-11,11
45575,123,113,10,10
45576,97,90,7,7
45577,69,67,2,2
45578,116,106,10,10
45579,92,83,9,9
45580,125,127,-2,2
45581,103,94,9,9
45582,99,89,10,10
45583,154,163,-9,9
45584,102,99,3,3
45585,53,56,-3,3
45586,104,108,-4,4
45587,218,188,30,30
45588,57,62,-5,5
45589,154,163,-9,9
45590,141,149,-8,8
45591,113,123,-10,10
45592,69,72,-3,3
45593,87,101,-14,14
45594,126,125,1,1
45595,99,105,-6,6
45596,85,90,-5,5
45597,78,85,-7,7
45598,85,73,12,12
45599,77,72,5,5
45600,97,92,5,5
45601,67,78,-11,11
45602,114,110,4,4
45603,130,139,-9,9
45604,127,119,8,8
45605,66,66,0,0
45606,74,76,-2,2
45607,117,116,1,1
45608,57,56,1,1
45609,169,166,3,3
45610,79,81,-2,2
45611,122,137,-15,15
45612,117,121,-4,4
45613,82,84,-2,2
45614,119,116,3,3
45615,105,101,4,4
45616,121,113,8,8
45617,107,107,0,0
45618,63,63,0,0
45619,76,79,-3,3
45620,141,116,25,25
45621,76,75,1,1
45622,189,148,41,41
45623,78,75,3,3
45624,105,121,-16,16
45625,69,71,-2,2
45626,95,104,-9,9
45627,55,59,-4,4
45628,85,74,11,11
45629,62,65,-3,3
45630,72,70,2,2
45631,91,88,3,3
45632,78,90,-12,12
45633,69,66,3,3
45634,58,56,2,2
45635,104,98,6,6
45636,90,93,-3,3
45637,45,62,-17,17
45638,109,99,10,10
45639,174,183,-9,9
45640,102,116,-14,14
45641,72,75,-3,3
45642,93,90,3,3
45643,88,117,-29,29
45644,147,138,9,9
45645,116,113,3,3
45646,71,92,-21,21
45647,59,64,-5,5
45648,110,112,-2,2
45649,112,107,5,5
45650,67,66,1,1
45651,63,67,-4,4
45652,99,86,13,13
45653,71,70,1,1
45654,61,66,-5,5
45655,145,182,-37,37
45656,59,61,-2,2
45657,91,96,-5,5
45658,97,100,-3,3
45659,67,66,1,1
45660,75,71,4,4
45661,107,92,15,15
45662,47,64,-17,17
45663,111,118,-7,7
45664,122,113,9,9
45665,145,140,5,5
45666,133,119,14,14
45667,90,87,3,3
45668,153,151,2,2
45669,83,72,11,11
45670,44,54,-10,10
45671,64,65,-1,1
45672,74,79,-5,5
45673,98,99,-1,1
45674,117,92,25,25
45675,83,85,-2,2
45676,52,58,-6,6
45677,74,73,1,1
45678,128,124,4,4
45679,75,75,0,0
45680,71,70,1,1
45681,72,70,2,2
45682,80,78,2,2
45683,98,92,6,6
45684,138,138,0,0
45685,161,155,6,6
45686,152,153,-1,1
45687,117,113,4,4
45688,96,102,-6,6
45689,76,78,-2,2
45690,150,153,-3,3
45691,71,77,-6,6
45692,127,134,-7,7
45693,93,97,-4,4
45694,116,117,-1,1
45695,128,123,5,5
45696,47,53,-6,6
45697,53,57,-4,4
45698,173,170,3,3
45699,84,98,-14,14
45700,74,69,5,5
45701,40,48,-8,8
45702,125,105,20,20
45703,100,109,-9,9
45704,62,63,-1,1
45705,120,112,8,8
45706,163,145,18,18
45707,111,110,1,1
45708,62,71,-9,9
45709,104,110,-6,6
45710,96,92,4,4
45711,71,69,2,2
45712,94,99,-5,5
45713,109,108,1,1
45714,46,49,-3,3
45715,94,93,1,1
45716,52,51,1,1
45717,88,81,7,7
45718,68,77,-9,9
45719,193,203,-10,10
45720,137,129,8,8
45721,109,108,1,1
45722,97,105,-8,8
45723,114,106,8,8
45724,90,88,2,2
45725,57,58,-1,1
45726,119,112,7,7
45727,157,154,3,3
45728,86,80,6,6
45729,108,108,0,0
45730,82,84,-2,2
45731,111,104,7,7
45732,110,112,-2,2
45733,108,100,8,8
45734,92,84,8,8
45735,38,48,-10,10
45736,92,91,1,1
45737,92,87,5,5
45738,68,61,7,7
45739,74,79,-5,5
45740,83,87,-4,4
45741,106,89,17,17
45742,86,85,1,1
45743,78,68,10,10
45744,155,164,-9,9
45745,116,117,-1,1
45746,129,92,37,37
45747,99,95,4,4
45748,114,108,6,6
45749,103,95,8,8
45750,82,74,8,8
45751,50,52,-2,2
45752,86,82,4,4
45753,82,78,4,4
45754,82,93,-11,11
45755,50,61,-11,11
45756,88,75,13,13
45757,86,84,2,2
45758,103,99,4,4
45759,60,63,-3,3
45760,68,68,0,0
45761,86,67,19,19
45762,85,79,6,6
45763,80,75,5,5
45764,58,64,-6,6
45765,63,79,-16,16
45766,117,117,0,0
45767,97,109,-12,12
45768,59,63,-4,4
45769,66,69,-3,3
45770,121,120,1,1
45771,77,74,3,3
45772,47,52,-5,5
45773,61,69,-8,8
45774,128,126,2,2
45775,225,214,11,11
45776,145,136,9,9
45777,125,133,-8,8
45778,40,55,-15,15
45779,94,84,10,10
45780,103,100,3,3
45781,137,132,5,5
45782,151,144,7,7
45783,98,102,-4,4
45784,115,111,4,4
45785,77,73,4,4
45786,75,96,-21,21
45787,75,81,-6,6
45788,117,113,4,4
45789,133,137,-4,4
45790,89,97,-8,8
45791,92,91,1,1
45792,66,64,2,2
45793,26,49,-23,23
45794,135,126,9,9
45795,82,86,-4,4
45796,44,56,-12,12
45797,79,77,2,2
45798,135,143,-8,8
45799,122,134,-12,12
45800,177,178,-1,1
45801,93,87,6,6
45802,54,51,3,3
45803,104,118,-14,14
45804,69,65,4,4
45805,64,67,-3,3
45806,113,122,-9,9
45807,69,64,5,5
45808,127,134,-7,7
45809,115,115,0,0
45810,75,73,2,2
45811,81,77,4,4
45812,35,48,-13,13
45813,120,121,-1,1
45814,86,88,-2,2
45815,111,103,8,8
45816,149,138,11,11
45817,86,85,1,1
45818,122,117,5,5
45819,80,87,-7,7
45820,91,86,5,5
45821,106,103,3,3
45822,30,95,-65,65
45823,84,81,3,3
45824,159,129,30,30
45825,76,82,-6,6
45826,73,74,-1,1
45827,78,79,-1,1
45828,271,246,25,25
45829,138,143,-5,5
45830,72,75,-3,3
45831,77,70,7,7
45832,94,94,0,0
45833,101,100,1,1
45834,72,73,-1,1
45835,101,108,-7,7
45836,120,118,2,2
45837,159,160,-1,1
45838,78,80,-2,2
45839,78,80,-2,2
45840,106,101,5,5
45841,87,97,-10,10
45842,62,63,-1,1
45843,106,111,-5,5
45844,127,138,-11,11
45845,101,101,0,0
45846,56,60,-4,4
45847,41,55,-14,14
45848,83,83,0,0
45849,128,131,-3,3
45850,86,76,10,10
45851,82,87,-5,5
45852,104,101,3,3
45853,116,138,-22,22
45854,115,121,-6,6
45855,81,73,8,8
45856,82,95,-13,13
45857,88,82,6,6
45858,115,114,1,1
45859,170,174,-4,4
45860,110,111,-1,1
45861,228,205,23,23
45862,161,149,12,12
45863,72,75,-3,3
45864,171,158,13,13
45865,117,109,8,8
45866,116,117,-1,1
45867,60,56,4,4
45868,113,121,-8,8
45869,121,113,8,8
45870,41,54,-13,13
45871,98,91,7,7
45872,83,80,3,3
45873,56,58,-2,2
45874,107,100,7,7
45875,90,85,5,5
45876,91,93,-2,2
45877,68,72,-4,4
45878,131,123,8,8
45879,95,91,4,4
45880,93,90,3,3
45881,99,98,1,1
45882,195,165,30,30
45883,124,116,8,8
45884,124,119,5,5
45885,44,86,-42,42
45886,63,62,1,1
45887,175,164,11,11
45888,127,114,13,13
45889,113,117,-4,4
45890,118,98,20,20
45891,99,110,-11,11
45892,89,88,1,1
45893,64,69,-5,5
45894,73,75,-2,2
45895,104,100,4,4
45896,50,59,-9,9
45897,94,77,17,17
45898,115,118,-3,3
45899,91,91,0,0
45900,80,70,10,10
45901,81,85,-4,4
45902,80,85,-5,5
45903,100,95,5,5
45904,123,124,-1,1
45905,89,81,8,8
45906,71,67,4,4
45907,162,143,19,19
45908,152,136,16,16
45909,69,69,0,0
45910,81,89,-8,8
45911,71,75,-4,4
45912,90,84,6,6
45913,104,100,4,4
45914,106,97,9,9
45915,66,66,0,0
45916,66,64,2,2
45917,79,87,-8,8
45918,45,49,-4,4
45919,89,83,6,6
45920,105,86,19,19
45921,59,54,5,5
45922,103,96,7,7
45923,116,115,1,1
45924,93,90,3,3
45925,116,132,-16,16
45926,133,125,8,8
45927,86,80,6,6
45928,86,77,9,9
45929,65,73,-8,8
45930,139,131,8,8
45931,117,125,-8,8
45932,67,64,3,3
45933,119,102,17,17
45934,81,98,-17,17
45935,127,124,3,3
45936,142,135,7,7
45937,87,84,3,3
45938,70,67,3,3
45939,79,77,2,2
45940,119,119,0,0
45941,73,69,4,4
45942,72,65,7,7
45943,87,91,-4,4
45944,108,105,3,3
45945,120,121,-1,1
45946,82,77,5,5
45947,97,100,-3,3
45948,73,77,-4,4
45949,69,65,4,4
45950,96,96,0,0
45951,44,50,-6,6
45952,104,99,5,5
45953,68,75,-7,7
45954,108,87,21,21
45955,81,84,-3,3
45956,124,118,6,6
45957,91,82,9,9
45958,116,134,-18,18
45959,41,58,-17,17
45960,93,93,0,0
45961,100,102,-2,2
45962,70,84,-14,14
45963,82,81,1,1
45964,124,113,11,11
45965,168,155,13,13
45966,81,79,2,2
45967,124,132,-8,8
45968,74,72,2,2
45969,191,179,12,12
45970,99,108,-9,9
45971,72,73,-1,1
45972,92,98,-6,6
45973,122,125,-3,3
45974,104,101,3,3
45975,93,89,4,4
45976,50,52,-2,2
45977,79,84,-5,5
45978,86,87,-1,1
45979,147,159,-12,12
45980,129,144,-15,15
45981,135,148,-13,13
45982,124,109,15,15
45983,91,91,0,0
45984,80,90,-10,10
45985,150,159,-9,9
45986,113,109,4,4
45987,74,62,12,12
45988,165,154,11,11
45989,105,92,13,13
45990,49,52,-3,3
45991,96,100,-4,4
45992,115,115,0,0
45993,132,125,7,7
45994,111,104,7,7
45995,44,145,-101,101
45996,98,87,11,11
45997,52,51,1,1
45998,78,85,-7,7
45999,71,67,4,4
46000,30,46,-16,16
46001,116,119,-3,3
46002,128,152,-24,24
46003,75,84,-9,9
46004,47,55,-8,8
46005,89,93,-4,4
46006,88,76,12,12
46007,102,102,0,0
46008,48,50,-2,2
46009,59,56,3,3
46010,131,124,7,7
46011,71,71,0,0
46012,81,86,-5,5
46013,110,110,0,0
46014,154,151,3,3
46015,120,121,-1,1
46016,155,140,15,15
46017,109,109,0,0
46018,71,80,-9,9
46019,81,81,0,0
46020,58,63,-5,5
46021,69,78,-9,9
46022,134,128,6,6
46023,99,93,6,6
46024,71,73,-2,2
46025,99,99,0,0
46026,76,77,-1,1
46027,98,83,15,15
46028,68,68,0,0
46029,105,92,13,13
46030,109,102,7,7
46031,143,137,6,6
46032,112,106,6,6
46033,82,104,-22,22
46034,59,59,0,0
46035,170,163,7,7
46036,84,92,-8,8
46037,84,95,-11,11
46038,97,98,-1,1
46039,241,221,20,20
46040,216,195,21,21
46041,121,120,1,1
46042,72,66,6,6
46043,61,63,-2,2
46044,76,72,4,4
46045,140,144,-4,4
46046,101,93,8,8
46047,92,81,11,11
46048,65,60,5,5
46049,62,65,-3,3
46050,62,67,-5,5
46051,172,154,18,18
46052,82,81,1,1
46053,118,117,1,1
46054,99,93,6,6
46055,121,118,3,3
46056,108,105,3,3
46057,96,77,19,19
46058,145,136,9,9
46059,111,136,-25,25
46060,46,48,-2,2
46061,74,64,10,10
46062,96,92,4,4
46063,60,58,2,2
46064,110,141,-31,31
46065,78,83,-5,5
46066,114,101,13,13
46067,154,171,-17,17
46068,165,156,9,9
46069,42,49,-7,7
46070,91,87,4,4
46071,100,102,-2,2
46072,110,89,21,21
46073,67,73,-6,6
46074,68,76,-8,8
46075,137,116,21,21
46076,87,88,-1,1
46077,93,84,9,9
46078,86,87,-1,1
46079,200,204,-4,4
46080,119,116,3,3
46081,176,169,7,7
46082,75,76,-1,1
46083,125,116,9,9
46084,74,78,-4,4
46085,102,96,6,6
46086,53,56,-3,3
46087,107,102,5,5
46088,95,92,3,3
46089,120,125,-5,5
46090,88,88,0,0
46091,66,74,-8,8
46092,94,90,4,4
46093,137,143,-6,6
46094,67,75,-8,8
46095,83,79,4,4
46096,56,56,0,0
46097,139,126,13,13
46098,100,93,7,7
46099,78,88,-10,10
46100,103,95,8,8
46101,59,70,-11,11
46102,47,55,-8,8
46103,65,59,6,6
46104,112,102,10,10
46105,132,119,13,13
46106,82,88,-6,6
46107,118,117,1,1
46108,109,98,11,11
46109,91,87,4,4
46110,67,70,-3,3
46111,83,85,-2,2
46112,79,81,-2,2
46113,26,51,-25,25
46114,44,58,-14,14
46115,71,76,-5,5
46116,86,81,5,5
46117,77,76,1,1
46118,53,60,-7,7
46119,98,90,8,8
46120,144,128,16,16
46121,89,78,11,11
46122,67,69,-2,2
46123,147,137,10,10
46124,127,130,-3,3
46125,85,82,3,3
46126,66,64,2,2
46127,89,78,11,11
46128,89,90,-1,1
46129,75,75,0,0
46130,72,68,4,4
46131,101,104,-3,3
46132,126,102,24,24
46133,62,59,3,3
46134,83,82,1,1
46135,151,148,3,3
46136,102,106,-4,4
46137,215,207,8,8
46138,149,143,6,6
46139,133,129,4,4
46140,90,80,10,10
46141,100,84,16,16
46142,57,53,4,4
46143,61,65,-4,4
46144,41,49,-8,8
46145,137,124,13,13
46146,164,157,7,7
46147,242,234,8,8
46148,99,97,2,2
46149,51,53,-2,2
46150,68,71,-3,3
46151,78,72,6,6
46152,120,117,3,3
46153,87,85,2,2
46154,105,95,10,10
46155,112,105,7,7
46156,87,91,-4,4
46157,88,88,0,0
46158,71,67,4,4
46159,125,121,4,4
46160,73,76,-3,3
46161,108,109,-1,1
46162,76,77,-1,1
46163,45,60,-15,15
46164,100,100,0,0
46165,76,78,-2,2
46166,158,152,6,6
46167,92,92,0,0
46168,77,81,-4,4
46169,44,49,-5,5
46170,115,121,-6,6
46171,85,92,-7,7
46172,109,108,1,1
46173,89,90,-1,1
46174,39,60,-21,21
46175,66,64,2,2
46176,62,67,-5,5
46177,89,93,-4,4
46178,130,129,1,1
46179,92,92,0,0
46180,138,125,13,13
46181,118,107,11,11
46182,219,244,-25,25
46183,104,105,-1,1
46184,94,99,-5,5
46185,100,88,12,12
46186,54,52,2,2
46187,153,133,20,20
46188,84,83,1,1
46189,91,97,-6,6
46190,46,49,-3,3
46191,53,65,-12,12
46192,77,73,4,4
46193,80,71,9,9
46194,138,128,10,10
46195,80,73,7,7
46196,138,124,14,14
46197,141,135,6,6
46198,91,88,3,3
46199,176,164,12,12
46200,117,117,0,0
46201,69,74,-5,5
46202,108,116,-8,8
46203,101,94,7,7
46204,135,131,4,4
46205,115,115,0,0
46206,102,108,-6,6
46207,56,62,-6,6
46208,96,97,-1,1
46209,69,71,-2,2
46210,106,113,-7,7
46211,151,159,-8,8
46212,110,106,4,4
46213,112,96,16,16
46214,134,126,8,8
46215,65,67,-2,2
46216,66,64,2,2
46217,97,98,-1,1
46218,109,110,-1,1
46219,141,137,4,4
46220,78,101,-23,23
46221,94,110,-16,16
46222,64,71,-7,7
46223,47,63,-16,16
46224,79,77,2,2
46225,104,108,-4,4
46226,39,59,-20,20
46227,62,70,-8,8
46228,123,121,2,2
46229,144,129,15,15
46230,108,110,-2,2
46231,183,161,22,22
46232,85,82,3,3
46233,49,54,-5,5
46234,40,49,-9,9
46235,27,53,-26,26
46236,107,110,-3,3
46237,135,146,-11,11
46238,129,117,12,12
46239,77,73,4,4
46240,61,69,-8,8
46241,58,70,-12,12
46242,144,140,4,4
46243,53,55,-2,2
46244,95,99,-4,4
46245,82,75,7,7
46246,73,76,-3,3
46247,174,178,-4,4
46248,101,96,5,5
46249,100,127,-27,27
46250,81,75,6,6
46251,94,89,5,5
46252,76,79,-3,3
46253,70,71,-1,1
46254,100,102,-2,2
46255,79,78,1,1
46256,83,82,1,1
46257,90,93,-3,3
46258,136,133,3,3
46259,61,59,2,2
46260,106,110,-4,4
46261,90,91,-1,1
46262,32,47,-15,15
46263,100,107,-7,7
46264,74,71,3,3
46265,62,64,-2,2
46266,101,95,6,6
46267,104,98,6,6
46268,94,82,12,12
46269,95,101,-6,6
46270,134,134,0,0
46271,134,136,-2,2
46272,77,71,6,6
46273,80,94,-14,14
46274,90,88,2,2
46275,128,120,8,8
46276,108,102,6,6
46277,64,69,-5,5
46278,44,58,-14,14
46279,115,110,5,5
46280,49,60,-11,11
46281,64,70,-6,6
46282,64,64,0,0
46283,128,130,-2,2
46284,69,73,-4,4
46285,73,70,3,3
46286,38,51,-13,13
46287,71,73,-2,2
46288,94,95,-1,1
46289,89,93,-4,4
46290,63,68,-5,5
46291,116,106,10,10
46292,83,86,-3,3
46293,38,51,-13,13
46294,57,61,-4,4
46295,84,84,0,0
46296,552,447,105,105
46297,75,70,5,5
46298,70,78,-8,8
46299,90,102,-12,12
46300,181,200,-19,19
46301,109,109,0,0
46302,99,110,-11,11
46303,99,97,2,2
46304,73,77,-4,4
46305,71,75,-4,4
46306,125,132,-7,7
46307,142,146,-4,4
46308,125,122,3,3
46309,99,94,5,5
46310,127,118,9,9
46311,134,119,15,15
46312,87,82,5,5
46313,99,105,-6,6
46314,116,120,-4,4
46315,57,60,-3,3
46316,160,150,10,10
46317,104,95,9,9
46318,106,107,-1,1
46319,82,86,-4,4
46320,149,137,12,12
46321,122,127,-5,5
46322,46,55,-9,9
46323,44,55,-11,11
46324,47,60,-13,13
46325,46,65,-19,19
46326,103,108,-5,5
46327,118,118,0,0
46328,62,66,-4,4
46329,61,69,-8,8
46330,90,92,-2,2
46331,87,78,9,9
46332,163,143,20,20
46333,108,111,-3,3
46334,68,70,-2,2
46335,128,126,2,2
46336,132,157,-25,25
46337,48,64,-16,16
46338,66,64,2,2
46339,62,67,-5,5
46340,77,85,-8,8
46341,47,60,-13,13
46342,124,118,6,6
46343,95,103,-8,8
46344,65,63,2,2
46345,70,74,-4,4
46346,133,133,0,0
46347,98,100,-2,2
46348,138,147,-9,9
46349,93,96,-3,3
46350,136,128,8,8
46351,119,114,5,5
46352,102,109,-7,7
46353,106,124,-18,18
46354,75,76,-1,1
46355,58,56,2,2
46356,130,114,16,16
46357,85,87,-2,2
46358,102,120,-18,18
46359,66,66,0,0
46360,83,100,-17,17
46361,85,88,-3,3
46362,122,119,3,3
46363,107,116,-9,9
46364,68,76,-8,8
46365,58,59,-1,1
46366,87,81,6,6
46367,67,72,-5,5
46368,74,81,-7,7
46369,68,66,2,2
46370,104,94,10,10
46371,158,157,1,1
46372,131,123,8,8
46373,103,101,2,2
46374,109,111,-2,2
46375,64,61,3,3
46376,123,114,9,9
46377,111,103,8,8
46378,38,48,-10,10
46379,59,56,3,3
46380,46,60,-14,14
46381,101,106,-5,5
46382,149,139,10,10
46383,116,112,4,4
46384,62,78,-16,16
46385,78,81,-3,3
46386,92,86,6,6
46387,109,103,6,6
46388,94,96,-2,2
46389,107,112,-5,5
46390,75,81,-6,6
46391,64,68,-4,4
46392,30,45,-15,15
46393,127,130,-3,3
46394,67,69,-2,2
46395,109,112,-3,3
46396,187,173,14,14
46397,90,92,-2,2
46398,123,119,4,4
46399,72,67,5,5
46400,124,126,-2,2
46401,110,111,-1,1
46402,108,112,-4,4
46403,65,73,-8,8
46404,116,126,-10,10
46405,77,91,-14,14
46406,40,52,-12,12
46407,108,108,0,0
46408,159,154,5,5
46409,60,62,-2,2
46410,116,108,8,8
46411,124,143,-19,19
46412,94,99,-5,5
46413,90,81,9,9
46414,30,48,-18,18
46415,89,86,3,3
46416,89,82,7,7
46417,111,120,-9,9
46418,84,84,0,0
46419,49,57,-8,8
46420,75,62,13,13
46421,136,119,17,17
46422,41,118,-77,77
46423,72,71,1,1
46424,173,168,5,5
46425,70,72,-2,2
46426,90,92,-2,2
46427,153,157,-4,4
46428,138,146,-8,8
46429,147,145,2,2
46430,116,132,-16,16
46431,148,142,6,6
46432,117,121,-4,4
46433,103,101,2,2
46434,123,120,3,3
46435,151,135,16,16
46436,126,127,-1,1
46437,105,115,-10,10
46438,111,114,-3,3
46439,71,62,9,9
46440,99,110,-11,11
46441,59,67,-8,8
46442,104,95,9,9
46443,60,56,4,4
46444,88,91,-3,3
46445,63,59,4,4
46446,186,174,12,12
46447,97,92,5,5
46448,128,119,9,9
46449,162,145,17,17
46450,74,72,2,2
46451,92,86,6,6
46452,153,148,5,5
46453,97,95,2,2
46454,116,114,2,2
46455,161,136,25,25
46456,73,74,-1,1
46457,107,108,-1,1
46458,112,129,-17,17
46459,89,85,4,4
46460,92,85,7,7
46461,83,81,2,2
46462,108,120,-12,12
46463,108,113,-5,5
46464,49,49,0,0
46465,64,63,1,1
46466,109,119,-10,10
46467,52,52,0,0
46468,139,144,-5,5
46469,90,90,0,0
46470,90,90,0,0
46471,70,71,-1,1
46472,97,101,-4,4
46473,56,59,-3,3
46474,64,75,-11,11
46475,67,64,3,3
46476,48,55,-7,7
46477,69,65,4,4
46478,93,92,1,1
46479,144,141,3,3
46480,145,154,-9,9
46481,142,140,2,2
46482,150,149,1,1
46483,58,54,4,4
46484,120,110,10,10
46485,102,99,3,3
46486,142,146,-4,4
46487,100,104,-4,4
46488,125,125,0,0
46489,84,93,-9,9
46490,123,124,-1,1
46491,145,155,-10,10
46492,86,88,-2,2
46493,73,75,-2,2
46494,97,92,5,5
46495,57,57,0,0
46496,122,120,2,2
46497,71,63,8,8
46498,99,99,0,0
46499,83,73,10,10
46500,165,163,2,2
46501,193,173,20,20
46502,104,95,9,9
46503,110,125,-15,15
46504,65,66,-1,1
46505,72,75,-3,3
46506,76,78,-2,2
46507,173,170,3,3
46508,76,90,-14,14
46509,95,91,4,4
46510,96,94,2,2
46511,82,82,0,0
46512,91,101,-10,10
46513,88,86,2,2
46514,104,110,-6,6
46515,114,120,-6,6
46516,109,104,5,5
46517,74,76,-2,2
46518,137,131,6,6
46519,93,93,0,0
46520,88,89,-1,1
46521,55,67,-12,12
46522,72,74,-2,2
46523,71,91,-20,20
46524,110,98,12,12
46525,114,118,-4,4
46526,128,134,-6,6
46527,65,67,-2,2
46528,114,117,-3,3
46529,97,91,6,6
46530,117,147,-30,30
46531,72,75,-3,3
46532,92,89,3,3
46533,64,61,3,3
46534,125,131,-6,6
46535,99,98,1,1
46536,56,62,-6,6
46537,54,55,-1,1
46538,122,122,0,0
46539,178,179,-1,1
46540,179,173,6,6
46541,80,76,4,4
46542,109,103,6,6
46543,83,84,-1,1
46544,103,97,6,6
46545,61,67,-6,6
46546,125,117,8,8
46547,96,88,8,8
46548,96,112,-16,16
46549,97,93,4,4
46550,108,91,17,17
46551,89,91,-2,2
46552,55,56,-1,1
46553,87,132,-45,45
46554,49,58,-9,9
46555,94,95,-1,1
46556,93,121,-28,28
46557,75,74,1,1
46558,65,64,1,1
46559,52,50,2,2
46560,83,77,6,6
46561,123,106,17,17
46562,92,86,6,6
46563,74,80,-6,6
46564,109,96,13,13
46565,52,63,-11,11
46566,76,69,7,7
46567,116,112,4,4
46568,83,73,10,10
46569,82,81,1,1
46570,144,140,4,4
46571,35,50,-15,15
46572,155,153,2,2
46573,136,133,3,3
46574,123,121,2,2
46575,81,80,1,1
46576,66,71,-5,5
46577,131,124,7,7
46578,133,120,13,13
46579,71,69,2,2
46580,82,81,1,1
46581,82,81,1,1
46582,42,50,-8,8
46583,137,153,-16,16
46584,140,165,-25,25
46585,58,66,-8,8
46586,117,105,12,12
46587,69,80,-11,11
46588,85,87,-2,2
46589,52,54,-2,2
46590,87,97,-10,10
46591,135,144,-9,9
46592,64,65,-1,1
46593,129,110,19,19
46594,190,186,4,4
46595,68,75,-7,7
46596,82,77,5,5
46597,75,77,-2,2
46598,149,136,13,13
46599,84,80,4,4
46600,54,52,2,2
46601,98,94,4,4
46602,99,87,12,12
46603,125,128,-3,3
46604,86,87,-1,1
46605,95,89,6,6
46606,75,78,-3,3
46607,80,76,4,4
46608,118,119,-1,1
46609,91,82,9,9
46610,106,102,4,4
46611,85,93,-8,8
46612,153,150,3,3
46613,103,105,-2,2
46614,159,163,-4,4
46615,69,66,3,3
46616,166,137,29,29
46617,109,107,2,2
46618,133,125,8,8
46619,191,177,14,14
46620,113,94,19,19
46621,124,114,10,10
46622,139,134,5,5
46623,88,87,1,1
46624,43,112,-69,69
46625,71,74,-3,3
46626,116,114,2,2
46627,115,110,5,5
46628,118,119,-1,1
46629,62,67,-5,5
46630,106,106,0,0
46631,116,134,-18,18
46632,137,131,6,6
46633,201,177,24,24
46634,53,62,-9,9
46635,73,75,-2,2
46636,46,54,-8,8
46637,90,88,2,2
46638,126,127,-1,1
46639,113,116,-3,3
46640,80,77,3,3
46641,102,94,8,8
46642,161,150,11,11
46643,103,106,-3,3
46644,119,131,-12,12
46645,54,62,-8,8
46646,159,148,11,11
46647,87,81,6,6
46648,59,55,4,4
46649,59,65,-6,6
46650,90,85,5,5
46651,59,68,-9,9
46652,104,100,4,4
46653,131,135,-4,4
46654,60,58,2,2
46655,68,65,3,3
46656,86,85,1,1
46657,88,82,6,6
46658,146,146,0,0
46659,62,62,0,0
46660,152,150,2,2
46661,104,102,2,2
46662,67,67,0,0
46663,102,106,-4,4
46664,96,98,-2,2
46665,99,112,-13,13
46666,99,103,-4,4
46667,76,75,1,1
46668,97,97,0,0
46669,83,90,-7,7
46670,112,123,-11,11
46671,63,64,-1,1
46672,136,146,-10,10
46673,74,76,-2,2
46674,172,152,20,20
46675,136,121,15,15
46676,120,126,-6,6
46677,116,118,-2,2
46678,126,120,6,6
46679,114,108,6,6
46680,72,74,-2,2
46681,104,102,2,2
46682,147,151,-4,4
46683,103,101,2,2
46684,81,72,9,9
46685,80,81,-1,1
46686,101,99,2,2
46687,125,108,17,17
46688,92,91,1,1
46689,84,82,2,2
46690,80,107,-27,27
46691,150,146,4,4
46692,61,64,-3,3
46693,112,109,3,3
46694,112,104,8,8
46695,67,60,7,7
46696,137,132,5,5
46697,58,64,-6,6
46698,105,101,4,4
46699,88,92,-4,4
46700,76,75,1,1
46701,88,78,10,10
46702,108,113,-5,5
46703,97,91,6,6
46704,141,146,-5,5
46705,64,77,-13,13
46706,51,58,-7,7
46707,101,94,7,7
46708,158,159,-1,1
46709,97,95,2,2
46710,79,85,-6,6
46711,69,68,1,1
46712,97,107,-10,10
46713,90,88,2,2
46714,85,94,-9,9
46715,90,87,3,3
46716,120,115,5,5
46717,61,61,0,0
46718,145,151,-6,6
46719,77,78,-1,1
46720,49,61,-12,12
46721,81,82,-1,1
46722,70,71,-1,1
46723,107,101,6,6
46724,87,85,2,2
46725,66,67,-1,1
46726,108,108,0,0
46727,86,81,5,5
46728,68,70,-2,2
46729,84,74,10,10
46730,72,72,0,0
46731,67,72,-5,5
46732,73,73,0,0
46733,81,83,-2,2
46734,65,58,7,7
46735,130,111,19,19
46736,47,52,-5,5
46737,117,119,-2,2
46738,141,123,18,18
46739,204,177,27,27
46740,85,82,3,3
46741,116,126,-10,10
46742,118,110,8,8
46743,110,113,-3,3
46744,100,96,4,4
46745,93,93,0,0
46746,53,66,-13,13
46747,86,77,9,9
46748,70,70,0,0
46749,80,80,0,0
46750,146,153,-7,7
46751,72,71,1,1
46752,154,151,3,3
46753,206,203,3,3
46754,72,78,-6,6
46755,141,137,4,4
46756,83,105,-22,22
46757,141,146,-5,5
46758,97,107,-10,10
46759,137,131,6,6
46760,124,129,-5,5
46761,84,86,-2,2
46762,102,117,-15,15
46763,22,60,-38,38
46764,97,99,-2,2
46765,59,55,4,4
46766,124,128,-4,4
46767,198,195,3,3
46768,93,80,13,13
46769,96,93,3,3
46770,99,90,9,9
46771,191,160,31,31
46772,88,82,6,6
46773,88,85,3,3
46774,114,110,4,4
46775,85,93,-8,8
46776,85,71,14,14
46777,63,71,-8,8
46778,129,108,21,21
46779,142,140,2,2
46780,66,74,-8,8
46781,64,62,2,2
46782,72,68,4,4
46783,143,146,-3,3
46784,73,64,9,9
46785,92,95,-3,3
46786,80,87,-7,7
46787,123,120,3,3
46788,67,70,-3,3
46789,87,102,-15,15
46790,81,68,13,13
46791,77,104,-27,27
46792,70,67,3,3
46793,120,122,-2,2
46794,119,122,-3,3
46795,116,122,-6,6
46796,193,195,-2,2
46797,90,92,-2,2
46798,113,130,-17,17
46799,109,102,7,7
46800,85,78,7,7
46801,63,66,-3,3
46802,56,59,-3,3
46803,131,138,-7,7
46804,108,108,0,0
46805,58,59,-1,1
46806,57,65,-8,8
46807,98,119,-21,21
46808,86,100,-14,14
46809,60,63,-3,3
46810,54,63,-9,9
46811,160,150,10,10
46812,91,100,-9,9
46813,179,146,33,33
46814,68,84,-16,16
46815,143,144,-1,1
46816,86,77,9,9
46817,115,120,-5,5
46818,139,124,15,15
46819,95,95,0,0
46820,66,78,-12,12
46821,66,65,1,1
46822,143,143,0,0
46823,87,85,2,2
46824,85,95,-10,10
46825,77,80,-3,3
46826,77,72,5,5
46827,91,82,9,9
46828,80,82,-2,2
46829,23,44,-21,21
46830,92,90,2,2
46831,109,101,8,8
46832,115,106,9,9
46833,93,94,-1,1
46834,67,71,-4,4
46835,150,146,4,4
46836,78,68,10,10
46837,159,161,-2,2
46838,124,110,14,14
46839,93,106,-13,13
46840,133,139,-6,6
46841,79,85,-6,6
46842,62,63,-1,1
46843,73,71,2,2
46844,66,68,-2,2
46845,69,66,3,3
46846,146,166,-20,20
46847,73,68,5,5
46848,91,103,-12,12
46849,67,64,3,3
46850,80,101,-21,21
46851,96,91,5,5
46852,75,71,4,4
46853,72,76,-4,4
46854,87,82,5,5
46855,93,83,10,10
46856,115,110,5,5
46857,142,140,2,2
46858,168,143,25,25
46859,149,141,8,8
46860,91,88,3,3
46861,69,73,-4,4
46862,112,109,3,3
46863,83,79,4,4
46864,63,57,6,6
46865,84,85,-1,1
46866,113,103,10,10
46867,98,95,3,3
46868,174,177,-3,3
46869,103,94,9,9
46870,32,80,-48,48
46871,126,129,-3,3
46872,132,135,-3,3
46873,49,50,-1,1
46874,107,107,0,0
46875,121,131,-10,10
46876,132,123,9,9
46877,75,72,3,3
46878,71,78,-7,7
46879,69,81,-12,12
46880,158,150,8,8
46881,73,72,1,1
46882,146,135,11,11
46883,49,58,-9,9
46884,124,123,1,1
46885,71,67,4,4
46886,43,50,-7,7
46887,94,100,-6,6
46888,120,135,-15,15
46889,107,108,-1,1
46890,83,76,7,7
46891,111,108,3,3
46892,79,84,-5,5
46893,93,95,-2,2
46894,130,129,1,1
46895,119,113,6,6
46896,80,73,7,7
46897,80,70,10,10
46898,76,72,4,4
46899,101,104,-3,3
46900,131,130,1,1
46901,91,97,-6,6
46902,81,88,-7,7
46903,102,103,-1,1
46904,108,94,14,14
46905,79,76,3,3
46906,121,112,9,9
46907,135,140,-5,5
46908,68,80,-12,12
46909,104,114,-10,10
46910,44,46,-2,2
46911,103,110,-7,7
46912,136,142,-6,6
46913,107,90,17,17
46914,78,90,-12,12
46915,75,75,0,0
46916,37,50,-13,13
46917,24,48,-24,24
46918,166,165,1,1
46919,134,126,8,8
46920,116,117,-1,1
46921,85,84,1,1
46922,130,133,-3,3
46923,150,139,11,11
46924,103,97,6,6
46925,92,87,5,5
46926,127,132,-5,5
46927,72,75,-3,3
46928,95,100,-5,5
46929,56,59,-3,3
46930,170,151,19,19
46931,106,99,7,7
46932,78,79,-1,1
46933,135,140,-5,5
46934,113,106,7,7
46935,191,180,11,11
46936,61,67,-6,6
46937,95,85,10,10
46938,119,118,1,1
46939,114,104,10,10
46940,88,84,4,4
46941,71,70,1,1
46942,76,72,4,4
46943,50,57,-7,7
46944,69,67,2,2
46945,51,73,-22,22
46946,74,82,-8,8
46947,79,78,1,1
46948,74,80,-6,6
46949,113,120,-7,7
46950,99,109,-10,10
46951,86,85,1,1
46952,91,87,4,4
46953,83,96,-13,13
46954,106,99,7,7
46955,66,66,0,0
46956,74,70,4,4
46957,78,75,3,3
46958,101,103,-2,2
46959,78,80,-2,2
46960,91,102,-11,11
46961,94,99,-5,5
46962,86,86,0,0
46963,64,66,-2,2
46964,98,79,19,19
46965,100,109,-9,9
46966,148,137,11,11
46967,96,105,-9,9
46968,135,122,13,13
46969,123,136,-13,13
46970,65,65,0,0
46971,86,79,7,7
46972,86,82,4,4
46973,93,92,1,1
46974,106,105,1,1
46975,122,117,5,5
46976,75,86,-11,11
46977,86,83,3,3
46978,51,53,-2,2
46979,56,59,-3,3
46980,125,133,-8,8
46981,92,85,7,7
46982,108,118,-10,10
46983,151,146,5,5
46984,83,85,-2,2
46985,66,75,-9,9
46986,138,126,12,12
46987,120,125,-5,5
46988,79,70,9,9
46989,86,92,-6,6
46990,163,169,-6,6
46991,112,113,-1,1
46992,98,86,12,12
46993,40,68,-28,28
46994,85,88,-3,3
46995,73,78,-5,5
46996,84,95,-11,11
46997,127,132,-5,5
46998,113,103,10,10
46999,116,112,4,4
47000,91,93,-2,2
47001,91,75,16,16
47002,50,57,-7,7
47003,78,81,-3,3
47004,90,92,-2,2
47005,125,120,5,5
47006,84,90,-6,6
47007,79,76,3,3
47008,69,66,3,3
47009,115,102,13,13
47010,227,247,-20,20
47011,107,110,-3,3
47012,136,161,-25,25
47013,88,85,3,3
47014,117,118,-1,1
47015,81,86,-5,5
47016,150,147,3,3
47017,101,123,-22,22
47018,169,165,4,4
47019,75,80,-5,5
47020,146,152,-6,6
47021,96,93,3,3
47022,66,67,-1,1
47023,73,72,1,1
47024,85,95,-10,10
47025,104,89,15,15
47026,53,57,-4,4
47027,148,154,-6,6
47028,119,108,11,11
47029,45,48,-3,3
47030,72,74,-2,2
47031,126,126,0,0
47032,64,63,1,1
47033,119,123,-4,4
47034,89,96,-7,7
47035,139,139,0,0
47036,111,118,-7,7
47037,100,107,-7,7
47038,82,84,-2,2
47039,138,136,2,2
47040,47,50,-3,3
47041,167,151,16,16
47042,63,62,1,1
47043,118,114,4,4
47044,201,201,0,0
47045,82,90,-8,8
47046,91,95,-4,4
47047,81,81,0,0
47048,91,87,4,4
47049,119,109,10,10
47050,88,82,6,6
47051,76,78,-2,2
47052,86,87,-1,1
47053,47,58,-11,11
47054,134,138,-4,4
47055,96,96,0,0
47056,82,81,1,1
47057,82,77,5,5
47058,89,90,-1,1
47059,99,105,-6,6
47060,93,97,-4,4
47061,87,89,-2,2
47062,62,73,-11,11
47063,58,55,3,3
47064,82,83,-1,1
47065,142,146,-4,4
47066,101,98,3,3
47067,127,119,8,8
47068,46,57,-11,11
47069,116,111,5,5
47070,54,63,-9,9
47071,71,68,3,3
47072,121,143,-22,22
47073,80,79,1,1
47074,86,85,1,1
47075,119,113,6,6
47076,71,75,-4,4
47077,171,167,4,4
47078,126,114,12,12
47079,57,55,2,2
47080,99,97,2,2
47081,55,61,-6,6
47082,77,77,0,0
47083,110,105,5,5
47084,77,104,-27,27
47085,111,108,3,3
47086,164,165,-1,1
47087,104,95,9,9
47088,85,87,-2,2
47089,75,75,0,0
47090,119,112,7,7
47091,82,83,-1,1
47092,122,111,11,11
47093,111,109,2,2
47094,102,95,7,7
47095,54,55,-1,1
47096,96,96,0,0
47097,65,70,-5,5
47098,135,136,-1,1
47099,79,72,7,7
47100,92,77,15,15
47101,56,61,-5,5
47102,109,93,16,16
47103,124,123,1,1
47104,65,71,-6,6
47105,84,84,0,0
47106,107,103,4,4
47107,114,113,1,1
47108,92,85,7,7
47109,129,125,4,4
47110,159,153,6,6
47111,80,85,-5,5
47112,106,105,1,1
47113,76,76,0,0
47114,81,92,-11,11
47115,115,114,1,1
47116,89,98,-9,9
47117,66,70,-4,4
47118,49,54,-5,5
47119,74,70,4,4
47120,77,72,5,5
47121,98,95,3,3
47122,181,170,11,11
47123,65,63,2,2
47124,125,123,2,2
47125,120,126,-6,6
47126,92,83,9,9
47127,125,119,6,6
47128,97,96,1,1
47129,113,102,11,11
47130,69,72,-3,3
47131,41,48,-7,7
47132,112,113,-1,1
47133,93,84,9,9
47134,77,74,3,3
47135,114,126,-12,12
47136,90,90,0,0
47137,119,127,-8,8
47138,85,96,-11,11
47139,99,108,-9,9
47140,113,92,21,21
47141,112,117,-5,5
47142,43,53,-10,10
47143,73,73,0,0
47144,149,148,1,1
47145,72,74,-2,2
47146,62,66,-4,4
47147,74,74,0,0
47148,197,189,8,8
47149,93,104,-11,11
47150,103,75,28,28
47151,96,90,6,6
47152,191,169,22,22
47153,116,113,3,3
47154,75,72,3,3
47155,99,105,-6,6
47156,94,84,10,10
47157,124,127,-3,3
47158,83,79,4,4
47159,131,127,4,4
47160,108,95,13,13
47161,108,119,-11,11
47162,77,76,1,1
47163,77,67,10,10
47164,126,124,2,2
47165,59,75,-16,16
47166,101,113,-12,12
47167,121,119,2,2
47168,116,123,-7,7
47169,124,117,7,7
47170,69,62,7,7
47171,160,149,11,11
47172,67,78,-11,11
47173,111,118,-7,7
47174,80,103,-23,23
47175,44,53,-9,9
47176,89,87,2,2
47177,92,87,5,5
47178,105,113,-8,8
47179,113,99,14,14
47180,83,83,0,0
47181,54,58,-4,4
47182,47,59,-12,12
47183,105,97,8,8
47184,65,61,4,4
47185,118,110,8,8
47186,115,106,9,9
47187,92,98,-6,6
47188,69,58,11,11
47189,42,51,-9,9
47190,64,58,6,6
47191,119,126,-7,7
47192,142,130,12,12
47193,117,108,9,9
47194,67,72,-5,5
47195,157,146,11,11
47196,57,60,-3,3
47197,122,112,10,10
47198,84,76,8,8
47199,112,116,-4,4
47200,96,98,-2,2
47201,75,73,2,2
47202,86,87,-1,1
47203,168,154,14,14
47204,128,113,15,15
47205,111,115,-4,4
47206,95,96,-1,1
47207,74,85,-11,11
47208,101,91,10,10
47209,69,65,4,4
47210,160,162,-2,2
47211,139,130,9,9
47212,24,59,-35,35
47213,89,87,2,2
47214,102,106,-4,4
47215,49,52,-3,3
47216,94,106,-12,12
47217,76,70,6,6
47218,170,149,21,21
47219,158,156,2,2
47220,31,87,-56,56
47221,66,70,-4,4
47222,106,92,14,14
47223,60,71,-11,11
47224,77,80,-3,3
47225,68,69,-1,1
47226,129,129,0,0
47227,60,58,2,2
47228,106,107,-1,1
47229,64,61,3,3
47230,67,71,-4,4
47231,85,88,-3,3
47232,79,75,4,4
47233,175,170,5,5
47234,20,58,-38,38
47235,169,153,16,16
47236,90,94,-4,4
47237,74,77,-3,3
47238,68,82,-14,14
47239,52,60,-8,8
47240,81,86,-5,5
47241,106,112,-6,6
47242,113,123,-10,10
47243,64,67,-3,3
47244,98,102,-4,4
47245,120,122,-2,2
47246,85,80,5,5
47247,70,63,7,7
47248,121,121,0,0
47249,132,123,9,9
47250,50,48,2,2
47251,68,77,-9,9
47252,55,56,-1,1
47253,122,113,9,9
47254,107,99,8,8
47255,69,72,-3,3
47256,115,113,2,2
47257,118,116,2,2
47258,184,213,-29,29
47259,78,89,-11,11
47260,47,51,-4,4
47261,65,64,1,1
47262,109,97,12,12
47263,89,82,7,7
47264,141,146,-5,5
47265,68,91,-23,23
47266,167,151,16,16
47267,68,76,-8,8
47268,86,98,-12,12
47269,93,91,2,2
47270,91,92,-1,1
47271,65,71,-6,6
47272,132,134,-2,2
47273,91,94,-3,3
47274,71,65,6,6
47275,71,64,7,7
47276,120,124,-4,4
47277,118,111,7,7
47278,117,116,1,1
47279,157,160,-3,3
47280,73,76,-3,3
47281,108,113,-5,5
47282,82,73,9,9
47283,122,119,3,3
47284,143,151,-8,8
47285,172,161,11,11
47286,76,65,11,11
47287,130,136,-6,6
47288,61,64,-3,3
47289,65,73,-8,8
47290,128,120,8,8
47291,98,95,3,3
47292,161,169,-8,8
47293,56,57,-1,1
47294,97,133,-36,36
47295,176,197,-21,21
47296,125,124,1,1
47297,115,109,6,6
47298,81,84,-3,3
47299,103,100,3,3
47300,53,57,-4,4
47301,173,172,1,1
47302,132,126,6,6
47303,129,121,8,8
47304,120,120,0,0
47305,123,117,6,6
47306,203,165,38,38
47307,59,53,6,6
47308,67,70,-3,3
47309,132,121,11,11
47310,182,164,18,18
47311,143,147,-4,4
47312,97,89,8,8
47313,91,85,6,6
47314,96,105,-9,9
47315,91,91,0,0
47316,87,85,2,2
47317,143,153,-10,10
47318,65,67,-2,2
47319,78,69,9,9
47320,78,78,0,0
47321,140,141,-1,1
47322,93,95,-2,2
47323,52,55,-3,3
47324,95,101,-6,6
47325,96,87,9,9
47326,72,74,-2,2
47327,113,114,-1,1
47328,97,92,5,5
47329,77,79,-2,2
47330,71,74,-3,3
47331,58,57,1,1
47332,72,72,0,0
47333,210,184,26,26
47334,97,91,6,6
47335,141,148,-7,7
47336,130,134,-4,4
47337,105,108,-3,3
47338,66,72,-6,6
47339,78,86,-8,8
47340,96,100,-4,4
47341,120,118,2,2
47342,57,60,-3,3
47343,162,157,5,5
47344,134,138,-4,4
47345,161,151,10,10
47346,171,172,-1,1
47347,91,100,-9,9
47348,46,49,-3,3
47349,128,121,7,7
47350,113,99,14,14
47351,96,90,6,6
47352,55,55,0,0
47353,101,106,-5,5
47354,146,142,4,4
47355,83,121,-38,38
47356,41,54,-13,13
47357,117,117,0,0
47358,118,122,-4,4
47359,89,94,-5,5
47360,88,90,-2,2
47361,37,46,-9,9
47362,68,72,-4,4
47363,53,54,-1,1
47364,106,102,4,4
47365,125,120,5,5
47366,79,77,2,2
47367,100,96,4,4
47368,99,106,-7,7
47369,99,102,-3,3
47370,130,125,5,5
47371,75,85,-10,10
47372,101,97,4,4
47373,90,87,3,3
47374,154,141,13,13
47375,116,112,4,4
47376,60,69,-9,9
47377,144,148,-4,4
47378,75,77,-2,2
47379,110,106,4,4
47380,124,128,-4,4
47381,79,91,-12,12
47382,38,45,-7,7
47383,90,89,1,1
47384,84,75,9,9
47385,76,82,-6,6
47386,88,92,-4,4
47387,124,129,-5,5
47388,76,81,-5,5
47389,84,78,6,6
47390,75,74,1,1
47391,78,77,1,1
47392,48,53,-5,5
47393,70,77,-7,7
47394,125,118,7,7
47395,129,132,-3,3
47396,75,66,9,9
47397,91,104,-13,13
47398,108,107,1,1
47399,100,93,7,7
47400,56,66,-10,10
47401,140,129,11,11
47402,62,59,3,3
47403,224,186,38,38
47404,109,118,-9,9
47405,159,162,-3,3
47406,90,93,-3,3
47407,125,120,5,5
47408,96,99,-3,3
47409,74,89,-15,15
47410,109,116,-7,7
47411,84,82,2,2
47412,50,61,-11,11
47413,146,139,7,7
47414,116,104,12,12
47415,93,86,7,7
47416,92,84,8,8
47417,72,66,6,6
47418,159,141,18,18
47419,79,75,4,4
47420,117,108,9,9
47421,92,80,12,12
47422,102,100,2,2
47423,61,62,-1,1
47424,55,57,-2,2
47425,91,76,15,15
47426,94,86,8,8
47427,64,67,-3,3
47428,121,117,4,4
47429,50,51,-1,1
47430,91,87,4,4
47431,87,85,2,2
47432,100,95,5,5
47433,60,63,-3,3
47434,139,139,0,0
47435,77,72,5,5
47436,54,56,-2,2
47437,117,97,20,20
47438,105,120,-15,15
47439,105,102,3,3
47440,78,78,0,0
47441,108,97,11,11
47442,111,123,-12,12
47443,112,119,-7,7
47444,69,67,2,2
47445,100,108,-8,8
47446,96,92,4,4
47447,31,63,-32,32
47448,75,71,4,4
47449,68,71,-3,3
47450,53,57,-4,4
47451,63,64,-1,1
47452,85,80,5,5
47453,126,125,1,1
47454,107,108,-1,1
47455,130,124,6,6
47456,65,61,4,4
47457,73,74,-1,1
47458,107,111,-4,4
47459,121,122,-1,1
47460,99,100,-1,1
47461,92,93,-1,1
47462,170,171,-1,1
47463,85,69,16,16
47464,142,143,-1,1
47465,86,88,-2,2
47466,63,63,0,0
47467,121,114,7,7
47468,84,92,-8,8
47469,66,63,3,3
47470,60,59,1,1
47471,68,64,4,4
47472,113,129,-16,16
47473,101,99,2,2
47474,48,56,-8,8
47475,154,155,-1,1
47476,160,156,4,4
47477,102,92,10,10
47478,94,91,3,3
47479,84,80,4,4
47480,107,114,-7,7
47481,66,71,-5,5
47482,87,90,-3,3
47483,84,76,8,8
47484,86,89,-3,3
47485,101,83,18,18
47486,83,76,7,7
47487,70,61,9,9
47488,104,93,11,11
47489,78,76,2,2
47490,69,68,1,1
47491,172,163,9,9
47492,66,76,-10,10
47493,96,90,6,6
47494,73,75,-2,2
47495,122,135,-13,13
47496,66,74,-8,8
47497,78,80,-2,2
47498,70,129,-59,59
47499,62,71,-9,9
47500,64,64,0,0
47501,189,173,16,16
47502,101,102,-1,1
47503,83,81,2,2
47504,88,79,9,9
47505,108,102,6,6
47506,109,108,1,1
47507,50,58,-8,8
47508,100,95,5,5
47509,98,92,6,6
47510,74,69,5,5
47511,151,138,13,13
47512,67,70,-3,3
47513,145,137,8,8
47514,99,97,2,2
47515,79,78,1,1
47516,66,72,-6,6
47517,87,81,6,6
47518,104,93,11,11
47519,75,72,3,3
47520,81,72,9,9
47521,79,86,-7,7
47522,82,78,4,4
47523,202,184,18,18
47524,64,59,5,5
47525,142,140,2,2
47526,77,93,-16,16
47527,95,105,-10,10
47528,127,126,1,1
47529,89,94,-5,5
47530,136,146,-10,10
47531,63,67,-4,4
47532,123,121,2,2
47533,113,106,7,7
47534,98,96,2,2
47535,136,123,13,13
47536,124,116,8,8
47537,124,121,3,3
47538,162,151,11,11
47539,81,95,-14,14
47540,93,92,1,1
47541,83,89,-6,6
47542,127,113,14,14
47543,60,64,-4,4
47544,83,85,-2,2
47545,60,61,-1,1
47546,103,112,-9,9
47547,93,78,15,15
47548,78,78,0,0
47549,97,93,4,4
47550,73,70,3,3
47551,128,122,6,6
47552,92,97,-5,5
47553,37,51,-14,14
47554,154,149,5,5
47555,60,66,-6,6
47556,94,92,2,2
47557,103,97,6,6
47558,72,74,-2,2
47559,65,73,-8,8
47560,85,87,-2,2
47561,111,110,1,1
47562,88,92,-4,4
47563,110,100,10,10
47564,102,97,5,5
47565,59,59,0,0
47566,89,81,8,8
47567,113,99,14,14
47568,65,75,-10,10
47569,148,143,5,5
47570,83,84,-1,1
47571,81,81,0,0
47572,88,85,3,3
47573,67,70,-3,3
47574,44,49,-5,5
47575,98,104,-6,6
47576,89,88,1,1
47577,85,85,0,0
47578,165,149,16,16
47579,58,66,-8,8
47580,118,112,6,6
47581,138,118,20,20
47582,85,78,7,7
47583,77,79,-2,2
47584,58,63,-5,5
47585,78,71,7,7
47586,94,106,-12,12
47587,51,58,-7,7
47588,109,119,-10,10
47589,72,77,-5,5
47590,71,69,2,2
47591,83,88,-5,5
47592,97,94,3,3
47593,81,87,-6,6
47594,192,206,-14,14
47595,152,144,8,8
47596,101,101,0,0
47597,65,60,5,5
47598,77,77,0,0
47599,130,122,8,8
47600,124,97,27,27
47601,89,92,-3,3
47602,105,116,-11,11
47603,85,84,1,1
47604,147,148,-1,1
47605,108,123,-15,15
47606,86,85,1,1
47607,66,67,-1,1
47608,62,61,1,1
47609,74,70,4,4
47610,144,124,20,20
47611,77,77,0,0
47612,53,58,-5,5
47613,81,73,8,8
47614,121,120,1,1
47615,71,67,4,4
47616,75,68,7,7
47617,105,96,9,9
47618,98,102,-4,4
47619,133,137,-4,4
47620,115,120,-5,5
47621,56,62,-6,6
47622,139,136,3,3
47623,108,111,-3,3
47624,207,184,23,23
47625,43,58,-15,15
47626,135,128,7,7
47627,122,126,-4,4
47628,61,68,-7,7
47629,97,88,9,9
47630,77,73,4,4
47631,123,105,18,18
47632,59,62,-3,3
47633,113,121,-8,8
47634,125,121,4,4
47635,88,91,-3,3
47636,72,68,4,4
47637,137,139,-2,2
47638,113,104,9,9
47639,112,106,6,6
47640,60,67,-7,7
47641,106,108,-2,2
47642,143,143,0,0
47643,91,89,2,2
47644,95,89,6,6
47645,155,138,17,17
47646,106,108,-2,2
47647,103,118,-15,15
47648,142,130,12,12
47649,76,78,-2,2
47650,115,122,-7,7
47651,96,121,-25,25
47652,103,95,8,8
47653,106,110,-4,4
47654,67,65,2,2
47655,100,98,2,2
47656,103,93,10,10
47657,72,73,-1,1
47658,142,135,7,7
47659,32,59,-27,27
47660,137,139,-2,2
47661,57,66,-9,9
47662,69,72,-3,3
47663,47,54,-7,7
47664,82,79,3,3
47665,113,103,10,10
47666,81,88,-7,7
47667,96,96,0,0
47668,67,64,3,3
47669,138,130,8,8
47670,73,71,2,2
47671,62,77,-15,15
47672,45,52,-7,7
47673,106,103,3,3
47674,65,66,-1,1
47675,79,83,-4,4
47676,109,116,-7,7
47677,147,140,7,7
47678,67,64,3,3
47679,94,89,5,5
47680,73,72,1,1
47681,57,65,-8,8
47682,124,113,11,11
47683,68,72,-4,4
47684,89,82,7,7
47685,105,93,12,12
47686,64,74,-10,10
47687,78,84,-6,6
47688,108,101,7,7
47689,171,167,4,4
47690,92,82,10,10
47691,63,67,-4,4
47692,66,69,-3,3
47693,85,90,-5,5
47694,134,131,3,3
47695,73,73,0,0
47696,85,84,1,1
47697,81,77,4,4
47698,119,118,1,1
47699,64,61,3,3
47700,73,68,5,5
47701,120,107,13,13
47702,122,118,4,4
47703,97,102,-5,5
47704,69,73,-4,4
47705,88,86,2,2
47706,86,87,-1,1
47707,87,85,2,2
47708,152,144,8,8
47709,65,66,-1,1
47710,37,53,-16,16
47711,125,111,14,14
47712,117,127,-10,10
47713,72,71,1,1
47714,120,135,-15,15
47715,67,65,2,2
47716,147,144,3,3
47717,142,138,4,4
47718,111,106,5,5
47719,104,106,-2,2
47720,90,84,6,6
47721,76,75,1,1
47722,82,71,11,11
47723,122,96,26,26
47724,176,166,10,10
47725,97,80,17,17
47726,84,85,-1,1
47727,94,91,3,3
47728,175,180,-5,5
47729,90,92,-2,2
47730,62,63,-1,1
47731,116,106,10,10
47732,137,134,3,3
47733,141,134,7,7
47734,96,115,-19,19
47735,99,97,2,2
47736,66,64,2,2
47737,183,181,2,2
47738,64,64,0,0
47739,137,149,-12,12
47740,51,57,-6,6
47741,35,55,-20,20
47742,137,126,11,11
47743,151,153,-2,2
47744,115,115,0,0
47745,94,90,4,4
47746,42,55,-13,13
47747,57,65,-8,8
47748,102,109,-7,7
47749,59,58,1,1
47750,73,83,-10,10
47751,80,79,1,1
47752,102,109,-7,7
47753,111,109,2,2
47754,150,154,-4,4
47755,149,140,9,9
47756,129,122,7,7
47757,35,66,-31,31
47758,50,57,-7,7
47759,85,78,7,7
47760,90,85,5,5
47761,129,119,10,10
47762,111,112,-1,1
47763,80,88,-8,8
47764,165,167,-2,2
47765,69,69,0,0
47766,132,121,11,11
47767,145,138,7,7
47768,51,55,-4,4
47769,152,142,10,10
47770,64,62,2,2
47771,168,158,10,10
47772,100,106,-6,6
47773,72,64,8,8
47774,86,87,-1,1
47775,67,73,-6,6
47776,71,76,-5,5
47777,156,153,3,3
47778,92,86,6,6
47779,93,97,-4,4
47780,95,99,-4,4
47781,113,112,1,1
47782,105,101,4,4
47783,77,85,-8,8
47784,96,105,-9,9
47785,103,106,-3,3
47786,76,88,-12,12
47787,77,76,1,1
47788,103,91,12,12
47789,80,79,1,1
47790,72,79,-7,7
47791,98,98,0,0
47792,94,83,11,11
47793,145,156,-11,11
47794,57,53,4,4
47795,95,87,8,8
47796,97,79,18,18
47797,160,149,11,11
47798,161,157,4,4
47799,71,70,1,1
47800,95,91,4,4
47801,100,98,2,2
47802,57,58,-1,1
47803,96,94,2,2
47804,70,68,2,2
47805,51,78,-27,27
47806,70,73,-3,3
47807,27,50,-23,23
47808,93,85,8,8
47809,110,108,2,2
47810,128,126,2,2
47811,146,152,-6,6
47812,81,72,9,9
47813,100,93,7,7
47814,77,75,2,2
47815,57,62,-5,5
47816,110,104,6,6
47817,90,92,-2,2
47818,105,112,-7,7
47819,91,84,7,7
47820,158,154,4,4
47821,79,77,2,2
47822,52,53,-1,1
47823,86,82,4,4
47824,100,100,0,0
47825,65,63,2,2
47826,116,108,8,8
47827,75,68,7,7
47828,95,91,4,4
47829,71,77,-6,6
47830,87,90,-3,3
47831,79,68,11,11
47832,77,77,0,0
47833,55,60,-5,5
47834,94,94,0,0
47835,99,97,2,2
47836,98,98,0,0
47837,95,109,-14,14
47838,123,125,-2,2
47839,76,88,-12,12
47840,157,169,-12,12
47841,75,75,0,0
47842,114,112,2,2
47843,47,53,-6,6
47844,110,109,1,1
47845,122,115,7,7
47846,89,96,-7,7
47847,65,71,-6,6
47848,63,69,-6,6
47849,140,130,10,10
47850,101,103,-2,2
47851,132,128,4,4
47852,175,186,-11,11
47853,79,75,4,4
47854,97,94,3,3
47855,108,95,13,13
47856,76,71,5,5
47857,80,74,6,6
47858,114,106,8,8
47859,160,166,-6,6
47860,101,93,8,8
47861,143,131,12,12
47862,40,57,-17,17
47863,151,144,7,7
47864,111,126,-15,15
47865,105,122,-17,17
47866,93,89,4,4
47867,121,127,-6,6
47868,162,155,7,7
47869,91,102,-11,11
47870,86,87,-1,1
47871,133,142,-9,9
47872,69,73,-4,4
47873,110,106,4,4
47874,76,71,5,5
47875,70,76,-6,6
47876,129,111,18,18
47877,105,98,7,7
47878,118,114,4,4
47879,51,59,-8,8
47880,155,148,7,7
47881,80,80,0,0
47882,91,107,-16,16
47883,87,85,2,2
47884,61,74,-13,13
47885,65,65,0,0
47886,85,89,-4,4
47887,89,88,1,1
47888,62,64,-2,2
47889,85,89,-4,4
47890,65,72,-7,7
47891,127,125,2,2
47892,94,95,-1,1
47893,106,107,-1,1
47894,72,68,4,4
47895,115,112,3,3
47896,100,91,9,9
47897,56,55,1,1
47898,78,86,-8,8
47899,100,99,1,1
47900,94,94,0,0
47901,104,98,6,6
47902,76,90,-14,14
47903,100,95,5,5
47904,114,107,7,7
47905,94,85,9,9
47906,92,90,2,2
47907,51,51,0,0
47908,129,130,-1,1
47909,30,46,-16,16
47910,91,102,-11,11
47911,72,72,0,0
47912,99,99,0,0
47913,59,57,2,2
47914,103,97,6,6
47915,140,125,15,15
47916,71,72,-1,1
47917,77,75,2,2
47918,108,109,-1,1
47919,87,75,12,12
47920,150,150,0,0
47921,108,114,-6,6
47922,78,74,4,4
47923,143,138,5,5
47924,109,118,-9,9
47925,81,81,0,0
47926,82,89,-7,7
47927,46,50,-4,4
47928,142,132,10,10
47929,54,55,-1,1
47930,89,100,-11,11
47931,53,52,1,1
47932,73,70,3,3
47933,74,73,1,1
47934,43,48,-5,5
47935,89,90,-1,1
47936,71,77,-6,6
47937,62,75,-13,13
47938,59,65,-6,6
47939,114,107,7,7
47940,56,56,0,0
47941,94,96,-2,2
47942,102,109,-7,7
47943,112,105,7,7
47944,75,77,-2,2
47945,77,88,-11,11
47946,124,122,2,2
47947,128,118,10,10
47948,70,79,-9,9
47949,84,137,-53,53
47950,151,140,11,11
47951,113,105,8,8
47952,85,81,4,4
47953,82,102,-20,20
47954,163,166,-3,3
47955,124,137,-13,13
47956,80,79,1,1
47957,122,147,-25,25
47958,88,76,12,12
47959,66,62,4,4
47960,83,82,1,1
47961,118,112,6,6
47962,57,55,2,2
47963,66,72,-6,6
47964,108,107,1,1
47965,93,99,-6,6
47966,51,54,-3,3
47967,171,163,8,8
47968,114,104,10,10
47969,45,56,-11,11
47970,86,81,5,5
47971,62,69,-7,7
47972,67,67,0,0
47973,76,77,-1,1
47974,108,116,-8,8
47975,100,118,-18,18
47976,139,136,3,3
47977,115,113,2,2
47978,144,117,27,27
47979,90,79,11,11
47980,91,79,12,12
47981,75,78,-3,3
47982,135,131,4,4
47983,67,77,-10,10
47984,117,102,15,15
47985,127,114,13,13
47986,59,57,2,2
47987,48,56,-8,8
47988,69,70,-1,1
47989,93,84,9,9
47990,123,127,-4,4
47991,131,144,-13,13
47992,105,103,2,2
47993,121,127,-6,6
47994,111,117,-6,6
47995,43,50,-7,7
47996,131,127,4,4
47997,133,124,9,9
47998,74,74,0,0
47999,154,137,17,17
48000,36,49,-13,13
48001,83,91,-8,8
48002,114,117,-3,3
48003,115,106,9,9
48004,117,113,4,4
48005,129,128,1,1
48006,119,116,3,3
48007,65,63,2,2
48008,88,90,-2,2
48009,80,70,10,10
48010,43,47,-4,4
48011,68,70,-2,2
48012,157,149,8,8
48013,104,104,0,0
48014,56,51,5,5
48015,52,56,-4,4
48016,115,110,5,5
48017,64,61,3,3
48018,139,138,1,1
48019,58,58,0,0
48020,105,109,-4,4
48021,196,194,2,2
48022,117,106,11,11
48023,108,91,17,17
48024,109,122,-13,13
48025,53,55,-2,2
48026,97,86,11,11
48027,89,92,-3,3
48028,136,129,7,7
48029,156,165,-9,9
48030,107,99,8,8
48031,48,49,-1,1
48032,108,114,-6,6
48033,151,139,12,12
48034,71,84,-13,13
48035,99,90,9,9
48036,119,101,18,18
48037,131,125,6,6
48038,72,76,-4,4
48039,112,108,4,4
48040,142,156,-14,14
48041,130,129,1,1
48042,103,107,-4,4
48043,136,134,2,2
48044,61,62,-1,1
48045,93,89,4,4
48046,124,123,1,1
48047,44,53,-9,9
48048,166,176,-10,10
48049,134,138,-4,4
48050,85,82,3,3
48051,56,64,-8,8
48052,58,65,-7,7
48053,95,94,1,1
48054,113,109,4,4
48055,80,86,-6,6
48056,105,99,6,6
48057,56,53,3,3
48058,79,87,-8,8
48059,77,83,-6,6
48060,90,88,2,2
48061,68,71,-3,3
48062,65,73,-8,8
48063,95,96,-1,1
48064,51,56,-5,5
48065,99,87,12,12
48066,81,75,6,6
48067,116,102,14,14
48068,72,74,-2,2
48069,55,63,-8,8
48070,144,139,5,5
48071,74,79,-5,5
48072,135,144,-9,9
48073,60,63,-3,3
48074,76,85,-9,9
48075,144,122,22,22
48076,141,125,16,16
48077,80,63,17,17
48078,74,80,-6,6
48079,83,82,1,1
48080,76,69,7,7
48081,100,98,2,2
48082,97,94,3,3
48083,141,118,23,23
48084,109,105,4,4
48085,87,108,-21,21
48086,104,101,3,3
48087,69,66,3,3
48088,60,71,-11,11
48089,71,74,-3,3
48090,64,66,-2,2
48091,69,75,-6,6
48092,92,92,0,0
48093,93,90,3,3
48094,88,83,5,5
48095,11,49,-38,38
48096,132,124,8,8
48097,62,72,-10,10
48098,73,88,-15,15
48099,110,102,8,8
48100,84,88,-4,4
48101,63,57,6,6
48102,110,110,0,0
48103,61,61,0,0
48104,81,89,-8,8
48105,107,116,-9,9
48106,161,148,13,13
48107,66,59,7,7
48108,59,68,-9,9
48109,115,125,-10,10
48110,113,110,3,3
48111,125,129,-4,4
48112,104,104,0,0
48113,90,89,1,1
48114,84,82,2,2
48115,101,103,-2,2
48116,151,138,13,13
48117,127,122,5,5
48118,102,101,1,1
48119,85,89,-4,4
48120,64,72,-8,8
48121,114,116,-2,2
48122,104,97,7,7
48123,99,104,-5,5
48124,60,63,-3,3
48125,102,109,-7,7
48126,125,122,3,3
48127,109,122,-13,13
48128,106,100,6,6
48129,91,92,-1,1
48130,54,69,-15,15
48131,86,99,-13,13
48132,108,117,-9,9
48133,61,63,-2,2
48134,63,78,-15,15
48135,112,109,3,3
48136,35,48,-13,13
48137,86,82,4,4
48138,79,85,-6,6
48139,112,111,1,1
48140,180,179,1,1
48141,94,86,8,8
48142,125,120,5,5
48143,82,78,4,4
48144,94,100,-6,6
48145,83,75,8,8
48146,93,98,-5,5
48147,89,93,-4,4
48148,63,64,-1,1
48149,120,124,-4,4
48150,91,76,15,15
48151,102,125,-23,23
48152,70,75,-5,5
48153,66,62,4,4
48154,73,70,3,3
48155,122,110,12,12
48156,50,61,-11,11
48157,65,68,-3,3
48158,146,141,5,5
48159,72,77,-5,5
48160,109,99,10,10
48161,67,72,-5,5
48162,138,132,6,6
48163,78,80,-2,2
48164,143,145,-2,2
48165,82,83,-1,1
48166,147,158,-11,11
48167,115,115,0,0
48168,107,111,-4,4
48169,60,66,-6,6
48170,95,86,9,9
48171,95,94,1,1
48172,39,49,-10,10
48173,75,85,-10,10
48174,61,62,-1,1
48175,194,206,-12,12
48176,67,75,-8,8
48177,104,97,7,7
48178,79,82,-3,3
48179,57,78,-21,21
48180,45,49,-4,4
48181,66,74,-8,8
48182,70,73,-3,3
48183,61,75,-14,14
48184,93,90,3,3
48185,104,102,2,2
48186,122,139,-17,17
48187,64,65,-1,1
48188,68,72,-4,4
48189,132,129,3,3
48190,55,54,1,1
48191,117,116,1,1
48192,89,82,7,7
48193,83,92,-9,9
48194,94,111,-17,17
48195,59,59,0,0
48196,149,142,7,7
48197,77,81,-4,4
48198,92,97,-5,5
48199,84,77,7,7
48200,71,69,2,2
48201,75,71,4,4
48202,123,115,8,8
48203,108,112,-4,4
48204,90,93,-3,3
48205,99,85,14,14
48206,38,54,-16,16
48207,59,64,-5,5
48208,104,100,4,4
48209,114,127,-13,13
48210,83,87,-4,4
48211,182,164,18,18
48212,89,98,-9,9
48213,77,66,11,11
48214,146,137,9,9
48215,74,76,-2,2
48216,73,68,5,5
48217,71,68,3,3
48218,70,65,5,5
48219,139,145,-6,6
48220,75,66,9,9
48221,110,130,-20,20
48222,106,109,-3,3
48223,150,150,0,0
48224,132,127,5,5
48225,108,97,11,11
48226,56,63,-7,7
48227,133,134,-1,1
48228,123,110,13,13
48229,58,57,1,1
48230,73,78,-5,5
48231,118,110,8,8
48232,83,82,1,1
48233,66,68,-2,2
48234,83,83,0,0
48235,89,88,1,1
48236,87,96,-9,9
48237,95,92,3,3
48238,57,60,-3,3
48239,124,127,-3,3
48240,136,137,-1,1
48241,102,102,0,0
48242,123,128,-5,5
48243,53,53,0,0
48244,59,65,-6,6
48245,150,134,16,16
48246,140,131,9,9
48247,88,84,4,4
48248,140,135,5,5
48249,86,87,-1,1
48250,106,102,4,4
48251,127,144,-17,17
48252,88,77,11,11
48253,99,103,-4,4
48254,83,82,1,1
48255,81,82,-1,1
48256,151,139,12,12
48257,144,148,-4,4
48258,55,55,0,0
48259,66,63,3,3
48260,103,99,4,4
48261,100,96,4,4
48262,76,71,5,5
48263,115,113,2,2
48264,135,128,7,7
48265,128,116,12,12
48266,163,151,12,12
48267,81,70,11,11
48268,88,86,2,2
48269,86,115,-29,29
48270,147,139,8,8
48271,179,174,5,5
48272,98,90,8,8
48273,91,85,6,6
48274,145,141,4,4
48275,53,59,-6,6
48276,122,125,-3,3
48277,79,76,3,3
48278,118,128,-10,10
48279,100,87,13,13
48280,76,69,7,7
48281,148,145,3,3
48282,55,93,-38,38
48283,80,81,-1,1
48284,129,141,-12,12
48285,52,59,-7,7
48286,108,108,0,0
48287,71,72,-1,1
48288,49,49,0,0
48289,111,106,5,5
48290,97,88,9,9
48291,106,95,11,11
48292,31,62,-31,31
48293,62,58,4,4
48294,140,155,-15,15
48295,102,94,8,8
48296,68,62,6,6
48297,66,65,1,1
48298,98,100,-2,2
48299,29,43,-14,14
48300,162,156,6,6
48301,68,70,-2,2
48302,39,54,-15,15
48303,61,64,-3,3
48304,126,133,-7,7
48305,82,68,14,14
48306,95,86,9,9
48307,86,91,-5,5
48308,91,91,0,0
48309,68,83,-15,15
48310,70,75,-5,5
48311,56,52,4,4
48312,113,114,-1,1
48313,83,75,8,8
48314,185,171,14,14
48315,133,129,4,4
48316,98,96,2,2
48317,47,56,-9,9
48318,86,81,5,5
48319,115,106,9,9
48320,121,115,6,6
48321,130,134,-4,4
48322,116,114,2,2
48323,55,52,3,3
48324,88,85,3,3
48325,158,160,-2,2
48326,208,206,2,2
48327,104,97,7,7
48328,109,108,1,1
48329,94,103,-9,9
48330,49,55,-6,6
48331,66,74,-8,8
48332,135,156,-21,21
48333,112,101,11,11
48334,75,69,6,6
48335,99,103,-4,4
48336,98,101,-3,3
48337,77,85,-8,8
48338,108,96,12,12
48339,81,82,-1,1
48340,99,109,-10,10
48341,113,94,19,19
48342,68,73,-5,5
48343,111,120,-9,9
48344,57,65,-8,8
48345,141,128,13,13
48346,96,93,3,3
48347,57,66,-9,9
48348,86,85,1,1
48349,64,82,-18,18
48350,58,56,2,2
48351,68,73,-5,5
48352,79,76,3,3
48353,128,130,-2,2
48354,133,125,8,8
48355,129,138,-9,9
48356,98,90,8,8
48357,126,113,13,13
48358,68,72,-4,4
48359,98,92,6,6
48360,76,63,13,13
48361,151,134,17,17
48362,143,145,-2,2
48363,81,84,-3,3
48364,154,142,12,12
48365,99,101,-2,2
48366,58,61,-3,3
48367,40,48,-8,8
48368,101,105,-4,4
48369,88,82,6,6
48370,102,94,8,8
48371,82,75,7,7
48372,80,77,3,3
48373,77,78,-1,1
48374,91,86,5,5
48375,133,132,1,1
48376,160,148,12,12
48377,137,136,1,1
48378,110,103,7,7
48379,78,72,6,6
48380,83,82,1,1
48381,68,79,-11,11
48382,85,91,-6,6
48383,90,89,1,1
48384,51,57,-6,6
48385,95,91,4,4
48386,133,126,7,7
48387,63,66,-3,3
48388,64,62,2,2
48389,64,59,5,5
48390,128,132,-4,4
48391,94,101,-7,7
48392,87,85,2,2
48393,49,58,-9,9
48394,66,62,4,4
48395,53,57,-4,4
48396,99,102,-3,3
48397,55,62,-7,7
48398,166,161,5,5
48399,179,170,9,9
48400,100,94,6,6
48401,97,94,3,3
48402,139,127,12,12
48403,59,64,-5,5
48404,175,167,8,8
48405,123,131,-8,8
48406,72,73,-1,1
48407,77,85,-8,8
48408,86,78,8,8
48409,52,55,-3,3
48410,122,137,-15,15
48411,83,82,1,1
48412,109,121,-12,12
48413,123,116,7,7
48414,72,73,-1,1
48415,86,85,1,1
48416,97,110,-13,13
48417,98,91,7,7
48418,98,88,10,10
48419,72,67,5,5
48420,160,147,13,13
48421,61,58,3,3
48422,91,89,2,2
48423,65,63,2,2
48424,145,139,6,6
48425,60,61,-1,1
48426,125,123,2,2
48427,57,60,-3,3
48428,117,111,6,6
48429,104,100,4,4
48430,141,136,5,5
48431,65,66,-1,1
48432,78,72,6,6
48433,74,76,-2,2
48434,82,84,-2,2
48435,83,87,-4,4
48436,79,81,-2,2
48437,79,82,-3,3
48438,73,74,-1,1
48439,154,139,15,15
48440,89,86,3,3
48441,83,89,-6,6
48442,79,78,1,1
48443,167,155,12,12
48444,103,120,-17,17
48445,89,86,3,3
48446,199,185,14,14
48447,63,72,-9,9
48448,67,62,5,5
48449,152,161,-9,9
48450,98,101,-3,3
48451,78,81,-3,3
48452,78,77,1,1
48453,119,128,-9,9
48454,93,96,-3,3
48455,121,125,-4,4
48456,105,92,13,13
48457,184,144,40,40
48458,60,62,-2,2
48459,167,151,16,16
48460,51,60,-9,9
48461,114,120,-6,6
48462,59,56,3,3
48463,98,103,-5,5
48464,62,65,-3,3
48465,74,63,11,11
48466,87,84,3,3
48467,84,79,5,5
48468,63,63,0,0
48469,103,95,8,8
48470,133,122,11,11
48471,125,112,13,13
48472,137,140,-3,3
48473,82,74,8,8
48474,145,143,2,2
48475,111,116,-5,5
48476,117,114,3,3
48477,61,60,1,1
48478,107,112,-5,5
48479,127,125,2,2
48480,50,52,-2,2
48481,75,71,4,4
48482,173,168,5,5
48483,162,149,13,13
48484,72,83,-11,11
48485,104,103,1,1
48486,84,77,7,7
48487,84,75,9,9
48488,99,97,2,2
48489,109,109,0,0
48490,125,127,-2,2
48491,100,101,-1,1
48492,108,114,-6,6
48493,118,121,-3,3
48494,70,76,-6,6
48495,67,59,8,8
48496,39,52,-13,13
48497,87,86,1,1
48498,71,81,-10,10
48499,65,67,-2,2
48500,185,166,19,19
48501,89,86,3,3
48502,94,89,5,5
48503,68,67,1,1
48504,66,62,4,4
48505,126,122,4,4
48506,99,99,0,0
48507,100,100,0,0
48508,85,78,7,7
48509,38,54,-16,16
48510,170,166,4,4
48511,109,96,13,13
48512,90,82,8,8
48513,58,57,1,1
48514,52,62,-10,10
48515,162,175,-13,13
48516,60,62,-2,2
48517,99,98,1,1
48518,80,78,2,2
48519,82,97,-15,15
48520,112,112,0,0
48521,81,76,5,5
48522,112,129,-17,17
48523,160,151,9,9
48524,44,50,-6,6
48525,60,60,0,0
48526,87,78,9,9
48527,66,59,7,7
48528,54,53,1,1
48529,158,138,20,20
48530,125,125,0,0
48531,61,66,-5,5
48532,179,166,13,13
48533,174,152,22,22
48534,86,102,-16,16
48535,86,98,-12,12
48536,79,99,-20,20
48537,60,60,0,0
48538,78,73,5,5
48539,128,132,-4,4
48540,111,107,4,4
48541,98,100,-2,2
48542,142,120,22,22
48543,65,63,2,2
48544,142,129,13,13
48545,176,177,-1,1
48546,88,79,9,9
48547,165,160,5,5
48548,85,89,-4,4
48549,85,83,2,2
48550,88,89,-1,1
48551,97,105,-8,8
48552,125,122,3,3
48553,99,94,5,5
48554,83,78,5,5
48555,97,90,7,7
48556,96,97,-1,1
48557,62,66,-4,4
48558,99,110,-11,11
48559,57,61,-4,4
48560,77,82,-5,5
48561,77,84,-7,7
48562,104,126,-22,22
48563,114,105,9,9
48564,94,90,4,4
48565,67,83,-16,16
48566,112,106,6,6
48567,128,121,7,7
48568,93,94,-1,1
48569,115,126,-11,11
48570,63,59,4,4
48571,67,75,-8,8
48572,136,139,-3,3
48573,96,108,-12,12
48574,97,107,-10,10
48575,97,108,-11,11
48576,100,97,3,3
48577,60,63,-3,3
48578,155,175,-20,20
48579,80,90,-10,10
48580,92,107,-15,15
48581,130,124,6,6
48582,139,122,17,17
48583,121,121,0,0
48584,58,63,-5,5
48585,73,75,-2,2
48586,98,96,2,2
48587,95,99,-4,4
48588,126,117,9,9
48589,112,107,5,5
48590,82,88,-6,6
48591,105,99,6,6
48592,68,79,-11,11
48593,67,81,-14,14
48594,121,124,-3,3
48595,164,146,18,18
48596,107,110,-3,3
48597,110,107,3,3
48598,125,128,-3,3
48599,71,71,0,0
48600,77,83,-6,6
48601,97,95,2,2
48602,114,122,-8,8
48603,140,142,-2,2
48604,57,69,-12,12
48605,99,96,3,3
48606,99,95,4,4
48607,52,56,-4,4
48608,83,78,5,5
48609,173,231,-58,58
48610,94,99,-5,5
48611,47,54,-7,7
48612,58,65,-7,7
48613,61,72,-11,11
48614,82,97,-15,15
48615,53,68,-15,15
48616,53,56,-3,3
48617,77,79,-2,2
48618,88,96,-8,8
48619,74,78,-4,4
48620,74,70,4,4
48621,150,143,7,7
48622,135,139,-4,4
48623,176,178,-2,2
48624,53,58,-5,5
48625,140,137,3,3
48626,106,114,-8,8
48627,189,170,19,19
48628,104,113,-9,9
48629,71,86,-15,15
48630,66,61,5,5
48631,82,87,-5,5
48632,111,126,-15,15
48633,114,110,4,4
48634,140,142,-2,2
48635,95,99,-4,4
48636,152,147,5,5
48637,101,112,-11,11
48638,67,63,4,4
48639,47,58,-11,11
48640,73,80,-7,7
48641,84,102,-18,18
48642,92,84,8,8
48643,157,157,0,0
48644,128,133,-5,5
48645,96,107,-11,11
48646,91,91,0,0
48647,92,85,7,7
48648,132,126,6,6
48649,170,167,3,3
48650,103,89,14,14
48651,46,53,-7,7
48652,123,112,11,11
48653,91,78,13,13
48654,111,111,0,0
48655,144,149,-5,5
48656,73,79,-6,6
48657,116,109,7,7
48658,137,139,-2,2
48659,131,126,5,5
48660,37,51,-14,14
48661,84,89,-5,5
48662,91,87,4,4
48663,175,178,-3,3
48664,137,135,2,2
48665,91,86,5,5
48666,41,54,-13,13
48667,88,79,9,9
48668,86,81,5,5
48669,67,66,1,1
48670,181,165,16,16
48671,108,105,3,3
48672,51,58,-7,7
48673,145,139,6,6
48674,87,87,0,0
48675,42,51,-9,9
48676,92,89,3,3
48677,196,183,13,13
48678,43,51,-8,8
48679,108,112,-4,4
48680,131,120,11,11
48681,105,114,-9,9
48682,77,79,-2,2
48683,80,78,2,2
48684,144,134,10,10
48685,120,136,-16,16
48686,70,70,0,0
48687,62,65,-3,3
48688,40,48,-8,8
48689,80,75,5,5
48690,93,86,7,7
48691,41,51,-10,10
48692,90,99,-9,9
48693,82,80,2,2
48694,85,92,-7,7
48695,103,96,7,7
48696,119,114,5,5
48697,65,66,-1,1
48698,85,81,4,4
48699,114,106,8,8
48700,95,89,6,6
48701,39,50,-11,11
48702,89,86,3,3
48703,116,119,-3,3
48704,133,140,-7,7
48705,76,77,-1,1
48706,146,134,12,12
48707,55,58,-3,3
48708,170,166,4,4
48709,76,74,2,2
48710,89,88,1,1
48711,76,96,-20,20
48712,107,98,9,9
48713,69,65,4,4
48714,94,105,-11,11
48715,106,106,0,0
48716,91,77,14,14
48717,158,166,-8,8
48718,110,111,-1,1
48719,69,74,-5,5
48720,90,83,7,7
48721,99,91,8,8
48722,74,72,2,2
48723,94,99,-5,5
48724,70,68,2,2
48725,81,94,-13,13
48726,136,148,-12,12
48727,89,92,-3,3
48728,113,117,-4,4
48729,110,100,10,10
48730,137,140,-3,3
48731,100,98,2,2
48732,114,107,7,7
48733,122,107,15,15
48734,27,46,-19,19
48735,105,112,-7,7
48736,65,75,-10,10
48737,120,131,-11,11
48738,68,69,-1,1
48739,158,153,5,5
48740,76,79,-3,3
48741,123,120,3,3
48742,71,67,4,4
48743,86,87,-1,1
48744,68,76,-8,8
48745,118,114,4,4
48746,36,48,-12,12
48747,26,49,-23,23
48748,55,62,-7,7
48749,87,86,1,1
48750,117,111,6,6
48751,36,49,-13,13
48752,112,100,12,12
48753,73,69,4,4
48754,93,89,4,4
48755,122,112,10,10
48756,117,116,1,1
48757,116,130,-14,14
48758,95,92,3,3
48759,51,62,-11,11
48760,81,78,3,3
48761,88,74,14,14
48762,62,66,-4,4
48763,84,64,20,20
48764,69,73,-4,4
48765,62,64,-2,2
48766,101,106,-5,5
48767,112,114,-2,2
48768,182,165,17,17
48769,51,59,-8,8
48770,89,87,2,2
48771,123,127,-4,4
48772,91,88,3,3
48773,67,73,-6,6
48774,150,137,13,13
48775,61,67,-6,6
48776,107,103,4,4
48777,53,58,-5,5
48778,79,82,-3,3
48779,143,158,-15,15
48780,115,119,-4,4
48781,66,69,-3,3
48782,104,101,3,3
48783,154,163,-9,9
48784,96,88,8,8
48785,165,168,-3,3
48786,124,128,-4,4
48787,108,104,4,4
48788,106,112,-6,6
48789,124,132,-8,8
48790,91,96,-5,5
48791,98,116,-18,18
48792,74,81,-7,7
48793,146,151,-5,5
48794,136,141,-5,5
48795,96,111,-15,15
48796,117,119,-2,2
48797,113,109,4,4
48798,118,110,8,8
48799,151,142,9,9
48800,157,156,1,1
48801,98,86,12,12
48802,136,138,-2,2
48803,119,138,-19,19
48804,66,64,2,2
48805,144,140,4,4
48806,118,121,-3,3
48807,186,177,9,9
48808,91,93,-2,2
48809,99,97,2,2
48810,78,84,-6,6
48811,81,84,-3,3
48812,77,82,-5,5
48813,51,53,-2,2
48814,81,88,-7,7
48815,110,107,3,3
48816,83,80,3,3
48817,75,88,-13,13
48818,73,73,0,0
48819,113,114,-1,1
48820,84,76,8,8
48821,94,93,1,1
48822,77,91,-14,14
48823,101,94,7,7
48824,100,90,10,10
48825,68,61,7,7
48826,65,71,-6,6
48827,159,166,-7,7
48828,66,73,-7,7
48829,149,128,21,21
48830,81,99,-18,18
48831,56,57,-1,1
48832,149,169,-20,20
48833,56,56,0,0
48834,110,108,2,2
48835,61,64,-3,3
48836,57,60,-3,3
48837,107,110,-3,3
48838,58,68,-10,10
48839,106,108,-2,2
48840,145,128,17,17
48841,70,73,-3,3
48842,115,117,-2,2
48843,106,84,22,22
48844,144,136,8,8
48845,129,116,13,13
48846,127,127,0,0
48847,223,194,29,29
48848,147,151,-4,4
48849,95,92,3,3
48850,34,46,-12,12
48851,66,63,3,3
48852,88,88,0,0
48853,91,83,8,8
48854,90,83,7,7
48855,131,133,-2,2
48856,61,67,-6,6
48857,66,60,6,6
48858,125,133,-8,8
48859,69,67,2,2
48860,73,79,-6,6
48861,87,86,1,1
48862,89,87,2,2
48863,69,74,-5,5
48864,114,111,3,3
48865,64,65,-1,1
48866,146,144,2,2
48867,93,97,-4,4
48868,54,59,-5,5
48869,171,177,-6,6
48870,63,62,1,1
48871,70,73,-3,3
48872,61,63,-2,2
48873,75,69,6,6
48874,158,144,14,14
48875,65,78,-13,13
48876,93,93,0,0
48877,97,89,8,8
48878,126,105,21,21
48879,122,122,0,0
48880,128,138,-10,10
48881,109,108,1,1
48882,90,85,5,5
48883,167,166,1,1
48884,79,71,8,8
48885,56,59,-3,3
48886,117,112,5,5
48887,80,78,2,2
48888,48,56,-8,8
48889,72,75,-3,3
48890,69,70,-1,1
48891,105,102,3,3
48892,103,99,4,4
48893,94,94,0,0
48894,91,82,9,9
48895,117,116,1,1
48896,168,187,-19,19
48897,60,62,-2,2
48898,93,103,-10,10
48899,110,105,5,5
48900,61,59,2,2
48901,133,131,2,2
48902,124,110,14,14
48903,131,131,0,0
48904,81,81,0,0
48905,78,77,1,1
48906,117,112,5,5
48907,116,116,0,0
48908,75,79,-4,4
48909,50,54,-4,4
48910,76,70,6,6
48911,120,116,4,4
48912,96,91,5,5
48913,99,124,-25,25
48914,163,160,3,3
48915,136,128,8,8
48916,150,139,11,11
48917,87,96,-9,9
48918,116,116,0,0
48919,127,122,5,5
48920,73,69,4,4
48921,110,121,-11,11
48922,65,66,-1,1
48923,74,74,0,0
48924,98,93,5,5
48925,74,71,3,3
48926,105,103,2,2
48927,92,93,-1,1
48928,80,82,-2,2
48929,111,112,-1,1
48930,93,90,3,3
48931,69,66,3,3
48932,76,80,-4,4
48933,59,61,-2,2
48934,127,127,0,0
48935,45,55,-10,10
48936,100,81,19,19
48937,111,114,-3,3
48938,165,199,-34,34
48939,161,174,-13,13
48940,108,114,-6,6
48941,85,85,0,0
48942,131,137,-6,6
48943,28,51,-23,23
48944,92,84,8,8
48945,55,57,-2,2
48946,134,127,7,7
48947,112,104,8,8
48948,123,112,11,11
48949,137,138,-1,1
48950,72,81,-9,9
48951,116,109,7,7
48952,136,128,8,8
48953,122,120,2,2
48954,120,119,1,1
48955,85,76,9,9
48956,98,106,-8,8
48957,108,127,-19,19
48958,95,98,-3,3
48959,71,66,5,5
48960,160,144,16,16
48961,112,115,-3,3
48962,98,101,-3,3
48963,72,68,4,4
48964,102,103,-1,1
48965,95,87,8,8
48966,130,124,6,6
48967,96,96,0,0
48968,123,120,3,3
48969,100,109,-9,9
48970,172,171,1,1
48971,55,57,-2,2
48972,60,68,-8,8
48973,101,104,-3,3
48974,90,105,-15,15
48975,76,86,-10,10
48976,80,77,3,3
48977,100,108,-8,8
48978,61,63,-2,2
48979,75,75,0,0
48980,81,99,-18,18
48981,121,120,1,1
48982,81,83,-2,2
48983,139,143,-4,4
48984,86,76,10,10
48985,94,94,0,0
48986,121,122,-1,1
48987,83,74,9,9
48988,127,133,-6,6
48989,49,63,-14,14
48990,83,91,-8,8
48991,76,72,4,4
48992,113,108,5,5
48993,73,72,1,1
48994,85,81,4,4
48995,97,95,2,2
48996,82,78,4,4
48997,103,103,0,0
48998,68,68,0,0
48999,65,68,-3,3
49000,46,56,-10,10
49001,108,102,6,6
49002,96,107,-11,11
49003,133,130,3,3
49004,97,102,-5,5
49005,62,56,6,6
49006,95,96,-1,1
49007,132,121,11,11
49008,164,157,7,7
49009,62,59,3,3
49010,81,82,-1,1
49011,91,94,-3,3
49012,73,71,2,2
49013,73,74,-1,1
49014,105,113,-8,8
49015,75,78,-3,3
49016,73,63,10,10
49017,94,102,-8,8
49018,112,121,-9,9
49019,107,97,10,10
49020,79,79,0,0
49021,128,133,-5,5
49022,100,93,7,7
49023,68,68,0,0
49024,84,73,11,11
49025,115,138,-23,23
49026,68,69,-1,1
49027,50,52,-2,2
49028,80,86,-6,6
49029,71,76,-5,5
49030,115,114,1,1
49031,103,115,-12,12
49032,112,110,2,2
49033,95,91,4,4
49034,132,136,-4,4
49035,108,115,-7,7
49036,89,97,-8,8
49037,96,89,7,7
49038,110,106,4,4
49039,103,159,-56,56
49040,113,101,12,12
49041,72,79,-7,7
49042,85,92,-7,7
49043,106,109,-3,3
49044,101,101,0,0
49045,117,130,-13,13
49046,67,76,-9,9
49047,82,83,-1,1
49048,61,62,-1,1
49049,64,62,2,2
49050,86,89,-3,3
49051,89,87,2,2
49052,49,54,-5,5
49053,136,120,16,16
49054,137,140,-3,3
49055,79,68,11,11
49056,127,115,12,12
49057,130,128,2,2
49058,119,137,-18,18
49059,83,77,6,6
49060,98,101,-3,3
49061,124,121,3,3
49062,72,86,-14,14
49063,114,119,-5,5
49064,144,136,8,8
49065,117,106,11,11
49066,68,69,-1,1
49067,41,52,-11,11
49068,88,94,-6,6
49069,156,145,11,11
49070,85,81,4,4
49071,99,97,2,2
49072,71,86,-15,15
49073,152,142,10,10
49074,86,81,5,5
49075,95,86,9,9
49076,100,97,3,3
49077,99,97,2,2
49078,137,116,21,21
49079,78,70,8,8
49080,142,135,7,7
49081,80,90,-10,10
49082,70,67,3,3
49083,112,109,3,3
49084,116,121,-5,5
49085,76,79,-3,3
49086,128,124,4,4
49087,101,94,7,7
49088,111,108,3,3
49089,71,70,1,1
49090,129,127,2,2
49091,170,164,6,6
49092,136,118,18,18
49093,105,96,9,9
49094,117,111,6,6
49095,102,98,4,4
49096,77,82,-5,5
49097,103,109,-6,6
49098,53,56,-3,3
49099,94,101,-7,7
49100,73,67,6,6
49101,65,65,0,0
49102,107,127,-20,20
49103,78,87,-9,9
49104,83,79,4,4
49105,117,119,-2,2
49106,33,49,-16,16
49107,97,100,-3,3
49108,119,120,-1,1
49109,74,71,3,3
49110,96,94,2,2
49111,113,118,-5,5
49112,68,82,-14,14
49113,78,75,3,3
49114,123,101,22,22
49115,121,130,-9,9
49116,74,74,0,0
49117,100,96,4,4
49118,71,76,-5,5
49119,46,54,-8,8
49120,90,92,-2,2
49121,63,78,-15,15
49122,94,102,-8,8
49123,83,85,-2,2
49124,86,88,-2,2
49125,116,123,-7,7
49126,107,103,4,4
49127,111,124,-13,13
49128,211,194,17,17
49129,71,66,5,5
49130,57,72,-15,15
49131,135,132,3,3
49132,111,109,2,2
49133,97,93,4,4
49134,139,138,1,1
49135,96,98,-2,2
49136,91,89,2,2
49137,131,131,0,0
49138,134,132,2,2
49139,81,82,-1,1
49140,123,118,5,5
49141,122,130,-8,8
49142,149,148,1,1
49143,122,112,10,10
49144,114,106,8,8
49145,112,102,10,10
49146,110,103,7,7
49147,111,117,-6,6
49148,50,53,-3,3
49149,52,54,-2,2
49150,119,130,-11,11
49151,67,67,0,0
49152,135,136,-1,1
49153,81,71,10,10
49154,122,108,14,14
49155,130,131,-1,1
49156,60,62,-2,2
49157,108,120,-12,12
49158,97,102,-5,5
49159,50,55,-5,5
49160,77,70,7,7
49161,106,95,11,11
49162,100,106,-6,6
49163,70,77,-7,7
49164,99,102,-3,3
49165,108,109,-1,1
49166,138,128,10,10
49167,132,135,-3,3
49168,73,80,-7,7
49169,73,79,-6,6
49170,111,103,8,8
49171,101,101,0,0
49172,123,124,-1,1
49173,80,122,-42,42
49174,56,55,1,1
49175,101,96,5,5
49176,119,120,-1,1
49177,125,143,-18,18
49178,107,103,4,4
49179,141,139,2,2
49180,110,126,-16,16
49181,91,85,6,6
49182,67,66,1,1
49183,91,89,2,2
49184,62,65,-3,3
49185,66,61,5,5
49186,51,71,-20,20
49187,26,52,-26,26
49188,112,114,-2,2
49189,85,78,7,7
49190,173,167,6,6
49191,65,58,7,7
49192,71,74,-3,3
49193,48,73,-25,25
49194,113,116,-3,3
49195,111,114,-3,3
49196,76,81,-5,5
49197,72,72,0,0
49198,104,98,6,6
49199,113,109,4,4
49200,80,77,3,3
49201,129,135,-6,6
49202,80,76,4,4
49203,99,102,-3,3
49204,98,102,-4,4
49205,186,183,3,3
49206,84,88,-4,4
49207,46,52,-6,6
49208,81,95,-14,14
49209,62,59,3,3
49210,85,85,0,0
49211,63,62,1,1
49212,114,124,-10,10
49213,91,86,5,5
49214,100,114,-14,14
49215,53,51,2,2
49216,127,114,13,13
49217,93,87,6,6
49218,59,62,-3,3
49219,52,50,2,2
49220,100,98,2,2
49221,73,77,-4,4
49222,110,114,-4,4
49223,88,77,11,11
49224,87,86,1,1
49225,53,53,0,0
49226,96,95,1,1
49227,70,86,-16,16
49228,80,90,-10,10
49229,80,80,0,0
49230,78,75,3,3
49231,45,50,-5,5
49232,97,95,2,2
49233,172,163,9,9
49234,92,93,-1,1
49235,72,75,-3,3
49236,125,136,-11,11
49237,72,75,-3,3
49238,156,156,0,0
49239,61,62,-1,1
49240,118,125,-7,7
49241,89,117,-28,28
49242,126,110,16,16
49243,121,109,12,12
49244,63,74,-11,11
49245,96,87,9,9
49246,123,116,7,7
49247,80,87,-7,7
49248,120,122,-2,2
49249,75,80,-5,5
49250,128,126,2,2
49251,166,160,6,6
49252,129,124,5,5
49253,74,78,-4,4
49254,70,76,-6,6
49255,75,76,-1,1
49256,115,96,19,19
49257,109,106,3,3
49258,86,83,3,3
49259,90,91,-1,1
49260,95,90,5,5
49261,102,112,-10,10
49262,178,171,7,7
49263,140,133,7,7
49264,148,146,2,2
49265,75,81,-6,6
49266,94,84,10,10
49267,83,90,-7,7
49268,184,175,9,9
49269,98,91,7,7
49270,36,46,-10,10
49271,68,68,0,0
49272,88,83,5,5
49273,71,69,2,2
49274,80,76,4,4
49275,81,79,2,2
49276,98,108,-10,10
49277,99,91,8,8
49278,41,55,-14,14
49279,51,61,-10,10
49280,161,155,6,6
49281,76,76,0,0
49282,103,101,2,2
49283,86,79,7,7
49284,111,108,3,3
49285,132,123,9,9
49286,91,85,6,6
49287,114,100,14,14
49288,106,99,7,7
49289,140,138,2,2
49290,54,55,-1,1
49291,231,211,20,20
49292,74,74,0,0
49293,59,63,-4,4
49294,149,137,12,12
49295,98,90,8,8
49296,96,91,5,5
49297,98,103,-5,5
49298,29,46,-17,17
49299,80,80,0,0
49300,115,110,5,5
49301,75,69,6,6
49302,93,95,-2,2
49303,86,83,3,3
49304,67,61,6,6
49305,56,56,0,0
49306,120,120,0,0
49307,188,173,15,15
49308,31,53,-22,22
49309,51,61,-10,10
49310,55,61,-6,6
49311,81,86,-5,5
49312,75,82,-7,7
49313,63,67,-4,4
49314,85,84,1,1
49315,32,49,-17,17
49316,83,88,-5,5
49317,86,94,-8,8
49318,122,104,18,18
49319,46,54,-8,8
49320,122,112,10,10
49321,101,105,-4,4
49322,55,65,-10,10
49323,80,83,-3,3
49324,106,108,-2,2
49325,79,89,-10,10
49326,143,150,-7,7
49327,124,128,-4,4
49328,128,129,-1,1
49329,88,95,-7,7
49330,98,103,-5,5
49331,207,192,15,15
49332,133,124,9,9
49333,46,48,-2,2
49334,115,124,-9,9
49335,75,61,14,14
49336,93,88,5,5
49337,99,105,-6,6
49338,107,112,-5,5
49339,99,94,5,5
49340,78,77,1,1
49341,104,92,12,12
49342,112,119,-7,7
49343,75,72,3,3
49344,84,84,0,0
49345,87,95,-8,8
49346,83,78,5,5
49347,151,144,7,7
49348,23,57,-34,34
49349,168,163,5,5
49350,62,67,-5,5
49351,65,65,0,0
49352,68,72,-4,4
49353,110,114,-4,4
49354,159,149,10,10
49355,44,49,-5,5
49356,144,140,4,4
49357,71,70,1,1
49358,71,64,7,7
49359,131,116,15,15
49360,148,102,46,46
49361,116,118,-2,2
49362,117,105,12,12
49363,116,135,-19,19
49364,95,86,9,9
49365,59,71,-12,12
49366,41,53,-12,12
49367,80,87,-7,7
49368,66,73,-7,7
49369,98,90,8,8
49370,186,179,7,7
49371,109,101,8,8
49372,97,125,-28,28
49373,74,69,5,5
49374,113,116,-3,3
49375,61,57,4,4
49376,108,109,-1,1
49377,123,115,8,8
49378,78,79,-1,1
49379,57,60,-3,3
49380,42,52,-10,10
49381,118,130,-12,12
49382,59,57,2,2
49383,96,107,-11,11
49384,69,71,-2,2
49385,94,84,10,10
49386,84,96,-12,12
49387,182,187,-5,5
49388,44,53,-9,9
49389,74,83,-9,9
49390,84,72,12,12
49391,173,163,10,10
49392,73,80,-7,7
49393,67,70,-3,3
49394,84,90,-6,6
49395,106,107,-1,1
49396,80,82,-2,2
49397,79,90,-11,11
49398,61,60,1,1
49399,73,78,-5,5
49400,50,50,0,0
49401,94,92,2,2
49402,86,91,-5,5
49403,71,66,5,5
49404,60,71,-11,11
49405,126,128,-2,2
49406,60,57,3,3
49407,65,60,5,5
49408,83,78,5,5
49409,47,50,-3,3
49410,234,197,37,37
49411,101,87,14,14
49412,111,108,3,3
49413,65,60,5,5
49414,50,57,-7,7
49415,63,70,-7,7
49416,121,125,-4,4
49417,63,51,12,12
49418,105,97,8,8
49419,51,63,-12,12
49420,85,81,4,4
49421,154,139,15,15
49422,130,122,8,8
49423,95,94,1,1
49424,55,55,0,0
49425,95,97,-2,2
49426,154,149,5,5
49427,109,106,3,3
49428,57,65,-8,8
49429,109,105,4,4
49430,125,110,15,15
49431,85,77,8,8
49432,76,76,0,0
49433,66,78,-12,12
49434,89,82,7,7
49435,64,63,1,1
49436,46,61,-15,15
49437,79,81,-2,2
49438,114,115,-1,1
49439,73,70,3,3
49440,130,134,-4,4
49441,78,72,6,6
49442,62,69,-7,7
49443,49,50,-1,1
49444,65,69,-4,4
49445,66,66,0,0
49446,72,77,-5,5
49447,81,78,3,3
49448,131,132,-1,1
49449,113,113,0,0
49450,103,99,4,4
49451,60,60,0,0
49452,61,60,1,1
49453,62,62,0,0
49454,79,73,6,6
49455,111,131,-20,20
49456,108,103,5,5
49457,124,105,19,19
49458,93,107,-14,14
49459,121,124,-3,3
49460,49,59,-10,10
49461,72,74,-2,2
49462,86,72,14,14
49463,64,66,-2,2
49464,95,81,14,14
49465,108,113,-5,5
49466,148,147,1,1
49467,71,67,4,4
49468,85,101,-16,16
49469,72,75,-3,3
49470,107,107,0,0
49471,121,110,11,11
49472,119,99,20,20
49473,81,104,-23,23
49474,94,96,-2,2
49475,147,125,22,22
49476,101,107,-6,6
49477,106,114,-8,8
49478,59,63,-4,4
49479,70,68,2,2
49480,52,56,-4,4
49481,89,80,9,9
49482,128,126,2,2
49483,111,118,-7,7
49484,146,145,1,1
49485,49,55,-6,6
49486,110,106,4,4
49487,119,114,5,5
49488,96,98,-2,2
49489,119,116,3,3
49490,140,134,6,6
49491,124,124,0,0
49492,90,83,7,7
49493,68,71,-3,3
49494,92,100,-8,8
49495,163,153,10,10
49496,77,73,4,4
49497,103,98,5,5
49498,126,110,16,16
49499,70,75,-5,5
49500,127,119,8,8
49501,76,80,-4,4
49502,138,137,1,1
49503,88,95,-7,7
49504,58,78,-20,20
49505,68,64,4,4
49506,146,149,-3,3
49507,139,142,-3,3
49508,71,79,-8,8
49509,143,137,6,6
49510,123,110,13,13
49511,55,61,-6,6
49512,93,94,-1,1
49513,74,78,-4,4
49514,122,117,5,5
49515,79,81,-2,2
49516,75,76,-1,1
49517,72,82,-10,10
49518,122,124,-2,2
49519,82,80,2,2
49520,66,65,1,1
49521,67,70,-3,3
49522,62,61,1,1
49523,108,99,9,9
49524,82,83,-1,1
49525,93,97,-4,4
49526,57,60,-3,3
49527,73,78,-5,5
49528,116,102,14,14
49529,97,88,9,9
49530,107,107,0,0
49531,69,68,1,1
49532,118,116,2,2
49533,112,112,0,0
49534,75,80,-5,5
49535,128,136,-8,8
49536,96,101,-5,5
49537,81,81,0,0
49538,149,139,10,10
49539,65,69,-4,4
49540,28,46,-18,18
49541,92,92,0,0
49542,82,73,9,9
49543,65,77,-12,12
49544,130,128,2,2
49545,85,86,-1,1
49546,105,108,-3,3
49547,119,122,-3,3
49548,124,114,10,10
49549,89,87,2,2
49550,52,52,0,0
49551,95,88,7,7
49552,111,127,-16,16
49553,110,101,9,9
49554,104,104,0,0
49555,107,117,-10,10
49556,79,77,2,2
49557,98,92,6,6
49558,113,115,-2,2
49559,59,59,0,0
49560,86,80,6,6
49561,40,51,-11,11
49562,59,58,1,1
49563,108,108,0,0
49564,49,59,-10,10
49565,86,75,11,11
49566,84,77,7,7
49567,93,92,1,1
49568,74,72,2,2
49569,73,74,-1,1
49570,89,94,-5,5
49571,83,90,-7,7
49572,94,103,-9,9
49573,103,95,8,8
49574,117,126,-9,9
49575,162,154,8,8
49576,72,80,-8,8
49577,107,111,-4,4
49578,122,117,5,5
49579,108,111,-3,3
49580,96,81,15,15
49581,98,94,4,4
49582,111,117,-6,6
49583,51,51,0,0
49584,70,81,-11,11
49585,64,65,-1,1
49586,47,53,-6,6
49587,45,49,-4,4
49588,69,90,-21,21
49589,91,91,0,0
49590,77,66,11,11
49591,83,78,5,5
49592,73,68,5,5
49593,70,70,0,0
49594,228,186,42,42
49595,50,55,-5,5
49596,69,68,1,1
49597,88,84,4,4
49598,76,75,1,1
49599,80,73,7,7
49600,73,73,0,0
49601,86,86,0,0
49602,103,125,-22,22
49603,135,129,6,6
49604,75,80,-5,5
49605,78,78,0,0
49606,114,102,12,12
49607,112,121,-9,9
49608,66,71,-5,5
49609,94,86,8,8
49610,86,78,8,8
49611,86,79,7,7
49612,115,124,-9,9
49613,81,76,5,5
49614,96,104,-8,8
49615,100,93,7,7
49616,137,135,2,2
49617,71,71,0,0
49618,77,73,4,4
49619,102,97,5,5
49620,83,84,-1,1
49621,87,90,-3,3
49622,123,107,16,16
49623,65,67,-2,2
49624,59,65,-6,6
49625,98,95,3,3
49626,127,133,-6,6
49627,141,128,13,13
49628,55,56,-1,1
49629,63,66,-3,3
49630,102,95,7,7
49631,63,71,-8,8
49632,108,101,7,7
49633,105,105,0,0
49634,57,50,7,7
49635,64,54,10,10
49636,83,81,2,2
49637,97,98,-1,1
49638,97,102,-5,5
49639,84,95,-11,11
49640,117,112,5,5
49641,99,92,7,7
49642,106,105,1,1
49643,101,97,4,4
49644,91,84,7,7
49645,131,123,8,8
49646,162,163,-1,1
49647,81,80,1,1
49648,56,59,-3,3
49649,120,102,18,18
49650,103,94,9,9
49651,43,49,-6,6
49652,59,60,-1,1
49653,90,82,8,8
49654,116,112,4,4
49655,55,57,-2,2
49656,97,89,8,8
49657,99,91,8,8
49658,52,55,-3,3
49659,32,50,-18,18
49660,91,101,-10,10
49661,92,93,-1,1
49662,52,57,-5,5
49663,159,143,16,16
49664,144,130,14,14
49665,115,116,-1,1
49666,44,56,-12,12
49667,114,120,-6,6
49668,183,172,11,11
49669,94,89,5,5
49670,82,96,-14,14
49671,85,70,15,15
49672,71,64,7,7
49673,151,145,6,6
49674,98,95,3,3
49675,116,118,-2,2
49676,108,101,7,7
49677,85,83,2,2
49678,96,110,-14,14
49679,94,106,-12,12
49680,59,64,-5,5
49681,81,83,-2,2
49682,125,127,-2,2
49683,64,73,-9,9
49684,106,98,8,8
49685,89,87,2,2
49686,91,81,10,10
49687,72,63,9,9
49688,69,77,-8,8
49689,94,75,19,19
49690,133,125,8,8
49691,115,116,-1,1
49692,92,90,2,2
49693,171,154,17,17
49694,108,105,3,3
49695,102,91,11,11
49696,133,143,-10,10
49697,89,83,6,6
49698,93,87,6,6
49699,39,66,-27,27
49700,119,113,6,6
49701,116,115,1,1
49702,71,62,9,9
49703,121,128,-7,7
49704,109,103,6,6
49705,121,109,12,12
49706,87,92,-5,5
49707,73,85,-12,12
49708,103,93,10,10
49709,50,54,-4,4
49710,53,57,-4,4
49711,94,95,-1,1
49712,143,151,-8,8
49713,68,64,4,4
49714,148,139,9,9
49715,54,52,2,2
49716,121,111,10,10
49717,116,119,-3,3
49718,91,99,-8,8
49719,74,75,-1,1
49720,68,68,0,0
49721,129,131,-2,2
49722,69,64,5,5
49723,43,51,-8,8
49724,125,120,5,5
49725,101,112,-11,11
49726,188,170,18,18
49727,135,121,14,14
49728,57,62,-5,5
49729,96,98,-2,2
49730,68,66,2,2
49731,154,141,13,13
49732,101,101,0,0
49733,48,55,-7,7
49734,62,73,-11,11
49735,182,174,8,8
49736,83,79,4,4
49737,52,57,-5,5
49738,97,82,15,15
49739,108,104,4,4
49740,90,102,-12,12
49741,88,82,6,6
49742,109,111,-2,2
49743,84,96,-12,12
49744,93,104,-11,11
49745,87,83,4,4
49746,75,74,1,1
49747,77,78,-1,1
49748,159,145,14,14
49749,56,56,0,0
49750,135,121,14,14
49751,42,51,-9,9
49752,42,52,-10,10
49753,82,94,-12,12
49754,106,110,-4,4
49755,98,108,-10,10
49756,59,64,-5,5
49757,158,140,18,18
49758,109,119,-10,10
49759,93,91,2,2
49760,174,168,6,6
49761,91,94,-3,3
49762,138,119,19,19
49763,104,101,3,3
49764,92,94,-2,2
49765,67,71,-4,4
49766,87,92,-5,5
49767,135,126,9,9
49768,102,92,10,10
49769,164,154,10,10
49770,67,74,-7,7
49771,106,83,23,23
49772,88,94,-6,6
49773,109,109,0,0
49774,97,88,9,9
49775,49,53,-4,4
49776,124,119,5,5
49777,64,60,4,4
49778,160,151,9,9
49779,108,107,1,1
49780,71,68,3,3
49781,108,100,8,8
49782,87,86,1,1
49783,181,173,8,8
49784,100,95,5,5
49785,52,52,0,0
49786,128,126,2,2
49787,84,79,5,5
49788,123,112,11,11
49789,131,133,-2,2
49790,113,123,-10,10
49791,127,132,-5,5
49792,85,90,-5,5
49793,71,73,-2,2
49794,108,111,-3,3
49795,74,68,6,6
49796,160,152,8,8
49797,72,79,-7,7
49798,75,75,0,0
49799,122,126,-4,4
49800,85,88,-3,3
49801,74,85,-11,11
49802,44,73,-29,29
49803,110,127,-17,17
49804,64,69,-5,5
49805,40,52,-12,12
49806,124,118,6,6
49807,88,92,-4,4
49808,123,122,1,1
49809,122,127,-5,5
49810,122,125,-3,3
49811,104,97,7,7
49812,100,105,-5,5
49813,83,78,5,5
49814,50,55,-5,5
49815,93,92,1,1
49816,91,85,6,6
49817,78,79,-1,1
49818,121,117,4,4
49819,90,88,2,2
49820,53,58,-5,5
49821,112,105,7,7
49822,82,82,0,0
49823,167,162,5,5
49824,97,91,6,6
49825,63,64,-1,1
49826,112,111,1,1
49827,102,85,17,17
49828,78,80,-2,2
49829,124,124,0,0
49830,60,64,-4,4
49831,59,53,6,6
49832,55,62,-7,7
49833,154,148,6,6
49834,86,84,2,2
49835,102,95,7,7
49836,70,74,-4,4
49837,47,58,-11,11
49838,79,63,16,16
49839,62,62,0,0
49840,114,137,-23,23
49841,117,107,10,10
49842,60,59,1,1
49843,86,74,12,12
49844,152,156,-4,4
49845,168,170,-2,2
49846,124,131,-7,7
49847,60,61,-1,1
49848,125,112,13,13
49849,62,67,-5,5
49850,88,93,-5,5
49851,66,65,1,1
49852,175,161,14,14
49853,88,87,1,1
49854,45,55,-10,10
49855,74,72,2,2
49856,135,134,1,1
49857,106,102,4,4
49858,130,114,16,16
49859,79,85,-6,6
49860,81,79,2,2
49861,65,74,-9,9
49862,107,95,12,12
49863,97,91,6,6
49864,76,85,-9,9
49865,116,107,9,9
49866,59,60,-1,1
49867,54,63,-9,9
49868,98,94,4,4
49869,128,150,-22,22
49870,106,104,2,2
49871,78,78,0,0
49872,131,133,-2,2
49873,69,67,2,2
49874,153,163,-10,10
49875,71,75,-4,4
49876,67,69,-2,2
49877,107,101,6,6
49878,75,100,-25,25
49879,87,87,0,0
49880,94,83,11,11
49881,90,100,-10,10
49882,74,80,-6,6
49883,135,133,2,2
49884,134,130,4,4
49885,151,141,10,10
49886,92,98,-6,6
49887,92,97,-5,5
49888,80,80,0,0
49889,91,92,-1,1
49890,89,92,-3,3
49891,86,81,5,5
49892,76,75,1,1
49893,107,105,2,2
49894,140,114,26,26
49895,85,102,-17,17
49896,85,83,2,2
49897,69,62,7,7
49898,96,92,4,4
49899,62,60,2,2
49900,79,75,4,4
49901,138,119,19,19
49902,115,106,9,9
49903,106,101,5,5
49904,93,89,4,4
49905,122,121,1,1
49906,106,94,12,12
49907,90,90,0,0
49908,88,75,13,13
49909,72,70,2,2
49910,84,93,-9,9
49911,138,137,1,1
49912,92,95,-3,3
49913,95,93,2,2
49914,86,81,5,5
49915,73,66,7,7
49916,70,80,-10,10
49917,61,63,-2,2
49918,161,152,9,9
49919,89,86,3,3
49920,130,128,2,2
49921,99,72,27,27
49922,79,79,0,0
49923,47,63,-16,16
49924,75,86,-11,11
49925,69,68,1,1
49926,78,84,-6,6
49927,45,50,-5,5
49928,67,77,-10,10
49929,99,109,-10,10
49930,92,100,-8,8
49931,116,111,5,5
49932,132,122,10,10
49933,88,93,-5,5
49934,94,97,-3,3
49935,112,122,-10,10
49936,40,52,-12,12
49937,58,62,-4,4
49938,88,77,11,11
49939,85,84,1,1
49940,86,88,-2,2
49941,145,147,-2,2
49942,105,99,6,6
49943,99,94,5,5
49944,62,61,1,1
49945,95,97,-2,2
49946,90,79,11,11
49947,57,50,7,7
49948,104,98,6,6
49949,70,67,3,3
49950,103,92,11,11
49951,102,96,6,6
49952,56,58,-2,2
49953,67,66,1,1
49954,65,69,-4,4
49955,65,72,-7,7
49956,100,133,-33,33
49957,77,85,-8,8
49958,140,125,15,15
49959,86,75,11,11
49960,123,121,2,2
49961,33,73,-40,40
49962,102,100,2,2
49963,116,112,4,4
49964,63,67,-4,4
49965,79,81,-2,2
49966,160,149,11,11
49967,60,62,-2,2
49968,65,62,3,3
49969,84,83,1,1
49970,67,66,1,1
49971,90,93,-3,3
49972,70,80,-10,10
49973,68,70,-2,2
49974,104,117,-13,13
49975,87,88,-1,1
49976,124,115,9,9
49977,128,128,0,0
49978,166,166,0,0
49979,72,75,-3,3
49980,54,53,1,1
49981,111,100,11,11
49982,93,86,7,7
49983,107,102,5,5
49984,137,135,2,2
49985,89,86,3,3
49986,68,61,7,7
49987,52,53,-1,1
49988,75,84,-9,9
49989,79,76,3,3
49990,48,54,-6,6
49991,75,72,3,3
49992,85,83,2,2
49993,78,78,0,0
49994,101,97,4,4
49995,173,156,17,17
49996,90,83,7,7
49997,55,53,2,2
49998,98,103,-5,5
49999,131,115,16,16
50000,149,135,14,14
50001,90,86,4,4
50002,51,59,-8,8
50003,68,70,-2,2
50004,111,99,12,12
50005,77,84,-7,7
50006,150,145,5,5
50007,123,119,4,4
50008,42,55,-13,13
50009,111,108,3,3
50010,73,73,0,0
50011,77,78,-1,1
50012,74,95,-21,21
50013,145,132,13,13
50014,77,70,7,7
50015,102,104,-2,2
50016,79,79,0,0
50017,65,64,1,1
50018,64,65,-1,1
50019,54,56,-2,2
50020,127,117,10,10
50021,126,134,-8,8
50022,83,83,0,0
50023,108,97,11,11
50024,103,101,2,2
50025,132,136,-4,4
50026,141,127,14,14
50027,132,132,0,0
50028,71,72,-1,1
50029,111,106,5,5
50030,133,127,6,6
50031,102,101,1,1
50032,57,57,0,0
50033,92,106,-14,14
50034,120,111,9,9
50035,85,78,7,7
50036,86,93,-7,7
50037,79,71,8,8
50038,69,78,-9,9
50039,63,53,10,10
50040,118,123,-5,5
50041,132,127,5,5
50042,72,75,-3,3
50043,98,111,-13,13
50044,110,114,-4,4
50045,105,111,-6,6
50046,67,66,1,1
50047,92,95,-3,3
50048,118,133,-15,15
50049,134,119,15,15
50050,70,67,3,3
50051,129,122,7,7
50052,67,65,2,2
50053,36,74,-38,38
50054,137,145,-8,8
50055,40,58,-18,18
50056,89,89,0,0
50057,89,87,2,2
50058,83,82,1,1
50059,70,90,-20,20
50060,125,127,-2,2
50061,113,108,5,5
50062,64,64,0,0
50063,101,93,8,8
50064,92,83,9,9
50065,118,113,5,5
50066,70,71,-1,1
50067,87,119,-32,32
50068,112,107,5,5
50069,195,195,0,0
50070,122,122,0,0
50071,59,61,-2,2
50072,155,147,8,8
50073,131,125,6,6
50074,143,123,20,20
50075,117,104,13,13
50076,120,117,3,3
50077,113,106,7,7
50078,102,97,5,5
50079,131,120,11,11
50080,105,96,9,9
50081,87,87,0,0
50082,66,70,-4,4
50083,122,141,-19,19
50084,116,105,11,11
50085,104,101,3,3
50086,51,53,-2,2
50087,90,92,-2,2
50088,87,88,-1,1
50089,93,102,-9,9
50090,61,68,-7,7
50091,106,110,-4,4
50092,47,57,-10,10
50093,80,76,4,4
50094,74,70,4,4
50095,50,61,-11,11
50096,167,164,3,3
50097,56,53,3,3
50098,110,125,-15,15
50099,160,128,32,32
50100,105,109,-4,4
50101,63,62,1,1
50102,97,97,0,0
50103,98,94,4,4
50104,108,110,-2,2
50105,105,108,-3,3
50106,119,108,11,11
50107,144,134,10,10
50108,65,63,2,2
50109,112,112,0,0
50110,113,103,10,10
50111,98,109,-11,11
50112,83,81,2,2
50113,170,165,5,5
50114,88,93,-5,5
50115,109,102,7,7
50116,92,87,5,5
50117,121,123,-2,2
50118,58,51,7,7
50119,96,126,-30,30
50120,108,102,6,6
50121,150,149,1,1
50122,78,78,0,0
50123,43,52,-9,9
50124,49,57,-8,8
50125,173,157,16,16
50126,100,98,2,2
50127,104,101,3,3
50128,76,86,-10,10
50129,108,105,3,3
50130,148,141,7,7
50131,74,77,-3,3
50132,72,67,5,5
50133,78,73,5,5
50134,108,110,-2,2
50135,92,94,-2,2
50136,94,98,-4,4
50137,104,105,-1,1
50138,102,109,-7,7
50139,70,70,0,0
50140,88,83,5,5
50141,104,107,-3,3
50142,115,95,20,20
50143,87,76,11,11
50144,110,109,1,1
50145,70,73,-3,3
50146,78,81,-3,3
50147,80,85,-5,5
50148,56,55,1,1
50149,125,123,2,2
50150,79,75,4,4
50151,90,84,6,6
50152,134,135,-1,1
50153,123,123,0,0
50154,116,102,14,14
50155,79,81,-2,2
50156,100,116,-16,16
50157,55,59,-4,4
50158,86,81,5,5
50159,125,134,-9,9
50160,68,68,0,0
50161,73,78,-5,5
50162,103,95,8,8
50163,172,176,-4,4
50164,18,44,-26,26
50165,80,81,-1,1
50166,64,63,1,1
50167,90,89,1,1
50168,100,104,-4,4
50169,52,60,-8,8
50170,199,185,14,14
50171,90,92,-2,2
50172,80,96,-16,16
50173,138,144,-6,6
50174,64,70,-6,6
50175,101,96,5,5
50176,116,130,-14,14
50177,134,120,14,14
50178,113,108,5,5
50179,84,81,3,3
50180,55,73,-18,18
50181,194,186,8,8
50182,81,88,-7,7
50183,100,94,6,6
50184,97,100,-3,3
50185,64,62,2,2
50186,55,61,-6,6
50187,68,74,-6,6
50188,103,104,-1,1
50189,102,88,14,14
50190,68,62,6,6
50191,95,89,6,6
50192,74,75,-1,1
50193,77,72,5,5
50194,97,104,-7,7
50195,77,70,7,7
50196,124,122,2,2
50197,62,66,-4,4
50198,78,80,-2,2
50199,149,142,7,7
50200,53,61,-8,8
50201,80,81,-1,1
50202,82,90,-8,8
50203,69,70,-1,1
50204,80,89,-9,9
50205,45,56,-11,11
50206,66,68,-2,2
50207,46,56,-10,10
50208,82,86,-4,4
50209,45,55,-10,10
50210,105,99,6,6
50211,109,97,12,12
50212,89,91,-2,2
50213,69,68,1,1
50214,132,108,24,24
50215,106,106,0,0
50216,132,127,5,5
50217,141,145,-4,4
50218,282,261,21,21
50219,151,166,-15,15
50220,93,87,6,6
50221,129,133,-4,4
50222,82,95,-13,13
50223,72,71,1,1
50224,86,86,0,0
50225,42,46,-4,4
50226,85,79,6,6
50227,105,94,11,11
50228,110,106,4,4
50229,50,56,-6,6
50230,88,98,-10,10
50231,98,89,9,9
50232,85,81,4,4
50233,122,125,-3,3
50234,122,149,-27,27
50235,124,122,2,2
50236,77,78,-1,1
50237,117,115,2,2
50238,98,113,-15,15
50239,90,86,4,4
50240,129,123,6,6
50241,88,97,-9,9
50242,73,75,-2,2
50243,77,77,0,0
50244,139,148,-9,9
50245,96,89,7,7
50246,102,95,7,7
50247,87,91,-4,4
50248,70,67,3,3
50249,159,155,4,4
50250,60,60,0,0
50251,69,65,4,4
50252,113,114,-1,1
50253,156,147,9,9
50254,118,107,11,11
50255,53,56,-3,3
50256,104,114,-10,10
50257,83,79,4,4
50258,67,61,6,6
50259,95,108,-13,13
50260,103,100,3,3
50261,132,148,-16,16
50262,115,107,8,8
50263,89,91,-2,2
50264,107,100,7,7
50265,99,103,-4,4
50266,97,97,0,0
50267,54,58,-4,4
50268,101,99,2,2
50269,97,88,9,9
50270,81,85,-4,4
50271,150,165,-15,15
50272,76,101,-25,25
50273,87,95,-8,8
50274,101,121,-20,20
50275,51,52,-1,1
50276,99,98,1,1
50277,76,73,3,3
50278,170,159,11,11
50279,129,111,18,18
50280,73,78,-5,5
50281,172,176,-4,4
50282,142,141,1,1
50283,104,103,1,1
50284,125,124,1,1
50285,51,55,-4,4
50286,127,128,-1,1
50287,150,139,11,11
50288,71,81,-10,10
50289,129,137,-8,8
50290,92,99,-7,7
50291,83,79,4,4
50292,82,86,-4,4
50293,143,155,-12,12
50294,105,102,3,3
50295,60,64,-4,4
50296,79,85,-6,6
50297,26,47,-21,21
50298,131,116,15,15
50299,90,86,4,4
50300,72,73,-1,1
50301,62,68,-6,6
50302,76,70,6,6
50303,138,139,-1,1
50304,81,88,-7,7
50305,108,102,6,6
50306,88,97,-9,9
50307,115,120,-5,5
50308,123,118,5,5
50309,89,95,-6,6
50310,123,122,1,1
50311,104,97,7,7
50312,67,63,4,4
50313,82,90,-8,8
50314,68,63,5,5
50315,72,70,2,2
50316,92,90,2,2
50317,60,61,-1,1
50318,76,92,-16,16
50319,91,92,-1,1
50320,95,85,10,10
50321,101,107,-6,6
50322,96,97,-1,1
50323,122,113,9,9
50324,139,137,2,2
50325,141,116,25,25
50326,89,78,11,11
50327,103,119,-16,16
50328,51,60,-9,9
50329,75,84,-9,9
50330,107,114,-7,7
50331,64,67,-3,3
50332,54,55,-1,1
50333,90,85,5,5
50334,75,80,-5,5
50335,136,129,7,7
50336,99,110,-11,11
50337,128,138,-10,10
50338,125,109,16,16
50339,131,120,11,11
50340,61,58,3,3
50341,60,57,3,3
50342,70,81,-11,11
50343,136,143,-7,7
50344,91,83,8,8
50345,74,74,0,0
50346,63,72,-9,9
50347,113,105,8,8
50348,78,71,7,7
50349,208,186,22,22
50350,153,150,3,3
50351,154,155,-1,1
50352,92,94,-2,2
50353,61,60,1,1
50354,88,92,-4,4
50355,53,66,-13,13
50356,60,58,2,2
50357,101,97,4,4
50358,108,108,0,0
50359,70,62,8,8
50360,73,73,0,0
50361,86,89,-3,3
50362,63,62,1,1
50363,105,109,-4,4
50364,72,63,9,9
50365,145,135,10,10
50366,71,71,0,0
50367,148,136,12,12
50368,68,72,-4,4
50369,158,149,9,9
50370,176,171,5,5
50371,98,79,19,19
50372,151,143,8,8
50373,72,90,-18,18
50374,48,55,-7,7
50375,77,73,4,4
50376,65,63,2,2
50377,107,109,-2,2
50378,93,86,7,7
50379,103,109,-6,6
50380,95,93,2,2
50381,45,56,-11,11
50382,148,144,4,4
50383,130,128,2,2
50384,123,121,2,2
50385,91,94,-3,3
50386,127,154,-27,27
50387,66,76,-10,10
50388,71,73,-2,2
50389,133,128,5,5
50390,111,118,-7,7
50391,92,100,-8,8
50392,72,67,5,5
50393,70,66,4,4
50394,158,153,5,5
50395,56,54,2,2
50396,63,67,-4,4
50397,73,73,0,0
50398,170,158,12,12
50399,118,123,-5,5
50400,83,88,-5,5
50401,59,63,-4,4
50402,95,80,15,15
50403,79,62,17,17
50404,79,73,6,6
50405,103,121,-18,18
50406,127,126,1,1
50407,93,97,-4,4
50408,82,81,1,1
50409,48,51,-3,3
50410,90,91,-1,1
50411,76,66,10,10
50412,91,94,-3,3
50413,43,48,-5,5
50414,66,67,-1,1
50415,55,62,-7,7
50416,93,91,2,2
50417,102,99,3,3
50418,56,60,-4,4
50419,91,89,2,2
50420,126,132,-6,6
50421,78,86,-8,8
50422,81,78,3,3
50423,103,102,1,1
50424,114,107,7,7
50425,103,102,1,1
50426,137,141,-4,4
50427,111,108,3,3
50428,71,72,-1,1
50429,99,87,12,12
50430,118,115,3,3
50431,145,138,7,7
50432,83,81,2,2
50433,59,56,3,3
50434,79,81,-2,2
50435,60,57,3,3
50436,59,60,-1,1
50437,109,113,-4,4
50438,74,80,-6,6
50439,125,134,-9,9
50440,112,101,11,11
50441,74,71,3,3
50442,149,145,4,4
50443,79,85,-6,6
50444,76,76,0,0
50445,124,119,5,5
50446,62,63,-1,1
50447,59,76,-17,17
50448,190,179,11,11
50449,62,75,-13,13
50450,105,113,-8,8
50451,97,82,15,15
50452,128,124,4,4
50453,113,114,-1,1
50454,98,88,10,10
50455,37,47,-10,10
50456,136,135,1,1
50457,79,93,-14,14
50458,47,55,-8,8
50459,98,87,11,11
50460,101,105,-4,4
50461,87,83,4,4
50462,49,56,-7,7
50463,88,75,13,13
50464,92,88,4,4
50465,128,124,4,4
50466,111,107,4,4
50467,106,104,2,2
50468,57,57,0,0
50469,95,102,-7,7
50470,60,57,3,3
50471,131,123,8,8
50472,88,80,8,8
50473,83,84,-1,1
50474,109,109,0,0
50475,114,115,-1,1
50476,84,85,-1,1
50477,85,86,-1,1
50478,86,86,0,0
50479,76,76,0,0
50480,112,99,13,13
50481,106,112,-6,6
50482,56,59,-3,3
50483,120,126,-6,6
50484,53,63,-10,10
50485,32,61,-29,29
50486,184,184,0,0
50487,82,78,4,4
50488,66,63,3,3
50489,67,76,-9,9
50490,123,125,-2,2
50491,123,120,3,3
50492,146,130,16,16
50493,74,75,-1,1
50494,113,107,6,6
50495,102,108,-6,6
50496,143,132,11,11
50497,88,84,4,4
50498,136,131,5,5
50499,149,156,-7,7
50500,165,166,-1,1
50501,59,60,-1,1
50502,87,81,6,6
50503,85,80,5,5
50504,54,64,-10,10
50505,48,65,-17,17
50506,73,67,6,6
50507,74,69,5,5
50508,125,137,-12,12
50509,71,65,6,6
50510,36,47,-11,11
50511,127,110,17,17
50512,71,67,4,4
50513,92,90,2,2
50514,55,56,-1,1
50515,62,61,1,1
50516,76,66,10,10
50517,64,62,2,2
50518,129,128,1,1
50519,147,142,5,5
50520,69,66,3,3
50521,76,71,5,5
50522,86,86,0,0
50523,66,61,5,5
50524,76,75,1,1
50525,74,80,-6,6
50526,54,55,-1,1
50527,109,112,-3,3
50528,141,136,5,5
50529,55,61,-6,6
50530,121,107,14,14
50531,79,81,-2,2
50532,80,78,2,2
50533,156,155,1,1
50534,44,54,-10,10
50535,114,105,9,9
50536,105,102,3,3
50537,73,72,1,1
50538,84,83,1,1
50539,176,169,7,7
50540,62,58,4,4
50541,121,116,5,5
50542,114,119,-5,5
50543,87,93,-6,6
50544,77,82,-5,5
50545,64,64,0,0
50546,165,156,9,9
50547,139,150,-11,11
50548,121,119,2,2
50549,97,90,7,7
50550,193,172,21,21
50551,125,131,-6,6
50552,76,83,-7,7
50553,54,54,0,0
50554,134,141,-7,7
50555,72,74,-2,2
50556,96,94,2,2
50557,37,46,-9,9
50558,125,117,8,8
50559,87,79,8,8
50560,33,56,-23,23
50561,71,71,0,0
50562,53,53,0,0
50563,59,65,-6,6
50564,110,102,8,8
50565,82,86,-4,4
50566,110,106,4,4
50567,64,62,2,2
50568,65,65,0,0
50569,134,125,9,9
50570,58,63,-5,5
50571,90,96,-6,6
50572,79,82,-3,3
50573,66,78,-12,12
50574,88,100,-12,12
50575,89,123,-34,34
50576,124,125,-1,1
50577,111,111,0,0
50578,144,133,11,11
50579,131,135,-4,4
50580,133,126,7,7
50581,104,105,-1,1
50582,63,67,-4,4
50583,72,67,5,5
50584,76,75,1,1
50585,59,57,2,2
50586,110,102,8,8
50587,69,68,1,1
50588,112,110,2,2
50589,41,53,-12,12
50590,135,132,3,3
50591,101,127,-26,26
50592,86,82,4,4
50593,116,127,-11,11
50594,88,87,1,1
50595,74,86,-12,12
50596,41,54,-13,13
50597,91,101,-10,10
50598,164,156,8,8
50599,58,56,2,2
50600,203,183,20,20
50601,84,89,-5,5
50602,91,73,18,18
50603,98,102,-4,4
50604,123,129,-6,6
50605,63,64,-1,1
50606,88,79,9,9
50607,92,99,-7,7
50608,117,116,1,1
50609,72,62,10,10
50610,69,69,0,0
50611,77,77,0,0
50612,77,74,3,3
50613,73,67,6,6
50614,94,94,0,0
50615,118,114,4,4
50616,98,96,2,2
50617,82,82,0,0
50618,137,129,8,8
50619,84,95,-11,11
50620,113,109,4,4
50621,145,132,13,13
50622,67,66,1,1
50623,101,105,-4,4
50624,37,73,-36,36
50625,49,56,-7,7
50626,63,65,-2,2
50627,76,73,3,3
50628,216,187,29,29
50629,138,146,-8,8
50630,96,100,-4,4
50631,76,86,-10,10
50632,66,68,-2,2
50633,55,52,3,3
50634,92,89,3,3
50635,83,92,-9,9
50636,107,122,-15,15
50637,124,116,8,8
50638,78,73,5,5
50639,149,154,-5,5
50640,154,148,6,6
50641,67,67,0,0
50642,82,81,1,1
50643,99,99,0,0
50644,107,110,-3,3
50645,156,152,4,4
50646,174,189,-15,15
50647,103,101,2,2
50648,116,117,-1,1
50649,44,50,-6,6
50650,108,107,1,1
50651,94,105,-11,11
50652,63,66,-3,3
50653,95,94,1,1
50654,57,60,-3,3
50655,72,67,5,5
50656,72,70,2,2
50657,101,103,-2,2
50658,94,120,-26,26
50659,86,72,14,14
50660,157,150,7,7
50661,56,57,-1,1
50662,77,81,-4,4
50663,76,88,-12,12
50664,164,168,-4,4
50665,68,75,-7,7
50666,65,71,-6,6
50667,124,125,-1,1
50668,62,63,-1,1
50669,138,131,7,7
50670,146,146,0,0
50671,135,156,-21,21
50672,124,114,10,10
50673,105,101,4,4
50674,71,67,4,4
50675,84,86,-2,2
50676,84,75,9,9
50677,70,71,-1,1
50678,112,104,8,8
50679,127,134,-7,7
50680,51,111,-60,60
50681,104,105,-1,1
50682,96,104,-8,8
50683,97,85,12,12
50684,72,73,-1,1
50685,117,112,5,5
50686,115,131,-16,16
50687,76,80,-4,4
50688,98,102,-4,4
50689,70,77,-7,7
50690,97,107,-10,10
50691,131,143,-12,12
50692,50,53,-3,3
50693,68,69,-1,1
50694,64,64,0,0
50695,103,107,-4,4
50696,48,47,1,1
50697,106,103,3,3
50698,80,83,-3,3
50699,131,134,-3,3
50700,59,62,-3,3
50701,196,189,7,7
50702,143,153,-10,10
50703,74,69,5,5
50704,69,75,-6,6
50705,70,74,-4,4
50706,114,104,10,10
50707,70,65,5,5
50708,42,50,-8,8
50709,112,123,-11,11
50710,79,73,6,6
50711,159,157,2,2
50712,121,107,14,14
50713,69,77,-8,8
50714,93,84,9,9
50715,90,89,1,1
50716,91,95,-4,4
50717,65,68,-3,3
50718,136,147,-11,11
50719,65,67,-2,2
50720,51,57,-6,6
50721,131,122,9,9
50722,81,86,-5,5
50723,60,124,-64,64
50724,99,92,7,7
50725,37,74,-37,37
50726,131,118,13,13
50727,164,141,23,23
50728,63,65,-2,2
50729,208,192,16,16
50730,40,51,-11,11
50731,94,104,-10,10
50732,114,116,-2,2
50733,72,80,-8,8
50734,83,78,5,5
50735,65,68,-3,3
50736,124,128,-4,4
50737,45,50,-5,5
50738,78,77,1,1
50739,139,132,7,7
50740,63,65,-2,2
50741,88,94,-6,6
50742,81,82,-1,1
50743,79,69,10,10
50744,106,103,3,3
50745,129,125,4,4
50746,107,113,-6,6
50747,67,76,-9,9
50748,119,119,0,0
50749,96,99,-3,3
50750,96,87,9,9
50751,64,67,-3,3
50752,110,106,4,4
50753,122,128,-6,6
50754,159,164,-5,5
50755,84,88,-4,4
50756,78,74,4,4
50757,186,187,-1,1
50758,77,73,4,4
50759,95,89,6,6
50760,78,77,1,1
50761,84,108,-24,24
50762,115,109,6,6
50763,104,105,-1,1
50764,84,76,8,8
50765,94,86,8,8
50766,103,96,7,7
50767,120,118,2,2
50768,80,84,-4,4
50769,63,57,6,6
50770,113,122,-9,9
50771,82,89,-7,7
50772,111,111,0,0
50773,103,104,-1,1
50774,122,120,2,2
50775,81,81,0,0
50776,141,140,1,1
50777,122,123,-1,1
50778,136,132,4,4
50779,67,70,-3,3
50780,91,105,-14,14
50781,86,89,-3,3
50782,97,90,7,7
50783,42,60,-18,18
50784,63,66,-3,3
50785,118,116,2,2
50786,81,91,-10,10
50787,62,55,7,7
50788,55,64,-9,9
50789,89,91,-2,2
50790,71,74,-3,3
50791,57,60,-3,3
50792,83,86,-3,3
50793,153,143,10,10
50794,106,100,6,6
50795,122,113,9,9
50796,76,76,0,0
50797,90,95,-5,5
50798,70,82,-12,12
50799,33,50,-17,17
50800,83,80,3,3
50801,50,62,-12,12
50802,118,112,6,6
50803,115,113,2,2
50804,45,56,-11,11
50805,58,57,1,1
50806,38,57,-19,19
50807,97,107,-10,10
50808,39,62,-23,23
50809,28,50,-22,22
50810,117,119,-2,2
50811,115,110,5,5
50812,121,119,2,2
50813,105,113,-8,8
50814,88,86,2,2
50815,64,75,-11,11
50816,85,86,-1,1
50817,103,89,14,14
50818,76,74,2,2
50819,60,66,-6,6
50820,73,76,-3,3
50821,70,63,7,7
50822,54,53,1,1
50823,83,93,-10,10
50824,77,74,3,3
50825,58,55,3,3
50826,105,94,11,11
50827,145,143,2,2
50828,119,99,20,20
50829,100,97,3,3
50830,84,87,-3,3
50831,88,78,10,10
50832,90,86,4,4
50833,65,76,-11,11
50834,131,128,3,3
50835,76,91,-15,15
50836,166,171,-5,5
50837,52,55,-3,3
50838,156,159,-3,3
50839,139,154,-15,15
50840,80,77,3,3
50841,73,79,-6,6
50842,94,91,3,3
50843,83,83,0,0
50844,108,100,8,8
50845,71,72,-1,1
50846,98,107,-9,9
50847,94,93,1,1
50848,99,95,4,4
50849,29,52,-23,23
50850,85,79,6,6
50851,92,92,0,0
50852,96,98,-2,2
50853,107,103,4,4
50854,31,53,-22,22
50855,80,67,13,13
50856,86,84,2,2
50857,147,141,6,6
50858,113,118,-5,5
50859,58,57,1,1
50860,69,75,-6,6
50861,81,84,-3,3
50862,105,107,-2,2
50863,146,131,15,15
50864,126,120,6,6
50865,72,71,1,1
50866,110,105,5,5
50867,140,141,-1,1
50868,93,86,7,7
50869,88,88,0,0
50870,84,106,-22,22
50871,57,56,1,1
50872,78,73,5,5
50873,76,73,3,3
50874,143,127,16,16
50875,108,140,-32,32
50876,45,58,-13,13
50877,87,91,-4,4
50878,77,74,3,3
50879,96,116,-20,20
50880,84,82,2,2
50881,60,65,-5,5
50882,74,79,-5,5
50883,83,81,2,2
50884,69,65,4,4
50885,58,58,0,0
50886,73,71,2,2
50887,81,86,-5,5
50888,106,104,2,2
50889,140,153,-13,13
50890,75,77,-2,2
50891,102,102,0,0
50892,137,119,18,18
50893,63,93,-30,30
50894,80,77,3,3
50895,65,67,-2,2
50896,151,147,4,4
50897,138,142,-4,4
50898,104,94,10,10
50899,142,140,2,2
50900,77,86,-9,9
50901,102,109,-7,7
50902,83,83,0,0
50903,74,81,-7,7
50904,113,110,3,3
50905,115,113,2,2
50906,86,94,-8,8
50907,66,60,6,6
50908,123,116,7,7
50909,173,169,4,4
50910,138,147,-9,9
50911,121,119,2,2
50912,187,184,3,3
50913,103,95,8,8
50914,93,153,-60,60
50915,134,129,5,5
50916,84,76,8,8
50917,140,133,7,7
50918,139,129,10,10
50919,112,123,-11,11
50920,81,82,-1,1
50921,48,50,-2,2
50922,111,107,4,4
50923,133,124,9,9
50924,158,151,7,7
50925,47,54,-7,7
50926,115,125,-10,10
50927,59,65,-6,6
50928,136,131,5,5
50929,86,92,-6,6
50930,89,97,-8,8
50931,104,107,-3,3
50932,88,90,-2,2
50933,68,70,-2,2
50934,105,95,10,10
50935,122,116,6,6
50936,93,90,3,3
50937,172,164,8,8
50938,77,84,-7,7
50939,141,136,5,5
50940,106,109,-3,3
50941,102,110,-8,8
50942,136,129,7,7
50943,83,75,8,8
50944,60,66,-6,6
50945,90,103,-13,13
50946,69,70,-1,1
50947,96,94,2,2
50948,101,101,0,0
50949,90,77,13,13
50950,95,102,-7,7
50951,80,90,-10,10
50952,91,94,-3,3
50953,125,118,7,7
50954,85,81,4,4
50955,129,131,-2,2
50956,117,122,-5,5
50957,77,77,0,0
50958,82,86,-4,4
50959,135,132,3,3
50960,120,116,4,4
50961,89,83,6,6
50962,161,161,0,0
50963,70,72,-2,2
50964,60,65,-5,5
50965,172,166,6,6
50966,136,132,4,4
50967,86,77,9,9
50968,106,110,-4,4
50969,107,112,-5,5
50970,98,99,-1,1
50971,120,147,-27,27
50972,158,158,0,0
50973,61,62,-1,1
50974,101,97,4,4
50975,94,98,-4,4
50976,60,68,-8,8
50977,68,69,-1,1
50978,99,82,17,17
50979,56,54,2,2
50980,110,95,15,15
50981,102,100,2,2
50982,83,85,-2,2
50983,92,94,-2,2
50984,77,66,11,11
50985,125,138,-13,13
50986,79,70,9,9
50987,67,63,4,4
50988,113,109,4,4
50989,122,125,-3,3
50990,131,129,2,2
50991,104,99,5,5
50992,89,105,-16,16
50993,92,94,-2,2
50994,217,156,61,61
50995,45,64,-19,19
50996,69,77,-8,8
50997,112,118,-6,6
50998,146,122,24,24
50999,95,98,-3,3
51000,91,93,-2,2
51001,70,75,-5,5
51002,75,86,-11,11
51003,95,97,-2,2
51004,112,100,12,12
51005,58,57,1,1
51006,54,53,1,1
51007,94,96,-2,2
51008,108,100,8,8
51009,89,93,-4,4
51010,90,88,2,2
51011,129,126,3,3
51012,105,96,9,9
51013,94,92,2,2
51014,132,154,-22,22
51015,95,85,10,10
51016,68,62,6,6
51017,97,91,6,6
51018,128,120,8,8
51019,116,120,-4,4
51020,93,94,-1,1
51021,89,78,11,11
51022,176,185,-9,9
51023,172,179,-7,7
51024,54,56,-2,2
51025,60,65,-5,5
51026,39,68,-29,29
51027,96,83,13,13
51028,60,77,-17,17
51029,52,55,-3,3
51030,105,104,1,1
51031,137,136,1,1
51032,151,139,12,12
51033,108,125,-17,17
51034,100,99,1,1
51035,68,70,-2,2
51036,99,102,-3,3
51037,100,99,1,1
51038,112,106,6,6
51039,78,67,11,11
51040,110,110,0,0
51041,70,66,4,4
51042,122,119,3,3
51043,72,79,-7,7
51044,191,177,14,14
51045,106,108,-2,2
51046,102,101,1,1
51047,130,119,11,11
51048,83,83,0,0
51049,70,72,-2,2
51050,93,101,-8,8
51051,98,91,7,7
51052,72,69,3,3
51053,121,111,10,10
51054,157,152,5,5
51055,72,77,-5,5
51056,88,92,-4,4
51057,109,110,-1,1
51058,129,123,6,6
51059,185,175,10,10
51060,82,92,-10,10
51061,45,50,-5,5
51062,47,59,-12,12
51063,75,81,-6,6
51064,107,96,11,11
51065,73,76,-3,3
51066,90,88,2,2
51067,69,80,-11,11
51068,100,110,-10,10
51069,87,81,6,6
51070,56,57,-1,1
51071,83,77,6,6
51072,140,141,-1,1
51073,64,56,8,8
51074,97,98,-1,1
51075,86,86,0,0
51076,129,117,12,12
51077,119,109,10,10
51078,85,86,-1,1
51079,109,102,7,7
51080,92,91,1,1
51081,152,135,17,17
51082,74,79,-5,5
51083,147,195,-48,48
51084,117,117,0,0
51085,85,99,-14,14
51086,115,125,-10,10
51087,96,92,4,4
51088,109,109,0,0
51089,70,71,-1,1
51090,107,101,6,6
51091,71,81,-10,10
51092,80,83,-3,3
51093,117,112,5,5
51094,149,152,-3,3
51095,74,73,1,1
51096,100,96,4,4
51097,131,138,-7,7
51098,100,100,0,0
51099,72,67,5,5
51100,92,107,-15,15
51101,68,65,3,3
51102,71,75,-4,4
51103,60,61,-1,1
51104,74,75,-1,1
51105,114,109,5,5
51106,44,55,-11,11
51107,104,112,-8,8
51108,143,144,-1,1
51109,159,149,10,10
51110,76,78,-2,2
51111,93,92,1,1
51112,91,91,0,0
51113,91,94,-3,3
51114,188,170,18,18
51115,85,84,1,1
51116,58,52,6,6
51117,115,112,3,3
51118,51,64,-13,13
51119,49,51,-2,2
51120,108,114,-6,6
51121,92,97,-5,5
51122,102,110,-8,8
51123,113,110,3,3
51124,100,97,3,3
51125,80,75,5,5
51126,109,117,-8,8
51127,72,71,1,1
51128,91,96,-5,5
51129,93,92,1,1
51130,44,54,-10,10
51131,104,111,-7,7
51132,50,62,-12,12
51133,76,77,-1,1
51134,53,54,-1,1
51135,119,117,2,2
51136,105,96,9,9
51137,110,125,-15,15
51138,148,152,-4,4
51139,105,97,8,8
51140,139,134,5,5
51141,97,87,10,10
51142,113,100,13,13
51143,85,83,2,2
51144,113,105,8,8
51145,60,61,-1,1
51146,66,58,8,8
51147,115,111,4,4
51148,30,138,-108,108
51149,76,71,5,5
51150,73,79,-6,6
51151,72,80,-8,8
51152,141,139,2,2
51153,58,65,-7,7
51154,101,100,1,1
51155,80,68,12,12
51156,76,74,2,2
51157,118,122,-4,4
51158,97,98,-1,1
51159,96,109,-13,13
51160,40,50,-10,10
51161,157,146,11,11
51162,125,122,3,3
51163,99,93,6,6
51164,66,69,-3,3
51165,117,116,1,1
51166,94,99,-5,5
51167,54,58,-4,4
51168,62,59,3,3
51169,74,73,1,1
51170,166,161,5,5
51171,142,151,-9,9
51172,81,92,-11,11
51173,110,121,-11,11
51174,114,108,6,6
51175,96,94,2,2
51176,54,61,-7,7
51177,97,100,-3,3
51178,86,101,-15,15
51179,67,73,-6,6
51180,65,67,-2,2
51181,89,95,-6,6
51182,86,90,-4,4
51183,71,73,-2,2
51184,146,144,2,2
51185,81,69,12,12
51186,108,106,2,2
51187,116,115,1,1
51188,90,97,-7,7
51189,108,100,8,8
51190,127,121,6,6
51191,60,60,0,0
51192,66,55,11,11
51193,180,171,9,9
51194,52,55,-3,3
51195,93,92,1,1
51196,127,127,0,0
51197,96,85,11,11
51198,110,91,19,19
51199,102,111,-9,9
51200,110,110,0,0
51201,72,67,5,5
51202,161,156,5,5
51203,89,80,9,9
51204,78,75,3,3
51205,77,85,-8,8
51206,80,79,1,1
51207,78,77,1,1
51208,135,119,16,16
51209,88,79,9,9
51210,102,89,13,13
51211,73,73,0,0
51212,101,100,1,1
51213,84,82,2,2
51214,87,83,4,4
51215,79,84,-5,5
51216,84,86,-2,2
51217,140,142,-2,2
51218,106,112,-6,6
51219,75,64,11,11
51220,94,93,1,1
51221,79,84,-5,5
51222,93,92,1,1
51223,155,153,2,2
51224,97,100,-3,3
51225,109,127,-18,18
51226,115,106,9,9
51227,126,119,7,7
51228,90,95,-5,5
51229,72,74,-2,2
51230,63,59,4,4
51231,105,103,2,2
51232,68,68,0,0
51233,143,147,-4,4
51234,116,119,-3,3
51235,121,127,-6,6
51236,130,109,21,21
51237,75,73,2,2
51238,70,75,-5,5
51239,109,100,9,9
51240,98,94,4,4
51241,106,90,16,16
51242,76,77,-1,1
51243,60,53,7,7
51244,68,70,-2,2
51245,165,150,15,15
51246,90,105,-15,15
51247,178,167,11,11
51248,79,84,-5,5
51249,72,63,9,9
51250,87,87,0,0
51251,82,82,0,0
51252,57,61,-4,4
51253,110,111,-1,1
51254,111,111,0,0
51255,70,83,-13,13
51256,112,115,-3,3
51257,52,49,3,3
51258,94,87,7,7
51259,97,100,-3,3
51260,66,66,0,0
51261,67,75,-8,8
51262,66,72,-6,6
51263,107,107,0,0
51264,156,192,-36,36
51265,40,92,-52,52
51266,60,66,-6,6
51267,109,132,-23,23
51268,62,66,-4,4
51269,126,115,11,11
51270,96,99,-3,3
51271,106,96,10,10
51272,109,94,15,15
51273,77,76,1,1
51274,70,66,4,4
51275,75,96,-21,21
51276,194,189,5,5
51277,24,46,-22,22
51278,94,95,-1,1
51279,102,93,9,9
51280,126,122,4,4
51281,150,131,19,19
51282,126,125,1,1
51283,82,89,-7,7
51284,92,106,-14,14
51285,87,83,4,4
51286,122,134,-12,12
51287,129,133,-4,4
51288,93,90,3,3
51289,62,66,-4,4
51290,148,150,-2,2
51291,73,72,1,1
51292,114,102,12,12
51293,82,81,1,1
51294,99,104,-5,5
51295,181,168,13,13
51296,158,144,14,14
51297,100,103,-3,3
51298,143,139,4,4
51299,118,121,-3,3
51300,85,84,1,1
51301,127,133,-6,6
51302,83,92,-9,9
51303,95,92,3,3
51304,63,60,3,3
51305,76,72,4,4
51306,111,120,-9,9
51307,69,73,-4,4
51308,100,90,10,10
51309,47,54,-7,7
51310,83,92,-9,9
51311,85,88,-3,3
51312,74,74,0,0
51313,53,72,-19,19
51314,75,80,-5,5
51315,71,86,-15,15
51316,108,104,4,4
51317,71,73,-2,2
51318,121,119,2,2
51319,100,108,-8,8
51320,113,118,-5,5
51321,86,77,9,9
51322,86,75,11,11
51323,115,113,2,2
51324,38,58,-20,20
51325,140,134,6,6
51326,119,125,-6,6
51327,104,104,0,0
51328,135,119,16,16
51329,147,133,14,14
51330,116,110,6,6
51331,137,136,1,1
51332,86,89,-3,3
51333,96,94,2,2
51334,76,67,9,9
51335,64,61,3,3
51336,57,57,0,0
51337,90,103,-13,13
51338,56,73,-17,17
51339,84,93,-9,9
51340,109,99,10,10
51341,124,121,3,3
51342,138,127,11,11
51343,73,72,1,1
51344,98,97,1,1
51345,93,84,9,9
51346,51,48,3,3
51347,54,53,1,1
51348,62,61,1,1
51349,126,126,0,0
51350,85,83,2,2
51351,86,77,9,9
51352,67,63,4,4
51353,80,86,-6,6
51354,55,60,-5,5
51355,115,111,4,4
51356,71,70,1,1
51357,86,83,3,3
51358,120,118,2,2
51359,94,88,6,6
51360,71,70,1,1
51361,106,117,-11,11
51362,101,95,6,6
51363,41,54,-13,13
51364,77,66,11,11
51365,130,122,8,8
51366,154,148,6,6
51367,102,91,11,11
51368,56,58,-2,2
51369,108,104,4,4
51370,74,80,-6,6
51371,33,105,-72,72
51372,109,108,1,1
51373,113,108,5,5
51374,115,114,1,1
51375,73,75,-2,2
51376,60,69,-9,9
51377,115,107,8,8
51378,85,92,-7,7
51379,121,110,11,11
51380,128,127,1,1
51381,76,87,-11,11
51382,158,156,2,2
51383,109,108,1,1
51384,47,50,-3,3
51385,76,67,9,9
51386,75,68,7,7
51387,92,84,8,8
51388,92,96,-4,4
51389,110,97,13,13
51390,101,99,2,2
51391,95,90,5,5
51392,107,106,1,1
51393,96,95,1,1
51394,127,127,0,0
51395,104,105,-1,1
51396,84,79,5,5
51397,44,48,-4,4
51398,112,120,-8,8
51399,94,111,-17,17
51400,65,65,0,0
51401,67,71,-4,4
51402,106,107,-1,1
51403,85,78,7,7
51404,75,85,-10,10
51405,72,68,4,4
51406,99,79,20,20
51407,63,69,-6,6
51408,157,158,-1,1
51409,70,71,-1,1
51410,79,76,3,3
51411,99,92,7,7
51412,100,104,-4,4
51413,152,147,5,5
51414,111,125,-14,14
51415,73,77,-4,4
51416,117,114,3,3
51417,74,75,-1,1
51418,84,91,-7,7
51419,117,113,4,4
51420,70,74,-4,4
51421,72,78,-6,6
51422,62,61,1,1
51423,90,93,-3,3
51424,123,111,12,12
51425,81,82,-1,1
51426,62,64,-2,2
51427,74,71,3,3
51428,189,176,13,13
51429,97,102,-5,5
51430,131,131,0,0
51431,66,72,-6,6
51432,131,125,6,6
51433,101,90,11,11
51434,205,200,5,5
51435,92,97,-5,5
51436,74,84,-10,10
51437,108,101,7,7
51438,78,71,7,7
51439,69,73,-4,4
51440,92,77,15,15
51441,76,76,0,0
51442,83,77,6,6
51443,104,103,1,1
51444,85,81,4,4
51445,74,69,5,5
51446,134,139,-5,5
51447,119,114,5,5
51448,92,87,5,5
51449,88,85,3,3
51450,126,135,-9,9
51451,100,104,-4,4
51452,45,55,-10,10
51453,131,119,12,12
51454,55,60,-5,5
51455,180,170,10,10
51456,133,114,19,19
51457,94,69,25,25
51458,62,79,-17,17
51459,119,117,2,2
51460,183,176,7,7
51461,88,81,7,7
51462,115,91,24,24
51463,100,90,10,10
51464,64,73,-9,9
51465,83,103,-20,20
51466,138,140,-2,2
51467,62,69,-7,7
51468,193,173,20,20
51469,90,79,11,11
51470,77,88,-11,11
51471,111,106,5,5
51472,99,84,15,15
51473,118,123,-5,5
51474,131,125,6,6
51475,71,63,8,8
51476,78,80,-2,2
51477,94,84,10,10
51478,92,95,-3,3
51479,97,98,-1,1
51480,89,84,5,5
51481,131,119,12,12
51482,119,99,20,20
51483,59,62,-3,3
51484,80,81,-1,1
51485,116,112,4,4
51486,93,89,4,4
51487,72,78,-6,6
51488,185,168,17,17
51489,85,90,-5,5
51490,108,121,-13,13
51491,84,86,-2,2
51492,100,104,-4,4
51493,109,88,21,21
51494,43,51,-8,8
51495,77,78,-1,1
51496,87,80,7,7
51497,121,115,6,6
51498,109,111,-2,2
51499,83,89,-6,6
51500,108,96,12,12
51501,166,143,23,23
51502,68,67,1,1
51503,112,130,-18,18
51504,103,105,-2,2
51505,106,113,-7,7
51506,33,47,-14,14
51507,56,54,2,2
51508,72,70,2,2
51509,136,134,2,2
51510,79,79,0,0
51511,143,126,17,17
51512,103,99,4,4
51513,75,78,-3,3
51514,73,72,1,1
51515,68,68,0,0
51516,68,80,-12,12
51517,102,86,16,16
51518,83,81,2,2
51519,70,78,-8,8
51520,88,87,1,1
51521,124,122,2,2
51522,111,112,-1,1
51523,103,106,-3,3
51524,104,102,2,2
51525,122,120,2,2
51526,119,118,1,1
51527,71,103,-32,32
51528,196,194,2,2
51529,70,68,2,2
51530,70,85,-15,15
51531,88,85,3,3
51532,122,120,2,2
51533,102,95,7,7
51534,119,111,8,8
51535,138,135,3,3
51536,165,153,12,12
51537,94,103,-9,9
51538,52,53,-1,1
51539,86,81,5,5
51540,63,68,-5,5
51541,92,81,11,11
51542,65,62,3,3
51543,47,55,-8,8
51544,62,63,-1,1
51545,79,92,-13,13
51546,166,141,25,25
51547,96,90,6,6
51548,120,132,-12,12
51549,117,115,2,2
51550,99,93,6,6
51551,124,132,-8,8
51552,138,126,12,12
51553,60,69,-9,9
51554,90,89,1,1
51555,76,81,-5,5
51556,113,135,-22,22
51557,129,128,1,1
51558,80,81,-1,1
51559,99,96,3,3
51560,87,88,-1,1
51561,74,74,0,0
51562,70,69,1,1
51563,50,58,-8,8
51564,83,82,1,1
51565,150,143,7,7
51566,104,100,4,4
51567,107,106,1,1
51568,101,94,7,7
51569,153,151,2,2
51570,81,81,0,0
51571,58,72,-14,14
51572,104,99,5,5
51573,64,63,1,1
51574,58,57,1,1
51575,137,139,-2,2
51576,132,111,21,21
51577,110,113,-3,3
51578,120,123,-3,3
51579,92,92,0,0
51580,83,115,-32,32
51581,41,52,-11,11
51582,194,205,-11,11
51583,79,71,8,8
51584,65,68,-3,3
51585,126,135,-9,9
51586,125,141,-16,16
51587,148,142,6,6
51588,63,60,3,3
51589,82,86,-4,4
51590,127,122,5,5
51591,141,132,9,9
51592,98,104,-6,6
51593,140,143,-3,3
51594,92,88,4,4
51595,78,84,-6,6
51596,72,74,-2,2
51597,133,121,12,12
51598,82,88,-6,6
51599,53,62,-9,9
51600,68,67,1,1
51601,135,128,7,7
51602,76,91,-15,15
51603,84,76,8,8
51604,109,105,4,4
51605,115,121,-6,6
51606,32,47,-15,15
51607,202,179,23,23
51608,64,62,2,2
51609,69,68,1,1
51610,61,62,-1,1
51611,81,75,6,6
51612,81,87,-6,6
51613,103,99,4,4
51614,73,71,2,2
51615,103,120,-17,17
51616,153,157,-4,4
51617,78,79,-1,1
51618,100,96,4,4
51619,136,148,-12,12
51620,58,61,-3,3
51621,75,80,-5,5
51622,130,117,13,13
51623,127,117,10,10
51624,51,58,-7,7
51625,87,74,13,13
51626,99,98,1,1
51627,121,115,6,6
51628,83,87,-4,4
51629,65,62,3,3
51630,86,87,-1,1
51631,129,130,-1,1
51632,77,88,-11,11
51633,63,72,-9,9
51634,70,69,1,1
51635,75,78,-3,3
51636,75,77,-2,2
51637,132,134,-2,2
51638,157,155,2,2
51639,130,135,-5,5
51640,80,83,-3,3
51641,97,99,-2,2
51642,68,66,2,2
51643,98,102,-4,4
51644,81,85,-4,4
51645,51,51,0,0
51646,84,84,0,0
51647,79,77,2,2
51648,151,146,5,5
51649,82,82,0,0
51650,127,125,2,2
51651,63,71,-8,8
51652,97,95,2,2
51653,121,117,4,4
51654,157,153,4,4
51655,101,95,6,6
51656,160,164,-4,4
51657,92,92,0,0
51658,107,117,-10,10
51659,108,93,15,15
51660,119,104,15,15
51661,61,70,-9,9
51662,112,105,7,7
51663,71,67,4,4
51664,99,100,-1,1
51665,68,76,-8,8
51666,116,123,-7,7
51667,64,72,-8,8
51668,124,130,-6,6
51669,139,135,4,4
51670,80,77,3,3
51671,157,148,9,9
51672,101,96,5,5
51673,114,107,7,7
51674,126,130,-4,4
51675,148,145,3,3
51676,77,80,-3,3
51677,187,182,5,5
51678,139,137,2,2
51679,164,151,13,13
51680,98,102,-4,4
51681,86,91,-5,5
51682,61,60,1,1
51683,143,148,-5,5
51684,57,58,-1,1
51685,52,56,-4,4
51686,92,106,-14,14
51687,108,106,2,2
51688,156,141,15,15
51689,159,146,13,13
51690,157,144,13,13
51691,102,98,4,4
51692,138,127,11,11
51693,78,78,0,0
51694,83,73,10,10
51695,108,96,12,12
51696,60,59,1,1
51697,142,120,22,22
51698,55,58,-3,3
51699,65,67,-2,2
51700,125,123,2,2
51701,90,93,-3,3
51702,74,74,0,0
51703,156,152,4,4
51704,76,76,0,0
51705,94,99,-5,5
51706,84,85,-1,1
51707,84,78,6,6
51708,68,75,-7,7
51709,144,139,5,5
51710,74,68,6,6
51711,104,106,-2,2
51712,98,71,27,27
51713,92,90,2,2
51714,106,108,-2,2
51715,94,93,1,1
51716,91,96,-5,5
51717,61,58,3,3
51718,77,72,5,5
51719,71,74,-3,3
51720,98,95,3,3
51721,73,79,-6,6
51722,103,110,-7,7
51723,124,116,8,8
51724,135,124,11,11
51725,118,127,-9,9
51726,96,103,-7,7
51727,54,57,-3,3
51728,112,99,13,13
51729,72,72,0,0
51730,70,75,-5,5
51731,85,78,7,7
51732,51,49,2,2
51733,106,121,-15,15
51734,113,105,8,8
51735,76,74,2,2
51736,63,70,-7,7
51737,140,124,16,16
51738,103,96,7,7
51739,163,165,-2,2
51740,126,124,2,2
51741,92,112,-20,20
51742,40,55,-15,15
51743,33,56,-23,23
51744,99,99,0,0
51745,113,101,12,12
51746,59,56,3,3
51747,88,105,-17,17
51748,58,60,-2,2
51749,98,97,1,1
51750,135,120,15,15
51751,92,93,-1,1
51752,101,101,0,0
51753,116,111,5,5
51754,171,167,4,4
51755,98,85,13,13
51756,99,94,5,5
51757,77,69,8,8
51758,99,94,5,5
51759,61,60,1,1
51760,124,103,21,21
51761,36,46,-10,10
51762,124,112,12,12
51763,89,87,2,2
51764,144,149,-5,5
51765,113,109,4,4
51766,157,151,6,6
51767,95,98,-3,3
51768,101,107,-6,6
51769,76,80,-4,4
51770,65,79,-14,14
51771,222,184,38,38
51772,123,117,6,6
51773,71,91,-20,20
51774,102,92,10,10
51775,96,95,1,1
51776,105,100,5,5
51777,81,86,-5,5
51778,122,139,-17,17
51779,64,66,-2,2
51780,43,61,-18,18
51781,114,104,10,10
51782,62,63,-1,1
51783,104,113,-9,9
51784,175,186,-11,11
51785,98,109,-11,11
51786,87,87,0,0
51787,144,142,2,2
51788,76,87,-11,11
51789,125,125,0,0
51790,70,70,0,0
51791,86,97,-11,11
51792,140,121,19,19
51793,44,54,-10,10
51794,101,96,5,5
51795,68,72,-4,4
51796,155,154,1,1
51797,125,125,0,0
51798,49,53,-4,4
51799,140,145,-5,5
51800,105,97,8,8
51801,192,198,-6,6
51802,89,77,12,12
51803,140,135,5,5
51804,140,138,2,2
51805,112,117,-5,5
51806,136,121,15,15
51807,76,83,-7,7
51808,64,70,-6,6
51809,64,76,-12,12
51810,83,86,-3,3
51811,72,66,6,6
51812,145,144,1,1
51813,113,101,12,12
51814,114,103,11,11
51815,154,141,13,13
51816,67,66,1,1
51817,197,174,23,23
51818,61,61,0,0
51819,99,96,3,3
51820,91,93,-2,2
51821,181,155,26,26
51822,45,50,-5,5
51823,55,60,-5,5
51824,183,198,-15,15
51825,106,111,-5,5
51826,57,62,-5,5
51827,133,126,7,7
51828,36,50,-14,14
51829,98,104,-6,6
51830,54,51,3,3
51831,140,144,-4,4
51832,114,115,-1,1
51833,99,94,5,5
51834,69,70,-1,1
51835,144,140,4,4
51836,112,121,-9,9
51837,101,95,6,6
51838,88,80,8,8
51839,88,87,1,1
51840,94,85,9,9
51841,67,63,4,4
51842,46,61,-15,15
51843,72,66,6,6
51844,80,72,8,8
51845,75,73,2,2
51846,94,87,7,7
51847,117,122,-5,5
51848,67,68,-1,1
51849,71,73,-2,2
51850,67,84,-17,17
51851,68,66,2,2
51852,91,89,2,2
51853,71,76,-5,5
51854,114,116,-2,2
51855,93,101,-8,8
51856,73,77,-4,4
51857,164,151,13,13
51858,132,122,10,10
51859,66,58,8,8
51860,153,132,21,21
51861,108,119,-11,11
51862,110,106,4,4
51863,156,138,18,18
51864,162,157,5,5
51865,150,150,0,0
51866,125,121,4,4
51867,61,62,-1,1
51868,95,94,1,1
51869,152,135,17,17
51870,125,132,-7,7
51871,119,106,13,13
51872,166,188,-22,22
51873,120,108,12,12
51874,58,57,1,1
51875,45,47,-2,2
51876,117,126,-9,9
51877,65,60,5,5
51878,105,115,-10,10
51879,70,66,4,4
51880,78,73,5,5
51881,91,85,6,6
51882,78,72,6,6
51883,116,131,-15,15
51884,132,115,17,17
51885,143,134,9,9
51886,117,124,-7,7
51887,147,158,-11,11
51888,63,69,-6,6
51889,80,95,-15,15
51890,98,98,0,0
51891,51,67,-16,16
51892,51,56,-5,5
51893,73,72,1,1
51894,95,87,8,8
51895,100,99,1,1
51896,74,84,-10,10
51897,110,100,10,10
51898,78,80,-2,2
51899,54,58,-4,4
51900,115,114,1,1
51901,139,129,10,10
51902,73,78,-5,5
51903,67,65,2,2
51904,76,80,-4,4
51905,108,103,5,5
51906,104,102,2,2
51907,130,129,1,1
51908,116,118,-2,2
51909,57,60,-3,3
51910,102,106,-4,4
51911,108,100,8,8
51912,95,88,7,7
51913,40,47,-7,7
51914,76,84,-8,8
51915,71,65,6,6
51916,137,138,-1,1
51917,118,109,9,9
51918,129,128,1,1
51919,67,71,-4,4
51920,72,72,0,0
51921,111,120,-9,9
51922,95,96,-1,1
51923,130,142,-12,12
51924,116,119,-3,3
51925,68,71,-3,3
51926,103,102,1,1
51927,95,96,-1,1
51928,117,117,0,0
51929,62,56,6,6
51930,75,80,-5,5
51931,56,70,-14,14
51932,120,104,16,16
51933,113,111,2,2
51934,85,81,4,4
51935,71,90,-19,19
51936,130,133,-3,3
51937,87,93,-6,6
51938,156,150,6,6
51939,89,88,1,1
51940,61,60,1,1
51941,115,113,2,2
51942,144,133,11,11
51943,73,80,-7,7
51944,94,96,-2,2
51945,102,100,2,2
51946,125,127,-2,2
51947,71,62,9,9
51948,140,138,2,2
51949,143,138,5,5
51950,77,84,-7,7
51951,86,78,8,8
51952,70,71,-1,1
51953,101,89,12,12
51954,82,80,2,2
51955,93,87,6,6
51956,55,59,-4,4
51957,138,150,-12,12
51958,88,88,0,0
51959,81,85,-4,4
51960,176,160,16,16
51961,90,93,-3,3
51962,52,57,-5,5
51963,97,96,1,1
51964,45,58,-13,13
51965,114,120,-6,6
51966,155,151,4,4
51967,151,175,-24,24
51968,60,66,-6,6
51969,82,75,7,7
51970,96,95,1,1
51971,126,114,12,12
51972,90,87,3,3
51973,83,70,13,13
51974,72,76,-4,4
51975,139,134,5,5
51976,137,137,0,0
51977,119,117,2,2
51978,115,100,15,15
51979,76,73,3,3
51980,80,97,-17,17
51981,101,97,4,4
51982,92,92,0,0
51983,65,66,-1,1
51984,89,92,-3,3
51985,72,70,2,2
51986,45,51,-6,6
51987,69,65,4,4
51988,81,79,2,2
51989,95,94,1,1
51990,76,77,-1,1
51991,49,58,-9,9
51992,97,99,-2,2
51993,90,80,10,10
51994,130,128,2,2
51995,74,79,-5,5
51996,46,56,-10,10
51997,74,82,-8,8
51998,108,102,6,6
51999,115,124,-9,9
52000,37,49,-12,12
52001,79,74,5,5
52002,75,79,-4,4
52003,174,156,18,18
52004,107,104,3,3
52005,53,51,2,2
52006,83,86,-3,3
52007,60,57,3,3
52008,98,103,-5,5
52009,57,59,-2,2
52010,54,55,-1,1
52011,83,79,4,4
52012,182,206,-24,24
52013,107,115,-8,8
52014,89,98,-9,9
52015,105,105,0,0
52016,109,114,-5,5
52017,141,130,11,11
52018,121,125,-4,4
52019,91,106,-15,15
52020,117,111,6,6
52021,58,65,-7,7
52022,80,70,10,10
52023,88,80,8,8
52024,80,81,-1,1
52025,146,143,3,3
52026,105,103,2,2
52027,128,142,-14,14
52028,79,76,3,3
52029,123,126,-3,3
52030,85,84,1,1
52031,77,74,3,3
52032,70,65,5,5
52033,100,102,-2,2
52034,71,71,0,0
52035,123,119,4,4
52036,85,89,-4,4
52037,113,111,2,2
52038,98,91,7,7
52039,67,77,-10,10
52040,130,135,-5,5
52041,176,163,13,13
52042,117,116,1,1
52043,130,124,6,6
52044,114,108,6,6
52045,108,112,-4,4
52046,111,117,-6,6
52047,91,87,4,4
52048,153,141,12,12
52049,83,93,-10,10
52050,91,92,-1,1
52051,103,104,-1,1
52052,123,125,-2,2
52053,57,62,-5,5
52054,115,111,4,4
52055,86,94,-8,8
52056,147,142,5,5
52057,116,134,-18,18
52058,87,85,2,2
52059,81,78,3,3
52060,58,52,6,6
52061,97,85,12,12
52062,138,148,-10,10
52063,74,73,1,1
52064,60,70,-10,10
52065,94,95,-1,1
52066,150,141,9,9
52067,143,145,-2,2
52068,72,74,-2,2
52069,80,83,-3,3
52070,94,95,-1,1
52071,85,83,2,2
52072,108,104,4,4
52073,106,96,10,10
52074,86,87,-1,1
52075,160,149,11,11
52076,84,83,1,1
52077,78,73,5,5
52078,89,95,-6,6
52079,76,83,-7,7
52080,57,54,3,3
52081,93,93,0,0
52082,92,95,-3,3
52083,79,98,-19,19
52084,105,105,0,0
52085,146,146,0,0
52086,79,86,-7,7
52087,96,100,-4,4
52088,97,94,3,3
52089,74,74,0,0
52090,79,89,-10,10
52091,90,87,3,3
52092,133,133,0,0
52093,81,84,-3,3
52094,140,134,6,6
52095,20,43,-23,23
52096,42,93,-51,51
52097,178,158,20,20
52098,57,65,-8,8
52099,91,96,-5,5
52100,125,139,-14,14
52101,77,77,0,0
52102,73,77,-4,4
52103,96,101,-5,5
52104,63,58,5,5
52105,75,76,-1,1
52106,117,113,4,4
52107,135,136,-1,1
52108,105,113,-8,8
52109,141,139,2,2
52110,123,111,12,12
52111,71,82,-11,11
52112,108,96,12,12
52113,104,107,-3,3
52114,108,100,8,8
52115,93,93,0,0
52116,102,98,4,4
52117,99,87,12,12
52118,95,102,-7,7
52119,53,57,-4,4
52120,117,103,14,14
52121,79,93,-14,14
52122,55,67,-12,12
52123,163,164,-1,1
52124,53,58,-5,5
52125,80,79,1,1
52126,124,119,5,5
52127,75,69,6,6
52128,133,135,-2,2
52129,83,84,-1,1
52130,54,60,-6,6
52131,52,54,-2,2
52132,67,71,-4,4
52133,75,71,4,4
52134,106,103,3,3
52135,140,136,4,4
52136,124,128,-4,4
52137,65,70,-5,5
52138,94,100,-6,6
52139,108,110,-2,2
52140,132,119,13,13
52141,123,120,3,3
52142,73,82,-9,9
52143,246,237,9,9
52144,91,81,10,10
52145,48,58,-10,10
52146,109,96,13,13
52147,120,108,12,12
52148,71,65,6,6
52149,44,47,-3,3
52150,83,78,5,5
52151,77,71,6,6
52152,108,100,8,8
52153,76,73,3,3
52154,116,103,13,13
52155,98,111,-13,13
52156,114,105,9,9
52157,142,128,14,14
52158,92,103,-11,11
52159,82,75,7,7
52160,86,85,1,1
52161,65,68,-3,3
52162,91,88,3,3
52163,158,161,-3,3
52164,79,78,1,1
52165,89,81,8,8
52166,54,54,0,0
52167,144,126,18,18
52168,167,175,-8,8
52169,94,102,-8,8
52170,75,74,1,1
52171,110,121,-11,11
52172,113,108,5,5
52173,63,63,0,0
52174,138,134,4,4
52175,101,91,10,10
52176,99,111,-12,12
52177,98,102,-4,4
52178,138,157,-19,19
52179,116,115,1,1
52180,53,63,-10,10
52181,97,98,-1,1
52182,79,66,13,13
52183,94,106,-12,12
52184,72,80,-8,8
52185,104,112,-8,8
52186,113,102,11,11
52187,105,116,-11,11
52188,84,83,1,1
52189,66,71,-5,5
52190,75,76,-1,1
52191,106,108,-2,2
52192,100,96,4,4
52193,75,82,-7,7
52194,45,52,-7,7
52195,126,133,-7,7
52196,102,97,5,5
52197,108,108,0,0
52198,99,94,5,5
52199,146,137,9,9
52200,107,110,-3,3
52201,105,115,-10,10
52202,58,63,-5,5
52203,114,120,-6,6
52204,151,134,17,17
52205,72,74,-2,2
52206,79,72,7,7
52207,131,122,9,9
52208,91,90,1,1
52209,52,56,-4,4
52210,81,72,9,9
52211,85,70,15,15
52212,96,91,5,5
52213,42,51,-9,9
52214,73,66,7,7
52215,100,92,8,8
52216,104,96,8,8
52217,85,91,-6,6
52218,67,75,-8,8
52219,71,74,-3,3
52220,100,91,9,9
52221,134,113,21,21
52222,104,109,-5,5
52223,90,79,11,11
52224,96,126,-30,30
52225,61,87,-26,26
52226,65,69,-4,4
52227,139,137,2,2
52228,46,57,-11,11
52229,70,70,0,0
52230,142,134,8,8
52231,90,86,4,4
52232,112,105,7,7
52233,113,103,10,10
52234,59,65,-6,6
52235,111,105,6,6
52236,84,78,6,6
52237,74,69,5,5
52238,78,69,9,9
52239,145,152,-7,7
52240,100,119,-19,19
52241,103,97,6,6
52242,55,56,-1,1
52243,93,94,-1,1
52244,78,78,0,0
52245,80,81,-1,1
52246,104,94,10,10
52247,66,68,-2,2
52248,68,61,7,7
52249,60,57,3,3
52250,103,118,-15,15
52251,69,68,1,1
52252,92,91,1,1
52253,48,56,-8,8
52254,54,60,-6,6
52255,54,58,-4,4
52256,58,59,-1,1
52257,160,143,17,17
52258,83,78,5,5
52259,90,82,8,8
52260,71,125,-54,54
52261,168,175,-7,7
52262,137,142,-5,5
52263,139,138,1,1
52264,74,70,4,4
52265,75,79,-4,4
52266,65,62,3,3
52267,93,81,12,12
52268,94,93,1,1
52269,65,77,-12,12
52270,110,112,-2,2
52271,29,48,-19,19
52272,91,86,5,5
52273,78,77,1,1
52274,77,78,-1,1
52275,93,93,0,0
52276,158,152,6,6
52277,206,194,12,12
52278,98,99,-1,1
52279,131,128,3,3
52280,115,109,6,6
52281,129,112,17,17
52282,97,89,8,8
52283,97,90,7,7
52284,78,94,-16,16
52285,81,80,1,1
52286,107,107,0,0
52287,80,83,-3,3
52288,67,73,-6,6
52289,66,72,-6,6
52290,56,57,-1,1
52291,72,71,1,1
52292,50,55,-5,5
52293,70,101,-31,31
52294,128,121,7,7
52295,138,144,-6,6
52296,38,48,-10,10
52297,113,112,1,1
52298,168,167,1,1
52299,115,106,9,9
52300,88,86,2,2
52301,80,77,3,3
52302,124,134,-10,10
52303,190,182,8,8
52304,92,97,-5,5
52305,83,83,0,0
52306,78,81,-3,3
52307,64,59,5,5
52308,121,120,1,1
52309,74,75,-1,1
52310,59,62,-3,3
52311,200,159,41,41
52312,157,148,9,9
52313,86,86,0,0
52314,126,124,2,2
52315,75,74,1,1
52316,95,106,-11,11
52317,118,104,14,14
52318,174,165,9,9
52319,148,141,7,7
52320,70,75,-5,5
52321,99,98,1,1
52322,73,74,-1,1
52323,178,156,22,22
52324,127,122,5,5
52325,137,138,-1,1
52326,35,51,-16,16
52327,58,61,-3,3
52328,104,108,-4,4
52329,85,85,0,0
52330,91,90,1,1
52331,40,48,-8,8
52332,83,83,0,0
52333,100,105,-5,5
52334,73,78,-5,5
52335,51,59,-8,8
52336,263,203,60,60
52337,87,92,-5,5
52338,85,82,3,3
52339,85,88,-3,3
52340,89,82,7,7
52341,176,171,5,5
52342,103,102,1,1
52343,128,136,-8,8
52344,166,170,-4,4
52345,92,107,-15,15
52346,100,100,0,0
52347,98,89,9,9
52348,57,59,-2,2
52349,127,120,7,7
52350,86,89,-3,3
52351,144,147,-3,3
52352,60,63,-3,3
52353,113,111,2,2
52354,113,110,3,3
52355,103,100,3,3
52356,90,88,2,2
52357,56,55,1,1
52358,47,53,-6,6
52359,105,110,-5,5
52360,61,62,-1,1
52361,128,136,-8,8
52362,55,78,-23,23
52363,67,63,4,4
52364,65,65,0,0
52365,116,110,6,6
52366,76,80,-4,4
52367,41,55,-14,14
52368,83,75,8,8
52369,82,88,-6,6
52370,50,58,-8,8
52371,81,91,-10,10
52372,57,54,3,3
52373,83,81,2,2
52374,87,96,-9,9
52375,56,61,-5,5
52376,68,68,0,0
52377,71,66,5,5
52378,77,77,0,0
52379,67,66,1,1
52380,120,108,12,12
52381,74,75,-1,1
52382,121,123,-2,2
52383,73,78,-5,5
52384,53,61,-8,8
52385,68,70,-2,2
52386,95,92,3,3
52387,103,109,-6,6
52388,46,51,-5,5
52389,73,66,7,7
52390,148,143,5,5
52391,145,132,13,13
52392,105,94,11,11
52393,71,74,-3,3
52394,43,51,-8,8
52395,106,105,1,1
52396,114,114,0,0
52397,80,72,8,8
52398,64,79,-15,15
52399,125,114,11,11
52400,84,95,-11,11
52401,86,90,-4,4
52402,101,98,3,3
52403,95,92,3,3
52404,90,93,-3,3
52405,93,88,5,5
52406,62,64,-2,2
52407,146,140,6,6
52408,87,88,-1,1
52409,85,77,8,8
52410,134,116,18,18
52411,82,79,3,3
52412,46,58,-12,12
52413,73,69,4,4
52414,23,44,-21,21
52415,167,159,8,8
52416,116,95,21,21
52417,112,118,-6,6
52418,227,216,11,11
52419,108,110,-2,2
52420,93,91,2,2
52421,76,79,-3,3
52422,75,73,2,2
52423,74,79,-5,5
52424,85,77,8,8
52425,68,67,1,1
52426,93,84,9,9
52427,143,139,4,4
52428,132,126,6,6
52429,68,71,-3,3
52430,49,65,-16,16
52431,116,109,7,7
52432,87,81,6,6
52433,114,105,9,9
52434,133,125,8,8
52435,81,77,4,4
52436,105,95,10,10
52437,88,90,-2,2
52438,158,139,19,19
52439,82,74,8,8
52440,91,92,-1,1
52441,158,160,-2,2
52442,77,81,-4,4
52443,61,87,-26,26
52444,57,60,-3,3
52445,76,79,-3,3
52446,80,83,-3,3
52447,90,99,-9,9
52448,75,64,11,11
52449,105,101,4,4
52450,99,98,1,1
52451,134,137,-3,3
52452,70,75,-5,5
52453,139,148,-9,9
52454,67,69,-2,2
52455,186,167,19,19
52456,101,98,3,3
52457,142,138,4,4
52458,66,63,3,3
52459,88,81,7,7
52460,79,85,-6,6
52461,80,80,0,0
52462,103,112,-9,9
52463,133,146,-13,13
52464,21,81,-60,60
52465,98,82,16,16
52466,67,64,3,3
52467,117,137,-20,20
52468,71,71,0,0
52469,45,56,-11,11
52470,90,81,9,9
52471,122,108,14,14
52472,133,127,6,6
52473,70,69,1,1
52474,99,105,-6,6
52475,161,152,9,9
52476,123,117,6,6
52477,116,110,6,6
52478,148,130,18,18
52479,55,49,6,6
52480,107,110,-3,3
52481,69,67,2,2
52482,103,120,-17,17
52483,50,56,-6,6
52484,76,77,-1,1
52485,98,98,0,0
52486,63,66,-3,3
52487,69,67,2,2
52488,115,114,1,1
52489,64,64,0,0
52490,80,78,2,2
52491,93,84,9,9
52492,93,92,1,1
52493,107,98,9,9
52494,91,90,1,1
52495,73,85,-12,12
52496,163,149,14,14
52497,82,81,1,1
52498,133,133,0,0
52499,70,80,-10,10
52500,74,78,-4,4
52501,72,73,-1,1
52502,51,51,0,0
52503,192,172,20,20
52504,59,70,-11,11
52505,69,65,4,4
52506,47,51,-4,4
52507,146,157,-11,11
52508,149,136,13,13
52509,96,111,-15,15
52510,73,65,8,8
52511,143,135,8,8
52512,101,107,-6,6
52513,96,97,-1,1
52514,108,117,-9,9
52515,77,78,-1,1
52516,45,52,-7,7
52517,89,96,-7,7
52518,160,150,10,10
52519,97,102,-5,5
52520,82,83,-1,1
52521,80,74,6,6
52522,70,68,2,2
52523,123,114,9,9
52524,109,102,7,7
52525,162,160,2,2
52526,129,128,1,1
52527,80,75,5,5
52528,49,58,-9,9
52529,129,118,11,11
52530,79,73,6,6
52531,89,95,-6,6
52532,92,96,-4,4
52533,87,80,7,7
52534,104,93,11,11
52535,106,91,15,15
52536,169,168,1,1
52537,96,109,-13,13
52538,66,70,-4,4
52539,140,139,1,1
52540,128,121,7,7
52541,82,78,4,4
52542,128,119,9,9
52543,109,114,-5,5
52544,59,63,-4,4
52545,61,63,-2,2
52546,109,90,19,19
52547,72,80,-8,8
52548,57,68,-11,11
52549,94,100,-6,6
52550,86,89,-3,3
52551,57,63,-6,6
52552,142,134,8,8
52553,79,87,-8,8
52554,150,146,4,4
52555,122,134,-12,12
52556,106,113,-7,7
52557,41,53,-12,12
52558,218,202,16,16
52559,106,97,9,9
52560,80,73,7,7
52561,87,88,-1,1
52562,121,131,-10,10
52563,68,67,1,1
52564,79,82,-3,3
52565,63,60,3,3
52566,57,68,-11,11
52567,132,140,-8,8
52568,86,86,0,0
52569,92,88,4,4
52570,187,172,15,15
52571,97,93,4,4
52572,135,133,2,2
52573,126,110,16,16
52574,79,79,0,0
52575,69,80,-11,11
52576,142,145,-3,3
52577,97,92,5,5
52578,104,112,-8,8
52579,112,117,-5,5
52580,168,173,-5,5
52581,145,130,15,15
52582,137,132,5,5
52583,142,132,10,10
52584,81,76,5,5
52585,97,94,3,3
52586,90,80,10,10
52587,121,141,-20,20
52588,71,77,-6,6
52589,61,59,2,2
52590,95,113,-18,18
52591,95,117,-22,22
52592,53,65,-12,12
52593,126,129,-3,3
52594,72,78,-6,6
52595,86,77,9,9
52596,141,145,-4,4
52597,96,102,-6,6
52598,98,105,-7,7
52599,123,122,1,1
52600,46,60,-14,14
52601,95,85,10,10
52602,127,121,6,6
52603,153,136,17,17
52604,115,106,9,9
52605,104,96,8,8
52606,53,58,-5,5
52607,95,89,6,6
52608,88,88,0,0
52609,133,116,17,17
52610,88,87,1,1
52611,25,49,-24,24
52612,142,126,16,16
52613,98,110,-12,12
52614,93,89,4,4
52615,99,93,6,6
52616,152,147,5,5
52617,124,124,0,0
52618,112,118,-6,6
52619,134,120,14,14
52620,104,110,-6,6
52621,86,83,3,3
52622,117,119,-2,2
52623,77,77,0,0
52624,88,89,-1,1
52625,72,70,2,2
52626,87,110,-23,23
52627,80,81,-1,1
52628,103,102,1,1
52629,136,139,-3,3
52630,105,113,-8,8
52631,96,94,2,2
52632,90,82,8,8
52633,53,53,0,0
52634,77,76,1,1
52635,60,60,0,0
52636,115,122,-7,7
52637,93,89,4,4
52638,91,80,11,11
52639,162,162,0,0
52640,115,102,13,13
52641,148,158,-10,10
52642,68,73,-5,5
52643,79,88,-9,9
52644,53,53,0,0
52645,60,60,0,0
52646,63,72,-9,9
52647,102,103,-1,1
52648,111,106,5,5
52649,116,115,1,1
52650,50,50,0,0
52651,113,105,8,8
52652,46,55,-9,9
52653,62,60,2,2
52654,112,112,0,0
52655,58,63,-5,5
52656,85,91,-6,6
52657,111,102,9,9
52658,105,106,-1,1
52659,113,123,-10,10
52660,174,161,13,13
52661,125,120,5,5
52662,109,105,4,4
52663,67,70,-3,3
52664,76,69,7,7
52665,193,230,-37,37
52666,128,127,1,1
52667,88,84,4,4
52668,70,73,-3,3
52669,63,63,0,0
52670,148,138,10,10
52671,89,96,-7,7
52672,152,152,0,0
52673,62,68,-6,6
52674,141,122,19,19
52675,48,54,-6,6
52676,185,174,11,11
52677,89,87,2,2
52678,87,85,2,2
52679,50,69,-19,19
52680,79,73,6,6
52681,124,137,-13,13
52682,109,105,4,4
52683,54,63,-9,9
52684,90,86,4,4
52685,85,89,-4,4
52686,35,98,-63,63
52687,86,83,3,3
52688,47,60,-13,13
52689,103,97,6,6
52690,105,106,-1,1
52691,47,62,-15,15
52692,44,51,-7,7
52693,137,130,7,7
52694,69,77,-8,8
52695,47,50,-3,3
52696,63,61,2,2
52697,118,118,0,0
52698,83,88,-5,5
52699,80,92,-12,12
52700,119,98,21,21
52701,107,117,-10,10
52702,100,115,-15,15
52703,96,101,-5,5
52704,90,96,-6,6
52705,136,132,4,4
52706,142,149,-7,7
52707,82,84,-2,2
52708,64,52,12,12
52709,89,89,0,0
52710,49,56,-7,7
52711,138,126,12,12
52712,74,67,7,7
52713,55,73,-18,18
52714,147,130,17,17
52715,87,92,-5,5
52716,67,78,-11,11
52717,90,83,7,7
52718,72,89,-17,17
52719,110,107,3,3
52720,166,170,-4,4
52721,128,108,20,20
52722,70,76,-6,6
52723,95,99,-4,4
52724,58,55,3,3
52725,95,94,1,1
52726,78,82,-4,4
52727,99,105,-6,6
52728,79,73,6,6
52729,96,85,11,11
52730,87,86,1,1
52731,57,62,-5,5
52732,67,69,-2,2
52733,84,92,-8,8
52734,73,74,-1,1
52735,77,76,1,1
52736,65,66,-1,1
52737,34,50,-16,16
52738,103,98,5,5
52739,117,124,-7,7
52740,73,66,7,7
52741,121,114,7,7
52742,67,74,-7,7
52743,118,100,18,18
52744,145,145,0,0
52745,83,80,3,3
52746,105,102,3,3
52747,81,70,11,11
52748,92,96,-4,4
52749,44,52,-8,8
52750,104,103,1,1
52751,45,53,-8,8
52752,96,93,3,3
52753,115,120,-5,5
52754,91,97,-6,6
52755,64,76,-12,12
52756,63,60,3,3
52757,83,88,-5,5
52758,126,127,-1,1
52759,57,62,-5,5
52760,209,193,16,16
52761,153,135,18,18
52762,57,61,-4,4
52763,70,65,5,5
52764,118,127,-9,9
52765,110,111,-1,1
52766,63,56,7,7
52767,117,112,5,5
52768,151,129,22,22
52769,135,147,-12,12
52770,75,73,2,2
52771,121,115,6,6
52772,142,150,-8,8
52773,107,100,7,7
52774,87,88,-1,1
52775,83,87,-4,4
52776,54,51,3,3
52777,120,118,2,2
52778,75,78,-3,3
52779,116,119,-3,3
52780,80,79,1,1
52781,132,141,-9,9
52782,61,66,-5,5
52783,70,74,-4,4
52784,57,59,-2,2
52785,137,134,3,3
52786,112,97,15,15
52787,77,76,1,1
52788,78,78,0,0
52789,94,97,-3,3
52790,85,89,-4,4
52791,61,62,-1,1
52792,80,77,3,3
52793,116,105,11,11
52794,64,84,-20,20
52795,69,74,-5,5
52796,124,112,12,12
52797,78,67,11,11
52798,109,116,-7,7
52799,90,85,5,5
52800,148,146,2,2
52801,64,71,-7,7
52802,59,62,-3,3
52803,42,55,-13,13
52804,132,129,3,3
52805,132,128,4,4
52806,68,62,6,6
52807,173,182,-9,9
52808,73,68,5,5
52809,88,87,1,1
52810,95,89,6,6
52811,56,61,-5,5
52812,83,72,11,11
52813,131,136,-5,5
52814,65,73,-8,8
52815,77,77,0,0
52816,110,116,-6,6
52817,80,115,-35,35
52818,76,69,7,7
52819,73,77,-4,4
52820,66,69,-3,3
52821,149,136,13,13
52822,55,58,-3,3
52823,60,57,3,3
52824,151,154,-3,3
52825,112,120,-8,8
52826,67,63,4,4
52827,67,81,-14,14
52828,77,85,-8,8
52829,114,120,-6,6
52830,123,135,-12,12
52831,83,80,3,3
52832,42,56,-14,14
52833,104,113,-9,9
52834,90,90,0,0
52835,107,116,-9,9
52836,153,139,14,14
52837,68,63,5,5
52838,41,48,-7,7
52839,82,82,0,0
52840,55,56,-1,1
52841,114,102,12,12
52842,92,88,4,4
52843,90,95,-5,5
52844,70,69,1,1
52845,75,80,-5,5
52846,112,93,19,19
52847,76,78,-2,2
52848,107,82,25,25
52849,96,95,1,1
52850,107,106,1,1
52851,46,54,-8,8
52852,103,114,-11,11
52853,122,118,4,4
52854,117,115,2,2
52855,69,79,-10,10
52856,100,104,-4,4
52857,70,60,10,10
52858,96,104,-8,8
52859,89,86,3,3
52860,112,118,-6,6
52861,93,111,-18,18
52862,104,102,2,2
52863,79,79,0,0
52864,150,141,9,9
52865,145,142,3,3
52866,135,137,-2,2
52867,61,64,-3,3
52868,75,76,-1,1
52869,63,59,4,4
52870,77,79,-2,2
52871,115,124,-9,9
52872,94,91,3,3
52873,60,60,0,0
52874,99,101,-2,2
52875,162,170,-8,8
52876,89,93,-4,4
52877,84,86,-2,2
52878,90,100,-10,10
52879,132,126,6,6
52880,106,98,8,8
52881,50,53,-3,3
52882,66,64,2,2
52883,153,145,8,8
52884,55,55,0,0
52885,92,89,3,3
52886,113,115,-2,2
52887,54,56,-2,2
52888,132,129,3,3
52889,116,103,13,13
52890,88,215,-127,127
52891,127,123,4,4
52892,80,84,-4,4
52893,125,113,12,12
52894,108,100,8,8
52895,104,105,-1,1
52896,62,68,-6,6
52897,76,80,-4,4
52898,77,85,-8,8
52899,120,119,1,1
52900,71,77,-6,6
52901,54,67,-13,13
52902,115,122,-7,7
52903,138,143,-5,5
52904,95,89,6,6
52905,31,47,-16,16
52906,46,55,-9,9
52907,147,130,17,17
52908,129,139,-10,10
52909,82,68,14,14
52910,81,84,-3,3
52911,62,61,1,1
52912,140,135,5,5
52913,101,101,0,0
52914,120,107,13,13
52915,48,48,0,0
52916,132,127,5,5
52917,164,148,16,16
52918,48,61,-13,13
52919,81,94,-13,13
52920,74,76,-2,2
52921,79,91,-12,12
52922,97,99,-2,2
52923,81,89,-8,8
52924,47,54,-7,7
52925,97,101,-4,4
52926,59,66,-7,7
52927,68,63,5,5
52928,67,66,1,1
52929,66,67,-1,1
52930,143,128,15,15
52931,88,83,5,5
52932,96,96,0,0
52933,169,145,24,24
52934,106,95,11,11
52935,106,109,-3,3
52936,78,79,-1,1
52937,107,114,-7,7
52938,132,142,-10,10
52939,88,76,12,12
52940,68,80,-12,12
52941,104,99,5,5
52942,79,77,2,2
52943,96,88,8,8
52944,159,155,4,4
52945,133,140,-7,7
52946,81,82,-1,1
52947,67,73,-6,6
52948,86,88,-2,2
52949,75,76,-1,1
52950,106,110,-4,4
52951,55,64,-9,9
52952,167,151,16,16
52953,33,50,-17,17
52954,114,126,-12,12
52955,153,135,18,18
52956,76,79,-3,3
52957,74,81,-7,7
52958,152,157,-5,5
52959,176,142,34,34
52960,86,81,5,5
52961,191,169,22,22
52962,116,114,2,2
52963,87,83,4,4
52964,133,133,0,0
52965,131,139,-8,8
52966,96,93,3,3
52967,113,119,-6,6
52968,52,55,-3,3
52969,68,76,-8,8
52970,110,108,2,2
52971,58,59,-1,1
52972,104,123,-19,19
52973,93,90,3,3
52974,118,120,-2,2
52975,92,92,0,0
52976,77,80,-3,3
52977,43,50,-7,7
52978,19,49,-30,30
52979,156,138,18,18
52980,145,143,2,2
52981,85,90,-5,5
52982,85,73,12,12
52983,121,114,7,7
52984,76,75,1,1
52985,137,142,-5,5
52986,76,77,-1,1
52987,91,87,4,4
52988,93,88,5,5
52989,133,142,-9,9
52990,128,120,8,8
52991,106,108,-2,2
52992,77,79,-2,2
52993,104,98,6,6
52994,82,82,0,0
52995,77,79,-2,2
52996,91,103,-12,12
52997,73,97,-24,24
52998,144,137,7,7
52999,103,99,4,4
53000,97,114,-17,17
53001,238,220,18,18
53002,87,83,4,4
53003,135,128,7,7
53004,63,64,-1,1
53005,95,89,6,6
53006,42,52,-10,10
53007,69,72,-3,3
53008,98,90,8,8
53009,147,148,-1,1
53010,108,116,-8,8
53011,52,52,0,0
53012,69,64,5,5
53013,92,67,25,25
53014,129,132,-3,3
53015,83,81,2,2
53016,108,114,-6,6
53017,126,133,-7,7
53018,84,83,1,1
53019,86,72,14,14
53020,82,100,-18,18
53021,88,91,-3,3
53022,101,87,14,14
53023,130,122,8,8
53024,83,84,-1,1
53025,118,129,-11,11
53026,106,103,3,3
53027,108,112,-4,4
53028,85,68,17,17
53029,133,122,11,11
53030,77,73,4,4
53031,110,101,9,9
53032,71,80,-9,9
53033,72,78,-6,6
53034,44,50,-6,6
53035,69,64,5,5
53036,106,97,9,9
53037,103,100,3,3
53038,82,78,4,4
53039,119,131,-12,12
53040,94,97,-3,3
53041,67,67,0,0
53042,81,78,3,3
53043,102,100,2,2
53044,68,64,4,4
53045,154,141,13,13
53046,80,75,5,5
53047,120,115,5,5
53048,59,94,-35,35
53049,149,153,-4,4
53050,66,72,-6,6
53051,80,71,9,9
53052,61,64,-3,3
53053,40,49,-9,9
53054,80,84,-4,4
53055,54,53,1,1
53056,90,110,-20,20
53057,107,103,4,4
53058,62,63,-1,1
53059,157,166,-9,9
53060,113,107,6,6
53061,107,118,-11,11
53062,87,74,13,13
53063,90,90,0,0
53064,155,146,9,9
53065,37,55,-18,18
53066,66,73,-7,7
53067,92,97,-5,5
53068,74,70,4,4
53069,38,45,-7,7
53070,83,75,8,8
53071,90,102,-12,12
53072,262,333,-71,71
53073,83,81,2,2
53074,65,61,4,4
53075,84,78,6,6
53076,50,54,-4,4
53077,95,104,-9,9
53078,80,86,-6,6
53079,135,127,8,8
53080,75,73,2,2
53081,79,82,-3,3
53082,179,173,6,6
53083,119,119,0,0
53084,89,76,13,13
53085,58,68,-10,10
53086,98,105,-7,7
53087,58,62,-4,4
53088,62,62,0,0
53089,65,67,-2,2
53090,90,86,4,4
53091,134,123,11,11
53092,61,63,-2,2
53093,142,139,3,3
53094,71,76,-5,5
53095,147,122,25,25
53096,122,123,-1,1
53097,151,144,7,7
53098,105,104,1,1
53099,56,59,-3,3
53100,124,129,-5,5
53101,140,149,-9,9
53102,107,105,2,2
53103,103,109,-6,6
53104,98,88,10,10
53105,63,58,5,5
53106,51,59,-8,8
53107,81,78,3,3
53108,65,72,-7,7
53109,150,146,4,4
53110,134,134,0,0
53111,46,49,-3,3
53112,120,109,11,11
53113,80,84,-4,4
53114,93,91,2,2
53115,176,158,18,18
53116,115,123,-8,8
53117,128,126,2,2
53118,143,135,8,8
53119,55,57,-2,2
53120,85,74,11,11
53121,102,94,8,8
53122,54,55,-1,1
53123,151,126,25,25
53124,83,73,10,10
53125,47,51,-4,4
53126,80,77,3,3
53127,126,117,9,9
53128,105,109,-4,4
53129,103,110,-7,7
53130,70,76,-6,6
53131,64,61,3,3
53132,116,111,5,5
53133,124,137,-13,13
53134,89,86,3,3
53135,73,76,-3,3
53136,131,138,-7,7
53137,120,112,8,8
53138,102,97,5,5
53139,88,82,6,6
53140,82,80,2,2
53141,88,87,1,1
53142,135,117,18,18
53143,119,114,5,5
53144,67,74,-7,7
53145,55,53,2,2
53146,170,167,3,3
53147,125,137,-12,12
53148,132,118,14,14
53149,146,146,0,0
53150,83,80,3,3
53151,85,80,5,5
53152,101,101,0,0
53153,84,88,-4,4
53154,135,128,7,7
53155,54,54,0,0
53156,74,62,12,12
53157,72,71,1,1
53158,112,91,21,21
53159,137,140,-3,3
53160,82,69,13,13
53161,121,108,13,13
53162,83,84,-1,1
53163,112,121,-9,9
53164,66,62,4,4
53165,90,84,6,6
53166,111,119,-8,8
53167,70,77,-7,7
53168,98,104,-6,6
53169,101,98,3,3
53170,108,98,10,10
53171,77,76,1,1
53172,94,99,-5,5
53173,77,82,-5,5
53174,52,62,-10,10
53175,114,115,-1,1
53176,79,77,2,2
53177,43,54,-11,11
53178,110,99,11,11
53179,51,65,-14,14
53180,81,78,3,3
53181,122,113,9,9
53182,128,128,0,0
53183,92,108,-16,16
53184,111,107,4,4
53185,106,95,11,11
53186,56,63,-7,7
53187,137,125,12,12
53188,75,68,7,7
53189,71,71,0,0
53190,67,67,0,0
53191,89,87,2,2
53192,96,98,-2,2
53193,106,108,-2,2
53194,71,71,0,0
53195,128,116,12,12
53196,63,68,-5,5
53197,82,75,7,7
53198,67,72,-5,5
53199,80,81,-1,1
53200,124,119,5,5
53201,117,113,4,4
53202,115,126,-11,11
53203,107,111,-4,4
53204,65,67,-2,2
53205,119,120,-1,1
53206,88,98,-10,10
53207,53,56,-3,3
53208,156,150,6,6
53209,71,69,2,2
53210,89,89,0,0
53211,88,77,11,11
53212,113,111,2,2
53213,43,55,-12,12
53214,106,108,-2,2
53215,85,84,1,1
53216,108,128,-20,20
53217,70,60,10,10
53218,163,157,6,6
53219,102,103,-1,1
53220,74,74,0,0
53221,60,61,-1,1
53222,107,103,4,4
53223,59,78,-19,19
53224,90,72,18,18
53225,134,128,6,6
53226,159,153,6,6
53227,99,89,10,10
53228,75,75,0,0
53229,62,59,3,3
53230,93,90,3,3
53231,101,100,1,1
53232,61,63,-2,2
53233,88,71,17,17
53234,99,106,-7,7
53235,45,56,-11,11
53236,65,70,-5,5
53237,120,108,12,12
53238,85,84,1,1
53239,76,80,-4,4
53240,111,105,6,6
53241,75,75,0,0
53242,96,98,-2,2
53243,134,120,14,14
53244,62,65,-3,3
53245,69,64,5,5
53246,95,94,1,1
53247,93,85,8,8
53248,73,72,1,1
53249,89,75,14,14
53250,59,53,6,6
53251,73,65,8,8
53252,115,118,-3,3
53253,86,84,2,2
53254,141,163,-22,22
53255,109,130,-21,21
53256,112,99,13,13
53257,74,77,-3,3
53258,57,60,-3,3
53259,61,63,-2,2
53260,104,107,-3,3
53261,111,95,16,16
53262,80,80,0,0
53263,107,102,5,5
53264,43,58,-15,15
53265,71,79,-8,8
53266,54,55,-1,1
53267,74,83,-9,9
53268,77,75,2,2
53269,86,102,-16,16
53270,65,68,-3,3
53271,103,90,13,13
53272,67,74,-7,7
53273,77,68,9,9
53274,53,62,-9,9
53275,128,109,19,19
53276,75,78,-3,3
53277,111,138,-27,27
53278,94,93,1,1
53279,93,91,2,2
53280,131,119,12,12
53281,61,91,-30,30
53282,69,67,2,2
53283,70,62,8,8
53284,50,53,-3,3
53285,69,65,4,4
53286,101,93,8,8
53287,86,76,10,10
53288,98,96,2,2
53289,140,109,31,31
53290,88,87,1,1
53291,51,53,-2,2
53292,72,75,-3,3
53293,109,112,-3,3
53294,67,78,-11,11
53295,114,107,7,7
53296,98,90,8,8
53297,98,107,-9,9
53298,107,115,-8,8
53299,133,145,-12,12
53300,161,162,-1,1
53301,161,142,19,19
53302,125,123,2,2
53303,90,90,0,0
53304,112,116,-4,4
53305,61,63,-2,2
53306,186,184,2,2
53307,102,110,-8,8
53308,273,274,-1,1
53309,125,131,-6,6
53310,124,132,-8,8
53311,115,109,6,6
53312,86,83,3,3
53313,67,68,-1,1
53314,90,94,-4,4
53315,146,140,6,6
53316,64,67,-3,3
53317,78,75,3,3
53318,73,70,3,3
53319,132,124,8,8
53320,78,78,0,0
53321,108,117,-9,9
53322,72,67,5,5
53323,112,122,-10,10
53324,110,108,2,2
53325,157,148,9,9
53326,87,81,6,6
53327,63,60,3,3
53328,47,55,-8,8
53329,55,62,-7,7
53330,57,56,1,1
53331,77,80,-3,3
53332,73,70,3,3
53333,52,58,-6,6
53334,60,75,-15,15
53335,171,183,-12,12
53336,153,147,6,6
53337,128,127,1,1
53338,101,97,4,4
53339,58,60,-2,2
53340,67,65,2,2
53341,58,62,-4,4
53342,69,70,-1,1
53343,198,176,22,22
53344,85,78,7,7
53345,96,85,11,11
53346,68,91,-23,23
53347,80,77,3,3
53348,56,63,-7,7
53349,67,67,0,0
53350,57,56,1,1
53351,39,58,-19,19
53352,81,86,-5,5
53353,117,117,0,0
53354,104,106,-2,2
53355,105,112,-7,7
53356,83,82,1,1
53357,135,134,1,1
53358,76,68,8,8
53359,122,114,8,8
53360,78,79,-1,1
53361,37,53,-16,16
53362,134,123,11,11
53363,71,66,5,5
53364,119,117,2,2
53365,23,57,-34,34
53366,145,140,5,5
53367,99,100,-1,1
53368,70,77,-7,7
53369,41,61,-20,20
53370,82,90,-8,8
53371,102,94,8,8
53372,64,63,1,1
53373,60,60,0,0
53374,157,148,9,9
53375,144,129,15,15
53376,107,107,0,0
53377,108,119,-11,11
53378,79,79,0,0
53379,77,85,-8,8
53380,102,96,6,6
53381,62,63,-1,1
53382,87,93,-6,6
53383,156,144,12,12
53384,59,60,-1,1
53385,54,62,-8,8
53386,114,123,-9,9
53387,87,101,-14,14
53388,132,132,0,0
53389,135,134,1,1
53390,126,113,13,13
53391,105,110,-5,5
53392,95,103,-8,8
53393,101,98,3,3
53394,51,59,-8,8
53395,63,72,-9,9
53396,149,146,3,3
53397,72,64,8,8
53398,147,143,4,4
53399,67,64,3,3
53400,106,112,-6,6
53401,98,106,-8,8
53402,100,92,8,8
53403,93,100,-7,7
53404,69,72,-3,3
53405,116,133,-17,17
53406,88,83,5,5
53407,114,139,-25,25
53408,53,57,-4,4
53409,55,57,-2,2
53410,86,95,-9,9
53411,110,100,10,10
53412,82,79,3,3
53413,87,81,6,6
53414,60,56,4,4
53415,59,63,-4,4
53416,72,64,8,8
53417,99,88,11,11
53418,111,98,13,13
53419,105,108,-3,3
53420,110,104,6,6
53421,56,58,-2,2
53422,126,137,-11,11
53423,75,81,-6,6
53424,56,58,-2,2
53425,119,137,-18,18
53426,98,98,0,0
53427,171,170,1,1
53428,169,148,21,21
53429,126,130,-4,4
53430,194,176,18,18
53431,112,107,5,5
53432,73,71,2,2
53433,106,107,-1,1
53434,101,86,15,15
53435,119,111,8,8
53436,96,87,9,9
53437,58,67,-9,9
53438,89,93,-4,4
53439,78,83,-5,5
53440,85,89,-4,4
53441,87,86,1,1
53442,70,73,-3,3
53443,50,65,-15,15
53444,51,59,-8,8
53445,91,84,7,7
53446,79,80,-1,1
53447,98,98,0,0
53448,117,131,-14,14
53449,94,103,-9,9
53450,141,135,6,6
53451,133,138,-5,5
53452,48,50,-2,2
53453,121,121,0,0
53454,90,91,-1,1
53455,50,62,-12,12
53456,69,77,-8,8
53457,90,106,-16,16
53458,83,78,5,5
53459,89,101,-12,12
53460,84,82,2,2
53461,72,61,11,11
53462,65,64,1,1
53463,93,90,3,3
53464,70,67,3,3
53465,68,72,-4,4
53466,128,144,-16,16
53467,102,86,16,16
53468,111,114,-3,3
53469,54,55,-1,1
53470,94,103,-9,9
53471,102,97,5,5
53472,104,97,7,7
53473,90,91,-1,1
53474,96,102,-6,6
53475,119,136,-17,17
53476,80,88,-8,8
53477,77,74,3,3
53478,228,247,-19,19
53479,134,116,18,18
53480,140,158,-18,18
53481,47,52,-5,5
53482,113,110,3,3
53483,58,56,2,2
53484,34,50,-16,16
53485,46,50,-4,4
53486,68,60,8,8
53487,68,68,0,0
53488,43,49,-6,6
53489,74,81,-7,7
53490,88,93,-5,5
53491,130,143,-13,13
53492,112,94,18,18
53493,91,85,6,6
53494,70,71,-1,1
53495,137,128,9,9
53496,67,63,4,4
53497,90,82,8,8
53498,137,125,12,12
53499,83,91,-8,8
53500,105,115,-10,10
53501,78,80,-2,2
53502,93,77,16,16
53503,88,81,7,7
53504,65,63,2,2
53505,105,96,9,9
53506,131,139,-8,8
53507,52,54,-2,2
53508,48,60,-12,12
53509,127,135,-8,8
53510,70,83,-13,13
53511,62,57,5,5
53512,119,121,-2,2
53513,75,76,-1,1
53514,90,84,6,6
53515,60,70,-10,10
53516,133,127,6,6
53517,86,81,5,5
53518,77,82,-5,5
53519,81,79,2,2
53520,98,98,0,0
53521,101,105,-4,4
53522,70,71,-1,1
53523,86,77,9,9
53524,111,116,-5,5
53525,99,98,1,1
53526,62,65,-3,3
53527,111,115,-4,4
53528,57,59,-2,2
53529,93,92,1,1
53530,77,81,-4,4
53531,122,120,2,2
53532,96,101,-5,5
53533,52,54,-2,2
53534,66,58,8,8
53535,102,98,4,4
53536,79,91,-12,12
53537,83,97,-14,14
53538,90,89,1,1
53539,117,106,11,11
53540,87,88,-1,1
53541,127,117,10,10
53542,50,59,-9,9
53543,62,66,-4,4
53544,63,76,-13,13
53545,80,72,8,8
53546,111,136,-25,25
53547,53,54,-1,1
53548,105,105,0,0
53549,97,87,10,10
53550,48,49,-1,1
53551,66,72,-6,6
53552,113,116,-3,3
53553,142,137,5,5
53554,42,48,-6,6
53555,55,53,2,2
53556,111,97,14,14
53557,89,85,4,4
53558,76,87,-11,11
53559,126,119,7,7
53560,103,105,-2,2
53561,53,61,-8,8
53562,90,88,2,2
53563,66,57,9,9
53564,60,67,-7,7
53565,49,56,-7,7
53566,230,208,22,22
53567,64,66,-2,2
53568,104,106,-2,2
53569,82,81,1,1
53570,157,150,7,7
53571,53,54,-1,1
53572,93,98,-5,5
53573,76,69,7,7
53574,61,66,-5,5
53575,100,93,7,7
53576,52,57,-5,5
53577,69,68,1,1
53578,117,116,1,1
53579,124,121,3,3
53580,100,107,-7,7
53581,149,129,20,20
53582,99,99,0,0
53583,120,107,13,13
53584,79,84,-5,5
53585,177,174,3,3
53586,62,66,-4,4
53587,99,94,5,5
53588,157,148,9,9
53589,117,123,-6,6
53590,98,98,0,0
53591,68,63,5,5
53592,85,79,6,6
53593,91,100,-9,9
53594,106,97,9,9
53595,129,127,2,2
53596,134,124,10,10
53597,85,84,1,1
53598,122,127,-5,5
53599,89,88,1,1
53600,46,53,-7,7
53601,91,95,-4,4
53602,136,137,-1,1
53603,52,53,-1,1
53604,98,104,-6,6
53605,98,89,9,9
53606,129,125,4,4
53607,49,54,-5,5
53608,75,71,4,4
53609,70,74,-4,4
53610,102,95,7,7
53611,114,114,0,0
53612,31,54,-23,23
53613,120,110,10,10
53614,108,107,1,1
53615,84,91,-7,7
53616,61,65,-4,4
53617,150,151,-1,1
53618,52,81,-29,29
53619,44,52,-8,8
53620,71,76,-5,5
53621,62,68,-6,6
53622,74,76,-2,2
53623,100,97,3,3
53624,83,88,-5,5
53625,82,87,-5,5
53626,149,132,17,17
53627,113,120,-7,7
53628,99,89,10,10
53629,94,95,-1,1
53630,77,80,-3,3
53631,116,129,-13,13
53632,154,156,-2,2
53633,84,85,-1,1
53634,116,107,9,9
53635,169,161,8,8
53636,126,121,5,5
53637,31,50,-19,19
53638,84,83,1,1
53639,81,76,5,5
53640,109,103,6,6
53641,96,98,-2,2
53642,78,75,3,3
53643,100,98,2,2
53644,101,96,5,5
53645,63,71,-8,8
53646,118,116,2,2
53647,119,111,8,8
53648,70,65,5,5
53649,82,75,7,7
53650,57,59,-2,2
53651,89,90,-1,1
53652,124,115,9,9
53653,67,71,-4,4
53654,87,82,5,5
53655,115,107,8,8
53656,76,70,6,6
53657,63,68,-5,5
53658,105,100,5,5
53659,77,74,3,3
53660,124,128,-4,4
53661,84,76,8,8
53662,52,57,-5,5
53663,55,57,-2,2
53664,120,111,9,9
53665,206,180,26,26
53666,67,73,-6,6
53667,93,95,-2,2
53668,67,68,-1,1
53669,71,64,7,7
53670,87,70,17,17
53671,72,67,5,5
53672,108,107,1,1
53673,116,114,2,2
53674,62,59,3,3
53675,61,71,-10,10
53676,57,63,-6,6
53677,100,93,7,7
53678,78,68,10,10
53679,93,95,-2,2
53680,102,103,-1,1
53681,187,192,-5,5
53682,88,82,6,6
53683,100,101,-1,1
53684,169,169,0,0
53685,160,169,-9,9
53686,142,138,4,4
53687,146,150,-4,4
53688,81,85,-4,4
53689,41,50,-9,9
53690,111,95,16,16
53691,124,118,6,6
53692,114,119,-5,5
53693,133,142,-9,9
53694,88,76,12,12
53695,90,82,8,8
53696,76,79,-3,3
53697,83,93,-10,10
53698,130,126,4,4
53699,48,59,-11,11
53700,85,99,-14,14
53701,77,77,0,0
53702,130,131,-1,1
53703,118,103,15,15
53704,106,103,3,3
53705,67,75,-8,8
53706,111,113,-2,2
53707,94,85,9,9
53708,69,67,2,2
53709,76,94,-18,18
53710,96,86,10,10
53711,84,76,8,8
53712,144,118,26,26
53713,66,78,-12,12
53714,86,84,2,2
53715,56,63,-7,7
53716,103,112,-9,9
53717,154,146,8,8
53718,80,74,6,6
53719,89,88,1,1
53720,63,71,-8,8
53721,90,95,-5,5
53722,102,98,4,4
53723,132,134,-2,2
53724,103,105,-2,2
53725,138,129,9,9
53726,107,102,5,5
53727,84,86,-2,2
53728,158,147,11,11
53729,143,144,-1,1
53730,83,85,-2,2
53731,101,92,9,9
53732,42,50,-8,8
53733,156,145,11,11
53734,96,98,-2,2
53735,124,133,-9,9
53736,91,88,3,3
53737,139,134,5,5
53738,80,77,3,3
53739,95,92,3,3
53740,95,88,7,7
53741,83,88,-5,5
53742,88,91,-3,3
53743,120,122,-2,2
53744,79,80,-1,1
53745,114,109,5,5
53746,54,58,-4,4
53747,72,76,-4,4
53748,122,111,11,11
53749,125,127,-2,2
53750,100,98,2,2
53751,90,100,-10,10
53752,92,93,-1,1
53753,85,83,2,2
53754,115,113,2,2
53755,76,70,6,6
53756,94,103,-9,9
53757,128,114,14,14
53758,49,84,-35,35
53759,134,124,10,10
53760,114,113,1,1
53761,75,72,3,3
53762,71,66,5,5
53763,131,130,1,1
53764,110,107,3,3
53765,113,105,8,8
53766,79,89,-10,10
53767,90,91,-1,1
53768,112,97,15,15
53769,92,92,0,0
53770,141,133,8,8
53771,46,51,-5,5
53772,103,103,0,0
53773,124,126,-2,2
53774,98,93,5,5
53775,106,91,15,15
53776,95,85,10,10
53777,50,53,-3,3
53778,98,91,7,7
53779,127,128,-1,1
53780,147,148,-1,1
53781,136,132,4,4
53782,68,67,1,1
53783,133,127,6,6
53784,112,113,-1,1
53785,73,71,2,2
53786,104,105,-1,1
53787,118,114,4,4
53788,84,93,-9,9
53789,66,67,-1,1
53790,74,73,1,1
53791,71,60,11,11
53792,122,117,5,5
53793,88,89,-1,1
53794,90,97,-7,7
53795,44,55,-11,11
53796,68,80,-12,12
53797,72,80,-8,8
53798,141,137,4,4
53799,84,109,-25,25
53800,120,113,7,7
53801,46,50,-4,4
53802,59,57,2,2
53803,136,131,5,5
53804,47,57,-10,10
53805,57,62,-5,5
53806,64,77,-13,13
53807,114,96,18,18
53808,75,69,6,6
53809,72,74,-2,2
53810,58,53,5,5
53811,70,72,-2,2
53812,146,136,10,10
53813,83,97,-14,14
53814,116,134,-18,18
53815,143,145,-2,2
53816,118,104,14,14
53817,200,173,27,27
53818,116,102,14,14
53819,124,119,5,5
53820,142,147,-5,5
53821,184,165,19,19
53822,137,135,2,2
53823,76,72,4,4
53824,96,92,4,4
53825,52,51,1,1
53826,91,83,8,8
53827,55,55,0,0
53828,95,83,12,12
53829,59,63,-4,4
53830,145,150,-5,5
53831,84,69,15,15
53832,112,115,-3,3
53833,63,75,-12,12
53834,60,64,-4,4
53835,134,132,2,2
53836,88,76,12,12
53837,72,73,-1,1
53838,107,117,-10,10
53839,74,71,3,3
53840,94,83,11,11
53841,84,79,5,5
53842,55,82,-27,27
53843,30,48,-18,18
53844,31,52,-21,21
53845,77,84,-7,7
53846,74,72,2,2
53847,99,85,14,14
53848,148,145,3,3
53849,70,77,-7,7
53850,86,79,7,7
53851,124,141,-17,17
53852,144,143,1,1
53853,77,69,8,8
53854,117,109,8,8
53855,78,71,7,7
53856,53,65,-12,12
53857,105,99,6,6
53858,79,67,12,12
53859,127,119,8,8
53860,94,86,8,8
53861,159,162,-3,3
53862,90,90,0,0
53863,71,76,-5,5
53864,156,149,7,7
53865,140,139,1,1
53866,57,55,2,2
53867,91,90,1,1
53868,61,59,2,2
53869,91,94,-3,3
53870,54,59,-5,5
53871,78,75,3,3
53872,133,120,13,13
53873,121,111,10,10
53874,151,148,3,3
53875,119,117,2,2
53876,76,107,-31,31
53877,98,91,7,7
53878,97,96,1,1
53879,41,49,-8,8
53880,149,167,-18,18
53881,119,115,4,4
53882,80,81,-1,1
53883,67,62,5,5
53884,70,70,0,0
53885,120,111,9,9
53886,125,126,-1,1
53887,76,76,0,0
53888,77,81,-4,4
53889,89,91,-2,2
53890,63,60,3,3
53891,163,158,5,5
53892,51,51,0,0
53893,68,65,3,3
53894,131,136,-5,5
53895,109,109,0,0
53896,61,55,6,6
53897,118,131,-13,13
53898,103,101,2,2
53899,137,121,16,16
53900,93,89,4,4
53901,116,97,19,19
53902,61,65,-4,4
53903,80,83,-3,3
53904,88,88,0,0
53905,121,130,-9,9
53906,63,63,0,0
53907,150,145,5,5
53908,130,129,1,1
53909,112,108,4,4
53910,48,55,-7,7
53911,159,159,0,0
53912,75,70,5,5
53913,66,72,-6,6
53914,75,78,-3,3
53915,70,68,2,2
53916,80,72,8,8
53917,95,94,1,1
53918,57,47,10,10
53919,79,71,8,8
53920,69,64,5,5
53921,60,59,1,1
53922,115,105,10,10
53923,121,97,24,24
53924,71,64,7,7
53925,88,80,8,8
53926,97,96,1,1
53927,56,63,-7,7
53928,107,96,11,11
53929,35,51,-16,16
53930,112,112,0,0
53931,74,76,-2,2
53932,80,81,-1,1
53933,89,105,-16,16
53934,81,87,-6,6
53935,142,142,0,0
53936,109,113,-4,4
53937,118,104,14,14
53938,93,91,2,2
53939,127,128,-1,1
53940,84,86,-2,2
53941,135,134,1,1
53942,128,129,-1,1
53943,88,79,9,9
53944,77,82,-5,5
53945,73,77,-4,4
53946,92,82,10,10
53947,163,168,-5,5
53948,117,109,8,8
53949,186,181,5,5
53950,118,124,-6,6
53951,79,68,11,11
53952,81,82,-1,1
53953,114,129,-15,15
53954,83,80,3,3
53955,89,79,10,10
53956,139,142,-3,3
53957,85,85,0,0
53958,52,56,-4,4
53959,112,103,9,9
53960,79,78,1,1
53961,90,82,8,8
53962,102,102,0,0
53963,86,84,2,2
53964,83,78,5,5
53965,149,141,8,8
53966,50,54,-4,4
53967,73,70,3,3
53968,66,68,-2,2
53969,106,110,-4,4
53970,78,71,7,7
53971,85,84,1,1
53972,97,109,-12,12
53973,50,60,-10,10
53974,126,140,-14,14
53975,83,91,-8,8
53976,98,90,8,8
53977,75,73,2,2
53978,93,90,3,3
53979,143,133,10,10
53980,142,124,18,18
53981,55,63,-8,8
53982,68,64,4,4
53983,61,58,3,3
53984,68,68,0,0
53985,119,102,17,17
53986,85,81,4,4
53987,56,50,6,6
53988,105,113,-8,8
53989,74,74,0,0
53990,61,62,-1,1
53991,125,127,-2,2
53992,49,53,-4,4
53993,117,126,-9,9
53994,109,114,-5,5
53995,108,127,-19,19
53996,153,162,-9,9
53997,59,58,1,1
53998,173,161,12,12
53999,90,89,1,1
54000,102,98,4,4
54001,53,59,-6,6
54002,91,96,-5,5
54003,162,129,33,33
54004,129,127,2,2
54005,110,108,2,2
54006,80,71,9,9
54007,94,85,9,9
54008,107,103,4,4
54009,57,61,-4,4
54010,109,111,-2,2
54011,73,73,0,0
54012,229,212,17,17
54013,170,171,-1,1
54014,70,62,8,8
54015,104,108,-4,4
54016,83,77,6,6
54017,101,97,4,4
54018,86,92,-6,6
54019,108,107,1,1
54020,96,96,0,0
54021,80,85,-5,5
54022,68,70,-2,2
54023,91,86,5,5
54024,112,116,-4,4
54025,122,115,7,7
54026,132,116,16,16
54027,96,97,-1,1
54028,81,89,-8,8
54029,80,91,-11,11
54030,101,93,8,8
54031,117,114,3,3
54032,100,96,4,4
54033,83,98,-15,15
54034,93,92,1,1
54035,103,104,-1,1
54036,48,57,-9,9
54037,110,104,6,6
54038,128,120,8,8
54039,37,52,-15,15
54040,110,121,-11,11
54041,94,93,1,1
54042,127,137,-10,10
54043,70,65,5,5
54044,112,107,5,5
54045,189,188,1,1
54046,95,101,-6,6
54047,123,130,-7,7
54048,152,151,1,1
54049,85,83,2,2
54050,60,66,-6,6
54051,74,68,6,6
54052,89,89,0,0
54053,97,94,3,3
54054,159,147,12,12
54055,90,93,-3,3
54056,76,76,0,0
54057,83,96,-13,13
54058,71,78,-7,7
54059,105,91,14,14
54060,102,102,0,0
54061,161,148,13,13
54062,123,109,14,14
54063,85,84,1,1
54064,41,50,-9,9
54065,165,155,10,10
54066,60,92,-32,32
54067,123,128,-5,5
54068,59,57,2,2
54069,51,50,1,1
54070,160,161,-1,1
54071,134,148,-14,14
54072,87,93,-6,6
54073,91,90,1,1
54074,52,56,-4,4
54075,111,104,7,7
54076,139,144,-5,5
54077,65,68,-3,3
54078,96,92,4,4
54079,92,87,5,5
54080,77,84,-7,7
54081,106,118,-12,12
54082,194,192,2,2
54083,127,124,3,3
54084,121,105,16,16
54085,140,152,-12,12
54086,129,128,1,1
54087,59,63,-4,4
54088,82,89,-7,7
54089,59,64,-5,5
54090,98,93,5,5
54091,214,190,24,24
54092,107,107,0,0
54093,122,127,-5,5
54094,75,71,4,4
54095,52,55,-3,3
54096,129,121,8,8
54097,59,61,-2,2
54098,64,64,0,0
54099,144,134,10,10
54100,99,97,2,2
54101,156,147,9,9
54102,173,168,5,5
54103,82,81,1,1
54104,145,133,12,12
54105,105,96,9,9
54106,102,111,-9,9
54107,69,66,3,3
54108,51,61,-10,10
54109,44,55,-11,11
54110,30,51,-21,21
54111,118,105,13,13
54112,85,77,8,8
54113,70,72,-2,2
54114,61,73,-12,12
54115,69,65,4,4
54116,81,79,2,2
54117,68,62,6,6
54118,149,143,6,6
54119,47,63,-16,16
54120,53,59,-6,6
54121,143,138,5,5
54122,91,98,-7,7
54123,93,96,-3,3
54124,45,53,-8,8
54125,122,123,-1,1
54126,112,105,7,7
54127,165,144,21,21
54128,57,61,-4,4
54129,101,102,-1,1
54130,54,59,-5,5
54131,55,55,0,0
54132,74,70,4,4
54133,95,93,2,2
54134,58,90,-32,32
54135,114,126,-12,12
54136,73,91,-18,18
54137,81,75,6,6
54138,63,59,4,4
54139,139,152,-13,13
54140,96,92,4,4
54141,111,112,-1,1
54142,157,147,10,10
54143,167,168,-1,1
54144,166,144,22,22
54145,115,120,-5,5
54146,80,74,6,6
54147,166,145,21,21
54148,89,85,4,4
54149,69,65,4,4
54150,34,55,-21,21
54151,92,90,2,2
54152,81,89,-8,8
54153,131,136,-5,5
54154,65,69,-4,4
54155,107,109,-2,2
54156,61,64,-3,3
54157,77,83,-6,6
54158,92,98,-6,6
54159,175,180,-5,5
54160,154,155,-1,1
54161,101,105,-4,4
54162,96,90,6,6
54163,82,80,2,2
54164,72,70,2,2
54165,60,67,-7,7
54166,137,125,12,12
54167,44,54,-10,10
54168,77,68,9,9
54169,111,108,3,3
54170,41,54,-13,13
54171,119,108,11,11
54172,83,83,0,0
54173,108,99,9,9
54174,128,114,14,14
54175,76,89,-13,13
54176,41,60,-19,19
54177,79,80,-1,1
54178,175,167,8,8
54179,115,105,10,10
54180,87,93,-6,6
54181,136,126,10,10
54182,76,73,3,3
54183,107,117,-10,10
54184,86,91,-5,5
54185,118,112,6,6
54186,98,92,6,6
54187,73,66,7,7
54188,176,166,10,10
54189,110,99,11,11
54190,73,72,1,1
54191,73,76,-3,3
54192,109,116,-7,7
54193,96,103,-7,7
54194,128,119,9,9
54195,65,62,3,3
54196,81,85,-4,4
54197,76,76,0,0
54198,81,91,-10,10
54199,55,50,5,5
54200,93,91,2,2
54201,138,146,-8,8
54202,127,120,7,7
54203,110,90,20,20
54204,97,89,8,8
54205,106,113,-7,7
54206,70,72,-2,2
54207,84,99,-15,15
54208,103,101,2,2
54209,109,98,11,11
54210,82,78,4,4
54211,82,81,1,1
54212,75,70,5,5
54213,96,94,2,2
54214,74,75,-1,1
54215,50,56,-6,6
54216,80,75,5,5
54217,129,142,-13,13
54218,127,131,-4,4
54219,101,113,-12,12
54220,94,91,3,3
54221,80,81,-1,1
54222,51,55,-4,4
54223,98,102,-4,4
54224,93,95,-2,2
54225,138,135,3,3
54226,127,117,10,10
54227,115,113,2,2
54228,57,58,-1,1
54229,62,61,1,1
54230,125,127,-2,2
54231,74,81,-7,7
54232,104,95,9,9
54233,112,115,-3,3
54234,101,95,6,6
54235,81,71,10,10
54236,58,63,-5,5
54237,98,87,11,11
54238,60,56,4,4
54239,60,63,-3,3
54240,119,109,10,10
54241,92,87,5,5
54242,79,84,-5,5
54243,72,72,0,0
54244,59,64,-5,5
54245,53,57,-4,4
54246,133,129,4,4
54247,81,93,-12,12
54248,167,156,11,11
54249,110,105,5,5
54250,62,61,1,1
54251,77,76,1,1
54252,81,93,-12,12
54253,108,92,16,16
54254,107,99,8,8
54255,56,59,-3,3
54256,74,70,4,4
54257,55,68,-13,13
54258,41,50,-9,9
54259,95,88,7,7
54260,80,83,-3,3
54261,107,106,1,1
54262,89,89,0,0
54263,69,67,2,2
54264,89,83,6,6
54265,125,116,9,9
54266,139,142,-3,3
54267,63,65,-2,2
54268,79,85,-6,6
54269,111,120,-9,9
54270,80,82,-2,2
54271,89,96,-7,7
54272,65,63,2,2
54273,139,135,4,4
54274,105,100,5,5
54275,59,60,-1,1
54276,108,97,11,11
54277,71,73,-2,2
54278,57,66,-9,9
54279,65,63,2,2
54280,66,59,7,7
54281,171,170,1,1
54282,69,89,-20,20
54283,137,123,14,14
54284,62,66,-4,4
54285,92,89,3,3
54286,87,79,8,8
54287,131,127,4,4
54288,160,166,-6,6
54289,78,82,-4,4
54290,82,89,-7,7
54291,152,172,-20,20
54292,34,48,-14,14
54293,80,91,-11,11
54294,201,194,7,7
54295,89,87,2,2
54296,88,93,-5,5
54297,137,134,3,3
54298,58,58,0,0
54299,87,101,-14,14
54300,106,108,-2,2
54301,67,66,1,1
54302,57,54,3,3
54303,83,76,7,7
54304,105,95,10,10
54305,187,159,28,28
54306,92,91,1,1
54307,43,49,-6,6
54308,130,135,-5,5
54309,103,98,5,5
54310,79,79,0,0
54311,176,172,4,4
54312,120,110,10,10
54313,75,72,3,3
54314,75,68,7,7
54315,77,67,10,10
54316,87,82,5,5
54317,49,63,-14,14
54318,164,143,21,21
54319,142,132,10,10
54320,136,135,1,1
54321,51,60,-9,9
54322,79,80,-1,1
54323,173,170,3,3
54324,118,116,2,2
54325,75,77,-2,2
54326,87,92,-5,5
54327,66,65,1,1
54328,67,68,-1,1
54329,124,121,3,3
54330,62,62,0,0
54331,88,97,-9,9
54332,87,83,4,4
54333,125,130,-5,5
54334,107,84,23,23
54335,65,61,4,4
54336,50,57,-7,7
54337,80,72,8,8
54338,166,165,1,1
54339,142,138,4,4
54340,171,169,2,2
54341,57,58,-1,1
54342,87,86,1,1
54343,106,96,10,10
54344,95,103,-8,8
54345,108,98,10,10
54346,105,97,8,8
54347,112,109,3,3
54348,101,91,10,10
54349,89,88,1,1
54350,49,54,-5,5
54351,84,82,2,2
54352,101,101,0,0
54353,66,64,2,2
54354,83,76,7,7
54355,58,58,0,0
54356,85,89,-4,4
54357,91,118,-27,27
54358,53,68,-15,15
54359,94,94,0,0
54360,97,80,17,17
54361,76,72,4,4
54362,45,57,-12,12
54363,49,52,-3,3
54364,150,148,2,2
54365,104,100,4,4
54366,111,117,-6,6
54367,68,61,7,7
54368,93,99,-6,6
54369,100,103,-3,3
54370,107,107,0,0
54371,121,122,-1,1
54372,60,68,-8,8
54373,134,137,-3,3
54374,127,124,3,3
54375,76,76,0,0
54376,122,110,12,12
54377,71,69,2,2
54378,73,77,-4,4
54379,74,68,6,6
54380,133,133,0,0
54381,78,73,5,5
54382,60,75,-15,15
54383,112,131,-19,19
54384,87,97,-10,10
54385,105,96,9,9
54386,62,65,-3,3
54387,76,73,3,3
54388,124,117,7,7
54389,108,117,-9,9
54390,63,61,2,2
54391,192,183,9,9
54392,63,78,-15,15
54393,94,96,-2,2
54394,76,94,-18,18
54395,153,150,3,3
54396,145,141,4,4
54397,118,126,-8,8
54398,144,152,-8,8
54399,80,86,-6,6
54400,81,76,5,5
54401,167,145,22,22
54402,112,90,22,22
54403,87,91,-4,4
54404,114,85,29,29
54405,96,99,-3,3
54406,72,69,3,3
54407,148,150,-2,2
54408,105,107,-2,2
54409,138,146,-8,8
54410,80,80,0,0
54411,79,85,-6,6
54412,92,87,5,5
54413,104,107,-3,3
54414,60,73,-13,13
54415,179,163,16,16
54416,86,84,2,2
54417,32,65,-33,33
54418,134,109,25,25
54419,71,70,1,1
54420,93,92,1,1
54421,112,113,-1,1
54422,117,116,1,1
54423,112,111,1,1
54424,83,85,-2,2
54425,111,113,-2,2
54426,143,141,2,2
54427,84,93,-9,9
54428,58,63,-5,5
54429,78,80,-2,2
54430,116,106,10,10
54431,120,110,10,10
54432,102,91,11,11
54433,155,104,51,51
54434,106,108,-2,2
54435,79,70,9,9
54436,111,116,-5,5
54437,72,71,1,1
54438,59,57,2,2
54439,139,146,-7,7
54440,119,111,8,8
54441,100,97,3,3
54442,59,73,-14,14
54443,67,74,-7,7
54444,149,154,-5,5
54445,74,71,3,3
54446,96,98,-2,2
54447,196,200,-4,4
54448,144,147,-3,3
54449,101,96,5,5
54450,80,94,-14,14
54451,76,86,-10,10
54452,96,99,-3,3
54453,112,104,8,8
54454,73,92,-19,19
54455,126,126,0,0
54456,92,86,6,6
54457,125,132,-7,7
54458,64,68,-4,4
54459,146,144,2,2
54460,77,94,-17,17
54461,148,146,2,2
54462,126,125,1,1
54463,95,99,-4,4
54464,58,54,4,4
54465,146,136,10,10
54466,148,132,16,16
54467,104,105,-1,1
54468,129,117,12,12
54469,60,57,3,3
54470,83,83,0,0
54471,67,56,11,11
54472,132,121,11,11
54473,82,90,-8,8
54474,34,59,-25,25
54475,76,81,-5,5
54476,116,123,-7,7
54477,119,125,-6,6
54478,96,100,-4,4
54479,138,131,7,7
54480,80,78,2,2
54481,109,113,-4,4
54482,103,98,5,5
54483,57,61,-4,4
54484,41,47,-6,6
54485,121,119,2,2
54486,87,79,8,8
54487,125,123,2,2
54488,82,92,-10,10
54489,36,48,-12,12
54490,63,60,3,3
54491,112,108,4,4
54492,90,81,9,9
54493,110,118,-8,8
54494,184,169,15,15
54495,97,97,0,0
54496,64,68,-4,4
54497,115,103,12,12
54498,85,82,3,3
54499,60,63,-3,3
54500,68,74,-6,6
54501,118,115,3,3
54502,56,67,-11,11
54503,49,65,-16,16
54504,92,96,-4,4
54505,62,62,0,0
54506,131,121,10,10
54507,125,124,1,1
54508,146,148,-2,2
54509,78,79,-1,1
54510,69,67,2,2
54511,76,69,7,7
54512,66,67,-1,1
54513,71,73,-2,2
54514,97,103,-6,6
54515,264,256,8,8
54516,38,50,-12,12
54517,134,140,-6,6
54518,70,67,3,3
54519,67,68,-1,1
54520,128,124,4,4
54521,138,106,32,32
54522,101,113,-12,12
54523,76,73,3,3
54524,42,51,-9,9
54525,138,124,14,14
54526,126,121,5,5
54527,80,79,1,1
54528,61,58,3,3
54529,105,92,13,13
54530,113,112,1,1
54531,96,100,-4,4
54532,97,97,0,0
54533,74,84,-10,10
54534,129,131,-2,2
54535,83,77,6,6
54536,87,81,6,6
54537,72,66,6,6
54538,120,112,8,8
54539,95,116,-21,21
54540,62,67,-5,5
54541,54,61,-7,7
54542,80,85,-5,5
54543,109,97,12,12
54544,90,83,7,7
54545,30,43,-13,13
54546,103,101,2,2
54547,91,103,-12,12
54548,92,83,9,9
54549,79,86,-7,7
54550,120,120,0,0
54551,131,127,4,4
54552,91,90,1,1
54553,64,62,2,2
54554,106,107,-1,1
54555,81,80,1,1
54556,86,83,3,3
54557,190,196,-6,6
54558,80,74,6,6
54559,108,116,-8,8
54560,136,143,-7,7
54561,84,81,3,3
54562,122,122,0,0
54563,80,73,7,7
54564,80,73,7,7
54565,143,138,5,5
54566,31,53,-22,22
54567,96,93,3,3
54568,74,64,10,10
54569,130,124,6,6
54570,99,96,3,3
54571,90,97,-7,7
54572,89,83,6,6
54573,122,108,14,14
54574,116,117,-1,1
54575,111,116,-5,5
54576,129,116,13,13
54577,97,99,-2,2
54578,122,105,17,17
54579,94,117,-23,23
54580,78,82,-4,4
54581,101,95,6,6
54582,77,80,-3,3
54583,99,112,-13,13
54584,91,108,-17,17
54585,74,73,1,1
54586,120,117,3,3
54587,109,103,6,6
54588,54,62,-8,8
54589,105,95,10,10
54590,140,150,-10,10
54591,175,168,7,7
54592,103,95,8,8
54593,80,84,-4,4
54594,71,78,-7,7
54595,101,94,7,7
54596,91,91,0,0
54597,75,87,-12,12
54598,51,53,-2,2
54599,59,59,0,0
54600,108,102,6,6
54601,198,181,17,17
54602,48,48,0,0
54603,117,118,-1,1
54604,44,46,-2,2
54605,105,106,-1,1
54606,78,82,-4,4
54607,92,100,-8,8
54608,89,87,2,2
54609,68,63,5,5
54610,50,63,-13,13
54611,83,74,9,9
54612,71,69,2,2
54613,96,117,-21,21
54614,146,139,7,7
54615,134,108,26,26
54616,73,102,-29,29
54617,84,108,-24,24
54618,86,90,-4,4
54619,152,145,7,7
54620,59,58,1,1
54621,183,174,9,9
54622,50,56,-6,6
54623,83,83,0,0
54624,103,95,8,8
54625,63,65,-2,2
54626,58,60,-2,2
54627,79,75,4,4
54628,65,89,-24,24
54629,50,55,-5,5
54630,89,81,8,8
54631,132,120,12,12
54632,91,99,-8,8
54633,79,81,-2,2
54634,89,78,11,11
54635,117,125,-8,8
54636,89,82,7,7
54637,109,115,-6,6
54638,124,119,5,5
54639,97,92,5,5
54640,131,133,-2,2
54641,86,84,2,2
54642,77,75,2,2
54643,96,99,-3,3
54644,94,92,2,2
54645,74,72,2,2
54646,129,127,2,2
54647,104,99,5,5
54648,113,123,-10,10
54649,99,97,2,2
54650,63,55,8,8
54651,95,93,2,2
54652,68,78,-10,10
54653,194,164,30,30
54654,99,109,-10,10
54655,123,139,-16,16
54656,119,114,5,5
54657,108,98,10,10
54658,66,80,-14,14
54659,60,66,-6,6
54660,58,64,-6,6
54661,183,172,11,11
54662,190,182,8,8
54663,165,150,15,15
54664,80,86,-6,6
54665,166,160,6,6
54666,123,130,-7,7
54667,131,133,-2,2
54668,62,68,-6,6
54669,83,71,12,12
54670,125,114,11,11
54671,103,111,-8,8
54672,101,107,-6,6
54673,95,91,4,4
54674,59,62,-3,3
54675,107,100,7,7
54676,79,69,10,10
54677,87,77,10,10
54678,84,86,-2,2
54679,67,68,-1,1
54680,75,74,1,1
54681,85,78,7,7
54682,89,80,9,9
54683,105,116,-11,11
54684,71,70,1,1
54685,150,135,15,15
54686,59,65,-6,6
54687,86,85,1,1
54688,85,84,1,1
54689,110,114,-4,4
54690,76,71,5,5
54691,100,99,1,1
54692,109,99,10,10
54693,110,110,0,0
54694,97,109,-12,12
54695,109,113,-4,4
54696,188,182,6,6
54697,52,58,-6,6
54698,56,59,-3,3
54699,87,86,1,1
54700,72,72,0,0
54701,171,168,3,3
54702,109,104,5,5
54703,86,88,-2,2
54704,140,135,5,5
54705,113,111,2,2
54706,89,89,0,0
54707,102,98,4,4
54708,82,77,5,5
54709,87,82,5,5
54710,85,86,-1,1
54711,150,142,8,8
54712,151,133,18,18
54713,65,73,-8,8
54714,150,148,2,2
54715,102,101,1,1
54716,88,83,5,5
54717,108,110,-2,2
54718,38,53,-15,15
54719,123,123,0,0
54720,92,79,13,13
54721,120,115,5,5
54722,108,99,9,9
54723,72,65,7,7
54724,62,61,1,1
54725,105,106,-1,1
54726,71,83,-12,12
54727,99,91,8,8
54728,88,85,3,3
54729,79,89,-10,10
54730,86,85,1,1
54731,116,102,14,14
54732,74,79,-5,5
54733,93,99,-6,6
54734,198,172,26,26
54735,96,93,3,3
54736,78,75,3,3
54737,57,54,3,3
54738,45,55,-10,10
54739,140,139,1,1
54740,76,74,2,2
54741,88,90,-2,2
54742,127,129,-2,2
54743,50,58,-8,8
54744,101,111,-10,10
54745,71,77,-6,6
54746,141,131,10,10
54747,110,120,-10,10
54748,144,133,11,11
54749,114,125,-11,11
54750,66,64,2,2
54751,90,98,-8,8
54752,83,79,4,4
54753,143,131,12,12
54754,81,75,6,6
54755,41,55,-14,14
54756,165,160,5,5
54757,92,98,-6,6
54758,43,66,-23,23
54759,84,73,11,11
54760,58,71,-13,13
54761,74,68,6,6
54762,102,81,21,21
54763,62,72,-10,10
54764,115,108,7,7
54765,93,100,-7,7
54766,155,143,12,12
54767,173,179,-6,6
54768,145,140,5,5
54769,75,75,0,0
54770,116,107,9,9
54771,114,122,-8,8
54772,115,120,-5,5
54773,123,120,3,3
54774,86,99,-13,13
54775,95,90,5,5
54776,59,56,3,3
54777,123,123,0,0
54778,111,116,-5,5
54779,109,127,-18,18
54780,92,87,5,5
54781,118,133,-15,15
54782,42,48,-6,6
54783,65,64,1,1
54784,74,72,2,2
54785,144,149,-5,5
54786,139,132,7,7
54787,71,74,-3,3
54788,66,63,3,3
54789,81,82,-1,1
54790,103,111,-8,8
54791,65,62,3,3
54792,137,151,-14,14
54793,86,89,-3,3
54794,64,51,13,13
54795,96,96,0,0
54796,76,87,-11,11
54797,56,58,-2,2
54798,59,64,-5,5
54799,70,71,-1,1
54800,79,74,5,5
54801,92,85,7,7
54802,64,75,-11,11
54803,141,146,-5,5
54804,111,112,-1,1
54805,123,109,14,14
54806,55,58,-3,3
54807,58,58,0,0
54808,105,88,17,17
54809,124,112,12,12
54810,76,72,4,4
54811,72,87,-15,15
54812,68,80,-12,12
54813,39,52,-13,13
54814,83,74,9,9
54815,90,86,4,4
54816,84,72,12,12
54817,131,119,12,12
54818,100,90,10,10
54819,68,70,-2,2
54820,199,184,15,15
54821,111,108,3,3
54822,63,59,4,4
54823,112,112,0,0
54824,58,60,-2,2
54825,167,162,5,5
54826,167,158,9,9
54827,204,188,16,16
54828,88,89,-1,1
54829,112,121,-9,9
54830,109,110,-1,1
54831,74,65,9,9
54832,118,121,-3,3
54833,114,114,0,0
54834,52,53,-1,1
54835,79,78,1,1
54836,63,61,2,2
54837,34,49,-15,15
54838,75,77,-2,2
54839,66,63,3,3
54840,165,178,-13,13
54841,140,108,32,32
54842,68,69,-1,1
54843,119,113,6,6
54844,109,107,2,2
54845,79,76,3,3
54846,96,83,13,13
54847,96,94,2,2
54848,58,55,3,3
54849,99,98,1,1
54850,68,72,-4,4
54851,61,63,-2,2
54852,89,94,-5,5
54853,135,131,4,4
54854,60,62,-2,2
54855,92,90,2,2
54856,84,76,8,8
54857,84,89,-5,5
54858,94,92,2,2
54859,101,111,-10,10
54860,119,117,2,2
54861,139,152,-13,13
54862,84,83,1,1
54863,204,161,43,43
54864,97,95,2,2
54865,79,85,-6,6
54866,101,104,-3,3
54867,86,83,3,3
54868,84,78,6,6
54869,67,67,0,0
54870,98,98,0,0
54871,79,77,2,2
54872,90,80,10,10
54873,62,63,-1,1
54874,65,69,-4,4
54875,62,69,-7,7
54876,41,47,-6,6
54877,140,127,13,13
54878,167,159,8,8
54879,129,129,0,0
54880,170,191,-21,21
54881,76,75,1,1
54882,88,86,2,2
54883,57,60,-3,3
54884,55,57,-2,2
54885,81,75,6,6
54886,142,132,10,10
54887,118,111,7,7
54888,66,62,4,4
54889,61,68,-7,7
54890,97,99,-2,2
54891,88,86,2,2
54892,101,101,0,0
54893,64,65,-1,1
54894,116,114,2,2
54895,90,84,6,6
54896,87,96,-9,9
54897,98,86,12,12
54898,111,112,-1,1
54899,67,64,3,3
54900,51,56,-5,5
54901,123,125,-2,2
54902,59,61,-2,2
54903,67,64,3,3
54904,48,57,-9,9
54905,52,65,-13,13
54906,180,185,-5,5
54907,61,66,-5,5
54908,162,153,9,9
54909,76,79,-3,3
54910,57,56,1,1
54911,90,87,3,3
54912,55,64,-9,9
54913,103,112,-9,9
54914,72,78,-6,6
54915,70,61,9,9
54916,154,141,13,13
54917,113,115,-2,2
54918,108,106,2,2
54919,50,64,-14,14
54920,45,60,-15,15
54921,71,62,9,9
54922,132,127,5,5
54923,164,159,5,5
54924,100,100,0,0
54925,46,53,-7,7
54926,85,80,5,5
54927,88,82,6,6
54928,107,114,-7,7
54929,84,82,2,2
54930,48,54,-6,6
54931,98,99,-1,1
54932,154,151,3,3
54933,115,116,-1,1
54934,69,72,-3,3
54935,47,57,-10,10
54936,79,71,8,8
54937,74,71,3,3
54938,77,81,-4,4
54939,52,57,-5,5
54940,146,140,6,6
54941,74,82,-8,8
54942,122,119,3,3
54943,83,107,-24,24
54944,134,107,27,27
54945,113,123,-10,10
54946,113,108,5,5
54947,100,113,-13,13
54948,77,77,0,0
54949,91,86,5,5
54950,112,146,-34,34
54951,109,101,8,8
54952,97,91,6,6
54953,156,155,1,1
54954,128,121,7,7
54955,88,90,-2,2
54956,68,67,1,1
54957,69,67,2,2
54958,137,138,-1,1
54959,68,79,-11,11
54960,65,68,-3,3
54961,93,88,5,5
54962,58,58,0,0
54963,55,62,-7,7
54964,121,119,2,2
54965,133,137,-4,4
54966,50,56,-6,6
54967,228,212,16,16
54968,101,92,9,9
54969,51,52,-1,1
54970,89,88,1,1
54971,63,73,-10,10
54972,70,80,-10,10
54973,41,51,-10,10
54974,114,110,4,4
54975,65,64,1,1
54976,83,84,-1,1
54977,61,63,-2,2
54978,68,74,-6,6
54979,107,107,0,0
54980,70,144,-74,74
54981,122,106,16,16
54982,44,56,-12,12
54983,138,138,0,0
54984,178,179,-1,1
54985,94,87,7,7
54986,107,94,13,13
54987,63,63,0,0
54988,84,97,-13,13
54989,124,117,7,7
54990,68,84,-16,16
54991,78,81,-3,3
54992,177,174,3,3
54993,49,60,-11,11
54994,60,65,-5,5
54995,63,76,-13,13
54996,39,64,-25,25
54997,88,89,-1,1
54998,150,151,-1,1
54999,105,103,2,2
55000,88,83,5,5
55001,58,63,-5,5
55002,47,52,-5,5
55003,135,122,13,13
55004,101,93,8,8
55005,61,63,-2,2
55006,114,103,11,11
55007,75,71,4,4
55008,88,79,9,9
55009,69,66,3,3
55010,95,88,7,7
55011,120,137,-17,17
55012,148,160,-12,12
55013,80,80,0,0
55014,54,55,-1,1
55015,85,83,2,2
55016,123,99,24,24
55017,101,102,-1,1
55018,108,114,-6,6
55019,62,66,-4,4
55020,68,82,-14,14
55021,55,60,-5,5
55022,103,104,-1,1
55023,115,108,7,7
55024,94,88,6,6
55025,77,75,2,2
55026,146,134,12,12
55027,62,65,-3,3
55028,57,57,0,0
55029,204,195,9,9
55030,52,64,-12,12
55031,111,130,-19,19
55032,67,63,4,4
55033,116,112,4,4
55034,168,169,-1,1
55035,47,49,-2,2
55036,75,69,6,6
55037,92,93,-1,1
55038,139,144,-5,5
55039,130,136,-6,6
55040,118,108,10,10
55041,72,74,-2,2
55042,90,95,-5,5
55043,104,81,23,23
55044,99,105,-6,6
55045,98,97,1,1
55046,84,87,-3,3
55047,106,90,16,16
55048,69,68,1,1
55049,72,76,-4,4
55050,86,84,2,2
55051,122,111,11,11
55052,103,88,15,15
55053,113,116,-3,3
55054,70,64,6,6
55055,73,90,-17,17
55056,79,75,4,4
55057,102,92,10,10
55058,79,77,2,2
55059,67,69,-2,2
55060,61,60,1,1
55061,78,84,-6,6
55062,83,79,4,4
55063,91,83,8,8
55064,49,60,-11,11
55065,64,63,1,1
55066,76,77,-1,1
55067,155,153,2,2
55068,90,88,2,2
55069,78,110,-32,32
55070,67,75,-8,8
55071,112,111,1,1
55072,90,88,2,2
55073,98,96,2,2
55074,93,92,1,1
55075,103,105,-2,2
55076,64,65,-1,1
55077,94,96,-2,2
55078,58,61,-3,3
55079,76,82,-6,6
55080,153,148,5,5
55081,96,88,8,8
55082,151,154,-3,3
55083,60,67,-7,7
55084,87,83,4,4
55085,30,48,-18,18
55086,83,75,8,8
55087,107,114,-7,7
55088,114,105,9,9
55089,74,71,3,3
55090,99,116,-17,17
55091,120,119,1,1
55092,89,87,2,2
55093,215,205,10,10
55094,53,58,-5,5
55095,74,74,0,0
55096,112,106,6,6
55097,76,77,-1,1
55098,69,69,0,0
55099,146,136,10,10
55100,92,89,3,3
55101,72,74,-2,2
55102,184,170,14,14
55103,50,51,-1,1
55104,82,76,6,6
55105,90,86,4,4
55106,152,143,9,9
55107,41,59,-18,18
55108,149,144,5,5
55109,83,79,4,4
55110,45,57,-12,12
55111,225,208,17,17
55112,169,160,9,9
55113,44,52,-8,8
55114,118,125,-7,7
55115,108,103,5,5
55116,125,121,4,4
55117,124,124,0,0
55118,65,81,-16,16
55119,164,151,13,13
55120,138,139,-1,1
55121,87,87,0,0
55122,51,57,-6,6
55123,98,105,-7,7
55124,64,67,-3,3
55125,63,69,-6,6
55126,101,101,0,0
55127,90,83,7,7
55128,104,96,8,8
55129,140,135,5,5
55130,121,113,8,8
55131,107,105,2,2
55132,85,87,-2,2
55133,116,117,-1,1
55134,55,65,-10,10
55135,74,82,-8,8
55136,178,148,30,30
55137,134,118,16,16
55138,62,63,-1,1
55139,113,111,2,2
55140,75,68,7,7
55141,84,81,3,3
55142,88,78,10,10
55143,68,82,-14,14
55144,46,51,-5,5
55145,150,167,-17,17
55146,99,79,20,20
55147,108,102,6,6
55148,118,83,35,35
55149,48,56,-8,8
55150,104,89,15,15
55151,73,62,11,11
55152,109,104,5,5
55153,62,66,-4,4
55154,91,81,10,10
55155,119,119,0,0
55156,157,157,0,0
55157,117,112,5,5
55158,60,66,-6,6
55159,90,90,0,0
55160,102,100,2,2
55161,100,91,9,9
55162,99,96,3,3
55163,108,95,13,13
55164,90,85,5,5
55165,120,117,3,3
55166,97,96,1,1
55167,78,77,1,1
55168,105,102,3,3
55169,160,153,7,7
55170,143,136,7,7
55171,112,117,-5,5
55172,152,157,-5,5
55173,153,145,8,8
55174,65,61,4,4
55175,66,69,-3,3
55176,63,68,-5,5
55177,55,81,-26,26
55178,75,75,0,0
55179,91,84,7,7
55180,81,79,2,2
55181,138,127,11,11
55182,120,111,9,9
55183,86,84,2,2
55184,75,73,2,2
55185,15,42,-27,27
55186,71,70,1,1
55187,158,149,9,9
55188,102,86,16,16
55189,58,58,0,0
55190,54,60,-6,6
55191,77,94,-17,17
55192,82,75,7,7
55193,69,68,1,1
55194,92,98,-6,6
55195,132,139,-7,7
55196,109,109,0,0
55197,192,179,13,13
55198,62,61,1,1
55199,41,51,-10,10
55200,120,117,3,3
55201,82,81,1,1
55202,116,108,8,8
55203,44,55,-11,11
55204,87,83,4,4
55205,63,72,-9,9
55206,75,78,-3,3
55207,106,95,11,11
55208,198,190,8,8
55209,87,78,9,9
55210,45,52,-7,7
55211,95,91,4,4
55212,128,124,4,4
55213,72,69,3,3
55214,80,84,-4,4
55215,144,155,-11,11
55216,83,78,5,5
55217,138,141,-3,3
55218,107,96,11,11
55219,42,55,-13,13
55220,105,105,0,0
55221,129,122,7,7
55222,78,79,-1,1
55223,157,142,15,15
55224,135,131,4,4
55225,38,50,-12,12
55226,174,161,13,13
55227,83,83,0,0
55228,79,70,9,9
55229,172,169,3,3
55230,76,65,11,11
55231,106,98,8,8
55232,102,106,-4,4
55233,60,66,-6,6
55234,160,151,9,9
55235,58,60,-2,2
55236,66,71,-5,5
55237,93,91,2,2
55238,97,88,9,9
55239,99,107,-8,8
55240,232,231,1,1
55241,111,105,6,6
55242,57,66,-9,9
55243,92,102,-10,10
55244,70,68,2,2
55245,58,69,-11,11
55246,58,54,4,4
55247,80,83,-3,3
55248,119,106,13,13
55249,111,105,6,6
55250,73,74,-1,1
55251,72,70,2,2
55252,98,90,8,8
55253,114,121,-7,7
55254,115,106,9,9
55255,180,62,118,118
55256,137,148,-11,11
55257,106,92,14,14
55258,116,118,-2,2
55259,161,155,6,6
55260,53,55,-2,2
55261,160,152,8,8
55262,105,110,-5,5
55263,85,83,2,2
55264,137,140,-3,3
55265,78,80,-2,2
55266,152,156,-4,4
55267,107,98,9,9
55268,61,61,0,0
55269,113,97,16,16
55270,145,143,2,2
55271,125,117,8,8
55272,63,65,-2,2
55273,83,88,-5,5
55274,139,123,16,16
55275,79,73,6,6
55276,136,135,1,1
55277,77,78,-1,1
55278,101,93,8,8
55279,54,62,-8,8
55280,103,103,0,0
55281,84,76,8,8
55282,62,62,0,0
55283,149,154,-5,5
55284,52,54,-2,2
55285,143,143,0,0
55286,185,179,6,6
55287,121,111,10,10
55288,93,107,-14,14
55289,89,85,4,4
55290,71,68,3,3
55291,96,87,9,9
55292,92,81,11,11
55293,132,128,4,4
55294,110,116,-6,6
55295,81,83,-2,2
55296,138,130,8,8
55297,121,127,-6,6
55298,136,127,9,9
55299,108,119,-11,11
55300,102,98,4,4
55301,107,116,-9,9
55302,123,120,3,3
55303,78,76,2,2
55304,123,131,-8,8
55305,191,175,16,16
55306,83,72,11,11
55307,66,72,-6,6
55308,147,138,9,9
55309,75,68,7,7
55310,142,151,-9,9
55311,54,59,-5,5
55312,79,83,-4,4
55313,65,54,11,11
55314,69,69,0,0
55315,92,90,2,2
55316,116,95,21,21
55317,138,112,26,26
55318,60,64,-4,4
55319,113,111,2,2
55320,107,106,1,1
55321,71,80,-9,9
55322,87,80,7,7
55323,66,72,-6,6
55324,115,117,-2,2
55325,88,89,-1,1
55326,59,66,-7,7
55327,109,103,6,6
55328,101,102,-1,1
55329,99,90,9,9
55330,84,81,3,3
55331,79,72,7,7
55332,144,126,18,18
55333,74,79,-5,5
55334,67,68,-1,1
55335,79,81,-2,2
55336,69,66,3,3
55337,64,70,-6,6
55338,74,63,11,11
55339,122,148,-26,26
55340,88,94,-6,6
55341,85,100,-15,15
55342,135,151,-16,16
55343,150,138,12,12
55344,120,119,1,1
55345,85,82,3,3
55346,87,90,-3,3
55347,69,74,-5,5
55348,136,124,12,12
55349,139,116,23,23
55350,81,82,-1,1
55351,88,89,-1,1
55352,117,114,3,3
55353,127,139,-12,12
55354,83,85,-2,2
55355,53,55,-2,2
55356,41,50,-9,9
55357,97,97,0,0
55358,169,169,0,0
55359,112,104,8,8
55360,38,50,-12,12
55361,84,87,-3,3
55362,67,69,-2,2
55363,92,84,8,8
55364,110,107,3,3
55365,88,98,-10,10
55366,78,73,5,5
55367,84,90,-6,6
55368,69,73,-4,4
55369,99,94,5,5
55370,101,112,-11,11
55371,86,85,1,1
55372,102,105,-3,3
55373,60,55,5,5
55374,54,60,-6,6
55375,111,117,-6,6
55376,138,131,7,7
55377,82,74,8,8
55378,96,111,-15,15
55379,62,65,-3,3
55380,161,158,3,3
55381,73,77,-4,4
55382,92,87,5,5
55383,115,115,0,0
55384,150,146,4,4
55385,78,78,0,0
55386,93,91,2,2
55387,80,77,3,3
55388,88,98,-10,10
55389,89,89,0,0
55390,107,105,2,2
55391,76,69,7,7
55392,115,121,-6,6
55393,96,97,-1,1
55394,119,117,2,2
55395,56,61,-5,5
55396,100,108,-8,8
55397,101,91,10,10
55398,89,82,7,7
55399,75,78,-3,3
55400,106,102,4,4
55401,68,72,-4,4
55402,69,63,6,6
55403,83,78,5,5
55404,85,91,-6,6
55405,130,129,1,1
55406,64,63,1,1
55407,44,55,-11,11
55408,83,73,10,10
55409,54,92,-38,38
55410,130,116,14,14
55411,91,95,-4,4
55412,59,75,-16,16
55413,109,99,10,10
55414,145,146,-1,1
55415,65,59,6,6
55416,50,47,3,3
55417,147,138,9,9
55418,90,94,-4,4
55419,143,147,-4,4
55420,97,94,3,3
55421,111,109,2,2
55422,63,60,3,3
55423,70,86,-16,16
55424,109,95,14,14
55425,108,118,-10,10
55426,149,146,3,3
55427,98,94,4,4
55428,137,133,4,4
55429,45,52,-7,7
55430,95,92,3,3
55431,59,73,-14,14
55432,71,68,3,3
55433,117,119,-2,2
55434,73,76,-3,3
55435,80,78,2,2
55436,168,140,28,28
55437,149,158,-9,9
55438,53,58,-5,5
55439,65,74,-9,9
55440,160,145,15,15
55441,83,84,-1,1
55442,88,87,1,1
55443,98,82,16,16
55444,51,55,-4,4
55445,54,60,-6,6
55446,70,73,-3,3
55447,80,81,-1,1
55448,169,148,21,21
55449,109,105,4,4
55450,57,59,-2,2
55451,119,120,-1,1
55452,238,218,20,20
55453,132,133,-1,1
55454,78,84,-6,6
55455,88,83,5,5
55456,85,86,-1,1
55457,27,64,-37,37
55458,62,69,-7,7
55459,131,126,5,5
55460,138,130,8,8
55461,43,91,-48,48
55462,58,69,-11,11
55463,76,81,-5,5
55464,72,84,-12,12
55465,121,98,23,23
55466,107,103,4,4
55467,81,84,-3,3
55468,49,68,-19,19
55469,113,111,2,2
55470,71,69,2,2
55471,44,48,-4,4
55472,81,80,1,1
55473,73,67,6,6
55474,85,86,-1,1
55475,100,94,6,6
55476,126,117,9,9
55477,96,93,3,3
55478,67,69,-2,2
55479,114,125,-11,11
55480,97,77,20,20
55481,185,165,20,20
55482,55,60,-5,5
55483,177,176,1,1
55484,85,83,2,2
55485,117,115,2,2
55486,157,150,7,7
55487,129,123,6,6
55488,94,101,-7,7
55489,87,92,-5,5
55490,139,123,16,16
55491,121,121,0,0
55492,65,58,7,7
55493,58,64,-6,6
55494,98,96,2,2
55495,37,54,-17,17
55496,63,67,-4,4
55497,193,189,4,4
55498,101,107,-6,6
55499,69,82,-13,13
55500,133,131,2,2
55501,121,105,16,16
55502,91,95,-4,4
55503,85,88,-3,3
55504,67,74,-7,7
55505,117,119,-2,2
55506,61,59,2,2
55507,61,62,-1,1
55508,97,108,-11,11
55509,81,84,-3,3
55510,89,94,-5,5
55511,58,62,-4,4
55512,80,73,7,7
55513,96,84,12,12
55514,87,88,-1,1
55515,69,72,-3,3
55516,116,125,-9,9
55517,138,147,-9,9
55518,65,67,-2,2
55519,90,85,5,5
55520,87,84,3,3
55521,102,98,4,4
55522,79,90,-11,11
55523,146,149,-3,3
55524,130,121,9,9
55525,127,116,11,11
55526,96,89,7,7
55527,80,76,4,4
55528,132,132,0,0
55529,115,103,12,12
55530,81,90,-9,9
55531,86,86,0,0
55532,105,99,6,6
55533,130,133,-3,3
55534,84,82,2,2
55535,52,97,-45,45
55536,72,67,5,5
55537,82,81,1,1
55538,115,116,-1,1
55539,100,96,4,4
55540,102,100,2,2
55541,107,107,0,0
55542,116,116,0,0
55543,61,60,1,1
55544,95,96,-1,1
55545,78,74,4,4
55546,78,85,-7,7
55547,79,72,7,7
55548,82,85,-3,3
55549,71,76,-5,5
55550,128,121,7,7
55551,89,92,-3,3
55552,115,137,-22,22
55553,83,71,12,12
55554,80,72,8,8
55555,79,97,-18,18
55556,69,83,-14,14
55557,123,117,6,6
55558,67,69,-2,2
55559,135,130,5,5
55560,134,159,-25,25
55561,133,131,2,2
55562,52,55,-3,3
55563,175,168,7,7
55564,95,84,11,11
55565,122,121,1,1
55566,74,70,4,4
55567,73,78,-5,5
55568,53,63,-10,10
55569,69,70,-1,1
55570,103,114,-11,11
55571,45,49,-4,4
55572,107,102,5,5
55573,49,55,-6,6
55574,132,121,11,11
55575,89,91,-2,2
55576,62,65,-3,3
55577,109,107,2,2
55578,81,83,-2,2
55579,72,76,-4,4
55580,52,56,-4,4
55581,74,79,-5,5
55582,36,48,-12,12
55583,68,71,-3,3
55584,73,77,-4,4
55585,89,90,-1,1
55586,63,62,1,1
55587,69,73,-4,4
55588,103,109,-6,6
55589,53,57,-4,4
55590,103,107,-4,4
55591,108,99,9,9
55592,109,163,-54,54
55593,187,188,-1,1
55594,69,71,-2,2
55595,124,115,9,9
55596,117,121,-4,4
55597,94,94,0,0
55598,44,64,-20,20
55599,120,114,6,6
55600,140,141,-1,1
55601,131,125,6,6
55602,100,108,-8,8
55603,147,151,-4,4
55604,55,54,1,1
55605,126,133,-7,7
55606,84,89,-5,5
55607,81,84,-3,3
55608,110,94,16,16
55609,68,73,-5,5
55610,90,94,-4,4
55611,79,83,-4,4
55612,108,113,-5,5
55613,69,72,-3,3
55614,67,61,6,6
55615,151,157,-6,6
55616,121,114,7,7
55617,67,73,-6,6
55618,100,90,10,10
55619,105,106,-1,1
55620,105,119,-14,14
55621,92,99,-7,7
55622,107,112,-5,5
55623,163,160,3,3
55624,110,111,-1,1
55625,115,108,7,7
55626,93,83,10,10
55627,143,138,5,5
55628,105,84,21,21
55629,102,96,6,6
55630,54,53,1,1
55631,117,119,-2,2
55632,94,87,7,7
55633,121,106,15,15
55634,51,55,-4,4
55635,93,98,-5,5
55636,136,142,-6,6
55637,75,67,8,8
55638,83,72,11,11
55639,90,85,5,5
55640,110,111,-1,1
55641,69,66,3,3
55642,110,108,2,2
55643,78,83,-5,5
55644,85,80,5,5
55645,89,90,-1,1
55646,86,99,-13,13
55647,106,110,-4,4
55648,102,101,1,1
55649,52,56,-4,4
55650,207,208,-1,1
55651,93,87,6,6
55652,113,116,-3,3
55653,97,98,-1,1
55654,80,89,-9,9
55655,118,132,-14,14
55656,90,92,-2,2
55657,88,99,-11,11
55658,96,99,-3,3
55659,103,107,-4,4
55660,65,68,-3,3
55661,48,49,-1,1
55662,85,73,12,12
55663,104,102,2,2
55664,54,53,1,1
55665,89,79,10,10
55666,132,134,-2,2
55667,83,85,-2,2
55668,80,81,-1,1
55669,76,79,-3,3
55670,67,61,6,6
55671,89,86,3,3
55672,149,148,1,1
55673,106,116,-10,10
55674,149,149,0,0
55675,52,57,-5,5
55676,58,63,-5,5
55677,70,77,-7,7
55678,78,75,3,3
55679,212,196,16,16
55680,105,105,0,0
55681,101,87,14,14
55682,107,98,9,9
55683,145,146,-1,1
55684,77,79,-2,2
55685,108,93,15,15
55686,97,95,2,2
55687,90,81,9,9
55688,104,104,0,0
55689,99,95,4,4
55690,94,86,8,8
55691,105,112,-7,7
55692,69,73,-4,4
55693,81,90,-9,9
55694,88,88,0,0
55695,112,119,-7,7
55696,93,95,-2,2
55697,130,131,-1,1
55698,145,127,18,18
55699,130,124,6,6
55700,62,81,-19,19
55701,99,100,-1,1
55702,67,64,3,3
55703,129,121,8,8
55704,72,73,-1,1
55705,96,91,5,5
55706,76,81,-5,5
55707,102,99,3,3
55708,81,79,2,2
55709,157,157,0,0
55710,100,105,-5,5
55711,122,118,4,4
55712,65,64,1,1
55713,82,74,8,8
55714,95,90,5,5
55715,133,138,-5,5
55716,108,112,-4,4
55717,81,82,-1,1
55718,91,90,1,1
55719,134,129,5,5
55720,146,141,5,5
55721,93,97,-4,4
55722,53,56,-3,3
55723,108,100,8,8
55724,93,87,6,6
55725,99,91,8,8
55726,158,149,9,9
55727,66,75,-9,9
55728,66,64,2,2
55729,83,91,-8,8
55730,103,98,5,5
55731,54,57,-3,3
55732,144,138,6,6
55733,88,99,-11,11
55734,105,94,11,11
55735,115,107,8,8
55736,125,122,3,3
55737,67,75,-8,8
55738,193,174,19,19
55739,127,106,21,21
55740,29,52,-23,23
55741,86,87,-1,1
55742,121,126,-5,5
55743,94,89,5,5
55744,125,114,11,11
55745,174,176,-2,2
55746,163,158,5,5
55747,128,113,15,15
55748,155,148,7,7
55749,123,132,-9,9
55750,100,99,1,1
55751,80,87,-7,7
55752,121,117,4,4
55753,31,50,-19,19
55754,96,88,8,8
55755,80,76,4,4
55756,83,78,5,5
55757,82,81,1,1
55758,97,99,-2,2
55759,72,73,-1,1
55760,69,74,-5,5
55761,86,84,2,2
55762,73,88,-15,15
55763,100,103,-3,3
55764,66,67,-1,1
55765,83,73,10,10
55766,92,100,-8,8
55767,68,63,5,5
55768,118,124,-6,6
55769,97,112,-15,15
55770,62,65,-3,3
55771,78,72,6,6
55772,48,52,-4,4
55773,98,95,3,3
55774,71,72,-1,1
55775,62,67,-5,5
55776,45,85,-40,40
55777,122,124,-2,2
55778,91,87,4,4
55779,71,141,-70,70
55780,68,62,6,6
55781,118,123,-5,5
55782,79,84,-5,5
55783,120,125,-5,5
55784,134,147,-13,13
55785,72,78,-6,6
55786,92,87,5,5
55787,49,69,-20,20
55788,100,103,-3,3
55789,90,95,-5,5
55790,71,72,-1,1
55791,83,84,-1,1
55792,71,70,1,1
55793,90,95,-5,5
55794,168,170,-2,2
55795,68,82,-14,14
55796,50,59,-9,9
55797,59,54,5,5
55798,52,64,-12,12
55799,104,100,4,4
55800,95,99,-4,4
55801,57,64,-7,7
55802,211,208,3,3
55803,58,61,-3,3
55804,125,125,0,0
55805,99,97,2,2
55806,88,98,-10,10
55807,182,165,17,17
55808,99,98,1,1
55809,66,58,8,8
55810,169,159,10,10
55811,105,103,2,2
55812,92,94,-2,2
55813,110,112,-2,2
55814,111,102,9,9
55815,95,90,5,5
55816,74,72,2,2
55817,135,120,15,15
55818,51,96,-45,45
55819,78,75,3,3
55820,118,110,8,8
55821,118,118,0,0
55822,104,104,0,0
55823,37,53,-16,16
55824,96,94,2,2
55825,93,87,6,6
55826,60,89,-29,29
55827,102,98,4,4
55828,112,117,-5,5
55829,73,79,-6,6
55830,142,132,10,10
55831,67,67,0,0
55832,69,66,3,3
55833,103,185,-82,82
55834,42,65,-23,23
55835,99,83,16,16
55836,181,168,13,13
55837,94,90,4,4
55838,83,83,0,0
55839,98,83,15,15
55840,151,138,13,13
55841,149,129,20,20
55842,92,97,-5,5
55843,129,140,-11,11
55844,79,76,3,3
55845,119,126,-7,7
55846,159,153,6,6
55847,63,69,-6,6
55848,74,79,-5,5
55849,141,147,-6,6
55850,133,129,4,4
55851,106,102,4,4
55852,180,175,5,5
55853,152,134,18,18
55854,85,80,5,5
55855,118,107,11,11
55856,127,128,-1,1
55857,143,150,-7,7
55858,80,88,-8,8
55859,123,124,-1,1
55860,131,125,6,6
55861,53,48,5,5
55862,83,77,6,6
55863,97,89,8,8
55864,120,122,-2,2
55865,71,68,3,3
55866,127,113,14,14
55867,68,69,-1,1
55868,79,79,0,0
55869,104,116,-12,12
55870,139,147,-8,8
55871,143,157,-14,14
55872,102,114,-12,12
55873,75,73,2,2
55874,105,110,-5,5
55875,71,61,10,10
55876,52,57,-5,5
55877,73,69,4,4
55878,95,87,8,8
55879,84,77,7,7
55880,77,73,4,4
55881,63,73,-10,10
55882,80,91,-11,11
55883,111,104,7,7
55884,146,130,16,16
55885,136,146,-10,10
55886,58,58,0,0
55887,77,69,8,8
55888,74,99,-25,25
55889,157,155,2,2
55890,113,111,2,2
55891,88,82,6,6
55892,98,98,0,0
55893,70,72,-2,2
55894,70,77,-7,7
55895,95,94,1,1
55896,113,97,16,16
55897,65,67,-2,2
55898,82,72,10,10
55899,89,93,-4,4
55900,90,84,6,6
55901,75,90,-15,15
55902,73,63,10,10
55903,45,54,-9,9
55904,75,86,-11,11
55905,89,82,7,7
55906,127,114,13,13
55907,189,194,-5,5
55908,132,128,4,4
55909,95,91,4,4
55910,113,108,5,5
55911,81,85,-4,4
55912,121,125,-4,4
55913,73,74,-1,1
55914,107,109,-2,2
55915,72,69,3,3
55916,110,119,-9,9
55917,69,70,-1,1
55918,149,143,6,6
55919,63,66,-3,3
55920,115,112,3,3
55921,105,100,5,5
55922,88,91,-3,3
55923,65,67,-2,2
55924,87,89,-2,2
55925,94,101,-7,7
55926,125,126,-1,1
55927,93,84,9,9
55928,112,108,4,4
55929,103,87,16,16
55930,117,114,3,3
55931,95,92,3,3
55932,76,78,-2,2
55933,94,105,-11,11
55934,50,51,-1,1
55935,115,121,-6,6
55936,105,98,7,7
55937,108,101,7,7
55938,141,143,-2,2
55939,102,99,3,3
55940,58,69,-11,11
55941,108,104,4,4
55942,89,81,8,8
55943,71,80,-9,9
55944,59,57,2,2
55945,89,84,5,5
55946,57,57,0,0
55947,106,98,8,8
55948,161,147,14,14
55949,92,85,7,7
55950,66,67,-1,1
55951,82,83,-1,1
55952,84,76,8,8
55953,115,103,12,12
55954,110,109,1,1
55955,135,133,2,2
55956,93,91,2,2
55957,134,154,-20,20
55958,105,97,8,8
55959,79,74,5,5
55960,25,54,-29,29
55961,124,131,-7,7
55962,29,46,-17,17
55963,96,83,13,13
55964,125,123,2,2
55965,52,56,-4,4
55966,101,101,0,0
55967,70,69,1,1
55968,98,90,8,8
55969,77,69,8,8
55970,167,156,11,11
55971,82,81,1,1
55972,91,85,6,6
55973,70,67,3,3
55974,74,74,0,0
55975,121,122,-1,1
55976,46,64,-18,18
55977,76,80,-4,4
55978,111,114,-3,3
55979,58,59,-1,1
55980,65,64,1,1
55981,53,54,-1,1
55982,109,119,-10,10
55983,80,81,-1,1
55984,88,86,2,2
55985,110,107,3,3
55986,98,91,7,7
55987,97,109,-12,12
55988,128,118,10,10
55989,144,137,7,7
55990,82,83,-1,1
55991,131,127,4,4
55992,100,95,5,5
55993,95,95,0,0
55994,108,103,5,5
55995,82,83,-1,1
55996,73,63,10,10
55997,94,98,-4,4
55998,99,109,-10,10
55999,88,82,6,6
56000,157,160,-3,3
56001,75,75,0,0
56002,95,97,-2,2
56003,82,80,2,2
56004,160,171,-11,11
56005,146,141,5,5
56006,166,179,-13,13
56007,76,74,2,2
56008,139,139,0,0
56009,110,109,1,1
56010,118,127,-9,9
56011,122,116,6,6
56012,50,61,-11,11
56013,59,60,-1,1
56014,112,112,0,0
56015,108,122,-14,14
56016,42,50,-8,8
56017,112,116,-4,4
56018,126,117,9,9
56019,88,94,-6,6
56020,121,104,17,17
56021,83,79,4,4
56022,95,101,-6,6
56023,98,92,6,6
56024,104,107,-3,3
56025,66,69,-3,3
56026,129,133,-4,4
56027,85,75,10,10
56028,101,103,-2,2
56029,68,68,0,0
56030,86,89,-3,3
56031,79,74,5,5
56032,91,90,1,1
56033,113,123,-10,10
56034,149,142,7,7
56035,76,75,1,1
56036,107,107,0,0
56037,110,109,1,1
56038,75,78,-3,3
56039,100,102,-2,2
56040,110,116,-6,6
56041,115,114,1,1
56042,128,128,0,0
56043,177,164,13,13
56044,105,100,5,5
56045,79,146,-67,67
56046,126,126,0,0
56047,135,147,-12,12
56048,66,62,4,4
56049,148,145,3,3
56050,128,123,5,5
56051,106,94,12,12
56052,99,83,16,16
56053,73,68,5,5
56054,64,67,-3,3
56055,98,122,-24,24
56056,111,112,-1,1
56057,124,129,-5,5
56058,117,112,5,5
56059,94,92,2,2
56060,86,79,7,7
56061,80,72,8,8
56062,105,111,-6,6
56063,77,81,-4,4
56064,101,98,3,3
56065,118,114,4,4
56066,130,112,18,18
56067,97,97,0,0
56068,77,78,-1,1
56069,76,80,-4,4
56070,122,130,-8,8
56071,116,140,-24,24
56072,67,77,-10,10
56073,109,100,9,9
56074,62,64,-2,2
56075,95,84,11,11
56076,130,125,5,5
56077,49,69,-20,20
56078,64,64,0,0
56079,84,83,1,1
56080,147,127,20,20
56081,121,109,12,12
56082,158,159,-1,1
56083,105,96,9,9
56084,99,101,-2,2
56085,108,113,-5,5
56086,159,159,0,0
56087,87,84,3,3
56088,128,139,-11,11
56089,58,68,-10,10
56090,110,110,0,0
56091,187,179,8,8
56092,87,88,-1,1
56093,143,149,-6,6
56094,84,80,4,4
56095,132,137,-5,5
56096,74,72,2,2
56097,109,110,-1,1
56098,86,106,-20,20
56099,111,106,5,5
56100,49,59,-10,10
56101,73,73,0,0
56102,125,136,-11,11
56103,75,72,3,3
56104,78,77,1,1
56105,99,97,2,2
56106,103,112,-9,9
56107,106,99,7,7
56108,57,56,1,1
56109,139,136,3,3
56110,90,83,7,7
56111,67,62,5,5
56112,60,65,-5,5
56113,46,51,-5,5
56114,56,67,-11,11
56115,135,129,6,6
56116,52,57,-5,5
56117,102,94,8,8
56118,79,79,0,0
56119,75,77,-2,2
56120,118,120,-2,2
56121,107,116,-9,9
56122,24,43,-19,19
56123,102,95,7,7
56124,78,79,-1,1
56125,94,85,9,9
56126,109,90,19,19
56127,139,139,0,0
56128,105,110,-5,5
56129,155,150,5,5
56130,53,57,-4,4
56131,82,93,-11,11
56132,159,170,-11,11
56133,105,100,5,5
56134,102,103,-1,1
56135,78,78,0,0
56136,67,63,4,4
56137,149,153,-4,4
56138,84,88,-4,4
56139,87,92,-5,5
56140,132,143,-11,11
56141,83,78,5,5
56142,75,71,4,4
56143,99,96,3,3
56144,77,83,-6,6
56145,97,89,8,8
56146,132,112,20,20
56147,105,114,-9,9
56148,105,89,16,16
56149,59,57,2,2
56150,69,63,6,6
56151,120,115,5,5
56152,59,61,-2,2
56153,105,96,9,9
56154,81,81,0,0
56155,156,159,-3,3
56156,62,72,-10,10
56157,63,67,-4,4
56158,156,143,13,13
56159,48,142,-94,94
56160,81,81,0,0
56161,78,78,0,0
56162,72,68,4,4
56163,110,106,4,4
56164,76,81,-5,5
56165,82,81,1,1
56166,76,78,-2,2
56167,106,102,4,4
56168,109,119,-10,10
56169,96,89,7,7
56170,129,132,-3,3
56171,71,68,3,3
56172,124,139,-15,15
56173,107,105,2,2
56174,97,94,3,3
56175,113,105,8,8
56176,152,142,10,10
56177,91,107,-16,16
56178,78,80,-2,2
56179,158,150,8,8
56180,117,116,1,1
56181,97,100,-3,3
56182,83,77,6,6
56183,132,125,7,7
56184,79,78,1,1
56185,101,106,-5,5
56186,135,126,9,9
56187,96,70,26,26
56188,82,74,8,8
56189,70,76,-6,6
56190,110,105,5,5
56191,141,129,12,12
56192,61,59,2,2
56193,97,91,6,6
56194,119,96,23,23
56195,67,69,-2,2
56196,92,108,-16,16
56197,84,71,13,13
56198,65,69,-4,4
56199,84,90,-6,6
56200,124,115,9,9
56201,135,135,0,0
56202,146,135,11,11
56203,109,119,-10,10
56204,145,152,-7,7
56205,89,83,6,6
56206,136,133,3,3
56207,85,84,1,1
56208,55,60,-5,5
56209,92,100,-8,8
56210,61,64,-3,3
56211,132,125,7,7
56212,65,67,-2,2
56213,112,116,-4,4
56214,107,96,11,11
56215,48,52,-4,4
56216,55,58,-3,3
56217,109,107,2,2
56218,136,132,4,4
56219,94,96,-2,2
56220,45,56,-11,11
56221,139,130,9,9
56222,72,81,-9,9
56223,156,138,18,18
56224,58,61,-3,3
56225,96,85,11,11
56226,83,82,1,1
56227,94,90,4,4
56228,29,47,-18,18
56229,124,126,-2,2
56230,71,75,-4,4
56231,146,134,12,12
56232,97,91,6,6
56233,104,106,-2,2
56234,32,52,-20,20
56235,140,133,7,7
56236,57,55,2,2
56237,112,113,-1,1
56238,70,78,-8,8
56239,92,87,5,5
56240,57,62,-5,5
56241,107,115,-8,8
56242,76,76,0,0
56243,81,78,3,3
56244,115,126,-11,11
56245,22,69,-47,47
56246,96,98,-2,2
56247,84,93,-9,9
56248,103,99,4,4
56249,126,112,14,14
56250,76,75,1,1
56251,159,146,13,13
56252,74,63,11,11
56253,87,79,8,8
56254,46,54,-8,8
56255,33,50,-17,17
56256,76,63,13,13
56257,98,98,0,0
56258,73,65,8,8
56259,105,97,8,8
56260,51,60,-9,9
56261,94,81,13,13
56262,54,60,-6,6
56263,86,93,-7,7
56264,60,64,-4,4
56265,144,139,5,5
56266,74,61,13,13
56267,90,87,3,3
56268,100,103,-3,3
56269,107,119,-12,12
56270,129,113,16,16
56271,133,127,6,6
56272,70,72,-2,2
56273,101,93,8,8
56274,60,65,-5,5
56275,200,182,18,18
56276,64,61,3,3
56277,143,138,5,5
56278,90,86,4,4
56279,72,67,5,5
56280,85,90,-5,5
56281,136,138,-2,2
56282,94,101,-7,7
56283,135,120,15,15
56284,102,97,5,5
56285,71,82,-11,11
56286,74,77,-3,3
56287,122,132,-10,10
56288,86,86,0,0
56289,40,48,-8,8
56290,109,116,-7,7
56291,113,117,-4,4
56292,110,106,4,4
56293,68,62,6,6
56294,130,131,-1,1
56295,89,91,-2,2
56296,106,107,-1,1
56297,98,101,-3,3
56298,71,57,14,14
56299,128,130,-2,2
56300,158,144,14,14
56301,82,78,4,4
56302,42,50,-8,8
56303,67,65,2,2
56304,107,114,-7,7
56305,77,73,4,4
56306,113,119,-6,6
56307,73,68,5,5
56308,189,188,1,1
56309,101,101,0,0
56310,117,130,-13,13
56311,113,116,-3,3
56312,81,74,7,7
56313,113,108,5,5
56314,108,104,4,4
56315,133,144,-11,11
56316,117,118,-1,1
56317,119,117,2,2
56318,72,66,6,6
56319,72,82,-10,10
56320,105,109,-4,4
56321,70,68,2,2
56322,66,63,3,3
56323,152,141,11,11
56324,89,82,7,7
56325,20,44,-24,24
56326,72,75,-3,3
56327,89,83,6,6
56328,83,88,-5,5
56329,121,135,-14,14
56330,119,111,8,8
56331,101,100,1,1
56332,84,84,0,0
56333,78,87,-9,9
56334,166,158,8,8
56335,117,116,1,1
56336,141,145,-4,4
56337,123,120,3,3
56338,162,156,6,6
56339,50,55,-5,5
56340,60,59,1,1
56341,86,90,-4,4
56342,70,73,-3,3
56343,129,132,-3,3
56344,65,68,-3,3
56345,75,81,-6,6
56346,91,75,16,16
56347,55,61,-6,6
56348,82,83,-1,1
56349,102,104,-2,2
56350,74,73,1,1
56351,84,81,3,3
56352,128,124,4,4
56353,91,91,0,0
56354,120,120,0,0
56355,85,88,-3,3
56356,108,118,-10,10
56357,72,71,1,1
56358,90,80,10,10
56359,85,87,-2,2
56360,112,113,-1,1
56361,148,153,-5,5
56362,105,114,-9,9
56363,44,54,-10,10
56364,42,59,-17,17
56365,103,94,9,9
56366,93,81,12,12
56367,63,61,2,2
56368,169,183,-14,14
56369,65,64,1,1
56370,74,76,-2,2
56371,99,101,-2,2
56372,129,135,-6,6
56373,93,91,2,2
56374,139,135,4,4
56375,64,111,-47,47
56376,93,89,4,4
56377,53,65,-12,12
56378,110,107,3,3
56379,97,93,4,4
56380,170,159,11,11
56381,56,66,-10,10
56382,172,180,-8,8
56383,71,69,2,2
56384,161,150,11,11
56385,130,141,-11,11
56386,101,104,-3,3
56387,107,108,-1,1
56388,101,100,1,1
56389,64,70,-6,6
56390,75,73,2,2
56391,128,132,-4,4
56392,80,79,1,1
56393,129,131,-2,2
56394,54,58,-4,4
56395,71,78,-7,7
56396,55,53,2,2
56397,91,96,-5,5
56398,119,114,5,5
56399,94,91,3,3
56400,158,149,9,9
56401,60,70,-10,10
56402,158,161,-3,3
56403,56,59,-3,3
56404,121,123,-2,2
56405,79,69,10,10
56406,120,116,4,4
56407,64,69,-5,5
56408,62,78,-16,16
56409,80,77,3,3
56410,135,128,7,7
56411,102,123,-21,21
56412,115,106,9,9
56413,142,150,-8,8
56414,115,132,-17,17
56415,119,127,-8,8
56416,138,136,2,2
56417,97,87,10,10
56418,80,77,3,3
56419,97,100,-3,3
56420,111,112,-1,1
56421,91,94,-3,3
56422,95,100,-5,5
56423,91,94,-3,3
56424,101,93,8,8
56425,130,132,-2,2
56426,89,93,-4,4
56427,86,95,-9,9
56428,178,170,8,8
56429,168,165,3,3
56430,63,69,-6,6
56431,69,63,6,6
56432,186,173,13,13
56433,143,138,5,5
56434,76,63,13,13
56435,87,91,-4,4
56436,46,59,-13,13
56437,81,82,-1,1
56438,43,52,-9,9
56439,125,128,-3,3
56440,190,186,4,4
56441,112,99,13,13
56442,161,162,-1,1
56443,119,108,11,11
56444,98,99,-1,1
56445,122,116,6,6
56446,94,91,3,3
56447,68,73,-5,5
56448,103,89,14,14
56449,126,104,22,22
56450,75,75,0,0
56451,123,113,10,10
56452,81,81,0,0
56453,144,154,-10,10
56454,53,49,4,4
56455,164,149,15,15
56456,60,65,-5,5
56457,117,117,0,0
56458,121,123,-2,2
56459,90,94,-4,4
56460,86,84,2,2
56461,63,69,-6,6
56462,147,140,7,7
56463,103,100,3,3
56464,68,68,0,0
56465,91,84,7,7
56466,81,69,12,12
56467,71,69,2,2
56468,63,63,0,0
56469,123,125,-2,2
56470,105,103,2,2
56471,81,84,-3,3
56472,112,121,-9,9
56473,78,75,3,3
56474,85,83,2,2
56475,118,120,-2,2
56476,65,61,4,4
56477,127,134,-7,7
56478,83,80,3,3
56479,91,86,5,5
56480,62,66,-4,4
56481,75,80,-5,5
56482,88,98,-10,10
56483,163,160,3,3
56484,48,60,-12,12
56485,93,106,-13,13
56486,85,88,-3,3
56487,142,144,-2,2
56488,93,101,-8,8
56489,73,71,2,2
56490,65,67,-2,2
56491,83,79,4,4
56492,77,75,2,2
56493,113,112,1,1
56494,121,116,5,5
56495,71,72,-1,1
56496,64,62,2,2
56497,70,76,-6,6
56498,155,147,8,8
56499,59,59,0,0
56500,80,76,4,4
56501,80,84,-4,4
56502,59,60,-1,1
56503,83,76,7,7
56504,68,63,5,5
56505,77,86,-9,9
56506,121,114,7,7
56507,63,73,-10,10
56508,82,83,-1,1
56509,145,145,0,0
56510,63,70,-7,7
56511,124,129,-5,5
56512,83,95,-12,12
56513,175,176,-1,1
56514,185,187,-2,2
56515,65,65,0,0
56516,61,61,0,0
56517,76,75,1,1
56518,75,79,-4,4
56519,74,93,-19,19
56520,136,122,14,14
56521,47,67,-20,20
56522,66,60,6,6
56523,131,125,6,6
56524,123,110,13,13
56525,118,115,3,3
56526,58,55,3,3
56527,89,85,4,4
56528,156,148,8,8
56529,55,66,-11,11
56530,115,104,11,11
56531,111,110,1,1
56532,116,130,-14,14
56533,62,69,-7,7
56534,108,98,10,10
56535,120,129,-9,9
56536,112,117,-5,5
56537,56,65,-9,9
56538,142,148,-6,6
56539,91,80,11,11
56540,86,85,1,1
56541,121,123,-2,2
56542,80,76,4,4
56543,103,107,-4,4
56544,76,83,-7,7
56545,100,126,-26,26
56546,94,91,3,3
56547,117,129,-12,12
56548,84,81,3,3
56549,87,90,-3,3
56550,127,122,5,5
56551,90,104,-14,14
56552,96,89,7,7
56553,56,57,-1,1
56554,74,68,6,6
56555,98,93,5,5
56556,107,116,-9,9
56557,125,112,13,13
56558,66,60,6,6
56559,91,96,-5,5
56560,154,164,-10,10
56561,151,130,21,21
56562,77,76,1,1
56563,60,65,-5,5
56564,72,78,-6,6
56565,132,116,16,16
56566,74,72,2,2
56567,63,66,-3,3
56568,129,130,-1,1
56569,169,171,-2,2
56570,88,100,-12,12
56571,129,123,6,6
56572,140,132,8,8
56573,80,89,-9,9
56574,94,100,-6,6
56575,49,55,-6,6
56576,145,143,2,2
56577,97,100,-3,3
56578,94,96,-2,2
56579,83,81,2,2
56580,135,133,2,2
56581,103,100,3,3
56582,40,58,-18,18
56583,119,138,-19,19
56584,60,67,-7,7
56585,44,55,-11,11
56586,104,107,-3,3
56587,49,54,-5,5
56588,70,89,-19,19
56589,59,63,-4,4
56590,114,125,-11,11
56591,65,61,4,4
56592,60,62,-2,2
56593,121,136,-15,15
56594,115,110,5,5
56595,75,72,3,3
56596,74,72,2,2
56597,103,99,4,4
56598,59,60,-1,1
56599,125,131,-6,6
56600,94,93,1,1
56601,73,71,2,2
56602,54,59,-5,5
56603,58,57,1,1
56604,174,175,-1,1
56605,46,50,-4,4
56606,79,81,-2,2
56607,108,100,8,8
56608,50,60,-10,10
56609,120,108,12,12
56610,159,154,5,5
56611,171,180,-9,9
56612,81,87,-6,6
56613,85,86,-1,1
56614,118,136,-18,18
56615,73,75,-2,2
56616,114,109,5,5
56617,77,67,10,10
56618,150,133,17,17
56619,72,75,-3,3
56620,64,85,-21,21
56621,85,97,-12,12
56622,112,115,-3,3
56623,57,58,-1,1
56624,101,100,1,1
56625,83,86,-3,3
56626,74,73,1,1
56627,142,136,6,6
56628,111,100,11,11
56629,135,125,10,10
56630,64,66,-2,2
56631,75,68,7,7
56632,188,194,-6,6
56633,63,78,-15,15
56634,124,116,8,8
56635,42,52,-10,10
56636,136,125,11,11
56637,50,59,-9,9
56638,87,88,-1,1
56639,140,132,8,8
56640,94,96,-2,2
56641,94,93,1,1
56642,61,72,-11,11
56643,86,85,1,1
56644,126,115,11,11
56645,63,62,1,1
56646,82,77,5,5
56647,140,148,-8,8
56648,134,125,9,9
56649,79,79,0,0
56650,126,139,-13,13
56651,101,109,-8,8
56652,103,100,3,3
56653,70,64,6,6
56654,85,73,12,12
56655,84,87,-3,3
56656,58,66,-8,8
56657,139,131,8,8
56658,67,77,-10,10
56659,101,106,-5,5
56660,83,84,-1,1
56661,66,61,5,5
56662,59,60,-1,1
56663,77,82,-5,5
56664,53,61,-8,8
56665,130,128,2,2
56666,59,63,-4,4
56667,94,85,9,9
56668,120,118,2,2
56669,108,101,7,7
56670,95,88,7,7
56671,67,65,2,2
56672,103,104,-1,1
56673,68,66,2,2
56674,82,73,9,9
56675,111,116,-5,5
56676,78,75,3,3
56677,59,63,-4,4
56678,72,81,-9,9
56679,101,97,4,4
56680,77,83,-6,6
56681,65,62,3,3
56682,64,74,-10,10
56683,57,66,-9,9
56684,95,99,-4,4
56685,68,69,-1,1
56686,137,123,14,14
56687,65,68,-3,3
56688,82,79,3,3
56689,73,79,-6,6
56690,96,108,-12,12
56691,110,109,1,1
56692,139,136,3,3
56693,87,74,13,13
56694,113,97,16,16
56695,40,49,-9,9
56696,81,85,-4,4
56697,51,61,-10,10
56698,173,157,16,16
56699,72,88,-16,16
56700,107,107,0,0
56701,112,116,-4,4
56702,125,118,7,7
56703,56,58,-2,2
56704,141,131,10,10
56705,150,143,7,7
56706,136,140,-4,4
56707,127,120,7,7
56708,132,141,-9,9
56709,96,90,6,6
56710,35,55,-20,20
56711,86,83,3,3
56712,108,104,4,4
56713,149,143,6,6
56714,103,102,1,1
56715,144,161,-17,17
56716,135,129,6,6
56717,112,104,8,8
56718,86,100,-14,14
56719,54,56,-2,2
56720,78,75,3,3
56721,72,74,-2,2
56722,87,92,-5,5
56723,79,96,-17,17
56724,109,126,-17,17
56725,120,107,13,13
56726,173,158,15,15
56727,57,66,-9,9
56728,40,50,-10,10
56729,82,83,-1,1
56730,70,77,-7,7
56731,86,91,-5,5
56732,98,99,-1,1
56733,134,147,-13,13
56734,45,50,-5,5
56735,129,126,3,3
56736,68,74,-6,6
56737,91,82,9,9
56738,113,108,5,5
56739,52,61,-9,9
56740,94,89,5,5
56741,94,102,-8,8
56742,113,111,2,2
56743,128,116,12,12
56744,99,106,-7,7
56745,105,98,7,7
56746,86,108,-22,22
56747,148,146,2,2
56748,138,125,13,13
56749,99,85,14,14
56750,94,95,-1,1
56751,73,76,-3,3
56752,153,141,12,12
56753,95,97,-2,2
56754,118,127,-9,9
56755,129,126,3,3
56756,50,63,-13,13
56757,123,118,5,5
56758,142,139,3,3
56759,123,121,2,2
56760,148,148,0,0
56761,107,107,0,0
56762,98,104,-6,6
56763,112,113,-1,1
56764,137,132,5,5
56765,106,105,1,1
56766,97,88,9,9
56767,96,101,-5,5
56768,245,195,50,50
56769,115,104,11,11
56770,81,76,5,5
56771,130,114,16,16
56772,86,77,9,9
56773,128,127,1,1
56774,73,71,2,2
56775,110,104,6,6
56776,130,125,5,5
56777,97,98,-1,1
56778,80,84,-4,4
56779,91,90,1,1
56780,88,79,9,9
56781,105,106,-1,1
56782,75,88,-13,13
56783,93,102,-9,9
56784,115,112,3,3
56785,133,127,6,6
56786,142,131,11,11
56787,62,73,-11,11
56788,78,79,-1,1
56789,91,84,7,7
56790,102,96,6,6
56791,109,109,0,0
56792,102,95,7,7
56793,90,85,5,5
56794,135,120,15,15
56795,31,56,-25,25
56796,143,140,3,3
56797,123,115,8,8
56798,102,99,3,3
56799,59,57,2,2
56800,83,88,-5,5
56801,99,95,4,4
56802,50,65,-15,15
56803,168,150,18,18
56804,80,84,-4,4
56805,104,118,-14,14
56806,117,116,1,1
56807,113,120,-7,7
56808,73,97,-24,24
56809,72,77,-5,5
56810,144,121,23,23
56811,131,134,-3,3
56812,107,124,-17,17
56813,85,86,-1,1
56814,58,64,-6,6
56815,67,66,1,1
56816,62,62,0,0
56817,63,56,7,7
56818,148,155,-7,7
56819,139,129,10,10
56820,82,85,-3,3
56821,133,130,3,3
56822,70,73,-3,3
56823,99,102,-3,3
56824,115,112,3,3
56825,121,124,-3,3
56826,107,115,-8,8
56827,113,100,13,13
56828,61,65,-4,4
56829,80,80,0,0
56830,78,76,2,2
56831,68,64,4,4
56832,122,131,-9,9
56833,109,108,1,1
56834,71,67,4,4
56835,60,65,-5,5
56836,125,120,5,5
56837,68,75,-7,7
56838,114,113,1,1
56839,93,81,12,12
56840,75,80,-5,5
56841,99,105,-6,6
56842,133,129,4,4
56843,78,81,-3,3
56844,45,59,-14,14
56845,87,73,14,14
56846,72,80,-8,8
56847,129,123,6,6
56848,93,90,3,3
56849,95,98,-3,3
56850,119,124,-5,5
56851,96,84,12,12
56852,45,55,-10,10
56853,151,145,6,6
56854,75,69,6,6
56855,84,86,-2,2
56856,75,74,1,1
56857,97,139,-42,42
56858,79,81,-2,2
56859,132,130,2,2
56860,108,105,3,3
56861,115,107,8,8
56862,89,98,-9,9
56863,84,86,-2,2
56864,132,133,-1,1
56865,94,89,5,5
56866,182,187,-5,5
56867,170,156,14,14
56868,93,93,0,0
56869,70,74,-4,4
56870,38,54,-16,16
56871,102,114,-12,12
56872,139,132,7,7
56873,97,103,-6,6
56874,87,86,1,1
56875,86,77,9,9
56876,76,87,-11,11
56877,91,101,-10,10
56878,81,78,3,3
56879,86,82,4,4
56880,90,84,6,6
56881,73,77,-4,4
56882,122,123,-1,1
56883,81,77,4,4
56884,182,176,6,6
56885,73,73,0,0
56886,108,105,3,3
56887,70,66,4,4
56888,170,162,8,8
56889,98,93,5,5
56890,83,87,-4,4
56891,89,94,-5,5
56892,79,83,-4,4
56893,77,82,-5,5
56894,82,88,-6,6
56895,79,82,-3,3
56896,165,153,12,12
56897,57,64,-7,7
56898,94,103,-9,9
56899,101,89,12,12
56900,170,181,-11,11
56901,68,74,-6,6
56902,121,116,5,5
56903,137,127,10,10
56904,72,68,4,4
56905,109,108,1,1
56906,81,75,6,6
56907,71,74,-3,3
56908,135,139,-4,4
56909,105,101,4,4
56910,101,96,5,5
56911,71,77,-6,6
56912,93,95,-2,2
56913,75,75,0,0
56914,68,136,-68,68
56915,107,102,5,5
56916,76,76,0,0
56917,127,121,6,6
56918,117,126,-9,9
56919,123,108,15,15
56920,158,166,-8,8
56921,96,96,0,0
56922,44,60,-16,16
56923,100,100,0,0
56924,69,70,-1,1
56925,77,84,-7,7
56926,66,70,-4,4
56927,71,64,7,7
56928,117,114,3,3
56929,103,108,-5,5
56930,99,98,1,1
56931,131,133,-2,2
56932,50,60,-10,10
56933,39,50,-11,11
56934,74,70,4,4
56935,51,53,-2,2
56936,91,96,-5,5
56937,104,111,-7,7
56938,76,74,2,2
56939,126,128,-2,2
56940,79,81,-2,2
56941,88,96,-8,8
56942,103,104,-1,1
56943,156,146,10,10
56944,153,152,1,1
56945,82,79,3,3
56946,69,73,-4,4
56947,85,88,-3,3
56948,90,101,-11,11
56949,118,109,9,9
56950,113,115,-2,2
56951,63,72,-9,9
56952,39,60,-21,21
56953,125,123,2,2
56954,111,131,-20,20
56955,85,80,5,5
56956,69,75,-6,6
56957,164,162,2,2
56958,115,117,-2,2
56959,100,117,-17,17
56960,97,97,0,0
56961,76,86,-10,10
56962,109,120,-11,11
56963,122,117,5,5
56964,75,78,-3,3
56965,94,96,-2,2
56966,73,69,4,4
56967,138,131,7,7
56968,109,90,19,19
56969,84,92,-8,8
56970,65,63,2,2
56971,97,94,3,3
56972,150,147,3,3
56973,158,158,0,0
56974,74,75,-1,1
56975,64,70,-6,6
56976,102,104,-2,2
56977,83,95,-12,12
56978,181,161,20,20
56979,149,136,13,13
56980,67,64,3,3
56981,108,113,-5,5
56982,126,126,0,0
56983,129,124,5,5
56984,123,121,2,2
56985,88,79,9,9
56986,79,85,-6,6
56987,122,106,16,16
56988,88,81,7,7
56989,129,134,-5,5
56990,82,78,4,4
56991,72,73,-1,1
56992,116,107,9,9
56993,93,97,-4,4
56994,82,80,2,2
56995,153,157,-4,4
56996,169,160,9,9
56997,79,91,-12,12
56998,92,89,3,3
56999,123,117,6,6
57000,75,94,-19,19
57001,162,169,-7,7
57002,79,80,-1,1
57003,90,88,2,2
57004,74,82,-8,8
57005,130,128,2,2
57006,128,120,8,8
57007,75,85,-10,10
57008,86,86,0,0
57009,111,113,-2,2
57010,100,96,4,4
57011,57,60,-3,3
57012,126,124,2,2
57013,61,63,-2,2
57014,79,82,-3,3
57015,80,68,12,12
57016,49,55,-6,6
57017,83,83,0,0
57018,65,66,-1,1
57019,76,79,-3,3
57020,99,98,1,1
57021,152,142,10,10
57022,74,76,-2,2
57023,90,98,-8,8
57024,116,128,-12,12
57025,150,153,-3,3
57026,98,112,-14,14
57027,136,127,9,9
57028,109,109,0,0
57029,131,150,-19,19
57030,44,51,-7,7
57031,52,54,-2,2
57032,73,74,-1,1
57033,160,131,29,29
57034,104,104,0,0
57035,71,68,3,3
57036,52,58,-6,6
57037,69,63,6,6
57038,120,116,4,4
57039,51,49,2,2
57040,65,73,-8,8
57041,93,86,7,7
57042,62,77,-15,15
57043,108,101,7,7
57044,86,94,-8,8
57045,65,68,-3,3
57046,151,154,-3,3
57047,82,89,-7,7
57048,54,56,-2,2
57049,57,58,-1,1
57050,87,86,1,1
57051,75,79,-4,4
57052,76,77,-1,1
57053,144,145,-1,1
57054,82,86,-4,4
57055,70,72,-2,2
57056,65,67,-2,2
57057,130,135,-5,5
57058,179,190,-11,11
57059,143,150,-7,7
57060,128,124,4,4
57061,59,58,1,1
57062,141,134,7,7
57063,91,88,3,3
57064,117,110,7,7
57065,103,100,3,3
57066,102,106,-4,4
57067,150,130,20,20
57068,91,84,7,7
57069,82,87,-5,5
57070,72,66,6,6
57071,146,134,12,12
57072,51,54,-3,3
57073,119,127,-8,8
57074,94,95,-1,1
57075,113,101,12,12
57076,115,113,2,2
57077,50,54,-4,4
57078,72,89,-17,17
57079,127,123,4,4
57080,67,87,-20,20
57081,76,78,-2,2
57082,96,109,-13,13
57083,137,150,-13,13
57084,189,188,1,1
57085,83,85,-2,2
57086,90,93,-3,3
57087,85,83,2,2
57088,99,100,-1,1
57089,88,89,-1,1
57090,163,158,5,5
57091,78,81,-3,3
57092,63,62,1,1
57093,87,91,-4,4
57094,81,86,-5,5
57095,117,132,-15,15
57096,86,77,9,9
57097,97,95,2,2
57098,120,118,2,2
57099,61,55,6,6
57100,109,115,-6,6
57101,82,82,0,0
57102,98,89,9,9
57103,100,93,7,7
57104,114,106,8,8
57105,61,64,-3,3
57106,88,92,-4,4
57107,75,80,-5,5
57108,96,99,-3,3
57109,125,132,-7,7
57110,216,204,12,12
57111,91,91,0,0
57112,149,176,-27,27
57113,104,94,10,10
57114,69,71,-2,2
57115,65,64,1,1
57116,116,104,12,12
57117,66,71,-5,5
57118,53,62,-9,9
57119,61,70,-9,9
57120,106,109,-3,3
57121,118,110,8,8
57122,145,143,2,2
57123,90,85,5,5
57124,76,73,3,3
57125,48,52,-4,4
57126,38,53,-15,15
57127,65,68,-3,3
57128,98,89,9,9
57129,48,60,-12,12
57130,93,93,0,0
57131,117,121,-4,4
57132,66,69,-3,3
57133,110,96,14,14
57134,121,118,3,3
57135,95,90,5,5
57136,81,80,1,1
57137,48,61,-13,13
57138,80,83,-3,3
57139,136,147,-11,11
57140,55,60,-5,5
57141,110,106,4,4
57142,104,118,-14,14
57143,89,85,4,4
57144,90,100,-10,10
57145,111,114,-3,3
57146,85,97,-12,12
57147,113,113,0,0
57148,100,101,-1,1
57149,147,135,12,12
57150,86,93,-7,7
57151,76,81,-5,5
57152,164,146,18,18
57153,130,121,9,9
57154,99,91,8,8
57155,40,54,-14,14
57156,175,182,-7,7
57157,148,153,-5,5
57158,106,110,-4,4
57159,152,154,-2,2
57160,91,97,-6,6
57161,98,93,5,5
57162,51,61,-10,10
57163,88,89,-1,1
57164,89,87,2,2
57165,63,60,3,3
57166,84,86,-2,2
57167,75,69,6,6
57168,117,110,7,7
57169,111,112,-1,1
57170,134,153,-19,19
57171,81,90,-9,9
57172,101,108,-7,7
57173,61,57,4,4
57174,116,116,0,0
57175,77,83,-6,6
57176,121,121,0,0
57177,101,96,5,5
57178,22,49,-27,27
57179,89,88,1,1
57180,134,134,0,0
57181,132,139,-7,7
57182,48,50,-2,2
57183,102,100,2,2
57184,90,83,7,7
57185,89,91,-2,2
57186,109,115,-6,6
57187,164,154,10,10
57188,93,95,-2,2
57189,93,98,-5,5
57190,63,77,-14,14
57191,99,101,-2,2
57192,72,71,1,1
57193,85,86,-1,1
57194,76,80,-4,4
57195,85,80,5,5
57196,125,91,34,34
57197,63,64,-1,1
57198,47,58,-11,11
57199,123,124,-1,1
57200,88,99,-11,11
57201,75,72,3,3
57202,78,78,0,0
57203,73,67,6,6
57204,113,133,-20,20
57205,88,82,6,6
57206,91,79,12,12
57207,99,99,0,0
57208,92,99,-7,7
57209,102,109,-7,7
57210,84,88,-4,4
57211,153,151,2,2
57212,117,126,-9,9
57213,61,63,-2,2
57214,81,78,3,3
57215,148,146,2,2
57216,88,75,13,13
57217,109,108,1,1
57218,124,120,4,4
57219,44,56,-12,12
57220,75,73,2,2
57221,107,111,-4,4
57222,74,76,-2,2
57223,75,68,7,7
57224,97,89,8,8
57225,95,85,10,10
57226,72,67,5,5
57227,71,69,2,2
57228,100,102,-2,2
57229,110,98,12,12
57230,67,64,3,3
57231,59,59,0,0
57232,162,154,8,8
57233,97,102,-5,5
57234,66,74,-8,8
57235,87,83,4,4
57236,142,143,-1,1
57237,77,81,-4,4
57238,61,55,6,6
57239,61,120,-59,59
57240,131,122,9,9
57241,84,83,1,1
57242,77,81,-4,4
57243,60,61,-1,1
57244,77,79,-2,2
57245,47,52,-5,5
57246,71,78,-7,7
57247,118,124,-6,6
57248,105,116,-11,11
57249,137,137,0,0
57250,48,63,-15,15
57251,81,85,-4,4
57252,105,90,15,15
57253,107,105,2,2
57254,149,144,5,5
57255,88,89,-1,1
57256,104,97,7,7
57257,130,115,15,15
57258,118,121,-3,3
57259,50,67,-17,17
57260,113,106,7,7
57261,48,52,-4,4
57262,105,108,-3,3
57263,63,70,-7,7
57264,63,64,-1,1
57265,65,74,-9,9
57266,105,107,-2,2
57267,38,53,-15,15
57268,57,65,-8,8
57269,94,90,4,4
57270,87,81,6,6
57271,68,71,-3,3
57272,66,75,-9,9
57273,87,92,-5,5
57274,121,115,6,6
57275,104,99,5,5
57276,124,129,-5,5
57277,158,144,14,14
57278,30,50,-20,20
57279,101,125,-24,24
57280,86,74,12,12
57281,93,88,5,5
57282,123,141,-18,18
57283,102,91,11,11
57284,142,157,-15,15
57285,61,77,-16,16
57286,75,83,-8,8
57287,125,134,-9,9
57288,95,92,3,3
57289,171,165,6,6
57290,96,133,-37,37
57291,123,126,-3,3
57292,106,115,-9,9
57293,62,63,-1,1
57294,87,85,2,2
57295,57,62,-5,5
57296,56,51,5,5
57297,124,119,5,5
57298,81,78,3,3
57299,109,97,12,12
57300,165,171,-6,6
57301,171,165,6,6
57302,104,101,3,3
57303,59,66,-7,7
57304,40,51,-11,11
57305,74,89,-15,15
57306,127,125,2,2
57307,73,83,-10,10
57308,130,122,8,8
57309,47,63,-16,16
57310,59,58,1,1
57311,156,143,13,13
57312,101,93,8,8
57313,89,76,13,13
57314,95,94,1,1
57315,60,69,-9,9
57316,91,91,0,0
57317,74,73,1,1
57318,160,151,9,9
57319,114,110,4,4
57320,148,144,4,4
57321,80,75,5,5
57322,24,47,-23,23
57323,52,54,-2,2
57324,259,235,24,24
57325,44,50,-6,6
57326,149,144,5,5
57327,57,62,-5,5
57328,126,135,-9,9
57329,142,132,10,10
57330,111,116,-5,5
57331,167,165,2,2
57332,76,74,2,2
57333,69,65,4,4
57334,110,119,-9,9
57335,92,106,-14,14
57336,99,86,13,13
57337,95,98,-3,3
57338,114,105,9,9
57339,91,96,-5,5
57340,104,100,4,4
57341,84,84,0,0
57342,164,149,15,15
57343,44,53,-9,9
57344,75,69,6,6
57345,95,97,-2,2
57346,27,48,-21,21
57347,81,82,-1,1
57348,72,74,-2,2
57349,100,92,8,8
57350,131,116,15,15
57351,61,66,-5,5
57352,89,87,2,2
57353,65,69,-4,4
57354,53,62,-9,9
57355,103,115,-12,12
57356,129,128,1,1
57357,114,105,9,9
57358,102,102,0,0
57359,87,96,-9,9
57360,77,68,9,9
57361,72,78,-6,6
57362,71,76,-5,5
57363,67,59,8,8
57364,116,118,-2,2
57365,102,95,7,7
57366,83,78,5,5
57367,55,53,2,2
57368,71,85,-14,14
57369,84,77,7,7
57370,98,95,3,3
57371,101,89,12,12
57372,82,75,7,7
57373,117,118,-1,1
57374,126,128,-2,2
57375,66,74,-8,8
57376,81,87,-6,6
57377,189,196,-7,7
57378,90,85,5,5
57379,86,84,2,2
57380,107,101,6,6
57381,117,136,-19,19
57382,54,56,-2,2
57383,81,88,-7,7
57384,85,78,7,7
57385,88,94,-6,6
57386,57,63,-6,6
57387,103,106,-3,3
57388,103,99,4,4
57389,95,96,-1,1
57390,107,104,3,3
57391,91,89,2,2
57392,111,130,-19,19
57393,200,187,13,13
57394,83,85,-2,2
57395,86,84,2,2
57396,80,85,-5,5
57397,109,116,-7,7
57398,69,68,1,1
57399,78,72,6,6
57400,70,75,-5,5
57401,77,77,0,0
57402,69,62,7,7
57403,96,86,10,10
57404,121,144,-23,23
57405,90,97,-7,7
57406,152,147,5,5
57407,91,85,6,6
57408,89,87,2,2
57409,104,98,6,6
57410,88,74,14,14
57411,113,110,3,3
57412,81,92,-11,11
57413,92,86,6,6
57414,112,102,10,10
57415,113,121,-8,8
57416,119,108,11,11
57417,68,68,0,0
57418,183,162,21,21
57419,154,142,12,12
57420,115,120,-5,5
57421,173,190,-17,17
57422,108,102,6,6
57423,124,135,-11,11
57424,71,65,6,6
57425,84,79,5,5
57426,80,93,-13,13
57427,90,102,-12,12
57428,74,68,6,6
57429,89,77,12,12
57430,81,90,-9,9
57431,100,89,11,11
57432,136,138,-2,2
57433,55,58,-3,3
57434,105,105,0,0
57435,77,73,4,4
57436,192,188,4,4
57437,99,91,8,8
57438,90,88,2,2
57439,134,127,7,7
57440,113,113,0,0
57441,90,83,7,7
57442,150,138,12,12
57443,52,54,-2,2
57444,102,97,5,5
57445,55,57,-2,2
57446,110,108,2,2
57447,57,57,0,0
57448,57,65,-8,8
57449,97,94,3,3
57450,117,125,-8,8
57451,83,86,-3,3
57452,121,114,7,7
57453,58,64,-6,6
57454,101,99,2,2
57455,63,63,0,0
57456,105,106,-1,1
57457,94,86,8,8
57458,138,137,1,1
57459,62,64,-2,2
57460,113,114,-1,1
57461,50,54,-4,4
57462,90,91,-1,1
57463,135,139,-4,4
57464,68,63,5,5
57465,94,88,6,6
57466,63,62,1,1
57467,179,165,14,14
57468,78,76,2,2
57469,197,178,19,19
57470,124,126,-2,2
57471,115,129,-14,14
57472,105,100,5,5
57473,135,133,2,2
57474,59,65,-6,6
57475,75,81,-6,6
57476,131,126,5,5
57477,125,127,-2,2
57478,82,90,-8,8
57479,193,186,7,7
57480,23,47,-24,24
57481,67,68,-1,1
57482,204,194,10,10
57483,78,83,-5,5
57484,95,99,-4,4
57485,143,143,0,0
57486,69,69,0,0
57487,78,71,7,7
57488,185,185,0,0
57489,60,65,-5,5
57490,93,84,9,9
57491,49,55,-6,6
57492,151,137,14,14
57493,93,88,5,5
57494,109,101,8,8
57495,58,55,3,3
57496,132,115,17,17
57497,85,75,10,10
57498,118,98,20,20
57499,69,71,-2,2
57500,76,76,0,0
57501,68,76,-8,8
57502,68,67,1,1
57503,103,115,-12,12
57504,116,114,2,2
57505,189,170,19,19
57506,64,70,-6,6
57507,54,53,1,1
57508,99,102,-3,3
57509,140,131,9,9
57510,52,54,-2,2
57511,144,145,-1,1
57512,96,94,2,2
57513,60,78,-18,18
57514,131,133,-2,2
57515,101,112,-11,11
57516,21,81,-60,60
57517,77,79,-2,2
57518,94,94,0,0
57519,64,62,2,2
57520,77,70,7,7
57521,89,88,1,1
57522,68,69,-1,1
57523,100,71,29,29
57524,94,92,2,2
57525,99,94,5,5
57526,104,107,-3,3
57527,76,75,1,1
57528,41,51,-10,10
57529,89,79,10,10
57530,159,139,20,20
57531,145,131,14,14
57532,89,83,6,6
57533,117,123,-6,6
57534,56,65,-9,9
57535,112,107,5,5
57536,59,58,1,1
57537,54,55,-1,1
57538,83,76,7,7
57539,70,75,-5,5
57540,64,65,-1,1
57541,134,132,2,2
57542,107,117,-10,10
57543,81,85,-4,4
57544,117,124,-7,7
57545,123,128,-5,5
57546,114,102,12,12
57547,173,161,12,12
57548,79,73,6,6
57549,117,107,10,10
57550,32,47,-15,15
57551,87,87,0,0
57552,189,186,3,3
57553,70,78,-8,8
57554,155,136,19,19
57555,81,82,-1,1
57556,168,165,3,3
57557,114,113,1,1
57558,153,163,-10,10
57559,124,115,9,9
57560,51,55,-4,4
57561,105,112,-7,7
57562,101,119,-18,18
57563,86,88,-2,2
57564,129,124,5,5
57565,122,118,4,4
57566,149,141,8,8
57567,85,80,5,5
57568,73,69,4,4
57569,66,74,-8,8
57570,180,162,18,18
57571,33,49,-16,16
57572,70,76,-6,6
57573,101,120,-19,19
57574,89,95,-6,6
57575,120,119,1,1
57576,121,115,6,6
57577,91,91,0,0
57578,90,89,1,1
57579,121,118,3,3
57580,154,161,-7,7
57581,110,107,3,3
57582,65,58,7,7
57583,107,124,-17,17
57584,141,137,4,4
57585,61,65,-4,4
57586,119,125,-6,6
57587,135,137,-2,2
57588,185,165,20,20
57589,46,50,-4,4
57590,89,88,1,1
57591,134,133,1,1
57592,102,98,4,4
57593,138,143,-5,5
57594,104,96,8,8
57595,176,166,10,10
57596,112,108,4,4
57597,135,137,-2,2
57598,119,116,3,3
57599,82,75,7,7
57600,99,102,-3,3
57601,119,112,7,7
57602,98,109,-11,11
57603,96,101,-5,5
57604,90,98,-8,8
57605,81,72,9,9
57606,65,68,-3,3
57607,120,116,4,4
57608,90,87,3,3
57609,80,85,-5,5
57610,81,89,-8,8
57611,78,103,-25,25
57612,82,77,5,5
57613,155,137,18,18
57614,77,71,6,6
57615,116,118,-2,2
57616,78,80,-2,2
57617,69,66,3,3
57618,64,66,-2,2
57619,88,87,1,1
57620,56,58,-2,2
57621,62,65,-3,3
57622,49,56,-7,7
57623,120,108,12,12
57624,154,150,4,4
57625,86,88,-2,2
57626,61,67,-6,6
57627,66,62,4,4
57628,145,126,19,19
57629,83,91,-8,8
57630,136,131,5,5
57631,88,97,-9,9
57632,71,82,-11,11
57633,93,86,7,7
57634,97,90,7,7
57635,94,85,9,9
57636,97,102,-5,5
57637,57,68,-11,11
57638,142,143,-1,1
57639,119,116,3,3
57640,87,94,-7,7
57641,131,140,-9,9
57642,119,128,-9,9
57643,76,72,4,4
57644,55,53,2,2
57645,106,101,5,5
57646,70,75,-5,5
57647,103,103,0,0
57648,96,85,11,11
57649,150,153,-3,3
57650,128,133,-5,5
57651,38,56,-18,18
57652,65,77,-12,12
57653,79,76,3,3
57654,96,87,9,9
57655,88,85,3,3
57656,185,198,-13,13
57657,81,76,5,5
57658,151,141,10,10
57659,94,92,2,2
57660,72,74,-2,2
57661,110,107,3,3
57662,109,104,5,5
57663,80,73,7,7
57664,68,72,-4,4
57665,111,100,11,11
57666,67,71,-4,4
57667,95,91,4,4
57668,114,119,-5,5
57669,51,53,-2,2
57670,111,109,2,2
57671,118,105,13,13
57672,157,135,22,22
57673,82,83,-1,1
57674,119,95,24,24
57675,73,73,0,0
57676,88,82,6,6
57677,46,52,-6,6
57678,61,70,-9,9
57679,81,83,-2,2
57680,117,117,0,0
57681,87,81,6,6
57682,71,62,9,9
57683,70,65,5,5
57684,98,111,-13,13
57685,89,91,-2,2
57686,100,91,9,9
57687,124,115,9,9
57688,166,157,9,9
57689,90,86,4,4
57690,43,56,-13,13
57691,175,160,15,15
57692,104,110,-6,6
57693,180,176,4,4
57694,57,56,1,1
57695,36,55,-19,19
57696,144,156,-12,12
57697,136,131,5,5
57698,56,58,-2,2
57699,93,98,-5,5
57700,91,89,2,2
57701,98,95,3,3
57702,82,68,14,14
57703,101,113,-12,12
57704,113,118,-5,5
57705,53,59,-6,6
57706,55,57,-2,2
57707,120,112,8,8
57708,105,102,3,3
57709,71,75,-4,4
57710,78,75,3,3
57711,165,168,-3,3
57712,82,83,-1,1
57713,126,119,7,7
57714,114,109,5,5
57715,143,133,10,10
57716,118,118,0,0
57717,94,97,-3,3
57718,41,52,-11,11
57719,67,66,1,1
57720,83,82,1,1
57721,119,104,15,15
57722,62,66,-4,4
57723,55,55,0,0
57724,95,95,0,0
57725,91,100,-9,9
57726,68,69,-1,1
57727,144,149,-5,5
57728,64,66,-2,2
57729,43,59,-16,16
57730,81,87,-6,6
57731,94,83,11,11
57732,77,80,-3,3
57733,167,170,-3,3
57734,51,62,-11,11
57735,117,107,10,10
57736,93,93,0,0
57737,71,70,1,1
57738,64,67,-3,3
57739,168,157,11,11
57740,98,96,2,2
57741,38,49,-11,11
57742,124,117,7,7
57743,104,112,-8,8
57744,45,53,-8,8
57745,36,50,-14,14
57746,82,84,-2,2
57747,120,111,9,9
57748,108,114,-6,6
57749,43,49,-6,6
57750,85,80,5,5
57751,146,137,9,9
57752,82,99,-17,17
57753,115,105,10,10
57754,98,88,10,10
57755,87,81,6,6
57756,124,131,-7,7
57757,86,84,2,2
57758,92,110,-18,18
57759,109,91,18,18
57760,125,123,2,2
57761,140,150,-10,10
57762,84,99,-15,15
57763,66,68,-2,2
57764,131,121,10,10
57765,81,74,7,7
57766,88,83,5,5
57767,143,156,-13,13
57768,74,78,-4,4
57769,118,128,-10,10
57770,56,62,-6,6
57771,61,65,-4,4
57772,112,119,-7,7
57773,119,109,10,10
57774,102,95,7,7
57775,101,128,-27,27
57776,71,68,3,3
57777,118,119,-1,1
57778,119,134,-15,15
57779,83,87,-4,4
57780,133,122,11,11
57781,57,61,-4,4
57782,87,86,1,1
57783,6,44,-38,38
57784,76,89,-13,13
57785,124,119,5,5
57786,28,45,-17,17
57787,65,62,3,3
57788,86,72,14,14
57789,111,116,-5,5
57790,59,67,-8,8
57791,94,93,1,1
57792,97,112,-15,15
57793,115,120,-5,5
57794,75,80,-5,5
57795,144,138,6,6
57796,86,97,-11,11
57797,74,75,-1,1
57798,102,107,-5,5
57799,79,77,2,2
57800,99,97,2,2
57801,140,158,-18,18
57802,101,103,-2,2
57803,156,144,12,12
57804,92,88,4,4
57805,70,70,0,0
57806,59,70,-11,11
57807,116,112,4,4
57808,138,136,2,2
57809,136,144,-8,8
57810,61,60,1,1
57811,53,55,-2,2
57812,79,73,6,6
57813,90,85,5,5
57814,127,122,5,5
57815,177,155,22,22
57816,110,117,-7,7
57817,129,123,6,6
57818,106,126,-20,20
57819,74,77,-3,3
57820,154,158,-4,4
57821,129,132,-3,3
57822,73,72,1,1
57823,77,82,-5,5
57824,84,91,-7,7
57825,103,99,4,4
57826,90,124,-34,34
57827,109,102,7,7
57828,68,63,5,5
57829,72,69,3,3
57830,105,117,-12,12
57831,65,65,0,0
57832,95,89,6,6
57833,133,134,-1,1
57834,103,95,8,8
57835,107,111,-4,4
57836,79,77,2,2
57837,116,112,4,4
57838,91,83,8,8
57839,72,84,-12,12
57840,66,86,-20,20
57841,147,138,9,9
57842,90,100,-10,10
57843,192,208,-16,16
57844,98,114,-16,16
57845,105,100,5,5
57846,44,56,-12,12
57847,102,88,14,14
57848,82,90,-8,8
57849,107,105,2,2
57850,102,99,3,3
57851,135,127,8,8
57852,157,145,12,12
57853,61,52,9,9
57854,155,148,7,7
57855,121,132,-11,11
57856,77,76,1,1
57857,142,139,3,3
57858,95,84,11,11
57859,104,96,8,8
57860,77,77,0,0
57861,135,131,4,4
57862,101,101,0,0
57863,65,64,1,1
57864,108,105,3,3
57865,46,57,-11,11
57866,196,193,3,3
57867,83,79,4,4
57868,92,83,9,9
57869,66,62,4,4
57870,87,81,6,6
57871,76,74,2,2
57872,24,82,-58,58
57873,94,105,-11,11
57874,85,71,14,14
57875,147,195,-48,48
57876,104,115,-11,11
57877,97,92,5,5
57878,159,147,12,12
57879,103,99,4,4
57880,114,118,-4,4
57881,133,135,-2,2
57882,66,66,0,0
57883,101,104,-3,3
57884,71,66,5,5
57885,85,83,2,2
57886,87,76,11,11
57887,116,97,19,19
57888,88,78,10,10
57889,64,63,1,1
57890,48,56,-8,8
57891,55,57,-2,2
57892,61,88,-27,27
57893,86,98,-12,12
57894,56,57,-1,1
57895,58,53,5,5
57896,77,78,-1,1
57897,70,75,-5,5
57898,78,83,-5,5
57899,136,129,7,7
57900,69,70,-1,1
57901,68,62,6,6
57902,102,98,4,4
57903,67,66,1,1
57904,82,77,5,5
57905,54,52,2,2
57906,70,75,-5,5
57907,83,75,8,8
57908,129,120,9,9
57909,43,48,-5,5
57910,46,58,-12,12
57911,119,119,0,0
57912,50,53,-3,3
57913,76,76,0,0
57914,168,165,3,3
57915,83,78,5,5
57916,116,105,11,11
57917,121,137,-16,16
57918,96,105,-9,9
57919,126,134,-8,8
57920,86,87,-1,1
57921,85,77,8,8
57922,93,81,12,12
57923,52,56,-4,4
57924,129,126,3,3
57925,87,83,4,4
57926,38,50,-12,12
57927,61,76,-15,15
57928,77,76,1,1
57929,73,68,5,5
57930,143,152,-9,9
57931,59,62,-3,3
57932,57,59,-2,2
57933,64,65,-1,1
57934,140,136,4,4
57935,109,115,-6,6
57936,91,89,2,2
57937,64,68,-4,4
57938,105,89,16,16
57939,121,109,12,12
57940,65,60,5,5
57941,80,82,-2,2
57942,75,74,1,1
57943,90,82,8,8
57944,93,100,-7,7
57945,60,63,-3,3
57946,75,73,2,2
57947,97,100,-3,3
57948,130,127,3,3
57949,111,101,10,10
57950,82,74,8,8
57951,102,99,3,3
57952,72,72,0,0
57953,180,183,-3,3
57954,71,84,-13,13
57955,92,89,3,3
57956,109,106,3,3
57957,113,108,5,5
57958,117,117,0,0
57959,105,107,-2,2
57960,85,82,3,3
57961,75,69,6,6
57962,77,77,0,0
57963,79,77,2,2
57964,106,101,5,5
57965,52,62,-10,10
57966,107,83,24,24
57967,89,92,-3,3
57968,150,146,4,4
57969,84,85,-1,1
57970,78,83,-5,5
57971,124,114,10,10
57972,58,62,-4,4
57973,110,111,-1,1
57974,108,111,-3,3
57975,95,107,-12,12
57976,139,126,13,13
57977,92,91,1,1
57978,63,70,-7,7
57979,81,85,-4,4
57980,103,91,12,12
57981,75,75,0,0
57982,75,84,-9,9
57983,125,121,4,4
57984,98,110,-12,12
57985,101,99,2,2
57986,73,82,-9,9
57987,95,93,2,2
57988,120,111,9,9
57989,90,105,-15,15
57990,178,163,15,15
57991,111,118,-7,7
57992,90,88,2,2
57993,91,76,15,15
57994,92,78,14,14
57995,77,76,1,1
57996,87,81,6,6
57997,121,119,2,2
57998,99,90,9,9
57999,119,127,-8,8
58000,85,94,-9,9
58001,102,102,0,0
58002,102,96,6,6
58003,68,62,6,6
58004,159,143,16,16
58005,91,77,14,14
58006,85,87,-2,2
58007,77,84,-7,7
58008,136,141,-5,5
58009,182,172,10,10
58010,101,101,0,0
58011,63,57,6,6
58012,89,103,-14,14
58013,78,75,3,3
58014,104,100,4,4
58015,113,109,4,4
58016,88,90,-2,2
58017,87,86,1,1
58018,182,169,13,13
58019,97,95,2,2
58020,123,120,3,3
58021,93,121,-28,28
58022,77,68,9,9
58023,87,85,2,2
58024,71,70,1,1
58025,60,58,2,2
58026,95,101,-6,6
58027,92,83,9,9
58028,78,74,4,4
58029,84,90,-6,6
58030,153,144,9,9
58031,140,148,-8,8
58032,99,86,13,13
58033,57,62,-5,5
58034,83,87,-4,4
58035,79,77,2,2
58036,87,90,-3,3
58037,85,104,-19,19
58038,80,75,5,5
58039,69,71,-2,2
58040,68,70,-2,2
58041,94,98,-4,4
58042,79,85,-6,6
58043,115,114,1,1
58044,59,62,-3,3
58045,183,190,-7,7
58046,64,65,-1,1
58047,109,106,3,3
58048,54,53,1,1
58049,62,62,0,0
58050,69,82,-13,13
58051,62,61,1,1
58052,71,70,1,1
58053,140,135,5,5
58054,73,71,2,2
58055,124,125,-1,1
58056,86,92,-6,6
58057,142,155,-13,13
58058,170,168,2,2
58059,69,69,0,0
58060,124,126,-2,2
58061,123,129,-6,6
58062,104,87,17,17
58063,65,71,-6,6
58064,110,110,0,0
58065,80,75,5,5
58066,66,67,-1,1
58067,96,91,5,5
58068,116,121,-5,5
58069,74,70,4,4
58070,59,61,-2,2
58071,64,56,8,8
58072,115,121,-6,6
58073,89,81,8,8
58074,136,124,12,12
58075,51,51,0,0
58076,73,72,1,1
58077,68,83,-15,15
58078,116,112,4,4
58079,135,143,-8,8
58080,29,48,-19,19
58081,96,87,9,9
58082,38,58,-20,20
58083,170,166,4,4
58084,125,125,0,0
58085,160,147,13,13
58086,108,117,-9,9
58087,144,141,3,3
58088,70,62,8,8
58089,100,96,4,4
58090,62,61,1,1
58091,129,126,3,3
58092,99,90,9,9
58093,93,101,-8,8
58094,108,94,14,14
58095,59,58,1,1
58096,43,60,-17,17
58097,119,110,9,9
58098,71,65,6,6
58099,147,160,-13,13
58100,60,59,1,1
58101,79,89,-10,10
58102,64,67,-3,3
58103,73,74,-1,1
58104,105,108,-3,3
58105,80,76,4,4
58106,79,82,-3,3
58107,90,85,5,5
58108,89,79,10,10
58109,73,70,3,3
58110,113,117,-4,4
58111,78,85,-7,7
58112,63,81,-18,18
58113,142,132,10,10
58114,145,165,-20,20
58115,95,98,-3,3
58116,101,100,1,1
58117,126,115,11,11
58118,154,145,9,9
58119,184,160,24,24
58120,116,119,-3,3
58121,84,84,0,0
58122,129,127,2,2
58123,74,75,-1,1
58124,97,92,5,5
58125,88,107,-19,19
58126,102,107,-5,5
58127,69,71,-2,2
58128,73,79,-6,6
58129,77,70,7,7
58130,98,100,-2,2
58131,78,82,-4,4
58132,108,92,16,16
58133,78,77,1,1
58134,86,93,-7,7
58135,70,67,3,3
58136,70,72,-2,2
58137,78,75,3,3
58138,81,77,4,4
58139,55,61,-6,6
58140,37,48,-11,11
58141,80,81,-1,1
58142,68,67,1,1
58143,130,133,-3,3
58144,100,95,5,5
58145,71,78,-7,7
58146,97,97,0,0
58147,147,149,-2,2
58148,93,95,-2,2
58149,165,169,-4,4
58150,70,72,-2,2
58151,59,65,-6,6
58152,46,54,-8,8
58153,132,116,16,16
58154,90,78,12,12
58155,208,196,12,12
58156,124,128,-4,4
58157,92,99,-7,7
58158,75,69,6,6
58159,103,97,6,6
58160,47,55,-8,8
58161,72,60,12,12
58162,65,66,-1,1
58163,107,112,-5,5
58164,131,132,-1,1
58165,67,76,-9,9
58166,119,116,3,3
58167,63,65,-2,2
58168,153,141,12,12
58169,72,75,-3,3
58170,131,147,-16,16
58171,92,87,5,5
58172,70,68,2,2
58173,93,100,-7,7
58174,48,62,-14,14
58175,75,71,4,4
58176,185,180,5,5
58177,90,85,5,5
58178,53,55,-2,2
58179,130,131,-1,1
58180,139,145,-6,6
58181,92,97,-5,5
58182,77,107,-30,30
58183,130,120,10,10
58184,88,82,6,6
58185,68,75,-7,7
58186,144,128,16,16
58187,73,74,-1,1
58188,136,138,-2,2
58189,115,111,4,4
58190,79,82,-3,3
58191,97,97,0,0
58192,70,68,2,2
58193,76,81,-5,5
58194,110,106,4,4
58195,103,119,-16,16
58196,106,103,3,3
58197,82,84,-2,2
58198,82,87,-5,5
58199,64,61,3,3
58200,108,108,0,0
58201,162,155,7,7
58202,64,68,-4,4
58203,42,47,-5,5
58204,128,127,1,1
58205,93,84,9,9
58206,83,77,6,6
58207,75,66,9,9
58208,113,107,6,6
58209,131,127,4,4
58210,70,65,5,5
58211,82,84,-2,2
58212,53,58,-5,5
58213,92,94,-2,2
58214,123,118,5,5
58215,132,125,7,7
58216,71,69,2,2
58217,83,83,0,0
58218,52,57,-5,5
58219,102,100,2,2
58220,51,56,-5,5
58221,90,83,7,7
58222,121,132,-11,11
58223,125,127,-2,2
58224,66,65,1,1
58225,99,107,-8,8
58226,71,83,-12,12
58227,103,101,2,2
58228,87,88,-1,1
58229,130,132,-2,2
58230,74,72,2,2
58231,171,161,10,10
58232,146,129,17,17
58233,81,80,1,1
58234,72,65,7,7
58235,81,95,-14,14
58236,58,60,-2,2
58237,111,105,6,6
58238,148,148,0,0
58239,76,74,2,2
58240,78,73,5,5
58241,91,94,-3,3
58242,91,93,-2,2
58243,70,69,1,1
58244,155,139,16,16
58245,89,95,-6,6
58246,55,53,2,2
58247,97,83,14,14
58248,71,69,2,2
58249,134,141,-7,7
58250,85,75,10,10
58251,76,73,3,3
58252,98,107,-9,9
58253,51,55,-4,4
58254,111,107,4,4
58255,59,61,-2,2
58256,112,110,2,2
58257,43,49,-6,6
58258,122,113,9,9
58259,62,67,-5,5
58260,57,58,-1,1
58261,94,98,-4,4
58262,92,87,5,5
58263,113,122,-9,9
58264,125,117,8,8
58265,98,102,-4,4
58266,58,60,-2,2
58267,110,104,6,6
58268,69,72,-3,3
58269,57,66,-9,9
58270,54,49,5,5
58271,69,71,-2,2
58272,84,93,-9,9
58273,81,91,-10,10
58274,72,73,-1,1
58275,120,112,8,8
58276,59,64,-5,5
58277,121,113,8,8
58278,54,64,-10,10
58279,62,62,0,0
58280,83,74,9,9
58281,85,78,7,7
58282,102,105,-3,3
58283,109,98,11,11
58284,128,141,-13,13
58285,128,116,12,12
58286,155,121,34,34
58287,75,80,-5,5
58288,44,48,-4,4
58289,106,106,0,0
58290,122,109,13,13
58291,99,95,4,4
58292,76,75,1,1
58293,93,88,5,5
58294,59,64,-5,5
58295,115,106,9,9
58296,147,139,8,8
58297,104,109,-5,5
58298,56,63,-7,7
58299,119,116,3,3
58300,92,90,2,2
58301,55,58,-3,3
58302,70,62,8,8
58303,79,83,-4,4
58304,106,101,5,5
58305,141,128,13,13
58306,142,140,2,2
58307,100,101,-1,1
58308,71,69,2,2
58309,37,49,-12,12
58310,58,52,6,6
58311,107,114,-7,7
58312,104,103,1,1
58313,125,123,2,2
58314,95,128,-33,33
58315,164,156,8,8
58316,45,60,-15,15
58317,86,81,5,5
58318,101,100,1,1
58319,117,112,5,5
58320,85,92,-7,7
58321,60,65,-5,5
58322,141,155,-14,14
58323,101,102,-1,1
58324,113,102,11,11
58325,108,111,-3,3
58326,86,84,2,2
58327,121,114,7,7
58328,165,181,-16,16
58329,58,58,0,0
58330,165,166,-1,1
58331,99,99,0,0
58332,77,81,-4,4
58333,120,116,4,4
58334,132,124,8,8
58335,138,124,14,14
58336,104,127,-23,23
58337,59,56,3,3
58338,68,64,4,4
58339,76,76,0,0
58340,81,88,-7,7
58341,126,124,2,2
58342,125,99,26,26
58343,39,55,-16,16
58344,103,77,26,26
58345,64,69,-5,5
58346,120,111,9,9
58347,53,62,-9,9
58348,81,74,7,7
58349,128,121,7,7
58350,75,74,1,1
58351,67,62,5,5
58352,158,144,14,14
58353,77,93,-16,16
58354,140,142,-2,2
58355,75,83,-8,8
58356,114,114,0,0
58357,82,80,2,2
58358,96,98,-2,2
58359,142,130,12,12
58360,84,96,-12,12
58361,84,65,19,19
58362,69,67,2,2
58363,63,66,-3,3
58364,83,87,-4,4
58365,136,135,1,1
58366,107,104,3,3
58367,95,98,-3,3
58368,157,139,18,18
58369,89,89,0,0
58370,85,82,3,3
58371,102,103,-1,1
58372,103,107,-4,4
58373,88,86,2,2
58374,100,93,7,7
58375,69,68,1,1
58376,84,73,11,11
58377,32,51,-19,19
58378,52,55,-3,3
58379,156,148,8,8
58380,71,67,4,4
58381,114,117,-3,3
58382,83,81,2,2
58383,81,81,0,0
58384,164,144,20,20
58385,109,104,5,5
58386,89,95,-6,6
58387,125,108,17,17
58388,82,76,6,6
58389,73,74,-1,1
58390,117,143,-26,26
58391,69,72,-3,3
58392,98,92,6,6
58393,114,101,13,13
58394,86,85,1,1
58395,112,102,10,10
58396,96,103,-7,7
58397,113,107,6,6
58398,86,95,-9,9
58399,130,127,3,3
58400,80,78,2,2
58401,134,138,-4,4
58402,158,157,1,1
58403,59,59,0,0
58404,55,59,-4,4
58405,87,90,-3,3
58406,42,49,-7,7
58407,76,73,3,3
58408,62,61,1,1
58409,119,114,5,5
58410,103,104,-1,1
58411,172,174,-2,2
58412,134,136,-2,2
58413,68,66,2,2
58414,62,56,6,6
58415,57,66,-9,9
58416,147,136,11,11
58417,93,88,5,5
58418,116,111,5,5
58419,161,158,3,3
58420,79,94,-15,15
58421,148,148,0,0
58422,118,116,2,2
58423,46,55,-9,9
58424,130,134,-4,4
58425,163,154,9,9
58426,56,60,-4,4
58427,74,71,3,3
58428,66,72,-6,6
58429,84,74,10,10
58430,76,81,-5,5
58431,88,83,5,5
58432,69,70,-1,1
58433,60,63,-3,3
58434,75,73,2,2
58435,164,154,10,10
58436,71,81,-10,10
58437,125,104,21,21
58438,86,89,-3,3
58439,62,57,5,5
58440,82,79,3,3
58441,55,58,-3,3
58442,58,74,-16,16
58443,52,62,-10,10
58444,107,101,6,6
58445,82,90,-8,8
58446,118,118,0,0
58447,104,98,6,6
58448,65,63,2,2
58449,148,154,-6,6
58450,104,107,-3,3
58451,189,181,8,8
58452,126,128,-2,2
58453,92,83,9,9
58454,122,121,1,1
58455,75,75,0,0
58456,99,98,1,1
58457,99,98,1,1
58458,154,154,0,0
58459,89,97,-8,8
58460,145,146,-1,1
58461,81,72,9,9
58462,146,157,-11,11
58463,171,176,-5,5
58464,52,53,-1,1
58465,81,74,7,7
58466,102,97,5,5
58467,137,151,-14,14
58468,43,48,-5,5
58469,93,98,-5,5
58470,62,61,1,1
58471,110,103,7,7
58472,78,72,6,6
58473,112,121,-9,9
58474,64,70,-6,6
58475,52,53,-1,1
58476,51,67,-16,16
58477,71,79,-8,8
58478,62,63,-1,1
58479,54,53,1,1
58480,81,66,15,15
58481,156,139,17,17
58482,76,79,-3,3
58483,74,67,7,7
58484,63,69,-6,6
58485,59,54,5,5
58486,45,50,-5,5
58487,127,107,20,20
58488,110,100,10,10
58489,68,69,-1,1
58490,89,89,0,0
58491,64,62,2,2
58492,116,123,-7,7
58493,68,71,-3,3
58494,211,212,-1,1
58495,93,88,5,5
58496,79,79,0,0
58497,84,84,0,0
58498,73,70,3,3
58499,82,77,5,5
58500,80,97,-17,17
58501,75,77,-2,2
58502,83,86,-3,3
58503,123,119,4,4
58504,52,58,-6,6
58505,133,122,11,11
58506,90,87,3,3
58507,70,66,4,4
58508,74,82,-8,8
58509,84,86,-2,2
58510,90,94,-4,4
58511,92,93,-1,1
58512,55,65,-10,10
58513,62,65,-3,3
58514,120,122,-2,2
58515,84,83,1,1
58516,83,72,11,11
58517,95,114,-19,19
58518,79,73,6,6
58519,89,93,-4,4
58520,149,144,5,5
58521,81,114,-33,33
58522,91,96,-5,5
58523,87,76,11,11
58524,76,76,0,0
58525,45,50,-5,5
58526,226,226,0,0
58527,125,122,3,3
58528,148,167,-19,19
58529,60,60,0,0
58530,134,134,0,0
58531,165,155,10,10
58532,129,122,7,7
58533,65,61,4,4
58534,89,87,2,2
58535,95,98,-3,3
58536,83,84,-1,1
58537,79,74,5,5
58538,111,105,6,6
58539,83,79,4,4
58540,121,119,2,2
58541,97,97,0,0
58542,114,116,-2,2
58543,55,56,-1,1
58544,118,113,5,5
58545,95,88,7,7
58546,80,77,3,3
58547,112,116,-4,4
58548,127,122,5,5
58549,140,135,5,5
58550,100,164,-64,64
58551,50,54,-4,4
58552,130,128,2,2
58553,77,76,1,1
58554,86,98,-12,12
58555,117,101,16,16
58556,163,155,8,8
58557,78,73,5,5
58558,118,115,3,3
58559,110,115,-5,5
58560,93,85,8,8
58561,76,91,-15,15
58562,71,67,4,4
58563,85,87,-2,2
58564,39,49,-10,10
58565,77,84,-7,7
58566,57,56,1,1
58567,68,69,-1,1
58568,74,71,3,3
58569,80,75,5,5
58570,86,90,-4,4
58571,55,57,-2,2
58572,129,113,16,16
58573,181,188,-7,7
58574,71,71,0,0
58575,106,129,-23,23
58576,43,52,-9,9
58577,157,158,-1,1
58578,68,70,-2,2
58579,134,126,8,8
58580,137,143,-6,6
58581,71,71,0,0
58582,48,50,-2,2
58583,45,53,-8,8
58584,75,77,-2,2
58585,67,82,-15,15
58586,108,97,11,11
58587,81,83,-2,2
58588,94,96,-2,2
58589,229,222,7,7
58590,58,59,-1,1
58591,75,82,-7,7
58592,97,115,-18,18
58593,142,143,-1,1
58594,196,167,29,29
58595,78,79,-1,1
58596,101,113,-12,12
58597,100,97,3,3
58598,82,73,9,9
58599,100,100,0,0
58600,81,85,-4,4
58601,81,87,-6,6
58602,106,118,-12,12
58603,74,69,5,5
58604,77,86,-9,9
58605,124,123,1,1
58606,35,50,-15,15
58607,76,81,-5,5
58608,106,104,2,2
58609,83,87,-4,4
58610,82,83,-1,1
58611,77,78,-1,1
58612,113,113,0,0
58613,86,82,4,4
58614,115,109,6,6
58615,98,95,3,3
58616,69,80,-11,11
58617,90,96,-6,6
58618,99,92,7,7
58619,59,71,-12,12
58620,109,100,9,9
58621,72,76,-4,4
58622,130,125,5,5
58623,118,120,-2,2
58624,113,111,2,2
58625,98,97,1,1
58626,102,94,8,8
58627,142,128,14,14
58628,95,102,-7,7
58629,89,91,-2,2
58630,45,65,-20,20
58631,35,45,-10,10
58632,54,58,-4,4
58633,102,88,14,14
58634,27,45,-18,18
58635,66,64,2,2
58636,35,50,-15,15
58637,115,107,8,8
58638,148,146,2,2
58639,98,93,5,5
58640,115,118,-3,3
58641,79,87,-8,8
58642,84,84,0,0
58643,147,147,0,0
58644,79,74,5,5
58645,62,63,-1,1
58646,95,83,12,12
58647,71,72,-1,1
58648,66,67,-1,1
58649,84,83,1,1
58650,142,134,8,8
58651,142,128,14,14
58652,91,87,4,4
58653,102,101,1,1
58654,105,140,-35,35
58655,66,63,3,3
58656,83,87,-4,4
58657,63,62,1,1
58658,66,70,-4,4
58659,109,125,-16,16
58660,71,78,-7,7
58661,92,92,0,0
58662,139,149,-10,10
58663,117,119,-2,2
58664,120,121,-1,1
58665,94,112,-18,18
58666,99,97,2,2
58667,58,60,-2,2
58668,129,128,1,1
58669,66,77,-11,11
58670,126,108,18,18
58671,111,120,-9,9
58672,54,59,-5,5
58673,153,133,20,20
58674,82,82,0,0
58675,56,60,-4,4
58676,59,64,-5,5
58677,146,133,13,13
58678,64,65,-1,1
58679,56,57,-1,1
58680,60,64,-4,4
58681,21,62,-41,41
58682,132,136,-4,4
58683,85,86,-1,1
58684,113,109,4,4
58685,81,78,3,3
58686,110,112,-2,2
58687,98,93,5,5
58688,86,89,-3,3
58689,102,100,2,2
58690,129,144,-15,15
58691,89,83,6,6
58692,121,123,-2,2
58693,104,102,2,2
58694,63,69,-6,6
58695,138,138,0,0
58696,119,138,-19,19
58697,92,87,5,5
58698,113,108,5,5
58699,97,100,-3,3
58700,162,156,6,6
58701,41,50,-9,9
58702,112,114,-2,2
58703,124,120,4,4
58704,76,73,3,3
58705,116,120,-4,4
58706,86,82,4,4
58707,69,63,6,6
58708,99,108,-9,9
58709,65,69,-4,4
58710,70,80,-10,10
58711,111,97,14,14
58712,79,75,4,4
58713,92,94,-2,2
58714,92,81,11,11
58715,126,126,0,0
58716,109,106,3,3
58717,65,72,-7,7
58718,79,75,4,4
58719,160,160,0,0
58720,75,81,-6,6
58721,95,90,5,5
58722,97,95,2,2
58723,102,106,-4,4
58724,75,71,4,4
58725,119,126,-7,7
58726,31,45,-14,14
58727,137,127,10,10
58728,99,109,-10,10
58729,135,131,4,4
58730,143,146,-3,3
58731,128,127,1,1
58732,135,134,1,1
58733,56,62,-6,6
58734,79,72,7,7
58735,157,141,16,16
58736,103,118,-15,15
58737,147,144,3,3
58738,78,77,1,1
58739,124,120,4,4
58740,57,64,-7,7
58741,63,78,-15,15
58742,79,71,8,8
58743,87,92,-5,5
58744,105,95,10,10
58745,119,113,6,6
58746,41,50,-9,9
58747,62,68,-6,6
58748,148,157,-9,9
58749,113,110,3,3
58750,236,221,15,15
58751,49,58,-9,9
58752,78,82,-4,4
58753,105,106,-1,1
58754,136,133,3,3
58755,93,96,-3,3
58756,55,58,-3,3
58757,87,90,-3,3
58758,67,76,-9,9
58759,113,104,9,9
58760,52,55,-3,3
58761,102,132,-30,30
58762,149,133,16,16
58763,65,73,-8,8
58764,106,97,9,9
58765,88,85,3,3
58766,175,160,15,15
58767,116,120,-4,4
58768,128,128,0,0
58769,86,89,-3,3
58770,154,136,18,18
58771,93,91,2,2
58772,65,93,-28,28
58773,119,119,0,0
58774,81,77,4,4
58775,93,116,-23,23
58776,77,82,-5,5
58777,144,119,25,25
58778,105,107,-2,2
58779,111,95,16,16
58780,143,131,12,12
58781,96,92,4,4
58782,86,97,-11,11
58783,78,73,5,5
58784,136,133,3,3
58785,82,78,4,4
58786,91,87,4,4
58787,83,86,-3,3
58788,106,109,-3,3
58789,94,99,-5,5
58790,99,102,-3,3
58791,78,71,7,7
58792,154,147,7,7
58793,77,63,14,14
58794,184,177,7,7
58795,192,181,11,11
58796,77,74,3,3
58797,105,111,-6,6
58798,62,67,-5,5
58799,103,98,5,5
58800,59,60,-1,1
58801,77,70,7,7
58802,155,159,-4,4
58803,90,85,5,5
58804,98,123,-25,25
58805,93,93,0,0
58806,132,133,-1,1
58807,115,116,-1,1
58808,67,65,2,2
58809,198,200,-2,2
58810,90,88,2,2
58811,114,109,5,5
58812,108,108,0,0
58813,77,84,-7,7
58814,114,123,-9,9
58815,126,141,-15,15
58816,86,81,5,5
58817,67,68,-1,1
58818,108,106,2,2
58819,92,90,2,2
58820,123,124,-1,1
58821,96,101,-5,5
58822,64,64,0,0
58823,166,161,5,5
58824,218,222,-4,4
58825,89,92,-3,3
58826,76,80,-4,4
58827,69,70,-1,1
58828,122,123,-1,1
58829,115,117,-2,2
58830,87,112,-25,25
58831,119,115,4,4
58832,95,89,6,6
58833,82,81,1,1
58834,57,61,-4,4
58835,100,107,-7,7
58836,86,78,8,8
58837,101,92,9,9
58838,65,56,9,9
58839,106,105,1,1
58840,75,75,0,0
58841,142,133,9,9
58842,81,75,6,6
58843,77,79,-2,2
58844,59,54,5,5
58845,130,116,14,14
58846,100,89,11,11
58847,92,96,-4,4
58848,55,53,2,2
58849,101,130,-29,29
58850,66,63,3,3
58851,108,97,11,11
58852,83,83,0,0
58853,69,67,2,2
58854,140,131,9,9
58855,87,82,5,5
58856,96,98,-2,2
58857,167,148,19,19
58858,72,68,4,4
58859,88,91,-3,3
58860,124,117,7,7
58861,91,95,-4,4
58862,51,54,-3,3
58863,87,68,19,19
58864,92,94,-2,2
58865,58,59,-1,1
58866,45,49,-4,4
58867,95,85,10,10
58868,134,122,12,12
58869,91,90,1,1
58870,121,114,7,7
58871,51,52,-1,1
58872,58,61,-3,3
58873,48,56,-8,8
58874,75,79,-4,4
58875,46,53,-7,7
58876,56,59,-3,3
58877,87,82,5,5
58878,47,65,-18,18
58879,88,91,-3,3
58880,112,106,6,6
58881,56,61,-5,5
58882,104,104,0,0
58883,61,61,0,0
58884,96,97,-1,1
58885,113,105,8,8
58886,66,61,5,5
58887,153,158,-5,5
58888,115,121,-6,6
58889,100,100,0,0
58890,73,69,4,4
58891,89,72,17,17
58892,101,111,-10,10
58893,82,91,-9,9
58894,89,99,-10,10
58895,94,100,-6,6
58896,93,85,8,8
58897,113,114,-1,1
58898,129,126,3,3
58899,68,63,5,5
58900,68,60,8,8
58901,94,90,4,4
58902,157,154,3,3
58903,99,96,3,3
58904,54,62,-8,8
58905,123,116,7,7
58906,94,81,13,13
58907,183,185,-2,2
58908,74,71,3,3
58909,59,61,-2,2
58910,173,164,9,9
58911,122,116,6,6
58912,75,72,3,3
58913,77,82,-5,5
58914,63,62,1,1
58915,90,98,-8,8
58916,56,62,-6,6
58917,82,82,0,0
58918,86,104,-18,18
58919,149,148,1,1
58920,108,101,7,7
58921,73,72,1,1
58922,67,70,-3,3
58923,93,93,0,0
58924,55,54,1,1
58925,108,114,-6,6
58926,118,109,9,9
58927,30,50,-20,20
58928,70,64,6,6
58929,94,96,-2,2
58930,84,77,7,7
58931,77,71,6,6
58932,64,60,4,4
58933,103,102,1,1
58934,93,119,-26,26
58935,91,84,7,7
58936,65,68,-3,3
58937,108,100,8,8
58938,117,106,11,11
58939,45,52,-7,7
58940,113,119,-6,6
58941,70,67,3,3
58942,75,97,-22,22
58943,79,77,2,2
58944,59,56,3,3
58945,59,59,0,0
58946,42,61,-19,19
58947,96,84,12,12
58948,109,103,6,6
58949,95,103,-8,8
58950,126,124,2,2
58951,89,93,-4,4
58952,99,98,1,1
58953,145,149,-4,4
58954,108,105,3,3
58955,84,84,0,0
58956,82,91,-9,9
58957,171,162,9,9
58958,103,95,8,8
58959,118,111,7,7
58960,180,166,14,14
58961,61,62,-1,1
58962,163,146,17,17
58963,135,145,-10,10
58964,152,142,10,10
58965,109,94,15,15
58966,61,66,-5,5
58967,108,112,-4,4
58968,181,190,-9,9
58969,104,111,-7,7
58970,105,101,4,4
58971,68,71,-3,3
58972,116,147,-31,31
58973,144,137,7,7
58974,85,78,7,7
58975,141,152,-11,11
58976,152,160,-8,8
58977,114,118,-4,4
58978,143,135,8,8
58979,155,154,1,1
58980,191,180,11,11
58981,102,96,6,6
58982,77,76,1,1
58983,97,102,-5,5
58984,85,95,-10,10
58985,82,76,6,6
58986,83,75,8,8
58987,64,63,1,1
58988,135,135,0,0
58989,86,79,7,7
58990,59,55,4,4
58991,71,60,11,11
58992,65,60,5,5
58993,134,129,5,5
58994,85,87,-2,2
58995,159,154,5,5
58996,145,152,-7,7
58997,66,69,-3,3
58998,71,75,-4,4
58999,154,136,18,18
59000,159,165,-6,6
59001,50,54,-4,4
59002,95,101,-6,6
59003,81,78,3,3
59004,128,115,13,13
59005,79,79,0,0
59006,93,101,-8,8
59007,156,154,2,2
59008,107,107,0,0
59009,48,52,-4,4
59010,49,52,-3,3
59011,52,108,-56,56
59012,43,56,-13,13
59013,166,162,4,4
59014,59,63,-4,4
59015,97,88,9,9
59016,143,159,-16,16
59017,107,116,-9,9
59018,122,120,2,2
59019,77,72,5,5
59020,77,76,1,1
59021,52,52,0,0
59022,70,64,6,6
59023,93,91,2,2
59024,93,107,-14,14
59025,110,117,-7,7
59026,53,55,-2,2
59027,67,67,0,0
59028,185,178,7,7
59029,90,77,13,13
59030,107,103,4,4
59031,148,157,-9,9
59032,119,122,-3,3
59033,95,107,-12,12
59034,112,100,12,12
59035,171,182,-11,11
59036,110,90,20,20
59037,76,80,-4,4
59038,99,98,1,1
59039,94,101,-7,7
59040,107,114,-7,7
59041,73,75,-2,2
59042,133,118,15,15
59043,70,77,-7,7
59044,80,68,12,12
59045,149,138,11,11
59046,78,65,13,13
59047,95,92,3,3
59048,79,85,-6,6
59049,42,53,-11,11
59050,73,67,6,6
59051,346,285,61,61
59052,70,80,-10,10
59053,75,78,-3,3
59054,144,149,-5,5
59055,63,61,2,2
59056,80,81,-1,1
59057,124,113,11,11
59058,69,68,1,1
59059,99,96,3,3
59060,140,116,24,24
59061,117,113,4,4
59062,58,64,-6,6
59063,84,82,2,2
59064,47,54,-7,7
59065,86,80,6,6
59066,52,56,-4,4
59067,77,82,-5,5
59068,69,71,-2,2
59069,107,103,4,4
59070,118,105,13,13
59071,81,95,-14,14
59072,109,100,9,9
59073,97,105,-8,8
59074,85,85,0,0
59075,81,69,12,12
59076,65,62,3,3
59077,101,115,-14,14
59078,90,98,-8,8
59079,68,79,-11,11
59080,59,52,7,7
59081,97,98,-1,1
59082,104,101,3,3
59083,52,52,0,0
59084,58,62,-4,4
59085,64,69,-5,5
59086,92,91,1,1
59087,179,166,13,13
59088,112,105,7,7
59089,100,111,-11,11
59090,60,56,4,4
59091,102,103,-1,1
59092,111,106,5,5
59093,100,92,8,8
59094,80,74,6,6
59095,89,83,6,6
59096,124,133,-9,9
59097,70,70,0,0
59098,85,93,-8,8
59099,79,85,-6,6
59100,74,72,2,2
59101,66,61,5,5
59102,75,83,-8,8
59103,83,81,2,2
59104,65,71,-6,6
59105,119,121,-2,2
59106,102,96,6,6
59107,81,84,-3,3
59108,77,78,-1,1
59109,81,78,3,3
59110,94,96,-2,2
59111,103,108,-5,5
59112,104,101,3,3
59113,118,103,15,15
59114,90,85,5,5
59115,71,75,-4,4
59116,114,105,9,9
59117,120,97,23,23
59118,85,80,5,5
59119,79,82,-3,3
59120,49,55,-6,6
59121,74,71,3,3
59122,99,99,0,0
59123,106,119,-13,13
59124,89,91,-2,2
59125,21,63,-42,42
59126,114,116,-2,2
59127,90,99,-9,9
59128,129,124,5,5
59129,64,60,4,4
59130,44,54,-10,10
59131,150,137,13,13
59132,136,136,0,0
59133,119,125,-6,6
59134,68,77,-9,9
59135,87,93,-6,6
59136,66,72,-6,6
59137,103,104,-1,1
59138,117,118,-1,1
59139,111,94,17,17
59140,112,87,25,25
59141,101,95,6,6
59142,143,147,-4,4
59143,81,80,1,1
59144,180,162,18,18
59145,61,62,-1,1
59146,131,128,3,3
59147,70,69,1,1
59148,107,111,-4,4
59149,135,126,9,9
59150,92,85,7,7
59151,81,78,3,3
59152,108,103,5,5
59153,90,84,6,6
59154,86,76,10,10
59155,127,120,7,7
59156,47,58,-11,11
59157,130,129,1,1
59158,84,91,-7,7
59159,79,77,2,2
59160,91,91,0,0
59161,120,109,11,11
59162,80,78,2,2
59163,59,68,-9,9
59164,81,94,-13,13
59165,143,146,-3,3
59166,117,99,18,18
59167,143,140,3,3
59168,154,131,23,23
59169,57,60,-3,3
59170,69,66,3,3
59171,44,52,-8,8
59172,84,93,-9,9
59173,96,90,6,6
59174,80,74,6,6
59175,61,84,-23,23
59176,64,71,-7,7
59177,67,71,-4,4
59178,108,103,5,5
59179,87,88,-1,1
59180,87,83,4,4
59181,112,99,13,13
59182,147,145,2,2
59183,143,140,3,3
59184,124,110,14,14
59185,160,150,10,10
59186,109,111,-2,2
59187,71,66,5,5
59188,138,132,6,6
59189,76,75,1,1
59190,96,89,7,7
59191,94,88,6,6
59192,44,49,-5,5
59193,83,88,-5,5
59194,49,55,-6,6
59195,75,85,-10,10
59196,104,112,-8,8
59197,75,74,1,1
59198,93,92,1,1
59199,96,104,-8,8
59200,81,88,-7,7
59201,80,77,3,3
59202,97,86,11,11
59203,65,70,-5,5
59204,46,51,-5,5
59205,79,81,-2,2
59206,88,87,1,1
59207,62,72,-10,10
59208,84,75,9,9
59209,70,71,-1,1
59210,129,136,-7,7
59211,104,75,29,29
59212,116,122,-6,6
59213,126,119,7,7
59214,95,99,-4,4
59215,66,66,0,0
59216,81,78,3,3
59217,133,115,18,18
59218,95,97,-2,2
59219,151,140,11,11
59220,88,90,-2,2
59221,110,111,-1,1
59222,69,63,6,6
59223,106,98,8,8
59224,64,67,-3,3
59225,126,113,13,13
59226,41,51,-10,10
59227,97,94,3,3
59228,46,79,-33,33
59229,52,65,-13,13
59230,66,58,8,8
59231,81,78,3,3
59232,81,84,-3,3
59233,85,82,3,3
59234,35,56,-21,21
59235,118,112,6,6
59236,94,91,3,3
59237,92,90,2,2
59238,55,57,-2,2
59239,99,93,6,6
59240,68,69,-1,1
59241,56,57,-1,1
59242,97,104,-7,7
59243,110,117,-7,7
59244,152,142,10,10
59245,40,50,-10,10
59246,52,61,-9,9
59247,169,177,-8,8
59248,160,149,11,11
59249,78,76,2,2
59250,77,90,-13,13
59251,40,52,-12,12
59252,93,117,-24,24
59253,115,107,8,8
59254,108,115,-7,7
59255,69,70,-1,1
59256,126,155,-29,29
59257,133,148,-15,15
59258,116,114,2,2
59259,76,83,-7,7
59260,42,52,-10,10
59261,74,81,-7,7
59262,145,138,7,7
59263,72,67,5,5
59264,103,113,-10,10
59265,67,69,-2,2
59266,139,125,14,14
59267,93,89,4,4
59268,112,108,4,4
59269,176,171,5,5
59270,70,70,0,0
59271,158,126,32,32
59272,71,70,1,1
59273,47,50,-3,3
59274,93,82,11,11
59275,57,67,-10,10
59276,75,67,8,8
59277,62,75,-13,13
59278,104,130,-26,26
59279,143,143,0,0
59280,83,81,2,2
59281,75,70,5,5
59282,92,90,2,2
59283,60,79,-19,19
59284,117,113,4,4
59285,64,67,-3,3
59286,61,60,1,1
59287,87,75,12,12
59288,175,180,-5,5
59289,58,63,-5,5
59290,77,66,11,11
59291,96,79,17,17
59292,120,122,-2,2
59293,176,165,11,11
59294,132,129,3,3
59295,67,69,-2,2
59296,73,75,-2,2
59297,120,146,-26,26
59298,71,74,-3,3
59299,63,60,3,3
59300,74,65,9,9
59301,35,58,-23,23
59302,129,118,11,11
59303,132,139,-7,7
59304,75,77,-2,2
59305,122,116,6,6
59306,89,85,4,4
59307,90,84,6,6
59308,71,73,-2,2
59309,92,81,11,11
59310,184,169,15,15
59311,59,86,-27,27
59312,90,91,-1,1
59313,100,114,-14,14
59314,83,84,-1,1
59315,83,87,-4,4
59316,78,77,1,1
59317,106,104,2,2
59318,107,113,-6,6
59319,45,51,-6,6
59320,82,87,-5,5
59321,85,93,-8,8
59322,109,89,20,20
59323,70,73,-3,3
59324,70,73,-3,3
59325,109,111,-2,2
59326,62,62,0,0
59327,63,72,-9,9
59328,67,73,-6,6
59329,38,48,-10,10
59330,45,51,-6,6
59331,111,102,9,9
59332,99,112,-13,13
59333,52,57,-5,5
59334,93,91,2,2
59335,103,119,-16,16
59336,86,83,3,3
59337,69,67,2,2
59338,52,79,-27,27
59339,215,173,42,42
59340,90,87,3,3
59341,54,57,-3,3
59342,110,105,5,5
59343,97,87,10,10
59344,150,118,32,32
59345,142,129,13,13
59346,57,71,-14,14
59347,116,112,4,4
59348,177,162,15,15
59349,109,107,2,2
59350,78,79,-1,1
59351,79,81,-2,2
59352,51,60,-9,9
59353,80,81,-1,1
59354,99,110,-11,11
59355,49,51,-2,2
59356,153,157,-4,4
59357,174,171,3,3
59358,100,101,-1,1
59359,147,135,12,12
59360,75,95,-20,20
59361,138,126,12,12
59362,78,75,3,3
59363,77,80,-3,3
59364,93,82,11,11
59365,148,141,7,7
59366,176,161,15,15
59367,74,71,3,3
59368,178,187,-9,9
59369,107,114,-7,7
59370,103,96,7,7
59371,125,122,3,3
59372,119,112,7,7
59373,98,99,-1,1
59374,69,63,6,6
59375,72,67,5,5
59376,81,97,-16,16
59377,54,59,-5,5
59378,110,112,-2,2
59379,84,86,-2,2
59380,148,148,0,0
59381,61,55,6,6
59382,94,100,-6,6
59383,79,91,-12,12
59384,77,77,0,0
59385,83,81,2,2
59386,102,93,9,9
59387,99,96,3,3
59388,104,98,6,6
59389,128,138,-10,10
59390,73,78,-5,5
59391,85,83,2,2
59392,123,138,-15,15
59393,87,92,-5,5
59394,135,122,13,13
59395,71,66,5,5
59396,81,93,-12,12
59397,64,63,1,1
59398,71,69,2,2
59399,105,103,2,2
59400,59,56,3,3
59401,140,132,8,8
59402,161,156,5,5
59403,100,89,11,11
59404,89,87,2,2
59405,64,73,-9,9
59406,154,155,-1,1
59407,167,138,29,29
59408,178,166,12,12
59409,88,78,10,10
59410,79,99,-20,20
59411,72,79,-7,7
59412,85,82,3,3
59413,92,90,2,2
59414,71,80,-9,9
59415,60,64,-4,4
59416,66,63,3,3
59417,95,86,9,9
59418,82,80,2,2
59419,82,87,-5,5
59420,91,80,11,11
59421,121,110,11,11
59422,78,75,3,3
59423,148,144,4,4
59424,95,95,0,0
59425,138,146,-8,8
59426,61,63,-2,2
59427,66,69,-3,3
59428,83,81,2,2
59429,61,70,-9,9
59430,60,59,1,1
59431,56,59,-3,3
59432,127,124,3,3
59433,62,58,4,4
59434,133,132,1,1
59435,79,72,7,7
59436,123,101,22,22
59437,53,57,-4,4
59438,79,77,2,2
59439,126,111,15,15
59440,117,135,-18,18
59441,136,135,1,1
59442,81,105,-24,24
59443,105,130,-25,25
59444,118,122,-4,4
59445,66,64,2,2
59446,59,65,-6,6
59447,129,131,-2,2
59448,93,99,-6,6
59449,87,90,-3,3
59450,45,48,-3,3
59451,64,61,3,3
59452,121,125,-4,4
59453,168,152,16,16
59454,81,75,6,6
59455,99,91,8,8
59456,117,104,13,13
59457,95,83,12,12
59458,66,69,-3,3
59459,122,115,7,7
59460,112,122,-10,10
59461,71,80,-9,9
59462,172,178,-6,6
59463,108,96,12,12
59464,85,83,2,2
59465,130,123,7,7
59466,64,63,1,1
59467,74,79,-5,5
59468,63,65,-2,2
59469,145,144,1,1
59470,95,96,-1,1
59471,138,147,-9,9
59472,105,104,1,1
59473,51,57,-6,6
59474,109,119,-10,10
59475,91,110,-19,19
59476,70,67,3,3
59477,129,128,1,1
59478,106,88,18,18
59479,82,76,6,6
59480,54,53,1,1
59481,151,164,-13,13
59482,120,114,6,6
59483,151,148,3,3
59484,96,102,-6,6
59485,62,71,-9,9
59486,165,159,6,6
59487,138,128,10,10
59488,128,129,-1,1
59489,80,68,12,12
59490,94,95,-1,1
59491,86,91,-5,5
59492,130,127,3,3
59493,154,142,12,12
59494,81,80,1,1
59495,152,143,9,9
59496,52,66,-14,14
59497,65,65,0,0
59498,109,90,19,19
59499,72,74,-2,2
59500,103,96,7,7
59501,112,99,13,13
59502,65,72,-7,7
59503,77,85,-8,8
59504,189,195,-6,6
59505,178,169,9,9
59506,48,48,0,0
59507,145,142,3,3
59508,47,64,-17,17
59509,146,143,3,3
59510,118,119,-1,1
59511,78,80,-2,2
59512,93,98,-5,5
59513,72,72,0,0
59514,86,89,-3,3
59515,118,111,7,7
59516,87,87,0,0
59517,42,51,-9,9
59518,87,96,-9,9
59519,87,91,-4,4
59520,159,156,3,3
59521,96,95,1,1
59522,50,57,-7,7
59523,76,93,-17,17
59524,111,119,-8,8
59525,140,136,4,4
59526,133,125,8,8
59527,89,100,-11,11
59528,94,96,-2,2
59529,60,57,3,3
59530,67,69,-2,2
59531,166,146,20,20
59532,74,77,-3,3
59533,88,90,-2,2
59534,113,111,2,2
59535,114,112,2,2
59536,98,90,8,8
59537,52,62,-10,10
59538,109,107,2,2
59539,51,55,-4,4
59540,92,88,4,4
59541,79,82,-3,3
59542,65,68,-3,3
59543,80,83,-3,3
59544,130,123,7,7
59545,90,102,-12,12
59546,108,94,14,14
59547,84,90,-6,6
59548,160,161,-1,1
59549,53,54,-1,1
59550,62,70,-8,8
59551,65,73,-8,8
59552,65,69,-4,4
59553,61,63,-2,2
59554,35,48,-13,13
59555,113,109,4,4
59556,69,71,-2,2
59557,56,55,1,1
59558,103,116,-13,13
59559,76,70,6,6
59560,106,113,-7,7
59561,157,154,3,3
59562,150,146,4,4
59563,79,81,-2,2
59564,94,95,-1,1
59565,59,64,-5,5
59566,135,160,-25,25
59567,91,98,-7,7
59568,129,127,2,2
59569,80,81,-1,1
59570,58,56,2,2
59571,96,84,12,12
59572,160,166,-6,6
59573,80,73,7,7
59574,55,58,-3,3
59575,101,99,2,2
59576,85,73,12,12
59577,68,72,-4,4
59578,95,111,-16,16
59579,110,108,2,2
59580,75,73,2,2
59581,73,81,-8,8
59582,90,90,0,0
59583,78,81,-3,3
59584,148,139,9,9
59585,94,93,1,1
59586,64,67,-3,3
59587,186,170,16,16
59588,40,55,-15,15
59589,74,73,1,1
59590,140,132,8,8
59591,103,98,5,5
59592,179,153,26,26
59593,209,177,32,32
59594,114,120,-6,6
59595,44,56,-12,12
59596,84,79,5,5
59597,55,59,-4,4
59598,150,143,7,7
59599,64,60,4,4
59600,61,71,-10,10
59601,89,90,-1,1
59602,129,117,12,12
59603,61,61,0,0
59604,125,110,15,15
59605,129,125,4,4
59606,94,95,-1,1
59607,86,79,7,7
59608,124,129,-5,5
59609,45,55,-10,10
59610,131,120,11,11
59611,89,87,2,2
59612,140,150,-10,10
59613,85,89,-4,4
59614,178,169,9,9
59615,120,116,4,4
59616,135,125,10,10
59617,72,69,3,3
59618,45,46,-1,1
59619,63,60,3,3
59620,62,72,-10,10
59621,87,87,0,0
59622,165,172,-7,7
59623,107,129,-22,22
59624,69,79,-10,10
59625,94,90,4,4
59626,58,64,-6,6
59627,105,103,2,2
59628,115,116,-1,1
59629,92,87,5,5
59630,80,78,2,2
59631,154,158,-4,4
59632,61,51,10,10
59633,115,113,2,2
59634,52,52,0,0
59635,69,71,-2,2
59636,58,64,-6,6
59637,92,97,-5,5
59638,56,62,-6,6
59639,94,109,-15,15
59640,70,73,-3,3
59641,126,101,25,25
59642,77,82,-5,5
59643,77,71,6,6
59644,160,162,-2,2
59645,69,69,0,0
59646,73,74,-1,1
59647,72,77,-5,5
59648,72,68,4,4
59649,124,124,0,0
59650,78,73,5,5
59651,81,79,2,2
59652,156,152,4,4
59653,67,66,1,1
59654,118,117,1,1
59655,79,69,10,10
59656,81,76,5,5
59657,87,77,10,10
59658,57,70,-13,13
59659,70,186,-116,116
59660,147,103,44,44
59661,141,135,6,6
59662,42,79,-37,37
59663,89,94,-5,5
59664,94,93,1,1
59665,103,103,0,0
59666,100,103,-3,3
59667,56,58,-2,2
59668,85,81,4,4
59669,77,75,2,2
59670,89,90,-1,1
59671,125,144,-19,19
59672,41,57,-16,16
59673,135,121,14,14
59674,70,80,-10,10
59675,51,51,0,0
59676,86,93,-7,7
59677,100,98,2,2
59678,103,106,-3,3
59679,62,63,-1,1
59680,153,136,17,17
59681,173,170,3,3
59682,137,151,-14,14
59683,107,97,10,10
59684,161,147,14,14
59685,139,138,1,1
59686,62,54,8,8
59687,71,64,7,7
59688,104,127,-23,23
59689,115,111,4,4
59690,144,144,0,0
59691,76,76,0,0
59692,168,164,4,4
59693,76,72,4,4
59694,78,84,-6,6
59695,94,119,-25,25
59696,92,84,8,8
59697,96,89,7,7
59698,131,122,9,9
59699,93,96,-3,3
59700,93,85,8,8
59701,60,68,-8,8
59702,78,68,10,10
59703,72,82,-10,10
59704,141,107,34,34
59705,116,109,7,7
59706,83,88,-5,5
59707,78,84,-6,6
59708,79,78,1,1
59709,113,118,-5,5
59710,46,51,-5,5
59711,93,99,-6,6
59712,99,90,9,9
59713,103,111,-8,8
59714,98,88,10,10
59715,113,107,6,6
59716,121,141,-20,20
59717,58,60,-2,2
59718,92,90,2,2
59719,89,95,-6,6
59720,99,99,0,0
59721,89,91,-2,2
59722,79,83,-4,4
59723,138,131,7,7
59724,79,77,2,2
59725,73,77,-4,4
59726,88,84,4,4
59727,73,85,-12,12
59728,95,97,-2,2
59729,104,107,-3,3
59730,77,72,5,5
59731,54,60,-6,6
59732,128,129,-1,1
59733,88,90,-2,2
59734,89,85,4,4
59735,100,105,-5,5
59736,132,132,0,0
59737,73,80,-7,7
59738,69,72,-3,3
59739,88,79,9,9
59740,127,127,0,0
59741,135,137,-2,2
59742,71,66,5,5
59743,133,130,3,3
59744,98,98,0,0
59745,96,82,14,14
59746,121,116,5,5
59747,110,101,9,9
59748,63,68,-5,5
59749,149,147,2,2
59750,75,86,-11,11
59751,61,75,-14,14
59752,203,181,22,22
59753,106,107,-1,1
59754,90,86,4,4
59755,111,93,18,18
59756,98,89,9,9
59757,70,85,-15,15
59758,77,71,6,6
59759,65,70,-5,5
59760,110,107,3,3
59761,82,92,-10,10
59762,135,133,2,2
59763,133,133,0,0
59764,93,88,5,5
59765,96,108,-12,12
59766,83,83,0,0
59767,83,85,-2,2
59768,114,105,9,9
59769,169,181,-12,12
59770,83,77,6,6
59771,87,86,1,1
59772,80,90,-10,10
59773,64,68,-4,4
59774,185,175,10,10
59775,110,98,12,12
59776,109,98,11,11
59777,52,59,-7,7
59778,103,101,2,2
59779,34,48,-14,14
59780,69,115,-46,46
59781,154,144,10,10
59782,149,144,5,5
59783,81,77,4,4
59784,81,80,1,1
59785,68,69,-1,1
59786,93,84,9,9
59787,57,60,-3,3
59788,129,129,0,0
59789,98,100,-2,2
59790,117,129,-12,12
59791,76,84,-8,8
59792,36,47,-11,11
59793,130,128,2,2
59794,81,82,-1,1
59795,72,85,-13,13
59796,76,77,-1,1
59797,63,65,-2,2
59798,97,93,4,4
59799,61,60,1,1
59800,85,86,-1,1
59801,110,133,-23,23
59802,85,81,4,4
59803,77,88,-11,11
59804,127,120,7,7
59805,49,48,1,1
59806,85,85,0,0
59807,83,92,-9,9
59808,132,143,-11,11
59809,136,139,-3,3
59810,73,67,6,6
59811,71,75,-4,4
59812,79,77,2,2
59813,88,95,-7,7
59814,70,129,-59,59
59815,75,66,9,9
59816,46,53,-7,7
59817,101,97,4,4
59818,128,144,-16,16
59819,92,87,5,5
59820,149,126,23,23
59821,122,89,33,33
59822,79,98,-19,19
59823,48,78,-30,30
59824,101,102,-1,1
59825,94,89,5,5
59826,125,125,0,0
59827,91,102,-11,11
59828,78,81,-3,3
59829,121,118,3,3
59830,166,151,15,15
59831,96,95,1,1
59832,124,141,-17,17
59833,159,152,7,7
59834,66,71,-5,5
59835,82,78,4,4
59836,75,75,0,0
59837,59,54,5,5
59838,85,85,0,0
59839,99,88,11,11
59840,148,139,9,9
59841,109,98,11,11
59842,81,82,-1,1
59843,99,92,7,7
59844,47,55,-8,8
59845,78,79,-1,1
59846,85,83,2,2
59847,76,86,-10,10
59848,54,55,-1,1
59849,106,108,-2,2
59850,83,80,3,3
59851,66,65,1,1
59852,47,58,-11,11
59853,60,67,-7,7
59854,109,111,-2,2
59855,122,121,1,1
59856,92,90,2,2
59857,102,91,11,11
59858,130,135,-5,5
59859,104,100,4,4
59860,106,92,14,14
59861,74,74,0,0
59862,149,151,-2,2
59863,46,58,-12,12
59864,55,56,-1,1
59865,81,78,3,3
59866,86,89,-3,3
59867,159,152,7,7
59868,49,53,-4,4
59869,76,82,-6,6
59870,109,111,-2,2
59871,88,76,12,12
59872,66,67,-1,1
59873,95,95,0,0
59874,123,117,6,6
59875,49,54,-5,5
59876,60,55,5,5
59877,140,140,0,0
59878,72,65,7,7
59879,103,109,-6,6
59880,88,92,-4,4
59881,94,91,3,3
59882,97,93,4,4
59883,112,109,3,3
59884,37,56,-19,19
59885,70,73,-3,3
59886,217,209,8,8
59887,159,140,19,19
59888,86,85,1,1
59889,116,115,1,1
59890,76,74,2,2
59891,159,149,10,10
59892,102,98,4,4
59893,72,74,-2,2
59894,102,104,-2,2
59895,94,82,12,12
59896,56,56,0,0
59897,136,143,-7,7
59898,78,75,3,3
59899,75,81,-6,6
59900,138,139,-1,1
59901,79,75,4,4
59902,89,93,-4,4
59903,63,72,-9,9
59904,59,56,3,3
59905,127,125,2,2
59906,100,92,8,8
59907,60,61,-1,1
59908,100,97,3,3
59909,108,101,7,7
59910,152,148,4,4
59911,118,118,0,0
59912,81,83,-2,2
59913,49,56,-7,7
59914,90,86,4,4
59915,97,96,1,1
59916,90,90,0,0
59917,138,133,5,5
59918,116,131,-15,15
59919,86,88,-2,2
59920,106,94,12,12
59921,155,147,8,8
59922,100,96,4,4
59923,66,68,-2,2
59924,84,81,3,3
59925,103,105,-2,2
59926,56,61,-5,5
59927,100,94,6,6
59928,93,89,4,4
59929,135,141,-6,6
59930,32,48,-16,16
59931,93,106,-13,13
59932,107,125,-18,18
59933,62,65,-3,3
59934,59,60,-1,1
59935,91,90,1,1
59936,75,80,-5,5
59937,73,76,-3,3
59938,96,99,-3,3
59939,115,117,-2,2
59940,63,67,-4,4
59941,85,93,-8,8
59942,72,82,-10,10
59943,158,168,-10,10
59944,91,85,6,6
59945,69,76,-7,7
59946,89,114,-25,25
59947,74,75,-1,1
59948,104,251,-147,147
59949,49,55,-6,6
59950,99,93,6,6
59951,127,124,3,3
59952,73,76,-3,3
59953,49,56,-7,7
59954,87,86,1,1
59955,157,149,8,8
59956,80,88,-8,8
59957,144,121,23,23
59958,83,92,-9,9
59959,131,134,-3,3
59960,95,100,-5,5
59961,141,139,2,2
59962,89,103,-14,14
59963,59,56,3,3
59964,86,84,2,2
59965,118,118,0,0
59966,78,82,-4,4
59967,148,144,4,4
59968,59,58,1,1
59969,104,109,-5,5
59970,85,82,3,3
59971,103,109,-6,6
59972,236,209,27,27
59973,66,78,-12,12
59974,50,66,-16,16
59975,77,71,6,6
59976,114,98,16,16
59977,85,83,2,2
59978,88,86,2,2
59979,74,71,3,3
59980,71,72,-1,1
59981,155,150,5,5
59982,62,69,-7,7
59983,100,93,7,7
59984,82,91,-9,9
59985,113,110,3,3
59986,104,79,25,25
59987,104,97,7,7
59988,105,127,-22,22
59989,153,149,4,4
59990,76,72,4,4
59991,85,74,11,11
59992,119,128,-9,9
59993,106,95,11,11
59994,73,80,-7,7
59995,137,123,14,14
59996,79,74,5,5
59997,186,185,1,1
59998,63,67,-4,4
59999,93,91,2,2
60000,126,139,-13,13
60001,70,69,1,1
60002,128,117,11,11
60003,61,62,-1,1
60004,83,76,7,7
60005,108,99,9,9
60006,87,95,-8,8
60007,97,102,-5,5
60008,62,62,0,0
60009,129,130,-1,1
60010,124,115,9,9
60011,63,70,-7,7
60012,138,134,4,4
60013,53,54,-1,1
60014,76,69,7,7
60015,138,146,-8,8
60016,123,129,-6,6
60017,57,53,4,4
60018,83,79,4,4
60019,96,102,-6,6
60020,119,130,-11,11
60021,72,68,4,4
60022,78,71,7,7
60023,106,96,10,10
60024,83,74,9,9
60025,71,63,8,8
60026,205,184,21,21
60027,59,63,-4,4
60028,57,58,-1,1
60029,90,89,1,1
60030,34,83,-49,49
60031,215,182,33,33
60032,85,88,-3,3
60033,158,154,4,4
60034,136,129,7,7
60035,55,53,2,2
60036,119,116,3,3
60037,109,148,-39,39
60038,57,57,0,0
60039,92,83,9,9
60040,99,94,5,5
60041,95,92,3,3
60042,74,68,6,6
60043,84,81,3,3
60044,107,101,6,6
60045,78,72,6,6
60046,64,66,-2,2
60047,66,77,-11,11
60048,88,84,4,4
60049,135,119,16,16
60050,139,132,7,7
60051,126,151,-25,25
60052,82,79,3,3
60053,70,64,6,6
60054,81,89,-8,8
60055,60,66,-6,6
60056,56,57,-1,1
60057,131,129,2,2
60058,59,66,-7,7
60059,83,72,11,11
60060,145,145,0,0
60061,86,83,3,3
60062,102,102,0,0
60063,77,78,-1,1
60064,136,121,15,15
60065,68,69,-1,1
60066,81,75,6,6
60067,82,76,6,6
60068,85,84,1,1
60069,121,121,0,0
60070,69,67,2,2
60071,56,61,-5,5
60072,170,162,8,8
60073,123,128,-5,5
60074,71,68,3,3
60075,77,78,-1,1
60076,140,135,5,5
60077,141,133,8,8
60078,98,95,3,3
60079,93,81,12,12
60080,69,79,-10,10
60081,104,103,1,1
60082,53,62,-9,9
60083,75,79,-4,4
60084,120,118,2,2
60085,86,97,-11,11
60086,98,93,5,5
60087,84,80,4,4
60088,88,70,18,18
60089,113,113,0,0
60090,74,75,-1,1
60091,91,87,4,4
60092,149,134,15,15
60093,82,78,4,4
60094,84,76,8,8
60095,195,190,5,5
60096,117,124,-7,7
60097,120,126,-6,6
60098,180,170,10,10
60099,80,92,-12,12
60100,122,120,2,2
60101,135,131,4,4
60102,159,167,-8,8
60103,107,108,-1,1
60104,76,80,-4,4
60105,85,86,-1,1
60106,87,80,7,7
60107,88,82,6,6
60108,41,50,-9,9
60109,78,72,6,6
60110,61,64,-3,3
60111,87,87,0,0
60112,129,120,9,9
60113,84,80,4,4
60114,142,128,14,14
60115,126,132,-6,6
60116,89,86,3,3
60117,74,66,8,8
60118,51,53,-2,2
60119,141,128,13,13
60120,83,75,8,8
60121,120,160,-40,40
60122,144,142,2,2
60123,67,72,-5,5
60124,82,84,-2,2
60125,67,72,-5,5
60126,85,85,0,0
60127,62,51,11,11
60128,106,103,3,3
60129,59,62,-3,3
60130,73,71,2,2
60131,145,143,2,2
60132,65,63,2,2
60133,72,68,4,4
60134,118,108,10,10
60135,105,118,-13,13
60136,71,70,1,1
60137,96,99,-3,3
60138,111,105,6,6
60139,73,90,-17,17
60140,88,81,7,7
60141,210,205,5,5
60142,104,98,6,6
60143,76,69,7,7
60144,43,52,-9,9
60145,110,99,11,11
60146,93,86,7,7
60147,114,111,3,3
60148,190,194,-4,4
60149,87,84,3,3
60150,85,75,10,10
60151,95,96,-1,1
60152,97,116,-19,19
60153,58,57,1,1
60154,126,138,-12,12
60155,145,133,12,12
60156,61,65,-4,4
60157,113,98,15,15
60158,42,46,-4,4
60159,108,101,7,7
60160,93,82,11,11
60161,157,158,-1,1
60162,75,74,1,1
60163,59,66,-7,7
60164,101,88,13,13
60165,83,78,5,5
60166,95,90,5,5
60167,100,96,4,4
60168,69,66,3,3
60169,108,112,-4,4
60170,79,72,7,7
60171,105,99,6,6
60172,98,114,-16,16
60173,123,131,-8,8
60174,103,102,1,1
60175,158,155,3,3
60176,98,94,4,4
60177,128,126,2,2
60178,54,58,-4,4
60179,54,65,-11,11
60180,86,85,1,1
60181,119,119,0,0
60182,67,64,3,3
60183,114,114,0,0
60184,104,101,3,3
60185,81,84,-3,3
60186,84,80,4,4
60187,86,82,4,4
60188,93,95,-2,2
60189,75,71,4,4
60190,69,72,-3,3
60191,96,89,7,7
60192,117,121,-4,4
60193,164,154,10,10
60194,121,117,4,4
60195,93,87,6,6
60196,91,85,6,6
60197,144,139,5,5
60198,101,102,-1,1
60199,135,116,19,19
60200,102,100,2,2
60201,83,83,0,0
60202,88,81,7,7
60203,101,107,-6,6
60204,102,104,-2,2
60205,102,111,-9,9
60206,105,101,4,4
60207,99,106,-7,7
60208,151,144,7,7
60209,67,72,-5,5
60210,164,142,22,22
60211,85,84,1,1
60212,89,95,-6,6
60213,59,60,-1,1
60214,94,82,12,12
60215,123,121,2,2
60216,79,105,-26,26
60217,74,69,5,5
60218,176,171,5,5
60219,59,68,-9,9
60220,100,104,-4,4
60221,123,127,-4,4
60222,104,106,-2,2
60223,145,153,-8,8
60224,97,100,-3,3
60225,175,169,6,6
60226,63,65,-2,2
60227,124,133,-9,9
60228,68,65,3,3
60229,139,132,7,7
60230,78,73,5,5
60231,79,71,8,8
60232,48,61,-13,13
60233,141,143,-2,2
60234,136,124,12,12
60235,123,133,-10,10
60236,85,86,-1,1
60237,128,122,6,6
60238,97,92,5,5
60239,63,61,2,2
60240,141,149,-8,8
60241,87,83,4,4
60242,93,102,-9,9
60243,54,51,3,3
60244,133,121,12,12
60245,50,54,-4,4
60246,71,72,-1,1
60247,75,76,-1,1
60248,165,167,-2,2
60249,64,66,-2,2
60250,95,85,10,10
60251,65,60,5,5
60252,106,103,3,3
60253,91,77,14,14
60254,70,76,-6,6
60255,124,124,0,0
60256,48,53,-5,5
60257,74,73,1,1
60258,64,63,1,1
60259,104,101,3,3
60260,82,83,-1,1
60261,82,81,1,1
60262,147,155,-8,8
60263,123,105,18,18
60264,81,86,-5,5
60265,146,153,-7,7
60266,88,83,5,5
60267,78,70,8,8
60268,118,125,-7,7
60269,160,159,1,1
60270,176,169,7,7
60271,133,118,15,15
60272,122,123,-1,1
60273,74,77,-3,3
60274,75,79,-4,4
60275,116,118,-2,2
60276,116,115,1,1
60277,126,121,5,5
60278,53,57,-4,4
60279,58,83,-25,25
60280,169,164,5,5
60281,100,113,-13,13
60282,56,62,-6,6
60283,63,71,-8,8
60284,58,57,1,1
60285,56,64,-8,8
60286,131,139,-8,8
60287,74,66,8,8
60288,143,136,7,7
60289,127,135,-8,8
60290,98,96,2,2
60291,60,54,6,6
60292,65,74,-9,9
60293,76,66,10,10
60294,72,72,0,0
60295,83,83,0,0
60296,41,46,-5,5
60297,91,89,2,2
60298,125,131,-6,6
60299,119,129,-10,10
60300,92,79,13,13
60301,100,114,-14,14
60302,125,120,5,5
60303,95,99,-4,4
60304,108,104,4,4
60305,118,118,0,0
60306,124,138,-14,14
60307,31,47,-16,16
60308,175,179,-4,4
60309,122,123,-1,1
60310,117,126,-9,9
60311,30,56,-26,26
60312,184,170,14,14
60313,93,89,4,4
60314,98,94,4,4
60315,82,80,2,2
60316,91,90,1,1
60317,67,75,-8,8
60318,103,71,32,32
60319,127,134,-7,7
60320,64,62,2,2
60321,70,80,-10,10
60322,68,68,0,0
60323,87,99,-12,12
60324,103,100,3,3
60325,91,92,-1,1
60326,77,73,4,4
60327,70,63,7,7
60328,90,93,-3,3
60329,64,65,-1,1
60330,53,54,-1,1
60331,87,78,9,9
60332,112,101,11,11
60333,91,87,4,4
60334,132,132,0,0
60335,116,119,-3,3
60336,99,103,-4,4
60337,80,72,8,8
60338,125,128,-3,3
60339,83,78,5,5
60340,123,130,-7,7
60341,126,121,5,5
60342,114,118,-4,4
60343,139,132,7,7
60344,135,147,-12,12
60345,61,62,-1,1
60346,70,78,-8,8
60347,112,108,4,4
60348,79,77,2,2
60349,58,63,-5,5
60350,131,141,-10,10
60351,154,148,6,6
60352,85,85,0,0
60353,116,103,13,13
60354,71,78,-7,7
60355,62,73,-11,11
60356,72,76,-4,4
60357,137,141,-4,4
60358,152,155,-3,3
60359,85,80,5,5
60360,63,65,-2,2
60361,67,59,8,8
60362,108,115,-7,7
60363,120,129,-9,9
60364,103,100,3,3
60365,96,103,-7,7
60366,108,114,-6,6
60367,49,106,-57,57
60368,83,90,-7,7
60369,91,83,8,8
60370,112,108,4,4
60371,148,142,6,6
60372,110,119,-9,9
60373,90,89,1,1
60374,71,67,4,4
60375,95,103,-8,8
60376,78,69,9,9
60377,102,103,-1,1
60378,99,95,4,4
60379,71,72,-1,1
60380,103,101,2,2
60381,75,78,-3,3
60382,128,128,0,0
60383,37,50,-13,13
60384,82,75,7,7
60385,82,90,-8,8
60386,105,107,-2,2
60387,96,93,3,3
60388,57,58,-1,1
60389,135,139,-4,4
60390,87,87,0,0
60391,75,86,-11,11
60392,75,86,-11,11
60393,127,117,10,10
60394,105,105,0,0
60395,61,59,2,2
60396,66,94,-28,28
60397,140,135,5,5
60398,129,134,-5,5
60399,150,139,11,11
60400,109,106,3,3
60401,115,128,-13,13
60402,118,117,1,1
60403,58,62,-4,4
60404,79,70,9,9
60405,28,54,-26,26
60406,173,154,19,19
60407,89,92,-3,3
60408,95,86,9,9
60409,71,78,-7,7
60410,87,90,-3,3
60411,77,71,6,6
60412,106,107,-1,1
60413,88,91,-3,3
60414,74,80,-6,6
60415,66,84,-18,18
60416,64,77,-13,13
60417,115,122,-7,7
60418,59,64,-5,5
60419,142,133,9,9
60420,73,65,8,8
60421,138,130,8,8
60422,110,108,2,2
60423,81,89,-8,8
60424,143,157,-14,14
60425,137,123,14,14
60426,177,169,8,8
60427,100,103,-3,3
60428,112,117,-5,5
60429,136,141,-5,5
60430,48,50,-2,2
60431,112,131,-19,19
60432,115,116,-1,1
60433,134,131,3,3
60434,97,104,-7,7
60435,86,80,6,6
60436,115,107,8,8
60437,80,76,4,4
60438,157,150,7,7
60439,59,58,1,1
60440,118,119,-1,1
60441,64,72,-8,8
60442,123,120,3,3
60443,70,75,-5,5
60444,60,66,-6,6
60445,76,84,-8,8
60446,161,157,4,4
60447,129,143,-14,14
60448,66,62,4,4
60449,104,95,9,9
60450,86,79,7,7
60451,53,54,-1,1
60452,76,75,1,1
60453,202,183,19,19
60454,81,74,7,7
60455,136,138,-2,2
60456,80,71,9,9
60457,54,59,-5,5
60458,71,65,6,6
60459,37,48,-11,11
60460,92,88,4,4
60461,81,90,-9,9
60462,94,117,-23,23
60463,116,113,3,3
60464,89,92,-3,3
60465,123,114,9,9
60466,95,91,4,4
60467,114,112,2,2
60468,134,142,-8,8
60469,153,154,-1,1
60470,82,79,3,3
60471,104,99,5,5
60472,101,108,-7,7
60473,73,63,10,10
60474,121,126,-5,5
60475,147,134,13,13
60476,70,76,-6,6
60477,126,127,-1,1
60478,284,251,33,33
60479,124,132,-8,8
60480,107,105,2,2
60481,78,77,1,1
60482,116,113,3,3
60483,139,133,6,6
60484,127,126,1,1
60485,61,65,-4,4
60486,56,58,-2,2
60487,105,98,7,7
60488,68,72,-4,4
60489,101,93,8,8
60490,64,61,3,3
60491,70,74,-4,4
60492,129,127,2,2
60493,86,84,2,2
60494,71,66,5,5
60495,57,139,-82,82
60496,63,77,-14,14
60497,100,91,9,9
60498,138,146,-8,8
60499,143,136,7,7
60500,123,119,4,4
60501,114,120,-6,6
60502,69,72,-3,3
60503,71,72,-1,1
60504,65,54,11,11
60505,94,104,-10,10
60506,73,80,-7,7
60507,77,79,-2,2
60508,68,70,-2,2
60509,126,138,-12,12
60510,133,127,6,6
60511,111,126,-15,15
60512,80,80,0,0
60513,74,81,-7,7
60514,91,86,5,5
60515,111,122,-11,11
60516,100,99,1,1
60517,191,171,20,20
60518,124,113,11,11
60519,55,58,-3,3
60520,113,102,11,11
60521,34,47,-13,13
60522,108,102,6,6
60523,74,73,1,1
60524,163,144,19,19
60525,135,122,13,13
60526,86,100,-14,14
60527,122,119,3,3
60528,135,132,3,3
60529,68,77,-9,9
60530,75,72,3,3
60531,127,139,-12,12
60532,65,64,1,1
60533,83,86,-3,3
60534,103,93,10,10
60535,79,77,2,2
60536,77,76,1,1
60537,116,122,-6,6
60538,123,120,3,3
60539,70,66,4,4
60540,66,63,3,3
60541,102,111,-9,9
60542,108,130,-22,22
60543,64,57,7,7
60544,116,129,-13,13
60545,154,163,-9,9
60546,78,79,-1,1
60547,97,101,-4,4
60548,64,72,-8,8
60549,109,107,2,2
60550,109,102,7,7
60551,110,117,-7,7
60552,124,118,6,6
60553,50,49,1,1
60554,75,70,5,5
60555,112,119,-7,7
60556,72,78,-6,6
60557,113,109,4,4
60558,70,80,-10,10
60559,112,86,26,26
60560,71,69,2,2
60561,117,117,0,0
60562,88,84,4,4
60563,88,78,10,10
60564,96,85,11,11
60565,114,118,-4,4
60566,46,55,-9,9
60567,82,88,-6,6
60568,77,75,2,2
60569,68,86,-18,18
60570,79,88,-9,9
60571,78,80,-2,2
60572,48,51,-3,3
60573,55,58,-3,3
60574,110,110,0,0
60575,106,102,4,4
60576,88,79,9,9
60577,90,97,-7,7
60578,84,91,-7,7
60579,78,85,-7,7
60580,108,115,-7,7
60581,52,64,-12,12
60582,162,140,22,22
60583,46,54,-8,8
60584,100,105,-5,5
60585,95,93,2,2
60586,138,139,-1,1
60587,53,54,-1,1
60588,100,94,6,6
60589,93,89,4,4
60590,90,111,-21,21
60591,103,107,-4,4
60592,92,84,8,8
60593,52,53,-1,1
60594,104,108,-4,4
60595,49,54,-5,5
60596,82,78,4,4
60597,104,98,6,6
60598,167,167,0,0
60599,58,65,-7,7
60600,79,81,-2,2
60601,75,66,9,9
60602,70,75,-5,5
60603,78,85,-7,7
60604,70,68,2,2
60605,130,134,-4,4
60606,90,92,-2,2
60607,68,69,-1,1
60608,97,104,-7,7
60609,83,83,0,0
60610,51,58,-7,7
60611,70,75,-5,5
60612,35,82,-47,47
60613,24,84,-60,60
60614,113,99,14,14
60615,133,126,7,7
60616,90,93,-3,3
60617,84,83,1,1
60618,86,84,2,2
60619,63,63,0,0
60620,51,55,-4,4
60621,153,147,6,6
60622,113,111,2,2
60623,47,57,-10,10
60624,111,104,7,7
60625,67,63,4,4
60626,51,93,-42,42
60627,57,64,-7,7
60628,67,64,3,3
60629,149,145,4,4
60630,71,70,1,1
60631,100,111,-11,11
60632,94,99,-5,5
60633,61,60,1,1
60634,100,90,10,10
60635,147,146,1,1
60636,92,93,-1,1
60637,79,82,-3,3
60638,95,99,-4,4
60639,155,160,-5,5
60640,88,80,8,8
60641,149,163,-14,14
60642,128,126,2,2
60643,73,62,11,11
60644,124,119,5,5
60645,78,82,-4,4
60646,73,77,-4,4
60647,104,98,6,6
60648,124,109,15,15
60649,65,70,-5,5
60650,98,103,-5,5
60651,100,96,4,4
60652,79,72,7,7
60653,216,183,33,33
60654,77,78,-1,1
60655,64,75,-11,11
60656,43,50,-7,7
60657,124,115,9,9
60658,87,87,0,0
60659,98,93,5,5
60660,91,86,5,5
60661,81,79,2,2
60662,109,118,-9,9
60663,61,77,-16,16
60664,86,90,-4,4
60665,126,122,4,4
60666,85,78,7,7
60667,94,116,-22,22
60668,68,67,1,1
60669,77,70,7,7
60670,72,72,0,0
60671,107,109,-2,2
60672,83,81,2,2
60673,116,117,-1,1
60674,59,57,2,2
60675,53,52,1,1
60676,137,138,-1,1
60677,128,117,11,11
60678,97,96,1,1
60679,97,102,-5,5
60680,75,73,2,2
60681,107,95,12,12
60682,96,95,1,1
60683,139,131,8,8
60684,62,66,-4,4
60685,90,88,2,2
60686,104,107,-3,3
60687,124,120,4,4
60688,107,104,3,3
60689,124,133,-9,9
60690,105,101,4,4
60691,134,141,-7,7
60692,122,115,7,7
60693,70,75,-5,5
60694,152,153,-1,1
60695,95,90,5,5
60696,67,86,-19,19
60697,109,105,4,4
60698,170,205,-35,35
60699,80,81,-1,1
60700,88,84,4,4
60701,131,101,30,30
60702,84,80,4,4
60703,97,103,-6,6
60704,149,131,18,18
60705,79,86,-7,7
60706,93,103,-10,10
60707,81,82,-1,1
60708,125,125,0,0
60709,82,78,4,4
60710,79,78,1,1
60711,65,58,7,7
60712,95,97,-2,2
60713,111,120,-9,9
60714,113,110,3,3
60715,119,124,-5,5
60716,68,72,-4,4
60717,135,115,20,20
60718,102,89,13,13
60719,96,111,-15,15
60720,107,110,-3,3
60721,86,80,6,6
60722,158,135,23,23
60723,141,132,9,9
60724,129,133,-4,4
60725,49,50,-1,1
60726,149,145,4,4
60727,114,114,0,0
60728,40,50,-10,10
60729,55,57,-2,2
60730,85,78,7,7
60731,65,64,1,1
60732,97,107,-10,10
60733,148,144,4,4
60734,141,129,12,12
60735,69,65,4,4
60736,80,80,0,0
60737,158,143,15,15
60738,75,79,-4,4
60739,88,88,0,0
60740,110,105,5,5
60741,82,83,-1,1
60742,58,66,-8,8
60743,76,71,5,5
60744,48,52,-4,4
60745,106,91,15,15
60746,108,109,-1,1
60747,191,175,16,16
60748,100,95,5,5
60749,58,59,-1,1
60750,117,118,-1,1
60751,233,194,39,39
60752,78,80,-2,2
60753,83,75,8,8
60754,66,65,1,1
60755,55,55,0,0
60756,77,78,-1,1
60757,102,95,7,7
60758,62,60,2,2
60759,71,71,0,0
60760,139,141,-2,2
60761,132,138,-6,6
60762,94,99,-5,5
60763,107,114,-7,7
60764,60,69,-9,9
60765,94,109,-15,15
60766,72,61,11,11
60767,86,83,3,3
60768,75,79,-4,4
60769,87,85,2,2
60770,148,137,11,11
60771,120,109,11,11
60772,68,71,-3,3
60773,81,75,6,6
60774,222,214,8,8
60775,68,66,2,2
60776,103,112,-9,9
60777,133,112,21,21
60778,135,116,19,19
60779,97,94,3,3
60780,56,59,-3,3
60781,73,71,2,2
60782,110,113,-3,3
60783,116,116,0,0
60784,46,52,-6,6
60785,119,113,6,6
60786,42,55,-13,13
60787,71,83,-12,12
60788,80,69,11,11
60789,87,90,-3,3
60790,73,75,-2,2
60791,99,94,5,5
60792,36,54,-18,18
60793,70,69,1,1
60794,55,53,2,2
60795,104,102,2,2
60796,135,138,-3,3
60797,103,97,6,6
60798,83,86,-3,3
60799,87,75,12,12
60800,78,72,6,6
60801,68,75,-7,7
60802,70,77,-7,7
60803,112,103,9,9
60804,99,100,-1,1
60805,103,103,0,0
60806,87,82,5,5
60807,105,103,2,2
60808,94,94,0,0
60809,185,175,10,10
60810,167,167,0,0
60811,67,74,-7,7
60812,98,80,18,18
60813,109,113,-4,4
60814,139,138,1,1
60815,88,87,1,1
60816,117,110,7,7
60817,101,113,-12,12
60818,124,134,-10,10
60819,182,155,27,27
60820,198,175,23,23
60821,115,115,0,0
60822,92,95,-3,3
60823,77,76,1,1
60824,104,103,1,1
60825,75,72,3,3
60826,93,83,10,10
60827,173,174,-1,1
60828,121,128,-7,7
60829,141,115,26,26
60830,66,80,-14,14
60831,72,66,6,6
60832,104,110,-6,6
60833,103,98,5,5
60834,81,78,3,3
60835,122,107,15,15
60836,131,122,9,9
60837,58,58,0,0
60838,106,107,-1,1
60839,119,108,11,11
60840,57,53,4,4
60841,77,77,0,0
60842,67,62,5,5
60843,85,81,4,4
60844,62,66,-4,4
60845,140,137,3,3
60846,72,77,-5,5
60847,125,130,-5,5
60848,166,161,5,5
60849,133,122,11,11
60850,101,83,18,18
60851,156,147,9,9
60852,68,71,-3,3
60853,70,67,3,3
60854,127,122,5,5
60855,89,84,5,5
60856,111,98,13,13
60857,154,133,21,21
60858,91,87,4,4
60859,59,61,-2,2
60860,105,104,1,1
60861,108,128,-20,20
60862,87,94,-7,7
60863,143,142,1,1
60864,88,87,1,1
60865,83,86,-3,3
60866,105,95,10,10
60867,96,100,-4,4
60868,95,89,6,6
60869,104,111,-7,7
60870,97,118,-21,21
60871,111,114,-3,3
60872,93,87,6,6
60873,54,53,1,1
60874,90,93,-3,3
60875,52,55,-3,3
60876,85,87,-2,2
60877,114,115,-1,1
60878,152,161,-9,9
60879,79,70,9,9
60880,118,124,-6,6
60881,85,74,11,11
60882,94,86,8,8
60883,49,53,-4,4
60884,56,58,-2,2
60885,156,143,13,13
60886,55,53,2,2
60887,116,114,2,2
60888,84,86,-2,2
60889,105,102,3,3
60890,122,116,6,6
60891,80,84,-4,4
60892,89,74,15,15
60893,117,112,5,5
60894,50,49,1,1
60895,65,68,-3,3
60896,115,119,-4,4
60897,78,75,3,3
60898,112,117,-5,5
60899,84,77,7,7
60900,144,147,-3,3
60901,95,87,8,8
60902,125,126,-1,1
60903,115,134,-19,19
60904,76,70,6,6
60905,119,116,3,3
60906,133,152,-19,19
60907,90,81,9,9
60908,112,108,4,4
60909,76,72,4,4
60910,147,140,7,7
60911,55,60,-5,5
60912,131,120,11,11
60913,116,104,12,12
60914,84,82,2,2
60915,72,71,1,1
60916,73,75,-2,2
60917,43,47,-4,4
60918,73,74,-1,1
60919,82,88,-6,6
60920,56,59,-3,3
60921,99,91,8,8
60922,105,115,-10,10
60923,79,89,-10,10
60924,138,125,13,13
60925,111,115,-4,4
60926,36,49,-13,13
60927,138,134,4,4
60928,89,94,-5,5
60929,93,82,11,11
60930,132,135,-3,3
60931,108,102,6,6
60932,66,66,0,0
60933,71,74,-3,3
60934,65,63,2,2
60935,200,190,10,10
60936,72,106,-34,34
60937,232,232,0,0
60938,75,75,0,0
60939,186,164,22,22
60940,125,120,5,5
60941,95,104,-9,9
60942,203,155,48,48
60943,176,155,21,21
60944,129,129,0,0
60945,76,78,-2,2
60946,143,142,1,1
60947,49,52,-3,3
60948,92,91,1,1
60949,92,89,3,3
60950,75,83,-8,8
60951,105,95,10,10
60952,155,136,19,19
60953,95,101,-6,6
60954,86,96,-10,10
60955,132,123,9,9
60956,46,52,-6,6
60957,69,75,-6,6
60958,58,72,-14,14
60959,140,133,7,7
60960,70,63,7,7
60961,89,91,-2,2
60962,84,66,18,18
60963,124,121,3,3
60964,71,69,2,2
60965,127,127,0,0
60966,69,71,-2,2
60967,111,104,7,7
60968,125,128,-3,3
60969,85,90,-5,5
60970,76,77,-1,1
60971,85,89,-4,4
60972,55,58,-3,3
60973,92,92,0,0
60974,182,172,10,10
60975,89,86,3,3
60976,102,95,7,7
60977,113,119,-6,6
60978,131,140,-9,9
60979,133,142,-9,9
60980,98,96,2,2
60981,154,138,16,16
60982,99,96,3,3
60983,114,111,3,3
60984,110,104,6,6
60985,125,100,25,25
60986,52,64,-12,12
60987,42,56,-14,14
60988,80,74,6,6
60989,83,82,1,1
60990,143,137,6,6
60991,56,61,-5,5
60992,131,123,8,8
60993,112,128,-16,16
60994,110,110,0,0
60995,104,97,7,7
60996,71,69,2,2
60997,36,52,-16,16
60998,57,61,-4,4
60999,72,82,-10,10
61000,119,106,13,13
61001,194,179,15,15
61002,107,100,7,7
61003,123,122,1,1
61004,87,80,7,7
61005,157,153,4,4
61006,75,77,-2,2
61007,94,95,-1,1
61008,85,84,1,1
61009,85,91,-6,6
61010,44,50,-6,6
61011,78,81,-3,3
61012,97,78,19,19
61013,34,61,-27,27
61014,38,46,-8,8
61015,93,89,4,4
61016,113,110,3,3
61017,130,123,7,7
61018,46,52,-6,6
61019,94,101,-7,7
61020,144,133,11,11
61021,60,62,-2,2
61022,110,112,-2,2
61023,78,82,-4,4
61024,172,166,6,6
61025,117,132,-15,15
61026,60,71,-11,11
61027,114,101,13,13
61028,136,147,-11,11
61029,130,140,-10,10
61030,140,133,7,7
61031,58,65,-7,7
61032,87,83,4,4
61033,154,147,7,7
61034,84,84,0,0
61035,78,71,7,7
61036,224,270,-46,46
61037,77,72,5,5
61038,114,111,3,3
61039,64,72,-8,8
61040,145,140,5,5
61041,62,64,-2,2
61042,123,124,-1,1
61043,126,126,0,0
61044,59,71,-12,12
61045,59,69,-10,10
61046,65,77,-12,12
61047,81,85,-4,4
61048,104,98,6,6
61049,94,96,-2,2
61050,131,132,-1,1
61051,60,59,1,1
61052,111,101,10,10
61053,159,146,13,13
61054,145,146,-1,1
61055,67,62,5,5
61056,114,109,5,5
61057,82,77,5,5
61058,93,95,-2,2
61059,53,60,-7,7
61060,83,90,-7,7
61061,101,105,-4,4
61062,112,126,-14,14
61063,71,61,10,10
61064,86,76,10,10
61065,49,99,-50,50
61066,59,59,0,0
61067,125,117,8,8
61068,157,159,-2,2
61069,90,93,-3,3
61070,160,169,-9,9
61071,128,110,18,18
61072,78,81,-3,3
61073,153,153,0,0
61074,87,103,-16,16
61075,133,128,5,5
61076,96,100,-4,4
61077,88,98,-10,10
61078,69,76,-7,7
61079,150,160,-10,10
61080,134,123,11,11
61081,122,122,0,0
61082,91,90,1,1
61083,156,146,10,10
61084,76,77,-1,1
61085,44,49,-5,5
61086,117,124,-7,7
61087,110,108,2,2
61088,101,86,15,15
61089,81,78,3,3
61090,52,56,-4,4
61091,164,164,0,0
61092,40,47,-7,7
61093,80,85,-5,5
61094,129,121,8,8
61095,131,123,8,8
61096,87,88,-1,1
61097,79,75,4,4
61098,110,104,6,6
61099,120,111,9,9
61100,100,120,-20,20
61101,113,115,-2,2
61102,97,119,-22,22
61103,75,71,4,4
61104,85,92,-7,7
61105,49,53,-4,4
61106,103,116,-13,13
61107,177,170,7,7
61108,94,96,-2,2
61109,130,129,1,1
61110,72,75,-3,3
61111,158,152,6,6
61112,47,53,-6,6
61113,74,87,-13,13
61114,101,108,-7,7
61115,51,61,-10,10
61116,83,80,3,3
61117,142,140,2,2
61118,58,63,-5,5
61119,83,86,-3,3
61120,45,51,-6,6
61121,138,139,-1,1
61122,152,143,9,9
61123,101,109,-8,8
61124,77,68,9,9
61125,52,81,-29,29
61126,89,82,7,7
61127,149,140,9,9
61128,78,69,9,9
61129,146,147,-1,1
61130,122,126,-4,4
61131,88,80,8,8
61132,131,133,-2,2
61133,67,69,-2,2
61134,107,93,14,14
61135,139,147,-8,8
61136,164,150,14,14
61137,134,128,6,6
61138,71,71,0,0
61139,87,84,3,3
61140,68,67,1,1
61141,56,107,-51,51
61142,118,121,-3,3
61143,101,95,6,6
61144,75,79,-4,4
61145,127,140,-13,13
61146,85,88,-3,3
61147,57,62,-5,5
61148,37,51,-14,14
61149,116,115,1,1
61150,108,102,6,6
61151,137,136,1,1
61152,58,58,0,0
61153,67,88,-21,21
61154,106,106,0,0
61155,132,117,15,15
61156,102,94,8,8
61157,115,119,-4,4
61158,85,84,1,1
61159,107,108,-1,1
61160,49,57,-8,8
61161,139,153,-14,14
61162,126,132,-6,6
61163,135,145,-10,10
61164,69,62,7,7
61165,88,80,8,8
61166,117,113,4,4
61167,77,70,7,7
61168,51,58,-7,7
61169,92,105,-13,13
61170,80,86,-6,6
61171,82,79,3,3
61172,157,154,3,3
61173,83,84,-1,1
61174,136,127,9,9
61175,147,136,11,11
61176,49,50,-1,1
61177,86,85,1,1
61178,125,118,7,7
61179,73,65,8,8
61180,99,111,-12,12
61181,102,106,-4,4
61182,101,103,-2,2
61183,109,100,9,9
61184,126,124,2,2
61185,142,124,18,18
61186,62,63,-1,1
61187,113,113,0,0
61188,149,127,22,22
61189,61,63,-2,2
61190,66,70,-4,4
61191,122,116,6,6
61192,89,90,-1,1
61193,76,78,-2,2
61194,74,83,-9,9
61195,61,64,-3,3
61196,44,53,-9,9
61197,107,123,-16,16
61198,104,96,8,8
61199,109,107,2,2
61200,140,131,9,9
61201,43,52,-9,9
61202,40,49,-9,9
61203,223,193,30,30
61204,95,92,3,3
61205,47,56,-9,9
61206,71,64,7,7
61207,121,107,14,14
61208,119,125,-6,6
61209,135,137,-2,2
61210,78,72,6,6
61211,96,86,10,10
61212,71,72,-1,1
61213,71,78,-7,7
61214,108,130,-22,22
61215,64,62,2,2
61216,169,187,-18,18
61217,80,79,1,1
61218,78,78,0,0
61219,100,95,5,5
61220,90,90,0,0
61221,108,102,6,6
61222,84,86,-2,2
61223,150,148,2,2
61224,91,108,-17,17
61225,55,69,-14,14
61226,83,82,1,1
61227,119,155,-36,36
61228,86,86,0,0
61229,101,106,-5,5
61230,89,80,9,9
61231,80,86,-6,6
61232,116,109,7,7
61233,146,151,-5,5
61234,64,76,-12,12
61235,175,165,10,10
61236,139,139,0,0
61237,79,72,7,7
61238,120,116,4,4
61239,84,89,-5,5
61240,132,137,-5,5
61241,71,75,-4,4
61242,104,96,8,8
61243,60,66,-6,6
61244,171,151,20,20
61245,93,92,1,1
61246,132,131,1,1
61247,55,57,-2,2
61248,74,60,14,14
61249,126,114,12,12
61250,75,78,-3,3
61251,45,60,-15,15
61252,95,92,3,3
61253,154,142,12,12
61254,143,132,11,11
61255,111,111,0,0
61256,97,104,-7,7
61257,203,220,-17,17
61258,42,51,-9,9
61259,49,48,1,1
61260,111,110,1,1
61261,76,65,11,11
61262,79,76,3,3
61263,70,80,-10,10
61264,57,63,-6,6
61265,60,64,-4,4
61266,119,123,-4,4
61267,76,80,-4,4
61268,72,67,5,5
61269,124,110,14,14
61270,138,118,20,20
61271,118,118,0,0
61272,119,113,6,6
61273,94,81,13,13
61274,113,135,-22,22
61275,69,85,-16,16
61276,106,99,7,7
61277,41,50,-9,9
61278,88,81,7,7
61279,124,137,-13,13
61280,51,58,-7,7
61281,70,79,-9,9
61282,112,112,0,0
61283,100,99,1,1
61284,143,137,6,6
61285,87,93,-6,6
61286,61,64,-3,3
61287,64,68,-4,4
61288,130,100,30,30
61289,81,77,4,4
61290,73,67,6,6
61291,47,52,-5,5
61292,99,115,-16,16
61293,95,91,4,4
61294,105,106,-1,1
61295,126,128,-2,2
61296,108,100,8,8
61297,67,72,-5,5
61298,72,80,-8,8
61299,65,60,5,5
61300,109,106,3,3
61301,52,57,-5,5
61302,122,113,9,9
61303,59,60,-1,1
61304,117,129,-12,12
61305,79,73,6,6
61306,46,56,-10,10
61307,64,72,-8,8
61308,71,83,-12,12
61309,60,61,-1,1
61310,70,69,1,1
61311,114,113,1,1
61312,101,103,-2,2
61313,138,141,-3,3
61314,98,89,9,9
61315,92,98,-6,6
61316,196,189,7,7
61317,109,113,-4,4
61318,55,56,-1,1
61319,166,169,-3,3
61320,68,72,-4,4
61321,61,63,-2,2
61322,79,80,-1,1
61323,86,80,6,6
61324,90,83,7,7
61325,128,125,3,3
61326,102,102,0,0
61327,118,110,8,8
61328,86,84,2,2
61329,105,104,1,1
61330,78,76,2,2
61331,96,96,0,0
61332,38,51,-13,13
61333,96,96,0,0
61334,123,121,2,2
61335,85,79,6,6
61336,117,108,9,9
61337,78,101,-23,23
61338,131,134,-3,3
61339,82,82,0,0
61340,87,90,-3,3
61341,81,80,1,1
61342,59,55,4,4
61343,84,82,2,2
61344,89,92,-3,3
61345,65,63,2,2
61346,131,134,-3,3
61347,55,60,-5,5
61348,66,96,-30,30
61349,74,69,5,5
61350,84,70,14,14
61351,110,107,3,3
61352,63,74,-11,11
61353,97,84,13,13
61354,55,64,-9,9
61355,94,95,-1,1
61356,148,145,3,3
61357,110,97,13,13
61358,161,157,4,4
61359,139,134,5,5
61360,63,70,-7,7
61361,120,119,1,1
61362,79,82,-3,3
61363,131,136,-5,5
61364,150,134,16,16
61365,80,80,0,0
61366,37,45,-8,8
61367,116,118,-2,2
61368,82,78,4,4
61369,130,130,0,0
61370,68,75,-7,7
61371,86,81,5,5
61372,90,77,13,13
61373,57,57,0,0
61374,149,139,10,10
61375,79,72,7,7
61376,126,126,0,0
61377,120,135,-15,15
61378,197,186,11,11
61379,62,60,2,2
61380,88,84,4,4
61381,144,136,8,8
61382,99,97,2,2
61383,101,120,-19,19
61384,111,102,9,9
61385,61,62,-1,1
61386,85,80,5,5
61387,96,94,2,2
61388,125,125,0,0
61389,107,99,8,8
61390,136,126,10,10
61391,148,143,5,5
61392,98,105,-7,7
61393,66,61,5,5
61394,95,79,16,16
61395,107,91,16,16
61396,47,60,-13,13
61397,78,78,0,0
61398,81,77,4,4
61399,72,72,0,0
61400,84,96,-12,12
61401,145,152,-7,7
61402,77,77,0,0
61403,90,81,9,9
61404,131,120,11,11
61405,91,84,7,7
61406,38,68,-30,30
61407,94,92,2,2
61408,111,110,1,1
61409,145,146,-1,1
61410,84,85,-1,1
61411,87,75,12,12
61412,115,107,8,8
61413,95,88,7,7
61414,144,133,11,11
61415,90,85,5,5
61416,101,94,7,7
61417,91,89,2,2
61418,190,194,-4,4
61419,80,84,-4,4
61420,167,154,13,13
61421,83,76,7,7
61422,66,63,3,3
61423,50,52,-2,2
61424,111,113,-2,2
61425,83,92,-9,9
61426,72,69,3,3
61427,73,68,5,5
61428,79,86,-7,7
61429,66,71,-5,5
61430,83,81,2,2
61431,262,247,15,15
61432,108,119,-11,11
61433,117,115,2,2
61434,98,87,11,11
61435,85,87,-2,2
61436,63,63,0,0
61437,190,182,8,8
61438,85,85,0,0
61439,123,116,7,7
61440,144,143,1,1
61441,75,76,-1,1
61442,97,92,5,5
61443,85,77,8,8
61444,69,65,4,4
61445,77,80,-3,3
61446,61,65,-4,4
61447,75,73,2,2
61448,97,121,-24,24
61449,70,70,0,0
61450,85,83,2,2
61451,61,64,-3,3
61452,77,72,5,5
61453,58,61,-3,3
61454,83,78,5,5
61455,91,92,-1,1
61456,53,58,-5,5
61457,55,51,4,4
61458,87,88,-1,1
61459,80,84,-4,4
61460,53,60,-7,7
61461,133,127,6,6
61462,90,94,-4,4
61463,60,66,-6,6
61464,68,69,-1,1
61465,66,59,7,7
61466,112,115,-3,3
61467,139,141,-2,2
61468,50,51,-1,1
61469,120,124,-4,4
61470,77,77,0,0
61471,81,71,10,10
61472,87,82,5,5
61473,43,53,-10,10
61474,68,64,4,4
61475,58,58,0,0
61476,120,124,-4,4
61477,114,105,9,9
61478,173,163,10,10
61479,62,65,-3,3
61480,115,105,10,10
61481,213,198,15,15
61482,108,108,0,0
61483,53,63,-10,10
61484,85,75,10,10
61485,119,119,0,0
61486,74,80,-6,6
61487,93,87,6,6
61488,72,68,4,4
61489,104,89,15,15
61490,88,88,0,0
61491,56,66,-10,10
61492,139,133,6,6
61493,110,113,-3,3
61494,93,86,7,7
61495,54,48,6,6
61496,83,90,-7,7
61497,73,67,6,6
61498,202,184,18,18
61499,95,95,0,0
61500,51,59,-8,8
61501,141,124,17,17
61502,130,131,-1,1
61503,89,97,-8,8
61504,67,65,2,2
61505,92,80,12,12
61506,138,147,-9,9
61507,50,51,-1,1
61508,85,76,9,9
61509,118,101,17,17
61510,84,79,5,5
61511,95,88,7,7
61512,92,98,-6,6
61513,141,151,-10,10
61514,94,99,-5,5
61515,117,121,-4,4
61516,82,68,14,14
61517,73,79,-6,6
61518,108,97,11,11
61519,93,105,-12,12
61520,156,160,-4,4
61521,84,86,-2,2
61522,106,94,12,12
61523,91,94,-3,3
61524,88,91,-3,3
61525,78,73,5,5
61526,136,134,2,2
61527,59,68,-9,9
61528,94,102,-8,8
61529,100,99,1,1
61530,144,139,5,5
61531,89,112,-23,23
61532,67,72,-5,5
61533,28,47,-19,19
61534,114,112,2,2
61535,123,135,-12,12
61536,85,71,14,14
61537,77,80,-3,3
61538,89,105,-16,16
61539,90,88,2,2
61540,80,83,-3,3
61541,114,122,-8,8
61542,46,54,-8,8
61543,123,116,7,7
61544,132,130,2,2
61545,106,119,-13,13
61546,93,94,-1,1
61547,100,123,-23,23
61548,82,76,6,6
61549,170,183,-13,13
61550,103,120,-17,17
61551,60,62,-2,2
61552,101,115,-14,14
61553,101,98,3,3
61554,106,99,7,7
61555,53,65,-12,12
61556,45,48,-3,3
61557,102,119,-17,17
61558,74,71,3,3
61559,107,116,-9,9
61560,95,95,0,0
61561,96,92,4,4
61562,100,97,3,3
61563,40,54,-14,14
61564,85,80,5,5
61565,59,61,-2,2
61566,107,97,10,10
61567,157,150,7,7
61568,72,75,-3,3
61569,104,94,10,10
61570,53,63,-10,10
61571,131,130,1,1
61572,147,142,5,5
61573,80,78,2,2
61574,135,132,3,3
61575,119,110,9,9
61576,128,119,9,9
61577,126,122,4,4
61578,91,83,8,8
61579,102,90,12,12
61580,55,62,-7,7
61581,69,71,-2,2
61582,57,71,-14,14
61583,53,60,-7,7
61584,109,96,13,13
61585,106,90,16,16
61586,106,109,-3,3
61587,128,116,12,12
61588,84,80,4,4
61589,73,74,-1,1
61590,137,113,24,24
61591,96,97,-1,1
61592,106,105,1,1
61593,119,119,0,0
61594,113,115,-2,2
61595,138,133,5,5
61596,52,57,-5,5
61597,115,114,1,1
61598,66,65,1,1
61599,114,118,-4,4
61600,46,63,-17,17
61601,108,104,4,4
61602,85,78,7,7
61603,67,63,4,4
61604,66,62,4,4
61605,76,81,-5,5
61606,93,88,5,5
61607,145,159,-14,14
61608,122,115,7,7
61609,88,83,5,5
61610,59,60,-1,1
61611,77,77,0,0
61612,84,88,-4,4
61613,71,76,-5,5
61614,93,87,6,6
61615,71,68,3,3
61616,40,56,-16,16
61617,165,157,8,8
61618,104,104,0,0
61619,54,56,-2,2
61620,46,57,-11,11
61621,70,69,1,1
61622,51,54,-3,3
61623,86,81,5,5
61624,86,83,3,3
61625,90,85,5,5
61626,160,161,-1,1
61627,119,115,4,4
61628,78,83,-5,5
61629,112,126,-14,14
61630,89,88,1,1
61631,96,101,-5,5
61632,96,94,2,2
61633,96,94,2,2
61634,33,51,-18,18
61635,78,75,3,3
61636,65,58,7,7
61637,69,72,-3,3
61638,85,86,-1,1
61639,71,63,8,8
61640,119,109,10,10
61641,100,100,0,0
61642,102,104,-2,2
61643,96,86,10,10
61644,77,72,5,5
61645,91,97,-6,6
61646,175,162,13,13
61647,96,100,-4,4
61648,133,125,8,8
61649,107,126,-19,19
61650,98,91,7,7
61651,94,100,-6,6
61652,67,66,1,1
61653,116,122,-6,6
61654,73,80,-7,7
61655,83,68,15,15
61656,75,78,-3,3
61657,109,124,-15,15
61658,143,150,-7,7
61659,84,85,-1,1
61660,79,84,-5,5
61661,104,103,1,1
61662,44,50,-6,6
61663,53,50,3,3
61664,108,106,2,2
61665,86,90,-4,4
61666,119,122,-3,3
61667,56,57,-1,1
61668,88,91,-3,3
61669,118,123,-5,5
61670,102,103,-1,1
61671,49,50,-1,1
61672,99,96,3,3
61673,105,178,-73,73
61674,131,115,16,16
61675,78,70,8,8
61676,99,91,8,8
61677,23,44,-21,21
61678,126,130,-4,4
61679,92,88,4,4
61680,85,93,-8,8
61681,61,65,-4,4
61682,137,140,-3,3
61683,74,75,-1,1
61684,129,124,5,5
61685,156,156,0,0
61686,72,69,3,3
61687,151,140,11,11
61688,72,68,4,4
61689,81,88,-7,7
61690,128,120,8,8
61691,136,123,13,13
61692,111,115,-4,4
61693,150,151,-1,1
61694,79,82,-3,3
61695,124,123,1,1
61696,133,126,7,7
61697,106,117,-11,11
61698,71,73,-2,2
61699,69,66,3,3
61700,105,114,-9,9
61701,60,60,0,0
61702,97,96,1,1
61703,129,137,-8,8
61704,70,68,2,2
61705,137,148,-11,11
61706,110,98,12,12
61707,97,96,1,1
61708,149,170,-21,21
61709,63,65,-2,2
61710,71,76,-5,5
61711,108,101,7,7
61712,127,125,2,2
61713,92,95,-3,3
61714,41,55,-14,14
61715,87,84,3,3
61716,95,91,4,4
61717,58,64,-6,6
61718,103,113,-10,10
61719,106,104,2,2
61720,100,106,-6,6
61721,49,59,-10,10
61722,103,125,-22,22
61723,147,157,-10,10
61724,110,105,5,5
61725,121,146,-25,25
61726,66,63,3,3
61727,66,66,0,0
61728,75,75,0,0
61729,127,137,-10,10
61730,96,93,3,3
61731,179,162,17,17
61732,153,153,0,0
61733,89,82,7,7
61734,111,113,-2,2
61735,124,108,16,16
61736,86,67,19,19
61737,98,106,-8,8
61738,82,83,-1,1
61739,138,122,16,16
61740,98,86,12,12
61741,187,179,8,8
61742,141,132,9,9
61743,72,77,-5,5
61744,110,104,6,6
61745,87,91,-4,4
61746,60,62,-2,2
61747,71,70,1,1
61748,123,129,-6,6
61749,57,61,-4,4
61750,113,119,-6,6
61751,148,151,-3,3
61752,73,75,-2,2
61753,62,67,-5,5
61754,108,131,-23,23
61755,105,102,3,3
61756,152,121,31,31
61757,51,56,-5,5
61758,127,126,1,1
61759,31,98,-67,67
61760,68,65,3,3
61761,163,148,15,15
61762,160,151,9,9
61763,73,77,-4,4
61764,43,49,-6,6
61765,102,100,2,2
61766,91,108,-17,17
61767,136,120,16,16
61768,92,88,4,4
61769,60,63,-3,3
61770,45,55,-10,10
61771,111,107,4,4
61772,95,102,-7,7
61773,100,96,4,4
61774,139,147,-8,8
61775,99,92,7,7
61776,68,72,-4,4
61777,55,53,2,2
61778,110,99,11,11
61779,67,74,-7,7
61780,103,100,3,3
61781,115,112,3,3
61782,131,148,-17,17
61783,106,115,-9,9
61784,154,149,5,5
61785,104,115,-11,11
61786,91,86,5,5
61787,139,145,-6,6
61788,56,59,-3,3
61789,139,134,5,5
61790,72,64,8,8
61791,144,141,3,3
61792,112,111,1,1
61793,68,64,4,4
61794,88,87,1,1
61795,79,93,-14,14
61796,104,109,-5,5
61797,54,54,0,0
61798,111,102,9,9
61799,87,87,0,0
61800,185,176,9,9
61801,92,93,-1,1
61802,68,76,-8,8
61803,91,87,4,4
61804,84,78,6,6
61805,82,82,0,0
61806,126,124,2,2
61807,71,74,-3,3
61808,72,68,4,4
61809,137,141,-4,4
61810,61,69,-8,8
61811,106,106,0,0
61812,59,54,5,5
61813,77,73,4,4
61814,149,131,18,18
61815,63,65,-2,2
61816,66,71,-5,5
61817,105,101,4,4
61818,85,82,3,3
61819,109,96,13,13
61820,81,86,-5,5
61821,60,64,-4,4
61822,40,50,-10,10
61823,95,89,6,6
61824,110,97,13,13
61825,68,61,7,7
61826,67,68,-1,1
61827,76,74,2,2
61828,188,182,6,6
61829,59,57,2,2
61830,131,120,11,11
61831,108,106,2,2
61832,114,120,-6,6
61833,108,104,4,4
61834,104,99,5,5
61835,94,96,-2,2
61836,47,50,-3,3
61837,77,66,11,11
61838,80,83,-3,3
61839,96,89,7,7
61840,103,104,-1,1
61841,109,111,-2,2
61842,66,76,-10,10
61843,98,88,10,10
61844,126,111,15,15
61845,97,113,-16,16
61846,99,95,4,4
61847,107,108,-1,1
61848,129,131,-2,2
61849,87,90,-3,3
61850,69,69,0,0
61851,115,107,8,8
61852,99,102,-3,3
61853,99,96,3,3
61854,155,169,-14,14
61855,121,118,3,3
61856,123,129,-6,6
61857,91,88,3,3
61858,68,78,-10,10
61859,118,108,10,10
61860,98,103,-5,5
61861,108,104,4,4
61862,112,111,1,1
61863,80,74,6,6
61864,92,135,-43,43
61865,116,110,6,6
61866,56,63,-7,7
61867,127,127,0,0
61868,50,57,-7,7
61869,121,114,7,7
61870,157,153,4,4
61871,78,75,3,3
61872,85,81,4,4
61873,142,142,0,0
61874,42,47,-5,5
61875,62,66,-4,4
61876,61,65,-4,4
61877,75,75,0,0
61878,82,84,-2,2
61879,107,102,5,5
61880,130,133,-3,3
61881,64,72,-8,8
61882,75,72,3,3
61883,109,104,5,5
61884,65,75,-10,10
61885,112,115,-3,3
61886,88,92,-4,4
61887,140,136,4,4
61888,132,128,4,4
61889,108,116,-8,8
61890,92,75,17,17
61891,63,62,1,1
61892,48,51,-3,3
61893,144,122,22,22
61894,104,100,4,4
61895,107,100,7,7
61896,52,67,-15,15
61897,73,72,1,1
61898,44,51,-7,7
61899,120,116,4,4
61900,87,83,4,4
61901,110,116,-6,6
61902,73,74,-1,1
61903,79,87,-8,8
61904,57,61,-4,4
61905,68,70,-2,2
61906,81,93,-12,12
61907,63,60,3,3
61908,41,53,-12,12
61909,71,65,6,6
61910,106,113,-7,7
61911,105,92,13,13
61912,183,156,27,27
61913,111,118,-7,7
61914,137,133,4,4
61915,51,58,-7,7
61916,40,49,-9,9
61917,70,82,-12,12
61918,120,116,4,4
61919,57,64,-7,7
61920,66,60,6,6
61921,140,123,17,17
61922,71,77,-6,6
61923,96,93,3,3
61924,108,110,-2,2
61925,134,149,-15,15
61926,97,96,1,1
61927,44,49,-5,5
61928,49,59,-10,10
61929,63,59,4,4
61930,97,100,-3,3
61931,38,46,-8,8
61932,68,65,3,3
61933,114,107,7,7
61934,105,109,-4,4
61935,36,50,-14,14
61936,69,61,8,8
61937,101,99,2,2
61938,155,144,11,11
61939,53,70,-17,17
61940,151,145,6,6
61941,65,63,2,2
61942,64,66,-2,2
61943,181,172,9,9
61944,110,114,-4,4
61945,93,96,-3,3
61946,183,175,8,8
61947,94,89,5,5
61948,91,90,1,1
61949,105,111,-6,6
61950,51,53,-2,2
61951,76,75,1,1
61952,60,73,-13,13
61953,72,69,3,3
61954,108,105,3,3
61955,119,114,5,5
61956,98,111,-13,13
61957,119,107,12,12
61958,122,118,4,4
61959,90,88,2,2
61960,55,56,-1,1
61961,62,58,4,4
61962,41,59,-18,18
61963,86,83,3,3
61964,58,63,-5,5
61965,159,165,-6,6
61966,84,86,-2,2
61967,101,99,2,2
61968,107,98,9,9
61969,150,146,4,4
61970,105,109,-4,4
61971,83,85,-2,2
61972,78,87,-9,9
61973,51,57,-6,6
61974,83,93,-10,10
61975,111,116,-5,5
61976,116,126,-10,10
61977,124,101,23,23
61978,116,109,7,7
61979,133,130,3,3
61980,143,140,3,3
61981,102,103,-1,1
61982,94,95,-1,1
61983,66,64,2,2
61984,76,80,-4,4
61985,108,101,7,7
61986,69,61,8,8
61987,90,79,11,11
61988,65,73,-8,8
61989,157,159,-2,2
61990,81,76,5,5
61991,116,123,-7,7
61992,94,92,2,2
61993,98,113,-15,15
61994,149,141,8,8
61995,87,89,-2,2
61996,124,126,-2,2
61997,121,120,1,1
61998,157,147,10,10
61999,100,93,7,7
62000,129,134,-5,5
62001,97,95,2,2
62002,57,59,-2,2
62003,108,102,6,6
62004,64,62,2,2
62005,195,174,21,21
62006,81,77,4,4
62007,92,88,4,4
62008,139,149,-10,10
62009,67,64,3,3
62010,78,85,-7,7
62011,56,56,0,0
62012,90,86,4,4
62013,69,71,-2,2
62014,109,98,11,11
62015,67,68,-1,1
62016,65,70,-5,5
62017,67,77,-10,10
62018,128,116,12,12
62019,101,96,5,5
62020,103,102,1,1
62021,66,64,2,2
62022,78,79,-1,1
62023,121,115,6,6
62024,99,106,-7,7
62025,69,59,10,10
62026,64,67,-3,3
62027,66,63,3,3
62028,76,75,1,1
62029,91,91,0,0
62030,49,59,-10,10
62031,222,187,35,35
62032,71,66,5,5
62033,155,156,-1,1
62034,80,79,1,1
62035,94,76,18,18
62036,70,67,3,3
62037,106,106,0,0
62038,81,88,-7,7
62039,90,81,9,9
62040,73,73,0,0
62041,65,60,5,5
62042,71,75,-4,4
62043,140,123,17,17
62044,109,116,-7,7
62045,72,70,2,2
62046,95,104,-9,9
62047,92,84,8,8
62048,104,114,-10,10
62049,74,74,0,0
62050,102,102,0,0
62051,75,82,-7,7
62052,100,94,6,6
62053,111,119,-8,8
62054,52,51,1,1
62055,79,70,9,9
62056,99,93,6,6
62057,140,144,-4,4
62058,181,189,-8,8
62059,106,95,11,11
62060,59,51,8,8
62061,129,124,5,5
62062,95,115,-20,20
62063,50,58,-8,8
62064,71,65,6,6
62065,46,60,-14,14
62066,103,109,-6,6
62067,82,84,-2,2
62068,114,107,7,7
62069,114,112,2,2
62070,92,93,-1,1
62071,74,79,-5,5
62072,102,103,-1,1
62073,104,102,2,2
62074,86,79,7,7
62075,51,71,-20,20
62076,86,82,4,4
62077,78,81,-3,3
62078,99,104,-5,5
62079,95,92,3,3
62080,82,82,0,0
62081,111,117,-6,6
62082,129,115,14,14
62083,90,113,-23,23
62084,139,129,10,10
62085,72,82,-10,10
62086,55,57,-2,2
62087,165,159,6,6
62088,115,118,-3,3
62089,61,70,-9,9
62090,84,78,6,6
62091,136,136,0,0
62092,83,78,5,5
62093,27,116,-89,89
62094,108,108,0,0
62095,147,135,12,12
62096,120,123,-3,3
62097,73,88,-15,15
62098,60,65,-5,5
62099,123,128,-5,5
62100,89,92,-3,3
62101,73,66,7,7
62102,64,66,-2,2
62103,62,65,-3,3
62104,100,102,-2,2
62105,100,91,9,9
62106,48,62,-14,14
62107,119,112,7,7
62108,53,60,-7,7
62109,142,149,-7,7
62110,58,59,-1,1
62111,100,110,-10,10
62112,77,75,2,2
62113,71,86,-15,15
62114,126,126,0,0
62115,50,52,-2,2
62116,205,172,33,33
62117,60,64,-4,4
62118,91,90,1,1
62119,70,78,-8,8
62120,90,95,-5,5
62121,159,152,7,7
62122,75,74,1,1
62123,116,94,22,22
62124,109,115,-6,6
62125,143,138,5,5
62126,112,103,9,9
62127,84,85,-1,1
62128,170,175,-5,5
62129,150,156,-6,6
62130,109,103,6,6
62131,161,157,4,4
62132,99,105,-6,6
62133,127,115,12,12
62134,62,116,-54,54
62135,133,126,7,7
62136,101,106,-5,5
62137,127,123,4,4
62138,89,90,-1,1
62139,95,88,7,7
62140,150,143,7,7
62141,49,52,-3,3
62142,92,93,-1,1
62143,92,90,2,2
62144,38,51,-13,13
62145,145,154,-9,9
62146,156,165,-9,9
62147,125,124,1,1
62148,51,59,-8,8
62149,134,112,22,22
62150,92,104,-12,12
62151,85,91,-6,6
62152,60,60,0,0
62153,67,71,-4,4
62154,99,109,-10,10
62155,159,162,-3,3
62156,86,91,-5,5
62157,75,65,10,10
62158,42,52,-10,10
62159,71,75,-4,4
62160,136,143,-7,7
62161,67,77,-10,10
62162,112,112,0,0
62163,71,74,-3,3
62164,48,61,-13,13
62165,139,144,-5,5
62166,114,150,-36,36
62167,48,49,-1,1
62168,86,87,-1,1
62169,119,113,6,6
62170,94,91,3,3
62171,105,108,-3,3
62172,104,94,10,10
62173,85,88,-3,3
62174,66,64,2,2
62175,93,89,4,4
62176,88,93,-5,5
62177,67,67,0,0
62178,91,98,-7,7
62179,110,107,3,3
62180,80,74,6,6
62181,98,104,-6,6
62182,126,128,-2,2
62183,52,61,-9,9
62184,63,69,-6,6
62185,91,98,-7,7
62186,103,104,-1,1
62187,68,68,0,0
62188,73,75,-2,2
62189,95,99,-4,4
62190,100,97,3,3
62191,111,99,12,12
62192,100,107,-7,7
62193,75,78,-3,3
62194,84,91,-7,7
62195,75,75,0,0
62196,139,130,9,9
62197,105,110,-5,5
62198,84,92,-8,8
62199,137,127,10,10
62200,65,96,-31,31
62201,97,91,6,6
62202,78,81,-3,3
62203,122,129,-7,7
62204,72,78,-6,6
62205,80,99,-19,19
62206,132,123,9,9
62207,113,110,3,3
62208,121,121,0,0
62209,72,73,-1,1
62210,95,100,-5,5
62211,124,126,-2,2
62212,122,121,1,1
62213,152,157,-5,5
62214,105,101,4,4
62215,103,111,-8,8
62216,111,104,7,7
62217,60,62,-2,2
62218,75,95,-20,20
62219,69,72,-3,3
62220,85,77,8,8
62221,91,97,-6,6
62222,106,96,10,10
62223,76,85,-9,9
62224,43,49,-6,6
62225,65,61,4,4
62226,180,183,-3,3
62227,38,57,-19,19
62228,86,84,2,2
62229,77,74,3,3
62230,110,112,-2,2
62231,111,114,-3,3
62232,134,127,7,7
62233,123,131,-8,8
62234,67,69,-2,2
62235,77,79,-2,2
62236,95,101,-6,6
62237,94,94,0,0
62238,131,129,2,2
62239,88,101,-13,13
62240,130,130,0,0
62241,78,76,2,2
62242,98,99,-1,1
62243,66,65,1,1
62244,63,66,-3,3
62245,85,82,3,3
62246,82,84,-2,2
62247,82,89,-7,7
62248,104,102,2,2
62249,120,120,0,0
62250,68,72,-4,4
62251,108,110,-2,2
62252,101,96,5,5
62253,102,97,5,5
62254,161,168,-7,7
62255,48,57,-9,9
62256,82,88,-6,6
62257,134,133,1,1
62258,102,95,7,7
62259,47,51,-4,4
62260,101,78,23,23
62261,103,100,3,3
62262,158,145,13,13
62263,79,82,-3,3
62264,126,124,2,2
62265,72,80,-8,8
62266,103,102,1,1
62267,86,96,-10,10
62268,73,81,-8,8
62269,150,143,7,7
62270,69,64,5,5
62271,89,87,2,2
62272,102,96,6,6
62273,89,89,0,0
62274,92,95,-3,3
62275,91,86,5,5
62276,69,69,0,0
62277,31,52,-21,21
62278,62,57,5,5
62279,74,80,-6,6
62280,73,65,8,8
62281,92,79,13,13
62282,68,68,0,0
62283,121,116,5,5
62284,160,163,-3,3
62285,124,124,0,0
62286,71,69,2,2
62287,98,85,13,13
62288,85,86,-1,1
62289,93,85,8,8
62290,87,79,8,8
62291,210,182,28,28
62292,74,75,-1,1
62293,84,88,-4,4
62294,141,142,-1,1
62295,68,74,-6,6
62296,118,118,0,0
62297,75,77,-2,2
62298,150,145,5,5
62299,162,161,1,1
62300,59,61,-2,2
62301,82,83,-1,1
62302,118,110,8,8
62303,94,100,-6,6
62304,75,94,-19,19
62305,71,70,1,1
62306,131,123,8,8
62307,120,114,6,6
62308,91,92,-1,1
62309,112,104,8,8
62310,145,148,-3,3
62311,93,81,12,12
62312,93,84,9,9
62313,89,75,14,14
62314,110,104,6,6
62315,78,76,2,2
62316,80,77,3,3
62317,133,136,-3,3
62318,50,57,-7,7
62319,82,81,1,1
62320,145,127,18,18
62321,126,107,19,19
62322,105,101,4,4
62323,159,162,-3,3
62324,118,123,-5,5
62325,142,139,3,3
62326,108,99,9,9
62327,110,112,-2,2
62328,106,98,8,8
62329,119,120,-1,1
62330,90,93,-3,3
62331,68,73,-5,5
62332,119,114,5,5
62333,162,151,11,11
62334,76,81,-5,5
62335,89,82,7,7
62336,57,63,-6,6
62337,79,77,2,2
62338,72,79,-7,7
62339,110,98,12,12
62340,82,79,3,3
62341,76,71,5,5
62342,68,75,-7,7
62343,79,103,-24,24
62344,64,68,-4,4
62345,151,138,13,13
62346,64,65,-1,1
62347,110,103,7,7
62348,78,73,5,5
62349,123,128,-5,5
62350,118,117,1,1
62351,58,63,-5,5
62352,140,135,5,5
62353,128,116,12,12
62354,57,52,5,5
62355,101,107,-6,6
62356,106,100,6,6
62357,71,75,-4,4
62358,61,58,3,3
62359,187,165,22,22
62360,123,111,12,12
62361,64,61,3,3
62362,59,63,-4,4
62363,83,85,-2,2
62364,68,73,-5,5
62365,83,75,8,8
62366,111,105,6,6
62367,86,94,-8,8
62368,87,84,3,3
62369,97,93,4,4
62370,76,80,-4,4
62371,91,93,-2,2
62372,169,157,12,12
62373,51,47,4,4
62374,57,73,-16,16
62375,168,174,-6,6
62376,93,72,21,21
62377,93,89,4,4
62378,98,85,13,13
62379,76,85,-9,9
62380,142,139,3,3
62381,60,61,-1,1
62382,118,114,4,4
62383,40,54,-14,14
62384,68,61,7,7
62385,75,72,3,3
62386,97,94,3,3
62387,124,124,0,0
62388,68,63,5,5
62389,89,91,-2,2
62390,109,111,-2,2
62391,53,53,0,0
62392,112,108,4,4
62393,140,147,-7,7
62394,113,103,10,10
62395,105,117,-12,12
62396,69,67,2,2
62397,98,120,-22,22
62398,150,151,-1,1
62399,93,92,1,1
62400,117,126,-9,9
62401,44,49,-5,5
62402,65,58,7,7
62403,78,71,7,7
62404,149,150,-1,1
62405,75,70,5,5
62406,82,81,1,1
62407,93,86,7,7
62408,129,129,0,0
62409,46,53,-7,7
62410,56,47,9,9
62411,99,84,15,15
62412,31,50,-19,19
62413,113,116,-3,3
62414,167,173,-6,6
62415,113,117,-4,4
62416,171,171,0,0
62417,71,71,0,0
62418,103,105,-2,2
62419,76,80,-4,4
62420,64,59,5,5
62421,105,109,-4,4
62422,176,172,4,4
62423,127,119,8,8
62424,118,106,12,12
62425,88,95,-7,7
62426,133,131,2,2
62427,84,94,-10,10
62428,108,112,-4,4
62429,72,66,6,6
62430,128,128,0,0
62431,36,53,-17,17
62432,116,107,9,9
62433,105,108,-3,3
62434,85,88,-3,3
62435,48,50,-2,2
62436,142,128,14,14
62437,78,63,15,15
62438,72,76,-4,4
62439,255,239,16,16
62440,113,119,-6,6
62441,98,89,9,9
62442,143,132,11,11
62443,85,106,-21,21
62444,111,116,-5,5
62445,106,106,0,0
62446,111,111,0,0
62447,84,79,5,5
62448,74,77,-3,3
62449,87,90,-3,3
62450,133,136,-3,3
62451,111,118,-7,7
62452,78,80,-2,2
62453,83,90,-7,7
62454,117,105,12,12
62455,97,93,4,4
62456,127,133,-6,6
62457,66,65,1,1
62458,124,119,5,5
62459,72,73,-1,1
62460,108,94,14,14
62461,124,127,-3,3
62462,137,119,18,18
62463,84,83,1,1
62464,175,174,1,1
62465,32,49,-17,17
62466,127,113,14,14
62467,139,144,-5,5
62468,84,111,-27,27
62469,138,148,-10,10
62470,147,152,-5,5
62471,49,56,-7,7
62472,87,84,3,3
62473,71,73,-2,2
62474,89,76,13,13
62475,122,125,-3,3
62476,110,118,-8,8
62477,112,112,0,0
62478,161,147,14,14
62479,78,85,-7,7
62480,84,84,0,0
62481,96,88,8,8
62482,83,84,-1,1
62483,166,147,19,19
62484,69,66,3,3
62485,48,55,-7,7
62486,84,69,15,15
62487,113,96,17,17
62488,89,92,-3,3
62489,51,55,-4,4
62490,101,102,-1,1
62491,70,66,4,4
62492,107,99,8,8
62493,99,96,3,3
62494,142,136,6,6
62495,123,113,10,10
62496,81,81,0,0
62497,60,57,3,3
62498,139,132,7,7
62499,93,89,4,4
62500,123,134,-11,11
62501,101,81,20,20
62502,128,127,1,1
62503,72,73,-1,1
62504,134,123,11,11
62505,89,88,1,1
62506,162,155,7,7
62507,129,113,16,16
62508,97,99,-2,2
62509,63,75,-12,12
62510,88,91,-3,3
62511,47,49,-2,2
62512,163,156,7,7
62513,169,173,-4,4
62514,88,82,6,6
62515,116,116,0,0
62516,68,69,-1,1
62517,66,69,-3,3
62518,75,79,-4,4
62519,79,86,-7,7
62520,132,138,-6,6
62521,64,68,-4,4
62522,154,148,6,6
62523,159,134,25,25
62524,97,100,-3,3
62525,151,145,6,6
62526,64,63,1,1
62527,86,75,11,11
62528,86,108,-22,22
62529,105,105,0,0
62530,135,138,-3,3
62531,78,87,-9,9
62532,180,161,19,19
62533,126,119,7,7
62534,115,118,-3,3
62535,95,105,-10,10
62536,123,108,15,15
62537,49,64,-15,15
62538,94,100,-6,6
62539,170,167,3,3
62540,92,90,2,2
62541,101,104,-3,3
62542,93,93,0,0
62543,123,138,-15,15
62544,83,77,6,6
62545,122,109,13,13
62546,109,120,-11,11
62547,67,61,6,6
62548,59,62,-3,3
62549,79,71,8,8
62550,82,84,-2,2
62551,69,69,0,0
62552,83,87,-4,4
62553,116,108,8,8
62554,202,179,23,23
62555,92,101,-9,9
62556,95,94,1,1
62557,104,110,-6,6
62558,124,116,8,8
62559,203,189,14,14
62560,95,92,3,3
62561,131,128,3,3
62562,42,48,-6,6
62563,106,87,19,19
62564,40,54,-14,14
62565,81,80,1,1
62566,125,118,7,7
62567,82,81,1,1
62568,121,115,6,6
62569,85,94,-9,9
62570,104,96,8,8
62571,82,76,6,6
62572,76,75,1,1
62573,60,64,-4,4
62574,91,75,16,16
62575,96,91,5,5
62576,118,115,3,3
62577,101,94,7,7
62578,140,144,-4,4
62579,153,154,-1,1
62580,115,127,-12,12
62581,38,61,-23,23
62582,74,79,-5,5
62583,28,60,-32,32
62584,65,69,-4,4
62585,113,118,-5,5
62586,109,111,-2,2
62587,93,92,1,1
62588,87,84,3,3
62589,54,58,-4,4
62590,125,124,1,1
62591,141,141,0,0
62592,114,122,-8,8
62593,122,121,1,1
62594,138,141,-3,3
62595,98,94,4,4
62596,84,81,3,3
62597,118,118,0,0
62598,114,118,-4,4
62599,69,73,-4,4
62600,47,57,-10,10
62601,72,62,10,10
62602,72,62,10,10
62603,85,85,0,0
62604,48,50,-2,2
62605,96,91,5,5
62606,90,86,4,4
62607,99,88,11,11
62608,122,130,-8,8
62609,60,64,-4,4
62610,80,88,-8,8
62611,79,84,-5,5
62612,54,55,-1,1
62613,90,92,-2,2
62614,84,89,-5,5
62615,98,99,-1,1
62616,106,102,4,4
62617,70,75,-5,5
62618,93,85,8,8
62619,81,78,3,3
62620,108,103,5,5
62621,66,67,-1,1
62622,92,89,3,3
62623,58,53,5,5
62624,80,78,2,2
62625,72,73,-1,1
62626,92,89,3,3
62627,114,123,-9,9
62628,149,139,10,10
62629,85,80,5,5
62630,61,54,7,7
62631,104,97,7,7
62632,100,92,8,8
62633,132,134,-2,2
62634,132,127,5,5
62635,114,102,12,12
62636,89,92,-3,3
62637,52,51,1,1
62638,51,51,0,0
62639,109,117,-8,8
62640,112,123,-11,11
62641,80,75,5,5
62642,158,177,-19,19
62643,103,94,9,9
62644,59,63,-4,4
62645,118,110,8,8
62646,114,111,3,3
62647,101,95,6,6
62648,64,62,2,2
62649,75,73,2,2
62650,110,97,13,13
62651,168,183,-15,15
62652,109,98,11,11
62653,106,104,2,2
62654,32,77,-45,45
62655,86,90,-4,4
62656,185,153,32,32
62657,125,135,-10,10
62658,48,54,-6,6
62659,128,133,-5,5
62660,138,145,-7,7
62661,75,68,7,7
62662,84,106,-22,22
62663,115,103,12,12
62664,58,68,-10,10
62665,97,95,2,2
62666,152,139,13,13
62667,94,98,-4,4
62668,114,113,1,1
62669,130,140,-10,10
62670,61,60,1,1
62671,185,168,17,17
62672,110,109,1,1
62673,58,57,1,1
62674,79,80,-1,1
62675,79,79,0,0
62676,93,88,5,5
62677,129,128,1,1
62678,134,128,6,6
62679,98,105,-7,7
62680,162,162,0,0
62681,83,82,1,1
62682,107,93,14,14
62683,98,112,-14,14
62684,131,120,11,11
62685,57,57,0,0
62686,153,143,10,10
62687,126,126,0,0
62688,89,89,0,0
62689,68,66,2,2
62690,131,123,8,8
62691,68,79,-11,11
62692,94,87,7,7
62693,135,127,8,8
62694,96,98,-2,2
62695,95,102,-7,7
62696,90,89,1,1
62697,55,57,-2,2
62698,108,115,-7,7
62699,36,50,-14,14
62700,73,68,5,5
62701,73,83,-10,10
62702,102,97,5,5
62703,52,50,2,2
62704,22,90,-68,68
62705,102,91,11,11
62706,136,123,13,13
62707,83,82,1,1
62708,76,76,0,0
62709,135,136,-1,1
62710,116,123,-7,7
62711,69,70,-1,1
62712,42,49,-7,7
62713,86,73,13,13
62714,131,128,3,3
62715,119,118,1,1
62716,65,69,-4,4
62717,100,106,-6,6
62718,65,68,-3,3
62719,73,76,-3,3
62720,63,63,0,0
62721,115,157,-42,42
62722,164,152,12,12
62723,146,149,-3,3
62724,64,67,-3,3
62725,101,95,6,6
62726,124,116,8,8
62727,74,83,-9,9
62728,92,78,14,14
62729,90,88,2,2
62730,93,94,-1,1
62731,76,79,-3,3
62732,133,138,-5,5
62733,54,56,-2,2
62734,147,123,24,24
62735,107,112,-5,5
62736,132,115,17,17
62737,129,121,8,8
62738,95,90,5,5
62739,78,90,-12,12
62740,93,88,5,5
62741,85,94,-9,9
62742,138,159,-21,21
62743,106,105,1,1
62744,45,55,-10,10
62745,50,56,-6,6
62746,55,61,-6,6
62747,44,63,-19,19
62748,70,67,3,3
62749,125,122,3,3
62750,82,82,0,0
62751,80,81,-1,1
62752,120,119,1,1
62753,100,96,4,4
62754,70,68,2,2
62755,65,65,0,0
62756,96,100,-4,4
62757,93,94,-1,1
62758,106,99,7,7
62759,168,155,13,13
62760,169,163,6,6
62761,95,79,16,16
62762,95,96,-1,1
62763,81,77,4,4
62764,65,71,-6,6
62765,64,76,-12,12
62766,62,70,-8,8
62767,119,117,2,2
62768,93,87,6,6
62769,77,74,3,3
62770,141,144,-3,3
62771,66,66,0,0
62772,76,87,-11,11
62773,148,145,3,3
62774,57,68,-11,11
62775,78,73,5,5
62776,134,114,20,20
62777,133,128,5,5
62778,66,68,-2,2
62779,75,72,3,3
62780,97,94,3,3
62781,131,120,11,11
62782,171,166,5,5
62783,222,213,9,9
62784,102,104,-2,2
62785,60,61,-1,1
62786,144,149,-5,5
62787,43,57,-14,14
62788,82,80,2,2
62789,84,84,0,0
62790,92,99,-7,7
62791,94,79,15,15
62792,179,178,1,1
62793,119,123,-4,4
62794,61,66,-5,5
62795,93,100,-7,7
62796,53,57,-4,4
62797,142,144,-2,2
62798,69,66,3,3
62799,90,91,-1,1
62800,139,139,0,0
62801,90,111,-21,21
62802,56,56,0,0
62803,113,119,-6,6
62804,91,88,3,3
62805,86,85,1,1
62806,111,104,7,7
62807,74,67,7,7
62808,139,130,9,9
62809,96,87,9,9
62810,105,99,6,6
62811,139,140,-1,1
62812,61,69,-8,8
62813,70,72,-2,2
62814,70,78,-8,8
62815,61,58,3,3
62816,127,137,-10,10
62817,92,102,-10,10
62818,120,110,10,10
62819,52,56,-4,4
62820,86,86,0,0
62821,62,61,1,1
62822,101,122,-21,21
62823,85,100,-15,15
62824,96,101,-5,5
62825,105,106,-1,1
62826,122,123,-1,1
62827,116,114,2,2
62828,98,83,15,15
62829,154,152,2,2
62830,100,92,8,8
62831,164,157,7,7
62832,162,158,4,4
62833,136,143,-7,7
62834,62,69,-7,7
62835,178,176,2,2
62836,109,93,16,16
62837,121,108,13,13
62838,108,125,-17,17
62839,84,87,-3,3
62840,131,119,12,12
62841,122,111,11,11
62842,64,70,-6,6
62843,84,85,-1,1
62844,72,75,-3,3
62845,185,167,18,18
62846,77,74,3,3
62847,137,159,-22,22
62848,93,102,-9,9
62849,86,95,-9,9
62850,144,129,15,15
62851,78,84,-6,6
62852,61,67,-6,6
62853,129,120,9,9
62854,52,63,-11,11
62855,195,189,6,6
62856,87,90,-3,3
62857,101,105,-4,4
62858,103,105,-2,2
62859,169,169,0,0
62860,104,103,1,1
62861,80,81,-1,1
62862,40,55,-15,15
62863,90,96,-6,6
62864,89,95,-6,6
62865,105,102,3,3
62866,86,92,-6,6
62867,133,129,4,4
62868,89,87,2,2
62869,64,61,3,3
62870,94,100,-6,6
62871,86,93,-7,7
62872,128,126,2,2
62873,53,56,-3,3
62874,91,79,12,12
62875,74,71,3,3
62876,64,66,-2,2
62877,81,73,8,8
62878,66,69,-3,3
62879,76,69,7,7
62880,91,88,3,3
62881,76,73,3,3
62882,109,98,11,11
62883,77,74,3,3
62884,76,73,3,3
62885,110,99,11,11
62886,88,85,3,3
62887,120,115,5,5
62888,127,128,-1,1
62889,106,112,-6,6
62890,201,190,11,11
62891,111,111,0,0
62892,231,212,19,19
62893,59,63,-4,4
62894,150,142,8,8
62895,141,135,6,6
62896,62,59,3,3
62897,191,190,1,1
62898,119,121,-2,2
62899,72,78,-6,6
62900,103,103,0,0
62901,79,85,-6,6
62902,106,107,-1,1
62903,104,120,-16,16
62904,88,94,-6,6
62905,78,84,-6,6
62906,81,92,-11,11
62907,98,102,-4,4
62908,123,122,1,1
62909,142,140,2,2
62910,74,71,3,3
62911,163,154,9,9
62912,102,90,12,12
62913,60,62,-2,2
62914,133,114,19,19
62915,59,59,0,0
62916,47,57,-10,10
62917,86,91,-5,5
62918,124,116,8,8
62919,28,49,-21,21
62920,59,62,-3,3
62921,124,139,-15,15
62922,105,102,3,3
62923,103,97,6,6
62924,80,78,2,2
62925,82,79,3,3
62926,84,81,3,3
62927,128,129,-1,1
62928,101,106,-5,5
62929,72,72,0,0
62930,89,81,8,8
62931,119,119,0,0
62932,181,178,3,3
62933,146,148,-2,2
62934,58,60,-2,2
62935,80,75,5,5
62936,37,53,-16,16
62937,45,55,-10,10
62938,95,108,-13,13
62939,108,107,1,1
62940,79,73,6,6
62941,85,73,12,12
62942,53,61,-8,8
62943,211,196,15,15
62944,103,102,1,1
62945,77,72,5,5
62946,75,73,2,2
62947,95,95,0,0
62948,102,92,10,10
62949,77,76,1,1
62950,54,63,-9,9
62951,110,107,3,3
62952,121,116,5,5
62953,89,78,11,11
62954,93,100,-7,7
62955,44,54,-10,10
62956,84,95,-11,11
62957,135,129,6,6
62958,66,60,6,6
62959,104,117,-13,13
62960,141,134,7,7
62961,98,93,5,5
62962,90,96,-6,6
62963,115,113,2,2
62964,109,112,-3,3
62965,69,76,-7,7
62966,64,62,2,2
62967,185,176,9,9
62968,114,110,4,4
62969,191,169,22,22
62970,49,53,-4,4
62971,83,88,-5,5
62972,100,100,0,0
62973,98,89,9,9
62974,69,78,-9,9
62975,103,90,13,13
62976,148,160,-12,12
62977,81,75,6,6
62978,151,153,-2,2
62979,70,64,6,6
62980,88,81,7,7
62981,93,100,-7,7
62982,60,75,-15,15
62983,88,81,7,7
62984,63,71,-8,8
62985,92,86,6,6
62986,108,112,-4,4
62987,78,92,-14,14
62988,156,144,12,12
62989,63,66,-3,3
62990,58,60,-2,2
62991,38,51,-13,13
62992,107,100,7,7
62993,101,96,5,5
62994,65,61,4,4
62995,120,123,-3,3
62996,101,95,6,6
62997,106,94,12,12
62998,72,69,3,3
62999,127,121,6,6
63000,65,67,-2,2
63001,126,115,11,11
63002,113,113,0,0
63003,104,115,-11,11
63004,152,150,2,2
63005,57,59,-2,2
63006,83,76,7,7
63007,101,103,-2,2
63008,81,81,0,0
63009,54,67,-13,13
63010,80,81,-1,1
63011,83,89,-6,6
63012,31,48,-17,17
63013,64,65,-1,1
63014,159,167,-8,8
63015,133,130,3,3
63016,116,125,-9,9
63017,57,56,1,1
63018,99,92,7,7
63019,62,61,1,1
63020,90,86,4,4
63021,117,116,1,1
63022,142,133,9,9
63023,177,167,10,10
63024,59,63,-4,4
63025,89,102,-13,13
63026,69,66,3,3
63027,63,72,-9,9
63028,46,70,-24,24
63029,136,148,-12,12
63030,105,121,-16,16
63031,127,137,-10,10
63032,66,73,-7,7
63033,138,140,-2,2
63034,71,71,0,0
63035,97,98,-1,1
63036,112,116,-4,4
63037,77,81,-4,4
63038,57,61,-4,4
63039,84,87,-3,3
63040,85,78,7,7
63041,111,104,7,7
63042,123,121,2,2
63043,110,117,-7,7
63044,114,120,-6,6
63045,111,138,-27,27
63046,71,79,-8,8
63047,93,87,6,6
63048,343,313,30,30
63049,72,74,-2,2
63050,186,169,17,17
63051,62,62,0,0
63052,79,79,0,0
63053,129,134,-5,5
63054,121,140,-19,19
63055,105,101,4,4
63056,157,148,9,9
63057,115,108,7,7
63058,78,74,4,4
63059,179,192,-13,13
63060,80,78,2,2
63061,113,120,-7,7
63062,87,90,-3,3
63063,95,95,0,0
63064,95,100,-5,5
63065,104,102,2,2
63066,88,88,0,0
63067,61,67,-6,6
63068,63,60,3,3
63069,87,106,-19,19
63070,157,165,-8,8
63071,92,123,-31,31
63072,53,55,-2,2
63073,128,122,6,6
63074,114,116,-2,2
63075,95,100,-5,5
63076,102,102,0,0
63077,120,125,-5,5
63078,110,121,-11,11
63079,207,196,11,11
63080,103,101,2,2
63081,55,55,0,0
63082,98,94,4,4
63083,99,100,-1,1
63084,94,93,1,1
63085,82,90,-8,8
63086,60,85,-25,25
63087,95,101,-6,6
63088,113,104,9,9
63089,113,115,-2,2
63090,105,100,5,5
63091,80,66,14,14
63092,104,111,-7,7
63093,97,96,1,1
63094,62,65,-3,3
63095,62,74,-12,12
63096,85,92,-7,7
63097,114,119,-5,5
63098,72,67,5,5
63099,82,77,5,5
63100,94,84,10,10
63101,90,92,-2,2
63102,110,98,12,12
63103,90,85,5,5
63104,80,83,-3,3
63105,109,96,13,13
63106,61,66,-5,5
63107,185,181,4,4
63108,117,119,-2,2
63109,139,138,1,1
63110,56,60,-4,4
63111,74,69,5,5
63112,107,112,-5,5
63113,78,87,-9,9
63114,51,52,-1,1
63115,87,88,-1,1
63116,114,111,3,3
63117,83,80,3,3
63118,137,129,8,8
63119,117,116,1,1
63120,87,96,-9,9
63121,69,74,-5,5
63122,86,88,-2,2
63123,150,152,-2,2
63124,162,159,3,3
63125,87,84,3,3
63126,68,64,4,4
63127,68,65,3,3
63128,126,105,21,21
63129,109,99,10,10
63130,106,115,-9,9
63131,114,112,2,2
63132,136,146,-10,10
63133,128,116,12,12
63134,109,117,-8,8
63135,114,120,-6,6
63136,102,104,-2,2
63137,144,132,12,12
63138,52,47,5,5
63139,73,85,-12,12
63140,116,113,3,3
63141,111,97,14,14
63142,106,110,-4,4
63143,125,126,-1,1
63144,119,105,14,14
63145,77,81,-4,4
63146,78,74,4,4
63147,62,61,1,1
63148,80,85,-5,5
63149,101,105,-4,4
63150,130,134,-4,4
63151,165,153,12,12
63152,88,75,13,13
63153,97,106,-9,9
63154,125,116,9,9
63155,55,59,-4,4
63156,76,83,-7,7
63157,124,132,-8,8
63158,82,87,-5,5
63159,60,67,-7,7
63160,107,103,4,4
63161,109,113,-4,4
63162,162,154,8,8
63163,95,112,-17,17
63164,54,52,2,2
63165,125,125,0,0
63166,107,98,9,9
63167,74,68,6,6
63168,155,155,0,0
63169,77,81,-4,4
63170,80,73,7,7
63171,122,129,-7,7
63172,71,76,-5,5
63173,112,106,6,6
63174,61,67,-6,6
63175,88,93,-5,5
63176,171,155,16,16
63177,98,91,7,7
63178,59,64,-5,5
63179,150,150,0,0
63180,94,95,-1,1
63181,112,112,0,0
63182,113,90,23,23
63183,92,93,-1,1
63184,121,124,-3,3
63185,101,94,7,7
63186,82,79,3,3
63187,125,112,13,13
63188,74,77,-3,3
63189,68,71,-3,3
63190,104,110,-6,6
63191,80,75,5,5
63192,101,93,8,8
63193,96,104,-8,8
63194,96,93,3,3
63195,79,87,-8,8
63196,75,75,0,0
63197,121,121,0,0
63198,173,165,8,8
63199,123,117,6,6
63200,124,120,4,4
63201,123,118,5,5
63202,129,134,-5,5
63203,119,107,12,12
63204,107,112,-5,5
63205,117,109,8,8
63206,74,79,-5,5
63207,72,78,-6,6
63208,92,103,-11,11
63209,102,95,7,7
63210,123,136,-13,13
63211,119,124,-5,5
63212,71,71,0,0
63213,64,72,-8,8
63214,108,106,2,2
63215,140,129,11,11
63216,90,92,-2,2
63217,128,119,9,9
63218,99,103,-4,4
63219,82,97,-15,15
63220,156,157,-1,1
63221,137,133,4,4
63222,78,70,8,8
63223,95,97,-2,2
63224,82,95,-13,13
63225,90,94,-4,4
63226,64,69,-5,5
63227,73,79,-6,6
63228,53,64,-11,11
63229,123,124,-1,1
63230,62,64,-2,2
63231,92,97,-5,5
63232,123,116,7,7
63233,125,118,7,7
63234,41,53,-12,12
63235,187,179,8,8
63236,91,90,1,1
63237,76,78,-2,2
63238,176,164,12,12
63239,93,97,-4,4
63240,87,91,-4,4
63241,89,93,-4,4
63242,88,80,8,8
63243,99,94,5,5
63244,134,118,16,16
63245,95,94,1,1
63246,105,105,0,0
63247,42,56,-14,14
63248,96,91,5,5
63249,50,61,-11,11
63250,63,63,0,0
63251,95,106,-11,11
63252,99,95,4,4
63253,109,120,-11,11
63254,133,120,13,13
63255,90,80,10,10
63256,71,73,-2,2
63257,58,77,-19,19
63258,173,170,3,3
63259,77,71,6,6
63260,88,79,9,9
63261,72,72,0,0
63262,116,110,6,6
63263,61,65,-4,4
63264,94,84,10,10
63265,117,125,-8,8
63266,114,115,-1,1
63267,147,141,6,6
63268,125,120,5,5
63269,100,100,0,0
63270,101,89,12,12
63271,112,114,-2,2
63272,94,83,11,11
63273,119,108,11,11
63274,154,154,0,0
63275,82,81,1,1
63276,58,62,-4,4
63277,131,112,19,19
63278,82,93,-11,11
63279,96,94,2,2
63280,80,74,6,6
63281,118,122,-4,4
63282,51,62,-11,11
63283,164,162,2,2
63284,77,105,-28,28
63285,144,145,-1,1
63286,132,139,-7,7
63287,89,85,4,4
63288,78,64,14,14
63289,51,58,-7,7
63290,100,106,-6,6
63291,108,107,1,1
63292,143,129,14,14
63293,88,84,4,4
63294,67,63,4,4
63295,121,129,-8,8
63296,90,83,7,7
63297,65,65,0,0
63298,79,79,0,0
63299,144,136,8,8
63300,55,57,-2,2
63301,78,80,-2,2
63302,82,94,-12,12
63303,78,75,3,3
63304,160,163,-3,3
63305,89,82,7,7
63306,101,109,-8,8
63307,114,103,11,11
63308,86,78,8,8
63309,155,155,0,0
63310,105,108,-3,3
63311,76,71,5,5
63312,149,141,8,8
63313,99,109,-10,10
63314,120,109,11,11
63315,69,70,-1,1
63316,102,100,2,2
63317,59,59,0,0
63318,54,55,-1,1
63319,107,97,10,10
63320,60,66,-6,6
63321,70,63,7,7
63322,219,217,2,2
63323,83,81,2,2
63324,68,68,0,0
63325,89,90,-1,1
63326,68,75,-7,7
63327,108,114,-6,6
63328,94,102,-8,8
63329,90,89,1,1
63330,171,157,14,14
63331,35,47,-12,12
63332,39,53,-14,14
63333,80,113,-33,33
63334,69,66,3,3
63335,109,110,-1,1
63336,112,122,-10,10
63337,127,130,-3,3
63338,87,88,-1,1
63339,60,126,-66,66
63340,67,74,-7,7
63341,151,146,5,5
63342,115,110,5,5
63343,86,90,-4,4
63344,97,86,11,11
63345,128,120,8,8
63346,137,124,13,13
63347,102,103,-1,1
63348,76,78,-2,2
63349,33,46,-13,13
63350,89,92,-3,3
63351,68,64,4,4
63352,55,59,-4,4
63353,104,108,-4,4
63354,98,101,-3,3
63355,67,65,2,2
63356,103,103,0,0
63357,87,89,-2,2
63358,92,91,1,1
63359,97,86,11,11
63360,144,141,3,3
63361,94,109,-15,15
63362,95,87,8,8
63363,131,115,16,16
63364,102,92,10,10
63365,132,133,-1,1
63366,83,88,-5,5
63367,127,132,-5,5
63368,71,71,0,0
63369,86,85,1,1
63370,202,183,19,19
63371,181,173,8,8
63372,129,130,-1,1
63373,112,107,5,5
63374,118,114,4,4
63375,46,47,-1,1
63376,120,103,17,17
63377,55,66,-11,11
63378,141,135,6,6
63379,92,86,6,6
63380,137,143,-6,6
63381,59,64,-5,5
63382,192,200,-8,8
63383,144,145,-1,1
63384,91,91,0,0
63385,111,111,0,0
63386,52,62,-10,10
63387,135,130,5,5
63388,43,61,-18,18
63389,138,120,18,18
63390,159,145,14,14
63391,88,94,-6,6
63392,63,64,-1,1
63393,90,90,0,0
63394,101,97,4,4
63395,72,71,1,1
63396,64,60,4,4
63397,81,77,4,4
63398,94,95,-1,1
63399,125,127,-2,2
63400,64,64,0,0
63401,68,67,1,1
63402,77,83,-6,6
63403,125,131,-6,6
63404,68,69,-1,1
63405,131,130,1,1
63406,72,72,0,0
63407,113,105,8,8
63408,136,139,-3,3
63409,136,129,7,7
63410,129,118,11,11
63411,118,113,5,5
63412,79,76,3,3
63413,98,92,6,6
63414,117,118,-1,1
63415,98,107,-9,9
63416,30,57,-27,27
63417,76,80,-4,4
63418,87,83,4,4
63419,110,105,5,5
63420,80,84,-4,4
63421,48,61,-13,13
63422,120,114,6,6
63423,98,103,-5,5
63424,43,50,-7,7
63425,84,81,3,3
63426,62,62,0,0
63427,165,170,-5,5
63428,56,61,-5,5
63429,85,84,1,1
63430,109,97,12,12
63431,149,141,8,8
63432,55,58,-3,3
63433,89,95,-6,6
63434,68,77,-9,9
63435,68,70,-2,2
63436,146,145,1,1
63437,112,112,0,0
63438,104,99,5,5
63439,49,60,-11,11
63440,67,62,5,5
63441,70,89,-19,19
63442,109,102,7,7
63443,56,54,2,2
63444,148,142,6,6
63445,97,98,-1,1
63446,79,80,-1,1
63447,116,106,10,10
63448,97,97,0,0
63449,79,77,2,2
63450,74,68,6,6
63451,67,60,7,7
63452,118,112,6,6
63453,72,77,-5,5
63454,128,113,15,15
63455,113,117,-4,4
63456,103,112,-9,9
63457,86,92,-6,6
63458,59,68,-9,9
63459,114,124,-10,10
63460,125,132,-7,7
63461,105,99,6,6
63462,70,68,2,2
63463,147,138,9,9
63464,90,81,9,9
63465,81,92,-11,11
63466,65,76,-11,11
63467,63,63,0,0
63468,110,111,-1,1
63469,108,99,9,9
63470,62,83,-21,21
63471,107,106,1,1
63472,47,51,-4,4
63473,76,74,2,2
63474,92,92,0,0
63475,129,129,0,0
63476,87,88,-1,1
63477,90,82,8,8
63478,75,75,0,0
63479,69,75,-6,6
63480,61,65,-4,4
63481,76,75,1,1
63482,49,53,-4,4
63483,133,133,0,0
63484,147,156,-9,9
63485,115,103,12,12
63486,88,96,-8,8
63487,70,68,2,2
63488,77,76,1,1
63489,64,61,3,3
63490,182,166,16,16
63491,103,97,6,6
63492,91,94,-3,3
63493,104,102,2,2
63494,67,62,5,5
63495,90,93,-3,3
63496,81,86,-5,5
63497,140,140,0,0
63498,64,64,0,0
63499,132,135,-3,3
63500,64,63,1,1
63501,117,117,0,0
63502,86,93,-7,7
63503,216,199,17,17
63504,129,123,6,6
63505,107,104,3,3
63506,114,111,3,3
63507,99,93,6,6
63508,232,206,26,26
63509,81,84,-3,3
63510,117,120,-3,3
63511,142,146,-4,4
63512,33,45,-12,12
63513,80,83,-3,3
63514,95,87,8,8
63515,84,79,5,5
63516,111,121,-10,10
63517,53,57,-4,4
63518,47,60,-13,13
63519,80,79,1,1
63520,81,79,2,2
63521,74,69,5,5
63522,49,55,-6,6
63523,124,113,11,11
63524,98,94,4,4
63525,155,157,-2,2
63526,58,63,-5,5
63527,111,104,7,7
63528,99,112,-13,13
63529,124,116,8,8
63530,62,68,-6,6
63531,55,53,2,2
63532,72,69,3,3
63533,62,67,-5,5
63534,74,70,4,4
63535,76,66,10,10
63536,102,96,6,6
63537,87,80,7,7
63538,136,130,6,6
63539,89,82,7,7
63540,68,68,0,0
63541,67,68,-1,1
63542,97,101,-4,4
63543,123,116,7,7
63544,170,156,14,14
63545,120,124,-4,4
63546,110,118,-8,8
63547,100,98,2,2
63548,37,53,-16,16
63549,84,74,10,10
63550,62,62,0,0
63551,145,137,8,8
63552,106,106,0,0
63553,115,107,8,8
63554,126,127,-1,1
63555,141,151,-10,10
63556,92,88,4,4
63557,110,107,3,3
63558,59,67,-8,8
63559,90,83,7,7
63560,77,75,2,2
63561,70,73,-3,3
63562,77,71,6,6
63563,79,73,6,6
63564,154,149,5,5
63565,137,142,-5,5
63566,106,103,3,3
63567,116,112,4,4
63568,119,109,10,10
63569,65,58,7,7
63570,139,134,5,5
63571,145,134,11,11
63572,141,139,2,2
63573,119,113,6,6
63574,70,74,-4,4
63575,78,77,1,1
63576,75,61,14,14
63577,100,93,7,7
63578,163,155,8,8
63579,162,158,4,4
63580,153,150,3,3
63581,94,97,-3,3
63582,74,75,-1,1
63583,88,89,-1,1
63584,67,71,-4,4
63585,100,111,-11,11
63586,117,126,-9,9
63587,80,76,4,4
63588,95,82,13,13
63589,77,76,1,1
63590,121,117,4,4
63591,141,134,7,7
63592,83,75,8,8
63593,55,57,-2,2
63594,87,78,9,9
63595,76,79,-3,3
63596,116,107,9,9
63597,162,189,-27,27
63598,114,113,1,1
63599,79,77,2,2
63600,117,123,-6,6
63601,54,55,-1,1
63602,87,91,-4,4
63603,124,126,-2,2
63604,101,98,3,3
63605,53,54,-1,1
63606,133,132,1,1
63607,75,90,-15,15
63608,78,89,-11,11
63609,69,84,-15,15
63610,40,52,-12,12
63611,84,81,3,3
63612,94,95,-1,1
63613,75,70,5,5
63614,95,96,-1,1
63615,82,98,-16,16
63616,75,70,5,5
63617,141,119,22,22
63618,98,100,-2,2
63619,101,112,-11,11
63620,49,51,-2,2
63621,45,48,-3,3
63622,94,96,-2,2
63623,132,112,20,20
63624,122,106,16,16
63625,96,98,-2,2
63626,89,85,4,4
63627,114,116,-2,2
63628,112,106,6,6
63629,55,66,-11,11
63630,63,67,-4,4
63631,133,114,19,19
63632,71,79,-8,8
63633,81,72,9,9
63634,104,109,-5,5
63635,97,82,15,15
63636,103,109,-6,6
63637,110,99,11,11
63638,91,89,2,2
63639,60,62,-2,2
63640,58,65,-7,7
63641,91,90,1,1
63642,69,75,-6,6
63643,75,86,-11,11
63644,175,183,-8,8
63645,62,67,-5,5
63646,121,124,-3,3
63647,64,64,0,0
63648,103,96,7,7
63649,109,77,32,32
63650,111,101,10,10
63651,87,78,9,9
63652,146,140,6,6
63653,68,71,-3,3
63654,69,71,-2,2
63655,79,80,-1,1
63656,111,120,-9,9
63657,72,70,2,2
63658,110,103,7,7
63659,106,107,-1,1
63660,112,102,10,10
63661,85,74,11,11
63662,153,163,-10,10
63663,102,88,14,14
63664,75,79,-4,4
63665,123,113,10,10
63666,80,95,-15,15
63667,81,82,-1,1
63668,76,78,-2,2
63669,107,115,-8,8
63670,163,158,5,5
63671,75,80,-5,5
63672,83,82,1,1
63673,72,67,5,5
63674,73,77,-4,4
63675,47,61,-14,14
63676,127,124,3,3
63677,31,57,-26,26
63678,88,84,4,4
63679,131,132,-1,1
63680,140,157,-17,17
63681,172,169,3,3
63682,86,80,6,6
63683,137,132,5,5
63684,108,106,2,2
63685,67,69,-2,2
63686,157,173,-16,16
63687,42,52,-10,10
63688,81,83,-2,2
63689,96,90,6,6
63690,189,179,10,10
63691,97,108,-11,11
63692,82,89,-7,7
63693,105,91,14,14
63694,107,97,10,10
63695,81,83,-2,2
63696,44,54,-10,10
63697,93,92,1,1
63698,63,61,2,2
63699,46,92,-46,46
63700,128,135,-7,7
63701,133,134,-1,1
63702,40,47,-7,7
63703,119,113,6,6
63704,100,92,8,8
63705,96,93,3,3
63706,84,86,-2,2
63707,188,185,3,3
63708,66,66,0,0
63709,145,147,-2,2
63710,50,60,-10,10
63711,74,75,-1,1
63712,82,82,0,0
63713,92,97,-5,5
63714,131,130,1,1
63715,69,70,-1,1
63716,97,91,6,6
63717,137,134,3,3
63718,98,100,-2,2
63719,67,71,-4,4
63720,107,112,-5,5
63721,49,51,-2,2
63722,76,74,2,2
63723,66,66,0,0
63724,170,160,10,10
63725,101,106,-5,5
63726,95,83,12,12
63727,76,73,3,3
63728,82,78,4,4
63729,84,81,3,3
63730,106,112,-6,6
63731,64,79,-15,15
63732,91,90,1,1
63733,86,84,2,2
63734,54,57,-3,3
63735,82,97,-15,15
63736,89,91,-2,2
63737,97,96,1,1
63738,161,152,9,9
63739,48,49,-1,1
63740,109,107,2,2
63741,159,152,7,7
63742,106,108,-2,2
63743,181,158,23,23
63744,129,139,-10,10
63745,101,109,-8,8
63746,114,108,6,6
63747,126,116,10,10
63748,168,148,20,20
63749,95,101,-6,6
63750,80,84,-4,4
63751,96,93,3,3
63752,35,69,-34,34
63753,73,74,-1,1
63754,89,85,4,4
63755,107,96,11,11
63756,88,91,-3,3
63757,92,97,-5,5
63758,91,80,11,11
63759,91,83,8,8
63760,120,139,-19,19
63761,82,80,2,2
63762,80,83,-3,3
63763,55,59,-4,4
63764,76,66,10,10
63765,72,68,4,4
63766,105,98,7,7
63767,113,107,6,6
63768,67,62,5,5
63769,101,106,-5,5
63770,80,88,-8,8
63771,80,83,-3,3
63772,96,89,7,7
63773,71,80,-9,9
63774,148,153,-5,5
63775,72,70,2,2
63776,127,136,-9,9
63777,75,78,-3,3
63778,83,86,-3,3
63779,90,92,-2,2
63780,86,86,0,0
63781,75,76,-1,1
63782,72,72,0,0
63783,70,62,8,8
63784,105,103,2,2
63785,41,61,-20,20
63786,68,70,-2,2
63787,86,80,6,6
63788,64,58,6,6
63789,86,91,-5,5
63790,51,59,-8,8
63791,124,115,9,9
63792,88,93,-5,5
63793,93,94,-1,1
63794,54,68,-14,14
63795,71,62,9,9
63796,132,136,-4,4
63797,101,99,2,2
63798,172,155,17,17
63799,176,174,2,2
63800,173,179,-6,6
63801,130,129,1,1
63802,79,74,5,5
63803,102,105,-3,3
63804,133,128,5,5
63805,90,74,16,16
63806,102,99,3,3
63807,65,63,2,2
63808,128,122,6,6
63809,159,128,31,31
63810,57,63,-6,6
63811,171,167,4,4
63812,66,72,-6,6
63813,165,158,7,7
63814,51,57,-6,6
63815,111,111,0,0
63816,211,183,28,28
63817,89,83,6,6
63818,74,77,-3,3
63819,86,97,-11,11
63820,129,106,23,23
63821,67,65,2,2
63822,112,112,0,0
63823,102,85,17,17
63824,76,74,2,2
63825,67,81,-14,14
63826,96,94,2,2
63827,115,117,-2,2
63828,95,100,-5,5
63829,129,126,3,3
63830,78,74,4,4
63831,58,63,-5,5
63832,93,92,1,1
63833,53,53,0,0
63834,62,62,0,0
63835,89,91,-2,2
63836,110,110,0,0
63837,109,120,-11,11
63838,34,66,-32,32
63839,94,81,13,13
63840,54,58,-4,4
63841,111,114,-3,3
63842,128,132,-4,4
63843,141,139,2,2
63844,92,87,5,5
63845,102,84,18,18
63846,94,99,-5,5
63847,130,123,7,7
63848,93,98,-5,5
63849,86,73,13,13
63850,102,101,1,1
63851,137,123,14,14
63852,55,50,5,5
63853,118,114,4,4
63854,121,117,4,4
63855,155,148,7,7
63856,71,76,-5,5
63857,140,142,-2,2
63858,64,76,-12,12
63859,110,121,-11,11
63860,119,124,-5,5
63861,55,60,-5,5
63862,80,83,-3,3
63863,142,127,15,15
63864,44,55,-11,11
63865,111,114,-3,3
63866,113,108,5,5
63867,146,132,14,14
63868,169,169,0,0
63869,129,119,10,10
63870,76,80,-4,4
63871,67,65,2,2
63872,75,71,4,4
63873,68,70,-2,2
63874,74,77,-3,3
63875,80,77,3,3
63876,33,49,-16,16
63877,91,88,3,3
63878,75,73,2,2
63879,94,90,4,4
63880,142,131,11,11
63881,50,104,-54,54
63882,193,196,-3,3
63883,81,86,-5,5
63884,111,105,6,6
63885,130,130,0,0
63886,51,54,-3,3
63887,73,70,3,3
63888,136,143,-7,7
63889,94,91,3,3
63890,111,99,12,12
63891,119,117,2,2
63892,101,101,0,0
63893,79,71,8,8
63894,92,93,-1,1
63895,84,73,11,11
63896,48,55,-7,7
63897,105,108,-3,3
63898,87,76,11,11
63899,91,97,-6,6
63900,78,81,-3,3
63901,136,150,-14,14
63902,123,124,-1,1
63903,130,130,0,0
63904,126,121,5,5
63905,84,92,-8,8
63906,122,127,-5,5
63907,124,122,2,2
63908,117,113,4,4
63909,49,52,-3,3
63910,63,63,0,0
63911,64,64,0,0
63912,57,59,-2,2
63913,37,52,-15,15
63914,38,48,-10,10
63915,56,56,0,0
63916,137,130,7,7
63917,109,112,-3,3
63918,158,155,3,3
63919,112,121,-9,9
63920,96,103,-7,7
63921,99,102,-3,3
63922,68,68,0,0
63923,94,97,-3,3
63924,118,122,-4,4
63925,80,82,-2,2
63926,78,83,-5,5
63927,94,89,5,5
63928,172,175,-3,3
63929,39,50,-11,11
63930,62,75,-13,13
63931,152,136,16,16
63932,120,115,5,5
63933,90,83,7,7
63934,105,96,9,9
63935,80,77,3,3
63936,58,62,-4,4
63937,51,57,-6,6
63938,90,88,2,2
63939,107,101,6,6
63940,71,73,-2,2
63941,61,68,-7,7
63942,111,133,-22,22
63943,88,95,-7,7
63944,56,60,-4,4
63945,93,88,5,5
63946,106,100,6,6
63947,96,93,3,3
63948,81,88,-7,7
63949,63,61,2,2
63950,112,119,-7,7
63951,120,107,13,13
63952,59,55,4,4
63953,103,91,12,12
63954,50,55,-5,5
63955,115,94,21,21
63956,54,66,-12,12
63957,71,68,3,3
63958,59,56,3,3
63959,115,110,5,5
63960,47,55,-8,8
63961,100,100,0,0
63962,77,75,2,2
63963,195,180,15,15
63964,118,116,2,2
63965,90,91,-1,1
63966,101,98,3,3
63967,141,134,7,7
63968,153,146,7,7
63969,72,79,-7,7
63970,76,83,-7,7
63971,141,122,19,19
63972,168,155,13,13
63973,189,166,23,23
63974,52,55,-3,3
63975,90,87,3,3
63976,81,82,-1,1
63977,54,60,-6,6
63978,128,119,9,9
63979,86,90,-4,4
63980,65,69,-4,4
63981,53,56,-3,3
63982,57,59,-2,2
63983,90,84,6,6
63984,73,78,-5,5
63985,75,83,-8,8
63986,85,80,5,5
63987,143,143,0,0
63988,44,57,-13,13
63989,81,73,8,8
63990,76,80,-4,4
63991,126,122,4,4
63992,46,55,-9,9
63993,139,125,14,14
63994,154,146,8,8
63995,161,160,1,1
63996,59,56,3,3
63997,78,80,-2,2
63998,85,86,-1,1
63999,48,63,-15,15
64000,71,71,0,0
64001,79,82,-3,3
64002,65,64,1,1
64003,78,78,0,0
64004,117,118,-1,1
64005,51,54,-3,3
64006,153,94,59,59
64007,118,126,-8,8
64008,66,64,2,2
64009,75,79,-4,4
64010,102,108,-6,6
64011,85,84,1,1
64012,64,66,-2,2
64013,95,103,-8,8
64014,160,149,11,11
64015,94,90,4,4
64016,68,79,-11,11
64017,180,181,-1,1
64018,52,76,-24,24
64019,106,106,0,0
64020,85,81,4,4
64021,115,130,-15,15
64022,57,58,-1,1
64023,104,103,1,1
64024,53,57,-4,4
64025,79,72,7,7
64026,68,77,-9,9
64027,86,75,11,11
64028,121,113,8,8
64029,54,55,-1,1
64030,74,73,1,1
64031,122,143,-21,21
64032,67,68,-1,1
64033,128,135,-7,7
64034,56,60,-4,4
64035,146,145,1,1
64036,111,122,-11,11
64037,86,89,-3,3
64038,96,85,11,11
64039,144,152,-8,8
64040,73,73,0,0
64041,50,57,-7,7
64042,179,181,-2,2
64043,83,87,-4,4
64044,62,62,0,0
64045,103,107,-4,4
64046,101,100,1,1
64047,59,62,-3,3
64048,74,65,9,9
64049,72,70,2,2
64050,75,84,-9,9
64051,109,114,-5,5
64052,102,86,16,16
64053,143,135,8,8
64054,83,97,-14,14
64055,156,157,-1,1
64056,124,116,8,8
64057,80,78,2,2
64058,161,147,14,14
64059,54,62,-8,8
64060,75,89,-14,14
64061,155,138,17,17
64062,117,103,14,14
64063,130,132,-2,2
64064,225,199,26,26
64065,94,90,4,4
64066,63,59,4,4
64067,72,70,2,2
64068,179,174,5,5
64069,141,143,-2,2
64070,82,74,8,8
64071,62,57,5,5
64072,122,126,-4,4
64073,79,74,5,5
64074,93,82,11,11
64075,137,163,-26,26
64076,110,114,-4,4
64077,137,135,2,2
64078,84,70,14,14
64079,64,63,1,1
64080,64,56,8,8
64081,56,61,-5,5
64082,70,71,-1,1
64083,76,75,1,1
64084,118,110,8,8
64085,88,82,6,6
64086,81,76,5,5
64087,129,127,2,2
64088,64,68,-4,4
64089,97,90,7,7
64090,123,127,-4,4
64091,86,75,11,11
64092,97,95,2,2
64093,115,121,-6,6
64094,96,105,-9,9
64095,77,76,1,1
64096,168,181,-13,13
64097,51,56,-5,5
64098,90,78,12,12
64099,56,67,-11,11
64100,71,77,-6,6
64101,107,110,-3,3
64102,94,85,9,9
64103,46,54,-8,8
64104,118,110,8,8
64105,129,118,11,11
64106,106,109,-3,3
64107,81,86,-5,5
64108,82,76,6,6
64109,56,57,-1,1
64110,79,72,7,7
64111,71,72,-1,1
64112,148,157,-9,9
64113,205,192,13,13
64114,142,126,16,16
64115,85,76,9,9
64116,47,54,-7,7
64117,91,88,3,3
64118,108,105,3,3
64119,73,70,3,3
64120,102,105,-3,3
64121,129,140,-11,11
64122,130,165,-35,35
64123,103,92,11,11
64124,70,91,-21,21
64125,90,85,5,5
64126,118,136,-18,18
64127,85,74,11,11
64128,63,69,-6,6
64129,62,61,1,1
64130,93,94,-1,1
64131,66,76,-10,10
64132,57,57,0,0
64133,43,55,-12,12
64134,104,98,6,6
64135,131,125,6,6
64136,88,82,6,6
64137,79,82,-3,3
64138,83,70,13,13
64139,77,71,6,6
64140,82,87,-5,5
64141,109,106,3,3
64142,118,111,7,7
64143,134,139,-5,5
64144,124,128,-4,4
64145,105,111,-6,6
64146,102,95,7,7
64147,109,106,3,3
64148,100,98,2,2
64149,84,87,-3,3
64150,88,82,6,6
64151,86,84,2,2
64152,92,85,7,7
64153,125,120,5,5
64154,70,63,7,7
64155,167,141,26,26
64156,151,162,-11,11
64157,80,67,13,13
64158,125,107,18,18
64159,140,153,-13,13
64160,101,101,0,0
64161,68,64,4,4
64162,48,51,-3,3
64163,105,102,3,3
64164,72,68,4,4
64165,73,76,-3,3
64166,139,136,3,3
64167,88,92,-4,4
64168,65,98,-33,33
64169,100,98,2,2
64170,150,153,-3,3
64171,116,115,1,1
64172,64,67,-3,3
64173,115,105,10,10
64174,58,61,-3,3
64175,132,145,-13,13
64176,91,82,9,9
64177,75,64,11,11
64178,98,100,-2,2
64179,109,106,3,3
64180,115,103,12,12
64181,86,94,-8,8
64182,100,90,10,10
64183,77,74,3,3
64184,156,165,-9,9
64185,63,58,5,5
64186,81,83,-2,2
64187,95,95,0,0
64188,70,69,1,1
64189,100,101,-1,1
64190,92,91,1,1
64191,150,153,-3,3
64192,99,108,-9,9
64193,133,127,6,6
64194,46,53,-7,7
64195,99,89,10,10
64196,128,121,7,7
64197,77,78,-1,1
64198,77,80,-3,3
64199,62,67,-5,5
64200,175,152,23,23
64201,183,181,2,2
64202,80,84,-4,4
64203,124,124,0,0
64204,116,112,4,4
64205,140,144,-4,4
64206,74,67,7,7
64207,104,122,-18,18
64208,43,54,-11,11
64209,191,179,12,12
64210,245,236,9,9
64211,94,90,4,4
64212,110,99,11,11
64213,86,87,-1,1
64214,49,58,-9,9
64215,116,119,-3,3
64216,58,58,0,0
64217,51,66,-15,15
64218,96,96,0,0
64219,73,79,-6,6
64220,100,101,-1,1
64221,83,139,-56,56
64222,130,126,4,4
64223,64,71,-7,7
64224,77,77,0,0
64225,126,132,-6,6
64226,52,56,-4,4
64227,84,82,2,2
64228,69,78,-9,9
64229,107,127,-20,20
64230,104,94,10,10
64231,55,57,-2,2
64232,87,93,-6,6
64233,88,92,-4,4
64234,147,150,-3,3
64235,122,119,3,3
64236,120,112,8,8
64237,166,160,6,6
64238,80,88,-8,8
64239,122,124,-2,2
64240,43,49,-6,6
64241,121,109,12,12
64242,70,75,-5,5
64243,101,101,0,0
64244,57,61,-4,4
64245,100,93,7,7
64246,52,58,-6,6
64247,69,71,-2,2
64248,52,49,3,3
64249,60,63,-3,3
64250,74,70,4,4
64251,92,93,-1,1
64252,47,53,-6,6
64253,91,95,-4,4
64254,72,75,-3,3
64255,45,48,-3,3
64256,70,78,-8,8
64257,119,123,-4,4
64258,113,117,-4,4
64259,51,55,-4,4
64260,56,61,-5,5
64261,95,91,4,4
64262,82,91,-9,9
64263,79,78,1,1
64264,70,71,-1,1
64265,78,77,1,1
64266,94,93,1,1
64267,68,66,2,2
64268,87,95,-8,8
64269,164,180,-16,16
64270,101,94,7,7
64271,145,146,-1,1
64272,50,56,-6,6
64273,65,82,-17,17
64274,108,98,10,10
64275,77,73,4,4
64276,153,147,6,6
64277,113,105,8,8
64278,181,155,26,26
64279,52,55,-3,3
64280,96,100,-4,4
64281,139,134,5,5
64282,91,90,1,1
64283,73,78,-5,5
64284,77,79,-2,2
64285,71,71,0,0
64286,51,64,-13,13
64287,90,89,1,1
64288,68,64,4,4
64289,73,76,-3,3
64290,94,103,-9,9
64291,69,67,2,2
64292,90,91,-1,1
64293,154,157,-3,3
64294,163,146,17,17
64295,74,77,-3,3
64296,55,59,-4,4
64297,73,77,-4,4
64298,33,48,-15,15
64299,154,148,6,6
64300,70,56,14,14
64301,72,72,0,0
64302,96,103,-7,7
64303,117,115,2,2
64304,127,126,1,1
64305,84,88,-4,4
64306,99,106,-7,7
64307,72,69,3,3
64308,144,135,9,9
64309,74,77,-3,3
64310,75,74,1,1
64311,89,84,5,5
64312,122,116,6,6
64313,165,161,4,4
64314,45,55,-10,10
64315,82,88,-6,6
64316,84,78,6,6
64317,166,164,2,2
64318,140,129,11,11
64319,96,102,-6,6
64320,73,71,2,2
64321,200,189,11,11
64322,113,112,1,1
64323,137,131,6,6
64324,87,88,-1,1
64325,127,125,2,2
64326,74,62,12,12
64327,89,88,1,1
64328,128,138,-10,10
64329,73,75,-2,2
64330,53,52,1,1
64331,26,52,-26,26
64332,104,105,-1,1
64333,91,83,8,8
64334,157,151,6,6
64335,93,88,5,5
64336,125,130,-5,5
64337,66,59,7,7
64338,125,121,4,4
64339,144,122,22,22
64340,106,99,7,7
64341,129,121,8,8
64342,86,95,-9,9
64343,188,181,7,7
64344,142,134,8,8
64345,54,56,-2,2
64346,185,160,25,25
64347,152,149,3,3
64348,55,53,2,2
64349,74,78,-4,4
64350,132,134,-2,2
64351,80,77,3,3
64352,77,75,2,2
64353,67,82,-15,15
64354,71,68,3,3
64355,129,118,11,11
64356,116,107,9,9
64357,97,94,3,3
64358,39,47,-8,8
64359,44,51,-7,7
64360,73,75,-2,2
64361,78,75,3,3
64362,68,66,2,2
64363,57,53,4,4
64364,97,76,21,21
64365,77,77,0,0
64366,159,161,-2,2
64367,144,130,14,14
64368,58,61,-3,3
64369,74,84,-10,10
64370,47,56,-9,9
64371,86,84,2,2
64372,95,84,11,11
64373,74,72,2,2
64374,84,95,-11,11
64375,175,171,4,4
64376,47,49,-2,2
64377,110,103,7,7
64378,181,175,6,6
64379,117,116,1,1
64380,77,67,10,10
64381,88,77,11,11
64382,84,91,-7,7
64383,56,53,3,3
64384,49,62,-13,13
64385,75,79,-4,4
64386,58,59,-1,1
64387,110,113,-3,3
64388,80,82,-2,2
64389,120,129,-9,9
64390,79,99,-20,20
64391,107,110,-3,3
64392,79,80,-1,1
64393,69,69,0,0
64394,36,60,-24,24
64395,106,106,0,0
64396,64,61,3,3
64397,91,95,-4,4
64398,70,74,-4,4
64399,69,67,2,2
64400,75,82,-7,7
64401,54,57,-3,3
64402,69,76,-7,7
64403,105,116,-11,11
64404,67,70,-3,3
64405,28,46,-18,18
64406,57,58,-1,1
64407,46,53,-7,7
64408,52,56,-4,4
64409,122,123,-1,1
64410,101,94,7,7
64411,129,123,6,6
64412,143,155,-12,12
64413,193,183,10,10
64414,55,60,-5,5
64415,92,90,2,2
64416,107,89,18,18
64417,137,121,16,16
64418,100,102,-2,2
64419,61,70,-9,9
64420,113,98,15,15
64421,112,111,1,1
64422,78,68,10,10
64423,82,90,-8,8
64424,58,67,-9,9
64425,65,61,4,4
64426,52,60,-8,8
64427,106,103,3,3
64428,47,57,-10,10
64429,72,78,-6,6
64430,75,78,-3,3
64431,135,144,-9,9
64432,87,90,-3,3
64433,175,170,5,5
64434,99,107,-8,8
64435,50,58,-8,8
64436,90,83,7,7
64437,83,89,-6,6
64438,68,70,-2,2
64439,85,87,-2,2
64440,73,78,-5,5
64441,58,68,-10,10
64442,78,72,6,6
64443,89,98,-9,9
64444,49,58,-9,9
64445,73,65,8,8
64446,108,80,28,28
64447,60,65,-5,5
64448,142,128,14,14
64449,217,200,17,17
64450,57,52,5,5
64451,61,59,2,2
64452,82,73,9,9
64453,73,76,-3,3
64454,108,106,2,2
64455,139,148,-9,9
64456,80,75,5,5
64457,218,210,8,8
64458,119,119,0,0
64459,105,103,2,2
64460,57,60,-3,3
64461,106,117,-11,11
64462,74,84,-10,10
64463,77,82,-5,5
64464,143,138,5,5
64465,103,103,0,0
64466,120,115,5,5
64467,124,111,13,13
64468,112,106,6,6
64469,105,97,8,8
64470,144,145,-1,1
64471,97,90,7,7
64472,65,65,0,0
64473,74,69,5,5
64474,55,56,-1,1
64475,80,81,-1,1
64476,115,114,1,1
64477,145,150,-5,5
64478,103,111,-8,8
64479,132,123,9,9
64480,46,78,-32,32
64481,59,59,0,0
64482,83,78,5,5
64483,150,147,3,3
64484,182,174,8,8
64485,44,58,-14,14
64486,64,77,-13,13
64487,53,56,-3,3
64488,78,84,-6,6
64489,112,121,-9,9
64490,109,107,2,2
64491,95,105,-10,10
64492,62,90,-28,28
64493,57,62,-5,5
64494,130,133,-3,3
64495,101,95,6,6
64496,135,141,-6,6
64497,100,118,-18,18
64498,107,118,-11,11
64499,97,106,-9,9
64500,79,75,4,4
64501,80,84,-4,4
64502,94,69,25,25
64503,122,118,4,4
64504,57,59,-2,2
64505,58,64,-6,6
64506,76,73,3,3
64507,144,131,13,13
64508,51,54,-3,3
64509,54,57,-3,3
64510,85,89,-4,4
64511,61,66,-5,5
64512,148,128,20,20
64513,33,48,-15,15
64514,99,96,3,3
64515,117,111,6,6
64516,82,78,4,4
64517,54,78,-24,24
64518,144,137,7,7
64519,141,140,1,1
64520,80,86,-6,6
64521,203,186,17,17
64522,93,91,2,2
64523,65,65,0,0
64524,61,59,2,2
64525,139,133,6,6
64526,84,86,-2,2
64527,72,79,-7,7
64528,68,74,-6,6
64529,56,67,-11,11
64530,101,101,0,0
64531,63,72,-9,9
64532,94,96,-2,2
64533,120,118,2,2
64534,113,119,-6,6
64535,32,48,-16,16
64536,94,105,-11,11
64537,116,116,0,0
64538,101,97,4,4
64539,57,63,-6,6
64540,144,139,5,5
64541,76,77,-1,1
64542,94,92,2,2
64543,80,84,-4,4
64544,100,96,4,4
64545,150,142,8,8
64546,85,87,-2,2
64547,77,76,1,1
64548,75,73,2,2
64549,170,159,11,11
64550,138,143,-5,5
64551,74,67,7,7
64552,83,82,1,1
64553,193,192,1,1
64554,95,83,12,12
64555,132,131,1,1
64556,69,69,0,0
64557,120,135,-15,15
64558,102,101,1,1
64559,87,79,8,8
64560,133,116,17,17
64561,106,105,1,1
64562,90,95,-5,5
64563,61,62,-1,1
64564,87,88,-1,1
64565,130,126,4,4
64566,77,80,-3,3
64567,80,101,-21,21
64568,95,79,16,16
64569,64,64,0,0
64570,57,63,-6,6
64571,70,71,-1,1
64572,111,109,2,2
64573,54,60,-6,6
64574,142,167,-25,25
64575,52,56,-4,4
64576,47,62,-15,15
64577,133,138,-5,5
64578,140,148,-8,8
64579,60,65,-5,5
64580,186,165,21,21
64581,77,77,0,0
64582,101,94,7,7
64583,59,58,1,1
64584,121,131,-10,10
64585,104,112,-8,8
64586,155,132,23,23
64587,83,78,5,5
64588,77,77,0,0
64589,123,111,12,12
64590,59,57,2,2
64591,105,89,16,16
64592,75,83,-8,8
64593,116,107,9,9
64594,72,74,-2,2
64595,149,156,-7,7
64596,119,113,6,6
64597,63,74,-11,11
64598,87,81,6,6
64599,137,133,4,4
64600,82,73,9,9
64601,125,122,3,3
64602,36,52,-16,16
64603,67,69,-2,2
64604,116,118,-2,2
64605,155,146,9,9
64606,103,89,14,14
64607,104,100,4,4
64608,143,141,2,2
64609,123,124,-1,1
64610,121,112,9,9
64611,87,76,11,11
64612,72,77,-5,5
64613,49,65,-16,16
64614,69,81,-12,12
64615,72,87,-15,15
64616,116,93,23,23
64617,138,149,-11,11
64618,97,100,-3,3
64619,63,59,4,4
64620,109,102,7,7
64621,80,81,-1,1
64622,96,93,3,3
64623,98,85,13,13
64624,101,107,-6,6
64625,143,142,1,1
64626,90,87,3,3
64627,85,81,4,4
64628,120,126,-6,6
64629,65,62,3,3
64630,161,146,15,15
64631,124,109,15,15
64632,103,102,1,1
64633,99,94,5,5
64634,121,131,-10,10
64635,122,120,2,2
64636,104,110,-6,6
64637,160,173,-13,13
64638,109,88,21,21
64639,63,62,1,1
64640,112,110,2,2
64641,88,86,2,2
64642,88,86,2,2
64643,101,118,-17,17
64644,50,54,-4,4
64645,170,178,-8,8
64646,64,72,-8,8
64647,102,114,-12,12
64648,93,91,2,2
64649,132,130,2,2
64650,75,84,-9,9
64651,84,72,12,12
64652,60,63,-3,3
64653,103,118,-15,15
64654,58,64,-6,6
64655,153,138,15,15
64656,135,126,9,9
64657,62,69,-7,7
64658,162,150,12,12
64659,74,78,-4,4
64660,90,81,9,9
64661,127,128,-1,1
64662,97,101,-4,4
64663,102,98,4,4
64664,117,113,4,4
64665,38,48,-10,10
64666,114,110,4,4
64667,45,49,-4,4
64668,100,98,2,2
64669,61,60,1,1
64670,101,93,8,8
64671,120,122,-2,2
64672,152,147,5,5
64673,84,88,-4,4
64674,100,91,9,9
64675,108,101,7,7
64676,124,136,-12,12
64677,148,155,-7,7
64678,46,53,-7,7
64679,119,120,-1,1
64680,118,108,10,10
64681,52,62,-10,10
64682,104,110,-6,6
64683,82,101,-19,19
64684,100,88,12,12
64685,118,108,10,10
64686,70,75,-5,5
64687,104,89,15,15
64688,141,136,5,5
64689,97,96,1,1
64690,24,52,-28,28
64691,192,171,21,21
64692,71,66,5,5
64693,78,90,-12,12
64694,46,55,-9,9
64695,79,79,0,0
64696,153,135,18,18
64697,88,100,-12,12
64698,64,72,-8,8
64699,81,75,6,6
64700,81,80,1,1
64701,105,101,4,4
64702,88,96,-8,8
64703,120,126,-6,6
64704,68,68,0,0
64705,84,82,2,2
64706,121,114,7,7
64707,80,73,7,7
64708,138,141,-3,3
64709,90,85,5,5
64710,87,90,-3,3
64711,92,92,0,0
64712,111,121,-10,10
64713,77,74,3,3
64714,74,71,3,3
64715,170,145,25,25
64716,77,80,-3,3
64717,117,124,-7,7
64718,151,137,14,14
64719,84,90,-6,6
64720,108,118,-10,10
64721,69,73,-4,4
64722,121,128,-7,7
64723,94,104,-10,10
64724,41,48,-7,7
64725,140,134,6,6
64726,76,67,9,9
64727,85,76,9,9
64728,104,110,-6,6
64729,48,57,-9,9
64730,128,136,-8,8
64731,68,67,1,1
64732,70,67,3,3
64733,93,85,8,8
64734,69,76,-7,7
64735,56,59,-3,3
64736,96,97,-1,1
64737,50,60,-10,10
64738,64,68,-4,4
64739,69,76,-7,7
64740,89,85,4,4
64741,75,78,-3,3
64742,77,79,-2,2
64743,68,64,4,4
64744,59,88,-29,29
64745,140,125,15,15
64746,79,71,8,8
64747,46,52,-6,6
64748,54,54,0,0
64749,89,95,-6,6
64750,99,103,-4,4
64751,68,68,0,0
64752,86,94,-8,8
64753,106,95,11,11
64754,82,79,3,3
64755,97,131,-34,34
64756,29,53,-24,24
64757,99,95,4,4
64758,119,123,-4,4
64759,102,104,-2,2
64760,104,105,-1,1
64761,148,126,22,22
64762,146,143,3,3
64763,107,100,7,7
64764,49,59,-10,10
64765,45,47,-2,2
64766,133,130,3,3
64767,102,108,-6,6
64768,110,116,-6,6
64769,100,101,-1,1
64770,112,106,6,6
64771,59,67,-8,8
64772,73,65,8,8
64773,115,127,-12,12
64774,88,85,3,3
64775,77,86,-9,9
64776,133,131,2,2
64777,86,87,-1,1
64778,74,65,9,9
64779,125,124,1,1
64780,97,100,-3,3
64781,71,64,7,7
64782,42,51,-9,9
64783,140,140,0,0
64784,70,70,0,0
64785,76,84,-8,8
64786,59,60,-1,1
64787,87,95,-8,8
64788,134,122,12,12
64789,173,167,6,6
64790,47,54,-7,7
64791,112,100,12,12
64792,94,101,-7,7
64793,81,75,6,6
64794,152,151,1,1
64795,56,61,-5,5
64796,72,72,0,0
64797,82,81,1,1
64798,68,66,2,2
64799,87,90,-3,3
64800,116,135,-19,19
64801,49,49,0,0
64802,124,122,2,2
64803,146,152,-6,6
64804,151,145,6,6
64805,67,88,-21,21
64806,57,94,-37,37
64807,147,151,-4,4
64808,104,106,-2,2
64809,124,126,-2,2
64810,46,55,-9,9
64811,118,117,1,1
64812,110,111,-1,1
64813,82,82,0,0
64814,97,88,9,9
64815,104,93,11,11
64816,46,52,-6,6
64817,76,80,-4,4
64818,66,65,1,1
64819,51,53,-2,2
64820,63,57,6,6
64821,81,79,2,2
64822,110,110,0,0
64823,160,161,-1,1
64824,65,65,0,0
64825,43,53,-10,10
64826,67,124,-57,57
64827,104,97,7,7
64828,83,89,-6,6
64829,57,69,-12,12
64830,139,137,2,2
64831,78,78,0,0
64832,68,63,5,5
64833,91,87,4,4
64834,117,119,-2,2
64835,117,112,5,5
64836,110,114,-4,4
64837,67,67,0,0
64838,89,90,-1,1
64839,96,105,-9,9
64840,92,101,-9,9
64841,87,85,2,2
64842,92,84,8,8
64843,59,64,-5,5
64844,66,66,0,0
64845,160,162,-2,2
64846,188,171,17,17
64847,96,98,-2,2
64848,75,81,-6,6
64849,140,136,4,4
64850,95,94,1,1
64851,83,83,0,0
64852,103,104,-1,1
64853,81,83,-2,2
64854,87,87,0,0
64855,90,91,-1,1
64856,66,66,0,0
64857,100,93,7,7
64858,75,71,4,4
64859,50,51,-1,1
64860,68,72,-4,4
64861,82,78,4,4
64862,72,66,6,6
64863,56,58,-2,2
64864,113,113,0,0
64865,41,53,-12,12
64866,56,58,-2,2
64867,92,87,5,5
64868,68,70,-2,2
64869,63,66,-3,3
64870,111,115,-4,4
64871,74,76,-2,2
64872,91,92,-1,1
64873,84,135,-51,51
64874,107,119,-12,12
64875,95,93,2,2
64876,80,74,6,6
64877,125,131,-6,6
64878,57,57,0,0
64879,115,124,-9,9
64880,117,114,3,3
64881,71,75,-4,4
64882,72,68,4,4
64883,199,185,14,14
64884,100,105,-5,5
64885,75,66,9,9
64886,78,73,5,5
64887,82,80,2,2
64888,85,88,-3,3
64889,53,61,-8,8
64890,89,87,2,2
64891,111,102,9,9
64892,58,58,0,0
64893,74,68,6,6
64894,106,119,-13,13
64895,139,137,2,2
64896,94,92,2,2
64897,66,64,2,2
64898,140,125,15,15
64899,100,103,-3,3
64900,60,62,-2,2
64901,118,108,10,10
64902,108,94,14,14
64903,131,120,11,11
64904,141,155,-14,14
64905,107,110,-3,3
64906,65,74,-9,9
64907,104,109,-5,5
64908,121,125,-4,4
64909,93,99,-6,6
64910,85,90,-5,5
64911,77,72,5,5
64912,113,105,8,8
64913,44,52,-8,8
64914,110,126,-16,16
64915,75,67,8,8
64916,65,72,-7,7
64917,59,56,3,3
64918,102,91,11,11
64919,93,111,-18,18
64920,85,84,1,1
64921,57,57,0,0
64922,129,123,6,6
64923,45,57,-12,12
64924,60,79,-19,19
64925,89,97,-8,8
64926,93,92,1,1
64927,104,102,2,2
64928,55,60,-5,5
64929,83,87,-4,4
64930,137,132,5,5
64931,109,99,10,10
64932,69,67,2,2
64933,110,129,-19,19
64934,119,101,18,18
64935,97,92,5,5
64936,81,80,1,1
64937,104,100,4,4
64938,71,77,-6,6
64939,50,58,-8,8
64940,136,129,7,7
64941,70,65,5,5
64942,63,71,-8,8
64943,90,97,-7,7
64944,102,99,3,3
64945,50,51,-1,1
64946,138,125,13,13
64947,103,129,-26,26
64948,127,124,3,3
64949,129,132,-3,3
64950,144,143,1,1
64951,52,59,-7,7
64952,72,74,-2,2
64953,94,98,-4,4
64954,77,68,9,9
64955,62,65,-3,3
64956,91,93,-2,2
64957,58,58,0,0
64958,78,79,-1,1
64959,63,63,0,0
64960,111,102,9,9
64961,87,88,-1,1
64962,85,83,2,2
64963,224,202,22,22
64964,99,96,3,3
64965,84,81,3,3
64966,101,99,2,2
64967,156,136,20,20
64968,50,51,-1,1
64969,82,80,2,2
64970,190,198,-8,8
64971,127,134,-7,7
64972,61,63,-2,2
64973,100,103,-3,3
64974,81,85,-4,4
64975,141,127,14,14
64976,80,74,6,6
64977,67,66,1,1
64978,90,93,-3,3
64979,81,76,5,5
64980,55,55,0,0
64981,85,87,-2,2
64982,36,53,-17,17
64983,87,75,12,12
64984,73,84,-11,11
64985,90,87,3,3
64986,69,59,10,10
64987,88,85,3,3
64988,64,65,-1,1
64989,56,60,-4,4
64990,130,122,8,8
64991,59,57,2,2
64992,140,147,-7,7
64993,129,119,10,10
64994,122,120,2,2
64995,69,66,3,3
64996,65,74,-9,9
64997,103,103,0,0
64998,36,50,-14,14
64999,193,196,-3,3
65000,123,118,5,5
65001,77,78,-1,1
65002,75,70,5,5
65003,85,93,-8,8
65004,124,127,-3,3
65005,148,150,-2,2
65006,92,96,-4,4
65007,70,61,9,9
65008,129,120,9,9
65009,51,50,1,1
65010,98,89,9,9
65011,130,122,8,8
65012,134,132,2,2
65013,89,81,8,8
65014,83,90,-7,7
65015,89,90,-1,1
65016,101,97,4,4
65017,110,100,10,10
65018,68,69,-1,1
65019,68,62,6,6
65020,72,72,0,0
65021,77,80,-3,3
65022,147,134,13,13
65023,117,115,2,2
65024,79,96,-17,17
65025,103,105,-2,2
65026,65,72,-7,7
65027,102,98,4,4
65028,66,68,-2,2
65029,101,95,6,6
65030,77,81,-4,4
65031,58,67,-9,9
65032,75,80,-5,5
65033,50,66,-16,16
65034,116,113,3,3
65035,78,74,4,4
65036,111,101,10,10
65037,35,46,-11,11
65038,94,91,3,3
65039,136,128,8,8
65040,71,69,2,2
65041,94,104,-10,10
65042,81,74,7,7
65043,54,63,-9,9
65044,94,86,8,8
65045,94,95,-1,1
65046,143,140,3,3
65047,82,82,0,0
65048,156,141,15,15
65049,81,88,-7,7
65050,169,170,-1,1
65051,104,100,4,4
65052,107,109,-2,2
65053,69,84,-15,15
65054,123,106,17,17
65055,51,57,-6,6
65056,88,95,-7,7
65057,41,50,-9,9
65058,56,63,-7,7
65059,138,139,-1,1
65060,102,92,10,10
65061,97,93,4,4
65062,124,133,-9,9
65063,124,118,6,6
65064,119,133,-14,14
65065,55,54,1,1
65066,116,115,1,1
65067,60,60,0,0
65068,134,122,12,12
65069,63,88,-25,25
65070,73,73,0,0
65071,145,139,6,6
65072,111,111,0,0
65073,110,118,-8,8
65074,194,177,17,17
65075,92,98,-6,6
65076,97,90,7,7
65077,116,120,-4,4
65078,61,56,5,5
65079,150,148,2,2
65080,45,58,-13,13
65081,99,89,10,10
65082,79,77,2,2
65083,118,124,-6,6
65084,74,68,6,6
65085,108,106,2,2
65086,85,82,3,3
65087,89,80,9,9
65088,107,110,-3,3
65089,165,172,-7,7
65090,84,80,4,4
65091,132,126,6,6
65092,90,84,6,6
65093,144,120,24,24
65094,87,91,-4,4
65095,103,90,13,13
65096,98,103,-5,5
65097,88,83,5,5
65098,125,123,2,2
65099,112,106,6,6
65100,51,64,-13,13
65101,105,113,-8,8
65102,149,127,22,22
65103,109,105,4,4
65104,74,74,0,0
65105,83,80,3,3
65106,85,87,-2,2
65107,75,67,8,8
65108,78,83,-5,5
65109,67,69,-2,2
65110,48,59,-11,11
65111,109,84,25,25
65112,92,85,7,7
65113,90,95,-5,5
65114,90,87,3,3
65115,98,95,3,3
65116,76,72,4,4
65117,83,87,-4,4
65118,148,153,-5,5
65119,99,98,1,1
65120,68,67,1,1
65121,79,71,8,8
65122,98,101,-3,3
65123,194,188,6,6
65124,90,81,9,9
65125,70,65,5,5
65126,88,90,-2,2
65127,66,68,-2,2
65128,81,66,15,15
65129,122,124,-2,2
65130,96,98,-2,2
65131,69,71,-2,2
65132,113,101,12,12
65133,61,68,-7,7
65134,101,84,17,17
65135,178,167,11,11
65136,111,106,5,5
65137,81,76,5,5
65138,147,166,-19,19
65139,121,117,4,4
65140,78,79,-1,1
65141,86,82,4,4
65142,54,55,-1,1
65143,46,51,-5,5
65144,62,66,-4,4
65145,94,88,6,6
65146,101,103,-2,2
65147,60,67,-7,7
65148,72,66,6,6
65149,75,82,-7,7
65150,148,143,5,5
65151,123,115,8,8
65152,81,91,-10,10
65153,126,129,-3,3
65154,163,154,9,9
65155,105,105,0,0
65156,85,82,3,3
65157,102,97,5,5
65158,89,86,3,3
65159,123,129,-6,6
65160,62,56,6,6
65161,78,86,-8,8
65162,98,91,7,7
65163,68,72,-4,4
65164,99,104,-5,5
65165,112,104,8,8
65166,89,86,3,3
65167,89,95,-6,6
65168,83,77,6,6
65169,119,119,0,0
65170,92,98,-6,6
65171,77,82,-5,5
65172,74,70,4,4
65173,115,136,-21,21
65174,107,104,3,3
65175,98,88,10,10
65176,136,129,7,7
65177,42,59,-17,17
65178,119,122,-3,3
65179,119,122,-3,3
65180,109,101,8,8
65181,113,111,2,2
65182,164,162,2,2
65183,86,82,4,4
65184,97,98,-1,1
65185,112,116,-4,4
65186,124,123,1,1
65187,84,99,-15,15
65188,77,81,-4,4
65189,87,91,-4,4
65190,52,53,-1,1
65191,112,107,5,5
65192,78,76,2,2
65193,93,92,1,1
65194,115,131,-16,16
65195,76,73,3,3
65196,209,195,14,14
65197,41,63,-22,22
65198,115,108,7,7
65199,155,141,14,14
65200,53,52,1,1
65201,72,71,1,1
65202,110,85,25,25
65203,91,97,-6,6
65204,99,95,4,4
65205,88,94,-6,6
65206,100,98,2,2
65207,73,83,-10,10
65208,70,67,3,3
65209,126,122,4,4
65210,102,102,0,0
65211,97,91,6,6
65212,60,67,-7,7
65213,44,61,-17,17
65214,62,69,-7,7
65215,52,58,-6,6
65216,128,125,3,3
65217,168,166,2,2
65218,101,105,-4,4
65219,106,110,-4,4
65220,191,174,17,17
65221,51,62,-11,11
65222,196,168,28,28
65223,92,98,-6,6
65224,47,54,-7,7
65225,115,105,10,10
65226,70,65,5,5
65227,84,92,-8,8
65228,145,141,4,4
65229,102,106,-4,4
65230,31,48,-17,17
65231,65,62,3,3
65232,92,88,4,4
65233,77,81,-4,4
65234,90,94,-4,4
65235,30,44,-14,14
65236,72,81,-9,9
65237,109,112,-3,3
65238,148,151,-3,3
65239,81,85,-4,4
65240,75,71,4,4
65241,60,60,0,0
65242,147,143,4,4
65243,95,79,16,16
65244,71,75,-4,4
65245,145,152,-7,7
65246,91,97,-6,6
65247,48,70,-22,22
65248,94,93,1,1
65249,86,93,-7,7
65250,70,69,1,1
65251,120,123,-3,3
65252,117,119,-2,2
65253,118,93,25,25
65254,66,71,-5,5
65255,70,66,4,4
65256,51,55,-4,4
65257,80,82,-2,2
65258,78,82,-4,4
65259,136,120,16,16
65260,105,107,-2,2
65261,94,86,8,8
65262,119,112,7,7
65263,119,122,-3,3
65264,66,62,4,4
65265,133,126,7,7
65266,106,105,1,1
65267,110,100,10,10
65268,109,103,6,6
65269,97,109,-12,12
65270,54,61,-7,7
65271,143,138,5,5
65272,103,107,-4,4
65273,55,64,-9,9
65274,72,71,1,1
65275,300,246,54,54
65276,110,107,3,3
65277,120,120,0,0
65278,114,123,-9,9
65279,65,68,-3,3
65280,51,55,-4,4
65281,107,99,8,8
65282,86,92,-6,6
65283,91,91,0,0
65284,102,95,7,7
65285,72,67,5,5
65286,82,81,1,1
65287,134,124,10,10
65288,133,126,7,7
65289,79,83,-4,4
65290,146,148,-2,2
65291,176,167,9,9
65292,117,116,1,1
65293,82,87,-5,5
65294,105,104,1,1
65295,89,93,-4,4
65296,72,79,-7,7
65297,71,62,9,9
65298,117,119,-2,2
65299,140,134,6,6
65300,80,81,-1,1
65301,53,56,-3,3
65302,185,184,1,1
65303,111,101,10,10
65304,92,98,-6,6
65305,91,87,4,4
65306,112,97,15,15
65307,59,59,0,0
65308,106,100,6,6
65309,53,64,-11,11
65310,132,132,0,0
65311,80,86,-6,6
65312,163,164,-1,1
65313,58,66,-8,8
65314,138,127,11,11
65315,173,172,1,1
65316,64,69,-5,5
65317,78,71,7,7
65318,101,106,-5,5
65319,103,102,1,1
65320,87,82,5,5
65321,105,99,6,6
65322,94,91,3,3
65323,89,90,-1,1
65324,63,74,-11,11
65325,92,85,7,7
65326,139,144,-5,5
65327,78,81,-3,3
65328,58,78,-20,20
65329,77,80,-3,3
65330,71,108,-37,37
65331,154,158,-4,4
65332,93,89,4,4
65333,61,59,2,2
65334,168,163,5,5
65335,139,131,8,8
65336,78,76,2,2
65337,132,126,6,6
65338,56,57,-1,1
65339,78,83,-5,5
65340,86,88,-2,2
65341,68,71,-3,3
65342,31,63,-32,32
65343,60,63,-3,3
65344,150,143,7,7
65345,117,114,3,3
65346,104,98,6,6
65347,102,103,-1,1
65348,77,87,-10,10
65349,64,68,-4,4
65350,103,106,-3,3
65351,113,107,6,6
65352,96,98,-2,2
65353,114,94,20,20
65354,126,120,6,6
65355,106,108,-2,2
65356,59,60,-1,1
65357,81,86,-5,5
65358,109,101,8,8
65359,121,131,-10,10
65360,70,69,1,1
65361,148,146,2,2
65362,94,84,10,10
65363,127,128,-1,1
65364,117,123,-6,6
65365,104,100,4,4
65366,46,54,-8,8
65367,106,124,-18,18
65368,94,86,8,8
65369,124,113,11,11
65370,62,65,-3,3
65371,62,76,-14,14
65372,74,83,-9,9
65373,53,56,-3,3
65374,40,55,-15,15
65375,70,71,-1,1
65376,60,60,0,0
65377,45,56,-11,11
65378,111,111,0,0
65379,37,55,-18,18
65380,88,102,-14,14
65381,51,107,-56,56
65382,66,66,0,0
65383,76,79,-3,3
65384,91,86,5,5
65385,121,123,-2,2
65386,135,133,2,2
65387,87,93,-6,6
65388,99,97,2,2
65389,106,106,0,0
65390,83,87,-4,4
65391,94,86,8,8
65392,76,77,-1,1
65393,69,68,1,1
65394,100,113,-13,13
65395,118,118,0,0
65396,66,81,-15,15
65397,89,91,-2,2
65398,104,120,-16,16
65399,110,95,15,15
65400,106,100,6,6
65401,118,118,0,0
65402,83,89,-6,6
65403,85,82,3,3
65404,73,84,-11,11
65405,72,65,7,7
65406,61,60,1,1
65407,59,61,-2,2
65408,114,121,-7,7
65409,68,75,-7,7
65410,179,178,1,1
65411,70,71,-1,1
65412,91,88,3,3
65413,114,108,6,6
65414,108,104,4,4
65415,79,80,-1,1
65416,79,72,7,7
65417,125,131,-6,6
65418,117,93,24,24
65419,68,76,-8,8
65420,79,78,1,1
65421,103,113,-10,10
65422,207,189,18,18
65423,63,70,-7,7
65424,117,116,1,1
65425,63,61,2,2
65426,71,75,-4,4
65427,74,86,-12,12
65428,55,60,-5,5
65429,170,161,9,9
65430,69,68,1,1
65431,51,61,-10,10
65432,55,57,-2,2
65433,73,75,-2,2
65434,89,106,-17,17
65435,173,154,19,19
65436,119,118,1,1
65437,85,87,-2,2
65438,94,95,-1,1
65439,104,96,8,8
65440,96,96,0,0
65441,61,65,-4,4
65442,86,89,-3,3
65443,95,94,1,1
65444,161,159,2,2
65445,80,78,2,2
65446,112,105,7,7
65447,75,80,-5,5
65448,141,131,10,10
65449,161,163,-2,2
65450,99,99,0,0
65451,94,92,2,2
65452,146,136,10,10
65453,72,73,-1,1
65454,105,91,14,14
65455,69,67,2,2
65456,113,109,4,4
65457,132,113,19,19
65458,121,123,-2,2
65459,91,95,-4,4
65460,70,64,6,6
65461,96,93,3,3
65462,155,150,5,5
65463,130,141,-11,11
65464,186,165,21,21
65465,96,98,-2,2
65466,146,159,-13,13
65467,113,107,6,6
65468,86,90,-4,4
65469,104,99,5,5
65470,66,64,2,2
65471,96,89,7,7
65472,88,81,7,7
65473,111,105,6,6
65474,146,134,12,12
65475,86,70,16,16
65476,46,51,-5,5
65477,72,74,-2,2
65478,170,154,16,16
65479,35,49,-14,14
65480,90,90,0,0
65481,143,149,-6,6
65482,157,151,6,6
65483,62,71,-9,9
65484,65,60,5,5
65485,75,73,2,2
65486,89,91,-2,2
65487,82,73,9,9
65488,80,82,-2,2
65489,56,52,4,4
65490,76,73,3,3
65491,113,112,1,1
65492,104,113,-9,9
65493,99,94,5,5
65494,62,62,0,0
65495,140,147,-7,7
65496,76,79,-3,3
65497,114,111,3,3
65498,108,114,-6,6
65499,81,72,9,9
65500,63,62,1,1
65501,125,123,2,2
65502,70,61,9,9
65503,90,92,-2,2
65504,37,49,-12,12
65505,92,102,-10,10
65506,96,102,-6,6
65507,85,83,2,2
65508,106,111,-5,5
65509,86,80,6,6
65510,101,88,13,13
65511,101,101,0,0
65512,100,105,-5,5
65513,105,99,6,6
65514,71,77,-6,6
65515,58,59,-1,1
65516,179,172,7,7
65517,106,107,-1,1
65518,89,81,8,8
65519,84,73,11,11
65520,113,105,8,8
65521,129,122,7,7
65522,87,97,-10,10
65523,122,127,-5,5
65524,109,111,-2,2
65525,78,84,-6,6
65526,96,95,1,1
65527,176,154,22,22
65528,114,110,4,4
65529,89,77,12,12
65530,115,103,12,12
65531,73,66,7,7
65532,68,71,-3,3
65533,148,143,5,5
65534,70,72,-2,2
65535,108,101,7,7
65536,60,56,4,4
65537,98,87,11,11
65538,47,52,-5,5
65539,84,87,-3,3
65540,60,58,2,2
65541,119,126,-7,7
65542,66,69,-3,3
65543,115,112,3,3
65544,172,159,13,13
65545,105,99,6,6
65546,83,77,6,6
65547,75,69,6,6
65548,48,52,-4,4
65549,100,99,1,1
65550,59,64,-5,5
65551,67,61,6,6
65552,103,112,-9,9
65553,48,49,-1,1
65554,108,122,-14,14
65555,77,62,15,15
65556,126,122,4,4
65557,82,105,-23,23
65558,38,59,-21,21
65559,99,94,5,5
65560,56,58,-2,2
65561,131,110,21,21
65562,96,87,9,9
65563,83,85,-2,2
65564,120,113,7,7
65565,102,91,11,11
65566,93,96,-3,3
65567,127,124,3,3
65568,67,56,11,11
65569,98,94,4,4
65570,77,68,9,9
65571,84,75,9,9
65572,96,89,7,7
65573,118,116,2,2
65574,84,86,-2,2
65575,70,86,-16,16
65576,100,101,-1,1
65577,118,112,6,6
65578,54,57,-3,3
65579,170,160,10,10
65580,91,96,-5,5
65581,86,81,5,5
65582,82,86,-4,4
65583,123,126,-3,3
65584,94,94,0,0
65585,86,71,15,15
65586,142,150,-8,8
65587,132,120,12,12
65588,140,132,8,8
65589,177,158,19,19
65590,54,65,-11,11
65591,51,60,-9,9
65592,130,122,8,8
65593,71,73,-2,2
65594,61,59,2,2
65595,93,89,4,4
65596,93,101,-8,8
65597,83,82,1,1
65598,104,94,10,10
65599,93,95,-2,2
65600,88,84,4,4
65601,89,91,-2,2
65602,154,162,-8,8
65603,53,57,-4,4
65604,85,82,3,3
65605,89,95,-6,6
65606,107,110,-3,3
65607,102,102,0,0
65608,88,96,-8,8
65609,35,50,-15,15
65610,118,112,6,6
65611,63,59,4,4
65612,56,63,-7,7
65613,41,60,-19,19
65614,108,111,-3,3
65615,137,139,-2,2
65616,70,63,7,7
65617,131,145,-14,14
65618,83,74,9,9
65619,87,84,3,3
65620,87,95,-8,8
65621,134,133,1,1
65622,108,91,17,17
65623,73,88,-15,15
65624,110,103,7,7
65625,100,76,24,24
65626,57,88,-31,31
65627,101,97,4,4
65628,124,120,4,4
65629,100,101,-1,1
65630,116,121,-5,5
65631,124,111,13,13
65632,119,125,-6,6
65633,95,107,-12,12
65634,131,118,13,13
65635,46,52,-6,6
65636,119,112,7,7
65637,86,81,5,5
65638,148,146,2,2
65639,63,59,4,4
65640,84,80,4,4
65641,88,80,8,8
65642,125,115,10,10
65643,180,165,15,15
65644,92,97,-5,5
65645,73,77,-4,4
65646,54,58,-4,4
65647,125,130,-5,5
65648,158,158,0,0
65649,115,112,3,3
65650,176,174,2,2
65651,71,91,-20,20
65652,109,122,-13,13
65653,115,107,8,8
65654,135,129,6,6
65655,75,73,2,2
65656,71,75,-4,4
65657,74,83,-9,9
65658,123,132,-9,9
65659,85,87,-2,2
65660,124,121,3,3
65661,51,63,-12,12
65662,53,62,-9,9
65663,97,106,-9,9
65664,92,90,2,2
65665,122,126,-4,4
65666,183,172,11,11
65667,94,105,-11,11
65668,151,140,11,11
65669,65,65,0,0
65670,146,145,1,1
65671,68,76,-8,8
65672,186,148,38,38
65673,121,109,12,12
65674,77,77,0,0
65675,99,106,-7,7
65676,102,106,-4,4
65677,80,78,2,2
65678,123,121,2,2
65679,90,95,-5,5
65680,96,100,-4,4
65681,119,99,20,20
65682,136,134,2,2
65683,84,75,9,9
65684,135,138,-3,3
65685,84,104,-20,20
65686,56,57,-1,1
65687,81,83,-2,2
65688,69,60,9,9
65689,89,72,17,17
65690,105,103,2,2
65691,113,112,1,1
65692,79,76,3,3
65693,167,152,15,15
65694,85,76,9,9
65695,80,83,-3,3
65696,72,73,-1,1
65697,129,130,-1,1
65698,155,136,19,19
65699,53,55,-2,2
65700,48,57,-9,9
65701,45,52,-7,7
65702,55,55,0,0
65703,99,100,-1,1
65704,91,92,-1,1
65705,75,69,6,6
65706,84,81,3,3
65707,38,58,-20,20
65708,41,59,-18,18
65709,86,89,-3,3
65710,76,70,6,6
65711,53,56,-3,3
65712,63,65,-2,2
65713,79,73,6,6
65714,145,140,5,5
65715,97,99,-2,2
65716,120,117,3,3
65717,74,75,-1,1
65718,96,95,1,1
65719,101,93,8,8
65720,94,103,-9,9
65721,92,83,9,9
65722,83,73,10,10
65723,122,108,14,14
65724,57,57,0,0
65725,56,60,-4,4
65726,123,125,-2,2
65727,104,105,-1,1
65728,147,136,11,11
65729,190,198,-8,8
65730,120,113,7,7
65731,173,164,9,9
65732,52,52,0,0
65733,134,125,9,9
65734,110,103,7,7
65735,84,80,4,4
65736,92,95,-3,3
65737,112,104,8,8
65738,60,61,-1,1
65739,76,76,0,0
65740,159,146,13,13
65741,61,66,-5,5
65742,141,133,8,8
65743,107,106,1,1
65744,103,93,10,10
65745,129,131,-2,2
65746,61,60,1,1
65747,77,72,5,5
65748,84,86,-2,2
65749,78,76,2,2
65750,47,57,-10,10
65751,140,132,8,8
65752,56,56,0,0
65753,154,142,12,12
65754,77,85,-8,8
65755,85,71,14,14
65756,104,116,-12,12
65757,70,86,-16,16
65758,71,75,-4,4
65759,63,63,0,0
65760,84,81,3,3
65761,110,98,12,12
65762,88,100,-12,12
65763,74,78,-4,4
65764,72,88,-16,16
65765,46,50,-4,4
65766,94,94,0,0
65767,93,100,-7,7
65768,63,64,-1,1
65769,100,99,1,1
65770,71,73,-2,2
65771,113,116,-3,3
65772,88,82,6,6
65773,83,69,14,14
65774,76,84,-8,8
65775,83,76,7,7
65776,153,134,19,19
65777,134,136,-2,2
65778,91,90,1,1
65779,56,58,-2,2
65780,89,91,-2,2
65781,51,58,-7,7
65782,121,115,6,6
65783,107,108,-1,1
65784,97,151,-54,54
65785,79,78,1,1
65786,115,108,7,7
65787,60,65,-5,5
65788,105,102,3,3
65789,65,71,-6,6
65790,57,59,-2,2
65791,169,157,12,12
65792,92,90,2,2
65793,104,119,-15,15
65794,68,68,0,0
65795,72,67,5,5
65796,92,91,1,1
65797,124,122,2,2
65798,85,89,-4,4
65799,123,123,0,0
65800,112,106,6,6
65801,138,153,-15,15
65802,205,189,16,16
65803,88,87,1,1
65804,82,84,-2,2
65805,77,81,-4,4
65806,68,65,3,3
65807,125,123,2,2
65808,87,84,3,3
65809,112,116,-4,4
65810,66,77,-11,11
65811,132,126,6,6
65812,136,122,14,14
65813,232,218,14,14
65814,63,68,-5,5
65815,77,82,-5,5
65816,121,117,4,4
65817,161,153,8,8
65818,200,167,33,33
65819,65,61,4,4
65820,104,92,12,12
65821,129,115,14,14
65822,129,142,-13,13
65823,123,117,6,6
65824,72,77,-5,5
65825,59,60,-1,1
65826,94,104,-10,10
65827,102,117,-15,15
65828,74,72,2,2
65829,64,65,-1,1
65830,48,52,-4,4
65831,80,82,-2,2
65832,112,99,13,13
65833,67,125,-58,58
65834,79,86,-7,7
65835,79,83,-4,4
65836,51,56,-5,5
65837,213,197,16,16
65838,116,117,-1,1
65839,82,83,-1,1
65840,88,90,-2,2
65841,154,163,-9,9
65842,93,88,5,5
65843,115,114,1,1
65844,58,56,2,2
65845,89,95,-6,6
65846,69,68,1,1
65847,124,117,7,7
65848,87,85,2,2
65849,114,116,-2,2
65850,75,79,-4,4
65851,46,64,-18,18
65852,54,57,-3,3
65853,63,62,1,1
65854,54,55,-1,1
65855,70,67,3,3
65856,98,92,6,6
65857,74,76,-2,2
65858,76,74,2,2
65859,80,76,4,4
65860,73,135,-62,62
65861,108,105,3,3
65862,100,94,6,6
65863,64,56,8,8
65864,101,103,-2,2
65865,75,73,2,2
65866,66,73,-7,7
65867,142,138,4,4
65868,47,54,-7,7
65869,71,63,8,8
65870,26,56,-30,30
65871,53,58,-5,5
65872,133,135,-2,2
65873,96,96,0,0
65874,91,104,-13,13
65875,83,76,7,7
65876,103,108,-5,5
65877,89,79,10,10
65878,90,93,-3,3
65879,95,103,-8,8
65880,32,47,-15,15
65881,72,76,-4,4
65882,99,84,15,15
65883,115,116,-1,1
65884,86,92,-6,6
65885,93,103,-10,10
65886,129,120,9,9
65887,92,89,3,3
65888,114,118,-4,4
65889,84,83,1,1
65890,93,90,3,3
65891,89,102,-13,13
65892,59,61,-2,2
65893,63,66,-3,3
65894,59,59,0,0
65895,115,115,0,0
65896,144,123,21,21
65897,76,81,-5,5
65898,112,108,4,4
65899,118,134,-16,16
65900,80,86,-6,6
65901,106,106,0,0
65902,92,100,-8,8
65903,65,67,-2,2
65904,130,142,-12,12
65905,108,102,6,6
65906,44,58,-14,14
65907,101,104,-3,3
65908,72,79,-7,7
65909,67,69,-2,2
65910,73,74,-1,1
65911,184,172,12,12
65912,83,77,6,6
65913,77,76,1,1
65914,113,109,4,4
65915,46,50,-4,4
65916,101,111,-10,10
65917,92,93,-1,1
65918,122,113,9,9
65919,67,66,1,1
65920,134,127,7,7
65921,82,84,-2,2
65922,142,143,-1,1
65923,101,93,8,8
65924,119,126,-7,7
65925,44,50,-6,6
65926,105,107,-2,2
65927,99,104,-5,5
65928,127,124,3,3
65929,76,77,-1,1
65930,107,94,13,13
65931,104,113,-9,9
65932,104,97,7,7
65933,100,101,-1,1
65934,106,99,7,7
65935,66,61,5,5
65936,154,138,16,16
65937,124,128,-4,4
65938,118,120,-2,2
65939,79,79,0,0
65940,76,74,2,2
65941,89,85,4,4
65942,67,80,-13,13
65943,104,106,-2,2
65944,108,93,15,15
65945,76,74,2,2
65946,47,51,-4,4
65947,98,103,-5,5
65948,137,146,-9,9
65949,111,108,3,3
65950,62,62,0,0
65951,37,49,-12,12
65952,69,69,0,0
65953,115,125,-10,10
65954,98,101,-3,3
65955,62,65,-3,3
65956,94,93,1,1
65957,46,76,-30,30
65958,97,88,9,9
65959,108,99,9,9
65960,124,127,-3,3
65961,74,87,-13,13
65962,113,115,-2,2
65963,96,100,-4,4
65964,135,131,4,4
65965,81,86,-5,5
65966,101,99,2,2
65967,109,115,-6,6
65968,121,119,2,2
65969,62,57,5,5
65970,105,113,-8,8
65971,105,95,10,10
65972,96,76,20,20
65973,90,71,19,19
65974,81,74,7,7
65975,137,130,7,7
65976,86,78,8,8
65977,86,89,-3,3
65978,105,110,-5,5
65979,120,115,5,5
65980,70,63,7,7
65981,90,85,5,5
65982,90,86,4,4
65983,79,79,0,0
65984,62,63,-1,1
65985,56,62,-6,6
65986,62,64,-2,2
65987,123,111,12,12
65988,108,112,-4,4
65989,73,74,-1,1
65990,92,84,8,8
65991,97,90,7,7
65992,94,89,5,5
65993,119,123,-4,4
65994,125,121,4,4
65995,252,219,33,33
65996,124,127,-3,3
65997,76,82,-6,6
65998,120,120,0,0
65999,83,85,-2,2
66000,82,83,-1,1
66001,93,95,-2,2
66002,56,61,-5,5
66003,78,91,-13,13
66004,121,152,-31,31
66005,100,93,7,7
66006,91,83,8,8
66007,66,65,1,1
66008,62,60,2,2
66009,72,70,2,2
66010,77,78,-1,1
66011,93,88,5,5
66012,176,164,12,12
66013,55,56,-1,1
66014,75,79,-4,4
66015,60,59,1,1
66016,143,128,15,15
66017,117,124,-7,7
66018,36,58,-22,22
66019,45,49,-4,4
66020,96,96,0,0
66021,81,90,-9,9
66022,106,101,5,5
66023,83,88,-5,5
66024,105,99,6,6
66025,80,85,-5,5
66026,43,55,-12,12
66027,103,107,-4,4
66028,134,124,10,10
66029,53,55,-2,2
66030,115,106,9,9
66031,157,142,15,15
66032,67,73,-6,6
66033,104,121,-17,17
66034,148,148,0,0
66035,116,109,7,7
66036,100,94,6,6
66037,63,67,-4,4
66038,71,78,-7,7
66039,71,66,5,5
66040,67,74,-7,7
66041,105,113,-8,8
66042,102,101,1,1
66043,53,56,-3,3
66044,71,71,0,0
66045,115,119,-4,4
66046,105,101,4,4
66047,62,78,-16,16
66048,119,116,3,3
66049,151,140,11,11
66050,55,61,-6,6
66051,76,79,-3,3
66052,37,50,-13,13
66053,126,102,24,24
66054,116,91,25,25
66055,119,121,-2,2
66056,86,84,2,2
66057,64,73,-9,9
66058,53,62,-9,9
66059,108,101,7,7
66060,118,114,4,4
66061,126,127,-1,1
66062,71,69,2,2
66063,99,101,-2,2
66064,49,58,-9,9
66065,87,88,-1,1
66066,75,75,0,0
66067,89,92,-3,3
66068,94,88,6,6
66069,100,91,9,9
66070,80,71,9,9
66071,78,76,2,2
66072,65,71,-6,6
66073,104,99,5,5
66074,111,119,-8,8
66075,182,151,31,31
66076,69,68,1,1
66077,67,66,1,1
66078,99,118,-19,19
66079,82,75,7,7
66080,99,82,17,17
66081,66,67,-1,1
66082,162,157,5,5
66083,142,135,7,7
66084,84,86,-2,2
66085,70,83,-13,13
66086,106,104,2,2
66087,57,62,-5,5
66088,89,81,8,8
66089,119,115,4,4
66090,90,86,4,4
66091,59,65,-6,6
66092,80,76,4,4
66093,113,108,5,5
66094,47,52,-5,5
66095,72,74,-2,2
66096,178,186,-8,8
66097,76,88,-12,12
66098,96,102,-6,6
66099,83,83,0,0
66100,63,68,-5,5
66101,144,144,0,0
66102,42,53,-11,11
66103,52,55,-3,3
66104,125,113,12,12
66105,63,68,-5,5
66106,69,61,8,8
66107,78,74,4,4
66108,63,78,-15,15
66109,80,86,-6,6
66110,101,99,2,2
66111,187,152,35,35
66112,163,153,10,10
66113,109,114,-5,5
66114,101,112,-11,11
66115,86,88,-2,2
66116,72,83,-11,11
66117,142,165,-23,23
66118,99,86,13,13
66119,64,67,-3,3
66120,79,81,-2,2
66121,85,85,0,0
66122,107,83,24,24
66123,97,91,6,6
66124,116,115,1,1
66125,67,70,-3,3
66126,89,101,-12,12
66127,122,111,11,11
66128,140,139,1,1
66129,62,59,3,3
66130,119,132,-13,13
66131,117,111,6,6
66132,104,119,-15,15
66133,47,54,-7,7
66134,73,78,-5,5
66135,159,134,25,25
66136,101,103,-2,2
66137,77,66,11,11
66138,58,56,2,2
66139,78,79,-1,1
66140,97,88,9,9
66141,76,75,1,1
66142,88,88,0,0
66143,64,67,-3,3
66144,81,94,-13,13
66145,69,69,0,0
66146,115,133,-18,18
66147,65,85,-20,20
66148,76,64,12,12
66149,58,63,-5,5
66150,33,49,-16,16
66151,133,128,5,5
66152,45,68,-23,23
66153,123,123,0,0
66154,100,95,5,5
66155,82,82,0,0
66156,83,85,-2,2
66157,117,107,10,10
66158,74,68,6,6
66159,103,102,1,1
66160,72,74,-2,2
66161,142,132,10,10
66162,121,110,11,11
66163,82,77,5,5
66164,80,78,2,2
66165,100,101,-1,1
66166,164,164,0,0
66167,95,88,7,7
66168,57,62,-5,5
66169,81,74,7,7
66170,39,46,-7,7
66171,123,120,3,3
66172,127,124,3,3
66173,82,81,1,1
66174,105,103,2,2
66175,72,69,3,3
66176,37,49,-12,12
66177,85,87,-2,2
66178,152,145,7,7
66179,80,74,6,6
66180,55,58,-3,3
66181,76,90,-14,14
66182,21,52,-31,31
66183,220,205,15,15
66184,159,139,20,20
66185,90,93,-3,3
66186,148,151,-3,3
66187,102,98,4,4
66188,83,76,7,7
66189,80,94,-14,14
66190,100,90,10,10
66191,111,99,12,12
66192,79,82,-3,3
66193,82,80,2,2
66194,82,79,3,3
66195,197,194,3,3
66196,188,169,19,19
66197,177,186,-9,9
66198,76,76,0,0
66199,157,176,-19,19
66200,49,55,-6,6
66201,44,62,-18,18
66202,66,66,0,0
66203,156,145,11,11
66204,111,122,-11,11
66205,69,76,-7,7
66206,188,181,7,7
66207,126,109,17,17
66208,73,68,5,5
66209,111,101,10,10
66210,94,84,10,10
66211,57,71,-14,14
66212,132,124,8,8
66213,164,161,3,3
66214,55,63,-8,8
66215,139,131,8,8
66216,77,70,7,7
66217,43,52,-9,9
66218,96,87,9,9
66219,88,87,1,1
66220,74,72,2,2
66221,81,83,-2,2
66222,84,86,-2,2
66223,100,97,3,3
66224,108,94,14,14
66225,44,58,-14,14
66226,77,81,-4,4
66227,79,84,-5,5
66228,111,113,-2,2
66229,86,84,2,2
66230,61,67,-6,6
66231,85,82,3,3
66232,45,69,-24,24
66233,81,73,8,8
66234,159,149,10,10
66235,80,76,4,4
66236,94,86,8,8
66237,89,90,-1,1
66238,96,92,4,4
66239,95,83,12,12
66240,127,111,16,16
66241,71,63,8,8
66242,68,65,3,3
66243,80,87,-7,7
66244,122,117,5,5
66245,136,137,-1,1
66246,95,94,1,1
66247,89,87,2,2
66248,88,93,-5,5
66249,44,53,-9,9
66250,121,113,8,8
66251,47,57,-10,10
66252,72,68,4,4
66253,72,71,1,1
66254,145,160,-15,15
66255,77,78,-1,1
66256,129,142,-13,13
66257,65,72,-7,7
66258,121,116,5,5
66259,92,87,5,5
66260,100,106,-6,6
66261,36,51,-15,15
66262,122,118,4,4
66263,112,98,14,14
66264,76,71,5,5
66265,112,123,-11,11
66266,75,82,-7,7
66267,81,81,0,0
66268,102,92,10,10
66269,43,77,-34,34
66270,92,91,1,1
66271,118,103,15,15
66272,73,70,3,3
66273,179,185,-6,6
66274,63,69,-6,6
66275,128,139,-11,11
66276,161,165,-4,4
66277,178,157,21,21
66278,90,83,7,7
66279,74,76,-2,2
66280,74,76,-2,2
66281,95,97,-2,2
66282,98,100,-2,2
66283,94,90,4,4
66284,115,123,-8,8
66285,131,136,-5,5
66286,99,78,21,21
66287,87,84,3,3
66288,74,78,-4,4
66289,56,59,-3,3
66290,58,63,-5,5
66291,77,82,-5,5
66292,122,110,12,12
66293,70,73,-3,3
66294,40,50,-10,10
66295,106,111,-5,5
66296,100,102,-2,2
66297,73,77,-4,4
66298,72,66,6,6
66299,99,102,-3,3
66300,135,137,-2,2
66301,184,163,21,21
66302,50,66,-16,16
66303,77,77,0,0
66304,48,50,-2,2
66305,76,72,4,4
66306,87,93,-6,6
66307,137,128,9,9
66308,110,116,-6,6
66309,84,87,-3,3
66310,74,77,-3,3
66311,83,73,10,10
66312,76,78,-2,2
66313,107,135,-28,28
66314,78,71,7,7
66315,87,84,3,3
66316,64,67,-3,3
66317,60,61,-1,1
66318,94,99,-5,5
66319,80,74,6,6
66320,50,59,-9,9
66321,54,51,3,3
66322,65,61,4,4
66323,101,111,-10,10
66324,89,87,2,2
66325,127,126,1,1
66326,59,67,-8,8
66327,90,99,-9,9
66328,77,81,-4,4
66329,100,110,-10,10
66330,103,102,1,1
66331,33,60,-27,27
66332,61,63,-2,2
66333,63,78,-15,15
66334,47,53,-6,6
66335,51,52,-1,1
66336,141,141,0,0
66337,74,71,3,3
66338,74,75,-1,1
66339,85,83,2,2
66340,149,138,11,11
66341,90,92,-2,2
66342,79,85,-6,6
66343,93,102,-9,9
66344,79,76,3,3
66345,146,146,0,0
66346,81,78,3,3
66347,83,105,-22,22
66348,196,190,6,6
66349,114,105,9,9
66350,102,97,5,5
66351,140,135,5,5
66352,46,51,-5,5
66353,189,179,10,10
66354,102,100,2,2
66355,96,89,7,7
66356,73,84,-11,11
66357,131,140,-9,9
66358,143,129,14,14
66359,94,102,-8,8
66360,95,94,1,1
66361,131,126,5,5
66362,138,128,10,10
66363,55,61,-6,6
66364,40,51,-11,11
66365,97,90,7,7
66366,70,75,-5,5
66367,95,92,3,3
66368,86,81,5,5
66369,107,103,4,4
66370,45,60,-15,15
66371,107,108,-1,1
66372,77,70,7,7
66373,75,70,5,5
66374,85,85,0,0
66375,81,84,-3,3
66376,100,95,5,5
66377,65,75,-10,10
66378,57,62,-5,5
66379,61,58,3,3
66380,79,80,-1,1
66381,104,103,1,1
66382,106,106,0,0
66383,55,59,-4,4
66384,100,96,4,4
66385,89,91,-2,2
66386,73,71,2,2
66387,77,82,-5,5
66388,59,59,0,0
66389,71,73,-2,2
66390,52,65,-13,13
66391,58,57,1,1
66392,72,65,7,7
66393,90,84,6,6
66394,57,62,-5,5
66395,82,101,-19,19
66396,92,89,3,3
66397,88,79,9,9
66398,49,56,-7,7
66399,91,84,7,7
66400,171,162,9,9
66401,75,90,-15,15
66402,82,80,2,2
66403,74,69,5,5
66404,116,115,1,1
66405,95,83,12,12
66406,116,105,11,11
66407,74,102,-28,28
66408,100,99,1,1
66409,81,86,-5,5
66410,141,159,-18,18
66411,113,104,9,9
66412,100,94,6,6
66413,80,72,8,8
66414,96,90,6,6
66415,83,82,1,1
66416,68,77,-9,9
66417,66,69,-3,3
66418,73,74,-1,1
66419,169,171,-2,2
66420,119,104,15,15
66421,82,92,-10,10
66422,85,86,-1,1
66423,92,106,-14,14
66424,92,90,2,2
66425,164,156,8,8
66426,131,135,-4,4
66427,106,126,-20,20
66428,72,70,2,2
66429,54,61,-7,7
66430,75,76,-1,1
66431,62,60,2,2
66432,89,95,-6,6
66433,63,57,6,6
66434,87,82,5,5
66435,136,123,13,13
66436,79,77,2,2
66437,86,88,-2,2
66438,71,74,-3,3
66439,68,68,0,0
66440,127,123,4,4
66441,78,84,-6,6
66442,43,46,-3,3
66443,82,78,4,4
66444,61,64,-3,3
66445,91,101,-10,10
66446,78,76,2,2
66447,121,121,0,0
66448,83,84,-1,1
66449,169,177,-8,8
66450,56,57,-1,1
66451,78,66,12,12
66452,73,76,-3,3
66453,66,70,-4,4
66454,67,61,6,6
66455,69,66,3,3
66456,96,97,-1,1
66457,118,112,6,6
66458,67,68,-1,1
66459,58,62,-4,4
66460,77,65,12,12
66461,164,150,14,14
66462,57,63,-6,6
66463,98,99,-1,1
66464,97,90,7,7
66465,58,60,-2,2
66466,107,109,-2,2
66467,70,77,-7,7
66468,121,117,4,4
66469,144,133,11,11
66470,157,156,1,1
66471,113,112,1,1
66472,66,62,4,4
66473,47,73,-26,26
66474,106,97,9,9
66475,77,77,0,0
66476,180,180,0,0
66477,55,58,-3,3
66478,57,69,-12,12
66479,104,103,1,1
66480,120,119,1,1
66481,124,113,11,11
66482,157,161,-4,4
66483,185,184,1,1
66484,63,63,0,0
66485,158,141,17,17
66486,161,166,-5,5
66487,61,65,-4,4
66488,104,108,-4,4
66489,65,64,1,1
66490,174,173,1,1
66491,52,59,-7,7
66492,118,107,11,11
66493,89,87,2,2
66494,88,85,3,3
66495,88,90,-2,2
66496,62,73,-11,11
66497,67,68,-1,1
66498,118,114,4,4
66499,113,120,-7,7
66500,99,106,-7,7
66501,68,67,1,1
66502,50,51,-1,1
66503,123,125,-2,2
66504,97,95,2,2
66505,93,109,-16,16
66506,132,110,22,22
66507,70,75,-5,5
66508,65,60,5,5
66509,80,96,-16,16
66510,79,79,0,0
66511,96,100,-4,4
66512,69,76,-7,7
66513,142,140,2,2
66514,126,128,-2,2
66515,88,113,-25,25
66516,57,57,0,0
66517,68,62,6,6
66518,97,107,-10,10
66519,128,127,1,1
66520,129,139,-10,10
66521,92,89,3,3
66522,146,129,17,17
66523,83,85,-2,2
66524,92,85,7,7
66525,207,185,22,22
66526,40,53,-13,13
66527,92,94,-2,2
66528,95,108,-13,13
66529,107,102,5,5
66530,51,54,-3,3
66531,210,193,17,17
66532,73,70,3,3
66533,103,95,8,8
66534,120,119,1,1
66535,132,114,18,18
66536,112,105,7,7
66537,86,85,1,1
66538,195,193,2,2
66539,69,69,0,0
66540,91,89,2,2
66541,57,70,-13,13
66542,112,108,4,4
66543,72,81,-9,9
66544,90,84,6,6
66545,99,97,2,2
66546,46,56,-10,10
66547,51,54,-3,3
66548,107,105,2,2
66549,156,160,-4,4
66550,61,63,-2,2
66551,88,83,5,5
66552,107,100,7,7
66553,121,109,12,12
66554,89,81,8,8
66555,99,102,-3,3
66556,87,92,-5,5
66557,46,55,-9,9
66558,152,152,0,0
66559,67,67,0,0
66560,164,166,-2,2
66561,68,73,-5,5
66562,94,91,3,3
66563,60,64,-4,4
66564,205,185,20,20
66565,92,89,3,3
66566,95,90,5,5
66567,67,58,9,9
66568,55,58,-3,3
66569,151,135,16,16
66570,160,156,4,4
66571,29,49,-20,20
66572,108,106,2,2
66573,112,121,-9,9
66574,109,155,-46,46
66575,86,82,4,4
66576,75,78,-3,3
66577,60,67,-7,7
66578,64,70,-6,6
66579,64,82,-18,18
66580,110,114,-4,4
66581,81,84,-3,3
66582,79,78,1,1
66583,124,113,11,11
66584,94,98,-4,4
66585,73,89,-16,16
66586,111,105,6,6
66587,107,103,4,4
66588,71,67,4,4
66589,125,127,-2,2
66590,123,109,14,14
66591,63,64,-1,1
66592,98,100,-2,2
66593,101,92,9,9
66594,129,130,-1,1
66595,96,96,0,0
66596,58,58,0,0
66597,162,164,-2,2
66598,48,51,-3,3
66599,151,141,10,10
66600,67,70,-3,3
66601,122,116,6,6
66602,100,101,-1,1
66603,135,145,-10,10
66604,213,183,30,30
66605,129,140,-11,11
66606,61,66,-5,5
66607,70,76,-6,6
66608,88,88,0,0
66609,75,79,-4,4
66610,159,162,-3,3
66611,100,104,-4,4
66612,75,69,6,6
66613,120,137,-17,17
66614,70,72,-2,2
66615,129,119,10,10
66616,124,100,24,24
66617,105,101,4,4
66618,60,56,4,4
66619,76,69,7,7
66620,64,73,-9,9
66621,145,143,2,2
66622,95,110,-15,15
66623,104,112,-8,8
66624,148,142,6,6
66625,126,127,-1,1
66626,142,137,5,5
66627,67,68,-1,1
66628,96,106,-10,10
66629,114,110,4,4
66630,47,58,-11,11
66631,125,133,-8,8
66632,66,69,-3,3
66633,203,228,-25,25
66634,58,64,-6,6
66635,114,109,5,5
66636,100,120,-20,20
66637,92,98,-6,6
66638,114,124,-10,10
66639,67,69,-2,2
66640,56,60,-4,4
66641,78,76,2,2
66642,62,64,-2,2
66643,77,88,-11,11
66644,104,98,6,6
66645,37,51,-14,14
66646,94,92,2,2
66647,108,97,11,11
66648,42,52,-10,10
66649,106,106,0,0
66650,74,73,1,1
66651,116,103,13,13
66652,77,65,12,12
66653,123,132,-9,9
66654,89,96,-7,7
66655,74,73,1,1
66656,118,116,2,2
66657,73,75,-2,2
66658,69,84,-15,15
66659,79,79,0,0
66660,58,65,-7,7
66661,172,142,30,30
66662,118,110,8,8
66663,140,133,7,7
66664,124,125,-1,1
66665,111,101,10,10
66666,88,104,-16,16
66667,90,115,-25,25
66668,59,52,7,7
66669,139,142,-3,3
66670,125,125,0,0
66671,64,64,0,0
66672,147,138,9,9
66673,50,64,-14,14
66674,81,84,-3,3
66675,105,103,2,2
66676,63,67,-4,4
66677,87,96,-9,9
66678,90,88,2,2
66679,47,55,-8,8
66680,134,127,7,7
66681,61,63,-2,2
66682,73,93,-20,20
66683,73,66,7,7
66684,78,80,-2,2
66685,134,127,7,7
66686,51,49,2,2
66687,108,102,6,6
66688,96,92,4,4
66689,54,74,-20,20
66690,122,124,-2,2
66691,129,128,1,1
66692,86,77,9,9
66693,114,115,-1,1
66694,70,72,-2,2
66695,79,83,-4,4
66696,56,58,-2,2
66697,66,64,2,2
66698,89,84,5,5
66699,106,103,3,3
66700,77,79,-2,2
66701,82,78,4,4
66702,63,81,-18,18
66703,87,88,-1,1
66704,119,129,-10,10
66705,146,137,9,9
66706,71,63,8,8
66707,70,78,-8,8
66708,82,85,-3,3
66709,72,77,-5,5
66710,91,92,-1,1
66711,57,70,-13,13
66712,68,67,1,1
66713,92,84,8,8
66714,71,70,1,1
66715,100,94,6,6
66716,106,95,11,11
66717,64,57,7,7
66718,58,67,-9,9
66719,74,70,4,4
66720,104,117,-13,13
66721,133,126,7,7
66722,59,58,1,1
66723,77,78,-1,1
66724,90,85,5,5
66725,116,97,19,19
66726,94,89,5,5
66727,102,105,-3,3
66728,130,128,2,2
66729,115,117,-2,2
66730,79,74,5,5
66731,151,144,7,7
66732,88,101,-13,13
66733,188,175,13,13
66734,91,92,-1,1
66735,81,75,6,6
66736,74,77,-3,3
66737,80,76,4,4
66738,125,120,5,5
66739,140,137,3,3
66740,60,63,-3,3
66741,45,53,-8,8
66742,65,73,-8,8
66743,120,121,-1,1
66744,105,107,-2,2
66745,136,140,-4,4
66746,31,63,-32,32
66747,77,79,-2,2
66748,79,89,-10,10
66749,96,97,-1,1
66750,40,61,-21,21
66751,54,57,-3,3
66752,94,84,10,10
66753,83,104,-21,21
66754,54,58,-4,4
66755,92,91,1,1
66756,146,131,15,15
66757,172,163,9,9
66758,62,59,3,3
66759,155,158,-3,3
66760,111,106,5,5
66761,99,94,5,5
66762,126,119,7,7
66763,55,58,-3,3
66764,202,194,8,8
66765,60,63,-3,3
66766,97,91,6,6
66767,111,102,9,9
66768,114,115,-1,1
66769,81,77,4,4
66770,35,58,-23,23
66771,88,85,3,3
66772,62,63,-1,1
66773,84,88,-4,4
66774,96,86,10,10
66775,105,105,0,0
66776,67,67,0,0
66777,68,74,-6,6
66778,75,77,-2,2
66779,64,69,-5,5
66780,165,149,16,16
66781,92,121,-29,29
66782,136,120,16,16
66783,93,95,-2,2
66784,58,57,1,1
66785,72,74,-2,2
66786,87,88,-1,1
66787,53,59,-6,6
66788,138,134,4,4
66789,98,102,-4,4
66790,81,81,0,0
66791,82,86,-4,4
66792,140,143,-3,3
66793,92,88,4,4
66794,116,117,-1,1
66795,169,161,8,8
66796,76,80,-4,4
66797,70,69,1,1
66798,206,185,21,21
66799,118,113,5,5
66800,82,86,-4,4
66801,143,139,4,4
66802,113,106,7,7
66803,82,81,1,1
66804,72,73,-1,1
66805,53,56,-3,3
66806,38,57,-19,19
66807,102,96,6,6
66808,98,103,-5,5
66809,60,64,-4,4
66810,133,127,6,6
66811,108,102,6,6
66812,103,97,6,6
66813,58,60,-2,2
66814,80,79,1,1
66815,72,71,1,1
66816,103,97,6,6
66817,115,126,-11,11
66818,66,77,-11,11
66819,134,131,3,3
66820,129,122,7,7
66821,82,84,-2,2
66822,92,90,2,2
66823,72,70,2,2
66824,156,153,3,3
66825,97,98,-1,1
66826,80,83,-3,3
66827,110,98,12,12
66828,112,104,8,8
66829,73,71,2,2
66830,93,99,-6,6
66831,84,96,-12,12
66832,69,66,3,3
66833,63,76,-13,13
66834,97,98,-1,1
66835,51,62,-11,11
66836,117,115,2,2
66837,102,116,-14,14
66838,63,65,-2,2
66839,90,113,-23,23
66840,75,74,1,1
66841,31,77,-46,46
66842,118,125,-7,7
66843,110,126,-16,16
66844,126,124,2,2
66845,132,142,-10,10
66846,94,90,4,4
66847,55,68,-13,13
66848,119,115,4,4
66849,47,53,-6,6
66850,152,137,15,15
66851,38,74,-36,36
66852,96,112,-16,16
66853,79,69,10,10
66854,63,60,3,3
66855,120,121,-1,1
66856,97,88,9,9
66857,65,63,2,2
66858,108,106,2,2
66859,146,146,0,0
66860,99,105,-6,6
66861,50,53,-3,3
66862,98,95,3,3
66863,61,60,1,1
66864,67,69,-2,2
66865,102,95,7,7
66866,98,92,6,6
66867,127,125,2,2
66868,134,128,6,6
66869,107,102,5,5
66870,62,66,-4,4
66871,83,81,2,2
66872,41,49,-8,8
66873,65,76,-11,11
66874,73,75,-2,2
66875,81,77,4,4
66876,85,78,7,7
66877,85,77,8,8
66878,117,112,5,5
66879,128,133,-5,5
66880,89,87,2,2
66881,42,52,-10,10
66882,125,145,-20,20
66883,68,71,-3,3
66884,72,80,-8,8
66885,96,94,2,2
66886,134,133,1,1
66887,122,124,-2,2
66888,87,90,-3,3
66889,54,57,-3,3
66890,79,78,1,1
66891,148,137,11,11
66892,66,71,-5,5
66893,142,134,8,8
66894,106,94,12,12
66895,48,52,-4,4
66896,57,71,-14,14
66897,126,123,3,3
66898,51,56,-5,5
66899,109,118,-9,9
66900,106,110,-4,4
66901,102,99,3,3
66902,94,92,2,2
66903,112,109,3,3
66904,140,129,11,11
66905,117,119,-2,2
66906,112,95,17,17
66907,49,67,-18,18
66908,156,149,7,7
66909,89,84,5,5
66910,74,79,-5,5
66911,67,71,-4,4
66912,70,81,-11,11
66913,93,101,-8,8
66914,93,95,-2,2
66915,101,105,-4,4
66916,76,85,-9,9
66917,67,66,1,1
66918,106,102,4,4
66919,72,80,-8,8
66920,65,65,0,0
66921,87,87,0,0
66922,89,83,6,6
66923,257,288,-31,31
66924,175,171,4,4
66925,69,64,5,5
66926,76,69,7,7
66927,65,60,5,5
66928,153,149,4,4
66929,68,72,-4,4
66930,116,105,11,11
66931,114,125,-11,11
66932,76,76,0,0
66933,65,60,5,5
66934,104,99,5,5
66935,148,140,8,8
66936,43,50,-7,7
66937,90,88,2,2
66938,99,95,4,4
66939,128,134,-6,6
66940,110,111,-1,1
66941,42,74,-32,32
66942,120,121,-1,1
66943,135,113,22,22
66944,134,140,-6,6
66945,116,122,-6,6
66946,138,126,12,12
66947,125,117,8,8
66948,43,52,-9,9
66949,89,80,9,9
66950,126,113,13,13
66951,90,83,7,7
66952,77,78,-1,1
66953,91,91,0,0
66954,120,109,11,11
66955,63,60,3,3
66956,88,83,5,5
66957,50,57,-7,7
66958,110,110,0,0
66959,71,67,4,4
66960,81,78,3,3
66961,120,115,5,5
66962,94,91,3,3
66963,51,60,-9,9
66964,84,86,-2,2
66965,96,98,-2,2
66966,179,165,14,14
66967,57,56,1,1
66968,114,114,0,0
66969,111,116,-5,5
66970,111,104,7,7
66971,101,94,7,7
66972,53,50,3,3
66973,97,99,-2,2
66974,98,92,6,6
66975,50,56,-6,6
66976,82,86,-4,4
66977,108,101,7,7
66978,59,62,-3,3
66979,69,67,2,2
66980,68,68,0,0
66981,69,79,-10,10
66982,73,78,-5,5
66983,28,50,-22,22
66984,75,73,2,2
66985,68,67,1,1
66986,110,114,-4,4
66987,99,103,-4,4
66988,72,71,1,1
66989,74,76,-2,2
66990,70,75,-5,5
66991,109,98,11,11
66992,191,189,2,2
66993,54,54,0,0
66994,119,119,0,0
66995,76,76,0,0
66996,174,167,7,7
66997,87,85,2,2
66998,88,86,2,2
66999,53,56,-3,3
67000,75,77,-2,2
67001,68,62,6,6
67002,118,123,-5,5
67003,114,108,6,6
67004,101,102,-1,1
67005,102,102,0,0
67006,82,84,-2,2
67007,100,103,-3,3
67008,134,131,3,3
67009,140,143,-3,3
67010,109,115,-6,6
67011,124,124,0,0
67012,157,135,22,22
67013,67,68,-1,1
67014,117,118,-1,1
67015,64,62,2,2
67016,89,95,-6,6
67017,52,48,4,4
67018,126,125,1,1
67019,99,100,-1,1
67020,82,80,2,2
67021,96,82,14,14
67022,85,77,8,8
67023,68,82,-14,14
67024,132,124,8,8
67025,148,140,8,8
67026,56,55,1,1
67027,173,173,0,0
67028,115,119,-4,4
67029,99,98,1,1
67030,115,127,-12,12
67031,71,74,-3,3
67032,141,140,1,1
67033,111,109,2,2
67034,53,57,-4,4
67035,279,217,62,62
67036,101,88,13,13
67037,93,91,2,2
67038,71,69,2,2
67039,163,157,6,6
67040,52,54,-2,2
67041,109,108,1,1
67042,80,88,-8,8
67043,72,108,-36,36
67044,72,68,4,4
67045,87,84,3,3
67046,82,85,-3,3
67047,74,79,-5,5
67048,156,149,7,7
67049,133,126,7,7
67050,123,119,4,4
67051,63,64,-1,1
67052,70,73,-3,3
67053,40,48,-8,8
67054,76,84,-8,8
67055,201,196,5,5
67056,76,84,-8,8
67057,109,117,-8,8
67058,116,118,-2,2
67059,45,51,-6,6
67060,59,61,-2,2
67061,104,92,12,12
67062,122,149,-27,27
67063,108,98,10,10
67064,59,63,-4,4
67065,111,123,-12,12
67066,47,47,0,0
67067,123,120,3,3
67068,127,118,9,9
67069,98,95,3,3
67070,90,89,1,1
67071,70,75,-5,5
67072,102,98,4,4
67073,101,100,1,1
67074,72,89,-17,17
67075,86,105,-19,19
67076,77,79,-2,2
67077,175,158,17,17
67078,85,83,2,2
67079,109,104,5,5
67080,143,135,8,8
67081,79,83,-4,4
67082,81,81,0,0
67083,110,100,10,10
67084,68,81,-13,13
67085,107,101,6,6
67086,115,113,2,2
67087,120,122,-2,2
67088,67,71,-4,4
67089,95,92,3,3
67090,116,114,2,2
67091,83,85,-2,2
67092,97,91,6,6
67093,85,89,-4,4
67094,91,101,-10,10
67095,147,138,9,9
67096,60,65,-5,5
67097,104,98,6,6
67098,99,96,3,3
67099,142,129,13,13
67100,65,69,-4,4
67101,58,61,-3,3
67102,81,89,-8,8
67103,85,83,2,2
67104,158,154,4,4
67105,57,57,0,0
67106,32,48,-16,16
67107,161,154,7,7
67108,139,134,5,5
67109,123,122,1,1
67110,141,147,-6,6
67111,127,125,2,2
67112,65,64,1,1
67113,177,167,10,10
67114,131,128,3,3
67115,140,134,6,6
67116,51,53,-2,2
67117,85,85,0,0
67118,75,75,0,0
67119,103,98,5,5
67120,155,139,16,16
67121,85,81,4,4
67122,72,74,-2,2
67123,80,68,12,12
67124,62,65,-3,3
67125,58,58,0,0
67126,53,59,-6,6
67127,76,89,-13,13
67128,117,122,-5,5
67129,75,72,3,3
67130,138,130,8,8
67131,82,78,4,4
67132,79,81,-2,2
67133,83,92,-9,9
67134,79,75,4,4
67135,141,133,8,8
67136,76,73,3,3
67137,165,159,6,6
67138,150,153,-3,3
67139,65,63,2,2
67140,37,49,-12,12
67141,55,55,0,0
67142,227,214,13,13
67143,82,87,-5,5
67144,70,67,3,3
67145,57,61,-4,4
67146,73,66,7,7
67147,78,76,2,2
67148,58,61,-3,3
67149,87,86,1,1
67150,48,57,-9,9
67151,127,131,-4,4
67152,65,59,6,6
67153,111,95,16,16
67154,74,77,-3,3
67155,103,95,8,8
67156,91,81,10,10
67157,188,203,-15,15
67158,98,111,-13,13
67159,86,84,2,2
67160,68,64,4,4
67161,99,99,0,0
67162,68,68,0,0
67163,87,80,7,7
67164,110,113,-3,3
67165,53,58,-5,5
67166,75,72,3,3
67167,113,112,1,1
67168,103,127,-24,24
67169,48,58,-10,10
67170,180,168,12,12
67171,67,76,-9,9
67172,69,73,-4,4
67173,114,124,-10,10
67174,82,77,5,5
67175,152,147,5,5
67176,108,111,-3,3
67177,126,126,0,0
67178,126,135,-9,9
67179,68,70,-2,2
67180,111,104,7,7
67181,127,113,14,14
67182,106,101,5,5
67183,93,100,-7,7
67184,134,139,-5,5
67185,65,70,-5,5
67186,129,117,12,12
67187,84,87,-3,3
67188,64,66,-2,2
67189,147,138,9,9
67190,123,116,7,7
67191,102,99,3,3
67192,66,57,9,9
67193,56,59,-3,3
67194,99,109,-10,10
67195,92,86,6,6
67196,96,94,2,2
67197,125,136,-11,11
67198,85,79,6,6
67199,100,94,6,6
67200,77,80,-3,3
67201,69,69,0,0
67202,95,94,1,1
67203,87,83,4,4
67204,112,110,2,2
67205,124,123,1,1
67206,99,92,7,7
67207,65,61,4,4
67208,119,101,18,18
67209,66,70,-4,4
67210,89,84,5,5
67211,139,127,12,12
67212,111,99,12,12
67213,81,93,-12,12
67214,100,98,2,2
67215,82,75,7,7
67216,145,158,-13,13
67217,91,94,-3,3
67218,187,187,0,0
67219,84,85,-1,1
67220,45,56,-11,11
67221,116,119,-3,3
67222,69,71,-2,2
67223,80,86,-6,6
67224,44,47,-3,3
67225,93,99,-6,6
67226,58,57,1,1
67227,74,81,-7,7
67228,74,74,0,0
67229,99,112,-13,13
67230,93,98,-5,5
67231,67,66,1,1
67232,108,109,-1,1
67233,108,114,-6,6
67234,116,103,13,13
67235,127,112,15,15
67236,98,94,4,4
67237,115,126,-11,11
67238,131,131,0,0
67239,185,176,9,9
67240,120,107,13,13
67241,75,78,-3,3
67242,165,135,30,30
67243,44,73,-29,29
67244,82,84,-2,2
67245,66,74,-8,8
67246,72,76,-4,4
67247,137,127,10,10
67248,66,73,-7,7
67249,79,93,-14,14
67250,48,53,-5,5
67251,76,74,2,2
67252,87,83,4,4
67253,90,68,22,22
67254,67,71,-4,4
67255,139,140,-1,1
67256,52,58,-6,6
67257,97,87,10,10
67258,135,127,8,8
67259,60,47,13,13
67260,65,66,-1,1
67261,61,54,7,7
67262,175,163,12,12
67263,146,132,14,14
67264,64,77,-13,13
67265,122,121,1,1
67266,66,69,-3,3
67267,62,62,0,0
67268,97,100,-3,3
67269,117,123,-6,6
67270,72,76,-4,4
67271,66,84,-18,18
67272,147,123,24,24
67273,139,130,9,9
67274,143,150,-7,7
67275,106,108,-2,2
67276,81,91,-10,10
67277,85,73,12,12
67278,112,105,7,7
67279,74,85,-11,11
67280,157,149,8,8
67281,76,72,4,4
67282,69,66,3,3
67283,133,128,5,5
67284,79,88,-9,9
67285,58,61,-3,3
67286,111,113,-2,2
67287,195,176,19,19
67288,129,114,15,15
67289,58,74,-16,16
67290,101,112,-11,11
67291,186,178,8,8
67292,76,73,3,3
67293,72,73,-1,1
67294,100,106,-6,6
67295,60,62,-2,2
67296,59,65,-6,6
67297,118,114,4,4
67298,195,175,20,20
67299,92,86,6,6
67300,245,251,-6,6
67301,102,111,-9,9
67302,84,86,-2,2
67303,95,93,2,2
67304,126,122,4,4
67305,101,92,9,9
67306,192,170,22,22
67307,118,121,-3,3
67308,72,80,-8,8
67309,66,68,-2,2
67310,72,73,-1,1
67311,75,70,5,5
67312,47,55,-8,8
67313,53,55,-2,2
67314,75,82,-7,7
67315,77,91,-14,14
67316,133,143,-10,10
67317,66,69,-3,3
67318,122,127,-5,5
67319,151,152,-1,1
67320,95,110,-15,15
67321,70,79,-9,9
67322,66,64,2,2
67323,101,98,3,3
67324,92,87,5,5
67325,94,87,7,7
67326,80,68,12,12
67327,86,93,-7,7
67328,99,92,7,7
67329,167,151,16,16
67330,104,96,8,8
67331,92,83,9,9
67332,82,92,-10,10
67333,93,90,3,3
67334,57,59,-2,2
67335,80,73,7,7
67336,154,138,16,16
67337,92,86,6,6
67338,121,110,11,11
67339,90,98,-8,8
67340,94,94,0,0
67341,100,98,2,2
67342,55,61,-6,6
67343,179,178,1,1
67344,157,147,10,10
67345,58,72,-14,14
67346,94,108,-14,14
67347,85,81,4,4
67348,55,63,-8,8
67349,72,63,9,9
67350,114,112,2,2
67351,99,100,-1,1
67352,75,70,5,5
67353,45,58,-13,13
67354,58,56,2,2
67355,110,105,5,5
67356,69,75,-6,6
67357,68,63,5,5
67358,102,95,7,7
67359,77,86,-9,9
67360,85,82,3,3
67361,112,113,-1,1
67362,40,53,-13,13
67363,73,76,-3,3
67364,76,82,-6,6
67365,65,66,-1,1
67366,72,82,-10,10
67367,89,111,-22,22
67368,110,115,-5,5
67369,91,89,2,2
67370,59,87,-28,28
67371,90,83,7,7
67372,84,83,1,1
67373,130,123,7,7
67374,63,62,1,1
67375,63,64,-1,1
67376,87,85,2,2
67377,106,112,-6,6
67378,145,137,8,8
67379,128,131,-3,3
67380,81,83,-2,2
67381,111,97,14,14
67382,76,81,-5,5
67383,53,63,-10,10
67384,82,77,5,5
67385,100,101,-1,1
67386,74,84,-10,10
67387,105,108,-3,3
67388,58,57,1,1
67389,102,105,-3,3
67390,113,105,8,8
67391,99,103,-4,4
67392,113,112,1,1
67393,55,59,-4,4
67394,98,89,9,9
67395,108,114,-6,6
67396,54,50,4,4
67397,99,95,4,4
67398,78,78,0,0
67399,68,95,-27,27
67400,45,56,-11,11
67401,71,77,-6,6
67402,216,202,14,14
67403,103,101,2,2
67404,77,74,3,3
67405,64,70,-6,6
67406,108,111,-3,3
67407,106,88,18,18
67408,124,107,17,17
67409,71,71,0,0
67410,91,82,9,9
67411,80,85,-5,5
67412,122,122,0,0
67413,105,106,-1,1
67414,80,80,0,0
67415,142,122,20,20
67416,64,91,-27,27
67417,95,80,15,15
67418,112,124,-12,12
67419,83,75,8,8
67420,147,137,10,10
67421,47,51,-4,4
67422,80,82,-2,2
67423,104,112,-8,8
67424,71,77,-6,6
67425,67,64,3,3
67426,69,72,-3,3
67427,82,80,2,2
67428,85,75,10,10
67429,144,145,-1,1
67430,81,90,-9,9
67431,141,140,1,1
67432,86,83,3,3
67433,176,180,-4,4
67434,74,68,6,6
67435,91,90,1,1
67436,102,82,20,20
67437,74,68,6,6
67438,97,91,6,6
67439,60,64,-4,4
67440,97,98,-1,1
67441,119,115,4,4
67442,97,101,-4,4
67443,70,73,-3,3
67444,102,91,11,11
67445,61,67,-6,6
67446,86,77,9,9
67447,45,48,-3,3
67448,51,57,-6,6
67449,130,135,-5,5
67450,74,80,-6,6
67451,78,78,0,0
67452,163,165,-2,2
67453,52,62,-10,10
67454,99,101,-2,2
67455,84,88,-4,4
67456,109,101,8,8
67457,84,84,0,0
67458,88,97,-9,9
67459,117,110,7,7
67460,186,176,10,10
67461,55,51,4,4
67462,65,80,-15,15
67463,119,133,-14,14
67464,71,75,-4,4
67465,87,79,8,8
67466,51,60,-9,9
67467,46,51,-5,5
67468,61,60,1,1
67469,103,92,11,11
67470,84,84,0,0
67471,56,59,-3,3
67472,73,77,-4,4
67473,84,83,1,1
67474,127,109,18,18
67475,178,179,-1,1
67476,71,73,-2,2
67477,107,104,3,3
67478,111,102,9,9
67479,69,73,-4,4
67480,94,94,0,0
67481,45,55,-10,10
67482,94,101,-7,7
67483,120,124,-4,4
67484,63,65,-2,2
67485,78,70,8,8
67486,40,56,-16,16
67487,114,112,2,2
67488,112,106,6,6
67489,152,148,4,4
67490,184,162,22,22
67491,84,80,4,4
67492,122,110,12,12
67493,108,97,11,11
67494,64,66,-2,2
67495,114,111,3,3
67496,143,146,-3,3
67497,97,86,11,11
67498,99,93,6,6
67499,145,153,-8,8
67500,63,67,-4,4
67501,111,114,-3,3
67502,68,75,-7,7
67503,108,117,-9,9
67504,94,83,11,11
67505,77,79,-2,2
67506,49,60,-11,11
67507,82,82,0,0
67508,66,67,-1,1
67509,74,68,6,6
67510,142,149,-7,7
67511,82,86,-4,4
67512,87,81,6,6
67513,78,78,0,0
67514,58,65,-7,7
67515,108,107,1,1
67516,50,78,-28,28
67517,170,162,8,8
67518,74,77,-3,3
67519,102,102,0,0
67520,95,93,2,2
67521,90,88,2,2
67522,118,117,1,1
67523,70,67,3,3
67524,111,112,-1,1
67525,96,106,-10,10
67526,81,81,0,0
67527,110,104,6,6
67528,94,88,6,6
67529,99,105,-6,6
67530,107,109,-2,2
67531,129,135,-6,6
67532,135,123,12,12
67533,123,113,10,10
67534,67,69,-2,2
67535,79,80,-1,1
67536,91,97,-6,6
67537,72,70,2,2
67538,150,160,-10,10
67539,117,129,-12,12
67540,60,69,-9,9
67541,102,105,-3,3
67542,32,49,-17,17
67543,65,66,-1,1
67544,163,155,8,8
67545,99,100,-1,1
67546,76,72,4,4
67547,146,130,16,16
67548,137,128,9,9
67549,131,133,-2,2
67550,152,142,10,10
67551,93,108,-15,15
67552,78,75,3,3
67553,83,80,3,3
67554,109,95,14,14
67555,134,142,-8,8
67556,56,74,-18,18
67557,82,81,1,1
67558,50,56,-6,6
67559,104,105,-1,1
67560,78,81,-3,3
67561,60,63,-3,3
67562,137,127,10,10
67563,64,63,1,1
67564,144,145,-1,1
67565,49,52,-3,3
67566,104,100,4,4
67567,66,67,-1,1
67568,71,68,3,3
67569,128,120,8,8
67570,84,105,-21,21
67571,141,149,-8,8
67572,97,91,6,6
67573,52,57,-5,5
67574,74,74,0,0
67575,98,113,-15,15
67576,71,72,-1,1
67577,56,58,-2,2
67578,71,74,-3,3
67579,123,116,7,7
67580,146,125,21,21
67581,77,73,4,4
67582,68,73,-5,5
67583,110,98,12,12
67584,85,84,1,1
67585,162,127,35,35
67586,105,95,10,10
67587,68,68,0,0
67588,100,91,9,9
67589,103,99,4,4
67590,121,110,11,11
67591,96,82,14,14
67592,199,176,23,23
67593,83,83,0,0
67594,91,89,2,2
67595,61,65,-4,4
67596,103,109,-6,6
67597,95,95,0,0
67598,68,69,-1,1
67599,94,90,4,4
67600,54,55,-1,1
67601,160,134,26,26
67602,123,115,8,8
67603,154,144,10,10
67604,48,54,-6,6
67605,66,71,-5,5
67606,81,80,1,1
67607,56,60,-4,4
67608,160,140,20,20
67609,121,148,-27,27
67610,103,87,16,16
67611,126,119,7,7
67612,82,79,3,3
67613,63,77,-14,14
67614,88,86,2,2
67615,111,119,-8,8
67616,139,133,6,6
67617,103,98,5,5
67618,74,77,-3,3
67619,133,124,9,9
67620,49,55,-6,6
67621,93,89,4,4
67622,86,83,3,3
67623,77,67,10,10
67624,56,71,-15,15
67625,66,59,7,7
67626,132,125,7,7
67627,149,137,12,12
67628,39,47,-8,8
67629,117,117,0,0
67630,98,95,3,3
67631,59,62,-3,3
67632,146,146,0,0
67633,106,92,14,14
67634,63,68,-5,5
67635,90,91,-1,1
67636,73,79,-6,6
67637,80,78,2,2
67638,89,85,4,4
67639,88,87,1,1
67640,51,52,-1,1
67641,85,82,3,3
67642,106,125,-19,19
67643,136,130,6,6
67644,46,51,-5,5
67645,107,114,-7,7
67646,154,160,-6,6
67647,109,108,1,1
67648,79,77,2,2
67649,94,83,11,11
67650,64,64,0,0
67651,63,68,-5,5
67652,62,62,0,0
67653,58,64,-6,6
67654,48,53,-5,5
67655,67,70,-3,3
67656,74,73,1,1
67657,94,90,4,4
67658,75,69,6,6
67659,158,145,13,13
67660,134,126,8,8
67661,189,177,12,12
67662,62,68,-6,6
67663,73,71,2,2
67664,89,92,-3,3
67665,42,52,-10,10
67666,129,119,10,10
67667,65,72,-7,7
67668,49,52,-3,3
67669,163,154,9,9
67670,93,89,4,4
67671,185,170,15,15
67672,91,90,1,1
67673,43,53,-10,10
67674,163,162,1,1
67675,65,68,-3,3
67676,49,55,-6,6
67677,62,62,0,0
67678,123,135,-12,12
67679,78,80,-2,2
67680,144,137,7,7
67681,75,102,-27,27
67682,83,82,1,1
67683,122,100,22,22
67684,92,92,0,0
67685,101,100,1,1
67686,75,85,-10,10
67687,130,116,14,14
67688,160,155,5,5
67689,58,62,-4,4
67690,154,147,7,7
67691,101,97,4,4
67692,54,63,-9,9
67693,177,173,4,4
67694,198,183,15,15
67695,98,111,-13,13
67696,87,100,-13,13
67697,116,114,2,2
67698,63,61,2,2
67699,95,91,4,4
67700,57,58,-1,1
67701,64,58,6,6
67702,69,59,10,10
67703,79,78,1,1
67704,89,103,-14,14
67705,53,55,-2,2
67706,94,96,-2,2
67707,85,94,-9,9
67708,85,88,-3,3
67709,80,92,-12,12
67710,80,87,-7,7
67711,95,89,6,6
67712,95,89,6,6
67713,72,77,-5,5
67714,59,62,-3,3
67715,122,107,15,15
67716,76,73,3,3
67717,103,91,12,12
67718,80,81,-1,1
67719,84,85,-1,1
67720,108,107,1,1
67721,94,92,2,2
67722,128,125,3,3
67723,121,120,1,1
67724,156,137,19,19
67725,120,115,5,5
67726,97,97,0,0
67727,87,98,-11,11
67728,116,111,5,5
67729,48,50,-2,2
67730,139,134,5,5
67731,93,85,8,8
67732,184,193,-9,9
67733,62,61,1,1
67734,116,125,-9,9
67735,114,105,9,9
67736,104,99,5,5
67737,94,98,-4,4
67738,169,169,0,0
67739,89,94,-5,5
67740,91,97,-6,6
67741,97,100,-3,3
67742,111,111,0,0
67743,69,72,-3,3
67744,120,116,4,4
67745,105,125,-20,20
67746,99,99,0,0
67747,37,65,-28,28
67748,105,92,13,13
67749,69,73,-4,4
67750,67,66,1,1
67751,31,57,-26,26
67752,60,63,-3,3
67753,90,95,-5,5
67754,74,74,0,0
67755,123,115,8,8
67756,97,100,-3,3
67757,55,55,0,0
67758,127,125,2,2
67759,122,120,2,2
67760,103,106,-3,3
67761,141,139,2,2
67762,67,67,0,0
67763,113,121,-8,8
67764,135,137,-2,2
67765,203,189,14,14
67766,88,88,0,0
67767,94,101,-7,7
67768,103,101,2,2
67769,86,82,4,4
67770,143,144,-1,1
67771,52,53,-1,1
67772,75,85,-10,10
67773,114,121,-7,7
67774,92,84,8,8
67775,113,107,6,6
67776,123,123,0,0
67777,68,75,-7,7
67778,86,99,-13,13
67779,27,45,-18,18
67780,126,128,-2,2
67781,89,85,4,4
67782,113,101,12,12
67783,106,101,5,5
67784,90,84,6,6
67785,82,75,7,7
67786,88,90,-2,2
67787,97,95,2,2
67788,141,132,9,9
67789,123,109,14,14
67790,188,197,-9,9
67791,108,112,-4,4
67792,73,74,-1,1
67793,104,106,-2,2
67794,87,91,-4,4
67795,78,79,-1,1
67796,75,72,3,3
67797,153,144,9,9
67798,74,70,4,4
67799,129,115,14,14
67800,117,108,9,9
67801,82,86,-4,4
67802,103,100,3,3
67803,93,81,12,12
67804,89,91,-2,2
67805,44,64,-20,20
67806,76,73,3,3
67807,79,92,-13,13
67808,87,88,-1,1
67809,38,49,-11,11
67810,120,120,0,0
67811,88,89,-1,1
67812,155,143,12,12
67813,120,110,10,10
67814,89,83,6,6
67815,100,94,6,6
67816,66,64,2,2
67817,85,93,-8,8
67818,90,76,14,14
67819,126,125,1,1
67820,153,131,22,22
67821,83,79,4,4
67822,113,105,8,8
67823,88,92,-4,4
67824,152,159,-7,7
67825,104,96,8,8
67826,75,74,1,1
67827,48,50,-2,2
67828,127,120,7,7
67829,79,75,4,4
67830,117,117,0,0
67831,63,70,-7,7
67832,113,122,-9,9
67833,143,160,-17,17
67834,110,108,2,2
67835,75,83,-8,8
67836,48,55,-7,7
67837,64,87,-23,23
67838,99,100,-1,1
67839,91,86,5,5
67840,111,103,8,8
67841,89,87,2,2
67842,141,134,7,7
67843,101,91,10,10
67844,74,71,3,3
67845,124,110,14,14
67846,115,122,-7,7
67847,94,104,-10,10
67848,110,116,-6,6
67849,70,73,-3,3
67850,89,97,-8,8
67851,53,54,-1,1
67852,85,93,-8,8
67853,166,154,12,12
67854,77,70,7,7
67855,76,74,2,2
67856,137,147,-10,10
67857,79,87,-8,8
67858,144,125,19,19
67859,57,58,-1,1
67860,102,102,0,0
67861,77,78,-1,1
67862,105,114,-9,9
67863,99,93,6,6
67864,40,51,-11,11
67865,96,91,5,5
67866,99,103,-4,4
67867,69,64,5,5
67868,111,103,8,8
67869,119,126,-7,7
67870,152,150,2,2
67871,138,133,5,5
67872,146,162,-16,16
67873,79,99,-20,20
67874,113,107,6,6
67875,65,72,-7,7
67876,135,121,14,14
67877,58,49,9,9
67878,68,76,-8,8
67879,103,94,9,9
67880,110,116,-6,6
67881,57,61,-4,4
67882,191,178,13,13
67883,87,81,6,6
67884,130,124,6,6
67885,94,94,0,0
67886,101,106,-5,5
67887,52,52,0,0
67888,134,135,-1,1
67889,75,74,1,1
67890,91,96,-5,5
67891,109,109,0,0
67892,96,90,6,6
67893,55,56,-1,1
67894,114,107,7,7
67895,159,145,14,14
67896,74,73,1,1
67897,89,96,-7,7
67898,45,52,-7,7
67899,50,70,-20,20
67900,78,71,7,7
67901,136,142,-6,6
67902,81,80,1,1
67903,104,92,12,12
67904,42,51,-9,9
67905,45,54,-9,9
67906,91,78,13,13
67907,81,80,1,1
67908,73,74,-1,1
67909,163,152,11,11
67910,62,60,2,2
67911,62,79,-17,17
67912,117,104,13,13
67913,91,95,-4,4
67914,81,95,-14,14
67915,183,161,22,22
67916,115,116,-1,1
67917,45,49,-4,4
67918,67,72,-5,5
67919,73,70,3,3
67920,115,117,-2,2
67921,143,135,8,8
67922,122,113,9,9
67923,158,142,16,16
67924,132,127,5,5
67925,56,59,-3,3
67926,138,139,-1,1
67927,128,118,10,10
67928,170,162,8,8
67929,101,104,-3,3
67930,147,144,3,3
67931,116,120,-4,4
67932,97,114,-17,17
67933,116,124,-8,8
67934,73,73,0,0
67935,58,57,1,1
67936,99,92,7,7
67937,148,155,-7,7
67938,56,56,0,0
67939,144,149,-5,5
67940,73,70,3,3
67941,124,135,-11,11
67942,58,85,-27,27
67943,72,76,-4,4
67944,57,54,3,3
67945,77,69,8,8
67946,93,88,5,5
67947,136,133,3,3
67948,56,59,-3,3
67949,106,97,9,9
67950,68,61,7,7
67951,107,106,1,1
67952,137,134,3,3
67953,51,60,-9,9
67954,161,158,3,3
67955,75,72,3,3
67956,207,183,24,24
67957,134,144,-10,10
67958,139,140,-1,1
67959,85,84,1,1
67960,64,64,0,0
67961,57,57,0,0
67962,87,84,3,3
67963,143,138,5,5
67964,89,89,0,0
67965,78,70,8,8
67966,73,90,-17,17
67967,188,201,-13,13
67968,115,99,16,16
67969,119,94,25,25
67970,74,81,-7,7
67971,96,100,-4,4
67972,64,68,-4,4
67973,117,118,-1,1
67974,127,132,-5,5
67975,70,75,-5,5
67976,97,104,-7,7
67977,163,174,-11,11
67978,143,133,10,10
67979,69,76,-7,7
67980,98,108,-10,10
67981,87,84,3,3
67982,100,99,1,1
67983,111,123,-12,12
67984,129,135,-6,6
67985,94,81,13,13
67986,124,123,1,1
67987,70,74,-4,4
67988,64,65,-1,1
67989,131,123,8,8
67990,81,90,-9,9
67991,121,113,8,8
67992,139,131,8,8
67993,49,60,-11,11
67994,54,58,-4,4
67995,109,113,-4,4
67996,71,76,-5,5
67997,124,113,11,11
67998,110,98,12,12
67999,103,107,-4,4
68000,104,111,-7,7
68001,95,115,-20,20
68002,85,76,9,9
68003,83,77,6,6
68004,111,118,-7,7
68005,68,57,11,11
68006,76,72,4,4
68007,47,52,-5,5
68008,143,127,16,16
68009,64,64,0,0
68010,102,102,0,0
68011,77,81,-4,4
68012,52,63,-11,11
68013,52,59,-7,7
68014,75,79,-4,4
68015,83,80,3,3
68016,70,66,4,4
68017,44,51,-7,7
68018,41,52,-11,11
68019,77,74,3,3
68020,53,55,-2,2
68021,132,133,-1,1
68022,112,104,8,8
68023,81,72,9,9
68024,85,83,2,2
68025,90,89,1,1
68026,51,54,-3,3
68027,55,62,-7,7
68028,45,74,-29,29
68029,52,52,0,0
68030,98,95,3,3
68031,72,72,0,0
68032,239,231,8,8
68033,123,108,15,15
68034,164,154,10,10
68035,75,71,4,4
68036,145,144,1,1
68037,63,66,-3,3
68038,63,99,-36,36
68039,100,109,-9,9
68040,110,113,-3,3
68041,76,88,-12,12
68042,94,99,-5,5
68043,109,95,14,14
68044,59,70,-11,11
68045,140,158,-18,18
68046,83,78,5,5
68047,136,128,8,8
68048,50,62,-12,12
68049,85,82,3,3
68050,113,104,9,9
68051,49,57,-8,8
68052,98,83,15,15
68053,80,68,12,12
68054,95,96,-1,1
68055,129,133,-4,4
68056,89,81,8,8
68057,115,109,6,6
68058,73,77,-4,4
68059,75,82,-7,7
68060,168,156,12,12
68061,52,60,-8,8
68062,76,75,1,1
68063,104,102,2,2
68064,124,110,14,14
68065,113,118,-5,5
68066,80,76,4,4
68067,79,102,-23,23
68068,89,88,1,1
68069,90,80,10,10
68070,46,55,-9,9
68071,80,73,7,7
68072,108,120,-12,12
68073,46,52,-6,6
68074,106,98,8,8
68075,139,135,4,4
68076,99,100,-1,1
68077,50,51,-1,1
68078,65,63,2,2
68079,69,69,0,0
68080,125,123,2,2
68081,97,98,-1,1
68082,84,88,-4,4
68083,114,123,-9,9
68084,39,48,-9,9
68085,106,97,9,9
68086,88,92,-4,4
68087,80,84,-4,4
68088,178,169,9,9
68089,104,115,-11,11
68090,76,70,6,6
68091,108,95,13,13
68092,82,91,-9,9
68093,44,55,-11,11
68094,67,64,3,3
68095,69,75,-6,6
68096,69,63,6,6
68097,112,108,4,4
68098,151,139,12,12
68099,47,55,-8,8
68100,70,68,2,2
68101,86,82,4,4
68102,95,95,0,0
68103,68,76,-8,8
68104,44,57,-13,13
68105,70,74,-4,4
68106,132,124,8,8
68107,66,68,-2,2
68108,104,100,4,4
68109,155,146,9,9
68110,136,134,2,2
68111,74,75,-1,1
68112,109,113,-4,4
68113,88,91,-3,3
68114,156,168,-12,12
68115,153,154,-1,1
68116,83,75,8,8
68117,88,80,8,8
68118,167,177,-10,10
68119,44,55,-11,11
68120,124,111,13,13
68121,71,68,3,3
68122,131,120,11,11
68123,94,83,11,11
68124,64,65,-1,1
68125,81,82,-1,1
68126,69,70,-1,1
68127,52,55,-3,3
68128,84,82,2,2
68129,59,59,0,0
68130,117,117,0,0
68131,115,107,8,8
68132,86,87,-1,1
68133,111,106,5,5
68134,69,73,-4,4
68135,119,114,5,5
68136,73,69,4,4
68137,81,80,1,1
68138,79,94,-15,15
68139,89,99,-10,10
68140,51,54,-3,3
68141,63,64,-1,1
68142,87,90,-3,3
68143,116,113,3,3
68144,115,105,10,10
68145,111,114,-3,3
68146,38,56,-18,18
68147,130,138,-8,8
68148,100,91,9,9
68149,60,57,3,3
68150,91,82,9,9
68151,67,68,-1,1
68152,73,65,8,8
68153,152,153,-1,1
68154,199,186,13,13
68155,156,148,8,8
68156,61,68,-7,7
68157,109,95,14,14
68158,69,70,-1,1
68159,87,89,-2,2
68160,65,67,-2,2
68161,83,88,-5,5
68162,94,93,1,1
68163,104,89,15,15
68164,72,77,-5,5
68165,74,88,-14,14
68166,93,82,11,11
68167,88,81,7,7
68168,88,78,10,10
68169,75,82,-7,7
68170,102,102,0,0
68171,72,71,1,1
68172,95,83,12,12
68173,98,98,0,0
68174,86,85,1,1
68175,91,108,-17,17
68176,67,64,3,3
68177,73,77,-4,4
68178,129,133,-4,4
68179,64,60,4,4
68180,94,96,-2,2
68181,123,108,15,15
68182,89,87,2,2
68183,45,53,-8,8
68184,95,94,1,1
68185,77,77,0,0
68186,61,68,-7,7
68187,151,158,-7,7
68188,53,57,-4,4
68189,109,103,6,6
68190,84,89,-5,5
68191,86,91,-5,5
68192,105,102,3,3
68193,107,116,-9,9
68194,97,104,-7,7
68195,41,49,-8,8
68196,69,69,0,0
68197,111,86,25,25
68198,40,50,-10,10
68199,140,137,3,3
68200,65,67,-2,2
68201,149,128,21,21
68202,46,51,-5,5
68203,103,102,1,1
68204,80,79,1,1
68205,41,50,-9,9
68206,97,131,-34,34
68207,65,65,0,0
68208,124,147,-23,23
68209,65,64,1,1
68210,85,82,3,3
68211,151,150,1,1
68212,75,74,1,1
68213,92,93,-1,1
68214,96,90,6,6
68215,120,125,-5,5
68216,71,68,3,3
68217,77,81,-4,4
68218,84,92,-8,8
68219,100,108,-8,8
68220,105,116,-11,11
68221,123,116,7,7
68222,53,58,-5,5
68223,178,180,-2,2
68224,99,97,2,2
68225,64,64,0,0
68226,78,83,-5,5
68227,108,104,4,4
68228,77,80,-3,3
68229,157,151,6,6
68230,72,79,-7,7
68231,68,71,-3,3
68232,87,79,8,8
68233,70,76,-6,6
68234,52,66,-14,14
68235,85,79,6,6
68236,100,110,-10,10
68237,71,64,7,7
68238,109,115,-6,6
68239,154,168,-14,14
68240,96,74,22,22
68241,78,88,-10,10
68242,82,92,-10,10
68243,114,111,3,3
68244,103,107,-4,4
68245,118,125,-7,7
68246,87,92,-5,5
68247,121,128,-7,7
68248,94,94,0,0
68249,62,58,4,4
68250,89,84,5,5
68251,105,99,6,6
68252,85,76,9,9
68253,79,86,-7,7
68254,86,85,1,1
68255,100,98,2,2
68256,104,99,5,5
68257,83,76,7,7
68258,90,87,3,3
68259,112,128,-16,16
68260,69,72,-3,3
68261,121,104,17,17
68262,84,89,-5,5
68263,87,82,5,5
68264,92,92,0,0
68265,147,146,1,1
68266,86,89,-3,3
68267,89,84,5,5
68268,52,65,-13,13
68269,110,107,3,3
68270,145,139,6,6
68271,87,86,1,1
68272,107,86,21,21
68273,145,120,25,25
68274,55,56,-1,1
68275,51,60,-9,9
68276,95,94,1,1
68277,101,96,5,5
68278,72,66,6,6
68279,90,85,5,5
68280,91,79,12,12
68281,94,100,-6,6
68282,60,66,-6,6
68283,59,56,3,3
68284,96,89,7,7
68285,55,60,-5,5
68286,101,85,16,16
68287,95,99,-4,4
68288,113,106,7,7
68289,77,70,7,7
68290,114,129,-15,15
68291,101,109,-8,8
68292,100,107,-7,7
68293,64,67,-3,3
68294,100,90,10,10
68295,158,144,14,14
68296,81,84,-3,3
68297,62,66,-4,4
68298,136,131,5,5
68299,156,150,6,6
68300,160,148,12,12
68301,128,130,-2,2
68302,49,51,-2,2
68303,135,125,10,10
68304,81,86,-5,5
68305,85,85,0,0
68306,74,72,2,2
68307,141,133,8,8
68308,98,96,2,2
68309,140,133,7,7
68310,102,95,7,7
68311,91,101,-10,10
68312,68,66,2,2
68313,117,108,9,9
68314,57,53,4,4
68315,70,71,-1,1
68316,203,175,28,28
68317,96,113,-17,17
68318,128,128,0,0
68319,81,77,4,4
68320,81,92,-11,11
68321,66,59,7,7
68322,128,125,3,3
68323,150,145,5,5
68324,79,87,-8,8
68325,68,73,-5,5
68326,57,61,-4,4
68327,63,72,-9,9
68328,110,113,-3,3
68329,84,81,3,3
68330,84,73,11,11
68331,59,63,-4,4
68332,101,91,10,10
68333,73,75,-2,2
68334,82,84,-2,2
68335,163,159,4,4
68336,113,111,2,2
68337,95,72,23,23
68338,73,78,-5,5
68339,83,82,1,1
68340,114,114,0,0
68341,136,121,15,15
68342,86,90,-4,4
68343,81,77,4,4
68344,108,121,-13,13
68345,149,150,-1,1
68346,101,101,0,0
68347,78,80,-2,2
68348,126,118,8,8
68349,122,136,-14,14
68350,112,107,5,5
68351,67,62,5,5
68352,62,61,1,1
68353,112,114,-2,2
68354,171,160,11,11
68355,65,60,5,5
68356,97,87,10,10
68357,43,49,-6,6
68358,71,63,8,8
68359,71,69,2,2
68360,55,51,4,4
68361,72,83,-11,11
68362,85,84,1,1
68363,190,175,15,15
68364,97,98,-1,1
68365,100,98,2,2
68366,75,78,-3,3
68367,130,116,14,14
68368,60,64,-4,4
68369,105,103,2,2
68370,85,82,3,3
68371,89,93,-4,4
68372,93,92,1,1
68373,39,69,-30,30
68374,74,65,9,9
68375,148,155,-7,7
68376,136,128,8,8
68377,61,72,-11,11
68378,181,175,6,6
68379,99,92,7,7
68380,165,160,5,5
68381,97,93,4,4
68382,116,106,10,10
68383,105,112,-7,7
68384,50,50,0,0
68385,71,83,-12,12
68386,115,109,6,6
68387,61,57,4,4
68388,101,105,-4,4
68389,80,79,1,1
68390,100,108,-8,8
68391,79,90,-11,11
68392,121,121,0,0
68393,85,92,-7,7
68394,87,92,-5,5
68395,61,65,-4,4
68396,125,132,-7,7
68397,85,90,-5,5
68398,87,87,0,0
68399,64,66,-2,2
68400,66,66,0,0
68401,85,87,-2,2
68402,159,146,13,13
68403,132,137,-5,5
68404,96,103,-7,7
68405,100,112,-12,12
68406,76,72,4,4
68407,117,122,-5,5
68408,101,114,-13,13
68409,86,86,0,0
68410,117,111,6,6
68411,96,90,6,6
68412,55,62,-7,7
68413,145,138,7,7
68414,68,73,-5,5
68415,71,66,5,5
68416,129,127,2,2
68417,121,119,2,2
68418,92,80,12,12
68419,57,64,-7,7
68420,50,54,-4,4
68421,56,59,-3,3
68422,52,55,-3,3
68423,61,60,1,1
68424,164,153,11,11
68425,119,117,2,2
68426,85,79,6,6
68427,83,79,4,4
68428,149,145,4,4
68429,103,92,11,11
68430,61,70,-9,9
68431,142,142,0,0
68432,80,83,-3,3
68433,49,58,-9,9
68434,109,98,11,11
68435,101,96,5,5
68436,77,79,-2,2
68437,160,173,-13,13
68438,108,114,-6,6
68439,137,133,4,4
68440,125,124,1,1
68441,76,75,1,1
68442,145,132,13,13
68443,86,90,-4,4
68444,131,124,7,7
68445,99,107,-8,8
68446,97,97,0,0
68447,67,60,7,7
68448,107,129,-22,22
68449,87,83,4,4
68450,104,103,1,1
68451,77,76,1,1
68452,49,53,-4,4
68453,152,135,17,17
68454,138,134,4,4
68455,183,178,5,5
68456,53,57,-4,4
68457,100,101,-1,1
68458,71,73,-2,2
68459,73,86,-13,13
68460,108,102,6,6
68461,85,89,-4,4
68462,72,72,0,0
68463,92,90,2,2
68464,127,121,6,6
68465,61,83,-22,22
68466,86,96,-10,10
68467,56,59,-3,3
68468,104,93,11,11
68469,86,86,0,0
68470,142,147,-5,5
68471,78,89,-11,11
68472,96,84,12,12
68473,75,77,-2,2
68474,88,88,0,0
68475,69,68,1,1
68476,62,64,-2,2
68477,107,108,-1,1
68478,65,65,0,0
68479,129,137,-8,8
68480,86,91,-5,5
68481,77,72,5,5
68482,115,100,15,15
68483,87,80,7,7
68484,32,48,-16,16
68485,80,90,-10,10
68486,107,103,4,4
68487,112,127,-15,15
68488,83,82,1,1
68489,89,93,-4,4
68490,65,65,0,0
68491,63,65,-2,2
68492,56,58,-2,2
68493,99,87,12,12
68494,88,89,-1,1
68495,130,132,-2,2
68496,59,63,-4,4
68497,157,130,27,27
68498,94,106,-12,12
68499,94,91,3,3
68500,61,65,-4,4
68501,98,99,-1,1
68502,98,95,3,3
68503,108,101,7,7
68504,122,121,1,1
68505,115,114,1,1
68506,49,57,-8,8
68507,79,81,-2,2
68508,96,100,-4,4
68509,81,93,-12,12
68510,54,58,-4,4
68511,70,75,-5,5
68512,141,135,6,6
68513,113,204,-91,91
68514,110,122,-12,12
68515,75,80,-5,5
68516,85,96,-11,11
68517,85,81,4,4
68518,105,103,2,2
68519,62,71,-9,9
68520,39,55,-16,16
68521,83,84,-1,1
68522,103,98,5,5
68523,69,78,-9,9
68524,103,102,1,1
68525,82,75,7,7
68526,98,96,2,2
68527,134,125,9,9
68528,51,60,-9,9
68529,98,95,3,3
68530,58,59,-1,1
68531,66,73,-7,7
68532,66,64,2,2
68533,139,125,14,14
68534,182,173,9,9
68535,118,133,-15,15
68536,69,63,6,6
68537,61,68,-7,7
68538,101,93,8,8
68539,126,96,30,30
68540,87,85,2,2
68541,53,57,-4,4
68542,83,77,6,6
68543,113,117,-4,4
68544,109,101,8,8
68545,60,62,-2,2
68546,113,115,-2,2
68547,84,93,-9,9
68548,60,55,5,5
68549,56,61,-5,5
68550,52,57,-5,5
68551,111,104,7,7
68552,74,80,-6,6
68553,57,56,1,1
68554,72,74,-2,2
68555,77,82,-5,5
68556,93,90,3,3
68557,167,152,15,15
68558,64,63,1,1
68559,97,88,9,9
68560,106,108,-2,2
68561,165,151,14,14
68562,86,105,-19,19
68563,146,136,10,10
68564,98,96,2,2
68565,88,87,1,1
68566,89,89,0,0
68567,99,95,4,4
68568,86,87,-1,1
68569,95,110,-15,15
68570,70,65,5,5
68571,91,101,-10,10
68572,98,95,3,3
68573,92,86,6,6
68574,103,98,5,5
68575,91,83,8,8
68576,58,74,-16,16
68577,61,65,-4,4
68578,53,59,-6,6
68579,83,82,1,1
68580,56,56,0,0
68581,84,85,-1,1
68582,73,80,-7,7
68583,73,71,2,2
68584,81,82,-1,1
68585,69,72,-3,3
68586,71,75,-4,4
68587,107,116,-9,9
68588,111,111,0,0
68589,107,99,8,8
68590,115,99,16,16
68591,75,74,1,1
68592,129,118,11,11
68593,94,91,3,3
68594,52,53,-1,1
68595,146,143,3,3
68596,99,103,-4,4
68597,93,111,-18,18
68598,57,59,-2,2
68599,102,110,-8,8
68600,58,65,-7,7
68601,95,135,-40,40
68602,92,90,2,2
68603,99,94,5,5
68604,115,117,-2,2
68605,77,75,2,2
68606,176,179,-3,3
68607,97,101,-4,4
68608,153,139,14,14
68609,74,70,4,4
68610,182,171,11,11
68611,91,98,-7,7
68612,67,77,-10,10
68613,85,94,-9,9
68614,109,109,0,0
68615,113,105,8,8
68616,111,115,-4,4
68617,95,105,-10,10
68618,74,71,3,3
68619,110,106,4,4
68620,58,59,-1,1
68621,135,128,7,7
68622,108,113,-5,5
68623,112,120,-8,8
68624,49,56,-7,7
68625,114,119,-5,5
68626,57,59,-2,2
68627,74,69,5,5
68628,99,100,-1,1
68629,96,92,4,4
68630,88,82,6,6
68631,79,86,-7,7
68632,82,71,11,11
68633,99,96,3,3
68634,116,108,8,8
68635,80,77,3,3
68636,120,116,4,4
68637,70,65,5,5
68638,74,72,2,2
68639,55,67,-12,12
68640,97,90,7,7
68641,74,72,2,2
68642,92,99,-7,7
68643,71,72,-1,1
68644,86,82,4,4
68645,66,62,4,4
68646,74,72,2,2
68647,90,90,0,0
68648,110,108,2,2
68649,94,91,3,3
68650,101,98,3,3
68651,115,114,1,1
68652,91,93,-2,2
68653,102,105,-3,3
68654,116,123,-7,7
68655,130,129,1,1
68656,45,53,-8,8
68657,77,72,5,5
68658,117,130,-13,13
68659,109,110,-1,1
68660,94,93,1,1
68661,130,124,6,6
68662,37,50,-13,13
68663,73,77,-4,4
68664,79,71,8,8
68665,80,89,-9,9
68666,143,126,17,17
68667,69,74,-5,5
68668,143,142,1,1
68669,105,106,-1,1
68670,150,141,9,9
68671,94,88,6,6
68672,107,101,6,6
68673,64,66,-2,2
68674,154,138,16,16
68675,129,126,3,3
68676,118,111,7,7
68677,86,84,2,2
68678,98,99,-1,1
68679,134,143,-9,9
68680,96,99,-3,3
68681,90,87,3,3
68682,173,174,-1,1
68683,83,83,0,0
68684,168,165,3,3
68685,97,96,1,1
68686,88,85,3,3
68687,54,53,1,1
68688,142,123,19,19
68689,152,146,6,6
68690,75,85,-10,10
68691,73,73,0,0
68692,170,179,-9,9
68693,82,85,-3,3
68694,103,113,-10,10
68695,135,126,9,9
68696,98,99,-1,1
68697,190,180,10,10
68698,110,95,15,15
68699,56,63,-7,7
68700,160,149,11,11
68701,86,100,-14,14
68702,105,105,0,0
68703,42,49,-7,7
68704,148,160,-12,12
68705,78,73,5,5
68706,108,110,-2,2
68707,81,80,1,1
68708,135,132,3,3
68709,84,93,-9,9
68710,115,112,3,3
68711,124,117,7,7
68712,67,77,-10,10
68713,97,95,2,2
68714,90,88,2,2
68715,158,150,8,8
68716,162,156,6,6
68717,165,166,-1,1
68718,76,77,-1,1
68719,174,173,1,1
68720,125,117,8,8
68721,155,153,2,2
68722,80,86,-6,6
68723,150,158,-8,8
68724,54,59,-5,5
68725,119,106,13,13
68726,83,75,8,8
68727,56,62,-6,6
68728,69,80,-11,11
68729,94,96,-2,2
68730,103,109,-6,6
68731,120,112,8,8
68732,119,127,-8,8
68733,92,92,0,0
68734,102,102,0,0
68735,75,75,0,0
68736,64,63,1,1
68737,175,164,11,11
68738,66,63,3,3
68739,69,62,7,7
68740,66,64,2,2
68741,42,49,-7,7
68742,222,210,12,12
68743,161,160,1,1
68744,139,123,16,16
68745,88,88,0,0
68746,81,73,8,8
68747,160,164,-4,4
68748,100,104,-4,4
68749,64,69,-5,5
68750,26,46,-20,20
68751,126,123,3,3
68752,49,54,-5,5
68753,101,100,1,1
68754,78,73,5,5
68755,82,81,1,1
68756,68,70,-2,2
68757,90,86,4,4
68758,78,78,0,0
68759,114,117,-3,3
68760,160,152,8,8
68761,108,107,1,1
68762,93,92,1,1
68763,52,51,1,1
68764,142,136,6,6
68765,151,162,-11,11
68766,118,125,-7,7
68767,90,88,2,2
68768,103,95,8,8
68769,126,122,4,4
68770,121,119,2,2
68771,111,115,-4,4
68772,87,84,3,3
68773,48,53,-5,5
68774,86,73,13,13
68775,60,99,-39,39
68776,162,146,16,16
68777,98,87,11,11
68778,134,128,6,6
68779,147,148,-1,1
68780,113,117,-4,4
68781,79,77,2,2
68782,76,71,5,5
68783,72,81,-9,9
68784,59,68,-9,9
68785,151,145,6,6
68786,114,110,4,4
68787,71,75,-4,4
68788,146,143,3,3
68789,83,81,2,2
68790,65,62,3,3
68791,60,56,4,4
68792,113,99,14,14
68793,146,131,15,15
68794,103,108,-5,5
68795,123,113,10,10
68796,59,67,-8,8
68797,158,142,16,16
68798,114,100,14,14
68799,133,123,10,10
68800,151,144,7,7
68801,41,53,-12,12
68802,80,79,1,1
68803,71,65,6,6
68804,88,90,-2,2
68805,94,106,-12,12
68806,41,61,-20,20
68807,129,148,-19,19
68808,126,120,6,6
68809,132,115,17,17
68810,38,51,-13,13
68811,81,84,-3,3
68812,97,99,-2,2
68813,99,96,3,3
68814,159,155,4,4
68815,113,121,-8,8
68816,42,59,-17,17
68817,176,165,11,11
68818,96,85,11,11
68819,122,121,1,1
68820,134,139,-5,5
68821,63,66,-3,3
68822,81,74,7,7
68823,94,97,-3,3
68824,122,115,7,7
68825,99,87,12,12
68826,103,110,-7,7
68827,77,104,-27,27
68828,90,99,-9,9
68829,139,123,16,16
68830,74,79,-5,5
68831,83,85,-2,2
68832,84,83,1,1
68833,108,102,6,6
68834,80,85,-5,5
68835,117,116,1,1
68836,81,77,4,4
68837,73,73,0,0
68838,146,139,7,7
68839,83,83,0,0
68840,71,68,3,3
68841,99,107,-8,8
68842,52,60,-8,8
68843,97,106,-9,9
68844,80,77,3,3
68845,112,113,-1,1
68846,57,73,-16,16
68847,105,104,1,1
68848,145,152,-7,7
68849,104,91,13,13
68850,94,85,9,9
68851,109,111,-2,2
68852,73,75,-2,2
68853,54,58,-4,4
68854,99,91,8,8
68855,204,192,12,12
68856,42,57,-15,15
68857,40,53,-13,13
68858,61,58,3,3
68859,98,100,-2,2
68860,88,92,-4,4
68861,107,116,-9,9
68862,101,103,-2,2
68863,156,148,8,8
68864,43,52,-9,9
68865,85,81,4,4
68866,130,121,9,9
68867,49,57,-8,8
68868,82,78,4,4
68869,105,104,1,1
68870,141,156,-15,15
68871,124,127,-3,3
68872,149,167,-18,18
68873,61,55,6,6
68874,163,160,3,3
68875,94,99,-5,5
68876,64,69,-5,5
68877,129,145,-16,16
68878,71,75,-4,4
68879,95,102,-7,7
68880,106,114,-8,8
68881,103,86,17,17
68882,81,77,4,4
68883,89,83,6,6
68884,144,137,7,7
68885,64,66,-2,2
68886,37,121,-84,84
68887,87,76,11,11
68888,34,48,-14,14
68889,94,97,-3,3
68890,84,92,-8,8
68891,76,71,5,5
68892,79,74,5,5
68893,96,104,-8,8
68894,99,97,2,2
68895,102,102,0,0
68896,66,65,1,1
68897,96,84,12,12
68898,75,75,0,0
68899,98,89,9,9
68900,75,72,3,3
68901,106,100,6,6
68902,85,83,2,2
68903,104,117,-13,13
68904,83,88,-5,5
68905,92,93,-1,1
68906,110,125,-15,15
68907,89,106,-17,17
68908,148,141,7,7
68909,105,104,1,1
68910,90,81,9,9
68911,42,55,-13,13
68912,102,104,-2,2
68913,142,137,5,5
68914,122,119,3,3
68915,109,105,4,4
68916,101,107,-6,6
68917,89,95,-6,6
68918,118,117,1,1
68919,146,136,10,10
68920,100,105,-5,5
68921,99,93,6,6
68922,62,58,4,4
68923,84,77,7,7
68924,62,69,-7,7
68925,190,175,15,15
68926,105,108,-3,3
68927,101,94,7,7
68928,69,76,-7,7
68929,105,101,4,4
68930,135,135,0,0
68931,162,171,-9,9
68932,96,95,1,1
68933,80,73,7,7
68934,83,83,0,0
68935,133,130,3,3
68936,77,69,8,8
68937,130,126,4,4
68938,143,162,-19,19
68939,83,86,-3,3
68940,77,77,0,0
68941,148,143,5,5
68942,88,81,7,7
68943,47,49,-2,2
68944,66,57,9,9
68945,54,66,-12,12
68946,97,93,4,4
68947,80,87,-7,7
68948,51,67,-16,16
68949,122,129,-7,7
68950,134,123,11,11
68951,152,152,0,0
68952,96,102,-6,6
68953,75,79,-4,4
68954,143,142,1,1
68955,164,164,0,0
68956,99,100,-1,1
68957,149,156,-7,7
68958,126,122,4,4
68959,90,80,10,10
68960,102,105,-3,3
68961,18,54,-36,36
68962,103,138,-35,35
68963,130,124,6,6
68964,67,72,-5,5
68965,69,62,7,7
68966,84,84,0,0
68967,122,126,-4,4
68968,103,94,9,9
68969,65,58,7,7
68970,111,117,-6,6
68971,177,173,4,4
68972,64,65,-1,1
68973,159,158,1,1
68974,123,131,-8,8
68975,67,71,-4,4
68976,138,143,-5,5
68977,88,101,-13,13
68978,94,107,-13,13
68979,114,104,10,10
68980,81,79,2,2
68981,68,64,4,4
68982,214,200,14,14
68983,145,130,15,15
68984,54,56,-2,2
68985,100,91,9,9
68986,146,145,1,1
68987,213,189,24,24
68988,106,115,-9,9
68989,57,56,1,1
68990,128,127,1,1
68991,97,97,0,0
68992,90,96,-6,6
68993,102,98,4,4
68994,153,140,13,13
68995,84,83,1,1
68996,27,56,-29,29
68997,51,52,-1,1
68998,73,77,-4,4
68999,86,84,2,2
69000,77,73,4,4
69001,154,140,14,14
69002,107,102,5,5
69003,173,173,0,0
69004,80,83,-3,3
69005,92,91,1,1
69006,86,84,2,2
69007,70,71,-1,1
69008,116,123,-7,7
69009,79,80,-1,1
69010,101,98,3,3
69011,138,134,4,4
69012,125,111,14,14
69013,65,65,0,0
69014,82,82,0,0
69015,88,89,-1,1
69016,40,56,-16,16
69017,104,107,-3,3
69018,111,111,0,0
69019,81,78,3,3
69020,67,78,-11,11
69021,91,99,-8,8
69022,135,134,1,1
69023,155,169,-14,14
69024,89,81,8,8
69025,58,71,-13,13
69026,137,132,5,5
69027,69,71,-2,2
69028,84,84,0,0
69029,110,94,16,16
69030,68,92,-24,24
69031,126,113,13,13
69032,185,149,36,36
69033,64,62,2,2
69034,119,116,3,3
69035,133,132,1,1
69036,96,92,4,4
69037,54,60,-6,6
69038,90,90,0,0
69039,75,74,1,1
69040,123,128,-5,5
69041,91,92,-1,1
69042,114,112,2,2
69043,49,78,-29,29
69044,119,112,7,7
69045,78,73,5,5
69046,105,100,5,5
69047,113,114,-1,1
69048,75,71,4,4
69049,162,158,4,4
69050,62,62,0,0
69051,93,80,13,13
69052,67,66,1,1
69053,118,117,1,1
69054,76,77,-1,1
69055,132,125,7,7
69056,43,49,-6,6
69057,69,77,-8,8
69058,99,102,-3,3
69059,81,79,2,2
69060,103,101,2,2
69061,87,79,8,8
69062,88,82,6,6
69063,92,88,4,4
69064,102,93,9,9
69065,53,57,-4,4
69066,80,81,-1,1
69067,86,76,10,10
69068,107,111,-4,4
69069,165,173,-8,8
69070,43,50,-7,7
69071,84,82,2,2
69072,129,126,3,3
69073,135,133,2,2
69074,32,64,-32,32
69075,49,58,-9,9
69076,91,93,-2,2
69077,72,73,-1,1
69078,85,82,3,3
69079,75,82,-7,7
69080,95,118,-23,23
69081,132,126,6,6
69082,98,105,-7,7
69083,34,48,-14,14
69084,114,111,3,3
69085,104,97,7,7
69086,111,101,10,10
69087,59,55,4,4
69088,38,54,-16,16
69089,45,56,-11,11
69090,160,174,-14,14
69091,87,85,2,2
69092,78,87,-9,9
69093,180,152,28,28
69094,112,120,-8,8
69095,99,103,-4,4
69096,77,79,-2,2
69097,64,78,-14,14
69098,93,78,15,15
69099,135,149,-14,14
69100,80,80,0,0
69101,105,92,13,13
69102,93,95,-2,2
69103,97,100,-3,3
69104,93,104,-11,11
69105,126,109,17,17
69106,100,95,5,5
69107,93,94,-1,1
69108,116,119,-3,3
69109,89,87,2,2
69110,72,86,-14,14
69111,158,144,14,14
69112,107,93,14,14
69113,57,59,-2,2
69114,95,101,-6,6
69115,199,186,13,13
69116,98,97,1,1
69117,50,59,-9,9
69118,72,71,1,1
69119,86,78,8,8
69120,36,81,-45,45
69121,77,64,13,13
69122,144,147,-3,3
69123,101,120,-19,19
69124,141,142,-1,1
69125,136,129,7,7
69126,81,78,3,3
69127,96,118,-22,22
69128,92,90,2,2
69129,37,49,-12,12
69130,117,119,-2,2
69131,96,91,5,5
69132,120,137,-17,17
69133,58,60,-2,2
69134,147,132,15,15
69135,60,65,-5,5
69136,85,82,3,3
69137,71,63,8,8
69138,74,68,6,6
69139,98,97,1,1
69140,59,57,2,2
69141,77,80,-3,3
69142,77,82,-5,5
69143,76,78,-2,2
69144,52,55,-3,3
69145,116,117,-1,1
69146,78,85,-7,7
69147,74,75,-1,1
69148,124,123,1,1
69149,58,56,2,2
69150,86,85,1,1
69151,132,123,9,9
69152,108,98,10,10
69153,38,49,-11,11
69154,138,142,-4,4
69155,74,74,0,0
69156,73,76,-3,3
69157,95,83,12,12
69158,129,134,-5,5
69159,102,93,9,9
69160,112,108,4,4
69161,141,141,0,0
69162,76,74,2,2
69163,142,141,1,1
69164,72,72,0,0
69165,163,159,4,4
69166,122,119,3,3
69167,44,53,-9,9
69168,104,101,3,3
69169,72,85,-13,13
69170,60,61,-1,1
69171,69,66,3,3
69172,113,106,7,7
69173,89,95,-6,6
69174,42,47,-5,5
69175,146,142,4,4
69176,147,129,18,18
69177,132,145,-13,13
69178,107,101,6,6
69179,77,81,-4,4
69180,102,102,0,0
69181,153,140,13,13
69182,56,84,-28,28
69183,105,110,-5,5
69184,129,129,0,0
69185,99,94,5,5
69186,55,55,0,0
69187,102,114,-12,12
69188,102,95,7,7
69189,111,112,-1,1
69190,123,128,-5,5
69191,62,67,-5,5
69192,152,166,-14,14
69193,89,88,1,1
69194,94,87,7,7
69195,35,59,-24,24
69196,94,93,1,1
69197,110,117,-7,7
69198,175,174,1,1
69199,105,98,7,7
69200,42,51,-9,9
69201,152,148,4,4
69202,149,137,12,12
69203,207,187,20,20
69204,152,159,-7,7
69205,88,98,-10,10
69206,94,91,3,3
69207,76,68,8,8
69208,84,83,1,1
69209,87,84,3,3
69210,59,62,-3,3
69211,112,107,5,5
69212,110,104,6,6
69213,136,117,19,19
69214,81,92,-11,11
69215,177,162,15,15
69216,120,122,-2,2
69217,86,91,-5,5
69218,57,59,-2,2
69219,100,80,20,20
69220,134,133,1,1
69221,75,69,6,6
69222,88,82,6,6
69223,82,88,-6,6
69224,54,62,-8,8
69225,74,68,6,6
69226,50,52,-2,2
69227,125,115,10,10
69228,85,89,-4,4
69229,148,145,3,3
69230,88,92,-4,4
69231,58,70,-12,12
69232,124,108,16,16
69233,129,130,-1,1
69234,100,94,6,6
69235,76,73,3,3
69236,86,77,9,9
69237,57,68,-11,11
69238,84,84,0,0
69239,103,96,7,7
69240,87,87,0,0
69241,114,119,-5,5
69242,58,63,-5,5
69243,100,93,7,7
69244,92,96,-4,4
69245,78,84,-6,6
69246,73,85,-12,12
69247,73,68,5,5
69248,106,106,0,0
69249,135,136,-1,1
69250,95,113,-18,18
69251,75,79,-4,4
69252,116,125,-9,9
69253,58,55,3,3
69254,135,129,6,6
69255,75,77,-2,2
69256,51,55,-4,4
69257,69,68,1,1
69258,97,110,-13,13
69259,73,75,-2,2
69260,91,97,-6,6
69261,156,152,4,4
69262,67,71,-4,4
69263,77,76,1,1
69264,133,142,-9,9
69265,129,150,-21,21
69266,110,107,3,3
69267,121,136,-15,15
69268,150,146,4,4
69269,89,86,3,3
69270,71,84,-13,13
69271,119,106,13,13
69272,70,75,-5,5
69273,121,127,-6,6
69274,116,120,-4,4
69275,123,127,-4,4
69276,95,87,8,8
69277,70,64,6,6
69278,111,91,20,20
69279,113,108,5,5
69280,92,78,14,14
69281,52,60,-8,8
69282,114,110,4,4
69283,106,105,1,1
69284,102,117,-15,15
69285,72,84,-12,12
69286,134,122,12,12
69287,101,98,3,3
69288,134,123,11,11
69289,111,114,-3,3
69290,99,100,-1,1
69291,98,92,6,6
69292,94,95,-1,1
69293,44,49,-5,5
69294,92,93,-1,1
69295,81,79,2,2
69296,74,75,-1,1
69297,51,49,2,2
69298,135,136,-1,1
69299,34,51,-17,17
69300,151,154,-3,3
69301,64,63,1,1
69302,105,111,-6,6
69303,117,102,15,15
69304,88,87,1,1
69305,100,103,-3,3
69306,88,86,2,2
69307,84,87,-3,3
69308,189,186,3,3
69309,45,52,-7,7
69310,64,68,-4,4
69311,94,94,0,0
69312,199,184,15,15
69313,80,74,6,6
69314,105,104,1,1
69315,112,108,4,4
69316,59,59,0,0
69317,54,59,-5,5
69318,123,117,6,6
69319,59,62,-3,3
69320,186,178,8,8
69321,110,110,0,0
69322,117,109,8,8
69323,82,85,-3,3
69324,202,178,24,24
69325,129,114,15,15
69326,91,94,-3,3
69327,131,116,15,15
69328,117,113,4,4
69329,82,73,9,9
69330,78,86,-8,8
69331,129,127,2,2
69332,46,51,-5,5
69333,122,128,-6,6
69334,124,113,11,11
69335,186,190,-4,4
69336,103,101,2,2
69337,112,120,-8,8
69338,135,143,-8,8
69339,68,70,-2,2
69340,110,111,-1,1
69341,57,59,-2,2
69342,144,140,4,4
69343,115,102,13,13
69344,143,142,1,1
69345,75,82,-7,7
69346,69,61,8,8
69347,140,128,12,12
69348,93,100,-7,7
69349,74,72,2,2
69350,165,164,1,1
69351,77,82,-5,5
69352,57,58,-1,1
69353,87,103,-16,16
69354,123,125,-2,2
69355,78,84,-6,6
69356,120,123,-3,3
69357,100,99,1,1
69358,112,114,-2,2
69359,87,91,-4,4
69360,98,87,11,11
69361,106,105,1,1
69362,91,97,-6,6
69363,107,106,1,1
69364,67,68,-1,1
69365,125,122,3,3
69366,61,61,0,0
69367,96,98,-2,2
69368,73,75,-2,2
69369,70,69,1,1
69370,89,84,5,5
69371,114,111,3,3
69372,74,77,-3,3
69373,133,117,16,16
69374,107,115,-8,8
69375,91,90,1,1
69376,83,76,7,7
69377,76,73,3,3
69378,75,80,-5,5
69379,83,80,3,3
69380,62,64,-2,2
69381,71,80,-9,9
69382,40,52,-12,12
69383,131,125,6,6
69384,138,143,-5,5
69385,43,49,-6,6
69386,76,83,-7,7
69387,128,156,-28,28
69388,62,62,0,0
69389,128,122,6,6
69390,79,82,-3,3
69391,140,132,8,8
69392,94,101,-7,7
69393,96,98,-2,2
69394,43,53,-10,10
69395,159,151,8,8
69396,62,59,3,3
69397,131,124,7,7
69398,65,67,-2,2
69399,63,69,-6,6
69400,116,126,-10,10
69401,65,79,-14,14
69402,70,70,0,0
69403,56,61,-5,5
69404,95,95,0,0
69405,120,115,5,5
69406,93,98,-5,5
69407,92,91,1,1
69408,101,90,11,11
69409,106,109,-3,3
69410,151,144,7,7
69411,98,94,4,4
69412,63,61,2,2
69413,120,121,-1,1
69414,93,90,3,3
69415,89,88,1,1
69416,47,50,-3,3
69417,92,97,-5,5
69418,95,87,8,8
69419,90,81,9,9
69420,116,110,6,6
69421,88,84,4,4
69422,107,114,-7,7
69423,168,180,-12,12
69424,49,52,-3,3
69425,111,102,9,9
69426,76,82,-6,6
69427,89,87,2,2
69428,72,75,-3,3
69429,131,132,-1,1
69430,61,74,-13,13
69431,106,100,6,6
69432,65,70,-5,5
69433,76,78,-2,2
69434,62,90,-28,28
69435,63,64,-1,1
69436,77,75,2,2
69437,120,111,9,9
69438,109,108,1,1
69439,93,91,2,2
69440,66,65,1,1
69441,72,68,4,4
69442,94,87,7,7
69443,143,130,13,13
69444,75,75,0,0
69445,99,99,0,0
69446,112,114,-2,2
69447,66,66,0,0
69448,72,68,4,4
69449,46,56,-10,10
69450,100,101,-1,1
69451,89,82,7,7
69452,101,101,0,0
69453,63,61,2,2
69454,108,107,1,1
69455,89,92,-3,3
69456,101,97,4,4
69457,94,91,3,3
69458,73,76,-3,3
69459,148,123,25,25
69460,142,137,5,5
69461,92,92,0,0
69462,151,143,8,8
69463,119,114,5,5
69464,61,65,-4,4
69465,124,129,-5,5
69466,46,58,-12,12
69467,67,73,-6,6
69468,46,64,-18,18
69469,81,80,1,1
69470,104,107,-3,3
69471,47,49,-2,2
69472,88,85,3,3
69473,115,81,34,34
69474,92,110,-18,18
69475,100,86,14,14
69476,141,137,4,4
69477,107,108,-1,1
69478,127,114,13,13
69479,117,124,-7,7
69480,72,75,-3,3
69481,81,84,-3,3
69482,100,127,-27,27
69483,84,102,-18,18
69484,70,65,5,5
69485,152,140,12,12
69486,32,50,-18,18
69487,121,125,-4,4
69488,69,68,1,1
69489,63,65,-2,2
69490,76,75,1,1
69491,81,86,-5,5
69492,106,101,5,5
69493,69,79,-10,10
69494,54,56,-2,2
69495,92,89,3,3
69496,61,64,-3,3
69497,141,131,10,10
69498,78,75,3,3
69499,124,143,-19,19
69500,94,92,2,2
69501,66,70,-4,4
69502,156,164,-8,8
69503,80,101,-21,21
69504,84,87,-3,3
69505,161,161,0,0
69506,106,98,8,8
69507,98,99,-1,1
69508,108,105,3,3
69509,109,101,8,8
69510,85,82,3,3
69511,74,81,-7,7
69512,74,75,-1,1
69513,88,100,-12,12
69514,128,122,6,6
69515,93,91,2,2
69516,140,137,3,3
69517,109,106,3,3
69518,58,55,3,3
69519,73,65,8,8
69520,86,85,1,1
69521,94,90,4,4
69522,332,320,12,12
69523,112,101,11,11
69524,48,53,-5,5
69525,73,77,-4,4
69526,116,113,3,3
69527,105,91,14,14
69528,65,68,-3,3
69529,108,102,6,6
69530,83,95,-12,12
69531,81,86,-5,5
69532,155,161,-6,6
69533,110,96,14,14
69534,120,111,9,9
69535,92,84,8,8
69536,152,142,10,10
69537,131,140,-9,9
69538,48,66,-18,18
69539,68,67,1,1
69540,74,72,2,2
69541,86,97,-11,11
69542,148,156,-8,8
69543,188,180,8,8
69544,79,89,-10,10
69545,125,117,8,8
69546,95,82,13,13
69547,63,63,0,0
69548,78,72,6,6
69549,116,116,0,0
69550,83,86,-3,3
69551,68,68,0,0
69552,104,110,-6,6
69553,107,107,0,0
69554,93,84,9,9
69555,115,113,2,2
69556,105,86,19,19
69557,76,93,-17,17
69558,129,117,12,12
69559,53,53,0,0
69560,78,90,-12,12
69561,108,103,5,5
69562,39,53,-14,14
69563,81,74,7,7
69564,122,128,-6,6
69565,74,68,6,6
69566,63,67,-4,4
69567,115,112,3,3
69568,119,124,-5,5
69569,130,128,2,2
69570,103,129,-26,26
69571,107,109,-2,2
69572,69,78,-9,9
69573,130,121,9,9
69574,98,116,-18,18
69575,126,116,10,10
69576,119,106,13,13
69577,86,91,-5,5
69578,211,207,4,4
69579,82,85,-3,3
69580,64,63,1,1
69581,96,72,24,24
69582,63,64,-1,1
69583,102,101,1,1
69584,119,126,-7,7
69585,82,91,-9,9
69586,119,111,8,8
69587,64,63,1,1
69588,48,52,-4,4
69589,140,137,3,3
69590,112,108,4,4
69591,93,110,-17,17
69592,88,90,-2,2
69593,93,91,2,2
69594,60,60,0,0
69595,66,61,5,5
69596,48,56,-8,8
69597,101,92,9,9
69598,54,60,-6,6
69599,99,93,6,6
69600,81,79,2,2
69601,155,149,6,6
69602,80,79,1,1
69603,69,72,-3,3
69604,65,75,-10,10
69605,81,91,-10,10
69606,100,104,-4,4
69607,89,100,-11,11
69608,86,89,-3,3
69609,107,113,-6,6
69610,61,65,-4,4
69611,59,57,2,2
69612,51,55,-4,4
69613,147,154,-7,7
69614,127,117,10,10
69615,130,137,-7,7
69616,53,55,-2,2
69617,117,95,22,22
69618,132,128,4,4
69619,119,115,4,4
69620,107,92,15,15
69621,79,94,-15,15
69622,157,155,2,2
69623,125,110,15,15
69624,60,65,-5,5
69625,79,70,9,9
69626,80,86,-6,6
69627,151,138,13,13
69628,109,100,9,9
69629,64,64,0,0
69630,111,99,12,12
69631,44,60,-16,16
69632,95,85,10,10
69633,137,130,7,7
69634,121,103,18,18
69635,51,56,-5,5
69636,53,65,-12,12
69637,93,91,2,2
69638,91,94,-3,3
69639,125,117,8,8
69640,59,63,-4,4
69641,63,60,3,3
69642,111,96,15,15
69643,117,120,-3,3
69644,74,73,1,1
69645,117,123,-6,6
69646,65,64,1,1
69647,100,90,10,10
69648,227,219,8,8
69649,145,168,-23,23
69650,82,84,-2,2
69651,93,80,13,13
69652,120,129,-9,9
69653,122,112,10,10
69654,121,116,5,5
69655,106,91,15,15
69656,95,99,-4,4
69657,71,72,-1,1
69658,64,74,-10,10
69659,103,97,6,6
69660,66,80,-14,14
69661,60,64,-4,4
69662,85,85,0,0
69663,110,112,-2,2
69664,109,109,0,0
69665,80,91,-11,11
69666,80,69,11,11
69667,147,152,-5,5
69668,107,113,-6,6
69669,61,61,0,0
69670,163,168,-5,5
69671,60,59,1,1
69672,85,84,1,1
69673,152,163,-11,11
69674,90,88,2,2
69675,81,78,3,3
69676,76,71,5,5
69677,95,89,6,6
69678,70,76,-6,6
69679,101,94,7,7
69680,65,64,1,1
69681,78,87,-9,9
69682,94,97,-3,3
69683,69,69,0,0
69684,161,164,-3,3
69685,97,100,-3,3
69686,66,73,-7,7
69687,171,159,12,12
69688,93,80,13,13
69689,98,92,6,6
69690,101,104,-3,3
69691,97,96,1,1
69692,74,80,-6,6
69693,88,74,14,14
69694,184,180,4,4
69695,74,77,-3,3
69696,65,77,-12,12
69697,193,187,6,6
69698,103,98,5,5
69699,57,62,-5,5
69700,113,133,-20,20
69701,145,165,-20,20
69702,60,59,1,1
69703,128,140,-12,12
69704,89,89,0,0
69705,80,77,3,3
69706,79,74,5,5
69707,114,109,5,5
69708,200,191,9,9
69709,133,130,3,3
69710,114,107,7,7
69711,125,122,3,3
69712,82,79,3,3
69713,90,84,6,6
69714,95,95,0,0
69715,140,145,-5,5
69716,96,103,-7,7
69717,186,182,4,4
69718,89,98,-9,9
69719,57,57,0,0
69720,76,80,-4,4
69721,64,66,-2,2
69722,138,131,7,7
69723,97,89,8,8
69724,95,105,-10,10
69725,157,160,-3,3
69726,76,76,0,0
69727,77,82,-5,5
69728,110,110,0,0
69729,191,179,12,12
69730,70,67,3,3
69731,100,114,-14,14
69732,98,103,-5,5
69733,64,70,-6,6
69734,106,102,4,4
69735,95,98,-3,3
69736,70,77,-7,7
69737,132,118,14,14
69738,43,47,-4,4
69739,177,160,17,17
69740,59,56,3,3
69741,42,50,-8,8
69742,40,47,-7,7
69743,82,83,-1,1
69744,79,85,-6,6
69745,62,73,-11,11
69746,108,101,7,7
69747,103,110,-7,7
69748,92,91,1,1
69749,63,68,-5,5
69750,65,68,-3,3
69751,144,145,-1,1
69752,92,91,1,1
69753,129,129,0,0
69754,137,139,-2,2
69755,122,130,-8,8
69756,48,64,-16,16
69757,85,68,17,17
69758,90,95,-5,5
69759,82,71,11,11
69760,112,103,9,9
69761,85,85,0,0
69762,91,84,7,7
69763,78,81,-3,3
69764,69,70,-1,1
69765,121,110,11,11
69766,68,67,1,1
69767,131,132,-1,1
69768,89,87,2,2
69769,93,90,3,3
69770,54,57,-3,3
69771,136,137,-1,1
69772,35,70,-35,35
69773,178,162,16,16
69774,105,98,7,7
69775,145,146,-1,1
69776,75,82,-7,7
69777,117,107,10,10
69778,63,65,-2,2
69779,132,132,0,0
69780,100,101,-1,1
69781,67,70,-3,3
69782,47,53,-6,6
69783,128,114,14,14
69784,119,126,-7,7
69785,119,121,-2,2
69786,93,83,10,10
69787,121,123,-2,2
69788,79,73,6,6
69789,166,158,8,8
69790,87,77,10,10
69791,85,88,-3,3
69792,80,77,3,3
69793,68,65,3,3
69794,131,137,-6,6
69795,124,122,2,2
69796,146,153,-7,7
69797,71,67,4,4
69798,89,96,-7,7
69799,60,66,-6,6
69800,64,65,-1,1
69801,63,80,-17,17
69802,61,65,-4,4
69803,119,97,22,22
69804,83,86,-3,3
69805,96,99,-3,3
69806,116,135,-19,19
69807,122,119,3,3
69808,102,96,6,6
69809,85,86,-1,1
69810,129,134,-5,5
69811,109,101,8,8
69812,41,48,-7,7
69813,95,102,-7,7
69814,131,108,23,23
69815,98,71,27,27
69816,105,96,9,9
69817,35,52,-17,17
69818,65,62,3,3
69819,69,65,4,4
69820,72,68,4,4
69821,101,103,-2,2
69822,86,85,1,1
69823,103,106,-3,3
69824,110,96,14,14
69825,77,68,9,9
69826,98,74,24,24
69827,107,101,6,6
69828,72,80,-8,8
69829,109,110,-1,1
69830,68,61,7,7
69831,64,59,5,5
69832,158,154,4,4
69833,112,123,-11,11
69834,71,81,-10,10
69835,119,114,5,5
69836,63,62,1,1
69837,66,68,-2,2
69838,90,85,5,5
69839,114,119,-5,5
69840,81,83,-2,2
69841,136,126,10,10
69842,92,90,2,2
69843,46,60,-14,14
69844,48,57,-9,9
69845,99,87,12,12
69846,63,66,-3,3
69847,113,110,3,3
69848,77,79,-2,2
69849,95,110,-15,15
69850,95,93,2,2
69851,92,95,-3,3
69852,77,75,2,2
69853,108,104,4,4
69854,80,79,1,1
69855,106,104,2,2
69856,193,189,4,4
69857,138,125,13,13
69858,146,144,2,2
69859,146,150,-4,4
69860,121,112,9,9
69861,134,122,12,12
69862,92,91,1,1
69863,109,104,5,5
69864,94,100,-6,6
69865,96,102,-6,6
69866,105,120,-15,15
69867,124,127,-3,3
69868,101,95,6,6
69869,63,77,-14,14
69870,91,94,-3,3
69871,75,84,-9,9
69872,89,101,-12,12
69873,134,133,1,1
69874,130,126,4,4
69875,71,81,-10,10
69876,152,156,-4,4
69877,79,63,16,16
69878,82,68,14,14
69879,80,92,-12,12
69880,51,59,-8,8
69881,134,133,1,1
69882,120,108,12,12
69883,88,85,3,3
69884,66,71,-5,5
69885,40,51,-11,11
69886,81,72,9,9
69887,125,115,10,10
69888,57,58,-1,1
69889,127,120,7,7
69890,70,64,6,6
69891,144,101,43,43
69892,100,110,-10,10
69893,190,174,16,16
69894,79,79,0,0
69895,95,70,25,25
69896,86,75,11,11
69897,75,62,13,13
69898,108,102,6,6
69899,74,72,2,2
69900,110,122,-12,12
69901,121,114,7,7
69902,75,78,-3,3
69903,193,174,19,19
69904,102,97,5,5
69905,83,89,-6,6
69906,161,158,3,3
69907,43,70,-27,27
69908,157,181,-24,24
69909,152,160,-8,8
69910,166,156,10,10
69911,61,61,0,0
69912,123,119,4,4
69913,77,66,11,11
69914,76,68,8,8
69915,103,110,-7,7
69916,73,72,1,1
69917,94,97,-3,3
69918,71,76,-5,5
69919,69,79,-10,10
69920,46,48,-2,2
69921,59,60,-1,1
69922,109,102,7,7
69923,166,175,-9,9
69924,65,64,1,1
69925,97,91,6,6
69926,170,156,14,14
69927,76,82,-6,6
69928,79,78,1,1
69929,84,89,-5,5
69930,36,50,-14,14
69931,149,152,-3,3
69932,61,58,3,3
69933,109,110,-1,1
69934,160,144,16,16
69935,96,87,9,9
69936,139,143,-4,4
69937,59,59,0,0
69938,52,56,-4,4
69939,148,136,12,12
69940,90,72,18,18
69941,68,60,8,8
69942,60,67,-7,7
69943,110,110,0,0
69944,80,98,-18,18
69945,37,50,-13,13
69946,75,86,-11,11
69947,62,71,-9,9
69948,66,67,-1,1
69949,99,107,-8,8
69950,105,100,5,5
69951,165,155,10,10
69952,164,164,0,0
69953,93,93,0,0
69954,58,75,-17,17
69955,93,89,4,4
69956,37,52,-15,15
69957,68,73,-5,5
69958,122,125,-3,3
69959,36,46,-10,10
69960,109,111,-2,2
69961,111,104,7,7
69962,39,51,-12,12
69963,139,136,3,3
69964,109,111,-2,2
69965,169,169,0,0
69966,138,138,0,0
69967,104,122,-18,18
69968,170,183,-13,13
69969,66,64,2,2
69970,154,154,0,0
69971,46,65,-19,19
69972,136,126,10,10
69973,81,79,2,2
69974,390,341,49,49
69975,88,84,4,4
69976,66,76,-10,10
69977,69,68,1,1
69978,48,55,-7,7
69979,136,124,12,12
69980,85,85,0,0
69981,73,71,2,2
69982,128,137,-9,9
69983,90,96,-6,6
69984,105,107,-2,2
69985,127,123,4,4
69986,102,105,-3,3
69987,111,108,3,3
69988,110,98,12,12
69989,92,87,5,5
69990,66,102,-36,36
69991,103,100,3,3
69992,111,104,7,7
69993,120,121,-1,1
69994,96,100,-4,4
69995,141,138,3,3
69996,89,102,-13,13
69997,66,68,-2,2
69998,95,86,9,9
69999,83,94,-11,11
70000,62,59,3,3
70001,136,142,-6,6
70002,99,93,6,6
70003,78,70,8,8
70004,79,85,-6,6
70005,86,81,5,5
70006,70,68,2,2
70007,128,133,-5,5
70008,100,81,19,19
70009,116,104,12,12
70010,165,182,-17,17
70011,125,122,3,3
70012,63,72,-9,9
70013,93,100,-7,7
70014,135,123,12,12
70015,61,60,1,1
70016,55,67,-12,12
70017,95,90,5,5
70018,98,98,0,0
70019,54,57,-3,3
70020,85,90,-5,5
70021,96,89,7,7
70022,132,133,-1,1
70023,81,84,-3,3
70024,57,58,-1,1
70025,71,64,7,7
70026,92,91,1,1
70027,99,86,13,13
70028,87,84,3,3
70029,116,101,15,15
70030,46,52,-6,6
70031,29,45,-16,16
70032,163,172,-9,9
70033,110,102,8,8
70034,68,67,1,1
70035,62,64,-2,2
70036,60,55,5,5
70037,91,97,-6,6
70038,35,47,-12,12
70039,61,68,-7,7
70040,101,86,15,15
70041,135,131,4,4
70042,169,174,-5,5
70043,122,113,9,9
70044,182,178,4,4
70045,86,89,-3,3
70046,121,116,5,5
70047,65,64,1,1
70048,84,87,-3,3
70049,98,90,8,8
70050,61,64,-3,3
70051,71,83,-12,12
70052,54,58,-4,4
70053,130,119,11,11
70054,47,53,-6,6
70055,78,78,0,0
70056,83,72,11,11
70057,119,108,11,11
70058,86,80,6,6
70059,92,94,-2,2
70060,76,73,3,3
70061,80,83,-3,3
70062,103,95,8,8
70063,113,111,2,2
70064,79,85,-6,6
70065,68,71,-3,3
70066,115,112,3,3
70067,62,70,-8,8
70068,107,117,-10,10
70069,115,106,9,9
70070,138,140,-2,2
70071,115,122,-7,7
70072,117,107,10,10
70073,92,143,-51,51
70074,122,114,8,8
70075,54,56,-2,2
70076,76,76,0,0
70077,96,92,4,4
70078,57,64,-7,7
70079,108,109,-1,1
70080,104,110,-6,6
70081,107,104,3,3
70082,66,61,5,5
70083,57,62,-5,5
70084,72,70,2,2
70085,63,91,-28,28
70086,119,122,-3,3
70087,123,115,8,8
70088,86,83,3,3
70089,121,104,17,17
70090,72,63,9,9
70091,70,71,-1,1
70092,84,74,10,10
70093,72,78,-6,6
70094,61,57,4,4
70095,128,115,13,13
70096,90,91,-1,1
70097,138,153,-15,15
70098,80,82,-2,2
70099,134,105,29,29
70100,135,137,-2,2
70101,108,106,2,2
70102,114,107,7,7
70103,87,85,2,2
70104,29,57,-28,28
70105,84,84,0,0
70106,139,140,-1,1
70107,126,116,10,10
70108,61,62,-1,1
70109,22,48,-26,26
70110,61,70,-9,9
70111,74,85,-11,11
70112,120,116,4,4
70113,69,68,1,1
70114,61,67,-6,6
70115,88,93,-5,5
70116,102,103,-1,1
70117,107,109,-2,2
70118,103,102,1,1
70119,89,90,-1,1
70120,134,138,-4,4
70121,52,63,-11,11
70122,63,90,-27,27
70123,116,107,9,9
70124,123,131,-8,8
70125,101,93,8,8
70126,58,64,-6,6
70127,95,97,-2,2
70128,66,63,3,3
70129,69,70,-1,1
70130,107,99,8,8
70131,118,130,-12,12
70132,155,141,14,14
70133,75,75,0,0
70134,103,95,8,8
70135,81,77,4,4
70136,94,93,1,1
70137,64,63,1,1
70138,135,131,4,4
70139,116,139,-23,23
70140,213,189,24,24
70141,87,87,0,0
70142,109,127,-18,18
70143,149,148,1,1
70144,81,94,-13,13
70145,78,78,0,0
70146,62,58,4,4
70147,73,75,-2,2
70148,68,63,5,5
70149,103,84,19,19
70150,121,108,13,13
70151,165,152,13,13
70152,105,97,8,8
70153,71,64,7,7
70154,139,148,-9,9
70155,75,103,-28,28
70156,146,156,-10,10
70157,88,94,-6,6
70158,184,184,0,0
70159,122,112,10,10
70160,50,70,-20,20
70161,98,98,0,0
70162,28,77,-49,49
70163,68,61,7,7
70164,34,45,-11,11
70165,88,78,10,10
70166,87,90,-3,3
70167,91,87,4,4
70168,97,94,3,3
70169,93,72,21,21
70170,46,58,-12,12
70171,63,62,1,1
70172,54,59,-5,5
70173,68,72,-4,4
70174,100,116,-16,16
70175,51,52,-1,1
70176,92,95,-3,3
70177,111,114,-3,3
70178,66,64,2,2
70179,60,71,-11,11
70180,66,64,2,2
70181,130,117,13,13
70182,125,113,12,12
70183,134,139,-5,5
70184,139,140,-1,1
70185,105,107,-2,2
70186,70,72,-2,2
70187,106,99,7,7
70188,146,132,14,14
70189,144,143,1,1
70190,108,128,-20,20
70191,77,77,0,0
70192,99,91,8,8
70193,79,78,1,1
70194,65,65,0,0
70195,65,81,-16,16
70196,89,100,-11,11
70197,128,117,11,11
70198,95,121,-26,26
70199,131,144,-13,13
70200,48,49,-1,1
70201,127,116,11,11
70202,102,106,-4,4
70203,127,125,2,2
70204,53,56,-3,3
70205,148,134,14,14
70206,173,162,11,11
70207,110,106,4,4
70208,61,64,-3,3
70209,65,66,-1,1
70210,83,81,2,2
70211,125,127,-2,2
70212,94,91,3,3
70213,82,78,4,4
70214,95,91,4,4
70215,48,60,-12,12
70216,112,111,1,1
70217,74,71,3,3
70218,114,107,7,7
70219,64,68,-4,4
70220,109,100,9,9
70221,163,156,7,7
70222,136,136,0,0
70223,218,199,19,19
70224,114,105,9,9
70225,152,152,0,0
70226,115,119,-4,4
70227,70,75,-5,5
70228,76,74,2,2
70229,101,101,0,0
70230,122,112,10,10
70231,95,88,7,7
70232,112,146,-34,34
70233,114,111,3,3
70234,93,93,0,0
70235,56,66,-10,10
70236,110,118,-8,8
70237,97,98,-1,1
70238,86,95,-9,9
70239,87,83,4,4
70240,55,66,-11,11
70241,183,201,-18,18
70242,99,99,0,0
70243,102,99,3,3
70244,113,108,5,5
70245,95,94,1,1
70246,191,173,18,18
70247,82,85,-3,3
70248,55,55,0,0
70249,60,62,-2,2
70250,81,76,5,5
70251,87,86,1,1
70252,142,147,-5,5
70253,97,86,11,11
70254,116,100,16,16
70255,73,69,4,4
70256,87,92,-5,5
70257,102,95,7,7
70258,57,60,-3,3
70259,56,62,-6,6
70260,193,164,29,29
70261,99,101,-2,2
70262,61,66,-5,5
70263,90,88,2,2
70264,129,136,-7,7
70265,86,88,-2,2
70266,68,78,-10,10
70267,106,95,11,11
70268,101,113,-12,12
70269,139,132,7,7
70270,97,107,-10,10
70271,79,87,-8,8
70272,54,61,-7,7
70273,47,53,-6,6
70274,119,109,10,10
70275,93,90,3,3
70276,70,70,0,0
70277,109,108,1,1
70278,55,67,-12,12
70279,127,138,-11,11
70280,76,77,-1,1
70281,35,48,-13,13
70282,66,67,-1,1
70283,72,74,-2,2
70284,91,102,-11,11
70285,128,137,-9,9
70286,123,126,-3,3
70287,129,127,2,2
70288,106,98,8,8
70289,84,91,-7,7
70290,99,84,15,15
70291,59,55,4,4
70292,54,64,-10,10
70293,120,114,6,6
70294,188,175,13,13
70295,83,80,3,3
70296,146,133,13,13
70297,69,71,-2,2
70298,58,59,-1,1
70299,173,153,20,20
70300,131,119,12,12
70301,150,145,5,5
70302,115,112,3,3
70303,107,99,8,8
70304,131,135,-4,4
70305,101,102,-1,1
70306,105,93,12,12
70307,104,103,1,1
70308,138,128,10,10
70309,62,63,-1,1
70310,88,94,-6,6
70311,44,56,-12,12
70312,116,119,-3,3
70313,84,79,5,5
70314,80,101,-21,21
70315,112,114,-2,2
70316,85,85,0,0
70317,82,73,9,9
70318,101,103,-2,2
70319,123,128,-5,5
70320,137,128,9,9
70321,112,94,18,18
70322,72,74,-2,2
70323,100,96,4,4
70324,106,98,8,8
70325,64,53,11,11
70326,115,106,9,9
70327,44,54,-10,10
70328,112,109,3,3
70329,113,107,6,6
70330,203,187,16,16
70331,113,102,11,11
70332,154,153,1,1
70333,88,91,-3,3
70334,88,100,-12,12
70335,56,58,-2,2
70336,116,115,1,1
70337,104,104,0,0
70338,96,90,6,6
70339,99,97,2,2
70340,98,106,-8,8
70341,128,138,-10,10
70342,79,85,-6,6
70343,97,106,-9,9
70344,68,70,-2,2
70345,93,80,13,13
70346,99,98,1,1
70347,68,72,-4,4
70348,83,78,5,5
70349,85,90,-5,5
70350,89,96,-7,7
70351,95,92,3,3
70352,133,131,2,2
70353,86,84,2,2
70354,94,91,3,3
70355,63,71,-8,8
70356,134,130,4,4
70357,79,82,-3,3
70358,55,53,2,2
70359,82,85,-3,3
70360,60,66,-6,6
70361,63,71,-8,8
70362,179,168,11,11
70363,127,125,2,2
70364,65,61,4,4
70365,101,102,-1,1
70366,112,107,5,5
70367,66,70,-4,4
70368,104,105,-1,1
70369,80,97,-17,17
70370,84,74,10,10
70371,57,60,-3,3
70372,55,57,-2,2
70373,134,129,5,5
70374,125,120,5,5
70375,83,82,1,1
70376,66,68,-2,2
70377,59,80,-21,21
70378,117,113,4,4
70379,103,126,-23,23
70380,101,91,10,10
70381,128,129,-1,1
70382,92,96,-4,4
70383,167,159,8,8
70384,79,78,1,1
70385,121,117,4,4
70386,85,78,7,7
70387,80,62,18,18
70388,26,51,-25,25
70389,52,57,-5,5
70390,58,68,-10,10
70391,137,136,1,1
70392,48,53,-5,5
70393,138,131,7,7
70394,81,65,16,16
70395,132,130,2,2
70396,111,110,1,1
70397,115,115,0,0
70398,129,130,-1,1
70399,125,127,-2,2
70400,138,165,-27,27
70401,51,56,-5,5
70402,131,143,-12,12
70403,164,174,-10,10
70404,107,92,15,15
70405,102,103,-1,1
70406,66,71,-5,5
70407,59,64,-5,5
70408,60,58,2,2
70409,145,142,3,3
70410,143,142,1,1
70411,121,126,-5,5
70412,98,104,-6,6
70413,107,90,17,17
70414,69,66,3,3
70415,154,158,-4,4
70416,93,98,-5,5
70417,93,96,-3,3
70418,41,46,-5,5
70419,103,107,-4,4
70420,81,80,1,1
70421,105,98,7,7
70422,60,56,4,4
70423,90,95,-5,5
70424,76,74,2,2
70425,98,97,1,1
70426,70,70,0,0
70427,49,55,-6,6
70428,113,106,7,7
70429,45,58,-13,13
70430,109,105,4,4
70431,53,58,-5,5
70432,98,82,16,16
70433,70,66,4,4
70434,91,87,4,4
70435,126,118,8,8
70436,68,62,6,6
70437,54,73,-19,19
70438,99,88,11,11
70439,85,88,-3,3
70440,85,79,6,6
70441,93,96,-3,3
70442,69,68,1,1
70443,59,62,-3,3
70444,47,57,-10,10
70445,83,82,1,1
70446,103,111,-8,8
70447,93,88,5,5
70448,125,130,-5,5
70449,97,95,2,2
70450,103,110,-7,7
70451,79,78,1,1
70452,103,113,-10,10
70453,132,124,8,8
70454,165,171,-6,6
70455,132,127,5,5
70456,88,86,2,2
70457,92,89,3,3
70458,75,71,4,4
70459,108,100,8,8
70460,98,93,5,5
70461,133,152,-19,19
70462,75,68,7,7
70463,187,190,-3,3
70464,123,120,3,3
70465,63,77,-14,14
70466,92,105,-13,13
70467,117,116,1,1
70468,98,85,13,13
70469,247,224,23,23
70470,98,101,-3,3
70471,102,87,15,15
70472,66,67,-1,1
70473,62,62,0,0
70474,84,85,-1,1
70475,52,53,-1,1
70476,107,102,5,5
70477,155,146,9,9
70478,118,118,0,0
70479,150,158,-8,8
70480,112,108,4,4
70481,106,107,-1,1
70482,61,64,-3,3
70483,101,102,-1,1
70484,80,68,12,12
70485,65,78,-13,13
70486,86,80,6,6
70487,74,68,6,6
70488,163,148,15,15
70489,100,111,-11,11
70490,44,48,-4,4
70491,86,73,13,13
70492,119,116,3,3
70493,80,75,5,5
70494,57,64,-7,7
70495,136,127,9,9
70496,113,116,-3,3
70497,75,75,0,0
70498,41,64,-23,23
70499,125,142,-17,17
70500,77,71,6,6
70501,97,89,8,8
70502,159,167,-8,8
70503,43,49,-6,6
70504,47,50,-3,3
70505,53,59,-6,6
70506,141,129,12,12
70507,79,84,-5,5
70508,74,76,-2,2
70509,117,117,0,0
70510,39,53,-14,14
70511,74,79,-5,5
70512,131,137,-6,6
70513,95,92,3,3
70514,152,139,13,13
70515,80,83,-3,3
70516,125,108,17,17
70517,114,119,-5,5
70518,113,104,9,9
70519,58,68,-10,10
70520,98,92,6,6
70521,135,128,7,7
70522,88,99,-11,11
70523,147,148,-1,1
70524,83,81,2,2
70525,145,145,0,0
70526,144,145,-1,1
70527,142,131,11,11
70528,65,66,-1,1
70529,59,63,-4,4
70530,116,116,0,0
70531,51,54,-3,3
70532,48,55,-7,7
70533,113,120,-7,7
70534,87,70,17,17
70535,72,79,-7,7
70536,100,98,2,2
70537,66,66,0,0
70538,106,112,-6,6
70539,128,117,11,11
70540,71,65,6,6
70541,69,76,-7,7
70542,117,135,-18,18
70543,125,125,0,0
70544,105,99,6,6
70545,43,59,-16,16
70546,154,164,-10,10
70547,77,77,0,0
70548,104,106,-2,2
70549,112,109,3,3
70550,84,80,4,4
70551,69,69,0,0
70552,135,126,9,9
70553,130,118,12,12
70554,117,122,-5,5
70555,47,57,-10,10
70556,114,118,-4,4
70557,100,105,-5,5
70558,129,138,-9,9
70559,59,61,-2,2
70560,159,155,4,4
70561,61,60,1,1
70562,51,61,-10,10
70563,92,92,0,0
70564,73,75,-2,2
70565,98,79,19,19
70566,117,114,3,3
70567,100,110,-10,10
70568,54,69,-15,15
70569,76,72,4,4
70570,132,132,0,0
70571,178,141,37,37
70572,91,93,-2,2
70573,127,117,10,10
70574,75,71,4,4
70575,70,73,-3,3
70576,124,123,1,1
70577,125,129,-4,4
70578,80,82,-2,2
70579,59,60,-1,1
70580,82,87,-5,5
70581,130,132,-2,2
70582,82,88,-6,6
70583,93,83,10,10
70584,82,86,-4,4
70585,160,149,11,11
70586,83,77,6,6
70587,128,114,14,14
70588,123,111,12,12
70589,98,91,7,7
70590,104,97,7,7
70591,109,103,6,6
70592,48,50,-2,2
70593,62,62,0,0
70594,63,59,4,4
70595,63,68,-5,5
70596,115,107,8,8
70597,94,87,7,7
70598,94,98,-4,4
70599,91,89,2,2
70600,141,146,-5,5
70601,162,155,7,7
70602,91,93,-2,2
70603,88,91,-3,3
70604,117,131,-14,14
70605,52,54,-2,2
70606,57,63,-6,6
70607,106,89,17,17
70608,77,85,-8,8
70609,58,61,-3,3
70610,85,79,6,6
70611,110,103,7,7
70612,74,80,-6,6
70613,97,89,8,8
70614,58,61,-3,3
70615,92,96,-4,4
70616,97,98,-1,1
70617,73,74,-1,1
70618,89,93,-4,4
70619,108,101,7,7
70620,129,123,6,6
70621,83,77,6,6
70622,97,91,6,6
70623,88,84,4,4
70624,88,83,5,5
70625,74,76,-2,2
70626,103,107,-4,4
70627,93,86,7,7
70628,39,52,-13,13
70629,168,158,10,10
70630,102,90,12,12
70631,77,84,-7,7
70632,209,215,-6,6
70633,88,83,5,5
70634,88,90,-2,2
70635,95,100,-5,5
70636,113,106,7,7
70637,109,111,-2,2
70638,93,96,-3,3
70639,167,157,10,10
70640,55,73,-18,18
70641,115,111,4,4
70642,101,104,-3,3
70643,52,60,-8,8
70644,155,159,-4,4
70645,47,58,-11,11
70646,123,127,-4,4
70647,71,67,4,4
70648,109,113,-4,4
70649,63,70,-7,7
70650,132,144,-12,12
70651,74,77,-3,3
70652,89,99,-10,10
70653,131,130,1,1
70654,71,73,-2,2
70655,100,89,11,11
70656,76,87,-11,11
70657,67,67,0,0
70658,121,111,10,10
70659,45,61,-16,16
70660,79,65,14,14
70661,145,148,-3,3
70662,242,212,30,30
70663,64,72,-8,8
70664,146,135,11,11
70665,80,79,1,1
70666,135,140,-5,5
70667,94,91,3,3
70668,88,81,7,7
70669,119,123,-4,4
70670,129,122,7,7
70671,86,83,3,3
70672,60,57,3,3
70673,148,158,-10,10
70674,43,57,-14,14
70675,41,58,-17,17
70676,272,253,19,19
70677,116,99,17,17
70678,86,81,5,5
70679,69,73,-4,4
70680,51,58,-7,7
70681,80,82,-2,2
70682,83,82,1,1
70683,108,101,7,7
70684,66,63,3,3
70685,178,182,-4,4
70686,138,141,-3,3
70687,124,110,14,14
70688,58,60,-2,2
70689,93,91,2,2
70690,135,126,9,9
70691,98,82,16,16
70692,91,84,7,7
70693,83,81,2,2
70694,192,188,4,4
70695,119,106,13,13
70696,44,58,-14,14
70697,83,87,-4,4
70698,75,77,-2,2
70699,216,209,7,7
70700,178,177,1,1
70701,81,83,-2,2
70702,56,64,-8,8
70703,85,85,0,0
70704,87,84,3,3
70705,77,76,1,1
70706,73,77,-4,4
70707,122,122,0,0
70708,169,152,17,17
70709,155,147,8,8
70710,111,109,2,2
70711,37,49,-12,12
70712,116,121,-5,5
70713,107,106,1,1
70714,63,70,-7,7
70715,97,89,8,8
70716,108,93,15,15
70717,94,95,-1,1
70718,56,61,-5,5
70719,49,55,-6,6
70720,87,90,-3,3
70721,110,111,-1,1
70722,89,92,-3,3
70723,87,82,5,5
70724,127,129,-2,2
70725,82,83,-1,1
70726,58,55,3,3
70727,69,71,-2,2
70728,66,61,5,5
70729,62,78,-16,16
70730,80,82,-2,2
70731,62,64,-2,2
70732,46,49,-3,3
70733,48,70,-22,22
70734,77,71,6,6
70735,99,114,-15,15
70736,98,99,-1,1
70737,87,87,0,0
70738,63,68,-5,5
70739,114,119,-5,5
70740,121,129,-8,8
70741,70,73,-3,3
70742,118,106,12,12
70743,116,118,-2,2
70744,89,92,-3,3
70745,100,97,3,3
70746,249,258,-9,9
70747,202,187,15,15
70748,152,147,5,5
70749,140,132,8,8
70750,162,153,9,9
70751,90,87,3,3
70752,132,119,13,13
70753,79,71,8,8
70754,73,70,3,3
70755,115,105,10,10
70756,188,184,4,4
70757,72,72,0,0
70758,112,114,-2,2
70759,131,120,11,11
70760,128,130,-2,2
70761,125,126,-1,1
70762,133,125,8,8
70763,159,152,7,7
70764,96,95,1,1
70765,85,88,-3,3
70766,103,101,2,2
70767,74,70,4,4
70768,139,141,-2,2
70769,114,112,2,2
70770,35,49,-14,14
70771,56,57,-1,1
70772,85,91,-6,6
70773,111,97,14,14
70774,107,108,-1,1
70775,138,140,-2,2
70776,79,73,6,6
70777,89,88,1,1
70778,97,89,8,8
70779,88,83,5,5
70780,77,79,-2,2
70781,83,76,7,7
70782,138,138,0,0
70783,109,109,0,0
70784,58,66,-8,8
70785,65,70,-5,5
70786,97,105,-8,8
70787,95,95,0,0
70788,93,92,1,1
70789,80,84,-4,4
70790,88,77,11,11
70791,104,108,-4,4
70792,72,79,-7,7
70793,75,71,4,4
70794,88,88,0,0
70795,104,113,-9,9
70796,70,70,0,0
70797,83,88,-5,5
70798,108,99,9,9
70799,84,80,4,4
70800,91,97,-6,6
70801,115,115,0,0
70802,80,84,-4,4
70803,122,128,-6,6
70804,116,116,0,0
70805,119,114,5,5
70806,105,100,5,5
70807,80,85,-5,5
70808,63,81,-18,18
70809,108,115,-7,7
70810,73,73,0,0
70811,116,118,-2,2
70812,101,90,11,11
70813,78,80,-2,2
70814,137,140,-3,3
70815,94,100,-6,6
70816,63,59,4,4
70817,122,136,-14,14
70818,145,140,5,5
70819,110,99,11,11
70820,86,85,1,1
70821,160,156,4,4
70822,149,144,5,5
70823,93,86,7,7
70824,77,71,6,6
70825,43,54,-11,11
70826,85,89,-4,4
70827,85,77,8,8
70828,71,68,3,3
70829,68,76,-8,8
70830,85,88,-3,3
70831,74,83,-9,9
70832,152,167,-15,15
70833,161,150,11,11
70834,130,138,-8,8
70835,83,80,3,3
70836,102,103,-1,1
70837,96,105,-9,9
70838,111,115,-4,4
70839,41,47,-6,6
70840,54,60,-6,6
70841,119,115,4,4
70842,89,77,12,12
70843,105,94,11,11
70844,163,157,6,6
70845,102,100,2,2
70846,90,90,0,0
70847,52,65,-13,13
70848,61,62,-1,1
70849,84,97,-13,13
70850,87,92,-5,5
70851,56,69,-13,13
70852,86,98,-12,12
70853,153,148,5,5
70854,130,116,14,14
70855,171,162,9,9
70856,81,85,-4,4
70857,76,71,5,5
70858,82,92,-10,10
70859,114,122,-8,8
70860,103,106,-3,3
70861,98,97,1,1
70862,130,132,-2,2
70863,145,129,16,16
70864,66,80,-14,14
70865,136,115,21,21
70866,96,111,-15,15
70867,35,49,-14,14
70868,77,77,0,0
70869,108,102,6,6
70870,91,104,-13,13
70871,68,75,-7,7
70872,114,115,-1,1
70873,38,54,-16,16
70874,123,103,20,20
70875,81,78,3,3
70876,96,88,8,8
70877,89,87,2,2
70878,129,149,-20,20
70879,93,89,4,4
70880,57,61,-4,4
70881,81,76,5,5
70882,137,129,8,8
70883,83,75,8,8
70884,97,95,2,2
70885,100,101,-1,1
70886,83,85,-2,2
70887,94,89,5,5
70888,87,100,-13,13
70889,154,153,1,1
70890,126,110,16,16
70891,74,74,0,0
70892,87,90,-3,3
70893,62,70,-8,8
70894,61,61,0,0
70895,94,83,11,11
70896,91,81,10,10
70897,67,70,-3,3
70898,87,81,6,6
70899,58,63,-5,5
70900,126,118,8,8
70901,102,95,7,7
70902,97,100,-3,3
70903,60,63,-3,3
70904,84,86,-2,2
70905,168,125,43,43
70906,89,88,1,1
70907,60,60,0,0
70908,99,103,-4,4
70909,119,113,6,6
70910,90,88,2,2
70911,150,152,-2,2
70912,95,96,-1,1
70913,79,81,-2,2
70914,45,53,-8,8
70915,101,97,4,4
70916,123,119,4,4
70917,145,147,-2,2
70918,56,62,-6,6
70919,83,84,-1,1
70920,48,57,-9,9
70921,65,63,2,2
70922,102,108,-6,6
70923,75,71,4,4
70924,194,207,-13,13
70925,55,63,-8,8
70926,61,60,1,1
70927,97,92,5,5
70928,123,129,-6,6
70929,47,54,-7,7
70930,99,114,-15,15
70931,88,86,2,2
70932,65,62,3,3
70933,71,69,2,2
70934,140,137,3,3
70935,113,110,3,3
70936,70,70,0,0
70937,123,125,-2,2
70938,113,101,12,12
70939,170,156,14,14
70940,101,107,-6,6
70941,113,105,8,8
70942,102,93,9,9
70943,74,76,-2,2
70944,73,78,-5,5
70945,90,97,-7,7
70946,62,58,4,4
70947,104,123,-19,19
70948,119,118,1,1
70949,71,65,6,6
70950,129,141,-12,12
70951,48,53,-5,5
70952,149,159,-10,10
70953,63,62,1,1
70954,115,115,0,0
70955,110,112,-2,2
70956,93,118,-25,25
70957,100,102,-2,2
70958,90,91,-1,1
70959,46,56,-10,10
70960,126,121,5,5
70961,99,95,4,4
70962,65,64,1,1
70963,77,77,0,0
70964,70,65,5,5
70965,82,91,-9,9
70966,91,91,0,0
70967,142,133,9,9
70968,73,68,5,5
70969,146,139,7,7
70970,106,104,2,2
70971,185,187,-2,2
70972,72,71,1,1
70973,119,106,13,13
70974,56,60,-4,4
70975,110,103,7,7
70976,94,90,4,4
70977,79,88,-9,9
70978,50,50,0,0
70979,86,84,2,2
70980,73,71,2,2
70981,81,80,1,1
70982,68,73,-5,5
70983,69,72,-3,3
70984,135,124,11,11
70985,162,135,27,27
70986,107,102,5,5
70987,74,77,-3,3
70988,61,65,-4,4
70989,101,90,11,11
70990,70,66,4,4
70991,101,121,-20,20
70992,61,65,-4,4
70993,103,102,1,1
70994,47,109,-62,62
70995,87,85,2,2
70996,73,74,-1,1
70997,100,87,13,13
70998,97,85,12,12
70999,75,77,-2,2
71000,77,75,2,2
71001,59,57,2,2
71002,136,140,-4,4
71003,44,50,-6,6
71004,149,142,7,7
71005,85,87,-2,2
71006,132,135,-3,3
71007,54,58,-4,4
71008,98,93,5,5
71009,102,109,-7,7
71010,122,120,2,2
71011,70,67,3,3
71012,121,125,-4,4
71013,86,88,-2,2
71014,99,97,2,2
71015,71,66,5,5
71016,113,107,6,6
71017,100,100,0,0
71018,61,58,3,3
71019,69,76,-7,7
71020,103,115,-12,12
71021,122,142,-20,20
71022,90,82,8,8
71023,113,101,12,12
71024,99,109,-10,10
71025,100,88,12,12
71026,77,82,-5,5
71027,84,81,3,3
71028,101,94,7,7
71029,86,87,-1,1
71030,43,49,-6,6
71031,73,81,-8,8
71032,128,124,4,4
71033,81,72,9,9
71034,67,58,9,9
71035,137,132,5,5
71036,77,77,0,0
71037,52,61,-9,9
71038,103,111,-8,8
71039,107,108,-1,1
71040,101,94,7,7
71041,80,80,0,0
71042,114,115,-1,1
71043,112,119,-7,7
71044,118,104,14,14
71045,110,109,1,1
71046,88,83,5,5
71047,63,92,-29,29
71048,125,116,9,9
71049,126,115,11,11
71050,68,75,-7,7
71051,59,66,-7,7
71052,69,74,-5,5
71053,90,81,9,9
71054,108,113,-5,5
71055,80,85,-5,5
71056,63,67,-4,4
71057,52,54,-2,2
71058,72,77,-5,5
71059,76,80,-4,4
71060,92,87,5,5
71061,133,163,-30,30
71062,65,70,-5,5
71063,69,69,0,0
71064,121,112,9,9
71065,92,89,3,3
71066,67,67,0,0
71067,134,129,5,5
71068,81,76,5,5
71069,68,80,-12,12
71070,67,68,-1,1
71071,52,58,-6,6
71072,107,105,2,2
71073,120,116,4,4
71074,133,134,-1,1
71075,150,138,12,12
71076,124,141,-17,17
71077,86,87,-1,1
71078,29,52,-23,23
71079,170,158,12,12
71080,88,88,0,0
71081,158,152,6,6
71082,58,60,-2,2
71083,129,124,5,5
71084,94,92,2,2
71085,116,115,1,1
71086,159,154,5,5
71087,86,81,5,5
71088,174,177,-3,3
71089,104,97,7,7
71090,90,82,8,8
71091,101,97,4,4
71092,107,111,-4,4
71093,133,118,15,15
71094,70,68,2,2
71095,100,100,0,0
71096,174,175,-1,1
71097,41,54,-13,13
71098,85,85,0,0
71099,76,72,4,4
71100,73,74,-1,1
71101,131,129,2,2
71102,83,81,2,2
71103,88,94,-6,6
71104,128,130,-2,2
71105,86,88,-2,2
71106,163,161,2,2
71107,104,104,0,0
71108,50,54,-4,4
71109,114,93,21,21
71110,108,110,-2,2
71111,72,76,-4,4
71112,63,63,0,0
71113,51,56,-5,5
71114,94,94,0,0
71115,76,73,3,3
71116,39,48,-9,9
71117,100,98,2,2
71118,64,66,-2,2
71119,87,84,3,3
71120,112,108,4,4
71121,105,107,-2,2
71122,84,87,-3,3
71123,135,133,2,2
71124,66,61,5,5
71125,164,159,5,5
71126,53,57,-4,4
71127,131,122,9,9
71128,97,95,2,2
71129,44,58,-14,14
71130,85,87,-2,2
71131,58,55,3,3
71132,105,112,-7,7
71133,51,52,-1,1
71134,67,69,-2,2
71135,82,94,-12,12
71136,100,94,6,6
71137,154,140,14,14
71138,89,96,-7,7
71139,88,82,6,6
71140,104,87,17,17
71141,82,67,15,15
71142,97,95,2,2
71143,87,105,-18,18
71144,71,63,8,8
71145,87,93,-6,6
71146,71,72,-1,1
71147,168,161,7,7
71148,124,115,9,9
71149,75,72,3,3
71150,137,112,25,25
71151,131,125,6,6
71152,161,168,-7,7
71153,80,77,3,3
71154,109,107,2,2
71155,65,65,0,0
71156,152,150,2,2
71157,120,113,7,7
71158,116,114,2,2
71159,82,100,-18,18
71160,214,196,18,18
71161,75,73,2,2
71162,95,85,10,10
71163,120,114,6,6
71164,126,128,-2,2
71165,112,110,2,2
71166,115,127,-12,12
71167,94,87,7,7
71168,84,87,-3,3
71169,99,103,-4,4
71170,69,66,3,3
71171,62,60,2,2
71172,106,106,0,0
71173,110,101,9,9
71174,78,80,-2,2
71175,161,193,-32,32
71176,140,105,35,35
71177,83,100,-17,17
71178,110,102,8,8
71179,50,55,-5,5
71180,160,148,12,12
71181,93,87,6,6
71182,161,161,0,0
71183,37,49,-12,12
71184,58,52,6,6
71185,109,123,-14,14
71186,99,103,-4,4
71187,124,149,-25,25
71188,65,64,1,1
71189,113,105,8,8
71190,114,123,-9,9
71191,127,118,9,9
71192,99,89,10,10
71193,83,77,6,6
71194,74,78,-4,4
71195,112,117,-5,5
71196,76,73,3,3
71197,86,82,4,4
71198,59,66,-7,7
71199,185,165,20,20
71200,113,91,22,22
71201,90,91,-1,1
71202,60,66,-6,6
71203,136,120,16,16
71204,94,93,1,1
71205,100,91,9,9
71206,93,90,3,3
71207,80,80,0,0
71208,138,123,15,15
71209,123,119,4,4
71210,84,85,-1,1
71211,96,103,-7,7
71212,123,118,5,5
71213,46,84,-38,38
71214,54,58,-4,4
71215,135,136,-1,1
71216,135,116,19,19
71217,79,81,-2,2
71218,127,119,8,8
71219,75,79,-4,4
71220,43,67,-24,24
71221,107,90,17,17
71222,86,79,7,7
71223,114,115,-1,1
71224,56,51,5,5
71225,80,79,1,1
71226,86,82,4,4
71227,62,60,2,2
71228,78,68,10,10
71229,158,162,-4,4
71230,96,111,-15,15
71231,88,87,1,1
71232,62,59,3,3
71233,116,106,10,10
71234,103,104,-1,1
71235,108,119,-11,11
71236,96,92,4,4
71237,65,65,0,0
71238,64,71,-7,7
71239,136,127,9,9
71240,92,98,-6,6
71241,66,63,3,3
71242,106,106,0,0
71243,168,152,16,16
71244,91,90,1,1
71245,90,95,-5,5
71246,83,83,0,0
71247,198,188,10,10
71248,98,99,-1,1
71249,116,98,18,18
71250,77,84,-7,7
71251,95,97,-2,2
71252,113,113,0,0
71253,102,99,3,3
71254,54,54,0,0
71255,138,144,-6,6
71256,76,74,2,2
71257,58,59,-1,1
71258,74,73,1,1
71259,93,92,1,1
71260,56,74,-18,18
71261,139,146,-7,7
71262,169,168,1,1
71263,131,133,-2,2
71264,64,51,13,13
71265,89,94,-5,5
71266,111,101,10,10
71267,149,146,3,3
71268,86,80,6,6
71269,67,90,-23,23
71270,54,57,-3,3
71271,47,57,-10,10
71272,43,55,-12,12
71273,90,94,-4,4
71274,139,128,11,11
71275,62,64,-2,2
71276,67,74,-7,7
71277,75,78,-3,3
71278,87,85,2,2
71279,82,82,0,0
71280,41,50,-9,9
71281,86,86,0,0
71282,151,139,12,12
71283,87,83,4,4
71284,107,107,0,0
71285,67,64,3,3
71286,90,100,-10,10
71287,133,131,2,2
71288,42,47,-5,5
71289,124,115,9,9
71290,66,63,3,3
71291,74,75,-1,1
71292,54,52,2,2
71293,123,122,1,1
71294,137,137,0,0
71295,67,64,3,3
71296,113,120,-7,7
71297,103,94,9,9
71298,161,147,14,14
71299,114,106,8,8
71300,112,113,-1,1
71301,103,104,-1,1
71302,112,113,-1,1
71303,123,129,-6,6
71304,65,67,-2,2
71305,97,88,9,9
71306,68,61,7,7
71307,69,86,-17,17
71308,69,65,4,4
71309,143,135,8,8
71310,107,106,1,1
71311,59,79,-20,20
71312,125,120,5,5
71313,57,63,-6,6
71314,108,112,-4,4
71315,86,87,-1,1
71316,98,94,4,4
71317,82,80,2,2
71318,87,121,-34,34
71319,65,68,-3,3
71320,96,90,6,6
71321,60,56,4,4
71322,77,78,-1,1
71323,81,78,3,3
71324,147,145,2,2
71325,75,64,11,11
71326,75,70,5,5
71327,85,94,-9,9
71328,94,94,0,0
71329,158,158,0,0
71330,103,83,20,20
71331,125,115,10,10
71332,119,147,-28,28
71333,109,106,3,3
71334,64,58,6,6
71335,74,77,-3,3
71336,33,47,-14,14
71337,104,104,0,0
71338,73,80,-7,7
71339,148,130,18,18
71340,57,63,-6,6
71341,62,60,2,2
71342,143,140,3,3
71343,96,112,-16,16
71344,61,64,-3,3
71345,126,127,-1,1
71346,66,82,-16,16
71347,97,104,-7,7
71348,58,63,-5,5
71349,85,87,-2,2
71350,207,176,31,31
71351,114,109,5,5
71352,105,105,0,0
71353,92,93,-1,1
71354,80,78,2,2
71355,97,94,3,3
71356,93,91,2,2
71357,55,55,0,0
71358,89,81,8,8
71359,116,116,0,0
71360,98,99,-1,1
71361,79,73,6,6
71362,127,128,-1,1
71363,112,107,5,5
71364,131,114,17,17
71365,92,95,-3,3
71366,81,79,2,2
71367,236,221,15,15
71368,110,126,-16,16
71369,66,71,-5,5
71370,100,106,-6,6
71371,98,99,-1,1
71372,118,111,7,7
71373,91,98,-7,7
71374,162,146,16,16
71375,77,74,3,3
71376,67,69,-2,2
71377,131,128,3,3
71378,103,106,-3,3
71379,57,61,-4,4
71380,93,86,7,7
71381,72,79,-7,7
71382,67,58,9,9
71383,49,60,-11,11
71384,72,70,2,2
71385,56,56,0,0
71386,154,178,-24,24
71387,72,79,-7,7
71388,44,59,-15,15
71389,97,96,1,1
71390,173,147,26,26
71391,151,145,6,6
71392,92,88,4,4
71393,41,61,-20,20
71394,101,108,-7,7
71395,151,134,17,17
71396,112,101,11,11
71397,82,84,-2,2
71398,147,140,7,7
71399,104,87,17,17
71400,156,146,10,10
71401,69,66,3,3
71402,88,91,-3,3
71403,49,59,-10,10
71404,72,75,-3,3
71405,87,86,1,1
71406,83,77,6,6
71407,78,68,10,10
71408,109,110,-1,1
71409,118,129,-11,11
71410,146,188,-42,42
71411,95,89,6,6
71412,139,134,5,5
71413,112,115,-3,3
71414,74,80,-6,6
71415,101,108,-7,7
71416,69,68,1,1
71417,60,62,-2,2
71418,52,52,0,0
71419,70,71,-1,1
71420,52,51,1,1
71421,93,94,-1,1
71422,75,77,-2,2
71423,50,65,-15,15
71424,64,66,-2,2
71425,167,149,18,18
71426,59,61,-2,2
71427,117,120,-3,3
71428,97,96,1,1
71429,93,96,-3,3
71430,70,74,-4,4
71431,91,83,8,8
71432,52,53,-1,1
71433,97,104,-7,7
71434,66,58,8,8
71435,91,90,1,1
71436,72,110,-38,38
71437,113,107,6,6
71438,91,87,4,4
71439,50,62,-12,12
71440,85,105,-20,20
71441,167,159,8,8
71442,78,77,1,1
71443,149,143,6,6
71444,102,97,5,5
71445,116,114,2,2
71446,69,77,-8,8
71447,63,64,-1,1
71448,108,113,-5,5
71449,81,77,4,4
71450,82,81,1,1
71451,113,114,-1,1
71452,83,85,-2,2
71453,97,89,8,8
71454,78,95,-17,17
71455,102,101,1,1
71456,109,118,-9,9
71457,64,72,-8,8
71458,98,95,3,3
71459,156,139,17,17
71460,126,128,-2,2
71461,90,90,0,0
71462,122,120,2,2
71463,67,73,-6,6
71464,60,62,-2,2
71465,60,63,-3,3
71466,73,72,1,1
71467,135,139,-4,4
71468,116,113,3,3
71469,92,86,6,6
71470,116,115,1,1
71471,76,75,1,1
71472,137,133,4,4
71473,38,52,-14,14
71474,212,198,14,14
71475,115,113,2,2
71476,170,164,6,6
71477,140,159,-19,19
71478,194,167,27,27
71479,119,117,2,2
71480,46,53,-7,7
71481,67,67,0,0
71482,114,109,5,5
71483,107,125,-18,18
71484,83,100,-17,17
71485,103,97,6,6
71486,75,84,-9,9
71487,117,144,-27,27
71488,59,56,3,3
71489,68,92,-24,24
71490,117,121,-4,4
71491,142,128,14,14
71492,50,55,-5,5
71493,72,74,-2,2
71494,114,128,-14,14
71495,161,158,3,3
71496,104,101,3,3
71497,241,225,16,16
71498,72,75,-3,3
71499,89,94,-5,5
71500,76,78,-2,2
71501,97,96,1,1
71502,93,84,9,9
71503,73,65,8,8
71504,67,58,9,9
71505,89,91,-2,2
71506,91,92,-1,1
71507,112,113,-1,1
71508,156,159,-3,3
71509,59,61,-2,2
71510,71,77,-6,6
71511,35,46,-11,11
71512,60,61,-1,1
71513,151,158,-7,7
71514,83,84,-1,1
71515,114,119,-5,5
71516,66,60,6,6
71517,68,75,-7,7
71518,128,125,3,3
71519,168,149,19,19
71520,84,83,1,1
71521,87,85,2,2
71522,94,90,4,4
71523,44,56,-12,12
71524,93,97,-4,4
71525,135,126,9,9
71526,80,76,4,4
71527,105,96,9,9
71528,86,90,-4,4
71529,115,116,-1,1
71530,183,171,12,12
71531,120,112,8,8
71532,25,62,-37,37
71533,53,57,-4,4
71534,131,114,17,17
71535,164,154,10,10
71536,74,75,-1,1
71537,125,122,3,3
71538,91,101,-10,10
71539,106,93,13,13
71540,95,91,4,4
71541,75,69,6,6
71542,114,106,8,8
71543,70,68,2,2
71544,89,81,8,8
71545,37,47,-10,10
71546,90,84,6,6
71547,60,64,-4,4
71548,106,109,-3,3
71549,59,67,-8,8
71550,114,123,-9,9
71551,69,63,6,6
71552,96,99,-3,3
71553,90,67,23,23
71554,132,145,-13,13
71555,117,120,-3,3
71556,78,80,-2,2
71557,63,68,-5,5
71558,96,103,-7,7
71559,132,107,25,25
71560,83,78,5,5
71561,114,108,6,6
71562,109,102,7,7
71563,97,88,9,9
71564,81,83,-2,2
71565,95,92,3,3
71566,82,85,-3,3
71567,127,135,-8,8
71568,108,108,0,0
71569,91,105,-14,14
71570,87,84,3,3
71571,92,88,4,4
71572,165,158,7,7
71573,85,84,1,1
71574,50,56,-6,6
71575,62,62,0,0
71576,97,100,-3,3
71577,87,90,-3,3
71578,66,64,2,2
71579,76,75,1,1
71580,75,78,-3,3
71581,172,163,9,9
71582,45,52,-7,7
71583,86,90,-4,4
71584,73,84,-11,11
71585,189,169,20,20
71586,65,65,0,0
71587,76,75,1,1
71588,95,95,0,0
71589,95,86,9,9
71590,87,85,2,2
71591,108,108,0,0
71592,91,82,9,9
71593,69,76,-7,7
71594,141,147,-6,6
71595,75,78,-3,3
71596,82,85,-3,3
71597,55,57,-2,2
71598,55,67,-12,12
71599,121,120,1,1
71600,55,57,-2,2
71601,131,120,11,11
71602,111,102,9,9
71603,52,61,-9,9
71604,141,130,11,11
71605,82,80,2,2
71606,49,54,-5,5
71607,67,78,-11,11
71608,65,66,-1,1
71609,116,119,-3,3
71610,112,113,-1,1
71611,117,113,4,4
71612,137,135,2,2
71613,95,103,-8,8
71614,59,63,-4,4
71615,84,91,-7,7
71616,89,78,11,11
71617,137,138,-1,1
71618,194,166,28,28
71619,144,133,11,11
71620,106,96,10,10
71621,122,110,12,12
71622,67,73,-6,6
71623,104,106,-2,2
71624,114,111,3,3
71625,84,95,-11,11
71626,49,64,-15,15
71627,232,196,36,36
71628,79,74,5,5
71629,101,106,-5,5
71630,105,103,2,2
71631,104,105,-1,1
71632,221,190,31,31
71633,124,110,14,14
71634,154,146,8,8
71635,110,105,5,5
71636,75,77,-2,2
71637,175,166,9,9
71638,162,165,-3,3
71639,169,153,16,16
71640,82,89,-7,7
71641,69,67,2,2
71642,63,65,-2,2
71643,101,105,-4,4
71644,59,61,-2,2
71645,123,126,-3,3
71646,105,112,-7,7
71647,99,90,9,9
71648,58,65,-7,7
71649,103,98,5,5
71650,77,85,-8,8
71651,64,58,6,6
71652,49,60,-11,11
71653,96,95,1,1
71654,78,77,1,1
71655,124,131,-7,7
71656,66,87,-21,21
71657,163,155,8,8
71658,140,150,-10,10
71659,77,78,-1,1
71660,55,62,-7,7
71661,64,59,5,5
71662,73,77,-4,4
71663,86,87,-1,1
71664,87,85,2,2
71665,80,83,-3,3
71666,74,79,-5,5
71667,69,61,8,8
71668,118,119,-1,1
71669,74,79,-5,5
71670,162,160,2,2
71671,63,67,-4,4
71672,88,85,3,3
71673,105,102,3,3
71674,70,61,9,9
71675,86,91,-5,5
71676,82,81,1,1
71677,181,184,-3,3
71678,60,61,-1,1
71679,139,139,0,0
71680,45,48,-3,3
71681,84,84,0,0
71682,87,81,6,6
71683,94,85,9,9
71684,94,94,0,0
71685,102,126,-24,24
71686,82,83,-1,1
71687,102,91,11,11
71688,51,51,0,0
71689,91,86,5,5
71690,92,90,2,2
71691,119,119,0,0
71692,98,104,-6,6
71693,92,86,6,6
71694,144,139,5,5
71695,117,124,-7,7
71696,61,61,0,0
71697,55,58,-3,3
71698,89,83,6,6
71699,83,86,-3,3
71700,122,111,11,11
71701,101,104,-3,3
71702,71,72,-1,1
71703,183,180,3,3
71704,79,80,-1,1
71705,68,80,-12,12
71706,124,122,2,2
71707,96,90,6,6
71708,82,78,4,4
71709,99,109,-10,10
71710,145,125,20,20
71711,143,141,2,2
71712,131,134,-3,3
71713,83,81,2,2
71714,118,131,-13,13
71715,65,67,-2,2
71716,52,60,-8,8
71717,78,78,0,0
71718,76,76,0,0
71719,142,130,12,12
71720,90,85,5,5
71721,64,65,-1,1
71722,70,66,4,4
71723,81,90,-9,9
71724,155,149,6,6
71725,94,108,-14,14
71726,64,64,0,0
71727,83,78,5,5
71728,112,109,3,3
71729,112,96,16,16
71730,132,128,4,4
71731,84,78,6,6
71732,63,70,-7,7
71733,78,85,-7,7
71734,143,133,10,10
71735,71,74,-3,3
71736,94,91,3,3
71737,75,76,-1,1
71738,54,67,-13,13
71739,81,71,10,10
71740,72,78,-6,6
71741,95,90,5,5
71742,136,129,7,7
71743,89,85,4,4
71744,66,71,-5,5
71745,95,89,6,6
71746,85,83,2,2
71747,114,117,-3,3
71748,70,64,6,6
71749,70,79,-9,9
71750,115,118,-3,3
71751,139,140,-1,1
71752,104,97,7,7
71753,65,65,0,0
71754,145,133,12,12
71755,108,103,5,5
71756,81,83,-2,2
71757,85,74,11,11
71758,59,68,-9,9
71759,146,154,-8,8
71760,89,102,-13,13
71761,94,91,3,3
71762,82,81,1,1
71763,58,63,-5,5
71764,78,78,0,0
71765,92,82,10,10
71766,65,63,2,2
71767,100,98,2,2
71768,126,124,2,2
71769,115,107,8,8
71770,64,57,7,7
71771,67,73,-6,6
71772,114,105,9,9
71773,73,74,-1,1
71774,86,85,1,1
71775,92,81,11,11
71776,393,389,4,4
71777,121,138,-17,17
71778,77,84,-7,7
71779,106,91,15,15
71780,81,82,-1,1
71781,99,84,15,15
71782,150,147,3,3
71783,98,99,-1,1
71784,107,111,-4,4
71785,59,54,5,5
71786,53,61,-8,8
71787,99,96,3,3
71788,138,136,2,2
71789,58,62,-4,4
71790,85,83,2,2
71791,129,123,6,6
71792,60,59,1,1
71793,67,65,2,2
71794,107,98,9,9
71795,42,61,-19,19
71796,73,77,-4,4
71797,81,89,-8,8
71798,154,129,25,25
71799,84,83,1,1
71800,67,70,-3,3
71801,62,57,5,5
71802,93,88,5,5
71803,119,115,4,4
71804,112,107,5,5
71805,146,141,5,5
71806,45,55,-10,10
71807,127,120,7,7
71808,87,84,3,3
71809,122,119,3,3
71810,83,78,5,5
71811,116,112,4,4
71812,95,102,-7,7
71813,101,102,-1,1
71814,132,133,-1,1
71815,116,110,6,6
71816,79,71,8,8
71817,94,88,6,6
71818,131,123,8,8
71819,61,62,-1,1
71820,66,67,-1,1
71821,78,84,-6,6
71822,145,147,-2,2
71823,166,165,1,1
71824,88,81,7,7
71825,99,92,7,7
71826,85,88,-3,3
71827,62,64,-2,2
71828,85,87,-2,2
71829,103,104,-1,1
71830,123,150,-27,27
71831,43,53,-10,10
71832,89,95,-6,6
71833,61,65,-4,4
71834,65,66,-1,1
71835,81,78,3,3
71836,77,72,5,5
71837,118,118,0,0
71838,53,53,0,0
71839,90,79,11,11
71840,101,117,-16,16
71841,88,86,2,2
71842,136,136,0,0
71843,142,134,8,8
71844,79,72,7,7
71845,124,124,0,0
71846,69,69,0,0
71847,55,56,-1,1
71848,84,87,-3,3
71849,34,47,-13,13
71850,86,79,7,7
71851,67,75,-8,8
71852,234,212,22,22
71853,175,170,5,5
71854,50,54,-4,4
71855,75,67,8,8
71856,61,60,1,1
71857,103,99,4,4
71858,59,56,3,3
71859,83,93,-10,10
71860,50,51,-1,1
71861,89,90,-1,1
71862,65,73,-8,8
71863,140,126,14,14
71864,158,158,0,0
71865,113,113,0,0
71866,118,122,-4,4
71867,172,158,14,14
71868,119,124,-5,5
71869,106,106,0,0
71870,146,147,-1,1
71871,72,71,1,1
71872,84,81,3,3
71873,78,80,-2,2
71874,58,58,0,0
71875,85,77,8,8
71876,137,130,7,7
71877,86,116,-30,30
71878,78,75,3,3
71879,88,94,-6,6
71880,108,103,5,5
71881,104,95,9,9
71882,77,90,-13,13
71883,101,103,-2,2
71884,109,104,5,5
71885,84,77,7,7
71886,70,66,4,4
71887,134,135,-1,1
71888,51,60,-9,9
71889,128,128,0,0
71890,103,113,-10,10
71891,76,79,-3,3
71892,101,110,-9,9
71893,92,94,-2,2
71894,72,78,-6,6
71895,68,76,-8,8
71896,84,85,-1,1
71897,88,87,1,1
71898,119,127,-8,8
71899,56,58,-2,2
71900,31,48,-17,17
71901,91,92,-1,1
71902,163,159,4,4
71903,124,116,8,8
71904,71,66,5,5
71905,101,93,8,8
71906,112,146,-34,34
71907,103,102,1,1
71908,74,71,3,3
71909,57,62,-5,5
71910,137,136,1,1
71911,124,112,12,12
71912,77,89,-12,12
71913,83,80,3,3
71914,66,78,-12,12
71915,110,99,11,11
71916,65,71,-6,6
71917,98,104,-6,6
71918,87,84,3,3
71919,90,85,5,5
71920,140,140,0,0
71921,116,115,1,1
71922,128,120,8,8
71923,73,69,4,4
71924,155,178,-23,23
71925,96,102,-6,6
71926,115,118,-3,3
71927,63,65,-2,2
71928,57,54,3,3
71929,113,122,-9,9
71930,104,93,11,11
71931,53,60,-7,7
71932,62,62,0,0
71933,53,56,-3,3
71934,71,67,4,4
71935,76,78,-2,2
71936,117,112,5,5
71937,57,63,-6,6
71938,79,73,6,6
71939,69,84,-15,15
71940,78,74,4,4
71941,40,60,-20,20
71942,58,76,-18,18
71943,105,99,6,6
71944,87,101,-14,14
71945,118,104,14,14
71946,101,115,-14,14
71947,32,48,-16,16
71948,75,76,-1,1
71949,112,111,1,1
71950,112,100,12,12
71951,124,133,-9,9
71952,68,68,0,0
71953,72,68,4,4
71954,52,58,-6,6
71955,84,81,3,3
71956,78,74,4,4
71957,106,90,16,16
71958,126,128,-2,2
71959,103,104,-1,1
71960,110,96,14,14
71961,91,84,7,7
71962,149,139,10,10
71963,55,56,-1,1
71964,113,108,5,5
71965,72,70,2,2
71966,79,82,-3,3
71967,125,122,3,3
71968,126,119,7,7
71969,156,165,-9,9
71970,69,67,2,2
71971,59,54,5,5
71972,92,108,-16,16
71973,65,67,-2,2
71974,94,94,0,0
71975,76,86,-10,10
71976,145,142,3,3
71977,141,137,4,4
71978,71,72,-1,1
71979,91,88,3,3
71980,56,62,-6,6
71981,107,112,-5,5
71982,73,67,6,6
71983,120,136,-16,16
71984,109,75,34,34
71985,125,120,5,5
71986,80,76,4,4
71987,55,56,-1,1
71988,92,96,-4,4
71989,125,118,7,7
71990,74,76,-2,2
71991,65,72,-7,7
71992,85,87,-2,2
71993,41,55,-14,14
71994,73,84,-11,11
71995,133,106,27,27
71996,48,54,-6,6
71997,81,79,2,2
71998,109,118,-9,9
71999,98,96,2,2
72000,123,123,0,0
72001,103,110,-7,7
72002,79,80,-1,1
72003,60,65,-5,5
72004,93,93,0,0
72005,162,131,31,31
72006,121,114,7,7
72007,113,125,-12,12
72008,64,72,-8,8
72009,61,71,-10,10
72010,110,106,4,4
72011,106,100,6,6
72012,111,106,5,5
72013,72,80,-8,8
72014,50,54,-4,4
72015,58,53,5,5
72016,112,119,-7,7
72017,86,97,-11,11
72018,77,73,4,4
72019,116,116,0,0
72020,77,79,-2,2
72021,156,146,10,10
72022,94,97,-3,3
72023,152,140,12,12
72024,153,151,2,2
72025,91,89,2,2
72026,114,107,7,7
72027,54,58,-4,4
72028,68,64,4,4
72029,108,127,-19,19
72030,144,139,5,5
72031,122,114,8,8
72032,94,99,-5,5
72033,100,93,7,7
72034,63,69,-6,6
72035,109,103,6,6
72036,92,79,13,13
72037,104,97,7,7
72038,80,68,12,12
72039,83,81,2,2
72040,115,117,-2,2
72041,149,155,-6,6
72042,111,113,-2,2
72043,64,71,-7,7
72044,117,105,12,12
72045,68,68,0,0
72046,98,91,7,7
72047,58,60,-2,2
72048,109,99,10,10
72049,84,77,7,7
72050,59,66,-7,7
72051,122,105,17,17
72052,67,69,-2,2
72053,74,69,5,5
72054,65,74,-9,9
72055,95,88,7,7
72056,90,90,0,0
72057,71,69,2,2
72058,46,48,-2,2
72059,37,64,-27,27
72060,128,123,5,5
72061,110,109,1,1
72062,98,106,-8,8
72063,55,54,1,1
72064,118,110,8,8
72065,28,47,-19,19
72066,164,158,6,6
72067,97,100,-3,3
72068,149,133,16,16
72069,100,92,8,8
72070,102,114,-12,12
72071,99,95,4,4
72072,170,149,21,21
72073,124,131,-7,7
72074,109,124,-15,15
72075,146,135,11,11
72076,170,175,-5,5
72077,85,65,20,20
72078,106,99,7,7
72079,96,96,0,0
72080,105,101,4,4
72081,116,105,11,11
72082,61,65,-4,4
72083,114,113,1,1
72084,105,103,2,2
72085,163,173,-10,10
72086,50,55,-5,5
72087,141,116,25,25
72088,79,85,-6,6
72089,129,124,5,5
72090,82,77,5,5
72091,61,61,0,0
72092,69,72,-3,3
72093,62,72,-10,10
72094,93,88,5,5
72095,92,97,-5,5
72096,91,105,-14,14
72097,45,49,-4,4
72098,167,158,9,9
72099,71,70,1,1
72100,43,57,-14,14
72101,122,123,-1,1
72102,73,64,9,9
72103,99,92,7,7
72104,82,80,2,2
72105,119,107,12,12
72106,135,122,13,13
72107,46,51,-5,5
72108,102,92,10,10
72109,66,63,3,3
72110,159,159,0,0
72111,93,89,4,4
72112,93,81,12,12
72113,71,72,-1,1
72114,106,86,20,20
72115,99,91,8,8
72116,145,159,-14,14
72117,102,113,-11,11
72118,146,139,7,7
72119,129,125,4,4
72120,105,115,-10,10
72121,119,109,10,10
72122,49,52,-3,3
72123,114,108,6,6
72124,137,139,-2,2
72125,84,84,0,0
72126,63,63,0,0
72127,120,111,9,9
72128,63,60,3,3
72129,153,145,8,8
72130,73,80,-7,7
72131,110,100,10,10
72132,178,174,4,4
72133,73,100,-27,27
72134,80,73,7,7
72135,98,95,3,3
72136,122,124,-2,2
72137,122,123,-1,1
72138,95,97,-2,2
72139,100,105,-5,5
72140,107,110,-3,3
72141,86,76,10,10
72142,62,58,4,4
72143,77,79,-2,2
72144,49,52,-3,3
72145,68,70,-2,2
72146,25,43,-18,18
72147,83,79,4,4
72148,54,51,3,3
72149,122,123,-1,1
72150,115,120,-5,5
72151,92,84,8,8
72152,120,130,-10,10
72153,161,150,11,11
72154,100,94,6,6
72155,127,130,-3,3
72156,56,58,-2,2
72157,120,117,3,3
72158,319,299,20,20
72159,161,151,10,10
72160,120,109,11,11
72161,119,107,12,12
72162,119,103,16,16
72163,155,137,18,18
72164,90,90,0,0
72165,43,50,-7,7
72166,67,60,7,7
72167,75,64,11,11
72168,86,82,4,4
72169,107,100,7,7
72170,109,107,2,2
72171,105,110,-5,5
72172,120,125,-5,5
72173,57,62,-5,5
72174,81,83,-2,2
72175,114,109,5,5
72176,101,95,6,6
72177,104,95,9,9
72178,105,94,11,11
72179,93,95,-2,2
72180,117,112,5,5
72181,93,88,5,5
72182,60,62,-2,2
72183,81,66,15,15
72184,96,96,0,0
72185,99,101,-2,2
72186,88,79,9,9
72187,113,116,-3,3
72188,91,100,-9,9
72189,142,134,8,8
72190,95,95,0,0
72191,79,82,-3,3
72192,80,94,-14,14
72193,54,56,-2,2
72194,124,117,7,7
72195,86,92,-6,6
72196,154,135,19,19
72197,77,79,-2,2
72198,129,112,17,17
72199,196,169,27,27
72200,78,77,1,1
72201,63,67,-4,4
72202,176,165,11,11
72203,102,102,0,0
72204,102,108,-6,6
72205,92,87,5,5
72206,145,138,7,7
72207,64,63,1,1
72208,100,94,6,6
72209,96,116,-20,20
72210,96,82,14,14
72211,51,51,0,0
72212,61,73,-12,12
72213,129,124,5,5
72214,196,185,11,11
72215,61,63,-2,2
72216,86,86,0,0
72217,69,80,-11,11
72218,121,111,10,10
72219,87,94,-7,7
72220,105,98,7,7
72221,67,83,-16,16
72222,71,85,-14,14
72223,165,154,11,11
72224,132,123,9,9
72225,171,165,6,6
72226,81,75,6,6
72227,142,139,3,3
72228,75,76,-1,1
72229,102,95,7,7
72230,86,89,-3,3
72231,136,127,9,9
72232,63,61,2,2
72233,122,127,-5,5
72234,89,93,-4,4
72235,97,103,-6,6
72236,67,69,-2,2
72237,105,100,5,5
72238,64,62,2,2
72239,85,95,-10,10
72240,99,106,-7,7
72241,80,68,12,12
72242,115,107,8,8
72243,65,66,-1,1
72244,104,89,15,15
72245,115,113,2,2
72246,147,147,0,0
72247,105,103,2,2
72248,141,137,4,4
72249,163,160,3,3
72250,129,121,8,8
72251,90,94,-4,4
72252,73,75,-2,2
72253,101,92,9,9
72254,103,105,-2,2
72255,53,60,-7,7
72256,67,71,-4,4
72257,78,79,-1,1
72258,75,71,4,4
72259,76,77,-1,1
72260,105,103,2,2
72261,103,95,8,8
72262,108,114,-6,6
72263,154,139,15,15
72264,84,87,-3,3
72265,125,121,4,4
72266,71,69,2,2
72267,84,91,-7,7
72268,81,81,0,0
72269,95,96,-1,1
72270,249,217,32,32
72271,101,102,-1,1
72272,69,72,-3,3
72273,109,119,-10,10
72274,76,78,-2,2
72275,92,97,-5,5
72276,56,62,-6,6
72277,85,95,-10,10
72278,51,59,-8,8
72279,117,103,14,14
72280,74,76,-2,2
72281,184,174,10,10
72282,82,86,-4,4
72283,93,99,-6,6
72284,87,80,7,7
72285,56,60,-4,4
72286,65,63,2,2
72287,95,85,10,10
72288,112,118,-6,6
72289,110,111,-1,1
72290,137,138,-1,1
72291,73,74,-1,1
72292,128,118,10,10
72293,99,87,12,12
72294,133,128,5,5
72295,109,108,1,1
72296,74,87,-13,13
72297,99,91,8,8
72298,23,50,-27,27
72299,87,96,-9,9
72300,175,167,8,8
72301,71,76,-5,5
72302,64,71,-7,7
72303,74,83,-9,9
72304,127,125,2,2
72305,136,143,-7,7
72306,114,115,-1,1
72307,143,139,4,4
72308,115,112,3,3
72309,83,91,-8,8
72310,118,116,2,2
72311,64,64,0,0
72312,94,96,-2,2
72313,69,62,7,7
72314,142,136,6,6
72315,75,72,3,3
72316,58,57,1,1
72317,19,45,-26,26
72318,83,88,-5,5
72319,59,62,-3,3
72320,99,98,1,1
72321,69,74,-5,5
72322,95,90,5,5
72323,248,201,47,47
72324,129,125,4,4
72325,45,51,-6,6
72326,129,131,-2,2
72327,99,90,9,9
72328,98,95,3,3
72329,115,121,-6,6
72330,136,139,-3,3
72331,111,104,7,7
72332,98,101,-3,3
72333,85,94,-9,9
72334,141,140,1,1
72335,94,102,-8,8
72336,94,93,1,1
72337,112,121,-9,9
72338,107,110,-3,3
72339,127,127,0,0
72340,113,102,11,11
72341,131,117,14,14
72342,69,73,-4,4
72343,51,57,-6,6
72344,148,139,9,9
72345,79,68,11,11
72346,108,107,1,1
72347,105,113,-8,8
72348,82,99,-17,17
72349,152,164,-12,12
72350,77,86,-9,9
72351,96,106,-10,10
72352,118,131,-13,13
72353,176,174,2,2
72354,161,169,-8,8
72355,74,72,2,2
72356,89,101,-12,12
72357,126,137,-11,11
72358,105,102,3,3
72359,102,102,0,0
72360,74,81,-7,7
72361,122,120,2,2
72362,80,83,-3,3
72363,75,74,1,1
72364,148,147,1,1
72365,129,127,2,2
72366,68,65,3,3
72367,74,89,-15,15
72368,96,85,11,11
72369,88,83,5,5
72370,53,67,-14,14
72371,79,78,1,1
72372,78,76,2,2
72373,69,73,-4,4
72374,134,123,11,11
72375,77,74,3,3
72376,144,127,17,17
72377,102,103,-1,1
72378,112,127,-15,15
72379,122,115,7,7
72380,87,85,2,2
72381,111,116,-5,5
72382,102,99,3,3
72383,73,76,-3,3
72384,86,85,1,1
72385,74,72,2,2
72386,132,122,10,10
72387,128,129,-1,1
72388,130,125,5,5
72389,62,63,-1,1
72390,44,52,-8,8
72391,78,80,-2,2
72392,95,93,2,2
72393,95,83,12,12
72394,116,118,-2,2
72395,80,79,1,1
72396,57,61,-4,4
72397,84,99,-15,15
72398,122,115,7,7
72399,115,121,-6,6
72400,185,165,20,20
72401,144,123,21,21
72402,54,58,-4,4
72403,125,123,2,2
72404,107,111,-4,4
72405,140,149,-9,9
72406,59,62,-3,3
72407,64,67,-3,3
72408,83,86,-3,3
72409,56,56,0,0
72410,79,70,9,9
72411,58,60,-2,2
72412,92,95,-3,3
72413,138,140,-2,2
72414,110,105,5,5
72415,197,181,16,16
72416,102,99,3,3
72417,75,72,3,3
72418,127,117,10,10
72419,95,102,-7,7
72420,64,57,7,7
72421,68,74,-6,6
72422,174,167,7,7
72423,61,63,-2,2
72424,74,68,6,6
72425,106,107,-1,1
72426,60,62,-2,2
72427,73,86,-13,13
72428,92,89,3,3
72429,189,167,22,22
72430,99,90,9,9
72431,147,139,8,8
72432,120,117,3,3
72433,75,77,-2,2
72434,57,60,-3,3
72435,56,54,2,2
72436,73,73,0,0
72437,67,65,2,2
72438,176,163,13,13
72439,131,128,3,3
72440,101,101,0,0
72441,77,74,3,3
72442,90,116,-26,26
72443,106,111,-5,5
72444,120,120,0,0
72445,82,78,4,4
72446,117,117,0,0
72447,57,73,-16,16
72448,57,68,-11,11
72449,104,100,4,4
72450,85,80,5,5
72451,112,116,-4,4
72452,89,91,-2,2
72453,88,104,-16,16
72454,87,75,12,12
72455,103,125,-22,22
72456,151,139,12,12
72457,92,96,-4,4
72458,98,90,8,8
72459,63,77,-14,14
72460,88,90,-2,2
72461,85,81,4,4
72462,29,48,-19,19
72463,88,98,-10,10
72464,105,109,-4,4
72465,108,104,4,4
72466,69,69,0,0
72467,100,98,2,2
72468,67,72,-5,5
72469,78,68,10,10
72470,97,102,-5,5
72471,84,78,6,6
72472,57,66,-9,9
72473,124,117,7,7
72474,117,113,4,4
72475,101,91,10,10
72476,104,107,-3,3
72477,97,108,-11,11
72478,69,65,4,4
72479,105,104,1,1
72480,78,84,-6,6
72481,75,71,4,4
72482,67,66,1,1
72483,182,169,13,13
72484,49,54,-5,5
72485,89,91,-2,2
72486,72,72,0,0
72487,97,100,-3,3
72488,72,70,2,2
72489,66,63,3,3
72490,118,127,-9,9
72491,49,57,-8,8
72492,87,82,5,5
72493,157,138,19,19
72494,63,65,-2,2
72495,69,76,-7,7
72496,163,172,-9,9
72497,221,219,2,2
72498,60,67,-7,7
72499,97,101,-4,4
72500,64,51,13,13
72501,87,100,-13,13
72502,101,103,-2,2
72503,96,95,1,1
72504,111,121,-10,10
72505,67,68,-1,1
72506,112,113,-1,1
72507,92,85,7,7
72508,90,99,-9,9
72509,127,135,-8,8
72510,62,66,-4,4
72511,82,87,-5,5
72512,131,115,16,16
72513,66,62,4,4
72514,122,125,-3,3
72515,80,93,-13,13
72516,83,89,-6,6
72517,71,79,-8,8
72518,76,71,5,5
72519,130,137,-7,7
72520,72,62,10,10
72521,51,52,-1,1
72522,114,120,-6,6
72523,62,71,-9,9
72524,46,54,-8,8
72525,58,69,-11,11
72526,84,96,-12,12
72527,69,69,0,0
72528,59,111,-52,52
72529,65,66,-1,1
72530,175,171,4,4
72531,135,136,-1,1
72532,106,106,0,0
72533,72,80,-8,8
72534,124,126,-2,2
72535,126,122,4,4
72536,120,121,-1,1
72537,92,91,1,1
72538,68,64,4,4
72539,109,105,4,4
72540,74,84,-10,10
72541,61,64,-3,3
72542,96,94,2,2
72543,115,124,-9,9
72544,88,93,-5,5
72545,112,111,1,1
72546,182,161,21,21
72547,156,149,7,7
72548,156,150,6,6
72549,103,87,16,16
72550,89,84,5,5
72551,114,104,10,10
72552,106,95,11,11
72553,85,76,9,9
72554,107,98,9,9
72555,75,70,5,5
72556,84,88,-4,4
72557,120,120,0,0
72558,95,84,11,11
72559,48,60,-12,12
72560,65,61,4,4
72561,59,70,-11,11
72562,85,82,3,3
72563,125,121,4,4
72564,89,83,6,6
72565,92,85,7,7
72566,131,133,-2,2
72567,83,81,2,2
72568,81,75,6,6
72569,82,75,7,7
72570,66,66,0,0
72571,126,131,-5,5
72572,167,157,10,10
72573,103,104,-1,1
72574,119,112,7,7
72575,133,131,2,2
72576,138,142,-4,4
72577,136,130,6,6
72578,57,58,-1,1
72579,111,108,3,3
72580,75,77,-2,2
72581,64,65,-1,1
72582,111,113,-2,2
72583,126,126,0,0
72584,147,140,7,7
72585,188,165,23,23
72586,123,77,46,46
72587,87,96,-9,9
72588,77,78,-1,1
72589,82,76,6,6
72590,83,83,0,0
72591,69,78,-9,9
72592,136,142,-6,6
72593,53,62,-9,9
72594,81,80,1,1
72595,124,123,1,1
72596,111,107,4,4
72597,120,120,0,0
72598,66,76,-10,10
72599,68,70,-2,2
72600,147,158,-11,11
72601,193,176,17,17
72602,62,59,3,3
72603,113,113,0,0
72604,83,82,1,1
72605,114,122,-8,8
72606,138,140,-2,2
72607,63,70,-7,7
72608,153,141,12,12
72609,75,80,-5,5
72610,104,108,-4,4
72611,138,143,-5,5
72612,86,79,7,7
72613,85,86,-1,1
72614,132,132,0,0
72615,86,84,2,2
72616,60,65,-5,5
72617,119,118,1,1
72618,233,210,23,23
72619,125,137,-12,12
72620,128,122,6,6
72621,135,139,-4,4
72622,92,85,7,7
72623,134,127,7,7
72624,108,106,2,2
72625,154,144,10,10
72626,149,150,-1,1
72627,112,105,7,7
72628,117,115,2,2
72629,158,158,0,0
72630,83,79,4,4
72631,92,90,2,2
72632,80,77,3,3
72633,86,90,-4,4
72634,23,47,-24,24
72635,90,89,1,1
72636,129,132,-3,3
72637,122,122,0,0
72638,49,59,-10,10
72639,58,64,-6,6
72640,115,106,9,9
72641,92,90,2,2
72642,146,166,-20,20
72643,69,86,-17,17
72644,107,116,-9,9
72645,152,143,9,9
72646,106,102,4,4
72647,78,80,-2,2
72648,122,111,11,11
72649,97,104,-7,7
72650,62,65,-3,3
72651,125,125,0,0
72652,172,165,7,7
72653,73,76,-3,3
72654,88,86,2,2
72655,69,76,-7,7
72656,72,68,4,4
72657,87,89,-2,2
72658,53,58,-5,5
72659,65,68,-3,3
72660,117,116,1,1
72661,105,109,-4,4
72662,168,160,8,8
72663,83,93,-10,10
72664,65,68,-3,3
72665,108,103,5,5
72666,45,52,-7,7
72667,123,113,10,10
72668,62,67,-5,5
72669,69,72,-3,3
72670,65,69,-4,4
72671,88,99,-11,11
72672,70,72,-2,2
72673,115,112,3,3
72674,68,64,4,4
72675,109,110,-1,1
72676,117,119,-2,2
72677,68,69,-1,1
72678,93,89,4,4
72679,76,70,6,6
72680,147,135,12,12
72681,124,119,5,5
72682,146,142,4,4
72683,104,117,-13,13
72684,85,87,-2,2
72685,107,95,12,12
72686,131,119,12,12
72687,71,69,2,2
72688,78,73,5,5
72689,69,72,-3,3
72690,124,131,-7,7
72691,101,93,8,8
72692,64,57,7,7
72693,69,70,-1,1
72694,60,65,-5,5
72695,97,90,7,7
72696,78,79,-1,1
72697,106,129,-23,23
72698,102,99,3,3
72699,102,97,5,5
72700,135,132,3,3
72701,84,94,-10,10
72702,132,123,9,9
72703,81,70,11,11
72704,55,54,1,1
72705,80,74,6,6
72706,89,104,-15,15
72707,218,401,-183,183
72708,68,62,6,6
72709,136,117,19,19
72710,78,76,2,2
72711,66,70,-4,4
72712,115,116,-1,1
72713,102,93,9,9
72714,64,67,-3,3
72715,32,44,-12,12
72716,61,56,5,5
72717,98,98,0,0
72718,87,76,11,11
72719,75,63,12,12
72720,131,123,8,8
72721,82,90,-8,8
72722,102,94,8,8
72723,68,66,2,2
72724,129,129,0,0
72725,147,143,4,4
72726,54,54,0,0
72727,95,95,0,0
72728,181,172,9,9
72729,102,107,-5,5
72730,49,58,-9,9
72731,100,93,7,7
72732,72,78,-6,6
72733,137,149,-12,12
72734,57,55,2,2
72735,85,79,6,6
72736,69,68,1,1
72737,44,47,-3,3
72738,102,101,1,1
72739,140,139,1,1
72740,59,61,-2,2
72741,59,71,-12,12
72742,67,64,3,3
72743,96,99,-3,3
72744,54,59,-5,5
72745,81,76,5,5
72746,154,149,5,5
72747,134,146,-12,12
72748,100,81,19,19
72749,104,97,7,7
72750,92,102,-10,10
72751,63,67,-4,4
72752,115,98,17,17
72753,55,60,-5,5
72754,163,156,7,7
72755,122,128,-6,6
72756,106,100,6,6
72757,90,96,-6,6
72758,97,98,-1,1
72759,69,71,-2,2
72760,86,85,1,1
72761,87,85,2,2
72762,134,123,11,11
72763,83,89,-6,6
72764,96,100,-4,4
72765,75,72,3,3
72766,91,82,9,9
72767,74,71,3,3
72768,105,104,1,1
72769,109,105,4,4
72770,50,66,-16,16
72771,83,71,12,12
72772,101,99,2,2
72773,98,103,-5,5
72774,78,78,0,0
72775,115,102,13,13
72776,151,143,8,8
72777,50,57,-7,7
72778,111,116,-5,5
72779,75,84,-9,9
72780,191,182,9,9
72781,82,76,6,6
72782,133,125,8,8
72783,131,130,1,1
72784,69,69,0,0
72785,112,105,7,7
72786,52,57,-5,5
72787,109,126,-17,17
72788,82,87,-5,5
72789,106,110,-4,4
72790,36,54,-18,18
72791,84,85,-1,1
72792,103,98,5,5
72793,56,62,-6,6
72794,78,79,-1,1
72795,69,68,1,1
72796,67,67,0,0
72797,83,92,-9,9
72798,103,107,-4,4
72799,84,83,1,1
72800,68,74,-6,6
72801,78,77,1,1
72802,118,111,7,7
72803,112,109,3,3
72804,108,111,-3,3
72805,113,108,5,5
72806,116,101,15,15
72807,67,68,-1,1
72808,110,111,-1,1
72809,100,94,6,6
72810,111,99,12,12
72811,82,86,-4,4
72812,157,155,2,2
72813,75,77,-2,2
72814,102,99,3,3
72815,90,91,-1,1
72816,60,66,-6,6
72817,88,88,0,0
72818,96,97,-1,1
72819,117,138,-21,21
72820,76,83,-7,7
72821,166,149,17,17
72822,187,155,32,32
72823,73,62,11,11
72824,91,97,-6,6
72825,125,126,-1,1
72826,60,63,-3,3
72827,91,87,4,4
72828,99,115,-16,16
72829,80,70,10,10
72830,125,124,1,1
72831,111,115,-4,4
72832,54,56,-2,2
72833,192,177,15,15
72834,159,150,9,9
72835,71,69,2,2
72836,80,83,-3,3
72837,58,60,-2,2
72838,78,70,8,8
72839,146,134,12,12
72840,73,68,5,5
72841,178,160,18,18
72842,94,95,-1,1
72843,131,122,9,9
72844,70,61,9,9
72845,126,129,-3,3
72846,84,86,-2,2
72847,80,84,-4,4
72848,214,189,25,25
72849,111,110,1,1
72850,134,139,-5,5
72851,89,73,16,16
72852,124,144,-20,20
72853,112,106,6,6
72854,94,102,-8,8
72855,110,106,4,4
72856,143,144,-1,1
72857,70,71,-1,1
72858,112,115,-3,3
72859,88,84,4,4
72860,89,80,9,9
72861,78,73,5,5
72862,121,115,6,6
72863,69,70,-1,1
72864,82,81,1,1
72865,137,171,-34,34
72866,116,118,-2,2
72867,169,162,7,7
72868,108,97,11,11
72869,62,64,-2,2
72870,66,85,-19,19
72871,126,120,6,6
72872,77,73,4,4
72873,170,161,9,9
72874,48,56,-8,8
72875,123,114,9,9
72876,135,131,4,4
72877,128,130,-2,2
72878,108,110,-2,2
72879,102,92,10,10
72880,89,89,0,0
72881,68,73,-5,5
72882,83,76,7,7
72883,174,172,2,2
72884,130,110,20,20
72885,176,163,13,13
72886,87,94,-7,7
72887,69,63,6,6
72888,69,73,-4,4
72889,100,88,12,12
72890,164,157,7,7
72891,94,102,-8,8
72892,82,77,5,5
72893,191,186,5,5
72894,99,102,-3,3
72895,78,81,-3,3
72896,68,69,-1,1
72897,121,106,15,15
72898,128,122,6,6
72899,149,145,4,4
72900,164,154,10,10
72901,74,75,-1,1
72902,67,62,5,5
72903,59,66,-7,7
72904,100,116,-16,16
72905,62,72,-10,10
72906,100,102,-2,2
72907,79,80,-1,1
72908,137,156,-19,19
72909,74,76,-2,2
72910,94,95,-1,1
72911,119,101,18,18
72912,103,95,8,8
72913,95,92,3,3
72914,60,54,6,6
72915,111,107,4,4
72916,34,47,-13,13
72917,78,86,-8,8
72918,97,95,2,2
72919,111,112,-1,1
72920,85,89,-4,4
72921,149,142,7,7
72922,90,81,9,9
72923,49,54,-5,5
72924,138,134,4,4
72925,69,68,1,1
72926,79,73,6,6
72927,70,66,4,4
72928,82,82,0,0
72929,79,79,0,0
72930,85,94,-9,9
72931,89,84,5,5
72932,67,69,-2,2
72933,106,115,-9,9
72934,70,80,-10,10
72935,74,79,-5,5
72936,55,61,-6,6
72937,164,164,0,0
72938,77,72,5,5
72939,57,57,0,0
72940,97,110,-13,13
72941,136,147,-11,11
72942,83,81,2,2
72943,66,67,-1,1
72944,92,98,-6,6
72945,92,95,-3,3
72946,71,63,8,8
72947,67,76,-9,9
72948,150,139,11,11
72949,69,73,-4,4
72950,132,125,7,7
72951,194,183,11,11
72952,137,135,2,2
72953,68,69,-1,1
72954,90,95,-5,5
72955,113,110,3,3
72956,61,54,7,7
72957,160,150,10,10
72958,149,148,1,1
72959,48,62,-14,14
72960,128,130,-2,2
72961,102,98,4,4
72962,95,97,-2,2
72963,68,59,9,9
72964,164,155,9,9
72965,92,101,-9,9
72966,100,92,8,8
72967,68,73,-5,5
72968,81,80,1,1
72969,87,80,7,7
72970,121,103,18,18
72971,95,97,-2,2
72972,99,89,10,10
72973,59,67,-8,8
72974,140,131,9,9
72975,109,88,21,21
72976,147,140,7,7
72977,84,82,2,2
72978,111,107,4,4
72979,85,89,-4,4
72980,63,69,-6,6
72981,64,62,2,2
72982,75,72,3,3
72983,136,116,20,20
72984,140,143,-3,3
72985,45,58,-13,13
72986,159,159,0,0
72987,110,102,8,8
72988,54,68,-14,14
72989,129,129,0,0
72990,170,181,-11,11
72991,111,110,1,1
72992,72,67,5,5
72993,129,130,-1,1
72994,67,68,-1,1
72995,159,167,-8,8
72996,60,65,-5,5
72997,91,91,0,0
72998,126,114,12,12
72999,240,204,36,36
73000,113,110,3,3
73001,85,78,7,7
73002,54,64,-10,10
73003,68,64,4,4
73004,89,85,4,4
73005,142,134,8,8
73006,146,139,7,7
73007,87,87,0,0
73008,122,127,-5,5
73009,81,63,18,18
73010,77,80,-3,3
73011,113,106,7,7
73012,182,186,-4,4
73013,111,104,7,7
73014,97,87,10,10
73015,90,86,4,4
73016,149,142,7,7
73017,62,79,-17,17
73018,121,121,0,0
73019,90,88,2,2
73020,64,63,1,1
73021,158,155,3,3
73022,89,87,2,2
73023,93,89,4,4
73024,82,77,5,5
73025,80,81,-1,1
73026,231,228,3,3
73027,52,56,-4,4
73028,185,171,14,14
73029,125,130,-5,5
73030,116,107,9,9
73031,70,70,0,0
73032,92,87,5,5
73033,135,143,-8,8
73034,83,90,-7,7
73035,78,77,1,1
73036,89,85,4,4
73037,98,94,4,4
73038,74,78,-4,4
73039,117,116,1,1
73040,65,208,-143,143
73041,80,81,-1,1
73042,82,79,3,3
73043,144,150,-6,6
73044,64,67,-3,3
73045,144,142,2,2
73046,46,50,-4,4
73047,29,48,-19,19
73048,81,82,-1,1
73049,115,113,2,2
73050,99,94,5,5
73051,80,76,4,4
73052,111,106,5,5
73053,113,113,0,0
73054,119,100,19,19
73055,49,61,-12,12
73056,128,126,2,2
73057,168,160,8,8
73058,52,53,-1,1
73059,115,113,2,2
73060,230,202,28,28
73061,113,133,-20,20
73062,66,59,7,7
73063,102,100,2,2
73064,52,56,-4,4
73065,94,92,2,2
73066,69,70,-1,1
73067,146,156,-10,10
73068,130,127,3,3
73069,82,72,10,10
73070,51,56,-5,5
73071,114,107,7,7
73072,58,66,-8,8
73073,70,76,-6,6
73074,74,71,3,3
73075,75,65,10,10
73076,54,55,-1,1
73077,134,139,-5,5
73078,46,49,-3,3
73079,79,72,7,7
73080,66,73,-7,7
73081,114,117,-3,3
73082,76,85,-9,9
73083,149,145,4,4
73084,126,119,7,7
73085,91,96,-5,5
73086,56,64,-8,8
73087,131,129,2,2
73088,119,131,-12,12
73089,119,118,1,1
73090,124,123,1,1
73091,142,142,0,0
73092,215,194,21,21
73093,59,60,-1,1
73094,60,60,0,0
73095,76,80,-4,4
73096,54,57,-3,3
73097,78,87,-9,9
73098,133,141,-8,8
73099,56,56,0,0
73100,79,80,-1,1
73101,74,67,7,7
73102,55,67,-12,12
73103,62,62,0,0
73104,47,50,-3,3
73105,112,116,-4,4
73106,112,105,7,7
73107,122,117,5,5
73108,104,104,0,0
73109,81,97,-16,16
73110,76,82,-6,6
73111,61,57,4,4
73112,230,185,45,45
73113,87,85,2,2
73114,94,90,4,4
73115,83,82,1,1
73116,154,134,20,20
73117,140,131,9,9
73118,81,84,-3,3
73119,78,73,5,5
73120,112,105,7,7
73121,133,122,11,11
73122,72,75,-3,3
73123,150,121,29,29
73124,133,132,1,1
73125,74,68,6,6
73126,122,120,2,2
73127,90,91,-1,1
73128,69,66,3,3
73129,75,81,-6,6
73130,50,59,-9,9
73131,135,129,6,6
73132,126,120,6,6
73133,68,85,-17,17
73134,88,87,1,1
73135,78,85,-7,7
73136,55,58,-3,3
73137,94,102,-8,8
73138,57,66,-9,9
73139,70,72,-2,2
73140,150,149,1,1
73141,67,72,-5,5
73142,78,84,-6,6
73143,82,87,-5,5
73144,123,130,-7,7
73145,75,67,8,8
73146,151,154,-3,3
73147,79,74,5,5
73148,116,109,7,7
73149,89,82,7,7
73150,143,139,4,4
73151,94,95,-1,1
73152,94,99,-5,5
73153,81,86,-5,5
73154,77,82,-5,5
73155,85,85,0,0
73156,104,111,-7,7
73157,58,62,-4,4
73158,76,83,-7,7
73159,72,74,-2,2
73160,90,82,8,8
73161,126,136,-10,10
73162,81,81,0,0
73163,113,113,0,0
73164,72,77,-5,5
73165,111,116,-5,5
73166,94,88,6,6
73167,77,73,4,4
73168,76,68,8,8
73169,91,86,5,5
73170,84,86,-2,2
73171,50,59,-9,9
73172,111,117,-6,6
73173,160,155,5,5
73174,90,81,9,9
73175,165,177,-12,12
73176,153,136,17,17
73177,38,54,-16,16
73178,76,91,-15,15
73179,73,71,2,2
73180,99,104,-5,5
73181,64,66,-2,2
73182,148,139,9,9
73183,146,145,1,1
73184,86,87,-1,1
73185,70,74,-4,4
73186,74,71,3,3
73187,102,97,5,5
73188,76,66,10,10
73189,115,104,11,11
73190,111,106,5,5
73191,67,71,-4,4
73192,120,128,-8,8
73193,72,73,-1,1
73194,93,91,2,2
73195,256,247,9,9
73196,157,155,2,2
73197,70,70,0,0
73198,95,106,-11,11
73199,99,99,0,0
73200,94,94,0,0
73201,81,74,7,7
73202,102,95,7,7
73203,107,108,-1,1
73204,137,127,10,10
73205,91,92,-1,1
73206,90,95,-5,5
73207,68,71,-3,3
73208,59,60,-1,1
73209,86,89,-3,3
73210,118,129,-11,11
73211,197,194,3,3
73212,55,52,3,3
73213,82,75,7,7
73214,96,99,-3,3
73215,88,95,-7,7
73216,72,85,-13,13
73217,56,62,-6,6
73218,110,105,5,5
73219,75,72,3,3
73220,107,118,-11,11
73221,100,105,-5,5
73222,137,124,13,13
73223,76,77,-1,1
73224,174,171,3,3
73225,101,103,-2,2
73226,85,85,0,0
73227,53,58,-5,5
73228,108,98,10,10
73229,82,80,2,2
73230,84,92,-8,8
73231,92,94,-2,2
73232,125,140,-15,15
73233,93,102,-9,9
73234,54,58,-4,4
73235,113,105,8,8
73236,196,187,9,9
73237,71,67,4,4
73238,75,73,2,2
73239,46,59,-13,13
73240,107,110,-3,3
73241,82,87,-5,5
73242,88,101,-13,13
73243,57,56,1,1
73244,153,148,5,5
73245,131,138,-7,7
73246,111,127,-16,16
73247,136,136,0,0
73248,58,62,-4,4
73249,85,84,1,1
73250,98,89,9,9
73251,80,81,-1,1
73252,82,89,-7,7
73253,74,70,4,4
73254,135,127,8,8
73255,88,88,0,0
73256,27,51,-24,24
73257,60,63,-3,3
73258,82,79,3,3
73259,176,178,-2,2
73260,163,142,21,21
73261,130,134,-4,4
73262,120,111,9,9
73263,143,119,24,24
73264,138,144,-6,6
73265,88,83,5,5
73266,125,126,-1,1
73267,81,80,1,1
73268,56,56,0,0
73269,70,72,-2,2
73270,59,63,-4,4
73271,117,133,-16,16
73272,35,54,-19,19
73273,115,104,11,11
73274,59,63,-4,4
73275,88,79,9,9
73276,124,132,-8,8
73277,110,98,12,12
73278,118,111,7,7
73279,103,91,12,12
73280,121,122,-1,1
73281,78,77,1,1
73282,69,73,-4,4
73283,129,125,4,4
73284,75,69,6,6
73285,54,55,-1,1
73286,185,170,15,15
73287,105,102,3,3
73288,65,64,1,1
73289,145,132,13,13
73290,134,127,7,7
73291,102,98,4,4
73292,75,74,1,1
73293,106,98,8,8
73294,122,122,0,0
73295,42,51,-9,9
73296,144,152,-8,8
73297,104,98,6,6
73298,117,109,8,8
73299,69,70,-1,1
73300,63,75,-12,12
73301,184,156,28,28
73302,96,93,3,3
73303,86,78,8,8
73304,98,100,-2,2
73305,78,75,3,3
73306,91,89,2,2
73307,53,55,-2,2
73308,79,77,2,2
73309,141,134,7,7
73310,82,77,5,5
73311,49,52,-3,3
73312,109,100,9,9
73313,61,63,-2,2
73314,90,93,-3,3
73315,61,60,1,1
73316,94,104,-10,10
73317,134,140,-6,6
73318,65,68,-3,3
73319,136,136,0,0
73320,164,162,2,2
73321,98,104,-6,6
73322,83,83,0,0
73323,40,48,-8,8
73324,67,78,-11,11
73325,90,87,3,3
73326,62,56,6,6
73327,60,58,2,2
73328,115,103,12,12
73329,135,139,-4,4
73330,75,74,1,1
73331,35,59,-24,24
73332,94,105,-11,11
73333,113,106,7,7
73334,133,132,1,1
73335,103,96,7,7
73336,108,99,9,9
73337,65,66,-1,1
73338,67,59,8,8
73339,121,117,4,4
73340,89,101,-12,12
73341,69,72,-3,3
73342,128,129,-1,1
73343,99,91,8,8
73344,100,98,2,2
73345,88,77,11,11
73346,160,154,6,6
73347,94,90,4,4
73348,111,113,-2,2
73349,83,76,7,7
73350,51,59,-8,8
73351,126,121,5,5
73352,150,137,13,13
73353,57,58,-1,1
73354,63,70,-7,7
73355,112,114,-2,2
73356,196,188,8,8
73357,71,71,0,0
73358,152,146,6,6
73359,87,88,-1,1
73360,59,61,-2,2
73361,144,140,4,4
73362,122,112,10,10
73363,61,67,-6,6
73364,99,110,-11,11
73365,74,66,8,8
73366,68,72,-4,4
73367,92,98,-6,6
73368,147,148,-1,1
73369,114,112,2,2
73370,64,64,0,0
73371,92,78,14,14
73372,85,80,5,5
73373,100,93,7,7
73374,142,132,10,10
73375,34,58,-24,24
73376,107,98,9,9
73377,110,106,4,4
73378,154,149,5,5
73379,69,66,3,3
73380,91,102,-11,11
73381,124,116,8,8
73382,71,66,5,5
73383,61,55,6,6
73384,110,108,2,2
73385,86,90,-4,4
73386,143,131,12,12
73387,65,67,-2,2
73388,82,76,6,6
73389,90,95,-5,5
73390,156,159,-3,3
73391,177,172,5,5
73392,108,106,2,2
73393,100,110,-10,10
73394,60,69,-9,9
73395,81,95,-14,14
73396,99,101,-2,2
73397,63,86,-23,23
73398,87,102,-15,15
73399,53,54,-1,1
73400,47,57,-10,10
73401,65,74,-9,9
73402,79,75,4,4
73403,65,69,-4,4
73404,99,102,-3,3
73405,61,63,-2,2
73406,101,112,-11,11
73407,75,71,4,4
73408,99,107,-8,8
73409,84,83,1,1
73410,130,124,6,6
73411,147,134,13,13
73412,103,105,-2,2
73413,48,51,-3,3
73414,88,86,2,2
73415,115,108,7,7
73416,81,83,-2,2
73417,69,79,-10,10
73418,144,148,-4,4
73419,103,97,6,6
73420,84,81,3,3
73421,175,173,2,2
73422,133,118,15,15
73423,88,89,-1,1
73424,112,112,0,0
73425,98,100,-2,2
73426,79,74,5,5
73427,65,66,-1,1
73428,75,87,-12,12
73429,101,104,-3,3
73430,44,53,-9,9
73431,89,90,-1,1
73432,107,107,0,0
73433,85,86,-1,1
73434,42,53,-11,11
73435,86,90,-4,4
73436,92,86,6,6
73437,70,73,-3,3
73438,79,80,-1,1
73439,39,59,-20,20
73440,90,87,3,3
73441,126,116,10,10
73442,116,113,3,3
73443,69,74,-5,5
73444,51,56,-5,5
73445,107,100,7,7
73446,88,87,1,1
73447,104,96,8,8
73448,81,74,7,7
73449,78,77,1,1
73450,87,86,1,1
73451,63,77,-14,14
73452,92,92,0,0
73453,125,133,-8,8
73454,113,108,5,5
73455,50,52,-2,2
73456,71,70,1,1
73457,78,80,-2,2
73458,65,66,-1,1
73459,145,140,5,5
73460,64,60,4,4
73461,83,81,2,2
73462,162,148,14,14
73463,84,82,2,2
73464,149,149,0,0
73465,68,70,-2,2
73466,84,87,-3,3
73467,74,68,6,6
73468,106,107,-1,1
73469,87,89,-2,2
73470,102,118,-16,16
73471,142,125,17,17
73472,159,153,6,6
73473,49,57,-8,8
73474,133,139,-6,6
73475,89,88,1,1
73476,47,51,-4,4
73477,111,115,-4,4
73478,79,74,5,5
73479,108,118,-10,10
73480,58,61,-3,3
73481,111,118,-7,7
73482,46,54,-8,8
73483,69,65,4,4
73484,144,144,0,0
73485,122,120,2,2
73486,114,109,5,5
73487,60,59,1,1
73488,75,79,-4,4
73489,79,82,-3,3
73490,97,98,-1,1
73491,177,179,-2,2
73492,111,105,6,6
73493,35,58,-23,23
73494,133,118,15,15
73495,58,60,-2,2
73496,114,102,12,12
73497,80,83,-3,3
73498,133,114,19,19
73499,116,119,-3,3
73500,88,67,21,21
73501,126,116,10,10
73502,135,123,12,12
73503,85,87,-2,2
73504,154,154,0,0
73505,118,114,4,4
73506,92,90,2,2
73507,146,151,-5,5
73508,63,64,-1,1
73509,77,77,0,0
73510,113,110,3,3
73511,110,117,-7,7
73512,63,69,-6,6
73513,78,70,8,8
73514,130,125,5,5
73515,64,61,3,3
73516,81,85,-4,4
73517,75,65,10,10
73518,41,56,-15,15
73519,139,135,4,4
73520,60,61,-1,1
73521,81,87,-6,6
73522,108,105,3,3
73523,102,98,4,4
73524,63,63,0,0
73525,111,107,4,4
73526,42,52,-10,10
73527,93,96,-3,3
73528,106,112,-6,6
73529,92,87,5,5
73530,87,87,0,0
73531,100,101,-1,1
73532,73,77,-4,4
73533,65,63,2,2
73534,84,94,-10,10
73535,158,159,-1,1
73536,73,70,3,3
73537,116,129,-13,13
73538,79,88,-9,9
73539,114,109,5,5
73540,108,109,-1,1
73541,89,82,7,7
73542,65,75,-10,10
73543,123,119,4,4
73544,70,72,-2,2
73545,58,58,0,0
73546,61,65,-4,4
73547,118,129,-11,11
73548,91,97,-6,6
73549,82,86,-4,4
73550,42,58,-16,16
73551,43,48,-5,5
73552,144,131,13,13
73553,60,70,-10,10
73554,29,85,-56,56
73555,111,100,11,11
73556,69,69,0,0
73557,192,177,15,15
73558,88,104,-16,16
73559,64,65,-1,1
73560,131,133,-2,2
73561,107,113,-6,6
73562,95,105,-10,10
73563,70,70,0,0
73564,51,52,-1,1
73565,195,187,8,8
73566,77,78,-1,1
73567,117,122,-5,5
73568,87,81,6,6
73569,46,55,-9,9
73570,71,69,2,2
73571,65,62,3,3
73572,171,182,-11,11
73573,106,107,-1,1
73574,82,83,-1,1
73575,130,123,7,7
73576,58,69,-11,11
73577,105,110,-5,5
73578,121,120,1,1
73579,148,158,-10,10
73580,87,85,2,2
73581,98,104,-6,6
73582,74,84,-10,10
73583,138,138,0,0
73584,95,97,-2,2
73585,104,104,0,0
73586,64,60,4,4
73587,74,76,-2,2
73588,126,106,20,20
73589,93,99,-6,6
73590,80,79,1,1
73591,62,64,-2,2
73592,56,59,-3,3
73593,91,95,-4,4
73594,202,190,12,12
73595,97,98,-1,1
73596,109,118,-9,9
73597,62,60,2,2
73598,156,159,-3,3
73599,62,58,4,4
73600,156,159,-3,3
73601,60,62,-2,2
73602,67,65,2,2
73603,109,113,-4,4
73604,129,121,8,8
73605,126,119,7,7
73606,141,136,5,5
73607,117,105,12,12
73608,167,163,4,4
73609,123,131,-8,8
73610,127,115,12,12
73611,70,64,6,6
73612,67,67,0,0
73613,93,92,1,1
73614,79,69,10,10
73615,80,80,0,0
73616,81,86,-5,5
73617,77,77,0,0
73618,57,61,-4,4
73619,125,138,-13,13
73620,137,126,11,11
73621,98,102,-4,4
73622,76,75,1,1
73623,99,87,12,12
73624,88,88,0,0
73625,71,73,-2,2
73626,85,83,2,2
73627,93,97,-4,4
73628,112,100,12,12
73629,63,68,-5,5
73630,79,92,-13,13
73631,90,93,-3,3
73632,71,70,1,1
73633,67,86,-19,19
73634,147,126,21,21
73635,57,74,-17,17
73636,61,61,0,0
73637,100,94,6,6
73638,79,73,6,6
73639,136,117,19,19
73640,88,94,-6,6
73641,67,66,1,1
73642,173,169,4,4
73643,111,100,11,11
73644,96,80,16,16
73645,91,83,8,8
73646,90,83,7,7
73647,93,89,4,4
73648,99,100,-1,1
73649,57,57,0,0
73650,71,68,3,3
73651,165,155,10,10
73652,91,103,-12,12
73653,59,58,1,1
73654,103,102,1,1
73655,72,74,-2,2
73656,95,92,3,3
73657,86,76,10,10
73658,142,119,23,23
73659,92,89,3,3
73660,86,91,-5,5
73661,143,136,7,7
73662,37,53,-16,16
73663,66,69,-3,3
73664,121,117,4,4
73665,89,98,-9,9
73666,54,68,-14,14
73667,64,63,1,1
73668,48,52,-4,4
73669,33,51,-18,18
73670,154,147,7,7
73671,55,56,-1,1
73672,85,78,7,7
73673,68,67,1,1
73674,88,89,-1,1
73675,61,59,2,2
73676,123,116,7,7
73677,98,100,-2,2
73678,161,161,0,0
73679,53,58,-5,5
73680,68,72,-4,4
73681,131,124,7,7
73682,100,102,-2,2
73683,64,63,1,1
73684,109,120,-11,11
73685,87,85,2,2
73686,78,80,-2,2
73687,56,59,-3,3
73688,96,91,5,5
73689,104,97,7,7
73690,94,95,-1,1
73691,66,65,1,1
73692,106,100,6,6
73693,132,144,-12,12
73694,142,119,23,23
73695,112,118,-6,6
73696,104,76,28,28
73697,129,138,-9,9
73698,107,104,3,3
73699,137,148,-11,11
73700,81,84,-3,3
73701,57,56,1,1
73702,126,118,8,8
73703,57,68,-11,11
73704,141,130,11,11
73705,94,88,6,6
73706,56,65,-9,9
73707,100,92,8,8
73708,65,69,-4,4
73709,153,149,4,4
73710,106,112,-6,6
73711,65,64,1,1
73712,89,91,-2,2
73713,69,60,9,9
73714,172,165,7,7
73715,74,75,-1,1
73716,55,63,-8,8
73717,95,92,3,3
73718,80,85,-5,5
73719,72,74,-2,2
73720,69,68,1,1
73721,77,85,-8,8
73722,136,129,7,7
73723,60,58,2,2
73724,106,100,6,6
73725,98,91,7,7
73726,113,111,2,2
73727,66,67,-1,1
73728,117,111,6,6
73729,75,76,-1,1
73730,123,122,1,1
73731,54,52,2,2
73732,157,168,-11,11
73733,100,95,5,5
73734,74,76,-2,2
73735,61,65,-4,4
73736,72,76,-4,4
73737,81,76,5,5
73738,138,148,-10,10
73739,137,143,-6,6
73740,163,151,12,12
73741,65,76,-11,11
73742,130,131,-1,1
73743,68,75,-7,7
73744,97,91,6,6
73745,167,157,10,10
73746,93,78,15,15
73747,63,66,-3,3
73748,91,86,5,5
73749,174,164,10,10
73750,138,124,14,14
73751,75,75,0,0
73752,129,138,-9,9
73753,116,105,11,11
73754,47,49,-2,2
73755,116,106,10,10
73756,103,99,4,4
73757,112,103,9,9
73758,133,127,6,6
73759,55,65,-10,10
73760,75,77,-2,2
73761,53,57,-4,4
73762,88,98,-10,10
73763,132,129,3,3
73764,35,47,-12,12
73765,45,59,-14,14
73766,67,69,-2,2
73767,124,110,14,14
73768,148,140,8,8
73769,138,128,10,10
73770,98,93,5,5
73771,81,78,3,3
73772,54,57,-3,3
73773,35,45,-10,10
73774,69,65,4,4
73775,66,65,1,1
73776,116,110,6,6
73777,86,81,5,5
73778,95,95,0,0
73779,95,98,-3,3
73780,61,59,2,2
73781,79,77,2,2
73782,74,96,-22,22
73783,117,115,2,2
73784,63,64,-1,1
73785,138,121,17,17
73786,125,127,-2,2
73787,95,95,0,0
73788,66,68,-2,2
73789,53,56,-3,3
73790,83,80,3,3
73791,60,65,-5,5
73792,52,58,-6,6
73793,55,55,0,0
73794,100,107,-7,7
73795,91,104,-13,13
73796,87,85,2,2
73797,63,56,7,7
73798,122,98,24,24
73799,75,71,4,4
73800,57,68,-11,11
73801,55,57,-2,2
73802,110,100,10,10
73803,88,92,-4,4
73804,155,165,-10,10
73805,96,99,-3,3
73806,81,69,12,12
73807,102,99,3,3
73808,141,127,14,14
73809,105,102,3,3
73810,68,65,3,3
73811,80,74,6,6
73812,94,101,-7,7
73813,60,60,0,0
73814,107,93,14,14
73815,112,111,1,1
73816,92,93,-1,1
73817,86,75,11,11
73818,131,116,15,15
73819,62,58,4,4
73820,146,147,-1,1
73821,67,77,-10,10
73822,77,80,-3,3
73823,101,103,-2,2
73824,80,73,7,7
73825,97,82,15,15
73826,140,131,9,9
73827,128,138,-10,10
73828,108,109,-1,1
73829,91,89,2,2
73830,91,94,-3,3
73831,87,82,5,5
73832,151,132,19,19
73833,91,96,-5,5
73834,161,147,14,14
73835,60,71,-11,11
73836,135,126,9,9
73837,73,89,-16,16
73838,88,102,-14,14
73839,71,67,4,4
73840,80,82,-2,2
73841,50,52,-2,2
73842,106,102,4,4
73843,66,65,1,1
73844,90,96,-6,6
73845,122,131,-9,9
73846,99,93,6,6
73847,73,72,1,1
73848,60,57,3,3
73849,63,114,-51,51
73850,105,118,-13,13
73851,34,47,-13,13
73852,74,84,-10,10
73853,122,117,5,5
73854,123,109,14,14
73855,66,61,5,5
73856,122,115,7,7
73857,114,106,8,8
73858,165,165,0,0
73859,139,157,-18,18
73860,58,57,1,1
73861,70,72,-2,2
73862,71,65,6,6
73863,158,182,-24,24
73864,66,63,3,3
73865,166,129,37,37
73866,129,134,-5,5
73867,91,91,0,0
73868,109,133,-24,24
73869,118,131,-13,13
73870,90,92,-2,2
73871,125,118,7,7
73872,94,89,5,5
73873,107,97,10,10
73874,144,123,21,21
73875,83,80,3,3
73876,71,75,-4,4
73877,93,91,2,2
73878,103,100,3,3
73879,78,78,0,0
73880,33,74,-41,41
73881,44,78,-34,34
73882,129,121,8,8
73883,210,197,13,13
73884,98,90,8,8
73885,60,74,-14,14
73886,110,103,7,7
73887,56,62,-6,6
73888,149,138,11,11
73889,86,85,1,1
73890,101,98,3,3
73891,80,75,5,5
73892,96,95,1,1
73893,66,63,3,3
73894,73,74,-1,1
73895,87,73,14,14
73896,73,67,6,6
73897,96,92,4,4
73898,36,54,-18,18
73899,171,199,-28,28
73900,125,125,0,0
73901,82,84,-2,2
73902,79,72,7,7
73903,148,141,7,7
73904,137,134,3,3
73905,82,83,-1,1
73906,72,96,-24,24
73907,57,63,-6,6
73908,162,161,1,1
73909,148,136,12,12
73910,82,78,4,4
73911,76,71,5,5
73912,72,65,7,7
73913,42,46,-4,4
73914,102,107,-5,5
73915,61,68,-7,7
73916,107,107,0,0
73917,72,66,6,6
73918,117,125,-8,8
73919,70,66,4,4
73920,60,59,1,1
73921,110,95,15,15
73922,94,94,0,0
73923,121,130,-9,9
73924,102,103,-1,1
73925,61,63,-2,2
73926,69,69,0,0
73927,51,62,-11,11
73928,113,121,-8,8
73929,148,168,-20,20
73930,129,123,6,6
73931,60,60,0,0
73932,82,100,-18,18
73933,149,140,9,9
73934,64,60,4,4
73935,95,98,-3,3
73936,105,100,5,5
73937,129,129,0,0
73938,140,138,2,2
73939,143,148,-5,5
73940,67,65,2,2
73941,81,80,1,1
73942,131,119,12,12
73943,61,59,2,2
73944,95,93,2,2
73945,121,117,4,4
73946,96,84,12,12
73947,159,137,22,22
73948,51,59,-8,8
73949,72,77,-5,5
73950,83,82,1,1
73951,114,110,4,4
73952,90,91,-1,1
73953,72,69,3,3
73954,88,82,6,6
73955,149,140,9,9
73956,69,68,1,1
73957,67,70,-3,3
73958,65,72,-7,7
73959,119,125,-6,6
73960,146,135,11,11
73961,75,83,-8,8
73962,175,159,16,16
73963,109,116,-7,7
73964,80,77,3,3
73965,99,91,8,8
73966,137,134,3,3
73967,77,95,-18,18
73968,44,68,-24,24
73969,96,88,8,8
73970,55,57,-2,2
73971,113,105,8,8
73972,108,108,0,0
73973,55,58,-3,3
73974,138,119,19,19
73975,74,72,2,2
73976,69,72,-3,3
73977,131,129,2,2
73978,129,161,-32,32
73979,103,105,-2,2
73980,50,54,-4,4
73981,90,93,-3,3
73982,42,46,-4,4
73983,140,157,-17,17
73984,76,93,-17,17
73985,113,108,5,5
73986,43,56,-13,13
73987,73,84,-11,11
73988,116,119,-3,3
73989,112,121,-9,9
73990,126,131,-5,5
73991,98,104,-6,6
73992,83,78,5,5
73993,51,58,-7,7
73994,73,91,-18,18
73995,220,191,29,29
73996,72,79,-7,7
73997,63,65,-2,2
73998,107,110,-3,3
73999,90,84,6,6
74000,50,58,-8,8
74001,100,95,5,5
74002,126,117,9,9
74003,73,71,2,2
74004,88,93,-5,5
74005,65,81,-16,16
74006,73,67,6,6
74007,83,81,2,2
74008,118,125,-7,7
74009,77,72,5,5
74010,175,169,6,6
74011,101,95,6,6
74012,72,68,4,4
74013,84,87,-3,3
74014,320,378,-58,58
74015,86,101,-15,15
74016,48,52,-4,4
74017,82,74,8,8
74018,111,103,8,8
74019,83,85,-2,2
74020,105,121,-16,16
74021,87,94,-7,7
74022,92,91,1,1
74023,106,103,3,3
74024,179,180,-1,1
74025,123,114,9,9
74026,68,73,-5,5
74027,52,51,1,1
74028,155,134,21,21
74029,97,112,-15,15
74030,78,84,-6,6
74031,52,51,1,1
74032,62,63,-1,1
74033,92,92,0,0
74034,113,107,6,6
74035,141,136,5,5
74036,66,70,-4,4
74037,97,86,11,11
74038,80,101,-21,21
74039,71,91,-20,20
74040,117,113,4,4
74041,202,192,10,10
74042,89,83,6,6
74043,65,69,-4,4
74044,83,89,-6,6
74045,151,143,8,8
74046,68,65,3,3
74047,84,88,-4,4
74048,114,108,6,6
74049,67,67,0,0
74050,48,55,-7,7
74051,108,109,-1,1
74052,159,134,25,25
74053,84,83,1,1
74054,153,142,11,11
74055,52,70,-18,18
74056,159,156,3,3
74057,118,121,-3,3
74058,83,90,-7,7
74059,50,54,-4,4
74060,125,120,5,5
74061,41,88,-47,47
74062,62,73,-11,11
74063,85,77,8,8
74064,133,134,-1,1
74065,129,122,7,7
74066,97,95,2,2
74067,102,107,-5,5
74068,23,48,-25,25
74069,74,81,-7,7
74070,41,52,-11,11
74071,108,115,-7,7
74072,104,104,0,0
74073,108,93,15,15
74074,97,94,3,3
74075,74,78,-4,4
74076,94,94,0,0
74077,78,75,3,3
74078,117,122,-5,5
74079,119,121,-2,2
74080,60,56,4,4
74081,86,84,2,2
74082,84,85,-1,1
74083,72,74,-2,2
74084,93,98,-5,5
74085,72,75,-3,3
74086,156,140,16,16
74087,73,79,-6,6
74088,108,103,5,5
74089,126,139,-13,13
74090,93,98,-5,5
74091,79,69,10,10
74092,181,159,22,22
74093,83,77,6,6
74094,119,119,0,0
74095,71,71,0,0
74096,77,73,4,4
74097,104,119,-15,15
74098,72,78,-6,6
74099,68,68,0,0
74100,98,98,0,0
74101,57,75,-18,18
74102,80,107,-27,27
74103,73,70,3,3
74104,191,170,21,21
74105,100,92,8,8
74106,132,118,14,14
74107,40,48,-8,8
74108,54,55,-1,1
74109,154,155,-1,1
74110,139,135,4,4
74111,107,102,5,5
74112,128,121,7,7
74113,133,125,8,8
74114,83,74,9,9
74115,63,85,-22,22
74116,81,79,2,2
74117,163,155,8,8
74118,109,107,2,2
74119,63,63,0,0
74120,90,87,3,3
74121,81,92,-11,11
74122,66,63,3,3
74123,120,127,-7,7
74124,89,86,3,3
74125,67,71,-4,4
74126,85,86,-1,1
74127,78,79,-1,1
74128,75,79,-4,4
74129,198,187,11,11
74130,92,90,2,2
74131,118,110,8,8
74132,57,61,-4,4
74133,155,150,5,5
74134,86,83,3,3
74135,67,66,1,1
74136,178,152,26,26
74137,68,69,-1,1
74138,85,82,3,3
74139,79,84,-5,5
74140,93,84,9,9
74141,50,59,-9,9
74142,58,62,-4,4
74143,104,104,0,0
74144,100,95,5,5
74145,201,191,10,10
74146,105,107,-2,2
74147,105,109,-4,4
74148,90,90,0,0
74149,68,74,-6,6
74150,74,78,-4,4
74151,60,57,3,3
74152,59,78,-19,19
74153,97,104,-7,7
74154,87,82,5,5
74155,55,63,-8,8
74156,111,104,7,7
74157,119,107,12,12
74158,115,119,-4,4
74159,59,57,2,2
74160,61,60,1,1
74161,30,74,-44,44
74162,96,93,3,3
74163,131,116,15,15
74164,183,173,10,10
74165,161,168,-7,7
74166,146,148,-2,2
74167,200,187,13,13
74168,100,102,-2,2
74169,114,112,2,2
74170,108,105,3,3
74171,73,71,2,2
74172,75,70,5,5
74173,72,73,-1,1
74174,143,154,-11,11
74175,101,90,11,11
74176,66,68,-2,2
74177,164,148,16,16
74178,85,85,0,0
74179,88,84,4,4
74180,98,101,-3,3
74181,54,94,-40,40
74182,95,94,1,1
74183,64,68,-4,4
74184,144,141,3,3
74185,105,104,1,1
74186,102,110,-8,8
74187,114,95,19,19
74188,54,59,-5,5
74189,112,103,9,9
74190,181,165,16,16
74191,110,102,8,8
74192,75,65,10,10
74193,51,60,-9,9
74194,98,95,3,3
74195,85,87,-2,2
74196,54,62,-8,8
74197,57,61,-4,4
74198,77,87,-10,10
74199,66,82,-16,16
74200,84,73,11,11
74201,102,107,-5,5
74202,124,127,-3,3
74203,129,126,3,3
74204,195,189,6,6
74205,111,112,-1,1
74206,109,121,-12,12
74207,68,65,3,3
74208,57,56,1,1
74209,76,88,-12,12
74210,99,95,4,4
74211,78,86,-8,8
74212,124,117,7,7
74213,83,79,4,4
74214,82,76,6,6
74215,73,68,5,5
74216,66,70,-4,4
74217,102,102,0,0
74218,107,116,-9,9
74219,101,96,5,5
74220,119,122,-3,3
74221,120,132,-12,12
74222,69,71,-2,2
74223,80,97,-17,17
74224,113,110,3,3
74225,63,70,-7,7
74226,94,86,8,8
74227,146,148,-2,2
74228,109,107,2,2
74229,117,108,9,9
74230,66,68,-2,2
74231,151,131,20,20
74232,60,56,4,4
74233,146,160,-14,14
74234,135,134,1,1
74235,90,82,8,8
74236,48,61,-13,13
74237,71,70,1,1
74238,155,156,-1,1
74239,86,74,12,12
74240,111,125,-14,14
74241,96,91,5,5
74242,137,154,-17,17
74243,81,83,-2,2
74244,60,65,-5,5
74245,83,94,-11,11
74246,106,107,-1,1
74247,67,69,-2,2
74248,52,55,-3,3
74249,104,100,4,4
74250,73,80,-7,7
74251,87,88,-1,1
74252,148,152,-4,4
74253,77,71,6,6
74254,92,90,2,2
74255,201,190,11,11
74256,50,52,-2,2
74257,149,147,2,2
74258,150,129,21,21
74259,89,100,-11,11
74260,131,125,6,6
74261,73,68,5,5
74262,83,94,-11,11
74263,155,152,3,3
74264,80,62,18,18
74265,128,127,1,1
74266,59,58,1,1
74267,85,94,-9,9
74268,87,102,-15,15
74269,85,82,3,3
74270,72,69,3,3
74271,72,76,-4,4
74272,56,57,-1,1
74273,127,126,1,1
74274,73,70,3,3
74275,94,79,15,15
74276,72,67,5,5
74277,48,50,-2,2
74278,130,116,14,14
74279,103,92,11,11
74280,96,81,15,15
74281,140,144,-4,4
74282,63,70,-7,7
74283,61,59,2,2
74284,78,73,5,5
74285,75,70,5,5
74286,81,84,-3,3
74287,79,83,-4,4
74288,94,93,1,1
74289,117,114,3,3
74290,59,55,4,4
74291,84,80,4,4
74292,149,142,7,7
74293,109,111,-2,2
74294,46,57,-11,11
74295,131,121,10,10
74296,118,111,7,7
74297,83,93,-10,10
74298,68,87,-19,19
74299,70,87,-17,17
74300,49,54,-5,5
74301,73,69,4,4
74302,132,136,-4,4
74303,93,84,9,9
74304,159,162,-3,3
74305,107,111,-4,4
74306,185,173,12,12
74307,143,141,2,2
74308,60,67,-7,7
74309,78,70,8,8
74310,106,110,-4,4
74311,98,85,13,13
74312,101,88,13,13
74313,39,61,-22,22
74314,104,106,-2,2
74315,51,63,-12,12
74316,88,82,6,6
74317,83,82,1,1
74318,116,134,-18,18
74319,59,58,1,1
74320,88,84,4,4
74321,206,179,27,27
74322,147,127,20,20
74323,40,54,-14,14
74324,45,55,-10,10
74325,89,89,0,0
74326,146,140,6,6
74327,76,78,-2,2
74328,92,72,20,20
74329,35,51,-16,16
74330,77,92,-15,15
74331,104,109,-5,5
74332,97,90,7,7
74333,135,131,4,4
74334,63,60,3,3
74335,54,55,-1,1
74336,117,121,-4,4
74337,79,74,5,5
74338,64,68,-4,4
74339,63,63,0,0
74340,63,64,-1,1
74341,80,79,1,1
74342,136,135,1,1
74343,106,91,15,15
74344,76,75,1,1
74345,80,79,1,1
74346,126,123,3,3
74347,96,93,3,3
74348,56,59,-3,3
74349,124,128,-4,4
74350,137,138,-1,1
74351,63,73,-10,10
74352,59,65,-6,6
74353,102,98,4,4
74354,41,48,-7,7
74355,84,87,-3,3
74356,99,100,-1,1
74357,108,116,-8,8
74358,125,127,-2,2
74359,115,114,1,1
74360,84,83,1,1
74361,100,108,-8,8
74362,128,130,-2,2
74363,60,62,-2,2
74364,77,81,-4,4
74365,63,59,4,4
74366,90,99,-9,9
74367,64,73,-9,9
74368,61,60,1,1
74369,99,106,-7,7
74370,97,102,-5,5
74371,65,62,3,3
74372,99,102,-3,3
74373,181,168,13,13
74374,83,89,-6,6
74375,102,102,0,0
74376,136,144,-8,8
74377,56,57,-1,1
74378,132,127,5,5
74379,76,77,-1,1
74380,101,97,4,4
74381,110,94,16,16
74382,51,52,-1,1
74383,60,69,-9,9
74384,127,130,-3,3
74385,81,109,-28,28
74386,59,58,1,1
74387,82,83,-1,1
74388,103,97,6,6
74389,99,97,2,2
74390,50,50,0,0
74391,85,101,-16,16
74392,67,60,7,7
74393,125,119,6,6
74394,93,88,5,5
74395,116,112,4,4
74396,68,77,-9,9
74397,77,78,-1,1
74398,95,96,-1,1
74399,59,68,-9,9
74400,111,102,9,9
74401,79,82,-3,3
74402,84,88,-4,4
74403,89,96,-7,7
74404,164,160,4,4
74405,72,68,4,4
74406,78,80,-2,2
74407,149,158,-9,9
74408,95,79,16,16
74409,85,95,-10,10
74410,96,98,-2,2
74411,72,67,5,5
74412,112,101,11,11
74413,77,74,3,3
74414,40,55,-15,15
74415,110,109,1,1
74416,59,70,-11,11
74417,107,104,3,3
74418,66,69,-3,3
74419,87,82,5,5
74420,72,76,-4,4
74421,85,93,-8,8
74422,49,51,-2,2
74423,72,77,-5,5
74424,156,165,-9,9
74425,75,57,18,18
74426,83,69,14,14
74427,107,103,4,4
74428,97,87,10,10
74429,108,105,3,3
74430,89,80,9,9
74431,103,116,-13,13
74432,133,134,-1,1
74433,56,54,2,2
74434,77,78,-1,1
74435,88,97,-9,9
74436,106,112,-6,6
74437,134,139,-5,5
74438,81,85,-4,4
74439,126,125,1,1
74440,69,73,-4,4
74441,120,164,-44,44
74442,121,112,9,9
74443,62,62,0,0
74444,85,81,4,4
74445,93,90,3,3
74446,111,109,2,2
74447,99,117,-18,18
74448,50,56,-6,6
74449,98,111,-13,13
74450,83,74,9,9
74451,94,102,-8,8
74452,144,144,0,0
74453,49,61,-12,12
74454,46,49,-3,3
74455,87,91,-4,4
74456,80,85,-5,5
74457,150,129,21,21
74458,67,73,-6,6
74459,39,47,-8,8
74460,82,75,7,7
74461,76,80,-4,4
74462,56,55,1,1
74463,33,50,-17,17
74464,95,91,4,4
74465,67,56,11,11
74466,87,92,-5,5
74467,101,93,8,8
74468,62,62,0,0
74469,62,70,-8,8
74470,93,87,6,6
74471,71,59,12,12
74472,79,82,-3,3
74473,86,79,7,7
74474,70,73,-3,3
74475,117,112,5,5
74476,51,70,-19,19
74477,168,162,6,6
74478,120,110,10,10
74479,99,94,5,5
74480,73,79,-6,6
74481,120,122,-2,2
74482,136,130,6,6
74483,57,63,-6,6
74484,89,83,6,6
74485,89,96,-7,7
74486,81,86,-5,5
74487,72,59,13,13
74488,104,100,4,4
74489,141,135,6,6
74490,79,78,1,1
74491,167,161,6,6
74492,86,82,4,4
74493,138,125,13,13
74494,66,66,0,0
74495,59,57,2,2
74496,110,123,-13,13
74497,82,76,6,6
74498,92,92,0,0
74499,62,59,3,3
74500,82,73,9,9
74501,62,68,-6,6
74502,94,87,7,7
74503,135,159,-24,24
74504,227,243,-16,16
74505,85,82,3,3
74506,74,82,-8,8
74507,106,143,-37,37
74508,52,60,-8,8
74509,96,107,-11,11
74510,97,97,0,0
74511,143,145,-2,2
74512,84,68,16,16
74513,77,70,7,7
74514,49,52,-3,3
74515,116,110,6,6
74516,67,94,-27,27
74517,74,81,-7,7
74518,83,82,1,1
74519,77,74,3,3
74520,113,108,5,5
74521,125,123,2,2
74522,59,58,1,1
74523,62,66,-4,4
74524,148,145,3,3
74525,56,66,-10,10
74526,85,96,-11,11
74527,158,145,13,13
74528,79,86,-7,7
74529,87,82,5,5
74530,115,140,-25,25
74531,62,60,2,2
74532,78,75,3,3
74533,107,97,10,10
74534,129,124,5,5
74535,109,102,7,7
74536,46,56,-10,10
74537,73,67,6,6
74538,47,55,-8,8
74539,57,54,3,3
74540,136,142,-6,6
74541,74,71,3,3
74542,73,71,2,2
74543,117,116,1,1
74544,64,73,-9,9
74545,65,72,-7,7
74546,61,61,0,0
74547,40,53,-13,13
74548,84,80,4,4
74549,96,98,-2,2
74550,108,96,12,12
74551,148,150,-2,2
74552,111,109,2,2
74553,131,134,-3,3
74554,55,60,-5,5
74555,132,124,8,8
74556,156,127,29,29
74557,68,67,1,1
74558,109,107,2,2
74559,65,62,3,3
74560,78,69,9,9
74561,136,128,8,8
74562,190,195,-5,5
74563,157,158,-1,1
74564,110,110,0,0
74565,50,58,-8,8
74566,123,133,-10,10
74567,127,124,3,3
74568,88,89,-1,1
74569,116,112,4,4
74570,85,90,-5,5
74571,116,110,6,6
74572,181,175,6,6
74573,87,93,-6,6
74574,135,139,-4,4
74575,64,78,-14,14
74576,92,89,3,3
74577,59,61,-2,2
74578,81,71,10,10
74579,71,68,3,3
74580,130,139,-9,9
74581,96,87,9,9
74582,86,82,4,4
74583,107,125,-18,18
74584,118,108,10,10
74585,93,94,-1,1
74586,88,95,-7,7
74587,54,60,-6,6
74588,101,101,0,0
74589,58,62,-4,4
74590,109,100,9,9
74591,106,111,-5,5
74592,139,137,2,2
74593,50,53,-3,3
74594,168,168,0,0
74595,115,126,-11,11
74596,70,75,-5,5
74597,92,85,7,7
74598,133,128,5,5
74599,74,73,1,1
74600,159,162,-3,3
74601,120,123,-3,3
74602,84,100,-16,16
74603,103,108,-5,5
74604,183,158,25,25
74605,139,133,6,6
74606,86,73,13,13
74607,82,85,-3,3
74608,61,71,-10,10
74609,123,102,21,21
74610,87,88,-1,1
74611,135,135,0,0
74612,99,92,7,7
74613,74,72,2,2
74614,74,80,-6,6
74615,139,142,-3,3
74616,85,82,3,3
74617,70,75,-5,5
74618,106,104,2,2
74619,123,124,-1,1
74620,100,100,0,0
74621,61,61,0,0
74622,92,91,1,1
74623,132,137,-5,5
74624,59,63,-4,4
74625,226,208,18,18
74626,84,76,8,8
74627,165,165,0,0
74628,83,91,-8,8
74629,115,113,2,2
74630,159,146,13,13
74631,93,80,13,13
74632,126,134,-8,8
74633,51,52,-1,1
74634,118,116,2,2
74635,80,68,12,12
74636,161,149,12,12
74637,91,89,2,2
74638,83,85,-2,2
74639,91,89,2,2
74640,234,217,17,17
74641,78,73,5,5
74642,101,96,5,5
74643,72,71,1,1
74644,92,73,19,19
74645,44,59,-15,15
74646,76,77,-1,1
74647,106,102,4,4
74648,119,109,10,10
74649,111,96,15,15
74650,111,117,-6,6
74651,105,97,8,8
74652,62,68,-6,6
74653,113,117,-4,4
74654,94,100,-6,6
74655,155,146,9,9
74656,59,57,2,2
74657,86,96,-10,10
74658,61,64,-3,3
74659,198,182,16,16
74660,83,82,1,1
74661,50,59,-9,9
74662,126,123,3,3
74663,95,86,9,9
74664,95,85,10,10
74665,24,49,-25,25
74666,90,93,-3,3
74667,47,54,-7,7
74668,64,73,-9,9
74669,107,113,-6,6
74670,94,84,10,10
74671,77,78,-1,1
74672,111,129,-18,18
74673,107,108,-1,1
74674,33,46,-13,13
74675,73,70,3,3
74676,63,63,0,0
74677,90,92,-2,2
74678,89,175,-86,86
74679,79,73,6,6
74680,128,127,1,1
74681,91,91,0,0
74682,114,112,2,2
74683,103,95,8,8
74684,61,56,5,5
74685,122,133,-11,11
74686,114,112,2,2
74687,143,140,3,3
74688,75,75,0,0
74689,66,61,5,5
74690,90,91,-1,1
74691,108,91,17,17
74692,74,76,-2,2
74693,137,137,0,0
74694,121,109,12,12
74695,85,103,-18,18
74696,47,56,-9,9
74697,51,62,-11,11
74698,79,72,7,7
74699,80,76,4,4
74700,111,109,2,2
74701,126,134,-8,8
74702,37,55,-18,18
74703,87,85,2,2
74704,102,101,1,1
74705,73,75,-2,2
74706,81,94,-13,13
74707,85,71,14,14
74708,127,123,4,4
74709,127,112,15,15
74710,93,105,-12,12
74711,122,124,-2,2
74712,175,158,17,17
74713,96,96,0,0
74714,88,80,8,8
74715,162,141,21,21
74716,124,137,-13,13
74717,42,50,-8,8
74718,90,90,0,0
74719,91,92,-1,1
74720,129,128,1,1
74721,53,60,-7,7
74722,75,78,-3,3
74723,88,82,6,6
74724,70,65,5,5
74725,185,178,7,7
74726,105,102,3,3
74727,128,120,8,8
74728,103,102,1,1
74729,100,105,-5,5
74730,71,73,-2,2
74731,157,141,16,16
74732,103,110,-7,7
74733,118,117,1,1
74734,140,175,-35,35
74735,102,103,-1,1
74736,71,66,5,5
74737,143,148,-5,5
74738,58,64,-6,6
74739,96,102,-6,6
74740,112,113,-1,1
74741,85,82,3,3
74742,92,101,-9,9
74743,81,86,-5,5
74744,102,102,0,0
74745,43,67,-24,24
74746,87,80,7,7
74747,118,115,3,3
74748,85,73,12,12
74749,100,105,-5,5
74750,83,92,-9,9
74751,83,72,11,11
74752,89,85,4,4
74753,50,53,-3,3
74754,134,132,2,2
74755,65,60,5,5
74756,72,76,-4,4
74757,75,68,7,7
74758,78,76,2,2
74759,81,86,-5,5
74760,105,115,-10,10
74761,67,68,-1,1
74762,136,74,62,62
74763,86,101,-15,15
74764,139,134,5,5
74765,78,75,3,3
74766,38,60,-22,22
74767,78,79,-1,1
74768,59,57,2,2
74769,91,86,5,5
74770,152,149,3,3
74771,148,158,-10,10
74772,108,106,2,2
74773,77,72,5,5
74774,83,76,7,7
74775,89,84,5,5
74776,104,93,11,11
74777,117,121,-4,4
74778,151,148,3,3
74779,45,54,-9,9
74780,60,55,5,5
74781,125,126,-1,1
74782,41,56,-15,15
74783,49,53,-4,4
74784,140,135,5,5
74785,90,95,-5,5
74786,93,95,-2,2
74787,100,86,14,14
74788,125,123,2,2
74789,114,118,-4,4
74790,128,130,-2,2
74791,60,60,0,0
74792,191,183,8,8
74793,140,139,1,1
74794,82,98,-16,16
74795,76,69,7,7
74796,117,118,-1,1
74797,83,88,-5,5
74798,82,78,4,4
74799,122,130,-8,8
74800,60,63,-3,3
74801,117,117,0,0
74802,96,85,11,11
74803,115,116,-1,1
74804,134,134,0,0
74805,109,110,-1,1
74806,91,82,9,9
74807,72,73,-1,1
74808,96,88,8,8
74809,80,84,-4,4
74810,71,73,-2,2
74811,95,85,10,10
74812,101,102,-1,1
74813,67,66,1,1
74814,87,95,-8,8
74815,89,91,-2,2
74816,62,61,1,1
74817,126,156,-30,30
74818,78,84,-6,6
74819,100,106,-6,6
74820,96,93,3,3
74821,100,98,2,2
74822,59,61,-2,2
74823,93,91,2,2
74824,120,121,-1,1
74825,70,73,-3,3
74826,46,56,-10,10
74827,153,147,6,6
74828,91,89,2,2
74829,94,94,0,0
74830,74,87,-13,13
74831,87,75,12,12
74832,76,78,-2,2
74833,56,59,-3,3
74834,104,124,-20,20
74835,126,126,0,0
74836,115,114,1,1
74837,107,114,-7,7
74838,41,56,-15,15
74839,75,68,7,7
74840,76,81,-5,5
74841,75,80,-5,5
74842,50,52,-2,2
74843,118,119,-1,1
74844,131,130,1,1
74845,92,135,-43,43
74846,113,107,6,6
74847,126,113,13,13
74848,65,73,-8,8
74849,128,124,4,4
74850,89,92,-3,3
74851,100,87,13,13
74852,85,79,6,6
74853,166,152,14,14
74854,100,115,-15,15
74855,119,120,-1,1
74856,72,67,5,5
74857,78,79,-1,1
74858,70,61,9,9
74859,84,82,2,2
74860,56,57,-1,1
74861,18,43,-25,25
74862,75,78,-3,3
74863,107,120,-13,13
74864,86,75,11,11
74865,128,130,-2,2
74866,99,102,-3,3
74867,69,77,-8,8
74868,130,121,9,9
74869,127,127,0,0
74870,188,181,7,7
74871,99,100,-1,1
74872,83,82,1,1
74873,105,102,3,3
74874,56,59,-3,3
74875,84,81,3,3
74876,43,55,-12,12
74877,104,117,-13,13
74878,93,93,0,0
74879,111,120,-9,9
74880,106,119,-13,13
74881,77,72,5,5
74882,74,71,3,3
74883,138,139,-1,1
74884,47,51,-4,4
74885,158,158,0,0
74886,111,112,-1,1
74887,84,88,-4,4
74888,129,134,-5,5
74889,76,80,-4,4
74890,84,80,4,4
74891,67,67,0,0
74892,61,55,6,6
74893,107,98,9,9
74894,79,69,10,10
74895,112,121,-9,9
74896,53,56,-3,3
74897,84,79,5,5
74898,46,58,-12,12
74899,115,109,6,6
74900,48,51,-3,3
74901,51,53,-2,2
74902,73,84,-11,11
74903,81,99,-18,18
74904,53,55,-2,2
74905,144,141,3,3
74906,93,88,5,5
74907,63,77,-14,14
74908,47,52,-5,5
74909,117,105,12,12
74910,172,131,41,41
74911,57,62,-5,5
74912,143,142,1,1
74913,108,115,-7,7
74914,140,133,7,7
74915,70,70,0,0
74916,96,95,1,1
74917,107,108,-1,1
74918,116,112,4,4
74919,120,121,-1,1
74920,60,54,6,6
74921,77,84,-7,7
74922,112,115,-3,3
74923,97,109,-12,12
74924,183,190,-7,7
74925,95,94,1,1
74926,92,89,3,3
74927,76,89,-13,13
74928,99,101,-2,2
74929,85,81,4,4
74930,76,78,-2,2
74931,93,94,-1,1
74932,50,55,-5,5
74933,55,56,-1,1
74934,88,89,-1,1
74935,97,109,-12,12
74936,83,82,1,1
74937,54,50,4,4
74938,86,81,5,5
74939,77,88,-11,11
74940,282,318,-36,36
74941,136,130,6,6
74942,91,80,11,11
74943,150,161,-11,11
74944,66,68,-2,2
74945,71,78,-7,7
74946,87,84,3,3
74947,87,92,-5,5
74948,119,122,-3,3
74949,148,140,8,8
74950,117,114,3,3
74951,85,88,-3,3
74952,97,96,1,1
74953,49,54,-5,5
74954,103,110,-7,7
74955,38,47,-9,9
74956,86,98,-12,12
74957,49,52,-3,3
74958,103,99,4,4
74959,103,130,-27,27
74960,45,60,-15,15
74961,103,102,1,1
74962,83,78,5,5
74963,95,87,8,8
74964,60,67,-7,7
74965,102,102,0,0
74966,138,152,-14,14
74967,83,81,2,2
74968,95,104,-9,9
74969,96,93,3,3
74970,150,151,-1,1
74971,53,50,3,3
74972,133,117,16,16
74973,45,55,-10,10
74974,50,51,-1,1
74975,35,86,-51,51
74976,103,93,10,10
74977,58,58,0,0
74978,72,75,-3,3
74979,100,109,-9,9
74980,95,90,5,5
74981,109,101,8,8
74982,57,65,-8,8
74983,68,86,-18,18
74984,89,90,-1,1
74985,129,125,4,4
74986,118,118,0,0
74987,114,115,-1,1
74988,112,108,4,4
74989,103,96,7,7
74990,95,94,1,1
74991,130,141,-11,11
74992,95,82,13,13
74993,129,126,3,3
74994,84,82,2,2
74995,103,108,-5,5
74996,146,144,2,2
74997,84,91,-7,7
74998,143,138,5,5
74999,84,90,-6,6
75000,69,76,-7,7
75001,94,100,-6,6
75002,56,73,-17,17
75003,133,136,-3,3
75004,49,62,-13,13
75005,58,57,1,1
75006,122,110,12,12
75007,117,114,3,3
75008,87,82,5,5
75009,113,114,-1,1
75010,60,65,-5,5
75011,65,67,-2,2
75012,103,101,2,2
75013,152,139,13,13
75014,121,123,-2,2
75015,119,116,3,3
75016,47,55,-8,8
75017,113,106,7,7
75018,101,101,0,0
75019,73,82,-9,9
75020,88,96,-8,8
75021,156,142,14,14
75022,99,92,7,7
75023,86,88,-2,2
75024,101,107,-6,6
75025,91,89,2,2
75026,59,63,-4,4
75027,72,75,-3,3
75028,111,97,14,14
75029,108,106,2,2
75030,78,77,1,1
75031,63,69,-6,6
75032,97,100,-3,3
75033,76,77,-1,1
75034,94,107,-13,13
75035,83,79,4,4
75036,72,72,0,0
75037,113,100,13,13
75038,126,122,4,4
75039,86,96,-10,10
75040,67,61,6,6
75041,149,140,9,9
75042,89,82,7,7
75043,115,107,8,8
75044,111,99,12,12
75045,135,143,-8,8
75046,54,59,-5,5
75047,123,130,-7,7
75048,82,89,-7,7
75049,26,50,-24,24
75050,66,66,0,0
75051,117,110,7,7
75052,135,145,-10,10
75053,70,67,3,3
75054,59,57,2,2
75055,141,144,-3,3
75056,64,59,5,5
75057,126,132,-6,6
75058,97,93,4,4
75059,54,55,-1,1
75060,99,95,4,4
75061,138,127,11,11
75062,130,137,-7,7
75063,111,92,19,19
75064,81,80,1,1
75065,97,94,3,3
75066,146,144,2,2
75067,92,85,7,7
75068,68,61,7,7
75069,70,74,-4,4
75070,79,68,11,11
75071,57,63,-6,6
75072,70,71,-1,1
75073,52,57,-5,5
75074,82,92,-10,10
75075,72,74,-2,2
75076,86,80,6,6
75077,124,112,12,12
75078,71,71,0,0
75079,75,65,10,10
75080,111,103,8,8
75081,85,76,9,9
75082,77,75,2,2
75083,116,120,-4,4
75084,121,133,-12,12
75085,63,58,5,5
75086,65,61,4,4
75087,92,93,-1,1
75088,115,111,4,4
75089,62,58,4,4
75090,90,86,4,4
75091,50,52,-2,2
75092,81,84,-3,3
75093,33,47,-14,14
75094,141,138,3,3
75095,51,51,0,0
75096,32,57,-25,25
75097,89,104,-15,15
75098,117,117,0,0
75099,97,103,-6,6
75100,92,83,9,9
75101,71,69,2,2
75102,76,76,0,0
75103,42,56,-14,14
75104,84,94,-10,10
75105,87,96,-9,9
75106,153,147,6,6
75107,91,91,0,0
75108,59,79,-20,20
75109,69,70,-1,1
75110,109,100,9,9
75111,115,108,7,7
75112,169,172,-3,3
75113,67,71,-4,4
75114,96,97,-1,1
75115,94,91,3,3
75116,173,143,30,30
75117,96,91,5,5
75118,127,103,24,24
75119,58,59,-1,1
75120,69,66,3,3
75121,68,70,-2,2
75122,141,141,0,0
75123,110,132,-22,22
75124,46,91,-45,45
75125,56,119,-63,63
75126,99,107,-8,8
75127,117,114,3,3
75128,53,57,-4,4
75129,92,89,3,3
75130,100,112,-12,12
75131,100,88,12,12
75132,92,100,-8,8
75133,67,64,3,3
75134,148,136,12,12
75135,122,123,-1,1
75136,162,155,7,7
75137,86,88,-2,2
75138,165,149,16,16
75139,106,95,11,11
75140,84,101,-17,17
75141,97,95,2,2
75142,61,62,-1,1
75143,187,188,-1,1
75144,153,161,-8,8
75145,57,63,-6,6
75146,101,100,1,1
75147,154,131,23,23
75148,108,106,2,2
75149,55,53,2,2
75150,113,102,11,11
75151,55,61,-6,6
75152,101,94,7,7
75153,91,96,-5,5
75154,89,89,0,0
75155,96,87,9,9
75156,52,62,-10,10
75157,54,55,-1,1
75158,69,70,-1,1
75159,95,108,-13,13
75160,88,80,8,8
75161,126,126,0,0
75162,82,92,-10,10
75163,76,81,-5,5
75164,112,106,6,6
75165,117,111,6,6
75166,113,112,1,1
75167,97,91,6,6
75168,98,98,0,0
75169,83,79,4,4
75170,76,72,4,4
75171,80,77,3,3
75172,111,116,-5,5
75173,135,125,10,10
75174,62,65,-3,3
75175,140,138,2,2
75176,68,68,0,0
75177,141,146,-5,5
75178,53,62,-9,9
75179,140,144,-4,4
75180,74,69,5,5
75181,70,70,0,0
75182,78,87,-9,9
75183,103,96,7,7
75184,97,93,4,4
75185,75,76,-1,1
75186,143,146,-3,3
75187,163,161,2,2
75188,71,68,3,3
75189,58,59,-1,1
75190,69,69,0,0
75191,72,73,-1,1
75192,158,159,-1,1
75193,93,98,-5,5
75194,80,80,0,0
75195,142,130,12,12
75196,46,67,-21,21
75197,76,69,7,7
75198,129,168,-39,39
75199,82,80,2,2
75200,146,138,8,8
75201,93,94,-1,1
75202,113,107,6,6
75203,142,149,-7,7
75204,72,73,-1,1
75205,74,76,-2,2
75206,88,106,-18,18
75207,105,114,-9,9
75208,110,118,-8,8
75209,83,81,2,2
75210,27,64,-37,37
75211,136,135,1,1
75212,81,78,3,3
75213,98,92,6,6
75214,120,119,1,1
75215,92,84,8,8
75216,145,134,11,11
75217,137,137,0,0
75218,103,111,-8,8
75219,121,136,-15,15
75220,54,69,-15,15
75221,112,110,2,2
75222,76,77,-1,1
75223,89,85,4,4
75224,160,120,40,40
75225,28,54,-26,26
75226,76,68,8,8
75227,165,164,1,1
75228,100,92,8,8
75229,152,142,10,10
75230,82,80,2,2
75231,94,86,8,8
75232,60,61,-1,1
75233,125,125,0,0
75234,69,70,-1,1
75235,120,94,26,26
75236,91,87,4,4
75237,96,89,7,7
75238,45,56,-11,11
75239,56,63,-7,7
75240,76,71,5,5
75241,75,80,-5,5
75242,79,82,-3,3
75243,124,120,4,4
75244,106,97,9,9
75245,122,119,3,3
75246,51,56,-5,5
75247,69,68,1,1
75248,85,89,-4,4
75249,115,152,-37,37
75250,115,109,6,6
75251,115,110,5,5
75252,60,66,-6,6
75253,76,75,1,1
75254,32,48,-16,16
75255,79,82,-3,3
75256,44,56,-12,12
75257,58,59,-1,1
75258,130,125,5,5
75259,132,129,3,3
75260,79,81,-2,2
75261,92,92,0,0
75262,144,145,-1,1
75263,54,61,-7,7
75264,133,121,12,12
75265,64,75,-11,11
75266,92,90,2,2
75267,156,154,2,2
75268,58,50,8,8
75269,82,74,8,8
75270,86,84,2,2
75271,173,172,1,1
75272,94,90,4,4
75273,60,65,-5,5
75274,108,106,2,2
75275,126,127,-1,1
75276,56,56,0,0
75277,98,101,-3,3
75278,92,81,11,11
75279,117,108,9,9
75280,52,48,4,4
75281,94,89,5,5
75282,78,73,5,5
75283,76,102,-26,26
75284,67,64,3,3
75285,124,130,-6,6
75286,128,129,-1,1
75287,73,68,5,5
75288,62,58,4,4
75289,100,107,-7,7
75290,130,130,0,0
75291,61,62,-1,1
75292,262,233,29,29
75293,60,58,2,2
75294,102,112,-10,10
75295,57,58,-1,1
75296,97,106,-9,9
75297,84,88,-4,4
75298,61,84,-23,23
75299,135,127,8,8
75300,104,88,16,16
75301,79,79,0,0
75302,187,164,23,23
75303,62,58,4,4
75304,94,91,3,3
75305,94,103,-9,9
75306,94,86,8,8
75307,126,116,10,10
75308,126,111,15,15
75309,108,99,9,9
75310,60,51,9,9
75311,93,107,-14,14
75312,53,64,-11,11
75313,61,64,-3,3
75314,79,77,2,2
75315,74,72,2,2
75316,50,54,-4,4
75317,75,63,12,12
75318,40,57,-17,17
75319,47,53,-6,6
75320,78,80,-2,2
75321,51,56,-5,5
75322,97,98,-1,1
75323,54,52,2,2
75324,100,101,-1,1
75325,91,88,3,3
75326,48,53,-5,5
75327,46,53,-7,7
75328,153,149,4,4
75329,123,122,1,1
75330,52,60,-8,8
75331,92,82,10,10
75332,71,79,-8,8
75333,141,128,13,13
75334,46,49,-3,3
75335,72,74,-2,2
75336,84,79,5,5
75337,82,88,-6,6
75338,78,75,3,3
75339,77,68,9,9
75340,93,80,13,13
75341,47,51,-4,4
75342,67,66,1,1
75343,67,67,0,0
75344,113,104,9,9
75345,179,171,8,8
75346,95,99,-4,4
75347,164,159,5,5
75348,45,55,-10,10
75349,127,119,8,8
75350,118,128,-10,10
75351,96,90,6,6
75352,57,53,4,4
75353,151,150,1,1
75354,69,90,-21,21
75355,79,76,3,3
75356,86,86,0,0
75357,186,178,8,8
75358,147,138,9,9
75359,109,112,-3,3
75360,97,88,9,9
75361,110,106,4,4
75362,69,68,1,1
75363,65,67,-2,2
75364,119,114,5,5
75365,58,65,-7,7
75366,77,76,1,1
75367,97,99,-2,2
75368,95,92,3,3
75369,123,127,-4,4
75370,107,131,-24,24
75371,117,113,4,4
75372,72,85,-13,13
75373,119,111,8,8
75374,103,98,5,5
75375,129,128,1,1
75376,83,75,8,8
75377,248,260,-12,12
75378,93,83,10,10
75379,129,131,-2,2
75380,68,75,-7,7
75381,117,115,2,2
75382,87,90,-3,3
75383,118,114,4,4
75384,98,91,7,7
75385,103,108,-5,5
75386,69,68,1,1
75387,110,101,9,9
75388,125,121,4,4
75389,113,111,2,2
75390,112,107,5,5
75391,81,77,4,4
75392,86,90,-4,4
75393,148,141,7,7
75394,102,97,5,5
75395,31,57,-26,26
75396,64,66,-2,2
75397,114,116,-2,2
75398,87,89,-2,2
75399,127,123,4,4
75400,91,98,-7,7
75401,74,69,5,5
75402,175,157,18,18
75403,223,177,46,46
75404,87,76,11,11
75405,67,63,4,4
75406,59,52,7,7
75407,104,89,15,15
75408,64,87,-23,23
75409,149,157,-8,8
75410,125,121,4,4
75411,45,54,-9,9
75412,93,97,-4,4
75413,86,88,-2,2
75414,80,73,7,7
75415,73,62,11,11
75416,92,86,6,6
75417,120,138,-18,18
75418,126,118,8,8
75419,73,71,2,2
75420,54,58,-4,4
75421,65,65,0,0
75422,100,100,0,0
75423,105,98,7,7
75424,85,77,8,8
75425,100,94,6,6
75426,81,85,-4,4
75427,67,68,-1,1
75428,174,173,1,1
75429,132,126,6,6
75430,127,103,24,24
75431,96,105,-9,9
75432,73,74,-1,1
75433,86,80,6,6
75434,73,73,0,0
75435,124,124,0,0
75436,75,71,4,4
75437,49,59,-10,10
75438,99,129,-30,30
75439,55,57,-2,2
75440,141,111,30,30
75441,62,66,-4,4
75442,75,70,5,5
75443,99,96,3,3
75444,97,93,4,4
75445,104,105,-1,1
75446,96,88,8,8
75447,122,120,2,2
75448,101,88,13,13
75449,109,113,-4,4
75450,111,111,0,0
75451,99,93,6,6
75452,77,84,-7,7
75453,118,125,-7,7
75454,89,84,5,5
75455,75,81,-6,6
75456,59,61,-2,2
75457,57,62,-5,5
75458,99,92,7,7
75459,88,73,15,15
75460,106,97,9,9
75461,101,107,-6,6
75462,131,128,3,3
75463,127,126,1,1
75464,65,60,5,5
75465,101,90,11,11
75466,140,135,5,5
75467,122,119,3,3
75468,80,78,2,2
75469,128,136,-8,8
75470,85,85,0,0
75471,111,116,-5,5
75472,78,91,-13,13
75473,93,91,2,2
75474,42,49,-7,7
75475,66,53,13,13
75476,95,100,-5,5
75477,90,74,16,16
75478,100,105,-5,5
75479,82,80,2,2
75480,67,77,-10,10
75481,105,99,6,6
75482,110,101,9,9
75483,56,58,-2,2
75484,37,51,-14,14
75485,65,72,-7,7
75486,72,72,0,0
75487,106,110,-4,4
75488,99,91,8,8
75489,104,101,3,3
75490,87,88,-1,1
75491,76,82,-6,6
75492,53,50,3,3
75493,57,61,-4,4
75494,69,64,5,5
75495,83,79,4,4
75496,56,58,-2,2
75497,78,77,1,1
75498,95,109,-14,14
75499,78,77,1,1
75500,74,70,4,4
75501,82,107,-25,25
75502,95,91,4,4
75503,85,80,5,5
75504,63,67,-4,4
75505,124,126,-2,2
75506,67,62,5,5
75507,112,114,-2,2
75508,94,93,1,1
75509,69,69,0,0
75510,121,132,-11,11
75511,82,88,-6,6
75512,111,108,3,3
75513,126,128,-2,2
75514,74,68,6,6
75515,81,75,6,6
75516,100,101,-1,1
75517,148,138,10,10
75518,88,88,0,0
75519,70,72,-2,2
75520,150,134,16,16
75521,88,83,5,5
75522,28,47,-19,19
75523,93,92,1,1
75524,96,105,-9,9
75525,90,87,3,3
75526,150,163,-13,13
75527,75,79,-4,4
75528,93,101,-8,8
75529,150,148,2,2
75530,123,103,20,20
75531,133,136,-3,3
75532,69,85,-16,16
75533,167,145,22,22
75534,46,59,-13,13
75535,92,95,-3,3
75536,54,57,-3,3
75537,154,141,13,13
75538,45,50,-5,5
75539,137,134,3,3
75540,115,108,7,7
75541,99,87,12,12
75542,93,86,7,7
75543,83,80,3,3
75544,115,104,11,11
75545,23,54,-31,31
75546,92,93,-1,1
75547,85,89,-4,4
75548,80,75,5,5
75549,190,195,-5,5
75550,95,89,6,6
75551,153,129,24,24
75552,83,89,-6,6
75553,51,54,-3,3
75554,85,84,1,1
75555,85,88,-3,3
75556,59,66,-7,7
75557,172,161,11,11
75558,53,61,-8,8
75559,128,116,12,12
75560,72,74,-2,2
75561,130,125,5,5
75562,54,59,-5,5
75563,145,124,21,21
75564,94,102,-8,8
75565,111,110,1,1
75566,35,68,-33,33
75567,74,79,-5,5
75568,85,93,-8,8
75569,129,126,3,3
75570,49,57,-8,8
75571,56,67,-11,11
75572,99,96,3,3
75573,79,95,-16,16
75574,129,124,5,5
75575,74,73,1,1
75576,78,93,-15,15
75577,70,73,-3,3
75578,157,176,-19,19
75579,98,100,-2,2
75580,66,70,-4,4
75581,75,76,-1,1
75582,76,72,4,4
75583,94,102,-8,8
75584,100,92,8,8
75585,50,51,-1,1
75586,98,97,1,1
75587,96,103,-7,7
75588,134,137,-3,3
75589,108,98,10,10
75590,212,207,5,5
75591,138,140,-2,2
75592,88,84,4,4
75593,12,48,-36,36
75594,66,65,1,1
75595,98,87,11,11
75596,110,105,5,5
75597,75,72,3,3
75598,146,154,-8,8
75599,176,185,-9,9
75600,91,84,7,7
75601,88,81,7,7
75602,51,53,-2,2
75603,190,176,14,14
75604,128,125,3,3
75605,74,74,0,0
75606,83,87,-4,4
75607,64,60,4,4
75608,127,129,-2,2
75609,130,122,8,8
75610,95,87,8,8
75611,66,137,-71,71
75612,46,60,-14,14
75613,79,81,-2,2
75614,110,110,0,0
75615,116,115,1,1
75616,68,74,-6,6
75617,70,83,-13,13
75618,59,74,-15,15
75619,107,93,14,14
75620,77,86,-9,9
75621,97,119,-22,22
75622,160,153,7,7
75623,130,142,-12,12
75624,60,59,1,1
75625,104,100,4,4
75626,91,91,0,0
75627,89,98,-9,9
75628,49,56,-7,7
75629,155,156,-1,1
75630,94,90,4,4
75631,146,147,-1,1
75632,87,91,-4,4
75633,127,124,3,3
75634,79,84,-5,5
75635,93,94,-1,1
75636,121,127,-6,6
75637,74,68,6,6
75638,113,114,-1,1
75639,163,152,11,11
75640,122,110,12,12
75641,118,125,-7,7
75642,56,58,-2,2
75643,129,118,11,11
75644,128,125,3,3
75645,159,151,8,8
75646,62,63,-1,1
75647,108,110,-2,2
75648,72,70,2,2
75649,79,82,-3,3
75650,166,159,7,7
75651,62,72,-10,10
75652,144,146,-2,2
75653,129,124,5,5
75654,72,74,-2,2
75655,93,83,10,10
75656,86,95,-9,9
75657,126,120,6,6
75658,86,82,4,4
75659,87,86,1,1
75660,183,176,7,7
75661,68,64,4,4
75662,80,76,4,4
75663,63,74,-11,11
75664,61,64,-3,3
75665,103,102,1,1
75666,46,48,-2,2
75667,107,98,9,9
75668,127,125,2,2
75669,89,86,3,3
75670,104,104,0,0
75671,82,86,-4,4
75672,114,118,-4,4
75673,82,81,1,1
75674,109,114,-5,5
75675,105,103,2,2
75676,67,73,-6,6
75677,64,63,1,1
75678,109,106,3,3
75679,50,54,-4,4
75680,49,48,1,1
75681,89,92,-3,3
75682,163,162,1,1
75683,64,71,-7,7
75684,180,171,9,9
75685,73,125,-52,52
75686,155,148,7,7
75687,106,110,-4,4
75688,102,96,6,6
75689,142,143,-1,1
75690,62,64,-2,2
75691,93,95,-2,2
75692,125,107,18,18
75693,71,72,-1,1
75694,62,67,-5,5
75695,129,124,5,5
75696,109,121,-12,12
75697,174,167,7,7
75698,103,107,-4,4
75699,124,113,11,11
75700,74,77,-3,3
75701,96,90,6,6
75702,112,110,2,2
75703,78,80,-2,2
75704,59,59,0,0
75705,54,59,-5,5
75706,86,82,4,4
75707,99,110,-11,11
75708,120,136,-16,16
75709,134,126,8,8
75710,141,131,10,10
75711,99,103,-4,4
75712,92,91,1,1
75713,121,119,2,2
75714,74,74,0,0
75715,101,90,11,11
75716,14,87,-73,73
75717,80,80,0,0
75718,88,84,4,4
75719,60,67,-7,7
75720,112,115,-3,3
75721,153,137,16,16
75722,108,105,3,3
75723,98,99,-1,1
75724,78,95,-17,17
75725,115,146,-31,31
75726,71,73,-2,2
75727,129,130,-1,1
75728,56,59,-3,3
75729,68,65,3,3
75730,80,80,0,0
75731,110,121,-11,11
75732,86,96,-10,10
75733,139,138,1,1
75734,125,122,3,3
75735,73,73,0,0
75736,122,115,7,7
75737,99,103,-4,4
75738,78,75,3,3
75739,150,136,14,14
75740,112,96,16,16
75741,95,96,-1,1
75742,85,80,5,5
75743,67,67,0,0
75744,91,84,7,7
75745,110,101,9,9
75746,88,73,15,15
75747,115,132,-17,17
75748,78,80,-2,2
75749,89,99,-10,10
75750,71,70,1,1
75751,65,60,5,5
75752,67,82,-15,15
75753,144,135,9,9
75754,98,102,-4,4
75755,78,75,3,3
75756,130,136,-6,6
75757,75,77,-2,2
75758,83,80,3,3
75759,72,65,7,7
75760,106,102,4,4
75761,44,52,-8,8
75762,108,105,3,3
75763,80,68,12,12
75764,98,105,-7,7
75765,97,93,4,4
75766,124,137,-13,13
75767,96,85,11,11
75768,71,70,1,1
75769,118,122,-4,4
75770,115,109,6,6
75771,88,87,1,1
75772,104,103,1,1
75773,75,66,9,9
75774,115,106,9,9
75775,94,84,10,10
75776,97,99,-2,2
75777,71,73,-2,2
75778,73,86,-13,13
75779,64,67,-3,3
75780,61,63,-2,2
75781,46,55,-9,9
75782,81,80,1,1
75783,56,58,-2,2
75784,99,97,2,2
75785,131,143,-12,12
75786,75,87,-12,12
75787,74,72,2,2
75788,111,108,3,3
75789,136,136,0,0
75790,81,77,4,4
75791,50,57,-7,7
75792,95,91,4,4
75793,108,121,-13,13
75794,62,108,-46,46
75795,78,77,1,1
75796,92,83,9,9
75797,42,49,-7,7
75798,102,109,-7,7
75799,104,107,-3,3
75800,55,67,-12,12
75801,69,76,-7,7
75802,90,89,1,1
75803,63,61,2,2
75804,101,103,-2,2
75805,43,55,-12,12
75806,69,73,-4,4
75807,109,108,1,1
75808,142,146,-4,4
75809,140,134,6,6
75810,67,72,-5,5
75811,62,63,-1,1
75812,114,104,10,10
75813,107,109,-2,2
75814,85,102,-17,17
75815,167,163,4,4
75816,163,171,-8,8
75817,85,85,0,0
75818,73,79,-6,6
75819,109,103,6,6
75820,61,65,-4,4
75821,77,80,-3,3
75822,207,182,25,25
75823,99,98,1,1
75824,182,173,9,9
75825,99,96,3,3
75826,83,84,-1,1
75827,75,79,-4,4
75828,139,139,0,0
75829,47,49,-2,2
75830,65,79,-14,14
75831,143,119,24,24
75832,73,78,-5,5
75833,79,81,-2,2
75834,85,77,8,8
75835,88,90,-2,2
75836,141,134,7,7
75837,71,95,-24,24
75838,96,92,4,4
75839,153,146,7,7
75840,133,123,10,10
75841,80,84,-4,4
75842,171,177,-6,6
75843,125,132,-7,7
75844,91,84,7,7
75845,61,64,-3,3
75846,131,122,9,9
75847,136,117,19,19
75848,58,63,-5,5
75849,93,89,4,4
75850,88,87,1,1
75851,68,71,-3,3
75852,129,129,0,0
75853,127,115,12,12
75854,98,143,-45,45
75855,87,85,2,2
75856,84,82,2,2
75857,51,83,-32,32
75858,72,70,2,2
75859,144,139,5,5
75860,96,96,0,0
75861,61,61,0,0
75862,86,83,3,3
75863,78,74,4,4
75864,51,61,-10,10
75865,151,145,6,6
75866,109,104,5,5
75867,108,117,-9,9
75868,80,73,7,7
75869,67,61,6,6
75870,125,141,-16,16
75871,75,68,7,7
75872,176,176,0,0
75873,105,108,-3,3
75874,82,88,-6,6
75875,146,148,-2,2
75876,49,92,-43,43
75877,68,83,-15,15
75878,119,122,-3,3
75879,40,52,-12,12
75880,118,120,-2,2
75881,65,64,1,1
75882,92,100,-8,8
75883,69,64,5,5
75884,110,105,5,5
75885,94,91,3,3
75886,152,177,-25,25
75887,118,119,-1,1
75888,72,72,0,0
75889,141,132,9,9
75890,43,49,-6,6
75891,122,113,9,9
75892,73,75,-2,2
75893,92,97,-5,5
75894,101,112,-11,11
75895,66,69,-3,3
75896,70,67,3,3
75897,43,51,-8,8
75898,84,77,7,7
75899,83,96,-13,13
75900,71,67,4,4
75901,97,88,9,9
75902,116,114,2,2
75903,107,117,-10,10
75904,152,147,5,5
75905,130,153,-23,23
75906,49,50,-1,1
75907,111,106,5,5
75908,124,113,11,11
75909,75,74,1,1
75910,112,130,-18,18
75911,111,117,-6,6
75912,97,97,0,0
75913,47,52,-5,5
75914,114,99,15,15
75915,107,111,-4,4
75916,93,92,1,1
75917,107,105,2,2
75918,114,113,1,1
75919,124,134,-10,10
75920,133,121,12,12
75921,64,64,0,0
75922,80,84,-4,4
75923,155,145,10,10
75924,98,111,-13,13
75925,82,70,12,12
75926,50,55,-5,5
75927,64,59,5,5
75928,97,101,-4,4
75929,123,113,10,10
75930,46,53,-7,7
75931,78,69,9,9
75932,122,121,1,1
75933,181,164,17,17
75934,64,69,-5,5
75935,56,57,-1,1
75936,72,81,-9,9
75937,141,134,7,7
75938,126,123,3,3
75939,71,63,8,8
75940,81,68,13,13
75941,137,126,11,11
75942,91,91,0,0
75943,117,108,9,9
75944,160,160,0,0
75945,101,89,12,12
75946,55,63,-8,8
75947,104,107,-3,3
75948,72,73,-1,1
75949,165,165,0,0
75950,74,69,5,5
75951,72,71,1,1
75952,138,117,21,21
75953,87,93,-6,6
75954,66,63,3,3
75955,78,80,-2,2
75956,80,74,6,6
75957,111,117,-6,6
75958,132,131,1,1
75959,70,70,0,0
75960,96,92,4,4
75961,127,125,2,2
75962,121,122,-1,1
75963,57,53,4,4
75964,203,197,6,6
75965,94,93,1,1
75966,81,96,-15,15
75967,52,52,0,0
75968,150,141,9,9
75969,83,112,-29,29
75970,99,83,16,16
75971,64,62,2,2
75972,79,78,1,1
75973,81,83,-2,2
75974,47,51,-4,4
75975,54,55,-1,1
75976,152,144,8,8
75977,44,52,-8,8
75978,87,84,3,3
75979,161,153,8,8
75980,83,81,2,2
75981,75,78,-3,3
75982,111,119,-8,8
75983,60,58,2,2
75984,98,89,9,9
75985,74,81,-7,7
75986,81,74,7,7
75987,113,113,0,0
75988,110,102,8,8
75989,84,85,-1,1
75990,57,55,2,2
75991,70,69,1,1
75992,175,161,14,14
75993,95,97,-2,2
75994,94,94,0,0
75995,107,104,3,3
75996,75,82,-7,7
75997,85,93,-8,8
75998,162,143,19,19
75999,93,94,-1,1
76000,73,76,-3,3
76001,86,85,1,1
76002,179,173,6,6
76003,202,196,6,6
76004,98,99,-1,1
76005,85,89,-4,4
76006,37,49,-12,12
76007,121,114,7,7
76008,128,122,6,6
76009,87,95,-8,8
76010,141,144,-3,3
76011,70,64,6,6
76012,151,158,-7,7
76013,116,117,-1,1
76014,81,76,5,5
76015,81,74,7,7
76016,89,89,0,0
76017,124,104,20,20
76018,94,96,-2,2
76019,56,64,-8,8
76020,151,144,7,7
76021,157,149,8,8
76022,70,72,-2,2
76023,154,152,2,2
76024,130,127,3,3
76025,121,115,6,6
76026,119,125,-6,6
76027,94,97,-3,3
76028,62,70,-8,8
76029,99,89,10,10
76030,82,73,9,9
76031,145,147,-2,2
76032,107,120,-13,13
76033,107,110,-3,3
76034,128,119,9,9
76035,52,53,-1,1
76036,103,100,3,3
76037,70,71,-1,1
76038,161,162,-1,1
76039,74,75,-1,1
76040,70,63,7,7
76041,114,104,10,10
76042,150,151,-1,1
76043,105,116,-11,11
76044,119,128,-9,9
76045,71,76,-5,5
76046,102,95,7,7
76047,43,58,-15,15
76048,84,83,1,1
76049,70,74,-4,4
76050,82,81,1,1
76051,74,64,10,10
76052,98,95,3,3
76053,55,61,-6,6
76054,110,113,-3,3
76055,145,154,-9,9
76056,80,76,4,4
76057,137,131,6,6
76058,77,85,-8,8
76059,80,73,7,7
76060,73,67,6,6
76061,83,74,9,9
76062,100,89,11,11
76063,85,83,2,2
76064,101,103,-2,2
76065,79,84,-5,5
76066,89,97,-8,8
76067,60,63,-3,3
76068,112,95,17,17
76069,173,173,0,0
76070,60,60,0,0
76071,41,59,-18,18
76072,57,66,-9,9
76073,88,92,-4,4
76074,101,93,8,8
76075,82,71,11,11
76076,100,99,1,1
76077,85,87,-2,2
76078,117,102,15,15
76079,83,88,-5,5
76080,162,145,17,17
76081,59,62,-3,3
76082,127,119,8,8
76083,170,155,15,15
76084,114,108,6,6
76085,111,108,3,3
76086,44,53,-9,9
76087,91,98,-7,7
76088,76,81,-5,5
76089,64,73,-9,9
76090,67,66,1,1
76091,135,129,6,6
76092,75,77,-2,2
76093,110,108,2,2
76094,84,76,8,8
76095,77,70,7,7
76096,97,98,-1,1
76097,85,91,-6,6
76098,61,56,5,5
76099,86,86,0,0
76100,75,73,2,2
76101,83,114,-31,31
76102,168,163,5,5
76103,97,97,0,0
76104,64,66,-2,2
76105,126,119,7,7
76106,85,88,-3,3
76107,111,113,-2,2
76108,87,83,4,4
76109,101,115,-14,14
76110,162,113,49,49
76111,143,147,-4,4
76112,123,115,8,8
76113,82,76,6,6
76114,101,98,3,3
76115,92,101,-9,9
76116,87,102,-15,15
76117,93,80,13,13
76118,100,110,-10,10
76119,92,87,5,5
76120,85,76,9,9
76121,49,58,-9,9
76122,79,92,-13,13
76123,58,55,3,3
76124,85,92,-7,7
76125,61,63,-2,2
76126,140,138,2,2
76127,127,131,-4,4
76128,152,150,2,2
76129,67,61,6,6
76130,64,63,1,1
76131,136,137,-1,1
76132,74,70,4,4
76133,100,92,8,8
76134,158,140,18,18
76135,80,85,-5,5
76136,88,86,2,2
76137,110,120,-10,10
76138,74,65,9,9
76139,116,121,-5,5
76140,82,78,4,4
76141,117,112,5,5
76142,81,80,1,1
76143,74,73,1,1
76144,104,104,0,0
76145,147,134,13,13
76146,82,76,6,6
76147,50,55,-5,5
76148,180,167,13,13
76149,182,188,-6,6
76150,63,75,-12,12
76151,190,166,24,24
76152,122,143,-21,21
76153,99,92,7,7
76154,66,67,-1,1
76155,53,70,-17,17
76156,63,66,-3,3
76157,125,137,-12,12
76158,112,104,8,8
76159,85,86,-1,1
76160,56,58,-2,2
76161,85,84,1,1
76162,70,80,-10,10
76163,83,88,-5,5
76164,135,135,0,0
76165,57,58,-1,1
76166,84,83,1,1
76167,90,103,-13,13
76168,59,64,-5,5
76169,77,76,1,1
76170,64,63,1,1
76171,99,103,-4,4
76172,109,104,5,5
76173,97,100,-3,3
76174,92,85,7,7
76175,87,91,-4,4
76176,42,49,-7,7
76177,74,84,-10,10
76178,162,180,-18,18
76179,125,118,7,7
76180,178,184,-6,6
76181,98,114,-16,16
76182,89,96,-7,7
76183,72,64,8,8
76184,78,75,3,3
76185,53,60,-7,7
76186,85,77,8,8
76187,122,118,4,4
76188,101,107,-6,6
76189,81,78,3,3
76190,128,91,37,37
76191,98,98,0,0
76192,154,165,-11,11
76193,122,128,-6,6
76194,63,62,1,1
76195,83,91,-8,8
76196,98,99,-1,1
76197,70,72,-2,2
76198,89,104,-15,15
76199,111,120,-9,9
76200,44,56,-12,12
76201,48,57,-9,9
76202,104,101,3,3
76203,106,106,0,0
76204,148,133,15,15
76205,128,132,-4,4
76206,118,115,3,3
76207,105,92,13,13
76208,141,149,-8,8
76209,115,105,10,10
76210,161,156,5,5
76211,71,92,-21,21
76212,149,147,2,2
76213,77,77,0,0
76214,117,110,7,7
76215,119,117,2,2
76216,116,105,11,11
76217,88,83,5,5
76218,107,113,-6,6
76219,72,80,-8,8
76220,137,156,-19,19
76221,122,129,-7,7
76222,126,126,0,0
76223,50,62,-12,12
76224,119,103,16,16
76225,79,70,9,9
76226,124,133,-9,9
76227,128,130,-2,2
76228,132,117,15,15
76229,90,87,3,3
76230,95,95,0,0
76231,97,90,7,7
76232,63,66,-3,3
76233,109,103,6,6
76234,133,146,-13,13
76235,104,104,0,0
76236,35,76,-41,41
76237,72,71,1,1
76238,65,71,-6,6
76239,120,115,5,5
76240,135,160,-25,25
76241,130,123,7,7
76242,137,139,-2,2
76243,81,80,1,1
76244,83,85,-2,2
76245,51,55,-4,4
76246,77,80,-3,3
76247,116,109,7,7
76248,72,82,-10,10
76249,97,103,-6,6
76250,78,73,5,5
76251,63,63,0,0
76252,130,136,-6,6
76253,158,150,8,8
76254,75,82,-7,7
76255,76,74,2,2
76256,101,98,3,3
76257,44,51,-7,7
76258,74,72,2,2
76259,98,91,7,7
76260,134,138,-4,4
76261,104,99,5,5
76262,88,85,3,3
76263,179,169,10,10
76264,46,55,-9,9
76265,141,139,2,2
76266,91,80,11,11
76267,72,74,-2,2
76268,82,81,1,1
76269,73,75,-2,2
76270,139,133,6,6
76271,124,120,4,4
76272,100,92,8,8
76273,98,94,4,4
76274,80,82,-2,2
76275,97,113,-16,16
76276,62,69,-7,7
76277,136,135,1,1
76278,93,87,6,6
76279,104,104,0,0
76280,158,154,4,4
76281,105,99,6,6
76282,82,68,14,14
76283,150,149,1,1
76284,161,148,13,13
76285,68,65,3,3
76286,97,99,-2,2
76287,106,102,4,4
76288,75,70,5,5
76289,95,94,1,1
76290,84,84,0,0
76291,144,133,11,11
76292,115,115,0,0
76293,45,55,-10,10
76294,99,94,5,5
76295,91,87,4,4
76296,75,69,6,6
76297,134,119,15,15
76298,69,64,5,5
76299,74,74,0,0
76300,53,54,-1,1
76301,74,77,-3,3
76302,95,94,1,1
76303,54,60,-6,6
76304,96,92,4,4
76305,93,92,1,1
76306,108,108,0,0
76307,104,120,-16,16
76308,80,79,1,1
76309,87,76,11,11
76310,98,105,-7,7
76311,60,64,-4,4
76312,65,68,-3,3
76313,75,84,-9,9
76314,80,87,-7,7
76315,81,91,-10,10
76316,123,115,8,8
76317,89,96,-7,7
76318,142,142,0,0
76319,64,63,1,1
76320,100,103,-3,3
76321,45,59,-14,14
76322,118,108,10,10
76323,73,76,-3,3
76324,74,76,-2,2
76325,102,103,-1,1
76326,66,77,-11,11
76327,120,127,-7,7
76328,57,56,1,1
76329,149,134,15,15
76330,131,135,-4,4
76331,81,75,6,6
76332,61,61,0,0
76333,89,90,-1,1
76334,66,61,5,5
76335,64,67,-3,3
76336,76,80,-4,4
76337,124,119,5,5
76338,48,58,-10,10
76339,68,71,-3,3
76340,100,102,-2,2
76341,96,96,0,0
76342,50,50,0,0
76343,85,89,-4,4
76344,85,86,-1,1
76345,61,64,-3,3
76346,91,78,13,13
76347,72,71,1,1
76348,129,116,13,13
76349,104,100,4,4
76350,54,64,-10,10
76351,53,57,-4,4
76352,105,112,-7,7
76353,91,106,-15,15
76354,66,73,-7,7
76355,59,58,1,1
76356,118,115,3,3
76357,109,117,-8,8
76358,63,64,-1,1
76359,63,55,8,8
76360,68,69,-1,1
76361,166,175,-9,9
76362,84,78,6,6
76363,66,63,3,3
76364,100,113,-13,13
76365,104,98,6,6
76366,65,64,1,1
76367,57,61,-4,4
76368,99,97,2,2
76369,96,115,-19,19
76370,71,66,5,5
76371,57,65,-8,8
76372,105,112,-7,7
76373,88,81,7,7
76374,54,58,-4,4
76375,181,167,14,14
76376,100,97,3,3
76377,103,101,2,2
76378,138,126,12,12
76379,65,69,-4,4
76380,71,74,-3,3
76381,70,70,0,0
76382,72,69,3,3
76383,66,60,6,6
76384,79,76,3,3
76385,169,168,1,1
76386,129,122,7,7
76387,129,106,23,23
76388,63,64,-1,1
76389,92,88,4,4
76390,109,111,-2,2
76391,58,61,-3,3
76392,108,99,9,9
76393,107,99,8,8
76394,162,157,5,5
76395,57,57,0,0
76396,109,116,-7,7
76397,86,87,-1,1
76398,91,84,7,7
76399,89,80,9,9
76400,93,95,-2,2
76401,70,67,3,3
76402,73,72,1,1
76403,71,66,5,5
76404,59,62,-3,3
76405,166,164,2,2
76406,71,63,8,8
76407,71,63,8,8
76408,132,117,15,15
76409,103,110,-7,7
76410,114,104,10,10
76411,103,111,-8,8
76412,98,95,3,3
76413,92,83,9,9
76414,102,111,-9,9
76415,113,120,-7,7
76416,130,158,-28,28
76417,56,63,-7,7
76418,127,122,5,5
76419,53,68,-15,15
76420,129,127,2,2
76421,93,89,4,4
76422,133,125,8,8
76423,93,88,5,5
76424,92,93,-1,1
76425,45,53,-8,8
76426,96,86,10,10
76427,104,128,-24,24
76428,65,66,-1,1
76429,114,108,6,6
76430,52,53,-1,1
76431,80,80,0,0
76432,135,134,1,1
76433,78,91,-13,13
76434,69,68,1,1
76435,61,58,3,3
76436,75,71,4,4
76437,131,135,-4,4
76438,108,117,-9,9
76439,96,95,1,1
76440,178,167,11,11
76441,171,175,-4,4
76442,81,74,7,7
76443,91,83,8,8
76444,69,74,-5,5
76445,146,136,10,10
76446,111,100,11,11
76447,65,62,3,3
76448,86,83,3,3
76449,79,94,-15,15
76450,108,98,10,10
76451,94,92,2,2
76452,107,106,1,1
76453,100,95,5,5
76454,121,112,9,9
76455,144,158,-14,14
76456,66,68,-2,2
76457,40,50,-10,10
76458,99,99,0,0
76459,32,49,-17,17
76460,69,69,0,0
76461,145,147,-2,2
76462,76,80,-4,4
76463,85,83,2,2
76464,53,59,-6,6
76465,27,52,-25,25
76466,55,70,-15,15
76467,41,52,-11,11
76468,57,62,-5,5
76469,83,64,19,19
76470,77,74,3,3
76471,85,95,-10,10
76472,118,105,13,13
76473,55,58,-3,3
76474,62,63,-1,1
76475,111,108,3,3
76476,108,105,3,3
76477,89,92,-3,3
76478,97,90,7,7
76479,94,99,-5,5
76480,61,65,-4,4
76481,82,89,-7,7
76482,83,87,-4,4
76483,140,121,19,19
76484,152,133,19,19
76485,86,80,6,6
76486,33,47,-14,14
76487,88,84,4,4
76488,71,66,5,5
76489,97,114,-17,17
76490,81,84,-3,3
76491,129,122,7,7
76492,55,59,-4,4
76493,122,125,-3,3
76494,103,113,-10,10
76495,98,91,7,7
76496,89,83,6,6
76497,87,82,5,5
76498,79,82,-3,3
76499,98,108,-10,10
76500,49,68,-19,19
76501,82,81,1,1
76502,120,121,-1,1
76503,108,107,1,1
76504,169,163,6,6
76505,161,156,5,5
76506,134,142,-8,8
76507,96,101,-5,5
76508,56,69,-13,13
76509,101,104,-3,3
76510,86,94,-8,8
76511,82,86,-4,4
76512,85,91,-6,6
76513,79,74,5,5
76514,78,82,-4,4
76515,105,92,13,13
76516,142,139,3,3
76517,65,77,-12,12
76518,57,65,-8,8
76519,81,81,0,0
76520,139,114,25,25
76521,84,80,4,4
76522,81,80,1,1
76523,154,134,20,20
76524,147,139,8,8
76525,153,144,9,9
76526,73,75,-2,2
76527,141,141,0,0
76528,43,51,-8,8
76529,101,98,3,3
76530,42,51,-9,9
76531,78,80,-2,2
76532,97,108,-11,11
76533,65,68,-3,3
76534,58,59,-1,1
76535,79,87,-8,8
76536,95,94,1,1
76537,105,120,-15,15
76538,37,47,-10,10
76539,82,91,-9,9
76540,130,125,5,5
76541,99,108,-9,9
76542,125,103,22,22
76543,51,63,-12,12
76544,87,87,0,0
76545,147,155,-8,8
76546,61,58,3,3
76547,122,126,-4,4
76548,70,77,-7,7
76549,81,72,9,9
76550,93,90,3,3
76551,136,139,-3,3
76552,61,65,-4,4
76553,75,83,-8,8
76554,118,104,14,14
76555,110,115,-5,5
76556,153,161,-8,8
76557,57,55,2,2
76558,128,117,11,11
76559,118,110,8,8
76560,81,89,-8,8
76561,82,79,3,3
76562,126,123,3,3
76563,110,106,4,4
76564,91,95,-4,4
76565,106,88,18,18
76566,92,89,3,3
76567,74,78,-4,4
76568,119,117,2,2
76569,47,52,-5,5
76570,81,90,-9,9
76571,101,94,7,7
76572,91,89,2,2
76573,68,69,-1,1
76574,119,115,4,4
76575,90,86,4,4
76576,104,107,-3,3
76577,80,85,-5,5
76578,84,89,-5,5
76579,132,122,10,10
76580,32,66,-34,34
76581,139,134,5,5
76582,85,82,3,3
76583,83,84,-1,1
76584,55,57,-2,2
76585,98,109,-11,11
76586,177,174,3,3
76587,81,85,-4,4
76588,90,97,-7,7
76589,133,120,13,13
76590,85,67,18,18
76591,58,56,2,2
76592,133,131,2,2
76593,81,78,3,3
76594,149,141,8,8
76595,107,105,2,2
76596,113,96,17,17
76597,108,100,8,8
76598,93,87,6,6
76599,100,90,10,10
76600,66,70,-4,4
76601,109,100,9,9
76602,77,86,-9,9
76603,208,181,27,27
76604,79,87,-8,8
76605,74,65,9,9
76606,74,72,2,2
76607,131,124,7,7
76608,127,115,12,12
76609,77,71,6,6
76610,100,78,22,22
76611,82,114,-32,32
76612,100,103,-3,3
76613,65,74,-9,9
76614,97,102,-5,5
76615,146,130,16,16
76616,99,86,13,13
76617,117,110,7,7
76618,71,73,-2,2
76619,60,61,-1,1
76620,75,78,-3,3
76621,46,58,-12,12
76622,121,106,15,15
76623,55,54,1,1
76624,119,125,-6,6
76625,178,173,5,5
76626,131,129,2,2
76627,123,119,4,4
76628,99,98,1,1
76629,164,159,5,5
76630,69,70,-1,1
76631,55,60,-5,5
76632,148,150,-2,2
76633,67,67,0,0
76634,138,139,-1,1
76635,115,108,7,7
76636,134,128,6,6
76637,91,99,-8,8
76638,94,92,2,2
76639,114,110,4,4
76640,92,91,1,1
76641,98,99,-1,1
76642,41,48,-7,7
76643,49,56,-7,7
76644,59,73,-14,14
76645,90,87,3,3
76646,165,156,9,9
76647,53,58,-5,5
76648,67,67,0,0
76649,77,72,5,5
76650,87,80,7,7
76651,65,63,2,2
76652,133,130,3,3
76653,98,95,3,3
76654,103,103,0,0
76655,85,81,4,4
76656,153,148,5,5
76657,85,75,10,10
76658,126,136,-10,10
76659,102,114,-12,12
76660,115,112,3,3
76661,78,90,-12,12
76662,152,160,-8,8
76663,72,73,-1,1
76664,65,64,1,1
76665,71,71,0,0
76666,134,137,-3,3
76667,104,105,-1,1
76668,54,59,-5,5
76669,133,123,10,10
76670,99,85,14,14
76671,69,69,0,0
76672,169,171,-2,2
76673,94,96,-2,2
76674,106,111,-5,5
76675,86,86,0,0
76676,107,102,5,5
76677,52,57,-5,5
76678,71,76,-5,5
76679,87,80,7,7
76680,155,163,-8,8
76681,58,61,-3,3
76682,144,136,8,8
76683,111,106,5,5
76684,90,89,1,1
76685,74,63,11,11
76686,100,90,10,10
76687,112,113,-1,1
76688,117,115,2,2
76689,48,89,-41,41
76690,107,95,12,12
76691,144,142,2,2
76692,86,77,9,9
76693,101,96,5,5
76694,94,98,-4,4
76695,129,115,14,14
76696,132,135,-3,3
76697,61,62,-1,1
76698,103,109,-6,6
76699,104,97,7,7
76700,135,119,16,16
76701,76,82,-6,6
76702,112,117,-5,5
76703,114,98,16,16
76704,69,64,5,5
76705,92,80,12,12
76706,80,85,-5,5
76707,139,130,9,9
76708,76,75,1,1
76709,71,70,1,1
76710,100,102,-2,2
76711,106,100,6,6
76712,145,139,6,6
76713,76,85,-9,9
76714,92,100,-8,8
76715,49,51,-2,2
76716,110,105,5,5
76717,92,93,-1,1
76718,173,148,25,25
76719,98,97,1,1
76720,175,155,20,20
76721,75,85,-10,10
76722,103,87,16,16
76723,111,128,-17,17
76724,215,207,8,8
76725,131,123,8,8
76726,67,75,-8,8
76727,127,140,-13,13
76728,72,74,-2,2
76729,43,66,-23,23
76730,65,67,-2,2
76731,69,67,2,2
76732,149,159,-10,10
76733,75,67,8,8
76734,81,82,-1,1
76735,76,64,12,12
76736,53,67,-14,14
76737,79,88,-9,9
76738,152,142,10,10
76739,97,98,-1,1
76740,48,52,-4,4
76741,107,110,-3,3
76742,118,118,0,0
76743,78,74,4,4
76744,98,96,2,2
76745,121,113,8,8
76746,108,102,6,6
76747,59,57,2,2
76748,95,98,-3,3
76749,98,99,-1,1
76750,71,69,2,2
76751,76,76,0,0
76752,100,109,-9,9
76753,70,69,1,1
76754,71,64,7,7
76755,94,75,19,19
76756,86,88,-2,2
76757,102,110,-8,8
76758,106,103,3,3
76759,74,82,-8,8
76760,49,62,-13,13
76761,103,95,8,8
76762,70,72,-2,2
76763,168,172,-4,4
76764,66,69,-3,3
76765,128,133,-5,5
76766,110,107,3,3
76767,82,75,7,7
76768,92,81,11,11
76769,187,187,0,0
76770,101,118,-17,17
76771,47,54,-7,7
76772,72,70,2,2
76773,77,77,0,0
76774,30,47,-17,17
76775,124,126,-2,2
76776,218,189,29,29
76777,110,114,-4,4
76778,106,114,-8,8
76779,133,121,12,12
76780,88,78,10,10
76781,58,59,-1,1
76782,184,171,13,13
76783,152,136,16,16
76784,87,91,-4,4
76785,167,157,10,10
76786,93,97,-4,4
76787,130,111,19,19
76788,96,86,10,10
76789,119,125,-6,6
76790,81,81,0,0
76791,52,53,-1,1
76792,66,61,5,5
76793,102,109,-7,7
76794,76,71,5,5
76795,117,105,12,12
76796,98,93,5,5
76797,81,83,-2,2
76798,99,105,-6,6
76799,81,74,7,7
76800,64,72,-8,8
76801,139,143,-4,4
76802,84,84,0,0
76803,68,66,2,2
76804,42,53,-11,11
76805,73,66,7,7
76806,158,124,34,34
76807,101,105,-4,4
76808,122,114,8,8
76809,76,84,-8,8
76810,129,156,-27,27
76811,99,88,11,11
76812,71,66,5,5
76813,80,79,1,1
76814,141,132,9,9
76815,48,50,-2,2
76816,146,137,9,9
76817,83,87,-4,4
76818,102,101,1,1
76819,87,87,0,0
76820,83,75,8,8
76821,63,70,-7,7
76822,89,88,1,1
76823,142,131,11,11
76824,90,96,-6,6
76825,97,93,4,4
76826,130,126,4,4
76827,88,84,4,4
76828,146,149,-3,3
76829,118,108,10,10
76830,124,119,5,5
76831,108,121,-13,13
76832,53,57,-4,4
76833,78,80,-2,2
76834,54,59,-5,5
76835,121,112,9,9
76836,105,114,-9,9
76837,47,60,-13,13
76838,58,58,0,0
76839,126,116,10,10
76840,165,150,15,15
76841,118,112,6,6
76842,54,56,-2,2
76843,98,93,5,5
76844,39,48,-9,9
76845,88,94,-6,6
76846,85,92,-7,7
76847,92,103,-11,11
76848,101,105,-4,4
76849,69,77,-8,8
76850,70,67,3,3
76851,57,90,-33,33
76852,89,87,2,2
76853,165,159,6,6
76854,88,87,1,1
76855,142,135,7,7
76856,109,115,-6,6
76857,105,104,1,1
76858,94,99,-5,5
76859,124,121,3,3
76860,119,115,4,4
76861,41,51,-10,10
76862,102,102,0,0
76863,90,71,19,19
76864,126,130,-4,4
76865,59,72,-13,13
76866,74,71,3,3
76867,104,111,-7,7
76868,101,100,1,1
76869,102,99,3,3
76870,123,129,-6,6
76871,90,90,0,0
76872,85,79,6,6
76873,85,92,-7,7
76874,57,57,0,0
76875,73,78,-5,5
76876,73,76,-3,3
76877,106,112,-6,6
76878,47,49,-2,2
76879,91,95,-4,4
76880,93,83,10,10
76881,63,65,-2,2
76882,80,78,2,2
76883,71,72,-1,1
76884,92,87,5,5
76885,125,118,7,7
76886,82,91,-9,9
76887,97,102,-5,5
76888,59,59,0,0
76889,125,139,-14,14
76890,115,105,10,10
76891,103,98,5,5
76892,97,95,2,2
76893,89,90,-1,1
76894,78,77,1,1
76895,159,149,10,10
76896,117,127,-10,10
76897,100,94,6,6
76898,104,105,-1,1
76899,97,109,-12,12
76900,114,105,9,9
76901,118,127,-9,9
76902,99,86,13,13
76903,98,93,5,5
76904,114,116,-2,2
76905,99,102,-3,3
76906,95,92,3,3
76907,68,72,-4,4
76908,119,114,5,5
76909,125,118,7,7
76910,74,77,-3,3
76911,97,92,5,5
76912,101,97,4,4
76913,157,153,4,4
76914,141,137,4,4
76915,132,137,-5,5
76916,104,103,1,1
76917,85,88,-3,3
76918,110,110,0,0
76919,91,106,-15,15
76920,53,51,2,2
76921,81,80,1,1
76922,78,79,-1,1
76923,79,92,-13,13
76924,73,69,4,4
76925,81,84,-3,3
76926,89,85,4,4
76927,78,75,3,3
76928,122,109,13,13
76929,64,66,-2,2
76930,52,54,-2,2
76931,87,91,-4,4
76932,134,135,-1,1
76933,104,98,6,6
76934,116,122,-6,6
76935,102,107,-5,5
76936,160,118,42,42
76937,83,79,4,4
76938,159,169,-10,10
76939,130,138,-8,8
76940,92,89,3,3
76941,95,90,5,5
76942,179,189,-10,10
76943,132,110,22,22
76944,53,56,-3,3
76945,100,97,3,3
76946,105,95,10,10
76947,77,79,-2,2
76948,115,113,2,2
76949,126,129,-3,3
76950,91,92,-1,1
76951,79,78,1,1
76952,40,54,-14,14
76953,128,125,3,3
76954,145,137,8,8
76955,153,142,11,11
76956,81,78,3,3
76957,113,122,-9,9
76958,138,124,14,14
76959,100,103,-3,3
76960,77,70,7,7
76961,71,72,-1,1
76962,110,113,-3,3
76963,118,114,4,4
76964,137,141,-4,4
76965,94,95,-1,1
76966,65,65,0,0
76967,52,71,-19,19
76968,74,76,-2,2
76969,68,65,3,3
76970,101,104,-3,3
76971,104,100,4,4
76972,138,131,7,7
76973,71,68,3,3
76974,140,125,15,15
76975,83,83,0,0
76976,91,91,0,0
76977,125,116,9,9
76978,77,83,-6,6
76979,63,61,2,2
76980,116,110,6,6
76981,102,102,0,0
76982,121,130,-9,9
76983,116,113,3,3
76984,181,181,0,0
76985,112,122,-10,10
76986,151,160,-9,9
76987,127,123,4,4
76988,87,84,3,3
76989,123,122,1,1
76990,74,84,-10,10
76991,161,157,4,4
76992,48,54,-6,6
76993,207,197,10,10
76994,124,129,-5,5
76995,91,99,-8,8
76996,104,102,2,2
76997,118,124,-6,6
76998,112,112,0,0
76999,70,70,0,0
77000,76,67,9,9
77001,133,124,9,9
77002,79,72,7,7
77003,56,67,-11,11
77004,111,133,-22,22
77005,48,57,-9,9
77006,80,69,11,11
77007,144,142,2,2
77008,39,49,-10,10
77009,91,94,-3,3
77010,97,96,1,1
77011,93,83,10,10
77012,142,133,9,9
77013,116,114,2,2
77014,86,91,-5,5
77015,128,134,-6,6
77016,101,109,-8,8
77017,53,62,-9,9
77018,153,148,5,5
77019,69,79,-10,10
77020,101,93,8,8
77021,146,146,0,0
77022,107,107,0,0
77023,86,86,0,0
77024,44,54,-10,10
77025,64,69,-5,5
77026,90,69,21,21
77027,69,71,-2,2
77028,78,90,-12,12
77029,141,139,2,2
77030,54,50,4,4
77031,61,55,6,6
77032,140,127,13,13
77033,158,135,23,23
77034,96,90,6,6
77035,159,158,1,1
77036,155,131,24,24
77037,152,141,11,11
77038,62,59,3,3
77039,84,78,6,6
77040,197,191,6,6
77041,123,123,0,0
77042,80,83,-3,3
77043,25,50,-25,25
77044,140,148,-8,8
77045,65,73,-8,8
77046,67,97,-30,30
77047,62,67,-5,5
77048,71,69,2,2
77049,138,139,-1,1
77050,73,72,1,1
77051,84,89,-5,5
77052,227,199,28,28
77053,97,91,6,6
77054,47,51,-4,4
77055,74,80,-6,6
77056,75,80,-5,5
77057,64,67,-3,3
77058,107,107,0,0
77059,60,59,1,1
77060,70,72,-2,2
77061,117,99,18,18
77062,110,119,-9,9
77063,118,120,-2,2
77064,86,86,0,0
77065,61,71,-10,10
77066,72,71,1,1
77067,153,143,10,10
77068,92,94,-2,2
77069,117,119,-2,2
77070,79,79,0,0
77071,111,100,11,11
77072,48,51,-3,3
77073,71,62,9,9
77074,100,101,-1,1
77075,90,82,8,8
77076,67,70,-3,3
77077,111,111,0,0
77078,68,67,1,1
77079,113,105,8,8
77080,78,97,-19,19
77081,94,93,1,1
77082,86,88,-2,2
77083,131,134,-3,3
77084,142,128,14,14
77085,83,91,-8,8
77086,62,78,-16,16
77087,74,68,6,6
77088,143,140,3,3
77089,163,162,1,1
77090,78,75,3,3
77091,42,49,-7,7
77092,69,69,0,0
77093,68,68,0,0
77094,132,125,7,7
77095,59,60,-1,1
77096,107,106,1,1
77097,107,110,-3,3
77098,49,53,-4,4
77099,114,111,3,3
77100,87,81,6,6
77101,103,83,20,20
77102,122,114,8,8
77103,114,113,1,1
77104,172,161,11,11
77105,69,72,-3,3
77106,57,63,-6,6
77107,108,107,1,1
77108,80,97,-17,17
77109,70,70,0,0
77110,126,126,0,0
77111,102,94,8,8
77112,45,57,-12,12
77113,72,68,4,4
77114,174,160,14,14
77115,101,107,-6,6
77116,53,56,-3,3
77117,71,68,3,3
77118,157,172,-15,15
77119,139,130,9,9
77120,116,104,12,12
77121,86,78,8,8
77122,96,92,4,4
77123,107,109,-2,2
77124,98,110,-12,12
77125,89,93,-4,4
77126,117,127,-10,10
77127,108,109,-1,1
77128,54,55,-1,1
77129,116,119,-3,3
77130,111,112,-1,1
77131,139,145,-6,6
77132,74,72,2,2
77133,117,123,-6,6
77134,106,115,-9,9
77135,158,139,19,19
77136,97,98,-1,1
77137,70,64,6,6
77138,106,107,-1,1
77139,82,75,7,7
77140,141,127,14,14
77141,132,127,5,5
77142,114,105,9,9
77143,145,141,4,4
77144,56,61,-5,5
77145,109,97,12,12
77146,131,118,13,13
77147,154,121,33,33
77148,73,68,5,5
77149,63,69,-6,6
77150,134,152,-18,18
77151,91,83,8,8
77152,127,121,6,6
77153,42,50,-8,8
77154,101,107,-6,6
77155,52,54,-2,2
77156,143,146,-3,3
77157,92,86,6,6
77158,84,79,5,5
77159,101,119,-18,18
77160,117,121,-4,4
77161,85,89,-4,4
77162,52,59,-7,7
77163,74,65,9,9
77164,78,65,13,13
77165,64,62,2,2
77166,90,92,-2,2
77167,59,66,-7,7
77168,53,62,-9,9
77169,94,98,-4,4
77170,77,76,1,1
77171,108,93,15,15
77172,138,131,7,7
77173,83,86,-3,3
77174,150,137,13,13
77175,108,104,4,4
77176,64,67,-3,3
77177,101,113,-12,12
77178,92,87,5,5
77179,150,141,9,9
77180,133,134,-1,1
77181,42,57,-15,15
77182,43,50,-7,7
77183,63,61,2,2
77184,82,86,-4,4
77185,56,51,5,5
77186,101,113,-12,12
77187,65,74,-9,9
77188,112,108,4,4
77189,50,53,-3,3
77190,130,123,7,7
77191,88,100,-12,12
77192,74,70,4,4
77193,129,136,-7,7
77194,57,64,-7,7
77195,110,108,2,2
77196,99,102,-3,3
77197,77,70,7,7
77198,117,115,2,2
77199,107,99,8,8
77200,62,60,2,2
77201,75,79,-4,4
77202,97,104,-7,7
77203,54,63,-9,9
77204,80,74,6,6
77205,84,79,5,5
77206,52,56,-4,4
77207,106,104,2,2
77208,99,115,-16,16
77209,92,88,4,4
77210,53,60,-7,7
77211,135,136,-1,1
77212,116,101,15,15
77213,96,102,-6,6
77214,116,115,1,1
77215,90,88,2,2
77216,187,159,28,28
77217,55,92,-37,37
77218,48,67,-19,19
77219,77,82,-5,5
77220,74,77,-3,3
77221,97,106,-9,9
77222,159,155,4,4
77223,127,124,3,3
77224,83,84,-1,1
77225,67,68,-1,1
77226,103,97,6,6
77227,68,61,7,7
77228,75,71,4,4
77229,88,90,-2,2
77230,82,110,-28,28
77231,128,118,10,10
77232,177,168,9,9
77233,140,134,6,6
77234,108,90,18,18
77235,59,54,5,5
77236,97,98,-1,1
77237,105,104,1,1
77238,59,59,0,0
77239,74,73,1,1
77240,63,61,2,2
77241,53,58,-5,5
77242,67,68,-1,1
77243,88,87,1,1
77244,116,115,1,1
77245,141,142,-1,1
77246,123,126,-3,3
77247,111,111,0,0
77248,89,87,2,2
77249,112,94,18,18
77250,118,116,2,2
77251,51,54,-3,3
77252,165,160,5,5
77253,70,72,-2,2
77254,92,84,8,8
77255,156,134,22,22
77256,160,140,20,20
77257,64,64,0,0
77258,137,138,-1,1
77259,93,86,7,7
77260,124,127,-3,3
77261,77,77,0,0
77262,128,126,2,2
77263,79,69,10,10
77264,61,71,-10,10
77265,112,102,10,10
77266,45,51,-6,6
77267,67,64,3,3
77268,126,125,1,1
77269,92,88,4,4
77270,74,77,-3,3
77271,67,74,-7,7
77272,105,99,6,6
77273,167,170,-3,3
77274,131,128,3,3
77275,84,126,-42,42
77276,110,122,-12,12
77277,72,77,-5,5
77278,71,119,-48,48
77279,115,119,-4,4
77280,159,156,3,3
77281,82,93,-11,11
77282,100,110,-10,10
77283,70,64,6,6
77284,104,105,-1,1
77285,49,55,-6,6
77286,104,108,-4,4
77287,101,108,-7,7
77288,66,71,-5,5
77289,87,87,0,0
77290,85,94,-9,9
77291,124,134,-10,10
77292,121,112,9,9
77293,97,89,8,8
77294,63,62,1,1
77295,93,95,-2,2
77296,79,72,7,7
77297,49,55,-6,6
77298,95,95,0,0
77299,76,79,-3,3
77300,133,135,-2,2
77301,66,69,-3,3
77302,85,97,-12,12
77303,228,246,-18,18
77304,124,133,-9,9
77305,90,82,8,8
77306,95,92,3,3
77307,54,58,-4,4
77308,82,90,-8,8
77309,155,144,11,11
77310,173,167,6,6
77311,171,159,12,12
77312,42,61,-19,19
77313,141,142,-1,1
77314,92,85,7,7
77315,94,88,6,6
77316,82,85,-3,3
77317,132,128,4,4
77318,124,118,6,6
77319,94,89,5,5
77320,60,61,-1,1
77321,58,64,-6,6
77322,102,108,-6,6
77323,112,109,3,3
77324,121,120,1,1
77325,133,141,-8,8
77326,54,71,-17,17
77327,105,112,-7,7
77328,82,84,-2,2
77329,104,97,7,7
77330,91,85,6,6
77331,103,111,-8,8
77332,96,104,-8,8
77333,147,162,-15,15
77334,95,96,-1,1
77335,111,120,-9,9
77336,106,110,-4,4
77337,59,58,1,1
77338,77,72,5,5
77339,97,85,12,12
77340,73,60,13,13
77341,105,99,6,6
77342,122,114,8,8
77343,55,64,-9,9
77344,108,110,-2,2
77345,59,61,-2,2
77346,124,129,-5,5
77347,116,124,-8,8
77348,100,93,7,7
77349,76,80,-4,4
77350,102,96,6,6
77351,95,102,-7,7
77352,138,127,11,11
77353,119,116,3,3
77354,78,80,-2,2
77355,108,110,-2,2
77356,34,48,-14,14
77357,105,107,-2,2
77358,120,114,6,6
77359,91,90,1,1
77360,103,114,-11,11
77361,75,75,0,0
77362,176,164,12,12
77363,85,79,6,6
77364,75,75,0,0
77365,103,106,-3,3
77366,81,81,0,0
77367,105,115,-10,10
77368,50,60,-10,10
77369,118,116,2,2
77370,163,158,5,5
77371,137,131,6,6
77372,167,167,0,0
77373,116,113,3,3
77374,52,53,-1,1
77375,115,109,6,6
77376,188,190,-2,2
77377,187,176,11,11
77378,84,80,4,4
77379,124,120,4,4
77380,95,94,1,1
77381,79,89,-10,10
77382,72,64,8,8
77383,68,68,0,0
77384,116,115,1,1
77385,83,106,-23,23
77386,94,87,7,7
77387,63,65,-2,2
77388,200,198,2,2
77389,61,62,-1,1
77390,148,139,9,9
77391,56,58,-2,2
77392,110,109,1,1
77393,94,97,-3,3
77394,59,70,-11,11
77395,76,70,6,6
77396,67,78,-11,11
77397,102,107,-5,5
77398,165,150,15,15
77399,79,78,1,1
77400,74,67,7,7
77401,136,131,5,5
77402,116,105,11,11
77403,95,100,-5,5
77404,112,114,-2,2
77405,65,70,-5,5
77406,43,50,-7,7
77407,92,90,2,2
77408,48,52,-4,4
77409,75,75,0,0
77410,118,118,0,0
77411,99,94,5,5
77412,101,96,5,5
77413,41,60,-19,19
77414,78,88,-10,10
77415,129,114,15,15
77416,109,116,-7,7
77417,81,79,2,2
77418,167,161,6,6
77419,55,81,-26,26
77420,202,181,21,21
77421,118,114,4,4
77422,122,126,-4,4
77423,67,66,1,1
77424,67,66,1,1
77425,54,54,0,0
77426,54,58,-4,4
77427,89,93,-4,4
77428,107,104,3,3
77429,94,92,2,2
77430,72,63,9,9
77431,127,132,-5,5
77432,84,94,-10,10
77433,64,67,-3,3
77434,96,97,-1,1
77435,116,111,5,5
77436,127,128,-1,1
77437,128,121,7,7
77438,118,132,-14,14
77439,62,64,-2,2
77440,73,65,8,8
77441,36,47,-11,11
77442,165,147,18,18
77443,100,107,-7,7
77444,65,69,-4,4
77445,75,80,-5,5
77446,75,88,-13,13
77447,97,103,-6,6
77448,93,109,-16,16
77449,57,61,-4,4
77450,59,63,-4,4
77451,85,79,6,6
77452,99,113,-14,14
77453,87,88,-1,1
77454,102,114,-12,12
77455,75,80,-5,5
77456,92,91,1,1
77457,79,89,-10,10
77458,50,57,-7,7
77459,48,57,-9,9
77460,217,190,27,27
77461,132,122,10,10
77462,101,100,1,1
77463,82,81,1,1
77464,116,120,-4,4
77465,112,100,12,12
77466,66,78,-12,12
77467,81,89,-8,8
77468,56,56,0,0
77469,97,89,8,8
77470,84,76,8,8
77471,37,50,-13,13
77472,74,73,1,1
77473,127,121,6,6
77474,54,60,-6,6
77475,80,75,5,5
77476,57,53,4,4
77477,106,83,23,23
77478,91,90,1,1
77479,103,104,-1,1
77480,114,101,13,13
77481,131,134,-3,3
77482,85,81,4,4
77483,85,87,-2,2
77484,93,94,-1,1
77485,74,67,7,7
77486,88,90,-2,2
77487,52,56,-4,4
77488,41,48,-7,7
77489,82,82,0,0
77490,112,111,1,1
77491,67,65,2,2
77492,69,78,-9,9
77493,150,139,11,11
77494,93,96,-3,3
77495,63,59,4,4
77496,95,86,9,9
77497,46,51,-5,5
77498,72,71,1,1
77499,77,82,-5,5
77500,87,93,-6,6
77501,121,125,-4,4
77502,149,141,8,8
77503,82,70,12,12
77504,57,58,-1,1
77505,127,113,14,14
77506,103,92,11,11
77507,96,95,1,1
77508,82,77,5,5
77509,161,156,5,5
77510,133,129,4,4
77511,73,71,2,2
77512,71,60,11,11
77513,168,161,7,7
77514,137,136,1,1
77515,72,66,6,6
77516,77,80,-3,3
77517,114,115,-1,1
77518,115,112,3,3
77519,70,64,6,6
77520,78,82,-4,4
77521,118,122,-4,4
77522,88,88,0,0
77523,81,74,7,7
77524,118,119,-1,1
77525,60,59,1,1
77526,98,100,-2,2
77527,99,88,11,11
77528,55,59,-4,4
77529,100,97,3,3
77530,75,76,-1,1
77531,77,71,6,6
77532,139,142,-3,3
77533,99,92,7,7
77534,106,110,-4,4
77535,92,97,-5,5
77536,87,87,0,0
77537,55,65,-10,10
77538,89,98,-9,9
77539,106,113,-7,7
77540,161,166,-5,5
77541,72,75,-3,3
77542,119,107,12,12
77543,90,83,7,7
77544,110,107,3,3
77545,51,58,-7,7
77546,63,65,-2,2
77547,42,56,-14,14
77548,85,78,7,7
77549,144,141,3,3
77550,69,74,-5,5
77551,43,56,-13,13
77552,94,99,-5,5
77553,178,191,-13,13
77554,80,78,2,2
77555,65,68,-3,3
77556,62,65,-3,3
77557,62,61,1,1
77558,144,149,-5,5
77559,102,100,2,2
77560,104,103,1,1
77561,45,58,-13,13
77562,57,61,-4,4
77563,132,111,21,21
77564,105,98,7,7
77565,99,98,1,1
77566,60,69,-9,9
77567,72,74,-2,2
77568,122,127,-5,5
77569,141,139,2,2
77570,94,86,8,8
77571,89,95,-6,6
77572,43,53,-10,10
77573,160,153,7,7
77574,84,73,11,11
77575,84,79,5,5
77576,90,95,-5,5
77577,68,71,-3,3
77578,189,180,9,9
77579,77,88,-11,11
77580,59,63,-4,4
77581,139,142,-3,3
77582,98,98,0,0
77583,147,137,10,10
77584,158,133,25,25
77585,97,92,5,5
77586,109,112,-3,3
77587,112,109,3,3
77588,74,73,1,1
77589,155,144,11,11
77590,75,75,0,0
77591,129,121,8,8
77592,189,190,-1,1
77593,98,101,-3,3
77594,68,70,-2,2
77595,100,99,1,1
77596,136,122,14,14
77597,144,142,2,2
77598,123,126,-3,3
77599,60,57,3,3
77600,131,123,8,8
77601,74,80,-6,6
77602,148,122,26,26
77603,112,104,8,8
77604,60,64,-4,4
77605,89,83,6,6
77606,83,90,-7,7
77607,100,91,9,9
77608,70,73,-3,3
77609,119,128,-9,9
77610,52,59,-7,7
77611,72,73,-1,1
77612,127,125,2,2
77613,82,84,-2,2
77614,65,61,4,4
77615,75,71,4,4
77616,65,61,4,4
77617,80,96,-16,16
77618,95,120,-25,25
77619,74,81,-7,7
77620,107,105,2,2
77621,63,68,-5,5
77622,117,114,3,3
77623,83,73,10,10
77624,74,69,5,5
77625,56,60,-4,4
77626,143,149,-6,6
77627,61,71,-10,10
77628,92,94,-2,2
77629,147,164,-17,17
77630,68,75,-7,7
77631,95,91,4,4
77632,80,84,-4,4
77633,129,120,9,9
77634,133,148,-15,15
77635,47,54,-7,7
77636,65,59,6,6
77637,85,78,7,7
77638,100,96,4,4
77639,113,108,5,5
77640,104,98,6,6
77641,70,67,3,3
77642,16,46,-30,30
77643,102,98,4,4
77644,125,111,14,14
77645,83,86,-3,3
77646,114,99,15,15
77647,150,151,-1,1
77648,164,153,11,11
77649,97,100,-3,3
77650,71,68,3,3
77651,78,77,1,1
77652,128,126,2,2
77653,111,104,7,7
77654,78,74,4,4
77655,83,80,3,3
77656,84,78,6,6
77657,81,79,2,2
77658,103,111,-8,8
77659,91,96,-5,5
77660,79,76,3,3
77661,84,85,-1,1
77662,143,122,21,21
77663,97,97,0,0
77664,85,85,0,0
77665,120,111,9,9
77666,88,101,-13,13
77667,114,101,13,13
77668,116,108,8,8
77669,72,79,-7,7
77670,101,93,8,8
77671,129,128,1,1
77672,119,107,12,12
77673,86,88,-2,2
77674,75,81,-6,6
77675,76,72,4,4
77676,84,76,8,8
77677,75,75,0,0
77678,124,121,3,3
77679,177,191,-14,14
77680,75,74,1,1
77681,117,120,-3,3
77682,99,130,-31,31
77683,50,54,-4,4
77684,70,78,-8,8
77685,115,112,3,3
77686,60,60,0,0
77687,96,90,6,6
77688,142,142,0,0
77689,87,80,7,7
77690,112,117,-5,5
77691,116,103,13,13
77692,56,58,-2,2
77693,158,162,-4,4
77694,188,183,5,5
77695,181,168,13,13
77696,104,90,14,14
77697,159,159,0,0
77698,122,131,-9,9
77699,69,72,-3,3
77700,105,98,7,7
77701,84,90,-6,6
77702,80,80,0,0
77703,62,61,1,1
77704,75,69,6,6
77705,72,78,-6,6
77706,86,81,5,5
77707,99,112,-13,13
77708,59,60,-1,1
77709,104,95,9,9
77710,78,78,0,0
77711,97,101,-4,4
77712,129,124,5,5
77713,64,70,-6,6
77714,105,98,7,7
77715,93,84,9,9
77716,92,93,-1,1
77717,40,47,-7,7
77718,98,104,-6,6
77719,132,138,-6,6
77720,67,74,-7,7
77721,51,83,-32,32
77722,81,94,-13,13
77723,142,144,-2,2
77724,145,141,4,4
77725,72,65,7,7
77726,102,99,3,3
77727,87,82,5,5
77728,111,109,2,2
77729,80,78,2,2
77730,85,83,2,2
77731,144,136,8,8
77732,66,72,-6,6
77733,98,91,7,7
77734,91,92,-1,1
77735,61,68,-7,7
77736,46,54,-8,8
77737,89,99,-10,10
77738,105,96,9,9
77739,102,95,7,7
77740,100,102,-2,2
77741,58,61,-3,3
77742,116,117,-1,1
77743,73,78,-5,5
77744,96,97,-1,1
77745,89,84,5,5
77746,79,83,-4,4
77747,74,74,0,0
77748,100,90,10,10
77749,35,57,-22,22
77750,49,51,-2,2
77751,79,77,2,2
77752,102,91,11,11
77753,104,86,18,18
77754,198,178,20,20
77755,136,126,10,10
77756,62,70,-8,8
77757,100,98,2,2
77758,89,85,4,4
77759,131,127,4,4
77760,82,81,1,1
77761,157,151,6,6
77762,71,72,-1,1
77763,54,54,0,0
77764,115,122,-7,7
77765,80,79,1,1
77766,69,66,3,3
77767,80,69,11,11
77768,89,88,1,1
77769,91,89,2,2
77770,171,147,24,24
77771,86,83,3,3
77772,120,122,-2,2
77773,72,73,-1,1
77774,67,65,2,2
77775,122,142,-20,20
77776,71,76,-5,5
77777,119,119,0,0
77778,80,78,2,2
77779,110,102,8,8
77780,47,53,-6,6
77781,193,174,19,19
77782,80,75,5,5
77783,52,55,-3,3
77784,61,65,-4,4
77785,90,116,-26,26
77786,85,84,1,1
77787,74,74,0,0
77788,85,86,-1,1
77789,125,148,-23,23
77790,150,143,7,7
77791,89,87,2,2
77792,93,88,5,5
77793,131,135,-4,4
77794,66,71,-5,5
77795,78,74,4,4
77796,151,153,-2,2
77797,91,96,-5,5
77798,75,81,-6,6
77799,39,45,-6,6
77800,54,55,-1,1
77801,106,101,5,5
77802,128,134,-6,6
77803,49,57,-8,8
77804,124,123,1,1
77805,76,77,-1,1
77806,89,82,7,7
77807,48,55,-7,7
77808,135,157,-22,22
77809,108,111,-3,3
77810,113,100,13,13
77811,97,97,0,0
77812,155,154,1,1
77813,154,144,10,10
77814,118,107,11,11
77815,87,77,10,10
77816,56,63,-7,7
77817,56,71,-15,15
77818,70,80,-10,10
77819,45,52,-7,7
77820,49,73,-24,24
77821,91,81,10,10
77822,76,72,4,4
77823,81,98,-17,17
77824,121,119,2,2
77825,109,107,2,2
77826,72,78,-6,6
77827,75,78,-3,3
77828,35,54,-19,19
77829,90,93,-3,3
77830,132,130,2,2
77831,140,157,-17,17
77832,75,81,-6,6
77833,76,73,3,3
77834,111,134,-23,23
77835,92,99,-7,7
77836,120,136,-16,16
77837,119,118,1,1
77838,78,85,-7,7
77839,86,83,3,3
77840,60,66,-6,6
77841,158,147,11,11
77842,94,90,4,4
77843,126,122,4,4
77844,112,101,11,11
77845,112,104,8,8
77846,73,75,-2,2
77847,94,97,-3,3
77848,133,130,3,3
77849,70,63,7,7
77850,83,76,7,7
77851,117,120,-3,3
77852,104,104,0,0
77853,109,105,4,4
77854,173,155,18,18
77855,55,67,-12,12
77856,46,50,-4,4
77857,36,47,-11,11
77858,76,78,-2,2
77859,136,133,3,3
77860,102,100,2,2
77861,110,110,0,0
77862,94,92,2,2
77863,80,80,0,0
77864,149,142,7,7
77865,249,233,16,16
77866,150,158,-8,8
77867,49,59,-10,10
77868,58,56,2,2
77869,54,55,-1,1
77870,83,70,13,13
77871,119,109,10,10
77872,58,57,1,1
77873,123,111,12,12
77874,125,114,11,11
77875,115,121,-6,6
77876,74,87,-13,13
77877,71,64,7,7
77878,162,143,19,19
77879,96,100,-4,4
77880,63,68,-5,5
77881,87,91,-4,4
77882,74,62,12,12
77883,70,91,-21,21
77884,114,118,-4,4
77885,72,68,4,4
77886,58,68,-10,10
77887,117,109,8,8
77888,77,97,-20,20
77889,57,65,-8,8
77890,142,137,5,5
77891,57,67,-10,10
77892,77,72,5,5
77893,100,119,-19,19
77894,92,109,-17,17
77895,53,59,-6,6
77896,98,90,8,8
77897,96,95,1,1
77898,67,65,2,2
77899,69,70,-1,1
77900,108,110,-2,2
77901,97,94,3,3
77902,75,71,4,4
77903,97,102,-5,5
77904,127,118,9,9
77905,87,84,3,3
77906,86,85,1,1
77907,84,78,6,6
77908,86,85,1,1
77909,88,87,1,1
77910,97,96,1,1
77911,86,86,0,0
77912,79,86,-7,7
77913,183,179,4,4
77914,97,98,-1,1
77915,136,133,3,3
77916,78,77,1,1
77917,128,130,-2,2
77918,116,111,5,5
77919,167,163,4,4
77920,143,155,-12,12
77921,72,77,-5,5
77922,101,98,3,3
77923,89,87,2,2
77924,63,59,4,4
77925,136,129,7,7
77926,129,128,1,1
77927,77,78,-1,1
77928,70,80,-10,10
77929,114,109,5,5
77930,100,114,-14,14
77931,133,126,7,7
77932,130,126,4,4
77933,64,60,4,4
77934,105,101,4,4
77935,171,155,16,16
77936,120,114,6,6
77937,95,99,-4,4
77938,72,75,-3,3
77939,75,68,7,7
77940,110,96,14,14
77941,119,114,5,5
77942,184,169,15,15
77943,132,128,4,4
77944,128,137,-9,9
77945,78,94,-16,16
77946,124,126,-2,2
77947,123,127,-4,4
77948,105,95,10,10
77949,51,60,-9,9
77950,89,100,-11,11
77951,58,59,-1,1
77952,112,109,3,3
77953,97,94,3,3
77954,95,98,-3,3
77955,79,80,-1,1
77956,85,84,1,1
77957,135,123,12,12
77958,127,132,-5,5
77959,95,84,11,11
77960,141,152,-11,11
77961,76,80,-4,4
77962,63,64,-1,1
77963,106,103,3,3
77964,95,91,4,4
77965,91,90,1,1
77966,147,148,-1,1
77967,124,118,6,6
77968,88,76,12,12
77969,70,72,-2,2
77970,80,91,-11,11
77971,41,48,-7,7
77972,59,58,1,1
77973,97,102,-5,5
77974,61,64,-3,3
77975,148,136,12,12
77976,106,97,9,9
77977,102,115,-13,13
77978,66,67,-1,1
77979,75,69,6,6
77980,98,91,7,7
77981,58,53,5,5
77982,59,59,0,0
77983,53,53,0,0
77984,53,75,-22,22
77985,121,108,13,13
77986,101,87,14,14
77987,145,137,8,8
77988,57,57,0,0
77989,74,68,6,6
77990,65,67,-2,2
77991,79,86,-7,7
77992,117,117,0,0
77993,65,62,3,3
77994,64,68,-4,4
77995,81,74,7,7
77996,125,106,19,19
77997,67,66,1,1
77998,69,69,0,0
77999,59,56,3,3
78000,126,119,7,7
78001,106,108,-2,2
78002,63,63,0,0
78003,89,96,-7,7
78004,120,100,20,20
78005,97,100,-3,3
78006,70,67,3,3
78007,116,122,-6,6
78008,77,66,11,11
78009,49,51,-2,2
78010,71,66,5,5
78011,64,70,-6,6
78012,72,64,8,8
78013,128,112,16,16
78014,98,92,6,6
78015,66,69,-3,3
78016,112,115,-3,3
78017,51,62,-11,11
78018,85,82,3,3
78019,100,91,9,9
78020,92,86,6,6
78021,111,111,0,0
78022,100,119,-19,19
78023,96,93,3,3
78024,166,154,12,12
78025,137,148,-11,11
78026,72,72,0,0
78027,115,120,-5,5
78028,88,84,4,4
78029,91,90,1,1
78030,103,110,-7,7
78031,47,60,-13,13
78032,86,90,-4,4
78033,136,128,8,8
78034,157,164,-7,7
78035,124,122,2,2
78036,137,141,-4,4
78037,101,102,-1,1
78038,74,68,6,6
78039,85,76,9,9
78040,45,53,-8,8
78041,168,161,7,7
78042,115,106,9,9
78043,116,135,-19,19
78044,84,92,-8,8
78045,102,102,0,0
78046,59,72,-13,13
78047,106,111,-5,5
78048,60,66,-6,6
78049,123,115,8,8
78050,85,75,10,10
78051,60,66,-6,6
78052,82,70,12,12
78053,160,148,12,12
78054,82,82,0,0
78055,83,82,1,1
78056,73,81,-8,8
78057,113,116,-3,3
78058,95,84,11,11
78059,100,93,7,7
78060,40,59,-19,19
78061,80,80,0,0
78062,110,106,4,4
78063,144,147,-3,3
78064,115,102,13,13
78065,64,79,-15,15
78066,119,110,9,9
78067,102,105,-3,3
78068,159,140,19,19
78069,104,99,5,5
78070,91,89,2,2
78071,133,136,-3,3
78072,98,97,1,1
78073,96,103,-7,7
78074,134,129,5,5
78075,160,155,5,5
78076,59,68,-9,9
78077,74,78,-4,4
78078,106,94,12,12
78079,64,65,-1,1
78080,90,96,-6,6
78081,67,65,2,2
78082,100,100,0,0
78083,68,71,-3,3
78084,159,157,2,2
78085,87,88,-1,1
78086,123,132,-9,9
78087,78,81,-3,3
78088,95,86,9,9
78089,56,69,-13,13
78090,102,101,1,1
78091,108,94,14,14
78092,73,71,2,2
78093,111,112,-1,1
78094,137,130,7,7
78095,84,86,-2,2
78096,89,80,9,9
78097,70,77,-7,7
78098,78,82,-4,4
78099,152,152,0,0
78100,81,82,-1,1
78101,49,57,-8,8
78102,69,72,-3,3
78103,102,87,15,15
78104,62,64,-2,2
78105,91,90,1,1
78106,72,63,9,9
78107,47,54,-7,7
78108,184,163,21,21
78109,103,93,10,10
78110,69,73,-4,4
78111,51,62,-11,11
78112,120,134,-14,14
78113,105,88,17,17
78114,46,54,-8,8
78115,75,75,0,0
78116,71,69,2,2
78117,45,54,-9,9
78118,80,88,-8,8
78119,79,89,-10,10
78120,78,75,3,3
78121,62,76,-14,14
78122,86,82,4,4
78123,122,126,-4,4
78124,101,94,7,7
78125,72,73,-1,1
78126,141,141,0,0
78127,69,74,-5,5
78128,93,88,5,5
78129,55,56,-1,1
78130,121,116,5,5
78131,105,110,-5,5
78132,99,86,13,13
78133,195,174,21,21
78134,76,74,2,2
78135,124,117,7,7
78136,100,84,16,16
78137,152,156,-4,4
78138,108,105,3,3
78139,49,55,-6,6
78140,176,170,6,6
78141,104,195,-91,91
78142,81,63,18,18
78143,97,95,2,2
78144,58,60,-2,2
78145,110,104,6,6
78146,55,63,-8,8
78147,69,68,1,1
78148,107,134,-27,27
78149,71,66,5,5
78150,88,86,2,2
78151,43,56,-13,13
78152,117,121,-4,4
78153,81,65,16,16
78154,75,81,-6,6
78155,108,111,-3,3
78156,63,64,-1,1
78157,74,82,-8,8
78158,68,68,0,0
78159,62,62,0,0
78160,52,57,-5,5
78161,78,84,-6,6
78162,108,116,-8,8
78163,188,164,24,24
78164,61,64,-3,3
78165,77,78,-1,1
78166,97,88,9,9
78167,67,93,-26,26
78168,77,105,-28,28
78169,91,94,-3,3
78170,69,70,-1,1
78171,131,137,-6,6
78172,56,55,1,1
78173,49,55,-6,6
78174,126,127,-1,1
78175,114,113,1,1
78176,90,89,1,1
78177,75,83,-8,8
78178,83,79,4,4
78179,92,99,-7,7
78180,83,85,-2,2
78181,89,77,12,12
78182,85,85,0,0
78183,70,62,8,8
78184,108,103,5,5
78185,71,73,-2,2
78186,68,64,4,4
78187,70,74,-4,4
78188,107,112,-5,5
78189,58,65,-7,7
78190,51,56,-5,5
78191,55,65,-10,10
78192,161,163,-2,2
78193,46,61,-15,15
78194,92,89,3,3
78195,154,148,6,6
78196,83,85,-2,2
78197,128,126,2,2
78198,73,72,1,1
78199,87,85,2,2
78200,122,116,6,6
78201,108,91,17,17
78202,76,88,-12,12
78203,59,67,-8,8
78204,83,86,-3,3
78205,92,94,-2,2
78206,96,95,1,1
78207,105,96,9,9
78208,58,65,-7,7
78209,81,75,6,6
78210,110,99,11,11
78211,44,57,-13,13
78212,81,80,1,1
78213,63,70,-7,7
78214,78,78,0,0
78215,68,72,-4,4
78216,120,130,-10,10
78217,181,170,11,11
78218,141,139,2,2
78219,178,166,12,12
78220,64,58,6,6
78221,72,74,-2,2
78222,45,50,-5,5
78223,143,127,16,16
78224,145,134,11,11
78225,111,117,-6,6
78226,86,84,2,2
78227,125,133,-8,8
78228,79,80,-1,1
78229,67,75,-8,8
78230,173,164,9,9
78231,81,83,-2,2
78232,88,98,-10,10
78233,63,63,0,0
78234,66,90,-24,24
78235,96,92,4,4
78236,100,76,24,24
78237,57,55,2,2
78238,125,115,10,10
78239,156,151,5,5
78240,125,119,6,6
78241,133,135,-2,2
78242,66,69,-3,3
78243,159,167,-8,8
78244,44,67,-23,23
78245,67,63,4,4
78246,105,104,1,1
78247,77,78,-1,1
78248,64,70,-6,6
78249,62,93,-31,31
78250,69,65,4,4
78251,163,153,10,10
78252,62,65,-3,3
78253,50,51,-1,1
78254,100,99,1,1
78255,108,103,5,5
78256,70,69,1,1
78257,97,92,5,5
78258,83,74,9,9
78259,137,145,-8,8
78260,70,69,1,1
78261,122,102,20,20
78262,79,85,-6,6
78263,52,72,-20,20
78264,86,94,-8,8
78265,93,87,6,6
78266,93,107,-14,14
78267,62,63,-1,1
78268,109,96,13,13
78269,107,107,0,0
78270,83,82,1,1
78271,57,60,-3,3
78272,61,65,-4,4
78273,43,47,-4,4
78274,156,140,16,16
78275,102,96,6,6
78276,56,67,-11,11
78277,199,182,17,17
78278,103,107,-4,4
78279,77,77,0,0
78280,147,157,-10,10
78281,99,111,-12,12
78282,74,107,-33,33
78283,71,64,7,7
78284,142,142,0,0
78285,72,66,6,6
78286,28,97,-69,69
78287,99,112,-13,13
78288,145,154,-9,9
78289,51,55,-4,4
78290,132,137,-5,5
78291,102,103,-1,1
78292,69,73,-4,4
78293,142,140,2,2
78294,52,54,-2,2
78295,87,92,-5,5
78296,122,126,-4,4
78297,93,104,-11,11
78298,85,89,-4,4
78299,101,95,6,6
78300,88,90,-2,2
78301,64,61,3,3
78302,131,127,4,4
78303,91,91,0,0
78304,174,159,15,15
78305,50,51,-1,1
78306,78,83,-5,5
78307,76,82,-6,6
78308,118,117,1,1
78309,56,60,-4,4
78310,53,51,2,2
78311,98,105,-7,7
78312,119,126,-7,7
78313,133,131,2,2
78314,66,65,1,1
78315,117,126,-9,9
78316,94,92,2,2
78317,79,84,-5,5
78318,114,118,-4,4
78319,96,80,16,16
78320,81,83,-2,2
78321,83,86,-3,3
78322,74,76,-2,2
78323,89,82,7,7
78324,73,81,-8,8
78325,160,157,3,3
78326,120,114,6,6
78327,52,60,-8,8
78328,127,130,-3,3
78329,93,91,2,2
78330,108,119,-11,11
78331,95,95,0,0
78332,75,76,-1,1
78333,124,111,13,13
78334,90,92,-2,2
78335,101,107,-6,6
78336,44,54,-10,10
78337,113,106,7,7
78338,64,77,-13,13
78339,135,130,5,5
78340,147,141,6,6
78341,112,117,-5,5
78342,63,67,-4,4
78343,91,102,-11,11
78344,93,75,18,18
78345,116,113,3,3
78346,124,130,-6,6
78347,127,134,-7,7
78348,114,120,-6,6
78349,137,117,20,20
78350,56,59,-3,3
78351,54,59,-5,5
78352,78,83,-5,5
78353,71,73,-2,2
78354,72,76,-4,4
78355,67,73,-6,6
78356,48,50,-2,2
78357,115,136,-21,21
78358,53,57,-4,4
78359,95,95,0,0
78360,56,70,-14,14
78361,45,49,-4,4
78362,209,198,11,11
78363,85,96,-11,11
78364,80,77,3,3
78365,139,143,-4,4
78366,64,65,-1,1
78367,83,89,-6,6
78368,121,116,5,5
78369,102,109,-7,7
78370,94,89,5,5
78371,119,115,4,4
78372,59,66,-7,7
78373,61,85,-24,24
78374,74,67,7,7
78375,76,75,1,1
78376,91,92,-1,1
78377,132,118,14,14
78378,54,58,-4,4
78379,74,71,3,3
78380,96,86,10,10
78381,60,67,-7,7
78382,91,97,-6,6
78383,102,104,-2,2
78384,131,130,1,1
78385,95,90,5,5
78386,35,49,-14,14
78387,70,78,-8,8
78388,115,104,11,11
78389,63,64,-1,1
78390,70,81,-11,11
78391,73,68,5,5
78392,79,80,-1,1
78393,114,121,-7,7
78394,75,86,-11,11
78395,103,103,0,0
78396,111,106,5,5
78397,110,119,-9,9
78398,55,58,-3,3
78399,89,96,-7,7
78400,53,66,-13,13
78401,114,103,11,11
78402,104,107,-3,3
78403,45,48,-3,3
78404,122,120,2,2
78405,72,76,-4,4
78406,140,134,6,6
78407,132,119,13,13
78408,127,156,-29,29
78409,133,130,3,3
78410,66,65,1,1
78411,99,96,3,3
78412,112,112,0,0
78413,104,90,14,14
78414,143,140,3,3
78415,107,101,6,6
78416,122,123,-1,1
78417,166,167,-1,1
78418,169,169,0,0
78419,165,170,-5,5
78420,147,128,19,19
78421,63,60,3,3
78422,71,78,-7,7
78423,59,59,0,0
78424,127,129,-2,2
78425,168,159,9,9
78426,43,54,-11,11
78427,103,88,15,15
78428,109,101,8,8
78429,99,106,-7,7
78430,71,71,0,0
78431,94,96,-2,2
78432,104,100,4,4
78433,96,98,-2,2
78434,85,77,8,8
78435,122,105,17,17
78436,85,87,-2,2
78437,49,58,-9,9
78438,44,60,-16,16
78439,65,63,2,2
78440,78,81,-3,3
78441,117,115,2,2
78442,103,97,6,6
78443,106,93,13,13
78444,97,106,-9,9
78445,167,183,-16,16
78446,50,54,-4,4
78447,134,126,8,8
78448,100,111,-11,11
78449,81,82,-1,1
78450,108,113,-5,5
78451,55,59,-4,4
78452,82,87,-5,5
78453,94,115,-21,21
78454,94,89,5,5
78455,61,64,-3,3
78456,141,139,2,2
78457,79,80,-1,1
78458,71,81,-10,10
78459,48,55,-7,7
78460,140,142,-2,2
78461,70,68,2,2
78462,63,63,0,0
78463,137,129,8,8
78464,40,51,-11,11
78465,103,97,6,6
78466,67,78,-11,11
78467,82,76,6,6
78468,119,123,-4,4
78469,131,128,3,3
78470,77,92,-15,15
78471,98,93,5,5
78472,148,158,-10,10
78473,91,87,4,4
78474,95,101,-6,6
78475,60,58,2,2
78476,72,70,2,2
78477,123,121,2,2
78478,68,66,2,2
78479,124,128,-4,4
78480,128,129,-1,1
78481,114,121,-7,7
78482,90,90,0,0
78483,108,111,-3,3
78484,114,108,6,6
78485,33,59,-26,26
78486,95,98,-3,3
78487,113,109,4,4
78488,57,56,1,1
78489,71,68,3,3
78490,110,100,10,10
78491,67,73,-6,6
78492,59,66,-7,7
78493,105,107,-2,2
78494,132,124,8,8
78495,93,101,-8,8
78496,90,94,-4,4
78497,134,125,9,9
78498,32,49,-17,17
78499,108,147,-39,39
78500,81,77,4,4
78501,94,94,0,0
78502,116,125,-9,9
78503,131,129,2,2
78504,63,72,-9,9
78505,96,93,3,3
78506,71,62,9,9
78507,71,64,7,7
78508,79,84,-5,5
78509,115,112,3,3
78510,48,67,-19,19
78511,85,78,7,7
78512,113,105,8,8
78513,89,90,-1,1
78514,131,130,1,1
78515,91,94,-3,3
78516,72,72,0,0
78517,169,156,13,13
78518,133,136,-3,3
78519,176,152,24,24
78520,118,125,-7,7
78521,71,79,-8,8
78522,65,70,-5,5
78523,144,125,19,19
78524,72,84,-12,12
78525,70,76,-6,6
78526,70,72,-2,2
78527,117,106,11,11
78528,97,98,-1,1
78529,57,58,-1,1
78530,61,80,-19,19
78531,80,77,3,3
78532,92,88,4,4
78533,85,90,-5,5
78534,125,117,8,8
78535,90,103,-13,13
78536,80,78,2,2
78537,71,76,-5,5
78538,149,137,12,12
78539,69,63,6,6
78540,104,97,7,7
78541,95,90,5,5
78542,129,110,19,19
78543,144,125,19,19
78544,61,65,-4,4
78545,130,120,10,10
78546,144,137,7,7
78547,39,52,-13,13
78548,114,114,0,0
78549,48,48,0,0
78550,94,86,8,8
78551,92,86,6,6
78552,101,87,14,14
78553,79,79,0,0
78554,113,103,10,10
78555,69,74,-5,5
78556,41,54,-13,13
78557,69,74,-5,5
78558,108,104,4,4
78559,66,65,1,1
78560,93,84,9,9
78561,86,80,6,6
78562,79,79,0,0
78563,80,87,-7,7
78564,87,86,1,1
78565,179,165,14,14
78566,67,70,-3,3
78567,71,80,-9,9
78568,86,76,10,10
78569,92,96,-4,4
78570,109,113,-4,4
78571,45,57,-12,12
78572,84,84,0,0
78573,158,155,3,3
78574,92,86,6,6
78575,75,71,4,4
78576,84,84,0,0
78577,65,73,-8,8
78578,104,96,8,8
78579,44,53,-9,9
78580,198,167,31,31
78581,124,118,6,6
78582,134,120,14,14
78583,122,113,9,9
78584,77,75,2,2
78585,103,100,3,3
78586,98,93,5,5
78587,59,55,4,4
78588,87,65,22,22
78589,74,66,8,8
78590,67,72,-5,5
78591,85,89,-4,4
78592,79,71,8,8
78593,96,100,-4,4
78594,121,122,-1,1
78595,98,109,-11,11
78596,145,134,11,11
78597,110,105,5,5
78598,144,150,-6,6
78599,85,82,3,3
78600,114,123,-9,9
78601,95,93,2,2
78602,51,59,-8,8
78603,97,92,5,5
78604,81,69,12,12
78605,81,80,1,1
78606,85,83,2,2
78607,154,159,-5,5
78608,125,124,1,1
78609,97,101,-4,4
78610,161,150,11,11
78611,144,130,14,14
78612,127,123,4,4
78613,88,87,1,1
78614,180,167,13,13
78615,90,97,-7,7
78616,66,71,-5,5
78617,95,92,3,3
78618,94,102,-8,8
78619,75,79,-4,4
78620,65,73,-8,8
78621,111,122,-11,11
78622,67,63,4,4
78623,86,93,-7,7
78624,141,131,10,10
78625,102,97,5,5
78626,142,149,-7,7
78627,188,192,-4,4
78628,62,57,5,5
78629,104,109,-5,5
78630,63,63,0,0
78631,100,94,6,6
78632,148,142,6,6
78633,103,109,-6,6
78634,122,131,-9,9
78635,69,72,-3,3
78636,89,87,2,2
78637,113,94,19,19
78638,135,135,0,0
78639,158,144,14,14
78640,74,66,8,8
78641,54,57,-3,3
78642,106,105,1,1
78643,56,82,-26,26
78644,113,107,6,6
78645,95,80,15,15
78646,134,133,1,1
78647,73,74,-1,1
78648,51,52,-1,1
78649,50,53,-3,3
78650,33,46,-13,13
78651,130,120,10,10
78652,111,129,-18,18
78653,58,60,-2,2
78654,103,102,1,1
78655,136,140,-4,4
78656,99,98,1,1
78657,99,93,6,6
78658,116,111,5,5
78659,149,141,8,8
78660,69,70,-1,1
78661,81,91,-10,10
78662,57,58,-1,1
78663,85,80,5,5
78664,78,93,-15,15
78665,94,91,3,3
78666,112,106,6,6
78667,141,119,22,22
78668,133,125,8,8
78669,85,92,-7,7
78670,100,107,-7,7
78671,62,65,-3,3
78672,121,119,2,2
78673,54,57,-3,3
78674,154,152,2,2
78675,142,127,15,15
78676,104,115,-11,11
78677,103,100,3,3
78678,70,65,5,5
78679,118,115,3,3
78680,115,117,-2,2
78681,145,142,3,3
78682,106,109,-3,3
78683,114,113,1,1
78684,87,81,6,6
78685,155,143,12,12
78686,142,133,9,9
78687,132,124,8,8
78688,94,92,2,2
78689,142,144,-2,2
78690,150,146,4,4
78691,53,59,-6,6
78692,94,88,6,6
78693,85,97,-12,12
78694,62,68,-6,6
78695,53,52,1,1
78696,81,88,-7,7
78697,175,171,4,4
78698,55,56,-1,1
78699,72,80,-8,8
78700,93,87,6,6
78701,73,82,-9,9
78702,47,54,-7,7
78703,67,71,-4,4
78704,117,113,4,4
78705,104,104,0,0
78706,76,75,1,1
78707,99,86,13,13
78708,131,124,7,7
78709,84,90,-6,6
78710,105,117,-12,12
78711,157,135,22,22
78712,111,119,-8,8
78713,91,90,1,1
78714,74,79,-5,5
78715,79,77,2,2
78716,103,93,10,10
78717,119,114,5,5
78718,163,119,44,44
78719,69,71,-2,2
78720,112,107,5,5
78721,55,65,-10,10
78722,97,98,-1,1
78723,99,89,10,10
78724,58,69,-11,11
78725,125,113,12,12
78726,88,78,10,10
78727,81,79,2,2
78728,158,164,-6,6
78729,55,66,-11,11
78730,114,121,-7,7
78731,95,96,-1,1
78732,87,106,-19,19
78733,139,127,12,12
78734,79,74,5,5
78735,75,67,8,8
78736,56,59,-3,3
78737,113,136,-23,23
78738,148,139,9,9
78739,160,146,14,14
78740,97,96,1,1
78741,88,87,1,1
78742,89,86,3,3
78743,101,101,0,0
78744,53,58,-5,5
78745,97,111,-14,14
78746,67,73,-6,6
78747,117,107,10,10
78748,72,66,6,6
78749,40,50,-10,10
78750,48,50,-2,2
78751,88,81,7,7
78752,95,89,6,6
78753,132,127,5,5
78754,63,65,-2,2
78755,95,93,2,2
78756,84,83,1,1
78757,33,47,-14,14
78758,70,70,0,0
78759,154,150,4,4
78760,163,155,8,8
78761,175,165,10,10
78762,92,87,5,5
78763,150,149,1,1
78764,67,68,-1,1
78765,127,133,-6,6
78766,131,125,6,6
78767,194,176,18,18
78768,113,109,4,4
78769,106,100,6,6
78770,88,80,8,8
78771,75,74,1,1
78772,56,71,-15,15
78773,86,96,-10,10
78774,66,64,2,2
78775,171,163,8,8
78776,127,123,4,4
78777,110,112,-2,2
78778,93,95,-2,2
78779,89,91,-2,2
78780,72,82,-10,10
78781,98,90,8,8
78782,77,78,-1,1
78783,93,92,1,1
78784,112,98,14,14
78785,68,65,3,3
78786,104,115,-11,11
78787,78,77,1,1
78788,69,75,-6,6
78789,48,56,-8,8
78790,65,71,-6,6
78791,109,113,-4,4
78792,90,104,-14,14
78793,141,133,8,8
78794,100,105,-5,5
78795,133,138,-5,5
78796,110,103,7,7
78797,54,56,-2,2
78798,71,70,1,1
78799,144,141,3,3
78800,57,68,-11,11
78801,88,92,-4,4
78802,107,98,9,9
78803,128,126,2,2
78804,93,98,-5,5
78805,136,141,-5,5
78806,107,94,13,13
78807,151,143,8,8
78808,114,110,4,4
78809,67,63,4,4
78810,94,94,0,0
78811,90,81,9,9
78812,105,96,9,9
78813,132,122,10,10
78814,90,84,6,6
78815,120,129,-9,9
78816,91,106,-15,15
78817,155,151,4,4
78818,62,61,1,1
78819,109,102,7,7
78820,100,109,-9,9
78821,160,140,20,20
78822,96,95,1,1
78823,104,111,-7,7
78824,93,90,3,3
78825,72,73,-1,1
78826,59,73,-14,14
78827,74,72,2,2
78828,83,76,7,7
78829,92,83,9,9
78830,100,106,-6,6
78831,87,82,5,5
78832,122,122,0,0
78833,78,76,2,2
78834,79,73,6,6
78835,138,123,15,15
78836,158,153,5,5
78837,75,77,-2,2
78838,100,98,2,2
78839,134,125,9,9
78840,138,156,-18,18
78841,82,91,-9,9
78842,52,53,-1,1
78843,74,78,-4,4
78844,60,62,-2,2
78845,49,61,-12,12
78846,45,60,-15,15
78847,83,78,5,5
78848,55,63,-8,8
78849,74,69,5,5
78850,96,89,7,7
78851,71,73,-2,2
78852,73,73,0,0
78853,104,117,-13,13
78854,57,54,3,3
78855,79,80,-1,1
78856,109,112,-3,3
78857,65,61,4,4
78858,129,144,-15,15
78859,75,71,4,4
78860,209,192,17,17
78861,102,93,9,9
78862,102,108,-6,6
78863,142,127,15,15
78864,140,124,16,16
78865,44,49,-5,5
78866,102,107,-5,5
78867,89,77,12,12
78868,86,82,4,4
78869,85,85,0,0
78870,88,82,6,6
78871,77,83,-6,6
78872,123,129,-6,6
78873,62,74,-12,12
78874,163,160,3,3
78875,114,116,-2,2
78876,55,64,-9,9
78877,112,116,-4,4
78878,125,125,0,0
78879,123,126,-3,3
78880,96,93,3,3
78881,111,107,4,4
78882,136,126,10,10
78883,75,76,-1,1
78884,134,136,-2,2
78885,77,84,-7,7
78886,98,99,-1,1
78887,94,89,5,5
78888,77,77,0,0
78889,83,80,3,3
78890,97,82,15,15
78891,82,80,2,2
78892,126,121,5,5
78893,159,156,3,3
78894,100,108,-8,8
78895,100,115,-15,15
78896,121,118,3,3
78897,117,99,18,18
78898,81,77,4,4
78899,90,88,2,2
78900,68,66,2,2
78901,110,111,-1,1
78902,118,131,-13,13
78903,97,93,4,4
78904,81,72,9,9
78905,105,105,0,0
78906,95,86,9,9
78907,66,84,-18,18
78908,109,111,-2,2
78909,141,143,-2,2
78910,52,65,-13,13
78911,80,72,8,8
78912,93,85,8,8
78913,76,74,2,2
78914,111,113,-2,2
78915,107,103,4,4
78916,132,123,9,9
78917,100,100,0,0
78918,138,129,9,9
78919,122,114,8,8
78920,105,108,-3,3
78921,85,84,1,1
78922,96,85,11,11
78923,60,60,0,0
78924,106,103,3,3
78925,47,63,-16,16
78926,97,93,4,4
78927,36,50,-14,14
78928,111,98,13,13
78929,121,134,-13,13
78930,85,74,11,11
78931,95,95,0,0
78932,78,81,-3,3
78933,113,118,-5,5
78934,72,71,1,1
78935,110,119,-9,9
78936,38,54,-16,16
78937,133,131,2,2
78938,52,74,-22,22
78939,49,56,-7,7
78940,57,59,-2,2
78941,209,166,43,43
78942,93,99,-6,6
78943,62,64,-2,2
78944,51,55,-4,4
78945,82,107,-25,25
78946,77,74,3,3
78947,165,152,13,13
78948,58,59,-1,1
78949,108,103,5,5
78950,43,53,-10,10
78951,83,83,0,0
78952,92,88,4,4
78953,127,119,8,8
78954,47,50,-3,3
78955,78,73,5,5
78956,62,65,-3,3
78957,136,125,11,11
78958,121,127,-6,6
78959,79,83,-4,4
78960,83,91,-8,8
78961,100,103,-3,3
78962,86,101,-15,15
78963,89,91,-2,2
78964,74,66,8,8
78965,133,133,0,0
78966,107,109,-2,2
78967,89,84,5,5
78968,72,70,2,2
78969,78,79,-1,1
78970,52,55,-3,3
78971,94,100,-6,6
78972,107,105,2,2
78973,61,58,3,3
78974,224,202,22,22
78975,75,65,10,10
78976,53,57,-4,4
78977,95,96,-1,1
78978,63,59,4,4
78979,133,133,0,0
78980,45,55,-10,10
78981,65,62,3,3
78982,93,89,4,4
78983,68,74,-6,6
78984,86,88,-2,2
78985,116,117,-1,1
78986,112,115,-3,3
78987,79,71,8,8
78988,83,76,7,7
78989,136,147,-11,11
78990,58,63,-5,5
78991,98,92,6,6
78992,216,221,-5,5
78993,135,131,4,4
78994,87,85,2,2
78995,99,95,4,4
78996,85,84,1,1
78997,57,57,0,0
78998,69,62,7,7
78999,72,76,-4,4
79000,42,52,-10,10
79001,50,55,-5,5
79002,120,116,4,4
79003,43,52,-9,9
79004,58,55,3,3
79005,64,73,-9,9
79006,47,52,-5,5
79007,118,109,9,9
79008,91,115,-24,24
79009,115,116,-1,1
79010,132,132,0,0
79011,124,123,1,1
79012,127,143,-16,16
79013,90,85,5,5
79014,142,144,-2,2
79015,72,74,-2,2
79016,91,97,-6,6
79017,93,98,-5,5
79018,159,160,-1,1
79019,76,79,-3,3
79020,89,95,-6,6
79021,127,108,19,19
79022,76,75,1,1
79023,101,94,7,7
79024,95,93,2,2
79025,82,82,0,0
79026,109,108,1,1
79027,108,101,7,7
79028,84,88,-4,4
79029,184,178,6,6
79030,77,75,2,2
79031,92,79,13,13
79032,57,63,-6,6
79033,104,96,8,8
79034,118,124,-6,6
79035,111,104,7,7
79036,78,65,13,13
79037,122,117,5,5
79038,72,70,2,2
79039,106,94,12,12
79040,61,58,3,3
79041,106,108,-2,2
79042,122,123,-1,1
79043,119,119,0,0
79044,141,128,13,13
79045,114,111,3,3
79046,124,116,8,8
79047,86,79,7,7
79048,43,58,-15,15
79049,177,179,-2,2
79050,169,186,-17,17
79051,100,104,-4,4
79052,70,71,-1,1
79053,80,83,-3,3
79054,82,84,-2,2
79055,97,90,7,7
79056,112,104,8,8
79057,122,117,5,5
79058,62,62,0,0
79059,146,131,15,15
79060,77,87,-10,10
79061,95,101,-6,6
79062,167,153,14,14
79063,62,92,-30,30
79064,112,137,-25,25
79065,56,61,-5,5
79066,126,110,16,16
79067,127,116,11,11
79068,221,207,14,14
79069,180,169,11,11
79070,73,65,8,8
79071,53,58,-5,5
79072,82,89,-7,7
79073,58,57,1,1
79074,78,75,3,3
79075,130,124,6,6
79076,39,48,-9,9
79077,93,118,-25,25
79078,87,79,8,8
79079,82,78,4,4
79080,130,133,-3,3
79081,74,73,1,1
79082,93,85,8,8
79083,69,78,-9,9
79084,57,57,0,0
79085,79,75,4,4
79086,120,116,4,4
79087,91,80,11,11
79088,99,110,-11,11
79089,100,95,5,5
79090,93,92,1,1
79091,78,83,-5,5
79092,82,85,-3,3
79093,242,195,47,47
79094,154,152,2,2
79095,63,62,1,1
79096,52,52,0,0
79097,106,102,4,4
79098,87,105,-18,18
79099,106,111,-5,5
79100,36,47,-11,11
79101,108,128,-20,20
79102,153,193,-40,40
79103,44,62,-18,18
79104,119,118,1,1
79105,51,53,-2,2
79106,156,145,11,11
79107,114,133,-19,19
79108,123,121,2,2
79109,149,140,9,9
79110,90,84,6,6
79111,67,70,-3,3
79112,179,175,4,4
79113,123,123,0,0
79114,88,92,-4,4
79115,211,209,2,2
79116,149,141,8,8
79117,58,61,-3,3
79118,85,82,3,3
79119,94,91,3,3
79120,125,132,-7,7
79121,50,58,-8,8
79122,78,71,7,7
79123,91,85,6,6
79124,166,167,-1,1
79125,89,81,8,8
79126,55,65,-10,10
79127,140,138,2,2
79128,122,125,-3,3
79129,92,77,15,15
79130,59,63,-4,4
79131,112,121,-9,9
79132,97,100,-3,3
79133,109,114,-5,5
79134,121,146,-25,25
79135,75,77,-2,2
79136,80,77,3,3
79137,104,101,3,3
79138,130,130,0,0
79139,148,151,-3,3
79140,54,51,3,3
79141,121,111,10,10
79142,65,82,-17,17
79143,51,60,-9,9
79144,142,122,20,20
79145,40,49,-9,9
79146,58,63,-5,5
79147,92,88,4,4
79148,71,72,-1,1
79149,96,93,3,3
79150,118,110,8,8
79151,54,62,-8,8
79152,91,99,-8,8
79153,70,70,0,0
79154,85,81,4,4
79155,47,62,-15,15
79156,137,138,-1,1
79157,88,103,-15,15
79158,73,74,-1,1
79159,99,96,3,3
79160,68,69,-1,1
79161,174,176,-2,2
79162,119,128,-9,9
79163,84,83,1,1
79164,103,119,-16,16
79165,174,175,-1,1
79166,98,94,4,4
79167,86,76,10,10
79168,101,104,-3,3
79169,88,77,11,11
79170,78,66,12,12
79171,94,90,4,4
79172,131,125,6,6
79173,104,95,9,9
79174,89,98,-9,9
79175,104,119,-15,15
79176,43,52,-9,9
79177,85,85,0,0
79178,66,67,-1,1
79179,108,120,-12,12
79180,89,103,-14,14
79181,54,58,-4,4
79182,75,72,3,3
79183,85,94,-9,9
79184,94,92,2,2
79185,58,61,-3,3
79186,191,182,9,9
79187,63,62,1,1
79188,73,67,6,6
79189,92,92,0,0
79190,125,112,13,13
79191,90,90,0,0
79192,128,129,-1,1
79193,38,50,-12,12
79194,84,69,15,15
79195,85,81,4,4
79196,147,141,6,6
79197,54,52,2,2
79198,78,79,-1,1
79199,117,108,9,9
79200,78,84,-6,6
79201,83,75,8,8
79202,125,152,-27,27
79203,108,105,3,3
79204,94,95,-1,1
79205,45,54,-9,9
79206,120,120,0,0
79207,86,85,1,1
79208,85,85,0,0
79209,50,56,-6,6
79210,89,86,3,3
79211,90,84,6,6
79212,75,73,2,2
79213,110,115,-5,5
79214,82,78,4,4
79215,140,139,1,1
79216,102,106,-4,4
79217,78,81,-3,3
79218,90,92,-2,2
79219,49,53,-4,4
79220,60,60,0,0
79221,128,146,-18,18
79222,91,93,-2,2
79223,94,93,1,1
79224,101,95,6,6
79225,90,90,0,0
79226,115,111,4,4
79227,111,95,16,16
79228,110,120,-10,10
79229,64,71,-7,7
79230,112,98,14,14
79231,88,94,-6,6
79232,108,98,10,10
79233,100,101,-1,1
79234,66,68,-2,2
79235,142,126,16,16
79236,64,64,0,0
79237,140,140,0,0
79238,124,119,5,5
79239,66,66,0,0
79240,99,90,9,9
79241,78,70,8,8
79242,103,113,-10,10
79243,121,117,4,4
79244,96,87,9,9
79245,30,50,-20,20
79246,69,65,4,4
79247,97,91,6,6
79248,81,75,6,6
79249,72,71,1,1
79250,93,85,8,8
79251,84,90,-6,6
79252,84,90,-6,6
79253,98,98,0,0
79254,57,73,-16,16
79255,81,83,-2,2
79256,88,93,-5,5
79257,98,94,4,4
79258,171,166,5,5
79259,76,76,0,0
79260,126,134,-8,8
79261,90,90,0,0
79262,91,82,9,9
79263,94,84,10,10
79264,91,81,10,10
79265,122,123,-1,1
79266,81,89,-8,8
79267,86,102,-16,16
79268,79,76,3,3
79269,76,85,-9,9
79270,97,104,-7,7
79271,125,147,-22,22
79272,125,132,-7,7
79273,62,64,-2,2
79274,63,70,-7,7
79275,81,82,-1,1
79276,115,98,17,17
79277,162,165,-3,3
79278,103,98,5,5
79279,64,66,-2,2
79280,153,144,9,9
79281,69,79,-10,10
79282,132,122,10,10
79283,76,69,7,7
79284,63,75,-12,12
79285,65,68,-3,3
79286,89,87,2,2
79287,165,140,25,25
79288,84,80,4,4
79289,89,82,7,7
79290,130,126,4,4
79291,73,65,8,8
79292,110,122,-12,12
79293,157,141,16,16
79294,82,86,-4,4
79295,100,100,0,0
79296,128,124,4,4
79297,122,122,0,0
79298,102,103,-1,1
79299,102,91,11,11
79300,86,77,9,9
79301,124,128,-4,4
79302,157,150,7,7
79303,104,98,6,6
79304,94,98,-4,4
79305,59,57,2,2
79306,103,98,5,5
79307,78,71,7,7
79308,73,77,-4,4
79309,76,77,-1,1
79310,112,125,-13,13
79311,103,118,-15,15
79312,159,132,27,27
79313,42,51,-9,9
79314,83,77,6,6
79315,108,108,0,0
79316,129,125,4,4
79317,129,131,-2,2
79318,145,138,7,7
79319,70,70,0,0
79320,71,66,5,5
79321,60,65,-5,5
79322,100,95,5,5
79323,173,174,-1,1
79324,156,147,9,9
79325,101,97,4,4
79326,99,99,0,0
79327,130,130,0,0
79328,68,129,-61,61
79329,138,130,8,8
79330,138,140,-2,2
79331,126,127,-1,1
79332,74,71,3,3
79333,75,74,1,1
79334,79,76,3,3
79335,67,66,1,1
79336,80,122,-42,42
79337,86,76,10,10
79338,57,59,-2,2
79339,111,123,-12,12
79340,95,93,2,2
79341,85,77,8,8
79342,88,83,5,5
79343,72,70,2,2
79344,22,121,-99,99
79345,97,83,14,14
79346,130,119,11,11
79347,55,55,0,0
79348,95,88,7,7
79349,86,85,1,1
79350,53,56,-3,3
79351,66,66,0,0
79352,122,134,-12,12
79353,130,133,-3,3
79354,135,131,4,4
79355,47,51,-4,4
79356,65,100,-35,35
79357,46,50,-4,4
79358,155,141,14,14
79359,60,64,-4,4
79360,75,79,-4,4
79361,97,90,7,7
79362,142,119,23,23
79363,57,65,-8,8
79364,80,77,3,3
79365,44,55,-11,11
79366,107,108,-1,1
79367,39,59,-20,20
79368,163,164,-1,1
79369,152,165,-13,13
79370,119,118,1,1
79371,98,83,15,15
79372,67,79,-12,12
79373,61,59,2,2
79374,99,100,-1,1
79375,62,66,-4,4
79376,68,64,4,4
79377,72,80,-8,8
79378,83,85,-2,2
79379,103,93,10,10
79380,116,129,-13,13
79381,122,125,-3,3
79382,88,92,-4,4
79383,129,121,8,8
79384,86,83,3,3
79385,82,85,-3,3
79386,83,85,-2,2
79387,71,82,-11,11
79388,77,79,-2,2
79389,100,105,-5,5
79390,206,199,7,7
79391,152,176,-24,24
79392,58,60,-2,2
79393,141,139,2,2
79394,96,84,12,12
79395,149,132,17,17
79396,80,71,9,9
79397,48,49,-1,1
79398,75,77,-2,2
79399,95,90,5,5
79400,126,130,-4,4
79401,74,70,4,4
79402,95,91,4,4
79403,59,70,-11,11
79404,164,161,3,3
79405,95,93,2,2
79406,46,69,-23,23
79407,88,84,4,4
79408,135,144,-9,9
79409,140,129,11,11
79410,103,101,2,2
79411,69,66,3,3
79412,144,128,16,16
79413,147,134,13,13
79414,105,113,-8,8
79415,154,128,26,26
79416,77,77,0,0
79417,74,77,-3,3
79418,132,126,6,6
79419,56,60,-4,4
79420,48,54,-6,6
79421,77,74,3,3
79422,20,54,-34,34
79423,94,98,-4,4
79424,66,71,-5,5
79425,72,70,2,2
79426,130,118,12,12
79427,282,251,31,31
79428,139,121,18,18
79429,99,114,-15,15
79430,67,70,-3,3
79431,72,75,-3,3
79432,96,109,-13,13
79433,76,79,-3,3
79434,119,111,8,8
79435,93,81,12,12
79436,61,67,-6,6
79437,79,70,9,9
79438,107,101,6,6
79439,152,164,-12,12
79440,85,76,9,9
79441,62,95,-33,33
79442,103,93,10,10
79443,59,59,0,0
79444,109,115,-6,6
79445,84,94,-10,10
79446,85,86,-1,1
79447,77,91,-14,14
79448,182,174,8,8
79449,105,110,-5,5
79450,165,165,0,0
79451,101,98,3,3
79452,91,87,4,4
79453,93,92,1,1
79454,105,111,-6,6
79455,98,102,-4,4
79456,140,142,-2,2
79457,150,137,13,13
79458,168,156,12,12
79459,155,148,7,7
79460,75,65,10,10
79461,56,53,3,3
79462,41,55,-14,14
79463,84,81,3,3
79464,46,50,-4,4
79465,168,169,-1,1
79466,148,141,7,7
79467,92,94,-2,2
79468,93,87,6,6
79469,108,99,9,9
79470,52,56,-4,4
79471,100,96,4,4
79472,77,82,-5,5
79473,95,88,7,7
79474,67,65,2,2
79475,84,74,10,10
79476,107,103,4,4
79477,80,76,4,4
79478,104,104,0,0
79479,86,86,0,0
79480,90,81,9,9
79481,70,79,-9,9
79482,125,137,-12,12
79483,68,66,2,2
79484,125,126,-1,1
79485,133,135,-2,2
79486,77,73,4,4
79487,70,72,-2,2
79488,182,169,13,13
79489,114,100,14,14
79490,114,113,1,1
79491,183,183,0,0
79492,57,62,-5,5
79493,111,114,-3,3
79494,49,53,-4,4
79495,58,59,-1,1
79496,97,107,-10,10
79497,141,148,-7,7
79498,133,132,1,1
79499,115,104,11,11
79500,142,135,7,7
79501,53,58,-5,5
79502,69,67,2,2
79503,152,130,22,22
79504,52,51,1,1
79505,145,146,-1,1
79506,90,84,6,6
79507,125,116,9,9
79508,73,62,11,11
79509,72,72,0,0
79510,69,79,-10,10
79511,146,135,11,11
79512,149,149,0,0
79513,79,79,0,0
79514,105,113,-8,8
79515,65,64,1,1
79516,139,128,11,11
79517,123,118,5,5
79518,105,84,21,21
79519,40,51,-11,11
79520,65,66,-1,1
79521,134,131,3,3
79522,123,117,6,6
79523,127,118,9,9
79524,39,70,-31,31
79525,104,116,-12,12
79526,48,51,-3,3
79527,78,86,-8,8
79528,102,98,4,4
79529,72,61,11,11
79530,130,133,-3,3
79531,107,106,1,1
79532,90,88,2,2
79533,85,83,2,2
79534,103,106,-3,3
79535,118,111,7,7
79536,67,73,-6,6
79537,101,85,16,16
79538,108,103,5,5
79539,134,152,-18,18
79540,83,74,9,9
79541,103,106,-3,3
79542,43,60,-17,17
79543,154,142,12,12
79544,137,136,1,1
79545,133,125,8,8
79546,165,147,18,18
79547,68,72,-4,4
79548,144,142,2,2
79549,112,115,-3,3
79550,96,98,-2,2
79551,84,75,9,9
79552,131,115,16,16
79553,95,92,3,3
79554,166,150,16,16
79555,56,62,-6,6
79556,112,109,3,3
79557,55,58,-3,3
79558,88,87,1,1
79559,81,74,7,7
79560,79,75,4,4
79561,105,108,-3,3
79562,52,53,-1,1
79563,131,126,5,5
79564,101,102,-1,1
79565,98,97,1,1
79566,60,56,4,4
79567,66,69,-3,3
79568,85,75,10,10
79569,81,76,5,5
79570,117,126,-9,9
79571,61,60,1,1
79572,74,75,-1,1
79573,64,69,-5,5
79574,61,62,-1,1
79575,106,103,3,3
79576,82,80,2,2
79577,68,87,-19,19
79578,100,104,-4,4
79579,111,90,21,21
79580,73,78,-5,5
79581,110,108,2,2
79582,110,116,-6,6
79583,150,145,5,5
79584,119,122,-3,3
79585,140,141,-1,1
79586,107,101,6,6
79587,31,53,-22,22
79588,111,107,4,4
79589,93,98,-5,5
79590,73,75,-2,2
79591,75,81,-6,6
79592,106,119,-13,13
79593,46,59,-13,13
79594,169,161,8,8
79595,128,125,3,3
79596,189,185,4,4
79597,119,118,1,1
79598,61,56,5,5
79599,109,110,-1,1
79600,129,117,12,12
79601,118,122,-4,4
79602,91,91,0,0
79603,95,94,1,1
79604,106,92,14,14
79605,188,180,8,8
79606,78,72,6,6
79607,59,69,-10,10
79608,66,62,4,4
79609,62,66,-4,4
79610,137,133,4,4
79611,82,82,0,0
79612,115,118,-3,3
79613,102,106,-4,4
79614,50,66,-16,16
79615,119,119,0,0
79616,159,164,-5,5
79617,146,147,-1,1
79618,62,60,2,2
79619,72,68,4,4
79620,82,79,3,3
79621,64,63,1,1
79622,74,76,-2,2
79623,104,97,7,7
79624,169,134,35,35
79625,86,89,-3,3
79626,178,190,-12,12
79627,83,80,3,3
79628,115,112,3,3
79629,124,127,-3,3
79630,123,149,-26,26
79631,90,90,0,0
79632,51,57,-6,6
79633,99,94,5,5
79634,99,126,-27,27
79635,108,97,11,11
79636,124,110,14,14
79637,144,146,-2,2
79638,128,136,-8,8
79639,70,71,-1,1
79640,74,82,-8,8
79641,134,139,-5,5
79642,119,125,-6,6
79643,41,51,-10,10
79644,101,107,-6,6
79645,149,142,7,7
79646,121,113,8,8
79647,56,55,1,1
79648,108,104,4,4
79649,72,76,-4,4
79650,98,93,5,5
79651,67,64,3,3
79652,69,70,-1,1
79653,89,87,2,2
79654,122,137,-15,15
79655,75,78,-3,3
79656,80,84,-4,4
79657,184,186,-2,2
79658,80,77,3,3
79659,136,135,1,1
79660,85,84,1,1
79661,86,83,3,3
79662,99,103,-4,4
79663,161,163,-2,2
79664,106,112,-6,6
79665,86,85,1,1
79666,160,152,8,8
79667,140,147,-7,7
79668,157,158,-1,1
79669,121,122,-1,1
79670,61,66,-5,5
79671,108,106,2,2
79672,110,109,1,1
79673,101,93,8,8
79674,85,82,3,3
79675,125,128,-3,3
79676,67,66,1,1
79677,64,66,-2,2
79678,47,63,-16,16
79679,111,119,-8,8
79680,45,55,-10,10
79681,79,67,12,12
79682,102,96,6,6
79683,99,83,16,16
79684,121,118,3,3
79685,75,84,-9,9
79686,172,168,4,4
79687,67,67,0,0
79688,111,99,12,12
79689,119,128,-9,9
79690,134,124,10,10
79691,139,134,5,5
79692,67,71,-4,4
79693,100,124,-24,24
79694,64,70,-6,6
79695,105,105,0,0
79696,106,102,4,4
79697,41,53,-12,12
79698,122,117,5,5
79699,96,98,-2,2
79700,74,73,1,1
79701,97,89,8,8
79702,106,99,7,7
79703,58,54,4,4
79704,61,63,-2,2
79705,72,73,-1,1
79706,97,96,1,1
79707,104,106,-2,2
79708,90,91,-1,1
79709,190,180,10,10
79710,113,124,-11,11
79711,72,93,-21,21
79712,102,95,7,7
79713,143,121,22,22
79714,71,69,2,2
79715,80,86,-6,6
79716,45,54,-9,9
79717,57,59,-2,2
79718,109,105,4,4
79719,80,78,2,2
79720,54,61,-7,7
79721,75,77,-2,2
79722,80,87,-7,7
79723,73,76,-3,3
79724,216,206,10,10
79725,73,77,-4,4
79726,124,124,0,0
79727,160,129,31,31
79728,140,134,6,6
79729,136,130,6,6
79730,68,62,6,6
79731,91,87,4,4
79732,69,63,6,6
79733,93,102,-9,9
79734,103,100,3,3
79735,93,92,1,1
79736,53,55,-2,2
79737,116,112,4,4
79738,57,72,-15,15
79739,89,87,2,2
79740,58,60,-2,2
79741,136,137,-1,1
79742,95,98,-3,3
79743,59,66,-7,7
79744,169,154,15,15
79745,105,107,-2,2
79746,119,102,17,17
79747,89,87,2,2
79748,132,124,8,8
79749,81,72,9,9
79750,52,49,3,3
79751,139,116,23,23
79752,60,62,-2,2
79753,128,121,7,7
79754,54,53,1,1
79755,123,127,-4,4
79756,99,95,4,4
79757,36,56,-20,20
79758,40,47,-7,7
79759,114,112,2,2
79760,89,80,9,9
79761,68,71,-3,3
79762,96,82,14,14
79763,120,118,2,2
79764,85,88,-3,3
79765,67,66,1,1
79766,90,88,2,2
79767,59,60,-1,1
79768,86,76,10,10
79769,187,175,12,12
79770,117,111,6,6
79771,50,59,-9,9
79772,90,86,4,4
79773,92,89,3,3
79774,57,62,-5,5
79775,55,56,-1,1
79776,51,60,-9,9
79777,84,86,-2,2
79778,110,112,-2,2
79779,52,66,-14,14
79780,56,67,-11,11
79781,82,82,0,0
79782,141,143,-2,2
79783,104,102,2,2
79784,113,118,-5,5
79785,119,110,9,9
79786,124,120,4,4
79787,79,77,2,2
79788,99,93,6,6
79789,133,120,13,13
79790,53,58,-5,5
79791,88,84,4,4
79792,58,57,1,1
79793,90,93,-3,3
79794,89,98,-9,9
79795,91,99,-8,8
79796,110,108,2,2
79797,77,76,1,1
79798,71,72,-1,1
79799,77,81,-4,4
79800,115,120,-5,5
79801,62,71,-9,9
79802,167,165,2,2
79803,105,111,-6,6
79804,100,94,6,6
79805,100,106,-6,6
79806,111,118,-7,7
79807,92,88,4,4
79808,162,160,2,2
79809,109,114,-5,5
79810,164,161,3,3
79811,63,55,8,8
79812,67,73,-6,6
79813,158,166,-8,8
79814,82,82,0,0
79815,65,58,7,7
79816,118,111,7,7
79817,87,91,-4,4
79818,159,162,-3,3
79819,122,113,9,9
79820,102,101,1,1
79821,63,63,0,0
79822,94,94,0,0
79823,100,102,-2,2
79824,87,72,15,15
79825,98,89,9,9
79826,79,73,6,6
79827,104,95,9,9
79828,115,106,9,9
79829,118,136,-18,18
79830,82,80,2,2
79831,130,121,9,9
79832,98,100,-2,2
79833,141,149,-8,8
79834,197,185,12,12
79835,141,145,-4,4
79836,91,91,0,0
79837,80,76,4,4
79838,104,89,15,15
79839,171,165,6,6
79840,292,256,36,36
79841,113,118,-5,5
79842,111,104,7,7
79843,116,116,0,0
79844,66,61,5,5
79845,146,143,3,3
79846,62,62,0,0
79847,105,102,3,3
79848,66,65,1,1
79849,59,59,0,0
79850,74,77,-3,3
79851,91,82,9,9
79852,117,114,3,3
79853,101,105,-4,4
79854,167,176,-9,9
79855,69,69,0,0
79856,120,120,0,0
79857,119,114,5,5
79858,130,124,6,6
79859,69,63,6,6
79860,97,104,-7,7
79861,76,77,-1,1
79862,183,180,3,3
79863,65,73,-8,8
79864,155,145,10,10
79865,80,71,9,9
79866,107,111,-4,4
79867,46,60,-14,14
79868,95,90,5,5
79869,72,71,1,1
79870,74,80,-6,6
79871,73,75,-2,2
79872,66,64,2,2
79873,76,76,0,0
79874,75,76,-1,1
79875,36,62,-26,26
79876,82,83,-1,1
79877,150,143,7,7
79878,88,93,-5,5
79879,40,49,-9,9
79880,82,84,-2,2
79881,166,161,5,5
79882,113,111,2,2
79883,120,124,-4,4
79884,136,132,4,4
79885,53,59,-6,6
79886,233,209,24,24
79887,78,73,5,5
79888,112,108,4,4
79889,103,114,-11,11
79890,100,95,5,5
79891,86,94,-8,8
79892,69,72,-3,3
79893,109,109,0,0
79894,105,102,3,3
79895,51,88,-37,37
79896,99,111,-12,12
79897,138,144,-6,6
79898,42,95,-53,53
79899,87,84,3,3
79900,141,137,4,4
79901,75,85,-10,10
79902,96,91,5,5
79903,56,57,-1,1
79904,122,116,6,6
79905,65,66,-1,1
79906,113,102,11,11
79907,67,63,4,4
79908,83,78,5,5
79909,91,77,14,14
79910,136,140,-4,4
79911,85,80,5,5
79912,66,70,-4,4
79913,79,65,14,14
79914,73,69,4,4
79915,106,103,3,3
79916,76,74,2,2
79917,149,140,9,9
79918,38,60,-22,22
79919,108,100,8,8
79920,91,95,-4,4
79921,105,103,2,2
79922,85,87,-2,2
79923,62,73,-11,11
79924,117,137,-20,20
79925,62,68,-6,6
79926,115,106,9,9
79927,85,71,14,14
79928,150,152,-2,2
79929,132,137,-5,5
79930,74,76,-2,2
79931,44,64,-20,20
79932,152,155,-3,3
79933,142,152,-10,10
79934,106,110,-4,4
79935,97,99,-2,2
79936,97,89,8,8
79937,53,62,-9,9
79938,116,118,-2,2
79939,141,142,-1,1
79940,109,109,0,0
79941,90,85,5,5
79942,111,114,-3,3
79943,186,189,-3,3
79944,133,128,5,5
79945,83,77,6,6
79946,69,80,-11,11
79947,73,74,-1,1
79948,154,143,11,11
79949,93,105,-12,12
79950,87,83,4,4
79951,126,131,-5,5
79952,91,93,-2,2
79953,79,78,1,1
79954,82,89,-7,7
79955,112,91,21,21
79956,72,64,8,8
79957,179,182,-3,3
79958,67,74,-7,7
79959,61,77,-16,16
79960,134,126,8,8
79961,129,122,7,7
79962,79,74,5,5
79963,95,99,-4,4
79964,147,141,6,6
79965,86,90,-4,4
79966,64,67,-3,3
79967,73,81,-8,8
79968,60,62,-2,2
79969,122,127,-5,5
79970,91,95,-4,4
79971,78,72,6,6
79972,69,76,-7,7
79973,64,86,-22,22
79974,120,113,7,7
79975,101,101,0,0
79976,51,55,-4,4
79977,80,84,-4,4
79978,100,137,-37,37
79979,104,105,-1,1
79980,69,77,-8,8
79981,94,95,-1,1
79982,110,123,-13,13
79983,157,162,-5,5
79984,56,61,-5,5
79985,118,122,-4,4
79986,29,47,-18,18
79987,110,140,-30,30
79988,102,102,0,0
79989,78,77,1,1
79990,116,131,-15,15
79991,129,129,0,0
79992,124,135,-11,11
79993,69,84,-15,15
79994,94,95,-1,1
79995,105,98,7,7
79996,127,143,-16,16
79997,99,96,3,3
79998,106,93,13,13
79999,45,50,-5,5
80000,73,70,3,3
80001,57,61,-4,4
80002,71,70,1,1
80003,84,86,-2,2
80004,91,93,-2,2
80005,93,93,0,0
80006,75,79,-4,4
80007,98,91,7,7
80008,76,72,4,4
80009,87,83,4,4
80010,100,106,-6,6
80011,101,95,6,6
80012,63,76,-13,13
80013,94,86,8,8
80014,58,64,-6,6
80015,77,72,5,5
80016,136,127,9,9
80017,86,90,-4,4
80018,109,102,7,7
80019,77,73,4,4
80020,146,142,4,4
80021,128,128,0,0
80022,164,160,4,4
80023,71,71,0,0
80024,147,152,-5,5
80025,96,89,7,7
80026,65,66,-1,1
80027,95,93,2,2
80028,84,84,0,0
80029,104,99,5,5
80030,75,78,-3,3
80031,168,168,0,0
80032,200,186,14,14
80033,153,159,-6,6
80034,171,173,-2,2
80035,111,122,-11,11
80036,65,74,-9,9
80037,85,97,-12,12
80038,98,84,14,14
80039,111,109,2,2
80040,112,109,3,3
80041,113,108,5,5
80042,148,135,13,13
80043,115,113,2,2
80044,63,69,-6,6
80045,95,88,7,7
80046,98,101,-3,3
80047,117,120,-3,3
80048,144,137,7,7
80049,115,124,-9,9
80050,124,119,5,5
80051,115,121,-6,6
80052,93,97,-4,4
80053,83,84,-1,1
80054,83,82,1,1
80055,106,106,0,0
80056,104,104,0,0
80057,149,168,-19,19
80058,94,99,-5,5
80059,61,63,-2,2
80060,63,72,-9,9
80061,98,97,1,1
80062,70,74,-4,4
80063,96,100,-4,4
80064,89,83,6,6
80065,120,144,-24,24
80066,85,79,6,6
80067,159,137,22,22
80068,144,148,-4,4
80069,63,66,-3,3
80070,102,101,1,1
80071,119,110,9,9
80072,106,110,-4,4
80073,88,73,15,15
80074,54,55,-1,1
80075,58,58,0,0
80076,130,117,13,13
80077,168,157,11,11
80078,73,72,1,1
80079,133,137,-4,4
80080,98,102,-4,4
80081,86,81,5,5
80082,81,82,-1,1
80083,83,80,3,3
80084,59,64,-5,5
80085,43,50,-7,7
80086,80,81,-1,1
80087,73,76,-3,3
80088,86,86,0,0
80089,89,114,-25,25
80090,77,77,0,0
80091,59,53,6,6
80092,64,99,-35,35
80093,82,75,7,7
80094,47,50,-3,3
80095,99,83,16,16
80096,104,103,1,1
80097,62,64,-2,2
80098,70,76,-6,6
80099,65,70,-5,5
80100,79,77,2,2
80101,86,84,2,2
80102,105,101,4,4
80103,91,95,-4,4
80104,117,107,10,10
80105,43,51,-8,8
80106,171,168,3,3
80107,115,114,1,1
80108,111,114,-3,3
80109,73,74,-1,1
80110,118,114,4,4
80111,84,80,4,4
80112,96,102,-6,6
80113,115,116,-1,1
80114,172,170,2,2
80115,138,134,4,4
80116,130,121,9,9
80117,142,140,2,2
80118,92,94,-2,2
80119,71,65,6,6
80120,42,53,-11,11
80121,93,87,6,6
80122,116,105,11,11
80123,90,83,7,7
80124,74,79,-5,5
80125,56,62,-6,6
80126,139,125,14,14
80127,76,84,-8,8
80128,97,102,-5,5
80129,88,93,-5,5
80130,70,69,1,1
80131,148,141,7,7
80132,70,71,-1,1
80133,112,111,1,1
80134,81,66,15,15
80135,52,58,-6,6
80136,95,101,-6,6
80137,80,82,-2,2
80138,46,50,-4,4
80139,50,59,-9,9
80140,129,126,3,3
80141,90,89,1,1
80142,132,115,17,17
80143,143,140,3,3
80144,130,152,-22,22
80145,147,142,5,5
80146,103,99,4,4
80147,61,62,-1,1
80148,88,92,-4,4
80149,158,151,7,7
80150,50,58,-8,8
80151,115,113,2,2
80152,86,90,-4,4
80153,95,91,4,4
80154,135,144,-9,9
80155,84,89,-5,5
80156,116,134,-18,18
80157,31,46,-15,15
80158,86,85,1,1
80159,87,80,7,7
80160,99,91,8,8
80161,61,65,-4,4
80162,66,63,3,3
80163,99,97,2,2
80164,83,69,14,14
80165,63,66,-3,3
80166,85,77,8,8
80167,90,90,0,0
80168,114,109,5,5
80169,77,77,0,0
80170,74,80,-6,6
80171,85,87,-2,2
80172,49,83,-34,34
80173,29,50,-21,21
80174,77,70,7,7
80175,70,67,3,3
80176,72,80,-8,8
80177,67,83,-16,16
80178,73,73,0,0
80179,112,100,12,12
80180,153,157,-4,4
80181,120,120,0,0
80182,96,97,-1,1
80183,104,100,4,4
80184,74,78,-4,4
80185,50,65,-15,15
80186,74,71,3,3
80187,91,87,4,4
80188,100,101,-1,1
80189,45,58,-13,13
80190,96,100,-4,4
80191,57,61,-4,4
80192,117,109,8,8
80193,116,117,-1,1
80194,117,121,-4,4
80195,85,91,-6,6
80196,90,92,-2,2
80197,120,104,16,16
80198,63,72,-9,9
80199,131,149,-18,18
80200,55,58,-3,3
80201,159,168,-9,9
80202,95,87,8,8
80203,91,89,2,2
80204,52,59,-7,7
80205,73,65,8,8
80206,107,103,4,4
80207,73,77,-4,4
80208,144,136,8,8
80209,101,107,-6,6
80210,84,81,3,3
80211,72,78,-6,6
80212,100,114,-14,14
80213,57,57,0,0
80214,89,84,5,5
80215,85,82,3,3
80216,136,136,0,0
80217,104,110,-6,6
80218,180,169,11,11
80219,88,83,5,5
80220,81,88,-7,7
80221,98,96,2,2
80222,63,59,4,4
80223,81,91,-10,10
80224,132,142,-10,10
80225,139,138,1,1
80226,156,145,11,11
80227,94,94,0,0
80228,113,118,-5,5
80229,155,177,-22,22
80230,106,96,10,10
80231,71,70,1,1
80232,98,104,-6,6
80233,48,137,-89,89
80234,54,57,-3,3
80235,86,81,5,5
80236,103,103,0,0
80237,148,140,8,8
80238,73,66,7,7
80239,135,143,-8,8
80240,93,92,1,1
80241,137,143,-6,6
80242,82,80,2,2
80243,78,74,4,4
80244,95,99,-4,4
80245,74,71,3,3
80246,95,94,1,1
80247,64,64,0,0
80248,100,106,-6,6
80249,95,99,-4,4
80250,28,54,-26,26
80251,38,51,-13,13
80252,92,88,4,4
80253,134,138,-4,4
80254,68,70,-2,2
80255,117,111,6,6
80256,118,113,5,5
80257,79,74,5,5
80258,61,61,0,0
80259,132,124,8,8
80260,98,109,-11,11
80261,70,77,-7,7
80262,117,112,5,5
80263,61,59,2,2
80264,69,68,1,1
80265,76,70,6,6
80266,56,60,-4,4
80267,108,103,5,5
80268,70,66,4,4
80269,53,55,-2,2
80270,94,96,-2,2
80271,158,158,0,0
80272,146,146,0,0
80273,94,98,-4,4
80274,48,53,-5,5
80275,85,88,-3,3
80276,117,104,13,13
80277,119,107,12,12
80278,72,80,-8,8
80279,103,103,0,0
80280,85,81,4,4
80281,121,108,13,13
80282,66,75,-9,9
80283,177,189,-12,12
80284,85,83,2,2
80285,151,158,-7,7
80286,57,58,-1,1
80287,83,72,11,11
80288,68,64,4,4
80289,118,122,-4,4
80290,70,70,0,0
80291,30,65,-35,35
80292,94,101,-7,7
80293,68,72,-4,4
80294,153,160,-7,7
80295,81,78,3,3
80296,106,105,1,1
80297,93,85,8,8
80298,152,155,-3,3
80299,117,119,-2,2
80300,121,117,4,4
80301,104,112,-8,8
80302,130,121,9,9
80303,113,109,4,4
80304,108,101,7,7
80305,110,100,10,10
80306,76,88,-12,12
80307,119,117,2,2
80308,79,72,7,7
80309,96,94,2,2
80310,74,90,-16,16
80311,71,67,4,4
80312,79,69,10,10
80313,62,64,-2,2
80314,67,69,-2,2
80315,149,130,19,19
80316,70,73,-3,3
80317,87,85,2,2
80318,302,267,35,35
80319,51,56,-5,5
80320,73,69,4,4
80321,47,51,-4,4
80322,138,127,11,11
80323,155,151,4,4
80324,67,73,-6,6
80325,118,126,-8,8
80326,73,73,0,0
80327,67,71,-4,4
80328,43,60,-17,17
80329,101,107,-6,6
80330,89,79,10,10
80331,67,71,-4,4
80332,148,150,-2,2
80333,131,130,1,1
80334,73,66,7,7
80335,135,141,-6,6
80336,71,78,-7,7
80337,71,68,3,3
80338,108,95,13,13
80339,131,124,7,7
80340,115,130,-15,15
80341,56,59,-3,3
80342,84,81,3,3
80343,92,99,-7,7
80344,38,46,-8,8
80345,134,118,16,16
80346,75,75,0,0
80347,124,116,8,8
80348,126,126,0,0
80349,103,115,-12,12
80350,57,59,-2,2
80351,82,91,-9,9
80352,113,117,-4,4
80353,103,113,-10,10
80354,119,104,15,15
80355,259,273,-14,14
80356,87,85,2,2
80357,180,153,27,27
80358,84,87,-3,3
80359,110,122,-12,12
80360,116,106,10,10
80361,114,116,-2,2
80362,124,137,-13,13
80363,92,83,9,9
80364,86,93,-7,7
80365,85,88,-3,3
80366,65,67,-2,2
80367,73,72,1,1
80368,72,71,1,1
80369,108,110,-2,2
80370,47,58,-11,11
80371,96,99,-3,3
80372,66,73,-7,7
80373,70,76,-6,6
80374,134,128,6,6
80375,47,53,-6,6
80376,50,57,-7,7
80377,69,77,-8,8
80378,82,81,1,1
80379,103,100,3,3
80380,79,75,4,4
80381,82,81,1,1
80382,77,86,-9,9
80383,77,80,-3,3
80384,99,97,2,2
80385,99,101,-2,2
80386,156,168,-12,12
80387,82,74,8,8
80388,123,115,8,8
80389,75,67,8,8
80390,47,51,-4,4
80391,32,53,-21,21
80392,72,74,-2,2
80393,92,90,2,2
80394,128,106,22,22
80395,100,104,-4,4
80396,78,83,-5,5
80397,141,135,6,6
80398,361,259,102,102
80399,142,133,9,9
80400,28,70,-42,42
80401,53,54,-1,1
80402,80,83,-3,3
80403,81,85,-4,4
80404,181,157,24,24
80405,55,61,-6,6
80406,81,79,2,2
80407,58,60,-2,2
80408,28,49,-21,21
80409,76,83,-7,7
80410,77,83,-6,6
80411,125,124,1,1
80412,89,98,-9,9
80413,91,89,2,2
80414,103,108,-5,5
80415,97,96,1,1
80416,90,80,10,10
80417,69,69,0,0
80418,140,141,-1,1
80419,59,62,-3,3
80420,140,135,5,5
80421,119,122,-3,3
80422,86,93,-7,7
80423,71,70,1,1
80424,179,175,4,4
80425,119,105,14,14
80426,115,106,9,9
80427,61,68,-7,7
80428,160,162,-2,2
80429,127,129,-2,2
80430,186,190,-4,4
80431,95,93,2,2
80432,73,77,-4,4
80433,86,81,5,5
80434,64,69,-5,5
80435,164,160,4,4
80436,80,78,2,2
80437,107,121,-14,14
80438,138,133,5,5
80439,95,95,0,0
80440,161,151,10,10
80441,81,77,4,4
80442,118,117,1,1
80443,102,100,2,2
80444,79,78,1,1
80445,83,82,1,1
80446,96,84,12,12
80447,99,101,-2,2
80448,101,96,5,5
80449,73,72,1,1
80450,151,144,7,7
80451,86,90,-4,4
80452,107,102,5,5
80453,102,94,8,8
80454,87,85,2,2
80455,110,106,4,4
80456,75,88,-13,13
80457,68,87,-19,19
80458,88,91,-3,3
80459,84,81,3,3
80460,81,78,3,3
80461,78,81,-3,3
80462,73,71,2,2
80463,103,95,8,8
80464,175,166,9,9
80465,122,121,1,1
80466,106,104,2,2
80467,53,53,0,0
80468,120,120,0,0
80469,135,137,-2,2
80470,96,94,2,2
80471,69,70,-1,1
80472,86,87,-1,1
80473,94,97,-3,3
80474,46,50,-4,4
80475,93,93,0,0
80476,111,114,-3,3
80477,54,55,-1,1
80478,63,66,-3,3
80479,59,65,-6,6
80480,61,65,-4,4
80481,68,76,-8,8
80482,140,124,16,16
80483,79,73,6,6
80484,148,154,-6,6
80485,114,113,1,1
80486,77,82,-5,5
80487,95,86,9,9
80488,53,52,1,1
80489,102,108,-6,6
80490,150,157,-7,7
80491,142,126,16,16
80492,123,132,-9,9
80493,85,80,5,5
80494,86,77,9,9
80495,106,97,9,9
80496,123,117,6,6
80497,99,96,3,3
80498,78,69,9,9
80499,74,74,0,0
80500,83,82,1,1
80501,68,96,-28,28
80502,100,107,-7,7
80503,71,64,7,7
80504,85,71,14,14
80505,105,99,6,6
80506,132,130,2,2
80507,109,97,12,12
80508,95,92,3,3
80509,101,96,5,5
80510,49,55,-6,6
80511,37,48,-11,11
80512,80,84,-4,4
80513,66,53,13,13
80514,70,70,0,0
80515,93,85,8,8
80516,54,59,-5,5
80517,99,106,-7,7
80518,100,99,1,1
80519,143,141,2,2
80520,67,66,1,1
80521,69,69,0,0
80522,72,90,-18,18
80523,88,94,-6,6
80524,116,91,25,25
80525,103,104,-1,1
80526,129,134,-5,5
80527,112,110,2,2
80528,47,49,-2,2
80529,80,77,3,3
80530,87,83,4,4
80531,102,106,-4,4
80532,111,111,0,0
80533,113,115,-2,2
80534,85,80,5,5
80535,57,61,-4,4
80536,110,104,6,6
80537,91,93,-2,2
80538,127,124,3,3
80539,71,66,5,5
80540,110,101,9,9
80541,143,142,1,1
80542,90,90,0,0
80543,122,115,7,7
80544,124,119,5,5
80545,53,57,-4,4
80546,77,82,-5,5
80547,35,46,-11,11
80548,63,75,-12,12
80549,115,109,6,6
80550,128,126,2,2
80551,99,98,1,1
80552,90,97,-7,7
80553,80,76,4,4
80554,98,94,4,4
80555,95,93,2,2
80556,138,138,0,0
80557,84,81,3,3
80558,129,135,-6,6
80559,101,92,9,9
80560,109,92,17,17
80561,142,147,-5,5
80562,72,56,16,16
80563,110,109,1,1
80564,52,52,0,0
80565,66,83,-17,17
80566,69,68,1,1
80567,79,72,7,7
80568,69,70,-1,1
80569,97,92,5,5
80570,96,91,5,5
80571,105,101,4,4
80572,144,138,6,6
80573,129,121,8,8
80574,75,80,-5,5
80575,111,104,7,7
80576,149,140,9,9
80577,110,106,4,4
80578,73,73,0,0
80579,58,62,-4,4
80580,47,50,-3,3
80581,82,87,-5,5
80582,70,71,-1,1
80583,124,103,21,21
80584,78,76,2,2
80585,136,126,10,10
80586,147,156,-9,9
80587,84,99,-15,15
80588,121,117,4,4
80589,63,62,1,1
80590,94,91,3,3
80591,125,132,-7,7
80592,82,89,-7,7
80593,158,145,13,13
80594,67,72,-5,5
80595,61,70,-9,9
80596,119,119,0,0
80597,65,68,-3,3
80598,86,88,-2,2
80599,98,83,15,15
80600,143,145,-2,2
80601,105,106,-1,1
80602,113,130,-17,17
80603,77,72,5,5
80604,107,113,-6,6
80605,58,61,-3,3
80606,145,146,-1,1
80607,52,67,-15,15
80608,109,99,10,10
80609,71,69,2,2
80610,64,70,-6,6
80611,129,118,11,11
80612,83,90,-7,7
80613,40,57,-17,17
80614,102,108,-6,6
80615,65,63,2,2
80616,100,84,16,16
80617,131,128,3,3
80618,90,86,4,4
80619,92,95,-3,3
80620,67,77,-10,10
80621,121,116,5,5
80622,126,114,12,12
80623,93,92,1,1
80624,157,154,3,3
80625,89,87,2,2
80626,53,60,-7,7
80627,96,91,5,5
80628,111,103,8,8
80629,121,115,6,6
80630,67,78,-11,11
80631,59,58,1,1
80632,88,88,0,0
80633,71,81,-10,10
80634,57,57,0,0
80635,118,110,8,8
80636,78,71,7,7
80637,118,114,4,4
80638,85,83,2,2
80639,102,103,-1,1
80640,69,73,-4,4
80641,179,185,-6,6
80642,94,109,-15,15
80643,100,100,0,0
80644,91,82,9,9
80645,139,151,-12,12
80646,77,82,-5,5
80647,64,64,0,0
80648,64,65,-1,1
80649,137,137,0,0
80650,113,111,2,2
80651,93,82,11,11
80652,100,104,-4,4
80653,88,87,1,1
80654,87,83,4,4
80655,144,142,2,2
80656,41,54,-13,13
80657,51,59,-8,8
80658,78,74,4,4
80659,72,67,5,5
80660,66,66,0,0
80661,58,68,-10,10
80662,123,126,-3,3
80663,90,81,9,9
80664,56,53,3,3
80665,98,85,13,13
80666,91,87,4,4
80667,126,118,8,8
80668,68,67,1,1
80669,117,108,9,9
80670,46,53,-7,7
80671,71,73,-2,2
80672,111,106,5,5
80673,89,82,7,7
80674,58,63,-5,5
80675,104,104,0,0
80676,110,101,9,9
80677,101,100,1,1
80678,203,219,-16,16
80679,90,93,-3,3
80680,82,78,4,4
80681,133,119,14,14
80682,67,64,3,3
80683,75,76,-1,1
80684,90,82,8,8
80685,91,83,8,8
80686,91,94,-3,3
80687,67,59,8,8
80688,122,118,4,4
80689,59,60,-1,1
80690,40,52,-12,12
80691,104,95,9,9
80692,118,123,-5,5
80693,92,83,9,9
80694,157,167,-10,10
80695,65,66,-1,1
80696,60,62,-2,2
80697,100,95,5,5
80698,31,47,-16,16
80699,94,89,5,5
80700,45,53,-8,8
80701,109,101,8,8
80702,85,79,6,6
80703,86,93,-7,7
80704,185,176,9,9
80705,97,91,6,6
80706,69,62,7,7
80707,194,190,4,4
80708,63,76,-13,13
80709,141,141,0,0
80710,87,72,15,15
80711,131,130,1,1
80712,152,143,9,9
80713,96,93,3,3
80714,111,112,-1,1
80715,92,84,8,8
80716,108,102,6,6
80717,83,82,1,1
80718,52,55,-3,3
80719,103,102,1,1
80720,189,181,8,8
80721,80,66,14,14
80722,149,144,5,5
80723,146,134,12,12
80724,66,62,4,4
80725,38,48,-10,10
80726,124,132,-8,8
80727,55,64,-9,9
80728,141,117,24,24
80729,83,116,-33,33
80730,144,154,-10,10
80731,127,131,-4,4
80732,80,69,11,11
80733,125,120,5,5
80734,115,111,4,4
80735,79,79,0,0
80736,73,72,1,1
80737,92,74,18,18
80738,84,87,-3,3
80739,103,107,-4,4
80740,104,112,-8,8
80741,101,105,-4,4
80742,92,98,-6,6
80743,169,155,14,14
80744,53,56,-3,3
80745,114,105,9,9
80746,138,143,-5,5
80747,86,80,6,6
80748,85,84,1,1
80749,147,147,0,0
80750,58,68,-10,10
80751,128,126,2,2
80752,65,73,-8,8
80753,89,87,2,2
80754,95,100,-5,5
80755,84,91,-7,7
80756,115,106,9,9
80757,142,137,5,5
80758,120,114,6,6
80759,102,110,-8,8
80760,121,145,-24,24
80761,48,54,-6,6
80762,127,103,24,24
80763,76,68,8,8
80764,133,126,7,7
80765,108,101,7,7
80766,67,64,3,3
80767,33,47,-14,14
80768,148,135,13,13
80769,115,102,13,13
80770,68,102,-34,34
80771,132,144,-12,12
80772,167,157,10,10
80773,145,156,-11,11
80774,126,125,1,1
80775,72,65,7,7
80776,108,114,-6,6
80777,75,80,-5,5
80778,66,73,-7,7
80779,72,69,3,3
80780,99,93,6,6
80781,67,66,1,1
80782,113,113,0,0
80783,108,97,11,11
80784,94,90,4,4
80785,57,63,-6,6
80786,97,85,12,12
80787,64,69,-5,5
80788,127,128,-1,1
80789,90,83,7,7
80790,185,181,4,4
80791,110,99,11,11
80792,59,64,-5,5
80793,119,106,13,13
80794,88,98,-10,10
80795,196,182,14,14
80796,95,97,-2,2
80797,69,75,-6,6
80798,159,165,-6,6
80799,66,84,-18,18
80800,100,88,12,12
80801,90,97,-7,7
80802,71,65,6,6
80803,63,61,2,2
80804,104,92,12,12
80805,64,70,-6,6
80806,67,76,-9,9
80807,71,75,-4,4
80808,155,144,11,11
80809,89,81,8,8
80810,128,124,4,4
80811,95,98,-3,3
80812,51,51,0,0
80813,118,114,4,4
80814,102,100,2,2
80815,124,123,1,1
80816,68,69,-1,1
80817,50,56,-6,6
80818,86,90,-4,4
80819,89,89,0,0
80820,113,101,12,12
80821,126,123,3,3
80822,64,76,-12,12
80823,120,121,-1,1
80824,62,69,-7,7
80825,73,88,-15,15
80826,145,143,2,2
80827,63,61,2,2
80828,80,87,-7,7
80829,82,82,0,0
80830,41,47,-6,6
80831,93,96,-3,3
80832,107,104,3,3
80833,60,63,-3,3
80834,93,89,4,4
80835,97,96,1,1
80836,90,89,1,1
80837,111,118,-7,7
80838,57,63,-6,6
80839,75,69,6,6
80840,54,59,-5,5
80841,55,70,-15,15
80842,84,85,-1,1
80843,95,95,0,0
80844,101,92,9,9
80845,91,88,3,3
80846,65,65,0,0
80847,59,60,-1,1
80848,112,108,4,4
80849,164,166,-2,2
80850,61,70,-9,9
80851,75,77,-2,2
80852,149,144,5,5
80853,152,139,13,13
80854,65,67,-2,2
80855,90,86,4,4
80856,96,100,-4,4
80857,105,103,2,2
80858,75,80,-5,5
80859,61,60,1,1
80860,102,97,5,5
80861,96,89,7,7
80862,96,84,12,12
80863,89,86,3,3
80864,100,95,5,5
80865,96,88,8,8
80866,57,63,-6,6
80867,67,73,-6,6
80868,148,148,0,0
80869,108,104,4,4
80870,50,51,-1,1
80871,151,144,7,7
80872,72,81,-9,9
80873,55,60,-5,5
80874,166,144,22,22
80875,75,79,-4,4
80876,154,138,16,16
80877,71,77,-6,6
80878,77,78,-1,1
80879,72,63,9,9
80880,79,85,-6,6
80881,166,155,11,11
80882,72,72,0,0
80883,91,89,2,2
80884,80,84,-4,4
80885,111,86,25,25
80886,81,90,-9,9
80887,74,77,-3,3
80888,129,125,4,4
80889,120,111,9,9
80890,79,78,1,1
80891,95,88,7,7
80892,82,85,-3,3
80893,124,117,7,7
80894,73,71,2,2
80895,328,397,-69,69
80896,95,91,4,4
80897,90,84,6,6
80898,105,105,0,0
80899,131,131,0,0
80900,96,92,4,4
80901,64,63,1,1
80902,129,112,17,17
80903,84,77,7,7
80904,126,120,6,6
80905,132,126,6,6
80906,108,113,-5,5
80907,74,74,0,0
80908,122,119,3,3
80909,96,109,-13,13
80910,172,183,-11,11
80911,150,142,8,8
80912,82,82,0,0
80913,119,121,-2,2
80914,42,50,-8,8
80915,125,114,11,11
80916,47,48,-1,1
80917,78,72,6,6
80918,51,54,-3,3
80919,56,63,-7,7
80920,100,107,-7,7
80921,105,99,6,6
80922,241,188,53,53
80923,148,139,9,9
80924,49,51,-2,2
80925,116,113,3,3
80926,45,54,-9,9
80927,89,81,8,8
80928,83,86,-3,3
80929,106,108,-2,2
80930,84,98,-14,14
80931,82,77,5,5
80932,69,75,-6,6
80933,87,89,-2,2
80934,85,104,-19,19
80935,75,67,8,8
80936,142,144,-2,2
80937,84,83,1,1
80938,112,97,15,15
80939,74,76,-2,2
80940,82,85,-3,3
80941,96,99,-3,3
80942,106,102,4,4
80943,41,55,-14,14
80944,70,64,6,6
80945,62,67,-5,5
80946,108,111,-3,3
80947,115,105,10,10
80948,79,74,5,5
80949,101,98,3,3
80950,73,70,3,3
80951,69,72,-3,3
80952,42,50,-8,8
80953,130,127,3,3
80954,74,65,9,9
80955,69,71,-2,2
80956,112,108,4,4
80957,95,97,-2,2
80958,56,59,-3,3
80959,98,88,10,10
80960,93,98,-5,5
80961,93,88,5,5
80962,99,101,-2,2
80963,137,129,8,8
80964,127,128,-1,1
80965,82,80,2,2
80966,58,69,-11,11
80967,83,75,8,8
80968,130,123,7,7
80969,99,84,15,15
80970,134,135,-1,1
80971,134,124,10,10
80972,73,71,2,2
80973,98,109,-11,11
80974,56,60,-4,4
80975,106,110,-4,4
80976,157,149,8,8
80977,70,69,1,1
80978,105,101,4,4
80979,108,117,-9,9
80980,65,66,-1,1
80981,82,76,6,6
80982,75,74,1,1
80983,88,92,-4,4
80984,79,80,-1,1
80985,85,93,-8,8
80986,98,88,10,10
80987,70,67,3,3
80988,132,137,-5,5
80989,121,108,13,13
80990,120,138,-18,18
80991,131,123,8,8
80992,100,103,-3,3
80993,103,100,3,3
80994,89,84,5,5
80995,87,88,-1,1
80996,63,69,-6,6
80997,101,92,9,9
80998,80,75,5,5
80999,60,59,1,1
81000,53,60,-7,7
81001,147,136,11,11
81002,83,82,1,1
81003,91,90,1,1
81004,120,113,7,7
81005,79,78,1,1
81006,66,62,4,4
81007,126,103,23,23
81008,155,144,11,11
81009,73,75,-2,2
81010,75,69,6,6
81011,110,111,-1,1
81012,87,86,1,1
81013,92,90,2,2
81014,133,136,-3,3
81015,100,93,7,7
81016,89,86,3,3
81017,73,74,-1,1
81018,56,60,-4,4
81019,117,106,11,11
81020,77,68,9,9
81021,58,55,3,3
81022,132,133,-1,1
81023,149,129,20,20
81024,60,56,4,4
81025,88,82,6,6
81026,118,106,12,12
81027,71,77,-6,6
81028,158,156,2,2
81029,143,131,12,12
81030,63,69,-6,6
81031,49,58,-9,9
81032,111,106,5,5
81033,121,123,-2,2
81034,97,86,11,11
81035,116,116,0,0
81036,58,58,0,0
81037,66,60,6,6
81038,63,60,3,3
81039,54,52,2,2
81040,83,86,-3,3
81041,66,69,-3,3
81042,48,51,-3,3
81043,69,76,-7,7
81044,39,71,-32,32
81045,158,127,31,31
81046,48,57,-9,9
81047,63,59,4,4
81048,93,98,-5,5
81049,87,88,-1,1
81050,64,87,-23,23
81051,148,122,26,26
81052,58,60,-2,2
81053,51,57,-6,6
81054,53,58,-5,5
81055,138,137,1,1
81056,75,77,-2,2
81057,94,97,-3,3
81058,49,59,-10,10
81059,132,140,-8,8
81060,98,93,5,5
81061,97,106,-9,9
81062,100,91,9,9
81063,107,100,7,7
81064,65,63,2,2
81065,67,67,0,0
81066,54,58,-4,4
81067,123,120,3,3
81068,133,120,13,13
81069,105,127,-22,22
81070,91,94,-3,3
81071,121,119,2,2
81072,81,90,-9,9
81073,59,69,-10,10
81074,154,139,15,15
81075,85,86,-1,1
81076,80,94,-14,14
81077,181,179,2,2
81078,112,107,5,5
81079,80,78,2,2
81080,140,128,12,12
81081,92,80,12,12
81082,87,78,9,9
81083,62,84,-22,22
81084,136,125,11,11
81085,74,74,0,0
81086,74,72,2,2
81087,45,57,-12,12
81088,87,86,1,1
81089,81,78,3,3
81090,37,50,-13,13
81091,73,69,4,4
81092,81,84,-3,3
81093,119,116,3,3
81094,139,138,1,1
81095,106,108,-2,2
81096,105,104,1,1
81097,129,128,1,1
81098,97,101,-4,4
81099,94,118,-24,24
81100,89,110,-21,21
81101,84,82,2,2
81102,182,167,15,15
81103,44,52,-8,8
81104,98,91,7,7
81105,83,79,4,4
81106,159,152,7,7
81107,61,61,0,0
81108,145,127,18,18
81109,113,138,-25,25
81110,74,76,-2,2
81111,44,60,-16,16
81112,70,76,-6,6
81113,87,105,-18,18
81114,156,145,11,11
81115,78,76,2,2
81116,99,88,11,11
81117,120,111,9,9
81118,100,112,-12,12
81119,90,82,8,8
81120,90,93,-3,3
81121,126,128,-2,2
81122,59,51,8,8
81123,82,82,0,0
81124,71,85,-14,14
81125,87,83,4,4
81126,72,83,-11,11
81127,112,105,7,7
81128,65,62,3,3
81129,68,71,-3,3
81130,62,65,-3,3
81131,130,130,0,0
81132,60,58,2,2
81133,100,106,-6,6
81134,48,54,-6,6
81135,97,94,3,3
81136,85,79,6,6
81137,143,123,20,20
81138,112,112,0,0
81139,70,73,-3,3
81140,107,121,-14,14
81141,103,99,4,4
81142,79,73,6,6
81143,65,59,6,6
81144,74,69,5,5
81145,62,64,-2,2
81146,146,145,1,1
81147,138,136,2,2
81148,109,105,4,4
81149,57,60,-3,3
81150,81,83,-2,2
81151,100,97,3,3
81152,55,64,-9,9
81153,71,73,-2,2
81154,137,125,12,12
81155,173,168,5,5
81156,53,60,-7,7
81157,69,68,1,1
81158,115,100,15,15
81159,71,77,-6,6
81160,129,125,4,4
81161,142,134,8,8
81162,48,51,-3,3
81163,77,76,1,1
81164,81,91,-10,10
81165,103,96,7,7
81166,75,77,-2,2
81167,86,78,8,8
81168,105,109,-4,4
81169,61,59,2,2
81170,109,103,6,6
81171,98,94,4,4
81172,153,155,-2,2
81173,50,59,-9,9
81174,178,166,12,12
81175,85,81,4,4
81176,118,118,0,0
81177,94,83,11,11
81178,116,96,20,20
81179,92,89,3,3
81180,96,92,4,4
81181,44,60,-16,16
81182,96,91,5,5
81183,146,124,22,22
81184,90,77,13,13
81185,86,83,3,3
81186,112,115,-3,3
81187,102,112,-10,10
81188,47,50,-3,3
81189,107,98,9,9
81190,52,66,-14,14
81191,122,125,-3,3
81192,84,76,8,8
81193,76,77,-1,1
81194,72,73,-1,1
81195,181,176,5,5
81196,71,75,-4,4
81197,92,96,-4,4
81198,152,149,3,3
81199,133,132,1,1
81200,97,95,2,2
81201,135,138,-3,3
81202,75,77,-2,2
81203,99,92,7,7
81204,92,119,-27,27
81205,113,119,-6,6
81206,65,62,3,3
81207,100,105,-5,5
81208,124,130,-6,6
81209,82,83,-1,1
81210,111,118,-7,7
81211,101,98,3,3
81212,60,66,-6,6
81213,141,129,12,12
81214,69,71,-2,2
81215,141,141,0,0
81216,111,99,12,12
81217,169,169,0,0
81218,126,122,4,4
81219,75,84,-9,9
81220,120,112,8,8
81221,141,147,-6,6
81222,104,120,-16,16
81223,48,55,-7,7
81224,93,92,1,1
81225,140,133,7,7
81226,97,86,11,11
81227,110,101,9,9
81228,45,48,-3,3
81229,92,93,-1,1
81230,87,74,13,13
81231,90,79,11,11
81232,68,72,-4,4
81233,64,72,-8,8
81234,59,54,5,5
81235,135,132,3,3
81236,52,61,-9,9
81237,121,129,-8,8
81238,78,81,-3,3
81239,97,100,-3,3
81240,64,85,-21,21
81241,113,115,-2,2
81242,83,82,1,1
81243,79,74,5,5
81244,77,82,-5,5
81245,56,64,-8,8
81246,156,153,3,3
81247,134,129,5,5
81248,66,67,-1,1
81249,113,114,-1,1
81250,89,83,6,6
81251,95,102,-7,7
81252,98,98,0,0
81253,137,146,-9,9
81254,113,106,7,7
81255,173,159,14,14
81256,122,120,2,2
81257,92,85,7,7
81258,142,133,9,9
81259,82,82,0,0
81260,42,50,-8,8
81261,116,138,-22,22
81262,89,90,-1,1
81263,140,136,4,4
81264,130,110,20,20
81265,80,79,1,1
81266,113,116,-3,3
81267,60,62,-2,2
81268,143,172,-29,29
81269,86,80,6,6
81270,126,120,6,6
81271,75,67,8,8
81272,120,114,6,6
81273,125,116,9,9
81274,195,186,9,9
81275,71,69,2,2
81276,131,129,2,2
81277,111,110,1,1
81278,89,95,-6,6
81279,93,91,2,2
81280,80,81,-1,1
81281,80,75,5,5
81282,46,51,-5,5
81283,134,128,6,6
81284,83,79,4,4
81285,145,143,2,2
81286,80,81,-1,1
81287,82,72,10,10
81288,86,76,10,10
81289,62,71,-9,9
81290,46,51,-5,5
81291,112,109,3,3
81292,99,95,4,4
81293,145,134,11,11
81294,166,170,-4,4
81295,45,54,-9,9
81296,126,109,17,17
81297,89,86,3,3
81298,99,104,-5,5
81299,77,76,1,1
81300,119,105,14,14
81301,93,112,-19,19
81302,102,111,-9,9
81303,62,64,-2,2
81304,57,56,1,1
81305,63,67,-4,4
81306,56,69,-13,13
81307,137,135,2,2
81308,101,98,3,3
81309,90,83,7,7
81310,136,133,3,3
81311,70,72,-2,2
81312,81,82,-1,1
81313,66,65,1,1
81314,93,91,2,2
81315,73,69,4,4
81316,90,85,5,5
81317,83,84,-1,1
81318,89,89,0,0
81319,103,108,-5,5
81320,105,96,9,9
81321,83,102,-19,19
81322,115,117,-2,2
81323,99,100,-1,1
81324,85,87,-2,2
81325,73,74,-1,1
81326,80,85,-5,5
81327,49,62,-13,13
81328,80,78,2,2
81329,63,66,-3,3
81330,33,47,-14,14
81331,178,183,-5,5
81332,105,127,-22,22
81333,41,59,-18,18
81334,92,97,-5,5
81335,98,95,3,3
81336,71,73,-2,2
81337,30,43,-13,13
81338,62,64,-2,2
81339,126,145,-19,19
81340,102,103,-1,1
81341,122,123,-1,1
81342,79,80,-1,1
81343,152,144,8,8
81344,159,147,12,12
81345,161,165,-4,4
81346,71,62,9,9
81347,84,88,-4,4
81348,118,105,13,13
81349,73,71,2,2
81350,118,122,-4,4
81351,102,86,16,16
81352,69,78,-9,9
81353,101,93,8,8
81354,127,120,7,7
81355,84,78,6,6
81356,40,48,-8,8
81357,70,69,1,1
81358,135,129,6,6
81359,77,81,-4,4
81360,78,70,8,8
81361,70,69,1,1
81362,73,76,-3,3
81363,85,82,3,3
81364,106,100,6,6
81365,151,145,6,6
81366,153,158,-5,5
81367,133,120,13,13
81368,121,119,2,2
81369,110,109,1,1
81370,71,80,-9,9
81371,98,95,3,3
81372,126,132,-6,6
81373,86,90,-4,4
81374,77,78,-1,1
81375,198,182,16,16
81376,133,131,2,2
81377,124,130,-6,6
81378,90,86,4,4
81379,60,61,-1,1
81380,80,94,-14,14
81381,47,51,-4,4
81382,82,74,8,8
81383,119,96,23,23
81384,66,69,-3,3
81385,136,120,16,16
81386,141,134,7,7
81387,50,62,-12,12
81388,71,78,-7,7
81389,98,93,5,5
81390,121,105,16,16
81391,81,89,-8,8
81392,117,116,1,1
81393,112,112,0,0
81394,94,91,3,3
81395,55,71,-16,16
81396,97,109,-12,12
81397,92,98,-6,6
81398,137,139,-2,2
81399,54,55,-1,1
81400,140,139,1,1
81401,138,127,11,11
81402,85,81,4,4
81403,84,88,-4,4
81404,104,102,2,2
81405,113,114,-1,1
81406,109,117,-8,8
81407,76,91,-15,15
81408,79,81,-2,2
81409,65,61,4,4
81410,81,78,3,3
81411,131,120,11,11
81412,204,183,21,21
81413,77,72,5,5
81414,161,147,14,14
81415,97,99,-2,2
81416,110,98,12,12
81417,76,76,0,0
81418,70,71,-1,1
81419,122,126,-4,4
81420,52,61,-9,9
81421,121,122,-1,1
81422,89,89,0,0
81423,99,86,13,13
81424,62,62,0,0
81425,117,114,3,3
81426,92,97,-5,5
81427,169,166,3,3
81428,122,115,7,7
81429,88,87,1,1
81430,94,92,2,2
81431,163,141,22,22
81432,72,68,4,4
81433,87,93,-6,6
81434,104,115,-11,11
81435,51,55,-4,4
81436,57,59,-2,2
81437,149,148,1,1
81438,87,85,2,2
81439,109,112,-3,3
81440,120,115,5,5
81441,79,72,7,7
81442,129,126,3,3
81443,162,151,11,11
81444,133,132,1,1
81445,82,79,3,3
81446,110,109,1,1
81447,180,163,17,17
81448,104,103,1,1
81449,134,128,6,6
81450,114,108,6,6
81451,130,146,-16,16
81452,94,97,-3,3
81453,182,171,11,11
81454,93,96,-3,3
81455,74,78,-4,4
81456,66,70,-4,4
81457,164,233,-69,69
81458,125,168,-43,43
81459,74,79,-5,5
81460,148,147,1,1
81461,69,72,-3,3
81462,98,95,3,3
81463,71,72,-1,1
81464,107,102,5,5
81465,133,121,12,12
81466,72,66,6,6
81467,68,67,1,1
81468,97,92,5,5
81469,185,165,20,20
81470,184,182,2,2
81471,106,115,-9,9
81472,143,147,-4,4
81473,82,95,-13,13
81474,47,60,-13,13
81475,82,75,7,7
81476,97,83,14,14
81477,58,60,-2,2
81478,115,105,10,10
81479,137,120,17,17
81480,112,111,1,1
81481,101,99,2,2
81482,56,57,-1,1
81483,80,73,7,7
81484,79,81,-2,2
81485,186,169,17,17
81486,79,70,9,9
81487,80,71,9,9
81488,85,80,5,5
81489,123,112,11,11
81490,94,84,10,10
81491,71,83,-12,12
81492,83,86,-3,3
81493,45,52,-7,7
81494,120,148,-28,28
81495,165,160,5,5
81496,73,74,-1,1
81497,87,83,4,4
81498,80,84,-4,4
81499,132,139,-7,7
81500,82,78,4,4
81501,77,76,1,1
81502,62,66,-4,4
81503,74,74,0,0
81504,87,93,-6,6
81505,142,139,3,3
81506,119,112,7,7
81507,62,63,-1,1
