,original,predict,differ,abs
0,67,71,-4,4
1,58,62,-4,4
2,88,85,3,3
3,183,169,14,14
4,81,78,3,3
5,88,89,-1,1
6,83,89,-6,6
7,183,151,32,32
8,81,79,2,2
9,117,119,-2,2
10,64,54,10,10
11,59,67,-8,8
12,74,72,2,2
13,100,107,-7,7
14,103,101,2,2
15,66,65,1,1
16,97,96,1,1
17,120,107,13,13
18,79,81,-2,2
19,110,116,-6,6
20,217,201,16,16
21,156,150,6,6
22,97,87,10,10
23,101,120,-19,19
24,82,74,8,8
25,127,115,12,12
26,112,111,1,1
27,191,168,23,23
28,48,52,-4,4
29,106,115,-9,9
30,133,130,3,3
31,57,60,-3,3
32,108,101,7,7
33,89,79,10,10
34,50,72,-22,22
35,62,62,0,0
36,102,97,5,5
37,55,53,2,2
38,89,104,-15,15
39,96,104,-8,8
40,70,69,1,1
41,115,118,-3,3
42,82,80,2,2
43,102,97,5,5
44,167,141,26,26
45,82,88,-6,6
46,118,128,-10,10
47,85,75,10,10
48,93,93,0,0
49,111,92,19,19
50,77,69,8,8
51,136,130,6,6
52,109,97,12,12
53,85,93,-8,8
54,133,122,11,11
55,138,124,14,14
56,100,120,-20,20
57,130,128,2,2
58,96,100,-4,4
59,58,58,0,0
60,115,112,3,3
61,73,75,-2,2
62,135,125,10,10
63,177,173,4,4
64,96,102,-6,6
65,77,80,-3,3
66,84,86,-2,2
67,105,93,12,12
68,193,184,9,9
69,143,144,-1,1
70,111,104,7,7
71,104,94,10,10
72,265,250,15,15
73,88,89,-1,1
74,78,79,-1,1
75,58,56,2,2
76,86,83,3,3
77,59,60,-1,1
78,139,138,1,1
79,96,92,4,4
80,90,87,3,3
81,83,79,4,4
82,133,127,6,6
83,141,136,5,5
84,72,65,7,7
85,75,73,2,2
86,43,50,-7,7
87,68,69,-1,1
88,170,139,31,31
89,92,99,-7,7
90,64,88,-24,24
91,101,107,-6,6
92,82,75,7,7
93,81,74,7,7
94,75,75,0,0
95,99,96,3,3
96,45,56,-11,11
97,186,184,2,2
98,127,146,-19,19
99,100,104,-4,4
100,66,65,1,1
101,129,108,21,21
102,107,112,-5,5
103,128,123,5,5
104,90,83,7,7
105,68,66,2,2
106,107,109,-2,2
107,90,85,5,5
108,89,90,-1,1
109,70,71,-1,1
110,174,151,23,23
111,90,76,14,14
112,76,77,-1,1
113,67,63,4,4
114,76,87,-11,11
115,168,158,10,10
116,91,88,3,3
117,103,103,0,0
118,91,88,3,3
119,67,73,-6,6
120,118,120,-2,2
121,51,53,-2,2
122,76,79,-3,3
123,110,117,-7,7
124,99,93,6,6
125,96,97,-1,1
126,169,167,2,2
127,89,94,-5,5
128,94,99,-5,5
129,123,132,-9,9
130,186,175,11,11
131,132,127,5,5
132,102,87,15,15
133,78,80,-2,2
134,129,115,14,14
135,116,100,16,16
136,136,128,8,8
137,131,133,-2,2
138,105,104,1,1
139,69,68,1,1
140,66,60,6,6
141,127,118,9,9
142,127,122,5,5
143,66,80,-14,14
144,112,119,-7,7
145,115,107,8,8
146,98,89,9,9
147,69,63,6,6
148,93,82,11,11
149,121,127,-6,6
150,92,96,-4,4
151,73,69,4,4
152,139,133,6,6
153,80,83,-3,3
154,89,92,-3,3
155,67,62,5,5
156,66,63,3,3
157,81,86,-5,5
158,59,58,1,1
159,128,129,-1,1
160,109,111,-2,2
161,50,54,-4,4
162,74,66,8,8
163,80,82,-2,2
164,132,134,-2,2
165,51,53,-2,2
166,115,111,4,4
167,70,87,-17,17
168,159,144,15,15
169,151,151,0,0
170,94,95,-1,1
171,81,93,-12,12
172,77,81,-4,4
173,42,50,-8,8
174,135,130,5,5
175,106,100,6,6
176,50,54,-4,4
177,162,141,21,21
178,130,113,17,17
179,120,104,16,16
180,84,88,-4,4
181,76,80,-4,4
182,67,65,2,2
183,75,69,6,6
184,39,50,-11,11
185,119,103,16,16
186,55,61,-6,6
187,90,82,8,8
188,124,124,0,0
189,171,165,6,6
190,70,68,2,2
191,137,135,2,2
192,127,132,-5,5
193,143,148,-5,5
194,195,162,33,33
195,112,107,5,5
196,43,51,-8,8
197,114,110,4,4
198,111,105,6,6
199,80,82,-2,2
200,128,108,20,20
201,176,177,-1,1
202,64,58,6,6
203,142,135,7,7
204,100,92,8,8
205,63,58,5,5
206,145,133,12,12
207,101,95,6,6
208,78,73,5,5
209,98,93,5,5
210,147,149,-2,2
211,50,53,-3,3
212,70,66,4,4
213,175,167,8,8
214,87,100,-13,13
215,87,76,11,11
216,108,121,-13,13
217,67,64,3,3
218,95,98,-3,3
219,89,97,-8,8
220,135,140,-5,5
221,79,90,-11,11
222,43,50,-7,7
223,195,162,33,33
224,83,87,-4,4
225,81,88,-7,7
226,63,69,-6,6
227,119,114,5,5
228,98,97,1,1
229,44,51,-7,7
230,47,56,-9,9
231,87,68,19,19
232,90,81,9,9
233,62,60,2,2
234,103,97,6,6
235,140,148,-8,8
236,114,113,1,1
237,57,68,-11,11
238,81,76,5,5
239,74,99,-25,25
240,61,71,-10,10
241,43,50,-7,7
242,55,59,-4,4
243,100,89,11,11
244,124,111,13,13
245,107,105,2,2
246,121,123,-2,2
247,86,95,-9,9
248,146,135,11,11
249,147,148,-1,1
250,47,50,-3,3
251,124,114,10,10
252,89,92,-3,3
253,50,59,-9,9
254,110,112,-2,2
255,158,154,4,4
256,86,80,6,6
257,102,105,-3,3
258,107,112,-5,5
259,64,63,1,1
260,136,128,8,8
261,125,110,15,15
262,115,103,12,12
263,71,69,2,2
264,80,80,0,0
265,82,86,-4,4
266,79,79,0,0
267,102,94,8,8
268,49,56,-7,7
269,109,116,-7,7
270,52,55,-3,3
271,72,69,3,3
272,68,72,-4,4
273,151,156,-5,5
274,112,109,3,3
275,97,109,-12,12
276,82,92,-10,10
277,72,75,-3,3
278,125,131,-6,6
279,128,129,-1,1
280,94,95,-1,1
281,76,67,9,9
282,71,73,-2,2
283,112,111,1,1
284,75,70,5,5
285,77,71,6,6
286,78,70,8,8
287,89,82,7,7
288,88,82,6,6
289,97,94,3,3
290,80,72,8,8
291,67,71,-4,4
292,83,86,-3,3
293,85,87,-2,2
294,76,68,8,8
295,64,62,2,2
296,107,109,-2,2
297,141,150,-9,9
298,130,125,5,5
299,51,59,-8,8
300,66,60,6,6
301,75,77,-2,2
302,186,162,24,24
303,86,77,9,9
304,141,140,1,1
305,83,77,6,6
306,85,79,6,6
307,148,134,14,14
308,87,85,2,2
309,77,68,9,9
310,27,54,-27,27
311,88,92,-4,4
312,92,85,7,7
313,86,91,-5,5
314,135,131,4,4
315,77,69,8,8
316,73,72,1,1
317,133,137,-4,4
318,51,52,-1,1
319,125,119,6,6
320,98,108,-10,10
321,143,133,10,10
322,140,136,4,4
323,87,94,-7,7
324,89,75,14,14
325,69,71,-2,2
326,96,77,19,19
327,127,121,6,6
328,79,77,2,2
329,137,124,13,13
330,85,88,-3,3
331,84,87,-3,3
332,52,61,-9,9
333,77,73,4,4
334,78,86,-8,8
335,104,95,9,9
336,89,94,-5,5
337,89,83,6,6
338,56,53,3,3
339,106,86,20,20
340,71,66,5,5
341,132,121,11,11
342,82,73,9,9
343,100,94,6,6
344,51,60,-9,9
345,66,61,5,5
346,85,76,9,9
347,112,115,-3,3
348,34,54,-20,20
349,134,121,13,13
350,93,100,-7,7
351,114,132,-18,18
352,137,124,13,13
353,88,90,-2,2
354,108,114,-6,6
355,106,98,8,8
356,146,177,-31,31
357,54,64,-10,10
358,170,136,34,34
359,86,71,15,15
360,110,95,15,15
361,82,79,3,3
362,101,95,6,6
363,64,65,-1,1
364,44,53,-9,9
365,84,81,3,3
366,60,57,3,3
367,101,107,-6,6
368,120,109,11,11
369,60,57,3,3
370,130,124,6,6
371,41,50,-9,9
372,116,109,7,7
373,58,57,1,1
374,77,73,4,4
375,96,99,-3,3
376,88,93,-5,5
377,103,100,3,3
378,35,114,-79,79
379,64,60,4,4
380,86,76,10,10
381,89,91,-2,2
382,108,105,3,3
383,116,108,8,8
384,82,84,-2,2
385,65,66,-1,1
386,64,69,-5,5
387,134,130,4,4
388,65,68,-3,3
389,77,74,3,3
390,120,119,1,1
391,54,55,-1,1
392,90,91,-1,1
393,87,92,-5,5
394,97,85,12,12
395,17,54,-37,37
396,69,92,-23,23
397,31,50,-19,19
398,90,88,2,2
399,104,111,-7,7
400,97,92,5,5
401,52,57,-5,5
402,81,81,0,0
403,88,87,1,1
404,150,147,3,3
405,103,114,-11,11
406,47,50,-3,3
407,119,117,2,2
408,107,113,-6,6
409,88,65,23,23
410,85,86,-1,1
411,95,100,-5,5
412,89,81,8,8
413,87,91,-4,4
414,148,132,16,16
415,98,96,2,2
416,148,147,1,1
417,77,81,-4,4
418,70,72,-2,2
419,64,62,2,2
420,110,129,-19,19
421,143,148,-5,5
422,122,168,-46,46
423,82,81,1,1
424,112,108,4,4
425,128,129,-1,1
426,148,148,0,0
427,80,75,5,5
428,56,67,-11,11
429,90,89,1,1
430,110,107,3,3
431,88,97,-9,9
432,91,89,2,2
433,99,96,3,3
434,122,114,8,8
435,66,58,8,8
436,106,99,7,7
437,65,58,7,7
438,164,150,14,14
439,68,66,2,2
440,48,64,-16,16
441,88,79,9,9
442,107,109,-2,2
443,58,62,-4,4
444,91,88,3,3
445,113,105,8,8
446,107,103,4,4
447,101,94,7,7
448,72,85,-13,13
449,134,129,5,5
450,87,87,0,0
451,64,63,1,1
452,72,68,4,4
453,146,150,-4,4
454,110,112,-2,2
455,104,102,2,2
456,129,137,-8,8
457,134,141,-7,7
458,123,122,1,1
459,62,60,2,2
460,71,67,4,4
461,58,62,-4,4
462,88,83,5,5
463,134,130,4,4
464,81,82,-1,1
465,77,91,-14,14
466,118,113,5,5
467,131,126,5,5
468,66,67,-1,1
469,61,61,0,0
470,43,50,-7,7
471,121,119,2,2
472,101,109,-8,8
473,112,100,12,12
474,67,62,5,5
475,88,82,6,6
476,57,52,5,5
477,93,81,12,12
478,77,64,13,13
479,57,58,-1,1
480,55,64,-9,9
481,68,66,2,2
482,118,115,3,3
483,63,66,-3,3
484,110,115,-5,5
485,58,57,1,1
486,119,106,13,13
487,110,138,-28,28
488,146,140,6,6
489,50,50,0,0
490,104,100,4,4
491,136,126,10,10
492,145,148,-3,3
493,110,97,13,13
494,124,131,-7,7
495,117,114,3,3
496,134,128,6,6
497,98,87,11,11
498,104,128,-24,24
499,78,73,5,5
500,100,94,6,6
501,45,52,-7,7
502,108,113,-5,5
503,50,56,-6,6
504,69,73,-4,4
505,106,100,6,6
506,66,59,7,7
507,61,63,-2,2
508,96,93,3,3
509,96,87,9,9
510,53,56,-3,3
511,93,96,-3,3
512,80,72,8,8
513,73,71,2,2
514,70,76,-6,6
515,100,90,10,10
516,137,133,4,4
517,114,115,-1,1
518,70,69,1,1
519,55,66,-11,11
520,108,87,21,21
521,138,136,2,2
522,95,95,0,0
523,142,136,6,6
524,83,83,0,0
525,122,113,9,9
526,97,95,2,2
527,56,54,2,2
528,122,119,3,3
529,73,73,0,0
530,69,62,7,7
531,95,99,-4,4
532,68,76,-8,8
533,95,89,6,6
534,78,92,-14,14
535,90,87,3,3
536,106,103,3,3
537,42,51,-9,9
538,76,79,-3,3
539,157,164,-7,7
540,119,114,5,5
541,99,100,-1,1
542,61,65,-4,4
543,102,97,5,5
544,92,94,-2,2
545,124,111,13,13
546,82,86,-4,4
547,76,79,-3,3
548,67,69,-2,2
549,148,137,11,11
550,74,72,2,2
551,66,68,-2,2
552,108,108,0,0
553,64,65,-1,1
554,102,101,1,1
555,63,65,-2,2
556,66,59,7,7
557,74,69,5,5
558,74,75,-1,1
559,67,66,1,1
560,86,94,-8,8
561,81,92,-11,11
562,90,94,-4,4
563,47,52,-5,5
564,68,78,-10,10
565,88,75,13,13
566,83,77,6,6
567,76,76,0,0
568,55,56,-1,1
569,100,109,-9,9
570,108,121,-13,13
571,178,163,15,15
572,80,81,-1,1
573,82,86,-4,4
574,149,132,17,17
575,69,70,-1,1
576,70,76,-6,6
577,90,104,-14,14
578,91,90,1,1
579,75,63,12,12
580,88,84,4,4
581,134,124,10,10
582,49,57,-8,8
583,51,55,-4,4
584,113,109,4,4
585,88,88,0,0
586,53,52,1,1
587,84,75,9,9
588,105,100,5,5
589,85,80,5,5
590,105,100,5,5
591,75,74,1,1
592,139,132,7,7
593,103,98,5,5
594,87,93,-6,6
595,65,76,-11,11
596,74,70,4,4
597,98,105,-7,7
598,110,105,5,5
599,112,110,2,2
600,88,82,6,6
601,85,83,2,2
602,55,53,2,2
603,86,81,5,5
604,124,123,1,1
605,114,114,0,0
606,57,57,0,0
607,56,60,-4,4
608,78,73,5,5
609,122,136,-14,14
610,79,69,10,10
611,81,72,9,9
612,117,111,6,6
613,112,120,-8,8
614,95,98,-3,3
615,195,175,20,20
616,76,87,-11,11
617,104,95,9,9
618,112,109,3,3
619,103,107,-4,4
620,91,98,-7,7
621,105,98,7,7
622,127,108,19,19
623,60,64,-4,4
624,111,109,2,2
625,106,107,-1,1
626,109,107,2,2
627,85,88,-3,3
628,67,73,-6,6
629,81,84,-3,3
630,83,85,-2,2
631,56,62,-6,6
632,92,90,2,2
633,71,80,-9,9
634,95,85,10,10
635,93,96,-3,3
636,144,146,-2,2
637,53,59,-6,6
638,77,87,-10,10
639,71,67,4,4
640,95,100,-5,5
641,95,103,-8,8
642,61,55,6,6
643,141,127,14,14
644,133,123,10,10
645,94,87,7,7
646,112,113,-1,1
647,84,84,0,0
648,92,90,2,2
649,84,80,4,4
650,94,95,-1,1
651,72,72,0,0
652,102,118,-16,16
653,61,62,-1,1
654,108,112,-4,4
655,105,105,0,0
656,85,87,-2,2
657,74,78,-4,4
658,50,51,-1,1
659,101,94,7,7
660,82,74,8,8
661,108,88,20,20
662,148,141,7,7
663,126,120,6,6
664,136,149,-13,13
665,75,76,-1,1
666,36,50,-14,14
667,42,60,-18,18
668,69,63,6,6
669,126,119,7,7
670,109,95,14,14
671,90,85,5,5
672,116,107,9,9
673,151,187,-36,36
674,147,140,7,7
675,52,92,-40,40
676,107,110,-3,3
677,90,89,1,1
678,162,145,17,17
679,103,103,0,0
680,150,133,17,17
681,62,80,-18,18
682,111,109,2,2
683,77,85,-8,8
684,166,168,-2,2
685,151,155,-4,4
686,116,117,-1,1
687,79,79,0,0
688,94,117,-23,23
689,110,112,-2,2
690,152,135,17,17
691,176,156,20,20
692,92,95,-3,3
693,156,148,8,8
694,92,96,-4,4
695,77,73,4,4
696,32,55,-23,23
697,87,87,0,0
698,108,107,1,1
699,104,92,12,12
700,70,68,2,2
701,66,55,11,11
702,118,111,7,7
703,65,65,0,0
704,111,100,11,11
705,74,68,6,6
706,81,86,-5,5
707,88,80,8,8
708,87,85,2,2
709,116,122,-6,6
710,47,50,-3,3
711,95,97,-2,2
712,44,50,-6,6
713,91,103,-12,12
714,83,85,-2,2
715,137,133,4,4
716,80,79,1,1
717,147,134,13,13
718,119,127,-8,8
719,137,110,27,27
720,133,139,-6,6
721,89,92,-3,3
722,150,141,9,9
723,108,105,3,3
724,96,77,19,19
725,88,84,4,4
726,140,128,12,12
727,128,133,-5,5
728,53,53,0,0
729,100,115,-15,15
730,58,69,-11,11
731,110,102,8,8
732,125,120,5,5
733,124,109,15,15
734,109,118,-9,9
735,122,124,-2,2
736,95,94,1,1
737,93,94,-1,1
738,85,76,9,9
739,98,84,14,14
740,68,76,-8,8
741,48,51,-3,3
742,97,99,-2,2
743,81,82,-1,1
744,88,83,5,5
745,91,109,-18,18
746,64,61,3,3
747,204,186,18,18
748,114,109,5,5
749,185,155,30,30
750,75,73,2,2
751,70,63,7,7
752,145,145,0,0
753,87,83,4,4
754,45,53,-8,8
755,73,71,2,2
756,125,128,-3,3
757,60,59,1,1
758,95,96,-1,1
759,119,98,21,21
760,76,70,6,6
761,56,57,-1,1
762,44,63,-19,19
763,98,98,0,0
764,86,76,10,10
765,161,142,19,19
766,102,119,-17,17
767,103,100,3,3
768,69,71,-2,2
769,151,151,0,0
770,92,73,19,19
771,80,88,-8,8
772,87,89,-2,2
773,108,100,8,8
774,51,53,-2,2
775,110,109,1,1
776,64,61,3,3
777,73,71,2,2
778,92,87,5,5
779,93,89,4,4
780,103,100,3,3
781,49,54,-5,5
782,71,76,-5,5
783,70,64,6,6
784,67,64,3,3
785,100,97,3,3
786,93,99,-6,6
787,75,75,0,0
788,97,96,1,1
789,84,89,-5,5
790,140,125,15,15
791,151,139,12,12
792,78,83,-5,5
793,79,78,1,1
794,108,118,-10,10
795,95,91,4,4
796,98,91,7,7
797,119,122,-3,3
798,83,95,-12,12
799,67,70,-3,3
800,64,63,1,1
801,102,97,5,5
802,75,74,1,1
803,68,78,-10,10
804,78,77,1,1
805,53,55,-2,2
806,126,124,2,2
807,89,91,-2,2
808,85,95,-10,10
809,64,67,-3,3
810,85,83,2,2
811,74,70,4,4
812,66,64,2,2
813,79,71,8,8
814,125,108,17,17
815,119,113,6,6
816,26,51,-25,25
817,66,64,2,2
818,88,83,5,5
819,111,98,13,13
820,86,81,5,5
821,76,87,-11,11
822,86,80,6,6
823,145,133,12,12
824,46,51,-5,5
825,107,98,9,9
826,99,89,10,10
827,63,66,-3,3
828,68,69,-1,1
829,100,91,9,9
830,110,118,-8,8
831,77,77,0,0
832,66,70,-4,4
833,64,63,1,1
834,77,84,-7,7
835,144,142,2,2
836,106,102,4,4
837,93,93,0,0
838,73,79,-6,6
839,103,106,-3,3
840,105,105,0,0
841,75,75,0,0
842,83,80,3,3
843,112,109,3,3
844,156,147,9,9
845,156,145,11,11
846,77,80,-3,3
847,76,72,4,4
848,95,94,1,1
849,41,53,-12,12
850,106,115,-9,9
851,135,128,7,7
852,92,98,-6,6
853,91,98,-7,7
854,112,111,1,1
855,84,89,-5,5
856,77,71,6,6
857,29,56,-27,27
858,64,68,-4,4
859,143,125,18,18
860,59,58,1,1
861,155,151,4,4
862,207,165,42,42
863,129,116,13,13
864,115,107,8,8
865,108,97,11,11
866,162,144,18,18
867,69,72,-3,3
868,62,69,-7,7
869,79,94,-15,15
870,57,56,1,1
871,90,89,1,1
872,98,94,4,4
873,108,104,4,4
874,80,99,-19,19
875,114,108,6,6
876,57,56,1,1
877,41,103,-62,62
878,90,86,4,4
879,84,68,16,16
880,87,88,-1,1
881,70,79,-9,9
882,109,109,0,0
883,76,73,3,3
884,62,76,-14,14
885,83,76,7,7
886,124,132,-8,8
887,122,126,-4,4
888,55,56,-1,1
889,108,115,-7,7
890,109,113,-4,4
891,52,71,-19,19
892,134,119,15,15
893,60,53,7,7
894,71,72,-1,1
895,123,116,7,7
896,60,60,0,0
897,140,133,7,7
898,109,95,14,14
899,150,168,-18,18
900,74,76,-2,2
901,94,81,13,13
902,71,72,-1,1
903,139,133,6,6
904,87,97,-10,10
905,72,73,-1,1
906,53,53,0,0
907,163,146,17,17
908,111,94,17,17
909,70,61,9,9
910,46,57,-11,11
911,138,134,4,4
912,127,121,6,6
913,70,71,-1,1
914,107,119,-12,12
915,64,59,5,5
916,69,75,-6,6
917,196,185,11,11
918,136,138,-2,2
919,52,60,-8,8
920,79,81,-2,2
921,109,115,-6,6
922,78,80,-2,2
923,115,114,1,1
924,77,84,-7,7
925,110,104,6,6
926,74,69,5,5
927,49,53,-4,4
928,55,57,-2,2
929,145,131,14,14
930,119,113,6,6
931,96,95,1,1
932,196,187,9,9
933,72,76,-4,4
934,90,100,-10,10
935,62,103,-41,41
936,118,109,9,9
937,137,138,-1,1
938,79,75,4,4
939,152,143,9,9
940,87,97,-10,10
941,112,111,1,1
942,62,64,-2,2
943,72,75,-3,3
944,109,107,2,2
945,83,80,3,3
946,68,62,6,6
947,97,97,0,0
948,59,61,-2,2
949,173,150,23,23
950,73,69,4,4
951,85,89,-4,4
952,62,62,0,0
953,75,69,6,6
954,90,93,-3,3
955,93,96,-3,3
956,98,98,0,0
957,116,111,5,5
958,50,50,0,0
959,106,109,-3,3
960,114,111,3,3
961,98,90,8,8
962,184,180,4,4
963,69,72,-3,3
964,147,145,2,2
965,29,63,-34,34
966,108,116,-8,8
967,65,67,-2,2
968,96,92,4,4
969,84,87,-3,3
970,70,65,5,5
971,162,151,11,11
972,112,114,-2,2
973,71,69,2,2
974,139,128,11,11
975,72,77,-5,5
976,68,70,-2,2
977,76,78,-2,2
978,87,88,-1,1
979,52,51,1,1
980,115,111,4,4
981,161,147,14,14
982,88,78,10,10
983,107,103,4,4
984,84,74,10,10
985,90,87,3,3
986,55,58,-3,3
987,138,130,8,8
988,90,85,5,5
989,114,105,9,9
990,111,125,-14,14
991,44,50,-6,6
992,111,116,-5,5
993,128,109,19,19
994,98,92,6,6
995,93,84,9,9
996,74,70,4,4
997,130,128,2,2
998,82,91,-9,9
999,178,155,23,23
1000,42,50,-8,8
1001,96,91,5,5
1002,39,52,-13,13
1003,75,76,-1,1
1004,147,141,6,6
1005,102,105,-3,3
1006,212,187,25,25
1007,64,64,0,0
1008,91,89,2,2
1009,39,50,-11,11
1010,92,100,-8,8
1011,159,148,11,11
1012,119,112,7,7
1013,128,125,3,3
1014,125,123,2,2
1015,63,66,-3,3
1016,117,109,8,8
1017,117,121,-4,4
1018,35,50,-15,15
1019,108,109,-1,1
1020,108,100,8,8
1021,77,74,3,3
1022,88,87,1,1
1023,45,53,-8,8
1024,88,98,-10,10
1025,110,100,10,10
1026,93,86,7,7
1027,77,84,-7,7
1028,144,134,10,10
1029,63,68,-5,5
1030,56,52,4,4
1031,143,131,12,12
1032,119,131,-12,12
1033,85,80,5,5
1034,94,91,3,3
1035,115,119,-4,4
1036,117,119,-2,2
1037,71,66,5,5
1038,79,79,0,0
1039,119,83,36,36
1040,78,74,4,4
1041,101,114,-13,13
1042,89,96,-7,7
1043,91,95,-4,4
1044,112,108,4,4
1045,131,128,3,3
1046,43,51,-8,8
1047,162,154,8,8
1048,55,57,-2,2
1049,116,116,0,0
1050,49,51,-2,2
1051,88,79,9,9
1052,108,107,1,1
1053,72,66,6,6
1054,115,109,6,6
1055,55,56,-1,1
1056,146,135,11,11
1057,97,75,22,22
1058,81,82,-1,1
1059,146,132,14,14
1060,133,126,7,7
1061,62,63,-1,1
1062,148,141,7,7
1063,98,90,8,8
1064,81,70,11,11
1065,73,75,-2,2
1066,81,74,7,7
1067,148,142,6,6
1068,141,127,14,14
1069,56,58,-2,2
1070,123,121,2,2
1071,83,78,5,5
1072,117,120,-3,3
1073,99,98,1,1
1074,99,104,-5,5
1075,64,62,2,2
1076,92,86,6,6
1077,40,50,-10,10
1078,183,168,15,15
1079,44,59,-15,15
1080,115,114,1,1
1081,49,56,-7,7
1082,127,119,8,8
1083,155,137,18,18
1084,81,90,-9,9
1085,92,85,7,7
1086,74,60,14,14
1087,108,107,1,1
1088,57,59,-2,2
1089,61,66,-5,5
1090,125,129,-4,4
1091,97,89,8,8
1092,60,92,-32,32
1093,78,74,4,4
1094,71,76,-5,5
1095,84,83,1,1
1096,177,162,15,15
1097,80,75,5,5
1098,130,133,-3,3
1099,81,83,-2,2
1100,88,93,-5,5
1101,56,55,1,1
1102,149,140,9,9
1103,92,77,15,15
1104,90,91,-1,1
1105,45,56,-11,11
1106,63,71,-8,8
1107,92,93,-1,1
1108,124,124,0,0
1109,140,140,0,0
1110,122,134,-12,12
1111,47,52,-5,5
1112,67,69,-2,2
1113,199,180,19,19
1114,110,134,-24,24
1115,78,83,-5,5
1116,42,50,-8,8
1117,51,57,-6,6
1118,183,154,29,29
1119,160,161,-1,1
1120,117,112,5,5
1121,70,70,0,0
1122,90,83,7,7
1123,101,109,-8,8
1124,73,72,1,1
1125,64,63,1,1
1126,69,67,2,2
1127,98,97,1,1
1128,121,118,3,3
1129,83,80,3,3
1130,170,164,6,6
1131,80,79,1,1
1132,68,69,-1,1
1133,130,136,-6,6
1134,66,74,-8,8
1135,65,82,-17,17
1136,95,94,1,1
1137,99,98,1,1
1138,95,118,-23,23
1139,174,163,11,11
1140,154,132,22,22
1141,121,107,14,14
1142,109,97,12,12
1143,87,104,-17,17
1144,61,56,5,5
1145,96,96,0,0
1146,96,94,2,2
1147,118,116,2,2
1148,97,88,9,9
1149,105,101,4,4
1150,87,84,3,3
1151,104,95,9,9
1152,80,87,-7,7
1153,54,58,-4,4
1154,92,88,4,4
1155,48,52,-4,4
1156,78,85,-7,7
1157,136,121,15,15
1158,139,123,16,16
1159,61,107,-46,46
1160,83,83,0,0
1161,103,111,-8,8
1162,128,126,2,2
1163,131,127,4,4
1164,76,72,4,4
1165,74,62,12,12
1166,135,132,3,3
1167,73,72,1,1
1168,115,120,-5,5
1169,81,85,-4,4
1170,140,130,10,10
1171,69,74,-5,5
1172,46,52,-6,6
1173,109,105,4,4
1174,197,173,24,24
1175,111,121,-10,10
1176,100,99,1,1
1177,77,70,7,7
1178,66,68,-2,2
1179,67,69,-2,2
1180,120,134,-14,14
1181,349,355,-6,6
1182,78,76,2,2
1183,118,122,-4,4
1184,51,61,-10,10
1185,82,86,-4,4
1186,49,50,-1,1
1187,72,69,3,3
1188,112,279,-167,167
1189,140,119,21,21
1190,69,60,9,9
1191,94,96,-2,2
1192,69,67,2,2
1193,96,102,-6,6
1194,77,117,-40,40
1195,92,100,-8,8
1196,141,145,-4,4
1197,94,89,5,5
1198,92,80,12,12
1199,96,112,-16,16
1200,69,62,7,7
1201,35,51,-16,16
1202,78,74,4,4
1203,113,113,0,0
1204,99,91,8,8
1205,108,105,3,3
1206,118,108,10,10
1207,95,93,2,2
1208,106,107,-1,1
1209,101,78,23,23
1210,77,91,-14,14
1211,97,91,6,6
1212,86,84,2,2
1213,60,60,0,0
1214,101,109,-8,8
1215,105,95,10,10
1216,73,74,-1,1
1217,90,86,4,4
1218,121,112,9,9
1219,80,86,-6,6
1220,85,93,-8,8
1221,158,158,0,0
1222,75,74,1,1
1223,70,76,-6,6
1224,66,68,-2,2
1225,107,102,5,5
1226,182,175,7,7
1227,134,130,4,4
1228,103,96,7,7
1229,69,75,-6,6
1230,95,87,8,8
1231,33,50,-17,17
1232,58,57,1,1
1233,63,70,-7,7
1234,115,96,19,19
1235,111,102,9,9
1236,128,115,13,13
1237,141,127,14,14
1238,50,54,-4,4
1239,129,112,17,17
1240,49,54,-5,5
1241,91,87,4,4
1242,131,119,12,12
1243,120,105,15,15
1244,91,86,5,5
1245,108,110,-2,2
1246,70,75,-5,5
1247,51,51,0,0
1248,92,98,-6,6
1249,77,74,3,3
1250,149,137,12,12
1251,117,110,7,7
1252,144,142,2,2
1253,82,69,13,13
1254,107,110,-3,3
1255,51,52,-1,1
1256,55,58,-3,3
1257,101,102,-1,1
1258,99,94,5,5
1259,114,106,8,8
1260,55,64,-9,9
1261,83,83,0,0
1262,174,166,8,8
1263,136,128,8,8
1264,89,95,-6,6
1265,67,75,-8,8
1266,81,82,-1,1
1267,122,122,0,0
1268,74,78,-4,4
1269,149,161,-12,12
1270,62,66,-4,4
1271,64,71,-7,7
1272,85,91,-6,6
1273,163,139,24,24
1274,72,73,-1,1
1275,62,57,5,5
1276,50,55,-5,5
1277,57,62,-5,5
1278,82,91,-9,9
1279,58,58,0,0
1280,51,52,-1,1
1281,63,67,-4,4
1282,125,112,13,13
1283,78,83,-5,5
1284,57,54,3,3
1285,65,63,2,2
1286,111,115,-4,4
1287,90,83,7,7
1288,107,107,0,0
1289,81,75,6,6
1290,133,111,22,22
1291,111,119,-8,8
1292,64,70,-6,6
1293,56,75,-19,19
1294,51,58,-7,7
1295,64,69,-5,5
1296,156,146,10,10
1297,96,106,-10,10
1298,94,89,5,5
1299,65,90,-25,25
1300,167,151,16,16
1301,44,55,-11,11
1302,255,218,37,37
1303,80,76,4,4
1304,142,131,11,11
1305,73,60,13,13
1306,114,106,8,8
1307,81,72,9,9
1308,66,67,-1,1
1309,91,90,1,1
1310,106,96,10,10
1311,84,92,-8,8
1312,120,120,0,0
1313,115,110,5,5
1314,130,123,7,7
1315,192,191,1,1
1316,150,138,12,12
1317,87,86,1,1
1318,69,71,-2,2
1319,170,174,-4,4
1320,99,94,5,5
1321,72,78,-6,6
1322,106,99,7,7
1323,142,120,22,22
1324,44,51,-7,7
1325,87,96,-9,9
1326,72,75,-3,3
1327,116,105,11,11
1328,66,67,-1,1
1329,43,50,-7,7
1330,145,138,7,7
1331,92,88,4,4
1332,86,89,-3,3
1333,87,94,-7,7
1334,71,67,4,4
1335,136,123,13,13
1336,73,75,-2,2
1337,81,81,0,0
1338,65,62,3,3
1339,97,89,8,8
1340,61,58,3,3
1341,76,63,13,13
1342,55,55,0,0
1343,100,94,6,6
1344,120,121,-1,1
1345,110,120,-10,10
1346,103,100,3,3
1347,57,59,-2,2
1348,95,85,10,10
1349,82,87,-5,5
1350,105,112,-7,7
1351,68,71,-3,3
1352,177,162,15,15
1353,97,93,4,4
1354,150,131,19,19
1355,38,50,-12,12
1356,85,82,3,3
1357,79,80,-1,1
1358,78,79,-1,1
1359,98,98,0,0
1360,138,131,7,7
1361,92,82,10,10
1362,110,105,5,5
1363,135,141,-6,6
1364,96,97,-1,1
1365,107,99,8,8
1366,84,87,-3,3
1367,82,78,4,4
1368,87,110,-23,23
1369,58,60,-2,2
1370,55,53,2,2
1371,69,75,-6,6
1372,193,179,14,14
1373,102,109,-7,7
1374,105,99,6,6
1375,74,91,-17,17
1376,122,139,-17,17
1377,85,80,5,5
1378,103,97,6,6
1379,139,127,12,12
1380,91,83,8,8
1381,84,96,-12,12
1382,155,137,18,18
1383,73,69,4,4
1384,141,127,14,14
1385,70,64,6,6
1386,93,84,9,9
1387,100,89,11,11
1388,96,92,4,4
1389,56,59,-3,3
1390,93,116,-23,23
1391,97,118,-21,21
1392,43,51,-8,8
1393,58,53,5,5
1394,107,100,7,7
1395,118,112,6,6
1396,64,55,9,9
1397,114,99,15,15
1398,84,77,7,7
1399,68,70,-2,2
1400,170,148,22,22
1401,121,119,2,2
1402,180,172,8,8
1403,81,79,2,2
1404,131,120,11,11
1405,166,154,12,12
1406,83,85,-2,2
1407,107,96,11,11
1408,95,97,-2,2
1409,88,78,10,10
1410,149,138,11,11
1411,160,155,5,5
1412,112,110,2,2
1413,145,144,1,1
1414,38,50,-12,12
1415,104,98,6,6
1416,125,127,-2,2
1417,86,84,2,2
1418,105,100,5,5
1419,44,51,-7,7
1420,116,105,11,11
1421,136,127,9,9
1422,149,135,14,14
1423,135,107,28,28
1424,51,56,-5,5
1425,94,105,-11,11
1426,88,98,-10,10
1427,128,128,0,0
1428,148,139,9,9
1429,103,110,-7,7
1430,59,62,-3,3
1431,75,75,0,0
1432,83,80,3,3
1433,73,71,2,2
1434,75,95,-20,20
1435,74,82,-8,8
1436,85,85,0,0
1437,74,67,7,7
1438,99,98,1,1
1439,122,121,1,1
1440,130,132,-2,2
1441,61,66,-5,5
1442,48,52,-4,4
1443,111,116,-5,5
1444,58,55,3,3
1445,61,74,-13,13
1446,129,129,0,0
1447,55,57,-2,2
1448,159,147,12,12
1449,81,81,0,0
1450,44,52,-8,8
1451,64,57,7,7
1452,105,94,11,11
1453,131,131,0,0
1454,188,176,12,12
1455,107,102,5,5
1456,74,78,-4,4
1457,155,163,-8,8
1458,93,89,4,4
1459,125,121,4,4
1460,113,117,-4,4
1461,81,78,3,3
1462,73,70,3,3
1463,78,71,7,7
1464,124,109,15,15
1465,68,73,-5,5
1466,90,95,-5,5
1467,108,96,12,12
1468,73,67,6,6
1469,92,90,2,2
1470,118,118,0,0
1471,70,60,10,10
1472,98,101,-3,3
1473,70,64,6,6
1474,72,71,1,1
1475,107,94,13,13
1476,112,106,6,6
1477,118,115,3,3
1478,86,84,2,2
1479,114,92,22,22
1480,121,111,10,10
1481,120,107,13,13
1482,275,216,59,59
1483,98,89,9,9
1484,95,105,-10,10
1485,80,73,7,7
1486,126,129,-3,3
1487,98,98,0,0
1488,133,145,-12,12
1489,61,62,-1,1
1490,129,120,9,9
1491,117,113,4,4
1492,54,73,-19,19
1493,54,58,-4,4
1494,48,55,-7,7
1495,85,80,5,5
1496,56,74,-18,18
1497,77,88,-11,11
1498,140,124,16,16
1499,69,72,-3,3
1500,88,89,-1,1
1501,107,104,3,3
1502,81,80,1,1
1503,134,120,14,14
1504,80,79,1,1
1505,121,115,6,6
1506,111,105,6,6
1507,72,76,-4,4
1508,155,157,-2,2
1509,61,61,0,0
1510,70,75,-5,5
1511,55,56,-1,1
1512,74,76,-2,2
1513,151,144,7,7
1514,38,50,-12,12
1515,164,184,-20,20
1516,66,77,-11,11
1517,58,54,4,4
1518,66,67,-1,1
1519,116,103,13,13
1520,71,88,-17,17
1521,99,101,-2,2
1522,108,118,-10,10
1523,77,80,-3,3
1524,56,58,-2,2
1525,126,111,15,15
1526,117,112,5,5
1527,71,64,7,7
1528,80,75,5,5
1529,69,69,0,0
1530,76,76,0,0
1531,137,131,6,6
1532,184,170,14,14
1533,131,118,13,13
1534,149,136,13,13
1535,95,94,1,1
1536,122,117,5,5
1537,54,54,0,0
1538,88,92,-4,4
1539,83,85,-2,2
1540,69,73,-4,4
1541,87,97,-10,10
1542,156,149,7,7
1543,118,119,-1,1
1544,55,57,-2,2
1545,83,85,-2,2
1546,81,93,-12,12
1547,101,112,-11,11
1548,73,75,-2,2
1549,105,104,1,1
1550,82,87,-5,5
1551,65,66,-1,1
1552,78,76,2,2
1553,115,110,5,5
1554,133,122,11,11
1555,58,63,-5,5
1556,108,109,-1,1
1557,128,130,-2,2
1558,136,119,17,17
1559,37,53,-16,16
1560,95,100,-5,5
1561,121,117,4,4
1562,87,82,5,5
1563,100,117,-17,17
1564,89,84,5,5
1565,126,130,-4,4
1566,109,121,-12,12
1567,103,97,6,6
1568,150,138,12,12
1569,94,123,-29,29
1570,148,155,-7,7
1571,60,60,0,0
1572,70,72,-2,2
1573,131,133,-2,2
1574,70,63,7,7
1575,95,98,-3,3
1576,66,72,-6,6
1577,86,76,10,10
1578,91,86,5,5
1579,75,85,-10,10
1580,46,53,-7,7
1581,100,102,-2,2
1582,98,94,4,4
1583,92,83,9,9
1584,112,101,11,11
1585,167,156,11,11
1586,90,96,-6,6
1587,109,102,7,7
1588,93,107,-14,14
1589,61,62,-1,1
1590,123,117,6,6
1591,93,95,-2,2
1592,74,65,9,9
1593,36,51,-15,15
1594,89,83,6,6
1595,144,148,-4,4
1596,80,81,-1,1
1597,114,112,2,2
1598,106,108,-2,2
1599,57,59,-2,2
1600,70,78,-8,8
1601,112,112,0,0
1602,92,84,8,8
1603,106,98,8,8
1604,122,128,-6,6
1605,128,119,9,9
1606,109,108,1,1
1607,75,75,0,0
1608,120,107,13,13
1609,60,56,4,4
1610,137,124,13,13
1611,78,81,-3,3
1612,93,94,-1,1
1613,91,89,2,2
1614,84,84,0,0
1615,137,133,4,4
1616,43,53,-10,10
1617,74,70,4,4
1618,77,73,4,4
1619,114,115,-1,1
1620,104,88,16,16
1621,101,104,-3,3
1622,43,51,-8,8
1623,106,105,1,1
1624,90,86,4,4
1625,114,119,-5,5
1626,82,70,12,12
1627,62,69,-7,7
1628,112,106,6,6
1629,46,54,-8,8
1630,104,90,14,14
1631,106,104,2,2
1632,62,59,3,3
1633,123,119,4,4
1634,95,95,0,0
1635,64,68,-4,4
1636,76,82,-6,6
1637,104,100,4,4
1638,126,122,4,4
1639,144,135,9,9
1640,119,120,-1,1
1641,74,69,5,5
1642,51,56,-5,5
1643,91,95,-4,4
1644,86,94,-8,8
1645,95,88,7,7
1646,72,75,-3,3
1647,162,150,12,12
1648,87,82,5,5
1649,91,93,-2,2
1650,122,136,-14,14
1651,70,72,-2,2
1652,106,115,-9,9
1653,89,97,-8,8
1654,59,54,5,5
1655,44,50,-6,6
1656,74,64,10,10
1657,77,77,0,0
1658,135,125,10,10
1659,107,103,4,4
1660,64,62,2,2
1661,52,67,-15,15
1662,61,61,0,0
1663,74,73,1,1
1664,87,98,-11,11
1665,106,99,7,7
1666,64,62,2,2
1667,70,72,-2,2
1668,77,81,-4,4
1669,62,60,2,2
1670,67,64,3,3
1671,109,103,6,6
1672,118,117,1,1
1673,74,81,-7,7
1674,100,95,5,5
1675,83,97,-14,14
1676,83,73,10,10
1677,121,114,7,7
1678,79,81,-2,2
1679,46,51,-5,5
1680,92,82,10,10
1681,102,99,3,3
1682,103,95,8,8
1683,64,57,7,7
1684,101,96,5,5
1685,105,99,6,6
1686,55,57,-2,2
1687,66,60,6,6
1688,60,61,-1,1
1689,62,63,-1,1
1690,150,150,0,0
1691,84,88,-4,4
1692,98,107,-9,9
1693,59,63,-4,4
1694,57,57,0,0
1695,88,123,-35,35
1696,146,145,1,1
1697,58,59,-1,1
1698,73,68,5,5
1699,192,180,12,12
1700,58,56,2,2
1701,97,82,15,15
1702,84,82,2,2
1703,149,137,12,12
1704,162,141,21,21
1705,53,63,-10,10
1706,48,57,-9,9
1707,103,111,-8,8
1708,64,67,-3,3
1709,85,81,4,4
1710,64,66,-2,2
1711,73,69,4,4
1712,72,64,8,8
1713,136,115,21,21
1714,103,99,4,4
1715,161,148,13,13
1716,89,87,2,2
1717,102,93,9,9
1718,66,108,-42,42
1719,87,83,4,4
1720,101,98,3,3
1721,90,95,-5,5
1722,108,112,-4,4
1723,59,62,-3,3
1724,118,112,6,6
1725,56,53,3,3
1726,195,183,12,12
1727,70,65,5,5
1728,90,90,0,0
1729,108,111,-3,3
1730,118,132,-14,14
1731,74,76,-2,2
1732,115,110,5,5
1733,31,50,-19,19
1734,121,125,-4,4
1735,43,50,-7,7
1736,78,74,4,4
1737,63,62,1,1
1738,57,54,3,3
1739,53,57,-4,4
1740,63,65,-2,2
1741,88,86,2,2
1742,80,89,-9,9
1743,133,141,-8,8
1744,90,81,9,9
1745,130,131,-1,1
1746,70,69,1,1
1747,169,148,21,21
1748,45,53,-8,8
1749,171,164,7,7
1750,84,83,1,1
1751,95,98,-3,3
1752,73,76,-3,3
1753,59,57,2,2
1754,82,91,-9,9
1755,101,95,6,6
1756,77,87,-10,10
1757,57,64,-7,7
1758,97,92,5,5
1759,69,70,-1,1
1760,82,71,11,11
1761,60,80,-20,20
1762,70,70,0,0
1763,79,83,-4,4
1764,127,117,10,10
1765,92,104,-12,12
1766,119,122,-3,3
1767,59,58,1,1
1768,66,72,-6,6
1769,44,53,-9,9
1770,46,50,-4,4
1771,129,113,16,16
1772,93,84,9,9
1773,98,123,-25,25
1774,89,83,6,6
1775,74,68,6,6
1776,96,96,0,0
1777,103,91,12,12
1778,84,88,-4,4
1779,75,73,2,2
1780,167,147,20,20
1781,85,85,0,0
1782,108,116,-8,8
1783,59,59,0,0
1784,101,100,1,1
1785,76,74,2,2
1786,118,113,5,5
1787,67,68,-1,1
1788,53,63,-10,10
1789,108,107,1,1
1790,103,97,6,6
1791,130,141,-11,11
1792,83,83,0,0
1793,52,60,-8,8
1794,79,82,-3,3
1795,80,88,-8,8
1796,88,64,24,24
1797,55,57,-2,2
1798,53,54,-1,1
1799,116,108,8,8
1800,103,99,4,4
1801,73,78,-5,5
1802,72,72,0,0
1803,155,139,16,16
1804,205,202,3,3
1805,55,57,-2,2
1806,119,117,2,2
1807,93,86,7,7
1808,81,83,-2,2
1809,93,90,3,3
1810,121,122,-1,1
1811,62,60,2,2
1812,61,65,-4,4
1813,113,112,1,1
1814,79,75,4,4
1815,130,131,-1,1
1816,68,77,-9,9
1817,81,79,2,2
1818,114,104,10,10
1819,101,86,15,15
1820,63,55,8,8
1821,87,100,-13,13
1822,117,117,0,0
1823,114,114,0,0
1824,109,106,3,3
1825,96,92,4,4
1826,54,56,-2,2
1827,132,127,5,5
1828,85,92,-7,7
1829,70,64,6,6
1830,60,55,5,5
1831,68,69,-1,1
1832,48,50,-2,2
1833,75,80,-5,5
1834,126,119,7,7
1835,106,101,5,5
1836,60,59,1,1
1837,70,61,9,9
1838,52,53,-1,1
1839,86,78,8,8
1840,74,71,3,3
1841,118,109,9,9
1842,43,51,-8,8
1843,207,199,8,8
1844,97,87,10,10
1845,78,74,4,4
1846,100,103,-3,3
1847,108,97,11,11
1848,73,71,2,2
1849,151,141,10,10
1850,45,52,-7,7
1851,81,76,5,5
1852,68,68,0,0
1853,140,145,-5,5
1854,121,112,9,9
1855,88,102,-14,14
1856,42,50,-8,8
1857,76,80,-4,4
1858,89,87,2,2
1859,61,59,2,2
1860,98,88,10,10
1861,78,80,-2,2
1862,54,58,-4,4
1863,128,145,-17,17
1864,160,149,11,11
1865,65,67,-2,2
1866,109,106,3,3
1867,149,154,-5,5
1868,112,106,6,6
1869,78,76,2,2
1870,61,58,3,3
1871,82,75,7,7
1872,54,54,0,0
1873,45,55,-10,10
1874,102,97,5,5
1875,92,91,1,1
1876,121,119,2,2
1877,119,115,4,4
1878,84,77,7,7
1879,99,105,-6,6
1880,116,120,-4,4
1881,119,110,9,9
1882,157,154,3,3
1883,119,106,13,13
1884,92,86,6,6
1885,60,67,-7,7
1886,101,101,0,0
1887,90,93,-3,3
1888,132,136,-4,4
1889,156,150,6,6
1890,101,98,3,3
1891,88,84,4,4
1892,141,118,23,23
1893,56,58,-2,2
1894,85,75,10,10
1895,182,163,19,19
1896,127,112,15,15
1897,76,73,3,3
1898,83,78,5,5
1899,59,58,1,1
1900,33,50,-17,17
1901,38,50,-12,12
1902,90,77,13,13
1903,87,102,-15,15
1904,81,91,-10,10
1905,123,127,-4,4
1906,111,107,4,4
1907,207,213,-6,6
1908,140,134,6,6
1909,90,85,5,5
1910,67,71,-4,4
1911,102,131,-29,29
1912,65,65,0,0
1913,81,83,-2,2
1914,75,76,-1,1
1915,93,96,-3,3
1916,87,100,-13,13
1917,183,161,22,22
1918,95,95,0,0
1919,200,192,8,8
1920,95,93,2,2
1921,199,183,16,16
1922,87,81,6,6
1923,56,56,0,0
1924,55,63,-8,8
1925,90,97,-7,7
1926,64,70,-6,6
1927,57,57,0,0
1928,179,188,-9,9
1929,78,76,2,2
1930,54,56,-2,2
1931,112,107,5,5
1932,69,85,-16,16
1933,73,79,-6,6
1934,64,66,-2,2
1935,65,69,-4,4
1936,63,63,0,0
1937,159,148,11,11
1938,71,77,-6,6
1939,90,85,5,5
1940,116,113,3,3
1941,110,107,3,3
1942,80,80,0,0
1943,116,116,0,0
1944,101,108,-7,7
1945,145,137,8,8
1946,144,142,2,2
1947,163,145,18,18
1948,115,121,-6,6
1949,115,122,-7,7
1950,102,106,-4,4
1951,105,85,20,20
1952,61,59,2,2
1953,74,71,3,3
1954,88,87,1,1
1955,86,75,11,11
1956,98,100,-2,2
1957,113,110,3,3
1958,82,74,8,8
1959,124,107,17,17
1960,76,71,5,5
1961,137,133,4,4
1962,88,98,-10,10
1963,130,122,8,8
1964,75,64,11,11
1965,97,82,15,15
1966,114,121,-7,7
1967,92,87,5,5
1968,106,103,3,3
1969,89,91,-2,2
1970,72,92,-20,20
1971,92,92,0,0
1972,66,67,-1,1
1973,26,50,-24,24
1974,106,99,7,7
1975,82,86,-4,4
1976,112,109,3,3
1977,94,90,4,4
1978,106,101,5,5
1979,114,108,6,6
1980,85,101,-16,16
1981,144,152,-8,8
1982,137,126,11,11
1983,56,62,-6,6
1984,62,54,8,8
1985,65,70,-5,5
1986,71,78,-7,7
1987,78,86,-8,8
1988,66,58,8,8
1989,106,109,-3,3
1990,74,101,-27,27
1991,46,122,-76,76
1992,140,129,11,11
1993,129,123,6,6
1994,83,86,-3,3
1995,81,84,-3,3
1996,49,53,-4,4
1997,124,117,7,7
1998,42,51,-9,9
1999,89,86,3,3
2000,101,92,9,9
2001,184,197,-13,13
2002,113,108,5,5
2003,212,197,15,15
2004,120,114,6,6
2005,95,93,2,2
2006,120,121,-1,1
2007,97,95,2,2
2008,72,72,0,0
2009,80,66,14,14
2010,87,96,-9,9
2011,100,96,4,4
2012,185,175,10,10
2013,90,93,-3,3
2014,77,80,-3,3
2015,67,69,-2,2
2016,63,67,-4,4
2017,74,72,2,2
2018,104,96,8,8
2019,129,128,1,1
2020,73,69,4,4
2021,128,121,7,7
2022,64,63,1,1
2023,88,77,11,11
2024,47,56,-9,9
2025,68,62,6,6
2026,75,69,6,6
2027,75,74,1,1
2028,80,84,-4,4
2029,61,64,-3,3
2030,74,74,0,0
2031,79,83,-4,4
2032,62,71,-9,9
2033,121,125,-4,4
2034,77,78,-1,1
2035,104,108,-4,4
2036,116,112,4,4
2037,61,74,-13,13
2038,86,81,5,5
2039,83,91,-8,8
2040,119,120,-1,1
2041,109,116,-7,7
2042,83,96,-13,13
2043,66,68,-2,2
2044,112,113,-1,1
2045,110,109,1,1
2046,115,125,-10,10
2047,97,95,2,2
2048,115,113,2,2
2049,78,83,-5,5
2050,58,58,0,0
2051,98,104,-6,6
2052,104,101,3,3
2053,109,100,9,9
2054,143,134,9,9
2055,98,96,2,2
2056,56,61,-5,5
2057,61,62,-1,1
2058,86,83,3,3
2059,73,76,-3,3
2060,101,100,1,1
2061,165,149,16,16
2062,64,78,-14,14
2063,62,57,5,5
2064,68,65,3,3
2065,101,105,-4,4
2066,72,84,-12,12
2067,56,57,-1,1
2068,109,95,14,14
2069,63,59,4,4
2070,48,52,-4,4
2071,134,133,1,1
2072,91,99,-8,8
2073,80,82,-2,2
2074,112,106,6,6
2075,49,53,-4,4
2076,91,85,6,6
2077,75,81,-6,6
2078,86,75,11,11
2079,142,130,12,12
2080,79,72,7,7
2081,122,127,-5,5
2082,139,135,4,4
2083,79,70,9,9
2084,184,165,19,19
2085,134,162,-28,28
2086,99,94,5,5
2087,59,64,-5,5
2088,77,80,-3,3
2089,84,81,3,3
2090,116,120,-4,4
2091,41,50,-9,9
2092,70,75,-5,5
2093,39,51,-12,12
2094,82,84,-2,2
2095,58,59,-1,1
2096,166,156,10,10
2097,71,73,-2,2
2098,119,110,9,9
2099,92,98,-6,6
2100,116,118,-2,2
2101,121,111,10,10
2102,106,101,5,5
2103,82,80,2,2
2104,137,131,6,6
2105,113,116,-3,3
2106,84,87,-3,3
2107,136,123,13,13
2108,57,56,1,1
2109,142,131,11,11
2110,55,53,2,2
2111,82,84,-2,2
2112,208,193,15,15
2113,101,85,16,16
2114,156,159,-3,3
2115,175,159,16,16
2116,137,119,18,18
2117,105,120,-15,15
2118,84,88,-4,4
2119,78,78,0,0
2120,115,100,15,15
2121,74,73,1,1
2122,67,62,5,5
2123,46,52,-6,6
2124,123,119,4,4
2125,68,63,5,5
2126,110,116,-6,6
2127,95,93,2,2
2128,77,86,-9,9
2129,86,91,-5,5
2130,62,55,7,7
2131,91,81,10,10
2132,76,75,1,1
2133,92,80,12,12
2134,98,91,7,7
2135,108,106,2,2
2136,142,137,5,5
2137,111,78,33,33
2138,96,98,-2,2
2139,86,84,2,2
2140,138,130,8,8
2141,89,92,-3,3
2142,149,135,14,14
2143,82,85,-3,3
2144,135,134,1,1
2145,94,90,4,4
2146,79,81,-2,2
2147,84,88,-4,4
2148,44,78,-34,34
2149,46,60,-14,14
2150,96,96,0,0
2151,114,107,7,7
2152,57,60,-3,3
2153,79,75,4,4
2154,78,86,-8,8
2155,117,135,-18,18
2156,98,91,7,7
2157,57,53,4,4
2158,99,90,9,9
2159,97,92,5,5
2160,98,89,9,9
2161,70,67,3,3
2162,102,105,-3,3
2163,82,87,-5,5
2164,81,81,0,0
2165,69,73,-4,4
2166,66,61,5,5
2167,97,85,12,12
2168,86,89,-3,3
2169,58,58,0,0
2170,83,93,-10,10
2171,78,81,-3,3
2172,64,59,5,5
2173,127,98,29,29
2174,73,61,12,12
2175,70,79,-9,9
2176,93,92,1,1
2177,116,115,1,1
2178,103,90,13,13
2179,44,55,-11,11
2180,84,93,-9,9
2181,116,100,16,16
2182,102,107,-5,5
2183,56,54,2,2
2184,117,113,4,4
2185,111,109,2,2
2186,82,90,-8,8
2187,115,106,9,9
2188,96,106,-10,10
2189,137,110,27,27
2190,111,108,3,3
2191,63,67,-4,4
2192,65,61,4,4
2193,57,57,0,0
2194,82,73,9,9
2195,64,82,-18,18
2196,100,98,2,2
2197,68,65,3,3
2198,57,65,-8,8
2199,76,71,5,5
2200,138,134,4,4
2201,61,69,-8,8
2202,80,85,-5,5
2203,98,103,-5,5
2204,137,133,4,4
2205,101,96,5,5
2206,122,122,0,0
2207,75,84,-9,9
2208,118,114,4,4
2209,87,90,-3,3
2210,116,105,11,11
2211,97,97,0,0
2212,147,160,-13,13
2213,74,68,6,6
2214,55,56,-1,1
2215,110,98,12,12
2216,93,93,0,0
2217,64,70,-6,6
2218,105,114,-9,9
2219,70,98,-28,28
2220,92,84,8,8
2221,63,62,1,1
2222,93,94,-1,1
2223,60,70,-10,10
2224,82,83,-1,1
2225,108,104,4,4
2226,118,116,2,2
2227,167,164,3,3
2228,112,110,2,2
2229,85,84,1,1
2230,77,94,-17,17
2231,105,108,-3,3
2232,144,140,4,4
2233,159,162,-3,3
2234,68,67,1,1
2235,42,50,-8,8
2236,111,125,-14,14
2237,67,73,-6,6
2238,135,125,10,10
2239,45,53,-8,8
2240,79,76,3,3
2241,117,118,-1,1
2242,94,93,1,1
2243,44,89,-45,45
2244,94,104,-10,10
2245,140,126,14,14
2246,98,93,5,5
2247,66,71,-5,5
2248,63,63,0,0
2249,65,69,-4,4
2250,104,107,-3,3
2251,92,98,-6,6
2252,86,91,-5,5
2253,81,85,-4,4
2254,77,87,-10,10
2255,78,76,2,2
2256,48,56,-8,8
2257,39,50,-11,11
2258,47,50,-3,3
2259,94,104,-10,10
2260,161,156,5,5
2261,72,63,9,9
2262,35,50,-15,15
2263,89,100,-11,11
2264,69,94,-25,25
2265,102,105,-3,3
2266,79,95,-16,16
2267,107,95,12,12
2268,111,127,-16,16
2269,95,99,-4,4
2270,102,104,-2,2
2271,89,98,-9,9
2272,65,61,4,4
2273,108,106,2,2
2274,57,69,-12,12
2275,103,101,2,2
2276,151,128,23,23
2277,184,163,21,21
2278,78,79,-1,1
2279,185,157,28,28
2280,63,70,-7,7
2281,131,131,0,0
2282,155,143,12,12
2283,87,80,7,7
2284,136,130,6,6
2285,104,107,-3,3
2286,54,55,-1,1
2287,107,107,0,0
2288,64,60,4,4
2289,68,68,0,0
2290,90,92,-2,2
2291,65,73,-8,8
2292,86,95,-9,9
2293,78,78,0,0
2294,72,65,7,7
2295,50,60,-10,10
2296,107,107,0,0
2297,101,221,-120,120
2298,104,100,4,4
2299,47,52,-5,5
2300,87,82,5,5
2301,102,105,-3,3
2302,103,93,10,10
2303,62,55,7,7
2304,57,60,-3,3
2305,68,74,-6,6
2306,109,107,2,2
2307,80,86,-6,6
2308,76,82,-6,6
2309,97,100,-3,3
2310,83,77,6,6
2311,116,112,4,4
2312,72,66,6,6
2313,49,55,-6,6
2314,108,109,-1,1
2315,106,90,16,16
2316,135,121,14,14
2317,115,120,-5,5
2318,111,103,8,8
2319,95,84,11,11
2320,56,66,-10,10
2321,154,135,19,19
2322,106,105,1,1
2323,71,71,0,0
2324,92,87,5,5
2325,96,86,10,10
2326,75,76,-1,1
2327,127,112,15,15
2328,66,68,-2,2
2329,78,73,5,5
2330,148,147,1,1
2331,95,91,4,4
2332,145,125,20,20
2333,80,86,-6,6
2334,48,52,-4,4
2335,73,83,-10,10
2336,128,135,-7,7
2337,38,53,-15,15
2338,180,173,7,7
2339,63,64,-1,1
2340,60,59,1,1
2341,149,145,4,4
2342,97,100,-3,3
2343,57,60,-3,3
2344,158,139,19,19
2345,85,92,-7,7
2346,83,73,10,10
2347,145,136,9,9
2348,76,74,2,2
2349,107,98,9,9
2350,177,168,9,9
2351,106,90,16,16
2352,73,71,2,2
2353,43,50,-7,7
2354,141,120,21,21
2355,100,105,-5,5
2356,81,98,-17,17
2357,267,217,50,50
2358,69,67,2,2
2359,114,114,0,0
2360,110,109,1,1
2361,107,109,-2,2
2362,95,86,9,9
2363,92,84,8,8
2364,166,147,19,19
2365,83,88,-5,5
2366,140,128,12,12
2367,102,96,6,6
2368,82,87,-5,5
2369,88,94,-6,6
2370,129,111,18,18
2371,171,178,-7,7
2372,53,55,-2,2
2373,139,121,18,18
2374,131,116,15,15
2375,137,121,16,16
2376,65,67,-2,2
2377,83,86,-3,3
2378,191,185,6,6
2379,65,58,7,7
2380,197,184,13,13
2381,101,98,3,3
2382,147,143,4,4
2383,159,156,3,3
2384,46,52,-6,6
2385,151,143,8,8
2386,104,97,7,7
2387,132,133,-1,1
2388,67,65,2,2
2389,80,80,0,0
2390,198,187,11,11
2391,116,130,-14,14
2392,72,106,-34,34
2393,152,139,13,13
2394,63,69,-6,6
2395,61,64,-3,3
2396,112,110,2,2
2397,96,88,8,8
2398,90,87,3,3
2399,118,121,-3,3
2400,102,106,-4,4
2401,65,64,1,1
2402,93,97,-4,4
2403,64,62,2,2
2404,88,114,-26,26
2405,116,110,6,6
2406,94,106,-12,12
2407,96,105,-9,9
2408,83,98,-15,15
2409,125,125,0,0
2410,71,64,7,7
2411,147,152,-5,5
2412,117,118,-1,1
2413,125,121,4,4
2414,65,60,5,5
2415,69,72,-3,3
2416,72,71,1,1
2417,80,81,-1,1
2418,73,67,6,6
2419,62,65,-3,3
2420,126,123,3,3
2421,56,58,-2,2
2422,90,98,-8,8
2423,95,102,-7,7
2424,67,70,-3,3
2425,37,50,-13,13
2426,128,119,9,9
2427,63,62,1,1
2428,32,55,-23,23
2429,63,59,4,4
2430,42,53,-11,11
2431,90,93,-3,3
2432,58,59,-1,1
2433,159,141,18,18
2434,114,121,-7,7
2435,76,79,-3,3
2436,71,70,1,1
2437,91,88,3,3
2438,144,131,13,13
2439,71,65,6,6
2440,70,75,-5,5
2441,109,109,0,0
2442,86,83,3,3
2443,114,114,0,0
2444,66,54,12,12
2445,92,81,11,11
2446,71,69,2,2
2447,92,87,5,5
2448,137,152,-15,15
2449,73,84,-11,11
2450,73,73,0,0
2451,101,94,7,7
2452,119,113,6,6
2453,97,97,0,0
2454,110,104,6,6
2455,69,64,5,5
2456,81,75,6,6
2457,67,70,-3,3
2458,139,130,9,9
2459,88,87,1,1
2460,114,109,5,5
2461,64,59,5,5
2462,86,84,2,2
2463,122,118,4,4
2464,122,115,7,7
2465,94,89,5,5
2466,128,131,-3,3
2467,83,79,4,4
2468,92,90,2,2
2469,175,167,8,8
2470,141,139,2,2
2471,72,80,-8,8
2472,135,143,-8,8
2473,84,79,5,5
2474,123,117,6,6
2475,113,116,-3,3
2476,135,128,7,7
2477,83,83,0,0
2478,58,64,-6,6
2479,146,147,-1,1
2480,123,124,-1,1
2481,50,51,-1,1
2482,67,79,-12,12
2483,80,86,-6,6
2484,136,131,5,5
2485,165,157,8,8
2486,84,77,7,7
2487,107,100,7,7
2488,151,147,4,4
2489,111,109,2,2
2490,51,59,-8,8
2491,78,81,-3,3
2492,145,125,20,20
2493,54,59,-5,5
2494,86,81,5,5
2495,93,93,0,0
2496,117,106,11,11
2497,52,55,-3,3
2498,84,89,-5,5
2499,196,197,-1,1
2500,70,64,6,6
2501,166,162,4,4
2502,103,89,14,14
2503,67,80,-13,13
2504,54,56,-2,2
2505,91,92,-1,1
2506,124,120,4,4
2507,80,81,-1,1
2508,111,113,-2,2
2509,108,96,12,12
2510,134,139,-5,5
2511,98,100,-2,2
2512,64,82,-18,18
2513,73,76,-3,3
2514,94,96,-2,2
2515,61,75,-14,14
2516,90,93,-3,3
2517,102,99,3,3
2518,150,138,12,12
2519,97,103,-6,6
2520,76,76,0,0
2521,58,61,-3,3
2522,90,75,15,15
2523,70,68,2,2
2524,65,66,-1,1
2525,78,79,-1,1
2526,53,56,-3,3
2527,83,75,8,8
2528,103,88,15,15
2529,74,72,2,2
2530,173,167,6,6
2531,63,64,-1,1
2532,104,101,3,3
2533,96,102,-6,6
2534,110,121,-11,11
2535,83,80,3,3
2536,89,88,1,1
2537,95,103,-8,8
2538,74,80,-6,6
2539,55,53,2,2
2540,117,117,0,0
2541,32,50,-18,18
2542,64,73,-9,9
2543,103,86,17,17
2544,121,120,1,1
2545,129,119,10,10
2546,90,96,-6,6
2547,119,142,-23,23
2548,105,93,12,12
2549,78,72,6,6
2550,159,140,19,19
2551,73,76,-3,3
2552,128,124,4,4
2553,149,148,1,1
2554,129,113,16,16
2555,87,93,-6,6
2556,69,71,-2,2
2557,120,115,5,5
2558,57,58,-1,1
2559,107,114,-7,7
2560,56,56,0,0
2561,128,80,48,48
2562,153,134,19,19
2563,114,124,-10,10
2564,96,100,-4,4
2565,111,107,4,4
2566,130,133,-3,3
2567,88,91,-3,3
2568,75,75,0,0
2569,85,90,-5,5
2570,105,104,1,1
2571,48,52,-4,4
2572,98,98,0,0
2573,62,69,-7,7
2574,142,134,8,8
2575,91,79,12,12
2576,85,87,-2,2
2577,67,60,7,7
2578,116,110,6,6
2579,82,89,-7,7
2580,136,137,-1,1
2581,145,126,19,19
2582,76,82,-6,6
2583,46,55,-9,9
2584,112,126,-14,14
2585,119,125,-6,6
2586,75,90,-15,15
2587,58,64,-6,6
2588,90,97,-7,7
2589,106,115,-9,9
2590,117,115,2,2
2591,97,93,4,4
2592,142,148,-6,6
2593,156,145,11,11
2594,136,92,44,44
2595,73,79,-6,6
2596,98,83,15,15
2597,79,85,-6,6
2598,130,132,-2,2
2599,114,115,-1,1
2600,122,118,4,4
2601,87,81,6,6
2602,136,125,11,11
2603,157,143,14,14
2604,53,53,0,0
2605,106,103,3,3
2606,62,66,-4,4
2607,87,92,-5,5
2608,75,72,3,3
2609,71,72,-1,1
2610,87,85,2,2
2611,81,78,3,3
2612,110,107,3,3
2613,119,118,1,1
2614,103,98,5,5
2615,65,59,6,6
2616,137,123,14,14
2617,66,75,-9,9
2618,78,73,5,5
2619,93,98,-5,5
2620,117,110,7,7
2621,95,94,1,1
2622,88,83,5,5
2623,102,89,13,13
2624,49,55,-6,6
2625,82,77,5,5
2626,70,75,-5,5
2627,78,83,-5,5
2628,75,68,7,7
2629,80,89,-9,9
2630,133,124,9,9
2631,82,81,1,1
2632,147,106,41,41
2633,174,163,11,11
2634,65,66,-1,1
2635,95,92,3,3
2636,105,96,9,9
2637,72,65,7,7
2638,78,81,-3,3
2639,137,133,4,4
2640,153,143,10,10
2641,131,151,-20,20
2642,53,59,-6,6
2643,88,81,7,7
2644,74,75,-1,1
2645,62,63,-1,1
2646,97,107,-10,10
2647,121,116,5,5
2648,106,108,-2,2
2649,76,107,-31,31
2650,103,103,0,0
2651,87,77,10,10
2652,67,64,3,3
2653,68,93,-25,25
2654,123,111,12,12
2655,68,64,4,4
2656,115,113,2,2
2657,116,103,13,13
2658,95,92,3,3
2659,57,64,-7,7
2660,106,101,5,5
2661,85,84,1,1
2662,106,94,12,12
2663,87,84,3,3
2664,86,86,0,0
2665,84,87,-3,3
2666,60,58,2,2
2667,99,104,-5,5
2668,84,96,-12,12
2669,60,59,1,1
2670,134,117,17,17
2671,130,132,-2,2
2672,78,73,5,5
2673,62,61,1,1
2674,90,80,10,10
2675,105,108,-3,3
2676,104,106,-2,2
2677,102,99,3,3
2678,125,123,2,2
2679,74,70,4,4
2680,100,98,2,2
2681,103,106,-3,3
2682,77,65,12,12
2683,86,85,1,1
2684,97,103,-6,6
2685,81,86,-5,5
2686,88,95,-7,7
2687,52,56,-4,4
2688,59,67,-8,8
2689,89,82,7,7
2690,51,65,-14,14
2691,45,54,-9,9
2692,103,112,-9,9
2693,70,74,-4,4
2694,148,142,6,6
2695,91,99,-8,8
2696,45,50,-5,5
2697,146,145,1,1
2698,119,118,1,1
2699,107,114,-7,7
2700,170,153,17,17
2701,62,61,1,1
2702,130,111,19,19
2703,40,55,-15,15
2704,91,84,7,7
2705,61,61,0,0
2706,72,65,7,7
2707,113,115,-2,2
2708,120,99,21,21
2709,52,55,-3,3
2710,43,52,-9,9
2711,63,59,4,4
2712,106,111,-5,5
2713,109,110,-1,1
2714,136,131,5,5
2715,100,100,0,0
2716,58,60,-2,2
2717,64,61,3,3
2718,135,136,-1,1
2719,125,123,2,2
2720,91,108,-17,17
2721,81,84,-3,3
2722,53,54,-1,1
2723,120,119,1,1
2724,96,99,-3,3
2725,42,50,-8,8
2726,122,121,1,1
2727,67,62,5,5
2728,97,90,7,7
2729,65,64,1,1
2730,86,88,-2,2
2731,72,68,4,4
2732,62,59,3,3
2733,72,66,6,6
2734,83,71,12,12
2735,129,129,0,0
2736,109,107,2,2
2737,72,85,-13,13
2738,78,81,-3,3
2739,175,180,-5,5
2740,125,121,4,4
2741,65,58,7,7
2742,122,118,4,4
2743,79,83,-4,4
2744,35,50,-15,15
2745,86,94,-8,8
2746,120,111,9,9
2747,96,96,0,0
2748,152,149,3,3
2749,114,121,-7,7
2750,94,99,-5,5
2751,67,69,-2,2
2752,94,99,-5,5
2753,145,125,20,20
2754,52,56,-4,4
2755,108,111,-3,3
2756,86,97,-11,11
2757,91,92,-1,1
2758,132,127,5,5
2759,160,158,2,2
2760,94,81,13,13
2761,136,121,15,15
2762,46,50,-4,4
2763,76,67,9,9
2764,66,69,-3,3
2765,72,71,1,1
2766,102,103,-1,1
2767,77,79,-2,2
2768,56,57,-1,1
2769,139,141,-2,2
2770,217,196,21,21
2771,105,107,-2,2
2772,86,80,6,6
2773,172,155,17,17
2774,131,128,3,3
2775,141,133,8,8
2776,85,88,-3,3
2777,68,60,8,8
2778,90,95,-5,5
2779,75,75,0,0
2780,82,78,4,4
2781,76,73,3,3
2782,92,89,3,3
2783,76,74,2,2
2784,108,107,1,1
2785,99,97,2,2
2786,65,70,-5,5
2787,101,110,-9,9
2788,196,183,13,13
2789,80,85,-5,5
2790,130,130,0,0
2791,57,72,-15,15
2792,105,95,10,10
2793,83,84,-1,1
2794,75,87,-12,12
2795,37,50,-13,13
2796,92,101,-9,9
2797,70,70,0,0
2798,35,50,-15,15
2799,120,112,8,8
2800,87,75,12,12
2801,56,53,3,3
2802,84,81,3,3
2803,185,174,11,11
2804,95,82,13,13
2805,76,73,3,3
2806,60,58,2,2
2807,84,84,0,0
2808,67,67,0,0
2809,79,74,5,5
2810,106,100,6,6
2811,121,117,4,4
2812,81,90,-9,9
2813,93,90,3,3
2814,150,142,8,8
2815,104,109,-5,5
2816,95,93,2,2
2817,120,109,11,11
2818,140,145,-5,5
2819,106,116,-10,10
2820,92,79,13,13
2821,75,73,2,2
2822,69,82,-13,13
2823,78,75,3,3
2824,57,59,-2,2
2825,71,63,8,8
2826,110,103,7,7
2827,90,89,1,1
2828,58,58,0,0
2829,52,54,-2,2
2830,108,110,-2,2
2831,53,61,-8,8
2832,102,99,3,3
2833,89,94,-5,5
2834,158,143,15,15
2835,81,74,7,7
2836,93,102,-9,9
2837,127,119,8,8
2838,117,114,3,3
2839,105,97,8,8
2840,133,125,8,8
2841,106,98,8,8
2842,149,139,10,10
2843,117,114,3,3
2844,92,88,4,4
2845,74,68,6,6
2846,156,147,9,9
2847,90,87,3,3
2848,116,117,-1,1
2849,118,116,2,2
2850,109,110,-1,1
2851,110,108,2,2
2852,84,91,-7,7
2853,120,108,12,12
2854,145,140,5,5
2855,64,65,-1,1
2856,95,111,-16,16
2857,54,54,0,0
2858,109,105,4,4
2859,81,80,1,1
2860,74,76,-2,2
2861,123,125,-2,2
2862,88,86,2,2
2863,153,158,-5,5
2864,119,126,-7,7
2865,100,93,7,7
2866,91,87,4,4
2867,85,70,15,15
2868,72,66,6,6
2869,137,124,13,13
2870,120,143,-23,23
2871,58,59,-1,1
2872,106,105,1,1
2873,100,90,10,10
2874,75,77,-2,2
2875,71,67,4,4
2876,90,85,5,5
2877,56,62,-6,6
2878,109,108,1,1
2879,97,104,-7,7
2880,95,91,4,4
2881,84,79,5,5
2882,64,61,3,3
2883,79,74,5,5
2884,66,62,4,4
2885,65,69,-4,4
2886,117,117,0,0
2887,143,143,0,0
2888,65,62,3,3
2889,80,79,1,1
2890,111,120,-9,9
2891,116,114,2,2
2892,80,133,-53,53
2893,89,91,-2,2
2894,181,163,18,18
2895,95,88,7,7
2896,81,80,1,1
2897,172,153,19,19
2898,137,122,15,15
2899,83,84,-1,1
2900,98,100,-2,2
2901,131,122,9,9
2902,75,72,3,3
2903,160,151,9,9
2904,115,106,9,9
2905,124,129,-5,5
2906,121,111,10,10
2907,113,109,4,4
2908,116,110,6,6
2909,62,68,-6,6
2910,94,90,4,4
2911,92,89,3,3
2912,144,135,9,9
2913,37,88,-51,51
2914,65,71,-6,6
2915,159,170,-11,11
2916,76,71,5,5
2917,116,115,1,1
2918,79,77,2,2
2919,89,100,-11,11
2920,79,78,1,1
2921,100,107,-7,7
2922,92,89,3,3
2923,90,88,2,2
2924,53,54,-1,1
2925,97,106,-9,9
2926,148,139,9,9
2927,104,111,-7,7
2928,57,54,3,3
2929,71,67,4,4
2930,116,128,-12,12
2931,191,187,4,4
2932,122,116,6,6
2933,60,60,0,0
2934,125,153,-28,28
2935,69,79,-10,10
2936,98,100,-2,2
2937,131,117,14,14
2938,105,110,-5,5
2939,103,100,3,3
2940,60,63,-3,3
2941,67,65,2,2
2942,118,112,6,6
2943,58,79,-21,21
2944,76,72,4,4
2945,109,94,15,15
2946,72,70,2,2
2947,87,84,3,3
2948,57,59,-2,2
2949,85,87,-2,2
2950,78,80,-2,2
2951,88,82,6,6
2952,75,72,3,3
2953,124,117,7,7
2954,84,91,-7,7
2955,112,107,5,5
2956,98,88,10,10
2957,152,143,9,9
2958,54,56,-2,2
2959,121,123,-2,2
2960,164,146,18,18
2961,58,57,1,1
2962,164,158,6,6
2963,47,55,-8,8
2964,163,170,-7,7
2965,104,99,5,5
2966,66,70,-4,4
2967,111,110,1,1
2968,60,66,-6,6
2969,45,50,-5,5
2970,98,85,13,13
2971,129,119,10,10
2972,94,92,2,2
2973,100,102,-2,2
2974,88,91,-3,3
2975,79,78,1,1
2976,73,76,-3,3
2977,125,122,3,3
2978,91,96,-5,5
2979,102,102,0,0
2980,137,131,6,6
2981,186,179,7,7
2982,67,71,-4,4
2983,59,63,-4,4
2984,36,50,-14,14
2985,128,118,10,10
2986,80,74,6,6
2987,102,117,-15,15
2988,137,115,22,22
2989,58,54,4,4
2990,94,92,2,2
2991,90,85,5,5
2992,110,101,9,9
2993,101,109,-8,8
2994,78,77,1,1
2995,121,107,14,14
2996,87,85,2,2
2997,81,87,-6,6
2998,70,71,-1,1
2999,142,133,9,9
3000,93,95,-2,2
3001,98,89,9,9
3002,125,122,3,3
3003,65,62,3,3
3004,126,125,1,1
3005,77,76,1,1
3006,79,83,-4,4
3007,85,88,-3,3
3008,65,62,3,3
3009,74,78,-4,4
3010,124,128,-4,4
3011,112,99,13,13
3012,99,103,-4,4
3013,73,65,8,8
3014,97,100,-3,3
3015,73,71,2,2
3016,58,78,-20,20
3017,172,162,10,10
3018,91,89,2,2
3019,67,66,1,1
3020,100,102,-2,2
3021,110,110,0,0
3022,58,63,-5,5
3023,96,99,-3,3
3024,69,79,-10,10
3025,91,92,-1,1
3026,64,66,-2,2
3027,71,75,-4,4
3028,49,66,-17,17
3029,88,95,-7,7
3030,147,124,23,23
3031,71,67,4,4
3032,117,112,5,5
3033,89,94,-5,5
3034,95,90,5,5
3035,78,81,-3,3
3036,82,95,-13,13
3037,72,78,-6,6
3038,137,119,18,18
3039,122,122,0,0
3040,115,107,8,8
3041,120,111,9,9
3042,119,122,-3,3
3043,84,82,2,2
3044,88,80,8,8
3045,60,60,0,0
3046,115,113,2,2
3047,81,77,4,4
3048,136,146,-10,10
3049,85,94,-9,9
3050,100,109,-9,9
3051,118,122,-4,4
3052,109,104,5,5
3053,61,76,-15,15
3054,105,104,1,1
3055,206,185,21,21
3056,112,108,4,4
3057,83,78,5,5
3058,181,180,1,1
3059,151,140,11,11
3060,104,105,-1,1
3061,83,100,-17,17
3062,109,100,9,9
3063,62,61,1,1
3064,76,77,-1,1
3065,86,95,-9,9
3066,127,115,12,12
3067,83,77,6,6
3068,122,110,12,12
3069,103,105,-2,2
3070,107,106,1,1
3071,94,92,2,2
3072,103,89,14,14
3073,72,66,6,6
3074,66,66,0,0
3075,70,85,-15,15
3076,54,53,1,1
3077,57,66,-9,9
3078,165,163,2,2
3079,125,117,8,8
3080,125,131,-6,6
3081,92,90,2,2
3082,53,50,3,3
3083,106,126,-20,20
3084,95,90,5,5
3085,94,88,6,6
3086,72,75,-3,3
3087,78,76,2,2
3088,113,113,0,0
3089,106,94,12,12
3090,101,99,2,2
3091,102,113,-11,11
3092,95,89,6,6
3093,69,72,-3,3
3094,74,66,8,8
3095,104,92,12,12
3096,78,78,0,0
3097,86,89,-3,3
3098,41,50,-9,9
3099,86,88,-2,2
3100,80,75,5,5
3101,182,164,18,18
3102,83,85,-2,2
3103,65,59,6,6
3104,81,73,8,8
3105,159,148,11,11
3106,103,100,3,3
3107,102,96,6,6
3108,60,55,5,5
3109,142,125,17,17
3110,62,63,-1,1
3111,129,124,5,5
3112,79,85,-6,6
3113,87,87,0,0
3114,127,115,12,12
3115,56,60,-4,4
3116,94,105,-11,11
3117,90,87,3,3
3118,62,68,-6,6
3119,60,66,-6,6
3120,110,134,-24,24
3121,98,100,-2,2
3122,58,61,-3,3
3123,88,88,0,0
3124,35,50,-15,15
3125,138,133,5,5
3126,73,74,-1,1
3127,99,81,18,18
3128,87,82,5,5
3129,69,70,-1,1
3130,102,92,10,10
3131,89,93,-4,4
3132,106,98,8,8
3133,116,113,3,3
3134,69,69,0,0
3135,75,70,5,5
3136,91,85,6,6
3137,67,66,1,1
3138,133,139,-6,6
3139,76,78,-2,2
3140,103,91,12,12
3141,71,62,9,9
3142,135,128,7,7
3143,99,101,-2,2
3144,104,100,4,4
3145,146,128,18,18
3146,57,52,5,5
3147,108,115,-7,7
3148,82,73,9,9
3149,106,97,9,9
3150,110,111,-1,1
3151,98,100,-2,2
3152,62,58,4,4
3153,102,103,-1,1
3154,130,130,0,0
3155,108,98,10,10
3156,61,64,-3,3
3157,73,86,-13,13
3158,54,56,-2,2
3159,63,55,8,8
3160,140,123,17,17
3161,47,117,-70,70
3162,68,78,-10,10
3163,134,123,11,11
3164,106,101,5,5
3165,72,72,0,0
3166,107,109,-2,2
3167,107,106,1,1
3168,53,55,-2,2
3169,112,105,7,7
3170,124,122,2,2
3171,103,99,4,4
3172,76,82,-6,6
3173,103,104,-1,1
3174,92,94,-2,2
3175,40,50,-10,10
3176,79,77,2,2
3177,83,91,-8,8
3178,77,76,1,1
3179,75,71,4,4
3180,63,56,7,7
3181,134,129,5,5
3182,66,67,-1,1
3183,173,169,4,4
3184,100,87,13,13
3185,119,101,18,18
3186,143,140,3,3
3187,61,68,-7,7
3188,59,61,-2,2
3189,91,97,-6,6
3190,61,59,2,2
3191,127,127,0,0
3192,164,160,4,4
3193,81,78,3,3
3194,136,128,8,8
3195,73,79,-6,6
3196,72,73,-1,1
3197,82,80,2,2
3198,79,78,1,1
3199,70,78,-8,8
3200,95,90,5,5
3201,63,63,0,0
3202,67,72,-5,5
3203,127,128,-1,1
3204,107,102,5,5
3205,58,59,-1,1
3206,91,93,-2,2
3207,60,55,5,5
3208,94,106,-12,12
3209,90,78,12,12
3210,49,59,-10,10
3211,94,115,-21,21
3212,68,62,6,6
3213,86,74,12,12
3214,107,93,14,14
3215,54,64,-10,10
3216,88,82,6,6
3217,69,72,-3,3
3218,85,80,5,5
3219,99,96,3,3
3220,116,125,-9,9
3221,113,108,5,5
3222,42,58,-16,16
3223,36,50,-14,14
3224,52,58,-6,6
3225,88,80,8,8
3226,62,65,-3,3
3227,87,78,9,9
3228,97,109,-12,12
3229,94,96,-2,2
3230,113,108,5,5
3231,168,156,12,12
3232,107,99,8,8
3233,130,126,4,4
3234,169,154,15,15
3235,84,89,-5,5
3236,151,124,27,27
3237,75,68,7,7
3238,73,71,2,2
3239,64,70,-6,6
3240,144,146,-2,2
3241,86,86,0,0
3242,91,87,4,4
3243,76,72,4,4
3244,112,115,-3,3
3245,46,70,-24,24
3246,51,62,-11,11
3247,116,107,9,9
3248,106,119,-13,13
3249,63,72,-9,9
3250,115,106,9,9
3251,151,160,-9,9
3252,70,64,6,6
3253,153,152,1,1
3254,66,62,4,4
3255,95,100,-5,5
3256,71,71,0,0
3257,75,74,1,1
3258,83,79,4,4
3259,75,65,10,10
3260,111,97,14,14
3261,95,97,-2,2
3262,133,116,17,17
3263,56,52,4,4
3264,42,51,-9,9
3265,61,66,-5,5
3266,72,71,1,1
3267,60,60,0,0
3268,95,87,8,8
3269,115,126,-11,11
3270,101,106,-5,5
3271,65,64,1,1
3272,100,109,-9,9
3273,69,71,-2,2
3274,81,78,3,3
3275,82,82,0,0
3276,107,103,4,4
3277,112,117,-5,5
3278,99,95,4,4
3279,75,74,1,1
3280,161,152,9,9
3281,76,72,4,4
3282,142,141,1,1
3283,111,101,10,10
3284,78,79,-1,1
3285,137,133,4,4
3286,40,50,-10,10
3287,65,69,-4,4
3288,88,92,-4,4
3289,103,87,16,16
3290,143,165,-22,22
3291,37,50,-13,13
3292,65,56,9,9
3293,90,84,6,6
3294,97,85,12,12
3295,107,104,3,3
3296,104,109,-5,5
3297,151,138,13,13
3298,98,98,0,0
3299,91,98,-7,7
3300,90,80,10,10
3301,79,85,-6,6
3302,62,57,5,5
3303,83,77,6,6
3304,102,108,-6,6
3305,92,99,-7,7
3306,48,54,-6,6
3307,103,101,2,2
3308,65,60,5,5
3309,84,84,0,0
3310,57,58,-1,1
3311,108,111,-3,3
3312,80,79,1,1
3313,66,82,-16,16
3314,106,115,-9,9
3315,52,56,-4,4
3316,107,117,-10,10
3317,107,96,11,11
3318,57,59,-2,2
3319,137,135,2,2
3320,69,70,-1,1
3321,90,83,7,7
3322,65,67,-2,2
3323,49,52,-3,3
3324,153,146,7,7
3325,119,114,5,5
3326,75,80,-5,5
3327,160,150,10,10
3328,140,140,0,0
3329,146,148,-2,2
3330,104,88,16,16
3331,94,98,-4,4
3332,60,55,5,5
3333,118,103,15,15
3334,71,69,2,2
3335,66,69,-3,3
3336,183,163,20,20
3337,103,93,10,10
3338,119,112,7,7
3339,107,117,-10,10
3340,92,86,6,6
3341,89,96,-7,7
3342,116,104,12,12
3343,84,78,6,6
3344,118,120,-2,2
3345,52,54,-2,2
3346,75,81,-6,6
3347,163,154,9,9
3348,96,94,2,2
3349,104,108,-4,4
3350,135,143,-8,8
3351,78,76,2,2
3352,127,118,9,9
3353,96,94,2,2
3354,123,106,17,17
3355,119,108,11,11
3356,83,87,-4,4
3357,107,107,0,0
3358,96,84,12,12
3359,105,101,4,4
3360,142,124,18,18
3361,67,71,-4,4
3362,67,76,-9,9
3363,126,119,7,7
3364,59,61,-2,2
3365,59,60,-1,1
3366,74,75,-1,1
3367,87,88,-1,1
3368,69,71,-2,2
3369,66,66,0,0
3370,117,105,12,12
3371,186,177,9,9
3372,63,65,-2,2
3373,125,124,1,1
3374,87,80,7,7
3375,97,100,-3,3
3376,96,89,7,7
3377,49,51,-2,2
3378,105,111,-6,6
3379,48,51,-3,3
3380,111,106,5,5
3381,98,101,-3,3
3382,123,111,12,12
3383,74,64,10,10
3384,55,54,1,1
3385,124,126,-2,2
3386,151,142,9,9
3387,54,55,-1,1
3388,44,51,-7,7
3389,78,84,-6,6
3390,141,145,-4,4
3391,85,92,-7,7
3392,40,70,-30,30
3393,77,72,5,5
3394,104,99,5,5
3395,71,66,5,5
3396,94,101,-7,7
3397,98,107,-9,9
3398,56,58,-2,2
3399,64,69,-5,5
3400,107,105,2,2
3401,58,62,-4,4
3402,40,50,-10,10
3403,107,94,13,13
3404,110,105,5,5
3405,124,111,13,13
3406,100,91,9,9
3407,88,96,-8,8
3408,131,108,23,23
3409,93,86,7,7
3410,134,131,3,3
3411,81,90,-9,9
3412,81,86,-5,5
3413,84,87,-3,3
3414,86,88,-2,2
3415,152,154,-2,2
3416,64,66,-2,2
3417,73,81,-8,8
3418,118,113,5,5
3419,73,63,10,10
3420,88,78,10,10
3421,112,123,-11,11
3422,141,137,4,4
3423,150,154,-4,4
3424,105,104,1,1
3425,163,154,9,9
3426,29,50,-21,21
3427,94,93,1,1
3428,67,71,-4,4
3429,98,116,-18,18
3430,89,89,0,0
3431,106,102,4,4
3432,100,99,1,1
3433,107,98,9,9
3434,64,67,-3,3
3435,45,55,-10,10
3436,77,80,-3,3
3437,144,129,15,15
3438,103,103,0,0
3439,67,105,-38,38
3440,38,50,-12,12
3441,116,110,6,6
3442,102,103,-1,1
3443,119,113,6,6
3444,88,89,-1,1
3445,111,107,4,4
3446,48,51,-3,3
3447,131,110,21,21
3448,86,84,2,2
3449,76,74,2,2
3450,80,85,-5,5
3451,99,94,5,5
3452,132,129,3,3
3453,91,105,-14,14
3454,105,103,2,2
3455,159,163,-4,4
3456,117,112,5,5
3457,142,145,-3,3
3458,69,63,6,6
3459,79,85,-6,6
3460,134,140,-6,6
3461,101,91,10,10
3462,94,91,3,3
3463,97,116,-19,19
3464,112,93,19,19
3465,70,65,5,5
3466,139,130,9,9
3467,120,110,10,10
3468,93,98,-5,5
3469,70,71,-1,1
3470,77,69,8,8
3471,91,90,1,1
3472,57,54,3,3
3473,75,83,-8,8
3474,64,61,3,3
3475,88,90,-2,2
3476,90,94,-4,4
3477,82,86,-4,4
3478,54,58,-4,4
3479,101,96,5,5
3480,102,107,-5,5
3481,92,91,1,1
3482,77,74,3,3
3483,76,78,-2,2
3484,109,119,-10,10
3485,48,55,-7,7
3486,86,85,1,1
3487,91,89,2,2
3488,60,56,4,4
3489,117,117,0,0
3490,121,123,-2,2
3491,129,137,-8,8
3492,90,98,-8,8
3493,106,82,24,24
3494,80,69,11,11
3495,129,111,18,18
3496,65,64,1,1
3497,48,52,-4,4
3498,104,100,4,4
3499,72,69,3,3
3500,69,69,0,0
3501,115,110,5,5
3502,147,163,-16,16
3503,83,85,-2,2
3504,96,96,0,0
3505,83,77,6,6
3506,106,104,2,2
3507,83,85,-2,2
3508,94,80,14,14
3509,101,84,17,17
3510,112,115,-3,3
3511,56,63,-7,7
3512,106,106,0,0
3513,93,84,9,9
3514,83,90,-7,7
3515,60,61,-1,1
3516,116,120,-4,4
3517,127,111,16,16
3518,65,67,-2,2
3519,134,135,-1,1
3520,45,55,-10,10
3521,74,81,-7,7
3522,107,108,-1,1
3523,97,98,-1,1
3524,145,140,5,5
3525,101,102,-1,1
3526,104,89,15,15
3527,90,92,-2,2
3528,98,96,2,2
3529,107,109,-2,2
3530,66,65,1,1
3531,76,83,-7,7
3532,39,50,-11,11
3533,89,87,2,2
3534,47,53,-6,6
3535,68,78,-10,10
3536,47,52,-5,5
3537,194,169,25,25
3538,107,116,-9,9
3539,155,147,8,8
3540,163,157,6,6
3541,93,84,9,9
3542,124,130,-6,6
3543,28,50,-22,22
3544,101,108,-7,7
3545,70,73,-3,3
3546,61,65,-4,4
3547,92,85,7,7
3548,78,83,-5,5
3549,51,56,-5,5
3550,99,98,1,1
3551,95,94,1,1
3552,137,121,16,16
3553,90,86,4,4
3554,84,90,-6,6
3555,72,77,-5,5
3556,83,91,-8,8
3557,94,95,-1,1
3558,86,82,4,4
3559,86,76,10,10
3560,87,91,-4,4
3561,104,112,-8,8
3562,58,59,-1,1
3563,50,61,-11,11
3564,44,52,-8,8
3565,83,82,1,1
3566,97,93,4,4
3567,146,131,15,15
3568,147,131,16,16
3569,107,105,2,2
3570,117,103,14,14
3571,152,155,-3,3
3572,130,116,14,14
3573,157,146,11,11
3574,268,241,27,27
3575,90,84,6,6
3576,101,105,-4,4
3577,73,72,1,1
3578,120,120,0,0
3579,86,85,1,1
3580,144,129,15,15
3581,97,94,3,3
3582,93,89,4,4
3583,49,52,-3,3
3584,97,100,-3,3
3585,99,89,10,10
3586,63,61,2,2
3587,135,123,12,12
3588,66,66,0,0
3589,71,69,2,2
3590,74,72,2,2
3591,160,144,16,16
3592,52,65,-13,13
3593,84,76,8,8
3594,127,130,-3,3
3595,82,84,-2,2
3596,80,85,-5,5
3597,108,110,-2,2
3598,104,112,-8,8
3599,106,100,6,6
3600,154,144,10,10
3601,54,57,-3,3
3602,91,100,-9,9
3603,115,130,-15,15
3604,98,102,-4,4
3605,117,119,-2,2
3606,46,51,-5,5
3607,93,96,-3,3
3608,50,53,-3,3
3609,110,151,-41,41
3610,101,99,2,2
3611,121,110,11,11
3612,129,135,-6,6
3613,123,109,14,14
3614,55,77,-22,22
3615,97,84,13,13
3616,102,101,1,1
3617,127,135,-8,8
3618,66,77,-11,11
3619,75,74,1,1
3620,125,133,-8,8
3621,75,65,10,10
3622,137,145,-8,8
3623,76,73,3,3
3624,80,67,13,13
3625,93,92,1,1
3626,213,207,6,6
3627,73,68,5,5
3628,99,95,4,4
3629,152,147,5,5
3630,110,112,-2,2
3631,53,60,-7,7
3632,83,75,8,8
3633,94,99,-5,5
3634,60,61,-1,1
3635,150,141,9,9
3636,146,130,16,16
3637,156,162,-6,6
3638,99,98,1,1
3639,66,61,5,5
3640,85,74,11,11
3641,68,83,-15,15
3642,174,163,11,11
3643,112,99,13,13
3644,102,105,-3,3
3645,96,95,1,1
3646,123,114,9,9
3647,62,67,-5,5
3648,42,51,-9,9
3649,84,76,8,8
3650,99,115,-16,16
3651,96,100,-4,4
3652,94,86,8,8
3653,88,77,11,11
3654,113,106,7,7
3655,136,138,-2,2
3656,51,57,-6,6
3657,82,90,-8,8
3658,103,91,12,12
3659,109,103,6,6
3660,39,50,-11,11
3661,66,59,7,7
3662,68,63,5,5
3663,97,89,8,8
3664,85,81,4,4
3665,123,115,8,8
3666,134,134,0,0
3667,171,162,9,9
3668,88,87,1,1
3669,83,74,9,9
3670,52,54,-2,2
3671,90,90,0,0
3672,75,73,2,2
3673,80,82,-2,2
3674,85,75,10,10
3675,113,125,-12,12
3676,85,69,16,16
3677,124,119,5,5
3678,126,116,10,10
3679,136,121,15,15
3680,111,111,0,0
3681,122,107,15,15
3682,84,84,0,0
3683,53,65,-12,12
3684,83,86,-3,3
3685,132,130,2,2
3686,133,133,0,0
3687,96,94,2,2
3688,53,54,-1,1
3689,87,99,-12,12
3690,63,60,3,3
3691,92,82,10,10
3692,73,81,-8,8
3693,142,132,10,10
3694,93,75,18,18
3695,69,64,5,5
3696,59,57,2,2
3697,120,125,-5,5
3698,52,52,0,0
3699,50,52,-2,2
3700,80,89,-9,9
3701,68,70,-2,2
3702,73,72,1,1
3703,245,201,44,44
3704,147,149,-2,2
3705,75,73,2,2
3706,59,63,-4,4
3707,84,78,6,6
3708,92,90,2,2
3709,146,136,10,10
3710,183,183,0,0
3711,64,69,-5,5
3712,101,85,16,16
3713,102,101,1,1
3714,117,111,6,6
3715,178,174,4,4
3716,143,123,20,20
3717,68,72,-4,4
3718,90,82,8,8
3719,48,51,-3,3
3720,74,72,2,2
3721,63,60,3,3
3722,74,75,-1,1
3723,83,87,-4,4
3724,89,97,-8,8
3725,112,104,8,8
3726,89,96,-7,7
3727,71,65,6,6
3728,72,74,-2,2
3729,66,62,4,4
3730,173,171,2,2
3731,139,138,1,1
3732,94,98,-4,4
3733,48,54,-6,6
3734,102,103,-1,1
3735,69,70,-1,1
3736,67,60,7,7
3737,91,90,1,1
3738,109,111,-2,2
3739,39,54,-15,15
3740,146,134,12,12
3741,103,104,-1,1
3742,149,150,-1,1
3743,78,69,9,9
3744,78,79,-1,1
3745,76,64,12,12
3746,81,86,-5,5
3747,155,151,4,4
3748,76,81,-5,5
3749,113,105,8,8
3750,87,85,2,2
3751,81,69,12,12
3752,82,86,-4,4
3753,107,112,-5,5
3754,148,143,5,5
3755,57,66,-9,9
3756,73,68,5,5
3757,112,102,10,10
3758,48,52,-4,4
3759,77,85,-8,8
3760,142,129,13,13
3761,142,125,17,17
3762,122,121,1,1
3763,67,63,4,4
3764,132,114,18,18
3765,134,149,-15,15
3766,96,84,12,12
3767,70,67,3,3
3768,84,84,0,0
3769,108,96,12,12
3770,159,152,7,7
3771,114,123,-9,9
3772,71,72,-1,1
3773,88,97,-9,9
3774,95,91,4,4
3775,36,50,-14,14
3776,99,104,-5,5
3777,54,56,-2,2
3778,148,136,12,12
3779,75,66,9,9
3780,64,75,-11,11
3781,170,165,5,5
3782,176,159,17,17
3783,143,129,14,14
3784,108,94,14,14
3785,94,165,-71,71
3786,102,116,-14,14
3787,92,98,-6,6
3788,132,130,2,2
3789,84,86,-2,2
3790,152,148,4,4
3791,94,83,11,11
3792,103,105,-2,2
3793,122,120,2,2
3794,79,84,-5,5
3795,81,66,15,15
3796,81,83,-2,2
3797,65,59,6,6
3798,90,78,12,12
3799,85,87,-2,2
3800,74,73,1,1
3801,110,107,3,3
3802,62,74,-12,12
3803,132,131,1,1
3804,94,91,3,3
3805,77,71,6,6
3806,69,79,-10,10
3807,90,84,6,6
3808,58,61,-3,3
3809,101,104,-3,3
3810,72,70,2,2
3811,49,64,-15,15
3812,120,123,-3,3
3813,60,72,-12,12
3814,140,152,-12,12
3815,53,54,-1,1
3816,66,64,2,2
3817,60,59,1,1
3818,103,106,-3,3
3819,92,95,-3,3
3820,158,138,20,20
3821,71,89,-18,18
3822,73,77,-4,4
3823,66,69,-3,3
3824,149,143,6,6
3825,146,140,6,6
3826,68,62,6,6
3827,108,107,1,1
3828,54,57,-3,3
3829,70,67,3,3
3830,98,96,2,2
3831,112,110,2,2
3832,64,60,4,4
3833,96,98,-2,2
3834,124,134,-10,10
3835,73,74,-1,1
3836,75,72,3,3
3837,97,95,2,2
3838,100,100,0,0
3839,153,168,-15,15
3840,145,144,1,1
3841,98,89,9,9
3842,114,97,17,17
3843,111,97,14,14
3844,68,75,-7,7
3845,60,62,-2,2
3846,87,100,-13,13
3847,74,60,14,14
3848,54,61,-7,7
3849,77,73,4,4
3850,63,60,3,3
3851,120,113,7,7
3852,107,94,13,13
3853,75,76,-1,1
3854,96,98,-2,2
3855,50,52,-2,2
3856,152,130,22,22
3857,133,127,6,6
3858,140,142,-2,2
3859,63,64,-1,1
3860,82,90,-8,8
3861,101,110,-9,9
3862,78,72,6,6
3863,101,96,5,5
3864,74,72,2,2
3865,104,100,4,4
3866,97,98,-1,1
3867,55,67,-12,12
3868,166,159,7,7
3869,110,103,7,7
3870,76,96,-20,20
3871,81,81,0,0
3872,128,123,5,5
3873,108,105,3,3
3874,68,66,2,2
3875,86,88,-2,2
3876,79,78,1,1
3877,65,64,1,1
3878,148,146,2,2
3879,165,149,16,16
3880,96,100,-4,4
3881,61,59,2,2
3882,86,75,11,11
3883,65,62,3,3
3884,124,131,-7,7
3885,94,89,5,5
3886,55,55,0,0
3887,71,70,1,1
3888,132,116,16,16
3889,55,55,0,0
3890,97,109,-12,12
3891,96,102,-6,6
3892,101,98,3,3
3893,100,87,13,13
3894,78,72,6,6
3895,132,134,-2,2
3896,73,76,-3,3
3897,93,79,14,14
3898,51,51,0,0
3899,136,133,3,3
3900,80,68,12,12
3901,159,164,-5,5
3902,151,140,11,11
3903,64,62,2,2
3904,75,77,-2,2
3905,151,130,21,21
3906,72,80,-8,8
3907,113,99,14,14
3908,88,90,-2,2
3909,93,91,2,2
3910,62,69,-7,7
3911,59,70,-11,11
3912,104,101,3,3
3913,133,125,8,8
3914,66,76,-10,10
3915,90,99,-9,9
3916,98,95,3,3
3917,181,143,38,38
3918,68,61,7,7
3919,81,77,4,4
3920,148,140,8,8
3921,92,80,12,12
3922,109,102,7,7
3923,176,169,7,7
3924,236,212,24,24
3925,112,105,7,7
3926,74,77,-3,3
3927,82,73,9,9
3928,78,75,3,3
3929,83,82,1,1
3930,89,91,-2,2
3931,95,93,2,2
3932,177,166,11,11
3933,53,60,-7,7
3934,94,102,-8,8
3935,104,100,4,4
3936,63,62,1,1
3937,94,91,3,3
3938,95,91,4,4
3939,122,112,10,10
3940,135,128,7,7
3941,170,151,19,19
3942,104,115,-11,11
3943,153,138,15,15
3944,70,93,-23,23
3945,124,111,13,13
3946,81,77,4,4
3947,143,135,8,8
3948,86,98,-12,12
3949,87,80,7,7
3950,92,97,-5,5
3951,111,106,5,5
3952,73,77,-4,4
3953,83,71,12,12
3954,117,110,7,7
3955,92,90,2,2
3956,70,78,-8,8
3957,107,105,2,2
3958,62,67,-5,5
3959,96,93,3,3
3960,93,91,2,2
3961,50,58,-8,8
3962,61,56,5,5
3963,118,122,-4,4
3964,117,113,4,4
3965,116,108,8,8
3966,183,165,18,18
3967,56,61,-5,5
3968,67,62,5,5
3969,81,74,7,7
3970,117,106,11,11
3971,98,93,5,5
3972,63,59,4,4
3973,62,58,4,4
3974,84,92,-8,8
3975,156,148,8,8
3976,105,94,11,11
3977,89,80,9,9
3978,132,133,-1,1
3979,106,106,0,0
3980,111,110,1,1
3981,150,155,-5,5
3982,95,102,-7,7
3983,20,50,-30,30
3984,99,98,1,1
3985,103,106,-3,3
3986,73,86,-13,13
3987,83,81,2,2
3988,69,64,5,5
3989,130,125,5,5
3990,106,102,4,4
3991,104,89,15,15
3992,125,131,-6,6
3993,121,101,20,20
3994,190,184,6,6
3995,116,117,-1,1
3996,87,105,-18,18
3997,71,72,-1,1
3998,71,79,-8,8
3999,146,151,-5,5
4000,97,99,-2,2
4001,98,94,4,4
4002,127,125,2,2
4003,74,73,1,1
4004,47,59,-12,12
4005,92,89,3,3
4006,82,77,5,5
4007,118,112,6,6
4008,137,116,21,21
4009,101,97,4,4
4010,51,55,-4,4
4011,88,94,-6,6
4012,177,154,23,23
4013,82,76,6,6
4014,90,93,-3,3
4015,99,92,7,7
4016,83,85,-2,2
4017,104,99,5,5
4018,83,75,8,8
4019,57,66,-9,9
4020,155,152,3,3
4021,107,99,8,8
4022,72,79,-7,7
4023,72,67,5,5
4024,102,101,1,1
4025,90,87,3,3
4026,111,102,9,9
4027,123,115,8,8
4028,46,51,-5,5
4029,81,81,0,0
4030,95,80,15,15
4031,125,118,7,7
4032,105,98,7,7
4033,74,73,1,1
4034,166,152,14,14
4035,96,96,0,0
4036,70,67,3,3
4037,56,62,-6,6
4038,66,62,4,4
4039,85,84,1,1
4040,46,51,-5,5
4041,47,71,-24,24
4042,68,73,-5,5
4043,130,128,2,2
4044,141,140,1,1
4045,95,97,-2,2
4046,111,101,10,10
4047,50,54,-4,4
4048,111,114,-3,3
4049,100,104,-4,4
4050,72,68,4,4
4051,80,82,-2,2
4052,120,107,13,13
4053,180,167,13,13
4054,39,50,-11,11
4055,103,111,-8,8
4056,95,94,1,1
4057,146,155,-9,9
4058,110,106,4,4
4059,48,50,-2,2
4060,83,98,-15,15
4061,66,79,-13,13
4062,86,89,-3,3
4063,79,73,6,6
4064,113,118,-5,5
4065,114,108,6,6
4066,86,74,12,12
4067,165,157,8,8
4068,69,79,-10,10
4069,124,124,0,0
4070,103,109,-6,6
4071,76,84,-8,8
4072,118,118,0,0
4073,157,149,8,8
4074,107,103,4,4
4075,170,145,25,25
4076,58,58,0,0
4077,59,61,-2,2
4078,124,114,10,10
4079,142,123,19,19
4080,105,120,-15,15
4081,116,113,3,3
4082,140,136,4,4
4083,92,87,5,5
4084,130,133,-3,3
4085,113,110,3,3
4086,129,140,-11,11
4087,73,84,-11,11
4088,100,102,-2,2
4089,87,96,-9,9
4090,75,68,7,7
4091,87,92,-5,5
4092,113,97,16,16
4093,64,67,-3,3
4094,83,80,3,3
4095,75,74,1,1
4096,124,126,-2,2
4097,87,85,2,2
4098,63,67,-4,4
4099,78,72,6,6
4100,86,89,-3,3
4101,104,113,-9,9
4102,95,94,1,1
4103,119,124,-5,5
4104,99,105,-6,6
4105,54,59,-5,5
4106,73,71,2,2
4107,71,67,4,4
4108,83,80,3,3
4109,182,152,30,30
4110,74,85,-11,11
4111,133,130,3,3
4112,80,73,7,7
4113,98,105,-7,7
4114,98,102,-4,4
4115,96,92,4,4
4116,84,69,15,15
4117,199,203,-4,4
4118,153,139,14,14
4119,121,131,-10,10
4120,104,115,-11,11
4121,79,85,-6,6
4122,109,95,14,14
4123,74,78,-4,4
4124,48,55,-7,7
4125,127,124,3,3
4126,77,81,-4,4
4127,57,63,-6,6
4128,88,83,5,5
4129,76,67,9,9
4130,120,119,1,1
4131,86,93,-7,7
4132,62,69,-7,7
4133,60,59,1,1
4134,83,80,3,3
4135,90,92,-2,2
4136,69,69,0,0
4137,65,66,-1,1
4138,97,94,3,3
4139,107,102,5,5
4140,131,134,-3,3
4141,118,109,9,9
4142,107,127,-20,20
4143,72,79,-7,7
4144,153,147,6,6
4145,83,80,3,3
4146,55,59,-4,4
4147,106,105,1,1
4148,97,102,-5,5
4149,176,169,7,7
4150,139,127,12,12
4151,84,95,-11,11
4152,112,102,10,10
4153,58,66,-8,8
4154,119,115,4,4
4155,75,77,-2,2
4156,155,158,-3,3
4157,71,61,10,10
4158,150,135,15,15
4159,94,96,-2,2
4160,54,60,-6,6
4161,70,74,-4,4
4162,125,116,9,9
4163,36,50,-14,14
4164,78,81,-3,3
4165,96,94,2,2
4166,100,96,4,4
4167,106,103,3,3
4168,129,118,11,11
4169,39,51,-12,12
4170,44,52,-8,8
4171,97,94,3,3
4172,80,88,-8,8
4173,52,54,-2,2
4174,102,99,3,3
4175,101,95,6,6
4176,90,90,0,0
4177,151,146,5,5
4178,82,80,2,2
4179,117,111,6,6
4180,63,75,-12,12
4181,135,134,1,1
4182,71,67,4,4
4183,96,109,-13,13
4184,123,119,4,4
4185,75,73,2,2
4186,60,64,-4,4
4187,103,107,-4,4
4188,59,58,1,1
4189,116,132,-16,16
4190,92,90,2,2
4191,76,68,8,8
4192,53,50,3,3
4193,107,111,-4,4
4194,70,71,-1,1
4195,101,97,4,4
4196,88,84,4,4
4197,84,86,-2,2
4198,26,57,-31,31
4199,107,111,-4,4
4200,121,120,1,1
4201,66,68,-2,2
4202,75,84,-9,9
4203,140,144,-4,4
4204,87,82,5,5
4205,57,52,5,5
4206,100,97,3,3
4207,183,161,22,22
4208,131,131,0,0
4209,98,127,-29,29
4210,70,73,-3,3
4211,80,76,4,4
4212,112,115,-3,3
4213,164,172,-8,8
4214,112,101,11,11
4215,49,53,-4,4
4216,69,75,-6,6
4217,64,75,-11,11
4218,78,83,-5,5
4219,116,127,-11,11
4220,113,105,8,8
4221,123,125,-2,2
4222,101,106,-5,5
4223,100,106,-6,6
4224,84,80,4,4
4225,114,109,5,5
4226,109,98,11,11
4227,52,51,1,1
4228,115,106,9,9
4229,106,106,0,0
4230,93,90,3,3
4231,69,75,-6,6
4232,149,142,7,7
4233,87,84,3,3
4234,103,98,5,5
4235,106,109,-3,3
4236,76,93,-17,17
4237,124,133,-9,9
4238,115,121,-6,6
4239,82,79,3,3
4240,152,155,-3,3
4241,138,132,6,6
4242,196,183,13,13
4243,133,113,20,20
4244,146,143,3,3
4245,105,111,-6,6
4246,92,102,-10,10
4247,71,66,5,5
4248,97,102,-5,5
4249,70,71,-1,1
4250,107,116,-9,9
4251,80,83,-3,3
4252,63,76,-13,13
4253,75,74,1,1
4254,75,78,-3,3
4255,75,78,-3,3
4256,104,92,12,12
4257,152,139,13,13
4258,71,65,6,6
4259,107,100,7,7
4260,161,153,8,8
4261,71,77,-6,6
4262,91,85,6,6
4263,98,91,7,7
4264,108,106,2,2
4265,78,73,5,5
4266,116,117,-1,1
4267,108,96,12,12
4268,81,80,1,1
4269,65,73,-8,8
4270,111,113,-2,2
4271,70,65,5,5
4272,55,59,-4,4
4273,102,98,4,4
4274,102,102,0,0
4275,56,58,-2,2
4276,100,88,12,12
4277,47,50,-3,3
4278,145,138,7,7
4279,108,102,6,6
4280,143,136,7,7
4281,123,120,3,3
4282,172,163,9,9
4283,60,66,-6,6
4284,105,101,4,4
4285,46,66,-20,20
4286,80,64,16,16
4287,114,116,-2,2
4288,189,185,4,4
4289,82,74,8,8
4290,126,123,3,3
4291,157,145,12,12
4292,147,173,-26,26
4293,27,83,-56,56
4294,79,73,6,6
4295,75,74,1,1
4296,65,60,5,5
4297,68,63,5,5
4298,126,122,4,4
4299,133,132,1,1
4300,101,90,11,11
4301,80,77,3,3
4302,103,97,6,6
4303,95,92,3,3
4304,103,102,1,1
4305,113,108,5,5
4306,42,51,-9,9
4307,85,89,-4,4
4308,82,81,1,1
4309,104,103,1,1
4310,85,74,11,11
4311,107,86,21,21
4312,78,72,6,6
4313,66,66,0,0
4314,108,107,1,1
4315,90,98,-8,8
4316,88,93,-5,5
4317,59,60,-1,1
4318,79,70,9,9
4319,69,69,0,0
4320,135,129,6,6
4321,96,112,-16,16
4322,148,146,2,2
4323,31,50,-19,19
4324,65,85,-20,20
4325,86,83,3,3
4326,47,52,-5,5
4327,83,79,4,4
4328,170,178,-8,8
4329,63,64,-1,1
4330,110,105,5,5
4331,182,166,16,16
4332,141,141,0,0
4333,94,97,-3,3
4334,81,82,-1,1
4335,87,90,-3,3
4336,131,130,1,1
4337,117,104,13,13
4338,64,57,7,7
4339,150,166,-16,16
4340,93,97,-4,4
4341,88,86,2,2
4342,90,93,-3,3
4343,86,87,-1,1
4344,96,110,-14,14
4345,173,160,13,13
4346,104,101,3,3
4347,44,53,-9,9
4348,81,74,7,7
4349,71,64,7,7
4350,77,63,14,14
4351,82,73,9,9
4352,196,181,15,15
4353,126,123,3,3
4354,100,100,0,0
4355,159,146,13,13
4356,61,71,-10,10
4357,54,58,-4,4
4358,73,67,6,6
4359,73,80,-7,7
4360,88,80,8,8
4361,136,131,5,5
4362,94,94,0,0
4363,164,176,-12,12
4364,100,102,-2,2
4365,126,119,7,7
4366,50,53,-3,3
4367,79,84,-5,5
4368,94,113,-19,19
4369,110,118,-8,8
4370,144,142,2,2
4371,62,57,5,5
4372,92,96,-4,4
4373,59,63,-4,4
4374,279,240,39,39
4375,149,140,9,9
4376,61,78,-17,17
4377,72,87,-15,15
4378,64,67,-3,3
4379,142,139,3,3
4380,56,54,2,2
4381,140,146,-6,6
4382,221,198,23,23
4383,111,98,13,13
4384,93,88,5,5
4385,110,112,-2,2
4386,83,73,10,10
4387,65,73,-8,8
4388,154,150,4,4
4389,92,90,2,2
4390,144,135,9,9
4391,102,101,1,1
4392,131,122,9,9
4393,98,92,6,6
4394,104,99,5,5
4395,95,97,-2,2
4396,108,112,-4,4
4397,89,88,1,1
4398,139,146,-7,7
4399,116,106,10,10
4400,58,61,-3,3
4401,140,141,-1,1
4402,89,93,-4,4
4403,103,103,0,0
4404,67,82,-15,15
4405,62,59,3,3
4406,162,158,4,4
4407,77,72,5,5
4408,99,102,-3,3
4409,92,79,13,13
4410,105,103,2,2
4411,99,95,4,4
4412,82,96,-14,14
4413,139,126,13,13
4414,99,96,3,3
4415,82,85,-3,3
4416,95,98,-3,3
4417,101,97,4,4
4418,85,89,-4,4
4419,102,101,1,1
4420,133,135,-2,2
4421,76,74,2,2
4422,126,125,1,1
4423,101,98,3,3
4424,119,103,16,16
4425,152,154,-2,2
4426,136,119,17,17
4427,87,90,-3,3
4428,116,101,15,15
4429,60,63,-3,3
4430,96,96,0,0
4431,76,79,-3,3
4432,128,123,5,5
4433,85,86,-1,1
4434,84,89,-5,5
4435,153,137,16,16
4436,72,64,8,8
4437,73,67,6,6
4438,108,95,13,13
4439,73,74,-1,1
4440,94,91,3,3
4441,86,78,8,8
4442,89,81,8,8
4443,56,58,-2,2
4444,195,179,16,16
4445,70,68,2,2
4446,64,64,0,0
4447,96,88,8,8
4448,103,110,-7,7
4449,131,125,6,6
4450,93,90,3,3
4451,122,124,-2,2
4452,54,57,-3,3
4453,67,78,-11,11
4454,66,60,6,6
4455,110,113,-3,3
4456,108,104,4,4
4457,119,123,-4,4
4458,80,67,13,13
4459,60,67,-7,7
4460,88,84,4,4
4461,123,108,15,15
4462,59,60,-1,1
4463,103,92,11,11
4464,93,95,-2,2
4465,90,87,3,3
4466,157,150,7,7
4467,94,91,3,3
4468,79,73,6,6
4469,131,130,1,1
4470,50,62,-12,12
4471,111,107,4,4
4472,106,108,-2,2
4473,104,105,-1,1
4474,94,100,-6,6
4475,71,62,9,9
4476,168,150,18,18
4477,102,116,-14,14
4478,58,59,-1,1
4479,49,51,-2,2
4480,96,88,8,8
4481,74,77,-3,3
4482,135,134,1,1
4483,171,156,15,15
4484,70,73,-3,3
4485,118,123,-5,5
4486,90,80,10,10
4487,101,117,-16,16
4488,97,96,1,1
4489,107,102,5,5
4490,87,82,5,5
4491,43,50,-7,7
4492,79,75,4,4
4493,106,99,7,7
4494,39,50,-11,11
4495,178,162,16,16
4496,74,83,-9,9
4497,36,50,-14,14
4498,68,68,0,0
4499,114,107,7,7
4500,80,83,-3,3
4501,109,121,-12,12
4502,128,117,11,11
4503,87,99,-12,12
4504,110,105,5,5
4505,100,92,8,8
4506,128,131,-3,3
4507,136,134,2,2
4508,129,126,3,3
4509,122,121,1,1
4510,102,102,0,0
4511,109,106,3,3
4512,58,61,-3,3
4513,122,115,7,7
4514,90,86,4,4
4515,57,54,3,3
4516,107,103,4,4
4517,168,163,5,5
4518,98,98,0,0
4519,120,111,9,9
4520,74,74,0,0
4521,88,85,3,3
4522,96,86,10,10
4523,64,68,-4,4
4524,55,57,-2,2
4525,94,93,1,1
4526,148,133,15,15
4527,92,105,-13,13
4528,95,105,-10,10
4529,110,105,5,5
4530,83,74,9,9
4531,139,134,5,5
4532,108,95,13,13
4533,78,78,0,0
4534,78,78,0,0
4535,98,97,1,1
4536,104,99,5,5
4537,68,63,5,5
4538,103,104,-1,1
4539,66,56,10,10
4540,100,98,2,2
4541,123,118,5,5
4542,74,90,-16,16
4543,136,124,12,12
4544,47,51,-4,4
4545,92,93,-1,1
4546,122,113,9,9
4547,125,130,-5,5
4548,122,106,16,16
4549,61,60,1,1
4550,82,101,-19,19
4551,112,106,6,6
4552,48,57,-9,9
4553,146,152,-6,6
4554,67,57,10,10
4555,115,111,4,4
4556,165,166,-1,1
4557,87,95,-8,8
4558,40,50,-10,10
4559,55,54,1,1
4560,127,115,12,12
4561,70,71,-1,1
4562,99,105,-6,6
4563,45,52,-7,7
4564,95,89,6,6
4565,80,82,-2,2
4566,47,52,-5,5
4567,99,114,-15,15
4568,118,118,0,0
4569,104,104,0,0
4570,75,76,-1,1
4571,90,88,2,2
4572,82,82,0,0
4573,163,147,16,16
4574,93,86,7,7
4575,166,177,-11,11
4576,69,71,-2,2
4577,122,136,-14,14
4578,148,150,-2,2
4579,56,57,-1,1
4580,66,61,5,5
4581,83,91,-8,8
4582,63,61,2,2
4583,108,102,6,6
4584,123,104,19,19
4585,161,169,-8,8
4586,83,104,-21,21
4587,49,50,-1,1
4588,78,78,0,0
4589,101,103,-2,2
4590,38,52,-14,14
4591,98,93,5,5
4592,174,151,23,23
4593,75,93,-18,18
4594,56,57,-1,1
4595,138,128,10,10
4596,38,50,-12,12
4597,51,53,-2,2
4598,69,63,6,6
4599,98,101,-3,3
4600,87,87,0,0
4601,88,87,1,1
4602,156,154,2,2
4603,140,132,8,8
4604,92,94,-2,2
4605,49,55,-6,6
4606,82,85,-3,3
4607,217,249,-32,32
4608,99,101,-2,2
4609,110,102,8,8
4610,79,82,-3,3
4611,69,64,5,5
4612,87,74,13,13
4613,84,80,4,4
4614,77,72,5,5
4615,78,72,6,6
4616,100,105,-5,5
4617,112,106,6,6
4618,130,121,9,9
4619,137,118,19,19
4620,125,115,10,10
4621,86,90,-4,4
4622,152,141,11,11
4623,96,99,-3,3
4624,111,111,0,0
4625,99,106,-7,7
4626,56,55,1,1
4627,211,210,1,1
4628,109,115,-6,6
4629,137,136,1,1
4630,74,78,-4,4
4631,120,123,-3,3
4632,81,85,-4,4
4633,71,70,1,1
4634,88,83,5,5
4635,111,105,6,6
4636,197,190,7,7
4637,85,80,5,5
4638,112,112,0,0
4639,44,65,-21,21
4640,86,90,-4,4
4641,72,78,-6,6
4642,59,60,-1,1
4643,82,91,-9,9
4644,69,65,4,4
4645,91,85,6,6
4646,142,140,2,2
4647,84,68,16,16
4648,81,83,-2,2
4649,101,99,2,2
4650,190,168,22,22
4651,107,99,8,8
4652,119,122,-3,3
4653,77,77,0,0
4654,152,146,6,6
4655,64,57,7,7
4656,77,80,-3,3
4657,51,51,0,0
4658,77,79,-2,2
4659,84,87,-3,3
4660,60,58,2,2
4661,107,104,3,3
4662,87,103,-16,16
4663,116,128,-12,12
4664,160,138,22,22
4665,116,116,0,0
4666,84,76,8,8
4667,113,114,-1,1
4668,105,104,1,1
4669,55,51,4,4
4670,91,93,-2,2
4671,113,102,11,11
4672,62,55,7,7
4673,75,72,3,3
4674,45,51,-6,6
4675,177,159,18,18
4676,131,135,-4,4
4677,112,108,4,4
4678,127,129,-2,2
4679,146,121,25,25
4680,138,134,4,4
4681,93,98,-5,5
4682,65,69,-4,4
4683,168,170,-2,2
4684,112,125,-13,13
4685,149,136,13,13
4686,140,145,-5,5
4687,94,94,0,0
4688,141,136,5,5
4689,75,80,-5,5
4690,134,125,9,9
4691,95,87,8,8
4692,119,102,17,17
4693,95,100,-5,5
4694,65,65,0,0
4695,95,101,-6,6
4696,97,97,0,0
4697,132,132,0,0
4698,87,87,0,0
4699,124,110,14,14
4700,115,117,-2,2
4701,45,50,-5,5
4702,110,102,8,8
4703,57,60,-3,3
4704,126,104,22,22
4705,50,51,-1,1
4706,132,129,3,3
4707,71,67,4,4
4708,88,81,7,7
4709,91,101,-10,10
4710,79,75,4,4
4711,47,50,-3,3
4712,103,110,-7,7
4713,38,50,-12,12
4714,68,64,4,4
4715,130,124,6,6
4716,157,153,4,4
4717,99,97,2,2
4718,62,57,5,5
4719,79,76,3,3
4720,74,77,-3,3
4721,154,137,17,17
4722,36,57,-21,21
4723,81,81,0,0
4724,69,64,5,5
4725,39,51,-12,12
4726,106,105,1,1
4727,141,128,13,13
4728,71,69,2,2
4729,108,103,5,5
4730,142,132,10,10
4731,43,52,-9,9
4732,109,116,-7,7
4733,72,75,-3,3
4734,110,101,9,9
4735,84,94,-10,10
4736,88,82,6,6
4737,156,146,10,10
4738,106,113,-7,7
4739,160,155,5,5
4740,105,102,3,3
4741,231,218,13,13
4742,111,101,10,10
4743,53,57,-4,4
4744,124,129,-5,5
4745,105,106,-1,1
4746,144,143,1,1
4747,83,89,-6,6
4748,81,81,0,0
4749,96,96,0,0
4750,143,136,7,7
4751,118,107,11,11
4752,77,79,-2,2
4753,116,118,-2,2
4754,116,77,39,39
4755,76,77,-1,1
4756,73,74,-1,1
4757,92,84,8,8
4758,89,84,5,5
4759,58,56,2,2
4760,70,67,3,3
4761,134,128,6,6
4762,73,81,-8,8
4763,139,130,9,9
4764,59,64,-5,5
4765,59,57,2,2
4766,72,72,0,0
4767,81,81,0,0
4768,96,90,6,6
4769,190,172,18,18
4770,131,120,11,11
4771,188,188,0,0
4772,141,151,-10,10
4773,103,100,3,3
4774,65,79,-14,14
4775,86,83,3,3
4776,64,66,-2,2
4777,115,119,-4,4
4778,58,65,-7,7
4779,150,139,11,11
4780,70,73,-3,3
4781,91,90,1,1
4782,104,100,4,4
4783,78,81,-3,3
4784,57,58,-1,1
4785,117,109,8,8
4786,82,82,0,0
4787,50,56,-6,6
4788,76,79,-3,3
4789,64,63,1,1
4790,140,137,3,3
4791,88,94,-6,6
4792,41,50,-9,9
4793,56,70,-14,14
4794,161,165,-4,4
4795,107,88,19,19
4796,94,96,-2,2
4797,71,62,9,9
4798,163,145,18,18
4799,99,93,6,6
4800,30,50,-20,20
4801,99,87,12,12
4802,161,137,24,24
4803,82,84,-2,2
4804,92,89,3,3
4805,152,133,19,19
4806,131,111,20,20
4807,99,93,6,6
4808,50,52,-2,2
4809,80,87,-7,7
4810,99,96,3,3
4811,69,66,3,3
4812,67,77,-10,10
4813,143,121,22,22
4814,68,69,-1,1
4815,65,68,-3,3
4816,94,94,0,0
4817,55,56,-1,1
4818,94,92,2,2
4819,45,52,-7,7
4820,140,137,3,3
4821,65,62,3,3
4822,62,59,3,3
4823,94,99,-5,5
4824,129,122,7,7
4825,123,122,1,1
4826,80,78,2,2
4827,86,79,7,7
4828,112,117,-5,5
4829,89,85,4,4
4830,72,69,3,3
4831,65,69,-4,4
4832,90,91,-1,1
4833,71,76,-5,5
4834,107,110,-3,3
4835,140,134,6,6
4836,57,59,-2,2
4837,104,104,0,0
4838,56,62,-6,6
4839,103,102,1,1
4840,104,102,2,2
4841,78,78,0,0
4842,126,118,8,8
4843,101,95,6,6
4844,85,90,-5,5
4845,72,62,10,10
4846,57,59,-2,2
4847,51,59,-8,8
4848,102,107,-5,5
4849,85,88,-3,3
4850,71,66,5,5
4851,87,82,5,5
4852,74,76,-2,2
4853,104,103,1,1
4854,102,105,-3,3
4855,181,166,15,15
4856,130,128,2,2
4857,75,87,-12,12
4858,102,102,0,0
4859,56,64,-8,8
4860,72,73,-1,1
4861,90,93,-3,3
4862,66,73,-7,7
4863,82,77,5,5
4864,139,154,-15,15
4865,97,83,14,14
4866,83,86,-3,3
4867,71,82,-11,11
4868,81,72,9,9
4869,80,70,10,10
4870,152,150,2,2
4871,54,55,-1,1
4872,51,54,-3,3
4873,142,124,18,18
4874,134,140,-6,6
4875,253,272,-19,19
4876,85,98,-13,13
4877,274,230,44,44
4878,180,158,22,22
4879,85,88,-3,3
4880,68,77,-9,9
4881,126,121,5,5
4882,147,137,10,10
4883,67,65,2,2
4884,58,62,-4,4
4885,146,144,2,2
4886,170,174,-4,4
4887,80,87,-7,7
4888,117,117,0,0
4889,72,70,2,2
4890,52,58,-6,6
4891,92,92,0,0
4892,88,86,2,2
4893,106,107,-1,1
4894,93,90,3,3
4895,151,147,4,4
4896,90,86,4,4
4897,71,67,4,4
4898,63,67,-4,4
4899,171,154,17,17
4900,83,67,16,16
4901,125,118,7,7
4902,123,113,10,10
4903,119,112,7,7
4904,100,95,5,5
4905,97,109,-12,12
4906,82,75,7,7
4907,104,110,-6,6
4908,84,80,4,4
4909,133,135,-2,2
4910,66,67,-1,1
4911,328,280,48,48
4912,66,66,0,0
4913,129,120,9,9
4914,60,63,-3,3
4915,107,121,-14,14
4916,88,79,9,9
4917,92,108,-16,16
4918,97,81,16,16
4919,95,98,-3,3
4920,176,160,16,16
4921,93,91,2,2
4922,124,126,-2,2
4923,80,74,6,6
4924,117,119,-2,2
4925,92,87,5,5
4926,137,117,20,20
4927,160,151,9,9
4928,114,111,3,3
4929,78,69,9,9
4930,73,72,1,1
4931,62,59,3,3
4932,85,89,-4,4
4933,52,57,-5,5
4934,53,58,-5,5
4935,98,73,25,25
4936,92,95,-3,3
4937,100,102,-2,2
4938,114,108,6,6
4939,139,138,1,1
4940,76,81,-5,5
4941,119,111,8,8
4942,41,51,-10,10
4943,53,52,1,1
4944,268,266,2,2
4945,66,60,6,6
4946,130,118,12,12
4947,115,112,3,3
4948,157,162,-5,5
4949,50,55,-5,5
4950,75,75,0,0
4951,79,74,5,5
4952,85,82,3,3
4953,42,65,-23,23
4954,85,79,6,6
4955,95,95,0,0
4956,72,78,-6,6
4957,90,102,-12,12
4958,81,76,5,5
4959,109,111,-2,2
4960,146,155,-9,9
4961,131,118,13,13
4962,138,127,11,11
4963,32,50,-18,18
4964,86,87,-1,1
4965,76,75,1,1
4966,73,83,-10,10
4967,132,126,6,6
4968,136,133,3,3
4969,36,50,-14,14
4970,40,51,-11,11
4971,62,58,4,4
4972,99,107,-8,8
4973,63,76,-13,13
4974,90,81,9,9
4975,63,74,-11,11
4976,63,65,-2,2
4977,73,80,-7,7
4978,73,74,-1,1
4979,120,120,0,0
4980,161,149,12,12
4981,74,71,3,3
4982,74,60,14,14
4983,49,53,-4,4
4984,157,140,17,17
4985,123,119,4,4
4986,91,84,7,7
4987,115,101,14,14
4988,85,87,-2,2
4989,66,68,-2,2
4990,102,95,7,7
4991,98,96,2,2
4992,100,95,5,5
4993,105,121,-16,16
4994,84,93,-9,9
4995,95,87,8,8
4996,108,96,12,12
4997,62,56,6,6
4998,116,118,-2,2
4999,79,72,7,7
5000,73,64,9,9
5001,50,59,-9,9
5002,97,91,6,6
5003,145,130,15,15
5004,152,136,16,16
5005,134,123,11,11
5006,110,102,8,8
5007,114,109,5,5
5008,72,63,9,9
5009,113,109,4,4
5010,58,68,-10,10
5011,50,51,-1,1
5012,29,50,-21,21
5013,71,70,1,1
5014,90,96,-6,6
5015,140,130,10,10
5016,123,115,8,8
5017,131,125,6,6
5018,50,52,-2,2
5019,82,81,1,1
5020,77,82,-5,5
5021,98,89,9,9
5022,83,75,8,8
5023,88,77,11,11
5024,122,112,10,10
5025,87,83,4,4
5026,107,105,2,2
5027,75,81,-6,6
5028,89,91,-2,2
5029,124,127,-3,3
5030,105,103,2,2
5031,62,58,4,4
5032,125,108,17,17
5033,94,93,1,1
5034,91,96,-5,5
5035,74,87,-13,13
5036,82,92,-10,10
5037,60,58,2,2
5038,69,68,1,1
5039,132,124,8,8
5040,76,73,3,3
5041,169,169,0,0
5042,101,100,1,1
5043,167,162,5,5
5044,79,81,-2,2
5045,78,90,-12,12
5046,61,59,2,2
5047,137,121,16,16
5048,116,102,14,14
5049,77,82,-5,5
5050,76,77,-1,1
5051,157,165,-8,8
5052,90,99,-9,9
5053,79,70,9,9
5054,131,117,14,14
5055,118,111,7,7
5056,110,96,14,14
5057,151,134,17,17
5058,159,160,-1,1
5059,95,100,-5,5
5060,78,73,5,5
5061,107,113,-6,6
5062,131,127,4,4
5063,87,93,-6,6
5064,42,50,-8,8
5065,66,67,-1,1
5066,101,103,-2,2
5067,140,135,5,5
5068,66,60,6,6
5069,43,50,-7,7
5070,100,97,3,3
5071,120,105,15,15
5072,76,61,15,15
5073,121,129,-8,8
5074,78,77,1,1
5075,121,119,2,2
5076,51,56,-5,5
5077,101,104,-3,3
5078,136,135,1,1
5079,107,118,-11,11
5080,106,109,-3,3
5081,116,108,8,8
5082,89,88,1,1
5083,65,66,-1,1
5084,154,143,11,11
5085,130,126,4,4
5086,98,86,12,12
5087,75,90,-15,15
5088,81,82,-1,1
5089,82,87,-5,5
5090,86,89,-3,3
5091,93,94,-1,1
5092,73,78,-5,5
5093,76,80,-4,4
5094,166,165,1,1
5095,98,96,2,2
5096,120,105,15,15
5097,67,69,-2,2
5098,81,78,3,3
5099,170,164,6,6
5100,40,54,-14,14
5101,101,97,4,4
5102,80,80,0,0
5103,121,105,16,16
5104,58,54,4,4
5105,115,108,7,7
5106,63,61,2,2
5107,87,89,-2,2
5108,148,151,-3,3
5109,102,100,2,2
5110,79,76,3,3
5111,118,107,11,11
5112,92,92,0,0
5113,110,110,0,0
5114,131,129,2,2
5115,139,149,-10,10
5116,68,74,-6,6
5117,122,125,-3,3
5118,140,127,13,13
5119,124,118,6,6
5120,103,92,11,11
5121,59,74,-15,15
5122,80,83,-3,3
5123,131,122,9,9
5124,104,99,5,5
5125,155,144,11,11
5126,89,92,-3,3
5127,68,84,-16,16
5128,79,77,2,2
5129,110,108,2,2
5130,54,55,-1,1
5131,121,134,-13,13
5132,101,101,0,0
5133,109,114,-5,5
5134,100,97,3,3
5135,132,131,1,1
5136,71,74,-3,3
5137,89,91,-2,2
5138,92,92,0,0
5139,91,90,1,1
5140,117,106,11,11
5141,100,95,5,5
5142,118,107,11,11
5143,160,135,25,25
5144,121,110,11,11
5145,88,95,-7,7
5146,152,150,2,2
5147,56,55,1,1
5148,51,71,-20,20
5149,110,93,17,17
5150,79,83,-4,4
5151,68,79,-11,11
5152,52,55,-3,3
5153,129,132,-3,3
5154,81,73,8,8
5155,39,50,-11,11
5156,55,111,-56,56
5157,53,59,-6,6
5158,92,93,-1,1
5159,72,72,0,0
5160,103,104,-1,1
5161,141,128,13,13
5162,82,86,-4,4
5163,69,72,-3,3
5164,168,164,4,4
5165,65,67,-2,2
5166,76,80,-4,4
5167,104,102,2,2
5168,89,91,-2,2
5169,101,104,-3,3
5170,53,59,-6,6
5171,105,102,3,3
5172,90,81,9,9
5173,116,110,6,6
5174,137,131,6,6
5175,126,113,13,13
5176,43,50,-7,7
5177,65,72,-7,7
5178,76,76,0,0
5179,104,97,7,7
5180,88,82,6,6
5181,75,71,4,4
5182,82,81,1,1
5183,40,63,-23,23
5184,77,76,1,1
5185,66,66,0,0
5186,154,140,14,14
5187,86,83,3,3
5188,112,121,-9,9
5189,93,95,-2,2
5190,130,149,-19,19
5191,177,166,11,11
5192,148,140,8,8
5193,80,83,-3,3
5194,58,54,4,4
5195,115,106,9,9
5196,118,111,7,7
5197,66,63,3,3
5198,161,155,6,6
5199,80,83,-3,3
5200,105,99,6,6
5201,56,54,2,2
5202,66,66,0,0
5203,93,92,1,1
5204,105,99,6,6
5205,96,95,1,1
5206,62,62,0,0
5207,68,78,-10,10
5208,83,79,4,4
5209,110,106,4,4
5210,109,108,1,1
5211,147,133,14,14
5212,68,63,5,5
5213,121,109,12,12
5214,128,134,-6,6
5215,136,131,5,5
5216,110,101,9,9
5217,84,76,8,8
5218,93,88,5,5
5219,68,71,-3,3
5220,88,87,1,1
5221,89,92,-3,3
5222,134,134,0,0
5223,128,125,3,3
5224,79,77,2,2
5225,66,64,2,2
5226,58,52,6,6
5227,58,74,-16,16
5228,69,66,3,3
5229,56,55,1,1
5230,85,87,-2,2
5231,73,75,-2,2
5232,97,92,5,5
5233,100,82,18,18
5234,82,71,11,11
5235,65,65,0,0
5236,90,98,-8,8
5237,66,79,-13,13
5238,58,56,2,2
5239,62,99,-37,37
5240,50,54,-4,4
5241,84,80,4,4
5242,82,84,-2,2
5243,147,152,-5,5
5244,91,82,9,9
5245,95,91,4,4
5246,121,118,3,3
5247,56,59,-3,3
5248,54,53,1,1
5249,103,99,4,4
5250,86,74,12,12
5251,85,81,4,4
5252,97,79,18,18
5253,92,77,15,15
5254,59,60,-1,1
5255,115,114,1,1
5256,116,113,3,3
5257,101,99,2,2
5258,120,95,25,25
5259,164,146,18,18
5260,55,51,4,4
5261,91,95,-4,4
5262,75,82,-7,7
5263,121,120,1,1
5264,57,57,0,0
5265,38,58,-20,20
5266,92,85,7,7
5267,67,66,1,1
5268,120,116,4,4
5269,83,83,0,0
5270,138,138,0,0
5271,169,155,14,14
5272,59,67,-8,8
5273,47,53,-6,6
5274,46,53,-7,7
5275,123,128,-5,5
5276,142,136,6,6
5277,80,85,-5,5
5278,31,50,-19,19
5279,128,127,1,1
5280,112,99,13,13
5281,98,107,-9,9
5282,55,61,-6,6
5283,110,97,13,13
5284,91,96,-5,5
5285,112,93,19,19
5286,115,117,-2,2
5287,73,63,10,10
5288,106,105,1,1
5289,93,88,5,5
5290,166,165,1,1
5291,128,136,-8,8
5292,112,107,5,5
5293,89,80,9,9
5294,74,73,1,1
5295,106,120,-14,14
5296,72,73,-1,1
5297,78,78,0,0
5298,92,91,1,1
5299,140,127,13,13
5300,103,96,7,7
5301,102,111,-9,9
5302,63,77,-14,14
5303,169,155,14,14
5304,78,76,2,2
5305,132,128,4,4
5306,50,65,-15,15
5307,127,116,11,11
5308,138,112,26,26
5309,61,56,5,5
5310,87,90,-3,3
5311,109,112,-3,3
5312,77,78,-1,1
5313,92,104,-12,12
5314,84,78,6,6
5315,140,125,15,15
5316,79,85,-6,6
5317,87,81,6,6
5318,76,78,-2,2
5319,54,52,2,2
5320,77,88,-11,11
5321,28,58,-30,30
5322,85,66,19,19
5323,41,50,-9,9
5324,78,83,-5,5
5325,117,107,10,10
5326,99,98,1,1
5327,130,128,2,2
5328,58,62,-4,4
5329,76,73,3,3
5330,72,78,-6,6
5331,72,66,6,6
5332,130,119,11,11
5333,85,89,-4,4
5334,74,76,-2,2
5335,117,107,10,10
5336,105,111,-6,6
5337,114,112,2,2
5338,94,97,-3,3
5339,127,123,4,4
5340,100,93,7,7
5341,100,103,-3,3
5342,114,105,9,9
5343,137,142,-5,5
5344,141,131,10,10
5345,186,174,12,12
5346,49,54,-5,5
5347,71,74,-3,3
5348,144,139,5,5
5349,108,86,22,22
5350,102,89,13,13
5351,129,124,5,5
5352,123,116,7,7
5353,48,52,-4,4
5354,70,66,4,4
5355,81,83,-2,2
5356,72,78,-6,6
5357,76,76,0,0
5358,114,122,-8,8
5359,130,124,6,6
5360,113,121,-8,8
5361,57,58,-1,1
5362,77,80,-3,3
5363,117,113,4,4
5364,79,72,7,7
5365,87,94,-7,7
5366,99,100,-1,1
5367,211,197,14,14
5368,92,84,8,8
5369,119,109,10,10
5370,54,59,-5,5
5371,111,102,9,9
5372,67,65,2,2
5373,185,188,-3,3
5374,68,79,-11,11
5375,190,167,23,23
5376,124,119,5,5
5377,80,86,-6,6
5378,78,72,6,6
5379,92,104,-12,12
5380,70,70,0,0
5381,51,63,-12,12
5382,89,92,-3,3
5383,82,87,-5,5
5384,83,80,3,3
5385,204,186,18,18
5386,114,106,8,8
5387,62,64,-2,2
5388,100,86,14,14
5389,143,160,-17,17
5390,89,83,6,6
5391,123,131,-8,8
5392,150,144,6,6
5393,135,111,24,24
5394,114,118,-4,4
5395,94,99,-5,5
5396,158,150,8,8
5397,58,65,-7,7
5398,94,101,-7,7
5399,59,59,0,0
5400,81,95,-14,14
5401,70,68,2,2
5402,79,79,0,0
5403,49,55,-6,6
5404,85,78,7,7
5405,85,83,2,2
5406,55,53,2,2
5407,97,100,-3,3
5408,95,94,1,1
5409,129,124,5,5
5410,53,60,-7,7
5411,109,112,-3,3
5412,92,91,1,1
5413,122,99,23,23
5414,102,103,-1,1
5415,98,109,-11,11
5416,68,76,-8,8
5417,108,103,5,5
5418,92,84,8,8
5419,95,91,4,4
5420,65,62,3,3
5421,27,50,-23,23
5422,62,66,-4,4
5423,109,107,2,2
5424,72,71,1,1
5425,58,55,3,3
5426,121,109,12,12
5427,101,95,6,6
5428,63,68,-5,5
5429,38,50,-12,12
5430,145,137,8,8
5431,103,105,-2,2
5432,215,232,-17,17
5433,122,113,9,9
5434,90,95,-5,5
5435,67,65,2,2
5436,98,103,-5,5
5437,106,115,-9,9
5438,119,120,-1,1
5439,93,93,0,0
5440,48,60,-12,12
5441,87,85,2,2
5442,108,114,-6,6
5443,72,66,6,6
5444,124,118,6,6
5445,114,109,5,5
5446,43,50,-7,7
5447,109,104,5,5
5448,99,104,-5,5
5449,116,109,7,7
5450,72,90,-18,18
5451,122,131,-9,9
5452,98,95,3,3
5453,144,151,-7,7
5454,78,71,7,7
5455,70,64,6,6
5456,114,104,10,10
5457,137,134,3,3
5458,113,103,10,10
5459,115,102,13,13
5460,85,85,0,0
5461,63,60,3,3
5462,114,118,-4,4
5463,88,87,1,1
5464,125,114,11,11
5465,116,116,0,0
5466,150,115,35,35
5467,78,79,-1,1
5468,75,74,1,1
5469,81,88,-7,7
5470,116,130,-14,14
5471,64,61,3,3
5472,93,94,-1,1
5473,96,89,7,7
5474,147,150,-3,3
5475,77,75,2,2
5476,139,138,1,1
5477,64,60,4,4
5478,82,77,5,5
5479,70,69,1,1
5480,142,135,7,7
5481,99,92,7,7
5482,64,64,0,0
5483,80,87,-7,7
5484,69,61,8,8
5485,64,66,-2,2
5486,99,101,-2,2
5487,120,104,16,16
5488,80,76,4,4
5489,145,146,-1,1
5490,161,153,8,8
5491,86,92,-6,6
5492,123,123,0,0
5493,91,88,3,3
5494,147,138,9,9
5495,92,87,5,5
5496,79,83,-4,4
5497,144,130,14,14
5498,72,70,2,2
5499,91,101,-10,10
5500,162,157,5,5
5501,76,83,-7,7
5502,82,84,-2,2
5503,63,70,-7,7
5504,71,72,-1,1
5505,74,74,0,0
5506,152,140,12,12
5507,102,104,-2,2
5508,70,64,6,6
5509,46,52,-6,6
5510,85,95,-10,10
5511,81,83,-2,2
5512,85,87,-2,2
5513,108,96,12,12
5514,124,119,5,5
5515,81,86,-5,5
5516,97,123,-26,26
5517,137,137,0,0
5518,125,116,9,9
5519,90,97,-7,7
5520,83,81,2,2
5521,89,90,-1,1
5522,124,111,13,13
5523,101,90,11,11
5524,103,103,0,0
5525,61,59,2,2
5526,85,75,10,10
5527,102,104,-2,2
5528,83,99,-16,16
5529,91,94,-3,3
5530,131,105,26,26
5531,150,139,11,11
5532,107,107,0,0
5533,115,114,1,1
5534,126,122,4,4
5535,129,125,4,4
5536,95,91,4,4
5537,143,130,13,13
5538,115,117,-2,2
5539,85,82,3,3
5540,164,157,7,7
5541,95,93,2,2
5542,137,144,-7,7
5543,121,114,7,7
5544,83,83,0,0
5545,115,121,-6,6
5546,154,159,-5,5
5547,115,114,1,1
5548,88,81,7,7
5549,116,117,-1,1
5550,119,96,23,23
5551,30,50,-20,20
5552,100,91,9,9
5553,132,137,-5,5
5554,186,171,15,15
5555,82,87,-5,5
5556,176,143,33,33
5557,107,102,5,5
5558,89,79,10,10
5559,94,94,0,0
5560,51,51,0,0
5561,138,140,-2,2
5562,78,79,-1,1
5563,59,61,-2,2
5564,58,54,4,4
5565,67,64,3,3
5566,79,73,6,6
5567,54,56,-2,2
5568,62,60,2,2
5569,83,80,3,3
5570,75,80,-5,5
5571,115,111,4,4
5572,114,114,0,0
5573,126,112,14,14
5574,88,100,-12,12
5575,69,61,8,8
5576,38,56,-18,18
5577,71,68,3,3
5578,66,63,3,3
5579,62,60,2,2
5580,75,65,10,10
5581,59,54,5,5
5582,97,106,-9,9
5583,81,91,-10,10
5584,69,80,-11,11
5585,81,74,7,7
5586,101,104,-3,3
5587,97,92,5,5
5588,60,68,-8,8
5589,119,113,6,6
5590,113,130,-17,17
5591,130,115,15,15
5592,61,68,-7,7
5593,166,157,9,9
5594,51,53,-2,2
5595,140,136,4,4
5596,109,111,-2,2
5597,115,119,-4,4
5598,112,104,8,8
5599,89,86,3,3
5600,65,64,1,1
5601,97,99,-2,2
5602,81,84,-3,3
5603,59,59,0,0
5604,52,53,-1,1
5605,74,87,-13,13
5606,76,79,-3,3
5607,111,78,33,33
5608,112,110,2,2
5609,66,65,1,1
5610,96,89,7,7
5611,61,63,-2,2
5612,162,151,11,11
5613,120,111,9,9
5614,68,83,-15,15
5615,61,74,-13,13
5616,110,108,2,2
5617,114,118,-4,4
5618,41,50,-9,9
5619,63,53,10,10
5620,77,74,3,3
5621,92,85,7,7
5622,80,79,1,1
5623,40,50,-10,10
5624,56,60,-4,4
5625,72,73,-1,1
5626,123,111,12,12
5627,77,75,2,2
5628,107,106,1,1
5629,112,111,1,1
5630,72,77,-5,5
5631,99,104,-5,5
5632,118,111,7,7
5633,77,71,6,6
5634,139,133,6,6
5635,84,84,0,0
5636,62,65,-3,3
5637,100,98,2,2
5638,80,77,3,3
5639,91,96,-5,5
5640,113,106,7,7
5641,45,50,-5,5
5642,71,60,11,11
5643,122,106,16,16
5644,53,55,-2,2
5645,78,89,-11,11
5646,65,70,-5,5
5647,40,53,-13,13
5648,136,124,12,12
5649,120,112,8,8
5650,104,112,-8,8
5651,85,82,3,3
5652,89,88,1,1
5653,84,90,-6,6
5654,80,90,-10,10
5655,119,122,-3,3
5656,105,100,5,5
5657,61,68,-7,7
5658,53,61,-8,8
5659,69,68,1,1
5660,83,78,5,5
5661,122,99,23,23
5662,88,88,0,0
5663,88,80,8,8
5664,104,106,-2,2
5665,94,90,4,4
5666,133,127,6,6
5667,53,63,-10,10
5668,73,77,-4,4
5669,92,90,2,2
5670,92,88,4,4
5671,91,88,3,3
5672,82,85,-3,3
5673,87,92,-5,5
5674,135,126,9,9
5675,126,124,2,2
5676,94,90,4,4
5677,55,55,0,0
5678,104,96,8,8
5679,127,123,4,4
5680,135,133,2,2
5681,145,130,15,15
5682,99,100,-1,1
5683,96,102,-6,6
5684,103,88,15,15
5685,32,50,-18,18
5686,74,78,-4,4
5687,109,96,13,13
5688,59,62,-3,3
5689,101,97,4,4
5690,69,65,4,4
5691,71,86,-15,15
5692,101,93,8,8
5693,129,130,-1,1
5694,114,113,1,1
5695,73,73,0,0
5696,179,157,22,22
5697,81,81,0,0
5698,127,118,9,9
5699,129,131,-2,2
5700,57,52,5,5
5701,50,53,-3,3
5702,80,67,13,13
5703,116,113,3,3
5704,93,85,8,8
5705,164,139,25,25
5706,43,52,-9,9
5707,96,108,-12,12
5708,88,77,11,11
5709,66,60,6,6
5710,97,99,-2,2
5711,86,86,0,0
5712,83,92,-9,9
5713,87,84,3,3
5714,61,64,-3,3
5715,81,84,-3,3
5716,164,155,9,9
5717,138,128,10,10
5718,115,117,-2,2
5719,86,88,-2,2
5720,118,141,-23,23
5721,67,65,2,2
5722,87,92,-5,5
5723,74,66,8,8
5724,51,59,-8,8
5725,67,63,4,4
5726,84,78,6,6
5727,94,86,8,8
5728,69,67,2,2
5729,115,120,-5,5
5730,48,54,-6,6
5731,77,72,5,5
5732,81,80,1,1
5733,110,117,-7,7
5734,74,90,-16,16
5735,54,62,-8,8
5736,84,88,-4,4
5737,70,74,-4,4
5738,64,67,-3,3
5739,80,88,-8,8
5740,78,72,6,6
5741,83,95,-12,12
5742,81,79,2,2
5743,34,50,-16,16
5744,149,160,-11,11
5745,50,53,-3,3
5746,57,57,0,0
5747,75,76,-1,1
5748,139,125,14,14
5749,48,51,-3,3
5750,61,62,-1,1
5751,96,89,7,7
5752,64,58,6,6
5753,90,86,4,4
5754,81,78,3,3
5755,119,125,-6,6
5756,129,127,2,2
5757,111,115,-4,4
5758,79,80,-1,1
5759,107,100,7,7
5760,77,81,-4,4
5761,67,65,2,2
5762,103,91,12,12
5763,60,62,-2,2
5764,115,116,-1,1
5765,62,55,7,7
5766,71,77,-6,6
5767,67,77,-10,10
5768,46,53,-7,7
5769,52,53,-1,1
5770,55,58,-3,3
5771,95,89,6,6
5772,119,104,15,15
5773,156,159,-3,3
5774,89,80,9,9
5775,130,113,17,17
5776,149,140,9,9
5777,53,65,-12,12
5778,103,100,3,3
5779,181,160,21,21
5780,88,87,1,1
5781,91,89,2,2
5782,79,70,9,9
5783,64,75,-11,11
5784,85,91,-6,6
5785,45,50,-5,5
5786,72,69,3,3
5787,118,111,7,7
5788,54,53,1,1
5789,98,98,0,0
5790,79,85,-6,6
5791,63,63,0,0
5792,27,50,-23,23
5793,142,133,9,9
5794,67,67,0,0
5795,146,138,8,8
5796,80,87,-7,7
5797,68,79,-11,11
5798,92,97,-5,5
5799,48,54,-6,6
5800,117,101,16,16
5801,98,98,0,0
5802,73,73,0,0
5803,84,84,0,0
5804,95,93,2,2
5805,120,120,0,0
5806,151,162,-11,11
5807,50,52,-2,2
5808,93,91,2,2
5809,150,146,4,4
5810,65,81,-16,16
5811,76,80,-4,4
5812,69,71,-2,2
5813,91,90,1,1
5814,81,86,-5,5
5815,92,88,4,4
5816,127,146,-19,19
5817,100,94,6,6
5818,98,98,0,0
5819,109,101,8,8
5820,69,72,-3,3
5821,94,100,-6,6
5822,156,142,14,14
5823,82,94,-12,12
5824,62,74,-12,12
5825,56,57,-1,1
5826,44,51,-7,7
5827,134,98,36,36
5828,75,70,5,5
5829,88,91,-3,3
5830,63,67,-4,4
5831,106,109,-3,3
5832,121,107,14,14
5833,94,100,-6,6
5834,89,96,-7,7
5835,45,54,-9,9
5836,76,80,-4,4
5837,85,87,-2,2
5838,129,133,-4,4
5839,113,111,2,2
5840,127,119,8,8
5841,129,145,-16,16
5842,92,90,2,2
5843,60,58,2,2
5844,91,75,16,16
5845,90,85,5,5
5846,143,138,5,5
5847,79,76,3,3
5848,118,162,-44,44
5849,65,65,0,0
5850,88,79,9,9
5851,102,105,-3,3
5852,67,65,2,2
5853,104,96,8,8
5854,164,157,7,7
5855,145,138,7,7
5856,51,51,0,0
5857,35,50,-15,15
5858,125,121,4,4
5859,78,81,-3,3
5860,110,107,3,3
5861,133,131,2,2
5862,92,94,-2,2
5863,89,95,-6,6
5864,66,63,3,3
5865,96,98,-2,2
5866,74,72,2,2
5867,21,50,-29,29
5868,52,55,-3,3
5869,49,53,-4,4
5870,133,140,-7,7
5871,56,60,-4,4
5872,48,52,-4,4
5873,53,51,2,2
5874,86,84,2,2
5875,81,92,-11,11
5876,139,139,0,0
5877,111,123,-12,12
5878,118,123,-5,5
5879,61,59,2,2
5880,88,99,-11,11
5881,58,60,-2,2
5882,91,87,4,4
5883,110,107,3,3
5884,118,99,19,19
5885,109,101,8,8
5886,52,55,-3,3
5887,69,74,-5,5
5888,144,126,18,18
5889,87,83,4,4
5890,153,134,19,19
5891,49,56,-7,7
5892,106,110,-4,4
5893,85,86,-1,1
5894,95,92,3,3
5895,99,98,1,1
5896,154,152,2,2
5897,64,80,-16,16
5898,74,71,3,3
5899,94,87,7,7
5900,83,72,11,11
5901,66,69,-3,3
5902,48,53,-5,5
5903,87,98,-11,11
5904,28,51,-23,23
5905,63,58,5,5
5906,117,112,5,5
5907,169,163,6,6
5908,54,52,2,2
5909,118,114,4,4
5910,77,72,5,5
5911,87,91,-4,4
5912,259,230,29,29
5913,116,121,-5,5
5914,141,134,7,7
5915,63,70,-7,7
5916,194,178,16,16
5917,58,71,-13,13
5918,117,112,5,5
5919,101,97,4,4
5920,128,125,3,3
5921,99,87,12,12
5922,122,108,14,14
5923,146,138,8,8
5924,117,105,12,12
5925,85,90,-5,5
5926,156,149,7,7
5927,85,82,3,3
5928,149,155,-6,6
5929,62,68,-6,6
5930,133,132,1,1
5931,76,80,-4,4
5932,67,66,1,1
5933,125,146,-21,21
5934,73,67,6,6
5935,106,90,16,16
5936,98,98,0,0
5937,113,110,3,3
5938,151,151,0,0
5939,91,88,3,3
5940,115,124,-9,9
5941,99,105,-6,6
5942,51,55,-4,4
5943,102,114,-12,12
5944,123,111,12,12
5945,71,64,7,7
5946,116,116,0,0
5947,118,116,2,2
5948,151,159,-8,8
5949,93,81,12,12
5950,77,79,-2,2
5951,52,51,1,1
5952,88,84,4,4
5953,56,58,-2,2
5954,152,161,-9,9
5955,129,129,0,0
5956,75,80,-5,5
5957,98,96,2,2
5958,149,151,-2,2
5959,73,69,4,4
5960,96,110,-14,14
5961,145,149,-4,4
5962,88,81,7,7
5963,159,146,13,13
5964,178,162,16,16
5965,81,87,-6,6
5966,142,130,12,12
5967,97,87,10,10
5968,145,141,4,4
5969,91,90,1,1
5970,85,70,15,15
5971,87,74,13,13
5972,90,76,14,14
5973,68,67,1,1
5974,94,90,4,4
5975,101,93,8,8
5976,92,79,13,13
5977,71,78,-7,7
5978,113,113,0,0
5979,102,97,5,5
5980,114,117,-3,3
5981,97,94,3,3
5982,47,55,-8,8
5983,60,62,-2,2
5984,135,131,4,4
5985,58,55,3,3
5986,206,181,25,25
5987,68,70,-2,2
5988,42,51,-9,9
5989,73,59,14,14
5990,83,75,8,8
5991,72,69,3,3
5992,111,76,35,35
5993,58,53,5,5
5994,130,140,-10,10
5995,111,110,1,1
5996,140,149,-9,9
5997,95,98,-3,3
5998,96,94,2,2
5999,91,84,7,7
6000,79,76,3,3
6001,74,72,2,2
6002,169,150,19,19
6003,117,119,-2,2
6004,78,59,19,19
6005,115,119,-4,4
6006,44,50,-6,6
6007,103,115,-12,12
6008,78,98,-20,20
6009,49,53,-4,4
6010,126,129,-3,3
6011,93,85,8,8
6012,140,139,1,1
6013,85,87,-2,2
6014,116,126,-10,10
6015,83,75,8,8
6016,96,105,-9,9
6017,143,131,12,12
6018,74,74,0,0
6019,92,95,-3,3
6020,63,54,9,9
6021,49,59,-10,10
6022,144,143,1,1
6023,54,54,0,0
6024,116,164,-48,48
6025,66,75,-9,9
6026,56,58,-2,2
6027,56,86,-30,30
6028,107,111,-4,4
6029,140,134,6,6
6030,92,96,-4,4
6031,76,78,-2,2
6032,90,94,-4,4
6033,138,139,-1,1
6034,71,62,9,9
6035,89,102,-13,13
6036,66,56,10,10
6037,60,60,0,0
6038,116,123,-7,7
6039,179,179,0,0
6040,90,78,12,12
6041,116,122,-6,6
6042,89,91,-2,2
6043,95,90,5,5
6044,85,77,8,8
6045,53,54,-1,1
6046,166,163,3,3
6047,43,50,-7,7
6048,119,124,-5,5
6049,105,118,-13,13
6050,121,113,8,8
6051,73,72,1,1
6052,67,62,5,5
6053,119,118,1,1
6054,106,107,-1,1
6055,72,63,9,9
6056,75,71,4,4
6057,70,76,-6,6
6058,143,132,11,11
6059,83,77,6,6
6060,83,74,9,9
6061,46,60,-14,14
6062,47,50,-3,3
6063,119,115,4,4
6064,108,99,9,9
6065,43,64,-21,21
6066,64,62,2,2
6067,83,85,-2,2
6068,141,134,7,7
6069,107,103,4,4
6070,35,56,-21,21
6071,119,117,2,2
6072,88,81,7,7
6073,77,81,-4,4
6074,75,72,3,3
6075,140,132,8,8
6076,66,65,1,1
6077,121,128,-7,7
6078,47,56,-9,9
6079,68,73,-5,5
6080,112,107,5,5
6081,178,165,13,13
6082,87,92,-5,5
6083,164,146,18,18
6084,79,80,-1,1
6085,71,70,1,1
6086,111,129,-18,18
6087,78,85,-7,7
6088,160,168,-8,8
6089,98,97,1,1
6090,115,161,-46,46
6091,95,106,-11,11
6092,65,65,0,0
6093,159,159,0,0
6094,85,87,-2,2
6095,69,65,4,4
6096,116,115,1,1
6097,55,59,-4,4
6098,96,97,-1,1
6099,94,85,9,9
6100,72,67,5,5
6101,94,83,11,11
6102,124,132,-8,8
6103,62,64,-2,2
6104,79,72,7,7
6105,146,132,14,14
6106,42,51,-9,9
6107,85,81,4,4
6108,100,85,15,15
6109,131,112,19,19
6110,72,79,-7,7
6111,49,53,-4,4
6112,116,107,9,9
6113,102,101,1,1
6114,135,131,4,4
6115,138,129,9,9
6116,40,57,-17,17
6117,104,103,1,1
6118,99,96,3,3
6119,50,51,-1,1
6120,108,103,5,5
6121,106,105,1,1
6122,93,87,6,6
6123,155,153,2,2
6124,127,122,5,5
6125,78,75,3,3
6126,87,89,-2,2
6127,73,74,-1,1
6128,92,92,0,0
6129,86,83,3,3
6130,117,114,3,3
6131,65,59,6,6
6132,44,50,-6,6
6133,142,134,8,8
6134,83,91,-8,8
6135,104,96,8,8
6136,119,99,20,20
6137,112,109,3,3
6138,96,84,12,12
6139,58,64,-6,6
6140,44,51,-7,7
6141,107,110,-3,3
6142,115,115,0,0
6143,87,92,-5,5
6144,102,101,1,1
6145,89,85,4,4
6146,119,115,4,4
6147,101,100,1,1
6148,55,57,-2,2
6149,92,85,7,7
6150,108,99,9,9
6151,57,58,-1,1
6152,119,113,6,6
6153,133,129,4,4
6154,80,85,-5,5
6155,66,67,-1,1
6156,114,106,8,8
6157,111,116,-5,5
6158,140,133,7,7
6159,108,83,25,25
6160,89,97,-8,8
6161,88,81,7,7
6162,76,83,-7,7
6163,80,82,-2,2
6164,98,87,11,11
6165,73,73,0,0
6166,136,127,9,9
6167,50,52,-2,2
6168,88,100,-12,12
6169,69,70,-1,1
6170,151,142,9,9
6171,66,59,7,7
6172,73,68,5,5
6173,65,60,5,5
6174,72,74,-2,2
6175,52,54,-2,2
6176,108,89,19,19
6177,86,82,4,4
6178,34,53,-19,19
6179,183,183,0,0
6180,54,52,2,2
6181,122,126,-4,4
6182,64,63,1,1
6183,75,76,-1,1
6184,105,94,11,11
6185,65,68,-3,3
6186,84,94,-10,10
6187,101,102,-1,1
6188,117,112,5,5
6189,148,146,2,2
6190,66,64,2,2
6191,106,114,-8,8
6192,147,129,18,18
6193,108,111,-3,3
6194,133,104,29,29
6195,42,50,-8,8
6196,67,60,7,7
6197,117,109,8,8
6198,127,134,-7,7
6199,84,82,2,2
6200,72,66,6,6
6201,77,73,4,4
6202,83,75,8,8
6203,77,90,-13,13
6204,133,130,3,3
6205,61,67,-6,6
6206,75,82,-7,7
6207,81,80,1,1
6208,95,91,4,4
6209,115,111,4,4
6210,106,94,12,12
6211,85,74,11,11
6212,89,89,0,0
6213,103,98,5,5
6214,78,74,4,4
6215,83,82,1,1
6216,128,114,14,14
6217,64,68,-4,4
6218,87,84,3,3
6219,108,97,11,11
6220,108,108,0,0
6221,77,74,3,3
6222,65,73,-8,8
6223,56,57,-1,1
6224,69,62,7,7
6225,83,83,0,0
6226,93,98,-5,5
6227,85,85,0,0
6228,177,174,3,3
6229,52,53,-1,1
6230,35,50,-15,15
6231,128,116,12,12
6232,98,95,3,3
6233,83,79,4,4
6234,67,63,4,4
6235,102,104,-2,2
6236,115,115,0,0
6237,103,99,4,4
6238,99,101,-2,2
6239,100,98,2,2
6240,148,128,20,20
6241,67,64,3,3
6242,131,128,3,3
6243,76,75,1,1
6244,91,92,-1,1
6245,110,87,23,23
6246,133,132,1,1
6247,77,96,-19,19
6248,151,147,4,4
6249,130,134,-4,4
6250,80,86,-6,6
6251,86,89,-3,3
6252,117,127,-10,10
6253,72,70,2,2
6254,104,106,-2,2
6255,108,100,8,8
6256,103,105,-2,2
6257,57,61,-4,4
6258,30,50,-20,20
6259,70,70,0,0
6260,93,103,-10,10
6261,75,70,5,5
6262,46,53,-7,7
6263,169,133,36,36
6264,88,86,2,2
6265,71,78,-7,7
6266,97,99,-2,2
6267,133,122,11,11
6268,77,81,-4,4
6269,93,96,-3,3
6270,52,64,-12,12
6271,124,137,-13,13
6272,60,92,-32,32
6273,53,59,-6,6
6274,98,98,0,0
6275,105,91,14,14
6276,92,88,4,4
6277,106,101,5,5
6278,55,58,-3,3
6279,94,95,-1,1
6280,94,86,8,8
6281,67,67,0,0
6282,109,99,10,10
6283,61,64,-3,3
6284,49,57,-8,8
6285,99,94,5,5
6286,109,100,9,9
6287,73,68,5,5
6288,107,103,4,4
6289,82,79,3,3
6290,122,118,4,4
6291,50,51,-1,1
6292,102,95,7,7
6293,99,96,3,3
6294,40,50,-10,10
6295,61,55,6,6
6296,94,98,-4,4
6297,55,59,-4,4
6298,66,62,4,4
6299,58,65,-7,7
6300,139,150,-11,11
6301,104,89,15,15
6302,74,72,2,2
6303,77,69,8,8
6304,77,68,9,9
6305,91,90,1,1
6306,74,70,4,4
6307,63,62,1,1
6308,56,56,0,0
6309,103,113,-10,10
6310,83,84,-1,1
6311,69,73,-4,4
6312,165,150,15,15
6313,109,107,2,2
6314,93,81,12,12
6315,123,123,0,0
6316,142,138,4,4
6317,71,64,7,7
6318,102,99,3,3
6319,81,83,-2,2
6320,178,155,23,23
6321,75,66,9,9
6322,68,71,-3,3
6323,135,123,12,12
6324,103,105,-2,2
6325,108,107,1,1
6326,62,77,-15,15
6327,95,101,-6,6
6328,114,106,8,8
6329,120,117,3,3
6330,124,125,-1,1
6331,90,91,-1,1
6332,29,53,-24,24
6333,69,74,-5,5
6334,61,70,-9,9
6335,85,79,6,6
6336,83,93,-10,10
6337,122,111,11,11
6338,148,142,6,6
6339,108,98,10,10
6340,96,101,-5,5
6341,75,75,0,0
6342,101,111,-10,10
6343,81,76,5,5
6344,98,102,-4,4
6345,95,91,4,4
6346,100,95,5,5
6347,96,101,-5,5
6348,161,171,-10,10
6349,84,79,5,5
6350,55,55,0,0
6351,59,61,-2,2
6352,124,124,0,0
6353,137,137,0,0
6354,118,117,1,1
6355,144,122,22,22
6356,182,173,9,9
6357,126,117,9,9
6358,127,110,17,17
6359,111,107,4,4
6360,92,91,1,1
6361,106,104,2,2
6362,74,78,-4,4
6363,68,84,-16,16
6364,108,115,-7,7
6365,95,89,6,6
6366,103,102,1,1
6367,81,83,-2,2
6368,86,90,-4,4
6369,170,154,16,16
6370,50,52,-2,2
6371,51,56,-5,5
6372,94,85,9,9
6373,146,157,-11,11
6374,74,77,-3,3
6375,100,93,7,7
6376,128,111,17,17
6377,74,66,8,8
6378,108,100,8,8
6379,77,82,-5,5
6380,63,66,-3,3
6381,50,51,-1,1
6382,109,101,8,8
6383,52,56,-4,4
6384,68,79,-11,11
6385,90,98,-8,8
6386,80,88,-8,8
6387,55,65,-10,10
6388,103,91,12,12
6389,84,88,-4,4
6390,90,79,11,11
6391,66,72,-6,6
6392,167,159,8,8
6393,82,83,-1,1
6394,73,71,2,2
6395,86,93,-7,7
6396,71,77,-6,6
6397,80,85,-5,5
6398,92,93,-1,1
6399,117,109,8,8
6400,51,59,-8,8
6401,94,92,2,2
6402,84,84,0,0
6403,135,137,-2,2
6404,66,74,-8,8
6405,151,145,6,6
6406,92,92,0,0
6407,102,100,2,2
6408,116,102,14,14
6409,50,58,-8,8
6410,88,92,-4,4
6411,119,115,4,4
6412,107,108,-1,1
6413,93,102,-9,9
6414,142,135,7,7
6415,52,53,-1,1
6416,115,114,1,1
6417,52,55,-3,3
6418,56,58,-2,2
6419,152,135,17,17
6420,83,73,10,10
6421,62,60,2,2
6422,64,73,-9,9
6423,119,109,10,10
6424,157,136,21,21
6425,51,58,-7,7
6426,118,116,2,2
6427,58,66,-8,8
6428,94,90,4,4
6429,45,53,-8,8
6430,120,111,9,9
6431,88,89,-1,1
6432,84,90,-6,6
6433,131,129,2,2
6434,98,92,6,6
6435,50,52,-2,2
6436,88,75,13,13
6437,101,112,-11,11
6438,78,71,7,7
6439,40,60,-20,20
6440,103,112,-9,9
6441,96,90,6,6
6442,83,82,1,1
6443,93,92,1,1
6444,82,70,12,12
6445,103,97,6,6
6446,41,63,-22,22
6447,39,51,-12,12
6448,60,54,6,6
6449,137,127,10,10
6450,46,50,-4,4
6451,51,53,-2,2
6452,82,86,-4,4
6453,131,118,13,13
6454,66,73,-7,7
6455,76,68,8,8
6456,204,188,16,16
6457,106,106,0,0
6458,72,68,4,4
6459,145,142,3,3
6460,80,75,5,5
6461,89,93,-4,4
6462,148,150,-2,2
6463,141,126,15,15
6464,59,60,-1,1
6465,51,51,0,0
6466,88,83,5,5
6467,77,72,5,5
6468,103,104,-1,1
6469,94,87,7,7
6470,92,82,10,10
6471,82,77,5,5
6472,89,96,-7,7
6473,72,74,-2,2
6474,135,126,9,9
6475,135,127,8,8
6476,85,84,1,1
6477,63,66,-3,3
6478,173,161,12,12
6479,108,107,1,1
6480,141,118,23,23
6481,85,91,-6,6
6482,144,139,5,5
6483,66,65,1,1
6484,86,90,-4,4
6485,84,75,9,9
6486,107,100,7,7
6487,60,61,-1,1
6488,62,68,-6,6
6489,174,173,1,1
6490,68,58,10,10
6491,74,81,-7,7
6492,67,66,1,1
6493,72,62,10,10
6494,117,108,9,9
6495,93,118,-25,25
6496,69,78,-9,9
6497,75,74,1,1
6498,84,83,1,1
6499,101,102,-1,1
6500,78,78,0,0
6501,202,195,7,7
6502,97,107,-10,10
6503,79,77,2,2
6504,97,104,-7,7
6505,60,69,-9,9
6506,58,56,2,2
6507,113,121,-8,8
6508,63,65,-2,2
6509,79,77,2,2
6510,94,92,2,2
6511,129,128,1,1
6512,142,138,4,4
6513,96,94,2,2
6514,83,77,6,6
6515,137,129,8,8
6516,99,90,9,9
6517,92,93,-1,1
6518,92,102,-10,10
6519,69,65,4,4
6520,126,140,-14,14
6521,148,153,-5,5
6522,90,89,1,1
6523,94,87,7,7
6524,111,110,1,1
6525,86,93,-7,7
6526,49,57,-8,8
6527,124,117,7,7
6528,107,110,-3,3
6529,129,125,4,4
6530,58,53,5,5
6531,70,70,0,0
6532,70,75,-5,5
6533,91,85,6,6
6534,86,75,11,11
6535,102,104,-2,2
6536,83,84,-1,1
6537,119,118,1,1
6538,76,82,-6,6
6539,49,51,-2,2
6540,94,80,14,14
6541,124,101,23,23
6542,65,61,4,4
6543,96,108,-12,12
6544,170,167,3,3
6545,68,76,-8,8
6546,28,50,-22,22
6547,135,134,1,1
6548,151,128,23,23
6549,80,85,-5,5
6550,79,95,-16,16
6551,68,82,-14,14
6552,118,104,14,14
6553,73,72,1,1
6554,104,112,-8,8
6555,147,132,15,15
6556,91,101,-10,10
6557,147,128,19,19
6558,55,63,-8,8
6559,66,68,-2,2
6560,121,111,10,10
6561,70,70,0,0
6562,107,103,4,4
6563,153,149,4,4
6564,124,122,2,2
6565,59,68,-9,9
6566,90,89,1,1
6567,57,66,-9,9
6568,129,115,14,14
6569,98,102,-4,4
6570,152,140,12,12
6571,55,59,-4,4
6572,93,75,18,18
6573,61,57,4,4
6574,135,129,6,6
6575,72,68,4,4
6576,105,111,-6,6
6577,65,94,-29,29
6578,91,87,4,4
6579,117,112,5,5
6580,85,90,-5,5
6581,125,117,8,8
6582,57,64,-7,7
6583,151,135,16,16
6584,68,70,-2,2
6585,104,112,-8,8
6586,53,60,-7,7
6587,88,91,-3,3
6588,91,89,2,2
6589,184,150,34,34
6590,99,97,2,2
6591,189,168,21,21
6592,186,168,18,18
6593,125,112,13,13
6594,62,75,-13,13
6595,103,104,-1,1
6596,183,179,4,4
6597,62,57,5,5
6598,66,64,2,2
6599,73,67,6,6
6600,114,109,5,5
6601,123,125,-2,2
6602,108,93,15,15
6603,115,109,6,6
6604,124,114,10,10
6605,66,81,-15,15
6606,104,82,22,22
6607,75,77,-2,2
6608,108,113,-5,5
6609,81,80,1,1
6610,82,69,13,13
6611,80,72,8,8
6612,30,50,-20,20
6613,90,86,4,4
6614,62,64,-2,2
6615,86,80,6,6
6616,56,56,0,0
6617,95,96,-1,1
6618,100,101,-1,1
6619,102,97,5,5
6620,102,100,2,2
6621,59,53,6,6
6622,152,135,17,17
6623,163,164,-1,1
6624,143,134,9,9
6625,162,155,7,7
6626,84,86,-2,2
6627,78,82,-4,4
6628,92,97,-5,5
6629,79,83,-4,4
6630,78,72,6,6
6631,120,108,12,12
6632,99,94,5,5
6633,103,92,11,11
6634,76,81,-5,5
6635,80,73,7,7
6636,66,63,3,3
6637,128,125,3,3
6638,85,76,9,9
6639,100,102,-2,2
6640,46,53,-7,7
6641,125,122,3,3
6642,111,115,-4,4
6643,119,116,3,3
6644,59,63,-4,4
6645,55,55,0,0
6646,158,151,7,7
6647,106,112,-6,6
6648,136,132,4,4
6649,108,102,6,6
6650,124,118,6,6
6651,106,106,0,0
6652,92,80,12,12
6653,118,124,-6,6
6654,108,103,5,5
6655,114,106,8,8
6656,51,58,-7,7
6657,85,80,5,5
6658,61,86,-25,25
6659,74,70,4,4
6660,67,64,3,3
6661,108,104,4,4
6662,132,129,3,3
6663,78,69,9,9
6664,102,109,-7,7
6665,175,150,25,25
6666,140,138,2,2
6667,93,84,9,9
6668,75,81,-6,6
6669,98,97,1,1
6670,98,89,9,9
6671,119,108,11,11
6672,121,143,-22,22
6673,94,97,-3,3
6674,117,97,20,20
6675,108,112,-4,4
6676,87,106,-19,19
6677,100,95,5,5
6678,88,81,7,7
6679,86,64,22,22
6680,65,69,-4,4
6681,81,78,3,3
6682,89,88,1,1
6683,114,104,10,10
6684,108,109,-1,1
6685,95,88,7,7
6686,100,98,2,2
6687,98,97,1,1
6688,88,86,2,2
6689,95,94,1,1
6690,92,94,-2,2
6691,161,156,5,5
6692,57,54,3,3
6693,89,90,-1,1
6694,67,56,11,11
6695,101,105,-4,4
6696,102,111,-9,9
6697,84,84,0,0
6698,64,60,4,4
6699,127,126,1,1
6700,97,98,-1,1
6701,101,101,0,0
6702,65,68,-3,3
6703,89,83,6,6
6704,70,67,3,3
6705,67,73,-6,6
6706,169,162,7,7
6707,59,70,-11,11
6708,163,147,16,16
6709,38,51,-13,13
6710,117,115,2,2
6711,53,54,-1,1
6712,52,53,-1,1
6713,120,120,0,0
6714,80,68,12,12
6715,52,55,-3,3
6716,127,144,-17,17
6717,87,94,-7,7
6718,54,88,-34,34
6719,66,58,8,8
6720,98,91,7,7
6721,112,114,-2,2
6722,56,57,-1,1
6723,114,113,1,1
6724,90,87,3,3
6725,87,89,-2,2
6726,58,61,-3,3
6727,118,114,4,4
6728,96,98,-2,2
6729,102,110,-8,8
6730,84,87,-3,3
6731,111,105,6,6
6732,62,64,-2,2
6733,73,68,5,5
6734,69,69,0,0
6735,133,125,8,8
6736,87,82,5,5
6737,64,62,2,2
6738,85,90,-5,5
6739,103,96,7,7
6740,86,82,4,4
6741,68,66,2,2
6742,145,146,-1,1
6743,74,67,7,7
6744,91,97,-6,6
6745,102,93,9,9
6746,128,128,0,0
6747,104,104,0,0
6748,110,120,-10,10
6749,56,56,0,0
6750,83,85,-2,2
6751,109,113,-4,4
6752,77,72,5,5
6753,164,145,19,19
6754,137,131,6,6
6755,134,119,15,15
6756,172,169,3,3
6757,116,116,0,0
6758,80,75,5,5
6759,50,56,-6,6
6760,168,150,18,18
6761,68,73,-5,5
6762,88,95,-7,7
6763,48,51,-3,3
6764,60,57,3,3
6765,135,139,-4,4
6766,75,65,10,10
6767,187,177,10,10
6768,78,74,4,4
6769,117,101,16,16
6770,109,116,-7,7
6771,79,71,8,8
6772,80,83,-3,3
6773,72,72,0,0
6774,105,103,2,2
6775,130,137,-7,7
6776,108,112,-4,4
6777,39,52,-13,13
6778,94,100,-6,6
6779,76,82,-6,6
6780,84,86,-2,2
6781,110,119,-9,9
6782,79,76,3,3
6783,129,109,20,20
6784,66,64,2,2
6785,73,74,-1,1
6786,90,82,8,8
6787,69,71,-2,2
6788,76,64,12,12
6789,96,106,-10,10
6790,113,108,5,5
6791,118,118,0,0
6792,78,73,5,5
6793,92,86,6,6
6794,96,93,3,3
6795,111,121,-10,10
6796,143,152,-9,9
6797,101,96,5,5
6798,99,101,-2,2
6799,110,121,-11,11
6800,105,109,-4,4
6801,79,80,-1,1
6802,80,86,-6,6
6803,54,54,0,0
6804,86,78,8,8
6805,66,75,-9,9
6806,96,91,5,5
6807,151,146,5,5
6808,78,98,-20,20
6809,82,89,-7,7
6810,93,92,1,1
6811,57,67,-10,10
6812,129,119,10,10
6813,89,88,1,1
6814,83,78,5,5
6815,72,82,-10,10
6816,85,87,-2,2
6817,58,59,-1,1
6818,69,67,2,2
6819,69,81,-12,12
6820,55,54,1,1
6821,114,100,14,14
6822,145,129,16,16
6823,81,91,-10,10
6824,41,54,-13,13
6825,88,102,-14,14
6826,108,111,-3,3
6827,104,103,1,1
6828,74,63,11,11
6829,111,110,1,1
6830,74,71,3,3
6831,82,80,2,2
6832,129,124,5,5
6833,75,78,-3,3
6834,137,125,12,12
6835,135,133,2,2
6836,93,82,11,11
6837,73,87,-14,14
6838,125,124,1,1
6839,110,121,-11,11
6840,147,159,-12,12
6841,86,94,-8,8
6842,96,90,6,6
6843,104,102,2,2
6844,110,114,-4,4
6845,80,76,4,4
6846,66,72,-6,6
6847,168,166,2,2
6848,123,134,-11,11
6849,138,138,0,0
6850,66,65,1,1
6851,66,61,5,5
6852,143,129,14,14
6853,88,76,12,12
6854,76,84,-8,8
6855,143,147,-4,4
6856,108,101,7,7
6857,74,73,1,1
6858,76,73,3,3
6859,59,62,-3,3
6860,87,83,4,4
6861,113,105,8,8
6862,57,60,-3,3
6863,56,65,-9,9
6864,102,94,8,8
6865,74,78,-4,4
6866,89,91,-2,2
6867,75,83,-8,8
6868,128,127,1,1
6869,106,113,-7,7
6870,92,83,9,9
6871,138,139,-1,1
6872,75,72,3,3
6873,103,101,2,2
6874,120,110,10,10
6875,136,127,9,9
6876,72,77,-5,5
6877,128,130,-2,2
6878,128,125,3,3
6879,150,144,6,6
6880,86,81,5,5
6881,85,80,5,5
6882,62,59,3,3
6883,76,78,-2,2
6884,123,121,2,2
6885,64,65,-1,1
6886,116,116,0,0
6887,62,64,-2,2
6888,81,78,3,3
6889,118,111,7,7
6890,117,117,0,0
6891,123,109,14,14
6892,144,128,16,16
6893,109,107,2,2
6894,79,76,3,3
6895,97,104,-7,7
6896,87,84,3,3
6897,55,55,0,0
6898,65,65,0,0
6899,103,102,1,1
6900,90,75,15,15
6901,87,78,9,9
6902,43,50,-7,7
6903,92,90,2,2
6904,147,147,0,0
6905,106,103,3,3
6906,68,75,-7,7
6907,71,67,4,4
6908,97,99,-2,2
6909,93,93,0,0
6910,69,84,-15,15
6911,92,97,-5,5
6912,77,85,-8,8
6913,132,124,8,8
6914,87,89,-2,2
6915,118,111,7,7
6916,58,57,1,1
6917,43,50,-7,7
6918,80,89,-9,9
6919,118,107,11,11
6920,107,117,-10,10
6921,132,127,5,5
6922,86,87,-1,1
6923,114,108,6,6
6924,85,81,4,4
6925,66,71,-5,5
6926,65,62,3,3
6927,84,88,-4,4
6928,122,123,-1,1
6929,74,77,-3,3
6930,154,161,-7,7
6931,93,92,1,1
6932,40,66,-26,26
6933,88,78,10,10
6934,84,89,-5,5
6935,67,62,5,5
6936,113,117,-4,4
6937,110,108,2,2
6938,217,192,25,25
6939,99,106,-7,7
6940,107,110,-3,3
6941,120,119,1,1
6942,116,106,10,10
6943,70,81,-11,11
6944,86,83,3,3
6945,89,93,-4,4
6946,75,73,2,2
6947,72,70,2,2
6948,75,75,0,0
6949,55,62,-7,7
6950,196,192,4,4
6951,114,107,7,7
6952,142,91,51,51
6953,76,77,-1,1
6954,71,63,8,8
6955,80,88,-8,8
6956,81,79,2,2
6957,106,95,11,11
6958,126,122,4,4
6959,114,115,-1,1
6960,90,90,0,0
6961,134,130,4,4
6962,112,112,0,0
6963,86,85,1,1
6964,109,116,-7,7
6965,98,110,-12,12
6966,123,122,1,1
6967,48,51,-3,3
6968,89,87,2,2
6969,141,139,2,2
6970,122,121,1,1
6971,65,100,-35,35
6972,163,152,11,11
6973,106,107,-1,1
6974,145,146,-1,1
6975,65,61,4,4
6976,111,92,19,19
6977,110,110,0,0
6978,40,50,-10,10
6979,77,78,-1,1
6980,81,79,2,2
6981,136,127,9,9
6982,124,128,-4,4
6983,107,111,-4,4
6984,83,81,2,2
6985,137,129,8,8
6986,93,97,-4,4
6987,95,96,-1,1
6988,82,89,-7,7
6989,91,91,0,0
6990,139,124,15,15
6991,49,51,-2,2
6992,36,50,-14,14
6993,76,66,10,10
6994,57,60,-3,3
6995,128,129,-1,1
6996,77,94,-17,17
6997,86,90,-4,4
6998,144,142,2,2
6999,72,72,0,0
7000,48,52,-4,4
7001,86,80,6,6
7002,96,91,5,5
7003,67,65,2,2
7004,65,64,1,1
7005,132,120,12,12
7006,128,119,9,9
7007,115,110,5,5
7008,109,110,-1,1
7009,63,65,-2,2
7010,55,62,-7,7
7011,119,102,17,17
7012,70,61,9,9
7013,125,116,9,9
7014,146,134,12,12
7015,84,85,-1,1
7016,120,123,-3,3
7017,83,88,-5,5
7018,68,65,3,3
7019,106,99,7,7
7020,147,124,23,23
7021,81,79,2,2
7022,87,94,-7,7
7023,86,81,5,5
7024,67,73,-6,6
7025,100,94,6,6
7026,81,84,-3,3
7027,70,78,-8,8
7028,94,85,9,9
7029,123,115,8,8
7030,121,112,9,9
7031,71,75,-4,4
7032,73,70,3,3
7033,79,77,2,2
7034,98,103,-5,5
7035,147,119,28,28
7036,86,79,7,7
7037,83,75,8,8
7038,117,112,5,5
7039,93,97,-4,4
7040,44,51,-7,7
7041,68,70,-2,2
7042,74,75,-1,1
7043,76,94,-18,18
7044,96,89,7,7
7045,80,69,11,11
7046,73,83,-10,10
7047,93,87,6,6
7048,48,55,-7,7
7049,85,84,1,1
7050,140,135,5,5
7051,81,82,-1,1
7052,57,60,-3,3
7053,93,88,5,5
7054,119,119,0,0
7055,129,137,-8,8
7056,88,81,7,7
7057,101,97,4,4
7058,91,91,0,0
7059,59,58,1,1
7060,109,119,-10,10
7061,89,82,7,7
7062,101,87,14,14
7063,116,108,8,8
7064,86,86,0,0
7065,113,109,4,4
7066,101,92,9,9
7067,110,112,-2,2
7068,115,139,-24,24
7069,137,144,-7,7
7070,64,74,-10,10
7071,133,121,12,12
7072,80,88,-8,8
7073,61,61,0,0
7074,116,118,-2,2
7075,154,146,8,8
7076,69,67,2,2
7077,123,126,-3,3
7078,63,66,-3,3
7079,99,118,-19,19
7080,52,52,0,0
7081,86,80,6,6
7082,79,76,3,3
7083,97,106,-9,9
7084,68,67,1,1
7085,79,86,-7,7
7086,82,73,9,9
7087,66,60,6,6
7088,28,50,-22,22
7089,54,63,-9,9
7090,76,74,2,2
7091,74,86,-12,12
7092,97,99,-2,2
7093,82,80,2,2
7094,103,105,-2,2
7095,61,54,7,7
7096,69,59,10,10
7097,60,64,-4,4
7098,61,90,-29,29
7099,100,106,-6,6
7100,100,100,0,0
7101,129,116,13,13
7102,184,164,20,20
7103,119,119,0,0
7104,91,82,9,9
7105,99,108,-9,9
7106,100,98,2,2
7107,58,63,-5,5
7108,70,71,-1,1
7109,76,87,-11,11
7110,77,77,0,0
7111,70,61,9,9
7112,116,110,6,6
7113,149,144,5,5
7114,124,125,-1,1
7115,139,112,27,27
7116,142,151,-9,9
7117,77,80,-3,3
7118,96,88,8,8
7119,215,185,30,30
7120,70,70,0,0
7121,118,116,2,2
7122,89,90,-1,1
7123,106,98,8,8
7124,117,116,1,1
7125,60,62,-2,2
7126,67,69,-2,2
7127,149,151,-2,2
7128,364,422,-58,58
7129,110,106,4,4
7130,106,95,11,11
7131,161,160,1,1
7132,119,134,-15,15
7133,113,142,-29,29
7134,100,104,-4,4
7135,51,58,-7,7
7136,121,116,5,5
7137,108,110,-2,2
7138,107,109,-2,2
7139,62,61,1,1
7140,84,87,-3,3
7141,93,81,12,12
7142,143,138,5,5
7143,136,128,8,8
7144,53,60,-7,7
7145,97,101,-4,4
7146,139,144,-5,5
7147,126,131,-5,5
7148,46,54,-8,8
7149,172,170,2,2
7150,101,102,-1,1
7151,89,88,1,1
7152,118,110,8,8
7153,71,71,0,0
7154,120,124,-4,4
7155,77,78,-1,1
7156,145,130,15,15
7157,45,50,-5,5
7158,80,79,1,1
7159,58,65,-7,7
7160,117,108,9,9
7161,91,90,1,1
7162,192,180,12,12
7163,68,65,3,3
7164,71,62,9,9
7165,82,79,3,3
7166,84,81,3,3
7167,70,77,-7,7
7168,47,56,-9,9
7169,95,88,7,7
7170,59,64,-5,5
7171,154,144,10,10
7172,131,122,9,9
7173,98,101,-3,3
7174,38,50,-12,12
7175,86,93,-7,7
7176,55,55,0,0
7177,40,50,-10,10
7178,119,117,2,2
7179,247,217,30,30
7180,96,98,-2,2
7181,69,72,-3,3
7182,87,95,-8,8
7183,93,97,-4,4
7184,84,82,2,2
7185,127,134,-7,7
7186,106,103,3,3
7187,62,60,2,2
7188,84,89,-5,5
7189,48,53,-5,5
7190,116,126,-10,10
7191,83,80,3,3
7192,123,125,-2,2
7193,97,87,10,10
7194,119,107,12,12
7195,113,117,-4,4
7196,70,72,-2,2
7197,123,125,-2,2
7198,86,82,4,4
7199,49,56,-7,7
7200,113,109,4,4
7201,100,95,5,5
7202,131,127,4,4
7203,93,92,1,1
7204,92,84,8,8
7205,73,73,0,0
7206,61,60,1,1
7207,72,67,5,5
7208,91,89,2,2
7209,86,87,-1,1
7210,82,78,4,4
7211,179,173,6,6
7212,121,108,13,13
7213,58,58,0,0
7214,83,72,11,11
7215,100,81,19,19
7216,84,79,5,5
7217,76,72,4,4
7218,83,72,11,11
7219,81,74,7,7
7220,119,118,1,1
7221,160,149,11,11
7222,97,102,-5,5
7223,143,157,-14,14
7224,49,67,-18,18
7225,188,171,17,17
7226,79,83,-4,4
7227,62,61,1,1
7228,71,66,5,5
7229,114,126,-12,12
7230,167,170,-3,3
7231,100,86,14,14
7232,90,80,10,10
7233,106,110,-4,4
7234,129,129,0,0
7235,81,76,5,5
7236,52,56,-4,4
7237,86,83,3,3
7238,92,109,-17,17
7239,59,64,-5,5
7240,98,103,-5,5
7241,94,92,2,2
7242,173,166,7,7
7243,82,93,-11,11
7244,121,115,6,6
7245,84,73,11,11
7246,44,51,-7,7
7247,88,99,-11,11
7248,91,86,5,5
7249,97,91,6,6
7250,46,51,-5,5
7251,114,107,7,7
7252,108,101,7,7
7253,66,59,7,7
7254,71,68,3,3
7255,76,75,1,1
7256,159,157,2,2
7257,39,74,-35,35
7258,47,54,-7,7
7259,142,122,20,20
7260,124,130,-6,6
7261,109,108,1,1
7262,110,112,-2,2
7263,59,55,4,4
7264,107,95,12,12
7265,59,58,1,1
7266,93,96,-3,3
7267,96,100,-4,4
7268,40,62,-22,22
7269,124,125,-1,1
7270,90,74,16,16
7271,52,56,-4,4
7272,95,88,7,7
7273,81,84,-3,3
7274,171,155,16,16
7275,78,67,11,11
7276,97,83,14,14
7277,82,90,-8,8
7278,93,86,7,7
7279,106,110,-4,4
7280,129,118,11,11
7281,110,118,-8,8
7282,28,55,-27,27
7283,152,153,-1,1
7284,113,101,12,12
7285,62,58,4,4
7286,51,55,-4,4
7287,167,168,-1,1
7288,60,54,6,6
7289,176,166,10,10
7290,139,138,1,1
7291,193,183,10,10
7292,78,81,-3,3
7293,76,73,3,3
7294,80,74,6,6
7295,86,101,-15,15
7296,102,94,8,8
7297,51,52,-1,1
7298,32,50,-18,18
7299,133,115,18,18
7300,160,147,13,13
7301,75,75,0,0
7302,84,78,6,6
7303,85,85,0,0
7304,89,91,-2,2
7305,69,64,5,5
7306,113,112,1,1
7307,69,64,5,5
7308,76,78,-2,2
7309,56,78,-22,22
7310,86,76,10,10
7311,92,97,-5,5
7312,54,55,-1,1
7313,100,90,10,10
7314,37,56,-19,19
7315,140,138,2,2
7316,57,72,-15,15
7317,83,87,-4,4
7318,75,66,9,9
7319,59,59,0,0
7320,99,118,-19,19
7321,108,103,5,5
7322,93,97,-4,4
7323,78,84,-6,6
7324,166,166,0,0
7325,81,82,-1,1
7326,80,78,2,2
7327,166,143,23,23
7328,56,56,0,0
7329,108,108,0,0
7330,88,88,0,0
7331,124,131,-7,7
7332,71,75,-4,4
7333,111,101,10,10
7334,77,89,-12,12
7335,84,81,3,3
7336,85,86,-1,1
7337,103,91,12,12
7338,67,77,-10,10
7339,128,120,8,8
7340,54,53,1,1
7341,98,95,3,3
7342,115,127,-12,12
7343,80,74,6,6
7344,66,58,8,8
7345,84,82,2,2
7346,179,174,5,5
7347,70,75,-5,5
7348,93,97,-4,4
7349,139,153,-14,14
7350,136,122,14,14
7351,173,167,6,6
7352,112,102,10,10
7353,76,83,-7,7
7354,112,115,-3,3
7355,118,128,-10,10
7356,109,99,10,10
7357,101,105,-4,4
7358,105,97,8,8
7359,67,69,-2,2
7360,131,122,9,9
7361,41,55,-14,14
7362,49,51,-2,2
7363,113,113,0,0
7364,137,136,1,1
7365,96,102,-6,6
7366,68,68,0,0
7367,110,114,-4,4
7368,70,72,-2,2
7369,155,162,-7,7
7370,58,57,1,1
7371,140,151,-11,11
7372,119,124,-5,5
7373,67,69,-2,2
7374,79,78,1,1
7375,68,67,1,1
7376,62,58,4,4
7377,48,54,-6,6
7378,104,106,-2,2
7379,67,72,-5,5
7380,63,68,-5,5
7381,70,67,3,3
7382,83,88,-5,5
7383,66,67,-1,1
7384,67,79,-12,12
7385,54,56,-2,2
7386,144,144,0,0
7387,68,69,-1,1
7388,76,78,-2,2
7389,62,58,4,4
7390,147,135,12,12
7391,80,99,-19,19
7392,53,55,-2,2
7393,73,81,-8,8
7394,74,67,7,7
7395,63,65,-2,2
7396,111,113,-2,2
7397,199,180,19,19
7398,90,89,1,1
7399,65,65,0,0
7400,68,59,9,9
7401,81,82,-1,1
7402,95,94,1,1
7403,83,85,-2,2
7404,99,86,13,13
7405,64,70,-6,6
7406,70,75,-5,5
7407,62,56,6,6
7408,60,62,-2,2
7409,84,89,-5,5
7410,63,62,1,1
7411,91,92,-1,1
7412,53,67,-14,14
7413,114,107,7,7
7414,102,99,3,3
7415,80,65,15,15
7416,85,94,-9,9
7417,112,117,-5,5
7418,86,83,3,3
7419,61,65,-4,4
7420,118,110,8,8
7421,108,90,18,18
7422,179,160,19,19
7423,87,89,-2,2
7424,185,169,16,16
7425,91,90,1,1
7426,73,76,-3,3
7427,63,54,9,9
7428,159,142,17,17
7429,146,144,2,2
7430,75,81,-6,6
7431,73,76,-3,3
7432,107,98,9,9
7433,93,89,4,4
7434,89,96,-7,7
7435,82,96,-14,14
7436,79,76,3,3
7437,50,56,-6,6
7438,69,70,-1,1
7439,89,94,-5,5
7440,145,151,-6,6
7441,84,89,-5,5
7442,115,120,-5,5
7443,103,120,-17,17
7444,90,99,-9,9
7445,57,55,2,2
7446,118,102,16,16
7447,99,100,-1,1
7448,124,113,11,11
7449,102,114,-12,12
7450,97,94,3,3
7451,64,64,0,0
7452,78,68,10,10
7453,121,121,0,0
7454,163,151,12,12
7455,63,59,4,4
7456,53,58,-5,5
7457,71,71,0,0
7458,79,80,-1,1
7459,102,105,-3,3
7460,130,123,7,7
7461,114,109,5,5
7462,118,123,-5,5
7463,93,94,-1,1
7464,78,72,6,6
7465,87,89,-2,2
7466,107,98,9,9
7467,105,100,5,5
7468,135,138,-3,3
7469,64,61,3,3
7470,80,74,6,6
7471,79,86,-7,7
7472,156,155,1,1
7473,123,126,-3,3
7474,81,90,-9,9
7475,91,93,-2,2
7476,184,166,18,18
7477,62,67,-5,5
7478,76,84,-8,8
7479,112,108,4,4
7480,60,66,-6,6
7481,103,98,5,5
7482,83,85,-2,2
7483,69,69,0,0
7484,206,192,14,14
7485,78,81,-3,3
7486,82,73,9,9
7487,81,84,-3,3
7488,39,50,-11,11
7489,109,108,1,1
7490,32,64,-32,32
7491,65,71,-6,6
7492,88,85,3,3
7493,94,98,-4,4
7494,87,91,-4,4
7495,74,67,7,7
7496,88,82,6,6
7497,103,109,-6,6
7498,72,63,9,9
7499,83,87,-4,4
7500,197,203,-6,6
7501,41,50,-9,9
7502,76,76,0,0
7503,129,109,20,20
7504,40,61,-21,21
7505,136,138,-2,2
7506,62,60,2,2
7507,66,67,-1,1
7508,106,118,-12,12
7509,62,61,1,1
7510,109,101,8,8
7511,136,124,12,12
7512,100,93,7,7
7513,160,155,5,5
7514,105,101,4,4
7515,122,115,7,7
7516,98,97,1,1
7517,78,71,7,7
7518,75,77,-2,2
7519,67,66,1,1
7520,56,58,-2,2
7521,60,55,5,5
7522,38,50,-12,12
7523,53,55,-2,2
7524,57,68,-11,11
7525,113,110,3,3
7526,83,77,6,6
7527,81,71,10,10
7528,136,142,-6,6
7529,78,72,6,6
7530,89,85,4,4
7531,86,87,-1,1
7532,68,73,-5,5
7533,156,153,3,3
7534,85,81,4,4
7535,126,125,1,1
7536,57,66,-9,9
7537,114,117,-3,3
7538,113,102,11,11
7539,75,78,-3,3
7540,130,121,9,9
7541,79,66,13,13
7542,112,107,5,5
7543,120,122,-2,2
7544,76,78,-2,2
7545,86,82,4,4
7546,60,58,2,2
7547,52,58,-6,6
7548,80,69,11,11
7549,136,125,11,11
7550,71,74,-3,3
7551,152,152,0,0
7552,59,64,-5,5
7553,88,81,7,7
7554,71,68,3,3
7555,71,64,7,7
7556,88,94,-6,6
7557,44,53,-9,9
7558,95,103,-8,8
7559,99,93,6,6
7560,74,84,-10,10
7561,148,133,15,15
7562,74,70,4,4
7563,103,89,14,14
7564,70,65,5,5
7565,128,114,14,14
7566,70,70,0,0
7567,69,73,-4,4
7568,95,81,14,14
7569,125,123,2,2
7570,87,92,-5,5
7571,130,128,2,2
7572,105,119,-14,14
7573,96,87,9,9
7574,90,91,-1,1
7575,52,53,-1,1
7576,77,91,-14,14
7577,143,135,8,8
7578,97,107,-10,10
7579,81,82,-1,1
7580,55,52,3,3
7581,122,132,-10,10
7582,59,62,-3,3
7583,106,102,4,4
7584,146,132,14,14
7585,62,60,2,2
7586,122,116,6,6
7587,166,155,11,11
7588,76,71,5,5
7589,82,86,-4,4
7590,114,111,3,3
7591,113,128,-15,15
7592,94,94,0,0
7593,113,115,-2,2
7594,79,81,-2,2
7595,106,105,1,1
7596,123,122,1,1
7597,118,112,6,6
7598,80,74,6,6
7599,94,94,0,0
7600,89,83,6,6
7601,64,56,8,8
7602,113,114,-1,1
7603,137,130,7,7
7604,53,106,-53,53
7605,133,130,3,3
7606,65,89,-24,24
7607,78,85,-7,7
7608,40,50,-10,10
7609,60,62,-2,2
7610,52,55,-3,3
7611,136,128,8,8
7612,155,154,1,1
7613,94,98,-4,4
7614,75,78,-3,3
7615,36,50,-14,14
7616,132,124,8,8
7617,117,112,5,5
7618,136,148,-12,12
7619,141,122,19,19
7620,65,68,-3,3
7621,96,79,17,17
7622,68,82,-14,14
7623,144,129,15,15
7624,148,144,4,4
7625,117,120,-3,3
7626,60,68,-8,8
7627,98,96,2,2
7628,114,109,5,5
7629,139,121,18,18
7630,109,100,9,9
7631,69,79,-10,10
7632,105,98,7,7
7633,116,102,14,14
7634,72,66,6,6
7635,74,77,-3,3
7636,102,107,-5,5
7637,62,56,6,6
7638,36,50,-14,14
7639,94,86,8,8
7640,78,79,-1,1
7641,150,134,16,16
7642,81,78,3,3
7643,154,153,1,1
7644,115,118,-3,3
7645,44,54,-10,10
7646,88,91,-3,3
7647,80,76,4,4
7648,75,70,5,5
7649,58,54,4,4
7650,124,122,2,2
7651,90,86,4,4
7652,117,109,8,8
7653,93,89,4,4
7654,133,132,1,1
7655,71,63,8,8
7656,82,85,-3,3
7657,66,67,-1,1
7658,69,69,0,0
7659,112,103,9,9
7660,114,108,6,6
7661,81,66,15,15
7662,110,114,-4,4
7663,76,71,5,5
7664,97,99,-2,2
7665,83,82,1,1
7666,73,72,1,1
7667,109,106,3,3
7668,67,66,1,1
7669,101,107,-6,6
7670,74,69,5,5
7671,122,119,3,3
7672,51,58,-7,7
7673,80,91,-11,11
7674,118,113,5,5
7675,87,82,5,5
7676,84,77,7,7
7677,135,124,11,11
7678,51,98,-47,47
7679,121,104,17,17
7680,60,59,1,1
7681,150,148,2,2
7682,41,50,-9,9
7683,55,55,0,0
7684,149,130,19,19
7685,136,131,5,5
7686,121,102,19,19
7687,121,116,5,5
7688,50,61,-11,11
7689,61,59,2,2
7690,129,122,7,7
7691,83,96,-13,13
7692,83,94,-11,11
7693,77,71,6,6
7694,110,101,9,9
7695,110,95,15,15
7696,108,116,-8,8
7697,95,102,-7,7
7698,91,86,5,5
7699,99,91,8,8
7700,105,105,0,0
7701,104,130,-26,26
7702,82,81,1,1
7703,68,66,2,2
7704,77,75,2,2
7705,103,98,5,5
7706,87,88,-1,1
7707,55,55,0,0
7708,94,93,1,1
7709,67,63,4,4
7710,75,91,-16,16
7711,137,139,-2,2
7712,69,71,-2,2
7713,67,65,2,2
7714,77,89,-12,12
7715,68,68,0,0
7716,117,115,2,2
7717,109,114,-5,5
7718,164,148,16,16
7719,102,118,-16,16
7720,77,85,-8,8
7721,71,88,-17,17
7722,71,74,-3,3
7723,146,130,16,16
7724,40,50,-10,10
7725,121,113,8,8
7726,86,77,9,9
7727,99,97,2,2
7728,68,75,-7,7
7729,89,73,16,16
7730,71,77,-6,6
7731,72,68,4,4
7732,49,52,-3,3
7733,155,122,33,33
7734,145,147,-2,2
7735,102,108,-6,6
7736,131,127,4,4
7737,101,84,17,17
7738,61,64,-3,3
7739,108,114,-6,6
7740,62,66,-4,4
7741,93,90,3,3
7742,84,79,5,5
7743,56,95,-39,39
7744,143,134,9,9
7745,145,138,7,7
7746,103,99,4,4
7747,88,88,0,0
7748,96,96,0,0
7749,63,62,1,1
7750,88,94,-6,6
7751,50,61,-11,11
7752,106,108,-2,2
7753,89,73,16,16
7754,101,110,-9,9
7755,134,125,9,9
7756,91,86,5,5
7757,134,144,-10,10
7758,79,83,-4,4
7759,161,154,7,7
7760,127,127,0,0
7761,88,90,-2,2
7762,61,65,-4,4
7763,60,73,-13,13
7764,102,92,10,10
7765,140,144,-4,4
7766,69,70,-1,1
7767,101,111,-10,10
7768,175,171,4,4
7769,129,142,-13,13
7770,115,115,0,0
7771,88,102,-14,14
7772,79,77,2,2
7773,102,104,-2,2
7774,43,50,-7,7
7775,97,98,-1,1
7776,132,141,-9,9
7777,58,57,1,1
7778,89,96,-7,7
7779,90,95,-5,5
7780,98,108,-10,10
7781,102,102,0,0
7782,88,89,-1,1
7783,106,104,2,2
7784,99,93,6,6
7785,151,145,6,6
7786,111,98,13,13
7787,65,63,2,2
7788,71,73,-2,2
7789,79,94,-15,15
7790,65,61,4,4
7791,136,127,9,9
7792,151,157,-6,6
7793,108,108,0,0
7794,121,111,10,10
7795,54,63,-9,9
7796,96,103,-7,7
7797,98,90,8,8
7798,62,66,-4,4
7799,78,82,-4,4
7800,97,97,0,0
7801,80,73,7,7
7802,65,66,-1,1
7803,74,74,0,0
7804,118,119,-1,1
7805,109,99,10,10
7806,99,98,1,1
7807,78,88,-10,10
7808,59,68,-9,9
7809,84,93,-9,9
7810,108,110,-2,2
7811,89,94,-5,5
7812,119,108,11,11
7813,182,168,14,14
7814,133,112,21,21
7815,90,98,-8,8
7816,144,157,-13,13
7817,109,104,5,5
7818,154,137,17,17
7819,54,54,0,0
7820,59,63,-4,4
7821,120,119,1,1
7822,113,119,-6,6
7823,90,80,10,10
7824,119,105,14,14
7825,72,74,-2,2
7826,173,166,7,7
7827,252,238,14,14
7828,123,135,-12,12
7829,178,170,8,8
7830,207,184,23,23
7831,86,91,-5,5
7832,61,56,5,5
7833,82,89,-7,7
7834,77,75,2,2
7835,90,85,5,5
7836,85,105,-20,20
7837,133,146,-13,13
7838,67,67,0,0
7839,71,79,-8,8
7840,118,124,-6,6
7841,168,168,0,0
7842,101,105,-4,4
7843,126,118,8,8
7844,127,122,5,5
7845,197,186,11,11
7846,67,69,-2,2
7847,59,56,3,3
7848,139,133,6,6
7849,84,86,-2,2
7850,75,74,1,1
7851,124,122,2,2
7852,61,62,-1,1
7853,78,75,3,3
7854,102,90,12,12
7855,50,51,-1,1
7856,72,84,-12,12
7857,98,106,-8,8
7858,109,101,8,8
7859,97,90,7,7
7860,79,77,2,2
7861,73,71,2,2
7862,114,105,9,9
7863,118,113,5,5
7864,101,102,-1,1
7865,103,104,-1,1
7866,49,53,-4,4
7867,49,55,-6,6
7868,37,51,-14,14
7869,121,118,3,3
7870,69,72,-3,3
7871,126,128,-2,2
7872,91,88,3,3
7873,119,114,5,5
7874,105,104,1,1
7875,129,123,6,6
7876,83,79,4,4
7877,99,96,3,3
7878,106,111,-5,5
7879,67,62,5,5
7880,132,131,1,1
7881,110,92,18,18
7882,72,66,6,6
7883,126,124,2,2
7884,129,142,-13,13
7885,74,73,1,1
7886,131,128,3,3
7887,97,100,-3,3
7888,118,121,-3,3
7889,124,119,5,5
7890,66,69,-3,3
7891,99,103,-4,4
7892,93,89,4,4
7893,169,163,6,6
7894,109,117,-8,8
7895,194,179,15,15
7896,131,121,10,10
7897,67,68,-1,1
7898,102,101,1,1
7899,126,123,3,3
7900,166,166,0,0
7901,52,61,-9,9
7902,129,140,-11,11
7903,175,169,6,6
7904,77,69,8,8
7905,52,51,1,1
7906,73,64,9,9
7907,97,99,-2,2
7908,49,53,-4,4
7909,112,110,2,2
7910,108,115,-7,7
7911,91,84,7,7
7912,84,108,-24,24
7913,35,51,-16,16
7914,182,188,-6,6
7915,61,64,-3,3
7916,61,62,-1,1
7917,79,79,0,0
7918,55,57,-2,2
7919,64,67,-3,3
7920,142,130,12,12
7921,66,64,2,2
7922,74,81,-7,7
7923,150,142,8,8
7924,99,97,2,2
7925,106,111,-5,5
7926,72,80,-8,8
7927,121,115,6,6
7928,114,112,2,2
7929,75,71,4,4
7930,65,71,-6,6
7931,116,117,-1,1
7932,99,97,2,2
7933,199,191,8,8
7934,60,60,0,0
7935,67,62,5,5
7936,81,79,2,2
7937,178,137,41,41
7938,70,80,-10,10
7939,131,118,13,13
7940,149,135,14,14
7941,70,68,2,2
7942,97,106,-9,9
7943,104,91,13,13
7944,73,73,0,0
7945,74,82,-8,8
7946,87,98,-11,11
7947,112,109,3,3
7948,126,115,11,11
7949,86,105,-19,19
7950,134,129,5,5
7951,117,97,20,20
7952,61,62,-1,1
7953,71,79,-8,8
7954,80,91,-11,11
7955,63,62,1,1
7956,70,65,5,5
7957,63,71,-8,8
7958,46,52,-6,6
7959,59,59,0,0
7960,89,91,-2,2
7961,134,130,4,4
7962,113,111,2,2
7963,73,86,-13,13
7964,122,113,9,9
7965,59,62,-3,3
7966,142,147,-5,5
7967,175,173,2,2
7968,61,56,5,5
7969,142,153,-11,11
7970,68,58,10,10
7971,51,53,-2,2
7972,94,98,-4,4
7973,104,95,9,9
7974,85,83,2,2
7975,155,154,1,1
7976,157,165,-8,8
7977,115,112,3,3
7978,94,97,-3,3
7979,86,92,-6,6
7980,115,119,-4,4
7981,85,83,2,2
7982,106,102,4,4
7983,64,59,5,5
7984,38,75,-37,37
7985,51,54,-3,3
7986,106,106,0,0
7987,101,107,-6,6
7988,46,58,-12,12
7989,85,76,9,9
7990,104,103,1,1
7991,95,99,-4,4
7992,130,123,7,7
7993,151,142,9,9
7994,57,58,-1,1
7995,93,97,-4,4
7996,69,62,7,7
7997,39,50,-11,11
7998,76,81,-5,5
7999,84,75,9,9
8000,41,50,-9,9
8001,45,55,-10,10
8002,68,68,0,0
8003,82,82,0,0
8004,68,70,-2,2
8005,73,67,6,6
8006,49,82,-33,33
8007,93,91,2,2
8008,75,70,5,5
8009,85,78,7,7
8010,103,102,1,1
8011,129,124,5,5
8012,116,115,1,1
8013,77,77,0,0
8014,83,83,0,0
8015,104,94,10,10
8016,124,113,11,11
8017,89,90,-1,1
8018,88,99,-11,11
8019,49,62,-13,13
8020,104,110,-6,6
8021,107,106,1,1
8022,125,124,1,1
8023,57,61,-4,4
8024,104,96,8,8
8025,51,69,-18,18
8026,86,80,6,6
8027,96,99,-3,3
8028,190,183,7,7
8029,84,89,-5,5
8030,105,106,-1,1
8031,94,92,2,2
8032,74,70,4,4
8033,100,92,8,8
8034,126,117,9,9
8035,73,71,2,2
8036,83,87,-4,4
8037,141,129,12,12
8038,124,127,-3,3
8039,79,83,-4,4
8040,135,128,7,7
8041,81,69,12,12
8042,137,139,-2,2
8043,75,76,-1,1
8044,54,66,-12,12
8045,102,101,1,1
8046,157,138,19,19
8047,93,93,0,0
8048,155,139,16,16
8049,71,65,6,6
8050,109,102,7,7
8051,60,62,-2,2
8052,57,72,-15,15
8053,113,113,0,0
8054,130,130,0,0
8055,71,81,-10,10
8056,92,90,2,2
8057,148,127,21,21
8058,117,105,12,12
8059,68,68,0,0
8060,161,149,12,12
8061,85,83,2,2
8062,65,59,6,6
8063,43,51,-8,8
8064,102,100,2,2
8065,69,62,7,7
8066,185,183,2,2
8067,133,128,5,5
8068,104,103,1,1
8069,105,106,-1,1
8070,120,110,10,10
8071,85,79,6,6
8072,73,63,10,10
8073,158,168,-10,10
8074,76,73,3,3
8075,87,69,18,18
8076,148,131,17,17
8077,85,87,-2,2
8078,98,83,15,15
8079,66,70,-4,4
8080,100,100,0,0
8081,110,111,-1,1
8082,86,90,-4,4
8083,119,121,-2,2
8084,75,68,7,7
8085,110,126,-16,16
8086,69,71,-2,2
8087,127,110,17,17
8088,98,94,4,4
8089,116,124,-8,8
8090,65,66,-1,1
8091,94,94,0,0
8092,58,57,1,1
8093,68,80,-12,12
8094,118,111,7,7
8095,27,50,-23,23
8096,74,68,6,6
8097,81,84,-3,3
8098,98,89,9,9
8099,56,62,-6,6
8100,101,99,2,2
8101,128,120,8,8
8102,104,106,-2,2
8103,69,72,-3,3
8104,130,113,17,17
8105,121,119,2,2
8106,42,90,-48,48
8107,89,97,-8,8
8108,71,62,9,9
8109,129,116,13,13
8110,59,66,-7,7
8111,101,107,-6,6
8112,102,104,-2,2
8113,109,115,-6,6
8114,94,89,5,5
8115,108,114,-6,6
8116,102,96,6,6
8117,89,93,-4,4
8118,121,123,-2,2
8119,122,132,-10,10
8120,67,73,-6,6
8121,51,60,-9,9
8122,89,87,2,2
8123,88,95,-7,7
8124,131,111,20,20
8125,103,98,5,5
8126,151,168,-17,17
8127,134,139,-5,5
8128,108,109,-1,1
8129,92,91,1,1
8130,65,58,7,7
8131,81,82,-1,1
8132,68,74,-6,6
8133,91,89,2,2
8134,114,107,7,7
8135,48,61,-13,13
8136,102,108,-6,6
8137,149,151,-2,2
8138,108,106,2,2
8139,60,61,-1,1
8140,103,108,-5,5
8141,65,71,-6,6
8142,119,122,-3,3
8143,104,111,-7,7
8144,64,58,6,6
8145,48,53,-5,5
8146,55,55,0,0
8147,75,80,-5,5
8148,44,61,-17,17
8149,73,82,-9,9
8150,54,55,-1,1
8151,54,61,-7,7
8152,52,56,-4,4
8153,95,84,11,11
8154,66,72,-6,6
8155,85,99,-14,14
8156,75,65,10,10
8157,95,104,-9,9
8158,95,89,6,6
8159,36,50,-14,14
8160,79,82,-3,3
8161,123,121,2,2
8162,81,71,10,10
8163,176,153,23,23
8164,60,53,7,7
8165,61,74,-13,13
8166,140,125,15,15
8167,127,121,6,6
8168,96,92,4,4
8169,99,90,9,9
8170,108,99,9,9
8171,58,59,-1,1
8172,51,61,-10,10
8173,95,90,5,5
8174,58,69,-11,11
8175,76,69,7,7
8176,116,111,5,5
8177,108,100,8,8
8178,168,154,14,14
8179,27,50,-23,23
8180,145,128,17,17
8181,53,57,-4,4
8182,67,67,0,0
8183,92,90,2,2
8184,78,70,8,8
8185,113,114,-1,1
8186,141,141,0,0
8187,136,125,11,11
8188,103,108,-5,5
8189,86,79,7,7
8190,195,190,5,5
8191,75,72,3,3
8192,63,63,0,0
8193,66,67,-1,1
8194,127,127,0,0
8195,122,113,9,9
8196,54,101,-47,47
8197,101,104,-3,3
8198,93,76,17,17
8199,64,67,-3,3
8200,108,109,-1,1
8201,111,105,6,6
8202,77,68,9,9
8203,154,152,2,2
8204,94,85,9,9
8205,84,86,-2,2
8206,76,90,-14,14
8207,87,80,7,7
8208,126,113,13,13
8209,82,81,1,1
8210,82,85,-3,3
8211,80,80,0,0
8212,126,130,-4,4
8213,64,65,-1,1
8214,142,126,16,16
8215,143,137,6,6
8216,127,138,-11,11
8217,76,76,0,0
8218,57,70,-13,13
8219,109,98,11,11
8220,141,135,6,6
8221,129,121,8,8
8222,114,106,8,8
8223,83,83,0,0
8224,149,147,2,2
8225,47,56,-9,9
8226,88,88,0,0
8227,88,85,3,3
8228,105,104,1,1
8229,93,104,-11,11
8230,109,91,18,18
8231,87,84,3,3
8232,43,50,-7,7
8233,81,77,4,4
8234,101,79,22,22
8235,80,67,13,13
8236,112,111,1,1
8237,92,100,-8,8
8238,102,101,1,1
8239,71,67,4,4
8240,166,158,8,8
8241,98,92,6,6
8242,129,118,11,11
8243,79,87,-8,8
8244,109,100,9,9
8245,145,136,9,9
8246,166,154,12,12
8247,76,80,-4,4
8248,46,52,-6,6
8249,113,107,6,6
8250,75,85,-10,10
8251,86,73,13,13
8252,76,78,-2,2
8253,88,93,-5,5
8254,67,77,-10,10
8255,100,97,3,3
8256,71,82,-11,11
8257,59,62,-3,3
8258,181,174,7,7
8259,56,57,-1,1
8260,114,97,17,17
8261,92,96,-4,4
8262,100,100,0,0
8263,75,92,-17,17
8264,188,170,18,18
8265,51,51,0,0
8266,84,95,-11,11
8267,171,182,-11,11
8268,66,61,5,5
8269,92,87,5,5
8270,122,123,-1,1
8271,40,61,-21,21
8272,87,88,-1,1
8273,122,119,3,3
8274,98,91,7,7
8275,96,93,3,3
8276,120,114,6,6
8277,82,85,-3,3
8278,88,84,4,4
8279,60,63,-3,3
8280,83,80,3,3
8281,81,69,12,12
8282,151,154,-3,3
8283,187,176,11,11
8284,98,109,-11,11
8285,95,86,9,9
8286,77,78,-1,1
8287,144,141,3,3
8288,81,82,-1,1
8289,91,93,-2,2
8290,149,148,1,1
8291,99,115,-16,16
8292,96,85,11,11
8293,129,129,0,0
8294,63,61,2,2
8295,86,85,1,1
8296,64,71,-7,7
8297,74,64,10,10
8298,93,92,1,1
8299,85,79,6,6
8300,248,225,23,23
8301,91,92,-1,1
8302,58,59,-1,1
8303,93,82,11,11
8304,93,98,-5,5
8305,55,60,-5,5
8306,102,110,-8,8
8307,107,99,8,8
8308,79,80,-1,1
8309,84,79,5,5
8310,95,93,2,2
8311,110,108,2,2
8312,80,77,3,3
8313,44,62,-18,18
8314,96,95,1,1
8315,59,66,-7,7
8316,109,108,1,1
8317,198,190,8,8
8318,81,92,-11,11
8319,119,116,3,3
8320,106,106,0,0
8321,114,102,12,12
8322,51,57,-6,6
8323,110,107,3,3
8324,112,117,-5,5
8325,99,101,-2,2
8326,80,74,6,6
8327,59,67,-8,8
8328,110,114,-4,4
8329,125,113,12,12
8330,137,126,11,11
8331,73,73,0,0
8332,190,181,9,9
8333,137,142,-5,5
8334,46,53,-7,7
8335,124,127,-3,3
8336,87,83,4,4
8337,114,103,11,11
8338,83,81,2,2
8339,85,85,0,0
8340,142,154,-12,12
8341,108,97,11,11
8342,129,130,-1,1
8343,107,99,8,8
8344,109,110,-1,1
8345,144,142,2,2
8346,76,76,0,0
8347,38,62,-24,24
8348,157,155,2,2
8349,55,54,1,1
8350,99,106,-7,7
8351,153,145,8,8
8352,74,70,4,4
8353,74,76,-2,2
8354,78,77,1,1
8355,74,83,-9,9
8356,94,92,2,2
8357,112,103,9,9
8358,141,146,-5,5
8359,82,75,7,7
8360,160,160,0,0
8361,103,101,2,2
8362,110,106,4,4
8363,42,52,-10,10
8364,69,71,-2,2
8365,59,57,2,2
8366,98,96,2,2
8367,75,71,4,4
8368,58,57,1,1
8369,74,66,8,8
8370,108,110,-2,2
8371,66,78,-12,12
8372,105,99,6,6
8373,46,61,-15,15
8374,55,56,-1,1
8375,71,65,6,6
8376,115,113,2,2
8377,88,80,8,8
8378,47,50,-3,3
8379,174,160,14,14
8380,94,88,6,6
8381,74,75,-1,1
8382,84,80,4,4
8383,85,74,11,11
8384,65,56,9,9
8385,39,50,-11,11
8386,118,107,11,11
8387,101,94,7,7
8388,78,83,-5,5
8389,97,110,-13,13
8390,104,100,4,4
8391,98,92,6,6
8392,81,94,-13,13
8393,112,111,1,1
8394,98,95,3,3
8395,96,103,-7,7
8396,53,51,2,2
8397,67,80,-13,13
8398,70,72,-2,2
8399,114,102,12,12
8400,104,110,-6,6
8401,65,69,-4,4
8402,80,77,3,3
8403,96,77,19,19
8404,70,63,7,7
8405,105,106,-1,1
8406,100,86,14,14
8407,160,145,15,15
8408,91,99,-8,8
8409,100,102,-2,2
8410,119,102,17,17
8411,65,66,-1,1
8412,99,102,-3,3
8413,172,141,31,31
8414,83,76,7,7
8415,85,75,10,10
8416,69,64,5,5
8417,59,63,-4,4
8418,93,95,-2,2
8419,81,82,-1,1
8420,75,77,-2,2
8421,62,60,2,2
8422,115,106,9,9
8423,107,141,-34,34
8424,105,104,1,1
8425,51,55,-4,4
8426,76,84,-8,8
8427,88,95,-7,7
8428,145,141,4,4
8429,114,118,-4,4
8430,38,50,-12,12
8431,133,130,3,3
8432,74,72,2,2
8433,119,114,5,5
8434,96,92,4,4
8435,143,127,16,16
8436,60,60,0,0
8437,130,118,12,12
8438,120,109,11,11
8439,122,139,-17,17
8440,113,109,4,4
8441,68,74,-6,6
8442,98,94,4,4
8443,143,123,20,20
8444,77,73,4,4
8445,92,95,-3,3
8446,61,59,2,2
8447,74,79,-5,5
8448,94,82,12,12
8449,102,100,2,2
8450,118,113,5,5
8451,119,116,3,3
8452,193,179,14,14
8453,95,95,0,0
8454,89,91,-2,2
8455,129,122,7,7
8456,124,116,8,8
8457,84,77,7,7
8458,76,78,-2,2
8459,55,57,-2,2
8460,143,135,8,8
8461,134,119,15,15
8462,88,90,-2,2
8463,132,133,-1,1
8464,114,99,15,15
8465,71,70,1,1
8466,79,71,8,8
8467,101,98,3,3
8468,134,135,-1,1
8469,61,70,-9,9
8470,81,75,6,6
8471,107,112,-5,5
8472,86,80,6,6
8473,83,82,1,1
8474,94,97,-3,3
8475,102,106,-4,4
8476,110,127,-17,17
8477,137,136,1,1
8478,56,67,-11,11
8479,134,125,9,9
8480,80,88,-8,8
8481,46,51,-5,5
8482,111,111,0,0
8483,112,107,5,5
8484,121,121,0,0
8485,113,111,2,2
8486,91,98,-7,7
8487,47,55,-8,8
8488,65,64,1,1
8489,56,65,-9,9
8490,83,86,-3,3
8491,85,92,-7,7
8492,102,95,7,7
8493,80,83,-3,3
8494,110,105,5,5
8495,141,145,-4,4
8496,90,92,-2,2
8497,73,70,3,3
8498,60,58,2,2
8499,178,148,30,30
8500,124,132,-8,8
8501,108,100,8,8
8502,100,98,2,2
8503,78,81,-3,3
8504,115,120,-5,5
8505,127,129,-2,2
8506,47,50,-3,3
8507,58,64,-6,6
8508,151,136,15,15
8509,104,95,9,9
8510,56,62,-6,6
8511,79,86,-7,7
8512,67,70,-3,3
8513,109,111,-2,2
8514,83,71,12,12
8515,101,73,28,28
8516,78,85,-7,7
8517,101,131,-30,30
8518,64,73,-9,9
8519,69,67,2,2
8520,81,81,0,0
8521,185,175,10,10
8522,89,80,9,9
8523,137,119,18,18
8524,98,94,4,4
8525,185,173,12,12
8526,62,68,-6,6
8527,135,130,5,5
8528,140,130,10,10
8529,166,171,-5,5
8530,68,72,-4,4
8531,100,110,-10,10
8532,122,135,-13,13
8533,105,106,-1,1
8534,129,127,2,2
8535,117,114,3,3
8536,74,75,-1,1
8537,91,86,5,5
8538,96,97,-1,1
8539,96,97,-1,1
8540,76,84,-8,8
8541,106,99,7,7
8542,71,64,7,7
8543,43,50,-7,7
8544,88,83,5,5
8545,79,93,-14,14
8546,104,96,8,8
8547,82,85,-3,3
8548,112,116,-4,4
8549,104,106,-2,2
8550,55,57,-2,2
8551,90,88,2,2
8552,47,59,-12,12
8553,111,97,14,14
8554,127,123,4,4
8555,67,73,-6,6
8556,163,149,14,14
8557,154,152,2,2
8558,63,66,-3,3
8559,50,56,-6,6
8560,56,63,-7,7
8561,104,109,-5,5
8562,80,86,-6,6
8563,83,78,5,5
8564,64,64,0,0
8565,55,54,1,1
8566,84,73,11,11
8567,130,124,6,6
8568,85,87,-2,2
8569,109,108,1,1
8570,153,138,15,15
8571,104,108,-4,4
8572,129,122,7,7
8573,106,100,6,6
8574,173,170,3,3
8575,93,92,1,1
8576,93,87,6,6
8577,99,96,3,3
8578,66,67,-1,1
8579,98,95,3,3
8580,110,139,-29,29
8581,50,62,-12,12
8582,104,103,1,1
8583,110,105,5,5
8584,60,74,-14,14
8585,102,97,5,5
8586,87,81,6,6
8587,133,130,3,3
8588,133,132,1,1
8589,122,106,16,16
8590,92,89,3,3
8591,139,136,3,3
8592,52,53,-1,1
8593,83,94,-11,11
8594,91,85,6,6
8595,65,63,2,2
8596,113,115,-2,2
8597,77,80,-3,3
8598,161,145,16,16
8599,92,92,0,0
8600,180,152,28,28
8601,77,74,3,3
8602,109,106,3,3
8603,81,85,-4,4
8604,98,105,-7,7
8605,54,54,0,0
8606,126,123,3,3
8607,91,93,-2,2
8608,77,82,-5,5
8609,124,119,5,5
8610,78,81,-3,3
8611,189,162,27,27
8612,80,76,4,4
8613,159,142,17,17
8614,73,80,-7,7
8615,90,99,-9,9
8616,62,64,-2,2
8617,90,88,2,2
8618,134,140,-6,6
8619,121,102,19,19
8620,87,85,2,2
8621,59,59,0,0
8622,89,100,-11,11
8623,105,105,0,0
8624,97,92,5,5
8625,110,103,7,7
8626,141,123,18,18
8627,85,86,-1,1
8628,132,130,2,2
8629,89,85,4,4
8630,75,81,-6,6
8631,81,74,7,7
8632,77,67,10,10
8633,104,97,7,7
8634,132,145,-13,13
8635,136,125,11,11
8636,82,84,-2,2
8637,85,91,-6,6
8638,76,77,-1,1
8639,109,128,-19,19
8640,51,59,-8,8
8641,85,92,-7,7
8642,58,59,-1,1
8643,161,160,1,1
8644,85,90,-5,5
8645,61,56,5,5
8646,82,84,-2,2
8647,114,118,-4,4
8648,113,110,3,3
8649,82,79,3,3
8650,128,122,6,6
8651,113,116,-3,3
8652,61,70,-9,9
8653,85,73,12,12
8654,112,105,7,7
8655,76,77,-1,1
8656,89,87,2,2
8657,142,130,12,12
8658,81,79,2,2
8659,143,142,1,1
8660,94,89,5,5
8661,134,104,30,30
8662,59,55,4,4
8663,55,61,-6,6
8664,75,82,-7,7
8665,87,91,-4,4
8666,69,55,14,14
8667,104,102,2,2
8668,57,51,6,6
8669,68,65,3,3
8670,169,161,8,8
8671,114,115,-1,1
8672,92,88,4,4
8673,97,87,10,10
8674,121,117,4,4
8675,89,73,16,16
8676,116,116,0,0
8677,93,102,-9,9
8678,116,107,9,9
8679,125,126,-1,1
8680,82,106,-24,24
8681,50,50,0,0
8682,46,67,-21,21
8683,45,53,-8,8
8684,120,121,-1,1
8685,93,90,3,3
8686,102,103,-1,1
8687,126,124,2,2
8688,108,126,-18,18
8689,110,107,3,3
8690,101,99,2,2
8691,73,75,-2,2
8692,58,54,4,4
8693,113,106,7,7
8694,136,140,-4,4
8695,64,64,0,0
8696,125,160,-35,35
8697,88,80,8,8
8698,92,87,5,5
8699,106,100,6,6
8700,90,105,-15,15
8701,85,81,4,4
8702,80,74,6,6
8703,110,105,5,5
8704,80,78,2,2
8705,117,111,6,6
8706,47,58,-11,11
8707,112,105,7,7
8708,84,85,-1,1
8709,116,109,7,7
8710,61,67,-6,6
8711,82,78,4,4
8712,164,143,21,21
8713,125,121,4,4
8714,80,85,-5,5
8715,66,65,1,1
8716,61,65,-4,4
8717,82,103,-21,21
8718,81,87,-6,6
8719,143,128,15,15
8720,145,128,17,17
8721,75,68,7,7
8722,60,77,-17,17
8723,86,90,-4,4
8724,99,103,-4,4
8725,112,108,4,4
8726,98,95,3,3
8727,96,84,12,12
8728,64,72,-8,8
8729,62,60,2,2
8730,123,129,-6,6
8731,83,87,-4,4
8732,101,100,1,1
8733,27,50,-23,23
8734,167,159,8,8
8735,149,153,-4,4
8736,94,87,7,7
8737,155,147,8,8
8738,39,50,-11,11
8739,62,62,0,0
8740,81,73,8,8
8741,58,57,1,1
8742,74,77,-3,3
8743,139,142,-3,3
8744,74,74,0,0
8745,84,88,-4,4
8746,155,121,34,34
8747,114,114,0,0
8748,152,228,-76,76
8749,104,92,12,12
8750,92,101,-9,9
8751,55,58,-3,3
8752,91,88,3,3
8753,90,81,9,9
8754,86,84,2,2
8755,76,103,-27,27
8756,86,92,-6,6
8757,49,50,-1,1
8758,105,108,-3,3
8759,67,68,-1,1
8760,96,123,-27,27
8761,105,106,-1,1
8762,98,83,15,15
8763,114,113,1,1
8764,114,117,-3,3
8765,103,115,-12,12
8766,128,123,5,5
8767,110,101,9,9
8768,89,75,14,14
8769,67,62,5,5
8770,136,115,21,21
8771,154,143,11,11
8772,62,79,-17,17
8773,109,106,3,3
8774,91,91,0,0
8775,63,63,0,0
8776,172,164,8,8
8777,93,83,10,10
8778,81,77,4,4
8779,87,94,-7,7
8780,49,63,-14,14
8781,157,160,-3,3
8782,87,85,2,2
8783,61,85,-24,24
8784,60,58,2,2
8785,129,126,3,3
8786,75,73,2,2
8787,86,91,-5,5
8788,37,50,-13,13
8789,110,111,-1,1
8790,124,118,6,6
8791,65,68,-3,3
8792,148,151,-3,3
8793,73,82,-9,9
8794,105,110,-5,5
8795,70,75,-5,5
8796,63,70,-7,7
8797,71,67,4,4
8798,71,74,-3,3
8799,68,73,-5,5
8800,96,88,8,8
8801,87,83,4,4
8802,88,88,0,0
8803,69,64,5,5
8804,83,82,1,1
8805,72,83,-11,11
8806,98,101,-3,3
8807,126,119,7,7
8808,45,55,-10,10
8809,52,52,0,0
8810,103,106,-3,3
8811,77,71,6,6
8812,83,75,8,8
8813,73,60,13,13
8814,108,106,2,2
8815,73,80,-7,7
8816,80,80,0,0
8817,57,55,2,2
8818,63,64,-1,1
8819,24,51,-27,27
8820,89,75,14,14
8821,61,63,-2,2
8822,97,98,-1,1
8823,85,87,-2,2
8824,143,145,-2,2
8825,129,123,6,6
8826,75,83,-8,8
8827,71,76,-5,5
8828,92,88,4,4
8829,72,68,4,4
8830,91,78,13,13
8831,83,71,12,12
8832,75,80,-5,5
8833,66,64,2,2
8834,43,54,-11,11
8835,127,122,5,5
8836,125,129,-4,4
8837,44,51,-7,7
8838,51,57,-6,6
8839,54,56,-2,2
8840,203,226,-23,23
8841,127,118,9,9
8842,102,98,4,4
8843,81,79,2,2
8844,69,62,7,7
8845,121,120,1,1
8846,85,76,9,9
8847,125,114,11,11
8848,138,125,13,13
8849,191,164,27,27
8850,92,98,-6,6
8851,94,92,2,2
8852,128,125,3,3
8853,35,52,-17,17
8854,104,102,2,2
8855,86,79,7,7
8856,132,122,10,10
8857,89,86,3,3
8858,48,52,-4,4
8859,75,63,12,12
8860,80,67,13,13
8861,100,95,5,5
8862,115,112,3,3
8863,135,127,8,8
8864,88,92,-4,4
8865,108,99,9,9
8866,141,147,-6,6
8867,81,81,0,0
8868,147,145,2,2
8869,94,87,7,7
8870,86,83,3,3
8871,125,120,5,5
8872,62,61,1,1
8873,82,79,3,3
8874,123,115,8,8
8875,80,74,6,6
8876,108,101,7,7
8877,91,81,10,10
8878,124,118,6,6
8879,93,95,-2,2
8880,141,158,-17,17
8881,97,75,22,22
8882,177,166,11,11
8883,80,82,-2,2
8884,133,150,-17,17
8885,98,105,-7,7
8886,104,95,9,9
8887,64,63,1,1
8888,170,158,12,12
8889,91,94,-3,3
8890,98,97,1,1
8891,125,115,10,10
8892,65,68,-3,3
8893,86,91,-5,5
8894,75,62,13,13
8895,72,72,0,0
8896,53,69,-16,16
8897,93,80,13,13
8898,69,66,3,3
8899,95,87,8,8
8900,76,77,-1,1
8901,73,71,2,2
8902,56,56,0,0
8903,92,91,1,1
8904,43,53,-10,10
8905,60,61,-1,1
8906,74,80,-6,6
8907,85,90,-5,5
8908,91,92,-1,1
8909,92,87,5,5
8910,91,86,5,5
8911,60,67,-7,7
8912,142,149,-7,7
8913,127,136,-9,9
8914,87,89,-2,2
8915,130,144,-14,14
8916,104,102,2,2
8917,62,60,2,2
8918,125,126,-1,1
8919,96,175,-79,79
8920,170,146,24,24
8921,103,120,-17,17
8922,185,172,13,13
8923,80,78,2,2
8924,56,63,-7,7
8925,105,118,-13,13
8926,63,65,-2,2
8927,88,91,-3,3
8928,79,82,-3,3
8929,60,71,-11,11
8930,84,87,-3,3
8931,123,130,-7,7
8932,107,104,3,3
8933,94,97,-3,3
8934,70,71,-1,1
8935,141,123,18,18
8936,56,51,5,5
8937,166,162,4,4
8938,120,104,16,16
8939,137,122,15,15
8940,88,94,-6,6
8941,127,101,26,26
8942,157,151,6,6
8943,130,138,-8,8
8944,106,111,-5,5
8945,131,133,-2,2
8946,54,54,0,0
8947,132,125,7,7
8948,80,76,4,4
8949,81,88,-7,7
8950,128,112,16,16
8951,36,54,-18,18
8952,106,108,-2,2
8953,85,87,-2,2
8954,64,65,-1,1
8955,81,81,0,0
8956,120,116,4,4
8957,130,120,10,10
8958,99,90,9,9
8959,70,63,7,7
8960,78,70,8,8
8961,112,114,-2,2
8962,82,80,2,2
8963,184,162,22,22
8964,129,135,-6,6
8965,111,104,7,7
8966,99,108,-9,9
8967,51,57,-6,6
8968,102,97,5,5
8969,66,68,-2,2
8970,74,75,-1,1
8971,129,129,0,0
8972,54,58,-4,4
8973,117,134,-17,17
8974,120,117,3,3
8975,73,78,-5,5
8976,177,170,7,7
8977,157,153,4,4
8978,77,78,-1,1
8979,55,59,-4,4
8980,132,122,10,10
8981,180,164,16,16
8982,72,67,5,5
8983,88,96,-8,8
8984,71,76,-5,5
8985,85,80,5,5
8986,51,51,0,0
8987,61,64,-3,3
8988,76,67,9,9
8989,90,93,-3,3
8990,64,74,-10,10
8991,67,84,-17,17
8992,95,93,2,2
8993,46,50,-4,4
8994,92,85,7,7
8995,121,139,-18,18
8996,93,95,-2,2
8997,92,95,-3,3
8998,52,53,-1,1
8999,112,120,-8,8
9000,66,102,-36,36
9001,76,71,5,5
9002,157,151,6,6
9003,75,74,1,1
9004,68,67,1,1
9005,64,66,-2,2
9006,135,123,12,12
9007,107,103,4,4
9008,79,90,-11,11
9009,82,81,1,1
9010,101,91,10,10
9011,142,160,-18,18
9012,108,107,1,1
9013,93,95,-2,2
9014,111,117,-6,6
9015,111,107,4,4
9016,101,89,12,12
9017,67,65,2,2
9018,58,57,1,1
9019,117,109,8,8
9020,100,96,4,4
9021,96,92,4,4
9022,106,103,3,3
9023,82,82,0,0
9024,57,60,-3,3
9025,95,89,6,6
9026,92,88,4,4
9027,78,79,-1,1
9028,85,79,6,6
9029,46,51,-5,5
9030,60,66,-6,6
9031,68,72,-4,4
9032,90,87,3,3
9033,106,106,0,0
9034,72,72,0,0
9035,91,86,5,5
9036,142,136,6,6
9037,63,58,5,5
9038,55,55,0,0
9039,112,109,3,3
9040,165,164,1,1
9041,80,76,4,4
9042,58,55,3,3
9043,96,103,-7,7
9044,69,68,1,1
9045,85,97,-12,12
9046,74,76,-2,2
9047,148,137,11,11
9048,61,58,3,3
9049,114,117,-3,3
9050,117,114,3,3
9051,87,89,-2,2
9052,148,144,4,4
9053,129,120,9,9
9054,100,93,7,7
9055,79,78,1,1
9056,84,83,1,1
9057,75,71,4,4
9058,101,100,1,1
9059,74,75,-1,1
9060,98,85,13,13
9061,97,99,-2,2
9062,58,56,2,2
9063,104,98,6,6
9064,122,117,5,5
9065,33,50,-17,17
9066,62,54,8,8
9067,59,62,-3,3
9068,66,73,-7,7
9069,112,106,6,6
9070,109,99,10,10
9071,67,68,-1,1
9072,157,175,-18,18
9073,147,146,1,1
9074,114,110,4,4
9075,45,50,-5,5
9076,71,77,-6,6
9077,135,126,9,9
9078,64,55,9,9
9079,101,107,-6,6
9080,93,96,-3,3
9081,92,87,5,5
9082,128,126,2,2
9083,90,81,9,9
9084,113,100,13,13
9085,62,62,0,0
9086,66,60,6,6
9087,69,71,-2,2
9088,90,87,3,3
9089,69,63,6,6
9090,87,89,-2,2
9091,70,79,-9,9
9092,88,86,2,2
9093,60,63,-3,3
9094,172,156,16,16
9095,94,94,0,0
9096,53,60,-7,7
9097,81,77,4,4
9098,103,96,7,7
9099,146,141,5,5
9100,93,91,2,2
9101,106,111,-5,5
9102,115,105,10,10
9103,171,160,11,11
9104,80,77,3,3
9105,89,79,10,10
9106,75,79,-4,4
9107,197,182,15,15
9108,52,60,-8,8
9109,56,60,-4,4
9110,76,72,4,4
9111,136,135,1,1
9112,127,128,-1,1
9113,102,106,-4,4
9114,100,100,0,0
9115,154,142,12,12
9116,127,135,-8,8
9117,115,109,6,6
9118,69,75,-6,6
9119,113,101,12,12
9120,116,116,0,0
9121,92,95,-3,3
9122,95,102,-7,7
9123,81,72,9,9
9124,81,84,-3,3
9125,148,144,4,4
9126,94,90,4,4
9127,117,116,1,1
9128,47,53,-6,6
9129,100,90,10,10
9130,133,125,8,8
9131,79,98,-19,19
9132,147,138,9,9
9133,62,63,-1,1
9134,77,81,-4,4
9135,154,141,13,13
9136,112,117,-5,5
9137,65,59,6,6
9138,42,52,-10,10
9139,114,123,-9,9
9140,114,111,3,3
9141,77,67,10,10
9142,68,73,-5,5
9143,84,83,1,1
9144,120,123,-3,3
9145,132,128,4,4
9146,113,121,-8,8
9147,86,82,4,4
9148,78,83,-5,5
9149,73,91,-18,18
9150,68,60,8,8
9151,93,98,-5,5
9152,113,125,-12,12
9153,58,59,-1,1
9154,63,60,3,3
9155,54,50,4,4
9156,123,105,18,18
9157,43,50,-7,7
9158,82,81,1,1
9159,144,138,6,6
9160,73,94,-21,21
9161,49,53,-4,4
9162,103,96,7,7
9163,179,179,0,0
9164,106,102,4,4
9165,93,95,-2,2
9166,135,141,-6,6
9167,120,119,1,1
9168,130,121,9,9
9169,79,88,-9,9
9170,82,81,1,1
9171,55,56,-1,1
9172,74,66,8,8
9173,153,147,6,6
9174,93,92,1,1
9175,107,103,4,4
9176,136,145,-9,9
9177,88,92,-4,4
9178,56,64,-8,8
9179,171,155,16,16
9180,115,111,4,4
9181,53,57,-4,4
9182,124,130,-6,6
9183,117,107,10,10
9184,76,78,-2,2
9185,168,154,14,14
9186,78,71,7,7
9187,42,50,-8,8
9188,74,75,-1,1
9189,156,133,23,23
9190,81,75,6,6
9191,88,76,12,12
9192,169,157,12,12
9193,74,71,3,3
9194,108,108,0,0
9195,98,88,10,10
9196,175,187,-12,12
9197,39,50,-11,11
9198,47,55,-8,8
9199,100,82,18,18
9200,105,93,12,12
9201,103,103,0,0
9202,114,111,3,3
9203,65,67,-2,2
9204,70,68,2,2
9205,79,75,4,4
9206,96,100,-4,4
9207,123,127,-4,4
9208,94,93,1,1
9209,124,127,-3,3
9210,102,97,5,5
9211,108,102,6,6
9212,78,85,-7,7
9213,111,114,-3,3
9214,84,91,-7,7
9215,58,52,6,6
9216,124,119,5,5
9217,92,84,8,8
9218,75,78,-3,3
9219,64,52,12,12
9220,89,83,6,6
9221,88,93,-5,5
9222,58,62,-4,4
9223,116,113,3,3
9224,57,61,-4,4
9225,98,94,4,4
9226,138,144,-6,6
9227,87,93,-6,6
9228,58,55,3,3
9229,141,128,13,13
9230,72,69,3,3
9231,63,68,-5,5
9232,173,160,13,13
9233,113,106,7,7
9234,114,103,11,11
9235,95,86,9,9
9236,80,87,-7,7
9237,75,73,2,2
9238,113,111,2,2
9239,86,95,-9,9
9240,54,57,-3,3
9241,99,94,5,5
9242,149,140,9,9
9243,73,61,12,12
9244,86,80,6,6
9245,108,105,3,3
9246,74,70,4,4
9247,59,60,-1,1
9248,106,112,-6,6
9249,158,137,21,21
9250,45,68,-23,23
9251,77,78,-1,1
9252,116,128,-12,12
9253,52,56,-4,4
9254,93,104,-11,11
9255,129,119,10,10
9256,63,63,0,0
9257,41,50,-9,9
9258,62,58,4,4
9259,168,164,4,4
9260,117,110,7,7
9261,142,133,9,9
9262,112,103,9,9
9263,101,100,1,1
9264,86,84,2,2
9265,77,81,-4,4
9266,141,129,12,12
9267,80,91,-11,11
9268,107,122,-15,15
9269,90,89,1,1
9270,65,66,-1,1
9271,57,53,4,4
9272,89,81,8,8
9273,63,57,6,6
9274,121,117,4,4
9275,108,105,3,3
9276,83,85,-2,2
9277,116,113,3,3
9278,66,71,-5,5
9279,128,129,-1,1
9280,98,99,-1,1
9281,76,80,-4,4
9282,130,121,9,9
9283,55,55,0,0
9284,64,68,-4,4
9285,107,119,-12,12
9286,117,109,8,8
9287,124,119,5,5
9288,88,86,2,2
9289,44,50,-6,6
9290,89,86,3,3
9291,82,83,-1,1
9292,78,75,3,3
9293,63,64,-1,1
9294,60,58,2,2
9295,55,59,-4,4
9296,80,84,-4,4
9297,56,58,-2,2
9298,68,72,-4,4
9299,177,174,3,3
9300,69,67,2,2
9301,63,68,-5,5
9302,116,108,8,8
9303,96,98,-2,2
9304,142,122,20,20
9305,85,80,5,5
9306,56,62,-6,6
9307,91,89,2,2
9308,72,73,-1,1
9309,69,79,-10,10
9310,114,102,12,12
9311,131,132,-1,1
9312,70,72,-2,2
9313,138,133,5,5
9314,103,100,3,3
9315,69,73,-4,4
9316,97,96,1,1
9317,98,115,-17,17
9318,117,108,9,9
9319,95,103,-8,8
9320,130,120,10,10
9321,174,156,18,18
9322,114,119,-5,5
9323,87,97,-10,10
9324,92,94,-2,2
9325,57,62,-5,5
9326,93,86,7,7
9327,90,88,2,2
9328,87,93,-6,6
9329,87,90,-3,3
9330,115,117,-2,2
9331,103,105,-2,2
9332,66,65,1,1
9333,95,91,4,4
9334,98,95,3,3
9335,82,80,2,2
9336,63,58,5,5
9337,39,52,-13,13
9338,60,64,-4,4
9339,112,105,7,7
9340,159,149,10,10
9341,41,51,-10,10
9342,96,97,-1,1
9343,117,110,7,7
9344,69,70,-1,1
9345,82,84,-2,2
9346,125,115,10,10
9347,82,80,2,2
9348,65,71,-6,6
9349,92,82,10,10
9350,91,91,0,0
9351,91,87,4,4
9352,95,90,5,5
9353,28,50,-22,22
9354,64,59,5,5
9355,73,71,2,2
9356,122,112,10,10
9357,76,83,-7,7
9358,82,75,7,7
9359,134,125,9,9
9360,118,110,8,8
9361,72,75,-3,3
9362,96,121,-25,25
9363,176,160,16,16
9364,156,148,8,8
9365,64,79,-15,15
9366,99,108,-9,9
9367,94,89,5,5
9368,84,73,11,11
9369,88,88,0,0
9370,144,146,-2,2
9371,123,115,8,8
9372,99,106,-7,7
9373,63,83,-20,20
9374,64,65,-1,1
9375,141,129,12,12
9376,71,84,-13,13
9377,166,154,12,12
9378,118,107,11,11
9379,120,109,11,11
9380,145,141,4,4
9381,87,86,1,1
9382,90,90,0,0
9383,80,87,-7,7
9384,125,125,0,0
9385,59,53,6,6
9386,171,162,9,9
9387,72,67,5,5
9388,121,103,18,18
9389,47,51,-4,4
9390,73,82,-9,9
9391,124,107,17,17
9392,87,92,-5,5
9393,95,95,0,0
9394,77,78,-1,1
9395,167,161,6,6
9396,53,84,-31,31
9397,89,82,7,7
9398,83,77,6,6
9399,77,85,-8,8
9400,127,125,2,2
9401,94,98,-4,4
9402,95,82,13,13
9403,93,93,0,0
9404,74,80,-6,6
9405,112,117,-5,5
9406,117,106,11,11
9407,69,66,3,3
9408,88,93,-5,5
9409,71,72,-1,1
9410,57,53,4,4
9411,89,83,6,6
9412,98,111,-13,13
9413,123,120,3,3
9414,88,87,1,1
9415,136,122,14,14
9416,85,76,9,9
9417,93,89,4,4
9418,150,151,-1,1
9419,50,55,-5,5
9420,77,81,-4,4
9421,87,92,-5,5
9422,123,116,7,7
9423,71,75,-4,4
9424,142,137,5,5
9425,78,81,-3,3
9426,111,107,4,4
9427,54,71,-17,17
9428,66,66,0,0
9429,110,99,11,11
9430,96,91,5,5
9431,56,59,-3,3
9432,17,50,-33,33
9433,84,80,4,4
9434,108,106,2,2
9435,103,87,16,16
9436,102,103,-1,1
9437,81,82,-1,1
9438,125,126,-1,1
9439,120,131,-11,11
9440,89,86,3,3
9441,73,66,7,7
9442,110,106,4,4
9443,86,86,0,0
9444,94,95,-1,1
9445,76,70,6,6
9446,72,67,5,5
9447,41,50,-9,9
9448,129,124,5,5
9449,80,77,3,3
9450,92,83,9,9
9451,208,182,26,26
9452,170,166,4,4
9453,88,89,-1,1
9454,43,50,-7,7
9455,65,63,2,2
9456,52,55,-3,3
9457,44,50,-6,6
9458,96,98,-2,2
9459,165,156,9,9
9460,92,84,8,8
9461,104,87,17,17
9462,131,129,2,2
9463,73,75,-2,2
9464,131,118,13,13
9465,51,66,-15,15
9466,63,68,-5,5
9467,107,113,-6,6
9468,109,123,-14,14
9469,131,115,16,16
9470,96,92,4,4
9471,90,75,15,15
9472,60,67,-7,7
9473,106,108,-2,2
9474,101,88,13,13
9475,67,68,-1,1
9476,117,115,2,2
9477,76,78,-2,2
9478,78,72,6,6
9479,94,90,4,4
9480,95,96,-1,1
9481,78,67,11,11
9482,133,128,5,5
9483,41,60,-19,19
9484,105,101,4,4
9485,102,95,7,7
9486,88,95,-7,7
9487,106,109,-3,3
9488,89,88,1,1
9489,98,120,-22,22
9490,128,118,10,10
9491,102,104,-2,2
9492,132,136,-4,4
9493,101,97,4,4
9494,144,138,6,6
9495,61,64,-3,3
9496,61,62,-1,1
9497,114,120,-6,6
9498,125,121,4,4
9499,70,68,2,2
9500,83,87,-4,4
9501,147,144,3,3
9502,97,100,-3,3
9503,82,82,0,0
9504,87,82,5,5
9505,94,88,6,6
9506,54,64,-10,10
9507,71,77,-6,6
9508,105,96,9,9
9509,87,91,-4,4
9510,95,105,-10,10
9511,71,73,-2,2
9512,76,83,-7,7
9513,123,119,4,4
9514,127,122,5,5
9515,84,93,-9,9
9516,48,56,-8,8
9517,108,94,14,14
9518,157,131,26,26
9519,54,58,-4,4
9520,100,89,11,11
9521,118,109,9,9
9522,57,57,0,0
9523,137,131,6,6
9524,80,85,-5,5
9525,48,53,-5,5
9526,49,50,-1,1
9527,94,93,1,1
9528,101,93,8,8
9529,64,68,-4,4
9530,114,125,-11,11
9531,82,77,5,5
9532,62,63,-1,1
9533,57,63,-6,6
9534,88,92,-4,4
9535,92,96,-4,4
9536,66,84,-18,18
9537,76,81,-5,5
9538,59,58,1,1
9539,89,86,3,3
9540,63,62,1,1
9541,51,52,-1,1
9542,123,119,4,4
9543,88,93,-5,5
9544,59,64,-5,5
9545,66,65,1,1
9546,135,120,15,15
9547,54,59,-5,5
9548,24,50,-26,26
9549,91,78,13,13
9550,166,157,9,9
9551,45,50,-5,5
9552,95,87,8,8
9553,99,99,0,0
9554,70,75,-5,5
9555,81,71,10,10
9556,97,86,11,11
9557,75,91,-16,16
9558,55,63,-8,8
9559,86,91,-5,5
9560,172,160,12,12
9561,65,78,-13,13
9562,174,164,10,10
9563,78,77,1,1
9564,81,88,-7,7
9565,68,62,6,6
9566,74,63,11,11
9567,46,51,-5,5
9568,119,125,-6,6
9569,48,54,-6,6
9570,112,116,-4,4
9571,135,149,-14,14
9572,91,80,11,11
9573,103,95,8,8
9574,95,115,-20,20
9575,91,74,17,17
9576,201,172,29,29
9577,89,87,2,2
9578,71,64,7,7
9579,198,182,16,16
9580,93,82,11,11
9581,82,79,3,3
9582,132,126,6,6
9583,79,90,-11,11
9584,60,61,-1,1
9585,72,84,-12,12
9586,107,110,-3,3
9587,112,109,3,3
9588,99,104,-5,5
9589,104,111,-7,7
9590,68,69,-1,1
9591,57,57,0,0
9592,47,53,-6,6
9593,96,92,4,4
9594,95,104,-9,9
9595,43,50,-7,7
9596,116,106,10,10
9597,65,70,-5,5
9598,106,90,16,16
9599,117,128,-11,11
9600,96,93,3,3
9601,67,67,0,0
9602,100,89,11,11
9603,108,106,2,2
9604,103,101,2,2
9605,58,59,-1,1
9606,88,85,3,3
9607,133,125,8,8
9608,161,155,6,6
9609,95,89,6,6
9610,99,87,12,12
9611,69,61,8,8
9612,112,107,5,5
9613,127,117,10,10
9614,66,67,-1,1
9615,116,117,-1,1
9616,105,115,-10,10
9617,100,92,8,8
9618,93,93,0,0
9619,79,86,-7,7
9620,121,112,9,9
9621,86,94,-8,8
9622,88,79,9,9
9623,177,155,22,22
9624,67,62,5,5
9625,73,74,-1,1
9626,105,100,5,5
9627,115,112,3,3
9628,141,135,6,6
9629,75,75,0,0
9630,58,62,-4,4
9631,86,84,2,2
9632,137,130,7,7
9633,113,115,-2,2
9634,92,87,5,5
9635,83,89,-6,6
9636,103,115,-12,12
9637,145,127,18,18
9638,84,81,3,3
9639,123,129,-6,6
9640,104,101,3,3
9641,61,61,0,0
9642,79,95,-16,16
9643,90,113,-23,23
9644,115,116,-1,1
9645,138,141,-3,3
9646,80,80,0,0
9647,92,95,-3,3
9648,126,121,5,5
9649,62,51,11,11
9650,81,85,-4,4
9651,88,79,9,9
9652,90,92,-2,2
9653,70,69,1,1
9654,113,105,8,8
9655,81,84,-3,3
9656,70,79,-9,9
9657,87,82,5,5
9658,62,70,-8,8
9659,54,57,-3,3
9660,85,86,-1,1
9661,76,74,2,2
9662,44,51,-7,7
9663,106,98,8,8
9664,116,109,7,7
9665,114,129,-15,15
9666,156,153,3,3
9667,127,115,12,12
9668,61,62,-1,1
9669,57,54,3,3
9670,128,126,2,2
9671,90,81,9,9
9672,113,107,6,6
9673,81,75,6,6
9674,48,57,-9,9
9675,47,52,-5,5
9676,139,124,15,15
9677,154,146,8,8
9678,104,113,-9,9
9679,97,94,3,3
9680,123,119,4,4
9681,68,58,10,10
9682,94,95,-1,1
9683,77,88,-11,11
9684,45,51,-6,6
9685,78,77,1,1
9686,75,80,-5,5
9687,79,75,4,4
9688,175,168,7,7
9689,117,113,4,4
9690,108,103,5,5
9691,106,110,-4,4
9692,82,71,11,11
9693,112,100,12,12
9694,74,73,1,1
9695,117,118,-1,1
9696,94,96,-2,2
9697,226,208,18,18
9698,120,111,9,9
9699,40,50,-10,10
9700,40,102,-62,62
9701,119,120,-1,1
9702,51,54,-3,3
9703,61,61,0,0
9704,119,111,8,8
9705,97,83,14,14
9706,70,74,-4,4
9707,101,91,10,10
9708,160,150,10,10
9709,88,83,5,5
9710,41,52,-11,11
9711,86,83,3,3
9712,76,80,-4,4
9713,66,74,-8,8
9714,110,113,-3,3
9715,120,115,5,5
9716,97,97,0,0
9717,89,97,-8,8
9718,117,112,5,5
9719,59,65,-6,6
9720,145,138,7,7
9721,84,75,9,9
9722,78,86,-8,8
9723,65,64,1,1
9724,62,64,-2,2
9725,114,112,2,2
9726,76,79,-3,3
9727,51,59,-8,8
9728,131,141,-10,10
9729,162,169,-7,7
9730,90,96,-6,6
9731,95,96,-1,1
9732,49,60,-11,11
9733,81,84,-3,3
9734,103,100,3,3
9735,136,138,-2,2
9736,116,113,3,3
9737,74,70,4,4
9738,54,63,-9,9
9739,110,112,-2,2
9740,113,102,11,11
9741,142,118,24,24
9742,130,105,25,25
9743,156,147,9,9
9744,186,189,-3,3
9745,70,68,2,2
9746,115,106,9,9
9747,149,132,17,17
9748,135,123,12,12
9749,72,68,4,4
9750,143,138,5,5
9751,190,174,16,16
9752,117,128,-11,11
9753,124,109,15,15
9754,78,86,-8,8
9755,90,94,-4,4
9756,49,51,-2,2
9757,52,57,-5,5
9758,48,55,-7,7
9759,69,68,1,1
9760,69,75,-6,6
9761,40,53,-13,13
9762,89,93,-4,4
9763,85,83,2,2
9764,104,114,-10,10
9765,130,122,8,8
9766,110,90,20,20
9767,136,127,9,9
9768,91,82,9,9
9769,83,89,-6,6
9770,50,52,-2,2
9771,104,104,0,0
9772,83,74,9,9
9773,114,113,1,1
9774,119,131,-12,12
9775,88,82,6,6
9776,68,92,-24,24
9777,84,101,-17,17
9778,93,73,20,20
9779,56,57,-1,1
9780,66,69,-3,3
9781,60,62,-2,2
9782,58,61,-3,3
9783,142,142,0,0
9784,197,176,21,21
9785,53,55,-2,2
9786,86,100,-14,14
9787,85,86,-1,1
9788,153,132,21,21
9789,58,61,-3,3
9790,78,72,6,6
9791,159,145,14,14
9792,129,127,2,2
9793,115,113,2,2
9794,64,62,2,2
9795,142,138,4,4
9796,83,79,4,4
9797,171,178,-7,7
9798,137,138,-1,1
9799,107,110,-3,3
9800,101,88,13,13
9801,75,66,9,9
9802,103,98,5,5
9803,80,82,-2,2
9804,51,57,-6,6
9805,92,83,9,9
9806,88,84,4,4
9807,96,101,-5,5
9808,140,124,16,16
9809,107,107,0,0
9810,59,60,-1,1
9811,128,113,15,15
9812,80,80,0,0
9813,40,50,-10,10
9814,139,134,5,5
9815,79,71,8,8
9816,89,78,11,11
9817,127,123,4,4
9818,132,122,10,10
9819,104,109,-5,5
9820,100,88,12,12
9821,76,75,1,1
9822,182,150,32,32
9823,43,50,-7,7
9824,56,56,0,0
9825,140,135,5,5
9826,98,102,-4,4
9827,66,75,-9,9
9828,52,56,-4,4
9829,100,97,3,3
9830,131,117,14,14
9831,47,85,-38,38
9832,57,57,0,0
9833,58,62,-4,4
9834,100,95,5,5
9835,143,147,-4,4
9836,81,73,8,8
9837,130,107,23,23
9838,63,72,-9,9
9839,84,100,-16,16
9840,86,87,-1,1
9841,118,112,6,6
9842,109,99,10,10
9843,176,181,-5,5
9844,68,69,-1,1
9845,102,104,-2,2
9846,65,61,4,4
9847,88,91,-3,3
9848,127,115,12,12
9849,56,55,1,1
9850,104,104,0,0
9851,105,95,10,10
9852,84,83,1,1
9853,27,65,-38,38
9854,95,98,-3,3
9855,77,77,0,0
9856,192,195,-3,3
9857,78,68,10,10
9858,122,121,1,1
9859,80,87,-7,7
9860,94,81,13,13
9861,126,121,5,5
9862,44,51,-7,7
9863,73,77,-4,4
9864,104,81,23,23
9865,71,66,5,5
9866,65,72,-7,7
9867,96,81,15,15
9868,116,93,23,23
9869,103,104,-1,1
9870,129,125,4,4
9871,143,139,4,4
9872,100,115,-15,15
9873,133,118,15,15
9874,64,65,-1,1
9875,121,118,3,3
9876,61,61,0,0
9877,55,63,-8,8
9878,49,52,-3,3
9879,86,82,4,4
9880,85,81,4,4
9881,61,57,4,4
9882,128,133,-5,5
9883,91,76,15,15
9884,99,81,18,18
9885,92,90,2,2
9886,179,170,9,9
9887,114,101,13,13
9888,66,61,5,5
9889,78,86,-8,8
9890,69,68,1,1
9891,121,114,7,7
9892,85,71,14,14
9893,110,127,-17,17
9894,92,95,-3,3
9895,117,103,14,14
9896,174,167,7,7
9897,135,134,1,1
9898,64,59,5,5
9899,75,71,4,4
9900,97,108,-11,11
9901,120,124,-4,4
9902,102,96,6,6
9903,91,89,2,2
9904,70,77,-7,7
9905,64,70,-6,6
9906,49,51,-2,2
9907,94,100,-6,6
9908,71,79,-8,8
9909,136,157,-21,21
9910,68,68,0,0
9911,122,121,1,1
9912,73,71,2,2
9913,114,111,3,3
9914,98,95,3,3
9915,104,102,2,2
9916,103,92,11,11
9917,108,101,7,7
9918,127,119,8,8
9919,130,135,-5,5
9920,95,96,-1,1
9921,89,81,8,8
9922,73,72,1,1
9923,157,139,18,18
9924,103,97,6,6
9925,105,102,3,3
9926,112,101,11,11
9927,109,101,8,8
9928,79,76,3,3
9929,92,110,-18,18
9930,72,68,4,4
9931,48,57,-9,9
9932,98,90,8,8
9933,111,110,1,1
9934,119,110,9,9
9935,139,120,19,19
9936,55,67,-12,12
9937,107,113,-6,6
9938,135,143,-8,8
9939,102,93,9,9
9940,88,91,-3,3
9941,105,115,-10,10
9942,136,118,18,18
9943,82,85,-3,3
9944,67,66,1,1
9945,123,122,1,1
9946,120,122,-2,2
9947,94,100,-6,6
9948,51,54,-3,3
9949,95,85,10,10
9950,92,92,0,0
9951,154,133,21,21
9952,76,77,-1,1
9953,59,57,2,2
9954,153,137,16,16
9955,66,73,-7,7
9956,96,104,-8,8
9957,131,125,6,6
9958,81,75,6,6
9959,80,83,-3,3
9960,59,59,0,0
9961,72,76,-4,4
9962,148,142,6,6
9963,123,134,-11,11
9964,72,72,0,0
9965,59,59,0,0
9966,145,144,1,1
9967,95,96,-1,1
9968,125,123,2,2
9969,79,80,-1,1
9970,79,82,-3,3
9971,68,69,-1,1
9972,135,137,-2,2
9973,96,95,1,1
9974,64,63,1,1
9975,62,56,6,6
9976,102,98,4,4
9977,141,133,8,8
9978,82,73,9,9
9979,84,69,15,15
9980,85,84,1,1
9981,77,80,-3,3
9982,107,98,9,9
9983,94,94,0,0
9984,84,73,11,11
9985,90,86,4,4
9986,127,123,4,4
9987,94,93,1,1
9988,142,164,-22,22
9989,88,93,-5,5
9990,104,98,6,6
9991,66,69,-3,3
9992,48,52,-4,4
9993,76,73,3,3
9994,105,109,-4,4
9995,62,57,5,5
9996,82,83,-1,1
9997,123,123,0,0
9998,88,92,-4,4
9999,68,64,4,4
10000,171,153,18,18
10001,134,127,7,7
10002,81,77,4,4
10003,66,69,-3,3
10004,49,54,-5,5
10005,92,93,-1,1
10006,121,120,1,1
10007,133,124,9,9
10008,147,133,14,14
10009,81,80,1,1
10010,69,72,-3,3
10011,83,84,-1,1
10012,88,89,-1,1
10013,59,52,7,7
10014,91,96,-5,5
10015,153,156,-3,3
10016,114,108,6,6
10017,77,87,-10,10
10018,85,71,14,14
10019,80,74,6,6
10020,74,72,2,2
10021,169,160,9,9
10022,108,106,2,2
10023,121,124,-3,3
10024,83,86,-3,3
10025,56,56,0,0
10026,74,74,0,0
10027,53,59,-6,6
10028,80,88,-8,8
10029,79,79,0,0
10030,117,113,4,4
10031,174,161,13,13
10032,77,72,5,5
10033,114,97,17,17
10034,79,79,0,0
10035,158,145,13,13
10036,80,79,1,1
10037,90,114,-24,24
10038,111,107,4,4
10039,155,142,13,13
10040,55,58,-3,3
10041,74,75,-1,1
10042,62,67,-5,5
10043,138,137,1,1
10044,143,153,-10,10
10045,113,116,-3,3
10046,100,106,-6,6
10047,115,97,18,18
10048,49,52,-3,3
10049,139,145,-6,6
10050,114,118,-4,4
10051,125,129,-4,4
10052,61,61,0,0
10053,136,129,7,7
10054,77,73,4,4
10055,211,185,26,26
10056,66,61,5,5
10057,111,105,6,6
10058,122,124,-2,2
10059,139,132,7,7
10060,121,108,13,13
10061,108,116,-8,8
10062,85,90,-5,5
10063,110,113,-3,3
10064,62,72,-10,10
10065,107,100,7,7
10066,49,51,-2,2
10067,82,81,1,1
10068,92,92,0,0
10069,59,60,-1,1
10070,56,57,-1,1
10071,105,97,8,8
10072,61,67,-6,6
10073,95,105,-10,10
10074,56,60,-4,4
10075,148,147,1,1
10076,123,127,-4,4
10077,111,116,-5,5
10078,75,72,3,3
10079,139,151,-12,12
10080,68,69,-1,1
10081,90,82,8,8
10082,150,156,-6,6
10083,133,119,14,14
10084,49,54,-5,5
10085,62,64,-2,2
10086,111,100,11,11
10087,117,114,3,3
10088,151,147,4,4
10089,100,98,2,2
10090,42,52,-10,10
10091,78,73,5,5
10092,48,52,-4,4
10093,118,104,14,14
10094,70,61,9,9
10095,117,128,-11,11
10096,61,81,-20,20
10097,94,101,-7,7
10098,78,79,-1,1
10099,170,157,13,13
10100,68,67,1,1
10101,78,70,8,8
10102,47,52,-5,5
10103,130,110,20,20
10104,80,75,5,5
10105,70,75,-5,5
10106,49,57,-8,8
10107,117,111,6,6
10108,86,87,-1,1
10109,82,74,8,8
10110,54,55,-1,1
10111,160,153,7,7
10112,78,90,-12,12
10113,82,81,1,1
10114,59,58,1,1
10115,115,110,5,5
10116,86,89,-3,3
10117,119,108,11,11
10118,116,117,-1,1
10119,90,96,-6,6
10120,75,78,-3,3
10121,81,82,-1,1
10122,87,91,-4,4
10123,108,103,5,5
10124,50,56,-6,6
10125,53,55,-2,2
10126,130,139,-9,9
10127,125,111,14,14
10128,118,111,7,7
10129,112,111,1,1
10130,62,72,-10,10
10131,105,103,2,2
10132,90,96,-6,6
10133,143,144,-1,1
10134,58,57,1,1
10135,64,68,-4,4
10136,108,100,8,8
10137,98,83,15,15
10138,136,129,7,7
10139,101,115,-14,14
10140,85,91,-6,6
10141,92,96,-4,4
10142,144,131,13,13
10143,80,83,-3,3
10144,110,96,14,14
10145,66,62,4,4
10146,73,68,5,5
10147,59,59,0,0
10148,88,90,-2,2
10149,74,85,-11,11
10150,61,62,-1,1
10151,125,115,10,10
10152,55,55,0,0
10153,115,110,5,5
10154,58,66,-8,8
10155,76,82,-6,6
10156,137,141,-4,4
10157,81,75,6,6
10158,116,115,1,1
10159,81,79,2,2
10160,94,89,5,5
10161,78,93,-15,15
10162,80,74,6,6
10163,99,95,4,4
10164,118,114,4,4
10165,137,129,8,8
10166,98,103,-5,5
10167,71,66,5,5
10168,83,87,-4,4
10169,132,140,-8,8
10170,69,70,-1,1
10171,119,118,1,1
10172,101,112,-11,11
10173,92,94,-2,2
10174,74,68,6,6
10175,95,97,-2,2
10176,67,68,-1,1
10177,50,59,-9,9
10178,106,101,5,5
10179,102,94,8,8
10180,359,284,75,75
10181,58,58,0,0
10182,94,91,3,3
10183,90,77,13,13
10184,88,82,6,6
10185,105,92,13,13
10186,75,76,-1,1
10187,89,89,0,0
10188,86,83,3,3
10189,133,129,4,4
10190,35,50,-15,15
10191,88,81,7,7
10192,177,161,16,16
10193,100,95,5,5
10194,65,61,4,4
10195,104,100,4,4
10196,67,62,5,5
10197,86,88,-2,2
10198,123,115,8,8
10199,108,100,8,8
10200,84,80,4,4
10201,54,59,-5,5
10202,95,95,0,0
10203,86,79,7,7
10204,70,83,-13,13
10205,84,77,7,7
10206,107,102,5,5
10207,45,51,-6,6
10208,85,87,-2,2
10209,79,88,-9,9
10210,125,123,2,2
10211,92,88,4,4
10212,74,75,-1,1
10213,139,143,-4,4
10214,84,78,6,6
10215,103,116,-13,13
10216,60,72,-12,12
10217,78,84,-6,6
10218,69,65,4,4
10219,131,128,3,3
10220,102,97,5,5
10221,69,73,-4,4
10222,58,64,-6,6
10223,43,51,-8,8
10224,29,50,-21,21
10225,86,89,-3,3
10226,114,114,0,0
10227,38,51,-13,13
10228,113,121,-8,8
10229,74,84,-10,10
10230,67,67,0,0
10231,221,210,11,11
10232,103,97,6,6
10233,224,214,10,10
10234,82,99,-17,17
10235,104,97,7,7
10236,115,108,7,7
10237,70,84,-14,14
10238,92,91,1,1
10239,118,115,3,3
10240,159,141,18,18
10241,124,114,10,10
10242,165,136,29,29
10243,118,121,-3,3
10244,79,73,6,6
10245,113,105,8,8
10246,61,63,-2,2
10247,112,107,5,5
10248,68,69,-1,1
10249,71,80,-9,9
10250,127,119,8,8
10251,82,78,4,4
10252,63,61,2,2
10253,189,197,-8,8
10254,73,75,-2,2
10255,76,68,8,8
10256,99,108,-9,9
10257,131,130,1,1
10258,88,90,-2,2
10259,61,64,-3,3
10260,135,129,6,6
10261,52,59,-7,7
10262,114,112,2,2
10263,82,82,0,0
10264,106,102,4,4
10265,102,115,-13,13
10266,105,116,-11,11
10267,77,83,-6,6
10268,66,62,4,4
10269,129,118,11,11
10270,73,75,-2,2
10271,77,73,4,4
10272,70,69,1,1
10273,40,50,-10,10
10274,55,64,-9,9
10275,130,131,-1,1
10276,168,156,12,12
10277,76,65,11,11
10278,136,128,8,8
10279,104,108,-4,4
10280,52,58,-6,6
10281,151,142,9,9
10282,74,79,-5,5
10283,60,68,-8,8
10284,90,83,7,7
10285,81,76,5,5
10286,118,121,-3,3
10287,96,97,-1,1
10288,96,91,5,5
10289,151,149,2,2
10290,125,119,6,6
10291,73,67,6,6
10292,107,102,5,5
10293,113,115,-2,2
10294,118,125,-7,7
10295,71,77,-6,6
10296,68,71,-3,3
10297,65,67,-2,2
10298,48,53,-5,5
10299,73,75,-2,2
10300,86,107,-21,21
10301,45,50,-5,5
10302,87,86,1,1
10303,113,110,3,3
10304,137,133,4,4
10305,114,120,-6,6
10306,61,59,2,2
10307,106,94,12,12
10308,128,127,1,1
10309,111,113,-2,2
10310,100,96,4,4
10311,100,91,9,9
10312,133,140,-7,7
10313,96,95,1,1
10314,133,130,3,3
10315,130,127,3,3
10316,78,85,-7,7
10317,130,110,20,20
10318,110,120,-10,10
10319,75,84,-9,9
10320,144,145,-1,1
10321,81,85,-4,4
10322,63,70,-7,7
10323,122,121,1,1
10324,119,124,-5,5
10325,99,96,3,3
10326,111,108,3,3
10327,143,122,21,21
10328,104,119,-15,15
10329,93,86,7,7
10330,72,79,-7,7
10331,79,84,-5,5
10332,128,129,-1,1
10333,99,94,5,5
10334,76,84,-8,8
10335,100,102,-2,2
10336,70,69,1,1
10337,148,149,-1,1
10338,68,64,4,4
10339,100,110,-10,10
10340,74,89,-15,15
10341,86,75,11,11
10342,93,86,7,7
10343,138,117,21,21
10344,149,159,-10,10
10345,65,60,5,5
10346,89,94,-5,5
10347,117,79,38,38
10348,98,85,13,13
10349,127,123,4,4
10350,106,97,9,9
10351,68,61,7,7
10352,160,140,20,20
10353,83,89,-6,6
10354,129,114,15,15
10355,117,103,14,14
10356,74,84,-10,10
10357,101,98,3,3
10358,113,110,3,3
10359,121,111,10,10
10360,122,129,-7,7
10361,117,112,5,5
10362,131,137,-6,6
10363,68,61,7,7
10364,86,91,-5,5
10365,97,87,10,10
10366,125,120,5,5
10367,65,69,-4,4
10368,49,54,-5,5
10369,81,79,2,2
10370,103,104,-1,1
10371,110,102,8,8
10372,86,90,-4,4
10373,103,100,3,3
10374,103,105,-2,2
10375,59,58,1,1
10376,119,108,11,11
10377,40,50,-10,10
10378,102,103,-1,1
10379,120,114,6,6
10380,103,106,-3,3
10381,101,100,1,1
10382,106,104,2,2
10383,110,112,-2,2
10384,82,77,5,5
10385,88,80,8,8
10386,174,174,0,0
10387,99,88,11,11
10388,66,65,1,1
10389,105,107,-2,2
10390,59,59,0,0
10391,128,111,17,17
10392,53,64,-11,11
10393,123,126,-3,3
10394,88,84,4,4
10395,80,78,2,2
10396,72,85,-13,13
10397,73,76,-3,3
10398,60,61,-1,1
10399,88,87,1,1
10400,82,82,0,0
10401,156,141,15,15
10402,163,143,20,20
10403,73,73,0,0
10404,105,94,11,11
10405,137,123,14,14
10406,74,78,-4,4
10407,85,77,8,8
10408,71,75,-4,4
10409,56,64,-8,8
10410,95,89,6,6
10411,48,52,-4,4
10412,113,114,-1,1
10413,96,96,0,0
10414,111,111,0,0
10415,80,114,-34,34
10416,44,50,-6,6
10417,73,67,6,6
10418,132,111,21,21
10419,100,88,12,12
10420,126,118,8,8
10421,77,83,-6,6
10422,81,91,-10,10
10423,68,62,6,6
10424,73,93,-20,20
10425,100,98,2,2
10426,98,87,11,11
10427,60,59,1,1
10428,110,109,1,1
10429,102,101,1,1
10430,75,72,3,3
10431,138,139,-1,1
10432,81,76,5,5
10433,108,117,-9,9
10434,148,135,13,13
10435,59,56,3,3
10436,88,92,-4,4
10437,104,82,22,22
10438,72,66,6,6
10439,82,84,-2,2
10440,93,96,-3,3
10441,93,88,5,5
10442,160,153,7,7
10443,129,128,1,1
10444,113,115,-2,2
10445,116,97,19,19
10446,119,118,1,1
10447,86,84,2,2
10448,44,61,-17,17
10449,76,68,8,8
10450,61,63,-2,2
10451,80,91,-11,11
10452,99,85,14,14
10453,87,102,-15,15
10454,117,112,5,5
10455,50,70,-20,20
10456,150,135,15,15
10457,123,113,10,10
10458,100,77,23,23
10459,147,142,5,5
10460,185,186,-1,1
10461,59,57,2,2
10462,81,74,7,7
10463,61,76,-15,15
10464,126,120,6,6
10465,82,86,-4,4
10466,100,98,2,2
10467,81,75,6,6
10468,39,50,-11,11
10469,77,69,8,8
10470,51,52,-1,1
10471,98,106,-8,8
10472,133,146,-13,13
10473,80,78,2,2
10474,151,135,16,16
10475,88,77,11,11
10476,55,53,2,2
10477,72,80,-8,8
10478,75,86,-11,11
10479,77,70,7,7
10480,81,71,10,10
10481,144,141,3,3
10482,121,103,18,18
10483,57,56,1,1
10484,69,79,-10,10
10485,99,98,1,1
10486,64,70,-6,6
10487,130,110,20,20
10488,106,107,-1,1
10489,72,73,-1,1
10490,67,70,-3,3
10491,68,67,1,1
10492,79,84,-5,5
10493,81,84,-3,3
10494,69,69,0,0
10495,67,65,2,2
10496,73,76,-3,3
10497,39,50,-11,11
10498,112,121,-9,9
10499,71,75,-4,4
10500,132,121,11,11
10501,133,136,-3,3
10502,95,93,2,2
10503,112,103,9,9
10504,112,100,12,12
10505,99,113,-14,14
10506,71,79,-8,8
10507,127,143,-16,16
10508,89,96,-7,7
10509,87,80,7,7
10510,124,115,9,9
10511,66,67,-1,1
10512,92,97,-5,5
10513,80,76,4,4
10514,94,95,-1,1
10515,146,154,-8,8
10516,139,139,0,0
10517,136,130,6,6
10518,63,61,2,2
10519,54,57,-3,3
10520,171,160,11,11
10521,91,87,4,4
10522,170,157,13,13
10523,147,144,3,3
10524,70,68,2,2
10525,140,144,-4,4
10526,117,118,-1,1
10527,72,71,1,1
10528,132,127,5,5
10529,63,62,1,1
10530,102,106,-4,4
10531,81,82,-1,1
10532,90,89,1,1
10533,87,91,-4,4
10534,127,122,5,5
10535,56,55,1,1
10536,44,50,-6,6
10537,122,116,6,6
10538,111,110,1,1
10539,66,70,-4,4
10540,110,116,-6,6
10541,101,102,-1,1
10542,119,122,-3,3
10543,75,82,-7,7
10544,65,65,0,0
10545,55,58,-3,3
10546,76,85,-9,9
10547,70,71,-1,1
10548,157,184,-27,27
10549,27,50,-23,23
10550,83,80,3,3
10551,125,121,4,4
10552,95,100,-5,5
10553,86,77,9,9
10554,116,117,-1,1
10555,66,64,2,2
10556,144,163,-19,19
10557,96,102,-6,6
10558,94,94,0,0
10559,37,50,-13,13
10560,195,179,16,16
10561,108,104,4,4
10562,130,130,0,0
10563,78,82,-4,4
10564,57,61,-4,4
10565,72,66,6,6
10566,57,69,-12,12
10567,90,102,-12,12
10568,67,60,7,7
10569,157,154,3,3
10570,57,64,-7,7
10571,94,95,-1,1
10572,69,72,-3,3
10573,86,85,1,1
10574,58,60,-2,2
10575,105,105,0,0
10576,74,72,2,2
10577,116,114,2,2
10578,78,73,5,5
10579,115,107,8,8
10580,64,63,1,1
10581,127,116,11,11
10582,77,77,0,0
10583,99,87,12,12
10584,68,72,-4,4
10585,101,113,-12,12
10586,88,84,4,4
10587,121,119,2,2
10588,100,100,0,0
10589,87,67,20,20
10590,80,73,7,7
10591,43,51,-8,8
10592,103,107,-4,4
10593,149,137,12,12
10594,67,72,-5,5
10595,110,112,-2,2
10596,127,114,13,13
10597,55,56,-1,1
10598,133,127,6,6
10599,82,85,-3,3
10600,45,50,-5,5
10601,59,60,-1,1
10602,120,115,5,5
10603,103,108,-5,5
10604,145,143,2,2
10605,119,122,-3,3
10606,75,80,-5,5
10607,74,66,8,8
10608,109,111,-2,2
10609,148,141,7,7
10610,80,80,0,0
10611,68,66,2,2
10612,116,119,-3,3
10613,114,106,8,8
10614,100,101,-1,1
10615,72,75,-3,3
10616,119,130,-11,11
10617,96,87,9,9
10618,58,62,-4,4
10619,132,139,-7,7
10620,169,168,1,1
10621,70,69,1,1
10622,90,83,7,7
10623,93,89,4,4
10624,107,127,-20,20
10625,124,113,11,11
10626,43,51,-8,8
10627,102,97,5,5
10628,107,104,3,3
10629,61,67,-6,6
10630,62,66,-4,4
10631,72,70,2,2
10632,129,118,11,11
10633,74,75,-1,1
10634,81,77,4,4
10635,107,96,11,11
10636,79,75,4,4
10637,43,50,-7,7
10638,72,77,-5,5
10639,102,88,14,14
10640,93,85,8,8
10641,90,89,1,1
10642,66,58,8,8
10643,125,118,7,7
10644,73,71,2,2
10645,78,72,6,6
10646,49,53,-4,4
10647,81,71,10,10
10648,74,81,-7,7
10649,78,73,5,5
10650,82,82,0,0
10651,92,110,-18,18
10652,110,84,26,26
10653,96,94,2,2
10654,83,86,-3,3
10655,143,140,3,3
10656,88,78,10,10
10657,111,111,0,0
10658,54,54,0,0
10659,66,71,-5,5
10660,68,82,-14,14
10661,57,62,-5,5
10662,169,145,24,24
10663,63,72,-9,9
10664,131,143,-12,12
10665,102,99,3,3
10666,47,55,-8,8
10667,58,64,-6,6
10668,127,122,5,5
10669,100,91,9,9
10670,109,114,-5,5
10671,109,103,6,6
10672,92,89,3,3
10673,93,90,3,3
10674,64,61,3,3
10675,95,102,-7,7
10676,97,91,6,6
10677,87,91,-4,4
10678,65,68,-3,3
10679,84,85,-1,1
10680,140,120,20,20
10681,88,85,3,3
10682,56,55,1,1
10683,131,126,5,5
10684,107,101,6,6
10685,93,87,6,6
10686,125,116,9,9
10687,204,190,14,14
10688,128,115,13,13
10689,80,75,5,5
10690,161,178,-17,17
10691,114,111,3,3
10692,96,79,17,17
10693,79,84,-5,5
10694,60,60,0,0
10695,176,166,10,10
10696,41,50,-9,9
10697,50,56,-6,6
10698,45,50,-5,5
10699,168,135,33,33
10700,65,63,2,2
10701,57,50,7,7
10702,98,98,0,0
10703,77,76,1,1
10704,84,82,2,2
10705,76,82,-6,6
10706,75,84,-9,9
10707,93,91,2,2
10708,71,101,-30,30
10709,87,83,4,4
10710,65,68,-3,3
10711,130,118,12,12
10712,74,61,13,13
10713,34,50,-16,16
10714,129,109,20,20
10715,114,120,-6,6
10716,70,66,4,4
10717,50,62,-12,12
10718,93,85,8,8
10719,55,52,3,3
10720,94,82,12,12
10721,46,50,-4,4
10722,50,50,0,0
10723,104,94,10,10
10724,118,116,2,2
10725,102,97,5,5
10726,84,82,2,2
10727,165,177,-12,12
10728,97,99,-2,2
10729,92,93,-1,1
10730,89,79,10,10
10731,76,73,3,3
10732,75,94,-19,19
10733,142,139,3,3
10734,96,96,0,0
10735,145,147,-2,2
10736,87,90,-3,3
10737,64,62,2,2
10738,48,62,-14,14
10739,94,92,2,2
10740,69,63,6,6
10741,66,58,8,8
10742,131,120,11,11
10743,98,93,5,5
10744,94,100,-6,6
10745,65,65,0,0
10746,89,89,0,0
10747,128,119,9,9
10748,144,133,11,11
10749,53,58,-5,5
10750,108,111,-3,3
10751,29,50,-21,21
10752,58,55,3,3
10753,94,105,-11,11
10754,74,70,4,4
10755,133,129,4,4
10756,75,72,3,3
10757,87,79,8,8
10758,133,130,3,3
10759,74,67,7,7
10760,80,81,-1,1
10761,52,54,-2,2
10762,116,113,3,3
10763,158,153,5,5
10764,224,202,22,22
10765,97,99,-2,2
10766,128,119,9,9
10767,102,102,0,0
10768,114,106,8,8
10769,41,50,-9,9
10770,86,87,-1,1
10771,42,51,-9,9
10772,111,106,5,5
10773,142,142,0,0
10774,68,70,-2,2
10775,65,64,1,1
10776,116,119,-3,3
10777,91,81,10,10
10778,157,154,3,3
10779,140,134,6,6
10780,126,115,11,11
10781,77,70,7,7
10782,86,86,0,0
10783,102,102,0,0
10784,95,93,2,2
10785,64,64,0,0
10786,103,117,-14,14
10787,55,58,-3,3
10788,77,82,-5,5
10789,160,150,10,10
10790,58,58,0,0
10791,191,187,4,4
10792,121,124,-3,3
10793,77,63,14,14
10794,161,151,10,10
10795,65,64,1,1
10796,80,92,-12,12
10797,77,82,-5,5
10798,67,77,-10,10
10799,51,53,-2,2
10800,76,76,0,0
10801,155,137,18,18
10802,96,88,8,8
10803,65,64,1,1
10804,98,95,3,3
10805,101,97,4,4
10806,49,50,-1,1
10807,112,99,13,13
10808,81,65,16,16
10809,49,52,-3,3
10810,65,61,4,4
10811,90,87,3,3
10812,126,115,11,11
10813,48,52,-4,4
10814,120,115,5,5
10815,55,57,-2,2
10816,75,87,-12,12
10817,83,99,-16,16
10818,135,124,11,11
10819,131,130,1,1
10820,117,122,-5,5
10821,88,79,9,9
10822,92,93,-1,1
10823,90,97,-7,7
10824,98,102,-4,4
10825,101,94,7,7
10826,138,136,2,2
10827,84,88,-4,4
10828,104,104,0,0
10829,98,115,-17,17
10830,87,89,-2,2
10831,102,108,-6,6
10832,81,82,-1,1
10833,75,80,-5,5
10834,145,131,14,14
10835,114,109,5,5
10836,63,64,-1,1
10837,51,56,-5,5
10838,109,110,-1,1
10839,69,66,3,3
10840,87,98,-11,11
10841,72,62,10,10
10842,114,112,2,2
10843,96,84,12,12
10844,140,151,-11,11
10845,171,161,10,10
10846,97,97,0,0
10847,77,76,1,1
10848,125,103,22,22
10849,75,73,2,2
10850,98,106,-8,8
10851,118,117,1,1
10852,120,113,7,7
10853,69,68,1,1
10854,57,61,-4,4
10855,129,120,9,9
10856,127,125,2,2
10857,81,84,-3,3
10858,102,102,0,0
10859,154,141,13,13
10860,116,107,9,9
10861,47,52,-5,5
10862,124,117,7,7
10863,124,117,7,7
10864,138,128,10,10
10865,82,79,3,3
10866,120,113,7,7
10867,114,106,8,8
10868,90,87,3,3
10869,88,83,5,5
10870,53,54,-1,1
10871,84,78,6,6
10872,80,82,-2,2
10873,147,139,8,8
10874,79,86,-7,7
10875,115,108,7,7
10876,80,77,3,3
10877,117,112,5,5
10878,123,119,4,4
10879,54,61,-7,7
10880,93,91,2,2
10881,145,141,4,4
10882,128,134,-6,6
10883,73,72,1,1
10884,51,51,0,0
10885,65,64,1,1
10886,102,113,-11,11
10887,95,105,-10,10
10888,58,57,1,1
10889,49,60,-11,11
10890,113,114,-1,1
10891,121,123,-2,2
10892,148,142,6,6
10893,139,139,0,0
10894,96,109,-13,13
10895,143,136,7,7
10896,92,95,-3,3
10897,78,78,0,0
10898,11,50,-39,39
10899,66,69,-3,3
10900,79,77,2,2
10901,70,69,1,1
10902,67,72,-5,5
10903,77,77,0,0
10904,144,143,1,1
10905,84,87,-3,3
10906,50,51,-1,1
10907,79,69,10,10
10908,90,101,-11,11
10909,62,56,6,6
10910,134,144,-10,10
10911,110,94,16,16
10912,78,99,-21,21
10913,142,128,14,14
10914,79,86,-7,7
10915,143,134,9,9
10916,80,88,-8,8
10917,37,50,-13,13
10918,70,67,3,3
10919,96,103,-7,7
10920,135,138,-3,3
10921,76,73,3,3
10922,181,167,14,14
10923,105,108,-3,3
10924,49,52,-3,3
10925,65,70,-5,5
10926,139,133,6,6
10927,38,50,-12,12
10928,83,80,3,3
10929,56,59,-3,3
10930,120,104,16,16
10931,109,111,-2,2
10932,160,151,9,9
10933,117,130,-13,13
10934,92,98,-6,6
10935,99,98,1,1
10936,114,115,-1,1
10937,70,65,5,5
10938,93,102,-9,9
10939,112,102,10,10
10940,118,112,6,6
10941,72,63,9,9
10942,51,56,-5,5
10943,119,103,16,16
10944,85,84,1,1
10945,101,109,-8,8
10946,78,83,-5,5
10947,75,71,4,4
10948,69,82,-13,13
10949,120,112,8,8
10950,72,70,2,2
10951,64,75,-11,11
10952,80,79,1,1
10953,80,85,-5,5
10954,75,69,6,6
10955,76,72,4,4
10956,157,147,10,10
10957,80,98,-18,18
10958,117,115,2,2
10959,103,91,12,12
10960,129,111,18,18
10961,139,134,5,5
10962,98,93,5,5
10963,87,77,10,10
10964,165,145,20,20
10965,73,74,-1,1
10966,137,131,6,6
10967,150,152,-2,2
10968,74,83,-9,9
10969,157,146,11,11
10970,82,99,-17,17
10971,74,69,5,5
10972,37,68,-31,31
10973,95,96,-1,1
10974,104,96,8,8
10975,124,126,-2,2
10976,37,50,-13,13
10977,80,106,-26,26
10978,80,89,-9,9
10979,88,81,7,7
10980,147,122,25,25
10981,65,70,-5,5
10982,101,100,1,1
10983,93,89,4,4
10984,71,71,0,0
10985,64,55,9,9
10986,71,76,-5,5
10987,60,67,-7,7
10988,64,79,-15,15
10989,55,56,-1,1
10990,48,70,-22,22
10991,141,126,15,15
10992,95,92,3,3
10993,58,61,-3,3
10994,95,92,3,3
10995,71,74,-3,3
10996,89,86,3,3
10997,125,118,7,7
10998,170,175,-5,5
10999,153,150,3,3
11000,84,81,3,3
11001,137,135,2,2
11002,81,75,6,6
11003,77,91,-14,14
11004,75,81,-6,6
11005,110,107,3,3
11006,53,52,1,1
11007,92,87,5,5
11008,105,116,-11,11
11009,55,59,-4,4
11010,85,99,-14,14
11011,141,126,15,15
11012,126,131,-5,5
11013,82,79,3,3
11014,124,118,6,6
11015,76,92,-16,16
11016,126,110,16,16
11017,56,56,0,0
11018,65,62,3,3
11019,91,98,-7,7
11020,65,70,-5,5
11021,84,87,-3,3
11022,95,94,1,1
11023,109,95,14,14
11024,74,66,8,8
11025,60,56,4,4
11026,65,60,5,5
11027,77,79,-2,2
11028,79,79,0,0
11029,65,61,4,4
11030,110,109,1,1
11031,116,124,-8,8
11032,67,68,-1,1
11033,83,86,-3,3
11034,120,111,9,9
11035,157,131,26,26
11036,123,121,2,2
11037,80,78,2,2
11038,99,106,-7,7
11039,88,79,9,9
11040,67,82,-15,15
11041,134,128,6,6
11042,76,70,6,6
11043,96,101,-5,5
11044,83,85,-2,2
11045,57,61,-4,4
11046,93,90,3,3
11047,60,60,0,0
11048,85,82,3,3
11049,62,69,-7,7
11050,110,111,-1,1
11051,108,109,-1,1
11052,66,63,3,3
11053,67,79,-12,12
11054,71,64,7,7
11055,79,75,4,4
11056,145,150,-5,5
11057,62,72,-10,10
11058,60,69,-9,9
11059,126,126,0,0
11060,120,121,-1,1
11061,67,71,-4,4
11062,96,96,0,0
11063,54,53,1,1
11064,66,58,8,8
11065,101,99,2,2
11066,83,74,9,9
11067,120,108,12,12
11068,186,182,4,4
11069,72,71,1,1
11070,91,89,2,2
11071,158,143,15,15
11072,67,66,1,1
11073,118,100,18,18
11074,63,57,6,6
11075,105,99,6,6
11076,124,109,15,15
11077,108,87,21,21
11078,121,114,7,7
11079,39,50,-11,11
11080,90,91,-1,1
11081,218,226,-8,8
11082,71,79,-8,8
11083,81,86,-5,5
11084,61,56,5,5
11085,86,78,8,8
11086,59,56,3,3
11087,168,169,-1,1
11088,86,96,-10,10
11089,104,109,-5,5
11090,89,92,-3,3
11091,80,78,2,2
11092,81,77,4,4
11093,87,78,9,9
11094,119,108,11,11
11095,136,126,10,10
11096,113,106,7,7
11097,68,75,-7,7
11098,86,73,13,13
11099,103,98,5,5
11100,72,81,-9,9
11101,142,146,-4,4
11102,172,187,-15,15
11103,166,162,4,4
11104,96,110,-14,14
11105,106,121,-15,15
11106,125,117,8,8
11107,125,117,8,8
11108,75,103,-28,28
11109,94,87,7,7
11110,103,105,-2,2
11111,58,59,-1,1
11112,81,73,8,8
11113,133,118,15,15
11114,122,122,0,0
11115,99,104,-5,5
11116,67,67,0,0
11117,126,120,6,6
11118,91,86,5,5
11119,73,75,-2,2
11120,89,93,-4,4
11121,124,142,-18,18
11122,68,59,9,9
11123,126,122,4,4
11124,76,82,-6,6
11125,167,145,22,22
11126,36,50,-14,14
11127,137,136,1,1
11128,93,91,2,2
11129,115,114,1,1
11130,125,115,10,10
11131,79,77,2,2
11132,59,59,0,0
11133,90,90,0,0
11134,73,68,5,5
11135,74,73,1,1
11136,111,102,9,9
11137,129,124,5,5
11138,80,80,0,0
11139,97,92,5,5
11140,83,77,6,6
11141,129,126,3,3
11142,120,119,1,1
11143,93,84,9,9
11144,95,107,-12,12
11145,101,100,1,1
11146,93,93,0,0
11147,112,124,-12,12
11148,103,104,-1,1
11149,60,63,-3,3
11150,95,108,-13,13
11151,62,58,4,4
11152,69,70,-1,1
11153,83,100,-17,17
11154,53,50,3,3
11155,98,91,7,7
11156,101,110,-9,9
11157,73,83,-10,10
11158,94,104,-10,10
11159,55,55,0,0
11160,93,109,-16,16
11161,70,74,-4,4
11162,102,107,-5,5
11163,75,68,7,7
11164,77,65,12,12
11165,96,94,2,2
11166,93,104,-11,11
11167,78,87,-9,9
11168,155,148,7,7
11169,94,96,-2,2
11170,66,66,0,0
11171,71,81,-10,10
11172,96,92,4,4
11173,143,142,1,1
11174,60,62,-2,2
11175,79,85,-6,6
11176,93,91,2,2
11177,126,120,6,6
11178,128,119,9,9
11179,103,93,10,10
11180,95,92,3,3
11181,86,100,-14,14
11182,95,90,5,5
11183,68,68,0,0
11184,102,106,-4,4
11185,74,73,1,1
11186,94,120,-26,26
11187,83,65,18,18
11188,107,103,4,4
11189,65,59,6,6
11190,66,71,-5,5
11191,113,110,3,3
11192,164,146,18,18
11193,60,61,-1,1
11194,139,152,-13,13
11195,96,107,-11,11
11196,87,78,9,9
11197,113,109,4,4
11198,180,176,4,4
11199,106,102,4,4
11200,73,74,-1,1
11201,121,124,-3,3
11202,125,118,7,7
11203,62,62,0,0
11204,56,54,2,2
11205,81,80,1,1
11206,103,97,6,6
11207,107,98,9,9
11208,70,61,9,9
11209,107,102,5,5
11210,167,211,-44,44
11211,72,59,13,13
11212,123,114,9,9
11213,178,186,-8,8
11214,142,151,-9,9
11215,138,124,14,14
11216,148,134,14,14
11217,141,138,3,3
11218,119,126,-7,7
11219,67,68,-1,1
11220,126,139,-13,13
11221,35,87,-52,52
11222,86,89,-3,3
11223,82,94,-12,12
11224,135,162,-27,27
11225,111,102,9,9
11226,145,142,3,3
11227,99,82,17,17
11228,69,74,-5,5
11229,81,89,-8,8
11230,58,58,0,0
11231,58,68,-10,10
11232,141,121,20,20
11233,75,75,0,0
11234,108,119,-11,11
11235,128,134,-6,6
11236,87,99,-12,12
11237,90,99,-9,9
11238,133,133,0,0
11239,73,69,4,4
11240,63,61,2,2
11241,73,76,-3,3
11242,136,140,-4,4
11243,105,100,5,5
11244,60,62,-2,2
11245,102,94,8,8
11246,100,97,3,3
11247,57,60,-3,3
11248,71,73,-2,2
11249,76,75,1,1
11250,58,59,-1,1
11251,204,189,15,15
11252,96,95,1,1
11253,113,105,8,8
11254,114,93,21,21
11255,138,129,9,9
11256,79,88,-9,9
11257,142,130,12,12
11258,109,104,5,5
11259,141,139,2,2
11260,73,69,4,4
11261,89,80,9,9
11262,85,90,-5,5
11263,159,146,13,13
11264,107,103,4,4
11265,68,74,-6,6
11266,79,85,-6,6
11267,109,110,-1,1
11268,78,70,8,8
11269,61,61,0,0
11270,102,100,2,2
11271,140,138,2,2
11272,156,151,5,5
11273,155,150,5,5
11274,118,110,8,8
11275,85,82,3,3
11276,162,151,11,11
11277,105,107,-2,2
11278,100,98,2,2
11279,102,94,8,8
11280,130,124,6,6
11281,55,61,-6,6
11282,69,76,-7,7
11283,89,82,7,7
11284,39,53,-14,14
11285,139,134,5,5
11286,94,92,2,2
11287,79,70,9,9
11288,171,163,8,8
11289,139,133,6,6
11290,85,90,-5,5
11291,86,86,0,0
11292,114,105,9,9
11293,134,122,12,12
11294,51,52,-1,1
11295,47,55,-8,8
11296,56,62,-6,6
11297,72,70,2,2
11298,96,104,-8,8
11299,143,143,0,0
11300,115,100,15,15
11301,99,106,-7,7
11302,91,101,-10,10
11303,85,86,-1,1
11304,151,129,22,22
11305,42,55,-13,13
11306,125,117,8,8
11307,41,71,-30,30
11308,137,117,20,20
11309,100,95,5,5
11310,143,121,22,22
11311,174,170,4,4
11312,81,79,2,2
11313,106,105,1,1
11314,150,137,13,13
11315,66,66,0,0
11316,119,113,6,6
11317,133,117,16,16
11318,58,61,-3,3
11319,90,95,-5,5
11320,111,112,-1,1
11321,157,140,17,17
11322,106,105,1,1
11323,121,116,5,5
11324,61,63,-2,2
11325,111,113,-2,2
11326,88,89,-1,1
11327,81,86,-5,5
11328,93,88,5,5
11329,77,78,-1,1
11330,163,142,21,21
11331,104,101,3,3
11332,76,71,5,5
11333,52,54,-2,2
11334,87,96,-9,9
11335,104,100,4,4
11336,62,58,4,4
11337,112,114,-2,2
11338,76,83,-7,7
11339,129,126,3,3
11340,106,117,-11,11
11341,63,64,-1,1
11342,87,87,0,0
11343,106,110,-4,4
11344,86,72,14,14
11345,88,84,4,4
11346,89,89,0,0
11347,71,74,-3,3
11348,116,104,12,12
11349,55,58,-3,3
11350,83,94,-11,11
11351,64,67,-3,3
11352,71,65,6,6
11353,128,116,12,12
11354,57,59,-2,2
11355,127,125,2,2
11356,47,50,-3,3
11357,94,89,5,5
11358,60,56,4,4
11359,60,67,-7,7
11360,55,64,-9,9
11361,97,103,-6,6
11362,82,84,-2,2
11363,109,104,5,5
11364,111,104,7,7
11365,61,59,2,2
11366,70,78,-8,8
11367,79,77,2,2
11368,107,106,1,1
11369,89,85,4,4
11370,60,57,3,3
11371,147,145,2,2
11372,83,81,2,2
11373,104,105,-1,1
11374,134,140,-6,6
11375,88,86,2,2
11376,35,50,-15,15
11377,117,128,-11,11
11378,78,77,1,1
11379,149,135,14,14
11380,85,86,-1,1
11381,97,96,1,1
11382,115,121,-6,6
11383,109,92,17,17
11384,81,80,1,1
11385,81,87,-6,6
11386,93,96,-3,3
11387,123,131,-8,8
11388,95,94,1,1
11389,102,97,5,5
11390,57,56,1,1
11391,179,185,-6,6
11392,126,127,-1,1
11393,62,60,2,2
11394,65,76,-11,11
11395,109,101,8,8
11396,74,74,0,0
11397,113,112,1,1
11398,121,113,8,8
11399,114,110,4,4
11400,63,64,-1,1
11401,103,104,-1,1
11402,80,75,5,5
11403,45,75,-30,30
11404,93,95,-2,2
11405,121,111,10,10
11406,166,162,4,4
11407,63,74,-11,11
11408,66,59,7,7
11409,55,76,-21,21
11410,116,117,-1,1
11411,96,93,3,3
11412,76,74,2,2
11413,54,63,-9,9
11414,108,107,1,1
11415,51,53,-2,2
11416,109,107,2,2
11417,75,73,2,2
11418,86,91,-5,5
11419,82,95,-13,13
11420,36,50,-14,14
11421,64,69,-5,5
11422,119,106,13,13
11423,53,60,-7,7
11424,73,75,-2,2
11425,58,54,4,4
11426,41,50,-9,9
11427,58,63,-5,5
11428,118,117,1,1
11429,134,123,11,11
11430,75,74,1,1
11431,50,54,-4,4
11432,98,100,-2,2
11433,33,50,-17,17
11434,109,100,9,9
11435,79,86,-7,7
11436,60,58,2,2
11437,100,105,-5,5
11438,85,77,8,8
11439,75,80,-5,5
11440,82,72,10,10
11441,57,58,-1,1
11442,164,162,2,2
11443,157,150,7,7
11444,76,70,6,6
11445,72,75,-3,3
11446,57,83,-26,26
11447,96,109,-13,13
11448,90,85,5,5
11449,100,96,4,4
11450,129,123,6,6
11451,91,83,8,8
11452,98,96,2,2
11453,102,98,4,4
11454,198,199,-1,1
11455,78,71,7,7
11456,60,59,1,1
11457,173,171,2,2
11458,98,98,0,0
11459,72,70,2,2
11460,90,118,-28,28
11461,170,161,9,9
11462,163,150,13,13
11463,77,79,-2,2
11464,66,72,-6,6
11465,67,60,7,7
11466,66,80,-14,14
11467,99,89,10,10
11468,86,86,0,0
11469,85,89,-4,4
11470,71,68,3,3
11471,136,124,12,12
11472,86,79,7,7
11473,60,60,0,0
11474,119,121,-2,2
11475,132,132,0,0
11476,114,114,0,0
11477,66,66,0,0
11478,147,141,6,6
11479,90,93,-3,3
11480,112,106,6,6
11481,68,61,7,7
11482,119,111,8,8
11483,121,117,4,4
11484,70,95,-25,25
11485,124,115,9,9
11486,47,53,-6,6
11487,70,78,-8,8
11488,80,74,6,6
11489,44,51,-7,7
11490,75,82,-7,7
11491,65,68,-3,3
11492,80,70,10,10
11493,95,94,1,1
11494,124,118,6,6
11495,50,58,-8,8
11496,133,121,12,12
11497,77,75,2,2
11498,105,104,1,1
11499,70,68,2,2
11500,86,86,0,0
11501,97,84,13,13
11502,80,78,2,2
11503,98,104,-6,6
11504,106,109,-3,3
11505,74,74,0,0
11506,66,67,-1,1
11507,118,120,-2,2
11508,110,96,14,14
11509,156,145,11,11
11510,67,63,4,4
11511,170,139,31,31
11512,117,104,13,13
11513,101,100,1,1
11514,130,123,7,7
11515,93,105,-12,12
11516,105,101,4,4
11517,41,63,-22,22
11518,84,68,16,16
11519,59,59,0,0
11520,141,133,8,8
11521,47,68,-21,21
11522,114,94,20,20
11523,137,129,8,8
11524,126,136,-10,10
11525,62,62,0,0
11526,111,110,1,1
11527,74,75,-1,1
11528,81,76,5,5
11529,160,154,6,6
11530,102,99,3,3
11531,91,86,5,5
11532,83,85,-2,2
11533,72,61,11,11
11534,68,74,-6,6
11535,126,112,14,14
11536,77,81,-4,4
11537,160,141,19,19
11538,106,105,1,1
11539,81,84,-3,3
11540,170,141,29,29
11541,131,125,6,6
11542,50,65,-15,15
11543,115,107,8,8
11544,70,75,-5,5
11545,109,114,-5,5
11546,72,65,7,7
11547,74,76,-2,2
11548,67,68,-1,1
11549,81,77,4,4
11550,83,84,-1,1
11551,105,102,3,3
11552,95,100,-5,5
11553,133,121,12,12
11554,115,124,-9,9
11555,98,92,6,6
11556,55,57,-2,2
11557,109,106,3,3
11558,50,58,-8,8
11559,145,133,12,12
11560,89,76,13,13
11561,85,86,-1,1
11562,85,84,1,1
11563,65,80,-15,15
11564,86,87,-1,1
11565,105,95,10,10
11566,53,54,-1,1
11567,60,63,-3,3
11568,121,111,10,10
11569,52,62,-10,10
11570,53,55,-2,2
11571,164,157,7,7
11572,92,97,-5,5
11573,100,101,-1,1
11574,111,107,4,4
11575,67,63,4,4
11576,169,160,9,9
11577,86,82,4,4
11578,51,51,0,0
11579,96,95,1,1
11580,97,82,15,15
11581,82,69,13,13
11582,75,79,-4,4
11583,103,97,6,6
11584,91,85,6,6
11585,108,107,1,1
11586,85,89,-4,4
11587,137,131,6,6
11588,88,91,-3,3
11589,167,155,12,12
11590,65,69,-4,4
11591,92,83,9,9
11592,98,89,9,9
11593,68,69,-1,1
11594,65,59,6,6
11595,60,56,4,4
11596,71,65,6,6
11597,50,51,-1,1
11598,79,84,-5,5
11599,102,98,4,4
11600,85,77,8,8
11601,69,65,4,4
11602,105,105,0,0
11603,114,107,7,7
11604,77,78,-1,1
11605,70,60,10,10
11606,80,81,-1,1
11607,137,138,-1,1
11608,105,104,1,1
11609,83,92,-9,9
11610,95,93,2,2
11611,70,77,-7,7
11612,183,172,11,11
11613,50,53,-3,3
11614,164,156,8,8
11615,125,113,12,12
11616,90,89,1,1
11617,108,105,3,3
11618,150,147,3,3
11619,90,81,9,9
11620,73,70,3,3
11621,86,95,-9,9
11622,91,102,-11,11
11623,108,103,5,5
11624,120,109,11,11
11625,127,109,18,18
11626,65,58,7,7
11627,121,93,28,28
11628,80,74,6,6
11629,89,69,20,20
11630,81,76,5,5
11631,96,78,18,18
11632,119,113,6,6
11633,118,119,-1,1
11634,128,130,-2,2
11635,56,69,-13,13
11636,56,64,-8,8
11637,86,78,8,8
11638,79,76,3,3
11639,116,106,10,10
11640,69,73,-4,4
11641,111,95,16,16
11642,81,97,-16,16
11643,56,58,-2,2
11644,119,122,-3,3
11645,82,73,9,9
11646,81,75,6,6
11647,136,121,15,15
11648,127,128,-1,1
11649,108,115,-7,7
11650,129,126,3,3
11651,74,94,-20,20
11652,63,72,-9,9
11653,168,152,16,16
11654,100,103,-3,3
11655,66,65,1,1
11656,70,81,-11,11
11657,101,97,4,4
11658,112,102,10,10
11659,102,90,12,12
11660,124,120,4,4
11661,82,82,0,0
11662,94,93,1,1
11663,70,82,-12,12
11664,72,78,-6,6
11665,67,64,3,3
11666,117,127,-10,10
11667,47,52,-5,5
11668,110,96,14,14
11669,93,91,2,2
11670,64,60,4,4
11671,134,132,2,2
11672,66,62,4,4
11673,69,65,4,4
11674,99,106,-7,7
11675,137,131,6,6
11676,58,61,-3,3
11677,85,79,6,6
11678,94,85,9,9
11679,104,102,2,2
11680,108,108,0,0
11681,89,87,2,2
11682,176,165,11,11
11683,88,91,-3,3
11684,46,52,-6,6
11685,94,96,-2,2
11686,162,155,7,7
11687,92,90,2,2
11688,96,91,5,5
11689,124,125,-1,1
11690,74,85,-11,11
11691,68,74,-6,6
11692,67,69,-2,2
11693,90,95,-5,5
11694,87,81,6,6
11695,86,79,7,7
11696,68,71,-3,3
11697,90,85,5,5
11698,77,81,-4,4
11699,126,107,19,19
11700,126,115,11,11
11701,94,96,-2,2
11702,172,169,3,3
11703,63,88,-25,25
11704,101,95,6,6
11705,148,141,7,7
11706,87,95,-8,8
11707,127,115,12,12
11708,121,103,18,18
11709,142,142,0,0
11710,73,75,-2,2
11711,71,72,-1,1
11712,103,131,-28,28
11713,39,50,-11,11
11714,99,102,-3,3
11715,69,66,3,3
11716,182,169,13,13
11717,138,162,-24,24
11718,142,140,2,2
11719,114,121,-7,7
11720,54,56,-2,2
11721,93,88,5,5
11722,110,102,8,8
11723,38,50,-12,12
11724,133,136,-3,3
11725,143,130,13,13
11726,125,125,0,0
11727,69,66,3,3
11728,120,120,0,0
11729,121,127,-6,6
11730,71,64,7,7
11731,97,94,3,3
11732,104,97,7,7
11733,97,93,4,4
11734,47,53,-6,6
11735,184,176,8,8
11736,110,120,-10,10
11737,67,67,0,0
11738,106,104,2,2
11739,66,75,-9,9
11740,118,110,8,8
11741,81,81,0,0
11742,83,84,-1,1
11743,64,75,-11,11
11744,70,60,10,10
11745,50,52,-2,2
11746,93,84,9,9
11747,157,139,18,18
11748,51,52,-1,1
11749,77,73,4,4
11750,87,79,8,8
11751,119,110,9,9
11752,115,108,7,7
11753,85,73,12,12
11754,63,79,-16,16
11755,91,95,-4,4
11756,67,62,5,5
11757,64,68,-4,4
11758,127,136,-9,9
11759,67,69,-2,2
11760,71,72,-1,1
11761,96,86,10,10
11762,111,109,2,2
11763,62,61,1,1
11764,77,71,6,6
11765,174,176,-2,2
11766,138,127,11,11
11767,65,65,0,0
11768,116,105,11,11
11769,47,53,-6,6
11770,119,116,3,3
11771,94,85,9,9
11772,122,119,3,3
11773,92,98,-6,6
11774,148,124,24,24
11775,67,70,-3,3
11776,101,100,1,1
11777,86,84,2,2
11778,53,59,-6,6
11779,77,81,-4,4
11780,126,115,11,11
11781,74,67,7,7
11782,91,92,-1,1
11783,81,84,-3,3
11784,43,51,-8,8
11785,114,108,6,6
11786,79,83,-4,4
11787,96,91,5,5
11788,106,96,10,10
11789,79,87,-8,8
11790,120,131,-11,11
11791,107,104,3,3
11792,98,95,3,3
11793,47,51,-4,4
11794,76,77,-1,1
11795,85,83,2,2
11796,67,78,-11,11
11797,79,76,3,3
11798,90,101,-11,11
11799,84,78,6,6
11800,152,137,15,15
11801,152,140,12,12
11802,87,85,2,2
11803,65,63,2,2
11804,83,81,2,2
11805,205,190,15,15
11806,151,151,0,0
11807,114,99,15,15
11808,83,82,1,1
11809,66,70,-4,4
11810,66,69,-3,3
11811,105,101,4,4
11812,176,161,15,15
11813,166,161,5,5
11814,185,168,17,17
11815,108,105,3,3
11816,95,94,1,1
11817,67,83,-16,16
11818,87,88,-1,1
11819,82,84,-2,2
11820,121,113,8,8
11821,71,79,-8,8
11822,62,68,-6,6
11823,113,91,22,22
11824,104,101,3,3
11825,68,69,-1,1
11826,93,95,-2,2
11827,74,69,5,5
11828,60,62,-2,2
11829,80,90,-10,10
11830,70,73,-3,3
11831,75,77,-2,2
11832,76,68,8,8
11833,75,70,5,5
11834,80,67,13,13
11835,45,56,-11,11
11836,93,108,-15,15
11837,99,112,-13,13
11838,77,74,3,3
11839,89,85,4,4
11840,143,148,-5,5
11841,83,86,-3,3
11842,102,101,1,1
11843,122,123,-1,1
11844,118,109,9,9
11845,132,110,22,22
11846,102,112,-10,10
11847,75,70,5,5
11848,105,108,-3,3
11849,124,120,4,4
11850,75,74,1,1
11851,47,53,-6,6
11852,130,133,-3,3
11853,147,140,7,7
11854,134,124,10,10
11855,71,71,0,0
11856,72,70,2,2
11857,42,50,-8,8
11858,97,93,4,4
11859,99,107,-8,8
11860,147,150,-3,3
11861,127,126,1,1
11862,65,63,2,2
11863,73,90,-17,17
11864,54,58,-4,4
11865,87,87,0,0
11866,125,129,-4,4
11867,120,125,-5,5
11868,75,74,1,1
11869,101,105,-4,4
11870,139,136,3,3
11871,93,88,5,5
11872,85,90,-5,5
11873,162,150,12,12
11874,158,155,3,3
11875,234,201,33,33
11876,76,77,-1,1
11877,68,63,5,5
11878,60,58,2,2
11879,115,106,9,9
11880,92,91,1,1
11881,99,80,19,19
11882,95,91,4,4
11883,69,80,-11,11
11884,53,61,-8,8
11885,100,97,3,3
11886,157,153,4,4
11887,103,97,6,6
11888,117,116,1,1
11889,100,95,5,5
11890,95,90,5,5
11891,146,129,17,17
11892,97,92,5,5
11893,49,56,-7,7
11894,83,87,-4,4
11895,89,81,8,8
11896,97,102,-5,5
11897,98,98,0,0
11898,99,98,1,1
11899,52,57,-5,5
11900,92,92,0,0
11901,128,135,-7,7
11902,60,57,3,3
11903,47,52,-5,5
11904,106,99,7,7
11905,78,70,8,8
11906,143,146,-3,3
11907,90,87,3,3
11908,125,118,7,7
11909,80,89,-9,9
11910,114,108,6,6
11911,161,148,13,13
11912,120,115,5,5
11913,41,76,-35,35
11914,38,51,-13,13
11915,105,113,-8,8
11916,48,51,-3,3
11917,58,59,-1,1
11918,112,106,6,6
11919,59,59,0,0
11920,76,76,0,0
11921,118,114,4,4
11922,77,72,5,5
11923,51,55,-4,4
11924,76,64,12,12
11925,56,58,-2,2
11926,40,51,-11,11
11927,69,66,3,3
11928,77,75,2,2
11929,91,92,-1,1
11930,149,143,6,6
11931,110,105,5,5
11932,115,119,-4,4
11933,117,112,5,5
11934,93,89,4,4
11935,31,55,-24,24
11936,111,125,-14,14
11937,79,87,-8,8
11938,72,70,2,2
11939,44,52,-8,8
11940,89,89,0,0
11941,51,55,-4,4
11942,186,186,0,0
11943,144,129,15,15
11944,98,90,8,8
11945,68,67,1,1
11946,82,83,-1,1
11947,110,106,4,4
11948,101,77,24,24
11949,73,74,-1,1
11950,106,108,-2,2
11951,50,53,-3,3
11952,128,125,3,3
11953,82,87,-5,5
11954,39,59,-20,20
11955,57,57,0,0
11956,100,99,1,1
11957,132,130,2,2
11958,58,61,-3,3
11959,65,65,0,0
11960,46,52,-6,6
11961,90,88,2,2
11962,132,125,7,7
11963,84,88,-4,4
11964,95,92,3,3
11965,152,153,-1,1
11966,67,65,2,2
11967,96,106,-10,10
11968,78,80,-2,2
11969,99,88,11,11
11970,71,79,-8,8
11971,116,109,7,7
11972,122,123,-1,1
11973,81,79,2,2
11974,42,52,-10,10
11975,121,118,3,3
11976,144,138,6,6
11977,190,191,-1,1
11978,132,125,7,7
11979,112,99,13,13
11980,106,89,17,17
11981,104,96,8,8
11982,79,75,4,4
11983,81,82,-1,1
11984,92,109,-17,17
11985,55,56,-1,1
11986,85,73,12,12
11987,72,69,3,3
11988,48,51,-3,3
11989,92,104,-12,12
11990,44,52,-8,8
11991,112,105,7,7
11992,118,111,7,7
11993,74,80,-6,6
11994,102,92,10,10
11995,93,103,-10,10
11996,113,103,10,10
11997,89,91,-2,2
11998,133,131,2,2
11999,45,50,-5,5
12000,53,55,-2,2
12001,139,136,3,3
12002,61,63,-2,2
12003,85,100,-15,15
12004,67,66,1,1
12005,81,75,6,6
12006,33,50,-17,17
12007,74,77,-3,3
12008,81,79,2,2
12009,81,80,1,1
12010,114,111,3,3
12011,158,162,-4,4
12012,59,62,-3,3
12013,60,65,-5,5
12014,111,106,5,5
12015,102,99,3,3
12016,89,78,11,11
12017,80,76,4,4
12018,73,76,-3,3
12019,53,54,-1,1
12020,124,119,5,5
12021,108,104,4,4
12022,101,87,14,14
12023,93,97,-4,4
12024,69,76,-7,7
12025,111,115,-4,4
12026,74,77,-3,3
12027,80,74,6,6
12028,101,94,7,7
12029,127,140,-13,13
12030,78,74,4,4
12031,143,149,-6,6
12032,114,125,-11,11
12033,49,73,-24,24
12034,115,120,-5,5
12035,103,88,15,15
12036,84,89,-5,5
12037,88,89,-1,1
12038,92,90,2,2
12039,108,112,-4,4
12040,90,87,3,3
12041,65,67,-2,2
12042,60,58,2,2
12043,72,72,0,0
12044,129,139,-10,10
12045,76,78,-2,2
12046,109,113,-4,4
12047,88,98,-10,10
12048,60,60,0,0
12049,47,50,-3,3
12050,100,93,7,7
12051,117,124,-7,7
12052,125,109,16,16
12053,113,103,10,10
12054,54,53,1,1
12055,111,110,1,1
12056,156,141,15,15
12057,110,104,6,6
12058,82,96,-14,14
12059,114,107,7,7
12060,68,75,-7,7
12061,66,77,-11,11
12062,90,91,-1,1
12063,63,63,0,0
12064,100,99,1,1
12065,66,69,-3,3
12066,141,135,6,6
12067,79,76,3,3
12068,104,90,14,14
12069,140,128,12,12
12070,72,73,-1,1
12071,39,50,-11,11
12072,118,110,8,8
12073,97,86,11,11
12074,95,106,-11,11
12075,86,88,-2,2
12076,90,88,2,2
12077,86,98,-12,12
12078,95,93,2,2
12079,118,111,7,7
12080,94,89,5,5
12081,130,131,-1,1
12082,58,59,-1,1
12083,121,124,-3,3
12084,125,129,-4,4
12085,150,148,2,2
12086,102,98,4,4
12087,122,108,14,14
12088,109,105,4,4
12089,74,77,-3,3
12090,93,84,9,9
12091,53,56,-3,3
12092,117,124,-7,7
12093,93,93,0,0
12094,191,198,-7,7
12095,142,121,21,21
12096,123,107,16,16
12097,83,87,-4,4
12098,127,122,5,5
12099,83,86,-3,3
12100,85,79,6,6
12101,83,86,-3,3
12102,94,84,10,10
12103,164,155,9,9
12104,72,63,9,9
12105,76,80,-4,4
12106,122,108,14,14
12107,59,50,9,9
12108,87,88,-1,1
12109,88,81,7,7
12110,61,55,6,6
12111,154,143,11,11
12112,159,145,14,14
12113,163,148,15,15
12114,104,98,6,6
12115,121,124,-3,3
12116,116,108,8,8
12117,98,98,0,0
12118,84,87,-3,3
12119,42,51,-9,9
12120,78,75,3,3
12121,99,115,-16,16
12122,77,92,-15,15
12123,189,171,18,18
12124,66,79,-13,13
12125,144,146,-2,2
12126,196,180,16,16
12127,107,102,5,5
12128,68,68,0,0
12129,88,81,7,7
12130,36,50,-14,14
12131,107,106,1,1
12132,123,104,19,19
12133,62,60,2,2
12134,207,193,14,14
12135,89,88,1,1
12136,74,73,1,1
12137,87,85,2,2
12138,135,136,-1,1
12139,72,66,6,6
12140,183,141,42,42
12141,118,123,-5,5
12142,110,86,24,24
12143,111,108,3,3
12144,122,109,13,13
12145,90,94,-4,4
12146,121,118,3,3
12147,58,67,-9,9
12148,126,123,3,3
12149,105,99,6,6
12150,109,108,1,1
12151,71,76,-5,5
12152,148,140,8,8
12153,95,96,-1,1
12154,103,98,5,5
12155,90,90,0,0
12156,77,78,-1,1
12157,126,117,9,9
12158,141,135,6,6
12159,134,121,13,13
12160,49,50,-1,1
12161,99,98,1,1
12162,130,120,10,10
12163,74,69,5,5
12164,64,64,0,0
12165,196,178,18,18
12166,106,112,-6,6
12167,100,100,0,0
12168,88,86,2,2
12169,116,110,6,6
12170,107,108,-1,1
12171,128,130,-2,2
12172,93,83,10,10
12173,150,131,19,19
12174,92,82,10,10
12175,96,87,9,9
12176,115,111,4,4
12177,111,101,10,10
12178,87,90,-3,3
12179,69,68,1,1
12180,139,150,-11,11
12181,104,104,0,0
12182,115,116,-1,1
12183,114,108,6,6
12184,58,59,-1,1
12185,77,75,2,2
12186,79,86,-7,7
12187,114,112,2,2
12188,111,116,-5,5
12189,102,98,4,4
12190,161,155,6,6
12191,197,185,12,12
12192,72,65,7,7
12193,142,137,5,5
12194,49,67,-18,18
12195,63,64,-1,1
12196,135,135,0,0
12197,192,169,23,23
12198,47,54,-7,7
12199,110,109,1,1
12200,71,72,-1,1
12201,108,107,1,1
12202,137,142,-5,5
12203,128,122,6,6
12204,137,135,2,2
12205,148,143,5,5
12206,82,85,-3,3
12207,70,79,-9,9
12208,60,60,0,0
12209,115,108,7,7
12210,76,74,2,2
12211,86,80,6,6
12212,97,96,1,1
12213,122,117,5,5
12214,104,96,8,8
12215,149,153,-4,4
12216,73,72,1,1
12217,88,85,3,3
12218,93,87,6,6
12219,94,90,4,4
12220,110,104,6,6
12221,56,68,-12,12
12222,66,68,-2,2
12223,73,75,-2,2
12224,96,99,-3,3
12225,121,113,8,8
12226,122,122,0,0
12227,94,90,4,4
12228,88,101,-13,13
12229,130,133,-3,3
12230,63,69,-6,6
12231,141,131,10,10
12232,54,61,-7,7
12233,73,74,-1,1
12234,71,67,4,4
12235,95,87,8,8
12236,121,107,14,14
12237,73,74,-1,1
12238,125,125,0,0
12239,67,78,-11,11
12240,121,116,5,5
12241,109,109,0,0
12242,64,66,-2,2
12243,96,93,3,3
12244,119,132,-13,13
12245,93,97,-4,4
12246,75,75,0,0
12247,95,95,0,0
12248,66,70,-4,4
12249,99,96,3,3
12250,47,51,-4,4
12251,84,98,-14,14
12252,165,206,-41,41
12253,97,91,6,6
12254,73,78,-5,5
12255,37,50,-13,13
12256,104,96,8,8
12257,71,71,0,0
12258,65,64,1,1
12259,66,57,9,9
12260,63,59,4,4
12261,96,97,-1,1
12262,130,126,4,4
12263,141,138,3,3
12264,86,102,-16,16
12265,108,109,-1,1
12266,128,113,15,15
12267,118,110,8,8
12268,83,76,7,7
12269,68,69,-1,1
12270,84,83,1,1
12271,105,99,6,6
12272,61,74,-13,13
12273,73,74,-1,1
12274,65,66,-1,1
12275,131,112,19,19
12276,118,109,9,9
12277,93,94,-1,1
12278,76,70,6,6
12279,75,71,4,4
12280,65,68,-3,3
12281,70,65,5,5
12282,140,141,-1,1
12283,95,90,5,5
12284,145,126,19,19
12285,82,71,11,11
12286,185,167,18,18
12287,71,69,2,2
12288,100,108,-8,8
12289,99,91,8,8
12290,64,65,-1,1
12291,65,66,-1,1
12292,51,53,-2,2
12293,79,89,-10,10
12294,50,55,-5,5
12295,128,137,-9,9
12296,109,102,7,7
12297,106,91,15,15
12298,50,54,-4,4
12299,126,118,8,8
12300,105,102,3,3
12301,39,51,-12,12
12302,70,65,5,5
12303,134,101,33,33
12304,46,52,-6,6
12305,81,84,-3,3
12306,115,111,4,4
12307,56,62,-6,6
12308,90,86,4,4
12309,107,103,4,4
12310,38,50,-12,12
12311,112,103,9,9
12312,86,88,-2,2
12313,102,99,3,3
12314,81,88,-7,7
12315,133,126,7,7
12316,65,63,2,2
12317,67,71,-4,4
12318,63,66,-3,3
12319,105,100,5,5
12320,81,83,-2,2
12321,97,101,-4,4
12322,96,102,-6,6
12323,113,130,-17,17
12324,91,94,-3,3
12325,67,78,-11,11
12326,85,82,3,3
12327,102,104,-2,2
12328,76,75,1,1
12329,190,193,-3,3
12330,63,66,-3,3
12331,87,73,14,14
12332,140,131,9,9
12333,113,101,12,12
12334,102,101,1,1
12335,62,56,6,6
12336,57,56,1,1
12337,48,67,-19,19
12338,62,57,5,5
12339,94,108,-14,14
12340,95,102,-7,7
12341,183,173,10,10
12342,80,83,-3,3
12343,164,159,5,5
12344,66,63,3,3
12345,67,80,-13,13
12346,103,102,1,1
12347,69,81,-12,12
12348,118,119,-1,1
12349,78,71,7,7
12350,66,63,3,3
12351,94,92,2,2
12352,92,94,-2,2
12353,142,134,8,8
12354,55,66,-11,11
12355,101,103,-2,2
12356,79,72,7,7
12357,122,126,-4,4
12358,123,109,14,14
12359,38,50,-12,12
12360,65,77,-12,12
12361,138,123,15,15
12362,76,73,3,3
12363,114,116,-2,2
12364,79,86,-7,7
12365,114,105,9,9
12366,68,68,0,0
12367,78,77,1,1
12368,93,98,-5,5
12369,103,105,-2,2
12370,163,137,26,26
12371,101,107,-6,6
12372,126,123,3,3
12373,67,62,5,5
12374,78,77,1,1
12375,116,111,5,5
12376,128,129,-1,1
12377,91,85,6,6
12378,142,129,13,13
12379,65,64,1,1
12380,145,155,-10,10
12381,61,56,5,5
12382,136,114,22,22
12383,84,80,4,4
12384,98,92,6,6
12385,87,88,-1,1
12386,107,107,0,0
12387,115,126,-11,11
12388,106,99,7,7
12389,93,96,-3,3
12390,80,69,11,11
12391,130,118,12,12
12392,115,103,12,12
12393,97,110,-13,13
12394,92,94,-2,2
12395,88,86,2,2
12396,66,63,3,3
12397,66,63,3,3
12398,87,89,-2,2
12399,106,104,2,2
12400,70,78,-8,8
12401,180,166,14,14
12402,87,99,-12,12
12403,89,81,8,8
12404,92,97,-5,5
12405,125,111,14,14
12406,88,99,-11,11
12407,109,107,2,2
12408,35,52,-17,17
12409,67,74,-7,7
12410,117,115,2,2
12411,190,174,16,16
12412,114,113,1,1
12413,137,132,5,5
12414,138,149,-11,11
12415,129,134,-5,5
12416,106,90,16,16
12417,63,66,-3,3
12418,58,62,-4,4
12419,57,63,-6,6
12420,86,89,-3,3
12421,104,99,5,5
12422,97,95,2,2
12423,101,102,-1,1
12424,137,125,12,12
12425,64,53,11,11
12426,176,196,-20,20
12427,93,87,6,6
12428,120,114,6,6
12429,108,107,1,1
12430,70,71,-1,1
12431,97,92,5,5
12432,83,90,-7,7
12433,83,77,6,6
12434,150,158,-8,8
12435,64,66,-2,2
12436,89,82,7,7
12437,96,93,3,3
12438,114,111,3,3
12439,119,124,-5,5
12440,61,56,5,5
12441,96,95,1,1
12442,105,104,1,1
12443,61,59,2,2
12444,141,135,6,6
12445,86,83,3,3
12446,87,85,2,2
12447,90,78,12,12
12448,105,108,-3,3
12449,91,84,7,7
12450,111,116,-5,5
12451,76,76,0,0
12452,87,88,-1,1
12453,91,96,-5,5
12454,107,114,-7,7
12455,110,107,3,3
12456,124,128,-4,4
12457,128,119,9,9
12458,109,107,2,2
12459,71,67,4,4
12460,87,77,10,10
12461,148,143,5,5
12462,107,100,7,7
12463,134,132,2,2
12464,23,50,-27,27
12465,119,133,-14,14
12466,91,86,5,5
12467,25,58,-33,33
12468,61,73,-12,12
12469,101,97,4,4
12470,72,68,4,4
12471,95,99,-4,4
12472,47,50,-3,3
12473,97,94,3,3
12474,81,81,0,0
12475,59,57,2,2
12476,77,69,8,8
12477,138,119,19,19
12478,120,122,-2,2
12479,136,138,-2,2
12480,79,83,-4,4
12481,63,64,-1,1
12482,102,98,4,4
12483,158,145,13,13
12484,73,78,-5,5
12485,53,52,1,1
12486,83,88,-5,5
12487,155,137,18,18
12488,139,120,19,19
12489,93,84,9,9
12490,128,130,-2,2
12491,98,110,-12,12
12492,96,88,8,8
12493,153,141,12,12
12494,104,104,0,0
12495,115,98,17,17
12496,72,73,-1,1
12497,90,87,3,3
12498,127,136,-9,9
12499,112,127,-15,15
12500,64,73,-9,9
12501,73,67,6,6
12502,72,76,-4,4
12503,73,86,-13,13
12504,56,58,-2,2
12505,106,99,7,7
12506,144,131,13,13
12507,47,74,-27,27
12508,147,143,4,4
12509,95,94,1,1
12510,76,84,-8,8
12511,128,129,-1,1
12512,81,71,10,10
12513,79,83,-4,4
12514,86,83,3,3
12515,44,53,-9,9
12516,87,90,-3,3
12517,102,104,-2,2
12518,116,116,0,0
12519,105,101,4,4
12520,113,122,-9,9
12521,152,139,13,13
12522,175,167,8,8
12523,70,68,2,2
12524,173,164,9,9
12525,87,80,7,7
12526,102,96,6,6
12527,88,91,-3,3
12528,76,74,2,2
12529,110,102,8,8
12530,99,102,-3,3
12531,71,69,2,2
12532,75,70,5,5
12533,105,103,2,2
12534,153,155,-2,2
12535,100,113,-13,13
12536,90,86,4,4
12537,83,99,-16,16
12538,82,84,-2,2
12539,49,55,-6,6
12540,69,68,1,1
12541,113,112,1,1
12542,63,64,-1,1
12543,58,60,-2,2
12544,65,65,0,0
12545,145,141,4,4
12546,50,51,-1,1
12547,83,89,-6,6
12548,100,99,1,1
12549,76,74,2,2
12550,72,73,-1,1
12551,71,89,-18,18
12552,106,102,4,4
12553,127,137,-10,10
12554,96,93,3,3
12555,67,68,-1,1
12556,140,135,5,5
12557,56,54,2,2
12558,108,105,3,3
12559,94,83,11,11
12560,59,57,2,2
12561,84,89,-5,5
12562,96,97,-1,1
12563,92,103,-11,11
12564,186,183,3,3
12565,62,61,1,1
12566,164,152,12,12
12567,49,53,-4,4
12568,62,60,2,2
12569,50,56,-6,6
12570,128,123,5,5
12571,57,65,-8,8
12572,69,67,2,2
12573,48,55,-7,7
12574,132,122,10,10
12575,140,142,-2,2
12576,107,102,5,5
12577,80,81,-1,1
12578,78,77,1,1
12579,140,117,23,23
12580,78,79,-1,1
12581,123,110,13,13
12582,87,92,-5,5
12583,91,106,-15,15
12584,119,130,-11,11
12585,107,103,4,4
12586,52,58,-6,6
12587,61,72,-11,11
12588,102,94,8,8
12589,79,72,7,7
12590,81,77,4,4
12591,72,68,4,4
12592,74,82,-8,8
12593,73,62,11,11
12594,114,87,27,27
12595,127,122,5,5
12596,92,78,14,14
12597,118,124,-6,6
12598,115,186,-71,71
12599,73,70,3,3
12600,93,94,-1,1
12601,70,71,-1,1
12602,73,70,3,3
12603,107,117,-10,10
12604,96,99,-3,3
12605,101,86,15,15
12606,76,90,-14,14
12607,85,77,8,8
12608,111,101,10,10
12609,42,52,-10,10
12610,69,68,1,1
12611,97,86,11,11
12612,90,84,6,6
12613,96,92,4,4
12614,114,133,-19,19
12615,121,116,5,5
12616,68,71,-3,3
12617,45,50,-5,5
12618,73,76,-3,3
12619,109,103,6,6
12620,175,169,6,6
12621,90,84,6,6
12622,70,66,4,4
12623,85,86,-1,1
12624,62,64,-2,2
12625,89,96,-7,7
12626,132,127,5,5
12627,155,142,13,13
12628,99,101,-2,2
12629,60,58,2,2
12630,110,105,5,5
12631,87,83,4,4
12632,98,105,-7,7
12633,80,90,-10,10
12634,127,123,4,4
12635,172,161,11,11
12636,181,169,12,12
12637,130,119,11,11
12638,76,73,3,3
12639,86,80,6,6
12640,105,101,4,4
12641,105,114,-9,9
12642,56,63,-7,7
12643,65,69,-4,4
12644,42,51,-9,9
12645,120,111,9,9
12646,65,62,3,3
12647,76,80,-4,4
12648,134,124,10,10
12649,28,65,-37,37
12650,96,93,3,3
12651,92,94,-2,2
12652,53,52,1,1
12653,66,61,5,5
12654,79,73,6,6
12655,101,112,-11,11
12656,78,96,-18,18
12657,88,97,-9,9
12658,136,127,9,9
12659,142,137,5,5
12660,73,64,9,9
12661,97,87,10,10
12662,80,71,9,9
12663,51,56,-5,5
12664,69,80,-11,11
12665,52,54,-2,2
12666,57,56,1,1
12667,100,113,-13,13
12668,147,144,3,3
12669,129,128,1,1
12670,92,99,-7,7
12671,107,93,14,14
12672,99,107,-8,8
12673,89,93,-4,4
12674,58,58,0,0
12675,103,91,12,12
12676,33,50,-17,17
12677,103,93,10,10
12678,88,91,-3,3
12679,81,82,-1,1
12680,53,54,-1,1
12681,70,78,-8,8
12682,32,50,-18,18
12683,88,85,3,3
12684,99,116,-17,17
12685,110,109,1,1
12686,78,79,-1,1
12687,99,99,0,0
12688,46,54,-8,8
12689,136,118,18,18
12690,75,70,5,5
12691,117,99,18,18
12692,93,82,11,11
12693,132,130,2,2
12694,70,71,-1,1
12695,69,73,-4,4
12696,49,51,-2,2
12697,71,65,6,6
12698,118,115,3,3
12699,97,97,0,0
12700,76,88,-12,12
12701,195,145,50,50
12702,128,122,6,6
12703,66,55,11,11
12704,120,120,0,0
12705,73,72,1,1
12706,62,70,-8,8
12707,104,90,14,14
12708,94,98,-4,4
12709,94,86,8,8
12710,110,98,12,12
12711,96,91,5,5
12712,107,100,7,7
12713,77,84,-7,7
12714,91,99,-8,8
12715,63,58,5,5
12716,128,110,18,18
12717,77,75,2,2
12718,67,73,-6,6
12719,124,112,12,12
12720,94,91,3,3
12721,64,63,1,1
12722,74,76,-2,2
12723,88,90,-2,2
12724,70,74,-4,4
12725,78,76,2,2
12726,66,78,-12,12
12727,104,105,-1,1
12728,134,141,-7,7
12729,92,88,4,4
12730,74,69,5,5
12731,93,88,5,5
12732,98,93,5,5
12733,100,91,9,9
12734,87,91,-4,4
12735,101,96,5,5
12736,49,51,-2,2
12737,121,113,8,8
12738,84,96,-12,12
12739,158,152,6,6
12740,115,105,10,10
12741,125,113,12,12
12742,53,51,2,2
12743,80,86,-6,6
12744,68,64,4,4
12745,103,99,4,4
12746,107,108,-1,1
12747,77,87,-10,10
12748,100,106,-6,6
12749,120,124,-4,4
12750,91,91,0,0
12751,77,58,19,19
12752,132,123,9,9
12753,131,124,7,7
12754,43,61,-18,18
12755,45,50,-5,5
12756,124,115,9,9
12757,86,78,8,8
12758,107,100,7,7
12759,82,87,-5,5
12760,204,189,15,15
12761,107,101,6,6
12762,120,125,-5,5
12763,140,132,8,8
12764,153,140,13,13
12765,83,81,2,2
12766,47,50,-3,3
12767,91,81,10,10
12768,68,55,13,13
12769,56,54,2,2
12770,77,84,-7,7
12771,37,52,-15,15
12772,117,107,10,10
12773,85,81,4,4
12774,101,96,5,5
12775,67,76,-9,9
12776,118,126,-8,8
12777,56,65,-9,9
12778,68,65,3,3
12779,65,71,-6,6
12780,105,101,4,4
12781,102,108,-6,6
12782,116,107,9,9
12783,69,66,3,3
12784,79,75,4,4
12785,105,104,1,1
12786,101,78,23,23
12787,106,93,13,13
12788,89,82,7,7
12789,77,77,0,0
12790,116,117,-1,1
12791,111,102,9,9
12792,91,78,13,13
12793,74,71,3,3
12794,96,94,2,2
12795,119,124,-5,5
12796,124,116,8,8
12797,83,76,7,7
12798,59,67,-8,8
12799,87,84,3,3
12800,55,54,1,1
12801,121,120,1,1
12802,94,86,8,8
12803,90,88,2,2
12804,181,168,13,13
12805,93,84,9,9
12806,72,73,-1,1
12807,92,95,-3,3
12808,153,145,8,8
12809,55,58,-3,3
12810,61,62,-1,1
12811,99,95,4,4
12812,82,85,-3,3
12813,102,93,9,9
12814,148,144,4,4
12815,112,112,0,0
12816,172,170,2,2
12817,133,129,4,4
12818,97,99,-2,2
12819,70,71,-1,1
12820,70,77,-7,7
12821,98,86,12,12
12822,96,106,-10,10
12823,69,67,2,2
12824,90,84,6,6
12825,138,129,9,9
12826,132,129,3,3
12827,153,155,-2,2
12828,86,77,9,9
12829,108,99,9,9
12830,80,88,-8,8
12831,154,134,20,20
12832,116,123,-7,7
12833,103,97,6,6
12834,104,110,-6,6
12835,116,111,5,5
12836,107,93,14,14
12837,96,91,5,5
12838,90,93,-3,3
12839,50,56,-6,6
12840,104,101,3,3
12841,72,65,7,7
12842,106,100,6,6
12843,87,86,1,1
12844,124,125,-1,1
12845,27,50,-23,23
12846,133,125,8,8
12847,122,110,12,12
12848,124,139,-15,15
12849,89,93,-4,4
12850,97,124,-27,27
12851,84,90,-6,6
12852,140,142,-2,2
12853,136,129,7,7
12854,20,50,-30,30
12855,93,95,-2,2
12856,85,84,1,1
12857,74,75,-1,1
12858,103,91,12,12
12859,75,77,-2,2
12860,46,52,-6,6
12861,84,106,-22,22
12862,75,76,-1,1
12863,53,54,-1,1
12864,52,78,-26,26
12865,87,89,-2,2
12866,109,97,12,12
12867,105,94,11,11
12868,67,68,-1,1
12869,154,134,20,20
12870,84,87,-3,3
12871,128,118,10,10
12872,113,119,-6,6
12873,87,76,11,11
12874,101,104,-3,3
12875,96,100,-4,4
12876,39,51,-12,12
12877,133,130,3,3
12878,191,193,-2,2
12879,60,60,0,0
12880,125,119,6,6
12881,75,78,-3,3
12882,40,53,-13,13
12883,103,92,11,11
12884,79,77,2,2
12885,185,180,5,5
12886,124,116,8,8
12887,109,113,-4,4
12888,89,99,-10,10
12889,67,63,4,4
12890,47,56,-9,9
12891,76,69,7,7
12892,122,125,-3,3
12893,106,98,8,8
12894,142,122,20,20
12895,96,78,18,18
12896,52,53,-1,1
12897,96,96,0,0
12898,117,123,-6,6
12899,69,75,-6,6
12900,89,83,6,6
12901,72,70,2,2
12902,180,172,8,8
12903,94,90,4,4
12904,53,59,-6,6
12905,93,99,-6,6
12906,161,144,17,17
12907,137,133,4,4
12908,129,128,1,1
12909,89,81,8,8
12910,102,97,5,5
12911,159,155,4,4
12912,67,69,-2,2
12913,67,84,-17,17
12914,97,96,1,1
12915,71,66,5,5
12916,153,154,-1,1
12917,100,99,1,1
12918,92,99,-7,7
12919,79,83,-4,4
12920,79,82,-3,3
12921,73,69,4,4
12922,133,130,3,3
12923,51,55,-4,4
12924,139,128,11,11
12925,115,123,-8,8
12926,89,88,1,1
12927,124,125,-1,1
12928,90,87,3,3
12929,128,124,4,4
12930,131,123,8,8
12931,71,67,4,4
12932,113,107,6,6
12933,127,130,-3,3
12934,61,65,-4,4
12935,113,112,1,1
12936,112,86,26,26
12937,75,72,3,3
12938,125,108,17,17
12939,73,73,0,0
12940,100,110,-10,10
12941,187,175,12,12
12942,101,94,7,7
12943,103,92,11,11
12944,99,106,-7,7
12945,65,64,1,1
12946,116,110,6,6
12947,97,111,-14,14
12948,83,87,-4,4
12949,90,100,-10,10
12950,101,99,2,2
12951,97,104,-7,7
12952,107,105,2,2
12953,119,129,-10,10
12954,78,71,7,7
12955,79,81,-2,2
12956,74,77,-3,3
12957,150,143,7,7
12958,83,94,-11,11
12959,131,140,-9,9
12960,68,73,-5,5
12961,222,191,31,31
12962,88,83,5,5
12963,109,101,8,8
12964,149,149,0,0
12965,82,91,-9,9
12966,33,50,-17,17
12967,97,107,-10,10
12968,88,89,-1,1
12969,127,129,-2,2
12970,70,70,0,0
12971,86,81,5,5
12972,63,60,3,3
12973,101,98,3,3
12974,85,84,1,1
12975,97,88,9,9
12976,68,67,1,1
12977,79,92,-13,13
12978,182,172,10,10
12979,68,74,-6,6
12980,68,66,2,2
12981,81,76,5,5
12982,118,110,8,8
12983,93,92,1,1
12984,117,97,20,20
12985,144,139,5,5
12986,134,119,15,15
12987,69,66,3,3
12988,133,125,8,8
12989,88,91,-3,3
12990,63,58,5,5
12991,116,118,-2,2
12992,113,122,-9,9
12993,103,93,10,10
12994,127,119,8,8
12995,116,118,-2,2
12996,114,107,7,7
12997,123,114,9,9
12998,72,66,6,6
12999,107,99,8,8
13000,121,107,14,14
13001,100,88,12,12
13002,87,90,-3,3
13003,102,94,8,8
13004,155,162,-7,7
13005,72,77,-5,5
13006,84,86,-2,2
13007,86,94,-8,8
13008,115,118,-3,3
13009,100,99,1,1
13010,81,70,11,11
13011,51,56,-5,5
13012,54,55,-1,1
13013,86,85,1,1
13014,92,89,3,3
13015,60,62,-2,2
13016,112,111,1,1
13017,92,88,4,4
13018,87,87,0,0
13019,95,96,-1,1
13020,80,75,5,5
13021,139,138,1,1
13022,103,95,8,8
13023,120,128,-8,8
13024,75,84,-9,9
13025,51,50,1,1
13026,76,70,6,6
13027,67,74,-7,7
13028,165,157,8,8
13029,84,89,-5,5
13030,83,89,-6,6
13031,61,58,3,3
13032,159,151,8,8
13033,64,79,-15,15
13034,140,136,4,4
13035,65,79,-14,14
13036,68,73,-5,5
13037,67,58,9,9
13038,87,91,-4,4
13039,109,109,0,0
13040,116,114,2,2
13041,94,112,-18,18
13042,135,123,12,12
13043,77,74,3,3
13044,55,55,0,0
13045,61,60,1,1
13046,73,75,-2,2
13047,139,121,18,18
13048,106,116,-10,10
13049,78,85,-7,7
13050,74,62,12,12
13051,99,93,6,6
13052,88,94,-6,6
13053,93,84,9,9
13054,69,66,3,3
13055,235,210,25,25
13056,83,86,-3,3
13057,101,88,13,13
13058,66,72,-6,6
13059,58,57,1,1
13060,119,120,-1,1
13061,129,124,5,5
13062,82,81,1,1
13063,168,160,8,8
13064,72,75,-3,3
13065,125,113,12,12
13066,82,78,4,4
13067,97,90,7,7
13068,56,63,-7,7
13069,123,137,-14,14
13070,79,71,8,8
13071,84,80,4,4
13072,112,109,3,3
13073,80,85,-5,5
13074,106,106,0,0
13075,60,60,0,0
13076,72,74,-2,2
13077,96,104,-8,8
13078,60,61,-1,1
13079,117,94,23,23
13080,66,72,-6,6
13081,78,80,-2,2
13082,55,58,-3,3
13083,164,144,20,20
13084,184,170,14,14
13085,78,81,-3,3
13086,61,67,-6,6
13087,109,125,-16,16
13088,101,103,-2,2
13089,79,78,1,1
13090,51,55,-4,4
13091,64,59,5,5
13092,62,63,-1,1
13093,144,137,7,7
13094,57,57,0,0
13095,50,52,-2,2
13096,81,76,5,5
13097,99,99,0,0
13098,97,99,-2,2
13099,129,116,13,13
13100,104,98,6,6
13101,93,101,-8,8
13102,84,79,5,5
13103,90,92,-2,2
13104,112,117,-5,5
13105,69,68,1,1
13106,69,73,-4,4
13107,107,88,19,19
13108,145,129,16,16
13109,84,74,10,10
13110,51,55,-4,4
13111,100,92,8,8
13112,82,88,-6,6
13113,71,84,-13,13
13114,104,97,7,7
13115,67,76,-9,9
13116,89,92,-3,3
13117,61,69,-8,8
13118,74,81,-7,7
13119,101,107,-6,6
13120,67,74,-7,7
13121,72,75,-3,3
13122,70,68,2,2
13123,158,156,2,2
13124,94,92,2,2
13125,84,78,6,6
13126,120,119,1,1
13127,152,150,2,2
13128,137,128,9,9
13129,82,92,-10,10
13130,116,109,7,7
13131,112,107,5,5
13132,99,90,9,9
13133,150,150,0,0
13134,66,61,5,5
13135,81,72,9,9
13136,50,51,-1,1
13137,133,132,1,1
13138,65,66,-1,1
13139,65,65,0,0
13140,80,80,0,0
13141,53,50,3,3
13142,108,100,8,8
13143,80,63,17,17
13144,126,129,-3,3
13145,73,77,-4,4
13146,58,56,2,2
13147,80,78,2,2
13148,62,59,3,3
13149,64,66,-2,2
13150,55,54,1,1
13151,81,82,-1,1
13152,97,98,-1,1
13153,78,71,7,7
13154,101,90,11,11
13155,72,79,-7,7
13156,112,107,5,5
13157,84,85,-1,1
13158,68,72,-4,4
13159,102,105,-3,3
13160,117,127,-10,10
13161,88,82,6,6
13162,127,113,14,14
13163,64,58,6,6
13164,87,87,0,0
13165,80,79,1,1
13166,101,88,13,13
13167,122,116,6,6
13168,67,61,6,6
13169,131,130,1,1
13170,97,90,7,7
13171,135,117,18,18
13172,88,89,-1,1
13173,115,126,-11,11
13174,134,121,13,13
13175,116,116,0,0
13176,79,81,-2,2
13177,45,50,-5,5
13178,100,100,0,0
13179,85,104,-19,19
13180,63,69,-6,6
13181,89,88,1,1
13182,76,79,-3,3
13183,138,124,14,14
13184,123,125,-2,2
13185,74,78,-4,4
13186,43,56,-13,13
13187,66,70,-4,4
13188,86,108,-22,22
13189,115,129,-14,14
13190,30,68,-38,38
13191,66,70,-4,4
13192,208,177,31,31
13193,90,85,5,5
13194,71,63,8,8
13195,94,84,10,10
13196,171,164,7,7
13197,55,54,1,1
13198,43,51,-8,8
13199,67,71,-4,4
13200,143,123,20,20
13201,98,98,0,0
13202,100,97,3,3
13203,108,102,6,6
13204,91,77,14,14
13205,131,126,5,5
13206,79,67,12,12
13207,153,154,-1,1
13208,37,50,-13,13
13209,46,50,-4,4
13210,241,211,30,30
13211,89,87,2,2
13212,72,67,5,5
13213,100,94,6,6
13214,83,81,2,2
13215,98,99,-1,1
13216,128,122,6,6
13217,162,121,41,41
13218,81,76,5,5
13219,98,94,4,4
13220,70,78,-8,8
13221,182,166,16,16
13222,71,69,2,2
13223,173,174,-1,1
13224,54,56,-2,2
13225,66,65,1,1
13226,85,80,5,5
13227,93,92,1,1
13228,71,109,-38,38
13229,163,161,2,2
13230,86,84,2,2
13231,74,66,8,8
13232,148,146,2,2
13233,112,109,3,3
13234,90,80,10,10
13235,64,60,4,4
13236,78,95,-17,17
13237,115,119,-4,4
13238,105,96,9,9
13239,90,90,0,0
13240,117,111,6,6
13241,103,89,14,14
13242,139,155,-16,16
13243,107,111,-4,4
13244,118,131,-13,13
13245,94,84,10,10
13246,56,53,3,3
13247,97,93,4,4
13248,77,70,7,7
13249,117,95,22,22
13250,125,125,0,0
13251,67,71,-4,4
13252,73,69,4,4
13253,152,138,14,14
13254,73,70,3,3
13255,121,119,2,2
13256,166,163,3,3
13257,90,88,2,2
13258,96,104,-8,8
13259,149,156,-7,7
13260,61,66,-5,5
13261,144,133,11,11
13262,121,121,0,0
13263,131,119,12,12
13264,58,55,3,3
13265,51,56,-5,5
13266,54,64,-10,10
13267,72,72,0,0
13268,99,103,-4,4
13269,124,109,15,15
13270,105,106,-1,1
13271,100,97,3,3
13272,153,149,4,4
13273,76,82,-6,6
13274,120,110,10,10
13275,94,94,0,0
13276,85,79,6,6
13277,84,89,-5,5
13278,53,65,-12,12
13279,106,108,-2,2
13280,108,112,-4,4
13281,140,128,12,12
13282,113,105,8,8
13283,57,68,-11,11
13284,108,107,1,1
13285,123,112,11,11
13286,108,102,6,6
13287,83,80,3,3
13288,99,83,16,16
13289,78,79,-1,1
13290,96,98,-2,2
13291,58,56,2,2
13292,82,81,1,1
13293,148,146,2,2
13294,86,94,-8,8
13295,81,70,11,11
13296,119,117,2,2
13297,97,102,-5,5
13298,118,117,1,1
13299,92,88,4,4
13300,102,108,-6,6
13301,72,72,0,0
13302,64,60,4,4
13303,86,87,-1,1
13304,57,66,-9,9
13305,102,100,2,2
13306,67,60,7,7
13307,88,92,-4,4
13308,139,122,17,17
13309,61,64,-3,3
13310,77,76,1,1
13311,158,159,-1,1
13312,130,117,13,13
13313,132,135,-3,3
13314,187,179,8,8
13315,79,77,2,2
13316,96,103,-7,7
13317,76,75,1,1
13318,71,71,0,0
13319,78,81,-3,3
13320,209,201,8,8
13321,75,71,4,4
13322,146,130,16,16
13323,100,96,4,4
13324,80,88,-8,8
13325,70,70,0,0
13326,65,67,-2,2
13327,95,101,-6,6
13328,80,78,2,2
13329,69,69,0,0
13330,132,135,-3,3
13331,77,69,8,8
13332,98,93,5,5
13333,94,95,-1,1
13334,86,84,2,2
13335,90,79,11,11
13336,75,66,9,9
13337,130,99,31,31
13338,87,96,-9,9
13339,141,127,14,14
13340,161,145,16,16
13341,68,77,-9,9
13342,97,92,5,5
13343,125,117,8,8
13344,36,50,-14,14
13345,115,110,5,5
13346,68,58,10,10
13347,106,100,6,6
13348,96,110,-14,14
13349,82,84,-2,2
13350,73,64,9,9
13351,89,78,11,11
13352,75,68,7,7
13353,85,96,-11,11
13354,134,141,-7,7
13355,90,82,8,8
13356,83,87,-4,4
13357,129,106,23,23
13358,140,139,1,1
13359,60,66,-6,6
13360,82,77,5,5
13361,153,146,7,7
13362,80,91,-11,11
13363,119,118,1,1
13364,108,98,10,10
13365,54,56,-2,2
13366,99,103,-4,4
13367,130,157,-27,27
13368,100,96,4,4
13369,59,54,5,5
13370,84,94,-10,10
13371,117,117,0,0
13372,60,60,0,0
13373,55,58,-3,3
13374,96,97,-1,1
13375,73,84,-11,11
13376,64,69,-5,5
13377,75,72,3,3
13378,55,60,-5,5
13379,90,85,5,5
13380,142,144,-2,2
13381,139,137,2,2
13382,118,108,10,10
13383,120,111,9,9
13384,112,114,-2,2
13385,43,50,-7,7
13386,106,109,-3,3
13387,187,178,9,9
13388,117,119,-2,2
13389,111,109,2,2
13390,188,187,1,1
13391,156,137,19,19
13392,136,138,-2,2
13393,88,90,-2,2
13394,29,50,-21,21
13395,107,92,15,15
13396,113,95,18,18
13397,93,92,1,1
13398,81,82,-1,1
13399,22,50,-28,28
13400,69,68,1,1
13401,168,153,15,15
13402,147,134,13,13
13403,105,112,-7,7
13404,145,131,14,14
13405,58,63,-5,5
13406,60,63,-3,3
13407,150,154,-4,4
13408,70,63,7,7
13409,69,72,-3,3
13410,140,139,1,1
13411,88,81,7,7
13412,120,118,2,2
13413,63,62,1,1
13414,81,87,-6,6
13415,66,60,6,6
13416,91,82,9,9
13417,131,134,-3,3
13418,126,104,22,22
13419,138,141,-3,3
13420,103,108,-5,5
13421,103,100,3,3
13422,50,67,-17,17
13423,64,69,-5,5
13424,75,78,-3,3
13425,67,61,6,6
13426,97,92,5,5
13427,109,111,-2,2
13428,137,128,9,9
13429,71,69,2,2
13430,98,89,9,9
13431,82,98,-16,16
13432,65,68,-3,3
13433,117,103,14,14
13434,148,155,-7,7
13435,190,169,21,21
13436,84,76,8,8
13437,110,98,12,12
13438,138,130,8,8
13439,74,75,-1,1
13440,130,114,16,16
13441,79,77,2,2
13442,92,109,-17,17
13443,137,143,-6,6
13444,104,92,12,12
13445,160,136,24,24
13446,90,87,3,3
13447,101,100,1,1
13448,123,124,-1,1
13449,73,72,1,1
13450,66,66,0,0
13451,124,122,2,2
13452,173,164,9,9
13453,142,128,14,14
13454,32,50,-18,18
13455,104,103,1,1
13456,65,84,-19,19
13457,60,60,0,0
13458,71,78,-7,7
13459,56,56,0,0
13460,122,122,0,0
13461,135,147,-12,12
13462,162,160,2,2
13463,96,110,-14,14
13464,126,132,-6,6
13465,74,77,-3,3
13466,102,107,-5,5
13467,80,76,4,4
13468,88,80,8,8
13469,92,81,11,11
13470,107,112,-5,5
13471,87,85,2,2
13472,58,60,-2,2
13473,80,72,8,8
13474,79,72,7,7
13475,114,122,-8,8
13476,78,88,-10,10
13477,75,81,-6,6
13478,168,171,-3,3
13479,114,114,0,0
13480,59,67,-8,8
13481,152,157,-5,5
13482,66,64,2,2
13483,98,91,7,7
13484,70,73,-3,3
13485,101,89,12,12
13486,130,128,2,2
13487,114,107,7,7
13488,63,65,-2,2
13489,181,167,14,14
13490,86,81,5,5
13491,107,120,-13,13
13492,59,58,1,1
13493,74,72,2,2
13494,134,133,1,1
13495,199,169,30,30
13496,58,63,-5,5
13497,99,98,1,1
13498,103,108,-5,5
13499,183,168,15,15
13500,96,95,1,1
13501,99,106,-7,7
13502,113,106,7,7
13503,88,77,11,11
13504,88,90,-2,2
13505,128,121,7,7
13506,82,91,-9,9
13507,80,75,5,5
13508,53,56,-3,3
13509,47,51,-4,4
13510,102,90,12,12
13511,97,94,3,3
13512,68,66,2,2
13513,125,111,14,14
13514,110,116,-6,6
13515,77,71,6,6
13516,127,118,9,9
13517,87,88,-1,1
13518,107,93,14,14
13519,105,111,-6,6
13520,153,129,24,24
13521,61,66,-5,5
13522,33,78,-45,45
13523,146,137,9,9
13524,100,108,-8,8
13525,170,156,14,14
13526,134,121,13,13
13527,78,95,-17,17
13528,73,65,8,8
13529,60,57,3,3
13530,64,61,3,3
13531,99,95,4,4
13532,80,87,-7,7
13533,65,63,2,2
13534,67,60,7,7
13535,141,124,17,17
13536,60,67,-7,7
13537,138,147,-9,9
13538,154,151,3,3
13539,58,58,0,0
13540,114,121,-7,7
13541,132,121,11,11
13542,98,98,0,0
13543,80,91,-11,11
13544,105,105,0,0
13545,84,96,-12,12
13546,78,77,1,1
13547,154,146,8,8
13548,67,71,-4,4
13549,95,108,-13,13
13550,125,118,7,7
13551,128,118,10,10
13552,42,50,-8,8
13553,204,191,13,13
13554,98,97,1,1
13555,112,110,2,2
13556,132,127,5,5
13557,139,128,11,11
13558,93,89,4,4
13559,146,135,11,11
13560,56,58,-2,2
13561,65,60,5,5
13562,124,116,8,8
13563,103,106,-3,3
13564,86,78,8,8
13565,60,66,-6,6
13566,98,98,0,0
13567,80,118,-38,38
13568,89,101,-12,12
13569,148,130,18,18
13570,40,50,-10,10
13571,80,86,-6,6
13572,70,81,-11,11
13573,82,70,12,12
13574,133,145,-12,12
13575,75,80,-5,5
13576,75,68,7,7
13577,120,103,17,17
13578,50,55,-5,5
13579,111,126,-15,15
13580,86,85,1,1
13581,115,119,-4,4
13582,63,58,5,5
13583,93,94,-1,1
13584,104,95,9,9
13585,153,153,0,0
13586,51,54,-3,3
13587,128,118,10,10
13588,92,88,4,4
13589,51,58,-7,7
13590,84,84,0,0
13591,104,103,1,1
13592,101,93,8,8
13593,83,90,-7,7
13594,69,76,-7,7
13595,96,93,3,3
13596,83,82,1,1
13597,54,65,-11,11
13598,83,67,16,16
13599,54,56,-2,2
13600,61,57,4,4
13601,116,103,13,13
13602,113,103,10,10
13603,76,69,7,7
13604,87,84,3,3
13605,59,56,3,3
13606,141,136,5,5
13607,97,99,-2,2
13608,89,82,7,7
13609,131,130,1,1
13610,71,65,6,6
13611,60,54,6,6
13612,39,50,-11,11
13613,68,78,-10,10
13614,61,60,1,1
13615,107,105,2,2
13616,95,95,0,0
13617,94,111,-17,17
13618,82,85,-3,3
13619,110,112,-2,2
13620,113,114,-1,1
13621,107,100,7,7
13622,161,141,20,20
13623,180,159,21,21
13624,101,102,-1,1
13625,88,85,3,3
13626,87,90,-3,3
13627,115,117,-2,2
13628,121,115,6,6
13629,139,138,1,1
13630,123,120,3,3
13631,63,59,4,4
13632,122,111,11,11
13633,68,70,-2,2
13634,110,98,12,12
13635,57,82,-25,25
13636,82,75,7,7
13637,95,95,0,0
13638,134,133,1,1
13639,98,85,13,13
13640,128,109,19,19
13641,95,93,2,2
13642,104,126,-22,22
13643,175,163,12,12
13644,109,97,12,12
13645,164,151,13,13
13646,118,113,5,5
13647,70,71,-1,1
13648,54,65,-11,11
13649,145,143,2,2
13650,68,68,0,0
13651,82,77,5,5
13652,61,61,0,0
13653,92,93,-1,1
13654,89,87,2,2
13655,96,92,4,4
13656,122,116,6,6
13657,79,82,-3,3
13658,75,75,0,0
13659,108,107,1,1
13660,43,51,-8,8
13661,67,67,0,0
13662,75,81,-6,6
13663,67,66,1,1
13664,88,92,-4,4
13665,55,56,-1,1
13666,96,108,-12,12
13667,60,60,0,0
13668,125,117,8,8
13669,56,62,-6,6
13670,111,110,1,1
13671,105,120,-15,15
13672,77,98,-21,21
13673,89,94,-5,5
13674,79,82,-3,3
13675,107,111,-4,4
13676,124,117,7,7
13677,119,119,0,0
13678,57,81,-24,24
13679,127,125,2,2
13680,64,72,-8,8
13681,96,101,-5,5
13682,89,80,9,9
13683,71,76,-5,5
13684,76,73,3,3
13685,110,109,1,1
13686,120,130,-10,10
13687,98,91,7,7
13688,84,90,-6,6
13689,233,222,11,11
13690,75,67,8,8
13691,107,89,18,18
13692,76,78,-2,2
13693,84,86,-2,2
13694,86,85,1,1
13695,103,95,8,8
13696,106,95,11,11
13697,150,127,23,23
13698,73,70,3,3
13699,130,140,-10,10
13700,132,118,14,14
13701,139,132,7,7
13702,115,114,1,1
13703,155,148,7,7
13704,75,82,-7,7
13705,70,74,-4,4
13706,127,116,11,11
13707,65,60,5,5
13708,100,108,-8,8
13709,170,161,9,9
13710,135,134,1,1
13711,75,73,2,2
13712,164,173,-9,9
13713,125,108,17,17
13714,104,114,-10,10
13715,53,55,-2,2
13716,146,146,0,0
13717,102,85,17,17
13718,70,75,-5,5
13719,54,57,-3,3
13720,108,110,-2,2
13721,97,98,-1,1
13722,104,102,2,2
13723,140,138,2,2
13724,94,101,-7,7
13725,62,77,-15,15
13726,105,95,10,10
13727,48,51,-3,3
13728,63,65,-2,2
13729,64,56,8,8
13730,51,54,-3,3
13731,63,58,5,5
13732,121,117,4,4
13733,120,113,7,7
13734,86,87,-1,1
13735,91,92,-1,1
13736,55,61,-6,6
13737,98,101,-3,3
13738,69,59,10,10
13739,45,50,-5,5
13740,126,137,-11,11
13741,169,165,4,4
13742,95,86,9,9
13743,106,109,-3,3
13744,91,86,5,5
13745,126,115,11,11
13746,67,70,-3,3
13747,55,57,-2,2
13748,74,81,-7,7
13749,87,75,12,12
13750,87,87,0,0
13751,83,71,12,12
13752,114,126,-12,12
13753,125,126,-1,1
13754,120,116,4,4
13755,86,79,7,7
13756,66,68,-2,2
13757,106,103,3,3
13758,62,55,7,7
13759,87,107,-20,20
13760,68,60,8,8
13761,77,77,0,0
13762,106,101,5,5
13763,101,98,3,3
13764,93,86,7,7
13765,63,80,-17,17
13766,53,59,-6,6
13767,116,116,0,0
13768,116,117,-1,1
13769,92,116,-24,24
13770,80,85,-5,5
13771,93,92,1,1
13772,129,124,5,5
13773,97,98,-1,1
13774,51,58,-7,7
13775,98,90,8,8
13776,80,106,-26,26
13777,74,73,1,1
13778,157,143,14,14
13779,163,163,0,0
13780,62,65,-3,3
13781,107,105,2,2
13782,107,92,15,15
13783,107,106,1,1
13784,83,80,3,3
13785,117,100,17,17
13786,94,100,-6,6
13787,65,64,1,1
13788,61,67,-6,6
13789,79,86,-7,7
13790,137,139,-2,2
13791,141,129,12,12
13792,95,96,-1,1
13793,101,100,1,1
13794,95,96,-1,1
13795,142,128,14,14
13796,107,92,15,15
13797,80,77,3,3
13798,91,97,-6,6
13799,71,69,2,2
13800,81,78,3,3
13801,96,91,5,5
13802,151,140,11,11
13803,75,85,-10,10
13804,69,71,-2,2
13805,70,69,1,1
13806,66,69,-3,3
13807,100,100,0,0
13808,107,102,5,5
13809,116,111,5,5
13810,59,63,-4,4
13811,90,91,-1,1
13812,60,56,4,4
13813,55,54,1,1
13814,66,68,-2,2
13815,90,95,-5,5
13816,80,87,-7,7
13817,151,92,59,59
13818,91,86,5,5
13819,59,60,-1,1
13820,73,72,1,1
13821,51,56,-5,5
13822,95,97,-2,2
13823,92,92,0,0
13824,61,60,1,1
13825,80,78,2,2
13826,107,120,-13,13
13827,79,80,-1,1
13828,167,150,17,17
13829,58,60,-2,2
13830,104,101,3,3
13831,106,118,-12,12
13832,61,55,6,6
13833,111,118,-7,7
13834,97,110,-13,13
13835,101,99,2,2
13836,67,73,-6,6
13837,56,61,-5,5
13838,57,58,-1,1
13839,82,65,17,17
13840,95,92,3,3
13841,69,76,-7,7
13842,58,60,-2,2
13843,105,101,4,4
13844,163,145,18,18
13845,61,63,-2,2
13846,90,74,16,16
13847,220,202,18,18
13848,96,83,13,13
13849,44,51,-7,7
13850,59,59,0,0
13851,60,61,-1,1
13852,64,67,-3,3
13853,94,94,0,0
13854,151,137,14,14
13855,75,74,1,1
13856,75,74,1,1
13857,79,72,7,7
13858,70,78,-8,8
13859,107,109,-2,2
13860,145,138,7,7
13861,70,69,1,1
13862,75,67,8,8
13863,141,133,8,8
13864,66,68,-2,2
13865,79,71,8,8
13866,111,100,11,11
13867,112,101,11,11
13868,125,133,-8,8
13869,121,127,-6,6
13870,108,102,6,6
13871,74,80,-6,6
13872,106,112,-6,6
13873,118,120,-2,2
13874,162,145,17,17
13875,142,106,36,36
13876,65,67,-2,2
13877,59,56,3,3
13878,91,83,8,8
13879,75,70,5,5
13880,125,120,5,5
13881,146,139,7,7
13882,84,80,4,4
13883,95,93,2,2
13884,88,83,5,5
13885,95,90,5,5
13886,54,59,-5,5
13887,68,58,10,10
13888,250,256,-6,6
13889,64,73,-9,9
13890,89,85,4,4
13891,63,62,1,1
13892,47,62,-15,15
13893,113,113,0,0
13894,118,109,9,9
13895,77,75,2,2
13896,175,156,19,19
13897,87,86,1,1
13898,85,87,-2,2
13899,107,98,9,9
13900,77,63,14,14
13901,112,120,-8,8
13902,67,67,0,0
13903,124,133,-9,9
13904,69,68,1,1
13905,170,168,2,2
13906,91,78,13,13
13907,69,69,0,0
13908,69,60,9,9
13909,102,102,0,0
13910,87,99,-12,12
13911,61,62,-1,1
13912,140,116,24,24
13913,56,68,-12,12
13914,50,52,-2,2
13915,71,60,11,11
13916,46,54,-8,8
13917,102,102,0,0
13918,72,67,5,5
13919,102,106,-4,4
13920,98,96,2,2
13921,114,117,-3,3
13922,83,88,-5,5
13923,75,76,-1,1
13924,92,86,6,6
13925,107,109,-2,2
13926,166,153,13,13
13927,72,76,-4,4
13928,43,55,-12,12
13929,98,83,15,15
13930,141,135,6,6
13931,112,96,16,16
13932,149,142,7,7
13933,17,50,-33,33
13934,63,71,-8,8
13935,127,119,8,8
13936,128,126,2,2
13937,64,65,-1,1
13938,59,60,-1,1
13939,45,57,-12,12
13940,104,100,4,4
13941,82,81,1,1
13942,52,50,2,2
13943,96,87,9,9
13944,108,104,4,4
13945,122,121,1,1
13946,105,103,2,2
13947,72,73,-1,1
13948,75,68,7,7
13949,111,108,3,3
13950,86,80,6,6
13951,121,122,-1,1
13952,86,82,4,4
13953,66,62,4,4
13954,93,93,0,0
13955,128,137,-9,9
13956,142,130,12,12
13957,87,74,13,13
13958,84,83,1,1
13959,103,103,0,0
13960,113,102,11,11
13961,136,135,1,1
13962,74,70,4,4
13963,108,121,-13,13
13964,89,96,-7,7
13965,84,83,1,1
13966,98,95,3,3
13967,51,56,-5,5
13968,53,52,1,1
13969,88,87,1,1
13970,96,88,8,8
13971,105,113,-8,8
13972,95,88,7,7
13973,119,103,16,16
13974,79,72,7,7
13975,110,92,18,18
13976,68,65,3,3
13977,98,100,-2,2
13978,162,166,-4,4
13979,124,123,1,1
13980,54,53,1,1
13981,89,98,-9,9
13982,55,63,-8,8
13983,147,129,18,18
13984,118,108,10,10
13985,28,56,-28,28
13986,115,113,2,2
13987,87,87,0,0
13988,129,122,7,7
13989,100,94,6,6
13990,119,117,2,2
13991,95,94,1,1
13992,130,129,1,1
13993,57,54,3,3
13994,103,90,13,13
13995,100,96,4,4
13996,95,91,4,4
13997,61,58,3,3
13998,59,61,-2,2
13999,126,117,9,9
14000,162,171,-9,9
14001,98,101,-3,3
14002,134,109,25,25
14003,118,114,4,4
14004,57,59,-2,2
14005,84,90,-6,6
14006,84,77,7,7
14007,120,131,-11,11
14008,163,163,0,0
14009,64,65,-1,1
14010,83,75,8,8
14011,69,82,-13,13
14012,135,97,38,38
14013,86,80,6,6
14014,60,52,8,8
14015,77,79,-2,2
14016,92,91,1,1
14017,85,81,4,4
14018,161,149,12,12
14019,126,109,17,17
14020,63,62,1,1
14021,93,101,-8,8
14022,73,73,0,0
14023,107,107,0,0
14024,74,76,-2,2
14025,73,68,5,5
14026,108,94,14,14
14027,182,172,10,10
14028,134,120,14,14
14029,67,67,0,0
14030,91,90,1,1
14031,131,152,-21,21
14032,146,137,9,9
14033,80,79,1,1
14034,139,129,10,10
14035,188,185,3,3
14036,150,137,13,13
14037,74,73,1,1
14038,115,116,-1,1
14039,87,82,5,5
14040,83,65,18,18
14041,71,68,3,3
14042,95,96,-1,1
14043,110,102,8,8
14044,91,90,1,1
14045,108,106,2,2
14046,51,51,0,0
14047,71,73,-2,2
14048,50,55,-5,5
14049,66,70,-4,4
14050,56,66,-10,10
14051,108,109,-1,1
14052,114,106,8,8
14053,86,72,14,14
14054,88,87,1,1
14055,66,56,10,10
14056,111,111,0,0
14057,53,55,-2,2
14058,94,91,3,3
14059,74,75,-1,1
14060,129,132,-3,3
14061,75,79,-4,4
14062,198,181,17,17
14063,76,69,7,7
14064,94,94,0,0
14065,70,65,5,5
14066,172,152,20,20
14067,61,62,-1,1
14068,80,77,3,3
14069,102,97,5,5
14070,114,114,0,0
14071,70,70,0,0
14072,75,83,-8,8
14073,112,103,9,9
14074,44,52,-8,8
14075,145,168,-23,23
14076,68,91,-23,23
14077,148,140,8,8
14078,56,58,-2,2
14079,81,83,-2,2
14080,73,74,-1,1
14081,122,124,-2,2
14082,75,80,-5,5
14083,121,127,-6,6
14084,139,139,0,0
14085,63,60,3,3
14086,125,126,-1,1
14087,85,80,5,5
14088,112,120,-8,8
14089,114,106,8,8
14090,134,124,10,10
14091,98,108,-10,10
14092,75,85,-10,10
14093,135,121,14,14
14094,96,98,-2,2
14095,102,98,4,4
14096,150,149,1,1
14097,186,167,19,19
14098,63,59,4,4
14099,116,108,8,8
14100,83,67,16,16
14101,110,95,15,15
14102,104,101,3,3
14103,71,69,2,2
14104,111,121,-10,10
14105,106,112,-6,6
14106,147,149,-2,2
14107,67,66,1,1
14108,212,199,13,13
14109,83,87,-4,4
14110,174,151,23,23
14111,113,127,-14,14
14112,68,80,-12,12
14113,159,163,-4,4
14114,52,59,-7,7
14115,123,124,-1,1
14116,112,113,-1,1
14117,69,78,-9,9
14118,61,62,-1,1
14119,63,64,-1,1
14120,70,71,-1,1
14121,65,70,-5,5
14122,145,150,-5,5
14123,121,123,-2,2
14124,60,56,4,4
14125,187,167,20,20
14126,24,50,-26,26
14127,136,135,1,1
14128,65,74,-9,9
14129,67,64,3,3
14130,189,186,3,3
14131,83,101,-18,18
14132,76,77,-1,1
14133,91,88,3,3
14134,74,87,-13,13
14135,55,61,-6,6
14136,107,98,9,9
14137,160,147,13,13
14138,149,137,12,12
14139,96,86,10,10
14140,88,86,2,2
14141,118,114,4,4
14142,91,90,1,1
14143,92,93,-1,1
14144,74,75,-1,1
14145,118,121,-3,3
14146,81,99,-18,18
14147,95,93,2,2
14148,68,71,-3,3
14149,132,117,15,15
14150,49,50,-1,1
14151,115,117,-2,2
14152,148,145,3,3
14153,109,124,-15,15
14154,104,96,8,8
14155,159,158,1,1
14156,83,74,9,9
14157,47,50,-3,3
14158,92,88,4,4
14159,101,104,-3,3
14160,57,59,-2,2
14161,40,51,-11,11
14162,153,143,10,10
14163,163,141,22,22
14164,66,64,2,2
14165,90,87,3,3
14166,55,53,2,2
14167,52,60,-8,8
14168,96,96,0,0
14169,115,112,3,3
14170,47,64,-17,17
14171,77,91,-14,14
14172,76,78,-2,2
14173,115,115,0,0
14174,93,95,-2,2
14175,120,91,29,29
14176,83,82,1,1
14177,119,113,6,6
14178,40,52,-12,12
14179,47,53,-6,6
14180,55,55,0,0
14181,96,94,2,2
14182,88,92,-4,4
14183,74,86,-12,12
14184,80,88,-8,8
14185,68,62,6,6
14186,144,139,5,5
14187,101,96,5,5
14188,116,115,1,1
14189,63,62,1,1
14190,51,53,-2,2
14191,123,120,3,3
14192,145,140,5,5
14193,107,96,11,11
14194,109,109,0,0
14195,115,116,-1,1
14196,59,59,0,0
14197,63,71,-8,8
14198,190,183,7,7
14199,69,66,3,3
14200,77,78,-1,1
14201,78,86,-8,8
14202,85,96,-11,11
14203,112,94,18,18
14204,82,83,-1,1
14205,150,148,2,2
14206,72,74,-2,2
14207,105,107,-2,2
14208,80,78,2,2
14209,39,50,-11,11
14210,102,108,-6,6
14211,68,74,-6,6
14212,95,93,2,2
14213,24,50,-26,26
14214,50,54,-4,4
14215,66,55,11,11
14216,69,71,-2,2
14217,120,114,6,6
14218,140,120,20,20
14219,69,73,-4,4
14220,187,151,36,36
14221,107,102,5,5
14222,67,66,1,1
14223,126,128,-2,2
14224,112,124,-12,12
14225,93,104,-11,11
14226,89,92,-3,3
14227,93,101,-8,8
14228,48,52,-4,4
14229,153,149,4,4
14230,67,64,3,3
14231,48,56,-8,8
14232,58,66,-8,8
14233,179,161,18,18
14234,91,91,0,0
14235,123,125,-2,2
14236,70,76,-6,6
14237,32,50,-18,18
14238,96,85,11,11
14239,53,57,-4,4
14240,99,100,-1,1
14241,133,118,15,15
14242,77,85,-8,8
14243,47,75,-28,28
14244,55,55,0,0
14245,85,77,8,8
14246,135,128,7,7
14247,103,93,10,10
14248,62,71,-9,9
14249,73,72,1,1
14250,117,128,-11,11
14251,112,107,5,5
14252,34,50,-16,16
14253,46,51,-5,5
14254,68,62,6,6
14255,42,50,-8,8
14256,88,99,-11,11
14257,88,89,-1,1
14258,78,80,-2,2
14259,74,79,-5,5
14260,145,133,12,12
14261,144,138,6,6
14262,146,148,-2,2
14263,50,54,-4,4
14264,134,115,19,19
14265,81,78,3,3
14266,81,75,6,6
14267,64,65,-1,1
14268,134,129,5,5
14269,177,175,2,2
14270,115,104,11,11
14271,105,108,-3,3
14272,142,131,11,11
14273,104,101,3,3
14274,74,82,-8,8
14275,177,158,19,19
14276,47,51,-4,4
14277,127,129,-2,2
14278,186,168,18,18
14279,81,91,-10,10
14280,78,76,2,2
14281,155,138,17,17
14282,170,123,47,47
14283,97,92,5,5
14284,94,87,7,7
14285,77,79,-2,2
14286,83,79,4,4
14287,109,108,1,1
14288,92,95,-3,3
14289,93,93,0,0
14290,63,86,-23,23
14291,85,85,0,0
14292,92,98,-6,6
14293,68,56,12,12
14294,111,118,-7,7
14295,181,172,9,9
14296,57,61,-4,4
14297,93,98,-5,5
14298,68,76,-8,8
14299,95,98,-3,3
14300,123,106,17,17
14301,58,61,-3,3
14302,159,144,15,15
14303,97,85,12,12
14304,82,79,3,3
14305,70,66,4,4
14306,87,73,14,14
14307,63,65,-2,2
14308,138,132,6,6
14309,124,122,2,2
14310,90,86,4,4
14311,72,67,5,5
14312,82,89,-7,7
14313,102,116,-14,14
14314,149,134,15,15
14315,127,120,7,7
14316,127,105,22,22
14317,80,79,1,1
14318,79,67,12,12
14319,126,128,-2,2
14320,160,153,7,7
14321,88,90,-2,2
14322,57,54,3,3
14323,117,117,0,0
14324,88,83,5,5
14325,117,118,-1,1
14326,108,105,3,3
14327,122,130,-8,8
14328,126,116,10,10
14329,137,134,3,3
14330,119,103,16,16
14331,94,95,-1,1
14332,89,68,21,21
14333,65,61,4,4
14334,80,77,3,3
14335,73,75,-2,2
14336,137,120,17,17
14337,112,114,-2,2
14338,93,91,2,2
14339,121,99,22,22
14340,94,98,-4,4
14341,74,78,-4,4
14342,126,121,5,5
14343,102,89,13,13
14344,61,59,2,2
14345,107,110,-3,3
14346,187,171,16,16
14347,129,120,9,9
14348,96,101,-5,5
14349,85,76,9,9
14350,89,91,-2,2
14351,65,57,8,8
14352,67,73,-6,6
14353,95,87,8,8
14354,90,82,8,8
14355,70,83,-13,13
14356,51,58,-7,7
14357,67,72,-5,5
14358,105,92,13,13
14359,72,89,-17,17
14360,73,66,7,7
14361,90,90,0,0
14362,60,55,5,5
14363,125,120,5,5
14364,128,118,10,10
14365,114,111,3,3
14366,80,70,10,10
14367,130,116,14,14
14368,170,186,-16,16
14369,163,166,-3,3
14370,121,107,14,14
14371,65,67,-2,2
14372,110,109,1,1
14373,86,86,0,0
14374,136,134,2,2
14375,95,94,1,1
14376,82,80,2,2
14377,117,111,6,6
14378,122,119,3,3
14379,61,61,0,0
14380,49,52,-3,3
14381,188,165,23,23
14382,61,64,-3,3
14383,164,162,2,2
14384,64,68,-4,4
14385,100,94,6,6
14386,75,74,1,1
14387,90,85,5,5
14388,83,76,7,7
14389,74,83,-9,9
14390,88,86,2,2
14391,110,99,11,11
14392,104,99,5,5
14393,61,68,-7,7
14394,80,87,-7,7
14395,121,112,9,9
14396,72,74,-2,2
14397,80,80,0,0
14398,38,50,-12,12
14399,136,117,19,19
14400,85,88,-3,3
14401,86,87,-1,1
14402,129,121,8,8
14403,58,59,-1,1
14404,73,78,-5,5
14405,135,135,0,0
14406,106,116,-10,10
14407,53,53,0,0
14408,54,62,-8,8
14409,62,77,-15,15
14410,91,94,-3,3
14411,61,60,1,1
14412,56,64,-8,8
14413,53,55,-2,2
14414,67,65,2,2
14415,81,87,-6,6
14416,77,86,-9,9
14417,92,91,1,1
14418,181,170,11,11
14419,68,72,-4,4
14420,73,74,-1,1
14421,102,96,6,6
14422,85,90,-5,5
14423,78,79,-1,1
14424,85,80,5,5
14425,86,94,-8,8
14426,61,61,0,0
14427,60,64,-4,4
14428,70,80,-10,10
14429,63,67,-4,4
14430,141,149,-8,8
14431,82,76,6,6
14432,125,114,11,11
14433,25,50,-25,25
14434,124,118,6,6
14435,42,50,-8,8
14436,123,127,-4,4
14437,50,71,-21,21
14438,94,102,-8,8
14439,175,163,12,12
14440,119,121,-2,2
14441,97,101,-4,4
14442,112,108,4,4
14443,105,102,3,3
14444,85,85,0,0
14445,117,121,-4,4
14446,140,131,9,9
14447,117,106,11,11
14448,45,50,-5,5
14449,73,78,-5,5
14450,71,83,-12,12
14451,41,50,-9,9
14452,134,124,10,10
14453,102,102,0,0
14454,69,68,1,1
14455,98,100,-2,2
14456,113,104,9,9
14457,90,93,-3,3
14458,67,64,3,3
14459,83,89,-6,6
14460,64,65,-1,1
14461,192,165,27,27
14462,93,78,15,15
14463,111,110,1,1
14464,122,127,-5,5
14465,89,100,-11,11
14466,77,99,-22,22
14467,66,62,4,4
14468,57,58,-1,1
14469,84,88,-4,4
14470,90,92,-2,2
14471,103,102,1,1
14472,144,142,2,2
14473,120,108,12,12
14474,105,99,6,6
14475,121,120,1,1
14476,51,97,-46,46
14477,91,78,13,13
14478,73,81,-8,8
14479,60,60,0,0
14480,50,52,-2,2
14481,94,101,-7,7
14482,107,97,10,10
14483,62,55,7,7
14484,77,76,1,1
14485,109,102,7,7
14486,113,106,7,7
14487,95,94,1,1
14488,153,154,-1,1
14489,146,131,15,15
14490,75,77,-2,2
14491,97,99,-2,2
14492,96,100,-4,4
14493,112,130,-18,18
14494,93,103,-10,10
14495,88,88,0,0
14496,143,127,16,16
14497,131,130,1,1
14498,92,94,-2,2
14499,77,72,5,5
14500,94,89,5,5
14501,60,67,-7,7
14502,70,67,3,3
14503,73,72,1,1
14504,115,110,5,5
14505,111,112,-1,1
14506,41,50,-9,9
14507,49,53,-4,4
14508,141,140,1,1
14509,85,77,8,8
14510,89,87,2,2
14511,84,69,15,15
14512,102,100,2,2
14513,100,101,-1,1
14514,72,71,1,1
14515,99,93,6,6
14516,68,63,5,5
14517,63,58,5,5
14518,156,164,-8,8
14519,113,105,8,8
14520,109,100,9,9
14521,141,133,8,8
14522,173,165,8,8
14523,95,104,-9,9
14524,89,95,-6,6
14525,103,100,3,3
14526,71,74,-3,3
14527,81,77,4,4
14528,93,95,-2,2
14529,138,145,-7,7
14530,94,80,14,14
14531,168,150,18,18
14532,56,58,-2,2
14533,70,64,6,6
14534,143,120,23,23
14535,115,114,1,1
14536,78,72,6,6
14537,71,69,2,2
14538,61,57,4,4
14539,174,164,10,10
14540,136,136,0,0
14541,137,141,-4,4
14542,64,57,7,7
14543,98,95,3,3
14544,61,62,-1,1
14545,79,80,-1,1
14546,58,61,-3,3
14547,88,89,-1,1
14548,83,84,-1,1
14549,58,62,-4,4
14550,113,98,15,15
14551,65,60,5,5
14552,98,100,-2,2
14553,98,92,6,6
14554,119,104,15,15
14555,81,84,-3,3
14556,107,107,0,0
14557,69,64,5,5
14558,102,102,0,0
14559,64,67,-3,3
14560,92,101,-9,9
14561,91,80,11,11
14562,76,66,10,10
14563,120,115,5,5
14564,131,127,4,4
14565,73,63,10,10
14566,113,84,29,29
14567,46,59,-13,13
14568,31,50,-19,19
14569,86,92,-6,6
14570,124,132,-8,8
14571,69,65,4,4
14572,103,98,5,5
14573,78,87,-9,9
14574,85,79,6,6
14575,43,50,-7,7
14576,102,103,-1,1
14577,64,72,-8,8
14578,112,119,-7,7
14579,104,100,4,4
14580,116,118,-2,2
14581,72,71,1,1
14582,86,97,-11,11
14583,45,50,-5,5
14584,90,96,-6,6
14585,204,189,15,15
14586,38,50,-12,12
14587,95,76,19,19
14588,102,110,-8,8
14589,193,188,5,5
14590,130,116,14,14
14591,47,51,-4,4
14592,132,133,-1,1
14593,176,146,30,30
14594,67,66,1,1
14595,100,104,-4,4
14596,73,63,10,10
14597,44,52,-8,8
14598,65,65,0,0
14599,34,50,-16,16
14600,56,62,-6,6
14601,87,88,-1,1
14602,87,107,-20,20
14603,44,54,-10,10
14604,115,107,8,8
14605,82,80,2,2
14606,134,140,-6,6
14607,161,149,12,12
14608,61,57,4,4
14609,150,141,9,9
14610,106,101,5,5
14611,68,66,2,2
14612,106,97,9,9
14613,96,94,2,2
14614,142,147,-5,5
14615,74,64,10,10
14616,47,54,-7,7
14617,130,133,-3,3
14618,121,123,-2,2
14619,104,104,0,0
14620,79,78,1,1
14621,85,76,9,9
14622,92,89,3,3
14623,52,96,-44,44
14624,144,164,-20,20
14625,92,76,16,16
14626,58,53,5,5
14627,116,123,-7,7
14628,71,78,-7,7
14629,65,59,6,6
14630,86,79,7,7
14631,51,58,-7,7
14632,51,54,-3,3
14633,169,161,8,8
14634,117,124,-7,7
14635,94,94,0,0
14636,77,73,4,4
14637,61,62,-1,1
14638,64,60,4,4
14639,38,55,-17,17
14640,54,53,1,1
14641,70,70,0,0
14642,77,83,-6,6
14643,127,114,13,13
14644,58,60,-2,2
14645,84,82,2,2
14646,89,93,-4,4
14647,52,53,-1,1
14648,73,73,0,0
14649,64,72,-8,8
14650,53,60,-7,7
14651,112,107,5,5
14652,92,94,-2,2
14653,90,81,9,9
14654,72,71,1,1
14655,99,104,-5,5
14656,84,76,8,8
14657,90,93,-3,3
14658,135,132,3,3
14659,91,86,5,5
14660,81,88,-7,7
14661,119,111,8,8
14662,70,70,0,0
14663,62,60,2,2
14664,80,80,0,0
14665,69,64,5,5
14666,107,117,-10,10
14667,145,137,8,8
14668,137,125,12,12
14669,94,97,-3,3
14670,158,137,21,21
14671,174,178,-4,4
14672,100,104,-4,4
14673,141,134,7,7
14674,131,127,4,4
14675,168,160,8,8
14676,98,95,3,3
14677,116,122,-6,6
14678,101,100,1,1
14679,89,101,-12,12
14680,119,113,6,6
14681,139,136,3,3
14682,25,50,-25,25
14683,106,107,-1,1
14684,161,161,0,0
14685,123,119,4,4
14686,87,85,2,2
14687,58,59,-1,1
14688,62,67,-5,5
14689,89,86,3,3
14690,81,79,2,2
14691,70,60,10,10
14692,78,74,4,4
14693,163,157,6,6
14694,46,66,-20,20
14695,57,56,1,1
14696,108,98,10,10
14697,148,114,34,34
14698,74,73,1,1
14699,54,57,-3,3
14700,64,74,-10,10
14701,162,138,24,24
14702,124,113,11,11
14703,75,78,-3,3
14704,76,74,2,2
14705,81,89,-8,8
14706,56,58,-2,2
14707,90,82,8,8
14708,70,76,-6,6
14709,66,81,-15,15
14710,75,75,0,0
14711,95,112,-17,17
14712,123,123,0,0
14713,125,120,5,5
14714,44,51,-7,7
14715,141,138,3,3
14716,53,57,-4,4
14717,97,97,0,0
14718,100,97,3,3
14719,78,96,-18,18
14720,199,183,16,16
14721,124,116,8,8
14722,56,69,-13,13
14723,62,54,8,8
14724,109,104,5,5
14725,149,131,18,18
14726,101,104,-3,3
14727,129,119,10,10
14728,138,120,18,18
14729,118,121,-3,3
14730,151,147,4,4
14731,58,55,3,3
14732,148,147,1,1
14733,89,92,-3,3
14734,93,94,-1,1
14735,111,98,13,13
14736,131,127,4,4
14737,106,110,-4,4
14738,123,120,3,3
14739,119,137,-18,18
14740,106,107,-1,1
14741,121,114,7,7
14742,74,64,10,10
14743,94,96,-2,2
14744,83,76,7,7
14745,159,149,10,10
14746,126,117,9,9
14747,71,71,0,0
14748,52,52,0,0
14749,139,146,-7,7
14750,98,95,3,3
14751,94,96,-2,2
14752,58,55,3,3
14753,126,127,-1,1
14754,65,64,1,1
14755,98,87,11,11
14756,170,159,11,11
14757,71,77,-6,6
14758,63,72,-9,9
14759,74,79,-5,5
14760,119,113,6,6
14761,73,86,-13,13
14762,88,86,2,2
14763,96,97,-1,1
14764,125,125,0,0
14765,119,121,-2,2
14766,88,86,2,2
14767,98,94,4,4
14768,103,116,-13,13
14769,95,90,5,5
14770,80,82,-2,2
14771,88,88,0,0
14772,50,52,-2,2
14773,81,71,10,10
14774,72,64,8,8
14775,56,56,0,0
14776,54,57,-3,3
14777,70,79,-9,9
14778,92,84,8,8
14779,79,80,-1,1
14780,64,66,-2,2
14781,121,116,5,5
14782,55,55,0,0
14783,110,109,1,1
14784,142,135,7,7
14785,160,153,7,7
14786,61,59,2,2
14787,59,60,-1,1
14788,102,112,-10,10
14789,95,91,4,4
14790,62,65,-3,3
14791,142,134,8,8
14792,91,75,16,16
14793,114,105,9,9
14794,54,52,2,2
14795,93,99,-6,6
14796,96,94,2,2
14797,75,70,5,5
14798,95,93,2,2
14799,59,61,-2,2
14800,87,75,12,12
14801,121,107,14,14
14802,85,91,-6,6
14803,74,75,-1,1
14804,94,97,-3,3
14805,117,119,-2,2
14806,136,132,4,4
14807,51,58,-7,7
14808,143,132,11,11
14809,110,112,-2,2
14810,112,105,7,7
14811,59,58,1,1
14812,69,61,8,8
14813,92,91,1,1
14814,92,97,-5,5
14815,125,116,9,9
14816,93,86,7,7
14817,94,85,9,9
14818,183,163,20,20
14819,158,159,-1,1
14820,126,120,6,6
14821,201,179,22,22
14822,96,84,12,12
14823,69,83,-14,14
14824,112,120,-8,8
14825,60,64,-4,4
14826,81,75,6,6
14827,229,213,16,16
14828,81,76,5,5
14829,49,57,-8,8
14830,98,91,7,7
14831,104,102,2,2
14832,117,107,10,10
14833,91,93,-2,2
14834,96,85,11,11
14835,82,78,4,4
14836,193,166,27,27
14837,75,80,-5,5
14838,101,98,3,3
14839,128,113,15,15
14840,103,103,0,0
14841,84,80,4,4
14842,162,147,15,15
14843,117,116,1,1
14844,104,125,-21,21
14845,85,82,3,3
14846,90,90,0,0
14847,67,68,-1,1
14848,91,79,12,12
14849,152,146,6,6
14850,60,58,2,2
14851,107,103,4,4
14852,114,132,-18,18
14853,95,97,-2,2
14854,85,88,-3,3
14855,72,100,-28,28
14856,66,89,-23,23
14857,81,83,-2,2
14858,112,107,5,5
14859,39,50,-11,11
14860,125,135,-10,10
14861,67,65,2,2
14862,103,94,9,9
14863,44,64,-20,20
14864,52,52,0,0
14865,58,60,-2,2
14866,105,106,-1,1
14867,55,65,-10,10
14868,107,126,-19,19
14869,102,112,-10,10
14870,61,74,-13,13
14871,129,128,1,1
14872,72,69,3,3
14873,144,138,6,6
14874,67,69,-2,2
14875,131,119,12,12
14876,59,61,-2,2
14877,142,135,7,7
14878,80,82,-2,2
14879,95,89,6,6
14880,62,65,-3,3
14881,99,102,-3,3
14882,69,77,-8,8
14883,36,50,-14,14
14884,53,56,-3,3
14885,174,154,20,20
14886,120,117,3,3
14887,60,69,-9,9
14888,44,50,-6,6
14889,104,107,-3,3
14890,70,64,6,6
14891,80,74,6,6
14892,72,67,5,5
14893,114,124,-10,10
14894,110,106,4,4
14895,69,60,9,9
14896,108,104,4,4
14897,136,131,5,5
14898,62,63,-1,1
14899,170,170,0,0
14900,109,102,7,7
14901,85,85,0,0
14902,93,85,8,8
14903,117,114,3,3
14904,102,79,23,23
14905,123,115,8,8
14906,91,107,-16,16
14907,65,66,-1,1
14908,52,55,-3,3
14909,139,123,16,16
14910,88,90,-2,2
14911,67,83,-16,16
14912,143,139,4,4
14913,153,153,0,0
14914,65,64,1,1
14915,84,85,-1,1
14916,101,112,-11,11
14917,90,116,-26,26
14918,75,73,2,2
14919,95,93,2,2
14920,197,171,26,26
14921,60,59,1,1
14922,152,147,5,5
14923,69,66,3,3
14924,79,83,-4,4
14925,63,73,-10,10
14926,114,110,4,4
14927,94,87,7,7
14928,107,100,7,7
14929,94,95,-1,1
14930,68,65,3,3
14931,95,92,3,3
14932,123,114,9,9
14933,81,77,4,4
14934,141,125,16,16
14935,78,78,0,0
14936,100,106,-6,6
14937,120,117,3,3
14938,36,53,-17,17
14939,81,87,-6,6
14940,118,100,18,18
14941,122,126,-4,4
14942,80,74,6,6
14943,130,119,11,11
14944,44,50,-6,6
14945,170,168,2,2
14946,74,96,-22,22
14947,66,72,-6,6
14948,192,180,12,12
14949,84,86,-2,2
14950,116,135,-19,19
14951,81,79,2,2
14952,43,50,-7,7
14953,69,71,-2,2
14954,63,57,6,6
14955,94,92,2,2
14956,84,79,5,5
14957,56,55,1,1
14958,106,112,-6,6
14959,152,126,26,26
14960,92,89,3,3
14961,68,66,2,2
14962,87,90,-3,3
14963,88,99,-11,11
14964,78,79,-1,1
14965,64,73,-9,9
14966,147,139,8,8
14967,57,54,3,3
14968,81,87,-6,6
14969,59,61,-2,2
14970,70,68,2,2
14971,87,93,-6,6
14972,90,80,10,10
14973,87,77,10,10
14974,49,55,-6,6
14975,160,137,23,23
14976,131,115,16,16
14977,83,86,-3,3
14978,44,51,-7,7
14979,44,54,-10,10
14980,52,70,-18,18
14981,102,108,-6,6
14982,69,72,-3,3
14983,99,95,4,4
14984,81,90,-9,9
14985,91,97,-6,6
14986,87,85,2,2
14987,57,56,1,1
14988,82,87,-5,5
14989,56,58,-2,2
14990,76,74,2,2
14991,79,82,-3,3
14992,78,73,5,5
14993,121,107,14,14
14994,119,99,20,20
14995,68,75,-7,7
14996,146,135,11,11
14997,106,91,15,15
14998,132,119,13,13
14999,47,54,-7,7
15000,70,66,4,4
15001,114,98,16,16
15002,71,66,5,5
15003,85,98,-13,13
15004,132,125,7,7
15005,33,50,-17,17
15006,16,50,-34,34
15007,68,69,-1,1
15008,62,62,0,0
15009,84,90,-6,6
15010,50,54,-4,4
15011,91,91,0,0
15012,116,112,4,4
15013,97,90,7,7
15014,126,126,0,0
15015,102,106,-4,4
15016,111,97,14,14
15017,113,106,7,7
15018,149,135,14,14
15019,87,75,12,12
15020,120,106,14,14
15021,124,123,1,1
15022,145,131,14,14
15023,78,77,1,1
15024,158,154,4,4
15025,47,56,-9,9
15026,228,207,21,21
15027,86,93,-7,7
15028,97,92,5,5
15029,105,97,8,8
15030,59,64,-5,5
15031,134,105,29,29
15032,122,124,-2,2
15033,116,131,-15,15
15034,72,80,-8,8
15035,95,107,-12,12
15036,48,51,-3,3
15037,71,65,6,6
15038,164,164,0,0
15039,80,77,3,3
15040,96,85,11,11
15041,133,123,10,10
15042,121,130,-9,9
15043,122,122,0,0
15044,99,92,7,7
15045,96,88,8,8
15046,41,51,-10,10
15047,157,134,23,23
15048,104,84,20,20
15049,65,72,-7,7
15050,103,109,-6,6
15051,118,114,4,4
15052,99,95,4,4
15053,126,112,14,14
15054,106,102,4,4
15055,55,51,4,4
15056,75,72,3,3
15057,69,71,-2,2
15058,107,108,-1,1
15059,122,120,2,2
15060,63,65,-2,2
15061,107,105,2,2
15062,96,114,-18,18
15063,62,74,-12,12
15064,72,66,6,6
15065,152,136,16,16
15066,65,67,-2,2
15067,78,75,3,3
15068,115,112,3,3
15069,113,101,12,12
15070,113,95,18,18
15071,105,102,3,3
15072,116,117,-1,1
15073,158,152,6,6
15074,57,59,-2,2
15075,141,142,-1,1
15076,82,79,3,3
15077,106,106,0,0
15078,96,86,10,10
15079,104,101,3,3
15080,98,91,7,7
15081,83,95,-12,12
15082,138,127,11,11
15083,148,141,7,7
15084,71,74,-3,3
15085,90,97,-7,7
15086,134,121,13,13
15087,129,134,-5,5
15088,127,125,2,2
15089,77,74,3,3
15090,69,76,-7,7
15091,102,101,1,1
15092,69,70,-1,1
15093,65,62,3,3
15094,102,112,-10,10
15095,56,68,-12,12
15096,123,113,10,10
15097,73,68,5,5
15098,61,70,-9,9
15099,102,117,-15,15
15100,98,98,0,0
15101,80,75,5,5
15102,85,90,-5,5
15103,61,62,-1,1
15104,127,126,1,1
15105,68,64,4,4
15106,127,132,-5,5
15107,71,72,-1,1
15108,71,56,15,15
15109,149,138,11,11
15110,91,85,6,6
15111,98,103,-5,5
15112,51,56,-5,5
15113,90,87,3,3
15114,105,115,-10,10
15115,84,83,1,1
15116,98,93,5,5
15117,188,196,-8,8
15118,57,58,-1,1
15119,135,112,23,23
15120,107,100,7,7
15121,166,157,9,9
15122,102,97,5,5
15123,162,155,7,7
15124,74,69,5,5
15125,81,80,1,1
15126,58,56,2,2
15127,93,76,17,17
15128,67,62,5,5
15129,136,144,-8,8
15130,122,123,-1,1
15131,114,118,-4,4
15132,66,59,7,7
15133,121,109,12,12
15134,82,86,-4,4
15135,110,104,6,6
15136,63,67,-4,4
15137,108,103,5,5
15138,77,73,4,4
15139,86,79,7,7
15140,74,69,5,5
15141,101,105,-4,4
15142,114,122,-8,8
15143,105,99,6,6
15144,106,104,2,2
15145,83,79,4,4
15146,169,166,3,3
15147,71,70,1,1
15148,87,93,-6,6
15149,67,68,-1,1
15150,86,110,-24,24
15151,244,229,15,15
15152,96,80,16,16
15153,136,131,5,5
15154,64,63,1,1
15155,131,141,-10,10
15156,142,149,-7,7
15157,63,76,-13,13
15158,56,61,-5,5
15159,65,60,5,5
15160,116,106,10,10
15161,57,56,1,1
15162,109,115,-6,6
15163,114,124,-10,10
15164,68,62,6,6
15165,114,110,4,4
15166,64,82,-18,18
15167,112,121,-9,9
15168,47,56,-9,9
15169,66,61,5,5
15170,81,85,-4,4
15171,127,129,-2,2
15172,109,110,-1,1
15173,72,67,5,5
15174,94,97,-3,3
15175,46,54,-8,8
15176,113,93,20,20
15177,70,71,-1,1
15178,80,85,-5,5
15179,64,65,-1,1
15180,113,107,6,6
15181,56,67,-11,11
15182,112,106,6,6
15183,50,58,-8,8
15184,101,95,6,6
15185,173,167,6,6
15186,57,54,3,3
15187,104,99,5,5
15188,90,86,4,4
15189,76,73,3,3
15190,94,93,1,1
15191,105,122,-17,17
15192,121,120,1,1
15193,126,135,-9,9
15194,127,110,17,17
15195,116,115,1,1
15196,88,82,6,6
15197,62,74,-12,12
15198,190,187,3,3
15199,91,113,-22,22
15200,68,73,-5,5
15201,102,95,7,7
15202,150,120,30,30
15203,85,88,-3,3
15204,45,52,-7,7
15205,106,111,-5,5
15206,64,59,5,5
15207,152,152,0,0
15208,124,126,-2,2
15209,77,82,-5,5
15210,80,88,-8,8
15211,68,57,11,11
15212,131,129,2,2
15213,141,130,11,11
15214,138,121,17,17
15215,139,153,-14,14
15216,54,60,-6,6
15217,81,82,-1,1
15218,131,123,8,8
15219,105,104,1,1
15220,88,79,9,9
15221,97,98,-1,1
15222,132,127,5,5
15223,80,83,-3,3
15224,83,85,-2,2
15225,56,61,-5,5
15226,68,76,-8,8
15227,88,84,4,4
15228,101,104,-3,3
15229,123,116,7,7
15230,123,130,-7,7
15231,56,72,-16,16
15232,139,136,3,3
15233,102,104,-2,2
15234,53,56,-3,3
15235,145,141,4,4
15236,94,96,-2,2
15237,126,120,6,6
15238,92,83,9,9
15239,82,79,3,3
15240,74,81,-7,7
15241,165,136,29,29
15242,99,104,-5,5
15243,139,148,-9,9
15244,84,73,11,11
15245,85,80,5,5
15246,63,64,-1,1
15247,174,148,26,26
15248,127,111,16,16
15249,93,102,-9,9
15250,106,104,2,2
15251,108,137,-29,29
15252,93,92,1,1
15253,98,78,20,20
15254,91,89,2,2
15255,68,63,5,5
15256,98,95,3,3
15257,264,241,23,23
15258,105,92,13,13
15259,71,78,-7,7
15260,57,53,4,4
15261,99,97,2,2
15262,87,81,6,6
15263,109,107,2,2
15264,132,134,-2,2
15265,66,73,-7,7
15266,99,99,0,0
15267,70,61,9,9
15268,111,106,5,5
15269,124,123,1,1
15270,53,59,-6,6
15271,113,103,10,10
15272,69,57,12,12
15273,69,74,-5,5
15274,80,76,4,4
15275,87,87,0,0
15276,117,108,9,9
15277,105,95,10,10
15278,64,57,7,7
15279,41,51,-10,10
15280,60,59,1,1
15281,93,92,1,1
15282,74,66,8,8
15283,100,94,6,6
15284,75,69,6,6
15285,117,103,14,14
15286,129,130,-1,1
15287,145,142,3,3
15288,102,105,-3,3
15289,147,144,3,3
15290,55,59,-4,4
15291,91,81,10,10
15292,46,55,-9,9
15293,211,178,33,33
15294,125,131,-6,6
15295,76,74,2,2
15296,84,81,3,3
15297,104,104,0,0
15298,62,67,-5,5
15299,77,82,-5,5
15300,100,93,7,7
15301,83,87,-4,4
15302,90,89,1,1
15303,181,161,20,20
15304,132,142,-10,10
15305,88,85,3,3
15306,85,88,-3,3
15307,69,73,-4,4
15308,59,57,2,2
15309,42,50,-8,8
15310,138,131,7,7
15311,75,67,8,8
15312,116,114,2,2
15313,76,91,-15,15
15314,85,83,2,2
15315,60,63,-3,3
15316,101,98,3,3
15317,117,124,-7,7
15318,73,80,-7,7
15319,65,82,-17,17
15320,136,137,-1,1
15321,40,50,-10,10
15322,61,60,1,1
15323,138,133,5,5
15324,55,61,-6,6
15325,87,79,8,8
15326,60,54,6,6
15327,42,50,-8,8
15328,184,188,-4,4
15329,136,137,-1,1
15330,46,64,-18,18
15331,157,118,39,39
15332,99,103,-4,4
15333,64,60,4,4
15334,95,94,1,1
15335,138,134,4,4
15336,63,67,-4,4
15337,72,64,8,8
15338,52,55,-3,3
15339,90,79,11,11
15340,78,87,-9,9
15341,97,100,-3,3
15342,118,115,3,3
15343,89,92,-3,3
15344,55,59,-4,4
15345,109,104,5,5
15346,64,71,-7,7
15347,103,94,9,9
15348,96,94,2,2
15349,101,98,3,3
15350,130,126,4,4
15351,67,78,-11,11
15352,65,64,1,1
15353,80,80,0,0
15354,90,87,3,3
15355,86,78,8,8
15356,62,60,2,2
15357,162,155,7,7
15358,107,112,-5,5
15359,42,50,-8,8
15360,104,104,0,0
15361,125,123,2,2
15362,93,97,-4,4
15363,163,180,-17,17
15364,42,54,-12,12
15365,127,122,5,5
15366,94,100,-6,6
15367,88,89,-1,1
15368,147,144,3,3
15369,155,147,8,8
15370,107,94,13,13
15371,65,64,1,1
15372,94,109,-15,15
15373,77,80,-3,3
15374,128,129,-1,1
15375,70,74,-4,4
15376,51,59,-8,8
15377,101,106,-5,5
15378,108,93,15,15
15379,169,156,13,13
15380,56,60,-4,4
15381,114,97,17,17
15382,129,139,-10,10
15383,98,96,2,2
15384,62,80,-18,18
15385,52,53,-1,1
15386,125,111,14,14
15387,123,112,11,11
15388,107,105,2,2
15389,100,99,1,1
15390,153,170,-17,17
15391,81,89,-8,8
15392,82,81,1,1
15393,97,99,-2,2
15394,28,50,-22,22
15395,123,127,-4,4
15396,66,77,-11,11
15397,91,90,1,1
15398,95,95,0,0
15399,66,71,-5,5
15400,105,107,-2,2
15401,64,63,1,1
15402,106,101,5,5
15403,136,126,10,10
15404,87,88,-1,1
15405,71,67,4,4
15406,116,118,-2,2
15407,88,95,-7,7
15408,53,57,-4,4
15409,126,112,14,14
15410,144,132,12,12
15411,74,77,-3,3
15412,63,64,-1,1
15413,72,73,-1,1
15414,73,64,9,9
15415,76,77,-1,1
15416,88,84,4,4
15417,78,77,1,1
15418,103,100,3,3
15419,76,65,11,11
15420,41,81,-40,40
15421,231,206,25,25
15422,134,133,1,1
15423,126,106,20,20
15424,138,129,9,9
15425,103,111,-8,8
15426,90,93,-3,3
15427,73,70,3,3
15428,63,73,-10,10
15429,81,88,-7,7
15430,120,102,18,18
15431,92,97,-5,5
15432,100,101,-1,1
15433,51,56,-5,5
15434,116,117,-1,1
15435,97,96,1,1
15436,87,69,18,18
15437,138,128,10,10
15438,52,60,-8,8
15439,36,50,-14,14
15440,167,165,2,2
15441,80,91,-11,11
15442,117,114,3,3
15443,91,80,11,11
15444,163,153,10,10
15445,112,122,-10,10
15446,75,80,-5,5
15447,119,110,9,9
15448,61,64,-3,3
15449,71,68,3,3
15450,117,116,1,1
15451,115,129,-14,14
15452,99,102,-3,3
15453,125,123,2,2
15454,100,100,0,0
15455,153,141,12,12
15456,146,148,-2,2
15457,157,144,13,13
15458,104,107,-3,3
15459,130,121,9,9
15460,137,141,-4,4
15461,105,113,-8,8
15462,101,88,13,13
15463,110,112,-2,2
15464,97,90,7,7
15465,87,79,8,8
15466,107,109,-2,2
15467,87,89,-2,2
15468,90,73,17,17
15469,90,86,4,4
15470,118,119,-1,1
15471,57,62,-5,5
15472,108,114,-6,6
15473,51,54,-3,3
15474,56,84,-28,28
15475,53,67,-14,14
15476,55,61,-6,6
15477,68,76,-8,8
15478,61,66,-5,5
15479,142,142,0,0
15480,83,77,6,6
15481,56,61,-5,5
15482,60,70,-10,10
15483,59,62,-3,3
15484,119,117,2,2
15485,60,67,-7,7
15486,60,62,-2,2
15487,106,102,4,4
15488,78,80,-2,2
15489,83,80,3,3
15490,63,65,-2,2
15491,147,148,-1,1
15492,182,168,14,14
15493,129,126,3,3
15494,97,101,-4,4
15495,115,111,4,4
15496,105,112,-7,7
15497,102,110,-8,8
15498,127,132,-5,5
15499,157,151,6,6
15500,84,82,2,2
15501,152,135,17,17
15502,74,80,-6,6
15503,79,79,0,0
15504,123,125,-2,2
15505,135,138,-3,3
15506,82,82,0,0
15507,111,111,0,0
15508,62,86,-24,24
15509,59,65,-6,6
15510,77,88,-11,11
15511,63,67,-4,4
15512,81,83,-2,2
15513,56,55,1,1
15514,69,72,-3,3
15515,65,69,-4,4
15516,82,80,2,2
15517,91,87,4,4
15518,190,163,27,27
15519,185,174,11,11
15520,131,121,10,10
15521,65,62,3,3
15522,158,147,11,11
15523,144,153,-9,9
15524,73,79,-6,6
15525,80,90,-10,10
15526,152,140,12,12
15527,62,66,-4,4
15528,64,68,-4,4
15529,65,69,-4,4
15530,146,136,10,10
15531,124,120,4,4
15532,108,101,7,7
15533,131,128,3,3
15534,107,111,-4,4
15535,104,104,0,0
15536,78,74,4,4
15537,115,123,-8,8
15538,159,148,11,11
15539,103,109,-6,6
15540,101,105,-4,4
15541,63,61,2,2
15542,160,157,3,3
15543,61,65,-4,4
15544,60,60,0,0
15545,130,135,-5,5
15546,96,92,4,4
15547,84,85,-1,1
15548,93,88,5,5
15549,110,113,-3,3
15550,66,64,2,2
15551,77,70,7,7
15552,103,103,0,0
15553,78,79,-1,1
15554,147,141,6,6
15555,87,93,-6,6
15556,84,77,7,7
15557,83,76,7,7
15558,69,65,4,4
15559,180,175,5,5
15560,140,137,3,3
15561,57,59,-2,2
15562,120,114,6,6
15563,62,62,0,0
15564,79,76,3,3
15565,127,128,-1,1
15566,64,67,-3,3
15567,81,69,12,12
15568,100,95,5,5
15569,118,119,-1,1
15570,85,74,11,11
15571,77,88,-11,11
15572,104,97,7,7
15573,72,65,7,7
15574,101,93,8,8
15575,95,100,-5,5
15576,98,95,3,3
15577,62,58,4,4
15578,98,90,8,8
15579,113,125,-12,12
15580,62,60,2,2
15581,52,61,-9,9
15582,112,98,14,14
15583,80,82,-2,2
15584,106,116,-10,10
15585,63,65,-2,2
15586,49,59,-10,10
15587,72,75,-3,3
15588,117,101,16,16
15589,116,109,7,7
15590,94,89,5,5
15591,95,95,0,0
15592,83,91,-8,8
15593,119,116,3,3
15594,106,108,-2,2
15595,92,84,8,8
15596,70,75,-5,5
15597,133,128,5,5
15598,64,61,3,3
15599,169,159,10,10
15600,93,88,5,5
15601,102,105,-3,3
15602,87,80,7,7
15603,71,74,-3,3
15604,62,67,-5,5
15605,59,54,5,5
15606,85,84,1,1
15607,72,73,-1,1
15608,50,52,-2,2
15609,92,87,5,5
15610,127,120,7,7
15611,57,54,3,3
15612,107,103,4,4
15613,65,60,5,5
15614,82,85,-3,3
15615,81,86,-5,5
15616,98,97,1,1
15617,82,77,5,5
15618,110,124,-14,14
15619,166,160,6,6
15620,107,103,4,4
15621,50,57,-7,7
15622,148,134,14,14
15623,70,70,0,0
15624,100,91,9,9
15625,108,104,4,4
15626,113,114,-1,1
15627,53,59,-6,6
15628,126,126,0,0
15629,72,70,2,2
15630,197,180,17,17
15631,47,50,-3,3
15632,89,85,4,4
15633,143,126,17,17
15634,119,120,-1,1
15635,76,83,-7,7
15636,73,79,-6,6
15637,68,72,-4,4
15638,111,106,5,5
15639,121,108,13,13
15640,92,100,-8,8
15641,113,107,6,6
15642,98,97,1,1
15643,152,158,-6,6
15644,80,83,-3,3
15645,82,73,9,9
15646,128,121,7,7
15647,49,56,-7,7
15648,128,129,-1,1
15649,63,62,1,1
15650,52,54,-2,2
15651,89,86,3,3
15652,68,61,7,7
15653,109,105,4,4
15654,83,80,3,3
15655,97,95,2,2
15656,73,74,-1,1
15657,75,70,5,5
15658,127,119,8,8
15659,52,77,-25,25
15660,69,59,10,10
15661,152,145,7,7
15662,87,87,0,0
15663,130,112,18,18
15664,72,81,-9,9
15665,114,118,-4,4
15666,75,75,0,0
15667,136,124,12,12
15668,77,74,3,3
15669,88,85,3,3
15670,64,72,-8,8
15671,90,78,12,12
15672,174,173,1,1
15673,57,63,-6,6
15674,56,63,-7,7
15675,78,75,3,3
15676,81,74,7,7
15677,67,60,7,7
15678,123,113,10,10
15679,146,142,4,4
15680,123,125,-2,2
15681,98,103,-5,5
15682,61,70,-9,9
15683,109,111,-2,2
15684,76,84,-8,8
15685,121,120,1,1
15686,81,81,0,0
15687,38,54,-16,16
15688,70,71,-1,1
15689,83,78,5,5
15690,100,100,0,0
15691,79,89,-10,10
15692,98,105,-7,7
15693,79,70,9,9
15694,196,176,20,20
15695,137,137,0,0
15696,67,69,-2,2
15697,87,87,0,0
15698,79,81,-2,2
15699,84,82,2,2
15700,104,116,-12,12
15701,105,115,-10,10
15702,113,104,9,9
15703,54,55,-1,1
15704,77,74,3,3
15705,124,121,3,3
15706,103,101,2,2
15707,175,154,21,21
15708,67,59,8,8
15709,86,86,0,0
15710,65,69,-4,4
15711,74,70,4,4
15712,85,67,18,18
15713,77,72,5,5
15714,94,93,1,1
15715,163,144,19,19
15716,107,102,5,5
15717,126,121,5,5
15718,97,91,6,6
15719,80,79,1,1
15720,150,154,-4,4
15721,67,74,-7,7
15722,120,106,14,14
15723,86,96,-10,10
15724,80,76,4,4
15725,79,76,3,3
15726,98,92,6,6
15727,100,104,-4,4
15728,105,106,-1,1
15729,140,157,-17,17
15730,110,102,8,8
15731,101,92,9,9
15732,50,53,-3,3
15733,132,126,6,6
15734,160,158,2,2
15735,119,105,14,14
15736,94,89,5,5
15737,83,81,2,2
15738,92,89,3,3
15739,76,64,12,12
15740,103,100,3,3
15741,93,96,-3,3
15742,67,73,-6,6
15743,104,116,-12,12
15744,123,121,2,2
15745,90,79,11,11
15746,75,77,-2,2
15747,120,114,6,6
15748,66,61,5,5
15749,106,108,-2,2
15750,120,115,5,5
15751,98,80,18,18
15752,105,107,-2,2
15753,97,98,-1,1
15754,101,94,7,7
15755,80,83,-3,3
15756,87,84,3,3
15757,68,63,5,5
15758,160,149,11,11
15759,77,78,-1,1
15760,65,67,-2,2
15761,90,92,-2,2
15762,34,52,-18,18
15763,90,97,-7,7
15764,83,73,10,10
15765,47,50,-3,3
15766,47,65,-18,18
15767,106,114,-8,8
15768,63,66,-3,3
15769,96,97,-1,1
15770,108,117,-9,9
15771,85,87,-2,2
15772,157,141,16,16
15773,90,72,18,18
15774,116,117,-1,1
15775,132,129,3,3
15776,123,116,7,7
15777,118,115,3,3
15778,45,55,-10,10
15779,60,58,2,2
15780,179,157,22,22
15781,111,110,1,1
15782,118,119,-1,1
15783,87,95,-8,8
15784,51,58,-7,7
15785,37,52,-15,15
15786,91,90,1,1
15787,69,69,0,0
15788,130,114,16,16
15789,102,107,-5,5
15790,93,100,-7,7
15791,129,124,5,5
15792,54,52,2,2
15793,70,68,2,2
15794,125,114,11,11
15795,59,60,-1,1
15796,46,50,-4,4
15797,64,70,-6,6
15798,113,100,13,13
15799,110,97,13,13
15800,46,53,-7,7
15801,134,141,-7,7
15802,71,83,-12,12
15803,143,142,1,1
15804,63,63,0,0
15805,120,118,2,2
15806,86,74,12,12
15807,74,80,-6,6
15808,118,123,-5,5
15809,61,64,-3,3
15810,65,61,4,4
15811,136,124,12,12
15812,85,89,-4,4
15813,105,91,14,14
15814,146,137,9,9
15815,98,104,-6,6
15816,30,52,-22,22
15817,76,75,1,1
15818,148,139,9,9
15819,126,120,6,6
15820,121,114,7,7
15821,173,120,53,53
15822,68,81,-13,13
15823,100,103,-3,3
15824,109,112,-3,3
15825,73,80,-7,7
15826,97,96,1,1
15827,92,88,4,4
15828,97,92,5,5
15829,88,99,-11,11
15830,159,144,15,15
15831,104,99,5,5
15832,65,64,1,1
15833,84,80,4,4
15834,82,83,-1,1
15835,100,108,-8,8
15836,105,104,1,1
15837,70,76,-6,6
15838,77,69,8,8
15839,111,110,1,1
15840,96,86,10,10
15841,98,105,-7,7
15842,89,89,0,0
15843,62,67,-5,5
15844,144,129,15,15
15845,134,127,7,7
15846,96,96,0,0
15847,64,76,-12,12
15848,74,74,0,0
15849,113,106,7,7
15850,125,134,-9,9
15851,122,114,8,8
15852,66,72,-6,6
15853,46,54,-8,8
15854,115,115,0,0
15855,59,66,-7,7
15856,76,71,5,5
15857,97,93,4,4
15858,125,125,0,0
15859,138,110,28,28
15860,24,50,-26,26
15861,34,50,-16,16
15862,77,74,3,3
15863,112,121,-9,9
15864,123,118,5,5
15865,88,87,1,1
15866,130,121,9,9
15867,108,110,-2,2
15868,52,51,1,1
15869,112,116,-4,4
15870,41,50,-9,9
15871,68,78,-10,10
15872,111,109,2,2
15873,97,103,-6,6
15874,73,72,1,1
15875,75,73,2,2
15876,79,93,-14,14
15877,62,73,-11,11
15878,75,93,-18,18
15879,128,124,4,4
15880,113,115,-2,2
15881,49,50,-1,1
15882,65,57,8,8
15883,64,64,0,0
15884,97,105,-8,8
15885,117,105,12,12
15886,62,58,4,4
15887,75,93,-18,18
15888,80,85,-5,5
15889,63,68,-5,5
15890,50,59,-9,9
15891,112,111,1,1
15892,129,126,3,3
15893,78,74,4,4
15894,102,100,2,2
15895,101,93,8,8
15896,67,70,-3,3
15897,49,55,-6,6
15898,184,168,16,16
15899,81,79,2,2
15900,70,67,3,3
15901,95,84,11,11
15902,111,102,9,9
15903,141,131,10,10
15904,105,106,-1,1
15905,54,51,3,3
15906,78,75,3,3
15907,155,140,15,15
15908,134,124,10,10
15909,88,79,9,9
15910,66,73,-7,7
15911,64,71,-7,7
15912,60,66,-6,6
15913,94,89,5,5
15914,103,91,12,12
15915,146,140,6,6
15916,74,86,-12,12
15917,73,65,8,8
15918,62,61,1,1
15919,103,102,1,1
15920,126,119,7,7
15921,96,90,6,6
15922,160,146,14,14
15923,118,112,6,6
15924,128,117,11,11
15925,191,181,10,10
15926,123,113,10,10
15927,107,105,2,2
15928,55,55,0,0
15929,47,50,-3,3
15930,55,54,1,1
15931,58,58,0,0
15932,107,107,0,0
15933,76,73,3,3
15934,96,84,12,12
15935,57,56,1,1
15936,110,116,-6,6
15937,79,77,2,2
15938,65,70,-5,5
15939,123,111,12,12
15940,61,54,7,7
15941,65,75,-10,10
15942,113,106,7,7
15943,49,51,-2,2
15944,82,92,-10,10
15945,98,100,-2,2
15946,75,78,-3,3
15947,112,118,-6,6
15948,113,101,12,12
15949,94,93,1,1
15950,58,53,5,5
15951,64,68,-4,4
15952,105,112,-7,7
15953,101,101,0,0
15954,68,69,-1,1
15955,101,95,6,6
15956,52,52,0,0
15957,70,68,2,2
15958,97,131,-34,34
15959,117,106,11,11
15960,68,68,0,0
15961,127,112,15,15
15962,69,74,-5,5
15963,90,98,-8,8
15964,40,56,-16,16
15965,114,106,8,8
15966,98,97,1,1
15967,66,69,-3,3
15968,67,81,-14,14
15969,190,188,2,2
15970,104,100,4,4
15971,74,80,-6,6
15972,69,56,13,13
15973,86,95,-9,9
15974,102,94,8,8
15975,122,114,8,8
15976,142,131,11,11
15977,103,89,14,14
15978,164,152,12,12
15979,110,124,-14,14
15980,64,65,-1,1
15981,74,70,4,4
15982,61,58,3,3
15983,63,66,-3,3
15984,100,88,12,12
15985,107,106,1,1
15986,102,100,2,2
15987,31,50,-19,19
15988,147,135,12,12
15989,60,62,-2,2
15990,86,82,4,4
15991,114,125,-11,11
15992,103,116,-13,13
15993,75,75,0,0
15994,95,104,-9,9
15995,87,77,10,10
15996,99,87,12,12
15997,114,115,-1,1
15998,76,84,-8,8
15999,120,122,-2,2
16000,90,83,7,7
16001,64,56,8,8
16002,113,106,7,7
16003,66,63,3,3
16004,123,108,15,15
16005,132,119,13,13
16006,124,108,16,16
16007,56,58,-2,2
16008,125,135,-10,10
16009,101,101,0,0
16010,89,85,4,4
16011,57,66,-9,9
16012,98,90,8,8
16013,101,101,0,0
16014,82,87,-5,5
16015,128,134,-6,6
16016,56,57,-1,1
16017,162,161,1,1
16018,84,91,-7,7
16019,79,74,5,5
16020,53,56,-3,3
16021,55,60,-5,5
16022,62,60,2,2
16023,73,75,-2,2
16024,42,50,-8,8
16025,127,139,-12,12
16026,52,57,-5,5
16027,121,124,-3,3
16028,75,83,-8,8
16029,89,87,2,2
16030,64,64,0,0
16031,36,50,-14,14
16032,89,81,8,8
16033,72,65,7,7
16034,148,147,1,1
16035,106,102,4,4
16036,158,160,-2,2
16037,131,122,9,9
16038,130,127,3,3
16039,77,73,4,4
16040,136,126,10,10
16041,102,105,-3,3
16042,86,87,-1,1
16043,89,85,4,4
16044,101,92,9,9
16045,99,97,2,2
16046,100,94,6,6
16047,69,71,-2,2
16048,92,82,10,10
16049,69,70,-1,1
16050,128,121,7,7
16051,151,143,8,8
16052,39,50,-11,11
16053,44,52,-8,8
16054,74,83,-9,9
16055,82,76,6,6
16056,140,128,12,12
16057,120,106,14,14
16058,79,65,14,14
16059,89,91,-2,2
16060,158,186,-28,28
16061,105,127,-22,22
16062,113,116,-3,3
16063,58,54,4,4
16064,95,90,5,5
16065,82,88,-6,6
16066,140,130,10,10
16067,66,71,-5,5
16068,94,94,0,0
16069,116,120,-4,4
16070,70,80,-10,10
16071,90,90,0,0
16072,73,82,-9,9
16073,62,101,-39,39
16074,55,58,-3,3
16075,87,87,0,0
16076,97,100,-3,3
16077,75,72,3,3
16078,113,107,6,6
16079,148,128,20,20
16080,144,167,-23,23
16081,64,57,7,7
16082,117,103,14,14
16083,89,85,4,4
16084,106,104,2,2
16085,130,111,19,19
16086,91,100,-9,9
16087,52,54,-2,2
16088,54,61,-7,7
16089,117,102,15,15
16090,127,134,-7,7
16091,104,92,12,12
16092,122,116,6,6
16093,67,63,4,4
16094,73,77,-4,4
16095,84,82,2,2
16096,63,60,3,3
16097,199,190,9,9
16098,138,151,-13,13
16099,85,79,6,6
16100,112,115,-3,3
16101,100,102,-2,2
16102,184,188,-4,4
16103,90,89,1,1
16104,55,56,-1,1
16105,142,131,11,11
16106,124,125,-1,1
16107,83,96,-13,13
16108,79,88,-9,9
16109,52,75,-23,23
16110,92,92,0,0
16111,71,69,2,2
16112,47,50,-3,3
16113,83,84,-1,1
16114,68,66,2,2
16115,65,70,-5,5
16116,99,92,7,7
16117,114,121,-7,7
16118,98,102,-4,4
16119,84,104,-20,20
16120,181,156,25,25
16121,51,52,-1,1
16122,95,82,13,13
16123,77,76,1,1
16124,70,76,-6,6
16125,103,100,3,3
16126,106,99,7,7
16127,70,80,-10,10
16128,92,92,0,0
16129,104,113,-9,9
16130,49,59,-10,10
16131,62,72,-10,10
16132,52,53,-1,1
16133,88,85,3,3
16134,84,73,11,11
16135,80,82,-2,2
16136,55,56,-1,1
16137,84,78,6,6
16138,158,132,26,26
16139,76,69,7,7
16140,58,63,-5,5
16141,94,85,9,9
16142,44,50,-6,6
16143,96,93,3,3
16144,134,125,9,9
16145,124,118,6,6
16146,137,136,1,1
16147,139,128,11,11
16148,40,50,-10,10
16149,64,66,-2,2
16150,100,100,0,0
16151,90,92,-2,2
16152,88,88,0,0
16153,80,81,-1,1
16154,67,65,2,2
16155,96,93,3,3
16156,74,64,10,10
16157,80,66,14,14
16158,54,60,-6,6
16159,133,130,3,3
16160,71,64,7,7
16161,151,137,14,14
16162,150,144,6,6
16163,107,110,-3,3
16164,104,105,-1,1
16165,96,93,3,3
16166,164,159,5,5
16167,61,74,-13,13
16168,95,94,1,1
16169,120,117,3,3
16170,107,110,-3,3
16171,116,108,8,8
16172,89,87,2,2
16173,42,50,-8,8
16174,74,76,-2,2
16175,100,109,-9,9
16176,66,60,6,6
16177,105,106,-1,1
16178,108,95,13,13
16179,144,144,0,0
16180,118,123,-5,5
16181,82,78,4,4
16182,164,142,22,22
16183,125,128,-3,3
16184,68,74,-6,6
16185,102,102,0,0
16186,109,116,-7,7
16187,111,97,14,14
16188,115,104,11,11
16189,58,56,2,2
16190,109,99,10,10
16191,90,89,1,1
16192,99,92,7,7
16193,124,135,-11,11
16194,147,118,29,29
16195,67,63,4,4
16196,89,90,-1,1
16197,77,68,9,9
16198,106,129,-23,23
16199,78,80,-2,2
16200,58,69,-11,11
16201,119,113,6,6
16202,74,81,-7,7
16203,80,80,0,0
16204,143,135,8,8
16205,160,142,18,18
16206,117,112,5,5
16207,79,73,6,6
16208,103,103,0,0
16209,88,75,13,13
16210,74,80,-6,6
16211,96,98,-2,2
16212,94,114,-20,20
16213,66,64,2,2
16214,43,53,-10,10
16215,137,130,7,7
16216,89,86,3,3
16217,95,102,-7,7
16218,172,175,-3,3
16219,37,50,-13,13
16220,75,77,-2,2
16221,112,111,1,1
16222,98,102,-4,4
16223,137,132,5,5
16224,122,113,9,9
16225,55,53,2,2
16226,65,61,4,4
16227,105,107,-2,2
16228,67,69,-2,2
16229,115,107,8,8
16230,35,53,-18,18
16231,95,93,2,2
16232,62,57,5,5
16233,60,57,3,3
16234,142,130,12,12
16235,74,86,-12,12
16236,100,95,5,5
16237,179,110,69,69
16238,173,154,19,19
16239,161,157,4,4
16240,76,76,0,0
16241,79,90,-11,11
16242,116,99,17,17
16243,58,61,-3,3
16244,83,78,5,5
16245,48,54,-6,6
16246,74,72,2,2
16247,57,67,-10,10
16248,84,79,5,5
16249,114,104,10,10
16250,72,60,12,12
16251,96,100,-4,4
16252,113,139,-26,26
16253,105,100,5,5
16254,149,134,15,15
16255,62,63,-1,1
16256,72,61,11,11
16257,77,76,1,1
16258,152,145,7,7
16259,94,87,7,7
16260,115,112,3,3
16261,56,54,2,2
16262,65,68,-3,3
16263,111,104,7,7
16264,73,80,-7,7
16265,75,70,5,5
16266,90,86,4,4
16267,121,125,-4,4
16268,111,106,5,5
16269,179,164,15,15
16270,136,136,0,0
16271,111,114,-3,3
16272,35,71,-36,36
16273,90,87,3,3
16274,58,55,3,3
16275,172,159,13,13
16276,77,75,2,2
16277,81,73,8,8
16278,31,50,-19,19
16279,87,93,-6,6
16280,63,77,-14,14
16281,114,105,9,9
16282,96,95,1,1
16283,83,82,1,1
16284,117,123,-6,6
16285,121,103,18,18
16286,89,91,-2,2
16287,106,105,1,1
16288,108,103,5,5
16289,121,115,6,6
16290,160,147,13,13
16291,110,108,2,2
16292,87,75,12,12
16293,107,107,0,0
16294,117,121,-4,4
16295,74,75,-1,1
16296,96,96,0,0
16297,133,128,5,5
16298,81,92,-11,11
16299,81,80,1,1
16300,76,75,1,1
16301,57,62,-5,5
16302,131,136,-5,5
16303,91,82,9,9
16304,39,54,-15,15
16305,119,110,9,9
16306,138,128,10,10
16307,105,111,-6,6
16308,77,83,-6,6
16309,132,133,-1,1
16310,58,64,-6,6
16311,42,50,-8,8
16312,67,64,3,3
16313,54,53,1,1
16314,74,72,2,2
16315,95,95,0,0
16316,73,67,6,6
16317,75,87,-12,12
16318,58,62,-4,4
16319,112,103,9,9
16320,114,105,9,9
16321,118,122,-4,4
16322,63,62,1,1
16323,59,70,-11,11
16324,56,55,1,1
16325,66,64,2,2
16326,64,67,-3,3
16327,100,92,8,8
16328,97,99,-2,2
16329,155,142,13,13
16330,93,81,12,12
16331,123,120,3,3
16332,89,79,10,10
16333,76,82,-6,6
16334,178,179,-1,1
16335,67,58,9,9
16336,112,105,7,7
16337,105,103,2,2
16338,95,90,5,5
16339,81,80,1,1
16340,67,78,-11,11
16341,79,74,5,5
16342,117,121,-4,4
16343,72,79,-7,7
16344,103,106,-3,3
16345,109,104,5,5
16346,59,59,0,0
16347,101,98,3,3
16348,112,111,1,1
16349,158,143,15,15
16350,119,117,2,2
16351,92,87,5,5
16352,38,50,-12,12
16353,66,72,-6,6
16354,69,89,-20,20
16355,51,56,-5,5
16356,200,165,35,35
16357,93,87,6,6
16358,97,96,1,1
16359,171,140,31,31
16360,65,73,-8,8
16361,102,96,6,6
16362,72,71,1,1
16363,55,56,-1,1
16364,118,101,17,17
16365,86,81,5,5
16366,135,124,11,11
16367,78,73,5,5
16368,115,117,-2,2
16369,140,144,-4,4
16370,61,64,-3,3
16371,48,55,-7,7
16372,78,74,4,4
16373,195,191,4,4
16374,48,57,-9,9
16375,71,68,3,3
16376,126,122,4,4
16377,207,190,17,17
16378,111,98,13,13
16379,75,81,-6,6
16380,106,106,0,0
16381,84,79,5,5
16382,140,134,6,6
16383,77,99,-22,22
16384,88,87,1,1
16385,63,59,4,4
16386,146,136,10,10
16387,43,51,-8,8
16388,87,86,1,1
16389,63,57,6,6
16390,92,102,-10,10
16391,64,71,-7,7
16392,107,96,11,11
16393,114,107,7,7
16394,76,66,10,10
16395,108,118,-10,10
16396,61,58,3,3
16397,157,152,5,5
16398,161,145,16,16
16399,81,81,0,0
16400,42,50,-8,8
16401,120,91,29,29
16402,118,100,18,18
16403,99,92,7,7
16404,78,76,2,2
16405,39,50,-11,11
16406,62,63,-1,1
16407,93,83,10,10
16408,51,57,-6,6
16409,63,84,-21,21
16410,131,142,-11,11
16411,117,103,14,14
16412,96,86,10,10
16413,158,151,7,7
16414,88,91,-3,3
16415,77,84,-7,7
16416,84,83,1,1
16417,123,121,2,2
16418,84,79,5,5
16419,122,122,0,0
16420,88,90,-2,2
16421,73,64,9,9
16422,198,189,9,9
16423,87,77,10,10
16424,76,83,-7,7
16425,85,87,-2,2
16426,86,93,-7,7
16427,161,166,-5,5
16428,132,107,25,25
16429,65,55,10,10
16430,65,56,9,9
16431,155,146,9,9
16432,94,99,-5,5
16433,91,86,5,5
16434,94,106,-12,12
16435,132,125,7,7
16436,74,75,-1,1
16437,134,130,4,4
16438,186,184,2,2
16439,117,112,5,5
16440,128,126,2,2
16441,49,53,-4,4
16442,52,56,-4,4
16443,54,51,3,3
16444,49,57,-8,8
16445,61,65,-4,4
16446,87,86,1,1
16447,121,127,-6,6
16448,110,108,2,2
16449,29,50,-21,21
16450,75,71,4,4
16451,119,124,-5,5
16452,100,93,7,7
16453,73,93,-20,20
16454,71,76,-5,5
16455,61,82,-21,21
16456,91,106,-15,15
16457,68,77,-9,9
16458,79,79,0,0
16459,141,150,-9,9
16460,89,91,-2,2
16461,132,128,4,4
16462,110,107,3,3
16463,70,73,-3,3
16464,49,52,-3,3
16465,99,101,-2,2
16466,60,57,3,3
16467,94,92,2,2
16468,89,86,3,3
16469,149,141,8,8
16470,78,71,7,7
16471,133,141,-8,8
16472,134,142,-8,8
16473,65,69,-4,4
16474,117,105,12,12
16475,96,93,3,3
16476,130,113,17,17
16477,138,134,4,4
16478,85,89,-4,4
16479,128,126,2,2
16480,84,80,4,4
16481,127,113,14,14
16482,67,69,-2,2
16483,149,160,-11,11
16484,77,74,3,3
16485,91,92,-1,1
16486,137,127,10,10
16487,142,134,8,8
16488,68,70,-2,2
16489,129,127,2,2
16490,120,110,10,10
16491,38,50,-12,12
16492,109,107,2,2
16493,101,95,6,6
16494,66,98,-32,32
16495,61,68,-7,7
16496,107,103,4,4
16497,112,99,13,13
16498,114,127,-13,13
16499,96,98,-2,2
16500,136,130,6,6
16501,60,64,-4,4
16502,108,99,9,9
16503,109,108,1,1
16504,98,95,3,3
16505,53,66,-13,13
16506,68,55,13,13
16507,114,109,5,5
16508,181,181,0,0
16509,121,113,8,8
16510,67,62,5,5
16511,78,70,8,8
16512,74,72,2,2
16513,47,51,-4,4
16514,113,123,-10,10
16515,41,50,-9,9
16516,57,60,-3,3
16517,68,59,9,9
16518,88,95,-7,7
16519,76,91,-15,15
16520,96,97,-1,1
16521,45,55,-10,10
16522,119,114,5,5
16523,104,112,-8,8
16524,111,105,6,6
16525,62,55,7,7
16526,94,93,1,1
16527,86,79,7,7
16528,78,86,-8,8
16529,132,130,2,2
16530,105,103,2,2
16531,141,122,19,19
16532,59,60,-1,1
16533,205,169,36,36
16534,91,90,1,1
16535,87,105,-18,18
16536,87,84,3,3
16537,102,86,16,16
16538,94,85,9,9
16539,77,77,0,0
16540,61,57,4,4
16541,152,136,16,16
16542,85,87,-2,2
16543,120,114,6,6
16544,83,91,-8,8
16545,135,132,3,3
16546,52,54,-2,2
16547,79,72,7,7
16548,50,56,-6,6
16549,152,140,12,12
16550,80,72,8,8
16551,83,88,-5,5
16552,163,161,2,2
16553,75,86,-11,11
16554,72,72,0,0
16555,93,86,7,7
16556,118,103,15,15
16557,84,86,-2,2
16558,72,67,5,5
16559,75,77,-2,2
16560,79,80,-1,1
16561,84,87,-3,3
16562,88,91,-3,3
16563,99,97,2,2
16564,59,62,-3,3
16565,112,110,2,2
16566,128,112,16,16
16567,115,111,4,4
16568,101,113,-12,12
16569,60,59,1,1
16570,80,88,-8,8
16571,134,137,-3,3
16572,72,70,2,2
16573,160,147,13,13
16574,123,122,1,1
16575,111,106,5,5
16576,61,66,-5,5
16577,68,71,-3,3
16578,131,139,-8,8
16579,135,120,15,15
16580,217,220,-3,3
16581,56,55,1,1
16582,86,91,-5,5
16583,104,98,6,6
16584,87,97,-10,10
16585,76,76,0,0
16586,137,127,10,10
16587,86,88,-2,2
16588,53,56,-3,3
16589,82,85,-3,3
16590,52,50,2,2
16591,85,83,2,2
16592,110,103,7,7
16593,58,56,2,2
16594,103,105,-2,2
16595,40,50,-10,10
16596,70,70,0,0
16597,50,50,0,0
16598,69,71,-2,2
16599,108,114,-6,6
16600,82,72,10,10
16601,138,132,6,6
16602,103,105,-2,2
16603,119,109,10,10
16604,111,99,12,12
16605,154,141,13,13
16606,131,123,8,8
16607,67,66,1,1
16608,76,71,5,5
16609,104,102,2,2
16610,134,119,15,15
16611,41,54,-13,13
16612,54,54,0,0
16613,116,114,2,2
16614,58,57,1,1
16615,74,84,-10,10
16616,101,103,-2,2
16617,62,60,2,2
16618,141,139,2,2
16619,93,89,4,4
16620,98,95,3,3
16621,88,99,-11,11
16622,33,50,-17,17
16623,115,121,-6,6
16624,86,81,5,5
16625,156,143,13,13
16626,66,64,2,2
16627,93,84,9,9
16628,61,59,2,2
16629,128,122,6,6
16630,161,141,20,20
16631,51,55,-4,4
16632,59,62,-3,3
16633,97,95,2,2
16634,157,141,16,16
16635,91,100,-9,9
16636,67,58,9,9
16637,90,94,-4,4
16638,82,81,1,1
16639,104,97,7,7
16640,96,96,0,0
16641,122,126,-4,4
16642,86,78,8,8
16643,126,119,7,7
16644,87,84,3,3
16645,77,84,-7,7
16646,117,108,9,9
16647,144,128,16,16
16648,86,75,11,11
16649,61,56,5,5
16650,79,100,-21,21
16651,96,92,4,4
16652,89,97,-8,8
16653,89,96,-7,7
16654,110,104,6,6
16655,87,76,11,11
16656,39,50,-11,11
16657,98,95,3,3
16658,151,143,8,8
16659,89,87,2,2
16660,67,64,3,3
16661,71,67,4,4
16662,119,109,10,10
16663,86,87,-1,1
16664,147,138,9,9
16665,51,51,0,0
16666,83,93,-10,10
16667,83,82,1,1
16668,54,57,-3,3
16669,138,119,19,19
16670,64,64,0,0
16671,80,78,2,2
16672,58,66,-8,8
16673,92,89,3,3
16674,56,71,-15,15
16675,114,122,-8,8
16676,58,57,1,1
16677,51,55,-4,4
16678,111,106,5,5
16679,66,77,-11,11
16680,64,65,-1,1
16681,99,109,-10,10
16682,73,67,6,6
16683,110,96,14,14
16684,99,110,-11,11
16685,92,85,7,7
16686,57,55,2,2
16687,138,131,7,7
16688,156,158,-2,2
16689,113,107,6,6
16690,37,50,-13,13
16691,119,114,5,5
16692,109,111,-2,2
16693,137,131,6,6
16694,187,151,36,36
16695,77,85,-8,8
16696,78,71,7,7
16697,89,93,-4,4
16698,144,145,-1,1
16699,111,109,2,2
16700,46,55,-9,9
16701,119,117,2,2
16702,89,78,11,11
16703,85,81,4,4
16704,155,136,19,19
16705,164,169,-5,5
16706,176,166,10,10
16707,61,63,-2,2
16708,143,147,-4,4
16709,66,56,10,10
16710,138,126,12,12
16711,107,104,3,3
16712,80,72,8,8
16713,95,89,6,6
16714,94,105,-11,11
16715,90,88,2,2
16716,65,67,-2,2
16717,75,75,0,0
16718,54,57,-3,3
16719,84,85,-1,1
16720,129,117,12,12
16721,142,123,19,19
16722,96,103,-7,7
16723,112,115,-3,3
16724,93,80,13,13
16725,57,59,-2,2
16726,36,52,-16,16
16727,46,54,-8,8
16728,94,97,-3,3
16729,57,63,-6,6
16730,106,113,-7,7
16731,130,129,1,1
16732,62,61,1,1
16733,89,92,-3,3
16734,137,128,9,9
16735,107,112,-5,5
16736,58,55,3,3
16737,73,68,5,5
16738,86,88,-2,2
16739,103,95,8,8
16740,121,122,-1,1
16741,66,59,7,7
16742,87,93,-6,6
16743,59,53,6,6
16744,109,112,-3,3
16745,79,90,-11,11
16746,68,66,2,2
16747,66,65,1,1
16748,72,74,-2,2
16749,100,96,4,4
16750,102,99,3,3
16751,55,59,-4,4
16752,98,85,13,13
16753,107,103,4,4
16754,77,72,5,5
16755,76,81,-5,5
16756,65,67,-2,2
16757,134,117,17,17
16758,39,52,-13,13
16759,123,128,-5,5
16760,64,63,1,1
16761,105,100,5,5
16762,66,66,0,0
16763,203,194,9,9
16764,144,115,29,29
16765,75,79,-4,4
16766,106,102,4,4
16767,104,102,2,2
16768,73,80,-7,7
16769,83,70,13,13
16770,81,97,-16,16
16771,83,86,-3,3
16772,100,107,-7,7
16773,103,96,7,7
16774,76,71,5,5
16775,66,68,-2,2
16776,72,75,-3,3
16777,87,98,-11,11
16778,81,102,-21,21
16779,109,105,4,4
16780,103,93,10,10
16781,112,121,-9,9
16782,170,160,10,10
16783,89,88,1,1
16784,73,79,-6,6
16785,59,55,4,4
16786,135,128,7,7
16787,61,64,-3,3
16788,78,83,-5,5
16789,125,113,12,12
16790,64,71,-7,7
16791,54,58,-4,4
16792,119,115,4,4
16793,92,97,-5,5
16794,117,112,5,5
16795,88,79,9,9
16796,99,95,4,4
16797,48,54,-6,6
16798,123,123,0,0
16799,113,115,-2,2
16800,98,100,-2,2
16801,66,59,7,7
16802,82,77,5,5
16803,38,81,-43,43
16804,86,85,1,1
16805,135,146,-11,11
16806,140,132,8,8
16807,73,71,2,2
16808,95,97,-2,2
16809,40,50,-10,10
16810,67,87,-20,20
16811,160,150,10,10
16812,121,111,10,10
16813,104,86,18,18
16814,98,94,4,4
16815,125,115,10,10
16816,119,107,12,12
16817,109,114,-5,5
16818,73,73,0,0
16819,212,197,15,15
16820,81,76,5,5
16821,104,102,2,2
16822,44,52,-8,8
16823,82,67,15,15
16824,181,159,22,22
16825,50,51,-1,1
16826,90,103,-13,13
16827,87,83,4,4
16828,76,89,-13,13
16829,211,201,10,10
16830,104,97,7,7
16831,114,109,5,5
16832,143,147,-4,4
16833,142,136,6,6
16834,153,168,-15,15
16835,60,57,3,3
16836,60,64,-4,4
16837,111,92,19,19
16838,143,152,-9,9
16839,76,81,-5,5
16840,73,72,1,1
16841,76,68,8,8
16842,75,76,-1,1
16843,58,63,-5,5
16844,57,57,0,0
16845,112,107,5,5
16846,151,137,14,14
16847,51,51,0,0
16848,64,68,-4,4
16849,80,81,-1,1
16850,89,84,5,5
16851,155,146,9,9
16852,97,93,4,4
16853,82,87,-5,5
16854,122,117,5,5
16855,110,113,-3,3
16856,91,85,6,6
16857,27,59,-32,32
16858,55,55,0,0
16859,107,101,6,6
16860,61,66,-5,5
16861,67,75,-8,8
16862,111,119,-8,8
16863,95,90,5,5
16864,129,125,4,4
16865,165,174,-9,9
16866,139,131,8,8
16867,97,129,-32,32
16868,88,86,2,2
16869,64,70,-6,6
16870,83,78,5,5
16871,118,116,2,2
16872,81,78,3,3
16873,78,73,5,5
16874,164,165,-1,1
16875,60,84,-24,24
16876,23,50,-27,27
16877,60,59,1,1
16878,58,62,-4,4
16879,102,104,-2,2
16880,100,98,2,2
16881,103,106,-3,3
16882,98,86,12,12
16883,136,139,-3,3
16884,110,109,1,1
16885,95,95,0,0
16886,113,111,2,2
16887,143,155,-12,12
16888,141,138,3,3
16889,117,109,8,8
16890,63,70,-7,7
16891,83,74,9,9
16892,52,57,-5,5
16893,95,107,-12,12
16894,85,86,-1,1
16895,75,83,-8,8
16896,137,133,4,4
16897,81,77,4,4
16898,55,76,-21,21
16899,128,108,20,20
16900,135,118,17,17
16901,107,102,5,5
16902,68,71,-3,3
16903,95,95,0,0
16904,131,120,11,11
16905,106,102,4,4
16906,84,100,-16,16
16907,120,120,0,0
16908,69,69,0,0
16909,93,98,-5,5
16910,100,97,3,3
16911,152,143,9,9
16912,139,147,-8,8
16913,109,108,1,1
16914,122,118,4,4
16915,70,71,-1,1
16916,89,81,8,8
16917,81,69,12,12
16918,59,57,2,2
16919,74,77,-3,3
16920,121,104,17,17
16921,88,81,7,7
16922,72,93,-21,21
16923,107,106,1,1
16924,47,59,-12,12
16925,105,98,7,7
16926,61,69,-8,8
16927,116,112,4,4
16928,110,105,5,5
16929,63,61,2,2
16930,121,112,9,9
16931,52,51,1,1
16932,92,80,12,12
16933,102,116,-14,14
16934,86,87,-1,1
16935,171,185,-14,14
16936,97,107,-10,10
16937,105,93,12,12
16938,127,129,-2,2
16939,84,91,-7,7
16940,99,90,9,9
16941,65,61,4,4
16942,86,74,12,12
16943,107,94,13,13
16944,84,82,2,2
16945,136,124,12,12
16946,82,71,11,11
16947,52,55,-3,3
16948,103,114,-11,11
16949,102,101,1,1
16950,126,119,7,7
16951,185,170,15,15
16952,143,133,10,10
16953,48,63,-15,15
16954,142,116,26,26
16955,58,61,-3,3
16956,164,160,4,4
16957,95,93,2,2
16958,191,188,3,3
16959,115,115,0,0
16960,58,61,-3,3
16961,121,114,7,7
16962,101,95,6,6
16963,79,84,-5,5
16964,84,85,-1,1
16965,69,65,4,4
16966,153,153,0,0
16967,67,74,-7,7
16968,69,84,-15,15
16969,71,76,-5,5
16970,94,97,-3,3
16971,110,109,1,1
16972,105,105,0,0
16973,88,92,-4,4
16974,93,96,-3,3
16975,70,64,6,6
16976,65,68,-3,3
16977,62,67,-5,5
16978,120,113,7,7
16979,55,60,-5,5
16980,73,79,-6,6
16981,102,98,4,4
16982,71,69,2,2
16983,111,126,-15,15
16984,156,154,2,2
16985,89,96,-7,7
16986,67,64,3,3
16987,71,72,-1,1
16988,71,75,-4,4
16989,108,99,9,9
16990,72,67,5,5
16991,80,74,6,6
16992,104,89,15,15
16993,111,114,-3,3
16994,58,55,3,3
16995,68,61,7,7
16996,92,86,6,6
16997,161,152,9,9
16998,107,96,11,11
16999,66,76,-10,10
17000,76,83,-7,7
17001,105,102,3,3
17002,140,128,12,12
17003,77,73,4,4
17004,70,74,-4,4
17005,133,125,8,8
17006,50,57,-7,7
17007,66,66,0,0
17008,60,73,-13,13
17009,72,76,-4,4
17010,123,104,19,19
17011,88,88,0,0
17012,110,106,4,4
17013,94,90,4,4
17014,88,83,5,5
17015,82,74,8,8
17016,107,124,-17,17
17017,69,63,6,6
17018,85,85,0,0
17019,81,83,-2,2
17020,57,61,-4,4
17021,124,113,11,11
17022,126,124,2,2
17023,59,57,2,2
17024,78,81,-3,3
17025,112,116,-4,4
17026,87,96,-9,9
17027,101,88,13,13
17028,101,96,5,5
17029,150,148,2,2
17030,135,124,11,11
17031,146,145,1,1
17032,61,62,-1,1
17033,103,98,5,5
17034,134,123,11,11
17035,68,67,1,1
17036,84,74,10,10
17037,59,63,-4,4
17038,115,111,4,4
17039,98,82,16,16
17040,118,128,-10,10
17041,97,98,-1,1
17042,94,105,-11,11
17043,143,131,12,12
17044,119,117,2,2
17045,82,90,-8,8
17046,86,94,-8,8
17047,79,82,-3,3
17048,178,184,-6,6
17049,151,135,16,16
17050,133,127,6,6
17051,71,79,-8,8
17052,56,53,3,3
17053,61,58,3,3
17054,69,77,-8,8
17055,95,95,0,0
17056,98,92,6,6
17057,88,91,-3,3
17058,86,87,-1,1
17059,79,84,-5,5
17060,77,72,5,5
17061,88,102,-14,14
17062,110,103,7,7
17063,138,139,-1,1
17064,98,106,-8,8
17065,99,91,8,8
17066,73,71,2,2
17067,143,136,7,7
17068,44,52,-8,8
17069,136,123,13,13
17070,150,140,10,10
17071,125,122,3,3
17072,134,127,7,7
17073,93,100,-7,7
17074,107,104,3,3
17075,38,50,-12,12
17076,133,146,-13,13
17077,151,149,2,2
17078,104,109,-5,5
17079,83,77,6,6
17080,124,105,19,19
17081,161,158,3,3
17082,72,65,7,7
17083,77,82,-5,5
17084,111,111,0,0
17085,107,105,2,2
17086,107,112,-5,5
17087,98,104,-6,6
17088,168,162,6,6
17089,100,91,9,9
17090,70,69,1,1
17091,68,65,3,3
17092,74,65,9,9
17093,129,129,0,0
17094,121,120,1,1
17095,69,61,8,8
17096,121,121,0,0
17097,103,103,0,0
17098,187,186,1,1
17099,61,58,3,3
17100,81,77,4,4
17101,117,126,-9,9
17102,46,61,-15,15
17103,77,73,4,4
17104,85,88,-3,3
17105,47,52,-5,5
17106,81,75,6,6
17107,99,90,9,9
17108,152,160,-8,8
17109,58,69,-11,11
17110,45,54,-9,9
17111,87,84,3,3
17112,100,81,19,19
17113,41,50,-9,9
17114,184,159,25,25
17115,72,71,1,1
17116,38,50,-12,12
17117,79,98,-19,19
17118,98,88,10,10
17119,71,74,-3,3
17120,62,64,-2,2
17121,90,81,9,9
17122,97,83,14,14
17123,52,52,0,0
17124,74,67,7,7
17125,154,147,7,7
17126,99,94,5,5
17127,44,50,-6,6
17128,85,79,6,6
17129,128,122,6,6
17130,128,109,19,19
17131,78,91,-13,13
17132,62,63,-1,1
17133,112,123,-11,11
17134,63,65,-2,2
17135,88,88,0,0
17136,51,52,-1,1
17137,129,125,4,4
17138,65,64,1,1
17139,56,54,2,2
17140,102,95,7,7
17141,87,83,4,4
17142,129,127,2,2
17143,61,65,-4,4
17144,79,75,4,4
17145,57,65,-8,8
17146,171,156,15,15
17147,90,92,-2,2
17148,96,91,5,5
17149,91,89,2,2
17150,47,54,-7,7
17151,87,100,-13,13
17152,86,101,-15,15
17153,133,133,0,0
17154,133,125,8,8
17155,89,94,-5,5
17156,64,55,9,9
17157,54,56,-2,2
17158,99,114,-15,15
17159,91,92,-1,1
17160,76,80,-4,4
17161,75,74,1,1
17162,72,69,3,3
17163,107,113,-6,6
17164,39,50,-11,11
17165,99,93,6,6
17166,121,115,6,6
17167,89,85,4,4
17168,132,131,1,1
17169,108,118,-10,10
17170,84,71,13,13
17171,104,102,2,2
17172,68,66,2,2
17173,55,57,-2,2
17174,74,68,6,6
17175,85,89,-4,4
17176,63,60,3,3
17177,77,77,0,0
17178,103,104,-1,1
17179,66,66,0,0
17180,77,68,9,9
17181,112,104,8,8
17182,127,138,-11,11
17183,100,103,-3,3
17184,59,64,-5,5
17185,111,106,5,5
17186,29,50,-21,21
17187,77,77,0,0
17188,98,100,-2,2
17189,108,108,0,0
17190,196,190,6,6
17191,79,75,4,4
17192,150,150,0,0
17193,99,91,8,8
17194,73,69,4,4
17195,75,78,-3,3
17196,62,61,1,1
17197,77,81,-4,4
17198,100,89,11,11
17199,139,141,-2,2
17200,80,77,3,3
17201,151,123,28,28
17202,125,124,1,1
17203,70,77,-7,7
17204,141,134,7,7
17205,76,80,-4,4
17206,74,83,-9,9
17207,108,98,10,10
17208,146,125,21,21
17209,65,59,6,6
17210,92,103,-11,11
17211,98,96,2,2
17212,112,119,-7,7
17213,155,138,17,17
17214,109,106,3,3
17215,127,121,6,6
17216,40,54,-14,14
17217,106,117,-11,11
17218,106,119,-13,13
17219,68,67,1,1
17220,73,74,-1,1
17221,69,69,0,0
17222,93,94,-1,1
17223,95,93,2,2
17224,99,93,6,6
17225,108,104,4,4
17226,77,76,1,1
17227,76,75,1,1
17228,102,103,-1,1
17229,117,108,9,9
17230,88,88,0,0
17231,82,82,0,0
17232,99,97,2,2
17233,147,133,14,14
17234,66,65,1,1
17235,79,71,8,8
17236,62,71,-9,9
17237,175,166,9,9
17238,101,99,2,2
17239,64,66,-2,2
17240,74,73,1,1
17241,72,88,-16,16
17242,64,68,-4,4
17243,73,70,3,3
17244,48,56,-8,8
17245,186,172,14,14
17246,100,123,-23,23
17247,120,113,7,7
17248,53,63,-10,10
17249,120,108,12,12
17250,98,102,-4,4
17251,34,50,-16,16
17252,97,94,3,3
17253,118,110,8,8
17254,128,110,18,18
17255,90,87,3,3
17256,63,67,-4,4
17257,160,143,17,17
17258,177,150,27,27
17259,185,179,6,6
17260,104,103,1,1
17261,68,66,2,2
17262,119,120,-1,1
17263,110,102,8,8
17264,67,59,8,8
17265,56,59,-3,3
17266,160,150,10,10
17267,103,117,-14,14
17268,68,66,2,2
17269,112,117,-5,5
17270,75,72,3,3
17271,101,105,-4,4
17272,89,110,-21,21
17273,57,68,-11,11
17274,65,64,1,1
17275,95,104,-9,9
17276,93,96,-3,3
17277,100,95,5,5
17278,127,129,-2,2
17279,105,97,8,8
17280,58,54,4,4
17281,70,70,0,0
17282,146,145,1,1
17283,90,86,4,4
17284,75,71,4,4
17285,92,91,1,1
17286,122,118,4,4
17287,77,80,-3,3
17288,50,55,-5,5
17289,69,72,-3,3
17290,36,50,-14,14
17291,97,90,7,7
17292,81,85,-4,4
17293,127,134,-7,7
17294,142,143,-1,1
17295,98,102,-4,4
17296,91,80,11,11
17297,84,84,0,0
17298,94,94,0,0
17299,71,81,-10,10
17300,87,75,12,12
17301,109,106,3,3
17302,58,56,2,2
17303,63,67,-4,4
17304,65,64,1,1
17305,45,51,-6,6
17306,87,72,15,15
17307,64,64,0,0
17308,82,83,-1,1
17309,156,154,2,2
17310,138,117,21,21
17311,76,82,-6,6
17312,134,124,10,10
17313,115,110,5,5
17314,92,94,-2,2
17315,126,125,1,1
17316,103,106,-3,3
17317,56,63,-7,7
17318,125,133,-8,8
17319,108,93,15,15
17320,69,67,2,2
17321,151,143,8,8
17322,88,95,-7,7
17323,101,99,2,2
17324,165,165,0,0
17325,151,132,19,19
17326,82,81,1,1
17327,65,62,3,3
17328,93,96,-3,3
17329,102,101,1,1
17330,71,75,-4,4
17331,66,69,-3,3
17332,101,101,0,0
17333,109,100,9,9
17334,67,58,9,9
17335,150,144,6,6
17336,71,62,9,9
17337,93,97,-4,4
17338,106,110,-4,4
17339,127,118,9,9
17340,167,166,1,1
17341,67,66,1,1
17342,137,133,4,4
17343,90,88,2,2
17344,48,55,-7,7
17345,79,73,6,6
17346,72,78,-6,6
17347,139,135,4,4
17348,81,85,-4,4
17349,124,122,2,2
17350,114,106,8,8
17351,75,78,-3,3
17352,73,75,-2,2
17353,90,82,8,8
17354,156,155,1,1
17355,107,109,-2,2
17356,88,86,2,2
17357,135,148,-13,13
17358,120,105,15,15
17359,55,68,-13,13
17360,58,65,-7,7
17361,104,110,-6,6
17362,53,52,1,1
17363,65,61,4,4
17364,71,71,0,0
17365,36,50,-14,14
17366,135,123,12,12
17367,159,156,3,3
17368,118,103,15,15
17369,93,100,-7,7
17370,91,91,0,0
17371,66,70,-4,4
17372,68,59,9,9
17373,81,78,3,3
17374,138,145,-7,7
17375,68,67,1,1
17376,128,132,-4,4
17377,97,108,-11,11
17378,83,88,-5,5
17379,194,182,12,12
17380,63,59,4,4
17381,68,64,4,4
17382,68,67,1,1
17383,89,94,-5,5
17384,103,93,10,10
17385,113,124,-11,11
17386,95,94,1,1
17387,93,79,14,14
17388,68,63,5,5
17389,57,54,3,3
17390,58,62,-4,4
17391,174,155,19,19
17392,71,72,-1,1
17393,106,96,10,10
17394,63,60,3,3
17395,63,55,8,8
17396,126,117,9,9
17397,104,99,5,5
17398,83,83,0,0
17399,80,84,-4,4
17400,175,165,10,10
17401,77,98,-21,21
17402,146,134,12,12
17403,78,75,3,3
17404,114,103,11,11
17405,86,99,-13,13
17406,149,145,4,4
17407,170,166,4,4
17408,121,114,7,7
17409,61,60,1,1
17410,64,58,6,6
17411,67,61,6,6
17412,99,107,-8,8
17413,185,167,18,18
17414,56,67,-11,11
17415,99,96,3,3
17416,75,81,-6,6
17417,85,74,11,11
17418,92,85,7,7
17419,91,84,7,7
17420,80,73,7,7
17421,56,70,-14,14
17422,80,74,6,6
17423,135,128,7,7
17424,98,121,-23,23
17425,150,156,-6,6
17426,53,62,-9,9
17427,106,103,3,3
17428,74,77,-3,3
17429,196,182,14,14
17430,88,82,6,6
17431,47,54,-7,7
17432,101,109,-8,8
17433,110,103,7,7
17434,116,116,0,0
17435,96,102,-6,6
17436,65,59,6,6
17437,55,51,4,4
17438,140,141,-1,1
17439,94,81,13,13
17440,89,79,10,10
17441,101,95,6,6
17442,80,71,9,9
17443,112,101,11,11
17444,106,115,-9,9
17445,103,111,-8,8
17446,60,60,0,0
17447,95,97,-2,2
17448,87,90,-3,3
17449,45,50,-5,5
17450,92,93,-1,1
17451,108,104,4,4
17452,98,94,4,4
17453,62,63,-1,1
17454,107,106,1,1
17455,74,66,8,8
17456,137,122,15,15
17457,75,75,0,0
17458,66,63,3,3
17459,100,89,11,11
17460,129,141,-12,12
17461,79,79,0,0
17462,111,100,11,11
17463,88,96,-8,8
17464,63,63,0,0
17465,95,101,-6,6
17466,74,74,0,0
17467,108,106,2,2
17468,115,108,7,7
17469,96,95,1,1
17470,146,131,15,15
17471,178,166,12,12
17472,171,160,11,11
17473,171,159,12,12
17474,151,152,-1,1
17475,90,94,-4,4
17476,94,85,9,9
17477,89,76,13,13
17478,71,71,0,0
17479,223,210,13,13
17480,66,67,-1,1
17481,116,113,3,3
17482,69,64,5,5
17483,153,143,10,10
17484,48,54,-6,6
17485,83,80,3,3
17486,177,164,13,13
17487,70,80,-10,10
17488,80,85,-5,5
17489,77,81,-4,4
17490,69,66,3,3
17491,81,74,7,7
17492,115,118,-3,3
17493,96,103,-7,7
17494,94,79,15,15
17495,46,53,-7,7
17496,88,101,-13,13
17497,90,76,14,14
17498,89,90,-1,1
17499,65,60,5,5
17500,78,74,4,4
17501,76,74,2,2
17502,116,105,11,11
17503,127,116,11,11
17504,146,146,0,0
17505,89,91,-2,2
17506,42,63,-21,21
17507,73,62,11,11
17508,61,60,1,1
17509,79,71,8,8
17510,105,103,2,2
17511,64,62,2,2
17512,115,119,-4,4
17513,66,72,-6,6
17514,75,71,4,4
17515,82,83,-1,1
17516,46,57,-11,11
17517,106,109,-3,3
17518,74,81,-7,7
17519,58,78,-20,20
17520,89,92,-3,3
17521,76,70,6,6
17522,90,79,11,11
17523,108,107,1,1
17524,89,99,-10,10
17525,75,70,5,5
17526,98,94,4,4
17527,87,84,3,3
17528,65,67,-2,2
17529,121,106,15,15
17530,63,66,-3,3
17531,139,145,-6,6
17532,80,81,-1,1
17533,75,75,0,0
17534,64,68,-4,4
17535,48,50,-2,2
17536,115,114,1,1
17537,82,82,0,0
17538,120,119,1,1
17539,141,141,0,0
17540,67,72,-5,5
17541,48,62,-14,14
17542,117,109,8,8
17543,173,165,8,8
17544,74,77,-3,3
17545,53,65,-12,12
17546,33,54,-21,21
17547,79,83,-4,4
17548,76,69,7,7
17549,119,108,11,11
17550,139,132,7,7
17551,77,76,1,1
17552,115,106,9,9
17553,67,74,-7,7
17554,105,95,10,10
17555,127,128,-1,1
17556,84,82,2,2
17557,106,110,-4,4
17558,79,88,-9,9
17559,96,101,-5,5
17560,82,78,4,4
17561,146,138,8,8
17562,98,101,-3,3
17563,116,124,-8,8
17564,42,50,-8,8
17565,82,84,-2,2
17566,71,71,0,0
17567,103,93,10,10
17568,60,62,-2,2
17569,86,84,2,2
17570,137,127,10,10
17571,105,98,7,7
17572,68,72,-4,4
17573,94,99,-5,5
17574,190,180,10,10
17575,61,59,2,2
17576,112,107,5,5
17577,72,64,8,8
17578,137,125,12,12
17579,85,88,-3,3
17580,190,181,9,9
17581,145,151,-6,6
17582,100,104,-4,4
17583,143,133,10,10
17584,81,81,0,0
17585,58,61,-3,3
17586,79,90,-11,11
17587,119,115,4,4
17588,63,65,-2,2
17589,106,101,5,5
17590,111,103,8,8
17591,90,92,-2,2
17592,134,136,-2,2
17593,129,114,15,15
17594,67,69,-2,2
17595,128,131,-3,3
17596,43,50,-7,7
17597,58,55,3,3
17598,123,126,-3,3
17599,63,61,2,2
17600,61,65,-4,4
17601,74,61,13,13
17602,117,101,16,16
17603,132,108,24,24
17604,73,58,15,15
17605,127,126,1,1
17606,170,167,3,3
17607,101,106,-5,5
17608,118,105,13,13
17609,73,68,5,5
17610,82,83,-1,1
17611,100,98,2,2
17612,62,66,-4,4
17613,80,71,9,9
17614,50,53,-3,3
17615,68,67,1,1
17616,163,150,13,13
17617,49,52,-3,3
17618,75,74,1,1
17619,133,125,8,8
17620,115,115,0,0
17621,102,106,-4,4
17622,74,76,-2,2
17623,161,148,13,13
17624,130,132,-2,2
17625,122,115,7,7
17626,109,101,8,8
17627,120,127,-7,7
17628,72,58,14,14
17629,90,96,-6,6
17630,80,94,-14,14
17631,103,111,-8,8
17632,134,127,7,7
17633,93,92,1,1
17634,82,79,3,3
17635,184,169,15,15
17636,84,84,0,0
17637,62,67,-5,5
17638,65,64,1,1
17639,68,71,-3,3
17640,118,115,3,3
17641,81,82,-1,1
17642,116,115,1,1
17643,116,114,2,2
17644,85,77,8,8
17645,55,59,-4,4
17646,91,90,1,1
17647,79,81,-2,2
17648,24,50,-26,26
17649,155,142,13,13
17650,97,88,9,9
17651,69,78,-9,9
17652,105,101,4,4
17653,158,159,-1,1
17654,129,129,0,0
17655,115,106,9,9
17656,92,100,-8,8
17657,82,86,-4,4
17658,100,101,-1,1
17659,66,57,9,9
17660,46,52,-6,6
17661,141,146,-5,5
17662,128,123,5,5
17663,101,81,20,20
17664,103,97,6,6
17665,75,70,5,5
17666,125,120,5,5
17667,50,51,-1,1
17668,67,63,4,4
17669,91,95,-4,4
17670,95,95,0,0
17671,133,123,10,10
17672,124,121,3,3
17673,59,56,3,3
17674,138,131,7,7
17675,132,127,5,5
17676,109,104,5,5
17677,72,76,-4,4
17678,84,85,-1,1
17679,107,106,1,1
17680,73,78,-5,5
17681,76,77,-1,1
17682,122,111,11,11
17683,107,109,-2,2
17684,38,50,-12,12
17685,127,117,10,10
17686,82,73,9,9
17687,189,172,17,17
17688,115,108,7,7
17689,100,96,4,4
17690,70,64,6,6
17691,81,64,17,17
17692,150,161,-11,11
17693,94,87,7,7
17694,88,84,4,4
17695,81,81,0,0
17696,148,145,3,3
17697,75,86,-11,11
17698,90,85,5,5
17699,124,120,4,4
17700,46,50,-4,4
17701,103,108,-5,5
17702,101,93,8,8
17703,93,93,0,0
17704,105,107,-2,2
17705,91,95,-4,4
17706,138,136,2,2
17707,85,86,-1,1
17708,102,94,8,8
17709,72,82,-10,10
17710,81,80,1,1
17711,118,116,2,2
17712,114,120,-6,6
17713,118,112,6,6
17714,79,81,-2,2
17715,149,137,12,12
17716,74,80,-6,6
17717,46,51,-5,5
17718,76,70,6,6
17719,80,76,4,4
17720,124,136,-12,12
17721,126,134,-8,8
17722,57,53,4,4
17723,91,103,-12,12
17724,206,177,29,29
17725,122,109,13,13
17726,89,95,-6,6
17727,108,106,2,2
17728,170,155,15,15
17729,89,89,0,0
17730,90,86,4,4
17731,85,86,-1,1
17732,80,71,9,9
17733,105,92,13,13
17734,84,69,15,15
17735,97,94,3,3
17736,60,60,0,0
17737,39,51,-12,12
17738,103,95,8,8
17739,122,122,0,0
17740,105,108,-3,3
17741,72,73,-1,1
17742,72,78,-6,6
17743,126,118,8,8
17744,113,106,7,7
17745,88,83,5,5
17746,121,118,3,3
17747,88,92,-4,4
17748,72,67,5,5
17749,65,70,-5,5
17750,74,81,-7,7
17751,112,117,-5,5
17752,53,54,-1,1
17753,138,132,6,6
17754,108,110,-2,2
17755,65,66,-1,1
17756,72,74,-2,2
17757,122,115,7,7
17758,48,60,-12,12
17759,93,88,5,5
17760,124,117,7,7
17761,92,91,1,1
17762,66,67,-1,1
17763,69,66,3,3
17764,144,155,-11,11
17765,103,106,-3,3
17766,96,94,2,2
17767,107,104,3,3
17768,129,126,3,3
17769,60,60,0,0
17770,72,69,3,3
17771,53,54,-1,1
17772,117,101,16,16
17773,109,111,-2,2
17774,73,73,0,0
17775,121,114,7,7
17776,193,190,3,3
17777,69,76,-7,7
17778,80,65,15,15
17779,135,118,17,17
17780,47,51,-4,4
17781,75,71,4,4
17782,135,144,-9,9
17783,97,93,4,4
17784,76,79,-3,3
17785,108,104,4,4
17786,110,112,-2,2
17787,87,92,-5,5
17788,59,59,0,0
17789,163,153,10,10
17790,80,81,-1,1
17791,169,150,19,19
17792,91,92,-1,1
17793,122,116,6,6
17794,97,93,4,4
17795,63,69,-6,6
17796,139,144,-5,5
17797,76,73,3,3
17798,80,77,3,3
17799,79,76,3,3
17800,112,112,0,0
17801,94,94,0,0
17802,103,107,-4,4
17803,53,58,-5,5
17804,70,72,-2,2
17805,156,156,0,0
17806,29,58,-29,29
17807,128,134,-6,6
17808,125,126,-1,1
17809,126,99,27,27
17810,50,77,-27,27
17811,152,148,4,4
17812,195,162,33,33
17813,76,81,-5,5
17814,87,85,2,2
17815,80,73,7,7
17816,66,61,5,5
17817,72,72,0,0
17818,104,111,-7,7
17819,67,63,4,4
17820,109,109,0,0
17821,146,140,6,6
17822,59,67,-8,8
17823,78,74,4,4
17824,73,68,5,5
17825,139,133,6,6
17826,103,98,5,5
17827,112,117,-5,5
17828,99,88,11,11
17829,68,76,-8,8
17830,53,68,-15,15
17831,152,129,23,23
17832,55,55,0,0
17833,96,101,-5,5
17834,78,78,0,0
17835,69,93,-24,24
17836,54,53,1,1
17837,118,111,7,7
17838,120,107,13,13
17839,45,61,-16,16
17840,94,89,5,5
17841,141,140,1,1
17842,81,86,-5,5
17843,85,88,-3,3
17844,100,102,-2,2
17845,104,105,-1,1
17846,189,162,27,27
17847,79,68,11,11
17848,98,97,1,1
17849,53,53,0,0
17850,139,129,10,10
17851,96,113,-17,17
17852,75,75,0,0
17853,74,77,-3,3
17854,142,141,1,1
17855,135,149,-14,14
17856,40,50,-10,10
17857,176,162,14,14
17858,55,59,-4,4
17859,70,78,-8,8
17860,71,75,-4,4
17861,55,63,-8,8
17862,168,164,4,4
17863,146,130,16,16
17864,111,112,-1,1
17865,117,96,21,21
17866,64,64,0,0
17867,106,98,8,8
17868,110,98,12,12
17869,79,78,1,1
17870,95,86,9,9
17871,121,115,6,6
17872,129,126,3,3
17873,98,85,13,13
17874,60,55,5,5
17875,53,58,-5,5
17876,121,110,11,11
17877,112,131,-19,19
17878,54,55,-1,1
17879,76,75,1,1
17880,126,137,-11,11
17881,131,120,11,11
17882,45,51,-6,6
17883,135,132,3,3
17884,95,87,8,8
17885,80,74,6,6
17886,96,90,6,6
17887,143,132,11,11
17888,59,61,-2,2
17889,140,138,2,2
17890,73,73,0,0
17891,109,111,-2,2
17892,116,128,-12,12
17893,42,51,-9,9
17894,44,50,-6,6
17895,151,147,4,4
17896,109,113,-4,4
17897,106,90,16,16
17898,131,105,26,26
17899,139,130,9,9
17900,77,71,6,6
17901,127,117,10,10
17902,79,87,-8,8
17903,140,139,1,1
17904,63,60,3,3
17905,121,124,-3,3
17906,65,61,4,4
17907,146,134,12,12
17908,110,102,8,8
17909,101,106,-5,5
17910,35,50,-15,15
17911,105,101,4,4
17912,154,156,-2,2
17913,72,67,5,5
17914,98,101,-3,3
17915,126,135,-9,9
17916,142,135,7,7
17917,98,114,-16,16
17918,82,87,-5,5
17919,86,92,-6,6
17920,79,76,3,3
17921,111,100,11,11
17922,74,71,3,3
17923,58,57,1,1
17924,48,53,-5,5
17925,74,71,3,3
17926,123,116,7,7
17927,40,52,-12,12
17928,80,65,15,15
17929,63,55,8,8
17930,115,97,18,18
17931,107,109,-2,2
17932,80,72,8,8
17933,85,82,3,3
17934,166,157,9,9
17935,71,78,-7,7
17936,56,62,-6,6
17937,48,56,-8,8
17938,96,90,6,6
17939,54,54,0,0
17940,124,124,0,0
17941,92,94,-2,2
17942,51,57,-6,6
17943,62,67,-5,5
17944,89,85,4,4
17945,141,132,9,9
17946,87,71,16,16
17947,75,84,-9,9
17948,81,79,2,2
17949,65,85,-20,20
17950,90,82,8,8
17951,85,84,1,1
17952,71,77,-6,6
17953,61,66,-5,5
17954,104,100,4,4
17955,98,103,-5,5
17956,68,69,-1,1
17957,77,67,10,10
17958,90,88,2,2
17959,71,87,-16,16
17960,59,70,-11,11
17961,109,98,11,11
17962,105,107,-2,2
17963,175,161,14,14
17964,83,92,-9,9
17965,139,130,9,9
17966,68,68,0,0
17967,88,92,-4,4
17968,75,68,7,7
17969,104,110,-6,6
17970,126,115,11,11
17971,91,95,-4,4
17972,94,99,-5,5
17973,89,84,5,5
17974,41,52,-11,11
17975,91,112,-21,21
17976,81,84,-3,3
17977,72,66,6,6
17978,146,126,20,20
17979,80,82,-2,2
17980,141,117,24,24
17981,104,95,9,9
17982,111,97,14,14
17983,115,119,-4,4
17984,67,66,1,1
17985,132,126,6,6
17986,118,119,-1,1
17987,79,72,7,7
17988,67,78,-11,11
17989,158,136,22,22
17990,90,78,12,12
17991,78,77,1,1
17992,52,63,-11,11
17993,67,68,-1,1
17994,57,72,-15,15
17995,93,95,-2,2
17996,73,73,0,0
17997,100,104,-4,4
17998,150,133,17,17
17999,68,68,0,0
18000,74,73,1,1
18001,100,99,1,1
18002,92,99,-7,7
18003,101,106,-5,5
18004,96,90,6,6
18005,161,148,13,13
18006,71,76,-5,5
18007,97,94,3,3
18008,62,61,1,1
18009,70,71,-1,1
18010,106,100,6,6
18011,67,71,-4,4
18012,56,60,-4,4
18013,75,69,6,6
18014,47,51,-4,4
18015,78,77,1,1
18016,62,56,6,6
18017,68,70,-2,2
18018,106,99,7,7
18019,125,109,16,16
18020,84,94,-10,10
18021,107,102,5,5
18022,63,60,3,3
18023,76,85,-9,9
18024,98,88,10,10
18025,139,118,21,21
18026,94,95,-1,1
18027,142,141,1,1
18028,121,117,4,4
18029,79,78,1,1
18030,123,121,2,2
18031,82,82,0,0
18032,174,169,5,5
18033,116,120,-4,4
18034,51,54,-3,3
18035,157,145,12,12
18036,57,57,0,0
18037,71,64,7,7
18038,30,50,-20,20
18039,102,101,1,1
18040,140,124,16,16
18041,156,157,-1,1
18042,44,50,-6,6
18043,157,146,11,11
18044,91,91,0,0
18045,111,121,-10,10
18046,107,109,-2,2
18047,83,88,-5,5
18048,83,78,5,5
18049,103,97,6,6
18050,84,75,9,9
18051,79,74,5,5
18052,119,107,12,12
18053,66,70,-4,4
18054,34,53,-19,19
18055,134,129,5,5
18056,108,102,6,6
18057,60,65,-5,5
18058,33,50,-17,17
18059,105,109,-4,4
18060,71,75,-4,4
18061,92,95,-3,3
18062,62,65,-3,3
18063,54,57,-3,3
18064,85,90,-5,5
18065,154,135,19,19
18066,109,102,7,7
18067,120,136,-16,16
18068,55,55,0,0
18069,102,114,-12,12
18070,58,55,3,3
18071,34,50,-16,16
18072,91,89,2,2
18073,110,105,5,5
18074,117,106,11,11
18075,102,126,-24,24
18076,95,90,5,5
18077,38,50,-12,12
18078,88,81,7,7
18079,107,94,13,13
18080,113,114,-1,1
18081,58,57,1,1
18082,56,62,-6,6
18083,68,70,-2,2
18084,59,58,1,1
18085,169,169,0,0
18086,70,63,7,7
18087,117,112,5,5
18088,84,82,2,2
18089,150,157,-7,7
18090,123,131,-8,8
18091,72,71,1,1
18092,108,110,-2,2
18093,87,86,1,1
18094,123,147,-24,24
18095,79,78,1,1
18096,112,125,-13,13
18097,77,71,6,6
18098,123,113,10,10
18099,109,117,-8,8
18100,82,72,10,10
18101,57,65,-8,8
18102,120,113,7,7
18103,117,122,-5,5
18104,53,52,1,1
18105,72,79,-7,7
18106,90,81,9,9
18107,92,106,-14,14
18108,88,83,5,5
18109,55,68,-13,13
18110,62,55,7,7
18111,108,112,-4,4
18112,85,75,10,10
18113,66,81,-15,15
18114,165,165,0,0
18115,124,130,-6,6
18116,75,82,-7,7
18117,54,52,2,2
18118,141,136,5,5
18119,67,65,2,2
18120,94,97,-3,3
18121,102,112,-10,10
18122,119,122,-3,3
18123,53,58,-5,5
18124,122,134,-12,12
18125,60,59,1,1
18126,88,91,-3,3
18127,101,104,-3,3
18128,64,66,-2,2
18129,48,66,-18,18
18130,75,70,5,5
18131,53,69,-16,16
18132,123,107,16,16
18133,90,85,5,5
18134,137,139,-2,2
18135,95,98,-3,3
18136,88,108,-20,20
18137,106,112,-6,6
18138,155,149,6,6
18139,75,68,7,7
18140,62,62,0,0
18141,91,84,7,7
18142,58,56,2,2
18143,51,57,-6,6
18144,120,120,0,0
18145,94,97,-3,3
18146,112,106,6,6
18147,84,100,-16,16
18148,67,71,-4,4
18149,83,84,-1,1
18150,162,151,11,11
18151,122,119,3,3
18152,36,50,-14,14
18153,127,124,3,3
18154,75,89,-14,14
18155,119,104,15,15
18156,147,140,7,7
18157,105,103,2,2
18158,55,55,0,0
18159,90,85,5,5
18160,57,58,-1,1
18161,100,100,0,0
18162,63,62,1,1
18163,58,61,-3,3
18164,140,146,-6,6
18165,107,102,5,5
18166,71,80,-9,9
18167,145,147,-2,2
18168,64,69,-5,5
18169,94,85,9,9
18170,71,65,6,6
18171,68,73,-5,5
18172,109,99,10,10
18173,67,67,0,0
18174,81,83,-2,2
18175,101,91,10,10
18176,135,123,12,12
18177,60,55,5,5
18178,154,142,12,12
18179,131,117,14,14
18180,97,89,8,8
18181,65,64,1,1
18182,132,125,7,7
18183,95,97,-2,2
18184,97,90,7,7
18185,122,114,8,8
18186,80,83,-3,3
18187,89,83,6,6
18188,97,82,15,15
18189,106,106,0,0
18190,101,103,-2,2
18191,116,126,-10,10
18192,70,87,-17,17
18193,44,50,-6,6
18194,149,144,5,5
18195,95,96,-1,1
18196,79,75,4,4
18197,114,112,2,2
18198,77,68,9,9
18199,121,114,7,7
18200,80,82,-2,2
18201,117,105,12,12
18202,150,136,14,14
18203,85,79,6,6
18204,72,84,-12,12
18205,112,106,6,6
18206,91,87,4,4
18207,61,56,5,5
18208,126,119,7,7
18209,78,73,5,5
18210,129,127,2,2
18211,71,71,0,0
18212,72,74,-2,2
18213,166,163,3,3
18214,134,128,6,6
18215,36,50,-14,14
18216,63,67,-4,4
18217,73,69,4,4
18218,88,90,-2,2
18219,88,95,-7,7
18220,113,120,-7,7
18221,138,129,9,9
18222,88,68,20,20
18223,127,128,-1,1
18224,216,210,6,6
18225,108,108,0,0
18226,137,134,3,3
18227,66,78,-12,12
18228,68,77,-9,9
18229,100,95,5,5
18230,50,52,-2,2
18231,130,133,-3,3
18232,100,105,-5,5
18233,201,170,31,31
18234,53,54,-1,1
18235,65,63,2,2
18236,60,58,2,2
18237,177,170,7,7
18238,88,79,9,9
18239,64,66,-2,2
18240,141,143,-2,2
18241,87,90,-3,3
18242,144,136,8,8
18243,118,107,11,11
18244,84,88,-4,4
18245,80,86,-6,6
18246,131,135,-4,4
18247,61,65,-4,4
18248,93,89,4,4
18249,78,88,-10,10
18250,58,55,3,3
18251,99,89,10,10
18252,107,101,6,6
18253,119,116,3,3
18254,104,113,-9,9
18255,87,95,-8,8
18256,88,83,5,5
18257,131,129,2,2
18258,126,127,-1,1
18259,125,113,12,12
18260,99,108,-9,9
18261,127,124,3,3
18262,34,55,-21,21
18263,77,68,9,9
18264,88,90,-2,2
18265,106,118,-12,12
18266,104,100,4,4
18267,78,87,-9,9
18268,78,72,6,6
18269,211,191,20,20
18270,68,58,10,10
18271,110,108,2,2
18272,86,82,4,4
18273,102,103,-1,1
18274,82,76,6,6
18275,57,57,0,0
18276,106,107,-1,1
18277,52,57,-5,5
18278,60,58,2,2
18279,78,81,-3,3
18280,66,59,7,7
18281,134,129,5,5
18282,61,63,-2,2
18283,88,83,5,5
18284,95,98,-3,3
18285,79,81,-2,2
18286,109,109,0,0
18287,74,75,-1,1
18288,82,74,8,8
18289,77,76,1,1
18290,89,86,3,3
18291,115,104,11,11
18292,64,63,1,1
18293,143,133,10,10
18294,189,180,9,9
18295,27,51,-24,24
18296,82,92,-10,10
18297,127,137,-10,10
18298,121,110,11,11
18299,103,104,-1,1
18300,55,57,-2,2
18301,163,161,2,2
18302,93,95,-2,2
18303,95,93,2,2
18304,123,125,-2,2
18305,59,56,3,3
18306,112,103,9,9
18307,76,77,-1,1
18308,77,85,-8,8
18309,62,63,-1,1
18310,71,73,-2,2
18311,60,59,1,1
18312,141,146,-5,5
18313,91,93,-2,2
18314,96,91,5,5
18315,58,60,-2,2
18316,93,91,2,2
18317,165,168,-3,3
18318,199,192,7,7
18319,98,98,0,0
18320,152,153,-1,1
18321,81,74,7,7
18322,93,84,9,9
18323,122,113,9,9
18324,83,85,-2,2
18325,82,86,-4,4
18326,61,63,-2,2
18327,87,91,-4,4
18328,44,59,-15,15
18329,90,101,-11,11
18330,50,56,-6,6
18331,122,119,3,3
18332,82,82,0,0
18333,101,106,-5,5
18334,93,95,-2,2
18335,132,121,11,11
18336,111,115,-4,4
18337,96,81,15,15
18338,47,52,-5,5
18339,113,114,-1,1
18340,182,180,2,2
18341,107,128,-21,21
18342,99,109,-10,10
18343,72,74,-2,2
18344,84,90,-6,6
18345,55,57,-2,2
18346,154,156,-2,2
18347,39,50,-11,11
18348,107,103,4,4
18349,89,96,-7,7
18350,114,116,-2,2
18351,99,102,-3,3
18352,76,82,-6,6
18353,61,66,-5,5
18354,112,99,13,13
18355,79,77,2,2
18356,81,77,4,4
18357,80,84,-4,4
18358,49,58,-9,9
18359,48,60,-12,12
18360,113,112,1,1
18361,91,90,1,1
18362,76,73,3,3
18363,144,149,-5,5
18364,67,65,2,2
18365,81,70,11,11
18366,111,106,5,5
18367,78,79,-1,1
18368,53,60,-7,7
18369,77,78,-1,1
18370,71,93,-22,22
18371,76,69,7,7
18372,65,66,-1,1
18373,90,91,-1,1
18374,165,157,8,8
18375,188,182,6,6
18376,58,163,-105,105
18377,81,78,3,3
18378,65,66,-1,1
18379,91,92,-1,1
18380,116,114,2,2
18381,145,131,14,14
18382,111,113,-2,2
18383,146,136,10,10
18384,119,105,14,14
18385,91,92,-1,1
18386,116,118,-2,2
18387,48,56,-8,8
18388,107,119,-12,12
18389,63,63,0,0
18390,120,111,9,9
18391,86,83,3,3
18392,93,95,-2,2
18393,89,92,-3,3
18394,95,97,-2,2
18395,90,82,8,8
18396,104,102,2,2
18397,144,140,4,4
18398,119,108,11,11
18399,82,83,-1,1
18400,61,76,-15,15
18401,93,99,-6,6
18402,142,131,11,11
18403,73,70,3,3
18404,133,117,16,16
18405,128,137,-9,9
18406,104,100,4,4
18407,90,88,2,2
18408,88,96,-8,8
18409,65,74,-9,9
18410,102,98,4,4
18411,176,156,20,20
18412,90,95,-5,5
18413,241,216,25,25
18414,115,98,17,17
18415,69,68,1,1
18416,94,85,9,9
18417,123,117,6,6
18418,96,108,-12,12
18419,90,95,-5,5
18420,59,61,-2,2
18421,76,70,6,6
18422,72,71,1,1
18423,70,72,-2,2
18424,67,64,3,3
18425,83,85,-2,2
18426,205,183,22,22
18427,62,64,-2,2
18428,214,207,7,7
18429,79,70,9,9
18430,142,131,11,11
18431,88,83,5,5
18432,107,112,-5,5
18433,120,110,10,10
18434,108,106,2,2
18435,102,96,6,6
18436,64,67,-3,3
18437,86,94,-8,8
18438,70,71,-1,1
18439,130,112,18,18
18440,97,88,9,9
18441,85,89,-4,4
18442,67,59,8,8
18443,142,113,29,29
18444,48,55,-7,7
18445,88,82,6,6
18446,123,127,-4,4
18447,69,73,-4,4
18448,92,89,3,3
18449,69,72,-3,3
18450,45,51,-6,6
18451,64,62,2,2
18452,84,76,8,8
18453,131,127,4,4
18454,78,81,-3,3
18455,32,50,-18,18
18456,85,75,10,10
18457,100,93,7,7
18458,99,83,16,16
18459,125,117,8,8
18460,91,79,12,12
18461,196,183,13,13
18462,94,117,-23,23
18463,54,57,-3,3
18464,134,123,11,11
18465,168,146,22,22
18466,64,60,4,4
18467,73,77,-4,4
18468,96,86,10,10
18469,82,69,13,13
18470,48,61,-13,13
18471,65,69,-4,4
18472,121,121,0,0
18473,102,106,-4,4
18474,69,62,7,7
18475,92,90,2,2
18476,79,79,0,0
18477,107,111,-4,4
18478,76,90,-14,14
18479,73,78,-5,5
18480,75,68,7,7
18481,150,153,-3,3
18482,149,142,7,7
18483,144,133,11,11
18484,113,110,3,3
18485,62,69,-7,7
18486,108,108,0,0
18487,103,108,-5,5
18488,58,85,-27,27
18489,42,54,-12,12
18490,115,100,15,15
18491,58,89,-31,31
18492,115,102,13,13
18493,109,102,7,7
18494,51,50,1,1
18495,70,64,6,6
18496,68,81,-13,13
18497,143,144,-1,1
18498,83,71,12,12
18499,116,109,7,7
18500,45,51,-6,6
18501,90,87,3,3
18502,67,65,2,2
18503,100,103,-3,3
18504,113,116,-3,3
18505,30,50,-20,20
18506,98,99,-1,1
18507,67,70,-3,3
18508,53,56,-3,3
18509,105,102,3,3
18510,123,126,-3,3
18511,57,59,-2,2
18512,125,114,11,11
18513,98,94,4,4
18514,111,111,0,0
18515,122,114,8,8
18516,117,118,-1,1
18517,74,75,-1,1
18518,84,83,1,1
18519,143,140,3,3
18520,121,113,8,8
18521,121,116,5,5
18522,99,96,3,3
18523,103,94,9,9
18524,104,91,13,13
18525,63,57,6,6
18526,222,192,30,30
18527,113,104,9,9
18528,88,91,-3,3
18529,122,104,18,18
18530,109,117,-8,8
18531,72,68,4,4
18532,64,61,3,3
18533,144,133,11,11
18534,82,82,0,0
18535,82,87,-5,5
18536,162,156,6,6
18537,112,121,-9,9
18538,62,62,0,0
18539,78,94,-16,16
18540,48,50,-2,2
18541,90,90,0,0
18542,130,117,13,13
18543,70,69,1,1
18544,141,151,-10,10
18545,138,133,5,5
18546,126,89,37,37
18547,71,72,-1,1
18548,89,97,-8,8
18549,138,136,2,2
18550,70,64,6,6
18551,123,115,8,8
18552,72,75,-3,3
18553,107,111,-4,4
18554,58,56,2,2
18555,90,83,7,7
18556,136,138,-2,2
18557,163,155,8,8
18558,108,100,8,8
18559,83,73,10,10
18560,117,113,4,4
18561,142,137,5,5
18562,69,67,2,2
18563,100,90,10,10
18564,211,190,21,21
18565,148,152,-4,4
18566,82,79,3,3
18567,86,90,-4,4
18568,201,194,7,7
18569,113,120,-7,7
18570,126,123,3,3
18571,64,59,5,5
18572,98,94,4,4
18573,51,53,-2,2
18574,93,106,-13,13
18575,60,58,2,2
18576,82,79,3,3
18577,95,109,-14,14
18578,94,85,9,9
18579,81,80,1,1
18580,111,112,-1,1
18581,63,70,-7,7
18582,55,54,1,1
18583,142,136,6,6
18584,139,124,15,15
18585,118,114,4,4
18586,209,176,33,33
18587,73,73,0,0
18588,103,108,-5,5
18589,118,123,-5,5
18590,124,118,6,6
18591,79,92,-13,13
18592,124,118,6,6
18593,129,127,2,2
18594,91,82,9,9
18595,83,91,-8,8
18596,120,105,15,15
18597,91,84,7,7
18598,101,94,7,7
18599,117,110,7,7
18600,154,145,9,9
18601,83,83,0,0
18602,113,107,6,6
18603,83,88,-5,5
18604,106,114,-8,8
18605,47,53,-6,6
18606,63,62,1,1
18607,99,94,5,5
18608,47,65,-18,18
18609,111,102,9,9
18610,111,105,6,6
18611,152,142,10,10
18612,91,100,-9,9
18613,111,114,-3,3
18614,103,117,-14,14
18615,80,85,-5,5
18616,133,129,4,4
18617,83,77,6,6
18618,67,61,6,6
18619,124,127,-3,3
18620,93,102,-9,9
18621,80,81,-1,1
18622,64,71,-7,7
18623,74,88,-14,14
18624,92,92,0,0
18625,122,112,10,10
18626,92,105,-13,13
18627,111,111,0,0
18628,148,129,19,19
18629,102,94,8,8
18630,101,100,1,1
18631,89,88,1,1
18632,94,104,-10,10
18633,78,77,1,1
18634,88,78,10,10
18635,87,96,-9,9
18636,59,55,4,4
18637,75,79,-4,4
18638,101,106,-5,5
18639,96,101,-5,5
18640,64,61,3,3
18641,106,94,12,12
18642,90,93,-3,3
18643,95,99,-4,4
18644,107,109,-2,2
18645,95,98,-3,3
18646,78,87,-9,9
18647,124,155,-31,31
18648,142,146,-4,4
18649,73,72,1,1
18650,111,113,-2,2
18651,92,73,19,19
18652,205,181,24,24
18653,93,85,8,8
18654,87,98,-11,11
18655,43,50,-7,7
18656,51,59,-8,8
18657,102,105,-3,3
18658,85,99,-14,14
18659,152,148,4,4
18660,69,68,1,1
18661,47,53,-6,6
18662,52,55,-3,3
18663,94,100,-6,6
18664,149,141,8,8
18665,81,67,14,14
18666,96,85,11,11
18667,88,87,1,1
18668,81,75,6,6
18669,129,123,6,6
18670,107,127,-20,20
18671,93,84,9,9
18672,90,91,-1,1
18673,72,75,-3,3
18674,82,81,1,1
18675,73,74,-1,1
18676,102,103,-1,1
18677,52,60,-8,8
18678,79,88,-9,9
18679,131,121,10,10
18680,56,54,2,2
18681,58,55,3,3
18682,66,60,6,6
18683,58,61,-3,3
18684,76,79,-3,3
18685,83,79,4,4
18686,84,82,2,2
18687,100,103,-3,3
18688,114,104,10,10
18689,112,112,0,0
18690,104,97,7,7
18691,110,111,-1,1
18692,160,161,-1,1
18693,98,96,2,2
18694,122,120,2,2
18695,39,50,-11,11
18696,120,121,-1,1
18697,84,84,0,0
18698,64,83,-19,19
18699,87,94,-7,7
18700,102,100,2,2
18701,87,88,-1,1
18702,76,71,5,5
18703,132,128,4,4
18704,65,60,5,5
18705,136,120,16,16
18706,87,74,13,13
18707,93,90,3,3
18708,130,122,8,8
18709,96,92,4,4
18710,93,89,4,4
18711,67,74,-7,7
18712,116,114,2,2
18713,81,90,-9,9
18714,107,114,-7,7
18715,70,69,1,1
18716,113,108,5,5
18717,78,83,-5,5
18718,93,89,4,4
18719,62,69,-7,7
18720,43,50,-7,7
18721,81,76,5,5
18722,85,84,1,1
18723,128,118,10,10
18724,110,111,-1,1
18725,37,50,-13,13
18726,66,74,-8,8
18727,56,56,0,0
18728,95,95,0,0
18729,95,96,-1,1
18730,92,92,0,0
18731,99,105,-6,6
18732,75,82,-7,7
18733,186,159,27,27
18734,30,50,-20,20
18735,63,65,-2,2
18736,60,56,4,4
18737,38,50,-12,12
18738,70,80,-10,10
18739,85,81,4,4
18740,71,65,6,6
18741,122,126,-4,4
18742,45,59,-14,14
18743,94,90,4,4
18744,133,126,7,7
18745,89,82,7,7
18746,85,79,6,6
18747,80,81,-1,1
18748,141,129,12,12
18749,108,106,2,2
18750,39,55,-16,16
18751,85,101,-16,16
18752,99,100,-1,1
18753,81,77,4,4
18754,123,122,1,1
18755,98,95,3,3
18756,81,85,-4,4
18757,110,112,-2,2
18758,64,72,-8,8
18759,75,85,-10,10
18760,59,54,5,5
18761,66,73,-7,7
18762,81,77,4,4
18763,92,92,0,0
18764,115,110,5,5
18765,129,131,-2,2
18766,99,94,5,5
18767,72,74,-2,2
18768,91,91,0,0
18769,69,74,-5,5
18770,80,74,6,6
18771,89,96,-7,7
18772,92,100,-8,8
18773,95,92,3,3
18774,166,150,16,16
18775,61,58,3,3
18776,59,54,5,5
18777,42,60,-18,18
18778,53,58,-5,5
18779,101,99,2,2
18780,90,82,8,8
18781,116,109,7,7
18782,83,74,9,9
18783,89,88,1,1
18784,121,117,4,4
18785,74,61,13,13
18786,113,100,13,13
18787,85,89,-4,4
18788,137,131,6,6
18789,72,85,-13,13
18790,78,68,10,10
18791,113,122,-9,9
18792,144,117,27,27
18793,54,55,-1,1
18794,74,71,3,3
18795,72,70,2,2
18796,73,73,0,0
18797,163,143,20,20
18798,96,97,-1,1
18799,90,88,2,2
18800,64,63,1,1
18801,61,60,1,1
18802,79,79,0,0
18803,118,123,-5,5
18804,70,68,2,2
18805,108,106,2,2
18806,83,108,-25,25
18807,55,56,-1,1
18808,139,138,1,1
18809,49,52,-3,3
18810,159,151,8,8
18811,30,56,-26,26
18812,111,115,-4,4
18813,112,111,1,1
18814,149,153,-4,4
18815,104,100,4,4
18816,166,142,24,24
18817,76,68,8,8
18818,128,134,-6,6
18819,54,60,-6,6
18820,99,103,-4,4
18821,53,52,1,1
18822,98,95,3,3
18823,94,100,-6,6
18824,144,151,-7,7
18825,47,54,-7,7
18826,124,131,-7,7
18827,137,152,-15,15
18828,55,52,3,3
18829,79,66,13,13
18830,103,104,-1,1
18831,67,70,-3,3
18832,45,50,-5,5
18833,129,115,14,14
18834,33,53,-20,20
18835,108,108,0,0
18836,68,66,2,2
18837,165,155,10,10
18838,108,95,13,13
18839,142,121,21,21
18840,108,108,0,0
18841,56,59,-3,3
18842,73,78,-5,5
18843,121,119,2,2
18844,139,143,-4,4
18845,124,120,4,4
18846,59,56,3,3
18847,98,119,-21,21
18848,42,50,-8,8
18849,94,101,-7,7
18850,120,110,10,10
18851,64,67,-3,3
18852,52,59,-7,7
18853,193,183,10,10
18854,99,94,5,5
18855,73,78,-5,5
18856,166,136,30,30
18857,116,115,1,1
18858,69,83,-14,14
18859,67,66,1,1
18860,81,78,3,3
18861,112,102,10,10
18862,120,107,13,13
18863,67,57,10,10
18864,105,88,17,17
18865,146,133,13,13
18866,110,101,9,9
18867,90,89,1,1
18868,94,83,11,11
18869,106,120,-14,14
18870,95,94,1,1
18871,112,112,0,0
18872,104,91,13,13
18873,60,61,-1,1
18874,93,76,17,17
18875,171,170,1,1
18876,57,64,-7,7
18877,106,100,6,6
18878,83,88,-5,5
18879,65,57,8,8
18880,111,113,-2,2
18881,117,119,-2,2
18882,71,74,-3,3
18883,46,61,-15,15
18884,87,102,-15,15
18885,80,75,5,5
18886,58,60,-2,2
18887,47,86,-39,39
18888,196,177,19,19
18889,100,104,-4,4
18890,122,127,-5,5
18891,126,127,-1,1
18892,61,62,-1,1
18893,68,74,-6,6
18894,90,99,-9,9
18895,96,103,-7,7
18896,154,161,-7,7
18897,153,154,-1,1
18898,83,81,2,2
18899,130,127,3,3
18900,110,104,6,6
18901,122,119,3,3
18902,85,78,7,7
18903,55,56,-1,1
18904,85,82,3,3
18905,122,119,3,3
18906,71,67,4,4
18907,149,141,8,8
18908,101,97,4,4
18909,81,92,-11,11
18910,95,94,1,1
18911,120,116,4,4
18912,137,143,-6,6
18913,132,145,-13,13
18914,83,76,7,7
18915,121,116,5,5
18916,121,116,5,5
18917,125,139,-14,14
18918,81,83,-2,2
18919,137,138,-1,1
18920,89,88,1,1
18921,113,108,5,5
18922,23,50,-27,27
18923,123,108,15,15
18924,172,166,6,6
18925,64,62,2,2
18926,122,130,-8,8
18927,67,67,0,0
18928,86,85,1,1
18929,42,54,-12,12
18930,126,120,6,6
18931,148,133,15,15
18932,81,72,9,9
18933,78,79,-1,1
18934,74,72,2,2
18935,52,57,-5,5
18936,67,65,2,2
18937,69,68,1,1
18938,76,83,-7,7
18939,56,56,0,0
18940,103,112,-9,9
18941,86,95,-9,9
18942,67,71,-4,4
18943,74,79,-5,5
18944,61,58,3,3
18945,42,56,-14,14
18946,106,101,5,5
18947,59,58,1,1
18948,65,61,4,4
18949,148,152,-4,4
18950,161,153,8,8
18951,140,129,11,11
18952,140,137,3,3
18953,70,77,-7,7
18954,157,145,12,12
18955,70,77,-7,7
18956,110,118,-8,8
18957,132,156,-24,24
18958,40,66,-26,26
18959,115,106,9,9
18960,165,163,2,2
18961,46,57,-11,11
18962,108,118,-10,10
18963,145,138,7,7
18964,153,143,10,10
18965,64,62,2,2
18966,104,106,-2,2
18967,104,91,13,13
18968,103,93,10,10
18969,99,107,-8,8
18970,58,59,-1,1
18971,78,74,4,4
18972,116,116,0,0
18973,95,112,-17,17
18974,77,72,5,5
18975,100,93,7,7
18976,147,141,6,6
18977,73,72,1,1
18978,90,94,-4,4
18979,91,91,0,0
18980,136,131,5,5
18981,156,142,14,14
18982,71,70,1,1
18983,65,63,2,2
18984,82,82,0,0
18985,116,113,3,3
18986,134,126,8,8
18987,70,74,-4,4
18988,98,97,1,1
18989,194,180,14,14
18990,58,61,-3,3
18991,111,152,-41,41
18992,55,54,1,1
18993,105,104,1,1
18994,85,86,-1,1
18995,105,96,9,9
18996,83,90,-7,7
18997,96,88,8,8
18998,83,78,5,5
18999,153,147,6,6
19000,81,80,1,1
19001,60,61,-1,1
19002,137,136,1,1
19003,140,131,9,9
19004,88,92,-4,4
19005,124,126,-2,2
19006,101,94,7,7
19007,84,78,6,6
19008,99,95,4,4
19009,59,53,6,6
19010,83,93,-10,10
19011,113,122,-9,9
19012,83,91,-8,8
19013,65,65,0,0
19014,52,57,-5,5
19015,120,124,-4,4
19016,102,88,14,14
19017,50,76,-26,26
19018,134,136,-2,2
19019,90,90,0,0
19020,79,74,5,5
19021,78,83,-5,5
19022,122,113,9,9
19023,69,71,-2,2
19024,72,70,2,2
19025,71,72,-1,1
19026,112,94,18,18
19027,111,100,11,11
19028,96,100,-4,4
19029,96,93,3,3
19030,67,68,-1,1
19031,102,105,-3,3
19032,71,76,-5,5
19033,147,141,6,6
19034,123,126,-3,3
19035,89,73,16,16
19036,72,78,-6,6
19037,81,86,-5,5
19038,61,58,3,3
19039,79,73,6,6
19040,112,103,9,9
19041,167,170,-3,3
19042,74,77,-3,3
19043,122,111,11,11
19044,78,87,-9,9
19045,64,72,-8,8
19046,72,76,-4,4
19047,90,82,8,8
19048,86,76,10,10
19049,122,117,5,5
19050,70,62,8,8
19051,80,78,2,2
19052,55,57,-2,2
19053,86,77,9,9
19054,117,115,2,2
19055,95,94,1,1
19056,88,92,-4,4
19057,123,107,16,16
19058,102,97,5,5
19059,73,66,7,7
19060,33,50,-17,17
19061,133,119,14,14
19062,65,75,-10,10
19063,75,65,10,10
19064,39,50,-11,11
19065,119,109,10,10
19066,88,90,-2,2
19067,110,99,11,11
19068,59,62,-3,3
19069,94,103,-9,9
19070,90,88,2,2
19071,64,64,0,0
19072,111,111,0,0
19073,95,96,-1,1
19074,77,77,0,0
19075,60,60,0,0
19076,151,145,6,6
19077,90,83,7,7
19078,65,70,-5,5
19079,100,112,-12,12
19080,59,62,-3,3
19081,89,87,2,2
19082,91,99,-8,8
19083,152,142,10,10
19084,58,54,4,4
19085,98,106,-8,8
19086,111,107,4,4
19087,94,87,7,7
19088,98,101,-3,3
19089,99,91,8,8
19090,132,125,7,7
19091,99,116,-17,17
19092,163,174,-11,11
19093,105,97,8,8
19094,109,112,-3,3
19095,49,54,-5,5
19096,97,112,-15,15
19097,153,143,10,10
19098,73,99,-26,26
19099,71,73,-2,2
19100,89,79,10,10
19101,110,94,16,16
19102,73,74,-1,1
19103,151,132,19,19
19104,146,141,5,5
19105,74,71,3,3
19106,76,68,8,8
19107,57,136,-79,79
19108,96,85,11,11
19109,143,125,18,18
19110,98,81,17,17
19111,74,77,-3,3
19112,78,74,4,4
19113,139,157,-18,18
19114,81,84,-3,3
19115,74,80,-6,6
19116,81,80,1,1
19117,149,161,-12,12
19118,59,66,-7,7
19119,92,98,-6,6
19120,88,84,4,4
19121,94,94,0,0
19122,106,105,1,1
19123,143,127,16,16
19124,61,66,-5,5
19125,84,80,4,4
19126,107,110,-3,3
19127,129,133,-4,4
19128,80,78,2,2
19129,89,90,-1,1
19130,159,150,9,9
19131,44,52,-8,8
19132,116,116,0,0
19133,79,79,0,0
19134,82,75,7,7
19135,77,78,-1,1
19136,124,116,8,8
19137,97,100,-3,3
19138,62,69,-7,7
19139,65,66,-1,1
19140,78,70,8,8
19141,105,103,2,2
19142,107,113,-6,6
19143,60,63,-3,3
19144,63,60,3,3
19145,71,68,3,3
19146,122,123,-1,1
19147,76,74,2,2
19148,137,141,-4,4
19149,89,89,0,0
19150,87,94,-7,7
19151,147,144,3,3
19152,121,140,-19,19
19153,91,82,9,9
19154,62,62,0,0
19155,77,87,-10,10
19156,95,94,1,1
19157,71,71,0,0
19158,129,137,-8,8
19159,114,114,0,0
19160,196,183,13,13
19161,113,113,0,0
19162,122,113,9,9
19163,120,110,10,10
19164,104,114,-10,10
19165,99,95,4,4
19166,80,81,-1,1
19167,69,76,-7,7
19168,100,106,-6,6
19169,63,64,-1,1
19170,145,133,12,12
19171,55,53,2,2
19172,91,87,4,4
19173,148,140,8,8
19174,75,68,7,7
19175,106,103,3,3
19176,179,164,15,15
19177,86,95,-9,9
19178,72,75,-3,3
19179,127,134,-7,7
19180,68,60,8,8
19181,69,87,-18,18
19182,136,136,0,0
19183,91,89,2,2
19184,102,105,-3,3
19185,128,117,11,11
19186,94,94,0,0
19187,105,104,1,1
19188,146,136,10,10
19189,72,65,7,7
19190,105,102,3,3
19191,137,130,7,7
19192,169,164,5,5
19193,130,152,-22,22
19194,126,124,2,2
19195,125,118,7,7
19196,102,102,0,0
19197,74,69,5,5
19198,74,85,-11,11
19199,97,97,0,0
19200,113,107,6,6
19201,54,56,-2,2
19202,127,110,17,17
19203,73,80,-7,7
19204,145,150,-5,5
19205,117,111,6,6
19206,123,118,5,5
19207,188,164,24,24
19208,75,81,-6,6
19209,76,85,-9,9
19210,45,53,-8,8
19211,86,85,1,1
19212,74,77,-3,3
19213,103,112,-9,9
19214,140,123,17,17
19215,95,96,-1,1
19216,102,104,-2,2
19217,34,50,-16,16
19218,101,96,5,5
19219,62,71,-9,9
19220,81,89,-8,8
19221,84,88,-4,4
19222,114,124,-10,10
19223,90,81,9,9
19224,66,92,-26,26
19225,98,99,-1,1
19226,68,74,-6,6
19227,115,110,5,5
19228,101,78,23,23
19229,137,125,12,12
19230,125,126,-1,1
19231,84,89,-5,5
19232,43,56,-13,13
19233,99,92,7,7
19234,126,127,-1,1
19235,97,98,-1,1
19236,105,95,10,10
19237,74,80,-6,6
19238,108,105,3,3
19239,70,63,7,7
19240,49,55,-6,6
19241,133,129,4,4
19242,105,100,5,5
19243,147,147,0,0
19244,98,98,0,0
19245,124,117,7,7
19246,73,73,0,0
19247,78,70,8,8
19248,106,108,-2,2
19249,63,59,4,4
19250,87,90,-3,3
19251,80,76,4,4
19252,101,98,3,3
19253,80,80,0,0
19254,107,98,9,9
19255,65,71,-6,6
19256,62,57,5,5
19257,124,126,-2,2
19258,37,50,-13,13
19259,109,105,4,4
19260,48,55,-7,7
19261,152,136,16,16
19262,163,154,9,9
19263,126,121,5,5
19264,62,84,-22,22
19265,128,137,-9,9
19266,104,102,2,2
19267,110,122,-12,12
19268,79,83,-4,4
19269,79,79,0,0
19270,145,141,4,4
19271,74,80,-6,6
19272,59,62,-3,3
19273,107,107,0,0
19274,88,94,-6,6
19275,47,73,-26,26
19276,111,115,-4,4
19277,108,104,4,4
19278,133,118,15,15
19279,155,158,-3,3
19280,85,84,1,1
19281,135,119,16,16
19282,104,97,7,7
19283,149,154,-5,5
19284,78,79,-1,1
19285,76,74,2,2
19286,96,98,-2,2
19287,130,118,12,12
19288,90,85,5,5
19289,55,82,-27,27
19290,123,129,-6,6
19291,65,62,3,3
19292,69,68,1,1
19293,50,56,-6,6
19294,51,60,-9,9
19295,81,70,11,11
19296,108,108,0,0
19297,81,84,-3,3
19298,42,50,-8,8
19299,141,118,23,23
19300,66,72,-6,6
19301,103,98,5,5
19302,147,136,11,11
19303,105,90,15,15
19304,136,114,22,22
19305,58,62,-4,4
19306,108,91,17,17
19307,63,60,3,3
19308,116,117,-1,1
19309,147,142,5,5
19310,73,70,3,3
19311,92,94,-2,2
19312,63,63,0,0
19313,98,99,-1,1
19314,153,150,3,3
19315,98,96,2,2
19316,68,76,-8,8
19317,70,58,12,12
19318,69,132,-63,63
19319,68,63,5,5
19320,66,64,2,2
19321,83,78,5,5
19322,113,104,9,9
19323,123,113,10,10
19324,39,50,-11,11
19325,127,112,15,15
19326,119,119,0,0
19327,80,74,6,6
19328,202,220,-18,18
19329,71,79,-8,8
19330,49,53,-4,4
19331,73,86,-13,13
19332,90,98,-8,8
19333,86,80,6,6
19334,71,82,-11,11
19335,62,68,-6,6
19336,89,84,5,5
19337,205,184,21,21
19338,157,123,34,34
19339,95,111,-16,16
19340,54,62,-8,8
19341,86,84,2,2
19342,105,107,-2,2
19343,51,60,-9,9
19344,56,68,-12,12
19345,142,146,-4,4
19346,151,136,15,15
19347,72,69,3,3
19348,71,82,-11,11
19349,73,69,4,4
19350,58,57,1,1
19351,175,200,-25,25
19352,132,126,6,6
19353,102,103,-1,1
19354,115,113,2,2
19355,92,107,-15,15
19356,77,75,2,2
19357,113,113,0,0
19358,103,104,-1,1
19359,147,162,-15,15
19360,93,111,-18,18
19361,105,109,-4,4
19362,95,89,6,6
19363,158,148,10,10
19364,117,117,0,0
19365,113,112,1,1
19366,84,74,10,10
19367,64,70,-6,6
19368,98,97,1,1
19369,91,97,-6,6
19370,106,95,11,11
19371,57,65,-8,8
19372,130,125,5,5
19373,67,73,-6,6
19374,60,62,-2,2
19375,80,75,5,5
19376,109,108,1,1
19377,56,84,-28,28
19378,61,70,-9,9
19379,162,152,10,10
19380,105,102,3,3
19381,118,111,7,7
19382,88,83,5,5
19383,61,54,7,7
19384,101,97,4,4
19385,130,133,-3,3
19386,116,106,10,10
19387,66,73,-7,7
19388,67,76,-9,9
19389,68,78,-10,10
19390,54,56,-2,2
19391,76,73,3,3
19392,91,91,0,0
19393,48,51,-3,3
19394,108,106,2,2
19395,50,53,-3,3
19396,121,130,-9,9
19397,55,54,1,1
19398,99,89,10,10
19399,109,110,-1,1
19400,129,123,6,6
19401,59,56,3,3
19402,193,187,6,6
19403,115,110,5,5
19404,168,164,4,4
19405,109,109,0,0
19406,79,88,-9,9
19407,69,67,2,2
19408,124,123,1,1
19409,86,98,-12,12
19410,108,102,6,6
19411,57,59,-2,2
19412,69,58,11,11
19413,73,76,-3,3
19414,93,102,-9,9
19415,108,105,3,3
19416,47,52,-5,5
19417,96,92,4,4
19418,136,140,-4,4
19419,62,52,10,10
19420,35,52,-17,17
19421,168,176,-8,8
19422,72,61,11,11
19423,53,53,0,0
19424,181,174,7,7
19425,106,100,6,6
19426,110,121,-11,11
19427,71,71,0,0
19428,81,89,-8,8
19429,66,64,2,2
19430,96,102,-6,6
19431,94,86,8,8
19432,101,93,8,8
19433,56,57,-1,1
19434,161,143,18,18
19435,120,111,9,9
19436,90,93,-3,3
19437,74,77,-3,3
19438,119,113,6,6
19439,120,115,5,5
19440,116,138,-22,22
19441,72,72,0,0
19442,100,89,11,11
19443,72,70,2,2
19444,152,152,0,0
19445,65,74,-9,9
19446,84,80,4,4
19447,100,99,1,1
19448,116,104,12,12
19449,88,89,-1,1
19450,94,105,-11,11
19451,76,73,3,3
19452,70,74,-4,4
19453,72,87,-15,15
19454,114,111,3,3
19455,95,95,0,0
19456,88,82,6,6
19457,103,116,-13,13
19458,82,81,1,1
19459,66,76,-10,10
19460,126,115,11,11
19461,215,227,-12,12
19462,127,125,2,2
19463,71,70,1,1
19464,106,94,12,12
19465,125,124,1,1
19466,98,92,6,6
19467,80,96,-16,16
19468,76,81,-5,5
19469,126,123,3,3
19470,45,52,-7,7
19471,98,98,0,0
19472,75,75,0,0
19473,76,69,7,7
19474,103,104,-1,1
19475,149,144,5,5
19476,110,112,-2,2
19477,71,71,0,0
19478,121,136,-15,15
19479,86,85,1,1
19480,44,50,-6,6
19481,126,124,2,2
19482,145,128,17,17
19483,94,104,-10,10
19484,49,58,-9,9
19485,99,96,3,3
19486,75,86,-11,11
19487,77,95,-18,18
19488,65,73,-8,8
19489,117,113,4,4
19490,87,83,4,4
19491,87,100,-13,13
19492,138,138,0,0
19493,66,63,3,3
19494,100,86,14,14
19495,107,97,10,10
19496,82,107,-25,25
19497,76,85,-9,9
19498,67,75,-8,8
19499,40,50,-10,10
19500,88,94,-6,6
19501,184,170,14,14
19502,92,83,9,9
19503,134,134,0,0
19504,105,106,-1,1
19505,112,111,1,1
19506,70,70,0,0
19507,70,73,-3,3
19508,57,62,-5,5
19509,120,116,4,4
19510,98,104,-6,6
19511,115,107,8,8
19512,84,95,-11,11
19513,97,94,3,3
19514,85,86,-1,1
19515,67,70,-3,3
19516,93,83,10,10
19517,123,122,1,1
19518,52,98,-46,46
19519,113,107,6,6
19520,63,64,-1,1
19521,97,93,4,4
19522,103,99,4,4
19523,91,98,-7,7
19524,74,76,-2,2
19525,110,119,-9,9
19526,162,153,9,9
19527,98,99,-1,1
19528,103,98,5,5
19529,96,107,-11,11
19530,35,51,-16,16
19531,85,93,-8,8
19532,69,72,-3,3
19533,80,68,12,12
19534,60,60,0,0
19535,87,100,-13,13
19536,77,74,3,3
19537,139,134,5,5
19538,51,55,-4,4
19539,122,111,11,11
19540,125,114,11,11
19541,63,55,8,8
19542,125,118,7,7
19543,85,94,-9,9
19544,112,113,-1,1
19545,58,64,-6,6
19546,104,102,2,2
19547,120,112,8,8
19548,43,51,-8,8
19549,90,101,-11,11
19550,29,50,-21,21
19551,92,83,9,9
19552,99,81,18,18
19553,55,58,-3,3
19554,66,59,7,7
19555,78,75,3,3
19556,67,61,6,6
19557,91,82,9,9
19558,143,128,15,15
19559,86,96,-10,10
19560,57,69,-12,12
19561,96,90,6,6
19562,101,113,-12,12
19563,58,55,3,3
19564,113,104,9,9
19565,44,50,-6,6
19566,140,121,19,19
19567,150,149,1,1
19568,117,122,-5,5
19569,86,90,-4,4
19570,99,94,5,5
19571,114,106,8,8
19572,81,78,3,3
19573,64,59,5,5
19574,132,132,0,0
19575,82,84,-2,2
19576,141,135,6,6
19577,68,83,-15,15
19578,137,125,12,12
19579,75,71,4,4
19580,71,70,1,1
19581,59,84,-25,25
19582,45,50,-5,5
19583,70,66,4,4
19584,107,104,3,3
19585,59,59,0,0
19586,41,50,-9,9
19587,65,71,-6,6
19588,50,53,-3,3
19589,88,91,-3,3
19590,114,114,0,0
19591,64,57,7,7
19592,154,154,0,0
19593,64,72,-8,8
19594,46,64,-18,18
19595,120,116,4,4
19596,80,81,-1,1
19597,52,51,1,1
19598,88,109,-21,21
19599,65,90,-25,25
19600,49,54,-5,5
19601,82,95,-13,13
19602,108,118,-10,10
19603,59,66,-7,7
19604,68,70,-2,2
19605,99,89,10,10
19606,100,98,2,2
19607,100,92,8,8
19608,156,145,11,11
19609,91,97,-6,6
19610,152,146,6,6
19611,125,113,12,12
19612,60,60,0,0
19613,43,54,-11,11
19614,48,50,-2,2
19615,94,100,-6,6
19616,70,64,6,6
19617,52,52,0,0
19618,70,70,0,0
19619,154,140,14,14
19620,133,134,-1,1
19621,72,72,0,0
19622,79,86,-7,7
19623,111,116,-5,5
19624,72,72,0,0
19625,147,153,-6,6
19626,94,90,4,4
19627,41,50,-9,9
19628,79,89,-10,10
19629,61,58,3,3
19630,68,74,-6,6
19631,70,66,4,4
19632,80,86,-6,6
19633,58,65,-7,7
19634,45,51,-6,6
19635,187,168,19,19
19636,84,82,2,2
19637,76,75,1,1
19638,154,146,8,8
19639,139,128,11,11
19640,173,165,8,8
19641,75,66,9,9
19642,148,140,8,8
19643,174,168,6,6
19644,100,109,-9,9
19645,29,50,-21,21
19646,102,92,10,10
19647,67,69,-2,2
19648,51,52,-1,1
19649,133,110,23,23
19650,36,50,-14,14
19651,66,61,5,5
19652,65,60,5,5
19653,73,74,-1,1
19654,151,128,23,23
19655,87,78,9,9
19656,138,145,-7,7
19657,65,65,0,0
19658,97,93,4,4
19659,84,86,-2,2
19660,171,161,10,10
19661,110,108,2,2
19662,120,113,7,7
19663,99,93,6,6
19664,135,151,-16,16
19665,90,87,3,3
19666,70,68,2,2
19667,99,102,-3,3
19668,58,58,0,0
19669,109,135,-26,26
19670,77,80,-3,3
19671,74,73,1,1
19672,134,133,1,1
19673,130,116,14,14
19674,65,65,0,0
19675,109,103,6,6
19676,75,81,-6,6
19677,125,124,1,1
19678,99,97,2,2
19679,147,146,1,1
19680,160,151,9,9
19681,49,52,-3,3
19682,62,68,-6,6
19683,332,309,23,23
19684,127,123,4,4
19685,34,50,-16,16
19686,145,140,5,5
19687,108,100,8,8
19688,66,68,-2,2
19689,65,67,-2,2
19690,157,144,13,13
19691,89,82,7,7
19692,97,104,-7,7
19693,116,110,6,6
19694,102,100,2,2
19695,118,122,-4,4
19696,161,161,0,0
19697,97,94,3,3
19698,40,50,-10,10
19699,63,62,1,1
19700,70,81,-11,11
19701,83,77,6,6
19702,100,102,-2,2
19703,76,74,2,2
19704,105,102,3,3
19705,72,84,-12,12
19706,69,86,-17,17
19707,136,137,-1,1
19708,126,109,17,17
19709,130,134,-4,4
19710,116,118,-2,2
19711,87,83,4,4
19712,100,103,-3,3
19713,100,93,7,7
19714,55,59,-4,4
19715,92,93,-1,1
19716,101,95,6,6
19717,149,150,-1,1
19718,98,88,10,10
19719,89,89,0,0
19720,40,65,-25,25
19721,91,88,3,3
19722,103,106,-3,3
19723,88,83,5,5
19724,76,90,-14,14
19725,43,55,-12,12
19726,60,60,0,0
19727,165,152,13,13
19728,148,155,-7,7
19729,114,113,1,1
19730,97,86,11,11
19731,141,141,0,0
19732,82,89,-7,7
19733,89,89,0,0
19734,141,140,1,1
19735,31,52,-21,21
19736,87,99,-12,12
19737,83,86,-3,3
19738,64,67,-3,3
19739,68,73,-5,5
19740,75,70,5,5
19741,102,100,2,2
19742,54,60,-6,6
19743,108,113,-5,5
19744,104,91,13,13
19745,132,132,0,0
19746,77,72,5,5
19747,130,127,3,3
19748,46,51,-5,5
19749,83,73,10,10
19750,79,88,-9,9
19751,180,166,14,14
19752,118,125,-7,7
19753,105,114,-9,9
19754,93,98,-5,5
19755,81,77,4,4
19756,61,64,-3,3
19757,142,142,0,0
19758,93,94,-1,1
19759,100,99,1,1
19760,146,137,9,9
19761,64,66,-2,2
19762,116,112,4,4
19763,55,68,-13,13
19764,55,62,-7,7
19765,86,98,-12,12
19766,90,88,2,2
19767,146,143,3,3
19768,55,55,0,0
19769,76,77,-1,1
19770,48,58,-10,10
19771,84,68,16,16
19772,62,60,2,2
19773,93,89,4,4
19774,104,101,3,3
19775,108,108,0,0
19776,83,92,-9,9
19777,57,54,3,3
19778,76,77,-1,1
19779,100,128,-28,28
19780,96,97,-1,1
19781,124,97,27,27
19782,55,69,-14,14
19783,61,63,-2,2
19784,104,100,4,4
19785,70,74,-4,4
19786,94,85,9,9
19787,64,65,-1,1
19788,113,117,-4,4
19789,92,95,-3,3
19790,136,143,-7,7
19791,115,106,9,9
19792,103,113,-10,10
19793,84,86,-2,2
19794,60,62,-2,2
19795,83,114,-31,31
19796,127,126,1,1
19797,137,128,9,9
19798,64,55,9,9
19799,180,172,8,8
19800,144,131,13,13
19801,82,77,5,5
19802,89,80,9,9
19803,122,132,-10,10
19804,85,87,-2,2
19805,127,120,7,7
19806,86,80,6,6
19807,81,89,-8,8
19808,102,93,9,9
19809,104,77,27,27
19810,47,50,-3,3
19811,163,144,19,19
19812,102,99,3,3
19813,152,137,15,15
19814,139,130,9,9
19815,88,79,9,9
19816,57,54,3,3
19817,79,71,8,8
19818,60,54,6,6
19819,104,95,9,9
19820,92,88,4,4
19821,74,72,2,2
19822,94,89,5,5
19823,102,108,-6,6
19824,109,103,6,6
19825,86,82,4,4
19826,85,77,8,8
19827,86,79,7,7
19828,158,140,18,18
19829,78,77,1,1
19830,72,66,6,6
19831,127,122,5,5
19832,81,83,-2,2
19833,99,101,-2,2
19834,64,67,-3,3
19835,137,140,-3,3
19836,99,102,-3,3
19837,74,81,-7,7
19838,80,87,-7,7
19839,99,108,-9,9
19840,95,96,-1,1
19841,48,52,-4,4
19842,77,75,2,2
19843,88,98,-10,10
19844,99,94,5,5
19845,87,78,9,9
19846,75,78,-3,3
19847,103,106,-3,3
19848,190,182,8,8
19849,88,81,7,7
19850,85,86,-1,1
19851,59,53,6,6
19852,63,79,-16,16
19853,85,86,-1,1
19854,67,85,-18,18
19855,76,80,-4,4
19856,115,114,1,1
19857,62,64,-2,2
19858,61,65,-4,4
19859,147,142,5,5
19860,153,146,7,7
19861,68,57,11,11
19862,106,114,-8,8
19863,79,78,1,1
19864,165,150,15,15
19865,63,60,3,3
19866,106,107,-1,1
19867,74,79,-5,5
19868,135,131,4,4
19869,76,83,-7,7
19870,113,120,-7,7
19871,77,78,-1,1
19872,67,71,-4,4
19873,93,110,-17,17
19874,170,165,5,5
19875,77,84,-7,7
19876,88,84,4,4
19877,103,98,5,5
19878,85,86,-1,1
19879,82,73,9,9
19880,70,77,-7,7
19881,94,104,-10,10
19882,44,54,-10,10
19883,103,94,9,9
19884,99,99,0,0
19885,67,64,3,3
19886,56,60,-4,4
19887,94,96,-2,2
19888,77,79,-2,2
19889,68,65,3,3
19890,125,113,12,12
19891,110,110,0,0
19892,102,89,13,13
19893,57,53,4,4
19894,68,88,-20,20
19895,75,75,0,0
19896,101,96,5,5
19897,57,57,0,0
19898,93,109,-16,16
19899,52,62,-10,10
19900,57,62,-5,5
19901,123,108,15,15
19902,111,119,-8,8
19903,62,63,-1,1
19904,89,101,-12,12
19905,114,108,6,6
19906,45,54,-9,9
19907,79,74,5,5
19908,134,125,9,9
19909,101,97,4,4
19910,92,88,4,4
19911,74,70,4,4
19912,95,93,2,2
19913,49,57,-8,8
19914,86,83,3,3
19915,50,67,-17,17
19916,55,54,1,1
19917,49,50,-1,1
19918,87,91,-4,4
19919,59,67,-8,8
19920,108,111,-3,3
19921,88,84,4,4
19922,118,126,-8,8
19923,108,105,3,3
19924,38,76,-38,38
19925,94,86,8,8
19926,35,54,-19,19
19927,114,116,-2,2
19928,124,115,9,9
19929,108,113,-5,5
19930,129,138,-9,9
19931,69,70,-1,1
19932,108,114,-6,6
19933,66,73,-7,7
19934,62,61,1,1
19935,107,111,-4,4
19936,65,65,0,0
19937,169,149,20,20
19938,115,109,6,6
19939,116,115,1,1
19940,87,88,-1,1
19941,62,59,3,3
19942,128,120,8,8
19943,126,131,-5,5
19944,139,138,1,1
19945,217,194,23,23
19946,147,152,-5,5
19947,117,108,9,9
19948,181,181,0,0
19949,101,122,-21,21
19950,66,70,-4,4
19951,77,73,4,4
19952,110,111,-1,1
19953,186,183,3,3
19954,60,59,1,1
19955,68,70,-2,2
19956,125,125,0,0
19957,52,55,-3,3
19958,75,74,1,1
19959,109,114,-5,5
19960,44,61,-17,17
19961,123,128,-5,5
19962,123,116,7,7
19963,69,67,2,2
19964,51,54,-3,3
19965,148,132,16,16
19966,104,90,14,14
19967,64,63,1,1
19968,82,94,-12,12
19969,82,80,2,2
19970,135,136,-1,1
19971,54,58,-4,4
19972,88,79,9,9
19973,88,79,9,9
19974,102,101,1,1
19975,45,53,-8,8
19976,85,84,1,1
19977,117,106,11,11
19978,124,115,9,9
19979,60,63,-3,3
19980,40,61,-21,21
19981,133,130,3,3
19982,101,106,-5,5
19983,80,79,1,1
19984,90,111,-21,21
19985,85,86,-1,1
19986,68,71,-3,3
19987,150,150,0,0
19988,86,78,8,8
19989,105,109,-4,4
19990,45,51,-6,6
19991,149,160,-11,11
19992,74,77,-3,3
19993,40,53,-13,13
19994,75,82,-7,7
19995,47,54,-7,7
19996,70,76,-6,6
19997,56,58,-2,2
19998,46,52,-6,6
19999,98,105,-7,7
20000,107,100,7,7
20001,121,109,12,12
20002,192,189,3,3
20003,50,54,-4,4
20004,62,77,-15,15
20005,93,92,1,1
20006,96,88,8,8
20007,72,70,2,2
20008,134,138,-4,4
20009,98,99,-1,1
20010,159,141,18,18
20011,115,112,3,3
20012,54,55,-1,1
20013,60,62,-2,2
20014,80,76,4,4
20015,103,104,-1,1
20016,89,85,4,4
20017,118,119,-1,1
20018,109,104,5,5
20019,65,72,-7,7
20020,62,70,-8,8
20021,100,98,2,2
20022,127,132,-5,5
20023,54,57,-3,3
20024,113,105,8,8
20025,122,118,4,4
20026,140,127,13,13
20027,71,66,5,5
20028,86,94,-8,8
20029,94,97,-3,3
20030,124,116,8,8
20031,59,63,-4,4
20032,115,108,7,7
20033,61,60,1,1
20034,65,60,5,5
20035,79,80,-1,1
20036,122,109,13,13
20037,97,104,-7,7
20038,64,67,-3,3
20039,107,102,5,5
20040,109,108,1,1
20041,70,68,2,2
20042,63,62,1,1
20043,104,102,2,2
20044,88,77,11,11
20045,91,92,-1,1
20046,136,140,-4,4
20047,67,65,2,2
20048,65,62,3,3
20049,97,99,-2,2
20050,114,119,-5,5
20051,122,133,-11,11
20052,76,66,10,10
20053,96,101,-5,5
20054,90,84,6,6
20055,68,62,6,6
20056,78,82,-4,4
20057,158,145,13,13
20058,77,84,-7,7
20059,65,63,2,2
20060,126,117,9,9
20061,102,95,7,7
20062,96,89,7,7
20063,120,128,-8,8
20064,44,53,-9,9
20065,68,72,-4,4
20066,170,169,1,1
20067,40,50,-10,10
20068,43,54,-11,11
20069,95,88,7,7
20070,114,105,9,9
20071,60,62,-2,2
20072,35,51,-16,16
20073,70,64,6,6
20074,126,122,4,4
20075,68,67,1,1
20076,137,140,-3,3
20077,154,128,26,26
20078,139,136,3,3
20079,103,103,0,0
20080,82,72,10,10
20081,94,104,-10,10
20082,136,130,6,6
20083,81,73,8,8
20084,51,50,1,1
20085,126,125,1,1
20086,89,123,-34,34
20087,88,94,-6,6
20088,77,64,13,13
20089,83,88,-5,5
20090,77,68,9,9
20091,84,83,1,1
20092,82,74,8,8
20093,65,67,-2,2
20094,113,103,10,10
20095,78,83,-5,5
20096,54,55,-1,1
20097,94,101,-7,7
20098,59,67,-8,8
20099,117,125,-8,8
20100,78,61,17,17
20101,48,50,-2,2
20102,54,61,-7,7
20103,99,108,-9,9
20104,71,70,1,1
20105,136,130,6,6
20106,45,51,-6,6
20107,84,88,-4,4
20108,82,86,-4,4
20109,45,54,-9,9
20110,125,106,19,19
20111,50,53,-3,3
20112,71,74,-3,3
20113,89,84,5,5
20114,61,64,-3,3
20115,105,98,7,7
20116,143,140,3,3
20117,185,168,17,17
20118,48,52,-4,4
20119,98,100,-2,2
20120,38,51,-13,13
20121,92,88,4,4
20122,139,134,5,5
20123,99,89,10,10
20124,106,107,-1,1
20125,60,76,-16,16
20126,96,78,18,18
20127,138,142,-4,4
20128,83,87,-4,4
20129,152,121,31,31
20130,115,118,-3,3
20131,84,91,-7,7
20132,133,128,5,5
20133,128,123,5,5
20134,78,79,-1,1
20135,93,93,0,0
20136,105,104,1,1
20137,90,94,-4,4
20138,205,183,22,22
20139,80,81,-1,1
20140,80,79,1,1
20141,118,99,19,19
20142,60,69,-9,9
20143,101,99,2,2
20144,95,94,1,1
20145,130,143,-13,13
20146,113,108,5,5
20147,79,87,-8,8
20148,88,83,5,5
20149,109,105,4,4
20150,98,90,8,8
20151,70,68,2,2
20152,92,83,9,9
20153,157,164,-7,7
20154,44,54,-10,10
20155,95,87,8,8
20156,87,78,9,9
20157,109,90,19,19
20158,111,111,0,0
20159,86,80,6,6
20160,149,150,-1,1
20161,111,107,4,4
20162,45,51,-6,6
20163,150,145,5,5
20164,89,80,9,9
20165,67,79,-12,12
20166,87,89,-2,2
20167,150,137,13,13
20168,124,105,19,19
20169,96,93,3,3
20170,125,125,0,0
20171,116,130,-14,14
20172,80,79,1,1
20173,156,131,25,25
20174,159,161,-2,2
20175,108,104,4,4
20176,90,90,0,0
20177,117,108,9,9
20178,139,126,13,13
20179,87,87,0,0
20180,79,70,9,9
20181,103,100,3,3
20182,157,141,16,16
20183,159,166,-7,7
20184,46,78,-32,32
20185,84,82,2,2
20186,62,72,-10,10
20187,99,103,-4,4
20188,62,61,1,1
20189,87,104,-17,17
20190,186,184,2,2
20191,104,96,8,8
20192,83,80,3,3
20193,82,80,2,2
20194,82,83,-1,1
20195,116,115,1,1
20196,48,51,-3,3
20197,72,75,-3,3
20198,81,78,3,3
20199,89,96,-7,7
20200,66,67,-1,1
20201,99,100,-1,1
20202,97,95,2,2
20203,83,83,0,0
20204,57,55,2,2
20205,95,94,1,1
20206,81,80,1,1
20207,77,86,-9,9
20208,65,62,3,3
20209,109,105,4,4
20210,58,60,-2,2
20211,38,52,-14,14
20212,109,108,1,1
20213,128,123,5,5
20214,68,63,5,5
20215,134,136,-2,2
20216,80,84,-4,4
20217,197,181,16,16
20218,105,106,-1,1
20219,78,77,1,1
20220,99,117,-18,18
20221,88,85,3,3
20222,105,103,2,2
20223,63,73,-10,10
20224,76,103,-27,27
20225,80,83,-3,3
20226,68,73,-5,5
20227,97,97,0,0
20228,107,98,9,9
20229,96,77,19,19
20230,120,129,-9,9
20231,110,101,9,9
20232,67,71,-4,4
20233,154,137,17,17
20234,133,120,13,13
20235,98,93,5,5
20236,93,90,3,3
20237,93,95,-2,2
20238,95,100,-5,5
20239,96,91,5,5
20240,66,67,-1,1
20241,54,56,-2,2
20242,89,88,1,1
20243,165,152,13,13
20244,189,184,5,5
20245,62,66,-4,4
20246,49,53,-4,4
20247,59,58,1,1
20248,82,79,3,3
20249,75,81,-6,6
20250,121,114,7,7
20251,116,104,12,12
20252,185,184,1,1
20253,139,136,3,3
20254,73,79,-6,6
20255,147,146,1,1
20256,109,119,-10,10
20257,119,116,3,3
20258,83,76,7,7
20259,122,123,-1,1
20260,84,93,-9,9
20261,130,124,6,6
20262,137,142,-5,5
20263,96,102,-6,6
20264,81,78,3,3
20265,123,116,7,7
20266,83,72,11,11
20267,104,98,6,6
20268,121,109,12,12
20269,130,123,7,7
20270,104,96,8,8
20271,107,97,10,10
20272,121,114,7,7
20273,76,76,0,0
20274,59,63,-4,4
20275,127,129,-2,2
20276,179,182,-3,3
20277,70,75,-5,5
20278,83,83,0,0
20279,83,89,-6,6
20280,52,67,-15,15
20281,58,66,-8,8
20282,116,122,-6,6
20283,57,64,-7,7
20284,107,103,4,4
20285,164,162,2,2
20286,110,104,6,6
20287,101,99,2,2
20288,159,152,7,7
20289,103,113,-10,10
20290,133,138,-5,5
20291,59,76,-17,17
20292,93,101,-8,8
20293,129,118,11,11
20294,49,63,-14,14
20295,98,96,2,2
20296,100,95,5,5
20297,131,132,-1,1
20298,140,142,-2,2
20299,87,83,4,4
20300,138,129,9,9
20301,145,143,2,2
20302,124,119,5,5
20303,111,110,1,1
20304,128,119,9,9
20305,83,72,11,11
20306,90,100,-10,10
20307,96,93,3,3
20308,160,154,6,6
20309,75,77,-2,2
20310,83,92,-9,9
20311,115,109,6,6
20312,78,86,-8,8
20313,91,92,-1,1
20314,60,59,1,1
20315,92,89,3,3
20316,107,96,11,11
20317,94,103,-9,9
20318,75,105,-30,30
20319,60,60,0,0
20320,58,65,-7,7
20321,103,103,0,0
20322,68,66,2,2
20323,141,129,12,12
20324,89,98,-9,9
20325,172,158,14,14
20326,147,148,-1,1
20327,94,87,7,7
20328,128,124,4,4
20329,76,77,-1,1
20330,97,91,6,6
20331,110,108,2,2
20332,89,84,5,5
20333,72,64,8,8
20334,104,110,-6,6
20335,82,102,-20,20
20336,87,83,4,4
20337,96,88,8,8
20338,94,105,-11,11
20339,158,145,13,13
20340,102,101,1,1
20341,62,64,-2,2
20342,53,62,-9,9
20343,98,95,3,3
20344,96,92,4,4
20345,79,86,-7,7
20346,131,117,14,14
20347,44,53,-9,9
20348,102,92,10,10
20349,69,67,2,2
20350,106,109,-3,3
20351,128,134,-6,6
20352,49,59,-10,10
20353,123,113,10,10
20354,191,164,27,27
20355,116,102,14,14
20356,127,120,7,7
20357,42,50,-8,8
20358,124,100,24,24
20359,92,103,-11,11
20360,143,128,15,15
20361,68,68,0,0
20362,111,108,3,3
20363,120,134,-14,14
20364,93,88,5,5
20365,46,56,-10,10
20366,116,116,0,0
20367,84,84,0,0
20368,39,51,-12,12
20369,70,64,6,6
20370,59,70,-11,11
20371,107,127,-20,20
20372,59,57,2,2
20373,115,108,7,7
20374,92,102,-10,10
20375,105,113,-8,8
20376,110,102,8,8
20377,60,56,4,4
20378,119,108,11,11
20379,106,113,-7,7
20380,90,91,-1,1
20381,63,65,-2,2
20382,103,100,3,3
20383,105,110,-5,5
20384,98,100,-2,2
20385,48,52,-4,4
20386,110,133,-23,23
20387,119,105,14,14
20388,86,91,-5,5
20389,82,100,-18,18
20390,65,65,0,0
20391,89,88,1,1
20392,118,122,-4,4
20393,146,133,13,13
20394,65,74,-9,9
20395,125,126,-1,1
20396,87,89,-2,2
20397,89,96,-7,7
20398,75,75,0,0
20399,87,84,3,3
20400,130,131,-1,1
20401,51,52,-1,1
20402,129,136,-7,7
20403,81,80,1,1
20404,80,76,4,4
20405,66,73,-7,7
20406,47,53,-6,6
20407,103,107,-4,4
20408,77,86,-9,9
20409,60,77,-17,17
20410,133,130,3,3
20411,66,67,-1,1
20412,161,152,9,9
20413,101,105,-4,4
20414,80,86,-6,6
20415,124,128,-4,4
20416,140,133,7,7
20417,120,112,8,8
20418,141,129,12,12
20419,90,93,-3,3
20420,54,60,-6,6
20421,63,62,1,1
20422,115,115,0,0
20423,59,68,-9,9
20424,68,71,-3,3
20425,51,57,-6,6
20426,56,60,-4,4
20427,69,79,-10,10
20428,71,72,-1,1
20429,103,107,-4,4
20430,94,100,-6,6
20431,157,165,-8,8
20432,122,116,6,6
20433,111,110,1,1
20434,120,128,-8,8
20435,103,94,9,9
20436,62,68,-6,6
20437,130,131,-1,1
20438,81,80,1,1
20439,166,144,22,22
20440,79,84,-5,5
20441,90,93,-3,3
20442,91,96,-5,5
20443,44,51,-7,7
20444,87,93,-6,6
20445,117,114,3,3
20446,101,106,-5,5
20447,106,113,-7,7
20448,102,95,7,7
20449,74,66,8,8
20450,175,160,15,15
20451,71,83,-12,12
20452,122,118,4,4
20453,165,153,12,12
20454,134,127,7,7
20455,192,176,16,16
20456,80,68,12,12
20457,65,62,3,3
20458,105,110,-5,5
20459,121,112,9,9
20460,84,86,-2,2
20461,106,107,-1,1
20462,91,85,6,6
20463,174,174,0,0
20464,64,61,3,3
20465,58,64,-6,6
20466,76,65,11,11
20467,70,75,-5,5
20468,143,138,5,5
20469,92,89,3,3
20470,94,96,-2,2
20471,95,91,4,4
20472,119,112,7,7
20473,101,93,8,8
20474,110,108,2,2
20475,144,153,-9,9
20476,129,142,-13,13
20477,79,78,1,1
20478,99,104,-5,5
20479,85,83,2,2
20480,142,127,15,15
20481,77,86,-9,9
20482,62,62,0,0
20483,122,123,-1,1
20484,106,111,-5,5
20485,52,53,-1,1
20486,79,84,-5,5
20487,95,85,10,10
20488,77,84,-7,7
20489,89,88,1,1
20490,70,77,-7,7
20491,97,93,4,4
20492,100,109,-9,9
20493,79,70,9,9
20494,138,137,1,1
20495,123,109,14,14
20496,152,129,23,23
20497,135,130,5,5
20498,83,86,-3,3
20499,118,103,15,15
20500,91,88,3,3
20501,83,85,-2,2
20502,77,79,-2,2
20503,69,68,1,1
20504,68,71,-3,3
20505,139,134,5,5
20506,171,165,6,6
20507,80,79,1,1
20508,83,80,3,3
20509,108,103,5,5
20510,92,93,-1,1
20511,59,61,-2,2
20512,74,70,4,4
20513,62,60,2,2
20514,138,131,7,7
20515,55,56,-1,1
20516,85,79,6,6
20517,77,76,1,1
20518,39,50,-11,11
20519,65,70,-5,5
20520,109,113,-4,4
20521,91,91,0,0
20522,74,72,2,2
20523,74,76,-2,2
20524,154,145,9,9
20525,153,141,12,12
20526,40,50,-10,10
20527,110,110,0,0
20528,63,62,1,1
20529,114,109,5,5
20530,114,123,-9,9
20531,62,74,-12,12
20532,81,70,11,11
20533,49,54,-5,5
20534,63,59,4,4
20535,93,91,2,2
20536,76,70,6,6
20537,146,142,4,4
20538,87,77,10,10
20539,162,153,9,9
20540,91,99,-8,8
20541,107,128,-21,21
20542,82,90,-8,8
20543,97,91,6,6
20544,42,52,-10,10
20545,81,79,2,2
20546,115,110,5,5
20547,120,115,5,5
20548,62,65,-3,3
20549,131,139,-8,8
20550,82,84,-2,2
20551,59,59,0,0
20552,127,132,-5,5
20553,100,89,11,11
20554,92,88,4,4
20555,55,63,-8,8
20556,111,106,5,5
20557,92,90,2,2
20558,111,114,-3,3
20559,189,161,28,28
20560,93,81,12,12
20561,61,57,4,4
20562,50,51,-1,1
20563,62,64,-2,2
20564,46,53,-7,7
20565,145,149,-4,4
20566,82,86,-4,4
20567,83,82,1,1
20568,78,74,4,4
20569,69,63,6,6
20570,117,104,13,13
20571,142,134,8,8
20572,111,113,-2,2
20573,72,69,3,3
20574,95,90,5,5
20575,141,124,17,17
20576,179,166,13,13
20577,85,91,-6,6
20578,286,243,43,43
20579,87,76,11,11
20580,93,92,1,1
20581,87,84,3,3
20582,49,60,-11,11
20583,87,90,-3,3
20584,143,117,26,26
20585,98,108,-10,10
20586,70,73,-3,3
20587,112,116,-4,4
20588,53,56,-3,3
20589,55,57,-2,2
20590,88,84,4,4
20591,113,113,0,0
20592,86,86,0,0
20593,59,62,-3,3
20594,62,61,1,1
20595,71,81,-10,10
20596,102,122,-20,20
20597,69,74,-5,5
20598,117,115,2,2
20599,79,83,-4,4
20600,131,131,0,0
20601,45,52,-7,7
20602,81,84,-3,3
20603,62,71,-9,9
20604,82,87,-5,5
20605,86,84,2,2
20606,52,51,1,1
20607,79,83,-4,4
20608,108,100,8,8
20609,62,64,-2,2
20610,94,96,-2,2
20611,74,84,-10,10
20612,136,125,11,11
20613,151,135,16,16
20614,145,152,-7,7
20615,99,97,2,2
20616,169,176,-7,7
20617,69,73,-4,4
20618,54,54,0,0
20619,93,84,9,9
20620,106,108,-2,2
20621,77,78,-1,1
20622,100,108,-8,8
20623,96,104,-8,8
20624,56,59,-3,3
20625,99,92,7,7
20626,115,118,-3,3
20627,90,88,2,2
20628,56,65,-9,9
20629,83,71,12,12
20630,117,110,7,7
20631,75,79,-4,4
20632,88,87,1,1
20633,80,77,3,3
20634,150,127,23,23
20635,126,114,12,12
20636,92,91,1,1
20637,117,114,3,3
20638,75,79,-4,4
20639,92,82,10,10
20640,72,73,-1,1
20641,45,55,-10,10
20642,55,69,-14,14
20643,123,131,-8,8
20644,127,120,7,7
20645,128,132,-4,4
20646,161,157,4,4
20647,130,123,7,7
20648,87,81,6,6
20649,223,181,42,42
20650,79,85,-6,6
20651,155,139,16,16
20652,77,77,0,0
20653,82,74,8,8
20654,101,105,-4,4
20655,89,95,-6,6
20656,106,108,-2,2
20657,68,61,7,7
20658,98,97,1,1
20659,102,106,-4,4
20660,88,79,9,9
20661,102,99,3,3
20662,173,154,19,19
20663,52,63,-11,11
20664,114,112,2,2
20665,85,73,12,12
20666,86,83,3,3
20667,77,74,3,3
20668,81,81,0,0
20669,89,86,3,3
20670,149,141,8,8
20671,68,75,-7,7
20672,77,72,5,5
20673,83,84,-1,1
20674,71,70,1,1
20675,71,72,-1,1
20676,91,96,-5,5
20677,56,72,-16,16
20678,80,83,-3,3
20679,129,120,9,9
20680,95,94,1,1
20681,114,102,12,12
20682,149,133,16,16
20683,74,74,0,0
20684,84,77,7,7
20685,72,66,6,6
20686,119,113,6,6
20687,82,77,5,5
20688,94,117,-23,23
20689,89,100,-11,11
20690,45,52,-7,7
20691,77,64,13,13
20692,169,170,-1,1
20693,100,88,12,12
20694,114,109,5,5
20695,95,92,3,3
20696,97,112,-15,15
20697,224,210,14,14
20698,96,97,-1,1
20699,66,71,-5,5
20700,97,96,1,1
20701,113,111,2,2
20702,107,109,-2,2
20703,59,72,-13,13
20704,148,152,-4,4
20705,66,62,4,4
20706,151,155,-4,4
20707,87,80,7,7
20708,119,109,10,10
20709,63,57,6,6
20710,122,112,10,10
20711,75,73,2,2
20712,142,138,4,4
20713,33,50,-17,17
20714,86,87,-1,1
20715,33,50,-17,17
20716,144,119,25,25
20717,124,120,4,4
20718,77,79,-2,2
20719,144,140,4,4
20720,88,96,-8,8
20721,87,93,-6,6
20722,45,50,-5,5
20723,104,90,14,14
20724,70,73,-3,3
20725,87,84,3,3
20726,139,134,5,5
20727,136,136,0,0
20728,85,77,8,8
20729,106,111,-5,5
20730,134,126,8,8
20731,98,95,3,3
20732,77,82,-5,5
20733,131,130,1,1
20734,125,142,-17,17
20735,76,77,-1,1
20736,110,97,13,13
20737,123,113,10,10
20738,56,52,4,4
20739,62,64,-2,2
20740,59,59,0,0
20741,96,102,-6,6
20742,107,99,8,8
20743,126,134,-8,8
20744,114,117,-3,3
20745,85,91,-6,6
20746,63,57,6,6
20747,59,73,-14,14
20748,80,72,8,8
20749,93,86,7,7
20750,82,91,-9,9
20751,73,65,8,8
20752,133,125,8,8
20753,145,131,14,14
20754,78,80,-2,2
20755,89,87,2,2
20756,81,84,-3,3
20757,100,101,-1,1
20758,129,139,-10,10
20759,80,81,-1,1
20760,122,115,7,7
20761,26,50,-24,24
20762,151,145,6,6
20763,118,126,-8,8
20764,146,134,12,12
20765,75,73,2,2
20766,80,99,-19,19
20767,52,63,-11,11
20768,128,115,13,13
20769,76,93,-17,17
20770,73,74,-1,1
20771,55,59,-4,4
20772,94,96,-2,2
20773,115,109,6,6
20774,70,72,-2,2
20775,125,112,13,13
20776,50,52,-2,2
20777,90,94,-4,4
20778,110,106,4,4
20779,120,124,-4,4
20780,62,64,-2,2
20781,78,91,-13,13
20782,132,131,1,1
20783,46,52,-6,6
20784,140,150,-10,10
20785,97,94,3,3
20786,53,55,-2,2
20787,93,97,-4,4
20788,145,137,8,8
20789,84,85,-1,1
20790,121,126,-5,5
20791,124,124,0,0
20792,65,62,3,3
20793,129,134,-5,5
20794,111,108,3,3
20795,81,68,13,13
20796,87,73,14,14
20797,64,70,-6,6
20798,92,87,5,5
20799,74,72,2,2
20800,78,75,3,3
20801,72,82,-10,10
20802,101,102,-1,1
20803,35,50,-15,15
20804,171,160,11,11
20805,54,54,0,0
20806,155,168,-13,13
20807,151,151,0,0
20808,45,51,-6,6
20809,87,87,0,0
20810,115,108,7,7
20811,75,67,8,8
20812,89,92,-3,3
20813,134,123,11,11
20814,65,67,-2,2
20815,51,54,-3,3
20816,33,50,-17,17
20817,85,100,-15,15
20818,114,110,4,4
20819,120,119,1,1
20820,83,87,-4,4
20821,106,112,-6,6
20822,41,51,-10,10
20823,101,117,-16,16
20824,134,128,6,6
20825,132,133,-1,1
20826,53,54,-1,1
20827,89,84,5,5
20828,120,124,-4,4
20829,106,115,-9,9
20830,165,149,16,16
20831,59,71,-12,12
20832,77,79,-2,2
20833,105,99,6,6
20834,113,114,-1,1
20835,85,86,-1,1
20836,57,57,0,0
20837,101,111,-10,10
20838,109,108,1,1
20839,129,135,-6,6
20840,75,88,-13,13
20841,143,138,5,5
20842,48,52,-4,4
20843,115,125,-10,10
20844,57,108,-51,51
20845,76,74,2,2
20846,79,76,3,3
20847,107,103,4,4
20848,61,66,-5,5
20849,134,136,-2,2
20850,93,93,0,0
20851,141,143,-2,2
20852,81,72,9,9
20853,65,76,-11,11
20854,148,138,10,10
20855,70,79,-9,9
20856,78,90,-12,12
20857,46,51,-5,5
20858,108,112,-4,4
20859,94,96,-2,2
20860,165,162,3,3
20861,83,94,-11,11
20862,131,131,0,0
20863,91,83,8,8
20864,86,117,-31,31
20865,99,100,-1,1
20866,111,95,16,16
20867,93,91,2,2
20868,82,84,-2,2
20869,60,70,-10,10
20870,89,85,4,4
20871,153,149,4,4
20872,102,104,-2,2
20873,92,99,-7,7
20874,102,101,1,1
20875,118,125,-7,7
20876,75,71,4,4
20877,176,168,8,8
20878,129,123,6,6
20879,69,82,-13,13
20880,83,77,6,6
20881,124,120,4,4
20882,68,65,3,3
20883,102,100,2,2
20884,63,61,2,2
20885,96,109,-13,13
20886,120,128,-8,8
20887,75,81,-6,6
20888,111,112,-1,1
20889,181,159,22,22
20890,82,85,-3,3
20891,132,124,8,8
20892,48,72,-24,24
20893,75,78,-3,3
20894,64,63,1,1
20895,41,50,-9,9
20896,64,80,-16,16
20897,97,102,-5,5
20898,77,84,-7,7
20899,91,86,5,5
20900,51,54,-3,3
20901,68,72,-4,4
20902,121,128,-7,7
20903,86,85,1,1
20904,59,64,-5,5
20905,107,105,2,2
20906,84,89,-5,5
20907,55,56,-1,1
20908,76,93,-17,17
20909,93,85,8,8
20910,40,50,-10,10
20911,118,102,16,16
20912,156,158,-2,2
20913,126,123,3,3
20914,74,73,1,1
20915,96,100,-4,4
20916,121,119,2,2
20917,76,68,8,8
20918,122,130,-8,8
20919,89,82,7,7
20920,59,57,2,2
20921,84,70,14,14
20922,83,78,5,5
20923,73,67,6,6
20924,63,59,4,4
20925,64,71,-7,7
20926,125,116,9,9
20927,101,88,13,13
20928,122,129,-7,7
20929,63,63,0,0
20930,107,110,-3,3
20931,68,69,-1,1
20932,74,73,1,1
20933,102,107,-5,5
20934,119,122,-3,3
20935,106,99,7,7
20936,66,64,2,2
20937,87,90,-3,3
20938,85,84,1,1
20939,66,59,7,7
20940,145,140,5,5
20941,180,159,21,21
20942,75,78,-3,3
20943,63,75,-12,12
20944,144,142,2,2
20945,66,70,-4,4
20946,49,51,-2,2
20947,98,100,-2,2
20948,77,68,9,9
20949,105,104,1,1
20950,81,102,-21,21
20951,92,82,10,10
20952,104,111,-7,7
20953,151,149,2,2
20954,51,55,-4,4
20955,124,131,-7,7
20956,84,83,1,1
20957,58,60,-2,2
20958,108,103,5,5
20959,41,50,-9,9
20960,151,141,10,10
20961,113,102,11,11
20962,138,130,8,8
20963,70,79,-9,9
20964,106,109,-3,3
20965,95,102,-7,7
20966,121,123,-2,2
20967,66,64,2,2
20968,98,94,4,4
20969,70,70,0,0
20970,142,135,7,7
20971,139,142,-3,3
20972,62,65,-3,3
20973,138,146,-8,8
20974,70,69,1,1
20975,138,112,26,26
20976,105,99,6,6
20977,61,61,0,0
20978,113,119,-6,6
20979,173,151,22,22
20980,94,92,2,2
20981,90,83,7,7
20982,112,108,4,4
20983,43,50,-7,7
20984,140,144,-4,4
20985,197,202,-5,5
20986,116,106,10,10
20987,229,207,22,22
20988,119,114,5,5
20989,80,67,13,13
20990,115,116,-1,1
20991,61,66,-5,5
20992,41,51,-10,10
20993,101,94,7,7
20994,185,186,-1,1
20995,46,55,-9,9
20996,221,206,15,15
20997,113,107,6,6
20998,60,63,-3,3
20999,116,96,20,20
21000,125,122,3,3
21001,99,99,0,0
21002,97,115,-18,18
21003,171,156,15,15
21004,79,83,-4,4
21005,73,72,1,1
21006,80,88,-8,8
21007,148,134,14,14
21008,111,126,-15,15
21009,110,114,-4,4
21010,84,93,-9,9
21011,60,67,-7,7
21012,94,89,5,5
21013,57,61,-4,4
21014,118,116,2,2
21015,115,115,0,0
21016,118,128,-10,10
21017,133,123,10,10
21018,67,69,-2,2
21019,148,144,4,4
21020,34,83,-49,49
21021,59,60,-1,1
21022,71,71,0,0
21023,59,54,5,5
21024,58,71,-13,13
21025,61,54,7,7
21026,105,100,5,5
21027,144,138,6,6
21028,135,129,6,6
21029,120,116,4,4
21030,180,175,5,5
21031,177,153,24,24
21032,115,130,-15,15
21033,138,130,8,8
21034,113,98,15,15
21035,97,95,2,2
21036,88,79,9,9
21037,108,120,-12,12
21038,106,103,3,3
21039,81,78,3,3
21040,105,103,2,2
21041,30,50,-20,20
21042,97,100,-3,3
21043,39,52,-13,13
21044,57,62,-5,5
21045,92,111,-19,19
21046,85,79,6,6
21047,94,87,7,7
21048,165,149,16,16
21049,119,121,-2,2
21050,120,113,7,7
21051,139,129,10,10
21052,42,50,-8,8
21053,78,78,0,0
21054,78,82,-4,4
21055,73,66,7,7
21056,84,87,-3,3
21057,159,148,11,11
21058,84,86,-2,2
21059,133,129,4,4
21060,87,92,-5,5
21061,147,135,12,12
21062,83,80,3,3
21063,51,73,-22,22
21064,107,104,3,3
21065,62,61,1,1
21066,94,87,7,7
21067,62,61,1,1
21068,79,79,0,0
21069,177,151,26,26
21070,104,84,20,20
21071,85,94,-9,9
21072,100,98,2,2
21073,69,66,3,3
21074,119,124,-5,5
21075,90,76,14,14
21076,82,75,7,7
21077,54,52,2,2
21078,115,98,17,17
21079,74,66,8,8
21080,113,110,3,3
21081,56,56,0,0
21082,68,76,-8,8
21083,195,182,13,13
21084,150,133,17,17
21085,62,69,-7,7
21086,71,70,1,1
21087,81,79,2,2
21088,131,129,2,2
21089,90,81,9,9
21090,86,94,-8,8
21091,168,176,-8,8
21092,101,97,4,4
21093,109,107,2,2
21094,71,111,-40,40
21095,67,67,0,0
21096,115,107,8,8
21097,95,102,-7,7
21098,84,79,5,5
21099,74,86,-12,12
21100,69,69,0,0
21101,63,70,-7,7
21102,127,119,8,8
21103,82,88,-6,6
21104,78,79,-1,1
21105,78,81,-3,3
21106,147,144,3,3
21107,96,93,3,3
21108,72,86,-14,14
21109,65,62,3,3
21110,107,107,0,0
21111,119,110,9,9
21112,101,94,7,7
21113,162,148,14,14
21114,119,115,4,4
21115,93,95,-2,2
21116,102,103,-1,1
21117,145,138,7,7
21118,94,92,2,2
21119,83,85,-2,2
21120,166,153,13,13
21121,63,65,-2,2
21122,90,87,3,3
21123,53,56,-3,3
21124,103,108,-5,5
21125,117,110,7,7
21126,99,100,-1,1
21127,44,53,-9,9
21128,149,141,8,8
21129,104,99,5,5
21130,225,219,6,6
21131,101,99,2,2
21132,101,96,5,5
21133,76,67,9,9
21134,80,76,4,4
21135,70,63,7,7
21136,130,104,26,26
21137,148,137,11,11
21138,70,82,-12,12
21139,137,146,-9,9
21140,59,56,3,3
21141,71,77,-6,6
21142,134,130,4,4
21143,116,105,11,11
21144,104,102,2,2
21145,63,70,-7,7
21146,61,60,1,1
21147,89,110,-21,21
21148,61,59,2,2
21149,97,98,-1,1
21150,102,100,2,2
21151,63,64,-1,1
21152,165,159,6,6
21153,88,98,-10,10
21154,112,99,13,13
21155,90,88,2,2
21156,179,171,8,8
21157,89,96,-7,7
21158,19,50,-31,31
21159,123,118,5,5
21160,111,134,-23,23
21161,89,86,3,3
21162,86,97,-11,11
21163,92,94,-2,2
21164,93,89,4,4
21165,91,90,1,1
21166,70,69,1,1
21167,105,103,2,2
21168,85,83,2,2
21169,78,72,6,6
21170,112,111,1,1
21171,96,98,-2,2
21172,54,58,-4,4
21173,121,109,12,12
21174,131,129,2,2
21175,66,68,-2,2
21176,61,67,-6,6
21177,80,77,3,3
21178,89,84,5,5
21179,74,65,9,9
21180,65,78,-13,13
21181,101,105,-4,4
21182,97,90,7,7
21183,108,110,-2,2
21184,96,102,-6,6
21185,132,128,4,4
21186,62,59,3,3
21187,82,75,7,7
21188,154,137,17,17
21189,82,80,2,2
21190,50,54,-4,4
21191,68,63,5,5
21192,124,127,-3,3
21193,74,67,7,7
21194,149,150,-1,1
21195,59,63,-4,4
21196,56,55,1,1
21197,58,58,0,0
21198,151,157,-6,6
21199,113,106,7,7
21200,74,99,-25,25
21201,71,65,6,6
21202,86,82,4,4
21203,65,62,3,3
21204,69,75,-6,6
21205,161,153,8,8
21206,89,90,-1,1
21207,36,51,-15,15
21208,55,53,2,2
21209,97,95,2,2
21210,89,79,10,10
21211,64,62,2,2
21212,98,102,-4,4
21213,89,85,4,4
21214,44,50,-6,6
21215,162,155,7,7
21216,126,134,-8,8
21217,82,85,-3,3
21218,77,86,-9,9
21219,81,86,-5,5
21220,137,134,3,3
21221,69,67,2,2
21222,86,86,0,0
21223,67,68,-1,1
21224,101,100,1,1
21225,74,79,-5,5
21226,71,72,-1,1
21227,66,65,1,1
21228,104,108,-4,4
21229,111,130,-19,19
21230,86,90,-4,4
21231,96,97,-1,1
21232,79,74,5,5
21233,183,189,-6,6
21234,89,87,2,2
21235,133,123,10,10
21236,80,79,1,1
21237,72,70,2,2
21238,109,99,10,10
21239,107,102,5,5
21240,84,77,7,7
21241,67,60,7,7
21242,102,99,3,3
21243,66,185,-119,119
21244,132,137,-5,5
21245,103,104,-1,1
21246,91,91,0,0
21247,111,113,-2,2
21248,110,105,5,5
21249,156,158,-2,2
21250,44,50,-6,6
21251,48,54,-6,6
21252,79,88,-9,9
21253,58,54,4,4
21254,134,122,12,12
21255,105,105,0,0
21256,79,75,4,4
21257,124,161,-37,37
21258,109,96,13,13
21259,79,73,6,6
21260,66,71,-5,5
21261,93,89,4,4
21262,93,94,-1,1
21263,85,98,-13,13
21264,92,88,4,4
21265,103,105,-2,2
21266,104,100,4,4
21267,108,107,1,1
21268,82,77,5,5
21269,92,99,-7,7
21270,41,50,-9,9
21271,47,54,-7,7
21272,79,81,-2,2
21273,101,111,-10,10
21274,66,70,-4,4
21275,83,82,1,1
21276,89,72,17,17
21277,55,58,-3,3
21278,137,133,4,4
21279,92,86,6,6
21280,131,130,1,1
21281,99,95,4,4
21282,100,106,-6,6
21283,82,76,6,6
21284,57,60,-3,3
21285,74,73,1,1
21286,79,80,-1,1
21287,83,83,0,0
21288,118,112,6,6
21289,133,156,-23,23
21290,129,126,3,3
21291,70,89,-19,19
21292,145,137,8,8
21293,149,116,33,33
21294,113,118,-5,5
21295,56,62,-6,6
21296,44,50,-6,6
21297,89,100,-11,11
21298,90,93,-3,3
21299,74,66,8,8
21300,117,105,12,12
21301,65,58,7,7
21302,48,55,-7,7
21303,92,89,3,3
21304,72,73,-1,1
21305,83,74,9,9
21306,63,65,-2,2
21307,135,116,19,19
21308,147,150,-3,3
21309,142,148,-6,6
21310,122,110,12,12
21311,77,74,3,3
21312,106,102,4,4
21313,65,71,-6,6
21314,70,66,4,4
21315,124,113,11,11
21316,100,99,1,1
21317,56,57,-1,1
21318,72,63,9,9
21319,83,79,4,4
21320,66,61,5,5
21321,45,52,-7,7
21322,162,161,1,1
21323,85,87,-2,2
21324,115,114,1,1
21325,122,119,3,3
21326,72,69,3,3
21327,68,68,0,0
21328,65,66,-1,1
21329,84,80,4,4
21330,161,142,19,19
21331,149,141,8,8
21332,109,105,4,4
21333,57,62,-5,5
21334,85,81,4,4
21335,100,94,6,6
21336,171,138,33,33
21337,73,79,-6,6
21338,78,80,-2,2
21339,67,78,-11,11
21340,122,131,-9,9
21341,84,74,10,10
21342,171,154,17,17
21343,87,85,2,2
21344,140,124,16,16
21345,86,96,-10,10
21346,85,92,-7,7
21347,50,51,-1,1
21348,78,79,-1,1
21349,67,60,7,7
21350,81,77,4,4
21351,75,79,-4,4
21352,91,92,-1,1
21353,119,117,2,2
21354,138,138,0,0
21355,58,58,0,0
21356,137,128,9,9
21357,88,96,-8,8
21358,122,116,6,6
21359,106,97,9,9
21360,101,107,-6,6
21361,88,91,-3,3
21362,83,72,11,11
21363,80,79,1,1
21364,111,113,-2,2
21365,183,175,8,8
21366,73,70,3,3
21367,97,91,6,6
21368,55,58,-3,3
21369,116,125,-9,9
21370,78,79,-1,1
21371,99,100,-1,1
21372,141,131,10,10
21373,56,59,-3,3
21374,65,64,1,1
21375,72,70,2,2
21376,99,72,27,27
21377,96,87,9,9
21378,69,74,-5,5
21379,94,105,-11,11
21380,98,88,10,10
21381,55,60,-5,5
21382,107,107,0,0
21383,68,66,2,2
21384,84,89,-5,5
21385,65,65,0,0
21386,177,155,22,22
21387,62,59,3,3
21388,182,162,20,20
21389,72,53,19,19
21390,151,145,6,6
21391,80,73,7,7
21392,122,125,-3,3
21393,136,121,15,15
21394,141,135,6,6
21395,88,83,5,5
21396,88,79,9,9
21397,127,124,3,3
21398,92,97,-5,5
21399,74,68,6,6
21400,111,109,2,2
21401,204,200,4,4
21402,111,103,8,8
21403,59,54,5,5
21404,129,112,17,17
21405,107,103,4,4
21406,104,97,7,7
21407,76,77,-1,1
21408,113,116,-3,3
21409,110,109,1,1
21410,69,62,7,7
21411,67,69,-2,2
21412,85,81,4,4
21413,94,93,1,1
21414,93,88,5,5
21415,90,90,0,0
21416,61,53,8,8
21417,56,52,4,4
21418,114,105,9,9
21419,71,62,9,9
21420,86,88,-2,2
21421,114,118,-4,4
21422,50,53,-3,3
21423,155,152,3,3
21424,108,119,-11,11
21425,104,86,18,18
21426,89,86,3,3
21427,75,71,4,4
21428,149,147,2,2
21429,94,87,7,7
21430,63,76,-13,13
21431,127,136,-9,9
21432,103,105,-2,2
21433,90,82,8,8
21434,64,70,-6,6
21435,144,134,10,10
21436,119,108,11,11
21437,45,56,-11,11
21438,78,77,1,1
21439,45,56,-11,11
21440,113,114,-1,1
21441,89,94,-5,5
21442,122,122,0,0
21443,93,91,2,2
21444,54,57,-3,3
21445,89,80,9,9
21446,85,82,3,3
21447,101,98,3,3
21448,132,144,-12,12
21449,47,50,-3,3
21450,83,79,4,4
21451,89,81,8,8
21452,77,72,5,5
21453,150,133,17,17
21454,130,114,16,16
21455,85,86,-1,1
21456,114,110,4,4
21457,155,150,5,5
21458,63,59,4,4
21459,94,94,0,0
21460,42,50,-8,8
21461,138,138,0,0
21462,78,82,-4,4
21463,79,80,-1,1
21464,95,94,1,1
21465,80,70,10,10
21466,80,93,-13,13
21467,39,54,-15,15
21468,143,134,9,9
21469,88,84,4,4
21470,47,53,-6,6
21471,70,71,-1,1
21472,174,160,14,14
21473,148,144,4,4
21474,185,167,18,18
21475,122,128,-6,6
21476,138,136,2,2
21477,99,95,4,4
21478,50,53,-3,3
21479,104,92,12,12
21480,69,67,2,2
21481,127,118,9,9
21482,59,67,-8,8
21483,89,88,1,1
21484,81,82,-1,1
21485,64,71,-7,7
21486,124,124,0,0
21487,75,82,-7,7
21488,102,97,5,5
21489,156,145,11,11
21490,81,81,0,0
21491,90,85,5,5
21492,58,75,-17,17
21493,153,136,17,17
21494,100,97,3,3
21495,133,121,12,12
21496,133,124,9,9
21497,68,72,-4,4
21498,104,102,2,2
21499,74,70,4,4
21500,138,127,11,11
21501,83,86,-3,3
21502,125,136,-11,11
21503,98,98,0,0
21504,92,86,6,6
21505,39,50,-11,11
21506,93,94,-1,1
21507,47,57,-10,10
21508,72,72,0,0
21509,138,130,8,8
21510,81,84,-3,3
21511,102,103,-1,1
21512,146,137,9,9
21513,80,73,7,7
21514,76,71,5,5
21515,130,140,-10,10
21516,138,128,10,10
21517,69,78,-9,9
21518,134,123,11,11
21519,73,75,-2,2
21520,55,60,-5,5
21521,68,71,-3,3
21522,78,90,-12,12
21523,85,83,2,2
21524,118,114,4,4
21525,80,78,2,2
21526,153,158,-5,5
21527,81,70,11,11
21528,85,87,-2,2
21529,117,116,1,1
21530,126,127,-1,1
21531,34,50,-16,16
21532,72,65,7,7
21533,138,130,8,8
21534,82,88,-6,6
21535,113,114,-1,1
21536,63,67,-4,4
21537,80,68,12,12
21538,67,65,2,2
21539,117,133,-16,16
21540,120,112,8,8
21541,75,71,4,4
21542,117,110,7,7
21543,103,107,-4,4
21544,149,158,-9,9
21545,169,166,3,3
21546,85,98,-13,13
21547,91,84,7,7
21548,121,122,-1,1
21549,95,113,-18,18
21550,123,127,-4,4
21551,36,50,-14,14
21552,71,73,-2,2
21553,106,104,2,2
21554,101,92,9,9
21555,60,74,-14,14
21556,68,63,5,5
21557,76,72,4,4
21558,91,85,6,6
21559,84,80,4,4
21560,97,103,-6,6
21561,75,82,-7,7
21562,44,50,-6,6
21563,78,65,13,13
21564,55,54,1,1
21565,106,116,-10,10
21566,125,119,6,6
21567,185,163,22,22
21568,148,169,-21,21
21569,156,145,11,11
21570,128,123,5,5
21571,96,92,4,4
21572,99,90,9,9
21573,63,68,-5,5
21574,78,86,-8,8
21575,162,133,29,29
21576,75,74,1,1
21577,103,102,1,1
21578,110,102,8,8
21579,116,113,3,3
21580,51,55,-4,4
21581,126,123,3,3
21582,37,55,-18,18
21583,109,107,2,2
21584,115,118,-3,3
21585,70,67,3,3
21586,94,95,-1,1
21587,113,113,0,0
21588,91,91,0,0
21589,71,71,0,0
21590,55,60,-5,5
21591,63,70,-7,7
21592,59,60,-1,1
21593,81,81,0,0
21594,135,136,-1,1
21595,95,87,8,8
21596,67,75,-8,8
21597,80,80,0,0
21598,73,85,-12,12
21599,98,93,5,5
21600,104,96,8,8
21601,63,60,3,3
21602,60,55,5,5
21603,117,114,3,3
21604,60,59,1,1
21605,127,126,1,1
21606,121,102,19,19
21607,118,116,2,2
21608,80,78,2,2
21609,77,79,-2,2
21610,104,96,8,8
21611,182,204,-22,22
21612,90,95,-5,5
21613,49,51,-2,2
21614,86,85,1,1
21615,88,88,0,0
21616,114,102,12,12
21617,56,56,0,0
21618,66,60,6,6
21619,68,75,-7,7
21620,88,87,1,1
21621,45,69,-24,24
21622,231,219,12,12
21623,136,125,11,11
21624,69,66,3,3
21625,123,130,-7,7
21626,60,57,3,3
21627,72,69,3,3
21628,84,87,-3,3
21629,123,123,0,0
21630,58,68,-10,10
21631,58,58,0,0
21632,71,70,1,1
21633,97,90,7,7
21634,61,61,0,0
21635,57,63,-6,6
21636,172,167,5,5
21637,62,67,-5,5
21638,112,106,6,6
21639,126,126,0,0
21640,85,82,3,3
21641,105,113,-8,8
21642,100,100,0,0
21643,117,133,-16,16
21644,76,88,-12,12
21645,85,82,3,3
21646,187,165,22,22
21647,145,138,7,7
21648,64,75,-11,11
21649,107,101,6,6
21650,140,137,3,3
21651,46,54,-8,8
21652,63,59,4,4
21653,93,91,2,2
21654,111,111,0,0
21655,60,58,2,2
21656,120,115,5,5
21657,67,71,-4,4
21658,157,150,7,7
21659,133,133,0,0
21660,112,120,-8,8
21661,119,132,-13,13
21662,86,85,1,1
21663,128,128,0,0
21664,109,102,7,7
21665,133,127,6,6
21666,62,58,4,4
21667,167,155,12,12
21668,122,114,8,8
21669,42,50,-8,8
21670,66,64,2,2
21671,110,107,3,3
21672,84,95,-11,11
21673,115,110,5,5
21674,174,165,9,9
21675,85,86,-1,1
21676,100,96,4,4
21677,56,63,-7,7
21678,72,67,5,5
21679,87,89,-2,2
21680,70,83,-13,13
21681,76,73,3,3
21682,89,87,2,2
21683,69,66,3,3
21684,175,160,15,15
21685,191,173,18,18
21686,66,61,5,5
21687,145,139,6,6
21688,127,113,14,14
21689,54,51,3,3
21690,70,64,6,6
21691,67,61,6,6
21692,77,74,3,3
21693,119,127,-8,8
21694,38,51,-13,13
21695,77,78,-1,1
21696,49,52,-3,3
21697,63,75,-12,12
21698,40,50,-10,10
21699,69,79,-10,10
21700,35,50,-15,15
21701,93,88,5,5
21702,61,75,-14,14
21703,50,52,-2,2
21704,113,115,-2,2
21705,123,112,11,11
21706,75,74,1,1
21707,94,89,5,5
21708,71,77,-6,6
21709,114,120,-6,6
21710,68,65,3,3
21711,129,141,-12,12
21712,61,61,0,0
21713,92,87,5,5
21714,76,65,11,11
21715,106,95,11,11
21716,123,116,7,7
21717,89,91,-2,2
21718,88,94,-6,6
21719,48,56,-8,8
21720,87,90,-3,3
21721,53,61,-8,8
21722,120,113,7,7
21723,105,110,-5,5
21724,117,111,6,6
21725,128,118,10,10
21726,173,157,16,16
21727,85,84,1,1
21728,97,88,9,9
21729,101,96,5,5
21730,67,69,-2,2
21731,71,72,-1,1
21732,89,81,8,8
21733,85,96,-11,11
21734,83,81,2,2
21735,78,73,5,5
21736,76,74,2,2
21737,115,111,4,4
21738,68,63,5,5
21739,75,73,2,2
21740,106,93,13,13
21741,76,72,4,4
21742,123,111,12,12
21743,82,81,1,1
21744,82,87,-5,5
21745,162,157,5,5
21746,64,68,-4,4
21747,66,54,12,12
21748,48,50,-2,2
21749,86,89,-3,3
21750,59,65,-6,6
21751,118,118,0,0
21752,75,74,1,1
21753,138,125,13,13
21754,50,51,-1,1
21755,96,84,12,12
21756,68,70,-2,2
21757,83,84,-1,1
21758,93,110,-17,17
21759,78,84,-6,6
21760,45,50,-5,5
21761,85,85,0,0
21762,123,113,10,10
21763,42,51,-9,9
21764,84,83,1,1
21765,123,120,3,3
21766,45,55,-10,10
21767,88,89,-1,1
21768,85,82,3,3
21769,79,66,13,13
21770,75,72,3,3
21771,125,125,0,0
21772,33,62,-29,29
21773,84,89,-5,5
21774,117,123,-6,6
21775,79,79,0,0
21776,190,183,7,7
21777,112,113,-1,1
21778,86,88,-2,2
21779,115,110,5,5
21780,74,69,5,5
21781,85,86,-1,1
21782,28,50,-22,22
21783,45,51,-6,6
21784,115,112,3,3
21785,92,87,5,5
21786,78,74,4,4
21787,129,128,1,1
21788,119,103,16,16
21789,78,76,2,2
21790,78,63,15,15
21791,211,188,23,23
21792,95,104,-9,9
21793,101,100,1,1
21794,163,150,13,13
21795,168,159,9,9
21796,109,106,3,3
21797,98,103,-5,5
21798,61,60,1,1
21799,131,131,0,0
21800,74,75,-1,1
21801,66,76,-10,10
21802,130,122,8,8
21803,71,67,4,4
21804,135,138,-3,3
21805,88,82,6,6
21806,150,167,-17,17
21807,152,129,23,23
21808,117,96,21,21
21809,133,133,0,0
21810,77,78,-1,1
21811,75,71,4,4
21812,63,63,0,0
21813,73,68,5,5
21814,72,72,0,0
21815,62,76,-14,14
21816,98,103,-5,5
21817,103,98,5,5
21818,167,179,-12,12
21819,73,77,-4,4
21820,68,62,6,6
21821,104,103,1,1
21822,96,98,-2,2
21823,165,162,3,3
21824,128,125,3,3
21825,147,141,6,6
21826,139,135,4,4
21827,156,140,16,16
21828,86,89,-3,3
21829,78,78,0,0
21830,78,71,7,7
21831,89,84,5,5
21832,115,105,10,10
21833,122,117,5,5
21834,47,59,-12,12
21835,60,73,-13,13
21836,87,99,-12,12
21837,77,80,-3,3
21838,115,102,13,13
21839,105,89,16,16
21840,120,116,4,4
21841,95,88,7,7
21842,103,97,6,6
21843,57,56,1,1
21844,132,121,11,11
21845,118,107,11,11
21846,134,117,17,17
21847,85,94,-9,9
21848,130,136,-6,6
21849,107,115,-8,8
21850,112,103,9,9
21851,63,62,1,1
21852,176,166,10,10
21853,83,79,4,4
21854,88,98,-10,10
21855,141,121,20,20
21856,121,114,7,7
21857,119,108,11,11
21858,51,57,-6,6
21859,60,63,-3,3
21860,103,87,16,16
21861,122,116,6,6
21862,79,76,3,3
21863,103,95,8,8
21864,86,75,11,11
21865,58,62,-4,4
21866,103,103,0,0
21867,89,84,5,5
21868,94,87,7,7
21869,115,117,-2,2
21870,151,164,-13,13
21871,97,94,3,3
21872,88,83,5,5
21873,78,79,-1,1
21874,79,77,2,2
21875,51,63,-12,12
21876,77,84,-7,7
21877,98,89,9,9
21878,160,135,25,25
21879,114,114,0,0
21880,95,99,-4,4
21881,77,80,-3,3
21882,75,77,-2,2
21883,142,131,11,11
21884,72,73,-1,1
21885,150,136,14,14
21886,67,72,-5,5
21887,104,104,0,0
21888,95,99,-4,4
21889,116,110,6,6
21890,43,74,-31,31
21891,98,101,-3,3
21892,85,76,9,9
21893,93,91,2,2
21894,106,102,4,4
21895,99,98,1,1
21896,179,169,10,10
21897,61,79,-18,18
21898,77,79,-2,2
21899,64,63,1,1
21900,90,90,0,0
21901,106,114,-8,8
21902,67,65,2,2
21903,102,100,2,2
21904,94,100,-6,6
21905,92,89,3,3
21906,81,84,-3,3
21907,84,79,5,5
21908,131,134,-3,3
21909,96,96,0,0
21910,89,86,3,3
21911,107,102,5,5
21912,73,79,-6,6
21913,81,75,6,6
21914,69,76,-7,7
21915,73,75,-2,2
21916,150,147,3,3
21917,115,103,12,12
21918,90,86,4,4
21919,63,72,-9,9
21920,138,126,12,12
21921,125,124,1,1
21922,111,108,3,3
21923,124,107,17,17
21924,37,50,-13,13
21925,114,114,0,0
21926,67,66,1,1
21927,116,121,-5,5
21928,134,142,-8,8
21929,58,61,-3,3
21930,75,70,5,5
21931,119,114,5,5
21932,94,87,7,7
21933,72,68,4,4
21934,144,143,1,1
21935,86,84,2,2
21936,112,111,1,1
21937,57,56,1,1
21938,121,130,-9,9
21939,118,113,5,5
21940,79,78,1,1
21941,53,52,1,1
21942,61,56,5,5
21943,90,95,-5,5
21944,114,115,-1,1
21945,101,104,-3,3
21946,180,178,2,2
21947,136,154,-18,18
21948,100,101,-1,1
21949,107,108,-1,1
21950,95,98,-3,3
21951,75,77,-2,2
21952,86,89,-3,3
21953,71,80,-9,9
21954,126,128,-2,2
21955,125,123,2,2
21956,162,153,9,9
21957,71,74,-3,3
21958,60,56,4,4
21959,118,124,-6,6
21960,104,78,26,26
21961,117,114,3,3
21962,144,136,8,8
21963,78,78,0,0
21964,95,95,0,0
21965,157,152,5,5
21966,70,67,3,3
21967,68,68,0,0
21968,125,119,6,6
21969,111,95,16,16
21970,112,106,6,6
21971,118,108,10,10
21972,71,64,7,7
21973,126,111,15,15
21974,96,92,4,4
21975,59,64,-5,5
21976,82,93,-11,11
21977,101,106,-5,5
21978,80,84,-4,4
21979,61,59,2,2
21980,89,94,-5,5
21981,107,90,17,17
21982,55,59,-4,4
21983,99,94,5,5
21984,131,136,-5,5
21985,80,74,6,6
21986,110,94,16,16
21987,94,94,0,0
21988,32,50,-18,18
21989,105,102,3,3
21990,103,108,-5,5
21991,152,156,-4,4
21992,136,119,17,17
21993,78,72,6,6
21994,68,64,4,4
21995,68,81,-13,13
21996,36,50,-14,14
21997,111,113,-2,2
21998,64,57,7,7
21999,70,70,0,0
22000,89,86,3,3
22001,103,100,3,3
22002,79,75,4,4
22003,175,171,4,4
22004,103,104,-1,1
22005,84,80,4,4
22006,79,74,5,5
22007,93,99,-6,6
22008,124,119,5,5
22009,106,102,4,4
22010,144,130,14,14
22011,100,96,4,4
22012,70,69,1,1
22013,122,129,-7,7
22014,101,100,1,1
22015,125,120,5,5
22016,94,90,4,4
22017,134,146,-12,12
22018,69,72,-3,3
22019,119,109,10,10
22020,106,102,4,4
22021,122,122,0,0
22022,54,56,-2,2
22023,89,89,0,0
22024,76,92,-16,16
22025,86,86,0,0
22026,144,128,16,16
22027,93,82,11,11
22028,105,110,-5,5
22029,101,102,-1,1
22030,81,93,-12,12
22031,85,82,3,3
22032,157,136,21,21
22033,112,117,-5,5
22034,76,78,-2,2
22035,85,95,-10,10
22036,141,119,22,22
22037,87,93,-6,6
22038,71,81,-10,10
22039,104,110,-6,6
22040,73,78,-5,5
22041,143,131,12,12
22042,92,100,-8,8
22043,80,84,-4,4
22044,98,101,-3,3
22045,80,72,8,8
22046,54,57,-3,3
22047,134,138,-4,4
22048,70,66,4,4
22049,114,113,1,1
22050,80,68,12,12
22051,90,83,7,7
22052,82,90,-8,8
22053,103,96,7,7
22054,82,82,0,0
22055,92,88,4,4
22056,82,81,1,1
22057,66,68,-2,2
22058,124,161,-37,37
22059,61,67,-6,6
22060,63,70,-7,7
22061,91,96,-5,5
22062,72,68,4,4
22063,54,65,-11,11
22064,87,83,4,4
22065,104,114,-10,10
22066,61,62,-1,1
22067,125,109,16,16
22068,129,131,-2,2
22069,33,50,-17,17
22070,97,99,-2,2
22071,73,88,-15,15
22072,154,140,14,14
22073,74,71,3,3
22074,125,126,-1,1
22075,54,57,-3,3
22076,68,75,-7,7
22077,91,86,5,5
22078,68,66,2,2
22079,92,107,-15,15
22080,117,102,15,15
22081,98,110,-12,12
22082,124,113,11,11
22083,71,77,-6,6
22084,66,62,4,4
22085,37,50,-13,13
22086,108,102,6,6
22087,59,57,2,2
22088,84,79,5,5
22089,162,151,11,11
22090,108,110,-2,2
22091,120,109,11,11
22092,102,110,-8,8
22093,68,84,-16,16
22094,146,127,19,19
22095,116,118,-2,2
22096,66,67,-1,1
22097,67,69,-2,2
22098,46,56,-10,10
22099,92,84,8,8
22100,150,136,14,14
22101,58,53,5,5
22102,103,106,-3,3
22103,112,100,12,12
22104,90,101,-11,11
22105,98,98,0,0
22106,54,59,-5,5
22107,76,79,-3,3
22108,77,84,-7,7
22109,111,103,8,8
22110,118,122,-4,4
22111,125,122,3,3
22112,94,97,-3,3
22113,73,73,0,0
22114,173,171,2,2
22115,155,151,4,4
22116,120,130,-10,10
22117,86,79,7,7
22118,115,110,5,5
22119,149,137,12,12
22120,68,89,-21,21
22121,130,111,19,19
22122,65,67,-2,2
22123,63,60,3,3
22124,39,50,-11,11
22125,82,77,5,5
22126,74,63,11,11
22127,57,68,-11,11
22128,105,109,-4,4
22129,106,107,-1,1
22130,126,144,-18,18
22131,113,110,3,3
22132,109,111,-2,2
22133,95,98,-3,3
22134,86,74,12,12
22135,99,97,2,2
22136,65,97,-32,32
22137,70,70,0,0
22138,66,61,5,5
22139,45,50,-5,5
22140,77,75,2,2
22141,50,56,-6,6
22142,105,105,0,0
22143,101,108,-7,7
22144,62,68,-6,6
22145,82,92,-10,10
22146,69,60,9,9
22147,122,138,-16,16
22148,147,143,4,4
22149,220,217,3,3
22150,69,67,2,2
22151,93,90,3,3
22152,111,110,1,1
22153,152,152,0,0
22154,124,126,-2,2
22155,43,50,-7,7
22156,112,99,13,13
22157,83,81,2,2
22158,140,137,3,3
22159,110,111,-1,1
22160,71,78,-7,7
22161,96,111,-15,15
22162,148,147,1,1
22163,53,59,-6,6
22164,120,112,8,8
22165,188,184,4,4
22166,29,50,-21,21
22167,117,112,5,5
22168,104,102,2,2
22169,81,81,0,0
22170,124,126,-2,2
22171,103,113,-10,10
22172,139,136,3,3
22173,79,64,15,15
22174,133,131,2,2
22175,112,116,-4,4
22176,99,105,-6,6
22177,101,95,6,6
22178,75,68,7,7
22179,110,107,3,3
22180,121,118,3,3
22181,110,112,-2,2
22182,68,84,-16,16
22183,99,94,5,5
22184,67,72,-5,5
22185,72,79,-7,7
22186,151,131,20,20
22187,87,93,-6,6
22188,83,83,0,0
22189,58,66,-8,8
22190,56,56,0,0
22191,72,70,2,2
22192,91,85,6,6
22193,61,56,5,5
22194,95,79,16,16
22195,101,92,9,9
22196,98,93,5,5
22197,128,132,-4,4
22198,183,170,13,13
22199,68,70,-2,2
22200,97,93,4,4
22201,74,74,0,0
22202,127,128,-1,1
22203,91,88,3,3
22204,95,94,1,1
22205,83,81,2,2
22206,130,129,1,1
22207,143,95,48,48
22208,68,73,-5,5
22209,72,68,4,4
22210,81,79,2,2
22211,63,66,-3,3
22212,92,86,6,6
22213,70,81,-11,11
22214,114,120,-6,6
22215,119,107,12,12
22216,130,128,2,2
22217,94,97,-3,3
22218,104,107,-3,3
22219,99,105,-6,6
22220,55,67,-12,12
22221,111,114,-3,3
22222,101,90,11,11
22223,86,85,1,1
22224,89,89,0,0
22225,91,108,-17,17
22226,140,142,-2,2
22227,74,75,-1,1
22228,82,85,-3,3
22229,103,84,19,19
22230,104,91,13,13
22231,75,84,-9,9
22232,92,99,-7,7
22233,53,56,-3,3
22234,74,80,-6,6
22235,38,50,-12,12
22236,141,135,6,6
22237,91,92,-1,1
22238,97,92,5,5
22239,115,110,5,5
22240,141,141,0,0
22241,72,80,-8,8
22242,87,89,-2,2
22243,114,114,0,0
22244,96,89,7,7
22245,68,78,-10,10
22246,123,130,-7,7
22247,91,88,3,3
22248,91,85,6,6
22249,116,122,-6,6
22250,49,71,-22,22
22251,57,56,1,1
22252,124,123,1,1
22253,88,100,-12,12
22254,129,124,5,5
22255,55,56,-1,1
22256,188,169,19,19
22257,64,70,-6,6
22258,71,70,1,1
22259,45,59,-14,14
22260,93,104,-11,11
22261,68,66,2,2
22262,161,171,-10,10
22263,69,77,-8,8
22264,113,117,-4,4
22265,74,87,-13,13
22266,58,63,-5,5
22267,149,152,-3,3
22268,49,54,-5,5
22269,96,94,2,2
22270,122,117,5,5
22271,92,81,11,11
22272,124,125,-1,1
22273,93,94,-1,1
22274,149,155,-6,6
22275,179,171,8,8
22276,147,148,-1,1
22277,121,120,1,1
22278,62,61,1,1
22279,50,52,-2,2
22280,54,56,-2,2
22281,104,94,10,10
22282,73,71,2,2
22283,101,98,3,3
22284,71,78,-7,7
22285,90,85,5,5
22286,71,68,3,3
22287,72,74,-2,2
22288,61,83,-22,22
22289,65,60,5,5
22290,81,79,2,2
22291,37,52,-15,15
22292,65,69,-4,4
22293,128,124,4,4
22294,55,81,-26,26
22295,55,65,-10,10
22296,131,112,19,19
22297,67,59,8,8
22298,138,134,4,4
22299,66,63,3,3
22300,62,61,1,1
22301,187,181,6,6
22302,127,117,10,10
22303,105,110,-5,5
22304,78,77,1,1
22305,94,92,2,2
22306,94,90,4,4
22307,108,107,1,1
22308,135,130,5,5
22309,78,75,3,3
22310,87,93,-6,6
22311,59,58,1,1
22312,134,147,-13,13
22313,89,84,5,5
22314,79,80,-1,1
22315,27,50,-23,23
22316,74,67,7,7
22317,56,62,-6,6
22318,121,126,-5,5
22319,88,91,-3,3
22320,145,148,-3,3
22321,99,100,-1,1
22322,127,114,13,13
22323,85,85,0,0
22324,91,77,14,14
22325,184,187,-3,3
22326,76,72,4,4
22327,86,87,-1,1
22328,88,79,9,9
22329,156,152,4,4
22330,106,106,0,0
22331,102,92,10,10
22332,106,101,5,5
22333,87,84,3,3
22334,60,67,-7,7
22335,82,81,1,1
22336,112,103,9,9
22337,118,121,-3,3
22338,75,64,11,11
22339,94,96,-2,2
22340,57,60,-3,3
22341,96,94,2,2
22342,67,63,4,4
22343,78,89,-11,11
22344,114,104,10,10
22345,70,67,3,3
22346,60,64,-4,4
22347,91,88,3,3
22348,86,79,7,7
22349,84,86,-2,2
22350,75,72,3,3
22351,133,138,-5,5
22352,193,176,17,17
22353,68,69,-1,1
22354,139,134,5,5
22355,57,72,-15,15
22356,110,114,-4,4
22357,83,92,-9,9
22358,159,132,27,27
22359,110,108,2,2
22360,150,132,18,18
22361,95,103,-8,8
22362,139,126,13,13
22363,72,68,4,4
22364,147,132,15,15
22365,89,83,6,6
22366,136,131,5,5
22367,47,50,-3,3
22368,158,158,0,0
22369,111,117,-6,6
22370,99,90,9,9
22371,112,110,2,2
22372,82,90,-8,8
22373,38,50,-12,12
22374,82,79,3,3
22375,80,80,0,0
22376,119,109,10,10
22377,68,71,-3,3
22378,117,114,3,3
22379,76,73,3,3
22380,94,95,-1,1
22381,68,68,0,0
22382,49,55,-6,6
22383,59,59,0,0
22384,135,141,-6,6
22385,111,112,-1,1
22386,102,93,9,9
22387,118,119,-1,1
22388,90,87,3,3
22389,62,67,-5,5
22390,104,102,2,2
22391,120,110,10,10
22392,105,107,-2,2
22393,131,125,6,6
22394,103,109,-6,6
22395,117,114,3,3
22396,92,94,-2,2
22397,70,71,-1,1
22398,108,110,-2,2
22399,71,70,1,1
22400,58,64,-6,6
22401,91,73,18,18
22402,98,89,9,9
22403,40,55,-15,15
22404,92,81,11,11
22405,100,107,-7,7
22406,138,142,-4,4
22407,132,120,12,12
22408,101,105,-4,4
22409,71,78,-7,7
22410,86,81,5,5
22411,107,105,2,2
22412,85,83,2,2
22413,68,71,-3,3
22414,80,78,2,2
22415,125,119,6,6
22416,99,91,8,8
22417,122,114,8,8
22418,190,172,18,18
22419,109,91,18,18
22420,83,75,8,8
22421,121,140,-19,19
22422,79,94,-15,15
22423,142,152,-10,10
22424,63,63,0,0
22425,66,64,2,2
22426,114,99,15,15
22427,80,75,5,5
22428,72,71,1,1
22429,190,183,7,7
22430,91,89,2,2
22431,152,139,13,13
22432,74,61,13,13
22433,88,91,-3,3
22434,181,182,-1,1
22435,118,117,1,1
22436,131,125,6,6
22437,64,107,-43,43
22438,86,86,0,0
22439,74,83,-9,9
22440,79,77,2,2
22441,99,100,-1,1
22442,169,165,4,4
22443,68,59,9,9
22444,79,72,7,7
22445,181,159,22,22
22446,119,108,11,11
22447,120,110,10,10
22448,67,73,-6,6
22449,67,76,-9,9
22450,76,71,5,5
22451,87,82,5,5
22452,91,99,-8,8
22453,161,149,12,12
22454,58,58,0,0
22455,57,61,-4,4
22456,95,90,5,5
22457,63,66,-3,3
22458,64,64,0,0
22459,55,57,-2,2
22460,136,144,-8,8
22461,107,104,3,3
22462,83,91,-8,8
22463,52,61,-9,9
22464,127,139,-12,12
22465,90,94,-4,4
22466,141,135,6,6
22467,87,93,-6,6
22468,99,98,1,1
22469,67,67,0,0
22470,79,78,1,1
22471,102,102,0,0
22472,168,167,1,1
22473,154,152,2,2
22474,118,115,3,3
22475,68,82,-14,14
22476,109,105,4,4
22477,41,50,-9,9
22478,65,67,-2,2
22479,108,100,8,8
22480,26,50,-24,24
22481,99,109,-10,10
22482,137,134,3,3
22483,180,175,5,5
22484,223,187,36,36
22485,103,102,1,1
22486,91,93,-2,2
22487,120,113,7,7
22488,73,67,6,6
22489,69,75,-6,6
22490,76,79,-3,3
22491,73,58,15,15
22492,41,50,-9,9
22493,143,146,-3,3
22494,121,135,-14,14
22495,97,105,-8,8
22496,86,93,-7,7
22497,80,85,-5,5
22498,105,115,-10,10
22499,111,96,15,15
22500,133,142,-9,9
22501,120,119,1,1
22502,156,169,-13,13
22503,100,101,-1,1
22504,41,51,-10,10
22505,94,101,-7,7
22506,59,55,4,4
22507,71,68,3,3
22508,68,68,0,0
22509,102,93,9,9
22510,134,129,5,5
22511,60,53,7,7
22512,169,142,27,27
22513,80,79,1,1
22514,126,146,-20,20
22515,146,133,13,13
22516,128,134,-6,6
22517,67,64,3,3
22518,92,99,-7,7
22519,72,73,-1,1
22520,79,78,1,1
22521,102,96,6,6
22522,62,66,-4,4
22523,59,60,-1,1
22524,116,106,10,10
22525,96,93,3,3
22526,86,85,1,1
22527,68,79,-11,11
22528,90,93,-3,3
22529,90,80,10,10
22530,141,131,10,10
22531,109,107,2,2
22532,51,67,-16,16
22533,107,103,4,4
22534,130,126,4,4
22535,103,104,-1,1
22536,49,58,-9,9
22537,106,96,10,10
22538,87,86,1,1
22539,68,68,0,0
22540,88,90,-2,2
22541,79,88,-9,9
22542,104,92,12,12
22543,94,93,1,1
22544,123,111,12,12
22545,98,89,9,9
22546,123,117,6,6
22547,104,105,-1,1
22548,60,66,-6,6
22549,70,80,-10,10
22550,89,85,4,4
22551,122,113,9,9
22552,55,54,1,1
22553,141,135,6,6
22554,80,81,-1,1
22555,97,101,-4,4
22556,126,113,13,13
22557,73,76,-3,3
22558,63,80,-17,17
22559,151,136,15,15
22560,109,103,6,6
22561,161,160,1,1
22562,80,80,0,0
22563,126,111,15,15
22564,89,83,6,6
22565,95,90,5,5
22566,163,149,14,14
22567,121,111,10,10
22568,80,81,-1,1
22569,79,65,14,14
22570,94,88,6,6
22571,143,132,11,11
22572,95,92,3,3
22573,108,106,2,2
22574,94,97,-3,3
22575,102,94,8,8
22576,84,90,-6,6
22577,80,78,2,2
22578,135,126,9,9
22579,98,83,15,15
22580,113,115,-2,2
22581,85,107,-22,22
22582,97,92,5,5
22583,67,68,-1,1
22584,135,129,6,6
22585,31,50,-19,19
22586,154,154,0,0
22587,136,137,-1,1
22588,35,52,-17,17
22589,145,138,7,7
22590,76,72,4,4
22591,89,97,-8,8
22592,84,94,-10,10
22593,82,99,-17,17
22594,76,72,4,4
22595,88,94,-6,6
22596,85,76,9,9
22597,109,118,-9,9
22598,165,153,12,12
22599,88,95,-7,7
22600,54,56,-2,2
22601,93,84,9,9
22602,66,68,-2,2
22603,75,77,-2,2
22604,55,56,-1,1
22605,72,74,-2,2
22606,113,111,2,2
22607,127,124,3,3
22608,53,54,-1,1
22609,94,96,-2,2
22610,90,92,-2,2
22611,65,75,-10,10
22612,60,67,-7,7
22613,59,51,8,8
22614,107,104,3,3
22615,93,105,-12,12
22616,128,116,12,12
22617,55,59,-4,4
22618,93,93,0,0
22619,79,75,4,4
22620,148,135,13,13
22621,129,126,3,3
22622,51,61,-10,10
22623,92,93,-1,1
22624,93,107,-14,14
22625,114,117,-3,3
22626,72,73,-1,1
22627,92,97,-5,5
22628,81,78,3,3
22629,69,79,-10,10
22630,93,88,5,5
22631,189,182,7,7
22632,71,71,0,0
22633,87,84,3,3
22634,48,106,-58,58
22635,94,91,3,3
22636,116,129,-13,13
22637,62,70,-8,8
22638,240,217,23,23
22639,104,101,3,3
22640,80,86,-6,6
22641,66,59,7,7
22642,100,97,3,3
22643,133,129,4,4
22644,103,97,6,6
22645,137,144,-7,7
22646,165,152,13,13
22647,125,118,7,7
22648,86,77,9,9
22649,95,89,6,6
22650,103,117,-14,14
22651,140,123,17,17
22652,95,99,-4,4
22653,68,71,-3,3
22654,52,53,-1,1
22655,77,73,4,4
22656,121,115,6,6
22657,107,109,-2,2
22658,98,95,3,3
22659,100,94,6,6
22660,81,80,1,1
22661,46,50,-4,4
22662,162,157,5,5
22663,136,131,5,5
22664,85,91,-6,6
22665,83,74,9,9
22666,135,123,12,12
22667,39,50,-11,11
22668,61,64,-3,3
22669,73,60,13,13
22670,87,75,12,12
22671,76,78,-2,2
22672,84,103,-19,19
22673,94,83,11,11
22674,163,169,-6,6
22675,80,84,-4,4
22676,86,106,-20,20
22677,152,137,15,15
22678,100,110,-10,10
22679,75,71,4,4
22680,92,88,4,4
22681,84,82,2,2
22682,144,141,3,3
22683,69,68,1,1
22684,109,111,-2,2
22685,109,96,13,13
22686,88,71,17,17
22687,67,68,-1,1
22688,115,109,6,6
22689,125,131,-6,6
22690,95,100,-5,5
22691,87,82,5,5
22692,98,99,-1,1
22693,83,96,-13,13
22694,101,96,5,5
22695,51,51,0,0
22696,108,105,3,3
22697,136,138,-2,2
22698,208,215,-7,7
22699,121,118,3,3
22700,84,78,6,6
22701,86,80,6,6
22702,148,152,-4,4
22703,110,118,-8,8
22704,117,112,5,5
22705,96,100,-4,4
22706,69,69,0,0
22707,137,133,4,4
22708,66,60,6,6
22709,89,75,14,14
22710,44,54,-10,10
22711,136,128,8,8
22712,128,116,12,12
22713,73,73,0,0
22714,155,156,-1,1
22715,89,72,17,17
22716,87,75,12,12
22717,147,138,9,9
22718,64,59,5,5
22719,37,50,-13,13
22720,122,114,8,8
22721,44,52,-8,8
22722,126,124,2,2
22723,60,68,-8,8
22724,148,145,3,3
22725,134,131,3,3
22726,87,79,8,8
22727,135,140,-5,5
22728,90,87,3,3
22729,60,57,3,3
22730,86,73,13,13
22731,150,150,0,0
22732,59,71,-12,12
22733,111,99,12,12
22734,54,59,-5,5
22735,158,141,17,17
22736,135,119,16,16
22737,32,50,-18,18
22738,63,63,0,0
22739,117,103,14,14
22740,83,88,-5,5
22741,54,56,-2,2
22742,151,145,6,6
22743,64,67,-3,3
22744,44,51,-7,7
22745,138,134,4,4
22746,48,59,-11,11
22747,123,110,13,13
22748,97,98,-1,1
22749,59,60,-1,1
22750,96,98,-2,2
22751,19,50,-31,31
22752,112,110,2,2
22753,131,146,-15,15
22754,153,151,2,2
22755,100,101,-1,1
22756,183,178,5,5
22757,121,114,7,7
22758,129,123,6,6
22759,93,104,-11,11
22760,89,93,-4,4
22761,92,90,2,2
22762,81,97,-16,16
22763,133,124,9,9
22764,77,82,-5,5
22765,63,63,0,0
22766,66,60,6,6
22767,74,79,-5,5
22768,150,156,-6,6
22769,76,85,-9,9
22770,68,65,3,3
22771,73,68,5,5
22772,93,91,2,2
22773,90,74,16,16
22774,81,95,-14,14
22775,59,55,4,4
22776,160,141,19,19
22777,47,51,-4,4
22778,109,133,-24,24
22779,133,127,6,6
22780,114,118,-4,4
22781,89,80,9,9
22782,86,81,5,5
22783,95,83,12,12
22784,149,155,-6,6
22785,86,82,4,4
22786,112,112,0,0
22787,61,107,-46,46
22788,32,50,-18,18
22789,141,137,4,4
22790,106,99,7,7
22791,62,67,-5,5
22792,98,98,0,0
22793,169,138,31,31
22794,75,92,-17,17
22795,113,108,5,5
22796,69,69,0,0
22797,54,59,-5,5
22798,72,79,-7,7
22799,140,145,-5,5
22800,86,93,-7,7
22801,106,101,5,5
22802,81,80,1,1
22803,109,98,11,11
22804,120,106,14,14
22805,103,94,9,9
22806,201,176,25,25
22807,115,130,-15,15
22808,94,78,16,16
22809,110,124,-14,14
22810,90,91,-1,1
22811,117,111,6,6
22812,80,78,2,2
22813,136,131,5,5
22814,95,98,-3,3
22815,121,105,16,16
22816,38,50,-12,12
22817,100,90,10,10
22818,83,87,-4,4
22819,102,101,1,1
22820,100,98,2,2
22821,67,68,-1,1
22822,88,123,-35,35
22823,68,64,4,4
22824,145,139,6,6
22825,86,84,2,2
22826,107,100,7,7
22827,85,98,-13,13
22828,102,108,-6,6
22829,132,132,0,0
22830,61,62,-1,1
22831,70,64,6,6
22832,91,91,0,0
22833,139,138,1,1
22834,51,54,-3,3
22835,39,50,-11,11
22836,100,89,11,11
22837,93,92,1,1
22838,89,95,-6,6
22839,92,99,-7,7
22840,35,50,-15,15
22841,93,84,9,9
22842,64,69,-5,5
22843,62,55,7,7
22844,102,85,17,17
22845,101,98,3,3
22846,93,92,1,1
22847,63,60,3,3
22848,88,84,4,4
22849,80,85,-5,5
22850,134,93,41,41
22851,77,76,1,1
22852,73,73,0,0
22853,57,60,-3,3
22854,118,85,33,33
22855,134,134,0,0
22856,127,124,3,3
22857,88,88,0,0
22858,91,87,4,4
22859,110,109,1,1
22860,46,51,-5,5
22861,105,102,3,3
22862,103,106,-3,3
22863,108,101,7,7
22864,93,101,-8,8
22865,75,81,-6,6
22866,131,128,3,3
22867,130,129,1,1
22868,89,87,2,2
22869,49,104,-55,55
22870,120,123,-3,3
22871,151,161,-10,10
22872,92,89,3,3
22873,77,81,-4,4
22874,126,131,-5,5
22875,100,102,-2,2
22876,54,56,-2,2
22877,110,102,8,8
22878,133,130,3,3
22879,119,123,-4,4
22880,126,117,9,9
22881,42,50,-8,8
22882,63,67,-4,4
22883,170,172,-2,2
22884,68,80,-12,12
22885,114,110,4,4
22886,115,103,12,12
22887,64,70,-6,6
22888,90,91,-1,1
22889,126,108,18,18
22890,72,85,-13,13
22891,116,138,-22,22
22892,151,158,-7,7
22893,98,81,17,17
22894,135,127,8,8
22895,132,121,11,11
22896,166,151,15,15
22897,109,104,5,5
22898,73,67,6,6
22899,43,50,-7,7
22900,60,59,1,1
22901,95,99,-4,4
22902,185,172,13,13
22903,116,114,2,2
22904,120,117,3,3
22905,117,110,7,7
22906,80,84,-4,4
22907,54,56,-2,2
22908,94,95,-1,1
22909,104,109,-5,5
22910,167,173,-6,6
22911,183,179,4,4
22912,125,132,-7,7
22913,67,63,4,4
22914,127,114,13,13
22915,108,108,0,0
22916,110,107,3,3
22917,72,70,2,2
22918,76,77,-1,1
22919,60,61,-1,1
22920,127,110,17,17
22921,60,59,1,1
22922,117,112,5,5
22923,62,62,0,0
22924,98,89,9,9
22925,64,64,0,0
22926,90,87,3,3
22927,155,152,3,3
22928,69,65,4,4
22929,91,84,7,7
22930,91,84,7,7
22931,97,88,9,9
22932,116,106,10,10
22933,100,101,-1,1
22934,81,79,2,2
22935,77,71,6,6
22936,46,50,-4,4
22937,86,97,-11,11
22938,98,91,7,7
22939,128,100,28,28
22940,53,56,-3,3
22941,86,87,-1,1
22942,106,107,-1,1
22943,118,115,3,3
22944,132,136,-4,4
22945,179,180,-1,1
22946,72,66,6,6
22947,57,56,1,1
22948,159,149,10,10
22949,56,61,-5,5
22950,90,100,-10,10
22951,84,84,0,0
22952,120,123,-3,3
22953,99,88,11,11
22954,121,110,11,11
22955,96,97,-1,1
22956,46,60,-14,14
22957,84,91,-7,7
22958,79,80,-1,1
22959,165,157,8,8
22960,72,76,-4,4
22961,75,76,-1,1
22962,116,114,2,2
22963,117,115,2,2
22964,95,88,7,7
22965,138,139,-1,1
22966,64,64,0,0
22967,70,73,-3,3
22968,51,55,-4,4
22969,74,80,-6,6
22970,105,106,-1,1
22971,137,133,4,4
22972,93,91,2,2
22973,72,79,-7,7
22974,83,77,6,6
22975,113,108,5,5
22976,97,94,3,3
22977,76,77,-1,1
22978,65,63,2,2
22979,159,152,7,7
22980,72,71,1,1
22981,127,117,10,10
22982,94,89,5,5
22983,83,80,3,3
22984,84,87,-3,3
22985,60,60,0,0
22986,100,103,-3,3
22987,108,110,-2,2
22988,118,114,4,4
22989,76,75,1,1
22990,87,80,7,7
22991,50,54,-4,4
22992,38,50,-12,12
22993,146,127,19,19
22994,114,112,2,2
22995,52,55,-3,3
22996,84,88,-4,4
22997,122,125,-3,3
22998,102,95,7,7
22999,181,171,10,10
23000,98,94,4,4
23001,39,50,-11,11
23002,84,66,18,18
23003,145,115,30,30
23004,124,128,-4,4
23005,110,120,-10,10
23006,57,61,-4,4
23007,88,79,9,9
23008,64,66,-2,2
23009,195,187,8,8
23010,131,137,-6,6
23011,124,120,4,4
23012,79,100,-21,21
23013,66,65,1,1
23014,100,108,-8,8
23015,82,76,6,6
23016,81,85,-4,4
23017,85,80,5,5
23018,192,192,0,0
23019,112,111,1,1
23020,166,154,12,12
23021,101,100,1,1
23022,82,70,12,12
23023,89,77,12,12
23024,94,87,7,7
23025,79,89,-10,10
23026,108,114,-6,6
23027,117,110,7,7
23028,123,115,8,8
23029,81,78,3,3
23030,87,78,9,9
23031,66,65,1,1
23032,35,50,-15,15
23033,102,92,10,10
23034,145,132,13,13
23035,62,62,0,0
23036,121,114,7,7
23037,69,66,3,3
23038,142,133,9,9
23039,74,64,10,10
23040,92,86,6,6
23041,63,58,5,5
23042,71,73,-2,2
23043,148,132,16,16
23044,72,82,-10,10
23045,75,71,4,4
23046,118,118,0,0
23047,103,108,-5,5
23048,136,118,18,18
23049,126,133,-7,7
23050,93,99,-6,6
23051,101,105,-4,4
23052,133,123,10,10
23053,83,87,-4,4
23054,91,94,-3,3
23055,52,51,1,1
23056,100,101,-1,1
23057,88,87,1,1
23058,80,87,-7,7
23059,83,93,-10,10
23060,90,87,3,3
23061,69,94,-25,25
23062,85,77,8,8
23063,107,97,10,10
23064,103,94,9,9
23065,60,59,1,1
23066,152,155,-3,3
23067,40,50,-10,10
23068,87,82,5,5
23069,78,70,8,8
23070,145,145,0,0
23071,47,55,-8,8
23072,139,127,12,12
23073,94,89,5,5
23074,138,157,-19,19
23075,115,97,18,18
23076,94,93,1,1
23077,106,102,4,4
23078,85,79,6,6
23079,82,80,2,2
23080,61,59,2,2
23081,160,152,8,8
23082,157,159,-2,2
23083,87,91,-4,4
23084,135,124,11,11
23085,120,116,4,4
23086,104,100,4,4
23087,165,143,22,22
23088,88,86,2,2
23089,67,72,-5,5
23090,87,81,6,6
23091,66,68,-2,2
23092,74,71,3,3
23093,76,77,-1,1
23094,62,63,-1,1
23095,79,80,-1,1
23096,91,92,-1,1
23097,70,63,7,7
23098,148,137,11,11
23099,135,124,11,11
23100,74,79,-5,5
23101,78,76,2,2
23102,93,92,1,1
23103,124,119,5,5
23104,129,132,-3,3
23105,98,90,8,8
23106,72,66,6,6
23107,53,59,-6,6
23108,138,133,5,5
23109,184,155,29,29
23110,85,86,-1,1
23111,82,80,2,2
23112,105,114,-9,9
23113,99,96,3,3
23114,65,65,0,0
23115,73,66,7,7
23116,66,60,6,6
23117,102,105,-3,3
23118,85,75,10,10
23119,188,192,-4,4
23120,81,205,-124,124
23121,124,120,4,4
23122,59,61,-2,2
23123,108,107,1,1
23124,92,93,-1,1
23125,100,99,1,1
23126,105,105,0,0
23127,93,94,-1,1
23128,155,149,6,6
23129,71,67,4,4
23130,65,56,9,9
23131,94,89,5,5
23132,122,129,-7,7
23133,70,70,0,0
23134,65,65,0,0
23135,160,156,4,4
23136,115,113,2,2
23137,134,131,3,3
23138,101,105,-4,4
23139,105,103,2,2
23140,93,94,-1,1
23141,94,86,8,8
23142,82,75,7,7
23143,90,89,1,1
23144,78,67,11,11
23145,145,140,5,5
23146,120,119,1,1
23147,94,92,2,2
23148,95,85,10,10
23149,115,128,-13,13
23150,49,50,-1,1
23151,134,135,-1,1
23152,88,84,4,4
23153,82,85,-3,3
23154,67,65,2,2
23155,71,62,9,9
23156,56,65,-9,9
23157,88,83,5,5
23158,34,50,-16,16
23159,62,76,-14,14
23160,82,82,0,0
23161,111,117,-6,6
23162,48,51,-3,3
23163,102,106,-4,4
23164,143,131,12,12
23165,47,52,-5,5
23166,76,74,2,2
23167,119,117,2,2
23168,64,63,1,1
23169,72,66,6,6
23170,141,137,4,4
23171,64,56,8,8
23172,127,114,13,13
23173,72,74,-2,2
23174,111,108,3,3
23175,104,86,18,18
23176,77,83,-6,6
23177,133,137,-4,4
23178,113,111,2,2
23179,110,107,3,3
23180,89,85,4,4
23181,125,123,2,2
23182,127,110,17,17
23183,68,62,6,6
23184,99,109,-10,10
23185,86,90,-4,4
23186,111,111,0,0
23187,118,106,12,12
23188,74,76,-2,2
23189,132,119,13,13
23190,99,94,5,5
23191,139,141,-2,2
23192,107,107,0,0
23193,70,75,-5,5
23194,77,68,9,9
23195,101,104,-3,3
23196,103,102,1,1
23197,86,88,-2,2
23198,104,91,13,13
23199,100,104,-4,4
23200,150,136,14,14
23201,69,67,2,2
23202,129,124,5,5
23203,162,160,2,2
23204,111,118,-7,7
23205,133,127,6,6
23206,87,84,3,3
23207,74,83,-9,9
23208,95,103,-8,8
23209,110,119,-9,9
23210,124,124,0,0
23211,155,145,10,10
23212,74,61,13,13
23213,80,72,8,8
23214,90,83,7,7
23215,100,98,2,2
23216,112,97,15,15
23217,81,65,16,16
23218,73,81,-8,8
23219,122,117,5,5
23220,130,124,6,6
23221,129,124,5,5
23222,123,117,6,6
23223,84,86,-2,2
23224,63,64,-1,1
23225,144,132,12,12
23226,91,160,-69,69
23227,66,71,-5,5
23228,95,94,1,1
23229,129,124,5,5
23230,75,72,3,3
23231,152,188,-36,36
23232,119,97,22,22
23233,107,108,-1,1
23234,184,170,14,14
23235,84,87,-3,3
23236,123,116,7,7
23237,167,147,20,20
23238,59,54,5,5
23239,68,71,-3,3
23240,119,100,19,19
23241,77,72,5,5
23242,70,77,-7,7
23243,79,71,8,8
23244,114,114,0,0
23245,75,70,5,5
23246,64,56,8,8
23247,127,113,14,14
23248,52,58,-6,6
23249,67,60,7,7
23250,73,77,-4,4
23251,85,75,10,10
23252,63,64,-1,1
23253,88,79,9,9
23254,89,103,-14,14
23255,133,114,19,19
23256,82,84,-2,2
23257,115,104,11,11
23258,97,102,-5,5
23259,81,92,-11,11
23260,102,95,7,7
23261,68,60,8,8
23262,64,61,3,3
23263,70,69,1,1
23264,73,75,-2,2
23265,59,66,-7,7
23266,136,131,5,5
23267,103,109,-6,6
23268,137,121,16,16
23269,73,73,0,0
23270,83,84,-1,1
23271,95,87,8,8
23272,138,126,12,12
23273,86,79,7,7
23274,66,84,-18,18
23275,134,156,-22,22
23276,116,112,4,4
23277,70,70,0,0
23278,118,111,7,7
23279,131,123,8,8
23280,40,63,-23,23
23281,82,81,1,1
23282,78,75,3,3
23283,97,89,8,8
23284,89,96,-7,7
23285,133,126,7,7
23286,76,70,6,6
23287,152,136,16,16
23288,92,90,2,2
23289,62,61,1,1
23290,179,156,23,23
23291,127,115,12,12
23292,115,111,4,4
23293,54,64,-10,10
23294,136,117,19,19
23295,76,81,-5,5
23296,62,68,-6,6
23297,78,78,0,0
23298,182,161,21,21
23299,67,64,3,3
23300,110,99,11,11
23301,92,84,8,8
23302,150,136,14,14
23303,122,126,-4,4
23304,62,68,-6,6
23305,109,102,7,7
23306,123,115,8,8
23307,107,108,-1,1
23308,50,57,-7,7
23309,62,63,-1,1
23310,115,113,2,2
23311,41,51,-10,10
23312,106,104,2,2
23313,58,59,-1,1
23314,67,63,4,4
23315,64,59,5,5
23316,71,91,-20,20
23317,83,90,-7,7
23318,157,175,-18,18
23319,90,91,-1,1
23320,100,108,-8,8
23321,92,94,-2,2
23322,87,104,-17,17
23323,76,89,-13,13
23324,101,107,-6,6
23325,56,52,4,4
23326,65,67,-2,2
23327,70,68,2,2
23328,57,59,-2,2
23329,112,142,-30,30
23330,50,69,-19,19
23331,47,58,-11,11
23332,140,151,-11,11
23333,51,53,-2,2
23334,61,69,-8,8
23335,78,76,2,2
23336,70,66,4,4
23337,98,91,7,7
23338,152,140,12,12
23339,99,103,-4,4
23340,93,98,-5,5
23341,90,88,2,2
23342,51,56,-5,5
23343,94,87,7,7
23344,82,88,-6,6
23345,137,137,0,0
23346,85,92,-7,7
23347,131,137,-6,6
23348,110,101,9,9
23349,70,66,4,4
23350,99,106,-7,7
23351,146,135,11,11
23352,37,50,-13,13
23353,94,85,9,9
23354,124,119,5,5
23355,91,106,-15,15
23356,85,87,-2,2
23357,58,63,-5,5
23358,78,82,-4,4
23359,62,66,-4,4
23360,51,56,-5,5
23361,85,91,-6,6
23362,64,66,-2,2
23363,108,117,-9,9
23364,89,94,-5,5
23365,120,117,3,3
23366,131,119,12,12
23367,50,53,-3,3
23368,109,106,3,3
23369,82,78,4,4
23370,115,109,6,6
23371,121,114,7,7
23372,193,182,11,11
23373,66,64,2,2
23374,125,116,9,9
23375,64,66,-2,2
23376,105,96,9,9
23377,47,55,-8,8
23378,57,68,-11,11
23379,105,97,8,8
23380,124,122,2,2
23381,90,97,-7,7
23382,126,115,11,11
23383,89,96,-7,7
23384,122,115,7,7
23385,116,113,3,3
23386,80,68,12,12
23387,92,89,3,3
23388,62,84,-22,22
23389,144,148,-4,4
23390,45,56,-11,11
23391,139,139,0,0
23392,117,109,8,8
23393,99,101,-2,2
23394,98,96,2,2
23395,87,88,-1,1
23396,171,146,25,25
23397,127,108,19,19
23398,114,109,5,5
23399,100,106,-6,6
23400,71,80,-9,9
23401,143,125,18,18
23402,84,81,3,3
23403,89,82,7,7
23404,85,88,-3,3
23405,69,67,2,2
23406,145,156,-11,11
23407,115,118,-3,3
23408,116,115,1,1
23409,114,112,2,2
23410,58,53,5,5
23411,79,75,4,4
23412,73,75,-2,2
23413,114,119,-5,5
23414,140,143,-3,3
23415,92,99,-7,7
23416,111,110,1,1
23417,131,136,-5,5
23418,76,79,-3,3
23419,94,96,-2,2
23420,91,98,-7,7
23421,76,74,2,2
23422,115,107,8,8
23423,65,61,4,4
23424,113,115,-2,2
23425,85,91,-6,6
23426,214,231,-17,17
23427,211,197,14,14
23428,41,50,-9,9
23429,78,75,3,3
23430,161,154,7,7
23431,79,72,7,7
23432,51,56,-5,5
23433,103,108,-5,5
23434,73,75,-2,2
23435,55,59,-4,4
23436,136,115,21,21
23437,131,133,-2,2
23438,77,78,-1,1
23439,80,77,3,3
23440,110,108,2,2
23441,54,57,-3,3
23442,111,117,-6,6
23443,84,87,-3,3
23444,70,63,7,7
23445,70,65,5,5
23446,106,99,7,7
23447,97,97,0,0
23448,100,95,5,5
23449,135,130,5,5
23450,86,86,0,0
23451,42,50,-8,8
23452,132,136,-4,4
23453,73,74,-1,1
23454,125,123,2,2
23455,83,86,-3,3
23456,125,124,1,1
23457,120,116,4,4
23458,110,109,1,1
23459,197,181,16,16
23460,111,106,5,5
23461,86,94,-8,8
23462,76,68,8,8
23463,150,137,13,13
23464,115,113,2,2
23465,89,95,-6,6
23466,176,166,10,10
23467,64,69,-5,5
23468,120,114,6,6
23469,121,117,4,4
23470,64,74,-10,10
23471,49,64,-15,15
23472,70,64,6,6
23473,112,108,4,4
23474,89,94,-5,5
23475,107,104,3,3
23476,155,154,1,1
23477,73,77,-4,4
23478,129,134,-5,5
23479,161,151,10,10
23480,89,88,1,1
23481,113,112,1,1
23482,99,92,7,7
23483,127,128,-1,1
23484,115,114,1,1
23485,78,77,1,1
23486,155,163,-8,8
23487,54,52,2,2
23488,89,89,0,0
23489,115,109,6,6
23490,82,83,-1,1
23491,165,160,5,5
23492,90,86,4,4
23493,87,88,-1,1
23494,115,106,9,9
23495,70,66,4,4
23496,85,76,9,9
23497,101,99,2,2
23498,118,130,-12,12
23499,135,117,18,18
23500,74,74,0,0
23501,108,119,-11,11
23502,134,130,4,4
23503,109,104,5,5
23504,77,76,1,1
23505,71,64,7,7
23506,78,71,7,7
23507,125,110,15,15
23508,90,88,2,2
23509,47,50,-3,3
23510,89,81,8,8
23511,102,96,6,6
23512,94,94,0,0
23513,137,136,1,1
23514,110,100,10,10
23515,100,98,2,2
23516,125,114,11,11
23517,57,89,-32,32
23518,120,118,2,2
23519,149,139,10,10
23520,69,73,-4,4
23521,91,97,-6,6
23522,69,69,0,0
23523,143,133,10,10
23524,112,105,7,7
23525,108,97,11,11
23526,83,91,-8,8
23527,102,104,-2,2
23528,55,57,-2,2
23529,101,96,5,5
23530,39,50,-11,11
23531,173,176,-3,3
23532,98,94,4,4
23533,136,128,8,8
23534,62,61,1,1
23535,188,158,30,30
23536,98,96,2,2
23537,132,122,10,10
23538,89,102,-13,13
23539,106,109,-3,3
23540,101,111,-10,10
23541,150,138,12,12
23542,194,173,21,21
23543,108,113,-5,5
23544,78,90,-12,12
23545,70,70,0,0
23546,93,100,-7,7
23547,65,70,-5,5
23548,113,102,11,11
23549,129,122,7,7
23550,94,94,0,0
23551,108,103,5,5
23552,90,93,-3,3
23553,68,71,-3,3
23554,98,100,-2,2
23555,96,112,-16,16
23556,85,98,-13,13
23557,137,141,-4,4
23558,112,110,2,2
23559,168,155,13,13
23560,87,95,-8,8
23561,134,123,11,11
23562,75,78,-3,3
23563,135,127,8,8
23564,81,78,3,3
23565,96,104,-8,8
23566,91,97,-6,6
23567,104,89,15,15
23568,105,98,7,7
23569,56,55,1,1
23570,111,105,6,6
23571,56,64,-8,8
23572,62,60,2,2
23573,103,100,3,3
23574,144,146,-2,2
23575,101,100,1,1
23576,79,73,6,6
23577,102,94,8,8
23578,121,119,2,2
23579,140,136,4,4
23580,135,131,4,4
23581,80,76,4,4
23582,51,60,-9,9
23583,152,132,20,20
23584,94,94,0,0
23585,52,51,1,1
23586,78,80,-2,2
23587,82,86,-4,4
23588,75,70,5,5
23589,117,115,2,2
23590,136,132,4,4
23591,92,92,0,0
23592,55,51,4,4
23593,126,115,11,11
23594,55,56,-1,1
23595,43,50,-7,7
23596,83,88,-5,5
23597,116,125,-9,9
23598,113,112,1,1
23599,60,61,-1,1
23600,100,102,-2,2
23601,100,108,-8,8
23602,113,110,3,3
23603,123,138,-15,15
23604,69,71,-2,2
23605,113,130,-17,17
23606,71,75,-4,4
23607,132,122,10,10
23608,151,146,5,5
23609,57,58,-1,1
23610,105,105,0,0
23611,188,171,17,17
23612,79,74,5,5
23613,151,150,1,1
23614,137,141,-4,4
23615,42,58,-16,16
23616,144,139,5,5
23617,41,51,-10,10
23618,82,82,0,0
23619,91,85,6,6
23620,65,68,-3,3
23621,65,65,0,0
23622,103,106,-3,3
23623,116,114,2,2
23624,149,146,3,3
23625,202,185,17,17
23626,61,60,1,1
23627,78,78,0,0
23628,154,137,17,17
23629,87,91,-4,4
23630,93,86,7,7
23631,134,140,-6,6
23632,116,119,-3,3
23633,124,128,-4,4
23634,148,146,2,2
23635,140,141,-1,1
23636,69,61,8,8
23637,107,105,2,2
23638,99,95,4,4
23639,137,125,12,12
23640,165,140,25,25
23641,102,94,8,8
23642,116,109,7,7
23643,95,78,17,17
23644,86,106,-20,20
23645,88,98,-10,10
23646,108,106,2,2
23647,153,153,0,0
23648,69,65,4,4
23649,76,72,4,4
23650,103,103,0,0
23651,79,92,-13,13
23652,129,113,16,16
23653,87,88,-1,1
23654,67,69,-2,2
23655,81,81,0,0
23656,118,113,5,5
23657,69,64,5,5
23658,63,69,-6,6
23659,77,78,-1,1
23660,113,111,2,2
23661,143,137,6,6
23662,57,60,-3,3
23663,86,84,2,2
23664,36,71,-35,35
23665,128,105,23,23
23666,111,106,5,5
23667,68,73,-5,5
23668,60,68,-8,8
23669,90,90,0,0
23670,99,96,3,3
23671,80,77,3,3
23672,79,88,-9,9
23673,84,86,-2,2
23674,77,64,13,13
23675,132,128,4,4
23676,94,68,26,26
23677,95,96,-1,1
23678,67,67,0,0
23679,134,123,11,11
23680,148,147,1,1
23681,92,86,6,6
23682,85,75,10,10
23683,69,77,-8,8
23684,107,117,-10,10
23685,113,129,-16,16
23686,49,52,-3,3
23687,31,50,-19,19
23688,72,80,-8,8
23689,135,136,-1,1
23690,126,117,9,9
23691,67,69,-2,2
23692,70,76,-6,6
23693,64,66,-2,2
23694,70,97,-27,27
23695,88,80,8,8
23696,66,73,-7,7
23697,80,90,-10,10
23698,82,96,-14,14
23699,85,87,-2,2
23700,128,126,2,2
23701,116,114,2,2
23702,74,64,10,10
23703,107,105,2,2
23704,74,72,2,2
23705,133,117,16,16
23706,91,88,3,3
23707,100,102,-2,2
23708,90,78,12,12
23709,41,50,-9,9
23710,117,113,4,4
23711,91,96,-5,5
23712,108,122,-14,14
23713,61,65,-4,4
23714,201,186,15,15
23715,112,108,4,4
23716,62,58,4,4
23717,70,67,3,3
23718,79,76,3,3
23719,85,77,8,8
23720,138,128,10,10
23721,132,129,3,3
23722,46,54,-8,8
23723,172,169,3,3
23724,120,109,11,11
23725,120,114,6,6
23726,96,101,-5,5
23727,108,102,6,6
23728,125,132,-7,7
23729,72,82,-10,10
23730,110,99,11,11
23731,51,61,-10,10
23732,127,124,3,3
23733,109,115,-6,6
23734,70,66,4,4
23735,91,87,4,4
23736,53,62,-9,9
23737,195,189,6,6
23738,63,69,-6,6
23739,97,101,-4,4
23740,109,103,6,6
23741,116,114,2,2
23742,52,60,-8,8
23743,66,75,-9,9
23744,70,65,5,5
23745,143,144,-1,1
23746,61,126,-65,65
23747,105,95,10,10
23748,58,54,4,4
23749,141,140,1,1
23750,64,59,5,5
23751,126,122,4,4
23752,154,149,5,5
23753,103,96,7,7
23754,54,56,-2,2
23755,100,101,-1,1
23756,99,101,-2,2
23757,84,90,-6,6
23758,67,70,-3,3
23759,51,61,-10,10
23760,118,117,1,1
23761,139,125,14,14
23762,83,80,3,3
23763,127,127,0,0
23764,98,95,3,3
23765,86,81,5,5
23766,53,55,-2,2
23767,111,116,-5,5
23768,82,84,-2,2
23769,101,93,8,8
23770,79,81,-2,2
23771,82,93,-11,11
23772,101,90,11,11
23773,172,157,15,15
23774,49,61,-12,12
23775,144,135,9,9
23776,79,79,0,0
23777,71,76,-5,5
23778,109,110,-1,1
23779,97,93,4,4
23780,134,128,6,6
23781,139,157,-18,18
23782,103,100,3,3
23783,104,99,5,5
23784,45,55,-10,10
23785,124,133,-9,9
23786,77,83,-6,6
23787,92,94,-2,2
23788,54,55,-1,1
23789,96,95,1,1
23790,77,69,8,8
23791,99,93,6,6
23792,46,50,-4,4
23793,128,129,-1,1
23794,114,125,-11,11
23795,183,169,14,14
23796,74,77,-3,3
23797,152,137,15,15
23798,95,82,13,13
23799,84,69,15,15
23800,103,101,2,2
23801,118,112,6,6
23802,82,100,-18,18
23803,161,168,-7,7
23804,93,83,10,10
23805,91,83,8,8
23806,106,101,5,5
23807,91,84,7,7
23808,52,57,-5,5
23809,89,88,1,1
23810,80,82,-2,2
23811,112,120,-8,8
23812,69,63,6,6
23813,68,65,3,3
23814,219,209,10,10
23815,89,92,-3,3
23816,127,122,5,5
23817,84,92,-8,8
23818,85,80,5,5
23819,28,83,-55,55
23820,141,128,13,13
23821,92,95,-3,3
23822,130,121,9,9
23823,59,62,-3,3
23824,143,130,13,13
23825,145,132,13,13
23826,73,72,1,1
23827,177,176,1,1
23828,169,154,15,15
23829,54,53,1,1
23830,128,116,12,12
23831,52,58,-6,6
23832,129,130,-1,1
23833,99,101,-2,2
23834,119,105,14,14
23835,75,80,-5,5
23836,119,109,10,10
23837,103,97,6,6
23838,130,126,4,4
23839,119,113,6,6
23840,100,96,4,4
23841,159,168,-9,9
23842,75,69,6,6
23843,86,89,-3,3
23844,123,121,2,2
23845,74,78,-4,4
23846,50,61,-11,11
23847,57,51,6,6
23848,50,55,-5,5
23849,71,73,-2,2
23850,96,93,3,3
23851,76,75,1,1
23852,130,122,8,8
23853,62,74,-12,12
23854,92,89,3,3
23855,98,104,-6,6
23856,67,57,10,10
23857,231,222,9,9
23858,68,59,9,9
23859,59,55,4,4
23860,82,71,11,11
23861,67,72,-5,5
23862,88,82,6,6
23863,138,121,17,17
23864,81,70,11,11
23865,117,116,1,1
23866,67,71,-4,4
23867,57,65,-8,8
23868,53,55,-2,2
23869,87,86,1,1
23870,123,128,-5,5
23871,128,121,7,7
23872,80,83,-3,3
23873,95,94,1,1
23874,105,106,-1,1
23875,92,98,-6,6
23876,97,92,5,5
23877,96,102,-6,6
23878,114,103,11,11
23879,57,58,-1,1
23880,174,155,19,19
23881,98,95,3,3
23882,96,87,9,9
23883,34,56,-22,22
23884,53,53,0,0
23885,70,68,2,2
23886,100,105,-5,5
23887,112,116,-4,4
23888,86,91,-5,5
23889,106,101,5,5
23890,75,74,1,1
23891,97,110,-13,13
23892,93,97,-4,4
23893,105,81,24,24
23894,108,107,1,1
23895,137,141,-4,4
23896,99,104,-5,5
23897,71,70,1,1
23898,157,156,1,1
23899,111,103,8,8
23900,102,91,11,11
23901,144,136,8,8
23902,86,81,5,5
23903,63,74,-11,11
23904,97,88,9,9
23905,30,50,-20,20
23906,77,81,-4,4
23907,111,101,10,10
23908,77,71,6,6
23909,41,50,-9,9
23910,82,87,-5,5
23911,144,137,7,7
23912,117,113,4,4
23913,94,88,6,6
23914,58,55,3,3
23915,101,96,5,5
23916,105,95,10,10
23917,99,109,-10,10
23918,88,83,5,5
23919,69,77,-8,8
23920,67,60,7,7
23921,51,59,-8,8
23922,120,116,4,4
23923,60,61,-1,1
23924,90,87,3,3
23925,81,80,1,1
23926,163,173,-10,10
23927,142,131,11,11
23928,65,69,-4,4
23929,156,153,3,3
23930,52,56,-4,4
23931,74,66,8,8
23932,115,109,6,6
23933,126,134,-8,8
23934,48,50,-2,2
23935,129,132,-3,3
23936,160,148,12,12
23937,110,117,-7,7
23938,121,129,-8,8
23939,97,94,3,3
23940,110,131,-21,21
23941,135,131,4,4
23942,153,152,1,1
23943,103,123,-20,20
23944,103,97,6,6
23945,119,111,8,8
23946,76,82,-6,6
23947,195,204,-9,9
23948,57,57,0,0
23949,59,69,-10,10
23950,146,144,2,2
23951,91,79,12,12
23952,101,96,5,5
23953,240,204,36,36
23954,88,93,-5,5
23955,83,73,10,10
23956,77,78,-1,1
23957,82,93,-11,11
23958,82,95,-13,13
23959,119,108,11,11
23960,106,99,7,7
23961,101,109,-8,8
23962,78,83,-5,5
23963,82,79,3,3
23964,82,85,-3,3
23965,126,113,13,13
23966,87,96,-9,9
23967,96,95,1,1
23968,68,68,0,0
23969,100,95,5,5
23970,71,76,-5,5
23971,91,99,-8,8
23972,118,113,5,5
23973,93,94,-1,1
23974,87,88,-1,1
23975,75,80,-5,5
23976,64,60,4,4
23977,94,91,3,3
23978,45,51,-6,6
23979,97,87,10,10
23980,115,109,6,6
23981,84,74,10,10
23982,139,128,11,11
23983,155,161,-6,6
23984,65,68,-3,3
23985,72,77,-5,5
23986,65,68,-3,3
23987,45,57,-12,12
23988,92,95,-3,3
23989,148,146,2,2
23990,163,140,23,23
23991,80,74,6,6
23992,131,124,7,7
23993,74,78,-4,4
23994,62,65,-3,3
23995,65,61,4,4
23996,110,96,14,14
23997,119,86,33,33
23998,110,105,5,5
23999,89,93,-4,4
24000,104,113,-9,9
24001,110,119,-9,9
24002,83,76,7,7
24003,134,130,4,4
24004,110,116,-6,6
24005,74,82,-8,8
24006,152,148,4,4
24007,103,102,1,1
24008,47,52,-5,5
24009,104,98,6,6
24010,59,64,-5,5
24011,76,63,13,13
24012,82,86,-4,4
24013,100,103,-3,3
24014,127,124,3,3
24015,70,64,6,6
24016,71,73,-2,2
24017,83,92,-9,9
24018,80,80,0,0
24019,102,104,-2,2
24020,70,80,-10,10
24021,89,84,5,5
24022,75,75,0,0
24023,104,99,5,5
24024,84,71,13,13
24025,56,57,-1,1
24026,55,61,-6,6
24027,141,153,-12,12
24028,82,82,0,0
24029,182,168,14,14
24030,154,156,-2,2
24031,86,86,0,0
24032,78,75,3,3
24033,91,89,2,2
24034,115,115,0,0
24035,112,117,-5,5
24036,98,115,-17,17
24037,83,76,7,7
24038,58,60,-2,2
24039,72,67,5,5
24040,46,74,-28,28
24041,54,54,0,0
24042,99,99,0,0
24043,100,128,-28,28
24044,114,114,0,0
24045,56,53,3,3
24046,49,57,-8,8
24047,63,58,5,5
24048,63,62,1,1
24049,72,68,4,4
24050,97,94,3,3
24051,59,59,0,0
24052,123,126,-3,3
24053,109,109,0,0
24054,108,105,3,3
24055,95,101,-6,6
24056,94,90,4,4
24057,59,63,-4,4
24058,80,86,-6,6
24059,140,135,5,5
24060,102,103,-1,1
24061,65,68,-3,3
24062,117,109,8,8
24063,63,56,7,7
24064,77,83,-6,6
24065,137,98,39,39
24066,114,115,-1,1
24067,78,69,9,9
24068,45,51,-6,6
24069,84,91,-7,7
24070,96,108,-12,12
24071,62,64,-2,2
24072,67,74,-7,7
24073,178,154,24,24
24074,78,87,-9,9
24075,112,109,3,3
24076,99,85,14,14
24077,94,97,-3,3
24078,86,68,18,18
24079,116,108,8,8
24080,64,60,4,4
24081,51,54,-3,3
24082,176,150,26,26
24083,120,109,11,11
24084,121,105,16,16
24085,84,82,2,2
24086,108,107,1,1
24087,97,98,-1,1
24088,91,92,-1,1
24089,117,119,-2,2
24090,102,90,12,12
24091,53,55,-2,2
24092,82,80,2,2
24093,63,63,0,0
24094,50,88,-38,38
24095,121,112,9,9
24096,33,51,-18,18
24097,75,70,5,5
24098,98,102,-4,4
24099,95,89,6,6
24100,94,91,3,3
24101,43,51,-8,8
24102,88,100,-12,12
24103,72,73,-1,1
24104,118,110,8,8
24105,76,82,-6,6
24106,58,55,3,3
24107,104,88,16,16
24108,115,113,2,2
24109,63,58,5,5
24110,105,109,-4,4
24111,59,55,4,4
24112,58,54,4,4
24113,146,136,10,10
24114,82,87,-5,5
24115,114,122,-8,8
24116,95,90,5,5
24117,46,53,-7,7
24118,122,110,12,12
24119,78,81,-3,3
24120,97,91,6,6
24121,111,111,0,0
24122,161,146,15,15
24123,157,153,4,4
24124,90,99,-9,9
24125,69,65,4,4
24126,78,77,1,1
24127,111,104,7,7
24128,56,55,1,1
24129,83,69,14,14
24130,186,173,13,13
24131,76,81,-5,5
24132,76,81,-5,5
24133,136,134,2,2
24134,87,85,2,2
24135,87,81,6,6
24136,72,93,-21,21
24137,64,76,-12,12
24138,162,161,1,1
24139,59,61,-2,2
24140,77,74,3,3
24141,58,57,1,1
24142,65,59,6,6
24143,103,92,11,11
24144,74,75,-1,1
24145,83,69,14,14
24146,62,62,0,0
24147,115,102,13,13
24148,88,92,-4,4
24149,79,87,-8,8
24150,102,96,6,6
24151,76,69,7,7
24152,72,72,0,0
24153,127,127,0,0
24154,57,60,-3,3
24155,123,124,-1,1
24156,108,105,3,3
24157,179,164,15,15
24158,56,79,-23,23
24159,129,132,-3,3
24160,76,76,0,0
24161,160,139,21,21
24162,108,99,9,9
24163,65,63,2,2
24164,80,74,6,6
24165,68,78,-10,10
24166,125,154,-29,29
24167,55,57,-2,2
24168,101,108,-7,7
24169,102,95,7,7
24170,151,153,-2,2
24171,98,126,-28,28
24172,72,84,-12,12
24173,124,120,4,4
24174,113,103,10,10
24175,84,74,10,10
24176,51,57,-6,6
24177,73,72,1,1
24178,58,54,4,4
24179,103,103,0,0
24180,89,74,15,15
24181,103,108,-5,5
24182,122,119,3,3
24183,62,63,-1,1
24184,152,138,14,14
24185,49,54,-5,5
24186,76,80,-4,4
24187,107,101,6,6
24188,63,80,-17,17
24189,132,127,5,5
24190,167,103,64,64
24191,105,97,8,8
24192,160,158,2,2
24193,86,86,0,0
24194,105,96,9,9
24195,88,88,0,0
24196,102,97,5,5
24197,102,117,-15,15
24198,101,114,-13,13
24199,48,56,-8,8
24200,131,137,-6,6
24201,45,50,-5,5
24202,100,100,0,0
24203,77,76,1,1
24204,131,137,-6,6
24205,106,105,1,1
24206,115,111,4,4
24207,140,126,14,14
24208,111,114,-3,3
24209,100,102,-2,2
24210,55,58,-3,3
24211,80,74,6,6
24212,98,99,-1,1
24213,61,55,6,6
24214,106,101,5,5
24215,91,94,-3,3
24216,96,91,5,5
24217,88,84,4,4
24218,79,81,-2,2
24219,108,117,-9,9
24220,108,110,-2,2
24221,137,118,19,19
24222,110,107,3,3
24223,67,66,1,1
24224,81,75,6,6
24225,74,75,-1,1
24226,95,105,-10,10
24227,36,50,-14,14
24228,96,95,1,1
24229,80,87,-7,7
24230,86,78,8,8
24231,145,155,-10,10
24232,163,164,-1,1
24233,57,54,3,3
24234,91,99,-8,8
24235,100,104,-4,4
24236,55,54,1,1
24237,118,111,7,7
24238,183,183,0,0
24239,79,83,-4,4
24240,82,68,14,14
24241,107,104,3,3
24242,47,52,-5,5
24243,103,109,-6,6
24244,78,77,1,1
24245,114,116,-2,2
24246,127,120,7,7
24247,65,71,-6,6
24248,149,159,-10,10
24249,72,67,5,5
24250,75,80,-5,5
24251,99,100,-1,1
24252,91,91,0,0
24253,50,62,-12,12
24254,116,114,2,2
24255,150,135,15,15
24256,136,140,-4,4
24257,145,104,41,41
24258,64,73,-9,9
24259,81,80,1,1
24260,76,70,6,6
24261,91,80,11,11
24262,64,57,7,7
24263,52,60,-8,8
24264,85,88,-3,3
24265,93,94,-1,1
24266,80,87,-7,7
24267,84,92,-8,8
24268,71,63,8,8
24269,73,69,4,4
24270,54,59,-5,5
24271,87,78,9,9
24272,88,101,-13,13
24273,50,56,-6,6
24274,122,116,6,6
24275,98,96,2,2
24276,82,76,6,6
24277,173,162,11,11
24278,78,75,3,3
24279,106,96,10,10
24280,103,112,-9,9
24281,78,72,6,6
24282,57,59,-2,2
24283,125,133,-8,8
24284,103,107,-4,4
24285,100,97,3,3
24286,78,82,-4,4
24287,122,110,12,12
24288,122,133,-11,11
24289,135,125,10,10
24290,110,91,19,19
24291,174,157,17,17
24292,54,55,-1,1
24293,43,50,-7,7
24294,82,78,4,4
24295,91,80,11,11
24296,104,94,10,10
24297,148,135,13,13
24298,30,50,-20,20
24299,115,108,7,7
24300,122,115,7,7
24301,126,116,10,10
24302,68,72,-4,4
24303,119,101,18,18
24304,124,133,-9,9
24305,81,68,13,13
24306,74,69,5,5
24307,75,72,3,3
24308,57,63,-6,6
24309,92,80,12,12
24310,79,73,6,6
24311,118,121,-3,3
24312,62,64,-2,2
24313,86,75,11,11
24314,57,51,6,6
24315,93,103,-10,10
24316,111,98,13,13
24317,77,76,1,1
24318,66,73,-7,7
24319,142,109,33,33
24320,117,103,14,14
24321,48,53,-5,5
24322,195,176,19,19
24323,100,100,0,0
24324,103,80,23,23
24325,59,67,-8,8
24326,76,73,3,3
24327,108,107,1,1
24328,127,125,2,2
24329,91,82,9,9
24330,67,70,-3,3
24331,157,147,10,10
24332,120,128,-8,8
24333,79,81,-2,2
24334,95,98,-3,3
24335,103,104,-1,1
24336,126,121,5,5
24337,73,96,-23,23
24338,53,64,-11,11
24339,126,125,1,1
24340,78,68,10,10
24341,128,127,1,1
24342,51,57,-6,6
24343,76,73,3,3
24344,130,133,-3,3
24345,87,88,-1,1
24346,76,82,-6,6
24347,71,64,7,7
24348,115,112,3,3
24349,119,117,2,2
24350,75,72,3,3
24351,75,83,-8,8
24352,93,86,7,7
24353,128,134,-6,6
24354,127,153,-26,26
24355,94,94,0,0
24356,133,119,14,14
24357,53,50,3,3
24358,146,130,16,16
24359,117,128,-11,11
24360,74,72,2,2
24361,126,122,4,4
24362,41,54,-13,13
24363,143,140,3,3
24364,90,88,2,2
24365,73,79,-6,6
24366,156,150,6,6
24367,72,65,7,7
24368,59,56,3,3
24369,27,57,-30,30
24370,93,98,-5,5
24371,87,92,-5,5
24372,44,58,-14,14
24373,182,180,2,2
24374,90,90,0,0
24375,170,161,9,9
24376,128,127,1,1
24377,102,99,3,3
24378,99,99,0,0
24379,106,101,5,5
24380,86,79,7,7
24381,127,112,15,15
24382,99,88,11,11
24383,101,104,-3,3
24384,155,140,15,15
24385,184,159,25,25
24386,98,97,1,1
24387,95,98,-3,3
24388,108,130,-22,22
24389,103,108,-5,5
24390,147,145,2,2
24391,100,93,7,7
24392,76,99,-23,23
24393,308,230,78,78
24394,71,89,-18,18
24395,80,84,-4,4
24396,88,80,8,8
24397,92,102,-10,10
24398,105,109,-4,4
24399,63,69,-6,6
24400,89,86,3,3
24401,77,87,-10,10
24402,94,98,-4,4
24403,72,86,-14,14
24404,65,62,3,3
24405,132,120,12,12
24406,90,86,4,4
24407,83,85,-2,2
24408,35,69,-34,34
24409,163,158,5,5
24410,73,71,2,2
24411,117,117,0,0
24412,87,82,5,5
24413,70,76,-6,6
24414,189,179,10,10
24415,81,79,2,2
24416,59,66,-7,7
24417,110,116,-6,6
24418,103,110,-7,7
24419,89,91,-2,2
24420,90,80,10,10
24421,475,360,115,115
24422,66,60,6,6
24423,97,99,-2,2
24424,89,83,6,6
24425,106,104,2,2
24426,81,79,2,2
24427,143,142,1,1
24428,113,109,4,4
24429,83,86,-3,3
24430,276,265,11,11
24431,88,86,2,2
24432,91,96,-5,5
24433,179,157,22,22
24434,175,132,43,43
24435,86,88,-2,2
24436,60,63,-3,3
24437,86,85,1,1
24438,104,98,6,6
24439,144,137,7,7
24440,93,92,1,1
24441,98,99,-1,1
24442,59,66,-7,7
24443,112,148,-36,36
24444,98,109,-11,11
24445,60,59,1,1
24446,72,64,8,8
24447,42,52,-10,10
24448,57,56,1,1
24449,138,128,10,10
24450,99,94,5,5
24451,134,132,2,2
24452,96,81,15,15
24453,101,101,0,0
24454,88,99,-11,11
24455,79,85,-6,6
24456,61,57,4,4
24457,77,66,11,11
24458,119,113,6,6
24459,124,115,9,9
24460,77,80,-3,3
24461,81,79,2,2
24462,70,70,0,0
24463,120,134,-14,14
24464,90,99,-9,9
24465,88,94,-6,6
24466,49,56,-7,7
24467,70,63,7,7
24468,90,88,2,2
24469,70,66,4,4
24470,119,105,14,14
24471,99,98,1,1
24472,79,83,-4,4
24473,112,109,3,3
24474,63,64,-1,1
24475,40,53,-13,13
24476,145,138,7,7
24477,82,79,3,3
24478,87,84,3,3
24479,75,68,7,7
24480,71,67,4,4
24481,84,80,4,4
24482,85,79,6,6
24483,101,93,8,8
24484,111,97,14,14
24485,90,92,-2,2
24486,63,61,2,2
24487,174,176,-2,2
24488,106,103,3,3
24489,64,73,-9,9
24490,33,50,-17,17
24491,100,111,-11,11
24492,185,162,23,23
24493,68,66,2,2
24494,29,50,-21,21
24495,45,52,-7,7
24496,58,61,-3,3
24497,120,108,12,12
24498,124,113,11,11
24499,70,63,7,7
24500,104,107,-3,3
24501,101,95,6,6
24502,92,94,-2,2
24503,81,77,4,4
24504,59,58,1,1
24505,84,83,1,1
24506,67,70,-3,3
24507,105,96,9,9
24508,81,83,-2,2
24509,56,58,-2,2
24510,115,116,-1,1
24511,117,111,6,6
24512,95,87,8,8
24513,134,123,11,11
24514,89,92,-3,3
24515,136,136,0,0
24516,100,100,0,0
24517,95,106,-11,11
24518,73,76,-3,3
24519,58,66,-8,8
24520,157,142,15,15
24521,77,72,5,5
24522,54,55,-1,1
24523,90,101,-11,11
24524,85,92,-7,7
24525,71,69,2,2
24526,73,70,3,3
24527,87,86,1,1
24528,57,59,-2,2
24529,64,65,-1,1
24530,72,70,2,2
24531,184,158,26,26
24532,152,123,29,29
24533,88,90,-2,2
24534,90,88,2,2
24535,96,103,-7,7
24536,117,104,13,13
24537,65,60,5,5
24538,101,91,10,10
24539,130,133,-3,3
24540,189,169,20,20
24541,80,85,-5,5
24542,72,74,-2,2
24543,99,103,-4,4
24544,131,125,6,6
24545,120,127,-7,7
24546,64,65,-1,1
24547,59,51,8,8
24548,69,70,-1,1
24549,44,54,-10,10
24550,85,95,-10,10
24551,51,65,-14,14
24552,70,71,-1,1
24553,61,67,-6,6
24554,110,123,-13,13
24555,69,74,-5,5
24556,56,55,1,1
24557,125,139,-14,14
24558,91,83,8,8
24559,53,64,-11,11
24560,91,94,-3,3
24561,42,51,-9,9
24562,85,87,-2,2
24563,33,50,-17,17
24564,94,83,11,11
24565,143,137,6,6
24566,72,63,9,9
24567,85,84,1,1
24568,132,132,0,0
24569,103,99,4,4
24570,131,112,19,19
24571,72,71,1,1
24572,109,111,-2,2
24573,104,105,-1,1
24574,128,121,7,7
24575,147,141,6,6
24576,90,90,0,0
24577,44,54,-10,10
24578,84,85,-1,1
24579,129,135,-6,6
24580,76,91,-15,15
24581,82,91,-9,9
24582,155,133,22,22
24583,141,126,15,15
24584,110,121,-11,11
24585,117,122,-5,5
24586,112,113,-1,1
24587,109,112,-3,3
24588,63,56,7,7
24589,68,70,-2,2
24590,140,132,8,8
24591,42,55,-13,13
24592,97,109,-12,12
24593,73,66,7,7
24594,49,51,-2,2
24595,163,134,29,29
24596,116,116,0,0
24597,98,111,-13,13
24598,97,95,2,2
24599,76,78,-2,2
24600,84,80,4,4
24601,52,51,1,1
24602,134,126,8,8
24603,62,56,6,6
24604,123,124,-1,1
24605,55,58,-3,3
24606,80,82,-2,2
24607,77,75,2,2
24608,121,130,-9,9
24609,45,52,-7,7
24610,66,63,3,3
24611,59,61,-2,2
24612,45,53,-8,8
24613,63,61,2,2
24614,65,78,-13,13
24615,95,90,5,5
24616,84,81,3,3
24617,110,127,-17,17
24618,83,85,-2,2
24619,133,121,12,12
24620,111,105,6,6
24621,69,68,1,1
24622,43,50,-7,7
24623,97,101,-4,4
24624,78,91,-13,13
24625,75,74,1,1
24626,130,120,10,10
24627,73,75,-2,2
24628,156,145,11,11
24629,110,95,15,15
24630,132,131,1,1
24631,108,110,-2,2
24632,97,98,-1,1
24633,139,129,10,10
24634,88,84,4,4
24635,136,125,11,11
24636,115,106,9,9
24637,141,133,8,8
24638,125,120,5,5
24639,114,109,5,5
24640,127,120,7,7
24641,87,89,-2,2
24642,126,124,2,2
24643,83,91,-8,8
24644,68,63,5,5
24645,100,95,5,5
24646,67,67,0,0
24647,79,70,9,9
24648,123,116,7,7
24649,49,52,-3,3
24650,73,84,-11,11
24651,105,98,7,7
24652,86,83,3,3
24653,78,86,-8,8
24654,97,90,7,7
24655,95,102,-7,7
24656,46,53,-7,7
24657,105,114,-9,9
24658,157,143,14,14
24659,97,112,-15,15
24660,130,119,11,11
24661,114,124,-10,10
24662,56,60,-4,4
24663,37,50,-13,13
24664,133,132,1,1
24665,80,98,-18,18
24666,56,55,1,1
24667,64,63,1,1
24668,78,80,-2,2
24669,96,92,4,4
24670,90,85,5,5
24671,126,115,11,11
24672,85,84,1,1
24673,60,56,4,4
24674,92,89,3,3
24675,105,105,0,0
24676,92,92,0,0
24677,85,85,0,0
24678,187,166,21,21
24679,108,119,-11,11
24680,64,56,8,8
24681,99,93,6,6
24682,92,93,-1,1
24683,111,109,2,2
24684,83,74,9,9
24685,92,88,4,4
24686,68,60,8,8
24687,158,136,22,22
24688,54,55,-1,1
24689,86,76,10,10
24690,94,92,2,2
24691,102,100,2,2
24692,55,53,2,2
24693,52,59,-7,7
24694,69,76,-7,7
24695,97,91,6,6
24696,59,65,-6,6
24697,86,84,2,2
24698,104,104,0,0
24699,119,128,-9,9
24700,124,107,17,17
24701,99,99,0,0
24702,94,90,4,4
24703,129,135,-6,6
24704,134,117,17,17
24705,58,68,-10,10
24706,131,118,13,13
24707,100,91,9,9
24708,97,90,7,7
24709,75,66,9,9
24710,133,129,4,4
24711,87,80,7,7
24712,76,75,1,1
24713,55,56,-1,1
24714,167,167,0,0
24715,108,113,-5,5
24716,64,66,-2,2
24717,56,66,-10,10
24718,49,88,-39,39
24719,55,54,1,1
24720,80,95,-15,15
24721,55,57,-2,2
24722,169,157,12,12
24723,156,149,7,7
24724,102,93,9,9
24725,94,91,3,3
24726,92,92,0,0
24727,116,128,-12,12
24728,120,123,-3,3
24729,107,105,2,2
24730,113,107,6,6
24731,75,76,-1,1
24732,67,59,8,8
24733,98,88,10,10
24734,193,171,22,22
24735,165,162,3,3
24736,92,81,11,11
24737,53,54,-1,1
24738,82,87,-5,5
24739,113,120,-7,7
24740,89,98,-9,9
24741,93,84,9,9
24742,94,93,1,1
24743,87,83,4,4
24744,145,123,22,22
24745,142,130,12,12
24746,115,111,4,4
24747,82,88,-6,6
24748,87,92,-5,5
24749,74,66,8,8
24750,61,86,-25,25
24751,125,118,7,7
24752,74,73,1,1
24753,129,121,8,8
24754,88,83,5,5
24755,93,96,-3,3
24756,83,82,1,1
24757,123,114,9,9
24758,103,101,2,2
24759,136,138,-2,2
24760,88,85,3,3
24761,94,92,2,2
24762,71,77,-6,6
24763,80,86,-6,6
24764,73,71,2,2
24765,90,80,10,10
24766,81,82,-1,1
24767,85,91,-6,6
24768,48,57,-9,9
24769,122,131,-9,9
24770,120,117,3,3
24771,100,103,-3,3
24772,123,115,8,8
24773,154,134,20,20
24774,49,57,-8,8
24775,110,97,13,13
24776,90,92,-2,2
24777,103,100,3,3
24778,69,75,-6,6
24779,113,106,7,7
24780,102,100,2,2
24781,80,108,-28,28
24782,45,52,-7,7
24783,154,146,8,8
24784,116,106,10,10
24785,125,119,6,6
24786,182,159,23,23
24787,68,62,6,6
24788,82,68,14,14
24789,78,76,2,2
24790,60,74,-14,14
24791,119,107,12,12
24792,76,76,0,0
24793,102,101,1,1
24794,94,111,-17,17
24795,76,81,-5,5
24796,52,52,0,0
24797,82,67,15,15
24798,117,118,-1,1
24799,110,103,7,7
24800,165,149,16,16
24801,79,70,9,9
24802,132,125,7,7
24803,118,110,8,8
24804,95,90,5,5
24805,74,75,-1,1
24806,52,79,-27,27
24807,104,110,-6,6
24808,103,127,-24,24
24809,119,114,5,5
24810,99,102,-3,3
24811,141,131,10,10
24812,62,58,4,4
24813,95,95,0,0
24814,115,111,4,4
24815,97,108,-11,11
24816,46,67,-21,21
24817,122,130,-8,8
24818,121,120,1,1
24819,102,105,-3,3
24820,148,138,10,10
24821,71,65,6,6
24822,114,92,22,22
24823,126,119,7,7
24824,84,79,5,5
24825,83,82,1,1
24826,101,86,15,15
24827,98,95,3,3
24828,121,111,10,10
24829,84,94,-10,10
24830,56,67,-11,11
24831,90,76,14,14
24832,85,81,4,4
24833,87,83,4,4
24834,113,118,-5,5
24835,140,139,1,1
24836,116,114,2,2
24837,120,128,-8,8
24838,82,78,4,4
24839,150,135,15,15
24840,89,87,2,2
24841,72,68,4,4
24842,106,108,-2,2
24843,66,72,-6,6
24844,67,68,-1,1
24845,78,75,3,3
24846,118,113,5,5
24847,83,96,-13,13
24848,133,136,-3,3
24849,127,123,4,4
24850,178,165,13,13
24851,70,68,2,2
24852,50,54,-4,4
24853,121,111,10,10
24854,127,121,6,6
24855,62,56,6,6
24856,74,71,3,3
24857,79,78,1,1
24858,95,91,4,4
24859,103,107,-4,4
24860,113,102,11,11
24861,58,76,-18,18
24862,162,124,38,38
24863,43,50,-7,7
24864,73,68,5,5
24865,60,60,0,0
24866,134,124,10,10
24867,66,67,-1,1
24868,42,61,-19,19
24869,89,84,5,5
24870,82,70,12,12
24871,133,126,7,7
24872,28,50,-22,22
24873,120,105,15,15
24874,60,56,4,4
24875,59,64,-5,5
24876,54,57,-3,3
24877,81,85,-4,4
24878,102,99,3,3
24879,47,54,-7,7
24880,90,75,15,15
24881,123,110,13,13
24882,83,81,2,2
24883,92,107,-15,15
24884,105,103,2,2
24885,108,92,16,16
24886,114,124,-10,10
24887,57,59,-2,2
24888,67,66,1,1
24889,85,91,-6,6
24890,68,70,-2,2
24891,55,54,1,1
24892,93,90,3,3
24893,61,64,-3,3
24894,61,60,1,1
24895,87,88,-1,1
24896,85,82,3,3
24897,88,89,-1,1
24898,57,57,0,0
24899,65,67,-2,2
24900,58,59,-1,1
24901,118,113,5,5
24902,94,94,0,0
24903,164,158,6,6
24904,74,78,-4,4
24905,106,149,-43,43
24906,97,114,-17,17
24907,117,113,4,4
24908,123,123,0,0
24909,72,79,-7,7
24910,73,66,7,7
24911,105,143,-38,38
24912,53,57,-4,4
24913,63,68,-5,5
24914,85,81,4,4
24915,136,144,-8,8
24916,113,103,10,10
24917,92,103,-11,11
24918,97,100,-3,3
24919,95,105,-10,10
24920,106,104,2,2
24921,167,159,8,8
24922,121,128,-7,7
24923,42,50,-8,8
24924,80,86,-6,6
24925,48,61,-13,13
24926,116,112,4,4
24927,117,114,3,3
24928,67,67,0,0
24929,69,69,0,0
24930,114,102,12,12
24931,134,122,12,12
24932,91,88,3,3
24933,88,84,4,4
24934,130,129,1,1
24935,187,178,9,9
24936,99,103,-4,4
24937,95,105,-10,10
24938,151,147,4,4
24939,97,95,2,2
24940,66,65,1,1
24941,39,50,-11,11
24942,114,114,0,0
24943,124,113,11,11
24944,109,109,0,0
24945,92,109,-17,17
24946,50,55,-5,5
24947,139,128,11,11
24948,116,117,-1,1
24949,79,76,3,3
24950,69,84,-15,15
24951,95,98,-3,3
24952,112,115,-3,3
24953,57,64,-7,7
24954,57,60,-3,3
24955,112,121,-9,9
24956,77,79,-2,2
24957,79,84,-5,5
24958,115,112,3,3
24959,52,59,-7,7
24960,121,104,17,17
24961,93,94,-1,1
24962,51,52,-1,1
24963,71,71,0,0
24964,126,127,-1,1
24965,149,136,13,13
24966,91,109,-18,18
24967,142,139,3,3
24968,55,65,-10,10
24969,110,112,-2,2
24970,197,199,-2,2
24971,85,81,4,4
24972,115,110,5,5
24973,111,101,10,10
24974,136,126,10,10
24975,57,59,-2,2
24976,100,88,12,12
24977,121,113,8,8
24978,105,98,7,7
24979,145,153,-8,8
24980,93,91,2,2
24981,104,104,0,0
24982,104,96,8,8
24983,89,80,9,9
24984,82,78,4,4
24985,137,124,13,13
24986,112,101,11,11
24987,99,92,7,7
24988,94,94,0,0
24989,140,130,10,10
24990,75,82,-7,7
24991,114,113,1,1
24992,71,67,4,4
24993,155,135,20,20
24994,71,71,0,0
24995,61,60,1,1
24996,84,96,-12,12
24997,75,68,7,7
24998,128,138,-10,10
24999,247,243,4,4
25000,101,106,-5,5
25001,113,101,12,12
25002,116,114,2,2
25003,112,111,1,1
25004,83,85,-2,2
25005,52,58,-6,6
25006,73,56,17,17
25007,43,55,-12,12
25008,96,99,-3,3
25009,49,58,-9,9
25010,57,61,-4,4
25011,104,124,-20,20
25012,86,83,3,3
25013,66,66,0,0
25014,69,79,-10,10
25015,92,98,-6,6
25016,120,122,-2,2
25017,124,125,-1,1
25018,109,100,9,9
25019,90,104,-14,14
25020,88,86,2,2
25021,60,59,1,1
25022,100,106,-6,6
25023,171,204,-33,33
25024,55,58,-3,3
25025,143,139,4,4
25026,104,101,3,3
25027,120,120,0,0
25028,132,126,6,6
25029,142,142,0,0
25030,68,67,1,1
25031,74,69,5,5
25032,107,104,3,3
25033,82,76,6,6
25034,48,53,-5,5
25035,83,77,6,6
25036,66,65,1,1
25037,90,90,0,0
25038,114,118,-4,4
25039,123,105,18,18
25040,140,125,15,15
25041,71,66,5,5
25042,112,106,6,6
25043,175,176,-1,1
25044,148,130,18,18
25045,87,85,2,2
25046,156,154,2,2
25047,44,50,-6,6
25048,105,103,2,2
25049,120,127,-7,7
25050,65,63,2,2
25051,120,121,-1,1
25052,69,67,2,2
25053,91,100,-9,9
25054,135,115,20,20
25055,133,135,-2,2
25056,81,84,-3,3
25057,74,64,10,10
25058,144,148,-4,4
25059,146,140,6,6
25060,95,80,15,15
25061,223,190,33,33
25062,126,110,16,16
25063,49,54,-5,5
25064,102,102,0,0
25065,116,109,7,7
25066,60,58,2,2
25067,154,146,8,8
25068,134,110,24,24
25069,100,100,0,0
25070,76,66,10,10
25071,74,70,4,4
25072,77,67,10,10
25073,88,89,-1,1
25074,76,84,-8,8
25075,81,79,2,2
25076,165,154,11,11
25077,108,102,6,6
25078,53,54,-1,1
25079,59,62,-3,3
25080,85,103,-18,18
25081,98,94,4,4
25082,58,59,-1,1
25083,105,103,2,2
25084,148,139,9,9
25085,159,138,21,21
25086,163,164,-1,1
25087,102,95,7,7
25088,71,87,-16,16
25089,156,145,11,11
25090,97,91,6,6
25091,97,91,6,6
25092,72,70,2,2
25093,83,109,-26,26
25094,81,66,15,15
25095,103,99,4,4
25096,95,95,0,0
25097,82,94,-12,12
25098,121,114,7,7
25099,78,80,-2,2
25100,98,92,6,6
25101,145,146,-1,1
25102,122,120,2,2
25103,123,110,13,13
25104,76,72,4,4
25105,195,177,18,18
25106,48,50,-2,2
25107,59,69,-10,10
25108,73,74,-1,1
25109,73,74,-1,1
25110,63,56,7,7
25111,178,152,26,26
25112,69,67,2,2
25113,96,96,0,0
25114,67,66,1,1
25115,46,51,-5,5
25116,88,94,-6,6
25117,47,55,-8,8
25118,45,51,-6,6
25119,47,50,-3,3
25120,123,116,7,7
25121,124,119,5,5
25122,167,156,11,11
25123,136,127,9,9
25124,72,77,-5,5
25125,109,105,4,4
25126,74,73,1,1
25127,80,74,6,6
25128,126,122,4,4
25129,119,112,7,7
25130,60,62,-2,2
25131,98,99,-1,1
25132,128,114,14,14
25133,96,93,3,3
25134,109,105,4,4
25135,135,129,6,6
25136,86,78,8,8
25137,125,124,1,1
25138,71,77,-6,6
25139,137,134,3,3
25140,86,92,-6,6
25141,150,157,-7,7
25142,83,94,-11,11
25143,57,57,0,0
25144,87,87,0,0
25145,58,72,-14,14
25146,74,82,-8,8
25147,168,145,23,23
25148,145,133,12,12
25149,65,65,0,0
25150,76,78,-2,2
25151,114,113,1,1
25152,151,150,1,1
25153,146,159,-13,13
25154,65,67,-2,2
25155,77,91,-14,14
25156,165,146,19,19
25157,89,110,-21,21
25158,107,102,5,5
25159,96,115,-19,19
25160,115,115,0,0
25161,74,69,5,5
25162,160,153,7,7
25163,82,84,-2,2
25164,80,77,3,3
25165,94,99,-5,5
25166,97,96,1,1
25167,48,61,-13,13
25168,79,67,12,12
25169,16,50,-34,34
25170,100,99,1,1
25171,51,69,-18,18
25172,86,84,2,2
25173,108,114,-6,6
25174,46,50,-4,4
25175,55,56,-1,1
25176,112,123,-11,11
25177,84,82,2,2
25178,100,97,3,3
25179,150,138,12,12
25180,138,131,7,7
25181,92,91,1,1
25182,66,67,-1,1
25183,103,99,4,4
25184,96,95,1,1
25185,148,149,-1,1
25186,81,80,1,1
25187,45,66,-21,21
25188,126,122,4,4
25189,168,159,9,9
25190,76,79,-3,3
25191,134,144,-10,10
25192,83,85,-2,2
25193,118,111,7,7
25194,117,107,10,10
25195,100,106,-6,6
25196,96,101,-5,5
25197,122,117,5,5
25198,76,84,-8,8
25199,96,107,-11,11
25200,103,94,9,9
25201,70,71,-1,1
25202,209,183,26,26
25203,75,74,1,1
25204,54,69,-15,15
25205,111,112,-1,1
25206,70,66,4,4
25207,100,104,-4,4
25208,108,100,8,8
25209,56,62,-6,6
25210,172,181,-9,9
25211,67,69,-2,2
25212,118,106,12,12
25213,47,55,-8,8
25214,69,67,2,2
25215,85,90,-5,5
25216,63,56,7,7
25217,267,223,44,44
25218,101,97,4,4
25219,126,117,9,9
25220,99,101,-2,2
25221,124,130,-6,6
25222,145,128,17,17
25223,83,75,8,8
25224,96,88,8,8
25225,149,162,-13,13
25226,65,64,1,1
25227,83,77,6,6
25228,51,52,-1,1
25229,73,87,-14,14
25230,164,149,15,15
25231,76,83,-7,7
25232,86,83,3,3
25233,128,114,14,14
25234,126,112,14,14
25235,75,71,4,4
25236,85,87,-2,2
25237,59,56,3,3
25238,80,71,9,9
25239,115,107,8,8
25240,96,92,4,4
25241,57,59,-2,2
25242,78,73,5,5
25243,92,80,12,12
25244,114,112,2,2
25245,97,89,8,8
25246,67,73,-6,6
25247,68,88,-20,20
25248,88,87,1,1
25249,58,61,-3,3
25250,86,93,-7,7
25251,81,77,4,4
25252,80,79,1,1
25253,107,112,-5,5
25254,65,62,3,3
25255,77,75,2,2
25256,30,53,-23,23
25257,81,84,-3,3
25258,91,100,-9,9
25259,62,71,-9,9
25260,78,88,-10,10
25261,103,99,4,4
25262,113,108,5,5
25263,121,114,7,7
25264,75,72,3,3
25265,113,113,0,0
25266,52,58,-6,6
25267,93,101,-8,8
25268,51,62,-11,11
25269,128,115,13,13
25270,86,76,10,10
25271,107,104,3,3
25272,105,104,1,1
25273,195,185,10,10
25274,64,59,5,5
25275,56,67,-11,11
25276,38,107,-69,69
25277,111,131,-20,20
25278,72,71,1,1
25279,103,104,-1,1
25280,93,88,5,5
25281,90,97,-7,7
25282,64,75,-11,11
25283,142,130,12,12
25284,96,103,-7,7
25285,85,88,-3,3
25286,99,97,2,2
25287,52,54,-2,2
25288,117,134,-17,17
25289,76,76,0,0
25290,80,73,7,7
25291,99,86,13,13
25292,103,95,8,8
25293,60,64,-4,4
25294,96,98,-2,2
25295,112,111,1,1
25296,77,70,7,7
25297,126,114,12,12
25298,125,124,1,1
25299,132,136,-4,4
25300,79,84,-5,5
25301,106,107,-1,1
25302,35,50,-15,15
25303,85,79,6,6
25304,63,59,4,4
25305,65,75,-10,10
25306,23,54,-31,31
25307,73,72,1,1
25308,103,107,-4,4
25309,79,78,1,1
25310,81,84,-3,3
25311,54,53,1,1
25312,77,78,-1,1
25313,90,86,4,4
25314,92,94,-2,2
25315,54,59,-5,5
25316,101,104,-3,3
25317,102,94,8,8
25318,77,80,-3,3
25319,113,125,-12,12
25320,166,157,9,9
25321,74,79,-5,5
25322,116,118,-2,2
25323,127,133,-6,6
25324,89,87,2,2
25325,101,100,1,1
25326,103,107,-4,4
25327,127,123,4,4
25328,83,76,7,7
25329,123,124,-1,1
25330,118,120,-2,2
25331,160,154,6,6
25332,79,79,0,0
25333,76,68,8,8
25334,51,51,0,0
25335,110,115,-5,5
25336,112,130,-18,18
25337,73,69,4,4
25338,90,85,5,5
25339,87,87,0,0
25340,97,98,-1,1
25341,51,52,-1,1
25342,175,171,4,4
25343,51,57,-6,6
25344,96,95,1,1
25345,96,79,17,17
25346,87,93,-6,6
25347,98,90,8,8
25348,195,178,17,17
25349,74,69,5,5
25350,111,101,10,10
25351,62,61,1,1
25352,62,67,-5,5
25353,50,54,-4,4
25354,77,75,2,2
25355,68,57,11,11
25356,72,75,-3,3
25357,82,72,10,10
25358,69,70,-1,1
25359,133,133,0,0
25360,57,59,-2,2
25361,87,102,-15,15
25362,86,81,5,5
25363,53,82,-29,29
25364,111,138,-27,27
25365,85,94,-9,9
25366,68,68,0,0
25367,82,91,-9,9
25368,125,115,10,10
25369,127,114,13,13
25370,46,84,-38,38
25371,125,126,-1,1
25372,133,123,10,10
25373,84,90,-6,6
25374,70,65,5,5
25375,130,114,16,16
25376,86,85,1,1
25377,161,155,6,6
25378,100,123,-23,23
25379,107,107,0,0
25380,89,94,-5,5
25381,62,52,10,10
25382,75,77,-2,2
25383,82,83,-1,1
25384,104,108,-4,4
25385,83,93,-10,10
25386,109,98,11,11
25387,57,56,1,1
25388,125,124,1,1
25389,87,73,14,14
25390,201,167,34,34
25391,75,76,-1,1
25392,80,82,-2,2
25393,143,156,-13,13
25394,120,117,3,3
25395,146,143,3,3
25396,70,66,4,4
25397,93,95,-2,2
25398,110,110,0,0
25399,43,50,-7,7
25400,97,92,5,5
25401,70,62,8,8
25402,85,84,1,1
25403,91,101,-10,10
25404,85,90,-5,5
25405,120,113,7,7
25406,70,69,1,1
25407,61,68,-7,7
25408,67,67,0,0
25409,156,148,8,8
25410,45,50,-5,5
25411,121,127,-6,6
25412,93,104,-11,11
25413,111,124,-13,13
25414,72,79,-7,7
25415,44,50,-6,6
25416,140,143,-3,3
25417,52,56,-4,4
25418,70,71,-1,1
25419,117,116,1,1
25420,60,68,-8,8
25421,73,85,-12,12
25422,107,101,6,6
25423,90,95,-5,5
25424,59,68,-9,9
25425,102,107,-5,5
25426,73,75,-2,2
25427,86,90,-4,4
25428,58,60,-2,2
25429,66,63,3,3
25430,62,96,-34,34
25431,130,126,4,4
25432,121,108,13,13
25433,114,106,8,8
25434,128,126,2,2
25435,106,107,-1,1
25436,94,86,8,8
25437,139,135,4,4
25438,57,55,2,2
25439,62,74,-12,12
25440,59,66,-7,7
25441,134,118,16,16
25442,88,86,2,2
25443,67,71,-4,4
25444,91,91,0,0
25445,79,71,8,8
25446,99,99,0,0
25447,135,146,-11,11
25448,118,118,0,0
25449,97,96,1,1
25450,96,87,9,9
25451,81,78,3,3
25452,93,95,-2,2
25453,108,109,-1,1
25454,69,67,2,2
25455,106,110,-4,4
25456,80,84,-4,4
25457,108,105,3,3
25458,95,87,8,8
25459,41,50,-9,9
25460,97,92,5,5
25461,161,133,28,28
25462,96,97,-1,1
25463,86,97,-11,11
25464,123,110,13,13
25465,84,79,5,5
25466,81,86,-5,5
25467,99,100,-1,1
25468,108,99,9,9
25469,57,65,-8,8
25470,82,86,-4,4
25471,117,143,-26,26
25472,78,85,-7,7
25473,206,194,12,12
25474,70,70,0,0
25475,66,70,-4,4
25476,132,119,13,13
25477,73,69,4,4
25478,53,56,-3,3
25479,47,53,-6,6
25480,73,81,-8,8
25481,72,75,-3,3
25482,96,88,8,8
25483,182,172,10,10
25484,80,72,8,8
25485,98,91,7,7
25486,103,105,-2,2
25487,182,178,4,4
25488,136,148,-12,12
25489,101,91,10,10
25490,81,74,7,7
25491,161,147,14,14
25492,83,90,-7,7
25493,57,67,-10,10
25494,119,108,11,11
25495,103,98,5,5
25496,143,128,15,15
25497,61,100,-39,39
25498,117,110,7,7
25499,113,111,2,2
25500,94,96,-2,2
25501,70,75,-5,5
25502,116,119,-3,3
25503,102,91,11,11
25504,154,149,5,5
25505,91,84,7,7
25506,105,115,-10,10
25507,114,120,-6,6
25508,160,162,-2,2
25509,94,91,3,3
25510,151,134,17,17
25511,170,158,12,12
25512,76,72,4,4
25513,74,73,1,1
25514,101,102,-1,1
25515,62,58,4,4
25516,84,85,-1,1
25517,109,111,-2,2
25518,106,101,5,5
25519,119,108,11,11
25520,89,92,-3,3
25521,53,54,-1,1
25522,37,50,-13,13
25523,97,93,4,4
25524,91,85,6,6
25525,94,89,5,5
25526,111,95,16,16
25527,203,201,2,2
25528,71,69,2,2
25529,63,65,-2,2
25530,55,59,-4,4
25531,87,80,7,7
25532,125,137,-12,12
25533,101,104,-3,3
25534,98,86,12,12
25535,116,122,-6,6
25536,79,82,-3,3
25537,206,193,13,13
25538,102,111,-9,9
25539,153,143,10,10
25540,86,92,-6,6
25541,60,59,1,1
25542,95,108,-13,13
25543,156,147,9,9
25544,90,82,8,8
25545,131,121,10,10
25546,107,100,7,7
25547,56,57,-1,1
25548,96,97,-1,1
25549,67,76,-9,9
25550,66,64,2,2
25551,116,115,1,1
25552,97,101,-4,4
25553,132,124,8,8
25554,87,92,-5,5
25555,94,97,-3,3
25556,50,52,-2,2
25557,104,93,11,11
25558,179,184,-5,5
25559,121,102,19,19
25560,54,60,-6,6
25561,86,74,12,12
25562,29,51,-22,22
25563,109,107,2,2
25564,81,85,-4,4
25565,75,83,-8,8
25566,179,164,15,15
25567,59,53,6,6
25568,122,111,11,11
25569,209,192,17,17
25570,53,56,-3,3
25571,79,68,11,11
25572,97,93,4,4
25573,99,104,-5,5
25574,50,52,-2,2
25575,81,88,-7,7
25576,77,72,5,5
25577,179,163,16,16
25578,100,107,-7,7
25579,57,64,-7,7
25580,88,91,-3,3
25581,47,54,-7,7
25582,92,92,0,0
25583,94,81,13,13
25584,49,73,-24,24
25585,155,136,19,19
25586,93,98,-5,5
25587,160,143,17,17
25588,34,50,-16,16
25589,109,103,6,6
25590,112,108,4,4
25591,65,60,5,5
25592,76,66,10,10
25593,82,89,-7,7
25594,97,79,18,18
25595,72,74,-2,2
25596,95,101,-6,6
25597,59,62,-3,3
25598,52,52,0,0
25599,81,70,11,11
25600,87,81,6,6
25601,129,121,8,8
25602,57,86,-29,29
25603,54,58,-4,4
25604,122,105,17,17
25605,90,90,0,0
25606,136,127,9,9
25607,55,61,-6,6
25608,69,76,-7,7
25609,118,112,6,6
25610,103,103,0,0
25611,70,71,-1,1
25612,43,51,-8,8
25613,66,71,-5,5
25614,140,140,0,0
25615,89,92,-3,3
25616,147,119,28,28
25617,112,108,4,4
25618,78,65,13,13
25619,40,50,-10,10
25620,55,58,-3,3
25621,77,74,3,3
25622,80,93,-13,13
25623,71,73,-2,2
25624,82,84,-2,2
25625,82,86,-4,4
25626,93,98,-5,5
25627,68,64,4,4
25628,96,87,9,9
25629,116,111,5,5
25630,53,63,-10,10
25631,87,81,6,6
25632,116,116,0,0
25633,102,96,6,6
25634,89,83,6,6
25635,121,116,5,5
25636,92,87,5,5
25637,29,59,-30,30
25638,98,88,10,10
25639,70,60,10,10
25640,127,118,9,9
25641,208,194,14,14
25642,85,80,5,5
25643,84,93,-9,9
25644,92,95,-3,3
25645,118,132,-14,14
25646,66,69,-3,3
25647,79,82,-3,3
25648,167,148,19,19
25649,174,168,6,6
25650,92,89,3,3
25651,90,97,-7,7
25652,103,97,6,6
25653,85,81,4,4
25654,43,51,-8,8
25655,144,142,2,2
25656,66,58,8,8
25657,33,60,-27,27
25658,50,59,-9,9
25659,68,64,4,4
25660,152,163,-11,11
25661,102,95,7,7
25662,45,50,-5,5
25663,67,66,1,1
25664,59,62,-3,3
25665,92,100,-8,8
25666,138,136,2,2
25667,152,143,9,9
25668,79,76,3,3
25669,122,122,0,0
25670,122,117,5,5
25671,59,65,-6,6
25672,164,144,20,20
25673,93,141,-48,48
25674,86,93,-7,7
25675,133,122,11,11
25676,95,106,-11,11
25677,86,94,-8,8
25678,76,72,4,4
25679,152,145,7,7
25680,99,88,11,11
25681,62,61,1,1
25682,92,99,-7,7
25683,105,97,8,8
25684,95,86,9,9
25685,103,76,27,27
25686,64,69,-5,5
25687,113,124,-11,11
25688,139,140,-1,1
25689,116,107,9,9
25690,109,113,-4,4
25691,110,110,0,0
25692,102,100,2,2
25693,108,114,-6,6
25694,83,73,10,10
25695,151,143,8,8
25696,84,89,-5,5
25697,109,100,9,9
25698,136,129,7,7
25699,109,104,5,5
25700,136,116,20,20
25701,109,104,5,5
25702,68,72,-4,4
25703,76,72,4,4
25704,81,81,0,0
25705,102,100,2,2
25706,139,134,5,5
25707,86,88,-2,2
25708,105,100,5,5
25709,58,66,-8,8
25710,35,51,-16,16
25711,49,57,-8,8
25712,82,81,1,1
25713,70,79,-9,9
25714,79,79,0,0
25715,66,56,10,10
25716,122,119,3,3
25717,77,73,4,4
25718,120,114,6,6
25719,155,137,18,18
25720,123,125,-2,2
25721,74,82,-8,8
25722,88,88,0,0
25723,143,139,4,4
25724,88,73,15,15
25725,57,58,-1,1
25726,130,125,5,5
25727,81,89,-8,8
25728,83,89,-6,6
25729,173,146,27,27
25730,66,65,1,1
25731,91,92,-1,1
25732,70,67,3,3
25733,73,60,13,13
25734,72,79,-7,7
25735,73,71,2,2
25736,109,119,-10,10
25737,106,66,40,40
25738,72,67,5,5
25739,80,85,-5,5
25740,188,172,16,16
25741,112,109,3,3
25742,116,111,5,5
25743,115,105,10,10
25744,97,97,0,0
25745,171,167,4,4
25746,96,102,-6,6
25747,97,91,6,6
25748,60,61,-1,1
25749,119,104,15,15
25750,144,140,4,4
25751,64,63,1,1
25752,55,58,-3,3
25753,92,90,2,2
25754,92,89,3,3
25755,133,137,-4,4
25756,62,63,-1,1
25757,143,141,2,2
25758,92,97,-5,5
25759,95,116,-21,21
25760,43,50,-7,7
25761,110,108,2,2
25762,94,82,12,12
25763,68,67,1,1
25764,81,79,2,2
25765,150,134,16,16
25766,129,124,5,5
25767,133,119,14,14
25768,105,102,3,3
25769,66,85,-19,19
25770,91,94,-3,3
25771,90,75,15,15
25772,117,95,22,22
25773,140,134,6,6
25774,165,159,6,6
25775,95,95,0,0
25776,85,77,8,8
25777,158,136,22,22
25778,138,145,-7,7
25779,96,97,-1,1
25780,122,119,3,3
25781,65,61,4,4
25782,63,64,-1,1
25783,111,107,4,4
25784,80,96,-16,16
25785,79,82,-3,3
25786,100,90,10,10
25787,81,87,-6,6
25788,92,92,0,0
25789,75,94,-19,19
25790,82,85,-3,3
25791,79,88,-9,9
25792,57,66,-9,9
25793,148,121,27,27
25794,79,78,1,1
25795,122,117,5,5
25796,82,84,-2,2
25797,61,61,0,0
25798,38,50,-12,12
25799,94,102,-8,8
25800,101,87,14,14
25801,89,83,6,6
25802,68,64,4,4
25803,47,54,-7,7
25804,90,86,4,4
25805,60,63,-3,3
25806,114,107,7,7
25807,80,89,-9,9
25808,127,113,14,14
25809,102,109,-7,7
25810,69,64,5,5
25811,53,67,-14,14
25812,59,63,-4,4
25813,95,99,-4,4
25814,64,63,1,1
25815,144,150,-6,6
25816,71,79,-8,8
25817,100,106,-6,6
25818,116,118,-2,2
25819,104,102,2,2
25820,177,183,-6,6
25821,108,104,4,4
25822,132,121,11,11
25823,118,106,12,12
25824,135,149,-14,14
25825,115,111,4,4
25826,73,73,0,0
25827,133,122,11,11
25828,95,93,2,2
25829,80,80,0,0
25830,48,68,-20,20
25831,158,153,5,5
25832,73,76,-3,3
25833,94,89,5,5
25834,74,100,-26,26
25835,154,156,-2,2
25836,127,128,-1,1
25837,73,70,3,3
25838,89,86,3,3
25839,61,63,-2,2
25840,87,78,9,9
25841,65,81,-16,16
25842,81,88,-7,7
25843,99,99,0,0
25844,83,89,-6,6
25845,90,94,-4,4
25846,82,82,0,0
25847,115,105,10,10
25848,137,138,-1,1
25849,78,77,1,1
25850,94,84,10,10
25851,101,101,0,0
25852,96,94,2,2
25853,77,74,3,3
25854,112,103,9,9
25855,138,137,1,1
25856,98,94,4,4
25857,91,94,-3,3
25858,143,137,6,6
25859,153,151,2,2
25860,40,51,-11,11
25861,69,65,4,4
25862,67,63,4,4
25863,43,52,-9,9
25864,104,105,-1,1
25865,117,108,9,9
25866,84,76,8,8
25867,84,91,-7,7
25868,74,67,7,7
25869,75,69,6,6
25870,147,150,-3,3
25871,94,99,-5,5
25872,92,89,3,3
25873,71,75,-4,4
25874,84,82,2,2
25875,78,101,-23,23
25876,83,81,2,2
25877,84,93,-9,9
25878,42,59,-17,17
25879,149,147,2,2
25880,95,100,-5,5
25881,132,118,14,14
25882,83,89,-6,6
25883,131,131,0,0
25884,62,66,-4,4
25885,87,88,-1,1
25886,91,84,7,7
25887,155,170,-15,15
25888,73,80,-7,7
25889,98,100,-2,2
25890,72,66,6,6
25891,75,78,-3,3
25892,147,138,9,9
25893,54,61,-7,7
25894,128,120,8,8
25895,98,98,0,0
25896,111,108,3,3
25897,81,83,-2,2
25898,87,77,10,10
25899,28,62,-34,34
25900,123,119,4,4
25901,82,76,6,6
25902,82,71,11,11
25903,113,105,8,8
25904,121,134,-13,13
25905,124,121,3,3
25906,85,80,5,5
25907,82,83,-1,1
25908,107,110,-3,3
25909,113,112,1,1
25910,74,82,-8,8
25911,97,90,7,7
25912,56,62,-6,6
25913,89,88,1,1
25914,132,124,8,8
25915,134,129,5,5
25916,93,98,-5,5
25917,128,136,-8,8
25918,121,123,-2,2
25919,132,138,-6,6
25920,114,114,0,0
25921,93,90,3,3
25922,132,128,4,4
25923,139,121,18,18
25924,59,61,-2,2
25925,185,166,19,19
25926,47,55,-8,8
25927,68,70,-2,2
25928,122,128,-6,6
25929,130,135,-5,5
25930,98,99,-1,1
25931,42,50,-8,8
25932,125,124,1,1
25933,56,58,-2,2
25934,129,127,2,2
25935,60,83,-23,23
25936,51,54,-3,3
25937,78,77,1,1
25938,62,66,-4,4
25939,80,94,-14,14
25940,39,51,-12,12
25941,120,117,3,3
25942,100,91,9,9
25943,112,121,-9,9
25944,85,82,3,3
25945,118,112,6,6
25946,124,129,-5,5
25947,56,55,1,1
25948,97,98,-1,1
25949,83,90,-7,7
25950,91,93,-2,2
25951,68,69,-1,1
25952,108,114,-6,6
25953,87,90,-3,3
25954,57,59,-2,2
25955,70,64,6,6
25956,87,86,1,1
25957,111,103,8,8
25958,79,85,-6,6
25959,117,103,14,14
25960,95,100,-5,5
25961,139,129,10,10
25962,52,51,1,1
25963,47,95,-48,48
25964,104,105,-1,1
25965,89,81,8,8
25966,86,93,-7,7
25967,90,85,5,5
25968,113,108,5,5
25969,89,91,-2,2
25970,94,97,-3,3
25971,134,132,2,2
25972,63,61,2,2
25973,102,98,4,4
25974,146,133,13,13
25975,140,139,1,1
25976,73,74,-1,1
25977,127,124,3,3
25978,47,57,-10,10
25979,90,108,-18,18
25980,77,77,0,0
25981,136,127,9,9
25982,121,119,2,2
25983,82,74,8,8
25984,114,123,-9,9
25985,114,108,6,6
25986,80,75,5,5
25987,82,73,9,9
25988,79,75,4,4
25989,107,112,-5,5
25990,113,98,15,15
25991,114,107,7,7
25992,52,58,-6,6
25993,67,69,-2,2
25994,74,77,-3,3
25995,113,110,3,3
25996,77,71,6,6
25997,125,132,-7,7
25998,60,56,4,4
25999,78,80,-2,2
26000,94,95,-1,1
26001,102,97,5,5
26002,115,108,7,7
26003,114,107,7,7
26004,115,120,-5,5
26005,109,104,5,5
26006,107,114,-7,7
26007,80,77,3,3
26008,111,107,4,4
26009,36,56,-20,20
26010,78,76,2,2
26011,87,82,5,5
26012,74,73,1,1
26013,70,76,-6,6
26014,64,62,2,2
26015,51,53,-2,2
26016,97,98,-1,1
26017,106,103,3,3
26018,150,144,6,6
26019,105,100,5,5
26020,80,85,-5,5
26021,81,82,-1,1
26022,78,79,-1,1
26023,103,106,-3,3
26024,68,69,-1,1
26025,69,70,-1,1
26026,100,116,-16,16
26027,100,83,17,17
26028,171,162,9,9
26029,102,94,8,8
26030,98,86,12,12
26031,81,90,-9,9
26032,86,76,10,10
26033,47,53,-6,6
26034,83,85,-2,2
26035,139,138,1,1
26036,71,76,-5,5
26037,142,138,4,4
26038,65,61,4,4
26039,68,65,3,3
26040,63,64,-1,1
26041,105,92,13,13
26042,53,59,-6,6
26043,126,119,7,7
26044,137,136,1,1
26045,64,58,6,6
26046,126,137,-11,11
26047,117,108,9,9
26048,65,90,-25,25
26049,133,137,-4,4
26050,64,59,5,5
26051,96,90,6,6
26052,92,93,-1,1
26053,99,103,-4,4
26054,148,147,1,1
26055,54,57,-3,3
26056,99,77,22,22
26057,89,97,-8,8
26058,63,61,2,2
26059,90,89,1,1
26060,71,80,-9,9
26061,82,71,11,11
26062,89,88,1,1
26063,58,60,-2,2
26064,88,93,-5,5
26065,91,92,-1,1
26066,29,50,-21,21
26067,63,67,-4,4
26068,73,69,4,4
26069,68,60,8,8
26070,76,78,-2,2
26071,73,68,5,5
26072,152,139,13,13
26073,113,98,15,15
26074,57,54,3,3
26075,81,78,3,3
26076,102,111,-9,9
26077,87,110,-23,23
26078,106,106,0,0
26079,83,89,-6,6
26080,164,151,13,13
26081,122,105,17,17
26082,68,74,-6,6
26083,79,72,7,7
26084,57,58,-1,1
26085,116,118,-2,2
26086,57,58,-1,1
26087,105,93,12,12
26088,95,85,10,10
26089,164,162,2,2
26090,159,162,-3,3
26091,92,80,12,12
26092,100,111,-11,11
26093,64,57,7,7
26094,121,158,-37,37
26095,157,147,10,10
26096,116,112,4,4
26097,46,54,-8,8
26098,106,100,6,6
26099,67,73,-6,6
26100,83,85,-2,2
26101,66,59,7,7
26102,105,106,-1,1
26103,166,167,-1,1
26104,109,89,20,20
26105,75,72,3,3
26106,86,85,1,1
26107,91,85,6,6
26108,76,73,3,3
26109,149,157,-8,8
26110,102,95,7,7
26111,76,76,0,0
26112,64,59,5,5
26113,108,102,6,6
26114,99,96,3,3
26115,104,106,-2,2
26116,136,143,-7,7
26117,72,84,-12,12
26118,92,79,13,13
26119,70,69,1,1
26120,69,68,1,1
26121,154,145,9,9
26122,129,124,5,5
26123,102,100,2,2
26124,107,103,4,4
26125,107,108,-1,1
26126,75,65,10,10
26127,108,105,3,3
26128,96,90,6,6
26129,80,85,-5,5
26130,73,73,0,0
26131,129,126,3,3
26132,57,58,-1,1
26133,92,90,2,2
26134,70,78,-8,8
26135,61,68,-7,7
26136,52,69,-17,17
26137,145,137,8,8
26138,74,79,-5,5
26139,75,71,4,4
26140,134,133,1,1
26141,105,108,-3,3
26142,108,96,12,12
26143,98,99,-1,1
26144,96,88,8,8
26145,135,129,6,6
26146,103,103,0,0
26147,84,82,2,2
26148,132,122,10,10
26149,114,98,16,16
26150,87,79,8,8
26151,55,59,-4,4
26152,65,58,7,7
26153,48,56,-8,8
26154,64,64,0,0
26155,113,100,13,13
26156,137,127,10,10
26157,124,123,1,1
26158,47,53,-6,6
26159,103,97,6,6
26160,136,133,3,3
26161,80,78,2,2
26162,65,86,-21,21
26163,117,105,12,12
26164,113,119,-6,6
26165,71,69,2,2
26166,132,140,-8,8
26167,102,86,16,16
26168,191,178,13,13
26169,127,116,11,11
26170,102,103,-1,1
26171,104,98,6,6
26172,113,111,2,2
26173,74,91,-17,17
26174,143,139,4,4
26175,73,64,9,9
26176,143,137,6,6
26177,120,111,9,9
26178,95,94,1,1
26179,84,86,-2,2
26180,146,141,5,5
26181,70,68,2,2
26182,125,106,19,19
26183,79,78,1,1
26184,77,83,-6,6
26185,69,63,6,6
26186,100,97,3,3
26187,190,173,17,17
26188,90,93,-3,3
26189,67,82,-15,15
26190,179,176,3,3
26191,68,78,-10,10
26192,79,90,-11,11
26193,149,135,14,14
26194,87,72,15,15
26195,58,83,-25,25
26196,176,182,-6,6
26197,67,65,2,2
26198,76,79,-3,3
26199,127,123,4,4
26200,73,67,6,6
26201,68,67,1,1
26202,70,68,2,2
26203,101,88,13,13
26204,122,131,-9,9
26205,95,93,2,2
26206,90,88,2,2
26207,85,91,-6,6
26208,138,130,8,8
26209,115,116,-1,1
26210,122,113,9,9
26211,59,58,1,1
26212,51,52,-1,1
26213,106,99,7,7
26214,110,111,-1,1
26215,111,111,0,0
26216,62,83,-21,21
26217,93,81,12,12
26218,46,51,-5,5
26219,107,109,-2,2
26220,144,128,16,16
26221,92,80,12,12
26222,92,93,-1,1
26223,95,107,-12,12
26224,154,149,5,5
26225,54,55,-1,1
26226,102,103,-1,1
26227,61,65,-4,4
26228,109,115,-6,6
26229,155,129,26,26
26230,83,69,14,14
26231,79,78,1,1
26232,102,101,1,1
26233,133,117,16,16
26234,134,144,-10,10
26235,81,75,6,6
26236,151,144,7,7
26237,46,51,-5,5
26238,97,94,3,3
26239,62,58,4,4
26240,114,112,2,2
26241,83,86,-3,3
26242,114,108,6,6
26243,87,96,-9,9
26244,110,98,12,12
26245,232,228,4,4
26246,35,50,-15,15
26247,96,92,4,4
26248,87,93,-6,6
26249,52,55,-3,3
26250,89,86,3,3
26251,84,75,9,9
26252,84,85,-1,1
26253,151,147,4,4
26254,51,55,-4,4
26255,112,102,10,10
26256,189,182,7,7
26257,68,66,2,2
26258,77,72,5,5
26259,62,64,-2,2
26260,112,116,-4,4
26261,95,94,1,1
26262,81,85,-4,4
26263,108,96,12,12
26264,96,94,2,2
26265,58,56,2,2
26266,84,82,2,2
26267,116,105,11,11
26268,97,101,-4,4
26269,92,89,3,3
26270,101,111,-10,10
26271,56,53,3,3
26272,74,79,-5,5
26273,115,107,8,8
26274,74,79,-5,5
26275,58,54,4,4
26276,129,129,0,0
26277,91,91,0,0
26278,59,54,5,5
26279,52,53,-1,1
26280,73,72,1,1
26281,69,58,11,11
26282,119,97,22,22
26283,126,117,9,9
26284,114,91,23,23
26285,100,106,-6,6
26286,86,85,1,1
26287,116,130,-14,14
26288,72,67,5,5
26289,61,62,-1,1
26290,83,71,12,12
26291,94,96,-2,2
26292,90,93,-3,3
26293,93,98,-5,5
26294,31,50,-19,19
26295,163,154,9,9
26296,99,93,6,6
26297,46,53,-7,7
26298,55,56,-1,1
26299,75,80,-5,5
26300,72,77,-5,5
26301,107,94,13,13
26302,89,97,-8,8
26303,66,53,13,13
26304,67,71,-4,4
26305,145,145,0,0
26306,151,141,10,10
26307,153,132,21,21
26308,56,52,4,4
26309,97,100,-3,3
26310,162,154,8,8
26311,90,89,1,1
26312,106,97,9,9
26313,27,50,-23,23
26314,93,82,11,11
26315,105,103,2,2
26316,123,132,-9,9
26317,61,67,-6,6
26318,64,56,8,8
26319,109,109,0,0
26320,153,148,5,5
26321,81,75,6,6
26322,167,148,19,19
26323,100,94,6,6
26324,40,54,-14,14
26325,84,92,-8,8
26326,126,126,0,0
26327,69,68,1,1
26328,54,50,4,4
26329,41,51,-10,10
26330,86,93,-7,7
26331,71,63,8,8
26332,97,96,1,1
26333,131,132,-1,1
26334,42,51,-9,9
26335,102,101,1,1
26336,83,85,-2,2
26337,187,171,16,16
26338,180,172,8,8
26339,73,75,-2,2
26340,108,132,-24,24
26341,57,63,-6,6
26342,121,116,5,5
26343,88,92,-4,4
26344,105,103,2,2
26345,80,90,-10,10
26346,86,95,-9,9
26347,124,118,6,6
26348,117,112,5,5
26349,112,109,3,3
26350,66,61,5,5
26351,94,100,-6,6
26352,107,111,-4,4
26353,45,51,-6,6
26354,121,115,6,6
26355,82,75,7,7
26356,69,66,3,3
26357,160,145,15,15
26358,119,107,12,12
26359,58,59,-1,1
26360,100,99,1,1
26361,72,69,3,3
26362,67,67,0,0
26363,66,67,-1,1
26364,119,113,6,6
26365,138,143,-5,5
26366,65,60,5,5
26367,105,110,-5,5
26368,36,50,-14,14
26369,69,72,-3,3
26370,78,74,4,4
26371,131,117,14,14
26372,109,117,-8,8
26373,75,69,6,6
26374,63,55,8,8
26375,53,62,-9,9
26376,105,110,-5,5
26377,64,70,-6,6
26378,70,76,-6,6
26379,26,50,-24,24
26380,181,165,16,16
26381,66,64,2,2
26382,130,140,-10,10
26383,122,120,2,2
26384,94,89,5,5
26385,124,125,-1,1
26386,70,73,-3,3
26387,114,117,-3,3
26388,93,88,5,5
26389,106,112,-6,6
26390,96,97,-1,1
26391,90,90,0,0
26392,118,118,0,0
26393,63,87,-24,24
26394,79,86,-7,7
26395,43,54,-11,11
26396,112,117,-5,5
26397,45,53,-8,8
26398,114,121,-7,7
26399,107,98,9,9
26400,83,82,1,1
26401,40,51,-11,11
26402,98,101,-3,3
26403,115,113,2,2
26404,92,101,-9,9
26405,131,141,-10,10
26406,106,88,18,18
26407,99,95,4,4
26408,67,65,2,2
26409,171,161,10,10
26410,128,111,17,17
26411,88,84,4,4
26412,56,59,-3,3
26413,113,107,6,6
26414,62,58,4,4
26415,81,69,12,12
26416,83,86,-3,3
26417,113,103,10,10
26418,100,104,-4,4
26419,91,88,3,3
26420,79,88,-9,9
26421,156,147,9,9
26422,113,117,-4,4
26423,67,80,-13,13
26424,129,121,8,8
26425,89,93,-4,4
26426,66,66,0,0
26427,102,108,-6,6
26428,131,127,4,4
26429,111,104,7,7
26430,47,50,-3,3
26431,37,55,-18,18
26432,92,95,-3,3
26433,91,89,2,2
26434,101,96,5,5
26435,43,57,-14,14
26436,78,69,9,9
26437,102,105,-3,3
26438,92,91,1,1
26439,96,105,-9,9
26440,109,108,1,1
26441,98,105,-7,7
26442,131,118,13,13
26443,104,113,-9,9
26444,96,124,-28,28
26445,98,97,1,1
26446,66,66,0,0
26447,75,74,1,1
26448,70,69,1,1
26449,49,55,-6,6
26450,110,99,11,11
26451,128,113,15,15
26452,50,51,-1,1
26453,85,87,-2,2
26454,59,56,3,3
26455,41,57,-16,16
26456,71,69,2,2
26457,117,109,8,8
26458,91,91,0,0
26459,64,62,2,2
26460,118,120,-2,2
26461,43,51,-8,8
26462,134,130,4,4
26463,101,93,8,8
26464,109,91,18,18
26465,114,117,-3,3
26466,118,124,-6,6
26467,70,79,-9,9
26468,102,98,4,4
26469,157,158,-1,1
26470,308,271,37,37
26471,104,115,-11,11
26472,106,95,11,11
26473,74,69,5,5
26474,148,141,7,7
26475,106,103,3,3
26476,74,72,2,2
26477,118,112,6,6
26478,114,115,-1,1
26479,60,58,2,2
26480,135,120,15,15
26481,60,57,3,3
26482,62,64,-2,2
26483,120,121,-1,1
26484,150,162,-12,12
26485,112,103,9,9
26486,87,87,0,0
26487,100,99,1,1
26488,52,60,-8,8
26489,82,84,-2,2
26490,136,141,-5,5
26491,65,67,-2,2
26492,104,95,9,9
26493,134,127,7,7
26494,104,90,14,14
26495,119,118,1,1
26496,119,115,4,4
26497,60,70,-10,10
26498,155,154,1,1
26499,129,130,-1,1
26500,46,52,-6,6
26501,58,59,-1,1
26502,73,60,13,13
26503,114,105,9,9
26504,85,95,-10,10
26505,77,74,3,3
26506,89,82,7,7
26507,186,169,17,17
26508,74,67,7,7
26509,80,67,13,13
26510,108,108,0,0
26511,112,81,31,31
26512,38,50,-12,12
26513,61,56,5,5
26514,109,102,7,7
26515,46,50,-4,4
26516,139,125,14,14
26517,85,87,-2,2
26518,97,88,9,9
26519,60,71,-11,11
26520,36,51,-15,15
26521,89,96,-7,7
26522,147,139,8,8
26523,94,81,13,13
26524,88,83,5,5
26525,120,111,9,9
26526,75,84,-9,9
26527,95,94,1,1
26528,90,85,5,5
26529,46,56,-10,10
26530,49,53,-4,4
26531,145,138,7,7
26532,93,83,10,10
26533,48,50,-2,2
26534,93,92,1,1
26535,76,70,6,6
26536,51,56,-5,5
26537,102,96,6,6
26538,86,86,0,0
26539,88,82,6,6
26540,97,102,-5,5
26541,139,128,11,11
26542,163,156,7,7
26543,91,100,-9,9
26544,139,126,13,13
26545,56,65,-9,9
26546,56,69,-13,13
26547,84,79,5,5
26548,85,88,-3,3
26549,55,59,-4,4
26550,82,79,3,3
26551,90,80,10,10
26552,102,92,10,10
26553,46,52,-6,6
26554,151,145,6,6
26555,90,82,8,8
26556,78,110,-32,32
26557,70,61,9,9
26558,126,113,13,13
26559,114,114,0,0
26560,135,119,16,16
26561,209,187,22,22
26562,163,154,9,9
26563,62,62,0,0
26564,79,91,-12,12
26565,90,86,4,4
26566,126,118,8,8
26567,161,142,19,19
26568,119,110,9,9
26569,65,79,-14,14
26570,75,101,-26,26
26571,94,85,9,9
26572,57,55,2,2
26573,60,59,1,1
26574,62,60,2,2
26575,61,62,-1,1
26576,174,165,9,9
26577,65,66,-1,1
26578,122,125,-3,3
26579,103,120,-17,17
26580,66,66,0,0
26581,110,99,11,11
26582,59,62,-3,3
26583,120,110,10,10
26584,101,99,2,2
26585,94,90,4,4
26586,125,119,6,6
26587,76,69,7,7
26588,66,71,-5,5
26589,85,95,-10,10
26590,101,101,0,0
26591,79,79,0,0
26592,179,168,11,11
26593,73,80,-7,7
26594,97,102,-5,5
26595,40,58,-18,18
26596,75,73,2,2
26597,157,154,3,3
26598,77,79,-2,2
26599,108,115,-7,7
26600,129,120,9,9
26601,100,96,4,4
26602,76,93,-17,17
26603,40,50,-10,10
26604,72,75,-3,3
26605,81,77,4,4
26606,122,111,11,11
26607,77,69,8,8
26608,162,156,6,6
26609,52,53,-1,1
26610,86,79,7,7
26611,61,56,5,5
26612,139,131,8,8
26613,122,115,7,7
26614,129,131,-2,2
26615,64,64,0,0
26616,53,57,-4,4
26617,163,158,5,5
26618,76,87,-11,11
26619,47,52,-5,5
26620,57,60,-3,3
26621,142,132,10,10
26622,89,77,12,12
26623,100,104,-4,4
26624,126,134,-8,8
26625,149,138,11,11
26626,102,96,6,6
26627,51,58,-7,7
26628,131,111,20,20
26629,113,112,1,1
26630,128,119,9,9
26631,84,75,9,9
26632,88,85,3,3
26633,96,92,4,4
26634,131,114,17,17
26635,142,137,5,5
26636,139,132,7,7
26637,62,69,-7,7
26638,162,169,-7,7
26639,100,98,2,2
26640,94,90,4,4
26641,118,110,8,8
26642,140,125,15,15
26643,105,102,3,3
26644,54,59,-5,5
26645,80,80,0,0
26646,54,56,-2,2
26647,82,89,-7,7
26648,78,78,0,0
26649,81,81,0,0
26650,55,55,0,0
26651,142,146,-4,4
26652,152,140,12,12
26653,121,115,6,6
26654,109,106,3,3
26655,80,89,-9,9
26656,73,73,0,0
26657,154,118,36,36
26658,122,123,-1,1
26659,85,82,3,3
26660,65,69,-4,4
26661,127,115,12,12
26662,44,50,-6,6
26663,90,95,-5,5
26664,115,113,2,2
26665,124,120,4,4
26666,148,149,-1,1
26667,49,51,-2,2
26668,77,74,3,3
26669,173,165,8,8
26670,68,90,-22,22
26671,149,151,-2,2
26672,73,74,-1,1
26673,54,58,-4,4
26674,90,80,10,10
26675,73,73,0,0
26676,74,77,-3,3
26677,49,51,-2,2
26678,79,71,8,8
26679,117,118,-1,1
26680,57,63,-6,6
26681,123,113,10,10
26682,94,94,0,0
26683,124,100,24,24
26684,74,77,-3,3
26685,63,63,0,0
26686,116,106,10,10
26687,93,85,8,8
26688,115,118,-3,3
26689,64,64,0,0
26690,117,122,-5,5
26691,74,79,-5,5
26692,49,52,-3,3
26693,72,64,8,8
26694,86,89,-3,3
26695,52,56,-4,4
26696,87,86,1,1
26697,152,150,2,2
26698,61,67,-6,6
26699,67,69,-2,2
26700,64,70,-6,6
26701,100,98,2,2
26702,135,117,18,18
26703,120,120,0,0
26704,124,113,11,11
26705,105,109,-4,4
26706,144,145,-1,1
26707,100,102,-2,2
26708,80,82,-2,2
26709,73,88,-15,15
26710,82,84,-2,2
26711,76,69,7,7
26712,115,115,0,0
26713,106,106,0,0
26714,125,127,-2,2
26715,86,82,4,4
26716,94,93,1,1
26717,80,84,-4,4
26718,145,131,14,14
26719,122,116,6,6
26720,122,117,5,5
26721,115,112,3,3
26722,66,66,0,0
26723,85,77,8,8
26724,95,101,-6,6
26725,110,98,12,12
26726,49,65,-16,16
26727,80,94,-14,14
26728,101,96,5,5
26729,77,78,-1,1
26730,89,97,-8,8
26731,130,117,13,13
26732,106,116,-10,10
26733,56,53,3,3
26734,68,64,4,4
26735,152,142,10,10
26736,113,118,-5,5
26737,98,97,1,1
26738,125,117,8,8
26739,71,69,2,2
26740,123,106,17,17
26741,97,77,20,20
26742,77,77,0,0
26743,56,61,-5,5
26744,127,120,7,7
26745,49,58,-9,9
26746,115,110,5,5
26747,61,60,1,1
26748,97,94,3,3
26749,101,103,-2,2
26750,77,82,-5,5
26751,117,126,-9,9
26752,90,101,-11,11
26753,120,113,7,7
26754,80,81,-1,1
26755,71,67,4,4
26756,54,56,-2,2
26757,80,85,-5,5
26758,110,109,1,1
26759,71,91,-20,20
26760,82,86,-4,4
26761,68,80,-12,12
26762,78,88,-10,10
26763,69,65,4,4
26764,87,91,-4,4
26765,94,84,10,10
26766,137,130,7,7
26767,57,59,-2,2
26768,56,56,0,0
26769,57,66,-9,9
26770,62,58,4,4
26771,63,73,-10,10
26772,165,157,8,8
26773,115,108,7,7
26774,133,130,3,3
26775,94,83,11,11
26776,107,106,1,1
26777,106,102,4,4
26778,112,116,-4,4
26779,93,93,0,0
26780,55,59,-4,4
26781,85,87,-2,2
26782,41,50,-9,9
26783,120,108,12,12
26784,99,96,3,3
26785,83,71,12,12
26786,84,86,-2,2
26787,110,107,3,3
26788,124,143,-19,19
26789,122,113,9,9
26790,38,50,-12,12
26791,120,118,2,2
26792,97,97,0,0
26793,61,65,-4,4
26794,113,115,-2,2
26795,74,65,9,9
26796,79,74,5,5
26797,125,109,16,16
26798,81,80,1,1
26799,125,117,8,8
26800,123,123,0,0
26801,90,93,-3,3
26802,48,54,-6,6
26803,55,59,-4,4
26804,62,73,-11,11
26805,64,74,-10,10
26806,91,95,-4,4
26807,145,142,3,3
26808,86,83,3,3
26809,66,72,-6,6
26810,116,126,-10,10
26811,76,76,0,0
26812,88,96,-8,8
26813,103,109,-6,6
26814,97,104,-7,7
26815,138,126,12,12
26816,75,75,0,0
26817,92,85,7,7
26818,149,143,6,6
26819,60,60,0,0
26820,108,110,-2,2
26821,30,50,-20,20
26822,89,83,6,6
26823,49,57,-8,8
26824,97,90,7,7
26825,128,113,15,15
26826,96,94,2,2
26827,96,93,3,3
26828,63,55,8,8
26829,76,72,4,4
26830,106,108,-2,2
26831,79,85,-6,6
26832,127,117,10,10
26833,45,53,-8,8
26834,105,116,-11,11
26835,90,84,6,6
26836,43,52,-9,9
26837,235,150,85,85
26838,50,57,-7,7
26839,111,103,8,8
26840,69,67,2,2
26841,52,130,-78,78
26842,105,105,0,0
26843,49,51,-2,2
26844,66,69,-3,3
26845,64,63,1,1
26846,75,65,10,10
26847,70,71,-1,1
26848,96,90,6,6
26849,86,89,-3,3
26850,109,105,4,4
26851,357,212,145,145
26852,74,72,2,2
26853,96,100,-4,4
26854,101,103,-2,2
26855,86,89,-3,3
26856,97,87,10,10
26857,47,50,-3,3
26858,76,88,-12,12
26859,139,127,12,12
26860,127,124,3,3
26861,119,109,10,10
26862,133,125,8,8
26863,190,190,0,0
26864,119,109,10,10
26865,96,95,1,1
26866,31,50,-19,19
26867,94,109,-15,15
26868,112,128,-16,16
26869,104,100,4,4
26870,162,147,15,15
26871,128,120,8,8
26872,142,140,2,2
26873,107,78,29,29
26874,120,104,16,16
26875,57,59,-2,2
26876,157,146,11,11
26877,94,92,2,2
26878,109,117,-8,8
26879,58,66,-8,8
26880,108,93,15,15
26881,88,79,9,9
26882,123,129,-6,6
26883,85,87,-2,2
26884,136,145,-9,9
26885,72,75,-3,3
26886,77,77,0,0
26887,59,56,3,3
26888,154,143,11,11
26889,63,78,-15,15
26890,40,50,-10,10
26891,142,145,-3,3
26892,160,151,9,9
26893,68,62,6,6
26894,91,78,13,13
26895,77,83,-6,6
26896,135,129,6,6
26897,134,198,-64,64
26898,172,172,0,0
26899,131,154,-23,23
26900,86,91,-5,5
26901,67,70,-3,3
26902,55,55,0,0
26903,148,144,4,4
26904,66,71,-5,5
26905,120,104,16,16
26906,83,80,3,3
26907,101,94,7,7
26908,83,76,7,7
26909,106,128,-22,22
26910,99,99,0,0
26911,67,66,1,1
26912,130,127,3,3
26913,79,79,0,0
26914,43,57,-14,14
26915,146,131,15,15
26916,57,60,-3,3
26917,100,110,-10,10
26918,139,121,18,18
26919,114,100,14,14
26920,61,62,-1,1
26921,77,94,-17,17
26922,102,107,-5,5
26923,104,97,7,7
26924,145,148,-3,3
26925,81,89,-8,8
26926,87,93,-6,6
26927,135,140,-5,5
26928,117,117,0,0
26929,82,71,11,11
26930,118,118,0,0
26931,106,114,-8,8
26932,123,120,3,3
26933,109,111,-2,2
26934,66,66,0,0
26935,86,86,0,0
26936,104,107,-3,3
26937,61,72,-11,11
26938,59,85,-26,26
26939,68,70,-2,2
26940,68,72,-4,4
26941,63,66,-3,3
26942,85,80,5,5
26943,135,138,-3,3
26944,117,122,-5,5
26945,134,122,12,12
26946,104,104,0,0
26947,73,74,-1,1
26948,79,80,-1,1
26949,137,132,5,5
26950,106,94,12,12
26951,80,70,10,10
26952,175,165,10,10
26953,96,102,-6,6
26954,137,125,12,12
26955,119,116,3,3
26956,118,113,5,5
26957,135,133,2,2
26958,127,104,23,23
26959,103,104,-1,1
26960,87,88,-1,1
26961,90,69,21,21
26962,50,53,-3,3
26963,68,69,-1,1
26964,75,76,-1,1
26965,150,152,-2,2
26966,107,96,11,11
26967,122,116,6,6
26968,48,50,-2,2
26969,141,144,-3,3
26970,96,90,6,6
26971,93,95,-2,2
26972,85,83,2,2
26973,55,56,-1,1
26974,51,56,-5,5
26975,99,97,2,2
26976,52,61,-9,9
26977,79,69,10,10
26978,110,107,3,3
26979,121,113,8,8
26980,37,50,-13,13
26981,92,92,0,0
26982,66,57,9,9
26983,148,128,20,20
26984,83,79,4,4
26985,175,163,12,12
26986,88,79,9,9
26987,110,106,4,4
26988,79,84,-5,5
26989,64,55,9,9
26990,124,113,11,11
26991,129,119,10,10
26992,91,89,2,2
26993,59,56,3,3
26994,49,62,-13,13
26995,132,127,5,5
26996,76,111,-35,35
26997,110,101,9,9
26998,61,59,2,2
26999,90,91,-1,1
27000,126,122,4,4
27001,98,99,-1,1
27002,59,58,1,1
27003,93,96,-3,3
27004,76,63,13,13
27005,75,65,10,10
27006,85,89,-4,4
27007,149,137,12,12
27008,89,86,3,3
27009,112,108,4,4
27010,88,77,11,11
27011,65,60,5,5
27012,86,86,0,0
27013,64,58,6,6
27014,81,92,-11,11
27015,86,88,-2,2
27016,70,65,5,5
27017,150,127,23,23
27018,102,92,10,10
27019,92,82,10,10
27020,47,60,-13,13
27021,92,98,-6,6
27022,108,103,5,5
27023,85,86,-1,1
27024,127,124,3,3
27025,114,109,5,5
27026,89,78,11,11
27027,98,102,-4,4
27028,47,50,-3,3
27029,95,102,-7,7
27030,174,174,0,0
27031,74,73,1,1
27032,214,204,10,10
27033,35,50,-15,15
27034,202,203,-1,1
27035,83,74,9,9
27036,125,113,12,12
27037,109,95,14,14
27038,54,60,-6,6
27039,56,57,-1,1
27040,71,76,-5,5
27041,81,79,2,2
27042,78,77,1,1
27043,61,56,5,5
27044,77,74,3,3
27045,114,106,8,8
27046,59,60,-1,1
27047,116,122,-6,6
27048,49,62,-13,13
27049,66,82,-16,16
27050,91,77,14,14
27051,98,98,0,0
27052,73,73,0,0
27053,78,78,0,0
27054,105,107,-2,2
27055,112,105,7,7
27056,84,88,-4,4
27057,78,67,11,11
27058,112,119,-7,7
27059,178,154,24,24
27060,134,134,0,0
27061,93,86,7,7
27062,99,99,0,0
27063,67,67,0,0
27064,76,79,-3,3
27065,80,74,6,6
27066,74,65,9,9
27067,83,84,-1,1
27068,99,111,-12,12
27069,70,60,10,10
27070,64,69,-5,5
27071,128,123,5,5
27072,93,80,13,13
27073,65,61,4,4
27074,40,50,-10,10
27075,133,125,8,8
27076,97,101,-4,4
27077,89,95,-6,6
27078,73,75,-2,2
27079,102,91,11,11
27080,62,59,3,3
27081,91,93,-2,2
27082,147,136,11,11
27083,70,66,4,4
27084,71,71,0,0
27085,86,87,-1,1
27086,62,60,2,2
27087,104,90,14,14
27088,72,67,5,5
27089,52,53,-1,1
27090,38,51,-13,13
27091,67,68,-1,1
27092,196,186,10,10
27093,47,51,-4,4
27094,51,55,-4,4
27095,88,85,3,3
27096,96,94,2,2
27097,42,50,-8,8
27098,101,103,-2,2
27099,105,101,4,4
27100,70,67,3,3
27101,87,102,-15,15
27102,120,122,-2,2
27103,71,67,4,4
27104,118,110,8,8
27105,71,83,-12,12
27106,101,110,-9,9
27107,80,76,4,4
27108,107,98,9,9
27109,87,78,9,9
27110,60,72,-12,12
27111,56,52,4,4
27112,79,82,-3,3
27113,148,146,2,2
27114,75,74,1,1
27115,53,56,-3,3
27116,88,86,2,2
27117,104,126,-22,22
27118,77,71,6,6
27119,53,55,-2,2
27120,114,111,3,3
27121,74,68,6,6
27122,73,86,-13,13
27123,127,117,10,10
27124,81,76,5,5
27125,127,127,0,0
27126,139,126,13,13
27127,78,76,2,2
27128,79,75,4,4
27129,115,106,9,9
27130,125,111,14,14
27131,141,139,2,2
27132,127,112,15,15
27133,105,105,0,0
27134,57,62,-5,5
27135,99,102,-3,3
27136,91,87,4,4
27137,98,86,12,12
27138,114,126,-12,12
27139,74,73,1,1
27140,143,127,16,16
27141,68,71,-3,3
27142,159,147,12,12
27143,69,67,2,2
27144,72,66,6,6
27145,48,53,-5,5
27146,110,109,1,1
27147,86,83,3,3
27148,72,76,-4,4
27149,80,71,9,9
27150,70,71,-1,1
27151,37,50,-13,13
27152,79,78,1,1
27153,53,51,2,2
27154,82,79,3,3
27155,55,59,-4,4
27156,72,79,-7,7
27157,104,102,2,2
27158,81,81,0,0
27159,131,134,-3,3
27160,110,119,-9,9
27161,70,71,-1,1
27162,96,101,-5,5
27163,56,66,-10,10
27164,76,78,-2,2
27165,87,89,-2,2
27166,100,92,8,8
27167,51,56,-5,5
27168,67,64,3,3
27169,50,56,-6,6
27170,72,89,-17,17
27171,69,69,0,0
27172,96,101,-5,5
27173,90,83,7,7
27174,84,87,-3,3
27175,136,139,-3,3
27176,83,81,2,2
27177,93,97,-4,4
27178,130,145,-15,15
27179,111,110,1,1
27180,107,117,-10,10
27181,112,117,-5,5
27182,27,50,-23,23
27183,156,139,17,17
27184,102,93,9,9
27185,122,123,-1,1
27186,114,107,7,7
27187,39,50,-11,11
27188,137,129,8,8
27189,86,83,3,3
27190,83,78,5,5
27191,148,139,9,9
27192,108,108,0,0
27193,102,96,6,6
27194,95,95,0,0
27195,52,61,-9,9
27196,78,82,-4,4
27197,99,99,0,0
27198,124,125,-1,1
27199,94,103,-9,9
27200,120,123,-3,3
27201,102,106,-4,4
27202,128,125,3,3
27203,64,55,9,9
27204,78,77,1,1
27205,65,75,-10,10
27206,128,131,-3,3
27207,88,80,8,8
27208,63,71,-8,8
27209,86,94,-8,8
27210,102,101,1,1
27211,120,95,25,25
27212,95,102,-7,7
27213,83,80,3,3
27214,96,107,-11,11
27215,75,77,-2,2
27216,50,52,-2,2
27217,69,68,1,1
27218,118,105,13,13
27219,103,108,-5,5
27220,88,92,-4,4
27221,83,82,1,1
27222,113,106,7,7
27223,89,81,8,8
27224,92,89,3,3
27225,96,97,-1,1
27226,97,120,-23,23
27227,57,56,1,1
27228,70,72,-2,2
27229,79,88,-9,9
27230,81,81,0,0
27231,106,103,3,3
27232,178,166,12,12
27233,141,139,2,2
27234,97,95,2,2
27235,152,149,3,3
27236,82,78,4,4
27237,62,58,4,4
27238,69,74,-5,5
27239,145,139,6,6
27240,80,77,3,3
27241,124,121,3,3
27242,128,128,0,0
27243,147,133,14,14
27244,181,183,-2,2
27245,92,94,-2,2
27246,48,52,-4,4
27247,144,142,2,2
27248,54,60,-6,6
27249,116,110,6,6
27250,106,92,14,14
27251,72,70,2,2
27252,139,128,11,11
27253,153,156,-3,3
27254,105,95,10,10
27255,152,145,7,7
27256,137,117,20,20
27257,123,125,-2,2
27258,49,56,-7,7
27259,80,75,5,5
27260,63,56,7,7
27261,35,60,-25,25
27262,53,55,-2,2
27263,80,85,-5,5
27264,56,56,0,0
27265,143,145,-2,2
27266,160,152,8,8
27267,98,98,0,0
27268,98,89,9,9
27269,83,87,-4,4
27270,117,125,-8,8
27271,143,141,2,2
27272,91,96,-5,5
27273,60,66,-6,6
27274,106,98,8,8
27275,33,51,-18,18
27276,65,63,2,2
27277,79,74,5,5
27278,47,50,-3,3
27279,78,75,3,3
27280,108,108,0,0
27281,59,63,-4,4
27282,75,80,-5,5
27283,130,132,-2,2
27284,75,86,-11,11
27285,89,90,-1,1
27286,85,77,8,8
27287,127,121,6,6
27288,71,81,-10,10
27289,103,99,4,4
27290,40,50,-10,10
27291,57,67,-10,10
27292,142,136,6,6
27293,61,71,-10,10
27294,77,73,4,4
27295,95,100,-5,5
27296,90,71,19,19
27297,101,103,-2,2
27298,64,59,5,5
27299,154,129,25,25
27300,90,87,3,3
27301,103,103,0,0
27302,134,128,6,6
27303,96,74,22,22
27304,48,52,-4,4
27305,88,82,6,6
27306,126,121,5,5
27307,80,75,5,5
27308,66,64,2,2
27309,43,51,-8,8
27310,71,64,7,7
27311,102,98,4,4
27312,78,75,3,3
27313,99,97,2,2
27314,110,108,2,2
27315,105,103,2,2
27316,103,112,-9,9
27317,103,100,3,3
27318,62,79,-17,17
27319,92,94,-2,2
27320,68,77,-9,9
27321,94,94,0,0
27322,97,98,-1,1
27323,50,61,-11,11
27324,46,65,-19,19
27325,76,67,9,9
27326,127,106,21,21
27327,55,56,-1,1
27328,62,59,3,3
27329,114,118,-4,4
27330,70,63,7,7
27331,110,110,0,0
27332,115,115,0,0
27333,102,92,10,10
27334,105,111,-6,6
27335,99,91,8,8
27336,122,123,-1,1
27337,69,73,-4,4
27338,69,59,10,10
27339,79,79,0,0
27340,67,70,-3,3
27341,76,74,2,2
27342,54,53,1,1
27343,96,93,3,3
27344,90,87,3,3
27345,73,66,7,7
27346,76,78,-2,2
27347,48,54,-6,6
27348,104,112,-8,8
27349,64,65,-1,1
27350,76,74,2,2
27351,106,106,0,0
27352,58,60,-2,2
27353,118,122,-4,4
27354,78,82,-4,4
27355,119,120,-1,1
27356,64,66,-2,2
27357,144,114,30,30
27358,112,95,17,17
27359,60,60,0,0
27360,58,84,-26,26
27361,148,166,-18,18
27362,70,64,6,6
27363,193,170,23,23
27364,90,97,-7,7
27365,50,52,-2,2
27366,94,89,5,5
27367,114,103,11,11
27368,57,60,-3,3
27369,72,86,-14,14
27370,97,81,16,16
27371,121,115,6,6
27372,96,92,4,4
27373,78,83,-5,5
27374,124,130,-6,6
27375,156,149,7,7
27376,103,96,7,7
27377,117,118,-1,1
27378,75,61,14,14
27379,101,104,-3,3
27380,45,50,-5,5
27381,60,60,0,0
27382,124,127,-3,3
27383,129,126,3,3
27384,90,93,-3,3
27385,79,84,-5,5
27386,64,65,-1,1
27387,87,96,-9,9
27388,138,135,3,3
27389,106,108,-2,2
27390,96,98,-2,2
27391,124,119,5,5
27392,78,71,7,7
27393,99,93,6,6
27394,208,174,34,34
27395,111,104,7,7
27396,107,101,6,6
27397,92,85,7,7
27398,87,78,9,9
27399,108,118,-10,10
27400,70,63,7,7
27401,115,115,0,0
27402,86,90,-4,4
27403,86,80,6,6
27404,165,167,-2,2
27405,59,99,-40,40
27406,111,118,-7,7
27407,196,175,21,21
27408,99,98,1,1
27409,121,93,28,28
27410,57,54,3,3
27411,78,75,3,3
27412,98,99,-1,1
27413,90,83,7,7
27414,89,93,-4,4
27415,97,90,7,7
27416,77,75,2,2
27417,78,76,2,2
27418,95,106,-11,11
27419,98,97,1,1
27420,126,116,10,10
27421,107,112,-5,5
27422,83,82,1,1
27423,129,133,-4,4
27424,93,94,-1,1
27425,210,175,35,35
27426,112,109,3,3
27427,51,53,-2,2
27428,93,80,13,13
27429,61,68,-7,7
27430,76,83,-7,7
27431,107,104,3,3
27432,115,97,18,18
27433,106,105,1,1
27434,77,80,-3,3
27435,102,107,-5,5
27436,54,61,-7,7
27437,81,72,9,9
27438,64,76,-12,12
27439,134,130,4,4
27440,124,115,9,9
27441,49,57,-8,8
27442,90,98,-8,8
27443,72,62,10,10
27444,76,79,-3,3
27445,114,103,11,11
27446,59,67,-8,8
27447,97,113,-16,16
27448,96,91,5,5
27449,177,144,33,33
27450,111,108,3,3
27451,105,112,-7,7
27452,78,89,-11,11
27453,85,94,-9,9
27454,71,66,5,5
27455,114,114,0,0
27456,78,82,-4,4
27457,164,161,3,3
27458,75,78,-3,3
27459,128,123,5,5
27460,105,117,-12,12
27461,75,72,3,3
27462,87,90,-3,3
27463,104,98,6,6
27464,130,121,9,9
27465,101,104,-3,3
27466,81,82,-1,1
27467,75,72,3,3
27468,115,111,4,4
27469,80,70,10,10
27470,54,63,-9,9
27471,93,98,-5,5
27472,142,121,21,21
27473,41,51,-10,10
27474,78,81,-3,3
27475,62,64,-2,2
27476,68,78,-10,10
27477,45,55,-10,10
27478,99,94,5,5
27479,92,86,6,6
27480,88,77,11,11
27481,134,139,-5,5
27482,112,107,5,5
27483,97,105,-8,8
27484,131,136,-5,5
27485,71,66,5,5
27486,39,50,-11,11
27487,68,73,-5,5
27488,47,53,-6,6
27489,60,58,2,2
27490,151,128,23,23
27491,81,71,10,10
27492,104,97,7,7
27493,99,104,-5,5
27494,103,100,3,3
27495,84,84,0,0
27496,92,92,0,0
27497,108,109,-1,1
27498,124,120,4,4
27499,68,70,-2,2
27500,107,103,4,4
27501,97,80,17,17
27502,108,103,5,5
27503,54,59,-5,5
27504,75,76,-1,1
27505,43,51,-8,8
27506,105,107,-2,2
27507,103,112,-9,9
27508,85,94,-9,9
27509,121,119,2,2
27510,85,86,-1,1
27511,102,95,7,7
27512,113,120,-7,7
27513,70,74,-4,4
27514,120,113,7,7
27515,106,97,9,9
27516,72,77,-5,5
27517,89,87,2,2
27518,90,86,4,4
27519,52,55,-3,3
27520,78,79,-1,1
27521,88,94,-6,6
27522,290,238,52,52
27523,98,94,4,4
27524,94,98,-4,4
27525,130,117,13,13
27526,50,64,-14,14
27527,102,98,4,4
27528,72,71,1,1
27529,79,70,9,9
27530,101,102,-1,1
27531,88,79,9,9
27532,75,77,-2,2
27533,109,119,-10,10
27534,68,66,2,2
27535,117,113,4,4
27536,112,111,1,1
27537,149,136,13,13
27538,94,99,-5,5
27539,73,71,2,2
27540,86,81,5,5
27541,68,73,-5,5
27542,94,91,3,3
27543,96,97,-1,1
27544,86,112,-26,26
27545,84,86,-2,2
27546,98,90,8,8
27547,149,143,6,6
27548,92,93,-1,1
27549,72,64,8,8
27550,108,108,0,0
27551,85,98,-13,13
27552,92,92,0,0
27553,72,77,-5,5
27554,73,77,-4,4
27555,91,93,-2,2
27556,167,172,-5,5
27557,78,89,-11,11
27558,50,61,-11,11
27559,96,76,20,20
27560,105,104,1,1
27561,102,103,-1,1
27562,106,99,7,7
27563,138,125,13,13
27564,123,122,1,1
27565,76,72,4,4
27566,95,91,4,4
27567,87,85,2,2
27568,154,154,0,0
27569,75,72,3,3
27570,137,126,11,11
27571,98,83,15,15
27572,96,97,-1,1
27573,68,68,0,0
27574,66,72,-6,6
27575,96,97,-1,1
27576,99,97,2,2
27577,53,62,-9,9
27578,36,61,-25,25
27579,79,87,-8,8
27580,108,106,2,2
27581,20,50,-30,30
27582,95,95,0,0
27583,78,80,-2,2
27584,114,112,2,2
27585,89,99,-10,10
27586,118,135,-17,17
27587,163,149,14,14
27588,64,61,3,3
27589,50,50,0,0
27590,65,64,1,1
27591,91,86,5,5
27592,126,127,-1,1
27593,96,94,2,2
27594,115,111,4,4
27595,114,113,1,1
27596,139,119,20,20
27597,45,57,-12,12
27598,155,153,2,2
27599,77,72,5,5
27600,105,90,15,15
27601,156,132,24,24
27602,90,92,-2,2
27603,105,95,10,10
27604,36,50,-14,14
27605,134,142,-8,8
27606,111,122,-11,11
27607,61,54,7,7
27608,97,97,0,0
27609,76,74,2,2
27610,81,85,-4,4
27611,71,67,4,4
27612,99,93,6,6
27613,98,101,-3,3
27614,89,84,5,5
27615,153,150,3,3
27616,110,112,-2,2
27617,61,60,1,1
27618,72,78,-6,6
27619,107,106,1,1
27620,107,106,1,1
27621,116,111,5,5
27622,116,112,4,4
27623,71,71,0,0
27624,95,96,-1,1
27625,99,100,-1,1
27626,59,55,4,4
27627,107,128,-21,21
27628,130,122,8,8
27629,95,75,20,20
27630,165,144,21,21
27631,171,153,18,18
27632,93,101,-8,8
27633,79,87,-8,8
27634,175,163,12,12
27635,121,119,2,2
27636,155,154,1,1
27637,174,172,2,2
27638,81,69,12,12
27639,57,55,2,2
27640,180,153,27,27
27641,116,111,5,5
27642,162,155,7,7
27643,77,74,3,3
27644,78,75,3,3
27645,111,107,4,4
27646,87,77,10,10
27647,37,50,-13,13
27648,176,165,11,11
27649,69,75,-6,6
27650,72,77,-5,5
27651,91,91,0,0
27652,102,103,-1,1
27653,81,81,0,0
27654,142,139,3,3
27655,189,169,20,20
27656,200,180,20,20
27657,61,65,-4,4
27658,89,89,0,0
27659,94,98,-4,4
27660,88,87,1,1
27661,85,77,8,8
27662,88,88,0,0
27663,52,55,-3,3
27664,61,81,-20,20
27665,79,74,5,5
27666,141,131,10,10
27667,83,78,5,5
27668,112,145,-33,33
27669,123,120,3,3
27670,54,54,0,0
27671,66,62,4,4
27672,117,116,1,1
27673,73,73,0,0
27674,70,81,-11,11
27675,66,61,5,5
27676,105,120,-15,15
27677,77,76,1,1
27678,100,97,3,3
27679,167,144,23,23
27680,73,69,4,4
27681,130,124,6,6
27682,87,71,16,16
27683,85,80,5,5
27684,69,70,-1,1
27685,73,74,-1,1
27686,77,79,-2,2
27687,138,136,2,2
27688,80,88,-8,8
27689,55,55,0,0
27690,117,104,13,13
27691,110,107,3,3
27692,60,58,2,2
27693,96,88,8,8
27694,85,77,8,8
27695,106,114,-8,8
27696,94,93,1,1
27697,69,76,-7,7
27698,125,129,-4,4
27699,179,164,15,15
27700,86,84,2,2
27701,129,126,3,3
27702,82,85,-3,3
27703,91,79,12,12
27704,150,146,4,4
27705,57,61,-4,4
27706,70,65,5,5
27707,134,127,7,7
27708,71,73,-2,2
27709,74,83,-9,9
27710,83,80,3,3
27711,82,97,-15,15
27712,70,70,0,0
27713,82,89,-7,7
27714,52,61,-9,9
27715,93,85,8,8
27716,54,59,-5,5
27717,136,133,3,3
27718,72,69,3,3
27719,86,112,-26,26
27720,108,114,-6,6
27721,93,87,6,6
27722,57,74,-17,17
27723,78,78,0,0
27724,130,120,10,10
27725,83,88,-5,5
27726,116,98,18,18
27727,103,91,12,12
27728,79,80,-1,1
27729,43,50,-7,7
27730,100,101,-1,1
27731,77,72,5,5
27732,127,122,5,5
27733,83,79,4,4
27734,134,152,-18,18
27735,108,95,13,13
27736,122,112,10,10
27737,86,88,-2,2
27738,71,68,3,3
27739,111,107,4,4
27740,132,118,14,14
27741,200,191,9,9
27742,77,75,2,2
27743,131,114,17,17
27744,75,79,-4,4
27745,66,63,3,3
27746,83,81,2,2
27747,155,144,11,11
27748,104,90,14,14
27749,85,81,4,4
27750,149,134,15,15
27751,198,242,-44,44
27752,68,79,-11,11
27753,143,108,35,35
27754,118,105,13,13
27755,75,75,0,0
27756,150,171,-21,21
27757,52,55,-3,3
27758,153,148,5,5
27759,88,98,-10,10
27760,101,115,-14,14
27761,74,69,5,5
27762,102,98,4,4
27763,140,133,7,7
27764,71,60,11,11
27765,110,90,20,20
27766,110,112,-2,2
27767,63,63,0,0
27768,66,66,0,0
27769,49,55,-6,6
27770,54,55,-1,1
27771,86,87,-1,1
27772,58,57,1,1
27773,54,57,-3,3
27774,60,62,-2,2
27775,77,76,1,1
27776,70,77,-7,7
27777,91,91,0,0
27778,112,112,0,0
27779,89,86,3,3
27780,80,76,4,4
27781,95,96,-1,1
27782,98,90,8,8
27783,91,90,1,1
27784,117,117,0,0
27785,76,81,-5,5
27786,126,149,-23,23
27787,131,117,14,14
27788,65,68,-3,3
27789,90,83,7,7
27790,77,75,2,2
27791,114,114,0,0
27792,88,85,3,3
27793,90,88,2,2
27794,84,91,-7,7
27795,135,119,16,16
27796,95,89,6,6
27797,94,103,-9,9
27798,106,99,7,7
27799,75,70,5,5
27800,115,112,3,3
27801,143,143,0,0
27802,60,55,5,5
27803,68,64,4,4
27804,73,69,4,4
27805,168,146,22,22
27806,99,101,-2,2
27807,108,106,2,2
27808,77,88,-11,11
27809,60,55,5,5
27810,79,71,8,8
27811,103,117,-14,14
27812,120,122,-2,2
27813,137,147,-10,10
27814,80,91,-11,11
27815,78,79,-1,1
27816,49,57,-8,8
27817,97,109,-12,12
27818,104,107,-3,3
27819,172,159,13,13
27820,154,147,7,7
27821,93,97,-4,4
27822,103,95,8,8
27823,51,54,-3,3
27824,72,71,1,1
27825,81,83,-2,2
27826,69,62,7,7
27827,111,103,8,8
27828,106,104,2,2
27829,143,128,15,15
27830,46,50,-4,4
27831,118,121,-3,3
27832,136,118,18,18
27833,103,96,7,7
27834,115,119,-4,4
27835,100,95,5,5
27836,130,119,11,11
27837,146,133,13,13
27838,106,102,4,4
27839,160,155,5,5
27840,151,120,31,31
27841,111,107,4,4
27842,132,118,14,14
27843,70,59,11,11
27844,95,94,1,1
27845,113,109,4,4
27846,100,131,-31,31
27847,84,73,11,11
27848,144,124,20,20
27849,75,79,-4,4
27850,127,127,0,0
27851,35,50,-15,15
27852,48,61,-13,13
27853,52,55,-3,3
27854,110,110,0,0
27855,109,108,1,1
27856,72,75,-3,3
27857,99,97,2,2
27858,58,55,3,3
27859,81,72,9,9
27860,96,85,11,11
27861,71,69,2,2
27862,122,100,22,22
27863,151,141,10,10
27864,92,86,6,6
27865,69,71,-2,2
27866,111,106,5,5
27867,106,99,7,7
27868,122,120,2,2
27869,100,82,18,18
27870,62,64,-2,2
27871,77,71,6,6
27872,111,108,3,3
27873,68,76,-8,8
27874,97,90,7,7
27875,118,90,28,28
27876,118,117,1,1
27877,97,103,-6,6
27878,78,77,1,1
27879,146,140,6,6
27880,99,97,2,2
27881,76,71,5,5
27882,64,58,6,6
27883,48,54,-6,6
27884,89,89,0,0
27885,59,59,0,0
27886,74,78,-4,4
27887,72,73,-1,1
27888,83,79,4,4
27889,83,69,14,14
27890,97,99,-2,2
27891,100,92,8,8
27892,181,181,0,0
27893,37,50,-13,13
27894,64,65,-1,1
27895,84,74,10,10
27896,68,65,3,3
27897,54,54,0,0
27898,85,84,1,1
27899,75,75,0,0
27900,98,94,4,4
27901,147,135,12,12
27902,138,134,4,4
27903,61,60,1,1
27904,83,92,-9,9
27905,158,139,19,19
27906,119,108,11,11
27907,88,84,4,4
27908,119,115,4,4
27909,118,104,14,14
27910,68,64,4,4
27911,49,53,-4,4
27912,112,101,11,11
27913,113,106,7,7
27914,83,88,-5,5
27915,81,87,-6,6
27916,31,50,-19,19
27917,87,76,11,11
27918,144,138,6,6
27919,133,139,-6,6
27920,137,133,4,4
27921,95,97,-2,2
27922,80,80,0,0
27923,109,105,4,4
27924,90,93,-3,3
27925,70,66,4,4
27926,66,70,-4,4
27927,81,71,10,10
27928,156,154,2,2
27929,70,77,-7,7
27930,95,104,-9,9
27931,109,95,14,14
27932,61,107,-46,46
27933,40,53,-13,13
27934,138,145,-7,7
27935,96,90,6,6
27936,53,64,-11,11
27937,85,92,-7,7
27938,137,126,11,11
27939,113,111,2,2
27940,127,123,4,4
27941,77,71,6,6
27942,66,70,-4,4
27943,36,52,-16,16
27944,83,86,-3,3
27945,120,106,14,14
27946,55,64,-9,9
27947,61,65,-4,4
27948,68,61,7,7
27949,93,96,-3,3
27950,173,170,3,3
27951,58,63,-5,5
27952,75,77,-2,2
27953,83,72,11,11
27954,141,149,-8,8
27955,67,66,1,1
27956,35,53,-18,18
27957,63,68,-5,5
27958,52,55,-3,3
27959,183,170,13,13
27960,52,53,-1,1
27961,72,68,4,4
27962,77,80,-3,3
27963,61,58,3,3
27964,124,117,7,7
27965,78,82,-4,4
27966,123,121,2,2
27967,122,119,3,3
27968,88,93,-5,5
27969,74,78,-4,4
27970,66,69,-3,3
27971,69,80,-11,11
27972,92,91,1,1
27973,79,74,5,5
27974,45,66,-21,21
27975,115,115,0,0
27976,143,137,6,6
27977,99,103,-4,4
27978,129,132,-3,3
27979,103,103,0,0
27980,90,100,-10,10
27981,88,87,1,1
27982,123,126,-3,3
27983,175,151,24,24
27984,95,90,5,5
27985,105,107,-2,2
27986,65,67,-2,2
27987,66,59,7,7
27988,137,123,14,14
27989,84,85,-1,1
27990,110,104,6,6
27991,118,108,10,10
27992,114,113,1,1
27993,97,110,-13,13
27994,90,84,6,6
27995,124,127,-3,3
27996,158,157,1,1
27997,67,89,-22,22
27998,96,92,4,4
27999,97,95,2,2
28000,108,103,5,5
28001,106,102,4,4
28002,56,55,1,1
28003,69,68,1,1
28004,41,51,-10,10
28005,67,64,3,3
28006,172,169,3,3
28007,53,54,-1,1
28008,94,84,10,10
28009,121,118,3,3
28010,97,88,9,9
28011,91,97,-6,6
28012,117,95,22,22
28013,125,146,-21,21
28014,59,59,0,0
28015,114,104,10,10
28016,87,81,6,6
28017,106,107,-1,1
28018,77,77,0,0
28019,135,119,16,16
28020,145,126,19,19
28021,72,72,0,0
28022,53,63,-10,10
28023,149,136,13,13
28024,101,103,-2,2
28025,76,64,12,12
28026,87,95,-8,8
28027,73,65,8,8
28028,107,104,3,3
28029,67,59,8,8
28030,67,73,-6,6
28031,80,81,-1,1
28032,91,91,0,0
28033,91,89,2,2
28034,104,107,-3,3
28035,66,57,9,9
28036,90,88,2,2
28037,71,77,-6,6
28038,118,103,15,15
28039,87,94,-7,7
28040,68,67,1,1
28041,114,118,-4,4
28042,117,117,0,0
28043,130,120,10,10
28044,134,139,-5,5
28045,125,123,2,2
28046,74,68,6,6
28047,88,83,5,5
28048,56,71,-15,15
28049,116,106,10,10
28050,145,140,5,5
28051,75,67,8,8
28052,71,84,-13,13
28053,50,54,-4,4
28054,97,99,-2,2
28055,55,51,4,4
28056,52,51,1,1
28057,154,127,27,27
28058,132,122,10,10
28059,180,159,21,21
28060,68,69,-1,1
28061,86,89,-3,3
28062,147,151,-4,4
28063,68,85,-17,17
28064,80,75,5,5
28065,98,89,9,9
28066,109,117,-8,8
28067,88,91,-3,3
28068,78,84,-6,6
28069,86,75,11,11
28070,42,50,-8,8
28071,74,88,-14,14
28072,137,133,4,4
28073,110,105,5,5
28074,76,83,-7,7
28075,64,66,-2,2
28076,150,137,13,13
28077,116,103,13,13
28078,74,76,-2,2
28079,69,63,6,6
28080,55,53,2,2
28081,114,122,-8,8
28082,178,181,-3,3
28083,78,75,3,3
28084,71,68,3,3
28085,80,86,-6,6
28086,119,127,-8,8
28087,59,63,-4,4
28088,75,63,12,12
28089,77,89,-12,12
28090,64,67,-3,3
28091,118,110,8,8
28092,141,137,4,4
28093,144,151,-7,7
28094,118,116,2,2
28095,90,76,14,14
28096,96,97,-1,1
28097,107,105,2,2
28098,141,146,-5,5
28099,71,55,16,16
28100,94,87,7,7
28101,196,175,21,21
28102,93,104,-11,11
28103,122,107,15,15
28104,78,81,-3,3
28105,83,100,-17,17
28106,84,79,5,5
28107,65,61,4,4
28108,165,162,3,3
28109,116,129,-13,13
28110,91,77,14,14
28111,69,63,6,6
28112,87,78,9,9
28113,94,100,-6,6
28114,113,109,4,4
28115,169,171,-2,2
28116,112,100,12,12
28117,85,88,-3,3
28118,113,106,7,7
28119,145,132,13,13
28120,53,56,-3,3
28121,97,95,2,2
28122,102,110,-8,8
28123,107,117,-10,10
28124,88,82,6,6
28125,76,72,4,4
28126,46,52,-6,6
28127,83,85,-2,2
28128,99,94,5,5
28129,118,116,2,2
28130,85,77,8,8
28131,112,115,-3,3
28132,120,108,12,12
28133,246,212,34,34
28134,124,113,11,11
28135,64,68,-4,4
28136,118,108,10,10
28137,118,114,4,4
28138,78,80,-2,2
28139,74,78,-4,4
28140,86,82,4,4
28141,90,73,17,17
28142,132,141,-9,9
28143,125,118,7,7
28144,70,67,3,3
28145,69,65,4,4
28146,119,112,7,7
28147,144,134,10,10
28148,172,160,12,12
28149,83,81,2,2
28150,99,88,11,11
28151,104,104,0,0
28152,127,123,4,4
28153,78,67,11,11
28154,110,98,12,12
28155,53,55,-2,2
28156,79,88,-9,9
28157,47,50,-3,3
28158,123,131,-8,8
28159,132,131,1,1
28160,104,105,-1,1
28161,127,125,2,2
28162,105,91,14,14
28163,65,70,-5,5
28164,100,100,0,0
28165,192,174,18,18
28166,61,89,-28,28
28167,106,113,-7,7
28168,38,69,-31,31
28169,186,161,25,25
28170,166,148,18,18
28171,122,113,9,9
28172,141,139,2,2
28173,122,130,-8,8
28174,39,60,-21,21
28175,117,121,-4,4
28176,128,123,5,5
28177,148,139,9,9
28178,118,114,4,4
28179,96,94,2,2
28180,72,77,-5,5
28181,76,70,6,6
28182,63,59,4,4
28183,84,92,-8,8
28184,102,100,2,2
28185,75,70,5,5
28186,92,93,-1,1
28187,69,68,1,1
28188,94,86,8,8
28189,70,65,5,5
28190,112,100,12,12
28191,87,74,13,13
28192,68,68,0,0
28193,123,135,-12,12
28194,81,66,15,15
28195,116,128,-12,12
28196,82,88,-6,6
28197,149,131,18,18
28198,60,74,-14,14
28199,59,66,-7,7
28200,110,98,12,12
28201,89,120,-31,31
28202,114,111,3,3
28203,128,121,7,7
28204,57,61,-4,4
28205,77,82,-5,5
28206,85,85,0,0
28207,194,194,0,0
28208,72,89,-17,17
28209,75,81,-6,6
28210,57,84,-27,27
28211,165,154,11,11
28212,99,98,1,1
28213,84,84,0,0
28214,89,91,-2,2
28215,64,67,-3,3
28216,115,124,-9,9
28217,81,86,-5,5
28218,96,104,-8,8
28219,134,131,3,3
28220,74,71,3,3
28221,121,138,-17,17
28222,81,93,-12,12
28223,58,56,2,2
28224,77,68,9,9
28225,97,95,2,2
28226,66,61,5,5
28227,104,104,0,0
28228,112,114,-2,2
28229,59,58,1,1
28230,151,138,13,13
28231,111,101,10,10
28232,133,130,3,3
28233,76,79,-3,3
28234,93,96,-3,3
28235,76,75,1,1
28236,85,79,6,6
28237,151,152,-1,1
28238,76,79,-3,3
28239,79,75,4,4
28240,172,187,-15,15
28241,148,135,13,13
28242,89,88,1,1
28243,87,78,9,9
28244,128,126,2,2
28245,71,69,2,2
28246,72,67,5,5
28247,77,78,-1,1
28248,100,94,6,6
28249,107,110,-3,3
28250,86,85,1,1
28251,81,71,10,10
28252,93,93,0,0
28253,56,53,3,3
28254,138,129,9,9
28255,77,83,-6,6
28256,175,170,5,5
28257,72,68,4,4
28258,93,92,1,1
28259,92,86,6,6
28260,104,117,-13,13
28261,132,111,21,21
28262,81,85,-4,4
28263,71,73,-2,2
28264,140,144,-4,4
28265,102,98,4,4
28266,53,56,-3,3
28267,87,89,-2,2
28268,147,141,6,6
28269,93,102,-9,9
28270,65,66,-1,1
28271,154,143,11,11
28272,222,198,24,24
28273,107,97,10,10
28274,81,74,7,7
28275,59,63,-4,4
28276,63,61,2,2
28277,100,99,1,1
28278,89,80,9,9
28279,70,63,7,7
28280,90,93,-3,3
28281,135,136,-1,1
28282,112,106,6,6
28283,102,99,3,3
28284,126,127,-1,1
28285,87,90,-3,3
28286,98,99,-1,1
28287,128,116,12,12
28288,54,54,0,0
28289,88,88,0,0
28290,79,75,4,4
28291,177,163,14,14
28292,110,106,4,4
28293,68,74,-6,6
28294,126,127,-1,1
28295,115,112,3,3
28296,105,110,-5,5
28297,86,84,2,2
28298,66,101,-35,35
28299,65,59,6,6
28300,78,87,-9,9
28301,87,87,0,0
28302,108,107,1,1
28303,46,56,-10,10
28304,106,104,2,2
28305,127,119,8,8
28306,137,138,-1,1
28307,84,75,9,9
28308,73,79,-6,6
28309,70,65,5,5
28310,76,70,6,6
28311,84,80,4,4
28312,125,93,32,32
28313,73,76,-3,3
28314,176,171,5,5
28315,97,90,7,7
28316,128,124,4,4
28317,74,74,0,0
28318,145,138,7,7
28319,93,96,-3,3
28320,70,70,0,0
28321,67,80,-13,13
28322,84,84,0,0
28323,59,59,0,0
28324,92,90,2,2
28325,112,105,7,7
28326,51,54,-3,3
28327,56,54,2,2
28328,92,91,1,1
28329,49,55,-6,6
28330,98,99,-1,1
28331,71,75,-4,4
28332,72,73,-1,1
28333,68,76,-8,8
28334,87,90,-3,3
28335,121,115,6,6
28336,94,92,2,2
28337,76,84,-8,8
28338,112,108,4,4
28339,69,60,9,9
28340,113,112,1,1
28341,129,131,-2,2
28342,105,110,-5,5
28343,99,108,-9,9
28344,58,63,-5,5
28345,130,119,11,11
28346,85,83,2,2
28347,73,72,1,1
28348,56,52,4,4
28349,97,107,-10,10
28350,104,108,-4,4
28351,73,75,-2,2
28352,111,102,9,9
28353,73,66,7,7
28354,98,88,10,10
28355,102,107,-5,5
28356,80,74,6,6
28357,47,51,-4,4
28358,102,110,-8,8
28359,76,75,1,1
28360,69,78,-9,9
28361,85,87,-2,2
28362,111,120,-9,9
28363,34,50,-16,16
28364,137,139,-2,2
28365,79,80,-1,1
28366,72,79,-7,7
28367,62,65,-3,3
28368,91,89,2,2
28369,82,84,-2,2
28370,120,134,-14,14
28371,92,97,-5,5
28372,110,112,-2,2
28373,122,117,5,5
28374,119,112,7,7
28375,183,175,8,8
28376,61,68,-7,7
28377,97,87,10,10
28378,117,117,0,0
28379,71,73,-2,2
28380,100,86,14,14
28381,119,110,9,9
28382,94,83,11,11
28383,94,98,-4,4
28384,97,83,14,14
28385,62,54,8,8
28386,74,73,1,1
28387,104,109,-5,5
28388,143,145,-2,2
28389,74,75,-1,1
28390,126,120,6,6
28391,64,71,-7,7
28392,97,90,7,7
28393,82,79,3,3
28394,56,63,-7,7
28395,98,105,-7,7
28396,139,132,7,7
28397,102,108,-6,6
28398,100,103,-3,3
28399,115,95,20,20
28400,138,122,16,16
28401,39,50,-11,11
28402,132,131,1,1
28403,127,130,-3,3
28404,98,88,10,10
28405,83,73,10,10
28406,106,109,-3,3
28407,161,149,12,12
28408,77,66,11,11
28409,76,86,-10,10
28410,96,88,8,8
28411,107,109,-2,2
28412,85,252,-167,167
28413,79,81,-2,2
28414,102,97,5,5
28415,57,55,2,2
28416,79,79,0,0
28417,76,87,-11,11
28418,82,86,-4,4
28419,56,56,0,0
28420,84,78,6,6
28421,110,100,10,10
28422,183,165,18,18
28423,118,123,-5,5
28424,100,94,6,6
28425,109,98,11,11
28426,101,92,9,9
28427,57,62,-5,5
28428,89,108,-19,19
28429,148,134,14,14
28430,202,199,3,3
28431,137,143,-6,6
28432,91,87,4,4
28433,112,108,4,4
28434,68,67,1,1
28435,83,81,2,2
28436,72,67,5,5
28437,79,78,1,1
28438,116,115,1,1
28439,54,56,-2,2
28440,87,89,-2,2
28441,82,80,2,2
28442,104,99,5,5
28443,126,121,5,5
28444,106,111,-5,5
28445,116,111,5,5
28446,91,89,2,2
28447,77,74,3,3
28448,123,143,-20,20
28449,145,141,4,4
28450,88,82,6,6
28451,95,109,-14,14
28452,79,84,-5,5
28453,91,98,-7,7
28454,133,124,9,9
28455,165,176,-11,11
28456,61,62,-1,1
28457,63,66,-3,3
28458,120,117,3,3
28459,54,55,-1,1
28460,145,139,6,6
28461,130,128,2,2
28462,68,71,-3,3
28463,55,57,-2,2
28464,90,87,3,3
28465,102,92,10,10
28466,52,53,-1,1
28467,102,102,0,0
28468,162,160,2,2
28469,85,93,-8,8
28470,81,84,-3,3
28471,57,53,4,4
28472,82,78,4,4
28473,135,92,43,43
28474,43,51,-8,8
28475,82,75,7,7
28476,66,68,-2,2
28477,102,99,3,3
28478,70,70,0,0
28479,151,143,8,8
28480,127,127,0,0
28481,77,69,8,8
28482,137,126,11,11
28483,83,74,9,9
28484,183,170,13,13
28485,43,50,-7,7
28486,129,128,1,1
28487,58,56,2,2
28488,73,74,-1,1
28489,67,59,8,8
28490,57,60,-3,3
28491,133,144,-11,11
28492,76,74,2,2
28493,87,89,-2,2
28494,76,81,-5,5
28495,99,90,9,9
28496,95,96,-1,1
28497,56,62,-6,6
28498,146,137,9,9
28499,123,108,15,15
28500,93,116,-23,23
28501,71,67,4,4
28502,97,90,7,7
28503,122,109,13,13
28504,97,101,-4,4
28505,86,81,5,5
28506,87,90,-3,3
28507,134,125,9,9
28508,99,106,-7,7
28509,135,130,5,5
28510,85,81,4,4
28511,132,128,4,4
28512,54,54,0,0
28513,77,86,-9,9
28514,63,70,-7,7
28515,138,137,1,1
28516,58,57,1,1
28517,141,131,10,10
28518,161,158,3,3
28519,105,115,-10,10
28520,107,111,-4,4
28521,153,160,-7,7
28522,90,89,1,1
28523,147,146,1,1
28524,92,96,-4,4
28525,34,50,-16,16
28526,90,94,-4,4
28527,50,57,-7,7
28528,83,79,4,4
28529,127,135,-8,8
28530,59,55,4,4
28531,57,59,-2,2
28532,115,116,-1,1
28533,91,95,-4,4
28534,143,131,12,12
28535,119,113,6,6
28536,97,97,0,0
28537,155,149,6,6
28538,128,120,8,8
28539,67,66,1,1
28540,60,62,-2,2
28541,103,97,6,6
28542,128,120,8,8
28543,100,92,8,8
28544,71,70,1,1
28545,85,85,0,0
28546,74,73,1,1
28547,172,143,29,29
28548,73,69,4,4
28549,51,57,-6,6
28550,76,75,1,1
28551,110,107,3,3
28552,125,108,17,17
28553,49,54,-5,5
28554,145,133,12,12
28555,81,76,5,5
28556,79,98,-19,19
28557,108,105,3,3
28558,95,93,2,2
28559,66,57,9,9
28560,78,76,2,2
28561,41,50,-9,9
28562,89,79,10,10
28563,60,60,0,0
28564,88,82,6,6
28565,54,61,-7,7
28566,112,103,9,9
28567,135,120,15,15
28568,123,118,5,5
28569,76,93,-17,17
28570,82,80,2,2
28571,38,50,-12,12
28572,51,53,-2,2
28573,33,50,-17,17
28574,100,96,4,4
28575,64,71,-7,7
28576,98,99,-1,1
28577,104,96,8,8
28578,108,110,-2,2
28579,112,110,2,2
28580,54,56,-2,2
28581,75,77,-2,2
28582,89,96,-7,7
28583,137,126,11,11
28584,66,55,11,11
28585,81,82,-1,1
28586,91,97,-6,6
28587,84,86,-2,2
28588,52,55,-3,3
28589,64,69,-5,5
28590,176,171,5,5
28591,59,61,-2,2
28592,70,65,5,5
28593,69,63,6,6
28594,83,106,-23,23
28595,71,76,-5,5
28596,61,64,-3,3
28597,65,63,2,2
28598,94,113,-19,19
28599,53,54,-1,1
28600,66,58,8,8
28601,93,93,0,0
28602,66,62,4,4
28603,75,69,6,6
28604,96,102,-6,6
28605,66,59,7,7
28606,158,129,29,29
28607,80,70,10,10
28608,67,62,5,5
28609,67,69,-2,2
28610,79,79,0,0
28611,57,60,-3,3
28612,66,69,-3,3
28613,44,51,-7,7
28614,59,55,4,4
28615,150,137,13,13
28616,128,121,7,7
28617,74,72,2,2
28618,38,55,-17,17
28619,51,53,-2,2
28620,123,123,0,0
28621,61,56,5,5
28622,77,63,14,14
28623,61,62,-1,1
28624,94,90,4,4
28625,104,109,-5,5
28626,62,71,-9,9
28627,115,107,8,8
28628,122,107,15,15
28629,96,97,-1,1
28630,84,83,1,1
28631,119,115,4,4
28632,99,96,3,3
28633,85,84,1,1
28634,118,109,9,9
28635,144,130,14,14
28636,54,56,-2,2
28637,152,136,16,16
28638,47,53,-6,6
28639,67,67,0,0
28640,81,82,-1,1
28641,125,122,3,3
28642,104,98,6,6
28643,63,71,-8,8
28644,71,62,9,9
28645,56,60,-4,4
28646,144,138,6,6
28647,125,135,-10,10
28648,64,59,5,5
28649,108,96,12,12
28650,87,79,8,8
28651,66,70,-4,4
28652,83,87,-4,4
28653,102,98,4,4
28654,120,118,2,2
28655,114,113,1,1
28656,114,109,5,5
28657,148,143,5,5
28658,100,98,2,2
28659,76,73,3,3
28660,53,62,-9,9
28661,104,108,-4,4
28662,101,108,-7,7
28663,93,94,-1,1
28664,50,54,-4,4
28665,47,52,-5,5
28666,137,134,3,3
28667,109,105,4,4
28668,83,96,-13,13
28669,32,50,-18,18
28670,69,62,7,7
28671,92,88,4,4
28672,78,83,-5,5
28673,96,110,-14,14
28674,92,84,8,8
28675,53,55,-2,2
28676,144,142,2,2
28677,107,97,10,10
28678,112,108,4,4
28679,72,64,8,8
28680,108,99,9,9
28681,84,75,9,9
28682,54,55,-1,1
28683,82,109,-27,27
28684,98,88,10,10
28685,73,77,-4,4
28686,50,64,-14,14
28687,89,90,-1,1
28688,66,62,4,4
28689,140,142,-2,2
28690,97,95,2,2
28691,77,84,-7,7
28692,106,88,18,18
28693,73,74,-1,1
28694,122,116,6,6
28695,80,79,1,1
28696,60,61,-1,1
28697,90,82,8,8
28698,83,85,-2,2
28699,86,89,-3,3
28700,33,50,-17,17
28701,134,126,8,8
28702,117,121,-4,4
28703,60,57,3,3
28704,116,110,6,6
28705,110,118,-8,8
28706,129,129,0,0
28707,88,87,1,1
28708,76,73,3,3
28709,171,164,7,7
28710,98,83,15,15
28711,100,95,5,5
28712,66,62,4,4
28713,140,128,12,12
28714,101,83,18,18
28715,61,57,4,4
28716,89,86,3,3
28717,93,95,-2,2
28718,101,93,8,8
28719,63,70,-7,7
28720,85,88,-3,3
28721,94,99,-5,5
28722,114,131,-17,17
28723,104,108,-4,4
28724,78,76,2,2
28725,108,124,-16,16
28726,57,57,0,0
28727,38,58,-20,20
28728,69,74,-5,5
28729,106,103,3,3
28730,77,73,4,4
28731,235,231,4,4
28732,98,102,-4,4
28733,111,106,5,5
28734,70,87,-17,17
28735,102,95,7,7
28736,92,97,-5,5
28737,67,70,-3,3
28738,83,88,-5,5
28739,71,68,3,3
28740,92,69,23,23
28741,59,62,-3,3
28742,90,89,1,1
28743,71,65,6,6
28744,52,56,-4,4
28745,109,92,17,17
28746,105,115,-10,10
28747,79,74,5,5
28748,81,73,8,8
28749,84,86,-2,2
28750,80,70,10,10
28751,56,65,-9,9
28752,84,83,1,1
28753,44,53,-9,9
28754,85,84,1,1
28755,62,65,-3,3
28756,83,78,5,5
28757,59,75,-16,16
28758,92,88,4,4
28759,99,104,-5,5
28760,131,145,-14,14
28761,58,60,-2,2
28762,164,150,14,14
28763,132,117,15,15
28764,73,67,6,6
28765,82,82,0,0
28766,57,63,-6,6
28767,97,108,-11,11
28768,26,50,-24,24
28769,107,97,10,10
28770,88,79,9,9
28771,84,86,-2,2
28772,82,85,-3,3
28773,141,146,-5,5
28774,78,76,2,2
28775,146,142,4,4
28776,84,78,6,6
28777,93,87,6,6
28778,74,73,1,1
28779,139,128,11,11
28780,125,124,1,1
28781,65,69,-4,4
28782,101,107,-6,6
28783,114,122,-8,8
28784,54,58,-4,4
28785,99,92,7,7
28786,83,85,-2,2
28787,128,121,7,7
28788,90,93,-3,3
28789,77,73,4,4
28790,68,54,14,14
28791,78,92,-14,14
28792,76,78,-2,2
28793,85,81,4,4
28794,106,108,-2,2
28795,207,172,35,35
28796,105,105,0,0
28797,110,113,-3,3
28798,86,79,7,7
28799,166,134,32,32
28800,118,117,1,1
28801,99,96,3,3
28802,80,88,-8,8
28803,27,50,-23,23
28804,125,111,14,14
28805,92,94,-2,2
28806,85,78,7,7
28807,91,93,-2,2
28808,61,58,3,3
28809,86,78,8,8
28810,50,52,-2,2
28811,101,104,-3,3
28812,79,65,14,14
28813,82,99,-17,17
28814,63,55,8,8
28815,100,95,5,5
28816,103,87,16,16
28817,150,139,11,11
28818,86,75,11,11
28819,72,78,-6,6
28820,54,56,-2,2
28821,136,136,0,0
28822,60,58,2,2
28823,118,112,6,6
28824,64,57,7,7
28825,78,75,3,3
28826,76,68,8,8
28827,145,139,6,6
28828,62,70,-8,8
28829,98,100,-2,2
28830,100,102,-2,2
28831,142,134,8,8
28832,77,89,-12,12
28833,81,90,-9,9
28834,79,79,0,0
28835,78,73,5,5
28836,84,91,-7,7
28837,63,60,3,3
28838,94,91,3,3
28839,89,86,3,3
28840,78,77,1,1
28841,132,140,-8,8
28842,151,140,11,11
28843,156,152,4,4
28844,41,56,-15,15
28845,106,107,-1,1
28846,99,101,-2,2
28847,42,50,-8,8
28848,79,70,9,9
28849,60,74,-14,14
28850,136,142,-6,6
28851,130,129,1,1
28852,136,140,-4,4
28853,81,73,8,8
28854,112,107,5,5
28855,60,64,-4,4
28856,93,79,14,14
28857,103,109,-6,6
28858,180,169,11,11
28859,93,93,0,0
28860,172,168,4,4
28861,95,104,-9,9
28862,79,91,-12,12
28863,55,57,-2,2
28864,105,108,-3,3
28865,118,114,4,4
28866,111,107,4,4
28867,66,70,-4,4
28868,146,130,16,16
28869,81,110,-29,29
28870,75,68,7,7
28871,79,83,-4,4
28872,64,63,1,1
28873,97,101,-4,4
28874,103,102,1,1
28875,68,70,-2,2
28876,74,78,-4,4
28877,80,74,6,6
28878,90,71,19,19
28879,59,55,4,4
28880,109,111,-2,2
28881,90,89,1,1
28882,71,78,-7,7
28883,108,106,2,2
28884,83,74,9,9
28885,130,122,8,8
28886,85,89,-4,4
28887,49,60,-11,11
28888,73,75,-2,2
28889,104,106,-2,2
28890,131,129,2,2
28891,69,71,-2,2
28892,102,98,4,4
28893,74,74,0,0
28894,58,56,2,2
28895,167,153,14,14
28896,144,138,6,6
28897,108,107,1,1
28898,70,70,0,0
28899,84,84,0,0
28900,50,53,-3,3
28901,68,69,-1,1
28902,128,131,-3,3
28903,106,107,-1,1
28904,63,62,1,1
28905,61,123,-62,62
28906,82,76,6,6
28907,100,105,-5,5
28908,92,92,0,0
28909,75,80,-5,5
28910,132,128,4,4
28911,85,93,-8,8
28912,183,169,14,14
28913,115,107,8,8
28914,125,124,1,1
28915,99,97,2,2
28916,102,101,1,1
28917,125,127,-2,2
28918,75,73,2,2
28919,173,166,7,7
28920,66,70,-4,4
28921,90,82,8,8
28922,88,87,1,1
28923,124,123,1,1
28924,70,66,4,4
28925,93,87,6,6
28926,64,58,6,6
28927,60,53,7,7
28928,134,134,0,0
28929,104,97,7,7
28930,44,53,-9,9
28931,109,96,13,13
28932,68,63,5,5
28933,81,81,0,0
28934,103,104,-1,1
28935,99,101,-2,2
28936,80,79,1,1
28937,104,106,-2,2
28938,67,70,-3,3
28939,126,119,7,7
28940,53,55,-2,2
28941,135,126,9,9
28942,95,79,16,16
28943,95,99,-4,4
28944,63,66,-3,3
28945,140,123,17,17
28946,71,81,-10,10
28947,79,75,4,4
28948,47,77,-30,30
28949,87,96,-9,9
28950,57,60,-3,3
28951,81,79,2,2
28952,53,54,-1,1
28953,88,97,-9,9
28954,109,111,-2,2
28955,85,88,-3,3
28956,114,108,6,6
28957,81,82,-1,1
28958,85,93,-8,8
28959,95,94,1,1
28960,61,71,-10,10
28961,65,63,2,2
28962,47,69,-22,22
28963,57,54,3,3
28964,66,76,-10,10
28965,86,91,-5,5
28966,76,75,1,1
28967,143,130,13,13
28968,79,94,-15,15
28969,87,78,9,9
28970,99,97,2,2
28971,103,114,-11,11
28972,83,74,9,9
28973,116,113,3,3
28974,128,125,3,3
28975,159,157,2,2
28976,113,103,10,10
28977,124,119,5,5
28978,81,87,-6,6
28979,66,56,10,10
28980,82,64,18,18
28981,58,67,-9,9
28982,101,103,-2,2
28983,67,80,-13,13
28984,97,85,12,12
28985,78,83,-5,5
28986,104,109,-5,5
28987,117,118,-1,1
28988,82,92,-10,10
28989,125,127,-2,2
28990,152,152,0,0
28991,92,97,-5,5
28992,128,116,12,12
28993,68,68,0,0
28994,101,94,7,7
28995,96,97,-1,1
28996,98,98,0,0
28997,134,125,9,9
28998,106,109,-3,3
28999,54,58,-4,4
29000,88,97,-9,9
29001,66,62,4,4
29002,99,99,0,0
29003,82,85,-3,3
29004,118,123,-5,5
29005,66,60,6,6
29006,96,90,6,6
29007,139,134,5,5
29008,25,51,-26,26
29009,123,113,10,10
29010,130,125,5,5
29011,92,85,7,7
29012,80,78,2,2
29013,67,58,9,9
29014,71,66,5,5
29015,92,94,-2,2
29016,113,101,12,12
29017,67,80,-13,13
29018,58,63,-5,5
29019,39,87,-48,48
29020,78,83,-5,5
29021,113,101,12,12
29022,50,53,-3,3
29023,66,61,5,5
29024,88,87,1,1
29025,88,93,-5,5
29026,131,119,12,12
29027,64,80,-16,16
29028,91,88,3,3
29029,101,88,13,13
29030,110,103,7,7
29031,56,64,-8,8
29032,77,76,1,1
29033,129,127,2,2
29034,91,105,-14,14
29035,97,103,-6,6
29036,98,99,-1,1
29037,75,76,-1,1
29038,109,92,17,17
29039,64,70,-6,6
29040,71,73,-2,2
29041,54,57,-3,3
29042,59,63,-4,4
29043,145,141,4,4
29044,86,77,9,9
29045,56,54,2,2
29046,79,86,-7,7
29047,114,116,-2,2
29048,65,70,-5,5
29049,104,92,12,12
29050,61,69,-8,8
29051,155,157,-2,2
29052,106,100,6,6
29053,48,63,-15,15
29054,173,145,28,28
29055,31,51,-20,20
29056,87,91,-4,4
29057,147,144,3,3
29058,79,79,0,0
29059,92,103,-11,11
29060,100,88,12,12
29061,118,128,-10,10
29062,83,81,2,2
29063,72,71,1,1
29064,101,95,6,6
29065,83,88,-5,5
29066,94,96,-2,2
29067,103,109,-6,6
29068,73,73,0,0
29069,179,172,7,7
29070,115,105,10,10
29071,85,82,3,3
29072,101,99,2,2
29073,130,127,3,3
29074,155,162,-7,7
29075,65,62,3,3
29076,116,120,-4,4
29077,71,81,-10,10
29078,78,86,-8,8
29079,129,129,0,0
29080,78,71,7,7
29081,141,131,10,10
29082,139,127,12,12
29083,90,84,6,6
29084,174,164,10,10
29085,92,89,3,3
29086,76,77,-1,1
29087,40,51,-11,11
29088,36,50,-14,14
29089,78,75,3,3
29090,89,91,-2,2
29091,63,66,-3,3
29092,79,74,5,5
29093,127,114,13,13
29094,61,67,-6,6
29095,118,89,29,29
29096,112,100,12,12
29097,131,126,5,5
29098,78,76,2,2
29099,95,92,3,3
29100,75,74,1,1
29101,170,159,11,11
29102,97,100,-3,3
29103,62,63,-1,1
29104,130,121,9,9
29105,116,130,-14,14
29106,72,78,-6,6
29107,89,86,3,3
29108,95,99,-4,4
29109,82,78,4,4
29110,54,61,-7,7
29111,102,101,1,1
29112,106,101,5,5
29113,138,131,7,7
29114,90,94,-4,4
29115,53,62,-9,9
29116,111,95,16,16
29117,91,88,3,3
29118,84,88,-4,4
29119,116,104,12,12
29120,119,112,7,7
29121,82,83,-1,1
29122,102,96,6,6
29123,64,63,1,1
29124,40,53,-13,13
29125,104,107,-3,3
29126,73,72,1,1
29127,92,88,4,4
29128,127,110,17,17
29129,155,148,7,7
29130,82,84,-2,2
29131,86,87,-1,1
29132,61,54,7,7
29133,136,126,10,10
29134,123,132,-9,9
29135,40,52,-12,12
29136,103,96,7,7
29137,145,146,-1,1
29138,92,97,-5,5
29139,60,81,-21,21
29140,71,68,3,3
29141,63,64,-1,1
29142,51,56,-5,5
29143,92,91,1,1
29144,48,59,-11,11
29145,66,70,-4,4
29146,165,154,11,11
29147,114,109,5,5
29148,48,58,-10,10
29149,121,108,13,13
29150,134,127,7,7
29151,68,64,4,4
29152,34,51,-17,17
29153,68,62,6,6
29154,72,73,-1,1
29155,63,62,1,1
29156,59,64,-5,5
29157,94,97,-3,3
29158,59,55,4,4
29159,77,87,-10,10
29160,119,110,9,9
29161,134,133,1,1
29162,120,117,3,3
29163,90,85,5,5
29164,79,75,4,4
29165,70,71,-1,1
29166,103,98,5,5
29167,111,95,16,16
29168,62,62,0,0
29169,139,123,16,16
29170,138,138,0,0
29171,213,211,2,2
29172,73,75,-2,2
29173,116,114,2,2
29174,135,135,0,0
29175,77,70,7,7
29176,89,80,9,9
29177,40,50,-10,10
29178,82,74,8,8
29179,101,109,-8,8
29180,81,96,-15,15
29181,159,154,5,5
29182,89,95,-6,6
29183,74,81,-7,7
29184,106,102,4,4
29185,53,59,-6,6
29186,98,117,-19,19
29187,96,91,5,5
29188,116,120,-4,4
29189,68,71,-3,3
29190,74,75,-1,1
29191,167,166,1,1
29192,90,101,-11,11
29193,106,99,7,7
29194,62,55,7,7
29195,46,54,-8,8
29196,68,79,-11,11
29197,73,71,2,2
29198,78,75,3,3
29199,58,58,0,0
29200,129,124,5,5
29201,79,89,-10,10
29202,92,88,4,4
29203,34,53,-19,19
29204,81,65,16,16
29205,73,64,9,9
29206,171,167,4,4
29207,90,99,-9,9
29208,70,81,-11,11
29209,199,200,-1,1
29210,68,62,6,6
29211,161,158,3,3
29212,46,50,-4,4
29213,61,63,-2,2
29214,112,109,3,3
29215,133,124,9,9
29216,91,81,10,10
29217,80,88,-8,8
29218,160,134,26,26
29219,90,88,2,2
29220,103,92,11,11
29221,87,76,11,11
29222,148,135,13,13
29223,183,121,62,62
29224,87,82,5,5
29225,161,155,6,6
29226,80,75,5,5
29227,128,129,-1,1
29228,123,119,4,4
29229,159,147,12,12
29230,48,50,-2,2
29231,77,83,-6,6
29232,87,86,1,1
29233,53,53,0,0
29234,118,113,5,5
29235,89,69,20,20
29236,76,75,1,1
29237,145,133,12,12
29238,125,110,15,15
29239,97,105,-8,8
29240,49,55,-6,6
29241,62,75,-13,13
29242,81,85,-4,4
29243,136,134,2,2
29244,100,100,0,0
29245,187,201,-14,14
29246,105,109,-4,4
29247,176,164,12,12
29248,113,111,2,2
29249,115,120,-5,5
29250,86,89,-3,3
29251,120,108,12,12
29252,74,83,-9,9
29253,86,95,-9,9
29254,99,110,-11,11
29255,70,66,4,4
29256,109,112,-3,3
29257,110,101,9,9
29258,102,105,-3,3
29259,156,147,9,9
29260,107,108,-1,1
29261,53,57,-4,4
29262,121,113,8,8
29263,97,92,5,5
29264,103,113,-10,10
29265,66,60,6,6
29266,108,125,-17,17
29267,59,62,-3,3
29268,64,69,-5,5
29269,70,72,-2,2
29270,86,85,1,1
29271,118,109,9,9
29272,61,65,-4,4
29273,120,109,11,11
29274,112,104,8,8
29275,176,151,25,25
29276,61,63,-2,2
29277,89,102,-13,13
29278,115,101,14,14
29279,112,101,11,11
29280,110,106,4,4
29281,92,90,2,2
29282,124,112,12,12
29283,60,58,2,2
29284,70,65,5,5
29285,98,90,8,8
29286,77,75,2,2
29287,60,56,4,4
29288,149,148,1,1
29289,135,129,6,6
29290,71,70,1,1
29291,47,54,-7,7
29292,141,127,14,14
29293,76,83,-7,7
29294,85,77,8,8
29295,66,65,1,1
29296,86,86,0,0
29297,144,136,8,8
29298,74,78,-4,4
29299,181,169,12,12
29300,79,83,-4,4
29301,106,99,7,7
29302,138,127,11,11
29303,91,74,17,17
29304,76,75,1,1
29305,140,129,11,11
29306,77,79,-2,2
29307,54,65,-11,11
29308,71,73,-2,2
29309,110,98,12,12
29310,90,84,6,6
29311,116,120,-4,4
29312,83,81,2,2
29313,59,61,-2,2
29314,92,91,1,1
29315,144,136,8,8
29316,67,57,10,10
29317,105,99,6,6
29318,62,60,2,2
29319,136,126,10,10
29320,111,113,-2,2
29321,64,70,-6,6
29322,73,60,13,13
29323,86,93,-7,7
29324,84,83,1,1
29325,74,76,-2,2
29326,135,131,4,4
29327,119,112,7,7
29328,83,90,-7,7
29329,102,101,1,1
29330,84,92,-8,8
29331,66,116,-50,50
29332,47,50,-3,3
29333,97,92,5,5
29334,106,101,5,5
29335,75,75,0,0
29336,108,118,-10,10
29337,154,143,11,11
29338,91,87,4,4
29339,75,79,-4,4
29340,155,138,17,17
29341,75,86,-11,11
29342,211,190,21,21
29343,69,64,5,5
29344,52,54,-2,2
29345,84,70,14,14
29346,89,89,0,0
29347,79,76,3,3
29348,78,84,-6,6
29349,90,85,5,5
29350,305,263,42,42
29351,83,88,-5,5
29352,193,186,7,7
29353,124,129,-5,5
29354,46,51,-5,5
29355,85,77,8,8
29356,84,89,-5,5
29357,98,96,2,2
29358,72,73,-1,1
29359,60,64,-4,4
29360,102,99,3,3
29361,92,88,4,4
29362,102,103,-1,1
29363,74,85,-11,11
29364,114,105,9,9
29365,86,96,-10,10
29366,114,116,-2,2
29367,151,160,-9,9
29368,91,88,3,3
29369,78,68,10,10
29370,153,144,9,9
29371,80,91,-11,11
29372,108,108,0,0
29373,88,77,11,11
29374,153,138,15,15
29375,71,80,-9,9
29376,95,100,-5,5
29377,127,115,12,12
29378,139,143,-4,4
29379,46,53,-7,7
29380,124,121,3,3
29381,93,95,-2,2
29382,114,104,10,10
29383,93,85,8,8
29384,67,62,5,5
29385,110,111,-1,1
29386,63,65,-2,2
29387,70,62,8,8
29388,87,85,2,2
29389,122,118,4,4
29390,107,111,-4,4
29391,153,143,10,10
29392,94,95,-1,1
29393,101,101,0,0
29394,78,82,-4,4
29395,82,95,-13,13
29396,88,85,3,3
29397,94,83,11,11
29398,37,52,-15,15
29399,67,66,1,1
29400,85,78,7,7
29401,105,91,14,14
29402,40,69,-29,29
29403,194,179,15,15
29404,123,121,2,2
29405,87,79,8,8
29406,102,98,4,4
29407,145,134,11,11
29408,68,67,1,1
29409,159,138,21,21
29410,82,85,-3,3
29411,83,70,13,13
29412,82,77,5,5
29413,69,61,8,8
29414,103,97,6,6
29415,105,103,2,2
29416,100,111,-11,11
29417,55,54,1,1
29418,80,81,-1,1
29419,73,81,-8,8
29420,51,99,-48,48
29421,124,120,4,4
29422,52,55,-3,3
29423,115,133,-18,18
29424,116,109,7,7
29425,101,104,-3,3
29426,63,60,3,3
29427,52,57,-5,5
29428,84,76,8,8
29429,142,140,2,2
29430,71,73,-2,2
29431,82,92,-10,10
29432,85,95,-10,10
29433,74,71,3,3
29434,61,52,9,9
29435,107,111,-4,4
29436,98,96,2,2
29437,80,83,-3,3
29438,69,77,-8,8
29439,64,65,-1,1
29440,137,126,11,11
29441,77,71,6,6
29442,94,105,-11,11
29443,86,85,1,1
29444,60,62,-2,2
29445,54,65,-11,11
29446,62,62,0,0
29447,86,90,-4,4
29448,60,57,3,3
29449,64,65,-1,1
29450,91,93,-2,2
29451,71,65,6,6
29452,78,87,-9,9
29453,104,101,3,3
29454,103,106,-3,3
29455,167,171,-4,4
29456,129,112,17,17
29457,125,146,-21,21
29458,108,113,-5,5
29459,77,80,-3,3
29460,121,124,-3,3
29461,77,72,5,5
29462,61,69,-8,8
29463,67,66,1,1
29464,96,90,6,6
29465,113,123,-10,10
29466,70,69,1,1
29467,79,71,8,8
29468,91,94,-3,3
29469,86,93,-7,7
29470,74,75,-1,1
29471,78,85,-7,7
29472,117,94,23,23
29473,82,70,12,12
29474,79,83,-4,4
29475,138,149,-11,11
29476,92,85,7,7
29477,69,62,7,7
29478,81,90,-9,9
29479,73,75,-2,2
29480,100,104,-4,4
29481,51,51,0,0
29482,60,58,2,2
29483,109,101,8,8
29484,131,128,3,3
29485,71,76,-5,5
29486,77,83,-6,6
29487,97,110,-13,13
29488,69,66,3,3
29489,124,115,9,9
29490,69,66,3,3
29491,131,125,6,6
29492,87,91,-4,4
29493,178,174,4,4
29494,111,110,1,1
29495,122,107,15,15
29496,155,143,12,12
29497,136,112,24,24
29498,113,122,-9,9
29499,64,68,-4,4
29500,111,107,4,4
29501,94,94,0,0
29502,58,62,-4,4
29503,89,82,7,7
29504,82,80,2,2
29505,87,95,-8,8
29506,50,58,-8,8
29507,79,74,5,5
29508,140,124,16,16
29509,134,210,-76,76
29510,119,110,9,9
29511,140,142,-2,2
29512,119,116,3,3
29513,52,53,-1,1
29514,124,135,-11,11
29515,131,104,27,27
29516,45,52,-7,7
29517,70,66,4,4
29518,99,100,-1,1
29519,82,77,5,5
29520,73,69,4,4
29521,120,128,-8,8
29522,107,113,-6,6
29523,88,90,-2,2
29524,82,81,1,1
29525,59,57,2,2
29526,90,98,-8,8
29527,56,63,-7,7
29528,113,111,2,2
29529,78,70,8,8
29530,61,66,-5,5
29531,89,89,0,0
29532,44,55,-11,11
29533,62,58,4,4
29534,111,113,-2,2
29535,75,75,0,0
29536,74,72,2,2
29537,79,71,8,8
29538,89,93,-4,4
29539,94,94,0,0
29540,116,111,5,5
29541,120,113,7,7
29542,180,167,13,13
29543,48,50,-2,2
29544,85,85,0,0
29545,112,105,7,7
29546,114,100,14,14
29547,78,76,2,2
29548,111,124,-13,13
29549,71,72,-1,1
29550,64,65,-1,1
29551,47,50,-3,3
29552,85,90,-5,5
29553,90,96,-6,6
29554,137,122,15,15
29555,138,140,-2,2
29556,64,58,6,6
29557,78,73,5,5
29558,42,51,-9,9
29559,98,96,2,2
29560,59,53,6,6
29561,76,86,-10,10
29562,106,100,6,6
29563,33,50,-17,17
29564,121,123,-2,2
29565,108,98,10,10
29566,76,77,-1,1
29567,64,62,2,2
29568,73,63,10,10
29569,112,104,8,8
29570,105,99,6,6
29571,59,67,-8,8
29572,205,177,28,28
29573,78,85,-7,7
29574,79,87,-8,8
29575,123,121,2,2
29576,83,78,5,5
29577,115,116,-1,1
29578,75,76,-1,1
29579,86,89,-3,3
29580,111,125,-14,14
29581,82,110,-28,28
29582,157,151,6,6
29583,58,57,1,1
29584,101,99,2,2
29585,99,98,1,1
29586,96,97,-1,1
29587,133,143,-10,10
29588,93,94,-1,1
29589,79,76,3,3
29590,87,69,18,18
29591,101,107,-6,6
29592,73,69,4,4
29593,76,72,4,4
29594,110,97,13,13
29595,100,98,2,2
29596,87,88,-1,1
29597,126,131,-5,5
29598,81,74,7,7
29599,70,78,-8,8
29600,139,138,1,1
29601,74,69,5,5
29602,147,123,24,24
29603,92,83,9,9
29604,133,113,20,20
29605,87,86,1,1
29606,96,98,-2,2
29607,70,99,-29,29
29608,75,82,-7,7
29609,121,114,7,7
29610,88,87,1,1
29611,96,100,-4,4
29612,196,133,63,63
29613,90,94,-4,4
29614,110,107,3,3
29615,59,56,3,3
29616,131,125,6,6
29617,56,54,2,2
29618,98,104,-6,6
29619,94,88,6,6
29620,73,80,-7,7
29621,52,52,0,0
29622,97,90,7,7
29623,119,115,4,4
29624,94,83,11,11
29625,144,140,4,4
29626,128,123,5,5
29627,81,72,9,9
29628,101,92,9,9
29629,138,128,10,10
29630,68,66,2,2
29631,124,102,22,22
29632,61,73,-12,12
29633,118,107,11,11
29634,69,71,-2,2
29635,84,84,0,0
29636,175,158,17,17
29637,54,56,-2,2
29638,72,81,-9,9
29639,82,72,10,10
29640,102,91,11,11
29641,107,103,4,4
29642,110,108,2,2
29643,128,124,4,4
29644,132,136,-4,4
29645,80,78,2,2
29646,60,63,-3,3
29647,54,57,-3,3
29648,89,93,-4,4
29649,90,96,-6,6
29650,62,78,-16,16
29651,64,84,-20,20
29652,74,65,9,9
29653,123,208,-85,85
29654,77,76,1,1
29655,79,77,2,2
29656,88,91,-3,3
29657,77,86,-9,9
29658,96,102,-6,6
29659,80,77,3,3
29660,104,103,1,1
29661,46,56,-10,10
29662,70,79,-9,9
29663,93,99,-6,6
29664,103,98,5,5
29665,117,104,13,13
29666,80,82,-2,2
29667,93,92,1,1
29668,88,93,-5,5
29669,101,95,6,6
29670,69,69,0,0
29671,97,95,2,2
29672,56,57,-1,1
29673,101,97,4,4
29674,122,117,5,5
29675,95,97,-2,2
29676,113,112,1,1
29677,150,136,14,14
29678,164,164,0,0
29679,87,87,0,0
29680,128,123,5,5
29681,66,68,-2,2
29682,68,59,9,9
29683,120,112,8,8
29684,151,150,1,1
29685,72,64,8,8
29686,89,95,-6,6
29687,231,222,9,9
29688,49,66,-17,17
29689,68,61,7,7
29690,81,76,5,5
29691,96,96,0,0
29692,123,110,13,13
29693,88,86,2,2
29694,188,181,7,7
29695,78,68,10,10
29696,78,76,2,2
29697,105,109,-4,4
29698,102,100,2,2
29699,74,85,-11,11
29700,74,80,-6,6
29701,63,70,-7,7
29702,106,103,3,3
29703,90,84,6,6
29704,100,98,2,2
29705,106,101,5,5
29706,74,75,-1,1
29707,75,79,-4,4
29708,119,129,-10,10
29709,115,114,1,1
29710,125,115,10,10
29711,106,102,4,4
29712,113,113,0,0
29713,81,78,3,3
29714,84,78,6,6
29715,79,90,-11,11
29716,129,120,9,9
29717,55,55,0,0
29718,99,101,-2,2
29719,88,93,-5,5
29720,129,111,18,18
29721,92,92,0,0
29722,113,116,-3,3
29723,67,65,2,2
29724,96,106,-10,10
29725,64,70,-6,6
29726,132,142,-10,10
29727,172,154,18,18
29728,104,107,-3,3
29729,83,74,9,9
29730,70,83,-13,13
29731,104,102,2,2
29732,78,67,11,11
29733,66,82,-16,16
29734,81,82,-1,1
29735,63,67,-4,4
29736,74,81,-7,7
29737,109,92,17,17
29738,70,68,2,2
29739,91,80,11,11
29740,95,95,0,0
29741,76,77,-1,1
29742,68,64,4,4
29743,92,91,1,1
29744,65,66,-1,1
29745,36,50,-14,14
29746,105,107,-2,2
29747,110,105,5,5
29748,121,114,7,7
29749,49,50,-1,1
29750,98,83,15,15
29751,117,108,9,9
29752,52,99,-47,47
29753,84,86,-2,2
29754,148,144,4,4
29755,63,61,2,2
29756,63,70,-7,7
29757,92,94,-2,2
29758,85,80,5,5
29759,93,88,5,5
29760,88,69,19,19
29761,80,78,2,2
29762,83,85,-2,2
29763,61,66,-5,5
29764,76,74,2,2
29765,81,89,-8,8
29766,75,65,10,10
29767,61,56,5,5
29768,110,106,4,4
29769,91,86,5,5
29770,63,55,8,8
29771,126,128,-2,2
29772,102,93,9,9
29773,102,97,5,5
29774,107,101,6,6
29775,49,52,-3,3
29776,71,75,-4,4
29777,70,84,-14,14
29778,94,94,0,0
29779,201,190,11,11
29780,80,85,-5,5
29781,62,59,3,3
29782,97,97,0,0
29783,77,75,2,2
29784,74,96,-22,22
29785,55,58,-3,3
29786,88,85,3,3
29787,27,50,-23,23
29788,64,60,4,4
29789,95,111,-16,16
29790,74,75,-1,1
29791,99,105,-6,6
29792,68,66,2,2
29793,65,65,0,0
29794,97,101,-4,4
29795,73,75,-2,2
29796,88,100,-12,12
29797,121,126,-5,5
29798,102,96,6,6
29799,101,105,-4,4
29800,78,88,-10,10
29801,156,146,10,10
29802,76,85,-9,9
29803,66,64,2,2
29804,91,101,-10,10
29805,82,74,8,8
29806,150,144,6,6
29807,46,51,-5,5
29808,164,164,0,0
29809,134,132,2,2
29810,124,119,5,5
29811,75,77,-2,2
29812,64,70,-6,6
29813,207,193,14,14
29814,125,129,-4,4
29815,143,129,14,14
29816,79,72,7,7
29817,62,62,0,0
29818,149,151,-2,2
29819,136,131,5,5
29820,48,51,-3,3
29821,117,108,9,9
29822,50,53,-3,3
29823,88,85,3,3
29824,62,63,-1,1
29825,37,50,-13,13
29826,142,128,14,14
29827,59,59,0,0
29828,123,118,5,5
29829,78,76,2,2
29830,117,111,6,6
29831,84,89,-5,5
29832,191,176,15,15
29833,176,158,18,18
29834,68,68,0,0
29835,58,56,2,2
29836,74,73,1,1
29837,166,158,8,8
29838,178,170,8,8
29839,102,105,-3,3
29840,106,100,6,6
29841,121,126,-5,5
29842,157,154,3,3
29843,60,58,2,2
29844,116,111,5,5
29845,133,133,0,0
29846,50,51,-1,1
29847,90,91,-1,1
29848,138,128,10,10
29849,216,210,6,6
29850,114,114,0,0
29851,107,108,-1,1
29852,68,58,10,10
29853,52,57,-5,5
29854,139,130,9,9
29855,98,89,9,9
29856,143,136,7,7
29857,97,88,9,9
29858,80,85,-5,5
29859,60,57,3,3
29860,104,102,2,2
29861,102,104,-2,2
29862,155,149,6,6
29863,157,147,10,10
29864,122,103,19,19
29865,89,88,1,1
29866,68,66,2,2
29867,68,65,3,3
29868,102,106,-4,4
29869,107,112,-5,5
29870,62,60,2,2
29871,145,147,-2,2
29872,92,89,3,3
29873,113,106,7,7
29874,72,63,9,9
29875,67,66,1,1
29876,86,84,2,2
29877,78,78,0,0
29878,94,97,-3,3
29879,103,91,12,12
29880,145,150,-5,5
29881,74,78,-4,4
29882,128,135,-7,7
29883,146,121,25,25
29884,54,57,-3,3
29885,162,148,14,14
29886,150,149,1,1
29887,57,61,-4,4
29888,118,120,-2,2
29889,37,50,-13,13
29890,121,110,11,11
29891,130,116,14,14
29892,62,64,-2,2
29893,66,67,-1,1
29894,119,99,20,20
29895,120,110,10,10
29896,100,103,-3,3
29897,121,129,-8,8
29898,85,88,-3,3
29899,99,94,5,5
29900,63,66,-3,3
29901,98,88,10,10
29902,62,58,4,4
29903,78,75,3,3
29904,61,59,2,2
29905,110,100,10,10
29906,90,90,0,0
29907,125,101,24,24
29908,59,54,5,5
29909,83,74,9,9
29910,103,114,-11,11
29911,66,65,1,1
29912,131,130,1,1
29913,72,77,-5,5
29914,56,57,-1,1
29915,110,111,-1,1
29916,72,75,-3,3
29917,120,124,-4,4
29918,82,85,-3,3
29919,79,82,-3,3
29920,169,162,7,7
29921,140,148,-8,8
29922,139,132,7,7
29923,53,60,-7,7
29924,93,103,-10,10
29925,95,87,8,8
29926,91,87,4,4
29927,96,92,4,4
29928,115,112,3,3
29929,80,73,7,7
29930,61,57,4,4
29931,125,133,-8,8
29932,79,73,6,6
29933,113,105,8,8
29934,113,118,-5,5
29935,79,80,-1,1
29936,143,130,13,13
29937,69,84,-15,15
29938,71,95,-24,24
29939,67,65,2,2
29940,53,53,0,0
29941,132,139,-7,7
29942,129,122,7,7
29943,85,82,3,3
29944,107,112,-5,5
29945,143,138,5,5
29946,57,53,4,4
29947,99,96,3,3
29948,54,61,-7,7
29949,102,109,-7,7
29950,64,62,2,2
29951,86,98,-12,12
29952,88,83,5,5
29953,170,150,20,20
29954,71,75,-4,4
29955,127,127,0,0
29956,61,62,-1,1
29957,63,66,-3,3
29958,46,53,-7,7
29959,78,71,7,7
29960,85,93,-8,8
29961,86,75,11,11
29962,91,85,6,6
29963,75,68,7,7
29964,75,74,1,1
29965,73,98,-25,25
29966,74,71,3,3
29967,69,74,-5,5
29968,77,67,10,10
29969,119,117,2,2
29970,77,90,-13,13
29971,143,139,4,4
29972,132,135,-3,3
29973,89,93,-4,4
29974,60,57,3,3
29975,131,136,-5,5
29976,83,73,10,10
29977,80,75,5,5
29978,92,84,8,8
29979,187,187,0,0
29980,128,127,1,1
29981,151,141,10,10
29982,44,51,-7,7
29983,83,82,1,1
29984,78,70,8,8
29985,81,82,-1,1
29986,73,76,-3,3
29987,138,140,-2,2
29988,45,51,-6,6
29989,58,62,-4,4
29990,105,106,-1,1
29991,103,103,0,0
29992,91,93,-2,2
29993,48,53,-5,5
29994,74,81,-7,7
29995,104,92,12,12
29996,69,69,0,0
29997,62,65,-3,3
29998,140,152,-12,12
29999,129,153,-24,24
30000,98,94,4,4
30001,99,96,3,3
30002,71,65,6,6
30003,149,160,-11,11
30004,101,105,-4,4
30005,114,122,-8,8
30006,181,172,9,9
30007,112,119,-7,7
30008,112,110,2,2
30009,95,95,0,0
30010,133,130,3,3
30011,168,151,17,17
30012,24,50,-26,26
30013,119,112,7,7
30014,102,98,4,4
30015,84,82,2,2
30016,134,128,6,6
30017,69,66,3,3
30018,66,60,6,6
30019,74,64,10,10
30020,113,111,2,2
30021,64,70,-6,6
30022,79,78,1,1
30023,103,85,18,18
30024,107,104,3,3
30025,66,73,-7,7
30026,88,87,1,1
30027,158,159,-1,1
30028,123,111,12,12
30029,73,77,-4,4
30030,105,105,0,0
30031,65,66,-1,1
30032,119,121,-2,2
30033,68,66,2,2
30034,64,65,-1,1
30035,74,73,1,1
30036,23,50,-27,27
30037,97,94,3,3
30038,124,119,5,5
30039,72,71,1,1
30040,132,127,5,5
30041,42,55,-13,13
30042,121,113,8,8
30043,89,85,4,4
30044,113,102,11,11
30045,114,109,5,5
30046,57,54,3,3
30047,63,60,3,3
30048,121,119,2,2
30049,144,136,8,8
30050,118,115,3,3
30051,64,62,2,2
30052,121,113,8,8
30053,135,127,8,8
30054,80,85,-5,5
30055,110,103,7,7
30056,100,99,1,1
30057,94,100,-6,6
30058,83,77,6,6
30059,87,93,-6,6
30060,67,65,2,2
30061,95,103,-8,8
30062,88,82,6,6
30063,93,96,-3,3
30064,91,77,14,14
30065,133,123,10,10
30066,77,98,-21,21
30067,106,111,-5,5
30068,53,61,-8,8
30069,89,91,-2,2
30070,154,133,21,21
30071,98,104,-6,6
30072,54,56,-2,2
30073,79,82,-3,3
30074,115,112,3,3
30075,135,134,1,1
30076,81,79,2,2
30077,56,72,-16,16
30078,54,65,-11,11
30079,73,61,12,12
30080,80,84,-4,4
30081,114,109,5,5
30082,170,177,-7,7
30083,124,118,6,6
30084,63,61,2,2
30085,93,109,-16,16
30086,77,75,2,2
30087,178,172,6,6
30088,67,63,4,4
30089,72,66,6,6
30090,60,61,-1,1
30091,64,64,0,0
30092,85,79,6,6
30093,158,154,4,4
30094,124,112,12,12
30095,70,114,-44,44
30096,61,66,-5,5
30097,110,120,-10,10
30098,94,103,-9,9
30099,161,146,15,15
30100,98,99,-1,1
30101,165,152,13,13
30102,82,88,-6,6
30103,102,112,-10,10
30104,105,103,2,2
30105,85,94,-9,9
30106,106,111,-5,5
30107,91,80,11,11
30108,86,91,-5,5
30109,44,50,-6,6
30110,96,103,-7,7
30111,114,107,7,7
30112,83,85,-2,2
30113,24,50,-26,26
30114,75,80,-5,5
30115,140,143,-3,3
30116,46,51,-5,5
30117,80,78,2,2
30118,82,98,-16,16
30119,125,118,7,7
30120,56,58,-2,2
30121,76,75,1,1
30122,44,50,-6,6
30123,102,93,9,9
30124,146,138,8,8
30125,46,50,-4,4
30126,80,82,-2,2
30127,117,125,-8,8
30128,85,74,11,11
30129,60,57,3,3
30130,81,90,-9,9
30131,42,50,-8,8
30132,79,91,-12,12
30133,98,90,8,8
30134,110,104,6,6
30135,74,69,5,5
30136,54,55,-1,1
30137,113,119,-6,6
30138,78,89,-11,11
30139,52,52,0,0
30140,449,459,-10,10
30141,121,120,1,1
30142,68,65,3,3
30143,35,51,-16,16
30144,36,50,-14,14
30145,81,89,-8,8
30146,155,145,10,10
30147,207,182,25,25
30148,105,107,-2,2
30149,66,74,-8,8
30150,105,90,15,15
30151,63,55,8,8
30152,97,93,4,4
30153,114,104,10,10
30154,69,70,-1,1
30155,181,179,2,2
30156,58,65,-7,7
30157,56,60,-4,4
30158,41,50,-9,9
30159,61,63,-2,2
30160,108,116,-8,8
30161,113,107,6,6
30162,46,50,-4,4
30163,85,80,5,5
30164,109,111,-2,2
30165,144,145,-1,1
30166,45,76,-31,31
30167,56,55,1,1
30168,71,63,8,8
30169,83,71,12,12
30170,72,75,-3,3
30171,92,84,8,8
30172,97,112,-15,15
30173,52,53,-1,1
30174,135,136,-1,1
30175,69,70,-1,1
30176,88,92,-4,4
30177,79,77,2,2
30178,74,71,3,3
30179,74,76,-2,2
30180,102,109,-7,7
30181,154,138,16,16
30182,225,213,12,12
30183,98,105,-7,7
30184,77,79,-2,2
30185,164,146,18,18
30186,144,114,30,30
30187,75,68,7,7
30188,142,148,-6,6
30189,115,116,-1,1
30190,81,81,0,0
30191,103,108,-5,5
30192,94,100,-6,6
30193,76,93,-17,17
30194,50,56,-6,6
30195,108,119,-11,11
30196,146,137,9,9
30197,90,91,-1,1
30198,129,124,5,5
30199,74,84,-10,10
30200,105,102,3,3
30201,91,89,2,2
30202,121,128,-7,7
30203,109,92,17,17
30204,85,101,-16,16
30205,111,114,-3,3
30206,136,132,4,4
30207,74,72,2,2
30208,89,96,-7,7
30209,102,102,0,0
30210,63,56,7,7
30211,113,114,-1,1
30212,92,80,12,12
30213,87,93,-6,6
30214,98,96,2,2
30215,111,113,-2,2
30216,116,107,9,9
30217,133,138,-5,5
30218,160,152,8,8
30219,86,86,0,0
30220,132,131,1,1
30221,110,109,1,1
30222,53,56,-3,3
30223,95,94,1,1
30224,88,88,0,0
30225,56,57,-1,1
30226,75,77,-2,2
30227,76,77,-1,1
30228,47,51,-4,4
30229,96,90,6,6
30230,39,58,-19,19
30231,159,141,18,18
30232,61,61,0,0
30233,53,52,1,1
30234,84,86,-2,2
30235,85,80,5,5
30236,82,87,-5,5
30237,88,94,-6,6
30238,87,74,13,13
30239,111,109,2,2
30240,161,149,12,12
30241,131,133,-2,2
30242,89,83,6,6
30243,156,149,7,7
30244,61,58,3,3
30245,94,101,-7,7
30246,102,86,16,16
30247,167,171,-4,4
30248,182,167,15,15
30249,59,53,6,6
30250,162,142,20,20
30251,132,127,5,5
30252,66,61,5,5
30253,88,87,1,1
30254,106,90,16,16
30255,59,62,-3,3
30256,86,95,-9,9
30257,45,52,-7,7
30258,42,52,-10,10
30259,54,53,1,1
30260,79,81,-2,2
30261,139,143,-4,4
30262,98,103,-5,5
30263,113,114,-1,1
30264,87,85,2,2
30265,55,60,-5,5
30266,47,51,-4,4
30267,93,102,-9,9
30268,55,58,-3,3
30269,113,141,-28,28
30270,87,80,7,7
30271,138,140,-2,2
30272,106,95,11,11
30273,76,76,0,0
30274,89,85,4,4
30275,90,82,8,8
30276,119,114,5,5
30277,106,104,2,2
30278,89,85,4,4
30279,80,84,-4,4
30280,77,80,-3,3
30281,138,126,12,12
30282,99,94,5,5
30283,70,76,-6,6
30284,107,103,4,4
30285,64,63,1,1
30286,123,119,4,4
30287,75,80,-5,5
30288,46,58,-12,12
30289,94,95,-1,1
30290,68,64,4,4
30291,116,124,-8,8
30292,68,77,-9,9
30293,42,50,-8,8
30294,74,61,13,13
30295,102,105,-3,3
30296,111,105,6,6
30297,102,109,-7,7
30298,155,170,-15,15
30299,97,100,-3,3
30300,75,71,4,4
30301,158,172,-14,14
30302,66,55,11,11
30303,72,66,6,6
30304,197,164,33,33
30305,133,115,18,18
30306,103,111,-8,8
30307,119,114,5,5
30308,88,92,-4,4
30309,56,61,-5,5
30310,59,68,-9,9
30311,73,87,-14,14
30312,100,96,4,4
30313,83,76,7,7
30314,104,104,0,0
30315,91,97,-6,6
30316,86,88,-2,2
30317,62,56,6,6
30318,90,102,-12,12
30319,79,75,4,4
30320,127,126,1,1
30321,108,119,-11,11
30322,38,71,-33,33
30323,63,71,-8,8
30324,55,57,-2,2
30325,111,93,18,18
30326,53,59,-6,6
30327,77,74,3,3
30328,143,142,1,1
30329,136,128,8,8
30330,47,55,-8,8
30331,85,80,5,5
30332,96,88,8,8
30333,87,84,3,3
30334,87,85,2,2
30335,144,130,14,14
30336,105,98,7,7
30337,96,105,-9,9
30338,78,81,-3,3
30339,140,155,-15,15
30340,69,68,1,1
30341,41,55,-14,14
30342,73,81,-8,8
30343,75,75,0,0
30344,54,61,-7,7
30345,71,72,-1,1
30346,92,97,-5,5
30347,78,76,2,2
30348,106,103,3,3
30349,77,81,-4,4
30350,74,74,0,0
30351,59,55,4,4
30352,94,107,-13,13
30353,86,82,4,4
30354,102,112,-10,10
30355,87,92,-5,5
30356,121,120,1,1
30357,75,68,7,7
30358,108,105,3,3
30359,174,159,15,15
30360,119,112,7,7
30361,84,87,-3,3
30362,98,97,1,1
30363,84,89,-5,5
30364,89,82,7,7
30365,87,74,13,13
30366,43,56,-13,13
30367,95,100,-5,5
30368,62,66,-4,4
30369,97,104,-7,7
30370,110,105,5,5
30371,102,109,-7,7
30372,95,99,-4,4
30373,84,87,-3,3
30374,88,94,-6,6
30375,101,99,2,2
30376,154,153,1,1
30377,159,151,8,8
30378,103,97,6,6
30379,75,76,-1,1
30380,119,107,12,12
30381,27,50,-23,23
30382,77,82,-5,5
30383,169,150,19,19
30384,151,154,-3,3
30385,72,64,8,8
30386,145,125,20,20
30387,62,66,-4,4
30388,52,68,-16,16
30389,69,78,-9,9
30390,74,69,5,5
30391,102,93,9,9
30392,91,97,-6,6
30393,93,92,1,1
30394,81,80,1,1
30395,137,131,6,6
30396,157,158,-1,1
30397,48,51,-3,3
30398,122,122,0,0
30399,64,66,-2,2
30400,175,163,12,12
30401,74,59,15,15
30402,47,52,-5,5
30403,103,99,4,4
30404,88,94,-6,6
30405,64,81,-17,17
30406,94,93,1,1
30407,111,106,5,5
30408,209,186,23,23
30409,80,78,2,2
30410,108,112,-4,4
30411,103,101,2,2
30412,93,118,-25,25
30413,86,91,-5,5
30414,105,101,4,4
30415,110,106,4,4
30416,82,86,-4,4
30417,69,63,6,6
30418,43,50,-7,7
30419,74,82,-8,8
30420,131,116,15,15
30421,137,137,0,0
30422,110,123,-13,13
30423,61,64,-3,3
30424,90,88,2,2
30425,78,70,8,8
30426,82,86,-4,4
30427,82,87,-5,5
30428,66,63,3,3
30429,136,140,-4,4
30430,112,103,9,9
30431,71,70,1,1
30432,114,114,0,0
30433,105,150,-45,45
30434,93,80,13,13
30435,122,125,-3,3
30436,167,164,3,3
30437,67,62,5,5
30438,62,78,-16,16
30439,116,110,6,6
30440,120,111,9,9
30441,126,123,3,3
30442,110,105,5,5
30443,85,88,-3,3
30444,124,113,11,11
30445,129,131,-2,2
30446,99,115,-16,16
30447,172,164,8,8
30448,76,80,-4,4
30449,64,64,0,0
30450,138,125,13,13
30451,59,58,1,1
30452,123,114,9,9
30453,140,103,37,37
30454,67,69,-2,2
30455,211,192,19,19
30456,155,141,14,14
30457,84,96,-12,12
30458,125,125,0,0
30459,72,69,3,3
30460,121,125,-4,4
30461,121,126,-5,5
30462,141,142,-1,1
30463,67,65,2,2
30464,73,99,-26,26
30465,107,114,-7,7
30466,72,64,8,8
30467,65,68,-3,3
30468,82,80,2,2
30469,87,77,10,10
30470,87,80,7,7
30471,52,54,-2,2
30472,84,74,10,10
30473,81,78,3,3
30474,75,76,-1,1
30475,126,128,-2,2
30476,45,51,-6,6
30477,48,53,-5,5
30478,77,78,-1,1
30479,150,130,20,20
30480,100,98,2,2
30481,128,134,-6,6
30482,86,85,1,1
30483,72,61,11,11
30484,108,103,5,5
30485,61,53,8,8
30486,121,122,-1,1
30487,132,130,2,2
30488,112,119,-7,7
30489,148,144,4,4
30490,89,103,-14,14
30491,47,54,-7,7
30492,75,73,2,2
30493,113,127,-14,14
30494,82,89,-7,7
30495,82,83,-1,1
30496,155,143,12,12
30497,114,108,6,6
30498,85,94,-9,9
30499,97,100,-3,3
30500,117,105,12,12
30501,57,59,-2,2
30502,121,119,2,2
30503,50,52,-2,2
30504,32,50,-18,18
30505,126,122,4,4
30506,85,84,1,1
30507,45,56,-11,11
30508,105,99,6,6
30509,84,89,-5,5
30510,99,90,9,9
30511,129,97,32,32
30512,115,113,2,2
30513,127,130,-3,3
30514,42,63,-21,21
30515,86,93,-7,7
30516,106,104,2,2
30517,108,102,6,6
30518,143,139,4,4
30519,98,108,-10,10
30520,131,106,25,25
30521,117,114,3,3
30522,82,76,6,6
30523,79,81,-2,2
30524,58,56,2,2
30525,96,92,4,4
30526,105,96,9,9
30527,103,94,9,9
30528,72,87,-15,15
30529,108,115,-7,7
30530,155,149,6,6
30531,164,149,15,15
30532,60,58,2,2
30533,130,122,8,8
30534,123,117,6,6
30535,104,105,-1,1
30536,79,74,5,5
30537,136,131,5,5
30538,130,127,3,3
30539,135,119,16,16
30540,77,75,2,2
30541,136,129,7,7
30542,107,85,22,22
30543,127,118,9,9
30544,116,116,0,0
30545,132,128,4,4
30546,88,79,9,9
30547,74,71,3,3
30548,71,82,-11,11
30549,53,56,-3,3
30550,57,56,1,1
30551,189,176,13,13
30552,49,51,-2,2
30553,124,130,-6,6
30554,127,122,5,5
30555,45,61,-16,16
30556,110,122,-12,12
30557,104,108,-4,4
30558,82,83,-1,1
30559,133,130,3,3
30560,229,212,17,17
30561,64,71,-7,7
30562,107,97,10,10
30563,109,107,2,2
30564,174,157,17,17
30565,176,167,9,9
30566,101,94,7,7
30567,113,107,6,6
30568,139,128,11,11
30569,56,55,1,1
30570,75,76,-1,1
30571,89,89,0,0
30572,34,53,-19,19
30573,130,131,-1,1
30574,81,75,6,6
30575,103,115,-12,12
30576,99,102,-3,3
30577,136,139,-3,3
30578,37,50,-13,13
30579,82,76,6,6
30580,125,122,3,3
30581,121,118,3,3
30582,94,87,7,7
30583,67,65,2,2
30584,110,120,-10,10
30585,82,81,1,1
30586,106,116,-10,10
30587,154,145,9,9
30588,97,93,4,4
30589,65,68,-3,3
30590,81,88,-7,7
30591,53,55,-2,2
30592,123,110,13,13
30593,123,112,11,11
30594,60,51,9,9
30595,59,63,-4,4
30596,71,98,-27,27
30597,154,147,7,7
30598,89,89,0,0
30599,89,82,7,7
30600,95,89,6,6
30601,78,77,1,1
30602,79,82,-3,3
30603,132,132,0,0
30604,124,128,-4,4
30605,125,121,4,4
30606,73,70,3,3
30607,109,113,-4,4
30608,84,83,1,1
30609,114,118,-4,4
30610,98,99,-1,1
30611,229,218,11,11
30612,118,122,-4,4
30613,105,106,-1,1
30614,56,60,-4,4
30615,86,82,4,4
30616,72,75,-3,3
30617,144,165,-21,21
30618,151,142,9,9
30619,91,90,1,1
30620,134,135,-1,1
30621,142,134,8,8
30622,119,121,-2,2
30623,115,109,6,6
30624,122,125,-3,3
30625,121,112,9,9
30626,145,156,-11,11
30627,151,148,3,3
30628,99,79,20,20
30629,90,90,0,0
30630,115,142,-27,27
30631,65,82,-17,17
30632,90,88,2,2
30633,78,80,-2,2
30634,65,73,-8,8
30635,77,79,-2,2
30636,64,64,0,0
30637,204,197,7,7
30638,134,142,-8,8
30639,144,131,13,13
30640,127,129,-2,2
30641,88,79,9,9
30642,61,64,-3,3
30643,118,119,-1,1
30644,91,90,1,1
30645,143,123,20,20
30646,166,146,20,20
30647,77,72,5,5
30648,97,89,8,8
30649,97,102,-5,5
30650,98,86,12,12
30651,71,68,3,3
30652,77,72,5,5
30653,145,141,4,4
30654,127,121,6,6
30655,144,138,6,6
30656,128,120,8,8
30657,148,141,7,7
30658,67,58,9,9
30659,147,151,-4,4
30660,85,94,-9,9
30661,98,99,-1,1
30662,72,70,2,2
30663,74,77,-3,3
30664,111,116,-5,5
30665,80,76,4,4
30666,73,69,4,4
30667,79,80,-1,1
30668,90,80,10,10
30669,104,98,6,6
30670,70,69,1,1
30671,99,99,0,0
30672,64,66,-2,2
30673,68,68,0,0
30674,96,93,3,3
30675,44,50,-6,6
30676,84,86,-2,2
30677,81,76,5,5
30678,152,148,4,4
30679,69,73,-4,4
30680,86,99,-13,13
30681,89,95,-6,6
30682,151,149,2,2
30683,80,88,-8,8
30684,97,98,-1,1
30685,55,53,2,2
30686,126,116,10,10
30687,110,119,-9,9
30688,112,122,-10,10
30689,156,143,13,13
30690,52,62,-10,10
30691,88,90,-2,2
30692,98,106,-8,8
30693,131,125,6,6
30694,114,107,7,7
30695,154,156,-2,2
30696,52,53,-1,1
30697,134,135,-1,1
30698,60,57,3,3
30699,68,69,-1,1
30700,119,118,1,1
30701,61,64,-3,3
30702,94,103,-9,9
30703,98,102,-4,4
30704,103,107,-4,4
30705,120,120,0,0
30706,97,93,4,4
30707,126,117,9,9
30708,103,101,2,2
30709,97,99,-2,2
30710,89,85,4,4
30711,69,65,4,4
30712,58,58,0,0
30713,109,101,8,8
30714,91,80,11,11
30715,76,74,2,2
30716,206,196,10,10
30717,109,97,12,12
30718,167,158,9,9
30719,124,113,11,11
30720,68,65,3,3
30721,162,136,26,26
30722,92,87,5,5
30723,160,162,-2,2
30724,107,107,0,0
30725,104,90,14,14
30726,72,63,9,9
30727,59,62,-3,3
30728,102,92,10,10
30729,110,121,-11,11
30730,71,68,3,3
30731,96,89,7,7
30732,117,114,3,3
30733,67,69,-2,2
30734,64,67,-3,3
30735,111,109,2,2
30736,54,51,3,3
30737,70,71,-1,1
30738,89,85,4,4
30739,125,133,-8,8
30740,81,90,-9,9
30741,132,123,9,9
30742,122,124,-2,2
30743,83,87,-4,4
30744,49,60,-11,11
30745,134,117,17,17
30746,86,87,-1,1
30747,87,84,3,3
30748,113,112,1,1
30749,147,147,0,0
30750,57,65,-8,8
30751,81,79,2,2
30752,84,92,-8,8
30753,130,124,6,6
30754,103,100,3,3
30755,57,59,-2,2
30756,58,59,-1,1
30757,147,126,21,21
30758,136,134,2,2
30759,78,78,0,0
30760,92,91,1,1
30761,69,72,-3,3
30762,151,140,11,11
30763,155,157,-2,2
30764,80,86,-6,6
30765,71,60,11,11
30766,113,165,-52,52
30767,129,110,19,19
30768,113,111,2,2
30769,82,88,-6,6
30770,69,61,8,8
30771,95,93,2,2
30772,86,88,-2,2
30773,86,79,7,7
30774,73,67,6,6
30775,84,87,-3,3
30776,99,94,5,5
30777,159,143,16,16
30778,94,98,-4,4
30779,93,94,-1,1
30780,52,54,-2,2
30781,92,92,0,0
30782,77,86,-9,9
30783,83,84,-1,1
30784,145,147,-2,2
30785,89,83,6,6
30786,98,93,5,5
30787,128,131,-3,3
30788,70,82,-12,12
30789,85,85,0,0
30790,94,94,0,0
30791,63,69,-6,6
30792,120,105,15,15
30793,93,103,-10,10
30794,113,110,3,3
30795,164,168,-4,4
30796,121,118,3,3
30797,61,55,6,6
30798,100,103,-3,3
30799,67,58,9,9
30800,107,111,-4,4
30801,56,57,-1,1
30802,79,80,-1,1
30803,116,148,-32,32
30804,139,135,4,4
30805,112,121,-9,9
30806,92,92,0,0
30807,108,103,5,5
30808,124,129,-5,5
30809,158,162,-4,4
30810,106,92,14,14
30811,132,126,6,6
30812,100,95,5,5
30813,64,98,-34,34
30814,128,123,5,5
30815,53,52,1,1
30816,54,53,1,1
30817,81,82,-1,1
30818,67,65,2,2
30819,97,114,-17,17
30820,129,115,14,14
30821,122,104,18,18
30822,139,136,3,3
30823,44,50,-6,6
30824,131,129,2,2
30825,67,72,-5,5
30826,115,104,11,11
30827,53,57,-4,4
30828,84,80,4,4
30829,124,121,3,3
30830,74,66,8,8
30831,104,114,-10,10
30832,70,76,-6,6
30833,112,113,-1,1
30834,90,76,14,14
30835,83,103,-20,20
30836,71,72,-1,1
30837,81,77,4,4
30838,124,140,-16,16
30839,161,166,-5,5
30840,52,56,-4,4
30841,78,83,-5,5
30842,57,52,5,5
30843,113,110,3,3
30844,105,97,8,8
30845,119,108,11,11
30846,48,57,-9,9
30847,123,115,8,8
30848,96,90,6,6
30849,124,114,10,10
30850,129,128,1,1
30851,125,125,0,0
30852,104,107,-3,3
30853,117,116,1,1
30854,151,147,4,4
30855,125,122,3,3
30856,87,97,-10,10
30857,71,70,1,1
30858,58,57,1,1
30859,127,130,-3,3
30860,143,130,13,13
30861,78,75,3,3
30862,114,124,-10,10
30863,49,51,-2,2
30864,86,90,-4,4
30865,81,88,-7,7
30866,85,84,1,1
30867,158,136,22,22
30868,57,54,3,3
30869,109,110,-1,1
30870,95,91,4,4
30871,45,50,-5,5
30872,76,89,-13,13
30873,83,79,4,4
30874,100,113,-13,13
30875,65,80,-15,15
30876,76,81,-5,5
30877,47,55,-8,8
30878,70,71,-1,1
30879,157,155,2,2
30880,204,179,25,25
30881,88,83,5,5
30882,93,87,6,6
30883,53,60,-7,7
30884,97,98,-1,1
30885,84,81,3,3
30886,66,74,-8,8
30887,73,76,-3,3
30888,64,66,-2,2
30889,102,92,10,10
30890,56,59,-3,3
30891,73,75,-2,2
30892,78,85,-7,7
30893,64,72,-8,8
30894,89,92,-3,3
30895,108,110,-2,2
30896,79,68,11,11
30897,99,98,1,1
30898,104,104,0,0
30899,174,160,14,14
30900,76,79,-3,3
30901,67,74,-7,7
30902,103,99,4,4
30903,72,69,3,3
30904,65,77,-12,12
30905,79,82,-3,3
30906,39,68,-29,29
30907,42,50,-8,8
30908,43,51,-8,8
30909,130,129,1,1
30910,56,56,0,0
30911,67,70,-3,3
30912,61,60,1,1
30913,79,70,9,9
30914,122,100,22,22
30915,121,114,7,7
30916,87,76,11,11
30917,95,101,-6,6
30918,76,75,1,1
30919,98,86,12,12
30920,149,150,-1,1
30921,37,50,-13,13
30922,91,77,14,14
30923,99,96,3,3
30924,64,68,-4,4
30925,113,116,-3,3
30926,82,84,-2,2
30927,71,72,-1,1
30928,103,110,-7,7
30929,58,59,-1,1
30930,112,107,5,5
30931,61,61,0,0
30932,60,68,-8,8
30933,118,123,-5,5
30934,48,54,-6,6
30935,86,76,10,10
30936,61,70,-9,9
30937,123,111,12,12
30938,151,144,7,7
30939,50,52,-2,2
30940,123,131,-8,8
30941,186,179,7,7
30942,59,64,-5,5
30943,141,140,1,1
30944,130,148,-18,18
30945,83,77,6,6
30946,63,64,-1,1
30947,168,151,17,17
30948,88,85,3,3
30949,49,57,-8,8
30950,47,55,-8,8
30951,81,86,-5,5
30952,176,150,26,26
30953,58,62,-4,4
30954,48,50,-2,2
30955,117,115,2,2
30956,115,104,11,11
30957,120,116,4,4
30958,90,91,-1,1
30959,46,55,-9,9
30960,113,124,-11,11
30961,64,67,-3,3
30962,126,118,8,8
30963,153,136,17,17
30964,114,110,4,4
30965,182,181,1,1
30966,114,116,-2,2
30967,91,93,-2,2
30968,116,109,7,7
30969,135,126,9,9
30970,70,71,-1,1
30971,80,74,6,6
30972,50,66,-16,16
30973,90,93,-3,3
30974,50,56,-6,6
30975,144,123,21,21
30976,77,77,0,0
30977,81,77,4,4
30978,41,50,-9,9
30979,80,82,-2,2
30980,97,91,6,6
30981,65,67,-2,2
30982,70,71,-1,1
30983,176,181,-5,5
30984,143,137,6,6
30985,79,78,1,1
30986,122,116,6,6
30987,135,134,1,1
30988,85,93,-8,8
30989,50,60,-10,10
30990,88,83,5,5
30991,120,110,10,10
30992,134,132,2,2
30993,74,75,-1,1
30994,86,90,-4,4
30995,95,93,2,2
30996,56,62,-6,6
30997,92,88,4,4
30998,86,86,0,0
30999,70,89,-19,19
31000,81,79,2,2
31001,113,113,0,0
31002,99,93,6,6
31003,77,79,-2,2
31004,31,50,-19,19
31005,99,93,6,6
31006,85,83,2,2
31007,80,89,-9,9
31008,92,91,1,1
31009,56,61,-5,5
31010,139,153,-14,14
31011,51,51,0,0
31012,36,67,-31,31
31013,126,116,10,10
31014,76,78,-2,2
31015,96,110,-14,14
31016,87,92,-5,5
31017,117,113,4,4
31018,102,107,-5,5
31019,89,93,-4,4
31020,107,87,20,20
31021,79,79,0,0
31022,89,87,2,2
31023,67,60,7,7
31024,114,110,4,4
31025,69,70,-1,1
31026,115,97,18,18
31027,168,172,-4,4
31028,84,95,-11,11
31029,79,71,8,8
31030,133,136,-3,3
31031,123,107,16,16
31032,102,113,-11,11
31033,123,113,10,10
31034,97,87,10,10
31035,89,89,0,0
31036,92,98,-6,6
31037,171,153,18,18
31038,72,66,6,6
31039,92,100,-8,8
31040,54,62,-8,8
31041,113,116,-3,3
31042,110,97,13,13
31043,64,62,2,2
31044,64,61,3,3
31045,69,64,5,5
31046,81,81,0,0
31047,101,102,-1,1
31048,92,93,-1,1
31049,85,93,-8,8
31050,58,54,4,4
31051,124,116,8,8
31052,81,78,3,3
31053,108,101,7,7
31054,93,90,3,3
31055,70,59,11,11
31056,119,94,25,25
31057,65,67,-2,2
31058,90,82,8,8
31059,53,55,-2,2
31060,73,78,-5,5
31061,52,58,-6,6
31062,97,99,-2,2
31063,118,99,19,19
31064,95,91,4,4
31065,89,87,2,2
31066,66,65,1,1
31067,75,77,-2,2
31068,107,101,6,6
31069,63,60,3,3
31070,148,130,18,18
31071,110,109,1,1
31072,96,104,-8,8
31073,123,121,2,2
31074,123,110,13,13
31075,106,95,11,11
31076,101,98,3,3
31077,105,107,-2,2
31078,94,101,-7,7
31079,53,64,-11,11
31080,53,62,-9,9
31081,116,115,1,1
31082,122,126,-4,4
31083,96,100,-4,4
31084,117,110,7,7
31085,105,100,5,5
31086,74,75,-1,1
31087,43,54,-11,11
31088,110,110,0,0
31089,71,73,-2,2
31090,72,66,6,6
31091,109,110,-1,1
31092,142,143,-1,1
31093,69,62,7,7
31094,127,132,-5,5
31095,113,120,-7,7
31096,61,63,-2,2
31097,108,103,5,5
31098,83,78,5,5
31099,58,63,-5,5
31100,107,106,1,1
31101,108,126,-18,18
31102,97,92,5,5
31103,101,91,10,10
31104,101,107,-6,6
31105,123,110,13,13
31106,68,69,-1,1
31107,89,83,6,6
31108,47,51,-4,4
31109,128,113,15,15
31110,117,114,3,3
31111,94,89,5,5
31112,111,104,7,7
31113,51,54,-3,3
31114,65,74,-9,9
31115,79,97,-18,18
31116,140,142,-2,2
31117,152,131,21,21
31118,108,106,2,2
31119,115,105,10,10
31120,78,90,-12,12
31121,100,99,1,1
31122,69,72,-3,3
31123,127,125,2,2
31124,64,57,7,7
31125,148,146,2,2
31126,105,98,7,7
31127,123,118,5,5
31128,56,57,-1,1
31129,60,69,-9,9
31130,100,92,8,8
31131,77,100,-23,23
31132,89,109,-20,20
31133,63,67,-4,4
31134,70,65,5,5
31135,74,67,7,7
31136,74,79,-5,5
31137,149,131,18,18
31138,60,63,-3,3
31139,115,166,-51,51
31140,65,67,-2,2
31141,95,89,6,6
31142,126,140,-14,14
31143,84,92,-8,8
31144,114,102,12,12
31145,130,122,8,8
31146,117,107,10,10
31147,135,140,-5,5
31148,110,114,-4,4
31149,74,69,5,5
31150,91,93,-2,2
31151,102,98,4,4
31152,76,83,-7,7
31153,81,93,-12,12
31154,117,110,7,7
31155,58,60,-2,2
31156,52,68,-16,16
31157,44,60,-16,16
31158,126,129,-3,3
31159,102,104,-2,2
31160,68,61,7,7
31161,96,115,-19,19
31162,116,104,12,12
31163,96,90,6,6
31164,44,55,-11,11
31165,49,50,-1,1
31166,109,110,-1,1
31167,40,54,-14,14
31168,84,117,-33,33
31169,57,57,0,0
31170,85,93,-8,8
31171,44,52,-8,8
31172,77,74,3,3
31173,70,79,-9,9
31174,63,69,-6,6
31175,75,69,6,6
31176,88,89,-1,1
31177,98,92,6,6
31178,66,83,-17,17
31179,78,70,8,8
31180,95,101,-6,6
31181,99,125,-26,26
31182,20,87,-67,67
31183,88,93,-5,5
31184,165,157,8,8
31185,127,122,5,5
31186,55,59,-4,4
31187,145,140,5,5
31188,72,70,2,2
31189,84,77,7,7
31190,62,63,-1,1
31191,107,101,6,6
31192,113,96,17,17
31193,64,64,0,0
31194,132,114,18,18
31195,80,75,5,5
31196,64,69,-5,5
31197,58,65,-7,7
31198,53,64,-11,11
31199,101,98,3,3
31200,97,90,7,7
31201,93,96,-3,3
31202,87,76,11,11
31203,78,76,2,2
31204,70,61,9,9
31205,119,83,36,36
31206,66,68,-2,2
31207,82,90,-8,8
31208,117,101,16,16
31209,106,103,3,3
31210,79,77,2,2
31211,129,157,-28,28
31212,95,85,10,10
31213,66,69,-3,3
31214,63,62,1,1
31215,128,134,-6,6
31216,86,80,6,6
31217,87,89,-2,2
31218,115,116,-1,1
31219,126,123,3,3
31220,66,105,-39,39
31221,138,135,3,3
31222,118,105,13,13
31223,105,106,-1,1
31224,59,67,-8,8
31225,51,57,-6,6
31226,45,59,-14,14
31227,79,80,-1,1
31228,103,92,11,11
31229,86,104,-18,18
31230,63,60,3,3
31231,104,102,2,2
31232,144,138,6,6
31233,160,153,7,7
31234,55,57,-2,2
31235,83,82,1,1
31236,104,101,3,3
31237,61,64,-3,3
31238,92,99,-7,7
31239,72,75,-3,3
31240,103,97,6,6
31241,192,166,26,26
31242,89,83,6,6
31243,76,70,6,6
31244,70,76,-6,6
31245,81,74,7,7
31246,96,95,1,1
31247,120,113,7,7
31248,88,89,-1,1
31249,81,71,10,10
31250,91,91,0,0
31251,104,94,10,10
31252,71,66,5,5
31253,51,51,0,0
31254,138,132,6,6
31255,88,73,15,15
31256,64,72,-8,8
31257,108,112,-4,4
31258,120,117,3,3
31259,78,99,-21,21
31260,158,139,19,19
31261,185,164,21,21
31262,168,173,-5,5
31263,96,103,-7,7
31264,100,79,21,21
31265,48,102,-54,54
31266,80,79,1,1
31267,49,54,-5,5
31268,108,107,1,1
31269,71,73,-2,2
31270,111,108,3,3
31271,75,70,5,5
31272,117,115,2,2
31273,156,138,18,18
31274,111,101,10,10
31275,108,111,-3,3
31276,54,56,-2,2
31277,83,93,-10,10
31278,91,81,10,10
31279,53,58,-5,5
31280,46,51,-5,5
31281,39,50,-11,11
31282,97,107,-10,10
31283,97,109,-12,12
31284,93,87,6,6
31285,173,160,13,13
31286,76,74,2,2
31287,146,138,8,8
31288,128,133,-5,5
31289,81,74,7,7
31290,90,90,0,0
31291,109,114,-5,5
31292,123,109,14,14
31293,100,95,5,5
31294,77,82,-5,5
31295,77,76,1,1
31296,109,112,-3,3
31297,85,82,3,3
31298,94,92,2,2
31299,57,53,4,4
31300,51,54,-3,3
31301,50,59,-9,9
31302,80,72,8,8
31303,73,67,6,6
31304,68,76,-8,8
31305,153,136,17,17
31306,120,127,-7,7
31307,99,99,0,0
31308,97,93,4,4
31309,82,77,5,5
31310,85,94,-9,9
31311,84,75,9,9
31312,93,104,-11,11
31313,55,57,-2,2
31314,53,56,-3,3
31315,148,142,6,6
31316,115,118,-3,3
31317,116,114,2,2
31318,109,98,11,11
31319,72,76,-4,4
31320,85,87,-2,2
31321,78,63,15,15
31322,133,122,11,11
31323,89,87,2,2
31324,53,62,-9,9
31325,145,159,-14,14
31326,75,70,5,5
31327,60,60,0,0
31328,71,68,3,3
31329,62,64,-2,2
31330,165,152,13,13
31331,51,66,-15,15
31332,146,156,-10,10
31333,64,62,2,2
31334,75,84,-9,9
31335,79,72,7,7
31336,85,88,-3,3
31337,100,99,1,1
31338,119,110,9,9
31339,106,113,-7,7
31340,79,78,1,1
31341,163,151,12,12
31342,121,123,-2,2
31343,66,74,-8,8
31344,114,112,2,2
31345,77,79,-2,2
31346,57,61,-4,4
31347,87,91,-4,4
31348,86,81,5,5
31349,71,75,-4,4
31350,124,118,6,6
31351,65,58,7,7
31352,111,105,6,6
31353,62,68,-6,6
31354,94,85,9,9
31355,76,78,-2,2
31356,122,132,-10,10
31357,136,150,-14,14
31358,76,73,3,3
31359,82,96,-14,14
31360,62,59,3,3
31361,65,60,5,5
31362,63,70,-7,7
31363,50,51,-1,1
31364,56,68,-12,12
31365,80,87,-7,7
31366,95,85,10,10
31367,94,95,-1,1
31368,90,76,14,14
31369,116,99,17,17
31370,113,101,12,12
31371,70,66,4,4
31372,31,50,-19,19
31373,70,76,-6,6
31374,72,68,4,4
31375,92,84,8,8
31376,82,78,4,4
31377,58,68,-10,10
31378,104,112,-8,8
31379,75,74,1,1
31380,90,93,-3,3
31381,130,126,4,4
31382,126,123,3,3
31383,89,86,3,3
31384,108,108,0,0
31385,51,57,-6,6
31386,132,132,0,0
31387,91,96,-5,5
31388,109,111,-2,2
31389,103,117,-14,14
31390,87,80,7,7
31391,123,122,1,1
31392,109,102,7,7
31393,77,90,-13,13
31394,96,98,-2,2
31395,82,83,-1,1
31396,111,112,-1,1
31397,72,67,5,5
31398,117,108,9,9
31399,117,115,2,2
31400,137,133,4,4
31401,107,93,14,14
31402,91,92,-1,1
31403,110,108,2,2
31404,76,83,-7,7
31405,83,74,9,9
31406,142,142,0,0
31407,97,94,3,3
31408,54,54,0,0
31409,71,75,-4,4
31410,91,101,-10,10
31411,100,101,-1,1
31412,47,52,-5,5
31413,114,105,9,9
31414,65,55,10,10
31415,33,50,-17,17
31416,88,82,6,6
31417,102,103,-1,1
31418,72,85,-13,13
31419,95,96,-1,1
31420,100,99,1,1
31421,200,197,3,3
31422,147,134,13,13
31423,98,106,-8,8
31424,111,110,1,1
31425,105,106,-1,1
31426,89,89,0,0
31427,108,107,1,1
31428,35,63,-28,28
31429,54,62,-8,8
31430,124,123,1,1
31431,90,78,12,12
31432,130,126,4,4
31433,138,128,10,10
31434,143,126,17,17
31435,74,75,-1,1
31436,47,56,-9,9
31437,64,65,-1,1
31438,174,178,-4,4
31439,96,91,5,5
31440,132,132,0,0
31441,66,74,-8,8
31442,105,106,-1,1
31443,128,129,-1,1
31444,99,100,-1,1
31445,70,68,2,2
31446,62,55,7,7
31447,78,76,2,2
31448,93,95,-2,2
31449,89,70,19,19
31450,104,111,-7,7
31451,74,70,4,4
31452,102,87,15,15
31453,58,59,-1,1
31454,89,89,0,0
31455,84,76,8,8
31456,128,116,12,12
31457,91,94,-3,3
31458,80,71,9,9
31459,84,93,-9,9
31460,100,102,-2,2
31461,115,110,5,5
31462,92,96,-4,4
31463,155,157,-2,2
31464,175,149,26,26
31465,79,78,1,1
31466,70,63,7,7
31467,64,71,-7,7
31468,111,112,-1,1
31469,83,84,-1,1
31470,92,95,-3,3
31471,153,147,6,6
31472,138,133,5,5
31473,90,108,-18,18
31474,104,110,-6,6
31475,52,51,1,1
31476,72,76,-4,4
31477,76,79,-3,3
31478,69,68,1,1
31479,145,132,13,13
31480,67,63,4,4
31481,79,77,2,2
31482,103,98,5,5
31483,145,151,-6,6
31484,86,87,-1,1
31485,112,105,7,7
31486,130,126,4,4
31487,173,159,14,14
31488,75,75,0,0
31489,195,164,31,31
31490,93,93,0,0
31491,102,95,7,7
31492,64,60,4,4
31493,68,66,2,2
31494,58,63,-5,5
31495,93,80,13,13
31496,119,101,18,18
31497,54,53,1,1
31498,72,90,-18,18
31499,82,84,-2,2
31500,130,124,6,6
31501,75,80,-5,5
31502,73,81,-8,8
31503,72,76,-4,4
31504,243,267,-24,24
31505,62,82,-20,20
31506,79,69,10,10
31507,129,132,-3,3
31508,119,108,11,11
31509,121,122,-1,1
31510,135,130,5,5
31511,64,55,9,9
31512,84,83,1,1
31513,68,70,-2,2
31514,89,83,6,6
31515,59,54,5,5
31516,67,76,-9,9
31517,108,112,-4,4
31518,55,59,-4,4
31519,161,137,24,24
31520,75,78,-3,3
31521,113,105,8,8
31522,102,99,3,3
31523,116,111,5,5
31524,134,131,3,3
31525,161,134,27,27
31526,122,103,19,19
31527,103,98,5,5
31528,75,75,0,0
31529,162,141,21,21
31530,76,85,-9,9
31531,57,58,-1,1
31532,74,76,-2,2
31533,78,69,9,9
31534,68,66,2,2
31535,101,95,6,6
31536,66,67,-1,1
31537,61,68,-7,7
31538,120,113,7,7
31539,62,61,1,1
31540,149,127,22,22
31541,85,92,-7,7
31542,126,114,12,12
31543,192,186,6,6
31544,94,91,3,3
31545,69,70,-1,1
31546,99,86,13,13
31547,114,106,8,8
31548,75,79,-4,4
31549,113,125,-12,12
31550,165,153,12,12
31551,133,124,9,9
31552,86,94,-8,8
31553,72,64,8,8
31554,97,96,1,1
31555,113,148,-35,35
31556,110,114,-4,4
31557,119,123,-4,4
31558,60,61,-1,1
31559,72,80,-8,8
31560,110,108,2,2
31561,151,140,11,11
31562,70,72,-2,2
31563,89,94,-5,5
31564,112,106,6,6
31565,70,72,-2,2
31566,64,65,-1,1
31567,155,158,-3,3
31568,103,98,5,5
31569,115,108,7,7
31570,57,56,1,1
31571,92,100,-8,8
31572,96,89,7,7
31573,61,60,1,1
31574,144,129,15,15
31575,75,78,-3,3
31576,138,128,10,10
31577,103,106,-3,3
31578,118,106,12,12
31579,80,87,-7,7
31580,107,101,6,6
31581,84,81,3,3
31582,87,83,4,4
31583,56,53,3,3
31584,129,138,-9,9
31585,94,91,3,3
31586,72,82,-10,10
31587,193,170,23,23
31588,141,125,16,16
31589,98,97,1,1
31590,116,124,-8,8
31591,154,145,9,9
31592,116,120,-4,4
31593,75,84,-9,9
31594,107,99,8,8
31595,83,78,5,5
31596,103,110,-7,7
31597,99,97,2,2
31598,109,111,-2,2
31599,95,93,2,2
31600,85,78,7,7
31601,81,77,4,4
31602,112,94,18,18
31603,82,75,7,7
31604,56,57,-1,1
31605,64,64,0,0
31606,105,121,-16,16
31607,118,116,2,2
31608,82,85,-3,3
31609,96,97,-1,1
31610,69,66,3,3
31611,128,128,0,0
31612,88,94,-6,6
31613,90,85,5,5
31614,141,135,6,6
31615,75,84,-9,9
31616,108,106,2,2
31617,153,147,6,6
31618,101,99,2,2
31619,76,77,-1,1
31620,86,94,-8,8
31621,49,50,-1,1
31622,130,128,2,2
31623,95,94,1,1
31624,33,50,-17,17
31625,156,156,0,0
31626,49,50,-1,1
31627,89,83,6,6
31628,86,74,12,12
31629,80,79,1,1
31630,97,96,1,1
31631,59,63,-4,4
31632,153,147,6,6
31633,51,54,-3,3
31634,88,74,14,14
31635,145,157,-12,12
31636,165,178,-13,13
31637,74,82,-8,8
31638,80,90,-10,10
31639,101,95,6,6
31640,46,50,-4,4
31641,62,61,1,1
31642,107,96,11,11
31643,66,65,1,1
31644,153,149,4,4
31645,75,73,2,2
31646,49,54,-5,5
31647,120,122,-2,2
31648,131,123,8,8
31649,106,109,-3,3
31650,147,139,8,8
31651,81,84,-3,3
31652,94,95,-1,1
31653,57,68,-11,11
31654,61,73,-12,12
31655,47,51,-4,4
31656,53,52,1,1
31657,117,111,6,6
31658,98,77,21,21
31659,48,52,-4,4
31660,190,188,2,2
31661,68,70,-2,2
31662,106,101,5,5
31663,57,61,-4,4
31664,131,132,-1,1
31665,132,123,9,9
31666,74,75,-1,1
31667,125,125,0,0
31668,86,89,-3,3
31669,49,52,-3,3
31670,95,81,14,14
31671,67,61,6,6
31672,82,89,-7,7
31673,93,103,-10,10
31674,52,60,-8,8
31675,55,54,1,1
31676,111,107,4,4
31677,73,67,6,6
31678,72,83,-11,11
31679,160,154,6,6
31680,97,101,-4,4
31681,95,90,5,5
31682,117,96,21,21
31683,67,60,7,7
31684,55,57,-2,2
31685,103,96,7,7
31686,108,114,-6,6
31687,82,77,5,5
31688,155,144,11,11
31689,87,91,-4,4
31690,88,84,4,4
31691,84,99,-15,15
31692,66,78,-12,12
31693,59,59,0,0
31694,80,78,2,2
31695,120,125,-5,5
31696,92,93,-1,1
31697,36,50,-14,14
31698,89,80,9,9
31699,113,98,15,15
31700,86,89,-3,3
31701,117,139,-22,22
31702,78,73,5,5
31703,72,79,-7,7
31704,76,65,11,11
31705,76,76,0,0
31706,87,87,0,0
31707,76,97,-21,21
31708,79,61,18,18
31709,51,50,1,1
31710,121,130,-9,9
31711,100,90,10,10
31712,83,83,0,0
31713,84,74,10,10
31714,100,106,-6,6
31715,125,118,7,7
31716,73,65,8,8
31717,59,59,0,0
31718,79,79,0,0
31719,76,83,-7,7
31720,108,114,-6,6
31721,64,75,-11,11
31722,101,96,5,5
31723,140,124,16,16
31724,89,91,-2,2
31725,72,68,4,4
31726,82,88,-6,6
31727,68,68,0,0
31728,41,53,-12,12
31729,77,77,0,0
31730,150,138,12,12
31731,121,114,7,7
31732,96,113,-17,17
31733,50,54,-4,4
31734,45,53,-8,8
31735,118,125,-7,7
31736,108,106,2,2
31737,74,67,7,7
31738,148,140,8,8
31739,109,106,3,3
31740,53,55,-2,2
31741,69,65,4,4
31742,75,72,3,3
31743,75,88,-13,13
31744,93,94,-1,1
31745,36,50,-14,14
31746,62,70,-8,8
31747,139,138,1,1
31748,67,67,0,0
31749,199,196,3,3
31750,61,57,4,4
31751,66,66,0,0
31752,58,58,0,0
31753,58,60,-2,2
31754,98,105,-7,7
31755,65,61,4,4
31756,96,97,-1,1
31757,105,106,-1,1
31758,44,52,-8,8
31759,116,112,4,4
31760,87,78,9,9
31761,94,94,0,0
31762,130,136,-6,6
31763,103,100,3,3
31764,85,83,2,2
31765,94,102,-8,8
31766,78,74,4,4
31767,120,116,4,4
31768,48,53,-5,5
31769,107,97,10,10
31770,87,90,-3,3
31771,115,115,0,0
31772,122,119,3,3
31773,137,122,15,15
31774,19,50,-31,31
31775,90,96,-6,6
31776,45,50,-5,5
31777,53,59,-6,6
31778,132,116,16,16
31779,54,51,3,3
31780,123,130,-7,7
31781,88,103,-15,15
31782,90,84,6,6
31783,112,108,4,4
31784,67,67,0,0
31785,50,57,-7,7
31786,65,66,-1,1
31787,44,50,-6,6
31788,86,97,-11,11
31789,65,67,-2,2
31790,80,98,-18,18
31791,128,118,10,10
31792,166,136,30,30
31793,105,91,14,14
31794,77,73,4,4
31795,113,114,-1,1
31796,82,82,0,0
31797,94,99,-5,5
31798,123,118,5,5
31799,118,117,1,1
31800,159,147,12,12
31801,100,85,15,15
31802,95,86,9,9
31803,128,128,0,0
31804,67,77,-10,10
31805,131,118,13,13
31806,78,78,0,0
31807,58,61,-3,3
31808,126,115,11,11
31809,136,140,-4,4
31810,75,71,4,4
31811,100,98,2,2
31812,52,53,-1,1
31813,94,88,6,6
31814,64,70,-6,6
31815,65,67,-2,2
31816,85,86,-1,1
31817,100,96,4,4
31818,134,132,2,2
31819,88,89,-1,1
31820,87,88,-1,1
31821,112,109,3,3
31822,222,201,21,21
31823,103,95,8,8
31824,131,153,-22,22
31825,143,145,-2,2
31826,89,91,-2,2
31827,144,129,15,15
31828,90,88,2,2
31829,117,112,5,5
31830,41,50,-9,9
31831,161,157,4,4
31832,87,93,-6,6
31833,67,65,2,2
31834,89,96,-7,7
31835,58,54,4,4
31836,54,55,-1,1
31837,66,61,5,5
31838,62,69,-7,7
31839,46,51,-5,5
31840,116,114,2,2
31841,146,146,0,0
31842,153,156,-3,3
31843,110,95,15,15
31844,83,72,11,11
31845,138,128,10,10
31846,117,109,8,8
31847,86,79,7,7
31848,170,162,8,8
31849,96,101,-5,5
31850,57,55,2,2
31851,102,93,9,9
31852,96,97,-1,1
31853,88,85,3,3
31854,117,120,-3,3
31855,83,99,-16,16
31856,94,106,-12,12
31857,68,78,-10,10
31858,81,73,8,8
31859,165,162,3,3
31860,93,84,9,9
31861,169,162,7,7
31862,79,79,0,0
31863,91,86,5,5
31864,96,96,0,0
31865,107,91,16,16
31866,98,93,5,5
31867,81,77,4,4
31868,125,128,-3,3
31869,111,105,6,6
31870,50,57,-7,7
31871,102,102,0,0
31872,94,86,8,8
31873,57,56,1,1
31874,110,106,4,4
31875,89,81,8,8
31876,69,65,4,4
31877,116,116,0,0
31878,135,119,16,16
31879,76,70,6,6
31880,98,87,11,11
31881,72,69,3,3
31882,68,75,-7,7
31883,77,73,4,4
31884,125,141,-16,16
31885,115,105,10,10
31886,136,123,13,13
31887,80,76,4,4
31888,82,84,-2,2
31889,76,79,-3,3
31890,82,78,4,4
31891,138,130,8,8
31892,108,100,8,8
31893,153,147,6,6
31894,76,75,1,1
31895,100,91,9,9
31896,97,100,-3,3
31897,119,117,2,2
31898,35,50,-15,15
31899,39,50,-11,11
31900,102,95,7,7
31901,93,108,-15,15
31902,122,116,6,6
31903,88,82,6,6
31904,84,86,-2,2
31905,207,190,17,17
31906,67,67,0,0
31907,111,111,0,0
31908,75,75,0,0
31909,112,95,17,17
31910,59,61,-2,2
31911,66,64,2,2
31912,161,162,-1,1
31913,80,87,-7,7
31914,64,73,-9,9
31915,123,90,33,33
31916,123,115,8,8
31917,144,142,2,2
31918,61,63,-2,2
31919,85,74,11,11
31920,100,94,6,6
31921,100,95,5,5
31922,65,55,10,10
31923,75,67,8,8
31924,104,93,11,11
31925,112,118,-6,6
31926,93,89,4,4
31927,69,64,5,5
31928,58,56,2,2
31929,120,104,16,16
31930,131,120,11,11
31931,101,89,12,12
31932,156,155,1,1
31933,83,77,6,6
31934,62,63,-1,1
31935,94,94,0,0
31936,87,90,-3,3
31937,182,170,12,12
31938,132,126,6,6
31939,100,104,-4,4
31940,74,77,-3,3
31941,57,64,-7,7
31942,95,94,1,1
31943,64,55,9,9
31944,99,96,3,3
31945,102,110,-8,8
31946,144,122,22,22
31947,152,138,14,14
31948,66,61,5,5
31949,57,61,-4,4
31950,73,82,-9,9
31951,85,83,2,2
31952,111,105,6,6
31953,78,81,-3,3
31954,87,83,4,4
31955,58,64,-6,6
31956,125,120,5,5
31957,98,93,5,5
31958,127,121,6,6
31959,125,116,9,9
31960,107,108,-1,1
31961,57,64,-7,7
31962,161,151,10,10
31963,109,102,7,7
31964,110,99,11,11
31965,64,63,1,1
31966,304,320,-16,16
31967,75,75,0,0
31968,161,163,-2,2
31969,85,96,-11,11
31970,124,109,15,15
31971,53,55,-2,2
31972,98,101,-3,3
31973,124,120,4,4
31974,67,60,7,7
31975,59,71,-12,12
31976,115,104,11,11
31977,91,86,5,5
31978,108,107,1,1
31979,82,83,-1,1
31980,104,96,8,8
31981,65,75,-10,10
31982,107,107,0,0
31983,140,144,-4,4
31984,83,83,0,0
31985,128,137,-9,9
31986,65,59,6,6
31987,70,72,-2,2
31988,160,161,-1,1
31989,94,93,1,1
31990,74,65,9,9
31991,99,103,-4,4
31992,105,101,4,4
31993,65,67,-2,2
31994,46,53,-7,7
31995,72,70,2,2
31996,53,52,1,1
31997,110,107,3,3
31998,100,91,9,9
31999,65,72,-7,7
32000,102,98,4,4
32001,128,126,2,2
32002,90,83,7,7
32003,139,151,-12,12
32004,145,126,19,19
32005,89,84,5,5
32006,68,75,-7,7
32007,64,64,0,0
32008,79,84,-5,5
32009,86,75,11,11
32010,60,66,-6,6
32011,101,88,13,13
32012,36,50,-14,14
32013,103,99,4,4
32014,52,54,-2,2
32015,152,146,6,6
32016,80,90,-10,10
32017,142,128,14,14
32018,129,114,15,15
32019,140,117,23,23
32020,49,54,-5,5
32021,147,152,-5,5
32022,100,90,10,10
32023,59,65,-6,6
32024,106,109,-3,3
32025,88,89,-1,1
32026,86,87,-1,1
32027,106,94,12,12
32028,110,108,2,2
32029,43,50,-7,7
32030,114,120,-6,6
32031,77,72,5,5
32032,103,102,1,1
32033,125,126,-1,1
32034,65,65,0,0
32035,105,102,3,3
32036,98,114,-16,16
32037,132,146,-14,14
32038,119,109,10,10
32039,80,83,-3,3
32040,107,108,-1,1
32041,94,85,9,9
32042,59,72,-13,13
32043,109,112,-3,3
32044,144,145,-1,1
32045,45,54,-9,9
32046,66,55,11,11
32047,122,124,-2,2
32048,88,89,-1,1
32049,53,52,1,1
32050,58,65,-7,7
32051,68,67,1,1
32052,104,98,6,6
32053,129,132,-3,3
32054,55,55,0,0
32055,80,64,16,16
32056,100,107,-7,7
32057,64,75,-11,11
32058,150,149,1,1
32059,80,77,3,3
32060,96,90,6,6
32061,83,81,2,2
32062,39,50,-11,11
32063,112,98,14,14
32064,146,138,8,8
32065,91,96,-5,5
32066,77,88,-11,11
32067,121,120,1,1
32068,113,111,2,2
32069,132,137,-5,5
32070,102,104,-2,2
32071,71,68,3,3
32072,81,77,4,4
32073,60,71,-11,11
32074,112,96,16,16
32075,95,89,6,6
32076,116,109,7,7
32077,85,87,-2,2
32078,116,125,-9,9
32079,107,107,0,0
32080,156,140,16,16
32081,84,88,-4,4
32082,77,76,1,1
32083,111,103,8,8
32084,61,88,-27,27
32085,124,128,-4,4
32086,106,96,10,10
32087,116,115,1,1
32088,64,77,-13,13
32089,108,104,4,4
32090,76,74,2,2
32091,72,73,-1,1
32092,75,74,1,1
32093,66,66,0,0
32094,128,138,-10,10
32095,189,165,24,24
32096,120,121,-1,1
32097,64,62,2,2
32098,141,142,-1,1
32099,96,95,1,1
32100,170,165,5,5
32101,83,80,3,3
32102,101,103,-2,2
32103,81,90,-9,9
32104,43,51,-8,8
32105,150,144,6,6
32106,70,64,6,6
32107,89,78,11,11
32108,115,105,10,10
32109,103,103,0,0
32110,54,57,-3,3
32111,63,61,2,2
32112,127,135,-8,8
32113,96,83,13,13
32114,79,94,-15,15
32115,83,88,-5,5
32116,108,98,10,10
32117,116,106,10,10
32118,121,117,4,4
32119,127,115,12,12
32120,109,113,-4,4
32121,96,94,2,2
32122,82,83,-1,1
32123,103,134,-31,31
32124,142,144,-2,2
32125,161,148,13,13
32126,126,127,-1,1
32127,78,70,8,8
32128,157,157,0,0
32129,63,66,-3,3
32130,64,62,2,2
32131,90,84,6,6
32132,95,98,-3,3
32133,146,146,0,0
32134,56,60,-4,4
32135,48,50,-2,2
32136,68,68,0,0
32137,94,99,-5,5
32138,87,85,2,2
32139,122,110,12,12
32140,126,111,15,15
32141,55,73,-18,18
32142,61,62,-1,1
32143,89,101,-12,12
32144,62,71,-9,9
32145,71,68,3,3
32146,87,91,-4,4
32147,39,50,-11,11
32148,123,113,10,10
32149,79,85,-6,6
32150,109,104,5,5
32151,101,105,-4,4
32152,107,102,5,5
32153,114,109,5,5
32154,81,92,-11,11
32155,167,162,5,5
32156,71,74,-3,3
32157,65,70,-5,5
32158,76,71,5,5
32159,94,93,1,1
32160,162,152,10,10
32161,86,101,-15,15
32162,162,161,1,1
32163,50,58,-8,8
32164,109,101,8,8
32165,70,65,5,5
32166,69,66,3,3
32167,36,53,-17,17
32168,117,107,10,10
32169,104,89,15,15
32170,107,109,-2,2
32171,66,67,-1,1
32172,98,100,-2,2
32173,113,118,-5,5
32174,57,60,-3,3
32175,117,112,5,5
32176,79,88,-9,9
32177,88,87,1,1
32178,101,101,0,0
32179,98,99,-1,1
32180,164,181,-17,17
32181,108,105,3,3
32182,79,73,6,6
32183,77,87,-10,10
32184,81,82,-1,1
32185,111,108,3,3
32186,108,106,2,2
32187,104,99,5,5
32188,51,50,1,1
32189,79,80,-1,1
32190,141,136,5,5
32191,105,100,5,5
32192,79,87,-8,8
32193,121,109,12,12
32194,85,93,-8,8
32195,60,60,0,0
32196,76,71,5,5
32197,66,62,4,4
32198,140,126,14,14
32199,115,99,16,16
32200,135,120,15,15
32201,137,148,-11,11
32202,108,116,-8,8
32203,56,61,-5,5
32204,145,139,6,6
32205,107,97,10,10
32206,75,74,1,1
32207,73,70,3,3
32208,58,60,-2,2
32209,73,68,5,5
32210,100,96,4,4
32211,154,142,12,12
32212,89,83,6,6
32213,86,79,7,7
32214,218,189,29,29
32215,96,97,-1,1
32216,72,74,-2,2
32217,136,149,-13,13
32218,197,185,12,12
32219,75,80,-5,5
32220,138,134,4,4
32221,112,118,-6,6
32222,97,102,-5,5
32223,50,56,-6,6
32224,144,131,13,13
32225,62,63,-1,1
32226,91,99,-8,8
32227,108,108,0,0
32228,111,110,1,1
32229,154,145,9,9
32230,84,89,-5,5
32231,181,178,3,3
32232,80,80,0,0
32233,134,128,6,6
32234,78,88,-10,10
32235,243,219,24,24
32236,59,54,5,5
32237,83,68,15,15
32238,76,58,18,18
32239,88,85,3,3
32240,62,64,-2,2
32241,81,77,4,4
32242,127,128,-1,1
32243,119,113,6,6
32244,70,71,-1,1
32245,114,99,15,15
32246,91,90,1,1
32247,120,106,14,14
32248,61,58,3,3
32249,73,73,0,0
32250,77,85,-8,8
32251,175,175,0,0
32252,86,84,2,2
32253,125,116,9,9
32254,109,99,10,10
32255,90,98,-8,8
32256,71,74,-3,3
32257,64,63,1,1
32258,91,83,8,8
32259,116,112,4,4
32260,63,62,1,1
32261,79,75,4,4
32262,56,53,3,3
32263,144,138,6,6
32264,130,115,15,15
32265,73,73,0,0
32266,64,65,-1,1
32267,146,130,16,16
32268,30,54,-24,24
32269,107,110,-3,3
32270,80,86,-6,6
32271,94,114,-20,20
32272,57,59,-2,2
32273,85,88,-3,3
32274,157,148,9,9
32275,131,131,0,0
32276,170,144,26,26
32277,115,123,-8,8
32278,124,109,15,15
32279,83,81,2,2
32280,139,132,7,7
32281,104,105,-1,1
32282,54,57,-3,3
32283,117,111,6,6
32284,84,95,-11,11
32285,97,89,8,8
32286,50,50,0,0
32287,57,64,-7,7
32288,84,85,-1,1
32289,70,73,-3,3
32290,75,81,-6,6
32291,33,71,-38,38
32292,110,126,-16,16
32293,60,61,-1,1
32294,66,67,-1,1
32295,121,112,9,9
32296,97,97,0,0
32297,128,121,7,7
32298,82,78,4,4
32299,110,105,5,5
32300,135,134,1,1
32301,96,97,-1,1
32302,79,72,7,7
32303,82,74,8,8
32304,112,103,9,9
32305,119,121,-2,2
32306,113,90,23,23
32307,129,126,3,3
32308,30,50,-20,20
32309,143,142,1,1
32310,48,54,-6,6
32311,70,74,-4,4
32312,66,97,-31,31
32313,117,124,-7,7
32314,49,52,-3,3
32315,73,76,-3,3
32316,104,111,-7,7
32317,78,91,-13,13
32318,94,97,-3,3
32319,39,50,-11,11
32320,163,154,9,9
32321,131,128,3,3
32322,78,86,-8,8
32323,107,112,-5,5
32324,40,50,-10,10
32325,83,83,0,0
32326,88,101,-13,13
32327,104,103,1,1
32328,116,106,10,10
32329,144,127,17,17
32330,93,95,-2,2
32331,89,90,-1,1
32332,110,108,2,2
32333,62,88,-26,26
32334,100,100,0,0
32335,79,80,-1,1
32336,80,79,1,1
32337,120,122,-2,2
32338,84,97,-13,13
32339,88,93,-5,5
32340,132,141,-9,9
32341,93,87,6,6
32342,79,84,-5,5
32343,27,50,-23,23
32344,97,97,0,0
32345,167,153,14,14
32346,146,157,-11,11
32347,45,50,-5,5
32348,53,53,0,0
32349,57,58,-1,1
32350,40,50,-10,10
32351,77,84,-7,7
32352,120,113,7,7
32353,87,97,-10,10
32354,189,172,17,17
32355,84,88,-4,4
32356,68,67,1,1
32357,85,91,-6,6
32358,75,78,-3,3
32359,58,58,0,0
32360,67,66,1,1
32361,58,59,-1,1
32362,38,50,-12,12
32363,63,67,-4,4
32364,82,92,-10,10
32365,111,122,-11,11
32366,168,151,17,17
32367,67,65,2,2
32368,92,92,0,0
32369,43,50,-7,7
32370,126,116,10,10
32371,94,93,1,1
32372,108,118,-10,10
32373,80,89,-9,9
32374,159,147,12,12
32375,101,83,18,18
32376,71,64,7,7
32377,77,84,-7,7
32378,53,58,-5,5
32379,96,100,-4,4
32380,144,126,18,18
32381,96,98,-2,2
32382,120,121,-1,1
32383,91,87,4,4
32384,57,63,-6,6
32385,95,101,-6,6
32386,114,117,-3,3
32387,115,123,-8,8
32388,63,55,8,8
32389,103,94,9,9
32390,213,200,13,13
32391,82,90,-8,8
32392,113,103,10,10
32393,75,77,-2,2
32394,122,126,-4,4
32395,82,69,13,13
32396,112,105,7,7
32397,114,112,2,2
32398,62,53,9,9
32399,145,130,15,15
32400,153,156,-3,3
32401,102,76,26,26
32402,65,68,-3,3
32403,79,66,13,13
32404,85,88,-3,3
32405,69,63,6,6
32406,69,73,-4,4
32407,106,92,14,14
32408,73,68,5,5
32409,95,87,8,8
32410,68,74,-6,6
32411,72,74,-2,2
32412,71,78,-7,7
32413,135,129,6,6
32414,115,110,5,5
32415,75,77,-2,2
32416,57,58,-1,1
32417,33,51,-18,18
32418,73,71,2,2
32419,147,148,-1,1
32420,100,100,0,0
32421,81,81,0,0
32422,130,128,2,2
32423,63,62,1,1
32424,75,80,-5,5
32425,97,105,-8,8
32426,80,87,-7,7
32427,67,65,2,2
32428,135,134,1,1
32429,48,51,-3,3
32430,113,121,-8,8
32431,62,62,0,0
32432,66,62,4,4
32433,62,57,5,5
32434,140,151,-11,11
32435,82,88,-6,6
32436,86,87,-1,1
32437,123,124,-1,1
32438,134,128,6,6
32439,63,65,-2,2
32440,142,133,9,9
32441,63,63,0,0
32442,94,87,7,7
32443,72,76,-4,4
32444,146,136,10,10
32445,90,73,17,17
32446,57,59,-2,2
32447,51,61,-10,10
32448,64,63,1,1
32449,80,85,-5,5
32450,105,105,0,0
32451,109,110,-1,1
32452,99,110,-11,11
32453,209,189,20,20
32454,82,70,12,12
32455,49,55,-6,6
32456,72,64,8,8
32457,62,60,2,2
32458,50,54,-4,4
32459,153,150,3,3
32460,140,122,18,18
32461,95,89,6,6
32462,81,76,5,5
32463,114,104,10,10
32464,130,127,3,3
32465,31,50,-19,19
32466,86,91,-5,5
32467,100,106,-6,6
32468,58,56,2,2
32469,58,56,2,2
32470,95,83,12,12
32471,121,125,-4,4
32472,83,85,-2,2
32473,152,141,11,11
32474,138,141,-3,3
32475,128,131,-3,3
32476,92,104,-12,12
32477,64,70,-6,6
32478,72,78,-6,6
32479,110,113,-3,3
32480,57,55,2,2
32481,99,96,3,3
32482,98,94,4,4
32483,73,85,-12,12
32484,53,55,-2,2
32485,55,69,-14,14
32486,61,60,1,1
32487,239,214,25,25
32488,86,86,0,0
32489,133,117,16,16
32490,80,82,-2,2
32491,76,69,7,7
32492,79,67,12,12
32493,140,126,14,14
32494,97,100,-3,3
32495,74,61,13,13
32496,142,131,11,11
32497,82,81,1,1
32498,62,61,1,1
32499,101,110,-9,9
32500,69,86,-17,17
32501,171,165,6,6
32502,69,76,-7,7
32503,72,69,3,3
32504,93,93,0,0
32505,78,85,-7,7
32506,68,67,1,1
32507,54,55,-1,1
32508,110,111,-1,1
32509,69,81,-12,12
32510,92,88,4,4
32511,65,64,1,1
32512,28,50,-22,22
32513,65,64,1,1
32514,69,61,8,8
32515,119,106,13,13
32516,78,74,4,4
32517,75,71,4,4
32518,70,67,3,3
32519,57,68,-11,11
32520,88,90,-2,2
32521,80,71,9,9
32522,113,113,0,0
32523,63,63,0,0
32524,91,89,2,2
32525,141,125,16,16
32526,88,87,1,1
32527,46,52,-6,6
32528,109,106,3,3
32529,98,102,-4,4
32530,177,166,11,11
32531,142,139,3,3
32532,56,59,-3,3
32533,166,147,19,19
32534,70,65,5,5
32535,64,65,-1,1
32536,70,69,1,1
32537,66,76,-10,10
32538,104,95,9,9
32539,131,121,10,10
32540,82,86,-4,4
32541,65,64,1,1
32542,95,96,-1,1
32543,79,72,7,7
32544,86,84,2,2
32545,84,81,3,3
32546,103,87,16,16
32547,77,76,1,1
32548,125,118,7,7
32549,122,119,3,3
32550,64,60,4,4
32551,95,107,-12,12
32552,79,82,-3,3
32553,67,64,3,3
32554,160,152,8,8
32555,103,101,2,2
32556,114,110,4,4
32557,74,78,-4,4
32558,123,120,3,3
32559,50,58,-8,8
32560,53,55,-2,2
32561,195,195,0,0
32562,71,73,-2,2
32563,171,150,21,21
32564,90,94,-4,4
32565,75,75,0,0
32566,84,91,-7,7
32567,86,105,-19,19
32568,101,104,-3,3
32569,131,114,17,17
32570,159,140,19,19
32571,52,61,-9,9
32572,119,114,5,5
32573,85,83,2,2
32574,97,96,1,1
32575,73,75,-2,2
32576,54,61,-7,7
32577,73,67,6,6
32578,127,117,10,10
32579,164,163,1,1
32580,104,92,12,12
32581,57,57,0,0
32582,40,52,-12,12
32583,103,103,0,0
32584,149,136,13,13
32585,105,98,7,7
32586,184,164,20,20
32587,74,72,2,2
32588,145,131,14,14
32589,74,81,-7,7
32590,83,95,-12,12
32591,82,73,9,9
32592,85,94,-9,9
32593,133,137,-4,4
32594,68,64,4,4
32595,56,74,-18,18
32596,183,171,12,12
32597,66,59,7,7
32598,115,127,-12,12
32599,86,84,2,2
32600,64,70,-6,6
32601,41,50,-9,9
32602,97,116,-19,19
32603,76,75,1,1
32604,64,67,-3,3
32605,67,68,-1,1
32606,92,87,5,5
32607,86,90,-4,4
32608,86,86,0,0
32609,114,112,2,2
32610,134,119,15,15
32611,80,69,11,11
32612,151,168,-17,17
32613,99,97,2,2
32614,144,141,3,3
32615,118,106,12,12
32616,74,73,1,1
32617,85,76,9,9
32618,51,58,-7,7
32619,57,61,-4,4
32620,152,144,8,8
32621,80,81,-1,1
32622,83,71,12,12
32623,69,62,7,7
32624,126,136,-10,10
32625,178,166,12,12
32626,101,111,-10,10
32627,110,112,-2,2
32628,53,57,-4,4
32629,89,98,-9,9
32630,97,102,-5,5
32631,81,78,3,3
32632,87,83,4,4
32633,52,54,-2,2
32634,98,94,4,4
32635,109,104,5,5
32636,103,100,3,3
32637,90,72,18,18
32638,73,70,3,3
32639,157,150,7,7
32640,106,98,8,8
32641,144,136,8,8
32642,105,107,-2,2
32643,191,176,15,15
32644,79,74,5,5
32645,113,103,10,10
32646,66,64,2,2
32647,62,81,-19,19
32648,71,78,-7,7
32649,93,97,-4,4
32650,90,80,10,10
32651,81,78,3,3
32652,97,103,-6,6
32653,43,58,-15,15
32654,150,136,14,14
32655,78,73,5,5
32656,122,109,13,13
32657,76,74,2,2
32658,50,57,-7,7
32659,78,84,-6,6
32660,68,78,-10,10
32661,92,82,10,10
32662,65,71,-6,6
32663,112,103,9,9
32664,69,69,0,0
32665,86,87,-1,1
32666,73,70,3,3
32667,99,96,3,3
32668,99,94,5,5
32669,70,75,-5,5
32670,88,85,3,3
32671,66,65,1,1
32672,123,112,11,11
32673,72,61,11,11
32674,120,130,-10,10
32675,51,59,-8,8
32676,68,62,6,6
32677,103,108,-5,5
32678,76,74,2,2
32679,77,89,-12,12
32680,143,155,-12,12
32681,128,128,0,0
32682,87,76,11,11
32683,47,55,-8,8
32684,119,117,2,2
32685,119,115,4,4
32686,52,56,-4,4
32687,123,102,21,21
32688,78,81,-3,3
32689,135,139,-4,4
32690,65,63,2,2
32691,50,55,-5,5
32692,59,77,-18,18
32693,95,83,12,12
32694,74,87,-13,13
32695,127,110,17,17
32696,135,110,25,25
32697,80,79,1,1
32698,81,86,-5,5
32699,102,97,5,5
32700,131,131,0,0
32701,96,89,7,7
32702,100,104,-4,4
32703,104,100,4,4
32704,112,110,2,2
32705,103,91,12,12
32706,96,97,-1,1
32707,86,81,5,5
32708,130,135,-5,5
32709,47,52,-5,5
32710,118,111,7,7
32711,81,78,3,3
32712,117,94,23,23
32713,77,78,-1,1
32714,129,124,5,5
32715,111,89,22,22
32716,131,122,9,9
32717,67,71,-4,4
32718,66,66,0,0
32719,111,118,-7,7
32720,71,82,-11,11
32721,58,56,2,2
32722,61,79,-18,18
32723,65,63,2,2
32724,91,98,-7,7
32725,126,124,2,2
32726,79,67,12,12
32727,98,93,5,5
32728,83,106,-23,23
32729,46,52,-6,6
32730,71,71,0,0
32731,56,66,-10,10
32732,74,67,7,7
32733,86,82,4,4
32734,125,118,7,7
32735,71,60,11,11
32736,62,65,-3,3
32737,96,61,35,35
32738,145,126,19,19
32739,73,67,6,6
32740,67,67,0,0
32741,87,88,-1,1
32742,79,69,10,10
32743,93,94,-1,1
32744,72,72,0,0
32745,68,66,2,2
32746,72,71,1,1
32747,132,121,11,11
32748,75,67,8,8
32749,86,89,-3,3
32750,101,94,7,7
32751,193,195,-2,2
32752,124,118,6,6
32753,96,89,7,7
32754,102,106,-4,4
32755,48,51,-3,3
32756,95,86,9,9
32757,172,170,2,2
32758,174,170,4,4
32759,171,153,18,18
32760,64,61,3,3
32761,90,94,-4,4
32762,77,80,-3,3
32763,79,79,0,0
32764,82,82,0,0
32765,128,124,4,4
32766,96,94,2,2
32767,88,86,2,2
32768,78,74,4,4
32769,115,118,-3,3
32770,75,83,-8,8
32771,132,126,6,6
32772,161,147,14,14
32773,117,109,8,8
32774,61,56,5,5
32775,84,70,14,14
32776,102,106,-4,4
32777,108,108,0,0
32778,108,120,-12,12
32779,156,150,6,6
32780,107,103,4,4
32781,74,67,7,7
32782,185,196,-11,11
32783,61,76,-15,15
32784,106,101,5,5
32785,73,78,-5,5
32786,83,75,8,8
32787,53,57,-4,4
32788,216,200,16,16
32789,90,88,2,2
32790,94,105,-11,11
32791,113,118,-5,5
32792,48,51,-3,3
32793,125,139,-14,14
32794,58,55,3,3
32795,112,108,4,4
32796,91,84,7,7
32797,90,101,-11,11
32798,104,99,5,5
32799,59,63,-4,4
32800,74,76,-2,2
32801,99,108,-9,9
32802,76,84,-8,8
32803,101,99,2,2
32804,143,137,6,6
32805,66,65,1,1
32806,108,93,15,15
32807,126,117,9,9
32808,102,93,9,9
32809,106,113,-7,7
32810,84,79,5,5
32811,133,129,4,4
32812,68,67,1,1
32813,133,134,-1,1
32814,91,93,-2,2
32815,148,145,3,3
32816,131,119,12,12
32817,105,100,5,5
32818,111,123,-12,12
32819,50,55,-5,5
32820,118,108,10,10
32821,56,62,-6,6
32822,76,79,-3,3
32823,141,131,10,10
32824,162,149,13,13
32825,144,146,-2,2
32826,131,140,-9,9
32827,57,58,-1,1
32828,105,113,-8,8
32829,74,70,4,4
32830,118,143,-25,25
32831,157,154,3,3
32832,105,103,2,2
32833,90,88,2,2
32834,96,102,-6,6
32835,161,159,2,2
32836,83,78,5,5
32837,145,134,11,11
32838,55,55,0,0
32839,113,123,-10,10
32840,72,77,-5,5
32841,199,189,10,10
32842,57,66,-9,9
32843,86,90,-4,4
32844,124,115,9,9
32845,59,70,-11,11
32846,65,55,10,10
32847,82,79,3,3
32848,127,122,5,5
32849,82,86,-4,4
32850,101,92,9,9
32851,105,99,6,6
32852,94,96,-2,2
32853,125,118,7,7
32854,96,87,9,9
32855,48,52,-4,4
32856,68,73,-5,5
32857,98,99,-1,1
32858,152,140,12,12
32859,139,116,23,23
32860,80,88,-8,8
32861,113,109,4,4
32862,102,115,-13,13
32863,94,92,2,2
32864,56,59,-3,3
32865,112,111,1,1
32866,71,68,3,3
32867,163,158,5,5
32868,95,100,-5,5
32869,165,158,7,7
32870,100,103,-3,3
32871,104,99,5,5
32872,68,79,-11,11
32873,152,142,10,10
32874,62,69,-7,7
32875,56,61,-5,5
32876,87,87,0,0
32877,48,53,-5,5
32878,85,80,5,5
32879,82,99,-17,17
32880,70,89,-19,19
32881,80,78,2,2
32882,100,105,-5,5
32883,158,150,8,8
32884,143,136,7,7
32885,76,72,4,4
32886,64,67,-3,3
32887,121,117,4,4
32888,72,77,-5,5
32889,53,55,-2,2
32890,202,189,13,13
32891,54,55,-1,1
32892,58,56,2,2
32893,125,117,8,8
32894,74,63,11,11
32895,58,99,-41,41
32896,144,144,0,0
32897,124,125,-1,1
32898,84,84,0,0
32899,27,64,-37,37
32900,84,77,7,7
32901,176,154,22,22
32902,44,51,-7,7
32903,66,69,-3,3
32904,73,86,-13,13
32905,71,86,-15,15
32906,42,69,-27,27
32907,61,83,-22,22
32908,71,66,5,5
32909,90,99,-9,9
32910,74,68,6,6
32911,109,95,14,14
32912,124,118,6,6
32913,94,94,0,0
32914,158,170,-12,12
32915,97,84,13,13
32916,73,67,6,6
32917,90,100,-10,10
32918,64,60,4,4
32919,144,151,-7,7
32920,104,110,-6,6
32921,186,163,23,23
32922,102,95,7,7
32923,85,84,1,1
32924,96,103,-7,7
32925,122,120,2,2
32926,97,91,6,6
32927,96,95,1,1
32928,50,50,0,0
32929,110,126,-16,16
32930,89,86,3,3
32931,98,94,4,4
32932,123,130,-7,7
32933,53,58,-5,5
32934,114,111,3,3
32935,152,156,-4,4
32936,146,152,-6,6
32937,134,123,11,11
32938,105,111,-6,6
32939,38,76,-38,38
32940,99,97,2,2
32941,107,105,2,2
32942,92,82,10,10
32943,120,121,-1,1
32944,129,129,0,0
32945,95,90,5,5
32946,90,90,0,0
32947,103,104,-1,1
32948,114,106,8,8
32949,59,63,-4,4
32950,36,87,-51,51
32951,99,99,0,0
32952,76,72,4,4
32953,149,121,28,28
32954,106,91,15,15
32955,61,70,-9,9
32956,47,70,-23,23
32957,158,168,-10,10
32958,54,53,1,1
32959,50,55,-5,5
32960,98,92,6,6
32961,94,89,5,5
32962,67,67,0,0
32963,49,52,-3,3
32964,146,142,4,4
32965,135,124,11,11
32966,87,75,12,12
32967,98,104,-6,6
32968,59,57,2,2
32969,86,84,2,2
32970,62,66,-4,4
32971,113,107,6,6
32972,93,94,-1,1
32973,75,82,-7,7
32974,83,80,3,3
32975,138,132,6,6
32976,67,69,-2,2
32977,84,74,10,10
32978,117,121,-4,4
32979,64,67,-3,3
32980,80,76,4,4
32981,85,85,0,0
32982,67,68,-1,1
32983,96,96,0,0
32984,72,70,2,2
32985,63,77,-14,14
32986,151,134,17,17
32987,49,63,-14,14
32988,103,82,21,21
32989,32,50,-18,18
32990,70,65,5,5
32991,135,138,-3,3
32992,55,58,-3,3
32993,99,102,-3,3
32994,114,116,-2,2
32995,82,75,7,7
32996,119,122,-3,3
32997,104,105,-1,1
32998,123,117,6,6
32999,113,116,-3,3
33000,153,155,-2,2
33001,89,91,-2,2
33002,48,69,-21,21
33003,113,106,7,7
33004,83,84,-1,1
33005,129,118,11,11
33006,67,72,-5,5
33007,96,90,6,6
33008,92,92,0,0
33009,103,92,11,11
33010,121,107,14,14
33011,48,53,-5,5
33012,98,91,7,7
33013,112,110,2,2
33014,107,110,-3,3
33015,92,81,11,11
33016,72,74,-2,2
33017,86,86,0,0
33018,86,87,-1,1
33019,120,112,8,8
33020,65,71,-6,6
33021,86,84,2,2
33022,138,127,11,11
33023,74,81,-7,7
33024,60,59,1,1
33025,125,116,9,9
33026,61,67,-6,6
33027,99,97,2,2
33028,150,141,9,9
33029,69,66,3,3
33030,41,52,-11,11
33031,108,98,10,10
33032,163,167,-4,4
33033,121,115,6,6
33034,72,72,0,0
33035,109,103,6,6
33036,133,138,-5,5
33037,74,77,-3,3
33038,119,120,-1,1
33039,77,78,-1,1
33040,97,107,-10,10
33041,76,77,-1,1
33042,102,97,5,5
33043,88,81,7,7
33044,139,133,6,6
33045,93,90,3,3
33046,171,160,11,11
33047,115,133,-18,18
33048,73,72,1,1
33049,102,97,5,5
33050,97,100,-3,3
33051,107,110,-3,3
33052,180,174,6,6
33053,78,77,1,1
33054,279,262,17,17
33055,86,89,-3,3
33056,80,82,-2,2
33057,131,141,-10,10
33058,49,55,-6,6
33059,100,97,3,3
33060,53,62,-9,9
33061,116,108,8,8
33062,61,59,2,2
33063,73,65,8,8
33064,70,61,9,9
33065,56,56,0,0
33066,69,68,1,1
33067,76,74,2,2
33068,57,60,-3,3
33069,36,50,-14,14
33070,75,86,-11,11
33071,62,56,6,6
33072,78,75,3,3
33073,112,109,3,3
33074,85,81,4,4
33075,164,147,17,17
33076,52,62,-10,10
33077,102,103,-1,1
33078,34,50,-16,16
33079,52,55,-3,3
33080,63,77,-14,14
33081,60,60,0,0
33082,145,140,5,5
33083,74,78,-4,4
33084,106,113,-7,7
33085,53,57,-4,4
33086,114,118,-4,4
33087,135,137,-2,2
33088,119,115,4,4
33089,84,99,-15,15
33090,62,62,0,0
33091,150,151,-1,1
33092,178,195,-17,17
33093,125,125,0,0
33094,125,123,2,2
33095,56,59,-3,3
33096,83,85,-2,2
33097,79,96,-17,17
33098,66,66,0,0
33099,62,63,-1,1
33100,77,82,-5,5
33101,113,113,0,0
33102,119,122,-3,3
33103,100,90,10,10
33104,121,119,2,2
33105,102,93,9,9
33106,106,117,-11,11
33107,67,65,2,2
33108,104,97,7,7
33109,133,133,0,0
33110,138,129,9,9
33111,62,73,-11,11
33112,110,116,-6,6
33113,140,132,8,8
33114,80,72,8,8
33115,103,105,-2,2
33116,114,108,6,6
33117,55,55,0,0
33118,91,90,1,1
33119,38,57,-19,19
33120,89,75,14,14
33121,129,121,8,8
33122,30,62,-32,32
33123,103,98,5,5
33124,100,104,-4,4
33125,87,93,-6,6
33126,99,97,2,2
33127,87,85,2,2
33128,91,95,-4,4
33129,105,99,6,6
33130,104,100,4,4
33131,46,52,-6,6
33132,86,76,10,10
33133,59,74,-15,15
33134,135,139,-4,4
33135,47,52,-5,5
33136,108,91,17,17
33137,108,98,10,10
33138,120,122,-2,2
33139,50,71,-21,21
33140,102,119,-17,17
33141,129,138,-9,9
33142,82,120,-38,38
33143,141,125,16,16
33144,87,82,5,5
33145,108,102,6,6
33146,113,125,-12,12
33147,166,159,7,7
33148,82,78,4,4
33149,34,62,-28,28
33150,57,58,-1,1
33151,128,136,-8,8
33152,86,91,-5,5
33153,70,68,2,2
33154,106,103,3,3
33155,111,112,-1,1
33156,89,100,-11,11
33157,28,50,-22,22
33158,102,102,0,0
33159,159,139,20,20
33160,170,155,15,15
33161,98,101,-3,3
33162,77,78,-1,1
33163,118,121,-3,3
33164,96,93,3,3
33165,51,59,-8,8
33166,63,59,4,4
33167,70,68,2,2
33168,99,107,-8,8
33169,58,56,2,2
33170,60,59,1,1
33171,78,83,-5,5
33172,45,60,-15,15
33173,89,103,-14,14
33174,69,71,-2,2
33175,84,88,-4,4
33176,73,70,3,3
33177,178,162,16,16
33178,63,68,-5,5
33179,108,103,5,5
33180,105,107,-2,2
33181,43,51,-8,8
33182,82,81,1,1
33183,76,80,-4,4
33184,143,127,16,16
33185,91,87,4,4
33186,63,65,-2,2
33187,136,127,9,9
33188,83,75,8,8
33189,128,119,9,9
33190,63,65,-2,2
33191,72,78,-6,6
33192,96,100,-4,4
33193,66,65,1,1
33194,89,103,-14,14
33195,74,68,6,6
33196,69,66,3,3
33197,86,85,1,1
33198,105,103,2,2
33199,92,94,-2,2
33200,49,59,-10,10
33201,151,140,11,11
33202,87,94,-7,7
33203,86,83,3,3
33204,55,54,1,1
33205,113,124,-11,11
33206,96,95,1,1
33207,84,81,3,3
33208,102,100,2,2
33209,85,89,-4,4
33210,141,137,4,4
33211,90,76,14,14
33212,57,58,-1,1
33213,80,89,-9,9
33214,111,105,6,6
33215,82,122,-40,40
33216,85,87,-2,2
33217,85,77,8,8
33218,67,65,2,2
33219,86,80,6,6
33220,102,94,8,8
33221,71,73,-2,2
33222,130,152,-22,22
33223,76,81,-5,5
33224,70,72,-2,2
33225,86,95,-9,9
33226,55,55,0,0
33227,97,98,-1,1
33228,98,119,-21,21
33229,70,62,8,8
33230,102,95,7,7
33231,79,71,8,8
33232,104,99,5,5
33233,70,62,8,8
33234,94,88,6,6
33235,103,106,-3,3
33236,102,107,-5,5
33237,102,97,5,5
33238,67,64,3,3
33239,165,162,3,3
33240,73,90,-17,17
33241,149,135,14,14
33242,92,93,-1,1
33243,57,64,-7,7
33244,76,63,13,13
33245,129,121,8,8
33246,66,68,-2,2
33247,132,126,6,6
33248,108,103,5,5
33249,162,162,0,0
33250,104,100,4,4
33251,98,107,-9,9
33252,81,79,2,2
33253,106,112,-6,6
33254,134,140,-6,6
33255,118,117,1,1
33256,156,142,14,14
33257,73,68,5,5
33258,106,106,0,0
33259,64,60,4,4
33260,66,59,7,7
33261,126,109,17,17
33262,103,105,-2,2
33263,57,58,-1,1
33264,158,166,-8,8
33265,103,101,2,2
33266,103,103,0,0
33267,172,162,10,10
33268,137,136,1,1
33269,95,91,4,4
33270,127,119,8,8
33271,87,83,4,4
33272,136,120,16,16
33273,51,55,-4,4
33274,95,91,4,4
33275,100,102,-2,2
33276,140,132,8,8
33277,102,101,1,1
33278,69,65,4,4
33279,148,140,8,8
33280,121,135,-14,14
33281,133,133,0,0
33282,106,109,-3,3
33283,95,92,3,3
33284,71,83,-12,12
33285,148,145,3,3
33286,188,180,8,8
33287,111,110,1,1
33288,88,91,-3,3
33289,71,86,-15,15
33290,83,86,-3,3
33291,44,51,-7,7
33292,69,66,3,3
33293,44,51,-7,7
33294,111,107,4,4
33295,105,112,-7,7
33296,76,79,-3,3
33297,95,95,0,0
33298,181,175,6,6
33299,128,118,10,10
33300,81,80,1,1
33301,175,155,20,20
33302,57,57,0,0
33303,70,65,5,5
33304,77,71,6,6
33305,61,63,-2,2
33306,108,112,-4,4
33307,69,74,-5,5
33308,61,63,-2,2
33309,116,112,4,4
33310,50,54,-4,4
33311,95,86,9,9
33312,62,68,-6,6
33313,161,152,9,9
33314,101,106,-5,5
33315,84,77,7,7
33316,87,94,-7,7
33317,71,71,0,0
33318,56,60,-4,4
33319,77,78,-1,1
33320,100,115,-15,15
33321,74,74,0,0
33322,59,66,-7,7
33323,117,116,1,1
33324,102,100,2,2
33325,97,93,4,4
33326,77,77,0,0
33327,128,139,-11,11
33328,89,90,-1,1
33329,67,68,-1,1
33330,69,70,-1,1
33331,104,107,-3,3
33332,55,57,-2,2
33333,62,64,-2,2
33334,101,98,3,3
33335,78,78,0,0
33336,86,73,13,13
33337,81,81,0,0
33338,104,94,10,10
33339,57,56,1,1
33340,101,93,8,8
33341,84,78,6,6
33342,73,81,-8,8
33343,106,109,-3,3
33344,102,107,-5,5
33345,71,75,-4,4
33346,144,142,2,2
33347,131,114,17,17
33348,82,74,8,8
33349,83,75,8,8
33350,169,161,8,8
33351,70,65,5,5
33352,158,146,12,12
33353,162,135,27,27
33354,104,96,8,8
33355,52,51,1,1
33356,59,58,1,1
33357,70,69,1,1
33358,112,119,-7,7
33359,106,98,8,8
33360,130,123,7,7
33361,111,100,11,11
33362,117,106,11,11
33363,118,127,-9,9
33364,74,76,-2,2
33365,52,53,-1,1
33366,97,107,-10,10
33367,72,73,-1,1
33368,84,76,8,8
33369,50,55,-5,5
33370,101,101,0,0
33371,52,55,-3,3
33372,85,84,1,1
33373,90,86,4,4
33374,66,74,-8,8
33375,132,119,13,13
33376,91,95,-4,4
33377,46,52,-6,6
33378,36,50,-14,14
33379,94,95,-1,1
33380,65,63,2,2
33381,85,84,1,1
33382,78,74,4,4
33383,140,147,-7,7
33384,79,82,-3,3
33385,108,108,0,0
33386,84,83,1,1
33387,89,91,-2,2
33388,119,112,7,7
33389,52,53,-1,1
33390,130,113,17,17
33391,57,52,5,5
33392,128,122,6,6
33393,106,98,8,8
33394,65,57,8,8
33395,75,84,-9,9
33396,153,154,-1,1
33397,42,50,-8,8
33398,70,65,5,5
33399,157,151,6,6
33400,153,144,9,9
33401,93,87,6,6
33402,85,80,5,5
33403,70,81,-11,11
33404,84,89,-5,5
33405,61,59,2,2
33406,80,85,-5,5
33407,60,57,3,3
33408,60,60,0,0
33409,122,121,1,1
33410,87,89,-2,2
33411,207,166,41,41
33412,102,108,-6,6
33413,52,58,-6,6
33414,75,79,-4,4
33415,62,62,0,0
33416,82,91,-9,9
33417,144,125,19,19
33418,130,135,-5,5
33419,90,80,10,10
33420,71,76,-5,5
33421,77,74,3,3
33422,72,69,3,3
33423,46,51,-5,5
33424,55,65,-10,10
33425,64,99,-35,35
33426,73,68,5,5
33427,76,83,-7,7
33428,100,101,-1,1
33429,108,94,14,14
33430,130,122,8,8
33431,136,127,9,9
33432,89,88,1,1
33433,79,86,-7,7
33434,110,102,8,8
33435,125,130,-5,5
33436,79,91,-12,12
33437,32,50,-18,18
33438,97,124,-27,27
33439,135,129,6,6
33440,93,96,-3,3
33441,111,110,1,1
33442,87,101,-14,14
33443,131,116,15,15
33444,72,66,6,6
33445,72,83,-11,11
33446,192,164,28,28
33447,129,116,13,13
33448,102,97,5,5
33449,86,73,13,13
33450,134,124,10,10
33451,157,154,3,3
33452,75,76,-1,1
33453,93,92,1,1
33454,96,94,2,2
33455,105,104,1,1
33456,110,111,-1,1
33457,137,127,10,10
33458,194,188,6,6
33459,82,83,-1,1
33460,102,115,-13,13
33461,92,94,-2,2
33462,119,99,20,20
33463,113,107,6,6
33464,85,88,-3,3
33465,66,70,-4,4
33466,145,141,4,4
33467,112,113,-1,1
33468,133,131,2,2
33469,113,102,11,11
33470,175,150,25,25
33471,113,119,-6,6
33472,59,60,-1,1
33473,97,100,-3,3
33474,74,76,-2,2
33475,53,52,1,1
33476,108,109,-1,1
33477,133,123,10,10
33478,46,50,-4,4
33479,135,122,13,13
33480,111,106,5,5
33481,117,108,9,9
33482,69,70,-1,1
33483,175,159,16,16
33484,83,79,4,4
33485,80,84,-4,4
33486,95,105,-10,10
33487,80,78,2,2
33488,71,70,1,1
33489,61,60,1,1
33490,83,83,0,0
33491,168,159,9,9
33492,78,74,4,4
33493,79,89,-10,10
33494,112,118,-6,6
33495,73,71,2,2
33496,71,87,-16,16
33497,86,87,-1,1
33498,105,113,-8,8
33499,103,95,8,8
33500,81,76,5,5
33501,70,70,0,0
33502,107,96,11,11
33503,150,152,-2,2
33504,70,59,11,11
33505,80,85,-5,5
33506,48,57,-9,9
33507,100,109,-9,9
33508,52,59,-7,7
33509,97,98,-1,1
33510,172,167,5,5
33511,28,50,-22,22
33512,42,73,-31,31
33513,120,118,2,2
33514,60,65,-5,5
33515,118,103,15,15
33516,175,161,14,14
33517,69,70,-1,1
33518,50,55,-5,5
33519,90,91,-1,1
33520,109,108,1,1
33521,63,71,-8,8
33522,63,63,0,0
33523,54,54,0,0
33524,115,115,0,0
33525,61,60,1,1
33526,91,94,-3,3
33527,76,93,-17,17
33528,72,77,-5,5
33529,64,66,-2,2
33530,47,51,-4,4
33531,67,58,9,9
33532,111,107,4,4
33533,102,131,-29,29
33534,68,62,6,6
33535,101,87,14,14
33536,154,135,19,19
33537,71,75,-4,4
33538,77,75,2,2
33539,74,71,3,3
33540,95,99,-4,4
33541,98,98,0,0
33542,87,83,4,4
33543,134,135,-1,1
33544,118,115,3,3
33545,146,142,4,4
33546,82,94,-12,12
33547,85,70,15,15
33548,68,90,-22,22
33549,62,60,2,2
33550,79,66,13,13
33551,33,50,-17,17
33552,130,118,12,12
33553,88,80,8,8
33554,132,133,-1,1
33555,69,77,-8,8
33556,98,89,9,9
33557,113,96,17,17
33558,84,85,-1,1
33559,78,76,2,2
33560,121,113,8,8
33561,69,69,0,0
33562,70,86,-16,16
33563,89,94,-5,5
33564,97,98,-1,1
33565,89,87,2,2
33566,128,122,6,6
33567,149,143,6,6
33568,115,110,5,5
33569,68,79,-11,11
33570,44,54,-10,10
33571,36,50,-14,14
33572,64,83,-19,19
33573,75,63,12,12
33574,85,85,0,0
33575,90,89,1,1
33576,98,110,-12,12
33577,110,103,7,7
33578,91,96,-5,5
33579,179,158,21,21
33580,97,81,16,16
33581,65,69,-4,4
33582,111,118,-7,7
33583,191,168,23,23
33584,181,153,28,28
33585,58,59,-1,1
33586,90,75,15,15
33587,101,95,6,6
33588,164,143,21,21
33589,117,105,12,12
33590,84,90,-6,6
33591,112,104,8,8
33592,117,105,12,12
33593,80,81,-1,1
33594,150,141,9,9
33595,94,96,-2,2
33596,115,118,-3,3
33597,157,142,15,15
33598,69,72,-3,3
33599,61,59,2,2
33600,97,97,0,0
33601,74,79,-5,5
33602,90,92,-2,2
33603,59,55,4,4
33604,121,106,15,15
33605,102,93,9,9
33606,107,112,-5,5
33607,102,108,-6,6
33608,256,268,-12,12
33609,75,78,-3,3
33610,80,79,1,1
33611,67,70,-3,3
33612,122,117,5,5
33613,65,59,6,6
33614,74,81,-7,7
33615,86,86,0,0
33616,206,200,6,6
33617,139,140,-1,1
33618,76,76,0,0
33619,186,177,9,9
33620,111,112,-1,1
33621,80,71,9,9
33622,148,146,2,2
33623,76,80,-4,4
33624,123,143,-20,20
33625,79,95,-16,16
33626,118,111,7,7
33627,51,53,-2,2
33628,88,105,-17,17
33629,157,153,4,4
33630,84,85,-1,1
33631,129,122,7,7
33632,131,116,15,15
33633,74,93,-19,19
33634,93,96,-3,3
33635,88,91,-3,3
33636,74,79,-5,5
33637,102,100,2,2
33638,143,137,6,6
33639,67,64,3,3
33640,197,188,9,9
33641,98,90,8,8
33642,117,105,12,12
33643,120,120,0,0
33644,118,126,-8,8
33645,63,54,9,9
33646,139,143,-4,4
33647,144,149,-5,5
33648,96,92,4,4
33649,110,92,18,18
33650,121,121,0,0
33651,68,82,-14,14
33652,84,109,-25,25
33653,118,115,3,3
33654,96,98,-2,2
33655,78,84,-6,6
33656,27,50,-23,23
33657,157,146,11,11
33658,137,128,9,9
33659,107,107,0,0
33660,95,98,-3,3
33661,45,56,-11,11
33662,69,100,-31,31
33663,196,178,18,18
33664,108,95,13,13
33665,88,81,7,7
33666,199,178,21,21
33667,111,112,-1,1
33668,179,158,21,21
33669,157,151,6,6
33670,82,72,10,10
33671,77,71,6,6
33672,56,55,1,1
33673,63,68,-5,5
33674,196,179,17,17
33675,89,94,-5,5
33676,126,121,5,5
33677,39,50,-11,11
33678,80,90,-10,10
33679,97,94,3,3
33680,85,75,10,10
33681,58,58,0,0
33682,132,130,2,2
33683,54,65,-11,11
33684,99,96,3,3
33685,91,94,-3,3
33686,75,69,6,6
33687,57,67,-10,10
33688,66,68,-2,2
33689,105,110,-5,5
33690,51,53,-2,2
33691,134,126,8,8
33692,27,51,-24,24
33693,71,67,4,4
33694,65,60,5,5
33695,112,89,23,23
33696,100,107,-7,7
33697,56,60,-4,4
33698,74,71,3,3
33699,137,128,9,9
33700,96,101,-5,5
33701,113,120,-7,7
33702,56,58,-2,2
33703,91,97,-6,6
33704,179,178,1,1
33705,54,52,2,2
33706,90,98,-8,8
33707,92,92,0,0
33708,87,79,8,8
33709,122,113,9,9
33710,150,133,17,17
33711,90,86,4,4
33712,98,95,3,3
33713,59,60,-1,1
33714,122,121,1,1
33715,150,153,-3,3
33716,74,72,2,2
33717,65,68,-3,3
33718,53,59,-6,6
33719,93,91,2,2
33720,108,100,8,8
33721,70,79,-9,9
33722,135,128,7,7
33723,87,95,-8,8
33724,65,74,-9,9
33725,55,50,5,5
33726,40,50,-10,10
33727,88,84,4,4
33728,168,153,15,15
33729,37,50,-13,13
33730,80,67,13,13
33731,92,83,9,9
33732,157,141,16,16
33733,121,120,1,1
33734,119,122,-3,3
33735,131,107,24,24
33736,112,104,8,8
33737,71,83,-12,12
33738,73,75,-2,2
33739,99,95,4,4
33740,81,71,10,10
33741,70,71,-1,1
33742,91,86,5,5
33743,63,62,1,1
33744,65,62,3,3
33745,92,101,-9,9
33746,83,79,4,4
33747,62,66,-4,4
33748,137,133,4,4
33749,194,176,18,18
33750,104,98,6,6
33751,136,133,3,3
33752,149,142,7,7
33753,109,107,2,2
33754,70,66,4,4
33755,121,114,7,7
33756,73,74,-1,1
33757,97,90,7,7
33758,105,99,6,6
33759,131,127,4,4
33760,118,111,7,7
33761,97,93,4,4
33762,49,53,-4,4
33763,110,109,1,1
33764,87,93,-6,6
33765,107,109,-2,2
33766,72,67,5,5
33767,173,163,10,10
33768,117,120,-3,3
33769,91,97,-6,6
33770,93,80,13,13
33771,34,50,-16,16
33772,75,68,7,7
33773,110,115,-5,5
33774,76,83,-7,7
33775,122,157,-35,35
33776,94,97,-3,3
33777,60,60,0,0
33778,96,98,-2,2
33779,92,94,-2,2
33780,155,138,17,17
33781,116,106,10,10
33782,113,111,2,2
33783,70,65,5,5
33784,127,134,-7,7
33785,104,110,-6,6
33786,103,107,-4,4
33787,66,57,9,9
33788,58,60,-2,2
33789,47,59,-12,12
33790,124,124,0,0
33791,47,50,-3,3
33792,134,119,15,15
33793,126,116,10,10
33794,133,134,-1,1
33795,101,101,0,0
33796,48,51,-3,3
33797,69,75,-6,6
33798,62,59,3,3
33799,112,101,11,11
33800,124,129,-5,5
33801,68,65,3,3
33802,70,64,6,6
33803,98,99,-1,1
33804,61,77,-16,16
33805,98,105,-7,7
33806,128,117,11,11
33807,112,105,7,7
33808,62,64,-2,2
33809,106,97,9,9
33810,90,79,11,11
33811,57,59,-2,2
33812,127,126,1,1
33813,83,81,2,2
33814,123,117,6,6
33815,99,93,6,6
33816,114,118,-4,4
33817,124,126,-2,2
33818,63,63,0,0
33819,169,161,8,8
33820,86,83,3,3
33821,97,99,-2,2
33822,95,84,11,11
33823,97,98,-1,1
33824,120,108,12,12
33825,100,96,4,4
33826,127,136,-9,9
33827,65,65,0,0
33828,74,74,0,0
33829,146,140,6,6
33830,93,96,-3,3
33831,76,73,3,3
33832,127,123,4,4
33833,61,58,3,3
33834,81,84,-3,3
33835,132,102,30,30
33836,69,59,10,10
33837,56,68,-12,12
33838,103,99,4,4
33839,110,114,-4,4
33840,102,100,2,2
33841,74,67,7,7
33842,111,114,-3,3
33843,74,76,-2,2
33844,58,58,0,0
33845,96,101,-5,5
33846,67,68,-1,1
33847,57,57,0,0
33848,104,98,6,6
33849,60,68,-8,8
33850,50,59,-9,9
33851,120,116,4,4
33852,73,69,4,4
33853,45,50,-5,5
33854,95,97,-2,2
33855,125,131,-6,6
33856,106,104,2,2
33857,80,73,7,7
33858,138,134,4,4
33859,105,108,-3,3
33860,100,94,6,6
33861,89,86,3,3
33862,161,137,24,24
33863,115,120,-5,5
33864,109,101,8,8
33865,120,113,7,7
33866,64,62,2,2
33867,85,85,0,0
33868,139,134,5,5
33869,56,62,-6,6
33870,100,101,-1,1
33871,61,60,1,1
33872,87,91,-4,4
33873,78,73,5,5
33874,135,125,10,10
33875,149,149,0,0
33876,123,113,10,10
33877,114,99,15,15
33878,106,115,-9,9
33879,121,107,14,14
33880,103,115,-12,12
33881,133,133,0,0
33882,83,80,3,3
33883,90,83,7,7
33884,43,50,-7,7
33885,195,177,18,18
33886,82,75,7,7
33887,121,117,4,4
33888,77,77,0,0
33889,80,86,-6,6
33890,56,58,-2,2
33891,70,62,8,8
33892,57,56,1,1
33893,98,101,-3,3
33894,85,87,-2,2
33895,102,100,2,2
33896,114,102,12,12
33897,153,141,12,12
33898,61,56,5,5
33899,99,99,0,0
33900,77,74,3,3
33901,89,72,17,17
33902,79,73,6,6
33903,108,114,-6,6
33904,102,83,19,19
33905,54,60,-6,6
33906,101,92,9,9
33907,131,124,7,7
33908,56,61,-5,5
33909,110,105,5,5
33910,78,72,6,6
33911,153,143,10,10
33912,73,76,-3,3
33913,105,98,7,7
33914,57,73,-16,16
33915,95,106,-11,11
33916,56,65,-9,9
33917,107,98,9,9
33918,62,78,-16,16
33919,157,152,5,5
33920,94,88,6,6
33921,84,70,14,14
33922,131,129,2,2
33923,75,72,3,3
33924,122,123,-1,1
33925,114,123,-9,9
33926,61,57,4,4
33927,137,144,-7,7
33928,72,67,5,5
33929,115,100,15,15
33930,49,84,-35,35
33931,98,92,6,6
33932,114,119,-5,5
33933,79,76,3,3
33934,75,67,8,8
33935,111,91,20,20
33936,84,83,1,1
33937,61,63,-2,2
33938,70,73,-3,3
33939,103,106,-3,3
33940,119,108,11,11
33941,62,63,-1,1
33942,94,80,14,14
33943,161,149,12,12
33944,253,222,31,31
33945,112,115,-3,3
33946,63,72,-9,9
33947,90,85,5,5
33948,124,121,3,3
33949,85,72,13,13
33950,167,162,5,5
33951,115,96,19,19
33952,113,101,12,12
33953,95,95,0,0
33954,93,93,0,0
33955,138,121,17,17
33956,74,75,-1,1
33957,52,61,-9,9
33958,104,100,4,4
33959,143,138,5,5
33960,74,84,-10,10
33961,69,68,1,1
33962,133,122,11,11
33963,82,80,2,2
33964,98,92,6,6
33965,77,73,4,4
33966,142,143,-1,1
33967,84,87,-3,3
33968,95,102,-7,7
33969,83,77,6,6
33970,114,102,12,12
33971,53,75,-22,22
33972,91,87,4,4
33973,122,129,-7,7
33974,89,113,-24,24
33975,81,84,-3,3
33976,110,112,-2,2
33977,96,91,5,5
33978,119,114,5,5
33979,80,83,-3,3
33980,108,98,10,10
33981,71,67,4,4
33982,80,76,4,4
33983,157,160,-3,3
33984,85,71,14,14
33985,47,56,-9,9
33986,68,56,12,12
33987,86,70,16,16
33988,71,69,2,2
33989,64,61,3,3
33990,65,65,0,0
33991,155,161,-6,6
33992,108,114,-6,6
33993,188,170,18,18
33994,109,107,2,2
33995,64,66,-2,2
33996,120,136,-16,16
33997,72,70,2,2
33998,55,61,-6,6
33999,69,65,4,4
34000,186,169,17,17
34001,96,111,-15,15
34002,77,82,-5,5
34003,83,85,-2,2
34004,79,71,8,8
34005,55,63,-8,8
34006,155,145,10,10
34007,91,91,0,0
34008,48,55,-7,7
34009,122,120,2,2
34010,75,90,-15,15
34011,109,111,-2,2
34012,110,106,4,4
34013,79,75,4,4
34014,69,67,2,2
34015,78,83,-5,5
34016,129,128,1,1
34017,131,125,6,6
34018,45,51,-6,6
34019,96,93,3,3
34020,105,122,-17,17
34021,128,126,2,2
34022,139,135,4,4
34023,116,106,10,10
34024,81,79,2,2
34025,77,80,-3,3
34026,100,99,1,1
34027,68,64,4,4
34028,70,77,-7,7
34029,222,240,-18,18
34030,22,50,-28,28
34031,121,118,3,3
34032,67,68,-1,1
34033,87,78,9,9
34034,58,57,1,1
34035,69,76,-7,7
34036,71,80,-9,9
34037,54,65,-11,11
34038,60,57,3,3
34039,87,86,1,1
34040,101,98,3,3
34041,61,60,1,1
34042,141,127,14,14
34043,121,129,-8,8
34044,102,90,12,12
34045,78,83,-5,5
34046,96,112,-16,16
34047,56,53,3,3
34048,101,86,15,15
34049,64,67,-3,3
34050,55,64,-9,9
34051,89,76,13,13
34052,84,74,10,10
34053,90,87,3,3
34054,166,152,14,14
34055,85,109,-24,24
34056,94,92,2,2
34057,130,140,-10,10
34058,146,151,-5,5
34059,77,95,-18,18
34060,97,91,6,6
34061,102,97,5,5
34062,150,150,0,0
34063,104,104,0,0
34064,90,89,1,1
34065,70,70,0,0
34066,45,50,-5,5
34067,76,68,8,8
34068,90,107,-17,17
34069,63,56,7,7
34070,123,119,4,4
34071,91,77,14,14
34072,102,88,14,14
34073,120,110,10,10
34074,48,67,-19,19
34075,42,52,-10,10
34076,85,84,1,1
34077,67,62,5,5
34078,73,62,11,11
34079,67,64,3,3
34080,87,87,0,0
34081,172,157,15,15
34082,128,136,-8,8
34083,116,116,0,0
34084,102,97,5,5
34085,134,134,0,0
34086,94,103,-9,9
34087,55,56,-1,1
34088,175,176,-1,1
34089,71,71,0,0
34090,53,57,-4,4
34091,92,100,-8,8
34092,111,106,5,5
34093,120,121,-1,1
34094,107,119,-12,12
34095,48,50,-2,2
34096,85,78,7,7
34097,122,140,-18,18
34098,90,98,-8,8
34099,70,63,7,7
34100,63,64,-1,1
34101,110,103,7,7
34102,56,58,-2,2
34103,96,104,-8,8
34104,79,78,1,1
34105,56,57,-1,1
34106,115,104,11,11
34107,60,67,-7,7
34108,59,60,-1,1
34109,74,73,1,1
34110,110,117,-7,7
34111,99,112,-13,13
34112,106,103,3,3
34113,62,55,7,7
34114,93,94,-1,1
34115,59,57,2,2
34116,88,82,6,6
34117,75,85,-10,10
34118,78,71,7,7
34119,67,66,1,1
34120,118,113,5,5
34121,66,61,5,5
34122,69,66,3,3
34123,110,103,7,7
34124,102,104,-2,2
34125,127,126,1,1
34126,99,101,-2,2
34127,127,133,-6,6
34128,97,83,14,14
34129,52,51,1,1
34130,56,58,-2,2
34131,64,61,3,3
34132,111,106,5,5
34133,114,111,3,3
34134,162,143,19,19
34135,56,68,-12,12
34136,35,50,-15,15
34137,83,82,1,1
34138,151,154,-3,3
34139,77,77,0,0
34140,65,70,-5,5
34141,67,64,3,3
34142,81,77,4,4
34143,56,55,1,1
34144,67,68,-1,1
34145,59,54,5,5
34146,142,122,20,20
34147,79,80,-1,1
34148,104,102,2,2
34149,68,67,1,1
34150,67,72,-5,5
34151,56,57,-1,1
34152,66,62,4,4
34153,31,50,-19,19
34154,121,112,9,9
34155,115,109,6,6
34156,68,63,5,5
34157,103,104,-1,1
34158,71,74,-3,3
34159,115,121,-6,6
34160,122,111,11,11
34161,99,93,6,6
34162,112,111,1,1
34163,215,223,-8,8
34164,68,73,-5,5
34165,84,80,4,4
34166,82,81,1,1
34167,82,82,0,0
34168,95,90,5,5
34169,80,82,-2,2
34170,121,112,9,9
34171,103,93,10,10
34172,74,77,-3,3
34173,59,59,0,0
34174,106,98,8,8
34175,62,57,5,5
34176,49,52,-3,3
34177,62,64,-2,2
34178,151,146,5,5
34179,178,150,28,28
34180,96,95,1,1
34181,91,94,-3,3
34182,74,72,2,2
34183,78,85,-7,7
34184,95,117,-22,22
34185,109,106,3,3
34186,59,57,2,2
34187,64,57,7,7
34188,122,108,14,14
34189,106,107,-1,1
34190,137,132,5,5
34191,79,73,6,6
34192,45,52,-7,7
34193,96,93,3,3
34194,53,55,-2,2
34195,121,111,10,10
34196,138,141,-3,3
34197,107,101,6,6
34198,90,88,2,2
34199,83,85,-2,2
34200,65,62,3,3
34201,68,73,-5,5
34202,50,53,-3,3
34203,44,67,-23,23
34204,78,85,-7,7
34205,74,75,-1,1
34206,67,64,3,3
34207,116,105,11,11
34208,50,51,-1,1
34209,100,93,7,7
34210,52,56,-4,4
34211,70,62,8,8
34212,92,92,0,0
34213,130,125,5,5
34214,139,144,-5,5
34215,96,88,8,8
34216,98,90,8,8
34217,49,51,-2,2
34218,90,78,12,12
34219,103,110,-7,7
34220,39,51,-12,12
34221,172,152,20,20
34222,104,93,11,11
34223,63,63,0,0
34224,78,72,6,6
34225,65,66,-1,1
34226,58,57,1,1
34227,140,142,-2,2
34228,95,105,-10,10
34229,77,69,8,8
34230,122,111,11,11
34231,63,53,10,10
34232,26,50,-24,24
34233,78,81,-3,3
34234,60,63,-3,3
34235,80,78,2,2
34236,96,96,0,0
34237,62,64,-2,2
34238,77,83,-6,6
34239,101,94,7,7
34240,103,102,1,1
34241,87,95,-8,8
34242,132,129,3,3
34243,223,192,31,31
34244,117,108,9,9
34245,151,140,11,11
34246,87,96,-9,9
34247,103,100,3,3
34248,59,65,-6,6
34249,150,131,19,19
34250,100,93,7,7
34251,92,79,13,13
34252,65,76,-11,11
34253,72,68,4,4
34254,48,50,-2,2
34255,114,107,7,7
34256,63,56,7,7
34257,139,134,5,5
34258,86,85,1,1
34259,96,85,11,11
34260,80,79,1,1
34261,126,111,15,15
34262,112,107,5,5
34263,99,111,-12,12
34264,83,74,9,9
34265,62,59,3,3
34266,53,69,-16,16
34267,40,50,-10,10
34268,103,99,4,4
34269,87,95,-8,8
34270,66,66,0,0
34271,116,105,11,11
34272,107,95,12,12
34273,121,120,1,1
34274,114,98,16,16
34275,111,109,2,2
34276,105,101,4,4
34277,103,105,-2,2
34278,106,93,13,13
34279,126,118,8,8
34280,104,101,3,3
34281,77,74,3,3
34282,114,114,0,0
34283,77,78,-1,1
34284,83,85,-2,2
34285,78,83,-5,5
34286,81,86,-5,5
34287,64,66,-2,2
34288,134,127,7,7
34289,78,79,-1,1
34290,137,129,8,8
34291,80,77,3,3
34292,145,131,14,14
34293,103,107,-4,4
34294,101,97,4,4
34295,87,80,7,7
34296,83,85,-2,2
34297,98,89,9,9
34298,133,135,-2,2
34299,114,121,-7,7
34300,119,106,13,13
34301,94,92,2,2
34302,85,89,-4,4
34303,162,158,4,4
34304,85,68,17,17
34305,62,58,4,4
34306,83,76,7,7
34307,99,95,4,4
34308,79,81,-2,2
34309,95,99,-4,4
34310,140,140,0,0
34311,165,154,11,11
34312,104,97,7,7
34313,110,121,-11,11
34314,138,175,-37,37
34315,117,131,-14,14
34316,120,116,4,4
34317,67,77,-10,10
34318,82,77,5,5
34319,110,100,10,10
34320,110,100,10,10
34321,63,69,-6,6
34322,54,55,-1,1
34323,128,134,-6,6
34324,90,82,8,8
34325,99,102,-3,3
34326,121,145,-24,24
34327,47,55,-8,8
34328,88,80,8,8
34329,96,87,9,9
34330,83,103,-20,20
34331,91,79,12,12
34332,100,101,-1,1
34333,68,71,-3,3
34334,44,51,-7,7
34335,94,90,4,4
34336,48,53,-5,5
34337,63,61,2,2
34338,114,110,4,4
34339,88,81,7,7
34340,105,99,6,6
34341,67,65,2,2
34342,61,52,9,9
34343,120,118,2,2
34344,111,100,11,11
34345,102,94,8,8
34346,111,104,7,7
34347,48,52,-4,4
34348,102,109,-7,7
34349,101,99,2,2
34350,88,91,-3,3
34351,58,63,-5,5
34352,64,66,-2,2
34353,65,66,-1,1
34354,156,146,10,10
34355,84,83,1,1
34356,169,150,19,19
34357,130,115,15,15
34358,51,61,-10,10
34359,60,58,2,2
34360,109,94,15,15
34361,107,108,-1,1
34362,133,145,-12,12
34363,73,68,5,5
34364,117,114,3,3
34365,105,100,5,5
34366,118,135,-17,17
34367,107,104,3,3
34368,89,85,4,4
34369,130,118,12,12
34370,107,115,-8,8
34371,86,88,-2,2
34372,87,90,-3,3
34373,166,157,9,9
34374,91,91,0,0
34375,83,72,11,11
34376,90,104,-14,14
34377,60,68,-8,8
34378,73,76,-3,3
34379,133,119,14,14
34380,131,126,5,5
34381,128,148,-20,20
34382,93,90,3,3
34383,48,55,-7,7
34384,126,105,21,21
34385,62,70,-8,8
34386,50,58,-8,8
34387,70,68,2,2
34388,111,109,2,2
34389,89,80,9,9
34390,94,98,-4,4
34391,38,50,-12,12
34392,76,89,-13,13
34393,92,92,0,0
34394,66,64,2,2
34395,84,83,1,1
34396,72,73,-1,1
34397,79,76,3,3
34398,78,79,-1,1
34399,61,59,2,2
34400,68,62,6,6
34401,114,104,10,10
34402,84,86,-2,2
34403,51,58,-7,7
34404,96,88,8,8
34405,74,67,7,7
34406,64,72,-8,8
34407,79,76,3,3
34408,89,83,6,6
34409,150,146,4,4
34410,137,120,17,17
34411,62,61,1,1
34412,120,113,7,7
34413,75,64,11,11
34414,63,67,-4,4
34415,144,152,-8,8
34416,83,74,9,9
34417,71,102,-31,31
34418,125,123,2,2
34419,71,71,0,0
34420,90,95,-5,5
34421,57,55,2,2
34422,68,74,-6,6
34423,117,106,11,11
34424,142,139,3,3
34425,95,86,9,9
34426,91,96,-5,5
34427,86,89,-3,3
34428,119,125,-6,6
34429,71,80,-9,9
34430,97,92,5,5
34431,92,95,-3,3
34432,86,93,-7,7
34433,48,59,-11,11
34434,50,50,0,0
34435,105,139,-34,34
34436,105,110,-5,5
34437,127,112,15,15
34438,108,107,1,1
34439,71,67,4,4
34440,73,78,-5,5
34441,68,75,-7,7
34442,147,130,17,17
34443,142,142,0,0
34444,39,50,-11,11
34445,91,79,12,12
34446,79,83,-4,4
34447,84,78,6,6
34448,123,126,-3,3
34449,63,67,-4,4
34450,196,185,11,11
34451,161,163,-2,2
34452,152,128,24,24
34453,144,133,11,11
34454,96,97,-1,1
34455,125,127,-2,2
34456,82,76,6,6
34457,128,117,11,11
34458,160,164,-4,4
34459,43,51,-8,8
34460,68,69,-1,1
34461,108,85,23,23
34462,74,76,-2,2
34463,52,63,-11,11
34464,107,117,-10,10
34465,64,71,-7,7
34466,89,85,4,4
34467,85,73,12,12
34468,73,75,-2,2
34469,177,180,-3,3
34470,111,110,1,1
34471,67,78,-11,11
34472,76,68,8,8
34473,152,135,17,17
34474,90,93,-3,3
34475,79,77,2,2
34476,99,101,-2,2
34477,78,75,3,3
34478,131,123,8,8
34479,100,93,7,7
34480,74,80,-6,6
34481,99,99,0,0
34482,135,133,2,2
34483,104,107,-3,3
34484,67,64,3,3
34485,102,89,13,13
34486,48,53,-5,5
34487,243,230,13,13
34488,97,95,2,2
34489,112,111,1,1
34490,118,121,-3,3
34491,77,83,-6,6
34492,73,61,12,12
34493,99,100,-1,1
34494,60,78,-18,18
34495,155,155,0,0
34496,125,122,3,3
34497,202,166,36,36
34498,82,88,-6,6
34499,100,90,10,10
34500,78,74,4,4
34501,59,66,-7,7
34502,48,56,-8,8
34503,121,123,-2,2
34504,128,121,7,7
34505,96,105,-9,9
34506,133,122,11,11
34507,107,105,2,2
34508,106,100,6,6
34509,111,125,-14,14
34510,48,70,-22,22
34511,79,84,-5,5
34512,121,108,13,13
34513,147,140,7,7
34514,113,110,3,3
34515,58,58,0,0
34516,93,85,8,8
34517,109,107,2,2
34518,85,89,-4,4
34519,69,76,-7,7
34520,70,70,0,0
34521,81,91,-10,10
34522,47,51,-4,4
34523,121,110,11,11
34524,151,135,16,16
34525,80,83,-3,3
34526,60,59,1,1
34527,133,128,5,5
34528,65,68,-3,3
34529,162,162,0,0
34530,73,68,5,5
34531,108,100,8,8
34532,87,84,3,3
34533,101,108,-7,7
34534,90,91,-1,1
34535,130,141,-11,11
34536,133,123,10,10
34537,139,136,3,3
34538,95,102,-7,7
34539,96,95,1,1
34540,66,67,-1,1
34541,69,72,-3,3
34542,69,67,2,2
34543,86,82,4,4
34544,95,94,1,1
34545,91,87,4,4
34546,189,162,27,27
34547,109,109,0,0
34548,63,61,2,2
34549,156,154,2,2
34550,64,63,1,1
34551,117,112,5,5
34552,55,54,1,1
34553,115,119,-4,4
34554,103,99,4,4
34555,155,146,9,9
34556,78,75,3,3
34557,159,165,-6,6
34558,73,65,8,8
34559,188,178,10,10
34560,150,151,-1,1
34561,103,93,10,10
34562,80,82,-2,2
34563,92,94,-2,2
34564,121,122,-1,1
34565,113,115,-2,2
34566,106,101,5,5
34567,72,60,12,12
34568,120,117,3,3
34569,49,55,-6,6
34570,124,130,-6,6
34571,82,83,-1,1
34572,145,158,-13,13
34573,61,58,3,3
34574,108,104,4,4
34575,53,57,-4,4
34576,117,109,8,8
34577,88,91,-3,3
34578,122,98,24,24
34579,56,57,-1,1
34580,161,146,15,15
34581,115,110,5,5
34582,100,100,0,0
34583,149,149,0,0
34584,126,120,6,6
34585,74,79,-5,5
34586,124,115,9,9
34587,101,98,3,3
34588,83,96,-13,13
34589,105,100,5,5
34590,143,138,5,5
34591,153,150,3,3
34592,54,57,-3,3
34593,52,79,-27,27
34594,87,84,3,3
34595,63,62,1,1
34596,84,91,-7,7
34597,96,95,1,1
34598,59,70,-11,11
34599,141,133,8,8
34600,121,110,11,11
34601,21,50,-29,29
34602,93,87,6,6
34603,126,129,-3,3
34604,91,90,1,1
34605,126,120,6,6
34606,79,74,5,5
34607,133,137,-4,4
34608,72,77,-5,5
34609,117,98,19,19
34610,51,59,-8,8
34611,92,90,2,2
34612,78,85,-7,7
34613,70,73,-3,3
34614,77,78,-1,1
34615,94,84,10,10
34616,75,76,-1,1
34617,93,95,-2,2
34618,75,65,10,10
34619,149,143,6,6
34620,99,98,1,1
34621,94,107,-13,13
34622,98,92,6,6
34623,68,67,1,1
34624,101,145,-44,44
34625,115,109,6,6
34626,87,84,3,3
34627,100,113,-13,13
34628,80,90,-10,10
34629,133,125,8,8
34630,54,55,-1,1
34631,164,156,8,8
34632,98,97,1,1
34633,75,79,-4,4
34634,77,69,8,8
34635,126,123,3,3
34636,124,118,6,6
34637,89,91,-2,2
34638,77,80,-3,3
34639,162,147,15,15
34640,129,113,16,16
34641,126,122,4,4
34642,90,82,8,8
34643,145,138,7,7
34644,59,66,-7,7
34645,79,75,4,4
34646,100,88,12,12
34647,136,129,7,7
34648,53,62,-9,9
34649,109,103,6,6
34650,79,77,2,2
34651,111,107,4,4
34652,172,139,33,33
34653,142,144,-2,2
34654,81,81,0,0
34655,100,99,1,1
34656,71,68,3,3
34657,37,51,-14,14
34658,91,86,5,5
34659,85,84,1,1
34660,96,97,-1,1
34661,96,93,3,3
34662,72,66,6,6
34663,58,58,0,0
34664,128,135,-7,7
34665,90,79,11,11
34666,79,78,1,1
34667,57,56,1,1
34668,164,139,25,25
34669,147,120,27,27
34670,42,54,-12,12
34671,92,103,-11,11
34672,73,75,-2,2
34673,80,81,-1,1
34674,82,78,4,4
34675,82,83,-1,1
34676,124,117,7,7
34677,87,92,-5,5
34678,93,92,1,1
34679,151,131,20,20
34680,88,87,1,1
34681,99,93,6,6
34682,104,102,2,2
34683,80,80,0,0
34684,91,81,10,10
34685,116,132,-16,16
34686,136,126,10,10
34687,76,110,-34,34
34688,125,131,-6,6
34689,99,87,12,12
34690,112,119,-7,7
34691,103,117,-14,14
34692,152,144,8,8
34693,122,116,6,6
34694,74,78,-4,4
34695,106,108,-2,2
34696,76,71,5,5
34697,59,63,-4,4
34698,100,119,-19,19
34699,58,60,-2,2
34700,69,72,-3,3
34701,120,127,-7,7
34702,74,71,3,3
34703,55,56,-1,1
34704,89,89,0,0
34705,79,72,7,7
34706,137,140,-3,3
34707,81,83,-2,2
34708,64,75,-11,11
34709,170,166,4,4
34710,69,69,0,0
34711,72,68,4,4
34712,73,70,3,3
34713,66,70,-4,4
34714,114,111,3,3
34715,96,104,-8,8
34716,67,66,1,1
34717,83,82,1,1
34718,72,67,5,5
34719,150,148,2,2
34720,56,54,2,2
34721,66,69,-3,3
34722,53,63,-10,10
34723,169,150,19,19
34724,66,68,-2,2
34725,105,109,-4,4
34726,101,99,2,2
34727,78,81,-3,3
34728,130,128,2,2
34729,140,130,10,10
34730,91,107,-16,16
34731,89,80,9,9
34732,73,74,-1,1
34733,111,106,5,5
34734,111,113,-2,2
34735,154,143,11,11
34736,56,58,-2,2
34737,136,127,9,9
34738,101,90,11,11
34739,120,123,-3,3
34740,62,54,8,8
34741,105,108,-3,3
34742,76,74,2,2
34743,161,161,0,0
34744,88,93,-5,5
34745,51,55,-4,4
34746,108,109,-1,1
34747,101,97,4,4
34748,74,76,-2,2
34749,189,169,20,20
34750,46,54,-8,8
34751,58,60,-2,2
34752,100,83,17,17
34753,171,145,26,26
34754,45,50,-5,5
34755,87,73,14,14
34756,57,56,1,1
34757,137,123,14,14
34758,72,71,1,1
34759,115,108,7,7
34760,98,94,4,4
34761,58,62,-4,4
34762,87,111,-24,24
34763,79,77,2,2
34764,79,70,9,9
34765,67,67,0,0
34766,32,50,-18,18
34767,76,77,-1,1
34768,80,71,9,9
34769,106,93,13,13
34770,54,62,-8,8
34771,75,81,-6,6
34772,149,143,6,6
34773,110,97,13,13
34774,106,109,-3,3
34775,130,128,2,2
34776,49,53,-4,4
34777,119,123,-4,4
34778,75,79,-4,4
34779,89,90,-1,1
34780,63,58,5,5
34781,64,52,12,12
34782,116,112,4,4
34783,79,67,12,12
34784,92,94,-2,2
34785,70,74,-4,4
34786,120,114,6,6
34787,165,156,9,9
34788,187,190,-3,3
34789,82,79,3,3
34790,53,65,-12,12
34791,88,84,4,4
34792,75,70,5,5
34793,66,59,7,7
34794,80,81,-1,1
34795,113,103,10,10
34796,48,51,-3,3
34797,52,55,-3,3
34798,169,161,8,8
34799,100,108,-8,8
34800,71,78,-7,7
34801,103,112,-9,9
34802,127,125,2,2
34803,132,130,2,2
34804,136,132,4,4
34805,67,58,9,9
34806,127,129,-2,2
34807,142,143,-1,1
34808,114,118,-4,4
34809,71,77,-6,6
34810,77,78,-1,1
34811,86,96,-10,10
34812,166,148,18,18
34813,116,113,3,3
34814,42,50,-8,8
34815,91,82,9,9
34816,81,77,4,4
34817,109,103,6,6
34818,164,162,2,2
34819,119,121,-2,2
34820,79,70,9,9
34821,122,118,4,4
34822,67,67,0,0
34823,96,91,5,5
34824,81,77,4,4
34825,110,79,31,31
34826,142,137,5,5
34827,30,50,-20,20
34828,102,103,-1,1
34829,128,116,12,12
34830,127,136,-9,9
34831,55,89,-34,34
34832,125,151,-26,26
34833,85,86,-1,1
34834,82,80,2,2
34835,99,107,-8,8
34836,142,143,-1,1
34837,99,109,-10,10
34838,96,104,-8,8
34839,87,101,-14,14
34840,76,71,5,5
34841,95,105,-10,10
34842,61,63,-2,2
34843,58,64,-6,6
34844,88,90,-2,2
34845,87,98,-11,11
34846,89,86,3,3
34847,100,93,7,7
34848,87,91,-4,4
34849,86,84,2,2
34850,43,53,-10,10
34851,33,50,-17,17
34852,97,95,2,2
34853,130,121,9,9
34854,149,135,14,14
34855,139,124,15,15
34856,71,74,-3,3
34857,53,65,-12,12
34858,69,60,9,9
34859,114,101,13,13
34860,60,68,-8,8
34861,53,54,-1,1
34862,80,74,6,6
34863,75,62,13,13
34864,101,119,-18,18
34865,147,141,6,6
34866,100,90,10,10
34867,112,118,-6,6
34868,61,61,0,0
34869,68,66,2,2
34870,41,59,-18,18
34871,72,78,-6,6
34872,69,79,-10,10
34873,135,125,10,10
34874,112,110,2,2
34875,63,64,-1,1
34876,83,78,5,5
34877,74,72,2,2
34878,85,92,-7,7
34879,91,80,11,11
34880,150,149,1,1
34881,96,92,4,4
34882,61,79,-18,18
34883,51,71,-20,20
34884,61,62,-1,1
34885,143,156,-13,13
34886,64,66,-2,2
34887,59,56,3,3
34888,67,78,-11,11
34889,65,86,-21,21
34890,142,131,11,11
34891,66,65,1,1
34892,73,79,-6,6
34893,107,106,1,1
34894,112,99,13,13
34895,104,103,1,1
34896,46,53,-7,7
34897,83,73,10,10
34898,89,86,3,3
34899,73,64,9,9
34900,59,60,-1,1
34901,59,57,2,2
34902,112,106,6,6
34903,75,78,-3,3
34904,68,71,-3,3
34905,80,88,-8,8
34906,70,77,-7,7
34907,77,82,-5,5
34908,49,54,-5,5
34909,91,85,6,6
34910,65,58,7,7
34911,77,75,2,2
34912,130,119,11,11
34913,77,78,-1,1
34914,175,175,0,0
34915,103,112,-9,9
34916,79,79,0,0
34917,74,69,5,5
34918,98,107,-9,9
34919,111,111,0,0
34920,105,119,-14,14
34921,106,108,-2,2
34922,43,51,-8,8
34923,91,99,-8,8
34924,88,90,-2,2
34925,121,113,8,8
34926,111,104,7,7
34927,65,65,0,0
34928,63,59,4,4
34929,91,97,-6,6
34930,70,74,-4,4
34931,117,107,10,10
34932,56,63,-7,7
34933,153,153,0,0
34934,135,133,2,2
34935,66,62,4,4
34936,97,99,-2,2
34937,94,99,-5,5
34938,79,77,2,2
34939,89,84,5,5
34940,117,109,8,8
34941,50,54,-4,4
34942,172,176,-4,4
34943,71,77,-6,6
34944,94,89,5,5
34945,146,148,-2,2
34946,57,58,-1,1
34947,91,94,-3,3
34948,44,51,-7,7
34949,124,121,3,3
34950,117,101,16,16
34951,93,86,7,7
34952,100,105,-5,5
34953,167,157,10,10
34954,97,95,2,2
34955,117,110,7,7
34956,142,133,9,9
34957,62,62,0,0
34958,99,104,-5,5
34959,83,82,1,1
34960,61,68,-7,7
34961,80,87,-7,7
34962,85,78,7,7
34963,102,103,-1,1
34964,127,131,-4,4
34965,123,127,-4,4
34966,117,114,3,3
34967,102,114,-12,12
34968,100,95,5,5
34969,105,99,6,6
34970,116,100,16,16
34971,104,110,-6,6
34972,70,65,5,5
34973,71,77,-6,6
34974,59,72,-13,13
34975,86,81,5,5
34976,121,103,18,18
34977,104,96,8,8
34978,93,86,7,7
34979,78,79,-1,1
34980,124,114,10,10
34981,83,88,-5,5
34982,126,120,6,6
34983,91,91,0,0
34984,89,103,-14,14
34985,79,70,9,9
34986,110,111,-1,1
34987,80,77,3,3
34988,116,114,2,2
34989,133,119,14,14
34990,91,99,-8,8
34991,94,87,7,7
34992,160,145,15,15
34993,107,116,-9,9
34994,61,69,-8,8
34995,74,65,9,9
34996,80,81,-1,1
34997,50,56,-6,6
34998,98,101,-3,3
34999,47,54,-7,7
35000,63,81,-18,18
35001,92,100,-8,8
35002,97,94,3,3
35003,101,106,-5,5
35004,48,60,-12,12
35005,114,116,-2,2
35006,106,105,1,1
35007,98,94,4,4
35008,133,130,3,3
35009,98,84,14,14
35010,41,50,-9,9
35011,85,86,-1,1
35012,102,103,-1,1
35013,97,88,9,9
35014,49,55,-6,6
35015,50,56,-6,6
35016,86,89,-3,3
35017,96,105,-9,9
35018,110,101,9,9
35019,95,93,2,2
35020,89,79,10,10
35021,92,89,3,3
35022,109,100,9,9
35023,75,76,-1,1
35024,61,54,7,7
35025,82,92,-10,10
35026,88,92,-4,4
35027,139,134,5,5
35028,67,82,-15,15
35029,106,107,-1,1
35030,108,109,-1,1
35031,80,86,-6,6
35032,78,87,-9,9
35033,87,88,-1,1
35034,57,59,-2,2
35035,63,62,1,1
35036,105,91,14,14
35037,129,111,18,18
35038,65,60,5,5
35039,93,93,0,0
35040,50,53,-3,3
35041,30,50,-20,20
35042,81,76,5,5
35043,55,67,-12,12
35044,76,73,3,3
35045,135,124,11,11
35046,55,58,-3,3
35047,140,140,0,0
35048,92,83,9,9
35049,124,124,0,0
35050,100,100,0,0
35051,40,50,-10,10
35052,50,50,0,0
35053,85,88,-3,3
35054,87,97,-10,10
35055,136,126,10,10
35056,65,66,-1,1
35057,97,90,7,7
35058,80,75,5,5
35059,99,97,2,2
35060,69,71,-2,2
35061,97,100,-3,3
35062,65,61,4,4
35063,67,68,-1,1
35064,108,108,0,0
35065,105,109,-4,4
35066,98,90,8,8
35067,73,71,2,2
35068,87,85,2,2
35069,80,70,10,10
35070,115,118,-3,3
35071,129,114,15,15
35072,62,63,-1,1
35073,141,127,14,14
35074,165,156,9,9
35075,167,162,5,5
35076,128,113,15,15
35077,163,147,16,16
35078,49,62,-13,13
35079,73,81,-8,8
35080,117,158,-41,41
35081,182,162,20,20
35082,91,82,9,9
35083,73,79,-6,6
35084,130,132,-2,2
35085,92,92,0,0
35086,164,139,25,25
35087,100,113,-13,13
35088,106,111,-5,5
35089,155,159,-4,4
35090,84,86,-2,2
35091,115,121,-6,6
35092,74,76,-2,2
35093,62,56,6,6
35094,76,78,-2,2
35095,82,90,-8,8
35096,116,106,10,10
35097,84,83,1,1
35098,61,66,-5,5
35099,155,139,16,16
35100,87,147,-60,60
35101,118,119,-1,1
35102,126,131,-5,5
35103,123,122,1,1
35104,72,80,-8,8
35105,106,104,2,2
35106,119,111,8,8
35107,79,80,-1,1
35108,70,84,-14,14
35109,129,115,14,14
35110,93,82,11,11
35111,98,87,11,11
35112,164,169,-5,5
35113,110,114,-4,4
35114,108,107,1,1
35115,79,78,1,1
35116,140,141,-1,1
35117,81,89,-8,8
35118,84,88,-4,4
35119,64,59,5,5
35120,101,100,1,1
35121,65,68,-3,3
35122,71,80,-9,9
35123,66,78,-12,12
35124,81,82,-1,1
35125,82,94,-12,12
35126,101,108,-7,7
35127,95,99,-4,4
35128,95,97,-2,2
35129,177,175,2,2
35130,148,154,-6,6
35131,83,88,-5,5
35132,79,77,2,2
35133,87,84,3,3
35134,120,118,2,2
35135,140,160,-20,20
35136,117,115,2,2
35137,88,86,2,2
35138,79,68,11,11
35139,89,86,3,3
35140,83,74,9,9
35141,79,95,-16,16
35142,118,118,0,0
35143,79,83,-4,4
35144,95,87,8,8
35145,62,57,5,5
35146,67,70,-3,3
35147,63,64,-1,1
35148,99,85,14,14
35149,164,161,3,3
35150,71,61,10,10
35151,49,51,-2,2
35152,88,88,0,0
35153,93,81,12,12
35154,90,89,1,1
35155,96,82,14,14
35156,91,89,2,2
35157,41,50,-9,9
35158,94,94,0,0
35159,58,56,2,2
35160,87,91,-4,4
35161,100,95,5,5
35162,117,115,2,2
35163,106,103,3,3
35164,65,76,-11,11
35165,126,125,1,1
35166,92,93,-1,1
35167,78,89,-11,11
35168,98,96,2,2
35169,102,117,-15,15
35170,115,101,14,14
35171,93,86,7,7
35172,48,55,-7,7
35173,64,68,-4,4
35174,168,172,-4,4
35175,95,83,12,12
35176,125,122,3,3
35177,128,138,-10,10
35178,137,117,20,20
35179,62,54,8,8
35180,76,75,1,1
35181,66,64,2,2
35182,50,56,-6,6
35183,98,92,6,6
35184,101,107,-6,6
35185,77,78,-1,1
35186,97,98,-1,1
35187,116,107,9,9
35188,118,111,7,7
35189,157,159,-2,2
35190,48,55,-7,7
35191,86,87,-1,1
35192,79,96,-17,17
35193,93,86,7,7
35194,58,59,-1,1
35195,65,64,1,1
35196,203,182,21,21
35197,59,59,0,0
35198,103,98,5,5
35199,35,50,-15,15
35200,95,100,-5,5
35201,89,93,-4,4
35202,122,113,9,9
35203,97,93,4,4
35204,84,82,2,2
35205,146,123,23,23
35206,129,116,13,13
35207,76,84,-8,8
35208,79,74,5,5
35209,92,92,0,0
35210,82,70,12,12
35211,111,103,8,8
35212,88,82,6,6
35213,155,147,8,8
35214,75,65,10,10
35215,109,105,4,4
35216,64,59,5,5
35217,76,70,6,6
35218,114,115,-1,1
35219,84,78,6,6
35220,90,88,2,2
35221,49,53,-4,4
35222,103,105,-2,2
35223,140,133,7,7
35224,64,63,1,1
35225,171,169,2,2
35226,89,87,2,2
35227,57,61,-4,4
35228,99,74,25,25
35229,62,62,0,0
35230,191,181,10,10
35231,108,104,4,4
35232,116,112,4,4
35233,157,145,12,12
35234,98,113,-15,15
35235,167,170,-3,3
35236,89,83,6,6
35237,65,67,-2,2
35238,103,104,-1,1
35239,107,106,1,1
35240,66,61,5,5
35241,137,129,8,8
35242,68,63,5,5
35243,64,59,5,5
35244,137,127,10,10
35245,101,100,1,1
35246,120,110,10,10
35247,99,100,-1,1
35248,58,65,-7,7
35249,93,97,-4,4
35250,48,68,-20,20
35251,96,113,-17,17
35252,68,69,-1,1
35253,95,101,-6,6
35254,117,108,9,9
35255,61,67,-6,6
35256,122,120,2,2
35257,77,90,-13,13
35258,69,74,-5,5
35259,105,94,11,11
35260,126,126,0,0
35261,67,59,8,8
35262,122,120,2,2
35263,96,90,6,6
35264,188,166,22,22
35265,72,73,-1,1
35266,122,113,9,9
35267,53,63,-10,10
35268,49,60,-11,11
35269,131,119,12,12
35270,118,102,16,16
35271,68,60,8,8
35272,84,91,-7,7
35273,80,85,-5,5
35274,95,107,-12,12
35275,54,54,0,0
35276,80,84,-4,4
35277,55,58,-3,3
35278,50,51,-1,1
35279,141,136,5,5
35280,118,112,6,6
35281,64,63,1,1
35282,132,118,14,14
35283,81,76,5,5
35284,49,50,-1,1
35285,86,84,2,2
35286,107,107,0,0
35287,123,121,2,2
35288,109,99,10,10
35289,121,115,6,6
35290,89,95,-6,6
35291,57,62,-5,5
35292,123,114,9,9
35293,102,108,-6,6
35294,143,129,14,14
35295,57,58,-1,1
35296,84,79,5,5
35297,73,66,7,7
35298,124,123,1,1
35299,86,77,9,9
35300,128,125,3,3
35301,146,129,17,17
35302,92,87,5,5
35303,68,79,-11,11
35304,88,88,0,0
35305,147,147,0,0
35306,134,132,2,2
35307,91,94,-3,3
35308,137,130,7,7
35309,130,132,-2,2
35310,103,99,4,4
35311,78,89,-11,11
35312,85,79,6,6
35313,57,56,1,1
35314,159,141,18,18
35315,80,85,-5,5
35316,113,125,-12,12
35317,152,139,13,13
35318,163,147,16,16
35319,137,117,20,20
35320,116,114,2,2
35321,144,132,12,12
35322,61,65,-4,4
35323,158,147,11,11
35324,120,144,-24,24
35325,64,67,-3,3
35326,106,101,5,5
35327,60,66,-6,6
35328,87,94,-7,7
35329,72,65,7,7
35330,92,93,-1,1
35331,164,153,11,11
35332,121,125,-4,4
35333,63,65,-2,2
35334,108,106,2,2
35335,70,62,8,8
35336,66,73,-7,7
35337,81,130,-49,49
35338,84,82,2,2
35339,69,69,0,0
35340,161,161,0,0
35341,73,70,3,3
35342,62,59,3,3
35343,66,65,1,1
35344,80,88,-8,8
35345,110,127,-17,17
35346,145,129,16,16
35347,32,63,-31,31
35348,62,68,-6,6
35349,191,183,8,8
35350,84,84,0,0
35351,96,90,6,6
35352,87,77,10,10
35353,54,58,-4,4
35354,85,83,2,2
35355,118,103,15,15
35356,52,52,0,0
35357,102,85,17,17
35358,66,67,-1,1
35359,151,155,-4,4
35360,129,136,-7,7
35361,61,55,6,6
35362,102,109,-7,7
35363,88,90,-2,2
35364,61,71,-10,10
35365,77,86,-9,9
35366,79,79,0,0
35367,110,103,7,7
35368,96,93,3,3
35369,74,70,4,4
35370,120,120,0,0
35371,134,125,9,9
35372,66,68,-2,2
35373,61,58,3,3
35374,130,125,5,5
35375,60,64,-4,4
35376,66,67,-1,1
35377,115,109,6,6
35378,99,95,4,4
35379,55,52,3,3
35380,104,95,9,9
35381,104,103,1,1
35382,97,100,-3,3
35383,48,54,-6,6
35384,51,56,-5,5
35385,51,50,1,1
35386,80,79,1,1
35387,57,54,3,3
35388,77,56,21,21
35389,128,123,5,5
35390,141,139,2,2
35391,77,73,4,4
35392,132,127,5,5
35393,110,107,3,3
35394,43,50,-7,7
35395,110,114,-4,4
35396,85,76,9,9
35397,92,97,-5,5
35398,49,51,-2,2
35399,69,68,1,1
35400,64,61,3,3
35401,82,75,7,7
35402,59,67,-8,8
35403,69,65,4,4
35404,66,66,0,0
35405,92,88,4,4
35406,101,87,14,14
35407,62,69,-7,7
35408,126,115,11,11
35409,119,120,-1,1
35410,117,103,14,14
35411,162,152,10,10
35412,100,97,3,3
35413,107,116,-9,9
35414,49,59,-10,10
35415,75,77,-2,2
35416,85,80,5,5
35417,87,71,16,16
35418,58,55,3,3
35419,86,107,-21,21
35420,54,56,-2,2
35421,149,149,0,0
35422,99,93,6,6
35423,118,116,2,2
35424,88,90,-2,2
35425,128,144,-16,16
35426,121,122,-1,1
35427,62,60,2,2
35428,32,50,-18,18
35429,152,139,13,13
35430,58,56,2,2
35431,77,84,-7,7
35432,127,108,19,19
35433,109,106,3,3
35434,116,115,1,1
35435,83,81,2,2
35436,70,80,-10,10
35437,101,93,8,8
35438,70,67,3,3
35439,117,105,12,12
35440,93,98,-5,5
35441,72,76,-4,4
35442,131,132,-1,1
35443,64,67,-3,3
35444,160,153,7,7
35445,86,77,9,9
35446,84,90,-6,6
35447,56,57,-1,1
35448,94,88,6,6
35449,149,133,16,16
35450,128,117,11,11
35451,97,107,-10,10
35452,178,170,8,8
35453,102,99,3,3
35454,53,56,-3,3
35455,124,113,11,11
35456,79,85,-6,6
35457,136,151,-15,15
35458,71,78,-7,7
35459,54,52,2,2
35460,97,86,11,11
35461,72,76,-4,4
35462,169,148,21,21
35463,80,76,4,4
35464,53,58,-5,5
35465,64,57,7,7
35466,52,54,-2,2
35467,38,52,-14,14
35468,78,75,3,3
35469,160,94,66,66
35470,113,107,6,6
35471,90,93,-3,3
35472,63,60,3,3
35473,79,79,0,0
35474,56,58,-2,2
35475,241,236,5,5
35476,68,66,2,2
35477,145,146,-1,1
35478,69,64,5,5
35479,107,101,6,6
35480,79,83,-4,4
35481,123,122,1,1
35482,97,89,8,8
35483,77,74,3,3
35484,66,138,-72,72
35485,83,82,1,1
35486,82,84,-2,2
35487,78,81,-3,3
35488,89,85,4,4
35489,76,64,12,12
35490,61,64,-3,3
35491,116,111,5,5
35492,128,136,-8,8
35493,130,131,-1,1
35494,46,52,-6,6
35495,105,101,4,4
35496,150,126,24,24
35497,156,158,-2,2
35498,69,67,2,2
35499,89,86,3,3
35500,77,74,3,3
35501,123,125,-2,2
35502,97,90,7,7
35503,87,78,9,9
35504,80,78,2,2
35505,79,82,-3,3
35506,58,62,-4,4
35507,53,53,0,0
35508,105,108,-3,3
35509,74,80,-6,6
35510,101,106,-5,5
35511,56,55,1,1
35512,115,108,7,7
35513,141,150,-9,9
35514,116,110,6,6
35515,47,51,-4,4
35516,43,50,-7,7
35517,80,86,-6,6
35518,91,96,-5,5
35519,75,85,-10,10
35520,114,105,9,9
35521,79,83,-4,4
35522,106,99,7,7
35523,69,60,9,9
35524,87,73,14,14
35525,118,125,-7,7
35526,84,86,-2,2
35527,90,96,-6,6
35528,97,88,9,9
35529,57,58,-1,1
35530,132,131,1,1
35531,90,108,-18,18
35532,108,107,1,1
35533,132,120,12,12
35534,76,85,-9,9
35535,38,50,-12,12
35536,52,56,-4,4
35537,68,61,7,7
35538,141,140,1,1
35539,90,93,-3,3
35540,72,66,6,6
35541,74,68,6,6
35542,89,86,3,3
35543,72,70,2,2
35544,78,61,17,17
35545,67,64,3,3
35546,94,90,4,4
35547,65,63,2,2
35548,75,70,5,5
35549,76,83,-7,7
35550,78,70,8,8
35551,70,72,-2,2
35552,124,110,14,14
35553,123,115,8,8
35554,185,167,18,18
35555,126,109,17,17
35556,104,101,3,3
35557,79,78,1,1
35558,74,66,8,8
35559,82,83,-1,1
35560,47,52,-5,5
35561,40,50,-10,10
35562,102,101,1,1
35563,68,71,-3,3
35564,95,101,-6,6
35565,111,104,7,7
35566,74,75,-1,1
35567,63,70,-7,7
35568,118,115,3,3
35569,181,166,15,15
35570,63,63,0,0
35571,73,72,1,1
35572,76,79,-3,3
35573,80,78,2,2
35574,99,101,-2,2
35575,83,89,-6,6
35576,48,51,-3,3
35577,140,124,16,16
35578,101,107,-6,6
35579,76,89,-13,13
35580,84,95,-11,11
35581,95,85,10,10
35582,60,59,1,1
35583,78,75,3,3
35584,125,124,1,1
35585,90,92,-2,2
35586,99,97,2,2
35587,58,56,2,2
35588,128,129,-1,1
35589,67,67,0,0
35590,96,110,-14,14
35591,96,89,7,7
35592,141,135,6,6
35593,77,82,-5,5
35594,114,99,15,15
35595,86,82,4,4
35596,175,163,12,12
35597,129,125,4,4
35598,50,56,-6,6
35599,70,62,8,8
35600,224,202,22,22
35601,146,138,8,8
35602,81,78,3,3
35603,97,87,10,10
35604,118,128,-10,10
35605,77,62,15,15
35606,73,67,6,6
35607,85,85,0,0
35608,102,99,3,3
35609,130,125,5,5
35610,133,135,-2,2
35611,129,122,7,7
35612,80,77,3,3
35613,93,96,-3,3
35614,91,81,10,10
35615,41,92,-51,51
35616,82,89,-7,7
35617,67,65,2,2
35618,85,82,3,3
35619,75,80,-5,5
35620,118,119,-1,1
35621,118,98,20,20
35622,79,76,3,3
35623,63,60,3,3
35624,170,166,4,4
35625,73,76,-3,3
35626,114,88,26,26
35627,154,160,-6,6
35628,54,71,-17,17
35629,115,108,7,7
35630,49,121,-72,72
35631,99,103,-4,4
35632,80,78,2,2
35633,152,150,2,2
35634,71,70,1,1
35635,118,143,-25,25
35636,106,97,9,9
35637,106,115,-9,9
35638,173,149,24,24
35639,89,94,-5,5
35640,65,66,-1,1
35641,93,86,7,7
35642,109,106,3,3
35643,126,126,0,0
35644,143,159,-16,16
35645,127,132,-5,5
35646,114,102,12,12
35647,84,91,-7,7
35648,68,78,-10,10
35649,60,63,-3,3
35650,111,111,0,0
35651,127,135,-8,8
35652,83,75,8,8
35653,98,96,2,2
35654,83,67,16,16
35655,77,78,-1,1
35656,51,56,-5,5
35657,88,91,-3,3
35658,48,60,-12,12
35659,147,145,2,2
35660,66,76,-10,10
35661,100,93,7,7
35662,76,76,0,0
35663,59,61,-2,2
35664,116,107,9,9
35665,61,65,-4,4
35666,155,149,6,6
35667,99,105,-6,6
35668,112,108,4,4
35669,70,55,15,15
35670,79,84,-5,5
35671,96,97,-1,1
35672,90,97,-7,7
35673,104,97,7,7
35674,99,96,3,3
35675,81,87,-6,6
35676,134,146,-12,12
35677,126,125,1,1
35678,160,114,46,46
35679,75,74,1,1
35680,104,108,-4,4
35681,150,134,16,16
35682,120,118,2,2
35683,90,90,0,0
35684,120,110,10,10
35685,142,135,7,7
35686,75,70,5,5
35687,102,86,16,16
35688,162,150,12,12
35689,74,72,2,2
35690,75,74,1,1
35691,99,99,0,0
35692,130,129,1,1
35693,53,51,2,2
35694,127,131,-4,4
35695,103,93,10,10
35696,94,91,3,3
35697,76,86,-10,10
35698,83,84,-1,1
35699,195,176,19,19
35700,58,70,-12,12
35701,51,66,-15,15
35702,153,148,5,5
35703,190,177,13,13
35704,87,87,0,0
35705,96,96,0,0
35706,100,92,8,8
35707,74,74,0,0
35708,67,67,0,0
35709,124,120,4,4
35710,74,68,6,6
35711,111,97,14,14
35712,93,114,-21,21
35713,107,96,11,11
35714,70,63,7,7
35715,154,144,10,10
35716,125,112,13,13
35717,107,95,12,12
35718,69,83,-14,14
35719,101,105,-4,4
35720,95,86,9,9
35721,96,86,10,10
35722,85,82,3,3
35723,70,97,-27,27
35724,68,64,4,4
35725,61,62,-1,1
35726,155,154,1,1
35727,58,65,-7,7
35728,72,71,1,1
35729,47,52,-5,5
35730,98,100,-2,2
35731,145,134,11,11
35732,52,58,-6,6
35733,120,104,16,16
35734,78,75,3,3
35735,56,56,0,0
35736,89,94,-5,5
35737,82,84,-2,2
35738,104,107,-3,3
35739,128,138,-10,10
35740,159,133,26,26
35741,79,85,-6,6
35742,109,104,5,5
35743,120,120,0,0
35744,79,91,-12,12
35745,73,61,12,12
35746,64,56,8,8
35747,97,90,7,7
35748,135,110,25,25
35749,81,88,-7,7
35750,91,89,2,2
35751,58,55,3,3
35752,78,70,8,8
35753,77,73,4,4
35754,47,50,-3,3
35755,167,155,12,12
35756,65,85,-20,20
35757,152,145,7,7
35758,159,154,5,5
35759,89,106,-17,17
35760,205,194,11,11
35761,108,101,7,7
35762,101,93,8,8
35763,129,127,2,2
35764,123,121,2,2
35765,90,87,3,3
35766,138,130,8,8
35767,105,95,10,10
35768,93,86,7,7
35769,129,116,13,13
35770,110,96,14,14
35771,86,100,-14,14
35772,72,74,-2,2
35773,122,115,7,7
35774,37,50,-13,13
35775,173,168,5,5
35776,97,86,11,11
35777,45,50,-5,5
35778,97,85,12,12
35779,85,89,-4,4
35780,83,87,-4,4
35781,105,98,7,7
35782,138,130,8,8
35783,98,88,10,10
35784,128,119,9,9
35785,94,84,10,10
35786,131,114,17,17
35787,67,69,-2,2
35788,176,171,5,5
35789,116,113,3,3
35790,116,123,-7,7
35791,80,69,11,11
35792,84,80,4,4
35793,69,70,-1,1
35794,165,163,2,2
35795,55,66,-11,11
35796,123,123,0,0
35797,117,124,-7,7
35798,81,70,11,11
35799,86,84,2,2
35800,185,175,10,10
35801,104,104,0,0
35802,89,90,-1,1
35803,85,80,5,5
35804,156,140,16,16
35805,72,69,3,3
35806,95,78,17,17
35807,86,76,10,10
35808,72,65,7,7
35809,168,147,21,21
35810,42,50,-8,8
35811,93,95,-2,2
35812,103,90,13,13
35813,83,84,-1,1
35814,137,132,5,5
35815,117,125,-8,8
35816,77,85,-8,8
35817,79,91,-12,12
35818,121,118,3,3
35819,110,122,-12,12
35820,101,95,6,6
35821,88,101,-13,13
35822,91,90,1,1
35823,166,150,16,16
35824,63,63,0,0
35825,92,91,1,1
35826,138,124,14,14
35827,110,113,-3,3
35828,151,149,2,2
35829,121,129,-8,8
35830,73,69,4,4
35831,77,73,4,4
35832,197,195,2,2
35833,94,78,16,16
35834,67,70,-3,3
35835,147,126,21,21
35836,92,112,-20,20
35837,138,137,1,1
35838,71,82,-11,11
35839,93,88,5,5
35840,115,108,7,7
35841,90,84,6,6
35842,137,130,7,7
35843,136,138,-2,2
35844,63,62,1,1
35845,68,68,0,0
35846,105,104,1,1
35847,61,58,3,3
35848,75,77,-2,2
35849,120,119,1,1
35850,145,143,2,2
35851,106,101,5,5
35852,171,156,15,15
35853,87,91,-4,4
35854,112,98,14,14
35855,75,78,-3,3
35856,84,87,-3,3
35857,55,55,0,0
35858,57,58,-1,1
35859,71,66,5,5
35860,150,138,12,12
35861,42,59,-17,17
35862,95,94,1,1
35863,100,104,-4,4
35864,77,69,8,8
35865,134,144,-10,10
35866,100,84,16,16
35867,117,121,-4,4
35868,74,104,-30,30
35869,106,100,6,6
35870,121,112,9,9
35871,115,106,9,9
35872,137,128,9,9
35873,80,79,1,1
35874,81,87,-6,6
35875,50,56,-6,6
35876,60,66,-6,6
35877,143,125,18,18
35878,80,89,-9,9
35879,72,70,2,2
35880,74,70,4,4
35881,125,123,2,2
35882,111,99,12,12
35883,99,96,3,3
35884,72,70,2,2
35885,84,75,9,9
35886,52,52,0,0
35887,54,55,-1,1
35888,63,62,1,1
35889,101,95,6,6
35890,65,59,6,6
35891,74,79,-5,5
35892,141,140,1,1
35893,84,82,2,2
35894,156,138,18,18
35895,105,94,11,11
35896,130,120,10,10
35897,74,75,-1,1
35898,97,107,-10,10
35899,111,116,-5,5
35900,65,67,-2,2
35901,124,119,5,5
35902,80,79,1,1
35903,93,90,3,3
35904,122,117,5,5
35905,84,92,-8,8
35906,92,95,-3,3
35907,52,75,-23,23
35908,86,91,-5,5
35909,69,75,-6,6
35910,114,107,7,7
35911,68,65,3,3
35912,123,127,-4,4
35913,104,117,-13,13
35914,119,108,11,11
35915,123,102,21,21
35916,99,92,7,7
35917,117,130,-13,13
35918,94,98,-4,4
35919,126,122,4,4
35920,148,133,15,15
35921,112,105,7,7
35922,168,170,-2,2
35923,81,77,4,4
35924,100,93,7,7
35925,78,80,-2,2
35926,109,107,2,2
35927,120,111,9,9
35928,119,125,-6,6
35929,83,104,-21,21
35930,138,132,6,6
35931,63,68,-5,5
35932,63,55,8,8
35933,88,80,8,8
35934,50,53,-3,3
35935,171,159,12,12
35936,111,97,14,14
35937,154,158,-4,4
35938,131,115,16,16
35939,110,104,6,6
35940,74,75,-1,1
35941,116,119,-3,3
35942,112,111,1,1
35943,89,88,1,1
35944,109,114,-5,5
35945,68,70,-2,2
35946,77,77,0,0
35947,69,68,1,1
35948,54,62,-8,8
35949,74,72,2,2
35950,140,138,2,2
35951,92,81,11,11
35952,47,53,-6,6
35953,49,55,-6,6
35954,72,72,0,0
35955,79,84,-5,5
35956,45,54,-9,9
35957,53,59,-6,6
35958,114,118,-4,4
35959,64,69,-5,5
35960,63,59,4,4
35961,113,102,11,11
35962,103,95,8,8
35963,109,104,5,5
35964,94,91,3,3
35965,65,62,3,3
35966,94,85,9,9
35967,142,141,1,1
35968,38,50,-12,12
35969,91,101,-10,10
35970,86,82,4,4
35971,150,141,9,9
35972,66,66,0,0
35973,68,64,4,4
35974,62,58,4,4
35975,53,52,1,1
35976,53,55,-2,2
35977,117,112,5,5
35978,89,94,-5,5
35979,96,83,13,13
35980,109,109,0,0
35981,100,98,2,2
35982,132,119,13,13
35983,125,128,-3,3
35984,47,56,-9,9
35985,76,89,-13,13
35986,80,81,-1,1
35987,108,128,-20,20
35988,72,74,-2,2
35989,79,75,4,4
35990,103,100,3,3
35991,93,93,0,0
35992,90,81,9,9
35993,76,74,2,2
35994,88,83,5,5
35995,70,73,-3,3
35996,162,138,24,24
35997,86,79,7,7
35998,62,60,2,2
35999,78,77,1,1
36000,51,55,-4,4
36001,131,107,24,24
36002,81,78,3,3
36003,100,102,-2,2
36004,107,106,1,1
36005,71,72,-1,1
36006,99,96,3,3
36007,128,120,8,8
36008,102,102,0,0
36009,111,119,-8,8
36010,114,116,-2,2
36011,145,136,9,9
36012,123,111,12,12
36013,64,66,-2,2
36014,138,132,6,6
36015,120,125,-5,5
36016,96,96,0,0
36017,143,142,1,1
36018,79,78,1,1
36019,139,142,-3,3
36020,124,115,9,9
36021,76,82,-6,6
36022,67,69,-2,2
36023,65,72,-7,7
36024,62,59,3,3
36025,184,176,8,8
36026,102,98,4,4
36027,60,63,-3,3
36028,79,88,-9,9
36029,63,62,1,1
36030,70,57,13,13
36031,91,99,-8,8
36032,68,73,-5,5
36033,86,92,-6,6
36034,97,107,-10,10
36035,78,87,-9,9
36036,110,91,19,19
36037,94,84,10,10
36038,68,81,-13,13
36039,150,143,7,7
36040,81,74,7,7
36041,58,60,-2,2
36042,48,52,-4,4
36043,76,73,3,3
36044,102,97,5,5
36045,74,75,-1,1
36046,60,61,-1,1
36047,75,84,-9,9
36048,92,86,6,6
36049,62,61,1,1
36050,91,93,-2,2
36051,93,90,3,3
36052,146,145,1,1
36053,94,88,6,6
36054,88,91,-3,3
36055,124,122,2,2
36056,92,95,-3,3
36057,87,113,-26,26
36058,113,120,-7,7
36059,99,94,5,5
36060,90,88,2,2
36061,95,87,8,8
36062,61,59,2,2
36063,139,126,13,13
36064,106,118,-12,12
36065,42,50,-8,8
36066,95,96,-1,1
36067,121,129,-8,8
36068,130,141,-11,11
36069,121,122,-1,1
36070,74,70,4,4
36071,84,84,0,0
36072,70,70,0,0
36073,73,77,-4,4
36074,116,106,10,10
36075,120,115,5,5
36076,151,140,11,11
36077,80,81,-1,1
36078,90,93,-3,3
36079,68,72,-4,4
36080,102,100,2,2
36081,180,175,5,5
36082,44,78,-34,34
36083,170,162,8,8
36084,99,88,11,11
36085,130,123,7,7
36086,78,106,-28,28
36087,107,102,5,5
36088,93,100,-7,7
36089,146,140,6,6
36090,97,87,10,10
36091,107,99,8,8
36092,116,111,5,5
36093,81,93,-12,12
36094,84,78,6,6
36095,88,99,-11,11
36096,77,68,9,9
36097,65,65,0,0
36098,158,143,15,15
36099,76,81,-5,5
36100,56,55,1,1
36101,119,120,-1,1
36102,82,78,4,4
36103,52,57,-5,5
36104,44,54,-10,10
36105,122,111,11,11
36106,92,95,-3,3
36107,87,85,2,2
36108,152,154,-2,2
36109,97,96,1,1
36110,127,116,11,11
36111,61,63,-2,2
36112,58,64,-6,6
36113,94,94,0,0
36114,123,119,4,4
36115,141,120,21,21
36116,61,69,-8,8
36117,151,169,-18,18
36118,117,115,2,2
36119,88,89,-1,1
36120,71,64,7,7
36121,131,131,0,0
36122,98,87,11,11
36123,54,61,-7,7
36124,133,125,8,8
36125,68,61,7,7
36126,49,57,-8,8
36127,106,104,2,2
36128,144,133,11,11
36129,105,104,1,1
36130,59,54,5,5
36131,65,67,-2,2
36132,136,127,9,9
36133,58,56,2,2
36134,49,56,-7,7
36135,47,51,-4,4
36136,87,85,2,2
36137,81,90,-9,9
36138,110,101,9,9
36139,119,116,3,3
36140,114,109,5,5
36141,77,68,9,9
36142,114,111,3,3
36143,112,110,2,2
36144,86,108,-22,22
36145,91,88,3,3
36146,136,121,15,15
36147,52,56,-4,4
36148,85,89,-4,4
36149,97,94,3,3
36150,151,141,10,10
36151,118,106,12,12
36152,156,135,21,21
36153,61,57,4,4
36154,107,103,4,4
36155,173,168,5,5
36156,86,91,-5,5
36157,74,81,-7,7
36158,90,83,7,7
36159,61,64,-3,3
36160,112,115,-3,3
36161,114,102,12,12
36162,86,92,-6,6
36163,115,117,-2,2
36164,128,129,-1,1
36165,62,64,-2,2
36166,81,85,-4,4
36167,102,103,-1,1
36168,104,106,-2,2
36169,70,80,-10,10
36170,85,81,4,4
36171,59,61,-2,2
36172,112,102,10,10
36173,141,148,-7,7
36174,103,120,-17,17
36175,89,89,0,0
36176,83,79,4,4
36177,54,52,2,2
36178,70,76,-6,6
36179,75,80,-5,5
36180,124,119,5,5
36181,64,63,1,1
36182,137,126,11,11
36183,112,123,-11,11
36184,60,71,-11,11
36185,103,110,-7,7
36186,76,72,4,4
36187,100,86,14,14
36188,68,70,-2,2
36189,72,80,-8,8
36190,52,55,-3,3
36191,91,90,1,1
36192,57,56,1,1
36193,71,57,14,14
36194,99,101,-2,2
36195,117,132,-15,15
36196,179,168,11,11
36197,109,106,3,3
36198,33,82,-49,49
36199,101,101,0,0
36200,105,96,9,9
36201,88,86,2,2
36202,152,162,-10,10
36203,88,79,9,9
36204,140,128,12,12
36205,123,108,15,15
36206,129,123,6,6
36207,57,58,-1,1
36208,53,53,0,0
36209,65,66,-1,1
36210,72,70,2,2
36211,127,142,-15,15
36212,62,67,-5,5
36213,47,52,-5,5
36214,101,95,6,6
36215,58,51,7,7
36216,90,95,-5,5
36217,71,70,1,1
36218,148,135,13,13
36219,131,122,9,9
36220,173,174,-1,1
36221,140,128,12,12
36222,88,88,0,0
36223,105,112,-7,7
36224,129,117,12,12
36225,105,96,9,9
36226,113,124,-11,11
36227,83,92,-9,9
36228,58,58,0,0
36229,59,59,0,0
36230,110,90,20,20
36231,106,108,-2,2
36232,95,97,-2,2
36233,101,83,18,18
36234,56,61,-5,5
36235,134,138,-4,4
36236,118,113,5,5
36237,114,102,12,12
36238,70,72,-2,2
36239,68,70,-2,2
36240,66,76,-10,10
36241,92,88,4,4
36242,113,113,0,0
36243,108,104,4,4
36244,91,98,-7,7
36245,146,148,-2,2
36246,114,110,4,4
36247,103,108,-5,5
36248,108,140,-32,32
36249,60,59,1,1
36250,62,63,-1,1
36251,102,99,3,3
36252,110,114,-4,4
36253,194,166,28,28
36254,53,56,-3,3
36255,102,99,3,3
36256,175,155,20,20
36257,66,60,6,6
36258,108,104,4,4
36259,112,106,6,6
36260,154,140,14,14
36261,121,124,-3,3
36262,66,59,7,7
36263,84,80,4,4
36264,72,71,1,1
36265,97,89,8,8
36266,125,120,5,5
36267,53,55,-2,2
36268,56,57,-1,1
36269,139,138,1,1
36270,76,84,-8,8
36271,98,93,5,5
36272,64,65,-1,1
36273,102,96,6,6
36274,63,67,-4,4
36275,125,122,3,3
36276,133,113,20,20
36277,61,60,1,1
36278,57,57,0,0
36279,87,84,3,3
36280,65,71,-6,6
36281,45,54,-9,9
36282,105,109,-4,4
36283,123,113,10,10
36284,96,84,12,12
36285,146,150,-4,4
36286,65,66,-1,1
36287,93,85,8,8
36288,67,67,0,0
36289,112,90,22,22
36290,128,117,11,11
36291,78,79,-1,1
36292,73,73,0,0
36293,89,86,3,3
36294,62,58,4,4
36295,127,131,-4,4
36296,126,114,12,12
36297,80,73,7,7
36298,84,89,-5,5
36299,85,102,-17,17
36300,65,64,1,1
36301,63,66,-3,3
36302,42,51,-9,9
36303,84,83,1,1
36304,73,70,3,3
36305,50,51,-1,1
36306,107,127,-20,20
36307,108,104,4,4
36308,65,68,-3,3
36309,150,124,26,26
36310,101,99,2,2
36311,51,50,1,1
36312,74,71,3,3
36313,79,76,3,3
36314,117,106,11,11
36315,71,82,-11,11
36316,70,73,-3,3
36317,75,71,4,4
36318,38,51,-13,13
36319,104,107,-3,3
36320,97,94,3,3
36321,117,111,6,6
36322,78,76,2,2
36323,58,69,-11,11
36324,133,132,1,1
36325,51,53,-2,2
36326,117,118,-1,1
36327,82,74,8,8
36328,155,147,8,8
36329,102,108,-6,6
36330,137,133,4,4
36331,85,81,4,4
36332,132,132,0,0
36333,35,50,-15,15
36334,72,76,-4,4
36335,119,124,-5,5
36336,90,83,7,7
36337,69,69,0,0
36338,76,79,-3,3
36339,85,87,-2,2
36340,114,102,12,12
36341,84,104,-20,20
36342,78,80,-2,2
36343,55,61,-6,6
36344,102,102,0,0
36345,163,144,19,19
36346,69,71,-2,2
36347,126,121,5,5
36348,43,50,-7,7
36349,61,55,6,6
36350,54,58,-4,4
36351,109,103,6,6
36352,102,118,-16,16
36353,80,82,-2,2
36354,206,183,23,23
36355,51,54,-3,3
36356,89,75,14,14
36357,72,81,-9,9
36358,127,124,3,3
36359,76,83,-7,7
36360,107,106,1,1
36361,71,66,5,5
36362,66,61,5,5
36363,76,72,4,4
36364,184,166,18,18
36365,129,128,1,1
36366,55,56,-1,1
36367,110,111,-1,1
36368,75,80,-5,5
36369,61,66,-5,5
36370,136,126,10,10
36371,103,90,13,13
36372,115,120,-5,5
36373,55,59,-4,4
36374,113,105,8,8
36375,89,79,10,10
36376,121,107,14,14
36377,80,92,-12,12
36378,141,134,7,7
36379,150,166,-16,16
36380,90,85,5,5
36381,73,78,-5,5
36382,137,156,-19,19
36383,107,97,10,10
36384,86,84,2,2
36385,112,114,-2,2
36386,46,56,-10,10
36387,72,77,-5,5
36388,99,101,-2,2
36389,63,61,2,2
36390,126,104,22,22
36391,64,60,4,4
36392,90,102,-12,12
36393,59,62,-3,3
36394,66,58,8,8
36395,114,95,19,19
36396,102,93,9,9
36397,77,76,1,1
36398,90,73,17,17
36399,68,67,1,1
36400,78,69,9,9
36401,71,71,0,0
36402,49,55,-6,6
36403,83,83,0,0
36404,112,124,-12,12
36405,102,108,-6,6
36406,134,111,23,23
36407,57,57,0,0
36408,71,73,-2,2
36409,163,160,3,3
36410,130,118,12,12
36411,123,137,-14,14
36412,117,118,-1,1
36413,78,74,4,4
36414,39,50,-11,11
36415,49,53,-4,4
36416,57,56,1,1
36417,51,58,-7,7
36418,123,108,15,15
36419,92,93,-1,1
36420,93,95,-2,2
36421,77,75,2,2
36422,197,158,39,39
36423,112,112,0,0
36424,63,68,-5,5
36425,83,88,-5,5
36426,68,86,-18,18
36427,105,100,5,5
36428,62,70,-8,8
36429,71,65,6,6
36430,91,89,2,2
36431,85,82,3,3
36432,197,196,1,1
36433,124,116,8,8
36434,119,116,3,3
36435,130,135,-5,5
36436,81,77,4,4
36437,92,92,0,0
36438,71,68,3,3
36439,67,61,6,6
36440,99,92,7,7
36441,94,96,-2,2
36442,114,122,-8,8
36443,167,151,16,16
36444,120,111,9,9
36445,125,107,18,18
36446,70,63,7,7
36447,114,104,10,10
36448,95,93,2,2
36449,46,55,-9,9
36450,101,108,-7,7
36451,61,58,3,3
36452,90,100,-10,10
36453,67,134,-67,67
36454,157,144,13,13
36455,79,73,6,6
36456,105,102,3,3
36457,112,101,11,11
36458,89,92,-3,3
36459,105,104,1,1
36460,124,110,14,14
36461,65,62,3,3
36462,73,69,4,4
36463,66,68,-2,2
36464,61,65,-4,4
36465,125,137,-12,12
36466,122,129,-7,7
36467,76,72,4,4
36468,90,96,-6,6
36469,176,154,22,22
36470,62,64,-2,2
36471,139,133,6,6
36472,43,50,-7,7
36473,67,69,-2,2
36474,50,54,-4,4
36475,66,63,3,3
36476,59,63,-4,4
36477,81,70,11,11
36478,83,72,11,11
36479,92,89,3,3
36480,76,84,-8,8
36481,62,57,5,5
36482,64,76,-12,12
36483,92,99,-7,7
36484,123,119,4,4
36485,84,71,13,13
36486,88,90,-2,2
36487,58,61,-3,3
36488,87,86,1,1
36489,73,73,0,0
36490,44,56,-12,12
36491,123,118,5,5
36492,76,71,5,5
36493,82,88,-6,6
36494,84,81,3,3
36495,69,69,0,0
36496,80,83,-3,3
36497,104,102,2,2
36498,81,79,2,2
36499,79,83,-4,4
36500,90,105,-15,15
36501,105,101,4,4
36502,140,135,5,5
36503,85,87,-2,2
36504,96,91,5,5
36505,102,99,3,3
36506,81,78,3,3
36507,117,110,7,7
36508,68,65,3,3
36509,79,82,-3,3
36510,143,134,9,9
36511,66,56,10,10
36512,52,54,-2,2
36513,109,98,11,11
36514,40,52,-12,12
36515,140,129,11,11
36516,115,109,6,6
36517,74,87,-13,13
36518,61,66,-5,5
36519,66,69,-3,3
36520,92,76,16,16
36521,48,72,-24,24
36522,116,114,2,2
36523,141,133,8,8
36524,113,106,7,7
36525,89,83,6,6
36526,139,125,14,14
36527,134,131,3,3
36528,152,148,4,4
36529,88,87,1,1
36530,93,92,1,1
36531,161,148,13,13
36532,90,94,-4,4
36533,68,62,6,6
36534,148,133,15,15
36535,82,79,3,3
36536,96,91,5,5
36537,171,171,0,0
36538,96,108,-12,12
36539,66,70,-4,4
36540,113,105,8,8
36541,78,78,0,0
36542,82,79,3,3
36543,61,59,2,2
36544,82,79,3,3
36545,99,109,-10,10
36546,225,183,42,42
36547,81,76,5,5
36548,62,62,0,0
36549,66,66,0,0
36550,44,68,-24,24
36551,74,89,-15,15
36552,83,82,1,1
36553,109,106,3,3
36554,51,57,-6,6
36555,121,114,7,7
36556,83,71,12,12
36557,81,91,-10,10
36558,53,58,-5,5
36559,73,81,-8,8
36560,109,99,10,10
36561,151,152,-1,1
36562,115,112,3,3
36563,122,114,8,8
36564,116,115,1,1
36565,107,103,4,4
36566,109,99,10,10
36567,72,68,4,4
36568,43,59,-16,16
36569,78,72,6,6
36570,127,113,14,14
36571,50,55,-5,5
36572,96,93,3,3
36573,53,57,-4,4
36574,37,50,-13,13
36575,94,85,9,9
36576,56,60,-4,4
36577,27,50,-23,23
36578,38,52,-14,14
36579,109,112,-3,3
36580,109,106,3,3
36581,70,74,-4,4
36582,60,63,-3,3
36583,82,92,-10,10
36584,67,65,2,2
36585,67,69,-2,2
36586,78,75,3,3
36587,62,72,-10,10
36588,49,55,-6,6
36589,109,98,11,11
36590,88,93,-5,5
36591,81,93,-12,12
36592,82,90,-8,8
36593,90,86,4,4
36594,79,82,-3,3
36595,97,88,9,9
36596,75,81,-6,6
36597,104,98,6,6
36598,84,90,-6,6
36599,146,143,3,3
36600,62,58,4,4
36601,104,110,-6,6
36602,106,103,3,3
36603,92,93,-1,1
36604,92,89,3,3
36605,92,95,-3,3
36606,71,67,4,4
36607,91,94,-3,3
36608,87,83,4,4
36609,79,92,-13,13
36610,86,99,-13,13
36611,128,111,17,17
36612,186,177,9,9
36613,138,128,10,10
36614,89,81,8,8
36615,168,159,9,9
36616,46,52,-6,6
36617,93,92,1,1
36618,72,75,-3,3
36619,110,102,8,8
36620,99,88,11,11
36621,51,51,0,0
36622,93,97,-4,4
36623,99,96,3,3
36624,126,120,6,6
36625,64,66,-2,2
36626,209,196,13,13
36627,102,98,4,4
36628,98,101,-3,3
36629,79,70,9,9
36630,85,91,-6,6
36631,64,65,-1,1
36632,83,78,5,5
36633,121,101,20,20
36634,111,105,6,6
36635,72,70,2,2
36636,97,96,1,1
36637,96,88,8,8
36638,64,64,0,0
36639,128,120,8,8
36640,34,50,-16,16
36641,124,98,26,26
36642,84,78,6,6
36643,132,125,7,7
36644,55,57,-2,2
36645,118,115,3,3
36646,47,51,-4,4
36647,74,73,1,1
36648,75,70,5,5
36649,93,92,1,1
36650,171,147,24,24
36651,81,82,-1,1
36652,62,65,-3,3
36653,81,77,4,4
36654,83,71,12,12
36655,65,63,2,2
36656,61,63,-2,2
36657,83,87,-4,4
36658,102,99,3,3
36659,78,76,2,2
36660,85,81,4,4
36661,122,115,7,7
36662,60,59,1,1
36663,151,153,-2,2
36664,72,77,-5,5
36665,93,94,-1,1
36666,99,95,4,4
36667,95,101,-6,6
36668,105,101,4,4
36669,83,68,15,15
36670,128,132,-4,4
36671,76,104,-28,28
36672,114,103,11,11
36673,125,128,-3,3
36674,88,86,2,2
36675,117,125,-8,8
36676,54,54,0,0
36677,102,102,0,0
36678,60,53,7,7
36679,47,70,-23,23
36680,76,69,7,7
36681,53,54,-1,1
36682,83,90,-7,7
36683,148,153,-5,5
36684,101,93,8,8
36685,126,119,7,7
36686,124,192,-68,68
36687,114,112,2,2
36688,74,80,-6,6
36689,83,93,-10,10
36690,109,102,7,7
36691,89,98,-9,9
36692,76,77,-1,1
36693,53,58,-5,5
36694,78,78,0,0
36695,60,59,1,1
36696,136,128,8,8
36697,42,55,-13,13
36698,126,115,11,11
36699,99,106,-7,7
36700,96,102,-6,6
36701,45,53,-8,8
36702,77,73,4,4
36703,167,148,19,19
36704,102,129,-27,27
36705,92,97,-5,5
36706,61,60,1,1
36707,138,129,9,9
36708,117,128,-11,11
36709,127,119,8,8
36710,92,75,17,17
36711,83,85,-2,2
36712,69,68,1,1
36713,189,172,17,17
36714,89,77,12,12
36715,154,146,8,8
36716,78,79,-1,1
36717,92,91,1,1
36718,151,153,-2,2
36719,138,143,-5,5
36720,73,69,4,4
36721,152,149,3,3
36722,122,119,3,3
36723,71,65,6,6
36724,118,116,2,2
36725,93,79,14,14
36726,104,99,5,5
36727,85,80,5,5
36728,91,86,5,5
36729,50,52,-2,2
36730,102,88,14,14
36731,120,116,4,4
36732,111,106,5,5
36733,71,76,-5,5
36734,57,53,4,4
36735,161,117,44,44
36736,53,53,0,0
36737,122,134,-12,12
36738,125,126,-1,1
36739,83,81,2,2
36740,74,80,-6,6
36741,78,77,1,1
36742,51,53,-2,2
36743,167,137,30,30
36744,78,80,-2,2
36745,207,190,17,17
36746,120,118,2,2
36747,142,146,-4,4
36748,71,80,-9,9
36749,144,122,22,22
36750,55,53,2,2
36751,75,65,10,10
36752,113,118,-5,5
36753,100,106,-6,6
36754,56,63,-7,7
36755,137,126,11,11
36756,92,92,0,0
36757,142,132,10,10
36758,114,113,1,1
36759,47,52,-5,5
36760,61,58,3,3
36761,130,118,12,12
36762,68,73,-5,5
36763,72,83,-11,11
36764,39,50,-11,11
36765,116,123,-7,7
36766,135,124,11,11
36767,121,117,4,4
36768,126,119,7,7
36769,115,128,-13,13
36770,92,87,5,5
36771,137,121,16,16
36772,67,66,1,1
36773,58,53,5,5
36774,74,76,-2,2
36775,66,56,10,10
36776,70,61,9,9
36777,89,108,-19,19
36778,85,92,-7,7
36779,77,76,1,1
36780,54,56,-2,2
36781,103,108,-5,5
36782,45,53,-8,8
36783,35,63,-28,28
36784,84,111,-27,27
36785,61,70,-9,9
36786,114,107,7,7
36787,47,52,-5,5
36788,86,84,2,2
36789,92,99,-7,7
36790,61,59,2,2
36791,96,95,1,1
36792,48,51,-3,3
36793,115,124,-9,9
36794,209,186,23,23
36795,89,87,2,2
36796,63,56,7,7
36797,68,66,2,2
36798,88,93,-5,5
36799,63,70,-7,7
36800,121,130,-9,9
36801,146,157,-11,11
36802,64,60,4,4
36803,75,72,3,3
36804,118,123,-5,5
36805,121,123,-2,2
36806,87,83,4,4
36807,80,81,-1,1
36808,80,85,-5,5
36809,107,95,12,12
36810,137,133,4,4
36811,96,87,9,9
36812,74,70,4,4
36813,90,79,11,11
36814,70,63,7,7
36815,45,51,-6,6
36816,63,57,6,6
36817,122,113,9,9
36818,80,78,2,2
36819,91,94,-3,3
36820,241,220,21,21
36821,49,53,-4,4
36822,115,123,-8,8
36823,136,99,37,37
36824,87,75,12,12
36825,90,105,-15,15
36826,86,82,4,4
36827,126,121,5,5
36828,63,79,-16,16
36829,68,64,4,4
36830,83,74,9,9
36831,101,97,4,4
36832,82,109,-27,27
36833,105,113,-8,8
36834,141,140,1,1
36835,67,69,-2,2
36836,29,50,-21,21
36837,96,98,-2,2
36838,69,62,7,7
36839,62,65,-3,3
36840,68,72,-4,4
36841,96,85,11,11
36842,122,127,-5,5
36843,109,115,-6,6
36844,83,79,4,4
36845,127,120,7,7
36846,115,128,-13,13
36847,95,91,4,4
36848,64,59,5,5
36849,80,84,-4,4
36850,285,277,8,8
36851,88,87,1,1
36852,154,119,35,35
36853,163,153,10,10
36854,68,113,-45,45
36855,72,77,-5,5
36856,184,179,5,5
36857,87,81,6,6
36858,58,58,0,0
36859,110,116,-6,6
36860,62,70,-8,8
36861,53,51,2,2
36862,158,158,0,0
36863,87,105,-18,18
36864,70,78,-8,8
36865,72,73,-1,1
36866,141,123,18,18
36867,94,89,5,5
36868,48,58,-10,10
36869,56,56,0,0
36870,169,155,14,14
36871,81,102,-21,21
36872,71,67,4,4
36873,97,88,9,9
36874,73,72,1,1
36875,90,94,-4,4
36876,122,117,5,5
36877,68,59,9,9
36878,128,115,13,13
36879,68,67,1,1
36880,128,129,-1,1
36881,80,77,3,3
36882,76,67,9,9
36883,131,137,-6,6
36884,96,97,-1,1
36885,118,125,-7,7
36886,112,103,9,9
36887,174,160,14,14
36888,44,50,-6,6
36889,92,94,-2,2
36890,66,67,-1,1
36891,90,92,-2,2
36892,144,136,8,8
36893,110,101,9,9
36894,164,145,19,19
36895,85,80,5,5
36896,87,101,-14,14
36897,126,144,-18,18
36898,70,69,1,1
36899,111,107,4,4
36900,56,55,1,1
36901,50,54,-4,4
36902,93,96,-3,3
36903,66,68,-2,2
36904,77,74,3,3
36905,59,59,0,0
36906,95,100,-5,5
36907,79,75,4,4
36908,84,81,3,3
36909,81,77,4,4
36910,118,105,13,13
36911,62,60,2,2
36912,113,115,-2,2
36913,89,80,9,9
36914,109,98,11,11
36915,157,145,12,12
36916,144,163,-19,19
36917,113,102,11,11
36918,136,124,12,12
36919,55,55,0,0
36920,100,126,-26,26
36921,127,114,13,13
36922,137,136,1,1
36923,77,73,4,4
36924,75,73,2,2
36925,96,99,-3,3
36926,183,170,13,13
36927,100,94,6,6
36928,66,58,8,8
36929,87,88,-1,1
36930,76,75,1,1
36931,79,98,-19,19
36932,84,81,3,3
36933,101,97,4,4
36934,110,110,0,0
36935,97,96,1,1
36936,55,58,-3,3
36937,94,85,9,9
36938,65,64,1,1
36939,78,76,2,2
36940,69,61,8,8
36941,171,165,6,6
36942,78,77,1,1
36943,58,60,-2,2
36944,79,78,1,1
36945,90,79,11,11
36946,43,50,-7,7
36947,80,93,-13,13
36948,121,126,-5,5
36949,186,165,21,21
36950,87,86,1,1
36951,25,50,-25,25
36952,77,83,-6,6
36953,111,111,0,0
36954,60,58,2,2
36955,70,74,-4,4
36956,145,131,14,14
36957,83,84,-1,1
36958,87,74,13,13
36959,79,73,6,6
36960,110,108,2,2
36961,70,65,5,5
36962,157,150,7,7
36963,95,93,2,2
36964,62,65,-3,3
36965,83,80,3,3
36966,64,64,0,0
36967,240,223,17,17
36968,77,79,-2,2
36969,171,154,17,17
36970,111,110,1,1
36971,98,89,9,9
36972,60,60,0,0
36973,94,93,1,1
36974,117,114,3,3
36975,113,114,-1,1
36976,149,160,-11,11
36977,84,83,1,1
36978,50,55,-5,5
36979,109,121,-12,12
36980,77,88,-11,11
36981,125,123,2,2
36982,74,84,-10,10
36983,80,79,1,1
36984,70,74,-4,4
36985,79,81,-2,2
36986,125,108,17,17
36987,102,86,16,16
36988,72,70,2,2
36989,99,104,-5,5
36990,73,82,-9,9
36991,104,92,12,12
36992,99,94,5,5
36993,97,89,8,8
36994,135,133,2,2
36995,80,83,-3,3
36996,146,143,3,3
36997,59,65,-6,6
36998,95,96,-1,1
36999,159,141,18,18
37000,73,64,9,9
37001,94,92,2,2
37002,159,132,27,27
37003,178,164,14,14
37004,58,56,2,2
37005,88,82,6,6
37006,88,94,-6,6
37007,81,90,-9,9
37008,79,70,9,9
37009,54,54,0,0
37010,88,80,8,8
37011,75,69,6,6
37012,101,89,12,12
37013,89,79,10,10
37014,51,58,-7,7
37015,121,117,4,4
37016,110,114,-4,4
37017,99,88,11,11
37018,63,68,-5,5
37019,113,114,-1,1
37020,137,138,-1,1
37021,114,123,-9,9
37022,87,84,3,3
37023,176,149,27,27
37024,136,131,5,5
37025,104,98,6,6
37026,131,97,34,34
37027,100,116,-16,16
37028,110,117,-7,7
37029,54,55,-1,1
37030,99,102,-3,3
37031,55,60,-5,5
37032,141,125,16,16
37033,142,136,6,6
37034,125,111,14,14
37035,114,123,-9,9
37036,121,119,2,2
37037,138,126,12,12
37038,66,75,-9,9
37039,108,103,5,5
37040,137,128,9,9
37041,57,55,2,2
37042,97,99,-2,2
37043,114,102,12,12
37044,124,150,-26,26
37045,66,69,-3,3
37046,51,54,-3,3
37047,162,145,17,17
37048,161,155,6,6
37049,116,109,7,7
37050,111,112,-1,1
37051,143,144,-1,1
37052,41,52,-11,11
37053,97,85,12,12
37054,49,54,-5,5
37055,156,145,11,11
37056,48,52,-4,4
37057,82,77,5,5
37058,58,57,1,1
37059,81,75,6,6
37060,81,79,2,2
37061,68,66,2,2
37062,120,121,-1,1
37063,28,50,-22,22
37064,84,98,-14,14
37065,96,99,-3,3
37066,79,79,0,0
37067,446,420,26,26
37068,132,131,1,1
37069,131,125,6,6
37070,60,67,-7,7
37071,78,70,8,8
37072,113,110,3,3
37073,67,64,3,3
37074,83,81,2,2
37075,77,67,10,10
37076,82,81,1,1
37077,60,61,-1,1
37078,112,109,3,3
37079,124,117,7,7
37080,150,130,20,20
37081,87,83,4,4
37082,129,118,11,11
37083,151,145,6,6
37084,36,50,-14,14
37085,100,101,-1,1
37086,57,103,-46,46
37087,108,114,-6,6
37088,78,85,-7,7
37089,72,62,10,10
37090,69,84,-15,15
37091,108,111,-3,3
37092,87,83,4,4
37093,51,61,-10,10
37094,48,52,-4,4
37095,98,109,-11,11
37096,31,63,-32,32
37097,140,118,22,22
37098,74,69,5,5
37099,95,101,-6,6
37100,87,84,3,3
37101,120,122,-2,2
37102,83,75,8,8
37103,81,97,-16,16
37104,75,79,-4,4
37105,87,90,-3,3
37106,145,143,2,2
37107,98,93,5,5
37108,52,50,2,2
37109,83,81,2,2
37110,55,70,-15,15
37111,110,117,-7,7
37112,125,133,-8,8
37113,87,76,11,11
37114,101,100,1,1
37115,81,70,11,11
37116,143,135,8,8
37117,218,194,24,24
37118,79,74,5,5
37119,97,88,9,9
37120,58,58,0,0
37121,116,119,-3,3
37122,76,70,6,6
37123,94,91,3,3
37124,79,91,-12,12
37125,60,59,1,1
37126,103,109,-6,6
37127,51,52,-1,1
37128,113,104,9,9
37129,83,99,-16,16
37130,121,119,2,2
37131,87,72,15,15
37132,152,147,5,5
37133,97,92,5,5
37134,169,167,2,2
37135,73,86,-13,13
37136,141,144,-3,3
37137,88,74,14,14
37138,75,166,-91,91
37139,78,77,1,1
37140,114,107,7,7
37141,95,81,14,14
37142,100,106,-6,6
37143,94,97,-3,3
37144,62,65,-3,3
37145,75,101,-26,26
37146,91,95,-4,4
37147,155,134,21,21
37148,82,77,5,5
37149,120,117,3,3
37150,154,140,14,14
37151,45,50,-5,5
37152,69,69,0,0
37153,70,75,-5,5
37154,129,130,-1,1
37155,83,74,9,9
37156,102,95,7,7
37157,34,50,-16,16
37158,84,80,4,4
37159,93,88,5,5
37160,173,156,17,17
37161,81,84,-3,3
37162,112,123,-11,11
37163,141,133,8,8
37164,117,111,6,6
37165,87,94,-7,7
37166,89,105,-16,16
37167,138,143,-5,5
37168,77,82,-5,5
37169,71,72,-1,1
37170,108,112,-4,4
37171,84,79,5,5
37172,90,99,-9,9
37173,156,144,12,12
37174,90,94,-4,4
37175,91,92,-1,1
37176,64,62,2,2
37177,66,65,1,1
37178,59,54,5,5
37179,124,112,12,12
37180,49,52,-3,3
37181,108,110,-2,2
37182,83,83,0,0
37183,115,102,13,13
37184,59,59,0,0
37185,51,65,-14,14
37186,90,84,6,6
37187,77,91,-14,14
37188,59,55,4,4
37189,100,97,3,3
37190,138,127,11,11
37191,237,221,16,16
37192,71,72,-1,1
37193,51,52,-1,1
37194,160,163,-3,3
37195,162,128,34,34
37196,121,117,4,4
37197,122,111,11,11
37198,64,58,6,6
37199,78,75,3,3
37200,107,134,-27,27
37201,102,107,-5,5
37202,74,81,-7,7
37203,90,98,-8,8
37204,65,58,7,7
37205,85,90,-5,5
37206,88,92,-4,4
37207,95,99,-4,4
37208,92,92,0,0
37209,148,125,23,23
37210,89,84,5,5
37211,63,64,-1,1
37212,98,88,10,10
37213,74,73,1,1
37214,69,68,1,1
37215,58,60,-2,2
37216,148,134,14,14
37217,75,78,-3,3
37218,128,126,2,2
37219,63,73,-10,10
37220,113,89,24,24
37221,88,94,-6,6
37222,68,60,8,8
37223,98,93,5,5
37224,79,78,1,1
37225,69,74,-5,5
37226,284,252,32,32
37227,76,74,2,2
37228,98,101,-3,3
37229,73,76,-3,3
37230,135,132,3,3
37231,71,68,3,3
37232,85,80,5,5
37233,58,60,-2,2
37234,110,111,-1,1
37235,63,61,2,2
37236,91,90,1,1
37237,72,74,-2,2
37238,111,133,-22,22
37239,75,65,10,10
37240,127,127,0,0
37241,157,140,17,17
37242,136,132,4,4
37243,66,62,4,4
37244,53,55,-2,2
37245,76,80,-4,4
37246,76,69,7,7
37247,123,133,-10,10
37248,90,87,3,3
37249,62,63,-1,1
37250,93,111,-18,18
37251,150,134,16,16
37252,114,112,2,2
37253,99,85,14,14
37254,85,80,5,5
37255,68,64,4,4
37256,54,54,0,0
37257,64,62,2,2
37258,126,128,-2,2
37259,52,55,-3,3
37260,119,116,3,3
37261,112,107,5,5
37262,257,229,28,28
37263,75,79,-4,4
37264,58,56,2,2
37265,87,85,2,2
37266,50,52,-2,2
37267,79,83,-4,4
37268,142,131,11,11
37269,122,127,-5,5
37270,69,69,0,0
37271,82,75,7,7
37272,83,82,1,1
37273,87,81,6,6
37274,132,128,4,4
37275,110,122,-12,12
37276,98,82,16,16
37277,93,90,3,3
37278,112,120,-8,8
37279,101,92,9,9
37280,97,100,-3,3
37281,111,117,-6,6
37282,53,57,-4,4
37283,78,92,-14,14
37284,104,97,7,7
37285,86,80,6,6
37286,109,106,3,3
37287,136,126,10,10
37288,113,128,-15,15
37289,53,55,-2,2
37290,85,75,10,10
37291,142,129,13,13
37292,141,135,6,6
37293,87,87,0,0
37294,79,76,3,3
37295,171,151,20,20
37296,104,109,-5,5
37297,91,121,-30,30
37298,70,66,4,4
37299,93,97,-4,4
37300,115,116,-1,1
37301,49,69,-20,20
37302,115,101,14,14
37303,85,81,4,4
37304,96,98,-2,2
37305,112,108,4,4
37306,133,137,-4,4
37307,114,109,5,5
37308,78,98,-20,20
37309,158,145,13,13
37310,73,67,6,6
37311,44,51,-7,7
37312,160,159,1,1
37313,114,118,-4,4
37314,163,116,47,47
37315,113,106,7,7
37316,92,100,-8,8
37317,35,52,-17,17
37318,135,130,5,5
37319,113,110,3,3
37320,105,93,12,12
37321,79,72,7,7
37322,130,120,10,10
37323,129,125,4,4
37324,81,82,-1,1
37325,71,74,-3,3
37326,233,202,31,31
37327,79,87,-8,8
37328,88,85,3,3
37329,121,126,-5,5
37330,132,118,14,14
37331,179,165,14,14
37332,199,186,13,13
37333,133,124,9,9
37334,127,120,7,7
37335,71,74,-3,3
37336,59,61,-2,2
37337,92,93,-1,1
37338,98,94,4,4
37339,93,78,15,15
37340,103,77,26,26
37341,114,122,-8,8
37342,80,84,-4,4
37343,84,83,1,1
37344,95,87,8,8
37345,141,132,9,9
37346,184,169,15,15
37347,138,115,23,23
37348,59,60,-1,1
37349,172,165,7,7
37350,146,136,10,10
37351,72,76,-4,4
37352,139,141,-2,2
37353,108,107,1,1
37354,91,100,-9,9
37355,38,50,-12,12
37356,44,57,-13,13
37357,86,83,3,3
37358,68,74,-6,6
37359,68,60,8,8
37360,100,100,0,0
37361,135,122,13,13
37362,30,54,-24,24
37363,149,141,8,8
37364,93,93,0,0
37365,132,134,-2,2
37366,61,62,-1,1
37367,104,107,-3,3
37368,119,113,6,6
37369,61,64,-3,3
37370,79,80,-1,1
37371,48,56,-8,8
37372,80,72,8,8
37373,145,164,-19,19
37374,65,70,-5,5
37375,68,65,3,3
37376,68,69,-1,1
37377,78,80,-2,2
37378,65,60,5,5
37379,98,91,7,7
37380,102,107,-5,5
37381,115,99,16,16
37382,71,66,5,5
37383,63,66,-3,3
37384,64,75,-11,11
37385,97,96,1,1
37386,102,88,14,14
37387,101,102,-1,1
37388,34,50,-16,16
37389,70,72,-2,2
37390,53,60,-7,7
37391,92,93,-1,1
37392,83,83,0,0
37393,101,106,-5,5
37394,76,72,4,4
37395,76,82,-6,6
37396,111,104,7,7
37397,49,64,-15,15
37398,55,64,-9,9
37399,115,107,8,8
37400,126,125,1,1
37401,121,108,13,13
37402,145,135,10,10
37403,60,75,-15,15
37404,73,63,10,10
37405,63,65,-2,2
37406,71,75,-4,4
37407,81,81,0,0
37408,98,97,1,1
37409,138,140,-2,2
37410,69,74,-5,5
37411,172,184,-12,12
37412,57,65,-8,8
37413,119,111,8,8
37414,65,66,-1,1
37415,54,56,-2,2
37416,86,93,-7,7
37417,116,116,0,0
37418,145,137,8,8
37419,102,108,-6,6
37420,108,106,2,2
37421,63,61,2,2
37422,125,119,6,6
37423,90,92,-2,2
37424,139,142,-3,3
37425,94,92,2,2
37426,86,87,-1,1
37427,44,59,-15,15
37428,89,97,-8,8
37429,82,78,4,4
37430,114,103,11,11
37431,60,59,1,1
37432,103,102,1,1
37433,58,56,2,2
37434,108,114,-6,6
37435,140,145,-5,5
37436,160,158,2,2
37437,54,55,-1,1
37438,106,101,5,5
37439,140,139,1,1
37440,101,100,1,1
37441,120,117,3,3
37442,118,115,3,3
37443,116,110,6,6
37444,108,105,3,3
37445,205,205,0,0
37446,192,186,6,6
37447,97,98,-1,1
37448,59,57,2,2
37449,60,62,-2,2
37450,51,52,-1,1
37451,48,51,-3,3
37452,118,114,4,4
37453,209,194,15,15
37454,64,64,0,0
37455,76,83,-7,7
37456,130,124,6,6
37457,83,96,-13,13
37458,69,76,-7,7
37459,66,58,8,8
37460,81,91,-10,10
37461,116,135,-19,19
37462,91,95,-4,4
37463,178,174,4,4
37464,148,158,-10,10
37465,160,155,5,5
37466,116,127,-11,11
37467,87,88,-1,1
37468,93,93,0,0
37469,71,72,-1,1
37470,121,116,5,5
37471,85,71,14,14
37472,75,76,-1,1
37473,101,99,2,2
37474,72,72,0,0
37475,60,58,2,2
37476,102,94,8,8
37477,111,105,6,6
37478,81,88,-7,7
37479,75,90,-15,15
37480,107,111,-4,4
37481,75,79,-4,4
37482,67,75,-8,8
37483,126,129,-3,3
37484,106,108,-2,2
37485,126,125,1,1
37486,104,105,-1,1
37487,65,71,-6,6
37488,92,92,0,0
37489,78,73,5,5
37490,127,119,8,8
37491,88,88,0,0
37492,35,76,-41,41
37493,87,85,2,2
37494,53,61,-8,8
37495,108,108,0,0
37496,89,87,2,2
37497,79,74,5,5
37498,79,85,-6,6
37499,138,122,16,16
37500,92,84,8,8
37501,84,83,1,1
37502,65,64,1,1
37503,74,73,1,1
37504,147,140,7,7
37505,96,98,-2,2
37506,124,121,3,3
37507,84,88,-4,4
37508,118,115,3,3
37509,80,76,4,4
37510,89,97,-8,8
37511,154,157,-3,3
37512,96,100,-4,4
37513,73,82,-9,9
37514,218,188,30,30
37515,108,106,2,2
37516,156,150,6,6
37517,56,62,-6,6
37518,105,97,8,8
37519,103,129,-26,26
37520,98,103,-5,5
37521,161,157,4,4
37522,150,128,22,22
37523,50,55,-5,5
37524,99,96,3,3
37525,62,64,-2,2
37526,102,102,0,0
37527,86,83,3,3
37528,81,75,6,6
37529,51,58,-7,7
37530,100,93,7,7
37531,74,70,4,4
37532,65,56,9,9
37533,95,94,1,1
37534,99,98,1,1
37535,84,91,-7,7
37536,114,96,18,18
37537,99,88,11,11
37538,58,53,5,5
37539,49,51,-2,2
37540,119,109,10,10
37541,83,86,-3,3
37542,96,102,-6,6
37543,70,74,-4,4
37544,108,105,3,3
37545,128,114,14,14
37546,75,73,2,2
37547,72,67,5,5
37548,88,75,13,13
37549,71,69,2,2
37550,103,94,9,9
37551,109,102,7,7
37552,77,81,-4,4
37553,74,72,2,2
37554,105,97,8,8
37555,56,54,2,2
37556,95,90,5,5
37557,152,139,13,13
37558,62,62,0,0
37559,128,121,7,7
37560,108,98,10,10
37561,58,62,-4,4
37562,144,132,12,12
37563,109,100,9,9
37564,66,61,5,5
37565,114,113,1,1
37566,150,131,19,19
37567,98,93,5,5
37568,151,142,9,9
37569,73,69,4,4
37570,84,77,7,7
37571,126,122,4,4
37572,50,56,-6,6
37573,101,115,-14,14
37574,56,57,-1,1
37575,95,96,-1,1
37576,65,66,-1,1
37577,141,120,21,21
37578,94,88,6,6
37579,67,70,-3,3
37580,55,57,-2,2
37581,65,64,1,1
37582,52,66,-14,14
37583,95,88,7,7
37584,158,151,7,7
37585,106,50,56,56
37586,101,98,3,3
37587,96,92,4,4
37588,132,135,-3,3
37589,91,86,5,5
37590,80,80,0,0
37591,209,195,14,14
37592,71,78,-7,7
37593,94,102,-8,8
37594,93,82,11,11
37595,103,104,-1,1
37596,69,76,-7,7
37597,190,190,0,0
37598,92,90,2,2
37599,105,96,9,9
37600,69,77,-8,8
37601,54,65,-11,11
37602,59,59,0,0
37603,82,84,-2,2
37604,84,84,0,0
37605,30,56,-26,26
37606,150,142,8,8
37607,65,61,4,4
37608,88,81,7,7
37609,80,76,4,4
37610,174,163,11,11
37611,134,156,-22,22
37612,82,79,3,3
37613,77,69,8,8
37614,65,71,-6,6
37615,49,54,-5,5
37616,95,95,0,0
37617,67,66,1,1
37618,69,64,5,5
37619,125,131,-6,6
37620,124,129,-5,5
37621,81,81,0,0
37622,93,92,1,1
37623,148,123,25,25
37624,158,141,17,17
37625,107,106,1,1
37626,138,127,11,11
37627,106,106,0,0
37628,102,107,-5,5
37629,151,152,-1,1
37630,103,105,-2,2
37631,77,69,8,8
37632,139,132,7,7
37633,122,123,-1,1
37634,86,77,9,9
37635,85,82,3,3
37636,76,68,8,8
37637,115,105,10,10
37638,137,126,11,11
37639,113,129,-16,16
37640,155,137,18,18
37641,66,78,-12,12
37642,75,69,6,6
37643,120,121,-1,1
37644,116,104,12,12
37645,152,148,4,4
37646,56,57,-1,1
37647,205,180,25,25
37648,96,97,-1,1
37649,101,92,9,9
37650,100,101,-1,1
37651,94,90,4,4
37652,130,123,7,7
37653,61,79,-18,18
37654,123,116,7,7
37655,111,120,-9,9
37656,136,143,-7,7
37657,166,148,18,18
37658,85,93,-8,8
37659,99,99,0,0
37660,58,59,-1,1
37661,98,92,6,6
37662,88,76,12,12
37663,164,144,20,20
37664,67,66,1,1
37665,112,95,17,17
37666,105,101,4,4
37667,151,137,14,14
37668,80,66,14,14
37669,121,129,-8,8
37670,179,146,33,33
37671,151,145,6,6
37672,116,115,1,1
37673,93,92,1,1
37674,96,95,1,1
37675,112,116,-4,4
37676,45,50,-5,5
37677,100,94,6,6
37678,71,81,-10,10
37679,72,65,7,7
37680,124,114,10,10
37681,54,53,1,1
37682,135,125,10,10
37683,125,116,9,9
37684,125,100,25,25
37685,104,116,-12,12
37686,76,76,0,0
37687,106,128,-22,22
37688,76,76,0,0
37689,87,85,2,2
37690,146,138,8,8
37691,91,82,9,9
37692,72,85,-13,13
37693,149,145,4,4
37694,82,77,5,5
37695,157,155,2,2
37696,138,130,8,8
37697,122,122,0,0
37698,105,103,2,2
37699,88,83,5,5
37700,157,168,-11,11
37701,108,96,12,12
37702,94,87,7,7
37703,102,106,-4,4
37704,51,61,-10,10
37705,84,87,-3,3
37706,67,81,-14,14
37707,128,117,11,11
37708,130,133,-3,3
37709,165,151,14,14
37710,100,112,-12,12
37711,121,130,-9,9
37712,74,80,-6,6
37713,58,57,1,1
37714,88,100,-12,12
37715,105,111,-6,6
37716,116,113,3,3
37717,103,96,7,7
37718,101,101,0,0
37719,108,115,-7,7
37720,75,90,-15,15
37721,106,109,-3,3
37722,69,73,-4,4
37723,87,89,-2,2
37724,68,77,-9,9
37725,51,52,-1,1
37726,61,62,-1,1
37727,110,108,2,2
37728,104,98,6,6
37729,70,65,5,5
37730,47,53,-6,6
37731,69,85,-16,16
37732,48,57,-9,9
37733,92,88,4,4
37734,116,114,2,2
37735,94,97,-3,3
37736,79,81,-2,2
37737,116,134,-18,18
37738,133,137,-4,4
37739,70,76,-6,6
37740,153,148,5,5
37741,41,84,-43,43
37742,73,75,-2,2
37743,109,113,-4,4
37744,145,132,13,13
37745,106,108,-2,2
37746,89,78,11,11
37747,69,78,-9,9
37748,73,74,-1,1
37749,61,62,-1,1
37750,127,120,7,7
37751,104,106,-2,2
37752,103,102,1,1
37753,107,100,7,7
37754,116,116,0,0
37755,66,83,-17,17
37756,130,123,7,7
37757,102,94,8,8
37758,102,102,0,0
37759,72,81,-9,9
37760,98,91,7,7
37761,55,56,-1,1
37762,90,97,-7,7
37763,116,112,4,4
37764,64,71,-7,7
37765,113,103,10,10
37766,75,80,-5,5
37767,75,93,-18,18
37768,119,116,3,3
37769,81,76,5,5
37770,74,71,3,3
37771,156,149,7,7
37772,93,92,1,1
37773,84,82,2,2
37774,118,138,-20,20
37775,70,68,2,2
37776,197,191,6,6
37777,57,58,-1,1
37778,41,65,-24,24
37779,110,117,-7,7
37780,94,90,4,4
37781,121,107,14,14
37782,77,78,-1,1
37783,104,81,23,23
37784,98,93,5,5
37785,101,98,3,3
37786,65,75,-10,10
37787,140,128,12,12
37788,113,105,8,8
37789,103,86,17,17
37790,84,75,9,9
37791,75,69,6,6
37792,136,124,12,12
37793,123,120,3,3
37794,117,123,-6,6
37795,107,99,8,8
37796,64,59,5,5
37797,61,64,-3,3
37798,216,180,36,36
37799,94,99,-5,5
37800,96,97,-1,1
37801,83,102,-19,19
37802,42,56,-14,14
37803,93,103,-10,10
37804,61,65,-4,4
37805,101,80,21,21
37806,118,115,3,3
37807,100,103,-3,3
37808,107,129,-22,22
37809,98,100,-2,2
37810,64,57,7,7
37811,215,211,4,4
37812,127,122,5,5
37813,91,86,5,5
37814,113,129,-16,16
37815,82,83,-1,1
37816,120,126,-6,6
37817,72,70,2,2
37818,77,92,-15,15
37819,79,89,-10,10
37820,67,69,-2,2
37821,89,91,-2,2
37822,54,57,-3,3
37823,97,102,-5,5
37824,82,79,3,3
37825,91,99,-8,8
37826,83,75,8,8
37827,54,65,-11,11
37828,116,119,-3,3
37829,80,87,-7,7
37830,75,73,2,2
37831,187,188,-1,1
37832,78,85,-7,7
37833,95,100,-5,5
37834,87,86,1,1
37835,74,79,-5,5
37836,67,64,3,3
37837,66,60,6,6
37838,78,72,6,6
37839,107,103,4,4
37840,59,54,5,5
37841,92,96,-4,4
37842,41,56,-15,15
37843,130,122,8,8
37844,100,104,-4,4
37845,88,83,5,5
37846,67,62,5,5
37847,100,92,8,8
37848,99,106,-7,7
37849,69,67,2,2
37850,115,119,-4,4
37851,116,107,9,9
37852,49,51,-2,2
37853,91,97,-6,6
37854,67,80,-13,13
37855,105,103,2,2
37856,137,134,3,3
37857,72,82,-10,10
37858,61,61,0,0
37859,86,83,3,3
37860,91,100,-9,9
37861,85,83,2,2
37862,83,77,6,6
37863,68,59,9,9
37864,103,96,7,7
37865,106,97,9,9
37866,139,115,24,24
37867,115,118,-3,3
37868,48,52,-4,4
37869,159,157,2,2
37870,61,58,3,3
37871,113,122,-9,9
37872,101,99,2,2
37873,77,72,5,5
37874,134,134,0,0
37875,67,58,9,9
37876,106,103,3,3
37877,57,56,1,1
37878,95,101,-6,6
37879,93,98,-5,5
37880,95,82,13,13
37881,179,172,7,7
37882,153,167,-14,14
37883,62,68,-6,6
37884,69,65,4,4
37885,165,165,0,0
37886,180,187,-7,7
37887,87,81,6,6
37888,110,110,0,0
37889,116,120,-4,4
37890,159,165,-6,6
37891,99,102,-3,3
37892,114,112,2,2
37893,102,92,10,10
37894,154,153,1,1
37895,91,92,-1,1
37896,124,111,13,13
37897,91,90,1,1
37898,41,50,-9,9
37899,45,50,-5,5
37900,71,88,-17,17
37901,76,76,0,0
37902,99,108,-9,9
37903,111,105,6,6
37904,97,90,7,7
37905,124,111,13,13
37906,96,103,-7,7
37907,79,81,-2,2
37908,122,130,-8,8
37909,115,101,14,14
37910,89,88,1,1
37911,73,69,4,4
37912,111,115,-4,4
37913,89,90,-1,1
37914,138,133,5,5
37915,100,110,-10,10
37916,78,87,-9,9
37917,83,85,-2,2
37918,86,92,-6,6
37919,135,140,-5,5
37920,114,114,0,0
37921,56,59,-3,3
37922,149,156,-7,7
37923,81,78,3,3
37924,79,78,1,1
37925,103,104,-1,1
37926,56,67,-11,11
37927,150,142,8,8
37928,78,77,1,1
37929,78,79,-1,1
37930,41,50,-9,9
37931,121,108,13,13
37932,123,118,5,5
37933,76,88,-12,12
37934,103,98,5,5
37935,35,62,-27,27
37936,124,117,7,7
37937,55,60,-5,5
37938,88,83,5,5
37939,90,87,3,3
37940,120,95,25,25
37941,71,71,0,0
37942,79,80,-1,1
37943,62,66,-4,4
37944,86,85,1,1
37945,64,67,-3,3
37946,131,141,-10,10
37947,146,136,10,10
37948,86,80,6,6
37949,98,92,6,6
37950,183,159,24,24
37951,91,94,-3,3
37952,77,72,5,5
37953,142,139,3,3
37954,79,78,1,1
37955,41,50,-9,9
37956,105,107,-2,2
37957,197,187,10,10
37958,115,114,1,1
37959,71,71,0,0
37960,140,141,-1,1
37961,130,123,7,7
37962,83,82,1,1
37963,108,124,-16,16
37964,67,63,4,4
37965,70,79,-9,9
37966,93,94,-1,1
37967,64,67,-3,3
37968,98,116,-18,18
37969,115,113,2,2
37970,62,59,3,3
37971,88,90,-2,2
37972,61,63,-2,2
37973,198,172,26,26
37974,101,110,-9,9
37975,66,64,2,2
37976,31,51,-20,20
37977,94,91,3,3
37978,93,103,-10,10
37979,117,157,-40,40
37980,99,101,-2,2
37981,36,50,-14,14
37982,76,77,-1,1
37983,67,72,-5,5
37984,78,85,-7,7
37985,50,60,-10,10
37986,55,51,4,4
37987,92,94,-2,2
37988,94,84,10,10
37989,137,133,4,4
37990,102,103,-1,1
37991,113,104,9,9
37992,89,79,10,10
37993,124,130,-6,6
37994,82,83,-1,1
37995,60,65,-5,5
37996,125,112,13,13
37997,78,87,-9,9
37998,143,134,9,9
37999,142,143,-1,1
38000,106,98,8,8
38001,124,111,13,13
38002,52,58,-6,6
38003,97,114,-17,17
38004,80,76,4,4
38005,107,114,-7,7
38006,141,138,3,3
38007,57,59,-2,2
38008,89,79,10,10
38009,104,111,-7,7
38010,154,144,10,10
38011,76,88,-12,12
38012,95,80,15,15
38013,179,164,15,15
38014,64,79,-15,15
38015,119,111,8,8
38016,108,122,-14,14
38017,114,109,5,5
38018,92,93,-1,1
38019,109,106,3,3
38020,139,145,-6,6
38021,130,132,-2,2
38022,112,104,8,8
38023,123,114,9,9
38024,125,117,8,8
38025,66,58,8,8
38026,77,88,-11,11
38027,87,88,-1,1
38028,97,104,-7,7
38029,56,58,-2,2
38030,146,137,9,9
38031,71,66,5,5
38032,176,167,9,9
38033,96,86,10,10
38034,105,98,7,7
38035,127,122,5,5
38036,82,86,-4,4
38037,137,148,-11,11
38038,120,114,6,6
38039,82,81,1,1
38040,73,67,6,6
38041,78,71,7,7
38042,83,84,-1,1
38043,83,77,6,6
38044,74,76,-2,2
38045,81,81,0,0
38046,178,160,18,18
38047,96,107,-11,11
38048,48,54,-6,6
38049,74,81,-7,7
38050,143,134,9,9
38051,94,89,5,5
38052,142,142,0,0
38053,144,146,-2,2
38054,114,117,-3,3
38055,91,96,-5,5
38056,127,126,1,1
38057,65,76,-11,11
38058,152,140,12,12
38059,106,103,3,3
38060,140,134,6,6
38061,96,101,-5,5
38062,72,105,-33,33
38063,71,97,-26,26
38064,116,113,3,3
38065,156,149,7,7
38066,57,55,2,2
38067,24,56,-32,32
38068,122,117,5,5
38069,118,109,9,9
38070,96,97,-1,1
38071,86,79,7,7
38072,163,154,9,9
38073,60,64,-4,4
38074,80,76,4,4
38075,78,74,4,4
38076,82,78,4,4
38077,113,104,9,9
38078,104,113,-9,9
38079,154,170,-16,16
38080,34,50,-16,16
38081,111,117,-6,6
38082,103,99,4,4
38083,88,86,2,2
38084,112,115,-3,3
38085,115,107,8,8
38086,60,54,6,6
38087,150,138,12,12
38088,116,113,3,3
38089,80,76,4,4
38090,112,102,10,10
38091,116,115,1,1
38092,83,88,-5,5
38093,161,143,18,18
38094,65,73,-8,8
38095,74,78,-4,4
38096,72,59,13,13
38097,185,161,24,24
38098,89,74,15,15
38099,90,90,0,0
38100,175,156,19,19
38101,96,89,7,7
38102,96,90,6,6
38103,111,112,-1,1
38104,46,51,-5,5
38105,105,119,-14,14
38106,69,72,-3,3
38107,117,114,3,3
38108,91,88,3,3
38109,70,77,-7,7
38110,150,132,18,18
38111,122,125,-3,3
38112,98,101,-3,3
38113,100,90,10,10
38114,160,140,20,20
38115,139,134,5,5
38116,170,160,10,10
38117,79,83,-4,4
38118,132,126,6,6
38119,121,121,0,0
38120,118,120,-2,2
38121,102,90,12,12
38122,98,96,2,2
38123,115,120,-5,5
38124,159,155,4,4
38125,92,94,-2,2
38126,41,71,-30,30
38127,84,86,-2,2
38128,132,145,-13,13
38129,109,92,17,17
38130,78,88,-10,10
38131,114,105,9,9
38132,121,111,10,10
38133,93,87,6,6
38134,115,115,0,0
38135,44,50,-6,6
38136,74,71,3,3
38137,49,52,-3,3
38138,165,153,12,12
38139,83,80,3,3
38140,158,146,12,12
38141,101,90,11,11
38142,118,114,4,4
38143,94,91,3,3
38144,117,135,-18,18
38145,109,107,2,2
38146,73,90,-17,17
38147,76,78,-2,2
38148,138,134,4,4
38149,113,106,7,7
38150,96,94,2,2
38151,73,77,-4,4
38152,112,104,8,8
38153,63,65,-2,2
38154,104,95,9,9
38155,82,89,-7,7
38156,54,59,-5,5
38157,84,81,3,3
38158,133,137,-4,4
38159,101,101,0,0
38160,108,114,-6,6
38161,83,77,6,6
38162,78,81,-3,3
38163,82,75,7,7
38164,76,76,0,0
38165,90,85,5,5
38166,105,104,1,1
38167,61,56,5,5
38168,102,116,-14,14
38169,104,119,-15,15
38170,72,71,1,1
38171,74,65,9,9
38172,92,97,-5,5
38173,85,84,1,1
38174,99,96,3,3
38175,111,120,-9,9
38176,67,73,-6,6
38177,76,72,4,4
38178,113,100,13,13
38179,107,100,7,7
38180,117,112,5,5
38181,116,119,-3,3
38182,97,96,1,1
38183,125,124,1,1
38184,112,117,-5,5
38185,71,83,-12,12
38186,115,114,1,1
38187,59,81,-22,22
38188,97,93,4,4
38189,124,115,9,9
38190,45,50,-5,5
38191,87,87,0,0
38192,103,121,-18,18
38193,64,63,1,1
38194,100,93,7,7
38195,97,82,15,15
38196,121,117,4,4
38197,111,121,-10,10
38198,74,73,1,1
38199,118,143,-25,25
38200,91,87,4,4
38201,89,89,0,0
38202,105,84,21,21
38203,79,81,-2,2
38204,68,70,-2,2
38205,125,129,-4,4
38206,87,84,3,3
38207,123,112,11,11
38208,93,94,-1,1
38209,100,93,7,7
38210,64,56,8,8
38211,108,103,5,5
38212,68,54,14,14
38213,86,89,-3,3
38214,107,91,16,16
38215,73,74,-1,1
38216,128,135,-7,7
38217,119,111,8,8
38218,54,55,-1,1
38219,72,70,2,2
38220,73,77,-4,4
38221,159,152,7,7
38222,83,86,-3,3
38223,97,95,2,2
38224,131,127,4,4
38225,69,69,0,0
38226,86,72,14,14
38227,119,119,0,0
38228,100,93,7,7
38229,102,106,-4,4
38230,67,62,5,5
38231,53,62,-9,9
38232,85,92,-7,7
38233,168,158,10,10
38234,61,60,1,1
38235,77,71,6,6
38236,85,92,-7,7
38237,69,66,3,3
38238,124,119,5,5
38239,89,79,10,10
38240,148,146,2,2
38241,143,131,12,12
38242,57,78,-21,21
38243,144,138,6,6
38244,66,67,-1,1
38245,83,97,-14,14
38246,120,117,3,3
38247,131,130,1,1
38248,51,53,-2,2
38249,77,57,20,20
38250,62,66,-4,4
38251,125,131,-6,6
38252,87,83,4,4
38253,89,88,1,1
38254,162,155,7,7
38255,109,115,-6,6
38256,126,131,-5,5
38257,87,93,-6,6
38258,87,99,-12,12
38259,116,115,1,1
38260,51,53,-2,2
38261,65,58,7,7
38262,95,87,8,8
38263,86,77,9,9
38264,98,101,-3,3
38265,74,71,3,3
38266,87,106,-19,19
38267,113,110,3,3
38268,70,88,-18,18
38269,119,108,11,11
38270,180,166,14,14
38271,94,84,10,10
38272,67,74,-7,7
38273,85,85,0,0
38274,147,150,-3,3
38275,79,66,13,13
38276,76,77,-1,1
38277,60,55,5,5
38278,55,61,-6,6
38279,95,98,-3,3
38280,127,115,12,12
38281,100,95,5,5
38282,85,86,-1,1
38283,127,122,5,5
38284,101,89,12,12
38285,70,67,3,3
38286,102,99,3,3
38287,73,75,-2,2
38288,107,108,-1,1
38289,129,132,-3,3
38290,114,108,6,6
38291,45,53,-8,8
38292,52,54,-2,2
38293,69,73,-4,4
38294,71,71,0,0
38295,65,68,-3,3
38296,211,179,32,32
38297,113,130,-17,17
38298,97,98,-1,1
38299,60,67,-7,7
38300,184,149,35,35
38301,106,102,4,4
38302,121,120,1,1
38303,112,113,-1,1
38304,137,137,0,0
38305,104,105,-1,1
38306,124,126,-2,2
38307,72,66,6,6
38308,116,107,9,9
38309,76,73,3,3
38310,99,105,-6,6
38311,75,77,-2,2
38312,81,82,-1,1
38313,69,68,1,1
38314,72,79,-7,7
38315,87,75,12,12
38316,93,88,5,5
38317,136,128,8,8
38318,101,92,9,9
38319,89,86,3,3
38320,112,114,-2,2
38321,65,66,-1,1
38322,118,110,8,8
38323,92,88,4,4
38324,80,84,-4,4
38325,98,95,3,3
38326,70,67,3,3
38327,127,117,10,10
38328,149,128,21,21
38329,70,64,6,6
38330,139,141,-2,2
38331,82,80,2,2
38332,91,95,-4,4
38333,39,80,-41,41
38334,82,93,-11,11
38335,105,101,4,4
38336,147,141,6,6
38337,104,110,-6,6
38338,117,94,23,23
38339,91,104,-13,13
38340,90,96,-6,6
38341,104,95,9,9
38342,47,54,-7,7
38343,56,58,-2,2
38344,110,116,-6,6
38345,43,62,-19,19
38346,120,113,7,7
38347,70,70,0,0
38348,75,78,-3,3
38349,77,81,-4,4
38350,72,70,2,2
38351,105,102,3,3
38352,218,193,25,25
38353,56,60,-4,4
38354,100,105,-5,5
38355,123,138,-15,15
38356,130,122,8,8
38357,63,60,3,3
38358,89,91,-2,2
38359,60,67,-7,7
38360,65,75,-10,10
38361,118,117,1,1
38362,86,90,-4,4
38363,166,169,-3,3
38364,106,106,0,0
38365,58,64,-6,6
38366,141,126,15,15
38367,96,96,0,0
38368,106,100,6,6
38369,110,116,-6,6
38370,64,62,2,2
38371,83,82,1,1
38372,92,106,-14,14
38373,70,70,0,0
38374,122,124,-2,2
38375,86,89,-3,3
38376,105,93,12,12
38377,99,104,-5,5
38378,57,52,5,5
38379,79,78,1,1
38380,59,56,3,3
38381,70,72,-2,2
38382,104,100,4,4
38383,86,90,-4,4
38384,112,121,-9,9
38385,102,103,-1,1
38386,63,67,-4,4
38387,118,111,7,7
38388,63,60,3,3
38389,104,120,-16,16
38390,86,91,-5,5
38391,167,153,14,14
38392,164,153,11,11
38393,85,88,-3,3
38394,111,112,-1,1
38395,121,113,8,8
38396,94,94,0,0
38397,77,87,-10,10
38398,35,50,-15,15
38399,95,91,4,4
38400,133,137,-4,4
38401,85,89,-4,4
38402,67,62,5,5
38403,114,114,0,0
38404,157,147,10,10
38405,157,147,10,10
38406,94,105,-11,11
38407,54,64,-10,10
38408,64,60,4,4
38409,109,105,4,4
38410,71,72,-1,1
38411,73,75,-2,2
38412,76,81,-5,5
38413,130,116,14,14
38414,79,76,3,3
38415,142,147,-5,5
38416,89,84,5,5
38417,105,112,-7,7
38418,78,91,-13,13
38419,64,59,5,5
38420,63,67,-4,4
38421,89,92,-3,3
38422,171,167,4,4
38423,111,98,13,13
38424,86,75,11,11
38425,102,100,2,2
38426,61,62,-1,1
38427,85,84,1,1
38428,134,119,15,15
38429,81,82,-1,1
38430,142,140,2,2
38431,80,74,6,6
38432,83,83,0,0
38433,121,112,9,9
38434,67,57,10,10
38435,100,116,-16,16
38436,129,130,-1,1
38437,102,108,-6,6
38438,126,124,2,2
38439,98,96,2,2
38440,63,61,2,2
38441,72,78,-6,6
38442,88,96,-8,8
38443,64,67,-3,3
38444,107,114,-7,7
38445,89,80,9,9
38446,93,94,-1,1
38447,146,138,8,8
38448,101,108,-7,7
38449,87,85,2,2
38450,97,97,0,0
38451,78,64,14,14
38452,130,111,19,19
38453,85,72,13,13
38454,77,70,7,7
38455,44,51,-7,7
38456,96,89,7,7
38457,89,78,11,11
38458,117,115,2,2
38459,41,50,-9,9
38460,113,115,-2,2
38461,103,84,19,19
38462,161,149,12,12
38463,196,191,5,5
38464,64,77,-13,13
38465,82,76,6,6
38466,66,94,-28,28
38467,80,75,5,5
38468,54,61,-7,7
38469,104,108,-4,4
38470,55,53,2,2
38471,57,56,1,1
38472,49,55,-6,6
38473,70,70,0,0
38474,74,82,-8,8
38475,33,55,-22,22
38476,83,90,-7,7
38477,89,88,1,1
38478,102,95,7,7
38479,156,159,-3,3
38480,36,51,-15,15
38481,62,59,3,3
38482,102,95,7,7
38483,87,96,-9,9
38484,50,50,0,0
38485,89,98,-9,9
38486,100,96,4,4
38487,98,85,13,13
38488,56,58,-2,2
38489,75,64,11,11
38490,98,85,13,13
38491,117,107,10,10
38492,235,211,24,24
38493,54,56,-2,2
38494,68,60,8,8
38495,116,124,-8,8
38496,32,50,-18,18
38497,55,52,3,3
38498,82,82,0,0
38499,119,117,2,2
38500,183,184,-1,1
38501,112,83,29,29
38502,57,65,-8,8
38503,120,114,6,6
38504,77,84,-7,7
38505,68,76,-8,8
38506,126,115,11,11
38507,68,59,9,9
38508,103,93,10,10
38509,110,118,-8,8
38510,122,102,20,20
38511,100,113,-13,13
38512,74,75,-1,1
38513,185,163,22,22
38514,118,128,-10,10
38515,41,51,-10,10
38516,91,92,-1,1
38517,83,73,10,10
38518,79,83,-4,4
38519,82,72,10,10
38520,84,90,-6,6
38521,70,63,7,7
38522,97,104,-7,7
38523,99,99,0,0
38524,108,104,4,4
38525,85,83,2,2
38526,132,126,6,6
38527,99,96,3,3
38528,62,54,8,8
38529,80,74,6,6
38530,96,84,12,12
38531,98,88,10,10
38532,109,110,-1,1
38533,124,128,-4,4
38534,101,110,-9,9
38535,118,120,-2,2
38536,57,58,-1,1
38537,79,83,-4,4
38538,86,89,-3,3
38539,77,74,3,3
38540,132,119,13,13
38541,74,65,9,9
38542,108,103,5,5
38543,137,121,16,16
38544,102,100,2,2
38545,150,141,9,9
38546,51,54,-3,3
38547,77,72,5,5
38548,59,53,6,6
38549,42,50,-8,8
38550,141,139,2,2
38551,132,122,10,10
38552,67,63,4,4
38553,108,105,3,3
38554,144,149,-5,5
38555,69,69,0,0
38556,85,80,5,5
38557,64,64,0,0
38558,65,66,-1,1
38559,221,214,7,7
38560,70,68,2,2
38561,56,54,2,2
38562,62,64,-2,2
38563,88,104,-16,16
38564,108,112,-4,4
38565,178,162,16,16
38566,74,69,5,5
38567,85,96,-11,11
38568,61,68,-7,7
38569,111,82,29,29
38570,103,109,-6,6
38571,110,108,2,2
38572,74,70,4,4
38573,172,163,9,9
38574,87,98,-11,11
38575,141,145,-4,4
38576,86,80,6,6
38577,89,100,-11,11
38578,106,91,15,15
38579,103,98,5,5
38580,115,97,18,18
38581,61,55,6,6
38582,102,105,-3,3
38583,64,66,-2,2
38584,121,112,9,9
38585,61,64,-3,3
38586,75,72,3,3
38587,43,50,-7,7
38588,84,80,4,4
38589,118,113,5,5
38590,50,50,0,0
38591,81,68,13,13
38592,160,151,9,9
38593,121,111,10,10
38594,77,81,-4,4
38595,124,121,3,3
38596,140,130,10,10
38597,56,59,-3,3
38598,92,85,7,7
38599,99,95,4,4
38600,169,161,8,8
38601,102,110,-8,8
38602,149,145,4,4
38603,161,171,-10,10
38604,73,78,-5,5
38605,81,82,-1,1
38606,76,74,2,2
38607,131,122,9,9
38608,155,160,-5,5
38609,87,88,-1,1
38610,62,59,3,3
38611,87,73,14,14
38612,78,87,-9,9
38613,74,72,2,2
38614,49,71,-22,22
38615,92,87,5,5
38616,133,128,5,5
38617,149,145,4,4
38618,120,121,-1,1
38619,89,81,8,8
38620,102,100,2,2
38621,62,65,-3,3
38622,57,50,7,7
38623,43,60,-17,17
38624,72,74,-2,2
38625,58,58,0,0
38626,66,63,3,3
38627,73,78,-5,5
38628,112,93,19,19
38629,158,141,17,17
38630,70,79,-9,9
38631,136,128,8,8
38632,85,80,5,5
38633,37,50,-13,13
38634,87,91,-4,4
38635,130,132,-2,2
38636,88,92,-4,4
38637,57,59,-2,2
38638,117,113,4,4
38639,105,95,10,10
38640,75,77,-2,2
38641,153,151,2,2
38642,90,102,-12,12
38643,130,117,13,13
38644,86,88,-2,2
38645,124,129,-5,5
38646,83,85,-2,2
38647,145,127,18,18
38648,77,78,-1,1
38649,64,64,0,0
38650,129,128,1,1
38651,109,105,4,4
38652,94,83,11,11
38653,84,79,5,5
38654,64,64,0,0
38655,90,91,-1,1
38656,171,164,7,7
38657,93,99,-6,6
38658,121,125,-4,4
38659,72,80,-8,8
38660,72,77,-5,5
38661,85,85,0,0
38662,86,79,7,7
38663,93,97,-4,4
38664,94,80,14,14
38665,118,119,-1,1
38666,72,60,12,12
38667,64,62,2,2
38668,127,113,14,14
38669,64,60,4,4
38670,75,76,-1,1
38671,57,61,-4,4
38672,61,59,2,2
38673,74,86,-12,12
38674,53,66,-13,13
38675,80,84,-4,4
38676,83,82,1,1
38677,124,119,5,5
38678,81,88,-7,7
38679,84,92,-8,8
38680,128,115,13,13
38681,93,93,0,0
38682,79,85,-6,6
38683,81,99,-18,18
38684,81,82,-1,1
38685,104,107,-3,3
38686,82,80,2,2
38687,84,71,13,13
38688,71,71,0,0
38689,62,61,1,1
38690,66,71,-5,5
38691,63,67,-4,4
38692,77,77,0,0
38693,56,57,-1,1
38694,155,148,7,7
38695,143,133,10,10
38696,75,73,2,2
38697,92,99,-7,7
38698,108,104,4,4
38699,105,101,4,4
38700,63,59,4,4
38701,117,114,3,3
38702,123,109,14,14
38703,69,72,-3,3
38704,119,127,-8,8
38705,92,105,-13,13
38706,94,88,6,6
38707,80,80,0,0
38708,101,96,5,5
38709,150,145,5,5
38710,92,86,6,6
38711,97,94,3,3
38712,100,100,0,0
38713,74,88,-14,14
38714,157,151,6,6
38715,65,71,-6,6
38716,97,91,6,6
38717,79,77,2,2
38718,86,83,3,3
38719,91,82,9,9
38720,51,53,-2,2
38721,110,112,-2,2
38722,106,103,3,3
38723,50,56,-6,6
38724,76,70,6,6
38725,126,120,6,6
38726,73,73,0,0
38727,80,84,-4,4
38728,90,82,8,8
38729,94,78,16,16
38730,99,96,3,3
38731,140,127,13,13
38732,92,89,3,3
38733,96,96,0,0
38734,107,102,5,5
38735,120,108,12,12
38736,141,139,2,2
38737,58,61,-3,3
38738,99,97,2,2
38739,75,71,4,4
38740,118,107,11,11
38741,93,94,-1,1
38742,104,89,15,15
38743,81,84,-3,3
38744,107,101,6,6
38745,91,108,-17,17
38746,87,89,-2,2
38747,53,58,-5,5
38748,147,144,3,3
38749,108,102,6,6
38750,76,75,1,1
38751,59,60,-1,1
38752,85,94,-9,9
38753,82,81,1,1
38754,57,61,-4,4
38755,37,51,-14,14
38756,129,130,-1,1
38757,57,54,3,3
38758,67,65,2,2
38759,76,70,6,6
38760,85,81,4,4
38761,130,122,8,8
38762,106,103,3,3
38763,104,116,-12,12
38764,88,91,-3,3
38765,65,65,0,0
38766,75,73,2,2
38767,145,132,13,13
38768,149,143,6,6
38769,44,52,-8,8
38770,69,63,6,6
38771,93,94,-1,1
38772,78,76,2,2
38773,63,67,-4,4
38774,78,86,-8,8
38775,85,82,3,3
38776,55,54,1,1
38777,73,90,-17,17
38778,107,104,3,3
38779,131,126,5,5
38780,87,87,0,0
38781,40,54,-14,14
38782,139,119,20,20
38783,85,91,-6,6
38784,163,170,-7,7
38785,64,70,-6,6
38786,193,182,11,11
38787,86,95,-9,9
38788,98,98,0,0
38789,51,58,-7,7
38790,128,122,6,6
38791,141,124,17,17
38792,84,82,2,2
38793,142,136,6,6
38794,59,60,-1,1
38795,108,99,9,9
38796,39,50,-11,11
38797,156,153,3,3
38798,107,111,-4,4
38799,99,106,-7,7
38800,166,158,8,8
38801,85,82,3,3
38802,84,86,-2,2
38803,98,96,2,2
38804,76,69,7,7
38805,138,125,13,13
38806,93,86,7,7
38807,182,155,27,27
38808,149,132,17,17
38809,132,119,13,13
38810,127,118,9,9
38811,70,69,1,1
38812,57,56,1,1
38813,176,182,-6,6
38814,68,69,-1,1
38815,46,50,-4,4
38816,66,63,3,3
38817,113,119,-6,6
38818,135,137,-2,2
38819,48,51,-3,3
38820,135,130,5,5
38821,70,74,-4,4
38822,91,95,-4,4
38823,125,118,7,7
38824,109,95,14,14
38825,53,57,-4,4
38826,91,88,3,3
38827,70,68,2,2
38828,65,73,-8,8
38829,125,114,11,11
38830,72,71,1,1
38831,103,102,1,1
38832,103,81,22,22
38833,101,79,22,22
38834,117,124,-7,7
38835,63,59,4,4
38836,164,162,2,2
38837,57,66,-9,9
38838,120,119,1,1
38839,133,125,8,8
38840,83,89,-6,6
38841,64,66,-2,2
38842,102,96,6,6
38843,70,70,0,0
38844,124,130,-6,6
38845,106,95,11,11
38846,156,149,7,7
38847,67,67,0,0
38848,147,144,3,3
38849,113,118,-5,5
38850,121,122,-1,1
38851,97,96,1,1
38852,59,66,-7,7
38853,50,62,-12,12
38854,118,106,12,12
38855,56,56,0,0
38856,87,78,9,9
38857,89,97,-8,8
38858,65,69,-4,4
38859,62,62,0,0
38860,138,136,2,2
38861,149,147,2,2
38862,69,65,4,4
38863,76,83,-7,7
38864,65,71,-6,6
38865,70,65,5,5
38866,133,141,-8,8
38867,77,76,1,1
38868,93,96,-3,3
38869,105,134,-29,29
38870,67,71,-4,4
38871,84,79,5,5
38872,83,95,-12,12
38873,46,50,-4,4
38874,102,97,5,5
38875,80,68,12,12
38876,106,106,0,0
38877,91,95,-4,4
38878,70,66,4,4
38879,213,192,21,21
38880,84,87,-3,3
38881,124,107,17,17
38882,113,107,6,6
38883,89,93,-4,4
38884,112,108,4,4
38885,78,73,5,5
38886,60,58,2,2
38887,119,108,11,11
38888,58,60,-2,2
38889,109,101,8,8
38890,113,134,-21,21
38891,101,88,13,13
38892,61,57,4,4
38893,76,82,-6,6
38894,84,79,5,5
38895,86,92,-6,6
38896,108,99,9,9
38897,102,89,13,13
38898,151,149,2,2
38899,66,63,3,3
38900,71,65,6,6
38901,66,70,-4,4
38902,131,129,2,2
38903,49,51,-2,2
38904,99,104,-5,5
38905,69,80,-11,11
38906,72,63,9,9
38907,179,157,22,22
38908,152,141,11,11
38909,70,68,2,2
38910,63,65,-2,2
38911,104,107,-3,3
38912,22,61,-39,39
38913,105,100,5,5
38914,174,169,5,5
38915,123,123,0,0
38916,34,50,-16,16
38917,76,79,-3,3
38918,114,108,6,6
38919,84,99,-15,15
38920,114,99,15,15
38921,236,204,32,32
38922,86,92,-6,6
38923,91,80,11,11
38924,109,110,-1,1
38925,99,88,11,11
38926,79,71,8,8
38927,51,57,-6,6
38928,201,186,15,15
38929,60,58,2,2
38930,89,94,-5,5
38931,84,85,-1,1
38932,40,50,-10,10
38933,68,64,4,4
38934,58,57,1,1
38935,73,71,2,2
38936,121,122,-1,1
38937,55,53,2,2
38938,91,93,-2,2
38939,57,60,-3,3
38940,68,60,8,8
38941,93,74,19,19
38942,59,66,-7,7
38943,76,63,13,13
38944,99,103,-4,4
38945,85,100,-15,15
38946,113,102,11,11
38947,107,93,14,14
38948,184,173,11,11
38949,80,78,2,2
38950,99,95,4,4
38951,180,164,16,16
38952,94,104,-10,10
38953,37,50,-13,13
38954,59,68,-9,9
38955,65,63,2,2
38956,93,95,-2,2
38957,88,92,-4,4
38958,92,96,-4,4
38959,128,118,10,10
38960,111,116,-5,5
38961,128,169,-41,41
38962,48,51,-3,3
38963,116,124,-8,8
38964,54,53,1,1
38965,57,66,-9,9
38966,61,63,-2,2
38967,79,80,-1,1
38968,61,59,2,2
38969,122,119,3,3
38970,89,82,7,7
38971,121,112,9,9
38972,119,115,4,4
38973,108,122,-14,14
38974,100,103,-3,3
38975,58,59,-1,1
38976,106,95,11,11
38977,88,92,-4,4
38978,103,92,11,11
38979,31,50,-19,19
38980,34,55,-21,21
38981,87,85,2,2
38982,111,109,2,2
38983,101,103,-2,2
38984,41,50,-9,9
38985,60,65,-5,5
38986,115,112,3,3
38987,136,133,3,3
38988,74,66,8,8
38989,84,75,9,9
38990,110,108,2,2
38991,73,76,-3,3
38992,126,116,10,10
38993,77,73,4,4
38994,129,125,4,4
38995,123,126,-3,3
38996,99,91,8,8
38997,88,74,14,14
38998,61,69,-8,8
38999,74,73,1,1
39000,107,101,6,6
39001,122,114,8,8
39002,60,60,0,0
39003,188,182,6,6
39004,84,76,8,8
39005,146,147,-1,1
39006,154,156,-2,2
39007,114,116,-2,2
39008,117,109,8,8
39009,163,167,-4,4
39010,74,73,1,1
39011,113,107,6,6
39012,68,71,-3,3
39013,137,132,5,5
39014,86,88,-2,2
39015,136,137,-1,1
39016,77,73,4,4
39017,156,145,11,11
39018,146,136,10,10
39019,62,59,3,3
39020,66,75,-9,9
39021,121,122,-1,1
39022,161,143,18,18
39023,102,111,-9,9
39024,67,62,5,5
39025,129,129,0,0
39026,120,125,-5,5
39027,174,170,4,4
39028,179,170,9,9
39029,92,87,5,5
39030,112,112,0,0
39031,110,102,8,8
39032,97,98,-1,1
39033,68,58,10,10
39034,117,120,-3,3
39035,155,141,14,14
39036,60,60,0,0
39037,167,138,29,29
39038,115,111,4,4
39039,134,135,-1,1
39040,48,55,-7,7
39041,89,78,11,11
39042,42,55,-13,13
39043,31,50,-19,19
39044,105,101,4,4
39045,138,127,11,11
39046,97,85,12,12
39047,83,85,-2,2
39048,54,62,-8,8
39049,65,63,2,2
39050,94,101,-7,7
39051,86,86,0,0
39052,88,94,-6,6
39053,63,57,6,6
39054,144,140,4,4
39055,62,62,0,0
39056,63,78,-15,15
39057,98,96,2,2
39058,60,58,2,2
39059,49,53,-4,4
39060,96,87,9,9
39061,71,76,-5,5
39062,120,113,7,7
39063,150,131,19,19
39064,80,78,2,2
39065,58,60,-2,2
39066,64,71,-7,7
39067,140,135,5,5
39068,124,128,-4,4
39069,97,89,8,8
39070,161,136,25,25
39071,50,62,-12,12
39072,101,106,-5,5
39073,44,54,-10,10
39074,99,104,-5,5
39075,171,159,12,12
39076,43,51,-8,8
39077,93,105,-12,12
39078,139,134,5,5
39079,120,115,5,5
39080,98,106,-8,8
39081,101,103,-2,2
39082,80,76,4,4
39083,63,58,5,5
39084,149,147,2,2
39085,132,122,10,10
39086,71,72,-1,1
39087,92,99,-7,7
39088,61,75,-14,14
39089,110,110,0,0
39090,67,65,2,2
39091,38,86,-48,48
39092,89,108,-19,19
39093,86,89,-3,3
39094,157,167,-10,10
39095,63,69,-6,6
39096,56,60,-4,4
39097,96,99,-3,3
39098,58,59,-1,1
39099,164,156,8,8
39100,107,105,2,2
39101,131,121,10,10
39102,119,112,7,7
39103,103,104,-1,1
39104,58,59,-1,1
39105,158,142,16,16
39106,148,132,16,16
39107,107,111,-4,4
39108,108,97,11,11
39109,85,71,14,14
39110,76,82,-6,6
39111,72,63,9,9
39112,133,130,3,3
39113,71,72,-1,1
39114,90,81,9,9
39115,105,103,2,2
39116,107,109,-2,2
39117,84,81,3,3
39118,67,72,-5,5
39119,154,145,9,9
39120,63,72,-9,9
39121,182,164,18,18
39122,130,121,9,9
39123,126,128,-2,2
39124,135,128,7,7
39125,86,85,1,1
39126,90,95,-5,5
39127,69,66,3,3
39128,99,108,-9,9
39129,81,86,-5,5
39130,92,91,1,1
39131,83,81,2,2
39132,76,68,8,8
39133,79,70,9,9
39134,59,62,-3,3
39135,100,100,0,0
39136,60,73,-13,13
39137,76,80,-4,4
39138,110,98,12,12
39139,112,109,3,3
39140,93,97,-4,4
39141,101,101,0,0
39142,107,110,-3,3
39143,180,173,7,7
39144,109,107,2,2
39145,85,76,9,9
39146,123,117,6,6
39147,90,94,-4,4
39148,118,118,0,0
39149,108,101,7,7
39150,95,92,3,3
39151,119,111,8,8
39152,115,96,19,19
39153,145,133,12,12
39154,46,60,-14,14
39155,59,63,-4,4
39156,127,132,-5,5
39157,114,111,3,3
39158,101,101,0,0
39159,134,128,6,6
39160,99,97,2,2
39161,143,136,7,7
39162,136,130,6,6
39163,152,148,4,4
39164,103,100,3,3
39165,79,78,1,1
39166,83,80,3,3
39167,125,113,12,12
39168,74,92,-18,18
39169,44,51,-7,7
39170,100,106,-6,6
39171,111,113,-2,2
39172,65,61,4,4
39173,102,101,1,1
39174,109,103,6,6
39175,80,72,8,8
39176,117,114,3,3
39177,121,114,7,7
39178,154,143,11,11
39179,55,60,-5,5
39180,90,94,-4,4
39181,137,115,22,22
39182,53,52,1,1
39183,137,138,-1,1
39184,64,63,1,1
39185,133,120,13,13
39186,38,50,-12,12
39187,105,90,15,15
39188,45,52,-7,7
39189,133,122,11,11
39190,121,121,0,0
39191,138,125,13,13
39192,84,72,12,12
39193,79,81,-2,2
39194,48,52,-4,4
39195,51,58,-7,7
39196,90,92,-2,2
39197,79,75,4,4
39198,73,68,5,5
39199,82,72,10,10
39200,90,95,-5,5
39201,98,76,22,22
39202,56,61,-5,5
39203,100,94,6,6
39204,55,70,-15,15
39205,116,126,-10,10
39206,61,58,3,3
39207,77,72,5,5
39208,131,127,4,4
39209,115,121,-6,6
39210,94,87,7,7
39211,80,77,3,3
39212,57,58,-1,1
39213,112,106,6,6
39214,98,92,6,6
39215,136,138,-2,2
39216,125,112,13,13
39217,90,99,-9,9
39218,81,85,-4,4
39219,123,118,5,5
39220,114,118,-4,4
39221,35,76,-41,41
39222,55,56,-1,1
39223,110,107,3,3
39224,52,54,-2,2
39225,191,173,18,18
39226,48,57,-9,9
39227,70,61,9,9
39228,116,116,0,0
39229,114,113,1,1
39230,71,75,-4,4
39231,130,113,17,17
39232,92,91,1,1
39233,111,114,-3,3
39234,150,147,3,3
39235,112,130,-18,18
39236,85,86,-1,1
39237,75,74,1,1
39238,64,64,0,0
39239,65,66,-1,1
39240,164,157,7,7
39241,63,74,-11,11
39242,105,104,1,1
39243,96,96,0,0
39244,102,88,14,14
39245,84,72,12,12
39246,72,82,-10,10
39247,118,121,-3,3
39248,110,108,2,2
39249,81,84,-3,3
39250,109,113,-4,4
39251,76,68,8,8
39252,64,61,3,3
39253,133,116,17,17
39254,143,128,15,15
39255,72,73,-1,1
39256,74,82,-8,8
39257,41,50,-9,9
39258,65,66,-1,1
39259,73,66,7,7
39260,63,70,-7,7
39261,175,158,17,17
39262,85,98,-13,13
39263,82,80,2,2
39264,48,52,-4,4
39265,97,90,7,7
39266,86,93,-7,7
39267,66,68,-2,2
39268,80,75,5,5
39269,84,87,-3,3
39270,90,89,1,1
39271,76,83,-7,7
39272,90,93,-3,3
39273,128,132,-4,4
39274,76,87,-11,11
39275,84,82,2,2
39276,116,115,1,1
39277,72,76,-4,4
39278,88,82,6,6
39279,58,57,1,1
39280,80,74,6,6
39281,122,112,10,10
39282,84,92,-8,8
39283,62,64,-2,2
39284,78,71,7,7
39285,113,111,2,2
39286,152,141,11,11
39287,68,70,-2,2
39288,72,67,5,5
39289,104,107,-3,3
39290,100,99,1,1
39291,92,85,7,7
39292,95,82,13,13
39293,66,60,6,6
39294,78,83,-5,5
39295,117,106,11,11
39296,109,90,19,19
39297,157,142,15,15
39298,100,84,16,16
39299,101,95,6,6
39300,68,60,8,8
39301,137,119,18,18
39302,144,151,-7,7
39303,152,147,5,5
39304,121,108,13,13
39305,83,85,-2,2
39306,86,97,-11,11
39307,72,64,8,8
39308,82,94,-12,12
39309,115,107,8,8
39310,44,50,-6,6
39311,130,134,-4,4
39312,84,83,1,1
39313,104,100,4,4
39314,70,63,7,7
39315,152,127,25,25
39316,66,66,0,0
39317,137,114,23,23
39318,86,84,2,2
39319,130,116,14,14
39320,105,96,9,9
39321,79,79,0,0
39322,79,76,3,3
39323,68,64,4,4
39324,86,82,4,4
39325,90,98,-8,8
39326,174,158,16,16
39327,41,50,-9,9
39328,109,95,14,14
39329,98,92,6,6
39330,79,83,-4,4
39331,107,113,-6,6
39332,138,138,0,0
39333,49,50,-1,1
39334,68,76,-8,8
39335,465,378,87,87
39336,102,90,12,12
39337,108,113,-5,5
39338,98,103,-5,5
39339,70,62,8,8
39340,90,91,-1,1
39341,103,103,0,0
39342,84,71,13,13
39343,128,136,-8,8
39344,205,188,17,17
39345,149,136,13,13
39346,51,58,-7,7
39347,64,65,-1,1
39348,155,140,15,15
39349,61,64,-3,3
39350,91,89,2,2
39351,69,76,-7,7
39352,51,61,-10,10
39353,59,57,2,2
39354,110,98,12,12
39355,145,126,19,19
39356,86,98,-12,12
39357,192,185,7,7
39358,80,68,12,12
39359,62,61,1,1
39360,116,119,-3,3
39361,94,103,-9,9
39362,60,59,1,1
39363,128,145,-17,17
39364,129,125,4,4
39365,111,112,-1,1
39366,137,133,4,4
39367,164,148,16,16
39368,119,114,5,5
39369,90,88,2,2
39370,114,123,-9,9
39371,26,50,-24,24
39372,107,109,-2,2
39373,68,66,2,2
39374,118,120,-2,2
39375,124,118,6,6
39376,170,162,8,8
39377,61,63,-2,2
39378,136,134,2,2
39379,196,144,52,52
39380,87,75,12,12
39381,95,107,-12,12
39382,108,108,0,0
39383,151,148,3,3
39384,67,67,0,0
39385,149,143,6,6
39386,113,106,7,7
39387,50,59,-9,9
39388,79,86,-7,7
39389,103,103,0,0
39390,80,77,3,3
39391,172,172,0,0
39392,105,112,-7,7
39393,82,84,-2,2
39394,47,51,-4,4
39395,54,55,-1,1
39396,80,70,10,10
39397,64,61,3,3
39398,150,139,11,11
39399,134,126,8,8
39400,61,68,-7,7
39401,108,105,3,3
39402,116,120,-4,4
39403,101,118,-17,17
39404,81,77,4,4
39405,90,94,-4,4
39406,71,74,-3,3
39407,119,115,4,4
39408,133,135,-2,2
39409,125,134,-9,9
39410,70,66,4,4
39411,182,168,14,14
39412,114,119,-5,5
39413,136,137,-1,1
39414,76,79,-3,3
39415,114,102,12,12
39416,46,53,-7,7
39417,97,111,-14,14
39418,70,74,-4,4
39419,63,56,7,7
39420,100,94,6,6
39421,114,105,9,9
39422,52,53,-1,1
39423,130,135,-5,5
39424,108,99,9,9
39425,133,118,15,15
39426,26,50,-24,24
39427,75,76,-1,1
39428,112,119,-7,7
39429,73,65,8,8
39430,44,54,-10,10
39431,75,74,1,1
39432,93,92,1,1
39433,60,71,-11,11
39434,83,82,1,1
39435,140,130,10,10
39436,100,104,-4,4
39437,107,99,8,8
39438,95,81,14,14
39439,111,99,12,12
39440,112,106,6,6
39441,67,70,-3,3
39442,52,53,-1,1
39443,113,100,13,13
39444,77,75,2,2
39445,135,131,4,4
39446,61,61,0,0
39447,58,69,-11,11
39448,60,60,0,0
39449,100,97,3,3
39450,49,56,-7,7
39451,71,66,5,5
39452,104,104,0,0
39453,49,54,-5,5
39454,141,138,3,3
39455,113,115,-2,2
39456,74,67,7,7
39457,135,135,0,0
39458,61,64,-3,3
39459,115,116,-1,1
39460,89,99,-10,10
39461,76,71,5,5
39462,111,119,-8,8
39463,61,70,-9,9
39464,54,51,3,3
39465,95,103,-8,8
39466,125,125,0,0
39467,168,169,-1,1
39468,71,66,5,5
39469,80,77,3,3
39470,224,218,6,6
39471,87,89,-2,2
39472,65,66,-1,1
39473,130,136,-6,6
39474,111,115,-4,4
39475,76,69,7,7
39476,111,106,5,5
39477,88,96,-8,8
39478,97,94,3,3
39479,118,118,0,0
39480,93,80,13,13
39481,131,121,10,10
39482,82,85,-3,3
39483,153,144,9,9
39484,76,78,-2,2
39485,105,114,-9,9
39486,38,50,-12,12
39487,56,62,-6,6
39488,75,72,3,3
39489,40,54,-14,14
39490,139,138,1,1
39491,78,94,-16,16
39492,72,71,1,1
39493,123,130,-7,7
39494,71,64,7,7
39495,144,141,3,3
39496,51,56,-5,5
39497,63,60,3,3
39498,51,54,-3,3
39499,98,94,4,4
39500,83,80,3,3
39501,75,87,-12,12
39502,108,108,0,0
39503,100,93,7,7
39504,61,54,7,7
39505,76,77,-1,1
39506,156,224,-68,68
39507,69,67,2,2
39508,219,211,8,8
39509,112,111,1,1
39510,86,90,-4,4
39511,53,52,1,1
39512,108,105,3,3
39513,82,81,1,1
39514,89,80,9,9
39515,125,118,7,7
39516,96,117,-21,21
39517,113,109,4,4
39518,61,71,-10,10
39519,39,50,-11,11
39520,65,77,-12,12
39521,101,101,0,0
39522,188,166,22,22
39523,73,74,-1,1
39524,51,64,-13,13
39525,126,125,1,1
39526,95,119,-24,24
39527,85,106,-21,21
39528,112,107,5,5
39529,117,119,-2,2
39530,109,95,14,14
39531,47,55,-8,8
39532,63,74,-11,11
39533,92,93,-1,1
39534,78,78,0,0
39535,100,93,7,7
39536,137,124,13,13
39537,163,155,8,8
39538,74,80,-6,6
39539,64,73,-9,9
39540,87,74,13,13
39541,87,90,-3,3
39542,120,128,-8,8
39543,129,121,8,8
39544,137,134,3,3
39545,65,62,3,3
39546,67,65,2,2
39547,83,83,0,0
39548,91,86,5,5
39549,88,81,7,7
39550,47,52,-5,5
39551,119,116,3,3
39552,76,76,0,0
39553,96,93,3,3
39554,69,77,-8,8
39555,91,90,1,1
39556,95,96,-1,1
39557,89,101,-12,12
39558,89,82,7,7
39559,106,104,2,2
39560,86,71,15,15
39561,119,110,9,9
39562,76,82,-6,6
39563,95,88,7,7
39564,93,88,5,5
39565,93,78,15,15
39566,87,87,0,0
39567,142,146,-4,4
39568,81,81,0,0
39569,54,53,1,1
39570,131,122,9,9
39571,53,56,-3,3
39572,132,132,0,0
39573,83,83,0,0
39574,77,67,10,10
39575,86,91,-5,5
39576,135,127,8,8
39577,114,111,3,3
39578,75,88,-13,13
39579,62,72,-10,10
39580,96,91,5,5
39581,88,82,6,6
39582,58,58,0,0
39583,55,59,-4,4
39584,70,68,2,2
39585,162,150,12,12
39586,98,88,10,10
39587,73,63,10,10
39588,52,56,-4,4
39589,86,83,3,3
39590,133,119,14,14
39591,102,101,1,1
39592,137,134,3,3
39593,58,54,4,4
39594,94,77,17,17
39595,158,146,12,12
39596,88,88,0,0
39597,81,89,-8,8
39598,88,76,12,12
39599,170,176,-6,6
39600,132,126,6,6
39601,160,159,1,1
39602,69,71,-2,2
39603,78,78,0,0
39604,47,66,-19,19
39605,122,119,3,3
39606,46,63,-17,17
39607,81,85,-4,4
39608,173,175,-2,2
39609,36,106,-70,70
39610,84,74,10,10
39611,118,100,18,18
39612,113,100,13,13
39613,162,155,7,7
39614,98,104,-6,6
39615,96,94,2,2
39616,71,73,-2,2
39617,68,64,4,4
39618,85,79,6,6
39619,34,58,-24,24
39620,69,79,-10,10
39621,69,73,-4,4
39622,128,120,8,8
39623,99,105,-6,6
39624,121,122,-1,1
39625,179,164,15,15
39626,92,99,-7,7
39627,171,173,-2,2
39628,94,96,-2,2
39629,112,115,-3,3
39630,79,75,4,4
39631,57,65,-8,8
39632,72,79,-7,7
39633,161,139,22,22
39634,132,128,4,4
39635,126,115,11,11
39636,78,80,-2,2
39637,72,68,4,4
39638,88,93,-5,5
39639,93,90,3,3
39640,56,56,0,0
39641,179,170,9,9
39642,99,93,6,6
39643,143,129,14,14
39644,25,50,-25,25
39645,85,78,7,7
39646,50,54,-4,4
39647,110,105,5,5
39648,133,123,10,10
39649,103,96,7,7
39650,149,147,2,2
39651,146,147,-1,1
39652,65,69,-4,4
39653,117,130,-13,13
39654,53,53,0,0
39655,155,139,16,16
39656,127,125,2,2
39657,87,89,-2,2
39658,167,151,16,16
39659,74,69,5,5
39660,65,69,-4,4
39661,50,54,-4,4
39662,109,109,0,0
39663,65,64,1,1
39664,98,93,5,5
39665,128,121,7,7
39666,132,130,2,2
39667,174,175,-1,1
39668,81,82,-1,1
39669,69,73,-4,4
39670,77,70,7,7
39671,69,66,3,3
39672,68,70,-2,2
39673,132,136,-4,4
39674,152,166,-14,14
39675,87,87,0,0
39676,30,50,-20,20
39677,98,87,11,11
39678,99,92,7,7
39679,116,116,0,0
39680,100,99,1,1
39681,137,128,9,9
39682,63,63,0,0
39683,82,89,-7,7
39684,99,114,-15,15
39685,58,60,-2,2
39686,68,68,0,0
39687,121,112,9,9
39688,91,76,15,15
39689,61,80,-19,19
39690,46,52,-6,6
39691,107,117,-10,10
39692,80,74,6,6
39693,78,81,-3,3
39694,83,77,6,6
39695,139,135,4,4
39696,113,116,-3,3
39697,109,113,-4,4
39698,168,159,9,9
39699,148,136,12,12
39700,90,82,8,8
39701,49,54,-5,5
39702,91,99,-8,8
39703,48,52,-4,4
39704,99,104,-5,5
39705,125,126,-1,1
39706,77,97,-20,20
39707,89,90,-1,1
39708,85,76,9,9
39709,85,79,6,6
39710,60,64,-4,4
39711,100,97,3,3
39712,61,64,-3,3
39713,87,88,-1,1
39714,79,82,-3,3
39715,48,50,-2,2
39716,90,98,-8,8
39717,85,80,5,5
39718,77,72,5,5
39719,56,60,-4,4
39720,55,54,1,1
39721,148,140,8,8
39722,108,101,7,7
39723,69,63,6,6
39724,151,138,13,13
39725,98,82,16,16
39726,87,89,-2,2
39727,76,74,2,2
39728,84,80,4,4
39729,39,50,-11,11
39730,105,101,4,4
39731,68,92,-24,24
39732,58,69,-11,11
39733,81,80,1,1
39734,108,111,-3,3
39735,98,101,-3,3
39736,148,122,26,26
39737,71,73,-2,2
39738,108,101,7,7
39739,68,75,-7,7
39740,82,84,-2,2
39741,159,143,16,16
39742,109,96,13,13
39743,113,106,7,7
39744,106,101,5,5
39745,124,115,9,9
39746,74,73,1,1
39747,23,50,-27,27
39748,94,87,7,7
39749,69,69,0,0
39750,63,69,-6,6
39751,49,58,-9,9
39752,83,79,4,4
39753,65,61,4,4
39754,122,94,28,28
39755,110,106,4,4
39756,145,140,5,5
39757,128,112,16,16
39758,61,56,5,5
39759,135,126,9,9
39760,62,52,10,10
39761,143,122,21,21
39762,59,59,0,0
39763,133,132,1,1
39764,84,92,-8,8
39765,127,122,5,5
39766,75,72,3,3
39767,128,122,6,6
39768,85,92,-7,7
39769,127,114,13,13
39770,66,76,-10,10
39771,45,56,-11,11
39772,89,88,1,1
39773,82,80,2,2
39774,98,91,7,7
39775,51,81,-30,30
39776,112,115,-3,3
39777,70,73,-3,3
39778,75,57,18,18
39779,97,96,1,1
39780,59,70,-11,11
39781,51,50,1,1
39782,53,56,-3,3
39783,56,69,-13,13
39784,67,60,7,7
39785,66,70,-4,4
39786,89,85,4,4
39787,94,82,12,12
39788,77,83,-6,6
39789,41,51,-10,10
39790,85,85,0,0
39791,72,68,4,4
39792,108,110,-2,2
39793,105,103,2,2
39794,67,71,-4,4
39795,97,92,5,5
39796,76,74,2,2
39797,133,143,-10,10
39798,93,91,2,2
39799,40,51,-11,11
39800,66,61,5,5
39801,43,52,-9,9
39802,145,139,6,6
39803,135,117,18,18
39804,64,67,-3,3
39805,76,91,-15,15
39806,55,57,-2,2
39807,78,71,7,7
39808,103,98,5,5
39809,141,143,-2,2
39810,152,149,3,3
39811,110,120,-10,10
39812,122,114,8,8
39813,78,80,-2,2
39814,82,81,1,1
39815,104,92,12,12
39816,112,106,6,6
39817,69,65,4,4
39818,48,52,-4,4
39819,60,65,-5,5
39820,54,53,1,1
39821,128,118,10,10
39822,61,58,3,3
39823,108,123,-15,15
39824,86,88,-2,2
39825,74,81,-7,7
39826,168,154,14,14
39827,76,72,4,4
39828,80,81,-1,1
39829,96,91,5,5
39830,74,68,6,6
39831,59,55,4,4
39832,143,137,6,6
39833,68,59,9,9
39834,76,78,-2,2
39835,97,101,-4,4
39836,66,67,-1,1
39837,94,91,3,3
39838,159,154,5,5
39839,76,67,9,9
39840,121,123,-2,2
39841,123,126,-3,3
39842,80,79,1,1
39843,77,77,0,0
39844,52,56,-4,4
39845,115,121,-6,6
39846,180,159,21,21
39847,70,68,2,2
39848,79,84,-5,5
39849,112,101,11,11
39850,89,91,-2,2
39851,83,82,1,1
39852,108,114,-6,6
39853,67,68,-1,1
39854,86,83,3,3
39855,82,84,-2,2
39856,156,153,3,3
39857,141,127,14,14
39858,154,147,7,7
39859,63,63,0,0
39860,52,53,-1,1
39861,122,112,10,10
39862,69,77,-8,8
39863,93,89,4,4
39864,106,111,-5,5
39865,76,80,-4,4
39866,97,87,10,10
39867,96,96,0,0
39868,116,116,0,0
39869,98,97,1,1
39870,89,85,4,4
39871,137,136,1,1
39872,88,71,17,17
39873,115,115,0,0
39874,135,131,4,4
39875,99,100,-1,1
39876,68,71,-3,3
39877,98,97,1,1
39878,119,113,6,6
39879,77,71,6,6
39880,74,83,-9,9
39881,115,111,4,4
39882,67,67,0,0
39883,79,82,-3,3
39884,107,109,-2,2
39885,83,83,0,0
39886,74,80,-6,6
39887,160,156,4,4
39888,56,65,-9,9
39889,74,75,-1,1
39890,95,96,-1,1
39891,141,146,-5,5
39892,98,98,0,0
39893,84,85,-1,1
39894,118,112,6,6
39895,58,56,2,2
39896,54,61,-7,7
39897,74,74,0,0
39898,69,71,-2,2
39899,123,108,15,15
39900,59,57,2,2
39901,50,57,-7,7
39902,56,53,3,3
39903,55,59,-4,4
39904,145,130,15,15
39905,89,86,3,3
39906,74,64,10,10
39907,67,68,-1,1
39908,100,102,-2,2
39909,99,99,0,0
39910,64,67,-3,3
39911,49,58,-9,9
39912,144,140,4,4
39913,65,65,0,0
39914,57,60,-3,3
39915,74,75,-1,1
39916,82,86,-4,4
39917,80,74,6,6
39918,167,181,-14,14
39919,55,53,2,2
39920,98,100,-2,2
39921,69,70,-1,1
39922,60,63,-3,3
39923,149,140,9,9
39924,170,164,6,6
39925,56,59,-3,3
39926,120,112,8,8
39927,114,111,3,3
39928,123,120,3,3
39929,67,73,-6,6
39930,145,139,6,6
39931,72,70,2,2
39932,85,80,5,5
39933,117,115,2,2
39934,87,104,-17,17
39935,66,70,-4,4
39936,116,122,-6,6
39937,53,63,-10,10
39938,109,104,5,5
39939,26,50,-24,24
39940,51,54,-3,3
39941,65,56,9,9
39942,89,79,10,10
39943,110,95,15,15
39944,70,71,-1,1
39945,46,52,-6,6
39946,119,115,4,4
39947,127,120,7,7
39948,95,90,5,5
39949,68,68,0,0
39950,73,71,2,2
39951,112,106,6,6
39952,152,159,-7,7
39953,83,81,2,2
39954,115,111,4,4
39955,131,108,23,23
39956,49,50,-1,1
39957,118,98,20,20
39958,94,82,12,12
39959,120,119,1,1
39960,64,73,-9,9
39961,145,135,10,10
39962,63,67,-4,4
39963,62,60,2,2
39964,55,56,-1,1
39965,113,118,-5,5
39966,62,83,-21,21
39967,80,77,3,3
39968,100,94,6,6
39969,72,75,-3,3
39970,75,71,4,4
39971,104,101,3,3
39972,56,54,2,2
39973,116,127,-11,11
39974,87,91,-4,4
39975,109,103,6,6
39976,107,112,-5,5
39977,63,67,-4,4
39978,127,129,-2,2
39979,124,110,14,14
39980,67,64,3,3
39981,229,180,49,49
39982,144,126,18,18
39983,110,111,-1,1
39984,70,65,5,5
39985,102,99,3,3
39986,153,131,22,22
39987,82,81,1,1
39988,50,53,-3,3
39989,54,59,-5,5
39990,97,92,5,5
39991,75,74,1,1
39992,83,75,8,8
39993,88,83,5,5
39994,129,119,10,10
39995,91,79,12,12
39996,115,102,13,13
39997,96,94,2,2
39998,177,174,3,3
39999,109,108,1,1
40000,91,90,1,1
40001,102,97,5,5
40002,75,67,8,8
40003,67,68,-1,1
40004,85,86,-1,1
40005,133,122,11,11
40006,122,116,6,6
40007,99,100,-1,1
40008,72,75,-3,3
40009,80,82,-2,2
40010,61,58,3,3
40011,118,111,7,7
40012,112,111,1,1
40013,69,74,-5,5
40014,156,148,8,8
40015,140,135,5,5
40016,55,54,1,1
40017,85,90,-5,5
40018,104,96,8,8
40019,113,108,5,5
40020,61,65,-4,4
40021,110,118,-8,8
40022,142,125,17,17
40023,93,90,3,3
40024,49,55,-6,6
40025,139,136,3,3
40026,42,50,-8,8
40027,80,73,7,7
40028,138,131,7,7
40029,148,145,3,3
40030,28,56,-28,28
40031,54,60,-6,6
40032,85,74,11,11
40033,84,83,1,1
40034,161,144,17,17
40035,80,76,4,4
40036,108,122,-14,14
40037,91,93,-2,2
40038,92,84,8,8
40039,92,99,-7,7
40040,91,79,12,12
40041,146,130,16,16
40042,59,68,-9,9
40043,109,100,9,9
40044,67,70,-3,3
40045,89,93,-4,4
40046,156,140,16,16
40047,106,102,4,4
40048,71,75,-4,4
40049,161,155,6,6
40050,97,93,4,4
40051,95,91,4,4
40052,128,128,0,0
40053,79,93,-14,14
40054,127,137,-10,10
40055,88,91,-3,3
40056,63,63,0,0
40057,47,52,-5,5
40058,67,78,-11,11
40059,44,50,-6,6
40060,70,62,8,8
40061,59,53,6,6
40062,115,114,1,1
40063,123,129,-6,6
40064,49,51,-2,2
40065,81,81,0,0
40066,55,59,-4,4
40067,105,95,10,10
40068,120,118,2,2
40069,95,99,-4,4
40070,73,80,-7,7
40071,76,80,-4,4
40072,95,91,4,4
40073,35,50,-15,15
40074,85,78,7,7
40075,65,78,-13,13
40076,125,125,0,0
40077,62,60,2,2
40078,95,95,0,0
40079,139,131,8,8
40080,77,82,-5,5
40081,65,62,3,3
40082,53,57,-4,4
40083,83,70,13,13
40084,62,52,10,10
40085,74,74,0,0
40086,32,50,-18,18
40087,67,65,2,2
40088,134,127,7,7
40089,78,83,-5,5
40090,88,84,4,4
40091,81,85,-4,4
40092,60,64,-4,4
40093,117,103,14,14
40094,61,64,-3,3
40095,147,140,7,7
40096,217,195,22,22
40097,84,82,2,2
40098,67,67,0,0
40099,158,168,-10,10
40100,51,59,-8,8
40101,91,92,-1,1
40102,72,66,6,6
40103,121,120,1,1
40104,76,70,6,6
40105,117,109,8,8
40106,63,60,3,3
40107,82,89,-7,7
40108,87,99,-12,12
40109,77,73,4,4
40110,67,70,-3,3
40111,129,103,26,26
40112,56,56,0,0
40113,60,66,-6,6
40114,130,115,15,15
40115,106,117,-11,11
40116,73,65,8,8
40117,89,88,1,1
40118,85,94,-9,9
40119,71,64,7,7
40120,206,216,-10,10
40121,142,149,-7,7
40122,106,108,-2,2
40123,98,97,1,1
40124,60,70,-10,10
40125,113,114,-1,1
40126,57,61,-4,4
40127,73,73,0,0
40128,186,154,32,32
40129,87,93,-6,6
40130,122,114,8,8
40131,80,87,-7,7
40132,130,118,12,12
40133,106,102,4,4
40134,175,194,-19,19
40135,135,126,9,9
40136,115,111,4,4
40137,80,76,4,4
40138,125,111,14,14
40139,85,95,-10,10
40140,85,76,9,9
40141,143,137,6,6
40142,92,88,4,4
40143,74,59,15,15
40144,66,76,-10,10
40145,68,65,3,3
40146,103,96,7,7
40147,82,80,2,2
40148,57,57,0,0
40149,102,109,-7,7
40150,117,115,2,2
40151,79,85,-6,6
40152,179,153,26,26
40153,111,118,-7,7
40154,59,62,-3,3
40155,90,86,4,4
40156,82,107,-25,25
40157,120,113,7,7
40158,89,89,0,0
40159,76,73,3,3
40160,74,67,7,7
40161,54,56,-2,2
40162,51,57,-6,6
40163,71,72,-1,1
40164,116,99,17,17
40165,84,76,8,8
40166,107,102,5,5
40167,83,81,2,2
40168,170,156,14,14
40169,118,116,2,2
40170,115,108,7,7
40171,78,88,-10,10
40172,155,147,8,8
40173,143,145,-2,2
40174,80,87,-7,7
40175,64,76,-12,12
40176,97,89,8,8
40177,92,91,1,1
40178,63,65,-2,2
40179,196,174,22,22
40180,70,79,-9,9
40181,95,94,1,1
40182,73,75,-2,2
40183,64,73,-9,9
40184,86,99,-13,13
40185,93,98,-5,5
40186,81,76,5,5
40187,132,107,25,25
40188,89,72,17,17
40189,80,68,12,12
40190,61,62,-1,1
40191,148,148,0,0
40192,104,101,3,3
40193,105,107,-2,2
40194,94,87,7,7
40195,72,73,-1,1
40196,71,70,1,1
40197,115,113,2,2
40198,100,94,6,6
40199,64,65,-1,1
40200,88,89,-1,1
40201,175,179,-4,4
40202,153,159,-6,6
40203,58,56,2,2
40204,143,143,0,0
40205,49,53,-4,4
40206,62,59,3,3
40207,72,71,1,1
40208,112,110,2,2
40209,90,82,8,8
40210,88,83,5,5
40211,92,86,6,6
40212,25,60,-35,35
40213,97,95,2,2
40214,133,120,13,13
40215,86,89,-3,3
40216,81,78,3,3
40217,164,150,14,14
40218,64,59,5,5
40219,79,76,3,3
40220,108,105,3,3
40221,62,70,-8,8
40222,84,86,-2,2
40223,187,184,3,3
40224,70,80,-10,10
40225,119,108,11,11
40226,86,100,-14,14
40227,118,113,5,5
40228,79,84,-5,5
40229,77,77,0,0
40230,85,91,-6,6
40231,107,93,14,14
40232,76,77,-1,1
40233,54,51,3,3
40234,66,66,0,0
40235,64,69,-5,5
40236,56,55,1,1
40237,147,154,-7,7
40238,92,82,10,10
40239,119,111,8,8
40240,61,73,-12,12
40241,112,105,7,7
40242,116,122,-6,6
40243,68,77,-9,9
40244,153,148,5,5
40245,114,123,-9,9
40246,115,110,5,5
40247,91,93,-2,2
40248,68,71,-3,3
40249,111,107,4,4
40250,79,68,11,11
40251,57,64,-7,7
40252,114,114,0,0
40253,66,71,-5,5
40254,96,84,12,12
40255,83,95,-12,12
40256,93,82,11,11
40257,83,73,10,10
40258,80,73,7,7
40259,82,81,1,1
40260,114,113,1,1
40261,49,63,-14,14
40262,67,74,-7,7
40263,79,77,2,2
40264,77,78,-1,1
40265,64,68,-4,4
40266,177,171,6,6
40267,71,75,-4,4
40268,99,91,8,8
40269,90,87,3,3
40270,107,105,2,2
40271,103,93,10,10
40272,144,137,7,7
40273,81,77,4,4
40274,69,68,1,1
40275,63,83,-20,20
40276,105,108,-3,3
40277,100,91,9,9
40278,118,122,-4,4
40279,89,75,14,14
40280,90,87,3,3
40281,88,91,-3,3
40282,69,64,5,5
40283,59,54,5,5
40284,84,81,3,3
40285,143,142,1,1
40286,112,122,-10,10
40287,143,149,-6,6
40288,78,79,-1,1
40289,38,50,-12,12
40290,107,94,13,13
40291,57,60,-3,3
40292,62,90,-28,28
40293,79,81,-2,2
40294,72,77,-5,5
40295,85,81,4,4
40296,83,84,-1,1
40297,69,64,5,5
40298,62,58,4,4
40299,80,86,-6,6
40300,55,62,-7,7
40301,77,69,8,8
40302,77,87,-10,10
40303,81,89,-8,8
40304,88,83,5,5
40305,75,86,-11,11
40306,103,105,-2,2
40307,63,61,2,2
40308,115,101,14,14
40309,149,149,0,0
40310,48,52,-4,4
40311,67,61,6,6
40312,167,148,19,19
40313,116,115,1,1
40314,40,55,-15,15
40315,93,93,0,0
40316,98,91,7,7
40317,105,95,10,10
40318,150,135,15,15
40319,174,149,25,25
40320,156,149,7,7
40321,61,93,-32,32
40322,124,129,-5,5
40323,61,59,2,2
40324,58,58,0,0
40325,147,149,-2,2
40326,80,88,-8,8
40327,115,104,11,11
40328,139,137,2,2
40329,73,73,0,0
40330,208,199,9,9
40331,92,100,-8,8
40332,63,57,6,6
40333,126,118,8,8
40334,31,50,-19,19
40335,55,72,-17,17
40336,154,148,6,6
40337,110,110,0,0
40338,62,61,1,1
40339,124,117,7,7
40340,81,75,6,6
40341,78,70,8,8
40342,122,135,-13,13
40343,110,122,-12,12
40344,100,86,14,14
40345,112,109,3,3
40346,58,58,0,0
40347,92,87,5,5
40348,143,139,4,4
40349,76,72,4,4
40350,62,71,-9,9
40351,72,77,-5,5
40352,96,97,-1,1
40353,98,95,3,3
40354,209,183,26,26
40355,81,78,3,3
40356,65,68,-3,3
40357,111,99,12,12
40358,158,144,14,14
40359,106,109,-3,3
40360,124,112,12,12
40361,90,83,7,7
40362,95,92,3,3
40363,86,93,-7,7
40364,89,82,7,7
40365,59,68,-9,9
40366,132,119,13,13
40367,91,75,16,16
40368,90,83,7,7
40369,85,84,1,1
40370,77,90,-13,13
40371,68,60,8,8
40372,77,87,-10,10
40373,125,128,-3,3
40374,53,54,-1,1
40375,100,105,-5,5
40376,128,127,1,1
40377,78,71,7,7
40378,73,89,-16,16
40379,79,77,2,2
40380,89,93,-4,4
40381,101,101,0,0
40382,93,107,-14,14
40383,93,95,-2,2
40384,62,63,-1,1
40385,113,114,-1,1
40386,117,111,6,6
40387,133,124,9,9
40388,107,113,-6,6
40389,64,88,-24,24
40390,48,55,-7,7
40391,103,102,1,1
40392,91,98,-7,7
40393,121,125,-4,4
40394,109,111,-2,2
40395,92,93,-1,1
40396,118,107,11,11
40397,82,86,-4,4
40398,76,66,10,10
40399,98,88,10,10
40400,118,106,12,12
40401,124,129,-5,5
40402,120,102,18,18
40403,85,91,-6,6
40404,112,109,3,3
40405,88,90,-2,2
40406,65,58,7,7
40407,48,52,-4,4
40408,66,75,-9,9
40409,106,84,22,22
40410,174,137,37,37
40411,161,152,9,9
40412,42,70,-28,28
40413,65,72,-7,7
40414,47,57,-10,10
40415,100,113,-13,13
40416,91,89,2,2
40417,59,60,-1,1
40418,77,87,-10,10
40419,83,76,7,7
40420,91,86,5,5
40421,91,87,4,4
40422,163,161,2,2
40423,89,84,5,5
40424,144,149,-5,5
40425,107,115,-8,8
40426,75,69,6,6
40427,210,205,5,5
40428,168,159,9,9
40429,116,117,-1,1
40430,67,76,-9,9
40431,66,67,-1,1
40432,23,50,-27,27
40433,99,94,5,5
40434,66,65,1,1
40435,56,57,-1,1
40436,92,87,5,5
40437,132,126,6,6
40438,67,69,-2,2
40439,42,52,-10,10
40440,123,124,-1,1
40441,44,51,-7,7
40442,117,114,3,3
40443,109,107,2,2
40444,106,102,4,4
40445,92,92,0,0
40446,88,81,7,7
40447,74,73,1,1
40448,114,126,-12,12
40449,146,129,17,17
40450,105,101,4,4
40451,91,94,-3,3
40452,124,119,5,5
40453,178,166,12,12
40454,98,94,4,4
40455,145,152,-7,7
40456,76,77,-1,1
40457,100,101,-1,1
40458,128,109,19,19
40459,152,144,8,8
40460,40,50,-10,10
40461,65,72,-7,7
40462,107,110,-3,3
40463,90,85,5,5
40464,100,107,-7,7
40465,71,83,-12,12
40466,55,62,-7,7
40467,80,79,1,1
40468,131,112,19,19
40469,28,50,-22,22
40470,93,96,-3,3
40471,149,157,-8,8
40472,88,89,-1,1
40473,50,56,-6,6
40474,82,92,-10,10
40475,125,116,9,9
40476,131,116,15,15
40477,93,101,-8,8
40478,83,79,4,4
40479,149,155,-6,6
40480,74,81,-7,7
40481,124,125,-1,1
40482,174,150,24,24
40483,83,110,-27,27
40484,119,122,-3,3
40485,85,79,6,6
40486,70,64,6,6
40487,197,187,10,10
40488,131,123,8,8
40489,130,119,11,11
40490,73,78,-5,5
40491,97,95,2,2
40492,85,95,-10,10
40493,198,173,25,25
40494,100,93,7,7
40495,81,88,-7,7
40496,71,76,-5,5
40497,97,98,-1,1
40498,77,89,-12,12
40499,88,88,0,0
40500,90,81,9,9
40501,74,75,-1,1
40502,70,71,-1,1
40503,63,58,5,5
40504,149,137,12,12
40505,97,87,10,10
40506,65,69,-4,4
40507,81,79,2,2
40508,100,100,0,0
40509,79,91,-12,12
40510,106,106,0,0
40511,79,84,-5,5
40512,137,133,4,4
40513,82,88,-6,6
40514,68,58,10,10
40515,100,91,9,9
40516,40,51,-11,11
40517,57,57,0,0
40518,73,74,-1,1
40519,85,86,-1,1
40520,135,131,4,4
40521,126,123,3,3
40522,158,155,3,3
40523,110,107,3,3
40524,125,132,-7,7
40525,115,108,7,7
40526,112,113,-1,1
40527,71,76,-5,5
40528,121,137,-16,16
40529,97,104,-7,7
40530,104,100,4,4
40531,97,97,0,0
40532,54,57,-3,3
40533,76,76,0,0
40534,132,111,21,21
40535,98,102,-4,4
40536,107,103,4,4
40537,119,111,8,8
40538,125,119,6,6
40539,96,99,-3,3
40540,49,55,-6,6
40541,89,78,11,11
40542,101,92,9,9
40543,86,94,-8,8
40544,43,50,-7,7
40545,40,50,-10,10
40546,109,107,2,2
40547,49,55,-6,6
40548,99,102,-3,3
40549,120,93,27,27
40550,70,81,-11,11
40551,177,158,19,19
40552,59,70,-11,11
40553,90,92,-2,2
40554,99,96,3,3
40555,99,99,0,0
40556,113,99,14,14
40557,87,80,7,7
40558,120,118,2,2
40559,122,108,14,14
40560,156,150,6,6
40561,90,80,10,10
40562,109,105,4,4
40563,59,69,-10,10
40564,110,113,-3,3
40565,64,64,0,0
40566,76,76,0,0
40567,93,87,6,6
40568,81,86,-5,5
40569,155,146,9,9
40570,77,88,-11,11
40571,52,53,-1,1
40572,48,55,-7,7
40573,94,96,-2,2
40574,72,78,-6,6
40575,78,94,-16,16
40576,108,106,2,2
40577,74,83,-9,9
40578,67,64,3,3
40579,88,83,5,5
40580,127,124,3,3
40581,88,103,-15,15
40582,53,66,-13,13
40583,101,102,-1,1
40584,105,100,5,5
40585,120,119,1,1
40586,63,70,-7,7
40587,50,55,-5,5
40588,67,66,1,1
40589,121,120,1,1
40590,76,77,-1,1
40591,95,75,20,20
40592,97,96,1,1
40593,63,71,-8,8
40594,135,130,5,5
40595,61,61,0,0
40596,79,77,2,2
40597,133,124,9,9
40598,97,103,-6,6
40599,78,65,13,13
40600,96,91,5,5
40601,47,50,-3,3
40602,139,123,16,16
40603,99,94,5,5
40604,113,100,13,13
40605,94,89,5,5
40606,100,104,-4,4
40607,71,78,-7,7
40608,102,108,-6,6
40609,113,108,5,5
40610,85,83,2,2
40611,75,65,10,10
40612,62,55,7,7
40613,111,87,24,24
40614,80,75,5,5
40615,117,113,4,4
40616,107,104,3,3
40617,75,75,0,0
40618,82,86,-4,4
40619,73,75,-2,2
40620,110,107,3,3
40621,115,112,3,3
40622,151,145,6,6
40623,60,60,0,0
40624,51,55,-4,4
40625,76,68,8,8
40626,115,106,9,9
40627,79,80,-1,1
40628,85,87,-2,2
40629,84,87,-3,3
40630,136,121,15,15
40631,76,79,-3,3
40632,30,50,-20,20
40633,141,131,10,10
40634,83,79,4,4
40635,81,87,-6,6
40636,79,86,-7,7
40637,113,109,4,4
40638,88,83,5,5
40639,145,168,-23,23
40640,156,150,6,6
40641,80,86,-6,6
40642,103,98,5,5
40643,116,112,4,4
40644,76,70,6,6
40645,123,124,-1,1
40646,93,93,0,0
40647,103,110,-7,7
40648,67,65,2,2
40649,102,109,-7,7
40650,92,80,12,12
40651,86,85,1,1
40652,56,60,-4,4
40653,80,84,-4,4
40654,137,136,1,1
40655,48,60,-12,12
40656,87,73,14,14
40657,112,118,-6,6
40658,74,67,7,7
40659,87,87,0,0
40660,101,106,-5,5
40661,58,65,-7,7
40662,116,109,7,7
40663,97,89,8,8
40664,65,63,2,2
40665,98,89,9,9
40666,98,88,10,10
40667,156,145,11,11
40668,88,87,1,1
40669,85,93,-8,8
40670,64,56,8,8
40671,72,74,-2,2
40672,107,113,-6,6
40673,87,99,-12,12
40674,115,108,7,7
40675,102,91,11,11
40676,120,109,11,11
40677,87,93,-6,6
40678,81,82,-1,1
40679,53,57,-4,4
40680,71,80,-9,9
40681,78,76,2,2
40682,104,98,6,6
40683,113,119,-6,6
40684,51,50,1,1
40685,65,72,-7,7
40686,109,129,-20,20
40687,78,85,-7,7
40688,105,93,12,12
40689,93,99,-6,6
40690,103,101,2,2
40691,113,98,15,15
40692,77,86,-9,9
40693,135,125,10,10
40694,82,68,14,14
40695,84,82,2,2
40696,56,64,-8,8
40697,54,53,1,1
40698,146,132,14,14
40699,149,139,10,10
40700,91,82,9,9
40701,61,58,3,3
40702,117,125,-8,8
40703,46,50,-4,4
40704,159,154,5,5
40705,94,84,10,10
40706,153,134,19,19
40707,108,105,3,3
40708,85,76,9,9
40709,69,74,-5,5
40710,295,251,44,44
40711,74,74,0,0
40712,103,100,3,3
40713,80,75,5,5
40714,68,71,-3,3
40715,120,122,-2,2
40716,86,85,1,1
40717,118,111,7,7
40718,74,78,-4,4
40719,99,81,18,18
40720,76,70,6,6
40721,134,122,12,12
40722,97,104,-7,7
40723,66,72,-6,6
40724,92,99,-7,7
40725,50,54,-4,4
40726,83,84,-1,1
40727,98,99,-1,1
40728,72,71,1,1
40729,71,71,0,0
40730,71,78,-7,7
40731,78,83,-5,5
40732,81,83,-2,2
40733,126,126,0,0
40734,71,69,2,2
40735,70,68,2,2
40736,141,137,4,4
40737,75,67,8,8
40738,85,78,7,7
40739,89,91,-2,2
40740,82,84,-2,2
40741,174,153,21,21
40742,77,73,4,4
40743,113,120,-7,7
40744,165,160,5,5
40745,55,54,1,1
40746,94,83,11,11
40747,81,89,-8,8
40748,103,98,5,5
40749,87,82,5,5
40750,68,83,-15,15
40751,205,212,-7,7
40752,85,85,0,0
40753,66,65,1,1
40754,68,68,0,0
40755,87,88,-1,1
40756,101,92,9,9
40757,115,109,6,6
40758,69,67,2,2
40759,144,133,11,11
40760,97,97,0,0
40761,107,107,0,0
40762,88,100,-12,12
40763,138,133,5,5
40764,90,78,12,12
40765,129,135,-6,6
40766,66,64,2,2
40767,75,75,0,0
40768,118,110,8,8
40769,99,97,2,2
40770,77,71,6,6
40771,89,85,4,4
40772,95,96,-1,1
40773,56,55,1,1
40774,115,112,3,3
40775,59,59,0,0
40776,117,116,1,1
40777,110,111,-1,1
40778,120,100,20,20
40779,98,81,17,17
40780,121,123,-2,2
40781,100,83,17,17
40782,85,83,2,2
40783,106,104,2,2
40784,165,153,12,12
40785,65,73,-8,8
40786,58,59,-1,1
40787,165,157,8,8
40788,56,59,-3,3
40789,62,71,-9,9
40790,85,76,9,9
40791,93,97,-4,4
40792,57,58,-1,1
40793,97,97,0,0
40794,96,98,-2,2
40795,45,51,-6,6
40796,114,110,4,4
40797,77,74,3,3
40798,77,85,-8,8
40799,89,84,5,5
40800,70,70,0,0
40801,84,90,-6,6
40802,89,104,-15,15
40803,104,105,-1,1
40804,88,85,3,3
40805,68,66,2,2
40806,67,68,-1,1
40807,51,54,-3,3
40808,144,149,-5,5
40809,135,132,3,3
40810,89,91,-2,2
40811,122,116,6,6
40812,110,101,9,9
40813,81,82,-1,1
40814,147,153,-6,6
40815,60,61,-1,1
40816,137,143,-6,6
40817,110,112,-2,2
40818,125,121,4,4
40819,89,92,-3,3
40820,129,142,-13,13
40821,70,61,9,9
40822,149,153,-4,4
40823,72,85,-13,13
40824,96,98,-2,2
40825,76,80,-4,4
40826,154,150,4,4
40827,220,195,25,25
40828,106,108,-2,2
40829,95,100,-5,5
40830,158,161,-3,3
40831,140,137,3,3
40832,86,88,-2,2
40833,96,83,13,13
40834,100,94,6,6
40835,70,77,-7,7
40836,64,67,-3,3
40837,147,142,5,5
40838,75,76,-1,1
40839,80,75,5,5
40840,161,145,16,16
40841,83,102,-19,19
40842,89,81,8,8
40843,169,159,10,10
40844,85,83,2,2
40845,151,155,-4,4
40846,85,78,7,7
40847,61,69,-8,8
40848,62,60,2,2
40849,118,110,8,8
40850,97,94,3,3
40851,118,110,8,8
40852,104,92,12,12
40853,44,50,-6,6
40854,101,95,6,6
40855,69,71,-2,2
40856,52,57,-5,5
40857,115,115,0,0
40858,56,56,0,0
40859,110,118,-8,8
40860,96,116,-20,20
40861,88,86,2,2
40862,94,96,-2,2
40863,60,59,1,1
40864,108,105,3,3
40865,114,103,11,11
40866,87,87,0,0
40867,102,100,2,2
40868,75,68,7,7
40869,56,55,1,1
40870,123,126,-3,3
40871,29,50,-21,21
40872,70,82,-12,12
40873,87,85,2,2
40874,48,60,-12,12
40875,108,99,9,9
40876,164,163,1,1
40877,125,111,14,14
40878,66,66,0,0
40879,190,177,13,13
40880,91,88,3,3
40881,116,94,22,22
40882,96,95,1,1
40883,86,83,3,3
40884,157,161,-4,4
40885,149,135,14,14
40886,54,57,-3,3
40887,81,82,-1,1
40888,97,101,-4,4
40889,128,119,9,9
40890,96,98,-2,2
40891,121,122,-1,1
40892,131,124,7,7
40893,133,120,13,13
40894,130,123,7,7
40895,97,91,6,6
40896,68,75,-7,7
40897,118,104,14,14
40898,91,88,3,3
40899,90,104,-14,14
40900,65,64,1,1
40901,143,126,17,17
40902,80,67,13,13
40903,96,76,20,20
40904,104,98,6,6
40905,112,111,1,1
40906,86,86,0,0
40907,91,91,0,0
40908,205,176,29,29
40909,73,85,-12,12
40910,101,95,6,6
40911,73,76,-3,3
40912,90,83,7,7
40913,191,194,-3,3
40914,90,92,-2,2
40915,149,148,1,1
40916,73,82,-9,9
40917,152,152,0,0
40918,115,108,7,7
40919,88,93,-5,5
40920,86,82,4,4
40921,103,102,1,1
40922,37,50,-13,13
40923,83,75,8,8
40924,76,65,11,11
40925,56,54,2,2
40926,130,117,13,13
40927,67,62,5,5
40928,78,71,7,7
40929,105,103,2,2
40930,101,99,2,2
40931,88,83,5,5
40932,83,85,-2,2
40933,108,105,3,3
40934,67,61,6,6
40935,107,104,3,3
40936,43,51,-8,8
40937,71,79,-8,8
40938,99,89,10,10
40939,120,127,-7,7
40940,132,116,16,16
40941,30,50,-20,20
40942,88,85,3,3
40943,82,97,-15,15
40944,59,65,-6,6
40945,68,70,-2,2
40946,120,107,13,13
40947,60,60,0,0
40948,103,99,4,4
40949,110,106,4,4
40950,114,110,4,4
40951,90,88,2,2
40952,192,180,12,12
40953,100,101,-1,1
40954,119,119,0,0
40955,91,80,11,11
40956,98,96,2,2
40957,51,52,-1,1
40958,94,89,5,5
40959,98,103,-5,5
40960,71,66,5,5
40961,106,122,-16,16
40962,78,83,-5,5
40963,66,70,-4,4
40964,79,84,-5,5
40965,85,86,-1,1
40966,147,145,2,2
40967,68,64,4,4
40968,66,65,1,1
40969,81,80,1,1
40970,133,129,4,4
40971,120,115,5,5
40972,71,74,-3,3
40973,169,169,0,0
40974,159,146,13,13
40975,57,64,-7,7
40976,73,77,-4,4
40977,44,51,-7,7
40978,85,88,-3,3
40979,49,59,-10,10
40980,54,53,1,1
40981,89,85,4,4
40982,62,67,-5,5
40983,88,82,6,6
40984,93,99,-6,6
40985,66,67,-1,1
40986,69,66,3,3
40987,138,149,-11,11
40988,88,88,0,0
40989,102,101,1,1
40990,45,50,-5,5
40991,48,54,-6,6
40992,106,107,-1,1
40993,158,126,32,32
40994,125,117,8,8
40995,64,80,-16,16
40996,153,155,-2,2
40997,66,66,0,0
40998,87,90,-3,3
40999,90,84,6,6
41000,105,105,0,0
41001,51,51,0,0
41002,148,134,14,14
41003,123,130,-7,7
41004,59,56,3,3
41005,88,75,13,13
41006,91,94,-3,3
41007,77,77,0,0
41008,98,95,3,3
41009,84,88,-4,4
41010,97,88,9,9
41011,129,115,14,14
41012,158,157,1,1
41013,99,104,-5,5
41014,153,152,1,1
41015,140,124,16,16
41016,97,91,6,6
41017,116,117,-1,1
41018,108,100,8,8
41019,117,113,4,4
41020,112,106,6,6
41021,70,72,-2,2
41022,117,124,-7,7
41023,186,180,6,6
41024,88,88,0,0
41025,40,50,-10,10
41026,69,72,-3,3
41027,138,118,20,20
41028,68,69,-1,1
41029,194,166,28,28
41030,141,132,9,9
41031,66,76,-10,10
41032,87,93,-6,6
41033,112,111,1,1
41034,120,108,12,12
41035,117,110,7,7
41036,116,117,-1,1
41037,113,121,-8,8
41038,109,119,-10,10
41039,116,113,3,3
41040,107,100,7,7
41041,156,143,13,13
41042,54,58,-4,4
41043,96,90,6,6
41044,116,112,4,4
41045,105,99,6,6
41046,53,54,-1,1
41047,146,138,8,8
41048,111,121,-10,10
41049,55,53,2,2
41050,130,121,9,9
41051,89,84,5,5
41052,99,110,-11,11
41053,101,88,13,13
41054,107,109,-2,2
41055,56,57,-1,1
41056,72,73,-1,1
41057,141,136,5,5
41058,49,54,-5,5
41059,50,50,0,0
41060,106,93,13,13
41061,71,72,-1,1
41062,82,98,-16,16
41063,112,102,10,10
41064,114,117,-3,3
41065,91,91,0,0
41066,79,78,1,1
41067,87,91,-4,4
41068,72,69,3,3
41069,140,138,2,2
41070,79,85,-6,6
41071,103,93,10,10
41072,105,106,-1,1
41073,80,77,3,3
41074,63,63,0,0
41075,89,81,8,8
41076,58,63,-5,5
41077,71,65,6,6
41078,91,94,-3,3
41079,64,58,6,6
41080,134,127,7,7
41081,144,140,4,4
41082,46,68,-22,22
41083,79,89,-10,10
41084,137,126,11,11
41085,71,70,1,1
41086,88,80,8,8
41087,99,87,12,12
41088,77,78,-1,1
41089,71,72,-1,1
41090,66,65,1,1
41091,57,61,-4,4
41092,107,107,0,0
41093,157,152,5,5
41094,59,68,-9,9
41095,107,116,-9,9
41096,150,136,14,14
41097,97,100,-3,3
41098,56,58,-2,2
41099,122,117,5,5
41100,118,112,6,6
41101,98,80,18,18
41102,87,93,-6,6
41103,84,69,15,15
41104,67,64,3,3
41105,97,99,-2,2
41106,110,110,0,0
41107,75,78,-3,3
41108,49,57,-8,8
41109,121,129,-8,8
41110,124,123,1,1
41111,86,83,3,3
41112,91,89,2,2
41113,74,69,5,5
41114,87,80,7,7
41115,61,65,-4,4
41116,76,77,-1,1
41117,169,168,1,1
41118,79,78,1,1
41119,85,93,-8,8
41120,129,118,11,11
41121,68,69,-1,1
41122,88,109,-21,21
41123,136,122,14,14
41124,81,81,0,0
41125,143,150,-7,7
41126,66,61,5,5
41127,90,96,-6,6
41128,69,65,4,4
41129,129,127,2,2
41130,77,86,-9,9
41131,128,127,1,1
41132,110,111,-1,1
41133,125,125,0,0
41134,82,74,8,8
41135,147,134,13,13
41136,77,77,0,0
41137,81,68,13,13
41138,91,89,2,2
41139,106,91,15,15
41140,65,65,0,0
41141,59,56,3,3
41142,107,112,-5,5
41143,75,85,-10,10
41144,86,99,-13,13
41145,92,92,0,0
41146,87,86,1,1
41147,115,126,-11,11
41148,70,69,1,1
41149,78,68,10,10
41150,77,77,0,0
41151,142,150,-8,8
41152,161,158,3,3
41153,145,131,14,14
41154,102,100,2,2
41155,68,68,0,0
41156,81,86,-5,5
41157,92,83,9,9
41158,91,93,-2,2
41159,87,84,3,3
41160,168,159,9,9
41161,58,58,0,0
41162,119,101,18,18
41163,55,52,3,3
41164,69,66,3,3
41165,69,67,2,2
41166,99,102,-3,3
41167,72,72,0,0
41168,82,86,-4,4
41169,134,127,7,7
41170,88,79,9,9
41171,61,63,-2,2
41172,77,78,-1,1
41173,106,99,7,7
41174,89,89,0,0
41175,90,89,1,1
41176,102,111,-9,9
41177,77,74,3,3
41178,63,63,0,0
41179,76,78,-2,2
41180,67,61,6,6
41181,64,73,-9,9
41182,66,68,-2,2
41183,126,123,3,3
41184,91,102,-11,11
41185,148,128,20,20
41186,111,103,8,8
41187,58,65,-7,7
41188,93,87,6,6
41189,80,73,7,7
41190,173,163,10,10
41191,80,78,2,2
41192,117,113,4,4
41193,69,56,13,13
41194,115,110,5,5
41195,122,112,10,10
41196,76,76,0,0
41197,89,70,19,19
41198,92,108,-16,16
41199,101,99,2,2
41200,156,147,9,9
41201,88,90,-2,2
41202,61,63,-2,2
41203,80,77,3,3
41204,128,122,6,6
41205,101,92,9,9
41206,114,111,3,3
41207,142,121,21,21
41208,53,52,1,1
41209,138,133,5,5
41210,49,51,-2,2
41211,146,130,16,16
41212,91,81,10,10
41213,136,146,-10,10
41214,60,67,-7,7
41215,147,135,12,12
41216,86,86,0,0
41217,71,68,3,3
41218,127,154,-27,27
41219,62,65,-3,3
41220,109,105,4,4
41221,69,72,-3,3
41222,186,183,3,3
41223,44,53,-9,9
41224,39,50,-11,11
41225,89,92,-3,3
41226,113,116,-3,3
41227,65,62,3,3
41228,63,67,-4,4
41229,61,65,-4,4
41230,132,122,10,10
41231,70,75,-5,5
41232,179,170,9,9
41233,103,110,-7,7
41234,118,108,10,10
41235,71,69,2,2
41236,156,139,17,17
41237,95,90,5,5
41238,108,111,-3,3
41239,92,92,0,0
41240,125,113,12,12
41241,103,95,8,8
41242,87,78,9,9
41243,57,66,-9,9
41244,95,96,-1,1
41245,207,210,-3,3
41246,72,78,-6,6
41247,158,155,3,3
41248,78,77,1,1
41249,59,63,-4,4
41250,77,64,13,13
41251,78,74,4,4
41252,120,107,13,13
41253,137,130,7,7
41254,71,64,7,7
41255,117,110,7,7
41256,97,95,2,2
41257,108,111,-3,3
41258,64,68,-4,4
41259,125,116,9,9
41260,57,56,1,1
41261,47,53,-6,6
41262,110,97,13,13
41263,173,173,0,0
41264,70,61,9,9
41265,112,109,3,3
41266,69,67,2,2
41267,95,92,3,3
41268,50,51,-1,1
41269,60,57,3,3
41270,108,111,-3,3
41271,88,88,0,0
41272,141,162,-21,21
41273,65,66,-1,1
41274,111,120,-9,9
41275,110,101,9,9
41276,156,128,28,28
41277,70,91,-21,21
41278,77,83,-6,6
41279,111,104,7,7
41280,77,77,0,0
41281,132,148,-16,16
41282,94,85,9,9
41283,87,87,0,0
41284,71,73,-2,2
41285,69,76,-7,7
41286,57,60,-3,3
41287,63,68,-5,5
41288,170,165,5,5
41289,99,97,2,2
41290,91,91,0,0
41291,75,81,-6,6
41292,155,147,8,8
41293,169,160,9,9
41294,121,110,11,11
41295,56,59,-3,3
41296,73,74,-1,1
41297,142,93,49,49
41298,76,83,-7,7
41299,117,109,8,8
41300,113,119,-6,6
41301,63,55,8,8
41302,146,133,13,13
41303,71,66,5,5
41304,68,65,3,3
41305,96,97,-1,1
41306,64,68,-4,4
41307,79,67,12,12
41308,77,77,0,0
41309,54,58,-4,4
41310,81,83,-2,2
41311,106,107,-1,1
41312,130,117,13,13
41313,63,61,2,2
41314,74,77,-3,3
41315,87,88,-1,1
41316,97,93,4,4
41317,136,143,-7,7
41318,78,75,3,3
41319,114,102,12,12
41320,172,192,-20,20
41321,69,86,-17,17
41322,55,70,-15,15
41323,68,65,3,3
41324,84,83,1,1
41325,64,67,-3,3
41326,44,52,-8,8
41327,98,94,4,4
41328,118,122,-4,4
41329,115,104,11,11
41330,151,144,7,7
41331,66,69,-3,3
41332,150,130,20,20
41333,94,88,6,6
41334,83,89,-6,6
41335,138,128,10,10
41336,96,96,0,0
41337,117,110,7,7
41338,32,51,-19,19
41339,167,158,9,9
41340,162,142,20,20
41341,120,124,-4,4
41342,84,85,-1,1
41343,64,65,-1,1
41344,147,146,1,1
41345,74,79,-5,5
41346,42,56,-14,14
41347,65,76,-11,11
41348,87,84,3,3
41349,101,110,-9,9
41350,64,61,3,3
41351,54,62,-8,8
41352,99,100,-1,1
41353,60,64,-4,4
41354,62,65,-3,3
41355,134,124,10,10
41356,79,82,-3,3
41357,74,69,5,5
41358,103,113,-10,10
41359,160,163,-3,3
41360,103,96,7,7
41361,96,95,1,1
41362,66,61,5,5
41363,72,64,8,8
41364,69,72,-3,3
41365,115,109,6,6
41366,74,68,6,6
41367,47,53,-6,6
41368,116,104,12,12
41369,75,86,-11,11
41370,74,87,-13,13
41371,138,132,6,6
41372,83,86,-3,3
41373,78,81,-3,3
41374,144,135,9,9
41375,94,89,5,5
41376,91,88,3,3
41377,97,104,-7,7
41378,79,80,-1,1
41379,87,90,-3,3
41380,50,56,-6,6
41381,61,59,2,2
41382,66,76,-10,10
41383,83,81,2,2
41384,69,60,9,9
41385,117,104,13,13
41386,123,114,9,9
41387,152,126,26,26
41388,53,52,1,1
41389,41,71,-30,30
41390,120,110,10,10
41391,50,58,-8,8
41392,103,102,1,1
41393,59,76,-17,17
41394,146,132,14,14
41395,74,63,11,11
41396,119,107,12,12
41397,100,104,-4,4
41398,109,99,10,10
41399,140,129,11,11
41400,104,100,4,4
41401,118,123,-5,5
41402,129,117,12,12
41403,62,63,-1,1
41404,80,83,-3,3
41405,67,68,-1,1
41406,45,52,-7,7
41407,111,113,-2,2
41408,110,112,-2,2
41409,68,71,-3,3
41410,84,98,-14,14
41411,132,118,14,14
41412,67,64,3,3
41413,66,67,-1,1
41414,53,71,-18,18
41415,88,91,-3,3
41416,115,120,-5,5
41417,142,145,-3,3
41418,134,136,-2,2
41419,108,108,0,0
41420,63,65,-2,2
41421,68,62,6,6
41422,96,83,13,13
41423,73,80,-7,7
41424,88,89,-1,1
41425,107,96,11,11
41426,114,129,-15,15
41427,132,128,4,4
41428,64,71,-7,7
41429,73,67,6,6
41430,109,100,9,9
41431,65,65,0,0
41432,138,111,27,27
41433,103,98,5,5
41434,132,124,8,8
41435,67,68,-1,1
41436,70,69,1,1
41437,114,130,-16,16
41438,54,59,-5,5
41439,87,81,6,6
41440,57,63,-6,6
41441,163,164,-1,1
41442,83,86,-3,3
41443,48,52,-4,4
41444,62,69,-7,7
41445,110,101,9,9
41446,64,60,4,4
41447,154,148,6,6
41448,119,114,5,5
41449,81,88,-7,7
41450,76,69,7,7
41451,125,104,21,21
41452,82,79,3,3
41453,140,136,4,4
41454,58,54,4,4
41455,90,82,8,8
41456,94,86,8,8
41457,70,72,-2,2
41458,126,116,10,10
41459,42,52,-10,10
41460,96,87,9,9
41461,144,128,16,16
41462,84,78,6,6
41463,91,86,5,5
41464,89,84,5,5
41465,68,74,-6,6
41466,74,74,0,0
41467,73,70,3,3
41468,95,87,8,8
41469,141,125,16,16
41470,144,129,15,15
41471,115,119,-4,4
41472,126,113,13,13
41473,81,76,5,5
41474,70,68,2,2
41475,101,103,-2,2
41476,36,55,-19,19
41477,103,94,9,9
41478,50,53,-3,3
41479,108,95,13,13
41480,168,175,-7,7
41481,89,99,-10,10
41482,128,117,11,11
41483,87,74,13,13
41484,72,66,6,6
41485,166,157,9,9
41486,75,71,4,4
41487,116,117,-1,1
41488,66,65,1,1
41489,89,96,-7,7
41490,72,80,-8,8
41491,103,116,-13,13
41492,82,86,-4,4
41493,108,111,-3,3
41494,115,104,11,11
41495,154,168,-14,14
41496,96,99,-3,3
41497,70,69,1,1
41498,105,100,5,5
41499,103,107,-4,4
41500,80,82,-2,2
41501,167,130,37,37
41502,131,131,0,0
41503,87,86,1,1
41504,83,82,1,1
41505,221,201,20,20
41506,67,70,-3,3
41507,114,111,3,3
41508,88,75,13,13
41509,80,76,4,4
41510,183,177,6,6
41511,67,71,-4,4
41512,172,162,10,10
41513,56,53,3,3
41514,60,55,5,5
41515,60,58,2,2
41516,77,81,-4,4
41517,85,76,9,9
41518,64,64,0,0
41519,88,94,-6,6
41520,143,124,19,19
41521,148,145,3,3
41522,73,75,-2,2
41523,97,99,-2,2
41524,85,95,-10,10
41525,62,58,4,4
41526,82,78,4,4
41527,63,59,4,4
41528,55,53,2,2
41529,133,122,11,11
41530,96,100,-4,4
41531,98,96,2,2
41532,67,66,1,1
41533,104,109,-5,5
41534,118,151,-33,33
41535,83,95,-12,12
41536,110,115,-5,5
41537,138,132,6,6
41538,79,73,6,6
41539,75,67,8,8
41540,67,69,-2,2
41541,59,58,1,1
41542,63,57,6,6
41543,125,117,8,8
41544,156,160,-4,4
41545,88,84,4,4
41546,106,100,6,6
41547,88,86,2,2
41548,126,124,2,2
41549,71,77,-6,6
41550,109,106,3,3
41551,61,97,-36,36
41552,100,105,-5,5
41553,157,131,26,26
41554,168,162,6,6
41555,110,106,4,4
41556,92,96,-4,4
41557,118,126,-8,8
41558,159,161,-2,2
41559,67,65,2,2
41560,78,90,-12,12
41561,93,95,-2,2
41562,76,74,2,2
41563,156,146,10,10
41564,63,67,-4,4
41565,87,88,-1,1
41566,79,74,5,5
41567,56,58,-2,2
41568,65,64,1,1
41569,99,97,2,2
41570,90,77,13,13
41571,108,110,-2,2
41572,59,57,2,2
41573,48,69,-21,21
41574,73,71,2,2
41575,111,98,13,13
41576,69,66,3,3
41577,149,128,21,21
41578,87,78,9,9
41579,87,82,5,5
41580,85,81,4,4
41581,112,99,13,13
41582,78,89,-11,11
41583,74,82,-8,8
41584,85,88,-3,3
41585,77,79,-2,2
41586,113,106,7,7
41587,106,105,1,1
41588,61,67,-6,6
41589,82,89,-7,7
41590,115,115,0,0
41591,51,56,-5,5
41592,109,93,16,16
41593,61,57,4,4
41594,60,63,-3,3
41595,129,123,6,6
41596,152,126,26,26
41597,90,87,3,3
41598,204,189,15,15
41599,95,88,7,7
41600,81,87,-6,6
41601,75,76,-1,1
41602,95,88,7,7
41603,108,110,-2,2
41604,140,125,15,15
41605,47,56,-9,9
41606,92,80,12,12
41607,127,128,-1,1
41608,64,74,-10,10
41609,86,72,14,14
41610,83,76,7,7
41611,86,95,-9,9
41612,110,107,3,3
41613,128,132,-4,4
41614,152,150,2,2
41615,106,110,-4,4
41616,71,73,-2,2
41617,70,78,-8,8
41618,71,71,0,0
41619,80,88,-8,8
41620,10,50,-40,40
41621,95,85,10,10
41622,88,83,5,5
41623,55,50,5,5
41624,96,83,13,13
41625,114,102,12,12
41626,113,107,6,6
41627,115,107,8,8
41628,50,52,-2,2
41629,130,125,5,5
41630,130,125,5,5
41631,85,85,0,0
41632,72,72,0,0
41633,177,165,12,12
41634,90,98,-8,8
41635,131,137,-6,6
41636,68,69,-1,1
41637,46,54,-8,8
41638,96,99,-3,3
41639,161,148,13,13
41640,60,59,1,1
41641,73,75,-2,2
41642,50,54,-4,4
41643,60,52,8,8
41644,122,119,3,3
41645,136,135,1,1
41646,90,83,7,7
41647,131,125,6,6
41648,95,90,5,5
41649,66,67,-1,1
41650,105,114,-9,9
41651,82,81,1,1
41652,107,103,4,4
41653,61,59,2,2
41654,136,124,12,12
41655,128,141,-13,13
41656,66,73,-7,7
41657,125,123,2,2
41658,69,65,4,4
41659,68,79,-11,11
41660,84,86,-2,2
41661,47,56,-9,9
41662,77,76,1,1
41663,113,104,9,9
41664,155,153,2,2
41665,88,94,-6,6
41666,76,74,2,2
41667,104,146,-42,42
41668,43,50,-7,7
41669,69,76,-7,7
41670,94,100,-6,6
41671,121,119,2,2
41672,178,163,15,15
41673,69,63,6,6
41674,113,118,-5,5
41675,118,116,2,2
41676,86,84,2,2
41677,71,70,1,1
41678,112,110,2,2
41679,114,105,9,9
41680,68,64,4,4
41681,75,70,5,5
41682,103,97,6,6
41683,71,74,-3,3
41684,57,57,0,0
41685,88,85,3,3
41686,165,154,11,11
41687,79,84,-5,5
41688,133,131,2,2
41689,125,112,13,13
41690,91,108,-17,17
41691,117,118,-1,1
41692,108,101,7,7
41693,101,99,2,2
41694,61,63,-2,2
41695,170,158,12,12
41696,152,144,8,8
41697,86,86,0,0
41698,89,83,6,6
41699,137,131,6,6
41700,107,104,3,3
41701,145,134,11,11
41702,152,159,-7,7
41703,89,78,11,11
41704,81,77,4,4
41705,102,105,-3,3
41706,85,93,-8,8
41707,70,71,-1,1
41708,85,82,3,3
41709,105,105,0,0
41710,79,77,2,2
41711,55,62,-7,7
41712,94,90,4,4
41713,49,56,-7,7
41714,42,50,-8,8
41715,302,262,40,40
41716,116,108,8,8
41717,68,69,-1,1
41718,81,84,-3,3
41719,98,116,-18,18
41720,120,103,17,17
41721,135,135,0,0
41722,85,90,-5,5
41723,76,78,-2,2
41724,125,121,4,4
41725,26,50,-24,24
41726,111,92,19,19
41727,152,135,17,17
41728,85,83,2,2
41729,99,100,-1,1
41730,98,107,-9,9
41731,99,94,5,5
41732,81,77,4,4
41733,98,108,-10,10
41734,101,87,14,14
41735,64,65,-1,1
41736,185,183,2,2
41737,97,96,1,1
41738,93,102,-9,9
41739,65,67,-2,2
41740,89,89,0,0
41741,53,56,-3,3
41742,96,94,2,2
41743,133,127,6,6
41744,149,130,19,19
41745,155,145,10,10
41746,86,79,7,7
41747,64,58,6,6
41748,133,120,13,13
41749,119,127,-8,8
41750,70,72,-2,2
41751,57,54,3,3
41752,56,61,-5,5
41753,55,54,1,1
41754,57,61,-4,4
41755,106,107,-1,1
41756,85,90,-5,5
41757,80,75,5,5
41758,71,88,-17,17
41759,79,93,-14,14
41760,72,79,-7,7
41761,67,60,7,7
41762,200,189,11,11
41763,55,60,-5,5
41764,103,103,0,0
41765,80,77,3,3
41766,113,113,0,0
41767,34,65,-31,31
41768,77,82,-5,5
41769,145,142,3,3
41770,143,147,-4,4
41771,100,95,5,5
41772,53,59,-6,6
41773,61,90,-29,29
41774,109,118,-9,9
41775,86,76,10,10
41776,72,74,-2,2
41777,86,91,-5,5
41778,115,123,-8,8
41779,74,81,-7,7
41780,85,83,2,2
41781,97,94,3,3
41782,111,107,4,4
41783,63,78,-15,15
41784,104,104,0,0
41785,101,99,2,2
41786,110,106,4,4
41787,72,80,-8,8
41788,128,124,4,4
41789,74,87,-13,13
41790,108,98,10,10
41791,110,108,2,2
41792,68,66,2,2
41793,41,50,-9,9
41794,153,158,-5,5
41795,115,117,-2,2
41796,58,66,-8,8
41797,45,63,-18,18
41798,92,88,4,4
41799,57,60,-3,3
41800,125,116,9,9
41801,82,88,-6,6
41802,61,64,-3,3
41803,148,139,9,9
41804,72,68,4,4
41805,108,108,0,0
41806,97,107,-10,10
41807,134,119,15,15
41808,50,52,-2,2
41809,66,66,0,0
41810,61,58,3,3
41811,91,85,6,6
41812,133,129,4,4
41813,131,111,20,20
41814,67,78,-11,11
41815,112,108,4,4
41816,100,114,-14,14
41817,193,181,12,12
41818,90,84,6,6
41819,77,75,2,2
41820,80,83,-3,3
41821,117,114,3,3
41822,87,89,-2,2
41823,64,68,-4,4
41824,61,60,1,1
41825,120,122,-2,2
41826,119,118,1,1
41827,137,128,9,9
41828,54,56,-2,2
41829,162,146,16,16
41830,152,157,-5,5
41831,69,60,9,9
41832,80,82,-2,2
41833,92,93,-1,1
41834,96,85,11,11
41835,107,107,0,0
41836,71,73,-2,2
41837,83,90,-7,7
41838,89,93,-4,4
41839,121,114,7,7
41840,81,82,-1,1
41841,112,113,-1,1
41842,147,131,16,16
41843,62,65,-3,3
41844,129,126,3,3
41845,74,84,-10,10
41846,168,148,20,20
41847,47,50,-3,3
41848,128,134,-6,6
41849,49,55,-6,6
41850,56,58,-2,2
41851,89,83,6,6
41852,67,63,4,4
41853,68,76,-8,8
41854,114,114,0,0
41855,137,146,-9,9
41856,122,118,4,4
41857,74,76,-2,2
41858,67,63,4,4
41859,129,125,4,4
41860,139,140,-1,1
41861,62,66,-4,4
41862,100,99,1,1
41863,88,84,4,4
41864,64,63,1,1
41865,92,86,6,6
41866,119,135,-16,16
41867,81,81,0,0
41868,59,57,2,2
41869,106,102,4,4
41870,94,84,10,10
41871,112,97,15,15
41872,80,85,-5,5
41873,101,109,-8,8
41874,135,125,10,10
41875,135,127,8,8
41876,104,96,8,8
41877,85,82,3,3
41878,176,167,9,9
41879,79,79,0,0
41880,69,63,6,6
41881,41,50,-9,9
41882,47,51,-4,4
41883,67,68,-1,1
41884,69,77,-8,8
41885,51,55,-4,4
41886,73,82,-9,9
41887,108,103,5,5
41888,47,50,-3,3
41889,120,128,-8,8
41890,117,113,4,4
41891,91,98,-7,7
41892,110,114,-4,4
41893,82,78,4,4
41894,97,95,2,2
41895,92,92,0,0
41896,72,69,3,3
41897,74,65,9,9
41898,80,95,-15,15
41899,49,51,-2,2
41900,133,125,8,8
41901,85,87,-2,2
41902,116,111,5,5
41903,72,66,6,6
41904,125,119,6,6
41905,91,92,-1,1
41906,103,101,2,2
41907,110,109,1,1
41908,102,106,-4,4
41909,111,101,10,10
41910,50,66,-16,16
41911,50,52,-2,2
41912,106,101,5,5
41913,79,78,1,1
41914,138,123,15,15
41915,110,115,-5,5
41916,59,59,0,0
41917,72,72,0,0
41918,190,172,18,18
41919,93,88,5,5
41920,47,50,-3,3
41921,46,57,-11,11
41922,135,126,9,9
41923,56,72,-16,16
41924,67,67,0,0
41925,101,100,1,1
41926,78,77,1,1
41927,61,75,-14,14
41928,43,57,-14,14
41929,142,144,-2,2
41930,88,92,-4,4
41931,119,118,1,1
41932,146,131,15,15
41933,93,96,-3,3
41934,109,111,-2,2
41935,105,103,2,2
41936,98,101,-3,3
41937,75,72,3,3
41938,78,79,-1,1
41939,101,110,-9,9
41940,88,104,-16,16
41941,133,139,-6,6
41942,66,66,0,0
41943,101,97,4,4
41944,94,93,1,1
41945,86,82,4,4
41946,95,88,7,7
41947,96,102,-6,6
41948,83,81,2,2
41949,119,99,20,20
41950,116,115,1,1
41951,92,87,5,5
41952,89,96,-7,7
41953,215,218,-3,3
41954,96,94,2,2
41955,138,129,9,9
41956,73,73,0,0
41957,72,78,-6,6
41958,83,93,-10,10
41959,119,111,8,8
41960,83,81,2,2
41961,140,131,9,9
41962,164,146,18,18
41963,105,98,7,7
41964,109,88,21,21
41965,100,91,9,9
41966,95,97,-2,2
41967,85,80,5,5
41968,83,82,1,1
41969,148,142,6,6
41970,95,98,-3,3
41971,110,124,-14,14
41972,104,113,-9,9
41973,125,140,-15,15
41974,110,121,-11,11
41975,109,106,3,3
41976,87,83,4,4
41977,166,163,3,3
41978,68,82,-14,14
41979,104,92,12,12
41980,127,101,26,26
41981,60,63,-3,3
41982,106,95,11,11
41983,58,59,-1,1
41984,59,58,1,1
41985,98,94,4,4
41986,150,156,-6,6
41987,107,112,-5,5
41988,75,84,-9,9
41989,95,96,-1,1
41990,82,84,-2,2
41991,101,88,13,13
41992,63,72,-9,9
41993,81,63,18,18
41994,60,61,-1,1
41995,121,113,8,8
41996,110,99,11,11
41997,73,82,-9,9
41998,62,69,-7,7
41999,66,69,-3,3
42000,87,88,-1,1
42001,130,140,-10,10
42002,84,90,-6,6
42003,142,140,2,2
42004,61,61,0,0
42005,109,104,5,5
42006,147,136,11,11
42007,37,56,-19,19
42008,246,195,51,51
42009,61,69,-8,8
42010,111,107,4,4
42011,92,91,1,1
42012,133,144,-11,11
42013,161,148,13,13
42014,128,134,-6,6
42015,73,64,9,9
42016,115,116,-1,1
42017,159,150,9,9
42018,75,70,5,5
42019,85,96,-11,11
42020,79,83,-4,4
42021,103,96,7,7
42022,109,103,6,6
42023,89,87,2,2
42024,158,157,1,1
42025,86,88,-2,2
42026,114,102,12,12
42027,145,137,8,8
42028,83,80,3,3
42029,142,141,1,1
42030,48,56,-8,8
42031,69,70,-1,1
42032,90,106,-16,16
42033,152,137,15,15
42034,72,74,-2,2
42035,93,95,-2,2
42036,59,61,-2,2
42037,142,134,8,8
42038,95,84,11,11
42039,152,134,18,18
42040,87,86,1,1
42041,79,60,19,19
42042,80,80,0,0
42043,89,92,-3,3
42044,74,68,6,6
42045,78,71,7,7
42046,100,99,1,1
42047,92,96,-4,4
42048,135,136,-1,1
42049,112,113,-1,1
42050,109,110,-1,1
42051,86,76,10,10
42052,80,73,7,7
42053,92,101,-9,9
42054,93,96,-3,3
42055,111,115,-4,4
42056,64,62,2,2
42057,96,78,18,18
42058,79,92,-13,13
42059,148,159,-11,11
42060,74,81,-7,7
42061,91,84,7,7
42062,85,84,1,1
42063,104,97,7,7
42064,132,137,-5,5
42065,75,81,-6,6
42066,175,181,-6,6
42067,77,68,9,9
42068,92,94,-2,2
42069,150,141,9,9
42070,35,102,-67,67
42071,79,73,6,6
42072,57,59,-2,2
42073,70,59,11,11
42074,117,133,-16,16
42075,84,81,3,3
42076,51,76,-25,25
42077,88,97,-9,9
42078,83,81,2,2
42079,89,77,12,12
42080,79,78,1,1
42081,76,82,-6,6
42082,50,60,-10,10
42083,102,98,4,4
42084,111,127,-16,16
42085,82,87,-5,5
42086,114,126,-12,12
42087,99,87,12,12
42088,111,105,6,6
42089,99,103,-4,4
42090,68,67,1,1
42091,159,141,18,18
42092,78,81,-3,3
42093,43,52,-9,9
42094,64,63,1,1
42095,77,81,-4,4
42096,38,55,-17,17
42097,39,50,-11,11
42098,87,95,-8,8
42099,89,80,9,9
42100,101,101,0,0
42101,115,111,4,4
42102,101,97,4,4
42103,52,55,-3,3
42104,68,71,-3,3
42105,57,61,-4,4
42106,97,88,9,9
42107,80,87,-7,7
42108,95,91,4,4
42109,155,145,10,10
42110,74,76,-2,2
42111,104,94,10,10
42112,63,73,-10,10
42113,28,50,-22,22
42114,96,90,6,6
42115,104,106,-2,2
42116,118,114,4,4
42117,81,74,7,7
42118,58,62,-4,4
42119,85,95,-10,10
42120,59,63,-4,4
42121,91,102,-11,11
42122,120,111,9,9
42123,58,57,1,1
42124,89,78,11,11
42125,101,107,-6,6
42126,89,87,2,2
42127,68,59,9,9
42128,122,111,11,11
42129,71,80,-9,9
42130,71,71,0,0
42131,75,95,-20,20
42132,130,133,-3,3
42133,103,88,15,15
42134,114,104,10,10
42135,145,139,6,6
42136,108,104,4,4
42137,102,103,-1,1
42138,107,103,4,4
42139,97,95,2,2
42140,94,85,9,9
42141,70,72,-2,2
42142,91,94,-3,3
42143,92,97,-5,5
42144,60,65,-5,5
42145,83,84,-1,1
42146,92,87,5,5
42147,106,109,-3,3
42148,47,60,-13,13
42149,72,67,5,5
42150,137,129,8,8
42151,69,72,-3,3
42152,69,59,10,10
42153,123,119,4,4
42154,77,80,-3,3
42155,74,65,9,9
42156,144,147,-3,3
42157,132,127,5,5
42158,109,105,4,4
42159,93,94,-1,1
42160,56,57,-1,1
42161,125,117,8,8
42162,54,64,-10,10
42163,127,119,8,8
42164,96,99,-3,3
42165,106,91,15,15
42166,98,98,0,0
42167,97,96,1,1
42168,65,63,2,2
42169,91,82,9,9
42170,90,92,-2,2
42171,135,124,11,11
42172,109,121,-12,12
42173,101,97,4,4
42174,80,82,-2,2
42175,105,109,-4,4
42176,64,63,1,1
42177,155,154,1,1
42178,119,121,-2,2
42179,76,66,10,10
42180,122,115,7,7
42181,59,62,-3,3
42182,63,62,1,1
42183,92,98,-6,6
42184,101,98,3,3
42185,100,96,4,4
42186,88,95,-7,7
42187,98,93,5,5
42188,153,134,19,19
42189,92,87,5,5
42190,76,67,9,9
42191,110,106,4,4
42192,86,89,-3,3
42193,130,129,1,1
42194,126,133,-7,7
42195,78,70,8,8
42196,77,73,4,4
42197,104,105,-1,1
42198,126,138,-12,12
42199,79,75,4,4
42200,117,126,-9,9
42201,45,52,-7,7
42202,100,103,-3,3
42203,83,72,11,11
42204,134,133,1,1
42205,83,80,3,3
42206,90,100,-10,10
42207,86,91,-5,5
42208,89,86,3,3
42209,60,63,-3,3
42210,78,81,-3,3
42211,120,120,0,0
42212,72,72,0,0
42213,104,104,0,0
42214,188,173,15,15
42215,93,90,3,3
42216,159,144,15,15
42217,80,74,6,6
42218,96,100,-4,4
42219,114,114,0,0
42220,113,114,-1,1
42221,62,69,-7,7
42222,140,139,1,1
42223,157,146,11,11
42224,61,68,-7,7
42225,95,106,-11,11
42226,130,125,5,5
42227,134,143,-9,9
42228,84,87,-3,3
42229,83,80,3,3
42230,96,100,-4,4
42231,85,80,5,5
42232,117,124,-7,7
42233,49,54,-5,5
42234,55,57,-2,2
42235,116,98,18,18
42236,65,64,1,1
42237,86,88,-2,2
42238,58,70,-12,12
42239,55,59,-4,4
42240,109,104,5,5
42241,109,98,11,11
42242,115,110,5,5
42243,131,108,23,23
42244,79,79,0,0
42245,74,79,-5,5
42246,114,110,4,4
42247,125,114,11,11
42248,90,82,8,8
42249,81,81,0,0
42250,109,100,9,9
42251,90,83,7,7
42252,58,62,-4,4
42253,67,69,-2,2
42254,88,80,8,8
42255,71,88,-17,17
42256,118,129,-11,11
42257,109,112,-3,3
42258,75,97,-22,22
42259,38,50,-12,12
42260,173,166,7,7
42261,153,155,-2,2
42262,66,59,7,7
42263,58,61,-3,3
42264,44,56,-12,12
42265,86,80,6,6
42266,100,96,4,4
42267,86,90,-4,4
42268,106,105,1,1
42269,80,78,2,2
42270,84,80,4,4
42271,76,73,3,3
42272,96,90,6,6
42273,90,92,-2,2
42274,116,124,-8,8
42275,196,170,26,26
42276,103,102,1,1
42277,95,101,-6,6
42278,68,63,5,5
42279,96,84,12,12
42280,109,103,6,6
42281,86,86,0,0
42282,174,167,7,7
42283,78,83,-5,5
42284,47,56,-9,9
42285,96,96,0,0
42286,92,91,1,1
42287,79,66,13,13
42288,85,80,5,5
42289,113,117,-4,4
42290,96,96,0,0
42291,80,78,2,2
42292,43,50,-7,7
42293,93,101,-8,8
42294,63,67,-4,4
42295,96,88,8,8
42296,103,102,1,1
42297,53,59,-6,6
42298,99,94,5,5
42299,79,83,-4,4
42300,70,66,4,4
42301,106,95,11,11
42302,104,139,-35,35
42303,141,137,4,4
42304,99,86,13,13
42305,96,90,6,6
42306,55,54,1,1
42307,99,98,1,1
42308,116,120,-4,4
42309,64,91,-27,27
42310,152,137,15,15
42311,63,65,-2,2
42312,78,73,5,5
42313,123,136,-13,13
42314,126,128,-2,2
42315,79,75,4,4
42316,92,73,19,19
42317,94,102,-8,8
42318,200,183,17,17
42319,157,155,2,2
42320,80,76,4,4
42321,57,58,-1,1
42322,141,135,6,6
42323,60,64,-4,4
42324,85,78,7,7
42325,54,51,3,3
42326,159,159,0,0
42327,150,132,18,18
42328,87,78,9,9
42329,47,59,-12,12
42330,96,95,1,1
42331,82,82,0,0
42332,74,71,3,3
42333,120,121,-1,1
42334,109,89,20,20
42335,86,91,-5,5
42336,129,120,9,9
42337,196,182,14,14
42338,178,162,16,16
42339,105,98,7,7
42340,61,64,-3,3
42341,67,71,-4,4
42342,109,106,3,3
42343,111,126,-15,15
42344,52,67,-15,15
42345,89,80,9,9
42346,71,83,-12,12
42347,111,109,2,2
42348,40,50,-10,10
42349,79,86,-7,7
42350,99,94,5,5
42351,96,94,2,2
42352,63,57,6,6
42353,103,124,-21,21
42354,97,109,-12,12
42355,90,92,-2,2
42356,119,104,15,15
42357,176,159,17,17
42358,97,96,1,1
42359,131,148,-17,17
42360,86,75,11,11
42361,77,72,5,5
42362,84,82,2,2
42363,70,66,4,4
42364,109,108,1,1
42365,121,118,3,3
42366,125,138,-13,13
42367,150,125,25,25
42368,103,98,5,5
42369,151,129,22,22
42370,58,57,1,1
42371,64,62,2,2
42372,122,122,0,0
42373,104,95,9,9
42374,92,85,7,7
42375,100,99,1,1
42376,142,131,11,11
42377,93,85,8,8
42378,120,114,6,6
42379,75,78,-3,3
42380,106,100,6,6
42381,60,64,-4,4
42382,83,84,-1,1
42383,98,98,0,0
42384,56,51,5,5
42385,37,50,-13,13
42386,97,86,11,11
42387,152,152,0,0
42388,97,90,7,7
42389,76,70,6,6
42390,80,92,-12,12
42391,56,58,-2,2
42392,108,93,15,15
42393,128,103,25,25
42394,117,110,7,7
42395,103,99,4,4
42396,31,55,-24,24
42397,84,78,6,6
42398,92,91,1,1
42399,115,128,-13,13
42400,128,132,-4,4
42401,128,120,8,8
42402,75,83,-8,8
42403,72,83,-11,11
42404,95,92,3,3
42405,56,60,-4,4
42406,83,84,-1,1
42407,97,101,-4,4
42408,109,97,12,12
42409,126,118,8,8
42410,135,140,-5,5
42411,75,77,-2,2
42412,73,65,8,8
42413,89,89,0,0
42414,94,95,-1,1
42415,81,78,3,3
42416,78,79,-1,1
42417,79,70,9,9
42418,78,80,-2,2
42419,105,109,-4,4
42420,112,111,1,1
42421,75,68,7,7
42422,98,96,2,2
42423,94,92,2,2
42424,56,63,-7,7
42425,92,82,10,10
42426,68,69,-1,1
42427,104,104,0,0
42428,144,125,19,19
42429,50,56,-6,6
42430,51,54,-3,3
42431,61,68,-7,7
42432,83,90,-7,7
42433,28,50,-22,22
42434,99,102,-3,3
42435,83,88,-5,5
42436,162,151,11,11
42437,104,100,4,4
42438,88,93,-5,5
42439,95,91,4,4
42440,116,109,7,7
42441,144,133,11,11
42442,69,55,14,14
42443,102,113,-11,11
42444,116,116,0,0
42445,61,64,-3,3
42446,108,106,2,2
42447,55,55,0,0
42448,142,135,7,7
42449,156,151,5,5
42450,129,118,11,11
42451,180,171,9,9
42452,111,117,-6,6
42453,179,176,3,3
42454,89,91,-2,2
42455,114,107,7,7
42456,96,90,6,6
42457,117,120,-3,3
42458,64,67,-3,3
42459,57,55,2,2
42460,54,60,-6,6
42461,95,88,7,7
42462,89,71,18,18
42463,109,98,11,11
42464,76,76,0,0
42465,67,67,0,0
42466,65,64,1,1
42467,76,83,-7,7
42468,92,89,3,3
42469,92,90,2,2
42470,74,69,5,5
42471,92,82,10,10
42472,80,74,6,6
42473,89,90,-1,1
42474,43,50,-7,7
42475,69,72,-3,3
42476,88,91,-3,3
42477,84,94,-10,10
42478,115,115,0,0
42479,56,52,4,4
42480,95,101,-6,6
42481,80,94,-14,14
42482,80,79,1,1
42483,98,95,3,3
42484,49,53,-4,4
42485,91,84,7,7
42486,64,68,-4,4
42487,53,62,-9,9
42488,85,77,8,8
42489,98,94,4,4
42490,100,92,8,8
42491,69,72,-3,3
42492,48,55,-7,7
42493,105,96,9,9
42494,163,148,15,15
42495,150,152,-2,2
42496,85,86,-1,1
42497,128,130,-2,2
42498,99,105,-6,6
42499,103,97,6,6
42500,128,114,14,14
42501,107,110,-3,3
42502,55,62,-7,7
42503,84,91,-7,7
42504,90,96,-6,6
42505,90,96,-6,6
42506,72,67,5,5
42507,91,94,-3,3
42508,87,97,-10,10
42509,84,69,15,15
42510,42,50,-8,8
42511,65,68,-3,3
42512,131,130,1,1
42513,48,58,-10,10
42514,109,101,8,8
42515,85,95,-10,10
42516,66,58,8,8
42517,83,90,-7,7
42518,46,50,-4,4
42519,141,135,6,6
42520,59,65,-6,6
42521,87,83,4,4
42522,84,88,-4,4
42523,86,92,-6,6
42524,127,120,7,7
42525,111,112,-1,1
42526,102,105,-3,3
42527,65,67,-2,2
42528,70,69,1,1
42529,61,66,-5,5
42530,104,105,-1,1
42531,111,110,1,1
42532,202,182,20,20
42533,100,91,9,9
42534,136,134,2,2
42535,35,50,-15,15
42536,40,50,-10,10
42537,115,110,5,5
42538,116,111,5,5
42539,72,65,7,7
42540,108,107,1,1
42541,106,117,-11,11
42542,62,62,0,0
42543,127,116,11,11
42544,94,87,7,7
42545,89,81,8,8
42546,70,71,-1,1
42547,72,79,-7,7
42548,98,84,14,14
42549,96,89,7,7
42550,108,113,-5,5
42551,142,122,20,20
42552,77,78,-1,1
42553,67,67,0,0
42554,81,88,-7,7
42555,54,54,0,0
42556,124,121,3,3
42557,110,114,-4,4
42558,101,102,-1,1
42559,86,91,-5,5
42560,117,112,5,5
42561,111,107,4,4
42562,136,124,12,12
42563,78,74,4,4
42564,62,78,-16,16
42565,231,209,22,22
42566,180,185,-5,5
42567,91,87,4,4
42568,134,133,1,1
42569,80,81,-1,1
42570,100,101,-1,1
42571,123,121,2,2
42572,109,106,3,3
42573,70,69,1,1
42574,57,57,0,0
42575,148,144,4,4
42576,76,74,2,2
42577,70,69,1,1
42578,82,84,-2,2
42579,102,111,-9,9
42580,198,189,9,9
42581,56,53,3,3
42582,94,97,-3,3
42583,97,98,-1,1
42584,103,95,8,8
42585,81,77,4,4
42586,102,98,4,4
42587,85,85,0,0
42588,165,147,18,18
42589,50,58,-8,8
42590,124,121,3,3
42591,101,100,1,1
42592,79,75,4,4
42593,138,144,-6,6
42594,191,139,52,52
42595,162,160,2,2
42596,126,119,7,7
42597,103,104,-1,1
42598,49,52,-3,3
42599,113,118,-5,5
42600,100,99,1,1
42601,118,117,1,1
42602,117,121,-4,4
42603,84,88,-4,4
42604,110,101,9,9
42605,128,113,15,15
42606,105,104,1,1
42607,59,55,4,4
42608,91,89,2,2
42609,68,63,5,5
42610,72,82,-10,10
42611,135,130,5,5
42612,79,93,-14,14
42613,107,108,-1,1
42614,30,50,-20,20
42615,70,73,-3,3
42616,105,103,2,2
42617,92,91,1,1
42618,177,173,4,4
42619,84,89,-5,5
42620,67,73,-6,6
42621,150,126,24,24
42622,65,86,-21,21
42623,69,70,-1,1
42624,94,91,3,3
42625,87,77,10,10
42626,73,82,-9,9
42627,70,75,-5,5
42628,93,85,8,8
42629,110,106,4,4
42630,87,76,11,11
42631,109,113,-4,4
42632,71,76,-5,5
42633,103,107,-4,4
42634,152,142,10,10
42635,70,73,-3,3
42636,125,105,20,20
42637,91,95,-4,4
42638,172,168,4,4
42639,60,67,-7,7
42640,99,128,-29,29
42641,61,57,4,4
42642,91,91,0,0
42643,94,87,7,7
42644,135,125,10,10
42645,43,58,-15,15
42646,83,89,-6,6
42647,93,91,2,2
42648,116,113,3,3
42649,131,109,22,22
42650,140,147,-7,7
42651,101,107,-6,6
42652,160,149,11,11
42653,157,138,19,19
42654,147,174,-27,27
42655,151,150,1,1
42656,162,156,6,6
42657,52,98,-46,46
42658,77,70,7,7
42659,86,80,6,6
42660,86,90,-4,4
42661,91,84,7,7
42662,118,109,9,9
42663,103,97,6,6
42664,103,103,0,0
42665,74,74,0,0
42666,119,113,6,6
42667,89,86,3,3
42668,107,100,7,7
42669,109,145,-36,36
42670,85,91,-6,6
42671,70,70,0,0
42672,86,82,4,4
42673,105,104,1,1
42674,98,99,-1,1
42675,75,76,-1,1
42676,50,58,-8,8
42677,67,68,-1,1
42678,76,69,7,7
42679,80,72,8,8
42680,124,125,-1,1
42681,60,73,-13,13
42682,73,72,1,1
42683,52,53,-1,1
42684,102,101,1,1
42685,29,50,-21,21
42686,66,73,-7,7
42687,80,70,10,10
42688,76,77,-1,1
42689,107,104,3,3
42690,68,59,9,9
42691,129,117,12,12
42692,51,50,1,1
42693,131,134,-3,3
42694,73,77,-4,4
42695,157,148,9,9
42696,96,103,-7,7
42697,19,55,-36,36
42698,109,98,11,11
42699,67,67,0,0
42700,132,129,3,3
42701,156,126,30,30
42702,85,95,-10,10
42703,90,89,1,1
42704,85,78,7,7
42705,44,57,-13,13
42706,150,138,12,12
42707,65,67,-2,2
42708,91,104,-13,13
42709,63,77,-14,14
42710,80,82,-2,2
42711,163,167,-4,4
42712,110,101,9,9
42713,100,97,3,3
42714,89,79,10,10
42715,51,56,-5,5
42716,97,105,-8,8
42717,82,84,-2,2
42718,85,84,1,1
42719,73,79,-6,6
42720,80,71,9,9
42721,50,58,-8,8
42722,81,74,7,7
42723,68,65,3,3
42724,76,78,-2,2
42725,75,69,6,6
42726,82,91,-9,9
42727,78,79,-1,1
42728,53,69,-16,16
42729,55,59,-4,4
42730,41,50,-9,9
42731,95,94,1,1
42732,55,53,2,2
42733,99,112,-13,13
42734,64,71,-7,7
42735,93,106,-13,13
42736,61,55,6,6
42737,95,94,1,1
42738,116,118,-2,2
42739,83,74,9,9
42740,82,72,10,10
42741,137,115,22,22
42742,69,74,-5,5
42743,69,63,6,6
42744,60,55,5,5
42745,81,89,-8,8
42746,128,126,2,2
42747,78,72,6,6
42748,79,82,-3,3
42749,74,83,-9,9
42750,69,73,-4,4
42751,140,134,6,6
42752,108,114,-6,6
42753,61,55,6,6
42754,142,141,1,1
42755,42,50,-8,8
42756,68,63,5,5
42757,74,75,-1,1
42758,94,97,-3,3
42759,164,157,7,7
42760,77,73,4,4
42761,94,85,9,9
42762,192,195,-3,3
42763,121,120,1,1
42764,61,57,4,4
42765,120,122,-2,2
42766,103,99,4,4
42767,89,85,4,4
42768,100,92,8,8
42769,97,88,9,9
42770,64,67,-3,3
42771,165,164,1,1
42772,74,69,5,5
42773,65,67,-2,2
42774,39,61,-22,22
42775,183,169,14,14
42776,82,85,-3,3
42777,111,110,1,1
42778,150,137,13,13
42779,89,77,12,12
42780,116,113,3,3
42781,106,105,1,1
42782,129,133,-4,4
42783,59,63,-4,4
42784,161,135,26,26
42785,108,125,-17,17
42786,63,75,-12,12
42787,114,111,3,3
42788,80,87,-7,7
42789,81,86,-5,5
42790,72,73,-1,1
42791,99,94,5,5
42792,98,84,14,14
42793,111,99,12,12
42794,120,115,5,5
42795,119,115,4,4
42796,69,72,-3,3
42797,137,129,8,8
42798,130,130,0,0
42799,106,93,13,13
42800,58,61,-3,3
42801,144,139,5,5
42802,117,119,-2,2
42803,146,154,-8,8
42804,137,133,4,4
42805,116,122,-6,6
42806,86,78,8,8
42807,89,86,3,3
42808,107,105,2,2
42809,108,111,-3,3
42810,109,97,12,12
42811,53,59,-6,6
42812,79,70,9,9
42813,59,61,-2,2
42814,84,81,3,3
42815,156,142,14,14
42816,121,116,5,5
42817,66,64,2,2
42818,74,72,2,2
42819,47,103,-56,56
42820,106,103,3,3
42821,98,87,11,11
42822,68,62,6,6
42823,58,66,-8,8
42824,86,90,-4,4
42825,87,91,-4,4
42826,85,94,-9,9
42827,143,137,6,6
42828,168,148,20,20
42829,63,72,-9,9
42830,72,116,-44,44
42831,170,183,-13,13
42832,139,144,-5,5
42833,104,110,-6,6
42834,66,58,8,8
42835,78,78,0,0
42836,66,60,6,6
42837,78,75,3,3
42838,178,159,19,19
42839,176,168,8,8
42840,77,69,8,8
42841,51,53,-2,2
42842,112,84,28,28
42843,110,128,-18,18
42844,140,149,-9,9
42845,120,110,10,10
42846,88,88,0,0
42847,85,94,-9,9
42848,166,153,13,13
42849,71,70,1,1
42850,112,121,-9,9
42851,73,66,7,7
42852,80,78,2,2
42853,113,127,-14,14
42854,62,63,-1,1
42855,94,75,19,19
42856,145,149,-4,4
42857,131,140,-9,9
42858,103,103,0,0
42859,98,106,-8,8
42860,84,76,8,8
42861,133,123,10,10
42862,144,138,6,6
42863,141,127,14,14
42864,119,104,15,15
42865,87,84,3,3
42866,79,85,-6,6
42867,63,69,-6,6
42868,89,96,-7,7
42869,38,50,-12,12
42870,99,105,-6,6
42871,114,105,9,9
42872,129,114,15,15
42873,155,150,5,5
42874,87,71,16,16
42875,70,67,3,3
42876,112,103,9,9
42877,137,134,3,3
42878,92,84,8,8
42879,145,139,6,6
42880,154,132,22,22
42881,130,125,5,5
42882,45,58,-13,13
42883,63,58,5,5
42884,58,56,2,2
42885,96,100,-4,4
42886,102,98,4,4
42887,118,127,-9,9
42888,119,118,1,1
42889,75,73,2,2
42890,115,116,-1,1
42891,94,96,-2,2
42892,108,105,3,3
42893,101,96,5,5
42894,136,133,3,3
42895,110,111,-1,1
42896,127,117,10,10
42897,94,81,13,13
42898,124,109,15,15
42899,68,73,-5,5
42900,128,117,11,11
42901,138,134,4,4
42902,83,85,-2,2
42903,125,107,18,18
42904,63,64,-1,1
42905,133,107,26,26
42906,77,72,5,5
42907,94,89,5,5
42908,116,101,15,15
42909,93,94,-1,1
42910,84,87,-3,3
42911,125,121,4,4
42912,123,128,-5,5
42913,92,87,5,5
42914,155,148,7,7
42915,86,173,-87,87
42916,75,73,2,2
42917,74,75,-1,1
42918,78,82,-4,4
42919,96,84,12,12
42920,113,121,-8,8
42921,139,160,-21,21
42922,95,90,5,5
42923,83,84,-1,1
42924,128,125,3,3
42925,102,99,3,3
42926,124,138,-14,14
42927,71,72,-1,1
42928,63,66,-3,3
42929,71,69,2,2
42930,131,135,-4,4
42931,115,130,-15,15
42932,91,87,4,4
42933,92,97,-5,5
42934,59,53,6,6
42935,138,138,0,0
42936,71,67,4,4
42937,53,66,-13,13
42938,103,104,-1,1
42939,85,81,4,4
42940,92,92,0,0
42941,109,122,-13,13
42942,74,83,-9,9
42943,100,98,2,2
42944,111,107,4,4
42945,112,108,4,4
42946,112,103,9,9
42947,31,50,-19,19
42948,57,74,-17,17
42949,194,179,15,15
42950,75,75,0,0
42951,119,118,1,1
42952,106,104,2,2
42953,89,76,13,13
42954,75,70,5,5
42955,77,76,1,1
42956,68,74,-6,6
42957,48,50,-2,2
42958,53,52,1,1
42959,91,91,0,0
42960,90,105,-15,15
42961,57,66,-9,9
42962,81,82,-1,1
42963,113,111,2,2
42964,89,86,3,3
42965,74,70,4,4
42966,89,86,3,3
42967,73,76,-3,3
42968,54,56,-2,2
42969,77,77,0,0
42970,108,96,12,12
42971,59,68,-9,9
42972,218,200,18,18
42973,118,129,-11,11
42974,86,90,-4,4
42975,153,148,5,5
42976,123,120,3,3
42977,117,118,-1,1
42978,51,51,0,0
42979,77,75,2,2
42980,59,56,3,3
42981,69,76,-7,7
42982,67,72,-5,5
42983,83,77,6,6
42984,137,123,14,14
42985,96,87,9,9
42986,68,70,-2,2
42987,91,99,-8,8
42988,81,88,-7,7
42989,79,68,11,11
42990,50,50,0,0
42991,78,78,0,0
42992,32,50,-18,18
42993,64,63,1,1
42994,80,84,-4,4
42995,99,90,9,9
42996,131,136,-5,5
42997,48,53,-5,5
42998,77,70,7,7
42999,128,126,2,2
43000,120,119,1,1
43001,55,55,0,0
43002,79,67,12,12
43003,85,84,1,1
43004,148,138,10,10
43005,136,133,3,3
43006,111,124,-13,13
43007,105,131,-26,26
43008,93,87,6,6
43009,79,77,2,2
43010,87,84,3,3
43011,69,72,-3,3
43012,109,105,4,4
43013,156,144,12,12
43014,106,106,0,0
43015,105,106,-1,1
43016,42,50,-8,8
43017,84,81,3,3
43018,15,50,-35,35
43019,89,95,-6,6
43020,179,171,8,8
43021,65,66,-1,1
43022,108,114,-6,6
43023,40,50,-10,10
43024,89,82,7,7
43025,138,127,11,11
43026,134,138,-4,4
43027,102,96,6,6
43028,103,101,2,2
43029,143,125,18,18
43030,65,68,-3,3
43031,74,71,3,3
43032,116,107,9,9
43033,79,81,-2,2
43034,74,74,0,0
43035,91,68,23,23
43036,99,95,4,4
43037,64,59,5,5
43038,120,111,9,9
43039,103,90,13,13
43040,90,88,2,2
43041,51,51,0,0
43042,96,88,8,8
43043,77,74,3,3
43044,142,143,-1,1
43045,77,66,11,11
43046,90,86,4,4
43047,141,134,7,7
43048,85,91,-6,6
43049,98,89,9,9
43050,146,139,7,7
43051,120,111,9,9
43052,107,112,-5,5
43053,97,99,-2,2
43054,125,127,-2,2
43055,81,87,-6,6
43056,99,102,-3,3
43057,90,92,-2,2
43058,53,52,1,1
43059,88,77,11,11
43060,70,63,7,7
43061,57,72,-15,15
43062,77,72,5,5
43063,51,62,-11,11
43064,110,116,-6,6
43065,72,74,-2,2
43066,101,99,2,2
43067,177,158,19,19
43068,153,139,14,14
43069,157,153,4,4
43070,67,67,0,0
43071,63,65,-2,2
43072,208,187,21,21
43073,84,79,5,5
43074,69,70,-1,1
43075,110,97,13,13
43076,85,72,13,13
43077,37,50,-13,13
43078,142,119,23,23
43079,82,89,-7,7
43080,81,89,-8,8
43081,94,92,2,2
43082,143,141,2,2
43083,118,112,6,6
43084,86,96,-10,10
43085,76,79,-3,3
43086,73,64,9,9
43087,131,114,17,17
43088,53,70,-17,17
43089,66,67,-1,1
43090,101,105,-4,4
43091,115,115,0,0
43092,136,131,5,5
43093,61,85,-24,24
43094,86,88,-2,2
43095,71,79,-8,8
43096,81,81,0,0
43097,69,79,-10,10
43098,36,50,-14,14
43099,157,152,5,5
43100,57,57,0,0
43101,73,64,9,9
43102,185,168,17,17
43103,62,54,8,8
43104,123,122,1,1
43105,65,64,1,1
43106,73,67,6,6
43107,98,96,2,2
43108,101,95,6,6
43109,104,100,4,4
43110,83,86,-3,3
43111,58,61,-3,3
43112,85,85,0,0
43113,55,60,-5,5
43114,80,67,13,13
43115,66,63,3,3
43116,83,77,6,6
43117,107,113,-6,6
43118,104,97,7,7
43119,44,53,-9,9
43120,63,69,-6,6
43121,85,76,9,9
43122,133,127,6,6
43123,59,59,0,0
43124,130,105,25,25
43125,74,73,1,1
43126,62,59,3,3
43127,109,101,8,8
43128,71,71,0,0
43129,55,86,-31,31
43130,142,138,4,4
43131,117,121,-4,4
43132,110,103,7,7
43133,35,60,-25,25
43134,85,89,-4,4
43135,63,60,3,3
43136,79,89,-10,10
43137,101,95,6,6
43138,73,73,0,0
43139,150,152,-2,2
43140,164,145,19,19
43141,121,117,4,4
43142,56,60,-4,4
43143,82,87,-5,5
43144,115,126,-11,11
43145,103,92,11,11
43146,80,76,4,4
43147,90,100,-10,10
43148,103,98,5,5
43149,122,127,-5,5
43150,113,113,0,0
43151,62,69,-7,7
43152,120,120,0,0
43153,94,94,0,0
43154,93,91,2,2
43155,52,53,-1,1
43156,89,82,7,7
43157,72,59,13,13
43158,65,58,7,7
43159,92,86,6,6
43160,59,59,0,0
43161,86,95,-9,9
43162,119,107,12,12
43163,64,69,-5,5
43164,142,114,28,28
43165,80,81,-1,1
43166,68,65,3,3
43167,85,88,-3,3
43168,69,68,1,1
43169,157,152,5,5
43170,120,105,15,15
43171,135,128,7,7
43172,72,67,5,5
43173,99,86,13,13
43174,88,93,-5,5
43175,101,99,2,2
43176,72,74,-2,2
43177,166,169,-3,3
43178,49,54,-5,5
43179,89,84,5,5
43180,113,103,10,10
43181,113,106,7,7
43182,85,88,-3,3
43183,67,80,-13,13
43184,89,90,-1,1
43185,63,65,-2,2
43186,52,116,-64,64
43187,127,119,8,8
43188,106,104,2,2
43189,120,100,20,20
43190,97,114,-17,17
43191,57,63,-6,6
43192,68,82,-14,14
43193,105,103,2,2
43194,106,114,-8,8
43195,133,131,2,2
43196,63,72,-9,9
43197,58,60,-2,2
43198,106,111,-5,5
43199,103,94,9,9
43200,71,72,-1,1
43201,103,103,0,0
43202,42,50,-8,8
43203,91,84,7,7
43204,103,109,-6,6
43205,90,89,1,1
43206,103,105,-2,2
43207,111,107,4,4
43208,132,117,15,15
43209,115,113,2,2
43210,121,127,-6,6
43211,122,109,13,13
43212,132,126,6,6
43213,32,50,-18,18
43214,110,103,7,7
43215,87,89,-2,2
43216,135,129,6,6
43217,102,98,4,4
43218,82,84,-2,2
43219,131,121,10,10
43220,102,106,-4,4
43221,52,53,-1,1
43222,100,110,-10,10
43223,100,95,5,5
43224,90,95,-5,5
43225,85,90,-5,5
43226,61,65,-4,4
43227,154,165,-11,11
43228,137,125,12,12
43229,107,100,7,7
43230,98,97,1,1
43231,92,84,8,8
43232,191,164,27,27
43233,113,119,-6,6
43234,104,104,0,0
43235,62,59,3,3
43236,80,78,2,2
43237,50,51,-1,1
43238,100,82,18,18
43239,126,128,-2,2
43240,113,106,7,7
43241,69,69,0,0
43242,62,59,3,3
43243,52,69,-17,17
43244,118,115,3,3
43245,59,63,-4,4
43246,40,50,-10,10
43247,93,95,-2,2
43248,105,112,-7,7
43249,127,120,7,7
43250,84,95,-11,11
43251,93,104,-11,11
43252,121,131,-10,10
43253,94,98,-4,4
43254,64,65,-1,1
43255,109,103,6,6
43256,123,134,-11,11
43257,130,127,3,3
43258,138,133,5,5
43259,67,69,-2,2
43260,99,97,2,2
43261,84,80,4,4
43262,112,123,-11,11
43263,103,102,1,1
43264,60,54,6,6
43265,90,108,-18,18
43266,131,132,-1,1
43267,47,51,-4,4
43268,90,85,5,5
43269,81,84,-3,3
43270,84,81,3,3
43271,81,82,-1,1
43272,105,113,-8,8
43273,67,71,-4,4
43274,86,86,0,0
43275,140,144,-4,4
43276,78,69,9,9
43277,96,90,6,6
43278,102,103,-1,1
43279,43,50,-7,7
43280,71,82,-11,11
43281,91,97,-6,6
43282,84,82,2,2
43283,125,120,5,5
43284,50,63,-13,13
43285,90,93,-3,3
43286,68,63,5,5
43287,129,121,8,8
43288,133,137,-4,4
43289,72,91,-19,19
43290,150,146,4,4
43291,179,161,18,18
43292,96,94,2,2
43293,72,67,5,5
43294,178,154,24,24
43295,89,88,1,1
43296,129,118,11,11
43297,84,78,6,6
43298,87,79,8,8
43299,82,75,7,7
43300,82,90,-8,8
43301,91,90,1,1
43302,112,115,-3,3
43303,88,93,-5,5
43304,100,108,-8,8
43305,164,155,9,9
43306,89,93,-4,4
43307,72,78,-6,6
43308,111,117,-6,6
43309,123,130,-7,7
43310,163,142,21,21
43311,65,64,1,1
43312,130,136,-6,6
43313,145,140,5,5
43314,92,89,3,3
43315,50,60,-10,10
43316,73,89,-16,16
43317,57,58,-1,1
43318,89,73,16,16
43319,82,80,2,2
43320,67,64,3,3
43321,91,100,-9,9
43322,112,109,3,3
43323,73,70,3,3
43324,64,62,2,2
43325,119,131,-12,12
43326,61,59,2,2
43327,26,50,-24,24
43328,67,69,-2,2
43329,178,161,17,17
43330,97,77,20,20
43331,132,110,22,22
43332,121,125,-4,4
43333,143,119,24,24
43334,92,100,-8,8
43335,78,83,-5,5
43336,99,103,-4,4
43337,68,64,4,4
43338,61,60,1,1
43339,139,142,-3,3
43340,162,157,5,5
43341,86,83,3,3
43342,106,104,2,2
43343,48,51,-3,3
43344,125,116,9,9
43345,123,119,4,4
43346,117,114,3,3
43347,229,202,27,27
43348,83,86,-3,3
43349,72,113,-41,41
43350,130,128,2,2
43351,49,53,-4,4
43352,124,120,4,4
43353,123,126,-3,3
43354,127,131,-4,4
43355,78,79,-1,1
43356,87,109,-22,22
43357,129,117,12,12
43358,97,91,6,6
43359,129,142,-13,13
43360,69,70,-1,1
43361,84,84,0,0
43362,122,108,14,14
43363,158,139,19,19
43364,77,85,-8,8
43365,86,96,-10,10
43366,100,107,-7,7
43367,93,98,-5,5
43368,117,111,6,6
43369,139,132,7,7
43370,100,95,5,5
43371,162,152,10,10
43372,68,70,-2,2
43373,68,68,0,0
43374,85,76,9,9
43375,105,96,9,9
43376,174,156,18,18
43377,85,88,-3,3
43378,108,98,10,10
43379,67,69,-2,2
43380,115,113,2,2
43381,63,61,2,2
43382,107,105,2,2
43383,99,105,-6,6
43384,52,56,-4,4
43385,87,84,3,3
43386,125,94,31,31
43387,64,54,10,10
43388,101,105,-4,4
43389,118,115,3,3
43390,129,127,2,2
43391,100,100,0,0
43392,71,65,6,6
43393,70,77,-7,7
43394,70,76,-6,6
43395,101,82,19,19
43396,71,74,-3,3
43397,70,70,0,0
43398,115,111,4,4
43399,56,55,1,1
43400,106,100,6,6
43401,125,123,2,2
43402,104,102,2,2
43403,84,81,3,3
43404,64,65,-1,1
43405,82,83,-1,1
43406,99,104,-5,5
43407,167,158,9,9
43408,107,106,1,1
43409,91,82,9,9
43410,83,87,-4,4
43411,89,79,10,10
43412,92,87,5,5
43413,114,105,9,9
43414,126,106,20,20
43415,133,120,13,13
43416,51,55,-4,4
43417,87,79,8,8
43418,67,63,4,4
43419,67,63,4,4
43420,142,131,11,11
43421,139,125,14,14
43422,125,111,14,14
43423,81,76,5,5
43424,210,187,23,23
43425,113,107,6,6
43426,57,66,-9,9
43427,94,94,0,0
43428,121,98,23,23
43429,107,104,3,3
43430,38,51,-13,13
43431,81,86,-5,5
43432,126,112,14,14
43433,248,236,12,12
43434,92,93,-1,1
43435,153,144,9,9
43436,127,127,0,0
43437,45,53,-8,8
43438,81,102,-21,21
43439,164,161,3,3
43440,140,147,-7,7
43441,114,112,2,2
43442,115,114,1,1
43443,87,81,6,6
43444,57,58,-1,1
43445,51,50,1,1
43446,95,106,-11,11
43447,33,52,-19,19
43448,128,123,5,5
43449,101,96,5,5
43450,75,77,-2,2
43451,138,133,5,5
43452,136,124,12,12
43453,63,83,-20,20
43454,80,66,14,14
43455,90,103,-13,13
43456,47,51,-4,4
43457,96,93,3,3
43458,62,62,0,0
43459,98,93,5,5
43460,140,135,5,5
43461,84,74,10,10
43462,143,145,-2,2
43463,84,88,-4,4
43464,151,149,2,2
43465,87,77,10,10
43466,107,114,-7,7
43467,118,109,9,9
43468,60,66,-6,6
43469,82,86,-4,4
43470,167,155,12,12
43471,110,100,10,10
43472,98,97,1,1
43473,83,86,-3,3
43474,76,74,2,2
43475,93,100,-7,7
43476,102,101,1,1
43477,76,65,11,11
43478,76,82,-6,6
43479,115,113,2,2
43480,77,81,-4,4
43481,98,96,2,2
43482,149,140,9,9
43483,78,73,5,5
43484,119,122,-3,3
43485,121,114,7,7
43486,46,76,-30,30
43487,67,78,-11,11
43488,129,116,13,13
43489,114,118,-4,4
43490,73,72,1,1
43491,118,116,2,2
43492,90,91,-1,1
43493,165,162,3,3
43494,147,146,1,1
43495,52,50,2,2
43496,111,122,-11,11
43497,160,143,17,17
43498,88,95,-7,7
43499,105,101,4,4
43500,105,95,10,10
43501,90,92,-2,2
43502,120,123,-3,3
43503,89,70,19,19
43504,79,81,-2,2
43505,82,89,-7,7
43506,122,124,-2,2
43507,96,94,2,2
43508,48,56,-8,8
43509,70,64,6,6
43510,65,76,-11,11
43511,78,81,-3,3
43512,133,133,0,0
43513,48,52,-4,4
43514,90,89,1,1
43515,54,56,-2,2
43516,104,93,11,11
43517,91,81,10,10
43518,112,109,3,3
43519,63,66,-3,3
43520,113,107,6,6
43521,99,85,14,14
43522,100,97,3,3
43523,69,71,-2,2
43524,122,113,9,9
43525,84,85,-1,1
43526,119,105,14,14
43527,103,96,7,7
43528,91,106,-15,15
43529,55,57,-2,2
43530,64,66,-2,2
43531,87,85,2,2
43532,220,206,14,14
43533,85,85,0,0
43534,63,66,-3,3
43535,64,62,2,2
43536,109,117,-8,8
43537,80,77,3,3
43538,91,89,2,2
43539,146,149,-3,3
43540,125,124,1,1
43541,130,136,-6,6
43542,127,142,-15,15
43543,113,104,9,9
43544,125,123,2,2
43545,84,85,-1,1
43546,111,110,1,1
43547,138,126,12,12
43548,47,52,-5,5
43549,75,85,-10,10
43550,98,106,-8,8
43551,163,157,6,6
43552,140,126,14,14
43553,50,51,-1,1
43554,77,73,4,4
43555,64,58,6,6
43556,76,72,4,4
43557,108,106,2,2
43558,53,51,2,2
43559,65,73,-8,8
43560,197,184,13,13
43561,182,171,11,11
43562,71,68,3,3
43563,134,114,20,20
43564,126,115,11,11
43565,54,58,-4,4
43566,132,136,-4,4
43567,86,80,6,6
43568,106,108,-2,2
43569,53,60,-7,7
43570,87,87,0,0
43571,80,81,-1,1
43572,150,152,-2,2
43573,49,51,-2,2
43574,137,100,37,37
43575,51,54,-3,3
43576,90,82,8,8
43577,125,123,2,2
43578,110,114,-4,4
43579,112,114,-2,2
43580,51,53,-2,2
43581,105,96,9,9
43582,110,113,-3,3
43583,93,98,-5,5
43584,169,161,8,8
43585,97,81,16,16
43586,97,78,19,19
43587,89,92,-3,3
43588,75,77,-2,2
43589,119,117,2,2
43590,93,97,-4,4
43591,53,56,-3,3
43592,121,104,17,17
43593,61,78,-17,17
43594,98,105,-7,7
43595,92,93,-1,1
43596,63,60,3,3
43597,101,88,13,13
43598,180,165,15,15
43599,70,68,2,2
43600,66,66,0,0
43601,121,184,-63,63
43602,100,97,3,3
43603,151,145,6,6
43604,44,63,-19,19
43605,93,94,-1,1
43606,79,71,8,8
43607,133,120,13,13
43608,51,54,-3,3
43609,111,112,-1,1
43610,83,81,2,2
43611,93,99,-6,6
43612,78,68,10,10
43613,75,73,2,2
43614,133,134,-1,1
43615,128,117,11,11
43616,98,105,-7,7
43617,137,121,16,16
43618,79,85,-6,6
43619,90,87,3,3
43620,62,65,-3,3
43621,170,168,2,2
43622,123,124,-1,1
43623,57,61,-4,4
43624,87,97,-10,10
43625,35,51,-16,16
43626,76,86,-10,10
43627,95,85,10,10
43628,63,69,-6,6
43629,74,69,5,5
43630,125,129,-4,4
43631,115,115,0,0
43632,63,61,2,2
43633,141,136,5,5
43634,78,79,-1,1
43635,71,71,0,0
43636,90,89,1,1
43637,235,223,12,12
43638,118,107,11,11
43639,65,69,-4,4
43640,98,92,6,6
43641,97,107,-10,10
43642,48,55,-7,7
43643,110,109,1,1
43644,96,94,2,2
43645,119,114,5,5
43646,141,133,8,8
43647,80,81,-1,1
43648,88,110,-22,22
43649,93,92,1,1
43650,141,139,2,2
43651,59,81,-22,22
43652,98,98,0,0
43653,66,76,-10,10
43654,91,92,-1,1
43655,90,88,2,2
43656,111,108,3,3
43657,96,95,1,1
43658,103,93,10,10
43659,59,57,2,2
43660,68,70,-2,2
43661,73,68,5,5
43662,60,64,-4,4
43663,75,94,-19,19
43664,65,67,-2,2
43665,91,93,-2,2
43666,53,66,-13,13
43667,97,102,-5,5
43668,66,58,8,8
43669,94,97,-3,3
43670,97,95,2,2
43671,81,82,-1,1
43672,134,125,9,9
43673,96,102,-6,6
43674,115,119,-4,4
43675,51,70,-19,19
43676,75,80,-5,5
43677,157,143,14,14
43678,86,88,-2,2
43679,147,152,-5,5
43680,85,84,1,1
43681,88,95,-7,7
43682,46,52,-6,6
43683,119,119,0,0
43684,109,99,10,10
43685,142,144,-2,2
43686,95,100,-5,5
43687,93,102,-9,9
43688,79,78,1,1
43689,142,139,3,3
43690,83,87,-4,4
43691,93,93,0,0
43692,149,112,37,37
43693,114,103,11,11
43694,99,91,8,8
43695,125,127,-2,2
43696,116,98,18,18
43697,131,133,-2,2
43698,103,97,6,6
43699,79,73,6,6
43700,171,166,5,5
43701,69,77,-8,8
43702,78,88,-10,10
43703,67,80,-13,13
43704,82,82,0,0
43705,110,115,-5,5
43706,171,159,12,12
43707,46,52,-6,6
43708,60,59,1,1
43709,179,164,15,15
43710,68,71,-3,3
43711,66,63,3,3
43712,67,65,2,2
43713,87,105,-18,18
43714,61,64,-3,3
43715,61,65,-4,4
43716,122,127,-5,5
43717,96,96,0,0
43718,106,94,12,12
43719,54,54,0,0
43720,76,76,0,0
43721,111,115,-4,4
43722,44,50,-6,6
43723,163,161,2,2
43724,71,60,11,11
43725,74,69,5,5
43726,97,99,-2,2
43727,134,128,6,6
43728,82,76,6,6
43729,79,95,-16,16
43730,138,125,13,13
43731,82,97,-15,15
43732,152,149,3,3
43733,111,111,0,0
43734,123,114,9,9
43735,77,69,8,8
43736,146,133,13,13
43737,82,82,0,0
43738,69,73,-4,4
43739,91,98,-7,7
43740,166,151,15,15
43741,53,55,-2,2
43742,71,66,5,5
43743,84,83,1,1
43744,68,71,-3,3
43745,94,106,-12,12
43746,101,130,-29,29
43747,106,102,4,4
43748,93,88,5,5
43749,69,70,-1,1
43750,136,122,14,14
43751,90,84,6,6
43752,87,75,12,12
43753,64,58,6,6
43754,62,101,-39,39
43755,77,84,-7,7
43756,47,65,-18,18
43757,122,121,1,1
43758,67,69,-2,2
43759,87,94,-7,7
43760,84,73,11,11
43761,68,71,-3,3
43762,60,63,-3,3
43763,75,78,-3,3
43764,90,83,7,7
43765,69,84,-15,15
43766,77,71,6,6
43767,82,80,2,2
43768,127,126,1,1
43769,58,60,-2,2
43770,151,140,11,11
43771,125,135,-10,10
43772,114,111,3,3
43773,106,112,-6,6
43774,85,88,-3,3
43775,92,89,3,3
43776,70,66,4,4
43777,124,124,0,0
43778,97,104,-7,7
43779,71,76,-5,5
43780,146,147,-1,1
43781,93,95,-2,2
43782,91,86,5,5
43783,63,60,3,3
43784,60,60,0,0
43785,84,99,-15,15
43786,192,192,0,0
43787,93,86,7,7
43788,133,120,13,13
43789,95,92,3,3
43790,65,56,9,9
43791,81,91,-10,10
43792,107,110,-3,3
43793,131,120,11,11
43794,130,133,-3,3
43795,68,64,4,4
43796,77,81,-4,4
43797,112,116,-4,4
43798,67,73,-6,6
43799,91,91,0,0
43800,90,86,4,4
43801,125,122,3,3
43802,69,63,6,6
43803,106,105,1,1
43804,110,100,10,10
43805,65,59,6,6
43806,87,89,-2,2
43807,60,55,5,5
43808,91,86,5,5
43809,153,137,16,16
43810,95,93,2,2
43811,150,141,9,9
43812,61,68,-7,7
43813,169,180,-11,11
43814,76,78,-2,2
43815,93,93,0,0
43816,75,68,7,7
43817,76,85,-9,9
43818,85,103,-18,18
43819,63,69,-6,6
43820,86,89,-3,3
43821,111,102,9,9
43822,81,78,3,3
43823,225,169,56,56
43824,49,55,-6,6
43825,90,93,-3,3
43826,67,64,3,3
43827,109,113,-4,4
43828,103,94,9,9
43829,73,65,8,8
43830,137,137,0,0
43831,93,97,-4,4
43832,68,65,3,3
43833,82,96,-14,14
43834,66,70,-4,4
43835,110,94,16,16
43836,170,175,-5,5
43837,104,102,2,2
43838,73,78,-5,5
43839,137,128,9,9
43840,55,53,2,2
43841,52,59,-7,7
43842,95,85,10,10
43843,48,51,-3,3
43844,67,78,-11,11
43845,64,64,0,0
43846,71,73,-2,2
43847,77,73,4,4
43848,66,60,6,6
43849,78,75,3,3
43850,71,75,-4,4
43851,117,119,-2,2
43852,83,71,12,12
43853,43,54,-11,11
43854,100,92,8,8
43855,50,57,-7,7
43856,140,144,-4,4
43857,86,99,-13,13
43858,63,61,2,2
43859,91,93,-2,2
43860,113,109,4,4
43861,63,64,-1,1
43862,61,58,3,3
43863,78,87,-9,9
43864,34,51,-17,17
43865,90,104,-14,14
43866,47,50,-3,3
43867,64,72,-8,8
43868,58,65,-7,7
43869,116,121,-5,5
43870,117,115,2,2
43871,84,92,-8,8
43872,105,107,-2,2
43873,86,88,-2,2
43874,68,74,-6,6
43875,131,138,-7,7
43876,77,81,-4,4
43877,76,70,6,6
43878,117,109,8,8
43879,97,91,6,6
43880,123,119,4,4
43881,98,101,-3,3
43882,71,69,2,2
43883,127,121,6,6
43884,56,56,0,0
43885,122,111,11,11
43886,49,58,-9,9
43887,60,63,-3,3
43888,115,110,5,5
43889,78,83,-5,5
43890,46,52,-6,6
43891,119,117,2,2
43892,129,145,-16,16
43893,66,64,2,2
43894,142,137,5,5
43895,79,78,1,1
43896,71,78,-7,7
43897,144,136,8,8
43898,106,109,-3,3
43899,77,78,-1,1
43900,74,81,-7,7
43901,69,69,0,0
43902,88,83,5,5
43903,59,59,0,0
43904,123,118,5,5
43905,54,56,-2,2
43906,43,53,-10,10
43907,155,142,13,13
43908,68,67,1,1
43909,131,130,1,1
43910,146,140,6,6
43911,102,83,19,19
43912,80,82,-2,2
43913,57,64,-7,7
43914,81,80,1,1
43915,104,115,-11,11
43916,39,50,-11,11
43917,78,76,2,2
43918,112,102,10,10
43919,44,84,-40,40
43920,79,76,3,3
43921,132,128,4,4
43922,117,127,-10,10
43923,80,86,-6,6
43924,88,76,12,12
43925,61,59,2,2
43926,57,51,6,6
43927,123,122,1,1
43928,60,65,-5,5
43929,113,106,7,7
43930,64,70,-6,6
43931,101,93,8,8
43932,143,145,-2,2
43933,71,77,-6,6
43934,80,71,9,9
43935,70,65,5,5
43936,45,51,-6,6
43937,44,52,-8,8
43938,92,86,6,6
43939,67,70,-3,3
43940,63,55,8,8
43941,139,133,6,6
43942,127,117,10,10
43943,69,64,5,5
43944,136,129,7,7
43945,109,116,-7,7
43946,120,118,2,2
43947,63,63,0,0
43948,50,55,-5,5
43949,97,93,4,4
43950,103,87,16,16
43951,89,83,6,6
43952,85,81,4,4
43953,173,166,7,7
43954,128,125,3,3
43955,171,173,-2,2
43956,49,54,-5,5
43957,99,83,16,16
43958,129,137,-8,8
43959,85,89,-4,4
43960,102,96,6,6
43961,124,123,1,1
43962,122,110,12,12
43963,137,131,6,6
43964,89,92,-3,3
43965,51,53,-2,2
43966,81,99,-18,18
43967,88,80,8,8
43968,76,83,-7,7
43969,111,116,-5,5
43970,86,87,-1,1
43971,131,122,9,9
43972,23,50,-27,27
43973,109,108,1,1
43974,84,81,3,3
43975,101,102,-1,1
43976,139,135,4,4
43977,58,65,-7,7
43978,71,74,-3,3
43979,95,80,15,15
43980,70,61,9,9
43981,65,71,-6,6
43982,95,92,3,3
43983,109,102,7,7
43984,57,58,-1,1
43985,103,100,3,3
43986,184,162,22,22
43987,80,77,3,3
43988,103,105,-2,2
43989,94,123,-29,29
43990,62,60,2,2
43991,110,92,18,18
43992,109,113,-4,4
43993,47,52,-5,5
43994,107,114,-7,7
43995,184,162,22,22
43996,122,136,-14,14
43997,155,155,0,0
43998,66,71,-5,5
43999,63,60,3,3
44000,104,122,-18,18
44001,100,90,10,10
44002,82,98,-16,16
44003,162,158,4,4
44004,122,125,-3,3
44005,78,135,-57,57
44006,71,63,8,8
44007,131,113,18,18
44008,113,103,10,10
44009,84,90,-6,6
44010,65,63,2,2
44011,81,83,-2,2
44012,93,82,11,11
44013,67,68,-1,1
44014,148,129,19,19
44015,72,76,-4,4
44016,106,96,10,10
44017,79,88,-9,9
44018,113,114,-1,1
44019,66,62,4,4
44020,68,66,2,2
44021,63,61,2,2
44022,81,100,-19,19
44023,117,114,3,3
44024,70,108,-38,38
44025,78,77,1,1
44026,165,173,-8,8
44027,40,50,-10,10
44028,85,91,-6,6
44029,73,109,-36,36
44030,104,98,6,6
44031,129,117,12,12
44032,116,106,10,10
44033,115,106,9,9
44034,82,80,2,2
44035,84,85,-1,1
44036,82,89,-7,7
44037,29,63,-34,34
44038,64,74,-10,10
44039,66,56,10,10
44040,114,112,2,2
44041,146,132,14,14
44042,65,61,4,4
44043,42,50,-8,8
44044,157,163,-6,6
44045,89,86,3,3
44046,116,134,-18,18
44047,54,56,-2,2
44048,77,75,2,2
44049,79,83,-4,4
44050,137,134,3,3
44051,67,64,3,3
44052,105,114,-9,9
44053,149,116,33,33
44054,57,61,-4,4
44055,104,114,-10,10
44056,89,98,-9,9
44057,82,89,-7,7
44058,106,123,-17,17
44059,191,184,7,7
44060,87,84,3,3
44061,58,57,1,1
44062,114,112,2,2
44063,114,118,-4,4
44064,118,110,8,8
44065,159,147,12,12
44066,58,55,3,3
44067,95,94,1,1
44068,74,77,-3,3
44069,135,121,14,14
44070,134,133,1,1
44071,87,79,8,8
44072,130,117,13,13
44073,119,116,3,3
44074,142,136,6,6
44075,152,154,-2,2
44076,105,103,2,2
44077,63,63,0,0
44078,92,94,-2,2
44079,75,70,5,5
44080,96,95,1,1
44081,75,68,7,7
44082,56,55,1,1
44083,72,66,6,6
44084,89,105,-16,16
44085,58,59,-1,1
44086,76,74,2,2
44087,90,104,-14,14
44088,73,82,-9,9
44089,78,79,-1,1
44090,110,119,-9,9
44091,174,154,20,20
44092,104,89,15,15
44093,94,98,-4,4
44094,165,148,17,17
44095,107,97,10,10
44096,78,77,1,1
44097,90,87,3,3
44098,124,119,5,5
44099,129,118,11,11
44100,66,63,3,3
44101,73,78,-5,5
44102,139,142,-3,3
44103,72,78,-6,6
44104,140,134,6,6
44105,93,100,-7,7
44106,135,126,9,9
44107,56,58,-2,2
44108,76,70,6,6
44109,102,104,-2,2
44110,102,103,-1,1
44111,130,122,8,8
44112,152,149,3,3
44113,76,71,5,5
44114,178,177,1,1
44115,85,76,9,9
44116,78,72,6,6
44117,97,113,-16,16
44118,113,119,-6,6
44119,81,87,-6,6
44120,65,75,-10,10
44121,42,57,-15,15
44122,72,84,-12,12
44123,115,111,4,4
44124,80,87,-7,7
44125,39,50,-11,11
44126,85,78,7,7
44127,101,95,6,6
44128,158,153,5,5
44129,91,95,-4,4
44130,68,67,1,1
44131,112,118,-6,6
44132,161,159,2,2
44133,147,156,-9,9
44134,63,65,-2,2
44135,60,78,-18,18
44136,84,85,-1,1
44137,112,113,-1,1
44138,129,118,11,11
44139,136,136,0,0
44140,130,124,6,6
44141,74,75,-1,1
44142,111,112,-1,1
44143,118,119,-1,1
44144,60,58,2,2
44145,59,68,-9,9
44146,90,92,-2,2
44147,72,78,-6,6
44148,118,118,0,0
44149,63,62,1,1
44150,91,89,2,2
44151,106,111,-5,5
44152,89,86,3,3
44153,111,113,-2,2
44154,131,128,3,3
44155,85,94,-9,9
44156,97,102,-5,5
44157,41,53,-12,12
44158,104,105,-1,1
44159,137,139,-2,2
44160,110,104,6,6
44161,50,75,-25,25
44162,143,134,9,9
44163,110,106,4,4
44164,79,81,-2,2
44165,79,84,-5,5
44166,71,76,-5,5
44167,116,119,-3,3
44168,89,86,3,3
44169,85,89,-4,4
44170,62,68,-6,6
44171,105,93,12,12
44172,110,115,-5,5
44173,68,77,-9,9
44174,125,127,-2,2
44175,120,114,6,6
44176,118,114,4,4
44177,63,61,2,2
44178,42,51,-9,9
44179,49,56,-7,7
44180,96,95,1,1
44181,107,110,-3,3
44182,108,112,-4,4
44183,94,92,2,2
44184,89,87,2,2
44185,117,115,2,2
44186,120,124,-4,4
44187,71,70,1,1
44188,71,77,-6,6
44189,58,57,1,1
44190,90,100,-10,10
44191,118,108,10,10
44192,43,67,-24,24
44193,78,73,5,5
44194,159,149,10,10
44195,99,109,-10,10
44196,92,98,-6,6
44197,148,132,16,16
44198,97,86,11,11
44199,84,91,-7,7
44200,45,50,-5,5
44201,63,66,-3,3
44202,117,112,5,5
44203,122,118,4,4
44204,115,107,8,8
44205,110,103,7,7
44206,114,105,9,9
44207,71,73,-2,2
44208,132,139,-7,7
44209,73,70,3,3
44210,137,132,5,5
44211,79,68,11,11
44212,79,68,11,11
44213,106,103,3,3
44214,99,94,5,5
44215,77,102,-25,25
44216,127,129,-2,2
44217,96,88,8,8
44218,66,63,3,3
44219,63,62,1,1
44220,95,98,-3,3
44221,97,92,5,5
44222,42,50,-8,8
44223,60,52,8,8
44224,59,63,-4,4
44225,66,64,2,2
44226,140,101,39,39
44227,64,67,-3,3
44228,72,72,0,0
44229,85,84,1,1
44230,119,100,19,19
44231,99,93,6,6
44232,133,126,7,7
44233,75,78,-3,3
44234,66,63,3,3
44235,102,95,7,7
44236,63,69,-6,6
44237,133,127,6,6
44238,144,139,5,5
44239,141,125,16,16
44240,97,109,-12,12
44241,90,96,-6,6
44242,124,125,-1,1
44243,123,127,-4,4
44244,191,174,17,17
44245,62,60,2,2
44246,58,62,-4,4
44247,98,93,5,5
44248,113,110,3,3
44249,107,99,8,8
44250,106,104,2,2
44251,95,91,4,4
44252,144,136,8,8
44253,50,51,-1,1
44254,195,175,20,20
44255,122,104,18,18
44256,97,78,19,19
44257,71,62,9,9
44258,153,145,8,8
44259,67,69,-2,2
44260,51,55,-4,4
44261,65,67,-2,2
44262,78,78,0,0
44263,87,85,2,2
44264,72,77,-5,5
44265,81,81,0,0
44266,149,141,8,8
44267,119,104,15,15
44268,102,92,10,10
44269,93,90,3,3
44270,116,116,0,0
44271,125,123,2,2
44272,138,133,5,5
44273,75,82,-7,7
44274,100,99,1,1
44275,107,97,10,10
44276,91,116,-25,25
44277,135,129,6,6
44278,47,55,-8,8
44279,95,86,9,9
44280,88,100,-12,12
44281,71,62,9,9
44282,110,125,-15,15
44283,108,108,0,0
44284,49,61,-12,12
44285,48,54,-6,6
44286,93,95,-2,2
44287,94,93,1,1
44288,140,136,4,4
44289,68,66,2,2
44290,79,87,-8,8
44291,147,142,5,5
44292,107,96,11,11
44293,77,73,4,4
44294,87,89,-2,2
44295,183,178,5,5
44296,123,114,9,9
44297,143,134,9,9
44298,94,94,0,0
44299,96,91,5,5
44300,85,93,-8,8
44301,112,113,-1,1
44302,82,83,-1,1
44303,103,100,3,3
44304,98,102,-4,4
44305,104,109,-5,5
44306,81,76,5,5
44307,57,58,-1,1
44308,113,127,-14,14
44309,80,79,1,1
44310,117,115,2,2
44311,68,63,5,5
44312,76,79,-3,3
44313,69,75,-6,6
44314,86,95,-9,9
44315,107,95,12,12
44316,63,57,6,6
44317,127,124,3,3
44318,87,86,1,1
44319,82,82,0,0
44320,92,87,5,5
44321,78,80,-2,2
44322,117,113,4,4
44323,93,101,-8,8
44324,116,116,0,0
44325,51,57,-6,6
44326,80,77,3,3
44327,126,131,-5,5
44328,48,71,-23,23
44329,183,181,2,2
44330,61,61,0,0
44331,128,128,0,0
44332,95,85,10,10
44333,107,94,13,13
44334,87,94,-7,7
44335,136,136,0,0
44336,49,51,-2,2
44337,77,69,8,8
44338,114,111,3,3
44339,139,128,11,11
44340,90,91,-1,1
44341,164,170,-6,6
44342,124,134,-10,10
44343,115,116,-1,1
44344,111,105,6,6
44345,144,140,4,4
44346,72,77,-5,5
44347,121,113,8,8
44348,131,119,12,12
44349,99,109,-10,10
44350,55,60,-5,5
44351,125,116,9,9
44352,43,50,-7,7
44353,75,71,4,4
44354,71,68,3,3
44355,62,63,-1,1
44356,86,83,3,3
44357,78,79,-1,1
44358,101,99,2,2
44359,81,83,-2,2
44360,144,129,15,15
44361,121,109,12,12
44362,84,82,2,2
44363,91,86,5,5
44364,108,125,-17,17
44365,84,84,0,0
44366,96,89,7,7
44367,130,129,1,1
44368,53,53,0,0
44369,111,119,-8,8
44370,65,58,7,7
44371,138,125,13,13
44372,39,50,-11,11
44373,54,61,-7,7
44374,48,51,-3,3
44375,62,60,2,2
44376,110,111,-1,1
44377,88,92,-4,4
44378,92,84,8,8
44379,124,117,7,7
44380,86,88,-2,2
44381,89,100,-11,11
44382,96,102,-6,6
44383,50,54,-4,4
44384,92,83,9,9
44385,70,73,-3,3
44386,101,101,0,0
44387,143,134,9,9
44388,128,138,-10,10
44389,83,85,-2,2
44390,59,60,-1,1
44391,131,124,7,7
44392,79,73,6,6
44393,66,63,3,3
44394,110,103,7,7
44395,99,95,4,4
44396,100,106,-6,6
44397,92,92,0,0
44398,115,106,9,9
44399,87,78,9,9
44400,105,95,10,10
44401,77,76,1,1
44402,93,95,-2,2
44403,124,122,2,2
44404,71,78,-7,7
44405,68,66,2,2
44406,107,116,-9,9
44407,130,129,1,1
44408,32,50,-18,18
44409,96,111,-15,15
44410,82,79,3,3
44411,73,70,3,3
44412,57,76,-19,19
44413,60,61,-1,1
44414,61,61,0,0
44415,127,113,14,14
44416,67,63,4,4
44417,148,135,13,13
44418,111,101,10,10
44419,119,111,8,8
44420,86,76,10,10
44421,88,85,3,3
44422,68,65,3,3
44423,65,71,-6,6
44424,64,69,-5,5
44425,158,134,24,24
44426,144,124,20,20
44427,91,92,-1,1
44428,63,64,-1,1
44429,88,93,-5,5
44430,122,107,15,15
44431,51,54,-3,3
44432,124,130,-6,6
44433,118,104,14,14
44434,49,51,-2,2
44435,94,86,8,8
44436,69,63,6,6
44437,168,157,11,11
44438,79,83,-4,4
44439,70,75,-5,5
44440,199,195,4,4
44441,43,56,-13,13
44442,85,90,-5,5
44443,51,53,-2,2
44444,135,129,6,6
44445,57,76,-19,19
44446,191,194,-3,3
44447,94,100,-6,6
44448,109,114,-5,5
44449,76,74,2,2
44450,175,173,2,2
44451,126,127,-1,1
44452,143,133,10,10
44453,101,99,2,2
44454,50,80,-30,30
44455,84,89,-5,5
44456,94,91,3,3
44457,110,110,0,0
44458,170,143,27,27
44459,149,138,11,11
44460,94,97,-3,3
44461,102,104,-2,2
44462,118,129,-11,11
44463,112,113,-1,1
44464,108,108,0,0
44465,58,61,-3,3
44466,39,107,-68,68
44467,112,108,4,4
44468,107,118,-11,11
44469,61,61,0,0
44470,99,96,3,3
44471,62,73,-11,11
44472,119,110,9,9
44473,105,95,10,10
44474,93,86,7,7
44475,109,106,3,3
44476,132,124,8,8
44477,83,104,-21,21
44478,46,52,-6,6
44479,170,159,11,11
44480,217,187,30,30
44481,119,117,2,2
44482,140,152,-12,12
44483,106,105,1,1
44484,100,98,2,2
44485,61,57,4,4
44486,111,128,-17,17
44487,117,103,14,14
44488,68,79,-11,11
44489,94,94,0,0
44490,74,70,4,4
44491,109,115,-6,6
44492,98,116,-18,18
44493,103,96,7,7
44494,78,90,-12,12
44495,80,83,-3,3
44496,83,80,3,3
44497,76,83,-7,7
44498,110,108,2,2
44499,152,141,11,11
44500,81,72,9,9
44501,133,132,1,1
44502,66,62,4,4
44503,102,99,3,3
44504,102,101,1,1
44505,53,56,-3,3
44506,139,138,1,1
44507,133,124,9,9
44508,57,59,-2,2
44509,61,59,2,2
44510,116,105,11,11
44511,97,95,2,2
44512,187,167,20,20
44513,62,60,2,2
44514,102,100,2,2
44515,62,71,-9,9
44516,48,50,-2,2
44517,108,114,-6,6
44518,68,63,5,5
44519,112,111,1,1
44520,154,144,10,10
44521,76,77,-1,1
44522,110,115,-5,5
44523,89,91,-2,2
44524,128,123,5,5
44525,61,67,-6,6
44526,60,66,-6,6
44527,143,143,0,0
44528,107,110,-3,3
44529,76,65,11,11
44530,79,83,-4,4
44531,65,61,4,4
44532,104,107,-3,3
44533,145,139,6,6
44534,86,73,13,13
44535,83,82,1,1
44536,88,101,-13,13
44537,178,169,9,9
44538,116,122,-6,6
44539,105,123,-18,18
44540,72,79,-7,7
44541,77,76,1,1
44542,56,65,-9,9
44543,109,95,14,14
44544,45,50,-5,5
44545,106,100,6,6
44546,42,50,-8,8
44547,118,122,-4,4
44548,102,95,7,7
44549,47,69,-22,22
44550,70,72,-2,2
44551,103,103,0,0
44552,123,125,-2,2
44553,170,161,9,9
44554,124,130,-6,6
44555,98,103,-5,5
44556,57,66,-9,9
44557,122,132,-10,10
44558,59,56,3,3
44559,107,99,8,8
44560,73,68,5,5
44561,65,61,4,4
44562,53,51,2,2
44563,152,143,9,9
44564,81,77,4,4
44565,87,81,6,6
44566,77,72,5,5
44567,129,135,-6,6
44568,165,160,5,5
44569,111,111,0,0
44570,108,112,-4,4
44571,67,72,-5,5
44572,78,76,2,2
44573,105,96,9,9
44574,72,67,5,5
44575,75,87,-12,12
44576,85,78,7,7
44577,57,57,0,0
44578,115,124,-9,9
44579,74,74,0,0
44580,170,165,5,5
44581,90,97,-7,7
44582,85,89,-4,4
44583,65,69,-4,4
44584,45,50,-5,5
44585,160,140,20,20
44586,160,139,21,21
44587,99,106,-7,7
44588,62,70,-8,8
44589,121,123,-2,2
44590,129,120,9,9
44591,98,101,-3,3
44592,104,102,2,2
44593,69,68,1,1
44594,75,66,9,9
44595,95,91,4,4
44596,118,119,-1,1
44597,94,132,-38,38
44598,100,103,-3,3
44599,129,119,10,10
44600,118,113,5,5
44601,57,158,-101,101
44602,68,67,1,1
44603,123,123,0,0
44604,93,87,6,6
44605,53,80,-27,27
44606,92,90,2,2
44607,78,79,-1,1
44608,175,148,27,27
44609,115,128,-13,13
44610,70,75,-5,5
44611,161,140,21,21
44612,61,62,-1,1
44613,64,61,3,3
44614,86,89,-3,3
44615,84,83,1,1
44616,152,136,16,16
44617,116,113,3,3
44618,53,57,-4,4
44619,57,56,1,1
44620,68,75,-7,7
44621,178,171,7,7
44622,93,88,5,5
44623,120,114,6,6
44624,136,137,-1,1
44625,39,50,-11,11
44626,102,97,5,5
44627,167,171,-4,4
44628,65,62,3,3
44629,50,62,-12,12
44630,80,79,1,1
44631,126,126,0,0
44632,67,66,1,1
44633,59,70,-11,11
44634,116,112,4,4
44635,95,94,1,1
44636,57,57,0,0
44637,75,82,-7,7
44638,99,98,1,1
44639,94,94,0,0
44640,65,61,4,4
44641,90,91,-1,1
44642,126,115,11,11
44643,86,96,-10,10
44644,103,101,2,2
44645,92,105,-13,13
44646,120,116,4,4
44647,86,80,6,6
44648,19,50,-31,31
44649,138,130,8,8
44650,86,86,0,0
44651,126,129,-3,3
44652,103,96,7,7
44653,89,86,3,3
44654,71,71,0,0
44655,63,60,3,3
44656,76,77,-1,1
44657,154,145,9,9
44658,64,64,0,0
44659,73,73,0,0
44660,61,63,-2,2
44661,57,65,-8,8
44662,142,146,-4,4
44663,193,184,9,9
44664,58,75,-17,17
44665,89,100,-11,11
44666,88,89,-1,1
44667,121,117,4,4
44668,110,108,2,2
44669,116,108,8,8
44670,100,93,7,7
44671,62,60,2,2
44672,100,107,-7,7
44673,146,126,20,20
44674,33,50,-17,17
44675,105,108,-3,3
44676,93,91,2,2
44677,48,58,-10,10
44678,74,75,-1,1
44679,55,57,-2,2
44680,77,71,6,6
44681,83,77,6,6
44682,162,152,10,10
44683,59,58,1,1
44684,196,190,6,6
44685,95,88,7,7
44686,64,61,3,3
44687,107,109,-2,2
44688,163,154,9,9
44689,78,72,6,6
44690,66,73,-7,7
44691,62,74,-12,12
44692,109,99,10,10
44693,77,79,-2,2
44694,125,117,8,8
44695,103,98,5,5
44696,81,79,2,2
44697,50,54,-4,4
44698,116,131,-15,15
44699,70,79,-9,9
44700,68,61,7,7
44701,96,87,9,9
44702,155,133,22,22
44703,128,131,-3,3
44704,75,75,0,0
44705,116,113,3,3
44706,88,87,1,1
44707,100,91,9,9
44708,73,72,1,1
44709,140,143,-3,3
44710,106,105,1,1
44711,87,90,-3,3
44712,78,90,-12,12
44713,92,85,7,7
44714,109,101,8,8
44715,69,74,-5,5
44716,174,168,6,6
44717,60,58,2,2
44718,61,58,3,3
44719,59,62,-3,3
44720,124,120,4,4
44721,85,80,5,5
44722,136,111,25,25
44723,118,124,-6,6
44724,81,82,-1,1
44725,80,79,1,1
44726,69,64,5,5
44727,60,63,-3,3
44728,63,65,-2,2
44729,46,50,-4,4
44730,61,59,2,2
44731,65,81,-16,16
44732,104,111,-7,7
44733,144,132,12,12
44734,73,87,-14,14
44735,77,77,0,0
44736,96,95,1,1
44737,71,83,-12,12
44738,74,78,-4,4
44739,60,63,-3,3
44740,80,81,-1,1
44741,74,81,-7,7
44742,168,148,20,20
44743,145,136,9,9
44744,86,92,-6,6
44745,137,136,1,1
44746,121,119,2,2
44747,91,78,13,13
44748,68,69,-1,1
44749,78,67,11,11
44750,84,89,-5,5
44751,150,138,12,12
44752,103,93,10,10
44753,79,81,-2,2
44754,63,70,-7,7
44755,70,67,3,3
44756,229,211,18,18
44757,130,140,-10,10
44758,81,85,-4,4
44759,112,101,11,11
44760,134,117,17,17
44761,82,83,-1,1
44762,152,211,-59,59
44763,90,96,-6,6
44764,105,110,-5,5
44765,138,136,2,2
44766,95,96,-1,1
44767,86,80,6,6
44768,91,82,9,9
44769,58,73,-15,15
44770,130,116,14,14
44771,154,140,14,14
44772,69,72,-3,3
44773,158,132,26,26
44774,136,130,6,6
44775,56,61,-5,5
44776,86,81,5,5
44777,49,53,-4,4
44778,138,133,5,5
44779,100,98,2,2
44780,146,142,4,4
44781,56,57,-1,1
44782,79,80,-1,1
44783,53,53,0,0
44784,59,56,3,3
44785,64,60,4,4
44786,108,100,8,8
44787,66,69,-3,3
44788,117,119,-2,2
44789,60,58,2,2
44790,51,52,-1,1
44791,104,98,6,6
44792,92,102,-10,10
44793,87,79,8,8
44794,84,101,-17,17
44795,155,150,5,5
44796,100,99,1,1
44797,43,50,-7,7
44798,72,60,12,12
44799,124,133,-9,9
44800,116,136,-20,20
44801,159,140,19,19
44802,91,101,-10,10
44803,71,64,7,7
44804,158,148,10,10
44805,71,71,0,0
44806,102,96,6,6
44807,117,109,8,8
44808,94,97,-3,3
44809,79,87,-8,8
44810,51,54,-3,3
44811,63,60,3,3
44812,55,57,-2,2
44813,152,131,21,21
44814,78,62,16,16
44815,54,56,-2,2
44816,80,76,4,4
44817,59,59,0,0
44818,84,84,0,0
44819,110,104,6,6
44820,124,110,14,14
44821,92,80,12,12
44822,126,126,0,0
44823,130,121,9,9
44824,89,90,-1,1
44825,109,104,5,5
44826,87,94,-7,7
44827,75,65,10,10
44828,225,210,15,15
44829,182,180,2,2
44830,82,85,-3,3
44831,54,61,-7,7
44832,187,169,18,18
44833,128,134,-6,6
44834,87,76,11,11
44835,92,84,8,8
44836,58,68,-10,10
44837,63,59,4,4
44838,100,90,10,10
44839,102,112,-10,10
44840,46,56,-10,10
44841,89,99,-10,10
44842,61,57,4,4
44843,134,135,-1,1
44844,69,68,1,1
44845,118,115,3,3
44846,153,147,6,6
44847,115,110,5,5
44848,88,84,4,4
44849,91,93,-2,2
44850,51,76,-25,25
44851,68,80,-12,12
44852,155,145,10,10
44853,52,54,-2,2
44854,71,71,0,0
44855,100,96,4,4
44856,81,75,6,6
44857,168,158,10,10
44858,80,74,6,6
44859,83,81,2,2
44860,90,97,-7,7
44861,99,96,3,3
44862,45,50,-5,5
44863,110,109,1,1
44864,118,103,15,15
44865,98,96,2,2
44866,162,146,16,16
44867,54,55,-1,1
44868,80,80,0,0
44869,91,82,9,9
44870,81,69,12,12
44871,89,89,0,0
44872,58,57,1,1
44873,194,201,-7,7
44874,78,83,-5,5
44875,63,59,4,4
44876,61,62,-1,1
44877,98,96,2,2
44878,95,93,2,2
44879,97,89,8,8
44880,96,110,-14,14
44881,89,84,5,5
44882,154,144,10,10
44883,51,52,-1,1
44884,117,100,17,17
44885,42,56,-14,14
44886,92,87,5,5
44887,91,93,-2,2
44888,162,166,-4,4
44889,75,74,1,1
44890,104,105,-1,1
44891,117,116,1,1
44892,74,79,-5,5
44893,52,55,-3,3
44894,77,75,2,2
44895,83,76,7,7
44896,71,72,-1,1
44897,57,56,1,1
44898,62,58,4,4
44899,114,108,6,6
44900,58,65,-7,7
44901,120,120,0,0
44902,74,73,1,1
44903,95,82,13,13
44904,63,68,-5,5
44905,84,94,-10,10
44906,57,59,-2,2
44907,70,74,-4,4
44908,71,77,-6,6
44909,71,60,11,11
44910,140,124,16,16
44911,116,119,-3,3
44912,62,67,-5,5
44913,96,107,-11,11
44914,73,74,-1,1
44915,79,78,1,1
44916,97,86,11,11
44917,80,69,11,11
44918,76,78,-2,2
44919,67,67,0,0
44920,176,167,9,9
44921,71,86,-15,15
44922,89,88,1,1
44923,75,72,3,3
44924,142,132,10,10
44925,96,97,-1,1
44926,70,73,-3,3
44927,134,126,8,8
44928,123,119,4,4
44929,71,80,-9,9
44930,45,56,-11,11
44931,102,103,-1,1
44932,130,129,1,1
44933,134,132,2,2
44934,71,80,-9,9
44935,111,123,-12,12
44936,134,119,15,15
44937,131,112,19,19
44938,136,161,-25,25
44939,116,111,5,5
44940,156,144,12,12
44941,139,127,12,12
44942,102,99,3,3
44943,69,76,-7,7
44944,81,76,5,5
44945,109,112,-3,3
44946,94,88,6,6
44947,77,71,6,6
44948,173,175,-2,2
44949,70,71,-1,1
44950,77,84,-7,7
44951,95,91,4,4
44952,96,92,4,4
44953,90,91,-1,1
44954,47,68,-21,21
44955,116,123,-7,7
44956,84,74,10,10
44957,62,69,-7,7
44958,128,139,-11,11
44959,83,80,3,3
44960,90,96,-6,6
44961,86,86,0,0
44962,113,110,3,3
44963,153,133,20,20
44964,90,86,4,4
44965,96,98,-2,2
44966,76,80,-4,4
44967,73,76,-3,3
44968,98,95,3,3
44969,23,50,-27,27
44970,57,59,-2,2
44971,65,77,-12,12
44972,107,110,-3,3
44973,140,136,4,4
44974,112,101,11,11
44975,149,155,-6,6
44976,100,80,20,20
44977,100,98,2,2
44978,64,59,5,5
44979,89,85,4,4
44980,154,144,10,10
44981,53,55,-2,2
44982,45,50,-5,5
44983,61,66,-5,5
44984,108,107,1,1
44985,88,77,11,11
44986,109,113,-4,4
44987,143,123,20,20
44988,91,100,-9,9
44989,102,104,-2,2
44990,61,77,-16,16
44991,85,85,0,0
44992,121,107,14,14
44993,65,61,4,4
44994,56,55,1,1
44995,103,99,4,4
44996,111,96,15,15
44997,102,98,4,4
44998,99,83,16,16
44999,97,120,-23,23
45000,79,77,2,2
45001,139,134,5,5
45002,107,92,15,15
45003,166,173,-7,7
45004,51,57,-6,6
45005,75,65,10,10
45006,113,108,5,5
45007,69,74,-5,5
45008,129,129,0,0
45009,197,193,4,4
45010,104,104,0,0
45011,99,103,-4,4
45012,86,76,10,10
45013,95,86,9,9
45014,138,128,10,10
45015,78,73,5,5
45016,47,86,-39,39
45017,56,59,-3,3
45018,62,65,-3,3
45019,64,67,-3,3
45020,105,87,18,18
45021,104,99,5,5
45022,140,132,8,8
45023,84,96,-12,12
45024,126,131,-5,5
45025,82,81,1,1
45026,75,74,1,1
45027,92,95,-3,3
45028,77,75,2,2
45029,100,97,3,3
45030,140,142,-2,2
45031,67,58,9,9
45032,117,123,-6,6
45033,54,57,-3,3
45034,81,82,-1,1
45035,130,129,1,1
45036,100,96,4,4
45037,86,83,3,3
45038,57,63,-6,6
45039,115,107,8,8
45040,147,144,3,3
45041,86,85,1,1
45042,39,50,-11,11
45043,79,77,2,2
45044,89,95,-6,6
45045,70,64,6,6
45046,73,81,-8,8
45047,113,105,8,8
45048,99,104,-5,5
45049,78,78,0,0
45050,132,130,2,2
45051,79,86,-7,7
45052,143,136,7,7
45053,57,59,-2,2
45054,49,52,-3,3
45055,85,80,5,5
45056,49,79,-30,30
45057,96,91,5,5
45058,87,86,1,1
45059,151,122,29,29
45060,147,140,7,7
45061,94,96,-2,2
45062,91,88,3,3
45063,56,56,0,0
45064,123,130,-7,7
45065,188,167,21,21
45066,55,54,1,1
45067,117,106,11,11
45068,106,101,5,5
45069,109,118,-9,9
45070,61,55,6,6
45071,46,56,-10,10
45072,62,61,1,1
45073,102,96,6,6
45074,62,58,4,4
45075,85,85,0,0
45076,89,88,1,1
45077,96,95,1,1
45078,132,128,4,4
45079,94,95,-1,1
45080,118,106,12,12
45081,73,71,2,2
45082,69,71,-2,2
45083,57,62,-5,5
45084,86,91,-5,5
45085,130,117,13,13
45086,144,135,9,9
45087,67,66,1,1
45088,64,97,-33,33
45089,85,78,7,7
45090,104,110,-6,6
45091,109,100,9,9
45092,110,109,1,1
45093,129,119,10,10
45094,97,93,4,4
45095,85,83,2,2
45096,104,97,7,7
45097,77,85,-8,8
45098,81,87,-6,6
45099,97,93,4,4
45100,130,143,-13,13
45101,67,69,-2,2
45102,55,56,-1,1
45103,92,86,6,6
45104,83,87,-4,4
45105,135,140,-5,5
45106,69,63,6,6
45107,109,110,-1,1
45108,98,88,10,10
45109,95,90,5,5
45110,121,126,-5,5
45111,80,69,11,11
45112,79,79,0,0
45113,123,126,-3,3
45114,117,113,4,4
45115,59,62,-3,3
45116,89,91,-2,2
45117,82,84,-2,2
45118,117,107,10,10
45119,69,72,-3,3
45120,123,108,15,15
45121,57,64,-7,7
45122,87,76,11,11
45123,105,104,1,1
45124,108,107,1,1
45125,76,71,5,5
45126,74,101,-27,27
45127,84,72,12,12
45128,96,98,-2,2
45129,78,76,2,2
45130,76,81,-5,5
45131,88,95,-7,7
45132,89,93,-4,4
45133,90,96,-6,6
45134,60,58,2,2
45135,53,59,-6,6
45136,67,68,-1,1
45137,89,89,0,0
45138,149,130,19,19
45139,95,96,-1,1
45140,109,114,-5,5
45141,169,171,-2,2
45142,78,74,4,4
45143,122,117,5,5
45144,48,63,-15,15
45145,108,117,-9,9
45146,90,91,-1,1
45147,147,127,20,20
45148,69,67,2,2
45149,112,101,11,11
45150,158,151,7,7
45151,123,134,-11,11
45152,42,51,-9,9
45153,135,125,10,10
45154,148,136,12,12
45155,109,106,3,3
45156,73,66,7,7
45157,88,87,1,1
45158,90,84,6,6
45159,55,57,-2,2
45160,83,88,-5,5
45161,54,50,4,4
45162,85,91,-6,6
45163,75,72,3,3
45164,121,122,-1,1
45165,65,63,2,2
45166,77,70,7,7
45167,102,98,4,4
45168,104,114,-10,10
45169,67,61,6,6
45170,134,118,16,16
45171,107,98,9,9
45172,87,92,-5,5
45173,168,160,8,8
45174,145,143,2,2
45175,127,132,-5,5
45176,168,152,16,16
45177,113,104,9,9
45178,64,71,-7,7
45179,64,66,-2,2
45180,83,88,-5,5
45181,83,82,1,1
45182,125,115,10,10
45183,61,57,4,4
45184,40,51,-11,11
45185,57,54,3,3
45186,153,144,9,9
45187,101,107,-6,6
45188,83,84,-1,1
45189,89,99,-10,10
45190,111,109,2,2
45191,77,71,6,6
45192,127,119,8,8
45193,128,121,7,7
45194,146,132,14,14
45195,49,55,-6,6
45196,49,63,-14,14
45197,57,63,-6,6
45198,89,85,4,4
45199,88,105,-17,17
45200,153,156,-3,3
45201,71,73,-2,2
45202,135,137,-2,2
45203,109,98,11,11
45204,73,70,3,3
45205,185,171,14,14
45206,69,67,2,2
45207,109,110,-1,1
45208,74,77,-3,3
45209,181,151,30,30
45210,96,99,-3,3
45211,93,107,-14,14
45212,60,59,1,1
45213,104,107,-3,3
45214,67,57,10,10
45215,89,97,-8,8
45216,128,116,12,12
45217,100,96,4,4
45218,96,94,2,2
45219,90,83,7,7
45220,68,64,4,4
45221,126,115,11,11
45222,54,59,-5,5
45223,106,107,-1,1
45224,63,62,1,1
45225,113,89,24,24
45226,45,55,-10,10
45227,98,88,10,10
45228,156,145,11,11
45229,52,57,-5,5
45230,134,122,12,12
45231,74,79,-5,5
45232,102,100,2,2
45233,100,96,4,4
45234,62,67,-5,5
45235,82,78,4,4
45236,105,93,12,12
45237,69,70,-1,1
45238,124,135,-11,11
45239,118,112,6,6
45240,82,85,-3,3
45241,63,67,-4,4
45242,70,67,3,3
45243,68,67,1,1
45244,121,111,10,10
45245,73,71,2,2
45246,51,53,-2,2
45247,81,75,6,6
45248,146,134,12,12
45249,88,88,0,0
45250,101,98,3,3
45251,126,134,-8,8
45252,119,119,0,0
45253,113,120,-7,7
45254,172,149,23,23
45255,81,73,8,8
45256,90,89,1,1
45257,110,108,2,2
45258,134,136,-2,2
45259,37,54,-17,17
45260,62,62,0,0
45261,65,65,0,0
45262,52,53,-1,1
45263,76,79,-3,3
45264,116,112,4,4
45265,98,126,-28,28
45266,61,60,1,1
45267,84,86,-2,2
45268,153,142,11,11
45269,72,64,8,8
45270,77,75,2,2
45271,86,88,-2,2
45272,99,105,-6,6
45273,124,117,7,7
45274,66,74,-8,8
45275,76,75,1,1
45276,67,53,14,14
45277,133,117,16,16
45278,91,93,-2,2
45279,71,78,-7,7
45280,207,195,12,12
45281,65,65,0,0
45282,97,99,-2,2
45283,131,133,-2,2
45284,120,109,11,11
45285,59,61,-2,2
45286,124,119,5,5
45287,74,70,4,4
45288,101,101,0,0
45289,85,90,-5,5
45290,85,86,-1,1
45291,137,128,9,9
45292,76,72,4,4
45293,136,137,-1,1
45294,139,139,0,0
45295,49,55,-6,6
45296,136,131,5,5
45297,75,65,10,10
45298,109,108,1,1
45299,53,55,-2,2
45300,110,110,0,0
45301,59,59,0,0
45302,119,118,1,1
45303,86,82,4,4
45304,139,128,11,11
45305,132,123,9,9
45306,191,182,9,9
45307,87,80,7,7
45308,90,88,2,2
45309,122,120,2,2
45310,73,64,9,9
45311,122,110,12,12
45312,93,95,-2,2
45313,46,56,-10,10
45314,84,90,-6,6
45315,103,90,13,13
45316,39,50,-11,11
45317,96,104,-8,8
45318,72,70,2,2
45319,146,133,13,13
45320,80,93,-13,13
45321,68,70,-2,2
45322,49,52,-3,3
45323,110,105,5,5
45324,117,119,-2,2
45325,121,111,10,10
45326,55,65,-10,10
45327,149,158,-9,9
45328,78,76,2,2
45329,60,67,-7,7
45330,161,157,4,4
45331,95,103,-8,8
45332,75,64,11,11
45333,92,96,-4,4
45334,112,124,-12,12
45335,67,73,-6,6
45336,91,88,3,3
45337,109,98,11,11
45338,177,166,11,11
45339,105,113,-8,8
45340,82,78,4,4
45341,89,78,11,11
45342,109,106,3,3
45343,67,75,-8,8
45344,117,117,0,0
45345,96,95,1,1
45346,49,57,-8,8
45347,110,102,8,8
45348,57,54,3,3
45349,118,94,24,24
45350,120,112,8,8
45351,77,81,-4,4
45352,107,95,12,12
45353,60,67,-7,7
45354,70,60,10,10
45355,115,114,1,1
45356,70,76,-6,6
45357,70,68,2,2
45358,96,106,-10,10
45359,72,82,-10,10
45360,72,66,6,6
45361,67,69,-2,2
45362,170,154,16,16
45363,57,56,1,1
45364,67,63,4,4
45365,85,86,-1,1
45366,95,108,-13,13
45367,119,140,-21,21
45368,84,76,8,8
45369,65,87,-22,22
45370,225,219,6,6
45371,97,97,0,0
45372,81,82,-1,1
45373,104,103,1,1
45374,23,54,-31,31
45375,75,75,0,0
45376,115,115,0,0
45377,111,101,10,10
45378,60,56,4,4
45379,72,75,-3,3
45380,100,100,0,0
45381,85,80,5,5
45382,60,62,-2,2
45383,55,63,-8,8
45384,120,122,-2,2
45385,121,129,-8,8
45386,79,77,2,2
45387,89,88,1,1
45388,127,116,11,11
45389,86,85,1,1
45390,58,60,-2,2
45391,99,89,10,10
45392,126,128,-2,2
45393,53,54,-1,1
45394,55,58,-3,3
45395,107,110,-3,3
45396,67,61,6,6
45397,83,92,-9,9
45398,81,84,-3,3
45399,92,89,3,3
45400,109,105,4,4
45401,148,146,2,2
45402,115,121,-6,6
45403,124,116,8,8
45404,103,104,-1,1
45405,122,125,-3,3
45406,104,104,0,0
45407,58,54,4,4
45408,68,67,1,1
45409,83,89,-6,6
45410,51,65,-14,14
45411,84,85,-1,1
45412,129,136,-7,7
45413,64,66,-2,2
45414,150,138,12,12
45415,48,54,-6,6
45416,67,56,11,11
45417,72,73,-1,1
45418,101,96,5,5
45419,68,62,6,6
45420,135,120,15,15
45421,98,99,-1,1
45422,73,73,0,0
45423,93,101,-8,8
45424,161,157,4,4
45425,58,59,-1,1
45426,125,125,0,0
45427,91,95,-4,4
45428,82,78,4,4
45429,82,87,-5,5
45430,89,106,-17,17
45431,45,50,-5,5
45432,56,99,-43,43
45433,152,174,-22,22
45434,110,102,8,8
45435,81,75,6,6
45436,43,51,-8,8
45437,154,156,-2,2
45438,82,70,12,12
45439,104,109,-5,5
45440,78,87,-9,9
45441,130,120,10,10
45442,66,76,-10,10
45443,86,89,-3,3
45444,98,105,-7,7
45445,106,107,-1,1
45446,78,85,-7,7
45447,89,81,8,8
45448,84,87,-3,3
45449,111,101,10,10
45450,73,73,0,0
45451,115,137,-22,22
45452,174,166,8,8
45453,87,73,14,14
45454,102,102,0,0
45455,77,68,9,9
45456,37,50,-13,13
45457,131,129,2,2
45458,104,102,2,2
45459,109,140,-31,31
45460,89,85,4,4
45461,108,105,3,3
45462,158,148,10,10
45463,69,68,1,1
45464,89,81,8,8
45465,42,50,-8,8
45466,97,82,15,15
45467,70,77,-7,7
45468,116,112,4,4
45469,138,149,-11,11
45470,110,110,0,0
45471,105,96,9,9
45472,51,58,-7,7
45473,94,101,-7,7
45474,75,71,4,4
45475,129,134,-5,5
45476,88,84,4,4
45477,100,89,11,11
45478,79,80,-1,1
45479,176,170,6,6
45480,86,81,5,5
45481,88,95,-7,7
45482,105,114,-9,9
45483,140,130,10,10
45484,72,67,5,5
45485,111,94,17,17
45486,105,99,6,6
45487,191,181,10,10
45488,120,118,2,2
45489,99,102,-3,3
45490,45,54,-9,9
45491,94,90,4,4
45492,80,83,-3,3
45493,85,86,-1,1
45494,74,68,6,6
45495,78,79,-1,1
45496,131,120,11,11
45497,95,93,2,2
45498,59,59,0,0
45499,72,60,12,12
45500,108,111,-3,3
45501,71,73,-2,2
45502,74,69,5,5
45503,134,137,-3,3
45504,101,103,-2,2
45505,68,64,4,4
45506,127,126,1,1
45507,195,169,26,26
45508,73,72,1,1
45509,77,74,3,3
45510,79,69,10,10
45511,59,53,6,6
45512,115,101,14,14
45513,79,77,2,2
45514,91,92,-1,1
45515,82,80,2,2
45516,72,70,2,2
45517,63,72,-9,9
45518,89,91,-2,2
45519,69,76,-7,7
45520,62,93,-31,31
45521,45,54,-9,9
45522,87,92,-5,5
45523,75,83,-8,8
45524,105,103,2,2
45525,93,99,-6,6
45526,104,102,2,2
45527,86,92,-6,6
45528,159,153,6,6
45529,93,82,11,11
45530,112,112,0,0
45531,120,117,3,3
45532,62,57,5,5
45533,108,104,4,4
45534,124,125,-1,1
45535,167,147,20,20
45536,163,162,1,1
45537,113,108,5,5
45538,98,86,12,12
45539,64,73,-9,9
45540,120,114,6,6
45541,52,52,0,0
45542,42,50,-8,8
45543,131,142,-11,11
45544,95,81,14,14
45545,85,87,-2,2
45546,71,67,4,4
45547,116,109,7,7
45548,91,81,10,10
45549,94,91,3,3
45550,52,56,-4,4
45551,84,102,-18,18
45552,61,58,3,3
45553,101,103,-2,2
45554,97,97,0,0
45555,96,102,-6,6
45556,141,144,-3,3
45557,124,115,9,9
45558,72,70,2,2
45559,79,130,-51,51
45560,155,158,-3,3
45561,112,121,-9,9
45562,63,62,1,1
45563,73,76,-3,3
45564,67,68,-1,1
45565,61,60,1,1
45566,114,108,6,6
45567,33,50,-17,17
45568,64,64,0,0
45569,79,76,3,3
45570,149,159,-10,10
45571,97,95,2,2
45572,84,82,2,2
45573,134,138,-4,4
45574,85,94,-9,9
45575,123,110,13,13
45576,97,87,10,10
45577,69,65,4,4
45578,116,105,11,11
45579,92,85,7,7
45580,125,124,1,1
45581,103,94,9,9
45582,99,90,9,9
45583,154,158,-4,4
45584,102,101,1,1
45585,53,55,-2,2
45586,104,107,-3,3
45587,218,189,29,29
45588,57,58,-1,1
45589,154,160,-6,6
45590,141,141,0,0
45591,113,120,-7,7
45592,69,70,-1,1
45593,87,100,-13,13
45594,126,122,4,4
45595,99,107,-8,8
45596,85,90,-5,5
45597,78,84,-6,6
45598,85,72,13,13
45599,77,73,4,4
45600,97,93,4,4
45601,67,75,-8,8
45602,114,109,5,5
45603,130,137,-7,7
45604,127,118,9,9
45605,66,64,2,2
45606,74,78,-4,4
45607,117,116,1,1
45608,57,56,1,1
45609,169,162,7,7
45610,79,80,-1,1
45611,122,135,-13,13
45612,117,118,-1,1
45613,82,84,-2,2
45614,119,114,5,5
45615,105,102,3,3
45616,121,109,12,12
45617,107,108,-1,1
45618,63,61,2,2
45619,76,79,-3,3
45620,141,114,27,27
45621,76,75,1,1
45622,189,145,44,44
45623,78,77,1,1
45624,105,117,-12,12
45625,69,68,1,1
45626,95,104,-9,9
45627,55,60,-5,5
45628,85,75,10,10
45629,62,66,-4,4
45630,72,71,1,1
45631,91,89,2,2
45632,78,90,-12,12
45633,69,63,6,6
45634,58,57,1,1
45635,104,98,6,6
45636,90,90,0,0
45637,45,61,-16,16
45638,109,94,15,15
45639,174,176,-2,2
45640,102,112,-10,10
45641,72,77,-5,5
45642,93,92,1,1
45643,88,117,-29,29
45644,147,135,12,12
45645,116,113,3,3
45646,71,93,-22,22
45647,59,63,-4,4
45648,110,105,5,5
45649,112,106,6,6
45650,67,68,-1,1
45651,63,65,-2,2
45652,99,83,16,16
45653,71,68,3,3
45654,61,66,-5,5
45655,145,182,-37,37
45656,59,61,-2,2
45657,91,99,-8,8
45658,97,98,-1,1
45659,67,68,-1,1
45660,75,70,5,5
45661,107,93,14,14
45662,47,64,-17,17
45663,111,116,-5,5
45664,122,111,11,11
45665,145,140,5,5
45666,133,116,17,17
45667,90,85,5,5
45668,153,148,5,5
45669,83,71,12,12
45670,44,55,-11,11
45671,64,64,0,0
45672,74,79,-5,5
45673,98,98,0,0
45674,117,92,25,25
45675,83,88,-5,5
45676,52,58,-6,6
45677,74,75,-1,1
45678,128,122,6,6
45679,75,74,1,1
45680,71,68,3,3
45681,72,69,3,3
45682,80,76,4,4
45683,98,96,2,2
45684,138,134,4,4
45685,161,151,10,10
45686,152,151,1,1
45687,117,111,6,6
45688,96,100,-4,4
45689,76,77,-1,1
45690,150,148,2,2
45691,71,76,-5,5
45692,127,132,-5,5
45693,93,98,-5,5
45694,116,117,-1,1
45695,128,120,8,8
45696,47,52,-5,5
45697,53,57,-4,4
45698,173,167,6,6
45699,84,101,-17,17
45700,74,67,7,7
45701,40,50,-10,10
45702,125,104,21,21
45703,100,108,-8,8
45704,62,63,-1,1
45705,120,110,10,10
45706,163,140,23,23
45707,111,109,2,2
45708,62,71,-9,9
45709,104,108,-4,4
45710,96,90,6,6
45711,71,66,5,5
45712,94,97,-3,3
45713,109,108,1,1
45714,46,52,-6,6
45715,94,90,4,4
45716,52,52,0,0
45717,88,80,8,8
45718,68,77,-9,9
45719,193,200,-7,7
45720,137,124,13,13
45721,109,108,1,1
45722,97,103,-6,6
45723,114,105,9,9
45724,90,89,1,1
45725,57,68,-11,11
45726,119,110,9,9
45727,157,150,7,7
45728,86,81,5,5
45729,108,106,2,2
45730,82,85,-3,3
45731,111,106,5,5
45732,110,108,2,2
45733,108,104,4,4
45734,92,84,8,8
45735,38,50,-12,12
45736,92,94,-2,2
45737,92,89,3,3
45738,68,59,9,9
45739,74,78,-4,4
45740,83,87,-4,4
45741,106,90,16,16
45742,86,84,2,2
45743,78,69,9,9
45744,155,160,-5,5
45745,116,115,1,1
45746,129,94,35,35
45747,99,97,2,2
45748,114,103,11,11
45749,103,96,7,7
45750,82,73,9,9
45751,50,52,-2,2
45752,86,84,2,2
45753,82,80,2,2
45754,82,92,-10,10
45755,50,60,-10,10
45756,88,76,12,12
45757,86,79,7,7
45758,103,100,3,3
45759,60,57,3,3
45760,68,65,3,3
45761,86,69,17,17
45762,85,81,4,4
45763,80,74,6,6
45764,58,64,-6,6
45765,63,77,-14,14
45766,117,110,7,7
45767,97,109,-12,12
45768,59,61,-2,2
45769,66,68,-2,2
45770,121,121,0,0
45771,77,71,6,6
45772,47,50,-3,3
45773,61,67,-6,6
45774,128,120,8,8
45775,225,209,16,16
45776,145,134,11,11
45777,125,132,-7,7
45778,40,55,-15,15
45779,94,87,7,7
45780,103,97,6,6
45781,137,127,10,10
45782,151,143,8,8
45783,98,102,-4,4
45784,115,111,4,4
45785,77,73,4,4
45786,75,97,-22,22
45787,75,80,-5,5
45788,117,111,6,6
45789,133,134,-1,1
45790,89,98,-9,9
45791,92,93,-1,1
45792,66,64,2,2
45793,26,50,-24,24
45794,135,123,12,12
45795,82,87,-5,5
45796,44,52,-8,8
45797,79,75,4,4
45798,135,141,-6,6
45799,122,130,-8,8
45800,177,171,6,6
45801,93,86,7,7
45802,54,51,3,3
45803,104,117,-13,13
45804,69,63,6,6
45805,64,68,-4,4
45806,113,119,-6,6
45807,69,64,5,5
45808,127,130,-3,3
45809,115,112,3,3
45810,75,73,2,2
45811,81,77,4,4
45812,35,50,-15,15
45813,120,120,0,0
45814,86,84,2,2
45815,111,102,9,9
45816,149,133,16,16
45817,86,82,4,4
45818,122,115,7,7
45819,80,83,-3,3
45820,91,86,5,5
45821,106,102,4,4
45822,30,85,-55,55
45823,84,82,2,2
45824,159,127,32,32
45825,76,82,-6,6
45826,73,72,1,1
45827,78,81,-3,3
45828,271,244,27,27
45829,138,144,-6,6
45830,72,75,-3,3
45831,77,70,7,7
45832,94,92,2,2
45833,101,100,1,1
45834,72,73,-1,1
45835,101,107,-6,6
45836,120,119,1,1
45837,159,161,-2,2
45838,78,76,2,2
45839,78,83,-5,5
45840,106,104,2,2
45841,87,93,-6,6
45842,62,63,-1,1
45843,106,110,-4,4
45844,127,134,-7,7
45845,101,105,-4,4
45846,56,58,-2,2
45847,41,53,-12,12
45848,83,84,-1,1
45849,128,126,2,2
45850,86,74,12,12
45851,82,87,-5,5
45852,104,100,4,4
45853,116,132,-16,16
45854,115,112,3,3
45855,81,76,5,5
45856,82,95,-13,13
45857,88,81,7,7
45858,115,113,2,2
45859,170,163,7,7
45860,110,111,-1,1
45861,228,202,26,26
45862,161,142,19,19
45863,72,71,1,1
45864,171,150,21,21
45865,117,107,10,10
45866,116,115,1,1
45867,60,55,5,5
45868,113,117,-4,4
45869,121,113,8,8
45870,41,55,-14,14
45871,98,92,6,6
45872,83,79,4,4
45873,56,58,-2,2
45874,107,100,7,7
45875,90,81,9,9
45876,91,93,-2,2
45877,68,71,-3,3
45878,131,120,11,11
45879,95,87,8,8
45880,93,91,2,2
45881,99,97,2,2
45882,195,170,25,25
45883,124,112,12,12
45884,124,116,8,8
45885,44,84,-40,40
45886,63,59,4,4
45887,175,161,14,14
45888,127,114,13,13
45889,113,116,-3,3
45890,118,98,20,20
45891,99,107,-8,8
45892,89,88,1,1
45893,64,65,-1,1
45894,73,75,-2,2
45895,104,95,9,9
45896,50,59,-9,9
45897,94,75,19,19
45898,115,117,-2,2
45899,91,91,0,0
45900,80,73,7,7
45901,81,87,-6,6
45902,80,86,-6,6
45903,100,94,6,6
45904,123,124,-1,1
45905,89,81,8,8
45906,71,67,4,4
45907,162,137,25,25
45908,152,132,20,20
45909,69,65,4,4
45910,81,89,-8,8
45911,71,76,-5,5
45912,90,85,5,5
45913,104,99,5,5
45914,106,99,7,7
45915,66,66,0,0
45916,66,60,6,6
45917,79,89,-10,10
45918,45,51,-6,6
45919,89,85,4,4
45920,105,89,16,16
45921,59,54,5,5
45922,103,95,8,8
45923,116,120,-4,4
45924,93,91,2,2
45925,116,133,-17,17
45926,133,122,11,11
45927,86,82,4,4
45928,86,75,11,11
45929,65,66,-1,1
45930,139,128,11,11
45931,117,121,-4,4
45932,67,65,2,2
45933,119,101,18,18
45934,81,102,-21,21
45935,127,123,4,4
45936,142,136,6,6
45937,87,86,1,1
45938,70,66,4,4
45939,79,80,-1,1
45940,119,116,3,3
45941,73,68,5,5
45942,72,62,10,10
45943,87,93,-6,6
45944,108,103,5,5
45945,120,118,2,2
45946,82,79,3,3
45947,97,98,-1,1
45948,73,78,-5,5
45949,69,63,6,6
45950,96,96,0,0
45951,44,50,-6,6
45952,104,98,6,6
45953,68,75,-7,7
45954,108,82,26,26
45955,81,83,-2,2
45956,124,118,6,6
45957,91,81,10,10
45958,116,132,-16,16
45959,41,50,-9,9
45960,93,94,-1,1
45961,100,103,-3,3
45962,70,76,-6,6
45963,82,83,-1,1
45964,124,109,15,15
45965,168,154,14,14
45966,81,78,3,3
45967,124,127,-3,3
45968,74,70,4,4
45969,191,177,14,14
45970,99,105,-6,6
45971,72,72,0,0
45972,92,98,-6,6
45973,122,122,0,0
45974,104,101,3,3
45975,93,88,5,5
45976,50,53,-3,3
45977,79,84,-5,5
45978,86,85,1,1
45979,147,161,-14,14
45980,129,140,-11,11
45981,135,142,-7,7
45982,124,108,16,16
45983,91,93,-2,2
45984,80,91,-11,11
45985,150,157,-7,7
45986,113,107,6,6
45987,74,62,12,12
45988,165,151,14,14
45989,105,93,12,12
45990,49,54,-5,5
45991,96,102,-6,6
45992,115,113,2,2
45993,132,129,3,3
45994,111,101,10,10
45995,44,130,-86,86
45996,98,84,14,14
45997,52,51,1,1
45998,78,82,-4,4
45999,71,71,0,0
46000,30,50,-20,20
46001,116,119,-3,3
46002,128,147,-19,19
46003,75,84,-9,9
46004,47,54,-7,7
46005,89,92,-3,3
46006,88,77,11,11
46007,102,100,2,2
46008,48,52,-4,4
46009,59,57,2,2
46010,131,125,6,6
46011,71,71,0,0
46012,81,85,-4,4
46013,110,107,3,3
46014,154,147,7,7
46015,120,119,1,1
46016,155,139,16,16
46017,109,106,3,3
46018,71,79,-8,8
46019,81,82,-1,1
46020,58,60,-2,2
46021,69,75,-6,6
46022,134,124,10,10
46023,99,99,0,0
46024,71,70,1,1
46025,99,97,2,2
46026,76,77,-1,1
46027,98,85,13,13
46028,68,65,3,3
46029,105,94,11,11
46030,109,102,7,7
46031,143,151,-8,8
46032,112,106,6,6
46033,82,103,-21,21
46034,59,58,1,1
46035,170,158,12,12
46036,84,92,-8,8
46037,84,97,-13,13
46038,97,101,-4,4
46039,241,215,26,26
46040,216,191,25,25
46041,121,118,3,3
46042,72,62,10,10
46043,61,61,0,0
46044,76,73,3,3
46045,140,141,-1,1
46046,101,94,7,7
46047,92,82,10,10
46048,65,60,5,5
46049,62,67,-5,5
46050,62,65,-3,3
46051,172,149,23,23
46052,82,79,3,3
46053,118,119,-1,1
46054,99,96,3,3
46055,121,116,5,5
46056,108,108,0,0
46057,96,76,20,20
46058,145,125,20,20
46059,111,137,-26,26
46060,46,52,-6,6
46061,74,65,9,9
46062,96,94,2,2
46063,60,58,2,2
46064,110,136,-26,26
46065,78,81,-3,3
46066,114,98,16,16
46067,154,166,-12,12
46068,165,148,17,17
46069,42,50,-8,8
46070,91,87,4,4
46071,100,101,-1,1
46072,110,90,20,20
46073,67,73,-6,6
46074,68,71,-3,3
46075,137,115,22,22
46076,87,90,-3,3
46077,93,86,7,7
46078,86,86,0,0
46079,200,203,-3,3
46080,119,115,4,4
46081,176,168,8,8
46082,75,75,0,0
46083,125,128,-3,3
46084,74,80,-6,6
46085,102,95,7,7
46086,53,54,-1,1
46087,107,103,4,4
46088,95,88,7,7
46089,120,122,-2,2
46090,88,88,0,0
46091,66,75,-9,9
46092,94,86,8,8
46093,137,136,1,1
46094,67,76,-9,9
46095,83,77,6,6
46096,56,57,-1,1
46097,139,125,14,14
46098,100,91,9,9
46099,78,90,-12,12
46100,103,95,8,8
46101,59,67,-8,8
46102,47,54,-7,7
46103,65,58,7,7
46104,112,103,9,9
46105,132,115,17,17
46106,82,89,-7,7
46107,118,115,3,3
46108,109,96,13,13
46109,91,88,3,3
46110,67,68,-1,1
46111,83,82,1,1
46112,79,80,-1,1
46113,26,50,-24,24
46114,44,58,-14,14
46115,71,75,-4,4
46116,86,82,4,4
46117,77,76,1,1
46118,53,59,-6,6
46119,98,89,9,9
46120,144,127,17,17
46121,89,83,6,6
46122,67,68,-1,1
46123,147,133,14,14
46124,127,126,1,1
46125,85,81,4,4
46126,66,62,4,4
46127,89,78,11,11
46128,89,93,-4,4
46129,75,70,5,5
46130,72,68,4,4
46131,101,103,-2,2
46132,126,98,28,28
46133,62,57,5,5
46134,83,82,1,1
46135,151,143,8,8
46136,102,106,-4,4
46137,215,208,7,7
46138,149,138,11,11
46139,133,128,5,5
46140,90,83,7,7
46141,100,84,16,16
46142,57,55,2,2
46143,61,64,-3,3
46144,41,50,-9,9
46145,137,125,12,12
46146,164,155,9,9
46147,242,236,6,6
46148,99,99,0,0
46149,51,53,-2,2
46150,68,68,0,0
46151,78,71,7,7
46152,120,115,5,5
46153,87,84,3,3
46154,105,97,8,8
46155,112,105,7,7
46156,87,89,-2,2
46157,88,90,-2,2
46158,71,68,3,3
46159,125,119,6,6
46160,73,74,-1,1
46161,108,108,0,0
46162,76,76,0,0
46163,45,50,-5,5
46164,100,98,2,2
46165,76,76,0,0
46166,158,154,4,4
46167,92,93,-1,1
46168,77,84,-7,7
46169,44,51,-7,7
46170,115,118,-3,3
46171,85,91,-6,6
46172,109,105,4,4
46173,89,92,-3,3
46174,39,57,-18,18
46175,66,69,-3,3
46176,62,69,-7,7
46177,89,94,-5,5
46178,130,126,4,4
46179,92,93,-1,1
46180,138,120,18,18
46181,118,109,9,9
46182,219,247,-28,28
46183,104,106,-2,2
46184,94,98,-4,4
46185,100,86,14,14
46186,54,53,1,1
46187,153,136,17,17
46188,84,85,-1,1
46189,91,101,-10,10
46190,46,51,-5,5
46191,53,64,-11,11
46192,77,71,6,6
46193,80,73,7,7
46194,138,127,11,11
46195,80,75,5,5
46196,138,119,19,19
46197,141,131,10,10
46198,91,88,3,3
46199,176,162,14,14
46200,117,117,0,0
46201,69,73,-4,4
46202,108,115,-7,7
46203,101,94,7,7
46204,135,128,7,7
46205,115,114,1,1
46206,102,106,-4,4
46207,56,63,-7,7
46208,96,99,-3,3
46209,69,67,2,2
46210,106,111,-5,5
46211,151,153,-2,2
46212,110,106,4,4
46213,112,113,-1,1
46214,134,125,9,9
46215,65,64,1,1
46216,66,65,1,1
46217,97,99,-2,2
46218,109,108,1,1
46219,141,133,8,8
46220,78,91,-13,13
46221,94,111,-17,17
46222,64,69,-5,5
46223,47,58,-11,11
46224,79,74,5,5
46225,104,107,-3,3
46226,39,57,-18,18
46227,62,69,-7,7
46228,123,121,2,2
46229,144,128,16,16
46230,108,110,-2,2
46231,183,155,28,28
46232,85,82,3,3
46233,49,54,-5,5
46234,40,50,-10,10
46235,27,50,-23,23
46236,107,109,-2,2
46237,135,146,-11,11
46238,129,115,14,14
46239,77,75,2,2
46240,61,68,-7,7
46241,58,71,-13,13
46242,144,136,8,8
46243,53,54,-1,1
46244,95,101,-6,6
46245,82,71,11,11
46246,73,75,-2,2
46247,174,178,-4,4
46248,101,95,6,6
46249,100,130,-30,30
46250,81,72,9,9
46251,94,92,2,2
46252,76,78,-2,2
46253,70,72,-2,2
46254,100,103,-3,3
46255,79,69,10,10
46256,83,81,2,2
46257,90,92,-2,2
46258,136,131,5,5
46259,61,61,0,0
46260,106,108,-2,2
46261,90,91,-1,1
46262,32,50,-18,18
46263,100,104,-4,4
46264,74,65,9,9
46265,62,65,-3,3
46266,101,91,10,10
46267,104,96,8,8
46268,94,81,13,13
46269,95,95,0,0
46270,134,133,1,1
46271,134,131,3,3
46272,77,70,7,7
46273,80,97,-17,17
46274,90,88,2,2
46275,128,116,12,12
46276,108,108,0,0
46277,64,70,-6,6
46278,44,60,-16,16
46279,115,109,6,6
46280,49,56,-7,7
46281,64,73,-9,9
46282,64,65,-1,1
46283,128,121,7,7
46284,69,71,-2,2
46285,73,66,7,7
46286,38,50,-12,12
46287,71,72,-1,1
46288,94,97,-3,3
46289,89,93,-4,4
46290,63,64,-1,1
46291,116,104,12,12
46292,83,86,-3,3
46293,38,51,-13,13
46294,57,60,-3,3
46295,84,85,-1,1
46296,552,433,119,119
46297,75,69,6,6
46298,70,72,-2,2
46299,90,103,-13,13
46300,181,199,-18,18
46301,109,115,-6,6
46302,99,111,-12,12
46303,99,98,1,1
46304,73,71,2,2
46305,71,75,-4,4
46306,125,128,-3,3
46307,142,140,2,2
46308,125,121,4,4
46309,99,97,2,2
46310,127,117,10,10
46311,134,117,17,17
46312,87,79,8,8
46313,99,107,-8,8
46314,116,120,-4,4
46315,57,61,-4,4
46316,160,148,12,12
46317,104,98,6,6
46318,106,108,-2,2
46319,82,87,-5,5
46320,149,138,11,11
46321,122,127,-5,5
46322,46,52,-6,6
46323,44,56,-12,12
46324,47,58,-11,11
46325,46,66,-20,20
46326,103,106,-3,3
46327,118,117,1,1
46328,62,62,0,0
46329,61,65,-4,4
46330,90,89,1,1
46331,87,78,9,9
46332,163,147,16,16
46333,108,111,-3,3
46334,68,68,0,0
46335,128,121,7,7
46336,132,157,-25,25
46337,48,58,-10,10
46338,66,64,2,2
46339,62,68,-6,6
46340,77,87,-10,10
46341,47,60,-13,13
46342,124,114,10,10
46343,95,103,-8,8
46344,65,59,6,6
46345,70,72,-2,2
46346,133,129,4,4
46347,98,100,-2,2
46348,138,145,-7,7
46349,93,94,-1,1
46350,136,127,9,9
46351,119,117,2,2
46352,102,109,-7,7
46353,106,124,-18,18
46354,75,75,0,0
46355,58,57,1,1
46356,130,115,15,15
46357,85,89,-4,4
46358,102,109,-7,7
46359,66,65,1,1
46360,83,100,-17,17
46361,85,89,-4,4
46362,122,115,7,7
46363,107,115,-8,8
46364,68,75,-7,7
46365,58,61,-3,3
46366,87,81,6,6
46367,67,71,-4,4
46368,74,79,-5,5
46369,68,63,5,5
46370,104,92,12,12
46371,158,157,1,1
46372,131,121,10,10
46373,103,103,0,0
46374,109,108,1,1
46375,64,64,0,0
46376,123,112,11,11
46377,111,103,8,8
46378,38,50,-12,12
46379,59,53,6,6
46380,46,59,-13,13
46381,101,106,-5,5
46382,149,137,12,12
46383,116,108,8,8
46384,62,78,-16,16
46385,78,82,-4,4
46386,92,89,3,3
46387,109,101,8,8
46388,94,98,-4,4
46389,107,111,-4,4
46390,75,79,-4,4
46391,64,66,-2,2
46392,30,50,-20,20
46393,127,125,2,2
46394,67,65,2,2
46395,109,111,-2,2
46396,187,172,15,15
46397,90,90,0,0
46398,123,117,6,6
46399,72,68,4,4
46400,124,125,-1,1
46401,110,109,1,1
46402,108,111,-3,3
46403,65,69,-4,4
46404,116,119,-3,3
46405,77,90,-13,13
46406,40,51,-11,11
46407,108,107,1,1
46408,159,153,6,6
46409,60,61,-1,1
46410,116,108,8,8
46411,124,137,-13,13
46412,94,99,-5,5
46413,90,80,10,10
46414,30,50,-20,20
46415,89,88,1,1
46416,89,83,6,6
46417,111,119,-8,8
46418,84,84,0,0
46419,49,56,-7,7
46420,75,63,12,12
46421,136,118,18,18
46422,41,111,-70,70
46423,72,71,1,1
46424,173,164,9,9
46425,70,72,-2,2
46426,90,93,-3,3
46427,153,153,0,0
46428,138,146,-8,8
46429,147,145,2,2
46430,116,129,-13,13
46431,148,140,8,8
46432,117,117,0,0
46433,103,98,5,5
46434,123,120,3,3
46435,151,135,16,16
46436,126,125,1,1
46437,105,113,-8,8
46438,111,114,-3,3
46439,71,62,9,9
46440,99,112,-13,13
46441,59,69,-10,10
46442,104,97,7,7
46443,60,56,4,4
46444,88,89,-1,1
46445,63,58,5,5
46446,186,175,11,11
46447,97,86,11,11
46448,128,118,10,10
46449,162,146,16,16
46450,74,71,3,3
46451,92,84,8,8
46452,153,145,8,8
46453,97,97,0,0
46454,116,111,5,5
46455,161,134,27,27
46456,73,77,-4,4
46457,107,109,-2,2
46458,112,126,-14,14
46459,89,84,5,5
46460,92,86,6,6
46461,83,82,1,1
46462,108,116,-8,8
46463,108,112,-4,4
46464,49,51,-2,2
46465,64,63,1,1
46466,109,116,-7,7
46467,52,54,-2,2
46468,139,138,1,1
46469,90,89,1,1
46470,90,90,0,0
46471,70,72,-2,2
46472,97,102,-5,5
46473,56,59,-3,3
46474,64,76,-12,12
46475,67,62,5,5
46476,48,53,-5,5
46477,69,66,3,3
46478,93,93,0,0
46479,144,137,7,7
46480,145,154,-9,9
46481,142,144,-2,2
46482,150,148,2,2
46483,58,52,6,6
46484,120,109,11,11
46485,102,101,1,1
46486,142,143,-1,1
46487,100,102,-2,2
46488,125,125,0,0
46489,84,92,-8,8
46490,123,124,-1,1
46491,145,153,-8,8
46492,86,91,-5,5
46493,73,74,-1,1
46494,97,94,3,3
46495,57,57,0,0
46496,122,120,2,2
46497,71,61,10,10
46498,99,98,1,1
46499,83,72,11,11
46500,165,154,11,11
46501,193,173,20,20
46502,104,100,4,4
46503,110,125,-15,15
46504,65,68,-3,3
46505,72,75,-3,3
46506,76,77,-1,1
46507,173,169,4,4
46508,76,90,-14,14
46509,95,94,1,1
46510,96,93,3,3
46511,82,79,3,3
46512,91,100,-9,9
46513,88,85,3,3
46514,104,109,-5,5
46515,114,120,-6,6
46516,109,103,6,6
46517,74,72,2,2
46518,137,130,7,7
46519,93,92,1,1
46520,88,90,-2,2
46521,55,68,-13,13
46522,72,75,-3,3
46523,71,92,-21,21
46524,110,95,15,15
46525,114,115,-1,1
46526,128,135,-7,7
46527,65,79,-14,14
46528,114,116,-2,2
46529,97,93,4,4
46530,117,146,-29,29
46531,72,76,-4,4
46532,92,88,4,4
46533,64,62,2,2
46534,125,129,-4,4
46535,99,99,0,0
46536,56,62,-6,6
46537,54,57,-3,3
46538,122,120,2,2
46539,178,179,-1,1
46540,179,173,6,6
46541,80,72,8,8
46542,109,106,3,3
46543,83,84,-1,1
46544,103,96,7,7
46545,61,66,-5,5
46546,125,115,10,10
46547,96,90,6,6
46548,96,117,-21,21
46549,97,93,4,4
46550,108,92,16,16
46551,89,89,0,0
46552,55,56,-1,1
46553,87,129,-42,42
46554,49,53,-4,4
46555,94,95,-1,1
46556,93,118,-25,25
46557,75,73,2,2
46558,65,66,-1,1
46559,52,52,0,0
46560,83,78,5,5
46561,123,105,18,18
46562,92,84,8,8
46563,74,80,-6,6
46564,109,99,10,10
46565,52,56,-4,4
46566,76,67,9,9
46567,116,111,5,5
46568,83,77,6,6
46569,82,79,3,3
46570,144,138,6,6
46571,35,50,-15,15
46572,155,148,7,7
46573,136,129,7,7
46574,123,120,3,3
46575,81,76,5,5
46576,66,71,-5,5
46577,131,123,8,8
46578,133,116,17,17
46579,71,71,0,0
46580,82,84,-2,2
46581,82,83,-1,1
46582,42,50,-8,8
46583,137,149,-12,12
46584,140,163,-23,23
46585,58,63,-5,5
46586,117,103,14,14
46587,69,77,-8,8
46588,85,89,-4,4
46589,52,51,1,1
46590,87,97,-10,10
46591,135,144,-9,9
46592,64,66,-2,2
46593,129,110,19,19
46594,190,183,7,7
46595,68,73,-5,5
46596,82,75,7,7
46597,75,75,0,0
46598,149,133,16,16
46599,84,82,2,2
46600,54,55,-1,1
46601,98,93,5,5
46602,99,86,13,13
46603,125,124,1,1
46604,86,88,-2,2
46605,95,91,4,4
46606,75,77,-2,2
46607,80,77,3,3
46608,118,119,-1,1
46609,91,80,11,11
46610,106,99,7,7
46611,85,94,-9,9
46612,153,142,11,11
46613,103,104,-1,1
46614,159,158,1,1
46615,69,65,4,4
46616,166,136,30,30
46617,109,106,3,3
46618,133,122,11,11
46619,191,174,17,17
46620,113,94,19,19
46621,124,112,12,12
46622,139,133,6,6
46623,88,87,1,1
46624,43,104,-61,61
46625,71,73,-2,2
46626,116,113,3,3
46627,115,105,10,10
46628,118,117,1,1
46629,62,61,1,1
46630,106,108,-2,2
46631,116,131,-15,15
46632,137,127,10,10
46633,201,176,25,25
46634,53,57,-4,4
46635,73,75,-2,2
46636,46,54,-8,8
46637,90,89,1,1
46638,126,127,-1,1
46639,113,115,-2,2
46640,80,70,10,10
46641,102,93,9,9
46642,161,146,15,15
46643,103,104,-1,1
46644,119,128,-9,9
46645,54,60,-6,6
46646,159,147,12,12
46647,87,80,7,7
46648,59,55,4,4
46649,59,63,-4,4
46650,90,88,2,2
46651,59,63,-4,4
46652,104,98,6,6
46653,131,132,-1,1
46654,60,60,0,0
46655,68,60,8,8
46656,86,83,3,3
46657,88,84,4,4
46658,146,144,2,2
46659,62,63,-1,1
46660,152,148,4,4
46661,104,103,1,1
46662,67,65,2,2
46663,102,105,-3,3
46664,96,98,-2,2
46665,99,111,-12,12
46666,99,102,-3,3
46667,76,79,-3,3
46668,97,98,-1,1
46669,83,87,-4,4
46670,112,118,-6,6
46671,63,64,-1,1
46672,136,141,-5,5
46673,74,76,-2,2
46674,172,149,23,23
46675,136,120,16,16
46676,120,125,-5,5
46677,116,116,0,0
46678,126,117,9,9
46679,114,105,9,9
46680,72,76,-4,4
46681,104,103,1,1
46682,147,154,-7,7
46683,103,105,-2,2
46684,81,69,12,12
46685,80,79,1,1
46686,101,98,3,3
46687,125,110,15,15
46688,92,93,-1,1
46689,84,82,2,2
46690,80,110,-30,30
46691,150,147,3,3
46692,61,60,1,1
46693,112,108,4,4
46694,112,104,8,8
46695,67,59,8,8
46696,137,130,7,7
46697,58,61,-3,3
46698,105,101,4,4
46699,88,94,-6,6
46700,76,70,6,6
46701,88,82,6,6
46702,108,112,-4,4
46703,97,93,4,4
46704,141,142,-1,1
46705,64,78,-14,14
46706,51,57,-6,6
46707,101,91,10,10
46708,158,155,3,3
46709,97,97,0,0
46710,79,83,-4,4
46711,69,66,3,3
46712,97,105,-8,8
46713,90,93,-3,3
46714,85,93,-8,8
46715,90,86,4,4
46716,120,116,4,4
46717,61,61,0,0
46718,145,145,0,0
46719,77,78,-1,1
46720,49,57,-8,8
46721,81,83,-2,2
46722,70,68,2,2
46723,107,97,10,10
46724,87,84,3,3
46725,66,63,3,3
46726,108,107,1,1
46727,86,78,8,8
46728,68,70,-2,2
46729,84,73,11,11
46730,72,74,-2,2
46731,67,72,-5,5
46732,73,72,1,1
46733,81,78,3,3
46734,65,57,8,8
46735,130,113,17,17
46736,47,51,-4,4
46737,117,118,-1,1
46738,141,126,15,15
46739,204,180,24,24
46740,85,84,1,1
46741,116,124,-8,8
46742,118,111,7,7
46743,110,111,-1,1
46744,100,96,4,4
46745,93,90,3,3
46746,53,55,-2,2
46747,86,78,8,8
46748,70,67,3,3
46749,80,79,1,1
46750,146,147,-1,1
46751,72,72,0,0
46752,154,151,3,3
46753,206,202,4,4
46754,72,77,-5,5
46755,141,135,6,6
46756,83,104,-21,21
46757,141,145,-4,4
46758,97,106,-9,9
46759,137,129,8,8
46760,124,122,2,2
46761,84,85,-1,1
46762,102,117,-15,15
46763,22,58,-36,36
46764,97,98,-1,1
46765,59,60,-1,1
46766,124,128,-4,4
46767,198,193,5,5
46768,93,80,13,13
46769,96,94,2,2
46770,99,98,1,1
46771,191,155,36,36
46772,88,82,6,6
46773,88,80,8,8
46774,114,111,3,3
46775,85,95,-10,10
46776,85,72,13,13
46777,63,65,-2,2
46778,129,107,22,22
46779,142,147,-5,5
46780,66,77,-11,11
46781,64,62,2,2
46782,72,64,8,8
46783,143,144,-1,1
46784,73,65,8,8
46785,92,94,-2,2
46786,80,89,-9,9
46787,123,118,5,5
46788,67,71,-4,4
46789,87,104,-17,17
46790,81,63,18,18
46791,77,99,-22,22
46792,70,64,6,6
46793,120,119,1,1
46794,119,118,1,1
46795,116,119,-3,3
46796,193,192,1,1
46797,90,94,-4,4
46798,113,130,-17,17
46799,109,103,6,6
46800,85,82,3,3
46801,63,63,0,0
46802,56,57,-1,1
46803,131,134,-3,3
46804,108,106,2,2
46805,58,60,-2,2
46806,57,62,-5,5
46807,98,118,-20,20
46808,86,102,-16,16
46809,60,62,-2,2
46810,54,61,-7,7
46811,160,150,10,10
46812,91,104,-13,13
46813,179,149,30,30
46814,68,86,-18,18
46815,143,139,4,4
46816,86,73,13,13
46817,115,118,-3,3
46818,139,122,17,17
46819,95,96,-1,1
46820,66,80,-14,14
46821,66,64,2,2
46822,143,142,1,1
46823,87,83,4,4
46824,85,90,-5,5
46825,77,80,-3,3
46826,77,69,8,8
46827,91,84,7,7
46828,80,81,-1,1
46829,23,50,-27,27
46830,92,92,0,0
46831,109,100,9,9
46832,115,104,11,11
46833,93,95,-2,2
46834,67,69,-2,2
46835,150,146,4,4
46836,78,67,11,11
46837,159,160,-1,1
46838,124,110,14,14
46839,93,106,-13,13
46840,133,133,0,0
46841,79,81,-2,2
46842,62,64,-2,2
46843,73,69,4,4
46844,66,67,-1,1
46845,69,65,4,4
46846,146,159,-13,13
46847,73,62,11,11
46848,91,102,-11,11
46849,67,66,1,1
46850,80,97,-17,17
46851,96,90,6,6
46852,75,69,6,6
46853,72,80,-8,8
46854,87,83,4,4
46855,93,84,9,9
46856,115,109,6,6
46857,142,138,4,4
46858,168,134,34,34
46859,149,140,9,9
46860,91,88,3,3
46861,69,75,-6,6
46862,112,108,4,4
46863,83,79,4,4
46864,63,58,5,5
46865,84,87,-3,3
46866,113,103,10,10
46867,98,94,4,4
46868,174,173,1,1
46869,103,94,9,9
46870,32,76,-44,44
46871,126,126,0,0
46872,132,132,0,0
46873,49,52,-3,3
46874,107,106,1,1
46875,121,131,-10,10
46876,132,123,9,9
46877,75,73,2,2
46878,71,73,-2,2
46879,69,77,-8,8
46880,158,149,9,9
46881,73,70,3,3
46882,146,131,15,15
46883,49,57,-8,8
46884,124,124,0,0
46885,71,67,4,4
46886,43,51,-8,8
46887,94,99,-5,5
46888,120,131,-11,11
46889,107,106,1,1
46890,83,76,7,7
46891,111,107,4,4
46892,79,81,-2,2
46893,93,98,-5,5
46894,130,129,1,1
46895,119,112,7,7
46896,80,74,6,6
46897,80,71,9,9
46898,76,73,3,3
46899,101,103,-2,2
46900,131,126,5,5
46901,91,94,-3,3
46902,81,89,-8,8
46903,102,104,-2,2
46904,108,90,18,18
46905,79,78,1,1
46906,121,112,9,9
46907,135,136,-1,1
46908,68,79,-11,11
46909,104,110,-6,6
46910,44,50,-6,6
46911,103,109,-6,6
46912,136,140,-4,4
46913,107,91,16,16
46914,78,92,-14,14
46915,75,77,-2,2
46916,37,50,-13,13
46917,24,50,-26,26
46918,166,161,5,5
46919,134,127,7,7
46920,116,115,1,1
46921,85,82,3,3
46922,130,132,-2,2
46923,150,137,13,13
46924,103,93,10,10
46925,92,89,3,3
46926,127,126,1,1
46927,72,72,0,0
46928,95,99,-4,4
46929,56,57,-1,1
46930,170,151,19,19
46931,106,94,12,12
46932,78,79,-1,1
46933,135,136,-1,1
46934,113,106,7,7
46935,191,182,9,9
46936,61,68,-7,7
46937,95,85,10,10
46938,119,115,4,4
46939,114,103,11,11
46940,88,86,2,2
46941,71,68,3,3
46942,76,74,2,2
46943,50,57,-7,7
46944,69,66,3,3
46945,51,72,-21,21
46946,74,84,-10,10
46947,79,75,4,4
46948,74,85,-11,11
46949,113,119,-6,6
46950,99,109,-10,10
46951,86,89,-3,3
46952,91,88,3,3
46953,83,97,-14,14
46954,106,98,8,8
46955,66,62,4,4
46956,74,69,5,5
46957,78,77,1,1
46958,101,101,0,0
46959,78,80,-2,2
46960,91,101,-10,10
46961,94,100,-6,6
46962,86,88,-2,2
46963,64,65,-1,1
46964,98,79,19,19
46965,100,109,-9,9
46966,148,136,12,12
46967,96,103,-7,7
46968,135,119,16,16
46969,123,134,-11,11
46970,65,65,0,0
46971,86,80,6,6
46972,86,79,7,7
46973,93,91,2,2
46974,106,104,2,2
46975,122,114,8,8
46976,75,85,-10,10
46977,86,86,0,0
46978,51,53,-2,2
46979,56,59,-3,3
46980,125,133,-8,8
46981,92,86,6,6
46982,108,116,-8,8
46983,151,140,11,11
46984,83,85,-2,2
46985,66,69,-3,3
46986,138,124,14,14
46987,120,122,-2,2
46988,79,73,6,6
46989,86,92,-6,6
46990,163,160,3,3
46991,112,114,-2,2
46992,98,89,9,9
46993,40,67,-27,27
46994,85,89,-4,4
46995,73,80,-7,7
46996,84,92,-8,8
46997,127,128,-1,1
46998,113,102,11,11
46999,116,110,6,6
47000,91,94,-3,3
47001,91,75,16,16
47002,50,56,-6,6
47003,78,82,-4,4
47004,90,92,-2,2
47005,125,119,6,6
47006,84,90,-6,6
47007,79,74,5,5
47008,69,67,2,2
47009,115,99,16,16
47010,227,239,-12,12
47011,107,111,-4,4
47012,136,162,-26,26
47013,88,87,1,1
47014,117,117,0,0
47015,81,84,-3,3
47016,150,143,7,7
47017,101,118,-17,17
47018,169,161,8,8
47019,75,80,-5,5
47020,146,143,3,3
47021,96,93,3,3
47022,66,68,-2,2
47023,73,72,1,1
47024,85,96,-11,11
47025,104,90,14,14
47026,53,57,-4,4
47027,148,156,-8,8
47028,119,110,9,9
47029,45,50,-5,5
47030,72,72,0,0
47031,126,126,0,0
47032,64,62,2,2
47033,119,119,0,0
47034,89,96,-7,7
47035,139,137,2,2
47036,111,116,-5,5
47037,100,99,1,1
47038,82,84,-2,2
47039,138,136,2,2
47040,47,51,-4,4
47041,167,151,16,16
47042,63,60,3,3
47043,118,112,6,6
47044,201,201,0,0
47045,82,89,-7,7
47046,91,97,-6,6
47047,81,81,0,0
47048,91,87,4,4
47049,119,107,12,12
47050,88,82,6,6
47051,76,79,-3,3
47052,86,87,-1,1
47053,47,57,-10,10
47054,134,134,0,0
47055,96,96,0,0
47056,82,79,3,3
47057,82,80,2,2
47058,89,89,0,0
47059,99,104,-5,5
47060,93,96,-3,3
47061,87,89,-2,2
47062,62,73,-11,11
47063,58,56,2,2
47064,82,82,0,0
47065,142,143,-1,1
47066,101,96,5,5
47067,127,117,10,10
47068,46,50,-4,4
47069,116,110,6,6
47070,54,64,-10,10
47071,71,66,5,5
47072,121,139,-18,18
47073,80,80,0,0
47074,86,83,3,3
47075,119,114,5,5
47076,71,76,-5,5
47077,171,157,14,14
47078,126,113,13,13
47079,57,55,2,2
47080,99,100,-1,1
47081,55,63,-8,8
47082,77,79,-2,2
47083,110,106,4,4
47084,77,103,-26,26
47085,111,109,2,2
47086,164,161,3,3
47087,104,96,8,8
47088,85,85,0,0
47089,75,79,-4,4
47090,119,110,9,9
47091,82,82,0,0
47092,122,110,12,12
47093,111,111,0,0
47094,102,94,8,8
47095,54,54,0,0
47096,96,94,2,2
47097,65,66,-1,1
47098,135,135,0,0
47099,79,74,5,5
47100,92,78,14,14
47101,56,58,-2,2
47102,109,98,11,11
47103,124,119,5,5
47104,65,69,-4,4
47105,84,84,0,0
47106,107,104,3,3
47107,114,111,3,3
47108,92,82,10,10
47109,129,122,7,7
47110,159,149,10,10
47111,80,84,-4,4
47112,106,105,1,1
47113,76,75,1,1
47114,81,88,-7,7
47115,115,114,1,1
47116,89,98,-9,9
47117,66,72,-6,6
47118,49,56,-7,7
47119,74,69,5,5
47120,77,71,6,6
47121,98,94,4,4
47122,181,164,17,17
47123,65,66,-1,1
47124,125,120,5,5
47125,120,123,-3,3
47126,92,83,9,9
47127,125,116,9,9
47128,97,94,3,3
47129,113,101,12,12
47130,69,73,-4,4
47131,41,51,-10,10
47132,112,112,0,0
47133,93,82,11,11
47134,77,74,3,3
47135,114,123,-9,9
47136,90,89,1,1
47137,119,124,-5,5
47138,85,96,-11,11
47139,99,107,-8,8
47140,113,89,24,24
47141,112,117,-5,5
47142,43,50,-7,7
47143,73,70,3,3
47144,149,148,1,1
47145,72,74,-2,2
47146,62,64,-2,2
47147,74,71,3,3
47148,197,184,13,13
47149,93,100,-7,7
47150,103,75,28,28
47151,96,95,1,1
47152,191,164,27,27
47153,116,110,6,6
47154,75,70,5,5
47155,99,107,-8,8
47156,94,84,10,10
47157,124,130,-6,6
47158,83,82,1,1
47159,131,125,6,6
47160,108,95,13,13
47161,108,119,-11,11
47162,77,74,3,3
47163,77,64,13,13
47164,126,121,5,5
47165,59,74,-15,15
47166,101,112,-11,11
47167,121,118,3,3
47168,116,123,-7,7
47169,124,116,8,8
47170,69,61,8,8
47171,160,150,10,10
47172,67,75,-8,8
47173,111,118,-7,7
47174,80,100,-20,20
47175,44,51,-7,7
47176,89,86,3,3
47177,92,89,3,3
47178,105,111,-6,6
47179,113,99,14,14
47180,83,85,-2,2
47181,54,56,-2,2
47182,47,52,-5,5
47183,105,98,7,7
47184,65,62,3,3
47185,118,109,9,9
47186,115,103,12,12
47187,92,97,-5,5
47188,69,59,10,10
47189,42,51,-9,9
47190,64,58,6,6
47191,119,121,-2,2
47192,142,127,15,15
47193,117,108,9,9
47194,67,73,-6,6
47195,157,145,12,12
47196,57,58,-1,1
47197,122,110,12,12
47198,84,73,11,11
47199,112,115,-3,3
47200,96,100,-4,4
47201,75,76,-1,1
47202,86,87,-1,1
47203,168,155,13,13
47204,128,113,15,15
47205,111,118,-7,7
47206,95,97,-2,2
47207,74,83,-9,9
47208,101,87,14,14
47209,69,64,5,5
47210,160,160,0,0
47211,139,126,13,13
47212,24,59,-35,35
47213,89,84,5,5
47214,102,103,-1,1
47215,49,52,-3,3
47216,94,106,-12,12
47217,76,69,7,7
47218,170,146,24,24
47219,158,151,7,7
47220,31,90,-59,59
47221,66,68,-2,2
47222,106,90,16,16
47223,60,69,-9,9
47224,77,80,-3,3
47225,68,66,2,2
47226,129,127,2,2
47227,60,58,2,2
47228,106,105,1,1
47229,64,61,3,3
47230,67,66,1,1
47231,85,87,-2,2
47232,79,70,9,9
47233,175,161,14,14
47234,20,59,-39,39
47235,169,150,19,19
47236,90,93,-3,3
47237,74,75,-1,1
47238,68,81,-13,13
47239,52,60,-8,8
47240,81,87,-6,6
47241,106,109,-3,3
47242,113,116,-3,3
47243,64,65,-1,1
47244,98,99,-1,1
47245,120,120,0,0
47246,85,80,5,5
47247,70,61,9,9
47248,121,116,5,5
47249,132,123,9,9
47250,50,50,0,0
47251,68,76,-8,8
47252,55,55,0,0
47253,122,111,11,11
47254,107,98,9,9
47255,69,73,-4,4
47256,115,112,3,3
47257,118,115,3,3
47258,184,212,-28,28
47259,78,90,-12,12
47260,47,53,-6,6
47261,65,65,0,0
47262,109,97,12,12
47263,89,78,11,11
47264,141,140,1,1
47265,68,86,-18,18
47266,167,148,19,19
47267,68,75,-7,7
47268,86,92,-6,6
47269,93,91,2,2
47270,91,89,2,2
47271,65,70,-5,5
47272,132,132,0,0
47273,91,94,-3,3
47274,71,63,8,8
47275,71,62,9,9
47276,120,116,4,4
47277,118,112,6,6
47278,117,115,2,2
47279,157,156,1,1
47280,73,77,-4,4
47281,108,110,-2,2
47282,82,70,12,12
47283,122,116,6,6
47284,143,145,-2,2
47285,172,161,11,11
47286,76,65,11,11
47287,130,136,-6,6
47288,61,58,3,3
47289,65,69,-4,4
47290,128,121,7,7
47291,98,93,5,5
47292,161,168,-7,7
47293,56,56,0,0
47294,97,136,-39,39
47295,176,195,-19,19
47296,125,121,4,4
47297,115,109,6,6
47298,81,79,2,2
47299,103,101,2,2
47300,53,56,-3,3
47301,173,174,-1,1
47302,132,123,9,9
47303,129,119,10,10
47304,120,120,0,0
47305,123,112,11,11
47306,203,163,40,40
47307,59,52,7,7
47308,67,67,0,0
47309,132,119,13,13
47310,182,165,17,17
47311,143,141,2,2
47312,97,84,13,13
47313,91,86,5,5
47314,96,107,-11,11
47315,91,89,2,2
47316,87,82,5,5
47317,143,149,-6,6
47318,65,62,3,3
47319,78,66,12,12
47320,78,78,0,0
47321,140,138,2,2
47322,93,95,-2,2
47323,52,55,-3,3
47324,95,102,-7,7
47325,96,87,9,9
47326,72,72,0,0
47327,113,114,-1,1
47328,97,93,4,4
47329,77,77,0,0
47330,71,72,-1,1
47331,58,58,0,0
47332,72,69,3,3
47333,210,185,25,25
47334,97,90,7,7
47335,141,145,-4,4
47336,130,130,0,0
47337,105,106,-1,1
47338,66,74,-8,8
47339,78,86,-8,8
47340,96,100,-4,4
47341,120,116,4,4
47342,57,59,-2,2
47343,162,159,3,3
47344,134,131,3,3
47345,161,145,16,16
47346,171,168,3,3
47347,91,97,-6,6
47348,46,51,-5,5
47349,128,118,10,10
47350,113,102,11,11
47351,96,91,5,5
47352,55,55,0,0
47353,101,104,-3,3
47354,146,138,8,8
47355,83,124,-41,41
47356,41,50,-9,9
47357,117,118,-1,1
47358,118,125,-7,7
47359,89,93,-4,4
47360,88,88,0,0
47361,37,50,-13,13
47362,68,71,-3,3
47363,53,53,0,0
47364,106,102,4,4
47365,125,115,10,10
47366,79,80,-1,1
47367,100,95,5,5
47368,99,106,-7,7
47369,99,102,-3,3
47370,130,120,10,10
47371,75,84,-9,9
47372,101,96,5,5
47373,90,91,-1,1
47374,154,141,13,13
47375,116,109,7,7
47376,60,70,-10,10
47377,144,145,-1,1
47378,75,75,0,0
47379,110,103,7,7
47380,124,126,-2,2
47381,79,89,-10,10
47382,38,50,-12,12
47383,90,90,0,0
47384,84,76,8,8
47385,76,81,-5,5
47386,88,93,-5,5
47387,124,131,-7,7
47388,76,81,-5,5
47389,84,81,3,3
47390,75,74,1,1
47391,78,77,1,1
47392,48,54,-6,6
47393,70,76,-6,6
47394,125,118,7,7
47395,129,133,-4,4
47396,75,68,7,7
47397,91,102,-11,11
47398,108,106,2,2
47399,100,94,6,6
47400,56,66,-10,10
47401,140,126,14,14
47402,62,58,4,4
47403,224,185,39,39
47404,109,112,-3,3
47405,159,159,0,0
47406,90,93,-3,3
47407,125,121,4,4
47408,96,98,-2,2
47409,74,91,-17,17
47410,109,113,-4,4
47411,84,83,1,1
47412,50,58,-8,8
47413,146,137,9,9
47414,116,104,12,12
47415,93,88,5,5
47416,92,86,6,6
47417,72,66,6,6
47418,159,141,18,18
47419,79,76,3,3
47420,117,110,7,7
47421,92,82,10,10
47422,102,100,2,2
47423,61,62,-1,1
47424,55,55,0,0
47425,91,76,15,15
47426,94,86,8,8
47427,64,66,-2,2
47428,121,116,5,5
47429,50,51,-1,1
47430,91,88,3,3
47431,87,86,1,1
47432,100,94,6,6
47433,60,64,-4,4
47434,139,135,4,4
47435,77,75,2,2
47436,54,59,-5,5
47437,117,97,20,20
47438,105,117,-12,12
47439,105,102,3,3
47440,78,77,1,1
47441,108,99,9,9
47442,111,120,-9,9
47443,112,116,-4,4
47444,69,66,3,3
47445,100,107,-7,7
47446,96,93,3,3
47447,31,63,-32,32
47448,75,71,4,4
47449,68,71,-3,3
47450,53,56,-3,3
47451,63,63,0,0
47452,85,79,6,6
47453,126,126,0,0
47454,107,107,0,0
47455,130,124,6,6
47456,65,62,3,3
47457,73,71,2,2
47458,107,113,-6,6
47459,121,120,1,1
47460,99,101,-2,2
47461,92,94,-2,2
47462,170,165,5,5
47463,85,72,13,13
47464,142,140,2,2
47465,86,86,0,0
47466,63,64,-1,1
47467,121,113,8,8
47468,84,92,-8,8
47469,66,60,6,6
47470,60,60,0,0
47471,68,64,4,4
47472,113,126,-13,13
47473,101,99,2,2
47474,48,56,-8,8
47475,154,154,0,0
47476,160,149,11,11
47477,102,94,8,8
47478,94,96,-2,2
47479,84,79,5,5
47480,107,113,-6,6
47481,66,70,-4,4
47482,87,93,-6,6
47483,84,75,9,9
47484,86,93,-7,7
47485,101,82,19,19
47486,83,76,7,7
47487,70,62,8,8
47488,104,91,13,13
47489,78,74,4,4
47490,69,66,3,3
47491,172,159,13,13
47492,66,71,-5,5
47493,96,90,6,6
47494,73,75,-2,2
47495,122,132,-10,10
47496,66,76,-10,10
47497,78,81,-3,3
47498,70,124,-54,54
47499,62,67,-5,5
47500,64,63,1,1
47501,189,175,14,14
47502,101,100,1,1
47503,83,82,1,1
47504,88,82,6,6
47505,108,102,6,6
47506,109,104,5,5
47507,50,50,0,0
47508,100,97,3,3
47509,98,93,5,5
47510,74,67,7,7
47511,151,138,13,13
47512,67,70,-3,3
47513,145,133,12,12
47514,99,94,5,5
47515,79,79,0,0
47516,66,72,-6,6
47517,87,80,7,7
47518,104,92,12,12
47519,75,69,6,6
47520,81,72,9,9
47521,79,86,-7,7
47522,82,79,3,3
47523,202,182,20,20
47524,64,59,5,5
47525,142,139,3,3
47526,77,98,-21,21
47527,95,103,-8,8
47528,127,128,-1,1
47529,89,94,-5,5
47530,136,144,-8,8
47531,63,68,-5,5
47532,123,117,6,6
47533,113,106,7,7
47534,98,99,-1,1
47535,136,120,16,16
47536,124,117,7,7
47537,124,119,5,5
47538,162,144,18,18
47539,81,95,-14,14
47540,93,94,-1,1
47541,83,89,-6,6
47542,127,111,16,16
47543,60,59,1,1
47544,83,86,-3,3
47545,60,60,0,0
47546,103,113,-10,10
47547,93,79,14,14
47548,78,78,0,0
47549,97,93,4,4
47550,73,70,3,3
47551,128,120,8,8
47552,92,98,-6,6
47553,37,50,-13,13
47554,154,146,8,8
47555,60,64,-4,4
47556,94,92,2,2
47557,103,101,2,2
47558,72,75,-3,3
47559,65,71,-6,6
47560,85,90,-5,5
47561,111,108,3,3
47562,88,91,-3,3
47563,110,101,9,9
47564,102,99,3,3
47565,59,56,3,3
47566,89,78,11,11
47567,113,99,14,14
47568,65,71,-6,6
47569,148,144,4,4
47570,83,83,0,0
47571,81,81,0,0
47572,88,84,4,4
47573,67,71,-4,4
47574,44,53,-9,9
47575,98,102,-4,4
47576,89,88,1,1
47577,85,86,-1,1
47578,165,146,19,19
47579,58,65,-7,7
47580,118,110,8,8
47581,138,119,19,19
47582,85,78,7,7
47583,77,80,-3,3
47584,58,59,-1,1
47585,78,72,6,6
47586,94,108,-14,14
47587,51,56,-5,5
47588,109,116,-7,7
47589,72,77,-5,5
47590,71,69,2,2
47591,83,91,-8,8
47592,97,94,3,3
47593,81,84,-3,3
47594,192,205,-13,13
47595,152,139,13,13
47596,101,101,0,0
47597,65,59,6,6
47598,77,77,0,0
47599,130,120,10,10
47600,124,98,26,26
47601,89,94,-5,5
47602,105,114,-9,9
47603,85,83,2,2
47604,147,144,3,3
47605,108,122,-14,14
47606,86,86,0,0
47607,66,69,-3,3
47608,62,62,0,0
47609,74,68,6,6
47610,144,123,21,21
47611,77,73,4,4
47612,53,55,-2,2
47613,81,74,7,7
47614,121,116,5,5
47615,71,67,4,4
47616,75,63,12,12
47617,105,96,9,9
47618,98,102,-4,4
47619,133,134,-1,1
47620,115,119,-4,4
47621,56,57,-1,1
47622,139,134,5,5
47623,108,109,-1,1
47624,207,184,23,23
47625,43,56,-13,13
47626,135,126,9,9
47627,122,121,1,1
47628,61,69,-8,8
47629,97,89,8,8
47630,77,73,4,4
47631,123,105,18,18
47632,59,61,-2,2
47633,113,117,-4,4
47634,125,123,2,2
47635,88,89,-1,1
47636,72,68,4,4
47637,137,138,-1,1
47638,113,103,10,10
47639,112,105,7,7
47640,60,64,-4,4
47641,106,106,0,0
47642,143,141,2,2
47643,91,92,-1,1
47644,95,89,6,6
47645,155,136,19,19
47646,106,109,-3,3
47647,103,116,-13,13
47648,142,129,13,13
47649,76,76,0,0
47650,115,121,-6,6
47651,96,119,-23,23
47652,103,94,9,9
47653,106,110,-4,4
47654,67,63,4,4
47655,100,96,4,4
47656,103,96,7,7
47657,72,72,0,0
47658,142,133,9,9
47659,32,61,-29,29
47660,137,137,0,0
47661,57,63,-6,6
47662,69,76,-7,7
47663,47,52,-5,5
47664,82,81,1,1
47665,113,104,9,9
47666,81,89,-8,8
47667,96,96,0,0
47668,67,65,2,2
47669,138,128,10,10
47670,73,71,2,2
47671,62,81,-19,19
47672,45,54,-9,9
47673,106,102,4,4
47674,65,64,1,1
47675,79,81,-2,2
47676,109,113,-4,4
47677,147,138,9,9
47678,67,63,4,4
47679,94,91,3,3
47680,73,71,2,2
47681,57,65,-8,8
47682,124,112,12,12
47683,68,77,-9,9
47684,89,83,6,6
47685,105,95,10,10
47686,64,73,-9,9
47687,78,86,-8,8
47688,108,99,9,9
47689,171,167,4,4
47690,92,84,8,8
47691,63,65,-2,2
47692,66,70,-4,4
47693,85,90,-5,5
47694,134,129,5,5
47695,73,73,0,0
47696,85,85,0,0
47697,81,74,7,7
47698,119,114,5,5
47699,64,58,6,6
47700,73,70,3,3
47701,120,106,14,14
47702,122,116,6,6
47703,97,103,-6,6
47704,69,72,-3,3
47705,88,87,1,1
47706,86,86,0,0
47707,87,85,2,2
47708,152,143,9,9
47709,65,64,1,1
47710,37,54,-17,17
47711,125,110,15,15
47712,117,124,-7,7
47713,72,73,-1,1
47714,120,137,-17,17
47715,67,66,1,1
47716,147,142,5,5
47717,142,136,6,6
47718,111,103,8,8
47719,104,105,-1,1
47720,90,83,7,7
47721,76,73,3,3
47722,82,73,9,9
47723,122,95,27,27
47724,176,159,17,17
47725,97,75,22,22
47726,84,85,-1,1
47727,94,92,2,2
47728,175,181,-6,6
47729,90,93,-3,3
47730,62,63,-1,1
47731,116,105,11,11
47732,137,131,6,6
47733,141,131,10,10
47734,96,109,-13,13
47735,99,96,3,3
47736,66,60,6,6
47737,183,173,10,10
47738,64,62,2,2
47739,137,148,-11,11
47740,51,56,-5,5
47741,35,51,-16,16
47742,137,124,13,13
47743,151,152,-1,1
47744,115,113,2,2
47745,94,90,4,4
47746,42,53,-11,11
47747,57,64,-7,7
47748,102,108,-6,6
47749,59,58,1,1
47750,73,85,-12,12
47751,80,78,2,2
47752,102,108,-6,6
47753,111,108,3,3
47754,150,150,0,0
47755,149,138,11,11
47756,129,119,10,10
47757,35,64,-29,29
47758,50,55,-5,5
47759,85,74,11,11
47760,90,87,3,3
47761,129,116,13,13
47762,111,114,-3,3
47763,80,87,-7,7
47764,165,165,0,0
47765,69,70,-1,1
47766,132,120,12,12
47767,145,134,11,11
47768,51,54,-3,3
47769,152,140,12,12
47770,64,61,3,3
47771,168,157,11,11
47772,100,105,-5,5
47773,72,64,8,8
47774,86,87,-1,1
47775,67,72,-5,5
47776,71,71,0,0
47777,156,150,6,6
47778,92,86,6,6
47779,93,95,-2,2
47780,95,101,-6,6
47781,113,111,2,2
47782,105,99,6,6
47783,77,85,-8,8
47784,96,104,-8,8
47785,103,107,-4,4
47786,76,91,-15,15
47787,77,70,7,7
47788,103,95,8,8
47789,80,79,1,1
47790,72,76,-4,4
47791,98,97,1,1
47792,94,84,10,10
47793,145,152,-7,7
47794,57,54,3,3
47795,95,89,6,6
47796,97,75,22,22
47797,160,143,17,17
47798,161,158,3,3
47799,71,66,5,5
47800,95,88,7,7
47801,100,99,1,1
47802,57,54,3,3
47803,96,95,1,1
47804,70,69,1,1
47805,51,80,-29,29
47806,70,69,1,1
47807,27,50,-23,23
47808,93,87,6,6
47809,110,106,4,4
47810,128,124,4,4
47811,146,151,-5,5
47812,81,70,11,11
47813,100,95,5,5
47814,77,68,9,9
47815,57,58,-1,1
47816,110,104,6,6
47817,90,94,-4,4
47818,105,114,-9,9
47819,91,81,10,10
47820,158,154,4,4
47821,79,75,4,4
47822,52,51,1,1
47823,86,83,3,3
47824,100,99,1,1
47825,65,64,1,1
47826,116,108,8,8
47827,75,67,8,8
47828,95,90,5,5
47829,71,76,-5,5
47830,87,92,-5,5
47831,79,68,11,11
47832,77,77,0,0
47833,55,57,-2,2
47834,94,91,3,3
47835,99,100,-1,1
47836,98,99,-1,1
47837,95,109,-14,14
47838,123,123,0,0
47839,76,89,-13,13
47840,157,161,-4,4
47841,75,79,-4,4
47842,114,111,3,3
47843,47,50,-3,3
47844,110,106,4,4
47845,122,114,8,8
47846,89,100,-11,11
47847,65,69,-4,4
47848,63,69,-6,6
47849,140,128,12,12
47850,101,102,-1,1
47851,132,127,5,5
47852,175,179,-4,4
47853,79,77,2,2
47854,97,89,8,8
47855,108,96,12,12
47856,76,67,9,9
47857,80,74,6,6
47858,114,102,12,12
47859,160,165,-5,5
47860,101,92,9,9
47861,143,130,13,13
47862,40,54,-14,14
47863,151,145,6,6
47864,111,123,-12,12
47865,105,120,-15,15
47866,93,89,4,4
47867,121,124,-3,3
47868,162,151,11,11
47869,91,101,-10,10
47870,86,87,-1,1
47871,133,137,-4,4
47872,69,73,-4,4
47873,110,110,0,0
47874,76,69,7,7
47875,70,77,-7,7
47876,129,110,19,19
47877,105,97,8,8
47878,118,114,4,4
47879,51,56,-5,5
47880,155,145,10,10
47881,80,79,1,1
47882,91,108,-17,17
47883,87,83,4,4
47884,61,71,-10,10
47885,65,65,0,0
47886,85,85,0,0
47887,89,85,4,4
47888,62,59,3,3
47889,85,89,-4,4
47890,65,72,-7,7
47891,127,123,4,4
47892,94,96,-2,2
47893,106,104,2,2
47894,72,68,4,4
47895,115,113,2,2
47896,100,91,9,9
47897,56,55,1,1
47898,78,88,-10,10
47899,100,101,-1,1
47900,94,90,4,4
47901,104,99,5,5
47902,76,84,-8,8
47903,100,97,3,3
47904,114,106,8,8
47905,94,83,11,11
47906,92,91,1,1
47907,51,54,-3,3
47908,129,127,2,2
47909,30,50,-20,20
47910,91,103,-12,12
47911,72,71,1,1
47912,99,99,0,0
47913,59,57,2,2
47914,103,96,7,7
47915,140,123,17,17
47916,71,74,-3,3
47917,77,78,-1,1
47918,108,110,-2,2
47919,87,74,13,13
47920,150,148,2,2
47921,108,115,-7,7
47922,78,72,6,6
47923,143,133,10,10
47924,109,117,-8,8
47925,81,83,-2,2
47926,82,89,-7,7
47927,46,50,-4,4
47928,142,130,12,12
47929,54,56,-2,2
47930,89,96,-7,7
47931,53,55,-2,2
47932,73,66,7,7
47933,74,69,5,5
47934,43,50,-7,7
47935,89,89,0,0
47936,71,75,-4,4
47937,62,76,-14,14
47938,59,66,-7,7
47939,114,107,7,7
47940,56,56,0,0
47941,94,97,-3,3
47942,102,109,-7,7
47943,112,107,5,5
47944,75,77,-2,2
47945,77,90,-13,13
47946,124,122,2,2
47947,128,115,13,13
47948,70,72,-2,2
47949,84,135,-51,51
47950,151,140,11,11
47951,113,105,8,8
47952,85,81,4,4
47953,82,106,-24,24
47954,163,165,-2,2
47955,124,135,-11,11
47956,80,72,8,8
47957,122,147,-25,25
47958,88,78,10,10
47959,66,63,3,3
47960,83,82,1,1
47961,118,112,6,6
47962,57,56,1,1
47963,66,71,-5,5
47964,108,106,2,2
47965,93,99,-6,6
47966,51,54,-3,3
47967,171,159,12,12
47968,114,101,13,13
47969,45,54,-9,9
47970,86,83,3,3
47971,62,67,-5,5
47972,67,67,0,0
47973,76,78,-2,2
47974,108,113,-5,5
47975,100,117,-17,17
47976,139,136,3,3
47977,115,115,0,0
47978,144,114,30,30
47979,90,79,11,11
47980,91,80,11,11
47981,75,80,-5,5
47982,135,131,4,4
47983,67,75,-8,8
47984,117,101,16,16
47985,127,114,13,13
47986,59,58,1,1
47987,48,55,-7,7
47988,69,68,1,1
47989,93,81,12,12
47990,123,124,-1,1
47991,131,141,-10,10
47992,105,100,5,5
47993,121,125,-4,4
47994,111,115,-4,4
47995,43,50,-7,7
47996,131,125,6,6
47997,133,124,9,9
47998,74,71,3,3
47999,154,133,21,21
48000,36,50,-14,14
48001,83,92,-9,9
48002,114,113,1,1
48003,115,108,7,7
48004,117,112,5,5
48005,129,120,9,9
48006,119,116,3,3
48007,65,66,-1,1
48008,88,92,-4,4
48009,80,69,11,11
48010,43,50,-7,7
48011,68,71,-3,3
48012,157,147,10,10
48013,104,105,-1,1
48014,56,53,3,3
48015,52,60,-8,8
48016,115,108,7,7
48017,64,60,4,4
48018,139,135,4,4
48019,58,59,-1,1
48020,105,107,-2,2
48021,196,192,4,4
48022,117,104,13,13
48023,108,93,15,15
48024,109,117,-8,8
48025,53,52,1,1
48026,97,86,11,11
48027,89,93,-4,4
48028,136,128,8,8
48029,156,163,-7,7
48030,107,96,11,11
48031,48,50,-2,2
48032,108,114,-6,6
48033,151,138,13,13
48034,71,87,-16,16
48035,99,90,9,9
48036,119,101,18,18
48037,131,129,2,2
48038,72,74,-2,2
48039,112,107,5,5
48040,142,151,-9,9
48041,130,126,4,4
48042,103,106,-3,3
48043,136,130,6,6
48044,61,61,0,0
48045,93,88,5,5
48046,124,123,1,1
48047,44,54,-10,10
48048,166,171,-5,5
48049,134,136,-2,2
48050,85,82,3,3
48051,56,64,-8,8
48052,58,66,-8,8
48053,95,94,1,1
48054,113,110,3,3
48055,80,87,-7,7
48056,105,96,9,9
48057,56,54,2,2
48058,79,85,-6,6
48059,77,84,-7,7
48060,90,88,2,2
48061,68,76,-8,8
48062,65,69,-4,4
48063,95,95,0,0
48064,51,56,-5,5
48065,99,88,11,11
48066,81,69,12,12
48067,116,99,17,17
48068,72,69,3,3
48069,55,65,-10,10
48070,144,142,2,2
48071,74,79,-5,5
48072,135,137,-2,2
48073,60,65,-5,5
48074,76,86,-10,10
48075,144,118,26,26
48076,141,122,19,19
48077,80,59,21,21
48078,74,83,-9,9
48079,83,83,0,0
48080,76,68,8,8
48081,100,98,2,2
48082,97,91,6,6
48083,141,120,21,21
48084,109,109,0,0
48085,87,107,-20,20
48086,104,101,3,3
48087,69,66,3,3
48088,60,67,-7,7
48089,71,75,-4,4
48090,64,64,0,0
48091,69,75,-6,6
48092,92,90,2,2
48093,93,87,6,6
48094,88,84,4,4
48095,11,50,-39,39
48096,132,122,10,10
48097,62,73,-11,11
48098,73,89,-16,16
48099,110,97,13,13
48100,84,87,-3,3
48101,63,55,8,8
48102,110,112,-2,2
48103,61,59,2,2
48104,81,88,-7,7
48105,107,110,-3,3
48106,161,144,17,17
48107,66,62,4,4
48108,59,67,-8,8
48109,115,124,-9,9
48110,113,108,5,5
48111,125,127,-2,2
48112,104,104,0,0
48113,90,89,1,1
48114,84,81,3,3
48115,101,101,0,0
48116,151,138,13,13
48117,127,119,8,8
48118,102,96,6,6
48119,85,89,-4,4
48120,64,67,-3,3
48121,114,114,0,0
48122,104,97,7,7
48123,99,107,-8,8
48124,60,62,-2,2
48125,102,107,-5,5
48126,125,120,5,5
48127,109,121,-12,12
48128,106,99,7,7
48129,91,92,-1,1
48130,54,63,-9,9
48131,86,103,-17,17
48132,108,115,-7,7
48133,61,66,-5,5
48134,63,80,-17,17
48135,112,112,0,0
48136,35,50,-15,15
48137,86,82,4,4
48138,79,81,-2,2
48139,112,110,2,2
48140,180,180,0,0
48141,94,86,8,8
48142,125,120,5,5
48143,82,76,6,6
48144,94,100,-6,6
48145,83,75,8,8
48146,93,99,-6,6
48147,89,90,-1,1
48148,63,63,0,0
48149,120,122,-2,2
48150,91,77,14,14
48151,102,126,-24,24
48152,70,74,-4,4
48153,66,62,4,4
48154,73,67,6,6
48155,122,107,15,15
48156,50,54,-4,4
48157,65,70,-5,5
48158,146,139,7,7
48159,72,77,-5,5
48160,109,98,11,11
48161,67,70,-3,3
48162,138,134,4,4
48163,78,79,-1,1
48164,143,141,2,2
48165,82,79,3,3
48166,147,155,-8,8
48167,115,111,4,4
48168,107,113,-6,6
48169,60,64,-4,4
48170,95,85,10,10
48171,95,97,-2,2
48172,39,51,-12,12
48173,75,80,-5,5
48174,61,63,-2,2
48175,194,207,-13,13
48176,67,73,-6,6
48177,104,99,5,5
48178,79,81,-2,2
48179,57,74,-17,17
48180,45,51,-6,6
48181,66,71,-5,5
48182,70,72,-2,2
48183,61,73,-12,12
48184,93,88,5,5
48185,104,102,2,2
48186,122,136,-14,14
48187,64,65,-1,1
48188,68,70,-2,2
48189,132,131,1,1
48190,55,56,-1,1
48191,117,116,1,1
48192,89,83,6,6
48193,83,90,-7,7
48194,94,105,-11,11
48195,59,55,4,4
48196,149,139,10,10
48197,77,84,-7,7
48198,92,96,-4,4
48199,84,74,10,10
48200,71,72,-1,1
48201,75,70,5,5
48202,123,116,7,7
48203,108,117,-9,9
48204,90,94,-4,4
48205,99,85,14,14
48206,38,52,-14,14
48207,59,66,-7,7
48208,104,101,3,3
48209,114,125,-11,11
48210,83,85,-2,2
48211,182,161,21,21
48212,89,97,-8,8
48213,77,65,12,12
48214,146,133,13,13
48215,74,75,-1,1
48216,73,68,5,5
48217,71,69,2,2
48218,70,62,8,8
48219,139,140,-1,1
48220,75,64,11,11
48221,110,126,-16,16
48222,106,106,0,0
48223,150,150,0,0
48224,132,126,6,6
48225,108,96,12,12
48226,56,61,-5,5
48227,133,133,0,0
48228,123,108,15,15
48229,58,55,3,3
48230,73,78,-5,5
48231,118,108,10,10
48232,83,82,1,1
48233,66,64,2,2
48234,83,83,0,0
48235,89,91,-2,2
48236,87,95,-8,8
48237,95,92,3,3
48238,57,61,-4,4
48239,124,127,-3,3
48240,136,136,0,0
48241,102,101,1,1
48242,123,124,-1,1
48243,53,54,-1,1
48244,59,64,-5,5
48245,150,131,19,19
48246,140,125,15,15
48247,88,84,4,4
48248,140,131,9,9
48249,86,88,-2,2
48250,106,99,7,7
48251,127,139,-12,12
48252,88,81,7,7
48253,99,107,-8,8
48254,83,83,0,0
48255,81,83,-2,2
48256,151,135,16,16
48257,144,149,-5,5
48258,55,56,-1,1
48259,66,61,5,5
48260,103,100,3,3
48261,100,95,5,5
48262,76,70,6,6
48263,115,111,4,4
48264,135,126,9,9
48265,128,112,16,16
48266,163,148,15,15
48267,81,72,9,9
48268,88,86,2,2
48269,86,112,-26,26
48270,147,135,12,12
48271,179,167,12,12
48272,98,92,6,6
48273,91,88,3,3
48274,145,141,4,4
48275,53,54,-1,1
48276,122,125,-3,3
48277,79,74,5,5
48278,118,129,-11,11
48279,100,86,14,14
48280,76,71,5,5
48281,148,145,3,3
48282,55,85,-30,30
48283,80,82,-2,2
48284,129,138,-9,9
48285,52,58,-6,6
48286,108,107,1,1
48287,71,70,1,1
48288,49,50,-1,1
48289,111,100,11,11
48290,97,88,9,9
48291,106,97,9,9
48292,31,50,-19,19
48293,62,58,4,4
48294,140,157,-17,17
48295,102,95,7,7
48296,68,58,10,10
48297,66,65,1,1
48298,98,102,-4,4
48299,29,50,-21,21
48300,162,157,5,5
48301,68,70,-2,2
48302,39,51,-12,12
48303,61,60,1,1
48304,126,130,-4,4
48305,82,69,13,13
48306,95,86,9,9
48307,86,93,-7,7
48308,91,91,0,0
48309,68,82,-14,14
48310,70,70,0,0
48311,56,52,4,4
48312,113,112,1,1
48313,83,73,10,10
48314,185,169,16,16
48315,133,128,5,5
48316,98,95,3,3
48317,47,56,-9,9
48318,86,82,4,4
48319,115,106,9,9
48320,121,117,4,4
48321,130,133,-3,3
48322,116,116,0,0
48323,55,52,3,3
48324,88,87,1,1
48325,158,156,2,2
48326,208,204,4,4
48327,104,97,7,7
48328,109,107,2,2
48329,94,104,-10,10
48330,49,55,-6,6
48331,66,69,-3,3
48332,135,154,-19,19
48333,112,100,12,12
48334,75,72,3,3
48335,99,94,5,5
48336,98,102,-4,4
48337,77,85,-8,8
48338,108,98,10,10
48339,81,82,-1,1
48340,99,110,-11,11
48341,113,91,22,22
48342,68,75,-7,7
48343,111,119,-8,8
48344,57,63,-6,6
48345,141,127,14,14
48346,96,93,3,3
48347,57,61,-4,4
48348,86,84,2,2
48349,64,83,-19,19
48350,58,55,3,3
48351,68,68,0,0
48352,79,75,4,4
48353,128,125,3,3
48354,133,126,7,7
48355,129,133,-4,4
48356,98,89,9,9
48357,126,110,16,16
48358,68,71,-3,3
48359,98,91,7,7
48360,76,62,14,14
48361,151,133,18,18
48362,143,143,0,0
48363,81,87,-6,6
48364,154,140,14,14
48365,99,101,-2,2
48366,58,61,-3,3
48367,40,50,-10,10
48368,101,101,0,0
48369,88,83,5,5
48370,102,96,6,6
48371,82,79,3,3
48372,80,77,3,3
48373,77,76,1,1
48374,91,88,3,3
48375,133,129,4,4
48376,160,147,13,13
48377,137,133,4,4
48378,110,102,8,8
48379,78,72,6,6
48380,83,81,2,2
48381,68,80,-12,12
48382,85,93,-8,8
48383,90,89,1,1
48384,51,54,-3,3
48385,95,93,2,2
48386,133,122,11,11
48387,63,65,-2,2
48388,64,62,2,2
48389,64,59,5,5
48390,128,129,-1,1
48391,94,100,-6,6
48392,87,84,3,3
48393,49,56,-7,7
48394,66,60,6,6
48395,53,56,-3,3
48396,99,101,-2,2
48397,55,61,-6,6
48398,166,161,5,5
48399,179,164,15,15
48400,100,94,6,6
48401,97,96,1,1
48402,139,127,12,12
48403,59,59,0,0
48404,175,159,16,16
48405,123,125,-2,2
48406,72,74,-2,2
48407,77,87,-10,10
48408,86,78,8,8
48409,52,57,-5,5
48410,122,133,-11,11
48411,83,81,2,2
48412,109,119,-10,10
48413,123,113,10,10
48414,72,73,-1,1
48415,86,83,3,3
48416,97,109,-12,12
48417,98,93,5,5
48418,98,87,11,11
48419,72,67,5,5
48420,160,143,17,17
48421,61,58,3,3
48422,91,92,-1,1
48423,65,60,5,5
48424,145,135,10,10
48425,60,60,0,0
48426,125,116,9,9
48427,57,59,-2,2
48428,117,108,9,9
48429,104,101,3,3
48430,141,131,10,10
48431,65,66,-1,1
48432,78,73,5,5
48433,74,71,3,3
48434,82,82,0,0
48435,83,86,-3,3
48436,79,82,-3,3
48437,79,82,-3,3
48438,73,74,-1,1
48439,154,133,21,21
48440,89,87,2,2
48441,83,90,-7,7
48442,79,79,0,0
48443,167,151,16,16
48444,103,117,-14,14
48445,89,89,0,0
48446,199,180,19,19
48447,63,72,-9,9
48448,67,61,6,6
48449,152,163,-11,11
48450,98,102,-4,4
48451,78,79,-1,1
48452,78,76,2,2
48453,119,127,-8,8
48454,93,98,-5,5
48455,121,123,-2,2
48456,105,90,15,15
48457,184,135,49,49
48458,60,58,2,2
48459,167,146,21,21
48460,51,58,-7,7
48461,114,116,-2,2
48462,59,54,5,5
48463,98,104,-6,6
48464,62,65,-3,3
48465,74,63,11,11
48466,87,83,4,4
48467,84,76,8,8
48468,63,62,1,1
48469,103,92,11,11
48470,133,117,16,16
48471,125,110,15,15
48472,137,138,-1,1
48473,82,74,8,8
48474,145,145,0,0
48475,111,114,-3,3
48476,117,113,4,4
48477,61,59,2,2
48478,107,111,-4,4
48479,127,122,5,5
48480,50,52,-2,2
48481,75,69,6,6
48482,173,165,8,8
48483,162,148,14,14
48484,72,83,-11,11
48485,104,101,3,3
48486,84,79,5,5
48487,84,76,8,8
48488,99,97,2,2
48489,109,106,3,3
48490,125,127,-2,2
48491,100,102,-2,2
48492,108,111,-3,3
48493,118,120,-2,2
48494,70,75,-5,5
48495,67,57,10,10
48496,39,50,-11,11
48497,87,87,0,0
48498,71,81,-10,10
48499,65,65,0,0
48500,185,168,17,17
48501,89,85,4,4
48502,94,92,2,2
48503,68,67,1,1
48504,66,60,6,6
48505,126,120,6,6
48506,99,102,-3,3
48507,100,100,0,0
48508,85,76,9,9
48509,38,53,-15,15
48510,170,158,12,12
48511,109,95,14,14
48512,90,82,8,8
48513,58,59,-1,1
48514,52,57,-5,5
48515,162,173,-11,11
48516,60,62,-2,2
48517,99,94,5,5
48518,80,74,6,6
48519,82,95,-13,13
48520,112,110,2,2
48521,81,75,6,6
48522,112,129,-17,17
48523,160,147,13,13
48524,44,51,-7,7
48525,60,64,-4,4
48526,87,77,10,10
48527,66,58,8,8
48528,54,55,-1,1
48529,158,136,22,22
48530,125,122,3,3
48531,61,63,-2,2
48532,179,165,14,14
48533,174,146,28,28
48534,86,103,-17,17
48535,86,97,-11,11
48536,79,102,-23,23
48537,60,57,3,3
48538,78,73,5,5
48539,128,129,-1,1
48540,111,105,6,6
48541,98,95,3,3
48542,142,120,22,22
48543,65,62,3,3
48544,142,127,15,15
48545,176,171,5,5
48546,88,82,6,6
48547,165,161,4,4
48548,85,90,-5,5
48549,85,78,7,7
48550,88,91,-3,3
48551,97,106,-9,9
48552,125,122,3,3
48553,99,95,4,4
48554,83,77,6,6
48555,97,89,8,8
48556,96,94,2,2
48557,62,66,-4,4
48558,99,109,-10,10
48559,57,58,-1,1
48560,77,84,-7,7
48561,77,80,-3,3
48562,104,126,-22,22
48563,114,106,8,8
48564,94,89,5,5
48565,67,83,-16,16
48566,112,106,6,6
48567,128,119,9,9
48568,93,94,-1,1
48569,115,122,-7,7
48570,63,59,4,4
48571,67,76,-9,9
48572,136,138,-2,2
48573,96,107,-11,11
48574,97,108,-11,11
48575,97,107,-10,10
48576,100,99,1,1
48577,60,63,-3,3
48578,155,176,-21,21
48579,80,90,-10,10
48580,92,107,-15,15
48581,130,125,5,5
48582,139,124,15,15
48583,121,118,3,3
48584,58,63,-5,5
48585,73,77,-4,4
48586,98,95,3,3
48587,95,98,-3,3
48588,126,115,11,11
48589,112,108,4,4
48590,82,88,-6,6
48591,105,98,7,7
48592,68,80,-12,12
48593,67,79,-12,12
48594,121,121,0,0
48595,164,139,25,25
48596,107,110,-3,3
48597,110,106,4,4
48598,125,124,1,1
48599,71,69,2,2
48600,77,82,-5,5
48601,97,96,1,1
48602,114,122,-8,8
48603,140,139,1,1
48604,57,65,-8,8
48605,99,98,1,1
48606,99,94,5,5
48607,52,53,-1,1
48608,83,77,6,6
48609,173,242,-69,69
48610,94,101,-7,7
48611,47,53,-6,6
48612,58,62,-4,4
48613,61,72,-11,11
48614,82,96,-14,14
48615,53,65,-12,12
48616,53,57,-4,4
48617,77,72,5,5
48618,88,97,-9,9
48619,74,74,0,0
48620,74,67,7,7
48621,150,141,9,9
48622,135,140,-5,5
48623,176,177,-1,1
48624,53,57,-4,4
48625,140,137,3,3
48626,106,112,-6,6
48627,189,169,20,20
48628,104,117,-13,13
48629,71,84,-13,13
48630,66,61,5,5
48631,82,89,-7,7
48632,111,121,-10,10
48633,114,98,16,16
48634,140,137,3,3
48635,95,102,-7,7
48636,152,145,7,7
48637,101,110,-9,9
48638,67,61,6,6
48639,47,58,-11,11
48640,73,80,-7,7
48641,84,103,-19,19
48642,92,83,9,9
48643,157,155,2,2
48644,128,133,-5,5
48645,96,111,-15,15
48646,91,89,2,2
48647,92,89,3,3
48648,132,127,5,5
48649,170,162,8,8
48650,103,89,14,14
48651,46,53,-7,7
48652,123,111,12,12
48653,91,77,14,14
48654,111,112,-1,1
48655,144,141,3,3
48656,73,78,-5,5
48657,116,107,9,9
48658,137,142,-5,5
48659,131,123,8,8
48660,37,50,-13,13
48661,84,87,-3,3
48662,91,87,4,4
48663,175,173,2,2
48664,137,137,0,0
48665,91,82,9,9
48666,41,51,-10,10
48667,88,79,9,9
48668,86,82,4,4
48669,67,70,-3,3
48670,181,166,15,15
48671,108,104,4,4
48672,51,55,-4,4
48673,145,138,7,7
48674,87,87,0,0
48675,42,50,-8,8
48676,92,90,2,2
48677,196,177,19,19
48678,43,50,-7,7
48679,108,109,-1,1
48680,131,119,12,12
48681,105,112,-7,7
48682,77,81,-4,4
48683,80,81,-1,1
48684,144,136,8,8
48685,120,132,-12,12
48686,70,70,0,0
48687,62,62,0,0
48688,40,50,-10,10
48689,80,73,7,7
48690,93,87,6,6
48691,41,52,-11,11
48692,90,93,-3,3
48693,82,78,4,4
48694,85,85,0,0
48695,103,97,6,6
48696,119,111,8,8
48697,65,62,3,3
48698,85,79,6,6
48699,114,108,6,6
48700,95,93,2,2
48701,39,50,-11,11
48702,89,86,3,3
48703,116,115,1,1
48704,133,136,-3,3
48705,76,78,-2,2
48706,146,130,16,16
48707,55,60,-5,5
48708,170,164,6,6
48709,76,71,5,5
48710,89,90,-1,1
48711,76,98,-22,22
48712,107,97,10,10
48713,69,64,5,5
48714,94,104,-10,10
48715,106,103,3,3
48716,91,80,11,11
48717,158,158,0,0
48718,110,108,2,2
48719,69,69,0,0
48720,90,83,7,7
48721,99,92,7,7
48722,74,72,2,2
48723,94,97,-3,3
48724,70,66,4,4
48725,81,93,-12,12
48726,136,142,-6,6
48727,89,92,-3,3
48728,113,117,-4,4
48729,110,101,9,9
48730,137,137,0,0
48731,100,99,1,1
48732,114,105,9,9
48733,122,105,17,17
48734,27,50,-23,23
48735,105,110,-5,5
48736,65,71,-6,6
48737,120,128,-8,8
48738,68,72,-4,4
48739,158,148,10,10
48740,76,83,-7,7
48741,123,120,3,3
48742,71,64,7,7
48743,86,90,-4,4
48744,68,76,-8,8
48745,118,114,4,4
48746,36,50,-14,14
48747,26,50,-24,24
48748,55,57,-2,2
48749,87,88,-1,1
48750,117,110,7,7
48751,36,50,-14,14
48752,112,99,13,13
48753,73,68,5,5
48754,93,91,2,2
48755,122,112,10,10
48756,117,115,2,2
48757,116,128,-12,12
48758,95,92,3,3
48759,51,52,-1,1
48760,81,78,3,3
48761,88,73,15,15
48762,62,59,3,3
48763,84,64,20,20
48764,69,75,-6,6
48765,62,62,0,0
48766,101,106,-5,5
48767,112,112,0,0
48768,182,164,18,18
48769,51,57,-6,6
48770,89,85,4,4
48771,123,126,-3,3
48772,91,89,2,2
48773,67,71,-4,4
48774,150,130,20,20
48775,61,67,-6,6
48776,107,103,4,4
48777,53,56,-3,3
48778,79,83,-4,4
48779,143,153,-10,10
48780,115,121,-6,6
48781,66,67,-1,1
48782,104,103,1,1
48783,154,160,-6,6
48784,96,89,7,7
48785,165,165,0,0
48786,124,126,-2,2
48787,108,105,3,3
48788,106,112,-6,6
48789,124,127,-3,3
48790,91,96,-5,5
48791,98,116,-18,18
48792,74,81,-7,7
48793,146,149,-3,3
48794,136,138,-2,2
48795,96,112,-16,16
48796,117,115,2,2
48797,113,107,6,6
48798,118,110,8,8
48799,151,142,9,9
48800,157,155,2,2
48801,98,85,13,13
48802,136,136,0,0
48803,119,135,-16,16
48804,66,63,3,3
48805,144,136,8,8
48806,118,118,0,0
48807,186,182,4,4
48808,91,93,-2,2
48809,99,97,2,2
48810,78,82,-4,4
48811,81,87,-6,6
48812,77,84,-7,7
48813,51,55,-4,4
48814,81,83,-2,2
48815,110,109,1,1
48816,83,82,1,1
48817,75,89,-14,14
48818,73,74,-1,1
48819,113,112,1,1
48820,84,75,9,9
48821,94,92,2,2
48822,77,92,-15,15
48823,101,95,6,6
48824,100,88,12,12
48825,68,62,6,6
48826,65,71,-6,6
48827,159,158,1,1
48828,66,78,-12,12
48829,149,124,25,25
48830,81,98,-17,17
48831,56,58,-2,2
48832,149,164,-15,15
48833,56,58,-2,2
48834,110,107,3,3
48835,61,63,-2,2
48836,57,52,5,5
48837,107,109,-2,2
48838,58,58,0,0
48839,106,108,-2,2
48840,145,126,19,19
48841,70,74,-4,4
48842,115,116,-1,1
48843,106,86,20,20
48844,144,136,8,8
48845,129,116,13,13
48846,127,120,7,7
48847,223,190,33,33
48848,147,148,-1,1
48849,95,88,7,7
48850,34,50,-16,16
48851,66,60,6,6
48852,88,88,0,0
48853,91,83,8,8
48854,90,82,8,8
48855,131,128,3,3
48856,61,65,-4,4
48857,66,63,3,3
48858,125,135,-10,10
48859,69,65,4,4
48860,73,78,-5,5
48861,87,88,-1,1
48862,89,89,0,0
48863,69,73,-4,4
48864,114,113,1,1
48865,64,66,-2,2
48866,146,135,11,11
48867,93,96,-3,3
48868,54,57,-3,3
48869,171,180,-9,9
48870,63,62,1,1
48871,70,76,-6,6
48872,61,63,-2,2
48873,75,71,4,4
48874,158,141,17,17
48875,65,76,-11,11
48876,93,94,-1,1
48877,97,89,8,8
48878,126,104,22,22
48879,122,120,2,2
48880,128,139,-11,11
48881,109,106,3,3
48882,90,83,7,7
48883,167,163,4,4
48884,79,67,12,12
48885,56,60,-4,4
48886,117,111,6,6
48887,80,78,2,2
48888,48,53,-5,5
48889,72,71,1,1
48890,69,68,1,1
48891,105,101,4,4
48892,103,97,6,6
48893,94,93,1,1
48894,91,83,8,8
48895,117,113,4,4
48896,168,181,-13,13
48897,60,62,-2,2
48898,93,102,-9,9
48899,110,104,6,6
48900,61,59,2,2
48901,133,127,6,6
48902,124,102,22,22
48903,131,131,0,0
48904,81,82,-1,1
48905,78,73,5,5
48906,117,110,7,7
48907,116,112,4,4
48908,75,80,-5,5
48909,50,56,-6,6
48910,76,70,6,6
48911,120,114,6,6
48912,96,94,2,2
48913,99,121,-22,22
48914,163,154,9,9
48915,136,126,10,10
48916,150,139,11,11
48917,87,97,-10,10
48918,116,114,2,2
48919,127,123,4,4
48920,73,69,4,4
48921,110,109,1,1
48922,65,66,-1,1
48923,74,74,0,0
48924,98,93,5,5
48925,74,71,3,3
48926,105,105,0,0
48927,92,94,-2,2
48928,80,84,-4,4
48929,111,110,1,1
48930,93,91,2,2
48931,69,68,1,1
48932,76,73,3,3
48933,59,58,1,1
48934,127,123,4,4
48935,45,55,-10,10
48936,100,79,21,21
48937,111,113,-2,2
48938,165,202,-37,37
48939,161,175,-14,14
48940,108,111,-3,3
48941,85,88,-3,3
48942,131,134,-3,3
48943,28,50,-22,22
48944,92,83,9,9
48945,55,57,-2,2
48946,134,126,8,8
48947,112,104,8,8
48948,123,109,14,14
48949,137,134,3,3
48950,72,82,-10,10
48951,116,107,9,9
48952,136,131,5,5
48953,122,121,1,1
48954,120,118,2,2
48955,85,78,7,7
48956,98,103,-5,5
48957,108,124,-16,16
48958,95,98,-3,3
48959,71,70,1,1
48960,160,147,13,13
48961,112,114,-2,2
48962,98,105,-7,7
48963,72,68,4,4
48964,102,102,0,0
48965,95,88,7,7
48966,130,121,9,9
48967,96,95,1,1
48968,123,117,6,6
48969,100,108,-8,8
48970,172,169,3,3
48971,55,56,-1,1
48972,60,72,-12,12
48973,101,106,-5,5
48974,90,104,-14,14
48975,76,85,-9,9
48976,80,79,1,1
48977,100,111,-11,11
48978,61,63,-2,2
48979,75,75,0,0
48980,81,102,-21,21
48981,121,119,2,2
48982,81,84,-3,3
48983,139,141,-2,2
48984,86,74,12,12
48985,94,89,5,5
48986,121,118,3,3
48987,83,74,9,9
48988,127,127,0,0
48989,49,62,-13,13
48990,83,92,-9,9
48991,76,73,3,3
48992,113,106,7,7
48993,73,68,5,5
48994,85,82,3,3
48995,97,94,3,3
48996,82,78,4,4
48997,103,104,-1,1
48998,68,68,0,0
48999,65,67,-2,2
49000,46,59,-13,13
49001,108,101,7,7
49002,96,106,-10,10
49003,133,129,4,4
49004,97,94,3,3
49005,62,55,7,7
49006,95,99,-4,4
49007,132,120,12,12
49008,164,153,11,11
49009,62,59,3,3
49010,81,81,0,0
49011,91,93,-2,2
49012,73,72,1,1
49013,73,70,3,3
49014,105,112,-7,7
49015,75,75,0,0
49016,73,62,11,11
49017,94,100,-6,6
49018,112,120,-8,8
49019,107,96,11,11
49020,79,74,5,5
49021,128,132,-4,4
49022,100,93,7,7
49023,68,69,-1,1
49024,84,71,13,13
49025,115,130,-15,15
49026,68,68,0,0
49027,50,52,-2,2
49028,80,86,-6,6
49029,71,75,-4,4
49030,115,113,2,2
49031,103,114,-11,11
49032,112,107,5,5
49033,95,90,5,5
49034,132,131,1,1
49035,108,107,1,1
49036,89,98,-9,9
49037,96,89,7,7
49038,110,107,3,3
49039,103,158,-55,55
49040,113,96,17,17
49041,72,79,-7,7
49042,85,90,-5,5
49043,106,111,-5,5
49044,101,99,2,2
49045,117,130,-13,13
49046,67,76,-9,9
49047,82,82,0,0
49048,61,62,-1,1
49049,64,61,3,3
49050,86,89,-3,3
49051,89,88,1,1
49052,49,52,-3,3
49053,136,116,20,20
49054,137,138,-1,1
49055,79,67,12,12
49056,127,114,13,13
49057,130,125,5,5
49058,119,129,-10,10
49059,83,73,10,10
49060,98,99,-1,1
49061,124,119,5,5
49062,72,86,-14,14
49063,114,122,-8,8
49064,144,135,9,9
49065,117,108,9,9
49066,68,67,1,1
49067,41,51,-10,10
49068,88,94,-6,6
49069,156,145,11,11
49070,85,82,3,3
49071,99,97,2,2
49072,71,85,-14,14
49073,152,140,12,12
49074,86,80,6,6
49075,95,86,9,9
49076,100,98,2,2
49077,99,99,0,0
49078,137,109,28,28
49079,78,70,8,8
49080,142,129,13,13
49081,80,90,-10,10
49082,70,69,1,1
49083,112,105,7,7
49084,116,120,-4,4
49085,76,80,-4,4
49086,128,120,8,8
49087,101,96,5,5
49088,111,109,2,2
49089,71,70,1,1
49090,129,124,5,5
49091,170,160,10,10
49092,136,115,21,21
49093,105,96,9,9
49094,117,108,9,9
49095,102,97,5,5
49096,77,80,-3,3
49097,103,112,-9,9
49098,53,56,-3,3
49099,94,102,-8,8
49100,73,64,9,9
49101,65,64,1,1
49102,107,125,-18,18
49103,78,87,-9,9
49104,83,75,8,8
49105,117,115,2,2
49106,33,50,-17,17
49107,97,98,-1,1
49108,119,117,2,2
49109,74,70,4,4
49110,96,91,5,5
49111,113,117,-4,4
49112,68,81,-13,13
49113,78,73,5,5
49114,123,101,22,22
49115,121,127,-6,6
49116,74,71,3,3
49117,100,94,6,6
49118,71,71,0,0
49119,46,51,-5,5
49120,90,93,-3,3
49121,63,75,-12,12
49122,94,103,-9,9
49123,83,87,-4,4
49124,86,91,-5,5
49125,116,119,-3,3
49126,107,101,6,6
49127,111,123,-12,12
49128,211,190,21,21
49129,71,66,5,5
49130,57,67,-10,10
49131,135,126,9,9
49132,111,110,1,1
49133,97,91,6,6
49134,139,136,3,3
49135,96,98,-2,2
49136,91,89,2,2
49137,131,131,0,0
49138,134,127,7,7
49139,81,82,-1,1
49140,123,117,6,6
49141,122,128,-6,6
49142,149,144,5,5
49143,122,110,12,12
49144,114,110,4,4
49145,112,102,10,10
49146,110,102,8,8
49147,111,115,-4,4
49148,50,52,-2,2
49149,52,54,-2,2
49150,119,127,-8,8
49151,67,66,1,1
49152,135,136,-1,1
49153,81,70,11,11
49154,122,107,15,15
49155,130,130,0,0
49156,60,64,-4,4
49157,108,119,-11,11
49158,97,97,0,0
49159,50,55,-5,5
49160,77,69,8,8
49161,106,97,9,9
49162,100,105,-5,5
49163,70,75,-5,5
49164,99,102,-3,3
49165,108,110,-2,2
49166,138,127,11,11
49167,132,132,0,0
49168,73,79,-6,6
49169,73,81,-8,8
49170,111,101,10,10
49171,101,101,0,0
49172,123,122,1,1
49173,80,123,-43,43
49174,56,52,4,4
49175,101,94,7,7
49176,119,121,-2,2
49177,125,142,-17,17
49178,107,105,2,2
49179,141,138,3,3
49180,110,125,-15,15
49181,91,82,9,9
49182,67,65,2,2
49183,91,91,0,0
49184,62,63,-1,1
49185,66,60,6,6
49186,51,73,-22,22
49187,26,50,-24,24
49188,112,112,0,0
49189,85,77,8,8
49190,173,157,16,16
49191,65,59,6,6
49192,71,73,-2,2
49193,48,69,-21,21
49194,113,118,-5,5
49195,111,112,-1,1
49196,76,80,-4,4
49197,72,71,1,1
49198,104,97,7,7
49199,113,109,4,4
49200,80,78,2,2
49201,129,134,-5,5
49202,80,76,4,4
49203,99,101,-2,2
49204,98,105,-7,7
49205,186,180,6,6
49206,84,86,-2,2
49207,46,52,-6,6
49208,81,94,-13,13
49209,62,59,3,3
49210,85,83,2,2
49211,63,60,3,3
49212,114,120,-6,6
49213,91,90,1,1
49214,100,114,-14,14
49215,53,54,-1,1
49216,127,112,15,15
49217,93,85,8,8
49218,59,62,-3,3
49219,52,52,0,0
49220,100,96,4,4
49221,73,77,-4,4
49222,110,112,-2,2
49223,88,75,13,13
49224,87,87,0,0
49225,53,53,0,0
49226,96,96,0,0
49227,70,85,-15,15
49228,80,91,-11,11
49229,80,79,1,1
49230,78,73,5,5
49231,45,50,-5,5
49232,97,92,5,5
49233,172,161,11,11
49234,92,94,-2,2
49235,72,73,-1,1
49236,125,133,-8,8
49237,72,69,3,3
49238,156,149,7,7
49239,61,62,-1,1
49240,118,122,-4,4
49241,89,114,-25,25
49242,126,107,19,19
49243,121,109,12,12
49244,63,75,-12,12
49245,96,87,9,9
49246,123,112,11,11
49247,80,87,-7,7
49248,120,118,2,2
49249,75,79,-4,4
49250,128,125,3,3
49251,166,159,7,7
49252,129,123,6,6
49253,74,81,-7,7
49254,70,77,-7,7
49255,75,75,0,0
49256,115,97,18,18
49257,109,107,2,2
49258,86,83,3,3
49259,90,92,-2,2
49260,95,91,4,4
49261,102,111,-9,9
49262,178,166,12,12
49263,140,130,10,10
49264,148,144,4,4
49265,75,79,-4,4
49266,94,86,8,8
49267,83,87,-4,4
49268,184,176,8,8
49269,98,91,7,7
49270,36,50,-14,14
49271,68,67,1,1
49272,88,84,4,4
49273,71,68,3,3
49274,80,73,7,7
49275,81,77,4,4
49276,98,107,-9,9
49277,99,89,10,10
49278,41,52,-11,11
49279,51,63,-12,12
49280,161,153,8,8
49281,76,75,1,1
49282,103,99,4,4
49283,86,81,5,5
49284,111,107,4,4
49285,132,122,10,10
49286,91,86,5,5
49287,114,98,16,16
49288,106,98,8,8
49289,140,138,2,2
49290,54,54,0,0
49291,231,205,26,26
49292,74,74,0,0
49293,59,59,0,0
49294,149,134,15,15
49295,98,90,8,8
49296,96,92,4,4
49297,98,104,-6,6
49298,29,50,-21,21
49299,80,77,3,3
49300,115,108,7,7
49301,75,69,6,6
49302,93,94,-1,1
49303,86,85,1,1
49304,67,57,10,10
49305,56,54,2,2
49306,120,120,0,0
49307,188,167,21,21
49308,31,50,-19,19
49309,51,61,-10,10
49310,55,55,0,0
49311,81,85,-4,4
49312,75,78,-3,3
49313,63,66,-3,3
49314,85,84,1,1
49315,32,50,-18,18
49316,83,88,-5,5
49317,86,91,-5,5
49318,122,105,17,17
49319,46,53,-7,7
49320,122,113,9,9
49321,101,101,0,0
49322,55,66,-11,11
49323,80,84,-4,4
49324,106,105,1,1
49325,79,90,-11,11
49326,143,146,-3,3
49327,124,126,-2,2
49328,128,127,1,1
49329,88,95,-7,7
49330,98,101,-3,3
49331,207,188,19,19
49332,133,122,11,11
49333,46,51,-5,5
49334,115,123,-8,8
49335,75,61,14,14
49336,93,90,3,3
49337,99,105,-6,6
49338,107,110,-3,3
49339,99,96,3,3
49340,78,78,0,0
49341,104,93,11,11
49342,112,118,-6,6
49343,75,77,-2,2
49344,84,88,-4,4
49345,87,94,-7,7
49346,83,77,6,6
49347,151,139,12,12
49348,23,51,-28,28
49349,168,156,12,12
49350,62,66,-4,4
49351,65,61,4,4
49352,68,69,-1,1
49353,110,112,-2,2
49354,159,141,18,18
49355,44,51,-7,7
49356,144,138,6,6
49357,71,70,1,1
49358,71,63,8,8
49359,131,108,23,23
49360,148,96,52,52
49361,116,118,-2,2
49362,117,103,14,14
49363,116,133,-17,17
49364,95,89,6,6
49365,59,70,-11,11
49366,41,50,-9,9
49367,80,86,-6,6
49368,66,71,-5,5
49369,98,86,12,12
49370,186,175,11,11
49371,109,100,9,9
49372,97,126,-29,29
49373,74,65,9,9
49374,113,114,-1,1
49375,61,57,4,4
49376,108,109,-1,1
49377,123,113,10,10
49378,78,79,-1,1
49379,57,62,-5,5
49380,42,54,-12,12
49381,118,128,-10,10
49382,59,56,3,3
49383,96,105,-9,9
49384,69,71,-2,2
49385,94,82,12,12
49386,84,92,-8,8
49387,182,182,0,0
49388,44,51,-7,7
49389,74,84,-10,10
49390,84,73,11,11
49391,173,154,19,19
49392,73,81,-8,8
49393,67,66,1,1
49394,84,89,-5,5
49395,106,104,2,2
49396,80,85,-5,5
49397,79,92,-13,13
49398,61,57,4,4
49399,73,79,-6,6
49400,50,52,-2,2
49401,94,94,0,0
49402,86,94,-8,8
49403,71,67,4,4
49404,60,70,-10,10
49405,126,123,3,3
49406,60,58,2,2
49407,65,59,6,6
49408,83,81,2,2
49409,47,50,-3,3
49410,234,195,39,39
49411,101,84,17,17
49412,111,109,2,2
49413,65,59,6,6
49414,50,58,-8,8
49415,63,70,-7,7
49416,121,129,-8,8
49417,63,51,12,12
49418,105,99,6,6
49419,51,57,-6,6
49420,85,75,10,10
49421,154,134,20,20
49422,130,121,9,9
49423,95,94,1,1
49424,55,54,1,1
49425,95,97,-2,2
49426,154,148,6,6
49427,109,104,5,5
49428,57,65,-8,8
49429,109,106,3,3
49430,125,115,10,10
49431,85,77,8,8
49432,76,68,8,8
49433,66,79,-13,13
49434,89,83,6,6
49435,64,61,3,3
49436,46,60,-14,14
49437,79,80,-1,1
49438,114,115,-1,1
49439,73,69,4,4
49440,130,130,0,0
49441,78,71,7,7
49442,62,68,-6,6
49443,49,51,-2,2
49444,65,70,-5,5
49445,66,66,0,0
49446,72,79,-7,7
49447,81,81,0,0
49448,131,131,0,0
49449,113,113,0,0
49450,103,101,2,2
49451,60,59,1,1
49452,61,58,3,3
49453,62,59,3,3
49454,79,77,2,2
49455,111,126,-15,15
49456,108,106,2,2
49457,124,101,23,23
49458,93,101,-8,8
49459,121,125,-4,4
49460,49,51,-2,2
49461,72,78,-6,6
49462,86,69,17,17
49463,64,64,0,0
49464,95,80,15,15
49465,108,112,-4,4
49466,148,142,6,6
49467,71,63,8,8
49468,85,101,-16,16
49469,72,76,-4,4
49470,107,107,0,0
49471,121,108,13,13
49472,119,121,-2,2
49473,81,104,-23,23
49474,94,96,-2,2
49475,147,123,24,24
49476,101,101,0,0
49477,106,109,-3,3
49478,59,61,-2,2
49479,70,67,3,3
49480,52,53,-1,1
49481,89,78,11,11
49482,128,126,2,2
49483,111,116,-5,5
49484,146,142,4,4
49485,49,53,-4,4
49486,110,102,8,8
49487,119,105,14,14
49488,96,100,-4,4
49489,119,115,4,4
49490,140,134,6,6
49491,124,123,1,1
49492,90,81,9,9
49493,68,70,-2,2
49494,92,102,-10,10
49495,163,152,11,11
49496,77,69,8,8
49497,103,98,5,5
49498,126,109,17,17
49499,70,74,-4,4
49500,127,118,9,9
49501,76,80,-4,4
49502,138,132,6,6
49503,88,95,-7,7
49504,58,80,-22,22
49505,68,65,3,3
49506,146,144,2,2
49507,139,138,1,1
49508,71,78,-7,7
49509,143,133,10,10
49510,123,105,18,18
49511,55,58,-3,3
49512,93,93,0,0
49513,74,78,-4,4
49514,122,116,6,6
49515,79,82,-3,3
49516,75,74,1,1
49517,72,83,-11,11
49518,122,122,0,0
49519,82,81,1,1
49520,66,66,0,0
49521,67,67,0,0
49522,62,62,0,0
49523,108,97,11,11
49524,82,86,-4,4
49525,93,97,-4,4
49526,57,59,-2,2
49527,73,78,-5,5
49528,116,100,16,16
49529,97,89,8,8
49530,107,106,1,1
49531,69,68,1,1
49532,118,114,4,4
49533,112,112,0,0
49534,75,79,-4,4
49535,128,134,-6,6
49536,96,97,-1,1
49537,81,83,-2,2
49538,149,141,8,8
49539,65,66,-1,1
49540,28,50,-22,22
49541,92,91,1,1
49542,82,73,9,9
49543,65,76,-11,11
49544,130,127,3,3
49545,85,84,1,1
49546,105,105,0,0
49547,119,119,0,0
49548,124,113,11,11
49549,89,87,2,2
49550,52,54,-2,2
49551,95,88,7,7
49552,111,125,-14,14
49553,110,93,17,17
49554,104,104,0,0
49555,107,116,-9,9
49556,79,76,3,3
49557,98,88,10,10
49558,113,114,-1,1
49559,59,60,-1,1
49560,86,81,5,5
49561,40,50,-10,10
49562,59,56,3,3
49563,108,107,1,1
49564,49,60,-11,11
49565,86,76,10,10
49566,84,74,10,10
49567,93,92,1,1
49568,74,72,2,2
49569,73,74,-1,1
49570,89,95,-6,6
49571,83,89,-6,6
49572,94,97,-3,3
49573,103,97,6,6
49574,117,127,-10,10
49575,162,152,10,10
49576,72,81,-9,9
49577,107,113,-6,6
49578,122,116,6,6
49579,108,108,0,0
49580,96,79,17,17
49581,98,93,5,5
49582,111,114,-3,3
49583,51,52,-1,1
49584,70,80,-10,10
49585,64,65,-1,1
49586,47,51,-4,4
49587,45,51,-6,6
49588,69,90,-21,21
49589,91,91,0,0
49590,77,65,12,12
49591,83,80,3,3
49592,73,68,5,5
49593,70,67,3,3
49594,228,183,45,45
49595,50,56,-6,6
49596,69,69,0,0
49597,88,83,5,5
49598,76,76,0,0
49599,80,76,4,4
49600,73,72,1,1
49601,86,86,0,0
49602,103,126,-23,23
49603,135,128,7,7
49604,75,83,-8,8
49605,78,80,-2,2
49606,114,100,14,14
49607,112,111,1,1
49608,66,70,-4,4
49609,94,87,7,7
49610,86,77,9,9
49611,86,79,7,7
49612,115,122,-7,7
49613,81,76,5,5
49614,96,104,-8,8
49615,100,89,11,11
49616,137,133,4,4
49617,71,70,1,1
49618,77,74,3,3
49619,102,99,3,3
49620,83,87,-4,4
49621,87,88,-1,1
49622,123,104,19,19
49623,65,70,-5,5
49624,59,66,-7,7
49625,98,96,2,2
49626,127,135,-8,8
49627,141,127,14,14
49628,55,56,-1,1
49629,63,66,-3,3
49630,102,96,6,6
49631,63,69,-6,6
49632,108,100,8,8
49633,105,104,1,1
49634,57,51,6,6
49635,64,53,11,11
49636,83,81,2,2
49637,97,96,1,1
49638,97,98,-1,1
49639,84,95,-11,11
49640,117,116,1,1
49641,99,91,8,8
49642,106,104,2,2
49643,101,97,4,4
49644,91,84,7,7
49645,131,123,8,8
49646,162,158,4,4
49647,81,80,1,1
49648,56,63,-7,7
49649,120,108,12,12
49650,103,94,9,9
49651,43,50,-7,7
49652,59,60,-1,1
49653,90,86,4,4
49654,116,110,6,6
49655,55,51,4,4
49656,97,90,7,7
49657,99,93,6,6
49658,52,58,-6,6
49659,32,50,-18,18
49660,91,101,-10,10
49661,92,89,3,3
49662,52,56,-4,4
49663,159,145,14,14
49664,144,131,13,13
49665,115,115,0,0
49666,44,54,-10,10
49667,114,119,-5,5
49668,183,169,14,14
49669,94,91,3,3
49670,82,96,-14,14
49671,85,70,15,15
49672,71,67,4,4
49673,151,139,12,12
49674,98,95,3,3
49675,116,114,2,2
49676,108,101,7,7
49677,85,86,-1,1
49678,96,102,-6,6
49679,94,107,-13,13
49680,59,61,-2,2
49681,81,80,1,1
49682,125,123,2,2
49683,64,69,-5,5
49684,106,99,7,7
49685,89,89,0,0
49686,91,83,8,8
49687,72,60,12,12
49688,69,76,-7,7
49689,94,76,18,18
49690,133,123,10,10
49691,115,114,1,1
49692,92,88,4,4
49693,171,155,16,16
49694,108,106,2,2
49695,102,95,7,7
49696,133,142,-9,9
49697,89,76,13,13
49698,93,89,4,4
49699,39,66,-27,27
49700,119,111,8,8
49701,116,114,2,2
49702,71,59,12,12
49703,121,126,-5,5
49704,109,105,4,4
49705,121,105,16,16
49706,87,93,-6,6
49707,73,86,-13,13
49708,103,92,11,11
49709,50,52,-2,2
49710,53,57,-4,4
49711,94,95,-1,1
49712,143,152,-9,9
49713,68,63,5,5
49714,148,135,13,13
49715,54,52,2,2
49716,121,110,11,11
49717,116,115,1,1
49718,91,102,-11,11
49719,74,70,4,4
49720,68,66,2,2
49721,129,128,1,1
49722,69,62,7,7
49723,43,52,-9,9
49724,125,117,8,8
49725,101,110,-9,9
49726,188,163,25,25
49727,135,122,13,13
49728,57,60,-3,3
49729,96,98,-2,2
49730,68,63,5,5
49731,154,140,14,14
49732,101,106,-5,5
49733,48,54,-6,6
49734,62,75,-13,13
49735,182,167,15,15
49736,83,77,6,6
49737,52,55,-3,3
49738,97,81,16,16
49739,108,96,12,12
49740,90,96,-6,6
49741,88,80,8,8
49742,109,110,-1,1
49743,84,96,-12,12
49744,93,104,-11,11
49745,87,83,4,4
49746,75,75,0,0
49747,77,78,-1,1
49748,159,144,15,15
49749,56,56,0,0
49750,135,117,18,18
49751,42,50,-8,8
49752,42,50,-8,8
49753,82,96,-14,14
49754,106,109,-3,3
49755,98,106,-8,8
49756,59,62,-3,3
49757,158,138,20,20
49758,109,114,-5,5
49759,93,94,-1,1
49760,174,162,12,12
49761,91,91,0,0
49762,138,116,22,22
49763,104,98,6,6
49764,92,97,-5,5
49765,67,72,-5,5
49766,87,92,-5,5
49767,135,124,11,11
49768,102,91,11,11
49769,164,154,10,10
49770,67,72,-5,5
49771,106,83,23,23
49772,88,98,-10,10
49773,109,109,0,0
49774,97,85,12,12
49775,49,55,-6,6
49776,124,118,6,6
49777,64,60,4,4
49778,160,147,13,13
49779,108,108,0,0
49780,71,67,4,4
49781,108,101,7,7
49782,87,86,1,1
49783,181,166,15,15
49784,100,94,6,6
49785,52,51,1,1
49786,128,124,4,4
49787,84,77,7,7
49788,123,112,11,11
49789,131,128,3,3
49790,113,118,-5,5
49791,127,128,-1,1
49792,85,90,-5,5
49793,71,71,0,0
49794,108,110,-2,2
49795,74,68,6,6
49796,160,147,13,13
49797,72,79,-7,7
49798,75,71,4,4
49799,122,123,-1,1
49800,85,86,-1,1
49801,74,81,-7,7
49802,44,73,-29,29
49803,110,124,-14,14
49804,64,70,-6,6
49805,40,52,-12,12
49806,124,117,7,7
49807,88,89,-1,1
49808,123,118,5,5
49809,122,125,-3,3
49810,122,122,0,0
49811,104,96,8,8
49812,100,104,-4,4
49813,83,75,8,8
49814,50,55,-5,5
49815,93,91,2,2
49816,91,86,5,5
49817,78,80,-2,2
49818,121,111,10,10
49819,90,86,4,4
49820,53,57,-4,4
49821,112,107,5,5
49822,82,82,0,0
49823,167,154,13,13
49824,97,91,6,6
49825,63,60,3,3
49826,112,111,1,1
49827,102,86,16,16
49828,78,79,-1,1
49829,124,121,3,3
49830,60,56,4,4
49831,59,54,5,5
49832,55,63,-8,8
49833,154,143,11,11
49834,86,87,-1,1
49835,102,94,8,8
49836,70,75,-5,5
49837,47,52,-5,5
49838,79,60,19,19
49839,62,59,3,3
49840,114,135,-21,21
49841,117,104,13,13
49842,60,59,1,1
49843,86,76,10,10
49844,152,152,0,0
49845,168,167,1,1
49846,124,134,-10,10
49847,60,58,2,2
49848,125,114,11,11
49849,62,68,-6,6
49850,88,92,-4,4
49851,66,64,2,2
49852,175,156,19,19
49853,88,89,-1,1
49854,45,56,-11,11
49855,74,69,5,5
49856,135,130,5,5
49857,106,101,5,5
49858,130,116,14,14
49859,79,86,-7,7
49860,81,79,2,2
49861,65,75,-10,10
49862,107,95,12,12
49863,97,90,7,7
49864,76,86,-10,10
49865,116,103,13,13
49866,59,58,1,1
49867,54,62,-8,8
49868,98,97,1,1
49869,128,146,-18,18
49870,106,103,3,3
49871,78,79,-1,1
49872,131,133,-2,2
49873,69,64,5,5
49874,153,159,-6,6
49875,71,74,-3,3
49876,67,69,-2,2
49877,107,101,6,6
49878,75,98,-23,23
49879,87,90,-3,3
49880,94,85,9,9
49881,90,100,-10,10
49882,74,79,-5,5
49883,135,128,7,7
49884,134,128,6,6
49885,151,141,10,10
49886,92,98,-6,6
49887,92,96,-4,4
49888,80,81,-1,1
49889,91,95,-4,4
49890,89,91,-2,2
49891,86,80,6,6
49892,76,75,1,1
49893,107,107,0,0
49894,140,109,31,31
49895,85,102,-17,17
49896,85,85,0,0
49897,69,62,7,7
49898,96,96,0,0
49899,62,57,5,5
49900,79,75,4,4
49901,138,118,20,20
49902,115,102,13,13
49903,106,98,8,8
49904,93,89,4,4
49905,122,117,5,5
49906,106,96,10,10
49907,90,86,4,4
49908,88,75,13,13
49909,72,69,3,3
49910,84,95,-11,11
49911,138,140,-2,2
49912,92,97,-5,5
49913,95,94,1,1
49914,86,80,6,6
49915,73,64,9,9
49916,70,81,-11,11
49917,61,61,0,0
49918,161,150,11,11
49919,89,80,9,9
49920,130,124,6,6
49921,99,70,29,29
49922,79,80,-1,1
49923,47,63,-16,16
49924,75,88,-13,13
49925,69,68,1,1
49926,78,79,-1,1
49927,45,51,-6,6
49928,67,78,-11,11
49929,99,101,-2,2
49930,92,102,-10,10
49931,116,113,3,3
49932,132,119,13,13
49933,88,94,-6,6
49934,94,98,-4,4
49935,112,121,-9,9
49936,40,52,-12,12
49937,58,58,0,0
49938,88,78,10,10
49939,85,83,2,2
49940,86,82,4,4
49941,145,143,2,2
49942,105,99,6,6
49943,99,92,7,7
49944,62,61,1,1
49945,95,95,0,0
49946,90,78,12,12
49947,57,52,5,5
49948,104,97,7,7
49949,70,69,1,1
49950,103,91,12,12
49951,102,96,6,6
49952,56,59,-3,3
49953,67,67,0,0
49954,65,66,-1,1
49955,65,74,-9,9
49956,100,124,-24,24
49957,77,85,-8,8
49958,140,124,16,16
49959,86,75,11,11
49960,123,118,5,5
49961,33,74,-41,41
49962,102,100,2,2
49963,116,111,5,5
49964,63,67,-4,4
49965,79,82,-3,3
49966,160,149,11,11
49967,60,60,0,0
49968,65,57,8,8
49969,84,84,0,0
49970,67,69,-2,2
49971,90,92,-2,2
49972,70,83,-13,13
49973,68,70,-2,2
49974,104,115,-11,11
49975,87,87,0,0
49976,124,111,13,13
49977,128,123,5,5
49978,166,167,-1,1
49979,72,78,-6,6
49980,54,55,-1,1
49981,111,100,11,11
49982,93,86,7,7
49983,107,101,6,6
49984,137,131,6,6
49985,89,83,6,6
49986,68,58,10,10
49987,52,53,-1,1
49988,75,84,-9,9
49989,79,76,3,3
49990,48,55,-7,7
49991,75,68,7,7
49992,85,78,7,7
49993,78,80,-2,2
49994,101,97,4,4
49995,173,152,21,21
49996,90,82,8,8
49997,55,53,2,2
49998,98,101,-3,3
49999,131,111,20,20
50000,149,137,12,12
50001,90,90,0,0
50002,51,54,-3,3
50003,68,67,1,1
50004,111,101,10,10
50005,77,83,-6,6
50006,150,141,9,9
50007,123,121,2,2
50008,42,52,-10,10
50009,111,109,2,2
50010,73,75,-2,2
50011,77,75,2,2
50012,74,88,-14,14
50013,145,121,24,24
50014,77,66,11,11
50015,102,104,-2,2
50016,79,79,0,0
50017,65,64,1,1
50018,64,63,1,1
50019,54,51,3,3
50020,127,118,9,9
50021,126,133,-7,7
50022,83,82,1,1
50023,108,97,11,11
50024,103,99,4,4
50025,132,132,0,0
50026,141,125,16,16
50027,132,130,2,2
50028,71,71,0,0
50029,111,109,2,2
50030,133,122,11,11
50031,102,102,0,0
50032,57,58,-1,1
50033,92,105,-13,13
50034,120,108,12,12
50035,85,78,7,7
50036,86,88,-2,2
50037,79,71,8,8
50038,69,77,-8,8
50039,63,52,11,11
50040,118,120,-2,2
50041,132,126,6,6
50042,72,73,-1,1
50043,98,111,-13,13
50044,110,110,0,0
50045,105,107,-2,2
50046,67,68,-1,1
50047,92,96,-4,4
50048,118,132,-14,14
50049,134,124,10,10
50050,70,68,2,2
50051,129,120,9,9
50052,67,62,5,5
50053,36,69,-33,33
50054,137,144,-7,7
50055,40,52,-12,12
50056,89,87,2,2
50057,89,87,2,2
50058,83,79,4,4
50059,70,92,-22,22
50060,125,124,1,1
50061,113,106,7,7
50062,64,63,1,1
50063,101,91,10,10
50064,92,84,8,8
50065,118,112,6,6
50066,70,70,0,0
50067,87,117,-30,30
50068,112,107,5,5
50069,195,192,3,3
50070,122,120,2,2
50071,59,60,-1,1
50072,155,145,10,10
50073,131,121,10,10
50074,143,121,22,22
50075,117,102,15,15
50076,120,114,6,6
50077,113,107,6,6
50078,102,96,6,6
50079,131,119,12,12
50080,105,97,8,8
50081,87,89,-2,2
50082,66,73,-7,7
50083,122,137,-15,15
50084,116,97,19,19
50085,104,100,4,4
50086,51,57,-6,6
50087,90,93,-3,3
50088,87,86,1,1
50089,93,104,-11,11
50090,61,68,-7,7
50091,106,111,-5,5
50092,47,55,-8,8
50093,80,78,2,2
50094,74,73,1,1
50095,50,58,-8,8
50096,167,158,9,9
50097,56,56,0,0
50098,110,122,-12,12
50099,160,124,36,36
50100,105,108,-3,3
50101,63,60,3,3
50102,97,96,1,1
50103,98,94,4,4
50104,108,110,-2,2
50105,105,102,3,3
50106,119,107,12,12
50107,144,127,17,17
50108,65,61,4,4
50109,112,104,8,8
50110,113,104,9,9
50111,98,107,-9,9
50112,83,76,7,7
50113,170,159,11,11
50114,88,92,-4,4
50115,109,100,9,9
50116,92,90,2,2
50117,121,121,0,0
50118,58,52,6,6
50119,96,126,-30,30
50120,108,103,5,5
50121,150,148,2,2
50122,78,76,2,2
50123,43,50,-7,7
50124,49,55,-6,6
50125,173,152,21,21
50126,100,95,5,5
50127,104,100,4,4
50128,76,90,-14,14
50129,108,104,4,4
50130,148,141,7,7
50131,74,79,-5,5
50132,72,66,6,6
50133,78,67,11,11
50134,108,108,0,0
50135,92,95,-3,3
50136,94,101,-7,7
50137,104,106,-2,2
50138,102,108,-6,6
50139,70,70,0,0
50140,88,84,4,4
50141,104,107,-3,3
50142,115,98,17,17
50143,87,77,10,10
50144,110,108,2,2
50145,70,76,-6,6
50146,78,80,-2,2
50147,80,82,-2,2
50148,56,57,-1,1
50149,125,121,4,4
50150,79,75,4,4
50151,90,79,11,11
50152,134,132,2,2
50153,123,120,3,3
50154,116,99,17,17
50155,79,80,-1,1
50156,100,114,-14,14
50157,55,59,-4,4
50158,86,83,3,3
50159,125,133,-8,8
50160,68,68,0,0
50161,73,79,-6,6
50162,103,96,7,7
50163,172,174,-2,2
50164,18,49,-31,31
50165,80,81,-1,1
50166,64,63,1,1
50167,90,88,2,2
50168,100,104,-4,4
50169,52,59,-7,7
50170,199,176,23,23
50171,90,94,-4,4
50172,80,96,-16,16
50173,138,144,-6,6
50174,64,68,-4,4
50175,101,96,5,5
50176,116,124,-8,8
50177,134,116,18,18
50178,113,108,5,5
50179,84,80,4,4
50180,55,68,-13,13
50181,194,181,13,13
50182,81,87,-6,6
50183,100,96,4,4
50184,97,99,-2,2
50185,64,63,1,1
50186,55,57,-2,2
50187,68,76,-8,8
50188,103,104,-1,1
50189,102,90,12,12
50190,68,63,5,5
50191,95,92,3,3
50192,74,75,-1,1
50193,77,73,4,4
50194,97,105,-8,8
50195,77,65,12,12
50196,124,118,6,6
50197,62,67,-5,5
50198,78,83,-5,5
50199,149,140,9,9
50200,53,61,-8,8
50201,80,88,-8,8
50202,82,91,-9,9
50203,69,68,1,1
50204,80,91,-11,11
50205,45,50,-5,5
50206,66,68,-2,2
50207,46,54,-8,8
50208,82,86,-4,4
50209,45,53,-8,8
50210,105,102,3,3
50211,109,98,11,11
50212,89,92,-3,3
50213,69,67,2,2
50214,132,110,22,22
50215,106,106,0,0
50216,132,128,4,4
50217,141,143,-2,2
50218,282,263,19,19
50219,151,167,-16,16
50220,93,84,9,9
50221,129,131,-2,2
50222,82,90,-8,8
50223,72,71,1,1
50224,86,84,2,2
50225,42,50,-8,8
50226,85,77,8,8
50227,105,94,11,11
50228,110,104,6,6
50229,50,55,-5,5
50230,88,98,-10,10
50231,98,86,12,12
50232,85,79,6,6
50233,122,125,-3,3
50234,122,145,-23,23
50235,124,115,9,9
50236,77,81,-4,4
50237,117,113,4,4
50238,98,110,-12,12
50239,90,86,4,4
50240,129,119,10,10
50241,88,98,-10,10
50242,73,73,0,0
50243,77,77,0,0
50244,139,148,-9,9
50245,96,92,4,4
50246,102,94,8,8
50247,87,90,-3,3
50248,70,69,1,1
50249,159,153,6,6
50250,60,60,0,0
50251,69,62,7,7
50252,113,112,1,1
50253,156,148,8,8
50254,118,105,13,13
50255,53,54,-1,1
50256,104,110,-6,6
50257,83,78,5,5
50258,67,62,5,5
50259,95,107,-12,12
50260,103,99,4,4
50261,132,143,-11,11
50262,115,107,8,8
50263,89,93,-4,4
50264,107,98,9,9
50265,99,103,-4,4
50266,97,97,0,0
50267,54,56,-2,2
50268,101,100,1,1
50269,97,88,9,9
50270,81,88,-7,7
50271,150,156,-6,6
50272,76,103,-27,27
50273,87,92,-5,5
50274,101,119,-18,18
50275,51,54,-3,3
50276,99,97,2,2
50277,76,76,0,0
50278,170,162,8,8
50279,129,110,19,19
50280,73,76,-3,3
50281,172,179,-7,7
50282,142,137,5,5
50283,104,102,2,2
50284,125,117,8,8
50285,51,55,-4,4
50286,127,127,0,0
50287,150,136,14,14
50288,71,79,-8,8
50289,129,132,-3,3
50290,92,101,-9,9
50291,83,81,2,2
50292,82,87,-5,5
50293,143,149,-6,6
50294,105,103,2,2
50295,60,59,1,1
50296,79,86,-7,7
50297,26,50,-24,24
50298,131,113,18,18
50299,90,83,7,7
50300,72,70,2,2
50301,62,64,-2,2
50302,76,70,6,6
50303,138,135,3,3
50304,81,86,-5,5
50305,108,98,10,10
50306,88,96,-8,8
50307,115,117,-2,2
50308,123,115,8,8
50309,89,93,-4,4
50310,123,120,3,3
50311,104,98,6,6
50312,67,62,5,5
50313,82,91,-9,9
50314,68,61,7,7
50315,72,70,2,2
50316,92,92,0,0
50317,60,59,1,1
50318,76,89,-13,13
50319,91,89,2,2
50320,95,85,10,10
50321,101,104,-3,3
50322,96,99,-3,3
50323,122,118,4,4
50324,139,134,5,5
50325,141,114,27,27
50326,89,79,10,10
50327,103,116,-13,13
50328,51,58,-7,7
50329,75,86,-11,11
50330,107,122,-15,15
50331,64,65,-1,1
50332,54,54,0,0
50333,90,86,4,4
50334,75,80,-5,5
50335,136,124,12,12
50336,99,109,-10,10
50337,128,137,-9,9
50338,125,99,26,26
50339,131,119,12,12
50340,61,52,9,9
50341,60,58,2,2
50342,70,83,-13,13
50343,136,140,-4,4
50344,91,81,10,10
50345,74,69,5,5
50346,63,73,-10,10
50347,113,105,8,8
50348,78,65,13,13
50349,208,187,21,21
50350,153,147,6,6
50351,154,151,3,3
50352,92,93,-1,1
50353,61,61,0,0
50354,88,96,-8,8
50355,53,64,-11,11
50356,60,56,4,4
50357,101,95,6,6
50358,108,107,1,1
50359,70,63,7,7
50360,73,67,6,6
50361,86,90,-4,4
50362,63,62,1,1
50363,105,107,-2,2
50364,72,61,11,11
50365,145,134,11,11
50366,71,71,0,0
50367,148,136,12,12
50368,68,75,-7,7
50369,158,145,13,13
50370,176,164,12,12
50371,98,79,19,19
50372,151,141,10,10
50373,72,91,-19,19
50374,48,55,-7,7
50375,77,74,3,3
50376,65,60,5,5
50377,107,110,-3,3
50378,93,87,6,6
50379,103,110,-7,7
50380,95,94,1,1
50381,45,52,-7,7
50382,148,143,5,5
50383,130,126,4,4
50384,123,118,5,5
50385,91,92,-1,1
50386,127,149,-22,22
50387,66,73,-7,7
50388,71,70,1,1
50389,133,125,8,8
50390,111,118,-7,7
50391,92,101,-9,9
50392,72,70,2,2
50393,70,66,4,4
50394,158,153,5,5
50395,56,56,0,0
50396,63,68,-5,5
50397,73,68,5,5
50398,170,157,13,13
50399,118,119,-1,1
50400,83,90,-7,7
50401,59,63,-4,4
50402,95,79,16,16
50403,79,60,19,19
50404,79,77,2,2
50405,103,118,-15,15
50406,127,123,4,4
50407,93,99,-6,6
50408,82,80,2,2
50409,48,51,-3,3
50410,90,93,-3,3
50411,76,65,11,11
50412,91,95,-4,4
50413,43,51,-8,8
50414,66,68,-2,2
50415,55,60,-5,5
50416,93,93,0,0
50417,102,97,5,5
50418,56,56,0,0
50419,91,92,-1,1
50420,126,131,-5,5
50421,78,87,-9,9
50422,81,79,2,2
50423,103,105,-2,2
50424,114,104,10,10
50425,103,103,0,0
50426,137,137,0,0
50427,111,109,2,2
50428,71,70,1,1
50429,99,88,11,11
50430,118,115,3,3
50431,145,133,12,12
50432,83,80,3,3
50433,59,55,4,4
50434,79,80,-1,1
50435,60,56,4,4
50436,59,56,3,3
50437,109,113,-4,4
50438,74,78,-4,4
50439,125,132,-7,7
50440,112,106,6,6
50441,74,71,3,3
50442,149,142,7,7
50443,79,85,-6,6
50444,76,74,2,2
50445,124,116,8,8
50446,62,61,1,1
50447,59,70,-11,11
50448,190,174,16,16
50449,62,74,-12,12
50450,105,115,-10,10
50451,97,78,19,19
50452,128,120,8,8
50453,113,113,0,0
50454,98,91,7,7
50455,37,50,-13,13
50456,136,135,1,1
50457,79,94,-15,15
50458,47,57,-10,10
50459,98,86,12,12
50460,101,104,-3,3
50461,87,85,2,2
50462,49,57,-8,8
50463,88,76,12,12
50464,92,89,3,3
50465,128,125,3,3
50466,111,106,5,5
50467,106,100,6,6
50468,57,62,-5,5
50469,95,104,-9,9
50470,60,58,2,2
50471,131,119,12,12
50472,88,80,8,8
50473,83,86,-3,3
50474,109,109,0,0
50475,114,115,-1,1
50476,84,88,-4,4
50477,85,86,-1,1
50478,86,86,0,0
50479,76,79,-3,3
50480,112,98,14,14
50481,106,112,-6,6
50482,56,60,-4,4
50483,120,125,-5,5
50484,53,59,-6,6
50485,32,60,-28,28
50486,184,182,2,2
50487,82,72,10,10
50488,66,64,2,2
50489,67,77,-10,10
50490,123,123,0,0
50491,123,119,4,4
50492,146,129,17,17
50493,74,75,-1,1
50494,113,101,12,12
50495,102,105,-3,3
50496,143,129,14,14
50497,88,86,2,2
50498,136,127,9,9
50499,149,149,0,0
50500,165,160,5,5
50501,59,61,-2,2
50502,87,84,3,3
50503,85,77,8,8
50504,54,62,-8,8
50505,48,64,-16,16
50506,73,65,8,8
50507,74,68,6,6
50508,125,132,-7,7
50509,71,63,8,8
50510,36,50,-14,14
50511,127,113,14,14
50512,71,64,7,7
50513,92,90,2,2
50514,55,58,-3,3
50515,62,58,4,4
50516,76,66,10,10
50517,64,62,2,2
50518,129,126,3,3
50519,147,140,7,7
50520,69,72,-3,3
50521,76,69,7,7
50522,86,87,-1,1
50523,66,56,10,10
50524,76,73,3,3
50525,74,79,-5,5
50526,54,55,-1,1
50527,109,111,-2,2
50528,141,134,7,7
50529,55,59,-4,4
50530,121,106,15,15
50531,79,85,-6,6
50532,80,73,7,7
50533,156,156,0,0
50534,44,50,-6,6
50535,114,104,10,10
50536,105,100,5,5
50537,73,76,-3,3
50538,84,85,-1,1
50539,176,166,10,10
50540,62,57,5,5
50541,121,114,7,7
50542,114,116,-2,2
50543,87,94,-7,7
50544,77,85,-8,8
50545,64,61,3,3
50546,165,154,11,11
50547,139,145,-6,6
50548,121,117,4,4
50549,97,95,2,2
50550,193,169,24,24
50551,125,129,-4,4
50552,76,98,-22,22
50553,54,52,2,2
50554,134,140,-6,6
50555,72,73,-1,1
50556,96,94,2,2
50557,37,50,-13,13
50558,125,117,8,8
50559,87,80,7,7
50560,33,53,-20,20
50561,71,70,1,1
50562,53,54,-1,1
50563,59,59,0,0
50564,110,101,9,9
50565,82,86,-4,4
50566,110,106,4,4
50567,64,58,6,6
50568,65,65,0,0
50569,134,123,11,11
50570,58,59,-1,1
50571,90,98,-8,8
50572,79,81,-2,2
50573,66,77,-11,11
50574,88,100,-12,12
50575,89,119,-30,30
50576,124,121,3,3
50577,111,109,2,2
50578,144,129,15,15
50579,131,135,-4,4
50580,133,129,4,4
50581,104,106,-2,2
50582,63,67,-4,4
50583,72,65,7,7
50584,76,70,6,6
50585,59,55,4,4
50586,110,101,9,9
50587,69,63,6,6
50588,112,110,2,2
50589,41,56,-15,15
50590,135,128,7,7
50591,101,121,-20,20
50592,86,83,3,3
50593,116,125,-9,9
50594,88,89,-1,1
50595,74,85,-11,11
50596,41,53,-12,12
50597,91,99,-8,8
50598,164,153,11,11
50599,58,55,3,3
50600,203,186,17,17
50601,84,89,-5,5
50602,91,75,16,16
50603,98,101,-3,3
50604,123,128,-5,5
50605,63,62,1,1
50606,88,78,10,10
50607,92,103,-11,11
50608,117,113,4,4
50609,72,61,11,11
50610,69,67,2,2
50611,77,76,1,1
50612,77,74,3,3
50613,73,68,5,5
50614,94,93,1,1
50615,118,113,5,5
50616,98,97,1,1
50617,82,82,0,0
50618,137,127,10,10
50619,84,92,-8,8
50620,113,109,4,4
50621,145,129,16,16
50622,67,66,1,1
50623,101,103,-2,2
50624,37,73,-36,36
50625,49,56,-7,7
50626,63,68,-5,5
50627,76,74,2,2
50628,216,185,31,31
50629,138,138,0,0
50630,96,97,-1,1
50631,76,88,-12,12
50632,66,64,2,2
50633,55,53,2,2
50634,92,90,2,2
50635,83,86,-3,3
50636,107,123,-16,16
50637,124,114,10,10
50638,78,71,7,7
50639,149,148,1,1
50640,154,149,5,5
50641,67,64,3,3
50642,82,82,0,0
50643,99,102,-3,3
50644,107,109,-2,2
50645,156,150,6,6
50646,174,191,-17,17
50647,103,100,3,3
50648,116,116,0,0
50649,44,50,-6,6
50650,108,107,1,1
50651,94,102,-8,8
50652,63,68,-5,5
50653,95,93,2,2
50654,57,60,-3,3
50655,72,71,1,1
50656,72,71,1,1
50657,101,101,0,0
50658,94,119,-25,25
50659,86,72,14,14
50660,157,148,9,9
50661,56,57,-1,1
50662,77,80,-3,3
50663,76,87,-11,11
50664,164,159,5,5
50665,68,77,-9,9
50666,65,73,-8,8
50667,124,122,2,2
50668,62,62,0,0
50669,138,126,12,12
50670,146,142,4,4
50671,135,154,-19,19
50672,124,113,11,11
50673,105,100,5,5
50674,71,65,6,6
50675,84,81,3,3
50676,84,73,11,11
50677,70,65,5,5
50678,112,105,7,7
50679,127,126,1,1
50680,51,133,-82,82
50681,104,104,0,0
50682,96,104,-8,8
50683,97,84,13,13
50684,72,75,-3,3
50685,117,112,5,5
50686,115,127,-12,12
50687,76,82,-6,6
50688,98,101,-3,3
50689,70,74,-4,4
50690,97,100,-3,3
50691,131,146,-15,15
50692,50,54,-4,4
50693,68,64,4,4
50694,64,58,6,6
50695,103,106,-3,3
50696,48,51,-3,3
50697,106,100,6,6
50698,80,82,-2,2
50699,131,131,0,0
50700,59,61,-2,2
50701,196,187,9,9
50702,143,151,-8,8
50703,74,69,5,5
50704,69,75,-6,6
50705,70,75,-5,5
50706,114,103,11,11
50707,70,67,3,3
50708,42,53,-11,11
50709,112,122,-10,10
50710,79,68,11,11
50711,159,156,3,3
50712,121,106,15,15
50713,69,74,-5,5
50714,93,80,13,13
50715,90,92,-2,2
50716,91,99,-8,8
50717,65,67,-2,2
50718,136,143,-7,7
50719,65,70,-5,5
50720,51,57,-6,6
50721,131,119,12,12
50722,81,83,-2,2
50723,60,121,-61,61
50724,99,95,4,4
50725,37,72,-35,35
50726,131,117,14,14
50727,164,140,24,24
50728,63,66,-3,3
50729,208,185,23,23
50730,40,52,-12,12
50731,94,103,-9,9
50732,114,111,3,3
50733,72,77,-5,5
50734,83,77,6,6
50735,65,68,-3,3
50736,124,126,-2,2
50737,45,53,-8,8
50738,78,74,4,4
50739,139,130,9,9
50740,63,63,0,0
50741,88,94,-6,6
50742,81,82,-1,1
50743,79,65,14,14
50744,106,102,4,4
50745,129,117,12,12
50746,107,112,-5,5
50747,67,74,-7,7
50748,119,118,1,1
50749,96,103,-7,7
50750,96,88,8,8
50751,64,68,-4,4
50752,110,102,8,8
50753,122,125,-3,3
50754,159,160,-1,1
50755,84,89,-5,5
50756,78,73,5,5
50757,186,188,-2,2
50758,77,76,1,1
50759,95,90,5,5
50760,78,77,1,1
50761,84,98,-14,14
50762,115,110,5,5
50763,104,104,0,0
50764,84,77,7,7
50765,94,88,6,6
50766,103,95,8,8
50767,120,118,2,2
50768,80,87,-7,7
50769,63,56,7,7
50770,113,118,-5,5
50771,82,82,0,0
50772,111,111,0,0
50773,103,105,-2,2
50774,122,116,6,6
50775,81,79,2,2
50776,141,143,-2,2
50777,122,121,1,1
50778,136,130,6,6
50779,67,71,-4,4
50780,91,101,-10,10
50781,86,90,-4,4
50782,97,91,6,6
50783,42,64,-22,22
50784,63,67,-4,4
50785,118,112,6,6
50786,81,92,-11,11
50787,62,59,3,3
50788,55,65,-10,10
50789,89,94,-5,5
50790,71,71,0,0
50791,57,59,-2,2
50792,83,86,-3,3
50793,153,143,10,10
50794,106,99,7,7
50795,122,111,11,11
50796,76,77,-1,1
50797,90,92,-2,2
50798,70,84,-14,14
50799,33,50,-17,17
50800,83,80,3,3
50801,50,60,-10,10
50802,118,112,6,6
50803,115,112,3,3
50804,45,51,-6,6
50805,58,58,0,0
50806,38,50,-12,12
50807,97,103,-6,6
50808,39,53,-14,14
50809,28,50,-22,22
50810,117,116,1,1
50811,115,98,17,17
50812,121,115,6,6
50813,105,111,-6,6
50814,88,85,3,3
50815,64,73,-9,9
50816,85,87,-2,2
50817,103,88,15,15
50818,76,76,0,0
50819,60,63,-3,3
50820,73,71,2,2
50821,70,60,10,10
50822,54,57,-3,3
50823,83,94,-11,11
50824,77,75,2,2
50825,58,56,2,2
50826,105,95,10,10
50827,145,138,7,7
50828,119,105,14,14
50829,100,97,3,3
50830,84,88,-4,4
50831,88,79,9,9
50832,90,83,7,7
50833,65,72,-7,7
50834,131,127,4,4
50835,76,92,-16,16
50836,166,171,-5,5
50837,52,51,1,1
50838,156,156,0,0
50839,139,150,-11,11
50840,80,77,3,3
50841,73,78,-5,5
50842,94,92,2,2
50843,83,84,-1,1
50844,108,101,7,7
50845,71,71,0,0
50846,98,107,-9,9
50847,94,91,3,3
50848,99,95,4,4
50849,29,50,-21,21
50850,85,78,7,7
50851,92,93,-1,1
50852,96,98,-2,2
50853,107,100,7,7
50854,31,52,-21,21
50855,80,61,19,19
50856,86,84,2,2
50857,147,136,11,11
50858,113,116,-3,3
50859,58,56,2,2
50860,69,73,-4,4
50861,81,85,-4,4
50862,105,106,-1,1
50863,146,128,18,18
50864,126,121,5,5
50865,72,69,3,3
50866,110,103,7,7
50867,140,139,1,1
50868,93,87,6,6
50869,88,89,-1,1
50870,84,96,-12,12
50871,57,57,0,0
50872,78,73,5,5
50873,76,75,1,1
50874,143,125,18,18
50875,108,137,-29,29
50876,45,56,-11,11
50877,87,90,-3,3
50878,77,81,-4,4
50879,96,115,-19,19
50880,84,80,4,4
50881,60,64,-4,4
50882,74,80,-6,6
50883,83,79,4,4
50884,69,65,4,4
50885,58,52,6,6
50886,73,70,3,3
50887,81,87,-6,6
50888,106,101,5,5
50889,140,145,-5,5
50890,75,81,-6,6
50891,102,104,-2,2
50892,137,119,18,18
50893,63,94,-31,31
50894,80,74,6,6
50895,65,71,-6,6
50896,151,142,9,9
50897,138,139,-1,1
50898,104,95,9,9
50899,142,136,6,6
50900,77,87,-10,10
50901,102,105,-3,3
50902,83,84,-1,1
50903,74,83,-9,9
50904,113,110,3,3
50905,115,110,5,5
50906,86,95,-9,9
50907,66,61,5,5
50908,123,115,8,8
50909,173,162,11,11
50910,138,145,-7,7
50911,121,118,3,3
50912,187,183,4,4
50913,103,93,10,10
50914,93,149,-56,56
50915,134,128,6,6
50916,84,74,10,10
50917,140,131,9,9
50918,139,126,13,13
50919,112,121,-9,9
50920,81,81,0,0
50921,48,50,-2,2
50922,111,105,6,6
50923,133,123,10,10
50924,158,148,10,10
50925,47,56,-9,9
50926,115,123,-8,8
50927,59,64,-5,5
50928,136,127,9,9
50929,86,89,-3,3
50930,89,98,-9,9
50931,104,107,-3,3
50932,88,90,-2,2
50933,68,72,-4,4
50934,105,96,9,9
50935,122,114,8,8
50936,93,87,6,6
50937,172,162,10,10
50938,77,87,-10,10
50939,141,136,5,5
50940,106,111,-5,5
50941,102,108,-6,6
50942,136,127,9,9
50943,83,75,8,8
50944,60,67,-7,7
50945,90,102,-12,12
50946,69,71,-2,2
50947,96,94,2,2
50948,101,104,-3,3
50949,90,77,13,13
50950,95,101,-6,6
50951,80,94,-14,14
50952,91,96,-5,5
50953,125,110,15,15
50954,85,77,8,8
50955,129,129,0,0
50956,117,121,-4,4
50957,77,77,0,0
50958,82,87,-5,5
50959,135,129,6,6
50960,120,114,6,6
50961,89,78,11,11
50962,161,160,1,1
50963,70,72,-2,2
50964,60,66,-6,6
50965,172,165,7,7
50966,136,128,8,8
50967,86,78,8,8
50968,106,111,-5,5
50969,107,113,-6,6
50970,98,101,-3,3
50971,120,147,-27,27
50972,158,156,2,2
50973,61,61,0,0
50974,101,97,4,4
50975,94,95,-1,1
50976,60,67,-7,7
50977,68,69,-1,1
50978,99,79,20,20
50979,56,55,1,1
50980,110,99,11,11
50981,102,100,2,2
50982,83,87,-4,4
50983,92,93,-1,1
50984,77,72,5,5
50985,125,137,-12,12
50986,79,71,8,8
50987,67,63,4,4
50988,113,112,1,1
50989,122,123,-1,1
50990,131,126,5,5
50991,104,97,7,7
50992,89,107,-18,18
50993,92,92,0,0
50994,217,148,69,69
50995,45,59,-14,14
50996,69,79,-10,10
50997,112,115,-3,3
50998,146,123,23,23
50999,95,97,-2,2
51000,91,94,-3,3
51001,70,74,-4,4
51002,75,84,-9,9
51003,95,96,-1,1
51004,112,99,13,13
51005,58,58,0,0
51006,54,55,-1,1
51007,94,97,-3,3
51008,108,98,10,10
51009,89,91,-2,2
51010,90,90,0,0
51011,129,124,5,5
51012,105,99,6,6
51013,94,92,2,2
51014,132,147,-15,15
51015,95,94,1,1
51016,68,58,10,10
51017,97,90,7,7
51018,128,118,10,10
51019,116,117,-1,1
51020,93,94,-1,1
51021,89,81,8,8
51022,176,176,0,0
51023,172,171,1,1
51024,54,54,0,0
51025,60,64,-4,4
51026,39,67,-28,28
51027,96,86,10,10
51028,60,76,-16,16
51029,52,55,-3,3
51030,105,103,2,2
51031,137,136,1,1
51032,151,135,16,16
51033,108,122,-14,14
51034,100,96,4,4
51035,68,71,-3,3
51036,99,99,0,0
51037,100,101,-1,1
51038,112,104,8,8
51039,78,67,11,11
51040,110,110,0,0
51041,70,64,6,6
51042,122,116,6,6
51043,72,79,-7,7
51044,191,175,16,16
51045,106,105,1,1
51046,102,99,3,3
51047,130,115,15,15
51048,83,79,4,4
51049,70,68,2,2
51050,93,100,-7,7
51051,98,93,5,5
51052,72,70,2,2
51053,121,112,9,9
51054,157,149,8,8
51055,72,78,-6,6
51056,88,88,0,0
51057,109,107,2,2
51058,129,119,10,10
51059,185,171,14,14
51060,82,90,-8,8
51061,45,50,-5,5
51062,47,58,-11,11
51063,75,81,-6,6
51064,107,95,12,12
51065,73,76,-3,3
51066,90,89,1,1
51067,69,78,-9,9
51068,100,111,-11,11
51069,87,78,9,9
51070,56,56,0,0
51071,83,77,6,6
51072,140,141,-1,1
51073,64,55,9,9
51074,97,93,4,4
51075,86,86,0,0
51076,129,116,13,13
51077,119,110,9,9
51078,85,86,-1,1
51079,109,100,9,9
51080,92,92,0,0
51081,152,134,18,18
51082,74,77,-3,3
51083,147,208,-61,61
51084,117,117,0,0
51085,85,92,-7,7
51086,115,126,-11,11
51087,96,92,4,4
51088,109,111,-2,2
51089,70,72,-2,2
51090,107,102,5,5
51091,71,82,-11,11
51092,80,83,-3,3
51093,117,111,6,6
51094,149,149,0,0
51095,74,72,2,2
51096,100,95,5,5
51097,131,135,-4,4
51098,100,99,1,1
51099,72,66,6,6
51100,92,107,-15,15
51101,68,65,3,3
51102,71,78,-7,7
51103,60,57,3,3
51104,74,77,-3,3
51105,114,110,4,4
51106,44,50,-6,6
51107,104,115,-11,11
51108,143,142,1,1
51109,159,148,11,11
51110,76,73,3,3
51111,93,94,-1,1
51112,91,89,2,2
51113,91,95,-4,4
51114,188,167,21,21
51115,85,86,-1,1
51116,58,53,5,5
51117,115,107,8,8
51118,51,55,-4,4
51119,49,52,-3,3
51120,108,111,-3,3
51121,92,96,-4,4
51122,102,102,0,0
51123,113,112,1,1
51124,100,97,3,3
51125,80,72,8,8
51126,109,117,-8,8
51127,72,70,2,2
51128,91,95,-4,4
51129,93,92,1,1
51130,44,52,-8,8
51131,104,109,-5,5
51132,50,60,-10,10
51133,76,78,-2,2
51134,53,53,0,0
51135,119,114,5,5
51136,105,96,9,9
51137,110,124,-14,14
51138,148,151,-3,3
51139,105,96,9,9
51140,139,131,8,8
51141,97,88,9,9
51142,113,101,12,12
51143,85,84,1,1
51144,113,106,7,7
51145,60,59,1,1
51146,66,59,7,7
51147,115,112,3,3
51148,30,121,-91,91
51149,76,72,4,4
51150,73,79,-6,6
51151,72,80,-8,8
51152,141,136,5,5
51153,58,68,-10,10
51154,101,101,0,0
51155,80,69,11,11
51156,76,76,0,0
51157,118,120,-2,2
51158,97,99,-2,2
51159,96,110,-14,14
51160,40,50,-10,10
51161,157,147,10,10
51162,125,119,6,6
51163,99,93,6,6
51164,66,64,2,2
51165,117,113,4,4
51166,94,102,-8,8
51167,54,57,-3,3
51168,62,59,3,3
51169,74,71,3,3
51170,166,158,8,8
51171,142,145,-3,3
51172,81,93,-12,12
51173,110,119,-9,9
51174,114,106,8,8
51175,96,94,2,2
51176,54,54,0,0
51177,97,98,-1,1
51178,86,96,-10,10
51179,67,73,-6,6
51180,65,64,1,1
51181,89,95,-6,6
51182,86,93,-7,7
51183,71,74,-3,3
51184,146,146,0,0
51185,81,69,12,12
51186,108,105,3,3
51187,116,113,3,3
51188,90,96,-6,6
51189,108,98,10,10
51190,127,117,10,10
51191,60,61,-1,1
51192,66,59,7,7
51193,180,176,4,4
51194,52,53,-1,1
51195,93,92,1,1
51196,127,126,1,1
51197,96,89,7,7
51198,110,89,21,21
51199,102,106,-4,4
51200,110,108,2,2
51201,72,64,8,8
51202,161,152,9,9
51203,89,80,9,9
51204,78,76,2,2
51205,77,87,-10,10
51206,80,75,5,5
51207,78,77,1,1
51208,135,120,15,15
51209,88,81,7,7
51210,102,86,16,16
51211,73,74,-1,1
51212,101,100,1,1
51213,84,80,4,4
51214,87,84,3,3
51215,79,87,-8,8
51216,84,88,-4,4
51217,140,136,4,4
51218,106,111,-5,5
51219,75,65,10,10
51220,94,92,2,2
51221,79,84,-5,5
51222,93,93,0,0
51223,155,152,3,3
51224,97,100,-3,3
51225,109,125,-16,16
51226,115,103,12,12
51227,126,120,6,6
51228,90,92,-2,2
51229,72,76,-4,4
51230,63,57,6,6
51231,105,101,4,4
51232,68,67,1,1
51233,143,135,8,8
51234,116,120,-4,4
51235,121,123,-2,2
51236,130,108,22,22
51237,75,72,3,3
51238,70,76,-6,6
51239,109,96,13,13
51240,98,94,4,4
51241,106,89,17,17
51242,76,78,-2,2
51243,60,57,3,3
51244,68,71,-3,3
51245,165,147,18,18
51246,90,104,-14,14
51247,178,163,15,15
51248,79,84,-5,5
51249,72,60,12,12
51250,87,84,3,3
51251,82,80,2,2
51252,57,58,-1,1
51253,110,111,-1,1
51254,111,110,1,1
51255,70,77,-7,7
51256,112,114,-2,2
51257,52,53,-1,1
51258,94,88,6,6
51259,97,99,-2,2
51260,66,65,1,1
51261,67,73,-6,6
51262,66,70,-4,4
51263,107,108,-1,1
51264,156,189,-33,33
51265,40,89,-49,49
51266,60,63,-3,3
51267,109,134,-25,25
51268,62,63,-1,1
51269,126,112,14,14
51270,96,101,-5,5
51271,106,97,9,9
51272,109,98,11,11
51273,77,75,2,2
51274,70,63,7,7
51275,75,97,-22,22
51276,194,184,10,10
51277,24,50,-26,26
51278,94,94,0,0
51279,102,92,10,10
51280,126,120,6,6
51281,150,132,18,18
51282,126,124,2,2
51283,82,95,-13,13
51284,92,104,-12,12
51285,87,84,3,3
51286,122,129,-7,7
51287,129,134,-5,5
51288,93,90,3,3
51289,62,66,-4,4
51290,148,149,-1,1
51291,73,74,-1,1
51292,114,104,10,10
51293,82,78,4,4
51294,99,101,-2,2
51295,181,165,16,16
51296,158,143,15,15
51297,100,102,-2,2
51298,143,135,8,8
51299,118,118,0,0
51300,85,83,2,2
51301,127,129,-2,2
51302,83,91,-8,8
51303,95,92,3,3
51304,63,58,5,5
51305,76,72,4,4
51306,111,118,-7,7
51307,69,74,-5,5
51308,100,88,12,12
51309,47,53,-6,6
51310,83,93,-10,10
51311,85,89,-4,4
51312,74,73,1,1
51313,53,68,-15,15
51314,75,80,-5,5
51315,71,86,-15,15
51316,108,103,5,5
51317,71,72,-1,1
51318,121,120,1,1
51319,100,108,-8,8
51320,113,116,-3,3
51321,86,79,7,7
51322,86,75,11,11
51323,115,112,3,3
51324,38,50,-12,12
51325,140,132,8,8
51326,119,124,-5,5
51327,104,108,-4,4
51328,135,118,17,17
51329,147,129,18,18
51330,116,107,9,9
51331,137,132,5,5
51332,86,88,-2,2
51333,96,97,-1,1
51334,76,72,4,4
51335,64,59,5,5
51336,57,53,4,4
51337,90,104,-14,14
51338,56,72,-16,16
51339,84,92,-8,8
51340,109,102,7,7
51341,124,119,5,5
51342,138,125,13,13
51343,73,69,4,4
51344,98,98,0,0
51345,93,81,12,12
51346,51,51,0,0
51347,54,55,-1,1
51348,62,63,-1,1
51349,126,123,3,3
51350,85,84,1,1
51351,86,73,13,13
51352,67,61,6,6
51353,80,84,-4,4
51354,55,60,-5,5
51355,115,109,6,6
51356,71,69,2,2
51357,86,84,2,2
51358,120,116,4,4
51359,94,89,5,5
51360,71,70,1,1
51361,106,115,-9,9
51362,101,95,6,6
51363,41,50,-9,9
51364,77,68,9,9
51365,130,119,11,11
51366,154,146,8,8
51367,102,92,10,10
51368,56,56,0,0
51369,108,102,6,6
51370,74,77,-3,3
51371,33,102,-69,69
51372,109,108,1,1
51373,113,108,5,5
51374,115,112,3,3
51375,73,74,-1,1
51376,60,73,-13,13
51377,115,106,9,9
51378,85,92,-7,7
51379,121,109,12,12
51380,128,124,4,4
51381,76,89,-13,13
51382,158,153,5,5
51383,109,108,1,1
51384,47,53,-6,6
51385,76,68,8,8
51386,75,64,11,11
51387,92,83,9,9
51388,92,93,-1,1
51389,110,94,16,16
51390,101,97,4,4
51391,95,91,4,4
51392,107,106,1,1
51393,96,96,0,0
51394,127,124,3,3
51395,104,104,0,0
51396,84,76,8,8
51397,44,50,-6,6
51398,112,120,-8,8
51399,94,105,-11,11
51400,65,63,2,2
51401,67,72,-5,5
51402,106,106,0,0
51403,85,73,12,12
51404,75,88,-13,13
51405,72,69,3,3
51406,99,78,21,21
51407,63,64,-1,1
51408,157,152,5,5
51409,70,67,3,3
51410,79,72,7,7
51411,99,94,5,5
51412,100,102,-2,2
51413,152,141,11,11
51414,111,123,-12,12
51415,73,76,-3,3
51416,117,115,2,2
51417,74,74,0,0
51418,84,92,-8,8
51419,117,112,5,5
51420,70,73,-3,3
51421,72,77,-5,5
51422,62,61,1,1
51423,90,94,-4,4
51424,123,110,13,13
51425,81,82,-1,1
51426,62,62,0,0
51427,74,73,1,1
51428,189,171,18,18
51429,97,101,-4,4
51430,131,129,2,2
51431,66,72,-6,6
51432,131,124,7,7
51433,101,90,11,11
51434,205,199,6,6
51435,92,96,-4,4
51436,74,85,-11,11
51437,108,100,8,8
51438,78,73,5,5
51439,69,72,-3,3
51440,92,84,8,8
51441,76,75,1,1
51442,83,76,7,7
51443,104,97,7,7
51444,85,80,5,5
51445,74,73,1,1
51446,134,136,-2,2
51447,119,111,8,8
51448,92,86,6,6
51449,88,86,2,2
51450,126,130,-4,4
51451,100,101,-1,1
51452,45,56,-11,11
51453,131,117,14,14
51454,55,57,-2,2
51455,180,170,10,10
51456,133,112,21,21
51457,94,68,26,26
51458,62,83,-21,21
51459,119,114,5,5
51460,183,170,13,13
51461,88,82,6,6
51462,115,92,23,23
51463,100,86,14,14
51464,64,74,-10,10
51465,83,104,-21,21
51466,138,137,1,1
51467,62,71,-9,9
51468,193,170,23,23
51469,90,78,12,12
51470,77,91,-14,14
51471,111,105,6,6
51472,99,87,12,12
51473,118,123,-5,5
51474,131,121,10,10
51475,71,64,7,7
51476,78,81,-3,3
51477,94,84,10,10
51478,92,93,-1,1
51479,97,96,1,1
51480,89,87,2,2
51481,131,118,13,13
51482,119,100,19,19
51483,59,63,-4,4
51484,80,83,-3,3
51485,116,103,13,13
51486,93,87,6,6
51487,72,76,-4,4
51488,185,160,25,25
51489,85,90,-5,5
51490,108,111,-3,3
51491,84,88,-4,4
51492,100,104,-4,4
51493,109,84,25,25
51494,43,50,-7,7
51495,77,78,-1,1
51496,87,80,7,7
51497,121,112,9,9
51498,109,112,-3,3
51499,83,90,-7,7
51500,108,94,14,14
51501,166,145,21,21
51502,68,64,4,4
51503,112,125,-13,13
51504,103,105,-2,2
51505,106,112,-6,6
51506,33,50,-17,17
51507,56,53,3,3
51508,72,69,3,3
51509,136,132,4,4
51510,79,79,0,0
51511,143,125,18,18
51512,103,98,5,5
51513,75,81,-6,6
51514,73,73,0,0
51515,68,68,0,0
51516,68,83,-15,15
51517,102,86,16,16
51518,83,81,2,2
51519,70,78,-8,8
51520,88,85,3,3
51521,124,120,4,4
51522,111,112,-1,1
51523,103,109,-6,6
51524,104,98,6,6
51525,122,117,5,5
51526,119,117,2,2
51527,71,103,-32,32
51528,196,191,5,5
51529,70,65,5,5
51530,70,82,-12,12
51531,88,85,3,3
51532,122,117,5,5
51533,102,94,8,8
51534,119,111,8,8
51535,138,129,9,9
51536,165,148,17,17
51537,94,101,-7,7
51538,52,55,-3,3
51539,86,80,6,6
51540,63,70,-7,7
51541,92,83,9,9
51542,65,61,4,4
51543,47,50,-3,3
51544,62,60,2,2
51545,79,92,-13,13
51546,166,136,30,30
51547,96,88,8,8
51548,120,130,-10,10
51549,117,113,4,4
51550,99,93,6,6
51551,124,130,-6,6
51552,138,123,15,15
51553,60,64,-4,4
51554,90,89,1,1
51555,76,79,-3,3
51556,113,129,-16,16
51557,129,126,3,3
51558,80,80,0,0
51559,99,92,7,7
51560,87,90,-3,3
51561,74,74,0,0
51562,70,69,1,1
51563,50,55,-5,5
51564,83,79,4,4
51565,150,140,10,10
51566,104,99,5,5
51567,107,105,2,2
51568,101,93,8,8
51569,153,147,6,6
51570,81,81,0,0
51571,58,69,-11,11
51572,104,98,6,6
51573,64,61,3,3
51574,58,56,2,2
51575,137,134,3,3
51576,132,111,21,21
51577,110,110,0,0
51578,120,121,-1,1
51579,92,93,-1,1
51580,83,112,-29,29
51581,41,52,-11,11
51582,194,211,-17,17
51583,79,70,9,9
51584,65,65,0,0
51585,126,130,-4,4
51586,125,134,-9,9
51587,148,140,8,8
51588,63,61,2,2
51589,82,89,-7,7
51590,127,120,7,7
51591,141,129,12,12
51592,98,105,-7,7
51593,140,141,-1,1
51594,92,85,7,7
51595,78,86,-8,8
51596,72,75,-3,3
51597,133,116,17,17
51598,82,89,-7,7
51599,53,60,-7,7
51600,68,63,5,5
51601,135,132,3,3
51602,76,92,-16,16
51603,84,74,10,10
51604,109,105,4,4
51605,115,118,-3,3
51606,32,50,-18,18
51607,202,176,26,26
51608,64,60,4,4
51609,69,66,3,3
51610,61,61,0,0
51611,81,73,8,8
51612,81,91,-10,10
51613,103,98,5,5
51614,73,71,2,2
51615,103,117,-14,14
51616,153,155,-2,2
51617,78,79,-1,1
51618,100,95,5,5
51619,136,144,-8,8
51620,58,60,-2,2
51621,75,78,-3,3
51622,130,114,16,16
51623,127,114,13,13
51624,51,58,-7,7
51625,87,75,12,12
51626,99,100,-1,1
51627,121,111,10,10
51628,83,87,-4,4
51629,65,65,0,0
51630,86,87,-1,1
51631,129,127,2,2
51632,77,87,-10,10
51633,63,68,-5,5
51634,70,68,2,2
51635,75,79,-4,4
51636,75,77,-2,2
51637,132,130,2,2
51638,157,154,3,3
51639,130,134,-4,4
51640,80,85,-5,5
51641,97,102,-5,5
51642,68,64,4,4
51643,98,102,-4,4
51644,81,85,-4,4
51645,51,52,-1,1
51646,84,86,-2,2
51647,79,79,0,0
51648,151,143,8,8
51649,82,80,2,2
51650,127,123,4,4
51651,63,67,-4,4
51652,97,94,3,3
51653,121,114,7,7
51654,157,148,9,9
51655,101,98,3,3
51656,160,162,-2,2
51657,92,93,-1,1
51658,107,114,-7,7
51659,108,90,18,18
51660,119,99,20,20
51661,61,66,-5,5
51662,112,106,6,6
51663,71,64,7,7
51664,99,98,1,1
51665,68,77,-9,9
51666,116,126,-10,10
51667,64,72,-8,8
51668,124,129,-5,5
51669,139,133,6,6
51670,80,74,6,6
51671,157,148,9,9
51672,101,97,4,4
51673,114,106,8,8
51674,126,124,2,2
51675,148,147,1,1
51676,77,79,-2,2
51677,187,178,9,9
51678,139,138,1,1
51679,164,150,14,14
51680,98,100,-2,2
51681,86,90,-4,4
51682,61,60,1,1
51683,143,148,-5,5
51684,57,55,2,2
51685,52,51,1,1
51686,92,105,-13,13
51687,108,104,4,4
51688,156,137,19,19
51689,159,144,15,15
51690,157,143,14,14
51691,102,99,3,3
51692,138,128,10,10
51693,78,79,-1,1
51694,83,71,12,12
51695,108,94,14,14
51696,60,58,2,2
51697,142,118,24,24
51698,55,57,-2,2
51699,65,66,-1,1
51700,125,123,2,2
51701,90,92,-2,2
51702,74,74,0,0
51703,156,146,10,10
51704,76,76,0,0
51705,94,99,-5,5
51706,84,84,0,0
51707,84,78,6,6
51708,68,76,-8,8
51709,144,137,7,7
51710,74,68,6,6
51711,104,108,-4,4
51712,98,75,23,23
51713,92,94,-2,2
51714,106,105,1,1
51715,94,92,2,2
51716,91,95,-4,4
51717,61,55,6,6
51718,77,72,5,5
51719,71,75,-4,4
51720,98,96,2,2
51721,73,76,-3,3
51722,103,109,-6,6
51723,124,115,9,9
51724,135,122,13,13
51725,118,125,-7,7
51726,96,102,-6,6
51727,54,58,-4,4
51728,112,100,12,12
51729,72,73,-1,1
51730,70,75,-5,5
51731,85,81,4,4
51732,51,51,0,0
51733,106,118,-12,12
51734,113,102,11,11
51735,76,68,8,8
51736,63,73,-10,10
51737,140,123,17,17
51738,103,95,8,8
51739,163,163,0,0
51740,126,123,3,3
51741,92,107,-15,15
51742,40,50,-10,10
51743,33,50,-17,17
51744,99,98,1,1
51745,113,101,12,12
51746,59,55,4,4
51747,88,105,-17,17
51748,58,58,0,0
51749,98,96,2,2
51750,135,121,14,14
51751,92,94,-2,2
51752,101,103,-2,2
51753,116,111,5,5
51754,171,168,3,3
51755,98,86,12,12
51756,99,94,5,5
51757,77,73,4,4
51758,99,94,5,5
51759,61,58,3,3
51760,124,102,22,22
51761,36,50,-14,14
51762,124,109,15,15
51763,89,85,4,4
51764,144,146,-2,2
51765,113,109,4,4
51766,157,146,11,11
51767,95,93,2,2
51768,101,107,-6,6
51769,76,75,1,1
51770,65,76,-11,11
51771,222,181,41,41
51772,123,117,6,6
51773,71,93,-22,22
51774,102,93,9,9
51775,96,97,-1,1
51776,105,99,6,6
51777,81,86,-5,5
51778,122,135,-13,13
51779,64,66,-2,2
51780,43,69,-26,26
51781,114,104,10,10
51782,62,63,-1,1
51783,104,111,-7,7
51784,175,184,-9,9
51785,98,108,-10,10
51786,87,85,2,2
51787,144,137,7,7
51788,76,88,-12,12
51789,125,124,1,1
51790,70,70,0,0
51791,86,97,-11,11
51792,140,116,24,24
51793,44,54,-10,10
51794,101,95,6,6
51795,68,68,0,0
51796,155,156,-1,1
51797,125,124,1,1
51798,49,54,-5,5
51799,140,144,-4,4
51800,105,97,8,8
51801,192,197,-5,5
51802,89,74,15,15
51803,140,133,7,7
51804,140,135,5,5
51805,112,113,-1,1
51806,136,119,17,17
51807,76,86,-10,10
51808,64,69,-5,5
51809,64,77,-13,13
51810,83,86,-3,3
51811,72,67,5,5
51812,145,143,2,2
51813,113,102,11,11
51814,114,104,10,10
51815,154,138,16,16
51816,67,65,2,2
51817,197,174,23,23
51818,61,60,1,1
51819,99,98,1,1
51820,91,92,-1,1
51821,181,155,26,26
51822,45,50,-5,5
51823,55,59,-4,4
51824,183,200,-17,17
51825,106,110,-4,4
51826,57,63,-6,6
51827,133,123,10,10
51828,36,50,-14,14
51829,98,103,-5,5
51830,54,52,2,2
51831,140,138,2,2
51832,114,113,1,1
51833,99,96,3,3
51834,69,69,0,0
51835,144,134,10,10
51836,112,120,-8,8
51837,101,96,5,5
51838,88,80,8,8
51839,88,87,1,1
51840,94,83,11,11
51841,67,62,5,5
51842,46,61,-15,15
51843,72,67,5,5
51844,80,71,9,9
51845,75,71,4,4
51846,94,83,11,11
51847,117,120,-3,3
51848,67,67,0,0
51849,71,74,-3,3
51850,67,80,-13,13
51851,68,63,5,5
51852,91,89,2,2
51853,71,74,-3,3
51854,114,116,-2,2
51855,93,98,-5,5
51856,73,81,-8,8
51857,164,150,14,14
51858,132,118,14,14
51859,66,55,11,11
51860,153,134,19,19
51861,108,116,-8,8
51862,110,102,8,8
51863,156,139,17,17
51864,162,152,10,10
51865,150,144,6,6
51866,125,117,8,8
51867,61,61,0,0
51868,95,93,2,2
51869,152,132,20,20
51870,125,127,-2,2
51871,119,104,15,15
51872,166,182,-16,16
51873,120,105,15,15
51874,58,58,0,0
51875,45,50,-5,5
51876,117,127,-10,10
51877,65,60,5,5
51878,105,112,-7,7
51879,70,70,0,0
51880,78,74,4,4
51881,91,85,6,6
51882,78,71,7,7
51883,116,132,-16,16
51884,132,116,16,16
51885,143,135,8,8
51886,117,121,-4,4
51887,147,154,-7,7
51888,63,66,-3,3
51889,80,90,-10,10
51890,98,95,3,3
51891,51,58,-7,7
51892,51,54,-3,3
51893,73,68,5,5
51894,95,87,8,8
51895,100,96,4,4
51896,74,80,-6,6
51897,110,99,11,11
51898,78,80,-2,2
51899,54,59,-5,5
51900,115,115,0,0
51901,139,130,9,9
51902,73,81,-8,8
51903,67,68,-1,1
51904,76,80,-4,4
51905,108,103,5,5
51906,104,102,2,2
51907,130,126,4,4
51908,116,116,0,0
51909,57,59,-2,2
51910,102,105,-3,3
51911,108,100,8,8
51912,95,87,8,8
51913,40,50,-10,10
51914,76,86,-10,10
51915,71,65,6,6
51916,137,134,3,3
51917,118,108,10,10
51918,129,125,4,4
51919,67,76,-9,9
51920,72,71,1,1
51921,111,118,-7,7
51922,95,97,-2,2
51923,130,141,-11,11
51924,116,119,-3,3
51925,68,66,2,2
51926,103,101,2,2
51927,95,97,-2,2
51928,117,114,3,3
51929,62,54,8,8
51930,75,81,-6,6
51931,56,64,-8,8
51932,120,105,15,15
51933,113,111,2,2
51934,85,80,5,5
51935,71,88,-17,17
51936,130,133,-3,3
51937,87,92,-5,5
51938,156,149,7,7
51939,89,89,0,0
51940,61,58,3,3
51941,115,112,3,3
51942,144,132,12,12
51943,73,82,-9,9
51944,94,94,0,0
51945,102,99,3,3
51946,125,123,2,2
51947,71,63,8,8
51948,140,134,6,6
51949,143,137,6,6
51950,77,81,-4,4
51951,86,74,12,12
51952,70,67,3,3
51953,101,89,12,12
51954,82,79,3,3
51955,93,87,6,6
51956,55,57,-2,2
51957,138,143,-5,5
51958,88,87,1,1
51959,81,83,-2,2
51960,176,154,22,22
51961,90,95,-5,5
51962,52,58,-6,6
51963,97,94,3,3
51964,45,54,-9,9
51965,114,120,-6,6
51966,155,143,12,12
51967,151,166,-15,15
51968,60,63,-3,3
51969,82,75,7,7
51970,96,97,-1,1
51971,126,111,15,15
51972,90,90,0,0
51973,83,70,13,13
51974,72,78,-6,6
51975,139,133,6,6
51976,137,133,4,4
51977,119,117,2,2
51978,115,96,19,19
51979,76,72,4,4
51980,80,97,-17,17
51981,101,93,8,8
51982,92,89,3,3
51983,65,67,-2,2
51984,89,92,-3,3
51985,72,69,3,3
51986,45,50,-5,5
51987,69,69,0,0
51988,81,81,0,0
51989,95,93,2,2
51990,76,79,-3,3
51991,49,50,-1,1
51992,97,101,-4,4
51993,90,78,12,12
51994,130,125,5,5
51995,74,81,-7,7
51996,46,57,-11,11
51997,74,82,-8,8
51998,108,102,6,6
51999,115,122,-7,7
52000,37,50,-13,13
52001,79,75,4,4
52002,75,78,-3,3
52003,174,152,22,22
52004,107,103,4,4
52005,53,53,0,0
52006,83,85,-2,2
52007,60,58,2,2
52008,98,103,-5,5
52009,57,58,-1,1
52010,54,55,-1,1
52011,83,77,6,6
52012,182,208,-26,26
52013,107,114,-7,7
52014,89,98,-9,9
52015,105,102,3,3
52016,109,110,-1,1
52017,141,127,14,14
52018,121,122,-1,1
52019,91,105,-14,14
52020,117,112,5,5
52021,58,66,-8,8
52022,80,66,14,14
52023,88,83,5,5
52024,80,80,0,0
52025,146,140,6,6
52026,105,104,1,1
52027,128,140,-12,12
52028,79,76,3,3
52029,123,125,-2,2
52030,85,84,1,1
52031,77,73,4,4
52032,70,64,6,6
52033,100,99,1,1
52034,71,68,3,3
52035,123,116,7,7
52036,85,87,-2,2
52037,113,113,0,0
52038,98,93,5,5
52039,67,77,-10,10
52040,130,130,0,0
52041,176,156,20,20
52042,117,114,3,3
52043,130,122,8,8
52044,114,108,6,6
52045,108,110,-2,2
52046,111,116,-5,5
52047,91,87,4,4
52048,153,138,15,15
52049,83,104,-21,21
52050,91,92,-1,1
52051,103,104,-1,1
52052,123,122,1,1
52053,57,60,-3,3
52054,115,110,5,5
52055,86,88,-2,2
52056,147,136,11,11
52057,116,130,-14,14
52058,87,88,-1,1
52059,81,78,3,3
52060,58,57,1,1
52061,97,84,13,13
52062,138,144,-6,6
52063,74,70,4,4
52064,60,71,-11,11
52065,94,95,-1,1
52066,150,143,7,7
52067,143,137,6,6
52068,72,71,1,1
52069,80,85,-5,5
52070,94,95,-1,1
52071,85,81,4,4
52072,108,102,6,6
52073,106,94,12,12
52074,86,89,-3,3
52075,160,146,14,14
52076,84,82,2,2
52077,78,71,7,7
52078,89,94,-5,5
52079,76,83,-7,7
52080,57,52,5,5
52081,93,93,0,0
52082,92,96,-4,4
52083,79,98,-19,19
52084,105,105,0,0
52085,146,147,-1,1
52086,79,84,-5,5
52087,96,99,-3,3
52088,97,98,-1,1
52089,74,72,2,2
52090,79,86,-7,7
52091,90,87,3,3
52092,133,129,4,4
52093,81,84,-3,3
52094,140,131,9,9
52095,20,50,-30,30
52096,42,91,-49,49
52097,178,155,23,23
52098,57,68,-11,11
52099,91,98,-7,7
52100,125,142,-17,17
52101,77,73,4,4
52102,73,77,-4,4
52103,96,101,-5,5
52104,63,62,1,1
52105,75,76,-1,1
52106,117,110,7,7
52107,135,131,4,4
52108,105,112,-7,7
52109,141,138,3,3
52110,123,108,15,15
52111,71,83,-12,12
52112,108,93,15,15
52113,104,108,-4,4
52114,108,115,-7,7
52115,93,93,0,0
52116,102,97,5,5
52117,99,89,10,10
52118,95,101,-6,6
52119,53,54,-1,1
52120,117,98,19,19
52121,79,89,-10,10
52122,55,64,-9,9
52123,163,159,4,4
52124,53,54,-1,1
52125,80,81,-1,1
52126,124,116,8,8
52127,75,69,6,6
52128,133,133,0,0
52129,83,84,-1,1
52130,54,59,-5,5
52131,52,55,-3,3
52132,67,72,-5,5
52133,75,71,4,4
52134,106,101,5,5
52135,140,131,9,9
52136,124,128,-4,4
52137,65,69,-4,4
52138,94,100,-6,6
52139,108,110,-2,2
52140,132,117,15,15
52141,123,117,6,6
52142,73,85,-12,12
52143,246,229,17,17
52144,91,81,10,10
52145,48,55,-7,7
52146,109,99,10,10
52147,120,108,12,12
52148,71,61,10,10
52149,44,51,-7,7
52150,83,79,4,4
52151,77,70,7,7
52152,108,101,7,7
52153,76,73,3,3
52154,116,101,15,15
52155,98,110,-12,12
52156,114,104,10,10
52157,142,128,14,14
52158,92,104,-12,12
52159,82,78,4,4
52160,86,84,2,2
52161,65,65,0,0
52162,91,89,2,2
52163,158,157,1,1
52164,79,78,1,1
52165,89,82,7,7
52166,54,51,3,3
52167,144,123,21,21
52168,167,170,-3,3
52169,94,102,-8,8
52170,75,74,1,1
52171,110,121,-11,11
52172,113,107,6,6
52173,63,62,1,1
52174,138,132,6,6
52175,101,86,15,15
52176,99,109,-10,10
52177,98,100,-2,2
52178,138,152,-14,14
52179,116,116,0,0
52180,53,63,-10,10
52181,97,95,2,2
52182,79,64,15,15
52183,94,110,-16,16
52184,72,77,-5,5
52185,104,111,-7,7
52186,113,101,12,12
52187,105,108,-3,3
52188,84,85,-1,1
52189,66,69,-3,3
52190,75,75,0,0
52191,106,104,2,2
52192,100,96,4,4
52193,75,82,-7,7
52194,45,51,-6,6
52195,126,133,-7,7
52196,102,97,5,5
52197,108,108,0,0
52198,99,92,7,7
52199,146,132,14,14
52200,107,106,1,1
52201,105,112,-7,7
52202,58,56,2,2
52203,114,120,-6,6
52204,151,130,21,21
52205,72,75,-3,3
52206,79,72,7,7
52207,131,118,13,13
52208,91,88,3,3
52209,52,56,-4,4
52210,81,67,14,14
52211,85,68,17,17
52212,96,90,6,6
52213,42,53,-11,11
52214,73,65,8,8
52215,100,95,5,5
52216,104,101,3,3
52217,85,92,-7,7
52218,67,74,-7,7
52219,71,74,-3,3
52220,100,89,11,11
52221,134,109,25,25
52222,104,110,-6,6
52223,90,79,11,11
52224,96,126,-30,30
52225,61,86,-25,25
52226,65,68,-3,3
52227,139,134,5,5
52228,46,51,-5,5
52229,70,69,1,1
52230,142,130,12,12
52231,90,87,3,3
52232,112,102,10,10
52233,113,105,8,8
52234,59,63,-4,4
52235,111,108,3,3
52236,84,77,7,7
52237,74,69,5,5
52238,78,69,9,9
52239,145,148,-3,3
52240,100,118,-18,18
52241,103,99,4,4
52242,55,55,0,0
52243,93,93,0,0
52244,78,74,4,4
52245,80,76,4,4
52246,104,94,10,10
52247,66,67,-1,1
52248,68,61,7,7
52249,60,56,4,4
52250,103,116,-13,13
52251,69,68,1,1
52252,92,89,3,3
52253,48,55,-7,7
52254,54,60,-6,6
52255,54,56,-2,2
52256,58,60,-2,2
52257,160,145,15,15
52258,83,79,4,4
52259,90,84,6,6
52260,71,120,-49,49
52261,168,173,-5,5
52262,137,140,-3,3
52263,139,139,0,0
52264,74,68,6,6
52265,75,79,-4,4
52266,65,59,6,6
52267,93,82,11,11
52268,94,92,2,2
52269,65,77,-12,12
52270,110,111,-1,1
52271,29,50,-21,21
52272,91,89,2,2
52273,78,75,3,3
52274,77,76,1,1
52275,93,93,0,0
52276,158,145,13,13
52277,206,192,14,14
52278,98,98,0,0
52279,131,126,5,5
52280,115,107,8,8
52281,129,109,20,20
52282,97,93,4,4
52283,97,90,7,7
52284,78,90,-12,12
52285,81,83,-2,2
52286,107,105,2,2
52287,80,83,-3,3
52288,67,68,-1,1
52289,66,74,-8,8
52290,56,57,-1,1
52291,72,70,2,2
52292,50,56,-6,6
52293,70,101,-31,31
52294,128,116,12,12
52295,138,140,-2,2
52296,38,50,-12,12
52297,113,110,3,3
52298,168,163,5,5
52299,115,103,12,12
52300,88,87,1,1
52301,80,76,4,4
52302,124,128,-4,4
52303,190,182,8,8
52304,92,97,-5,5
52305,83,83,0,0
52306,78,81,-3,3
52307,64,57,7,7
52308,121,118,3,3
52309,74,75,-1,1
52310,59,59,0,0
52311,200,155,45,45
52312,157,147,10,10
52313,86,84,2,2
52314,126,121,5,5
52315,75,75,0,0
52316,95,108,-13,13
52317,118,105,13,13
52318,174,162,12,12
52319,148,137,11,11
52320,70,74,-4,4
52321,99,97,2,2
52322,73,75,-2,2
52323,178,155,23,23
52324,127,123,4,4
52325,137,138,-1,1
52326,35,50,-15,15
52327,58,59,-1,1
52328,104,107,-3,3
52329,85,84,1,1
52330,91,90,1,1
52331,40,50,-10,10
52332,83,85,-2,2
52333,100,105,-5,5
52334,73,77,-4,4
52335,51,57,-6,6
52336,263,204,59,59
52337,87,89,-2,2
52338,85,84,1,1
52339,85,85,0,0
52340,89,83,6,6
52341,176,173,3,3
52342,103,100,3,3
52343,128,133,-5,5
52344,166,166,0,0
52345,92,108,-16,16
52346,100,99,1,1
52347,98,88,10,10
52348,57,60,-3,3
52349,127,117,10,10
52350,86,90,-4,4
52351,144,144,0,0
52352,60,62,-2,2
52353,113,109,4,4
52354,113,109,4,4
52355,103,100,3,3
52356,90,87,3,3
52357,56,54,2,2
52358,47,52,-5,5
52359,105,108,-3,3
52360,61,63,-2,2
52361,128,137,-9,9
52362,55,76,-21,21
52363,67,60,7,7
52364,65,65,0,0
52365,116,109,7,7
52366,76,79,-3,3
52367,41,50,-9,9
52368,83,74,9,9
52369,82,90,-8,8
52370,50,56,-6,6
52371,81,90,-9,9
52372,57,53,4,4
52373,83,80,3,3
52374,87,96,-9,9
52375,56,61,-5,5
52376,68,66,2,2
52377,71,61,10,10
52378,77,79,-2,2
52379,67,64,3,3
52380,120,107,13,13
52381,74,74,0,0
52382,121,121,0,0
52383,73,76,-3,3
52384,53,56,-3,3
52385,68,70,-2,2
52386,95,91,4,4
52387,103,107,-4,4
52388,46,52,-6,6
52389,73,64,9,9
52390,148,141,7,7
52391,145,133,12,12
52392,105,96,9,9
52393,71,74,-3,3
52394,43,52,-9,9
52395,106,106,0,0
52396,114,112,2,2
52397,80,79,1,1
52398,64,86,-22,22
52399,125,116,9,9
52400,84,92,-8,8
52401,86,90,-4,4
52402,101,96,5,5
52403,95,92,3,3
52404,90,95,-5,5
52405,93,89,4,4
52406,62,64,-2,2
52407,146,137,9,9
52408,87,89,-2,2
52409,85,79,6,6
52410,134,118,16,16
52411,82,76,6,6
52412,46,56,-10,10
52413,73,65,8,8
52414,23,50,-27,27
52415,167,150,17,17
52416,116,97,19,19
52417,112,116,-4,4
52418,227,209,18,18
52419,108,112,-4,4
52420,93,94,-1,1
52421,76,78,-2,2
52422,75,75,0,0
52423,74,82,-8,8
52424,85,74,11,11
52425,68,70,-2,2
52426,93,85,8,8
52427,143,135,8,8
52428,132,123,9,9
52429,68,66,2,2
52430,49,63,-14,14
52431,116,107,9,9
52432,87,81,6,6
52433,114,104,10,10
52434,133,125,8,8
52435,81,76,5,5
52436,105,96,9,9
52437,88,89,-1,1
52438,158,141,17,17
52439,82,74,8,8
52440,91,92,-1,1
52441,158,154,4,4
52442,77,82,-5,5
52443,61,83,-22,22
52444,57,60,-3,3
52445,76,79,-3,3
52446,80,82,-2,2
52447,90,99,-9,9
52448,75,62,13,13
52449,105,100,5,5
52450,99,96,3,3
52451,134,133,1,1
52452,70,75,-5,5
52453,139,148,-9,9
52454,67,67,0,0
52455,186,166,20,20
52456,101,99,2,2
52457,142,137,5,5
52458,66,58,8,8
52459,88,84,4,4
52460,79,84,-5,5
52461,80,81,-1,1
52462,103,111,-8,8
52463,133,140,-7,7
52464,21,80,-59,59
52465,98,82,16,16
52466,67,65,2,2
52467,117,143,-26,26
52468,71,71,0,0
52469,45,52,-7,7
52470,90,82,8,8
52471,122,101,21,21
52472,133,125,8,8
52473,70,68,2,2
52474,99,103,-4,4
52475,161,149,12,12
52476,123,113,10,10
52477,116,107,9,9
52478,148,126,22,22
52479,55,51,4,4
52480,107,109,-2,2
52481,69,65,4,4
52482,103,119,-16,16
52483,50,53,-3,3
52484,76,77,-1,1
52485,98,100,-2,2
52486,63,65,-2,2
52487,69,65,4,4
52488,115,112,3,3
52489,64,60,4,4
52490,80,79,1,1
52491,93,85,8,8
52492,93,93,0,0
52493,107,100,7,7
52494,91,90,1,1
52495,73,89,-16,16
52496,163,143,20,20
52497,82,78,4,4
52498,133,122,11,11
52499,70,78,-8,8
52500,74,75,-1,1
52501,72,73,-1,1
52502,51,50,1,1
52503,192,167,25,25
52504,59,71,-12,12
52505,69,66,3,3
52506,47,52,-5,5
52507,146,159,-13,13
52508,149,135,14,14
52509,96,112,-16,16
52510,73,64,9,9
52511,143,130,13,13
52512,101,106,-5,5
52513,96,97,-1,1
52514,108,116,-8,8
52515,77,77,0,0
52516,45,52,-7,7
52517,89,95,-6,6
52518,160,149,11,11
52519,97,102,-5,5
52520,82,81,1,1
52521,80,72,8,8
52522,70,69,1,1
52523,123,113,10,10
52524,109,104,5,5
52525,162,158,4,4
52526,129,127,2,2
52527,80,76,4,4
52528,49,55,-6,6
52529,129,113,16,16
52530,79,74,5,5
52531,89,99,-10,10
52532,92,95,-3,3
52533,87,78,9,9
52534,104,97,7,7
52535,106,91,15,15
52536,169,168,1,1
52537,96,108,-12,12
52538,66,67,-1,1
52539,140,132,8,8
52540,128,116,12,12
52541,82,77,5,5
52542,128,117,11,11
52543,109,111,-2,2
52544,59,62,-3,3
52545,61,64,-3,3
52546,109,89,20,20
52547,72,78,-6,6
52548,57,69,-12,12
52549,94,99,-5,5
52550,86,88,-2,2
52551,57,60,-3,3
52552,142,135,7,7
52553,79,89,-10,10
52554,150,145,5,5
52555,122,131,-9,9
52556,106,112,-6,6
52557,41,51,-10,10
52558,218,196,22,22
52559,106,99,7,7
52560,80,73,7,7
52561,87,88,-1,1
52562,121,130,-9,9
52563,68,66,2,2
52564,79,83,-4,4
52565,63,61,2,2
52566,57,68,-11,11
52567,132,134,-2,2
52568,86,87,-1,1
52569,92,90,2,2
52570,187,170,17,17
52571,97,95,2,2
52572,135,129,6,6
52573,126,110,16,16
52574,79,82,-3,3
52575,69,79,-10,10
52576,142,141,1,1
52577,97,91,6,6
52578,104,112,-8,8
52579,112,115,-3,3
52580,168,170,-2,2
52581,145,127,18,18
52582,137,128,9,9
52583,142,127,15,15
52584,81,74,7,7
52585,97,93,4,4
52586,90,77,13,13
52587,121,143,-22,22
52588,71,76,-5,5
52589,61,60,1,1
52590,95,113,-18,18
52591,95,117,-22,22
52592,53,67,-14,14
52593,126,125,1,1
52594,72,79,-7,7
52595,86,80,6,6
52596,141,142,-1,1
52597,96,102,-6,6
52598,98,105,-7,7
52599,123,121,2,2
52600,46,52,-6,6
52601,95,84,11,11
52602,127,119,8,8
52603,153,133,20,20
52604,115,109,6,6
52605,104,96,8,8
52606,53,57,-4,4
52607,95,90,5,5
52608,88,86,2,2
52609,133,116,17,17
52610,88,89,-1,1
52611,25,50,-25,25
52612,142,121,21,21
52613,98,105,-7,7
52614,93,90,3,3
52615,99,93,6,6
52616,152,142,10,10
52617,124,122,2,2
52618,112,115,-3,3
52619,134,119,15,15
52620,104,110,-6,6
52621,86,83,3,3
52622,117,118,-1,1
52623,77,78,-1,1
52624,88,89,-1,1
52625,72,69,3,3
52626,87,106,-19,19
52627,80,77,3,3
52628,103,101,2,2
52629,136,135,1,1
52630,105,114,-9,9
52631,96,93,3,3
52632,90,82,8,8
52633,53,53,0,0
52634,77,77,0,0
52635,60,58,2,2
52636,115,120,-5,5
52637,93,89,4,4
52638,91,79,12,12
52639,162,164,-2,2
52640,115,100,15,15
52641,148,155,-7,7
52642,68,64,4,4
52643,79,81,-2,2
52644,53,55,-2,2
52645,60,60,0,0
52646,63,70,-7,7
52647,102,102,0,0
52648,111,105,6,6
52649,116,112,4,4
52650,50,52,-2,2
52651,113,105,8,8
52652,46,57,-11,11
52653,62,61,1,1
52654,112,109,3,3
52655,58,67,-9,9
52656,85,88,-3,3
52657,111,102,9,9
52658,105,104,1,1
52659,113,123,-10,10
52660,174,160,14,14
52661,125,117,8,8
52662,109,105,4,4
52663,67,65,2,2
52664,76,68,8,8
52665,193,244,-51,51
52666,128,125,3,3
52667,88,85,3,3
52668,70,75,-5,5
52669,63,63,0,0
52670,148,140,8,8
52671,89,96,-7,7
52672,152,146,6,6
52673,62,64,-2,2
52674,141,119,22,22
52675,48,55,-7,7
52676,185,174,11,11
52677,89,85,4,4
52678,87,84,3,3
52679,50,68,-18,18
52680,79,73,6,6
52681,124,136,-12,12
52682,109,104,5,5
52683,54,58,-4,4
52684,90,81,9,9
52685,85,86,-1,1
52686,35,96,-61,61
52687,86,85,1,1
52688,47,55,-8,8
52689,103,96,7,7
52690,105,108,-3,3
52691,47,59,-12,12
52692,44,52,-8,8
52693,137,126,11,11
52694,69,75,-6,6
52695,47,51,-4,4
52696,63,62,1,1
52697,118,119,-1,1
52698,83,88,-5,5
52699,80,95,-15,15
52700,119,97,22,22
52701,107,117,-10,10
52702,100,112,-12,12
52703,96,100,-4,4
52704,90,97,-7,7
52705,136,128,8,8
52706,142,148,-6,6
52707,82,83,-1,1
52708,64,54,10,10
52709,89,91,-2,2
52710,49,56,-7,7
52711,138,125,13,13
52712,74,62,12,12
52713,55,67,-12,12
52714,147,127,20,20
52715,87,91,-4,4
52716,67,78,-11,11
52717,90,82,8,8
52718,72,89,-17,17
52719,110,106,4,4
52720,166,165,1,1
52721,128,106,22,22
52722,70,76,-6,6
52723,95,98,-3,3
52724,58,55,3,3
52725,95,97,-2,2
52726,78,83,-5,5
52727,99,101,-2,2
52728,79,74,5,5
52729,96,81,15,15
52730,87,81,6,6
52731,57,60,-3,3
52732,67,66,1,1
52733,84,89,-5,5
52734,73,76,-3,3
52735,77,76,1,1
52736,65,64,1,1
52737,34,51,-17,17
52738,103,101,2,2
52739,117,122,-5,5
52740,73,65,8,8
52741,121,112,9,9
52742,67,71,-4,4
52743,118,99,19,19
52744,145,142,3,3
52745,83,82,1,1
52746,105,98,7,7
52747,81,69,12,12
52748,92,94,-2,2
52749,44,50,-6,6
52750,104,102,2,2
52751,45,50,-5,5
52752,96,90,6,6
52753,115,117,-2,2
52754,91,96,-5,5
52755,64,75,-11,11
52756,63,62,1,1
52757,83,85,-2,2
52758,126,125,1,1
52759,57,63,-6,6
52760,209,192,17,17
52761,153,134,19,19
52762,57,59,-2,2
52763,70,65,5,5
52764,118,124,-6,6
52765,110,112,-2,2
52766,63,56,7,7
52767,117,109,8,8
52768,151,129,22,22
52769,135,147,-12,12
52770,75,73,2,2
52771,121,114,7,7
52772,142,147,-5,5
52773,107,105,2,2
52774,87,84,3,3
52775,83,86,-3,3
52776,54,50,4,4
52777,120,115,5,5
52778,75,79,-4,4
52779,116,117,-1,1
52780,80,78,2,2
52781,132,134,-2,2
52782,61,66,-5,5
52783,70,77,-7,7
52784,57,50,7,7
52785,137,132,5,5
52786,112,97,15,15
52787,77,77,0,0
52788,78,79,-1,1
52789,94,99,-5,5
52790,85,86,-1,1
52791,61,58,3,3
52792,80,78,2,2
52793,116,104,12,12
52794,64,80,-16,16
52795,69,74,-5,5
52796,124,109,15,15
52797,78,64,14,14
52798,109,112,-3,3
52799,90,85,5,5
52800,148,145,3,3
52801,64,64,0,0
52802,59,56,3,3
52803,42,50,-8,8
52804,132,128,4,4
52805,132,128,4,4
52806,68,59,9,9
52807,173,178,-5,5
52808,73,69,4,4
52809,88,91,-3,3
52810,95,91,4,4
52811,56,59,-3,3
52812,83,74,9,9
52813,131,133,-2,2
52814,65,76,-11,11
52815,77,77,0,0
52816,110,115,-5,5
52817,80,110,-30,30
52818,76,69,7,7
52819,73,77,-4,4
52820,66,68,-2,2
52821,149,134,15,15
52822,55,57,-2,2
52823,60,55,5,5
52824,151,148,3,3
52825,112,117,-5,5
52826,67,63,4,4
52827,67,83,-16,16
52828,77,86,-9,9
52829,114,118,-4,4
52830,123,131,-8,8
52831,83,78,5,5
52832,42,54,-12,12
52833,104,110,-6,6
52834,90,89,1,1
52835,107,115,-8,8
52836,153,140,13,13
52837,68,66,2,2
52838,41,51,-10,10
52839,82,83,-1,1
52840,55,55,0,0
52841,114,107,7,7
52842,92,86,6,6
52843,90,95,-5,5
52844,70,68,2,2
52845,75,80,-5,5
52846,112,92,20,20
52847,76,80,-4,4
52848,107,80,27,27
52849,96,97,-1,1
52850,107,104,3,3
52851,46,53,-7,7
52852,103,114,-11,11
52853,122,119,3,3
52854,117,113,4,4
52855,69,79,-10,10
52856,100,103,-3,3
52857,70,59,11,11
52858,96,105,-9,9
52859,89,86,3,3
52860,112,114,-2,2
52861,93,110,-17,17
52862,104,100,4,4
52863,79,79,0,0
52864,150,145,5,5
52865,145,138,7,7
52866,135,136,-1,1
52867,61,64,-3,3
52868,75,78,-3,3
52869,63,58,5,5
52870,77,81,-4,4
52871,115,123,-8,8
52872,94,90,4,4
52873,60,59,1,1
52874,99,101,-2,2
52875,162,168,-6,6
52876,89,94,-5,5
52877,84,87,-3,3
52878,90,99,-9,9
52879,132,122,10,10
52880,106,98,8,8
52881,50,50,0,0
52882,66,63,3,3
52883,153,143,10,10
52884,55,56,-1,1
52885,92,86,6,6
52886,113,113,0,0
52887,54,55,-1,1
52888,132,126,6,6
52889,116,102,14,14
52890,88,220,-132,132
52891,127,122,5,5
52892,80,86,-6,6
52893,125,112,13,13
52894,108,99,9,9
52895,104,102,2,2
52896,62,70,-8,8
52897,76,81,-5,5
52898,77,82,-5,5
52899,120,114,6,6
52900,71,73,-2,2
52901,54,65,-11,11
52902,115,120,-5,5
52903,138,140,-2,2
52904,95,90,5,5
52905,31,50,-19,19
52906,46,50,-4,4
52907,147,127,20,20
52908,129,136,-7,7
52909,82,66,16,16
52910,81,86,-5,5
52911,62,60,2,2
52912,140,131,9,9
52913,101,101,0,0
52914,120,107,13,13
52915,48,50,-2,2
52916,132,123,9,9
52917,164,146,18,18
52918,48,60,-12,12
52919,81,91,-10,10
52920,74,76,-2,2
52921,79,93,-14,14
52922,97,95,2,2
52923,81,88,-7,7
52924,47,52,-5,5
52925,97,102,-5,5
52926,59,66,-7,7
52927,68,62,6,6
52928,67,67,0,0
52929,66,68,-2,2
52930,143,127,16,16
52931,88,86,2,2
52932,96,95,1,1
52933,169,139,30,30
52934,106,94,12,12
52935,106,102,4,4
52936,78,78,0,0
52937,107,112,-5,5
52938,132,141,-9,9
52939,88,74,14,14
52940,68,80,-12,12
52941,104,97,7,7
52942,79,75,4,4
52943,96,89,7,7
52944,159,153,6,6
52945,133,134,-1,1
52946,81,84,-3,3
52947,67,74,-7,7
52948,86,89,-3,3
52949,75,76,-1,1
52950,106,108,-2,2
52951,55,60,-5,5
52952,167,147,20,20
52953,33,50,-17,17
52954,114,123,-9,9
52955,153,134,19,19
52956,76,75,1,1
52957,74,82,-8,8
52958,152,152,0,0
52959,176,136,40,40
52960,86,81,5,5
52961,191,170,21,21
52962,116,116,0,0
52963,87,84,3,3
52964,133,129,4,4
52965,131,138,-7,7
52966,96,94,2,2
52967,113,115,-2,2
52968,52,54,-2,2
52969,68,73,-5,5
52970,110,105,5,5
52971,58,59,-1,1
52972,104,118,-14,14
52973,93,92,1,1
52974,118,120,-2,2
52975,92,96,-4,4
52976,77,81,-4,4
52977,43,50,-7,7
52978,19,50,-31,31
52979,156,134,22,22
52980,145,143,2,2
52981,85,88,-3,3
52982,85,71,14,14
52983,121,110,11,11
52984,76,72,4,4
52985,137,142,-5,5
52986,76,77,-1,1
52987,91,86,5,5
52988,93,89,4,4
52989,133,138,-5,5
52990,128,120,8,8
52991,106,107,-1,1
52992,77,79,-2,2
52993,104,97,7,7
52994,82,77,5,5
52995,77,78,-1,1
52996,91,101,-10,10
52997,73,96,-23,23
52998,144,139,5,5
52999,103,99,4,4
53000,97,113,-16,16
53001,238,221,17,17
53002,87,82,5,5
53003,135,127,8,8
53004,63,64,-1,1
53005,95,91,4,4
53006,42,50,-8,8
53007,69,73,-4,4
53008,98,90,8,8
53009,147,142,5,5
53010,108,113,-5,5
53011,52,54,-2,2
53012,69,65,4,4
53013,92,73,19,19
53014,129,131,-2,2
53015,83,84,-1,1
53016,108,111,-3,3
53017,126,128,-2,2
53018,84,81,3,3
53019,86,74,12,12
53020,82,101,-19,19
53021,88,91,-3,3
53022,101,87,14,14
53023,130,119,11,11
53024,83,86,-3,3
53025,118,125,-7,7
53026,106,103,3,3
53027,108,108,0,0
53028,85,65,20,20
53029,133,124,9,9
53030,77,72,5,5
53031,110,99,11,11
53032,71,82,-11,11
53033,72,78,-6,6
53034,44,50,-6,6
53035,69,62,7,7
53036,106,99,7,7
53037,103,99,4,4
53038,82,75,7,7
53039,119,126,-7,7
53040,94,98,-4,4
53041,67,68,-1,1
53042,81,79,2,2
53043,102,93,9,9
53044,68,64,4,4
53045,154,137,17,17
53046,80,74,6,6
53047,120,111,9,9
53048,59,88,-29,29
53049,149,146,3,3
53050,66,72,-6,6
53051,80,65,15,15
53052,61,62,-1,1
53053,40,51,-11,11
53054,80,86,-6,6
53055,54,54,0,0
53056,90,111,-21,21
53057,107,104,3,3
53058,62,63,-1,1
53059,157,163,-6,6
53060,113,109,4,4
53061,107,119,-12,12
53062,87,71,16,16
53063,90,87,3,3
53064,155,147,8,8
53065,37,53,-16,16
53066,66,71,-5,5
53067,92,96,-4,4
53068,74,70,4,4
53069,38,50,-12,12
53070,83,76,7,7
53071,90,98,-8,8
53072,262,327,-65,65
53073,83,83,0,0
53074,65,58,7,7
53075,84,75,9,9
53076,50,54,-4,4
53077,95,103,-8,8
53078,80,83,-3,3
53079,135,124,11,11
53080,75,68,7,7
53081,79,83,-4,4
53082,179,173,6,6
53083,119,118,1,1
53084,89,75,14,14
53085,58,65,-7,7
53086,98,103,-5,5
53087,58,58,0,0
53088,62,64,-2,2
53089,65,63,2,2
53090,90,88,2,2
53091,134,121,13,13
53092,61,65,-4,4
53093,142,140,2,2
53094,71,75,-4,4
53095,147,123,24,24
53096,122,121,1,1
53097,151,139,12,12
53098,105,103,2,2
53099,56,59,-3,3
53100,124,127,-3,3
53101,140,145,-5,5
53102,107,104,3,3
53103,103,107,-4,4
53104,98,89,9,9
53105,63,56,7,7
53106,51,57,-6,6
53107,81,80,1,1
53108,65,71,-6,6
53109,150,139,11,11
53110,134,133,1,1
53111,46,51,-5,5
53112,120,107,13,13
53113,80,83,-3,3
53114,93,89,4,4
53115,176,155,21,21
53116,115,121,-6,6
53117,128,123,5,5
53118,143,131,12,12
53119,55,56,-1,1
53120,85,74,11,11
53121,102,95,7,7
53122,54,55,-1,1
53123,151,124,27,27
53124,83,75,8,8
53125,47,51,-4,4
53126,80,76,4,4
53127,126,120,6,6
53128,105,108,-3,3
53129,103,108,-5,5
53130,70,75,-5,5
53131,64,63,1,1
53132,116,113,3,3
53133,124,133,-9,9
53134,89,86,3,3
53135,73,77,-4,4
53136,131,132,-1,1
53137,120,108,12,12
53138,102,95,7,7
53139,88,80,8,8
53140,82,79,3,3
53141,88,86,2,2
53142,135,115,20,20
53143,119,118,1,1
53144,67,72,-5,5
53145,55,52,3,3
53146,170,164,6,6
53147,125,133,-8,8
53148,132,117,15,15
53149,146,144,2,2
53150,83,80,3,3
53151,85,81,4,4
53152,101,102,-1,1
53153,84,87,-3,3
53154,135,126,9,9
53155,54,54,0,0
53156,74,62,12,12
53157,72,72,0,0
53158,112,93,19,19
53159,137,137,0,0
53160,82,72,10,10
53161,121,111,10,10
53162,83,84,-1,1
53163,112,117,-5,5
53164,66,60,6,6
53165,90,83,7,7
53166,111,117,-6,6
53167,70,77,-7,7
53168,98,102,-4,4
53169,101,97,4,4
53170,108,99,9,9
53171,77,78,-1,1
53172,94,96,-2,2
53173,77,82,-5,5
53174,52,61,-9,9
53175,114,114,0,0
53176,79,79,0,0
53177,43,55,-12,12
53178,110,98,12,12
53179,51,62,-11,11
53180,81,81,0,0
53181,122,115,7,7
53182,128,133,-5,5
53183,92,108,-16,16
53184,111,105,6,6
53185,106,96,10,10
53186,56,61,-5,5
53187,137,122,15,15
53188,75,66,9,9
53189,71,68,3,3
53190,67,66,1,1
53191,89,87,2,2
53192,96,99,-3,3
53193,106,108,-2,2
53194,71,69,2,2
53195,128,117,11,11
53196,63,65,-2,2
53197,82,74,8,8
53198,67,67,0,0
53199,80,76,4,4
53200,124,118,6,6
53201,117,113,4,4
53202,115,128,-13,13
53203,107,112,-5,5
53204,65,66,-1,1
53205,119,118,1,1
53206,88,96,-8,8
53207,53,58,-5,5
53208,156,145,11,11
53209,71,69,2,2
53210,89,90,-1,1
53211,88,78,10,10
53212,113,108,5,5
53213,43,52,-9,9
53214,106,106,0,0
53215,85,85,0,0
53216,108,125,-17,17
53217,70,62,8,8
53218,163,157,6,6
53219,102,103,-1,1
53220,74,75,-1,1
53221,60,61,-1,1
53222,107,103,4,4
53223,59,76,-17,17
53224,90,75,15,15
53225,134,126,8,8
53226,159,151,8,8
53227,99,89,10,10
53228,75,75,0,0
53229,62,57,5,5
53230,93,92,1,1
53231,101,99,2,2
53232,61,67,-6,6
53233,88,75,13,13
53234,99,101,-2,2
53235,45,51,-6,6
53236,65,67,-2,2
53237,120,107,13,13
53238,85,84,1,1
53239,76,79,-3,3
53240,111,103,8,8
53241,75,76,-1,1
53242,96,98,-2,2
53243,134,116,18,18
53244,62,57,5,5
53245,69,64,5,5
53246,95,96,-1,1
53247,93,87,6,6
53248,73,76,-3,3
53249,89,75,14,14
53250,59,53,6,6
53251,73,65,8,8
53252,115,117,-2,2
53253,86,84,2,2
53254,141,157,-16,16
53255,109,130,-21,21
53256,112,100,12,12
53257,74,76,-2,2
53258,57,58,-1,1
53259,61,64,-3,3
53260,104,105,-1,1
53261,111,97,14,14
53262,80,80,0,0
53263,107,101,6,6
53264,43,53,-10,10
53265,71,79,-8,8
53266,54,55,-1,1
53267,74,82,-8,8
53268,77,74,3,3
53269,86,95,-9,9
53270,65,67,-2,2
53271,103,91,12,12
53272,67,73,-6,6
53273,77,67,10,10
53274,53,60,-7,7
53275,128,113,15,15
53276,75,78,-3,3
53277,111,132,-21,21
53278,94,94,0,0
53279,93,88,5,5
53280,131,117,14,14
53281,61,89,-28,28
53282,69,68,1,1
53283,70,63,7,7
53284,50,55,-5,5
53285,69,63,6,6
53286,101,94,7,7
53287,86,79,7,7
53288,98,95,3,3
53289,140,104,36,36
53290,88,88,0,0
53291,51,54,-3,3
53292,72,73,-1,1
53293,109,114,-5,5
53294,67,78,-11,11
53295,114,111,3,3
53296,98,91,7,7
53297,98,106,-8,8
53298,107,116,-9,9
53299,133,144,-11,11
53300,161,156,5,5
53301,161,133,28,28
53302,125,122,3,3
53303,90,90,0,0
53304,112,115,-3,3
53305,61,64,-3,3
53306,186,182,4,4
53307,102,110,-8,8
53308,273,269,4,4
53309,125,127,-2,2
53310,124,128,-4,4
53311,115,108,7,7
53312,86,83,3,3
53313,67,66,1,1
53314,90,91,-1,1
53315,146,139,7,7
53316,64,64,0,0
53317,78,76,2,2
53318,73,69,4,4
53319,132,122,10,10
53320,78,77,1,1
53321,108,114,-6,6
53322,72,66,6,6
53323,112,119,-7,7
53324,110,106,4,4
53325,157,145,12,12
53326,87,81,6,6
53327,63,60,3,3
53328,47,51,-4,4
53329,55,60,-5,5
53330,57,53,4,4
53331,77,82,-5,5
53332,73,69,4,4
53333,52,53,-1,1
53334,60,74,-14,14
53335,171,183,-12,12
53336,153,140,13,13
53337,128,125,3,3
53338,101,99,2,2
53339,58,60,-2,2
53340,67,63,4,4
53341,58,64,-6,6
53342,69,65,4,4
53343,198,169,29,29
53344,85,79,6,6
53345,96,85,11,11
53346,68,92,-24,24
53347,80,75,5,5
53348,56,62,-6,6
53349,67,66,1,1
53350,57,56,1,1
53351,39,54,-15,15
53352,81,89,-8,8
53353,117,114,3,3
53354,104,106,-2,2
53355,105,111,-6,6
53356,83,80,3,3
53357,135,136,-1,1
53358,76,64,12,12
53359,122,113,9,9
53360,78,75,3,3
53361,37,50,-13,13
53362,134,122,12,12
53363,71,64,7,7
53364,119,111,8,8
53365,23,52,-29,29
53366,145,138,7,7
53367,99,99,0,0
53368,70,79,-9,9
53369,41,59,-18,18
53370,82,90,-8,8
53371,102,96,6,6
53372,64,63,1,1
53373,60,57,3,3
53374,157,145,12,12
53375,144,126,18,18
53376,107,108,-1,1
53377,108,117,-9,9
53378,79,81,-2,2
53379,77,88,-11,11
53380,102,97,5,5
53381,62,61,1,1
53382,87,90,-3,3
53383,156,144,12,12
53384,59,59,0,0
53385,54,56,-2,2
53386,114,113,1,1
53387,87,99,-12,12
53388,132,129,3,3
53389,135,132,3,3
53390,126,108,18,18
53391,105,109,-4,4
53392,95,103,-8,8
53393,101,97,4,4
53394,51,59,-8,8
53395,63,68,-5,5
53396,149,145,4,4
53397,72,60,12,12
53398,147,139,8,8
53399,67,64,3,3
53400,106,111,-5,5
53401,98,103,-5,5
53402,100,92,8,8
53403,93,105,-12,12
53404,69,74,-5,5
53405,116,134,-18,18
53406,88,86,2,2
53407,114,135,-21,21
53408,53,57,-4,4
53409,55,54,1,1
53410,86,92,-6,6
53411,110,104,6,6
53412,82,79,3,3
53413,87,80,7,7
53414,60,56,4,4
53415,59,57,2,2
53416,72,64,8,8
53417,99,85,14,14
53418,111,98,13,13
53419,105,105,0,0
53420,110,105,5,5
53421,56,56,0,0
53422,126,133,-7,7
53423,75,82,-7,7
53424,56,56,0,0
53425,119,135,-16,16
53426,98,95,3,3
53427,171,169,2,2
53428,169,143,26,26
53429,126,127,-1,1
53430,194,169,25,25
53431,112,103,9,9
53432,73,71,2,2
53433,106,105,1,1
53434,101,89,12,12
53435,119,110,9,9
53436,96,83,13,13
53437,58,57,1,1
53438,89,93,-4,4
53439,78,83,-5,5
53440,85,82,3,3
53441,87,87,0,0
53442,70,76,-6,6
53443,50,58,-8,8
53444,51,55,-4,4
53445,91,87,4,4
53446,79,83,-4,4
53447,98,97,1,1
53448,117,126,-9,9
53449,94,103,-9,9
53450,141,134,7,7
53451,133,136,-3,3
53452,48,55,-7,7
53453,121,119,2,2
53454,90,91,-1,1
53455,50,62,-12,12
53456,69,76,-7,7
53457,90,102,-12,12
53458,83,82,1,1
53459,89,103,-14,14
53460,84,83,1,1
53461,72,68,4,4
53462,65,67,-2,2
53463,93,92,1,1
53464,70,64,6,6
53465,68,69,-1,1
53466,128,140,-12,12
53467,102,84,18,18
53468,111,114,-3,3
53469,54,55,-1,1
53470,94,102,-8,8
53471,102,95,7,7
53472,104,101,3,3
53473,90,92,-2,2
53474,96,99,-3,3
53475,119,127,-8,8
53476,80,83,-3,3
53477,77,75,2,2
53478,228,266,-38,38
53479,134,112,22,22
53480,140,151,-11,11
53481,47,52,-5,5
53482,113,110,3,3
53483,58,58,0,0
53484,34,50,-16,16
53485,46,51,-5,5
53486,68,62,6,6
53487,68,72,-4,4
53488,43,51,-8,8
53489,74,82,-8,8
53490,88,91,-3,3
53491,130,141,-11,11
53492,112,92,20,20
53493,91,85,6,6
53494,70,72,-2,2
53495,137,132,5,5
53496,67,63,4,4
53497,90,81,9,9
53498,137,122,15,15
53499,83,92,-9,9
53500,105,113,-8,8
53501,78,80,-2,2
53502,93,75,18,18
53503,88,80,8,8
53504,65,60,5,5
53505,105,97,8,8
53506,131,135,-4,4
53507,52,54,-2,2
53508,48,56,-8,8
53509,127,134,-7,7
53510,70,84,-14,14
53511,62,57,5,5
53512,119,116,3,3
53513,75,77,-2,2
53514,90,81,9,9
53515,60,72,-12,12
53516,133,128,5,5
53517,86,82,4,4
53518,77,84,-7,7
53519,81,82,-1,1
53520,98,100,-2,2
53521,101,102,-1,1
53522,70,70,0,0
53523,86,79,7,7
53524,111,113,-2,2
53525,99,93,6,6
53526,62,62,0,0
53527,111,112,-1,1
53528,57,57,0,0
53529,93,93,0,0
53530,77,79,-2,2
53531,122,120,2,2
53532,96,100,-4,4
53533,52,53,-1,1
53534,66,56,10,10
53535,102,99,3,3
53536,79,94,-15,15
53537,83,93,-10,10
53538,90,90,0,0
53539,117,109,8,8
53540,87,87,0,0
53541,127,113,14,14
53542,50,57,-7,7
53543,62,62,0,0
53544,63,72,-9,9
53545,80,74,6,6
53546,111,133,-22,22
53547,53,51,2,2
53548,105,104,1,1
53549,97,87,10,10
53550,48,50,-2,2
53551,66,68,-2,2
53552,113,113,0,0
53553,142,132,10,10
53554,42,50,-8,8
53555,55,54,1,1
53556,111,96,15,15
53557,89,85,4,4
53558,76,89,-13,13
53559,126,114,12,12
53560,103,103,0,0
53561,53,59,-6,6
53562,90,88,2,2
53563,66,57,9,9
53564,60,65,-5,5
53565,49,57,-8,8
53566,230,202,28,28
53567,64,66,-2,2
53568,104,105,-1,1
53569,82,82,0,0
53570,157,151,6,6
53571,53,53,0,0
53572,93,96,-3,3
53573,76,72,4,4
53574,61,66,-5,5
53575,100,89,11,11
53576,52,58,-6,6
53577,69,66,3,3
53578,117,116,1,1
53579,124,118,6,6
53580,100,104,-4,4
53581,149,126,23,23
53582,99,98,1,1
53583,120,103,17,17
53584,79,85,-6,6
53585,177,171,6,6
53586,62,63,-1,1
53587,99,94,5,5
53588,157,144,13,13
53589,117,121,-4,4
53590,98,89,9,9
53591,68,64,4,4
53592,85,82,3,3
53593,91,100,-9,9
53594,106,96,10,10
53595,129,125,4,4
53596,134,120,14,14
53597,85,86,-1,1
53598,122,123,-1,1
53599,89,89,0,0
53600,46,54,-8,8
53601,91,94,-3,3
53602,136,134,2,2
53603,52,52,0,0
53604,98,102,-4,4
53605,98,89,9,9
53606,129,124,5,5
53607,49,53,-4,4
53608,75,68,7,7
53609,70,74,-4,4
53610,102,94,8,8
53611,114,110,4,4
53612,31,50,-19,19
53613,120,115,5,5
53614,108,104,4,4
53615,84,88,-4,4
53616,61,63,-2,2
53617,150,151,-1,1
53618,52,88,-36,36
53619,44,51,-7,7
53620,71,77,-6,6
53621,62,64,-2,2
53622,74,76,-2,2
53623,100,99,1,1
53624,83,88,-5,5
53625,82,87,-5,5
53626,149,130,19,19
53627,113,120,-7,7
53628,99,90,9,9
53629,94,94,0,0
53630,77,83,-6,6
53631,116,130,-14,14
53632,154,151,3,3
53633,84,85,-1,1
53634,116,98,18,18
53635,169,164,5,5
53636,126,121,5,5
53637,31,50,-19,19
53638,84,83,1,1
53639,81,75,6,6
53640,109,105,4,4
53641,96,97,-1,1
53642,78,74,4,4
53643,100,99,1,1
53644,101,99,2,2
53645,63,69,-6,6
53646,118,116,2,2
53647,119,111,8,8
53648,70,66,4,4
53649,82,75,7,7
53650,57,56,1,1
53651,89,94,-5,5
53652,124,115,9,9
53653,67,71,-4,4
53654,87,76,11,11
53655,115,106,9,9
53656,76,69,7,7
53657,63,64,-1,1
53658,105,100,5,5
53659,77,72,5,5
53660,124,124,0,0
53661,84,77,7,7
53662,52,51,1,1
53663,55,57,-2,2
53664,120,112,8,8
53665,206,175,31,31
53666,67,73,-6,6
53667,93,94,-1,1
53668,67,64,3,3
53669,71,65,6,6
53670,87,77,10,10
53671,72,65,7,7
53672,108,105,3,3
53673,116,108,8,8
53674,62,57,5,5
53675,61,67,-6,6
53676,57,60,-3,3
53677,100,95,5,5
53678,78,68,10,10
53679,93,95,-2,2
53680,102,103,-1,1
53681,187,181,6,6
53682,88,80,8,8
53683,100,101,-1,1
53684,169,161,8,8
53685,160,169,-9,9
53686,142,139,3,3
53687,146,146,0,0
53688,81,85,-4,4
53689,41,50,-9,9
53690,111,89,22,22
53691,124,114,10,10
53692,114,115,-1,1
53693,133,141,-8,8
53694,88,75,13,13
53695,90,83,7,7
53696,76,78,-2,2
53697,83,92,-9,9
53698,130,125,5,5
53699,48,60,-12,12
53700,85,97,-12,12
53701,77,72,5,5
53702,130,127,3,3
53703,118,101,17,17
53704,106,101,5,5
53705,67,71,-4,4
53706,111,112,-1,1
53707,94,88,6,6
53708,69,67,2,2
53709,76,89,-13,13
53710,96,88,8,8
53711,84,76,8,8
53712,144,116,28,28
53713,66,79,-13,13
53714,86,81,5,5
53715,56,59,-3,3
53716,103,113,-10,10
53717,154,145,9,9
53718,80,76,4,4
53719,89,87,2,2
53720,63,68,-5,5
53721,90,87,3,3
53722,102,95,7,7
53723,132,128,4,4
53724,103,103,0,0
53725,138,131,7,7
53726,107,103,4,4
53727,84,89,-5,5
53728,158,142,16,16
53729,143,141,2,2
53730,83,84,-1,1
53731,101,94,7,7
53732,42,52,-10,10
53733,156,145,11,11
53734,96,100,-4,4
53735,124,127,-3,3
53736,91,93,-2,2
53737,139,132,7,7
53738,80,74,6,6
53739,95,89,6,6
53740,95,90,5,5
53741,83,89,-6,6
53742,88,91,-3,3
53743,120,119,1,1
53744,79,77,2,2
53745,114,107,7,7
53746,54,58,-4,4
53747,72,76,-4,4
53748,122,108,14,14
53749,125,126,-1,1
53750,100,99,1,1
53751,90,100,-10,10
53752,92,88,4,4
53753,85,82,3,3
53754,115,111,4,4
53755,76,68,8,8
53756,94,105,-11,11
53757,128,118,10,10
53758,49,81,-32,32
53759,134,124,10,10
53760,114,112,2,2
53761,75,73,2,2
53762,71,67,4,4
53763,131,128,3,3
53764,110,106,4,4
53765,113,105,8,8
53766,79,89,-10,10
53767,90,83,7,7
53768,112,97,15,15
53769,92,95,-3,3
53770,141,133,8,8
53771,46,52,-6,6
53772,103,101,2,2
53773,124,123,1,1
53774,98,96,2,2
53775,106,92,14,14
53776,95,86,9,9
53777,50,53,-3,3
53778,98,92,6,6
53779,127,125,2,2
53780,147,147,0,0
53781,136,127,9,9
53782,68,65,3,3
53783,133,128,5,5
53784,112,110,2,2
53785,73,67,6,6
53786,104,105,-1,1
53787,118,113,5,5
53788,84,93,-9,9
53789,66,65,1,1
53790,74,70,4,4
53791,71,59,12,12
53792,122,116,6,6
53793,88,88,0,0
53794,90,95,-5,5
53795,44,52,-8,8
53796,68,80,-12,12
53797,72,80,-8,8
53798,141,134,7,7
53799,84,107,-23,23
53800,120,113,7,7
53801,46,50,-4,4
53802,59,56,3,3
53803,136,129,7,7
53804,47,52,-5,5
53805,57,60,-3,3
53806,64,79,-15,15
53807,114,97,17,17
53808,75,67,8,8
53809,72,74,-2,2
53810,58,52,6,6
53811,70,71,-1,1
53812,146,138,8,8
53813,83,98,-15,15
53814,116,132,-16,16
53815,143,141,2,2
53816,118,100,18,18
53817,200,178,22,22
53818,116,103,13,13
53819,124,115,9,9
53820,142,146,-4,4
53821,184,159,25,25
53822,137,128,9,9
53823,76,68,8,8
53824,96,93,3,3
53825,52,54,-2,2
53826,91,81,10,10
53827,55,56,-1,1
53828,95,85,10,10
53829,59,62,-3,3
53830,145,148,-3,3
53831,84,70,14,14
53832,112,115,-3,3
53833,63,74,-11,11
53834,60,61,-1,1
53835,134,129,5,5
53836,88,76,12,12
53837,72,75,-3,3
53838,107,115,-8,8
53839,74,68,6,6
53840,94,84,10,10
53841,84,80,4,4
53842,55,73,-18,18
53843,30,50,-20,20
53844,31,51,-20,20
53845,77,83,-6,6
53846,74,71,3,3
53847,99,84,15,15
53848,148,145,3,3
53849,70,77,-7,7
53850,86,80,6,6
53851,124,140,-16,16
53852,144,137,7,7
53853,77,70,7,7
53854,117,107,10,10
53855,78,68,10,10
53856,53,65,-12,12
53857,105,100,5,5
53858,79,67,12,12
53859,127,117,10,10
53860,94,85,9,9
53861,159,158,1,1
53862,90,89,1,1
53863,71,74,-3,3
53864,156,144,12,12
53865,140,139,1,1
53866,57,52,5,5
53867,91,91,0,0
53868,61,59,2,2
53869,91,95,-4,4
53870,54,58,-4,4
53871,78,73,5,5
53872,133,115,18,18
53873,121,110,11,11
53874,151,149,2,2
53875,119,114,5,5
53876,76,107,-31,31
53877,98,93,5,5
53878,97,95,2,2
53879,41,50,-9,9
53880,149,159,-10,10
53881,119,116,3,3
53882,80,79,1,1
53883,67,62,5,5
53884,70,73,-3,3
53885,120,112,8,8
53886,125,125,0,0
53887,76,76,0,0
53888,77,77,0,0
53889,89,94,-5,5
53890,63,57,6,6
53891,163,154,9,9
53892,51,51,0,0
53893,68,65,3,3
53894,131,133,-2,2
53895,109,108,1,1
53896,61,55,6,6
53897,118,130,-12,12
53898,103,102,1,1
53899,137,117,20,20
53900,93,87,6,6
53901,116,100,16,16
53902,61,64,-3,3
53903,80,83,-3,3
53904,88,88,0,0
53905,121,126,-5,5
53906,63,63,0,0
53907,150,142,8,8
53908,130,125,5,5
53909,112,108,4,4
53910,48,54,-6,6
53911,159,157,2,2
53912,75,68,7,7
53913,66,73,-7,7
53914,75,75,0,0
53915,70,65,5,5
53916,80,73,7,7
53917,95,95,0,0
53918,57,54,3,3
53919,79,68,11,11
53920,69,63,6,6
53921,60,59,1,1
53922,115,106,9,9
53923,121,98,23,23
53924,71,62,9,9
53925,88,80,8,8
53926,97,96,1,1
53927,56,64,-8,8
53928,107,98,9,9
53929,35,50,-15,15
53930,112,114,-2,2
53931,74,77,-3,3
53932,80,81,-1,1
53933,89,99,-10,10
53934,81,88,-7,7
53935,142,140,2,2
53936,109,111,-2,2
53937,118,104,14,14
53938,93,89,4,4
53939,127,124,3,3
53940,84,86,-2,2
53941,135,131,4,4
53942,128,125,3,3
53943,88,80,8,8
53944,77,85,-8,8
53945,73,77,-4,4
53946,92,85,7,7
53947,163,161,2,2
53948,117,109,8,8
53949,186,180,6,6
53950,118,125,-7,7
53951,79,65,14,14
53952,81,83,-2,2
53953,114,125,-11,11
53954,83,81,2,2
53955,89,76,13,13
53956,139,141,-2,2
53957,85,82,3,3
53958,52,56,-4,4
53959,112,102,10,10
53960,79,79,0,0
53961,90,83,7,7
53962,102,101,1,1
53963,86,85,1,1
53964,83,79,4,4
53965,149,135,14,14
53966,50,54,-4,4
53967,73,71,2,2
53968,66,62,4,4
53969,106,107,-1,1
53970,78,73,5,5
53971,85,84,1,1
53972,97,110,-13,13
53973,50,52,-2,2
53974,126,134,-8,8
53975,83,92,-9,9
53976,98,91,7,7
53977,75,70,5,5
53978,93,89,4,4
53979,143,131,12,12
53980,142,123,19,19
53981,55,61,-6,6
53982,68,63,5,5
53983,61,57,4,4
53984,68,65,3,3
53985,119,101,18,18
53986,85,80,5,5
53987,56,52,4,4
53988,105,112,-7,7
53989,74,72,2,2
53990,61,62,-1,1
53991,125,127,-2,2
53992,49,50,-1,1
53993,117,124,-7,7
53994,109,112,-3,3
53995,108,123,-15,15
53996,153,161,-8,8
53997,59,55,4,4
53998,173,161,12,12
53999,90,89,1,1
54000,102,98,4,4
54001,53,58,-5,5
54002,91,98,-7,7
54003,162,129,33,33
54004,129,126,3,3
54005,110,109,1,1
54006,80,71,9,9
54007,94,84,10,10
54008,107,101,6,6
54009,57,61,-4,4
54010,109,109,0,0
54011,73,75,-2,2
54012,229,213,16,16
54013,170,169,1,1
54014,70,63,7,7
54015,104,106,-2,2
54016,83,79,4,4
54017,101,96,5,5
54018,86,90,-4,4
54019,108,107,1,1
54020,96,95,1,1
54021,80,86,-6,6
54022,68,65,3,3
54023,91,88,3,3
54024,112,115,-3,3
54025,122,113,9,9
54026,132,116,16,16
54027,96,97,-1,1
54028,81,88,-7,7
54029,80,95,-15,15
54030,101,96,5,5
54031,117,111,6,6
54032,100,92,8,8
54033,83,97,-14,14
54034,93,92,1,1
54035,103,102,1,1
54036,48,57,-9,9
54037,110,104,6,6
54038,128,119,9,9
54039,37,50,-13,13
54040,110,118,-8,8
54041,94,92,2,2
54042,127,140,-13,13
54043,70,65,5,5
54044,112,105,7,7
54045,189,188,1,1
54046,95,102,-7,7
54047,123,126,-3,3
54048,152,146,6,6
54049,85,85,0,0
54050,60,64,-4,4
54051,74,68,6,6
54052,89,88,1,1
54053,97,96,1,1
54054,159,142,17,17
54055,90,91,-1,1
54056,76,75,1,1
54057,83,96,-13,13
54058,71,79,-8,8
54059,105,92,13,13
54060,102,104,-2,2
54061,161,145,16,16
54062,123,109,14,14
54063,85,84,1,1
54064,41,50,-9,9
54065,165,155,10,10
54066,60,88,-28,28
54067,123,126,-3,3
54068,59,55,4,4
54069,51,52,-1,1
54070,160,156,4,4
54071,134,148,-14,14
54072,87,94,-7,7
54073,91,89,2,2
54074,52,56,-4,4
54075,111,104,7,7
54076,139,143,-4,4
54077,65,68,-3,3
54078,96,96,0,0
54079,92,88,4,4
54080,77,86,-9,9
54081,106,113,-7,7
54082,194,186,8,8
54083,127,121,6,6
54084,121,100,21,21
54085,140,146,-6,6
54086,129,126,3,3
54087,59,63,-4,4
54088,82,87,-5,5
54089,59,62,-3,3
54090,98,96,2,2
54091,214,184,30,30
54092,107,105,2,2
54093,122,125,-3,3
54094,75,70,5,5
54095,52,52,0,0
54096,129,120,9,9
54097,59,58,1,1
54098,64,65,-1,1
54099,144,133,11,11
54100,99,97,2,2
54101,156,140,16,16
54102,173,162,11,11
54103,82,82,0,0
54104,145,130,15,15
54105,105,95,10,10
54106,102,111,-9,9
54107,69,66,3,3
54108,51,61,-10,10
54109,44,53,-9,9
54110,30,50,-20,20
54111,118,106,12,12
54112,85,76,9,9
54113,70,69,1,1
54114,61,77,-16,16
54115,69,66,3,3
54116,81,79,2,2
54117,68,62,6,6
54118,149,143,6,6
54119,47,64,-17,17
54120,53,58,-5,5
54121,143,139,4,4
54122,91,100,-9,9
54123,93,92,1,1
54124,45,51,-6,6
54125,122,117,5,5
54126,112,105,7,7
54127,165,147,18,18
54128,57,61,-4,4
54129,101,102,-1,1
54130,54,56,-2,2
54131,55,55,0,0
54132,74,70,4,4
54133,95,93,2,2
54134,58,87,-29,29
54135,114,123,-9,9
54136,73,91,-18,18
54137,81,77,4,4
54138,63,59,4,4
54139,139,145,-6,6
54140,96,93,3,3
54141,111,106,5,5
54142,157,146,11,11
54143,167,161,6,6
54144,166,137,29,29
54145,115,116,-1,1
54146,80,74,6,6
54147,166,141,25,25
54148,89,88,1,1
54149,69,62,7,7
54150,34,50,-16,16
54151,92,91,1,1
54152,81,86,-5,5
54153,131,133,-2,2
54154,65,67,-2,2
54155,107,107,0,0
54156,61,63,-2,2
54157,77,83,-6,6
54158,92,94,-2,2
54159,175,175,0,0
54160,154,154,0,0
54161,101,100,1,1
54162,96,91,5,5
54163,82,79,3,3
54164,72,69,3,3
54165,60,62,-2,2
54166,137,122,15,15
54167,44,52,-8,8
54168,77,68,9,9
54169,111,110,1,1
54170,41,54,-13,13
54171,119,107,12,12
54172,83,86,-3,3
54173,108,102,6,6
54174,128,112,16,16
54175,76,90,-14,14
54176,41,53,-12,12
54177,79,78,1,1
54178,175,167,8,8
54179,115,104,11,11
54180,87,95,-8,8
54181,136,122,14,14
54182,76,72,4,4
54183,107,115,-8,8
54184,86,94,-8,8
54185,118,104,14,14
54186,98,95,3,3
54187,73,68,5,5
54188,176,164,12,12
54189,110,98,12,12
54190,73,71,2,2
54191,73,75,-2,2
54192,109,116,-7,7
54193,96,103,-7,7
54194,128,115,13,13
54195,65,62,3,3
54196,81,88,-7,7
54197,76,77,-1,1
54198,81,89,-8,8
54199,55,54,1,1
54200,93,91,2,2
54201,138,141,-3,3
54202,127,116,11,11
54203,110,87,23,23
54204,97,89,8,8
54205,106,116,-10,10
54206,70,75,-5,5
54207,84,99,-15,15
54208,103,100,3,3
54209,109,99,10,10
54210,82,77,5,5
54211,82,82,0,0
54212,75,68,7,7
54213,96,92,4,4
54214,74,74,0,0
54215,50,55,-5,5
54216,80,74,6,6
54217,129,135,-6,6
54218,127,127,0,0
54219,101,110,-9,9
54220,94,87,7,7
54221,80,82,-2,2
54222,51,52,-1,1
54223,98,97,1,1
54224,93,95,-2,2
54225,138,136,2,2
54226,127,115,12,12
54227,115,106,9,9
54228,57,59,-2,2
54229,62,63,-1,1
54230,125,126,-1,1
54231,74,82,-8,8
54232,104,94,10,10
54233,112,113,-1,1
54234,101,95,6,6
54235,81,71,10,10
54236,58,61,-3,3
54237,98,84,14,14
54238,60,54,6,6
54239,60,62,-2,2
54240,119,109,10,10
54241,92,85,7,7
54242,79,84,-5,5
54243,72,73,-1,1
54244,59,60,-1,1
54245,53,56,-3,3
54246,133,125,8,8
54247,81,91,-10,10
54248,167,154,13,13
54249,110,106,4,4
54250,62,61,1,1
54251,77,73,4,4
54252,81,92,-11,11
54253,108,90,18,18
54254,107,99,8,8
54255,56,56,0,0
54256,74,67,7,7
54257,55,71,-16,16
54258,41,50,-9,9
54259,95,90,5,5
54260,80,82,-2,2
54261,107,105,2,2
54262,89,88,1,1
54263,69,65,4,4
54264,89,81,8,8
54265,125,115,10,10
54266,139,135,4,4
54267,63,64,-1,1
54268,79,87,-8,8
54269,111,117,-6,6
54270,80,83,-3,3
54271,89,96,-7,7
54272,65,62,3,3
54273,139,126,13,13
54274,105,102,3,3
54275,59,59,0,0
54276,108,99,9,9
54277,71,72,-1,1
54278,57,64,-7,7
54279,65,59,6,6
54280,66,58,8,8
54281,171,170,1,1
54282,69,90,-21,21
54283,137,122,15,15
54284,62,64,-2,2
54285,92,89,3,3
54286,87,81,6,6
54287,131,125,6,6
54288,160,164,-4,4
54289,78,81,-3,3
54290,82,91,-9,9
54291,152,168,-16,16
54292,34,50,-16,16
54293,80,90,-10,10
54294,201,191,10,10
54295,89,87,2,2
54296,88,93,-5,5
54297,137,128,9,9
54298,58,58,0,0
54299,87,99,-12,12
54300,106,107,-1,1
54301,67,66,1,1
54302,57,53,4,4
54303,83,73,10,10
54304,105,92,13,13
54305,187,164,23,23
54306,92,91,1,1
54307,43,50,-7,7
54308,130,132,-2,2
54309,103,97,6,6
54310,79,80,-1,1
54311,176,166,10,10
54312,120,108,12,12
54313,75,72,3,3
54314,75,70,5,5
54315,77,68,9,9
54316,87,83,4,4
54317,49,64,-15,15
54318,164,138,26,26
54319,142,130,12,12
54320,136,131,5,5
54321,51,58,-7,7
54322,79,79,0,0
54323,173,163,10,10
54324,118,116,2,2
54325,75,71,4,4
54326,87,92,-5,5
54327,66,64,2,2
54328,67,70,-3,3
54329,124,118,6,6
54330,62,63,-1,1
54331,88,88,0,0
54332,87,85,2,2
54333,125,125,0,0
54334,107,84,23,23
54335,65,61,4,4
54336,50,56,-6,6
54337,80,74,6,6
54338,166,160,6,6
54339,142,135,7,7
54340,171,161,10,10
54341,57,58,-1,1
54342,87,87,0,0
54343,106,96,10,10
54344,95,100,-5,5
54345,108,97,11,11
54346,105,96,9,9
54347,112,110,2,2
54348,101,88,13,13
54349,89,83,6,6
54350,49,54,-5,5
54351,84,81,3,3
54352,101,103,-2,2
54353,66,65,1,1
54354,83,76,7,7
54355,58,60,-2,2
54356,85,90,-5,5
54357,91,112,-21,21
54358,53,64,-11,11
54359,94,96,-2,2
54360,97,82,15,15
54361,76,74,2,2
54362,45,57,-12,12
54363,49,52,-3,3
54364,150,150,0,0
54365,104,96,8,8
54366,111,117,-6,6
54367,68,59,9,9
54368,93,98,-5,5
54369,100,98,2,2
54370,107,106,1,1
54371,121,122,-1,1
54372,60,68,-8,8
54373,134,135,-1,1
54374,127,123,4,4
54375,76,75,1,1
54376,122,110,12,12
54377,71,62,9,9
54378,73,81,-8,8
54379,74,68,6,6
54380,133,132,1,1
54381,78,71,7,7
54382,60,70,-10,10
54383,112,126,-14,14
54384,87,87,0,0
54385,105,97,8,8
54386,62,62,0,0
54387,76,72,4,4
54388,124,113,11,11
54389,108,114,-6,6
54390,63,58,5,5
54391,192,175,17,17
54392,63,79,-16,16
54393,94,94,0,0
54394,76,97,-21,21
54395,153,144,9,9
54396,145,134,11,11
54397,118,123,-5,5
54398,144,148,-4,4
54399,80,87,-7,7
54400,81,73,8,8
54401,167,149,18,18
54402,112,87,25,25
54403,87,93,-6,6
54404,114,87,27,27
54405,96,99,-3,3
54406,72,70,2,2
54407,148,152,-4,4
54408,105,105,0,0
54409,138,142,-4,4
54410,80,81,-1,1
54411,79,85,-6,6
54412,92,85,7,7
54413,104,108,-4,4
54414,60,72,-12,12
54415,179,165,14,14
54416,86,83,3,3
54417,32,65,-33,33
54418,134,110,24,24
54419,71,69,2,2
54420,93,93,0,0
54421,112,110,2,2
54422,117,113,4,4
54423,112,107,5,5
54424,83,85,-2,2
54425,111,111,0,0
54426,143,139,4,4
54427,84,90,-6,6
54428,58,63,-5,5
54429,78,81,-3,3
54430,116,106,10,10
54431,120,107,13,13
54432,102,94,8,8
54433,155,105,50,50
54434,106,107,-1,1
54435,79,68,11,11
54436,111,115,-4,4
54437,72,69,3,3
54438,59,58,1,1
54439,139,143,-4,4
54440,119,109,10,10
54441,100,94,6,6
54442,59,70,-11,11
54443,67,71,-4,4
54444,149,153,-4,4
54445,74,70,4,4
54446,96,100,-4,4
54447,196,194,2,2
54448,144,143,1,1
54449,101,95,6,6
54450,80,94,-14,14
54451,76,85,-9,9
54452,96,99,-3,3
54453,112,104,8,8
54454,73,93,-20,20
54455,126,127,-1,1
54456,92,88,4,4
54457,125,129,-4,4
54458,64,68,-4,4
54459,146,140,6,6
54460,77,96,-19,19
54461,148,144,4,4
54462,126,122,4,4
54463,95,100,-5,5
54464,58,54,4,4
54465,146,131,15,15
54466,148,133,15,15
54467,104,106,-2,2
54468,129,116,13,13
54469,60,54,6,6
54470,83,80,3,3
54471,67,55,12,12
54472,132,122,10,10
54473,82,90,-8,8
54474,34,58,-24,24
54475,76,83,-7,7
54476,116,121,-5,5
54477,119,125,-6,6
54478,96,100,-4,4
54479,138,128,10,10
54480,80,80,0,0
54481,109,114,-5,5
54482,103,97,6,6
54483,57,58,-1,1
54484,41,50,-9,9
54485,121,118,3,3
54486,87,78,9,9
54487,125,120,5,5
54488,82,93,-11,11
54489,36,50,-14,14
54490,63,58,5,5
54491,112,111,1,1
54492,90,82,8,8
54493,110,118,-8,8
54494,184,165,19,19
54495,97,99,-2,2
54496,64,68,-4,4
54497,115,105,10,10
54498,85,80,5,5
54499,60,63,-3,3
54500,68,75,-7,7
54501,118,112,6,6
54502,56,68,-12,12
54503,49,63,-14,14
54504,92,96,-4,4
54505,62,63,-1,1
54506,131,114,17,17
54507,125,123,2,2
54508,146,147,-1,1
54509,78,81,-3,3
54510,69,66,3,3
54511,76,70,6,6
54512,66,68,-2,2
54513,71,73,-2,2
54514,97,100,-3,3
54515,264,243,21,21
54516,38,50,-12,12
54517,134,141,-7,7
54518,70,65,5,5
54519,67,66,1,1
54520,128,123,5,5
54521,138,106,32,32
54522,101,111,-10,10
54523,76,72,4,4
54524,42,52,-10,10
54525,138,123,15,15
54526,126,124,2,2
54527,80,78,2,2
54528,61,56,5,5
54529,105,90,15,15
54530,113,111,2,2
54531,96,99,-3,3
54532,97,96,1,1
54533,74,86,-12,12
54534,129,132,-3,3
54535,83,76,7,7
54536,87,81,6,6
54537,72,67,5,5
54538,120,112,8,8
54539,95,117,-22,22
54540,62,65,-3,3
54541,54,59,-5,5
54542,80,85,-5,5
54543,109,99,10,10
54544,90,85,5,5
54545,30,50,-20,20
54546,103,100,3,3
54547,91,102,-11,11
54548,92,83,9,9
54549,79,86,-7,7
54550,120,117,3,3
54551,131,125,6,6
54552,91,93,-2,2
54553,64,59,5,5
54554,106,107,-1,1
54555,81,79,2,2
54556,86,81,5,5
54557,190,192,-2,2
54558,80,73,7,7
54559,108,114,-6,6
54560,136,141,-5,5
54561,84,81,3,3
54562,122,121,1,1
54563,80,73,7,7
54564,80,73,7,7
54565,143,135,8,8
54566,31,51,-20,20
54567,96,93,3,3
54568,74,60,14,14
54569,130,122,8,8
54570,99,94,5,5
54571,90,96,-6,6
54572,89,80,9,9
54573,122,107,15,15
54574,116,116,0,0
54575,111,115,-4,4
54576,129,120,9,9
54577,97,98,-1,1
54578,122,107,15,15
54579,94,117,-23,23
54580,78,83,-5,5
54581,101,97,4,4
54582,77,83,-6,6
54583,99,107,-8,8
54584,91,108,-17,17
54585,74,73,1,1
54586,120,118,2,2
54587,109,94,15,15
54588,54,59,-5,5
54589,105,97,8,8
54590,140,144,-4,4
54591,175,166,9,9
54592,103,91,12,12
54593,80,82,-2,2
54594,71,77,-6,6
54595,101,98,3,3
54596,91,92,-1,1
54597,75,83,-8,8
54598,51,55,-4,4
54599,59,56,3,3
54600,108,103,5,5
54601,198,180,18,18
54602,48,50,-2,2
54603,117,111,6,6
54604,44,50,-6,6
54605,105,104,1,1
54606,78,83,-5,5
54607,92,101,-9,9
54608,89,87,2,2
54609,68,62,6,6
54610,50,66,-16,16
54611,83,73,10,10
54612,71,68,3,3
54613,96,117,-21,21
54614,146,138,8,8
54615,134,108,26,26
54616,73,93,-20,20
54617,84,106,-22,22
54618,86,91,-5,5
54619,152,138,14,14
54620,59,59,0,0
54621,183,171,12,12
54622,50,56,-6,6
54623,83,82,1,1
54624,103,93,10,10
54625,63,61,2,2
54626,58,59,-1,1
54627,79,74,5,5
54628,65,87,-22,22
54629,50,56,-6,6
54630,89,79,10,10
54631,132,117,15,15
54632,91,100,-9,9
54633,79,84,-5,5
54634,89,80,9,9
54635,117,120,-3,3
54636,89,78,11,11
54637,109,114,-5,5
54638,124,119,5,5
54639,97,93,4,4
54640,131,131,0,0
54641,86,87,-1,1
54642,77,77,0,0
54643,96,99,-3,3
54644,94,91,3,3
54645,74,71,3,3
54646,129,124,5,5
54647,104,100,4,4
54648,113,120,-7,7
54649,99,97,2,2
54650,63,51,12,12
54651,95,93,2,2
54652,68,79,-11,11
54653,194,159,35,35
54654,99,110,-11,11
54655,123,135,-12,12
54656,119,114,5,5
54657,108,97,11,11
54658,66,82,-16,16
54659,60,60,0,0
54660,58,64,-6,6
54661,183,173,10,10
54662,190,186,4,4
54663,165,145,20,20
54664,80,88,-8,8
54665,166,157,9,9
54666,123,128,-5,5
54667,131,131,0,0
54668,62,70,-8,8
54669,83,72,11,11
54670,125,112,13,13
54671,103,108,-5,5
54672,101,104,-3,3
54673,95,90,5,5
54674,59,61,-2,2
54675,107,100,7,7
54676,79,65,14,14
54677,87,78,9,9
54678,84,87,-3,3
54679,67,65,2,2
54680,75,74,1,1
54681,85,79,6,6
54682,89,80,9,9
54683,105,118,-13,13
54684,71,72,-1,1
54685,150,133,17,17
54686,59,61,-2,2
54687,86,84,2,2
54688,85,86,-1,1
54689,110,110,0,0
54690,76,70,6,6
54691,100,99,1,1
54692,109,98,11,11
54693,110,109,1,1
54694,97,109,-12,12
54695,109,109,0,0
54696,188,172,16,16
54697,52,55,-3,3
54698,56,58,-2,2
54699,87,87,0,0
54700,72,70,2,2
54701,171,164,7,7
54702,109,102,7,7
54703,86,87,-1,1
54704,140,134,6,6
54705,113,109,4,4
54706,89,90,-1,1
54707,102,98,4,4
54708,82,78,4,4
54709,87,84,3,3
54710,85,85,0,0
54711,150,141,9,9
54712,151,130,21,21
54713,65,74,-9,9
54714,150,142,8,8
54715,102,99,3,3
54716,88,84,4,4
54717,108,107,1,1
54718,38,53,-15,15
54719,123,122,1,1
54720,92,80,12,12
54721,120,114,6,6
54722,108,102,6,6
54723,72,62,10,10
54724,62,57,5,5
54725,105,103,2,2
54726,71,79,-8,8
54727,99,85,14,14
54728,88,87,1,1
54729,79,90,-11,11
54730,86,88,-2,2
54731,116,106,10,10
54732,74,80,-6,6
54733,93,95,-2,2
54734,198,184,14,14
54735,96,93,3,3
54736,78,72,6,6
54737,57,55,2,2
54738,45,51,-6,6
54739,140,137,3,3
54740,76,74,2,2
54741,88,90,-2,2
54742,127,125,2,2
54743,50,58,-8,8
54744,101,109,-8,8
54745,71,76,-5,5
54746,141,129,12,12
54747,110,118,-8,8
54748,144,129,15,15
54749,114,122,-8,8
54750,66,61,5,5
54751,90,92,-2,2
54752,83,78,5,5
54753,143,131,12,12
54754,81,77,4,4
54755,41,51,-10,10
54756,165,158,7,7
54757,92,100,-8,8
54758,43,67,-24,24
54759,84,73,11,11
54760,58,73,-15,15
54761,74,66,8,8
54762,102,83,19,19
54763,62,71,-9,9
54764,115,109,6,6
54765,93,100,-7,7
54766,155,137,18,18
54767,173,178,-5,5
54768,145,139,6,6
54769,75,75,0,0
54770,116,106,10,10
54771,114,122,-8,8
54772,115,117,-2,2
54773,123,117,6,6
54774,86,99,-13,13
54775,95,90,5,5
54776,59,59,0,0
54777,123,120,3,3
54778,111,114,-3,3
54779,109,122,-13,13
54780,92,89,3,3
54781,118,128,-10,10
54782,42,50,-8,8
54783,65,66,-1,1
54784,74,73,1,1
54785,144,149,-5,5
54786,139,129,10,10
54787,71,76,-5,5
54788,66,63,3,3
54789,81,82,-1,1
54790,103,109,-6,6
54791,65,62,3,3
54792,137,149,-12,12
54793,86,90,-4,4
54794,64,52,12,12
54795,96,99,-3,3
54796,76,84,-8,8
54797,56,56,0,0
54798,59,61,-2,2
54799,70,71,-1,1
54800,79,72,7,7
54801,92,88,4,4
54802,64,70,-6,6
54803,141,143,-2,2
54804,111,112,-1,1
54805,123,110,13,13
54806,55,59,-4,4
54807,58,58,0,0
54808,105,88,17,17
54809,124,111,13,13
54810,76,69,7,7
54811,72,86,-14,14
54812,68,71,-3,3
54813,39,50,-11,11
54814,83,75,8,8
54815,90,87,3,3
54816,84,73,11,11
54817,131,117,14,14
54818,100,92,8,8
54819,68,71,-3,3
54820,199,176,23,23
54821,111,106,5,5
54822,63,59,4,4
54823,112,111,1,1
54824,58,58,0,0
54825,167,165,2,2
54826,167,157,10,10
54827,204,186,18,18
54828,88,89,-1,1
54829,112,119,-7,7
54830,109,110,-1,1
54831,74,65,9,9
54832,118,120,-2,2
54833,114,112,2,2
54834,52,53,-1,1
54835,79,75,4,4
54836,63,60,3,3
54837,34,50,-16,16
54838,75,75,0,0
54839,66,64,2,2
54840,165,168,-3,3
54841,140,107,33,33
54842,68,70,-2,2
54843,119,111,8,8
54844,109,106,3,3
54845,79,75,4,4
54846,96,83,13,13
54847,96,92,4,4
54848,58,55,3,3
54849,99,97,2,2
54850,68,70,-2,2
54851,61,64,-3,3
54852,89,93,-4,4
54853,135,127,8,8
54854,60,59,1,1
54855,92,92,0,0
54856,84,78,6,6
54857,84,89,-5,5
54858,94,91,3,3
54859,101,111,-10,10
54860,119,113,6,6
54861,139,147,-8,8
54862,84,83,1,1
54863,204,163,41,41
54864,97,97,0,0
54865,79,86,-7,7
54866,101,103,-2,2
54867,86,82,4,4
54868,84,77,7,7
54869,67,67,0,0
54870,98,100,-2,2
54871,79,79,0,0
54872,90,72,18,18
54873,62,63,-1,1
54874,65,66,-1,1
54875,62,70,-8,8
54876,41,50,-9,9
54877,140,126,14,14
54878,167,154,13,13
54879,129,129,0,0
54880,170,189,-19,19
54881,76,77,-1,1
54882,88,85,3,3
54883,57,54,3,3
54884,55,55,0,0
54885,81,75,6,6
54886,142,132,10,10
54887,118,109,9,9
54888,66,61,5,5
54889,61,68,-7,7
54890,97,98,-1,1
54891,88,85,3,3
54892,101,101,0,0
54893,64,70,-6,6
54894,116,112,4,4
54895,90,84,6,6
54896,87,96,-9,9
54897,98,90,8,8
54898,111,110,1,1
54899,67,63,4,4
54900,51,57,-6,6
54901,123,123,0,0
54902,59,59,0,0
54903,67,64,3,3
54904,48,51,-3,3
54905,52,61,-9,9
54906,180,185,-5,5
54907,61,64,-3,3
54908,162,151,11,11
54909,76,76,0,0
54910,57,57,0,0
54911,90,86,4,4
54912,55,63,-8,8
54913,103,111,-8,8
54914,72,79,-7,7
54915,70,57,13,13
54916,154,137,17,17
54917,113,113,0,0
54918,108,95,13,13
54919,50,63,-13,13
54920,45,61,-16,16
54921,71,59,12,12
54922,132,125,7,7
54923,164,153,11,11
54924,100,102,-2,2
54925,46,51,-5,5
54926,85,80,5,5
54927,88,82,6,6
54928,107,111,-4,4
54929,84,82,2,2
54930,48,53,-5,5
54931,98,98,0,0
54932,154,145,9,9
54933,115,113,2,2
54934,69,71,-2,2
54935,47,52,-5,5
54936,79,72,7,7
54937,74,68,6,6
54938,77,83,-6,6
54939,52,58,-6,6
54940,146,139,7,7
54941,74,82,-8,8
54942,122,115,7,7
54943,83,108,-25,25
54944,134,105,29,29
54945,113,116,-3,3
54946,113,110,3,3
54947,100,113,-13,13
54948,77,74,3,3
54949,91,86,5,5
54950,112,144,-32,32
54951,109,100,9,9
54952,97,90,7,7
54953,156,151,5,5
54954,128,120,8,8
54955,88,89,-1,1
54956,68,67,1,1
54957,69,70,-1,1
54958,137,135,2,2
54959,68,81,-13,13
54960,65,64,1,1
54961,93,87,6,6
54962,58,57,1,1
54963,55,57,-2,2
54964,121,115,6,6
54965,133,132,1,1
54966,50,54,-4,4
54967,228,210,18,18
54968,101,92,9,9
54969,51,52,-1,1
54970,89,87,2,2
54971,63,73,-10,10
54972,70,79,-9,9
54973,41,50,-9,9
54974,114,109,5,5
54975,65,68,-3,3
54976,83,86,-3,3
54977,61,57,4,4
54978,68,66,2,2
54979,107,107,0,0
54980,70,144,-74,74
54981,122,107,15,15
54982,44,50,-6,6
54983,138,138,0,0
54984,178,177,1,1
54985,94,91,3,3
54986,107,95,12,12
54987,63,62,1,1
54988,84,91,-7,7
54989,124,114,10,10
54990,68,84,-16,16
54991,78,83,-5,5
54992,177,167,10,10
54993,49,60,-11,11
54994,60,55,5,5
54995,63,74,-11,11
54996,39,66,-27,27
54997,88,89,-1,1
54998,150,143,7,7
54999,105,101,4,4
55000,88,84,4,4
55001,58,60,-2,2
55002,47,51,-4,4
55003,135,121,14,14
55004,101,95,6,6
55005,61,62,-1,1
55006,114,97,17,17
55007,75,69,6,6
55008,88,79,9,9
55009,69,65,4,4
55010,95,87,8,8
55011,120,139,-19,19
55012,148,160,-12,12
55013,80,79,1,1
55014,54,55,-1,1
55015,85,85,0,0
55016,123,101,22,22
55017,101,102,-1,1
55018,108,115,-7,7
55019,62,65,-3,3
55020,68,85,-17,17
55021,55,57,-2,2
55022,103,105,-2,2
55023,115,108,7,7
55024,94,88,6,6
55025,77,76,1,1
55026,146,131,15,15
55027,62,65,-3,3
55028,57,57,0,0
55029,204,187,17,17
55030,52,64,-12,12
55031,111,130,-19,19
55032,67,62,5,5
55033,116,111,5,5
55034,168,169,-1,1
55035,47,53,-6,6
55036,75,70,5,5
55037,92,89,3,3
55038,139,142,-3,3
55039,130,140,-10,10
55040,118,108,10,10
55041,72,74,-2,2
55042,90,95,-5,5
55043,104,82,22,22
55044,99,104,-5,5
55045,98,96,2,2
55046,84,87,-3,3
55047,106,90,16,16
55048,69,66,3,3
55049,72,78,-6,6
55050,86,86,0,0
55051,122,111,11,11
55052,103,88,15,15
55053,113,116,-3,3
55054,70,60,10,10
55055,73,89,-16,16
55056,79,74,5,5
55057,102,93,9,9
55058,79,80,-1,1
55059,67,62,5,5
55060,61,56,5,5
55061,78,86,-8,8
55062,83,77,6,6
55063,91,84,7,7
55064,49,55,-6,6
55065,64,60,4,4
55066,76,78,-2,2
55067,155,153,2,2
55068,90,88,2,2
55069,78,112,-34,34
55070,67,74,-7,7
55071,112,107,5,5
55072,90,87,3,3
55073,98,101,-3,3
55074,93,91,2,2
55075,103,107,-4,4
55076,64,63,1,1
55077,94,99,-5,5
55078,58,60,-2,2
55079,76,83,-7,7
55080,153,145,8,8
55081,96,83,13,13
55082,151,148,3,3
55083,60,73,-13,13
55084,87,79,8,8
55085,30,50,-20,20
55086,83,73,10,10
55087,107,116,-9,9
55088,114,107,7,7
55089,74,73,1,1
55090,99,114,-15,15
55091,120,116,4,4
55092,89,87,2,2
55093,215,201,14,14
55094,53,53,0,0
55095,74,74,0,0
55096,112,104,8,8
55097,76,79,-3,3
55098,69,66,3,3
55099,146,137,9,9
55100,92,88,4,4
55101,72,69,3,3
55102,184,176,8,8
55103,50,51,-1,1
55104,82,75,7,7
55105,90,86,4,4
55106,152,137,15,15
55107,41,57,-16,16
55108,149,139,10,10
55109,83,82,1,1
55110,45,57,-12,12
55111,225,206,19,19
55112,169,159,10,10
55113,44,53,-9,9
55114,118,121,-3,3
55115,108,102,6,6
55116,125,117,8,8
55117,124,125,-1,1
55118,65,83,-18,18
55119,164,149,15,15
55120,138,135,3,3
55121,87,84,3,3
55122,51,57,-6,6
55123,98,103,-5,5
55124,64,64,0,0
55125,63,70,-7,7
55126,101,101,0,0
55127,90,82,8,8
55128,104,94,10,10
55129,140,131,9,9
55130,121,110,11,11
55131,107,106,1,1
55132,85,88,-3,3
55133,116,115,1,1
55134,55,62,-7,7
55135,74,83,-9,9
55136,178,144,34,34
55137,134,115,19,19
55138,62,63,-1,1
55139,113,109,4,4
55140,75,69,6,6
55141,84,82,2,2
55142,88,77,11,11
55143,68,75,-7,7
55144,46,52,-6,6
55145,150,165,-15,15
55146,99,80,19,19
55147,108,102,6,6
55148,118,80,38,38
55149,48,56,-8,8
55150,104,92,12,12
55151,73,60,13,13
55152,109,101,8,8
55153,62,64,-2,2
55154,91,78,13,13
55155,119,117,2,2
55156,157,149,8,8
55157,117,111,6,6
55158,60,64,-4,4
55159,90,89,1,1
55160,102,102,0,0
55161,100,91,9,9
55162,99,98,1,1
55163,108,95,13,13
55164,90,82,8,8
55165,120,116,4,4
55166,97,93,4,4
55167,78,80,-2,2
55168,105,103,2,2
55169,160,149,11,11
55170,143,135,8,8
55171,112,114,-2,2
55172,152,153,-1,1
55173,153,140,13,13
55174,65,61,4,4
55175,66,66,0,0
55176,63,67,-4,4
55177,55,80,-25,25
55178,75,72,3,3
55179,91,85,6,6
55180,81,75,6,6
55181,138,126,12,12
55182,120,111,9,9
55183,86,84,2,2
55184,75,73,2,2
55185,15,50,-35,35
55186,71,69,2,2
55187,158,148,10,10
55188,102,89,13,13
55189,58,59,-1,1
55190,54,54,0,0
55191,77,96,-19,19
55192,82,76,6,6
55193,69,68,1,1
55194,92,98,-6,6
55195,132,135,-3,3
55196,109,107,2,2
55197,192,178,14,14
55198,62,61,1,1
55199,41,51,-10,10
55200,120,116,4,4
55201,82,81,1,1
55202,116,110,6,6
55203,44,55,-11,11
55204,87,81,6,6
55205,63,72,-9,9
55206,75,77,-2,2
55207,106,96,10,10
55208,198,191,7,7
55209,87,78,9,9
55210,45,50,-5,5
55211,95,92,3,3
55212,128,120,8,8
55213,72,68,4,4
55214,80,86,-6,6
55215,144,149,-5,5
55216,83,77,6,6
55217,138,136,2,2
55218,107,95,12,12
55219,42,50,-8,8
55220,105,105,0,0
55221,129,118,11,11
55222,78,78,0,0
55223,157,137,20,20
55224,135,127,8,8
55225,38,50,-12,12
55226,174,159,15,15
55227,83,83,0,0
55228,79,73,6,6
55229,172,175,-3,3
55230,76,64,12,12
55231,106,92,14,14
55232,102,104,-2,2
55233,60,69,-9,9
55234,160,145,15,15
55235,58,58,0,0
55236,66,71,-5,5
55237,93,87,6,6
55238,97,90,7,7
55239,99,105,-6,6
55240,232,225,7,7
55241,111,105,6,6
55242,57,66,-9,9
55243,92,104,-12,12
55244,70,63,7,7
55245,58,68,-10,10
55246,58,55,3,3
55247,80,82,-2,2
55248,119,107,12,12
55249,111,102,9,9
55250,73,73,0,0
55251,72,64,8,8
55252,98,91,7,7
55253,114,114,0,0
55254,115,108,7,7
55255,180,58,122,122
55256,137,148,-11,11
55257,106,92,14,14
55258,116,116,0,0
55259,161,152,9,9
55260,53,56,-3,3
55261,160,147,13,13
55262,105,107,-2,2
55263,85,85,0,0
55264,137,134,3,3
55265,78,82,-4,4
55266,152,155,-3,3
55267,107,100,7,7
55268,61,59,2,2
55269,113,101,12,12
55270,145,142,3,3
55271,125,116,9,9
55272,63,62,1,1
55273,83,88,-5,5
55274,139,120,19,19
55275,79,73,6,6
55276,136,134,2,2
55277,77,78,-1,1
55278,101,90,11,11
55279,54,58,-4,4
55280,103,103,0,0
55281,84,83,1,1
55282,62,64,-2,2
55283,149,154,-5,5
55284,52,55,-3,3
55285,143,141,2,2
55286,185,172,13,13
55287,121,110,11,11
55288,93,106,-13,13
55289,89,87,2,2
55290,71,69,2,2
55291,96,90,6,6
55292,92,78,14,14
55293,132,125,7,7
55294,110,108,2,2
55295,81,81,0,0
55296,138,130,8,8
55297,121,130,-9,9
55298,136,126,10,10
55299,108,116,-8,8
55300,102,100,2,2
55301,107,112,-5,5
55302,123,118,5,5
55303,78,74,4,4
55304,123,128,-5,5
55305,191,168,23,23
55306,83,72,11,11
55307,66,66,0,0
55308,147,137,10,10
55309,75,68,7,7
55310,142,147,-5,5
55311,54,56,-2,2
55312,79,79,0,0
55313,65,55,10,10
55314,69,68,1,1
55315,92,90,2,2
55316,116,93,23,23
55317,138,110,28,28
55318,60,63,-3,3
55319,113,112,1,1
55320,107,105,2,2
55321,71,81,-10,10
55322,87,82,5,5
55323,66,71,-5,5
55324,115,117,-2,2
55325,88,89,-1,1
55326,59,61,-2,2
55327,109,103,6,6
55328,101,100,1,1
55329,99,88,11,11
55330,84,82,2,2
55331,79,72,7,7
55332,144,125,19,19
55333,74,80,-6,6
55334,67,71,-4,4
55335,79,80,-1,1
55336,69,68,1,1
55337,64,68,-4,4
55338,74,64,10,10
55339,122,144,-22,22
55340,88,92,-4,4
55341,85,100,-15,15
55342,135,146,-11,11
55343,150,134,16,16
55344,120,117,3,3
55345,85,83,2,2
55346,87,92,-5,5
55347,69,74,-5,5
55348,136,121,15,15
55349,139,116,23,23
55350,81,84,-3,3
55351,88,90,-2,2
55352,117,114,3,3
55353,127,139,-12,12
55354,83,85,-2,2
55355,53,55,-2,2
55356,41,50,-9,9
55357,97,99,-2,2
55358,169,160,9,9
55359,112,103,9,9
55360,38,50,-12,12
55361,84,82,2,2
55362,67,68,-1,1
55363,92,87,5,5
55364,110,105,5,5
55365,88,96,-8,8
55366,78,74,4,4
55367,84,90,-6,6
55368,69,71,-2,2
55369,99,96,3,3
55370,101,112,-11,11
55371,86,85,1,1
55372,102,104,-2,2
55373,60,60,0,0
55374,54,57,-3,3
55375,111,119,-8,8
55376,138,128,10,10
55377,82,72,10,10
55378,96,110,-14,14
55379,62,65,-3,3
55380,161,159,2,2
55381,73,76,-3,3
55382,92,86,6,6
55383,115,115,0,0
55384,150,141,9,9
55385,78,79,-1,1
55386,93,91,2,2
55387,80,78,2,2
55388,88,92,-4,4
55389,89,87,2,2
55390,107,106,1,1
55391,76,68,8,8
55392,115,121,-6,6
55393,96,96,0,0
55394,119,114,5,5
55395,56,59,-3,3
55396,100,120,-20,20
55397,101,93,8,8
55398,89,81,8,8
55399,75,81,-6,6
55400,106,101,5,5
55401,68,68,0,0
55402,69,62,7,7
55403,83,74,9,9
55404,85,92,-7,7
55405,130,126,4,4
55406,64,61,3,3
55407,44,53,-9,9
55408,83,74,9,9
55409,54,92,-38,38
55410,130,114,16,16
55411,91,95,-4,4
55412,59,77,-18,18
55413,109,94,15,15
55414,145,147,-2,2
55415,65,57,8,8
55416,50,51,-1,1
55417,147,133,14,14
55418,90,94,-4,4
55419,143,147,-4,4
55420,97,93,4,4
55421,111,107,4,4
55422,63,60,3,3
55423,70,83,-13,13
55424,109,94,15,15
55425,108,118,-10,10
55426,149,141,8,8
55427,98,96,2,2
55428,137,132,5,5
55429,45,52,-7,7
55430,95,91,4,4
55431,59,73,-14,14
55432,71,69,2,2
55433,117,118,-1,1
55434,73,77,-4,4
55435,80,80,0,0
55436,168,143,25,25
55437,149,154,-5,5
55438,53,53,0,0
55439,65,66,-1,1
55440,160,144,16,16
55441,83,81,2,2
55442,88,89,-1,1
55443,98,82,16,16
55444,51,54,-3,3
55445,54,60,-6,6
55446,70,75,-5,5
55447,80,81,-1,1
55448,169,140,29,29
55449,109,107,2,2
55450,57,60,-3,3
55451,119,119,0,0
55452,238,217,21,21
55453,132,132,0,0
55454,78,84,-6,6
55455,88,82,6,6
55456,85,86,-1,1
55457,27,63,-36,36
55458,62,68,-6,6
55459,131,123,8,8
55460,138,127,11,11
55461,43,90,-47,47
55462,58,71,-13,13
55463,76,79,-3,3
55464,72,84,-12,12
55465,121,93,28,28
55466,107,102,5,5
55467,81,84,-3,3
55468,49,63,-14,14
55469,113,103,10,10
55470,71,65,6,6
55471,44,50,-6,6
55472,81,77,4,4
55473,73,64,9,9
55474,85,88,-3,3
55475,100,96,4,4
55476,126,118,8,8
55477,96,93,3,3
55478,67,69,-2,2
55479,114,123,-9,9
55480,97,77,20,20
55481,185,159,26,26
55482,55,58,-3,3
55483,177,179,-2,2
55484,85,83,2,2
55485,117,115,2,2
55486,157,144,13,13
55487,129,121,8,8
55488,94,102,-8,8
55489,87,92,-5,5
55490,139,122,17,17
55491,121,120,1,1
55492,65,57,8,8
55493,58,65,-7,7
55494,98,96,2,2
55495,37,50,-13,13
55496,63,66,-3,3
55497,193,187,6,6
55498,101,108,-7,7
55499,69,86,-17,17
55500,133,126,7,7
55501,121,109,12,12
55502,91,92,-1,1
55503,85,87,-2,2
55504,67,72,-5,5
55505,117,116,1,1
55506,61,57,4,4
55507,61,60,1,1
55508,97,108,-11,11
55509,81,85,-4,4
55510,89,94,-5,5
55511,58,64,-6,6
55512,80,72,8,8
55513,96,84,12,12
55514,87,89,-2,2
55515,69,72,-3,3
55516,116,125,-9,9
55517,138,146,-8,8
55518,65,68,-3,3
55519,90,85,5,5
55520,87,85,2,2
55521,102,97,5,5
55522,79,90,-11,11
55523,146,148,-2,2
55524,130,118,12,12
55525,127,112,15,15
55526,96,91,5,5
55527,80,75,5,5
55528,132,137,-5,5
55529,115,100,15,15
55530,81,91,-10,10
55531,86,87,-1,1
55532,105,97,8,8
55533,130,120,10,10
55534,84,84,0,0
55535,52,96,-44,44
55536,72,65,7,7
55537,82,81,1,1
55538,115,111,4,4
55539,100,98,2,2
55540,102,99,3,3
55541,107,107,0,0
55542,116,113,3,3
55543,61,55,6,6
55544,95,95,0,0
55545,78,70,8,8
55546,78,80,-2,2
55547,79,67,12,12
55548,82,85,-3,3
55549,71,72,-1,1
55550,128,118,10,10
55551,89,95,-6,6
55552,115,134,-19,19
55553,83,73,10,10
55554,80,72,8,8
55555,79,95,-16,16
55556,69,80,-11,11
55557,123,115,8,8
55558,67,70,-3,3
55559,135,126,9,9
55560,134,152,-18,18
55561,133,127,6,6
55562,52,56,-4,4
55563,175,166,9,9
55564,95,85,10,10
55565,122,121,1,1
55566,74,70,4,4
55567,73,79,-6,6
55568,53,56,-3,3
55569,69,69,0,0
55570,103,111,-8,8
55571,45,51,-6,6
55572,107,104,3,3
55573,49,58,-9,9
55574,132,117,15,15
55575,89,87,2,2
55576,62,63,-1,1
55577,109,106,3,3
55578,81,81,0,0
55579,72,78,-6,6
55580,52,52,0,0
55581,74,77,-3,3
55582,36,50,-14,14
55583,68,70,-2,2
55584,73,76,-3,3
55585,89,89,0,0
55586,63,59,4,4
55587,69,74,-5,5
55588,103,106,-3,3
55589,53,58,-5,5
55590,103,107,-4,4
55591,108,97,11,11
55592,109,158,-49,49
55593,187,187,0,0
55594,69,68,1,1
55595,124,115,9,9
55596,117,119,-2,2
55597,94,92,2,2
55598,44,64,-20,20
55599,120,111,9,9
55600,140,139,1,1
55601,131,123,8,8
55602,100,107,-7,7
55603,147,145,2,2
55604,55,51,4,4
55605,126,128,-2,2
55606,84,90,-6,6
55607,81,84,-3,3
55608,110,88,22,22
55609,68,72,-4,4
55610,90,93,-3,3
55611,79,79,0,0
55612,108,111,-3,3
55613,69,71,-2,2
55614,67,55,12,12
55615,151,157,-6,6
55616,121,114,7,7
55617,67,72,-5,5
55618,100,88,12,12
55619,105,106,-1,1
55620,105,117,-12,12
55621,92,98,-6,6
55622,107,111,-4,4
55623,163,158,5,5
55624,110,104,6,6
55625,115,108,7,7
55626,93,83,10,10
55627,143,135,8,8
55628,105,83,22,22
55629,102,93,9,9
55630,54,54,0,0
55631,117,118,-1,1
55632,94,88,6,6
55633,121,104,17,17
55634,51,52,-1,1
55635,93,100,-7,7
55636,136,138,-2,2
55637,75,67,8,8
55638,83,73,10,10
55639,90,84,6,6
55640,110,109,1,1
55641,69,66,3,3
55642,110,110,0,0
55643,78,83,-5,5
55644,85,78,7,7
55645,89,88,1,1
55646,86,101,-15,15
55647,106,109,-3,3
55648,102,102,0,0
55649,52,57,-5,5
55650,207,204,3,3
55651,93,88,5,5
55652,113,113,0,0
55653,97,96,1,1
55654,80,91,-11,11
55655,118,130,-12,12
55656,90,90,0,0
55657,88,100,-12,12
55658,96,98,-2,2
55659,103,111,-8,8
55660,65,65,0,0
55661,48,52,-4,4
55662,85,73,12,12
55663,104,99,5,5
55664,54,56,-2,2
55665,89,78,11,11
55666,132,134,-2,2
55667,83,85,-2,2
55668,80,79,1,1
55669,76,80,-4,4
55670,67,62,5,5
55671,89,86,3,3
55672,149,142,7,7
55673,106,116,-10,10
55674,149,148,1,1
55675,52,57,-5,5
55676,58,64,-6,6
55677,70,76,-6,6
55678,78,75,3,3
55679,212,191,21,21
55680,105,97,8,8
55681,101,86,15,15
55682,107,97,10,10
55683,145,143,2,2
55684,77,76,1,1
55685,108,93,15,15
55686,97,96,1,1
55687,90,78,12,12
55688,104,103,1,1
55689,99,95,4,4
55690,94,89,5,5
55691,105,112,-7,7
55692,69,73,-4,4
55693,81,90,-9,9
55694,88,86,2,2
55695,112,116,-4,4
55696,93,94,-1,1
55697,130,128,2,2
55698,145,127,18,18
55699,130,124,6,6
55700,62,76,-14,14
55701,99,100,-1,1
55702,67,64,3,3
55703,129,120,9,9
55704,72,73,-1,1
55705,96,94,2,2
55706,76,81,-5,5
55707,102,99,3,3
55708,81,79,2,2
55709,157,149,8,8
55710,100,103,-3,3
55711,122,115,7,7
55712,65,64,1,1
55713,82,74,8,8
55714,95,91,4,4
55715,133,140,-7,7
55716,108,105,3,3
55717,81,81,0,0
55718,91,91,0,0
55719,134,127,7,7
55720,146,140,6,6
55721,93,95,-2,2
55722,53,53,0,0
55723,108,100,8,8
55724,93,88,5,5
55725,99,91,8,8
55726,158,149,9,9
55727,66,72,-6,6
55728,66,63,3,3
55729,83,88,-5,5
55730,103,96,7,7
55731,54,57,-3,3
55732,144,135,9,9
55733,88,100,-12,12
55734,105,94,11,11
55735,115,108,7,7
55736,125,119,6,6
55737,67,74,-7,7
55738,193,174,19,19
55739,127,102,25,25
55740,29,52,-23,23
55741,86,87,-1,1
55742,121,117,4,4
55743,94,85,9,9
55744,125,113,12,12
55745,174,174,0,0
55746,163,156,7,7
55747,128,112,16,16
55748,155,146,9,9
55749,123,129,-6,6
55750,100,97,3,3
55751,80,88,-8,8
55752,121,114,7,7
55753,31,50,-19,19
55754,96,87,9,9
55755,80,76,4,4
55756,83,79,4,4
55757,82,81,1,1
55758,97,99,-2,2
55759,72,72,0,0
55760,69,72,-3,3
55761,86,86,0,0
55762,73,88,-15,15
55763,100,104,-4,4
55764,66,67,-1,1
55765,83,69,14,14
55766,92,97,-5,5
55767,68,63,5,5
55768,118,121,-3,3
55769,97,110,-13,13
55770,62,65,-3,3
55771,78,72,6,6
55772,48,53,-5,5
55773,98,94,4,4
55774,71,71,0,0
55775,62,66,-4,4
55776,45,82,-37,37
55777,122,122,0,0
55778,91,86,5,5
55779,71,140,-69,69
55780,68,62,6,6
55781,118,119,-1,1
55782,79,81,-2,2
55783,120,124,-4,4
55784,134,144,-10,10
55785,72,75,-3,3
55786,92,89,3,3
55787,49,68,-19,19
55788,100,100,0,0
55789,90,94,-4,4
55790,71,71,0,0
55791,83,85,-2,2
55792,71,71,0,0
55793,90,97,-7,7
55794,168,170,-2,2
55795,68,84,-16,16
55796,50,57,-7,7
55797,59,56,3,3
55798,52,61,-9,9
55799,104,101,3,3
55800,95,99,-4,4
55801,57,65,-8,8
55802,211,202,9,9
55803,58,57,1,1
55804,125,122,3,3
55805,99,98,1,1
55806,88,99,-11,11
55807,182,156,26,26
55808,99,99,0,0
55809,66,59,7,7
55810,169,155,14,14
55811,105,99,6,6
55812,92,93,-1,1
55813,110,106,4,4
55814,111,105,6,6
55815,95,90,5,5
55816,74,72,2,2
55817,135,116,19,19
55818,51,93,-42,42
55819,78,74,4,4
55820,118,108,10,10
55821,118,117,1,1
55822,104,104,0,0
55823,37,50,-13,13
55824,96,92,4,4
55825,93,89,4,4
55826,60,85,-25,25
55827,102,96,6,6
55828,112,114,-2,2
55829,73,80,-7,7
55830,142,132,10,10
55831,67,65,2,2
55832,69,65,4,4
55833,103,183,-80,80
55834,42,70,-28,28
55835,99,83,16,16
55836,181,163,18,18
55837,94,89,5,5
55838,83,83,0,0
55839,98,86,12,12
55840,151,135,16,16
55841,149,128,21,21
55842,92,98,-6,6
55843,129,132,-3,3
55844,79,75,4,4
55845,119,122,-3,3
55846,159,151,8,8
55847,63,68,-5,5
55848,74,73,1,1
55849,141,149,-8,8
55850,133,126,7,7
55851,106,101,5,5
55852,180,170,10,10
55853,152,131,21,21
55854,85,78,7,7
55855,118,109,9,9
55856,127,124,3,3
55857,143,145,-2,2
55858,80,90,-10,10
55859,123,117,6,6
55860,131,125,6,6
55861,53,50,3,3
55862,83,75,8,8
55863,97,91,6,6
55864,120,120,0,0
55865,71,68,3,3
55866,127,111,16,16
55867,68,69,-1,1
55868,79,79,0,0
55869,104,116,-12,12
55870,139,143,-4,4
55871,143,149,-6,6
55872,102,113,-11,11
55873,75,68,7,7
55874,105,108,-3,3
55875,71,60,11,11
55876,52,55,-3,3
55877,73,71,2,2
55878,95,86,9,9
55879,84,76,8,8
55880,77,78,-1,1
55881,63,70,-7,7
55882,80,91,-11,11
55883,111,103,8,8
55884,146,131,15,15
55885,136,145,-9,9
55886,58,58,0,0
55887,77,74,3,3
55888,74,99,-25,25
55889,157,153,4,4
55890,113,112,1,1
55891,88,84,4,4
55892,98,98,0,0
55893,70,72,-2,2
55894,70,79,-9,9
55895,95,94,1,1
55896,113,98,15,15
55897,65,66,-1,1
55898,82,72,10,10
55899,89,92,-3,3
55900,90,83,7,7
55901,75,92,-17,17
55902,73,62,11,11
55903,45,55,-10,10
55904,75,86,-11,11
55905,89,81,8,8
55906,127,111,16,16
55907,189,185,4,4
55908,132,126,6,6
55909,95,93,2,2
55910,113,106,7,7
55911,81,81,0,0
55912,121,125,-4,4
55913,73,73,0,0
55914,107,105,2,2
55915,72,69,3,3
55916,110,116,-6,6
55917,69,68,1,1
55918,149,136,13,13
55919,63,63,0,0
55920,115,111,4,4
55921,105,101,4,4
55922,88,89,-1,1
55923,65,67,-2,2
55924,87,88,-1,1
55925,94,102,-8,8
55926,125,123,2,2
55927,93,83,10,10
55928,112,106,6,6
55929,103,88,15,15
55930,117,114,3,3
55931,95,94,1,1
55932,76,72,4,4
55933,94,104,-10,10
55934,50,52,-2,2
55935,115,118,-3,3
55936,105,92,13,13
55937,108,101,7,7
55938,141,138,3,3
55939,102,96,6,6
55940,58,68,-10,10
55941,108,104,4,4
55942,89,83,6,6
55943,71,77,-6,6
55944,59,57,2,2
55945,89,85,4,4
55946,57,55,2,2
55947,106,98,8,8
55948,161,139,22,22
55949,92,88,4,4
55950,66,67,-1,1
55951,82,82,0,0
55952,84,76,8,8
55953,115,102,13,13
55954,110,107,3,3
55955,135,129,6,6
55956,93,92,1,1
55957,134,149,-15,15
55958,105,95,10,10
55959,79,77,2,2
55960,25,50,-25,25
55961,124,129,-5,5
55962,29,50,-21,21
55963,96,85,11,11
55964,125,122,3,3
55965,52,57,-5,5
55966,101,102,-1,1
55967,70,66,4,4
55968,98,93,5,5
55969,77,69,8,8
55970,167,152,15,15
55971,82,82,0,0
55972,91,87,4,4
55973,70,69,1,1
55974,74,77,-3,3
55975,121,120,1,1
55976,46,65,-19,19
55977,76,76,0,0
55978,111,118,-7,7
55979,58,57,1,1
55980,65,62,3,3
55981,53,53,0,0
55982,109,116,-7,7
55983,80,83,-3,3
55984,88,88,0,0
55985,110,108,2,2
55986,98,88,10,10
55987,97,105,-8,8
55988,128,115,13,13
55989,144,136,8,8
55990,82,84,-2,2
55991,131,124,7,7
55992,100,97,3,3
55993,95,95,0,0
55994,108,105,3,3
55995,82,84,-2,2
55996,73,65,8,8
55997,94,98,-4,4
55998,99,106,-7,7
55999,88,83,5,5
56000,157,157,0,0
56001,75,74,1,1
56002,95,98,-3,3
56003,82,80,2,2
56004,160,170,-10,10
56005,146,140,6,6
56006,166,172,-6,6
56007,76,75,1,1
56008,139,135,4,4
56009,110,109,1,1
56010,118,123,-5,5
56011,122,113,9,9
56012,50,60,-10,10
56013,59,61,-2,2
56014,112,112,0,0
56015,108,120,-12,12
56016,42,50,-8,8
56017,112,116,-4,4
56018,126,114,12,12
56019,88,95,-7,7
56020,121,106,15,15
56021,83,78,5,5
56022,95,103,-8,8
56023,98,89,9,9
56024,104,105,-1,1
56025,66,66,0,0
56026,129,130,-1,1
56027,85,75,10,10
56028,101,103,-2,2
56029,68,71,-3,3
56030,86,87,-1,1
56031,79,75,4,4
56032,91,93,-2,2
56033,113,121,-8,8
56034,149,141,8,8
56035,76,77,-1,1
56036,107,108,-1,1
56037,110,109,1,1
56038,75,77,-2,2
56039,100,104,-4,4
56040,110,117,-7,7
56041,115,111,4,4
56042,128,127,1,1
56043,177,165,12,12
56044,105,100,5,5
56045,79,144,-65,65
56046,126,122,4,4
56047,135,149,-14,14
56048,66,65,1,1
56049,148,139,9,9
56050,128,125,3,3
56051,106,92,14,14
56052,99,83,16,16
56053,73,64,9,9
56054,64,67,-3,3
56055,98,119,-21,21
56056,111,109,2,2
56057,124,125,-1,1
56058,117,109,8,8
56059,94,93,1,1
56060,86,78,8,8
56061,80,74,6,6
56062,105,110,-5,5
56063,77,81,-4,4
56064,101,99,2,2
56065,118,112,6,6
56066,130,111,19,19
56067,97,98,-1,1
56068,77,79,-2,2
56069,76,77,-1,1
56070,122,130,-8,8
56071,116,135,-19,19
56072,67,79,-12,12
56073,109,100,9,9
56074,62,65,-3,3
56075,95,82,13,13
56076,130,122,8,8
56077,49,65,-16,16
56078,64,58,6,6
56079,84,83,1,1
56080,147,126,21,21
56081,121,109,12,12
56082,158,159,-1,1
56083,105,95,10,10
56084,99,101,-2,2
56085,108,111,-3,3
56086,159,159,0,0
56087,87,85,2,2
56088,128,139,-11,11
56089,58,69,-11,11
56090,110,111,-1,1
56091,187,180,7,7
56092,87,88,-1,1
56093,143,144,-1,1
56094,84,77,7,7
56095,132,136,-4,4
56096,74,69,5,5
56097,109,110,-1,1
56098,86,107,-21,21
56099,111,107,4,4
56100,49,52,-3,3
56101,73,69,4,4
56102,125,135,-10,10
56103,75,71,4,4
56104,78,75,3,3
56105,99,96,3,3
56106,103,112,-9,9
56107,106,98,8,8
56108,57,56,1,1
56109,139,130,9,9
56110,90,82,8,8
56111,67,64,3,3
56112,60,64,-4,4
56113,46,50,-4,4
56114,56,69,-13,13
56115,135,124,11,11
56116,52,52,0,0
56117,102,94,8,8
56118,79,78,1,1
56119,75,79,-4,4
56120,118,120,-2,2
56121,107,113,-6,6
56122,24,50,-26,26
56123,102,96,6,6
56124,78,81,-3,3
56125,94,82,12,12
56126,109,92,17,17
56127,139,134,5,5
56128,105,107,-2,2
56129,155,149,6,6
56130,53,52,1,1
56131,82,90,-8,8
56132,159,162,-3,3
56133,105,99,6,6
56134,102,103,-1,1
56135,78,75,3,3
56136,67,64,3,3
56137,149,149,0,0
56138,84,88,-4,4
56139,87,92,-5,5
56140,132,138,-6,6
56141,83,80,3,3
56142,75,72,3,3
56143,99,97,2,2
56144,77,85,-8,8
56145,97,91,6,6
56146,132,110,22,22
56147,105,109,-4,4
56148,105,88,17,17
56149,59,54,5,5
56150,69,63,6,6
56151,120,113,7,7
56152,59,60,-1,1
56153,105,93,12,12
56154,81,79,2,2
56155,156,153,3,3
56156,62,66,-4,4
56157,63,63,0,0
56158,156,141,15,15
56159,48,139,-91,91
56160,81,79,2,2
56161,78,77,1,1
56162,72,64,8,8
56163,110,107,3,3
56164,76,81,-5,5
56165,82,79,3,3
56166,76,75,1,1
56167,106,105,1,1
56168,109,116,-7,7
56169,96,91,5,5
56170,129,134,-5,5
56171,71,68,3,3
56172,124,137,-13,13
56173,107,103,4,4
56174,97,94,3,3
56175,113,97,16,16
56176,152,142,10,10
56177,91,111,-20,20
56178,78,77,1,1
56179,158,148,10,10
56180,117,115,2,2
56181,97,95,2,2
56182,83,78,5,5
56183,132,124,8,8
56184,79,78,1,1
56185,101,107,-6,6
56186,135,126,9,9
56187,96,71,25,25
56188,82,72,10,10
56189,70,78,-8,8
56190,110,105,5,5
56191,141,127,14,14
56192,61,57,4,4
56193,97,92,5,5
56194,119,95,24,24
56195,67,68,-1,1
56196,92,106,-14,14
56197,84,70,14,14
56198,65,69,-4,4
56199,84,88,-4,4
56200,124,112,12,12
56201,135,133,2,2
56202,146,135,11,11
56203,109,114,-5,5
56204,145,145,0,0
56205,89,81,8,8
56206,136,130,6,6
56207,85,85,0,0
56208,55,60,-5,5
56209,92,103,-11,11
56210,61,61,0,0
56211,132,121,11,11
56212,65,69,-4,4
56213,112,116,-4,4
56214,107,96,11,11
56215,48,51,-3,3
56216,55,58,-3,3
56217,109,106,3,3
56218,136,129,7,7
56219,94,97,-3,3
56220,45,53,-8,8
56221,139,126,13,13
56222,72,80,-8,8
56223,156,140,16,16
56224,58,62,-4,4
56225,96,85,11,11
56226,83,80,3,3
56227,94,90,4,4
56228,29,50,-21,21
56229,124,123,1,1
56230,71,74,-3,3
56231,146,133,13,13
56232,97,88,9,9
56233,104,105,-1,1
56234,32,50,-18,18
56235,140,131,9,9
56236,57,56,1,1
56237,112,112,0,0
56238,70,75,-5,5
56239,92,81,11,11
56240,57,62,-5,5
56241,107,115,-8,8
56242,76,76,0,0
56243,81,78,3,3
56244,115,124,-9,9
56245,22,67,-45,45
56246,96,98,-2,2
56247,84,95,-11,11
56248,103,101,2,2
56249,126,112,14,14
56250,76,73,3,3
56251,159,145,14,14
56252,74,64,10,10
56253,87,80,7,7
56254,46,56,-10,10
56255,33,50,-17,17
56256,76,63,13,13
56257,98,94,4,4
56258,73,70,3,3
56259,105,96,9,9
56260,51,61,-10,10
56261,94,82,12,12
56262,54,67,-13,13
56263,86,92,-6,6
56264,60,62,-2,2
56265,144,139,5,5
56266,74,61,13,13
56267,90,88,2,2
56268,100,106,-6,6
56269,107,115,-8,8
56270,129,114,15,15
56271,133,125,8,8
56272,70,74,-4,4
56273,101,93,8,8
56274,60,62,-2,2
56275,200,175,25,25
56276,64,61,3,3
56277,143,139,4,4
56278,90,86,4,4
56279,72,66,6,6
56280,85,91,-6,6
56281,136,135,1,1
56282,94,102,-8,8
56283,135,122,13,13
56284,102,95,7,7
56285,71,79,-8,8
56286,74,76,-2,2
56287,122,129,-7,7
56288,86,85,1,1
56289,40,50,-10,10
56290,109,117,-8,8
56291,113,108,5,5
56292,110,107,3,3
56293,68,62,6,6
56294,130,132,-2,2
56295,89,91,-2,2
56296,106,105,1,1
56297,98,95,3,3
56298,71,55,16,16
56299,128,131,-3,3
56300,158,138,20,20
56301,82,79,3,3
56302,42,50,-8,8
56303,67,65,2,2
56304,107,112,-5,5
56305,77,75,2,2
56306,113,115,-2,2
56307,73,70,3,3
56308,189,181,8,8
56309,101,104,-3,3
56310,117,127,-10,10
56311,113,114,-1,1
56312,81,73,8,8
56313,113,107,6,6
56314,108,101,7,7
56315,133,144,-11,11
56316,117,117,0,0
56317,119,118,1,1
56318,72,67,5,5
56319,72,85,-13,13
56320,105,108,-3,3
56321,70,66,4,4
56322,66,60,6,6
56323,152,138,14,14
56324,89,84,5,5
56325,20,49,-29,29
56326,72,74,-2,2
56327,89,82,7,7
56328,83,88,-5,5
56329,121,133,-12,12
56330,119,110,9,9
56331,101,100,1,1
56332,84,85,-1,1
56333,78,83,-5,5
56334,166,157,9,9
56335,117,115,2,2
56336,141,147,-6,6
56337,123,119,4,4
56338,162,155,7,7
56339,50,56,-6,6
56340,60,56,4,4
56341,86,91,-5,5
56342,70,71,-1,1
56343,129,127,2,2
56344,65,68,-3,3
56345,75,82,-7,7
56346,91,67,24,24
56347,55,60,-5,5
56348,82,87,-5,5
56349,102,106,-4,4
56350,74,71,3,3
56351,84,84,0,0
56352,128,120,8,8
56353,91,90,1,1
56354,120,118,2,2
56355,85,86,-1,1
56356,108,116,-8,8
56357,72,70,2,2
56358,90,82,8,8
56359,85,90,-5,5
56360,112,111,1,1
56361,148,152,-4,4
56362,105,110,-5,5
56363,44,55,-11,11
56364,42,55,-13,13
56365,103,94,9,9
56366,93,81,12,12
56367,63,62,1,1
56368,169,180,-11,11
56369,65,63,2,2
56370,74,78,-4,4
56371,99,100,-1,1
56372,129,132,-3,3
56373,93,88,5,5
56374,139,133,6,6
56375,64,110,-46,46
56376,93,89,4,4
56377,53,68,-15,15
56378,110,107,3,3
56379,97,93,4,4
56380,170,158,12,12
56381,56,66,-10,10
56382,172,177,-5,5
56383,71,70,1,1
56384,161,142,19,19
56385,130,137,-7,7
56386,101,102,-1,1
56387,107,106,1,1
56388,101,99,2,2
56389,64,71,-7,7
56390,75,71,4,4
56391,128,131,-3,3
56392,80,79,1,1
56393,129,131,-2,2
56394,54,59,-5,5
56395,71,77,-6,6
56396,55,52,3,3
56397,91,94,-3,3
56398,119,110,9,9
56399,94,92,2,2
56400,158,146,12,12
56401,60,65,-5,5
56402,158,157,1,1
56403,56,57,-1,1
56404,121,120,1,1
56405,79,69,10,10
56406,120,115,5,5
56407,64,68,-4,4
56408,62,83,-21,21
56409,80,77,3,3
56410,135,127,8,8
56411,102,120,-18,18
56412,115,106,9,9
56413,142,145,-3,3
56414,115,131,-16,16
56415,119,126,-7,7
56416,138,136,2,2
56417,97,88,9,9
56418,80,74,6,6
56419,97,99,-2,2
56420,111,111,0,0
56421,91,94,-3,3
56422,95,99,-4,4
56423,91,94,-3,3
56424,101,88,13,13
56425,130,128,2,2
56426,89,89,0,0
56427,86,95,-9,9
56428,178,164,14,14
56429,168,164,4,4
56430,63,68,-5,5
56431,69,62,7,7
56432,186,169,17,17
56433,143,138,5,5
56434,76,63,13,13
56435,87,93,-6,6
56436,46,56,-10,10
56437,81,83,-2,2
56438,43,50,-7,7
56439,125,118,7,7
56440,190,184,6,6
56441,112,97,15,15
56442,161,158,3,3
56443,119,112,7,7
56444,98,101,-3,3
56445,122,115,7,7
56446,94,92,2,2
56447,68,74,-6,6
56448,103,91,12,12
56449,126,104,22,22
56450,75,72,3,3
56451,123,109,14,14
56452,81,78,3,3
56453,144,148,-4,4
56454,53,52,1,1
56455,164,151,13,13
56456,60,64,-4,4
56457,117,115,2,2
56458,121,122,-1,1
56459,90,94,-4,4
56460,86,82,4,4
56461,63,66,-3,3
56462,147,136,11,11
56463,103,99,4,4
56464,68,68,0,0
56465,91,88,3,3
56466,81,69,12,12
56467,71,69,2,2
56468,63,63,0,0
56469,123,123,0,0
56470,105,102,3,3
56471,81,86,-5,5
56472,112,122,-10,10
56473,78,78,0,0
56474,85,85,0,0
56475,118,119,-1,1
56476,65,59,6,6
56477,127,136,-9,9
56478,83,83,0,0
56479,91,87,4,4
56480,62,63,-1,1
56481,75,79,-4,4
56482,88,92,-4,4
56483,163,159,4,4
56484,48,61,-13,13
56485,93,102,-9,9
56486,85,87,-2,2
56487,142,141,1,1
56488,93,101,-8,8
56489,73,68,5,5
56490,65,68,-3,3
56491,83,80,3,3
56492,77,76,1,1
56493,113,110,3,3
56494,121,115,6,6
56495,71,69,2,2
56496,64,60,4,4
56497,70,78,-8,8
56498,155,154,1,1
56499,59,57,2,2
56500,80,75,5,5
56501,80,83,-3,3
56502,59,59,0,0
56503,83,74,9,9
56504,68,62,6,6
56505,77,87,-10,10
56506,121,107,14,14
56507,63,72,-9,9
56508,82,80,2,2
56509,145,146,-1,1
56510,63,69,-6,6
56511,124,126,-2,2
56512,83,94,-11,11
56513,175,171,4,4
56514,185,183,2,2
56515,65,64,1,1
56516,61,59,2,2
56517,76,75,1,1
56518,75,80,-5,5
56519,74,91,-17,17
56520,136,122,14,14
56521,47,66,-19,19
56522,66,59,7,7
56523,131,122,9,9
56524,123,108,15,15
56525,118,114,4,4
56526,58,55,3,3
56527,89,83,6,6
56528,156,144,12,12
56529,55,61,-6,6
56530,115,104,11,11
56531,111,108,3,3
56532,116,128,-12,12
56533,62,71,-9,9
56534,108,97,11,11
56535,120,130,-10,10
56536,112,112,0,0
56537,56,63,-7,7
56538,142,145,-3,3
56539,91,83,8,8
56540,86,84,2,2
56541,121,120,1,1
56542,80,74,6,6
56543,103,105,-2,2
56544,76,81,-5,5
56545,100,129,-29,29
56546,94,91,3,3
56547,117,124,-7,7
56548,84,80,4,4
56549,87,91,-4,4
56550,127,115,12,12
56551,90,106,-16,16
56552,96,89,7,7
56553,56,57,-1,1
56554,74,68,6,6
56555,98,93,5,5
56556,107,116,-9,9
56557,125,107,18,18
56558,66,60,6,6
56559,91,96,-5,5
56560,154,163,-9,9
56561,151,126,25,25
56562,77,75,2,2
56563,60,60,0,0
56564,72,77,-5,5
56565,132,119,13,13
56566,74,69,5,5
56567,63,66,-3,3
56568,129,132,-3,3
56569,169,163,6,6
56570,88,99,-11,11
56571,129,124,5,5
56572,140,132,8,8
56573,80,91,-11,11
56574,94,96,-2,2
56575,49,53,-4,4
56576,145,141,4,4
56577,97,100,-3,3
56578,94,95,-1,1
56579,83,81,2,2
56580,135,133,2,2
56581,103,100,3,3
56582,40,53,-13,13
56583,119,140,-21,21
56584,60,64,-4,4
56585,44,50,-6,6
56586,104,106,-2,2
56587,49,51,-2,2
56588,70,85,-15,15
56589,59,62,-3,3
56590,114,125,-11,11
56591,65,62,3,3
56592,60,61,-1,1
56593,121,131,-10,10
56594,115,108,7,7
56595,75,72,3,3
56596,74,69,5,5
56597,103,102,1,1
56598,59,56,3,3
56599,125,130,-5,5
56600,94,91,3,3
56601,73,68,5,5
56602,54,56,-2,2
56603,58,56,2,2
56604,174,171,3,3
56605,46,50,-4,4
56606,79,81,-2,2
56607,108,98,10,10
56608,50,61,-11,11
56609,120,109,11,11
56610,159,150,9,9
56611,171,169,2,2
56612,81,86,-5,5
56613,85,86,-1,1
56614,118,135,-17,17
56615,73,76,-3,3
56616,114,109,5,5
56617,77,69,8,8
56618,150,133,17,17
56619,72,75,-3,3
56620,64,84,-20,20
56621,85,98,-13,13
56622,112,115,-3,3
56623,57,57,0,0
56624,101,97,4,4
56625,83,87,-4,4
56626,74,69,5,5
56627,142,132,10,10
56628,111,99,12,12
56629,135,122,13,13
56630,64,66,-2,2
56631,75,68,7,7
56632,188,185,3,3
56633,63,82,-19,19
56634,124,115,9,9
56635,42,53,-11,11
56636,136,123,13,13
56637,50,53,-3,3
56638,87,85,2,2
56639,140,132,8,8
56640,94,96,-2,2
56641,94,92,2,2
56642,61,71,-10,10
56643,86,87,-1,1
56644,126,110,16,16
56645,63,61,2,2
56646,82,76,6,6
56647,140,145,-5,5
56648,134,123,11,11
56649,79,80,-1,1
56650,126,132,-6,6
56651,101,106,-5,5
56652,103,101,2,2
56653,70,65,5,5
56654,85,74,11,11
56655,84,89,-5,5
56656,58,61,-3,3
56657,139,130,9,9
56658,67,77,-10,10
56659,101,106,-5,5
56660,83,87,-4,4
56661,66,60,6,6
56662,59,57,2,2
56663,77,81,-4,4
56664,53,60,-7,7
56665,130,129,1,1
56666,59,63,-4,4
56667,94,80,14,14
56668,120,116,4,4
56669,108,101,7,7
56670,95,88,7,7
56671,67,64,3,3
56672,103,101,2,2
56673,68,63,5,5
56674,82,75,7,7
56675,111,115,-4,4
56676,78,76,2,2
56677,59,63,-4,4
56678,72,78,-6,6
56679,101,96,5,5
56680,77,84,-7,7
56681,65,62,3,3
56682,64,71,-7,7
56683,57,64,-7,7
56684,95,99,-4,4
56685,68,69,-1,1
56686,137,124,13,13
56687,65,65,0,0
56688,82,83,-1,1
56689,73,77,-4,4
56690,96,107,-11,11
56691,110,102,8,8
56692,139,136,3,3
56693,87,74,13,13
56694,113,100,13,13
56695,40,50,-10,10
56696,81,82,-1,1
56697,51,58,-7,7
56698,173,161,12,12
56699,72,84,-12,12
56700,107,106,1,1
56701,112,114,-2,2
56702,125,118,7,7
56703,56,57,-1,1
56704,141,125,16,16
56705,150,138,12,12
56706,136,136,0,0
56707,127,121,6,6
56708,132,142,-10,10
56709,96,89,7,7
56710,35,52,-17,17
56711,86,84,2,2
56712,108,99,9,9
56713,149,142,7,7
56714,103,105,-2,2
56715,144,156,-12,12
56716,135,121,14,14
56717,112,105,7,7
56718,86,100,-14,14
56719,54,51,3,3
56720,78,74,4,4
56721,72,69,3,3
56722,87,91,-4,4
56723,79,94,-15,15
56724,109,125,-16,16
56725,120,107,13,13
56726,173,161,12,12
56727,57,63,-6,6
56728,40,50,-10,10
56729,82,87,-5,5
56730,70,74,-4,4
56731,86,84,2,2
56732,98,99,-1,1
56733,134,144,-10,10
56734,45,50,-5,5
56735,129,121,8,8
56736,68,73,-5,5
56737,91,83,8,8
56738,113,106,7,7
56739,52,58,-6,6
56740,94,91,3,3
56741,94,102,-8,8
56742,113,111,2,2
56743,128,115,13,13
56744,99,107,-8,8
56745,105,101,4,4
56746,86,106,-20,20
56747,148,145,3,3
56748,138,121,17,17
56749,99,84,15,15
56750,94,96,-2,2
56751,73,75,-2,2
56752,153,139,14,14
56753,95,98,-3,3
56754,118,127,-9,9
56755,129,125,4,4
56756,50,64,-14,14
56757,123,115,8,8
56758,142,138,4,4
56759,123,121,2,2
56760,148,143,5,5
56761,107,105,2,2
56762,98,102,-4,4
56763,112,112,0,0
56764,137,125,12,12
56765,106,105,1,1
56766,97,88,9,9
56767,96,100,-4,4
56768,245,192,53,53
56769,115,107,8,8
56770,81,76,5,5
56771,130,108,22,22
56772,86,79,7,7
56773,128,124,4,4
56774,73,72,1,1
56775,110,103,7,7
56776,130,124,6,6
56777,97,97,0,0
56778,80,85,-5,5
56779,91,91,0,0
56780,88,82,6,6
56781,105,102,3,3
56782,75,83,-8,8
56783,93,101,-8,8
56784,115,110,5,5
56785,133,124,9,9
56786,142,122,20,20
56787,62,71,-9,9
56788,78,77,1,1
56789,91,87,4,4
56790,102,95,7,7
56791,109,108,1,1
56792,102,96,6,6
56793,90,85,5,5
56794,135,117,18,18
56795,31,54,-23,23
56796,143,139,4,4
56797,123,116,7,7
56798,102,96,6,6
56799,59,58,1,1
56800,83,87,-4,4
56801,99,95,4,4
56802,50,66,-16,16
56803,168,152,16,16
56804,80,80,0,0
56805,104,117,-13,13
56806,117,111,6,6
56807,113,119,-6,6
56808,73,89,-16,16
56809,72,72,0,0
56810,144,120,24,24
56811,131,132,-1,1
56812,107,123,-16,16
56813,85,88,-3,3
56814,58,65,-7,7
56815,67,62,5,5
56816,62,61,1,1
56817,63,56,7,7
56818,148,151,-3,3
56819,139,124,15,15
56820,82,88,-6,6
56821,133,127,6,6
56822,70,72,-2,2
56823,99,105,-6,6
56824,115,112,3,3
56825,121,120,1,1
56826,107,114,-7,7
56827,113,102,11,11
56828,61,65,-4,4
56829,80,71,9,9
56830,78,73,5,5
56831,68,64,4,4
56832,122,132,-10,10
56833,109,101,8,8
56834,71,66,5,5
56835,60,65,-5,5
56836,125,118,7,7
56837,68,66,2,2
56838,114,111,3,3
56839,93,82,11,11
56840,75,79,-4,4
56841,99,98,1,1
56842,133,128,5,5
56843,78,84,-6,6
56844,45,50,-5,5
56845,87,73,14,14
56846,72,77,-5,5
56847,129,126,3,3
56848,93,89,4,4
56849,95,99,-4,4
56850,119,121,-2,2
56851,96,85,11,11
56852,45,52,-7,7
56853,151,143,8,8
56854,75,71,4,4
56855,84,86,-2,2
56856,75,73,2,2
56857,97,138,-41,41
56858,79,82,-3,3
56859,132,126,6,6
56860,108,103,5,5
56861,115,108,7,7
56862,89,96,-7,7
56863,84,88,-4,4
56864,132,128,4,4
56865,94,88,6,6
56866,182,181,1,1
56867,170,159,11,11
56868,93,93,0,0
56869,70,76,-6,6
56870,38,52,-14,14
56871,102,112,-10,10
56872,139,129,10,10
56873,97,107,-10,10
56874,87,86,1,1
56875,86,78,8,8
56876,76,88,-12,12
56877,91,97,-6,6
56878,81,78,3,3
56879,86,76,10,10
56880,90,87,3,3
56881,73,76,-3,3
56882,122,120,2,2
56883,81,76,5,5
56884,182,170,12,12
56885,73,74,-1,1
56886,108,105,3,3
56887,70,66,4,4
56888,170,157,13,13
56889,98,94,4,4
56890,83,86,-3,3
56891,89,96,-7,7
56892,79,80,-1,1
56893,77,83,-6,6
56894,82,89,-7,7
56895,79,82,-3,3
56896,165,152,13,13
56897,57,65,-8,8
56898,94,102,-8,8
56899,101,90,11,11
56900,170,179,-9,9
56901,68,74,-6,6
56902,121,114,7,7
56903,137,130,7,7
56904,72,66,6,6
56905,109,106,3,3
56906,81,75,6,6
56907,71,72,-1,1
56908,135,132,3,3
56909,105,102,3,3
56910,101,94,7,7
56911,71,78,-7,7
56912,93,95,-2,2
56913,75,73,2,2
56914,68,133,-65,65
56915,107,103,4,4
56916,76,72,4,4
56917,127,117,10,10
56918,117,123,-6,6
56919,123,108,15,15
56920,158,162,-4,4
56921,96,95,1,1
56922,44,50,-6,6
56923,100,100,0,0
56924,69,71,-2,2
56925,77,86,-9,9
56926,66,71,-5,5
56927,71,64,7,7
56928,117,112,5,5
56929,103,106,-3,3
56930,99,96,3,3
56931,131,130,1,1
56932,50,51,-1,1
56933,39,50,-11,11
56934,74,70,4,4
56935,51,53,-2,2
56936,91,95,-4,4
56937,104,110,-6,6
56938,76,77,-1,1
56939,126,124,2,2
56940,79,82,-3,3
56941,88,93,-5,5
56942,103,105,-2,2
56943,156,144,12,12
56944,153,150,3,3
56945,82,80,2,2
56946,69,74,-5,5
56947,85,90,-5,5
56948,90,101,-11,11
56949,118,110,8,8
56950,113,116,-3,3
56951,63,71,-8,8
56952,39,51,-12,12
56953,125,120,5,5
56954,111,133,-22,22
56955,85,84,1,1
56956,69,74,-5,5
56957,164,155,9,9
56958,115,114,1,1
56959,100,119,-19,19
56960,97,95,2,2
56961,76,89,-13,13
56962,109,119,-10,10
56963,122,115,7,7
56964,75,77,-2,2
56965,94,97,-3,3
56966,73,67,6,6
56967,138,126,12,12
56968,109,91,18,18
56969,84,92,-8,8
56970,65,60,5,5
56971,97,95,2,2
56972,150,141,9,9
56973,158,155,3,3
56974,74,74,0,0
56975,64,66,-2,2
56976,102,99,3,3
56977,83,96,-13,13
56978,181,160,21,21
56979,149,140,9,9
56980,67,63,4,4
56981,108,114,-6,6
56982,126,124,2,2
56983,129,122,7,7
56984,123,119,4,4
56985,88,83,5,5
56986,79,87,-8,8
56987,122,107,15,15
56988,88,78,10,10
56989,129,134,-5,5
56990,82,79,3,3
56991,72,73,-1,1
56992,116,112,4,4
56993,93,100,-7,7
56994,82,78,4,4
56995,153,154,-1,1
56996,169,155,14,14
56997,79,92,-13,13
56998,92,92,0,0
56999,123,116,7,7
57000,75,94,-19,19
57001,162,166,-4,4
57002,79,81,-2,2
57003,90,88,2,2
57004,74,85,-11,11
57005,130,128,2,2
57006,128,117,11,11
57007,75,86,-11,11
57008,86,85,1,1
57009,111,112,-1,1
57010,100,97,3,3
57011,57,62,-5,5
57012,126,121,5,5
57013,61,63,-2,2
57014,79,82,-3,3
57015,80,68,12,12
57016,49,56,-7,7
57017,83,82,1,1
57018,65,64,1,1
57019,76,80,-4,4
57020,99,99,0,0
57021,152,137,15,15
57022,74,78,-4,4
57023,90,95,-5,5
57024,116,123,-7,7
57025,150,147,3,3
57026,98,106,-8,8
57027,136,127,9,9
57028,109,108,1,1
57029,131,144,-13,13
57030,44,54,-10,10
57031,52,54,-2,2
57032,73,72,1,1
57033,160,124,36,36
57034,104,100,4,4
57035,71,66,5,5
57036,52,57,-5,5
57037,69,61,8,8
57038,120,107,13,13
57039,51,50,1,1
57040,65,74,-9,9
57041,93,87,6,6
57042,62,75,-13,13
57043,108,103,5,5
57044,86,89,-3,3
57045,65,70,-5,5
57046,151,149,2,2
57047,82,88,-6,6
57048,54,54,0,0
57049,57,58,-1,1
57050,87,87,0,0
57051,75,80,-5,5
57052,76,79,-3,3
57053,144,138,6,6
57054,82,84,-2,2
57055,70,67,3,3
57056,65,66,-1,1
57057,130,133,-3,3
57058,179,185,-6,6
57059,143,148,-5,5
57060,128,123,5,5
57061,59,56,3,3
57062,141,132,9,9
57063,91,89,2,2
57064,117,109,8,8
57065,103,103,0,0
57066,102,104,-2,2
57067,150,125,25,25
57068,91,85,6,6
57069,82,87,-5,5
57070,72,65,7,7
57071,146,133,13,13
57072,51,55,-4,4
57073,119,124,-5,5
57074,94,96,-2,2
57075,113,102,11,11
57076,115,111,4,4
57077,50,54,-4,4
57078,72,89,-17,17
57079,127,121,6,6
57080,67,85,-18,18
57081,76,77,-1,1
57082,96,107,-11,11
57083,137,149,-12,12
57084,189,182,7,7
57085,83,84,-1,1
57086,90,93,-3,3
57087,85,81,4,4
57088,99,99,0,0
57089,88,89,-1,1
57090,163,161,2,2
57091,78,81,-3,3
57092,63,60,3,3
57093,87,90,-3,3
57094,81,86,-5,5
57095,117,129,-12,12
57096,86,77,9,9
57097,97,96,1,1
57098,120,117,3,3
57099,61,56,5,5
57100,109,113,-4,4
57101,82,82,0,0
57102,98,89,9,9
57103,100,90,10,10
57104,114,106,8,8
57105,61,63,-2,2
57106,88,92,-4,4
57107,75,78,-3,3
57108,96,98,-2,2
57109,125,128,-3,3
57110,216,203,13,13
57111,91,88,3,3
57112,149,173,-24,24
57113,104,95,9,9
57114,69,73,-4,4
57115,65,64,1,1
57116,116,103,13,13
57117,66,65,1,1
57118,53,54,-1,1
57119,61,69,-8,8
57120,106,110,-4,4
57121,118,107,11,11
57122,145,142,3,3
57123,90,83,7,7
57124,76,73,3,3
57125,48,52,-4,4
57126,38,50,-12,12
57127,65,67,-2,2
57128,98,90,8,8
57129,48,60,-12,12
57130,93,97,-4,4
57131,117,122,-5,5
57132,66,69,-3,3
57133,110,96,14,14
57134,121,115,6,6
57135,95,89,6,6
57136,81,78,3,3
57137,48,58,-10,10
57138,80,85,-5,5
57139,136,149,-13,13
57140,55,59,-4,4
57141,110,102,8,8
57142,104,117,-13,13
57143,89,80,9,9
57144,90,102,-12,12
57145,111,112,-1,1
57146,85,94,-9,9
57147,113,113,0,0
57148,100,101,-1,1
57149,147,132,15,15
57150,86,94,-8,8
57151,76,82,-6,6
57152,164,144,20,20
57153,130,120,10,10
57154,99,93,6,6
57155,40,50,-10,10
57156,175,180,-5,5
57157,148,143,5,5
57158,106,108,-2,2
57159,152,153,-1,1
57160,91,96,-5,5
57161,98,93,5,5
57162,51,61,-10,10
57163,88,91,-3,3
57164,89,87,2,2
57165,63,59,4,4
57166,84,85,-1,1
57167,75,68,7,7
57168,117,106,11,11
57169,111,112,-1,1
57170,134,151,-17,17
57171,81,91,-10,10
57172,101,107,-6,6
57173,61,58,3,3
57174,116,113,3,3
57175,77,81,-4,4
57176,121,117,4,4
57177,101,96,5,5
57178,22,50,-28,28
57179,89,86,3,3
57180,134,134,0,0
57181,132,133,-1,1
57182,48,53,-5,5
57183,102,99,3,3
57184,90,86,4,4
57185,89,91,-2,2
57186,109,113,-4,4
57187,164,147,17,17
57188,93,96,-3,3
57189,93,97,-4,4
57190,63,74,-11,11
57191,99,100,-1,1
57192,72,68,4,4
57193,85,83,2,2
57194,76,82,-6,6
57195,85,84,1,1
57196,125,86,39,39
57197,63,62,1,1
57198,47,55,-8,8
57199,123,123,0,0
57200,88,97,-9,9
57201,75,70,5,5
57202,78,76,2,2
57203,73,65,8,8
57204,113,128,-15,15
57205,88,85,3,3
57206,91,77,14,14
57207,99,98,1,1
57208,92,100,-8,8
57209,102,108,-6,6
57210,84,86,-2,2
57211,153,148,5,5
57212,117,124,-7,7
57213,61,63,-2,2
57214,81,79,2,2
57215,148,147,1,1
57216,88,73,15,15
57217,109,106,3,3
57218,124,120,4,4
57219,44,57,-13,13
57220,75,75,0,0
57221,107,111,-4,4
57222,74,79,-5,5
57223,75,66,9,9
57224,97,89,8,8
57225,95,85,10,10
57226,72,66,6,6
57227,71,68,3,3
57228,100,100,0,0
57229,110,97,13,13
57230,67,59,8,8
57231,59,56,3,3
57232,162,148,14,14
57233,97,97,0,0
57234,66,70,-4,4
57235,87,84,3,3
57236,142,128,14,14
57237,77,80,-3,3
57238,61,57,4,4
57239,61,116,-55,55
57240,131,121,10,10
57241,84,87,-3,3
57242,77,82,-5,5
57243,60,60,0,0
57244,77,82,-5,5
57245,47,53,-6,6
57246,71,76,-5,5
57247,118,122,-4,4
57248,105,115,-10,10
57249,137,130,7,7
57250,48,65,-17,17
57251,81,84,-3,3
57252,105,86,19,19
57253,107,104,3,3
57254,149,141,8,8
57255,88,83,5,5
57256,104,97,7,7
57257,130,112,18,18
57258,118,118,0,0
57259,50,66,-16,16
57260,113,105,8,8
57261,48,52,-4,4
57262,105,108,-3,3
57263,63,71,-8,8
57264,63,66,-3,3
57265,65,70,-5,5
57266,105,107,-2,2
57267,38,50,-12,12
57268,57,67,-10,10
57269,94,91,3,3
57270,87,77,10,10
57271,68,70,-2,2
57272,66,73,-7,7
57273,87,92,-5,5
57274,121,113,8,8
57275,104,98,6,6
57276,124,127,-3,3
57277,158,144,14,14
57278,30,50,-20,20
57279,101,113,-12,12
57280,86,74,12,12
57281,93,89,4,4
57282,123,136,-13,13
57283,102,89,13,13
57284,142,154,-12,12
57285,61,74,-13,13
57286,75,82,-7,7
57287,125,128,-3,3
57288,95,92,3,3
57289,171,163,8,8
57290,96,130,-34,34
57291,123,121,2,2
57292,106,113,-7,7
57293,62,64,-2,2
57294,87,84,3,3
57295,57,58,-1,1
57296,56,52,4,4
57297,124,118,6,6
57298,81,79,2,2
57299,109,97,12,12
57300,165,173,-8,8
57301,171,176,-5,5
57302,104,101,3,3
57303,59,64,-5,5
57304,40,50,-10,10
57305,74,86,-12,12
57306,127,123,4,4
57307,73,84,-11,11
57308,130,122,8,8
57309,47,62,-15,15
57310,59,61,-2,2
57311,156,141,15,15
57312,101,92,9,9
57313,89,79,10,10
57314,95,95,0,0
57315,60,69,-9,9
57316,91,93,-2,2
57317,74,72,2,2
57318,160,147,13,13
57319,114,108,6,6
57320,148,143,5,5
57321,80,73,7,7
57322,24,50,-26,26
57323,52,54,-2,2
57324,259,229,30,30
57325,44,50,-6,6
57326,149,144,5,5
57327,57,61,-4,4
57328,126,133,-7,7
57329,142,130,12,12
57330,111,115,-4,4
57331,167,159,8,8
57332,76,76,0,0
57333,69,65,4,4
57334,110,118,-8,8
57335,92,104,-12,12
57336,99,87,12,12
57337,95,95,0,0
57338,114,106,8,8
57339,91,97,-6,6
57340,104,102,2,2
57341,84,86,-2,2
57342,164,146,18,18
57343,44,55,-11,11
57344,75,69,6,6
57345,95,94,1,1
57346,27,50,-23,23
57347,81,83,-2,2
57348,72,73,-1,1
57349,100,92,8,8
57350,131,116,15,15
57351,61,68,-7,7
57352,89,88,1,1
57353,65,68,-3,3
57354,53,63,-10,10
57355,103,113,-10,10
57356,129,123,6,6
57357,114,101,13,13
57358,102,100,2,2
57359,87,94,-7,7
57360,77,65,12,12
57361,72,73,-1,1
57362,71,78,-7,7
57363,67,58,9,9
57364,116,114,2,2
57365,102,95,7,7
57366,83,77,6,6
57367,55,54,1,1
57368,71,85,-14,14
57369,84,77,7,7
57370,98,98,0,0
57371,101,89,12,12
57372,82,73,9,9
57373,117,117,0,0
57374,126,130,-4,4
57375,66,71,-5,5
57376,81,88,-7,7
57377,189,189,0,0
57378,90,79,11,11
57379,86,82,4,4
57380,107,102,5,5
57381,117,134,-17,17
57382,54,56,-2,2
57383,81,89,-8,8
57384,85,78,7,7
57385,88,95,-7,7
57386,57,61,-4,4
57387,103,99,4,4
57388,103,99,4,4
57389,95,91,4,4
57390,107,106,1,1
57391,91,90,1,1
57392,111,127,-16,16
57393,200,185,15,15
57394,83,88,-5,5
57395,86,84,2,2
57396,80,85,-5,5
57397,109,114,-5,5
57398,69,69,0,0
57399,78,74,4,4
57400,70,77,-7,7
57401,77,75,2,2
57402,69,60,9,9
57403,96,84,12,12
57404,121,142,-21,21
57405,90,97,-7,7
57406,152,140,12,12
57407,91,84,7,7
57408,89,87,2,2
57409,104,100,4,4
57410,88,73,15,15
57411,113,108,5,5
57412,81,92,-11,11
57413,92,85,7,7
57414,112,99,13,13
57415,113,121,-8,8
57416,119,106,13,13
57417,68,68,0,0
57418,183,157,26,26
57419,154,142,12,12
57420,115,118,-3,3
57421,173,192,-19,19
57422,108,101,7,7
57423,124,131,-7,7
57424,71,64,7,7
57425,84,79,5,5
57426,80,81,-1,1
57427,90,99,-9,9
57428,74,68,6,6
57429,89,78,11,11
57430,81,91,-10,10
57431,100,91,9,9
57432,136,133,3,3
57433,55,57,-2,2
57434,105,105,0,0
57435,77,74,3,3
57436,192,185,7,7
57437,99,90,9,9
57438,90,88,2,2
57439,134,122,12,12
57440,113,109,4,4
57441,90,83,7,7
57442,150,131,19,19
57443,52,56,-4,4
57444,102,100,2,2
57445,55,53,2,2
57446,110,110,0,0
57447,57,58,-1,1
57448,57,58,-1,1
57449,97,96,1,1
57450,117,123,-6,6
57451,83,89,-6,6
57452,121,115,6,6
57453,58,62,-4,4
57454,101,100,1,1
57455,63,64,-1,1
57456,105,105,0,0
57457,94,89,5,5
57458,138,132,6,6
57459,62,61,1,1
57460,113,116,-3,3
57461,50,56,-6,6
57462,90,92,-2,2
57463,135,136,-1,1
57464,68,61,7,7
57465,94,88,6,6
57466,63,63,0,0
57467,179,168,11,11
57468,78,75,3,3
57469,197,170,27,27
57470,124,125,-1,1
57471,115,123,-8,8
57472,105,102,3,3
57473,135,134,1,1
57474,59,63,-4,4
57475,75,83,-8,8
57476,131,129,2,2
57477,125,127,-2,2
57478,82,92,-10,10
57479,193,183,10,10
57480,23,50,-27,27
57481,67,65,2,2
57482,204,194,10,10
57483,78,83,-5,5
57484,95,98,-3,3
57485,143,145,-2,2
57486,69,67,2,2
57487,78,75,3,3
57488,185,179,6,6
57489,60,63,-3,3
57490,93,84,9,9
57491,49,52,-3,3
57492,151,136,15,15
57493,93,89,4,4
57494,109,98,11,11
57495,58,55,3,3
57496,132,115,17,17
57497,85,77,8,8
57498,118,99,19,19
57499,69,71,-2,2
57500,76,80,-4,4
57501,68,74,-6,6
57502,68,67,1,1
57503,103,115,-12,12
57504,116,111,5,5
57505,189,165,24,24
57506,64,70,-6,6
57507,54,53,1,1
57508,99,100,-1,1
57509,140,127,13,13
57510,52,53,-1,1
57511,144,141,3,3
57512,96,94,2,2
57513,60,78,-18,18
57514,131,130,1,1
57515,101,109,-8,8
57516,21,74,-53,53
57517,77,76,1,1
57518,94,97,-3,3
57519,64,63,1,1
57520,77,66,11,11
57521,89,88,1,1
57522,68,67,1,1
57523,100,77,23,23
57524,94,91,3,3
57525,99,95,4,4
57526,104,108,-4,4
57527,76,74,2,2
57528,41,50,-9,9
57529,89,79,10,10
57530,159,136,23,23
57531,145,129,16,16
57532,89,81,8,8
57533,117,119,-2,2
57534,56,65,-9,9
57535,112,108,4,4
57536,59,56,3,3
57537,54,53,1,1
57538,83,76,7,7
57539,70,74,-4,4
57540,64,63,1,1
57541,134,132,2,2
57542,107,119,-12,12
57543,81,83,-2,2
57544,117,120,-3,3
57545,123,125,-2,2
57546,114,102,12,12
57547,173,158,15,15
57548,79,68,11,11
57549,117,105,12,12
57550,32,50,-18,18
57551,87,80,7,7
57552,189,181,8,8
57553,70,74,-4,4
57554,155,133,22,22
57555,81,83,-2,2
57556,168,159,9,9
57557,114,111,3,3
57558,153,157,-4,4
57559,124,112,12,12
57560,51,50,1,1
57561,105,108,-3,3
57562,101,116,-15,15
57563,86,87,-1,1
57564,129,123,6,6
57565,122,115,7,7
57566,149,136,13,13
57567,85,82,3,3
57568,73,69,4,4
57569,66,70,-4,4
57570,180,160,20,20
57571,33,51,-18,18
57572,70,75,-5,5
57573,101,114,-13,13
57574,89,96,-7,7
57575,120,121,-1,1
57576,121,114,7,7
57577,91,95,-4,4
57578,90,89,1,1
57579,121,119,2,2
57580,154,152,2,2
57581,110,105,5,5
57582,65,57,8,8
57583,107,120,-13,13
57584,141,133,8,8
57585,61,63,-2,2
57586,119,120,-1,1
57587,135,134,1,1
57588,185,161,24,24
57589,46,52,-6,6
57590,89,89,0,0
57591,134,128,6,6
57592,102,99,3,3
57593,138,138,0,0
57594,104,97,7,7
57595,176,164,12,12
57596,112,106,6,6
57597,135,131,4,4
57598,119,114,5,5
57599,82,71,11,11
57600,99,103,-4,4
57601,119,109,10,10
57602,98,109,-11,11
57603,96,100,-4,4
57604,90,99,-9,9
57605,81,72,9,9
57606,65,65,0,0
57607,120,115,5,5
57608,90,86,4,4
57609,80,86,-6,6
57610,81,89,-8,8
57611,78,95,-17,17
57612,82,77,5,5
57613,155,136,19,19
57614,77,72,5,5
57615,116,120,-4,4
57616,78,80,-2,2
57617,69,65,4,4
57618,64,65,-1,1
57619,88,89,-1,1
57620,56,59,-3,3
57621,62,67,-5,5
57622,49,57,-8,8
57623,120,107,13,13
57624,154,146,8,8
57625,86,87,-1,1
57626,61,68,-7,7
57627,66,64,2,2
57628,145,123,22,22
57629,83,89,-6,6
57630,136,127,9,9
57631,88,97,-9,9
57632,71,86,-15,15
57633,93,88,5,5
57634,97,94,3,3
57635,94,87,7,7
57636,97,102,-5,5
57637,57,64,-7,7
57638,142,142,0,0
57639,119,114,5,5
57640,87,92,-5,5
57641,131,137,-6,6
57642,119,125,-6,6
57643,76,72,4,4
57644,55,53,2,2
57645,106,100,6,6
57646,70,77,-7,7
57647,103,100,3,3
57648,96,84,12,12
57649,150,145,5,5
57650,128,130,-2,2
57651,38,50,-12,12
57652,65,80,-15,15
57653,79,72,7,7
57654,96,88,8,8
57655,88,86,2,2
57656,185,198,-13,13
57657,81,76,5,5
57658,151,137,14,14
57659,94,96,-2,2
57660,72,72,0,0
57661,110,105,5,5
57662,109,103,6,6
57663,80,71,9,9
57664,68,71,-3,3
57665,111,99,12,12
57666,67,72,-5,5
57667,95,91,4,4
57668,114,113,1,1
57669,51,54,-3,3
57670,111,108,3,3
57671,118,105,13,13
57672,157,136,21,21
57673,82,87,-5,5
57674,119,95,24,24
57675,73,74,-1,1
57676,88,81,7,7
57677,46,50,-4,4
57678,61,60,1,1
57679,81,84,-3,3
57680,117,113,4,4
57681,87,84,3,3
57682,71,63,8,8
57683,70,66,4,4
57684,98,107,-9,9
57685,89,89,0,0
57686,100,90,10,10
57687,124,113,11,11
57688,166,153,13,13
57689,90,85,5,5
57690,43,51,-8,8
57691,175,158,17,17
57692,104,109,-5,5
57693,180,173,7,7
57694,57,55,2,2
57695,36,51,-15,15
57696,144,152,-8,8
57697,136,130,6,6
57698,56,57,-1,1
57699,93,96,-3,3
57700,91,91,0,0
57701,98,99,-1,1
57702,82,65,17,17
57703,101,112,-11,11
57704,113,115,-2,2
57705,53,59,-6,6
57706,55,56,-1,1
57707,120,110,10,10
57708,105,99,6,6
57709,71,75,-4,4
57710,78,77,1,1
57711,165,164,1,1
57712,82,85,-3,3
57713,126,117,9,9
57714,114,108,6,6
57715,143,135,8,8
57716,118,119,-1,1
57717,94,98,-4,4
57718,41,50,-9,9
57719,67,66,1,1
57720,83,80,3,3
57721,119,101,18,18
57722,62,62,0,0
57723,55,54,1,1
57724,95,95,0,0
57725,91,94,-3,3
57726,68,68,0,0
57727,144,146,-2,2
57728,64,66,-2,2
57729,43,59,-16,16
57730,81,84,-3,3
57731,94,81,13,13
57732,77,75,2,2
57733,167,171,-4,4
57734,51,58,-7,7
57735,117,106,11,11
57736,93,92,1,1
57737,71,72,-1,1
57738,64,68,-4,4
57739,168,155,13,13
57740,98,97,1,1
57741,38,50,-12,12
57742,124,117,7,7
57743,104,112,-8,8
57744,45,50,-5,5
57745,36,50,-14,14
57746,82,83,-1,1
57747,120,109,11,11
57748,108,115,-7,7
57749,43,51,-8,8
57750,85,77,8,8
57751,146,134,12,12
57752,82,97,-15,15
57753,115,105,10,10
57754,98,88,10,10
57755,87,82,5,5
57756,124,127,-3,3
57757,86,86,0,0
57758,92,108,-16,16
57759,109,92,17,17
57760,125,119,6,6
57761,140,147,-7,7
57762,84,98,-14,14
57763,66,67,-1,1
57764,131,117,14,14
57765,81,72,9,9
57766,88,83,5,5
57767,143,153,-10,10
57768,74,80,-6,6
57769,118,125,-7,7
57770,56,62,-6,6
57771,61,64,-3,3
57772,112,115,-3,3
57773,119,109,10,10
57774,102,95,7,7
57775,101,124,-23,23
57776,71,69,2,2
57777,118,116,2,2
57778,119,131,-12,12
57779,83,88,-5,5
57780,133,121,12,12
57781,57,58,-1,1
57782,87,84,3,3
57783,6,50,-44,44
57784,76,83,-7,7
57785,124,117,7,7
57786,28,50,-22,22
57787,65,62,3,3
57788,86,75,11,11
57789,111,113,-2,2
57790,59,63,-4,4
57791,94,93,1,1
57792,97,113,-16,16
57793,115,118,-3,3
57794,75,76,-1,1
57795,144,133,11,11
57796,86,97,-11,11
57797,74,74,0,0
57798,102,104,-2,2
57799,79,76,3,3
57800,99,95,4,4
57801,140,151,-11,11
57802,101,101,0,0
57803,156,144,12,12
57804,92,88,4,4
57805,70,73,-3,3
57806,59,74,-15,15
57807,116,111,5,5
57808,138,131,7,7
57809,136,139,-3,3
57810,61,62,-1,1
57811,53,56,-3,3
57812,79,75,4,4
57813,90,86,4,4
57814,127,119,8,8
57815,177,149,28,28
57816,110,120,-10,10
57817,129,124,5,5
57818,106,124,-18,18
57819,74,77,-3,3
57820,154,155,-1,1
57821,129,127,2,2
57822,73,72,1,1
57823,77,85,-8,8
57824,84,91,-7,7
57825,103,98,5,5
57826,90,119,-29,29
57827,109,104,5,5
57828,68,62,6,6
57829,72,66,6,6
57830,105,116,-11,11
57831,65,65,0,0
57832,95,90,5,5
57833,133,131,2,2
57834,103,94,9,9
57835,107,113,-6,6
57836,79,76,3,3
57837,116,110,6,6
57838,91,84,7,7
57839,72,85,-13,13
57840,66,86,-20,20
57841,147,136,11,11
57842,90,100,-10,10
57843,192,208,-16,16
57844,98,114,-16,16
57845,105,103,2,2
57846,44,54,-10,10
57847,102,90,12,12
57848,82,90,-8,8
57849,107,105,2,2
57850,102,101,1,1
57851,135,123,12,12
57852,157,143,14,14
57853,61,56,5,5
57854,155,147,8,8
57855,121,127,-6,6
57856,77,73,4,4
57857,142,139,3,3
57858,95,82,13,13
57859,104,100,4,4
57860,77,77,0,0
57861,135,127,8,8
57862,101,99,2,2
57863,65,61,4,4
57864,108,103,5,5
57865,46,52,-6,6
57866,196,190,6,6
57867,83,82,1,1
57868,92,83,9,9
57869,66,61,5,5
57870,87,79,8,8
57871,76,74,2,2
57872,24,71,-47,47
57873,94,103,-9,9
57874,85,73,12,12
57875,147,195,-48,48
57876,104,113,-9,9
57877,97,93,4,4
57878,159,141,18,18
57879,103,98,5,5
57880,114,116,-2,2
57881,133,136,-3,3
57882,66,66,0,0
57883,101,104,-3,3
57884,71,66,5,5
57885,85,83,2,2
57886,87,72,15,15
57887,116,95,21,21
57888,88,77,11,11
57889,64,60,4,4
57890,48,55,-7,7
57891,55,57,-2,2
57892,61,90,-29,29
57893,86,97,-11,11
57894,56,56,0,0
57895,58,52,6,6
57896,77,80,-3,3
57897,70,72,-2,2
57898,78,85,-7,7
57899,136,131,5,5
57900,69,69,0,0
57901,68,63,5,5
57902,102,99,3,3
57903,67,65,2,2
57904,82,77,5,5
57905,54,52,2,2
57906,70,79,-9,9
57907,83,75,8,8
57908,129,117,12,12
57909,43,50,-7,7
57910,46,58,-12,12
57911,119,120,-1,1
57912,50,53,-3,3
57913,76,77,-1,1
57914,168,157,11,11
57915,83,81,2,2
57916,116,104,12,12
57917,121,133,-12,12
57918,96,104,-8,8
57919,126,131,-5,5
57920,86,87,-1,1
57921,85,76,9,9
57922,93,80,13,13
57923,52,57,-5,5
57924,129,126,3,3
57925,87,81,6,6
57926,38,50,-12,12
57927,61,76,-15,15
57928,77,75,2,2
57929,73,67,6,6
57930,143,152,-9,9
57931,59,62,-3,3
57932,57,59,-2,2
57933,64,67,-3,3
57934,140,132,8,8
57935,109,115,-6,6
57936,91,89,2,2
57937,64,69,-5,5
57938,105,91,14,14
57939,121,108,13,13
57940,65,59,6,6
57941,80,80,0,0
57942,75,70,5,5
57943,90,81,9,9
57944,93,97,-4,4
57945,60,63,-3,3
57946,75,75,0,0
57947,97,99,-2,2
57948,130,124,6,6
57949,111,101,10,10
57950,82,71,11,11
57951,102,99,3,3
57952,72,68,4,4
57953,180,184,-4,4
57954,71,82,-11,11
57955,92,91,1,1
57956,109,107,2,2
57957,113,106,7,7
57958,117,109,8,8
57959,105,106,-1,1
57960,85,81,4,4
57961,75,67,8,8
57962,77,76,1,1
57963,79,80,-1,1
57964,106,101,5,5
57965,52,61,-9,9
57966,107,79,28,28
57967,89,92,-3,3
57968,150,143,7,7
57969,84,85,-1,1
57970,78,82,-4,4
57971,124,113,11,11
57972,58,60,-2,2
57973,110,111,-1,1
57974,108,109,-1,1
57975,95,108,-13,13
57976,139,124,15,15
57977,92,91,1,1
57978,63,70,-7,7
57979,81,84,-3,3
57980,103,91,12,12
57981,75,72,3,3
57982,75,83,-8,8
57983,125,120,5,5
57984,98,103,-5,5
57985,101,99,2,2
57986,73,83,-10,10
57987,95,93,2,2
57988,120,111,9,9
57989,90,103,-13,13
57990,178,159,19,19
57991,111,115,-4,4
57992,90,91,-1,1
57993,91,75,16,16
57994,92,81,11,11
57995,77,77,0,0
57996,87,81,6,6
57997,121,119,2,2
57998,99,86,13,13
57999,119,122,-3,3
58000,85,93,-8,8
58001,102,103,-1,1
58002,102,97,5,5
58003,68,63,5,5
58004,159,138,21,21
58005,91,75,16,16
58006,85,89,-4,4
58007,77,83,-6,6
58008,136,132,4,4
58009,182,165,17,17
58010,101,99,2,2
58011,63,58,5,5
58012,89,102,-13,13
58013,78,76,2,2
58014,104,98,6,6
58015,113,111,2,2
58016,88,91,-3,3
58017,87,84,3,3
58018,182,160,22,22
58019,97,93,4,4
58020,123,127,-4,4
58021,93,120,-27,27
58022,77,63,14,14
58023,87,83,4,4
58024,71,71,0,0
58025,60,59,1,1
58026,95,102,-7,7
58027,92,83,9,9
58028,78,74,4,4
58029,84,91,-7,7
58030,153,140,13,13
58031,140,146,-6,6
58032,99,83,16,16
58033,57,57,0,0
58034,83,89,-6,6
58035,79,74,5,5
58036,87,90,-3,3
58037,85,105,-20,20
58038,80,77,3,3
58039,69,73,-4,4
58040,68,70,-2,2
58041,94,100,-6,6
58042,79,86,-7,7
58043,115,111,4,4
58044,59,61,-2,2
58045,183,186,-3,3
58046,64,66,-2,2
58047,109,97,12,12
58048,54,53,1,1
58049,62,60,2,2
58050,69,81,-12,12
58051,62,57,5,5
58052,71,63,8,8
58053,140,132,8,8
58054,73,71,2,2
58055,124,123,1,1
58056,86,90,-4,4
58057,142,150,-8,8
58058,170,169,1,1
58059,69,66,3,3
58060,124,126,-2,2
58061,123,125,-2,2
58062,104,87,17,17
58063,65,70,-5,5
58064,110,108,2,2
58065,80,73,7,7
58066,66,67,-1,1
58067,96,90,6,6
58068,116,118,-2,2
58069,74,73,1,1
58070,59,62,-3,3
58071,64,57,7,7
58072,115,118,-3,3
58073,89,84,5,5
58074,136,122,14,14
58075,51,54,-3,3
58076,73,70,3,3
58077,68,79,-11,11
58078,116,114,2,2
58079,135,139,-4,4
58080,29,50,-21,21
58081,96,81,15,15
58082,38,71,-33,33
58083,170,168,2,2
58084,125,122,3,3
58085,160,144,16,16
58086,108,117,-9,9
58087,144,139,5,5
58088,70,60,10,10
58089,100,96,4,4
58090,62,62,0,0
58091,129,125,4,4
58092,99,90,9,9
58093,93,103,-10,10
58094,108,93,15,15
58095,59,55,4,4
58096,43,61,-18,18
58097,119,107,12,12
58098,71,62,9,9
58099,147,160,-13,13
58100,60,58,2,2
58101,79,90,-11,11
58102,64,67,-3,3
58103,73,74,-1,1
58104,105,109,-4,4
58105,80,75,5,5
58106,79,82,-3,3
58107,90,85,5,5
58108,89,78,11,11
58109,73,70,3,3
58110,113,116,-3,3
58111,78,86,-8,8
58112,63,80,-17,17
58113,142,130,12,12
58114,145,158,-13,13
58115,95,97,-2,2
58116,101,99,2,2
58117,126,111,15,15
58118,154,137,17,17
58119,184,156,28,28
58120,116,120,-4,4
58121,84,87,-3,3
58122,129,131,-2,2
58123,74,73,1,1
58124,97,92,5,5
58125,88,106,-18,18
58126,102,105,-3,3
58127,69,69,0,0
58128,73,81,-8,8
58129,77,69,8,8
58130,98,99,-1,1
58131,78,82,-4,4
58132,108,88,20,20
58133,78,77,1,1
58134,86,94,-8,8
58135,70,65,5,5
58136,70,74,-4,4
58137,78,74,4,4
58138,81,76,5,5
58139,55,60,-5,5
58140,37,50,-13,13
58141,80,79,1,1
58142,68,67,1,1
58143,130,133,-3,3
58144,100,95,5,5
58145,71,78,-7,7
58146,97,93,4,4
58147,147,142,5,5
58148,93,96,-3,3
58149,165,163,2,2
58150,70,72,-2,2
58151,59,66,-7,7
58152,46,55,-9,9
58153,132,116,16,16
58154,90,74,16,16
58155,208,197,11,11
58156,124,131,-7,7
58157,92,98,-6,6
58158,75,71,4,4
58159,103,100,3,3
58160,47,54,-7,7
58161,72,60,12,12
58162,65,66,-1,1
58163,107,112,-5,5
58164,131,128,3,3
58165,67,77,-10,10
58166,119,117,2,2
58167,63,63,0,0
58168,153,143,10,10
58169,72,75,-3,3
58170,131,143,-12,12
58171,92,88,4,4
58172,70,66,4,4
58173,93,100,-7,7
58174,48,64,-16,16
58175,75,69,6,6
58176,185,182,3,3
58177,90,83,7,7
58178,53,53,0,0
58179,130,129,1,1
58180,139,140,-1,1
58181,92,96,-4,4
58182,77,104,-27,27
58183,130,118,12,12
58184,88,79,9,9
58185,68,76,-8,8
58186,144,125,19,19
58187,73,73,0,0
58188,136,135,1,1
58189,115,110,5,5
58190,79,85,-6,6
58191,97,95,2,2
58192,70,67,3,3
58193,76,80,-4,4
58194,110,106,4,4
58195,103,111,-8,8
58196,106,105,1,1
58197,82,82,0,0
58198,82,86,-4,4
58199,64,63,1,1
58200,108,108,0,0
58201,162,153,9,9
58202,64,63,1,1
58203,42,51,-9,9
58204,128,125,3,3
58205,93,85,8,8
58206,83,80,3,3
58207,75,64,11,11
58208,113,106,7,7
58209,131,123,8,8
58210,70,63,7,7
58211,82,84,-2,2
58212,53,57,-4,4
58213,92,95,-3,3
58214,123,113,10,10
58215,132,125,7,7
58216,71,69,2,2
58217,83,85,-2,2
58218,52,55,-3,3
58219,102,99,3,3
58220,51,57,-6,6
58221,90,82,8,8
58222,121,131,-10,10
58223,125,124,1,1
58224,66,63,3,3
58225,99,107,-8,8
58226,71,80,-9,9
58227,103,102,1,1
58228,87,89,-2,2
58229,130,130,0,0
58230,74,72,2,2
58231,171,156,15,15
58232,146,126,20,20
58233,81,78,3,3
58234,72,61,11,11
58235,81,96,-15,15
58236,58,61,-3,3
58237,111,105,6,6
58238,148,142,6,6
58239,76,71,5,5
58240,78,69,9,9
58241,91,94,-3,3
58242,91,94,-3,3
58243,70,74,-4,4
58244,155,134,21,21
58245,89,91,-2,2
58246,55,52,3,3
58247,97,85,12,12
58248,71,69,2,2
58249,134,135,-1,1
58250,85,75,10,10
58251,76,73,3,3
58252,98,108,-10,10
58253,51,56,-5,5
58254,111,104,7,7
58255,59,63,-4,4
58256,112,111,1,1
58257,43,50,-7,7
58258,122,109,13,13
58259,62,75,-13,13
58260,57,57,0,0
58261,94,102,-8,8
58262,92,89,3,3
58263,113,123,-10,10
58264,125,118,7,7
58265,98,100,-2,2
58266,58,61,-3,3
58267,110,102,8,8
58268,69,72,-3,3
58269,57,67,-10,10
58270,54,53,1,1
58271,69,66,3,3
58272,84,92,-8,8
58273,81,92,-11,11
58274,72,74,-2,2
58275,120,109,11,11
58276,59,64,-5,5
58277,121,111,10,10
58278,54,62,-8,8
58279,62,63,-1,1
58280,83,76,7,7
58281,85,77,8,8
58282,102,106,-4,4
58283,109,96,13,13
58284,128,137,-9,9
58285,128,113,15,15
58286,155,116,39,39
58287,75,79,-4,4
58288,44,50,-6,6
58289,106,109,-3,3
58290,122,109,13,13
58291,99,95,4,4
58292,76,77,-1,1
58293,93,88,5,5
58294,59,61,-2,2
58295,115,105,10,10
58296,147,137,10,10
58297,104,107,-3,3
58298,56,59,-3,3
58299,119,115,4,4
58300,92,90,2,2
58301,55,58,-3,3
58302,70,63,7,7
58303,79,81,-2,2
58304,106,102,4,4
58305,141,129,12,12
58306,142,139,3,3
58307,100,102,-2,2
58308,71,68,3,3
58309,37,50,-13,13
58310,58,58,0,0
58311,107,112,-5,5
58312,104,102,2,2
58313,125,120,5,5
58314,95,127,-32,32
58315,164,157,7,7
58316,45,56,-11,11
58317,86,80,6,6
58318,101,99,2,2
58319,117,107,10,10
58320,85,95,-10,10
58321,60,61,-1,1
58322,141,150,-9,9
58323,101,103,-2,2
58324,113,99,14,14
58325,108,110,-2,2
58326,86,81,5,5
58327,121,110,11,11
58328,165,182,-17,17
58329,58,55,3,3
58330,165,159,6,6
58331,99,99,0,0
58332,77,83,-6,6
58333,120,116,4,4
58334,132,121,11,11
58335,138,121,17,17
58336,104,131,-27,27
58337,59,54,5,5
58338,68,62,6,6
58339,76,77,-1,1
58340,81,83,-2,2
58341,126,121,5,5
58342,125,96,29,29
58343,39,51,-12,12
58344,103,82,21,21
58345,64,70,-6,6
58346,120,112,8,8
58347,53,57,-4,4
58348,81,70,11,11
58349,128,120,8,8
58350,75,77,-2,2
58351,67,58,9,9
58352,158,139,19,19
58353,77,91,-14,14
58354,140,139,1,1
58355,75,83,-8,8
58356,114,115,-1,1
58357,82,79,3,3
58358,96,99,-3,3
58359,142,128,14,14
58360,84,99,-15,15
58361,84,67,17,17
58362,69,66,3,3
58363,63,62,1,1
58364,83,88,-5,5
58365,136,134,2,2
58366,107,103,4,4
58367,95,96,-1,1
58368,157,142,15,15
58369,89,91,-2,2
58370,85,82,3,3
58371,102,103,-1,1
58372,103,108,-5,5
58373,88,84,4,4
58374,100,96,4,4
58375,69,64,5,5
58376,84,72,12,12
58377,32,50,-18,18
58378,52,54,-2,2
58379,156,146,10,10
58380,71,61,10,10
58381,114,111,3,3
58382,83,84,-1,1
58383,81,82,-1,1
58384,164,135,29,29
58385,109,102,7,7
58386,89,96,-7,7
58387,125,107,18,18
58388,82,73,9,9
58389,73,75,-2,2
58390,117,137,-20,20
58391,69,73,-4,4
58392,98,94,4,4
58393,114,99,15,15
58394,86,84,2,2
58395,112,100,12,12
58396,96,100,-4,4
58397,113,108,5,5
58398,86,93,-7,7
58399,130,121,9,9
58400,80,77,3,3
58401,134,132,2,2
58402,158,157,1,1
58403,59,57,2,2
58404,55,56,-1,1
58405,87,89,-2,2
58406,42,52,-10,10
58407,76,73,3,3
58408,62,59,3,3
58409,119,115,4,4
58410,103,103,0,0
58411,172,172,0,0
58412,134,133,1,1
58413,68,65,3,3
58414,62,58,4,4
58415,57,63,-6,6
58416,147,133,14,14
58417,93,90,3,3
58418,116,111,5,5
58419,161,158,3,3
58420,79,92,-13,13
58421,148,146,2,2
58422,118,113,5,5
58423,46,54,-8,8
58424,130,131,-1,1
58425,163,153,10,10
58426,56,59,-3,3
58427,74,67,7,7
58428,66,73,-7,7
58429,84,70,14,14
58430,76,82,-6,6
58431,88,85,3,3
58432,69,69,0,0
58433,60,62,-2,2
58434,75,74,1,1
58435,164,153,11,11
58436,71,83,-12,12
58437,125,103,22,22
58438,86,90,-4,4
58439,62,58,4,4
58440,82,80,2,2
58441,55,58,-3,3
58442,58,73,-15,15
58443,52,61,-9,9
58444,107,101,6,6
58445,82,91,-9,9
58446,118,120,-2,2
58447,104,98,6,6
58448,65,62,3,3
58449,148,156,-8,8
58450,104,105,-1,1
58451,189,180,9,9
58452,126,129,-3,3
58453,92,84,8,8
58454,122,116,6,6
58455,75,75,0,0
58456,99,100,-1,1
58457,99,93,6,6
58458,154,153,1,1
58459,89,95,-6,6
58460,145,144,1,1
58461,81,70,11,11
58462,146,157,-11,11
58463,171,172,-1,1
58464,52,56,-4,4
58465,81,73,8,8
58466,102,98,4,4
58467,137,148,-11,11
58468,43,50,-7,7
58469,93,99,-6,6
58470,62,61,1,1
58471,110,98,12,12
58472,78,73,5,5
58473,112,118,-6,6
58474,64,67,-3,3
58475,52,53,-1,1
58476,51,71,-20,20
58477,71,79,-8,8
58478,62,63,-1,1
58479,54,52,2,2
58480,81,66,15,15
58481,156,132,24,24
58482,76,75,1,1
58483,74,65,9,9
58484,63,68,-5,5
58485,59,52,7,7
58486,45,50,-5,5
58487,127,109,18,18
58488,110,103,7,7
58489,68,67,1,1
58490,89,88,1,1
58491,64,62,2,2
58492,116,121,-5,5
58493,68,71,-3,3
58494,211,211,0,0
58495,93,88,5,5
58496,79,79,0,0
58497,84,84,0,0
58498,73,68,5,5
58499,82,77,5,5
58500,80,94,-14,14
58501,75,76,-1,1
58502,83,87,-4,4
58503,123,120,3,3
58504,52,57,-5,5
58505,133,123,10,10
58506,90,88,2,2
58507,70,67,3,3
58508,74,79,-5,5
58509,84,87,-3,3
58510,90,94,-4,4
58511,92,95,-3,3
58512,55,68,-13,13
58513,62,65,-3,3
58514,120,116,4,4
58515,84,83,1,1
58516,83,73,10,10
58517,95,113,-18,18
58518,79,74,5,5
58519,89,92,-3,3
58520,149,142,7,7
58521,81,113,-32,32
58522,91,96,-5,5
58523,87,74,13,13
58524,76,76,0,0
58525,45,51,-6,6
58526,226,218,8,8
58527,125,119,6,6
58528,148,157,-9,9
58529,60,58,2,2
58530,134,133,1,1
58531,165,154,11,11
58532,129,121,8,8
58533,65,60,5,5
58534,89,87,2,2
58535,95,96,-1,1
58536,83,82,1,1
58537,79,73,6,6
58538,111,103,8,8
58539,83,78,5,5
58540,121,118,3,3
58541,97,98,-1,1
58542,114,111,3,3
58543,55,53,2,2
58544,118,110,8,8
58545,95,100,-5,5
58546,80,80,0,0
58547,112,113,-1,1
58548,127,119,8,8
58549,140,133,7,7
58550,100,167,-67,67
58551,50,56,-6,6
58552,130,126,4,4
58553,77,73,4,4
58554,86,95,-9,9
58555,117,103,14,14
58556,163,157,6,6
58557,78,74,4,4
58558,118,113,5,5
58559,110,114,-4,4
58560,93,83,10,10
58561,76,91,-15,15
58562,71,62,9,9
58563,85,87,-2,2
58564,39,50,-11,11
58565,77,82,-5,5
58566,57,57,0,0
58567,68,67,1,1
58568,74,71,3,3
58569,80,74,6,6
58570,86,89,-3,3
58571,55,56,-1,1
58572,129,105,24,24
58573,181,186,-5,5
58574,71,70,1,1
58575,106,128,-22,22
58576,43,51,-8,8
58577,157,153,4,4
58578,68,66,2,2
58579,134,127,7,7
58580,137,142,-5,5
58581,71,70,1,1
58582,48,51,-3,3
58583,45,53,-8,8
58584,75,76,-1,1
58585,67,78,-11,11
58586,108,97,11,11
58587,81,79,2,2
58588,94,95,-1,1
58589,229,221,8,8
58590,58,63,-5,5
58591,75,77,-2,2
58592,97,114,-17,17
58593,142,141,1,1
58594,196,161,35,35
58595,78,79,-1,1
58596,101,110,-9,9
58597,100,96,4,4
58598,82,74,8,8
58599,100,98,2,2
58600,81,86,-5,5
58601,81,90,-9,9
58602,106,129,-23,23
58603,74,66,8,8
58604,77,89,-12,12
58605,124,120,4,4
58606,35,50,-15,15
58607,76,77,-1,1
58608,106,103,3,3
58609,83,89,-6,6
58610,82,85,-3,3
58611,77,78,-1,1
58612,113,111,2,2
58613,86,82,4,4
58614,115,114,1,1
58615,98,96,2,2
58616,69,76,-7,7
58617,90,94,-4,4
58618,99,91,8,8
58619,59,68,-9,9
58620,109,99,10,10
58621,72,76,-4,4
58622,130,122,8,8
58623,118,117,1,1
58624,113,111,2,2
58625,98,97,1,1
58626,102,93,9,9
58627,142,125,17,17
58628,95,103,-8,8
58629,89,91,-2,2
58630,45,60,-15,15
58631,35,50,-15,15
58632,54,56,-2,2
58633,102,88,14,14
58634,27,50,-23,23
58635,66,63,3,3
58636,35,50,-15,15
58637,115,105,10,10
58638,148,142,6,6
58639,98,89,9,9
58640,115,113,2,2
58641,79,88,-9,9
58642,84,85,-1,1
58643,147,146,1,1
58644,79,74,5,5
58645,62,60,2,2
58646,95,84,11,11
58647,71,73,-2,2
58648,66,68,-2,2
58649,84,86,-2,2
58650,142,130,12,12
58651,142,129,13,13
58652,91,89,2,2
58653,102,101,1,1
58654,105,134,-29,29
58655,66,63,3,3
58656,83,88,-5,5
58657,63,63,0,0
58658,66,70,-4,4
58659,109,121,-12,12
58660,71,71,0,0
58661,92,92,0,0
58662,139,148,-9,9
58663,117,116,1,1
58664,120,116,4,4
58665,94,110,-16,16
58666,99,98,1,1
58667,58,57,1,1
58668,129,127,2,2
58669,66,74,-8,8
58670,126,103,23,23
58671,111,117,-6,6
58672,54,57,-3,3
58673,153,129,24,24
58674,82,82,0,0
58675,56,60,-4,4
58676,59,61,-2,2
58677,146,137,9,9
58678,64,64,0,0
58679,56,56,0,0
58680,60,62,-2,2
58681,21,58,-37,37
58682,132,135,-3,3
58683,85,85,0,0
58684,113,106,7,7
58685,81,79,2,2
58686,110,110,0,0
58687,98,95,3,3
58688,86,89,-3,3
58689,102,99,3,3
58690,129,145,-16,16
58691,89,80,9,9
58692,121,121,0,0
58693,104,101,3,3
58694,63,69,-6,6
58695,138,138,0,0
58696,119,135,-16,16
58697,92,88,4,4
58698,113,106,7,7
58699,97,97,0,0
58700,162,151,11,11
58701,41,51,-10,10
58702,112,113,-1,1
58703,124,118,6,6
58704,76,71,5,5
58705,116,117,-1,1
58706,86,83,3,3
58707,69,61,8,8
58708,99,106,-7,7
58709,65,66,-1,1
58710,70,80,-10,10
58711,111,95,16,16
58712,79,75,4,4
58713,92,98,-6,6
58714,92,81,11,11
58715,126,124,2,2
58716,109,100,9,9
58717,65,72,-7,7
58718,79,74,5,5
58719,160,157,3,3
58720,75,81,-6,6
58721,95,89,6,6
58722,97,92,5,5
58723,102,103,-1,1
58724,75,72,3,3
58725,119,123,-4,4
58726,31,50,-19,19
58727,137,125,12,12
58728,99,109,-10,10
58729,135,130,5,5
58730,143,143,0,0
58731,128,127,1,1
58732,135,133,2,2
58733,56,53,3,3
58734,79,74,5,5
58735,157,138,19,19
58736,103,116,-13,13
58737,147,140,7,7
58738,78,79,-1,1
58739,124,122,2,2
58740,57,61,-4,4
58741,63,78,-15,15
58742,79,75,4,4
58743,87,93,-6,6
58744,105,98,7,7
58745,119,111,8,8
58746,41,50,-9,9
58747,62,67,-5,5
58748,148,150,-2,2
58749,113,109,4,4
58750,236,214,22,22
58751,49,54,-5,5
58752,78,82,-4,4
58753,105,105,0,0
58754,136,129,7,7
58755,93,95,-2,2
58756,55,59,-4,4
58757,87,91,-4,4
58758,67,76,-9,9
58759,113,103,10,10
58760,52,55,-3,3
58761,102,122,-20,20
58762,149,128,21,21
58763,65,72,-7,7
58764,106,101,5,5
58765,88,85,3,3
58766,175,157,18,18
58767,116,122,-6,6
58768,128,127,1,1
58769,86,88,-2,2
58770,154,140,14,14
58771,93,91,2,2
58772,65,94,-29,29
58773,119,117,2,2
58774,81,76,5,5
58775,93,109,-16,16
58776,77,83,-6,6
58777,144,118,26,26
58778,105,106,-1,1
58779,111,93,18,18
58780,143,130,13,13
58781,96,92,4,4
58782,86,97,-11,11
58783,78,74,4,4
58784,136,131,5,5
58785,82,78,4,4
58786,91,86,5,5
58787,83,89,-6,6
58788,106,111,-5,5
58789,94,96,-2,2
58790,99,103,-4,4
58791,78,70,8,8
58792,154,141,13,13
58793,77,64,13,13
58794,184,172,12,12
58795,192,183,9,9
58796,77,74,3,3
58797,105,110,-5,5
58798,62,66,-4,4
58799,103,101,2,2
58800,59,59,0,0
58801,77,72,5,5
58802,155,157,-2,2
58803,90,85,5,5
58804,98,118,-20,20
58805,93,93,0,0
58806,132,130,2,2
58807,115,111,4,4
58808,67,64,3,3
58809,198,195,3,3
58810,90,86,4,4
58811,114,111,3,3
58812,108,107,1,1
58813,77,81,-4,4
58814,114,123,-9,9
58815,126,138,-12,12
58816,86,83,3,3
58817,67,67,0,0
58818,108,104,4,4
58819,92,92,0,0
58820,123,122,1,1
58821,96,104,-8,8
58822,64,64,0,0
58823,166,158,8,8
58824,218,216,2,2
58825,89,92,-3,3
58826,76,83,-7,7
58827,69,68,1,1
58828,122,121,1,1
58829,115,115,0,0
58830,87,107,-20,20
58831,119,114,5,5
58832,95,90,5,5
58833,82,81,1,1
58834,57,62,-5,5
58835,100,104,-4,4
58836,86,78,8,8
58837,101,91,10,10
58838,65,54,11,11
58839,106,105,1,1
58840,75,72,3,3
58841,142,131,11,11
58842,81,74,7,7
58843,77,78,-1,1
58844,59,57,2,2
58845,130,117,13,13
58846,100,89,11,11
58847,92,98,-6,6
58848,55,60,-5,5
58849,101,126,-25,25
58850,66,61,5,5
58851,108,96,12,12
58852,83,84,-1,1
58853,69,66,3,3
58854,140,127,13,13
58855,87,84,3,3
58856,96,95,1,1
58857,167,151,16,16
58858,72,69,3,3
58859,88,90,-2,2
58860,124,118,6,6
58861,91,96,-5,5
58862,51,53,-2,2
58863,87,68,19,19
58864,92,96,-4,4
58865,58,59,-1,1
58866,45,51,-6,6
58867,95,85,10,10
58868,134,122,12,12
58869,91,91,0,0
58870,121,114,7,7
58871,51,52,-1,1
58872,58,56,2,2
58873,48,56,-8,8
58874,75,78,-3,3
58875,46,55,-9,9
58876,56,60,-4,4
58877,87,83,4,4
58878,47,63,-16,16
58879,88,91,-3,3
58880,112,104,8,8
58881,56,61,-5,5
58882,104,102,2,2
58883,61,57,4,4
58884,96,94,2,2
58885,113,107,6,6
58886,66,62,4,4
58887,153,154,-1,1
58888,115,123,-8,8
58889,100,101,-1,1
58890,73,69,4,4
58891,89,70,19,19
58892,101,109,-8,8
58893,82,92,-10,10
58894,89,100,-11,11
58895,94,99,-5,5
58896,93,87,6,6
58897,113,113,0,0
58898,129,124,5,5
58899,68,64,4,4
58900,68,59,9,9
58901,94,91,3,3
58902,157,148,9,9
58903,99,95,4,4
58904,54,60,-6,6
58905,123,114,9,9
58906,94,81,13,13
58907,183,181,2,2
58908,74,68,6,6
58909,59,58,1,1
58910,173,156,17,17
58911,122,112,10,10
58912,75,75,0,0
58913,77,82,-5,5
58914,63,61,2,2
58915,90,97,-7,7
58916,56,63,-7,7
58917,82,78,4,4
58918,86,103,-17,17
58919,149,147,2,2
58920,108,100,8,8
58921,73,68,5,5
58922,67,70,-3,3
58923,93,94,-1,1
58924,55,53,2,2
58925,108,114,-6,6
58926,118,106,12,12
58927,30,51,-21,21
58928,70,63,7,7
58929,94,95,-1,1
58930,84,70,14,14
58931,77,70,7,7
58932,64,59,5,5
58933,103,101,2,2
58934,93,116,-23,23
58935,91,84,7,7
58936,65,67,-2,2
58937,108,101,7,7
58938,117,106,11,11
58939,45,52,-7,7
58940,113,119,-6,6
58941,70,66,4,4
58942,75,94,-19,19
58943,79,72,7,7
58944,59,58,1,1
58945,59,57,2,2
58946,42,53,-11,11
58947,96,86,10,10
58948,109,103,6,6
58949,95,105,-10,10
58950,126,127,-1,1
58951,89,92,-3,3
58952,99,100,-1,1
58953,145,144,1,1
58954,108,99,9,9
58955,84,83,1,1
58956,82,88,-6,6
58957,171,163,8,8
58958,103,94,9,9
58959,118,110,8,8
58960,180,158,22,22
58961,61,62,-1,1
58962,163,147,16,16
58963,135,148,-13,13
58964,152,137,15,15
58965,109,94,15,15
58966,61,64,-3,3
58967,108,108,0,0
58968,181,186,-5,5
58969,104,111,-7,7
58970,105,101,4,4
58971,68,74,-6,6
58972,116,142,-26,26
58973,144,131,13,13
58974,85,77,8,8
58975,141,149,-8,8
58976,152,154,-2,2
58977,114,118,-4,4
58978,143,135,8,8
58979,155,147,8,8
58980,191,174,17,17
58981,102,94,8,8
58982,77,73,4,4
58983,97,101,-4,4
58984,85,91,-6,6
58985,82,77,5,5
58986,83,74,9,9
58987,64,63,1,1
58988,135,131,4,4
58989,86,76,10,10
58990,59,56,3,3
58991,71,60,11,11
58992,65,62,3,3
58993,134,127,7,7
58994,85,87,-2,2
58995,159,153,6,6
58996,145,145,0,0
58997,66,67,-1,1
58998,71,77,-6,6
58999,154,135,19,19
59000,159,167,-8,8
59001,50,53,-3,3
59002,95,102,-7,7
59003,81,76,5,5
59004,128,113,15,15
59005,79,78,1,1
59006,93,100,-7,7
59007,156,156,0,0
59008,107,103,4,4
59009,48,53,-5,5
59010,49,54,-5,5
59011,52,105,-53,53
59012,43,53,-10,10
59013,166,154,12,12
59014,59,58,1,1
59015,97,91,6,6
59016,143,153,-10,10
59017,107,114,-7,7
59018,122,117,5,5
59019,77,69,8,8
59020,77,78,-1,1
59021,52,53,-1,1
59022,70,68,2,2
59023,93,91,2,2
59024,93,108,-15,15
59025,110,117,-7,7
59026,53,57,-4,4
59027,67,63,4,4
59028,185,177,8,8
59029,90,79,11,11
59030,107,104,3,3
59031,148,154,-6,6
59032,119,120,-1,1
59033,95,108,-13,13
59034,112,94,18,18
59035,171,179,-8,8
59036,110,90,20,20
59037,76,82,-6,6
59038,99,93,6,6
59039,94,101,-7,7
59040,107,113,-6,6
59041,73,73,0,0
59042,133,116,17,17
59043,70,79,-9,9
59044,80,67,13,13
59045,149,138,11,11
59046,78,65,13,13
59047,95,91,4,4
59048,79,84,-5,5
59049,42,53,-11,11
59050,73,69,4,4
59051,346,275,71,71
59052,70,78,-8,8
59053,75,76,-1,1
59054,144,145,-1,1
59055,63,62,1,1
59056,80,77,3,3
59057,124,109,15,15
59058,69,66,3,3
59059,99,96,3,3
59060,140,118,22,22
59061,117,113,4,4
59062,58,62,-4,4
59063,84,83,1,1
59064,47,51,-4,4
59065,86,79,7,7
59066,52,56,-4,4
59067,77,82,-5,5
59068,69,70,-1,1
59069,107,99,8,8
59070,118,106,12,12
59071,81,90,-9,9
59072,109,101,8,8
59073,97,104,-7,7
59074,85,83,2,2
59075,81,74,7,7
59076,65,56,9,9
59077,101,114,-13,13
59078,90,95,-5,5
59079,68,76,-8,8
59080,59,54,5,5
59081,97,95,2,2
59082,104,100,4,4
59083,52,51,1,1
59084,58,60,-2,2
59085,64,69,-5,5
59086,92,92,0,0
59087,179,163,16,16
59088,112,105,7,7
59089,100,110,-10,10
59090,60,57,3,3
59091,102,102,0,0
59092,111,104,7,7
59093,100,91,9,9
59094,80,74,6,6
59095,89,85,4,4
59096,124,130,-6,6
59097,70,69,1,1
59098,85,93,-8,8
59099,79,86,-7,7
59100,74,76,-2,2
59101,66,68,-2,2
59102,75,79,-4,4
59103,83,81,2,2
59104,65,66,-1,1
59105,119,117,2,2
59106,102,101,1,1
59107,81,84,-3,3
59108,77,78,-1,1
59109,81,80,1,1
59110,94,96,-2,2
59111,103,103,0,0
59112,104,101,3,3
59113,118,103,15,15
59114,90,77,13,13
59115,71,74,-3,3
59116,114,107,7,7
59117,120,97,23,23
59118,85,80,5,5
59119,79,83,-4,4
59120,49,54,-5,5
59121,74,67,7,7
59122,99,98,1,1
59123,106,115,-9,9
59124,89,93,-4,4
59125,21,61,-40,40
59126,114,113,1,1
59127,90,96,-6,6
59128,129,125,4,4
59129,64,59,5,5
59130,44,50,-6,6
59131,150,133,17,17
59132,136,132,4,4
59133,119,123,-4,4
59134,68,72,-4,4
59135,87,92,-5,5
59136,66,70,-4,4
59137,103,103,0,0
59138,117,118,-1,1
59139,111,94,17,17
59140,112,88,24,24
59141,101,93,8,8
59142,143,143,0,0
59143,81,82,-1,1
59144,180,158,22,22
59145,61,63,-2,2
59146,131,125,6,6
59147,70,73,-3,3
59148,107,108,-1,1
59149,135,125,10,10
59150,92,85,7,7
59151,81,75,6,6
59152,108,105,3,3
59153,90,86,4,4
59154,86,77,9,9
59155,127,118,9,9
59156,47,57,-10,10
59157,130,126,4,4
59158,84,91,-7,7
59159,79,78,1,1
59160,91,92,-1,1
59161,120,105,15,15
59162,80,79,1,1
59163,59,63,-4,4
59164,81,91,-10,10
59165,143,147,-4,4
59166,117,100,17,17
59167,143,139,4,4
59168,154,120,34,34
59169,57,61,-4,4
59170,69,63,6,6
59171,44,51,-7,7
59172,84,89,-5,5
59173,96,92,4,4
59174,80,76,4,4
59175,61,80,-19,19
59176,64,75,-11,11
59177,67,66,1,1
59178,108,103,5,5
59179,87,89,-2,2
59180,87,82,5,5
59181,112,97,15,15
59182,147,138,9,9
59183,143,138,5,5
59184,124,122,2,2
59185,160,147,13,13
59186,109,109,0,0
59187,71,63,8,8
59188,138,129,9,9
59189,76,74,2,2
59190,96,90,6,6
59191,94,90,4,4
59192,44,50,-6,6
59193,83,89,-6,6
59194,49,55,-6,6
59195,75,86,-11,11
59196,104,109,-5,5
59197,75,74,1,1
59198,93,90,3,3
59199,96,103,-7,7
59200,81,88,-7,7
59201,80,76,4,4
59202,97,80,17,17
59203,65,70,-5,5
59204,46,54,-8,8
59205,79,79,0,0
59206,88,86,2,2
59207,62,73,-11,11
59208,84,71,13,13
59209,70,69,1,1
59210,129,133,-4,4
59211,104,76,28,28
59212,116,121,-5,5
59213,126,118,8,8
59214,95,100,-5,5
59215,66,65,1,1
59216,81,78,3,3
59217,133,115,18,18
59218,95,101,-6,6
59219,151,136,15,15
59220,88,90,-2,2
59221,110,109,1,1
59222,69,66,3,3
59223,106,97,9,9
59224,64,65,-1,1
59225,126,111,15,15
59226,41,53,-12,12
59227,97,96,1,1
59228,46,81,-35,35
59229,52,65,-13,13
59230,66,57,9,9
59231,81,78,3,3
59232,81,84,-3,3
59233,85,82,3,3
59234,35,50,-15,15
59235,118,110,8,8
59236,94,91,3,3
59237,92,85,7,7
59238,55,56,-1,1
59239,99,97,2,2
59240,68,69,-1,1
59241,56,59,-3,3
59242,97,103,-6,6
59243,110,116,-6,6
59244,152,140,12,12
59245,40,50,-10,10
59246,52,60,-8,8
59247,169,170,-1,1
59248,160,145,15,15
59249,78,69,9,9
59250,77,89,-12,12
59251,40,50,-10,10
59252,93,114,-21,21
59253,115,105,10,10
59254,108,111,-3,3
59255,69,69,0,0
59256,126,151,-25,25
59257,133,144,-11,11
59258,116,113,3,3
59259,76,81,-5,5
59260,42,50,-8,8
59261,74,82,-8,8
59262,145,135,10,10
59263,72,64,8,8
59264,103,110,-7,7
59265,67,68,-1,1
59266,139,119,20,20
59267,93,90,3,3
59268,112,105,7,7
59269,176,167,9,9
59270,70,67,3,3
59271,158,121,37,37
59272,71,68,3,3
59273,47,50,-3,3
59274,93,80,13,13
59275,57,63,-6,6
59276,75,66,9,9
59277,62,74,-12,12
59278,104,116,-12,12
59279,143,141,2,2
59280,83,81,2,2
59281,75,68,7,7
59282,92,90,2,2
59283,60,82,-22,22
59284,117,113,4,4
59285,64,65,-1,1
59286,61,60,1,1
59287,87,75,12,12
59288,175,179,-4,4
59289,58,62,-4,4
59290,77,65,12,12
59291,96,79,17,17
59292,120,123,-3,3
59293,176,165,11,11
59294,132,128,4,4
59295,67,70,-3,3
59296,73,72,1,1
59297,120,141,-21,21
59298,71,73,-2,2
59299,63,61,2,2
59300,74,65,9,9
59301,35,56,-21,21
59302,129,116,13,13
59303,132,134,-2,2
59304,75,80,-5,5
59305,122,113,9,9
59306,89,84,5,5
59307,90,78,12,12
59308,71,73,-2,2
59309,92,84,8,8
59310,184,165,19,19
59311,59,85,-26,26
59312,90,91,-1,1
59313,100,110,-10,10
59314,83,79,4,4
59315,83,85,-2,2
59316,78,79,-1,1
59317,106,104,2,2
59318,107,111,-4,4
59319,45,51,-6,6
59320,82,87,-5,5
59321,85,95,-10,10
59322,109,88,21,21
59323,70,74,-4,4
59324,70,73,-3,3
59325,109,110,-1,1
59326,62,63,-1,1
59327,63,72,-9,9
59328,67,72,-5,5
59329,38,50,-12,12
59330,45,50,-5,5
59331,111,103,8,8
59332,99,112,-13,13
59333,52,58,-6,6
59334,93,93,0,0
59335,103,116,-13,13
59336,86,85,1,1
59337,69,66,3,3
59338,52,76,-24,24
59339,215,178,37,37
59340,90,85,5,5
59341,54,56,-2,2
59342,110,106,4,4
59343,97,87,10,10
59344,150,119,31,31
59345,142,128,14,14
59346,57,71,-14,14
59347,116,112,4,4
59348,177,163,14,14
59349,109,107,2,2
59350,78,76,2,2
59351,79,80,-1,1
59352,51,56,-5,5
59353,80,80,0,0
59354,99,108,-9,9
59355,49,51,-2,2
59356,153,155,-2,2
59357,174,168,6,6
59358,100,100,0,0
59359,147,133,14,14
59360,75,88,-13,13
59361,138,125,13,13
59362,78,67,11,11
59363,77,82,-5,5
59364,93,82,11,11
59365,148,133,15,15
59366,176,160,16,16
59367,74,68,6,6
59368,178,185,-7,7
59369,107,114,-7,7
59370,103,96,7,7
59371,125,120,5,5
59372,119,111,8,8
59373,98,98,0,0
59374,69,63,6,6
59375,72,67,5,5
59376,81,97,-16,16
59377,54,57,-3,3
59378,110,112,-2,2
59379,84,84,0,0
59380,148,144,4,4
59381,61,53,8,8
59382,94,101,-7,7
59383,79,92,-13,13
59384,77,75,2,2
59385,83,81,2,2
59386,102,90,12,12
59387,99,95,4,4
59388,104,98,6,6
59389,128,139,-11,11
59390,73,78,-5,5
59391,85,84,1,1
59392,123,134,-11,11
59393,87,94,-7,7
59394,135,119,16,16
59395,71,65,6,6
59396,81,95,-14,14
59397,64,58,6,6
59398,71,66,5,5
59399,105,104,1,1
59400,59,55,4,4
59401,140,130,10,10
59402,161,152,9,9
59403,100,91,9,9
59404,89,87,2,2
59405,64,67,-3,3
59406,154,152,2,2
59407,167,135,32,32
59408,178,165,13,13
59409,88,79,9,9
59410,79,101,-22,22
59411,72,82,-10,10
59412,85,83,2,2
59413,92,91,1,1
59414,71,80,-9,9
59415,60,66,-6,6
59416,66,59,7,7
59417,95,85,10,10
59418,82,81,1,1
59419,82,88,-6,6
59420,91,79,12,12
59421,121,110,11,11
59422,78,77,1,1
59423,148,145,3,3
59424,95,94,1,1
59425,138,139,-1,1
59426,61,65,-4,4
59427,66,68,-2,2
59428,83,79,4,4
59429,61,67,-6,6
59430,60,61,-1,1
59431,56,59,-3,3
59432,127,123,4,4
59433,62,59,3,3
59434,133,131,2,2
59435,79,71,8,8
59436,123,104,19,19
59437,53,54,-1,1
59438,79,74,5,5
59439,126,111,15,15
59440,117,132,-15,15
59441,136,132,4,4
59442,81,105,-24,24
59443,105,127,-22,22
59444,118,122,-4,4
59445,66,63,3,3
59446,59,62,-3,3
59447,129,128,1,1
59448,93,100,-7,7
59449,87,90,-3,3
59450,45,52,-7,7
59451,64,59,5,5
59452,121,124,-3,3
59453,168,148,20,20
59454,81,76,5,5
59455,99,91,8,8
59456,117,101,16,16
59457,95,82,13,13
59458,66,69,-3,3
59459,122,114,8,8
59460,112,120,-8,8
59461,71,81,-10,10
59462,172,178,-6,6
59463,108,98,10,10
59464,85,83,2,2
59465,130,123,7,7
59466,64,60,4,4
59467,74,79,-5,5
59468,63,65,-2,2
59469,145,141,4,4
59470,95,97,-2,2
59471,138,140,-2,2
59472,105,102,3,3
59473,51,55,-4,4
59474,109,116,-7,7
59475,91,106,-15,15
59476,70,62,8,8
59477,129,125,4,4
59478,106,90,16,16
59479,82,73,9,9
59480,54,52,2,2
59481,151,160,-9,9
59482,120,114,6,6
59483,151,147,4,4
59484,96,102,-6,6
59485,62,64,-2,2
59486,165,158,7,7
59487,138,127,11,11
59488,128,126,2,2
59489,80,68,12,12
59490,94,97,-3,3
59491,86,89,-3,3
59492,130,124,6,6
59493,154,141,13,13
59494,81,80,1,1
59495,152,143,9,9
59496,52,66,-14,14
59497,65,62,3,3
59498,109,90,19,19
59499,72,70,2,2
59500,103,96,7,7
59501,112,95,17,17
59502,65,72,-7,7
59503,77,84,-7,7
59504,189,199,-10,10
59505,178,169,9,9
59506,48,52,-4,4
59507,145,137,8,8
59508,47,62,-15,15
59509,146,138,8,8
59510,118,116,2,2
59511,78,81,-3,3
59512,93,97,-4,4
59513,72,68,4,4
59514,86,86,0,0
59515,118,111,7,7
59516,87,88,-1,1
59517,42,51,-9,9
59518,87,94,-7,7
59519,87,91,-4,4
59520,159,155,4,4
59521,96,97,-1,1
59522,50,56,-6,6
59523,76,94,-18,18
59524,111,117,-6,6
59525,140,131,9,9
59526,133,123,10,10
59527,89,98,-9,9
59528,94,96,-2,2
59529,60,55,5,5
59530,67,69,-2,2
59531,166,147,19,19
59532,74,79,-5,5
59533,88,90,-2,2
59534,113,109,4,4
59535,114,109,5,5
59536,98,89,9,9
59537,52,62,-10,10
59538,109,105,4,4
59539,51,57,-6,6
59540,92,88,4,4
59541,79,80,-1,1
59542,65,68,-3,3
59543,80,85,-5,5
59544,130,119,11,11
59545,90,90,0,0
59546,108,99,9,9
59547,84,91,-7,7
59548,160,158,2,2
59549,53,54,-1,1
59550,62,69,-7,7
59551,65,72,-7,7
59552,65,66,-1,1
59553,61,58,3,3
59554,35,50,-15,15
59555,113,111,2,2
59556,69,73,-4,4
59557,56,53,3,3
59558,103,115,-12,12
59559,76,71,5,5
59560,106,113,-7,7
59561,157,153,4,4
59562,150,145,5,5
59563,79,79,0,0
59564,94,94,0,0
59565,59,63,-4,4
59566,135,156,-21,21
59567,91,93,-2,2
59568,129,123,6,6
59569,80,84,-4,4
59570,58,57,1,1
59571,96,80,16,16
59572,160,162,-2,2
59573,80,74,6,6
59574,55,55,0,0
59575,101,96,5,5
59576,85,75,10,10
59577,68,69,-1,1
59578,95,111,-16,16
59579,110,106,4,4
59580,75,72,3,3
59581,73,79,-6,6
59582,90,91,-1,1
59583,78,82,-4,4
59584,148,136,12,12
59585,94,93,1,1
59586,64,65,-1,1
59587,186,166,20,20
59588,40,51,-11,11
59589,74,75,-1,1
59590,140,131,9,9
59591,103,96,7,7
59592,179,147,32,32
59593,209,171,38,38
59594,114,117,-3,3
59595,44,58,-14,14
59596,84,77,7,7
59597,55,57,-2,2
59598,150,140,10,10
59599,64,57,7,7
59600,61,67,-6,6
59601,89,90,-1,1
59602,129,116,13,13
59603,61,62,-1,1
59604,125,104,21,21
59605,129,121,8,8
59606,94,95,-1,1
59607,86,80,6,6
59608,124,126,-2,2
59609,45,59,-14,14
59610,131,118,13,13
59611,89,86,3,3
59612,140,144,-4,4
59613,85,90,-5,5
59614,178,165,13,13
59615,120,114,6,6
59616,135,123,12,12
59617,72,66,6,6
59618,45,52,-7,7
59619,63,61,2,2
59620,62,71,-9,9
59621,87,91,-4,4
59622,165,171,-6,6
59623,107,126,-19,19
59624,69,78,-9,9
59625,94,92,2,2
59626,58,61,-3,3
59627,105,100,5,5
59628,115,113,2,2
59629,92,86,6,6
59630,80,76,4,4
59631,154,154,0,0
59632,61,53,8,8
59633,115,115,0,0
59634,52,52,0,0
59635,69,68,1,1
59636,58,61,-3,3
59637,92,99,-7,7
59638,56,59,-3,3
59639,94,105,-11,11
59640,70,71,-1,1
59641,126,100,26,26
59642,77,79,-2,2
59643,77,72,5,5
59644,160,159,1,1
59645,69,68,1,1
59646,73,73,0,0
59647,72,75,-3,3
59648,72,68,4,4
59649,124,126,-2,2
59650,78,76,2,2
59651,81,79,2,2
59652,156,151,5,5
59653,67,63,4,4
59654,118,116,2,2
59655,79,68,11,11
59656,81,77,4,4
59657,87,78,9,9
59658,57,71,-14,14
59659,70,177,-107,107
59660,147,106,41,41
59661,141,128,13,13
59662,42,77,-35,35
59663,89,95,-6,6
59664,94,96,-2,2
59665,103,103,0,0
59666,100,101,-1,1
59667,56,59,-3,3
59668,85,78,7,7
59669,77,73,4,4
59670,89,90,-1,1
59671,125,138,-13,13
59672,41,52,-11,11
59673,135,119,16,16
59674,70,82,-12,12
59675,51,50,1,1
59676,86,91,-5,5
59677,100,98,2,2
59678,103,112,-9,9
59679,62,62,0,0
59680,153,133,20,20
59681,173,167,6,6
59682,137,146,-9,9
59683,107,90,17,17
59684,161,146,15,15
59685,139,141,-2,2
59686,62,53,9,9
59687,71,62,9,9
59688,104,125,-21,21
59689,115,112,3,3
59690,144,140,4,4
59691,76,76,0,0
59692,168,159,9,9
59693,76,73,3,3
59694,78,83,-5,5
59695,94,119,-25,25
59696,92,85,7,7
59697,96,89,7,7
59698,131,121,10,10
59699,93,97,-4,4
59700,93,83,10,10
59701,60,63,-3,3
59702,78,69,9,9
59703,72,79,-7,7
59704,141,108,33,33
59705,116,106,10,10
59706,83,88,-5,5
59707,78,82,-4,4
59708,79,80,-1,1
59709,113,114,-1,1
59710,46,54,-8,8
59711,93,100,-7,7
59712,99,91,8,8
59713,103,113,-10,10
59714,98,89,9,9
59715,113,104,9,9
59716,121,137,-16,16
59717,58,58,0,0
59718,92,90,2,2
59719,89,93,-4,4
59720,99,102,-3,3
59721,89,90,-1,1
59722,79,83,-4,4
59723,138,127,11,11
59724,79,78,1,1
59725,73,77,-4,4
59726,88,83,5,5
59727,73,87,-14,14
59728,95,98,-3,3
59729,104,105,-1,1
59730,77,70,7,7
59731,54,59,-5,5
59732,128,125,3,3
59733,88,92,-4,4
59734,89,85,4,4
59735,100,104,-4,4
59736,132,130,2,2
59737,73,77,-4,4
59738,69,71,-2,2
59739,88,80,8,8
59740,127,127,0,0
59741,135,131,4,4
59742,71,67,4,4
59743,133,129,4,4
59744,98,98,0,0
59745,96,83,13,13
59746,121,115,6,6
59747,110,101,9,9
59748,63,68,-5,5
59749,149,142,7,7
59750,75,88,-13,13
59751,61,69,-8,8
59752,203,180,23,23
59753,106,107,-1,1
59754,90,89,1,1
59755,111,97,14,14
59756,98,89,9,9
59757,70,86,-16,16
59758,77,71,6,6
59759,65,67,-2,2
59760,110,105,5,5
59761,82,96,-14,14
59762,135,131,4,4
59763,133,131,2,2
59764,93,91,2,2
59765,96,106,-10,10
59766,83,81,2,2
59767,83,85,-2,2
59768,114,102,12,12
59769,169,178,-9,9
59770,83,80,3,3
59771,87,88,-1,1
59772,80,89,-9,9
59773,64,68,-4,4
59774,185,171,14,14
59775,110,99,11,11
59776,109,99,10,10
59777,52,54,-2,2
59778,103,100,3,3
59779,34,50,-16,16
59780,69,117,-48,48
59781,154,146,8,8
59782,149,143,6,6
59783,81,76,5,5
59784,81,83,-2,2
59785,68,68,0,0
59786,93,83,10,10
59787,57,59,-2,2
59788,129,128,1,1
59789,98,96,2,2
59790,117,126,-9,9
59791,76,84,-8,8
59792,36,50,-14,14
59793,130,127,3,3
59794,81,81,0,0
59795,72,81,-9,9
59796,76,80,-4,4
59797,63,67,-4,4
59798,97,96,1,1
59799,61,65,-4,4
59800,85,86,-1,1
59801,110,130,-20,20
59802,85,83,2,2
59803,77,94,-17,17
59804,127,120,7,7
59805,49,53,-4,4
59806,85,84,1,1
59807,83,92,-9,9
59808,132,140,-8,8
59809,136,135,1,1
59810,73,64,9,9
59811,71,76,-5,5
59812,79,71,8,8
59813,88,95,-7,7
59814,70,126,-56,56
59815,75,68,7,7
59816,46,50,-4,4
59817,101,96,5,5
59818,128,141,-13,13
59819,92,84,8,8
59820,149,125,24,24
59821,122,93,29,29
59822,79,97,-18,18
59823,48,80,-32,32
59824,101,101,0,0
59825,94,91,3,3
59826,125,122,3,3
59827,91,101,-10,10
59828,78,79,-1,1
59829,121,114,7,7
59830,166,143,23,23
59831,96,95,1,1
59832,124,138,-14,14
59833,159,144,15,15
59834,66,68,-2,2
59835,82,78,4,4
59836,75,77,-2,2
59837,59,54,5,5
59838,85,84,1,1
59839,99,86,13,13
59840,148,136,12,12
59841,109,101,8,8
59842,81,76,5,5
59843,99,92,7,7
59844,47,52,-5,5
59845,78,75,3,3
59846,85,84,1,1
59847,76,88,-12,12
59848,54,54,0,0
59849,106,111,-5,5
59850,83,79,4,4
59851,66,64,2,2
59852,47,58,-11,11
59853,60,68,-8,8
59854,109,109,0,0
59855,122,121,1,1
59856,92,88,4,4
59857,102,90,12,12
59858,130,138,-8,8
59859,104,100,4,4
59860,106,91,15,15
59861,74,76,-2,2
59862,149,150,-1,1
59863,46,56,-10,10
59864,55,54,1,1
59865,81,83,-2,2
59866,86,91,-5,5
59867,159,150,9,9
59868,49,53,-4,4
59869,76,81,-5,5
59870,109,109,0,0
59871,88,75,13,13
59872,66,69,-3,3
59873,95,94,1,1
59874,123,115,8,8
59875,49,56,-7,7
59876,60,55,5,5
59877,140,135,5,5
59878,72,66,6,6
59879,103,107,-4,4
59880,88,95,-7,7
59881,94,93,1,1
59882,97,90,7,7
59883,112,107,5,5
59884,37,52,-15,15
59885,70,72,-2,2
59886,217,209,8,8
59887,159,141,18,18
59888,86,86,0,0
59889,116,117,-1,1
59890,76,70,6,6
59891,159,148,11,11
59892,102,98,4,4
59893,72,71,1,1
59894,102,105,-3,3
59895,94,83,11,11
59896,56,54,2,2
59897,136,144,-8,8
59898,78,77,1,1
59899,75,83,-8,8
59900,138,135,3,3
59901,79,75,4,4
59902,89,93,-4,4
59903,63,72,-9,9
59904,59,56,3,3
59905,127,126,1,1
59906,100,87,13,13
59907,60,59,1,1
59908,100,97,3,3
59909,108,97,11,11
59910,152,143,9,9
59911,118,116,2,2
59912,81,84,-3,3
59913,49,52,-3,3
59914,90,85,5,5
59915,97,93,4,4
59916,90,84,6,6
59917,138,135,3,3
59918,116,130,-14,14
59919,86,88,-2,2
59920,106,93,13,13
59921,155,140,15,15
59922,100,94,6,6
59923,66,67,-1,1
59924,84,81,3,3
59925,103,104,-1,1
59926,56,60,-4,4
59927,100,94,6,6
59928,93,89,4,4
59929,135,139,-4,4
59930,32,50,-18,18
59931,93,104,-11,11
59932,107,129,-22,22
59933,62,65,-3,3
59934,59,60,-1,1
59935,91,89,2,2
59936,75,80,-5,5
59937,73,69,4,4
59938,96,100,-4,4
59939,115,116,-1,1
59940,63,67,-4,4
59941,85,87,-2,2
59942,72,84,-12,12
59943,158,170,-12,12
59944,91,83,8,8
59945,69,74,-5,5
59946,89,113,-24,24
59947,74,76,-2,2
59948,104,273,-169,169
59949,49,56,-7,7
59950,99,92,7,7
59951,127,119,8,8
59952,73,78,-5,5
59953,49,55,-6,6
59954,87,85,2,2
59955,157,147,10,10
59956,80,91,-11,11
59957,144,121,23,23
59958,83,90,-7,7
59959,131,134,-3,3
59960,95,100,-5,5
59961,141,138,3,3
59962,89,101,-12,12
59963,59,55,4,4
59964,86,82,4,4
59965,118,116,2,2
59966,78,85,-7,7
59967,148,139,9,9
59968,59,56,3,3
59969,104,107,-3,3
59970,85,80,5,5
59971,103,108,-5,5
59972,236,202,34,34
59973,66,83,-17,17
59974,50,67,-17,17
59975,77,69,8,8
59976,114,96,18,18
59977,85,81,4,4
59978,88,89,-1,1
59979,74,69,5,5
59980,71,71,0,0
59981,155,145,10,10
59982,62,69,-7,7
59983,100,89,11,11
59984,82,90,-8,8
59985,113,111,2,2
59986,104,107,-3,3
59987,104,101,3,3
59988,105,127,-22,22
59989,153,143,10,10
59990,76,72,4,4
59991,85,73,12,12
59992,119,128,-9,9
59993,106,94,12,12
59994,73,82,-9,9
59995,137,126,11,11
59996,79,73,6,6
59997,186,182,4,4
59998,63,64,-1,1
59999,93,90,3,3
60000,126,140,-14,14
60001,70,64,6,6
60002,128,115,13,13
60003,61,60,1,1
60004,83,76,7,7
60005,108,97,11,11
60006,87,94,-7,7
60007,97,100,-3,3
60008,62,65,-3,3
60009,129,125,4,4
60010,124,114,10,10
60011,63,66,-3,3
60012,138,130,8,8
60013,53,55,-2,2
60014,76,65,11,11
60015,138,143,-5,5
60016,123,129,-6,6
60017,57,55,2,2
60018,83,79,4,4
60019,96,102,-6,6
60020,119,125,-6,6
60021,72,69,3,3
60022,78,69,9,9
60023,106,92,14,14
60024,83,73,10,10
60025,71,63,8,8
60026,205,177,28,28
60027,59,62,-3,3
60028,57,56,1,1
60029,90,89,1,1
60030,34,81,-47,47
60031,215,178,37,37
60032,85,89,-4,4
60033,158,154,4,4
60034,136,127,9,9
60035,55,52,3,3
60036,119,113,6,6
60037,109,144,-35,35
60038,57,61,-4,4
60039,92,81,11,11
60040,99,91,8,8
60041,95,91,4,4
60042,74,65,9,9
60043,84,81,3,3
60044,107,101,6,6
60045,78,72,6,6
60046,64,65,-1,1
60047,66,70,-4,4
60048,88,84,4,4
60049,135,117,18,18
60050,139,128,11,11
60051,126,147,-21,21
60052,82,82,0,0
60053,70,64,6,6
60054,81,86,-5,5
60055,60,60,0,0
60056,56,57,-1,1
60057,131,124,7,7
60058,59,61,-2,2
60059,83,71,12,12
60060,145,142,3,3
60061,86,83,3,3
60062,102,102,0,0
60063,77,75,2,2
60064,136,119,17,17
60065,68,65,3,3
60066,81,76,5,5
60067,82,76,6,6
60068,85,82,3,3
60069,121,120,1,1
60070,69,66,3,3
60071,56,60,-4,4
60072,170,159,11,11
60073,123,124,-1,1
60074,71,67,4,4
60075,77,80,-3,3
60076,140,131,9,9
60077,141,133,8,8
60078,98,98,0,0
60079,93,81,12,12
60080,69,80,-11,11
60081,104,103,1,1
60082,53,59,-6,6
60083,75,80,-5,5
60084,120,115,5,5
60085,86,93,-7,7
60086,98,93,5,5
60087,84,81,3,3
60088,88,80,8,8
60089,113,113,0,0
60090,74,74,0,0
60091,91,85,6,6
60092,149,132,17,17
60093,82,83,-1,1
60094,84,79,5,5
60095,195,192,3,3
60096,117,124,-7,7
60097,120,125,-5,5
60098,180,171,9,9
60099,80,88,-8,8
60100,122,119,3,3
60101,135,128,7,7
60102,159,159,0,0
60103,107,110,-3,3
60104,76,82,-6,6
60105,85,84,1,1
60106,87,79,8,8
60107,88,81,7,7
60108,41,50,-9,9
60109,78,70,8,8
60110,61,61,0,0
60111,87,85,2,2
60112,129,119,10,10
60113,84,84,0,0
60114,142,125,17,17
60115,126,128,-2,2
60116,89,88,1,1
60117,74,65,9,9
60118,51,52,-1,1
60119,141,128,13,13
60120,83,76,7,7
60121,120,156,-36,36
60122,144,137,7,7
60123,67,74,-7,7
60124,82,86,-4,4
60125,67,74,-7,7
60126,85,82,3,3
60127,62,52,10,10
60128,106,104,2,2
60129,59,59,0,0
60130,73,68,5,5
60131,145,138,7,7
60132,65,62,3,3
60133,72,69,3,3
60134,118,107,11,11
60135,105,115,-10,10
60136,71,69,2,2
60137,96,99,-3,3
60138,111,104,7,7
60139,73,90,-17,17
60140,88,83,5,5
60141,210,204,6,6
60142,104,99,5,5
60143,76,68,8,8
60144,43,52,-9,9
60145,110,103,7,7
60146,93,85,8,8
60147,114,111,3,3
60148,190,187,3,3
60149,87,84,3,3
60150,85,71,14,14
60151,95,97,-2,2
60152,97,114,-17,17
60153,58,58,0,0
60154,126,135,-9,9
60155,145,129,16,16
60156,61,66,-5,5
60157,113,97,16,16
60158,42,51,-9,9
60159,108,98,10,10
60160,93,81,12,12
60161,157,158,-1,1
60162,75,74,1,1
60163,59,63,-4,4
60164,101,88,13,13
60165,83,77,6,6
60166,95,92,3,3
60167,100,97,3,3
60168,69,64,5,5
60169,108,112,-4,4
60170,79,74,5,5
60171,105,100,5,5
60172,98,110,-12,12
60173,123,130,-7,7
60174,103,102,1,1
60175,158,151,7,7
60176,98,95,3,3
60177,128,125,3,3
60178,54,53,1,1
60179,54,67,-13,13
60180,86,87,-1,1
60181,119,119,0,0
60182,67,61,6,6
60183,114,112,2,2
60184,104,99,5,5
60185,81,85,-4,4
60186,84,82,2,2
60187,86,83,3,3
60188,93,92,1,1
60189,75,69,6,6
60190,69,66,3,3
60191,96,88,8,8
60192,117,118,-1,1
60193,164,149,15,15
60194,121,117,4,4
60195,93,88,5,5
60196,91,86,5,5
60197,144,141,3,3
60198,101,102,-1,1
60199,135,117,18,18
60200,102,101,1,1
60201,83,84,-1,1
60202,88,80,8,8
60203,101,106,-5,5
60204,102,103,-1,1
60205,102,109,-7,7
60206,105,98,7,7
60207,99,107,-8,8
60208,151,140,11,11
60209,67,71,-4,4
60210,164,136,28,28
60211,85,85,0,0
60212,89,94,-5,5
60213,59,59,0,0
60214,94,82,12,12
60215,123,118,5,5
60216,79,96,-17,17
60217,74,70,4,4
60218,176,168,8,8
60219,59,68,-9,9
60220,100,103,-3,3
60221,123,122,1,1
60222,104,105,-1,1
60223,145,150,-5,5
60224,97,99,-2,2
60225,175,165,10,10
60226,63,61,2,2
60227,124,125,-1,1
60228,68,66,2,2
60229,139,128,11,11
60230,78,71,7,7
60231,79,73,6,6
60232,48,57,-9,9
60233,141,139,2,2
60234,136,120,16,16
60235,123,130,-7,7
60236,85,87,-2,2
60237,128,122,6,6
60238,97,90,7,7
60239,63,65,-2,2
60240,141,149,-8,8
60241,87,84,3,3
60242,93,102,-9,9
60243,54,54,0,0
60244,133,116,17,17
60245,50,56,-6,6
60246,71,69,2,2
60247,75,70,5,5
60248,165,162,3,3
60249,64,62,2,2
60250,95,88,7,7
60251,65,59,6,6
60252,106,101,5,5
60253,91,78,13,13
60254,70,78,-8,8
60255,124,122,2,2
60256,48,56,-8,8
60257,74,70,4,4
60258,64,60,4,4
60259,104,100,4,4
60260,82,83,-1,1
60261,82,83,-1,1
60262,147,149,-2,2
60263,123,103,20,20
60264,81,88,-7,7
60265,146,150,-4,4
60266,88,84,4,4
60267,78,74,4,4
60268,118,121,-3,3
60269,160,156,4,4
60270,176,165,11,11
60271,133,116,17,17
60272,122,119,3,3
60273,74,79,-5,5
60274,75,76,-1,1
60275,116,116,0,0
60276,116,113,3,3
60277,126,123,3,3
60278,53,54,-1,1
60279,58,83,-25,25
60280,169,165,4,4
60281,100,111,-11,11
60282,56,60,-4,4
60283,63,69,-6,6
60284,58,56,2,2
60285,56,65,-9,9
60286,131,136,-5,5
60287,74,67,7,7
60288,143,132,11,11
60289,127,131,-4,4
60290,98,97,1,1
60291,60,56,4,4
60292,65,81,-16,16
60293,76,64,12,12
60294,72,71,1,1
60295,83,78,5,5
60296,41,51,-10,10
60297,91,81,10,10
60298,125,129,-4,4
60299,119,125,-6,6
60300,92,77,15,15
60301,100,113,-13,13
60302,125,118,7,7
60303,95,97,-2,2
60304,108,100,8,8
60305,118,117,1,1
60306,124,134,-10,10
60307,31,50,-19,19
60308,175,173,2,2
60309,122,120,2,2
60310,117,125,-8,8
60311,30,52,-22,22
60312,184,167,17,17
60313,93,90,3,3
60314,98,97,1,1
60315,82,82,0,0
60316,91,83,8,8
60317,67,76,-9,9
60318,103,74,29,29
60319,127,132,-5,5
60320,64,62,2,2
60321,70,82,-12,12
60322,68,70,-2,2
60323,87,99,-12,12
60324,103,101,2,2
60325,91,88,3,3
60326,77,69,8,8
60327,70,61,9,9
60328,90,93,-3,3
60329,64,66,-2,2
60330,53,54,-1,1
60331,87,78,9,9
60332,112,101,11,11
60333,91,84,7,7
60334,132,133,-1,1
60335,116,116,0,0
60336,99,104,-5,5
60337,80,73,7,7
60338,125,125,0,0
60339,83,77,6,6
60340,123,130,-7,7
60341,126,119,7,7
60342,114,118,-4,4
60343,139,128,11,11
60344,135,141,-6,6
60345,61,60,1,1
60346,70,75,-5,5
60347,112,106,6,6
60348,79,74,5,5
60349,58,64,-6,6
60350,131,140,-9,9
60351,154,144,10,10
60352,85,88,-3,3
60353,116,104,12,12
60354,71,78,-7,7
60355,62,72,-10,10
60356,72,76,-4,4
60357,137,136,1,1
60358,152,153,-1,1
60359,85,82,3,3
60360,63,64,-1,1
60361,67,57,10,10
60362,108,114,-6,6
60363,120,127,-7,7
60364,103,100,3,3
60365,96,102,-6,6
60366,108,112,-4,4
60367,49,103,-54,54
60368,83,91,-8,8
60369,91,83,8,8
60370,112,107,5,5
60371,148,135,13,13
60372,110,117,-7,7
60373,90,88,2,2
60374,71,59,12,12
60375,95,103,-8,8
60376,78,70,8,8
60377,102,106,-4,4
60378,99,93,6,6
60379,71,72,-1,1
60380,103,102,1,1
60381,75,76,-1,1
60382,128,128,0,0
60383,37,51,-14,14
60384,82,76,6,6
60385,82,92,-10,10
60386,105,109,-4,4
60387,96,93,3,3
60388,57,54,3,3
60389,135,139,-4,4
60390,87,84,3,3
60391,75,77,-2,2
60392,75,84,-9,9
60393,127,119,8,8
60394,105,106,-1,1
60395,61,59,2,2
60396,66,95,-29,29
60397,140,133,7,7
60398,129,133,-4,4
60399,150,134,16,16
60400,109,106,3,3
60401,115,123,-8,8
60402,118,115,3,3
60403,58,59,-1,1
60404,79,69,10,10
60405,28,51,-23,23
60406,173,153,20,20
60407,89,94,-5,5
60408,95,82,13,13
60409,71,79,-8,8
60410,87,90,-3,3
60411,77,70,7,7
60412,106,106,0,0
60413,88,90,-2,2
60414,74,77,-3,3
60415,66,84,-18,18
60416,64,79,-15,15
60417,115,119,-4,4
60418,59,58,1,1
60419,142,130,12,12
60420,73,63,10,10
60421,138,128,10,10
60422,110,107,3,3
60423,81,90,-9,9
60424,143,156,-13,13
60425,137,122,15,15
60426,177,166,11,11
60427,100,102,-2,2
60428,112,117,-5,5
60429,136,145,-9,9
60430,48,51,-3,3
60431,112,132,-20,20
60432,115,114,1,1
60433,134,134,0,0
60434,97,103,-6,6
60435,86,81,5,5
60436,115,110,5,5
60437,80,72,8,8
60438,157,148,9,9
60439,59,57,2,2
60440,118,117,1,1
60441,64,74,-10,10
60442,123,115,8,8
60443,70,75,-5,5
60444,60,64,-4,4
60445,76,81,-5,5
60446,161,153,8,8
60447,129,136,-7,7
60448,66,65,1,1
60449,104,98,6,6
60450,86,78,8,8
60451,53,52,1,1
60452,76,70,6,6
60453,202,180,22,22
60454,81,75,6,6
60455,136,134,2,2
60456,80,70,10,10
60457,54,58,-4,4
60458,71,64,7,7
60459,37,50,-13,13
60460,92,89,3,3
60461,81,83,-2,2
60462,94,118,-24,24
60463,116,111,5,5
60464,89,92,-3,3
60465,123,111,12,12
60466,95,90,5,5
60467,114,107,7,7
60468,134,138,-4,4
60469,153,147,6,6
60470,82,79,3,3
60471,104,96,8,8
60472,101,104,-3,3
60473,73,60,13,13
60474,121,123,-2,2
60475,147,132,15,15
60476,70,73,-3,3
60477,126,122,4,4
60478,284,243,41,41
60479,124,127,-3,3
60480,107,109,-2,2
60481,78,76,2,2
60482,116,114,2,2
60483,139,127,12,12
60484,127,124,3,3
60485,61,64,-3,3
60486,56,59,-3,3
60487,105,100,5,5
60488,68,70,-2,2
60489,101,94,7,7
60490,64,60,4,4
60491,70,71,-1,1
60492,129,126,3,3
60493,86,79,7,7
60494,71,66,5,5
60495,57,131,-74,74
60496,63,80,-17,17
60497,100,92,8,8
60498,138,144,-6,6
60499,143,134,9,9
60500,123,119,4,4
60501,114,117,-3,3
60502,69,67,2,2
60503,71,70,1,1
60504,65,55,10,10
60505,94,105,-11,11
60506,73,74,-1,1
60507,77,81,-4,4
60508,68,71,-3,3
60509,126,140,-14,14
60510,133,129,4,4
60511,111,124,-13,13
60512,80,80,0,0
60513,74,80,-6,6
60514,91,88,3,3
60515,111,121,-10,10
60516,100,100,0,0
60517,191,164,27,27
60518,124,111,13,13
60519,55,54,1,1
60520,113,104,9,9
60521,34,50,-16,16
60522,108,97,11,11
60523,74,69,5,5
60524,163,145,18,18
60525,135,118,17,17
60526,86,102,-16,16
60527,122,118,4,4
60528,135,129,6,6
60529,68,79,-11,11
60530,75,72,3,3
60531,127,137,-10,10
60532,65,68,-3,3
60533,83,85,-2,2
60534,103,93,10,10
60535,79,77,2,2
60536,77,75,2,2
60537,116,120,-4,4
60538,123,117,6,6
60539,70,63,7,7
60540,66,68,-2,2
60541,102,110,-8,8
60542,108,130,-22,22
60543,64,57,7,7
60544,116,128,-12,12
60545,154,155,-1,1
60546,78,80,-2,2
60547,97,99,-2,2
60548,64,66,-2,2
60549,109,107,2,2
60550,109,100,9,9
60551,110,118,-8,8
60552,124,116,8,8
60553,50,53,-3,3
60554,75,71,4,4
60555,112,116,-4,4
60556,72,79,-7,7
60557,113,108,5,5
60558,70,79,-9,9
60559,112,85,27,27
60560,71,68,3,3
60561,117,117,0,0
60562,88,80,8,8
60563,88,78,10,10
60564,96,88,8,8
60565,114,118,-4,4
60566,46,56,-10,10
60567,82,86,-4,4
60568,77,75,2,2
60569,68,88,-20,20
60570,79,89,-10,10
60571,78,75,3,3
60572,48,54,-6,6
60573,55,56,-1,1
60574,110,114,-4,4
60575,106,102,4,4
60576,88,78,10,10
60577,90,99,-9,9
60578,84,86,-2,2
60579,78,86,-8,8
60580,108,115,-7,7
60581,52,63,-11,11
60582,162,140,22,22
60583,46,52,-6,6
60584,100,108,-8,8
60585,95,92,3,3
60586,138,137,1,1
60587,53,53,0,0
60588,100,92,8,8
60589,93,91,2,2
60590,90,111,-21,21
60591,103,104,-1,1
60592,92,83,9,9
60593,52,51,1,1
60594,104,108,-4,4
60595,49,52,-3,3
60596,82,75,7,7
60597,104,97,7,7
60598,167,165,2,2
60599,58,63,-5,5
60600,79,78,1,1
60601,75,64,11,11
60602,70,76,-6,6
60603,78,78,0,0
60604,70,67,3,3
60605,130,134,-4,4
60606,90,95,-5,5
60607,68,70,-2,2
60608,97,100,-3,3
60609,83,84,-1,1
60610,51,59,-8,8
60611,70,74,-4,4
60612,35,78,-43,43
60613,24,78,-54,54
60614,113,96,17,17
60615,133,127,6,6
60616,90,93,-3,3
60617,84,79,5,5
60618,86,85,1,1
60619,63,61,2,2
60620,51,54,-3,3
60621,153,142,11,11
60622,113,109,4,4
60623,47,52,-5,5
60624,111,103,8,8
60625,67,61,6,6
60626,51,91,-40,40
60627,57,66,-9,9
60628,67,58,9,9
60629,149,141,8,8
60630,71,67,4,4
60631,100,110,-10,10
60632,94,100,-6,6
60633,61,58,3,3
60634,100,90,10,10
60635,147,142,5,5
60636,92,92,0,0
60637,79,81,-2,2
60638,95,96,-1,1
60639,155,155,0,0
60640,88,79,9,9
60641,149,163,-14,14
60642,128,125,3,3
60643,73,58,15,15
60644,124,115,9,9
60645,78,83,-5,5
60646,73,70,3,3
60647,104,98,6,6
60648,124,102,22,22
60649,65,71,-6,6
60650,98,97,1,1
60651,100,97,3,3
60652,79,74,5,5
60653,216,185,31,31
60654,77,79,-2,2
60655,64,74,-10,10
60656,43,50,-7,7
60657,124,115,9,9
60658,87,87,0,0
60659,98,95,3,3
60660,91,87,4,4
60661,81,76,5,5
60662,109,119,-10,10
60663,61,74,-13,13
60664,86,91,-5,5
60665,126,121,5,5
60666,85,74,11,11
60667,94,114,-20,20
60668,68,69,-1,1
60669,77,72,5,5
60670,72,68,4,4
60671,107,108,-1,1
60672,83,81,2,2
60673,116,116,0,0
60674,59,56,3,3
60675,53,54,-1,1
60676,137,138,-1,1
60677,128,117,11,11
60678,97,95,2,2
60679,97,103,-6,6
60680,75,74,1,1
60681,107,97,10,10
60682,96,92,4,4
60683,139,130,9,9
60684,62,61,1,1
60685,90,85,5,5
60686,104,109,-5,5
60687,124,117,7,7
60688,107,104,3,3
60689,124,131,-7,7
60690,105,100,5,5
60691,134,135,-1,1
60692,122,117,5,5
60693,70,77,-7,7
60694,152,155,-3,3
60695,95,92,3,3
60696,67,88,-21,21
60697,109,102,7,7
60698,170,206,-36,36
60699,80,81,-1,1
60700,88,82,6,6
60701,131,101,30,30
60702,84,79,5,5
60703,97,102,-5,5
60704,149,127,22,22
60705,79,86,-7,7
60706,93,104,-11,11
60707,81,83,-2,2
60708,125,127,-2,2
60709,82,78,4,4
60710,79,79,0,0
60711,65,56,9,9
60712,95,94,1,1
60713,111,119,-8,8
60714,113,108,5,5
60715,119,123,-4,4
60716,68,73,-5,5
60717,135,114,21,21
60718,102,90,12,12
60719,96,108,-12,12
60720,107,109,-2,2
60721,86,83,3,3
60722,158,134,24,24
60723,141,132,9,9
60724,129,132,-3,3
60725,49,50,-1,1
60726,149,143,6,6
60727,114,113,1,1
60728,40,50,-10,10
60729,55,57,-2,2
60730,85,78,7,7
60731,65,61,4,4
60732,97,106,-9,9
60733,148,141,7,7
60734,141,129,12,12
60735,69,66,3,3
60736,80,79,1,1
60737,158,140,18,18
60738,75,78,-3,3
60739,88,89,-1,1
60740,110,102,8,8
60741,82,86,-4,4
60742,58,65,-7,7
60743,76,67,9,9
60744,48,54,-6,6
60745,106,90,16,16
60746,108,106,2,2
60747,191,172,19,19
60748,100,100,0,0
60749,58,59,-1,1
60750,117,115,2,2
60751,233,193,40,40
60752,78,79,-1,1
60753,83,78,5,5
60754,66,67,-1,1
60755,55,56,-1,1
60756,77,82,-5,5
60757,102,97,5,5
60758,62,60,2,2
60759,71,67,4,4
60760,139,140,-1,1
60761,132,137,-5,5
60762,94,98,-4,4
60763,107,113,-6,6
60764,60,68,-8,8
60765,94,111,-17,17
60766,72,62,10,10
60767,86,83,3,3
60768,75,80,-5,5
60769,87,86,1,1
60770,148,133,15,15
60771,120,111,9,9
60772,68,71,-3,3
60773,81,76,5,5
60774,222,211,11,11
60775,68,67,1,1
60776,103,109,-6,6
60777,133,113,20,20
60778,135,113,22,22
60779,97,92,5,5
60780,56,57,-1,1
60781,73,70,3,3
60782,110,118,-8,8
60783,116,113,3,3
60784,46,50,-4,4
60785,119,110,9,9
60786,42,53,-11,11
60787,71,84,-13,13
60788,80,64,16,16
60789,87,90,-3,3
60790,73,73,0,0
60791,99,94,5,5
60792,36,50,-14,14
60793,70,66,4,4
60794,55,55,0,0
60795,104,102,2,2
60796,135,133,2,2
60797,103,96,7,7
60798,83,86,-3,3
60799,87,75,12,12
60800,78,71,7,7
60801,68,78,-10,10
60802,70,77,-7,7
60803,112,101,11,11
60804,99,99,0,0
60805,103,103,0,0
60806,87,85,2,2
60807,105,104,1,1
60808,94,94,0,0
60809,185,170,15,15
60810,167,158,9,9
60811,67,73,-6,6
60812,98,79,19,19
60813,109,112,-3,3
60814,139,135,4,4
60815,88,84,4,4
60816,117,109,8,8
60817,101,111,-10,10
60818,124,134,-10,10
60819,182,156,26,26
60820,198,166,32,32
60821,115,112,3,3
60822,92,94,-2,2
60823,77,72,5,5
60824,104,104,0,0
60825,75,65,10,10
60826,93,82,11,11
60827,173,172,1,1
60828,121,123,-2,2
60829,141,114,27,27
60830,66,79,-13,13
60831,72,64,8,8
60832,104,111,-7,7
60833,103,97,6,6
60834,81,78,3,3
60835,122,100,22,22
60836,131,120,11,11
60837,58,58,0,0
60838,106,107,-1,1
60839,119,106,13,13
60840,57,55,2,2
60841,77,74,3,3
60842,67,59,8,8
60843,85,82,3,3
60844,62,67,-5,5
60845,140,133,7,7
60846,72,79,-7,7
60847,125,125,0,0
60848,166,156,10,10
60849,133,123,10,10
60850,101,83,18,18
60851,156,145,11,11
60852,68,70,-2,2
60853,70,65,5,5
60854,127,123,4,4
60855,89,84,5,5
60856,111,97,14,14
60857,154,130,24,24
60858,91,87,4,4
60859,59,61,-2,2
60860,105,105,0,0
60861,108,124,-16,16
60862,87,97,-10,10
60863,143,137,6,6
60864,88,87,1,1
60865,83,87,-4,4
60866,105,97,8,8
60867,96,100,-4,4
60868,95,89,6,6
60869,104,110,-6,6
60870,97,115,-18,18
60871,111,112,-1,1
60872,93,90,3,3
60873,54,55,-1,1
60874,90,93,-3,3
60875,52,54,-2,2
60876,85,89,-4,4
60877,114,113,1,1
60878,152,158,-6,6
60879,79,71,8,8
60880,118,122,-4,4
60881,85,73,12,12
60882,94,87,7,7
60883,49,53,-4,4
60884,56,55,1,1
60885,156,143,13,13
60886,55,52,3,3
60887,116,114,2,2
60888,84,84,0,0
60889,105,101,4,4
60890,122,114,8,8
60891,80,86,-6,6
60892,89,78,11,11
60893,117,109,8,8
60894,50,52,-2,2
60895,65,68,-3,3
60896,115,118,-3,3
60897,78,76,2,2
60898,112,115,-3,3
60899,84,77,7,7
60900,144,143,1,1
60901,95,88,7,7
60902,125,125,0,0
60903,115,130,-15,15
60904,76,70,6,6
60905,119,117,2,2
60906,133,149,-16,16
60907,90,82,8,8
60908,112,109,3,3
60909,76,69,7,7
60910,147,138,9,9
60911,55,58,-3,3
60912,131,118,13,13
60913,116,108,8,8
60914,84,83,1,1
60915,72,71,1,1
60916,73,77,-4,4
60917,43,52,-9,9
60918,73,70,3,3
60919,82,92,-10,10
60920,56,59,-3,3
60921,99,92,7,7
60922,105,109,-4,4
60923,79,85,-6,6
60924,138,122,16,16
60925,111,119,-8,8
60926,36,50,-14,14
60927,138,130,8,8
60928,89,92,-3,3
60929,93,81,12,12
60930,132,134,-2,2
60931,108,102,6,6
60932,66,65,1,1
60933,71,69,2,2
60934,65,60,5,5
60935,200,186,14,14
60936,72,106,-34,34
60937,232,230,2,2
60938,75,73,2,2
60939,186,164,22,22
60940,125,117,8,8
60941,95,105,-10,10
60942,203,161,42,42
60943,176,155,21,21
60944,129,125,4,4
60945,76,76,0,0
60946,143,138,5,5
60947,49,53,-4,4
60948,92,90,2,2
60949,92,91,1,1
60950,75,85,-10,10
60951,105,96,9,9
60952,155,132,23,23
60953,95,100,-5,5
60954,86,94,-8,8
60955,132,120,12,12
60956,46,54,-8,8
60957,69,74,-5,5
60958,58,66,-8,8
60959,140,129,11,11
60960,70,61,9,9
60961,89,89,0,0
60962,84,64,20,20
60963,124,117,7,7
60964,71,74,-3,3
60965,127,122,5,5
60966,69,64,5,5
60967,111,100,11,11
60968,125,125,0,0
60969,85,91,-6,6
60970,76,76,0,0
60971,85,90,-5,5
60972,55,57,-2,2
60973,92,92,0,0
60974,182,163,19,19
60975,89,86,3,3
60976,102,96,6,6
60977,113,115,-2,2
60978,131,136,-5,5
60979,133,138,-5,5
60980,98,94,4,4
60981,154,136,18,18
60982,99,97,2,2
60983,114,112,2,2
60984,110,102,8,8
60985,125,98,27,27
60986,52,63,-11,11
60987,42,52,-10,10
60988,80,73,7,7
60989,83,82,1,1
60990,143,136,7,7
60991,56,61,-5,5
60992,131,125,6,6
60993,112,128,-16,16
60994,110,108,2,2
60995,104,98,6,6
60996,71,72,-1,1
60997,36,50,-14,14
60998,57,59,-2,2
60999,72,83,-11,11
61000,119,103,16,16
61001,194,177,17,17
61002,107,97,10,10
61003,123,123,0,0
61004,87,81,6,6
61005,157,152,5,5
61006,75,76,-1,1
61007,94,96,-2,2
61008,85,88,-3,3
61009,85,92,-7,7
61010,44,51,-7,7
61011,78,83,-5,5
61012,97,77,20,20
61013,34,62,-28,28
61014,38,50,-12,12
61015,93,90,3,3
61016,113,105,8,8
61017,130,124,6,6
61018,46,50,-4,4
61019,94,100,-6,6
61020,144,130,14,14
61021,60,58,2,2
61022,110,111,-1,1
61023,78,79,-1,1
61024,172,165,7,7
61025,117,134,-17,17
61026,60,70,-10,10
61027,114,100,14,14
61028,136,143,-7,7
61029,130,136,-6,6
61030,140,130,10,10
61031,58,62,-4,4
61032,87,83,4,4
61033,154,143,11,11
61034,84,80,4,4
61035,78,70,8,8
61036,224,260,-36,36
61037,77,74,3,3
61038,114,111,3,3
61039,64,67,-3,3
61040,145,140,5,5
61041,62,61,1,1
61042,123,122,1,1
61043,126,124,2,2
61044,59,71,-12,12
61045,59,68,-9,9
61046,65,75,-10,10
61047,81,86,-5,5
61048,104,91,13,13
61049,94,95,-1,1
61050,131,128,3,3
61051,60,58,2,2
61052,111,100,11,11
61053,159,142,17,17
61054,145,144,1,1
61055,67,61,6,6
61056,114,107,7,7
61057,82,76,6,6
61058,93,94,-1,1
61059,53,57,-4,4
61060,83,90,-7,7
61061,101,103,-2,2
61062,112,126,-14,14
61063,71,60,11,11
61064,86,77,9,9
61065,49,100,-51,51
61066,59,58,1,1
61067,125,117,8,8
61068,157,152,5,5
61069,90,93,-3,3
61070,160,162,-2,2
61071,128,108,20,20
61072,78,80,-2,2
61073,153,148,5,5
61074,87,96,-9,9
61075,133,123,10,10
61076,96,98,-2,2
61077,88,98,-10,10
61078,69,80,-11,11
61079,150,161,-11,11
61080,134,122,12,12
61081,122,119,3,3
61082,91,92,-1,1
61083,156,145,11,11
61084,76,79,-3,3
61085,44,50,-6,6
61086,117,121,-4,4
61087,110,107,3,3
61088,101,84,17,17
61089,81,75,6,6
61090,52,55,-3,3
61091,164,159,5,5
61092,40,50,-10,10
61093,80,85,-5,5
61094,129,121,8,8
61095,131,122,9,9
61096,87,90,-3,3
61097,79,73,6,6
61098,110,107,3,3
61099,120,113,7,7
61100,100,117,-17,17
61101,113,113,0,0
61102,97,117,-20,20
61103,75,68,7,7
61104,85,94,-9,9
61105,49,50,-1,1
61106,103,115,-12,12
61107,177,165,12,12
61108,94,98,-4,4
61109,130,127,3,3
61110,72,75,-3,3
61111,158,155,3,3
61112,47,54,-7,7
61113,74,86,-12,12
61114,101,107,-6,6
61115,51,61,-10,10
61116,83,82,1,1
61117,142,138,4,4
61118,58,63,-5,5
61119,83,84,-1,1
61120,45,50,-5,5
61121,138,134,4,4
61122,152,141,11,11
61123,101,104,-3,3
61124,77,68,9,9
61125,52,78,-26,26
61126,89,81,8,8
61127,149,135,14,14
61128,78,68,10,10
61129,146,141,5,5
61130,122,122,0,0
61131,88,80,8,8
61132,131,131,0,0
61133,67,66,1,1
61134,107,92,15,15
61135,139,142,-3,3
61136,164,151,13,13
61137,134,125,9,9
61138,71,68,3,3
61139,87,78,9,9
61140,68,68,0,0
61141,56,108,-52,52
61142,118,119,-1,1
61143,101,106,-5,5
61144,75,79,-4,4
61145,127,139,-12,12
61146,85,87,-2,2
61147,57,77,-20,20
61148,37,51,-14,14
61149,116,116,0,0
61150,108,103,5,5
61151,137,133,4,4
61152,58,56,2,2
61153,67,86,-19,19
61154,106,106,0,0
61155,132,115,17,17
61156,102,94,8,8
61157,115,120,-5,5
61158,85,85,0,0
61159,107,108,-1,1
61160,49,55,-6,6
61161,139,154,-15,15
61162,126,128,-2,2
61163,135,139,-4,4
61164,69,61,8,8
61165,88,79,9,9
61166,117,113,4,4
61167,77,72,5,5
61168,51,59,-8,8
61169,92,105,-13,13
61170,80,85,-5,5
61171,82,80,2,2
61172,157,151,6,6
61173,83,83,0,0
61174,136,125,11,11
61175,147,135,12,12
61176,49,54,-5,5
61177,86,85,1,1
61178,125,116,9,9
61179,73,65,8,8
61180,99,107,-8,8
61181,102,105,-3,3
61182,101,103,-2,2
61183,109,98,11,11
61184,126,121,5,5
61185,142,123,19,19
61186,62,62,0,0
61187,113,111,2,2
61188,149,126,23,23
61189,61,61,0,0
61190,66,70,-4,4
61191,122,115,7,7
61192,89,89,0,0
61193,76,78,-2,2
61194,74,85,-11,11
61195,61,68,-7,7
61196,44,51,-7,7
61197,107,120,-13,13
61198,104,98,6,6
61199,109,109,0,0
61200,140,127,13,13
61201,43,54,-11,11
61202,40,50,-10,10
61203,223,193,30,30
61204,95,91,4,4
61205,47,54,-7,7
61206,71,64,7,7
61207,121,106,15,15
61208,119,121,-2,2
61209,135,133,2,2
61210,78,71,7,7
61211,96,88,8,8
61212,71,69,2,2
61213,71,79,-8,8
61214,108,129,-21,21
61215,64,64,0,0
61216,169,181,-12,12
61217,80,78,2,2
61218,78,78,0,0
61219,100,95,5,5
61220,90,87,3,3
61221,108,102,6,6
61222,84,87,-3,3
61223,150,142,8,8
61224,91,105,-14,14
61225,55,73,-18,18
61226,83,82,1,1
61227,119,157,-38,38
61228,86,88,-2,2
61229,101,105,-4,4
61230,89,77,12,12
61231,80,83,-3,3
61232,116,107,9,9
61233,146,150,-4,4
61234,64,71,-7,7
61235,175,165,10,10
61236,139,135,4,4
61237,79,71,8,8
61238,120,113,7,7
61239,84,90,-6,6
61240,132,132,0,0
61241,71,71,0,0
61242,104,90,14,14
61243,60,62,-2,2
61244,171,147,24,24
61245,93,92,1,1
61246,132,128,4,4
61247,55,59,-4,4
61248,74,57,17,17
61249,126,110,16,16
61250,75,78,-3,3
61251,45,54,-9,9
61252,95,94,1,1
61253,154,137,17,17
61254,143,129,14,14
61255,111,110,1,1
61256,97,102,-5,5
61257,203,220,-17,17
61258,42,50,-8,8
61259,49,53,-4,4
61260,111,109,2,2
61261,76,64,12,12
61262,79,74,5,5
61263,70,80,-10,10
61264,57,61,-4,4
61265,60,60,0,0
61266,119,122,-3,3
61267,76,79,-3,3
61268,72,65,7,7
61269,124,108,16,16
61270,138,114,24,24
61271,118,114,4,4
61272,119,111,8,8
61273,94,80,14,14
61274,113,132,-19,19
61275,69,85,-16,16
61276,106,99,7,7
61277,41,52,-11,11
61278,88,80,8,8
61279,124,136,-12,12
61280,51,56,-5,5
61281,70,80,-10,10
61282,112,110,2,2
61283,100,98,2,2
61284,143,132,11,11
61285,87,95,-8,8
61286,61,63,-2,2
61287,64,67,-3,3
61288,130,130,0,0
61289,81,79,2,2
61290,73,62,11,11
61291,47,52,-5,5
61292,99,112,-13,13
61293,95,90,5,5
61294,105,105,0,0
61295,126,127,-1,1
61296,108,98,10,10
61297,67,70,-3,3
61298,72,79,-7,7
61299,65,61,4,4
61300,109,105,4,4
61301,52,56,-4,4
61302,122,114,8,8
61303,59,62,-3,3
61304,117,125,-8,8
61305,79,72,7,7
61306,46,52,-6,6
61307,64,73,-9,9
61308,71,84,-13,13
61309,60,61,-1,1
61310,70,69,1,1
61311,114,113,1,1
61312,101,103,-2,2
61313,138,140,-2,2
61314,98,89,9,9
61315,92,95,-3,3
61316,196,180,16,16
61317,109,112,-3,3
61318,55,53,2,2
61319,166,165,1,1
61320,68,68,0,0
61321,61,66,-5,5
61322,79,79,0,0
61323,86,80,6,6
61324,90,85,5,5
61325,128,122,6,6
61326,102,103,-1,1
61327,118,108,10,10
61328,86,83,3,3
61329,105,103,2,2
61330,78,75,3,3
61331,96,95,1,1
61332,38,51,-13,13
61333,96,97,-1,1
61334,123,121,2,2
61335,85,81,4,4
61336,117,108,9,9
61337,78,101,-23,23
61338,131,132,-1,1
61339,82,81,1,1
61340,87,90,-3,3
61341,81,79,2,2
61342,59,55,4,4
61343,84,84,0,0
61344,89,93,-4,4
61345,65,64,1,1
61346,131,133,-2,2
61347,55,58,-3,3
61348,66,89,-23,23
61349,74,70,4,4
61350,84,67,17,17
61351,110,101,9,9
61352,63,74,-11,11
61353,97,83,14,14
61354,55,64,-9,9
61355,94,97,-3,3
61356,148,145,3,3
61357,110,100,10,10
61358,161,155,6,6
61359,139,129,10,10
61360,63,69,-6,6
61361,120,118,2,2
61362,79,84,-5,5
61363,131,134,-3,3
61364,150,133,17,17
61365,80,81,-1,1
61366,37,50,-13,13
61367,116,114,2,2
61368,82,81,1,1
61369,130,130,0,0
61370,68,75,-7,7
61371,86,81,5,5
61372,90,80,10,10
61373,57,57,0,0
61374,149,137,12,12
61375,79,76,3,3
61376,126,125,1,1
61377,120,133,-13,13
61378,197,181,16,16
61379,62,59,3,3
61380,88,87,1,1
61381,144,135,9,9
61382,99,92,7,7
61383,101,119,-18,18
61384,111,101,10,10
61385,61,62,-1,1
61386,85,81,4,4
61387,96,95,1,1
61388,125,123,2,2
61389,107,97,10,10
61390,136,122,14,14
61391,148,142,6,6
61392,98,103,-5,5
61393,66,61,5,5
61394,95,76,19,19
61395,107,92,15,15
61396,47,57,-10,10
61397,78,79,-1,1
61398,81,76,5,5
61399,72,74,-2,2
61400,84,94,-10,10
61401,145,153,-8,8
61402,77,75,2,2
61403,90,83,7,7
61404,131,118,13,13
61405,91,82,9,9
61406,38,71,-33,33
61407,94,90,4,4
61408,111,110,1,1
61409,145,143,2,2
61410,84,86,-2,2
61411,87,78,9,9
61412,115,108,7,7
61413,95,87,8,8
61414,144,132,12,12
61415,90,85,5,5
61416,101,95,6,6
61417,91,92,-1,1
61418,190,184,6,6
61419,80,81,-1,1
61420,167,149,18,18
61421,83,73,10,10
61422,66,62,4,4
61423,50,52,-2,2
61424,111,111,0,0
61425,83,91,-8,8
61426,72,67,5,5
61427,73,70,3,3
61428,79,84,-5,5
61429,66,70,-4,4
61430,83,80,3,3
61431,262,244,18,18
61432,108,113,-5,5
61433,117,111,6,6
61434,98,85,13,13
61435,85,89,-4,4
61436,63,61,2,2
61437,190,182,8,8
61438,85,84,1,1
61439,123,115,8,8
61440,144,141,3,3
61441,75,76,-1,1
61442,97,95,2,2
61443,85,74,11,11
61444,69,66,3,3
61445,77,79,-2,2
61446,61,63,-2,2
61447,75,71,4,4
61448,97,119,-22,22
61449,70,69,1,1
61450,85,81,4,4
61451,61,65,-4,4
61452,77,71,6,6
61453,58,63,-5,5
61454,83,75,8,8
61455,91,95,-4,4
61456,53,57,-4,4
61457,55,53,2,2
61458,87,88,-1,1
61459,80,86,-6,6
61460,53,59,-6,6
61461,133,124,9,9
61462,90,97,-7,7
61463,60,67,-7,7
61464,68,71,-3,3
61465,66,56,10,10
61466,112,115,-3,3
61467,139,134,5,5
61468,50,54,-4,4
61469,120,122,-2,2
61470,77,77,0,0
61471,81,66,15,15
61472,87,81,6,6
61473,43,54,-11,11
61474,68,60,8,8
61475,58,56,2,2
61476,120,125,-5,5
61477,114,102,12,12
61478,173,161,12,12
61479,62,63,-1,1
61480,115,106,9,9
61481,213,196,17,17
61482,108,106,2,2
61483,53,64,-11,11
61484,85,75,10,10
61485,119,119,0,0
61486,74,79,-5,5
61487,93,87,6,6
61488,72,70,2,2
61489,104,89,15,15
61490,88,91,-3,3
61491,56,64,-8,8
61492,139,133,6,6
61493,110,110,0,0
61494,93,82,11,11
61495,54,51,3,3
61496,83,89,-6,6
61497,73,66,7,7
61498,202,182,20,20
61499,95,93,2,2
61500,51,57,-6,6
61501,141,125,16,16
61502,130,128,2,2
61503,89,96,-7,7
61504,67,66,1,1
61505,92,99,-7,7
61506,138,149,-11,11
61507,50,52,-2,2
61508,85,77,8,8
61509,118,102,16,16
61510,84,83,1,1
61511,95,90,5,5
61512,92,97,-5,5
61513,141,151,-10,10
61514,94,98,-4,4
61515,117,119,-2,2
61516,82,66,16,16
61517,73,79,-6,6
61518,108,103,5,5
61519,93,105,-12,12
61520,156,156,0,0
61521,84,86,-2,2
61522,106,91,15,15
61523,91,96,-5,5
61524,88,84,4,4
61525,78,70,8,8
61526,136,131,5,5
61527,59,65,-6,6
61528,94,102,-8,8
61529,100,101,-1,1
61530,144,138,6,6
61531,89,111,-22,22
61532,67,67,0,0
61533,28,50,-22,22
61534,114,109,5,5
61535,123,137,-14,14
61536,85,72,13,13
61537,77,76,1,1
61538,89,104,-15,15
61539,90,86,4,4
61540,80,84,-4,4
61541,114,119,-5,5
61542,46,51,-5,5
61543,123,115,8,8
61544,132,130,2,2
61545,106,119,-13,13
61546,93,96,-3,3
61547,100,121,-21,21
61548,82,78,4,4
61549,170,173,-3,3
61550,103,118,-15,15
61551,60,64,-4,4
61552,101,116,-15,15
61553,101,98,3,3
61554,106,99,7,7
61555,53,64,-11,11
61556,45,50,-5,5
61557,102,118,-16,16
61558,74,70,4,4
61559,107,117,-10,10
61560,95,99,-4,4
61561,96,90,6,6
61562,100,97,3,3
61563,40,53,-13,13
61564,85,81,4,4
61565,59,61,-2,2
61566,107,96,11,11
61567,157,148,9,9
61568,72,76,-4,4
61569,104,92,12,12
61570,53,61,-8,8
61571,131,125,6,6
61572,147,137,10,10
61573,80,78,2,2
61574,135,131,4,4
61575,119,112,7,7
61576,128,122,6,6
61577,126,121,5,5
61578,91,81,10,10
61579,102,88,14,14
61580,55,63,-8,8
61581,69,66,3,3
61582,57,72,-15,15
61583,53,57,-4,4
61584,109,93,16,16
61585,106,89,17,17
61586,106,108,-2,2
61587,128,116,12,12
61588,84,78,6,6
61589,73,75,-2,2
61590,137,112,25,25
61591,96,100,-4,4
61592,106,105,1,1
61593,119,118,1,1
61594,113,113,0,0
61595,138,124,14,14
61596,52,56,-4,4
61597,115,110,5,5
61598,66,67,-1,1
61599,114,117,-3,3
61600,46,58,-12,12
61601,108,104,4,4
61602,85,79,6,6
61603,67,62,5,5
61604,66,59,7,7
61605,76,82,-6,6
61606,93,88,5,5
61607,145,149,-4,4
61608,122,115,7,7
61609,88,83,5,5
61610,59,60,-1,1
61611,77,74,3,3
61612,84,85,-1,1
61613,71,78,-7,7
61614,93,88,5,5
61615,71,67,4,4
61616,40,54,-14,14
61617,165,154,11,11
61618,104,104,0,0
61619,54,53,1,1
61620,46,51,-5,5
61621,70,68,2,2
61622,51,55,-4,4
61623,86,83,3,3
61624,86,83,3,3
61625,90,89,1,1
61626,160,160,0,0
61627,119,114,5,5
61628,78,85,-7,7
61629,112,123,-11,11
61630,89,74,15,15
61631,96,101,-5,5
61632,96,96,0,0
61633,96,97,-1,1
61634,33,50,-17,17
61635,78,72,6,6
61636,65,55,10,10
61637,69,71,-2,2
61638,85,86,-1,1
61639,71,60,11,11
61640,119,107,12,12
61641,100,95,5,5
61642,102,101,1,1
61643,96,85,11,11
61644,77,71,6,6
61645,91,94,-3,3
61646,175,163,12,12
61647,96,100,-4,4
61648,133,123,10,10
61649,107,126,-19,19
61650,98,92,6,6
61651,94,99,-5,5
61652,67,66,1,1
61653,116,120,-4,4
61654,73,79,-6,6
61655,83,71,12,12
61656,75,80,-5,5
61657,109,120,-11,11
61658,143,149,-6,6
61659,84,88,-4,4
61660,79,82,-3,3
61661,104,99,5,5
61662,44,50,-6,6
61663,53,51,2,2
61664,108,99,9,9
61665,86,93,-7,7
61666,119,118,1,1
61667,56,54,2,2
61668,88,92,-4,4
61669,118,118,0,0
61670,102,102,0,0
61671,49,52,-3,3
61672,99,95,4,4
61673,105,184,-79,79
61674,131,113,18,18
61675,78,70,8,8
61676,99,92,7,7
61677,23,50,-27,27
61678,126,127,-1,1
61679,92,90,2,2
61680,85,92,-7,7
61681,61,62,-1,1
61682,137,142,-5,5
61683,74,74,0,0
61684,129,119,10,10
61685,156,158,-2,2
61686,72,67,5,5
61687,151,134,17,17
61688,72,63,9,9
61689,81,86,-5,5
61690,128,118,10,10
61691,136,124,12,12
61692,111,112,-1,1
61693,150,154,-4,4
61694,79,81,-2,2
61695,124,120,4,4
61696,133,123,10,10
61697,106,114,-8,8
61698,71,74,-3,3
61699,69,63,6,6
61700,105,112,-7,7
61701,60,57,3,3
61702,97,94,3,3
61703,129,133,-4,4
61704,70,66,4,4
61705,137,140,-3,3
61706,110,97,13,13
61707,97,93,4,4
61708,149,164,-15,15
61709,63,66,-3,3
61710,71,71,0,0
61711,108,101,7,7
61712,127,124,3,3
61713,92,98,-6,6
61714,41,50,-9,9
61715,87,82,5,5
61716,95,93,2,2
61717,58,61,-3,3
61718,103,113,-10,10
61719,106,104,2,2
61720,100,104,-4,4
61721,49,58,-9,9
61722,103,118,-15,15
61723,147,155,-8,8
61724,110,106,4,4
61725,121,140,-19,19
61726,66,65,1,1
61727,66,66,0,0
61728,75,73,2,2
61729,127,136,-9,9
61730,96,91,5,5
61731,179,165,14,14
61732,153,147,6,6
61733,89,80,9,9
61734,111,111,0,0
61735,124,104,20,20
61736,86,70,16,16
61737,98,105,-7,7
61738,82,83,-1,1
61739,138,118,20,20
61740,98,86,12,12
61741,187,177,10,10
61742,141,132,9,9
61743,72,76,-4,4
61744,110,105,5,5
61745,87,92,-5,5
61746,60,59,1,1
61747,71,70,1,1
61748,123,126,-3,3
61749,57,62,-5,5
61750,113,118,-5,5
61751,148,144,4,4
61752,73,73,0,0
61753,62,70,-8,8
61754,108,126,-18,18
61755,105,102,3,3
61756,152,121,31,31
61757,51,52,-1,1
61758,127,122,5,5
61759,31,87,-56,56
61760,68,64,4,4
61761,163,147,16,16
61762,160,148,12,12
61763,73,76,-3,3
61764,43,51,-8,8
61765,102,99,3,3
61766,91,106,-15,15
61767,136,117,19,19
61768,92,86,6,6
61769,60,61,-1,1
61770,45,53,-8,8
61771,111,104,7,7
61772,95,102,-7,7
61773,100,98,2,2
61774,139,139,0,0
61775,99,91,8,8
61776,68,72,-4,4
61777,55,54,1,1
61778,110,100,10,10
61779,67,74,-7,7
61780,103,100,3,3
61781,115,111,4,4
61782,131,146,-15,15
61783,106,113,-7,7
61784,154,153,1,1
61785,104,114,-10,10
61786,91,88,3,3
61787,139,142,-3,3
61788,56,59,-3,3
61789,139,130,9,9
61790,72,64,8,8
61791,144,140,4,4
61792,112,112,0,0
61793,68,63,5,5
61794,88,89,-1,1
61795,79,90,-11,11
61796,104,109,-5,5
61797,54,52,2,2
61798,111,100,11,11
61799,87,89,-2,2
61800,185,177,8,8
61801,92,88,4,4
61802,68,75,-7,7
61803,91,87,4,4
61804,84,79,5,5
61805,82,80,2,2
61806,126,120,6,6
61807,71,71,0,0
61808,72,64,8,8
61809,137,142,-5,5
61810,61,69,-8,8
61811,106,104,2,2
61812,59,56,3,3
61813,77,74,3,3
61814,149,126,23,23
61815,63,65,-2,2
61816,66,70,-4,4
61817,105,100,5,5
61818,85,84,1,1
61819,109,96,13,13
61820,81,86,-5,5
61821,60,62,-2,2
61822,40,50,-10,10
61823,95,89,6,6
61824,110,98,12,12
61825,68,61,7,7
61826,67,69,-2,2
61827,76,75,1,1
61828,188,182,6,6
61829,59,57,2,2
61830,131,117,14,14
61831,108,104,4,4
61832,114,117,-3,3
61833,108,106,2,2
61834,104,98,6,6
61835,94,94,0,0
61836,47,51,-4,4
61837,77,66,11,11
61838,80,85,-5,5
61839,96,88,8,8
61840,103,102,1,1
61841,109,112,-3,3
61842,66,78,-12,12
61843,98,90,8,8
61844,126,110,16,16
61845,97,110,-13,13
61846,99,95,4,4
61847,107,106,1,1
61848,129,131,-2,2
61849,87,91,-4,4
61850,69,67,2,2
61851,115,106,9,9
61852,99,102,-3,3
61853,99,93,6,6
61854,155,163,-8,8
61855,121,117,4,4
61856,123,127,-4,4
61857,91,90,1,1
61858,68,77,-9,9
61859,118,105,13,13
61860,98,101,-3,3
61861,108,104,4,4
61862,112,107,5,5
61863,80,70,10,10
61864,92,131,-39,39
61865,116,108,8,8
61866,56,60,-4,4
61867,127,126,1,1
61868,50,55,-5,5
61869,121,107,14,14
61870,157,150,7,7
61871,78,75,3,3
61872,85,76,9,9
61873,142,139,3,3
61874,42,50,-8,8
61875,62,65,-3,3
61876,61,64,-3,3
61877,75,79,-4,4
61878,82,85,-3,3
61879,107,103,4,4
61880,130,132,-2,2
61881,64,70,-6,6
61882,75,72,3,3
61883,109,103,6,6
61884,65,76,-11,11
61885,112,115,-3,3
61886,88,93,-5,5
61887,140,131,9,9
61888,132,124,8,8
61889,108,114,-6,6
61890,92,74,18,18
61891,63,60,3,3
61892,48,51,-3,3
61893,144,121,23,23
61894,104,102,2,2
61895,107,101,6,6
61896,52,65,-13,13
61897,73,73,0,0
61898,44,50,-6,6
61899,120,115,5,5
61900,87,82,5,5
61901,110,123,-13,13
61902,73,73,0,0
61903,79,87,-8,8
61904,57,61,-4,4
61905,68,69,-1,1
61906,81,97,-16,16
61907,63,60,3,3
61908,41,50,-9,9
61909,71,64,7,7
61910,106,109,-3,3
61911,105,95,10,10
61912,183,151,32,32
61913,111,116,-5,5
61914,137,132,5,5
61915,51,57,-6,6
61916,40,50,-10,10
61917,70,77,-7,7
61918,120,114,6,6
61919,57,64,-7,7
61920,66,60,6,6
61921,140,123,17,17
61922,71,79,-8,8
61923,96,94,2,2
61924,108,106,2,2
61925,134,148,-14,14
61926,97,95,2,2
61927,44,50,-6,6
61928,49,52,-3,3
61929,63,59,4,4
61930,97,101,-4,4
61931,38,50,-12,12
61932,68,64,4,4
61933,114,105,9,9
61934,105,109,-4,4
61935,36,50,-14,14
61936,69,59,10,10
61937,101,97,4,4
61938,155,144,11,11
61939,53,66,-13,13
61940,151,141,10,10
61941,65,62,3,3
61942,64,63,1,1
61943,181,164,17,17
61944,110,110,0,0
61945,93,96,-3,3
61946,183,169,14,14
61947,94,92,2,2
61948,91,91,0,0
61949,105,109,-4,4
61950,51,53,-2,2
61951,76,76,0,0
61952,60,72,-12,12
61953,72,68,4,4
61954,108,106,2,2
61955,119,115,4,4
61956,98,111,-13,13
61957,119,109,10,10
61958,122,116,6,6
61959,90,92,-2,2
61960,55,57,-2,2
61961,62,58,4,4
61962,41,58,-17,17
61963,86,83,3,3
61964,58,61,-3,3
61965,159,158,1,1
61966,84,85,-1,1
61967,101,100,1,1
61968,107,97,10,10
61969,150,143,7,7
61970,105,109,-4,4
61971,83,83,0,0
61972,78,88,-10,10
61973,51,56,-5,5
61974,83,94,-11,11
61975,111,111,0,0
61976,116,126,-10,10
61977,124,98,26,26
61978,116,110,6,6
61979,133,128,5,5
61980,143,134,9,9
61981,102,102,0,0
61982,94,96,-2,2
61983,66,65,1,1
61984,76,84,-8,8
61985,108,101,7,7
61986,69,61,8,8
61987,90,77,13,13
61988,65,75,-10,10
61989,157,157,0,0
61990,81,75,6,6
61991,116,120,-4,4
61992,94,93,1,1
61993,98,114,-16,16
61994,149,142,7,7
61995,87,88,-1,1
61996,124,123,1,1
61997,121,121,0,0
61998,157,142,15,15
61999,100,94,6,6
62000,129,130,-1,1
62001,97,96,1,1
62002,57,57,0,0
62003,108,103,5,5
62004,64,59,5,5
62005,195,172,23,23
62006,81,75,6,6
62007,92,89,3,3
62008,139,143,-4,4
62009,67,64,3,3
62010,78,85,-7,7
62011,56,61,-5,5
62012,90,89,1,1
62013,69,73,-4,4
62014,109,100,9,9
62015,67,65,2,2
62016,65,68,-3,3
62017,67,74,-7,7
62018,128,115,13,13
62019,101,95,6,6
62020,103,100,3,3
62021,66,62,4,4
62022,78,83,-5,5
62023,121,115,6,6
62024,99,103,-4,4
62025,69,57,12,12
62026,64,67,-3,3
62027,66,63,3,3
62028,76,79,-3,3
62029,91,91,0,0
62030,49,57,-8,8
62031,222,186,36,36
62032,71,62,9,9
62033,155,155,0,0
62034,80,82,-2,2
62035,94,74,20,20
62036,70,65,5,5
62037,106,105,1,1
62038,81,85,-4,4
62039,90,80,10,10
62040,73,74,-1,1
62041,65,59,6,6
62042,71,75,-4,4
62043,140,121,19,19
62044,109,114,-5,5
62045,72,69,3,3
62046,95,105,-10,10
62047,92,83,9,9
62048,104,108,-4,4
62049,74,75,-1,1
62050,102,101,1,1
62051,75,80,-5,5
62052,100,96,4,4
62053,111,116,-5,5
62054,52,52,0,0
62055,79,68,11,11
62056,99,94,5,5
62057,140,144,-4,4
62058,181,180,1,1
62059,106,98,8,8
62060,59,54,5,5
62061,129,119,10,10
62062,95,113,-18,18
62063,50,57,-7,7
62064,71,66,5,5
62065,46,60,-14,14
62066,103,109,-6,6
62067,82,84,-2,2
62068,114,105,9,9
62069,114,112,2,2
62070,92,94,-2,2
62071,74,79,-5,5
62072,102,103,-1,1
62073,104,101,3,3
62074,86,79,7,7
62075,51,75,-24,24
62076,86,82,4,4
62077,78,80,-2,2
62078,99,103,-4,4
62079,95,88,7,7
62080,82,80,2,2
62081,111,113,-2,2
62082,129,117,12,12
62083,90,111,-21,21
62084,139,137,2,2
62085,72,78,-6,6
62086,55,57,-2,2
62087,165,155,10,10
62088,115,116,-1,1
62089,61,70,-9,9
62090,84,77,7,7
62091,136,135,1,1
62092,83,77,6,6
62093,27,105,-78,78
62094,108,108,0,0
62095,147,133,14,14
62096,120,123,-3,3
62097,73,89,-16,16
62098,60,70,-10,10
62099,123,125,-2,2
62100,89,90,-1,1
62101,73,63,10,10
62102,64,65,-1,1
62103,62,61,1,1
62104,100,94,6,6
62105,100,91,9,9
62106,48,62,-14,14
62107,119,110,9,9
62108,53,54,-1,1
62109,142,144,-2,2
62110,58,59,-1,1
62111,100,107,-7,7
62112,77,77,0,0
62113,71,86,-15,15
62114,126,126,0,0
62115,50,53,-3,3
62116,205,169,36,36
62117,60,65,-5,5
62118,91,90,1,1
62119,70,75,-5,5
62120,90,94,-4,4
62121,159,153,6,6
62122,75,75,0,0
62123,116,95,21,21
62124,109,114,-5,5
62125,143,134,9,9
62126,112,104,8,8
62127,84,87,-3,3
62128,170,175,-5,5
62129,150,149,1,1
62130,109,102,7,7
62131,161,153,8,8
62132,99,104,-5,5
62133,127,113,14,14
62134,62,101,-39,39
62135,133,129,4,4
62136,101,109,-8,8
62137,127,120,7,7
62138,89,83,6,6
62139,95,90,5,5
62140,150,138,12,12
62141,49,53,-4,4
62142,92,90,2,2
62143,92,91,1,1
62144,38,51,-13,13
62145,145,151,-6,6
62146,156,160,-4,4
62147,125,122,3,3
62148,51,52,-1,1
62149,134,112,22,22
62150,92,102,-10,10
62151,85,95,-10,10
62152,60,60,0,0
62153,67,70,-3,3
62154,99,109,-10,10
62155,159,164,-5,5
62156,86,93,-7,7
62157,75,64,11,11
62158,42,50,-8,8
62159,71,76,-5,5
62160,136,143,-7,7
62161,67,77,-10,10
62162,112,108,4,4
62163,71,74,-3,3
62164,48,57,-9,9
62165,139,140,-1,1
62166,114,147,-33,33
62167,48,51,-3,3
62168,86,86,0,0
62169,119,113,6,6
62170,94,93,1,1
62171,105,107,-2,2
62172,104,95,9,9
62173,85,88,-3,3
62174,66,61,5,5
62175,93,89,4,4
62176,88,94,-6,6
62177,67,65,2,2
62178,91,98,-7,7
62179,110,110,0,0
62180,80,74,6,6
62181,98,106,-8,8
62182,126,125,1,1
62183,52,60,-8,8
62184,63,69,-6,6
62185,91,94,-3,3
62186,103,103,0,0
62187,68,69,-1,1
62188,73,79,-6,6
62189,95,97,-2,2
62190,100,97,3,3
62191,111,97,14,14
62192,100,107,-7,7
62193,75,79,-4,4
62194,84,90,-6,6
62195,75,74,1,1
62196,139,126,13,13
62197,105,109,-4,4
62198,84,96,-12,12
62199,137,124,13,13
62200,65,96,-31,31
62201,97,90,7,7
62202,78,81,-3,3
62203,122,126,-4,4
62204,72,76,-4,4
62205,80,97,-17,17
62206,132,119,13,13
62207,113,107,6,6
62208,121,117,4,4
62209,72,73,-1,1
62210,95,102,-7,7
62211,124,122,2,2
62212,122,120,2,2
62213,152,148,4,4
62214,105,99,6,6
62215,103,110,-7,7
62216,111,102,9,9
62217,60,62,-2,2
62218,75,96,-21,21
62219,69,72,-3,3
62220,85,76,9,9
62221,91,94,-3,3
62222,106,96,10,10
62223,76,85,-9,9
62224,43,51,-8,8
62225,65,61,4,4
62226,180,182,-2,2
62227,38,54,-16,16
62228,86,84,2,2
62229,77,77,0,0
62230,110,111,-1,1
62231,111,111,0,0
62232,134,125,9,9
62233,123,133,-10,10
62234,67,68,-1,1
62235,77,81,-4,4
62236,95,105,-10,10
62237,94,91,3,3
62238,131,127,4,4
62239,88,102,-14,14
62240,130,125,5,5
62241,78,77,1,1
62242,98,100,-2,2
62243,66,63,3,3
62244,63,64,-1,1
62245,85,82,3,3
62246,82,83,-1,1
62247,82,89,-7,7
62248,104,103,1,1
62249,120,116,4,4
62250,68,68,0,0
62251,108,112,-4,4
62252,101,96,5,5
62253,102,97,5,5
62254,161,162,-1,1
62255,48,56,-8,8
62256,82,91,-9,9
62257,134,130,4,4
62258,102,97,5,5
62259,47,52,-5,5
62260,101,78,23,23
62261,103,98,5,5
62262,158,146,12,12
62263,79,80,-1,1
62264,126,122,4,4
62265,72,75,-3,3
62266,103,104,-1,1
62267,86,96,-10,10
62268,73,83,-10,10
62269,150,144,6,6
62270,69,62,7,7
62271,89,83,6,6
62272,102,94,8,8
62273,89,89,0,0
62274,92,95,-3,3
62275,91,85,6,6
62276,69,68,1,1
62277,31,50,-19,19
62278,62,58,4,4
62279,74,76,-2,2
62280,73,65,8,8
62281,92,80,12,12
62282,68,71,-3,3
62283,121,113,8,8
62284,160,158,2,2
62285,124,121,3,3
62286,71,67,4,4
62287,98,88,10,10
62288,85,84,1,1
62289,93,84,9,9
62290,87,77,10,10
62291,210,178,32,32
62292,74,72,2,2
62293,84,88,-4,4
62294,141,139,2,2
62295,68,69,-1,1
62296,118,118,0,0
62297,75,77,-2,2
62298,150,148,2,2
62299,162,158,4,4
62300,59,58,1,1
62301,82,82,0,0
62302,118,112,6,6
62303,94,99,-5,5
62304,75,92,-17,17
62305,71,69,2,2
62306,131,125,6,6
62307,120,112,8,8
62308,91,94,-3,3
62309,112,103,9,9
62310,145,144,1,1
62311,93,84,9,9
62312,93,82,11,11
62313,89,77,12,12
62314,110,103,7,7
62315,78,75,3,3
62316,80,78,2,2
62317,133,132,1,1
62318,50,50,0,0
62319,82,81,1,1
62320,145,128,17,17
62321,126,109,17,17
62322,105,102,3,3
62323,159,154,5,5
62324,118,122,-4,4
62325,142,134,8,8
62326,108,100,8,8
62327,110,112,-2,2
62328,106,95,11,11
62329,119,118,1,1
62330,90,92,-2,2
62331,68,70,-2,2
62332,119,113,6,6
62333,162,154,8,8
62334,76,77,-1,1
62335,89,82,7,7
62336,57,61,-4,4
62337,79,79,0,0
62338,72,77,-5,5
62339,110,98,12,12
62340,82,79,3,3
62341,76,70,6,6
62342,68,74,-6,6
62343,79,103,-24,24
62344,64,66,-2,2
62345,151,134,17,17
62346,64,63,1,1
62347,110,104,6,6
62348,78,72,6,6
62349,123,119,4,4
62350,118,115,3,3
62351,58,64,-6,6
62352,140,133,7,7
62353,128,116,12,12
62354,57,53,4,4
62355,101,105,-4,4
62356,106,98,8,8
62357,71,77,-6,6
62358,61,58,3,3
62359,187,159,28,28
62360,123,110,13,13
62361,64,58,6,6
62362,59,61,-2,2
62363,83,82,1,1
62364,68,69,-1,1
62365,83,76,7,7
62366,111,105,6,6
62367,86,93,-7,7
62368,87,87,0,0
62369,97,94,3,3
62370,76,79,-3,3
62371,91,93,-2,2
62372,169,149,20,20
62373,51,52,-1,1
62374,57,69,-12,12
62375,168,170,-2,2
62376,93,70,23,23
62377,93,91,2,2
62378,98,85,13,13
62379,76,87,-11,11
62380,142,137,5,5
62381,60,60,0,0
62382,118,113,5,5
62383,40,59,-19,19
62384,68,60,8,8
62385,75,65,10,10
62386,97,93,4,4
62387,124,125,-1,1
62388,68,60,8,8
62389,89,84,5,5
62390,109,108,1,1
62391,53,54,-1,1
62392,112,108,4,4
62393,140,146,-6,6
62394,113,104,9,9
62395,105,115,-10,10
62396,69,65,4,4
62397,98,121,-23,23
62398,150,148,2,2
62399,93,92,1,1
62400,117,124,-7,7
62401,44,50,-6,6
62402,65,58,7,7
62403,78,70,8,8
62404,149,146,3,3
62405,75,72,3,3
62406,82,82,0,0
62407,93,88,5,5
62408,129,131,-2,2
62409,46,54,-8,8
62410,56,51,5,5
62411,99,83,16,16
62412,31,51,-20,20
62413,113,113,0,0
62414,167,172,-5,5
62415,113,115,-2,2
62416,171,174,-3,3
62417,71,73,-2,2
62418,103,103,0,0
62419,76,80,-4,4
62420,64,55,9,9
62421,105,108,-3,3
62422,176,170,6,6
62423,127,115,12,12
62424,118,106,12,12
62425,88,99,-11,11
62426,133,131,2,2
62427,84,96,-12,12
62428,108,110,-2,2
62429,72,68,4,4
62430,128,125,3,3
62431,36,50,-14,14
62432,116,105,11,11
62433,105,108,-3,3
62434,85,88,-3,3
62435,48,51,-3,3
62436,142,124,18,18
62437,78,62,16,16
62438,72,77,-5,5
62439,255,241,14,14
62440,113,117,-4,4
62441,98,89,9,9
62442,143,132,11,11
62443,85,106,-21,21
62444,111,112,-1,1
62445,106,101,5,5
62446,111,111,0,0
62447,84,79,5,5
62448,74,76,-2,2
62449,87,91,-4,4
62450,133,132,1,1
62451,111,117,-6,6
62452,78,78,0,0
62453,83,88,-5,5
62454,117,104,13,13
62455,97,93,4,4
62456,127,129,-2,2
62457,66,63,3,3
62458,124,115,9,9
62459,72,72,0,0
62460,108,98,10,10
62461,124,127,-3,3
62462,137,118,19,19
62463,84,84,0,0
62464,175,176,-1,1
62465,32,50,-18,18
62466,127,113,14,14
62467,139,140,-1,1
62468,84,102,-18,18
62469,138,145,-7,7
62470,147,146,1,1
62471,49,55,-6,6
62472,87,83,4,4
62473,71,73,-2,2
62474,89,77,12,12
62475,122,121,1,1
62476,110,115,-5,5
62477,112,112,0,0
62478,161,148,13,13
62479,78,88,-10,10
62480,84,87,-3,3
62481,96,86,10,10
62482,83,83,0,0
62483,166,143,23,23
62484,69,64,5,5
62485,48,50,-2,2
62486,84,72,12,12
62487,113,96,17,17
62488,89,91,-2,2
62489,51,53,-2,2
62490,101,103,-2,2
62491,70,68,2,2
62492,107,99,8,8
62493,99,95,4,4
62494,142,133,9,9
62495,123,110,13,13
62496,81,79,2,2
62497,60,58,2,2
62498,139,130,9,9
62499,93,89,4,4
62500,123,133,-10,10
62501,101,76,25,25
62502,128,127,1,1
62503,72,71,1,1
62504,134,122,12,12
62505,89,90,-1,1
62506,162,153,9,9
62507,129,111,18,18
62508,97,94,3,3
62509,63,72,-9,9
62510,88,89,-1,1
62511,47,51,-4,4
62512,163,153,10,10
62513,169,175,-6,6
62514,88,84,4,4
62515,116,113,3,3
62516,68,68,0,0
62517,66,67,-1,1
62518,75,79,-4,4
62519,79,85,-6,6
62520,132,132,0,0
62521,64,68,-4,4
62522,154,145,9,9
62523,159,129,30,30
62524,97,98,-1,1
62525,151,146,5,5
62526,64,64,0,0
62527,86,75,11,11
62528,86,104,-18,18
62529,105,102,3,3
62530,135,134,1,1
62531,78,88,-10,10
62532,180,161,19,19
62533,126,115,11,11
62534,115,117,-2,2
62535,95,106,-11,11
62536,123,109,14,14
62537,49,66,-17,17
62538,94,100,-6,6
62539,170,169,1,1
62540,92,89,3,3
62541,101,105,-4,4
62542,93,96,-3,3
62543,123,139,-16,16
62544,83,72,11,11
62545,122,105,17,17
62546,109,122,-13,13
62547,67,59,8,8
62548,59,59,0,0
62549,79,70,9,9
62550,82,87,-5,5
62551,69,66,3,3
62552,83,92,-9,9
62553,116,107,9,9
62554,202,177,25,25
62555,92,101,-9,9
62556,95,86,9,9
62557,104,108,-4,4
62558,124,117,7,7
62559,203,187,16,16
62560,95,93,2,2
62561,131,128,3,3
62562,42,50,-8,8
62563,106,87,19,19
62564,40,51,-11,11
62565,81,83,-2,2
62566,125,111,14,14
62567,82,82,0,0
62568,121,114,7,7
62569,85,96,-11,11
62570,104,94,10,10
62571,82,78,4,4
62572,76,73,3,3
62573,60,61,-1,1
62574,91,75,16,16
62575,96,83,13,13
62576,118,116,2,2
62577,101,95,6,6
62578,140,142,-2,2
62579,153,152,1,1
62580,115,124,-9,9
62581,38,59,-21,21
62582,74,75,-1,1
62583,28,58,-30,30
62584,65,67,-2,2
62585,113,120,-7,7
62586,109,110,-1,1
62587,93,93,0,0
62588,87,83,4,4
62589,54,55,-1,1
62590,125,121,4,4
62591,141,140,1,1
62592,114,120,-6,6
62593,122,117,5,5
62594,138,137,1,1
62595,98,94,4,4
62596,84,83,1,1
62597,118,117,1,1
62598,114,108,6,6
62599,69,73,-4,4
62600,47,58,-11,11
62601,72,60,12,12
62602,72,60,12,12
62603,85,86,-1,1
62604,48,51,-3,3
62605,96,92,4,4
62606,90,89,1,1
62607,99,92,7,7
62608,122,127,-5,5
62609,60,65,-5,5
62610,80,87,-7,7
62611,79,85,-6,6
62612,54,54,0,0
62613,90,92,-2,2
62614,84,87,-3,3
62615,98,98,0,0
62616,106,103,3,3
62617,70,77,-7,7
62618,93,83,10,10
62619,81,79,2,2
62620,108,103,5,5
62621,66,66,0,0
62622,92,88,4,4
62623,58,54,4,4
62624,80,77,3,3
62625,72,74,-2,2
62626,92,87,5,5
62627,114,119,-5,5
62628,149,136,13,13
62629,85,80,5,5
62630,61,55,6,6
62631,104,94,10,10
62632,100,92,8,8
62633,132,129,3,3
62634,132,124,8,8
62635,114,101,13,13
62636,89,90,-1,1
62637,52,52,0,0
62638,51,52,-1,1
62639,109,111,-2,2
62640,112,122,-10,10
62641,80,76,4,4
62642,158,178,-20,20
62643,103,92,11,11
62644,59,59,0,0
62645,118,108,10,10
62646,114,109,5,5
62647,101,96,5,5
62648,64,66,-2,2
62649,75,75,0,0
62650,110,95,15,15
62651,168,181,-13,13
62652,109,99,10,10
62653,106,106,0,0
62654,32,77,-45,45
62655,86,92,-6,6
62656,185,151,34,34
62657,125,133,-8,8
62658,48,55,-7,7
62659,128,129,-1,1
62660,138,141,-3,3
62661,75,67,8,8
62662,84,104,-20,20
62663,115,100,15,15
62664,58,70,-12,12
62665,97,97,0,0
62666,152,136,16,16
62667,94,98,-4,4
62668,114,111,3,3
62669,130,137,-7,7
62670,61,61,0,0
62671,185,168,17,17
62672,110,109,1,1
62673,58,58,0,0
62674,79,87,-8,8
62675,79,76,3,3
62676,93,87,6,6
62677,129,126,3,3
62678,134,130,4,4
62679,98,104,-6,6
62680,162,160,2,2
62681,83,83,0,0
62682,107,93,14,14
62683,98,103,-5,5
62684,131,117,14,14
62685,57,53,4,4
62686,153,140,13,13
62687,126,123,3,3
62688,89,88,1,1
62689,68,65,3,3
62690,131,121,10,10
62691,68,77,-9,9
62692,94,86,8,8
62693,135,122,13,13
62694,96,97,-1,1
62695,95,102,-7,7
62696,90,87,3,3
62697,55,59,-4,4
62698,108,114,-6,6
62699,36,50,-14,14
62700,73,67,6,6
62701,73,83,-10,10
62702,102,98,4,4
62703,52,53,-1,1
62704,22,82,-60,60
62705,102,90,12,12
62706,136,121,15,15
62707,83,85,-2,2
62708,76,76,0,0
62709,135,133,2,2
62710,116,119,-3,3
62711,69,71,-2,2
62712,42,51,-9,9
62713,86,73,13,13
62714,131,117,14,14
62715,119,116,3,3
62716,65,65,0,0
62717,100,108,-8,8
62718,65,67,-2,2
62719,73,74,-1,1
62720,63,63,0,0
62721,115,152,-37,37
62722,164,148,16,16
62723,146,147,-1,1
62724,64,65,-1,1
62725,101,96,5,5
62726,124,119,5,5
62727,74,82,-8,8
62728,92,76,16,16
62729,90,89,1,1
62730,93,91,2,2
62731,76,81,-5,5
62732,133,135,-2,2
62733,54,56,-2,2
62734,147,121,26,26
62735,107,111,-4,4
62736,132,119,13,13
62737,129,117,12,12
62738,95,90,5,5
62739,78,89,-11,11
62740,93,86,7,7
62741,85,94,-9,9
62742,138,151,-13,13
62743,106,108,-2,2
62744,45,51,-6,6
62745,50,56,-6,6
62746,55,59,-4,4
62747,44,56,-12,12
62748,70,71,-1,1
62749,125,121,4,4
62750,82,81,1,1
62751,80,78,2,2
62752,120,119,1,1
62753,100,97,3,3
62754,70,65,5,5
62755,65,65,0,0
62756,96,101,-5,5
62757,93,92,1,1
62758,106,99,7,7
62759,168,153,15,15
62760,169,161,8,8
62761,95,81,14,14
62762,95,97,-2,2
62763,81,73,8,8
62764,65,68,-3,3
62765,64,79,-15,15
62766,62,74,-12,12
62767,119,117,2,2
62768,93,88,5,5
62769,77,73,4,4
62770,141,140,1,1
62771,66,68,-2,2
62772,76,91,-15,15
62773,148,142,6,6
62774,57,70,-13,13
62775,78,73,5,5
62776,134,113,21,21
62777,133,125,8,8
62778,66,67,-1,1
62779,75,69,6,6
62780,97,93,4,4
62781,131,124,7,7
62782,171,164,7,7
62783,222,207,15,15
62784,102,105,-3,3
62785,60,60,0,0
62786,144,147,-3,3
62787,43,52,-9,9
62788,82,78,4,4
62789,84,83,1,1
62790,92,96,-4,4
62791,94,70,24,24
62792,179,178,1,1
62793,119,118,1,1
62794,61,65,-4,4
62795,93,100,-7,7
62796,53,54,-1,1
62797,142,142,0,0
62798,69,66,3,3
62799,90,93,-3,3
62800,139,138,1,1
62801,90,109,-19,19
62802,56,57,-1,1
62803,113,118,-5,5
62804,91,89,2,2
62805,86,85,1,1
62806,111,105,6,6
62807,74,66,8,8
62808,139,128,11,11
62809,96,86,10,10
62810,105,100,5,5
62811,139,138,1,1
62812,61,64,-3,3
62813,70,71,-1,1
62814,70,76,-6,6
62815,61,58,3,3
62816,127,134,-7,7
62817,92,101,-9,9
62818,120,108,12,12
62819,52,54,-2,2
62820,86,86,0,0
62821,62,59,3,3
62822,101,123,-22,22
62823,85,101,-16,16
62824,96,102,-6,6
62825,105,105,0,0
62826,122,120,2,2
62827,116,112,4,4
62828,98,81,17,17
62829,154,148,6,6
62830,100,93,7,7
62831,164,155,9,9
62832,162,155,7,7
62833,136,143,-7,7
62834,62,68,-6,6
62835,178,170,8,8
62836,109,92,17,17
62837,121,107,14,14
62838,108,121,-13,13
62839,84,84,0,0
62840,131,117,14,14
62841,122,108,14,14
62842,64,71,-7,7
62843,84,84,0,0
62844,72,74,-2,2
62845,185,166,19,19
62846,77,76,1,1
62847,137,158,-21,21
62848,93,102,-9,9
62849,86,96,-10,10
62850,144,126,18,18
62851,78,83,-5,5
62852,61,65,-4,4
62853,129,116,13,13
62854,52,63,-11,11
62855,195,182,13,13
62856,87,90,-3,3
62857,101,105,-4,4
62858,103,101,2,2
62859,169,159,10,10
62860,104,101,3,3
62861,80,76,4,4
62862,40,55,-15,15
62863,90,93,-3,3
62864,89,96,-7,7
62865,105,101,4,4
62866,86,92,-6,6
62867,133,125,8,8
62868,89,86,3,3
62869,64,60,4,4
62870,94,105,-11,11
62871,86,94,-8,8
62872,128,122,6,6
62873,53,56,-3,3
62874,91,78,13,13
62875,74,71,3,3
62876,64,64,0,0
62877,81,69,12,12
62878,66,65,1,1
62879,76,68,8,8
62880,91,89,2,2
62881,76,73,3,3
62882,109,99,10,10
62883,77,73,4,4
62884,76,77,-1,1
62885,110,97,13,13
62886,88,85,3,3
62887,120,113,7,7
62888,127,124,3,3
62889,106,109,-3,3
62890,201,187,14,14
62891,111,110,1,1
62892,231,210,21,21
62893,59,64,-5,5
62894,150,140,10,10
62895,141,133,8,8
62896,62,57,5,5
62897,191,188,3,3
62898,119,118,1,1
62899,72,79,-7,7
62900,103,103,0,0
62901,79,86,-7,7
62902,106,108,-2,2
62903,104,119,-15,15
62904,88,95,-7,7
62905,78,86,-8,8
62906,81,91,-10,10
62907,98,102,-4,4
62908,123,121,2,2
62909,142,140,2,2
62910,74,71,3,3
62911,163,151,12,12
62912,102,91,11,11
62913,60,60,0,0
62914,133,115,18,18
62915,59,58,1,1
62916,47,55,-8,8
62917,86,89,-3,3
62918,124,115,9,9
62919,28,50,-22,22
62920,59,61,-2,2
62921,124,137,-13,13
62922,105,102,3,3
62923,103,94,9,9
62924,80,80,0,0
62925,82,78,4,4
62926,84,80,4,4
62927,128,125,3,3
62928,101,107,-6,6
62929,72,71,1,1
62930,89,80,9,9
62931,119,116,3,3
62932,181,175,6,6
62933,146,144,2,2
62934,58,59,-1,1
62935,80,69,11,11
62936,37,51,-14,14
62937,45,55,-10,10
62938,95,105,-10,10
62939,108,106,2,2
62940,79,74,5,5
62941,85,73,12,12
62942,53,61,-8,8
62943,211,193,18,18
62944,103,102,1,1
62945,77,75,2,2
62946,75,70,5,5
62947,95,94,1,1
62948,102,93,9,9
62949,77,79,-2,2
62950,54,60,-6,6
62951,110,106,4,4
62952,121,114,7,7
62953,89,74,15,15
62954,93,98,-5,5
62955,44,52,-8,8
62956,84,95,-11,11
62957,135,125,10,10
62958,66,58,8,8
62959,104,114,-10,10
62960,141,131,10,10
62961,98,93,5,5
62962,90,97,-7,7
62963,115,110,5,5
62964,109,109,0,0
62965,69,76,-7,7
62966,64,58,6,6
62967,185,167,18,18
62968,114,111,3,3
62969,191,173,18,18
62970,49,51,-2,2
62971,83,87,-4,4
62972,100,100,0,0
62973,98,91,7,7
62974,69,79,-10,10
62975,103,91,12,12
62976,148,152,-4,4
62977,81,72,9,9
62978,151,150,1,1
62979,70,63,7,7
62980,88,83,5,5
62981,93,98,-5,5
62982,60,79,-19,19
62983,88,81,7,7
62984,63,66,-3,3
62985,92,82,10,10
62986,108,112,-4,4
62987,78,91,-13,13
62988,156,141,15,15
62989,63,62,1,1
62990,58,62,-4,4
62991,38,50,-12,12
62992,107,100,7,7
62993,101,95,6,6
62994,65,67,-2,2
62995,120,123,-3,3
62996,101,89,12,12
62997,106,95,11,11
62998,72,69,3,3
62999,127,117,10,10
63000,65,67,-2,2
63001,126,112,14,14
63002,113,114,-1,1
63003,104,114,-10,10
63004,152,143,9,9
63005,57,59,-2,2
63006,83,76,7,7
63007,101,104,-3,3
63008,81,81,0,0
63009,54,64,-10,10
63010,80,76,4,4
63011,83,88,-5,5
63012,31,51,-20,20
63013,64,64,0,0
63014,159,161,-2,2
63015,133,128,5,5
63016,116,123,-7,7
63017,57,54,3,3
63018,99,93,6,6
63019,62,54,8,8
63020,90,87,3,3
63021,117,114,3,3
63022,142,129,13,13
63023,177,161,16,16
63024,59,60,-1,1
63025,89,100,-11,11
63026,69,64,5,5
63027,63,70,-7,7
63028,46,73,-27,27
63029,136,142,-6,6
63030,105,120,-15,15
63031,127,133,-6,6
63032,66,72,-6,6
63033,138,135,3,3
63034,71,72,-1,1
63035,97,97,0,0
63036,112,114,-2,2
63037,77,82,-5,5
63038,57,60,-3,3
63039,84,89,-5,5
63040,85,78,7,7
63041,111,103,8,8
63042,123,119,4,4
63043,110,115,-5,5
63044,114,118,-4,4
63045,111,135,-24,24
63046,71,82,-11,11
63047,93,87,6,6
63048,343,320,23,23
63049,72,72,0,0
63050,186,162,24,24
63051,62,61,1,1
63052,79,81,-2,2
63053,129,134,-5,5
63054,121,136,-15,15
63055,105,100,5,5
63056,157,147,10,10
63057,115,108,7,7
63058,78,74,4,4
63059,179,187,-8,8
63060,80,75,5,5
63061,113,118,-5,5
63062,87,92,-5,5
63063,95,97,-2,2
63064,95,100,-5,5
63065,104,102,2,2
63066,88,87,1,1
63067,61,66,-5,5
63068,63,57,6,6
63069,87,104,-17,17
63070,157,166,-9,9
63071,92,120,-28,28
63072,53,55,-2,2
63073,128,123,5,5
63074,114,113,1,1
63075,95,92,3,3
63076,102,102,0,0
63077,120,122,-2,2
63078,110,119,-9,9
63079,207,192,15,15
63080,103,102,1,1
63081,55,55,0,0
63082,98,97,1,1
63083,99,99,0,0
63084,94,97,-3,3
63085,82,92,-10,10
63086,60,85,-25,25
63087,95,105,-10,10
63088,113,103,10,10
63089,113,112,1,1
63090,105,97,8,8
63091,80,67,13,13
63092,104,109,-5,5
63093,97,95,2,2
63094,62,61,1,1
63095,62,76,-14,14
63096,85,92,-7,7
63097,114,113,1,1
63098,72,63,9,9
63099,82,78,4,4
63100,94,87,7,7
63101,90,94,-4,4
63102,110,100,10,10
63103,90,85,5,5
63104,80,82,-2,2
63105,109,97,12,12
63106,61,64,-3,3
63107,185,179,6,6
63108,117,118,-1,1
63109,139,135,4,4
63110,56,57,-1,1
63111,74,69,5,5
63112,107,111,-4,4
63113,78,87,-9,9
63114,51,54,-3,3
63115,87,87,0,0
63116,114,111,3,3
63117,83,81,2,2
63118,137,127,10,10
63119,117,114,3,3
63120,87,94,-7,7
63121,69,75,-6,6
63122,86,91,-5,5
63123,150,152,-2,2
63124,162,157,5,5
63125,87,89,-2,2
63126,68,65,3,3
63127,68,67,1,1
63128,126,100,26,26
63129,109,100,9,9
63130,106,116,-10,10
63131,114,111,3,3
63132,136,142,-6,6
63133,128,109,19,19
63134,109,114,-5,5
63135,114,115,-1,1
63136,102,105,-3,3
63137,144,134,10,10
63138,52,55,-3,3
63139,73,84,-11,11
63140,116,111,5,5
63141,111,96,15,15
63142,106,109,-3,3
63143,125,125,0,0
63144,119,100,19,19
63145,77,80,-3,3
63146,78,75,3,3
63147,62,61,1,1
63148,80,87,-7,7
63149,101,104,-3,3
63150,130,134,-4,4
63151,165,151,14,14
63152,88,77,11,11
63153,97,99,-2,2
63154,125,114,11,11
63155,55,56,-1,1
63156,76,82,-6,6
63157,124,130,-6,6
63158,82,85,-3,3
63159,60,64,-4,4
63160,107,104,3,3
63161,109,110,-1,1
63162,162,150,12,12
63163,95,116,-21,21
63164,54,54,0,0
63165,125,120,5,5
63166,107,98,9,9
63167,74,66,8,8
63168,155,148,7,7
63169,77,83,-6,6
63170,80,73,7,7
63171,122,126,-4,4
63172,71,76,-5,5
63173,112,103,9,9
63174,61,63,-2,2
63175,88,93,-5,5
63176,171,151,20,20
63177,98,91,7,7
63178,59,64,-5,5
63179,150,149,1,1
63180,94,95,-1,1
63181,112,111,1,1
63182,113,94,19,19
63183,92,91,1,1
63184,121,120,1,1
63185,101,97,4,4
63186,82,79,3,3
63187,125,110,15,15
63188,74,74,0,0
63189,68,65,3,3
63190,104,107,-3,3
63191,80,77,3,3
63192,101,92,9,9
63193,96,102,-6,6
63194,96,94,2,2
63195,79,87,-8,8
63196,75,73,2,2
63197,121,118,3,3
63198,173,161,12,12
63199,123,115,8,8
63200,124,117,7,7
63201,123,118,5,5
63202,129,129,0,0
63203,119,105,14,14
63204,107,110,-3,3
63205,117,110,7,7
63206,74,76,-2,2
63207,72,77,-5,5
63208,92,101,-9,9
63209,102,95,7,7
63210,123,131,-8,8
63211,119,126,-7,7
63212,71,73,-2,2
63213,64,71,-7,7
63214,108,106,2,2
63215,140,127,13,13
63216,90,90,0,0
63217,128,112,16,16
63218,99,99,0,0
63219,82,96,-14,14
63220,156,151,5,5
63221,137,131,6,6
63222,78,68,10,10
63223,95,96,-1,1
63224,82,96,-14,14
63225,90,93,-3,3
63226,64,64,0,0
63227,73,79,-6,6
63228,53,61,-8,8
63229,123,122,1,1
63230,62,64,-2,2
63231,92,98,-6,6
63232,123,116,7,7
63233,125,115,10,10
63234,41,50,-9,9
63235,187,178,9,9
63236,91,90,1,1
63237,76,78,-2,2
63238,176,163,13,13
63239,93,100,-7,7
63240,87,90,-3,3
63241,89,94,-5,5
63242,88,82,6,6
63243,99,88,11,11
63244,134,117,17,17
63245,95,94,1,1
63246,105,106,-1,1
63247,42,54,-12,12
63248,96,88,8,8
63249,50,62,-12,12
63250,63,64,-1,1
63251,95,106,-11,11
63252,99,95,4,4
63253,109,114,-5,5
63254,133,119,14,14
63255,90,82,8,8
63256,71,71,0,0
63257,58,79,-21,21
63258,173,164,9,9
63259,77,71,6,6
63260,88,80,8,8
63261,72,72,0,0
63262,116,109,7,7
63263,61,63,-2,2
63264,94,84,10,10
63265,117,123,-6,6
63266,114,114,0,0
63267,147,139,8,8
63268,125,117,8,8
63269,100,99,1,1
63270,101,93,8,8
63271,112,111,1,1
63272,94,83,11,11
63273,119,110,9,9
63274,154,151,3,3
63275,82,82,0,0
63276,58,63,-5,5
63277,131,109,22,22
63278,82,90,-8,8
63279,96,95,1,1
63280,80,69,11,11
63281,118,120,-2,2
63282,51,62,-11,11
63283,164,156,8,8
63284,77,104,-27,27
63285,144,145,-1,1
63286,132,134,-2,2
63287,89,89,0,0
63288,78,67,11,11
63289,51,58,-7,7
63290,100,105,-5,5
63291,108,107,1,1
63292,143,129,14,14
63293,88,84,4,4
63294,67,65,2,2
63295,121,125,-4,4
63296,90,83,7,7
63297,65,64,1,1
63298,79,79,0,0
63299,144,136,8,8
63300,55,59,-4,4
63301,78,80,-2,2
63302,82,91,-9,9
63303,78,76,2,2
63304,160,159,1,1
63305,89,80,9,9
63306,101,107,-6,6
63307,114,96,18,18
63308,86,78,8,8
63309,155,156,-1,1
63310,105,109,-4,4
63311,76,70,6,6
63312,149,141,8,8
63313,99,110,-11,11
63314,120,109,11,11
63315,69,69,0,0
63316,102,101,1,1
63317,59,55,4,4
63318,54,63,-9,9
63319,107,98,9,9
63320,60,59,1,1
63321,70,64,6,6
63322,219,208,11,11
63323,83,80,3,3
63324,68,65,3,3
63325,89,91,-2,2
63326,68,76,-8,8
63327,108,113,-5,5
63328,94,98,-4,4
63329,90,92,-2,2
63330,171,163,8,8
63331,35,50,-15,15
63332,39,51,-12,12
63333,80,116,-36,36
63334,69,69,0,0
63335,109,108,1,1
63336,112,120,-8,8
63337,127,128,-1,1
63338,87,85,2,2
63339,60,119,-59,59
63340,67,72,-5,5
63341,151,143,8,8
63342,115,110,5,5
63343,86,91,-5,5
63344,97,85,12,12
63345,128,119,9,9
63346,137,119,18,18
63347,102,100,2,2
63348,76,80,-4,4
63349,33,50,-17,17
63350,89,87,2,2
63351,68,64,4,4
63352,55,57,-2,2
63353,104,106,-2,2
63354,98,100,-2,2
63355,67,64,3,3
63356,103,98,5,5
63357,87,86,1,1
63358,92,91,1,1
63359,97,83,14,14
63360,144,136,8,8
63361,94,107,-13,13
63362,95,82,13,13
63363,131,118,13,13
63364,102,93,9,9
63365,132,129,3,3
63366,83,85,-2,2
63367,127,130,-3,3
63368,71,67,4,4
63369,86,85,1,1
63370,202,180,22,22
63371,181,167,14,14
63372,129,129,0,0
63373,112,109,3,3
63374,118,115,3,3
63375,46,50,-4,4
63376,120,105,15,15
63377,55,66,-11,11
63378,141,132,9,9
63379,92,87,5,5
63380,137,136,1,1
63381,59,59,0,0
63382,192,195,-3,3
63383,144,146,-2,2
63384,91,93,-2,2
63385,111,112,-1,1
63386,52,54,-2,2
63387,135,125,10,10
63388,43,59,-16,16
63389,138,122,16,16
63390,159,147,12,12
63391,88,93,-5,5
63392,63,61,2,2
63393,90,92,-2,2
63394,101,94,7,7
63395,72,69,3,3
63396,64,61,3,3
63397,81,76,5,5
63398,94,93,1,1
63399,125,129,-4,4
63400,64,63,1,1
63401,68,67,1,1
63402,77,85,-8,8
63403,125,125,0,0
63404,68,68,0,0
63405,131,132,-1,1
63406,72,68,4,4
63407,113,106,7,7
63408,136,140,-4,4
63409,136,124,12,12
63410,129,115,14,14
63411,118,110,8,8
63412,79,75,4,4
63413,98,94,4,4
63414,117,115,2,2
63415,98,104,-6,6
63416,30,53,-23,23
63417,76,71,5,5
63418,87,79,8,8
63419,110,103,7,7
63420,80,83,-3,3
63421,48,61,-13,13
63422,120,114,6,6
63423,98,104,-6,6
63424,43,51,-8,8
63425,84,81,3,3
63426,62,62,0,0
63427,165,165,0,0
63428,56,59,-3,3
63429,85,83,2,2
63430,109,98,11,11
63431,149,138,11,11
63432,55,56,-1,1
63433,89,92,-3,3
63434,68,75,-7,7
63435,68,65,3,3
63436,146,143,3,3
63437,112,109,3,3
63438,104,96,8,8
63439,49,57,-8,8
63440,67,63,4,4
63441,70,87,-17,17
63442,109,102,7,7
63443,56,56,0,0
63444,148,143,5,5
63445,97,100,-3,3
63446,79,81,-2,2
63447,116,107,9,9
63448,97,96,1,1
63449,79,78,1,1
63450,74,68,6,6
63451,67,59,8,8
63452,118,112,6,6
63453,72,76,-4,4
63454,128,105,23,23
63455,113,114,-1,1
63456,103,110,-7,7
63457,86,92,-6,6
63458,59,64,-5,5
63459,114,123,-9,9
63460,125,132,-7,7
63461,105,102,3,3
63462,70,64,6,6
63463,147,137,10,10
63464,90,81,9,9
63465,81,89,-8,8
63466,65,75,-10,10
63467,63,61,2,2
63468,110,110,0,0
63469,108,97,11,11
63470,62,77,-15,15
63471,107,102,5,5
63472,47,51,-4,4
63473,76,76,0,0
63474,92,92,0,0
63475,129,127,2,2
63476,87,89,-2,2
63477,90,79,11,11
63478,75,76,-1,1
63479,69,71,-2,2
63480,61,64,-3,3
63481,76,72,4,4
63482,49,52,-3,3
63483,133,122,11,11
63484,147,149,-2,2
63485,115,101,14,14
63486,88,96,-8,8
63487,70,69,1,1
63488,77,76,1,1
63489,64,60,4,4
63490,182,165,17,17
63491,103,95,8,8
63492,91,96,-5,5
63493,104,102,2,2
63494,67,61,6,6
63495,90,94,-4,4
63496,81,84,-3,3
63497,140,134,6,6
63498,64,66,-2,2
63499,132,131,1,1
63500,64,62,2,2
63501,117,115,2,2
63502,86,96,-10,10
63503,216,193,23,23
63504,129,119,10,10
63505,107,106,1,1
63506,114,109,5,5
63507,99,91,8,8
63508,232,199,33,33
63509,81,83,-2,2
63510,117,117,0,0
63511,142,138,4,4
63512,33,50,-17,17
63513,80,82,-2,2
63514,95,86,9,9
63515,84,79,5,5
63516,111,118,-7,7
63517,53,58,-5,5
63518,47,58,-11,11
63519,80,81,-1,1
63520,81,77,4,4
63521,74,70,4,4
63522,49,55,-6,6
63523,124,109,15,15
63524,98,93,5,5
63525,155,156,-1,1
63526,58,58,0,0
63527,111,104,7,7
63528,99,113,-14,14
63529,124,116,8,8
63530,62,65,-3,3
63531,55,62,-7,7
63532,72,70,2,2
63533,62,65,-3,3
63534,74,69,5,5
63535,76,64,12,12
63536,102,99,3,3
63537,87,88,-1,1
63538,136,129,7,7
63539,89,83,6,6
63540,68,66,2,2
63541,67,69,-2,2
63542,97,102,-5,5
63543,123,114,9,9
63544,170,155,15,15
63545,120,121,-1,1
63546,110,115,-5,5
63547,100,97,3,3
63548,37,50,-13,13
63549,84,69,15,15
63550,62,62,0,0
63551,145,135,10,10
63552,106,104,2,2
63553,115,108,7,7
63554,126,128,-2,2
63555,141,152,-11,11
63556,92,88,4,4
63557,110,109,1,1
63558,59,67,-8,8
63559,90,83,7,7
63560,77,76,1,1
63561,70,71,-1,1
63562,77,73,4,4
63563,79,72,7,7
63564,154,145,9,9
63565,137,141,-4,4
63566,106,108,-2,2
63567,116,110,6,6
63568,119,108,11,11
63569,65,59,6,6
63570,139,133,6,6
63571,145,133,12,12
63572,141,138,3,3
63573,119,111,8,8
63574,70,75,-5,5
63575,78,77,1,1
63576,75,61,14,14
63577,100,95,5,5
63578,163,152,11,11
63579,162,156,6,6
63580,153,146,7,7
63581,94,98,-4,4
63582,74,71,3,3
63583,88,89,-1,1
63584,67,70,-3,3
63585,100,111,-11,11
63586,117,122,-5,5
63587,80,76,4,4
63588,95,84,11,11
63589,77,76,1,1
63590,121,113,8,8
63591,141,134,7,7
63592,83,73,10,10
63593,55,59,-4,4
63594,87,78,9,9
63595,76,79,-3,3
63596,116,104,12,12
63597,162,191,-29,29
63598,114,110,4,4
63599,79,79,0,0
63600,117,123,-6,6
63601,54,57,-3,3
63602,87,90,-3,3
63603,124,122,2,2
63604,101,98,3,3
63605,53,56,-3,3
63606,133,130,3,3
63607,75,90,-15,15
63608,78,90,-12,12
63609,69,81,-12,12
63610,40,50,-10,10
63611,84,80,4,4
63612,94,95,-1,1
63613,75,68,7,7
63614,95,96,-1,1
63615,82,98,-16,16
63616,75,72,3,3
63617,141,118,23,23
63618,98,101,-3,3
63619,101,111,-10,10
63620,49,52,-3,3
63621,45,50,-5,5
63622,94,95,-1,1
63623,132,111,21,21
63624,122,108,14,14
63625,96,100,-4,4
63626,89,83,6,6
63627,114,114,0,0
63628,112,106,6,6
63629,55,64,-9,9
63630,63,63,0,0
63631,133,114,19,19
63632,71,81,-10,10
63633,81,72,9,9
63634,104,109,-5,5
63635,97,79,18,18
63636,103,111,-8,8
63637,110,99,11,11
63638,91,92,-1,1
63639,60,60,0,0
63640,58,63,-5,5
63641,91,90,1,1
63642,69,72,-3,3
63643,75,86,-11,11
63644,175,177,-2,2
63645,62,62,0,0
63646,121,120,1,1
63647,64,62,2,2
63648,103,98,5,5
63649,109,80,29,29
63650,111,100,11,11
63651,87,81,6,6
63652,146,135,11,11
63653,68,70,-2,2
63654,69,70,-1,1
63655,79,81,-2,2
63656,111,120,-9,9
63657,72,69,3,3
63658,110,104,6,6
63659,106,106,0,0
63660,112,102,10,10
63661,85,75,10,10
63662,153,155,-2,2
63663,102,83,19,19
63664,75,80,-5,5
63665,123,114,9,9
63666,80,94,-14,14
63667,81,85,-4,4
63668,76,77,-1,1
63669,107,132,-25,25
63670,163,157,6,6
63671,75,84,-9,9
63672,83,81,2,2
63673,72,66,6,6
63674,73,75,-2,2
63675,47,61,-14,14
63676,127,122,5,5
63677,31,50,-19,19
63678,88,81,7,7
63679,131,131,0,0
63680,140,152,-12,12
63681,172,169,3,3
63682,86,80,6,6
63683,137,130,7,7
63684,108,105,3,3
63685,67,70,-3,3
63686,157,173,-16,16
63687,42,53,-11,11
63688,81,84,-3,3
63689,96,87,9,9
63690,189,182,7,7
63691,97,108,-11,11
63692,82,85,-3,3
63693,105,91,14,14
63694,107,95,12,12
63695,81,82,-1,1
63696,44,50,-6,6
63697,93,95,-2,2
63698,63,61,2,2
63699,46,92,-46,46
63700,128,134,-6,6
63701,133,137,-4,4
63702,40,50,-10,10
63703,119,111,8,8
63704,100,92,8,8
63705,96,92,4,4
63706,84,86,-2,2
63707,188,185,3,3
63708,66,68,-2,2
63709,145,143,2,2
63710,50,58,-8,8
63711,74,73,1,1
63712,82,84,-2,2
63713,92,89,3,3
63714,131,127,4,4
63715,69,67,2,2
63716,97,87,10,10
63717,137,132,5,5
63718,98,99,-1,1
63719,67,70,-3,3
63720,107,113,-6,6
63721,49,51,-2,2
63722,76,74,2,2
63723,66,65,1,1
63724,170,157,13,13
63725,101,105,-4,4
63726,95,78,17,17
63727,76,73,3,3
63728,82,78,4,4
63729,84,79,5,5
63730,106,104,2,2
63731,64,77,-13,13
63732,91,89,2,2
63733,86,84,2,2
63734,54,53,1,1
63735,82,96,-14,14
63736,89,92,-3,3
63737,97,96,1,1
63738,161,149,12,12
63739,48,50,-2,2
63740,109,105,4,4
63741,159,149,10,10
63742,106,110,-4,4
63743,181,157,24,24
63744,129,134,-5,5
63745,101,108,-7,7
63746,114,106,8,8
63747,126,115,11,11
63748,168,149,19,19
63749,95,98,-3,3
63750,80,85,-5,5
63751,96,91,5,5
63752,35,65,-30,30
63753,73,74,-1,1
63754,89,84,5,5
63755,107,98,9,9
63756,88,88,0,0
63757,92,97,-5,5
63758,91,81,10,10
63759,91,82,9,9
63760,120,134,-14,14
63761,82,81,1,1
63762,80,84,-4,4
63763,55,52,3,3
63764,76,64,12,12
63765,72,67,5,5
63766,105,96,9,9
63767,113,111,2,2
63768,67,62,5,5
63769,101,106,-5,5
63770,80,82,-2,2
63771,80,88,-8,8
63772,96,87,9,9
63773,71,81,-10,10
63774,148,148,0,0
63775,72,70,2,2
63776,127,130,-3,3
63777,75,76,-1,1
63778,83,86,-3,3
63779,90,93,-3,3
63780,86,88,-2,2
63781,75,77,-2,2
63782,72,75,-3,3
63783,70,61,9,9
63784,105,104,1,1
63785,41,58,-17,17
63786,68,69,-1,1
63787,86,82,4,4
63788,64,56,8,8
63789,86,91,-5,5
63790,51,58,-7,7
63791,124,113,11,11
63792,88,92,-4,4
63793,93,92,1,1
63794,54,67,-13,13
63795,71,62,9,9
63796,132,132,0,0
63797,101,97,4,4
63798,172,152,20,20
63799,176,172,4,4
63800,173,173,0,0
63801,130,126,4,4
63802,79,74,5,5
63803,102,104,-2,2
63804,133,126,7,7
63805,90,70,20,20
63806,102,98,4,4
63807,65,64,1,1
63808,128,124,4,4
63809,159,127,32,32
63810,57,61,-4,4
63811,171,160,11,11
63812,66,70,-4,4
63813,165,152,13,13
63814,51,51,0,0
63815,111,111,0,0
63816,211,182,29,29
63817,89,85,4,4
63818,74,78,-4,4
63819,86,97,-11,11
63820,129,108,21,21
63821,67,61,6,6
63822,112,109,3,3
63823,102,84,18,18
63824,76,74,2,2
63825,67,80,-13,13
63826,96,93,3,3
63827,115,118,-3,3
63828,95,100,-5,5
63829,129,125,4,4
63830,78,74,4,4
63831,58,63,-5,5
63832,93,91,2,2
63833,53,52,1,1
63834,62,63,-1,1
63835,89,89,0,0
63836,110,107,3,3
63837,109,118,-9,9
63838,34,60,-26,26
63839,94,81,13,13
63840,54,57,-3,3
63841,111,110,1,1
63842,128,128,0,0
63843,141,139,2,2
63844,92,83,9,9
63845,102,86,16,16
63846,94,102,-8,8
63847,130,121,9,9
63848,93,97,-4,4
63849,86,75,11,11
63850,102,102,0,0
63851,137,119,18,18
63852,55,50,5,5
63853,118,113,5,5
63854,121,116,5,5
63855,155,144,11,11
63856,71,78,-7,7
63857,140,137,3,3
63858,64,70,-6,6
63859,110,119,-9,9
63860,119,123,-4,4
63861,55,60,-5,5
63862,80,86,-6,6
63863,142,127,15,15
63864,44,54,-10,10
63865,111,113,-2,2
63866,113,108,5,5
63867,146,127,19,19
63868,169,170,-1,1
63869,129,122,7,7
63870,76,82,-6,6
63871,67,60,7,7
63872,75,76,-1,1
63873,68,65,3,3
63874,74,80,-6,6
63875,80,76,4,4
63876,33,50,-17,17
63877,91,91,0,0
63878,75,68,7,7
63879,94,89,5,5
63880,142,129,13,13
63881,50,102,-52,52
63882,193,194,-1,1
63883,81,87,-6,6
63884,111,102,9,9
63885,130,127,3,3
63886,51,52,-1,1
63887,73,71,2,2
63888,136,141,-5,5
63889,94,94,0,0
63890,111,99,12,12
63891,119,116,3,3
63892,101,104,-3,3
63893,79,70,9,9
63894,92,91,1,1
63895,84,74,10,10
63896,48,57,-9,9
63897,105,107,-2,2
63898,87,77,10,10
63899,91,97,-6,6
63900,78,84,-6,6
63901,136,146,-10,10
63902,123,124,-1,1
63903,130,129,1,1
63904,126,118,8,8
63905,84,93,-9,9
63906,122,125,-3,3
63907,124,125,-1,1
63908,117,111,6,6
63909,49,51,-2,2
63910,63,59,4,4
63911,64,64,0,0
63912,57,59,-2,2
63913,37,51,-14,14
63914,38,50,-12,12
63915,56,56,0,0
63916,137,126,11,11
63917,109,113,-4,4
63918,158,150,8,8
63919,112,121,-9,9
63920,96,104,-8,8
63921,99,102,-3,3
63922,68,68,0,0
63923,94,97,-3,3
63924,118,120,-2,2
63925,80,84,-4,4
63926,78,84,-6,6
63927,94,91,3,3
63928,172,169,3,3
63929,39,50,-11,11
63930,62,70,-8,8
63931,152,135,17,17
63932,120,110,10,10
63933,90,80,10,10
63934,105,98,7,7
63935,80,78,2,2
63936,58,59,-1,1
63937,51,57,-6,6
63938,90,88,2,2
63939,107,100,7,7
63940,71,76,-5,5
63941,61,67,-6,6
63942,111,129,-18,18
63943,88,92,-4,4
63944,56,57,-1,1
63945,93,91,2,2
63946,106,103,3,3
63947,96,96,0,0
63948,81,88,-7,7
63949,63,60,3,3
63950,112,116,-4,4
63951,120,107,13,13
63952,59,55,4,4
63953,103,95,8,8
63954,50,54,-4,4
63955,115,95,20,20
63956,54,64,-10,10
63957,71,71,0,0
63958,59,57,2,2
63959,115,106,9,9
63960,47,54,-7,7
63961,100,95,5,5
63962,77,77,0,0
63963,195,174,21,21
63964,118,115,3,3
63965,90,92,-2,2
63966,101,99,2,2
63967,141,134,7,7
63968,153,145,8,8
63969,72,75,-3,3
63970,76,83,-7,7
63971,141,122,19,19
63972,168,147,21,21
63973,189,161,28,28
63974,52,56,-4,4
63975,90,90,0,0
63976,81,84,-3,3
63977,54,59,-5,5
63978,128,116,12,12
63979,86,90,-4,4
63980,65,70,-5,5
63981,53,54,-1,1
63982,57,58,-1,1
63983,90,84,6,6
63984,73,75,-2,2
63985,75,85,-10,10
63986,85,82,3,3
63987,143,138,5,5
63988,44,57,-13,13
63989,81,72,9,9
63990,76,82,-6,6
63991,126,120,6,6
63992,46,54,-8,8
63993,139,123,16,16
63994,154,145,9,9
63995,161,162,-1,1
63996,59,55,4,4
63997,78,82,-4,4
63998,85,85,0,0
63999,48,57,-9,9
64000,71,69,2,2
64001,79,83,-4,4
64002,65,63,2,2
64003,78,77,1,1
64004,117,114,3,3
64005,51,53,-2,2
64006,153,95,58,58
64007,118,122,-4,4
64008,66,64,2,2
64009,75,79,-4,4
64010,102,109,-7,7
64011,85,85,0,0
64012,64,63,1,1
64013,95,98,-3,3
64014,160,147,13,13
64015,94,90,4,4
64016,68,81,-13,13
64017,180,176,4,4
64018,52,78,-26,26
64019,106,106,0,0
64020,85,85,0,0
64021,115,129,-14,14
64022,57,56,1,1
64023,104,103,1,1
64024,53,56,-3,3
64025,79,71,8,8
64026,68,77,-9,9
64027,86,75,11,11
64028,121,110,11,11
64029,54,53,1,1
64030,74,72,2,2
64031,122,140,-18,18
64032,67,72,-5,5
64033,128,129,-1,1
64034,56,57,-1,1
64035,146,140,6,6
64036,111,119,-8,8
64037,86,91,-5,5
64038,96,88,8,8
64039,144,151,-7,7
64040,73,74,-1,1
64041,50,54,-4,4
64042,179,174,5,5
64043,83,89,-6,6
64044,62,60,2,2
64045,103,102,1,1
64046,101,100,1,1
64047,59,62,-3,3
64048,74,65,9,9
64049,72,65,7,7
64050,75,85,-10,10
64051,109,110,-1,1
64052,102,82,20,20
64053,143,133,10,10
64054,83,96,-13,13
64055,156,157,-1,1
64056,124,116,8,8
64057,80,77,3,3
64058,161,145,16,16
64059,54,55,-1,1
64060,75,92,-17,17
64061,155,134,21,21
64062,117,105,12,12
64063,130,129,1,1
64064,225,197,28,28
64065,94,91,3,3
64066,63,56,7,7
64067,72,68,4,4
64068,179,172,7,7
64069,141,138,3,3
64070,82,73,9,9
64071,62,55,7,7
64072,122,129,-7,7
64073,79,72,7,7
64074,93,80,13,13
64075,137,160,-23,23
64076,110,112,-2,2
64077,137,131,6,6
64078,84,72,12,12
64079,64,62,2,2
64080,64,57,7,7
64081,56,59,-3,3
64082,70,76,-6,6
64083,76,77,-1,1
64084,118,110,8,8
64085,88,82,6,6
64086,81,72,9,9
64087,129,120,9,9
64088,64,68,-4,4
64089,97,93,4,4
64090,123,126,-3,3
64091,86,74,12,12
64092,97,94,3,3
64093,115,118,-3,3
64094,96,104,-8,8
64095,77,77,0,0
64096,168,178,-10,10
64097,51,54,-3,3
64098,90,77,13,13
64099,56,61,-5,5
64100,71,79,-8,8
64101,107,107,0,0
64102,94,86,8,8
64103,46,59,-13,13
64104,118,108,10,10
64105,129,116,13,13
64106,106,109,-3,3
64107,81,84,-3,3
64108,82,74,8,8
64109,56,57,-1,1
64110,79,71,8,8
64111,71,69,2,2
64112,148,153,-5,5
64113,205,184,21,21
64114,142,124,18,18
64115,85,76,9,9
64116,47,55,-8,8
64117,91,89,2,2
64118,108,104,4,4
64119,73,68,5,5
64120,102,104,-2,2
64121,129,138,-9,9
64122,130,160,-30,30
64123,103,93,10,10
64124,70,94,-24,24
64125,90,85,5,5
64126,118,132,-14,14
64127,85,70,15,15
64128,63,68,-5,5
64129,62,61,1,1
64130,93,95,-2,2
64131,66,84,-18,18
64132,57,56,1,1
64133,43,52,-9,9
64134,104,95,9,9
64135,131,124,7,7
64136,88,80,8,8
64137,79,81,-2,2
64138,83,68,15,15
64139,77,69,8,8
64140,82,81,1,1
64141,109,106,3,3
64142,118,114,4,4
64143,134,134,0,0
64144,124,131,-7,7
64145,105,109,-4,4
64146,102,95,7,7
64147,109,106,3,3
64148,100,99,1,1
64149,84,89,-5,5
64150,88,82,6,6
64151,86,84,2,2
64152,92,82,10,10
64153,125,117,8,8
64154,70,64,6,6
64155,167,136,31,31
64156,151,159,-8,8
64157,80,72,8,8
64158,125,105,20,20
64159,140,148,-8,8
64160,101,101,0,0
64161,68,63,5,5
64162,48,61,-13,13
64163,105,101,4,4
64164,72,68,4,4
64165,73,73,0,0
64166,139,137,2,2
64167,88,89,-1,1
64168,65,99,-34,34
64169,100,97,3,3
64170,150,150,0,0
64171,116,112,4,4
64172,64,66,-2,2
64173,115,105,10,10
64174,58,58,0,0
64175,132,140,-8,8
64176,91,85,6,6
64177,75,64,11,11
64178,98,102,-4,4
64179,109,105,4,4
64180,115,103,12,12
64181,86,94,-8,8
64182,100,88,12,12
64183,77,73,4,4
64184,156,160,-4,4
64185,63,60,3,3
64186,81,84,-3,3
64187,95,88,7,7
64188,70,70,0,0
64189,100,101,-1,1
64190,92,93,-1,1
64191,150,150,0,0
64192,99,106,-7,7
64193,133,125,8,8
64194,46,53,-7,7
64195,99,89,10,10
64196,128,117,11,11
64197,77,78,-1,1
64198,77,77,0,0
64199,62,66,-4,4
64200,175,144,31,31
64201,183,175,8,8
64202,80,82,-2,2
64203,124,125,-1,1
64204,116,110,6,6
64205,140,149,-9,9
64206,74,66,8,8
64207,104,121,-17,17
64208,43,53,-10,10
64209,191,181,10,10
64210,245,243,2,2
64211,94,88,6,6
64212,110,99,11,11
64213,86,86,0,0
64214,49,57,-8,8
64215,116,118,-2,2
64216,58,58,0,0
64217,51,56,-5,5
64218,96,95,1,1
64219,73,78,-5,5
64220,100,101,-1,1
64221,83,134,-51,51
64222,130,124,6,6
64223,64,69,-5,5
64224,77,80,-3,3
64225,126,130,-4,4
64226,52,52,0,0
64227,84,80,4,4
64228,69,78,-9,9
64229,107,123,-16,16
64230,104,93,11,11
64231,55,55,0,0
64232,87,93,-6,6
64233,88,91,-3,3
64234,147,150,-3,3
64235,122,115,7,7
64236,120,113,7,7
64237,166,161,5,5
64238,80,90,-10,10
64239,122,122,0,0
64240,43,50,-7,7
64241,121,108,13,13
64242,70,73,-3,3
64243,101,98,3,3
64244,57,61,-4,4
64245,100,95,5,5
64246,52,57,-5,5
64247,69,68,1,1
64248,52,51,1,1
64249,60,62,-2,2
64250,74,66,8,8
64251,92,95,-3,3
64252,47,55,-8,8
64253,91,94,-3,3
64254,72,73,-1,1
64255,45,50,-5,5
64256,70,76,-6,6
64257,119,120,-1,1
64258,113,117,-4,4
64259,51,54,-3,3
64260,56,60,-4,4
64261,95,93,2,2
64262,82,92,-10,10
64263,79,78,1,1
64264,70,72,-2,2
64265,78,77,1,1
64266,94,93,1,1
64267,68,66,2,2
64268,87,91,-4,4
64269,164,182,-18,18
64270,101,93,8,8
64271,145,143,2,2
64272,50,55,-5,5
64273,65,81,-16,16
64274,108,97,11,11
64275,77,73,4,4
64276,153,137,16,16
64277,113,106,7,7
64278,181,155,26,26
64279,52,54,-2,2
64280,96,98,-2,2
64281,139,130,9,9
64282,91,94,-3,3
64283,73,73,0,0
64284,77,78,-1,1
64285,71,73,-2,2
64286,51,52,-1,1
64287,90,88,2,2
64288,68,64,4,4
64289,73,72,1,1
64290,94,102,-8,8
64291,69,65,4,4
64292,90,90,0,0
64293,154,158,-4,4
64294,163,139,24,24
64295,74,76,-2,2
64296,55,60,-5,5
64297,73,77,-4,4
64298,33,50,-17,17
64299,154,143,11,11
64300,70,53,17,17
64301,72,72,0,0
64302,96,102,-6,6
64303,117,114,3,3
64304,127,121,6,6
64305,84,91,-7,7
64306,99,106,-7,7
64307,72,70,2,2
64308,144,131,13,13
64309,74,76,-2,2
64310,75,77,-2,2
64311,89,85,4,4
64312,122,115,7,7
64313,165,156,9,9
64314,45,50,-5,5
64315,82,90,-8,8
64316,84,81,3,3
64317,166,162,4,4
64318,140,129,11,11
64319,96,104,-8,8
64320,73,70,3,3
64321,200,186,14,14
64322,113,110,3,3
64323,137,128,9,9
64324,87,88,-1,1
64325,127,123,4,4
64326,74,62,12,12
64327,89,80,9,9
64328,128,137,-9,9
64329,73,77,-4,4
64330,53,52,1,1
64331,26,51,-25,25
64332,104,107,-3,3
64333,91,85,6,6
64334,157,152,5,5
64335,93,87,6,6
64336,125,131,-6,6
64337,66,59,7,7
64338,125,118,7,7
64339,144,119,25,25
64340,106,98,8,8
64341,129,115,14,14
64342,86,96,-10,10
64343,188,178,10,10
64344,142,130,12,12
64345,54,56,-2,2
64346,185,151,34,34
64347,152,149,3,3
64348,55,54,1,1
64349,74,79,-5,5
64350,132,135,-3,3
64351,80,76,4,4
64352,77,73,4,4
64353,67,74,-7,7
64354,71,65,6,6
64355,129,118,11,11
64356,116,104,12,12
64357,97,91,6,6
64358,39,51,-12,12
64359,44,53,-9,9
64360,73,74,-1,1
64361,78,74,4,4
64362,68,63,5,5
64363,57,54,3,3
64364,97,81,16,16
64365,77,75,2,2
64366,159,152,7,7
64367,144,130,14,14
64368,58,60,-2,2
64369,74,83,-9,9
64370,47,53,-6,6
64371,86,84,2,2
64372,95,83,12,12
64373,74,71,3,3
64374,84,97,-13,13
64375,175,171,4,4
64376,47,51,-4,4
64377,110,100,10,10
64378,181,169,12,12
64379,117,115,2,2
64380,77,68,9,9
64381,88,80,8,8
64382,84,90,-6,6
64383,56,52,4,4
64384,49,52,-3,3
64385,75,81,-6,6
64386,58,59,-1,1
64387,110,112,-2,2
64388,80,80,0,0
64389,120,130,-10,10
64390,79,98,-19,19
64391,107,113,-6,6
64392,79,77,2,2
64393,69,71,-2,2
64394,36,54,-18,18
64395,106,106,0,0
64396,64,60,4,4
64397,91,96,-5,5
64398,70,74,-4,4
64399,69,67,2,2
64400,75,75,0,0
64401,54,54,0,0
64402,69,76,-7,7
64403,105,115,-10,10
64404,67,70,-3,3
64405,28,50,-22,22
64406,57,57,0,0
64407,46,50,-4,4
64408,52,56,-4,4
64409,122,121,1,1
64410,101,96,5,5
64411,129,121,8,8
64412,143,152,-9,9
64413,193,177,16,16
64414,55,59,-4,4
64415,92,90,2,2
64416,107,89,18,18
64417,137,121,16,16
64418,100,100,0,0
64419,61,65,-4,4
64420,113,99,14,14
64421,112,107,5,5
64422,78,70,8,8
64423,82,88,-6,6
64424,58,66,-8,8
64425,65,54,11,11
64426,52,60,-8,8
64427,106,106,0,0
64428,47,58,-11,11
64429,72,81,-9,9
64430,75,78,-3,3
64431,135,140,-5,5
64432,87,90,-3,3
64433,175,165,10,10
64434,99,106,-7,7
64435,50,55,-5,5
64436,90,87,3,3
64437,83,91,-8,8
64438,68,68,0,0
64439,85,85,0,0
64440,73,79,-6,6
64441,58,67,-9,9
64442,78,72,6,6
64443,89,98,-9,9
64444,49,54,-5,5
64445,73,63,10,10
64446,108,79,29,29
64447,60,66,-6,6
64448,142,129,13,13
64449,217,191,26,26
64450,57,52,5,5
64451,61,60,1,1
64452,82,77,5,5
64453,73,75,-2,2
64454,108,106,2,2
64455,139,142,-3,3
64456,80,80,0,0
64457,218,204,14,14
64458,119,116,3,3
64459,105,104,1,1
64460,57,61,-4,4
64461,106,112,-6,6
64462,74,80,-6,6
64463,77,82,-5,5
64464,143,136,7,7
64465,103,101,2,2
64466,120,116,4,4
64467,124,111,13,13
64468,112,106,6,6
64469,105,96,9,9
64470,144,143,1,1
64471,97,89,8,8
64472,65,63,2,2
64473,74,74,0,0
64474,55,58,-3,3
64475,80,81,-1,1
64476,115,111,4,4
64477,145,148,-3,3
64478,103,110,-7,7
64479,132,121,11,11
64480,46,71,-25,25
64481,59,57,2,2
64482,83,76,7,7
64483,150,148,2,2
64484,182,175,7,7
64485,44,56,-12,12
64486,64,78,-14,14
64487,53,55,-2,2
64488,78,85,-7,7
64489,112,119,-7,7
64490,109,105,4,4
64491,95,107,-12,12
64492,62,85,-23,23
64493,57,63,-6,6
64494,130,130,0,0
64495,101,94,7,7
64496,135,139,-4,4
64497,100,117,-17,17
64498,107,114,-7,7
64499,97,103,-6,6
64500,79,74,5,5
64501,80,86,-6,6
64502,94,69,25,25
64503,122,117,5,5
64504,57,60,-3,3
64505,58,62,-4,4
64506,76,73,3,3
64507,144,127,17,17
64508,51,51,0,0
64509,54,57,-3,3
64510,85,86,-1,1
64511,61,63,-2,2
64512,148,127,21,21
64513,33,50,-17,17
64514,99,94,5,5
64515,117,109,8,8
64516,82,77,5,5
64517,54,80,-26,26
64518,144,133,11,11
64519,141,135,6,6
64520,80,89,-9,9
64521,203,184,19,19
64522,93,90,3,3
64523,65,64,1,1
64524,61,57,4,4
64525,139,133,6,6
64526,84,83,1,1
64527,72,79,-7,7
64528,68,73,-5,5
64529,56,70,-14,14
64530,101,100,1,1
64531,63,74,-11,11
64532,94,96,-2,2
64533,120,121,-1,1
64534,113,116,-3,3
64535,32,50,-18,18
64536,94,105,-11,11
64537,116,117,-1,1
64538,101,98,3,3
64539,57,61,-4,4
64540,144,139,5,5
64541,76,76,0,0
64542,94,91,3,3
64543,80,82,-2,2
64544,100,97,3,3
64545,150,137,13,13
64546,85,89,-4,4
64547,77,73,4,4
64548,75,73,2,2
64549,170,155,15,15
64550,138,149,-11,11
64551,74,69,5,5
64552,83,83,0,0
64553,193,187,6,6
64554,95,85,10,10
64555,132,128,4,4
64556,69,66,3,3
64557,120,131,-11,11
64558,102,96,6,6
64559,87,83,4,4
64560,133,113,20,20
64561,106,104,2,2
64562,90,94,-4,4
64563,61,63,-2,2
64564,87,87,0,0
64565,130,124,6,6
64566,77,82,-5,5
64567,80,98,-18,18
64568,95,77,18,18
64569,64,64,0,0
64570,57,65,-8,8
64571,70,70,0,0
64572,111,105,6,6
64573,54,60,-6,6
64574,142,162,-20,20
64575,52,56,-4,4
64576,47,53,-6,6
64577,133,134,-1,1
64578,140,147,-7,7
64579,60,65,-5,5
64580,186,160,26,26
64581,77,75,2,2
64582,101,94,7,7
64583,59,60,-1,1
64584,121,127,-6,6
64585,104,112,-8,8
64586,155,129,26,26
64587,83,80,3,3
64588,77,71,6,6
64589,123,109,14,14
64590,59,58,1,1
64591,105,90,15,15
64592,75,83,-8,8
64593,116,104,12,12
64594,72,72,0,0
64595,149,156,-7,7
64596,119,113,6,6
64597,63,73,-10,10
64598,87,82,5,5
64599,137,131,6,6
64600,82,73,9,9
64601,125,118,7,7
64602,36,54,-18,18
64603,67,68,-1,1
64604,116,115,1,1
64605,155,142,13,13
64606,103,83,20,20
64607,104,99,5,5
64608,143,139,4,4
64609,123,121,2,2
64610,121,111,10,10
64611,87,79,8,8
64612,72,75,-3,3
64613,49,66,-17,17
64614,69,81,-12,12
64615,72,90,-18,18
64616,116,90,26,26
64617,138,146,-8,8
64618,97,93,4,4
64619,63,61,2,2
64620,109,104,5,5
64621,80,84,-4,4
64622,96,92,4,4
64623,98,85,13,13
64624,101,106,-5,5
64625,143,133,10,10
64626,90,87,3,3
64627,85,79,6,6
64628,120,123,-3,3
64629,65,60,5,5
64630,161,145,16,16
64631,124,107,17,17
64632,103,104,-1,1
64633,99,96,3,3
64634,121,128,-7,7
64635,122,120,2,2
64636,104,113,-9,9
64637,160,169,-9,9
64638,109,89,20,20
64639,63,62,1,1
64640,112,111,1,1
64641,88,83,5,5
64642,88,86,2,2
64643,101,113,-12,12
64644,50,53,-3,3
64645,170,178,-8,8
64646,64,71,-7,7
64647,102,114,-12,12
64648,93,90,3,3
64649,132,127,5,5
64650,75,83,-8,8
64651,84,74,10,10
64652,60,60,0,0
64653,103,114,-11,11
64654,58,63,-5,5
64655,153,136,17,17
64656,135,124,11,11
64657,62,75,-13,13
64658,162,145,17,17
64659,74,75,-1,1
64660,90,81,9,9
64661,127,123,4,4
64662,97,101,-4,4
64663,102,99,3,3
64664,117,114,3,3
64665,38,50,-12,12
64666,114,110,4,4
64667,45,50,-5,5
64668,100,99,1,1
64669,61,57,4,4
64670,101,90,11,11
64671,120,126,-6,6
64672,152,141,11,11
64673,84,89,-5,5
64674,100,92,8,8
64675,108,101,7,7
64676,124,133,-9,9
64677,148,154,-6,6
64678,46,53,-7,7
64679,119,117,2,2
64680,118,108,10,10
64681,52,63,-11,11
64682,104,111,-7,7
64683,82,99,-17,17
64684,100,90,10,10
64685,118,108,10,10
64686,70,72,-2,2
64687,104,87,17,17
64688,141,131,10,10
64689,97,95,2,2
64690,24,52,-28,28
64691,192,169,23,23
64692,71,64,7,7
64693,78,86,-8,8
64694,46,54,-8,8
64695,79,81,-2,2
64696,153,140,13,13
64697,88,101,-13,13
64698,64,71,-7,7
64699,81,73,8,8
64700,81,79,2,2
64701,105,99,6,6
64702,88,93,-5,5
64703,120,124,-4,4
64704,68,65,3,3
64705,84,84,0,0
64706,121,113,8,8
64707,80,74,6,6
64708,138,140,-2,2
64709,90,81,9,9
64710,87,94,-7,7
64711,92,93,-1,1
64712,111,120,-9,9
64713,77,72,5,5
64714,74,72,2,2
64715,170,144,26,26
64716,77,78,-1,1
64717,117,121,-4,4
64718,151,135,16,16
64719,84,88,-4,4
64720,108,113,-5,5
64721,69,73,-4,4
64722,121,124,-3,3
64723,94,102,-8,8
64724,41,50,-9,9
64725,140,135,5,5
64726,76,66,10,10
64727,85,77,8,8
64728,104,109,-5,5
64729,48,55,-7,7
64730,128,132,-4,4
64731,68,65,3,3
64732,70,70,0,0
64733,93,85,8,8
64734,69,82,-13,13
64735,56,57,-1,1
64736,96,97,-1,1
64737,50,53,-3,3
64738,64,67,-3,3
64739,69,79,-10,10
64740,89,84,5,5
64741,75,81,-6,6
64742,77,80,-3,3
64743,68,64,4,4
64744,59,86,-27,27
64745,140,117,23,23
64746,79,70,9,9
64747,46,50,-4,4
64748,54,52,2,2
64749,89,92,-3,3
64750,99,101,-2,2
64751,68,67,1,1
64752,86,97,-11,11
64753,106,94,12,12
64754,82,76,6,6
64755,97,123,-26,26
64756,29,51,-22,22
64757,99,86,13,13
64758,119,121,-2,2
64759,102,102,0,0
64760,104,105,-1,1
64761,148,126,22,22
64762,146,140,6,6
64763,107,100,7,7
64764,49,57,-8,8
64765,45,50,-5,5
64766,133,127,6,6
64767,102,105,-3,3
64768,110,113,-3,3
64769,100,101,-1,1
64770,112,105,7,7
64771,59,67,-8,8
64772,73,63,10,10
64773,115,126,-11,11
64774,88,85,3,3
64775,77,86,-9,9
64776,133,129,4,4
64777,86,87,-1,1
64778,74,64,10,10
64779,125,121,4,4
64780,97,99,-2,2
64781,71,61,10,10
64782,42,50,-8,8
64783,140,139,1,1
64784,70,65,5,5
64785,76,81,-5,5
64786,59,58,1,1
64787,87,94,-7,7
64788,134,121,13,13
64789,173,162,11,11
64790,47,52,-5,5
64791,112,101,11,11
64792,94,102,-8,8
64793,81,76,5,5
64794,152,150,2,2
64795,56,61,-5,5
64796,72,72,0,0
64797,82,79,3,3
64798,68,66,2,2
64799,87,89,-2,2
64800,116,132,-16,16
64801,49,50,-1,1
64802,124,121,3,3
64803,146,151,-5,5
64804,151,139,12,12
64805,67,88,-21,21
64806,57,92,-35,35
64807,147,146,1,1
64808,104,107,-3,3
64809,124,126,-2,2
64810,46,54,-8,8
64811,118,117,1,1
64812,110,108,2,2
64813,82,79,3,3
64814,97,87,10,10
64815,104,96,8,8
64816,46,50,-4,4
64817,76,83,-7,7
64818,66,66,0,0
64819,51,52,-1,1
64820,63,57,6,6
64821,81,79,2,2
64822,110,111,-1,1
64823,160,154,6,6
64824,65,64,1,1
64825,43,50,-7,7
64826,67,117,-50,50
64827,104,101,3,3
64828,83,90,-7,7
64829,57,69,-12,12
64830,139,132,7,7
64831,78,77,1,1
64832,68,63,5,5
64833,91,88,3,3
64834,117,117,0,0
64835,117,110,7,7
64836,110,113,-3,3
64837,67,67,0,0
64838,89,90,-1,1
64839,96,109,-13,13
64840,92,101,-9,9
64841,87,85,2,2
64842,92,85,7,7
64843,59,64,-5,5
64844,66,66,0,0
64845,160,160,0,0
64846,188,168,20,20
64847,96,97,-1,1
64848,75,82,-7,7
64849,140,129,11,11
64850,95,93,2,2
64851,83,86,-3,3
64852,103,104,-1,1
64853,81,83,-2,2
64854,87,85,2,2
64855,90,91,-1,1
64856,66,66,0,0
64857,100,95,5,5
64858,75,73,2,2
64859,50,51,-1,1
64860,68,70,-2,2
64861,82,79,3,3
64862,72,64,8,8
64863,56,59,-3,3
64864,113,111,2,2
64865,41,52,-11,11
64866,56,62,-6,6
64867,92,87,5,5
64868,68,68,0,0
64869,63,62,1,1
64870,111,115,-4,4
64871,74,77,-3,3
64872,91,90,1,1
64873,84,133,-49,49
64874,107,114,-7,7
64875,95,94,1,1
64876,80,73,7,7
64877,125,130,-5,5
64878,57,56,1,1
64879,115,121,-6,6
64880,117,111,6,6
64881,71,74,-3,3
64882,72,67,5,5
64883,199,178,21,21
64884,100,105,-5,5
64885,75,66,9,9
64886,78,73,5,5
64887,82,76,6,6
64888,85,87,-2,2
64889,53,61,-8,8
64890,89,87,2,2
64891,111,100,11,11
64892,58,58,0,0
64893,74,68,6,6
64894,106,118,-12,12
64895,139,136,3,3
64896,94,93,1,1
64897,66,64,2,2
64898,140,120,20,20
64899,100,96,4,4
64900,60,61,-1,1
64901,118,105,13,13
64902,108,94,14,14
64903,131,118,13,13
64904,141,154,-13,13
64905,107,105,2,2
64906,65,73,-8,8
64907,104,108,-4,4
64908,121,124,-3,3
64909,93,100,-7,7
64910,85,94,-9,9
64911,77,74,3,3
64912,113,106,7,7
64913,44,50,-6,6
64914,110,123,-13,13
64915,75,68,7,7
64916,65,71,-6,6
64917,59,57,2,2
64918,102,91,11,11
64919,93,109,-16,16
64920,85,87,-2,2
64921,57,55,2,2
64922,129,121,8,8
64923,45,55,-10,10
64924,60,79,-19,19
64925,89,96,-7,7
64926,93,95,-2,2
64927,104,102,2,2
64928,55,56,-1,1
64929,83,90,-7,7
64930,137,131,6,6
64931,109,99,10,10
64932,69,68,1,1
64933,110,123,-13,13
64934,119,102,17,17
64935,97,92,5,5
64936,81,82,-1,1
64937,104,100,4,4
64938,71,79,-8,8
64939,50,56,-6,6
64940,136,125,11,11
64941,70,64,6,6
64942,63,68,-5,5
64943,90,94,-4,4
64944,102,97,5,5
64945,50,53,-3,3
64946,138,125,13,13
64947,103,125,-22,22
64948,127,123,4,4
64949,129,131,-2,2
64950,144,139,5,5
64951,52,57,-5,5
64952,72,73,-1,1
64953,94,98,-4,4
64954,77,68,9,9
64955,62,63,-1,1
64956,91,92,-1,1
64957,58,58,0,0
64958,78,79,-1,1
64959,63,61,2,2
64960,111,102,9,9
64961,87,87,0,0
64962,85,80,5,5
64963,224,194,30,30
64964,99,93,6,6
64965,84,78,6,6
64966,101,99,2,2
64967,156,136,20,20
64968,50,52,-2,2
64969,82,81,1,1
64970,190,191,-1,1
64971,127,129,-2,2
64972,61,63,-2,2
64973,100,104,-4,4
64974,81,85,-4,4
64975,141,125,16,16
64976,80,72,8,8
64977,67,66,1,1
64978,90,92,-2,2
64979,81,78,3,3
64980,55,54,1,1
64981,85,88,-3,3
64982,36,51,-15,15
64983,87,72,15,15
64984,73,85,-12,12
64985,90,86,4,4
64986,69,65,4,4
64987,88,85,3,3
64988,64,67,-3,3
64989,56,58,-2,2
64990,130,119,11,11
64991,59,57,2,2
64992,140,146,-6,6
64993,129,117,12,12
64994,122,120,2,2
64995,69,66,3,3
64996,65,75,-10,10
64997,103,101,2,2
64998,36,50,-14,14
64999,193,194,-1,1
65000,123,117,6,6
65001,77,80,-3,3
65002,75,68,7,7
65003,85,95,-10,10
65004,124,125,-1,1
65005,148,152,-4,4
65006,92,96,-4,4
65007,70,65,5,5
65008,129,122,7,7
65009,51,52,-1,1
65010,98,87,11,11
65011,130,120,10,10
65012,134,127,7,7
65013,89,85,4,4
65014,83,93,-10,10
65015,89,86,3,3
65016,101,96,5,5
65017,110,99,11,11
65018,68,68,0,0
65019,68,61,7,7
65020,72,73,-1,1
65021,77,77,0,0
65022,147,133,14,14
65023,117,112,5,5
65024,79,97,-18,18
65025,103,105,-2,2
65026,65,70,-5,5
65027,102,99,3,3
65028,66,66,0,0
65029,101,94,7,7
65030,77,79,-2,2
65031,58,62,-4,4
65032,75,79,-4,4
65033,50,61,-11,11
65034,116,111,5,5
65035,78,75,3,3
65036,111,100,11,11
65037,35,50,-15,15
65038,94,87,7,7
65039,136,125,11,11
65040,71,67,4,4
65041,94,108,-14,14
65042,81,75,6,6
65043,54,52,2,2
65044,94,86,8,8
65045,94,97,-3,3
65046,143,139,4,4
65047,82,82,0,0
65048,156,142,14,14
65049,81,85,-4,4
65050,169,162,7,7
65051,104,105,-1,1
65052,107,106,1,1
65053,69,82,-13,13
65054,123,102,21,21
65055,51,56,-5,5
65056,88,98,-10,10
65057,41,50,-9,9
65058,56,62,-6,6
65059,138,134,4,4
65060,102,97,5,5
65061,97,89,8,8
65062,124,127,-3,3
65063,124,119,5,5
65064,119,131,-12,12
65065,55,53,2,2
65066,116,114,2,2
65067,60,58,2,2
65068,134,121,13,13
65069,63,90,-27,27
65070,73,74,-1,1
65071,145,140,5,5
65072,111,112,-1,1
65073,110,119,-9,9
65074,194,177,17,17
65075,92,96,-4,4
65076,97,88,9,9
65077,116,116,0,0
65078,61,57,4,4
65079,150,146,4,4
65080,45,51,-6,6
65081,99,90,9,9
65082,79,74,5,5
65083,118,121,-3,3
65084,74,68,6,6
65085,108,104,4,4
65086,85,79,6,6
65087,89,77,12,12
65088,107,108,-1,1
65089,165,169,-4,4
65090,84,78,6,6
65091,132,124,8,8
65092,90,83,7,7
65093,144,119,25,25
65094,87,94,-7,7
65095,103,88,15,15
65096,98,102,-4,4
65097,88,85,3,3
65098,125,119,6,6
65099,112,98,14,14
65100,51,57,-6,6
65101,105,104,1,1
65102,149,125,24,24
65103,109,107,2,2
65104,74,75,-1,1
65105,83,82,1,1
65106,85,87,-2,2
65107,75,68,7,7
65108,78,85,-7,7
65109,67,67,0,0
65110,48,55,-7,7
65111,109,85,24,24
65112,92,86,6,6
65113,90,93,-3,3
65114,90,86,4,4
65115,98,95,3,3
65116,76,73,3,3
65117,83,88,-5,5
65118,148,149,-1,1
65119,99,96,3,3
65120,68,68,0,0
65121,79,69,10,10
65122,98,100,-2,2
65123,194,190,4,4
65124,90,84,6,6
65125,70,64,6,6
65126,88,88,0,0
65127,66,66,0,0
65128,81,70,11,11
65129,122,121,1,1
65130,96,97,-1,1
65131,69,71,-2,2
65132,113,96,17,17
65133,61,68,-7,7
65134,101,84,17,17
65135,178,164,14,14
65136,111,106,5,5
65137,81,75,6,6
65138,147,161,-14,14
65139,121,114,7,7
65140,78,70,8,8
65141,86,82,4,4
65142,54,57,-3,3
65143,46,51,-5,5
65144,62,65,-3,3
65145,94,95,-1,1
65146,101,98,3,3
65147,60,67,-7,7
65148,72,65,7,7
65149,75,83,-8,8
65150,148,142,6,6
65151,123,114,9,9
65152,81,94,-13,13
65153,126,126,0,0
65154,163,149,14,14
65155,105,103,2,2
65156,85,84,1,1
65157,102,96,6,6
65158,89,86,3,3
65159,123,128,-5,5
65160,62,56,6,6
65161,78,87,-9,9
65162,98,92,6,6
65163,68,65,3,3
65164,99,102,-3,3
65165,112,105,7,7
65166,89,83,6,6
65167,89,93,-4,4
65168,83,78,5,5
65169,119,118,1,1
65170,92,100,-8,8
65171,77,81,-4,4
65172,74,69,5,5
65173,115,136,-21,21
65174,107,103,4,4
65175,98,89,9,9
65176,136,123,13,13
65177,42,57,-15,15
65178,119,120,-1,1
65179,119,122,-3,3
65180,109,102,7,7
65181,113,115,-2,2
65182,164,159,5,5
65183,86,84,2,2
65184,97,100,-3,3
65185,112,116,-4,4
65186,124,120,4,4
65187,84,99,-15,15
65188,77,81,-4,4
65189,87,87,0,0
65190,52,54,-2,2
65191,112,108,4,4
65192,78,77,1,1
65193,93,93,0,0
65194,115,129,-14,14
65195,76,69,7,7
65196,209,191,18,18
65197,41,62,-21,21
65198,115,110,5,5
65199,155,143,12,12
65200,53,54,-1,1
65201,72,72,0,0
65202,110,85,25,25
65203,91,93,-2,2
65204,99,95,4,4
65205,88,96,-8,8
65206,100,100,0,0
65207,73,84,-11,11
65208,70,67,3,3
65209,126,126,0,0
65210,102,99,3,3
65211,97,91,6,6
65212,60,65,-5,5
65213,44,58,-14,14
65214,62,68,-6,6
65215,52,58,-6,6
65216,128,122,6,6
65217,168,164,4,4
65218,101,100,1,1
65219,106,107,-1,1
65220,191,171,20,20
65221,51,62,-11,11
65222,196,168,28,28
65223,92,97,-5,5
65224,47,53,-6,6
65225,115,106,9,9
65226,70,63,7,7
65227,84,94,-10,10
65228,145,141,4,4
65229,102,107,-5,5
65230,31,50,-19,19
65231,65,62,3,3
65232,92,90,2,2
65233,77,81,-4,4
65234,90,92,-2,2
65235,30,50,-20,20
65236,72,82,-10,10
65237,109,111,-2,2
65238,148,153,-5,5
65239,81,76,5,5
65240,75,70,5,5
65241,60,61,-1,1
65242,147,138,9,9
65243,95,79,16,16
65244,71,74,-3,3
65245,145,150,-5,5
65246,91,96,-5,5
65247,48,69,-21,21
65248,94,94,0,0
65249,86,90,-4,4
65250,70,66,4,4
65251,120,120,0,0
65252,117,116,1,1
65253,118,94,24,24
65254,66,65,1,1
65255,70,66,4,4
65256,51,52,-1,1
65257,80,84,-4,4
65258,78,83,-5,5
65259,136,120,16,16
65260,105,105,0,0
65261,94,87,7,7
65262,119,111,8,8
65263,119,119,0,0
65264,66,65,1,1
65265,133,124,9,9
65266,106,101,5,5
65267,110,96,14,14
65268,109,103,6,6
65269,97,113,-16,16
65270,54,58,-4,4
65271,143,129,14,14
65272,103,107,-4,4
65273,55,59,-4,4
65274,72,70,2,2
65275,300,251,49,49
65276,110,107,3,3
65277,120,121,-1,1
65278,114,123,-9,9
65279,65,65,0,0
65280,51,56,-5,5
65281,107,97,10,10
65282,86,91,-5,5
65283,91,91,0,0
65284,102,95,7,7
65285,72,62,10,10
65286,82,80,2,2
65287,134,125,9,9
65288,133,124,9,9
65289,79,86,-7,7
65290,146,144,2,2
65291,176,165,11,11
65292,117,114,3,3
65293,82,87,-5,5
65294,105,100,5,5
65295,89,92,-3,3
65296,72,77,-5,5
65297,71,60,11,11
65298,117,121,-4,4
65299,140,130,10,10
65300,80,83,-3,3
65301,53,54,-1,1
65302,185,182,3,3
65303,111,100,11,11
65304,92,98,-6,6
65305,91,87,4,4
65306,112,99,13,13
65307,59,57,2,2
65308,106,99,7,7
65309,53,60,-7,7
65310,132,129,3,3
65311,80,84,-4,4
65312,163,161,2,2
65313,58,67,-9,9
65314,138,122,16,16
65315,173,167,6,6
65316,64,69,-5,5
65317,78,76,2,2
65318,101,107,-6,6
65319,103,100,3,3
65320,87,78,9,9
65321,105,102,3,3
65322,94,88,6,6
65323,89,86,3,3
65324,63,68,-5,5
65325,92,88,4,4
65326,139,142,-3,3
65327,78,83,-5,5
65328,58,79,-21,21
65329,77,82,-5,5
65330,71,109,-38,38
65331,154,154,0,0
65332,93,88,5,5
65333,61,59,2,2
65334,168,155,13,13
65335,139,127,12,12
65336,78,77,1,1
65337,132,123,9,9
65338,56,55,1,1
65339,78,83,-5,5
65340,86,87,-1,1
65341,68,66,2,2
65342,31,60,-29,29
65343,60,61,-1,1
65344,150,142,8,8
65345,117,112,5,5
65346,104,101,3,3
65347,102,101,1,1
65348,77,86,-9,9
65349,64,68,-4,4
65350,103,105,-2,2
65351,113,110,3,3
65352,96,97,-1,1
65353,114,90,24,24
65354,126,121,5,5
65355,106,109,-3,3
65356,59,61,-2,2
65357,81,85,-4,4
65358,109,103,6,6
65359,121,129,-8,8
65360,70,65,5,5
65361,148,146,2,2
65362,94,92,2,2
65363,127,117,10,10
65364,117,118,-1,1
65365,104,100,4,4
65366,46,55,-9,9
65367,106,121,-15,15
65368,94,85,9,9
65369,124,114,10,10
65370,62,66,-4,4
65371,62,78,-16,16
65372,74,81,-7,7
65373,53,55,-2,2
65374,40,51,-11,11
65375,70,68,2,2
65376,60,59,1,1
65377,45,50,-5,5
65378,111,112,-1,1
65379,37,53,-16,16
65380,88,99,-11,11
65381,51,105,-54,54
65382,66,66,0,0
65383,76,73,3,3
65384,91,85,6,6
65385,121,122,-1,1
65386,135,128,7,7
65387,87,92,-5,5
65388,99,96,3,3
65389,106,103,3,3
65390,83,86,-3,3
65391,94,86,8,8
65392,76,78,-2,2
65393,69,67,2,2
65394,100,109,-9,9
65395,118,117,1,1
65396,66,81,-15,15
65397,89,91,-2,2
65398,104,119,-15,15
65399,110,95,15,15
65400,106,100,6,6
65401,118,118,0,0
65402,83,89,-6,6
65403,85,82,3,3
65404,73,84,-11,11
65405,72,64,8,8
65406,61,63,-2,2
65407,59,60,-1,1
65408,114,115,-1,1
65409,68,71,-3,3
65410,179,174,5,5
65411,70,68,2,2
65412,91,88,3,3
65413,114,110,4,4
65414,108,105,3,3
65415,79,83,-4,4
65416,79,75,4,4
65417,125,126,-1,1
65418,117,95,22,22
65419,68,74,-6,6
65420,79,79,0,0
65421,103,112,-9,9
65422,207,179,28,28
65423,63,66,-3,3
65424,117,114,3,3
65425,63,58,5,5
65426,71,68,3,3
65427,74,82,-8,8
65428,55,56,-1,1
65429,170,158,12,12
65430,69,69,0,0
65431,51,62,-11,11
65432,55,55,0,0
65433,73,76,-3,3
65434,89,106,-17,17
65435,173,158,15,15
65436,119,116,3,3
65437,85,87,-2,2
65438,94,97,-3,3
65439,104,93,11,11
65440,96,97,-1,1
65441,61,65,-4,4
65442,86,89,-3,3
65443,95,93,2,2
65444,161,151,10,10
65445,80,82,-2,2
65446,112,106,6,6
65447,75,81,-6,6
65448,141,130,11,11
65449,161,159,2,2
65450,99,99,0,0
65451,94,91,3,3
65452,146,132,14,14
65453,72,71,1,1
65454,105,92,13,13
65455,69,68,1,1
65456,113,105,8,8
65457,132,112,20,20
65458,121,122,-1,1
65459,91,95,-4,4
65460,70,64,6,6
65461,96,95,1,1
65462,155,145,10,10
65463,130,134,-4,4
65464,186,165,21,21
65465,96,99,-3,3
65466,146,157,-11,11
65467,113,107,6,6
65468,86,90,-4,4
65469,104,102,2,2
65470,66,62,4,4
65471,96,88,8,8
65472,88,78,10,10
65473,111,104,7,7
65474,146,131,15,15
65475,86,71,15,15
65476,46,52,-6,6
65477,72,70,2,2
65478,170,155,15,15
65479,35,50,-15,15
65480,90,91,-1,1
65481,143,142,1,1
65482,157,146,11,11
65483,62,68,-6,6
65484,65,59,6,6
65485,75,71,4,4
65486,89,90,-1,1
65487,82,72,10,10
65488,80,85,-5,5
65489,56,53,3,3
65490,76,72,4,4
65491,113,112,1,1
65492,104,111,-7,7
65493,99,95,4,4
65494,62,61,1,1
65495,140,143,-3,3
65496,76,79,-3,3
65497,114,110,4,4
65498,108,110,-2,2
65499,81,71,10,10
65500,63,62,1,1
65501,125,119,6,6
65502,70,58,12,12
65503,90,90,0,0
65504,37,50,-13,13
65505,92,101,-9,9
65506,96,102,-6,6
65507,85,84,1,1
65508,106,109,-3,3
65509,86,80,6,6
65510,101,89,12,12
65511,101,99,2,2
65512,100,103,-3,3
65513,105,99,6,6
65514,71,76,-5,5
65515,58,58,0,0
65516,179,164,15,15
65517,106,105,1,1
65518,89,80,9,9
65519,84,79,5,5
65520,113,106,7,7
65521,129,118,11,11
65522,87,92,-5,5
65523,122,124,-2,2
65524,109,109,0,0
65525,78,87,-9,9
65526,96,96,0,0
65527,176,152,24,24
65528,114,111,3,3
65529,89,77,12,12
65530,115,103,12,12
65531,73,65,8,8
65532,68,71,-3,3
65533,148,143,5,5
65534,70,68,2,2
65535,108,103,5,5
65536,60,57,3,3
65537,98,86,12,12
65538,47,52,-5,5
65539,84,90,-6,6
65540,60,56,4,4
65541,119,124,-5,5
65542,66,68,-2,2
65543,115,113,2,2
65544,172,150,22,22
65545,105,98,7,7
65546,83,78,5,5
65547,75,68,7,7
65548,48,51,-3,3
65549,100,100,0,0
65550,59,62,-3,3
65551,67,61,6,6
65552,103,110,-7,7
65553,48,51,-3,3
65554,108,119,-11,11
65555,77,60,17,17
65556,126,123,3,3
65557,82,100,-18,18
65558,38,60,-22,22
65559,99,93,6,6
65560,56,56,0,0
65561,131,115,16,16
65562,96,86,10,10
65563,83,86,-3,3
65564,120,112,8,8
65565,102,90,12,12
65566,93,97,-4,4
65567,127,120,7,7
65568,67,55,12,12
65569,98,94,4,4
65570,77,68,9,9
65571,84,75,9,9
65572,96,92,4,4
65573,118,111,7,7
65574,84,84,0,0
65575,70,85,-15,15
65576,100,98,2,2
65577,118,112,6,6
65578,54,57,-3,3
65579,170,160,10,10
65580,91,98,-7,7
65581,86,82,4,4
65582,82,87,-5,5
65583,123,123,0,0
65584,94,93,1,1
65585,86,76,10,10
65586,142,148,-6,6
65587,132,114,18,18
65588,140,133,7,7
65589,177,153,24,24
65590,54,61,-7,7
65591,51,57,-6,6
65592,130,120,10,10
65593,71,73,-2,2
65594,61,57,4,4
65595,93,89,4,4
65596,93,100,-7,7
65597,83,81,2,2
65598,104,94,10,10
65599,93,97,-4,4
65600,88,84,4,4
65601,89,92,-3,3
65602,154,155,-1,1
65603,53,54,-1,1
65604,85,83,2,2
65605,89,97,-8,8
65606,107,108,-1,1
65607,102,100,2,2
65608,88,94,-6,6
65609,35,50,-15,15
65610,118,111,7,7
65611,63,60,3,3
65612,56,62,-6,6
65613,41,55,-14,14
65614,108,108,0,0
65615,137,134,3,3
65616,70,63,7,7
65617,131,141,-10,10
65618,83,73,10,10
65619,87,85,2,2
65620,87,95,-8,8
65621,134,132,2,2
65622,108,90,18,18
65623,73,87,-14,14
65624,110,103,7,7
65625,100,78,22,22
65626,57,90,-33,33
65627,101,99,2,2
65628,124,118,6,6
65629,100,100,0,0
65630,116,119,-3,3
65631,124,106,18,18
65632,119,122,-3,3
65633,95,110,-15,15
65634,131,119,12,12
65635,46,52,-6,6
65636,119,109,10,10
65637,86,79,7,7
65638,148,145,3,3
65639,63,62,1,1
65640,84,81,3,3
65641,88,82,6,6
65642,125,112,13,13
65643,180,159,21,21
65644,92,99,-7,7
65645,73,77,-4,4
65646,54,58,-4,4
65647,125,129,-4,4
65648,158,151,7,7
65649,115,112,3,3
65650,176,171,5,5
65651,71,88,-17,17
65652,109,119,-10,10
65653,115,112,3,3
65654,135,127,8,8
65655,75,74,1,1
65656,71,72,-1,1
65657,74,86,-12,12
65658,123,130,-7,7
65659,85,86,-1,1
65660,124,112,12,12
65661,51,52,-1,1
65662,53,59,-6,6
65663,97,105,-8,8
65664,92,94,-2,2
65665,122,124,-2,2
65666,183,163,20,20
65667,94,100,-6,6
65668,151,137,14,14
65669,65,65,0,0
65670,146,140,6,6
65671,68,76,-8,8
65672,186,145,41,41
65673,121,109,12,12
65674,77,73,4,4
65675,99,109,-10,10
65676,102,104,-2,2
65677,80,78,2,2
65678,123,117,6,6
65679,90,94,-4,4
65680,96,99,-3,3
65681,119,100,19,19
65682,136,133,3,3
65683,84,78,6,6
65684,135,133,2,2
65685,84,104,-20,20
65686,56,57,-1,1
65687,81,84,-3,3
65688,69,60,9,9
65689,89,74,15,15
65690,105,102,3,3
65691,113,112,1,1
65692,79,75,4,4
65693,167,151,16,16
65694,85,77,8,8
65695,80,79,1,1
65696,72,75,-3,3
65697,129,125,4,4
65698,155,136,19,19
65699,53,55,-2,2
65700,48,52,-4,4
65701,45,50,-5,5
65702,55,56,-1,1
65703,99,101,-2,2
65704,91,90,1,1
65705,75,70,5,5
65706,84,82,2,2
65707,38,51,-13,13
65708,41,58,-17,17
65709,86,87,-1,1
65710,76,69,7,7
65711,53,57,-4,4
65712,63,64,-1,1
65713,79,74,5,5
65714,145,136,9,9
65715,97,96,1,1
65716,120,116,4,4
65717,74,74,0,0
65718,96,96,0,0
65719,101,92,9,9
65720,94,100,-6,6
65721,92,83,9,9
65722,83,72,11,11
65723,122,106,16,16
65724,57,57,0,0
65725,56,61,-5,5
65726,123,123,0,0
65727,104,102,2,2
65728,147,133,14,14
65729,190,196,-6,6
65730,120,114,6,6
65731,173,163,10,10
65732,52,51,1,1
65733,134,123,11,11
65734,110,101,9,9
65735,84,81,3,3
65736,92,94,-2,2
65737,112,100,12,12
65738,60,61,-1,1
65739,76,75,1,1
65740,159,144,15,15
65741,61,67,-6,6
65742,141,127,14,14
65743,107,106,1,1
65744,103,93,10,10
65745,129,133,-4,4
65746,61,57,4,4
65747,77,70,7,7
65748,84,87,-3,3
65749,78,79,-1,1
65750,47,50,-3,3
65751,140,129,11,11
65752,56,54,2,2
65753,154,139,15,15
65754,77,87,-10,10
65755,85,69,16,16
65756,104,114,-10,10
65757,70,85,-15,15
65758,71,73,-2,2
65759,63,61,2,2
65760,84,83,1,1
65761,110,100,10,10
65762,88,96,-8,8
65763,74,76,-2,2
65764,72,86,-14,14
65765,46,51,-5,5
65766,94,93,1,1
65767,93,103,-10,10
65768,63,62,1,1
65769,100,101,-1,1
65770,71,69,2,2
65771,113,113,0,0
65772,88,84,4,4
65773,83,65,18,18
65774,76,84,-8,8
65775,83,71,12,12
65776,153,134,19,19
65777,134,136,-2,2
65778,91,91,0,0
65779,56,56,0,0
65780,89,91,-2,2
65781,51,56,-5,5
65782,121,113,8,8
65783,107,107,0,0
65784,97,143,-46,46
65785,79,78,1,1
65786,115,109,6,6
65787,60,62,-2,2
65788,105,101,4,4
65789,65,69,-4,4
65790,57,59,-2,2
65791,169,155,14,14
65792,92,91,1,1
65793,104,118,-14,14
65794,68,65,3,3
65795,72,67,5,5
65796,92,92,0,0
65797,124,123,1,1
65798,85,87,-2,2
65799,123,121,2,2
65800,112,105,7,7
65801,138,148,-10,10
65802,205,189,16,16
65803,88,89,-1,1
65804,82,84,-2,2
65805,77,81,-4,4
65806,68,65,3,3
65807,125,120,5,5
65808,87,82,5,5
65809,112,116,-4,4
65810,66,76,-10,10
65811,132,122,10,10
65812,136,118,18,18
65813,232,213,19,19
65814,63,66,-3,3
65815,77,83,-6,6
65816,121,117,4,4
65817,161,150,11,11
65818,200,157,43,43
65819,65,63,2,2
65820,104,94,10,10
65821,129,111,18,18
65822,129,143,-14,14
65823,123,115,8,8
65824,72,77,-5,5
65825,59,59,0,0
65826,94,104,-10,10
65827,102,114,-12,12
65828,74,70,4,4
65829,64,64,0,0
65830,48,53,-5,5
65831,80,81,-1,1
65832,112,100,12,12
65833,67,123,-56,56
65834,79,86,-7,7
65835,79,83,-4,4
65836,51,55,-4,4
65837,213,196,17,17
65838,116,121,-5,5
65839,82,84,-2,2
65840,88,90,-2,2
65841,154,162,-8,8
65842,93,89,4,4
65843,115,114,1,1
65844,58,55,3,3
65845,89,96,-7,7
65846,69,68,1,1
65847,124,113,11,11
65848,87,86,1,1
65849,114,112,2,2
65850,75,76,-1,1
65851,46,64,-18,18
65852,54,56,-2,2
65853,63,61,2,2
65854,54,55,-1,1
65855,70,65,5,5
65856,98,92,6,6
65857,74,74,0,0
65858,76,73,3,3
65859,80,76,4,4
65860,73,135,-62,62
65861,108,107,1,1
65862,100,93,7,7
65863,64,55,9,9
65864,101,103,-2,2
65865,75,72,3,3
65866,66,72,-6,6
65867,142,134,8,8
65868,47,52,-5,5
65869,71,61,10,10
65870,26,50,-24,24
65871,53,59,-6,6
65872,133,131,2,2
65873,96,95,1,1
65874,91,97,-6,6
65875,83,76,7,7
65876,103,106,-3,3
65877,89,81,8,8
65878,90,94,-4,4
65879,95,105,-10,10
65880,32,50,-18,18
65881,72,74,-2,2
65882,99,82,17,17
65883,115,115,0,0
65884,86,93,-7,7
65885,93,107,-14,14
65886,129,116,13,13
65887,92,92,0,0
65888,114,114,0,0
65889,84,85,-1,1
65890,93,91,2,2
65891,89,105,-16,16
65892,59,59,0,0
65893,63,63,0,0
65894,59,59,0,0
65895,115,113,2,2
65896,144,123,21,21
65897,76,83,-7,7
65898,112,106,6,6
65899,118,130,-12,12
65900,80,85,-5,5
65901,106,100,6,6
65902,92,96,-4,4
65903,65,66,-1,1
65904,130,138,-8,8
65905,108,99,9,9
65906,44,57,-13,13
65907,101,105,-4,4
65908,72,76,-4,4
65909,67,67,0,0
65910,73,74,-1,1
65911,184,174,10,10
65912,83,78,5,5
65913,77,76,1,1
65914,113,106,7,7
65915,46,50,-4,4
65916,101,105,-4,4
65917,92,97,-5,5
65918,122,114,8,8
65919,67,61,6,6
65920,134,121,13,13
65921,82,85,-3,3
65922,142,142,0,0
65923,101,91,10,10
65924,119,126,-7,7
65925,44,51,-7,7
65926,105,106,-1,1
65927,99,103,-4,4
65928,127,120,7,7
65929,76,73,3,3
65930,107,95,12,12
65931,104,106,-2,2
65932,104,97,7,7
65933,100,97,3,3
65934,106,98,8,8
65935,66,61,5,5
65936,154,137,17,17
65937,124,124,0,0
65938,118,118,0,0
65939,79,79,0,0
65940,76,76,0,0
65941,89,83,6,6
65942,67,71,-4,4
65943,104,104,0,0
65944,108,95,13,13
65945,76,75,1,1
65946,47,52,-5,5
65947,98,105,-7,7
65948,137,142,-5,5
65949,111,107,4,4
65950,62,61,1,1
65951,37,50,-13,13
65952,69,66,3,3
65953,115,120,-5,5
65954,98,100,-2,2
65955,62,64,-2,2
65956,94,93,1,1
65957,46,76,-30,30
65958,97,88,9,9
65959,108,100,8,8
65960,124,124,0,0
65961,74,88,-14,14
65962,113,113,0,0
65963,96,101,-5,5
65964,135,129,6,6
65965,81,83,-2,2
65966,101,98,3,3
65967,109,115,-6,6
65968,121,118,3,3
65969,62,54,8,8
65970,105,114,-9,9
65971,105,92,13,13
65972,96,77,19,19
65973,90,73,17,17
65974,81,74,7,7
65975,137,128,9,9
65976,86,81,5,5
65977,86,90,-4,4
65978,105,109,-4,4
65979,120,113,7,7
65980,70,64,6,6
65981,90,86,4,4
65982,90,88,2,2
65983,79,79,0,0
65984,62,63,-1,1
65985,56,63,-7,7
65986,62,61,1,1
65987,123,111,12,12
65988,108,112,-4,4
65989,73,74,-1,1
65990,92,87,5,5
65991,97,91,6,6
65992,94,87,7,7
65993,119,116,3,3
65994,125,120,5,5
65995,252,221,31,31
65996,124,125,-1,1
65997,76,85,-9,9
65998,120,118,2,2
65999,83,82,1,1
66000,82,83,-1,1
66001,93,95,-2,2
66002,56,59,-3,3
66003,78,91,-13,13
66004,121,150,-29,29
66005,100,88,12,12
66006,91,81,10,10
66007,66,64,2,2
66008,62,59,3,3
66009,72,70,2,2
66010,77,82,-5,5
66011,93,90,3,3
66012,176,158,18,18
66013,55,57,-2,2
66014,75,79,-4,4
66015,60,60,0,0
66016,143,133,10,10
66017,117,121,-4,4
66018,36,57,-21,21
66019,45,50,-5,5
66020,96,95,1,1
66021,81,90,-9,9
66022,106,98,8,8
66023,83,89,-6,6
66024,105,98,7,7
66025,80,86,-6,6
66026,43,52,-9,9
66027,103,104,-1,1
66028,134,125,9,9
66029,53,55,-2,2
66030,115,105,10,10
66031,157,136,21,21
66032,67,81,-14,14
66033,104,119,-15,15
66034,148,147,1,1
66035,116,109,7,7
66036,100,92,8,8
66037,63,65,-2,2
66038,71,78,-7,7
66039,71,63,8,8
66040,67,72,-5,5
66041,105,112,-7,7
66042,102,101,1,1
66043,53,54,-1,1
66044,71,72,-1,1
66045,115,118,-3,3
66046,105,98,7,7
66047,62,78,-16,16
66048,119,116,3,3
66049,151,137,14,14
66050,55,63,-8,8
66051,76,80,-4,4
66052,37,50,-13,13
66053,126,99,27,27
66054,116,91,25,25
66055,119,117,2,2
66056,86,81,5,5
66057,64,69,-5,5
66058,53,61,-8,8
66059,108,101,7,7
66060,118,111,7,7
66061,126,125,1,1
66062,71,70,1,1
66063,99,100,-1,1
66064,49,56,-7,7
66065,87,85,2,2
66066,75,70,5,5
66067,89,89,0,0
66068,94,89,5,5
66069,100,91,9,9
66070,80,72,8,8
66071,78,76,2,2
66072,65,71,-6,6
66073,104,100,4,4
66074,111,117,-6,6
66075,182,150,32,32
66076,69,68,1,1
66077,67,66,1,1
66078,99,117,-18,18
66079,82,73,9,9
66080,99,81,18,18
66081,66,64,2,2
66082,162,154,8,8
66083,142,130,12,12
66084,84,81,3,3
66085,70,86,-16,16
66086,106,104,2,2
66087,57,60,-3,3
66088,89,79,10,10
66089,119,111,8,8
66090,90,84,6,6
66091,59,66,-7,7
66092,80,78,2,2
66093,113,109,4,4
66094,47,51,-4,4
66095,72,73,-1,1
66096,178,186,-8,8
66097,76,87,-11,11
66098,96,101,-5,5
66099,83,83,0,0
66100,63,64,-1,1
66101,144,141,3,3
66102,42,53,-11,11
66103,52,51,1,1
66104,125,113,12,12
66105,63,64,-1,1
66106,69,58,11,11
66107,78,69,9,9
66108,63,83,-20,20
66109,80,87,-7,7
66110,101,101,0,0
66111,187,151,36,36
66112,163,148,15,15
66113,109,112,-3,3
66114,101,108,-7,7
66115,86,88,-2,2
66116,72,86,-14,14
66117,142,170,-28,28
66118,99,86,13,13
66119,64,67,-3,3
66120,79,80,-1,1
66121,85,84,1,1
66122,107,87,20,20
66123,97,95,2,2
66124,116,111,5,5
66125,67,67,0,0
66126,89,103,-14,14
66127,122,111,11,11
66128,140,139,1,1
66129,62,59,3,3
66130,119,129,-10,10
66131,117,110,7,7
66132,104,116,-12,12
66133,47,54,-7,7
66134,73,74,-1,1
66135,159,133,26,26
66136,101,101,0,0
66137,77,65,12,12
66138,58,56,2,2
66139,78,77,1,1
66140,97,92,5,5
66141,76,74,2,2
66142,88,90,-2,2
66143,64,60,4,4
66144,81,90,-9,9
66145,69,66,3,3
66146,115,130,-15,15
66147,65,85,-20,20
66148,76,66,10,10
66149,58,60,-2,2
66150,33,50,-17,17
66151,133,127,6,6
66152,45,68,-23,23
66153,123,120,3,3
66154,100,98,2,2
66155,82,86,-4,4
66156,83,84,-1,1
66157,117,106,11,11
66158,74,68,6,6
66159,103,102,1,1
66160,72,75,-3,3
66161,142,127,15,15
66162,121,109,12,12
66163,82,79,3,3
66164,80,74,6,6
66165,100,104,-4,4
66166,164,160,4,4
66167,95,91,4,4
66168,57,62,-5,5
66169,81,70,11,11
66170,39,50,-11,11
66171,123,119,4,4
66172,127,119,8,8
66173,82,81,1,1
66174,105,103,2,2
66175,72,69,3,3
66176,37,50,-13,13
66177,85,89,-4,4
66178,152,144,8,8
66179,80,72,8,8
66180,55,58,-3,3
66181,76,89,-13,13
66182,21,50,-29,29
66183,220,199,21,21
66184,159,140,19,19
66185,90,93,-3,3
66186,148,147,1,1
66187,102,96,6,6
66188,83,77,6,6
66189,80,95,-15,15
66190,100,88,12,12
66191,111,99,12,12
66192,79,84,-5,5
66193,82,79,3,3
66194,82,82,0,0
66195,197,186,11,11
66196,188,171,17,17
66197,177,178,-1,1
66198,76,74,2,2
66199,157,171,-14,14
66200,49,55,-6,6
66201,44,58,-14,14
66202,66,68,-2,2
66203,156,142,14,14
66204,111,120,-9,9
66205,69,78,-9,9
66206,188,178,10,10
66207,126,110,16,16
66208,73,67,6,6
66209,111,101,10,10
66210,94,86,8,8
66211,57,68,-11,11
66212,132,124,8,8
66213,164,161,3,3
66214,55,58,-3,3
66215,139,129,10,10
66216,77,68,9,9
66217,43,53,-10,10
66218,96,89,7,7
66219,88,84,4,4
66220,74,70,4,4
66221,81,83,-2,2
66222,84,86,-2,2
66223,100,97,3,3
66224,108,95,13,13
66225,44,57,-13,13
66226,77,84,-7,7
66227,79,83,-4,4
66228,111,112,-1,1
66229,86,83,3,3
66230,61,62,-1,1
66231,85,82,3,3
66232,45,66,-21,21
66233,81,73,8,8
66234,159,146,13,13
66235,80,74,6,6
66236,94,84,10,10
66237,89,88,1,1
66238,96,93,3,3
66239,95,81,14,14
66240,127,110,17,17
66241,71,62,9,9
66242,68,65,3,3
66243,80,88,-8,8
66244,122,115,7,7
66245,136,132,4,4
66246,95,95,0,0
66247,89,83,6,6
66248,88,91,-3,3
66249,44,50,-6,6
66250,121,111,10,10
66251,47,52,-5,5
66252,72,70,2,2
66253,72,71,1,1
66254,145,159,-14,14
66255,77,79,-2,2
66256,129,141,-12,12
66257,65,68,-3,3
66258,121,113,8,8
66259,92,87,5,5
66260,100,104,-4,4
66261,36,50,-14,14
66262,122,116,6,6
66263,112,100,12,12
66264,76,70,6,6
66265,112,122,-10,10
66266,75,81,-6,6
66267,81,83,-2,2
66268,102,87,15,15
66269,43,75,-32,32
66270,92,93,-1,1
66271,118,103,15,15
66272,73,70,3,3
66273,179,181,-2,2
66274,63,69,-6,6
66275,128,133,-5,5
66276,161,162,-1,1
66277,178,151,27,27
66278,90,85,5,5
66279,74,75,-1,1
66280,74,76,-2,2
66281,95,97,-2,2
66282,98,100,-2,2
66283,94,89,5,5
66284,115,120,-5,5
66285,131,132,-1,1
66286,99,78,21,21
66287,87,85,2,2
66288,74,77,-3,3
66289,56,57,-1,1
66290,58,60,-2,2
66291,77,82,-5,5
66292,122,108,14,14
66293,70,73,-3,3
66294,40,54,-14,14
66295,106,109,-3,3
66296,100,103,-3,3
66297,73,77,-4,4
66298,72,62,10,10
66299,99,101,-2,2
66300,135,137,-2,2
66301,184,164,20,20
66302,50,68,-18,18
66303,77,76,1,1
66304,48,52,-4,4
66305,76,67,9,9
66306,87,95,-8,8
66307,137,126,11,11
66308,110,114,-4,4
66309,84,88,-4,4
66310,74,81,-7,7
66311,83,74,9,9
66312,76,75,1,1
66313,107,132,-25,25
66314,78,69,9,9
66315,87,82,5,5
66316,64,69,-5,5
66317,60,61,-1,1
66318,94,99,-5,5
66319,80,73,7,7
66320,50,51,-1,1
66321,54,53,1,1
66322,65,61,4,4
66323,101,116,-15,15
66324,89,86,3,3
66325,127,124,3,3
66326,59,68,-9,9
66327,90,99,-9,9
66328,77,81,-4,4
66329,100,107,-7,7
66330,103,103,0,0
66331,33,54,-21,21
66332,61,60,1,1
66333,63,77,-14,14
66334,47,53,-6,6
66335,51,53,-2,2
66336,141,141,0,0
66337,74,72,2,2
66338,74,74,0,0
66339,85,80,5,5
66340,149,134,15,15
66341,90,91,-1,1
66342,79,85,-6,6
66343,93,104,-11,11
66344,79,77,2,2
66345,146,147,-1,1
66346,81,81,0,0
66347,83,106,-23,23
66348,196,184,12,12
66349,114,103,11,11
66350,102,99,3,3
66351,140,131,9,9
66352,46,50,-4,4
66353,189,173,16,16
66354,102,104,-2,2
66355,96,90,6,6
66356,73,86,-13,13
66357,131,136,-5,5
66358,143,130,13,13
66359,94,112,-18,18
66360,95,98,-3,3
66361,131,123,8,8
66362,138,128,10,10
66363,55,61,-6,6
66364,40,50,-10,10
66365,97,90,7,7
66366,70,77,-7,7
66367,95,92,3,3
66368,86,77,9,9
66369,107,99,8,8
66370,45,57,-12,12
66371,107,107,0,0
66372,77,71,6,6
66373,75,69,6,6
66374,85,85,0,0
66375,81,85,-4,4
66376,100,90,10,10
66377,65,75,-10,10
66378,57,60,-3,3
66379,61,58,3,3
66380,79,80,-1,1
66381,104,103,1,1
66382,106,106,0,0
66383,55,56,-1,1
66384,100,95,5,5
66385,89,92,-3,3
66386,73,70,3,3
66387,77,82,-5,5
66388,59,59,0,0
66389,71,70,1,1
66390,52,66,-14,14
66391,58,57,1,1
66392,72,67,5,5
66393,90,86,4,4
66394,57,63,-6,6
66395,82,94,-12,12
66396,92,90,2,2
66397,88,76,12,12
66398,49,55,-6,6
66399,91,82,9,9
66400,171,160,11,11
66401,75,89,-14,14
66402,82,79,3,3
66403,74,70,4,4
66404,116,116,0,0
66405,95,81,14,14
66406,116,102,14,14
66407,74,102,-28,28
66408,100,97,3,3
66409,81,90,-9,9
66410,141,154,-13,13
66411,113,107,6,6
66412,100,94,6,6
66413,80,72,8,8
66414,96,89,7,7
66415,83,85,-2,2
66416,68,77,-9,9
66417,66,62,4,4
66418,73,74,-1,1
66419,169,167,2,2
66420,119,103,16,16
66421,82,93,-11,11
66422,85,84,1,1
66423,92,107,-15,15
66424,92,95,-3,3
66425,164,157,7,7
66426,131,131,0,0
66427,106,124,-18,18
66428,72,70,2,2
66429,54,58,-4,4
66430,75,78,-3,3
66431,62,62,0,0
66432,89,84,5,5
66433,63,57,6,6
66434,87,82,5,5
66435,136,121,15,15
66436,79,77,2,2
66437,86,87,-1,1
66438,71,72,-1,1
66439,68,62,6,6
66440,127,121,6,6
66441,78,85,-7,7
66442,43,50,-7,7
66443,82,79,3,3
66444,61,66,-5,5
66445,91,100,-9,9
66446,78,78,0,0
66447,121,120,1,1
66448,83,85,-2,2
66449,169,172,-3,3
66450,56,60,-4,4
66451,78,65,13,13
66452,73,74,-1,1
66453,66,69,-3,3
66454,67,57,10,10
66455,69,66,3,3
66456,96,93,3,3
66457,118,109,9,9
66458,67,69,-2,2
66459,58,63,-5,5
66460,77,63,14,14
66461,164,146,18,18
66462,57,58,-1,1
66463,98,100,-2,2
66464,97,94,3,3
66465,58,60,-2,2
66466,107,108,-1,1
66467,70,75,-5,5
66468,121,111,10,10
66469,144,131,13,13
66470,157,151,6,6
66471,113,114,-1,1
66472,66,61,5,5
66473,47,87,-40,40
66474,106,96,10,10
66475,77,81,-4,4
66476,180,179,1,1
66477,55,58,-3,3
66478,57,69,-12,12
66479,104,105,-1,1
66480,120,118,2,2
66481,124,116,8,8
66482,157,163,-6,6
66483,185,185,0,0
66484,63,62,1,1
66485,158,137,21,21
66486,161,165,-4,4
66487,61,64,-3,3
66488,104,108,-4,4
66489,65,60,5,5
66490,174,165,9,9
66491,52,57,-5,5
66492,118,107,11,11
66493,89,88,1,1
66494,88,84,4,4
66495,88,90,-2,2
66496,62,68,-6,6
66497,67,67,0,0
66498,118,109,9,9
66499,113,117,-4,4
66500,99,104,-5,5
66501,68,67,1,1
66502,50,50,0,0
66503,123,122,1,1
66504,97,91,6,6
66505,93,108,-15,15
66506,132,109,23,23
66507,70,70,0,0
66508,65,59,6,6
66509,80,95,-15,15
66510,79,76,3,3
66511,96,95,1,1
66512,69,77,-8,8
66513,142,137,5,5
66514,126,124,2,2
66515,88,107,-19,19
66516,57,55,2,2
66517,68,61,7,7
66518,97,105,-8,8
66519,128,126,2,2
66520,129,140,-11,11
66521,92,87,5,5
66522,146,120,26,26
66523,83,86,-3,3
66524,92,86,6,6
66525,207,183,24,24
66526,40,53,-13,13
66527,92,92,0,0
66528,95,104,-9,9
66529,107,102,5,5
66530,51,57,-6,6
66531,210,184,26,26
66532,73,70,3,3
66533,103,95,8,8
66534,120,118,2,2
66535,132,112,20,20
66536,112,106,6,6
66537,86,85,1,1
66538,195,190,5,5
66539,69,68,1,1
66540,91,87,4,4
66541,57,72,-15,15
66542,112,105,7,7
66543,72,81,-9,9
66544,90,84,6,6
66545,99,95,4,4
66546,46,53,-7,7
66547,51,54,-3,3
66548,107,105,2,2
66549,156,155,1,1
66550,61,62,-1,1
66551,88,82,6,6
66552,107,101,6,6
66553,121,108,13,13
66554,89,80,9,9
66555,99,103,-4,4
66556,87,92,-5,5
66557,46,55,-9,9
66558,152,153,-1,1
66559,67,66,1,1
66560,164,164,0,0
66561,68,72,-4,4
66562,94,91,3,3
66563,60,64,-4,4
66564,205,178,27,27
66565,92,88,4,4
66566,95,88,7,7
66567,67,59,8,8
66568,55,59,-4,4
66569,151,133,18,18
66570,160,150,10,10
66571,29,50,-21,21
66572,108,106,2,2
66573,112,117,-5,5
66574,109,160,-51,51
66575,86,78,8,8
66576,75,79,-4,4
66577,60,60,0,0
66578,64,70,-6,6
66579,64,85,-21,21
66580,110,115,-5,5
66581,81,88,-7,7
66582,79,79,0,0
66583,124,114,10,10
66584,94,98,-4,4
66585,73,90,-17,17
66586,111,104,7,7
66587,107,102,5,5
66588,71,67,4,4
66589,125,124,1,1
66590,123,112,11,11
66591,63,62,1,1
66592,98,100,-2,2
66593,101,92,9,9
66594,129,124,5,5
66595,96,97,-1,1
66596,58,57,1,1
66597,162,160,2,2
66598,48,52,-4,4
66599,151,141,10,10
66600,67,63,4,4
66601,122,115,7,7
66602,100,102,-2,2
66603,135,144,-9,9
66604,213,177,36,36
66605,129,139,-10,10
66606,61,66,-5,5
66607,70,76,-6,6
66608,88,88,0,0
66609,75,72,3,3
66610,159,159,0,0
66611,100,105,-5,5
66612,75,68,7,7
66613,120,137,-17,17
66614,70,71,-1,1
66615,129,118,11,11
66616,124,102,22,22
66617,105,100,5,5
66618,60,56,4,4
66619,76,65,11,11
66620,64,74,-10,10
66621,145,135,10,10
66622,95,107,-12,12
66623,104,110,-6,6
66624,148,138,10,10
66625,126,125,1,1
66626,142,132,10,10
66627,67,67,0,0
66628,96,100,-4,4
66629,114,110,4,4
66630,47,56,-9,9
66631,125,128,-3,3
66632,66,70,-4,4
66633,203,225,-22,22
66634,58,64,-6,6
66635,114,106,8,8
66636,100,122,-22,22
66637,92,103,-11,11
66638,114,119,-5,5
66639,67,66,1,1
66640,56,54,2,2
66641,78,76,2,2
66642,62,60,2,2
66643,77,89,-12,12
66644,104,96,8,8
66645,37,51,-14,14
66646,94,93,1,1
66647,108,97,11,11
66648,42,51,-9,9
66649,106,104,2,2
66650,74,71,3,3
66651,116,105,11,11
66652,77,64,13,13
66653,123,126,-3,3
66654,89,96,-7,7
66655,74,69,5,5
66656,118,116,2,2
66657,73,76,-3,3
66658,69,86,-17,17
66659,79,77,2,2
66660,58,63,-5,5
66661,172,146,26,26
66662,118,107,11,11
66663,140,131,9,9
66664,124,127,-3,3
66665,111,101,10,10
66666,88,101,-13,13
66667,90,114,-24,24
66668,59,55,4,4
66669,139,142,-3,3
66670,125,128,-3,3
66671,64,64,0,0
66672,147,131,16,16
66673,50,58,-8,8
66674,81,82,-1,1
66675,105,101,4,4
66676,63,64,-1,1
66677,87,91,-4,4
66678,90,88,2,2
66679,47,51,-4,4
66680,134,129,5,5
66681,61,60,1,1
66682,73,90,-17,17
66683,73,68,5,5
66684,78,83,-5,5
66685,134,124,10,10
66686,51,51,0,0
66687,108,96,12,12
66688,96,89,7,7
66689,54,77,-23,23
66690,122,121,1,1
66691,129,127,2,2
66692,86,74,12,12
66693,114,111,3,3
66694,70,72,-2,2
66695,79,82,-3,3
66696,56,58,-2,2
66697,66,68,-2,2
66698,89,81,8,8
66699,106,98,8,8
66700,77,79,-2,2
66701,82,79,3,3
66702,63,80,-17,17
66703,87,85,2,2
66704,119,124,-5,5
66705,146,137,9,9
66706,71,63,8,8
66707,70,79,-9,9
66708,82,85,-3,3
66709,72,74,-2,2
66710,91,95,-4,4
66711,57,69,-12,12
66712,68,67,1,1
66713,92,86,6,6
66714,71,72,-1,1
66715,100,94,6,6
66716,106,95,11,11
66717,64,57,7,7
66718,58,67,-9,9
66719,74,71,3,3
66720,104,113,-9,9
66721,133,124,9,9
66722,59,58,1,1
66723,77,78,-1,1
66724,90,88,2,2
66725,116,91,25,25
66726,94,92,2,2
66727,102,105,-3,3
66728,130,128,2,2
66729,115,115,0,0
66730,79,75,4,4
66731,151,140,11,11
66732,88,99,-11,11
66733,188,166,22,22
66734,91,95,-4,4
66735,81,74,7,7
66736,74,78,-4,4
66737,80,80,0,0
66738,125,117,8,8
66739,140,136,4,4
66740,60,60,0,0
66741,45,54,-9,9
66742,65,70,-5,5
66743,120,118,2,2
66744,105,107,-2,2
66745,136,140,-4,4
66746,31,60,-29,29
66747,77,78,-1,1
66748,79,87,-8,8
66749,96,97,-1,1
66750,40,58,-18,18
66751,54,57,-3,3
66752,94,83,11,11
66753,83,107,-24,24
66754,54,57,-3,3
66755,92,93,-1,1
66756,146,129,17,17
66757,172,163,9,9
66758,62,60,2,2
66759,155,152,3,3
66760,111,105,6,6
66761,99,96,3,3
66762,126,114,12,12
66763,55,53,2,2
66764,202,194,8,8
66765,60,60,0,0
66766,97,90,7,7
66767,111,104,7,7
66768,114,111,3,3
66769,81,74,7,7
66770,35,56,-21,21
66771,88,90,-2,2
66772,62,65,-3,3
66773,84,86,-2,2
66774,96,82,14,14
66775,105,105,0,0
66776,67,70,-3,3
66777,68,74,-6,6
66778,75,74,1,1
66779,64,68,-4,4
66780,165,145,20,20
66781,92,118,-26,26
66782,136,117,19,19
66783,93,94,-1,1
66784,58,55,3,3
66785,72,75,-3,3
66786,87,85,2,2
66787,53,58,-5,5
66788,138,133,5,5
66789,98,103,-5,5
66790,81,83,-2,2
66791,82,86,-4,4
66792,140,146,-6,6
66793,92,90,2,2
66794,116,114,2,2
66795,169,158,11,11
66796,76,82,-6,6
66797,70,67,3,3
66798,206,187,19,19
66799,118,111,7,7
66800,82,87,-5,5
66801,143,139,4,4
66802,113,104,9,9
66803,82,80,2,2
66804,72,69,3,3
66805,53,54,-1,1
66806,38,54,-16,16
66807,102,99,3,3
66808,98,102,-4,4
66809,60,66,-6,6
66810,133,125,8,8
66811,108,99,9,9
66812,103,97,6,6
66813,58,62,-4,4
66814,80,78,2,2
66815,72,70,2,2
66816,103,96,7,7
66817,115,123,-8,8
66818,66,76,-10,10
66819,134,127,7,7
66820,129,119,10,10
66821,82,85,-3,3
66822,92,90,2,2
66823,72,65,7,7
66824,156,150,6,6
66825,97,99,-2,2
66826,80,81,-1,1
66827,110,97,13,13
66828,112,103,9,9
66829,73,70,3,3
66830,93,99,-6,6
66831,84,96,-12,12
66832,69,62,7,7
66833,63,77,-14,14
66834,97,96,1,1
66835,51,61,-10,10
66836,117,114,3,3
66837,102,112,-10,10
66838,63,66,-3,3
66839,90,113,-23,23
66840,75,69,6,6
66841,31,79,-48,48
66842,118,121,-3,3
66843,110,125,-15,15
66844,126,120,6,6
66845,132,136,-4,4
66846,94,87,7,7
66847,55,69,-14,14
66848,119,111,8,8
66849,47,51,-4,4
66850,152,137,15,15
66851,38,72,-34,34
66852,96,111,-15,15
66853,79,65,14,14
66854,63,58,5,5
66855,120,120,0,0
66856,97,85,12,12
66857,65,59,6,6
66858,108,107,1,1
66859,146,143,3,3
66860,99,104,-5,5
66861,50,53,-3,3
66862,98,96,2,2
66863,61,58,3,3
66864,67,70,-3,3
66865,102,98,4,4
66866,98,90,8,8
66867,127,121,6,6
66868,134,125,9,9
66869,107,101,6,6
66870,62,63,-1,1
66871,83,83,0,0
66872,41,50,-9,9
66873,65,69,-4,4
66874,73,78,-5,5
66875,81,77,4,4
66876,85,81,4,4
66877,85,73,12,12
66878,117,113,4,4
66879,128,133,-5,5
66880,89,88,1,1
66881,42,50,-8,8
66882,125,142,-17,17
66883,68,68,0,0
66884,72,78,-6,6
66885,96,98,-2,2
66886,134,130,4,4
66887,122,122,0,0
66888,87,91,-4,4
66889,54,57,-3,3
66890,79,78,1,1
66891,148,137,11,11
66892,66,70,-4,4
66893,142,131,11,11
66894,106,94,12,12
66895,48,51,-3,3
66896,57,69,-12,12
66897,126,121,5,5
66898,51,57,-6,6
66899,109,119,-10,10
66900,106,110,-4,4
66901,102,100,2,2
66902,94,92,2,2
66903,112,107,5,5
66904,140,129,11,11
66905,117,119,-2,2
66906,112,89,23,23
66907,49,64,-15,15
66908,156,145,11,11
66909,89,80,9,9
66910,74,80,-6,6
66911,67,76,-9,9
66912,70,81,-11,11
66913,93,98,-5,5
66914,93,96,-3,3
66915,101,102,-1,1
66916,76,86,-10,10
66917,67,67,0,0
66918,106,101,5,5
66919,72,80,-8,8
66920,65,63,2,2
66921,87,88,-1,1
66922,89,82,7,7
66923,257,294,-37,37
66924,175,171,4,4
66925,69,64,5,5
66926,76,68,8,8
66927,65,58,7,7
66928,153,142,11,11
66929,68,70,-2,2
66930,116,105,11,11
66931,114,125,-11,11
66932,76,76,0,0
66933,65,57,8,8
66934,104,101,3,3
66935,148,138,10,10
66936,43,50,-7,7
66937,90,87,3,3
66938,99,103,-4,4
66939,128,128,0,0
66940,110,111,-1,1
66941,42,60,-18,18
66942,120,117,3,3
66943,135,111,24,24
66944,134,135,-1,1
66945,116,120,-4,4
66946,138,124,14,14
66947,125,114,11,11
66948,43,51,-8,8
66949,89,79,10,10
66950,126,106,20,20
66951,90,83,7,7
66952,77,79,-2,2
66953,91,92,-1,1
66954,120,108,12,12
66955,63,58,5,5
66956,88,85,3,3
66957,50,54,-4,4
66958,110,111,-1,1
66959,71,69,2,2
66960,81,78,3,3
66961,120,116,4,4
66962,94,92,2,2
66963,51,61,-10,10
66964,84,87,-3,3
66965,96,92,4,4
66966,179,162,17,17
66967,57,54,3,3
66968,114,114,0,0
66969,111,115,-4,4
66970,111,103,8,8
66971,101,92,9,9
66972,53,51,2,2
66973,97,97,0,0
66974,98,90,8,8
66975,50,55,-5,5
66976,82,80,2,2
66977,108,100,8,8
66978,59,62,-3,3
66979,69,71,-2,2
66980,68,69,-1,1
66981,69,78,-9,9
66982,73,75,-2,2
66983,28,50,-22,22
66984,75,76,-1,1
66985,68,65,3,3
66986,110,108,2,2
66987,99,106,-7,7
66988,72,71,1,1
66989,74,73,1,1
66990,70,74,-4,4
66991,109,99,10,10
66992,191,186,5,5
66993,54,53,1,1
66994,119,120,-1,1
66995,76,75,1,1
66996,174,168,6,6
66997,87,87,0,0
66998,88,84,4,4
66999,53,55,-2,2
67000,75,75,0,0
67001,68,62,6,6
67002,118,121,-3,3
67003,114,105,9,9
67004,101,102,-1,1
67005,102,100,2,2
67006,82,84,-2,2
67007,100,103,-3,3
67008,134,132,2,2
67009,140,139,1,1
67010,109,114,-5,5
67011,124,122,2,2
67012,157,137,20,20
67013,67,72,-5,5
67014,117,118,-1,1
67015,64,61,3,3
67016,89,97,-8,8
67017,52,50,2,2
67018,126,121,5,5
67019,99,100,-1,1
67020,82,77,5,5
67021,96,81,15,15
67022,85,79,6,6
67023,68,82,-14,14
67024,132,124,8,8
67025,148,139,9,9
67026,56,56,0,0
67027,173,174,-1,1
67028,115,118,-3,3
67029,99,98,1,1
67030,115,124,-9,9
67031,71,76,-5,5
67032,141,137,4,4
67033,111,107,4,4
67034,53,56,-3,3
67035,279,222,57,57
67036,101,87,14,14
67037,93,91,2,2
67038,71,64,7,7
67039,163,155,8,8
67040,52,51,1,1
67041,109,107,2,2
67042,80,89,-9,9
67043,72,107,-35,35
67044,72,62,10,10
67045,87,84,3,3
67046,82,85,-3,3
67047,74,78,-4,4
67048,156,146,10,10
67049,133,124,9,9
67050,123,113,10,10
67051,63,62,1,1
67052,70,72,-2,2
67053,40,50,-10,10
67054,76,84,-8,8
67055,201,196,5,5
67056,76,84,-8,8
67057,109,113,-4,4
67058,116,118,-2,2
67059,45,50,-5,5
67060,59,59,0,0
67061,104,93,11,11
67062,122,149,-27,27
67063,108,96,12,12
67064,59,65,-6,6
67065,111,122,-11,11
67066,47,50,-3,3
67067,123,123,0,0
67068,127,118,9,9
67069,98,99,-1,1
67070,90,93,-3,3
67071,70,74,-4,4
67072,102,98,4,4
67073,101,100,1,1
67074,72,92,-20,20
67075,86,103,-17,17
67076,77,78,-1,1
67077,175,159,16,16
67078,85,85,0,0
67079,109,107,2,2
67080,143,131,12,12
67081,79,88,-9,9
67082,81,79,2,2
67083,110,100,10,10
67084,68,75,-7,7
67085,107,103,4,4
67086,115,113,2,2
67087,120,118,2,2
67088,67,69,-2,2
67089,95,83,12,12
67090,116,113,3,3
67091,83,84,-1,1
67092,97,90,7,7
67093,85,90,-5,5
67094,91,99,-8,8
67095,147,135,12,12
67096,60,65,-5,5
67097,104,98,6,6
67098,99,97,2,2
67099,142,130,12,12
67100,65,63,2,2
67101,58,58,0,0
67102,81,88,-7,7
67103,85,85,0,0
67104,158,151,7,7
67105,57,55,2,2
67106,32,50,-18,18
67107,161,148,13,13
67108,139,130,9,9
67109,123,119,4,4
67110,141,142,-1,1
67111,127,126,1,1
67112,65,65,0,0
67113,177,162,15,15
67114,131,128,3,3
67115,140,133,7,7
67116,51,55,-4,4
67117,85,87,-2,2
67118,75,75,0,0
67119,103,99,4,4
67120,155,132,23,23
67121,85,79,6,6
67122,72,74,-2,2
67123,80,65,15,15
67124,62,62,0,0
67125,58,58,0,0
67126,53,57,-4,4
67127,76,86,-10,10
67128,117,118,-1,1
67129,75,70,5,5
67130,138,127,11,11
67131,82,76,6,6
67132,79,81,-2,2
67133,83,93,-10,10
67134,79,75,4,4
67135,141,133,8,8
67136,76,70,6,6
67137,165,154,11,11
67138,150,152,-2,2
67139,65,61,4,4
67140,37,50,-13,13
67141,55,57,-2,2
67142,227,212,15,15
67143,82,85,-3,3
67144,70,67,3,3
67145,57,56,1,1
67146,73,66,7,7
67147,78,75,3,3
67148,58,59,-1,1
67149,87,87,0,0
67150,48,58,-10,10
67151,127,128,-1,1
67152,65,57,8,8
67153,111,93,18,18
67154,74,70,4,4
67155,103,97,6,6
67156,91,80,11,11
67157,188,203,-15,15
67158,98,112,-14,14
67159,86,85,1,1
67160,68,61,7,7
67161,99,96,3,3
67162,68,67,1,1
67163,87,81,6,6
67164,110,109,1,1
67165,53,61,-8,8
67166,75,76,-1,1
67167,113,111,2,2
67168,103,124,-21,21
67169,48,59,-11,11
67170,180,164,16,16
67171,67,76,-9,9
67172,69,73,-4,4
67173,114,123,-9,9
67174,82,74,8,8
67175,152,148,4,4
67176,108,109,-1,1
67177,126,122,4,4
67178,126,136,-10,10
67179,68,73,-5,5
67180,111,104,7,7
67181,127,113,14,14
67182,106,100,6,6
67183,93,103,-10,10
67184,134,135,-1,1
67185,65,68,-3,3
67186,129,115,14,14
67187,84,86,-2,2
67188,64,63,1,1
67189,147,139,8,8
67190,123,117,6,6
67191,102,100,2,2
67192,66,56,10,10
67193,56,58,-2,2
67194,99,108,-9,9
67195,92,86,6,6
67196,96,96,0,0
67197,125,135,-10,10
67198,85,79,6,6
67199,100,93,7,7
67200,77,79,-2,2
67201,69,69,0,0
67202,95,96,-1,1
67203,87,82,5,5
67204,112,109,3,3
67205,124,122,2,2
67206,99,91,8,8
67207,65,59,6,6
67208,119,98,21,21
67209,66,71,-5,5
67210,89,84,5,5
67211,139,122,17,17
67212,111,99,12,12
67213,81,92,-11,11
67214,100,97,3,3
67215,82,77,5,5
67216,145,158,-13,13
67217,91,94,-3,3
67218,187,182,5,5
67219,84,84,0,0
67220,45,53,-8,8
67221,116,117,-1,1
67222,69,65,4,4
67223,80,85,-5,5
67224,44,50,-6,6
67225,93,99,-6,6
67226,58,55,3,3
67227,74,81,-7,7
67228,74,74,0,0
67229,99,111,-12,12
67230,93,99,-6,6
67231,67,67,0,0
67232,108,110,-2,2
67233,108,114,-6,6
67234,116,102,14,14
67235,127,111,16,16
67236,98,94,4,4
67237,115,121,-6,6
67238,131,133,-2,2
67239,185,157,28,28
67240,120,106,14,14
67241,75,77,-2,2
67242,165,134,31,31
67243,44,72,-28,28
67244,82,83,-1,1
67245,66,77,-11,11
67246,72,74,-2,2
67247,137,127,10,10
67248,66,72,-6,6
67249,79,93,-14,14
67250,48,54,-6,6
67251,76,78,-2,2
67252,87,81,6,6
67253,90,79,11,11
67254,67,71,-4,4
67255,139,137,2,2
67256,52,55,-3,3
67257,97,89,8,8
67258,135,126,9,9
67259,60,52,8,8
67260,65,69,-4,4
67261,61,56,5,5
67262,175,162,13,13
67263,146,132,14,14
67264,64,77,-13,13
67265,122,120,2,2
67266,66,68,-2,2
67267,62,63,-1,1
67268,97,101,-4,4
67269,117,121,-4,4
67270,72,75,-3,3
67271,66,82,-16,16
67272,147,121,26,26
67273,139,127,12,12
67274,143,149,-6,6
67275,106,109,-3,3
67276,81,92,-11,11
67277,85,73,12,12
67278,112,105,7,7
67279,74,82,-8,8
67280,157,150,7,7
67281,76,70,6,6
67282,69,68,1,1
67283,133,125,8,8
67284,79,90,-11,11
67285,58,62,-4,4
67286,111,112,-1,1
67287,195,175,20,20
67288,129,115,14,14
67289,58,86,-28,28
67290,101,109,-8,8
67291,186,176,10,10
67292,76,66,10,10
67293,72,69,3,3
67294,100,104,-4,4
67295,60,60,0,0
67296,59,62,-3,3
67297,118,112,6,6
67298,195,175,20,20
67299,92,89,3,3
67300,245,244,1,1
67301,102,114,-12,12
67302,84,86,-2,2
67303,95,93,2,2
67304,126,119,7,7
67305,101,93,8,8
67306,192,170,22,22
67307,118,118,0,0
67308,72,80,-8,8
67309,66,67,-1,1
67310,72,75,-3,3
67311,75,72,3,3
67312,47,53,-6,6
67313,53,55,-2,2
67314,75,80,-5,5
67315,77,89,-12,12
67316,133,140,-7,7
67317,66,66,0,0
67318,122,124,-2,2
67319,151,146,5,5
67320,95,110,-15,15
67321,70,78,-8,8
67322,66,67,-1,1
67323,101,98,3,3
67324,92,86,6,6
67325,94,87,7,7
67326,80,71,9,9
67327,86,95,-9,9
67328,99,92,7,7
67329,167,147,20,20
67330,104,98,6,6
67331,92,86,6,6
67332,82,94,-12,12
67333,93,90,3,3
67334,57,58,-1,1
67335,80,75,5,5
67336,154,132,22,22
67337,92,88,4,4
67338,121,109,12,12
67339,90,100,-10,10
67340,94,94,0,0
67341,100,101,-1,1
67342,55,56,-1,1
67343,179,177,2,2
67344,157,143,14,14
67345,58,67,-9,9
67346,94,107,-13,13
67347,85,80,5,5
67348,55,62,-7,7
67349,72,62,10,10
67350,114,116,-2,2
67351,99,100,-1,1
67352,75,71,4,4
67353,45,54,-9,9
67354,58,55,3,3
67355,110,107,3,3
67356,69,73,-4,4
67357,68,64,4,4
67358,102,95,7,7
67359,77,84,-7,7
67360,85,82,3,3
67361,112,106,6,6
67362,40,50,-10,10
67363,73,74,-1,1
67364,76,81,-5,5
67365,65,64,1,1
67366,72,83,-11,11
67367,89,112,-23,23
67368,110,116,-6,6
67369,91,89,2,2
67370,59,85,-26,26
67371,90,83,7,7
67372,84,86,-2,2
67373,130,122,8,8
67374,63,59,4,4
67375,63,64,-1,1
67376,87,84,3,3
67377,106,114,-8,8
67378,145,132,13,13
67379,128,129,-1,1
67380,81,84,-3,3
67381,111,97,14,14
67382,76,82,-6,6
67383,53,63,-10,10
67384,82,77,5,5
67385,100,95,5,5
67386,74,81,-7,7
67387,105,108,-3,3
67388,58,59,-1,1
67389,102,104,-2,2
67390,113,105,8,8
67391,99,103,-4,4
67392,113,110,3,3
67393,55,57,-2,2
67394,98,90,8,8
67395,108,110,-2,2
67396,54,54,0,0
67397,99,97,2,2
67398,78,79,-1,1
67399,68,90,-22,22
67400,45,52,-7,7
67401,71,78,-7,7
67402,216,198,18,18
67403,103,101,2,2
67404,77,74,3,3
67405,64,68,-4,4
67406,108,109,-1,1
67407,106,84,22,22
67408,124,107,17,17
67409,71,69,2,2
67410,91,82,9,9
67411,80,84,-4,4
67412,122,121,1,1
67413,105,106,-1,1
67414,80,83,-3,3
67415,142,121,21,21
67416,64,93,-29,29
67417,95,78,17,17
67418,112,123,-11,11
67419,83,76,7,7
67420,147,139,8,8
67421,47,53,-6,6
67422,80,83,-3,3
67423,104,110,-6,6
67424,71,78,-7,7
67425,67,63,4,4
67426,69,75,-6,6
67427,82,79,3,3
67428,85,77,8,8
67429,144,142,2,2
67430,81,89,-8,8
67431,141,139,2,2
67432,86,76,10,10
67433,176,170,6,6
67434,74,66,8,8
67435,91,88,3,3
67436,102,84,18,18
67437,74,66,8,8
67438,97,95,2,2
67439,60,62,-2,2
67440,97,99,-2,2
67441,119,118,1,1
67442,97,101,-4,4
67443,70,70,0,0
67444,102,92,10,10
67445,61,67,-6,6
67446,86,78,8,8
67447,45,51,-6,6
67448,51,53,-2,2
67449,130,134,-4,4
67450,74,78,-4,4
67451,78,80,-2,2
67452,163,161,2,2
67453,52,62,-10,10
67454,99,105,-6,6
67455,84,88,-4,4
67456,109,102,7,7
67457,84,86,-2,2
67458,88,97,-9,9
67459,117,111,6,6
67460,186,168,18,18
67461,55,55,0,0
67462,65,81,-16,16
67463,119,128,-9,9
67464,71,74,-3,3
67465,87,80,7,7
67466,51,55,-4,4
67467,46,50,-4,4
67468,61,63,-2,2
67469,103,91,12,12
67470,84,78,6,6
67471,56,58,-2,2
67472,73,76,-3,3
67473,84,81,3,3
67474,127,111,16,16
67475,178,177,1,1
67476,71,71,0,0
67477,107,103,4,4
67478,111,99,12,12
67479,69,72,-3,3
67480,94,97,-3,3
67481,45,52,-7,7
67482,94,96,-2,2
67483,120,124,-4,4
67484,63,65,-2,2
67485,78,72,6,6
67486,40,50,-10,10
67487,114,109,5,5
67488,112,104,8,8
67489,152,141,11,11
67490,184,158,26,26
67491,84,82,2,2
67492,122,111,11,11
67493,108,98,10,10
67494,64,62,2,2
67495,114,111,3,3
67496,143,143,0,0
67497,97,86,11,11
67498,99,93,6,6
67499,145,150,-5,5
67500,63,63,0,0
67501,111,112,-1,1
67502,68,70,-2,2
67503,108,116,-8,8
67504,94,84,10,10
67505,77,78,-1,1
67506,49,56,-7,7
67507,82,82,0,0
67508,66,66,0,0
67509,74,66,8,8
67510,142,148,-6,6
67511,82,89,-7,7
67512,87,83,4,4
67513,78,77,1,1
67514,58,62,-4,4
67515,108,105,3,3
67516,50,82,-32,32
67517,170,157,13,13
67518,74,76,-2,2
67519,102,99,3,3
67520,95,92,3,3
67521,90,81,9,9
67522,118,114,4,4
67523,70,68,2,2
67524,111,110,1,1
67525,96,105,-9,9
67526,81,81,0,0
67527,110,105,5,5
67528,94,89,5,5
67529,99,103,-4,4
67530,107,106,1,1
67531,129,132,-3,3
67532,135,120,15,15
67533,123,115,8,8
67534,67,69,-2,2
67535,79,80,-1,1
67536,91,95,-4,4
67537,72,69,3,3
67538,150,157,-7,7
67539,117,125,-8,8
67540,60,64,-4,4
67541,102,106,-4,4
67542,32,50,-18,18
67543,65,65,0,0
67544,163,156,7,7
67545,99,91,8,8
67546,76,73,3,3
67547,146,129,17,17
67548,137,127,10,10
67549,131,127,4,4
67550,152,138,14,14
67551,93,103,-10,10
67552,78,75,3,3
67553,83,81,2,2
67554,109,97,12,12
67555,134,138,-4,4
67556,56,73,-17,17
67557,82,79,3,3
67558,50,50,0,0
67559,104,106,-2,2
67560,78,81,-3,3
67561,60,62,-2,2
67562,137,127,10,10
67563,64,61,3,3
67564,144,146,-2,2
67565,49,51,-2,2
67566,104,99,5,5
67567,66,65,1,1
67568,71,67,4,4
67569,128,119,9,9
67570,84,107,-23,23
67571,141,145,-4,4
67572,97,91,6,6
67573,52,55,-3,3
67574,74,78,-4,4
67575,98,111,-13,13
67576,71,69,2,2
67577,56,59,-3,3
67578,71,76,-5,5
67579,123,115,8,8
67580,146,123,23,23
67581,77,74,3,3
67582,68,72,-4,4
67583,110,90,20,20
67584,85,82,3,3
67585,162,124,38,38
67586,105,92,13,13
67587,68,67,1,1
67588,100,90,10,10
67589,103,99,4,4
67590,121,110,11,11
67591,96,83,13,13
67592,199,178,21,21
67593,83,81,2,2
67594,91,90,1,1
67595,61,65,-4,4
67596,103,108,-5,5
67597,95,96,-1,1
67598,68,71,-3,3
67599,94,91,3,3
67600,54,56,-2,2
67601,160,133,27,27
67602,123,110,13,13
67603,154,138,16,16
67604,48,55,-7,7
67605,66,72,-6,6
67606,81,80,1,1
67607,56,59,-3,3
67608,160,137,23,23
67609,121,152,-31,31
67610,103,88,15,15
67611,126,118,8,8
67612,82,79,3,3
67613,63,76,-13,13
67614,88,86,2,2
67615,111,116,-5,5
67616,139,132,7,7
67617,103,102,1,1
67618,74,78,-4,4
67619,133,122,11,11
67620,49,54,-5,5
67621,93,89,4,4
67622,86,85,1,1
67623,77,69,8,8
67624,56,72,-16,16
67625,66,59,7,7
67626,132,124,8,8
67627,149,131,18,18
67628,39,50,-11,11
67629,117,115,2,2
67630,98,98,0,0
67631,59,60,-1,1
67632,146,142,4,4
67633,106,94,12,12
67634,63,66,-3,3
67635,90,93,-3,3
67636,73,78,-5,5
67637,80,76,4,4
67638,89,87,2,2
67639,88,87,1,1
67640,51,54,-3,3
67641,85,85,0,0
67642,106,122,-16,16
67643,136,128,8,8
67644,46,50,-4,4
67645,107,112,-5,5
67646,154,157,-3,3
67647,109,106,3,3
67648,79,77,2,2
67649,94,85,9,9
67650,64,63,1,1
67651,63,59,4,4
67652,62,59,3,3
67653,58,65,-7,7
67654,48,53,-5,5
67655,67,70,-3,3
67656,74,75,-1,1
67657,94,91,3,3
67658,75,69,6,6
67659,158,142,16,16
67660,134,122,12,12
67661,189,173,16,16
67662,62,71,-9,9
67663,73,70,3,3
67664,89,94,-5,5
67665,42,56,-14,14
67666,129,117,12,12
67667,65,76,-11,11
67668,49,54,-5,5
67669,163,148,15,15
67670,93,92,1,1
67671,185,168,17,17
67672,91,90,1,1
67673,43,51,-8,8
67674,163,164,-1,1
67675,65,67,-2,2
67676,49,50,-1,1
67677,62,61,1,1
67678,123,131,-8,8
67679,78,79,-1,1
67680,144,132,12,12
67681,75,99,-24,24
67682,83,80,3,3
67683,122,100,22,22
67684,92,90,2,2
67685,101,98,3,3
67686,75,85,-10,10
67687,130,121,9,9
67688,160,160,0,0
67689,58,64,-6,6
67690,154,144,10,10
67691,101,91,10,10
67692,54,60,-6,6
67693,177,173,4,4
67694,198,176,22,22
67695,98,103,-5,5
67696,87,100,-13,13
67697,116,109,7,7
67698,63,61,2,2
67699,95,89,6,6
67700,57,56,1,1
67701,64,58,6,6
67702,69,55,14,14
67703,79,77,2,2
67704,89,99,-10,10
67705,53,57,-4,4
67706,94,97,-3,3
67707,85,92,-7,7
67708,85,85,0,0
67709,80,92,-12,12
67710,80,90,-10,10
67711,95,88,7,7
67712,95,91,4,4
67713,72,78,-6,6
67714,59,59,0,0
67715,122,104,18,18
67716,76,71,5,5
67717,103,86,17,17
67718,80,83,-3,3
67719,84,83,1,1
67720,108,107,1,1
67721,94,94,0,0
67722,128,124,4,4
67723,121,119,2,2
67724,156,139,17,17
67725,120,115,5,5
67726,97,97,0,0
67727,87,103,-16,16
67728,116,112,4,4
67729,48,50,-2,2
67730,139,129,10,10
67731,93,87,6,6
67732,184,191,-7,7
67733,62,60,2,2
67734,116,122,-6,6
67735,114,106,8,8
67736,104,100,4,4
67737,94,99,-5,5
67738,169,162,7,7
67739,89,91,-2,2
67740,91,99,-8,8
67741,97,98,-1,1
67742,111,110,1,1
67743,69,70,-1,1
67744,120,118,2,2
67745,105,122,-17,17
67746,99,101,-2,2
67747,37,60,-23,23
67748,105,91,14,14
67749,69,70,-1,1
67750,67,66,1,1
67751,31,53,-22,22
67752,60,63,-3,3
67753,90,93,-3,3
67754,74,73,1,1
67755,123,112,11,11
67756,97,98,-1,1
67757,55,51,4,4
67758,127,121,6,6
67759,122,118,4,4
67760,103,101,2,2
67761,141,138,3,3
67762,67,65,2,2
67763,113,117,-4,4
67764,135,134,1,1
67765,203,185,18,18
67766,88,90,-2,2
67767,94,100,-6,6
67768,103,102,1,1
67769,86,83,3,3
67770,143,142,1,1
67771,52,53,-1,1
67772,75,86,-11,11
67773,114,120,-6,6
67774,92,86,6,6
67775,113,107,6,6
67776,123,123,0,0
67777,68,74,-6,6
67778,86,94,-8,8
67779,27,50,-23,23
67780,126,128,-2,2
67781,89,84,5,5
67782,113,102,11,11
67783,106,97,9,9
67784,90,85,5,5
67785,82,76,6,6
67786,88,94,-6,6
67787,97,92,5,5
67788,141,127,14,14
67789,123,111,12,12
67790,188,196,-8,8
67791,108,105,3,3
67792,73,74,-1,1
67793,104,105,-1,1
67794,87,91,-4,4
67795,78,81,-3,3
67796,75,71,4,4
67797,153,138,15,15
67798,74,68,6,6
67799,129,114,15,15
67800,117,110,7,7
67801,82,86,-4,4
67802,103,98,5,5
67803,93,81,12,12
67804,89,89,0,0
67805,44,65,-21,21
67806,76,74,2,2
67807,79,92,-13,13
67808,87,89,-2,2
67809,38,50,-12,12
67810,120,119,1,1
67811,88,91,-3,3
67812,155,139,16,16
67813,120,106,14,14
67814,89,81,8,8
67815,100,95,5,5
67816,66,62,4,4
67817,85,92,-7,7
67818,90,75,15,15
67819,126,122,4,4
67820,153,128,25,25
67821,83,82,1,1
67822,113,104,9,9
67823,88,91,-3,3
67824,152,155,-3,3
67825,104,93,11,11
67826,75,73,2,2
67827,48,51,-3,3
67828,127,112,15,15
67829,79,76,3,3
67830,117,114,3,3
67831,63,68,-5,5
67832,113,120,-7,7
67833,143,155,-12,12
67834,110,107,3,3
67835,75,85,-10,10
67836,48,52,-4,4
67837,64,89,-25,25
67838,99,96,3,3
67839,91,84,7,7
67840,111,102,9,9
67841,89,87,2,2
67842,141,134,7,7
67843,101,92,9,9
67844,74,69,5,5
67845,124,110,14,14
67846,115,121,-6,6
67847,94,104,-10,10
67848,110,114,-4,4
67849,70,71,-1,1
67850,89,96,-7,7
67851,53,55,-2,2
67852,85,95,-10,10
67853,166,150,16,16
67854,77,71,6,6
67855,76,69,7,7
67856,137,142,-5,5
67857,79,82,-3,3
67858,144,121,23,23
67859,57,56,1,1
67860,102,102,0,0
67861,77,77,0,0
67862,105,109,-4,4
67863,99,94,5,5
67864,40,50,-10,10
67865,96,90,6,6
67866,99,101,-2,2
67867,69,65,4,4
67868,111,104,7,7
67869,119,125,-6,6
67870,152,145,7,7
67871,138,131,7,7
67872,146,155,-9,9
67873,79,97,-18,18
67874,113,108,5,5
67875,65,70,-5,5
67876,135,119,16,16
67877,58,50,8,8
67878,68,77,-9,9
67879,103,96,7,7
67880,110,116,-6,6
67881,57,59,-2,2
67882,191,175,16,16
67883,87,83,4,4
67884,130,121,9,9
67885,94,95,-1,1
67886,101,105,-4,4
67887,52,52,0,0
67888,134,134,0,0
67889,75,76,-1,1
67890,91,97,-6,6
67891,109,106,3,3
67892,96,89,7,7
67893,55,58,-3,3
67894,114,108,6,6
67895,159,146,13,13
67896,74,72,2,2
67897,89,91,-2,2
67898,45,54,-9,9
67899,50,71,-21,21
67900,78,73,5,5
67901,136,137,-1,1
67902,81,81,0,0
67903,104,95,9,9
67904,42,50,-8,8
67905,45,50,-5,5
67906,91,81,10,10
67907,81,79,2,2
67908,73,75,-2,2
67909,163,153,10,10
67910,62,58,4,4
67911,62,78,-16,16
67912,117,101,16,16
67913,91,94,-3,3
67914,81,90,-9,9
67915,183,156,27,27
67916,115,113,2,2
67917,45,50,-5,5
67918,67,68,-1,1
67919,73,69,4,4
67920,115,114,1,1
67921,143,132,11,11
67922,122,112,10,10
67923,158,138,20,20
67924,132,126,6,6
67925,56,63,-7,7
67926,138,137,1,1
67927,128,115,13,13
67928,170,154,16,16
67929,101,97,4,4
67930,147,145,2,2
67931,116,116,0,0
67932,97,114,-17,17
67933,116,122,-6,6
67934,73,72,1,1
67935,58,54,4,4
67936,99,89,10,10
67937,148,149,-1,1
67938,56,54,2,2
67939,144,148,-4,4
67940,73,70,3,3
67941,124,134,-10,10
67942,58,84,-26,26
67943,72,73,-1,1
67944,57,56,1,1
67945,77,66,11,11
67946,93,89,4,4
67947,136,130,6,6
67948,56,58,-2,2
67949,106,97,9,9
67950,68,60,8,8
67951,107,100,7,7
67952,137,130,7,7
67953,51,58,-7,7
67954,161,160,1,1
67955,75,72,3,3
67956,207,181,26,26
67957,134,136,-2,2
67958,139,137,2,2
67959,85,86,-1,1
67960,64,68,-4,4
67961,57,58,-1,1
67962,87,85,2,2
67963,143,132,11,11
67964,89,90,-1,1
67965,78,72,6,6
67966,73,91,-18,18
67967,188,197,-9,9
67968,115,100,15,15
67969,119,95,24,24
67970,74,77,-3,3
67971,96,98,-2,2
67972,64,66,-2,2
67973,117,116,1,1
67974,127,131,-4,4
67975,70,74,-4,4
67976,97,103,-6,6
67977,163,155,8,8
67978,143,133,10,10
67979,69,77,-8,8
67980,98,107,-9,9
67981,87,85,2,2
67982,100,102,-2,2
67983,111,121,-10,10
67984,129,134,-5,5
67985,94,81,13,13
67986,124,123,1,1
67987,70,74,-4,4
67988,64,62,2,2
67989,131,120,11,11
67990,81,90,-9,9
67991,121,112,9,9
67992,139,130,9,9
67993,49,58,-9,9
67994,54,57,-3,3
67995,109,111,-2,2
67996,71,79,-8,8
67997,124,110,14,14
67998,110,98,12,12
67999,103,107,-4,4
68000,104,113,-9,9
68001,95,115,-20,20
68002,85,70,15,15
68003,83,75,8,8
68004,111,117,-6,6
68005,68,56,12,12
68006,76,72,4,4
68007,47,51,-4,4
68008,143,127,16,16
68009,64,62,2,2
68010,102,102,0,0
68011,77,80,-3,3
68012,52,57,-5,5
68013,52,57,-5,5
68014,75,80,-5,5
68015,83,79,4,4
68016,70,64,6,6
68017,44,51,-7,7
68018,41,51,-10,10
68019,77,72,5,5
68020,53,53,0,0
68021,132,135,-3,3
68022,112,101,11,11
68023,81,76,5,5
68024,85,86,-1,1
68025,90,89,1,1
68026,51,55,-4,4
68027,55,64,-9,9
68028,45,75,-30,30
68029,52,52,0,0
68030,98,97,1,1
68031,72,73,-1,1
68032,239,220,19,19
68033,123,111,12,12
68034,164,151,13,13
68035,75,72,3,3
68036,145,143,2,2
68037,63,65,-2,2
68038,63,98,-35,35
68039,100,107,-7,7
68040,110,114,-4,4
68041,76,90,-14,14
68042,94,101,-7,7
68043,109,98,11,11
68044,59,70,-11,11
68045,140,153,-13,13
68046,83,75,8,8
68047,136,125,11,11
68048,50,52,-2,2
68049,85,75,10,10
68050,113,105,8,8
68051,49,57,-8,8
68052,98,82,16,16
68053,80,66,14,14
68054,95,96,-1,1
68055,129,133,-4,4
68056,89,82,7,7
68057,115,108,7,7
68058,73,77,-4,4
68059,75,82,-7,7
68060,168,152,16,16
68061,52,60,-8,8
68062,76,72,4,4
68063,104,100,4,4
68064,124,108,16,16
68065,113,118,-5,5
68066,80,76,4,4
68067,79,102,-23,23
68068,89,87,2,2
68069,90,80,10,10
68070,46,54,-8,8
68071,80,73,7,7
68072,108,120,-12,12
68073,46,51,-5,5
68074,106,98,8,8
68075,139,130,9,9
68076,99,102,-3,3
68077,50,52,-2,2
68078,65,64,1,1
68079,69,69,0,0
68080,125,120,5,5
68081,97,93,4,4
68082,84,88,-4,4
68083,114,121,-7,7
68084,39,50,-11,11
68085,106,94,12,12
68086,88,92,-4,4
68087,80,83,-3,3
68088,178,163,15,15
68089,104,114,-10,10
68090,76,70,6,6
68091,108,96,12,12
68092,82,92,-10,10
68093,44,57,-13,13
68094,67,63,4,4
68095,69,77,-8,8
68096,69,64,5,5
68097,112,107,5,5
68098,151,137,14,14
68099,47,53,-6,6
68100,70,68,2,2
68101,86,84,2,2
68102,95,94,1,1
68103,68,72,-4,4
68104,44,56,-12,12
68105,70,72,-2,2
68106,132,122,10,10
68107,66,69,-3,3
68108,104,101,3,3
68109,155,148,7,7
68110,136,132,4,4
68111,74,75,-1,1
68112,109,110,-1,1
68113,88,94,-6,6
68114,156,164,-8,8
68115,153,153,0,0
68116,83,75,8,8
68117,88,82,6,6
68118,167,171,-4,4
68119,44,51,-7,7
68120,124,107,17,17
68121,71,68,3,3
68122,131,115,16,16
68123,94,86,8,8
68124,64,64,0,0
68125,81,76,5,5
68126,69,67,2,2
68127,52,54,-2,2
68128,84,84,0,0
68129,59,58,1,1
68130,117,117,0,0
68131,115,103,12,12
68132,86,87,-1,1
68133,111,103,8,8
68134,69,75,-6,6
68135,119,110,9,9
68136,73,68,5,5
68137,81,78,3,3
68138,79,90,-11,11
68139,89,99,-10,10
68140,51,53,-2,2
68141,63,63,0,0
68142,87,89,-2,2
68143,116,114,2,2
68144,115,106,9,9
68145,111,116,-5,5
68146,38,51,-13,13
68147,130,134,-4,4
68148,100,91,9,9
68149,60,55,5,5
68150,91,83,8,8
68151,67,65,2,2
68152,73,62,11,11
68153,152,146,6,6
68154,199,183,16,16
68155,156,149,7,7
68156,61,65,-4,4
68157,109,98,11,11
68158,69,68,1,1
68159,87,88,-1,1
68160,65,67,-2,2
68161,83,86,-3,3
68162,94,95,-1,1
68163,104,88,16,16
68164,72,75,-3,3
68165,74,90,-16,16
68166,93,83,10,10
68167,88,83,5,5
68168,88,79,9,9
68169,75,85,-10,10
68170,102,103,-1,1
68171,72,69,3,3
68172,95,82,13,13
68173,98,94,4,4
68174,86,87,-1,1
68175,91,106,-15,15
68176,67,62,5,5
68177,73,77,-4,4
68178,129,131,-2,2
68179,64,62,2,2
68180,94,96,-2,2
68181,123,111,12,12
68182,89,87,2,2
68183,45,52,-7,7
68184,95,94,1,1
68185,77,77,0,0
68186,61,66,-5,5
68187,151,156,-5,5
68188,53,57,-4,4
68189,109,103,6,6
68190,84,89,-5,5
68191,86,91,-5,5
68192,105,101,4,4
68193,107,114,-7,7
68194,97,105,-8,8
68195,41,50,-9,9
68196,69,69,0,0
68197,111,84,27,27
68198,40,50,-10,10
68199,140,134,6,6
68200,65,67,-2,2
68201,149,123,26,26
68202,46,50,-4,4
68203,103,97,6,6
68204,80,81,-1,1
68205,41,50,-9,9
68206,97,131,-34,34
68207,65,63,2,2
68208,124,151,-27,27
68209,65,66,-1,1
68210,85,83,2,2
68211,151,146,5,5
68212,75,72,3,3
68213,92,94,-2,2
68214,96,90,6,6
68215,120,127,-7,7
68216,71,68,3,3
68217,77,82,-5,5
68218,84,94,-10,10
68219,100,106,-6,6
68220,105,116,-11,11
68221,123,114,9,9
68222,53,58,-5,5
68223,178,176,2,2
68224,99,98,1,1
68225,64,62,2,2
68226,78,84,-6,6
68227,108,104,4,4
68228,77,78,-1,1
68229,157,143,14,14
68230,72,78,-6,6
68231,68,69,-1,1
68232,87,76,11,11
68233,70,77,-7,7
68234,52,54,-2,2
68235,85,79,6,6
68236,100,109,-9,9
68237,71,65,6,6
68238,109,113,-4,4
68239,154,167,-13,13
68240,96,76,20,20
68241,78,86,-8,8
68242,82,94,-12,12
68243,114,109,5,5
68244,103,109,-6,6
68245,118,121,-3,3
68246,87,91,-4,4
68247,121,126,-5,5
68248,94,95,-1,1
68249,62,60,2,2
68250,89,83,6,6
68251,105,100,5,5
68252,85,79,6,6
68253,79,88,-9,9
68254,86,85,1,1
68255,100,97,3,3
68256,104,100,4,4
68257,83,81,2,2
68258,90,83,7,7
68259,112,129,-17,17
68260,69,71,-2,2
68261,121,99,22,22
68262,84,90,-6,6
68263,87,82,5,5
68264,92,95,-3,3
68265,147,147,0,0
68266,86,88,-2,2
68267,89,83,6,6
68268,52,63,-11,11
68269,110,109,1,1
68270,145,139,6,6
68271,87,86,1,1
68272,107,86,21,21
68273,145,119,26,26
68274,55,57,-2,2
68275,51,59,-8,8
68276,95,95,0,0
68277,101,98,3,3
68278,72,64,8,8
68279,90,87,3,3
68280,91,80,11,11
68281,94,96,-2,2
68282,60,66,-6,6
68283,59,56,3,3
68284,96,88,8,8
68285,55,58,-3,3
68286,101,88,13,13
68287,95,98,-3,3
68288,113,103,10,10
68289,77,70,7,7
68290,114,127,-13,13
68291,101,109,-8,8
68292,100,106,-6,6
68293,64,70,-6,6
68294,100,93,7,7
68295,158,138,20,20
68296,81,83,-2,2
68297,62,65,-3,3
68298,136,129,7,7
68299,156,148,8,8
68300,160,148,12,12
68301,128,125,3,3
68302,49,50,-1,1
68303,135,122,13,13
68304,81,85,-4,4
68305,85,88,-3,3
68306,74,68,6,6
68307,141,131,10,10
68308,98,95,3,3
68309,140,130,10,10
68310,102,92,10,10
68311,91,99,-8,8
68312,68,65,3,3
68313,117,108,9,9
68314,57,54,3,3
68315,70,72,-2,2
68316,203,166,37,37
68317,96,112,-16,16
68318,128,129,-1,1
68319,81,73,8,8
68320,81,93,-12,12
68321,66,57,9,9
68322,128,121,7,7
68323,150,143,7,7
68324,79,87,-8,8
68325,68,73,-5,5
68326,57,62,-5,5
68327,63,71,-8,8
68328,110,110,0,0
68329,84,83,1,1
68330,84,67,17,17
68331,59,59,0,0
68332,101,88,13,13
68333,73,77,-4,4
68334,82,85,-3,3
68335,163,154,9,9
68336,113,111,2,2
68337,95,74,21,21
68338,73,77,-4,4
68339,83,85,-2,2
68340,114,114,0,0
68341,136,115,21,21
68342,86,87,-1,1
68343,81,76,5,5
68344,108,109,-1,1
68345,149,150,-1,1
68346,101,100,1,1
68347,78,81,-3,3
68348,126,115,11,11
68349,122,132,-10,10
68350,112,102,10,10
68351,67,62,5,5
68352,62,59,3,3
68353,112,110,2,2
68354,171,158,13,13
68355,65,61,4,4
68356,97,87,10,10
68357,43,50,-7,7
68358,71,60,11,11
68359,71,71,0,0
68360,55,52,3,3
68361,72,83,-11,11
68362,85,82,3,3
68363,190,170,20,20
68364,97,98,-1,1
68365,100,98,2,2
68366,75,79,-4,4
68367,130,114,16,16
68368,60,60,0,0
68369,105,102,3,3
68370,85,85,0,0
68371,89,94,-5,5
68372,93,94,-1,1
68373,39,71,-32,32
68374,74,62,12,12
68375,148,150,-2,2
68376,136,124,12,12
68377,61,72,-11,11
68378,181,166,15,15
68379,99,91,8,8
68380,165,158,7,7
68381,97,94,3,3
68382,116,107,9,9
68383,105,112,-7,7
68384,50,51,-1,1
68385,71,84,-13,13
68386,115,109,6,6
68387,61,57,4,4
68388,101,103,-2,2
68389,80,80,0,0
68390,100,108,-8,8
68391,79,92,-13,13
68392,121,118,3,3
68393,85,97,-12,12
68394,87,92,-5,5
68395,61,64,-3,3
68396,125,130,-5,5
68397,85,90,-5,5
68398,87,88,-1,1
68399,64,67,-3,3
68400,66,65,1,1
68401,85,88,-3,3
68402,159,142,17,17
68403,132,136,-4,4
68404,96,96,0,0
68405,100,109,-9,9
68406,76,71,5,5
68407,117,120,-3,3
68408,101,115,-14,14
68409,86,85,1,1
68410,117,110,7,7
68411,96,90,6,6
68412,55,59,-4,4
68413,145,132,13,13
68414,68,73,-5,5
68415,71,67,4,4
68416,129,123,6,6
68417,121,122,-1,1
68418,92,79,13,13
68419,57,55,2,2
68420,50,54,-4,4
68421,56,60,-4,4
68422,52,55,-3,3
68423,61,57,4,4
68424,164,152,12,12
68425,119,115,4,4
68426,85,77,8,8
68427,83,79,4,4
68428,149,140,9,9
68429,103,92,11,11
68430,61,66,-5,5
68431,142,142,0,0
68432,80,84,-4,4
68433,49,54,-5,5
68434,109,97,12,12
68435,101,98,3,3
68436,77,80,-3,3
68437,160,171,-11,11
68438,108,114,-6,6
68439,137,130,7,7
68440,125,123,2,2
68441,76,72,4,4
68442,145,133,12,12
68443,86,89,-3,3
68444,131,124,7,7
68445,99,104,-5,5
68446,97,97,0,0
68447,67,61,6,6
68448,107,122,-15,15
68449,87,86,1,1
68450,104,101,3,3
68451,77,73,4,4
68452,49,54,-5,5
68453,152,138,14,14
68454,138,132,6,6
68455,183,171,12,12
68456,53,56,-3,3
68457,100,93,7,7
68458,71,69,2,2
68459,73,87,-14,14
68460,108,102,6,6
68461,85,90,-5,5
68462,72,73,-1,1
68463,92,90,2,2
68464,127,120,7,7
68465,61,83,-22,22
68466,86,97,-11,11
68467,56,55,1,1
68468,104,94,10,10
68469,86,88,-2,2
68470,142,146,-4,4
68471,78,89,-11,11
68472,96,84,12,12
68473,75,81,-6,6
68474,88,85,3,3
68475,69,66,3,3
68476,62,62,0,0
68477,107,106,1,1
68478,65,63,2,2
68479,129,136,-7,7
68480,86,92,-6,6
68481,77,71,6,6
68482,115,98,17,17
68483,87,82,5,5
68484,32,50,-18,18
68485,80,85,-5,5
68486,107,102,5,5
68487,112,124,-12,12
68488,83,81,2,2
68489,89,94,-5,5
68490,65,64,1,1
68491,63,70,-7,7
68492,56,57,-1,1
68493,99,85,14,14
68494,88,92,-4,4
68495,130,129,1,1
68496,59,61,-2,2
68497,157,126,31,31
68498,94,107,-13,13
68499,94,98,-4,4
68500,61,63,-2,2
68501,98,101,-3,3
68502,98,96,2,2
68503,108,100,8,8
68504,122,119,3,3
68505,115,116,-1,1
68506,49,53,-4,4
68507,79,81,-2,2
68508,96,101,-5,5
68509,81,90,-9,9
68510,54,56,-2,2
68511,70,77,-7,7
68512,141,133,8,8
68513,113,207,-94,94
68514,110,112,-2,2
68515,75,78,-3,3
68516,85,95,-10,10
68517,85,76,9,9
68518,105,104,1,1
68519,62,67,-5,5
68520,39,51,-12,12
68521,83,83,0,0
68522,103,96,7,7
68523,69,74,-5,5
68524,103,100,3,3
68525,82,74,8,8
68526,98,96,2,2
68527,134,123,11,11
68528,51,63,-12,12
68529,98,96,2,2
68530,58,60,-2,2
68531,66,74,-8,8
68532,66,63,3,3
68533,139,124,15,15
68534,182,168,14,14
68535,118,131,-13,13
68536,69,62,7,7
68537,61,68,-7,7
68538,101,96,5,5
68539,126,96,30,30
68540,87,86,1,1
68541,53,55,-2,2
68542,83,82,1,1
68543,113,119,-6,6
68544,109,99,10,10
68545,60,60,0,0
68546,113,110,3,3
68547,84,91,-7,7
68548,60,56,4,4
68549,56,58,-2,2
68550,52,53,-1,1
68551,111,103,8,8
68552,74,81,-7,7
68553,57,56,1,1
68554,72,74,-2,2
68555,77,80,-3,3
68556,93,89,4,4
68557,167,151,16,16
68558,64,62,2,2
68559,97,89,8,8
68560,106,105,1,1
68561,165,146,19,19
68562,86,104,-18,18
68563,146,132,14,14
68564,98,96,2,2
68565,88,87,1,1
68566,89,87,2,2
68567,99,98,1,1
68568,86,86,0,0
68569,95,108,-13,13
68570,70,63,7,7
68571,91,98,-7,7
68572,98,94,4,4
68573,92,87,5,5
68574,103,97,6,6
68575,91,82,9,9
68576,58,71,-13,13
68577,61,64,-3,3
68578,53,56,-3,3
68579,83,78,5,5
68580,56,57,-1,1
68581,84,85,-1,1
68582,73,78,-5,5
68583,73,71,2,2
68584,81,82,-1,1
68585,69,70,-1,1
68586,71,75,-4,4
68587,107,115,-8,8
68588,111,110,1,1
68589,107,100,7,7
68590,115,99,16,16
68591,75,77,-2,2
68592,129,118,11,11
68593,94,89,5,5
68594,52,54,-2,2
68595,146,140,6,6
68596,99,103,-4,4
68597,93,108,-15,15
68598,57,59,-2,2
68599,102,108,-6,6
68600,58,66,-8,8
68601,95,134,-39,39
68602,92,90,2,2
68603,99,94,5,5
68604,115,116,-1,1
68605,77,77,0,0
68606,176,175,1,1
68607,97,105,-8,8
68608,153,136,17,17
68609,74,71,3,3
68610,182,163,19,19
68611,91,92,-1,1
68612,67,75,-8,8
68613,85,95,-10,10
68614,109,106,3,3
68615,113,104,9,9
68616,111,111,0,0
68617,95,108,-13,13
68618,74,71,3,3
68619,110,106,4,4
68620,58,57,1,1
68621,135,125,10,10
68622,108,112,-4,4
68623,112,114,-2,2
68624,49,53,-4,4
68625,114,117,-3,3
68626,57,59,-2,2
68627,74,67,7,7
68628,99,99,0,0
68629,96,91,5,5
68630,88,85,3,3
68631,79,85,-6,6
68632,82,72,10,10
68633,99,96,3,3
68634,116,109,7,7
68635,80,78,2,2
68636,120,116,4,4
68637,70,60,10,10
68638,74,74,0,0
68639,55,66,-11,11
68640,97,90,7,7
68641,74,77,-3,3
68642,92,98,-6,6
68643,71,71,0,0
68644,86,84,2,2
68645,66,61,5,5
68646,74,67,7,7
68647,90,88,2,2
68648,110,106,4,4
68649,94,93,1,1
68650,101,100,1,1
68651,115,114,1,1
68652,91,92,-1,1
68653,102,102,0,0
68654,116,122,-6,6
68655,130,127,3,3
68656,45,54,-9,9
68657,77,75,2,2
68658,117,128,-11,11
68659,109,108,1,1
68660,94,93,1,1
68661,130,125,5,5
68662,37,50,-13,13
68663,73,79,-6,6
68664,79,70,9,9
68665,80,89,-9,9
68666,143,122,21,21
68667,69,69,0,0
68668,143,139,4,4
68669,105,106,-1,1
68670,150,137,13,13
68671,94,86,8,8
68672,107,99,8,8
68673,64,59,5,5
68674,154,132,22,22
68675,129,125,4,4
68676,118,113,5,5
68677,86,84,2,2
68678,98,97,1,1
68679,134,141,-7,7
68680,96,97,-1,1
68681,90,89,1,1
68682,173,174,-1,1
68683,83,83,0,0
68684,168,167,1,1
68685,97,96,1,1
68686,88,88,0,0
68687,54,55,-1,1
68688,142,120,22,22
68689,152,143,9,9
68690,75,86,-11,11
68691,73,71,2,2
68692,170,181,-11,11
68693,82,79,3,3
68694,103,112,-9,9
68695,135,123,12,12
68696,98,99,-1,1
68697,190,177,13,13
68698,110,92,18,18
68699,56,64,-8,8
68700,160,150,10,10
68701,86,99,-13,13
68702,105,104,1,1
68703,42,50,-8,8
68704,148,159,-11,11
68705,78,71,7,7
68706,108,109,-1,1
68707,81,82,-1,1
68708,135,130,5,5
68709,84,92,-8,8
68710,115,106,9,9
68711,124,115,9,9
68712,67,76,-9,9
68713,97,93,4,4
68714,90,87,3,3
68715,158,144,14,14
68716,162,149,13,13
68717,165,163,2,2
68718,76,76,0,0
68719,174,171,3,3
68720,125,117,8,8
68721,155,152,3,3
68722,80,88,-8,8
68723,150,154,-4,4
68724,54,59,-5,5
68725,119,106,13,13
68726,83,76,7,7
68727,56,60,-4,4
68728,69,81,-12,12
68729,94,96,-2,2
68730,103,108,-5,5
68731,120,111,9,9
68732,119,126,-7,7
68733,92,91,1,1
68734,102,101,1,1
68735,75,75,0,0
68736,64,62,2,2
68737,175,161,14,14
68738,66,63,3,3
68739,69,68,1,1
68740,66,63,3,3
68741,42,50,-8,8
68742,222,209,13,13
68743,161,153,8,8
68744,139,119,20,20
68745,88,89,-1,1
68746,81,72,9,9
68747,160,157,3,3
68748,100,101,-1,1
68749,64,66,-2,2
68750,26,50,-24,24
68751,126,120,6,6
68752,49,52,-3,3
68753,101,100,1,1
68754,78,71,7,7
68755,82,80,2,2
68756,68,70,-2,2
68757,90,87,3,3
68758,78,77,1,1
68759,114,116,-2,2
68760,160,150,10,10
68761,108,106,2,2
68762,93,93,0,0
68763,52,53,-1,1
68764,142,133,9,9
68765,151,158,-7,7
68766,118,121,-3,3
68767,90,91,-1,1
68768,103,95,8,8
68769,126,120,6,6
68770,121,117,4,4
68771,111,112,-1,1
68772,87,84,3,3
68773,48,52,-4,4
68774,86,72,14,14
68775,60,103,-43,43
68776,162,143,19,19
68777,98,90,8,8
68778,134,123,11,11
68779,147,140,7,7
68780,113,115,-2,2
68781,79,75,4,4
68782,76,70,6,6
68783,72,83,-11,11
68784,59,66,-7,7
68785,151,141,10,10
68786,114,109,5,5
68787,71,78,-7,7
68788,146,137,9,9
68789,83,80,3,3
68790,65,63,2,2
68791,60,56,4,4
68792,113,99,14,14
68793,146,131,15,15
68794,103,107,-4,4
68795,123,113,10,10
68796,59,61,-2,2
68797,158,138,20,20
68798,114,100,14,14
68799,133,118,15,15
68800,151,143,8,8
68801,41,50,-9,9
68802,80,78,2,2
68803,71,64,7,7
68804,88,90,-2,2
68805,94,104,-10,10
68806,41,58,-17,17
68807,129,143,-14,14
68808,126,119,7,7
68809,132,114,18,18
68810,38,51,-13,13
68811,81,84,-3,3
68812,97,97,0,0
68813,99,97,2,2
68814,159,155,4,4
68815,113,119,-6,6
68816,42,59,-17,17
68817,176,161,15,15
68818,96,86,10,10
68819,122,122,0,0
68820,134,138,-4,4
68821,63,65,-2,2
68822,81,75,6,6
68823,94,101,-7,7
68824,122,114,8,8
68825,99,87,12,12
68826,103,107,-4,4
68827,77,102,-25,25
68828,90,98,-8,8
68829,139,122,17,17
68830,74,71,3,3
68831,83,85,-2,2
68832,84,83,1,1
68833,108,100,8,8
68834,80,87,-7,7
68835,117,115,2,2
68836,81,77,4,4
68837,73,76,-3,3
68838,146,137,9,9
68839,83,82,1,1
68840,71,67,4,4
68841,99,107,-8,8
68842,52,60,-8,8
68843,97,106,-9,9
68844,80,76,4,4
68845,112,110,2,2
68846,57,69,-12,12
68847,105,105,0,0
68848,145,147,-2,2
68849,104,94,10,10
68850,94,90,4,4
68851,109,108,1,1
68852,73,75,-2,2
68853,54,57,-3,3
68854,99,90,9,9
68855,204,192,12,12
68856,42,51,-9,9
68857,40,50,-10,10
68858,61,56,5,5
68859,98,100,-2,2
68860,88,91,-3,3
68861,107,118,-11,11
68862,101,101,0,0
68863,156,148,8,8
68864,43,51,-8,8
68865,85,79,6,6
68866,130,118,12,12
68867,49,58,-9,9
68868,82,78,4,4
68869,105,105,0,0
68870,141,153,-12,12
68871,124,127,-3,3
68872,149,160,-11,11
68873,61,55,6,6
68874,163,155,8,8
68875,94,99,-5,5
68876,64,69,-5,5
68877,129,141,-12,12
68878,71,77,-6,6
68879,95,102,-7,7
68880,106,112,-6,6
68881,103,82,21,21
68882,81,76,5,5
68883,89,82,7,7
68884,144,135,9,9
68885,64,66,-2,2
68886,37,113,-76,76
68887,87,76,11,11
68888,34,50,-16,16
68889,94,95,-1,1
68890,84,89,-5,5
68891,76,72,4,4
68892,79,74,5,5
68893,96,103,-7,7
68894,99,94,5,5
68895,102,101,1,1
68896,66,64,2,2
68897,96,85,11,11
68898,75,77,-2,2
68899,98,87,11,11
68900,75,71,4,4
68901,106,99,7,7
68902,85,82,3,3
68903,104,117,-13,13
68904,83,86,-3,3
68905,92,93,-1,1
68906,110,126,-16,16
68907,89,106,-17,17
68908,148,137,11,11
68909,105,103,2,2
68910,90,82,8,8
68911,42,56,-14,14
68912,102,102,0,0
68913,142,137,5,5
68914,122,111,11,11
68915,109,98,11,11
68916,101,104,-3,3
68917,89,97,-8,8
68918,118,117,1,1
68919,146,131,15,15
68920,100,104,-4,4
68921,99,95,4,4
68922,62,59,3,3
68923,84,75,9,9
68924,62,69,-7,7
68925,190,173,17,17
68926,105,107,-2,2
68927,101,93,8,8
68928,69,77,-8,8
68929,105,101,4,4
68930,135,131,4,4
68931,162,168,-6,6
68932,96,96,0,0
68933,80,73,7,7
68934,83,86,-3,3
68935,133,127,6,6
68936,77,71,6,6
68937,130,123,7,7
68938,143,161,-18,18
68939,83,87,-4,4
68940,77,80,-3,3
68941,148,141,7,7
68942,88,82,6,6
68943,47,50,-3,3
68944,66,56,10,10
68945,54,65,-11,11
68946,97,93,4,4
68947,80,84,-4,4
68948,51,66,-15,15
68949,122,125,-3,3
68950,134,119,15,15
68951,152,149,3,3
68952,96,101,-5,5
68953,75,82,-7,7
68954,143,141,2,2
68955,164,160,4,4
68956,99,99,0,0
68957,149,154,-5,5
68958,126,121,5,5
68959,90,81,9,9
68960,102,105,-3,3
68961,18,51,-33,33
68962,103,137,-34,34
68963,130,121,9,9
68964,67,71,-4,4
68965,69,60,9,9
68966,84,84,0,0
68967,122,125,-3,3
68968,103,96,7,7
68969,65,55,10,10
68970,111,116,-5,5
68971,177,177,0,0
68972,64,59,5,5
68973,159,157,2,2
68974,123,127,-4,4
68975,67,67,0,0
68976,138,145,-7,7
68977,88,93,-5,5
68978,94,107,-13,13
68979,114,103,11,11
68980,81,77,4,4
68981,68,63,5,5
68982,214,194,20,20
68983,145,128,17,17
68984,54,56,-2,2
68985,100,90,10,10
68986,146,144,2,2
68987,213,190,23,23
68988,106,114,-8,8
68989,57,55,2,2
68990,128,126,2,2
68991,97,94,3,3
68992,90,100,-10,10
68993,102,97,5,5
68994,153,135,18,18
68995,84,78,6,6
68996,27,51,-24,24
68997,51,52,-1,1
68998,73,75,-2,2
68999,86,85,1,1
69000,77,71,6,6
69001,154,139,15,15
69002,107,101,6,6
69003,173,168,5,5
69004,80,83,-3,3
69005,92,92,0,0
69006,86,84,2,2
69007,70,73,-3,3
69008,116,121,-5,5
69009,79,80,-1,1
69010,101,99,2,2
69011,138,135,3,3
69012,125,111,14,14
69013,65,65,0,0
69014,82,84,-2,2
69015,88,91,-3,3
69016,40,52,-12,12
69017,104,105,-1,1
69018,111,112,-1,1
69019,81,78,3,3
69020,67,79,-12,12
69021,91,98,-7,7
69022,135,131,4,4
69023,155,166,-11,11
69024,89,80,9,9
69025,58,70,-12,12
69026,137,128,9,9
69027,69,67,2,2
69028,84,85,-1,1
69029,110,93,17,17
69030,68,93,-25,25
69031,126,112,14,14
69032,185,147,38,38
69033,64,57,7,7
69034,119,113,6,6
69035,133,130,3,3
69036,96,91,5,5
69037,54,56,-2,2
69038,90,91,-1,1
69039,75,71,4,4
69040,123,124,-1,1
69041,91,92,-1,1
69042,114,113,1,1
69043,49,79,-30,30
69044,119,107,12,12
69045,78,69,9,9
69046,105,99,6,6
69047,113,111,2,2
69048,75,67,8,8
69049,162,162,0,0
69050,62,61,1,1
69051,93,82,11,11
69052,67,62,5,5
69053,118,118,0,0
69054,76,72,4,4
69055,132,122,10,10
69056,43,50,-7,7
69057,69,72,-3,3
69058,99,100,-1,1
69059,81,75,6,6
69060,103,103,0,0
69061,87,78,9,9
69062,88,81,7,7
69063,92,90,2,2
69064,102,93,9,9
69065,53,54,-1,1
69066,80,82,-2,2
69067,86,76,10,10
69068,107,109,-2,2
69069,165,171,-6,6
69070,43,50,-7,7
69071,84,77,7,7
69072,129,123,6,6
69073,135,129,6,6
69074,32,62,-30,30
69075,49,59,-10,10
69076,91,91,0,0
69077,72,72,0,0
69078,85,79,6,6
69079,75,81,-6,6
69080,95,117,-22,22
69081,132,125,7,7
69082,98,105,-7,7
69083,34,50,-16,16
69084,114,111,3,3
69085,104,98,6,6
69086,111,99,12,12
69087,59,55,4,4
69088,38,50,-12,12
69089,45,50,-5,5
69090,160,170,-10,10
69091,87,83,4,4
69092,78,85,-7,7
69093,180,150,30,30
69094,112,116,-4,4
69095,99,102,-3,3
69096,77,78,-1,1
69097,64,79,-15,15
69098,93,75,18,18
69099,135,149,-14,14
69100,80,78,2,2
69101,105,94,11,11
69102,93,94,-1,1
69103,97,99,-2,2
69104,93,103,-10,10
69105,126,110,16,16
69106,100,95,5,5
69107,93,94,-1,1
69108,116,116,0,0
69109,89,88,1,1
69110,72,86,-14,14
69111,158,141,17,17
69112,107,94,13,13
69113,57,60,-3,3
69114,95,100,-5,5
69115,199,185,14,14
69116,98,98,0,0
69117,50,58,-8,8
69118,72,67,5,5
69119,86,77,9,9
69120,36,74,-38,38
69121,77,63,14,14
69122,144,147,-3,3
69123,101,119,-18,18
69124,141,137,4,4
69125,136,121,15,15
69126,81,77,4,4
69127,96,115,-19,19
69128,92,91,1,1
69129,37,51,-14,14
69130,117,118,-1,1
69131,96,90,6,6
69132,120,135,-15,15
69133,58,60,-2,2
69134,147,130,17,17
69135,60,63,-3,3
69136,85,83,2,2
69137,71,63,8,8
69138,74,68,6,6
69139,98,100,-2,2
69140,59,57,2,2
69141,77,80,-3,3
69142,77,82,-5,5
69143,76,81,-5,5
69144,52,55,-3,3
69145,116,115,1,1
69146,78,83,-5,5
69147,74,74,0,0
69148,124,122,2,2
69149,58,55,3,3
69150,86,83,3,3
69151,132,121,11,11
69152,108,96,12,12
69153,38,50,-12,12
69154,138,139,-1,1
69155,74,71,3,3
69156,73,77,-4,4
69157,95,81,14,14
69158,129,134,-5,5
69159,102,86,16,16
69160,112,106,6,6
69161,141,138,3,3
69162,76,72,4,4
69163,142,139,3,3
69164,72,70,2,2
69165,163,157,6,6
69166,122,119,3,3
69167,44,50,-6,6
69168,104,99,5,5
69169,72,81,-9,9
69170,60,60,0,0
69171,69,67,2,2
69172,113,103,10,10
69173,89,91,-2,2
69174,42,51,-9,9
69175,146,139,7,7
69176,147,126,21,21
69177,132,146,-14,14
69178,107,103,4,4
69179,77,81,-4,4
69180,102,101,1,1
69181,153,136,17,17
69182,56,90,-34,34
69183,105,111,-6,6
69184,129,128,1,1
69185,99,89,10,10
69186,55,56,-1,1
69187,102,110,-8,8
69188,102,97,5,5
69189,111,111,0,0
69190,123,124,-1,1
69191,62,64,-2,2
69192,152,163,-11,11
69193,89,77,12,12
69194,94,90,4,4
69195,35,55,-20,20
69196,94,90,4,4
69197,110,115,-5,5
69198,175,176,-1,1
69199,105,96,9,9
69200,42,52,-10,10
69201,152,142,10,10
69202,149,133,16,16
69203,207,183,24,24
69204,152,156,-4,4
69205,88,99,-11,11
69206,94,93,1,1
69207,76,68,8,8
69208,84,82,2,2
69209,87,85,2,2
69210,59,64,-5,5
69211,112,108,4,4
69212,110,102,8,8
69213,136,115,21,21
69214,81,93,-12,12
69215,177,160,17,17
69216,120,120,0,0
69217,86,87,-1,1
69218,57,59,-2,2
69219,100,82,18,18
69220,134,129,5,5
69221,75,68,7,7
69222,88,81,7,7
69223,82,88,-6,6
69224,54,59,-5,5
69225,74,68,6,6
69226,50,53,-3,3
69227,125,112,13,13
69228,85,88,-3,3
69229,148,143,5,5
69230,88,90,-2,2
69231,58,72,-14,14
69232,124,103,21,21
69233,129,130,-1,1
69234,100,97,3,3
69235,76,73,3,3
69236,86,76,10,10
69237,57,66,-9,9
69238,84,85,-1,1
69239,103,93,10,10
69240,87,87,0,0
69241,114,119,-5,5
69242,58,61,-3,3
69243,100,93,7,7
69244,92,92,0,0
69245,78,84,-6,6
69246,73,88,-15,15
69247,73,66,7,7
69248,106,105,1,1
69249,135,135,0,0
69250,95,112,-17,17
69251,75,79,-4,4
69252,116,122,-6,6
69253,58,56,2,2
69254,135,124,11,11
69255,75,77,-2,2
69256,51,57,-6,6
69257,69,68,1,1
69258,97,108,-11,11
69259,73,75,-2,2
69260,91,96,-5,5
69261,156,150,6,6
69262,67,69,-2,2
69263,77,70,7,7
69264,133,137,-4,4
69265,129,145,-16,16
69266,110,104,6,6
69267,121,135,-14,14
69268,150,144,6,6
69269,89,87,2,2
69270,71,71,0,0
69271,119,106,13,13
69272,70,76,-6,6
69273,121,127,-6,6
69274,116,119,-3,3
69275,123,127,-4,4
69276,95,89,6,6
69277,70,64,6,6
69278,111,90,21,21
69279,113,106,7,7
69280,92,80,12,12
69281,52,57,-5,5
69282,114,110,4,4
69283,106,105,1,1
69284,102,113,-11,11
69285,72,85,-13,13
69286,134,116,18,18
69287,101,101,0,0
69288,134,123,11,11
69289,111,114,-3,3
69290,99,99,0,0
69291,98,90,8,8
69292,94,97,-3,3
69293,44,50,-6,6
69294,92,93,-1,1
69295,81,77,4,4
69296,74,75,-1,1
69297,51,51,0,0
69298,135,131,4,4
69299,34,50,-16,16
69300,151,149,2,2
69301,64,63,1,1
69302,105,108,-3,3
69303,117,102,15,15
69304,88,89,-1,1
69305,100,100,0,0
69306,88,82,6,6
69307,84,85,-1,1
69308,189,183,6,6
69309,45,52,-7,7
69310,64,64,0,0
69311,94,94,0,0
69312,199,181,18,18
69313,80,73,7,7
69314,105,108,-3,3
69315,112,106,6,6
69316,59,56,3,3
69317,54,60,-6,6
69318,123,116,7,7
69319,59,61,-2,2
69320,186,175,11,11
69321,110,110,0,0
69322,117,110,7,7
69323,82,82,0,0
69324,202,173,29,29
69325,129,108,21,21
69326,91,95,-4,4
69327,131,108,23,23
69328,117,111,6,6
69329,82,73,9,9
69330,78,83,-5,5
69331,129,122,7,7
69332,46,50,-4,4
69333,122,126,-4,4
69334,124,112,12,12
69335,186,189,-3,3
69336,103,101,2,2
69337,112,121,-9,9
69338,135,141,-6,6
69339,68,71,-3,3
69340,110,113,-3,3
69341,57,56,1,1
69342,144,140,4,4
69343,115,104,11,11
69344,143,139,4,4
69345,75,82,-7,7
69346,69,60,9,9
69347,140,127,13,13
69348,93,102,-9,9
69349,74,71,3,3
69350,165,162,3,3
69351,77,83,-6,6
69352,57,57,0,0
69353,87,102,-15,15
69354,123,125,-2,2
69355,78,83,-5,5
69356,120,118,2,2
69357,100,98,2,2
69358,112,111,1,1
69359,87,90,-3,3
69360,98,85,13,13
69361,106,101,5,5
69362,91,97,-6,6
69363,107,106,1,1
69364,67,64,3,3
69365,125,123,2,2
69366,61,63,-2,2
69367,96,98,-2,2
69368,73,72,1,1
69369,70,66,4,4
69370,89,85,4,4
69371,114,109,5,5
69372,74,75,-1,1
69373,133,113,20,20
69374,107,115,-8,8
69375,91,89,2,2
69376,83,76,7,7
69377,76,70,6,6
69378,75,83,-8,8
69379,83,77,6,6
69380,62,61,1,1
69381,71,80,-9,9
69382,40,50,-10,10
69383,131,121,10,10
69384,138,141,-3,3
69385,43,51,-8,8
69386,76,85,-9,9
69387,128,153,-25,25
69388,62,61,1,1
69389,128,120,8,8
69390,79,84,-5,5
69391,140,130,10,10
69392,94,102,-8,8
69393,96,97,-1,1
69394,43,50,-7,7
69395,159,151,8,8
69396,62,55,7,7
69397,131,121,10,10
69398,65,63,2,2
69399,63,65,-2,2
69400,116,123,-7,7
69401,65,81,-16,16
69402,70,70,0,0
69403,56,59,-3,3
69404,95,96,-1,1
69405,120,113,7,7
69406,93,99,-6,6
69407,92,90,2,2
69408,101,93,8,8
69409,106,110,-4,4
69410,151,141,10,10
69411,98,93,5,5
69412,63,62,1,1
69413,120,120,0,0
69414,93,92,1,1
69415,89,86,3,3
69416,47,52,-5,5
69417,92,94,-2,2
69418,95,87,8,8
69419,90,79,11,11
69420,116,109,7,7
69421,88,88,0,0
69422,107,112,-5,5
69423,168,180,-12,12
69424,49,50,-1,1
69425,111,105,6,6
69426,76,80,-4,4
69427,89,87,2,2
69428,72,70,2,2
69429,131,129,2,2
69430,61,73,-12,12
69431,106,100,6,6
69432,65,69,-4,4
69433,76,76,0,0
69434,62,93,-31,31
69435,63,59,4,4
69436,77,75,2,2
69437,120,112,8,8
69438,109,108,1,1
69439,93,90,3,3
69440,66,62,4,4
69441,72,63,9,9
69442,94,87,7,7
69443,143,126,17,17
69444,75,77,-2,2
69445,99,99,0,0
69446,112,114,-2,2
69447,66,66,0,0
69448,72,68,4,4
69449,46,53,-7,7
69450,100,98,2,2
69451,89,83,6,6
69452,101,100,1,1
69453,63,60,3,3
69454,108,104,4,4
69455,89,95,-6,6
69456,101,97,4,4
69457,94,92,2,2
69458,73,76,-3,3
69459,148,117,31,31
69460,142,136,6,6
69461,92,90,2,2
69462,151,145,6,6
69463,119,115,4,4
69464,61,64,-3,3
69465,124,125,-1,1
69466,46,55,-9,9
69467,67,75,-8,8
69468,46,60,-14,14
69469,81,76,5,5
69470,104,106,-2,2
69471,47,51,-4,4
69472,88,88,0,0
69473,115,79,36,36
69474,92,107,-15,15
69475,100,87,13,13
69476,141,131,10,10
69477,107,105,2,2
69478,127,109,18,18
69479,117,121,-4,4
69480,72,71,1,1
69481,81,84,-3,3
69482,100,128,-28,28
69483,84,102,-18,18
69484,70,64,6,6
69485,152,138,14,14
69486,32,50,-18,18
69487,121,121,0,0
69488,69,68,1,1
69489,63,67,-4,4
69490,76,74,2,2
69491,81,86,-5,5
69492,106,100,6,6
69493,69,78,-9,9
69494,54,56,-2,2
69495,92,88,4,4
69496,61,64,-3,3
69497,141,126,15,15
69498,78,73,5,5
69499,124,140,-16,16
69500,94,93,1,1
69501,66,70,-4,4
69502,156,161,-5,5
69503,80,100,-20,20
69504,84,87,-3,3
69505,161,159,2,2
69506,106,97,9,9
69507,98,96,2,2
69508,108,102,6,6
69509,109,101,8,8
69510,85,83,2,2
69511,74,82,-8,8
69512,74,73,1,1
69513,88,97,-9,9
69514,128,118,10,10
69515,93,89,4,4
69516,140,136,4,4
69517,109,104,5,5
69518,58,56,2,2
69519,73,60,13,13
69520,86,87,-1,1
69521,94,90,4,4
69522,332,308,24,24
69523,112,102,10,10
69524,48,50,-2,2
69525,73,77,-4,4
69526,116,111,5,5
69527,105,90,15,15
69528,65,64,1,1
69529,108,103,5,5
69530,83,90,-7,7
69531,81,86,-5,5
69532,155,160,-5,5
69533,110,96,14,14
69534,120,109,11,11
69535,92,84,8,8
69536,152,135,17,17
69537,131,136,-5,5
69538,48,63,-15,15
69539,68,68,0,0
69540,74,72,2,2
69541,86,97,-11,11
69542,148,157,-9,9
69543,188,177,11,11
69544,79,92,-13,13
69545,125,118,7,7
69546,95,82,13,13
69547,63,60,3,3
69548,78,71,7,7
69549,116,118,-2,2
69550,83,81,2,2
69551,68,67,1,1
69552,104,103,1,1
69553,107,104,3,3
69554,93,84,9,9
69555,115,113,2,2
69556,105,86,19,19
69557,76,94,-18,18
69558,129,118,11,11
69559,53,52,1,1
69560,78,87,-9,9
69561,108,102,6,6
69562,39,50,-11,11
69563,81,77,4,4
69564,122,125,-3,3
69565,74,67,7,7
69566,63,68,-5,5
69567,115,116,-1,1
69568,119,120,-1,1
69569,130,125,5,5
69570,103,126,-23,23
69571,107,110,-3,3
69572,69,79,-10,10
69573,130,121,9,9
69574,98,114,-16,16
69575,126,114,12,12
69576,119,107,12,12
69577,86,92,-6,6
69578,211,201,10,10
69579,82,81,1,1
69580,64,61,3,3
69581,96,75,21,21
69582,63,63,0,0
69583,102,102,0,0
69584,119,129,-10,10
69585,82,87,-5,5
69586,119,111,8,8
69587,64,62,2,2
69588,48,50,-2,2
69589,140,133,7,7
69590,112,103,9,9
69591,93,103,-10,10
69592,88,90,-2,2
69593,93,90,3,3
69594,60,59,1,1
69595,66,68,-2,2
69596,48,51,-3,3
69597,101,94,7,7
69598,54,56,-2,2
69599,99,92,7,7
69600,81,78,3,3
69601,155,147,8,8
69602,80,76,4,4
69603,69,68,1,1
69604,65,76,-11,11
69605,81,90,-9,9
69606,100,107,-7,7
69607,89,101,-12,12
69608,86,87,-1,1
69609,107,110,-3,3
69610,61,64,-3,3
69611,59,54,5,5
69612,51,57,-6,6
69613,147,150,-3,3
69614,127,120,7,7
69615,130,136,-6,6
69616,53,52,1,1
69617,117,95,22,22
69618,132,128,4,4
69619,119,113,6,6
69620,107,92,15,15
69621,79,92,-13,13
69622,157,151,6,6
69623,125,106,19,19
69624,60,63,-3,3
69625,79,67,12,12
69626,80,86,-6,6
69627,151,136,15,15
69628,109,99,10,10
69629,64,64,0,0
69630,111,98,13,13
69631,44,57,-13,13
69632,95,87,8,8
69633,137,127,10,10
69634,121,102,19,19
69635,51,57,-6,6
69636,53,67,-14,14
69637,93,92,1,1
69638,91,93,-2,2
69639,125,114,11,11
69640,59,64,-5,5
69641,63,62,1,1
69642,111,97,14,14
69643,117,118,-1,1
69644,74,74,0,0
69645,117,120,-3,3
69646,65,59,6,6
69647,100,89,11,11
69648,227,216,11,11
69649,145,171,-26,26
69650,82,85,-3,3
69651,93,77,16,16
69652,120,130,-10,10
69653,122,113,9,9
69654,121,116,5,5
69655,106,91,15,15
69656,95,100,-5,5
69657,71,70,1,1
69658,64,72,-8,8
69659,103,100,3,3
69660,66,80,-14,14
69661,60,64,-4,4
69662,85,82,3,3
69663,110,111,-1,1
69664,109,110,-1,1
69665,80,90,-10,10
69666,80,69,11,11
69667,147,149,-2,2
69668,107,114,-7,7
69669,61,60,1,1
69670,163,160,3,3
69671,60,57,3,3
69672,85,84,1,1
69673,152,159,-7,7
69674,90,91,-1,1
69675,81,80,1,1
69676,76,71,5,5
69677,95,92,3,3
69678,70,69,1,1
69679,101,97,4,4
69680,65,61,4,4
69681,78,89,-11,11
69682,94,97,-3,3
69683,69,68,1,1
69684,161,166,-5,5
69685,97,100,-3,3
69686,66,75,-9,9
69687,171,157,14,14
69688,93,80,13,13
69689,98,90,8,8
69690,101,106,-5,5
69691,97,95,2,2
69692,74,80,-6,6
69693,88,76,12,12
69694,184,181,3,3
69695,74,80,-6,6
69696,65,75,-10,10
69697,193,177,16,16
69698,103,95,8,8
69699,57,63,-6,6
69700,113,129,-16,16
69701,145,166,-21,21
69702,60,58,2,2
69703,128,134,-6,6
69704,89,89,0,0
69705,80,79,1,1
69706,79,72,7,7
69707,114,114,0,0
69708,200,190,10,10
69709,133,130,3,3
69710,114,110,4,4
69711,125,120,5,5
69712,82,79,3,3
69713,90,82,8,8
69714,95,91,4,4
69715,140,144,-4,4
69716,96,101,-5,5
69717,186,176,10,10
69718,89,101,-12,12
69719,57,59,-2,2
69720,76,77,-1,1
69721,64,60,4,4
69722,138,130,8,8
69723,97,88,9,9
69724,95,103,-8,8
69725,157,159,-2,2
69726,76,69,7,7
69727,77,84,-7,7
69728,110,107,3,3
69729,191,175,16,16
69730,70,63,7,7
69731,100,111,-11,11
69732,98,104,-6,6
69733,64,66,-2,2
69734,106,102,4,4
69735,95,96,-1,1
69736,70,77,-7,7
69737,132,117,15,15
69738,43,50,-7,7
69739,177,156,21,21
69740,59,57,2,2
69741,42,51,-9,9
69742,40,50,-10,10
69743,82,76,6,6
69744,79,85,-6,6
69745,62,73,-11,11
69746,108,100,8,8
69747,103,115,-12,12
69748,92,90,2,2
69749,63,67,-4,4
69750,65,67,-2,2
69751,144,145,-1,1
69752,92,88,4,4
69753,129,125,4,4
69754,137,139,-2,2
69755,122,129,-7,7
69756,48,65,-17,17
69757,85,66,19,19
69758,90,97,-7,7
69759,82,69,13,13
69760,112,102,10,10
69761,85,86,-1,1
69762,91,86,5,5
69763,78,80,-2,2
69764,69,68,1,1
69765,121,109,12,12
69766,68,74,-6,6
69767,131,129,2,2
69768,89,87,2,2
69769,93,90,3,3
69770,54,53,1,1
69771,136,135,1,1
69772,35,74,-39,39
69773,178,155,23,23
69774,105,100,5,5
69775,145,144,1,1
69776,75,81,-6,6
69777,117,106,11,11
69778,63,66,-3,3
69779,132,132,0,0
69780,100,102,-2,2
69781,67,70,-3,3
69782,47,53,-6,6
69783,128,114,14,14
69784,119,123,-4,4
69785,119,122,-3,3
69786,93,76,17,17
69787,121,121,0,0
69788,79,72,7,7
69789,166,156,10,10
69790,87,81,6,6
69791,85,88,-3,3
69792,80,75,5,5
69793,68,68,0,0
69794,131,131,0,0
69795,124,119,5,5
69796,146,153,-7,7
69797,71,66,5,5
69798,89,96,-7,7
69799,60,67,-7,7
69800,64,61,3,3
69801,63,70,-7,7
69802,61,61,0,0
69803,119,101,18,18
69804,83,85,-2,2
69805,96,97,-1,1
69806,116,131,-15,15
69807,122,117,5,5
69808,102,92,10,10
69809,85,87,-2,2
69810,129,131,-2,2
69811,109,98,11,11
69812,41,50,-9,9
69813,95,99,-4,4
69814,131,113,18,18
69815,98,75,23,23
69816,105,99,6,6
69817,35,50,-15,15
69818,65,59,6,6
69819,69,64,5,5
69820,72,67,5,5
69821,101,103,-2,2
69822,86,84,2,2
69823,103,106,-3,3
69824,110,98,12,12
69825,77,71,6,6
69826,98,79,19,19
69827,107,106,1,1
69828,72,81,-9,9
69829,109,111,-2,2
69830,68,59,9,9
69831,64,59,5,5
69832,158,155,3,3
69833,112,119,-7,7
69834,71,84,-13,13
69835,119,113,6,6
69836,63,61,2,2
69837,66,66,0,0
69838,90,88,2,2
69839,114,117,-3,3
69840,81,85,-4,4
69841,136,127,9,9
69842,92,90,2,2
69843,46,63,-17,17
69844,48,55,-7,7
69845,99,89,10,10
69846,63,66,-3,3
69847,113,111,2,2
69848,77,82,-5,5
69849,95,104,-9,9
69850,95,96,-1,1
69851,92,95,-3,3
69852,77,74,3,3
69853,108,103,5,5
69854,80,78,2,2
69855,106,101,5,5
69856,193,188,5,5
69857,138,125,13,13
69858,146,143,3,3
69859,146,148,-2,2
69860,121,109,12,12
69861,134,123,11,11
69862,92,93,-1,1
69863,109,105,4,4
69864,94,98,-4,4
69865,96,101,-5,5
69866,105,120,-15,15
69867,124,127,-3,3
69868,101,94,7,7
69869,63,69,-6,6
69870,91,94,-3,3
69871,75,82,-7,7
69872,89,99,-10,10
69873,134,132,2,2
69874,130,128,2,2
69875,71,81,-10,10
69876,152,148,4,4
69877,79,61,18,18
69878,82,68,14,14
69879,80,85,-5,5
69880,51,57,-6,6
69881,134,131,3,3
69882,120,107,13,13
69883,88,85,3,3
69884,66,72,-6,6
69885,40,51,-11,11
69886,81,72,9,9
69887,125,114,11,11
69888,57,56,1,1
69889,127,119,8,8
69890,70,62,8,8
69891,144,97,47,47
69892,100,110,-10,10
69893,190,173,17,17
69894,79,78,1,1
69895,95,75,20,20
69896,86,72,14,14
69897,75,62,13,13
69898,108,103,5,5
69899,74,72,2,2
69900,110,120,-10,10
69901,121,112,9,9
69902,75,79,-4,4
69903,193,166,27,27
69904,102,95,7,7
69905,83,86,-3,3
69906,161,158,3,3
69907,43,69,-26,26
69908,157,177,-20,20
69909,152,158,-6,6
69910,166,154,12,12
69911,61,59,2,2
69912,123,118,5,5
69913,77,66,11,11
69914,76,68,8,8
69915,103,110,-7,7
69916,73,68,5,5
69917,94,93,1,1
69918,71,76,-5,5
69919,69,77,-8,8
69920,46,50,-4,4
69921,59,58,1,1
69922,109,102,7,7
69923,166,165,1,1
69924,65,65,0,0
69925,97,90,7,7
69926,170,155,15,15
69927,76,77,-1,1
69928,79,79,0,0
69929,84,90,-6,6
69930,36,50,-14,14
69931,149,150,-1,1
69932,61,58,3,3
69933,109,108,1,1
69934,160,142,18,18
69935,96,89,7,7
69936,139,141,-2,2
69937,59,56,3,3
69938,52,54,-2,2
69939,148,136,12,12
69940,90,70,20,20
69941,68,59,9,9
69942,60,64,-4,4
69943,110,110,0,0
69944,80,98,-18,18
69945,37,50,-13,13
69946,75,88,-13,13
69947,62,71,-9,9
69948,66,67,-1,1
69949,99,108,-9,9
69950,105,103,2,2
69951,165,154,11,11
69952,164,158,6,6
69953,93,97,-4,4
69954,58,75,-17,17
69955,93,90,3,3
69956,37,50,-13,13
69957,68,73,-5,5
69958,122,123,-1,1
69959,36,50,-14,14
69960,109,109,0,0
69961,111,105,6,6
69962,39,50,-11,11
69963,139,134,5,5
69964,109,111,-2,2
69965,169,164,5,5
69966,138,137,1,1
69967,104,119,-15,15
69968,170,180,-10,10
69969,66,64,2,2
69970,154,151,3,3
69971,46,53,-7,7
69972,136,122,14,14
69973,81,81,0,0
69974,390,328,62,62
69975,88,84,4,4
69976,66,76,-10,10
69977,69,68,1,1
69978,48,55,-7,7
69979,136,122,14,14
69980,85,84,1,1
69981,73,68,5,5
69982,128,136,-8,8
69983,90,95,-5,5
69984,105,105,0,0
69985,127,123,4,4
69986,102,102,0,0
69987,111,106,5,5
69988,110,98,12,12
69989,92,86,6,6
69990,66,104,-38,38
69991,103,101,2,2
69992,111,101,10,10
69993,120,120,0,0
69994,96,100,-4,4
69995,141,138,3,3
69996,89,106,-17,17
69997,66,65,1,1
69998,95,84,11,11
69999,83,91,-8,8
70000,62,59,3,3
70001,136,137,-1,1
70002,99,95,4,4
70003,78,65,13,13
70004,79,86,-7,7
70005,86,79,7,7
70006,70,72,-2,2
70007,128,130,-2,2
70008,100,80,20,20
70009,116,102,14,14
70010,165,183,-18,18
70011,125,120,5,5
70012,63,68,-5,5
70013,93,101,-8,8
70014,135,119,16,16
70015,61,60,1,1
70016,55,69,-14,14
70017,95,89,6,6
70018,98,97,1,1
70019,54,55,-1,1
70020,85,88,-3,3
70021,96,84,12,12
70022,132,133,-1,1
70023,81,85,-4,4
70024,57,59,-2,2
70025,71,64,7,7
70026,92,92,0,0
70027,99,87,12,12
70028,87,84,3,3
70029,116,98,18,18
70030,46,54,-8,8
70031,29,50,-21,21
70032,163,172,-9,9
70033,110,102,8,8
70034,68,67,1,1
70035,62,60,2,2
70036,60,54,6,6
70037,91,97,-6,6
70038,35,50,-15,15
70039,61,69,-8,8
70040,101,83,18,18
70041,135,129,6,6
70042,169,168,1,1
70043,122,112,10,10
70044,182,175,7,7
70045,86,90,-4,4
70046,121,114,7,7
70047,65,60,5,5
70048,84,89,-5,5
70049,98,92,6,6
70050,61,64,-3,3
70051,71,78,-7,7
70052,54,57,-3,3
70053,130,120,10,10
70054,47,53,-6,6
70055,78,71,7,7
70056,83,71,12,12
70057,119,105,14,14
70058,86,79,7,7
70059,92,95,-3,3
70060,76,75,1,1
70061,80,86,-6,6
70062,103,94,9,9
70063,113,107,6,6
70064,79,85,-6,6
70065,68,69,-1,1
70066,115,113,2,2
70067,62,68,-6,6
70068,107,116,-9,9
70069,115,106,9,9
70070,138,141,-3,3
70071,115,121,-6,6
70072,117,106,11,11
70073,92,146,-54,54
70074,122,112,10,10
70075,54,55,-1,1
70076,76,77,-1,1
70077,96,91,5,5
70078,57,61,-4,4
70079,108,108,0,0
70080,104,106,-2,2
70081,107,105,2,2
70082,66,63,3,3
70083,57,65,-8,8
70084,72,69,3,3
70085,63,91,-28,28
70086,119,122,-3,3
70087,123,115,8,8
70088,86,86,0,0
70089,121,103,18,18
70090,72,63,9,9
70091,70,70,0,0
70092,84,74,10,10
70093,72,80,-8,8
70094,61,56,5,5
70095,128,112,16,16
70096,90,93,-3,3
70097,138,148,-10,10
70098,80,79,1,1
70099,134,108,26,26
70100,135,137,-2,2
70101,108,102,6,6
70102,114,106,8,8
70103,87,78,9,9
70104,29,54,-25,25
70105,84,84,0,0
70106,139,141,-2,2
70107,126,117,9,9
70108,61,56,5,5
70109,22,50,-28,28
70110,61,73,-12,12
70111,74,84,-10,10
70112,120,113,7,7
70113,69,67,2,2
70114,61,65,-4,4
70115,88,92,-4,4
70116,102,102,0,0
70117,107,108,-1,1
70118,103,101,2,2
70119,89,92,-3,3
70120,134,134,0,0
70121,52,65,-13,13
70122,63,86,-23,23
70123,116,102,14,14
70124,123,138,-15,15
70125,101,93,8,8
70126,58,62,-4,4
70127,95,96,-1,1
70128,66,62,4,4
70129,69,66,3,3
70130,107,99,8,8
70131,118,127,-9,9
70132,155,136,19,19
70133,75,76,-1,1
70134,103,95,8,8
70135,81,75,6,6
70136,94,93,1,1
70137,64,64,0,0
70138,135,129,6,6
70139,116,136,-20,20
70140,213,187,26,26
70141,87,88,-1,1
70142,109,126,-17,17
70143,149,145,4,4
70144,81,97,-16,16
70145,78,75,3,3
70146,62,55,7,7
70147,73,75,-2,2
70148,68,60,8,8
70149,103,81,22,22
70150,121,106,15,15
70151,165,148,17,17
70152,105,99,6,6
70153,71,64,7,7
70154,139,145,-6,6
70155,75,95,-20,20
70156,146,157,-11,11
70157,88,95,-7,7
70158,184,185,-1,1
70159,122,112,10,10
70160,50,72,-22,22
70161,98,98,0,0
70162,28,71,-43,43
70163,68,60,8,8
70164,34,50,-16,16
70165,88,79,9,9
70166,87,89,-2,2
70167,91,89,2,2
70168,97,95,2,2
70169,93,76,17,17
70170,46,51,-5,5
70171,63,61,2,2
70172,54,61,-7,7
70173,68,71,-3,3
70174,100,115,-15,15
70175,51,53,-2,2
70176,92,94,-2,2
70177,111,113,-2,2
70178,66,59,7,7
70179,60,70,-10,10
70180,66,63,3,3
70181,130,117,13,13
70182,125,109,16,16
70183,134,138,-4,4
70184,139,139,0,0
70185,105,106,-1,1
70186,70,70,0,0
70187,106,100,6,6
70188,146,127,19,19
70189,144,145,-1,1
70190,108,123,-15,15
70191,77,80,-3,3
70192,99,93,6,6
70193,79,79,0,0
70194,65,65,0,0
70195,65,77,-12,12
70196,89,99,-10,10
70197,128,116,12,12
70198,95,116,-21,21
70199,131,144,-13,13
70200,48,50,-2,2
70201,127,117,10,10
70202,102,105,-3,3
70203,127,125,2,2
70204,53,57,-4,4
70205,148,130,18,18
70206,173,162,11,11
70207,110,102,8,8
70208,61,60,1,1
70209,65,63,2,2
70210,83,77,6,6
70211,125,125,0,0
70212,94,90,4,4
70213,82,77,5,5
70214,95,85,10,10
70215,48,58,-10,10
70216,112,110,2,2
70217,74,74,0,0
70218,114,108,6,6
70219,64,66,-2,2
70220,109,100,9,9
70221,163,150,13,13
70222,136,133,3,3
70223,218,195,23,23
70224,114,104,10,10
70225,152,147,5,5
70226,115,118,-3,3
70227,70,77,-7,7
70228,76,76,0,0
70229,101,100,1,1
70230,122,111,11,11
70231,95,88,7,7
70232,112,142,-30,30
70233,114,114,0,0
70234,93,88,5,5
70235,56,68,-12,12
70236,110,116,-6,6
70237,97,96,1,1
70238,86,97,-11,11
70239,87,84,3,3
70240,55,71,-16,16
70241,183,196,-13,13
70242,99,100,-1,1
70243,102,102,0,0
70244,113,103,10,10
70245,95,93,2,2
70246,191,173,18,18
70247,82,84,-2,2
70248,55,53,2,2
70249,60,62,-2,2
70250,81,75,6,6
70251,87,86,1,1
70252,142,143,-1,1
70253,97,82,15,15
70254,116,101,15,15
70255,73,70,3,3
70256,87,93,-6,6
70257,102,96,6,6
70258,57,59,-2,2
70259,56,64,-8,8
70260,193,160,33,33
70261,99,101,-2,2
70262,61,65,-4,4
70263,90,87,3,3
70264,129,135,-6,6
70265,86,88,-2,2
70266,68,76,-8,8
70267,106,94,12,12
70268,101,106,-5,5
70269,139,129,10,10
70270,97,106,-9,9
70271,79,87,-8,8
70272,54,60,-6,6
70273,47,53,-6,6
70274,119,110,9,9
70275,93,89,4,4
70276,70,69,1,1
70277,109,109,0,0
70278,55,65,-10,10
70279,127,134,-7,7
70280,76,79,-3,3
70281,35,50,-15,15
70282,66,63,3,3
70283,72,72,0,0
70284,91,101,-10,10
70285,128,134,-6,6
70286,123,124,-1,1
70287,129,125,4,4
70288,106,99,7,7
70289,84,90,-6,6
70290,99,85,14,14
70291,59,58,1,1
70292,54,58,-4,4
70293,120,119,1,1
70294,188,170,18,18
70295,83,82,1,1
70296,146,134,12,12
70297,69,65,4,4
70298,58,60,-2,2
70299,173,153,20,20
70300,131,119,12,12
70301,150,141,9,9
70302,115,109,6,6
70303,107,101,6,6
70304,131,134,-3,3
70305,101,99,2,2
70306,105,94,11,11
70307,104,103,1,1
70308,138,123,15,15
70309,62,61,1,1
70310,88,93,-5,5
70311,44,50,-6,6
70312,116,117,-1,1
70313,84,82,2,2
70314,80,100,-20,20
70315,112,110,2,2
70316,85,81,4,4
70317,82,74,8,8
70318,101,102,-1,1
70319,123,126,-3,3
70320,137,130,7,7
70321,112,90,22,22
70322,72,76,-4,4
70323,100,94,6,6
70324,106,98,8,8
70325,64,55,9,9
70326,115,105,10,10
70327,44,52,-8,8
70328,112,108,4,4
70329,113,104,9,9
70330,203,183,20,20
70331,113,102,11,11
70332,154,154,0,0
70333,88,95,-7,7
70334,88,102,-14,14
70335,56,59,-3,3
70336,116,114,2,2
70337,104,103,1,1
70338,96,94,2,2
70339,99,98,1,1
70340,98,106,-8,8
70341,128,134,-6,6
70342,79,78,1,1
70343,97,105,-8,8
70344,68,71,-3,3
70345,93,81,12,12
70346,99,97,2,2
70347,68,69,-1,1
70348,83,75,8,8
70349,85,85,0,0
70350,89,95,-6,6
70351,95,93,2,2
70352,133,125,8,8
70353,86,85,1,1
70354,94,91,3,3
70355,63,71,-8,8
70356,134,131,3,3
70357,79,81,-2,2
70358,55,54,1,1
70359,82,86,-4,4
70360,60,65,-5,5
70361,63,71,-8,8
70362,179,164,15,15
70363,127,124,3,3
70364,65,62,3,3
70365,101,102,-1,1
70366,112,106,6,6
70367,66,68,-2,2
70368,104,99,5,5
70369,80,99,-19,19
70370,84,73,11,11
70371,57,58,-1,1
70372,55,56,-1,1
70373,134,129,5,5
70374,125,118,7,7
70375,83,83,0,0
70376,66,63,3,3
70377,59,83,-24,24
70378,117,109,8,8
70379,103,120,-17,17
70380,101,92,9,9
70381,128,129,-1,1
70382,92,98,-6,6
70383,167,159,8,8
70384,79,75,4,4
70385,121,113,8,8
70386,85,75,10,10
70387,80,61,19,19
70388,26,50,-24,24
70389,52,56,-4,4
70390,58,69,-11,11
70391,137,130,7,7
70392,48,52,-4,4
70393,138,127,11,11
70394,81,65,16,16
70395,132,128,4,4
70396,111,109,2,2
70397,115,115,0,0
70398,129,128,1,1
70399,125,122,3,3
70400,138,163,-25,25
70401,51,57,-6,6
70402,131,140,-9,9
70403,164,169,-5,5
70404,107,91,16,16
70405,102,99,3,3
70406,66,66,0,0
70407,59,61,-2,2
70408,60,59,1,1
70409,145,139,6,6
70410,143,133,10,10
70411,121,120,1,1
70412,98,105,-7,7
70413,107,92,15,15
70414,69,65,4,4
70415,154,154,0,0
70416,93,96,-3,3
70417,93,97,-4,4
70418,41,50,-9,9
70419,103,106,-3,3
70420,81,81,0,0
70421,105,96,9,9
70422,60,55,5,5
70423,90,93,-3,3
70424,76,74,2,2
70425,98,98,0,0
70426,70,67,3,3
70427,49,57,-8,8
70428,113,108,5,5
70429,45,59,-14,14
70430,109,100,9,9
70431,53,58,-5,5
70432,98,82,16,16
70433,70,65,5,5
70434,91,88,3,3
70435,126,118,8,8
70436,68,61,7,7
70437,54,73,-19,19
70438,99,94,5,5
70439,85,89,-4,4
70440,85,78,7,7
70441,93,95,-2,2
70442,69,66,3,3
70443,59,59,0,0
70444,47,58,-11,11
70445,83,80,3,3
70446,103,109,-6,6
70447,93,84,9,9
70448,125,131,-6,6
70449,97,95,2,2
70450,103,108,-5,5
70451,79,78,1,1
70452,103,114,-11,11
70453,132,124,8,8
70454,165,172,-7,7
70455,132,128,4,4
70456,88,88,0,0
70457,92,83,9,9
70458,75,72,3,3
70459,108,99,9,9
70460,98,94,4,4
70461,133,151,-18,18
70462,75,69,6,6
70463,187,190,-3,3
70464,123,119,4,4
70465,63,77,-14,14
70466,92,104,-12,12
70467,117,113,4,4
70468,98,86,12,12
70469,247,236,11,11
70470,98,100,-2,2
70471,102,85,17,17
70472,66,73,-7,7
70473,62,61,1,1
70474,84,87,-3,3
70475,52,54,-2,2
70476,107,103,4,4
70477,155,139,16,16
70478,118,118,0,0
70479,150,151,-1,1
70480,112,102,10,10
70481,106,105,1,1
70482,61,62,-1,1
70483,101,101,0,0
70484,80,69,11,11
70485,65,82,-17,17
70486,86,80,6,6
70487,74,68,6,6
70488,163,146,17,17
70489,100,107,-7,7
70490,44,51,-7,7
70491,86,70,16,16
70492,119,115,4,4
70493,80,75,5,5
70494,57,62,-5,5
70495,136,129,7,7
70496,113,117,-4,4
70497,75,74,1,1
70498,41,61,-20,20
70499,125,139,-14,14
70500,77,73,4,4
70501,97,89,8,8
70502,159,162,-3,3
70503,43,50,-7,7
70504,47,52,-5,5
70505,53,55,-2,2
70506,141,128,13,13
70507,79,83,-4,4
70508,74,71,3,3
70509,117,117,0,0
70510,39,51,-12,12
70511,74,76,-2,2
70512,131,135,-4,4
70513,95,95,0,0
70514,152,135,17,17
70515,80,83,-3,3
70516,125,106,19,19
70517,114,116,-2,2
70518,113,106,7,7
70519,58,70,-12,12
70520,98,90,8,8
70521,135,125,10,10
70522,88,100,-12,12
70523,147,142,5,5
70524,83,81,2,2
70525,145,140,5,5
70526,144,142,2,2
70527,142,132,10,10
70528,65,66,-1,1
70529,59,63,-4,4
70530,116,114,2,2
70531,51,54,-3,3
70532,48,52,-4,4
70533,113,118,-5,5
70534,87,61,26,26
70535,72,81,-9,9
70536,100,98,2,2
70537,66,65,1,1
70538,106,113,-7,7
70539,128,118,10,10
70540,71,64,7,7
70541,69,76,-7,7
70542,117,131,-14,14
70543,125,123,2,2
70544,105,101,4,4
70545,43,59,-16,16
70546,154,164,-10,10
70547,77,77,0,0
70548,104,106,-2,2
70549,112,107,5,5
70550,84,82,2,2
70551,69,67,2,2
70552,135,124,11,11
70553,130,115,15,15
70554,117,123,-6,6
70555,47,56,-9,9
70556,114,118,-4,4
70557,100,101,-1,1
70558,129,136,-7,7
70559,59,61,-2,2
70560,159,154,5,5
70561,61,64,-3,3
70562,51,60,-9,9
70563,92,87,5,5
70564,73,77,-4,4
70565,98,81,17,17
70566,117,111,6,6
70567,100,108,-8,8
70568,54,69,-15,15
70569,76,68,8,8
70570,132,131,1,1
70571,178,134,44,44
70572,91,94,-3,3
70573,127,115,12,12
70574,75,69,6,6
70575,70,69,1,1
70576,124,118,6,6
70577,125,127,-2,2
70578,80,83,-3,3
70579,59,60,-1,1
70580,82,89,-7,7
70581,130,131,-1,1
70582,82,89,-7,7
70583,93,85,8,8
70584,82,89,-7,7
70585,160,145,15,15
70586,83,79,4,4
70587,128,112,16,16
70588,123,109,14,14
70589,98,92,6,6
70590,104,89,15,15
70591,109,103,6,6
70592,48,51,-3,3
70593,62,59,3,3
70594,63,58,5,5
70595,63,66,-3,3
70596,115,106,9,9
70597,94,88,6,6
70598,94,98,-4,4
70599,91,91,0,0
70600,141,143,-2,2
70601,162,155,7,7
70602,91,93,-2,2
70603,88,91,-3,3
70604,117,126,-9,9
70605,52,56,-4,4
70606,57,63,-6,6
70607,106,90,16,16
70608,77,84,-7,7
70609,58,60,-2,2
70610,85,80,5,5
70611,110,105,5,5
70612,74,79,-5,5
70613,97,86,11,11
70614,58,59,-1,1
70615,92,97,-5,5
70616,97,95,2,2
70617,73,74,-1,1
70618,89,94,-5,5
70619,108,102,6,6
70620,129,121,8,8
70621,83,79,4,4
70622,97,92,5,5
70623,88,88,0,0
70624,88,83,5,5
70625,74,80,-6,6
70626,103,105,-2,2
70627,93,86,7,7
70628,39,50,-11,11
70629,168,156,12,12
70630,102,93,9,9
70631,77,82,-5,5
70632,209,213,-4,4
70633,88,85,3,3
70634,88,92,-4,4
70635,95,101,-6,6
70636,113,106,7,7
70637,109,110,-1,1
70638,93,97,-4,4
70639,167,155,12,12
70640,55,71,-16,16
70641,115,114,1,1
70642,101,104,-3,3
70643,52,59,-7,7
70644,155,155,0,0
70645,47,55,-8,8
70646,123,130,-7,7
70647,71,67,4,4
70648,109,110,-1,1
70649,63,70,-7,7
70650,132,145,-13,13
70651,74,78,-4,4
70652,89,99,-10,10
70653,131,127,4,4
70654,71,72,-1,1
70655,100,86,14,14
70656,76,88,-12,12
70657,67,66,1,1
70658,121,108,13,13
70659,45,56,-11,11
70660,79,63,16,16
70661,145,144,1,1
70662,242,207,35,35
70663,64,74,-10,10
70664,146,134,12,12
70665,80,78,2,2
70666,135,134,1,1
70667,94,88,6,6
70668,88,79,9,9
70669,119,120,-1,1
70670,129,121,8,8
70671,86,83,3,3
70672,60,56,4,4
70673,148,152,-4,4
70674,43,55,-12,12
70675,41,55,-14,14
70676,272,242,30,30
70677,116,102,14,14
70678,86,80,6,6
70679,69,71,-2,2
70680,51,52,-1,1
70681,80,80,0,0
70682,83,81,2,2
70683,108,103,5,5
70684,66,61,5,5
70685,178,182,-4,4
70686,138,137,1,1
70687,124,108,16,16
70688,58,59,-1,1
70689,93,93,0,0
70690,135,125,10,10
70691,98,81,17,17
70692,91,82,9,9
70693,83,77,6,6
70694,192,183,9,9
70695,119,106,13,13
70696,44,56,-12,12
70697,83,86,-3,3
70698,75,80,-5,5
70699,216,207,9,9
70700,178,173,5,5
70701,81,82,-1,1
70702,56,66,-10,10
70703,85,85,0,0
70704,87,86,1,1
70705,77,75,2,2
70706,73,78,-5,5
70707,122,118,4,4
70708,169,149,20,20
70709,155,143,12,12
70710,111,110,1,1
70711,37,50,-13,13
70712,116,118,-2,2
70713,107,107,0,0
70714,63,70,-7,7
70715,97,89,8,8
70716,108,92,16,16
70717,94,94,0,0
70718,56,56,0,0
70719,49,50,-1,1
70720,87,90,-3,3
70721,110,109,1,1
70722,89,92,-3,3
70723,87,81,6,6
70724,127,127,0,0
70725,82,80,2,2
70726,58,56,2,2
70727,69,71,-2,2
70728,66,60,6,6
70729,62,79,-17,17
70730,80,82,-2,2
70731,62,62,0,0
70732,46,51,-5,5
70733,48,65,-17,17
70734,77,72,5,5
70735,99,114,-15,15
70736,98,99,-1,1
70737,87,87,0,0
70738,63,68,-5,5
70739,114,118,-4,4
70740,121,126,-5,5
70741,70,70,0,0
70742,118,105,13,13
70743,116,115,1,1
70744,89,94,-5,5
70745,100,97,3,3
70746,249,266,-17,17
70747,202,181,21,21
70748,152,144,8,8
70749,140,132,8,8
70750,162,151,11,11
70751,90,87,3,3
70752,132,118,14,14
70753,79,67,12,12
70754,73,69,4,4
70755,115,105,10,10
70756,188,173,15,15
70757,72,73,-1,1
70758,112,114,-2,2
70759,131,123,8,8
70760,128,131,-3,3
70761,125,121,4,4
70762,133,127,6,6
70763,159,149,10,10
70764,96,92,4,4
70765,85,88,-3,3
70766,103,101,2,2
70767,74,68,6,6
70768,139,137,2,2
70769,114,112,2,2
70770,35,50,-15,15
70771,56,60,-4,4
70772,85,91,-6,6
70773,111,97,14,14
70774,107,109,-2,2
70775,138,139,-1,1
70776,79,73,6,6
70777,89,88,1,1
70778,97,91,6,6
70779,88,82,6,6
70780,77,79,-2,2
70781,83,75,8,8
70782,138,137,1,1
70783,109,107,2,2
70784,58,65,-7,7
70785,65,67,-2,2
70786,97,104,-7,7
70787,95,95,0,0
70788,93,89,4,4
70789,80,84,-4,4
70790,88,75,13,13
70791,104,108,-4,4
70792,72,75,-3,3
70793,75,72,3,3
70794,88,88,0,0
70795,104,110,-6,6
70796,70,68,2,2
70797,83,89,-6,6
70798,108,99,9,9
70799,84,77,7,7
70800,91,95,-4,4
70801,115,113,2,2
70802,80,85,-5,5
70803,122,123,-1,1
70804,116,114,2,2
70805,119,112,7,7
70806,105,101,4,4
70807,80,85,-5,5
70808,63,80,-17,17
70809,108,114,-6,6
70810,73,70,3,3
70811,116,116,0,0
70812,101,92,9,9
70813,78,78,0,0
70814,137,141,-4,4
70815,94,97,-3,3
70816,63,58,5,5
70817,122,134,-12,12
70818,145,137,8,8
70819,110,102,8,8
70820,86,83,3,3
70821,160,155,5,5
70822,149,140,9,9
70823,93,87,6,6
70824,77,68,9,9
70825,43,52,-9,9
70826,85,91,-6,6
70827,85,76,9,9
70828,71,69,2,2
70829,68,74,-6,6
70830,85,87,-2,2
70831,74,79,-5,5
70832,152,170,-18,18
70833,161,148,13,13
70834,130,133,-3,3
70835,83,78,5,5
70836,102,101,1,1
70837,96,105,-9,9
70838,111,113,-2,2
70839,41,50,-9,9
70840,54,59,-5,5
70841,119,115,4,4
70842,89,78,11,11
70843,105,93,12,12
70844,163,157,6,6
70845,102,98,4,4
70846,90,87,3,3
70847,52,64,-12,12
70848,61,60,1,1
70849,84,96,-12,12
70850,87,93,-6,6
70851,56,71,-15,15
70852,86,98,-12,12
70853,153,144,9,9
70854,130,115,15,15
70855,171,155,16,16
70856,81,78,3,3
70857,76,69,7,7
70858,82,89,-7,7
70859,114,122,-8,8
70860,103,107,-4,4
70861,98,98,0,0
70862,130,128,2,2
70863,145,129,16,16
70864,66,78,-12,12
70865,136,113,23,23
70866,96,105,-9,9
70867,35,50,-15,15
70868,77,72,5,5
70869,108,100,8,8
70870,91,105,-14,14
70871,68,73,-5,5
70872,114,113,1,1
70873,38,50,-12,12
70874,123,100,23,23
70875,81,79,2,2
70876,96,89,7,7
70877,89,85,4,4
70878,129,143,-14,14
70879,93,92,1,1
70880,57,58,-1,1
70881,81,77,4,4
70882,137,126,11,11
70883,83,73,10,10
70884,97,97,0,0
70885,100,103,-3,3
70886,83,86,-3,3
70887,94,85,9,9
70888,87,101,-14,14
70889,154,149,5,5
70890,126,109,17,17
70891,74,73,1,1
70892,87,91,-4,4
70893,62,71,-9,9
70894,61,58,3,3
70895,94,83,11,11
70896,91,85,6,6
70897,67,65,2,2
70898,87,82,5,5
70899,58,64,-6,6
70900,126,118,8,8
70901,102,96,6,6
70902,97,99,-2,2
70903,60,63,-3,3
70904,84,85,-1,1
70905,168,124,44,44
70906,89,89,0,0
70907,60,61,-1,1
70908,99,97,2,2
70909,119,110,9,9
70910,90,89,1,1
70911,150,146,4,4
70912,95,93,2,2
70913,79,80,-1,1
70914,45,50,-5,5
70915,101,95,6,6
70916,123,116,7,7
70917,145,143,2,2
70918,56,59,-3,3
70919,83,82,1,1
70920,48,55,-7,7
70921,65,60,5,5
70922,102,107,-5,5
70923,75,71,4,4
70924,194,206,-12,12
70925,55,61,-6,6
70926,61,59,2,2
70927,97,93,4,4
70928,123,127,-4,4
70929,47,53,-6,6
70930,99,113,-14,14
70931,88,87,1,1
70932,65,64,1,1
70933,71,72,-1,1
70934,140,134,6,6
70935,113,108,5,5
70936,70,72,-2,2
70937,123,121,2,2
70938,113,97,16,16
70939,170,156,14,14
70940,101,108,-7,7
70941,113,103,10,10
70942,102,95,7,7
70943,74,77,-3,3
70944,73,79,-6,6
70945,90,96,-6,6
70946,62,60,2,2
70947,104,121,-17,17
70948,119,121,-2,2
70949,71,65,6,6
70950,129,135,-6,6
70951,48,53,-5,5
70952,149,151,-2,2
70953,63,60,3,3
70954,115,112,3,3
70955,110,114,-4,4
70956,93,120,-27,27
70957,100,103,-3,3
70958,90,90,0,0
70959,46,55,-9,9
70960,126,119,7,7
70961,99,97,2,2
70962,65,62,3,3
70963,77,71,6,6
70964,70,63,7,7
70965,82,91,-9,9
70966,91,95,-4,4
70967,142,132,10,10
70968,73,68,5,5
70969,146,134,12,12
70970,106,102,4,4
70971,185,180,5,5
70972,72,72,0,0
70973,119,107,12,12
70974,56,61,-5,5
70975,110,103,7,7
70976,94,92,2,2
70977,79,88,-9,9
70978,50,52,-2,2
70979,86,84,2,2
70980,73,71,2,2
70981,81,83,-2,2
70982,68,70,-2,2
70983,69,72,-3,3
70984,135,121,14,14
70985,162,149,13,13
70986,107,100,7,7
70987,74,76,-2,2
70988,61,65,-4,4
70989,101,87,14,14
70990,70,65,5,5
70991,101,121,-20,20
70992,61,62,-1,1
70993,103,99,4,4
70994,47,110,-63,63
70995,87,86,1,1
70996,73,74,-1,1
70997,100,89,11,11
70998,97,86,11,11
70999,75,80,-5,5
71000,77,73,4,4
71001,59,59,0,0
71002,136,137,-1,1
71003,44,50,-6,6
71004,149,139,10,10
71005,85,89,-4,4
71006,132,133,-1,1
71007,54,58,-4,4
71008,98,91,7,7
71009,102,110,-8,8
71010,122,119,3,3
71011,70,64,6,6
71012,121,129,-8,8
71013,86,86,0,0
71014,99,97,2,2
71015,71,67,4,4
71016,113,106,7,7
71017,100,97,3,3
71018,61,59,2,2
71019,69,73,-4,4
71020,103,113,-10,10
71021,122,139,-17,17
71022,90,82,8,8
71023,113,102,11,11
71024,99,107,-8,8
71025,100,87,13,13
71026,77,82,-5,5
71027,84,77,7,7
71028,101,94,7,7
71029,86,85,1,1
71030,43,50,-7,7
71031,73,77,-4,4
71032,128,119,9,9
71033,81,70,11,11
71034,67,58,9,9
71035,137,131,6,6
71036,77,75,2,2
71037,52,58,-6,6
71038,103,111,-8,8
71039,107,99,8,8
71040,101,94,7,7
71041,80,81,-1,1
71042,114,113,1,1
71043,112,115,-3,3
71044,118,102,16,16
71045,110,108,2,2
71046,88,82,6,6
71047,63,85,-22,22
71048,125,114,11,11
71049,126,112,14,14
71050,68,78,-10,10
71051,59,61,-2,2
71052,69,73,-4,4
71053,90,82,8,8
71054,108,112,-4,4
71055,80,80,0,0
71056,63,63,0,0
71057,52,53,-1,1
71058,72,79,-7,7
71059,76,81,-5,5
71060,92,89,3,3
71061,133,155,-22,22
71062,65,70,-5,5
71063,69,69,0,0
71064,121,110,11,11
71065,92,87,5,5
71066,67,68,-1,1
71067,134,129,5,5
71068,81,74,7,7
71069,68,78,-10,10
71070,67,68,-1,1
71071,52,55,-3,3
71072,107,106,1,1
71073,120,113,7,7
71074,133,131,2,2
71075,150,134,16,16
71076,124,138,-14,14
71077,86,87,-1,1
71078,29,50,-21,21
71079,170,155,15,15
71080,88,86,2,2
71081,158,147,11,11
71082,58,58,0,0
71083,129,125,4,4
71084,94,92,2,2
71085,116,115,1,1
71086,159,152,7,7
71087,86,80,6,6
71088,174,176,-2,2
71089,104,96,8,8
71090,90,81,9,9
71091,101,96,5,5
71092,107,110,-3,3
71093,133,118,15,15
71094,70,63,7,7
71095,100,97,3,3
71096,174,170,4,4
71097,41,52,-11,11
71098,85,84,1,1
71099,76,72,4,4
71100,73,77,-4,4
71101,131,126,5,5
71102,83,82,1,1
71103,88,95,-7,7
71104,128,125,3,3
71105,86,87,-1,1
71106,163,159,4,4
71107,104,104,0,0
71108,50,53,-3,3
71109,114,98,16,16
71110,108,111,-3,3
71111,72,73,-1,1
71112,63,63,0,0
71113,51,54,-3,3
71114,94,91,3,3
71115,76,68,8,8
71116,39,50,-11,11
71117,100,99,1,1
71118,64,66,-2,2
71119,87,85,2,2
71120,112,105,7,7
71121,105,105,0,0
71122,84,89,-5,5
71123,135,130,5,5
71124,66,58,8,8
71125,164,156,8,8
71126,53,58,-5,5
71127,131,119,12,12
71128,97,95,2,2
71129,44,55,-11,11
71130,85,87,-2,2
71131,58,55,3,3
71132,105,110,-5,5
71133,51,54,-3,3
71134,67,67,0,0
71135,82,87,-5,5
71136,100,93,7,7
71137,154,139,15,15
71138,89,93,-4,4
71139,88,82,6,6
71140,104,85,19,19
71141,82,74,8,8
71142,97,96,1,1
71143,87,100,-13,13
71144,71,62,9,9
71145,87,91,-4,4
71146,71,71,0,0
71147,168,157,11,11
71148,124,115,9,9
71149,75,62,13,13
71150,137,105,32,32
71151,131,123,8,8
71152,161,165,-4,4
71153,80,75,5,5
71154,109,107,2,2
71155,65,63,2,2
71156,152,149,3,3
71157,120,112,8,8
71158,116,117,-1,1
71159,82,98,-16,16
71160,214,192,22,22
71161,75,72,3,3
71162,95,86,9,9
71163,120,113,7,7
71164,126,126,0,0
71165,112,108,4,4
71166,115,126,-11,11
71167,94,91,3,3
71168,84,87,-3,3
71169,99,102,-3,3
71170,69,65,4,4
71171,62,57,5,5
71172,106,108,-2,2
71173,110,101,9,9
71174,78,80,-2,2
71175,161,186,-25,25
71176,140,103,37,37
71177,83,100,-17,17
71178,110,99,11,11
71179,50,54,-4,4
71180,160,145,15,15
71181,93,86,7,7
71182,161,157,4,4
71183,37,50,-13,13
71184,58,53,5,5
71185,109,122,-13,13
71186,99,103,-4,4
71187,124,145,-21,21
71188,65,64,1,1
71189,113,109,4,4
71190,114,124,-10,10
71191,127,117,10,10
71192,99,90,9,9
71193,83,80,3,3
71194,74,78,-4,4
71195,112,116,-4,4
71196,76,73,3,3
71197,86,81,5,5
71198,59,66,-7,7
71199,185,162,23,23
71200,113,92,21,21
71201,90,89,1,1
71202,60,63,-3,3
71203,136,117,19,19
71204,94,91,3,3
71205,100,94,6,6
71206,93,89,4,4
71207,80,82,-2,2
71208,138,122,16,16
71209,123,119,4,4
71210,84,79,5,5
71211,96,100,-4,4
71212,123,120,3,3
71213,46,87,-41,41
71214,54,56,-2,2
71215,135,130,5,5
71216,135,115,20,20
71217,79,80,-1,1
71218,127,118,9,9
71219,75,77,-2,2
71220,43,68,-25,25
71221,107,89,18,18
71222,86,80,6,6
71223,114,118,-4,4
71224,56,55,1,1
71225,80,78,2,2
71226,86,81,5,5
71227,62,58,4,4
71228,78,68,10,10
71229,158,161,-3,3
71230,96,116,-20,20
71231,88,85,3,3
71232,62,59,3,3
71233,116,105,11,11
71234,103,102,1,1
71235,108,120,-12,12
71236,96,94,2,2
71237,65,66,-1,1
71238,64,70,-6,6
71239,136,126,10,10
71240,92,97,-5,5
71241,66,61,5,5
71242,106,108,-2,2
71243,168,153,15,15
71244,91,90,1,1
71245,90,98,-8,8
71246,83,77,6,6
71247,198,188,10,10
71248,98,99,-1,1
71249,116,98,18,18
71250,77,82,-5,5
71251,95,89,6,6
71252,113,110,3,3
71253,102,97,5,5
71254,54,55,-1,1
71255,138,143,-5,5
71256,76,74,2,2
71257,58,57,1,1
71258,74,71,3,3
71259,93,92,1,1
71260,56,75,-19,19
71261,139,143,-4,4
71262,169,169,0,0
71263,131,129,2,2
71264,64,52,12,12
71265,89,94,-5,5
71266,111,99,12,12
71267,149,142,7,7
71268,86,82,4,4
71269,67,90,-23,23
71270,54,57,-3,3
71271,47,55,-8,8
71272,43,53,-10,10
71273,90,91,-1,1
71274,139,127,12,12
71275,62,64,-2,2
71276,67,75,-8,8
71277,75,78,-3,3
71278,87,85,2,2
71279,82,81,1,1
71280,41,52,-11,11
71281,86,88,-2,2
71282,151,137,14,14
71283,87,83,4,4
71284,107,107,0,0
71285,67,65,2,2
71286,90,100,-10,10
71287,133,128,5,5
71288,42,50,-8,8
71289,124,112,12,12
71290,66,63,3,3
71291,74,76,-2,2
71292,54,55,-1,1
71293,123,118,5,5
71294,137,134,3,3
71295,67,62,5,5
71296,113,115,-2,2
71297,103,94,9,9
71298,161,147,14,14
71299,114,106,8,8
71300,112,124,-12,12
71301,103,102,1,1
71302,112,112,0,0
71303,123,128,-5,5
71304,65,66,-1,1
71305,97,91,6,6
71306,68,61,7,7
71307,69,85,-16,16
71308,69,60,9,9
71309,143,133,10,10
71310,107,106,1,1
71311,59,79,-20,20
71312,125,118,7,7
71313,57,64,-7,7
71314,108,111,-3,3
71315,86,88,-2,2
71316,98,95,3,3
71317,82,79,3,3
71318,87,119,-32,32
71319,65,67,-2,2
71320,96,89,7,7
71321,60,57,3,3
71322,77,75,2,2
71323,81,78,3,3
71324,147,141,6,6
71325,75,65,10,10
71326,75,69,6,6
71327,85,94,-9,9
71328,94,91,3,3
71329,158,155,3,3
71330,103,82,21,21
71331,125,112,13,13
71332,119,144,-25,25
71333,109,105,4,4
71334,64,60,4,4
71335,74,75,-1,1
71336,33,50,-17,17
71337,104,98,6,6
71338,73,81,-8,8
71339,148,124,24,24
71340,57,62,-5,5
71341,62,59,3,3
71342,143,137,6,6
71343,96,111,-15,15
71344,61,65,-4,4
71345,126,123,3,3
71346,66,83,-17,17
71347,97,102,-5,5
71348,58,61,-3,3
71349,85,87,-2,2
71350,207,180,27,27
71351,114,106,8,8
71352,105,102,3,3
71353,92,92,0,0
71354,80,79,1,1
71355,97,93,4,4
71356,93,94,-1,1
71357,55,57,-2,2
71358,89,83,6,6
71359,116,113,3,3
71360,98,97,1,1
71361,79,71,8,8
71362,127,127,0,0
71363,112,105,7,7
71364,131,113,18,18
71365,92,93,-1,1
71366,81,80,1,1
71367,236,216,20,20
71368,110,123,-13,13
71369,66,72,-6,6
71370,100,105,-5,5
71371,98,99,-1,1
71372,118,105,13,13
71373,91,95,-4,4
71374,162,145,17,17
71375,77,72,5,5
71376,67,67,0,0
71377,131,125,6,6
71378,103,105,-2,2
71379,57,61,-4,4
71380,93,83,10,10
71381,72,79,-7,7
71382,67,58,9,9
71383,49,61,-12,12
71384,72,68,4,4
71385,56,53,3,3
71386,154,177,-23,23
71387,72,80,-8,8
71388,44,57,-13,13
71389,97,98,-1,1
71390,173,143,30,30
71391,151,144,7,7
71392,92,82,10,10
71393,41,57,-16,16
71394,101,107,-6,6
71395,151,134,17,17
71396,112,100,12,12
71397,82,81,1,1
71398,147,134,13,13
71399,104,88,16,16
71400,156,142,14,14
71401,69,66,3,3
71402,88,89,-1,1
71403,49,57,-8,8
71404,72,72,0,0
71405,87,87,0,0
71406,83,75,8,8
71407,78,69,9,9
71408,109,113,-4,4
71409,118,124,-6,6
71410,146,193,-47,47
71411,95,88,7,7
71412,139,128,11,11
71413,112,116,-4,4
71414,74,78,-4,4
71415,101,105,-4,4
71416,69,69,0,0
71417,60,58,2,2
71418,52,53,-1,1
71419,70,71,-1,1
71420,52,52,0,0
71421,93,98,-5,5
71422,75,79,-4,4
71423,50,66,-16,16
71424,64,66,-2,2
71425,167,145,22,22
71426,59,61,-2,2
71427,117,119,-2,2
71428,97,97,0,0
71429,93,99,-6,6
71430,70,74,-4,4
71431,91,84,7,7
71432,52,54,-2,2
71433,97,98,-1,1
71434,66,56,10,10
71435,91,89,2,2
71436,72,111,-39,39
71437,113,105,8,8
71438,91,87,4,4
71439,50,62,-12,12
71440,85,98,-13,13
71441,167,162,5,5
71442,78,79,-1,1
71443,149,139,10,10
71444,102,95,7,7
71445,116,115,1,1
71446,69,78,-9,9
71447,63,62,1,1
71448,108,114,-6,6
71449,81,77,4,4
71450,82,78,4,4
71451,113,113,0,0
71452,83,85,-2,2
71453,97,89,8,8
71454,78,94,-16,16
71455,102,102,0,0
71456,109,113,-4,4
71457,64,76,-12,12
71458,98,98,0,0
71459,156,136,20,20
71460,126,124,2,2
71461,90,90,0,0
71462,122,118,4,4
71463,67,73,-6,6
71464,60,59,1,1
71465,60,64,-4,4
71466,73,68,5,5
71467,135,139,-4,4
71468,116,112,4,4
71469,92,90,2,2
71470,116,113,3,3
71471,76,74,2,2
71472,137,132,5,5
71473,38,52,-14,14
71474,212,191,21,21
71475,115,111,4,4
71476,170,159,11,11
71477,140,152,-12,12
71478,194,162,32,32
71479,119,114,5,5
71480,46,53,-7,7
71481,67,64,3,3
71482,114,109,5,5
71483,107,125,-18,18
71484,83,94,-11,11
71485,103,97,6,6
71486,75,79,-4,4
71487,117,148,-31,31
71488,59,57,2,2
71489,68,91,-23,23
71490,117,120,-3,3
71491,142,129,13,13
71492,50,54,-4,4
71493,72,73,-1,1
71494,114,126,-12,12
71495,161,158,3,3
71496,104,98,6,6
71497,241,224,17,17
71498,72,68,4,4
71499,89,96,-7,7
71500,76,77,-1,1
71501,97,98,-1,1
71502,93,87,6,6
71503,73,66,7,7
71504,67,54,13,13
71505,89,91,-2,2
71506,91,92,-1,1
71507,112,113,-1,1
71508,156,156,0,0
71509,59,63,-4,4
71510,71,77,-6,6
71511,35,50,-15,15
71512,60,60,0,0
71513,151,153,-2,2
71514,83,85,-2,2
71515,114,117,-3,3
71516,66,59,7,7
71517,68,71,-3,3
71518,128,123,5,5
71519,168,143,25,25
71520,84,82,2,2
71521,87,87,0,0
71522,94,90,4,4
71523,44,54,-10,10
71524,93,97,-4,4
71525,135,122,13,13
71526,80,75,5,5
71527,105,95,10,10
71528,86,90,-4,4
71529,115,116,-1,1
71530,183,165,18,18
71531,120,112,8,8
71532,25,51,-26,26
71533,53,56,-3,3
71534,131,114,17,17
71535,164,155,9,9
71536,74,74,0,0
71537,125,114,11,11
71538,91,94,-3,3
71539,106,93,13,13
71540,95,92,3,3
71541,75,68,7,7
71542,114,106,8,8
71543,70,62,8,8
71544,89,82,7,7
71545,37,50,-13,13
71546,90,85,5,5
71547,60,66,-6,6
71548,106,107,-1,1
71549,59,63,-4,4
71550,114,121,-7,7
71551,69,64,5,5
71552,96,97,-1,1
71553,90,90,0,0
71554,132,139,-7,7
71555,117,119,-2,2
71556,78,82,-4,4
71557,63,67,-4,4
71558,96,106,-10,10
71559,132,107,25,25
71560,83,79,4,4
71561,114,109,5,5
71562,109,103,6,6
71563,97,89,8,8
71564,81,83,-2,2
71565,95,93,2,2
71566,82,83,-1,1
71567,127,129,-2,2
71568,108,109,-1,1
71569,91,103,-12,12
71570,87,83,4,4
71571,92,87,5,5
71572,165,160,5,5
71573,85,82,3,3
71574,50,56,-6,6
71575,62,58,4,4
71576,97,97,0,0
71577,87,90,-3,3
71578,66,61,5,5
71579,76,74,2,2
71580,75,79,-4,4
71581,172,165,7,7
71582,45,53,-8,8
71583,86,90,-4,4
71584,73,79,-6,6
71585,189,164,25,25
71586,65,68,-3,3
71587,76,76,0,0
71588,95,95,0,0
71589,95,89,6,6
71590,87,86,1,1
71591,108,105,3,3
71592,91,80,11,11
71593,69,74,-5,5
71594,141,146,-5,5
71595,75,76,-1,1
71596,82,85,-3,3
71597,55,55,0,0
71598,55,64,-9,9
71599,121,119,2,2
71600,55,56,-1,1
71601,131,119,12,12
71602,111,103,8,8
71603,52,60,-8,8
71604,141,129,12,12
71605,82,82,0,0
71606,49,54,-5,5
71607,67,78,-11,11
71608,65,64,1,1
71609,116,117,-1,1
71610,112,112,0,0
71611,117,112,5,5
71612,137,132,5,5
71613,95,102,-7,7
71614,59,63,-4,4
71615,84,94,-10,10
71616,89,78,11,11
71617,137,137,0,0
71618,194,162,32,32
71619,144,131,13,13
71620,106,95,11,11
71621,122,108,14,14
71622,67,74,-7,7
71623,104,109,-5,5
71624,114,110,4,4
71625,84,92,-8,8
71626,49,62,-13,13
71627,232,198,34,34
71628,79,76,3,3
71629,101,104,-3,3
71630,105,101,4,4
71631,104,105,-1,1
71632,221,189,32,32
71633,124,108,16,16
71634,154,145,9,9
71635,110,106,4,4
71636,75,77,-2,2
71637,175,168,7,7
71638,162,165,-3,3
71639,169,151,18,18
71640,82,90,-8,8
71641,69,67,2,2
71642,63,62,1,1
71643,101,104,-3,3
71644,59,58,1,1
71645,123,126,-3,3
71646,105,107,-2,2
71647,99,89,10,10
71648,58,64,-6,6
71649,103,98,5,5
71650,77,85,-8,8
71651,64,58,6,6
71652,49,51,-2,2
71653,96,92,4,4
71654,78,75,3,3
71655,124,131,-7,7
71656,66,87,-21,21
71657,163,151,12,12
71658,140,151,-11,11
71659,77,78,-1,1
71660,55,64,-9,9
71661,64,59,5,5
71662,73,79,-6,6
71663,86,88,-2,2
71664,87,85,2,2
71665,80,82,-2,2
71666,74,80,-6,6
71667,69,61,8,8
71668,118,118,0,0
71669,74,78,-4,4
71670,162,154,8,8
71671,63,69,-6,6
71672,88,86,2,2
71673,105,105,0,0
71674,70,58,12,12
71675,86,91,-5,5
71676,82,81,1,1
71677,181,178,3,3
71678,60,60,0,0
71679,139,136,3,3
71680,45,50,-5,5
71681,84,85,-1,1
71682,87,82,5,5
71683,94,84,10,10
71684,94,88,6,6
71685,102,123,-21,21
71686,82,83,-1,1
71687,102,89,13,13
71688,51,54,-3,3
71689,91,91,0,0
71690,92,92,0,0
71691,119,118,1,1
71692,98,103,-5,5
71693,92,86,6,6
71694,144,136,8,8
71695,117,120,-3,3
71696,61,59,2,2
71697,55,55,0,0
71698,89,82,7,7
71699,83,81,2,2
71700,122,110,12,12
71701,101,103,-2,2
71702,71,73,-2,2
71703,183,181,2,2
71704,79,80,-1,1
71705,68,79,-11,11
71706,124,121,3,3
71707,96,90,6,6
71708,82,80,2,2
71709,99,106,-7,7
71710,145,126,19,19
71711,143,139,4,4
71712,131,133,-2,2
71713,83,80,3,3
71714,118,133,-15,15
71715,65,69,-4,4
71716,52,59,-7,7
71717,78,74,4,4
71718,76,75,1,1
71719,142,130,12,12
71720,90,85,5,5
71721,64,68,-4,4
71722,70,67,3,3
71723,81,88,-7,7
71724,155,147,8,8
71725,94,108,-14,14
71726,64,64,0,0
71727,83,81,2,2
71728,112,104,8,8
71729,112,96,16,16
71730,132,127,5,5
71731,84,75,9,9
71732,63,65,-2,2
71733,78,84,-6,6
71734,143,132,11,11
71735,71,69,2,2
71736,94,92,2,2
71737,75,74,1,1
71738,54,63,-9,9
71739,81,70,11,11
71740,72,79,-7,7
71741,95,91,4,4
71742,136,126,10,10
71743,89,83,6,6
71744,66,71,-5,5
71745,95,90,5,5
71746,85,84,1,1
71747,114,114,0,0
71748,70,66,4,4
71749,70,79,-9,9
71750,115,116,-1,1
71751,139,137,2,2
71752,104,99,5,5
71753,65,65,0,0
71754,145,131,14,14
71755,108,102,6,6
71756,81,84,-3,3
71757,85,70,15,15
71758,59,65,-6,6
71759,146,153,-7,7
71760,89,102,-13,13
71761,94,94,0,0
71762,82,80,2,2
71763,58,60,-2,2
71764,78,77,1,1
71765,92,81,11,11
71766,65,64,1,1
71767,100,94,6,6
71768,126,120,6,6
71769,115,106,9,9
71770,64,59,5,5
71771,67,71,-4,4
71772,114,103,11,11
71773,73,70,3,3
71774,86,82,4,4
71775,92,83,9,9
71776,393,377,16,16
71777,121,134,-13,13
71778,77,83,-6,6
71779,106,88,18,18
71780,81,82,-1,1
71781,99,84,15,15
71782,150,149,1,1
71783,98,99,-1,1
71784,107,109,-2,2
71785,59,53,6,6
71786,53,51,2,2
71787,99,96,3,3
71788,138,135,3,3
71789,58,62,-4,4
71790,85,82,3,3
71791,129,122,7,7
71792,60,58,2,2
71793,67,63,4,4
71794,107,100,7,7
71795,42,54,-12,12
71796,73,72,1,1
71797,81,88,-7,7
71798,154,131,23,23
71799,84,79,5,5
71800,67,70,-3,3
71801,62,57,5,5
71802,93,87,6,6
71803,119,113,6,6
71804,112,107,5,5
71805,146,138,8,8
71806,45,50,-5,5
71807,127,120,7,7
71808,87,86,1,1
71809,122,118,4,4
71810,83,78,5,5
71811,116,110,6,6
71812,95,101,-6,6
71813,101,102,-1,1
71814,132,130,2,2
71815,116,108,8,8
71816,79,70,9,9
71817,94,89,5,5
71818,131,120,11,11
71819,61,57,4,4
71820,66,65,1,1
71821,78,82,-4,4
71822,145,152,-7,7
71823,166,165,1,1
71824,88,81,7,7
71825,99,91,8,8
71826,85,88,-3,3
71827,62,63,-1,1
71828,85,87,-2,2
71829,103,102,1,1
71830,123,148,-25,25
71831,43,54,-11,11
71832,89,93,-4,4
71833,61,66,-5,5
71834,65,65,0,0
71835,81,78,3,3
71836,77,73,4,4
71837,118,114,4,4
71838,53,54,-1,1
71839,90,82,8,8
71840,101,115,-14,14
71841,88,87,1,1
71842,136,134,2,2
71843,142,135,7,7
71844,79,72,7,7
71845,124,121,3,3
71846,69,66,3,3
71847,55,55,0,0
71848,84,86,-2,2
71849,34,50,-16,16
71850,86,77,9,9
71851,67,74,-7,7
71852,234,211,23,23
71853,175,173,2,2
71854,50,52,-2,2
71855,75,67,8,8
71856,61,61,0,0
71857,103,97,6,6
71858,59,57,2,2
71859,83,94,-11,11
71860,50,51,-1,1
71861,89,88,1,1
71862,65,72,-7,7
71863,140,123,17,17
71864,158,150,8,8
71865,113,115,-2,2
71866,118,123,-5,5
71867,172,153,19,19
71868,119,122,-3,3
71869,106,105,1,1
71870,146,146,0,0
71871,72,73,-1,1
71872,84,81,3,3
71873,78,82,-4,4
71874,58,56,2,2
71875,85,76,9,9
71876,137,127,10,10
71877,86,115,-29,29
71878,78,72,6,6
71879,88,92,-4,4
71880,108,98,10,10
71881,104,93,11,11
71882,77,90,-13,13
71883,101,101,0,0
71884,109,111,-2,2
71885,84,80,4,4
71886,70,64,6,6
71887,134,138,-4,4
71888,51,50,1,1
71889,128,127,1,1
71890,103,113,-10,10
71891,76,78,-2,2
71892,101,112,-11,11
71893,92,94,-2,2
71894,72,73,-1,1
71895,68,72,-4,4
71896,84,86,-2,2
71897,88,87,1,1
71898,119,124,-5,5
71899,56,54,2,2
71900,31,50,-19,19
71901,91,94,-3,3
71902,163,151,12,12
71903,124,115,9,9
71904,71,63,8,8
71905,101,91,10,10
71906,112,143,-31,31
71907,103,101,2,2
71908,74,70,4,4
71909,57,60,-3,3
71910,137,134,3,3
71911,124,110,14,14
71912,77,91,-14,14
71913,83,81,2,2
71914,66,79,-13,13
71915,110,99,11,11
71916,65,68,-3,3
71917,98,102,-4,4
71918,87,85,2,2
71919,90,82,8,8
71920,140,136,4,4
71921,116,113,3,3
71922,128,118,10,10
71923,73,68,5,5
71924,155,175,-20,20
71925,96,103,-7,7
71926,115,117,-2,2
71927,63,63,0,0
71928,57,52,5,5
71929,113,119,-6,6
71930,104,94,10,10
71931,53,59,-6,6
71932,62,58,4,4
71933,53,57,-4,4
71934,71,66,5,5
71935,76,76,0,0
71936,117,110,7,7
71937,57,63,-6,6
71938,79,68,11,11
71939,69,83,-14,14
71940,78,74,4,4
71941,40,59,-19,19
71942,58,72,-14,14
71943,105,98,7,7
71944,87,99,-12,12
71945,118,103,15,15
71946,101,115,-14,14
71947,32,50,-18,18
71948,75,77,-2,2
71949,112,110,2,2
71950,112,101,11,11
71951,124,130,-6,6
71952,68,68,0,0
71953,72,68,4,4
71954,52,53,-1,1
71955,84,80,4,4
71956,78,74,4,4
71957,106,88,18,18
71958,126,125,1,1
71959,103,104,-1,1
71960,110,90,20,20
71961,91,80,11,11
71962,149,134,15,15
71963,55,55,0,0
71964,113,106,7,7
71965,72,68,4,4
71966,79,82,-3,3
71967,125,121,4,4
71968,126,115,11,11
71969,156,162,-6,6
71970,69,67,2,2
71971,59,52,7,7
71972,92,112,-20,20
71973,65,66,-1,1
71974,94,94,0,0
71975,76,86,-10,10
71976,145,139,6,6
71977,141,138,3,3
71978,71,71,0,0
71979,91,91,0,0
71980,56,62,-6,6
71981,107,113,-6,6
71982,73,67,6,6
71983,120,132,-12,12
71984,109,77,32,32
71985,125,119,6,6
71986,80,76,4,4
71987,55,57,-2,2
71988,92,93,-1,1
71989,125,120,5,5
71990,74,73,1,1
71991,65,75,-10,10
71992,85,86,-1,1
71993,41,52,-11,11
71994,73,82,-9,9
71995,133,101,32,32
71996,48,52,-4,4
71997,81,77,4,4
71998,109,119,-10,10
71999,98,96,2,2
72000,123,119,4,4
72001,103,109,-6,6
72002,79,78,1,1
72003,60,64,-4,4
72004,93,94,-1,1
72005,162,133,29,29
72006,121,114,7,7
72007,113,121,-8,8
72008,64,73,-9,9
72009,61,65,-4,4
72010,110,105,5,5
72011,106,103,3,3
72012,111,105,6,6
72013,72,82,-10,10
72014,50,50,0,0
72015,58,53,5,5
72016,112,118,-6,6
72017,86,99,-13,13
72018,77,71,6,6
72019,116,112,4,4
72020,77,80,-3,3
72021,156,139,17,17
72022,94,98,-4,4
72023,152,140,12,12
72024,153,146,7,7
72025,91,92,-1,1
72026,114,109,5,5
72027,54,58,-4,4
72028,68,64,4,4
72029,108,130,-22,22
72030,144,136,8,8
72031,122,113,9,9
72032,94,98,-4,4
72033,100,92,8,8
72034,63,68,-5,5
72035,109,103,6,6
72036,92,81,11,11
72037,104,98,6,6
72038,80,69,11,11
72039,83,78,5,5
72040,115,117,-2,2
72041,149,154,-5,5
72042,111,113,-2,2
72043,64,69,-5,5
72044,117,104,13,13
72045,68,68,0,0
72046,98,90,8,8
72047,58,61,-3,3
72048,109,100,9,9
72049,84,77,7,7
72050,59,65,-6,6
72051,122,103,19,19
72052,67,71,-4,4
72053,74,65,9,9
72054,65,67,-2,2
72055,95,89,6,6
72056,90,90,0,0
72057,71,69,2,2
72058,46,50,-4,4
72059,37,63,-26,26
72060,128,119,9,9
72061,110,107,3,3
72062,98,104,-6,6
72063,55,54,1,1
72064,118,108,10,10
72065,28,50,-22,22
72066,164,158,6,6
72067,97,99,-2,2
72068,149,132,17,17
72069,100,92,8,8
72070,102,111,-9,9
72071,99,96,3,3
72072,170,150,20,20
72073,124,129,-5,5
72074,109,120,-11,11
72075,146,135,11,11
72076,170,168,2,2
72077,85,63,22,22
72078,106,100,6,6
72079,96,96,0,0
72080,105,100,5,5
72081,116,105,11,11
72082,61,62,-1,1
72083,114,111,3,3
72084,105,103,2,2
72085,163,171,-8,8
72086,50,53,-3,3
72087,141,120,21,21
72088,79,86,-7,7
72089,129,121,8,8
72090,82,79,3,3
72091,61,60,1,1
72092,69,70,-1,1
72093,62,72,-10,10
72094,93,90,3,3
72095,92,97,-5,5
72096,91,106,-15,15
72097,45,51,-6,6
72098,167,154,13,13
72099,71,69,2,2
72100,43,59,-16,16
72101,122,116,6,6
72102,73,62,11,11
72103,99,95,4,4
72104,82,78,4,4
72105,119,108,11,11
72106,135,119,16,16
72107,46,50,-4,4
72108,102,95,7,7
72109,66,64,2,2
72110,159,159,0,0
72111,93,88,5,5
72112,93,85,8,8
72113,71,66,5,5
72114,106,85,21,21
72115,99,92,7,7
72116,145,155,-10,10
72117,102,112,-10,10
72118,146,141,5,5
72119,129,123,6,6
72120,105,115,-10,10
72121,119,109,10,10
72122,49,54,-5,5
72123,114,106,8,8
72124,137,136,1,1
72125,84,84,0,0
72126,63,62,1,1
72127,120,111,9,9
72128,63,60,3,3
72129,153,139,14,14
72130,73,81,-8,8
72131,110,101,9,9
72132,178,166,12,12
72133,73,99,-26,26
72134,80,68,12,12
72135,98,94,4,4
72136,122,120,2,2
72137,122,121,1,1
72138,95,96,-1,1
72139,100,105,-5,5
72140,107,111,-4,4
72141,86,72,14,14
72142,62,57,5,5
72143,77,79,-2,2
72144,49,54,-5,5
72145,68,70,-2,2
72146,25,50,-25,25
72147,83,78,5,5
72148,54,50,4,4
72149,122,120,2,2
72150,115,115,0,0
72151,92,84,8,8
72152,120,130,-10,10
72153,161,149,12,12
72154,100,89,11,11
72155,127,131,-4,4
72156,56,60,-4,4
72157,120,117,3,3
72158,319,292,27,27
72159,161,144,17,17
72160,120,109,11,11
72161,119,105,14,14
72162,119,104,15,15
72163,155,134,21,21
72164,90,91,-1,1
72165,43,53,-10,10
72166,67,59,8,8
72167,75,63,12,12
72168,86,83,3,3
72169,107,100,7,7
72170,109,107,2,2
72171,105,111,-6,6
72172,120,122,-2,2
72173,57,58,-1,1
72174,81,84,-3,3
72175,114,108,6,6
72176,101,97,4,4
72177,104,91,13,13
72178,105,96,9,9
72179,93,95,-2,2
72180,117,113,4,4
72181,93,87,6,6
72182,60,60,0,0
72183,81,64,17,17
72184,96,94,2,2
72185,99,101,-2,2
72186,88,81,7,7
72187,113,114,-1,1
72188,91,98,-7,7
72189,142,132,10,10
72190,95,96,-1,1
72191,79,82,-3,3
72192,80,93,-13,13
72193,54,55,-1,1
72194,124,111,13,13
72195,86,93,-7,7
72196,154,132,22,22
72197,77,81,-4,4
72198,129,113,16,16
72199,196,168,28,28
72200,78,79,-1,1
72201,63,69,-6,6
72202,176,162,14,14
72203,102,102,0,0
72204,102,105,-3,3
72205,92,89,3,3
72206,145,134,11,11
72207,64,63,1,1
72208,100,91,9,9
72209,96,109,-13,13
72210,96,84,12,12
72211,51,54,-3,3
72212,61,75,-14,14
72213,129,124,5,5
72214,196,178,18,18
72215,61,61,0,0
72216,86,80,6,6
72217,69,78,-9,9
72218,121,111,10,10
72219,87,94,-7,7
72220,105,93,12,12
72221,67,80,-13,13
72222,71,89,-18,18
72223,165,151,14,14
72224,132,126,6,6
72225,171,165,6,6
72226,81,75,6,6
72227,142,139,3,3
72228,75,76,-1,1
72229,102,93,9,9
72230,86,90,-4,4
72231,136,126,10,10
72232,63,61,2,2
72233,122,123,-1,1
72234,89,94,-5,5
72235,97,104,-7,7
72236,67,67,0,0
72237,105,102,3,3
72238,64,61,3,3
72239,85,94,-9,9
72240,99,102,-3,3
72241,80,69,11,11
72242,115,108,7,7
72243,65,65,0,0
72244,104,91,13,13
72245,115,108,7,7
72246,147,142,5,5
72247,105,102,3,3
72248,141,136,5,5
72249,163,157,6,6
72250,129,120,9,9
72251,90,88,2,2
72252,73,76,-3,3
72253,101,90,11,11
72254,103,103,0,0
72255,53,59,-6,6
72256,67,73,-6,6
72257,78,82,-4,4
72258,75,70,5,5
72259,76,78,-2,2
72260,105,102,3,3
72261,103,93,10,10
72262,108,112,-4,4
72263,154,136,18,18
72264,84,89,-5,5
72265,125,117,8,8
72266,71,69,2,2
72267,84,90,-6,6
72268,81,81,0,0
72269,95,94,1,1
72270,249,211,38,38
72271,101,100,1,1
72272,69,70,-1,1
72273,109,115,-6,6
72274,76,75,1,1
72275,92,95,-3,3
72276,56,62,-6,6
72277,85,93,-8,8
72278,51,57,-6,6
72279,117,103,14,14
72280,74,76,-2,2
72281,184,167,17,17
72282,82,88,-6,6
72283,93,102,-9,9
72284,87,77,10,10
72285,56,54,2,2
72286,65,61,4,4
72287,95,87,8,8
72288,112,117,-5,5
72289,110,111,-1,1
72290,137,134,3,3
72291,73,71,2,2
72292,128,122,6,6
72293,99,87,12,12
72294,133,129,4,4
72295,109,106,3,3
72296,74,86,-12,12
72297,99,88,11,11
72298,23,50,-27,27
72299,87,97,-10,10
72300,175,166,9,9
72301,71,76,-5,5
72302,64,69,-5,5
72303,74,84,-10,10
72304,127,124,3,3
72305,136,142,-6,6
72306,114,113,1,1
72307,143,138,5,5
72308,115,110,5,5
72309,83,92,-9,9
72310,118,112,6,6
72311,64,65,-1,1
72312,94,95,-1,1
72313,69,61,8,8
72314,142,136,6,6
72315,75,70,5,5
72316,58,58,0,0
72317,19,50,-31,31
72318,83,85,-2,2
72319,59,61,-2,2
72320,99,99,0,0
72321,69,69,0,0
72322,95,87,8,8
72323,248,205,43,43
72324,129,123,6,6
72325,45,52,-7,7
72326,129,128,1,1
72327,99,93,6,6
72328,98,96,2,2
72329,115,118,-3,3
72330,136,136,0,0
72331,111,104,7,7
72332,98,103,-5,5
72333,85,91,-6,6
72334,141,136,5,5
72335,94,103,-9,9
72336,94,96,-2,2
72337,112,120,-8,8
72338,107,106,1,1
72339,127,127,0,0
72340,113,100,13,13
72341,131,112,19,19
72342,69,75,-6,6
72343,51,56,-5,5
72344,148,135,13,13
72345,79,68,11,11
72346,108,101,7,7
72347,105,115,-10,10
72348,82,100,-18,18
72349,152,162,-10,10
72350,77,82,-5,5
72351,96,105,-9,9
72352,118,131,-13,13
72353,176,173,3,3
72354,161,167,-6,6
72355,74,70,4,4
72356,89,98,-9,9
72357,126,135,-9,9
72358,105,106,-1,1
72359,102,102,0,0
72360,74,81,-7,7
72361,122,113,9,9
72362,80,81,-1,1
72363,75,74,1,1
72364,148,142,6,6
72365,129,126,3,3
72366,68,66,2,2
72367,74,88,-14,14
72368,96,86,10,10
72369,88,84,4,4
72370,53,69,-16,16
72371,79,79,0,0
72372,78,75,3,3
72373,69,73,-4,4
72374,134,121,13,13
72375,77,75,2,2
72376,144,127,17,17
72377,102,103,-1,1
72378,112,119,-7,7
72379,122,117,5,5
72380,87,86,1,1
72381,111,115,-4,4
72382,102,93,9,9
72383,73,75,-2,2
72384,86,84,2,2
72385,74,70,4,4
72386,132,121,11,11
72387,128,129,-1,1
72388,130,122,8,8
72389,62,62,0,0
72390,44,51,-7,7
72391,78,80,-2,2
72392,95,95,0,0
72393,95,85,10,10
72394,116,114,2,2
72395,80,80,0,0
72396,57,58,-1,1
72397,84,98,-14,14
72398,122,113,9,9
72399,115,117,-2,2
72400,185,160,25,25
72401,144,123,21,21
72402,54,56,-2,2
72403,125,123,2,2
72404,107,114,-7,7
72405,140,150,-10,10
72406,59,63,-4,4
72407,64,63,1,1
72408,83,85,-2,2
72409,56,56,0,0
72410,79,70,9,9
72411,58,58,0,0
72412,92,97,-5,5
72413,138,137,1,1
72414,110,103,7,7
72415,197,177,20,20
72416,102,99,3,3
72417,75,71,4,4
72418,127,114,13,13
72419,95,101,-6,6
72420,64,56,8,8
72421,68,75,-7,7
72422,174,164,10,10
72423,61,61,0,0
72424,74,69,5,5
72425,106,107,-1,1
72426,60,59,1,1
72427,73,83,-10,10
72428,92,88,4,4
72429,189,162,27,27
72430,99,92,7,7
72431,147,138,9,9
72432,120,117,3,3
72433,75,75,0,0
72434,57,57,0,0
72435,56,54,2,2
72436,73,70,3,3
72437,67,64,3,3
72438,176,157,19,19
72439,131,129,2,2
72440,101,99,2,2
72441,77,72,5,5
72442,90,113,-23,23
72443,106,110,-4,4
72444,120,117,3,3
72445,82,77,5,5
72446,117,115,2,2
72447,57,77,-20,20
72448,57,69,-12,12
72449,104,100,4,4
72450,85,81,4,4
72451,112,113,-1,1
72452,89,91,-2,2
72453,88,102,-14,14
72454,87,77,10,10
72455,103,122,-19,19
72456,151,136,15,15
72457,92,95,-3,3
72458,98,91,7,7
72459,63,71,-8,8
72460,88,90,-2,2
72461,85,82,3,3
72462,29,50,-21,21
72463,88,98,-10,10
72464,105,111,-6,6
72465,108,104,4,4
72466,69,73,-4,4
72467,100,98,2,2
72468,67,71,-4,4
72469,78,66,12,12
72470,97,102,-5,5
72471,84,68,16,16
72472,57,64,-7,7
72473,124,115,9,9
72474,117,111,6,6
72475,101,93,8,8
72476,104,108,-4,4
72477,97,107,-10,10
72478,69,65,4,4
72479,105,104,1,1
72480,78,82,-4,4
72481,75,66,9,9
72482,67,62,5,5
72483,182,162,20,20
72484,49,56,-7,7
72485,89,89,0,0
72486,72,70,2,2
72487,97,100,-3,3
72488,72,70,2,2
72489,66,65,1,1
72490,118,126,-8,8
72491,49,57,-8,8
72492,87,79,8,8
72493,157,137,20,20
72494,63,62,1,1
72495,69,78,-9,9
72496,163,167,-4,4
72497,221,209,12,12
72498,60,67,-7,7
72499,97,100,-3,3
72500,64,54,10,10
72501,87,100,-13,13
72502,101,104,-3,3
72503,96,97,-1,1
72504,111,118,-7,7
72505,67,66,1,1
72506,112,114,-2,2
72507,92,83,9,9
72508,90,100,-10,10
72509,127,132,-5,5
72510,62,68,-6,6
72511,82,87,-5,5
72512,131,113,18,18
72513,66,60,6,6
72514,122,128,-6,6
72515,80,94,-14,14
72516,83,89,-6,6
72517,71,79,-8,8
72518,76,70,6,6
72519,130,138,-8,8
72520,72,60,12,12
72521,51,54,-3,3
72522,114,119,-5,5
72523,62,66,-4,4
72524,46,50,-4,4
72525,58,63,-5,5
72526,84,93,-9,9
72527,69,67,2,2
72528,59,115,-56,56
72529,65,67,-2,2
72530,175,169,6,6
72531,135,133,2,2
72532,106,104,2,2
72533,72,79,-7,7
72534,124,122,2,2
72535,126,119,7,7
72536,120,122,-2,2
72537,92,91,1,1
72538,68,64,4,4
72539,109,104,5,5
72540,74,86,-12,12
72541,61,65,-4,4
72542,96,93,3,3
72543,115,125,-10,10
72544,88,93,-5,5
72545,112,108,4,4
72546,182,162,20,20
72547,156,145,11,11
72548,156,150,6,6
72549,103,87,16,16
72550,89,87,2,2
72551,114,103,11,11
72552,106,93,13,13
72553,85,75,10,10
72554,107,98,9,9
72555,75,71,4,4
72556,84,85,-1,1
72557,120,118,2,2
72558,95,87,8,8
72559,48,58,-10,10
72560,65,58,7,7
72561,59,67,-8,8
72562,85,81,4,4
72563,125,120,5,5
72564,89,85,4,4
72565,92,85,7,7
72566,131,132,-1,1
72567,83,76,7,7
72568,81,74,7,7
72569,82,76,6,6
72570,66,64,2,2
72571,126,126,0,0
72572,167,156,11,11
72573,103,104,-1,1
72574,119,112,7,7
72575,133,129,4,4
72576,138,140,-2,2
72577,136,126,10,10
72578,57,59,-2,2
72579,111,107,4,4
72580,75,79,-4,4
72581,64,62,2,2
72582,111,115,-4,4
72583,126,127,-1,1
72584,147,136,11,11
72585,188,163,25,25
72586,123,78,45,45
72587,87,97,-10,10
72588,77,78,-1,1
72589,82,75,7,7
72590,83,86,-3,3
72591,69,79,-10,10
72592,136,138,-2,2
72593,53,62,-9,9
72594,81,80,1,1
72595,124,124,0,0
72596,111,104,7,7
72597,120,117,3,3
72598,66,76,-10,10
72599,68,64,4,4
72600,147,152,-5,5
72601,193,173,20,20
72602,62,61,1,1
72603,113,114,-1,1
72604,83,84,-1,1
72605,114,119,-5,5
72606,138,136,2,2
72607,63,72,-9,9
72608,153,135,18,18
72609,75,79,-4,4
72610,104,100,4,4
72611,138,143,-5,5
72612,86,74,12,12
72613,85,89,-4,4
72614,132,130,2,2
72615,86,84,2,2
72616,60,66,-6,6
72617,119,115,4,4
72618,233,208,25,25
72619,125,132,-7,7
72620,128,120,8,8
72621,135,136,-1,1
72622,92,85,7,7
72623,134,126,8,8
72624,108,105,3,3
72625,154,140,14,14
72626,149,150,-1,1
72627,112,102,10,10
72628,117,115,2,2
72629,158,153,5,5
72630,83,81,2,2
72631,92,90,2,2
72632,80,73,7,7
72633,86,88,-2,2
72634,23,50,-27,27
72635,90,88,2,2
72636,129,129,0,0
72637,122,115,7,7
72638,49,58,-9,9
72639,58,61,-3,3
72640,115,106,9,9
72641,92,87,5,5
72642,146,164,-18,18
72643,69,86,-17,17
72644,107,116,-9,9
72645,152,142,10,10
72646,106,90,16,16
72647,78,79,-1,1
72648,122,108,14,14
72649,97,105,-8,8
72650,62,65,-3,3
72651,125,127,-2,2
72652,172,159,13,13
72653,73,77,-4,4
72654,88,88,0,0
72655,69,74,-5,5
72656,72,65,7,7
72657,87,89,-2,2
72658,53,57,-4,4
72659,65,66,-1,1
72660,117,115,2,2
72661,105,107,-2,2
72662,168,154,14,14
72663,83,98,-15,15
72664,65,68,-3,3
72665,108,104,4,4
72666,45,53,-8,8
72667,123,110,13,13
72668,62,67,-5,5
72669,69,75,-6,6
72670,65,69,-4,4
72671,88,98,-10,10
72672,70,71,-1,1
72673,115,110,5,5
72674,68,60,8,8
72675,109,107,2,2
72676,117,118,-1,1
72677,68,69,-1,1
72678,93,88,5,5
72679,76,71,5,5
72680,147,132,15,15
72681,124,118,6,6
72682,146,142,4,4
72683,104,116,-12,12
72684,85,88,-3,3
72685,107,92,15,15
72686,131,117,14,14
72687,71,67,4,4
72688,78,73,5,5
72689,69,72,-3,3
72690,124,128,-4,4
72691,101,92,9,9
72692,64,58,6,6
72693,69,68,1,1
72694,60,66,-6,6
72695,97,92,5,5
72696,78,76,2,2
72697,106,126,-20,20
72698,102,97,5,5
72699,102,98,4,4
72700,135,130,5,5
72701,84,94,-10,10
72702,132,121,11,11
72703,81,77,4,4
72704,55,53,2,2
72705,80,72,8,8
72706,89,103,-14,14
72707,218,387,-169,169
72708,68,63,5,5
72709,136,115,21,21
72710,78,71,7,7
72711,66,70,-4,4
72712,115,114,1,1
72713,102,93,9,9
72714,64,69,-5,5
72715,32,50,-18,18
72716,61,59,2,2
72717,98,97,1,1
72718,87,76,11,11
72719,75,60,15,15
72720,131,121,10,10
72721,82,95,-13,13
72722,102,93,9,9
72723,68,61,7,7
72724,129,126,3,3
72725,147,141,6,6
72726,54,57,-3,3
72727,95,96,-1,1
72728,181,168,13,13
72729,102,107,-5,5
72730,49,57,-8,8
72731,100,92,8,8
72732,72,74,-2,2
72733,137,143,-6,6
72734,57,55,2,2
72735,85,79,6,6
72736,69,66,3,3
72737,44,50,-6,6
72738,102,101,1,1
72739,140,139,1,1
72740,59,60,-1,1
72741,59,65,-6,6
72742,67,62,5,5
72743,96,99,-3,3
72744,54,60,-6,6
72745,81,75,6,6
72746,154,149,5,5
72747,134,139,-5,5
72748,100,80,20,20
72749,104,96,8,8
72750,92,101,-9,9
72751,63,65,-2,2
72752,115,96,19,19
72753,55,58,-3,3
72754,163,156,7,7
72755,122,127,-5,5
72756,106,103,3,3
72757,90,96,-6,6
72758,97,93,4,4
72759,69,69,0,0
72760,86,84,2,2
72761,87,86,1,1
72762,134,119,15,15
72763,83,82,1,1
72764,96,97,-1,1
72765,75,70,5,5
72766,91,84,7,7
72767,74,69,5,5
72768,105,107,-2,2
72769,109,105,4,4
72770,50,66,-16,16
72771,83,68,15,15
72772,101,97,4,4
72773,98,105,-7,7
72774,78,80,-2,2
72775,115,102,13,13
72776,151,139,12,12
72777,50,53,-3,3
72778,111,108,3,3
72779,75,87,-12,12
72780,191,177,14,14
72781,82,79,3,3
72782,133,122,11,11
72783,131,129,2,2
72784,69,67,2,2
72785,112,104,8,8
72786,52,57,-5,5
72787,109,121,-12,12
72788,82,85,-3,3
72789,106,112,-6,6
72790,36,50,-14,14
72791,84,86,-2,2
72792,103,98,5,5
72793,56,57,-1,1
72794,78,78,0,0
72795,69,71,-2,2
72796,67,69,-2,2
72797,83,88,-5,5
72798,103,105,-2,2
72799,84,86,-2,2
72800,68,74,-6,6
72801,78,76,2,2
72802,118,109,9,9
72803,112,108,4,4
72804,108,110,-2,2
72805,113,110,3,3
72806,116,100,16,16
72807,67,65,2,2
72808,110,116,-6,6
72809,100,92,8,8
72810,111,100,11,11
72811,82,87,-5,5
72812,157,152,5,5
72813,75,76,-1,1
72814,102,99,3,3
72815,90,91,-1,1
72816,60,62,-2,2
72817,88,90,-2,2
72818,96,96,0,0
72819,117,134,-17,17
72820,76,82,-6,6
72821,166,146,20,20
72822,187,152,35,35
72823,73,63,10,10
72824,91,98,-7,7
72825,125,126,-1,1
72826,60,64,-4,4
72827,91,88,3,3
72828,99,112,-13,13
72829,80,67,13,13
72830,125,125,0,0
72831,111,120,-9,9
72832,54,56,-2,2
72833,192,176,16,16
72834,159,147,12,12
72835,71,66,5,5
72836,80,85,-5,5
72837,58,60,-2,2
72838,78,69,9,9
72839,146,132,14,14
72840,73,65,8,8
72841,178,155,23,23
72842,94,94,0,0
72843,131,123,8,8
72844,70,59,11,11
72845,126,128,-2,2
72846,84,82,2,2
72847,80,83,-3,3
72848,214,188,26,26
72849,111,109,2,2
72850,134,139,-5,5
72851,89,86,3,3
72852,124,138,-14,14
72853,112,99,13,13
72854,94,103,-9,9
72855,110,104,6,6
72856,143,140,3,3
72857,70,70,0,0
72858,112,114,-2,2
72859,88,87,1,1
72860,89,81,8,8
72861,78,75,3,3
72862,121,112,9,9
72863,69,66,3,3
72864,82,82,0,0
72865,137,168,-31,31
72866,116,114,2,2
72867,169,154,15,15
72868,108,96,12,12
72869,62,60,2,2
72870,66,86,-20,20
72871,126,118,8,8
72872,77,67,10,10
72873,170,160,10,10
72874,48,57,-9,9
72875,123,112,11,11
72876,135,129,6,6
72877,128,128,0,0
72878,108,107,1,1
72879,102,94,8,8
72880,89,88,1,1
72881,68,68,0,0
72882,83,76,7,7
72883,174,171,3,3
72884,130,109,21,21
72885,176,164,12,12
72886,87,96,-9,9
72887,69,62,7,7
72888,69,73,-4,4
72889,100,86,14,14
72890,164,156,8,8
72891,94,100,-6,6
72892,82,78,4,4
72893,191,186,5,5
72894,99,101,-2,2
72895,78,82,-4,4
72896,68,69,-1,1
72897,121,104,17,17
72898,128,121,7,7
72899,149,141,8,8
72900,164,149,15,15
72901,74,76,-2,2
72902,67,60,7,7
72903,59,63,-4,4
72904,100,114,-14,14
72905,62,74,-12,12
72906,100,102,-2,2
72907,79,80,-1,1
72908,137,154,-17,17
72909,74,75,-1,1
72910,94,92,2,2
72911,119,98,21,21
72912,103,97,6,6
72913,95,95,0,0
72914,60,55,5,5
72915,111,105,6,6
72916,34,50,-16,16
72917,78,85,-7,7
72918,97,96,1,1
72919,111,109,2,2
72920,85,90,-5,5
72921,149,141,8,8
72922,90,82,8,8
72923,49,54,-5,5
72924,138,132,6,6
72925,69,66,3,3
72926,79,72,7,7
72927,70,67,3,3
72928,82,82,0,0
72929,79,81,-2,2
72930,85,95,-10,10
72931,89,84,5,5
72932,67,71,-4,4
72933,106,113,-7,7
72934,70,78,-8,8
72935,74,83,-9,9
72936,55,59,-4,4
72937,164,157,7,7
72938,77,73,4,4
72939,57,56,1,1
72940,97,111,-14,14
72941,136,146,-10,10
72942,83,80,3,3
72943,66,66,0,0
72944,92,96,-4,4
72945,92,91,1,1
72946,71,63,8,8
72947,67,75,-8,8
72948,150,136,14,14
72949,69,73,-4,4
72950,132,124,8,8
72951,194,183,11,11
72952,137,134,3,3
72953,68,70,-2,2
72954,90,96,-6,6
72955,113,109,4,4
72956,61,55,6,6
72957,160,148,12,12
72958,149,146,3,3
72959,48,59,-11,11
72960,128,126,2,2
72961,102,99,3,3
72962,95,98,-3,3
72963,68,61,7,7
72964,164,155,9,9
72965,92,100,-8,8
72966,100,90,10,10
72967,68,74,-6,6
72968,81,83,-2,2
72969,87,78,9,9
72970,121,101,20,20
72971,95,96,-1,1
72972,99,77,22,22
72973,59,66,-7,7
72974,140,132,8,8
72975,109,91,18,18
72976,147,136,11,11
72977,84,85,-1,1
72978,111,107,4,4
72979,85,89,-4,4
72980,63,68,-5,5
72981,64,61,3,3
72982,75,69,6,6
72983,136,119,17,17
72984,140,139,1,1
72985,45,51,-6,6
72986,159,159,0,0
72987,110,100,10,10
72988,54,65,-11,11
72989,129,127,2,2
72990,170,179,-9,9
72991,111,111,0,0
72992,72,65,7,7
72993,129,126,3,3
72994,67,66,1,1
72995,159,170,-11,11
72996,60,64,-4,4
72997,91,90,1,1
72998,126,114,12,12
72999,240,200,40,40
73000,113,110,3,3
73001,85,77,8,8
73002,54,64,-10,10
73003,68,65,3,3
73004,89,84,5,5
73005,142,130,12,12
73006,146,137,9,9
73007,87,86,1,1
73008,122,122,0,0
73009,81,66,15,15
73010,77,77,0,0
73011,113,99,14,14
73012,182,186,-4,4
73013,111,103,8,8
73014,97,84,13,13
73015,90,85,5,5
73016,149,141,8,8
73017,62,76,-14,14
73018,121,117,4,4
73019,90,87,3,3
73020,64,57,7,7
73021,158,149,9,9
73022,89,88,1,1
73023,93,88,5,5
73024,82,76,6,6
73025,80,79,1,1
73026,231,226,5,5
73027,52,57,-5,5
73028,185,164,21,21
73029,125,129,-4,4
73030,116,108,8,8
73031,70,71,-1,1
73032,92,87,5,5
73033,135,137,-2,2
73034,83,90,-7,7
73035,78,81,-3,3
73036,89,87,2,2
73037,98,94,4,4
73038,74,77,-3,3
73039,117,116,1,1
73040,65,202,-137,137
73041,80,78,2,2
73042,82,76,6,6
73043,144,147,-3,3
73044,64,60,4,4
73045,144,138,6,6
73046,46,50,-4,4
73047,29,50,-21,21
73048,81,78,3,3
73049,115,112,3,3
73050,99,93,6,6
73051,80,75,5,5
73052,111,107,4,4
73053,113,113,0,0
73054,119,100,19,19
73055,49,55,-6,6
73056,128,123,5,5
73057,168,153,15,15
73058,52,53,-1,1
73059,115,113,2,2
73060,230,202,28,28
73061,113,127,-14,14
73062,66,57,9,9
73063,102,98,4,4
73064,52,53,-1,1
73065,94,92,2,2
73066,69,68,1,1
73067,146,156,-10,10
73068,130,124,6,6
73069,82,72,10,10
73070,51,53,-2,2
73071,114,105,9,9
73072,58,68,-10,10
73073,70,76,-6,6
73074,74,70,4,4
73075,75,64,11,11
73076,54,53,1,1
73077,134,137,-3,3
73078,46,50,-4,4
73079,79,75,4,4
73080,66,76,-10,10
73081,114,116,-2,2
73082,76,87,-11,11
73083,149,140,9,9
73084,126,117,9,9
73085,91,99,-8,8
73086,56,53,3,3
73087,131,125,6,6
73088,119,130,-11,11
73089,119,116,3,3
73090,124,122,2,2
73091,142,140,2,2
73092,215,186,29,29
73093,59,58,1,1
73094,60,58,2,2
73095,76,82,-6,6
73096,54,54,0,0
73097,78,85,-7,7
73098,133,140,-7,7
73099,56,56,0,0
73100,79,79,0,0
73101,74,65,9,9
73102,55,67,-12,12
73103,62,54,8,8
73104,47,50,-3,3
73105,112,115,-3,3
73106,112,102,10,10
73107,122,114,8,8
73108,104,103,1,1
73109,81,98,-17,17
73110,76,83,-7,7
73111,61,56,5,5
73112,230,185,45,45
73113,87,84,3,3
73114,94,89,5,5
73115,83,80,3,3
73116,154,132,22,22
73117,140,130,10,10
73118,81,86,-5,5
73119,78,77,1,1
73120,112,104,8,8
73121,133,123,10,10
73122,72,76,-4,4
73123,150,124,26,26
73124,133,127,6,6
73125,74,65,9,9
73126,122,120,2,2
73127,90,90,0,0
73128,69,64,5,5
73129,75,81,-6,6
73130,50,52,-2,2
73131,135,128,7,7
73132,126,118,8,8
73133,68,85,-17,17
73134,88,88,0,0
73135,78,84,-6,6
73136,55,59,-4,4
73137,94,100,-6,6
73138,57,66,-9,9
73139,70,70,0,0
73140,150,149,1,1
73141,67,73,-6,6
73142,78,81,-3,3
73143,82,83,-1,1
73144,123,125,-2,2
73145,75,68,7,7
73146,151,156,-5,5
73147,79,73,6,6
73148,116,107,9,9
73149,89,83,6,6
73150,143,139,4,4
73151,94,97,-3,3
73152,94,100,-6,6
73153,81,86,-5,5
73154,77,82,-5,5
73155,85,83,2,2
73156,104,113,-9,9
73157,58,59,-1,1
73158,76,82,-6,6
73159,72,73,-1,1
73160,90,86,4,4
73161,126,132,-6,6
73162,81,80,1,1
73163,113,112,1,1
73164,72,77,-5,5
73165,111,114,-3,3
73166,94,89,5,5
73167,77,73,4,4
73168,76,69,7,7
73169,91,84,7,7
73170,84,85,-1,1
73171,50,58,-8,8
73172,111,116,-5,5
73173,160,153,7,7
73174,90,80,10,10
73175,165,168,-3,3
73176,153,134,19,19
73177,38,51,-13,13
73178,76,92,-16,16
73179,73,71,2,2
73180,99,104,-5,5
73181,64,65,-1,1
73182,148,137,11,11
73183,146,144,2,2
73184,86,88,-2,2
73185,70,74,-4,4
73186,74,70,4,4
73187,102,94,8,8
73188,76,66,10,10
73189,115,103,12,12
73190,111,104,7,7
73191,67,69,-2,2
73192,120,125,-5,5
73193,72,71,1,1
73194,93,91,2,2
73195,256,242,14,14
73196,157,149,8,8
73197,70,67,3,3
73198,95,104,-9,9
73199,99,101,-2,2
73200,94,93,1,1
73201,81,77,4,4
73202,102,95,7,7
73203,107,108,-1,1
73204,137,125,12,12
73205,91,92,-1,1
73206,90,95,-5,5
73207,68,66,2,2
73208,59,60,-1,1
73209,86,88,-2,2
73210,118,128,-10,10
73211,197,187,10,10
73212,55,66,-11,11
73213,82,76,6,6
73214,96,100,-4,4
73215,88,97,-9,9
73216,72,84,-12,12
73217,56,68,-12,12
73218,110,104,6,6
73219,75,70,5,5
73220,107,115,-8,8
73221,100,106,-6,6
73222,137,121,16,16
73223,76,74,2,2
73224,174,166,8,8
73225,101,103,-2,2
73226,85,86,-1,1
73227,53,59,-6,6
73228,108,94,14,14
73229,82,81,1,1
73230,84,91,-7,7
73231,92,92,0,0
73232,125,136,-11,11
73233,93,101,-8,8
73234,54,59,-5,5
73235,113,104,9,9
73236,196,186,10,10
73237,71,66,5,5
73238,75,70,5,5
73239,46,51,-5,5
73240,107,109,-2,2
73241,82,88,-6,6
73242,88,102,-14,14
73243,57,54,3,3
73244,153,141,12,12
73245,131,135,-4,4
73246,111,126,-15,15
73247,136,135,1,1
73248,58,60,-2,2
73249,85,86,-1,1
73250,98,90,8,8
73251,80,81,-1,1
73252,82,91,-9,9
73253,74,70,4,4
73254,135,124,11,11
73255,88,89,-1,1
73256,27,50,-23,23
73257,60,66,-6,6
73258,82,79,3,3
73259,176,170,6,6
73260,163,140,23,23
73261,130,132,-2,2
73262,120,110,10,10
73263,143,121,22,22
73264,138,140,-2,2
73265,88,80,8,8
73266,125,122,3,3
73267,81,79,2,2
73268,56,56,0,0
73269,70,73,-3,3
73270,59,61,-2,2
73271,117,132,-15,15
73272,35,51,-16,16
73273,115,103,12,12
73274,59,60,-1,1
73275,88,80,8,8
73276,124,127,-3,3
73277,110,98,12,12
73278,118,110,8,8
73279,103,93,10,10
73280,121,119,2,2
73281,78,77,1,1
73282,69,72,-3,3
73283,129,126,3,3
73284,75,68,7,7
73285,54,53,1,1
73286,185,168,17,17
73287,105,100,5,5
73288,65,61,4,4
73289,145,131,14,14
73290,134,124,10,10
73291,102,100,2,2
73292,75,73,2,2
73293,106,97,9,9
73294,122,119,3,3
73295,42,51,-9,9
73296,144,145,-1,1
73297,104,98,6,6
73298,117,108,9,9
73299,69,70,-1,1
73300,63,73,-10,10
73301,184,150,34,34
73302,96,96,0,0
73303,86,77,9,9
73304,98,99,-1,1
73305,78,73,5,5
73306,91,86,5,5
73307,53,53,0,0
73308,79,73,6,6
73309,141,133,8,8
73310,82,78,4,4
73311,49,53,-4,4
73312,109,99,10,10
73313,61,62,-1,1
73314,90,94,-4,4
73315,61,57,4,4
73316,94,103,-9,9
73317,134,134,0,0
73318,65,70,-5,5
73319,136,129,7,7
73320,164,156,8,8
73321,98,103,-5,5
73322,83,83,0,0
73323,40,50,-10,10
73324,67,77,-10,10
73325,90,87,3,3
73326,62,55,7,7
73327,60,57,3,3
73328,115,101,14,14
73329,135,132,3,3
73330,75,74,1,1
73331,35,59,-24,24
73332,94,104,-10,10
73333,113,106,7,7
73334,133,127,6,6
73335,103,95,8,8
73336,108,99,9,9
73337,65,63,2,2
73338,67,57,10,10
73339,121,114,7,7
73340,89,103,-14,14
73341,69,70,-1,1
73342,128,127,1,1
73343,99,90,9,9
73344,100,97,3,3
73345,88,74,14,14
73346,160,149,11,11
73347,94,86,8,8
73348,111,111,0,0
73349,83,76,7,7
73350,51,60,-9,9
73351,126,117,9,9
73352,150,132,18,18
73353,57,56,1,1
73354,63,66,-3,3
73355,112,112,0,0
73356,196,183,13,13
73357,71,74,-3,3
73358,152,144,8,8
73359,87,88,-1,1
73360,59,62,-3,3
73361,144,139,5,5
73362,122,111,11,11
73363,61,65,-4,4
73364,99,107,-8,8
73365,74,70,4,4
73366,68,68,0,0
73367,92,96,-4,4
73368,147,149,-2,2
73369,114,110,4,4
73370,64,63,1,1
73371,92,78,14,14
73372,85,75,10,10
73373,100,92,8,8
73374,142,131,11,11
73375,34,52,-18,18
73376,107,94,13,13
73377,110,101,9,9
73378,154,145,9,9
73379,69,70,-1,1
73380,91,101,-10,10
73381,124,114,10,10
73382,71,62,9,9
73383,61,56,5,5
73384,110,105,5,5
73385,86,90,-4,4
73386,143,132,11,11
73387,65,67,-2,2
73388,82,75,7,7
73389,90,98,-8,8
73390,156,156,0,0
73391,177,172,5,5
73392,108,105,3,3
73393,100,112,-12,12
73394,60,70,-10,10
73395,81,92,-11,11
73396,99,102,-3,3
73397,63,87,-24,24
73398,87,98,-11,11
73399,53,53,0,0
73400,47,51,-4,4
73401,65,73,-8,8
73402,79,73,6,6
73403,65,67,-2,2
73404,99,103,-4,4
73405,61,58,3,3
73406,101,111,-10,10
73407,75,65,10,10
73408,99,106,-7,7
73409,84,86,-2,2
73410,130,121,9,9
73411,147,132,15,15
73412,103,104,-1,1
73413,48,51,-3,3
73414,88,86,2,2
73415,115,109,6,6
73416,81,81,0,0
73417,69,78,-9,9
73418,144,145,-1,1
73419,103,93,10,10
73420,84,80,4,4
73421,175,178,-3,3
73422,133,119,14,14
73423,88,88,0,0
73424,112,109,3,3
73425,98,100,-2,2
73426,79,76,3,3
73427,65,62,3,3
73428,75,86,-11,11
73429,101,104,-3,3
73430,44,52,-8,8
73431,89,87,2,2
73432,107,107,0,0
73433,85,83,2,2
73434,42,51,-9,9
73435,86,88,-2,2
73436,92,87,5,5
73437,70,73,-3,3
73438,79,79,0,0
73439,39,57,-18,18
73440,90,87,3,3
73441,126,118,8,8
73442,116,113,3,3
73443,69,72,-3,3
73444,51,57,-6,6
73445,107,101,6,6
73446,88,88,0,0
73447,104,92,12,12
73448,81,71,10,10
73449,78,75,3,3
73450,87,87,0,0
73451,63,74,-11,11
73452,92,92,0,0
73453,125,129,-4,4
73454,113,108,5,5
73455,50,53,-3,3
73456,71,66,5,5
73457,78,80,-2,2
73458,65,65,0,0
73459,145,137,8,8
73460,64,58,6,6
73461,83,82,1,1
73462,162,143,19,19
73463,84,83,1,1
73464,149,147,2,2
73465,68,70,-2,2
73466,84,86,-2,2
73467,74,66,8,8
73468,106,103,3,3
73469,87,91,-4,4
73470,102,118,-16,16
73471,142,125,17,17
73472,159,152,7,7
73473,49,51,-2,2
73474,133,137,-4,4
73475,89,86,3,3
73476,47,53,-6,6
73477,111,113,-2,2
73478,79,73,6,6
73479,108,119,-11,11
73480,58,59,-1,1
73481,111,115,-4,4
73482,46,51,-5,5
73483,69,67,2,2
73484,144,144,0,0
73485,122,119,3,3
73486,114,108,6,6
73487,60,60,0,0
73488,75,79,-4,4
73489,79,80,-1,1
73490,97,100,-3,3
73491,177,177,0,0
73492,111,103,8,8
73493,35,55,-20,20
73494,133,117,16,16
73495,58,57,1,1
73496,114,101,13,13
73497,80,82,-2,2
73498,133,117,16,16
73499,116,119,-3,3
73500,88,73,15,15
73501,126,117,9,9
73502,135,124,11,11
73503,85,87,-2,2
73504,154,154,0,0
73505,118,114,4,4
73506,92,90,2,2
73507,146,151,-5,5
73508,63,64,-1,1
73509,77,81,-4,4
73510,113,107,6,6
73511,110,108,2,2
73512,63,66,-3,3
73513,78,75,3,3
73514,130,123,7,7
73515,64,56,8,8
73516,81,84,-3,3
73517,75,66,9,9
73518,41,52,-11,11
73519,139,133,6,6
73520,60,60,0,0
73521,81,84,-3,3
73522,108,103,5,5
73523,102,100,2,2
73524,63,64,-1,1
73525,111,103,8,8
73526,42,51,-9,9
73527,93,93,0,0
73528,106,111,-5,5
73529,92,86,6,6
73530,87,86,1,1
73531,100,103,-3,3
73532,73,72,1,1
73533,65,62,3,3
73534,84,91,-7,7
73535,158,154,4,4
73536,73,70,3,3
73537,116,123,-7,7
73538,79,90,-11,11
73539,114,107,7,7
73540,108,109,-1,1
73541,89,84,5,5
73542,65,73,-8,8
73543,123,116,7,7
73544,70,73,-3,3
73545,58,59,-1,1
73546,61,64,-3,3
73547,118,135,-17,17
73548,91,99,-8,8
73549,82,88,-6,6
73550,42,57,-15,15
73551,43,50,-7,7
73552,144,125,19,19
73553,60,72,-12,12
73554,29,79,-50,50
73555,111,96,15,15
73556,69,68,1,1
73557,192,169,23,23
73558,88,103,-15,15
73559,64,64,0,0
73560,131,130,1,1
73561,107,113,-6,6
73562,95,104,-9,9
73563,70,74,-4,4
73564,51,52,-1,1
73565,195,180,15,15
73566,77,79,-2,2
73567,117,119,-2,2
73568,87,79,8,8
73569,46,50,-4,4
73570,71,70,1,1
73571,65,61,4,4
73572,171,182,-11,11
73573,106,105,1,1
73574,82,85,-3,3
73575,130,121,9,9
73576,58,66,-8,8
73577,105,108,-3,3
73578,121,122,-1,1
73579,148,155,-7,7
73580,87,86,1,1
73581,98,103,-5,5
73582,74,80,-6,6
73583,138,137,1,1
73584,95,100,-5,5
73585,104,102,2,2
73586,64,60,4,4
73587,74,75,-1,1
73588,126,106,20,20
73589,93,100,-7,7
73590,80,80,0,0
73591,62,66,-4,4
73592,56,56,0,0
73593,91,93,-2,2
73594,202,181,21,21
73595,97,100,-3,3
73596,109,118,-9,9
73597,62,55,7,7
73598,156,153,3,3
73599,62,57,5,5
73600,156,152,4,4
73601,60,62,-2,2
73602,67,62,5,5
73603,109,112,-3,3
73604,129,119,10,10
73605,126,118,8,8
73606,141,135,6,6
73607,117,105,12,12
73608,167,161,6,6
73609,123,129,-6,6
73610,127,114,13,13
73611,70,64,6,6
73612,67,67,0,0
73613,93,91,2,2
73614,79,73,6,6
73615,80,81,-1,1
73616,81,88,-7,7
73617,77,73,4,4
73618,57,63,-6,6
73619,125,134,-9,9
73620,137,121,16,16
73621,98,103,-5,5
73622,76,72,4,4
73623,99,85,14,14
73624,88,90,-2,2
73625,71,72,-1,1
73626,85,81,4,4
73627,93,94,-1,1
73628,112,102,10,10
73629,63,67,-4,4
73630,79,92,-13,13
73631,90,89,1,1
73632,71,67,4,4
73633,67,80,-13,13
73634,147,125,22,22
73635,57,75,-18,18
73636,61,59,2,2
73637,100,94,6,6
73638,79,74,5,5
73639,136,111,25,25
73640,88,91,-3,3
73641,67,64,3,3
73642,173,168,5,5
73643,111,100,11,11
73644,96,79,17,17
73645,91,84,7,7
73646,90,79,11,11
73647,93,87,6,6
73648,99,100,-1,1
73649,57,55,2,2
73650,71,67,4,4
73651,165,153,12,12
73652,91,105,-14,14
73653,59,55,4,4
73654,103,102,1,1
73655,72,70,2,2
73656,95,89,6,6
73657,86,76,10,10
73658,142,118,24,24
73659,92,92,0,0
73660,86,89,-3,3
73661,143,135,8,8
73662,37,50,-13,13
73663,66,69,-3,3
73664,121,114,7,7
73665,89,90,-1,1
73666,54,71,-17,17
73667,64,63,1,1
73668,48,51,-3,3
73669,33,50,-17,17
73670,154,145,9,9
73671,55,56,-1,1
73672,85,77,8,8
73673,68,66,2,2
73674,88,91,-3,3
73675,61,65,-4,4
73676,123,114,9,9
73677,98,100,-2,2
73678,161,153,8,8
73679,53,57,-4,4
73680,68,73,-5,5
73681,131,122,9,9
73682,100,93,7,7
73683,64,62,2,2
73684,109,120,-11,11
73685,87,86,1,1
73686,78,81,-3,3
73687,56,59,-3,3
73688,96,91,5,5
73689,104,102,2,2
73690,94,96,-2,2
73691,66,65,1,1
73692,106,99,7,7
73693,132,144,-12,12
73694,142,119,23,23
73695,112,115,-3,3
73696,104,75,29,29
73697,129,137,-8,8
73698,107,103,4,4
73699,137,141,-4,4
73700,81,87,-6,6
73701,57,57,0,0
73702,126,120,6,6
73703,57,70,-13,13
73704,141,128,13,13
73705,94,90,4,4
73706,56,64,-8,8
73707,100,91,9,9
73708,65,69,-4,4
73709,153,144,9,9
73710,106,111,-5,5
73711,65,64,1,1
73712,89,90,-1,1
73713,69,58,11,11
73714,172,162,10,10
73715,74,74,0,0
73716,55,62,-7,7
73717,95,93,2,2
73718,80,83,-3,3
73719,72,75,-3,3
73720,69,67,2,2
73721,77,86,-9,9
73722,136,127,9,9
73723,60,59,1,1
73724,106,97,9,9
73725,98,93,5,5
73726,113,110,3,3
73727,66,65,1,1
73728,117,110,7,7
73729,75,74,1,1
73730,123,119,4,4
73731,54,52,2,2
73732,157,164,-7,7
73733,100,98,2,2
73734,74,76,-2,2
73735,61,62,-1,1
73736,72,74,-2,2
73737,81,76,5,5
73738,138,147,-9,9
73739,137,139,-2,2
73740,163,149,14,14
73741,65,76,-11,11
73742,130,127,3,3
73743,68,76,-8,8
73744,97,90,7,7
73745,167,156,11,11
73746,93,77,16,16
73747,63,68,-5,5
73748,91,85,6,6
73749,174,158,16,16
73750,138,120,18,18
73751,75,74,1,1
73752,129,134,-5,5
73753,116,103,13,13
73754,47,50,-3,3
73755,116,106,10,10
73756,103,97,6,6
73757,112,102,10,10
73758,133,125,8,8
73759,55,70,-15,15
73760,75,78,-3,3
73761,53,56,-3,3
73762,88,99,-11,11
73763,132,130,2,2
73764,35,50,-15,15
73765,45,56,-11,11
73766,67,66,1,1
73767,124,108,16,16
73768,148,139,9,9
73769,138,124,14,14
73770,98,96,2,2
73771,81,79,2,2
73772,54,57,-3,3
73773,35,50,-15,15
73774,69,63,6,6
73775,66,63,3,3
73776,116,109,7,7
73777,86,82,4,4
73778,95,95,0,0
73779,95,99,-4,4
73780,61,59,2,2
73781,79,78,1,1
73782,74,93,-19,19
73783,117,112,5,5
73784,63,61,2,2
73785,138,117,21,21
73786,125,124,1,1
73787,95,95,0,0
73788,66,69,-3,3
73789,53,56,-3,3
73790,83,81,2,2
73791,60,65,-5,5
73792,52,55,-3,3
73793,55,53,2,2
73794,100,106,-6,6
73795,91,108,-17,17
73796,87,85,2,2
73797,63,54,9,9
73798,122,95,27,27
73799,75,68,7,7
73800,57,68,-11,11
73801,55,59,-4,4
73802,110,101,9,9
73803,88,91,-3,3
73804,155,162,-7,7
73805,96,98,-2,2
73806,81,76,5,5
73807,102,98,4,4
73808,141,124,17,17
73809,105,103,2,2
73810,68,64,4,4
73811,80,73,7,7
73812,94,99,-5,5
73813,60,61,-1,1
73814,107,92,15,15
73815,112,109,3,3
73816,92,93,-1,1
73817,86,74,12,12
73818,131,116,15,15
73819,62,58,4,4
73820,146,144,2,2
73821,67,79,-12,12
73822,77,76,1,1
73823,101,104,-3,3
73824,80,73,7,7
73825,97,82,15,15
73826,140,128,12,12
73827,128,139,-11,11
73828,108,109,-1,1
73829,91,87,4,4
73830,91,94,-3,3
73831,87,83,4,4
73832,151,130,21,21
73833,91,95,-4,4
73834,161,143,18,18
73835,60,63,-3,3
73836,135,123,12,12
73837,73,84,-11,11
73838,88,96,-8,8
73839,71,68,3,3
73840,80,81,-1,1
73841,50,53,-3,3
73842,106,102,4,4
73843,66,65,1,1
73844,90,97,-7,7
73845,122,128,-6,6
73846,99,94,5,5
73847,73,72,1,1
73848,60,58,2,2
73849,63,109,-46,46
73850,105,121,-16,16
73851,34,50,-16,16
73852,74,82,-8,8
73853,122,119,3,3
73854,123,110,13,13
73855,66,62,4,4
73856,122,114,8,8
73857,114,105,9,9
73858,165,164,1,1
73859,139,153,-14,14
73860,58,53,5,5
73861,70,71,-1,1
73862,71,62,9,9
73863,158,181,-23,23
73864,66,64,2,2
73865,166,136,30,30
73866,129,128,1,1
73867,91,89,2,2
73868,109,127,-18,18
73869,118,127,-9,9
73870,90,92,-2,2
73871,125,121,4,4
73872,94,87,7,7
73873,107,93,14,14
73874,144,124,20,20
73875,83,77,6,6
73876,71,74,-3,3
73877,93,93,0,0
73878,103,102,1,1
73879,78,80,-2,2
73880,33,75,-42,42
73881,44,80,-36,36
73882,129,118,11,11
73883,210,191,19,19
73884,98,90,8,8
73885,60,78,-18,18
73886,110,100,10,10
73887,56,61,-5,5
73888,149,136,13,13
73889,86,85,1,1
73890,101,98,3,3
73891,80,77,3,3
73892,96,96,0,0
73893,66,65,1,1
73894,73,72,1,1
73895,87,73,14,14
73896,73,67,6,6
73897,96,88,8,8
73898,36,50,-14,14
73899,171,196,-25,25
73900,125,122,3,3
73901,82,85,-3,3
73902,79,71,8,8
73903,148,135,13,13
73904,137,129,8,8
73905,82,83,-1,1
73906,72,93,-21,21
73907,57,59,-2,2
73908,162,161,1,1
73909,148,130,18,18
73910,82,78,4,4
73911,76,75,1,1
73912,72,64,8,8
73913,42,50,-8,8
73914,102,108,-6,6
73915,61,66,-5,5
73916,107,107,0,0
73917,72,66,6,6
73918,117,126,-9,9
73919,70,68,2,2
73920,60,59,1,1
73921,110,92,18,18
73922,94,92,2,2
73923,121,128,-7,7
73924,102,101,1,1
73925,61,64,-3,3
73926,69,70,-1,1
73927,51,60,-9,9
73928,113,124,-11,11
73929,148,166,-18,18
73930,129,120,9,9
73931,60,58,2,2
73932,82,102,-20,20
73933,149,139,10,10
73934,64,57,7,7
73935,95,97,-2,2
73936,105,100,5,5
73937,129,129,0,0
73938,140,137,3,3
73939,143,148,-5,5
73940,67,62,5,5
73941,81,79,2,2
73942,131,116,15,15
73943,61,57,4,4
73944,95,93,2,2
73945,121,116,5,5
73946,96,85,11,11
73947,159,134,25,25
73948,51,54,-3,3
73949,72,72,0,0
73950,83,81,2,2
73951,114,109,5,5
73952,90,95,-5,5
73953,72,69,3,3
73954,88,79,9,9
73955,149,137,12,12
73956,69,67,2,2
73957,67,71,-4,4
73958,65,71,-6,6
73959,119,122,-3,3
73960,146,131,15,15
73961,75,84,-9,9
73962,175,159,16,16
73963,109,115,-6,6
73964,80,77,3,3
73965,99,91,8,8
73966,137,136,1,1
73967,77,94,-17,17
73968,44,68,-24,24
73969,96,91,5,5
73970,55,56,-1,1
73971,113,104,9,9
73972,108,105,3,3
73973,55,53,2,2
73974,138,115,23,23
73975,74,69,5,5
73976,69,71,-2,2
73977,131,127,4,4
73978,129,156,-27,27
73979,103,102,1,1
73980,50,53,-3,3
73981,90,94,-4,4
73982,42,50,-8,8
73983,140,152,-12,12
73984,76,87,-11,11
73985,113,107,6,6
73986,43,52,-9,9
73987,73,87,-14,14
73988,116,115,1,1
73989,112,120,-8,8
73990,126,129,-3,3
73991,98,100,-2,2
73992,83,86,-3,3
73993,51,64,-13,13
73994,73,92,-19,19
73995,220,191,29,29
73996,72,79,-7,7
73997,63,61,2,2
73998,107,109,-2,2
73999,90,83,7,7
74000,50,60,-10,10
74001,100,96,4,4
74002,126,115,11,11
74003,73,70,3,3
74004,88,93,-5,5
74005,65,79,-14,14
74006,73,64,9,9
74007,83,81,2,2
74008,118,122,-4,4
74009,77,70,7,7
74010,175,168,7,7
74011,101,96,5,5
74012,72,70,2,2
74013,84,87,-3,3
74014,320,371,-51,51
74015,86,98,-12,12
74016,48,54,-6,6
74017,82,75,7,7
74018,111,100,11,11
74019,83,84,-1,1
74020,105,114,-9,9
74021,87,94,-7,7
74022,92,93,-1,1
74023,106,101,5,5
74024,179,173,6,6
74025,123,113,10,10
74026,68,76,-8,8
74027,52,52,0,0
74028,155,130,25,25
74029,97,109,-12,12
74030,78,82,-4,4
74031,52,52,0,0
74032,62,61,1,1
74033,92,90,2,2
74034,113,106,7,7
74035,141,136,5,5
74036,66,69,-3,3
74037,97,87,10,10
74038,80,102,-22,22
74039,71,92,-21,21
74040,117,112,5,5
74041,202,186,16,16
74042,89,84,5,5
74043,65,68,-3,3
74044,83,89,-6,6
74045,151,138,13,13
74046,68,61,7,7
74047,84,90,-6,6
74048,114,109,5,5
74049,67,66,1,1
74050,48,53,-5,5
74051,108,110,-2,2
74052,159,138,21,21
74053,84,79,5,5
74054,153,141,12,12
74055,52,66,-14,14
74056,159,149,10,10
74057,118,119,-1,1
74058,83,89,-6,6
74059,50,54,-4,4
74060,125,117,8,8
74061,41,89,-48,48
74062,62,71,-9,9
74063,85,76,9,9
74064,133,132,1,1
74065,129,121,8,8
74066,97,95,2,2
74067,102,108,-6,6
74068,23,50,-27,27
74069,74,77,-3,3
74070,41,52,-11,11
74071,108,115,-7,7
74072,104,101,3,3
74073,108,94,14,14
74074,97,93,4,4
74075,74,77,-3,3
74076,94,91,3,3
74077,78,75,3,3
74078,117,119,-2,2
74079,119,119,0,0
74080,60,53,7,7
74081,86,82,4,4
74082,84,88,-4,4
74083,72,71,1,1
74084,93,100,-7,7
74085,72,74,-2,2
74086,156,133,23,23
74087,73,76,-3,3
74088,108,98,10,10
74089,126,133,-7,7
74090,93,91,2,2
74091,79,62,17,17
74092,181,154,27,27
74093,83,76,7,7
74094,119,112,7,7
74095,71,69,2,2
74096,77,75,2,2
74097,104,127,-23,23
74098,72,77,-5,5
74099,68,66,2,2
74100,98,95,3,3
74101,57,77,-20,20
74102,80,102,-22,22
74103,73,71,2,2
74104,191,171,20,20
74105,100,93,7,7
74106,132,117,15,15
74107,40,50,-10,10
74108,54,53,1,1
74109,154,149,5,5
74110,139,132,7,7
74111,107,104,3,3
74112,128,119,9,9
74113,133,123,10,10
74114,83,70,13,13
74115,63,87,-24,24
74116,81,80,1,1
74117,163,154,9,9
74118,109,108,1,1
74119,63,62,1,1
74120,90,89,1,1
74121,81,94,-13,13
74122,66,63,3,3
74123,120,124,-4,4
74124,89,85,4,4
74125,67,73,-6,6
74126,85,86,-1,1
74127,78,79,-1,1
74128,75,82,-7,7
74129,198,186,12,12
74130,92,93,-1,1
74131,118,108,10,10
74132,57,60,-3,3
74133,155,145,10,10
74134,86,83,3,3
74135,67,64,3,3
74136,178,146,32,32
74137,68,70,-2,2
74138,85,83,2,2
74139,79,85,-6,6
74140,93,84,9,9
74141,50,57,-7,7
74142,58,59,-1,1
74143,104,103,1,1
74144,100,95,5,5
74145,201,183,18,18
74146,105,105,0,0
74147,105,107,-2,2
74148,90,90,0,0
74149,68,75,-7,7
74150,74,78,-4,4
74151,60,58,2,2
74152,59,76,-17,17
74153,97,102,-5,5
74154,87,84,3,3
74155,55,63,-8,8
74156,111,102,9,9
74157,119,104,15,15
74158,115,116,-1,1
74159,59,55,4,4
74160,61,59,2,2
74161,30,71,-41,41
74162,96,92,4,4
74163,131,112,19,19
74164,183,172,11,11
74165,161,167,-6,6
74166,146,142,4,4
74167,200,185,15,15
74168,100,101,-1,1
74169,114,111,3,3
74170,108,105,3,3
74171,73,70,3,3
74172,75,70,5,5
74173,72,71,1,1
74174,143,148,-5,5
74175,101,93,8,8
74176,66,68,-2,2
74177,164,145,19,19
74178,85,82,3,3
74179,88,85,3,3
74180,98,100,-2,2
74181,54,91,-37,37
74182,95,97,-2,2
74183,64,68,-4,4
74184,144,136,8,8
74185,105,103,2,2
74186,102,110,-8,8
74187,114,97,17,17
74188,54,60,-6,6
74189,112,103,9,9
74190,181,165,16,16
74191,110,103,7,7
74192,75,67,8,8
74193,51,59,-8,8
74194,98,93,5,5
74195,85,86,-1,1
74196,54,63,-9,9
74197,57,61,-4,4
74198,77,87,-10,10
74199,66,74,-8,8
74200,84,76,8,8
74201,102,105,-3,3
74202,124,123,1,1
74203,129,123,6,6
74204,195,185,10,10
74205,111,109,2,2
74206,109,119,-10,10
74207,68,64,4,4
74208,57,58,-1,1
74209,76,88,-12,12
74210,99,97,2,2
74211,78,85,-7,7
74212,124,123,1,1
74213,83,77,6,6
74214,82,76,6,6
74215,73,66,7,7
74216,66,68,-2,2
74217,102,104,-2,2
74218,107,115,-8,8
74219,101,98,3,3
74220,119,121,-2,2
74221,120,128,-8,8
74222,69,74,-5,5
74223,80,98,-18,18
74224,113,111,2,2
74225,63,70,-7,7
74226,94,83,11,11
74227,146,147,-1,1
74228,109,106,3,3
74229,117,105,12,12
74230,66,69,-3,3
74231,151,131,20,20
74232,60,54,6,6
74233,146,160,-14,14
74234,135,132,3,3
74235,90,82,8,8
74236,48,59,-11,11
74237,71,68,3,3
74238,155,155,0,0
74239,86,74,12,12
74240,111,124,-13,13
74241,96,93,3,3
74242,137,149,-12,12
74243,81,85,-4,4
74244,60,64,-4,4
74245,83,95,-12,12
74246,106,104,2,2
74247,67,70,-3,3
74248,52,54,-2,2
74249,104,99,5,5
74250,73,81,-8,8
74251,87,91,-4,4
74252,148,148,0,0
74253,77,71,6,6
74254,92,92,0,0
74255,201,190,11,11
74256,50,53,-3,3
74257,149,143,6,6
74258,150,130,20,20
74259,89,95,-6,6
74260,131,124,7,7
74261,73,67,6,6
74262,83,83,0,0
74263,155,152,3,3
74264,80,59,21,21
74265,128,128,0,0
74266,59,58,1,1
74267,85,95,-10,10
74268,87,106,-19,19
74269,85,82,3,3
74270,72,70,2,2
74271,72,74,-2,2
74272,56,57,-1,1
74273,127,122,5,5
74274,73,66,7,7
74275,94,81,13,13
74276,72,68,4,4
74277,48,50,-2,2
74278,130,114,16,16
74279,103,87,16,16
74280,96,83,13,13
74281,140,141,-1,1
74282,63,67,-4,4
74283,61,57,4,4
74284,78,77,1,1
74285,75,68,7,7
74286,81,86,-5,5
74287,79,85,-6,6
74288,94,95,-1,1
74289,117,114,3,3
74290,59,56,3,3
74291,84,79,5,5
74292,149,141,8,8
74293,109,110,-1,1
74294,46,54,-8,8
74295,131,119,12,12
74296,118,108,10,10
74297,83,91,-8,8
74298,68,85,-17,17
74299,70,83,-13,13
74300,49,55,-6,6
74301,73,68,5,5
74302,132,132,0,0
74303,93,86,7,7
74304,159,164,-5,5
74305,107,110,-3,3
74306,185,165,20,20
74307,143,137,6,6
74308,60,68,-8,8
74309,78,71,7,7
74310,106,108,-2,2
74311,98,87,11,11
74312,101,86,15,15
74313,39,57,-18,18
74314,104,106,-2,2
74315,51,63,-12,12
74316,88,83,5,5
74317,83,83,0,0
74318,116,129,-13,13
74319,59,58,1,1
74320,88,84,4,4
74321,206,174,32,32
74322,147,123,24,24
74323,40,52,-12,12
74324,45,50,-5,5
74325,89,89,0,0
74326,146,135,11,11
74327,76,78,-2,2
74328,92,71,21,21
74329,35,50,-15,15
74330,77,93,-16,16
74331,104,109,-5,5
74332,97,88,9,9
74333,135,130,5,5
74334,63,58,5,5
74335,54,55,-1,1
74336,117,119,-2,2
74337,79,75,4,4
74338,64,68,-4,4
74339,63,63,0,0
74340,63,63,0,0
74341,80,80,0,0
74342,136,131,5,5
74343,106,89,17,17
74344,76,72,4,4
74345,80,79,1,1
74346,126,118,8,8
74347,96,91,5,5
74348,56,57,-1,1
74349,124,125,-1,1
74350,137,133,4,4
74351,63,66,-3,3
74352,59,62,-3,3
74353,102,98,4,4
74354,41,50,-9,9
74355,84,88,-4,4
74356,99,100,-1,1
74357,108,114,-6,6
74358,125,125,0,0
74359,115,110,5,5
74360,84,82,2,2
74361,100,108,-8,8
74362,128,127,1,1
74363,60,62,-2,2
74364,77,81,-4,4
74365,63,60,3,3
74366,90,103,-13,13
74367,64,74,-10,10
74368,61,58,3,3
74369,99,104,-5,5
74370,97,101,-4,4
74371,65,57,8,8
74372,99,102,-3,3
74373,181,165,16,16
74374,83,87,-4,4
74375,102,101,1,1
74376,136,139,-3,3
74377,56,54,2,2
74378,132,125,7,7
74379,76,78,-2,2
74380,101,97,4,4
74381,110,93,17,17
74382,51,52,-1,1
74383,60,65,-5,5
74384,127,126,1,1
74385,81,107,-26,26
74386,59,58,1,1
74387,82,81,1,1
74388,103,98,5,5
74389,99,97,2,2
74390,50,50,0,0
74391,85,98,-13,13
74392,67,61,6,6
74393,125,117,8,8
74394,93,89,4,4
74395,116,112,4,4
74396,68,76,-8,8
74397,77,77,0,0
74398,95,96,-1,1
74399,59,66,-7,7
74400,111,100,11,11
74401,79,83,-4,4
74402,84,87,-3,3
74403,89,95,-6,6
74404,164,158,6,6
74405,72,68,4,4
74406,78,80,-2,2
74407,149,156,-7,7
74408,95,80,15,15
74409,85,93,-8,8
74410,96,100,-4,4
74411,72,65,7,7
74412,112,100,12,12
74413,77,73,4,4
74414,40,51,-11,11
74415,110,110,0,0
74416,59,68,-9,9
74417,107,104,3,3
74418,66,77,-11,11
74419,87,85,2,2
74420,72,73,-1,1
74421,85,92,-7,7
74422,49,52,-3,3
74423,72,77,-5,5
74424,156,169,-13,13
74425,75,60,15,15
74426,83,78,5,5
74427,107,108,-1,1
74428,97,89,8,8
74429,108,98,10,10
74430,89,81,8,8
74431,103,114,-11,11
74432,133,133,0,0
74433,56,55,1,1
74434,77,78,-1,1
74435,88,91,-3,3
74436,106,116,-10,10
74437,134,134,0,0
74438,81,86,-5,5
74439,126,122,4,4
74440,69,69,0,0
74441,120,161,-41,41
74442,121,108,13,13
74443,62,60,2,2
74444,85,82,3,3
74445,93,88,5,5
74446,111,108,3,3
74447,99,117,-18,18
74448,50,55,-5,5
74449,98,105,-7,7
74450,83,77,6,6
74451,94,103,-9,9
74452,144,141,3,3
74453,49,53,-4,4
74454,46,50,-4,4
74455,87,91,-4,4
74456,80,84,-4,4
74457,150,126,24,24
74458,67,74,-7,7
74459,39,50,-11,11
74460,82,75,7,7
74461,76,75,1,1
74462,56,56,0,0
74463,33,50,-17,17
74464,95,91,4,4
74465,67,55,12,12
74466,87,93,-6,6
74467,101,95,6,6
74468,62,65,-3,3
74469,62,73,-11,11
74470,93,85,8,8
74471,71,60,11,11
74472,79,82,-3,3
74473,86,79,7,7
74474,70,73,-3,3
74475,117,110,7,7
74476,51,69,-18,18
74477,168,156,12,12
74478,120,107,13,13
74479,99,91,8,8
74480,73,79,-6,6
74481,120,119,1,1
74482,136,126,10,10
74483,57,65,-8,8
74484,89,83,6,6
74485,89,93,-4,4
74486,81,86,-5,5
74487,72,58,14,14
74488,104,101,3,3
74489,141,131,10,10
74490,79,77,2,2
74491,167,158,9,9
74492,86,83,3,3
74493,138,122,16,16
74494,66,64,2,2
74495,59,55,4,4
74496,110,120,-10,10
74497,82,76,6,6
74498,92,92,0,0
74499,62,56,6,6
74500,82,68,14,14
74501,62,65,-3,3
74502,94,85,9,9
74503,135,154,-19,19
74504,227,237,-10,10
74505,85,85,0,0
74506,74,84,-10,10
74507,106,137,-31,31
74508,52,56,-4,4
74509,96,106,-10,10
74510,97,98,-1,1
74511,143,146,-3,3
74512,84,67,17,17
74513,77,67,10,10
74514,49,53,-4,4
74515,116,110,6,6
74516,67,93,-26,26
74517,74,79,-5,5
74518,83,79,4,4
74519,77,73,4,4
74520,113,111,2,2
74521,125,120,5,5
74522,59,59,0,0
74523,62,66,-4,4
74524,148,146,2,2
74525,56,64,-8,8
74526,85,98,-13,13
74527,158,141,17,17
74528,79,87,-8,8
74529,87,79,8,8
74530,115,142,-27,27
74531,62,59,3,3
74532,78,76,2,2
74533,107,97,10,10
74534,129,124,5,5
74535,109,101,8,8
74536,46,52,-6,6
74537,73,68,5,5
74538,47,50,-3,3
74539,57,60,-3,3
74540,136,137,-1,1
74541,74,69,5,5
74542,73,68,5,5
74543,117,113,4,4
74544,64,73,-9,9
74545,65,73,-8,8
74546,61,61,0,0
74547,40,52,-12,12
74548,84,78,6,6
74549,96,100,-4,4
74550,108,98,10,10
74551,148,143,5,5
74552,111,111,0,0
74553,131,133,-2,2
74554,55,60,-5,5
74555,132,126,6,6
74556,156,126,30,30
74557,68,64,4,4
74558,109,104,5,5
74559,65,61,4,4
74560,78,70,8,8
74561,136,125,11,11
74562,190,191,-1,1
74563,157,154,3,3
74564,110,110,0,0
74565,50,54,-4,4
74566,123,131,-8,8
74567,127,127,0,0
74568,88,89,-1,1
74569,116,113,3,3
74570,85,93,-8,8
74571,116,109,7,7
74572,181,171,10,10
74573,87,92,-5,5
74574,135,136,-1,1
74575,64,77,-13,13
74576,92,90,2,2
74577,59,60,-1,1
74578,81,68,13,13
74579,71,67,4,4
74580,130,135,-5,5
74581,96,86,10,10
74582,86,77,9,9
74583,107,121,-14,14
74584,118,111,7,7
74585,93,94,-1,1
74586,88,95,-7,7
74587,54,61,-7,7
74588,101,102,-1,1
74589,58,61,-3,3
74590,109,100,9,9
74591,106,111,-5,5
74592,139,134,5,5
74593,50,53,-3,3
74594,168,166,2,2
74595,115,122,-7,7
74596,70,74,-4,4
74597,92,87,5,5
74598,133,129,4,4
74599,74,73,1,1
74600,159,164,-5,5
74601,120,120,0,0
74602,84,103,-19,19
74603,103,109,-6,6
74604,183,151,32,32
74605,139,132,7,7
74606,86,88,-2,2
74607,82,85,-3,3
74608,61,72,-11,11
74609,123,98,25,25
74610,87,88,-1,1
74611,135,134,1,1
74612,99,92,7,7
74613,74,70,4,4
74614,74,79,-5,5
74615,139,142,-3,3
74616,85,83,2,2
74617,70,74,-4,4
74618,106,103,3,3
74619,123,124,-1,1
74620,100,100,0,0
74621,61,59,2,2
74622,92,91,1,1
74623,132,134,-2,2
74624,59,62,-3,3
74625,226,207,19,19
74626,84,73,11,11
74627,165,168,-3,3
74628,83,90,-7,7
74629,115,112,3,3
74630,159,146,13,13
74631,93,82,11,11
74632,126,132,-6,6
74633,51,52,-1,1
74634,118,113,5,5
74635,80,67,13,13
74636,161,149,12,12
74637,91,91,0,0
74638,83,82,1,1
74639,91,88,3,3
74640,234,213,21,21
74641,78,74,4,4
74642,101,95,6,6
74643,72,71,1,1
74644,92,72,20,20
74645,44,58,-14,14
74646,76,76,0,0
74647,106,101,5,5
74648,119,105,14,14
74649,111,95,16,16
74650,111,116,-5,5
74651,105,97,8,8
74652,62,65,-3,3
74653,113,117,-4,4
74654,94,99,-5,5
74655,155,144,11,11
74656,59,55,4,4
74657,86,99,-13,13
74658,61,64,-3,3
74659,198,179,19,19
74660,83,81,2,2
74661,50,58,-8,8
74662,126,120,6,6
74663,95,88,7,7
74664,95,86,9,9
74665,24,50,-26,26
74666,90,96,-6,6
74667,47,50,-3,3
74668,64,75,-11,11
74669,107,109,-2,2
74670,94,84,10,10
74671,77,78,-1,1
74672,111,126,-15,15
74673,107,109,-2,2
74674,33,50,-17,17
74675,73,68,5,5
74676,63,66,-3,3
74677,90,93,-3,3
74678,89,164,-75,75
74679,79,75,4,4
74680,128,127,1,1
74681,91,91,0,0
74682,114,108,6,6
74683,103,97,6,6
74684,61,50,11,11
74685,122,129,-7,7
74686,114,110,4,4
74687,143,136,7,7
74688,75,77,-2,2
74689,66,62,4,4
74690,90,93,-3,3
74691,108,91,17,17
74692,74,78,-4,4
74693,137,136,1,1
74694,121,108,13,13
74695,85,102,-17,17
74696,47,52,-5,5
74697,51,62,-11,11
74698,79,74,5,5
74699,80,77,3,3
74700,111,109,2,2
74701,126,134,-8,8
74702,37,50,-13,13
74703,87,85,2,2
74704,102,100,2,2
74705,73,73,0,0
74706,81,89,-8,8
74707,85,73,12,12
74708,127,119,8,8
74709,127,113,14,14
74710,93,105,-12,12
74711,122,123,-1,1
74712,175,155,20,20
74713,96,95,1,1
74714,88,80,8,8
74715,162,141,21,21
74716,124,134,-10,10
74717,42,50,-8,8
74718,90,90,0,0
74719,91,88,3,3
74720,129,126,3,3
74721,53,55,-2,2
74722,75,77,-2,2
74723,88,80,8,8
74724,70,63,7,7
74725,185,179,6,6
74726,105,99,6,6
74727,128,118,10,10
74728,103,100,3,3
74729,100,103,-3,3
74730,71,72,-1,1
74731,157,135,22,22
74732,103,109,-6,6
74733,118,117,1,1
74734,140,170,-30,30
74735,102,104,-2,2
74736,71,66,5,5
74737,143,148,-5,5
74738,58,63,-5,5
74739,96,100,-4,4
74740,112,111,1,1
74741,85,84,1,1
74742,92,103,-11,11
74743,81,87,-6,6
74744,102,99,3,3
74745,43,67,-24,24
74746,87,83,4,4
74747,118,114,4,4
74748,85,74,11,11
74749,100,104,-4,4
74750,83,93,-10,10
74751,83,67,16,16
74752,89,87,2,2
74753,50,53,-3,3
74754,134,126,8,8
74755,65,57,8,8
74756,72,78,-6,6
74757,75,67,8,8
74758,78,78,0,0
74759,81,88,-7,7
74760,105,113,-8,8
74761,67,64,3,3
74762,136,69,67,67
74763,86,101,-15,15
74764,139,131,8,8
74765,78,73,5,5
74766,38,56,-18,18
74767,78,72,6,6
74768,59,56,3,3
74769,91,87,4,4
74770,152,146,6,6
74771,148,153,-5,5
74772,108,104,4,4
74773,77,71,6,6
74774,83,77,6,6
74775,89,84,5,5
74776,104,94,10,10
74777,117,120,-3,3
74778,151,144,7,7
74779,45,54,-9,9
74780,60,54,6,6
74781,125,126,-1,1
74782,41,51,-10,10
74783,49,53,-4,4
74784,140,135,5,5
74785,90,93,-3,3
74786,93,95,-2,2
74787,100,87,13,13
74788,125,119,6,6
74789,114,116,-2,2
74790,128,129,-1,1
74791,60,60,0,0
74792,191,177,14,14
74793,140,140,0,0
74794,82,95,-13,13
74795,76,67,9,9
74796,117,116,1,1
74797,83,86,-3,3
74798,82,77,5,5
74799,122,131,-9,9
74800,60,61,-1,1
74801,117,117,0,0
74802,96,87,9,9
74803,115,114,1,1
74804,134,130,4,4
74805,109,110,-1,1
74806,91,80,11,11
74807,72,73,-1,1
74808,96,90,6,6
74809,80,84,-4,4
74810,71,75,-4,4
74811,95,84,11,11
74812,101,102,-1,1
74813,67,65,2,2
74814,87,96,-9,9
74815,89,91,-2,2
74816,62,63,-1,1
74817,126,151,-25,25
74818,78,87,-9,9
74819,100,105,-5,5
74820,96,92,4,4
74821,100,100,0,0
74822,59,59,0,0
74823,93,92,1,1
74824,120,119,1,1
74825,70,77,-7,7
74826,46,51,-5,5
74827,153,147,6,6
74828,91,90,1,1
74829,94,96,-2,2
74830,74,84,-10,10
74831,87,75,12,12
74832,76,79,-3,3
74833,56,58,-2,2
74834,104,121,-17,17
74835,126,122,4,4
74836,115,111,4,4
74837,107,114,-7,7
74838,41,54,-13,13
74839,75,67,8,8
74840,76,83,-7,7
74841,75,78,-3,3
74842,50,55,-5,5
74843,118,118,0,0
74844,131,128,3,3
74845,92,134,-42,42
74846,113,108,5,5
74847,126,113,13,13
74848,65,72,-7,7
74849,128,124,4,4
74850,89,89,0,0
74851,100,87,13,13
74852,85,80,5,5
74853,166,151,15,15
74854,100,113,-13,13
74855,119,120,-1,1
74856,72,61,11,11
74857,78,80,-2,2
74858,70,62,8,8
74859,84,84,0,0
74860,56,53,3,3
74861,18,50,-32,32
74862,75,79,-4,4
74863,107,118,-11,11
74864,86,75,11,11
74865,128,128,0,0
74866,99,105,-6,6
74867,69,72,-3,3
74868,130,120,10,10
74869,127,126,1,1
74870,188,175,13,13
74871,99,100,-1,1
74872,83,82,1,1
74873,105,94,11,11
74874,56,58,-2,2
74875,84,81,3,3
74876,43,53,-10,10
74877,104,115,-11,11
74878,93,97,-4,4
74879,111,118,-7,7
74880,106,119,-13,13
74881,77,72,5,5
74882,74,69,5,5
74883,138,135,3,3
74884,47,50,-3,3
74885,158,155,3,3
74886,111,111,0,0
74887,84,88,-4,4
74888,129,137,-8,8
74889,76,78,-2,2
74890,84,83,1,1
74891,67,65,2,2
74892,61,55,6,6
74893,107,96,11,11
74894,79,68,11,11
74895,112,119,-7,7
74896,53,56,-3,3
74897,84,79,5,5
74898,46,55,-9,9
74899,115,109,6,6
74900,48,50,-2,2
74901,51,52,-1,1
74902,73,87,-14,14
74903,81,102,-21,21
74904,53,56,-3,3
74905,144,138,6,6
74906,93,88,5,5
74907,63,73,-10,10
74908,47,50,-3,3
74909,117,99,18,18
74910,172,130,42,42
74911,57,60,-3,3
74912,143,138,5,5
74913,108,114,-6,6
74914,140,130,10,10
74915,70,73,-3,3
74916,96,96,0,0
74917,107,108,-1,1
74918,116,110,6,6
74919,120,120,0,0
74920,60,52,8,8
74921,77,84,-7,7
74922,112,113,-1,1
74923,97,107,-10,10
74924,183,188,-5,5
74925,95,90,5,5
74926,92,89,3,3
74927,76,91,-15,15
74928,99,101,-2,2
74929,85,78,7,7
74930,76,78,-2,2
74931,93,91,2,2
74932,50,53,-3,3
74933,55,57,-2,2
74934,88,88,0,0
74935,97,108,-11,11
74936,83,83,0,0
74937,54,51,3,3
74938,86,78,8,8
74939,77,82,-5,5
74940,282,354,-72,72
74941,136,126,10,10
74942,91,81,10,10
74943,150,160,-10,10
74944,66,68,-2,2
74945,71,78,-7,7
74946,87,85,2,2
74947,87,93,-6,6
74948,119,118,1,1
74949,148,139,9,9
74950,117,113,4,4
74951,85,87,-2,2
74952,97,93,4,4
74953,49,54,-5,5
74954,103,106,-3,3
74955,38,50,-12,12
74956,86,97,-11,11
74957,49,52,-3,3
74958,103,97,6,6
74959,103,122,-19,19
74960,45,56,-11,11
74961,103,100,3,3
74962,83,76,7,7
74963,95,88,7,7
74964,60,67,-7,7
74965,102,109,-7,7
74966,138,146,-8,8
74967,83,81,2,2
74968,95,99,-4,4
74969,96,94,2,2
74970,150,153,-3,3
74971,53,52,1,1
74972,133,114,19,19
74973,45,51,-6,6
74974,50,50,0,0
74975,35,86,-51,51
74976,103,92,11,11
74977,58,58,0,0
74978,72,75,-3,3
74979,100,107,-7,7
74980,95,91,4,4
74981,109,101,8,8
74982,57,67,-10,10
74983,68,84,-16,16
74984,89,85,4,4
74985,129,122,7,7
74986,118,113,5,5
74987,114,113,1,1
74988,112,108,4,4
74989,103,98,5,5
74990,95,92,3,3
74991,130,140,-10,10
74992,95,84,11,11
74993,129,125,4,4
74994,84,82,2,2
74995,103,109,-6,6
74996,146,143,3,3
74997,84,92,-8,8
74998,143,133,10,10
74999,84,86,-2,2
75000,69,78,-9,9
75001,94,102,-8,8
75002,56,72,-16,16
75003,133,130,3,3
75004,49,61,-12,12
75005,58,53,5,5
75006,122,110,12,12
75007,117,114,3,3
75008,87,84,3,3
75009,113,112,1,1
75010,60,62,-2,2
75011,65,60,5,5
75012,103,101,2,2
75013,152,140,12,12
75014,121,120,1,1
75015,119,114,5,5
75016,47,53,-6,6
75017,113,103,10,10
75018,101,100,1,1
75019,73,81,-8,8
75020,88,96,-8,8
75021,156,142,14,14
75022,99,93,6,6
75023,86,87,-1,1
75024,101,101,0,0
75025,91,90,1,1
75026,59,61,-2,2
75027,72,74,-2,2
75028,111,99,12,12
75029,108,110,-2,2
75030,78,81,-3,3
75031,63,68,-5,5
75032,97,100,-3,3
75033,76,76,0,0
75034,94,108,-14,14
75035,83,82,1,1
75036,72,69,3,3
75037,113,99,14,14
75038,126,119,7,7
75039,86,98,-12,12
75040,67,58,9,9
75041,149,138,11,11
75042,89,83,6,6
75043,115,105,10,10
75044,111,99,12,12
75045,135,139,-4,4
75046,54,58,-4,4
75047,123,128,-5,5
75048,82,86,-4,4
75049,26,50,-24,24
75050,66,66,0,0
75051,117,105,12,12
75052,135,143,-8,8
75053,70,66,4,4
75054,59,58,1,1
75055,141,141,0,0
75056,64,58,6,6
75057,126,126,0,0
75058,97,96,1,1
75059,54,53,1,1
75060,99,96,3,3
75061,138,123,15,15
75062,130,134,-4,4
75063,111,91,20,20
75064,81,82,-1,1
75065,97,93,4,4
75066,146,142,4,4
75067,92,88,4,4
75068,68,60,8,8
75069,70,71,-1,1
75070,79,72,7,7
75071,57,64,-7,7
75072,70,64,6,6
75073,52,58,-6,6
75074,82,92,-10,10
75075,72,75,-3,3
75076,86,80,6,6
75077,124,112,12,12
75078,71,69,2,2
75079,75,66,9,9
75080,111,100,11,11
75081,85,75,10,10
75082,77,77,0,0
75083,116,119,-3,3
75084,121,128,-7,7
75085,63,56,7,7
75086,65,60,5,5
75087,92,93,-1,1
75088,115,110,5,5
75089,62,59,3,3
75090,90,85,5,5
75091,50,53,-3,3
75092,81,86,-5,5
75093,33,50,-17,17
75094,141,132,9,9
75095,51,53,-2,2
75096,32,54,-22,22
75097,89,104,-15,15
75098,117,114,3,3
75099,97,104,-7,7
75100,92,84,8,8
75101,71,70,1,1
75102,76,76,0,0
75103,42,54,-12,12
75104,84,95,-11,11
75105,87,95,-8,8
75106,153,141,12,12
75107,91,92,-1,1
75108,59,80,-21,21
75109,69,66,3,3
75110,109,102,7,7
75111,115,106,9,9
75112,169,169,0,0
75113,67,68,-1,1
75114,96,95,1,1
75115,94,91,3,3
75116,173,146,27,27
75117,96,91,5,5
75118,127,101,26,26
75119,58,57,1,1
75120,69,64,5,5
75121,68,69,-1,1
75122,141,139,2,2
75123,110,132,-22,22
75124,46,90,-44,44
75125,56,119,-63,63
75126,99,110,-11,11
75127,117,117,0,0
75128,53,56,-3,3
75129,92,90,2,2
75130,100,112,-12,12
75131,100,90,10,10
75132,92,101,-9,9
75133,67,63,4,4
75134,148,134,14,14
75135,122,123,-1,1
75136,162,151,11,11
75137,86,88,-2,2
75138,165,145,20,20
75139,106,98,8,8
75140,84,100,-16,16
75141,97,96,1,1
75142,61,61,0,0
75143,187,185,2,2
75144,153,160,-7,7
75145,57,58,-1,1
75146,101,102,-1,1
75147,154,126,28,28
75148,108,103,5,5
75149,55,52,3,3
75150,113,100,13,13
75151,55,60,-5,5
75152,101,90,11,11
75153,91,97,-6,6
75154,89,88,1,1
75155,96,90,6,6
75156,52,62,-10,10
75157,54,55,-1,1
75158,69,69,0,0
75159,95,110,-15,15
75160,88,79,9,9
75161,126,124,2,2
75162,82,90,-8,8
75163,76,81,-5,5
75164,112,105,7,7
75165,117,110,7,7
75166,113,111,2,2
75167,97,87,10,10
75168,98,96,2,2
75169,83,80,3,3
75170,76,68,8,8
75171,80,71,9,9
75172,111,108,3,3
75173,135,126,9,9
75174,62,65,-3,3
75175,140,139,1,1
75176,68,67,1,1
75177,141,146,-5,5
75178,53,60,-7,7
75179,140,137,3,3
75180,74,70,4,4
75181,70,70,0,0
75182,78,87,-9,9
75183,103,96,7,7
75184,97,96,1,1
75185,75,76,-1,1
75186,143,141,2,2
75187,163,153,10,10
75188,71,70,1,1
75189,58,57,1,1
75190,69,69,0,0
75191,72,71,1,1
75192,158,158,0,0
75193,93,101,-8,8
75194,80,82,-2,2
75195,142,130,12,12
75196,46,70,-24,24
75197,76,66,10,10
75198,129,166,-37,37
75199,82,81,1,1
75200,146,135,11,11
75201,93,88,5,5
75202,113,107,6,6
75203,142,147,-5,5
75204,72,69,3,3
75205,74,73,1,1
75206,88,104,-16,16
75207,105,116,-11,11
75208,110,118,-8,8
75209,83,80,3,3
75210,27,61,-34,34
75211,136,133,3,3
75212,81,81,0,0
75213,98,91,7,7
75214,120,118,2,2
75215,92,75,17,17
75216,145,137,8,8
75217,137,133,4,4
75218,103,111,-8,8
75219,121,136,-15,15
75220,54,68,-14,14
75221,112,108,4,4
75222,76,76,0,0
75223,89,85,4,4
75224,160,121,39,39
75225,28,51,-23,23
75226,76,67,9,9
75227,165,159,6,6
75228,100,92,8,8
75229,152,140,12,12
75230,82,78,4,4
75231,94,85,9,9
75232,60,62,-2,2
75233,125,123,2,2
75234,69,71,-2,2
75235,120,93,27,27
75236,91,89,2,2
75237,96,91,5,5
75238,45,51,-6,6
75239,56,60,-4,4
75240,76,71,5,5
75241,75,79,-4,4
75242,79,82,-3,3
75243,124,114,10,10
75244,106,97,9,9
75245,122,119,3,3
75246,51,60,-9,9
75247,69,69,0,0
75248,85,89,-4,4
75249,115,150,-35,35
75250,115,108,7,7
75251,115,108,7,7
75252,60,67,-7,7
75253,76,75,1,1
75254,32,50,-18,18
75255,79,80,-1,1
75256,44,51,-7,7
75257,58,57,1,1
75258,130,126,4,4
75259,132,125,7,7
75260,79,77,2,2
75261,92,94,-2,2
75262,144,149,-5,5
75263,54,59,-5,5
75264,133,120,13,13
75265,64,74,-10,10
75266,92,93,-1,1
75267,156,150,6,6
75268,58,56,2,2
75269,82,70,12,12
75270,86,86,0,0
75271,173,162,11,11
75272,94,90,4,4
75273,60,65,-5,5
75274,108,105,3,3
75275,126,123,3,3
75276,56,58,-2,2
75277,98,101,-3,3
75278,92,81,11,11
75279,117,108,9,9
75280,52,52,0,0
75281,94,89,5,5
75282,78,74,4,4
75283,76,101,-25,25
75284,67,66,1,1
75285,124,129,-5,5
75286,128,124,4,4
75287,73,65,8,8
75288,62,58,4,4
75289,100,106,-6,6
75290,130,128,2,2
75291,61,62,-1,1
75292,262,227,35,35
75293,60,56,4,4
75294,102,112,-10,10
75295,57,58,-1,1
75296,97,105,-8,8
75297,84,89,-5,5
75298,61,85,-24,24
75299,135,125,10,10
75300,104,85,19,19
75301,79,79,0,0
75302,187,160,27,27
75303,62,59,3,3
75304,94,91,3,3
75305,94,105,-11,11
75306,94,86,8,8
75307,126,116,10,10
75308,126,112,14,14
75309,108,101,7,7
75310,60,53,7,7
75311,93,107,-14,14
75312,53,63,-10,10
75313,61,63,-2,2
75314,79,76,3,3
75315,74,71,3,3
75316,50,50,0,0
75317,75,65,10,10
75318,40,51,-11,11
75319,47,52,-5,5
75320,78,81,-3,3
75321,51,56,-5,5
75322,97,97,0,0
75323,54,52,2,2
75324,100,102,-2,2
75325,91,86,5,5
75326,48,55,-7,7
75327,46,52,-6,6
75328,153,145,8,8
75329,123,119,4,4
75330,52,59,-7,7
75331,92,83,9,9
75332,71,80,-9,9
75333,141,127,14,14
75334,46,50,-4,4
75335,72,75,-3,3
75336,84,82,2,2
75337,82,90,-8,8
75338,78,76,2,2
75339,77,67,10,10
75340,93,81,12,12
75341,47,52,-5,5
75342,67,65,2,2
75343,67,66,1,1
75344,113,105,8,8
75345,179,168,11,11
75346,95,98,-3,3
75347,164,160,4,4
75348,45,53,-8,8
75349,127,116,11,11
75350,118,123,-5,5
75351,96,90,6,6
75352,57,55,2,2
75353,151,143,8,8
75354,69,86,-17,17
75355,79,75,4,4
75356,86,85,1,1
75357,186,178,8,8
75358,147,137,10,10
75359,109,114,-5,5
75360,97,88,9,9
75361,110,104,6,6
75362,69,64,5,5
75363,65,68,-3,3
75364,119,113,6,6
75365,58,62,-4,4
75366,77,71,6,6
75367,97,98,-1,1
75368,95,94,1,1
75369,123,129,-6,6
75370,107,129,-22,22
75371,117,113,4,4
75372,72,84,-12,12
75373,119,110,9,9
75374,103,100,3,3
75375,129,131,-2,2
75376,83,77,6,6
75377,248,241,7,7
75378,93,83,10,10
75379,129,130,-1,1
75380,68,76,-8,8
75381,117,115,2,2
75382,87,87,0,0
75383,118,112,6,6
75384,98,92,6,6
75385,103,109,-6,6
75386,69,67,2,2
75387,110,103,7,7
75388,125,119,6,6
75389,113,113,0,0
75390,112,106,6,6
75391,81,75,6,6
75392,86,90,-4,4
75393,148,140,8,8
75394,102,94,8,8
75395,31,51,-20,20
75396,64,65,-1,1
75397,114,120,-6,6
75398,87,90,-3,3
75399,127,126,1,1
75400,91,97,-6,6
75401,74,68,6,6
75402,175,157,18,18
75403,223,178,45,45
75404,87,78,9,9
75405,67,63,4,4
75406,59,57,2,2
75407,104,90,14,14
75408,64,89,-25,25
75409,149,155,-6,6
75410,125,119,6,6
75411,45,51,-6,6
75412,93,97,-4,4
75413,86,87,-1,1
75414,80,74,6,6
75415,73,59,14,14
75416,92,85,7,7
75417,120,139,-19,19
75418,126,117,9,9
75419,73,73,0,0
75420,54,57,-3,3
75421,65,67,-2,2
75422,100,96,4,4
75423,105,99,6,6
75424,85,80,5,5
75425,100,93,7,7
75426,81,85,-4,4
75427,67,66,1,1
75428,174,167,7,7
75429,132,126,6,6
75430,127,102,25,25
75431,96,102,-6,6
75432,73,70,3,3
75433,86,81,5,5
75434,73,72,1,1
75435,124,122,2,2
75436,75,71,4,4
75437,49,59,-10,10
75438,99,128,-29,29
75439,55,56,-1,1
75440,141,111,30,30
75441,62,65,-3,3
75442,75,71,4,4
75443,99,97,2,2
75444,97,93,4,4
75445,104,99,5,5
75446,96,87,9,9
75447,122,120,2,2
75448,101,86,15,15
75449,109,113,-4,4
75450,111,109,2,2
75451,99,89,10,10
75452,77,85,-8,8
75453,118,122,-4,4
75454,89,80,9,9
75455,75,80,-5,5
75456,59,57,2,2
75457,57,61,-4,4
75458,99,92,7,7
75459,88,77,11,11
75460,106,98,8,8
75461,101,104,-3,3
75462,131,124,7,7
75463,127,124,3,3
75464,65,61,4,4
75465,101,88,13,13
75466,140,133,7,7
75467,122,118,4,4
75468,80,79,1,1
75469,128,132,-4,4
75470,85,88,-3,3
75471,111,112,-1,1
75472,78,90,-12,12
75473,93,88,5,5
75474,42,50,-8,8
75475,66,53,13,13
75476,95,100,-5,5
75477,90,74,16,16
75478,100,106,-6,6
75479,82,80,2,2
75480,67,76,-9,9
75481,105,99,6,6
75482,110,102,8,8
75483,56,55,1,1
75484,37,50,-13,13
75485,65,71,-6,6
75486,72,69,3,3
75487,106,106,0,0
75488,99,87,12,12
75489,104,102,2,2
75490,87,88,-1,1
75491,76,85,-9,9
75492,53,50,3,3
75493,57,61,-4,4
75494,69,63,6,6
75495,83,79,4,4
75496,56,57,-1,1
75497,78,76,2,2
75498,95,107,-12,12
75499,78,80,-2,2
75500,74,71,3,3
75501,82,105,-23,23
75502,95,90,5,5
75503,85,80,5,5
75504,63,65,-2,2
75505,124,123,1,1
75506,67,60,7,7
75507,112,111,1,1
75508,94,91,3,3
75509,69,66,3,3
75510,121,131,-10,10
75511,82,86,-4,4
75512,111,106,5,5
75513,126,123,3,3
75514,74,68,6,6
75515,81,74,7,7
75516,100,102,-2,2
75517,148,135,13,13
75518,88,89,-1,1
75519,70,68,2,2
75520,150,133,17,17
75521,88,82,6,6
75522,28,50,-22,22
75523,93,89,4,4
75524,96,105,-9,9
75525,90,89,1,1
75526,150,160,-10,10
75527,75,81,-6,6
75528,93,101,-8,8
75529,150,142,8,8
75530,123,98,25,25
75531,133,134,-1,1
75532,69,86,-17,17
75533,167,139,28,28
75534,46,56,-10,10
75535,92,94,-2,2
75536,54,56,-2,2
75537,154,140,14,14
75538,45,51,-6,6
75539,137,133,4,4
75540,115,107,8,8
75541,99,89,10,10
75542,93,88,5,5
75543,83,77,6,6
75544,115,102,13,13
75545,23,54,-31,31
75546,92,95,-3,3
75547,85,87,-2,2
75548,80,72,8,8
75549,190,187,3,3
75550,95,90,5,5
75551,153,133,20,20
75552,83,89,-6,6
75553,51,53,-2,2
75554,85,84,1,1
75555,85,89,-4,4
75556,59,67,-8,8
75557,172,161,11,11
75558,53,57,-4,4
75559,128,110,18,18
75560,72,72,0,0
75561,130,121,9,9
75562,54,57,-3,3
75563,145,120,25,25
75564,94,100,-6,6
75565,111,109,2,2
75566,35,67,-32,32
75567,74,78,-4,4
75568,85,90,-5,5
75569,129,120,9,9
75570,49,54,-5,5
75571,56,63,-7,7
75572,99,95,4,4
75573,79,96,-17,17
75574,129,122,7,7
75575,74,73,1,1
75576,78,84,-6,6
75577,70,74,-4,4
75578,157,168,-11,11
75579,98,99,-1,1
75580,66,69,-3,3
75581,75,80,-5,5
75582,76,70,6,6
75583,94,102,-8,8
75584,100,90,10,10
75585,50,53,-3,3
75586,98,99,-1,1
75587,96,100,-4,4
75588,134,132,2,2
75589,108,96,12,12
75590,212,203,9,9
75591,138,135,3,3
75592,88,84,4,4
75593,12,50,-38,38
75594,66,64,2,2
75595,98,88,10,10
75596,110,103,7,7
75597,75,73,2,2
75598,146,147,-1,1
75599,176,182,-6,6
75600,91,83,8,8
75601,88,85,3,3
75602,51,52,-1,1
75603,190,173,17,17
75604,128,125,3,3
75605,74,73,1,1
75606,83,87,-4,4
75607,64,63,1,1
75608,127,125,2,2
75609,130,118,12,12
75610,95,87,8,8
75611,66,129,-63,63
75612,46,52,-6,6
75613,79,81,-2,2
75614,110,105,5,5
75615,116,112,4,4
75616,68,72,-4,4
75617,70,80,-10,10
75618,59,70,-11,11
75619,107,94,13,13
75620,77,89,-12,12
75621,97,115,-18,18
75622,160,152,8,8
75623,130,143,-13,13
75624,60,59,1,1
75625,104,99,5,5
75626,91,92,-1,1
75627,89,100,-11,11
75628,49,56,-7,7
75629,155,149,6,6
75630,94,93,1,1
75631,146,143,3,3
75632,87,94,-7,7
75633,127,120,7,7
75634,79,85,-6,6
75635,93,94,-1,1
75636,121,127,-6,6
75637,74,67,7,7
75638,113,113,0,0
75639,163,151,12,12
75640,122,110,12,12
75641,118,120,-2,2
75642,56,57,-1,1
75643,129,118,11,11
75644,128,121,7,7
75645,159,146,13,13
75646,62,68,-6,6
75647,108,108,0,0
75648,72,69,3,3
75649,79,81,-2,2
75650,166,162,4,4
75651,62,74,-12,12
75652,144,146,-2,2
75653,129,121,8,8
75654,72,71,1,1
75655,93,82,11,11
75656,86,95,-9,9
75657,126,118,8,8
75658,86,85,1,1
75659,87,87,0,0
75660,183,174,9,9
75661,68,66,2,2
75662,80,74,6,6
75663,63,68,-5,5
75664,61,65,-4,4
75665,103,103,0,0
75666,46,51,-5,5
75667,107,97,10,10
75668,127,122,5,5
75669,89,83,6,6
75670,104,102,2,2
75671,82,87,-5,5
75672,114,116,-2,2
75673,82,79,3,3
75674,109,111,-2,2
75675,105,104,1,1
75676,67,70,-3,3
75677,64,63,1,1
75678,109,105,4,4
75679,50,53,-3,3
75680,49,52,-3,3
75681,89,92,-3,3
75682,163,158,5,5
75683,64,69,-5,5
75684,180,166,14,14
75685,73,121,-48,48
75686,155,146,9,9
75687,106,103,3,3
75688,102,94,8,8
75689,142,139,3,3
75690,62,63,-1,1
75691,93,92,1,1
75692,125,104,21,21
75693,71,69,2,2
75694,62,68,-6,6
75695,129,122,7,7
75696,109,117,-8,8
75697,174,164,10,10
75698,103,106,-3,3
75699,124,112,12,12
75700,74,76,-2,2
75701,96,91,5,5
75702,112,107,5,5
75703,78,81,-3,3
75704,59,57,2,2
75705,54,58,-4,4
75706,86,82,4,4
75707,99,112,-13,13
75708,120,136,-16,16
75709,134,126,8,8
75710,141,128,13,13
75711,99,103,-4,4
75712,92,94,-2,2
75713,121,121,0,0
75714,74,70,4,4
75715,101,90,11,11
75716,14,95,-81,81
75717,80,76,4,4
75718,88,79,9,9
75719,60,66,-6,6
75720,112,112,0,0
75721,153,130,23,23
75722,108,100,8,8
75723,98,99,-1,1
75724,78,99,-21,21
75725,115,143,-28,28
75726,71,70,1,1
75727,129,127,2,2
75728,56,57,-1,1
75729,68,66,2,2
75730,80,81,-1,1
75731,110,121,-11,11
75732,86,93,-7,7
75733,139,136,3,3
75734,125,120,5,5
75735,73,72,1,1
75736,122,116,6,6
75737,99,100,-1,1
75738,78,73,5,5
75739,150,137,13,13
75740,112,91,21,21
75741,95,96,-1,1
75742,85,82,3,3
75743,67,69,-2,2
75744,91,85,6,6
75745,110,100,10,10
75746,88,75,13,13
75747,115,126,-11,11
75748,78,77,1,1
75749,89,99,-10,10
75750,71,70,1,1
75751,65,59,6,6
75752,67,78,-11,11
75753,144,134,10,10
75754,98,103,-5,5
75755,78,75,3,3
75756,130,133,-3,3
75757,75,78,-3,3
75758,83,77,6,6
75759,72,66,6,6
75760,106,101,5,5
75761,44,50,-6,6
75762,108,106,2,2
75763,80,65,15,15
75764,98,104,-6,6
75765,97,96,1,1
75766,124,132,-8,8
75767,96,83,13,13
75768,71,72,-1,1
75769,118,121,-3,3
75770,115,109,6,6
75771,88,87,1,1
75772,104,99,5,5
75773,75,68,7,7
75774,115,106,9,9
75775,94,84,10,10
75776,97,99,-2,2
75777,71,65,6,6
75778,73,83,-10,10
75779,64,67,-3,3
75780,61,64,-3,3
75781,46,50,-4,4
75782,81,76,5,5
75783,56,59,-3,3
75784,99,98,1,1
75785,131,142,-11,11
75786,75,88,-13,13
75787,74,67,7,7
75788,111,109,2,2
75789,136,134,2,2
75790,81,77,4,4
75791,50,54,-4,4
75792,95,91,4,4
75793,108,124,-16,16
75794,62,106,-44,44
75795,78,77,1,1
75796,92,83,9,9
75797,42,50,-8,8
75798,102,107,-5,5
75799,104,109,-5,5
75800,55,63,-8,8
75801,69,74,-5,5
75802,90,88,2,2
75803,63,72,-9,9
75804,101,104,-3,3
75805,43,50,-7,7
75806,69,74,-5,5
75807,109,106,3,3
75808,142,144,-2,2
75809,140,135,5,5
75810,67,68,-1,1
75811,62,63,-1,1
75812,114,102,12,12
75813,107,100,7,7
75814,85,99,-14,14
75815,167,160,7,7
75816,163,163,0,0
75817,85,87,-2,2
75818,73,82,-9,9
75819,109,100,9,9
75820,61,65,-4,4
75821,77,80,-3,3
75822,207,180,27,27
75823,99,98,1,1
75824,182,164,18,18
75825,99,97,2,2
75826,83,86,-3,3
75827,75,78,-3,3
75828,139,137,2,2
75829,47,50,-3,3
75830,65,79,-14,14
75831,143,117,26,26
75832,73,76,-3,3
75833,79,84,-5,5
75834,85,77,8,8
75835,88,94,-6,6
75836,141,131,10,10
75837,71,94,-23,23
75838,96,90,6,6
75839,153,145,8,8
75840,133,119,14,14
75841,80,84,-4,4
75842,171,176,-5,5
75843,125,130,-5,5
75844,91,82,9,9
75845,61,59,2,2
75846,131,118,13,13
75847,136,114,22,22
75848,58,56,2,2
75849,93,89,4,4
75850,88,86,2,2
75851,68,68,0,0
75852,129,126,3,3
75853,127,113,14,14
75854,98,143,-45,45
75855,87,86,1,1
75856,84,83,1,1
75857,51,82,-31,31
75858,72,69,3,3
75859,144,141,3,3
75860,96,97,-1,1
75861,61,56,5,5
75862,86,83,3,3
75863,78,73,5,5
75864,51,57,-6,6
75865,151,143,8,8
75866,109,101,8,8
75867,108,114,-6,6
75868,80,76,4,4
75869,67,58,9,9
75870,125,139,-14,14
75871,75,66,9,9
75872,176,175,1,1
75873,105,107,-2,2
75874,82,90,-8,8
75875,146,142,4,4
75876,49,97,-48,48
75877,68,86,-18,18
75878,119,118,1,1
75879,40,50,-10,10
75880,118,117,1,1
75881,65,64,1,1
75882,92,100,-8,8
75883,69,62,7,7
75884,110,106,4,4
75885,94,90,4,4
75886,152,178,-26,26
75887,118,115,3,3
75888,72,71,1,1
75889,141,132,9,9
75890,43,51,-8,8
75891,122,113,9,9
75892,73,69,4,4
75893,92,89,3,3
75894,101,112,-11,11
75895,66,65,1,1
75896,70,59,11,11
75897,43,50,-7,7
75898,84,74,10,10
75899,83,98,-15,15
75900,71,66,5,5
75901,97,88,9,9
75902,116,114,2,2
75903,107,113,-6,6
75904,152,145,7,7
75905,130,144,-14,14
75906,49,51,-2,2
75907,111,105,6,6
75908,124,103,21,21
75909,75,73,2,2
75910,112,129,-17,17
75911,111,113,-2,2
75912,97,94,3,3
75913,47,50,-3,3
75914,114,99,15,15
75915,107,116,-9,9
75916,93,95,-2,2
75917,107,106,1,1
75918,114,112,2,2
75919,124,129,-5,5
75920,133,118,15,15
75921,64,61,3,3
75922,80,81,-1,1
75923,155,138,17,17
75924,98,106,-8,8
75925,82,66,16,16
75926,50,56,-6,6
75927,64,59,5,5
75928,97,103,-6,6
75929,123,111,12,12
75930,46,53,-7,7
75931,78,69,9,9
75932,122,120,2,2
75933,181,163,18,18
75934,64,70,-6,6
75935,56,59,-3,3
75936,72,82,-10,10
75937,141,132,9,9
75938,126,121,5,5
75939,71,61,10,10
75940,81,68,13,13
75941,137,123,14,14
75942,91,91,0,0
75943,117,107,10,10
75944,160,156,4,4
75945,101,88,13,13
75946,55,63,-8,8
75947,104,107,-3,3
75948,72,72,0,0
75949,165,158,7,7
75950,74,68,6,6
75951,72,70,2,2
75952,138,116,22,22
75953,87,87,0,0
75954,66,63,3,3
75955,78,81,-3,3
75956,80,74,6,6
75957,111,115,-4,4
75958,132,128,4,4
75959,70,68,2,2
75960,96,94,2,2
75961,127,125,2,2
75962,121,119,2,2
75963,57,56,1,1
75964,203,194,9,9
75965,94,92,2,2
75966,81,94,-13,13
75967,52,55,-3,3
75968,150,136,14,14
75969,83,111,-28,28
75970,99,86,13,13
75971,64,61,3,3
75972,79,78,1,1
75973,81,84,-3,3
75974,47,52,-5,5
75975,54,56,-2,2
75976,152,139,13,13
75977,44,52,-8,8
75978,87,87,0,0
75979,161,154,7,7
75980,83,82,1,1
75981,75,77,-2,2
75982,111,118,-7,7
75983,60,57,3,3
75984,98,91,7,7
75985,74,81,-7,7
75986,81,74,7,7
75987,113,112,1,1
75988,110,100,10,10
75989,84,88,-4,4
75990,57,56,1,1
75991,70,69,1,1
75992,175,156,19,19
75993,95,95,0,0
75994,94,93,1,1
75995,107,106,1,1
75996,75,76,-1,1
75997,85,93,-8,8
75998,162,140,22,22
75999,93,93,0,0
76000,73,77,-4,4
76001,86,88,-2,2
76002,179,169,10,10
76003,202,194,8,8
76004,98,101,-3,3
76005,85,89,-4,4
76006,37,50,-13,13
76007,121,113,8,8
76008,128,121,7,7
76009,87,94,-7,7
76010,141,142,-1,1
76011,70,61,9,9
76012,151,161,-10,10
76013,116,116,0,0
76014,81,76,5,5
76015,81,75,6,6
76016,89,89,0,0
76017,124,106,18,18
76018,94,94,0,0
76019,56,65,-9,9
76020,151,144,7,7
76021,157,150,7,7
76022,70,73,-3,3
76023,154,146,8,8
76024,130,126,4,4
76025,121,114,7,7
76026,119,123,-4,4
76027,94,96,-2,2
76028,62,69,-7,7
76029,99,90,9,9
76030,82,72,10,10
76031,145,146,-1,1
76032,107,120,-13,13
76033,107,109,-2,2
76034,128,115,13,13
76035,52,55,-3,3
76036,103,100,3,3
76037,70,71,-1,1
76038,161,162,-1,1
76039,74,76,-2,2
76040,70,63,7,7
76041,114,104,10,10
76042,150,149,1,1
76043,105,117,-12,12
76044,119,128,-9,9
76045,71,79,-8,8
76046,102,93,9,9
76047,43,58,-15,15
76048,84,83,1,1
76049,70,76,-6,6
76050,82,81,1,1
76051,74,61,13,13
76052,98,94,4,4
76053,55,62,-7,7
76054,110,111,-1,1
76055,145,155,-10,10
76056,80,77,3,3
76057,137,129,8,8
76058,77,88,-11,11
76059,80,70,10,10
76060,73,65,8,8
76061,83,75,8,8
76062,100,91,9,9
76063,85,83,2,2
76064,101,102,-1,1
76065,79,81,-2,2
76066,89,99,-10,10
76067,60,62,-2,2
76068,112,95,17,17
76069,173,163,10,10
76070,60,58,2,2
76071,41,50,-9,9
76072,57,61,-4,4
76073,88,91,-3,3
76074,101,94,7,7
76075,82,72,10,10
76076,100,96,4,4
76077,85,88,-3,3
76078,117,102,15,15
76079,83,85,-2,2
76080,162,139,23,23
76081,59,58,1,1
76082,127,120,7,7
76083,170,153,17,17
76084,114,107,7,7
76085,111,108,3,3
76086,44,50,-6,6
76087,91,97,-6,6
76088,76,83,-7,7
76089,64,71,-7,7
76090,67,62,5,5
76091,135,127,8,8
76092,75,73,2,2
76093,110,108,2,2
76094,84,77,7,7
76095,77,71,6,6
76096,97,98,-1,1
76097,85,90,-5,5
76098,61,56,5,5
76099,86,85,1,1
76100,75,72,3,3
76101,83,112,-29,29
76102,168,162,6,6
76103,97,98,-1,1
76104,64,65,-1,1
76105,126,113,13,13
76106,85,89,-4,4
76107,111,112,-1,1
76108,87,82,5,5
76109,101,112,-11,11
76110,162,110,52,52
76111,143,144,-1,1
76112,123,113,10,10
76113,82,76,6,6
76114,101,98,3,3
76115,92,104,-12,12
76116,87,96,-9,9
76117,93,85,8,8
76118,100,109,-9,9
76119,92,85,7,7
76120,85,75,10,10
76121,49,52,-3,3
76122,79,89,-10,10
76123,58,57,1,1
76124,85,90,-5,5
76125,61,59,2,2
76126,140,136,4,4
76127,127,129,-2,2
76128,152,143,9,9
76129,67,62,5,5
76130,64,62,2,2
76131,136,133,3,3
76132,74,68,6,6
76133,100,90,10,10
76134,158,142,16,16
76135,80,86,-6,6
76136,88,88,0,0
76137,110,118,-8,8
76138,74,64,10,10
76139,116,120,-4,4
76140,82,78,4,4
76141,117,110,7,7
76142,81,80,1,1
76143,74,72,2,2
76144,104,104,0,0
76145,147,132,15,15
76146,82,76,6,6
76147,50,51,-1,1
76148,180,164,16,16
76149,182,184,-2,2
76150,63,75,-12,12
76151,190,164,26,26
76152,122,138,-16,16
76153,99,94,5,5
76154,66,69,-3,3
76155,53,65,-12,12
76156,63,64,-1,1
76157,125,137,-12,12
76158,112,102,10,10
76159,85,87,-2,2
76160,56,57,-1,1
76161,85,80,5,5
76162,70,75,-5,5
76163,83,89,-6,6
76164,135,131,4,4
76165,57,55,2,2
76166,84,82,2,2
76167,90,102,-12,12
76168,59,73,-14,14
76169,77,72,5,5
76170,64,59,5,5
76171,99,104,-5,5
76172,109,105,4,4
76173,97,101,-4,4
76174,92,83,9,9
76175,87,92,-5,5
76176,42,50,-8,8
76177,74,83,-9,9
76178,162,177,-15,15
76179,125,115,10,10
76180,178,179,-1,1
76181,98,106,-8,8
76182,89,96,-7,7
76183,72,64,8,8
76184,78,74,4,4
76185,53,60,-7,7
76186,85,79,6,6
76187,122,117,5,5
76188,101,104,-3,3
76189,81,79,2,2
76190,128,92,36,36
76191,98,101,-3,3
76192,154,165,-11,11
76193,122,125,-3,3
76194,63,59,4,4
76195,83,90,-7,7
76196,98,98,0,0
76197,70,73,-3,3
76198,89,102,-13,13
76199,111,121,-10,10
76200,44,55,-11,11
76201,48,53,-5,5
76202,104,103,1,1
76203,106,103,3,3
76204,148,128,20,20
76205,128,127,1,1
76206,118,114,4,4
76207,105,91,14,14
76208,141,146,-5,5
76209,115,102,13,13
76210,161,153,8,8
76211,71,92,-21,21
76212,149,138,11,11
76213,77,74,3,3
76214,117,111,6,6
76215,119,116,3,3
76216,116,106,10,10
76217,88,83,5,5
76218,107,110,-3,3
76219,72,83,-11,11
76220,137,150,-13,13
76221,122,125,-3,3
76222,126,123,3,3
76223,50,62,-12,12
76224,119,104,15,15
76225,79,72,7,7
76226,124,127,-3,3
76227,128,129,-1,1
76228,132,117,15,15
76229,90,87,3,3
76230,95,97,-2,2
76231,97,90,7,7
76232,63,66,-3,3
76233,109,102,7,7
76234,133,140,-7,7
76235,104,102,2,2
76236,35,81,-46,46
76237,72,71,1,1
76238,65,68,-3,3
76239,120,109,11,11
76240,135,154,-19,19
76241,130,120,10,10
76242,137,135,2,2
76243,81,76,5,5
76244,83,88,-5,5
76245,51,55,-4,4
76246,77,83,-6,6
76247,116,107,9,9
76248,72,76,-4,4
76249,97,99,-2,2
76250,78,72,6,6
76251,63,62,1,1
76252,130,132,-2,2
76253,158,150,8,8
76254,75,81,-6,6
76255,76,73,3,3
76256,101,101,0,0
76257,44,52,-8,8
76258,74,71,3,3
76259,98,91,7,7
76260,134,142,-8,8
76261,104,101,3,3
76262,88,87,1,1
76263,179,168,11,11
76264,46,54,-8,8
76265,141,139,2,2
76266,91,83,8,8
76267,72,73,-1,1
76268,82,80,2,2
76269,73,68,5,5
76270,139,128,11,11
76271,124,119,5,5
76272,100,93,7,7
76273,98,95,3,3
76274,80,82,-2,2
76275,97,114,-17,17
76276,62,65,-3,3
76277,136,133,3,3
76278,93,88,5,5
76279,104,104,0,0
76280,158,154,4,4
76281,105,100,5,5
76282,82,66,16,16
76283,150,149,1,1
76284,161,147,14,14
76285,68,65,3,3
76286,97,100,-3,3
76287,106,101,5,5
76288,75,71,4,4
76289,95,95,0,0
76290,84,82,2,2
76291,144,130,14,14
76292,115,114,1,1
76293,45,55,-10,10
76294,99,95,4,4
76295,91,89,2,2
76296,75,69,6,6
76297,134,118,16,16
76298,69,65,4,4
76299,74,71,3,3
76300,53,57,-4,4
76301,74,78,-4,4
76302,95,95,0,0
76303,54,58,-4,4
76304,96,93,3,3
76305,93,89,4,4
76306,108,106,2,2
76307,104,119,-15,15
76308,80,78,2,2
76309,87,75,12,12
76310,98,105,-7,7
76311,60,63,-3,3
76312,65,65,0,0
76313,75,82,-7,7
76314,80,89,-9,9
76315,81,92,-11,11
76316,123,114,9,9
76317,89,97,-8,8
76318,142,138,4,4
76319,64,57,7,7
76320,100,104,-4,4
76321,45,60,-15,15
76322,118,109,9,9
76323,73,76,-3,3
76324,74,72,2,2
76325,102,105,-3,3
76326,66,77,-11,11
76327,120,125,-5,5
76328,57,56,1,1
76329,149,134,15,15
76330,131,133,-2,2
76331,81,75,6,6
76332,61,61,0,0
76333,89,89,0,0
76334,66,60,6,6
76335,64,63,1,1
76336,76,81,-5,5
76337,124,116,8,8
76338,48,59,-11,11
76339,68,66,2,2
76340,100,103,-3,3
76341,96,96,0,0
76342,50,50,0,0
76343,85,90,-5,5
76344,85,87,-2,2
76345,61,65,-4,4
76346,91,78,13,13
76347,72,69,3,3
76348,129,116,13,13
76349,104,97,7,7
76350,54,65,-11,11
76351,53,55,-2,2
76352,105,112,-7,7
76353,91,107,-16,16
76354,66,75,-9,9
76355,59,58,1,1
76356,118,116,2,2
76357,109,115,-6,6
76358,63,65,-2,2
76359,63,54,9,9
76360,68,63,5,5
76361,166,177,-11,11
76362,84,75,9,9
76363,66,62,4,4
76364,100,107,-7,7
76365,104,96,8,8
76366,65,65,0,0
76367,57,59,-2,2
76368,99,95,4,4
76369,96,112,-16,16
76370,71,68,3,3
76371,57,60,-3,3
76372,105,110,-5,5
76373,88,80,8,8
76374,54,57,-3,3
76375,181,164,17,17
76376,100,98,2,2
76377,103,102,1,1
76378,138,124,14,14
76379,65,69,-4,4
76380,71,74,-3,3
76381,70,68,2,2
76382,72,68,4,4
76383,66,60,6,6
76384,79,78,1,1
76385,169,163,6,6
76386,129,119,10,10
76387,129,106,23,23
76388,63,60,3,3
76389,92,87,5,5
76390,109,110,-1,1
76391,58,61,-3,3
76392,108,97,11,11
76393,107,97,10,10
76394,162,155,7,7
76395,57,58,-1,1
76396,109,114,-5,5
76397,86,89,-3,3
76398,91,85,6,6
76399,89,81,8,8
76400,93,98,-5,5
76401,70,64,6,6
76402,73,70,3,3
76403,71,67,4,4
76404,59,54,5,5
76405,166,165,1,1
76406,71,63,8,8
76407,71,62,9,9
76408,132,115,17,17
76409,103,110,-7,7
76410,114,102,12,12
76411,103,110,-7,7
76412,98,95,3,3
76413,92,84,8,8
76414,102,113,-11,11
76415,113,116,-3,3
76416,130,151,-21,21
76417,56,60,-4,4
76418,127,120,7,7
76419,53,69,-16,16
76420,129,126,3,3
76421,93,92,1,1
76422,133,122,11,11
76423,93,90,3,3
76424,92,91,1,1
76425,45,55,-10,10
76426,96,86,10,10
76427,104,127,-23,23
76428,65,61,4,4
76429,114,106,8,8
76430,52,54,-2,2
76431,80,82,-2,2
76432,135,138,-3,3
76433,78,101,-23,23
76434,69,64,5,5
76435,61,61,0,0
76436,75,68,7,7
76437,131,133,-2,2
76438,108,117,-9,9
76439,96,95,1,1
76440,178,162,16,16
76441,171,170,1,1
76442,81,76,5,5
76443,91,82,9,9
76444,69,75,-6,6
76445,146,136,10,10
76446,111,96,15,15
76447,65,64,1,1
76448,86,83,3,3
76449,79,89,-10,10
76450,108,100,8,8
76451,94,94,0,0
76452,107,108,-1,1
76453,100,94,6,6
76454,121,112,9,9
76455,144,152,-8,8
76456,66,68,-2,2
76457,40,50,-10,10
76458,99,103,-4,4
76459,32,50,-18,18
76460,69,64,5,5
76461,145,141,4,4
76462,76,80,-4,4
76463,85,82,3,3
76464,53,55,-2,2
76465,27,50,-23,23
76466,55,69,-14,14
76467,41,50,-9,9
76468,57,60,-3,3
76469,83,82,1,1
76470,77,73,4,4
76471,85,93,-8,8
76472,118,105,13,13
76473,55,58,-3,3
76474,62,59,3,3
76475,111,108,3,3
76476,108,106,2,2
76477,89,94,-5,5
76478,97,89,8,8
76479,94,99,-5,5
76480,61,63,-2,2
76481,82,88,-6,6
76482,83,86,-3,3
76483,140,118,22,22
76484,152,129,23,23
76485,86,80,6,6
76486,33,50,-17,17
76487,88,86,2,2
76488,71,68,3,3
76489,97,112,-15,15
76490,81,84,-3,3
76491,129,122,7,7
76492,55,58,-3,3
76493,122,123,-1,1
76494,103,111,-8,8
76495,98,93,5,5
76496,89,82,7,7
76497,87,81,6,6
76498,79,85,-6,6
76499,98,108,-10,10
76500,49,68,-19,19
76501,82,81,1,1
76502,120,117,3,3
76503,108,106,2,2
76504,169,155,14,14
76505,161,155,6,6
76506,134,136,-2,2
76507,96,99,-3,3
76508,56,71,-15,15
76509,101,105,-4,4
76510,86,93,-7,7
76511,82,85,-3,3
76512,85,88,-3,3
76513,79,73,6,6
76514,78,82,-4,4
76515,105,91,14,14
76516,142,134,8,8
76517,65,75,-10,10
76518,57,64,-7,7
76519,81,81,0,0
76520,139,113,26,26
76521,84,80,4,4
76522,81,80,1,1
76523,154,135,19,19
76524,147,136,11,11
76525,153,142,11,11
76526,73,75,-2,2
76527,141,136,5,5
76528,43,52,-9,9
76529,101,97,4,4
76530,42,52,-10,10
76531,78,77,1,1
76532,97,112,-15,15
76533,65,67,-2,2
76534,58,61,-3,3
76535,79,90,-11,11
76536,95,93,2,2
76537,105,119,-14,14
76538,37,51,-14,14
76539,82,92,-10,10
76540,130,123,7,7
76541,99,106,-7,7
76542,125,103,22,22
76543,51,62,-11,11
76544,87,86,1,1
76545,147,152,-5,5
76546,61,57,4,4
76547,122,123,-1,1
76548,70,78,-8,8
76549,81,72,9,9
76550,93,91,2,2
76551,136,135,1,1
76552,61,64,-3,3
76553,75,83,-8,8
76554,118,104,14,14
76555,110,113,-3,3
76556,153,161,-8,8
76557,57,56,1,1
76558,128,114,14,14
76559,118,105,13,13
76560,81,90,-9,9
76561,82,78,4,4
76562,126,121,5,5
76563,110,104,6,6
76564,91,94,-3,3
76565,106,86,20,20
76566,92,88,4,4
76567,74,79,-5,5
76568,119,116,3,3
76569,47,51,-4,4
76570,81,90,-9,9
76571,101,95,6,6
76572,91,88,3,3
76573,68,68,0,0
76574,119,112,7,7
76575,90,85,5,5
76576,104,108,-4,4
76577,80,86,-6,6
76578,84,90,-6,6
76579,132,119,13,13
76580,32,67,-35,35
76581,139,132,7,7
76582,85,78,7,7
76583,83,80,3,3
76584,55,56,-1,1
76585,98,109,-11,11
76586,177,173,4,4
76587,81,86,-5,5
76588,90,99,-9,9
76589,133,120,13,13
76590,85,67,18,18
76591,58,55,3,3
76592,133,129,4,4
76593,81,79,2,2
76594,149,137,12,12
76595,107,105,2,2
76596,113,95,18,18
76597,108,98,10,10
76598,93,87,6,6
76599,100,91,9,9
76600,66,71,-5,5
76601,109,101,8,8
76602,77,86,-9,9
76603,208,180,28,28
76604,79,86,-7,7
76605,74,65,9,9
76606,74,69,5,5
76607,131,121,10,10
76608,127,113,14,14
76609,77,70,7,7
76610,100,75,25,25
76611,82,110,-28,28
76612,100,104,-4,4
76613,65,68,-3,3
76614,97,101,-4,4
76615,146,129,17,17
76616,99,86,13,13
76617,117,108,9,9
76618,71,73,-2,2
76619,60,62,-2,2
76620,75,76,-1,1
76621,46,55,-9,9
76622,121,106,15,15
76623,55,55,0,0
76624,119,122,-3,3
76625,178,169,9,9
76626,131,128,3,3
76627,123,117,6,6
76628,99,99,0,0
76629,164,151,13,13
76630,69,69,0,0
76631,55,59,-4,4
76632,148,150,-2,2
76633,67,60,7,7
76634,138,138,0,0
76635,115,107,8,8
76636,134,126,8,8
76637,91,101,-10,10
76638,94,90,4,4
76639,114,108,6,6
76640,92,90,2,2
76641,98,97,1,1
76642,41,50,-9,9
76643,49,57,-8,8
76644,59,66,-7,7
76645,90,87,3,3
76646,165,158,7,7
76647,53,55,-2,2
76648,67,68,-1,1
76649,77,72,5,5
76650,87,82,5,5
76651,65,61,4,4
76652,133,128,5,5
76653,98,96,2,2
76654,103,103,0,0
76655,85,81,4,4
76656,153,143,10,10
76657,85,73,12,12
76658,126,131,-5,5
76659,102,113,-11,11
76660,115,110,5,5
76661,78,84,-6,6
76662,152,153,-1,1
76663,72,68,4,4
76664,65,64,1,1
76665,71,70,1,1
76666,134,137,-3,3
76667,104,103,1,1
76668,54,59,-5,5
76669,133,123,10,10
76670,99,83,16,16
76671,69,70,-1,1
76672,169,164,5,5
76673,94,96,-2,2
76674,106,111,-5,5
76675,86,90,-4,4
76676,107,102,5,5
76677,52,56,-4,4
76678,71,76,-5,5
76679,87,80,7,7
76680,155,161,-6,6
76681,58,59,-1,1
76682,144,131,13,13
76683,111,104,7,7
76684,90,89,1,1
76685,74,63,11,11
76686,100,91,9,9
76687,112,110,2,2
76688,117,116,1,1
76689,48,91,-43,43
76690,107,95,12,12
76691,144,137,7,7
76692,86,77,9,9
76693,101,95,6,6
76694,94,93,1,1
76695,129,115,14,14
76696,132,131,1,1
76697,61,60,1,1
76698,103,106,-3,3
76699,104,97,7,7
76700,135,117,18,18
76701,76,80,-4,4
76702,112,115,-3,3
76703,114,97,17,17
76704,69,61,8,8
76705,92,82,10,10
76706,80,82,-2,2
76707,139,128,11,11
76708,76,71,5,5
76709,71,64,7,7
76710,100,102,-2,2
76711,106,95,11,11
76712,145,139,6,6
76713,76,86,-10,10
76714,92,102,-10,10
76715,49,51,-2,2
76716,110,103,7,7
76717,92,94,-2,2
76718,173,145,28,28
76719,98,98,0,0
76720,175,151,24,24
76721,75,85,-10,10
76722,103,90,13,13
76723,111,124,-13,13
76724,215,206,9,9
76725,131,121,10,10
76726,67,74,-7,7
76727,127,135,-8,8
76728,72,72,0,0
76729,43,66,-23,23
76730,65,63,2,2
76731,69,66,3,3
76732,149,155,-6,6
76733,75,66,9,9
76734,81,81,0,0
76735,76,64,12,12
76736,53,62,-9,9
76737,79,87,-8,8
76738,152,138,14,14
76739,97,99,-2,2
76740,48,51,-3,3
76741,107,108,-1,1
76742,118,118,0,0
76743,78,74,4,4
76744,98,90,8,8
76745,121,112,9,9
76746,108,99,9,9
76747,59,55,4,4
76748,95,99,-4,4
76749,98,99,-1,1
76750,71,69,2,2
76751,76,75,1,1
76752,100,108,-8,8
76753,70,70,0,0
76754,71,62,9,9
76755,94,76,18,18
76756,86,87,-1,1
76757,102,105,-3,3
76758,106,102,4,4
76759,74,84,-10,10
76760,49,56,-7,7
76761,103,96,7,7
76762,70,69,1,1
76763,168,165,3,3
76764,66,70,-4,4
76765,128,133,-5,5
76766,110,106,4,4
76767,82,72,10,10
76768,92,82,10,10
76769,187,180,7,7
76770,101,119,-18,18
76771,47,51,-4,4
76772,72,69,3,3
76773,77,76,1,1
76774,30,50,-20,20
76775,124,123,1,1
76776,218,190,28,28
76777,110,112,-2,2
76778,106,111,-5,5
76779,133,121,12,12
76780,88,74,14,14
76781,58,58,0,0
76782,184,160,24,24
76783,152,134,18,18
76784,87,92,-5,5
76785,167,151,16,16
76786,93,99,-6,6
76787,130,109,21,21
76788,96,86,10,10
76789,119,122,-3,3
76790,81,80,1,1
76791,52,54,-2,2
76792,66,61,5,5
76793,102,108,-6,6
76794,76,71,5,5
76795,117,104,13,13
76796,98,93,5,5
76797,81,84,-3,3
76798,99,103,-4,4
76799,81,75,6,6
76800,64,69,-5,5
76801,139,143,-4,4
76802,84,84,0,0
76803,68,66,2,2
76804,42,50,-8,8
76805,73,63,10,10
76806,158,119,39,39
76807,101,102,-1,1
76808,122,113,9,9
76809,76,85,-9,9
76810,129,154,-25,25
76811,99,87,12,12
76812,71,64,7,7
76813,80,77,3,3
76814,141,129,12,12
76815,48,51,-3,3
76816,146,136,10,10
76817,83,85,-2,2
76818,102,101,1,1
76819,87,85,2,2
76820,83,75,8,8
76821,63,74,-11,11
76822,89,87,2,2
76823,142,130,12,12
76824,90,98,-8,8
76825,97,94,3,3
76826,130,127,3,3
76827,88,83,5,5
76828,146,151,-5,5
76829,118,105,13,13
76830,124,118,6,6
76831,108,119,-11,11
76832,53,57,-4,4
76833,78,78,0,0
76834,54,56,-2,2
76835,121,110,11,11
76836,105,116,-11,11
76837,47,59,-12,12
76838,58,55,3,3
76839,126,115,11,11
76840,165,148,17,17
76841,118,114,4,4
76842,54,56,-2,2
76843,98,93,5,5
76844,39,50,-11,11
76845,88,93,-5,5
76846,85,84,1,1
76847,92,102,-10,10
76848,101,99,2,2
76849,69,76,-7,7
76850,70,65,5,5
76851,57,89,-32,32
76852,89,88,1,1
76853,165,157,8,8
76854,88,90,-2,2
76855,142,134,8,8
76856,109,113,-4,4
76857,105,103,2,2
76858,94,96,-2,2
76859,124,118,6,6
76860,119,115,4,4
76861,41,51,-10,10
76862,102,100,2,2
76863,90,72,18,18
76864,126,128,-2,2
76865,59,74,-15,15
76866,74,70,4,4
76867,104,108,-4,4
76868,101,97,4,4
76869,102,98,4,4
76870,123,127,-4,4
76871,90,87,3,3
76872,85,79,6,6
76873,85,94,-9,9
76874,57,57,0,0
76875,73,74,-1,1
76876,73,75,-2,2
76877,106,112,-6,6
76878,47,50,-3,3
76879,91,95,-4,4
76880,93,80,13,13
76881,63,67,-4,4
76882,80,78,2,2
76883,71,68,3,3
76884,92,87,5,5
76885,125,117,8,8
76886,82,93,-11,11
76887,97,102,-5,5
76888,59,54,5,5
76889,125,137,-12,12
76890,115,105,10,10
76891,103,100,3,3
76892,97,97,0,0
76893,89,88,1,1
76894,78,77,1,1
76895,159,147,12,12
76896,117,125,-8,8
76897,100,91,9,9
76898,104,102,2,2
76899,97,108,-11,11
76900,114,106,8,8
76901,118,123,-5,5
76902,99,82,17,17
76903,98,92,6,6
76904,114,118,-4,4
76905,99,94,5,5
76906,95,94,1,1
76907,68,73,-5,5
76908,119,114,5,5
76909,125,115,10,10
76910,74,76,-2,2
76911,97,90,7,7
76912,101,98,3,3
76913,157,154,3,3
76914,141,133,8,8
76915,132,132,0,0
76916,104,106,-2,2
76917,85,88,-3,3
76918,110,109,1,1
76919,91,100,-9,9
76920,53,53,0,0
76921,81,82,-1,1
76922,78,81,-3,3
76923,79,92,-13,13
76924,73,71,2,2
76925,81,85,-4,4
76926,89,84,5,5
76927,78,75,3,3
76928,122,106,16,16
76929,64,68,-4,4
76930,52,54,-2,2
76931,87,92,-5,5
76932,134,130,4,4
76933,104,97,7,7
76934,116,118,-2,2
76935,102,107,-5,5
76936,160,141,19,19
76937,83,77,6,6
76938,159,162,-3,3
76939,130,137,-7,7
76940,92,88,4,4
76941,95,86,9,9
76942,179,187,-8,8
76943,132,112,20,20
76944,53,54,-1,1
76945,100,98,2,2
76946,105,97,8,8
76947,77,79,-2,2
76948,115,112,3,3
76949,126,126,0,0
76950,91,96,-5,5
76951,79,81,-2,2
76952,40,50,-10,10
76953,128,123,5,5
76954,145,141,4,4
76955,153,140,13,13
76956,81,75,6,6
76957,113,119,-6,6
76958,138,122,16,16
76959,100,106,-6,6
76960,77,71,6,6
76961,71,71,0,0
76962,110,112,-2,2
76963,118,115,3,3
76964,137,138,-1,1
76965,94,94,0,0
76966,65,64,1,1
76967,52,69,-17,17
76968,74,77,-3,3
76969,68,66,2,2
76970,101,103,-2,2
76971,104,100,4,4
76972,138,130,8,8
76973,71,68,3,3
76974,140,123,17,17
76975,83,85,-2,2
76976,91,90,1,1
76977,125,113,12,12
76978,77,83,-6,6
76979,63,58,5,5
76980,116,109,7,7
76981,102,100,2,2
76982,121,125,-4,4
76983,116,112,4,4
76984,181,171,10,10
76985,112,121,-9,9
76986,151,152,-1,1
76987,127,120,7,7
76988,87,86,1,1
76989,123,120,3,3
76990,74,85,-11,11
76991,161,154,7,7
76992,48,53,-5,5
76993,207,197,10,10
76994,124,125,-1,1
76995,91,99,-8,8
76996,104,101,3,3
76997,118,121,-3,3
76998,112,109,3,3
76999,70,68,2,2
77000,76,70,6,6
77001,133,123,10,10
77002,79,71,8,8
77003,56,66,-10,10
77004,111,135,-24,24
77005,48,56,-8,8
77006,80,66,14,14
77007,144,142,2,2
77008,39,50,-11,11
77009,91,93,-2,2
77010,97,95,2,2
77011,93,86,7,7
77012,142,130,12,12
77013,116,111,5,5
77014,86,83,3,3
77015,128,134,-6,6
77016,101,109,-8,8
77017,53,58,-5,5
77018,153,144,9,9
77019,69,80,-11,11
77020,101,92,9,9
77021,146,146,0,0
77022,107,106,1,1
77023,86,88,-2,2
77024,44,52,-8,8
77025,64,71,-7,7
77026,90,66,24,24
77027,69,70,-1,1
77028,78,91,-13,13
77029,141,134,7,7
77030,54,53,1,1
77031,61,56,5,5
77032,140,125,15,15
77033,158,125,33,33
77034,96,91,5,5
77035,159,149,10,10
77036,155,128,27,27
77037,152,138,14,14
77038,62,55,7,7
77039,84,76,8,8
77040,197,182,15,15
77041,123,120,3,3
77042,80,82,-2,2
77043,25,50,-25,25
77044,140,142,-2,2
77045,65,71,-6,6
77046,67,97,-30,30
77047,62,69,-7,7
77048,71,69,2,2
77049,138,137,1,1
77050,73,74,-1,1
77051,84,85,-1,1
77052,227,197,30,30
77053,97,91,6,6
77054,47,52,-5,5
77055,74,74,0,0
77056,75,78,-3,3
77057,64,66,-2,2
77058,107,109,-2,2
77059,60,59,1,1
77060,70,71,-1,1
77061,117,100,17,17
77062,110,114,-4,4
77063,118,117,1,1
77064,86,84,2,2
77065,61,69,-8,8
77066,72,71,1,1
77067,153,142,11,11
77068,92,95,-3,3
77069,117,117,0,0
77070,79,77,2,2
77071,111,100,11,11
77072,48,53,-5,5
77073,71,63,8,8
77074,100,98,2,2
77075,90,84,6,6
77076,67,67,0,0
77077,111,108,3,3
77078,68,66,2,2
77079,113,105,8,8
77080,78,91,-13,13
77081,94,93,1,1
77082,86,91,-5,5
77083,131,130,1,1
77084,142,123,19,19
77085,83,92,-9,9
77086,62,80,-18,18
77087,74,64,10,10
77088,143,138,5,5
77089,163,163,0,0
77090,78,74,4,4
77091,42,50,-8,8
77092,69,71,-2,2
77093,68,68,0,0
77094,132,125,7,7
77095,59,57,2,2
77096,107,105,2,2
77097,107,109,-2,2
77098,49,51,-2,2
77099,114,113,1,1
77100,87,84,3,3
77101,103,80,23,23
77102,122,110,12,12
77103,114,114,0,0
77104,172,158,14,14
77105,69,70,-1,1
77106,57,63,-6,6
77107,108,106,2,2
77108,80,97,-17,17
77109,70,71,-1,1
77110,126,125,1,1
77111,102,95,7,7
77112,45,54,-9,9
77113,72,69,3,3
77114,174,152,22,22
77115,101,107,-6,6
77116,53,54,-1,1
77117,71,68,3,3
77118,157,162,-5,5
77119,139,130,9,9
77120,116,102,14,14
77121,86,76,10,10
77122,96,88,8,8
77123,107,112,-5,5
77124,98,105,-7,7
77125,89,92,-3,3
77126,117,124,-7,7
77127,108,105,3,3
77128,54,54,0,0
77129,116,118,-2,2
77130,111,111,0,0
77131,139,140,-1,1
77132,74,70,4,4
77133,117,120,-3,3
77134,106,114,-8,8
77135,158,138,20,20
77136,97,98,-1,1
77137,70,64,6,6
77138,106,110,-4,4
77139,82,77,5,5
77140,141,123,18,18
77141,132,126,6,6
77142,114,103,11,11
77143,145,134,11,11
77144,56,57,-1,1
77145,109,97,12,12
77146,131,117,14,14
77147,154,115,39,39
77148,73,69,4,4
77149,63,70,-7,7
77150,134,147,-13,13
77151,91,82,9,9
77152,127,117,10,10
77153,42,50,-8,8
77154,101,105,-4,4
77155,52,51,1,1
77156,143,142,1,1
77157,92,87,5,5
77158,84,81,3,3
77159,101,118,-17,17
77160,117,119,-2,2
77161,85,81,4,4
77162,52,58,-6,6
77163,74,62,12,12
77164,78,64,14,14
77165,64,64,0,0
77166,90,92,-2,2
77167,59,61,-2,2
77168,53,62,-9,9
77169,94,98,-4,4
77170,77,77,0,0
77171,108,88,20,20
77172,138,129,9,9
77173,83,85,-2,2
77174,150,136,14,14
77175,108,103,5,5
77176,64,66,-2,2
77177,101,111,-10,10
77178,92,86,6,6
77179,150,138,12,12
77180,133,128,5,5
77181,42,55,-13,13
77182,43,51,-8,8
77183,63,60,3,3
77184,82,86,-4,4
77185,56,53,3,3
77186,101,113,-12,12
77187,65,75,-10,10
77188,112,109,3,3
77189,50,53,-3,3
77190,130,119,11,11
77191,88,100,-12,12
77192,74,64,10,10
77193,129,135,-6,6
77194,57,65,-8,8
77195,110,109,1,1
77196,99,102,-3,3
77197,77,68,9,9
77198,117,110,7,7
77199,107,100,7,7
77200,62,60,2,2
77201,75,81,-6,6
77202,97,105,-8,8
77203,54,62,-8,8
77204,80,76,4,4
77205,84,81,3,3
77206,52,53,-1,1
77207,106,106,0,0
77208,99,114,-15,15
77209,92,89,3,3
77210,53,58,-5,5
77211,135,132,3,3
77212,116,100,16,16
77213,96,103,-7,7
77214,116,110,6,6
77215,90,87,3,3
77216,187,156,31,31
77217,55,92,-37,37
77218,48,61,-13,13
77219,77,82,-5,5
77220,74,76,-2,2
77221,97,107,-10,10
77222,159,151,8,8
77223,127,121,6,6
77224,83,84,-1,1
77225,67,68,-1,1
77226,103,90,13,13
77227,68,59,9,9
77228,75,72,3,3
77229,88,87,1,1
77230,82,106,-24,24
77231,128,116,12,12
77232,177,161,16,16
77233,140,132,8,8
77234,108,90,18,18
77235,59,55,4,4
77236,97,98,-1,1
77237,105,103,2,2
77238,59,58,1,1
77239,74,73,1,1
77240,63,57,6,6
77241,53,57,-4,4
77242,67,68,-1,1
77243,88,86,2,2
77244,116,114,2,2
77245,141,142,-1,1
77246,123,121,2,2
77247,111,112,-1,1
77248,89,87,2,2
77249,112,114,-2,2
77250,118,117,1,1
77251,51,56,-5,5
77252,165,156,9,9
77253,70,74,-4,4
77254,92,81,11,11
77255,156,130,26,26
77256,160,139,21,21
77257,64,64,0,0
77258,137,138,-1,1
77259,93,87,6,6
77260,124,123,1,1
77261,77,78,-1,1
77262,128,124,4,4
77263,79,65,14,14
77264,61,71,-10,10
77265,112,104,8,8
77266,45,50,-5,5
77267,67,61,6,6
77268,126,122,4,4
77269,92,89,3,3
77270,74,76,-2,2
77271,67,76,-9,9
77272,105,98,7,7
77273,167,168,-1,1
77274,131,126,5,5
77275,84,127,-43,43
77276,110,120,-10,10
77277,72,78,-6,6
77278,71,116,-45,45
77279,115,117,-2,2
77280,159,156,3,3
77281,82,96,-14,14
77282,100,114,-14,14
77283,70,62,8,8
77284,104,106,-2,2
77285,49,52,-3,3
77286,104,107,-3,3
77287,101,106,-5,5
77288,66,72,-6,6
77289,87,89,-2,2
77290,85,95,-10,10
77291,124,131,-7,7
77292,121,111,10,10
77293,97,90,7,7
77294,63,61,2,2
77295,93,96,-3,3
77296,79,72,7,7
77297,49,53,-4,4
77298,95,94,1,1
77299,76,80,-4,4
77300,133,131,2,2
77301,66,67,-1,1
77302,85,101,-16,16
77303,228,263,-35,35
77304,124,131,-7,7
77305,90,84,6,6
77306,95,89,6,6
77307,54,57,-3,3
77308,82,94,-12,12
77309,155,142,13,13
77310,173,162,11,11
77311,171,156,15,15
77312,42,56,-14,14
77313,141,138,3,3
77314,92,86,6,6
77315,94,90,4,4
77316,82,87,-5,5
77317,132,126,6,6
77318,124,116,8,8
77319,94,89,5,5
77320,60,60,0,0
77321,58,63,-5,5
77322,102,109,-7,7
77323,112,107,5,5
77324,121,117,4,4
77325,133,141,-8,8
77326,54,66,-12,12
77327,105,108,-3,3
77328,82,87,-5,5
77329,104,96,8,8
77330,91,85,6,6
77331,103,107,-4,4
77332,96,104,-8,8
77333,147,162,-15,15
77334,95,97,-2,2
77335,111,118,-7,7
77336,106,108,-2,2
77337,59,58,1,1
77338,77,74,3,3
77339,97,81,16,16
77340,73,57,16,16
77341,105,97,8,8
77342,122,116,6,6
77343,55,60,-5,5
77344,108,107,1,1
77345,59,54,5,5
77346,124,125,-1,1
77347,116,121,-5,5
77348,100,95,5,5
77349,76,80,-4,4
77350,102,93,9,9
77351,95,104,-9,9
77352,138,127,11,11
77353,119,115,4,4
77354,78,80,-2,2
77355,108,107,1,1
77356,34,50,-16,16
77357,105,106,-1,1
77358,120,113,7,7
77359,91,91,0,0
77360,103,114,-11,11
77361,75,74,1,1
77362,176,157,19,19
77363,85,79,6,6
77364,75,74,1,1
77365,103,106,-3,3
77366,81,85,-4,4
77367,105,114,-9,9
77368,50,60,-10,10
77369,118,115,3,3
77370,163,158,5,5
77371,137,126,11,11
77372,167,167,0,0
77373,116,115,1,1
77374,52,56,-4,4
77375,115,109,6,6
77376,188,190,-2,2
77377,187,172,15,15
77378,84,80,4,4
77379,124,119,5,5
77380,95,96,-1,1
77381,79,88,-9,9
77382,72,63,9,9
77383,68,64,4,4
77384,116,112,4,4
77385,83,104,-21,21
77386,94,87,7,7
77387,63,64,-1,1
77388,200,204,-4,4
77389,61,61,0,0
77390,148,139,9,9
77391,56,57,-1,1
77392,110,111,-1,1
77393,94,96,-2,2
77394,59,69,-10,10
77395,76,68,8,8
77396,67,73,-6,6
77397,102,109,-7,7
77398,165,143,22,22
77399,79,80,-1,1
77400,74,66,8,8
77401,136,126,10,10
77402,116,108,8,8
77403,95,99,-4,4
77404,112,111,1,1
77405,65,69,-4,4
77406,43,50,-7,7
77407,92,89,3,3
77408,48,54,-6,6
77409,75,74,1,1
77410,118,119,-1,1
77411,99,94,5,5
77412,101,97,4,4
77413,41,61,-20,20
77414,78,82,-4,4
77415,129,116,13,13
77416,109,115,-6,6
77417,81,76,5,5
77418,167,154,13,13
77419,55,79,-24,24
77420,202,180,22,22
77421,118,113,5,5
77422,122,123,-1,1
77423,67,65,2,2
77424,67,66,1,1
77425,54,55,-1,1
77426,54,59,-5,5
77427,89,93,-4,4
77428,107,103,4,4
77429,94,93,1,1
77430,72,64,8,8
77431,127,131,-4,4
77432,84,98,-14,14
77433,64,65,-1,1
77434,96,97,-1,1
77435,116,110,6,6
77436,127,125,2,2
77437,128,118,10,10
77438,118,129,-11,11
77439,62,63,-1,1
77440,73,65,8,8
77441,36,50,-14,14
77442,165,141,24,24
77443,100,106,-6,6
77444,65,66,-1,1
77445,75,79,-4,4
77446,75,88,-13,13
77447,97,102,-5,5
77448,93,101,-8,8
77449,57,62,-5,5
77450,59,58,1,1
77451,85,82,3,3
77452,99,109,-10,10
77453,87,89,-2,2
77454,102,113,-11,11
77455,75,80,-5,5
77456,92,92,0,0
77457,79,89,-10,10
77458,50,57,-7,7
77459,48,54,-6,6
77460,217,186,31,31
77461,132,120,12,12
77462,101,100,1,1
77463,82,82,0,0
77464,116,120,-4,4
77465,112,100,12,12
77466,66,79,-13,13
77467,81,86,-5,5
77468,56,58,-2,2
77469,97,88,9,9
77470,84,75,9,9
77471,37,50,-13,13
77472,74,72,2,2
77473,127,125,2,2
77474,54,55,-1,1
77475,80,76,4,4
77476,57,53,4,4
77477,106,83,23,23
77478,91,88,3,3
77479,103,105,-2,2
77480,114,99,15,15
77481,131,130,1,1
77482,85,81,4,4
77483,85,87,-2,2
77484,93,95,-2,2
77485,74,64,10,10
77486,88,90,-2,2
77487,52,54,-2,2
77488,41,50,-9,9
77489,82,80,2,2
77490,112,109,3,3
77491,67,61,6,6
77492,69,79,-10,10
77493,150,136,14,14
77494,93,95,-2,2
77495,63,57,6,6
77496,95,85,10,10
77497,46,52,-6,6
77498,72,70,2,2
77499,77,78,-1,1
77500,87,90,-3,3
77501,121,125,-4,4
77502,149,136,13,13
77503,82,68,14,14
77504,57,54,3,3
77505,127,113,14,14
77506,103,95,8,8
77507,96,95,1,1
77508,82,79,3,3
77509,161,150,11,11
77510,133,127,6,6
77511,73,69,4,4
77512,71,60,11,11
77513,168,171,-3,3
77514,137,134,3,3
77515,72,68,4,4
77516,77,82,-5,5
77517,114,113,1,1
77518,115,111,4,4
77519,70,65,5,5
77520,78,83,-5,5
77521,118,122,-4,4
77522,88,85,3,3
77523,81,76,5,5
77524,118,121,-3,3
77525,60,58,2,2
77526,98,101,-3,3
77527,99,87,12,12
77528,55,56,-1,1
77529,100,98,2,2
77530,75,76,-1,1
77531,77,69,8,8
77532,139,140,-1,1
77533,99,92,7,7
77534,106,108,-2,2
77535,92,100,-8,8
77536,87,88,-1,1
77537,55,58,-3,3
77538,89,95,-6,6
77539,106,111,-5,5
77540,161,162,-1,1
77541,72,74,-2,2
77542,119,106,13,13
77543,90,82,8,8
77544,110,108,2,2
77545,51,53,-2,2
77546,63,64,-1,1
77547,42,54,-12,12
77548,85,77,8,8
77549,144,135,9,9
77550,69,74,-5,5
77551,43,50,-7,7
77552,94,99,-5,5
77553,178,187,-9,9
77554,80,79,1,1
77555,65,64,1,1
77556,62,64,-2,2
77557,62,59,3,3
77558,144,149,-5,5
77559,102,98,4,4
77560,104,101,3,3
77561,45,57,-12,12
77562,57,60,-3,3
77563,132,109,23,23
77564,105,98,7,7
77565,99,97,2,2
77566,60,69,-9,9
77567,72,74,-2,2
77568,122,124,-2,2
77569,141,139,2,2
77570,94,89,5,5
77571,89,98,-9,9
77572,43,53,-10,10
77573,160,145,15,15
77574,84,72,12,12
77575,84,78,6,6
77576,90,96,-6,6
77577,68,64,4,4
77578,189,175,14,14
77579,77,89,-12,12
77580,59,62,-3,3
77581,139,137,2,2
77582,98,97,1,1
77583,147,135,12,12
77584,158,135,23,23
77585,97,92,5,5
77586,109,114,-5,5
77587,112,109,3,3
77588,74,73,1,1
77589,155,142,13,13
77590,75,71,4,4
77591,129,118,11,11
77592,189,180,9,9
77593,98,101,-3,3
77594,68,70,-2,2
77595,100,101,-1,1
77596,136,120,16,16
77597,144,139,5,5
77598,123,123,0,0
77599,60,55,5,5
77600,131,122,9,9
77601,74,77,-3,3
77602,148,119,29,29
77603,112,105,7,7
77604,60,68,-8,8
77605,89,84,5,5
77606,83,88,-5,5
77607,100,93,7,7
77608,70,71,-1,1
77609,119,127,-8,8
77610,52,58,-6,6
77611,72,72,0,0
77612,127,125,2,2
77613,82,83,-1,1
77614,65,59,6,6
77615,75,68,7,7
77616,65,64,1,1
77617,80,97,-17,17
77618,95,118,-23,23
77619,74,80,-6,6
77620,107,103,4,4
77621,63,65,-2,2
77622,117,113,4,4
77623,83,69,14,14
77624,74,67,7,7
77625,56,52,4,4
77626,143,149,-6,6
77627,61,69,-8,8
77628,92,95,-3,3
77629,147,160,-13,13
77630,68,78,-10,10
77631,95,92,3,3
77632,80,85,-5,5
77633,129,120,9,9
77634,133,150,-17,17
77635,47,50,-3,3
77636,65,57,8,8
77637,85,79,6,6
77638,100,95,5,5
77639,113,107,6,6
77640,104,98,6,6
77641,70,66,4,4
77642,16,50,-34,34
77643,102,98,4,4
77644,125,108,17,17
77645,83,84,-1,1
77646,114,98,16,16
77647,150,149,1,1
77648,164,153,11,11
77649,97,93,4,4
77650,71,67,4,4
77651,78,77,1,1
77652,128,125,3,3
77653,111,104,7,7
77654,78,73,5,5
77655,83,81,2,2
77656,84,77,7,7
77657,81,82,-1,1
77658,103,110,-7,7
77659,91,94,-3,3
77660,79,77,2,2
77661,84,85,-1,1
77662,143,122,21,21
77663,97,90,7,7
77664,85,84,1,1
77665,120,108,12,12
77666,88,98,-10,10
77667,114,96,18,18
77668,116,109,7,7
77669,72,81,-9,9
77670,101,95,6,6
77671,129,123,6,6
77672,119,107,12,12
77673,86,88,-2,2
77674,75,82,-7,7
77675,76,70,6,6
77676,84,74,10,10
77677,75,76,-1,1
77678,124,121,3,3
77679,177,186,-9,9
77680,75,72,3,3
77681,117,118,-1,1
77682,99,129,-30,30
77683,50,53,-3,3
77684,70,79,-9,9
77685,115,112,3,3
77686,60,59,1,1
77687,96,92,4,4
77688,142,141,1,1
77689,87,80,7,7
77690,112,112,0,0
77691,116,103,13,13
77692,56,58,-2,2
77693,158,159,-1,1
77694,188,182,6,6
77695,181,166,15,15
77696,104,89,15,15
77697,159,156,3,3
77698,122,130,-8,8
77699,69,75,-6,6
77700,105,96,9,9
77701,84,91,-7,7
77702,80,79,1,1
77703,62,58,4,4
77704,75,73,2,2
77705,72,78,-6,6
77706,86,83,3,3
77707,99,111,-12,12
77708,59,60,-1,1
77709,104,95,9,9
77710,78,79,-1,1
77711,97,101,-4,4
77712,129,122,7,7
77713,64,73,-9,9
77714,105,98,7,7
77715,93,85,8,8
77716,92,92,0,0
77717,40,50,-10,10
77718,98,105,-7,7
77719,132,132,0,0
77720,67,76,-9,9
77721,51,82,-31,31
77722,81,93,-12,12
77723,142,141,1,1
77724,145,138,7,7
77725,72,67,5,5
77726,102,96,6,6
77727,87,82,5,5
77728,111,108,3,3
77729,80,75,5,5
77730,85,82,3,3
77731,144,131,13,13
77732,66,74,-8,8
77733,98,90,8,8
77734,91,92,-1,1
77735,61,63,-2,2
77736,46,55,-9,9
77737,89,98,-9,9
77738,105,95,10,10
77739,102,92,10,10
77740,100,101,-1,1
77741,58,64,-6,6
77742,116,117,-1,1
77743,73,78,-5,5
77744,96,94,2,2
77745,89,87,2,2
77746,79,84,-5,5
77747,74,74,0,0
77748,100,89,11,11
77749,35,52,-17,17
77750,49,53,-4,4
77751,79,76,3,3
77752,102,92,10,10
77753,104,82,22,22
77754,198,176,22,22
77755,136,122,14,14
77756,62,71,-9,9
77757,100,100,0,0
77758,89,88,1,1
77759,131,125,6,6
77760,82,81,1,1
77761,157,147,10,10
77762,71,69,2,2
77763,54,55,-1,1
77764,115,118,-3,3
77765,80,81,-1,1
77766,69,64,5,5
77767,80,70,10,10
77768,89,90,-1,1
77769,91,91,0,0
77770,171,140,31,31
77771,86,82,4,4
77772,120,119,1,1
77773,72,72,0,0
77774,67,62,5,5
77775,122,143,-21,21
77776,71,76,-5,5
77777,119,117,2,2
77778,80,79,1,1
77779,110,101,9,9
77780,47,52,-5,5
77781,193,172,21,21
77782,80,77,3,3
77783,52,56,-4,4
77784,61,60,1,1
77785,90,116,-26,26
77786,85,83,2,2
77787,74,72,2,2
77788,85,85,0,0
77789,125,148,-23,23
77790,150,140,10,10
77791,89,86,3,3
77792,93,90,3,3
77793,131,132,-1,1
77794,66,68,-2,2
77795,78,73,5,5
77796,151,147,4,4
77797,91,93,-2,2
77798,75,80,-5,5
77799,39,50,-11,11
77800,54,53,1,1
77801,106,99,7,7
77802,128,129,-1,1
77803,49,55,-6,6
77804,124,122,2,2
77805,76,76,0,0
77806,89,86,3,3
77807,48,53,-5,5
77808,135,150,-15,15
77809,108,110,-2,2
77810,113,103,10,10
77811,97,99,-2,2
77812,155,153,2,2
77813,154,139,15,15
77814,118,108,10,10
77815,87,81,6,6
77816,56,60,-4,4
77817,56,70,-14,14
77818,70,81,-11,11
77819,45,52,-7,7
77820,49,69,-20,20
77821,91,78,13,13
77822,76,71,5,5
77823,81,103,-22,22
77824,121,121,0,0
77825,109,106,3,3
77826,72,83,-11,11
77827,75,72,3,3
77828,35,53,-18,18
77829,90,94,-4,4
77830,132,128,4,4
77831,140,150,-10,10
77832,75,82,-7,7
77833,76,74,2,2
77834,111,132,-21,21
77835,92,100,-8,8
77836,120,134,-14,14
77837,119,116,3,3
77838,78,86,-8,8
77839,86,82,4,4
77840,60,66,-6,6
77841,158,146,12,12
77842,94,83,11,11
77843,126,120,6,6
77844,112,99,13,13
77845,112,104,8,8
77846,73,76,-3,3
77847,94,97,-3,3
77848,133,124,9,9
77849,70,66,4,4
77850,83,77,6,6
77851,117,118,-1,1
77852,104,100,4,4
77853,109,106,3,3
77854,173,149,24,24
77855,55,67,-12,12
77856,46,52,-6,6
77857,36,50,-14,14
77858,76,79,-3,3
77859,136,128,8,8
77860,102,100,2,2
77861,110,108,2,2
77862,94,90,4,4
77863,80,82,-2,2
77864,149,141,8,8
77865,249,223,26,26
77866,150,155,-5,5
77867,49,56,-7,7
77868,58,55,3,3
77869,54,54,0,0
77870,83,70,13,13
77871,119,106,13,13
77872,58,60,-2,2
77873,123,112,11,11
77874,125,116,9,9
77875,115,123,-8,8
77876,74,84,-10,10
77877,71,64,7,7
77878,162,143,19,19
77879,96,99,-3,3
77880,63,68,-5,5
77881,87,93,-6,6
77882,74,63,11,11
77883,70,88,-18,18
77884,114,117,-3,3
77885,72,68,4,4
77886,58,66,-8,8
77887,117,109,8,8
77888,77,99,-22,22
77889,57,65,-8,8
77890,142,136,6,6
77891,57,64,-7,7
77892,77,74,3,3
77893,100,122,-22,22
77894,92,110,-18,18
77895,53,58,-5,5
77896,98,90,8,8
77897,96,95,1,1
77898,67,63,4,4
77899,69,66,3,3
77900,108,109,-1,1
77901,97,90,7,7
77902,75,70,5,5
77903,97,101,-4,4
77904,127,117,10,10
77905,87,82,5,5
77906,86,83,3,3
77907,84,75,9,9
77908,86,86,0,0
77909,88,84,4,4
77910,97,96,1,1
77911,86,81,5,5
77912,79,86,-7,7
77913,183,175,8,8
77914,97,96,1,1
77915,136,133,3,3
77916,78,77,1,1
77917,128,126,2,2
77918,116,111,5,5
77919,167,161,6,6
77920,143,154,-11,11
77921,72,73,-1,1
77922,101,99,2,2
77923,89,90,-1,1
77924,63,58,5,5
77925,136,128,8,8
77926,129,126,3,3
77927,77,76,1,1
77928,70,81,-11,11
77929,114,108,6,6
77930,100,112,-12,12
77931,133,124,9,9
77932,130,127,3,3
77933,64,59,5,5
77934,105,97,8,8
77935,171,157,14,14
77936,120,113,7,7
77937,95,91,4,4
77938,72,74,-2,2
77939,75,68,7,7
77940,110,98,12,12
77941,119,108,11,11
77942,184,169,15,15
77943,132,124,8,8
77944,128,135,-7,7
77945,78,91,-13,13
77946,124,124,0,0
77947,123,123,0,0
77948,105,94,11,11
77949,51,60,-9,9
77950,89,102,-13,13
77951,58,60,-2,2
77952,112,107,5,5
77953,97,97,0,0
77954,95,97,-2,2
77955,79,79,0,0
77956,85,84,1,1
77957,135,118,17,17
77958,127,130,-3,3
77959,95,84,11,11
77960,141,146,-5,5
77961,76,80,-4,4
77962,63,64,-1,1
77963,106,103,3,3
77964,95,89,6,6
77965,91,91,0,0
77966,147,143,4,4
77967,124,116,8,8
77968,88,78,10,10
77969,70,73,-3,3
77970,80,91,-11,11
77971,41,50,-9,9
77972,59,57,2,2
77973,97,103,-6,6
77974,61,61,0,0
77975,148,133,15,15
77976,106,96,10,10
77977,102,113,-11,11
77978,66,70,-4,4
77979,75,70,5,5
77980,98,91,7,7
77981,58,56,2,2
77982,59,59,0,0
77983,53,53,0,0
77984,53,74,-21,21
77985,121,108,13,13
77986,101,88,13,13
77987,145,133,12,12
77988,57,57,0,0
77989,74,68,6,6
77990,65,65,0,0
77991,79,89,-10,10
77992,117,116,1,1
77993,65,64,1,1
77994,64,66,-2,2
77995,81,72,9,9
77996,125,108,17,17
77997,67,66,1,1
77998,69,66,3,3
77999,59,54,5,5
78000,126,118,8,8
78001,106,108,-2,2
78002,63,64,-1,1
78003,89,97,-8,8
78004,120,102,18,18
78005,97,101,-4,4
78006,70,67,3,3
78007,116,121,-5,5
78008,77,67,10,10
78009,49,53,-4,4
78010,71,66,5,5
78011,64,73,-9,9
78012,72,61,11,11
78013,128,110,18,18
78014,98,93,5,5
78015,66,68,-2,2
78016,112,115,-3,3
78017,51,55,-4,4
78018,85,81,4,4
78019,100,93,7,7
78020,92,87,5,5
78021,111,111,0,0
78022,100,114,-14,14
78023,96,94,2,2
78024,166,152,14,14
78025,137,145,-8,8
78026,72,68,4,4
78027,115,117,-2,2
78028,88,84,4,4
78029,91,91,0,0
78030,103,105,-2,2
78031,47,59,-12,12
78032,86,88,-2,2
78033,136,127,9,9
78034,157,156,1,1
78035,124,125,-1,1
78036,137,134,3,3
78037,101,105,-4,4
78038,74,68,6,6
78039,85,74,11,11
78040,45,50,-5,5
78041,168,158,10,10
78042,115,106,9,9
78043,116,130,-14,14
78044,84,90,-6,6
78045,102,103,-1,1
78046,59,73,-14,14
78047,106,112,-6,6
78048,60,70,-10,10
78049,123,115,8,8
78050,85,74,11,11
78051,60,66,-6,6
78052,82,69,13,13
78053,160,143,17,17
78054,82,82,0,0
78055,83,86,-3,3
78056,73,79,-6,6
78057,113,115,-2,2
78058,95,84,11,11
78059,100,94,6,6
78060,40,50,-10,10
78061,80,83,-3,3
78062,110,107,3,3
78063,144,146,-2,2
78064,115,104,11,11
78065,64,72,-8,8
78066,119,108,11,11
78067,102,106,-4,4
78068,159,136,23,23
78069,104,98,6,6
78070,91,90,1,1
78071,133,131,2,2
78072,98,97,1,1
78073,96,103,-7,7
78074,134,128,6,6
78075,160,150,10,10
78076,59,69,-10,10
78077,74,78,-4,4
78078,106,95,11,11
78079,64,60,4,4
78080,90,95,-5,5
78081,67,64,3,3
78082,100,100,0,0
78083,68,68,0,0
78084,159,151,8,8
78085,87,89,-2,2
78086,123,130,-7,7
78087,78,78,0,0
78088,95,87,8,8
78089,56,70,-14,14
78090,102,103,-1,1
78091,108,96,12,12
78092,73,69,4,4
78093,111,110,1,1
78094,137,130,7,7
78095,84,87,-3,3
78096,89,81,8,8
78097,70,76,-6,6
78098,78,81,-3,3
78099,152,147,5,5
78100,81,84,-3,3
78101,49,56,-7,7
78102,69,71,-2,2
78103,102,89,13,13
78104,62,65,-3,3
78105,91,91,0,0
78106,72,66,6,6
78107,47,51,-4,4
78108,184,159,25,25
78109,103,92,11,11
78110,69,74,-5,5
78111,51,58,-7,7
78112,120,131,-11,11
78113,105,86,19,19
78114,46,54,-8,8
78115,75,73,2,2
78116,71,67,4,4
78117,45,55,-10,10
78118,80,87,-7,7
78119,79,92,-13,13
78120,78,75,3,3
78121,62,72,-10,10
78122,86,83,3,3
78123,122,121,1,1
78124,101,93,8,8
78125,72,71,1,1
78126,141,137,4,4
78127,69,73,-4,4
78128,93,87,6,6
78129,55,52,3,3
78130,121,116,5,5
78131,105,108,-3,3
78132,99,86,13,13
78133,195,174,21,21
78134,76,76,0,0
78135,124,115,9,9
78136,100,84,16,16
78137,152,152,0,0
78138,108,103,5,5
78139,49,51,-2,2
78140,176,162,14,14
78141,104,192,-88,88
78142,81,65,16,16
78143,97,93,4,4
78144,58,58,0,0
78145,110,104,6,6
78146,55,63,-8,8
78147,69,66,3,3
78148,107,132,-25,25
78149,71,64,7,7
78150,88,87,1,1
78151,43,55,-12,12
78152,117,119,-2,2
78153,81,66,15,15
78154,75,78,-3,3
78155,108,108,0,0
78156,63,64,-1,1
78157,74,80,-6,6
78158,68,68,0,0
78159,62,62,0,0
78160,52,52,0,0
78161,78,86,-8,8
78162,108,117,-9,9
78163,188,161,27,27
78164,61,63,-2,2
78165,77,73,4,4
78166,97,89,8,8
78167,67,88,-21,21
78168,77,104,-27,27
78169,91,93,-2,2
78170,69,70,-1,1
78171,131,135,-4,4
78172,56,55,1,1
78173,49,56,-7,7
78174,126,125,1,1
78175,114,112,2,2
78176,90,92,-2,2
78177,75,84,-9,9
78178,83,74,9,9
78179,92,98,-6,6
78180,83,85,-2,2
78181,89,74,15,15
78182,85,82,3,3
78183,70,63,7,7
78184,108,108,0,0
78185,71,75,-4,4
78186,68,63,5,5
78187,70,72,-2,2
78188,107,113,-6,6
78189,58,62,-4,4
78190,51,52,-1,1
78191,55,64,-9,9
78192,161,163,-2,2
78193,46,61,-15,15
78194,92,88,4,4
78195,154,146,8,8
78196,83,86,-3,3
78197,128,123,5,5
78198,73,74,-1,1
78199,87,86,1,1
78200,122,114,8,8
78201,108,91,17,17
78202,76,90,-14,14
78203,59,65,-6,6
78204,83,86,-3,3
78205,92,94,-2,2
78206,96,95,1,1
78207,105,92,13,13
78208,58,63,-5,5
78209,81,75,6,6
78210,110,99,11,11
78211,44,53,-9,9
78212,81,78,3,3
78213,63,70,-7,7
78214,78,78,0,0
78215,68,72,-4,4
78216,120,128,-8,8
78217,181,168,13,13
78218,141,139,2,2
78219,178,159,19,19
78220,64,56,8,8
78221,72,73,-1,1
78222,45,50,-5,5
78223,143,128,15,15
78224,145,129,16,16
78225,111,112,-1,1
78226,86,84,2,2
78227,125,133,-8,8
78228,79,81,-2,2
78229,67,73,-6,6
78230,173,155,18,18
78231,81,83,-2,2
78232,88,95,-7,7
78233,63,66,-3,3
78234,66,90,-24,24
78235,96,89,7,7
78236,100,75,25,25
78237,57,55,2,2
78238,125,114,11,11
78239,156,148,8,8
78240,125,122,3,3
78241,133,131,2,2
78242,66,65,1,1
78243,159,163,-4,4
78244,44,63,-19,19
78245,67,60,7,7
78246,105,104,1,1
78247,77,75,2,2
78248,64,70,-6,6
78249,62,85,-23,23
78250,69,65,4,4
78251,163,149,14,14
78252,62,62,0,0
78253,50,54,-4,4
78254,100,101,-1,1
78255,108,101,7,7
78256,70,65,5,5
78257,97,91,6,6
78258,83,76,7,7
78259,137,146,-9,9
78260,70,68,2,2
78261,122,100,22,22
78262,79,85,-6,6
78263,52,73,-21,21
78264,86,94,-8,8
78265,93,85,8,8
78266,93,107,-14,14
78267,62,63,-1,1
78268,109,94,15,15
78269,107,110,-3,3
78270,83,85,-2,2
78271,57,60,-3,3
78272,61,66,-5,5
78273,43,51,-8,8
78274,156,135,21,21
78275,102,94,8,8
78276,56,66,-10,10
78277,199,180,19,19
78278,103,105,-2,2
78279,77,79,-2,2
78280,147,157,-10,10
78281,99,110,-11,11
78282,74,110,-36,36
78283,71,64,7,7
78284,142,136,6,6
78285,72,63,9,9
78286,28,84,-56,56
78287,99,109,-10,10
78288,145,148,-3,3
78289,51,51,0,0
78290,132,134,-2,2
78291,102,102,0,0
78292,69,72,-3,3
78293,142,138,4,4
78294,52,53,-1,1
78295,87,95,-8,8
78296,122,124,-2,2
78297,93,102,-9,9
78298,85,90,-5,5
78299,101,97,4,4
78300,88,92,-4,4
78301,64,61,3,3
78302,131,125,6,6
78303,91,92,-1,1
78304,174,154,20,20
78305,50,53,-3,3
78306,78,85,-7,7
78307,76,84,-8,8
78308,118,116,2,2
78309,56,60,-4,4
78310,53,55,-2,2
78311,98,105,-7,7
78312,119,121,-2,2
78313,133,131,2,2
78314,66,64,2,2
78315,117,124,-7,7
78316,94,92,2,2
78317,79,84,-5,5
78318,114,114,0,0
78319,96,84,12,12
78320,81,85,-4,4
78321,83,85,-2,2
78322,74,78,-4,4
78323,89,87,2,2
78324,73,81,-8,8
78325,160,157,3,3
78326,120,111,9,9
78327,52,52,0,0
78328,127,129,-2,2
78329,93,89,4,4
78330,108,115,-7,7
78331,95,96,-1,1
78332,75,75,0,0
78333,124,111,13,13
78334,90,92,-2,2
78335,101,105,-4,4
78336,44,53,-9,9
78337,113,107,6,6
78338,64,72,-8,8
78339,135,128,7,7
78340,147,140,7,7
78341,112,114,-2,2
78342,63,65,-2,2
78343,91,102,-11,11
78344,93,75,18,18
78345,116,110,6,6
78346,124,131,-7,7
78347,127,130,-3,3
78348,114,122,-8,8
78349,137,113,24,24
78350,56,58,-2,2
78351,54,56,-2,2
78352,78,82,-4,4
78353,71,72,-1,1
78354,72,74,-2,2
78355,67,72,-5,5
78356,48,51,-3,3
78357,115,135,-20,20
78358,53,55,-2,2
78359,95,92,3,3
78360,56,66,-10,10
78361,45,50,-5,5
78362,209,194,15,15
78363,85,95,-10,10
78364,80,77,3,3
78365,139,145,-6,6
78366,64,62,2,2
78367,83,88,-5,5
78368,121,115,6,6
78369,102,111,-9,9
78370,94,90,4,4
78371,119,115,4,4
78372,59,61,-2,2
78373,61,83,-22,22
78374,74,70,4,4
78375,76,75,1,1
78376,91,95,-4,4
78377,132,118,14,14
78378,54,55,-1,1
78379,74,71,3,3
78380,96,87,9,9
78381,60,68,-8,8
78382,91,96,-5,5
78383,102,104,-2,2
78384,131,128,3,3
78385,95,89,6,6
78386,35,50,-15,15
78387,70,77,-7,7
78388,115,104,11,11
78389,63,64,-1,1
78390,70,78,-8,8
78391,73,70,3,3
78392,79,81,-2,2
78393,114,118,-4,4
78394,75,87,-12,12
78395,103,100,3,3
78396,111,105,6,6
78397,110,115,-5,5
78398,55,57,-2,2
78399,89,97,-8,8
78400,53,62,-9,9
78401,114,106,8,8
78402,104,105,-1,1
78403,45,50,-5,5
78404,122,116,6,6
78405,72,75,-3,3
78406,140,134,6,6
78407,132,121,11,11
78408,127,153,-26,26
78409,133,129,4,4
78410,66,65,1,1
78411,99,100,-1,1
78412,112,113,-1,1
78413,104,85,19,19
78414,143,135,8,8
78415,107,98,9,9
78416,122,120,2,2
78417,166,162,4,4
78418,169,164,5,5
78419,165,171,-6,6
78420,147,127,20,20
78421,63,60,3,3
78422,71,74,-3,3
78423,59,56,3,3
78424,127,129,-2,2
78425,168,152,16,16
78426,43,50,-7,7
78427,103,93,10,10
78428,109,102,7,7
78429,99,103,-4,4
78430,71,71,0,0
78431,94,94,0,0
78432,104,102,2,2
78433,96,97,-1,1
78434,85,78,7,7
78435,122,104,18,18
78436,85,87,-2,2
78437,49,54,-5,5
78438,44,65,-21,21
78439,65,60,5,5
78440,78,80,-2,2
78441,117,113,4,4
78442,103,94,9,9
78443,106,93,13,13
78444,97,104,-7,7
78445,167,182,-15,15
78446,50,54,-4,4
78447,134,122,12,12
78448,100,110,-10,10
78449,81,80,1,1
78450,108,116,-8,8
78451,55,60,-5,5
78452,82,84,-2,2
78453,94,113,-19,19
78454,94,90,4,4
78455,61,60,1,1
78456,141,138,3,3
78457,79,80,-1,1
78458,71,81,-10,10
78459,48,55,-7,7
78460,140,141,-1,1
78461,70,75,-5,5
78462,63,63,0,0
78463,137,126,11,11
78464,40,50,-10,10
78465,103,97,6,6
78466,67,76,-9,9
78467,82,78,4,4
78468,119,122,-3,3
78469,131,127,4,4
78470,77,93,-16,16
78471,98,92,6,6
78472,148,154,-6,6
78473,91,85,6,6
78474,95,99,-4,4
78475,60,58,2,2
78476,72,74,-2,2
78477,123,119,4,4
78478,68,65,3,3
78479,124,131,-7,7
78480,128,126,2,2
78481,114,115,-1,1
78482,90,88,2,2
78483,108,111,-3,3
78484,114,108,6,6
78485,33,57,-24,24
78486,95,95,0,0
78487,113,111,2,2
78488,57,56,1,1
78489,71,68,3,3
78490,110,100,10,10
78491,67,73,-6,6
78492,59,62,-3,3
78493,105,107,-2,2
78494,132,121,11,11
78495,93,103,-10,10
78496,90,97,-7,7
78497,134,122,12,12
78498,32,50,-18,18
78499,108,145,-37,37
78500,81,69,12,12
78501,94,95,-1,1
78502,116,124,-8,8
78503,131,130,1,1
78504,63,73,-10,10
78505,96,96,0,0
78506,71,62,9,9
78507,71,61,10,10
78508,79,87,-8,8
78509,115,109,6,6
78510,48,67,-19,19
78511,85,79,6,6
78512,113,105,8,8
78513,89,91,-2,2
78514,131,126,5,5
78515,91,94,-3,3
78516,72,66,6,6
78517,169,157,12,12
78518,133,130,3,3
78519,176,163,13,13
78520,118,123,-5,5
78521,71,78,-7,7
78522,65,71,-6,6
78523,144,123,21,21
78524,72,80,-8,8
78525,70,76,-6,6
78526,70,70,0,0
78527,117,104,13,13
78528,97,95,2,2
78529,57,59,-2,2
78530,61,80,-19,19
78531,80,77,3,3
78532,92,91,1,1
78533,85,89,-4,4
78534,125,111,14,14
78535,90,100,-10,10
78536,80,73,7,7
78537,71,75,-4,4
78538,149,132,17,17
78539,69,65,4,4
78540,104,99,5,5
78541,95,92,3,3
78542,129,109,20,20
78543,144,125,19,19
78544,61,61,0,0
78545,130,114,16,16
78546,144,133,11,11
78547,39,50,-11,11
78548,114,107,7,7
78549,48,51,-3,3
78550,94,86,8,8
78551,92,86,6,6
78552,101,87,14,14
78553,79,85,-6,6
78554,113,101,12,12
78555,69,73,-4,4
78556,41,52,-11,11
78557,69,75,-6,6
78558,108,108,0,0
78559,66,64,2,2
78560,93,82,11,11
78561,86,80,6,6
78562,79,74,5,5
78563,80,86,-6,6
78564,87,79,8,8
78565,179,164,15,15
78566,67,70,-3,3
78567,71,79,-8,8
78568,86,77,9,9
78569,92,96,-4,4
78570,109,111,-2,2
78571,45,53,-8,8
78572,84,81,3,3
78573,158,153,5,5
78574,92,85,7,7
78575,75,71,4,4
78576,84,83,1,1
78577,65,73,-8,8
78578,104,94,10,10
78579,44,50,-6,6
78580,198,162,36,36
78581,124,118,6,6
78582,134,120,14,14
78583,122,112,10,10
78584,77,75,2,2
78585,103,100,3,3
78586,98,91,7,7
78587,59,56,3,3
78588,87,70,17,17
78589,74,67,7,7
78590,67,73,-6,6
78591,85,85,0,0
78592,79,71,8,8
78593,96,102,-6,6
78594,121,120,1,1
78595,98,109,-11,11
78596,145,129,16,16
78597,110,106,4,4
78598,144,145,-1,1
78599,85,83,2,2
78600,114,123,-9,9
78601,95,94,1,1
78602,51,59,-8,8
78603,97,93,4,4
78604,81,69,12,12
78605,81,79,2,2
78606,85,84,1,1
78607,154,152,2,2
78608,125,122,3,3
78609,97,103,-6,6
78610,161,146,15,15
78611,144,124,20,20
78612,127,119,8,8
78613,88,84,4,4
78614,180,168,12,12
78615,90,95,-5,5
78616,66,71,-5,5
78617,95,90,5,5
78618,94,103,-9,9
78619,75,81,-6,6
78620,65,72,-7,7
78621,111,121,-10,10
78622,67,62,5,5
78623,86,93,-7,7
78624,141,125,16,16
78625,102,100,2,2
78626,142,144,-2,2
78627,188,180,8,8
78628,62,55,7,7
78629,104,112,-8,8
78630,63,61,2,2
78631,100,93,7,7
78632,148,136,12,12
78633,103,108,-5,5
78634,122,130,-8,8
78635,69,70,-1,1
78636,89,86,3,3
78637,113,92,21,21
78638,135,133,2,2
78639,158,140,18,18
78640,74,63,11,11
78641,54,54,0,0
78642,106,104,2,2
78643,56,81,-25,25
78644,113,107,6,6
78645,95,82,13,13
78646,134,128,6,6
78647,73,74,-1,1
78648,51,53,-2,2
78649,50,50,0,0
78650,33,50,-17,17
78651,130,117,13,13
78652,111,120,-9,9
78653,58,58,0,0
78654,103,98,5,5
78655,136,141,-5,5
78656,99,99,0,0
78657,99,95,4,4
78658,116,108,8,8
78659,149,139,10,10
78660,69,70,-1,1
78661,81,91,-10,10
78662,57,59,-2,2
78663,85,79,6,6
78664,78,95,-17,17
78665,94,91,3,3
78666,112,104,8,8
78667,141,117,24,24
78668,133,121,12,12
78669,85,95,-10,10
78670,100,107,-7,7
78671,62,58,4,4
78672,121,114,7,7
78673,54,58,-4,4
78674,154,148,6,6
78675,142,125,17,17
78676,104,120,-16,16
78677,103,99,4,4
78678,70,65,5,5
78679,118,116,2,2
78680,115,116,-1,1
78681,145,143,2,2
78682,106,111,-5,5
78683,114,114,0,0
78684,87,81,6,6
78685,155,137,18,18
78686,142,133,9,9
78687,132,124,8,8
78688,94,90,4,4
78689,142,139,3,3
78690,150,144,6,6
78691,53,59,-6,6
78692,94,91,3,3
78693,85,98,-13,13
78694,62,68,-6,6
78695,53,53,0,0
78696,81,89,-8,8
78697,175,172,3,3
78698,55,53,2,2
78699,72,83,-11,11
78700,93,87,6,6
78701,73,82,-9,9
78702,47,56,-9,9
78703,67,70,-3,3
78704,117,112,5,5
78705,104,106,-2,2
78706,76,75,1,1
78707,99,85,14,14
78708,131,119,12,12
78709,84,91,-7,7
78710,105,116,-11,11
78711,157,133,24,24
78712,111,117,-6,6
78713,91,93,-2,2
78714,74,80,-6,6
78715,79,79,0,0
78716,103,94,9,9
78717,119,112,7,7
78718,163,135,28,28
78719,69,72,-3,3
78720,112,107,5,5
78721,55,63,-8,8
78722,97,100,-3,3
78723,99,89,10,10
78724,58,66,-8,8
78725,125,108,17,17
78726,88,78,10,10
78727,81,80,1,1
78728,158,162,-4,4
78729,55,71,-16,16
78730,114,119,-5,5
78731,95,93,2,2
78732,87,104,-17,17
78733,139,126,13,13
78734,79,75,4,4
78735,75,66,9,9
78736,56,59,-3,3
78737,113,130,-17,17
78738,148,139,9,9
78739,160,139,21,21
78740,97,92,5,5
78741,88,88,0,0
78742,89,86,3,3
78743,101,98,3,3
78744,53,59,-6,6
78745,97,110,-13,13
78746,67,70,-3,3
78747,117,105,12,12
78748,72,64,8,8
78749,40,50,-10,10
78750,48,51,-3,3
78751,88,80,8,8
78752,95,80,15,15
78753,132,120,12,12
78754,63,60,3,3
78755,95,93,2,2
78756,84,84,0,0
78757,33,50,-17,17
78758,70,70,0,0
78759,154,149,5,5
78760,163,153,10,10
78761,175,160,15,15
78762,92,88,4,4
78763,150,149,1,1
78764,67,70,-3,3
78765,127,128,-1,1
78766,131,122,9,9
78767,194,171,23,23
78768,113,107,6,6
78769,106,103,3,3
78770,88,81,7,7
78771,75,72,3,3
78772,56,69,-13,13
78773,86,97,-11,11
78774,66,62,4,4
78775,171,164,7,7
78776,127,120,7,7
78777,110,106,4,4
78778,93,96,-3,3
78779,89,87,2,2
78780,72,81,-9,9
78781,98,87,11,11
78782,77,79,-2,2
78783,93,91,2,2
78784,112,96,16,16
78785,68,65,3,3
78786,104,113,-9,9
78787,78,75,3,3
78788,69,79,-10,10
78789,48,51,-3,3
78790,65,70,-5,5
78791,109,111,-2,2
78792,90,105,-15,15
78793,141,134,7,7
78794,100,102,-2,2
78795,133,133,0,0
78796,110,101,9,9
78797,54,55,-1,1
78798,71,70,1,1
78799,144,138,6,6
78800,57,69,-12,12
78801,88,89,-1,1
78802,107,99,8,8
78803,128,122,6,6
78804,93,96,-3,3
78805,136,136,0,0
78806,107,92,15,15
78807,151,141,10,10
78808,114,110,4,4
78809,67,63,4,4
78810,94,93,1,1
78811,90,84,6,6
78812,105,94,11,11
78813,132,119,13,13
78814,90,87,3,3
78815,120,124,-4,4
78816,91,100,-9,9
78817,155,151,4,4
78818,62,63,-1,1
78819,109,101,8,8
78820,100,106,-6,6
78821,160,139,21,21
78822,96,94,2,2
78823,104,109,-5,5
78824,93,92,1,1
78825,72,70,2,2
78826,59,76,-17,17
78827,74,70,4,4
78828,83,73,10,10
78829,92,84,8,8
78830,100,105,-5,5
78831,87,85,2,2
78832,122,120,2,2
78833,78,77,1,1
78834,79,69,10,10
78835,138,121,17,17
78836,158,148,10,10
78837,75,76,-1,1
78838,100,94,6,6
78839,134,121,13,13
78840,138,153,-15,15
78841,82,90,-8,8
78842,52,52,0,0
78843,74,77,-3,3
78844,60,58,2,2
78845,49,58,-9,9
78846,45,58,-13,13
78847,83,82,1,1
78848,55,58,-3,3
78849,74,68,6,6
78850,96,90,6,6
78851,71,73,-2,2
78852,73,71,2,2
78853,104,113,-9,9
78854,57,54,3,3
78855,79,79,0,0
78856,109,109,0,0
78857,65,62,3,3
78858,129,143,-14,14
78859,75,70,5,5
78860,209,186,23,23
78861,102,95,7,7
78862,102,108,-6,6
78863,142,130,12,12
78864,140,115,25,25
78865,44,50,-6,6
78866,102,108,-6,6
78867,89,78,11,11
78868,86,81,5,5
78869,85,82,3,3
78870,88,82,6,6
78871,77,83,-6,6
78872,123,129,-6,6
78873,62,73,-11,11
78874,163,155,8,8
78875,114,114,0,0
78876,55,62,-7,7
78877,112,116,-4,4
78878,125,121,4,4
78879,123,122,1,1
78880,96,94,2,2
78881,111,104,7,7
78882,136,123,13,13
78883,75,72,3,3
78884,134,136,-2,2
78885,77,85,-8,8
78886,98,99,-1,1
78887,94,90,4,4
78888,77,80,-3,3
78889,83,79,4,4
78890,97,87,10,10
78891,82,82,0,0
78892,126,122,4,4
78893,159,156,3,3
78894,100,109,-9,9
78895,100,114,-14,14
78896,121,119,2,2
78897,117,99,18,18
78898,81,79,2,2
78899,90,88,2,2
78900,68,67,1,1
78901,110,110,0,0
78902,118,129,-11,11
78903,97,93,4,4
78904,81,71,10,10
78905,105,103,2,2
78906,95,86,9,9
78907,66,84,-18,18
78908,109,111,-2,2
78909,141,140,1,1
78910,52,64,-12,12
78911,80,71,9,9
78912,93,84,9,9
78913,76,75,1,1
78914,111,111,0,0
78915,107,98,9,9
78916,132,125,7,7
78917,100,100,0,0
78918,138,128,10,10
78919,122,111,11,11
78920,105,106,-1,1
78921,85,85,0,0
78922,96,83,13,13
78923,60,58,2,2
78924,106,102,4,4
78925,47,64,-17,17
78926,97,93,4,4
78927,36,50,-14,14
78928,111,99,12,12
78929,121,130,-9,9
78930,85,73,12,12
78931,95,86,9,9
78932,78,78,0,0
78933,113,118,-5,5
78934,72,69,3,3
78935,110,116,-6,6
78936,38,50,-12,12
78937,133,130,3,3
78938,52,75,-23,23
78939,49,54,-5,5
78940,57,56,1,1
78941,209,165,44,44
78942,93,99,-6,6
78943,62,63,-1,1
78944,51,56,-5,5
78945,82,107,-25,25
78946,77,73,4,4
78947,165,149,16,16
78948,58,61,-3,3
78949,108,103,5,5
78950,43,53,-10,10
78951,83,85,-2,2
78952,92,90,2,2
78953,127,118,9,9
78954,47,51,-4,4
78955,78,77,1,1
78956,62,63,-1,1
78957,136,123,13,13
78958,121,124,-3,3
78959,79,83,-4,4
78960,83,94,-11,11
78961,100,104,-4,4
78962,86,102,-16,16
78963,89,94,-5,5
78964,74,65,9,9
78965,133,131,2,2
78966,107,107,0,0
78967,89,83,6,6
78968,72,67,5,5
78969,78,83,-5,5
78970,52,54,-2,2
78971,94,94,0,0
78972,107,105,2,2
78973,61,57,4,4
78974,224,200,24,24
78975,75,65,10,10
78976,53,55,-2,2
78977,95,97,-2,2
78978,63,59,4,4
78979,133,134,-1,1
78980,45,50,-5,5
78981,65,60,5,5
78982,93,90,3,3
78983,68,74,-6,6
78984,86,89,-3,3
78985,116,114,2,2
78986,112,112,0,0
78987,79,71,8,8
78988,83,75,8,8
78989,136,144,-8,8
78990,58,59,-1,1
78991,98,92,6,6
78992,216,216,0,0
78993,135,130,5,5
78994,87,84,3,3
78995,99,93,6,6
78996,85,83,2,2
78997,57,55,2,2
78998,69,65,4,4
78999,72,71,1,1
79000,42,51,-9,9
79001,50,53,-3,3
79002,120,116,4,4
79003,43,51,-8,8
79004,58,55,3,3
79005,64,75,-11,11
79006,47,54,-7,7
79007,118,107,11,11
79008,91,114,-23,23
79009,115,116,-1,1
79010,132,132,0,0
79011,124,121,3,3
79012,127,140,-13,13
79013,90,85,5,5
79014,142,143,-1,1
79015,72,75,-3,3
79016,91,97,-6,6
79017,93,98,-5,5
79018,159,156,3,3
79019,76,81,-5,5
79020,89,97,-8,8
79021,127,104,23,23
79022,76,75,1,1
79023,101,90,11,11
79024,95,94,1,1
79025,82,82,0,0
79026,109,108,1,1
79027,108,102,6,6
79028,84,87,-3,3
79029,184,179,5,5
79030,77,72,5,5
79031,92,78,14,14
79032,57,61,-4,4
79033,104,92,12,12
79034,118,120,-2,2
79035,111,108,3,3
79036,78,65,13,13
79037,122,109,13,13
79038,72,66,6,6
79039,106,94,12,12
79040,61,57,4,4
79041,106,107,-1,1
79042,122,122,0,0
79043,119,116,3,3
79044,141,125,16,16
79045,114,110,4,4
79046,124,113,11,11
79047,86,78,8,8
79048,43,56,-13,13
79049,177,174,3,3
79050,169,185,-16,16
79051,100,102,-2,2
79052,70,71,-1,1
79053,80,83,-3,3
79054,82,84,-2,2
79055,97,90,7,7
79056,112,101,11,11
79057,122,113,9,9
79058,62,60,2,2
79059,146,126,20,20
79060,77,84,-7,7
79061,95,96,-1,1
79062,167,148,19,19
79063,62,89,-27,27
79064,112,136,-24,24
79065,56,61,-5,5
79066,126,107,19,19
79067,127,113,14,14
79068,221,204,17,17
79069,180,169,11,11
79070,73,62,11,11
79071,53,59,-6,6
79072,82,90,-8,8
79073,58,57,1,1
79074,78,74,4,4
79075,130,124,6,6
79076,39,50,-11,11
79077,93,116,-23,23
79078,87,78,9,9
79079,82,76,6,6
79080,130,129,1,1
79081,74,72,2,2
79082,93,89,4,4
79083,69,77,-8,8
79084,57,59,-2,2
79085,79,74,5,5
79086,120,116,4,4
79087,91,81,10,10
79088,99,107,-8,8
79089,100,95,5,5
79090,93,91,2,2
79091,78,81,-3,3
79092,82,86,-4,4
79093,242,219,23,23
79094,154,151,3,3
79095,63,61,2,2
79096,52,53,-1,1
79097,106,102,4,4
79098,87,102,-15,15
79099,106,110,-4,4
79100,36,50,-14,14
79101,108,129,-21,21
79102,153,185,-32,32
79103,44,59,-15,15
79104,119,115,4,4
79105,51,54,-3,3
79106,156,139,17,17
79107,114,129,-15,15
79108,123,119,4,4
79109,149,139,10,10
79110,90,83,7,7
79111,67,69,-2,2
79112,179,173,6,6
79113,123,119,4,4
79114,88,88,0,0
79115,211,199,12,12
79116,149,138,11,11
79117,58,57,1,1
79118,85,83,2,2
79119,94,90,4,4
79120,125,130,-5,5
79121,50,56,-6,6
79122,78,70,8,8
79123,91,86,5,5
79124,166,159,7,7
79125,89,82,7,7
79126,55,64,-9,9
79127,140,136,4,4
79128,122,123,-1,1
79129,92,77,15,15
79130,59,62,-3,3
79131,112,120,-8,8
79132,97,98,-1,1
79133,109,112,-3,3
79134,121,143,-22,22
79135,75,75,0,0
79136,80,75,5,5
79137,104,103,1,1
79138,130,130,0,0
79139,148,150,-2,2
79140,54,54,0,0
79141,121,108,13,13
79142,65,82,-17,17
79143,51,58,-7,7
79144,142,123,19,19
79145,40,50,-10,10
79146,58,62,-4,4
79147,92,90,2,2
79148,71,73,-2,2
79149,96,94,2,2
79150,118,111,7,7
79151,54,63,-9,9
79152,91,97,-6,6
79153,70,64,6,6
79154,85,81,4,4
79155,47,61,-14,14
79156,137,133,4,4
79157,88,97,-9,9
79158,73,75,-2,2
79159,99,96,3,3
79160,68,70,-2,2
79161,174,176,-2,2
79162,119,126,-7,7
79163,84,84,0,0
79164,103,118,-15,15
79165,174,169,5,5
79166,98,95,3,3
79167,86,76,10,10
79168,101,105,-4,4
79169,88,75,13,13
79170,78,71,7,7
79171,94,89,5,5
79172,131,125,6,6
79173,104,94,10,10
79174,89,97,-8,8
79175,104,120,-16,16
79176,43,52,-9,9
79177,85,84,1,1
79178,66,71,-5,5
79179,108,118,-10,10
79180,89,102,-13,13
79181,54,57,-3,3
79182,75,74,1,1
79183,85,93,-8,8
79184,94,92,2,2
79185,58,60,-2,2
79186,191,181,10,10
79187,63,59,4,4
79188,73,67,6,6
79189,92,92,0,0
79190,125,113,12,12
79191,90,89,1,1
79192,128,127,1,1
79193,38,51,-13,13
79194,84,72,12,12
79195,85,81,4,4
79196,147,139,8,8
79197,54,53,1,1
79198,78,78,0,0
79199,117,107,10,10
79200,78,82,-4,4
79201,83,75,8,8
79202,125,151,-26,26
79203,108,108,0,0
79204,94,93,1,1
79205,45,50,-5,5
79206,120,119,1,1
79207,86,83,3,3
79208,85,86,-1,1
79209,50,53,-3,3
79210,89,87,2,2
79211,90,85,5,5
79212,75,74,1,1
79213,110,113,-3,3
79214,82,81,1,1
79215,140,138,2,2
79216,102,105,-3,3
79217,78,83,-5,5
79218,90,89,1,1
79219,49,54,-5,5
79220,60,58,2,2
79221,128,141,-13,13
79222,91,97,-6,6
79223,94,94,0,0
79224,101,94,7,7
79225,90,84,6,6
79226,115,109,6,6
79227,111,94,17,17
79228,110,121,-11,11
79229,64,68,-4,4
79230,112,96,16,16
79231,88,99,-11,11
79232,108,97,11,11
79233,100,101,-1,1
79234,66,65,1,1
79235,142,122,20,20
79236,64,65,-1,1
79237,140,134,6,6
79238,124,119,5,5
79239,66,67,-1,1
79240,99,91,8,8
79241,78,72,6,6
79242,103,110,-7,7
79243,121,117,4,4
79244,96,90,6,6
79245,30,50,-20,20
79246,69,63,6,6
79247,97,88,9,9
79248,81,73,8,8
79249,72,70,2,2
79250,93,85,8,8
79251,84,93,-9,9
79252,84,92,-8,8
79253,98,99,-1,1
79254,57,71,-14,14
79255,81,82,-1,1
79256,88,94,-6,6
79257,98,96,2,2
79258,171,159,12,12
79259,76,76,0,0
79260,126,133,-7,7
79261,90,91,-1,1
79262,91,82,9,9
79263,94,85,9,9
79264,91,82,9,9
79265,122,123,-1,1
79266,81,87,-6,6
79267,86,104,-18,18
79268,79,78,1,1
79269,76,82,-6,6
79270,97,105,-8,8
79271,125,147,-22,22
79272,125,128,-3,3
79273,62,64,-2,2
79274,63,64,-1,1
79275,81,82,-1,1
79276,115,96,19,19
79277,162,162,0,0
79278,103,98,5,5
79279,64,65,-1,1
79280,153,139,14,14
79281,69,79,-10,10
79282,132,122,10,10
79283,76,68,8,8
79284,63,75,-12,12
79285,65,65,0,0
79286,89,85,4,4
79287,165,141,24,24
79288,84,79,5,5
79289,89,82,7,7
79290,130,124,6,6
79291,73,65,8,8
79292,110,120,-10,10
79293,157,138,19,19
79294,82,85,-3,3
79295,100,98,2,2
79296,128,123,5,5
79297,122,121,1,1
79298,102,101,1,1
79299,102,92,10,10
79300,86,76,10,10
79301,124,125,-1,1
79302,157,145,12,12
79303,104,101,3,3
79304,94,95,-1,1
79305,59,56,3,3
79306,103,97,6,6
79307,78,72,6,6
79308,73,74,-1,1
79309,76,76,0,0
79310,112,127,-15,15
79311,103,113,-10,10
79312,159,133,26,26
79313,42,52,-10,10
79314,83,77,6,6
79315,108,107,1,1
79316,129,121,8,8
79317,129,126,3,3
79318,145,132,13,13
79319,70,70,0,0
79320,71,66,5,5
79321,60,63,-3,3
79322,100,97,3,3
79323,173,164,9,9
79324,156,140,16,16
79325,101,98,3,3
79326,99,98,1,1
79327,130,126,4,4
79328,68,125,-57,57
79329,138,129,9,9
79330,138,137,1,1
79331,126,127,-1,1
79332,74,68,6,6
79333,75,72,3,3
79334,79,73,6,6
79335,67,68,-1,1
79336,80,122,-42,42
79337,86,76,10,10
79338,57,59,-2,2
79339,111,122,-11,11
79340,95,96,-1,1
79341,85,77,8,8
79342,88,81,7,7
79343,72,67,5,5
79344,22,110,-88,88
79345,97,84,13,13
79346,130,115,15,15
79347,55,55,0,0
79348,95,88,7,7
79349,86,85,1,1
79350,53,55,-2,2
79351,66,63,3,3
79352,122,133,-11,11
79353,130,132,-2,2
79354,135,131,4,4
79355,47,51,-4,4
79356,65,102,-37,37
79357,46,50,-4,4
79358,155,135,20,20
79359,60,63,-3,3
79360,75,78,-3,3
79361,97,89,8,8
79362,142,123,19,19
79363,57,60,-3,3
79364,80,77,3,3
79365,44,50,-6,6
79366,107,107,0,0
79367,39,57,-18,18
79368,163,165,-2,2
79369,152,164,-12,12
79370,119,115,4,4
79371,98,83,15,15
79372,67,77,-10,10
79373,61,57,4,4
79374,99,97,2,2
79375,62,65,-3,3
79376,68,64,4,4
79377,72,75,-3,3
79378,83,88,-5,5
79379,103,92,11,11
79380,116,127,-11,11
79381,122,124,-2,2
79382,88,93,-5,5
79383,129,122,7,7
79384,86,84,2,2
79385,82,85,-3,3
79386,83,90,-7,7
79387,71,83,-12,12
79388,77,77,0,0
79389,100,104,-4,4
79390,206,195,11,11
79391,152,173,-21,21
79392,58,57,1,1
79393,141,138,3,3
79394,96,85,11,11
79395,149,129,20,20
79396,80,71,9,9
79397,48,51,-3,3
79398,75,77,-2,2
79399,95,90,5,5
79400,126,127,-1,1
79401,74,70,4,4
79402,95,90,5,5
79403,59,67,-8,8
79404,164,161,3,3
79405,95,91,4,4
79406,46,68,-22,22
79407,88,84,4,4
79408,135,145,-10,10
79409,140,127,13,13
79410,103,104,-1,1
79411,69,66,3,3
79412,144,129,15,15
79413,147,135,12,12
79414,105,116,-11,11
79415,154,127,27,27
79416,77,76,1,1
79417,74,78,-4,4
79418,132,123,9,9
79419,56,56,0,0
79420,48,52,-4,4
79421,77,74,3,3
79422,20,51,-31,31
79423,94,99,-5,5
79424,66,70,-4,4
79425,72,69,3,3
79426,130,119,11,11
79427,282,247,35,35
79428,139,114,25,25
79429,99,114,-15,15
79430,67,70,-3,3
79431,72,75,-3,3
79432,96,103,-7,7
79433,76,76,0,0
79434,119,111,8,8
79435,93,82,11,11
79436,61,66,-5,5
79437,79,72,7,7
79438,107,104,3,3
79439,152,154,-2,2
79440,85,74,11,11
79441,62,89,-27,27
79442,103,90,13,13
79443,59,55,4,4
79444,109,115,-6,6
79445,84,93,-9,9
79446,85,83,2,2
79447,77,89,-12,12
79448,182,174,8,8
79449,105,108,-3,3
79450,165,163,2,2
79451,101,97,4,4
79452,91,87,4,4
79453,93,91,2,2
79454,105,106,-1,1
79455,98,102,-4,4
79456,140,137,3,3
79457,150,135,15,15
79458,168,151,17,17
79459,155,143,12,12
79460,75,66,9,9
79461,56,54,2,2
79462,41,55,-14,14
79463,84,82,2,2
79464,46,53,-7,7
79465,168,161,7,7
79466,148,137,11,11
79467,92,93,-1,1
79468,93,89,4,4
79469,108,98,10,10
79470,52,56,-4,4
79471,100,95,5,5
79472,77,86,-9,9
79473,95,89,6,6
79474,67,66,1,1
79475,84,69,15,15
79476,107,104,3,3
79477,80,75,5,5
79478,104,101,3,3
79479,86,85,1,1
79480,90,81,9,9
79481,70,80,-10,10
79482,125,136,-11,11
79483,68,63,5,5
79484,125,123,2,2
79485,133,133,0,0
79486,77,73,4,4
79487,70,74,-4,4
79488,182,170,12,12
79489,114,100,14,14
79490,114,110,4,4
79491,183,176,7,7
79492,57,60,-3,3
79493,111,112,-1,1
79494,49,54,-5,5
79495,58,57,1,1
79496,97,107,-10,10
79497,141,147,-6,6
79498,133,131,2,2
79499,115,102,13,13
79500,142,131,11,11
79501,53,56,-3,3
79502,69,65,4,4
79503,152,132,20,20
79504,52,51,1,1
79505,145,143,2,2
79506,90,89,1,1
79507,125,116,9,9
79508,73,63,10,10
79509,72,69,3,3
79510,69,82,-13,13
79511,146,133,13,13
79512,149,147,2,2
79513,79,78,1,1
79514,105,112,-7,7
79515,65,61,4,4
79516,139,123,16,16
79517,123,117,6,6
79518,105,81,24,24
79519,40,51,-11,11
79520,65,67,-2,2
79521,134,127,7,7
79522,123,118,5,5
79523,127,115,12,12
79524,39,75,-36,36
79525,104,113,-9,9
79526,48,52,-4,4
79527,78,87,-9,9
79528,102,99,3,3
79529,72,61,11,11
79530,130,129,1,1
79531,107,107,0,0
79532,90,89,1,1
79533,85,80,5,5
79534,103,103,0,0
79535,118,112,6,6
79536,67,76,-9,9
79537,101,84,17,17
79538,108,99,9,9
79539,134,148,-14,14
79540,83,75,8,8
79541,103,102,1,1
79542,43,61,-18,18
79543,154,137,17,17
79544,137,135,2,2
79545,133,124,9,9
79546,165,143,22,22
79547,68,70,-2,2
79548,144,141,3,3
79549,112,113,-1,1
79550,96,95,1,1
79551,84,74,10,10
79552,131,114,17,17
79553,95,88,7,7
79554,166,150,16,16
79555,56,61,-5,5
79556,112,109,3,3
79557,55,57,-2,2
79558,88,89,-1,1
79559,81,71,10,10
79560,79,75,4,4
79561,105,106,-1,1
79562,52,56,-4,4
79563,131,123,8,8
79564,101,103,-2,2
79565,98,96,2,2
79566,60,56,4,4
79567,66,69,-3,3
79568,85,76,9,9
79569,81,76,5,5
79570,117,123,-6,6
79571,61,59,2,2
79572,74,76,-2,2
79573,64,67,-3,3
79574,61,60,1,1
79575,106,104,2,2
79576,82,80,2,2
79577,68,85,-17,17
79578,100,102,-2,2
79579,111,91,20,20
79580,73,79,-6,6
79581,110,108,2,2
79582,110,113,-3,3
79583,150,141,9,9
79584,119,125,-6,6
79585,140,141,-1,1
79586,107,98,9,9
79587,31,50,-19,19
79588,111,104,7,7
79589,93,96,-3,3
79590,73,75,-2,2
79591,75,80,-5,5
79592,106,119,-13,13
79593,46,57,-11,11
79594,169,161,8,8
79595,128,121,7,7
79596,189,185,4,4
79597,119,116,3,3
79598,61,56,5,5
79599,109,108,1,1
79600,129,115,14,14
79601,118,122,-4,4
79602,91,92,-1,1
79603,95,95,0,0
79604,106,91,15,15
79605,188,178,10,10
79606,78,74,4,4
79607,59,70,-11,11
79608,66,61,5,5
79609,62,60,2,2
79610,137,133,4,4
79611,82,82,0,0
79612,115,115,0,0
79613,102,106,-4,4
79614,50,72,-22,22
79615,119,122,-3,3
79616,159,158,1,1
79617,146,142,4,4
79618,62,60,2,2
79619,72,63,9,9
79620,82,79,3,3
79621,64,62,2,2
79622,74,72,2,2
79623,104,96,8,8
79624,169,127,42,42
79625,86,90,-4,4
79626,178,184,-6,6
79627,83,83,0,0
79628,115,114,1,1
79629,124,123,1,1
79630,123,148,-25,25
79631,90,92,-2,2
79632,51,53,-2,2
79633,99,95,4,4
79634,99,122,-23,23
79635,108,96,12,12
79636,124,109,15,15
79637,144,143,1,1
79638,128,136,-8,8
79639,70,69,1,1
79640,74,83,-9,9
79641,134,136,-2,2
79642,119,123,-4,4
79643,41,50,-9,9
79644,101,104,-3,3
79645,149,138,11,11
79646,121,112,9,9
79647,56,53,3,3
79648,108,104,4,4
79649,72,76,-4,4
79650,98,91,7,7
79651,67,63,4,4
79652,69,67,2,2
79653,89,86,3,3
79654,122,132,-10,10
79655,75,74,1,1
79656,80,85,-5,5
79657,184,185,-1,1
79658,80,78,2,2
79659,136,131,5,5
79660,85,83,2,2
79661,86,81,5,5
79662,99,106,-7,7
79663,161,162,-1,1
79664,106,112,-6,6
79665,86,88,-2,2
79666,160,150,10,10
79667,140,141,-1,1
79668,157,158,-1,1
79669,121,120,1,1
79670,61,64,-3,3
79671,108,105,3,3
79672,110,109,1,1
79673,101,93,8,8
79674,85,85,0,0
79675,125,123,2,2
79676,67,64,3,3
79677,64,61,3,3
79678,47,60,-13,13
79679,111,117,-6,6
79680,45,53,-8,8
79681,79,63,16,16
79682,102,98,4,4
79683,99,81,18,18
79684,121,117,4,4
79685,75,85,-10,10
79686,172,164,8,8
79687,67,68,-1,1
79688,111,103,8,8
79689,119,126,-7,7
79690,134,124,10,10
79691,139,129,10,10
79692,67,67,0,0
79693,100,117,-17,17
79694,64,66,-2,2
79695,105,105,0,0
79696,106,103,3,3
79697,41,50,-9,9
79698,122,115,7,7
79699,96,99,-3,3
79700,74,76,-2,2
79701,97,90,7,7
79702,106,101,5,5
79703,58,55,3,3
79704,61,59,2,2
79705,72,68,4,4
79706,97,101,-4,4
79707,104,103,1,1
79708,90,90,0,0
79709,190,180,10,10
79710,113,122,-9,9
79711,72,96,-24,24
79712,102,94,8,8
79713,143,116,27,27
79714,71,68,3,3
79715,80,84,-4,4
79716,45,50,-5,5
79717,57,60,-3,3
79718,109,106,3,3
79719,80,80,0,0
79720,54,59,-5,5
79721,75,79,-4,4
79722,80,82,-2,2
79723,73,73,0,0
79724,216,189,27,27
79725,73,78,-5,5
79726,124,118,6,6
79727,160,127,33,33
79728,140,133,7,7
79729,136,128,8,8
79730,68,61,7,7
79731,91,89,2,2
79732,69,59,10,10
79733,93,101,-8,8
79734,103,99,4,4
79735,93,94,-1,1
79736,53,57,-4,4
79737,116,110,6,6
79738,57,67,-10,10
79739,89,86,3,3
79740,58,56,2,2
79741,136,135,1,1
79742,95,96,-1,1
79743,59,64,-5,5
79744,169,154,15,15
79745,105,108,-3,3
79746,119,97,22,22
79747,89,88,1,1
79748,132,123,9,9
79749,81,72,9,9
79750,52,50,2,2
79751,139,118,21,21
79752,60,61,-1,1
79753,128,122,6,6
79754,54,52,2,2
79755,123,123,0,0
79756,99,98,1,1
79757,36,53,-17,17
79758,40,50,-10,10
79759,114,114,0,0
79760,89,78,11,11
79761,68,71,-3,3
79762,96,81,15,15
79763,120,117,3,3
79764,85,84,1,1
79765,67,61,6,6
79766,90,88,2,2
79767,59,57,2,2
79768,86,78,8,8
79769,187,178,9,9
79770,117,110,7,7
79771,50,60,-10,10
79772,90,86,4,4
79773,92,86,6,6
79774,57,62,-5,5
79775,55,54,1,1
79776,51,60,-9,9
79777,84,83,1,1
79778,110,111,-1,1
79779,52,64,-12,12
79780,56,64,-8,8
79781,82,82,0,0
79782,141,139,2,2
79783,104,98,6,6
79784,113,117,-4,4
79785,119,109,10,10
79786,124,118,6,6
79787,79,80,-1,1
79788,99,92,7,7
79789,133,117,16,16
79790,53,55,-2,2
79791,88,87,1,1
79792,58,58,0,0
79793,90,93,-3,3
79794,89,98,-9,9
79795,91,99,-8,8
79796,110,106,4,4
79797,77,78,-1,1
79798,71,72,-1,1
79799,77,80,-3,3
79800,115,116,-1,1
79801,62,76,-14,14
79802,167,166,1,1
79803,105,110,-5,5
79804,100,96,4,4
79805,100,106,-6,6
79806,111,118,-7,7
79807,92,89,3,3
79808,162,160,2,2
79809,109,108,1,1
79810,164,152,12,12
79811,63,55,8,8
79812,67,72,-5,5
79813,158,163,-5,5
79814,82,82,0,0
79815,65,59,6,6
79816,118,109,9,9
79817,87,94,-7,7
79818,159,156,3,3
79819,122,113,9,9
79820,102,103,-1,1
79821,63,66,-3,3
79822,94,94,0,0
79823,100,103,-3,3
79824,87,71,16,16
79825,98,88,10,10
79826,79,71,8,8
79827,104,96,8,8
79828,115,106,9,9
79829,118,136,-18,18
79830,82,80,2,2
79831,130,121,9,9
79832,98,102,-4,4
79833,141,143,-2,2
79834,197,178,19,19
79835,141,141,0,0
79836,91,91,0,0
79837,80,77,3,3
79838,104,92,12,12
79839,171,164,7,7
79840,292,245,47,47
79841,113,115,-2,2
79842,111,107,4,4
79843,116,115,1,1
79844,66,61,5,5
79845,146,141,5,5
79846,62,61,1,1
79847,105,102,3,3
79848,66,64,2,2
79849,59,58,1,1
79850,74,74,0,0
79851,91,81,10,10
79852,117,111,6,6
79853,101,107,-6,6
79854,167,172,-5,5
79855,69,65,4,4
79856,120,119,1,1
79857,119,113,6,6
79858,130,122,8,8
79859,69,63,6,6
79860,97,104,-7,7
79861,76,80,-4,4
79862,183,174,9,9
79863,65,73,-8,8
79864,155,144,11,11
79865,80,75,5,5
79866,107,110,-3,3
79867,46,62,-16,16
79868,95,91,4,4
79869,72,71,1,1
79870,74,81,-7,7
79871,73,72,1,1
79872,66,65,1,1
79873,76,80,-4,4
79874,75,79,-4,4
79875,36,59,-23,23
79876,82,82,0,0
79877,150,139,11,11
79878,88,95,-7,7
79879,40,50,-10,10
79880,82,82,0,0
79881,166,158,8,8
79882,113,111,2,2
79883,120,121,-1,1
79884,136,132,4,4
79885,53,56,-3,3
79886,233,221,12,12
79887,78,74,4,4
79888,112,108,4,4
79889,103,117,-14,14
79890,100,93,7,7
79891,86,93,-7,7
79892,69,73,-4,4
79893,109,109,0,0
79894,105,100,5,5
79895,51,85,-34,34
79896,99,109,-10,10
79897,138,143,-5,5
79898,42,89,-47,47
79899,87,80,7,7
79900,141,134,7,7
79901,75,86,-11,11
79902,96,93,3,3
79903,56,57,-1,1
79904,122,113,9,9
79905,65,64,1,1
79906,113,102,11,11
79907,67,61,6,6
79908,83,81,2,2
79909,91,77,14,14
79910,136,138,-2,2
79911,85,77,8,8
79912,66,67,-1,1
79913,79,63,16,16
79914,73,69,4,4
79915,106,102,4,4
79916,76,73,3,3
79917,149,137,12,12
79918,38,56,-18,18
79919,108,100,8,8
79920,91,94,-3,3
79921,105,105,0,0
79922,85,86,-1,1
79923,62,75,-13,13
79924,117,134,-17,17
79925,62,67,-5,5
79926,115,106,9,9
79927,85,70,15,15
79928,150,149,1,1
79929,132,137,-5,5
79930,74,75,-1,1
79931,44,63,-19,19
79932,152,152,0,0
79933,142,146,-4,4
79934,106,110,-4,4
79935,97,101,-4,4
79936,97,86,11,11
79937,53,60,-7,7
79938,116,116,0,0
79939,141,135,6,6
79940,109,109,0,0
79941,90,83,7,7
79942,111,110,1,1
79943,186,188,-2,2
79944,133,127,6,6
79945,83,76,7,7
79946,69,81,-12,12
79947,73,75,-2,2
79948,154,140,14,14
79949,93,103,-10,10
79950,87,84,3,3
79951,126,131,-5,5
79952,91,92,-1,1
79953,79,78,1,1
79954,82,86,-4,4
79955,112,90,22,22
79956,72,63,9,9
79957,179,176,3,3
79958,67,74,-7,7
79959,61,78,-17,17
79960,134,123,11,11
79961,129,118,11,11
79962,79,76,3,3
79963,95,96,-1,1
79964,147,138,9,9
79965,86,91,-5,5
79966,64,67,-3,3
79967,73,77,-4,4
79968,60,62,-2,2
79969,122,128,-6,6
79970,91,94,-3,3
79971,78,88,-10,10
79972,69,76,-7,7
79973,64,83,-19,19
79974,120,113,7,7
79975,101,101,0,0
79976,51,55,-4,4
79977,80,87,-7,7
79978,100,136,-36,36
79979,104,106,-2,2
79980,69,74,-5,5
79981,94,94,0,0
79982,110,121,-11,11
79983,157,155,2,2
79984,56,60,-4,4
79985,118,119,-1,1
79986,29,50,-21,21
79987,110,140,-30,30
79988,102,95,7,7
79989,78,80,-2,2
79990,116,130,-14,14
79991,129,127,2,2
79992,124,134,-10,10
79993,69,84,-15,15
79994,94,97,-3,3
79995,105,96,9,9
79996,127,139,-12,12
79997,99,100,-1,1
79998,106,91,15,15
79999,45,50,-5,5
80000,73,68,5,5
80001,57,59,-2,2
80002,71,71,0,0
80003,84,86,-2,2
80004,91,93,-2,2
80005,93,89,4,4
80006,75,79,-4,4
80007,98,91,7,7
80008,76,72,4,4
80009,87,87,0,0
80010,100,107,-7,7
80011,101,94,7,7
80012,63,73,-10,10
80013,94,84,10,10
80014,58,63,-5,5
80015,77,67,10,10
80016,136,123,13,13
80017,86,91,-5,5
80018,109,103,6,6
80019,77,75,2,2
80020,146,136,10,10
80021,128,127,1,1
80022,164,156,8,8
80023,71,72,-1,1
80024,147,152,-5,5
80025,96,92,4,4
80026,65,62,3,3
80027,95,94,1,1
80028,84,85,-1,1
80029,104,100,4,4
80030,75,78,-3,3
80031,168,165,3,3
80032,200,178,22,22
80033,153,158,-5,5
80034,171,168,3,3
80035,111,121,-10,10
80036,65,74,-9,9
80037,85,94,-9,9
80038,98,85,13,13
80039,111,112,-1,1
80040,112,110,2,2
80041,113,108,5,5
80042,148,130,18,18
80043,115,115,0,0
80044,63,67,-4,4
80045,95,87,8,8
80046,98,100,-2,2
80047,117,118,-1,1
80048,144,134,10,10
80049,115,123,-8,8
80050,124,116,8,8
80051,115,119,-4,4
80052,93,98,-5,5
80053,83,85,-2,2
80054,83,82,1,1
80055,106,106,0,0
80056,104,104,0,0
80057,149,166,-17,17
80058,94,99,-5,5
80059,61,63,-2,2
80060,63,73,-10,10
80061,98,100,-2,2
80062,70,75,-5,5
80063,96,101,-5,5
80064,89,85,4,4
80065,120,144,-24,24
80066,85,77,8,8
80067,159,132,27,27
80068,144,145,-1,1
80069,63,64,-1,1
80070,102,101,1,1
80071,119,109,10,10
80072,106,109,-3,3
80073,88,74,14,14
80074,54,55,-1,1
80075,58,60,-2,2
80076,130,113,17,17
80077,168,151,17,17
80078,73,71,2,2
80079,133,137,-4,4
80080,98,102,-4,4
80081,86,82,4,4
80082,81,84,-3,3
80083,83,81,2,2
80084,59,62,-3,3
80085,43,51,-8,8
80086,80,81,-1,1
80087,73,75,-2,2
80088,86,84,2,2
80089,89,114,-25,25
80090,77,76,1,1
80091,59,55,4,4
80092,64,94,-30,30
80093,82,75,7,7
80094,47,51,-4,4
80095,99,80,19,19
80096,104,103,1,1
80097,62,64,-2,2
80098,70,75,-5,5
80099,65,66,-1,1
80100,79,75,4,4
80101,86,85,1,1
80102,105,99,6,6
80103,91,97,-6,6
80104,117,106,11,11
80105,43,50,-7,7
80106,171,157,14,14
80107,115,111,4,4
80108,111,112,-1,1
80109,73,73,0,0
80110,118,111,7,7
80111,84,76,8,8
80112,96,101,-5,5
80113,115,114,1,1
80114,172,163,9,9
80115,138,131,7,7
80116,130,119,11,11
80117,142,138,4,4
80118,92,95,-3,3
80119,71,64,7,7
80120,42,50,-8,8
80121,93,87,6,6
80122,116,104,12,12
80123,90,76,14,14
80124,74,77,-3,3
80125,56,61,-5,5
80126,139,124,15,15
80127,76,85,-9,9
80128,97,101,-4,4
80129,88,93,-5,5
80130,70,70,0,0
80131,148,139,9,9
80132,70,68,2,2
80133,112,113,-1,1
80134,81,66,15,15
80135,52,55,-3,3
80136,95,100,-5,5
80137,80,84,-4,4
80138,46,53,-7,7
80139,50,51,-1,1
80140,129,125,4,4
80141,90,91,-1,1
80142,132,115,17,17
80143,143,135,8,8
80144,130,148,-18,18
80145,147,141,6,6
80146,103,98,5,5
80147,61,60,1,1
80148,88,95,-7,7
80149,158,149,9,9
80150,50,56,-6,6
80151,115,113,2,2
80152,86,85,1,1
80153,95,92,3,3
80154,135,141,-6,6
80155,84,87,-3,3
80156,116,134,-18,18
80157,31,50,-19,19
80158,86,85,1,1
80159,87,78,9,9
80160,99,89,10,10
80161,61,64,-3,3
80162,66,63,3,3
80163,99,96,3,3
80164,83,70,13,13
80165,63,60,3,3
80166,85,78,7,7
80167,90,92,-2,2
80168,114,109,5,5
80169,77,76,1,1
80170,74,79,-5,5
80171,85,84,1,1
80172,49,84,-35,35
80173,29,50,-21,21
80174,77,70,7,7
80175,70,70,0,0
80176,72,80,-8,8
80177,67,86,-19,19
80178,73,74,-1,1
80179,112,99,13,13
80180,153,156,-3,3
80181,120,116,4,4
80182,96,96,0,0
80183,104,100,4,4
80184,74,77,-3,3
80185,50,65,-15,15
80186,74,72,2,2
80187,91,85,6,6
80188,100,99,1,1
80189,45,56,-11,11
80190,96,100,-4,4
80191,57,57,0,0
80192,117,110,7,7
80193,116,111,5,5
80194,117,118,-1,1
80195,85,92,-7,7
80196,90,92,-2,2
80197,120,104,16,16
80198,63,69,-6,6
80199,131,145,-14,14
80200,55,57,-2,2
80201,159,160,-1,1
80202,95,88,7,7
80203,91,91,0,0
80204,52,54,-2,2
80205,73,66,7,7
80206,107,103,4,4
80207,73,76,-3,3
80208,144,132,12,12
80209,101,107,-6,6
80210,84,77,7,7
80211,72,80,-8,8
80212,100,111,-11,11
80213,57,57,0,0
80214,89,80,9,9
80215,85,83,2,2
80216,136,135,1,1
80217,104,107,-3,3
80218,180,168,12,12
80219,88,86,2,2
80220,81,90,-9,9
80221,98,96,2,2
80222,63,56,7,7
80223,81,93,-12,12
80224,132,142,-10,10
80225,139,137,2,2
80226,156,143,13,13
80227,94,97,-3,3
80228,113,114,-1,1
80229,155,174,-19,19
80230,106,95,11,11
80231,71,72,-1,1
80232,98,104,-6,6
80233,48,126,-78,78
80234,54,55,-1,1
80235,86,83,3,3
80236,103,104,-1,1
80237,148,138,10,10
80238,73,66,7,7
80239,135,139,-4,4
80240,93,90,3,3
80241,137,137,0,0
80242,82,78,4,4
80243,78,71,7,7
80244,95,99,-4,4
80245,74,70,4,4
80246,95,95,0,0
80247,64,64,0,0
80248,100,104,-4,4
80249,95,98,-3,3
80250,28,50,-22,22
80251,38,50,-12,12
80252,92,90,2,2
80253,134,132,2,2
80254,68,69,-1,1
80255,117,111,6,6
80256,118,111,7,7
80257,79,73,6,6
80258,61,60,1,1
80259,132,122,10,10
80260,98,109,-11,11
80261,70,73,-3,3
80262,117,111,6,6
80263,61,56,5,5
80264,69,67,2,2
80265,76,66,10,10
80266,56,61,-5,5
80267,108,104,4,4
80268,70,65,5,5
80269,53,53,0,0
80270,94,93,1,1
80271,158,155,3,3
80272,146,141,5,5
80273,94,93,1,1
80274,48,53,-5,5
80275,85,86,-1,1
80276,117,101,16,16
80277,119,111,8,8
80278,72,78,-6,6
80279,103,102,1,1
80280,85,83,2,2
80281,121,108,13,13
80282,66,75,-9,9
80283,177,187,-10,10
80284,85,83,2,2
80285,151,155,-4,4
80286,57,56,1,1
80287,83,69,14,14
80288,68,64,4,4
80289,118,120,-2,2
80290,70,66,4,4
80291,30,64,-34,34
80292,94,102,-8,8
80293,68,71,-3,3
80294,153,156,-3,3
80295,81,76,5,5
80296,106,101,5,5
80297,93,84,9,9
80298,152,152,0,0
80299,117,118,-1,1
80300,121,117,4,4
80301,104,110,-6,6
80302,130,116,14,14
80303,113,109,4,4
80304,108,101,7,7
80305,110,100,10,10
80306,76,83,-7,7
80307,119,115,4,4
80308,79,67,12,12
80309,96,94,2,2
80310,74,87,-13,13
80311,71,66,5,5
80312,79,70,9,9
80313,62,67,-5,5
80314,67,70,-3,3
80315,149,131,18,18
80316,70,71,-1,1
80317,87,83,4,4
80318,302,280,22,22
80319,51,57,-6,6
80320,73,70,3,3
80321,47,51,-4,4
80322,138,127,11,11
80323,155,143,12,12
80324,67,75,-8,8
80325,118,124,-6,6
80326,73,72,1,1
80327,67,67,0,0
80328,43,60,-17,17
80329,101,105,-4,4
80330,89,83,6,6
80331,67,70,-3,3
80332,148,145,3,3
80333,131,127,4,4
80334,73,62,11,11
80335,135,145,-10,10
80336,71,77,-6,6
80337,71,68,3,3
80338,108,95,13,13
80339,131,121,10,10
80340,115,132,-17,17
80341,56,59,-3,3
80342,84,82,2,2
80343,92,96,-4,4
80344,38,50,-12,12
80345,134,118,16,16
80346,75,77,-2,2
80347,124,108,16,16
80348,126,124,2,2
80349,103,116,-13,13
80350,57,59,-2,2
80351,82,91,-9,9
80352,113,114,-1,1
80353,103,113,-10,10
80354,119,108,11,11
80355,259,286,-27,27
80356,87,85,2,2
80357,180,153,27,27
80358,84,87,-3,3
80359,110,119,-9,9
80360,116,106,10,10
80361,114,116,-2,2
80362,124,135,-11,11
80363,92,84,8,8
80364,86,91,-5,5
80365,85,88,-3,3
80366,65,61,4,4
80367,73,71,2,2
80368,72,73,-1,1
80369,108,108,0,0
80370,47,52,-5,5
80371,96,97,-1,1
80372,66,71,-5,5
80373,70,78,-8,8
80374,134,128,6,6
80375,47,52,-5,5
80376,50,57,-7,7
80377,69,76,-7,7
80378,82,81,1,1
80379,103,97,6,6
80380,79,75,4,4
80381,82,83,-1,1
80382,77,85,-8,8
80383,77,78,-1,1
80384,99,97,2,2
80385,99,101,-2,2
80386,156,165,-9,9
80387,82,75,7,7
80388,123,114,9,9
80389,75,68,7,7
80390,47,54,-7,7
80391,32,50,-18,18
80392,72,75,-3,3
80393,92,91,1,1
80394,128,105,23,23
80395,100,102,-2,2
80396,78,86,-8,8
80397,141,132,9,9
80398,361,295,66,66
80399,142,133,9,9
80400,28,71,-43,43
80401,53,54,-1,1
80402,80,83,-3,3
80403,81,85,-4,4
80404,181,157,24,24
80405,55,62,-7,7
80406,81,79,2,2
80407,58,60,-2,2
80408,28,50,-22,22
80409,76,82,-6,6
80410,77,82,-5,5
80411,125,122,3,3
80412,89,100,-11,11
80413,91,88,3,3
80414,103,108,-5,5
80415,97,99,-2,2
80416,90,79,11,11
80417,69,68,1,1
80418,140,137,3,3
80419,59,61,-2,2
80420,140,136,4,4
80421,119,120,-1,1
80422,86,92,-6,6
80423,71,70,1,1
80424,179,169,10,10
80425,119,100,19,19
80426,115,104,11,11
80427,61,68,-7,7
80428,160,163,-3,3
80429,127,129,-2,2
80430,186,190,-4,4
80431,95,90,5,5
80432,73,78,-5,5
80433,86,81,5,5
80434,64,68,-4,4
80435,164,155,9,9
80436,80,77,3,3
80437,107,126,-19,19
80438,138,130,8,8
80439,95,93,2,2
80440,161,147,14,14
80441,81,80,1,1
80442,118,113,5,5
80443,102,100,2,2
80444,79,79,0,0
80445,83,82,1,1
80446,96,83,13,13
80447,99,101,-2,2
80448,101,100,1,1
80449,73,73,0,0
80450,151,144,7,7
80451,86,93,-7,7
80452,107,101,6,6
80453,102,93,9,9
80454,87,86,1,1
80455,110,102,8,8
80456,75,85,-10,10
80457,68,84,-16,16
80458,88,93,-5,5
80459,84,80,4,4
80460,81,77,4,4
80461,78,80,-2,2
80462,73,71,2,2
80463,103,94,9,9
80464,175,163,12,12
80465,122,117,5,5
80466,106,103,3,3
80467,53,52,1,1
80468,120,119,1,1
80469,135,136,-1,1
80470,96,93,3,3
80471,69,71,-2,2
80472,86,86,0,0
80473,94,98,-4,4
80474,46,53,-7,7
80475,93,92,1,1
80476,111,112,-1,1
80477,54,54,0,0
80478,63,64,-1,1
80479,59,66,-7,7
80480,61,65,-4,4
80481,68,79,-11,11
80482,140,122,18,18
80483,79,74,5,5
80484,148,155,-7,7
80485,114,112,2,2
80486,77,82,-5,5
80487,95,84,11,11
80488,53,53,0,0
80489,102,104,-2,2
80490,150,151,-1,1
80491,142,120,22,22
80492,123,126,-3,3
80493,85,76,9,9
80494,86,77,9,9
80495,106,97,9,9
80496,123,114,9,9
80497,99,97,2,2
80498,78,69,9,9
80499,74,71,3,3
80500,83,78,5,5
80501,68,95,-27,27
80502,100,106,-6,6
80503,71,64,7,7
80504,85,69,16,16
80505,105,100,5,5
80506,132,128,4,4
80507,109,97,12,12
80508,95,92,3,3
80509,101,97,4,4
80510,49,55,-6,6
80511,37,50,-13,13
80512,80,87,-7,7
80513,66,56,10,10
80514,70,73,-3,3
80515,93,84,9,9
80516,54,58,-4,4
80517,99,106,-7,7
80518,100,99,1,1
80519,143,139,4,4
80520,67,62,5,5
80521,69,66,3,3
80522,72,90,-18,18
80523,88,94,-6,6
80524,116,89,27,27
80525,103,102,1,1
80526,129,129,0,0
80527,112,107,5,5
80528,47,52,-5,5
80529,80,77,3,3
80530,87,83,4,4
80531,102,104,-2,2
80532,111,111,0,0
80533,113,115,-2,2
80534,85,80,5,5
80535,57,61,-4,4
80536,110,105,5,5
80537,91,89,2,2
80538,127,123,4,4
80539,71,68,3,3
80540,110,99,11,11
80541,143,138,5,5
80542,90,92,-2,2
80543,122,109,13,13
80544,124,116,8,8
80545,53,55,-2,2
80546,77,82,-5,5
80547,35,50,-15,15
80548,63,75,-12,12
80549,115,108,7,7
80550,128,125,3,3
80551,99,101,-2,2
80552,90,96,-6,6
80553,80,76,4,4
80554,98,98,0,0
80555,95,92,3,3
80556,138,137,1,1
80557,84,82,2,2
80558,129,131,-2,2
80559,101,90,11,11
80560,109,95,14,14
80561,142,139,3,3
80562,72,56,16,16
80563,110,109,1,1
80564,52,52,0,0
80565,66,82,-16,16
80566,69,72,-3,3
80567,79,73,6,6
80568,69,72,-3,3
80569,97,93,4,4
80570,96,91,5,5
80571,105,101,4,4
80572,144,138,6,6
80573,129,118,11,11
80574,75,78,-3,3
80575,111,102,9,9
80576,149,142,7,7
80577,110,103,7,7
80578,73,73,0,0
80579,58,60,-2,2
80580,47,51,-4,4
80581,82,87,-5,5
80582,70,68,2,2
80583,124,106,18,18
80584,78,78,0,0
80585,136,127,9,9
80586,147,151,-4,4
80587,84,100,-16,16
80588,121,112,9,9
80589,63,63,0,0
80590,94,92,2,2
80591,125,127,-2,2
80592,82,92,-10,10
80593,158,139,19,19
80594,67,70,-3,3
80595,61,68,-7,7
80596,119,118,1,1
80597,65,67,-2,2
80598,86,92,-6,6
80599,98,85,13,13
80600,143,141,2,2
80601,105,105,0,0
80602,113,128,-15,15
80603,77,72,5,5
80604,107,113,-6,6
80605,58,62,-4,4
80606,145,141,4,4
80607,52,71,-19,19
80608,109,101,8,8
80609,71,71,0,0
80610,64,68,-4,4
80611,129,119,10,10
80612,83,88,-5,5
80613,40,57,-17,17
80614,102,109,-7,7
80615,65,61,4,4
80616,100,87,13,13
80617,131,125,6,6
80618,90,85,5,5
80619,92,98,-6,6
80620,67,79,-12,12
80621,121,116,5,5
80622,126,115,11,11
80623,93,95,-2,2
80624,157,149,8,8
80625,89,88,1,1
80626,53,58,-5,5
80627,96,90,6,6
80628,111,101,10,10
80629,121,114,7,7
80630,67,78,-11,11
80631,59,57,2,2
80632,88,89,-1,1
80633,71,82,-11,11
80634,57,58,-1,1
80635,118,110,8,8
80636,78,71,7,7
80637,118,110,8,8
80638,85,85,0,0
80639,102,101,1,1
80640,69,75,-6,6
80641,179,186,-7,7
80642,94,108,-14,14
80643,100,100,0,0
80644,91,85,6,6
80645,139,147,-8,8
80646,77,82,-5,5
80647,64,64,0,0
80648,64,62,2,2
80649,137,134,3,3
80650,113,113,0,0
80651,93,85,8,8
80652,100,105,-5,5
80653,88,86,2,2
80654,87,85,2,2
80655,144,140,4,4
80656,41,54,-13,13
80657,51,58,-7,7
80658,78,76,2,2
80659,72,68,4,4
80660,66,67,-1,1
80661,58,68,-10,10
80662,123,124,-1,1
80663,90,83,7,7
80664,56,53,3,3
80665,98,84,14,14
80666,91,88,3,3
80667,126,115,11,11
80668,68,66,2,2
80669,117,104,13,13
80670,46,54,-8,8
80671,71,74,-3,3
80672,111,104,7,7
80673,89,86,3,3
80674,58,62,-4,4
80675,104,102,2,2
80676,110,102,8,8
80677,101,101,0,0
80678,203,220,-17,17
80679,90,91,-1,1
80680,82,79,3,3
80681,133,120,13,13
80682,67,64,3,3
80683,75,75,0,0
80684,90,84,6,6
80685,91,85,6,6
80686,91,93,-2,2
80687,67,68,-1,1
80688,122,118,4,4
80689,59,60,-1,1
80690,40,51,-11,11
80691,104,96,8,8
80692,118,118,0,0
80693,92,83,9,9
80694,157,167,-10,10
80695,65,67,-2,2
80696,60,63,-3,3
80697,100,96,4,4
80698,31,50,-19,19
80699,94,89,5,5
80700,45,51,-6,6
80701,109,101,8,8
80702,85,75,10,10
80703,86,93,-7,7
80704,185,168,17,17
80705,97,94,3,3
80706,69,61,8,8
80707,194,186,8,8
80708,63,79,-16,16
80709,141,139,2,2
80710,87,75,12,12
80711,131,124,7,7
80712,152,138,14,14
80713,96,94,2,2
80714,111,111,0,0
80715,92,78,14,14
80716,108,102,6,6
80717,83,77,6,6
80718,52,57,-5,5
80719,103,103,0,0
80720,189,177,12,12
80721,80,68,12,12
80722,149,139,10,10
80723,146,133,13,13
80724,66,61,5,5
80725,38,50,-12,12
80726,124,129,-5,5
80727,55,59,-4,4
80728,141,115,26,26
80729,83,118,-35,35
80730,144,149,-5,5
80731,127,130,-3,3
80732,80,70,10,10
80733,125,117,8,8
80734,115,108,7,7
80735,79,80,-1,1
80736,73,75,-2,2
80737,92,72,20,20
80738,84,85,-1,1
80739,103,100,3,3
80740,104,112,-8,8
80741,101,105,-4,4
80742,92,95,-3,3
80743,169,150,19,19
80744,53,54,-1,1
80745,114,102,12,12
80746,138,139,-1,1
80747,86,81,5,5
80748,85,85,0,0
80749,147,146,1,1
80750,58,65,-7,7
80751,128,126,2,2
80752,65,66,-1,1
80753,89,85,4,4
80754,95,99,-4,4
80755,84,84,0,0
80756,115,106,9,9
80757,142,131,11,11
80758,120,114,6,6
80759,102,102,0,0
80760,121,139,-18,18
80761,48,54,-6,6
80762,127,99,28,28
80763,76,68,8,8
80764,133,124,9,9
80765,108,102,6,6
80766,67,62,5,5
80767,33,50,-17,17
80768,148,135,13,13
80769,115,99,16,16
80770,68,99,-31,31
80771,132,145,-13,13
80772,167,154,13,13
80773,145,150,-5,5
80774,126,125,1,1
80775,72,62,10,10
80776,108,113,-5,5
80777,75,79,-4,4
80778,66,72,-6,6
80779,72,67,5,5
80780,99,93,6,6
80781,67,65,2,2
80782,113,113,0,0
80783,108,102,6,6
80784,94,90,4,4
80785,57,62,-5,5
80786,97,86,11,11
80787,64,67,-3,3
80788,127,125,2,2
80789,90,81,9,9
80790,185,182,3,3
80791,110,98,12,12
80792,59,64,-5,5
80793,119,108,11,11
80794,88,98,-10,10
80795,196,182,14,14
80796,95,94,1,1
80797,69,77,-8,8
80798,159,164,-5,5
80799,66,84,-18,18
80800,100,86,14,14
80801,90,97,-7,7
80802,71,66,5,5
80803,63,63,0,0
80804,104,93,11,11
80805,64,70,-6,6
80806,67,78,-11,11
80807,71,73,-2,2
80808,155,144,11,11
80809,89,81,8,8
80810,128,122,6,6
80811,95,99,-4,4
80812,51,51,0,0
80813,118,112,6,6
80814,102,101,1,1
80815,124,121,3,3
80816,68,68,0,0
80817,50,53,-3,3
80818,86,90,-4,4
80819,89,90,-1,1
80820,113,101,12,12
80821,126,120,6,6
80822,64,74,-10,10
80823,120,122,-2,2
80824,62,72,-10,10
80825,73,88,-15,15
80826,145,140,5,5
80827,63,62,1,1
80828,80,87,-7,7
80829,82,83,-1,1
80830,41,50,-9,9
80831,93,94,-1,1
80832,107,104,3,3
80833,60,60,0,0
80834,93,89,4,4
80835,97,95,2,2
80836,90,91,-1,1
80837,111,118,-7,7
80838,57,57,0,0
80839,75,72,3,3
80840,54,60,-6,6
80841,55,70,-15,15
80842,84,86,-2,2
80843,95,95,0,0
80844,101,89,12,12
80845,91,89,2,2
80846,65,64,1,1
80847,59,60,-1,1
80848,112,109,3,3
80849,164,162,2,2
80850,61,66,-5,5
80851,75,78,-3,3
80852,149,137,12,12
80853,152,139,13,13
80854,65,68,-3,3
80855,90,85,5,5
80856,96,100,-4,4
80857,105,103,2,2
80858,75,82,-7,7
80859,61,61,0,0
80860,102,98,4,4
80861,96,89,7,7
80862,96,85,11,11
80863,89,85,4,4
80864,100,100,0,0
80865,96,86,10,10
80866,57,58,-1,1
80867,67,73,-6,6
80868,148,143,5,5
80869,108,105,3,3
80870,50,54,-4,4
80871,151,140,11,11
80872,72,77,-5,5
80873,55,60,-5,5
80874,166,139,27,27
80875,75,79,-4,4
80876,154,136,18,18
80877,71,75,-4,4
80878,77,78,-1,1
80879,72,63,9,9
80880,79,83,-4,4
80881,166,154,12,12
80882,72,72,0,0
80883,91,88,3,3
80884,80,83,-3,3
80885,111,87,24,24
80886,81,87,-6,6
80887,74,75,-1,1
80888,129,124,5,5
80889,120,114,6,6
80890,79,74,5,5
80891,95,85,10,10
80892,82,88,-6,6
80893,124,112,12,12
80894,73,70,3,3
80895,328,477,-149,149
80896,95,86,9,9
80897,90,84,6,6
80898,105,104,1,1
80899,131,129,2,2
80900,96,88,8,8
80901,64,56,8,8
80902,129,110,19,19
80903,84,71,13,13
80904,126,119,7,7
80905,132,128,4,4
80906,108,110,-2,2
80907,74,71,3,3
80908,122,119,3,3
80909,96,106,-10,10
80910,172,180,-8,8
80911,150,138,12,12
80912,82,83,-1,1
80913,119,121,-2,2
80914,42,51,-9,9
80915,125,113,12,12
80916,47,50,-3,3
80917,78,70,8,8
80918,51,54,-3,3
80919,56,62,-6,6
80920,100,106,-6,6
80921,105,100,5,5
80922,241,195,46,46
80923,148,137,11,11
80924,49,52,-3,3
80925,116,112,4,4
80926,45,51,-6,6
80927,89,81,8,8
80928,83,87,-4,4
80929,106,108,-2,2
80930,84,95,-11,11
80931,82,78,4,4
80932,69,72,-3,3
80933,87,88,-1,1
80934,85,102,-17,17
80935,75,66,9,9
80936,142,141,1,1
80937,84,82,2,2
80938,112,96,16,16
80939,74,78,-4,4
80940,82,86,-4,4
80941,96,98,-2,2
80942,106,103,3,3
80943,41,55,-14,14
80944,70,63,7,7
80945,62,62,0,0
80946,108,109,-1,1
80947,115,103,12,12
80948,79,75,4,4
80949,101,101,0,0
80950,73,71,2,2
80951,69,70,-1,1
80952,42,50,-8,8
80953,130,125,5,5
80954,74,64,10,10
80955,69,69,0,0
80956,112,107,5,5
80957,95,97,-2,2
80958,56,55,1,1
80959,98,93,5,5
80960,93,97,-4,4
80961,93,89,4,4
80962,99,102,-3,3
80963,137,124,13,13
80964,127,127,0,0
80965,82,79,3,3
80966,58,69,-11,11
80967,83,76,7,7
80968,130,121,9,9
80969,99,85,14,14
80970,134,133,1,1
80971,134,123,11,11
80972,73,68,5,5
80973,98,111,-13,13
80974,56,57,-1,1
80975,106,109,-3,3
80976,157,145,12,12
80977,70,68,2,2
80978,105,104,1,1
80979,108,115,-7,7
80980,65,66,-1,1
80981,82,76,6,6
80982,75,71,4,4
80983,88,90,-2,2
80984,79,80,-1,1
80985,85,93,-8,8
80986,98,94,4,4
80987,70,72,-2,2
80988,132,136,-4,4
80989,121,107,14,14
80990,120,135,-15,15
80991,131,119,12,12
80992,100,104,-4,4
80993,103,101,2,2
80994,89,86,3,3
80995,87,90,-3,3
80996,63,68,-5,5
80997,101,92,9,9
80998,80,72,8,8
80999,60,58,2,2
81000,53,58,-5,5
81001,147,133,14,14
81002,83,82,1,1
81003,91,91,0,0
81004,120,112,8,8
81005,79,75,4,4
81006,66,62,4,4
81007,126,103,23,23
81008,155,139,16,16
81009,73,74,-1,1
81010,75,71,4,4
81011,110,110,0,0
81012,87,86,1,1
81013,92,88,4,4
81014,133,133,0,0
81015,100,94,6,6
81016,89,87,2,2
81017,73,74,-1,1
81018,56,59,-3,3
81019,117,105,12,12
81020,77,70,7,7
81021,58,54,4,4
81022,132,132,0,0
81023,149,128,21,21
81024,60,55,5,5
81025,88,81,7,7
81026,118,109,9,9
81027,71,76,-5,5
81028,158,156,2,2
81029,143,127,16,16
81030,63,73,-10,10
81031,49,57,-8,8
81032,111,107,4,4
81033,121,123,-2,2
81034,97,88,9,9
81035,116,111,5,5
81036,58,57,1,1
81037,66,62,4,4
81038,63,60,3,3
81039,54,50,4,4
81040,83,87,-4,4
81041,66,69,-3,3
81042,48,52,-4,4
81043,69,78,-9,9
81044,39,69,-30,30
81045,158,131,27,27
81046,48,53,-5,5
81047,63,59,4,4
81048,93,97,-4,4
81049,87,90,-3,3
81050,64,84,-20,20
81051,148,119,29,29
81052,58,59,-1,1
81053,51,57,-6,6
81054,53,61,-8,8
81055,138,135,3,3
81056,75,77,-2,2
81057,94,93,1,1
81058,49,59,-10,10
81059,132,139,-7,7
81060,98,96,2,2
81061,97,105,-8,8
81062,100,93,7,7
81063,107,100,7,7
81064,65,65,0,0
81065,67,65,2,2
81066,54,54,0,0
81067,123,120,3,3
81068,133,121,12,12
81069,105,127,-22,22
81070,91,95,-4,4
81071,121,117,4,4
81072,81,88,-7,7
81073,59,67,-8,8
81074,154,134,20,20
81075,85,84,1,1
81076,80,94,-14,14
81077,181,175,6,6
81078,112,105,7,7
81079,80,78,2,2
81080,140,127,13,13
81081,92,78,14,14
81082,87,79,8,8
81083,62,86,-24,24
81084,136,125,11,11
81085,74,70,4,4
81086,74,68,6,6
81087,45,55,-10,10
81088,87,86,1,1
81089,81,76,5,5
81090,37,50,-13,13
81091,73,69,4,4
81092,81,82,-1,1
81093,119,118,1,1
81094,139,138,1,1
81095,106,108,-2,2
81096,105,105,0,0
81097,129,126,3,3
81098,97,100,-3,3
81099,94,117,-23,23
81100,89,111,-22,22
81101,84,82,2,2
81102,182,162,20,20
81103,44,51,-7,7
81104,98,91,7,7
81105,83,77,6,6
81106,159,152,7,7
81107,61,58,3,3
81108,145,126,19,19
81109,113,132,-19,19
81110,74,77,-3,3
81111,44,59,-15,15
81112,70,79,-9,9
81113,87,106,-19,19
81114,156,142,14,14
81115,78,79,-1,1
81116,99,87,12,12
81117,120,108,12,12
81118,100,112,-12,12
81119,90,84,6,6
81120,90,95,-5,5
81121,126,127,-1,1
81122,59,52,7,7
81123,82,79,3,3
81124,71,82,-11,11
81125,87,82,5,5
81126,72,76,-4,4
81127,112,103,9,9
81128,65,62,3,3
81129,68,71,-3,3
81130,62,66,-4,4
81131,130,127,3,3
81132,60,60,0,0
81133,100,105,-5,5
81134,48,54,-6,6
81135,97,96,1,1
81136,85,78,7,7
81137,143,118,25,25
81138,112,112,0,0
81139,70,72,-2,2
81140,107,120,-13,13
81141,103,99,4,4
81142,79,72,7,7
81143,65,58,7,7
81144,74,69,5,5
81145,62,65,-3,3
81146,146,144,2,2
81147,138,133,5,5
81148,109,109,0,0
81149,57,57,0,0
81150,81,83,-2,2
81151,100,99,1,1
81152,55,60,-5,5
81153,71,73,-2,2
81154,137,122,15,15
81155,173,168,5,5
81156,53,61,-8,8
81157,69,68,1,1
81158,115,99,16,16
81159,71,78,-7,7
81160,129,122,7,7
81161,142,129,13,13
81162,48,53,-5,5
81163,77,78,-1,1
81164,81,92,-11,11
81165,103,96,7,7
81166,75,75,0,0
81167,86,81,5,5
81168,105,107,-2,2
81169,61,57,4,4
81170,109,101,8,8
81171,98,92,6,6
81172,153,151,2,2
81173,50,57,-7,7
81174,178,162,16,16
81175,85,76,9,9
81176,118,117,1,1
81177,94,82,12,12
81178,116,98,18,18
81179,92,87,5,5
81180,96,94,2,2
81181,44,51,-7,7
81182,96,93,3,3
81183,146,123,23,23
81184,90,74,16,16
81185,86,84,2,2
81186,112,114,-2,2
81187,102,112,-10,10
81188,47,51,-4,4
81189,107,97,10,10
81190,52,65,-13,13
81191,122,121,1,1
81192,84,75,9,9
81193,76,76,0,0
81194,72,74,-2,2
81195,181,171,10,10
81196,71,76,-5,5
81197,92,96,-4,4
81198,152,147,5,5
81199,133,134,-1,1
81200,97,98,-1,1
81201,135,135,0,0
81202,75,81,-6,6
81203,99,94,5,5
81204,92,120,-28,28
81205,113,116,-3,3
81206,65,62,3,3
81207,100,102,-2,2
81208,124,127,-3,3
81209,82,83,-1,1
81210,111,115,-4,4
81211,101,99,2,2
81212,60,61,-1,1
81213,141,130,11,11
81214,69,69,0,0
81215,141,141,0,0
81216,111,98,13,13
81217,169,165,4,4
81218,126,120,6,6
81219,75,76,-1,1
81220,120,111,9,9
81221,141,148,-7,7
81222,104,120,-16,16
81223,48,56,-8,8
81224,93,92,1,1
81225,140,132,8,8
81226,97,83,14,14
81227,110,102,8,8
81228,45,50,-5,5
81229,92,93,-1,1
81230,87,76,11,11
81231,90,82,8,8
81232,68,69,-1,1
81233,64,69,-5,5
81234,59,55,4,4
81235,135,128,7,7
81236,52,58,-6,6
81237,121,129,-8,8
81238,78,79,-1,1
81239,97,98,-1,1
81240,64,90,-26,26
81241,113,113,0,0
81242,83,82,1,1
81243,79,75,4,4
81244,77,85,-8,8
81245,56,60,-4,4
81246,156,153,3,3
81247,134,126,8,8
81248,66,68,-2,2
81249,113,115,-2,2
81250,89,84,5,5
81251,95,100,-5,5
81252,98,99,-1,1
81253,137,142,-5,5
81254,113,104,9,9
81255,173,160,13,13
81256,122,116,6,6
81257,92,87,5,5
81258,142,132,10,10
81259,82,80,2,2
81260,42,50,-8,8
81261,116,139,-23,23
81262,89,88,1,1
81263,140,136,4,4
81264,130,106,24,24
81265,80,75,5,5
81266,113,120,-7,7
81267,60,60,0,0
81268,143,172,-29,29
81269,86,81,5,5
81270,126,116,10,10
81271,75,69,6,6
81272,120,111,9,9
81273,125,114,11,11
81274,195,183,12,12
81275,71,69,2,2
81276,131,128,3,3
81277,111,110,1,1
81278,89,94,-5,5
81279,93,91,2,2
81280,80,83,-3,3
81281,80,73,7,7
81282,46,50,-4,4
81283,134,126,8,8
81284,83,82,1,1
81285,145,140,5,5
81286,80,80,0,0
81287,82,73,9,9
81288,86,75,11,11
81289,62,69,-7,7
81290,46,53,-7,7
81291,112,106,6,6
81292,99,97,2,2
81293,145,126,19,19
81294,166,165,1,1
81295,45,53,-8,8
81296,126,109,17,17
81297,89,84,5,5
81298,99,103,-4,4
81299,77,77,0,0
81300,119,110,9,9
81301,93,112,-19,19
81302,102,107,-5,5
81303,62,61,1,1
81304,57,57,0,0
81305,63,66,-3,3
81306,56,70,-14,14
81307,137,135,2,2
81308,101,96,5,5
81309,90,82,8,8
81310,136,126,10,10
81311,70,66,4,4
81312,81,82,-1,1
81313,66,61,5,5
81314,93,92,1,1
81315,73,68,5,5
81316,90,88,2,2
81317,83,82,1,1
81318,89,91,-2,2
81319,103,106,-3,3
81320,105,97,8,8
81321,83,102,-19,19
81322,115,116,-1,1
81323,99,101,-2,2
81324,85,89,-4,4
81325,73,75,-2,2
81326,80,85,-5,5
81327,49,58,-9,9
81328,80,76,4,4
81329,63,63,0,0
81330,33,50,-17,17
81331,178,183,-5,5
81332,105,128,-23,23
81333,41,56,-15,15
81334,92,95,-3,3
81335,98,95,3,3
81336,71,72,-1,1
81337,30,50,-20,20
81338,62,63,-1,1
81339,126,143,-17,17
81340,102,102,0,0
81341,122,121,1,1
81342,79,79,0,0
81343,152,143,9,9
81344,159,146,13,13
81345,161,162,-1,1
81346,71,63,8,8
81347,84,86,-2,2
81348,118,105,13,13
81349,73,71,2,2
81350,118,119,-1,1
81351,102,87,15,15
81352,69,78,-9,9
81353,101,92,9,9
81354,127,117,10,10
81355,84,70,14,14
81356,40,50,-10,10
81357,70,66,4,4
81358,135,122,13,13
81359,77,79,-2,2
81360,78,73,5,5
81361,70,70,0,0
81362,73,77,-4,4
81363,85,84,1,1
81364,106,99,7,7
81365,151,146,5,5
81366,153,149,4,4
81367,133,120,13,13
81368,121,117,4,4
81369,110,107,3,3
81370,71,79,-8,8
81371,98,99,-1,1
81372,126,129,-3,3
81373,86,86,0,0
81374,77,79,-2,2
81375,198,180,18,18
81376,133,127,6,6
81377,124,130,-6,6
81378,90,84,6,6
81379,60,61,-1,1
81380,80,93,-13,13
81381,47,52,-5,5
81382,82,71,11,11
81383,119,98,21,21
81384,66,65,1,1
81385,136,118,18,18
81386,141,129,12,12
81387,50,60,-10,10
81388,71,77,-6,6
81389,98,96,2,2
81390,121,105,16,16
81391,81,90,-9,9
81392,117,112,5,5
81393,112,111,1,1
81394,94,91,3,3
81395,55,74,-19,19
81396,97,110,-13,13
81397,92,99,-7,7
81398,137,140,-3,3
81399,54,54,0,0
81400,140,138,2,2
81401,138,126,12,12
81402,85,82,3,3
81403,84,92,-8,8
81404,104,103,1,1
81405,113,111,2,2
81406,109,118,-9,9
81407,76,93,-17,17
81408,79,79,0,0
81409,65,59,6,6
81410,81,79,2,2
81411,131,115,16,16
81412,204,182,22,22
81413,77,71,6,6
81414,161,140,21,21
81415,97,99,-2,2
81416,110,96,14,14
81417,76,74,2,2
81418,70,67,3,3
81419,122,120,2,2
81420,52,55,-3,3
81421,121,119,2,2
81422,89,89,0,0
81423,99,87,12,12
81424,62,63,-1,1
81425,117,111,6,6
81426,92,98,-6,6
81427,169,165,4,4
81428,122,112,10,10
81429,88,86,2,2
81430,94,90,4,4
81431,163,135,28,28
81432,72,69,3,3
81433,87,94,-7,7
81434,104,112,-8,8
81435,51,57,-6,6
81436,57,54,3,3
81437,149,139,10,10
81438,87,88,-1,1
81439,109,110,-1,1
81440,120,112,8,8
81441,79,68,11,11
81442,129,124,5,5
81443,162,147,15,15
81444,133,132,1,1
81445,82,79,3,3
81446,110,109,1,1
81447,180,161,19,19
81448,104,99,5,5
81449,134,129,5,5
81450,114,106,8,8
81451,130,147,-17,17
81452,94,98,-4,4
81453,182,162,20,20
81454,93,96,-3,3
81455,74,78,-4,4
81456,66,67,-1,1
81457,164,243,-79,79
81458,125,169,-44,44
81459,74,82,-8,8
81460,148,148,0,0
81461,69,69,0,0
81462,98,94,4,4
81463,71,72,-1,1
81464,107,101,6,6
81465,133,120,13,13
81466,72,68,4,4
81467,68,67,1,1
81468,97,93,4,4
81469,185,160,25,25
81470,184,176,8,8
81471,106,114,-8,8
81472,143,142,1,1
81473,82,97,-15,15
81474,47,54,-7,7
81475,82,74,8,8
81476,97,84,13,13
81477,58,61,-3,3
81478,115,104,11,11
81479,137,117,20,20
81480,112,110,2,2
81481,101,99,2,2
81482,56,57,-1,1
81483,80,75,5,5
81484,79,80,-1,1
81485,186,166,20,20
81486,79,70,9,9
81487,80,70,10,10
81488,85,76,9,9
81489,123,110,13,13
81490,94,79,15,15
81491,71,85,-14,14
81492,83,85,-2,2
81493,45,51,-6,6
81494,120,138,-18,18
81495,165,159,6,6
81496,73,75,-2,2
81497,87,82,5,5
81498,80,83,-3,3
81499,132,137,-5,5
81500,82,77,5,5
81501,77,76,1,1
81502,62,65,-3,3
81503,74,75,-1,1
81504,87,92,-5,5
81505,142,136,6,6
81506,119,108,11,11
81507,62,63,-1,1
