,original,predict,differ,abs
0,67,73,-6,6
1,58,63,-5,5
2,88,82,6,6
3,183,172,11,11
4,81,79,2,2
5,88,85,3,3
6,83,84,-1,1
7,183,166,17,17
8,81,78,3,3
9,117,119,-2,2
10,64,58,6,6
11,59,68,-9,9
12,74,72,2,2
13,100,106,-6,6
14,103,100,3,3
15,66,68,-2,2
16,97,91,6,6
17,120,105,15,15
18,79,78,1,1
19,110,116,-6,6
20,217,196,21,21
21,156,149,7,7
22,97,84,13,13
23,101,119,-18,18
24,82,75,7,7
25,127,117,10,10
26,112,110,2,2
27,191,169,22,22
28,48,45,3,3
29,106,114,-8,8
30,133,131,2,2
31,57,60,-3,3
32,108,102,6,6
33,89,79,10,10
34,50,69,-19,19
35,62,52,10,10
36,102,98,4,4
37,55,52,3,3
38,89,104,-15,15
39,96,103,-7,7
40,70,71,-1,1
41,115,117,-2,2
42,82,83,-1,1
43,102,101,1,1
44,167,142,25,25
45,82,88,-6,6
46,118,126,-8,8
47,85,80,5,5
48,93,91,2,2
49,111,93,18,18
50,77,70,7,7
51,136,129,7,7
52,109,95,14,14
53,85,90,-5,5
54,133,122,11,11
55,138,125,13,13
56,100,119,-19,19
57,130,125,5,5
58,96,100,-4,4
59,58,60,-2,2
60,115,112,3,3
61,73,75,-2,2
62,135,123,12,12
63,177,174,3,3
64,96,100,-4,4
65,77,79,-2,2
66,84,83,1,1
67,105,90,15,15
68,193,184,9,9
69,143,143,0,0
70,111,102,9,9
71,104,91,13,13
72,265,250,15,15
73,88,87,1,1
74,78,79,-1,1
75,58,59,-1,1
76,86,80,6,6
77,59,65,-6,6
78,139,136,3,3
79,96,91,5,5
80,90,83,7,7
81,83,80,3,3
82,133,129,4,4
83,141,138,3,3
84,72,68,4,4
85,75,73,2,2
86,43,40,3,3
87,68,70,-2,2
88,170,137,33,33
89,92,96,-4,4
90,64,85,-21,21
91,101,106,-5,5
92,82,76,6,6
93,81,73,8,8
94,75,75,0,0
95,99,93,6,6
96,45,56,-11,11
97,186,185,1,1
98,127,140,-13,13
99,100,102,-2,2
100,66,67,-1,1
101,129,109,20,20
102,107,112,-5,5
103,128,125,3,3
104,90,81,9,9
105,68,69,-1,1
106,107,107,0,0
107,90,83,7,7
108,89,88,1,1
109,70,71,-1,1
110,174,146,28,28
111,90,79,11,11
112,76,76,0,0
113,67,66,1,1
114,76,83,-7,7
115,168,159,9,9
116,91,84,7,7
117,103,102,1,1
118,91,85,6,6
119,67,74,-7,7
120,118,122,-4,4
121,51,53,-2,2
122,76,78,-2,2
123,110,116,-6,6
124,99,90,9,9
125,96,97,-1,1
126,169,165,4,4
127,89,92,-3,3
128,94,97,-3,3
129,123,130,-7,7
130,186,174,12,12
131,132,128,4,4
132,102,86,16,16
133,78,80,-2,2
134,129,116,13,13
135,116,100,16,16
136,136,126,10,10
137,131,129,2,2
138,105,104,1,1
139,69,68,1,1
140,66,62,4,4
141,127,121,6,6
142,127,124,3,3
143,66,78,-12,12
144,112,120,-8,8
145,115,106,9,9
146,98,85,13,13
147,69,66,3,3
148,93,81,12,12
149,121,125,-4,4
150,92,94,-2,2
151,73,69,4,4
152,139,134,5,5
153,80,81,-1,1
154,89,90,-1,1
155,67,66,1,1
156,66,66,0,0
157,81,83,-2,2
158,59,64,-5,5
159,128,129,-1,1
160,109,111,-2,2
161,50,52,-2,2
162,74,68,6,6
163,80,82,-2,2
164,132,136,-4,4
165,51,52,-1,1
166,115,111,4,4
167,70,87,-17,17
168,159,142,17,17
169,151,153,-2,2
170,94,95,-1,1
171,81,91,-10,10
172,77,82,-5,5
173,42,41,1,1
174,135,130,5,5
175,106,99,7,7
176,50,52,-2,2
177,162,140,22,22
178,130,112,18,18
179,120,104,16,16
180,84,85,-1,1
181,76,78,-2,2
182,67,67,0,0
183,75,72,3,3
184,39,40,-1,1
185,119,104,15,15
186,55,61,-6,6
187,90,86,4,4
188,124,124,0,0
189,171,168,3,3
190,70,71,-1,1
191,137,134,3,3
192,127,131,-4,4
193,143,147,-4,4
194,195,162,33,33
195,112,105,7,7
196,43,45,-2,2
197,114,110,4,4
198,111,109,2,2
199,80,80,0,0
200,128,109,19,19
201,176,174,2,2
202,64,62,2,2
203,142,135,7,7
204,100,90,10,10
205,63,60,3,3
206,145,131,14,14
207,101,95,6,6
208,78,73,5,5
209,98,90,8,8
210,147,146,1,1
211,50,52,-2,2
212,70,68,2,2
213,175,167,8,8
214,87,102,-15,15
215,87,79,8,8
216,108,121,-13,13
217,67,66,1,1
218,95,97,-2,2
219,89,94,-5,5
220,135,137,-2,2
221,79,86,-7,7
222,43,49,-6,6
223,195,162,33,33
224,83,84,-1,1
225,81,86,-5,5
226,63,71,-8,8
227,119,116,3,3
228,98,96,2,2
229,44,46,-2,2
230,47,54,-7,7
231,87,71,16,16
232,90,80,10,10
233,62,60,2,2
234,103,97,6,6
235,140,141,-1,1
236,114,114,0,0
237,57,70,-13,13
238,81,76,5,5
239,74,96,-22,22
240,61,73,-12,12
241,43,42,1,1
242,55,62,-7,7
243,100,89,11,11
244,124,109,15,15
245,107,106,1,1
246,121,124,-3,3
247,86,93,-7,7
248,146,132,14,14
249,147,147,0,0
250,47,40,7,7
251,124,113,11,11
252,89,88,1,1
253,50,59,-9,9
254,110,113,-3,3
255,158,153,5,5
256,86,80,6,6
257,102,104,-2,2
258,107,111,-4,4
259,64,68,-4,4
260,136,129,7,7
261,125,109,16,16
262,115,103,12,12
263,71,69,2,2
264,80,79,1,1
265,82,85,-3,3
266,79,79,0,0
267,102,92,10,10
268,49,58,-9,9
269,109,110,-1,1
270,52,54,-2,2
271,72,68,4,4
272,68,73,-5,5
273,151,155,-4,4
274,112,110,2,2
275,97,113,-16,16
276,82,89,-7,7
277,72,75,-3,3
278,125,130,-5,5
279,128,129,-1,1
280,94,94,0,0
281,76,69,7,7
282,71,74,-3,3
283,112,110,2,2
284,75,73,2,2
285,77,72,5,5
286,78,71,7,7
287,89,82,7,7
288,88,80,8,8
289,97,94,3,3
290,80,73,7,7
291,67,73,-6,6
292,83,83,0,0
293,85,83,2,2
294,76,70,6,6
295,64,66,-2,2
296,107,109,-2,2
297,141,147,-6,6
298,130,123,7,7
299,51,62,-11,11
300,66,62,4,4
301,75,72,3,3
302,186,162,24,24
303,86,77,9,9
304,141,139,2,2
305,83,78,5,5
306,85,80,5,5
307,148,133,15,15
308,87,83,4,4
309,77,70,7,7
310,27,38,-11,11
311,88,87,1,1
312,92,84,8,8
313,86,87,-1,1
314,135,132,3,3
315,77,69,8,8
316,73,73,0,0
317,133,136,-3,3
318,51,53,-2,2
319,125,117,8,8
320,98,108,-10,10
321,143,133,10,10
322,140,134,6,6
323,87,94,-7,7
324,89,74,15,15
325,69,73,-4,4
326,96,74,22,22
327,127,121,6,6
328,79,75,4,4
329,137,122,15,15
330,85,85,0,0
331,84,85,-1,1
332,52,65,-13,13
333,77,71,6,6
334,78,82,-4,4
335,104,93,11,11
336,89,92,-3,3
337,89,71,18,18
338,56,50,6,6
339,106,86,20,20
340,71,67,4,4
341,132,119,13,13
342,82,74,8,8
343,100,92,8,8
344,51,61,-10,10
345,66,64,2,2
346,85,74,11,11
347,112,114,-2,2
348,34,55,-21,21
349,134,118,16,16
350,93,98,-5,5
351,114,130,-16,16
352,137,125,12,12
353,88,87,1,1
354,108,113,-5,5
355,106,96,10,10
356,146,173,-27,27
357,54,64,-10,10
358,170,136,34,34
359,86,74,12,12
360,110,92,18,18
361,82,75,7,7
362,101,93,8,8
363,64,70,-6,6
364,44,50,-6,6
365,84,82,2,2
366,60,58,2,2
367,101,104,-3,3
368,120,108,12,12
369,60,58,2,2
370,130,124,6,6
371,41,44,-3,3
372,116,106,10,10
373,58,60,-2,2
374,77,73,4,4
375,96,99,-3,3
376,88,91,-3,3
377,103,98,5,5
378,35,77,-42,42
379,64,61,3,3
380,86,76,10,10
381,89,91,-2,2
382,108,103,5,5
383,116,107,9,9
384,82,82,0,0
385,65,69,-4,4
386,64,72,-8,8
387,134,126,8,8
388,65,69,-4,4
389,77,75,2,2
390,120,120,0,0
391,54,58,-4,4
392,90,87,3,3
393,87,87,0,0
394,97,87,10,10
395,17,34,-17,17
396,69,87,-18,18
397,31,37,-6,6
398,90,87,3,3
399,104,104,0,0
400,97,91,6,6
401,52,56,-4,4
402,81,79,2,2
403,88,82,6,6
404,150,151,-1,1
405,103,111,-8,8
406,47,44,3,3
407,119,115,4,4
408,107,113,-6,6
409,88,66,22,22
410,85,82,3,3
411,95,99,-4,4
412,89,81,8,8
413,87,87,0,0
414,148,131,17,17
415,98,93,5,5
416,148,150,-2,2
417,77,79,-2,2
418,70,73,-3,3
419,64,65,-1,1
420,110,126,-16,16
421,143,145,-2,2
422,122,165,-43,43
423,82,80,2,2
424,112,108,4,4
425,128,130,-2,2
426,148,146,2,2
427,80,76,4,4
428,56,66,-10,10
429,90,85,5,5
430,110,107,3,3
431,88,95,-7,7
432,91,92,-1,1
433,99,95,4,4
434,122,116,6,6
435,66,66,0,0
436,106,98,8,8
437,65,61,4,4
438,164,151,13,13
439,68,67,1,1
440,48,68,-20,20
441,88,78,10,10
442,107,102,5,5
443,58,64,-6,6
444,91,85,6,6
445,113,104,9,9
446,107,100,7,7
447,101,92,9,9
448,72,81,-9,9
449,134,128,6,6
450,87,85,2,2
451,64,67,-3,3
452,72,69,3,3
453,146,148,-2,2
454,110,108,2,2
455,104,100,4,4
456,129,133,-4,4
457,134,139,-5,5
458,123,123,0,0
459,62,62,0,0
460,71,69,2,2
461,58,65,-7,7
462,88,82,6,6
463,134,132,2,2
464,81,81,0,0
465,77,88,-11,11
466,118,115,3,3
467,131,124,7,7
468,66,68,-2,2
469,61,62,-1,1
470,43,37,6,6
471,121,119,2,2
472,101,108,-7,7
473,112,99,13,13
474,67,64,3,3
475,88,81,7,7
476,57,51,6,6
477,93,83,10,10
478,77,65,12,12
479,57,61,-4,4
480,55,67,-12,12
481,68,70,-2,2
482,118,111,7,7
483,63,69,-6,6
484,110,114,-4,4
485,58,62,-4,4
486,119,105,14,14
487,110,137,-27,27
488,146,139,7,7
489,50,47,3,3
490,104,100,4,4
491,136,124,12,12
492,145,146,-1,1
493,110,99,11,11
494,124,129,-5,5
495,117,114,3,3
496,134,127,7,7
497,98,84,14,14
498,104,133,-29,29
499,78,73,5,5
500,100,91,9,9
501,45,54,-9,9
502,108,113,-5,5
503,50,57,-7,7
504,69,75,-6,6
505,106,100,6,6
506,66,62,4,4
507,61,67,-6,6
508,96,92,4,4
509,96,92,4,4
510,53,55,-2,2
511,93,97,-4,4
512,80,71,9,9
513,73,73,0,0
514,70,78,-8,8
515,100,88,12,12
516,137,129,8,8
517,114,116,-2,2
518,70,70,0,0
519,55,68,-13,13
520,108,96,12,12
521,138,134,4,4
522,95,93,2,2
523,142,136,6,6
524,83,79,4,4
525,122,112,10,10
526,97,97,0,0
527,56,53,3,3
528,122,118,4,4
529,73,74,-1,1
530,69,64,5,5
531,95,98,-3,3
532,68,75,-7,7
533,95,86,9,9
534,78,88,-10,10
535,90,86,4,4
536,106,104,2,2
537,42,47,-5,5
538,76,78,-2,2
539,157,165,-8,8
540,119,113,6,6
541,99,101,-2,2
542,61,68,-7,7
543,102,95,7,7
544,92,91,1,1
545,124,109,15,15
546,82,83,-1,1
547,76,79,-3,3
548,67,70,-3,3
549,148,138,10,10
550,74,73,1,1
551,66,68,-2,2
552,108,106,2,2
553,64,67,-3,3
554,102,100,2,2
555,63,65,-2,2
556,66,61,5,5
557,74,70,4,4
558,74,74,0,0
559,67,66,1,1
560,86,92,-6,6
561,81,91,-10,10
562,90,91,-1,1
563,47,51,-4,4
564,68,76,-8,8
565,88,75,13,13
566,83,78,5,5
567,76,75,1,1
568,55,55,0,0
569,100,108,-8,8
570,108,118,-10,10
571,178,163,15,15
572,80,78,2,2
573,82,84,-2,2
574,149,134,15,15
575,69,70,-1,1
576,70,76,-6,6
577,90,102,-12,12
578,91,86,5,5
579,75,66,9,9
580,88,84,4,4
581,134,121,13,13
582,49,56,-7,7
583,51,53,-2,2
584,113,108,5,5
585,88,84,4,4
586,53,49,4,4
587,84,70,14,14
588,105,98,7,7
589,85,82,3,3
590,105,100,5,5
591,75,73,2,2
592,139,131,8,8
593,103,97,6,6
594,87,88,-1,1
595,65,76,-11,11
596,74,71,3,3
597,98,104,-6,6
598,110,103,7,7
599,112,106,6,6
600,88,80,8,8
601,85,82,3,3
602,55,57,-2,2
603,86,81,5,5
604,124,124,0,0
605,114,114,0,0
606,57,58,-1,1
607,56,61,-5,5
608,78,73,5,5
609,122,133,-11,11
610,79,71,8,8
611,81,74,7,7
612,117,111,6,6
613,112,119,-7,7
614,95,97,-2,2
615,195,175,20,20
616,76,84,-8,8
617,104,96,8,8
618,112,104,8,8
619,103,104,-1,1
620,91,93,-2,2
621,105,97,8,8
622,127,107,20,20
623,60,65,-5,5
624,111,108,3,3
625,106,105,1,1
626,109,106,3,3
627,85,84,1,1
628,67,74,-7,7
629,81,83,-2,2
630,83,82,1,1
631,56,63,-7,7
632,92,86,6,6
633,71,79,-8,8
634,95,87,8,8
635,93,92,1,1
636,144,145,-1,1
637,53,57,-4,4
638,77,84,-7,7
639,71,69,2,2
640,95,99,-4,4
641,95,101,-6,6
642,61,56,5,5
643,141,125,16,16
644,133,125,8,8
645,94,85,9,9
646,112,113,-1,1
647,84,82,2,2
648,92,88,4,4
649,84,80,4,4
650,94,95,-1,1
651,72,74,-2,2
652,102,118,-16,16
653,61,65,-4,4
654,108,113,-5,5
655,105,104,1,1
656,85,86,-1,1
657,74,78,-4,4
658,50,51,-1,1
659,101,93,8,8
660,82,73,9,9
661,108,91,17,17
662,148,139,9,9
663,126,119,7,7
664,136,145,-9,9
665,75,76,-1,1
666,36,35,1,1
667,42,59,-17,17
668,69,66,3,3
669,126,121,5,5
670,109,98,11,11
671,90,84,6,6
672,116,105,11,11
673,151,185,-34,34
674,147,143,4,4
675,52,89,-37,37
676,107,112,-5,5
677,90,86,4,4
678,162,146,16,16
679,103,103,0,0
680,150,133,17,17
681,62,76,-14,14
682,111,109,2,2
683,77,83,-6,6
684,166,166,0,0
685,151,158,-7,7
686,116,117,-1,1
687,79,77,2,2
688,94,117,-23,23
689,110,111,-1,1
690,152,137,15,15
691,176,158,18,18
692,92,92,0,0
693,156,146,10,10
694,92,94,-2,2
695,77,73,4,4
696,32,49,-17,17
697,87,86,1,1
698,108,107,1,1
699,104,89,15,15
700,70,69,1,1
701,66,51,15,15
702,118,111,7,7
703,65,66,-1,1
704,111,100,11,11
705,74,69,5,5
706,81,85,-4,4
707,88,79,9,9
708,87,81,6,6
709,116,121,-5,5
710,47,45,2,2
711,95,97,-2,2
712,44,46,-2,2
713,91,103,-12,12
714,83,83,0,0
715,137,131,6,6
716,80,78,2,2
717,147,134,13,13
718,119,124,-5,5
719,137,112,25,25
720,133,140,-7,7
721,89,89,0,0
722,150,141,9,9
723,108,102,6,6
724,96,79,17,17
725,88,82,6,6
726,140,127,13,13
727,128,129,-1,1
728,53,53,0,0
729,100,112,-12,12
730,58,70,-12,12
731,110,100,10,10
732,125,119,6,6
733,124,108,16,16
734,109,119,-10,10
735,122,124,-2,2
736,95,91,4,4
737,93,93,0,0
738,85,75,10,10
739,98,81,17,17
740,68,75,-7,7
741,48,44,4,4
742,97,98,-1,1
743,81,80,1,1
744,88,81,7,7
745,91,109,-18,18
746,64,64,0,0
747,204,187,17,17
748,114,108,6,6
749,185,153,32,32
750,75,74,1,1
751,70,62,8,8
752,145,142,3,3
753,87,81,6,6
754,45,52,-7,7
755,73,70,3,3
756,125,128,-3,3
757,60,63,-3,3
758,95,91,4,4
759,119,98,21,21
760,76,72,4,4
761,56,61,-5,5
762,44,61,-17,17
763,98,98,0,0
764,86,78,8,8
765,161,142,19,19
766,102,120,-18,18
767,103,100,3,3
768,69,73,-4,4
769,151,155,-4,4
770,92,72,20,20
771,80,85,-5,5
772,87,85,2,2
773,108,99,9,9
774,51,52,-1,1
775,110,107,3,3
776,64,63,1,1
777,73,72,1,1
778,92,84,8,8
779,93,88,5,5
780,103,100,3,3
781,49,44,5,5
782,71,76,-5,5
783,70,67,3,3
784,67,66,1,1
785,100,96,4,4
786,93,98,-5,5
787,75,76,-1,1
788,97,97,0,0
789,84,84,0,0
790,140,125,15,15
791,151,136,15,15
792,78,80,-2,2
793,79,79,0,0
794,108,118,-10,10
795,95,91,4,4
796,98,88,10,10
797,119,122,-3,3
798,83,94,-11,11
799,67,70,-3,3
800,64,65,-1,1
801,102,97,5,5
802,75,75,0,0
803,68,79,-11,11
804,78,76,2,2
805,53,57,-4,4
806,126,122,4,4
807,89,89,0,0
808,85,96,-11,11
809,64,69,-5,5
810,85,80,5,5
811,74,72,2,2
812,66,65,1,1
813,79,73,6,6
814,125,106,19,19
815,119,111,8,8
816,26,45,-19,19
817,66,69,-3,3
818,88,82,6,6
819,111,96,15,15
820,86,81,5,5
821,76,83,-7,7
822,86,79,7,7
823,145,130,15,15
824,46,48,-2,2
825,107,99,8,8
826,99,86,13,13
827,63,66,-3,3
828,68,69,-1,1
829,100,86,14,14
830,110,120,-10,10
831,77,77,0,0
832,66,72,-6,6
833,64,64,0,0
834,77,82,-5,5
835,144,141,3,3
836,106,101,5,5
837,93,103,-10,10
838,73,81,-8,8
839,103,105,-2,2
840,105,106,-1,1
841,75,75,0,0
842,83,79,4,4
843,112,112,0,0
844,156,145,11,11
845,156,144,12,12
846,77,80,-3,3
847,76,74,2,2
848,95,91,4,4
849,41,50,-9,9
850,106,116,-10,10
851,135,128,7,7
852,92,98,-6,6
853,91,95,-4,4
854,112,108,4,4
855,84,84,0,0
856,77,73,4,4
857,29,58,-29,29
858,64,71,-7,7
859,143,125,18,18
860,59,57,2,2
861,155,150,5,5
862,207,167,40,40
863,129,116,13,13
864,115,106,9,9
865,108,97,11,11
866,162,145,17,17
867,69,74,-5,5
868,62,73,-11,11
869,79,92,-13,13
870,57,58,-1,1
871,90,86,4,4
872,98,91,7,7
873,108,105,3,3
874,80,99,-19,19
875,114,104,10,10
876,57,57,0,0
877,41,106,-65,65
878,90,85,5,5
879,84,70,14,14
880,87,85,2,2
881,70,80,-10,10
882,109,107,2,2
883,76,74,2,2
884,62,62,0,0
885,83,78,5,5
886,124,130,-6,6
887,122,122,0,0
888,55,57,-2,2
889,108,116,-8,8
890,109,112,-3,3
891,52,73,-21,21
892,134,119,15,15
893,60,51,9,9
894,71,72,-1,1
895,123,115,8,8
896,60,64,-4,4
897,140,132,8,8
898,109,94,15,15
899,150,162,-12,12
900,74,76,-2,2
901,94,83,11,11
902,71,74,-3,3
903,139,130,9,9
904,87,96,-9,9
905,72,73,-1,1
906,53,51,2,2
907,163,145,18,18
908,111,92,19,19
909,70,65,5,5
910,46,48,-2,2
911,138,134,4,4
912,127,120,7,7
913,70,71,-1,1
914,107,117,-10,10
915,64,62,2,2
916,69,80,-11,11
917,196,184,12,12
918,136,138,-2,2
919,52,56,-4,4
920,79,82,-3,3
921,109,117,-8,8
922,78,79,-1,1
923,115,113,2,2
924,77,78,-1,1
925,110,104,6,6
926,74,70,4,4
927,49,49,0,0
928,55,57,-2,2
929,145,132,13,13
930,119,114,5,5
931,96,92,4,4
932,196,186,10,10
933,72,76,-4,4
934,90,100,-10,10
935,62,102,-40,40
936,118,104,14,14
937,137,138,-1,1
938,79,79,0,0
939,152,142,10,10
940,87,93,-6,6
941,112,111,1,1
942,62,68,-6,6
943,72,76,-4,4
944,109,105,4,4
945,83,82,1,1
946,68,65,3,3
947,97,94,3,3
948,59,62,-3,3
949,173,151,22,22
950,73,70,3,3
951,85,90,-5,5
952,62,65,-3,3
953,75,71,4,4
954,90,90,0,0
955,93,94,-1,1
956,98,97,1,1
957,116,110,6,6
958,50,45,5,5
959,106,106,0,0
960,114,103,11,11
961,98,90,8,8
962,184,179,5,5
963,69,73,-4,4
964,147,142,5,5
965,29,60,-31,31
966,108,116,-8,8
967,65,69,-4,4
968,96,94,2,2
969,84,86,-2,2
970,70,68,2,2
971,162,153,9,9
972,112,115,-3,3
973,71,71,0,0
974,139,126,13,13
975,72,77,-5,5
976,68,71,-3,3
977,76,78,-2,2
978,87,79,8,8
979,52,49,3,3
980,115,111,4,4
981,161,148,13,13
982,88,77,11,11
983,107,102,5,5
984,84,76,8,8
985,90,83,7,7
986,55,59,-4,4
987,138,127,11,11
988,90,83,7,7
989,114,104,10,10
990,111,123,-12,12
991,44,43,1,1
992,111,118,-7,7
993,128,108,20,20
994,98,91,7,7
995,93,82,11,11
996,74,73,1,1
997,130,129,1,1
998,82,89,-7,7
999,178,153,25,25
1000,42,45,-3,3
1001,96,88,8,8
1002,39,52,-13,13
1003,75,79,-4,4
1004,147,142,5,5
1005,102,104,-2,2
1006,212,187,25,25
1007,64,65,-1,1
1008,91,86,5,5
1009,39,40,-1,1
1010,92,100,-8,8
1011,159,147,12,12
1012,119,110,9,9
1013,128,125,3,3
1014,125,120,5,5
1015,63,67,-4,4
1016,117,112,5,5
1017,117,119,-2,2
1018,35,40,-5,5
1019,108,109,-1,1
1020,108,101,7,7
1021,77,75,2,2
1022,88,85,3,3
1023,45,53,-8,8
1024,88,101,-13,13
1025,110,100,10,10
1026,93,84,9,9
1027,77,80,-3,3
1028,144,132,12,12
1029,63,70,-7,7
1030,56,49,7,7
1031,143,133,10,10
1032,119,130,-11,11
1033,85,77,8,8
1034,94,88,6,6
1035,115,120,-5,5
1036,117,118,-1,1
1037,71,67,4,4
1038,79,80,-1,1
1039,119,89,30,30
1040,78,74,4,4
1041,101,111,-10,10
1042,89,93,-4,4
1043,91,94,-3,3
1044,112,107,5,5
1045,131,131,0,0
1046,43,49,-6,6
1047,162,156,6,6
1048,55,57,-2,2
1049,116,117,-1,1
1050,49,49,0,0
1051,88,78,10,10
1052,108,103,5,5
1053,72,67,5,5
1054,115,108,7,7
1055,55,58,-3,3
1056,146,134,12,12
1057,97,78,19,19
1058,81,78,3,3
1059,146,134,12,12
1060,133,123,10,10
1061,62,67,-5,5
1062,148,140,8,8
1063,98,88,10,10
1064,81,72,9,9
1065,73,75,-2,2
1066,81,74,7,7
1067,148,137,11,11
1068,141,127,14,14
1069,56,56,0,0
1070,123,117,6,6
1071,83,86,-3,3
1072,117,118,-1,1
1073,99,98,1,1
1074,99,103,-4,4
1075,64,63,1,1
1076,92,86,6,6
1077,40,39,1,1
1078,183,162,21,21
1079,44,59,-15,15
1080,115,114,1,1
1081,49,55,-6,6
1082,127,122,5,5
1083,155,139,16,16
1084,81,87,-6,6
1085,92,84,8,8
1086,74,65,9,9
1087,108,108,0,0
1088,57,61,-4,4
1089,61,68,-7,7
1090,125,107,18,18
1091,97,87,10,10
1092,60,97,-37,37
1093,78,76,2,2
1094,71,75,-4,4
1095,84,83,1,1
1096,177,162,15,15
1097,80,77,3,3
1098,130,133,-3,3
1099,81,82,-1,1
1100,88,90,-2,2
1101,56,54,2,2
1102,149,138,11,11
1103,92,79,13,13
1104,90,87,3,3
1105,45,51,-6,6
1106,63,72,-9,9
1107,92,91,1,1
1108,124,124,0,0
1109,140,136,4,4
1110,122,132,-10,10
1111,47,50,-3,3
1112,67,72,-5,5
1113,199,180,19,19
1114,110,131,-21,21
1115,78,83,-5,5
1116,42,45,-3,3
1117,51,58,-7,7
1118,183,151,32,32
1119,160,158,2,2
1120,117,114,3,3
1121,70,71,-1,1
1122,90,82,8,8
1123,101,107,-6,6
1124,73,74,-1,1
1125,64,66,-2,2
1126,69,68,1,1
1127,98,95,3,3
1128,121,120,1,1
1129,83,81,2,2
1130,170,166,4,4
1131,80,79,1,1
1132,68,72,-4,4
1133,130,136,-6,6
1134,66,74,-8,8
1135,65,82,-17,17
1136,95,92,3,3
1137,99,98,1,1
1138,95,117,-22,22
1139,174,165,9,9
1140,154,134,20,20
1141,121,108,13,13
1142,109,95,14,14
1143,87,102,-15,15
1144,61,51,10,10
1145,96,94,2,2
1146,96,92,4,4
1147,118,114,4,4
1148,97,86,11,11
1149,105,100,5,5
1150,87,83,4,4
1151,104,98,6,6
1152,80,85,-5,5
1153,54,59,-5,5
1154,92,87,5,5
1155,48,51,-3,3
1156,78,82,-4,4
1157,136,121,15,15
1158,139,127,12,12
1159,61,111,-50,50
1160,83,81,2,2
1161,103,109,-6,6
1162,128,126,2,2
1163,131,123,8,8
1164,76,75,1,1
1165,74,65,9,9
1166,135,134,1,1
1167,73,74,-1,1
1168,115,119,-4,4
1169,81,85,-4,4
1170,140,130,10,10
1171,69,74,-5,5
1172,46,51,-5,5
1173,109,103,6,6
1174,197,175,22,22
1175,111,121,-10,10
1176,100,97,3,3
1177,77,73,4,4
1178,66,71,-5,5
1179,67,70,-3,3
1180,120,134,-14,14
1181,349,341,8,8
1182,78,75,3,3
1183,118,122,-4,4
1184,51,65,-14,14
1185,82,83,-1,1
1186,49,47,2,2
1187,72,71,1,1
1188,112,273,-161,161
1189,140,120,20,20
1190,69,63,6,6
1191,94,94,0,0
1192,69,70,-1,1
1193,96,99,-3,3
1194,77,116,-39,39
1195,92,100,-8,8
1196,141,143,-2,2
1197,94,90,4,4
1198,92,80,12,12
1199,96,115,-19,19
1200,69,62,7,7
1201,35,48,-13,13
1202,78,75,3,3
1203,113,115,-2,2
1204,99,88,11,11
1205,108,104,4,4
1206,118,108,10,10
1207,95,93,2,2
1208,106,107,-1,1
1209,101,81,20,20
1210,77,87,-10,10
1211,97,90,7,7
1212,86,80,6,6
1213,60,61,-1,1
1214,101,108,-7,7
1215,105,93,12,12
1216,73,75,-2,2
1217,90,85,5,5
1218,121,110,11,11
1219,80,83,-3,3
1220,85,90,-5,5
1221,158,155,3,3
1222,75,77,-2,2
1223,70,76,-6,6
1224,66,71,-5,5
1225,107,102,5,5
1226,182,176,6,6
1227,134,128,6,6
1228,103,96,7,7
1229,69,74,-5,5
1230,95,88,7,7
1231,33,39,-6,6
1232,58,58,0,0
1233,63,70,-7,7
1234,115,99,16,16
1235,111,100,11,11
1236,128,116,12,12
1237,141,130,11,11
1238,50,54,-4,4
1239,129,111,18,18
1240,49,59,-10,10
1241,91,84,7,7
1242,131,119,12,12
1243,120,105,15,15
1244,91,87,4,4
1245,108,109,-1,1
1246,70,75,-5,5
1247,51,51,0,0
1248,92,97,-5,5
1249,77,75,2,2
1250,149,136,13,13
1251,117,109,8,8
1252,144,137,7,7
1253,82,72,10,10
1254,107,109,-2,2
1255,51,50,1,1
1256,55,60,-5,5
1257,101,100,1,1
1258,99,90,9,9
1259,114,104,10,10
1260,55,67,-12,12
1261,83,79,4,4
1262,174,164,10,10
1263,136,128,8,8
1264,89,91,-2,2
1265,67,76,-9,9
1266,81,81,0,0
1267,122,124,-2,2
1268,74,81,-7,7
1269,149,164,-15,15
1270,62,68,-6,6
1271,64,72,-8,8
1272,85,86,-1,1
1273,163,141,22,22
1274,72,70,2,2
1275,62,59,3,3
1276,50,55,-5,5
1277,57,62,-5,5
1278,82,89,-7,7
1279,58,61,-3,3
1280,51,50,1,1
1281,63,67,-4,4
1282,125,125,0,0
1283,78,84,-6,6
1284,57,54,3,3
1285,65,63,2,2
1286,111,116,-5,5
1287,90,83,7,7
1288,107,105,2,2
1289,81,76,5,5
1290,133,111,22,22
1291,111,118,-7,7
1292,64,73,-9,9
1293,56,76,-20,20
1294,51,60,-9,9
1295,64,67,-3,3
1296,156,150,6,6
1297,96,104,-8,8
1298,94,84,10,10
1299,65,91,-26,26
1300,167,155,12,12
1301,44,49,-5,5
1302,255,217,38,38
1303,80,76,4,4
1304,142,130,12,12
1305,73,63,10,10
1306,114,105,9,9
1307,81,72,9,9
1308,66,69,-3,3
1309,91,87,4,4
1310,106,94,12,12
1311,84,88,-4,4
1312,120,121,-1,1
1313,115,111,4,4
1314,130,123,7,7
1315,192,192,0,0
1316,150,139,11,11
1317,87,88,-1,1
1318,69,73,-4,4
1319,170,175,-5,5
1320,99,93,6,6
1321,72,78,-6,6
1322,106,100,6,6
1323,142,120,22,22
1324,44,47,-3,3
1325,87,93,-6,6
1326,72,75,-3,3
1327,116,105,11,11
1328,66,68,-2,2
1329,43,40,3,3
1330,145,139,6,6
1331,92,86,6,6
1332,86,86,0,0
1333,87,93,-6,6
1334,71,69,2,2
1335,136,126,10,10
1336,73,75,-2,2
1337,81,88,-7,7
1338,65,64,1,1
1339,97,84,13,13
1340,61,62,-1,1
1341,76,67,9,9
1342,55,53,2,2
1343,100,92,8,8
1344,120,121,-1,1
1345,110,120,-10,10
1346,103,102,1,1
1347,57,61,-4,4
1348,95,81,14,14
1349,82,84,-2,2
1350,105,114,-9,9
1351,68,73,-5,5
1352,177,161,16,16
1353,97,93,4,4
1354,150,130,20,20
1355,38,44,-6,6
1356,85,80,5,5
1357,79,79,0,0
1358,78,80,-2,2
1359,98,95,3,3
1360,138,130,8,8
1361,92,81,11,11
1362,110,104,6,6
1363,135,142,-7,7
1364,96,96,0,0
1365,107,98,9,9
1366,84,88,-4,4
1367,82,77,5,5
1368,87,105,-18,18
1369,58,60,-2,2
1370,55,53,2,2
1371,69,76,-7,7
1372,193,179,14,14
1373,102,107,-5,5
1374,105,96,9,9
1375,74,86,-12,12
1376,122,141,-19,19
1377,85,81,4,4
1378,103,100,3,3
1379,139,128,11,11
1380,91,85,6,6
1381,84,94,-10,10
1382,155,140,15,15
1383,73,71,2,2
1384,141,126,15,15
1385,70,65,5,5
1386,93,83,10,10
1387,100,88,12,12
1388,96,90,6,6
1389,56,60,-4,4
1390,93,117,-24,24
1391,97,119,-22,22
1392,43,45,-2,2
1393,58,55,3,3
1394,107,100,7,7
1395,118,113,5,5
1396,64,53,11,11
1397,114,97,17,17
1398,84,78,6,6
1399,68,72,-4,4
1400,170,150,20,20
1401,121,117,4,4
1402,180,172,8,8
1403,81,79,2,2
1404,131,122,9,9
1405,166,156,10,10
1406,83,82,1,1
1407,107,94,13,13
1408,95,96,-1,1
1409,88,76,12,12
1410,149,137,12,12
1411,160,155,5,5
1412,112,108,4,4
1413,145,141,4,4
1414,38,36,2,2
1415,104,98,6,6
1416,125,128,-3,3
1417,86,82,4,4
1418,105,100,5,5
1419,44,51,-7,7
1420,116,103,13,13
1421,136,126,10,10
1422,149,135,14,14
1423,135,106,29,29
1424,51,45,6,6
1425,94,102,-8,8
1426,88,97,-9,9
1427,128,130,-2,2
1428,148,142,6,6
1429,103,110,-7,7
1430,59,62,-3,3
1431,75,76,-1,1
1432,83,80,3,3
1433,73,72,1,1
1434,75,96,-21,21
1435,74,80,-6,6
1436,85,82,3,3
1437,74,71,3,3
1438,99,97,2,2
1439,122,122,0,0
1440,130,129,1,1
1441,61,67,-6,6
1442,48,46,2,2
1443,111,115,-4,4
1444,58,53,5,5
1445,61,75,-14,14
1446,129,130,-1,1
1447,55,55,0,0
1448,159,147,12,12
1449,81,78,3,3
1450,44,51,-7,7
1451,64,59,5,5
1452,105,97,8,8
1453,131,129,2,2
1454,188,175,13,13
1455,107,100,7,7
1456,74,76,-2,2
1457,155,165,-10,10
1458,93,84,9,9
1459,125,121,4,4
1460,113,119,-6,6
1461,81,79,2,2
1462,73,72,1,1
1463,78,74,4,4
1464,124,109,15,15
1465,68,73,-5,5
1466,90,90,0,0
1467,108,97,11,11
1468,73,73,0,0
1469,92,86,6,6
1470,118,117,1,1
1471,70,63,7,7
1472,98,100,-2,2
1473,70,67,3,3
1474,72,74,-2,2
1475,107,92,15,15
1476,112,107,5,5
1477,118,113,5,5
1478,86,81,5,5
1479,114,97,17,17
1480,121,111,10,10
1481,120,106,14,14
1482,275,219,56,56
1483,98,86,12,12
1484,95,104,-9,9
1485,80,72,8,8
1486,126,128,-2,2
1487,98,97,1,1
1488,133,144,-11,11
1489,61,65,-4,4
1490,129,120,9,9
1491,117,114,3,3
1492,54,75,-21,21
1493,54,59,-5,5
1494,48,54,-6,6
1495,85,79,6,6
1496,56,75,-19,19
1497,77,85,-8,8
1498,140,124,16,16
1499,69,71,-2,2
1500,88,88,0,0
1501,107,104,3,3
1502,81,80,1,1
1503,134,120,14,14
1504,80,79,1,1
1505,121,115,6,6
1506,111,104,7,7
1507,72,76,-4,4
1508,155,157,-2,2
1509,61,66,-5,5
1510,70,75,-5,5
1511,55,57,-2,2
1512,74,75,-1,1
1513,151,143,8,8
1514,38,41,-3,3
1515,164,185,-21,21
1516,66,76,-10,10
1517,58,55,3,3
1518,66,65,1,1
1519,116,101,15,15
1520,71,84,-13,13
1521,99,99,0,0
1522,108,118,-10,10
1523,77,79,-2,2
1524,56,60,-4,4
1525,126,110,16,16
1526,117,113,4,4
1527,71,66,5,5
1528,80,75,5,5
1529,69,70,-1,1
1530,76,68,8,8
1531,137,131,6,6
1532,184,169,15,15
1533,131,118,13,13
1534,149,137,12,12
1535,95,92,3,3
1536,122,119,3,3
1537,54,52,2,2
1538,88,88,0,0
1539,83,83,0,0
1540,69,75,-6,6
1541,87,100,-13,13
1542,156,154,2,2
1543,118,118,0,0
1544,55,60,-5,5
1545,83,81,2,2
1546,81,91,-10,10
1547,101,110,-9,9
1548,73,74,-1,1
1549,105,104,1,1
1550,82,84,-2,2
1551,65,66,-1,1
1552,78,76,2,2
1553,115,109,6,6
1554,133,123,10,10
1555,58,67,-9,9
1556,108,111,-3,3
1557,128,130,-2,2
1558,136,118,18,18
1559,37,45,-8,8
1560,95,101,-6,6
1561,121,116,5,5
1562,87,80,7,7
1563,100,119,-19,19
1564,89,80,9,9
1565,126,126,0,0
1566,109,120,-11,11
1567,103,99,4,4
1568,150,135,15,15
1569,94,122,-28,28
1570,148,156,-8,8
1571,60,60,0,0
1572,70,72,-2,2
1573,131,132,-1,1
1574,70,66,4,4
1575,95,99,-4,4
1576,66,72,-6,6
1577,86,76,10,10
1578,91,83,8,8
1579,75,81,-6,6
1580,46,52,-6,6
1581,100,102,-2,2
1582,98,89,9,9
1583,92,82,10,10
1584,112,101,11,11
1585,167,154,13,13
1586,90,96,-6,6
1587,109,100,9,9
1588,93,106,-13,13
1589,61,66,-5,5
1590,123,115,8,8
1591,93,94,-1,1
1592,74,68,6,6
1593,36,40,-4,4
1594,89,82,7,7
1595,144,152,-8,8
1596,80,79,1,1
1597,114,111,3,3
1598,106,108,-2,2
1599,57,62,-5,5
1600,70,79,-9,9
1601,112,113,-1,1
1602,92,84,8,8
1603,106,99,7,7
1604,122,126,-4,4
1605,128,122,6,6
1606,109,107,2,2
1607,75,74,1,1
1608,120,111,9,9
1609,60,55,5,5
1610,137,123,14,14
1611,78,79,-1,1
1612,93,98,-5,5
1613,91,85,6,6
1614,84,81,3,3
1615,137,130,7,7
1616,43,51,-8,8
1617,74,64,10,10
1618,77,73,4,4
1619,114,115,-1,1
1620,104,89,15,15
1621,101,104,-3,3
1622,43,44,-1,1
1623,106,103,3,3
1624,90,84,6,6
1625,114,117,-3,3
1626,82,71,11,11
1627,62,71,-9,9
1628,112,106,6,6
1629,46,53,-7,7
1630,104,95,9,9
1631,106,102,4,4
1632,62,60,2,2
1633,123,120,3,3
1634,95,93,2,2
1635,64,70,-6,6
1636,76,81,-5,5
1637,104,100,4,4
1638,126,122,4,4
1639,144,134,10,10
1640,119,120,-1,1
1641,74,70,4,4
1642,51,58,-7,7
1643,91,91,0,0
1644,86,91,-5,5
1645,95,88,7,7
1646,72,74,-2,2
1647,162,149,13,13
1648,87,80,7,7
1649,91,90,1,1
1650,122,132,-10,10
1651,70,72,-2,2
1652,106,114,-8,8
1653,89,95,-6,6
1654,59,54,5,5
1655,44,46,-2,2
1656,74,67,7,7
1657,77,78,-1,1
1658,135,126,9,9
1659,107,103,4,4
1660,64,63,1,1
1661,52,70,-18,18
1662,61,64,-3,3
1663,74,74,0,0
1664,87,102,-15,15
1665,106,99,7,7
1666,64,64,0,0
1667,70,74,-4,4
1668,77,78,-1,1
1669,62,61,1,1
1670,67,67,0,0
1671,109,104,5,5
1672,118,118,0,0
1673,74,80,-6,6
1674,100,95,5,5
1675,83,97,-14,14
1676,83,75,8,8
1677,121,114,7,7
1678,79,83,-4,4
1679,46,47,-1,1
1680,92,80,12,12
1681,102,97,5,5
1682,103,93,10,10
1683,64,58,6,6
1684,101,93,8,8
1685,105,100,5,5
1686,55,57,-2,2
1687,66,64,2,2
1688,60,63,-3,3
1689,62,67,-5,5
1690,150,149,1,1
1691,84,87,-3,3
1692,98,105,-7,7
1693,59,65,-6,6
1694,57,63,-6,6
1695,88,124,-36,36
1696,146,146,0,0
1697,58,61,-3,3
1698,73,68,5,5
1699,192,177,15,15
1700,58,56,2,2
1701,97,96,1,1
1702,84,81,3,3
1703,149,138,11,11
1704,162,140,22,22
1705,53,67,-14,14
1706,48,56,-8,8
1707,103,112,-9,9
1708,64,66,-2,2
1709,85,81,4,4
1710,64,68,-4,4
1711,73,72,1,1
1712,72,68,4,4
1713,136,115,21,21
1714,103,94,9,9
1715,161,150,11,11
1716,89,84,5,5
1717,102,91,11,11
1718,66,112,-46,46
1719,87,81,6,6
1720,101,99,2,2
1721,90,93,-3,3
1722,108,112,-4,4
1723,59,64,-5,5
1724,118,112,6,6
1725,56,56,0,0
1726,195,182,13,13
1727,70,69,1,1
1728,90,88,2,2
1729,108,112,-4,4
1730,118,130,-12,12
1731,74,76,-2,2
1732,115,109,6,6
1733,31,34,-3,3
1734,121,126,-5,5
1735,43,42,1,1
1736,78,73,5,5
1737,63,65,-2,2
1738,57,55,2,2
1739,53,59,-6,6
1740,63,66,-3,3
1741,88,84,4,4
1742,80,86,-6,6
1743,133,138,-5,5
1744,90,82,8,8
1745,130,127,3,3
1746,70,71,-1,1
1747,169,148,21,21
1748,45,50,-5,5
1749,171,162,9,9
1750,84,80,4,4
1751,95,97,-2,2
1752,73,77,-4,4
1753,59,62,-3,3
1754,82,87,-5,5
1755,101,92,9,9
1756,77,84,-7,7
1757,57,66,-9,9
1758,97,91,6,6
1759,69,72,-3,3
1760,82,72,10,10
1761,60,78,-18,18
1762,70,70,0,0
1763,79,80,-1,1
1764,127,123,4,4
1765,92,104,-12,12
1766,119,119,0,0
1767,59,60,-1,1
1768,66,73,-7,7
1769,44,51,-7,7
1770,46,44,2,2
1771,129,114,15,15
1772,93,82,11,11
1773,98,123,-25,25
1774,89,83,6,6
1775,74,72,2,2
1776,96,94,2,2
1777,103,92,11,11
1778,84,88,-4,4
1779,75,73,2,2
1780,167,149,18,18
1781,85,83,2,2
1782,108,117,-9,9
1783,59,61,-2,2
1784,101,100,1,1
1785,76,74,2,2
1786,118,116,2,2
1787,67,69,-2,2
1788,53,67,-14,14
1789,108,106,2,2
1790,103,100,3,3
1791,130,139,-9,9
1792,83,81,2,2
1793,52,67,-15,15
1794,79,82,-3,3
1795,80,84,-4,4
1796,88,67,21,21
1797,55,59,-4,4
1798,53,56,-3,3
1799,116,106,10,10
1800,103,98,5,5
1801,73,78,-5,5
1802,72,74,-2,2
1803,155,140,15,15
1804,205,200,5,5
1805,55,56,-1,1
1806,119,117,2,2
1807,93,84,9,9
1808,81,81,0,0
1809,93,87,6,6
1810,121,121,0,0
1811,62,61,1,1
1812,61,67,-6,6
1813,113,112,1,1
1814,79,75,4,4
1815,130,130,0,0
1816,68,76,-8,8
1817,81,79,2,2
1818,114,102,12,12
1819,101,84,17,17
1820,63,57,6,6
1821,87,102,-15,15
1822,117,117,0,0
1823,114,114,0,0
1824,109,104,5,5
1825,96,88,8,8
1826,54,59,-5,5
1827,132,125,7,7
1828,85,91,-6,6
1829,70,67,3,3
1830,60,55,5,5
1831,68,70,-2,2
1832,48,45,3,3
1833,75,79,-4,4
1834,126,118,8,8
1835,106,100,6,6
1836,60,62,-2,2
1837,70,65,5,5
1838,52,49,3,3
1839,86,79,7,7
1840,74,71,3,3
1841,118,108,10,10
1842,43,49,-6,6
1843,207,197,10,10
1844,97,87,10,10
1845,78,75,3,3
1846,100,102,-2,2
1847,108,100,8,8
1848,73,72,1,1
1849,151,141,10,10
1850,45,49,-4,4
1851,81,76,5,5
1852,68,70,-2,2
1853,140,148,-8,8
1854,121,113,8,8
1855,88,103,-15,15
1856,42,47,-5,5
1857,76,78,-2,2
1858,89,83,6,6
1859,61,63,-2,2
1860,98,87,11,11
1861,78,80,-2,2
1862,54,58,-4,4
1863,128,146,-18,18
1864,160,152,8,8
1865,65,69,-4,4
1866,109,103,6,6
1867,149,157,-8,8
1868,112,105,7,7
1869,78,73,5,5
1870,61,58,3,3
1871,82,75,7,7
1872,54,53,1,1
1873,45,54,-9,9
1874,102,96,6,6
1875,92,90,2,2
1876,121,118,3,3
1877,119,117,2,2
1878,84,78,6,6
1879,99,104,-5,5
1880,116,118,-2,2
1881,119,112,7,7
1882,157,152,5,5
1883,119,105,14,14
1884,92,84,8,8
1885,60,69,-9,9
1886,101,101,0,0
1887,90,90,0,0
1888,132,135,-3,3
1889,156,146,10,10
1890,101,97,4,4
1891,88,83,5,5
1892,141,116,25,25
1893,56,61,-5,5
1894,85,75,10,10
1895,182,164,18,18
1896,127,113,14,14
1897,76,73,3,3
1898,83,77,6,6
1899,59,61,-2,2
1900,33,42,-9,9
1901,38,43,-5,5
1902,90,79,11,11
1903,87,100,-13,13
1904,81,86,-5,5
1905,123,124,-1,1
1906,111,106,5,5
1907,207,207,0,0
1908,140,134,6,6
1909,90,82,8,8
1910,67,73,-6,6
1911,102,131,-29,29
1912,65,68,-3,3
1913,81,82,-1,1
1914,75,75,0,0
1915,93,95,-2,2
1916,87,100,-13,13
1917,183,161,22,22
1918,95,93,2,2
1919,200,191,9,9
1920,95,91,4,4
1921,199,180,19,19
1922,87,75,12,12
1923,56,56,0,0
1924,55,67,-12,12
1925,90,94,-4,4
1926,64,72,-8,8
1927,57,58,-1,1
1928,179,187,-8,8
1929,78,75,3,3
1930,54,57,-3,3
1931,112,104,8,8
1932,69,83,-14,14
1933,73,79,-6,6
1934,64,70,-6,6
1935,65,72,-7,7
1936,63,63,0,0
1937,159,146,13,13
1938,71,75,-4,4
1939,90,83,7,7
1940,116,113,3,3
1941,110,107,3,3
1942,80,84,-4,4
1943,116,123,-7,7
1944,101,105,-4,4
1945,145,139,6,6
1946,144,143,1,1
1947,163,146,17,17
1948,115,124,-9,9
1949,115,123,-8,8
1950,102,107,-5,5
1951,105,94,11,11
1952,61,61,0,0
1953,74,77,-3,3
1954,88,84,4,4
1955,86,79,7,7
1956,98,99,-1,1
1957,113,108,5,5
1958,82,70,12,12
1959,124,107,17,17
1960,76,73,3,3
1961,137,135,2,2
1962,88,96,-8,8
1963,130,122,8,8
1964,75,68,7,7
1965,97,82,15,15
1966,114,120,-6,6
1967,92,86,6,6
1968,106,103,3,3
1969,89,90,-1,1
1970,72,88,-16,16
1971,92,88,4,4
1972,66,67,-1,1
1973,26,27,-1,1
1974,106,100,6,6
1975,82,83,-1,1
1976,112,111,1,1
1977,94,86,8,8
1978,106,101,5,5
1979,114,105,9,9
1980,85,100,-15,15
1981,144,144,0,0
1982,137,123,14,14
1983,56,64,-8,8
1984,62,51,11,11
1985,65,72,-7,7
1986,71,76,-5,5
1987,78,85,-7,7
1988,66,59,7,7
1989,106,107,-1,1
1990,74,100,-26,26
1991,46,122,-76,76
1992,140,128,12,12
1993,129,122,7,7
1994,83,83,0,0
1995,81,82,-1,1
1996,49,50,-1,1
1997,124,118,6,6
1998,42,39,3,3
1999,89,84,5,5
2000,101,94,7,7
2001,184,196,-12,12
2002,113,109,4,4
2003,212,200,12,12
2004,120,110,10,10
2005,95,93,2,2
2006,120,118,2,2
2007,97,92,5,5
2008,72,73,-1,1
2009,80,69,11,11
2010,87,94,-7,7
2011,100,95,5,5
2012,185,177,8,8
2013,90,87,3,3
2014,77,79,-2,2
2015,67,70,-3,3
2016,63,70,-7,7
2017,74,73,1,1
2018,104,95,9,9
2019,129,126,3,3
2020,73,71,2,2
2021,128,122,6,6
2022,64,68,-4,4
2023,88,79,9,9
2024,47,59,-12,12
2025,68,64,4,4
2026,75,71,4,4
2027,75,74,1,1
2028,80,83,-3,3
2029,61,67,-6,6
2030,74,74,0,0
2031,79,81,-2,2
2032,62,72,-10,10
2033,121,126,-5,5
2034,77,77,0,0
2035,104,104,0,0
2036,116,112,4,4
2037,61,76,-15,15
2038,86,80,6,6
2039,83,92,-9,9
2040,119,125,-6,6
2041,109,115,-6,6
2042,83,93,-10,10
2043,66,70,-4,4
2044,112,112,0,0
2045,110,109,1,1
2046,115,122,-7,7
2047,97,95,2,2
2048,115,113,2,2
2049,78,80,-2,2
2050,58,59,-1,1
2051,98,101,-3,3
2052,104,98,6,6
2053,109,99,10,10
2054,143,133,10,10
2055,98,96,2,2
2056,56,64,-8,8
2057,61,63,-2,2
2058,86,80,6,6
2059,73,75,-2,2
2060,101,98,3,3
2061,165,148,17,17
2062,64,67,-3,3
2063,62,60,2,2
2064,68,69,-1,1
2065,101,103,-2,2
2066,72,80,-8,8
2067,56,58,-2,2
2068,109,98,11,11
2069,63,61,2,2
2070,48,53,-5,5
2071,134,135,-1,1
2072,91,98,-7,7
2073,80,82,-2,2
2074,112,105,7,7
2075,49,52,-3,3
2076,91,85,6,6
2077,75,80,-5,5
2078,86,75,11,11
2079,142,127,15,15
2080,79,72,7,7
2081,122,129,-7,7
2082,139,135,4,4
2083,79,72,7,7
2084,184,164,20,20
2085,134,161,-27,27
2086,99,92,7,7
2087,59,68,-9,9
2088,77,79,-2,2
2089,84,81,3,3
2090,116,118,-2,2
2091,41,40,1,1
2092,70,70,0,0
2093,39,43,-4,4
2094,82,81,1,1
2095,58,61,-3,3
2096,166,155,11,11
2097,71,74,-3,3
2098,119,111,8,8
2099,92,98,-6,6
2100,116,117,-1,1
2101,121,109,12,12
2102,106,101,5,5
2103,82,80,2,2
2104,137,133,4,4
2105,113,116,-3,3
2106,84,86,-2,2
2107,136,123,13,13
2108,57,59,-2,2
2109,142,132,10,10
2110,55,52,3,3
2111,82,79,3,3
2112,208,190,18,18
2113,101,86,15,15
2114,156,161,-5,5
2115,175,157,18,18
2116,137,119,18,18
2117,105,118,-13,13
2118,84,85,-1,1
2119,78,79,-1,1
2120,115,101,14,14
2121,74,73,1,1
2122,67,68,-1,1
2123,46,48,-2,2
2124,123,116,7,7
2125,68,67,1,1
2126,110,117,-7,7
2127,95,89,6,6
2128,77,84,-7,7
2129,86,93,-7,7
2130,62,59,3,3
2131,91,81,10,10
2132,76,77,-1,1
2133,92,78,14,14
2134,98,88,10,10
2135,108,103,5,5
2136,142,135,7,7
2137,111,88,23,23
2138,96,97,-1,1
2139,86,82,4,4
2140,138,130,8,8
2141,89,89,0,0
2142,149,129,20,20
2143,82,83,-1,1
2144,135,131,4,4
2145,94,88,6,6
2146,79,82,-3,3
2147,84,82,2,2
2148,44,82,-38,38
2149,46,63,-17,17
2150,96,91,5,5
2151,114,109,5,5
2152,57,63,-6,6
2153,79,76,3,3
2154,78,89,-11,11
2155,117,135,-18,18
2156,98,87,11,11
2157,57,54,3,3
2158,99,88,11,11
2159,97,89,8,8
2160,98,86,12,12
2161,70,68,2,2
2162,102,105,-3,3
2163,82,84,-2,2
2164,81,79,2,2
2165,69,72,-3,3
2166,66,63,3,3
2167,97,82,15,15
2168,86,86,0,0
2169,58,59,-1,1
2170,83,90,-7,7
2171,78,79,-1,1
2172,64,61,3,3
2173,127,99,28,28
2174,73,64,9,9
2175,70,79,-9,9
2176,93,96,-3,3
2177,116,114,2,2
2178,103,87,16,16
2179,44,51,-7,7
2180,84,92,-8,8
2181,116,99,17,17
2182,102,106,-4,4
2183,56,52,4,4
2184,117,111,6,6
2185,111,108,3,3
2186,82,86,-4,4
2187,115,106,9,9
2188,96,105,-9,9
2189,137,113,24,24
2190,111,107,4,4
2191,63,70,-7,7
2192,65,63,2,2
2193,57,56,1,1
2194,82,72,10,10
2195,64,83,-19,19
2196,100,98,2,2
2197,68,67,1,1
2198,57,65,-8,8
2199,76,72,4,4
2200,138,132,6,6
2201,61,70,-9,9
2202,80,84,-4,4
2203,98,101,-3,3
2204,137,133,4,4
2205,101,94,7,7
2206,122,123,-1,1
2207,75,82,-7,7
2208,118,113,5,5
2209,87,87,0,0
2210,116,117,-1,1
2211,97,95,2,2
2212,147,160,-13,13
2213,74,70,4,4
2214,55,62,-7,7
2215,110,97,13,13
2216,93,91,2,2
2217,64,72,-8,8
2218,105,112,-7,7
2219,70,98,-28,28
2220,92,82,10,10
2221,63,65,-2,2
2222,93,90,3,3
2223,60,64,-4,4
2224,82,81,1,1
2225,108,104,4,4
2226,118,117,1,1
2227,167,164,3,3
2228,112,109,3,3
2229,85,83,2,2
2230,77,91,-14,14
2231,105,105,0,0
2232,144,139,5,5
2233,159,157,2,2
2234,68,68,0,0
2235,42,40,2,2
2236,111,128,-17,17
2237,67,78,-11,11
2238,135,125,10,10
2239,45,57,-12,12
2240,79,76,3,3
2241,117,118,-1,1
2242,94,88,6,6
2243,44,81,-37,37
2244,94,102,-8,8
2245,140,129,11,11
2246,98,91,7,7
2247,66,73,-7,7
2248,63,67,-4,4
2249,65,71,-6,6
2250,104,106,-2,2
2251,92,96,-4,4
2252,86,87,-1,1
2253,81,81,0,0
2254,77,86,-9,9
2255,78,76,2,2
2256,48,56,-8,8
2257,39,37,2,2
2258,47,42,5,5
2259,94,102,-8,8
2260,161,151,10,10
2261,72,61,11,11
2262,35,42,-7,7
2263,89,101,-12,12
2264,69,90,-21,21
2265,102,105,-3,3
2266,79,98,-19,19
2267,107,96,11,11
2268,111,126,-15,15
2269,95,97,-2,2
2270,102,102,0,0
2271,89,94,-5,5
2272,65,64,1,1
2273,108,105,3,3
2274,57,71,-14,14
2275,103,100,3,3
2276,151,126,25,25
2277,184,167,17,17
2278,78,76,2,2
2279,185,156,29,29
2280,63,71,-8,8
2281,131,129,2,2
2282,155,138,17,17
2283,87,80,7,7
2284,136,131,5,5
2285,104,106,-2,2
2286,54,54,0,0
2287,107,107,0,0
2288,64,61,3,3
2289,68,71,-3,3
2290,90,90,0,0
2291,65,72,-7,7
2292,86,92,-6,6
2293,78,78,0,0
2294,72,66,6,6
2295,50,62,-12,12
2296,107,105,2,2
2297,101,218,-117,117
2298,104,100,4,4
2299,47,49,-2,2
2300,87,82,5,5
2301,102,104,-2,2
2302,103,93,10,10
2303,62,54,8,8
2304,57,60,-3,3
2305,68,75,-7,7
2306,109,107,2,2
2307,80,84,-4,4
2308,76,84,-8,8
2309,97,99,-2,2
2310,83,78,5,5
2311,116,113,3,3
2312,72,67,5,5
2313,49,56,-7,7
2314,108,111,-3,3
2315,106,94,12,12
2316,135,122,13,13
2317,115,118,-3,3
2318,111,101,10,10
2319,95,83,12,12
2320,56,69,-13,13
2321,154,135,19,19
2322,106,104,2,2
2323,71,73,-2,2
2324,92,83,9,9
2325,96,83,13,13
2326,75,78,-3,3
2327,127,112,15,15
2328,66,70,-4,4
2329,78,73,5,5
2330,148,145,3,3
2331,95,89,6,6
2332,145,122,23,23
2333,80,85,-5,5
2334,48,50,-2,2
2335,73,83,-10,10
2336,128,132,-4,4
2337,38,48,-10,10
2338,180,173,7,7
2339,63,66,-3,3
2340,60,60,0,0
2341,149,145,4,4
2342,97,101,-4,4
2343,57,63,-6,6
2344,158,140,18,18
2345,85,88,-3,3
2346,83,74,9,9
2347,145,135,10,10
2348,76,75,1,1
2349,107,100,7,7
2350,177,166,11,11
2351,106,95,11,11
2352,73,75,-2,2
2353,43,46,-3,3
2354,141,120,21,21
2355,100,104,-4,4
2356,81,100,-19,19
2357,267,214,53,53
2358,69,70,-1,1
2359,114,117,-3,3
2360,110,108,2,2
2361,107,108,-1,1
2362,95,83,12,12
2363,92,83,9,9
2364,166,145,21,21
2365,83,84,-1,1
2366,140,128,12,12
2367,102,95,7,7
2368,82,84,-2,2
2369,88,92,-4,4
2370,129,111,18,18
2371,171,175,-4,4
2372,53,56,-3,3
2373,139,119,20,20
2374,131,118,13,13
2375,137,123,14,14
2376,65,69,-4,4
2377,83,83,0,0
2378,191,186,5,5
2379,65,59,6,6
2380,197,184,13,13
2381,101,99,2,2
2382,147,143,4,4
2383,159,157,2,2
2384,46,50,-4,4
2385,151,143,8,8
2386,104,97,7,7
2387,132,133,-1,1
2388,67,65,2,2
2389,80,78,2,2
2390,198,185,13,13
2391,116,130,-14,14
2392,72,106,-34,34
2393,152,137,15,15
2394,63,74,-11,11
2395,61,65,-4,4
2396,112,111,1,1
2397,96,85,11,11
2398,90,85,5,5
2399,118,119,-1,1
2400,102,105,-3,3
2401,65,65,0,0
2402,93,95,-2,2
2403,64,63,1,1
2404,88,117,-29,29
2405,116,110,6,6
2406,94,103,-9,9
2407,96,105,-9,9
2408,83,100,-17,17
2409,125,125,0,0
2410,71,67,4,4
2411,147,151,-4,4
2412,117,119,-2,2
2413,125,120,5,5
2414,65,61,4,4
2415,69,74,-5,5
2416,72,73,-1,1
2417,80,83,-3,3
2418,73,71,2,2
2419,62,67,-5,5
2420,126,122,4,4
2421,56,58,-2,2
2422,90,96,-6,6
2423,95,100,-5,5
2424,67,73,-6,6
2425,37,42,-5,5
2426,128,118,10,10
2427,63,62,1,1
2428,32,45,-13,13
2429,63,61,2,2
2430,42,54,-12,12
2431,90,90,0,0
2432,58,61,-3,3
2433,159,139,20,20
2434,114,120,-6,6
2435,76,75,1,1
2436,71,72,-1,1
2437,91,87,4,4
2438,144,129,15,15
2439,71,68,3,3
2440,70,75,-5,5
2441,109,109,0,0
2442,86,83,3,3
2443,114,115,-1,1
2444,66,57,9,9
2445,92,83,9,9
2446,71,73,-2,2
2447,92,84,8,8
2448,137,149,-12,12
2449,73,83,-10,10
2450,73,74,-1,1
2451,101,94,7,7
2452,119,112,7,7
2453,97,96,1,1
2454,110,103,7,7
2455,69,67,2,2
2456,81,75,6,6
2457,67,70,-3,3
2458,139,130,9,9
2459,88,84,4,4
2460,114,108,6,6
2461,64,61,3,3
2462,86,83,3,3
2463,122,117,5,5
2464,122,113,9,9
2465,94,86,8,8
2466,128,127,1,1
2467,83,78,5,5
2468,92,88,4,4
2469,175,167,8,8
2470,141,137,4,4
2471,72,78,-6,6
2472,135,141,-6,6
2473,84,80,4,4
2474,123,118,5,5
2475,113,115,-2,2
2476,135,130,5,5
2477,83,81,2,2
2478,58,66,-8,8
2479,146,144,2,2
2480,123,123,0,0
2481,50,51,-1,1
2482,67,78,-11,11
2483,80,83,-3,3
2484,136,130,6,6
2485,165,159,6,6
2486,84,77,7,7
2487,107,100,7,7
2488,151,147,4,4
2489,111,110,1,1
2490,51,60,-9,9
2491,78,80,-2,2
2492,145,123,22,22
2493,54,60,-6,6
2494,86,80,6,6
2495,93,88,5,5
2496,117,105,12,12
2497,52,56,-4,4
2498,84,89,-5,5
2499,196,194,2,2
2500,70,64,6,6
2501,166,165,1,1
2502,103,87,16,16
2503,67,80,-13,13
2504,54,57,-3,3
2505,91,86,5,5
2506,124,121,3,3
2507,80,78,2,2
2508,111,110,1,1
2509,108,93,15,15
2510,134,136,-2,2
2511,98,95,3,3
2512,64,90,-26,26
2513,73,76,-3,3
2514,94,93,1,1
2515,61,75,-14,14
2516,90,95,-5,5
2517,102,99,3,3
2518,150,136,14,14
2519,97,102,-5,5
2520,76,74,2,2
2521,58,63,-5,5
2522,90,75,15,15
2523,70,70,0,0
2524,65,69,-4,4
2525,78,77,1,1
2526,53,58,-5,5
2527,83,75,8,8
2528,103,83,20,20
2529,74,73,1,1
2530,173,166,7,7
2531,63,68,-5,5
2532,104,102,2,2
2533,96,100,-4,4
2534,110,119,-9,9
2535,83,78,5,5
2536,89,89,0,0
2537,95,101,-6,6
2538,74,82,-8,8
2539,55,54,1,1
2540,117,115,2,2
2541,32,31,1,1
2542,64,73,-9,9
2543,103,87,16,16
2544,121,121,0,0
2545,129,117,12,12
2546,90,100,-10,10
2547,119,142,-23,23
2548,105,92,13,13
2549,78,74,4,4
2550,159,141,18,18
2551,73,76,-3,3
2552,128,125,3,3
2553,149,148,1,1
2554,129,110,19,19
2555,87,91,-4,4
2556,69,72,-3,3
2557,120,115,5,5
2558,57,58,-1,1
2559,107,115,-8,8
2560,56,58,-2,2
2561,128,85,43,43
2562,153,136,17,17
2563,114,123,-9,9
2564,96,99,-3,3
2565,111,106,5,5
2566,130,131,-1,1
2567,88,88,0,0
2568,75,75,0,0
2569,85,88,-3,3
2570,105,103,2,2
2571,48,50,-2,2
2572,98,95,3,3
2573,62,70,-8,8
2574,142,135,7,7
2575,91,77,14,14
2576,85,83,2,2
2577,67,66,1,1
2578,116,109,7,7
2579,82,86,-4,4
2580,136,138,-2,2
2581,145,124,21,21
2582,76,79,-3,3
2583,46,53,-7,7
2584,112,127,-15,15
2585,119,122,-3,3
2586,75,89,-14,14
2587,58,68,-10,10
2588,90,97,-7,7
2589,106,114,-8,8
2590,117,113,4,4
2591,97,91,6,6
2592,142,148,-6,6
2593,156,146,10,10
2594,136,97,39,39
2595,73,79,-6,6
2596,98,85,13,13
2597,79,82,-3,3
2598,130,131,-1,1
2599,114,118,-4,4
2600,122,123,-1,1
2601,87,80,7,7
2602,136,126,10,10
2603,157,142,15,15
2604,53,55,-2,2
2605,106,102,4,4
2606,62,67,-5,5
2607,87,88,-1,1
2608,75,72,3,3
2609,71,73,-2,2
2610,87,83,4,4
2611,81,79,2,2
2612,110,103,7,7
2613,119,118,1,1
2614,103,98,5,5
2615,65,62,3,3
2616,137,120,17,17
2617,66,76,-10,10
2618,78,74,4,4
2619,93,99,-6,6
2620,117,110,7,7
2621,95,91,4,4
2622,88,81,7,7
2623,102,87,15,15
2624,49,53,-4,4
2625,82,77,5,5
2626,70,75,-5,5
2627,78,84,-6,6
2628,75,72,3,3
2629,80,80,0,0
2630,133,124,9,9
2631,82,82,0,0
2632,147,111,36,36
2633,174,163,11,11
2634,65,67,-2,2
2635,95,94,1,1
2636,105,93,12,12
2637,72,68,4,4
2638,78,78,0,0
2639,137,133,4,4
2640,153,142,11,11
2641,131,147,-16,16
2642,53,57,-4,4
2643,88,79,9,9
2644,74,76,-2,2
2645,62,64,-2,2
2646,97,105,-8,8
2647,121,118,3,3
2648,106,107,-1,1
2649,76,104,-28,28
2650,103,103,0,0
2651,87,80,7,7
2652,67,66,1,1
2653,68,94,-26,26
2654,123,110,13,13
2655,68,68,0,0
2656,115,113,2,2
2657,116,103,13,13
2658,95,87,8,8
2659,57,65,-8,8
2660,106,101,5,5
2661,85,83,2,2
2662,106,92,14,14
2663,87,81,6,6
2664,86,85,1,1
2665,84,84,0,0
2666,60,60,0,0
2667,99,102,-3,3
2668,84,102,-18,18
2669,60,61,-1,1
2670,134,118,16,16
2671,130,129,1,1
2672,78,74,4,4
2673,62,65,-3,3
2674,90,80,10,10
2675,105,110,-5,5
2676,104,104,0,0
2677,102,100,2,2
2678,125,123,2,2
2679,74,66,8,8
2680,100,98,2,2
2681,103,106,-3,3
2682,77,68,9,9
2683,86,82,4,4
2684,97,102,-5,5
2685,81,85,-4,4
2686,88,92,-4,4
2687,52,58,-6,6
2688,59,69,-10,10
2689,89,81,8,8
2690,51,68,-17,17
2691,45,56,-11,11
2692,103,112,-9,9
2693,70,78,-8,8
2694,148,144,4,4
2695,91,96,-5,5
2696,45,46,-1,1
2697,146,146,0,0
2698,119,118,1,1
2699,107,111,-4,4
2700,170,153,17,17
2701,62,62,0,0
2702,130,109,21,21
2703,40,58,-18,18
2704,91,84,7,7
2705,61,64,-3,3
2706,72,66,6,6
2707,113,114,-1,1
2708,120,101,19,19
2709,52,54,-2,2
2710,43,52,-9,9
2711,63,62,1,1
2712,106,111,-5,5
2713,109,108,1,1
2714,136,133,3,3
2715,100,100,0,0
2716,58,62,-4,4
2717,64,65,-1,1
2718,135,136,-1,1
2719,125,123,2,2
2720,91,105,-14,14
2721,81,83,-2,2
2722,53,54,-1,1
2723,120,118,2,2
2724,96,98,-2,2
2725,42,38,4,4
2726,122,121,1,1
2727,67,64,3,3
2728,97,86,11,11
2729,65,66,-1,1
2730,86,91,-5,5
2731,72,70,2,2
2732,62,62,0,0
2733,72,69,3,3
2734,83,72,11,11
2735,129,126,3,3
2736,109,106,3,3
2737,72,83,-11,11
2738,78,81,-3,3
2739,175,180,-5,5
2740,125,121,4,4
2741,65,59,6,6
2742,122,119,3,3
2743,79,81,-2,2
2744,35,45,-10,10
2745,86,90,-4,4
2746,120,112,8,8
2747,96,95,1,1
2748,152,150,2,2
2749,114,120,-6,6
2750,94,99,-5,5
2751,67,69,-2,2
2752,94,96,-2,2
2753,145,125,20,20
2754,52,58,-6,6
2755,108,111,-3,3
2756,86,94,-8,8
2757,91,89,2,2
2758,132,126,6,6
2759,160,158,2,2
2760,94,86,8,8
2761,136,122,14,14
2762,46,45,1,1
2763,76,69,7,7
2764,66,70,-4,4
2765,72,74,-2,2
2766,102,102,0,0
2767,77,79,-2,2
2768,56,58,-2,2
2769,139,139,0,0
2770,217,196,21,21
2771,105,106,-1,1
2772,86,78,8,8
2773,172,157,15,15
2774,131,128,3,3
2775,141,133,8,8
2776,85,87,-2,2
2777,68,63,5,5
2778,90,91,-1,1
2779,75,75,0,0
2780,82,83,-1,1
2781,76,73,3,3
2782,92,90,2,2
2783,76,76,0,0
2784,108,103,5,5
2785,99,94,5,5
2786,65,70,-5,5
2787,101,109,-8,8
2788,196,182,14,14
2789,80,83,-3,3
2790,130,130,0,0
2791,57,73,-16,16
2792,105,94,11,11
2793,83,83,0,0
2794,75,88,-13,13
2795,37,42,-5,5
2796,92,101,-9,9
2797,70,71,-1,1
2798,35,38,-3,3
2799,120,109,11,11
2800,87,77,10,10
2801,56,53,3,3
2802,84,80,4,4
2803,185,175,10,10
2804,95,86,9,9
2805,76,74,2,2
2806,60,61,-1,1
2807,84,85,-1,1
2808,67,67,0,0
2809,79,77,2,2
2810,106,103,3,3
2811,121,117,4,4
2812,81,88,-7,7
2813,93,87,6,6
2814,150,141,9,9
2815,104,109,-5,5
2816,95,90,5,5
2817,120,111,9,9
2818,140,142,-2,2
2819,106,116,-10,10
2820,92,79,13,13
2821,75,74,1,1
2822,69,80,-11,11
2823,78,74,4,4
2824,57,62,-5,5
2825,71,67,4,4
2826,110,103,7,7
2827,90,87,3,3
2828,58,59,-1,1
2829,52,56,-4,4
2830,108,110,-2,2
2831,53,62,-9,9
2832,102,98,4,4
2833,89,91,-2,2
2834,158,143,15,15
2835,81,74,7,7
2836,93,102,-9,9
2837,127,120,7,7
2838,117,112,5,5
2839,105,97,8,8
2840,133,125,8,8
2841,106,95,11,11
2842,149,139,10,10
2843,117,113,4,4
2844,92,89,3,3
2845,74,72,2,2
2846,156,146,10,10
2847,90,85,5,5
2848,116,117,-1,1
2849,118,115,3,3
2850,109,109,0,0
2851,110,106,4,4
2852,84,87,-3,3
2853,120,108,12,12
2854,145,141,4,4
2855,64,66,-2,2
2856,95,111,-16,16
2857,54,57,-3,3
2858,109,102,7,7
2859,81,79,2,2
2860,74,76,-2,2
2861,123,126,-3,3
2862,88,90,-2,2
2863,153,156,-3,3
2864,119,125,-6,6
2865,100,97,3,3
2866,91,84,7,7
2867,85,71,14,14
2868,72,71,1,1
2869,137,124,13,13
2870,120,142,-22,22
2871,58,62,-4,4
2872,106,103,3,3
2873,100,93,7,7
2874,75,78,-3,3
2875,71,69,2,2
2876,90,85,5,5
2877,56,58,-2,2
2878,109,106,3,3
2879,97,102,-5,5
2880,95,88,7,7
2881,84,78,6,6
2882,64,64,0,0
2883,79,77,2,2
2884,66,67,-1,1
2885,65,71,-6,6
2886,117,118,-1,1
2887,143,137,6,6
2888,65,65,0,0
2889,80,77,3,3
2890,111,117,-6,6
2891,116,112,4,4
2892,80,131,-51,51
2893,89,93,-4,4
2894,181,164,17,17
2895,95,87,8,8
2896,81,79,2,2
2897,172,149,23,23
2898,137,122,15,15
2899,83,82,1,1
2900,98,97,1,1
2901,131,122,9,9
2902,75,75,0,0
2903,160,153,7,7
2904,115,103,12,12
2905,124,127,-3,3
2906,121,111,10,10
2907,113,108,5,5
2908,116,110,6,6
2909,62,68,-6,6
2910,94,85,9,9
2911,92,89,3,3
2912,144,135,9,9
2913,37,89,-52,52
2914,65,72,-7,7
2915,159,173,-14,14
2916,76,72,4,4
2917,116,113,3,3
2918,79,74,5,5
2919,89,99,-10,10
2920,79,77,2,2
2921,100,106,-6,6
2922,92,84,8,8
2923,90,84,6,6
2924,53,57,-4,4
2925,97,105,-8,8
2926,148,138,10,10
2927,104,109,-5,5
2928,57,51,6,6
2929,71,66,5,5
2930,116,126,-10,10
2931,191,184,7,7
2932,122,116,6,6
2933,60,62,-2,2
2934,125,154,-29,29
2935,69,75,-6,6
2936,98,99,-1,1
2937,131,118,13,13
2938,105,110,-5,5
2939,103,98,5,5
2940,60,67,-7,7
2941,67,68,-1,1
2942,118,114,4,4
2943,58,79,-21,21
2944,76,74,2,2
2945,109,97,12,12
2946,72,70,2,2
2947,87,82,5,5
2948,57,62,-5,5
2949,85,84,1,1
2950,78,79,-1,1
2951,88,79,9,9
2952,75,71,4,4
2953,124,116,8,8
2954,84,86,-2,2
2955,112,105,7,7
2956,98,88,10,10
2957,152,143,9,9
2958,54,55,-1,1
2959,121,123,-2,2
2960,164,150,14,14
2961,58,61,-3,3
2962,164,157,7,7
2963,47,55,-8,8
2964,163,163,0,0
2965,104,99,5,5
2966,66,72,-6,6
2967,111,108,3,3
2968,60,69,-9,9
2969,45,43,2,2
2970,98,94,4,4
2971,129,116,13,13
2972,94,92,2,2
2973,100,101,-1,1
2974,88,91,-3,3
2975,79,79,0,0
2976,73,77,-4,4
2977,125,121,4,4
2978,91,93,-2,2
2979,102,104,-2,2
2980,137,131,6,6
2981,186,179,7,7
2982,67,72,-5,5
2983,59,63,-4,4
2984,36,43,-7,7
2985,128,118,10,10
2986,80,75,5,5
2987,102,117,-15,15
2988,137,114,23,23
2989,58,51,7,7
2990,94,93,1,1
2991,90,86,4,4
2992,110,101,9,9
2993,101,109,-8,8
2994,78,80,-2,2
2995,121,104,17,17
2996,87,84,3,3
2997,81,78,3,3
2998,70,72,-2,2
2999,142,132,10,10
3000,93,93,0,0
3001,98,85,13,13
3002,125,121,4,4
3003,65,64,1,1
3004,126,123,3,3
3005,77,76,1,1
3006,79,81,-2,2
3007,85,86,-1,1
3008,65,65,0,0
3009,74,78,-4,4
3010,124,128,-4,4
3011,112,102,10,10
3012,99,103,-4,4
3013,73,68,5,5
3014,97,99,-2,2
3015,73,74,-1,1
3016,58,69,-11,11
3017,172,163,9,9
3018,91,90,1,1
3019,67,70,-3,3
3020,100,101,-1,1
3021,110,109,1,1
3022,58,64,-6,6
3023,96,100,-4,4
3024,69,82,-13,13
3025,91,88,3,3
3026,64,69,-5,5
3027,71,74,-3,3
3028,49,68,-19,19
3029,88,93,-5,5
3030,147,123,24,24
3031,71,67,4,4
3032,117,111,6,6
3033,89,94,-5,5
3034,95,87,8,8
3035,78,80,-2,2
3036,82,93,-11,11
3037,72,76,-4,4
3038,137,121,16,16
3039,122,129,-7,7
3040,115,107,8,8
3041,120,111,9,9
3042,119,123,-4,4
3043,84,82,2,2
3044,88,82,6,6
3045,60,62,-2,2
3046,115,112,3,3
3047,81,76,5,5
3048,136,144,-8,8
3049,85,91,-6,6
3050,100,108,-8,8
3051,118,122,-4,4
3052,109,103,6,6
3053,61,77,-16,16
3054,105,101,4,4
3055,206,188,18,18
3056,112,109,3,3
3057,83,80,3,3
3058,181,184,-3,3
3059,151,139,12,12
3060,104,103,1,1
3061,83,98,-15,15
3062,109,101,8,8
3063,62,64,-2,2
3064,76,77,-1,1
3065,86,91,-5,5
3066,127,114,13,13
3067,83,80,3,3
3068,122,107,15,15
3069,103,104,-1,1
3070,107,106,1,1
3071,94,88,6,6
3072,103,86,17,17
3073,72,71,1,1
3074,66,69,-3,3
3075,70,83,-13,13
3076,54,52,2,2
3077,57,69,-12,12
3078,165,163,2,2
3079,125,119,6,6
3080,125,129,-4,4
3081,92,86,6,6
3082,53,44,9,9
3083,106,123,-17,17
3084,95,86,9,9
3085,94,85,9,9
3086,72,76,-4,4
3087,78,76,2,2
3088,113,111,2,2
3089,106,91,15,15
3090,101,97,4,4
3091,102,110,-8,8
3092,95,86,9,9
3093,69,73,-4,4
3094,74,69,5,5
3095,104,94,10,10
3096,78,84,-6,6
3097,86,85,1,1
3098,41,45,-4,4
3099,86,84,2,2
3100,80,75,5,5
3101,182,165,17,17
3102,83,82,1,1
3103,65,64,1,1
3104,81,72,9,9
3105,159,150,9,9
3106,103,98,5,5
3107,102,94,8,8
3108,60,54,6,6
3109,142,132,10,10
3110,62,65,-3,3
3111,129,123,6,6
3112,79,84,-5,5
3113,87,84,3,3
3114,127,115,12,12
3115,56,61,-5,5
3116,94,104,-10,10
3117,90,87,3,3
3118,62,70,-8,8
3119,60,68,-8,8
3120,110,129,-19,19
3121,98,101,-3,3
3122,58,62,-4,4
3123,88,84,4,4
3124,35,34,1,1
3125,138,134,4,4
3126,73,75,-2,2
3127,99,82,17,17
3128,87,80,7,7
3129,69,72,-3,3
3130,102,90,12,12
3131,89,89,0,0
3132,106,96,10,10
3133,116,110,6,6
3134,69,72,-3,3
3135,75,73,2,2
3136,91,83,8,8
3137,67,71,-4,4
3138,133,136,-3,3
3139,76,79,-3,3
3140,103,91,12,12
3141,71,64,7,7
3142,135,127,8,8
3143,99,101,-2,2
3144,104,101,3,3
3145,146,126,20,20
3146,57,45,12,12
3147,108,115,-7,7
3148,82,75,7,7
3149,106,93,13,13
3150,110,109,1,1
3151,98,99,-1,1
3152,62,58,4,4
3153,102,102,0,0
3154,130,131,-1,1
3155,108,99,9,9
3156,61,67,-6,6
3157,73,83,-10,10
3158,54,58,-4,4
3159,63,59,4,4
3160,140,123,17,17
3161,47,118,-71,71
3162,68,77,-9,9
3163,134,123,11,11
3164,106,101,5,5
3165,72,74,-2,2
3166,107,107,0,0
3167,107,102,5,5
3168,53,53,0,0
3169,112,104,8,8
3170,124,121,3,3
3171,103,96,7,7
3172,76,80,-4,4
3173,103,103,0,0
3174,92,95,-3,3
3175,40,44,-4,4
3176,79,77,2,2
3177,83,86,-3,3
3178,77,75,2,2
3179,75,72,3,3
3180,63,57,6,6
3181,134,127,7,7
3182,66,69,-3,3
3183,173,171,2,2
3184,100,91,9,9
3185,119,104,15,15
3186,143,140,3,3
3187,61,71,-10,10
3188,59,65,-6,6
3189,91,97,-6,6
3190,61,60,1,1
3191,127,124,3,3
3192,164,159,5,5
3193,81,78,3,3
3194,136,128,8,8
3195,73,81,-8,8
3196,72,75,-3,3
3197,82,79,3,3
3198,79,79,0,0
3199,70,76,-6,6
3200,95,90,5,5
3201,63,67,-4,4
3202,67,65,2,2
3203,127,126,1,1
3204,107,102,5,5
3205,58,61,-3,3
3206,91,91,0,0
3207,60,56,4,4
3208,94,104,-10,10
3209,90,77,13,13
3210,49,51,-2,2
3211,94,114,-20,20
3212,68,61,7,7
3213,86,75,11,11
3214,107,93,14,14
3215,54,58,-4,4
3216,88,82,6,6
3217,69,74,-5,5
3218,85,80,5,5
3219,99,95,4,4
3220,116,123,-7,7
3221,113,107,6,6
3222,42,59,-17,17
3223,36,38,-2,2
3224,52,60,-8,8
3225,88,81,7,7
3226,62,68,-6,6
3227,87,76,11,11
3228,97,108,-11,11
3229,94,95,-1,1
3230,113,108,5,5
3231,168,155,13,13
3232,107,98,9,9
3233,130,126,4,4
3234,169,156,13,13
3235,84,86,-2,2
3236,151,123,28,28
3237,75,70,5,5
3238,73,72,1,1
3239,64,72,-8,8
3240,144,147,-3,3
3241,86,86,0,0
3242,91,84,7,7
3243,76,71,5,5
3244,112,115,-3,3
3245,46,67,-21,21
3246,51,61,-10,10
3247,116,107,9,9
3248,106,118,-12,12
3249,63,74,-11,11
3250,115,107,8,8
3251,151,160,-9,9
3252,70,69,1,1
3253,153,150,3,3
3254,66,66,0,0
3255,95,100,-5,5
3256,71,71,0,0
3257,75,73,2,2
3258,83,77,6,6
3259,75,67,8,8
3260,111,96,15,15
3261,95,92,3,3
3262,133,118,15,15
3263,56,50,6,6
3264,42,49,-7,7
3265,61,68,-7,7
3266,72,73,-1,1
3267,60,62,-2,2
3268,95,85,10,10
3269,115,124,-9,9
3270,101,105,-4,4
3271,65,68,-3,3
3272,100,107,-7,7
3273,69,74,-5,5
3274,81,78,3,3
3275,82,81,1,1
3276,107,102,5,5
3277,112,118,-6,6
3278,99,96,3,3
3279,75,73,2,2
3280,161,154,7,7
3281,76,72,4,4
3282,142,140,2,2
3283,111,102,9,9
3284,78,79,-1,1
3285,137,131,6,6
3286,40,42,-2,2
3287,65,68,-3,3
3288,88,88,0,0
3289,103,86,17,17
3290,143,163,-20,20
3291,37,32,5,5
3292,65,58,7,7
3293,90,81,9,9
3294,97,86,11,11
3295,107,102,5,5
3296,104,110,-6,6
3297,151,137,14,14
3298,98,96,2,2
3299,91,97,-6,6
3300,90,82,8,8
3301,79,83,-4,4
3302,62,57,5,5
3303,83,78,5,5
3304,102,105,-3,3
3305,92,97,-5,5
3306,48,52,-4,4
3307,103,104,-1,1
3308,65,61,4,4
3309,84,82,2,2
3310,57,62,-5,5
3311,108,111,-3,3
3312,80,78,2,2
3313,66,81,-15,15
3314,106,118,-12,12
3315,52,55,-3,3
3316,107,117,-10,10
3317,107,97,10,10
3318,57,61,-4,4
3319,137,132,5,5
3320,69,70,-1,1
3321,90,80,10,10
3322,65,70,-5,5
3323,49,51,-2,2
3324,153,145,8,8
3325,119,115,4,4
3326,75,77,-2,2
3327,160,150,10,10
3328,140,139,1,1
3329,146,150,-4,4
3330,104,85,19,19
3331,94,95,-1,1
3332,60,55,5,5
3333,118,103,15,15
3334,71,71,0,0
3335,66,70,-4,4
3336,183,164,19,19
3337,103,90,13,13
3338,119,111,8,8
3339,107,119,-12,12
3340,92,83,9,9
3341,89,92,-3,3
3342,116,106,10,10
3343,84,79,5,5
3344,118,122,-4,4
3345,52,57,-5,5
3346,75,81,-6,6
3347,163,156,7,7
3348,96,95,1,1
3349,104,109,-5,5
3350,135,141,-6,6
3351,78,77,1,1
3352,127,118,9,9
3353,96,92,4,4
3354,123,107,16,16
3355,119,107,12,12
3356,83,83,0,0
3357,107,107,0,0
3358,96,82,14,14
3359,105,100,5,5
3360,142,122,20,20
3361,67,74,-7,7
3362,67,76,-9,9
3363,126,120,6,6
3364,59,63,-4,4
3365,59,61,-2,2
3366,74,76,-2,2
3367,87,85,2,2
3368,69,72,-3,3
3369,66,68,-2,2
3370,117,104,13,13
3371,186,177,9,9
3372,63,68,-5,5
3373,125,125,0,0
3374,87,80,7,7
3375,97,98,-1,1
3376,96,90,6,6
3377,49,47,2,2
3378,105,109,-4,4
3379,48,46,2,2
3380,111,105,6,6
3381,98,101,-3,3
3382,123,111,12,12
3383,74,65,9,9
3384,55,58,-3,3
3385,124,121,3,3
3386,151,143,8,8
3387,54,51,3,3
3388,44,47,-3,3
3389,78,82,-4,4
3390,141,144,-3,3
3391,85,84,1,1
3392,40,61,-21,21
3393,77,74,3,3
3394,104,97,7,7
3395,71,67,4,4
3396,94,101,-7,7
3397,98,105,-7,7
3398,56,62,-6,6
3399,64,70,-6,6
3400,107,105,2,2
3401,58,64,-6,6
3402,40,44,-4,4
3403,107,91,16,16
3404,110,104,6,6
3405,124,110,14,14
3406,100,87,13,13
3407,88,91,-3,3
3408,131,109,22,22
3409,93,87,6,6
3410,134,128,6,6
3411,81,87,-6,6
3412,81,83,-2,2
3413,84,85,-1,1
3414,86,84,2,2
3415,152,155,-3,3
3416,64,67,-3,3
3417,73,78,-5,5
3418,118,116,2,2
3419,73,67,6,6
3420,88,78,10,10
3421,112,122,-10,10
3422,141,135,6,6
3423,150,152,-2,2
3424,105,103,2,2
3425,163,154,9,9
3426,29,36,-7,7
3427,94,92,2,2
3428,67,72,-5,5
3429,98,115,-17,17
3430,89,87,2,2
3431,106,102,4,4
3432,100,98,2,2
3433,107,96,11,11
3434,64,70,-6,6
3435,45,55,-10,10
3436,77,80,-3,3
3437,144,128,16,16
3438,103,103,0,0
3439,67,105,-38,38
3440,38,37,1,1
3441,116,110,6,6
3442,102,101,1,1
3443,119,112,7,7
3444,88,87,1,1
3445,111,105,6,6
3446,48,50,-2,2
3447,131,110,21,21
3448,86,84,2,2
3449,76,75,1,1
3450,80,80,0,0
3451,99,91,8,8
3452,132,128,4,4
3453,91,104,-13,13
3454,105,102,3,3
3455,159,163,-4,4
3456,117,109,8,8
3457,142,144,-2,2
3458,69,64,5,5
3459,79,79,0,0
3460,134,136,-2,2
3461,101,93,8,8
3462,94,88,6,6
3463,97,117,-20,20
3464,112,97,15,15
3465,70,68,2,2
3466,139,130,9,9
3467,120,111,9,9
3468,93,95,-2,2
3469,70,73,-3,3
3470,77,71,6,6
3471,91,86,5,5
3472,57,55,2,2
3473,75,81,-6,6
3474,64,63,1,1
3475,88,87,1,1
3476,90,91,-1,1
3477,82,84,-2,2
3478,54,58,-4,4
3479,101,97,4,4
3480,102,106,-4,4
3481,92,89,3,3
3482,77,74,3,3
3483,76,79,-3,3
3484,109,123,-14,14
3485,48,54,-6,6
3486,86,81,5,5
3487,91,87,4,4
3488,60,58,2,2
3489,117,117,0,0
3490,121,123,-2,2
3491,129,133,-4,4
3492,90,95,-5,5
3493,106,83,23,23
3494,80,70,10,10
3495,129,110,19,19
3496,65,67,-2,2
3497,48,49,-1,1
3498,104,101,3,3
3499,72,69,3,3
3500,69,70,-1,1
3501,115,109,6,6
3502,147,164,-17,17
3503,83,84,-1,1
3504,96,95,1,1
3505,83,78,5,5
3506,106,103,3,3
3507,83,83,0,0
3508,94,81,13,13
3509,101,83,18,18
3510,112,110,2,2
3511,56,64,-8,8
3512,106,106,0,0
3513,93,87,6,6
3514,83,86,-3,3
3515,60,64,-4,4
3516,116,125,-9,9
3517,127,113,14,14
3518,65,69,-4,4
3519,134,136,-2,2
3520,45,56,-11,11
3521,74,79,-5,5
3522,107,106,1,1
3523,97,95,2,2
3524,145,139,6,6
3525,101,102,-1,1
3526,104,93,11,11
3527,90,90,0,0
3528,98,96,2,2
3529,107,109,-2,2
3530,66,69,-3,3
3531,76,83,-7,7
3532,39,39,0,0
3533,89,84,5,5
3534,47,53,-6,6
3535,68,79,-11,11
3536,47,49,-2,2
3537,194,167,27,27
3538,107,117,-10,10
3539,155,148,7,7
3540,163,155,8,8
3541,93,87,6,6
3542,124,129,-5,5
3543,28,25,3,3
3544,101,105,-4,4
3545,70,72,-2,2
3546,61,68,-7,7
3547,92,83,9,9
3548,78,84,-6,6
3549,51,56,-5,5
3550,99,97,2,2
3551,95,90,5,5
3552,137,122,15,15
3553,90,83,7,7
3554,84,88,-4,4
3555,72,76,-4,4
3556,83,87,-4,4
3557,94,93,1,1
3558,86,80,6,6
3559,86,75,11,11
3560,87,88,-1,1
3561,104,112,-8,8
3562,58,63,-5,5
3563,50,63,-13,13
3564,44,44,0,0
3565,83,80,3,3
3566,97,91,6,6
3567,146,128,18,18
3568,147,131,16,16
3569,107,102,5,5
3570,117,103,14,14
3571,152,154,-2,2
3572,130,112,18,18
3573,157,137,20,20
3574,268,232,36,36
3575,90,82,8,8
3576,101,103,-2,2
3577,73,75,-2,2
3578,120,119,1,1
3579,86,83,3,3
3580,144,126,18,18
3581,97,92,5,5
3582,93,87,6,6
3583,49,50,-1,1
3584,97,100,-3,3
3585,99,85,14,14
3586,63,63,0,0
3587,135,123,12,12
3588,66,69,-3,3
3589,71,70,1,1
3590,74,73,1,1
3591,160,143,17,17
3592,52,64,-12,12
3593,84,75,9,9
3594,127,129,-2,2
3595,82,80,2,2
3596,80,82,-2,2
3597,108,108,0,0
3598,104,110,-6,6
3599,106,98,8,8
3600,154,145,9,9
3601,54,60,-6,6
3602,91,99,-8,8
3603,115,127,-12,12
3604,98,103,-5,5
3605,117,118,-1,1
3606,46,50,-4,4
3607,93,93,0,0
3608,50,53,-3,3
3609,110,147,-37,37
3610,101,97,4,4
3611,121,131,-10,10
3612,129,134,-5,5
3613,123,110,13,13
3614,55,73,-18,18
3615,97,82,15,15
3616,102,102,0,0
3617,127,134,-7,7
3618,66,74,-8,8
3619,75,75,0,0
3620,125,131,-6,6
3621,75,69,6,6
3622,137,144,-7,7
3623,76,73,3,3
3624,80,69,11,11
3625,93,93,0,0
3626,213,209,4,4
3627,73,70,3,3
3628,99,93,6,6
3629,152,145,7,7
3630,110,111,-1,1
3631,53,62,-9,9
3632,83,85,-2,2
3633,94,96,-2,2
3634,60,63,-3,3
3635,150,141,9,9
3636,146,129,17,17
3637,156,166,-10,10
3638,99,98,1,1
3639,66,64,2,2
3640,85,77,8,8
3641,68,83,-15,15
3642,174,163,11,11
3643,112,98,14,14
3644,102,104,-2,2
3645,96,93,3,3
3646,123,116,7,7
3647,62,68,-6,6
3648,42,48,-6,6
3649,84,74,10,10
3650,99,113,-14,14
3651,96,101,-5,5
3652,94,85,9,9
3653,88,79,9,9
3654,113,104,9,9
3655,136,139,-3,3
3656,51,57,-6,6
3657,82,88,-6,6
3658,103,89,14,14
3659,109,102,7,7
3660,39,47,-8,8
3661,66,59,7,7
3662,68,65,3,3
3663,97,87,10,10
3664,85,80,5,5
3665,123,115,8,8
3666,134,134,0,0
3667,171,162,9,9
3668,88,88,0,0
3669,83,73,10,10
3670,52,56,-4,4
3671,90,87,3,3
3672,75,73,2,2
3673,80,74,6,6
3674,85,76,9,9
3675,113,123,-10,10
3676,85,72,13,13
3677,124,118,6,6
3678,126,116,10,10
3679,136,121,15,15
3680,111,109,2,2
3681,122,109,13,13
3682,84,81,3,3
3683,53,58,-5,5
3684,83,82,1,1
3685,132,129,3,3
3686,133,132,1,1
3687,96,89,7,7
3688,53,55,-2,2
3689,87,96,-9,9
3690,63,61,2,2
3691,92,79,13,13
3692,73,79,-6,6
3693,142,134,8,8
3694,93,79,14,14
3695,69,67,2,2
3696,59,59,0,0
3697,120,123,-3,3
3698,52,52,0,0
3699,50,49,1,1
3700,80,87,-7,7
3701,68,71,-3,3
3702,73,72,1,1
3703,245,198,47,47
3704,147,148,-1,1
3705,75,74,1,1
3706,59,67,-8,8
3707,84,81,3,3
3708,92,86,6,6
3709,146,135,11,11
3710,183,180,3,3
3711,64,68,-4,4
3712,101,86,15,15
3713,102,102,0,0
3714,117,112,5,5
3715,178,174,4,4
3716,143,124,19,19
3717,68,73,-5,5
3718,90,82,8,8
3719,48,47,1,1
3720,74,73,1,1
3721,63,62,1,1
3722,74,73,1,1
3723,83,83,0,0
3724,89,92,-3,3
3725,112,104,8,8
3726,89,93,-4,4
3727,71,70,1,1
3728,72,74,-2,2
3729,66,64,2,2
3730,173,170,3,3
3731,139,136,3,3
3732,94,99,-5,5
3733,48,54,-6,6
3734,102,102,0,0
3735,69,72,-3,3
3736,67,63,4,4
3737,91,88,3,3
3738,109,110,-1,1
3739,39,43,-4,4
3740,146,134,12,12
3741,103,104,-1,1
3742,149,149,0,0
3743,78,72,6,6
3744,78,79,-1,1
3745,76,67,9,9
3746,81,83,-2,2
3747,155,151,4,4
3748,76,80,-4,4
3749,113,106,7,7
3750,87,84,3,3
3751,81,69,12,12
3752,82,88,-6,6
3753,107,113,-6,6
3754,148,144,4,4
3755,57,69,-12,12
3756,73,71,2,2
3757,112,103,9,9
3758,48,48,0,0
3759,77,83,-6,6
3760,142,128,14,14
3761,142,126,16,16
3762,122,120,2,2
3763,67,67,0,0
3764,132,115,17,17
3765,134,150,-16,16
3766,96,84,12,12
3767,70,67,3,3
3768,84,80,4,4
3769,108,96,12,12
3770,159,153,6,6
3771,114,121,-7,7
3772,71,72,-1,1
3773,88,93,-5,5
3774,95,89,6,6
3775,36,37,-1,1
3776,99,101,-2,2
3777,54,57,-3,3
3778,148,135,13,13
3779,75,68,7,7
3780,64,75,-11,11
3781,170,165,5,5
3782,176,161,15,15
3783,143,125,18,18
3784,108,98,10,10
3785,94,165,-71,71
3786,102,114,-12,12
3787,92,97,-5,5
3788,132,130,2,2
3789,84,84,0,0
3790,152,151,1,1
3791,94,81,13,13
3792,103,103,0,0
3793,122,119,3,3
3794,79,82,-3,3
3795,81,68,13,13
3796,81,82,-1,1
3797,65,61,4,4
3798,90,77,13,13
3799,85,86,-1,1
3800,74,73,1,1
3801,110,104,6,6
3802,62,72,-10,10
3803,132,130,2,2
3804,94,93,1,1
3805,77,72,5,5
3806,69,80,-11,11
3807,90,86,4,4
3808,58,63,-5,5
3809,101,104,-3,3
3810,72,75,-3,3
3811,49,67,-18,18
3812,120,121,-1,1
3813,60,72,-12,12
3814,140,153,-13,13
3815,53,53,0,0
3816,66,68,-2,2
3817,60,57,3,3
3818,103,104,-1,1
3819,92,93,-1,1
3820,158,134,24,24
3821,71,90,-19,19
3822,73,78,-5,5
3823,66,71,-5,5
3824,149,142,7,7
3825,146,138,8,8
3826,68,66,2,2
3827,108,108,0,0
3828,54,61,-7,7
3829,70,69,1,1
3830,98,98,0,0
3831,112,109,3,3
3832,64,65,-1,1
3833,96,99,-3,3
3834,124,133,-9,9
3835,73,74,-1,1
3836,75,75,0,0
3837,97,94,3,3
3838,100,100,0,0
3839,153,170,-17,17
3840,145,146,-1,1
3841,98,86,12,12
3842,114,100,14,14
3843,111,95,16,16
3844,68,77,-9,9
3845,60,68,-8,8
3846,87,98,-11,11
3847,74,62,12,12
3848,54,64,-10,10
3849,77,75,2,2
3850,63,60,3,3
3851,120,111,9,9
3852,107,93,14,14
3853,75,77,-2,2
3854,96,96,0,0
3855,50,41,9,9
3856,152,130,22,22
3857,133,126,7,7
3858,140,138,2,2
3859,63,66,-3,3
3860,82,86,-4,4
3861,101,110,-9,9
3862,78,75,3,3
3863,101,93,8,8
3864,74,74,0,0
3865,104,97,7,7
3866,97,97,0,0
3867,55,69,-14,14
3868,166,159,7,7
3869,110,98,12,12
3870,76,94,-18,18
3871,81,83,-2,2
3872,128,122,6,6
3873,108,105,3,3
3874,68,68,0,0
3875,86,84,2,2
3876,79,78,1,1
3877,65,67,-2,2
3878,148,144,4,4
3879,165,148,17,17
3880,96,99,-3,3
3881,61,64,-3,3
3882,86,77,9,9
3883,65,67,-2,2
3884,124,130,-6,6
3885,94,87,7,7
3886,55,57,-2,2
3887,71,71,0,0
3888,132,116,16,16
3889,55,57,-2,2
3890,97,107,-10,10
3891,96,101,-5,5
3892,101,97,4,4
3893,100,83,17,17
3894,78,73,5,5
3895,132,135,-3,3
3896,73,76,-3,3
3897,93,79,14,14
3898,51,48,3,3
3899,136,132,4,4
3900,80,71,9,9
3901,159,169,-10,10
3902,151,140,11,11
3903,64,63,1,1
3904,75,76,-1,1
3905,151,131,20,20
3906,72,77,-5,5
3907,113,100,13,13
3908,88,88,0,0
3909,93,87,6,6
3910,62,72,-10,10
3911,59,70,-11,11
3912,104,102,2,2
3913,133,125,8,8
3914,66,76,-10,10
3915,90,98,-8,8
3916,98,92,6,6
3917,181,139,42,42
3918,68,63,5,5
3919,81,78,3,3
3920,148,140,8,8
3921,92,79,13,13
3922,109,102,7,7
3923,176,169,7,7
3924,236,208,28,28
3925,112,104,8,8
3926,74,76,-2,2
3927,82,72,10,10
3928,78,76,2,2
3929,83,83,0,0
3930,89,87,2,2
3931,95,96,-1,1
3932,177,167,10,10
3933,53,65,-12,12
3934,94,101,-7,7
3935,104,100,4,4
3936,63,65,-2,2
3937,94,89,5,5
3938,95,92,3,3
3939,122,114,8,8
3940,135,126,9,9
3941,170,151,19,19
3942,104,117,-13,13
3943,153,139,14,14
3944,70,94,-24,24
3945,124,112,12,12
3946,81,77,4,4
3947,143,135,8,8
3948,86,97,-11,11
3949,87,81,6,6
3950,92,93,-1,1
3951,111,105,6,6
3952,73,76,-3,3
3953,83,72,11,11
3954,117,111,6,6
3955,92,86,6,6
3956,70,77,-7,7
3957,107,102,5,5
3958,62,69,-7,7
3959,96,90,6,6
3960,93,89,4,4
3961,50,55,-5,5
3962,61,59,2,2
3963,118,120,-2,2
3964,117,111,6,6
3965,116,106,10,10
3966,183,166,17,17
3967,56,64,-8,8
3968,67,65,2,2
3969,81,75,6,6
3970,117,107,10,10
3971,98,90,8,8
3972,63,60,3,3
3973,62,64,-2,2
3974,84,89,-5,5
3975,156,150,6,6
3976,105,96,9,9
3977,89,80,9,9
3978,132,136,-4,4
3979,106,107,-1,1
3980,111,113,-2,2
3981,150,154,-4,4
3982,95,101,-6,6
3983,20,34,-14,14
3984,99,99,0,0
3985,103,102,1,1
3986,73,85,-12,12
3987,83,76,7,7
3988,69,64,5,5
3989,130,127,3,3
3990,106,101,5,5
3991,104,88,16,16
3992,125,130,-5,5
3993,121,99,22,22
3994,190,185,5,5
3995,116,117,-1,1
3996,87,103,-16,16
3997,71,73,-2,2
3998,71,78,-7,7
3999,146,148,-2,2
4000,97,97,0,0
4001,98,93,5,5
4002,127,127,0,0
4003,74,75,-1,1
4004,47,50,-3,3
4005,92,87,5,5
4006,82,76,6,6
4007,118,114,4,4
4008,137,117,20,20
4009,101,94,7,7
4010,51,58,-7,7
4011,88,95,-7,7
4012,177,156,21,21
4013,82,76,6,6
4014,90,91,-1,1
4015,99,90,9,9
4016,83,84,-1,1
4017,104,101,3,3
4018,83,75,8,8
4019,57,66,-9,9
4020,155,151,4,4
4021,107,101,6,6
4022,72,76,-4,4
4023,72,69,3,3
4024,102,101,1,1
4025,90,83,7,7
4026,111,101,10,10
4027,123,111,12,12
4028,46,49,-3,3
4029,81,80,1,1
4030,95,79,16,16
4031,125,117,8,8
4032,105,96,9,9
4033,74,74,0,0
4034,166,147,19,19
4035,96,96,0,0
4036,70,68,2,2
4037,56,51,5,5
4038,66,64,2,2
4039,85,83,2,2
4040,46,49,-3,3
4041,47,67,-20,20
4042,68,74,-6,6
4043,130,125,5,5
4044,141,138,3,3
4045,95,93,2,2
4046,111,99,12,12
4047,50,55,-5,5
4048,111,115,-4,4
4049,100,104,-4,4
4050,72,69,3,3
4051,80,82,-2,2
4052,120,106,14,14
4053,180,166,14,14
4054,39,43,-4,4
4055,103,113,-10,10
4056,95,91,4,4
4057,146,153,-7,7
4058,110,105,5,5
4059,48,37,11,11
4060,83,99,-16,16
4061,66,80,-14,14
4062,86,89,-3,3
4063,79,75,4,4
4064,113,117,-4,4
4065,114,107,7,7
4066,86,74,12,12
4067,165,161,4,4
4068,69,80,-11,11
4069,124,124,0,0
4070,103,107,-4,4
4071,76,74,2,2
4072,118,116,2,2
4073,157,150,7,7
4074,107,103,4,4
4075,170,146,24,24
4076,58,60,-2,2
4077,59,64,-5,5
4078,124,111,13,13
4079,142,122,20,20
4080,105,118,-13,13
4081,116,115,1,1
4082,140,138,2,2
4083,92,84,8,8
4084,130,131,-1,1
4085,113,110,3,3
4086,129,137,-8,8
4087,73,81,-8,8
4088,100,98,2,2
4089,87,95,-8,8
4090,75,68,7,7
4091,87,89,-2,2
4092,113,98,15,15
4093,64,68,-4,4
4094,83,78,5,5
4095,75,75,0,0
4096,124,126,-2,2
4097,87,83,4,4
4098,63,69,-6,6
4099,78,73,5,5
4100,86,85,1,1
4101,104,111,-7,7
4102,95,96,-1,1
4103,119,125,-6,6
4104,99,104,-5,5
4105,54,63,-9,9
4106,73,73,0,0
4107,71,70,1,1
4108,83,81,2,2
4109,182,153,29,29
4110,74,83,-9,9
4111,133,127,6,6
4112,80,75,5,5
4113,98,104,-6,6
4114,98,100,-2,2
4115,96,89,7,7
4116,84,71,13,13
4117,199,205,-6,6
4118,153,137,16,16
4119,121,131,-10,10
4120,104,115,-11,11
4121,79,81,-2,2
4122,109,94,15,15
4123,74,79,-5,5
4124,48,57,-9,9
4125,127,120,7,7
4126,77,79,-2,2
4127,57,68,-11,11
4128,88,82,6,6
4129,76,67,9,9
4130,120,117,3,3
4131,86,89,-3,3
4132,62,70,-8,8
4133,60,61,-1,1
4134,83,79,4,4
4135,90,88,2,2
4136,69,70,-1,1
4137,65,70,-5,5
4138,97,93,4,4
4139,107,101,6,6
4140,131,134,-3,3
4141,118,108,10,10
4142,107,129,-22,22
4143,72,78,-6,6
4144,153,148,5,5
4145,83,79,4,4
4146,55,61,-6,6
4147,106,103,3,3
4148,97,104,-7,7
4149,176,168,8,8
4150,139,126,13,13
4151,84,96,-12,12
4152,112,102,10,10
4153,58,68,-10,10
4154,119,116,3,3
4155,75,77,-2,2
4156,155,154,1,1
4157,71,62,9,9
4158,150,138,12,12
4159,94,91,3,3
4160,54,64,-10,10
4161,70,74,-4,4
4162,125,114,11,11
4163,36,31,5,5
4164,78,79,-1,1
4165,96,90,6,6
4166,100,94,6,6
4167,106,102,4,4
4168,129,117,12,12
4169,39,41,-2,2
4170,44,48,-4,4
4171,97,90,7,7
4172,80,85,-5,5
4173,52,53,-1,1
4174,102,98,4,4
4175,101,95,6,6
4176,90,87,3,3
4177,151,143,8,8
4178,82,75,7,7
4179,117,112,5,5
4180,63,74,-11,11
4181,135,130,5,5
4182,71,69,2,2
4183,96,106,-10,10
4184,123,119,4,4
4185,75,74,1,1
4186,60,67,-7,7
4187,103,104,-1,1
4188,59,62,-3,3
4189,116,124,-8,8
4190,92,87,5,5
4191,76,67,9,9
4192,53,46,7,7
4193,107,112,-5,5
4194,70,71,-1,1
4195,101,95,6,6
4196,88,81,7,7
4197,84,83,1,1
4198,26,52,-26,26
4199,107,108,-1,1
4200,121,120,1,1
4201,66,70,-4,4
4202,75,82,-7,7
4203,140,146,-6,6
4204,87,80,7,7
4205,57,50,7,7
4206,100,95,5,5
4207,183,162,21,21
4208,131,129,2,2
4209,98,124,-26,26
4210,70,75,-5,5
4211,80,77,3,3
4212,112,113,-1,1
4213,164,170,-6,6
4214,112,101,11,11
4215,49,52,-3,3
4216,69,75,-6,6
4217,64,76,-12,12
4218,78,81,-3,3
4219,116,124,-8,8
4220,113,103,10,10
4221,123,121,2,2
4222,101,106,-5,5
4223,100,105,-5,5
4224,84,81,3,3
4225,114,109,5,5
4226,109,99,10,10
4227,52,50,2,2
4228,115,105,10,10
4229,106,105,1,1
4230,93,87,6,6
4231,69,75,-6,6
4232,149,142,7,7
4233,87,83,4,4
4234,103,98,5,5
4235,106,109,-3,3
4236,76,91,-15,15
4237,124,130,-6,6
4238,115,120,-5,5
4239,82,78,4,4
4240,152,157,-5,5
4241,138,132,6,6
4242,196,182,14,14
4243,133,114,19,19
4244,146,139,7,7
4245,105,110,-5,5
4246,92,100,-8,8
4247,71,68,3,3
4248,97,101,-4,4
4249,70,72,-2,2
4250,107,116,-9,9
4251,80,80,0,0
4252,63,80,-17,17
4253,75,73,2,2
4254,75,76,-1,1
4255,75,77,-2,2
4256,104,97,7,7
4257,152,139,13,13
4258,71,69,2,2
4259,107,100,7,7
4260,161,149,12,12
4261,71,76,-5,5
4262,91,82,9,9
4263,98,87,11,11
4264,108,108,0,0
4265,78,74,4,4
4266,116,118,-2,2
4267,108,96,12,12
4268,81,81,0,0
4269,65,74,-9,9
4270,111,112,-1,1
4271,70,68,2,2
4272,55,60,-5,5
4273,102,95,7,7
4274,102,101,1,1
4275,56,59,-3,3
4276,100,87,13,13
4277,47,44,3,3
4278,145,137,8,8
4279,108,101,7,7
4280,143,135,8,8
4281,123,120,3,3
4282,172,162,10,10
4283,60,67,-7,7
4284,105,98,7,7
4285,46,52,-6,6
4286,80,69,11,11
4287,114,117,-3,3
4288,189,187,2,2
4289,82,74,8,8
4290,126,124,2,2
4291,157,143,14,14
4292,147,170,-23,23
4293,27,72,-45,45
4294,79,76,3,3
4295,75,72,3,3
4296,65,64,1,1
4297,68,66,2,2
4298,126,122,4,4
4299,133,127,6,6
4300,101,92,9,9
4301,80,79,1,1
4302,103,94,9,9
4303,95,89,6,6
4304,103,104,-1,1
4305,113,108,5,5
4306,42,39,3,3
4307,85,85,0,0
4308,82,82,0,0
4309,104,103,1,1
4310,85,75,10,10
4311,107,90,17,17
4312,78,74,4,4
4313,66,68,-2,2
4314,108,105,3,3
4315,90,99,-9,9
4316,88,88,0,0
4317,59,62,-3,3
4318,79,72,7,7
4319,69,71,-2,2
4320,135,132,3,3
4321,96,111,-15,15
4322,148,144,4,4
4323,31,34,-3,3
4324,65,81,-16,16
4325,86,82,4,4
4326,47,45,2,2
4327,83,80,3,3
4328,170,178,-8,8
4329,63,67,-4,4
4330,110,104,6,6
4331,182,164,18,18
4332,141,141,0,0
4333,94,96,-2,2
4334,81,80,1,1
4335,87,86,1,1
4336,131,130,1,1
4337,117,103,14,14
4338,64,62,2,2
4339,150,168,-18,18
4340,93,100,-7,7
4341,88,84,4,4
4342,90,89,1,1
4343,86,87,-1,1
4344,96,107,-11,11
4345,173,160,13,13
4346,104,99,5,5
4347,44,53,-9,9
4348,81,74,7,7
4349,71,67,4,4
4350,77,65,12,12
4351,82,74,8,8
4352,196,183,13,13
4353,126,122,4,4
4354,100,100,0,0
4355,159,146,13,13
4356,61,72,-11,11
4357,54,58,-4,4
4358,73,71,2,2
4359,73,78,-5,5
4360,88,81,7,7
4361,136,133,3,3
4362,94,93,1,1
4363,164,177,-13,13
4364,100,102,-2,2
4365,126,118,8,8
4366,50,53,-3,3
4367,79,82,-3,3
4368,94,114,-20,20
4369,110,118,-8,8
4370,144,140,4,4
4371,62,56,6,6
4372,92,94,-2,2
4373,59,64,-5,5
4374,279,234,45,45
4375,149,137,12,12
4376,61,77,-16,16
4377,72,87,-15,15
4378,64,68,-4,4
4379,142,136,6,6
4380,56,56,0,0
4381,140,144,-4,4
4382,221,196,25,25
4383,111,100,11,11
4384,93,85,8,8
4385,110,111,-1,1
4386,83,75,8,8
4387,65,73,-8,8
4388,154,150,4,4
4389,92,88,4,4
4390,144,133,11,11
4391,102,100,2,2
4392,131,122,9,9
4393,98,88,10,10
4394,104,98,6,6
4395,95,95,0,0
4396,108,117,-9,9
4397,89,84,5,5
4398,139,146,-7,7
4399,116,107,9,9
4400,58,64,-6,6
4401,140,138,2,2
4402,89,87,2,2
4403,103,102,1,1
4404,67,87,-20,20
4405,62,63,-1,1
4406,162,159,3,3
4407,77,73,4,4
4408,99,102,-3,3
4409,92,78,14,14
4410,105,105,0,0
4411,99,92,7,7
4412,82,97,-15,15
4413,139,126,13,13
4414,99,95,4,4
4415,82,83,-1,1
4416,95,99,-4,4
4417,101,95,6,6
4418,85,86,-1,1
4419,102,100,2,2
4420,133,133,0,0
4421,76,73,3,3
4422,126,125,1,1
4423,101,97,4,4
4424,119,104,15,15
4425,152,155,-3,3
4426,136,119,17,17
4427,87,85,2,2
4428,116,99,17,17
4429,60,65,-5,5
4430,96,94,2,2
4431,76,79,-3,3
4432,128,122,6,6
4433,85,85,0,0
4434,84,86,-2,2
4435,153,135,18,18
4436,72,66,6,6
4437,73,68,5,5
4438,108,95,13,13
4439,73,72,1,1
4440,94,88,6,6
4441,86,81,5,5
4442,89,82,7,7
4443,56,59,-3,3
4444,195,181,14,14
4445,70,71,-1,1
4446,64,66,-2,2
4447,96,86,10,10
4448,103,107,-4,4
4449,131,122,9,9
4450,93,88,5,5
4451,122,124,-2,2
4452,54,57,-3,3
4453,67,77,-10,10
4454,66,63,3,3
4455,110,111,-1,1
4456,108,104,4,4
4457,119,120,-1,1
4458,80,71,9,9
4459,60,68,-8,8
4460,88,85,3,3
4461,123,108,15,15
4462,59,62,-3,3
4463,103,91,12,12
4464,93,90,3,3
4465,90,84,6,6
4466,157,153,4,4
4467,94,90,4,4
4468,79,75,4,4
4469,131,130,1,1
4470,50,54,-4,4
4471,111,104,7,7
4472,106,107,-1,1
4473,104,103,1,1
4474,94,101,-7,7
4475,71,65,6,6
4476,168,148,20,20
4477,102,115,-13,13
4478,58,64,-6,6
4479,49,50,-1,1
4480,96,87,9,9
4481,74,78,-4,4
4482,135,134,1,1
4483,171,158,13,13
4484,70,74,-4,4
4485,118,121,-3,3
4486,90,79,11,11
4487,101,117,-16,16
4488,97,95,2,2
4489,107,100,7,7
4490,87,81,6,6
4491,43,47,-4,4
4492,79,74,5,5
4493,106,99,7,7
4494,39,34,5,5
4495,178,160,18,18
4496,74,79,-5,5
4497,36,41,-5,5
4498,68,68,0,0
4499,114,104,10,10
4500,80,80,0,0
4501,109,121,-12,12
4502,128,119,9,9
4503,87,100,-13,13
4504,110,109,1,1
4505,100,95,5,5
4506,128,130,-2,2
4507,136,133,3,3
4508,129,127,2,2
4509,122,121,1,1
4510,102,98,4,4
4511,109,106,3,3
4512,58,64,-6,6
4513,122,118,4,4
4514,90,87,3,3
4515,57,51,6,6
4516,107,103,4,4
4517,168,161,7,7
4518,98,98,0,0
4519,120,110,10,10
4520,74,74,0,0
4521,88,82,6,6
4522,96,84,12,12
4523,64,69,-5,5
4524,55,60,-5,5
4525,94,89,5,5
4526,148,134,14,14
4527,92,103,-11,11
4528,95,104,-9,9
4529,110,104,6,6
4530,83,76,7,7
4531,139,132,7,7
4532,108,93,15,15
4533,78,79,-1,1
4534,78,78,0,0
4535,98,94,4,4
4536,104,98,6,6
4537,68,64,4,4
4538,103,104,-1,1
4539,66,53,13,13
4540,100,98,2,2
4541,123,120,3,3
4542,74,80,-6,6
4543,136,124,12,12
4544,47,48,-1,1
4545,92,89,3,3
4546,122,112,10,10
4547,125,126,-1,1
4548,122,109,13,13
4549,61,61,0,0
4550,82,100,-18,18
4551,112,107,5,5
4552,48,46,2,2
4553,146,152,-6,6
4554,67,62,5,5
4555,115,110,5,5
4556,165,167,-2,2
4557,87,94,-7,7
4558,40,42,-2,2
4559,55,53,2,2
4560,127,117,10,10
4561,70,73,-3,3
4562,99,104,-5,5
4563,45,53,-8,8
4564,95,88,7,7
4565,80,80,0,0
4566,47,53,-6,6
4567,99,114,-15,15
4568,118,118,0,0
4569,104,103,1,1
4570,75,77,-2,2
4571,90,85,5,5
4572,82,80,2,2
4573,163,146,17,17
4574,93,89,4,4
4575,166,177,-11,11
4576,69,73,-4,4
4577,122,134,-12,12
4578,148,147,1,1
4579,56,58,-2,2
4580,66,64,2,2
4581,83,92,-9,9
4582,63,64,-1,1
4583,108,104,4,4
4584,123,104,19,19
4585,161,168,-7,7
4586,83,103,-20,20
4587,49,47,2,2
4588,78,77,1,1
4589,101,102,-1,1
4590,38,39,-1,1
4591,98,92,6,6
4592,174,154,20,20
4593,75,90,-15,15
4594,56,59,-3,3
4595,138,125,13,13
4596,38,36,2,2
4597,51,55,-4,4
4598,69,65,4,4
4599,98,99,-1,1
4600,87,84,3,3
4601,88,83,5,5
4602,156,156,0,0
4603,140,132,8,8
4604,92,96,-4,4
4605,49,55,-6,6
4606,82,85,-3,3
4607,217,238,-21,21
4608,99,101,-2,2
4609,110,101,9,9
4610,79,80,-1,1
4611,69,66,3,3
4612,87,76,11,11
4613,84,79,5,5
4614,77,75,2,2
4615,78,74,4,4
4616,100,103,-3,3
4617,112,106,6,6
4618,130,122,8,8
4619,137,128,9,9
4620,125,115,10,10
4621,86,86,0,0
4622,152,141,11,11
4623,96,103,-7,7
4624,111,111,0,0
4625,99,106,-7,7
4626,56,56,0,0
4627,211,208,3,3
4628,109,115,-6,6
4629,137,132,5,5
4630,74,77,-3,3
4631,120,122,-2,2
4632,81,83,-2,2
4633,71,74,-3,3
4634,88,82,6,6
4635,111,104,7,7
4636,197,189,8,8
4637,85,81,4,4
4638,112,112,0,0
4639,44,67,-23,23
4640,86,85,1,1
4641,72,84,-12,12
4642,59,63,-4,4
4643,82,94,-12,12
4644,69,68,1,1
4645,91,85,6,6
4646,142,140,2,2
4647,84,70,14,14
4648,81,80,1,1
4649,101,98,3,3
4650,190,169,21,21
4651,107,99,8,8
4652,119,121,-2,2
4653,77,75,2,2
4654,152,147,5,5
4655,64,56,8,8
4656,77,78,-1,1
4657,51,47,4,4
4658,77,78,-1,1
4659,84,87,-3,3
4660,60,60,0,0
4661,107,102,5,5
4662,87,101,-14,14
4663,116,127,-11,11
4664,160,138,22,22
4665,116,114,2,2
4666,84,78,6,6
4667,113,119,-6,6
4668,105,104,1,1
4669,55,48,7,7
4670,91,91,0,0
4671,113,102,11,11
4672,62,58,4,4
4673,75,73,2,2
4674,45,49,-4,4
4675,177,159,18,18
4676,131,137,-6,6
4677,112,109,3,3
4678,127,129,-2,2
4679,146,121,25,25
4680,138,134,4,4
4681,93,96,-3,3
4682,65,70,-5,5
4683,168,170,-2,2
4684,112,123,-11,11
4685,149,136,13,13
4686,140,144,-4,4
4687,94,93,1,1
4688,141,133,8,8
4689,75,81,-6,6
4690,134,123,11,11
4691,95,88,7,7
4692,119,102,17,17
4693,95,101,-6,6
4694,65,67,-2,2
4695,95,99,-4,4
4696,97,101,-4,4
4697,132,130,2,2
4698,87,83,4,4
4699,124,119,5,5
4700,115,115,0,0
4701,45,46,-1,1
4702,110,102,8,8
4703,57,61,-4,4
4704,126,103,23,23
4705,50,49,1,1
4706,132,130,2,2
4707,71,69,2,2
4708,88,80,8,8
4709,91,102,-11,11
4710,79,78,1,1
4711,47,44,3,3
4712,103,110,-7,7
4713,38,40,-2,2
4714,68,64,4,4
4715,130,122,8,8
4716,157,155,2,2
4717,99,96,3,3
4718,62,57,5,5
4719,79,77,2,2
4720,74,75,-1,1
4721,154,137,17,17
4722,36,58,-22,22
4723,81,81,0,0
4724,69,67,2,2
4725,39,40,-1,1
4726,106,104,2,2
4727,141,135,6,6
4728,71,70,1,1
4729,108,104,4,4
4730,142,133,9,9
4731,43,46,-3,3
4732,109,116,-7,7
4733,72,74,-2,2
4734,110,101,9,9
4735,84,93,-9,9
4736,88,81,7,7
4737,156,144,12,12
4738,106,115,-9,9
4739,160,158,2,2
4740,105,102,3,3
4741,231,212,19,19
4742,111,101,10,10
4743,53,60,-7,7
4744,124,128,-4,4
4745,105,104,1,1
4746,144,146,-2,2
4747,83,86,-3,3
4748,81,80,1,1
4749,96,97,-1,1
4750,143,132,11,11
4751,118,107,11,11
4752,77,78,-1,1
4753,116,117,-1,1
4754,116,75,41,41
4755,76,77,-1,1
4756,73,74,-1,1
4757,92,82,10,10
4758,89,81,8,8
4759,58,58,0,0
4760,70,73,-3,3
4761,134,127,7,7
4762,73,83,-10,10
4763,139,128,11,11
4764,59,67,-8,8
4765,59,62,-3,3
4766,72,71,1,1
4767,81,79,2,2
4768,96,93,3,3
4769,190,176,14,14
4770,131,120,11,11
4771,188,188,0,0
4772,141,152,-11,11
4773,103,100,3,3
4774,65,78,-13,13
4775,86,83,3,3
4776,64,67,-3,3
4777,115,119,-4,4
4778,58,67,-9,9
4779,150,140,10,10
4780,70,74,-4,4
4781,91,88,3,3
4782,104,100,4,4
4783,78,77,1,1
4784,57,57,0,0
4785,117,108,9,9
4786,82,79,3,3
4787,50,56,-6,6
4788,76,79,-3,3
4789,64,66,-2,2
4790,140,136,4,4
4791,88,90,-2,2
4792,41,41,0,0
4793,56,71,-15,15
4794,161,167,-6,6
4795,107,91,16,16
4796,94,93,1,1
4797,71,64,7,7
4798,163,146,17,17
4799,99,88,11,11
4800,30,33,-3,3
4801,99,85,14,14
4802,161,139,22,22
4803,82,81,1,1
4804,92,86,6,6
4805,152,130,22,22
4806,131,109,22,22
4807,99,90,9,9
4808,50,49,1,1
4809,80,84,-4,4
4810,99,95,4,4
4811,69,68,1,1
4812,67,76,-9,9
4813,143,126,17,17
4814,68,71,-3,3
4815,65,73,-8,8
4816,94,94,0,0
4817,55,56,-1,1
4818,94,91,3,3
4819,45,51,-6,6
4820,140,136,4,4
4821,65,65,0,0
4822,62,65,-3,3
4823,94,99,-5,5
4824,129,123,6,6
4825,123,121,2,2
4826,80,77,3,3
4827,86,82,4,4
4828,112,115,-3,3
4829,89,85,4,4
4830,72,72,0,0
4831,65,69,-4,4
4832,90,89,1,1
4833,71,80,-9,9
4834,107,111,-4,4
4835,140,136,4,4
4836,57,63,-6,6
4837,104,103,1,1
4838,56,61,-5,5
4839,103,102,1,1
4840,104,101,3,3
4841,78,78,0,0
4842,126,119,7,7
4843,101,92,9,9
4844,85,89,-4,4
4845,72,67,5,5
4846,57,62,-5,5
4847,51,61,-10,10
4848,102,105,-3,3
4849,85,85,0,0
4850,71,70,1,1
4851,87,80,7,7
4852,74,75,-1,1
4853,104,101,3,3
4854,102,103,-1,1
4855,181,164,17,17
4856,130,127,3,3
4857,75,86,-11,11
4858,102,100,2,2
4859,56,68,-12,12
4860,72,74,-2,2
4861,90,93,-3,3
4862,66,74,-8,8
4863,82,80,2,2
4864,139,152,-13,13
4865,97,84,13,13
4866,83,81,2,2
4867,71,79,-8,8
4868,81,73,8,8
4869,80,72,8,8
4870,152,148,4,4
4871,54,57,-3,3
4872,51,52,-1,1
4873,142,124,18,18
4874,134,140,-6,6
4875,253,265,-12,12
4876,85,100,-15,15
4877,274,222,52,52
4878,180,160,20,20
4879,85,88,-3,3
4880,68,75,-7,7
4881,126,120,6,6
4882,147,135,12,12
4883,67,68,-1,1
4884,58,66,-8,8
4885,146,142,4,4
4886,170,173,-3,3
4887,80,86,-6,6
4888,117,115,2,2
4889,72,72,0,0
4890,52,61,-9,9
4891,92,92,0,0
4892,88,83,5,5
4893,106,105,1,1
4894,93,87,6,6
4895,151,148,3,3
4896,90,83,7,7
4897,71,70,1,1
4898,63,68,-5,5
4899,171,152,19,19
4900,83,69,14,14
4901,125,115,10,10
4902,123,112,11,11
4903,119,112,7,7
4904,100,94,6,6
4905,97,107,-10,10
4906,82,75,7,7
4907,104,109,-5,5
4908,84,82,2,2
4909,133,134,-1,1
4910,66,69,-3,3
4911,328,276,52,52
4912,66,68,-2,2
4913,129,120,9,9
4914,60,62,-2,2
4915,107,119,-12,12
4916,88,78,10,10
4917,92,106,-14,14
4918,97,80,17,17
4919,95,95,0,0
4920,176,157,19,19
4921,93,89,4,4
4922,124,127,-3,3
4923,80,75,5,5
4924,117,112,5,5
4925,92,85,7,7
4926,137,118,19,19
4927,160,153,7,7
4928,114,109,5,5
4929,78,70,8,8
4930,73,74,-1,1
4931,62,61,1,1
4932,85,86,-1,1
4933,52,59,-7,7
4934,53,53,0,0
4935,98,72,26,26
4936,92,91,1,1
4937,100,100,0,0
4938,114,108,6,6
4939,139,140,-1,1
4940,76,77,-1,1
4941,119,113,6,6
4942,41,47,-6,6
4943,53,47,6,6
4944,268,270,-2,2
4945,66,64,2,2
4946,130,118,12,12
4947,115,115,0,0
4948,157,159,-2,2
4949,50,58,-8,8
4950,75,75,0,0
4951,79,75,4,4
4952,85,81,4,4
4953,42,69,-27,27
4954,85,76,9,9
4955,95,92,3,3
4956,72,79,-7,7
4957,90,99,-9,9
4958,81,76,5,5
4959,109,109,0,0
4960,146,152,-6,6
4961,131,119,12,12
4962,138,127,11,11
4963,32,39,-7,7
4964,86,84,2,2
4965,76,78,-2,2
4966,73,82,-9,9
4967,132,125,7,7
4968,136,132,4,4
4969,36,40,-4,4
4970,40,50,-10,10
4971,62,61,1,1
4972,99,105,-6,6
4973,63,77,-14,14
4974,90,79,11,11
4975,63,75,-12,12
4976,63,67,-4,4
4977,73,82,-9,9
4978,73,75,-2,2
4979,120,114,6,6
4980,161,150,11,11
4981,74,73,1,1
4982,74,66,8,8
4983,49,53,-4,4
4984,157,139,18,18
4985,123,118,5,5
4986,91,83,8,8
4987,115,101,14,14
4988,85,84,1,1
4989,66,68,-2,2
4990,102,93,9,9
4991,98,94,4,4
4992,100,92,8,8
4993,105,120,-15,15
4994,84,102,-18,18
4995,95,87,8,8
4996,108,96,12,12
4997,62,61,1,1
4998,116,117,-1,1
4999,79,73,6,6
5000,73,68,5,5
5001,50,61,-11,11
5002,97,89,8,8
5003,145,128,17,17
5004,152,137,15,15
5005,134,123,11,11
5006,110,102,8,8
5007,114,109,5,5
5008,72,65,7,7
5009,113,107,6,6
5010,58,68,-10,10
5011,50,46,4,4
5012,29,33,-4,4
5013,71,70,1,1
5014,90,93,-3,3
5015,140,131,9,9
5016,123,116,7,7
5017,131,125,6,6
5018,50,50,0,0
5019,82,79,3,3
5020,77,81,-4,4
5021,98,88,10,10
5022,83,74,9,9
5023,88,77,11,11
5024,122,108,14,14
5025,87,83,4,4
5026,107,104,3,3
5027,75,78,-3,3
5028,89,90,-1,1
5029,124,130,-6,6
5030,105,103,2,2
5031,62,59,3,3
5032,125,111,14,14
5033,94,90,4,4
5034,91,91,0,0
5035,74,84,-10,10
5036,82,91,-9,9
5037,60,60,0,0
5038,69,70,-1,1
5039,132,122,10,10
5040,76,75,1,1
5041,169,166,3,3
5042,101,99,2,2
5043,167,161,6,6
5044,79,81,-2,2
5045,78,86,-8,8
5046,61,61,0,0
5047,137,120,17,17
5048,116,102,14,14
5049,77,82,-5,5
5050,76,71,5,5
5051,157,165,-8,8
5052,90,99,-9,9
5053,79,72,7,7
5054,131,116,15,15
5055,118,108,10,10
5056,110,97,13,13
5057,151,132,19,19
5058,159,158,1,1
5059,95,98,-3,3
5060,78,76,2,2
5061,107,114,-7,7
5062,131,127,4,4
5063,87,90,-3,3
5064,42,45,-3,3
5065,66,69,-3,3
5066,101,101,0,0
5067,140,132,8,8
5068,66,64,2,2
5069,43,47,-4,4
5070,100,96,4,4
5071,120,104,16,16
5072,76,64,12,12
5073,121,127,-6,6
5074,78,78,0,0
5075,121,117,4,4
5076,51,57,-6,6
5077,101,104,-3,3
5078,136,134,2,2
5079,107,117,-10,10
5080,106,106,0,0
5081,116,107,9,9
5082,89,84,5,5
5083,65,69,-4,4
5084,154,143,11,11
5085,130,122,8,8
5086,98,86,12,12
5087,75,87,-12,12
5088,81,80,1,1
5089,82,85,-3,3
5090,86,89,-3,3
5091,93,94,-1,1
5092,73,77,-4,4
5093,76,79,-3,3
5094,166,162,4,4
5095,98,96,2,2
5096,120,103,17,17
5097,67,69,-2,2
5098,81,78,3,3
5099,170,166,4,4
5100,40,53,-13,13
5101,101,96,5,5
5102,80,78,2,2
5103,121,102,19,19
5104,58,56,2,2
5105,115,106,9,9
5106,63,65,-2,2
5107,87,88,-1,1
5108,148,154,-6,6
5109,102,99,3,3
5110,79,75,4,4
5111,118,106,12,12
5112,92,94,-2,2
5113,110,109,1,1
5114,131,128,3,3
5115,139,151,-12,12
5116,68,76,-8,8
5117,122,123,-1,1
5118,140,129,11,11
5119,124,118,6,6
5120,103,90,13,13
5121,59,75,-16,16
5122,80,82,-2,2
5123,131,123,8,8
5124,104,97,7,7
5125,155,141,14,14
5126,89,88,1,1
5127,68,84,-16,16
5128,79,78,1,1
5129,110,106,4,4
5130,54,56,-2,2
5131,121,132,-11,11
5132,101,101,0,0
5133,109,113,-4,4
5134,100,94,6,6
5135,132,128,4,4
5136,71,76,-5,5
5137,89,86,3,3
5138,92,90,2,2
5139,91,87,4,4
5140,117,105,12,12
5141,100,96,4,4
5142,118,108,10,10
5143,160,140,20,20
5144,121,108,13,13
5145,88,92,-4,4
5146,152,150,2,2
5147,56,56,0,0
5148,51,70,-19,19
5149,110,93,17,17
5150,79,81,-2,2
5151,68,76,-8,8
5152,52,54,-2,2
5153,129,130,-1,1
5154,81,75,6,6
5155,39,43,-4,4
5156,55,114,-59,59
5157,53,59,-6,6
5158,92,90,2,2
5159,72,74,-2,2
5160,103,103,0,0
5161,141,128,13,13
5162,82,84,-2,2
5163,69,74,-5,5
5164,168,161,7,7
5165,65,68,-3,3
5166,76,79,-3,3
5167,104,100,4,4
5168,89,86,3,3
5169,101,104,-3,3
5170,53,62,-9,9
5171,105,99,6,6
5172,90,79,11,11
5173,116,108,8,8
5174,137,130,7,7
5175,126,113,13,13
5176,43,39,4,4
5177,65,74,-9,9
5178,76,79,-3,3
5179,104,98,6,6
5180,88,79,9,9
5181,75,72,3,3
5182,82,78,4,4
5183,40,57,-17,17
5184,77,75,2,2
5185,66,67,-1,1
5186,154,135,19,19
5187,86,80,6,6
5188,112,118,-6,6
5189,93,92,1,1
5190,130,146,-16,16
5191,177,167,10,10
5192,148,137,11,11
5193,80,82,-2,2
5194,58,54,4,4
5195,115,105,10,10
5196,118,111,7,7
5197,66,64,2,2
5198,161,153,8,8
5199,80,82,-2,2
5200,105,99,6,6
5201,56,55,1,1
5202,66,68,-2,2
5203,93,89,4,4
5204,105,102,3,3
5205,96,91,5,5
5206,62,65,-3,3
5207,68,76,-8,8
5208,83,76,7,7
5209,110,106,4,4
5210,109,109,0,0
5211,147,134,13,13
5212,68,67,1,1
5213,121,108,13,13
5214,128,132,-4,4
5215,136,132,4,4
5216,110,102,8,8
5217,84,75,9,9
5218,93,90,3,3
5219,68,73,-5,5
5220,88,89,-1,1
5221,89,96,-7,7
5222,134,135,-1,1
5223,128,124,4,4
5224,79,77,2,2
5225,66,67,-1,1
5226,58,50,8,8
5227,58,74,-16,16
5228,69,68,1,1
5229,56,55,1,1
5230,85,85,0,0
5231,73,74,-1,1
5232,97,89,8,8
5233,100,86,14,14
5234,82,71,11,11
5235,65,67,-2,2
5236,90,95,-5,5
5237,66,83,-17,17
5238,58,58,0,0
5239,62,100,-38,38
5240,50,53,-3,3
5241,84,76,8,8
5242,82,81,1,1
5243,147,152,-5,5
5244,91,81,10,10
5245,95,88,7,7
5246,121,118,3,3
5247,56,61,-5,5
5248,54,48,6,6
5249,103,100,3,3
5250,86,75,11,11
5251,85,78,7,7
5252,97,83,14,14
5253,92,80,12,12
5254,59,61,-2,2
5255,115,112,3,3
5256,116,111,5,5
5257,101,99,2,2
5258,120,99,21,21
5259,164,145,19,19
5260,55,49,6,6
5261,91,93,-2,2
5262,75,78,-3,3
5263,121,121,0,0
5264,57,60,-3,3
5265,38,55,-17,17
5266,92,82,10,10
5267,67,67,0,0
5268,120,115,5,5
5269,83,81,2,2
5270,138,136,2,2
5271,169,156,13,13
5272,59,69,-10,10
5273,47,53,-6,6
5274,46,42,4,4
5275,123,128,-5,5
5276,142,137,5,5
5277,80,85,-5,5
5278,31,36,-5,5
5279,128,126,2,2
5280,112,100,12,12
5281,98,105,-7,7
5282,55,62,-7,7
5283,110,95,15,15
5284,91,94,-3,3
5285,112,91,21,21
5286,115,113,2,2
5287,73,68,5,5
5288,106,103,3,3
5289,93,88,5,5
5290,166,165,1,1
5291,128,136,-8,8
5292,112,106,6,6
5293,89,81,8,8
5294,74,72,2,2
5295,106,119,-13,13
5296,72,73,-1,1
5297,78,77,1,1
5298,92,89,3,3
5299,140,127,13,13
5300,103,97,6,6
5301,102,112,-10,10
5302,63,77,-14,14
5303,169,155,14,14
5304,78,78,0,0
5305,132,124,8,8
5306,50,52,-2,2
5307,127,115,12,12
5308,138,110,28,28
5309,61,55,6,6
5310,87,85,2,2
5311,109,112,-3,3
5312,77,77,0,0
5313,92,104,-12,12
5314,84,79,5,5
5315,140,126,14,14
5316,79,82,-3,3
5317,87,79,8,8
5318,76,77,-1,1
5319,54,49,5,5
5320,77,89,-12,12
5321,28,60,-32,32
5322,85,68,17,17
5323,41,41,0,0
5324,78,81,-3,3
5325,117,106,11,11
5326,99,100,-1,1
5327,130,128,2,2
5328,58,63,-5,5
5329,76,73,3,3
5330,72,77,-5,5
5331,72,69,3,3
5332,130,117,13,13
5333,85,89,-4,4
5334,74,76,-2,2
5335,117,107,10,10
5336,105,109,-4,4
5337,114,111,3,3
5338,94,86,8,8
5339,127,122,5,5
5340,100,92,8,8
5341,100,102,-2,2
5342,114,105,9,9
5343,137,145,-8,8
5344,141,133,8,8
5345,186,174,12,12
5346,49,52,-3,3
5347,71,75,-4,4
5348,144,140,4,4
5349,108,85,23,23
5350,102,87,15,15
5351,129,122,7,7
5352,123,116,7,7
5353,48,52,-4,4
5354,70,69,1,1
5355,81,79,2,2
5356,72,76,-4,4
5357,76,77,-1,1
5358,114,125,-11,11
5359,130,122,8,8
5360,113,120,-7,7
5361,57,60,-3,3
5362,77,78,-1,1
5363,117,114,3,3
5364,79,74,5,5
5365,87,91,-4,4
5366,99,96,3,3
5367,211,197,14,14
5368,92,82,10,10
5369,119,109,10,10
5370,54,61,-7,7
5371,111,101,10,10
5372,67,69,-2,2
5373,185,185,0,0
5374,68,78,-10,10
5375,190,168,22,22
5376,124,119,5,5
5377,80,90,-10,10
5378,78,73,5,5
5379,92,103,-11,11
5380,70,70,0,0
5381,51,67,-16,16
5382,89,88,1,1
5383,82,86,-4,4
5384,83,79,4,4
5385,204,185,19,19
5386,114,106,8,8
5387,62,67,-5,5
5388,100,85,15,15
5389,143,158,-15,15
5390,89,85,4,4
5391,123,129,-6,6
5392,150,145,5,5
5393,135,111,24,24
5394,114,117,-3,3
5395,94,101,-7,7
5396,158,151,7,7
5397,58,69,-11,11
5398,94,96,-2,2
5399,59,60,-1,1
5400,81,98,-17,17
5401,70,69,1,1
5402,79,78,1,1
5403,49,55,-6,6
5404,85,79,6,6
5405,85,80,5,5
5406,55,53,2,2
5407,97,99,-2,2
5408,95,92,3,3
5409,129,122,7,7
5410,53,60,-7,7
5411,109,111,-2,2
5412,92,94,-2,2
5413,122,100,22,22
5414,102,101,1,1
5415,98,108,-10,10
5416,68,76,-8,8
5417,108,102,6,6
5418,92,84,8,8
5419,95,89,6,6
5420,65,64,1,1
5421,27,29,-2,2
5422,62,64,-2,2
5423,109,105,4,4
5424,72,72,0,0
5425,58,56,2,2
5426,121,107,14,14
5427,101,93,8,8
5428,63,69,-6,6
5429,38,32,6,6
5430,145,138,7,7
5431,103,103,0,0
5432,215,229,-14,14
5433,122,112,10,10
5434,90,93,-3,3
5435,67,69,-2,2
5436,98,103,-5,5
5437,106,113,-7,7
5438,119,120,-1,1
5439,93,90,3,3
5440,48,61,-13,13
5441,87,83,4,4
5442,108,113,-5,5
5443,72,67,5,5
5444,124,119,5,5
5445,114,114,0,0
5446,43,44,-1,1
5447,109,103,6,6
5448,99,102,-3,3
5449,116,107,9,9
5450,72,91,-19,19
5451,122,129,-7,7
5452,98,99,-1,1
5453,144,150,-6,6
5454,78,72,6,6
5455,70,67,3,3
5456,114,106,8,8
5457,137,133,4,4
5458,113,103,10,10
5459,115,101,14,14
5460,85,82,3,3
5461,63,61,2,2
5462,114,117,-3,3
5463,88,87,1,1
5464,125,112,13,13
5465,116,116,0,0
5466,150,121,29,29
5467,78,77,1,1
5468,75,74,1,1
5469,81,84,-3,3
5470,116,127,-11,11
5471,64,63,1,1
5472,93,92,1,1
5473,96,86,10,10
5474,147,145,2,2
5475,77,75,2,2
5476,139,139,0,0
5477,64,66,-2,2
5478,82,78,4,4
5479,70,69,1,1
5480,142,137,5,5
5481,99,90,9,9
5482,64,67,-3,3
5483,80,86,-6,6
5484,69,63,6,6
5485,64,69,-5,5
5486,99,101,-2,2
5487,120,106,14,14
5488,80,77,3,3
5489,145,146,-1,1
5490,161,153,8,8
5491,86,89,-3,3
5492,123,122,1,1
5493,91,85,6,6
5494,147,137,10,10
5495,92,86,6,6
5496,79,80,-1,1
5497,144,131,13,13
5498,72,71,1,1
5499,91,100,-9,9
5500,162,157,5,5
5501,76,83,-7,7
5502,82,83,-1,1
5503,63,72,-9,9
5504,71,73,-2,2
5505,74,75,-1,1
5506,152,138,14,14
5507,102,103,-1,1
5508,70,66,4,4
5509,46,49,-3,3
5510,85,94,-9,9
5511,81,80,1,1
5512,85,84,1,1
5513,108,96,12,12
5514,124,118,6,6
5515,81,82,-1,1
5516,97,122,-25,25
5517,137,138,-1,1
5518,125,117,8,8
5519,90,94,-4,4
5520,83,80,3,3
5521,89,86,3,3
5522,124,111,13,13
5523,101,88,13,13
5524,103,102,1,1
5525,61,60,1,1
5526,85,76,9,9
5527,102,103,-1,1
5528,83,96,-13,13
5529,91,92,-1,1
5530,131,108,23,23
5531,150,140,10,10
5532,107,105,2,2
5533,115,115,0,0
5534,126,120,6,6
5535,129,124,5,5
5536,95,88,7,7
5537,143,131,12,12
5538,115,116,-1,1
5539,85,81,4,4
5540,164,155,9,9
5541,95,91,4,4
5542,137,143,-6,6
5543,121,117,4,4
5544,83,80,3,3
5545,115,122,-7,7
5546,154,157,-3,3
5547,115,115,0,0
5548,88,80,8,8
5549,116,118,-2,2
5550,119,100,19,19
5551,30,42,-12,12
5552,100,92,8,8
5553,132,136,-4,4
5554,186,172,14,14
5555,82,83,-1,1
5556,176,141,35,35
5557,107,100,7,7
5558,89,79,10,10
5559,94,94,0,0
5560,51,46,5,5
5561,138,137,1,1
5562,78,78,0,0
5563,59,62,-3,3
5564,58,57,1,1
5565,67,68,-1,1
5566,79,73,6,6
5567,54,56,-2,2
5568,62,62,0,0
5569,83,80,3,3
5570,75,80,-5,5
5571,115,110,5,5
5572,114,117,-3,3
5573,126,110,16,16
5574,88,100,-12,12
5575,69,65,4,4
5576,38,53,-15,15
5577,71,68,3,3
5578,66,67,-1,1
5579,62,63,-1,1
5580,75,68,7,7
5581,59,54,5,5
5582,97,102,-5,5
5583,81,94,-13,13
5584,69,81,-12,12
5585,81,75,6,6
5586,101,101,0,0
5587,97,88,9,9
5588,60,71,-11,11
5589,119,112,7,7
5590,113,135,-22,22
5591,130,113,17,17
5592,61,71,-10,10
5593,166,157,9,9
5594,51,52,-1,1
5595,140,133,7,7
5596,109,115,-6,6
5597,115,117,-2,2
5598,112,105,7,7
5599,89,85,4,4
5600,65,66,-1,1
5601,97,99,-2,2
5602,81,91,-10,10
5603,59,58,1,1
5604,52,52,0,0
5605,74,83,-9,9
5606,76,76,0,0
5607,111,81,30,30
5608,112,109,3,3
5609,66,68,-2,2
5610,96,93,3,3
5611,61,65,-4,4
5612,162,154,8,8
5613,120,110,10,10
5614,68,81,-13,13
5615,61,74,-13,13
5616,110,105,5,5
5617,114,119,-5,5
5618,41,44,-3,3
5619,63,54,9,9
5620,77,75,2,2
5621,92,84,8,8
5622,80,77,3,3
5623,40,45,-5,5
5624,56,62,-6,6
5625,72,74,-2,2
5626,123,110,13,13
5627,77,77,0,0
5628,107,106,1,1
5629,112,110,2,2
5630,72,77,-5,5
5631,99,103,-4,4
5632,118,112,6,6
5633,77,71,6,6
5634,139,131,8,8
5635,84,82,2,2
5636,62,69,-7,7
5637,100,98,2,2
5638,80,78,2,2
5639,91,93,-2,2
5640,113,105,8,8
5641,45,42,3,3
5642,71,63,8,8
5643,122,104,18,18
5644,53,54,-1,1
5645,78,88,-10,10
5646,65,68,-3,3
5647,40,49,-9,9
5648,136,125,11,11
5649,120,113,7,7
5650,104,109,-5,5
5651,85,81,4,4
5652,89,83,6,6
5653,84,87,-3,3
5654,80,87,-7,7
5655,119,123,-4,4
5656,105,100,5,5
5657,61,70,-9,9
5658,53,65,-12,12
5659,69,73,-4,4
5660,83,79,4,4
5661,122,104,18,18
5662,88,83,5,5
5663,88,80,8,8
5664,104,105,-1,1
5665,94,86,8,8
5666,133,127,6,6
5667,53,59,-6,6
5668,73,77,-4,4
5669,92,92,0,0
5670,92,84,8,8
5671,91,86,5,5
5672,82,82,0,0
5673,87,88,-1,1
5674,135,125,10,10
5675,126,123,3,3
5676,94,87,7,7
5677,55,57,-2,2
5678,104,94,10,10
5679,127,122,5,5
5680,135,133,2,2
5681,145,130,15,15
5682,99,101,-2,2
5683,96,101,-5,5
5684,103,85,18,18
5685,32,35,-3,3
5686,74,77,-3,3
5687,109,95,14,14
5688,59,64,-5,5
5689,101,95,6,6
5690,69,67,2,2
5691,71,83,-12,12
5692,101,91,10,10
5693,129,128,1,1
5694,114,112,2,2
5695,73,71,2,2
5696,179,160,19,19
5697,81,81,0,0
5698,127,117,10,10
5699,129,129,0,0
5700,57,51,6,6
5701,50,58,-8,8
5702,80,68,12,12
5703,116,112,4,4
5704,93,82,11,11
5705,164,143,21,21
5706,43,48,-5,5
5707,96,107,-11,11
5708,88,76,12,12
5709,66,58,8,8
5710,97,99,-2,2
5711,86,85,1,1
5712,83,90,-7,7
5713,87,84,3,3
5714,61,67,-6,6
5715,81,81,0,0
5716,164,157,7,7
5717,138,130,8,8
5718,115,118,-3,3
5719,86,86,0,0
5720,118,138,-20,20
5721,67,68,-1,1
5722,87,91,-4,4
5723,74,68,6,6
5724,51,53,-2,2
5725,67,66,1,1
5726,84,77,7,7
5727,94,89,5,5
5728,69,70,-1,1
5729,115,118,-3,3
5730,48,50,-2,2
5731,77,72,5,5
5732,81,79,2,2
5733,110,117,-7,7
5734,74,88,-14,14
5735,54,65,-11,11
5736,84,83,1,1
5737,70,74,-4,4
5738,64,69,-5,5
5739,80,84,-4,4
5740,78,74,4,4
5741,83,92,-9,9
5742,81,77,4,4
5743,34,36,-2,2
5744,149,162,-13,13
5745,50,53,-3,3
5746,57,60,-3,3
5747,75,76,-1,1
5748,139,123,16,16
5749,48,48,0,0
5750,61,66,-5,5
5751,96,85,11,11
5752,64,61,3,3
5753,90,93,-3,3
5754,81,78,3,3
5755,119,125,-6,6
5756,129,123,6,6
5757,111,117,-6,6
5758,79,82,-3,3
5759,107,100,7,7
5760,77,81,-4,4
5761,67,68,-1,1
5762,103,92,11,11
5763,60,63,-3,3
5764,115,117,-2,2
5765,62,58,4,4
5766,71,76,-5,5
5767,67,77,-10,10
5768,46,50,-4,4
5769,52,53,-1,1
5770,55,59,-4,4
5771,95,87,8,8
5772,119,103,16,16
5773,156,162,-6,6
5774,89,79,10,10
5775,130,111,19,19
5776,149,138,11,11
5777,53,68,-15,15
5778,103,98,5,5
5779,181,160,21,21
5780,88,86,2,2
5781,91,86,5,5
5782,79,70,9,9
5783,64,78,-14,14
5784,85,89,-4,4
5785,45,47,-2,2
5786,72,69,3,3
5787,118,110,8,8
5788,54,53,1,1
5789,98,98,0,0
5790,79,82,-3,3
5791,63,64,-1,1
5792,27,32,-5,5
5793,142,135,7,7
5794,67,68,-1,1
5795,146,138,8,8
5796,80,83,-3,3
5797,68,82,-14,14
5798,92,96,-4,4
5799,48,52,-4,4
5800,117,102,15,15
5801,98,96,2,2
5802,73,74,-1,1
5803,84,84,0,0
5804,95,90,5,5
5805,120,119,1,1
5806,151,160,-9,9
5807,50,48,2,2
5808,93,88,5,5
5809,150,146,4,4
5810,65,78,-13,13
5811,76,79,-3,3
5812,69,69,0,0
5813,91,85,6,6
5814,81,82,-1,1
5815,92,86,6,6
5816,127,142,-15,15
5817,100,94,6,6
5818,98,99,-1,1
5819,109,102,7,7
5820,69,74,-5,5
5821,94,101,-7,7
5822,156,141,15,15
5823,82,92,-10,10
5824,62,75,-13,13
5825,56,56,0,0
5826,44,48,-4,4
5827,134,100,34,34
5828,75,68,7,7
5829,88,87,1,1
5830,63,70,-7,7
5831,106,106,0,0
5832,121,107,14,14
5833,94,100,-6,6
5834,89,95,-6,6
5835,45,52,-7,7
5836,76,79,-3,3
5837,85,83,2,2
5838,129,135,-6,6
5839,113,108,5,5
5840,127,119,8,8
5841,129,146,-17,17
5842,92,89,3,3
5843,60,58,2,2
5844,91,76,15,15
5845,90,82,8,8
5846,143,139,4,4
5847,79,77,2,2
5848,118,161,-43,43
5849,65,69,-4,4
5850,88,78,10,10
5851,102,104,-2,2
5852,67,69,-2,2
5853,104,96,8,8
5854,164,160,4,4
5855,145,139,6,6
5856,51,49,2,2
5857,35,36,-1,1
5858,125,119,6,6
5859,78,80,-2,2
5860,110,105,5,5
5861,133,131,2,2
5862,92,89,3,3
5863,89,96,-7,7
5864,66,67,-1,1
5865,96,97,-1,1
5866,74,74,0,0
5867,21,24,-3,3
5868,52,54,-2,2
5869,49,52,-3,3
5870,133,140,-7,7
5871,56,61,-5,5
5872,48,51,-3,3
5873,53,43,10,10
5874,86,89,-3,3
5875,81,94,-13,13
5876,139,137,2,2
5877,111,122,-11,11
5878,118,123,-5,5
5879,61,63,-2,2
5880,88,96,-8,8
5881,58,60,-2,2
5882,91,84,7,7
5883,110,106,4,4
5884,118,96,22,22
5885,109,101,8,8
5886,52,54,-2,2
5887,69,74,-5,5
5888,144,126,18,18
5889,87,83,4,4
5890,153,133,20,20
5891,49,57,-8,8
5892,106,111,-5,5
5893,85,84,1,1
5894,95,90,5,5
5895,99,98,1,1
5896,154,150,4,4
5897,64,78,-14,14
5898,74,74,0,0
5899,94,84,10,10
5900,83,67,16,16
5901,66,70,-4,4
5902,48,54,-6,6
5903,87,96,-9,9
5904,28,47,-19,19
5905,63,60,3,3
5906,117,114,3,3
5907,169,162,7,7
5908,54,53,1,1
5909,118,116,2,2
5910,77,72,5,5
5911,87,88,-1,1
5912,259,228,31,31
5913,116,122,-6,6
5914,141,132,9,9
5915,63,73,-10,10
5916,194,176,18,18
5917,58,70,-12,12
5918,117,117,0,0
5919,101,100,1,1
5920,128,125,3,3
5921,99,85,14,14
5922,122,108,14,14
5923,146,140,6,6
5924,117,103,14,14
5925,85,86,-1,1
5926,156,148,8,8
5927,85,80,5,5
5928,149,155,-6,6
5929,62,69,-7,7
5930,133,134,-1,1
5931,76,78,-2,2
5932,67,68,-1,1
5933,125,144,-19,19
5934,73,69,4,4
5935,106,92,14,14
5936,98,94,4,4
5937,113,111,2,2
5938,151,150,1,1
5939,91,88,3,3
5940,115,122,-7,7
5941,99,104,-5,5
5942,51,53,-2,2
5943,102,109,-7,7
5944,123,112,11,11
5945,71,66,5,5
5946,116,116,0,0
5947,118,116,2,2
5948,151,160,-9,9
5949,93,81,12,12
5950,77,79,-2,2
5951,52,51,1,1
5952,88,83,5,5
5953,56,55,1,1
5954,152,159,-7,7
5955,129,129,0,0
5956,75,80,-5,5
5957,98,94,4,4
5958,149,149,0,0
5959,73,72,1,1
5960,96,108,-12,12
5961,145,145,0,0
5962,88,79,9,9
5963,159,144,15,15
5964,178,163,15,15
5965,81,84,-3,3
5966,142,129,13,13
5967,97,97,0,0
5968,145,143,2,2
5969,91,86,5,5
5970,85,71,14,14
5971,87,75,12,12
5972,90,78,12,12
5973,68,70,-2,2
5974,94,86,8,8
5975,101,93,8,8
5976,92,77,15,15
5977,71,76,-5,5
5978,113,109,4,4
5979,102,99,3,3
5980,114,116,-2,2
5981,97,92,5,5
5982,47,57,-10,10
5983,60,64,-4,4
5984,135,130,5,5
5985,58,56,2,2
5986,206,181,25,25
5987,68,73,-5,5
5988,42,48,-6,6
5989,73,67,6,6
5990,83,77,6,6
5991,72,69,3,3
5992,111,81,30,30
5993,58,53,5,5
5994,130,136,-6,6
5995,111,109,2,2
5996,140,149,-9,9
5997,95,98,-3,3
5998,96,97,-1,1
5999,91,88,3,3
6000,79,79,0,0
6001,74,73,1,1
6002,169,151,18,18
6003,117,119,-2,2
6004,78,61,17,17
6005,115,118,-3,3
6006,44,45,-1,1
6007,103,115,-12,12
6008,78,105,-27,27
6009,49,53,-4,4
6010,126,128,-2,2
6011,93,81,12,12
6012,140,138,2,2
6013,85,86,-1,1
6014,116,126,-10,10
6015,83,75,8,8
6016,96,102,-6,6
6017,143,129,14,14
6018,74,78,-4,4
6019,92,95,-3,3
6020,63,56,7,7
6021,49,58,-9,9
6022,144,142,2,2
6023,54,53,1,1
6024,116,163,-47,47
6025,66,74,-8,8
6026,56,60,-4,4
6027,56,96,-40,40
6028,107,109,-2,2
6029,140,133,7,7
6030,92,99,-7,7
6031,76,84,-8,8
6032,90,92,-2,2
6033,138,140,-2,2
6034,71,66,5,5
6035,89,101,-12,12
6036,66,58,8,8
6037,60,62,-2,2
6038,116,123,-7,7
6039,179,174,5,5
6040,90,75,15,15
6041,116,121,-5,5
6042,89,87,2,2
6043,95,87,8,8
6044,85,77,8,8
6045,53,53,0,0
6046,166,162,4,4
6047,43,47,-4,4
6048,119,123,-4,4
6049,105,116,-11,11
6050,121,112,9,9
6051,73,71,2,2
6052,67,65,2,2
6053,119,120,-1,1
6054,106,105,1,1
6055,72,66,6,6
6056,75,71,4,4
6057,70,76,-6,6
6058,143,129,14,14
6059,83,80,3,3
6060,83,75,8,8
6061,46,60,-14,14
6062,47,46,1,1
6063,119,116,3,3
6064,108,97,11,11
6065,43,58,-15,15
6066,64,60,4,4
6067,83,84,-1,1
6068,141,133,8,8
6069,107,102,5,5
6070,35,53,-18,18
6071,119,116,3,3
6072,88,79,9,9
6073,77,80,-3,3
6074,75,75,0,0
6075,140,133,7,7
6076,66,68,-2,2
6077,121,127,-6,6
6078,47,57,-10,10
6079,68,74,-6,6
6080,112,102,10,10
6081,178,163,15,15
6082,87,91,-4,4
6083,164,146,18,18
6084,79,82,-3,3
6085,71,71,0,0
6086,111,129,-18,18
6087,78,81,-3,3
6088,160,168,-8,8
6089,98,97,1,1
6090,115,157,-42,42
6091,95,104,-9,9
6092,65,66,-1,1
6093,159,159,0,0
6094,85,83,2,2
6095,69,67,2,2
6096,116,117,-1,1
6097,55,60,-5,5
6098,96,96,0,0
6099,94,85,9,9
6100,72,68,4,4
6101,94,83,11,11
6102,124,131,-7,7
6103,62,64,-2,2
6104,79,73,6,6
6105,146,132,14,14
6106,42,48,-6,6
6107,85,80,5,5
6108,100,85,15,15
6109,131,114,17,17
6110,72,78,-6,6
6111,49,49,0,0
6112,116,106,10,10
6113,102,100,2,2
6114,135,134,1,1
6115,138,131,7,7
6116,40,59,-19,19
6117,104,100,4,4
6118,99,93,6,6
6119,50,46,4,4
6120,108,103,5,5
6121,106,104,2,2
6122,93,85,8,8
6123,155,154,1,1
6124,127,120,7,7
6125,78,79,-1,1
6126,87,86,1,1
6127,73,73,0,0
6128,92,91,1,1
6129,86,82,4,4
6130,117,114,3,3
6131,65,63,2,2
6132,44,39,5,5
6133,142,137,5,5
6134,83,86,-3,3
6135,104,97,7,7
6136,119,103,16,16
6137,112,108,4,4
6138,96,83,13,13
6139,58,65,-7,7
6140,44,40,4,4
6141,107,108,-1,1
6142,115,113,2,2
6143,87,89,-2,2
6144,102,99,3,3
6145,89,83,6,6
6146,119,114,5,5
6147,101,100,1,1
6148,55,57,-2,2
6149,92,82,10,10
6150,108,99,9,9
6151,57,57,0,0
6152,119,111,8,8
6153,133,128,5,5
6154,80,81,-1,1
6155,66,69,-3,3
6156,114,105,9,9
6157,111,115,-4,4
6158,140,131,9,9
6159,108,91,17,17
6160,89,97,-8,8
6161,88,79,9,9
6162,76,81,-5,5
6163,80,80,0,0
6164,98,86,12,12
6165,73,70,3,3
6166,136,128,8,8
6167,50,48,2,2
6168,88,99,-11,11
6169,69,72,-3,3
6170,151,144,7,7
6171,66,61,5,5
6172,73,70,3,3
6173,65,63,2,2
6174,72,76,-4,4
6175,52,53,-1,1
6176,108,96,12,12
6177,86,82,4,4
6178,34,52,-18,18
6179,183,181,2,2
6180,54,50,4,4
6181,122,125,-3,3
6182,64,67,-3,3
6183,75,75,0,0
6184,105,94,11,11
6185,65,70,-5,5
6186,84,89,-5,5
6187,101,98,3,3
6188,117,110,7,7
6189,148,148,0,0
6190,66,66,0,0
6191,106,111,-5,5
6192,147,128,19,19
6193,108,110,-2,2
6194,133,105,28,28
6195,42,43,-1,1
6196,67,63,4,4
6197,117,108,9,9
6198,127,133,-6,6
6199,84,81,3,3
6200,72,68,4,4
6201,77,73,4,4
6202,83,77,6,6
6203,77,87,-10,10
6204,133,128,5,5
6205,61,70,-9,9
6206,75,80,-5,5
6207,81,79,2,2
6208,95,89,6,6
6209,115,109,6,6
6210,106,94,12,12
6211,85,76,9,9
6212,89,85,4,4
6213,103,99,4,4
6214,78,74,4,4
6215,83,79,4,4
6216,128,112,16,16
6217,64,69,-5,5
6218,87,82,5,5
6219,108,96,12,12
6220,108,106,2,2
6221,77,74,3,3
6222,65,75,-10,10
6223,56,59,-3,3
6224,69,63,6,6
6225,83,88,-5,5
6226,93,96,-3,3
6227,85,82,3,3
6228,177,173,4,4
6229,52,54,-2,2
6230,35,40,-5,5
6231,128,116,12,12
6232,98,93,5,5
6233,83,79,4,4
6234,67,66,1,1
6235,102,101,1,1
6236,115,116,-1,1
6237,103,95,8,8
6238,99,100,-1,1
6239,100,96,4,4
6240,148,128,20,20
6241,67,69,-2,2
6242,131,125,6,6
6243,76,76,0,0
6244,91,90,1,1
6245,110,95,15,15
6246,133,133,0,0
6247,77,91,-14,14
6248,151,150,1,1
6249,130,134,-4,4
6250,80,83,-3,3
6251,86,86,0,0
6252,117,124,-7,7
6253,72,71,1,1
6254,104,106,-2,2
6255,108,99,9,9
6256,103,103,0,0
6257,57,63,-6,6
6258,30,34,-4,4
6259,70,73,-3,3
6260,93,104,-11,11
6261,75,71,4,4
6262,46,50,-4,4
6263,169,135,34,34
6264,88,83,5,5
6265,71,76,-5,5
6266,97,100,-3,3
6267,133,122,11,11
6268,77,79,-2,2
6269,93,96,-3,3
6270,52,68,-16,16
6271,124,134,-10,10
6272,60,87,-27,27
6273,53,61,-8,8
6274,98,94,4,4
6275,105,89,16,16
6276,92,84,8,8
6277,106,99,7,7
6278,55,58,-3,3
6279,94,96,-2,2
6280,94,83,11,11
6281,67,70,-3,3
6282,109,100,9,9
6283,61,66,-5,5
6284,49,59,-10,10
6285,99,91,8,8
6286,109,99,10,10
6287,73,70,3,3
6288,107,103,4,4
6289,82,78,4,4
6290,122,116,6,6
6291,50,49,1,1
6292,102,94,8,8
6293,99,93,6,6
6294,40,40,0,0
6295,61,57,4,4
6296,94,97,-3,3
6297,55,62,-7,7
6298,66,65,1,1
6299,58,67,-9,9
6300,139,148,-9,9
6301,104,87,17,17
6302,74,72,2,2
6303,77,69,8,8
6304,77,73,4,4
6305,91,87,4,4
6306,74,70,4,4
6307,63,64,-1,1
6308,56,57,-1,1
6309,103,112,-9,9
6310,83,83,0,0
6311,69,74,-5,5
6312,165,150,15,15
6313,109,107,2,2
6314,93,80,13,13
6315,123,122,1,1
6316,142,136,6,6
6317,71,67,4,4
6318,102,100,2,2
6319,81,80,1,1
6320,178,156,22,22
6321,75,68,7,7
6322,68,72,-4,4
6323,135,126,9,9
6324,103,103,0,0
6325,108,108,0,0
6326,62,79,-17,17
6327,95,100,-5,5
6328,114,105,9,9
6329,120,118,2,2
6330,124,127,-3,3
6331,90,90,0,0
6332,29,40,-11,11
6333,69,75,-6,6
6334,61,71,-10,10
6335,85,79,6,6
6336,83,88,-5,5
6337,122,111,11,11
6338,148,138,10,10
6339,108,98,10,10
6340,96,101,-5,5
6341,75,76,-1,1
6342,101,111,-10,10
6343,81,76,5,5
6344,98,102,-4,4
6345,95,88,7,7
6346,100,92,8,8
6347,96,100,-4,4
6348,161,173,-12,12
6349,84,85,-1,1
6350,55,57,-2,2
6351,59,67,-8,8
6352,124,125,-1,1
6353,137,133,4,4
6354,118,112,6,6
6355,144,123,21,21
6356,182,171,11,11
6357,126,119,7,7
6358,127,116,11,11
6359,111,106,5,5
6360,92,87,5,5
6361,106,102,4,4
6362,74,76,-2,2
6363,68,81,-13,13
6364,108,114,-6,6
6365,95,89,6,6
6366,103,103,0,0
6367,81,81,0,0
6368,86,87,-1,1
6369,170,153,17,17
6370,50,51,-1,1
6371,51,55,-4,4
6372,94,85,9,9
6373,146,156,-10,10
6374,74,76,-2,2
6375,100,89,11,11
6376,128,110,18,18
6377,74,67,7,7
6378,108,103,5,5
6379,77,80,-3,3
6380,63,70,-7,7
6381,50,46,4,4
6382,109,102,7,7
6383,52,56,-4,4
6384,68,82,-14,14
6385,90,95,-5,5
6386,80,84,-4,4
6387,55,66,-11,11
6388,103,94,9,9
6389,84,85,-1,1
6390,90,79,11,11
6391,66,75,-9,9
6392,167,161,6,6
6393,82,84,-2,2
6394,73,72,1,1
6395,86,90,-4,4
6396,71,76,-5,5
6397,80,83,-3,3
6398,92,93,-1,1
6399,117,106,11,11
6400,51,57,-6,6
6401,94,95,-1,1
6402,84,80,4,4
6403,135,135,0,0
6404,66,74,-8,8
6405,151,144,7,7
6406,92,95,-3,3
6407,102,100,2,2
6408,116,103,13,13
6409,50,60,-10,10
6410,88,89,-1,1
6411,119,114,5,5
6412,107,109,-2,2
6413,93,100,-7,7
6414,142,132,10,10
6415,52,53,-1,1
6416,115,116,-1,1
6417,52,57,-5,5
6418,56,56,0,0
6419,152,132,20,20
6420,83,73,10,10
6421,62,63,-1,1
6422,64,74,-10,10
6423,119,109,10,10
6424,157,134,23,23
6425,51,60,-9,9
6426,118,117,1,1
6427,58,69,-11,11
6428,94,87,7,7
6429,45,48,-3,3
6430,120,109,11,11
6431,88,88,0,0
6432,84,88,-4,4
6433,131,131,0,0
6434,98,89,9,9
6435,50,51,-1,1
6436,88,77,11,11
6437,101,114,-13,13
6438,78,71,7,7
6439,40,64,-24,24
6440,103,111,-8,8
6441,96,85,11,11
6442,83,80,3,3
6443,93,88,5,5
6444,82,72,10,10
6445,103,100,3,3
6446,41,64,-23,23
6447,39,49,-10,10
6448,60,55,5,5
6449,137,127,10,10
6450,46,43,3,3
6451,51,56,-5,5
6452,82,83,-1,1
6453,131,118,13,13
6454,66,74,-8,8
6455,76,70,6,6
6456,204,188,16,16
6457,106,105,1,1
6458,72,70,2,2
6459,145,141,4,4
6460,80,77,3,3
6461,89,90,-1,1
6462,148,146,2,2
6463,141,123,18,18
6464,59,64,-5,5
6465,51,46,5,5
6466,88,82,6,6
6467,77,72,5,5
6468,103,103,0,0
6469,94,83,11,11
6470,92,82,10,10
6471,82,76,6,6
6472,89,93,-4,4
6473,72,76,-4,4
6474,135,127,8,8
6475,135,124,11,11
6476,85,80,5,5
6477,63,68,-5,5
6478,173,165,8,8
6479,108,106,2,2
6480,141,120,21,21
6481,85,88,-3,3
6482,144,140,4,4
6483,66,67,-1,1
6484,86,86,0,0
6485,84,77,7,7
6486,107,100,7,7
6487,60,61,-1,1
6488,62,70,-8,8
6489,174,174,0,0
6490,68,64,4,4
6491,74,79,-5,5
6492,67,68,-1,1
6493,72,66,6,6
6494,117,107,10,10
6495,93,116,-23,23
6496,69,77,-8,8
6497,75,77,-2,2
6498,84,80,4,4
6499,101,102,-1,1
6500,78,76,2,2
6501,202,193,9,9
6502,97,107,-10,10
6503,79,79,0,0
6504,97,102,-5,5
6505,60,70,-10,10
6506,58,55,3,3
6507,113,121,-8,8
6508,63,66,-3,3
6509,79,78,1,1
6510,94,90,4,4
6511,129,126,3,3
6512,142,139,3,3
6513,96,91,5,5
6514,83,77,6,6
6515,137,127,10,10
6516,99,91,8,8
6517,92,91,1,1
6518,92,100,-8,8
6519,69,67,2,2
6520,126,140,-14,14
6521,148,154,-6,6
6522,90,86,4,4
6523,94,86,8,8
6524,111,110,1,1
6525,86,91,-5,5
6526,49,55,-6,6
6527,124,116,8,8
6528,107,108,-1,1
6529,129,124,5,5
6530,58,51,7,7
6531,70,71,-1,1
6532,70,76,-6,6
6533,91,82,9,9
6534,86,75,11,11
6535,102,104,-2,2
6536,83,86,-3,3
6537,119,118,1,1
6538,76,76,0,0
6539,49,45,4,4
6540,94,80,14,14
6541,124,104,20,20
6542,65,65,0,0
6543,96,108,-12,12
6544,170,168,2,2
6545,68,75,-7,7
6546,28,29,-1,1
6547,135,135,0,0
6548,151,127,24,24
6549,80,83,-3,3
6550,79,91,-12,12
6551,68,82,-14,14
6552,118,104,14,14
6553,73,74,-1,1
6554,104,113,-9,9
6555,147,133,14,14
6556,91,92,-1,1
6557,147,126,21,21
6558,55,65,-10,10
6559,66,69,-3,3
6560,121,111,10,10
6561,70,71,-1,1
6562,107,103,4,4
6563,153,150,3,3
6564,124,124,0,0
6565,59,70,-11,11
6566,90,88,2,2
6567,57,70,-13,13
6568,129,116,13,13
6569,98,102,-4,4
6570,152,143,9,9
6571,55,62,-7,7
6572,93,67,26,26
6573,61,60,1,1
6574,135,128,7,7
6575,72,69,3,3
6576,105,110,-5,5
6577,65,93,-28,28
6578,91,85,6,6
6579,117,109,8,8
6580,85,87,-2,2
6581,125,117,8,8
6582,57,67,-10,10
6583,151,135,16,16
6584,68,73,-5,5
6585,104,112,-8,8
6586,53,61,-8,8
6587,88,86,2,2
6588,91,84,7,7
6589,184,151,33,33
6590,99,94,5,5
6591,189,170,19,19
6592,186,171,15,15
6593,125,113,12,12
6594,62,75,-13,13
6595,103,102,1,1
6596,183,179,4,4
6597,62,56,6,6
6598,66,66,0,0
6599,73,70,3,3
6600,114,109,5,5
6601,123,127,-4,4
6602,108,91,17,17
6603,115,106,9,9
6604,124,116,8,8
6605,66,77,-11,11
6606,104,83,21,21
6607,75,76,-1,1
6608,108,112,-4,4
6609,81,82,-1,1
6610,82,70,12,12
6611,80,72,8,8
6612,30,39,-9,9
6613,90,84,6,6
6614,62,65,-3,3
6615,86,80,6,6
6616,56,58,-2,2
6617,95,98,-3,3
6618,100,102,-2,2
6619,102,97,5,5
6620,102,105,-3,3
6621,59,57,2,2
6622,152,134,18,18
6623,163,165,-2,2
6624,143,136,7,7
6625,162,157,5,5
6626,84,84,0,0
6627,78,81,-3,3
6628,92,98,-6,6
6629,79,81,-2,2
6630,78,76,2,2
6631,120,107,13,13
6632,99,91,8,8
6633,103,92,11,11
6634,76,81,-5,5
6635,80,76,4,4
6636,66,66,0,0
6637,128,125,3,3
6638,85,75,10,10
6639,100,102,-2,2
6640,46,54,-8,8
6641,125,122,3,3
6642,111,116,-5,5
6643,119,115,4,4
6644,59,65,-6,6
6645,55,53,2,2
6646,158,150,8,8
6647,106,111,-5,5
6648,136,133,3,3
6649,108,99,9,9
6650,124,118,6,6
6651,106,104,2,2
6652,92,80,12,12
6653,118,123,-5,5
6654,108,102,6,6
6655,114,106,8,8
6656,51,57,-6,6
6657,85,80,5,5
6658,61,85,-24,24
6659,74,72,2,2
6660,67,69,-2,2
6661,108,103,5,5
6662,132,127,5,5
6663,78,71,7,7
6664,102,109,-7,7
6665,175,150,25,25
6666,140,134,6,6
6667,93,87,6,6
6668,75,85,-10,10
6669,98,94,4,4
6670,98,86,12,12
6671,119,107,12,12
6672,121,143,-22,22
6673,94,95,-1,1
6674,117,100,17,17
6675,108,111,-3,3
6676,87,105,-18,18
6677,100,92,8,8
6678,88,82,6,6
6679,86,70,16,16
6680,65,70,-5,5
6681,81,77,4,4
6682,89,85,4,4
6683,114,104,10,10
6684,108,106,2,2
6685,95,84,11,11
6686,100,99,1,1
6687,98,98,0,0
6688,88,84,4,4
6689,95,94,1,1
6690,92,92,0,0
6691,161,155,6,6
6692,57,55,2,2
6693,89,86,3,3
6694,67,55,12,12
6695,101,103,-2,2
6696,102,107,-5,5
6697,84,81,3,3
6698,64,62,2,2
6699,127,125,2,2
6700,97,97,0,0
6701,101,101,0,0
6702,65,70,-5,5
6703,89,80,9,9
6704,70,70,0,0
6705,67,75,-8,8
6706,169,161,8,8
6707,59,71,-12,12
6708,163,147,16,16
6709,38,41,-3,3
6710,117,113,4,4
6711,53,53,0,0
6712,52,54,-2,2
6713,120,119,1,1
6714,80,71,9,9
6715,52,58,-6,6
6716,127,143,-16,16
6717,87,94,-7,7
6718,54,75,-21,21
6719,66,62,4,4
6720,98,90,8,8
6721,112,114,-2,2
6722,56,58,-2,2
6723,114,110,4,4
6724,90,85,5,5
6725,87,85,2,2
6726,58,63,-5,5
6727,118,113,5,5
6728,96,97,-1,1
6729,102,110,-8,8
6730,84,87,-3,3
6731,111,105,6,6
6732,62,65,-3,3
6733,73,72,1,1
6734,69,70,-1,1
6735,133,123,10,10
6736,87,80,7,7
6737,64,64,0,0
6738,85,85,0,0
6739,103,96,7,7
6740,86,81,5,5
6741,68,70,-2,2
6742,145,146,-1,1
6743,74,68,6,6
6744,91,97,-6,6
6745,102,90,12,12
6746,128,124,4,4
6747,104,106,-2,2
6748,110,118,-8,8
6749,56,57,-1,1
6750,83,82,1,1
6751,109,113,-4,4
6752,77,73,4,4
6753,164,142,22,22
6754,137,131,6,6
6755,134,122,12,12
6756,172,165,7,7
6757,116,115,1,1
6758,80,77,3,3
6759,50,55,-5,5
6760,168,151,17,17
6761,68,73,-5,5
6762,88,91,-3,3
6763,48,44,4,4
6764,60,58,2,2
6765,135,137,-2,2
6766,75,64,11,11
6767,187,178,9,9
6768,78,75,3,3
6769,117,100,17,17
6770,109,116,-7,7
6771,79,72,7,7
6772,80,80,0,0
6773,72,73,-1,1
6774,105,104,1,1
6775,130,136,-6,6
6776,108,113,-5,5
6777,39,46,-7,7
6778,94,100,-6,6
6779,76,82,-6,6
6780,84,86,-2,2
6781,110,119,-9,9
6782,79,78,1,1
6783,129,109,20,20
6784,66,67,-1,1
6785,73,77,-4,4
6786,90,82,8,8
6787,69,72,-3,3
6788,76,67,9,9
6789,96,110,-14,14
6790,113,110,3,3
6791,118,118,0,0
6792,78,75,3,3
6793,92,83,9,9
6794,96,88,8,8
6795,111,118,-7,7
6796,143,152,-9,9
6797,101,97,4,4
6798,99,101,-2,2
6799,110,121,-11,11
6800,105,107,-2,2
6801,79,79,0,0
6802,80,93,-13,13
6803,54,53,1,1
6804,86,82,4,4
6805,66,76,-10,10
6806,96,89,7,7
6807,151,147,4,4
6808,78,99,-21,21
6809,82,91,-9,9
6810,93,88,5,5
6811,57,67,-10,10
6812,129,120,9,9
6813,89,85,4,4
6814,83,79,4,4
6815,72,79,-7,7
6816,85,84,1,1
6817,58,61,-3,3
6818,69,70,-1,1
6819,69,82,-13,13
6820,55,52,3,3
6821,114,102,12,12
6822,145,128,17,17
6823,81,86,-5,5
6824,41,51,-10,10
6825,88,103,-15,15
6826,108,111,-3,3
6827,104,102,2,2
6828,74,67,7,7
6829,111,107,4,4
6830,74,74,0,0
6831,82,78,4,4
6832,129,122,7,7
6833,75,79,-4,4
6834,137,125,12,12
6835,135,129,6,6
6836,93,81,12,12
6837,73,83,-10,10
6838,125,123,2,2
6839,110,119,-9,9
6840,147,161,-14,14
6841,86,90,-4,4
6842,96,87,9,9
6843,104,100,4,4
6844,110,114,-4,4
6845,80,79,1,1
6846,66,74,-8,8
6847,168,166,2,2
6848,123,132,-9,9
6849,138,140,-2,2
6850,66,67,-1,1
6851,66,63,3,3
6852,143,128,15,15
6853,88,76,12,12
6854,76,82,-6,6
6855,143,147,-4,4
6856,108,99,9,9
6857,74,74,0,0
6858,76,73,3,3
6859,59,64,-5,5
6860,87,81,6,6
6861,113,107,6,6
6862,57,63,-6,6
6863,56,68,-12,12
6864,102,91,11,11
6865,74,75,-1,1
6866,89,88,1,1
6867,75,80,-5,5
6868,128,127,1,1
6869,106,111,-5,5
6870,92,83,9,9
6871,138,140,-2,2
6872,75,72,3,3
6873,103,101,2,2
6874,120,108,12,12
6875,136,125,11,11
6876,72,75,-3,3
6877,128,131,-3,3
6878,128,124,4,4
6879,150,146,4,4
6880,86,79,7,7
6881,85,81,4,4
6882,62,62,0,0
6883,76,76,0,0
6884,123,120,3,3
6885,64,69,-5,5
6886,116,117,-1,1
6887,62,66,-4,4
6888,81,79,2,2
6889,118,110,8,8
6890,117,115,2,2
6891,123,112,11,11
6892,144,127,17,17
6893,109,106,3,3
6894,79,76,3,3
6895,97,102,-5,5
6896,87,80,7,7
6897,55,54,1,1
6898,65,69,-4,4
6899,103,102,1,1
6900,90,77,13,13
6901,87,83,4,4
6902,43,46,-3,3
6903,92,88,4,4
6904,147,146,1,1
6905,106,100,6,6
6906,68,74,-6,6
6907,71,67,4,4
6908,97,97,0,0
6909,93,93,0,0
6910,69,83,-14,14
6911,92,97,-5,5
6912,77,81,-4,4
6913,132,126,6,6
6914,87,86,1,1
6915,118,110,8,8
6916,58,59,-1,1
6917,43,38,5,5
6918,80,85,-5,5
6919,118,107,11,11
6920,107,119,-12,12
6921,132,127,5,5
6922,86,89,-3,3
6923,114,106,8,8
6924,85,80,5,5
6925,66,73,-7,7
6926,65,64,1,1
6927,84,87,-3,3
6928,122,118,4,4
6929,74,78,-4,4
6930,154,161,-7,7
6931,93,89,4,4
6932,40,68,-28,28
6933,88,80,8,8
6934,84,84,0,0
6935,67,69,-2,2
6936,113,116,-3,3
6937,110,110,0,0
6938,217,191,26,26
6939,99,103,-4,4
6940,107,109,-2,2
6941,120,118,2,2
6942,116,108,8,8
6943,70,79,-9,9
6944,86,81,5,5
6945,89,91,-2,2
6946,75,71,4,4
6947,72,70,2,2
6948,75,76,-1,1
6949,55,65,-10,10
6950,196,193,3,3
6951,114,106,8,8
6952,142,93,49,49
6953,76,77,-1,1
6954,71,66,5,5
6955,80,84,-4,4
6956,81,78,3,3
6957,106,93,13,13
6958,126,120,6,6
6959,114,116,-2,2
6960,90,88,2,2
6961,134,127,7,7
6962,112,110,2,2
6963,86,84,2,2
6964,109,115,-6,6
6965,98,108,-10,10
6966,123,122,1,1
6967,48,42,6,6
6968,89,84,5,5
6969,141,139,2,2
6970,122,119,3,3
6971,65,77,-12,12
6972,163,154,9,9
6973,106,101,5,5
6974,145,144,1,1
6975,65,62,3,3
6976,111,91,20,20
6977,110,110,0,0
6978,40,42,-2,2
6979,77,77,0,0
6980,81,77,4,4
6981,136,129,7,7
6982,124,129,-5,5
6983,107,109,-2,2
6984,83,80,3,3
6985,137,127,10,10
6986,93,93,0,0
6987,95,95,0,0
6988,82,95,-13,13
6989,91,89,2,2
6990,139,122,17,17
6991,49,47,2,2
6992,36,36,0,0
6993,76,68,8,8
6994,57,63,-6,6
6995,128,132,-4,4
6996,77,90,-13,13
6997,86,85,1,1
6998,144,140,4,4
6999,72,75,-3,3
7000,48,51,-3,3
7001,86,79,7,7
7002,96,87,9,9
7003,67,68,-1,1
7004,65,68,-3,3
7005,132,117,15,15
7006,128,120,8,8
7007,115,108,7,7
7008,109,109,0,0
7009,63,66,-3,3
7010,55,64,-9,9
7011,119,102,17,17
7012,70,63,7,7
7013,125,114,11,11
7014,146,135,11,11
7015,84,82,2,2
7016,120,123,-3,3
7017,83,85,-2,2
7018,68,67,1,1
7019,106,97,9,9
7020,147,122,25,25
7021,81,79,2,2
7022,87,90,-3,3
7023,86,81,5,5
7024,67,75,-8,8
7025,100,93,7,7
7026,81,82,-1,1
7027,70,77,-7,7
7028,94,87,7,7
7029,123,113,10,10
7030,121,114,7,7
7031,71,76,-5,5
7032,73,71,2,2
7033,79,78,1,1
7034,98,101,-3,3
7035,147,118,29,29
7036,86,79,7,7
7037,83,75,8,8
7038,117,109,8,8
7039,93,94,-1,1
7040,44,47,-3,3
7041,68,74,-6,6
7042,74,76,-2,2
7043,76,92,-16,16
7044,96,88,8,8
7045,80,69,11,11
7046,73,82,-9,9
7047,93,84,9,9
7048,48,55,-7,7
7049,85,81,4,4
7050,140,136,4,4
7051,81,80,1,1
7052,57,55,2,2
7053,93,85,8,8
7054,119,119,0,0
7055,129,135,-6,6
7056,88,85,3,3
7057,101,97,4,4
7058,91,87,4,4
7059,59,58,1,1
7060,109,117,-8,8
7061,89,79,10,10
7062,101,87,14,14
7063,116,107,9,9
7064,86,86,0,0
7065,113,109,4,4
7066,101,92,9,9
7067,110,113,-3,3
7068,115,138,-23,23
7069,137,142,-5,5
7070,64,76,-12,12
7071,133,121,12,12
7072,80,85,-5,5
7073,61,60,1,1
7074,116,119,-3,3
7075,154,147,7,7
7076,69,69,0,0
7077,123,121,2,2
7078,63,68,-5,5
7079,99,117,-18,18
7080,52,51,1,1
7081,86,82,4,4
7082,79,75,4,4
7083,97,104,-7,7
7084,68,70,-2,2
7085,79,82,-3,3
7086,82,73,9,9
7087,66,61,5,5
7088,28,23,5,5
7089,54,68,-14,14
7090,76,74,2,2
7091,74,82,-8,8
7092,97,98,-1,1
7093,82,78,4,4
7094,103,102,1,1
7095,61,56,5,5
7096,69,62,7,7
7097,60,67,-7,7
7098,61,87,-26,26
7099,100,105,-5,5
7100,100,101,-1,1
7101,129,118,11,11
7102,184,166,18,18
7103,119,119,0,0
7104,91,81,10,10
7105,99,107,-8,8
7106,100,96,4,4
7107,58,66,-8,8
7108,70,72,-2,2
7109,76,84,-8,8
7110,77,77,0,0
7111,70,64,6,6
7112,116,109,7,7
7113,149,144,5,5
7114,124,126,-2,2
7115,139,114,25,25
7116,142,152,-10,10
7117,77,81,-4,4
7118,96,84,12,12
7119,215,186,29,29
7120,70,72,-2,2
7121,118,117,1,1
7122,89,88,1,1
7123,106,97,9,9
7124,117,114,3,3
7125,60,64,-4,4
7126,67,71,-4,4
7127,149,152,-3,3
7128,364,391,-27,27
7129,110,104,6,6
7130,106,93,13,13
7131,161,162,-1,1
7132,119,130,-11,11
7133,113,141,-28,28
7134,100,102,-2,2
7135,51,58,-7,7
7136,121,117,4,4
7137,108,107,1,1
7138,107,105,2,2
7139,62,64,-2,2
7140,84,84,0,0
7141,93,80,13,13
7142,143,139,4,4
7143,136,127,9,9
7144,53,65,-12,12
7145,97,101,-4,4
7146,139,144,-5,5
7147,126,133,-7,7
7148,46,56,-10,10
7149,172,170,2,2
7150,101,100,1,1
7151,89,88,1,1
7152,118,111,7,7
7153,71,74,-3,3
7154,120,122,-2,2
7155,77,77,0,0
7156,145,130,15,15
7157,45,40,5,5
7158,80,77,3,3
7159,58,67,-9,9
7160,117,108,9,9
7161,91,87,4,4
7162,192,180,12,12
7163,68,67,1,1
7164,71,64,7,7
7165,82,79,3,3
7166,84,81,3,3
7167,70,78,-8,8
7168,47,56,-9,9
7169,95,85,10,10
7170,59,64,-5,5
7171,154,143,11,11
7172,131,121,10,10
7173,98,101,-3,3
7174,38,44,-6,6
7175,86,89,-3,3
7176,55,57,-2,2
7177,40,42,-2,2
7178,119,117,2,2
7179,247,210,37,37
7180,96,99,-3,3
7181,69,74,-5,5
7182,87,92,-5,5
7183,93,98,-5,5
7184,84,79,5,5
7185,127,130,-3,3
7186,106,102,4,4
7187,62,63,-1,1
7188,84,85,-1,1
7189,48,53,-5,5
7190,116,123,-7,7
7191,83,78,5,5
7192,123,124,-1,1
7193,97,86,11,11
7194,119,104,15,15
7195,113,115,-2,2
7196,70,72,-2,2
7197,123,127,-4,4
7198,86,79,7,7
7199,49,56,-7,7
7200,113,111,2,2
7201,100,98,2,2
7202,131,127,4,4
7203,93,89,4,4
7204,92,83,9,9
7205,73,73,0,0
7206,61,62,-1,1
7207,72,67,5,5
7208,91,86,5,5
7209,86,84,2,2
7210,82,77,5,5
7211,179,174,5,5
7212,121,106,15,15
7213,58,61,-3,3
7214,83,74,9,9
7215,100,80,20,20
7216,84,79,5,5
7217,76,74,2,2
7218,83,73,10,10
7219,81,80,1,1
7220,119,118,1,1
7221,160,148,12,12
7222,97,100,-3,3
7223,143,158,-15,15
7224,49,53,-4,4
7225,188,168,20,20
7226,79,79,0,0
7227,62,64,-2,2
7228,71,68,3,3
7229,114,124,-10,10
7230,167,171,-4,4
7231,100,91,9,9
7232,90,80,10,10
7233,106,109,-3,3
7234,129,130,-1,1
7235,81,76,5,5
7236,52,53,-1,1
7237,86,82,4,4
7238,92,106,-14,14
7239,59,66,-7,7
7240,98,102,-4,4
7241,94,87,7,7
7242,173,165,8,8
7243,82,89,-7,7
7244,121,116,5,5
7245,84,75,9,9
7246,44,42,2,2
7247,88,96,-8,8
7248,91,83,8,8
7249,97,90,7,7
7250,46,46,0,0
7251,114,107,7,7
7252,108,100,8,8
7253,66,64,2,2
7254,71,71,0,0
7255,76,77,-1,1
7256,159,156,3,3
7257,39,54,-15,15
7258,47,53,-6,6
7259,142,123,19,19
7260,124,131,-7,7
7261,109,107,2,2
7262,110,114,-4,4
7263,59,56,3,3
7264,107,94,13,13
7265,59,59,0,0
7266,93,93,0,0
7267,96,99,-3,3
7268,40,57,-17,17
7269,124,123,1,1
7270,90,75,15,15
7271,52,57,-5,5
7272,95,87,8,8
7273,81,81,0,0
7274,171,156,15,15
7275,78,68,10,10
7276,97,82,15,15
7277,82,87,-5,5
7278,93,92,1,1
7279,106,109,-3,3
7280,129,118,11,11
7281,110,119,-9,9
7282,28,55,-27,27
7283,152,154,-2,2
7284,113,101,12,12
7285,62,60,2,2
7286,51,54,-3,3
7287,167,171,-4,4
7288,60,53,7,7
7289,176,167,9,9
7290,139,138,1,1
7291,193,187,6,6
7292,78,81,-3,3
7293,76,74,2,2
7294,80,74,6,6
7295,86,102,-16,16
7296,102,91,11,11
7297,51,48,3,3
7298,32,36,-4,4
7299,133,118,15,15
7300,160,147,13,13
7301,75,74,1,1
7302,84,76,8,8
7303,85,83,2,2
7304,89,88,1,1
7305,69,65,4,4
7306,113,114,-1,1
7307,69,66,3,3
7308,76,81,-5,5
7309,56,77,-21,21
7310,86,76,10,10
7311,92,97,-5,5
7312,54,55,-1,1
7313,100,88,12,12
7314,37,45,-8,8
7315,140,135,5,5
7316,57,72,-15,15
7317,83,84,-1,1
7318,75,68,7,7
7319,59,63,-4,4
7320,99,118,-19,19
7321,108,102,6,6
7322,93,98,-5,5
7323,78,82,-4,4
7324,166,166,0,0
7325,81,80,1,1
7326,80,78,2,2
7327,166,143,23,23
7328,56,58,-2,2
7329,108,108,0,0
7330,88,85,3,3
7331,124,133,-9,9
7332,71,75,-4,4
7333,111,99,12,12
7334,77,88,-11,11
7335,84,78,6,6
7336,85,82,3,3
7337,103,90,13,13
7338,67,76,-9,9
7339,128,118,10,10
7340,54,50,4,4
7341,98,91,7,7
7342,115,130,-15,15
7343,80,75,5,5
7344,66,63,3,3
7345,84,79,5,5
7346,179,172,7,7
7347,70,76,-6,6
7348,93,93,0,0
7349,139,153,-14,14
7350,136,124,12,12
7351,173,169,4,4
7352,112,102,10,10
7353,76,82,-6,6
7354,112,116,-4,4
7355,118,126,-8,8
7356,109,98,11,11
7357,101,106,-5,5
7358,105,94,11,11
7359,67,63,4,4
7360,131,121,10,10
7361,41,53,-12,12
7362,49,47,2,2
7363,113,112,1,1
7364,137,136,1,1
7365,96,101,-5,5
7366,68,69,-1,1
7367,110,124,-14,14
7368,70,74,-4,4
7369,155,163,-8,8
7370,58,58,0,0
7371,140,150,-10,10
7372,119,121,-2,2
7373,67,70,-3,3
7374,79,80,-1,1
7375,68,69,-1,1
7376,62,61,1,1
7377,48,53,-5,5
7378,104,107,-3,3
7379,67,70,-3,3
7380,63,69,-6,6
7381,70,69,1,1
7382,83,88,-5,5
7383,66,66,0,0
7384,67,78,-11,11
7385,54,55,-1,1
7386,144,147,-3,3
7387,68,69,-1,1
7388,76,78,-2,2
7389,62,60,2,2
7390,147,132,15,15
7391,80,100,-20,20
7392,53,59,-6,6
7393,73,79,-6,6
7394,74,71,3,3
7395,63,69,-6,6
7396,111,112,-1,1
7397,199,178,21,21
7398,90,86,4,4
7399,65,68,-3,3
7400,68,64,4,4
7401,81,81,0,0
7402,95,91,4,4
7403,83,82,1,1
7404,99,85,14,14
7405,64,71,-7,7
7406,70,75,-5,5
7407,62,57,5,5
7408,60,65,-5,5
7409,84,86,-2,2
7410,63,65,-2,2
7411,91,95,-4,4
7412,53,69,-16,16
7413,114,106,8,8
7414,102,99,3,3
7415,80,67,13,13
7416,85,91,-6,6
7417,112,116,-4,4
7418,86,85,1,1
7419,61,66,-5,5
7420,118,109,9,9
7421,108,86,22,22
7422,179,160,19,19
7423,87,87,0,0
7424,185,170,15,15
7425,91,84,7,7
7426,73,80,-7,7
7427,63,52,11,11
7428,159,141,18,18
7429,146,144,2,2
7430,75,82,-7,7
7431,73,75,-2,2
7432,107,97,10,10
7433,93,87,6,6
7434,89,96,-7,7
7435,82,94,-12,12
7436,79,76,3,3
7437,50,54,-4,4
7438,69,71,-2,2
7439,89,93,-4,4
7440,145,149,-4,4
7441,84,88,-4,4
7442,115,121,-6,6
7443,103,119,-16,16
7444,90,97,-7,7
7445,57,54,3,3
7446,118,102,16,16
7447,99,101,-2,2
7448,124,113,11,11
7449,102,112,-10,10
7450,97,93,4,4
7451,64,63,1,1
7452,78,71,7,7
7453,121,121,0,0
7454,163,151,12,12
7455,63,60,3,3
7456,53,58,-5,5
7457,71,71,0,0
7458,79,79,0,0
7459,102,103,-1,1
7460,130,124,6,6
7461,114,111,3,3
7462,118,124,-6,6
7463,93,93,0,0
7464,78,74,4,4
7465,87,87,0,0
7466,107,98,9,9
7467,105,100,5,5
7468,135,132,3,3
7469,64,63,1,1
7470,80,77,3,3
7471,79,85,-6,6
7472,156,156,0,0
7473,123,127,-4,4
7474,81,88,-7,7
7475,91,90,1,1
7476,184,165,19,19
7477,62,69,-7,7
7478,76,81,-5,5
7479,112,109,3,3
7480,60,68,-8,8
7481,103,95,8,8
7482,83,81,2,2
7483,69,71,-2,2
7484,206,194,12,12
7485,78,81,-3,3
7486,82,73,9,9
7487,81,83,-2,2
7488,39,36,3,3
7489,109,110,-1,1
7490,32,60,-28,28
7491,65,70,-5,5
7492,88,82,6,6
7493,94,96,-2,2
7494,87,91,-4,4
7495,74,69,5,5
7496,88,82,6,6
7497,103,108,-5,5
7498,72,66,6,6
7499,83,82,1,1
7500,197,202,-5,5
7501,41,43,-2,2
7502,76,75,1,1
7503,129,114,15,15
7504,40,64,-24,24
7505,136,138,-2,2
7506,62,61,1,1
7507,66,68,-2,2
7508,106,118,-12,12
7509,62,62,0,0
7510,109,100,9,9
7511,136,124,12,12
7512,100,96,4,4
7513,160,154,6,6
7514,105,101,4,4
7515,122,114,8,8
7516,98,98,0,0
7517,78,72,6,6
7518,75,79,-4,4
7519,67,69,-2,2
7520,56,60,-4,4
7521,60,58,2,2
7522,38,39,-1,1
7523,53,58,-5,5
7524,57,72,-15,15
7525,113,107,6,6
7526,83,77,6,6
7527,81,71,10,10
7528,136,139,-3,3
7529,78,73,5,5
7530,89,87,2,2
7531,86,85,1,1
7532,68,73,-5,5
7533,156,153,3,3
7534,85,80,5,5
7535,126,124,2,2
7536,57,69,-12,12
7537,114,116,-2,2
7538,113,102,11,11
7539,75,81,-6,6
7540,130,123,7,7
7541,79,66,13,13
7542,112,106,6,6
7543,120,120,0,0
7544,76,77,-1,1
7545,86,78,8,8
7546,60,59,1,1
7547,52,59,-7,7
7548,80,71,9,9
7549,136,127,9,9
7550,71,74,-3,3
7551,152,153,-1,1
7552,59,68,-9,9
7553,88,79,9,9
7554,71,68,3,3
7555,71,66,5,5
7556,88,91,-3,3
7557,44,50,-6,6
7558,95,100,-5,5
7559,99,96,3,3
7560,74,81,-7,7
7561,148,135,13,13
7562,74,71,3,3
7563,103,87,16,16
7564,70,66,4,4
7565,128,116,12,12
7566,70,69,1,1
7567,69,74,-5,5
7568,95,80,15,15
7569,125,124,1,1
7570,87,89,-2,2
7571,130,128,2,2
7572,105,117,-12,12
7573,96,88,8,8
7574,90,88,2,2
7575,52,53,-1,1
7576,77,88,-11,11
7577,143,136,7,7
7578,97,106,-9,9
7579,81,80,1,1
7580,55,51,4,4
7581,122,137,-15,15
7582,59,65,-6,6
7583,106,103,3,3
7584,146,131,15,15
7585,62,63,-1,1
7586,122,118,4,4
7587,166,156,10,10
7588,76,71,5,5
7589,82,86,-4,4
7590,114,109,5,5
7591,113,122,-9,9
7592,94,90,4,4
7593,113,116,-3,3
7594,79,81,-2,2
7595,106,103,3,3
7596,123,122,1,1
7597,118,110,8,8
7598,80,75,5,5
7599,94,90,4,4
7600,89,81,8,8
7601,64,58,6,6
7602,113,113,0,0
7603,137,130,7,7
7604,53,104,-51,51
7605,133,131,2,2
7606,65,77,-12,12
7607,78,81,-3,3
7608,40,37,3,3
7609,60,64,-4,4
7610,52,55,-3,3
7611,136,129,7,7
7612,155,152,3,3
7613,94,98,-4,4
7614,75,77,-2,2
7615,36,42,-6,6
7616,132,122,10,10
7617,117,111,6,6
7618,136,145,-9,9
7619,141,125,16,16
7620,65,70,-5,5
7621,96,83,13,13
7622,68,72,-4,4
7623,144,125,19,19
7624,148,146,2,2
7625,117,116,1,1
7626,60,72,-12,12
7627,98,96,2,2
7628,114,109,5,5
7629,139,122,17,17
7630,109,99,10,10
7631,69,77,-8,8
7632,105,98,7,7
7633,116,105,11,11
7634,72,70,2,2
7635,74,77,-3,3
7636,102,104,-2,2
7637,62,54,8,8
7638,36,32,4,4
7639,94,89,5,5
7640,78,78,0,0
7641,150,136,14,14
7642,81,79,2,2
7643,154,153,1,1
7644,115,119,-4,4
7645,44,56,-12,12
7646,88,89,-1,1
7647,80,76,4,4
7648,75,71,4,4
7649,58,54,4,4
7650,124,121,3,3
7651,90,86,4,4
7652,117,107,10,10
7653,93,85,8,8
7654,133,128,5,5
7655,71,64,7,7
7656,82,83,-1,1
7657,66,69,-3,3
7658,69,71,-2,2
7659,112,104,8,8
7660,114,104,10,10
7661,81,69,12,12
7662,110,113,-3,3
7663,76,73,3,3
7664,97,99,-2,2
7665,83,80,3,3
7666,73,73,0,0
7667,109,105,4,4
7668,67,68,-1,1
7669,101,106,-5,5
7670,74,70,4,4
7671,122,118,4,4
7672,51,61,-10,10
7673,80,88,-8,8
7674,118,115,3,3
7675,87,79,8,8
7676,84,79,5,5
7677,135,123,12,12
7678,51,98,-47,47
7679,121,103,18,18
7680,60,61,-1,1
7681,150,145,5,5
7682,41,47,-6,6
7683,55,56,-1,1
7684,149,132,17,17
7685,136,134,2,2
7686,121,103,18,18
7687,121,117,4,4
7688,50,63,-13,13
7689,61,60,1,1
7690,129,122,7,7
7691,83,95,-12,12
7692,83,97,-14,14
7693,77,72,5,5
7694,110,100,10,10
7695,110,95,15,15
7696,108,116,-8,8
7697,95,100,-5,5
7698,91,84,7,7
7699,99,90,9,9
7700,105,104,1,1
7701,104,130,-26,26
7702,82,82,0,0
7703,68,69,-1,1
7704,77,75,2,2
7705,103,98,5,5
7706,87,84,3,3
7707,55,53,2,2
7708,94,89,5,5
7709,67,67,0,0
7710,75,88,-13,13
7711,137,137,0,0
7712,69,72,-3,3
7713,67,68,-1,1
7714,77,87,-10,10
7715,68,69,-1,1
7716,117,113,4,4
7717,109,118,-9,9
7718,164,147,17,17
7719,102,117,-15,15
7720,77,83,-6,6
7721,71,84,-13,13
7722,71,74,-3,3
7723,146,127,19,19
7724,40,39,1,1
7725,121,112,9,9
7726,86,76,10,10
7727,99,97,2,2
7728,68,75,-7,7
7729,89,74,15,15
7730,71,75,-4,4
7731,72,71,1,1
7732,49,49,0,0
7733,155,126,29,29
7734,145,150,-5,5
7735,102,107,-5,5
7736,131,125,6,6
7737,101,84,17,17
7738,61,68,-7,7
7739,108,113,-5,5
7740,62,69,-7,7
7741,93,85,8,8
7742,84,81,3,3
7743,56,97,-41,41
7744,143,133,10,10
7745,145,135,10,10
7746,103,94,9,9
7747,88,85,3,3
7748,96,92,4,4
7749,63,66,-3,3
7750,88,89,-1,1
7751,50,65,-15,15
7752,106,108,-2,2
7753,89,74,15,15
7754,101,108,-7,7
7755,134,124,10,10
7756,91,83,8,8
7757,134,139,-5,5
7758,79,83,-4,4
7759,161,150,11,11
7760,127,125,2,2
7761,88,88,0,0
7762,61,69,-8,8
7763,60,74,-14,14
7764,102,92,10,10
7765,140,143,-3,3
7766,69,72,-3,3
7767,101,110,-9,9
7768,175,171,4,4
7769,129,139,-10,10
7770,115,113,2,2
7771,88,101,-13,13
7772,79,77,2,2
7773,102,103,-1,1
7774,43,44,-1,1
7775,97,95,2,2
7776,132,137,-5,5
7777,58,60,-2,2
7778,89,94,-5,5
7779,90,92,-2,2
7780,98,104,-6,6
7781,102,101,1,1
7782,88,87,1,1
7783,106,102,4,4
7784,99,89,10,10
7785,151,143,8,8
7786,111,103,8,8
7787,65,65,0,0
7788,71,73,-2,2
7789,79,92,-13,13
7790,65,65,0,0
7791,136,125,11,11
7792,151,155,-4,4
7793,108,105,3,3
7794,121,109,12,12
7795,54,64,-10,10
7796,96,102,-6,6
7797,98,87,11,11
7798,62,68,-6,6
7799,78,81,-3,3
7800,97,98,-1,1
7801,80,76,4,4
7802,65,70,-5,5
7803,74,72,2,2
7804,118,120,-2,2
7805,109,100,9,9
7806,99,96,3,3
7807,78,85,-7,7
7808,59,70,-11,11
7809,84,92,-8,8
7810,108,110,-2,2
7811,89,92,-3,3
7812,119,106,13,13
7813,182,166,16,16
7814,133,116,17,17
7815,90,97,-7,7
7816,144,159,-15,15
7817,109,106,3,3
7818,154,140,14,14
7819,54,50,4,4
7820,59,65,-6,6
7821,120,116,4,4
7822,113,120,-7,7
7823,90,85,5,5
7824,119,107,12,12
7825,72,74,-2,2
7826,173,165,8,8
7827,252,228,24,24
7828,123,132,-9,9
7829,178,169,9,9
7830,207,188,19,19
7831,86,89,-3,3
7832,61,56,5,5
7833,82,86,-4,4
7834,77,75,2,2
7835,90,84,6,6
7836,85,104,-19,19
7837,133,144,-11,11
7838,67,67,0,0
7839,71,78,-7,7
7840,118,125,-7,7
7841,168,168,0,0
7842,101,102,-1,1
7843,126,117,9,9
7844,127,124,3,3
7845,197,183,14,14
7846,67,68,-1,1
7847,59,57,2,2
7848,139,132,7,7
7849,84,84,0,0
7850,75,76,-1,1
7851,124,122,2,2
7852,61,64,-3,3
7853,78,75,3,3
7854,102,89,13,13
7855,50,46,4,4
7856,72,81,-9,9
7857,98,106,-8,8
7858,109,102,7,7
7859,97,87,10,10
7860,79,75,4,4
7861,73,74,-1,1
7862,114,105,9,9
7863,118,112,6,6
7864,101,104,-3,3
7865,103,103,0,0
7866,49,52,-3,3
7867,49,56,-7,7
7868,37,47,-10,10
7869,121,118,3,3
7870,69,73,-4,4
7871,126,127,-1,1
7872,91,87,4,4
7873,119,113,6,6
7874,105,102,3,3
7875,129,125,4,4
7876,83,81,2,2
7877,99,97,2,2
7878,106,111,-5,5
7879,67,65,2,2
7880,132,134,-2,2
7881,110,98,12,12
7882,72,68,4,4
7883,126,120,6,6
7884,129,141,-12,12
7885,74,73,1,1
7886,131,128,3,3
7887,97,97,0,0
7888,118,123,-5,5
7889,124,121,3,3
7890,66,69,-3,3
7891,99,111,-12,12
7892,93,91,2,2
7893,169,165,4,4
7894,109,116,-7,7
7895,194,176,18,18
7896,131,122,9,9
7897,67,67,0,0
7898,102,102,0,0
7899,126,120,6,6
7900,166,169,-3,3
7901,52,62,-10,10
7902,129,141,-12,12
7903,175,168,7,7
7904,77,69,8,8
7905,52,47,5,5
7906,73,67,6,6
7907,97,99,-2,2
7908,49,52,-3,3
7909,112,110,2,2
7910,108,115,-7,7
7911,91,81,10,10
7912,84,105,-21,21
7913,35,46,-11,11
7914,182,186,-4,4
7915,61,67,-6,6
7916,61,58,3,3
7917,79,79,0,0
7918,55,57,-2,2
7919,64,66,-2,2
7920,142,132,10,10
7921,66,68,-2,2
7922,74,79,-5,5
7923,150,140,10,10
7924,99,94,5,5
7925,106,111,-5,5
7926,72,80,-8,8
7927,121,116,5,5
7928,114,112,2,2
7929,75,73,2,2
7930,65,72,-7,7
7931,116,119,-3,3
7932,99,94,5,5
7933,199,192,7,7
7934,60,61,-1,1
7935,67,63,4,4
7936,81,80,1,1
7937,178,134,44,44
7938,70,79,-9,9
7939,131,119,12,12
7940,149,135,14,14
7941,70,70,0,0
7942,97,104,-7,7
7943,104,88,16,16
7944,73,73,0,0
7945,74,79,-5,5
7946,87,97,-10,10
7947,112,111,1,1
7948,126,118,8,8
7949,86,103,-17,17
7950,134,129,5,5
7951,117,99,18,18
7952,61,64,-3,3
7953,71,79,-8,8
7954,80,87,-7,7
7955,63,63,0,0
7956,70,64,6,6
7957,63,73,-10,10
7958,46,52,-6,6
7959,59,63,-4,4
7960,89,87,2,2
7961,134,128,6,6
7962,113,110,3,3
7963,73,84,-11,11
7964,122,113,9,9
7965,59,64,-5,5
7966,142,147,-5,5
7967,175,171,4,4
7968,61,57,4,4
7969,142,153,-11,11
7970,68,58,10,10
7971,51,55,-4,4
7972,94,100,-6,6
7973,104,98,6,6
7974,85,86,-1,1
7975,155,157,-2,2
7976,157,165,-8,8
7977,115,110,5,5
7978,94,97,-3,3
7979,86,95,-9,9
7980,115,124,-9,9
7981,85,82,3,3
7982,106,101,5,5
7983,64,63,1,1
7984,38,75,-37,37
7985,51,53,-2,2
7986,106,107,-1,1
7987,101,105,-4,4
7988,46,54,-8,8
7989,85,78,7,7
7990,104,101,3,3
7991,95,99,-4,4
7992,130,122,8,8
7993,151,141,10,10
7994,57,60,-3,3
7995,93,95,-2,2
7996,69,66,3,3
7997,39,34,5,5
7998,76,80,-4,4
7999,84,77,7,7
8000,41,42,-1,1
8001,45,53,-8,8
8002,68,69,-1,1
8003,82,80,2,2
8004,68,71,-3,3
8005,73,69,4,4
8006,49,77,-28,28
8007,93,87,6,6
8008,75,71,4,4
8009,85,77,8,8
8010,103,102,1,1
8011,129,124,5,5
8012,116,116,0,0
8013,77,75,2,2
8014,83,82,1,1
8015,104,93,11,11
8016,124,111,13,13
8017,89,91,-2,2
8018,88,102,-14,14
8019,49,64,-15,15
8020,104,107,-3,3
8021,107,105,2,2
8022,125,125,0,0
8023,57,62,-5,5
8024,104,96,8,8
8025,51,71,-20,20
8026,86,80,6,6
8027,96,97,-1,1
8028,190,181,9,9
8029,84,84,0,0
8030,105,105,0,0
8031,94,89,5,5
8032,74,72,2,2
8033,100,91,9,9
8034,126,118,8,8
8035,73,72,1,1
8036,83,84,-1,1
8037,141,129,12,12
8038,124,123,1,1
8039,79,80,-1,1
8040,135,128,7,7
8041,81,70,11,11
8042,137,137,0,0
8043,75,75,0,0
8044,54,70,-16,16
8045,102,102,0,0
8046,157,138,19,19
8047,93,91,2,2
8048,155,140,15,15
8049,71,69,2,2
8050,109,106,3,3
8051,60,68,-8,8
8052,57,73,-16,16
8053,113,112,1,1
8054,130,130,0,0
8055,71,85,-14,14
8056,92,87,5,5
8057,148,126,22,22
8058,117,103,14,14
8059,68,69,-1,1
8060,161,148,13,13
8061,85,81,4,4
8062,65,62,3,3
8063,43,44,-1,1
8064,102,99,3,3
8065,69,63,6,6
8066,185,179,6,6
8067,133,127,6,6
8068,104,103,1,1
8069,105,105,0,0
8070,120,116,4,4
8071,85,81,4,4
8072,73,62,11,11
8073,158,166,-8,8
8074,76,74,2,2
8075,87,70,17,17
8076,148,128,20,20
8077,85,84,1,1
8078,98,83,15,15
8079,66,73,-7,7
8080,100,99,1,1
8081,110,110,0,0
8082,86,87,-1,1
8083,119,123,-4,4
8084,75,70,5,5
8085,110,125,-15,15
8086,69,70,-1,1
8087,127,109,18,18
8088,98,90,8,8
8089,116,124,-8,8
8090,65,70,-5,5
8091,94,91,3,3
8092,58,57,1,1
8093,68,91,-23,23
8094,118,111,7,7
8095,27,31,-4,4
8096,74,68,6,6
8097,81,83,-2,2
8098,98,89,9,9
8099,56,62,-6,6
8100,101,100,1,1
8101,128,120,8,8
8102,104,106,-2,2
8103,69,68,1,1
8104,130,113,17,17
8105,121,121,0,0
8106,42,91,-49,49
8107,89,95,-6,6
8108,71,65,6,6
8109,129,117,12,12
8110,59,68,-9,9
8111,101,103,-2,2
8112,102,102,0,0
8113,109,113,-4,4
8114,94,85,9,9
8115,108,112,-4,4
8116,102,96,6,6
8117,89,90,-1,1
8118,121,123,-2,2
8119,122,132,-10,10
8120,67,74,-7,7
8121,51,63,-12,12
8122,89,84,5,5
8123,88,93,-5,5
8124,131,115,16,16
8125,103,101,2,2
8126,151,172,-21,21
8127,134,145,-11,11
8128,108,108,0,0
8129,92,86,6,6
8130,65,59,6,6
8131,81,80,1,1
8132,68,78,-10,10
8133,91,86,5,5
8134,114,108,6,6
8135,48,63,-15,15
8136,102,106,-4,4
8137,149,149,0,0
8138,108,106,2,2
8139,60,64,-4,4
8140,103,106,-3,3
8141,65,73,-8,8
8142,119,122,-3,3
8143,104,111,-7,7
8144,64,62,2,2
8145,48,54,-6,6
8146,55,55,0,0
8147,75,77,-2,2
8148,44,59,-15,15
8149,73,80,-7,7
8150,54,54,0,0
8151,54,62,-8,8
8152,52,58,-6,6
8153,95,85,10,10
8154,66,71,-5,5
8155,85,98,-13,13
8156,75,71,4,4
8157,95,107,-12,12
8158,95,86,9,9
8159,36,36,0,0
8160,79,80,-1,1
8161,123,120,3,3
8162,81,71,10,10
8163,176,158,18,18
8164,60,52,8,8
8165,61,74,-13,13
8166,140,124,16,16
8167,127,121,6,6
8168,96,95,1,1
8169,99,86,13,13
8170,108,99,9,9
8171,58,62,-4,4
8172,51,65,-14,14
8173,95,86,9,9
8174,58,70,-12,12
8175,76,68,8,8
8176,116,108,8,8
8177,108,99,9,9
8178,168,153,15,15
8179,27,33,-6,6
8180,145,128,17,17
8181,53,58,-5,5
8182,67,69,-2,2
8183,92,87,5,5
8184,78,72,6,6
8185,113,116,-3,3
8186,141,140,1,1
8187,136,125,11,11
8188,103,108,-5,5
8189,86,92,-6,6
8190,195,196,-1,1
8191,75,74,1,1
8192,63,67,-4,4
8193,66,69,-3,3
8194,127,125,2,2
8195,122,112,10,10
8196,54,101,-47,47
8197,101,102,-1,1
8198,93,75,18,18
8199,64,69,-5,5
8200,108,108,0,0
8201,111,105,6,6
8202,77,69,8,8
8203,154,151,3,3
8204,94,83,11,11
8205,84,83,1,1
8206,76,86,-10,10
8207,87,80,7,7
8208,126,113,13,13
8209,82,79,3,3
8210,82,82,0,0
8211,80,78,2,2
8212,126,125,1,1
8213,64,66,-2,2
8214,142,123,19,19
8215,143,137,6,6
8216,127,136,-9,9
8217,76,79,-3,3
8218,57,72,-15,15
8219,109,96,13,13
8220,141,133,8,8
8221,129,121,8,8
8222,114,105,9,9
8223,83,80,3,3
8224,149,146,3,3
8225,47,56,-9,9
8226,88,86,2,2
8227,88,83,5,5
8228,105,105,0,0
8229,93,101,-8,8
8230,109,97,12,12
8231,87,82,5,5
8232,43,39,4,4
8233,81,77,4,4
8234,101,78,23,23
8235,80,67,13,13
8236,112,111,1,1
8237,92,99,-7,7
8238,102,98,4,4
8239,71,68,3,3
8240,166,156,10,10
8241,98,91,7,7
8242,129,118,11,11
8243,79,83,-4,4
8244,109,101,8,8
8245,145,139,6,6
8246,166,154,12,12
8247,76,77,-1,1
8248,46,50,-4,4
8249,113,106,7,7
8250,75,82,-7,7
8251,86,73,13,13
8252,76,77,-1,1
8253,88,91,-3,3
8254,67,77,-10,10
8255,100,96,4,4
8256,71,78,-7,7
8257,59,65,-6,6
8258,181,173,8,8
8259,56,58,-2,2
8260,114,95,19,19
8261,92,97,-5,5
8262,100,101,-1,1
8263,75,91,-16,16
8264,188,171,17,17
8265,51,53,-2,2
8266,84,91,-7,7
8267,171,182,-11,11
8268,66,64,2,2
8269,92,84,8,8
8270,122,124,-2,2
8271,40,56,-16,16
8272,87,85,2,2
8273,122,118,4,4
8274,98,87,11,11
8275,96,98,-2,2
8276,120,114,6,6
8277,82,83,-1,1
8278,88,81,7,7
8279,60,66,-6,6
8280,83,78,5,5
8281,81,71,10,10
8282,151,151,0,0
8283,187,177,10,10
8284,98,108,-10,10
8285,95,87,8,8
8286,77,76,1,1
8287,144,139,5,5
8288,81,82,-1,1
8289,91,92,-1,1
8290,149,144,5,5
8291,99,114,-15,15
8292,96,84,12,12
8293,129,131,-2,2
8294,63,61,2,2
8295,86,82,4,4
8296,64,72,-8,8
8297,74,65,9,9
8298,93,90,3,3
8299,85,78,7,7
8300,248,219,29,29
8301,91,89,2,2
8302,58,60,-2,2
8303,93,87,6,6
8304,93,94,-1,1
8305,55,59,-4,4
8306,102,107,-5,5
8307,107,97,10,10
8308,79,78,1,1
8309,84,78,6,6
8310,95,90,5,5
8311,110,106,4,4
8312,80,77,3,3
8313,44,49,-5,5
8314,96,92,4,4
8315,59,70,-11,11
8316,109,108,1,1
8317,198,191,7,7
8318,81,88,-7,7
8319,119,116,3,3
8320,106,107,-1,1
8321,114,102,12,12
8322,51,57,-6,6
8323,110,106,4,4
8324,112,116,-4,4
8325,99,101,-2,2
8326,80,75,5,5
8327,59,69,-10,10
8328,110,117,-7,7
8329,125,112,13,13
8330,137,126,11,11
8331,73,74,-1,1
8332,190,182,8,8
8333,137,142,-5,5
8334,46,50,-4,4
8335,124,125,-1,1
8336,87,82,5,5
8337,114,103,11,11
8338,83,82,1,1
8339,85,83,2,2
8340,142,154,-12,12
8341,108,97,11,11
8342,129,127,2,2
8343,107,96,11,11
8344,109,110,-1,1
8345,144,142,2,2
8346,76,75,1,1
8347,38,60,-22,22
8348,157,156,1,1
8349,55,57,-2,2
8350,99,105,-6,6
8351,153,143,10,10
8352,74,71,3,3
8353,74,76,-2,2
8354,78,75,3,3
8355,74,82,-8,8
8356,94,90,4,4
8357,112,101,11,11
8358,141,142,-1,1
8359,82,74,8,8
8360,160,160,0,0
8361,103,101,2,2
8362,110,104,6,6
8363,42,45,-3,3
8364,69,72,-3,3
8365,59,53,6,6
8366,98,94,4,4
8367,75,71,4,4
8368,58,58,0,0
8369,74,68,6,6
8370,108,110,-2,2
8371,66,77,-11,11
8372,105,99,6,6
8373,46,63,-17,17
8374,55,54,1,1
8375,71,68,3,3
8376,115,113,2,2
8377,88,79,9,9
8378,47,43,4,4
8379,174,160,14,14
8380,94,84,10,10
8381,74,74,0,0
8382,84,81,3,3
8383,85,74,11,11
8384,65,57,8,8
8385,39,36,3,3
8386,118,110,8,8
8387,101,95,6,6
8388,78,80,-2,2
8389,97,108,-11,11
8390,104,98,6,6
8391,98,91,7,7
8392,81,93,-12,12
8393,112,107,5,5
8394,98,95,3,3
8395,96,103,-7,7
8396,53,48,5,5
8397,67,80,-13,13
8398,70,72,-2,2
8399,114,101,13,13
8400,104,107,-3,3
8401,65,70,-5,5
8402,80,73,7,7
8403,96,83,13,13
8404,70,67,3,3
8405,105,105,0,0
8406,100,85,15,15
8407,160,146,14,14
8408,91,98,-7,7
8409,100,101,-1,1
8410,119,100,19,19
8411,65,68,-3,3
8412,99,102,-3,3
8413,172,139,33,33
8414,83,77,6,6
8415,85,76,9,9
8416,69,66,3,3
8417,59,66,-7,7
8418,93,95,-2,2
8419,81,80,1,1
8420,75,76,-1,1
8421,62,61,1,1
8422,115,105,10,10
8423,107,137,-30,30
8424,105,104,1,1
8425,51,58,-7,7
8426,76,80,-4,4
8427,88,92,-4,4
8428,145,139,6,6
8429,114,117,-3,3
8430,38,38,0,0
8431,133,130,3,3
8432,74,74,0,0
8433,119,115,4,4
8434,96,88,8,8
8435,143,127,16,16
8436,60,60,0,0
8437,130,116,14,14
8438,120,106,14,14
8439,122,138,-16,16
8440,113,108,5,5
8441,68,73,-5,5
8442,98,91,7,7
8443,143,123,20,20
8444,77,73,4,4
8445,92,93,-1,1
8446,61,61,0,0
8447,74,80,-6,6
8448,94,83,11,11
8449,102,97,5,5
8450,118,112,6,6
8451,119,117,2,2
8452,193,179,14,14
8453,95,96,-1,1
8454,89,87,2,2
8455,129,127,2,2
8456,124,113,11,11
8457,84,78,6,6
8458,76,78,-2,2
8459,55,56,-1,1
8460,143,137,6,6
8461,134,118,16,16
8462,88,89,-1,1
8463,132,131,1,1
8464,114,98,16,16
8465,71,72,-1,1
8466,79,73,6,6
8467,101,97,4,4
8468,134,134,0,0
8469,61,50,11,11
8470,81,74,7,7
8471,107,109,-2,2
8472,86,79,7,7
8473,83,82,1,1
8474,94,94,0,0
8475,102,103,-1,1
8476,110,126,-16,16
8477,137,138,-1,1
8478,56,67,-11,11
8479,134,122,12,12
8480,80,84,-4,4
8481,46,47,-1,1
8482,111,111,0,0
8483,112,105,7,7
8484,121,119,2,2
8485,113,110,3,3
8486,91,95,-4,4
8487,47,54,-7,7
8488,65,66,-1,1
8489,56,69,-13,13
8490,83,85,-2,2
8491,85,89,-4,4
8492,102,94,8,8
8493,80,80,0,0
8494,110,104,6,6
8495,141,143,-2,2
8496,90,86,4,4
8497,73,70,3,3
8498,60,60,0,0
8499,178,145,33,33
8500,124,135,-11,11
8501,108,99,9,9
8502,100,102,-2,2
8503,78,80,-2,2
8504,115,120,-5,5
8505,127,131,-4,4
8506,47,44,3,3
8507,58,60,-2,2
8508,151,137,14,14
8509,104,93,11,11
8510,56,65,-9,9
8511,79,84,-5,5
8512,67,71,-4,4
8513,109,109,0,0
8514,83,73,10,10
8515,101,73,28,28
8516,78,82,-4,4
8517,101,130,-29,29
8518,64,75,-11,11
8519,69,69,0,0
8520,81,78,3,3
8521,185,178,7,7
8522,89,80,9,9
8523,137,122,15,15
8524,98,89,9,9
8525,185,172,13,13
8526,62,61,1,1
8527,135,128,7,7
8528,140,128,12,12
8529,166,172,-6,6
8530,68,75,-7,7
8531,100,107,-7,7
8532,122,135,-13,13
8533,105,102,3,3
8534,129,125,4,4
8535,117,112,5,5
8536,74,75,-1,1
8537,91,86,5,5
8538,96,96,0,0
8539,96,98,-2,2
8540,76,82,-6,6
8541,106,96,10,10
8542,71,68,3,3
8543,43,47,-4,4
8544,88,81,7,7
8545,79,88,-9,9
8546,104,95,9,9
8547,82,81,1,1
8548,112,116,-4,4
8549,104,106,-2,2
8550,55,58,-3,3
8551,90,86,4,4
8552,47,62,-15,15
8553,111,100,11,11
8554,127,124,3,3
8555,67,75,-8,8
8556,163,150,13,13
8557,154,153,1,1
8558,63,67,-4,4
8559,50,53,-3,3
8560,56,65,-9,9
8561,104,110,-6,6
8562,80,83,-3,3
8563,83,76,7,7
8564,64,64,0,0
8565,55,56,-1,1
8566,84,73,11,11
8567,130,124,6,6
8568,85,84,1,1
8569,109,107,2,2
8570,153,137,16,16
8571,104,104,0,0
8572,129,123,6,6
8573,106,99,7,7
8574,173,171,2,2
8575,93,88,5,5
8576,93,85,8,8
8577,99,94,5,5
8578,66,68,-2,2
8579,98,91,7,7
8580,110,137,-27,27
8581,50,64,-14,14
8582,104,102,2,2
8583,110,104,6,6
8584,60,75,-15,15
8585,102,96,6,6
8586,87,82,5,5
8587,133,132,1,1
8588,133,130,3,3
8589,122,105,17,17
8590,92,85,7,7
8591,139,135,4,4
8592,52,51,1,1
8593,83,97,-14,14
8594,91,84,7,7
8595,65,64,1,1
8596,113,116,-3,3
8597,77,79,-2,2
8598,161,146,15,15
8599,92,89,3,3
8600,180,154,26,26
8601,77,71,6,6
8602,109,104,5,5
8603,81,83,-2,2
8604,98,103,-5,5
8605,54,53,1,1
8606,126,121,5,5
8607,91,91,0,0
8608,77,80,-3,3
8609,124,119,5,5
8610,78,81,-3,3
8611,189,162,27,27
8612,80,79,1,1
8613,159,140,19,19
8614,73,77,-4,4
8615,90,98,-8,8
8616,62,59,3,3
8617,90,85,5,5
8618,134,138,-4,4
8619,121,101,20,20
8620,87,84,3,3
8621,59,62,-3,3
8622,89,100,-11,11
8623,105,106,-1,1
8624,97,90,7,7
8625,110,104,6,6
8626,141,123,18,18
8627,85,84,1,1
8628,132,128,4,4
8629,89,84,5,5
8630,75,79,-4,4
8631,81,74,7,7
8632,77,70,7,7
8633,104,98,6,6
8634,132,142,-10,10
8635,136,125,11,11
8636,82,82,0,0
8637,85,87,-2,2
8638,76,74,2,2
8639,109,127,-18,18
8640,51,61,-10,10
8641,85,88,-3,3
8642,58,61,-3,3
8643,161,161,0,0
8644,85,86,-1,1
8645,61,56,5,5
8646,82,80,2,2
8647,114,117,-3,3
8648,113,107,6,6
8649,82,79,3,3
8650,128,122,6,6
8651,113,116,-3,3
8652,61,73,-12,12
8653,85,76,9,9
8654,112,106,6,6
8655,76,70,6,6
8656,89,84,5,5
8657,142,132,10,10
8658,81,78,3,3
8659,143,147,-4,4
8660,94,86,8,8
8661,134,110,24,24
8662,59,58,1,1
8663,55,62,-7,7
8664,75,80,-5,5
8665,87,88,-1,1
8666,69,58,11,11
8667,104,101,3,3
8668,57,49,8,8
8669,68,66,2,2
8670,169,160,9,9
8671,114,120,-6,6
8672,92,85,7,7
8673,97,83,14,14
8674,121,118,3,3
8675,89,74,15,15
8676,116,117,-1,1
8677,93,99,-6,6
8678,116,105,11,11
8679,125,129,-4,4
8680,82,109,-27,27
8681,50,49,1,1
8682,46,61,-15,15
8683,45,51,-6,6
8684,120,119,1,1
8685,93,87,6,6
8686,102,101,1,1
8687,126,123,3,3
8688,108,127,-19,19
8689,110,108,2,2
8690,101,99,2,2
8691,73,75,-2,2
8692,58,55,3,3
8693,113,105,8,8
8694,136,142,-6,6
8695,64,68,-4,4
8696,125,157,-32,32
8697,88,78,10,10
8698,92,85,7,7
8699,106,101,5,5
8700,90,104,-14,14
8701,85,86,-1,1
8702,80,77,3,3
8703,110,105,5,5
8704,80,78,2,2
8705,117,109,8,8
8706,47,64,-17,17
8707,112,104,8,8
8708,84,83,1,1
8709,116,109,7,7
8710,61,68,-7,7
8711,82,78,4,4
8712,164,139,25,25
8713,125,121,4,4
8714,80,81,-1,1
8715,66,68,-2,2
8716,61,68,-7,7
8717,82,102,-20,20
8718,81,87,-6,6
8719,143,127,16,16
8720,145,125,20,20
8721,75,72,3,3
8722,60,78,-18,18
8723,86,88,-2,2
8724,99,103,-4,4
8725,112,109,3,3
8726,98,95,3,3
8727,96,99,-3,3
8728,64,71,-7,7
8729,62,64,-2,2
8730,123,129,-6,6
8731,83,84,-1,1
8732,101,99,2,2
8733,27,23,4,4
8734,167,161,6,6
8735,149,149,0,0
8736,94,92,2,2
8737,155,146,9,9
8738,39,40,-1,1
8739,62,64,-2,2
8740,81,71,10,10
8741,58,60,-2,2
8742,74,82,-8,8
8743,139,138,1,1
8744,74,77,-3,3
8745,84,87,-3,3
8746,155,126,29,29
8747,114,114,0,0
8748,152,210,-58,58
8749,104,89,15,15
8750,92,101,-9,9
8751,55,64,-9,9
8752,91,85,6,6
8753,90,82,8,8
8754,86,81,5,5
8755,76,97,-21,21
8756,86,88,-2,2
8757,49,45,4,4
8758,105,106,-1,1
8759,67,69,-2,2
8760,96,122,-26,26
8761,105,104,1,1
8762,98,88,10,10
8763,114,113,1,1
8764,114,118,-4,4
8765,103,117,-14,14
8766,128,124,4,4
8767,110,100,10,10
8768,89,79,10,10
8769,67,65,2,2
8770,136,120,16,16
8771,154,148,6,6
8772,62,75,-13,13
8773,109,106,3,3
8774,91,88,3,3
8775,63,66,-3,3
8776,172,161,11,11
8777,93,83,10,10
8778,81,75,6,6
8779,87,92,-5,5
8780,49,64,-15,15
8781,157,160,-3,3
8782,87,83,4,4
8783,61,82,-21,21
8784,60,59,1,1
8785,129,123,6,6
8786,75,74,1,1
8787,86,96,-10,10
8788,37,36,1,1
8789,110,112,-2,2
8790,124,118,6,6
8791,65,71,-6,6
8792,148,153,-5,5
8793,73,84,-11,11
8794,105,111,-6,6
8795,70,76,-6,6
8796,63,73,-10,10
8797,71,70,1,1
8798,71,75,-4,4
8799,68,73,-5,5
8800,96,86,10,10
8801,87,82,5,5
8802,88,88,0,0
8803,69,67,2,2
8804,83,85,-2,2
8805,72,81,-9,9
8806,98,101,-3,3
8807,126,120,6,6
8808,45,53,-8,8
8809,52,51,1,1
8810,103,105,-2,2
8811,77,72,5,5
8812,83,75,8,8
8813,73,64,9,9
8814,108,103,5,5
8815,73,78,-5,5
8816,80,80,0,0
8817,57,58,-1,1
8818,63,65,-2,2
8819,24,27,-3,3
8820,89,74,15,15
8821,61,69,-8,8
8822,97,98,-1,1
8823,85,84,1,1
8824,143,141,2,2
8825,129,123,6,6
8826,75,81,-6,6
8827,71,77,-6,6
8828,92,88,4,4
8829,72,69,3,3
8830,91,80,11,11
8831,83,73,10,10
8832,75,79,-4,4
8833,66,67,-1,1
8834,43,51,-8,8
8835,127,122,5,5
8836,125,129,-4,4
8837,44,47,-3,3
8838,51,61,-10,10
8839,54,55,-1,1
8840,203,223,-20,20
8841,127,118,9,9
8842,102,96,6,6
8843,81,77,4,4
8844,69,67,2,2
8845,121,119,2,2
8846,85,75,10,10
8847,125,114,11,11
8848,138,124,14,14
8849,191,166,25,25
8850,92,96,-4,4
8851,94,88,6,6
8852,128,124,4,4
8853,35,51,-16,16
8854,104,101,3,3
8855,86,78,8,8
8856,132,120,12,12
8857,89,87,2,2
8858,48,51,-3,3
8859,75,66,9,9
8860,80,69,11,11
8861,100,92,8,8
8862,115,114,1,1
8863,135,127,8,8
8864,88,89,-1,1
8865,108,103,5,5
8866,141,144,-3,3
8867,81,78,3,3
8868,147,145,2,2
8869,94,85,9,9
8870,86,83,3,3
8871,125,121,4,4
8872,62,66,-4,4
8873,82,86,-4,4
8874,123,116,7,7
8875,80,74,6,6
8876,108,101,7,7
8877,91,80,11,11
8878,124,118,6,6
8879,93,106,-13,13
8880,141,157,-16,16
8881,97,72,25,25
8882,177,165,12,12
8883,80,81,-1,1
8884,133,153,-20,20
8885,98,104,-6,6
8886,104,92,12,12
8887,64,65,-1,1
8888,170,160,10,10
8889,91,91,0,0
8890,98,96,2,2
8891,125,116,9,9
8892,65,69,-4,4
8893,86,86,0,0
8894,75,65,10,10
8895,72,73,-1,1
8896,53,69,-16,16
8897,93,83,10,10
8898,69,67,2,2
8899,95,84,11,11
8900,76,78,-2,2
8901,73,73,0,0
8902,56,54,2,2
8903,92,88,4,4
8904,43,53,-10,10
8905,60,61,-1,1
8906,74,81,-7,7
8907,85,88,-3,3
8908,91,88,3,3
8909,92,84,8,8
8910,91,85,6,6
8911,60,70,-10,10
8912,142,147,-5,5
8913,127,134,-7,7
8914,87,85,2,2
8915,130,146,-16,16
8916,104,100,4,4
8917,62,63,-1,1
8918,125,125,0,0
8919,96,177,-81,81
8920,170,144,26,26
8921,103,124,-21,21
8922,185,171,14,14
8923,80,77,3,3
8924,56,66,-10,10
8925,105,118,-13,13
8926,63,69,-6,6
8927,88,87,1,1
8928,79,82,-3,3
8929,60,72,-12,12
8930,84,82,2,2
8931,123,128,-5,5
8932,107,104,3,3
8933,94,96,-2,2
8934,70,72,-2,2
8935,141,123,18,18
8936,56,47,9,9
8937,166,163,3,3
8938,120,104,16,16
8939,137,124,13,13
8940,88,88,0,0
8941,127,102,25,25
8942,157,150,7,7
8943,130,135,-5,5
8944,106,110,-4,4
8945,131,130,1,1
8946,54,57,-3,3
8947,132,125,7,7
8948,80,77,3,3
8949,81,84,-3,3
8950,128,113,15,15
8951,36,41,-5,5
8952,106,107,-1,1
8953,85,84,1,1
8954,64,68,-4,4
8955,81,80,1,1
8956,120,113,7,7
8957,130,119,11,11
8958,99,88,11,11
8959,70,66,4,4
8960,78,71,7,7
8961,112,117,-5,5
8962,82,78,4,4
8963,184,162,22,22
8964,129,137,-8,8
8965,111,104,7,7
8966,99,107,-8,8
8967,51,62,-11,11
8968,102,95,7,7
8969,66,70,-4,4
8970,74,76,-2,2
8971,129,130,-1,1
8972,54,59,-5,5
8973,117,134,-17,17
8974,120,115,5,5
8975,73,78,-5,5
8976,177,167,10,10
8977,157,152,5,5
8978,77,78,-1,1
8979,55,60,-5,5
8980,132,121,11,11
8981,180,164,16,16
8982,72,68,4,4
8983,88,92,-4,4
8984,71,75,-4,4
8985,85,80,5,5
8986,51,48,3,3
8987,61,66,-5,5
8988,76,69,7,7
8989,90,88,2,2
8990,64,74,-10,10
8991,67,85,-18,18
8992,95,95,0,0
8993,46,47,-1,1
8994,92,83,9,9
8995,121,137,-16,16
8996,93,93,0,0
8997,92,96,-4,4
8998,52,54,-2,2
8999,112,119,-7,7
9000,66,105,-39,39
9001,76,72,4,4
9002,157,151,6,6
9003,75,74,1,1
9004,68,69,-1,1
9005,64,68,-4,4
9006,135,121,14,14
9007,107,102,5,5
9008,79,82,-3,3
9009,82,80,2,2
9010,101,89,12,12
9011,142,164,-22,22
9012,108,108,0,0
9013,93,97,-4,4
9014,111,115,-4,4
9015,111,105,6,6
9016,101,87,14,14
9017,67,69,-2,2
9018,58,57,1,1
9019,117,109,8,8
9020,100,96,4,4
9021,96,89,7,7
9022,106,104,2,2
9023,82,82,0,0
9024,57,62,-5,5
9025,95,85,10,10
9026,92,85,7,7
9027,78,78,0,0
9028,85,79,6,6
9029,46,42,4,4
9030,60,69,-9,9
9031,68,73,-5,5
9032,90,84,6,6
9033,106,106,0,0
9034,72,72,0,0
9035,91,85,6,6
9036,142,138,4,4
9037,63,60,3,3
9038,55,54,1,1
9039,112,106,6,6
9040,165,163,2,2
9041,80,78,2,2
9042,58,57,1,1
9043,96,102,-6,6
9044,69,69,0,0
9045,85,99,-14,14
9046,74,76,-2,2
9047,148,139,9,9
9048,61,58,3,3
9049,114,116,-2,2
9050,117,113,4,4
9051,87,86,1,1
9052,148,142,6,6
9053,129,122,7,7
9054,100,91,9,9
9055,79,77,2,2
9056,84,81,3,3
9057,75,71,4,4
9058,101,101,0,0
9059,74,77,-3,3
9060,98,83,15,15
9061,97,98,-1,1
9062,58,55,3,3
9063,104,99,5,5
9064,122,116,6,6
9065,33,40,-7,7
9066,62,58,4,4
9067,59,64,-5,5
9068,66,74,-8,8
9069,112,105,7,7
9070,109,99,10,10
9071,67,69,-2,2
9072,157,174,-17,17
9073,147,149,-2,2
9074,114,110,4,4
9075,45,39,6,6
9076,71,77,-6,6
9077,135,127,8,8
9078,64,56,8,8
9079,101,107,-6,6
9080,93,93,0,0
9081,92,84,8,8
9082,128,123,5,5
9083,90,80,10,10
9084,113,97,16,16
9085,62,65,-3,3
9086,66,62,4,4
9087,69,72,-3,3
9088,90,84,6,6
9089,69,65,4,4
9090,87,87,0,0
9091,70,82,-12,12
9092,88,88,0,0
9093,60,68,-8,8
9094,172,154,18,18
9095,94,92,2,2
9096,53,63,-10,10
9097,81,75,6,6
9098,103,98,5,5
9099,146,136,10,10
9100,93,89,4,4
9101,106,109,-3,3
9102,115,105,10,10
9103,171,159,12,12
9104,80,75,5,5
9105,89,79,10,10
9106,75,82,-7,7
9107,197,181,16,16
9108,52,62,-10,10
9109,56,62,-6,6
9110,76,72,4,4
9111,136,136,0,0
9112,127,128,-1,1
9113,102,102,0,0
9114,100,101,-1,1
9115,154,142,12,12
9116,127,134,-7,7
9117,115,107,8,8
9118,69,74,-5,5
9119,113,101,12,12
9120,116,117,-1,1
9121,92,92,0,0
9122,95,99,-4,4
9123,81,74,7,7
9124,81,82,-1,1
9125,148,145,3,3
9126,94,90,4,4
9127,117,120,-3,3
9128,47,50,-3,3
9129,100,91,9,9
9130,133,124,9,9
9131,79,97,-18,18
9132,147,138,9,9
9133,62,66,-4,4
9134,77,80,-3,3
9135,154,142,12,12
9136,112,116,-4,4
9137,65,64,1,1
9138,42,44,-2,2
9139,114,122,-8,8
9140,114,109,5,5
9141,77,71,6,6
9142,68,72,-4,4
9143,84,84,0,0
9144,120,123,-3,3
9145,132,130,2,2
9146,113,122,-9,9
9147,86,81,5,5
9148,78,79,-1,1
9149,73,93,-20,20
9150,68,61,7,7
9151,93,98,-5,5
9152,113,124,-11,11
9153,58,63,-5,5
9154,63,64,-1,1
9155,54,46,8,8
9156,123,105,18,18
9157,43,40,3,3
9158,82,78,4,4
9159,144,137,7,7
9160,73,94,-21,21
9161,49,50,-1,1
9162,103,98,5,5
9163,179,182,-3,3
9164,106,102,4,4
9165,93,102,-9,9
9166,135,143,-8,8
9167,120,120,0,0
9168,130,121,9,9
9169,79,90,-11,11
9170,82,79,3,3
9171,55,59,-4,4
9172,74,70,4,4
9173,153,148,5,5
9174,93,90,3,3
9175,107,104,3,3
9176,136,146,-10,10
9177,88,88,0,0
9178,56,66,-10,10
9179,171,155,16,16
9180,115,111,4,4
9181,53,62,-9,9
9182,124,126,-2,2
9183,117,105,12,12
9184,76,77,-1,1
9185,168,155,13,13
9186,78,74,4,4
9187,42,42,0,0
9188,74,76,-2,2
9189,156,135,21,21
9190,81,74,7,7
9191,88,80,8,8
9192,169,157,12,12
9193,74,73,1,1
9194,108,106,2,2
9195,98,95,3,3
9196,175,186,-11,11
9197,39,42,-3,3
9198,47,56,-9,9
9199,100,85,15,15
9200,105,90,15,15
9201,103,102,1,1
9202,114,113,1,1
9203,65,67,-2,2
9204,70,71,-1,1
9205,79,69,10,10
9206,96,99,-3,3
9207,123,127,-4,4
9208,94,91,3,3
9209,124,123,1,1
9210,102,93,9,9
9211,108,102,6,6
9212,78,81,-3,3
9213,111,111,0,0
9214,84,87,-3,3
9215,58,50,8,8
9216,124,121,3,3
9217,92,87,5,5
9218,75,78,-3,3
9219,64,52,12,12
9220,89,83,6,6
9221,88,92,-4,4
9222,58,67,-9,9
9223,116,112,4,4
9224,57,61,-4,4
9225,98,94,4,4
9226,138,142,-4,4
9227,87,92,-5,5
9228,58,57,1,1
9229,141,128,13,13
9230,72,72,0,0
9231,63,71,-8,8
9232,173,161,12,12
9233,113,107,6,6
9234,114,106,8,8
9235,95,87,8,8
9236,80,83,-3,3
9237,75,75,0,0
9238,113,111,2,2
9239,86,93,-7,7
9240,54,57,-3,3
9241,99,93,6,6
9242,149,139,10,10
9243,73,62,11,11
9244,86,78,8,8
9245,108,104,4,4
9246,74,71,3,3
9247,59,60,-1,1
9248,106,110,-4,4
9249,158,135,23,23
9250,45,66,-21,21
9251,77,76,1,1
9252,116,126,-10,10
9253,52,53,-1,1
9254,93,100,-7,7
9255,129,121,8,8
9256,63,68,-5,5
9257,41,41,0,0
9258,62,59,3,3
9259,168,162,6,6
9260,117,117,0,0
9261,142,132,10,10
9262,112,104,8,8
9263,101,100,1,1
9264,86,81,5,5
9265,77,79,-2,2
9266,141,131,10,10
9267,80,88,-8,8
9268,107,117,-10,10
9269,90,87,3,3
9270,65,69,-4,4
9271,57,52,5,5
9272,89,80,9,9
9273,63,62,1,1
9274,121,114,7,7
9275,108,104,4,4
9276,83,82,1,1
9277,116,112,4,4
9278,66,71,-5,5
9279,128,127,1,1
9280,98,95,3,3
9281,76,78,-2,2
9282,130,123,7,7
9283,55,55,0,0
9284,64,69,-5,5
9285,107,118,-11,11
9286,117,105,12,12
9287,124,119,5,5
9288,88,84,4,4
9289,44,40,4,4
9290,89,84,5,5
9291,82,84,-2,2
9292,78,75,3,3
9293,63,67,-4,4
9294,60,57,3,3
9295,55,60,-5,5
9296,80,82,-2,2
9297,56,59,-3,3
9298,68,72,-4,4
9299,177,175,2,2
9300,69,70,-1,1
9301,63,70,-7,7
9302,116,107,9,9
9303,96,99,-3,3
9304,142,128,14,14
9305,85,80,5,5
9306,56,64,-8,8
9307,91,88,3,3
9308,72,74,-2,2
9309,69,79,-10,10
9310,114,102,12,12
9311,131,133,-2,2
9312,70,74,-4,4
9313,138,132,6,6
9314,103,100,3,3
9315,69,74,-5,5
9316,97,95,2,2
9317,98,113,-15,15
9318,117,107,10,10
9319,95,102,-7,7
9320,130,121,9,9
9321,174,157,17,17
9322,114,117,-3,3
9323,87,96,-9,9
9324,92,90,2,2
9325,57,64,-7,7
9326,93,86,7,7
9327,90,86,4,4
9328,87,91,-4,4
9329,87,86,1,1
9330,115,115,0,0
9331,103,103,0,0
9332,66,66,0,0
9333,95,89,6,6
9334,98,93,5,5
9335,82,77,5,5
9336,63,61,2,2
9337,39,44,-5,5
9338,60,67,-7,7
9339,112,106,6,6
9340,159,150,9,9
9341,41,46,-5,5
9342,96,94,2,2
9343,117,109,8,8
9344,69,64,5,5
9345,82,82,0,0
9346,125,116,9,9
9347,82,78,4,4
9348,65,72,-7,7
9349,92,82,10,10
9350,91,91,0,0
9351,91,86,5,5
9352,95,90,5,5
9353,28,38,-10,10
9354,64,59,5,5
9355,73,72,1,1
9356,122,111,11,11
9357,76,80,-4,4
9358,82,75,7,7
9359,134,125,9,9
9360,118,107,11,11
9361,72,76,-4,4
9362,96,121,-25,25
9363,176,158,18,18
9364,156,149,7,7
9365,64,82,-18,18
9366,99,108,-9,9
9367,94,87,7,7
9368,84,73,11,11
9369,88,87,1,1
9370,144,143,1,1
9371,123,113,10,10
9372,99,103,-4,4
9373,63,87,-24,24
9374,64,67,-3,3
9375,141,127,14,14
9376,71,83,-12,12
9377,166,153,13,13
9378,118,112,6,6
9379,120,106,14,14
9380,145,131,14,14
9381,87,85,2,2
9382,90,92,-2,2
9383,80,84,-4,4
9384,125,123,2,2
9385,59,52,7,7
9386,171,158,13,13
9387,72,68,4,4
9388,121,105,16,16
9389,47,48,-1,1
9390,73,82,-9,9
9391,124,104,20,20
9392,87,89,-2,2
9393,95,92,3,3
9394,77,77,0,0
9395,167,161,6,6
9396,53,70,-17,17
9397,89,83,6,6
9398,83,79,4,4
9399,77,84,-7,7
9400,127,127,0,0
9401,94,96,-2,2
9402,95,83,12,12
9403,93,92,1,1
9404,74,73,1,1
9405,112,116,-4,4
9406,117,106,11,11
9407,69,69,0,0
9408,88,87,1,1
9409,71,72,-1,1
9410,57,52,5,5
9411,89,82,7,7
9412,98,111,-13,13
9413,123,120,3,3
9414,88,83,5,5
9415,136,121,15,15
9416,85,76,9,9
9417,93,95,-2,2
9418,150,153,-3,3
9419,50,56,-6,6
9420,77,79,-2,2
9421,87,87,0,0
9422,123,118,5,5
9423,71,74,-3,3
9424,142,139,3,3
9425,78,79,-1,1
9426,111,104,7,7
9427,54,70,-16,16
9428,66,68,-2,2
9429,110,104,6,6
9430,96,89,7,7
9431,56,60,-4,4
9432,17,21,-4,4
9433,84,79,5,5
9434,108,108,0,0
9435,103,85,18,18
9436,102,101,1,1
9437,81,87,-6,6
9438,125,124,1,1
9439,120,129,-9,9
9440,89,83,6,6
9441,73,69,4,4
9442,110,103,7,7
9443,86,83,3,3
9444,94,95,-1,1
9445,76,71,5,5
9446,72,70,2,2
9447,41,47,-6,6
9448,129,126,3,3
9449,80,79,1,1
9450,92,83,9,9
9451,208,181,27,27
9452,170,168,2,2
9453,88,86,2,2
9454,43,48,-5,5
9455,65,63,2,2
9456,52,55,-3,3
9457,44,43,1,1
9458,96,102,-6,6
9459,165,158,7,7
9460,92,82,10,10
9461,104,88,16,16
9462,131,127,4,4
9463,73,77,-4,4
9464,131,118,13,13
9465,51,68,-17,17
9466,63,68,-5,5
9467,107,110,-3,3
9468,109,124,-15,15
9469,131,114,17,17
9470,96,88,8,8
9471,90,75,15,15
9472,60,69,-9,9
9473,106,106,0,0
9474,101,85,16,16
9475,67,69,-2,2
9476,117,115,2,2
9477,76,84,-8,8
9478,78,73,5,5
9479,94,86,8,8
9480,95,94,1,1
9481,78,68,10,10
9482,133,130,3,3
9483,41,55,-14,14
9484,105,103,2,2
9485,102,92,10,10
9486,88,96,-8,8
9487,106,106,0,0
9488,89,84,5,5
9489,98,122,-24,24
9490,128,119,9,9
9491,102,104,-2,2
9492,132,136,-4,4
9493,101,97,4,4
9494,144,141,3,3
9495,61,67,-6,6
9496,61,64,-3,3
9497,114,119,-5,5
9498,125,121,4,4
9499,70,68,2,2
9500,83,85,-2,2
9501,147,143,4,4
9502,97,99,-2,2
9503,82,81,1,1
9504,87,78,9,9
9505,94,89,5,5
9506,54,65,-11,11
9507,71,78,-7,7
9508,105,94,11,11
9509,87,86,1,1
9510,95,103,-8,8
9511,71,74,-3,3
9512,76,80,-4,4
9513,123,119,4,4
9514,127,129,-2,2
9515,84,93,-9,9
9516,48,51,-3,3
9517,108,91,17,17
9518,157,132,25,25
9519,54,58,-4,4
9520,100,87,13,13
9521,118,109,9,9
9522,57,61,-4,4
9523,137,129,8,8
9524,80,85,-5,5
9525,48,54,-6,6
9526,49,42,7,7
9527,94,92,2,2
9528,101,90,11,11
9529,64,70,-6,6
9530,114,124,-10,10
9531,82,77,5,5
9532,62,68,-6,6
9533,57,66,-9,9
9534,88,90,-2,2
9535,92,95,-3,3
9536,66,81,-15,15
9537,76,79,-3,3
9538,59,59,0,0
9539,89,85,4,4
9540,63,65,-2,2
9541,51,48,3,3
9542,123,119,4,4
9543,88,87,1,1
9544,59,63,-4,4
9545,66,67,-1,1
9546,135,118,17,17
9547,54,61,-7,7
9548,24,31,-7,7
9549,91,80,11,11
9550,166,157,9,9
9551,45,45,0,0
9552,95,88,7,7
9553,99,99,0,0
9554,70,78,-8,8
9555,81,73,8,8
9556,97,91,6,6
9557,75,86,-11,11
9558,55,66,-11,11
9559,86,90,-4,4
9560,172,161,11,11
9561,65,79,-14,14
9562,174,154,20,20
9563,78,78,0,0
9564,81,86,-5,5
9565,68,66,2,2
9566,74,66,8,8
9567,46,49,-3,3
9568,119,125,-6,6
9569,48,54,-6,6
9570,112,114,-2,2
9571,135,148,-13,13
9572,91,80,11,11
9573,103,93,10,10
9574,95,116,-21,21
9575,91,74,17,17
9576,201,176,25,25
9577,89,85,4,4
9578,71,68,3,3
9579,198,185,13,13
9580,93,82,11,11
9581,82,79,3,3
9582,132,124,8,8
9583,79,86,-7,7
9584,60,64,-4,4
9585,72,80,-8,8
9586,107,110,-3,3
9587,112,115,-3,3
9588,99,103,-4,4
9589,104,110,-6,6
9590,68,70,-2,2
9591,57,60,-3,3
9592,47,53,-6,6
9593,96,91,5,5
9594,95,106,-11,11
9595,43,46,-3,3
9596,116,104,12,12
9597,65,70,-5,5
9598,106,89,17,17
9599,117,126,-9,9
9600,96,89,7,7
9601,67,67,0,0
9602,100,88,12,12
9603,108,106,2,2
9604,103,99,4,4
9605,58,63,-5,5
9606,88,83,5,5
9607,133,123,10,10
9608,161,155,6,6
9609,95,87,8,8
9610,99,85,14,14
9611,69,64,5,5
9612,112,105,7,7
9613,127,118,9,9
9614,66,71,-5,5
9615,116,118,-2,2
9616,105,118,-13,13
9617,100,90,10,10
9618,93,90,3,3
9619,79,84,-5,5
9620,121,114,7,7
9621,86,92,-6,6
9622,88,79,9,9
9623,177,157,20,20
9624,67,63,4,4
9625,73,75,-2,2
9626,105,99,6,6
9627,115,111,4,4
9628,141,135,6,6
9629,75,76,-1,1
9630,58,63,-5,5
9631,86,86,0,0
9632,137,128,9,9
9633,113,114,-1,1
9634,92,87,5,5
9635,83,87,-4,4
9636,103,112,-9,9
9637,145,123,22,22
9638,84,79,5,5
9639,123,126,-3,3
9640,104,100,4,4
9641,61,62,-1,1
9642,79,92,-13,13
9643,90,111,-21,21
9644,115,117,-2,2
9645,138,144,-6,6
9646,80,78,2,2
9647,92,96,-4,4
9648,126,120,6,6
9649,62,50,12,12
9650,81,82,-1,1
9651,88,89,-1,1
9652,90,91,-1,1
9653,70,71,-1,1
9654,113,110,3,3
9655,81,82,-1,1
9656,70,81,-11,11
9657,87,83,4,4
9658,62,71,-9,9
9659,54,58,-4,4
9660,85,84,1,1
9661,76,75,1,1
9662,44,47,-3,3
9663,106,98,8,8
9664,116,115,1,1
9665,114,137,-23,23
9666,156,151,5,5
9667,127,115,12,12
9668,61,64,-3,3
9669,57,56,1,1
9670,128,126,2,2
9671,90,82,8,8
9672,113,107,6,6
9673,81,74,7,7
9674,48,59,-11,11
9675,47,50,-3,3
9676,139,124,15,15
9677,154,149,5,5
9678,104,110,-6,6
9679,97,93,4,4
9680,123,120,3,3
9681,68,59,9,9
9682,94,94,0,0
9683,77,85,-8,8
9684,45,44,1,1
9685,78,76,2,2
9686,75,78,-3,3
9687,79,75,4,4
9688,175,173,2,2
9689,117,112,5,5
9690,108,103,5,5
9691,106,108,-2,2
9692,82,73,9,9
9693,112,101,11,11
9694,74,75,-1,1
9695,117,119,-2,2
9696,94,95,-1,1
9697,226,204,22,22
9698,120,109,11,11
9699,40,43,-3,3
9700,40,102,-62,62
9701,119,120,-1,1
9702,51,56,-5,5
9703,61,62,-1,1
9704,119,112,7,7
9705,97,84,13,13
9706,70,77,-7,7
9707,101,89,12,12
9708,160,151,9,9
9709,88,83,5,5
9710,41,52,-11,11
9711,86,81,5,5
9712,76,79,-3,3
9713,66,73,-7,7
9714,110,110,0,0
9715,120,116,4,4
9716,97,98,-1,1
9717,89,94,-5,5
9718,117,113,4,4
9719,59,69,-10,10
9720,145,140,5,5
9721,84,76,8,8
9722,78,84,-6,6
9723,65,67,-2,2
9724,62,65,-3,3
9725,114,112,2,2
9726,76,79,-3,3
9727,51,58,-7,7
9728,131,139,-8,8
9729,162,172,-10,10
9730,90,100,-10,10
9731,95,101,-6,6
9732,49,64,-15,15
9733,81,83,-2,2
9734,103,100,3,3
9735,136,138,-2,2
9736,116,111,5,5
9737,74,72,2,2
9738,54,67,-13,13
9739,110,111,-1,1
9740,113,100,13,13
9741,142,117,25,25
9742,130,106,24,24
9743,156,149,7,7
9744,186,186,0,0
9745,70,69,1,1
9746,115,104,11,11
9747,149,132,17,17
9748,135,121,14,14
9749,72,70,2,2
9750,143,140,3,3
9751,190,174,16,16
9752,117,125,-8,8
9753,124,112,12,12
9754,78,85,-7,7
9755,90,93,-3,3
9756,49,48,1,1
9757,52,60,-8,8
9758,48,53,-5,5
9759,69,70,-1,1
9760,69,75,-6,6
9761,40,53,-13,13
9762,89,94,-5,5
9763,85,83,2,2
9764,104,110,-6,6
9765,130,122,8,8
9766,110,92,18,18
9767,136,126,10,10
9768,91,79,12,12
9769,83,84,-1,1
9770,50,51,-1,1
9771,104,103,1,1
9772,83,76,7,7
9773,114,114,0,0
9774,119,132,-13,13
9775,88,83,5,5
9776,68,92,-24,24
9777,84,102,-18,18
9778,93,75,18,18
9779,56,56,0,0
9780,66,69,-3,3
9781,60,61,-1,1
9782,58,64,-6,6
9783,142,137,5,5
9784,197,179,18,18
9785,53,55,-2,2
9786,86,102,-16,16
9787,85,83,2,2
9788,153,133,20,20
9789,58,63,-5,5
9790,78,75,3,3
9791,159,148,11,11
9792,129,127,2,2
9793,115,116,-1,1
9794,64,64,0,0
9795,142,138,4,4
9796,83,80,3,3
9797,171,175,-4,4
9798,137,134,3,3
9799,107,107,0,0
9800,101,89,12,12
9801,75,69,6,6
9802,103,96,7,7
9803,80,79,1,1
9804,51,58,-7,7
9805,92,83,9,9
9806,88,84,4,4
9807,96,99,-3,3
9808,140,126,14,14
9809,107,106,1,1
9810,59,64,-5,5
9811,128,112,16,16
9812,80,77,3,3
9813,40,42,-2,2
9814,139,134,5,5
9815,79,72,7,7
9816,89,82,7,7
9817,127,124,3,3
9818,132,120,12,12
9819,104,106,-2,2
9820,100,96,4,4
9821,76,75,1,1
9822,182,147,35,35
9823,43,41,2,2
9824,56,59,-3,3
9825,140,137,3,3
9826,98,101,-3,3
9827,66,75,-9,9
9828,52,48,4,4
9829,100,95,5,5
9830,131,117,14,14
9831,47,69,-22,22
9832,57,59,-2,2
9833,58,64,-6,6
9834,100,95,5,5
9835,143,149,-6,6
9836,81,75,6,6
9837,130,111,19,19
9838,63,74,-11,11
9839,84,103,-19,19
9840,86,83,3,3
9841,118,118,0,0
9842,109,99,10,10
9843,176,179,-3,3
9844,68,72,-4,4
9845,102,103,-1,1
9846,65,63,2,2
9847,88,88,0,0
9848,127,116,11,11
9849,56,56,0,0
9850,104,103,1,1
9851,105,92,13,13
9852,84,81,3,3
9853,27,68,-41,41
9854,95,96,-1,1
9855,77,78,-1,1
9856,192,195,-3,3
9857,78,70,8,8
9858,122,122,0,0
9859,80,82,-2,2
9860,94,82,12,12
9861,126,120,6,6
9862,44,46,-2,2
9863,73,78,-5,5
9864,104,84,20,20
9865,71,69,2,2
9866,65,74,-9,9
9867,96,82,14,14
9868,116,97,19,19
9869,103,105,-2,2
9870,129,126,3,3
9871,143,137,6,6
9872,100,117,-17,17
9873,133,121,12,12
9874,64,66,-2,2
9875,121,120,1,1
9876,61,68,-7,7
9877,55,67,-12,12
9878,49,47,2,2
9879,86,82,4,4
9880,85,80,5,5
9881,61,60,1,1
9882,128,131,-3,3
9883,91,78,13,13
9884,99,81,18,18
9885,92,88,4,4
9886,179,172,7,7
9887,114,100,14,14
9888,66,64,2,2
9889,78,84,-6,6
9890,69,70,-1,1
9891,121,114,7,7
9892,85,73,12,12
9893,110,125,-15,15
9894,92,95,-3,3
9895,117,110,7,7
9896,174,164,10,10
9897,135,133,2,2
9898,64,61,3,3
9899,75,73,2,2
9900,97,106,-9,9
9901,120,124,-4,4
9902,102,96,6,6
9903,91,86,5,5
9904,70,75,-5,5
9905,64,73,-9,9
9906,49,49,0,0
9907,94,104,-10,10
9908,71,78,-7,7
9909,136,161,-25,25
9910,68,70,-2,2
9911,122,119,3,3
9912,73,74,-1,1
9913,114,112,2,2
9914,98,95,3,3
9915,104,100,4,4
9916,103,93,10,10
9917,108,100,8,8
9918,127,119,8,8
9919,130,133,-3,3
9920,95,94,1,1
9921,89,79,10,10
9922,73,72,1,1
9923,157,139,18,18
9924,103,95,8,8
9925,105,101,4,4
9926,112,101,11,11
9927,109,101,8,8
9928,79,77,2,2
9929,92,110,-18,18
9930,72,68,4,4
9931,48,58,-10,10
9932,98,88,10,10
9933,111,111,0,0
9934,119,109,10,10
9935,139,121,18,18
9936,55,70,-15,15
9937,107,110,-3,3
9938,135,143,-8,8
9939,102,98,4,4
9940,88,88,0,0
9941,105,115,-10,10
9942,136,120,16,16
9943,82,83,-1,1
9944,67,68,-1,1
9945,123,119,4,4
9946,120,121,-1,1
9947,94,100,-6,6
9948,51,54,-3,3
9949,95,84,11,11
9950,92,90,2,2
9951,154,131,23,23
9952,76,75,1,1
9953,59,59,0,0
9954,153,138,15,15
9955,66,73,-7,7
9956,96,102,-6,6
9957,131,124,7,7
9958,81,76,5,5
9959,80,82,-2,2
9960,59,63,-4,4
9961,72,76,-4,4
9962,148,144,4,4
9963,123,136,-13,13
9964,72,71,1,1
9965,59,62,-3,3
9966,145,140,5,5
9967,95,95,0,0
9968,125,122,3,3
9969,79,78,1,1
9970,79,79,0,0
9971,68,72,-4,4
9972,135,134,1,1
9973,96,94,2,2
9974,64,66,-2,2
9975,62,58,4,4
9976,102,99,3,3
9977,141,133,8,8
9978,82,73,9,9
9979,84,75,9,9
9980,85,89,-4,4
9981,77,79,-2,2
9982,107,99,8,8
9983,94,90,4,4
9984,84,74,10,10
9985,90,85,5,5
9986,127,125,2,2
9987,94,91,3,3
9988,142,160,-18,18
9989,88,93,-5,5
9990,104,96,8,8
9991,66,68,-2,2
9992,48,50,-2,2
9993,76,74,2,2
9994,105,103,2,2
9995,62,58,4,4
9996,82,82,0,0
9997,123,124,-1,1
9998,88,90,-2,2
9999,68,68,0,0
10000,171,153,18,18
10001,134,124,10,10
10002,81,78,3,3
10003,66,71,-5,5
10004,49,54,-5,5
10005,92,92,0,0
10006,121,117,4,4
10007,133,123,10,10
10008,147,134,13,13
10009,81,80,1,1
10010,69,73,-4,4
10011,83,84,-1,1
10012,88,83,5,5
10013,59,51,8,8
10014,91,93,-2,2
10015,153,155,-2,2
10016,114,107,7,7
10017,77,83,-6,6
10018,85,71,14,14
10019,80,75,5,5
10020,74,72,2,2
10021,169,158,11,11
10022,108,106,2,2
10023,121,123,-2,2
10024,83,91,-8,8
10025,56,55,1,1
10026,74,74,0,0
10027,53,62,-9,9
10028,80,84,-4,4
10029,79,80,-1,1
10030,117,112,5,5
10031,174,162,12,12
10032,77,73,4,4
10033,114,99,15,15
10034,79,81,-2,2
10035,158,151,7,7
10036,80,79,1,1
10037,90,115,-25,25
10038,111,106,5,5
10039,155,139,16,16
10040,55,60,-5,5
10041,74,74,0,0
10042,62,68,-6,6
10043,138,136,2,2
10044,143,151,-8,8
10045,113,116,-3,3
10046,100,102,-2,2
10047,115,95,20,20
10048,49,48,1,1
10049,139,143,-4,4
10050,114,118,-4,4
10051,125,127,-2,2
10052,61,64,-3,3
10053,136,127,9,9
10054,77,73,4,4
10055,211,187,24,24
10056,66,61,5,5
10057,111,103,8,8
10058,122,123,-1,1
10059,139,130,9,9
10060,121,109,12,12
10061,108,116,-8,8
10062,85,89,-4,4
10063,110,105,5,5
10064,62,73,-11,11
10065,107,100,7,7
10066,49,48,1,1
10067,82,85,-3,3
10068,92,87,5,5
10069,59,61,-2,2
10070,56,58,-2,2
10071,105,98,7,7
10072,61,67,-6,6
10073,95,103,-8,8
10074,56,61,-5,5
10075,148,148,0,0
10076,123,125,-2,2
10077,111,117,-6,6
10078,75,71,4,4
10079,139,149,-10,10
10080,68,71,-3,3
10081,90,83,7,7
10082,150,154,-4,4
10083,133,119,14,14
10084,49,55,-6,6
10085,62,67,-5,5
10086,111,101,10,10
10087,117,115,2,2
10088,151,147,4,4
10089,100,94,6,6
10090,42,52,-10,10
10091,78,75,3,3
10092,48,52,-4,4
10093,118,105,13,13
10094,70,67,3,3
10095,117,129,-12,12
10096,61,79,-18,18
10097,94,100,-6,6
10098,78,78,0,0
10099,170,160,10,10
10100,68,68,0,0
10101,78,73,5,5
10102,47,51,-4,4
10103,130,108,22,22
10104,80,76,4,4
10105,70,75,-5,5
10106,49,56,-7,7
10107,117,111,6,6
10108,86,86,0,0
10109,82,75,7,7
10110,54,54,0,0
10111,160,154,6,6
10112,78,87,-9,9
10113,82,80,2,2
10114,59,53,6,6
10115,115,113,2,2
10116,86,86,0,0
10117,119,105,14,14
10118,116,119,-3,3
10119,90,95,-5,5
10120,75,76,-1,1
10121,81,79,2,2
10122,87,90,-3,3
10123,108,102,6,6
10124,50,55,-5,5
10125,53,58,-5,5
10126,130,138,-8,8
10127,125,112,13,13
10128,118,111,7,7
10129,112,108,4,4
10130,62,72,-10,10
10131,105,104,1,1
10132,90,95,-5,5
10133,143,140,3,3
10134,58,57,1,1
10135,64,71,-7,7
10136,108,99,9,9
10137,98,82,16,16
10138,136,132,4,4
10139,101,113,-12,12
10140,85,87,-2,2
10141,92,94,-2,2
10142,144,133,11,11
10143,80,81,-1,1
10144,110,94,16,16
10145,66,65,1,1
10146,73,69,4,4
10147,59,61,-2,2
10148,88,89,-1,1
10149,74,82,-8,8
10150,61,67,-6,6
10151,125,117,8,8
10152,55,55,0,0
10153,115,111,4,4
10154,58,67,-9,9
10155,76,80,-4,4
10156,137,142,-5,5
10157,81,78,3,3
10158,116,114,2,2
10159,81,78,3,3
10160,94,87,7,7
10161,78,89,-11,11
10162,80,75,5,5
10163,99,93,6,6
10164,118,113,5,5
10165,137,129,8,8
10166,98,101,-3,3
10167,71,68,3,3
10168,83,84,-1,1
10169,132,139,-7,7
10170,69,69,0,0
10171,119,117,2,2
10172,101,108,-7,7
10173,92,92,0,0
10174,74,70,4,4
10175,95,95,0,0
10176,67,69,-2,2
10177,50,58,-8,8
10178,106,99,7,7
10179,102,91,11,11
10180,359,264,95,95
10181,58,60,-2,2
10182,94,88,6,6
10183,90,78,12,12
10184,88,81,7,7
10185,105,91,14,14
10186,75,76,-1,1
10187,89,86,3,3
10188,86,81,5,5
10189,133,127,6,6
10190,35,38,-3,3
10191,88,81,7,7
10192,177,161,16,16
10193,100,94,6,6
10194,65,62,3,3
10195,104,101,3,3
10196,67,64,3,3
10197,86,84,2,2
10198,123,115,8,8
10199,108,101,7,7
10200,84,80,4,4
10201,54,63,-9,9
10202,95,92,3,3
10203,86,79,7,7
10204,70,81,-11,11
10205,84,76,8,8
10206,107,103,4,4
10207,45,49,-4,4
10208,85,86,-1,1
10209,79,83,-4,4
10210,125,123,2,2
10211,92,86,6,6
10212,74,76,-2,2
10213,139,140,-1,1
10214,84,80,4,4
10215,103,116,-13,13
10216,60,72,-12,12
10217,78,81,-3,3
10218,69,57,12,12
10219,131,129,2,2
10220,102,95,7,7
10221,69,73,-4,4
10222,58,66,-8,8
10223,43,45,-2,2
10224,29,35,-6,6
10225,86,85,1,1
10226,114,114,0,0
10227,38,48,-10,10
10228,113,123,-10,10
10229,74,84,-10,10
10230,67,69,-2,2
10231,221,207,14,14
10232,103,102,1,1
10233,224,209,15,15
10234,82,98,-16,16
10235,104,97,7,7
10236,115,106,9,9
10237,70,85,-15,15
10238,92,88,4,4
10239,118,114,4,4
10240,159,140,19,19
10241,124,110,14,14
10242,165,134,31,31
10243,118,122,-4,4
10244,79,72,7,7
10245,113,105,8,8
10246,61,65,-4,4
10247,112,109,3,3
10248,68,69,-1,1
10249,71,77,-6,6
10250,127,119,8,8
10251,82,79,3,3
10252,63,65,-2,2
10253,189,194,-5,5
10254,73,74,-1,1
10255,76,71,5,5
10256,99,105,-6,6
10257,131,127,4,4
10258,88,88,0,0
10259,61,66,-5,5
10260,135,128,7,7
10261,52,56,-4,4
10262,114,112,2,2
10263,82,80,2,2
10264,106,102,4,4
10265,102,113,-11,11
10266,105,115,-10,10
10267,77,81,-4,4
10268,66,63,3,3
10269,129,118,11,11
10270,73,75,-2,2
10271,77,74,3,3
10272,70,72,-2,2
10273,40,38,2,2
10274,55,66,-11,11
10275,130,136,-6,6
10276,168,155,13,13
10277,76,69,7,7
10278,136,130,6,6
10279,104,109,-5,5
10280,52,57,-5,5
10281,151,139,12,12
10282,74,76,-2,2
10283,60,70,-10,10
10284,90,86,4,4
10285,81,77,4,4
10286,118,118,0,0
10287,96,94,2,2
10288,96,86,10,10
10289,151,150,1,1
10290,125,117,8,8
10291,73,70,3,3
10292,107,101,6,6
10293,113,114,-1,1
10294,118,125,-7,7
10295,71,78,-7,7
10296,68,72,-4,4
10297,65,68,-3,3
10298,48,55,-7,7
10299,73,76,-3,3
10300,86,106,-20,20
10301,45,45,0,0
10302,87,82,5,5
10303,113,108,5,5
10304,137,136,1,1
10305,114,118,-4,4
10306,61,63,-2,2
10307,106,94,12,12
10308,128,128,0,0
10309,111,113,-2,2
10310,100,96,4,4
10311,100,90,10,10
10312,133,140,-7,7
10313,96,94,2,2
10314,133,131,2,2
10315,130,127,3,3
10316,78,81,-3,3
10317,130,111,19,19
10318,110,119,-9,9
10319,75,81,-6,6
10320,144,144,0,0
10321,81,84,-3,3
10322,63,70,-7,7
10323,122,121,1,1
10324,119,129,-10,10
10325,99,97,2,2
10326,111,107,4,4
10327,143,124,19,19
10328,104,117,-13,13
10329,93,84,9,9
10330,72,79,-7,7
10331,79,83,-4,4
10332,128,132,-4,4
10333,99,93,6,6
10334,76,82,-6,6
10335,100,101,-1,1
10336,70,71,-1,1
10337,148,148,0,0
10338,68,67,1,1
10339,100,110,-10,10
10340,74,90,-16,16
10341,86,79,7,7
10342,93,84,9,9
10343,138,119,19,19
10344,149,162,-13,13
10345,65,64,1,1
10346,89,92,-3,3
10347,117,89,28,28
10348,98,85,13,13
10349,127,124,3,3
10350,106,98,8,8
10351,68,65,3,3
10352,160,135,25,25
10353,83,87,-4,4
10354,129,113,16,16
10355,117,102,15,15
10356,74,81,-7,7
10357,101,96,5,5
10358,113,110,3,3
10359,121,112,9,9
10360,122,125,-3,3
10361,117,113,4,4
10362,131,133,-2,2
10363,68,61,7,7
10364,86,93,-7,7
10365,97,88,9,9
10366,125,118,7,7
10367,65,70,-5,5
10368,49,48,1,1
10369,81,79,2,2
10370,103,104,-1,1
10371,110,102,8,8
10372,86,93,-7,7
10373,103,100,3,3
10374,103,104,-1,1
10375,59,59,0,0
10376,119,107,12,12
10377,40,38,2,2
10378,102,102,0,0
10379,120,112,8,8
10380,103,104,-1,1
10381,101,98,3,3
10382,106,103,3,3
10383,110,111,-1,1
10384,82,78,4,4
10385,88,81,7,7
10386,174,174,0,0
10387,99,87,12,12
10388,66,68,-2,2
10389,105,109,-4,4
10390,59,60,-1,1
10391,128,112,16,16
10392,53,66,-13,13
10393,123,126,-3,3
10394,88,88,0,0
10395,80,76,4,4
10396,72,82,-10,10
10397,73,77,-4,4
10398,60,63,-3,3
10399,88,84,4,4
10400,82,79,3,3
10401,156,143,13,13
10402,163,140,23,23
10403,73,73,0,0
10404,105,93,12,12
10405,137,122,15,15
10406,74,77,-3,3
10407,85,76,9,9
10408,71,75,-4,4
10409,56,66,-10,10
10410,95,86,9,9
10411,48,47,1,1
10412,113,115,-2,2
10413,96,92,4,4
10414,111,111,0,0
10415,80,113,-33,33
10416,44,46,-2,2
10417,73,70,3,3
10418,132,109,23,23
10419,100,85,15,15
10420,126,119,7,7
10421,77,82,-5,5
10422,81,88,-7,7
10423,68,63,5,5
10424,73,92,-19,19
10425,100,101,-1,1
10426,98,86,12,12
10427,60,60,0,0
10428,110,108,2,2
10429,102,100,2,2
10430,75,72,3,3
10431,138,139,-1,1
10432,81,76,5,5
10433,108,115,-7,7
10434,148,134,14,14
10435,59,54,5,5
10436,88,90,-2,2
10437,104,89,15,15
10438,72,67,5,5
10439,82,82,0,0
10440,93,89,4,4
10441,93,84,9,9
10442,160,153,7,7
10443,129,126,3,3
10444,113,115,-2,2
10445,116,100,16,16
10446,119,117,2,2
10447,86,81,5,5
10448,44,51,-7,7
10449,76,69,7,7
10450,61,68,-7,7
10451,80,86,-6,6
10452,99,86,13,13
10453,87,101,-14,14
10454,117,112,5,5
10455,50,70,-20,20
10456,150,136,14,14
10457,123,110,13,13
10458,100,81,19,19
10459,147,139,8,8
10460,185,186,-1,1
10461,59,58,1,1
10462,81,75,6,6
10463,61,75,-14,14
10464,126,120,6,6
10465,82,83,-1,1
10466,100,97,3,3
10467,81,74,7,7
10468,39,37,2,2
10469,77,71,6,6
10470,51,49,2,2
10471,98,105,-7,7
10472,133,144,-11,11
10473,80,79,1,1
10474,151,133,18,18
10475,88,79,9,9
10476,55,53,2,2
10477,72,78,-6,6
10478,75,82,-7,7
10479,77,72,5,5
10480,81,71,10,10
10481,144,140,4,4
10482,121,104,17,17
10483,57,57,0,0
10484,69,78,-9,9
10485,99,98,1,1
10486,64,72,-8,8
10487,130,110,20,20
10488,106,107,-1,1
10489,72,74,-2,2
10490,67,73,-6,6
10491,68,69,-1,1
10492,79,84,-5,5
10493,81,81,0,0
10494,69,70,-1,1
10495,67,68,-1,1
10496,73,75,-2,2
10497,39,44,-5,5
10498,112,119,-7,7
10499,71,75,-4,4
10500,132,121,11,11
10501,133,134,-1,1
10502,95,89,6,6
10503,112,103,9,9
10504,112,100,12,12
10505,99,112,-13,13
10506,71,78,-7,7
10507,127,140,-13,13
10508,89,94,-5,5
10509,87,84,3,3
10510,124,114,10,10
10511,66,69,-3,3
10512,92,95,-3,3
10513,80,75,5,5
10514,94,93,1,1
10515,146,150,-4,4
10516,139,137,2,2
10517,136,129,7,7
10518,63,62,1,1
10519,54,58,-4,4
10520,171,159,12,12
10521,91,82,9,9
10522,170,154,16,16
10523,147,139,8,8
10524,70,69,1,1
10525,140,140,0,0
10526,117,117,0,0
10527,72,72,0,0
10528,132,123,9,9
10529,63,68,-5,5
10530,102,104,-2,2
10531,81,82,-1,1
10532,90,90,0,0
10533,87,89,-2,2
10534,127,121,6,6
10535,56,59,-3,3
10536,44,45,-1,1
10537,122,116,6,6
10538,111,107,4,4
10539,66,70,-4,4
10540,110,115,-5,5
10541,101,101,0,0
10542,119,121,-2,2
10543,75,81,-6,6
10544,65,64,1,1
10545,55,59,-4,4
10546,76,82,-6,6
10547,70,71,-1,1
10548,157,180,-23,23
10549,27,26,1,1
10550,83,78,5,5
10551,125,118,7,7
10552,95,100,-5,5
10553,86,77,9,9
10554,116,117,-1,1
10555,66,66,0,0
10556,144,162,-18,18
10557,96,101,-5,5
10558,94,92,2,2
10559,37,40,-3,3
10560,195,177,18,18
10561,108,106,2,2
10562,130,130,0,0
10563,78,80,-2,2
10564,57,63,-6,6
10565,72,68,4,4
10566,57,70,-13,13
10567,90,101,-11,11
10568,67,60,7,7
10569,157,155,2,2
10570,57,64,-7,7
10571,94,94,0,0
10572,69,76,-7,7
10573,86,84,2,2
10574,58,61,-3,3
10575,105,102,3,3
10576,74,71,3,3
10577,116,117,-1,1
10578,78,74,4,4
10579,115,110,5,5
10580,64,66,-2,2
10581,127,117,10,10
10582,77,77,0,0
10583,99,93,6,6
10584,68,72,-4,4
10585,101,111,-10,10
10586,88,81,7,7
10587,121,118,3,3
10588,100,100,0,0
10589,87,70,17,17
10590,80,74,6,6
10591,43,47,-4,4
10592,103,107,-4,4
10593,149,135,14,14
10594,67,75,-8,8
10595,110,111,-1,1
10596,127,114,13,13
10597,55,58,-3,3
10598,133,125,8,8
10599,82,82,0,0
10600,45,41,4,4
10601,59,62,-3,3
10602,120,115,5,5
10603,103,107,-4,4
10604,145,142,3,3
10605,119,122,-3,3
10606,75,80,-5,5
10607,74,68,6,6
10608,109,111,-2,2
10609,148,139,9,9
10610,80,80,0,0
10611,68,67,1,1
10612,116,118,-2,2
10613,114,104,10,10
10614,100,101,-1,1
10615,72,75,-3,3
10616,119,131,-12,12
10617,96,85,11,11
10618,58,64,-6,6
10619,132,137,-5,5
10620,169,165,4,4
10621,70,71,-1,1
10622,90,83,7,7
10623,93,86,7,7
10624,107,124,-17,17
10625,124,114,10,10
10626,43,46,-3,3
10627,102,97,5,5
10628,107,104,3,3
10629,61,69,-8,8
10630,62,65,-3,3
10631,72,70,2,2
10632,129,120,9,9
10633,74,75,-1,1
10634,81,77,4,4
10635,107,96,11,11
10636,79,76,3,3
10637,43,39,4,4
10638,72,76,-4,4
10639,102,84,18,18
10640,93,84,9,9
10641,90,86,4,4
10642,66,60,6,6
10643,125,119,6,6
10644,73,72,1,1
10645,78,73,5,5
10646,49,52,-3,3
10647,81,72,9,9
10648,74,78,-4,4
10649,78,75,3,3
10650,82,80,2,2
10651,92,109,-17,17
10652,110,84,26,26
10653,96,91,5,5
10654,83,85,-2,2
10655,143,139,4,4
10656,88,77,11,11
10657,111,109,2,2
10658,54,54,0,0
10659,66,70,-4,4
10660,68,79,-11,11
10661,57,63,-6,6
10662,169,144,25,25
10663,63,75,-12,12
10664,131,140,-9,9
10665,102,99,3,3
10666,47,50,-3,3
10667,58,66,-8,8
10668,127,122,5,5
10669,100,96,4,4
10670,109,112,-3,3
10671,109,102,7,7
10672,92,87,5,5
10673,93,83,10,10
10674,64,65,-1,1
10675,95,99,-4,4
10676,97,88,9,9
10677,87,88,-1,1
10678,65,70,-5,5
10679,84,82,2,2
10680,140,118,22,22
10681,88,82,6,6
10682,56,55,1,1
10683,131,126,5,5
10684,107,101,6,6
10685,93,82,11,11
10686,125,116,9,9
10687,204,189,15,15
10688,128,118,10,10
10689,80,75,5,5
10690,161,179,-18,18
10691,114,108,6,6
10692,96,79,17,17
10693,79,80,-1,1
10694,60,63,-3,3
10695,176,166,10,10
10696,41,40,1,1
10697,50,57,-7,7
10698,45,46,-1,1
10699,168,139,29,29
10700,65,65,0,0
10701,57,45,12,12
10702,98,96,2,2
10703,77,76,1,1
10704,84,80,4,4
10705,76,79,-3,3
10706,75,85,-10,10
10707,93,95,-2,2
10708,71,104,-33,33
10709,87,80,7,7
10710,65,69,-4,4
10711,130,119,11,11
10712,74,64,10,10
10713,34,41,-7,7
10714,129,108,21,21
10715,114,118,-4,4
10716,70,66,4,4
10717,50,63,-13,13
10718,93,86,7,7
10719,55,52,3,3
10720,94,80,14,14
10721,46,38,8,8
10722,50,46,4,4
10723,104,94,10,10
10724,118,115,3,3
10725,102,98,4,4
10726,84,83,1,1
10727,165,174,-9,9
10728,97,97,0,0
10729,92,89,3,3
10730,89,76,13,13
10731,76,76,0,0
10732,75,90,-15,15
10733,142,138,4,4
10734,96,96,0,0
10735,145,147,-2,2
10736,87,86,1,1
10737,64,67,-3,3
10738,48,63,-15,15
10739,94,88,6,6
10740,69,64,5,5
10741,66,61,5,5
10742,131,119,12,12
10743,98,91,7,7
10744,94,98,-4,4
10745,65,68,-3,3
10746,89,88,1,1
10747,128,120,8,8
10748,144,138,6,6
10749,53,62,-9,9
10750,108,111,-3,3
10751,29,36,-7,7
10752,58,58,0,0
10753,94,102,-8,8
10754,74,72,2,2
10755,133,127,6,6
10756,75,73,2,2
10757,87,79,8,8
10758,133,128,5,5
10759,74,66,8,8
10760,80,77,3,3
10761,52,53,-1,1
10762,116,112,4,4
10763,158,152,6,6
10764,224,199,25,25
10765,97,98,-1,1
10766,128,119,9,9
10767,102,101,1,1
10768,114,104,10,10
10769,41,43,-2,2
10770,86,84,2,2
10771,42,46,-4,4
10772,111,104,7,7
10773,142,140,2,2
10774,68,71,-3,3
10775,65,65,0,0
10776,116,118,-2,2
10777,91,82,9,9
10778,157,152,5,5
10779,140,133,7,7
10780,126,115,11,11
10781,77,71,6,6
10782,86,85,1,1
10783,102,103,-1,1
10784,95,89,6,6
10785,64,66,-2,2
10786,103,116,-13,13
10787,55,64,-9,9
10788,77,80,-3,3
10789,160,146,14,14
10790,58,61,-3,3
10791,191,186,5,5
10792,121,125,-4,4
10793,77,68,9,9
10794,161,149,12,12
10795,65,66,-1,1
10796,80,91,-11,11
10797,77,80,-3,3
10798,67,76,-9,9
10799,51,52,-1,1
10800,76,75,1,1
10801,155,137,18,18
10802,96,83,13,13
10803,65,66,-1,1
10804,98,94,4,4
10805,101,96,5,5
10806,49,42,7,7
10807,112,111,1,1
10808,81,68,13,13
10809,49,51,-2,2
10810,65,64,1,1
10811,90,83,7,7
10812,126,116,10,10
10813,48,48,0,0
10814,120,124,-4,4
10815,55,60,-5,5
10816,75,85,-10,10
10817,83,99,-16,16
10818,135,125,10,10
10819,131,126,5,5
10820,117,122,-5,5
10821,88,80,8,8
10822,92,91,1,1
10823,90,99,-9,9
10824,98,102,-4,4
10825,101,91,10,10
10826,138,136,2,2
10827,84,85,-1,1
10828,104,105,-1,1
10829,98,113,-15,15
10830,87,87,0,0
10831,102,106,-4,4
10832,81,82,-1,1
10833,75,77,-2,2
10834,145,132,13,13
10835,114,110,4,4
10836,63,65,-2,2
10837,51,55,-4,4
10838,109,108,1,1
10839,69,68,1,1
10840,87,98,-11,11
10841,72,67,5,5
10842,114,115,-1,1
10843,96,81,15,15
10844,140,149,-9,9
10845,171,163,8,8
10846,97,93,4,4
10847,77,76,1,1
10848,125,105,20,20
10849,75,75,0,0
10850,98,105,-7,7
10851,118,115,3,3
10852,120,115,5,5
10853,69,71,-2,2
10854,57,58,-1,1
10855,129,118,11,11
10856,127,123,4,4
10857,81,81,0,0
10858,102,102,0,0
10859,154,140,14,14
10860,116,107,9,9
10861,47,48,-1,1
10862,124,119,5,5
10863,124,116,8,8
10864,138,127,11,11
10865,82,85,-3,3
10866,120,114,6,6
10867,114,103,11,11
10868,90,89,1,1
10869,88,82,6,6
10870,53,52,1,1
10871,84,76,8,8
10872,80,79,1,1
10873,147,138,9,9
10874,79,87,-8,8
10875,115,106,9,9
10876,80,78,2,2
10877,117,114,3,3
10878,123,117,6,6
10879,54,65,-11,11
10880,93,87,6,6
10881,145,140,5,5
10882,128,133,-5,5
10883,73,74,-1,1
10884,51,51,0,0
10885,65,66,-1,1
10886,102,111,-9,9
10887,95,101,-6,6
10888,58,57,1,1
10889,49,62,-13,13
10890,113,111,2,2
10891,121,125,-4,4
10892,148,144,4,4
10893,139,140,-1,1
10894,96,108,-12,12
10895,143,133,10,10
10896,92,95,-3,3
10897,78,75,3,3
10898,11,16,-5,5
10899,66,71,-5,5
10900,79,76,3,3
10901,70,71,-1,1
10902,67,72,-5,5
10903,77,76,1,1
10904,144,140,4,4
10905,84,84,0,0
10906,50,48,2,2
10907,79,71,8,8
10908,90,99,-9,9
10909,62,55,7,7
10910,134,144,-10,10
10911,110,102,8,8
10912,78,104,-26,26
10913,142,124,18,18
10914,79,82,-3,3
10915,143,136,7,7
10916,80,84,-4,4
10917,37,35,2,2
10918,70,69,1,1
10919,96,101,-5,5
10920,135,139,-4,4
10921,76,73,3,3
10922,181,168,13,13
10923,105,110,-5,5
10924,49,50,-1,1
10925,65,73,-8,8
10926,139,129,10,10
10927,38,40,-2,2
10928,83,83,0,0
10929,56,63,-7,7
10930,120,104,16,16
10931,109,111,-2,2
10932,160,153,7,7
10933,117,125,-8,8
10934,92,97,-5,5
10935,99,95,4,4
10936,114,112,2,2
10937,70,65,5,5
10938,93,98,-5,5
10939,112,102,10,10
10940,118,108,10,10
10941,72,66,6,6
10942,51,59,-8,8
10943,119,102,17,17
10944,85,80,5,5
10945,101,116,-15,15
10946,78,81,-3,3
10947,75,73,2,2
10948,69,78,-9,9
10949,120,113,7,7
10950,72,71,1,1
10951,64,78,-14,14
10952,80,77,3,3
10953,80,87,-7,7
10954,75,70,5,5
10955,76,74,2,2
10956,157,145,12,12
10957,80,98,-18,18
10958,117,116,1,1
10959,103,88,15,15
10960,129,110,19,19
10961,139,134,5,5
10962,98,91,7,7
10963,87,82,5,5
10964,165,146,19,19
10965,73,77,-4,4
10966,137,133,4,4
10967,150,153,-3,3
10968,74,81,-7,7
10969,157,146,11,11
10970,82,96,-14,14
10971,74,70,4,4
10972,37,56,-19,19
10973,95,93,2,2
10974,104,96,8,8
10975,124,126,-2,2
10976,37,43,-6,6
10977,80,105,-25,25
10978,80,88,-8,8
10979,88,80,8,8
10980,147,122,25,25
10981,65,71,-6,6
10982,101,99,2,2
10983,93,88,5,5
10984,71,71,0,0
10985,64,57,7,7
10986,71,76,-5,5
10987,60,70,-10,10
10988,64,78,-14,14
10989,55,55,0,0
10990,48,71,-23,23
10991,141,127,14,14
10992,95,89,6,6
10993,58,63,-5,5
10994,95,90,5,5
10995,71,76,-5,5
10996,89,83,6,6
10997,125,120,5,5
10998,170,174,-4,4
10999,153,152,1,1
11000,84,84,0,0
11001,137,135,2,2
11002,81,74,7,7
11003,77,96,-19,19
11004,75,80,-5,5
11005,110,107,3,3
11006,53,53,0,0
11007,92,83,9,9
11008,105,117,-12,12
11009,55,60,-5,5
11010,85,99,-14,14
11011,141,125,16,16
11012,126,128,-2,2
11013,82,79,3,3
11014,124,118,6,6
11015,76,88,-12,12
11016,126,109,17,17
11017,56,60,-4,4
11018,65,65,0,0
11019,91,98,-7,7
11020,65,71,-6,6
11021,84,84,0,0
11022,95,95,0,0
11023,109,96,13,13
11024,74,69,5,5
11025,60,56,4,4
11026,65,60,5,5
11027,77,76,1,1
11028,79,78,1,1
11029,65,62,3,3
11030,110,108,2,2
11031,116,123,-7,7
11032,67,69,-2,2
11033,83,82,1,1
11034,120,111,9,9
11035,157,129,28,28
11036,123,120,3,3
11037,80,78,2,2
11038,99,104,-5,5
11039,88,80,8,8
11040,67,82,-15,15
11041,134,131,3,3
11042,76,71,5,5
11043,96,104,-8,8
11044,83,90,-7,7
11045,57,65,-8,8
11046,93,89,4,4
11047,60,62,-2,2
11048,85,81,4,4
11049,62,71,-9,9
11050,110,110,0,0
11051,108,108,0,0
11052,66,66,0,0
11053,67,84,-17,17
11054,71,67,4,4
11055,79,76,3,3
11056,145,149,-4,4
11057,62,73,-11,11
11058,60,71,-11,11
11059,126,125,1,1
11060,120,121,-1,1
11061,67,72,-5,5
11062,96,93,3,3
11063,54,51,3,3
11064,66,63,3,3
11065,101,99,2,2
11066,83,74,9,9
11067,120,108,12,12
11068,186,181,5,5
11069,72,72,0,0
11070,91,90,1,1
11071,158,146,12,12
11072,67,68,-1,1
11073,118,100,18,18
11074,63,58,5,5
11075,105,99,6,6
11076,124,103,21,21
11077,108,85,23,23
11078,121,111,10,10
11079,39,37,2,2
11080,90,89,1,1
11081,218,223,-5,5
11082,71,78,-7,7
11083,81,84,-3,3
11084,61,61,0,0
11085,86,78,8,8
11086,59,59,0,0
11087,168,168,0,0
11088,86,98,-12,12
11089,104,108,-4,4
11090,89,88,1,1
11091,80,78,2,2
11092,81,76,5,5
11093,87,78,9,9
11094,119,107,12,12
11095,136,129,7,7
11096,113,104,9,9
11097,68,75,-7,7
11098,86,74,12,12
11099,103,99,4,4
11100,72,79,-7,7
11101,142,147,-5,5
11102,172,187,-15,15
11103,166,163,3,3
11104,96,106,-10,10
11105,106,113,-7,7
11106,125,118,7,7
11107,125,117,8,8
11108,75,101,-26,26
11109,94,84,10,10
11110,103,104,-1,1
11111,58,57,1,1
11112,81,74,7,7
11113,133,117,16,16
11114,122,121,1,1
11115,99,103,-4,4
11116,67,69,-2,2
11117,126,119,7,7
11118,91,83,8,8
11119,73,76,-3,3
11120,89,90,-1,1
11121,124,140,-16,16
11122,68,60,8,8
11123,126,121,5,5
11124,76,79,-3,3
11125,167,147,20,20
11126,36,34,2,2
11127,137,132,5,5
11128,93,88,5,5
11129,115,112,3,3
11130,125,116,9,9
11131,79,76,3,3
11132,59,62,-3,3
11133,90,89,1,1
11134,73,73,0,0
11135,74,72,2,2
11136,111,102,9,9
11137,129,123,6,6
11138,80,81,-1,1
11139,97,93,4,4
11140,83,78,5,5
11141,129,123,6,6
11142,120,118,2,2
11143,93,83,10,10
11144,95,104,-9,9
11145,101,99,2,2
11146,93,92,1,1
11147,112,126,-14,14
11148,103,103,0,0
11149,60,66,-6,6
11150,95,106,-11,11
11151,62,56,6,6
11152,69,72,-3,3
11153,83,98,-15,15
11154,53,46,7,7
11155,98,87,11,11
11156,101,109,-8,8
11157,73,83,-10,10
11158,94,104,-10,10
11159,55,58,-3,3
11160,93,108,-15,15
11161,70,75,-5,5
11162,102,108,-6,6
11163,75,70,5,5
11164,77,68,9,9
11165,96,90,6,6
11166,93,102,-9,9
11167,78,82,-4,4
11168,155,145,10,10
11169,94,92,2,2
11170,66,68,-2,2
11171,71,84,-13,13
11172,96,92,4,4
11173,143,139,4,4
11174,60,63,-3,3
11175,79,83,-4,4
11176,93,98,-5,5
11177,126,121,5,5
11178,128,118,10,10
11179,103,90,13,13
11180,95,89,6,6
11181,86,98,-12,12
11182,95,87,8,8
11183,68,69,-1,1
11184,102,105,-3,3
11185,74,75,-1,1
11186,94,118,-24,24
11187,83,67,16,16
11188,107,102,5,5
11189,65,64,1,1
11190,66,71,-5,5
11191,113,110,3,3
11192,164,149,15,15
11193,60,64,-4,4
11194,139,152,-13,13
11195,96,104,-8,8
11196,87,76,11,11
11197,113,108,5,5
11198,180,174,6,6
11199,106,101,5,5
11200,73,75,-2,2
11201,121,123,-2,2
11202,125,120,5,5
11203,62,66,-4,4
11204,56,51,5,5
11205,81,83,-2,2
11206,103,96,7,7
11207,107,102,5,5
11208,70,65,5,5
11209,107,100,7,7
11210,167,209,-42,42
11211,72,58,14,14
11212,123,114,9,9
11213,178,188,-10,10
11214,142,151,-9,9
11215,138,124,14,14
11216,148,135,13,13
11217,141,138,3,3
11218,119,126,-7,7
11219,67,72,-5,5
11220,126,140,-14,14
11221,35,75,-40,40
11222,86,86,0,0
11223,82,92,-10,10
11224,135,164,-29,29
11225,111,102,9,9
11226,145,144,1,1
11227,99,85,14,14
11228,69,74,-5,5
11229,81,97,-16,16
11230,58,60,-2,2
11231,58,70,-12,12
11232,141,120,21,21
11233,75,71,4,4
11234,108,114,-6,6
11235,128,135,-7,7
11236,87,101,-14,14
11237,90,98,-8,8
11238,133,131,2,2
11239,73,70,3,3
11240,63,62,1,1
11241,73,77,-4,4
11242,136,141,-5,5
11243,105,97,8,8
11244,60,64,-4,4
11245,102,95,7,7
11246,100,94,6,6
11247,57,61,-4,4
11248,71,73,-2,2
11249,76,75,1,1
11250,58,63,-5,5
11251,204,190,14,14
11252,96,91,5,5
11253,113,104,9,9
11254,114,96,18,18
11255,138,128,10,10
11256,79,84,-5,5
11257,142,127,15,15
11258,109,104,5,5
11259,141,138,3,3
11260,73,69,4,4
11261,89,76,13,13
11262,85,87,-2,2
11263,159,146,13,13
11264,107,102,5,5
11265,68,76,-8,8
11266,79,82,-3,3
11267,109,108,1,1
11268,78,70,8,8
11269,61,65,-4,4
11270,102,101,1,1
11271,140,142,-2,2
11272,156,149,7,7
11273,155,149,6,6
11274,118,106,12,12
11275,85,79,6,6
11276,162,152,10,10
11277,105,106,-1,1
11278,100,97,3,3
11279,102,91,11,11
11280,130,124,6,6
11281,55,62,-7,7
11282,69,76,-7,7
11283,89,82,7,7
11284,39,52,-13,13
11285,139,131,8,8
11286,94,89,5,5
11287,79,71,8,8
11288,171,161,10,10
11289,139,132,7,7
11290,85,87,-2,2
11291,86,82,4,4
11292,114,105,9,9
11293,134,122,12,12
11294,51,52,-1,1
11295,47,54,-7,7
11296,56,65,-9,9
11297,72,72,0,0
11298,96,102,-6,6
11299,143,140,3,3
11300,115,101,14,14
11301,99,106,-7,7
11302,91,101,-10,10
11303,85,87,-2,2
11304,151,131,20,20
11305,42,56,-14,14
11306,125,117,8,8
11307,41,73,-32,32
11308,137,116,21,21
11309,100,92,8,8
11310,143,123,20,20
11311,174,168,6,6
11312,81,77,4,4
11313,106,102,4,4
11314,150,135,15,15
11315,66,69,-3,3
11316,119,115,4,4
11317,133,115,18,18
11318,58,62,-4,4
11319,90,93,-3,3
11320,111,109,2,2
11321,157,140,17,17
11322,106,103,3,3
11323,121,116,5,5
11324,61,67,-6,6
11325,111,108,3,3
11326,88,86,2,2
11327,81,82,-1,1
11328,93,88,5,5
11329,77,77,0,0
11330,163,141,22,22
11331,104,102,2,2
11332,76,70,6,6
11333,52,53,-1,1
11334,87,96,-9,9
11335,104,99,5,5
11336,62,59,3,3
11337,112,113,-1,1
11338,76,80,-4,4
11339,129,127,2,2
11340,106,115,-9,9
11341,63,67,-4,4
11342,87,92,-5,5
11343,106,109,-3,3
11344,86,73,13,13
11345,88,87,1,1
11346,89,87,2,2
11347,71,74,-3,3
11348,116,102,14,14
11349,55,59,-4,4
11350,83,91,-8,8
11351,64,69,-5,5
11352,71,68,3,3
11353,128,117,11,11
11354,57,60,-3,3
11355,127,127,0,0
11356,47,44,3,3
11357,94,85,9,9
11358,60,55,5,5
11359,60,69,-9,9
11360,55,69,-14,14
11361,97,100,-3,3
11362,82,82,0,0
11363,109,104,5,5
11364,111,103,8,8
11365,61,61,0,0
11366,70,76,-6,6
11367,79,76,3,3
11368,107,104,3,3
11369,89,85,4,4
11370,60,56,4,4
11371,147,144,3,3
11372,83,81,2,2
11373,104,102,2,2
11374,134,140,-6,6
11375,88,85,3,3
11376,35,38,-3,3
11377,117,129,-12,12
11378,78,76,2,2
11379,149,135,14,14
11380,85,84,1,1
11381,97,94,3,3
11382,115,121,-6,6
11383,109,92,17,17
11384,81,79,2,2
11385,81,91,-10,10
11386,93,100,-7,7
11387,123,128,-5,5
11388,95,92,3,3
11389,102,95,7,7
11390,57,54,3,3
11391,179,183,-4,4
11392,126,128,-2,2
11393,62,61,1,1
11394,65,75,-10,10
11395,109,102,7,7
11396,74,75,-1,1
11397,113,112,1,1
11398,121,113,8,8
11399,114,112,2,2
11400,63,67,-4,4
11401,103,106,-3,3
11402,80,75,5,5
11403,45,75,-30,30
11404,93,93,0,0
11405,121,110,11,11
11406,166,166,0,0
11407,63,75,-12,12
11408,66,60,6,6
11409,55,77,-22,22
11410,116,117,-1,1
11411,96,92,4,4
11412,76,74,2,2
11413,54,66,-12,12
11414,108,107,1,1
11415,51,52,-1,1
11416,109,105,4,4
11417,75,73,2,2
11418,86,89,-3,3
11419,82,91,-9,9
11420,36,39,-3,3
11421,64,71,-7,7
11422,119,105,14,14
11423,53,62,-9,9
11424,73,75,-2,2
11425,58,55,3,3
11426,41,45,-4,4
11427,58,68,-10,10
11428,118,117,1,1
11429,134,122,12,12
11430,75,76,-1,1
11431,50,55,-5,5
11432,98,98,0,0
11433,33,36,-3,3
11434,109,102,7,7
11435,79,82,-3,3
11436,60,60,0,0
11437,100,103,-3,3
11438,85,77,8,8
11439,75,78,-3,3
11440,82,74,8,8
11441,57,59,-2,2
11442,164,162,2,2
11443,157,149,8,8
11444,76,73,3,3
11445,72,75,-3,3
11446,57,83,-26,26
11447,96,110,-14,14
11448,90,86,4,4
11449,100,98,2,2
11450,129,122,7,7
11451,91,84,7,7
11452,98,91,7,7
11453,102,98,4,4
11454,198,197,1,1
11455,78,73,5,5
11456,60,60,0,0
11457,173,169,4,4
11458,98,96,2,2
11459,72,71,1,1
11460,90,122,-32,32
11461,170,162,8,8
11462,163,150,13,13
11463,77,79,-2,2
11464,66,73,-7,7
11465,67,63,4,4
11466,66,74,-8,8
11467,99,89,10,10
11468,86,82,4,4
11469,85,85,0,0
11470,71,70,1,1
11471,136,125,11,11
11472,86,79,7,7
11473,60,64,-4,4
11474,119,119,0,0
11475,132,131,1,1
11476,114,115,-1,1
11477,66,67,-1,1
11478,147,138,9,9
11479,90,89,1,1
11480,112,107,5,5
11481,68,62,6,6
11482,119,111,8,8
11483,121,115,6,6
11484,70,99,-29,29
11485,124,115,9,9
11486,47,51,-4,4
11487,70,79,-9,9
11488,80,73,7,7
11489,44,46,-2,2
11490,75,79,-4,4
11491,65,69,-4,4
11492,80,72,8,8
11493,95,93,2,2
11494,124,117,7,7
11495,50,58,-8,8
11496,133,122,11,11
11497,77,77,0,0
11498,105,106,-1,1
11499,70,67,3,3
11500,86,86,0,0
11501,97,85,12,12
11502,80,76,4,4
11503,98,105,-7,7
11504,106,107,-1,1
11505,74,69,5,5
11506,66,68,-2,2
11507,118,119,-1,1
11508,110,98,12,12
11509,156,145,11,11
11510,67,65,2,2
11511,170,142,28,28
11512,117,103,14,14
11513,101,100,1,1
11514,130,122,8,8
11515,93,103,-10,10
11516,105,101,4,4
11517,41,64,-23,23
11518,84,70,14,14
11519,59,61,-2,2
11520,141,133,8,8
11521,47,67,-20,20
11522,114,96,18,18
11523,137,129,8,8
11524,126,135,-9,9
11525,62,64,-2,2
11526,111,109,2,2
11527,74,76,-2,2
11528,81,77,4,4
11529,160,154,6,6
11530,102,100,2,2
11531,91,82,9,9
11532,83,84,-1,1
11533,72,64,8,8
11534,68,73,-5,5
11535,126,113,13,13
11536,77,80,-3,3
11537,160,140,20,20
11538,106,106,0,0
11539,81,81,0,0
11540,170,139,31,31
11541,131,124,7,7
11542,50,66,-16,16
11543,115,107,8,8
11544,70,76,-6,6
11545,109,117,-8,8
11546,72,67,5,5
11547,74,78,-4,4
11548,67,69,-2,2
11549,81,76,5,5
11550,83,82,1,1
11551,105,101,4,4
11552,95,101,-6,6
11553,133,121,12,12
11554,115,122,-7,7
11555,98,89,9,9
11556,55,47,8,8
11557,109,108,1,1
11558,50,61,-11,11
11559,145,133,12,12
11560,89,77,12,12
11561,85,83,2,2
11562,85,84,1,1
11563,65,91,-26,26
11564,86,86,0,0
11565,105,90,15,15
11566,53,54,-1,1
11567,60,64,-4,4
11568,121,112,9,9
11569,52,64,-12,12
11570,53,57,-4,4
11571,164,159,5,5
11572,92,95,-3,3
11573,100,101,-1,1
11574,111,105,6,6
11575,67,65,2,2
11576,169,158,11,11
11577,86,81,5,5
11578,51,47,4,4
11579,96,93,3,3
11580,97,80,17,17
11581,82,71,11,11
11582,75,76,-1,1
11583,103,98,5,5
11584,91,82,9,9
11585,108,107,1,1
11586,85,86,-1,1
11587,137,133,4,4
11588,88,89,-1,1
11589,167,155,12,12
11590,65,69,-4,4
11591,92,82,10,10
11592,98,90,8,8
11593,68,70,-2,2
11594,65,62,3,3
11595,60,58,2,2
11596,71,66,5,5
11597,50,50,0,0
11598,79,81,-2,2
11599,102,95,7,7
11600,85,79,6,6
11601,69,69,0,0
11602,105,105,0,0
11603,114,106,8,8
11604,77,77,0,0
11605,70,64,6,6
11606,80,79,1,1
11607,137,142,-5,5
11608,105,100,5,5
11609,83,89,-6,6
11610,95,90,5,5
11611,70,78,-8,8
11612,183,174,9,9
11613,50,55,-5,5
11614,164,158,6,6
11615,125,115,10,10
11616,90,85,5,5
11617,108,105,3,3
11618,150,144,6,6
11619,90,78,12,12
11620,73,70,3,3
11621,86,95,-9,9
11622,91,100,-9,9
11623,108,107,1,1
11624,120,113,7,7
11625,127,110,17,17
11626,65,61,4,4
11627,121,91,30,30
11628,80,74,6,6
11629,89,72,17,17
11630,81,75,6,6
11631,96,74,22,22
11632,119,114,5,5
11633,118,119,-1,1
11634,128,128,0,0
11635,56,70,-14,14
11636,56,62,-6,6
11637,86,80,6,6
11638,79,77,2,2
11639,116,103,13,13
11640,69,73,-4,4
11641,111,95,16,16
11642,81,95,-14,14
11643,56,59,-3,3
11644,119,121,-2,2
11645,82,74,8,8
11646,81,76,5,5
11647,136,119,17,17
11648,127,128,-1,1
11649,108,115,-7,7
11650,129,128,1,1
11651,74,95,-21,21
11652,63,73,-10,10
11653,168,154,14,14
11654,100,103,-3,3
11655,66,71,-5,5
11656,70,79,-9,9
11657,101,97,4,4
11658,112,100,12,12
11659,102,87,15,15
11660,124,120,4,4
11661,82,80,2,2
11662,94,94,0,0
11663,70,79,-9,9
11664,72,76,-4,4
11665,67,69,-2,2
11666,117,127,-10,10
11667,47,44,3,3
11668,110,99,11,11
11669,93,86,7,7
11670,64,64,0,0
11671,134,133,1,1
11672,66,63,3,3
11673,69,65,4,4
11674,99,104,-5,5
11675,137,126,11,11
11676,58,63,-5,5
11677,85,78,7,7
11678,94,91,3,3
11679,104,102,2,2
11680,108,106,2,2
11681,89,82,7,7
11682,176,164,12,12
11683,88,86,2,2
11684,46,52,-6,6
11685,94,93,1,1
11686,162,156,6,6
11687,92,87,5,5
11688,96,90,6,6
11689,124,122,2,2
11690,74,81,-7,7
11691,68,74,-6,6
11692,67,71,-4,4
11693,90,93,-3,3
11694,87,83,4,4
11695,86,78,8,8
11696,68,71,-3,3
11697,90,84,6,6
11698,77,80,-3,3
11699,126,106,20,20
11700,126,117,9,9
11701,94,94,0,0
11702,172,166,6,6
11703,63,93,-30,30
11704,101,93,8,8
11705,148,141,7,7
11706,87,92,-5,5
11707,127,115,12,12
11708,121,102,19,19
11709,142,146,-4,4
11710,73,74,-1,1
11711,71,72,-1,1
11712,103,129,-26,26
11713,39,39,0,0
11714,99,102,-3,3
11715,69,68,1,1
11716,182,169,13,13
11717,138,163,-25,25
11718,142,136,6,6
11719,114,119,-5,5
11720,54,51,3,3
11721,93,86,7,7
11722,110,101,9,9
11723,38,46,-8,8
11724,133,134,-1,1
11725,143,131,12,12
11726,125,126,-1,1
11727,69,69,0,0
11728,120,118,2,2
11729,121,129,-8,8
11730,71,66,5,5
11731,97,93,4,4
11732,104,96,8,8
11733,97,95,2,2
11734,47,51,-4,4
11735,184,173,11,11
11736,110,120,-10,10
11737,67,69,-2,2
11738,106,105,1,1
11739,66,76,-10,10
11740,118,107,11,11
11741,81,80,1,1
11742,83,82,1,1
11743,64,75,-11,11
11744,70,62,8,8
11745,50,50,0,0
11746,93,82,11,11
11747,157,139,18,18
11748,51,52,-1,1
11749,77,74,3,3
11750,87,83,4,4
11751,119,109,10,10
11752,115,107,8,8
11753,85,73,12,12
11754,63,80,-17,17
11755,91,94,-3,3
11756,67,66,1,1
11757,64,69,-5,5
11758,127,134,-7,7
11759,67,70,-3,3
11760,71,71,0,0
11761,96,84,12,12
11762,111,109,2,2
11763,62,64,-2,2
11764,77,72,5,5
11765,174,175,-1,1
11766,138,123,15,15
11767,65,68,-3,3
11768,116,107,9,9
11769,47,52,-5,5
11770,119,114,5,5
11771,94,83,11,11
11772,122,118,4,4
11773,92,98,-6,6
11774,148,126,22,22
11775,67,74,-7,7
11776,101,101,0,0
11777,86,84,2,2
11778,53,53,0,0
11779,77,81,-4,4
11780,126,114,12,12
11781,74,69,5,5
11782,91,90,1,1
11783,81,82,-1,1
11784,43,45,-2,2
11785,114,108,6,6
11786,79,83,-4,4
11787,96,88,8,8
11788,106,95,11,11
11789,79,85,-6,6
11790,120,129,-9,9
11791,107,104,3,3
11792,98,95,3,3
11793,47,45,2,2
11794,76,79,-3,3
11795,85,81,4,4
11796,67,78,-11,11
11797,79,76,3,3
11798,90,101,-11,11
11799,84,76,8,8
11800,152,139,13,13
11801,152,137,15,15
11802,87,82,5,5
11803,65,66,-1,1
11804,83,81,2,2
11805,205,188,17,17
11806,151,150,1,1
11807,114,98,16,16
11808,83,85,-2,2
11809,66,73,-7,7
11810,66,70,-4,4
11811,105,100,5,5
11812,176,160,16,16
11813,166,160,6,6
11814,185,169,16,16
11815,108,107,1,1
11816,95,90,5,5
11817,67,82,-15,15
11818,87,88,-1,1
11819,82,84,-2,2
11820,121,113,8,8
11821,71,79,-8,8
11822,62,68,-6,6
11823,113,93,20,20
11824,104,100,4,4
11825,68,71,-3,3
11826,93,99,-6,6
11827,74,69,5,5
11828,60,65,-5,5
11829,80,86,-6,6
11830,70,75,-5,5
11831,75,78,-3,3
11832,76,68,8,8
11833,75,71,4,4
11834,80,70,10,10
11835,45,55,-10,10
11836,93,108,-15,15
11837,99,109,-10,10
11838,77,70,7,7
11839,89,82,7,7
11840,143,152,-9,9
11841,83,94,-11,11
11842,102,101,1,1
11843,122,122,0,0
11844,118,108,10,10
11845,132,109,23,23
11846,102,112,-10,10
11847,75,71,4,4
11848,105,107,-2,2
11849,124,118,6,6
11850,75,74,1,1
11851,47,52,-5,5
11852,130,129,1,1
11853,147,139,8,8
11854,134,124,10,10
11855,71,73,-2,2
11856,72,72,0,0
11857,42,48,-6,6
11858,97,89,8,8
11859,99,105,-6,6
11860,147,149,-2,2
11861,127,123,4,4
11862,65,63,2,2
11863,73,88,-15,15
11864,54,62,-8,8
11865,87,85,2,2
11866,125,130,-5,5
11867,120,121,-1,1
11868,75,74,1,1
11869,101,104,-3,3
11870,139,135,4,4
11871,93,86,7,7
11872,85,86,-1,1
11873,162,149,13,13
11874,158,150,8,8
11875,234,202,32,32
11876,76,76,0,0
11877,68,65,3,3
11878,60,59,1,1
11879,115,105,10,10
11880,92,88,4,4
11881,99,85,14,14
11882,95,88,7,7
11883,69,81,-12,12
11884,53,63,-10,10
11885,100,95,5,5
11886,157,149,8,8
11887,103,96,7,7
11888,117,116,1,1
11889,100,95,5,5
11890,95,85,10,10
11891,146,130,16,16
11892,97,89,8,8
11893,49,49,0,0
11894,83,83,0,0
11895,89,79,10,10
11896,97,101,-4,4
11897,98,99,-1,1
11898,99,96,3,3
11899,52,62,-10,10
11900,92,91,1,1
11901,128,136,-8,8
11902,60,58,2,2
11903,47,49,-2,2
11904,106,99,7,7
11905,78,71,7,7
11906,143,146,-3,3
11907,90,84,6,6
11908,125,118,7,7
11909,80,85,-5,5
11910,114,107,7,7
11911,161,146,15,15
11912,120,114,6,6
11913,41,65,-24,24
11914,38,44,-6,6
11915,105,113,-8,8
11916,48,44,4,4
11917,58,63,-5,5
11918,112,105,7,7
11919,59,62,-3,3
11920,76,79,-3,3
11921,118,115,3,3
11922,77,73,4,4
11923,51,57,-6,6
11924,76,68,8,8
11925,56,59,-3,3
11926,40,47,-7,7
11927,69,70,-1,1
11928,77,75,2,2
11929,91,90,1,1
11930,149,143,6,6
11931,110,105,5,5
11932,115,119,-4,4
11933,117,112,5,5
11934,93,88,5,5
11935,31,36,-5,5
11936,111,129,-18,18
11937,79,84,-5,5
11938,72,73,-1,1
11939,44,46,-2,2
11940,89,87,2,2
11941,51,54,-3,3
11942,186,186,0,0
11943,144,130,14,14
11944,98,87,11,11
11945,68,68,0,0
11946,82,80,2,2
11947,110,104,6,6
11948,101,78,23,23
11949,73,74,-1,1
11950,106,105,1,1
11951,50,50,0,0
11952,128,124,4,4
11953,82,83,-1,1
11954,39,59,-20,20
11955,57,58,-1,1
11956,100,99,1,1
11957,132,128,4,4
11958,58,64,-6,6
11959,65,66,-1,1
11960,46,51,-5,5
11961,90,86,4,4
11962,132,124,8,8
11963,84,84,0,0
11964,95,89,6,6
11965,152,150,2,2
11966,67,67,0,0
11967,96,104,-8,8
11968,78,80,-2,2
11969,99,84,15,15
11970,71,78,-7,7
11971,116,106,10,10
11972,122,123,-1,1
11973,81,78,3,3
11974,42,50,-8,8
11975,121,118,3,3
11976,144,137,7,7
11977,190,189,1,1
11978,132,125,7,7
11979,112,99,13,13
11980,106,87,19,19
11981,104,96,8,8
11982,79,75,4,4
11983,81,81,0,0
11984,92,110,-18,18
11985,55,59,-4,4
11986,85,75,10,10
11987,72,72,0,0
11988,48,49,-1,1
11989,92,102,-10,10
11990,44,47,-3,3
11991,112,105,7,7
11992,118,111,7,7
11993,74,79,-5,5
11994,102,88,14,14
11995,93,100,-7,7
11996,113,103,10,10
11997,89,88,1,1
11998,133,131,2,2
11999,45,49,-4,4
12000,53,53,0,0
12001,139,134,5,5
12002,61,61,0,0
12003,85,102,-17,17
12004,67,66,1,1
12005,81,75,6,6
12006,33,35,-2,2
12007,74,76,-2,2
12008,81,78,3,3
12009,81,81,0,0
12010,114,108,6,6
12011,158,163,-5,5
12012,59,66,-7,7
12013,60,68,-8,8
12014,111,104,7,7
12015,102,97,5,5
12016,89,80,9,9
12017,80,76,4,4
12018,73,77,-4,4
12019,53,54,-1,1
12020,124,120,4,4
12021,108,103,5,5
12022,101,85,16,16
12023,93,96,-3,3
12024,69,68,1,1
12025,111,115,-4,4
12026,74,78,-4,4
12027,80,79,1,1
12028,101,92,9,9
12029,127,142,-15,15
12030,78,74,4,4
12031,143,148,-5,5
12032,114,126,-12,12
12033,49,73,-24,24
12034,115,119,-4,4
12035,103,94,9,9
12036,84,87,-3,3
12037,88,86,2,2
12038,92,88,4,4
12039,108,110,-2,2
12040,90,84,6,6
12041,65,69,-4,4
12042,60,59,1,1
12043,72,74,-2,2
12044,129,139,-10,10
12045,76,77,-1,1
12046,109,115,-6,6
12047,88,99,-11,11
12048,60,61,-1,1
12049,47,39,8,8
12050,100,89,11,11
12051,117,124,-7,7
12052,125,112,13,13
12053,113,102,11,11
12054,54,54,0,0
12055,111,108,3,3
12056,156,143,13,13
12057,110,106,4,4
12058,82,96,-14,14
12059,114,104,10,10
12060,68,72,-4,4
12061,66,75,-9,9
12062,90,89,1,1
12063,63,65,-2,2
12064,100,97,3,3
12065,66,69,-3,3
12066,141,134,7,7
12067,79,77,2,2
12068,104,88,16,16
12069,140,126,14,14
12070,72,74,-2,2
12071,39,41,-2,2
12072,118,109,9,9
12073,97,83,14,14
12074,95,105,-10,10
12075,86,85,1,1
12076,90,85,5,5
12077,86,97,-11,11
12078,95,92,3,3
12079,118,108,10,10
12080,94,86,8,8
12081,130,128,2,2
12082,58,59,-1,1
12083,121,124,-3,3
12084,125,124,1,1
12085,150,149,1,1
12086,102,98,4,4
12087,122,110,12,12
12088,109,105,4,4
12089,74,78,-4,4
12090,93,82,11,11
12091,53,56,-3,3
12092,117,123,-6,6
12093,93,90,3,3
12094,191,195,-4,4
12095,142,121,21,21
12096,123,109,14,14
12097,83,84,-1,1
12098,127,121,6,6
12099,83,83,0,0
12100,85,80,5,5
12101,83,82,1,1
12102,94,84,10,10
12103,164,153,11,11
12104,72,64,8,8
12105,76,69,7,7
12106,122,106,16,16
12107,59,38,21,21
12108,87,84,3,3
12109,88,74,14,14
12110,61,60,1,1
12111,154,144,10,10
12112,159,145,14,14
12113,163,150,13,13
12114,104,99,5,5
12115,121,123,-2,2
12116,116,106,10,10
12117,98,98,0,0
12118,84,84,0,0
12119,42,49,-7,7
12120,78,75,3,3
12121,99,114,-15,15
12122,77,90,-13,13
12123,189,173,16,16
12124,66,80,-14,14
12125,144,144,0,0
12126,196,181,15,15
12127,107,101,6,6
12128,68,73,-5,5
12129,88,81,7,7
12130,36,45,-9,9
12131,107,100,7,7
12132,123,117,6,6
12133,62,60,2,2
12134,207,195,12,12
12135,89,84,5,5
12136,74,74,0,0
12137,87,84,3,3
12138,135,136,-1,1
12139,72,69,3,3
12140,183,139,44,44
12141,118,127,-9,9
12142,110,90,20,20
12143,111,108,3,3
12144,122,108,14,14
12145,90,92,-2,2
12146,121,120,1,1
12147,58,62,-4,4
12148,126,120,6,6
12149,105,98,7,7
12150,109,106,3,3
12151,71,75,-4,4
12152,148,142,6,6
12153,95,96,-1,1
12154,103,103,0,0
12155,90,90,0,0
12156,77,79,-2,2
12157,126,118,8,8
12158,141,133,8,8
12159,134,120,14,14
12160,49,46,3,3
12161,99,98,1,1
12162,130,119,11,11
12163,74,71,3,3
12164,64,63,1,1
12165,196,176,20,20
12166,106,114,-8,8
12167,100,102,-2,2
12168,88,83,5,5
12169,116,110,6,6
12170,107,106,1,1
12171,128,130,-2,2
12172,93,84,9,9
12173,150,133,17,17
12174,92,80,12,12
12175,96,85,11,11
12176,115,108,7,7
12177,111,102,9,9
12178,87,90,-3,3
12179,69,70,-1,1
12180,139,149,-10,10
12181,104,103,1,1
12182,115,117,-2,2
12183,114,104,10,10
12184,58,58,0,0
12185,77,75,2,2
12186,79,82,-3,3
12187,114,114,0,0
12188,111,116,-5,5
12189,102,97,5,5
12190,161,159,2,2
12191,197,187,10,10
12192,72,69,3,3
12193,142,140,2,2
12194,49,62,-13,13
12195,63,66,-3,3
12196,135,134,1,1
12197,192,173,19,19
12198,47,50,-3,3
12199,110,108,2,2
12200,71,73,-2,2
12201,108,114,-6,6
12202,137,140,-3,3
12203,128,122,6,6
12204,137,133,4,4
12205,148,144,4,4
12206,82,82,0,0
12207,70,79,-9,9
12208,60,58,2,2
12209,115,107,8,8
12210,76,75,1,1
12211,86,80,6,6
12212,97,96,1,1
12213,122,117,5,5
12214,104,98,6,6
12215,149,152,-3,3
12216,73,74,-1,1
12217,88,83,5,5
12218,93,84,9,9
12219,94,92,2,2
12220,110,103,7,7
12221,56,55,1,1
12222,66,70,-4,4
12223,73,74,-1,1
12224,96,99,-3,3
12225,121,112,9,9
12226,122,124,-2,2
12227,94,97,-3,3
12228,88,100,-12,12
12229,130,133,-3,3
12230,63,57,6,6
12231,141,129,12,12
12232,54,63,-9,9
12233,73,75,-2,2
12234,71,71,0,0
12235,95,85,10,10
12236,121,108,13,13
12237,73,75,-2,2
12238,125,123,2,2
12239,67,76,-9,9
12240,121,115,6,6
12241,109,108,1,1
12242,64,68,-4,4
12243,96,88,8,8
12244,119,130,-11,11
12245,93,100,-7,7
12246,75,76,-1,1
12247,95,92,3,3
12248,66,71,-5,5
12249,99,98,1,1
12250,47,47,0,0
12251,84,97,-13,13
12252,165,202,-37,37
12253,97,90,7,7
12254,73,77,-4,4
12255,37,44,-7,7
12256,104,94,10,10
12257,71,73,-2,2
12258,65,68,-3,3
12259,66,58,8,8
12260,63,62,1,1
12261,96,96,0,0
12262,130,124,6,6
12263,141,137,4,4
12264,86,103,-17,17
12265,108,110,-2,2
12266,128,115,13,13
12267,118,108,10,10
12268,83,81,2,2
12269,68,68,0,0
12270,84,83,1,1
12271,105,97,8,8
12272,61,75,-14,14
12273,73,76,-3,3
12274,65,69,-4,4
12275,131,116,15,15
12276,118,108,10,10
12277,93,91,2,2
12278,76,71,5,5
12279,75,73,2,2
12280,65,69,-4,4
12281,70,67,3,3
12282,140,142,-2,2
12283,95,86,9,9
12284,145,125,20,20
12285,82,72,10,10
12286,185,167,18,18
12287,71,71,0,0
12288,100,105,-5,5
12289,99,88,11,11
12290,64,67,-3,3
12291,65,67,-2,2
12292,51,51,0,0
12293,79,86,-7,7
12294,50,56,-6,6
12295,128,139,-11,11
12296,109,102,7,7
12297,106,89,17,17
12298,50,53,-3,3
12299,126,119,7,7
12300,105,102,3,3
12301,39,49,-10,10
12302,70,69,1,1
12303,134,110,24,24
12304,46,53,-7,7
12305,81,81,0,0
12306,115,109,6,6
12307,56,65,-9,9
12308,90,85,5,5
12309,107,101,6,6
12310,38,42,-4,4
12311,112,114,-2,2
12312,86,85,1,1
12313,102,100,2,2
12314,81,84,-3,3
12315,133,123,10,10
12316,65,66,-1,1
12317,67,78,-11,11
12318,63,70,-7,7
12319,105,97,8,8
12320,81,81,0,0
12321,97,101,-4,4
12322,96,101,-5,5
12323,113,128,-15,15
12324,91,90,1,1
12325,67,79,-12,12
12326,85,82,3,3
12327,102,101,1,1
12328,76,77,-1,1
12329,190,194,-4,4
12330,63,70,-7,7
12331,87,73,14,14
12332,140,130,10,10
12333,113,100,13,13
12334,102,99,3,3
12335,62,57,5,5
12336,57,56,1,1
12337,48,60,-12,12
12338,62,58,4,4
12339,94,109,-15,15
12340,95,102,-7,7
12341,183,171,12,12
12342,80,79,1,1
12343,164,158,6,6
12344,66,63,3,3
12345,67,80,-13,13
12346,103,100,3,3
12347,69,80,-11,11
12348,118,117,1,1
12349,78,72,6,6
12350,66,67,-1,1
12351,94,88,6,6
12352,92,90,2,2
12353,142,128,14,14
12354,55,69,-14,14
12355,101,102,-1,1
12356,79,73,6,6
12357,122,124,-2,2
12358,123,107,16,16
12359,38,35,3,3
12360,65,76,-11,11
12361,138,122,16,16
12362,76,73,3,3
12363,114,114,0,0
12364,79,82,-3,3
12365,114,105,9,9
12366,68,70,-2,2
12367,78,76,2,2
12368,93,100,-7,7
12369,103,104,-1,1
12370,163,135,28,28
12371,101,106,-5,5
12372,126,121,5,5
12373,67,64,3,3
12374,78,76,2,2
12375,116,111,5,5
12376,128,128,0,0
12377,91,83,8,8
12378,142,129,13,13
12379,65,64,1,1
12380,145,155,-10,10
12381,61,57,4,4
12382,136,123,13,13
12383,84,78,6,6
12384,98,89,9,9
12385,87,87,0,0
12386,107,107,0,0
12387,115,127,-12,12
12388,106,97,9,9
12389,93,97,-4,4
12390,80,71,9,9
12391,130,118,12,12
12392,115,105,10,10
12393,97,108,-11,11
12394,92,90,2,2
12395,88,84,4,4
12396,66,66,0,0
12397,66,66,0,0
12398,87,86,1,1
12399,106,102,4,4
12400,70,79,-9,9
12401,180,166,14,14
12402,87,97,-10,10
12403,89,80,9,9
12404,92,97,-5,5
12405,125,110,15,15
12406,88,98,-10,10
12407,109,103,6,6
12408,35,39,-4,4
12409,67,75,-8,8
12410,117,112,5,5
12411,190,172,18,18
12412,114,111,3,3
12413,137,131,6,6
12414,138,148,-10,10
12415,129,135,-6,6
12416,106,87,19,19
12417,63,68,-5,5
12418,58,66,-8,8
12419,57,65,-8,8
12420,86,94,-8,8
12421,104,97,7,7
12422,97,96,1,1
12423,101,101,0,0
12424,137,125,12,12
12425,64,54,10,10
12426,176,194,-18,18
12427,93,85,8,8
12428,120,116,4,4
12429,108,105,3,3
12430,70,72,-2,2
12431,97,90,7,7
12432,83,87,-4,4
12433,83,76,7,7
12434,150,157,-7,7
12435,64,69,-5,5
12436,89,80,9,9
12437,96,91,5,5
12438,114,110,4,4
12439,119,124,-5,5
12440,61,57,4,4
12441,96,91,5,5
12442,105,103,2,2
12443,61,63,-2,2
12444,141,134,7,7
12445,86,80,6,6
12446,87,83,4,4
12447,90,80,10,10
12448,105,108,-3,3
12449,91,82,9,9
12450,111,115,-4,4
12451,76,78,-2,2
12452,87,85,2,2
12453,91,96,-5,5
12454,107,113,-6,6
12455,110,106,4,4
12456,124,128,-4,4
12457,128,118,10,10
12458,109,106,3,3
12459,71,68,3,3
12460,87,78,9,9
12461,148,140,8,8
12462,107,99,8,8
12463,134,133,1,1
12464,23,27,-4,4
12465,119,132,-13,13
12466,91,83,8,8
12467,25,49,-24,24
12468,61,76,-15,15
12469,101,99,2,2
12470,72,71,1,1
12471,95,100,-5,5
12472,47,44,3,3
12473,97,94,3,3
12474,81,81,0,0
12475,59,57,2,2
12476,77,71,6,6
12477,138,122,16,16
12478,120,115,5,5
12479,136,137,-1,1
12480,79,81,-2,2
12481,63,65,-2,2
12482,102,99,3,3
12483,158,147,11,11
12484,73,76,-3,3
12485,53,48,5,5
12486,83,85,-2,2
12487,155,131,24,24
12488,139,127,12,12
12489,93,83,10,10
12490,128,130,-2,2
12491,98,108,-10,10
12492,96,86,10,10
12493,153,143,10,10
12494,104,103,1,1
12495,115,100,15,15
12496,72,74,-2,2
12497,90,85,5,5
12498,127,134,-7,7
12499,112,125,-13,13
12500,64,73,-9,9
12501,73,68,5,5
12502,72,77,-5,5
12503,73,83,-10,10
12504,56,62,-6,6
12505,106,100,6,6
12506,144,132,12,12
12507,47,70,-23,23
12508,147,140,7,7
12509,95,94,1,1
12510,76,81,-5,5
12511,128,125,3,3
12512,81,72,9,9
12513,79,81,-2,2
12514,86,80,6,6
12515,44,51,-7,7
12516,87,86,1,1
12517,102,103,-1,1
12518,116,117,-1,1
12519,105,102,3,3
12520,113,123,-10,10
12521,152,136,16,16
12522,175,162,13,13
12523,70,70,0,0
12524,173,160,13,13
12525,87,79,8,8
12526,102,92,10,10
12527,88,87,1,1
12528,76,74,2,2
12529,110,101,9,9
12530,99,101,-2,2
12531,71,72,-1,1
12532,75,75,0,0
12533,105,102,3,3
12534,153,156,-3,3
12535,100,111,-11,11
12536,90,85,5,5
12537,83,99,-16,16
12538,82,89,-7,7
12539,49,55,-6,6
12540,69,72,-3,3
12541,113,111,2,2
12542,63,68,-5,5
12543,58,63,-5,5
12544,65,67,-2,2
12545,145,146,-1,1
12546,50,51,-1,1
12547,83,86,-3,3
12548,100,94,6,6
12549,76,73,3,3
12550,72,71,1,1
12551,71,85,-14,14
12552,106,100,6,6
12553,127,132,-5,5
12554,96,89,7,7
12555,67,70,-3,3
12556,140,137,3,3
12557,56,57,-1,1
12558,108,103,5,5
12559,94,90,4,4
12560,59,61,-2,2
12561,84,85,-1,1
12562,96,95,1,1
12563,92,102,-10,10
12564,186,182,4,4
12565,62,64,-2,2
12566,164,150,14,14
12567,49,50,-1,1
12568,62,61,1,1
12569,50,61,-11,11
12570,128,127,1,1
12571,57,68,-11,11
12572,69,70,-1,1
12573,48,59,-11,11
12574,132,123,9,9
12575,140,141,-1,1
12576,107,103,4,4
12577,80,80,0,0
12578,78,76,2,2
12579,140,126,14,14
12580,78,77,1,1
12581,123,112,11,11
12582,87,95,-8,8
12583,91,105,-14,14
12584,119,130,-11,11
12585,107,104,3,3
12586,52,57,-5,5
12587,61,72,-11,11
12588,102,93,9,9
12589,79,73,6,6
12590,81,76,5,5
12591,72,69,3,3
12592,74,82,-8,8
12593,73,66,7,7
12594,114,86,28,28
12595,127,122,5,5
12596,92,82,10,10
12597,118,122,-4,4
12598,115,180,-65,65
12599,73,72,1,1
12600,93,91,2,2
12601,70,71,-1,1
12602,73,70,3,3
12603,107,118,-11,11
12604,96,99,-3,3
12605,101,82,19,19
12606,76,86,-10,10
12607,85,75,10,10
12608,111,99,12,12
12609,42,50,-8,8
12610,69,69,0,0
12611,97,85,12,12
12612,90,85,5,5
12613,96,88,8,8
12614,114,132,-18,18
12615,121,116,5,5
12616,68,71,-3,3
12617,45,44,1,1
12618,73,75,-2,2
12619,109,102,7,7
12620,175,171,4,4
12621,90,79,11,11
12622,70,71,-1,1
12623,85,85,0,0
12624,62,66,-4,4
12625,89,97,-8,8
12626,132,126,6,6
12627,155,143,12,12
12628,99,99,0,0
12629,60,57,3,3
12630,110,103,7,7
12631,87,83,4,4
12632,98,106,-8,8
12633,80,95,-15,15
12634,127,122,5,5
12635,172,158,14,14
12636,181,171,10,10
12637,130,121,9,9
12638,76,73,3,3
12639,86,82,4,4
12640,105,99,6,6
12641,105,113,-8,8
12642,56,67,-11,11
12643,65,71,-6,6
12644,42,44,-2,2
12645,120,111,9,9
12646,65,64,1,1
12647,76,81,-5,5
12648,134,124,10,10
12649,28,67,-39,39
12650,96,91,5,5
12651,92,92,0,0
12652,53,50,3,3
12653,66,64,2,2
12654,79,75,4,4
12655,101,112,-11,11
12656,78,94,-16,16
12657,88,93,-5,5
12658,136,127,9,9
12659,142,139,3,3
12660,73,64,9,9
12661,97,85,12,12
12662,80,75,5,5
12663,51,55,-4,4
12664,69,80,-11,11
12665,52,52,0,0
12666,57,58,-1,1
12667,100,113,-13,13
12668,147,142,5,5
12669,129,127,2,2
12670,92,100,-8,8
12671,107,91,16,16
12672,99,104,-5,5
12673,89,90,-1,1
12674,58,58,0,0
12675,103,87,16,16
12676,33,41,-8,8
12677,103,91,12,12
12678,88,85,3,3
12679,81,81,0,0
12680,53,54,-1,1
12681,70,79,-9,9
12682,32,36,-4,4
12683,88,83,5,5
12684,99,115,-16,16
12685,110,107,3,3
12686,78,78,0,0
12687,99,96,3,3
12688,46,49,-3,3
12689,136,118,18,18
12690,75,71,4,4
12691,117,98,19,19
12692,93,82,11,11
12693,132,131,1,1
12694,70,72,-2,2
12695,69,73,-4,4
12696,49,36,13,13
12697,71,66,5,5
12698,118,115,3,3
12699,97,95,2,2
12700,76,84,-8,8
12701,195,151,44,44
12702,128,123,5,5
12703,66,58,8,8
12704,120,117,3,3
12705,73,75,-2,2
12706,62,69,-7,7
12707,104,87,17,17
12708,94,99,-5,5
12709,94,84,10,10
12710,110,97,13,13
12711,96,88,8,8
12712,107,101,6,6
12713,77,83,-6,6
12714,91,98,-7,7
12715,63,60,3,3
12716,128,113,15,15
12717,77,75,2,2
12718,67,75,-8,8
12719,124,112,12,12
12720,94,87,7,7
12721,64,65,-1,1
12722,74,76,-2,2
12723,88,84,4,4
12724,70,73,-3,3
12725,78,76,2,2
12726,66,76,-10,10
12727,104,106,-2,2
12728,134,139,-5,5
12729,92,85,7,7
12730,74,69,5,5
12731,93,86,7,7
12732,98,93,5,5
12733,100,86,14,14
12734,87,86,1,1
12735,101,93,8,8
12736,49,50,-1,1
12737,121,114,7,7
12738,84,94,-10,10
12739,158,154,4,4
12740,115,104,11,11
12741,125,114,11,11
12742,53,50,3,3
12743,80,84,-4,4
12744,68,67,1,1
12745,103,97,6,6
12746,107,106,1,1
12747,77,88,-11,11
12748,100,105,-5,5
12749,120,124,-4,4
12750,91,87,4,4
12751,77,62,15,15
12752,132,121,11,11
12753,131,123,8,8
12754,43,64,-21,21
12755,45,46,-1,1
12756,124,115,9,9
12757,86,79,7,7
12758,107,100,7,7
12759,82,85,-3,3
12760,204,187,17,17
12761,107,100,7,7
12762,120,124,-4,4
12763,140,133,7,7
12764,153,138,15,15
12765,83,86,-3,3
12766,47,45,2,2
12767,91,81,10,10
12768,68,55,13,13
12769,56,55,1,1
12770,77,82,-5,5
12771,37,47,-10,10
12772,117,108,9,9
12773,85,82,3,3
12774,101,97,4,4
12775,67,76,-9,9
12776,118,127,-9,9
12777,56,68,-12,12
12778,68,68,0,0
12779,65,62,3,3
12780,105,99,6,6
12781,102,107,-5,5
12782,116,105,11,11
12783,69,68,1,1
12784,79,76,3,3
12785,105,101,4,4
12786,101,80,21,21
12787,106,91,15,15
12788,89,82,7,7
12789,77,78,-1,1
12790,116,117,-1,1
12791,111,102,9,9
12792,91,78,13,13
12793,74,73,1,1
12794,96,94,2,2
12795,119,126,-7,7
12796,124,118,6,6
12797,83,77,6,6
12798,59,67,-8,8
12799,87,80,7,7
12800,55,57,-2,2
12801,121,119,2,2
12802,94,91,3,3
12803,90,85,5,5
12804,181,171,10,10
12805,93,84,9,9
12806,72,72,0,0
12807,92,93,-1,1
12808,153,143,10,10
12809,55,57,-2,2
12810,61,65,-4,4
12811,99,91,8,8
12812,82,83,-1,1
12813,102,91,11,11
12814,148,144,4,4
12815,112,109,3,3
12816,172,173,-1,1
12817,133,129,4,4
12818,97,97,0,0
12819,70,73,-3,3
12820,70,77,-7,7
12821,98,84,14,14
12822,96,105,-9,9
12823,69,69,0,0
12824,90,81,9,9
12825,138,127,11,11
12826,132,126,6,6
12827,153,154,-1,1
12828,86,78,8,8
12829,108,99,9,9
12830,80,86,-6,6
12831,154,136,18,18
12832,116,119,-3,3
12833,103,96,7,7
12834,104,108,-4,4
12835,116,109,7,7
12836,107,96,11,11
12837,96,86,10,10
12838,90,90,0,0
12839,50,59,-9,9
12840,104,101,3,3
12841,72,68,4,4
12842,106,98,8,8
12843,87,84,3,3
12844,124,124,0,0
12845,27,32,-5,5
12846,133,125,8,8
12847,122,108,14,14
12848,124,136,-12,12
12849,89,92,-3,3
12850,97,124,-27,27
12851,84,86,-2,2
12852,140,145,-5,5
12853,136,128,8,8
12854,20,27,-7,7
12855,93,96,-3,3
12856,85,84,1,1
12857,74,76,-2,2
12858,103,92,11,11
12859,75,76,-1,1
12860,46,47,-1,1
12861,84,102,-18,18
12862,75,74,1,1
12863,53,52,1,1
12864,52,79,-27,27
12865,87,86,1,1
12866,109,95,14,14
12867,105,94,11,11
12868,67,70,-3,3
12869,154,134,20,20
12870,84,83,1,1
12871,128,120,8,8
12872,113,119,-6,6
12873,87,77,10,10
12874,101,104,-3,3
12875,96,100,-4,4
12876,39,46,-7,7
12877,133,128,5,5
12878,191,191,0,0
12879,60,63,-3,3
12880,125,118,7,7
12881,75,78,-3,3
12882,40,48,-8,8
12883,103,94,9,9
12884,79,76,3,3
12885,185,180,5,5
12886,124,115,9,9
12887,109,114,-5,5
12888,89,96,-7,7
12889,67,67,0,0
12890,47,45,2,2
12891,76,71,5,5
12892,122,123,-1,1
12893,106,96,10,10
12894,142,124,18,18
12895,96,81,15,15
12896,52,52,0,0
12897,96,93,3,3
12898,117,123,-6,6
12899,69,75,-6,6
12900,89,81,8,8
12901,72,72,0,0
12902,180,170,10,10
12903,94,86,8,8
12904,53,60,-7,7
12905,93,98,-5,5
12906,161,142,19,19
12907,137,132,5,5
12908,129,128,1,1
12909,89,87,2,2
12910,102,96,6,6
12911,159,156,3,3
12912,67,69,-2,2
12913,67,90,-23,23
12914,97,94,3,3
12915,71,69,2,2
12916,153,151,2,2
12917,100,98,2,2
12918,92,98,-6,6
12919,79,85,-6,6
12920,79,80,-1,1
12921,73,70,3,3
12922,133,129,4,4
12923,51,54,-3,3
12924,139,128,11,11
12925,115,122,-7,7
12926,89,86,3,3
12927,124,121,3,3
12928,90,85,5,5
12929,128,125,3,3
12930,131,120,11,11
12931,71,68,3,3
12932,113,105,8,8
12933,127,132,-5,5
12934,61,69,-8,8
12935,113,111,2,2
12936,112,90,22,22
12937,75,74,1,1
12938,125,108,17,17
12939,73,75,-2,2
12940,100,111,-11,11
12941,187,173,14,14
12942,101,96,5,5
12943,103,90,13,13
12944,99,105,-6,6
12945,65,66,-1,1
12946,116,111,5,5
12947,97,110,-13,13
12948,83,85,-2,2
12949,90,102,-12,12
12950,101,101,0,0
12951,97,101,-4,4
12952,107,106,1,1
12953,119,127,-8,8
12954,78,71,7,7
12955,79,79,0,0
12956,74,77,-3,3
12957,150,143,7,7
12958,83,90,-7,7
12959,131,141,-10,10
12960,68,75,-7,7
12961,222,189,33,33
12962,88,83,5,5
12963,109,99,10,10
12964,149,151,-2,2
12965,82,86,-4,4
12966,33,34,-1,1
12967,97,105,-8,8
12968,88,91,-3,3
12969,127,127,0,0
12970,70,73,-3,3
12971,86,84,2,2
12972,63,64,-1,1
12973,101,98,3,3
12974,85,83,2,2
12975,97,84,13,13
12976,68,68,0,0
12977,79,89,-10,10
12978,182,174,8,8
12979,68,73,-5,5
12980,68,69,-1,1
12981,81,76,5,5
12982,118,108,10,10
12983,93,90,3,3
12984,117,100,17,17
12985,144,140,4,4
12986,134,120,14,14
12987,69,68,1,1
12988,133,127,6,6
12989,88,87,1,1
12990,63,56,7,7
12991,116,117,-1,1
12992,113,121,-8,8
12993,103,92,11,11
12994,127,120,7,7
12995,116,116,0,0
12996,114,108,6,6
12997,123,114,9,9
12998,72,67,5,5
12999,107,98,9,9
13000,121,106,15,15
13001,100,88,12,12
13002,87,85,2,2
13003,102,92,10,10
13004,155,162,-7,7
13005,72,79,-7,7
13006,84,82,2,2
13007,86,91,-5,5
13008,115,119,-4,4
13009,100,96,4,4
13010,81,71,10,10
13011,51,56,-5,5
13012,54,54,0,0
13013,86,83,3,3
13014,92,92,0,0
13015,60,66,-6,6
13016,112,110,2,2
13017,92,84,8,8
13018,87,83,4,4
13019,95,93,2,2
13020,80,76,4,4
13021,139,135,4,4
13022,103,97,6,6
13023,120,128,-8,8
13024,75,82,-7,7
13025,51,45,6,6
13026,76,73,3,3
13027,67,76,-9,9
13028,165,153,12,12
13029,84,86,-2,2
13030,83,94,-11,11
13031,61,59,2,2
13032,159,150,9,9
13033,64,77,-13,13
13034,140,137,3,3
13035,65,77,-12,12
13036,68,73,-5,5
13037,67,60,7,7
13038,87,87,0,0
13039,109,109,0,0
13040,116,116,0,0
13041,94,108,-14,14
13042,135,123,12,12
13043,77,73,4,4
13044,55,55,0,0
13045,61,61,0,0
13046,73,75,-2,2
13047,139,119,20,20
13048,106,116,-10,10
13049,78,85,-7,7
13050,74,65,9,9
13051,99,92,7,7
13052,88,90,-2,2
13053,93,85,8,8
13054,69,68,1,1
13055,235,212,23,23
13056,83,84,-1,1
13057,101,89,12,12
13058,66,75,-9,9
13059,58,59,-1,1
13060,119,119,0,0
13061,129,126,3,3
13062,82,80,2,2
13063,168,157,11,11
13064,72,74,-2,2
13065,125,113,12,12
13066,82,76,6,6
13067,97,87,10,10
13068,56,66,-10,10
13069,123,137,-14,14
13070,79,72,7,7
13071,84,79,5,5
13072,112,108,4,4
13073,80,84,-4,4
13074,106,105,1,1
13075,60,64,-4,4
13076,72,75,-3,3
13077,96,101,-5,5
13078,60,51,9,9
13079,117,97,20,20
13080,66,73,-7,7
13081,78,79,-1,1
13082,55,59,-4,4
13083,164,142,22,22
13084,184,173,11,11
13085,78,80,-2,2
13086,61,67,-6,6
13087,109,124,-15,15
13088,101,101,0,0
13089,79,77,2,2
13090,51,52,-1,1
13091,64,63,1,1
13092,62,66,-4,4
13093,144,137,7,7
13094,57,61,-4,4
13095,50,50,0,0
13096,81,76,5,5
13097,99,99,0,0
13098,97,97,0,0
13099,129,116,13,13
13100,104,97,7,7
13101,93,99,-6,6
13102,84,78,6,6
13103,90,90,0,0
13104,112,116,-4,4
13105,69,70,-1,1
13106,69,75,-6,6
13107,107,87,20,20
13108,145,124,21,21
13109,84,74,10,10
13110,51,55,-4,4
13111,100,91,9,9
13112,82,85,-3,3
13113,71,86,-15,15
13114,104,94,10,10
13115,67,77,-10,10
13116,89,89,0,0
13117,61,73,-12,12
13118,74,78,-4,4
13119,101,105,-4,4
13120,67,75,-8,8
13121,72,77,-5,5
13122,70,68,2,2
13123,158,161,-3,3
13124,94,93,1,1
13125,84,79,5,5
13126,120,119,1,1
13127,152,151,1,1
13128,137,128,9,9
13129,82,87,-5,5
13130,116,110,6,6
13131,112,107,5,5
13132,99,88,11,11
13133,150,151,-1,1
13134,66,61,5,5
13135,81,73,8,8
13136,50,52,-2,2
13137,133,131,2,2
13138,65,68,-3,3
13139,65,64,1,1
13140,80,79,1,1
13141,53,44,9,9
13142,108,99,9,9
13143,80,64,16,16
13144,126,130,-4,4
13145,73,78,-5,5
13146,58,55,3,3
13147,80,79,1,1
13148,62,63,-1,1
13149,64,68,-4,4
13150,55,55,0,0
13151,81,79,2,2
13152,97,97,0,0
13153,78,72,6,6
13154,101,95,6,6
13155,72,79,-7,7
13156,112,107,5,5
13157,84,83,1,1
13158,68,75,-7,7
13159,102,105,-3,3
13160,117,126,-9,9
13161,88,83,5,5
13162,127,114,13,13
13163,64,60,4,4
13164,87,86,1,1
13165,80,79,1,1
13166,101,86,15,15
13167,122,116,6,6
13168,67,61,6,6
13169,131,130,1,1
13170,97,91,6,6
13171,135,119,16,16
13172,88,84,4,4
13173,115,125,-10,10
13174,134,122,12,12
13175,116,116,0,0
13176,79,79,0,0
13177,45,45,0,0
13178,100,100,0,0
13179,85,104,-19,19
13180,63,68,-5,5
13181,89,85,4,4
13182,76,78,-2,2
13183,138,124,14,14
13184,123,122,1,1
13185,74,79,-5,5
13186,43,53,-10,10
13187,66,73,-7,7
13188,86,106,-20,20
13189,115,130,-15,15
13190,30,54,-24,24
13191,66,70,-4,4
13192,208,175,33,33
13193,90,84,6,6
13194,71,67,4,4
13195,94,83,11,11
13196,171,166,5,5
13197,55,55,0,0
13198,43,38,5,5
13199,67,70,-3,3
13200,143,120,23,23
13201,98,98,0,0
13202,100,93,7,7
13203,108,102,6,6
13204,91,78,13,13
13205,131,133,-2,2
13206,79,69,10,10
13207,153,154,-1,1
13208,37,40,-3,3
13209,46,41,5,5
13210,241,220,21,21
13211,89,84,5,5
13212,72,68,4,4
13213,100,91,9,9
13214,83,81,2,2
13215,98,101,-3,3
13216,128,122,6,6
13217,162,120,42,42
13218,81,77,4,4
13219,98,94,4,4
13220,70,77,-7,7
13221,182,166,16,16
13222,71,71,0,0
13223,173,172,1,1
13224,54,56,-2,2
13225,66,68,-2,2
13226,85,78,7,7
13227,93,90,3,3
13228,71,110,-39,39
13229,163,160,3,3
13230,86,81,5,5
13231,74,70,4,4
13232,148,145,3,3
13233,112,108,4,4
13234,90,80,10,10
13235,64,62,2,2
13236,78,92,-14,14
13237,115,119,-4,4
13238,105,95,10,10
13239,90,87,3,3
13240,117,110,7,7
13241,103,88,15,15
13242,139,154,-15,15
13243,107,113,-6,6
13244,118,130,-12,12
13245,94,82,12,12
13246,56,53,3,3
13247,97,91,6,6
13248,77,70,7,7
13249,117,95,22,22
13250,125,125,0,0
13251,67,72,-5,5
13252,73,73,0,0
13253,152,139,13,13
13254,73,71,2,2
13255,121,116,5,5
13256,166,165,1,1
13257,90,85,5,5
13258,96,102,-6,6
13259,149,155,-6,6
13260,61,69,-8,8
13261,144,132,12,12
13262,121,120,1,1
13263,131,118,13,13
13264,58,51,7,7
13265,51,56,-5,5
13266,54,69,-15,15
13267,72,73,-1,1
13268,99,103,-4,4
13269,124,112,12,12
13270,105,103,2,2
13271,100,92,8,8
13272,153,151,2,2
13273,76,79,-3,3
13274,120,110,10,10
13275,94,91,3,3
13276,85,80,5,5
13277,84,92,-8,8
13278,53,68,-15,15
13279,106,108,-2,2
13280,108,111,-3,3
13281,140,127,13,13
13282,113,109,4,4
13283,57,71,-14,14
13284,108,106,2,2
13285,123,111,12,12
13286,108,100,8,8
13287,83,79,4,4
13288,99,81,18,18
13289,78,84,-6,6
13290,96,99,-3,3
13291,58,57,1,1
13292,82,78,4,4
13293,148,149,-1,1
13294,86,92,-6,6
13295,81,72,9,9
13296,119,118,1,1
13297,97,102,-5,5
13298,118,117,1,1
13299,92,84,8,8
13300,102,108,-6,6
13301,72,75,-3,3
13302,64,62,2,2
13303,86,85,1,1
13304,57,68,-11,11
13305,102,99,3,3
13306,67,63,4,4
13307,88,95,-7,7
13308,139,120,19,19
13309,61,67,-6,6
13310,77,76,1,1
13311,158,160,-2,2
13312,130,118,12,12
13313,132,133,-1,1
13314,187,177,10,10
13315,79,75,4,4
13316,96,102,-6,6
13317,76,74,2,2
13318,71,70,1,1
13319,78,79,-1,1
13320,209,199,10,10
13321,75,75,0,0
13322,146,129,17,17
13323,100,96,4,4
13324,80,81,-1,1
13325,70,70,0,0
13326,65,69,-4,4
13327,95,102,-7,7
13328,80,79,1,1
13329,69,69,0,0
13330,132,137,-5,5
13331,77,70,7,7
13332,98,89,9,9
13333,94,94,0,0
13334,86,83,3,3
13335,90,81,9,9
13336,75,69,6,6
13337,130,105,25,25
13338,87,91,-4,4
13339,141,125,16,16
13340,161,145,16,16
13341,68,74,-6,6
13342,97,88,9,9
13343,125,116,9,9
13344,36,44,-8,8
13345,115,109,6,6
13346,68,56,12,12
13347,106,99,7,7
13348,96,108,-12,12
13349,82,80,2,2
13350,73,66,7,7
13351,89,79,10,10
13352,75,69,6,6
13353,85,92,-7,7
13354,134,142,-8,8
13355,90,81,9,9
13356,83,83,0,0
13357,129,105,24,24
13358,140,136,4,4
13359,60,60,0,0
13360,82,76,6,6
13361,153,142,11,11
13362,80,86,-6,6
13363,119,118,1,1
13364,108,101,7,7
13365,54,58,-4,4
13366,99,102,-3,3
13367,130,161,-31,31
13368,100,95,5,5
13369,59,56,3,3
13370,84,90,-6,6
13371,117,116,1,1
13372,60,61,-1,1
13373,55,57,-2,2
13374,96,97,-1,1
13375,73,80,-7,7
13376,64,71,-7,7
13377,75,72,3,3
13378,55,54,1,1
13379,90,83,7,7
13380,142,145,-3,3
13381,139,135,4,4
13382,118,109,9,9
13383,120,111,9,9
13384,112,111,1,1
13385,43,46,-3,3
13386,106,105,1,1
13387,187,179,8,8
13388,117,120,-3,3
13389,111,110,1,1
13390,188,183,5,5
13391,156,134,22,22
13392,136,138,-2,2
13393,88,87,1,1
13394,29,32,-3,3
13395,107,91,16,16
13396,113,95,18,18
13397,93,87,6,6
13398,81,80,1,1
13399,22,29,-7,7
13400,69,70,-1,1
13401,168,154,14,14
13402,147,133,14,14
13403,105,113,-8,8
13404,145,130,15,15
13405,58,66,-8,8
13406,60,67,-7,7
13407,150,155,-5,5
13408,70,68,2,2
13409,69,72,-3,3
13410,140,138,2,2
13411,88,79,9,9
13412,120,117,3,3
13413,63,65,-2,2
13414,81,88,-7,7
13415,66,63,3,3
13416,91,82,9,9
13417,131,134,-3,3
13418,126,106,20,20
13419,138,139,-1,1
13420,103,105,-2,2
13421,103,100,3,3
13422,50,66,-16,16
13423,64,73,-9,9
13424,75,79,-4,4
13425,67,66,1,1
13426,97,92,5,5
13427,109,109,0,0
13428,137,129,8,8
13429,71,70,1,1
13430,98,85,13,13
13431,82,97,-15,15
13432,65,68,-3,3
13433,117,102,15,15
13434,148,154,-6,6
13435,190,172,18,18
13436,84,77,7,7
13437,110,105,5,5
13438,138,131,7,7
13439,74,76,-2,2
13440,130,115,15,15
13441,79,77,2,2
13442,92,110,-18,18
13443,137,144,-7,7
13444,104,88,16,16
13445,160,130,30,30
13446,90,87,3,3
13447,101,99,2,2
13448,123,122,1,1
13449,73,73,0,0
13450,66,69,-3,3
13451,124,122,2,2
13452,173,154,19,19
13453,142,127,15,15
13454,32,39,-7,7
13455,104,99,5,5
13456,65,84,-19,19
13457,60,64,-4,4
13458,71,76,-5,5
13459,56,55,1,1
13460,122,121,1,1
13461,135,146,-11,11
13462,162,159,3,3
13463,96,108,-12,12
13464,126,131,-5,5
13465,74,76,-2,2
13466,102,107,-5,5
13467,80,75,5,5
13468,88,81,7,7
13469,92,79,13,13
13470,107,111,-4,4
13471,87,93,-6,6
13472,58,62,-4,4
13473,80,73,7,7
13474,79,70,9,9
13475,114,121,-7,7
13476,78,85,-7,7
13477,75,81,-6,6
13478,168,170,-2,2
13479,114,111,3,3
13480,59,69,-10,10
13481,152,157,-5,5
13482,66,68,-2,2
13483,98,88,10,10
13484,70,75,-5,5
13485,101,90,11,11
13486,130,127,3,3
13487,114,105,9,9
13488,63,69,-6,6
13489,181,170,11,11
13490,86,83,3,3
13491,107,120,-13,13
13492,59,63,-4,4
13493,74,73,1,1
13494,134,132,2,2
13495,199,170,29,29
13496,58,66,-8,8
13497,99,99,0,0
13498,103,107,-4,4
13499,183,163,20,20
13500,96,96,0,0
13501,99,102,-3,3
13502,113,103,10,10
13503,88,78,10,10
13504,88,88,0,0
13505,128,120,8,8
13506,82,88,-6,6
13507,80,76,4,4
13508,53,58,-5,5
13509,47,49,-2,2
13510,102,91,11,11
13511,97,93,4,4
13512,68,68,0,0
13513,125,112,13,13
13514,110,117,-7,7
13515,77,72,5,5
13516,127,116,11,11
13517,87,85,2,2
13518,107,90,17,17
13519,105,110,-5,5
13520,153,125,28,28
13521,61,69,-8,8
13522,33,76,-43,43
13523,146,136,10,10
13524,100,106,-6,6
13525,170,158,12,12
13526,134,121,13,13
13527,78,99,-21,21
13528,73,69,4,4
13529,60,62,-2,2
13530,64,64,0,0
13531,99,94,5,5
13532,80,87,-7,7
13533,65,66,-1,1
13534,67,63,4,4
13535,141,124,17,17
13536,60,69,-9,9
13537,138,143,-5,5
13538,154,152,2,2
13539,58,60,-2,2
13540,114,121,-7,7
13541,132,121,11,11
13542,98,99,-1,1
13543,80,84,-4,4
13544,105,106,-1,1
13545,84,90,-6,6
13546,78,76,2,2
13547,154,144,10,10
13548,67,71,-4,4
13549,95,107,-12,12
13550,125,117,8,8
13551,128,119,9,9
13552,42,46,-4,4
13553,204,191,13,13
13554,98,96,2,2
13555,112,110,2,2
13556,132,125,7,7
13557,139,128,11,11
13558,93,86,7,7
13559,146,137,9,9
13560,56,61,-5,5
13561,65,63,2,2
13562,124,114,10,10
13563,103,105,-2,2
13564,86,79,7,7
13565,60,67,-7,7
13566,98,98,0,0
13567,80,118,-38,38
13568,89,99,-10,10
13569,148,129,19,19
13570,40,43,-3,3
13571,80,85,-5,5
13572,70,79,-9,9
13573,82,72,10,10
13574,133,141,-8,8
13575,75,79,-4,4
13576,75,70,5,5
13577,120,102,18,18
13578,50,58,-8,8
13579,111,122,-11,11
13580,86,85,1,1
13581,115,119,-4,4
13582,63,60,3,3
13583,93,91,2,2
13584,104,92,12,12
13585,153,152,1,1
13586,51,54,-3,3
13587,128,116,12,12
13588,92,86,6,6
13589,51,60,-9,9
13590,84,82,2,2
13591,104,101,3,3
13592,101,90,11,11
13593,83,89,-6,6
13594,69,76,-7,7
13595,96,92,4,4
13596,83,87,-4,4
13597,54,70,-16,16
13598,83,69,14,14
13599,54,51,3,3
13600,61,60,1,1
13601,116,103,13,13
13602,113,101,12,12
13603,76,70,6,6
13604,87,82,5,5
13605,59,57,2,2
13606,141,136,5,5
13607,97,99,-2,2
13608,89,80,9,9
13609,131,128,3,3
13610,71,66,5,5
13611,60,55,5,5
13612,39,49,-10,10
13613,68,79,-11,11
13614,61,64,-3,3
13615,107,103,4,4
13616,95,92,3,3
13617,94,110,-16,16
13618,82,84,-2,2
13619,110,112,-2,2
13620,113,115,-2,2
13621,107,99,8,8
13622,161,141,20,20
13623,180,158,22,22
13624,101,100,1,1
13625,88,82,6,6
13626,87,84,3,3
13627,115,115,0,0
13628,121,115,6,6
13629,139,134,5,5
13630,123,118,5,5
13631,63,63,0,0
13632,122,110,12,12
13633,68,72,-4,4
13634,110,99,11,11
13635,57,80,-23,23
13636,82,77,5,5
13637,95,92,3,3
13638,134,133,1,1
13639,98,86,12,12
13640,128,124,4,4
13641,95,94,1,1
13642,104,126,-22,22
13643,175,163,12,12
13644,109,97,12,12
13645,164,149,15,15
13646,118,111,7,7
13647,70,74,-4,4
13648,54,67,-13,13
13649,145,142,3,3
13650,68,69,-1,1
13651,82,77,5,5
13652,61,62,-1,1
13653,92,91,1,1
13654,89,83,6,6
13655,96,88,8,8
13656,122,114,8,8
13657,79,78,1,1
13658,75,75,0,0
13659,108,105,3,3
13660,43,46,-3,3
13661,67,70,-3,3
13662,75,79,-4,4
13663,67,70,-3,3
13664,88,89,-1,1
13665,55,56,-1,1
13666,96,107,-11,11
13667,60,62,-2,2
13668,125,119,6,6
13669,56,65,-9,9
13670,111,106,5,5
13671,105,117,-12,12
13672,77,99,-22,22
13673,89,90,-1,1
13674,79,79,0,0
13675,107,110,-3,3
13676,124,115,9,9
13677,119,117,2,2
13678,57,81,-24,24
13679,127,124,3,3
13680,64,73,-9,9
13681,96,98,-2,2
13682,89,79,10,10
13683,71,75,-4,4
13684,76,76,0,0
13685,110,110,0,0
13686,120,129,-9,9
13687,98,87,11,11
13688,84,87,-3,3
13689,233,219,14,14
13690,75,70,5,5
13691,107,88,19,19
13692,76,77,-1,1
13693,84,84,0,0
13694,86,82,4,4
13695,103,91,12,12
13696,106,93,13,13
13697,150,127,23,23
13698,73,72,1,1
13699,130,141,-11,11
13700,132,118,14,14
13701,139,133,6,6
13702,115,113,2,2
13703,155,146,9,9
13704,75,82,-7,7
13705,70,75,-5,5
13706,127,115,12,12
13707,65,67,-2,2
13708,100,106,-6,6
13709,170,160,10,10
13710,135,129,6,6
13711,75,74,1,1
13712,164,172,-8,8
13713,125,112,13,13
13714,104,109,-5,5
13715,53,55,-2,2
13716,146,142,4,4
13717,102,84,18,18
13718,70,73,-3,3
13719,54,58,-4,4
13720,108,105,3,3
13721,97,99,-2,2
13722,104,100,4,4
13723,140,138,2,2
13724,94,97,-3,3
13725,62,76,-14,14
13726,105,93,12,12
13727,48,46,2,2
13728,63,67,-4,4
13729,64,56,8,8
13730,51,52,-1,1
13731,63,60,3,3
13732,121,118,3,3
13733,120,116,4,4
13734,86,85,1,1
13735,91,90,1,1
13736,55,63,-8,8
13737,98,98,0,0
13738,69,63,6,6
13739,45,39,6,6
13740,126,137,-11,11
13741,169,165,4,4
13742,95,85,10,10
13743,106,108,-2,2
13744,91,83,8,8
13745,126,117,9,9
13746,67,71,-4,4
13747,55,59,-4,4
13748,74,78,-4,4
13749,87,75,12,12
13750,87,84,3,3
13751,83,72,11,11
13752,114,124,-10,10
13753,125,125,0,0
13754,120,114,6,6
13755,86,80,6,6
13756,66,71,-5,5
13757,106,103,3,3
13758,62,56,6,6
13759,87,106,-19,19
13760,68,63,5,5
13761,77,77,0,0
13762,106,101,5,5
13763,101,95,6,6
13764,93,89,4,4
13765,63,85,-22,22
13766,53,60,-7,7
13767,116,117,-1,1
13768,116,115,1,1
13769,92,119,-27,27
13770,80,82,-2,2
13771,93,90,3,3
13772,129,122,7,7
13773,97,94,3,3
13774,51,58,-7,7
13775,98,86,12,12
13776,80,106,-26,26
13777,74,74,0,0
13778,157,144,13,13
13779,163,164,-1,1
13780,62,66,-4,4
13781,107,105,2,2
13782,107,93,14,14
13783,107,104,3,3
13784,83,80,3,3
13785,117,101,16,16
13786,94,101,-7,7
13787,65,69,-4,4
13788,61,68,-7,7
13789,79,81,-2,2
13790,137,136,1,1
13791,141,130,11,11
13792,95,94,1,1
13793,101,100,1,1
13794,95,94,1,1
13795,142,126,16,16
13796,107,92,15,15
13797,80,76,4,4
13798,91,93,-2,2
13799,71,71,0,0
13800,81,78,3,3
13801,96,89,7,7
13802,151,140,11,11
13803,75,82,-7,7
13804,69,71,-2,2
13805,70,72,-2,2
13806,66,69,-3,3
13807,100,101,-1,1
13808,107,101,6,6
13809,116,110,6,6
13810,59,65,-6,6
13811,90,95,-5,5
13812,60,58,2,2
13813,55,57,-2,2
13814,66,72,-6,6
13815,90,93,-3,3
13816,80,86,-6,6
13817,151,88,63,63
13818,91,87,4,4
13819,59,58,1,1
13820,73,73,0,0
13821,51,59,-8,8
13822,95,94,1,1
13823,92,88,4,4
13824,61,62,-1,1
13825,80,78,2,2
13826,107,119,-12,12
13827,79,79,0,0
13828,167,150,17,17
13829,58,61,-3,3
13830,104,100,4,4
13831,106,118,-12,12
13832,61,58,3,3
13833,111,117,-6,6
13834,97,109,-12,12
13835,101,98,3,3
13836,67,74,-7,7
13837,56,62,-6,6
13838,57,58,-1,1
13839,82,68,14,14
13840,95,94,1,1
13841,69,75,-6,6
13842,58,61,-3,3
13843,105,100,5,5
13844,163,145,18,18
13845,61,67,-6,6
13846,90,76,14,14
13847,220,202,18,18
13848,96,84,12,12
13849,44,48,-4,4
13850,59,61,-2,2
13851,60,64,-4,4
13852,64,68,-4,4
13853,94,92,2,2
13854,151,135,16,16
13855,75,75,0,0
13856,75,76,-1,1
13857,79,71,8,8
13858,70,77,-7,7
13859,107,108,-1,1
13860,145,138,7,7
13861,70,68,2,2
13862,75,68,7,7
13863,141,132,9,9
13864,66,69,-3,3
13865,79,70,9,9
13866,111,100,11,11
13867,112,101,11,11
13868,125,132,-7,7
13869,121,126,-5,5
13870,108,103,5,5
13871,74,81,-7,7
13872,106,113,-7,7
13873,118,121,-3,3
13874,162,145,17,17
13875,142,106,36,36
13876,65,68,-3,3
13877,59,57,2,2
13878,91,81,10,10
13879,75,69,6,6
13880,125,118,7,7
13881,146,134,12,12
13882,84,80,4,4
13883,95,92,3,3
13884,88,79,9,9
13885,95,87,8,8
13886,54,62,-8,8
13887,68,63,5,5
13888,250,252,-2,2
13889,64,66,-2,2
13890,89,82,7,7
13891,63,64,-1,1
13892,47,66,-19,19
13893,113,113,0,0
13894,118,109,9,9
13895,77,75,2,2
13896,175,157,18,18
13897,87,83,4,4
13898,85,83,2,2
13899,107,95,12,12
13900,77,67,10,10
13901,112,119,-7,7
13902,67,69,-2,2
13903,124,135,-11,11
13904,69,71,-2,2
13905,170,165,5,5
13906,91,79,12,12
13907,69,71,-2,2
13908,69,62,7,7
13909,102,101,1,1
13910,87,97,-10,10
13911,61,65,-4,4
13912,140,119,21,21
13913,56,63,-7,7
13914,50,51,-1,1
13915,71,66,5,5
13916,46,55,-9,9
13917,102,102,0,0
13918,72,67,5,5
13919,102,104,-2,2
13920,98,93,5,5
13921,114,116,-2,2
13922,83,84,-1,1
13923,75,78,-3,3
13924,92,82,10,10
13925,107,107,0,0
13926,166,154,12,12
13927,72,76,-4,4
13928,43,56,-13,13
13929,98,86,12,12
13930,141,135,6,6
13931,112,96,16,16
13932,149,142,7,7
13933,17,30,-13,13
13934,63,73,-10,10
13935,127,120,7,7
13936,128,124,4,4
13937,64,70,-6,6
13938,59,62,-3,3
13939,45,58,-13,13
13940,104,101,3,3
13941,82,78,4,4
13942,52,46,6,6
13943,96,84,12,12
13944,108,104,4,4
13945,122,121,1,1
13946,105,102,3,3
13947,72,74,-2,2
13948,75,70,5,5
13949,111,107,4,4
13950,86,80,6,6
13951,121,120,1,1
13952,86,81,5,5
13953,66,63,3,3
13954,93,90,3,3
13955,128,134,-6,6
13956,142,131,11,11
13957,87,75,12,12
13958,84,81,3,3
13959,103,103,0,0
13960,113,102,11,11
13961,136,134,2,2
13962,74,70,4,4
13963,108,121,-13,13
13964,89,92,-3,3
13965,84,82,2,2
13966,98,93,5,5
13967,51,58,-7,7
13968,53,50,3,3
13969,88,84,4,4
13970,96,85,11,11
13971,105,115,-10,10
13972,95,86,9,9
13973,119,104,15,15
13974,79,73,6,6
13975,110,89,21,21
13976,68,67,1,1
13977,98,98,0,0
13978,162,160,2,2
13979,124,124,0,0
13980,54,52,2,2
13981,89,96,-7,7
13982,55,58,-3,3
13983,147,128,19,19
13984,118,107,11,11
13985,28,44,-16,16
13986,115,110,5,5
13987,87,86,1,1
13988,129,122,7,7
13989,100,92,8,8
13990,119,117,2,2
13991,95,95,0,0
13992,130,126,4,4
13993,57,52,5,5
13994,103,92,11,11
13995,100,97,3,3
13996,95,90,5,5
13997,61,61,0,0
13998,59,65,-6,6
13999,126,116,10,10
14000,162,171,-9,9
14001,98,100,-2,2
14002,134,110,24,24
14003,118,115,3,3
14004,57,62,-5,5
14005,84,86,-2,2
14006,84,78,6,6
14007,120,128,-8,8
14008,163,160,3,3
14009,64,68,-4,4
14010,83,76,7,7
14011,69,81,-12,12
14012,135,97,38,38
14013,86,80,6,6
14014,60,52,8,8
14015,77,81,-4,4
14016,92,89,3,3
14017,85,79,6,6
14018,161,152,9,9
14019,126,113,13,13
14020,63,64,-1,1
14021,93,102,-9,9
14022,73,74,-1,1
14023,107,105,2,2
14024,74,77,-3,3
14025,73,68,5,5
14026,108,96,12,12
14027,182,171,11,11
14028,134,121,13,13
14029,67,69,-2,2
14030,91,86,5,5
14031,131,154,-23,23
14032,146,137,9,9
14033,80,78,2,2
14034,139,129,10,10
14035,188,183,5,5
14036,150,138,12,12
14037,74,75,-1,1
14038,115,117,-2,2
14039,87,79,8,8
14040,83,69,14,14
14041,71,71,0,0
14042,95,94,1,1
14043,110,102,8,8
14044,91,87,4,4
14045,108,104,4,4
14046,51,53,-2,2
14047,71,75,-4,4
14048,50,57,-7,7
14049,66,71,-5,5
14050,56,70,-14,14
14051,108,109,-1,1
14052,114,106,8,8
14053,86,75,11,11
14054,88,83,5,5
14055,66,61,5,5
14056,111,111,0,0
14057,53,58,-5,5
14058,94,88,6,6
14059,74,75,-1,1
14060,129,130,-1,1
14061,75,79,-4,4
14062,198,181,17,17
14063,76,72,4,4
14064,94,91,3,3
14065,70,68,2,2
14066,172,150,22,22
14067,61,62,-1,1
14068,80,79,1,1
14069,102,92,10,10
14070,114,115,-1,1
14071,70,72,-2,2
14072,75,81,-6,6
14073,112,104,8,8
14074,44,49,-5,5
14075,145,167,-22,22
14076,68,91,-23,23
14077,148,139,9,9
14078,56,59,-3,3
14079,81,82,-1,1
14080,73,74,-1,1
14081,122,124,-2,2
14082,75,81,-6,6
14083,121,125,-4,4
14084,139,138,1,1
14085,63,63,0,0
14086,125,126,-1,1
14087,85,85,0,0
14088,112,116,-4,4
14089,114,109,5,5
14090,134,124,10,10
14091,98,107,-9,9
14092,75,81,-6,6
14093,135,125,10,10
14094,96,98,-2,2
14095,102,99,3,3
14096,150,150,0,0
14097,186,166,20,20
14098,63,63,0,0
14099,116,105,11,11
14100,83,69,14,14
14101,110,93,17,17
14102,104,98,6,6
14103,71,70,1,1
14104,111,119,-8,8
14105,106,113,-7,7
14106,147,148,-1,1
14107,67,71,-4,4
14108,212,196,16,16
14109,83,87,-4,4
14110,174,148,26,26
14111,113,126,-13,13
14112,68,79,-11,11
14113,159,163,-4,4
14114,52,59,-7,7
14115,123,122,1,1
14116,112,111,1,1
14117,69,77,-8,8
14118,61,65,-4,4
14119,63,65,-2,2
14120,70,72,-2,2
14121,65,73,-8,8
14122,145,150,-5,5
14123,121,124,-3,3
14124,60,55,5,5
14125,187,169,18,18
14126,24,27,-3,3
14127,136,134,2,2
14128,65,76,-11,11
14129,67,67,0,0
14130,189,185,4,4
14131,83,103,-20,20
14132,76,77,-1,1
14133,91,89,2,2
14134,74,85,-11,11
14135,55,65,-10,10
14136,107,99,8,8
14137,160,147,13,13
14138,149,135,14,14
14139,96,87,9,9
14140,88,84,4,4
14141,118,112,6,6
14142,91,87,4,4
14143,92,93,-1,1
14144,74,74,0,0
14145,118,123,-5,5
14146,81,98,-17,17
14147,95,91,4,4
14148,68,72,-4,4
14149,132,117,15,15
14150,49,46,3,3
14151,115,115,0,0
14152,148,144,4,4
14153,109,123,-14,14
14154,104,93,11,11
14155,159,160,-1,1
14156,83,74,9,9
14157,47,46,1,1
14158,92,86,6,6
14159,101,104,-3,3
14160,57,58,-1,1
14161,40,48,-8,8
14162,153,141,12,12
14163,163,138,25,25
14164,66,69,-3,3
14165,90,83,7,7
14166,55,52,3,3
14167,52,62,-10,10
14168,96,94,2,2
14169,115,113,2,2
14170,47,54,-7,7
14171,77,88,-11,11
14172,76,79,-3,3
14173,115,117,-2,2
14174,93,95,-2,2
14175,120,92,28,28
14176,83,97,-14,14
14177,119,114,5,5
14178,40,50,-10,10
14179,47,52,-5,5
14180,55,54,1,1
14181,96,94,2,2
14182,88,89,-1,1
14183,74,84,-10,10
14184,80,84,-4,4
14185,68,65,3,3
14186,144,136,8,8
14187,101,94,7,7
14188,116,115,1,1
14189,63,63,0,0
14190,51,51,0,0
14191,123,113,10,10
14192,145,139,6,6
14193,107,94,13,13
14194,109,107,2,2
14195,115,119,-4,4
14196,59,58,1,1
14197,63,69,-6,6
14198,190,183,7,7
14199,69,67,2,2
14200,77,76,1,1
14201,78,84,-6,6
14202,85,92,-7,7
14203,112,92,20,20
14204,82,83,-1,1
14205,150,145,5,5
14206,72,74,-2,2
14207,105,108,-3,3
14208,80,78,2,2
14209,39,42,-3,3
14210,102,107,-5,5
14211,68,73,-5,5
14212,95,89,6,6
14213,24,28,-4,4
14214,50,52,-2,2
14215,66,58,8,8
14216,69,74,-5,5
14217,120,112,8,8
14218,140,123,17,17
14219,69,75,-6,6
14220,187,146,41,41
14221,107,102,5,5
14222,67,68,-1,1
14223,126,128,-2,2
14224,112,123,-11,11
14225,93,102,-9,9
14226,89,90,-1,1
14227,93,100,-7,7
14228,48,48,0,0
14229,153,147,6,6
14230,67,66,1,1
14231,48,53,-5,5
14232,58,68,-10,10
14233,179,164,15,15
14234,91,88,3,3
14235,123,122,1,1
14236,70,73,-3,3
14237,32,40,-8,8
14238,96,82,14,14
14239,53,57,-4,4
14240,99,101,-2,2
14241,133,119,14,14
14242,77,84,-7,7
14243,47,61,-14,14
14244,55,56,-1,1
14245,85,78,7,7
14246,135,129,6,6
14247,103,99,4,4
14248,62,73,-11,11
14249,73,73,0,0
14250,117,127,-10,10
14251,112,107,5,5
14252,34,34,0,0
14253,46,49,-3,3
14254,68,68,0,0
14255,42,38,4,4
14256,88,104,-16,16
14257,88,85,3,3
14258,78,81,-3,3
14259,74,79,-5,5
14260,145,135,10,10
14261,144,138,6,6
14262,146,147,-1,1
14263,50,55,-5,5
14264,134,117,17,17
14265,81,76,5,5
14266,81,74,7,7
14267,64,68,-4,4
14268,134,129,5,5
14269,177,174,3,3
14270,115,103,12,12
14271,105,105,0,0
14272,142,135,7,7
14273,104,103,1,1
14274,74,81,-7,7
14275,177,158,19,19
14276,47,51,-4,4
14277,127,129,-2,2
14278,186,167,19,19
14279,81,90,-9,9
14280,78,76,2,2
14281,155,138,17,17
14282,170,131,39,39
14283,97,91,6,6
14284,94,87,7,7
14285,77,79,-2,2
14286,83,87,-4,4
14287,109,107,2,2
14288,92,91,1,1
14289,93,90,3,3
14290,63,84,-21,21
14291,85,85,0,0
14292,92,100,-8,8
14293,68,57,11,11
14294,111,116,-5,5
14295,181,172,9,9
14296,57,58,-1,1
14297,93,99,-6,6
14298,68,75,-7,7
14299,95,100,-5,5
14300,123,107,16,16
14301,58,63,-5,5
14302,159,141,18,18
14303,97,83,14,14
14304,82,82,0,0
14305,70,67,3,3
14306,87,74,13,13
14307,63,67,-4,4
14308,138,131,7,7
14309,124,124,0,0
14310,90,85,5,5
14311,72,68,4,4
14312,82,88,-6,6
14313,102,120,-18,18
14314,149,130,19,19
14315,127,119,8,8
14316,127,103,24,24
14317,80,78,2,2
14318,79,70,9,9
14319,126,129,-3,3
14320,160,151,9,9
14321,88,86,2,2
14322,57,47,10,10
14323,117,116,1,1
14324,88,81,7,7
14325,117,116,1,1
14326,108,104,4,4
14327,122,131,-9,9
14328,126,114,12,12
14329,137,133,4,4
14330,119,102,17,17
14331,94,95,-1,1
14332,89,71,18,18
14333,65,62,3,3
14334,80,76,4,4
14335,73,74,-1,1
14336,137,121,16,16
14337,112,110,2,2
14338,93,94,-1,1
14339,121,104,17,17
14340,94,96,-2,2
14341,74,76,-2,2
14342,126,121,5,5
14343,102,90,12,12
14344,61,60,1,1
14345,107,109,-2,2
14346,187,172,15,15
14347,129,121,8,8
14348,96,100,-4,4
14349,85,76,9,9
14350,89,89,0,0
14351,65,58,7,7
14352,67,71,-4,4
14353,95,88,7,7
14354,90,80,10,10
14355,70,83,-13,13
14356,51,59,-8,8
14357,67,73,-6,6
14358,105,89,16,16
14359,72,87,-15,15
14360,73,68,5,5
14361,90,87,3,3
14362,60,55,5,5
14363,125,121,4,4
14364,128,117,11,11
14365,114,109,5,5
14366,80,65,15,15
14367,130,114,16,16
14368,170,185,-15,15
14369,163,159,4,4
14370,121,106,15,15
14371,65,68,-3,3
14372,110,106,4,4
14373,86,83,3,3
14374,136,133,3,3
14375,95,92,3,3
14376,82,79,3,3
14377,117,109,8,8
14378,122,121,1,1
14379,61,62,-1,1
14380,49,53,-4,4
14381,188,168,20,20
14382,61,67,-6,6
14383,164,161,3,3
14384,64,69,-5,5
14385,100,93,7,7
14386,75,73,2,2
14387,90,83,7,7
14388,83,76,7,7
14389,74,80,-6,6
14390,88,84,4,4
14391,110,99,11,11
14392,104,100,4,4
14393,61,70,-9,9
14394,80,84,-4,4
14395,121,111,10,10
14396,72,71,1,1
14397,80,79,1,1
14398,38,38,0,0
14399,136,116,20,20
14400,85,87,-2,2
14401,86,84,2,2
14402,129,123,6,6
14403,58,62,-4,4
14404,73,78,-5,5
14405,135,133,2,2
14406,106,116,-10,10
14407,53,56,-3,3
14408,54,62,-8,8
14409,62,77,-15,15
14410,91,95,-4,4
14411,61,62,-1,1
14412,56,65,-9,9
14413,53,55,-2,2
14414,67,68,-1,1
14415,81,83,-2,2
14416,77,81,-4,4
14417,92,91,1,1
14418,181,168,13,13
14419,68,73,-5,5
14420,73,74,-1,1
14421,102,92,10,10
14422,85,83,2,2
14423,78,78,0,0
14424,85,78,7,7
14425,86,89,-3,3
14426,61,59,2,2
14427,60,62,-2,2
14428,70,78,-8,8
14429,63,69,-6,6
14430,141,149,-8,8
14431,82,77,5,5
14432,125,115,10,10
14433,25,28,-3,3
14434,124,116,8,8
14435,42,46,-4,4
14436,123,127,-4,4
14437,50,61,-11,11
14438,94,100,-6,6
14439,175,162,13,13
14440,119,120,-1,1
14441,97,99,-2,2
14442,112,108,4,4
14443,105,103,2,2
14444,85,81,4,4
14445,117,121,-4,4
14446,140,134,6,6
14447,117,104,13,13
14448,45,43,2,2
14449,73,77,-4,4
14450,71,81,-10,10
14451,41,41,0,0
14452,134,124,10,10
14453,102,102,0,0
14454,69,71,-2,2
14455,98,100,-2,2
14456,113,104,9,9
14457,90,89,1,1
14458,67,68,-1,1
14459,83,85,-2,2
14460,64,68,-4,4
14461,192,162,30,30
14462,93,81,12,12
14463,111,109,2,2
14464,122,125,-3,3
14465,89,97,-8,8
14466,77,97,-20,20
14467,66,67,-1,1
14468,57,58,-1,1
14469,84,83,1,1
14470,90,90,0,0
14471,103,100,3,3
14472,144,138,6,6
14473,120,109,11,11
14474,105,99,6,6
14475,121,120,1,1
14476,51,97,-46,46
14477,91,84,7,7
14478,73,81,-8,8
14479,60,64,-4,4
14480,50,51,-1,1
14481,94,103,-9,9
14482,107,95,12,12
14483,62,57,5,5
14484,77,76,1,1
14485,109,103,6,6
14486,113,105,8,8
14487,95,98,-3,3
14488,153,160,-7,7
14489,146,129,17,17
14490,75,76,-1,1
14491,97,98,-1,1
14492,96,98,-2,2
14493,112,126,-14,14
14494,93,102,-9,9
14495,88,88,0,0
14496,143,127,16,16
14497,131,128,3,3
14498,92,91,1,1
14499,77,74,3,3
14500,94,87,7,7
14501,60,73,-13,13
14502,70,71,-1,1
14503,73,71,2,2
14504,115,108,7,7
14505,111,112,-1,1
14506,41,43,-2,2
14507,49,50,-1,1
14508,141,139,2,2
14509,85,77,8,8
14510,89,85,4,4
14511,84,73,11,11
14512,102,99,3,3
14513,100,100,0,0
14514,72,72,0,0
14515,99,92,7,7
14516,68,66,2,2
14517,63,58,5,5
14518,156,164,-8,8
14519,113,105,8,8
14520,109,100,9,9
14521,141,133,8,8
14522,173,164,9,9
14523,95,101,-6,6
14524,89,94,-5,5
14525,103,98,5,5
14526,71,73,-2,2
14527,81,77,4,4
14528,93,90,3,3
14529,138,148,-10,10
14530,94,80,14,14
14531,168,148,20,20
14532,56,61,-5,5
14533,70,65,5,5
14534,143,121,22,22
14535,115,115,0,0
14536,78,73,5,5
14537,71,67,4,4
14538,61,60,1,1
14539,174,166,8,8
14540,136,135,1,1
14541,137,141,-4,4
14542,64,60,4,4
14543,98,93,5,5
14544,61,67,-6,6
14545,79,76,3,3
14546,58,60,-2,2
14547,88,85,3,3
14548,83,81,2,2
14549,58,64,-6,6
14550,113,101,12,12
14551,65,61,4,4
14552,98,96,2,2
14553,98,89,9,9
14554,119,104,15,15
14555,81,83,-2,2
14556,107,107,0,0
14557,69,66,3,3
14558,102,103,-1,1
14559,64,68,-4,4
14560,92,99,-7,7
14561,91,77,14,14
14562,76,69,7,7
14563,120,114,6,6
14564,131,127,4,4
14565,73,65,8,8
14566,113,99,14,14
14567,46,53,-7,7
14568,31,27,4,4
14569,86,96,-10,10
14570,124,129,-5,5
14571,69,67,2,2
14572,103,97,6,6
14573,78,83,-5,5
14574,85,77,8,8
14575,43,40,3,3
14576,102,102,0,0
14577,64,73,-9,9
14578,112,120,-8,8
14579,104,100,4,4
14580,116,116,0,0
14581,72,72,0,0
14582,86,94,-8,8
14583,45,47,-2,2
14584,90,93,-3,3
14585,204,190,14,14
14586,38,45,-7,7
14587,95,78,17,17
14588,102,109,-7,7
14589,193,184,9,9
14590,130,117,13,13
14591,47,49,-2,2
14592,132,130,2,2
14593,176,146,30,30
14594,67,70,-3,3
14595,100,104,-4,4
14596,73,65,8,8
14597,44,52,-8,8
14598,65,69,-4,4
14599,34,40,-6,6
14600,56,69,-13,13
14601,87,85,2,2
14602,87,105,-18,18
14603,44,55,-11,11
14604,115,104,11,11
14605,82,79,3,3
14606,134,138,-4,4
14607,161,152,9,9
14608,61,58,3,3
14609,150,142,8,8
14610,106,101,5,5
14611,68,69,-1,1
14612,106,93,13,13
14613,96,92,4,4
14614,142,147,-5,5
14615,74,66,8,8
14616,47,52,-5,5
14617,130,129,1,1
14618,121,121,0,0
14619,104,102,2,2
14620,79,78,1,1
14621,85,78,7,7
14622,92,88,4,4
14623,52,95,-43,43
14624,144,159,-15,15
14625,92,81,11,11
14626,58,52,6,6
14627,116,122,-6,6
14628,71,77,-6,6
14629,65,61,4,4
14630,86,76,10,10
14631,51,57,-6,6
14632,51,56,-5,5
14633,169,161,8,8
14634,117,122,-5,5
14635,94,91,3,3
14636,77,76,1,1
14637,61,64,-3,3
14638,64,64,0,0
14639,38,47,-9,9
14640,54,53,1,1
14641,70,73,-3,3
14642,77,79,-2,2
14643,127,115,12,12
14644,58,62,-4,4
14645,84,82,2,2
14646,89,92,-3,3
14647,52,51,1,1
14648,73,74,-1,1
14649,64,73,-9,9
14650,53,63,-10,10
14651,112,103,9,9
14652,92,93,-1,1
14653,90,82,8,8
14654,72,73,-1,1
14655,99,103,-4,4
14656,84,78,6,6
14657,90,89,1,1
14658,135,137,-2,2
14659,91,83,8,8
14660,81,85,-4,4
14661,119,111,8,8
14662,70,72,-2,2
14663,62,64,-2,2
14664,80,80,0,0
14665,69,65,4,4
14666,107,117,-10,10
14667,145,134,11,11
14668,137,126,11,11
14669,94,95,-1,1
14670,158,139,19,19
14671,174,174,0,0
14672,100,102,-2,2
14673,141,130,11,11
14674,131,124,7,7
14675,168,160,8,8
14676,98,92,6,6
14677,116,122,-6,6
14678,101,95,6,6
14679,89,105,-16,16
14680,119,114,5,5
14681,139,135,4,4
14682,25,23,2,2
14683,106,105,1,1
14684,161,159,2,2
14685,123,117,6,6
14686,87,82,5,5
14687,58,63,-5,5
14688,62,67,-5,5
14689,89,83,6,6
14690,81,80,1,1
14691,70,64,6,6
14692,78,74,4,4
14693,163,157,6,6
14694,46,71,-25,25
14695,57,56,1,1
14696,108,104,4,4
14697,148,114,34,34
14698,74,75,-1,1
14699,54,62,-8,8
14700,64,75,-11,11
14701,162,140,22,22
14702,124,113,11,11
14703,75,78,-3,3
14704,76,74,2,2
14705,81,88,-7,7
14706,56,62,-6,6
14707,90,86,4,4
14708,70,75,-5,5
14709,66,80,-14,14
14710,75,76,-1,1
14711,95,111,-16,16
14712,123,123,0,0
14713,125,122,3,3
14714,44,47,-3,3
14715,141,137,4,4
14716,53,57,-4,4
14717,97,96,1,1
14718,100,97,3,3
14719,78,96,-18,18
14720,199,184,15,15
14721,124,116,8,8
14722,56,72,-16,16
14723,62,58,4,4
14724,109,102,7,7
14725,149,130,19,19
14726,101,102,-1,1
14727,129,120,9,9
14728,138,120,18,18
14729,118,120,-2,2
14730,151,145,6,6
14731,58,55,3,3
14732,148,145,3,3
14733,89,88,1,1
14734,93,94,-1,1
14735,111,101,10,10
14736,131,126,5,5
14737,106,108,-2,2
14738,123,119,4,4
14739,119,138,-19,19
14740,106,107,-1,1
14741,121,115,6,6
14742,74,64,10,10
14743,94,98,-4,4
14744,83,74,9,9
14745,159,146,13,13
14746,126,115,11,11
14747,71,71,0,0
14748,52,49,3,3
14749,139,143,-4,4
14750,98,89,9,9
14751,94,88,6,6
14752,58,53,5,5
14753,126,126,0,0
14754,65,66,-1,1
14755,98,83,15,15
14756,170,160,10,10
14757,71,78,-7,7
14758,63,71,-8,8
14759,74,78,-4,4
14760,119,111,8,8
14761,73,83,-10,10
14762,88,84,4,4
14763,96,98,-2,2
14764,125,125,0,0
14765,119,120,-1,1
14766,88,83,5,5
14767,98,91,7,7
14768,103,116,-13,13
14769,95,88,7,7
14770,80,80,0,0
14771,88,85,3,3
14772,50,55,-5,5
14773,81,76,5,5
14774,72,66,6,6
14775,56,51,5,5
14776,54,59,-5,5
14777,70,77,-7,7
14778,92,87,5,5
14779,79,78,1,1
14780,64,69,-5,5
14781,121,121,0,0
14782,55,56,-1,1
14783,110,107,3,3
14784,142,134,8,8
14785,160,152,8,8
14786,61,60,1,1
14787,59,60,-1,1
14788,102,105,-3,3
14789,95,87,8,8
14790,62,68,-6,6
14791,142,141,1,1
14792,91,76,15,15
14793,114,107,7,7
14794,54,51,3,3
14795,93,98,-5,5
14796,96,90,6,6
14797,75,71,4,4
14798,95,88,7,7
14799,59,62,-3,3
14800,87,74,13,13
14801,121,105,16,16
14802,85,86,-1,1
14803,74,75,-1,1
14804,94,94,0,0
14805,117,120,-3,3
14806,136,133,3,3
14807,51,51,0,0
14808,143,134,9,9
14809,110,106,4,4
14810,112,104,8,8
14811,59,58,1,1
14812,69,67,2,2
14813,92,86,6,6
14814,92,96,-4,4
14815,125,114,11,11
14816,93,83,10,10
14817,94,83,11,11
14818,183,165,18,18
14819,158,159,-1,1
14820,126,122,4,4
14821,201,181,20,20
14822,96,83,13,13
14823,69,85,-16,16
14824,112,124,-12,12
14825,60,68,-8,8
14826,81,75,6,6
14827,229,215,14,14
14828,81,75,6,6
14829,49,58,-9,9
14830,98,87,11,11
14831,104,102,2,2
14832,117,106,11,11
14833,91,90,1,1
14834,96,84,12,12
14835,82,78,4,4
14836,193,166,27,27
14837,75,78,-3,3
14838,101,100,1,1
14839,128,112,16,16
14840,103,101,2,2
14841,84,78,6,6
14842,162,146,16,16
14843,117,116,1,1
14844,104,124,-20,20
14845,85,82,3,3
14846,90,88,2,2
14847,67,69,-2,2
14848,91,78,13,13
14849,152,147,5,5
14850,60,59,1,1
14851,107,103,4,4
14852,114,129,-15,15
14853,95,95,0,0
14854,85,84,1,1
14855,72,106,-34,34
14856,66,80,-14,14
14857,81,85,-4,4
14858,112,105,7,7
14859,39,43,-4,4
14860,125,137,-12,12
14861,67,67,0,0
14862,103,93,10,10
14863,44,58,-14,14
14864,52,51,1,1
14865,58,62,-4,4
14866,105,107,-2,2
14867,55,68,-13,13
14868,107,125,-18,18
14869,102,114,-12,12
14870,61,75,-14,14
14871,129,126,3,3
14872,72,71,1,1
14873,144,139,5,5
14874,67,72,-5,5
14875,131,120,11,11
14876,59,64,-5,5
14877,142,134,8,8
14878,80,80,0,0
14879,95,85,10,10
14880,62,68,-6,6
14881,99,101,-2,2
14882,69,78,-9,9
14883,36,42,-6,6
14884,53,57,-4,4
14885,174,153,21,21
14886,120,117,3,3
14887,60,71,-11,11
14888,44,39,5,5
14889,104,106,-2,2
14890,70,66,4,4
14891,80,74,6,6
14892,72,68,4,4
14893,114,123,-9,9
14894,110,107,3,3
14895,69,62,7,7
14896,108,102,6,6
14897,136,129,7,7
14898,62,67,-5,5
14899,170,169,1,1
14900,109,99,10,10
14901,85,85,0,0
14902,93,81,12,12
14903,117,113,4,4
14904,102,83,19,19
14905,123,116,7,7
14906,91,103,-12,12
14907,65,68,-3,3
14908,52,53,-1,1
14909,139,122,17,17
14910,88,87,1,1
14911,67,80,-13,13
14912,143,140,3,3
14913,153,154,-1,1
14914,65,67,-2,2
14915,84,83,1,1
14916,101,110,-9,9
14917,90,114,-24,24
14918,75,74,1,1
14919,95,89,6,6
14920,197,172,25,25
14921,60,62,-2,2
14922,152,148,4,4
14923,69,67,2,2
14924,79,79,0,0
14925,63,67,-4,4
14926,114,110,4,4
14927,94,84,10,10
14928,107,99,8,8
14929,94,91,3,3
14930,68,69,-1,1
14931,95,92,3,3
14932,123,114,9,9
14933,81,79,2,2
14934,141,123,18,18
14935,78,78,0,0
14936,100,105,-5,5
14937,120,116,4,4
14938,36,36,0,0
14939,81,83,-2,2
14940,118,99,19,19
14941,122,124,-2,2
14942,80,74,6,6
14943,130,119,11,11
14944,44,42,2,2
14945,170,169,1,1
14946,74,97,-23,23
14947,66,71,-5,5
14948,192,178,14,14
14949,84,84,0,0
14950,116,137,-21,21
14951,81,79,2,2
14952,43,42,1,1
14953,69,71,-2,2
14954,63,63,0,0
14955,94,89,5,5
14956,84,80,4,4
14957,56,55,1,1
14958,106,113,-7,7
14959,152,127,25,25
14960,92,86,6,6
14961,68,69,-1,1
14962,87,91,-4,4
14963,88,99,-11,11
14964,78,79,-1,1
14965,64,74,-10,10
14966,147,139,8,8
14967,57,56,1,1
14968,81,83,-2,2
14969,59,64,-5,5
14970,70,69,1,1
14971,87,92,-5,5
14972,90,79,11,11
14973,87,76,11,11
14974,49,52,-3,3
14975,160,135,25,25
14976,131,117,14,14
14977,83,83,0,0
14978,44,48,-4,4
14979,44,52,-8,8
14980,52,61,-9,9
14981,102,106,-4,4
14982,69,73,-4,4
14983,99,91,8,8
14984,81,87,-6,6
14985,91,98,-7,7
14986,87,82,5,5
14987,57,55,2,2
14988,82,85,-3,3
14989,56,59,-3,3
14990,76,76,0,0
14991,79,80,-1,1
14992,78,73,5,5
14993,121,106,15,15
14994,119,100,19,19
14995,68,74,-6,6
14996,146,137,9,9
14997,106,87,19,19
14998,132,117,15,15
14999,47,52,-5,5
15000,70,69,1,1
15001,114,97,17,17
15002,71,68,3,3
15003,85,97,-12,12
15004,132,121,11,11
15005,33,30,3,3
15006,16,34,-18,18
15007,68,70,-2,2
15008,62,65,-3,3
15009,84,87,-3,3
15010,50,55,-5,5
15011,91,91,0,0
15012,116,111,5,5
15013,97,88,9,9
15014,126,128,-2,2
15015,102,105,-3,3
15016,111,98,13,13
15017,113,106,7,7
15018,149,132,17,17
15019,87,79,8,8
15020,120,106,14,14
15021,124,124,0,0
15022,145,127,18,18
15023,78,76,2,2
15024,158,155,3,3
15025,47,57,-10,10
15026,228,202,26,26
15027,86,91,-5,5
15028,97,95,2,2
15029,105,98,7,7
15030,59,65,-6,6
15031,134,108,26,26
15032,122,122,0,0
15033,116,129,-13,13
15034,72,83,-11,11
15035,95,105,-10,10
15036,48,48,0,0
15037,71,69,2,2
15038,164,166,-2,2
15039,80,78,2,2
15040,96,85,11,11
15041,133,120,13,13
15042,121,126,-5,5
15043,122,123,-1,1
15044,99,87,12,12
15045,96,85,11,11
15046,41,50,-9,9
15047,157,136,21,21
15048,104,83,21,21
15049,65,73,-8,8
15050,103,109,-6,6
15051,118,114,4,4
15052,99,94,5,5
15053,126,112,14,14
15054,106,102,4,4
15055,55,48,7,7
15056,75,73,2,2
15057,69,75,-6,6
15058,107,106,1,1
15059,122,120,2,2
15060,63,67,-4,4
15061,107,102,5,5
15062,96,113,-17,17
15063,62,75,-13,13
15064,72,71,1,1
15065,152,141,11,11
15066,65,69,-4,4
15067,78,76,2,2
15068,115,112,3,3
15069,113,101,12,12
15070,113,96,17,17
15071,105,100,5,5
15072,116,115,1,1
15073,158,151,7,7
15074,57,62,-5,5
15075,141,140,1,1
15076,82,78,4,4
15077,106,105,1,1
15078,96,85,11,11
15079,104,100,4,4
15080,98,88,10,10
15081,83,93,-10,10
15082,138,128,10,10
15083,148,140,8,8
15084,71,69,2,2
15085,90,97,-7,7
15086,134,121,13,13
15087,129,132,-3,3
15088,127,125,2,2
15089,77,75,2,2
15090,69,75,-6,6
15091,102,100,2,2
15092,69,72,-3,3
15093,65,65,0,0
15094,102,110,-8,8
15095,56,71,-15,15
15096,123,113,10,10
15097,73,68,5,5
15098,61,74,-13,13
15099,102,115,-13,13
15100,98,98,0,0
15101,80,77,3,3
15102,85,85,0,0
15103,61,62,-1,1
15104,127,124,3,3
15105,68,67,1,1
15106,127,131,-4,4
15107,71,70,1,1
15108,71,56,15,15
15109,149,139,10,10
15110,91,85,6,6
15111,98,102,-4,4
15112,51,58,-7,7
15113,90,83,7,7
15114,105,114,-9,9
15115,84,83,1,1
15116,98,92,6,6
15117,188,194,-6,6
15118,57,57,0,0
15119,135,110,25,25
15120,107,99,8,8
15121,166,156,10,10
15122,102,93,9,9
15123,162,153,9,9
15124,74,69,5,5
15125,81,82,-1,1
15126,58,59,-1,1
15127,93,76,17,17
15128,67,63,4,4
15129,136,142,-6,6
15130,122,122,0,0
15131,114,119,-5,5
15132,66,62,4,4
15133,121,109,12,12
15134,82,86,-4,4
15135,110,103,7,7
15136,63,68,-5,5
15137,108,103,5,5
15138,77,73,4,4
15139,86,81,5,5
15140,74,69,5,5
15141,101,106,-5,5
15142,114,120,-6,6
15143,105,97,8,8
15144,106,104,2,2
15145,83,77,6,6
15146,169,164,5,5
15147,71,72,-1,1
15148,87,89,-2,2
15149,67,69,-2,2
15150,86,110,-24,24
15151,244,228,16,16
15152,96,85,11,11
15153,136,133,3,3
15154,64,64,0,0
15155,131,142,-11,11
15156,142,145,-3,3
15157,63,76,-13,13
15158,56,62,-6,6
15159,65,64,1,1
15160,116,104,12,12
15161,57,55,2,2
15162,109,116,-7,7
15163,114,123,-9,9
15164,68,65,3,3
15165,114,110,4,4
15166,64,82,-18,18
15167,112,119,-7,7
15168,47,57,-10,10
15169,66,63,3,3
15170,81,85,-4,4
15171,127,128,-1,1
15172,109,107,2,2
15173,72,69,3,3
15174,94,94,0,0
15175,46,52,-6,6
15176,113,88,25,25
15177,70,73,-3,3
15178,80,83,-3,3
15179,64,68,-4,4
15180,113,104,9,9
15181,56,66,-10,10
15182,112,103,9,9
15183,50,61,-11,11
15184,101,93,8,8
15185,173,167,6,6
15186,57,52,5,5
15187,104,96,8,8
15188,90,82,8,8
15189,76,74,2,2
15190,94,89,5,5
15191,105,122,-17,17
15192,121,118,3,3
15193,126,130,-4,4
15194,127,109,18,18
15195,116,116,0,0
15196,88,84,4,4
15197,62,73,-11,11
15198,190,186,4,4
15199,91,122,-31,31
15200,68,74,-6,6
15201,102,93,9,9
15202,150,119,31,31
15203,85,86,-1,1
15204,45,48,-3,3
15205,106,108,-2,2
15206,64,62,2,2
15207,152,152,0,0
15208,124,125,-1,1
15209,77,80,-3,3
15210,80,85,-5,5
15211,68,61,7,7
15212,131,132,-1,1
15213,141,129,12,12
15214,138,122,16,16
15215,139,150,-11,11
15216,54,61,-7,7
15217,81,82,-1,1
15218,131,136,-5,5
15219,105,102,3,3
15220,88,77,11,11
15221,97,96,1,1
15222,132,126,6,6
15223,80,83,-3,3
15224,83,82,1,1
15225,56,63,-7,7
15226,68,78,-10,10
15227,88,82,6,6
15228,101,102,-1,1
15229,123,116,7,7
15230,123,131,-8,8
15231,56,75,-19,19
15232,139,138,1,1
15233,102,103,-1,1
15234,53,54,-1,1
15235,145,139,6,6
15236,94,96,-2,2
15237,126,121,5,5
15238,92,81,11,11
15239,82,78,4,4
15240,74,81,-7,7
15241,165,133,32,32
15242,99,103,-4,4
15243,139,143,-4,4
15244,84,72,12,12
15245,85,83,2,2
15246,63,67,-4,4
15247,174,150,24,24
15248,127,108,19,19
15249,93,102,-9,9
15250,106,102,4,4
15251,108,133,-25,25
15252,93,89,4,4
15253,98,81,17,17
15254,91,86,5,5
15255,68,69,-1,1
15256,98,96,2,2
15257,264,234,30,30
15258,105,89,16,16
15259,71,76,-5,5
15260,57,51,6,6
15261,99,96,3,3
15262,87,79,8,8
15263,109,107,2,2
15264,132,131,1,1
15265,66,74,-8,8
15266,99,99,0,0
15267,70,66,4,4
15268,111,106,5,5
15269,124,119,5,5
15270,53,62,-9,9
15271,113,102,11,11
15272,69,61,8,8
15273,69,76,-7,7
15274,80,77,3,3
15275,87,85,2,2
15276,117,106,11,11
15277,105,93,12,12
15278,64,56,8,8
15279,41,46,-5,5
15280,60,61,-1,1
15281,93,93,0,0
15282,74,68,6,6
15283,100,93,7,7
15284,75,71,4,4
15285,117,103,14,14
15286,129,130,-1,1
15287,145,139,6,6
15288,102,104,-2,2
15289,147,146,1,1
15290,55,60,-5,5
15291,91,82,9,9
15292,46,54,-8,8
15293,211,176,35,35
15294,125,130,-5,5
15295,76,76,0,0
15296,84,81,3,3
15297,104,102,2,2
15298,62,68,-6,6
15299,77,80,-3,3
15300,100,91,9,9
15301,83,86,-3,3
15302,90,88,2,2
15303,181,163,18,18
15304,132,146,-14,14
15305,88,83,5,5
15306,85,84,1,1
15307,69,73,-4,4
15308,59,59,0,0
15309,42,33,9,9
15310,138,127,11,11
15311,75,70,5,5
15312,116,120,-4,4
15313,76,86,-10,10
15314,85,83,2,2
15315,60,65,-5,5
15316,101,99,2,2
15317,117,122,-5,5
15318,73,80,-7,7
15319,65,78,-13,13
15320,136,137,-1,1
15321,40,46,-6,6
15322,61,62,-1,1
15323,138,133,5,5
15324,55,62,-7,7
15325,87,78,9,9
15326,60,57,3,3
15327,42,36,6,6
15328,184,188,-4,4
15329,136,137,-1,1
15330,46,56,-10,10
15331,157,120,37,37
15332,99,101,-2,2
15333,64,60,4,4
15334,95,92,3,3
15335,138,135,3,3
15336,63,68,-5,5
15337,72,66,6,6
15338,52,58,-6,6
15339,90,80,10,10
15340,78,83,-5,5
15341,97,99,-2,2
15342,118,110,8,8
15343,89,87,2,2
15344,55,60,-5,5
15345,109,102,7,7
15346,64,72,-8,8
15347,103,94,9,9
15348,96,93,3,3
15349,101,96,5,5
15350,130,124,6,6
15351,67,79,-12,12
15352,65,68,-3,3
15353,80,78,2,2
15354,90,84,6,6
15355,86,78,8,8
15356,62,61,1,1
15357,162,156,6,6
15358,107,111,-4,4
15359,42,42,0,0
15360,104,103,1,1
15361,125,121,4,4
15362,93,96,-3,3
15363,163,178,-15,15
15364,42,56,-14,14
15365,127,120,7,7
15366,94,101,-7,7
15367,88,85,3,3
15368,147,139,8,8
15369,155,147,8,8
15370,107,95,12,12
15371,65,65,0,0
15372,94,108,-14,14
15373,77,82,-5,5
15374,128,126,2,2
15375,70,74,-4,4
15376,51,60,-9,9
15377,101,105,-4,4
15378,108,91,17,17
15379,169,157,12,12
15380,56,61,-5,5
15381,114,102,12,12
15382,129,137,-8,8
15383,98,93,5,5
15384,62,73,-11,11
15385,52,54,-2,2
15386,125,118,7,7
15387,123,114,9,9
15388,107,104,3,3
15389,100,100,0,0
15390,153,167,-14,14
15391,81,85,-4,4
15392,82,88,-6,6
15393,97,98,-1,1
15394,28,32,-4,4
15395,123,125,-2,2
15396,66,77,-11,11
15397,91,87,4,4
15398,95,89,6,6
15399,66,72,-6,6
15400,105,107,-2,2
15401,64,65,-1,1
15402,106,102,4,4
15403,136,123,13,13
15404,87,85,2,2
15405,71,67,4,4
15406,116,119,-3,3
15407,88,91,-3,3
15408,53,59,-6,6
15409,126,114,12,12
15410,144,128,16,16
15411,74,78,-4,4
15412,63,67,-4,4
15413,72,73,-1,1
15414,73,65,8,8
15415,76,79,-3,3
15416,88,82,6,6
15417,78,79,-1,1
15418,103,100,3,3
15419,76,69,7,7
15420,41,81,-40,40
15421,231,204,27,27
15422,134,133,1,1
15423,126,107,19,19
15424,138,127,11,11
15425,103,110,-7,7
15426,90,93,-3,3
15427,73,71,2,2
15428,63,74,-11,11
15429,81,84,-3,3
15430,120,102,18,18
15431,92,95,-3,3
15432,100,101,-1,1
15433,51,57,-6,6
15434,116,120,-4,4
15435,97,94,3,3
15436,87,71,16,16
15437,138,125,13,13
15438,52,62,-10,10
15439,36,40,-4,4
15440,167,168,-1,1
15441,80,89,-9,9
15442,117,115,2,2
15443,91,81,10,10
15444,163,151,12,12
15445,112,124,-12,12
15446,75,80,-5,5
15447,119,113,6,6
15448,61,66,-5,5
15449,71,67,4,4
15450,117,118,-1,1
15451,115,128,-13,13
15452,99,102,-3,3
15453,125,122,3,3
15454,100,100,0,0
15455,153,133,20,20
15456,146,148,-2,2
15457,157,143,14,14
15458,104,104,0,0
15459,130,120,10,10
15460,137,142,-5,5
15461,105,113,-8,8
15462,101,88,13,13
15463,110,115,-5,5
15464,97,86,11,11
15465,87,84,3,3
15466,107,106,1,1
15467,87,85,2,2
15468,90,79,11,11
15469,90,85,5,5
15470,118,117,1,1
15471,57,66,-9,9
15472,108,115,-7,7
15473,51,58,-7,7
15474,56,80,-24,24
15475,53,69,-16,16
15476,55,63,-8,8
15477,68,78,-10,10
15478,61,67,-6,6
15479,142,140,2,2
15480,83,81,2,2
15481,56,64,-8,8
15482,60,69,-9,9
15483,59,65,-6,6
15484,119,116,3,3
15485,60,67,-7,7
15486,60,65,-5,5
15487,106,101,5,5
15488,78,78,0,0
15489,83,78,5,5
15490,63,67,-4,4
15491,147,139,8,8
15492,182,169,13,13
15493,129,125,4,4
15494,97,101,-4,4
15495,115,110,5,5
15496,105,111,-6,6
15497,102,108,-6,6
15498,127,129,-2,2
15499,157,147,10,10
15500,84,80,4,4
15501,152,138,14,14
15502,74,77,-3,3
15503,79,77,2,2
15504,123,126,-3,3
15505,135,138,-3,3
15506,82,82,0,0
15507,111,111,0,0
15508,62,84,-22,22
15509,59,67,-8,8
15510,77,85,-8,8
15511,63,70,-7,7
15512,81,82,-1,1
15513,56,54,2,2
15514,69,74,-5,5
15515,65,72,-7,7
15516,82,79,3,3
15517,91,89,2,2
15518,190,161,29,29
15519,185,174,11,11
15520,131,121,10,10
15521,65,64,1,1
15522,158,146,12,12
15523,144,152,-8,8
15524,73,81,-8,8
15525,80,83,-3,3
15526,152,140,12,12
15527,62,69,-7,7
15528,64,69,-5,5
15529,65,72,-7,7
15530,146,135,11,11
15531,124,119,5,5
15532,108,99,9,9
15533,131,122,9,9
15534,107,111,-4,4
15535,104,102,2,2
15536,78,74,4,4
15537,115,120,-5,5
15538,159,149,10,10
15539,103,108,-5,5
15540,101,103,-2,2
15541,63,62,1,1
15542,160,156,4,4
15543,61,67,-6,6
15544,60,61,-1,1
15545,130,133,-3,3
15546,96,96,0,0
15547,84,83,1,1
15548,93,89,4,4
15549,110,110,0,0
15550,66,65,1,1
15551,77,71,6,6
15552,103,102,1,1
15553,78,80,-2,2
15554,147,138,9,9
15555,87,88,-1,1
15556,84,77,7,7
15557,83,76,7,7
15558,69,68,1,1
15559,180,172,8,8
15560,140,136,4,4
15561,57,60,-3,3
15562,120,117,3,3
15563,62,65,-3,3
15564,79,76,3,3
15565,127,126,1,1
15566,64,70,-6,6
15567,81,72,9,9
15568,100,99,1,1
15569,118,116,2,2
15570,85,72,13,13
15571,77,83,-6,6
15572,104,97,7,7
15573,72,68,4,4
15574,101,98,3,3
15575,95,99,-4,4
15576,98,93,5,5
15577,62,61,1,1
15578,98,88,10,10
15579,113,124,-11,11
15580,62,63,-1,1
15581,52,65,-13,13
15582,112,103,9,9
15583,80,80,0,0
15584,106,116,-10,10
15585,63,67,-4,4
15586,49,61,-12,12
15587,72,76,-4,4
15588,117,102,15,15
15589,116,109,7,7
15590,94,86,8,8
15591,95,93,2,2
15592,83,93,-10,10
15593,119,118,1,1
15594,106,106,0,0
15595,92,80,12,12
15596,70,76,-6,6
15597,133,127,6,6
15598,64,63,1,1
15599,169,159,10,10
15600,93,85,8,8
15601,102,102,0,0
15602,87,81,6,6
15603,71,74,-3,3
15604,62,68,-6,6
15605,59,53,6,6
15606,85,82,3,3
15607,72,72,0,0
15608,50,52,-2,2
15609,92,86,6,6
15610,127,121,6,6
15611,57,56,1,1
15612,107,102,5,5
15613,65,61,4,4
15614,82,82,0,0
15615,81,85,-4,4
15616,98,96,2,2
15617,82,76,6,6
15618,110,130,-20,20
15619,166,160,6,6
15620,107,102,5,5
15621,50,58,-8,8
15622,148,134,14,14
15623,70,72,-2,2
15624,100,87,13,13
15625,108,105,3,3
15626,113,115,-2,2
15627,53,63,-10,10
15628,126,124,2,2
15629,72,72,0,0
15630,197,179,18,18
15631,47,46,1,1
15632,89,82,7,7
15633,143,128,15,15
15634,119,117,2,2
15635,76,79,-3,3
15636,73,80,-7,7
15637,68,75,-7,7
15638,111,105,6,6
15639,121,106,15,15
15640,92,98,-6,6
15641,113,106,7,7
15642,98,99,-1,1
15643,152,158,-6,6
15644,80,80,0,0
15645,82,78,4,4
15646,128,118,10,10
15647,49,57,-8,8
15648,128,128,0,0
15649,63,65,-2,2
15650,52,56,-4,4
15651,89,85,4,4
15652,68,61,7,7
15653,109,105,4,4
15654,83,81,2,2
15655,97,97,0,0
15656,73,75,-2,2
15657,75,71,4,4
15658,127,119,8,8
15659,52,78,-26,26
15660,69,59,10,10
15661,152,145,7,7
15662,87,84,3,3
15663,130,112,18,18
15664,72,80,-8,8
15665,114,117,-3,3
15666,75,78,-3,3
15667,136,123,13,13
15668,77,75,2,2
15669,88,83,5,5
15670,64,73,-9,9
15671,90,78,12,12
15672,174,175,-1,1
15673,57,66,-9,9
15674,56,65,-9,9
15675,78,76,2,2
15676,81,76,5,5
15677,67,63,4,4
15678,123,111,12,12
15679,146,140,6,6
15680,123,124,-1,1
15681,98,101,-3,3
15682,61,69,-8,8
15683,109,111,-2,2
15684,76,80,-4,4
15685,121,120,1,1
15686,81,81,0,0
15687,38,56,-18,18
15688,70,72,-2,2
15689,83,75,8,8
15690,100,98,2,2
15691,79,84,-5,5
15692,98,105,-7,7
15693,79,74,5,5
15694,196,179,17,17
15695,137,136,1,1
15696,67,69,-2,2
15697,87,87,0,0
15698,79,79,0,0
15699,84,88,-4,4
15700,104,116,-12,12
15701,105,111,-6,6
15702,113,103,10,10
15703,54,52,2,2
15704,77,75,2,2
15705,124,122,2,2
15706,103,97,6,6
15707,175,157,18,18
15708,67,61,6,6
15709,86,84,2,2
15710,65,71,-6,6
15711,74,71,3,3
15712,85,61,24,24
15713,77,74,3,3
15714,94,89,5,5
15715,163,141,22,22
15716,107,105,2,2
15717,126,123,3,3
15718,97,89,8,8
15719,80,77,3,3
15720,150,154,-4,4
15721,67,74,-7,7
15722,120,103,17,17
15723,86,93,-7,7
15724,80,77,3,3
15725,79,76,3,3
15726,98,92,6,6
15727,100,103,-3,3
15728,105,106,-1,1
15729,140,156,-16,16
15730,110,100,10,10
15731,101,90,11,11
15732,50,52,-2,2
15733,132,125,7,7
15734,160,159,1,1
15735,119,107,12,12
15736,94,86,8,8
15737,83,79,4,4
15738,92,86,6,6
15739,76,65,11,11
15740,103,101,2,2
15741,93,95,-2,2
15742,67,73,-6,6
15743,104,115,-11,11
15744,123,120,3,3
15745,90,79,11,11
15746,75,79,-4,4
15747,120,116,4,4
15748,66,63,3,3
15749,106,106,0,0
15750,120,114,6,6
15751,98,83,15,15
15752,105,108,-3,3
15753,97,99,-2,2
15754,101,94,7,7
15755,80,80,0,0
15756,87,82,5,5
15757,68,65,3,3
15758,160,146,14,14
15759,77,79,-2,2
15760,65,70,-5,5
15761,90,89,1,1
15762,34,37,-3,3
15763,90,96,-6,6
15764,83,73,10,10
15765,47,46,1,1
15766,47,68,-21,21
15767,106,113,-7,7
15768,63,68,-5,5
15769,96,98,-2,2
15770,108,118,-10,10
15771,85,82,3,3
15772,157,142,15,15
15773,90,72,18,18
15774,116,121,-5,5
15775,132,129,3,3
15776,123,118,5,5
15777,118,116,2,2
15778,45,56,-11,11
15779,60,61,-1,1
15780,179,160,19,19
15781,111,110,1,1
15782,118,121,-3,3
15783,87,94,-7,7
15784,51,60,-9,9
15785,37,45,-8,8
15786,91,87,4,4
15787,69,72,-3,3
15788,130,115,15,15
15789,102,109,-7,7
15790,93,100,-7,7
15791,129,123,6,6
15792,54,53,1,1
15793,70,71,-1,1
15794,125,112,13,13
15795,59,65,-6,6
15796,46,38,8,8
15797,64,70,-6,6
15798,113,99,14,14
15799,110,93,17,17
15800,46,54,-8,8
15801,134,142,-8,8
15802,71,82,-11,11
15803,143,144,-1,1
15804,63,66,-3,3
15805,120,119,1,1
15806,86,77,9,9
15807,74,79,-5,5
15808,118,122,-4,4
15809,61,67,-6,6
15810,65,64,1,1
15811,136,122,14,14
15812,85,87,-2,2
15813,105,87,18,18
15814,146,140,6,6
15815,98,105,-7,7
15816,30,44,-14,14
15817,76,75,1,1
15818,148,138,10,10
15819,126,111,15,15
15820,121,116,5,5
15821,173,128,45,45
15822,68,83,-15,15
15823,100,103,-3,3
15824,109,113,-4,4
15825,73,78,-5,5
15826,97,94,3,3
15827,92,85,7,7
15828,97,91,6,6
15829,88,96,-8,8
15830,159,144,15,15
15831,104,102,2,2
15832,65,67,-2,2
15833,84,78,6,6
15834,82,80,2,2
15835,100,108,-8,8
15836,105,102,3,3
15837,70,78,-8,8
15838,77,71,6,6
15839,111,109,2,2
15840,96,85,11,11
15841,98,105,-7,7
15842,89,87,2,2
15843,62,68,-6,6
15844,144,129,15,15
15845,134,127,7,7
15846,96,94,2,2
15847,64,76,-12,12
15848,74,73,1,1
15849,113,105,8,8
15850,125,137,-12,12
15851,122,112,10,10
15852,66,74,-8,8
15853,46,52,-6,6
15854,115,115,0,0
15855,59,68,-9,9
15856,76,72,4,4
15857,97,91,6,6
15858,125,124,1,1
15859,138,105,33,33
15860,24,30,-6,6
15861,34,36,-2,2
15862,77,75,2,2
15863,112,121,-9,9
15864,123,121,2,2
15865,88,85,3,3
15866,130,122,8,8
15867,108,105,3,3
15868,52,52,0,0
15869,112,118,-6,6
15870,41,39,2,2
15871,68,78,-10,10
15872,111,108,3,3
15873,97,103,-6,6
15874,73,73,0,0
15875,75,73,2,2
15876,79,90,-11,11
15877,62,69,-7,7
15878,75,89,-14,14
15879,128,124,4,4
15880,113,115,-2,2
15881,49,46,3,3
15882,65,59,6,6
15883,64,66,-2,2
15884,97,107,-10,10
15885,117,104,13,13
15886,62,62,0,0
15887,75,92,-17,17
15888,80,83,-3,3
15889,63,70,-7,7
15890,50,60,-10,10
15891,112,110,2,2
15892,129,127,2,2
15893,78,75,3,3
15894,102,102,0,0
15895,101,89,12,12
15896,67,71,-4,4
15897,49,51,-2,2
15898,184,168,16,16
15899,81,79,2,2
15900,70,71,-1,1
15901,95,86,9,9
15902,111,103,8,8
15903,141,133,8,8
15904,105,113,-8,8
15905,54,47,7,7
15906,78,76,2,2
15907,155,140,15,15
15908,134,125,9,9
15909,88,78,10,10
15910,66,75,-9,9
15911,64,70,-6,6
15912,60,72,-12,12
15913,94,88,6,6
15914,103,88,15,15
15915,146,141,5,5
15916,74,82,-8,8
15917,73,67,6,6
15918,62,68,-6,6
15919,103,102,1,1
15920,126,119,7,7
15921,96,85,11,11
15922,160,146,14,14
15923,118,115,3,3
15924,128,116,12,12
15925,191,180,11,11
15926,123,115,8,8
15927,107,106,1,1
15928,55,55,0,0
15929,47,36,11,11
15930,55,52,3,3
15931,58,59,-1,1
15932,107,106,1,1
15933,76,74,2,2
15934,96,82,14,14
15935,57,55,2,2
15936,110,117,-7,7
15937,79,75,4,4
15938,65,73,-8,8
15939,123,112,11,11
15940,61,52,9,9
15941,65,75,-10,10
15942,113,105,8,8
15943,49,48,1,1
15944,82,89,-7,7
15945,98,99,-1,1
15946,75,78,-3,3
15947,112,118,-6,6
15948,113,104,9,9
15949,94,91,3,3
15950,58,48,10,10
15951,64,68,-4,4
15952,105,110,-5,5
15953,101,100,1,1
15954,68,71,-3,3
15955,101,91,10,10
15956,52,51,1,1
15957,70,69,1,1
15958,97,129,-32,32
15959,117,106,11,11
15960,68,70,-2,2
15961,127,110,17,17
15962,69,76,-7,7
15963,90,95,-5,5
15964,40,43,-3,3
15965,114,105,9,9
15966,98,96,2,2
15967,66,70,-4,4
15968,67,79,-12,12
15969,190,188,2,2
15970,104,99,5,5
15971,74,79,-5,5
15972,69,54,15,15
15973,86,90,-4,4
15974,102,92,10,10
15975,122,116,6,6
15976,142,130,12,12
15977,103,86,17,17
15978,164,151,13,13
15979,110,123,-13,13
15980,64,65,-1,1
15981,74,71,3,3
15982,61,60,1,1
15983,63,68,-5,5
15984,100,85,15,15
15985,107,109,-2,2
15986,102,97,5,5
15987,31,41,-10,10
15988,147,134,13,13
15989,60,65,-5,5
15990,86,81,5,5
15991,114,122,-8,8
15992,103,116,-13,13
15993,75,75,0,0
15994,95,103,-8,8
15995,87,77,10,10
15996,99,83,16,16
15997,114,115,-1,1
15998,76,80,-4,4
15999,120,122,-2,2
16000,90,80,10,10
16001,64,59,5,5
16002,113,107,6,6
16003,66,64,2,2
16004,123,108,15,15
16005,132,119,13,13
16006,124,105,19,19
16007,56,58,-2,2
16008,125,130,-5,5
16009,101,100,1,1
16010,89,94,-5,5
16011,57,68,-11,11
16012,98,87,11,11
16013,101,99,2,2
16014,82,85,-3,3
16015,128,134,-6,6
16016,56,58,-2,2
16017,162,161,1,1
16018,84,89,-5,5
16019,79,76,3,3
16020,53,58,-5,5
16021,55,63,-8,8
16022,62,61,1,1
16023,73,77,-4,4
16024,42,47,-5,5
16025,127,136,-9,9
16026,52,58,-6,6
16027,121,123,-2,2
16028,75,82,-7,7
16029,89,83,6,6
16030,64,64,0,0
16031,36,33,3,3
16032,89,81,8,8
16033,72,66,6,6
16034,148,145,3,3
16035,106,101,5,5
16036,158,162,-4,4
16037,131,122,9,9
16038,130,129,1,1
16039,77,73,4,4
16040,136,127,9,9
16041,102,102,0,0
16042,86,84,2,2
16043,89,83,6,6
16044,101,89,12,12
16045,99,98,1,1
16046,100,91,9,9
16047,69,73,-4,4
16048,92,83,9,9
16049,69,75,-6,6
16050,128,121,7,7
16051,151,143,8,8
16052,39,35,4,4
16053,44,53,-9,9
16054,74,83,-9,9
16055,82,76,6,6
16056,140,129,11,11
16057,120,107,13,13
16058,79,65,14,14
16059,89,88,1,1
16060,158,187,-29,29
16061,105,125,-20,20
16062,113,115,-2,2
16063,58,57,1,1
16064,95,91,4,4
16065,82,86,-4,4
16066,140,129,11,11
16067,66,72,-6,6
16068,94,90,4,4
16069,116,119,-3,3
16070,70,78,-8,8
16071,90,86,4,4
16072,73,81,-8,8
16073,62,102,-40,40
16074,55,58,-3,3
16075,87,92,-5,5
16076,97,97,0,0
16077,75,73,2,2
16078,113,110,3,3
16079,148,128,20,20
16080,144,167,-23,23
16081,64,58,6,6
16082,117,103,14,14
16083,89,85,4,4
16084,106,101,5,5
16085,130,113,17,17
16086,91,100,-9,9
16087,52,54,-2,2
16088,54,62,-8,8
16089,117,102,15,15
16090,127,133,-6,6
16091,104,85,19,19
16092,122,114,8,8
16093,67,66,1,1
16094,73,76,-3,3
16095,84,82,2,2
16096,63,64,-1,1
16097,199,192,7,7
16098,138,153,-15,15
16099,85,82,3,3
16100,112,115,-3,3
16101,100,102,-2,2
16102,184,191,-7,7
16103,90,86,4,4
16104,55,55,0,0
16105,142,133,9,9
16106,124,124,0,0
16107,83,94,-11,11
16108,79,85,-6,6
16109,52,70,-18,18
16110,92,93,-1,1
16111,71,72,-1,1
16112,47,43,4,4
16113,83,86,-3,3
16114,68,70,-2,2
16115,65,71,-6,6
16116,99,94,5,5
16117,114,120,-6,6
16118,98,100,-2,2
16119,84,103,-19,19
16120,181,159,22,22
16121,51,52,-1,1
16122,95,80,15,15
16123,77,78,-1,1
16124,70,75,-5,5
16125,103,100,3,3
16126,106,100,6,6
16127,70,78,-8,8
16128,92,88,4,4
16129,104,124,-20,20
16130,49,60,-11,11
16131,62,72,-10,10
16132,52,54,-2,2
16133,88,83,5,5
16134,84,75,9,9
16135,80,82,-2,2
16136,55,60,-5,5
16137,84,78,6,6
16138,158,137,21,21
16139,76,71,5,5
16140,58,65,-7,7
16141,94,86,8,8
16142,44,42,2,2
16143,96,91,5,5
16144,134,124,10,10
16145,124,119,5,5
16146,137,136,1,1
16147,139,130,9,9
16148,40,40,0,0
16149,64,68,-4,4
16150,100,98,2,2
16151,90,89,1,1
16152,88,86,2,2
16153,80,79,1,1
16154,67,65,2,2
16155,96,91,5,5
16156,74,66,8,8
16157,80,72,8,8
16158,54,63,-9,9
16159,133,129,4,4
16160,71,68,3,3
16161,151,140,11,11
16162,150,145,5,5
16163,107,109,-2,2
16164,104,104,0,0
16165,96,91,5,5
16166,164,157,7,7
16167,61,75,-14,14
16168,95,92,3,3
16169,120,117,3,3
16170,107,110,-3,3
16171,116,106,10,10
16172,89,85,4,4
16173,42,41,1,1
16174,74,75,-1,1
16175,100,105,-5,5
16176,66,62,4,4
16177,105,105,0,0
16178,108,92,16,16
16179,144,143,1,1
16180,118,123,-5,5
16181,82,78,4,4
16182,164,149,15,15
16183,125,127,-2,2
16184,68,74,-6,6
16185,102,102,0,0
16186,109,116,-7,7
16187,111,95,16,16
16188,115,103,12,12
16189,58,55,3,3
16190,109,99,10,10
16191,90,94,-4,4
16192,99,93,6,6
16193,124,135,-11,11
16194,147,119,28,28
16195,67,68,-1,1
16196,89,88,1,1
16197,77,71,6,6
16198,106,127,-21,21
16199,78,79,-1,1
16200,58,72,-14,14
16201,119,110,9,9
16202,74,78,-4,4
16203,80,80,0,0
16204,143,133,10,10
16205,160,141,19,19
16206,117,109,8,8
16207,79,73,6,6
16208,103,103,0,0
16209,88,75,13,13
16210,74,78,-4,4
16211,96,98,-2,2
16212,94,113,-19,19
16213,66,66,0,0
16214,43,53,-10,10
16215,137,130,7,7
16216,89,83,6,6
16217,95,100,-5,5
16218,172,176,-4,4
16219,37,43,-6,6
16220,75,75,0,0
16221,112,110,2,2
16222,98,102,-4,4
16223,137,131,6,6
16224,122,114,8,8
16225,55,52,3,3
16226,65,63,2,2
16227,105,104,1,1
16228,67,71,-4,4
16229,115,105,10,10
16230,35,47,-12,12
16231,95,88,7,7
16232,62,57,5,5
16233,60,59,1,1
16234,142,129,13,13
16235,74,84,-10,10
16236,100,93,7,7
16237,179,109,70,70
16238,173,154,19,19
16239,161,158,3,3
16240,76,77,-1,1
16241,79,87,-8,8
16242,116,103,13,13
16243,58,63,-5,5
16244,83,81,2,2
16245,48,54,-6,6
16246,74,74,0,0
16247,57,66,-9,9
16248,84,79,5,5
16249,114,103,11,11
16250,72,63,9,9
16251,96,101,-5,5
16252,113,139,-26,26
16253,105,98,7,7
16254,149,134,15,15
16255,62,65,-3,3
16256,72,64,8,8
16257,77,76,1,1
16258,152,145,7,7
16259,94,85,9,9
16260,115,109,6,6
16261,56,52,4,4
16262,65,68,-3,3
16263,111,103,8,8
16264,73,78,-5,5
16265,75,74,1,1
16266,90,103,-13,13
16267,121,127,-6,6
16268,111,103,8,8
16269,179,166,13,13
16270,136,136,0,0
16271,111,117,-6,6
16272,35,66,-31,31
16273,90,93,-3,3
16274,58,56,2,2
16275,172,158,14,14
16276,77,75,2,2
16277,81,74,7,7
16278,31,35,-4,4
16279,87,91,-4,4
16280,63,78,-15,15
16281,114,103,11,11
16282,96,94,2,2
16283,83,79,4,4
16284,117,120,-3,3
16285,121,103,18,18
16286,89,88,1,1
16287,106,107,-1,1
16288,108,101,7,7
16289,121,116,5,5
16290,160,146,14,14
16291,110,106,4,4
16292,87,77,10,10
16293,107,105,2,2
16294,117,119,-2,2
16295,74,76,-2,2
16296,96,93,3,3
16297,133,125,8,8
16298,81,90,-9,9
16299,81,81,0,0
16300,76,77,-1,1
16301,57,65,-8,8
16302,131,135,-4,4
16303,91,80,11,11
16304,39,46,-7,7
16305,119,109,10,10
16306,138,128,10,10
16307,105,110,-5,5
16308,77,84,-7,7
16309,132,131,1,1
16310,58,66,-8,8
16311,42,44,-2,2
16312,67,67,0,0
16313,54,53,1,1
16314,74,72,2,2
16315,95,93,2,2
16316,73,67,6,6
16317,75,81,-6,6
16318,58,62,-4,4
16319,112,103,9,9
16320,114,103,11,11
16321,118,122,-4,4
16322,63,65,-2,2
16323,59,71,-12,12
16324,56,56,0,0
16325,66,66,0,0
16326,64,69,-5,5
16327,100,88,12,12
16328,97,98,-1,1
16329,155,142,13,13
16330,93,81,12,12
16331,123,122,1,1
16332,89,87,2,2
16333,76,81,-5,5
16334,178,178,0,0
16335,67,62,5,5
16336,112,102,10,10
16337,105,103,2,2
16338,95,85,10,10
16339,81,82,-1,1
16340,67,76,-9,9
16341,79,78,1,1
16342,117,120,-3,3
16343,72,77,-5,5
16344,103,103,0,0
16345,109,103,6,6
16346,59,63,-4,4
16347,101,97,4,4
16348,112,110,2,2
16349,158,146,12,12
16350,119,119,0,0
16351,92,84,8,8
16352,38,42,-4,4
16353,66,73,-7,7
16354,69,86,-17,17
16355,51,61,-10,10
16356,200,164,36,36
16357,93,86,7,7
16358,97,95,2,2
16359,171,138,33,33
16360,65,76,-11,11
16361,102,95,7,7
16362,72,70,2,2
16363,55,58,-3,3
16364,118,98,20,20
16365,86,79,7,7
16366,135,123,12,12
16367,78,72,6,6
16368,115,118,-3,3
16369,140,145,-5,5
16370,61,67,-6,6
16371,48,57,-9,9
16372,78,76,2,2
16373,195,192,3,3
16374,48,58,-10,10
16375,71,70,1,1
16376,126,121,5,5
16377,207,187,20,20
16378,111,97,14,14
16379,75,85,-10,10
16380,106,103,3,3
16381,84,80,4,4
16382,140,134,6,6
16383,77,95,-18,18
16384,88,85,3,3
16385,63,61,2,2
16386,146,133,13,13
16387,43,47,-4,4
16388,87,84,3,3
16389,63,59,4,4
16390,92,102,-10,10
16391,64,71,-7,7
16392,107,95,12,12
16393,114,107,7,7
16394,76,69,7,7
16395,108,118,-10,10
16396,61,59,2,2
16397,157,152,5,5
16398,161,145,16,16
16399,81,78,3,3
16400,42,46,-4,4
16401,120,96,24,24
16402,118,103,15,15
16403,99,98,1,1
16404,78,73,5,5
16405,39,40,-1,1
16406,62,63,-1,1
16407,93,84,9,9
16408,51,58,-7,7
16409,63,83,-20,20
16410,131,139,-8,8
16411,117,100,17,17
16412,96,83,13,13
16413,158,155,3,3
16414,88,86,2,2
16415,77,82,-5,5
16416,84,83,1,1
16417,123,119,4,4
16418,84,80,4,4
16419,122,121,1,1
16420,88,86,2,2
16421,73,67,6,6
16422,198,183,15,15
16423,87,77,10,10
16424,76,82,-6,6
16425,85,85,0,0
16426,86,92,-6,6
16427,161,166,-5,5
16428,132,108,24,24
16429,65,55,10,10
16430,65,60,5,5
16431,155,146,9,9
16432,94,98,-4,4
16433,91,83,8,8
16434,94,104,-10,10
16435,132,128,4,4
16436,74,73,1,1
16437,134,129,5,5
16438,186,181,5,5
16439,117,110,7,7
16440,128,125,3,3
16441,49,53,-4,4
16442,52,57,-5,5
16443,54,49,5,5
16444,49,58,-9,9
16445,61,67,-6,6
16446,87,83,4,4
16447,121,128,-7,7
16448,110,108,2,2
16449,29,32,-3,3
16450,75,73,2,2
16451,119,122,-3,3
16452,100,91,9,9
16453,73,94,-21,21
16454,71,76,-5,5
16455,61,85,-24,24
16456,91,105,-14,14
16457,68,80,-12,12
16458,79,78,1,1
16459,141,149,-8,8
16460,89,88,1,1
16461,132,127,5,5
16462,110,108,2,2
16463,70,72,-2,2
16464,49,52,-3,3
16465,99,101,-2,2
16466,60,58,2,2
16467,94,91,3,3
16468,89,84,5,5
16469,149,142,7,7
16470,78,73,5,5
16471,133,140,-7,7
16472,134,144,-10,10
16473,65,71,-6,6
16474,117,102,15,15
16475,96,88,8,8
16476,130,115,15,15
16477,138,135,3,3
16478,85,86,-1,1
16479,128,125,3,3
16480,84,81,3,3
16481,127,115,12,12
16482,67,70,-3,3
16483,149,155,-6,6
16484,77,75,2,2
16485,91,89,2,2
16486,137,126,11,11
16487,142,134,8,8
16488,68,73,-5,5
16489,129,127,2,2
16490,120,110,10,10
16491,38,41,-3,3
16492,109,106,3,3
16493,101,91,10,10
16494,66,100,-34,34
16495,61,68,-7,7
16496,107,103,4,4
16497,112,98,14,14
16498,114,126,-12,12
16499,96,95,1,1
16500,136,132,4,4
16501,60,65,-5,5
16502,108,98,10,10
16503,109,114,-5,5
16504,98,92,6,6
16505,53,70,-17,17
16506,68,59,9,9
16507,114,109,5,5
16508,181,184,-3,3
16509,121,111,10,10
16510,67,66,1,1
16511,78,71,7,7
16512,74,74,0,0
16513,47,47,0,0
16514,113,122,-9,9
16515,41,39,2,2
16516,57,63,-6,6
16517,68,61,7,7
16518,88,91,-3,3
16519,76,96,-20,20
16520,96,95,1,1
16521,45,53,-8,8
16522,119,115,4,4
16523,104,111,-7,7
16524,111,105,6,6
16525,62,57,5,5
16526,94,92,2,2
16527,86,78,8,8
16528,78,85,-7,7
16529,132,130,2,2
16530,105,103,2,2
16531,141,124,17,17
16532,59,62,-3,3
16533,205,172,33,33
16534,91,89,2,2
16535,87,103,-16,16
16536,87,83,4,4
16537,102,84,18,18
16538,94,83,11,11
16539,77,75,2,2
16540,61,61,0,0
16541,152,134,18,18
16542,85,83,2,2
16543,120,115,5,5
16544,83,86,-3,3
16545,135,131,4,4
16546,52,54,-2,2
16547,79,72,7,7
16548,50,56,-6,6
16549,152,140,12,12
16550,80,74,6,6
16551,83,85,-2,2
16552,163,161,2,2
16553,75,83,-8,8
16554,72,73,-1,1
16555,93,87,6,6
16556,118,106,12,12
16557,84,85,-1,1
16558,72,70,2,2
16559,75,76,-1,1
16560,79,80,-1,1
16561,84,89,-5,5
16562,88,86,2,2
16563,99,94,5,5
16564,59,63,-4,4
16565,112,109,3,3
16566,128,110,18,18
16567,115,111,4,4
16568,101,114,-13,13
16569,60,60,0,0
16570,80,85,-5,5
16571,134,134,0,0
16572,72,69,3,3
16573,160,145,15,15
16574,123,121,2,2
16575,111,105,6,6
16576,61,69,-8,8
16577,68,72,-4,4
16578,131,136,-5,5
16579,135,120,15,15
16580,217,221,-4,4
16581,56,48,8,8
16582,86,87,-1,1
16583,104,101,3,3
16584,87,96,-9,9
16585,76,76,0,0
16586,137,127,10,10
16587,86,84,2,2
16588,53,56,-3,3
16589,82,83,-1,1
16590,52,48,4,4
16591,85,82,3,3
16592,110,102,8,8
16593,58,58,0,0
16594,103,105,-2,2
16595,40,39,1,1
16596,70,69,1,1
16597,50,47,3,3
16598,69,74,-5,5
16599,108,113,-5,5
16600,82,75,7,7
16601,138,131,7,7
16602,103,103,0,0
16603,119,110,9,9
16604,111,100,11,11
16605,154,141,13,13
16606,131,123,8,8
16607,67,69,-2,2
16608,76,71,5,5
16609,104,102,2,2
16610,134,120,14,14
16611,41,52,-11,11
16612,54,52,2,2
16613,116,113,3,3
16614,58,57,1,1
16615,74,81,-7,7
16616,101,102,-1,1
16617,62,60,2,2
16618,141,140,1,1
16619,93,83,10,10
16620,98,94,4,4
16621,88,101,-13,13
16622,33,32,1,1
16623,115,124,-9,9
16624,86,88,-2,2
16625,156,144,12,12
16626,66,67,-1,1
16627,93,87,6,6
16628,61,63,-2,2
16629,128,121,7,7
16630,161,136,25,25
16631,51,54,-3,3
16632,59,63,-4,4
16633,97,93,4,4
16634,157,143,14,14
16635,91,100,-9,9
16636,67,59,8,8
16637,90,92,-2,2
16638,82,79,3,3
16639,104,98,6,6
16640,96,93,3,3
16641,122,127,-5,5
16642,86,80,6,6
16643,126,124,2,2
16644,87,82,5,5
16645,77,82,-5,5
16646,117,109,8,8
16647,144,129,15,15
16648,86,75,11,11
16649,61,55,6,6
16650,79,97,-18,18
16651,96,93,3,3
16652,89,93,-4,4
16653,89,95,-6,6
16654,110,105,5,5
16655,87,77,10,10
16656,39,49,-10,10
16657,98,93,5,5
16658,151,141,10,10
16659,89,86,3,3
16660,67,68,-1,1
16661,71,70,1,1
16662,119,110,9,9
16663,86,83,3,3
16664,147,139,8,8
16665,51,47,4,4
16666,83,97,-14,14
16667,83,82,1,1
16668,54,58,-4,4
16669,138,123,15,15
16670,64,67,-3,3
16671,80,79,1,1
16672,58,66,-8,8
16673,92,86,6,6
16674,56,70,-14,14
16675,114,123,-9,9
16676,58,62,-4,4
16677,51,56,-5,5
16678,111,105,6,6
16679,66,74,-8,8
16680,64,66,-2,2
16681,99,106,-7,7
16682,73,69,4,4
16683,110,95,15,15
16684,99,109,-10,10
16685,92,83,9,9
16686,57,54,3,3
16687,138,132,6,6
16688,156,155,1,1
16689,113,107,6,6
16690,37,41,-4,4
16691,119,112,7,7
16692,109,110,-1,1
16693,137,130,7,7
16694,187,146,41,41
16695,77,82,-5,5
16696,78,71,7,7
16697,89,90,-1,1
16698,144,146,-2,2
16699,111,108,3,3
16700,46,56,-10,10
16701,119,116,3,3
16702,89,76,13,13
16703,85,78,7,7
16704,155,134,21,21
16705,164,167,-3,3
16706,176,166,10,10
16707,61,65,-4,4
16708,143,146,-3,3
16709,66,58,8,8
16710,138,125,13,13
16711,107,104,3,3
16712,80,75,5,5
16713,95,88,7,7
16714,94,103,-9,9
16715,90,84,6,6
16716,65,67,-2,2
16717,75,77,-2,2
16718,54,57,-3,3
16719,84,82,2,2
16720,129,116,13,13
16721,142,122,20,20
16722,96,102,-6,6
16723,112,113,-1,1
16724,93,82,11,11
16725,57,60,-3,3
16726,36,52,-16,16
16727,46,52,-6,6
16728,94,96,-2,2
16729,57,64,-7,7
16730,106,112,-6,6
16731,130,130,0,0
16732,62,62,0,0
16733,89,89,0,0
16734,137,129,8,8
16735,107,111,-4,4
16736,58,57,1,1
16737,73,70,3,3
16738,86,84,2,2
16739,103,96,7,7
16740,121,120,1,1
16741,66,60,6,6
16742,87,89,-2,2
16743,59,55,4,4
16744,109,111,-2,2
16745,79,86,-7,7
16746,68,69,-1,1
16747,66,69,-3,3
16748,72,74,-2,2
16749,100,97,3,3
16750,102,100,2,2
16751,55,60,-5,5
16752,98,102,-4,4
16753,107,105,2,2
16754,77,68,9,9
16755,76,80,-4,4
16756,65,69,-4,4
16757,134,116,18,18
16758,39,49,-10,10
16759,123,125,-2,2
16760,64,66,-2,2
16761,105,100,5,5
16762,66,68,-2,2
16763,203,193,10,10
16764,144,121,23,23
16765,75,77,-2,2
16766,106,101,5,5
16767,104,102,2,2
16768,73,79,-6,6
16769,83,73,10,10
16770,81,93,-12,12
16771,83,82,1,1
16772,100,105,-5,5
16773,103,95,8,8
16774,76,75,1,1
16775,66,69,-3,3
16776,72,75,-3,3
16777,87,97,-10,10
16778,81,89,-8,8
16779,109,103,6,6
16780,103,91,12,12
16781,112,120,-8,8
16782,170,160,10,10
16783,89,85,4,4
16784,73,79,-6,6
16785,59,56,3,3
16786,135,129,6,6
16787,61,66,-5,5
16788,78,79,-1,1
16789,125,113,12,12
16790,64,72,-8,8
16791,54,61,-7,7
16792,119,113,6,6
16793,92,95,-3,3
16794,117,113,4,4
16795,88,78,10,10
16796,99,94,5,5
16797,48,54,-6,6
16798,123,122,1,1
16799,113,114,-1,1
16800,98,99,-1,1
16801,66,65,1,1
16802,82,77,5,5
16803,38,66,-28,28
16804,86,86,0,0
16805,135,146,-11,11
16806,140,132,8,8
16807,73,71,2,2
16808,95,94,1,1
16809,40,46,-6,6
16810,67,85,-18,18
16811,160,152,8,8
16812,121,112,9,9
16813,104,86,18,18
16814,98,93,5,5
16815,125,115,10,10
16816,119,103,16,16
16817,109,114,-5,5
16818,73,75,-2,2
16819,212,190,22,22
16820,81,76,5,5
16821,104,101,3,3
16822,44,48,-4,4
16823,82,69,13,13
16824,181,155,26,26
16825,50,48,2,2
16826,90,100,-10,10
16827,87,82,5,5
16828,76,87,-11,11
16829,211,200,11,11
16830,104,97,7,7
16831,114,108,6,6
16832,143,146,-3,3
16833,142,135,7,7
16834,153,167,-14,14
16835,60,58,2,2
16836,60,63,-3,3
16837,111,90,21,21
16838,143,150,-7,7
16839,76,78,-2,2
16840,73,73,0,0
16841,76,69,7,7
16842,75,75,0,0
16843,58,65,-7,7
16844,57,56,1,1
16845,112,107,5,5
16846,151,140,11,11
16847,51,46,5,5
16848,64,70,-6,6
16849,80,79,1,1
16850,89,81,8,8
16851,155,146,9,9
16852,97,91,6,6
16853,82,85,-3,3
16854,122,113,9,9
16855,110,113,-3,3
16856,91,82,9,9
16857,27,60,-33,33
16858,55,59,-4,4
16859,107,100,7,7
16860,61,67,-6,6
16861,67,74,-7,7
16862,111,119,-8,8
16863,95,89,6,6
16864,129,126,3,3
16865,165,176,-11,11
16866,139,130,9,9
16867,97,128,-31,31
16868,88,84,4,4
16869,64,73,-9,9
16870,83,76,7,7
16871,118,113,5,5
16872,81,78,3,3
16873,78,75,3,3
16874,164,163,1,1
16875,60,81,-21,21
16876,23,29,-6,6
16877,60,62,-2,2
16878,58,64,-6,6
16879,102,104,-2,2
16880,100,97,3,3
16881,103,103,0,0
16882,98,88,10,10
16883,136,139,-3,3
16884,110,106,4,4
16885,95,92,3,3
16886,113,112,1,1
16887,143,152,-9,9
16888,141,136,5,5
16889,117,108,9,9
16890,63,70,-7,7
16891,83,74,9,9
16892,52,58,-6,6
16893,95,104,-9,9
16894,85,84,1,1
16895,75,81,-6,6
16896,137,130,7,7
16897,81,80,1,1
16898,55,67,-12,12
16899,128,110,18,18
16900,135,119,16,16
16901,107,101,6,6
16902,68,70,-2,2
16903,95,94,1,1
16904,131,121,10,10
16905,106,102,4,4
16906,84,98,-14,14
16907,120,120,0,0
16908,69,72,-3,3
16909,93,99,-6,6
16910,100,98,2,2
16911,152,143,9,9
16912,139,147,-8,8
16913,109,106,3,3
16914,122,119,3,3
16915,70,72,-2,2
16916,89,80,9,9
16917,81,70,11,11
16918,59,61,-2,2
16919,74,77,-3,3
16920,121,104,17,17
16921,88,80,8,8
16922,72,89,-17,17
16923,107,105,2,2
16924,47,58,-11,11
16925,105,99,6,6
16926,61,70,-9,9
16927,116,114,2,2
16928,110,102,8,8
16929,63,60,3,3
16930,121,112,9,9
16931,52,53,-1,1
16932,92,86,6,6
16933,102,115,-13,13
16934,86,84,2,2
16935,171,188,-17,17
16936,97,110,-13,13
16937,105,90,15,15
16938,127,117,10,10
16939,84,94,-10,10
16940,99,87,12,12
16941,65,61,4,4
16942,86,75,11,11
16943,107,95,12,12
16944,84,81,3,3
16945,136,123,13,13
16946,82,73,9,9
16947,52,57,-5,5
16948,103,115,-12,12
16949,102,100,2,2
16950,126,117,9,9
16951,185,171,14,14
16952,143,134,9,9
16953,48,65,-17,17
16954,142,121,21,21
16955,58,64,-6,6
16956,164,161,3,3
16957,95,91,4,4
16958,191,189,2,2
16959,115,117,-2,2
16960,58,62,-4,4
16961,121,113,8,8
16962,101,94,7,7
16963,79,81,-2,2
16964,84,84,0,0
16965,69,68,1,1
16966,153,152,1,1
16967,67,74,-7,7
16968,69,82,-13,13
16969,71,75,-4,4
16970,94,96,-2,2
16971,110,108,2,2
16972,105,103,2,2
16973,88,91,-3,3
16974,93,96,-3,3
16975,70,67,3,3
16976,65,70,-5,5
16977,62,68,-6,6
16978,120,115,5,5
16979,55,54,1,1
16980,73,77,-4,4
16981,102,99,3,3
16982,71,71,0,0
16983,111,128,-17,17
16984,156,153,3,3
16985,89,92,-3,3
16986,67,67,0,0
16987,71,74,-3,3
16988,71,76,-5,5
16989,108,101,7,7
16990,72,71,1,1
16991,80,74,6,6
16992,104,93,11,11
16993,111,115,-4,4
16994,58,57,1,1
16995,68,65,3,3
16996,92,85,7,7
16997,161,151,10,10
16998,107,95,12,12
16999,66,76,-10,10
17000,76,81,-5,5
17001,105,100,5,5
17002,140,129,11,11
17003,77,74,3,3
17004,70,75,-5,5
17005,133,124,9,9
17006,50,59,-9,9
17007,66,69,-3,3
17008,60,74,-14,14
17009,72,78,-6,6
17010,123,110,13,13
17011,88,84,4,4
17012,110,105,5,5
17013,94,88,6,6
17014,88,82,6,6
17015,82,74,8,8
17016,107,123,-16,16
17017,69,65,4,4
17018,85,87,-2,2
17019,81,82,-1,1
17020,57,62,-5,5
17021,124,111,13,13
17022,126,124,2,2
17023,59,55,4,4
17024,78,79,-1,1
17025,112,116,-4,4
17026,87,96,-9,9
17027,101,95,6,6
17028,101,96,5,5
17029,150,144,6,6
17030,135,123,12,12
17031,146,142,4,4
17032,61,64,-3,3
17033,103,99,4,4
17034,134,125,9,9
17035,68,68,0,0
17036,84,76,8,8
17037,59,64,-5,5
17038,115,111,4,4
17039,98,81,17,17
17040,118,128,-10,10
17041,97,98,-1,1
17042,94,103,-9,9
17043,143,131,12,12
17044,119,116,3,3
17045,82,88,-6,6
17046,86,90,-4,4
17047,79,81,-2,2
17048,178,184,-6,6
17049,151,135,16,16
17050,133,126,7,7
17051,71,79,-8,8
17052,56,49,7,7
17053,61,59,2,2
17054,69,76,-7,7
17055,95,95,0,0
17056,98,90,8,8
17057,88,88,0,0
17058,86,87,-1,1
17059,79,83,-4,4
17060,77,73,4,4
17061,88,101,-13,13
17062,110,102,8,8
17063,138,141,-3,3
17064,98,104,-6,6
17065,99,94,5,5
17066,73,71,2,2
17067,143,135,8,8
17068,44,44,0,0
17069,136,125,11,11
17070,150,140,10,10
17071,125,123,2,2
17072,134,126,8,8
17073,93,99,-6,6
17074,107,101,6,6
17075,38,44,-6,6
17076,133,145,-12,12
17077,151,145,6,6
17078,104,108,-4,4
17079,83,79,4,4
17080,124,105,19,19
17081,161,159,2,2
17082,72,69,3,3
17083,77,82,-5,5
17084,111,108,3,3
17085,107,104,3,3
17086,107,112,-5,5
17087,98,104,-6,6
17088,168,162,6,6
17089,100,89,11,11
17090,70,70,0,0
17091,68,69,-1,1
17092,74,68,6,6
17093,129,128,1,1
17094,121,117,4,4
17095,69,65,4,4
17096,121,120,1,1
17097,103,102,1,1
17098,187,183,4,4
17099,61,63,-2,2
17100,81,74,7,7
17101,117,124,-7,7
17102,46,63,-17,17
17103,77,76,1,1
17104,85,87,-2,2
17105,47,55,-8,8
17106,81,77,4,4
17107,99,87,12,12
17108,152,156,-4,4
17109,58,71,-13,13
17110,45,55,-10,10
17111,87,82,5,5
17112,100,82,18,18
17113,41,41,0,0
17114,184,158,26,26
17115,72,73,-1,1
17116,38,41,-3,3
17117,79,97,-18,18
17118,98,84,14,14
17119,71,73,-2,2
17120,62,68,-6,6
17121,90,80,10,10
17122,97,82,15,15
17123,52,52,0,0
17124,74,70,4,4
17125,154,147,7,7
17126,99,92,7,7
17127,44,38,6,6
17128,85,80,5,5
17129,128,123,5,5
17130,128,111,17,17
17131,78,90,-12,12
17132,62,66,-4,4
17133,112,122,-10,10
17134,63,70,-7,7
17135,88,84,4,4
17136,51,50,1,1
17137,129,124,5,5
17138,65,68,-3,3
17139,56,56,0,0
17140,102,95,7,7
17141,87,80,7,7
17142,129,125,4,4
17143,61,66,-5,5
17144,79,78,1,1
17145,57,68,-11,11
17146,171,152,19,19
17147,90,89,1,1
17148,96,88,8,8
17149,91,86,5,5
17150,47,53,-6,6
17151,87,98,-11,11
17152,86,102,-16,16
17153,133,135,-2,2
17154,133,127,6,6
17155,89,93,-4,4
17156,64,55,9,9
17157,54,57,-3,3
17158,99,113,-14,14
17159,91,87,4,4
17160,76,79,-3,3
17161,75,74,1,1
17162,72,69,3,3
17163,107,112,-5,5
17164,39,37,2,2
17165,99,91,8,8
17166,121,113,8,8
17167,89,83,6,6
17168,132,131,1,1
17169,108,115,-7,7
17170,84,74,10,10
17171,104,101,3,3
17172,68,71,-3,3
17173,55,59,-4,4
17174,74,70,4,4
17175,85,86,-1,1
17176,63,61,2,2
17177,77,75,2,2
17178,103,103,0,0
17179,66,69,-3,3
17180,77,68,9,9
17181,112,104,8,8
17182,127,138,-11,11
17183,100,102,-2,2
17184,59,66,-7,7
17185,111,103,8,8
17186,29,32,-3,3
17187,77,76,1,1
17188,98,99,-1,1
17189,108,106,2,2
17190,196,190,6,6
17191,79,76,3,3
17192,150,151,-1,1
17193,99,91,8,8
17194,73,70,3,3
17195,75,76,-1,1
17196,62,62,0,0
17197,77,79,-2,2
17198,100,86,14,14
17199,139,140,-1,1
17200,80,74,6,6
17201,151,122,29,29
17202,125,124,1,1
17203,70,78,-8,8
17204,141,134,7,7
17205,76,80,-4,4
17206,74,81,-7,7
17207,108,97,11,11
17208,146,125,21,21
17209,65,61,4,4
17210,92,102,-10,10
17211,98,92,6,6
17212,112,119,-7,7
17213,155,136,19,19
17214,109,105,4,4
17215,127,119,8,8
17216,40,54,-14,14
17217,106,117,-11,11
17218,106,116,-10,10
17219,68,68,0,0
17220,73,76,-3,3
17221,69,73,-4,4
17222,93,94,-1,1
17223,95,95,0,0
17224,99,95,4,4
17225,108,102,6,6
17226,77,76,1,1
17227,76,75,1,1
17228,102,103,-1,1
17229,117,109,8,8
17230,88,84,4,4
17231,82,80,2,2
17232,99,93,6,6
17233,147,132,15,15
17234,66,67,-1,1
17235,79,73,6,6
17236,62,69,-7,7
17237,175,168,7,7
17238,101,98,3,3
17239,64,69,-5,5
17240,74,77,-3,3
17241,72,86,-14,14
17242,64,69,-5,5
17243,73,71,2,2
17244,48,57,-9,9
17245,186,174,12,12
17246,100,121,-21,21
17247,120,112,8,8
17248,53,66,-13,13
17249,120,107,13,13
17250,98,104,-6,6
17251,34,35,-1,1
17252,97,96,1,1
17253,118,109,9,9
17254,128,112,16,16
17255,90,83,7,7
17256,63,68,-5,5
17257,160,141,19,19
17258,177,148,29,29
17259,185,178,7,7
17260,104,102,2,2
17261,68,68,0,0
17262,119,121,-2,2
17263,110,101,9,9
17264,67,61,6,6
17265,56,60,-4,4
17266,160,148,12,12
17267,103,118,-15,15
17268,68,68,0,0
17269,112,113,-1,1
17270,75,72,3,3
17271,101,103,-2,2
17272,89,107,-18,18
17273,57,70,-13,13
17274,65,66,-1,1
17275,95,103,-8,8
17276,93,94,-1,1
17277,100,95,5,5
17278,127,128,-1,1
17279,105,94,11,11
17280,58,54,4,4
17281,70,73,-3,3
17282,146,142,4,4
17283,90,84,6,6
17284,75,73,2,2
17285,92,90,2,2
17286,122,118,4,4
17287,77,78,-1,1
17288,50,56,-6,6
17289,69,73,-4,4
17290,36,39,-3,3
17291,97,86,11,11
17292,81,83,-2,2
17293,127,133,-6,6
17294,142,141,1,1
17295,98,102,-4,4
17296,91,79,12,12
17297,84,85,-1,1
17298,94,96,-2,2
17299,71,80,-9,9
17300,87,77,10,10
17301,109,105,4,4
17302,58,53,5,5
17303,63,69,-6,6
17304,65,67,-2,2
17305,45,43,2,2
17306,87,74,13,13
17307,64,65,-1,1
17308,82,83,-1,1
17309,156,157,-1,1
17310,138,117,21,21
17311,76,79,-3,3
17312,134,126,8,8
17313,115,109,6,6
17314,92,92,0,0
17315,126,125,1,1
17316,103,106,-3,3
17317,56,65,-9,9
17318,125,135,-10,10
17319,108,94,14,14
17320,69,70,-1,1
17321,151,145,6,6
17322,88,93,-5,5
17323,101,98,3,3
17324,165,166,-1,1
17325,151,131,20,20
17326,82,79,3,3
17327,65,63,2,2
17328,93,92,1,1
17329,102,100,2,2
17330,71,75,-4,4
17331,66,70,-4,4
17332,101,102,-1,1
17333,109,99,10,10
17334,67,60,7,7
17335,150,142,8,8
17336,71,54,17,17
17337,93,97,-4,4
17338,106,109,-3,3
17339,127,120,7,7
17340,167,164,3,3
17341,67,70,-3,3
17342,137,134,3,3
17343,90,85,5,5
17344,48,52,-4,4
17345,79,73,6,6
17346,72,77,-5,5
17347,139,133,6,6
17348,81,84,-3,3
17349,124,123,1,1
17350,114,104,10,10
17351,75,75,0,0
17352,73,74,-1,1
17353,90,80,10,10
17354,156,156,0,0
17355,107,107,0,0
17356,88,85,3,3
17357,135,145,-10,10
17358,120,104,16,16
17359,55,69,-14,14
17360,58,65,-7,7
17361,104,111,-7,7
17362,53,48,5,5
17363,65,61,4,4
17364,71,71,0,0
17365,36,44,-8,8
17366,135,123,12,12
17367,159,152,7,7
17368,118,103,15,15
17369,93,95,-2,2
17370,91,86,5,5
17371,66,73,-7,7
17372,68,62,6,6
17373,81,78,3,3
17374,138,141,-3,3
17375,68,71,-3,3
17376,128,128,0,0
17377,97,107,-10,10
17378,83,89,-6,6
17379,194,180,14,14
17380,63,62,1,1
17381,68,65,3,3
17382,68,69,-1,1
17383,89,93,-4,4
17384,103,91,12,12
17385,113,124,-11,11
17386,95,91,4,4
17387,93,81,12,12
17388,68,68,0,0
17389,57,53,4,4
17390,58,64,-6,6
17391,174,159,15,15
17392,71,73,-2,2
17393,106,102,4,4
17394,63,63,0,0
17395,63,53,10,10
17396,126,116,10,10
17397,104,100,4,4
17398,83,82,1,1
17399,80,82,-2,2
17400,175,166,9,9
17401,77,94,-17,17
17402,146,133,13,13
17403,78,75,3,3
17404,114,102,12,12
17405,86,98,-12,12
17406,149,145,4,4
17407,170,165,5,5
17408,121,116,5,5
17409,61,63,-2,2
17410,64,57,7,7
17411,67,65,2,2
17412,99,105,-6,6
17413,185,168,17,17
17414,56,68,-12,12
17415,99,93,6,6
17416,75,83,-8,8
17417,85,74,11,11
17418,92,84,8,8
17419,91,82,9,9
17420,80,73,7,7
17421,56,71,-15,15
17422,80,74,6,6
17423,135,127,8,8
17424,98,119,-21,21
17425,150,153,-3,3
17426,53,62,-9,9
17427,106,102,4,4
17428,74,76,-2,2
17429,196,187,9,9
17430,88,81,7,7
17431,47,52,-5,5
17432,101,107,-6,6
17433,110,103,7,7
17434,116,116,0,0
17435,96,100,-4,4
17436,65,61,4,4
17437,55,50,5,5
17438,140,140,0,0
17439,94,83,11,11
17440,89,79,10,10
17441,101,92,9,9
17442,80,72,8,8
17443,112,104,8,8
17444,106,113,-7,7
17445,103,107,-4,4
17446,60,62,-2,2
17447,95,104,-9,9
17448,87,87,0,0
17449,45,44,1,1
17450,92,90,2,2
17451,108,101,7,7
17452,98,92,6,6
17453,62,67,-5,5
17454,107,104,3,3
17455,74,68,6,6
17456,137,121,16,16
17457,75,75,0,0
17458,66,66,0,0
17459,100,104,-4,4
17460,129,141,-12,12
17461,79,77,2,2
17462,111,101,10,10
17463,88,93,-5,5
17464,63,65,-2,2
17465,95,100,-5,5
17466,74,75,-1,1
17467,108,105,3,3
17468,115,105,10,10
17469,96,93,3,3
17470,146,131,15,15
17471,178,168,10,10
17472,171,162,9,9
17473,171,153,18,18
17474,151,151,0,0
17475,90,90,0,0
17476,94,82,12,12
17477,89,78,11,11
17478,71,73,-2,2
17479,223,207,16,16
17480,66,70,-4,4
17481,116,113,3,3
17482,69,66,3,3
17483,153,142,11,11
17484,48,55,-7,7
17485,83,89,-6,6
17486,177,166,11,11
17487,70,77,-7,7
17488,80,82,-2,2
17489,77,79,-2,2
17490,69,68,1,1
17491,81,75,6,6
17492,115,117,-2,2
17493,96,103,-7,7
17494,94,87,7,7
17495,46,51,-5,5
17496,88,101,-13,13
17497,90,78,12,12
17498,89,96,-7,7
17499,65,62,3,3
17500,78,77,1,1
17501,76,74,2,2
17502,116,102,14,14
17503,127,117,10,10
17504,146,144,2,2
17505,89,93,-4,4
17506,42,66,-24,24
17507,73,63,10,10
17508,61,61,0,0
17509,79,73,6,6
17510,105,100,5,5
17511,64,66,-2,2
17512,115,117,-2,2
17513,66,74,-8,8
17514,75,75,0,0
17515,82,81,1,1
17516,46,58,-12,12
17517,106,107,-1,1
17518,74,79,-5,5
17519,58,77,-19,19
17520,89,88,1,1
17521,76,73,3,3
17522,90,79,11,11
17523,108,105,3,3
17524,89,98,-9,9
17525,75,72,3,3
17526,98,93,5,5
17527,87,80,7,7
17528,65,69,-4,4
17529,121,107,14,14
17530,63,67,-4,4
17531,139,143,-4,4
17532,80,80,0,0
17533,75,78,-3,3
17534,64,69,-5,5
17535,48,48,0,0
17536,115,112,3,3
17537,82,80,2,2
17538,120,117,3,3
17539,141,140,1,1
17540,67,69,-2,2
17541,48,65,-17,17
17542,117,111,6,6
17543,173,162,11,11
17544,74,82,-8,8
17545,53,57,-4,4
17546,33,42,-9,9
17547,79,82,-3,3
17548,76,70,6,6
17549,119,106,13,13
17550,139,133,6,6
17551,77,76,1,1
17552,115,114,1,1
17553,67,74,-7,7
17554,105,92,13,13
17555,127,127,0,0
17556,84,80,4,4
17557,106,109,-3,3
17558,79,85,-6,6
17559,96,100,-4,4
17560,82,76,6,6
17561,146,140,6,6
17562,98,100,-2,2
17563,116,123,-7,7
17564,42,45,-3,3
17565,82,81,1,1
17566,71,72,-1,1
17567,103,92,11,11
17568,60,65,-5,5
17569,86,83,3,3
17570,137,124,13,13
17571,105,96,9,9
17572,68,74,-6,6
17573,94,98,-4,4
17574,190,180,10,10
17575,61,63,-2,2
17576,112,109,3,3
17577,72,66,6,6
17578,137,124,13,13
17579,85,85,0,0
17580,190,181,9,9
17581,145,148,-3,3
17582,100,103,-3,3
17583,143,129,14,14
17584,81,80,1,1
17585,58,63,-5,5
17586,79,88,-9,9
17587,119,117,2,2
17588,63,66,-3,3
17589,106,99,7,7
17590,111,102,9,9
17591,90,89,1,1
17592,134,135,-1,1
17593,129,114,15,15
17594,67,69,-2,2
17595,128,128,0,0
17596,43,47,-4,4
17597,58,59,-1,1
17598,123,127,-4,4
17599,63,62,1,1
17600,61,67,-6,6
17601,74,62,12,12
17602,117,104,13,13
17603,132,106,26,26
17604,73,62,11,11
17605,127,125,2,2
17606,170,167,3,3
17607,101,102,-1,1
17608,118,104,14,14
17609,73,69,4,4
17610,82,82,0,0
17611,100,98,2,2
17612,62,66,-4,4
17613,80,71,9,9
17614,50,54,-4,4
17615,68,70,-2,2
17616,163,155,8,8
17617,49,51,-2,2
17618,75,76,-1,1
17619,133,124,9,9
17620,115,114,1,1
17621,102,104,-2,2
17622,74,76,-2,2
17623,161,146,15,15
17624,130,129,1,1
17625,122,114,8,8
17626,109,101,8,8
17627,120,126,-6,6
17628,72,56,16,16
17629,90,92,-2,2
17630,80,91,-11,11
17631,103,110,-7,7
17632,134,125,9,9
17633,93,95,-2,2
17634,82,80,2,2
17635,184,167,17,17
17636,84,81,3,3
17637,62,67,-5,5
17638,65,68,-3,3
17639,68,73,-5,5
17640,118,115,3,3
17641,81,81,0,0
17642,116,115,1,1
17643,116,115,1,1
17644,85,77,8,8
17645,55,62,-7,7
17646,91,87,4,4
17647,79,80,-1,1
17648,24,40,-16,16
17649,155,146,9,9
17650,97,84,13,13
17651,69,77,-8,8
17652,105,102,3,3
17653,158,156,2,2
17654,129,128,1,1
17655,115,107,8,8
17656,92,99,-7,7
17657,82,83,-1,1
17658,100,99,1,1
17659,66,55,11,11
17660,46,53,-7,7
17661,141,142,-1,1
17662,128,124,4,4
17663,101,80,21,21
17664,103,94,9,9
17665,75,73,2,2
17666,125,120,5,5
17667,50,48,2,2
17668,67,65,2,2
17669,91,92,-1,1
17670,95,93,2,2
17671,133,122,11,11
17672,124,119,5,5
17673,59,55,4,4
17674,138,132,6,6
17675,132,129,3,3
17676,109,104,5,5
17677,72,76,-4,4
17678,84,85,-1,1
17679,107,105,2,2
17680,73,82,-9,9
17681,76,77,-1,1
17682,122,108,14,14
17683,107,110,-3,3
17684,38,40,-2,2
17685,127,116,11,11
17686,82,73,9,9
17687,189,171,18,18
17688,115,109,6,6
17689,100,95,5,5
17690,70,67,3,3
17691,81,67,14,14
17692,150,162,-12,12
17693,94,86,8,8
17694,88,83,5,5
17695,81,84,-3,3
17696,148,147,1,1
17697,75,83,-8,8
17698,90,89,1,1
17699,124,119,5,5
17700,46,46,0,0
17701,103,107,-4,4
17702,101,90,11,11
17703,93,91,2,2
17704,105,105,0,0
17705,91,90,1,1
17706,138,136,2,2
17707,85,83,2,2
17708,102,94,8,8
17709,72,83,-11,11
17710,81,79,2,2
17711,118,113,5,5
17712,114,121,-7,7
17713,118,113,5,5
17714,79,80,-1,1
17715,149,136,13,13
17716,74,78,-4,4
17717,46,51,-5,5
17718,76,70,6,6
17719,80,75,5,5
17720,124,138,-14,14
17721,126,131,-5,5
17722,57,55,2,2
17723,91,103,-12,12
17724,206,180,26,26
17725,122,108,14,14
17726,89,90,-1,1
17727,108,107,1,1
17728,170,157,13,13
17729,89,85,4,4
17730,90,83,7,7
17731,85,87,-2,2
17732,80,71,9,9
17733,105,88,17,17
17734,84,71,13,13
17735,97,93,4,4
17736,60,64,-4,4
17737,39,47,-8,8
17738,103,92,11,11
17739,122,122,0,0
17740,105,105,0,0
17741,72,74,-2,2
17742,72,78,-6,6
17743,126,118,8,8
17744,113,106,7,7
17745,88,80,8,8
17746,121,120,1,1
17747,88,88,0,0
17748,72,70,2,2
17749,65,71,-6,6
17750,74,78,-4,4
17751,112,118,-6,6
17752,53,55,-2,2
17753,138,129,9,9
17754,108,108,0,0
17755,65,68,-3,3
17756,72,76,-4,4
17757,122,113,9,9
17758,48,60,-12,12
17759,93,86,7,7
17760,124,119,5,5
17761,92,93,-1,1
17762,66,69,-3,3
17763,69,67,2,2
17764,144,155,-11,11
17765,103,105,-2,2
17766,96,91,5,5
17767,107,102,5,5
17768,129,125,4,4
17769,60,62,-2,2
17770,72,70,2,2
17771,53,53,0,0
17772,117,102,15,15
17773,109,110,-1,1
17774,73,76,-3,3
17775,121,115,6,6
17776,193,188,5,5
17777,69,76,-7,7
17778,80,68,12,12
17779,135,118,17,17
17780,47,48,-1,1
17781,75,71,4,4
17782,135,144,-9,9
17783,97,92,5,5
17784,76,78,-2,2
17785,108,104,4,4
17786,110,111,-1,1
17787,87,90,-3,3
17788,59,61,-2,2
17789,163,154,9,9
17790,80,82,-2,2
17791,169,153,16,16
17792,91,90,1,1
17793,122,118,4,4
17794,97,95,2,2
17795,63,71,-8,8
17796,139,141,-2,2
17797,76,76,0,0
17798,80,77,3,3
17799,79,75,4,4
17800,112,112,0,0
17801,94,91,3,3
17802,103,105,-2,2
17803,53,60,-7,7
17804,70,73,-3,3
17805,156,156,0,0
17806,29,56,-27,27
17807,128,133,-5,5
17808,125,129,-4,4
17809,126,103,23,23
17810,50,80,-30,30
17811,152,147,5,5
17812,195,162,33,33
17813,76,80,-4,4
17814,87,82,5,5
17815,80,75,5,5
17816,66,63,3,3
17817,72,73,-1,1
17818,104,111,-7,7
17819,67,65,2,2
17820,109,107,2,2
17821,146,143,3,3
17822,59,68,-9,9
17823,78,73,5,5
17824,73,70,3,3
17825,139,134,5,5
17826,103,95,8,8
17827,112,117,-5,5
17828,99,87,12,12
17829,68,76,-8,8
17830,53,65,-12,12
17831,152,128,24,24
17832,55,57,-2,2
17833,96,101,-5,5
17834,78,78,0,0
17835,69,89,-20,20
17836,54,53,1,1
17837,118,110,8,8
17838,120,105,15,15
17839,45,57,-12,12
17840,94,86,8,8
17841,141,140,1,1
17842,81,84,-3,3
17843,85,98,-13,13
17844,100,102,-2,2
17845,104,104,0,0
17846,189,164,25,25
17847,79,72,7,7
17848,98,97,1,1
17849,53,53,0,0
17850,139,129,10,10
17851,96,111,-15,15
17852,75,74,1,1
17853,74,76,-2,2
17854,142,139,3,3
17855,135,150,-15,15
17856,40,38,2,2
17857,176,160,16,16
17858,55,60,-5,5
17859,70,80,-10,10
17860,71,74,-3,3
17861,55,65,-10,10
17862,168,163,5,5
17863,146,131,15,15
17864,111,111,0,0
17865,117,99,18,18
17866,64,66,-2,2
17867,106,96,10,10
17868,110,98,12,12
17869,79,79,0,0
17870,95,86,9,9
17871,121,117,4,4
17872,129,126,3,3
17873,98,85,13,13
17874,60,59,1,1
17875,53,59,-6,6
17876,121,109,12,12
17877,112,130,-18,18
17878,54,58,-4,4
17879,76,77,-1,1
17880,126,133,-7,7
17881,131,120,11,11
17882,45,47,-2,2
17883,135,130,5,5
17884,95,84,11,11
17885,80,73,7,7
17886,96,91,5,5
17887,143,132,11,11
17888,59,63,-4,4
17889,140,135,5,5
17890,73,74,-1,1
17891,109,110,-1,1
17892,116,127,-11,11
17893,42,48,-6,6
17894,44,41,3,3
17895,151,146,5,5
17896,109,112,-3,3
17897,106,87,19,19
17898,131,108,23,23
17899,139,129,10,10
17900,77,71,6,6
17901,127,119,8,8
17902,79,88,-9,9
17903,140,135,5,5
17904,63,61,2,2
17905,121,121,0,0
17906,65,62,3,3
17907,146,142,4,4
17908,110,101,9,9
17909,101,104,-3,3
17910,35,42,-7,7
17911,105,100,5,5
17912,154,157,-3,3
17913,72,69,3,3
17914,98,101,-3,3
17915,126,133,-7,7
17916,142,135,7,7
17917,98,113,-15,15
17918,82,84,-2,2
17919,86,91,-5,5
17920,79,75,4,4
17921,111,98,13,13
17922,74,73,1,1
17923,58,56,2,2
17924,48,50,-2,2
17925,74,72,2,2
17926,123,117,6,6
17927,40,45,-5,5
17928,80,68,12,12
17929,63,55,8,8
17930,115,99,16,16
17931,107,108,-1,1
17932,80,73,7,7
17933,85,81,4,4
17934,166,159,7,7
17935,71,80,-9,9
17936,56,64,-8,8
17937,48,56,-8,8
17938,96,89,7,7
17939,54,56,-2,2
17940,124,123,1,1
17941,92,91,1,1
17942,51,58,-7,7
17943,62,68,-6,6
17944,89,85,4,4
17945,141,134,7,7
17946,87,72,15,15
17947,75,83,-8,8
17948,81,77,4,4
17949,65,81,-16,16
17950,90,80,10,10
17951,85,80,5,5
17952,71,76,-5,5
17953,61,68,-7,7
17954,104,102,2,2
17955,98,102,-4,4
17956,68,71,-3,3
17957,77,70,7,7
17958,90,84,6,6
17959,71,83,-12,12
17960,59,72,-13,13
17961,109,98,11,11
17962,105,106,-1,1
17963,175,162,13,13
17964,83,88,-5,5
17965,139,127,12,12
17966,68,69,-1,1
17967,88,89,-1,1
17968,75,70,5,5
17969,104,108,-4,4
17970,126,116,10,10
17971,91,91,0,0
17972,94,97,-3,3
17973,89,85,4,4
17974,41,45,-4,4
17975,91,111,-20,20
17976,81,82,-1,1
17977,72,71,1,1
17978,146,128,18,18
17979,80,79,1,1
17980,141,120,21,21
17981,104,93,11,11
17982,111,102,9,9
17983,115,117,-2,2
17984,67,67,0,0
17985,132,124,8,8
17986,118,117,1,1
17987,79,73,6,6
17988,67,78,-11,11
17989,158,135,23,23
17990,90,83,7,7
17991,78,81,-3,3
17992,52,55,-3,3
17993,67,70,-3,3
17994,57,71,-14,14
17995,93,91,2,2
17996,73,73,0,0
17997,100,104,-4,4
17998,150,132,18,18
17999,68,70,-2,2
18000,74,74,0,0
18001,100,98,2,2
18002,92,99,-7,7
18003,101,107,-6,6
18004,96,86,10,10
18005,161,148,13,13
18006,71,76,-5,5
18007,97,92,5,5
18008,62,63,-1,1
18009,70,71,-1,1
18010,106,98,8,8
18011,67,73,-6,6
18012,56,65,-9,9
18013,75,70,5,5
18014,47,44,3,3
18015,78,77,1,1
18016,62,58,4,4
18017,68,69,-1,1
18018,106,96,10,10
18019,125,113,12,12
18020,84,103,-19,19
18021,107,103,4,4
18022,63,63,0,0
18023,76,85,-9,9
18024,98,86,12,12
18025,139,113,26,26
18026,94,94,0,0
18027,142,141,1,1
18028,121,118,3,3
18029,79,78,1,1
18030,123,122,1,1
18031,82,81,1,1
18032,174,169,5,5
18033,116,122,-6,6
18034,51,55,-4,4
18035,157,142,15,15
18036,57,61,-4,4
18037,71,69,2,2
18038,30,34,-4,4
18039,102,101,1,1
18040,140,127,13,13
18041,156,157,-1,1
18042,44,41,3,3
18043,157,147,10,10
18044,91,90,1,1
18045,111,123,-12,12
18046,107,110,-3,3
18047,83,85,-2,2
18048,83,77,6,6
18049,103,95,8,8
18050,84,73,11,11
18051,79,76,3,3
18052,119,105,14,14
18053,66,70,-4,4
18054,34,46,-12,12
18055,134,128,6,6
18056,108,103,5,5
18057,60,69,-9,9
18058,33,34,-1,1
18059,105,111,-6,6
18060,71,75,-4,4
18061,92,94,-2,2
18062,62,66,-4,4
18063,54,59,-5,5
18064,85,90,-5,5
18065,154,135,19,19
18066,109,101,8,8
18067,120,133,-13,13
18068,55,53,2,2
18069,102,112,-10,10
18070,58,58,0,0
18071,34,40,-6,6
18072,91,88,3,3
18073,110,103,7,7
18074,117,105,12,12
18075,102,124,-22,22
18076,95,86,9,9
18077,38,46,-8,8
18078,88,86,2,2
18079,107,98,9,9
18080,113,110,3,3
18081,58,60,-2,2
18082,56,65,-9,9
18083,68,71,-3,3
18084,59,57,2,2
18085,169,169,0,0
18086,70,64,6,6
18087,117,113,4,4
18088,84,80,4,4
18089,150,156,-6,6
18090,123,130,-7,7
18091,72,72,0,0
18092,108,108,0,0
18093,87,84,3,3
18094,123,145,-22,22
18095,79,79,0,0
18096,112,126,-14,14
18097,77,71,6,6
18098,123,119,4,4
18099,109,116,-7,7
18100,82,74,8,8
18101,57,61,-4,4
18102,120,111,9,9
18103,117,121,-4,4
18104,53,52,1,1
18105,72,76,-4,4
18106,90,82,8,8
18107,92,106,-14,14
18108,88,80,8,8
18109,55,71,-16,16
18110,62,55,7,7
18111,108,111,-3,3
18112,85,76,9,9
18113,66,85,-19,19
18114,165,167,-2,2
18115,124,143,-19,19
18116,75,81,-6,6
18117,54,53,1,1
18118,141,135,6,6
18119,67,69,-2,2
18120,94,97,-3,3
18121,102,112,-10,10
18122,119,120,-1,1
18123,53,60,-7,7
18124,122,136,-14,14
18125,60,62,-2,2
18126,88,88,0,0
18127,101,103,-2,2
18128,64,68,-4,4
18129,48,68,-20,20
18130,75,72,3,3
18131,53,70,-17,17
18132,123,109,14,14
18133,90,85,5,5
18134,137,140,-3,3
18135,95,97,-2,2
18136,88,106,-18,18
18137,106,112,-6,6
18138,155,146,9,9
18139,75,69,6,6
18140,62,66,-4,4
18141,91,83,8,8
18142,58,53,5,5
18143,51,61,-10,10
18144,120,119,1,1
18145,94,97,-3,3
18146,112,105,7,7
18147,84,100,-16,16
18148,67,73,-6,6
18149,83,81,2,2
18150,162,152,10,10
18151,122,121,1,1
18152,36,42,-6,6
18153,127,123,4,4
18154,75,88,-13,13
18155,119,103,16,16
18156,147,143,4,4
18157,105,102,3,3
18158,55,54,1,1
18159,90,83,7,7
18160,57,58,-1,1
18161,100,99,1,1
18162,63,63,0,0
18163,58,65,-7,7
18164,140,145,-5,5
18165,107,102,5,5
18166,71,78,-7,7
18167,145,146,-1,1
18168,64,70,-6,6
18169,94,82,12,12
18170,71,68,3,3
18171,68,74,-6,6
18172,109,99,10,10
18173,67,70,-3,3
18174,81,80,1,1
18175,101,92,9,9
18176,135,122,13,13
18177,60,53,7,7
18178,154,140,14,14
18179,131,119,12,12
18180,97,85,12,12
18181,65,66,-1,1
18182,132,126,6,6
18183,95,96,-1,1
18184,97,86,11,11
18185,122,111,11,11
18186,80,86,-6,6
18187,89,81,8,8
18188,97,83,14,14
18189,106,104,2,2
18190,101,103,-2,2
18191,116,124,-8,8
18192,70,85,-15,15
18193,44,45,-1,1
18194,149,143,6,6
18195,95,95,0,0
18196,79,75,4,4
18197,114,113,1,1
18198,77,70,7,7
18199,121,112,9,9
18200,80,81,-1,1
18201,117,106,11,11
18202,150,136,14,14
18203,85,78,7,7
18204,72,80,-8,8
18205,112,105,7,7
18206,91,84,7,7
18207,61,58,3,3
18208,126,117,9,9
18209,78,73,5,5
18210,129,125,4,4
18211,71,73,-2,2
18212,72,74,-2,2
18213,166,162,4,4
18214,134,127,7,7
18215,36,31,5,5
18216,63,68,-5,5
18217,73,71,2,2
18218,88,86,2,2
18219,88,93,-5,5
18220,113,119,-6,6
18221,138,129,9,9
18222,88,71,17,17
18223,127,127,0,0
18224,216,209,7,7
18225,108,105,3,3
18226,137,134,3,3
18227,66,80,-14,14
18228,68,76,-8,8
18229,100,94,6,6
18230,50,53,-3,3
18231,130,132,-2,2
18232,100,103,-3,3
18233,201,169,32,32
18234,53,55,-2,2
18235,65,67,-2,2
18236,60,60,0,0
18237,177,172,5,5
18238,88,80,8,8
18239,64,68,-4,4
18240,141,142,-1,1
18241,87,89,-2,2
18242,144,135,9,9
18243,118,106,12,12
18244,84,86,-2,2
18245,80,87,-7,7
18246,131,133,-2,2
18247,61,66,-5,5
18248,93,86,7,7
18249,78,86,-8,8
18250,58,57,1,1
18251,99,86,13,13
18252,107,100,7,7
18253,119,117,2,2
18254,104,113,-9,9
18255,87,91,-4,4
18256,88,81,7,7
18257,131,128,3,3
18258,126,122,4,4
18259,125,116,9,9
18260,99,105,-6,6
18261,127,123,4,4
18262,34,54,-20,20
18263,77,71,6,6
18264,88,85,3,3
18265,106,119,-13,13
18266,104,98,6,6
18267,78,88,-10,10
18268,78,74,4,4
18269,211,188,23,23
18270,68,55,13,13
18271,110,110,0,0
18272,86,90,-4,4
18273,102,102,0,0
18274,82,75,7,7
18275,57,57,0,0
18276,106,106,0,0
18277,52,58,-6,6
18278,60,58,2,2
18279,78,79,-1,1
18280,66,60,6,6
18281,134,126,8,8
18282,61,64,-3,3
18283,88,83,5,5
18284,95,94,1,1
18285,79,78,1,1
18286,109,107,2,2
18287,74,78,-4,4
18288,82,74,8,8
18289,77,76,1,1
18290,89,84,5,5
18291,115,106,9,9
18292,64,66,-2,2
18293,143,133,10,10
18294,189,178,11,11
18295,27,34,-7,7
18296,82,89,-7,7
18297,127,135,-8,8
18298,121,108,13,13
18299,103,101,2,2
18300,55,56,-1,1
18301,163,162,1,1
18302,93,92,1,1
18303,95,92,3,3
18304,123,122,1,1
18305,59,62,-3,3
18306,112,101,11,11
18307,76,76,0,0
18308,77,89,-12,12
18309,62,65,-3,3
18310,71,74,-3,3
18311,60,62,-2,2
18312,141,145,-4,4
18313,91,93,-2,2
18314,96,89,7,7
18315,58,61,-3,3
18316,93,88,5,5
18317,165,164,1,1
18318,199,192,7,7
18319,98,94,4,4
18320,152,152,0,0
18321,81,74,7,7
18322,93,85,8,8
18323,122,112,10,10
18324,83,82,1,1
18325,82,85,-3,3
18326,61,66,-5,5
18327,87,89,-2,2
18328,44,49,-5,5
18329,90,99,-9,9
18330,50,53,-3,3
18331,122,119,3,3
18332,82,80,2,2
18333,101,104,-3,3
18334,93,93,0,0
18335,132,119,13,13
18336,111,116,-5,5
18337,96,81,15,15
18338,47,47,0,0
18339,113,112,1,1
18340,182,178,4,4
18341,107,126,-19,19
18342,99,107,-8,8
18343,72,74,-2,2
18344,84,86,-2,2
18345,55,55,0,0
18346,154,156,-2,2
18347,39,44,-5,5
18348,107,102,5,5
18349,89,94,-5,5
18350,114,127,-13,13
18351,99,101,-2,2
18352,76,79,-3,3
18353,61,67,-6,6
18354,112,99,13,13
18355,79,78,1,1
18356,81,75,6,6
18357,80,82,-2,2
18358,49,62,-13,13
18359,48,43,5,5
18360,113,109,4,4
18361,91,102,-11,11
18362,76,75,1,1
18363,144,146,-2,2
18364,67,69,-2,2
18365,81,72,9,9
18366,111,107,4,4
18367,78,82,-4,4
18368,53,62,-9,9
18369,77,81,-4,4
18370,71,88,-17,17
18371,76,71,5,5
18372,65,68,-3,3
18373,90,88,2,2
18374,165,156,9,9
18375,188,184,4,4
18376,58,162,-104,104
18377,81,79,2,2
18378,65,69,-4,4
18379,91,91,0,0
18380,116,115,1,1
18381,145,134,11,11
18382,111,122,-11,11
18383,146,138,8,8
18384,119,107,12,12
18385,91,92,-1,1
18386,116,118,-2,2
18387,48,52,-4,4
18388,107,118,-11,11
18389,63,66,-3,3
18390,120,109,11,11
18391,86,81,5,5
18392,93,90,3,3
18393,89,91,-2,2
18394,95,97,-2,2
18395,90,81,9,9
18396,104,100,4,4
18397,144,140,4,4
18398,119,108,11,11
18399,82,82,0,0
18400,61,74,-13,13
18401,93,99,-6,6
18402,142,131,11,11
18403,73,72,1,1
18404,133,117,16,16
18405,128,135,-7,7
18406,104,101,3,3
18407,90,86,4,4
18408,88,95,-7,7
18409,65,78,-13,13
18410,102,95,7,7
18411,176,159,17,17
18412,90,93,-3,3
18413,241,216,25,25
18414,115,102,13,13
18415,69,69,0,0
18416,94,82,12,12
18417,123,118,5,5
18418,96,106,-10,10
18419,90,94,-4,4
18420,59,62,-3,3
18421,76,65,11,11
18422,72,70,2,2
18423,70,75,-5,5
18424,67,66,1,1
18425,83,82,1,1
18426,205,184,21,21
18427,62,68,-6,6
18428,214,203,11,11
18429,79,72,7,7
18430,142,129,13,13
18431,88,83,5,5
18432,107,111,-4,4
18433,120,110,10,10
18434,108,106,2,2
18435,102,94,8,8
18436,64,69,-5,5
18437,86,89,-3,3
18438,70,72,-2,2
18439,130,107,23,23
18440,97,85,12,12
18441,85,86,-1,1
18442,67,64,3,3
18443,142,120,22,22
18444,48,55,-7,7
18445,88,81,7,7
18446,123,126,-3,3
18447,69,78,-9,9
18448,92,86,6,6
18449,69,74,-5,5
18450,45,50,-5,5
18451,64,63,1,1
18452,84,76,8,8
18453,131,126,5,5
18454,78,78,0,0
18455,32,36,-4,4
18456,85,79,6,6
18457,100,90,10,10
18458,99,80,19,19
18459,125,118,7,7
18460,91,79,12,12
18461,196,183,13,13
18462,94,117,-23,23
18463,54,54,0,0
18464,134,126,8,8
18465,168,149,19,19
18466,64,61,3,3
18467,73,77,-4,4
18468,96,86,10,10
18469,82,71,11,11
18470,48,56,-8,8
18471,65,71,-6,6
18472,121,121,0,0
18473,102,104,-2,2
18474,69,60,9,9
18475,92,88,4,4
18476,79,79,0,0
18477,107,109,-2,2
18478,76,88,-12,12
18479,73,77,-4,4
18480,75,69,6,6
18481,150,153,-3,3
18482,149,143,6,6
18483,144,132,12,12
18484,113,109,4,4
18485,62,69,-7,7
18486,108,108,0,0
18487,103,105,-2,2
18488,58,94,-36,36
18489,42,57,-15,15
18490,115,100,15,15
18491,58,86,-28,28
18492,115,102,13,13
18493,109,100,9,9
18494,51,40,11,11
18495,70,68,2,2
18496,68,87,-19,19
18497,143,139,4,4
18498,83,73,10,10
18499,116,108,8,8
18500,45,48,-3,3
18501,90,86,4,4
18502,67,66,1,1
18503,100,100,0,0
18504,113,117,-4,4
18505,30,41,-11,11
18506,98,98,0,0
18507,67,72,-5,5
18508,53,58,-5,5
18509,105,103,2,2
18510,123,128,-5,5
18511,57,61,-4,4
18512,125,112,13,13
18513,98,91,7,7
18514,111,115,-4,4
18515,122,115,7,7
18516,117,120,-3,3
18517,74,75,-1,1
18518,84,79,5,5
18519,143,142,1,1
18520,121,114,7,7
18521,121,118,3,3
18522,99,95,4,4
18523,103,91,12,12
18524,104,88,16,16
18525,63,59,4,4
18526,222,190,32,32
18527,113,103,10,10
18528,88,92,-4,4
18529,122,103,19,19
18530,109,119,-10,10
18531,72,69,3,3
18532,64,64,0,0
18533,144,135,9,9
18534,82,79,3,3
18535,82,85,-3,3
18536,162,156,6,6
18537,112,119,-7,7
18538,62,65,-3,3
18539,78,97,-19,19
18540,48,46,2,2
18541,90,87,3,3
18542,130,117,13,13
18543,70,71,-1,1
18544,141,151,-10,10
18545,138,131,7,7
18546,126,103,23,23
18547,71,72,-1,1
18548,89,92,-3,3
18549,138,133,5,5
18550,70,64,6,6
18551,123,114,9,9
18552,72,75,-3,3
18553,107,108,-1,1
18554,58,58,0,0
18555,90,83,7,7
18556,136,139,-3,3
18557,163,156,7,7
18558,108,99,9,9
18559,83,69,14,14
18560,117,116,1,1
18561,142,137,5,5
18562,69,69,0,0
18563,100,88,12,12
18564,211,189,22,22
18565,148,147,1,1
18566,82,78,4,4
18567,86,87,-1,1
18568,201,191,10,10
18569,113,120,-7,7
18570,126,125,1,1
18571,64,61,3,3
18572,98,96,2,2
18573,51,50,1,1
18574,93,103,-10,10
18575,60,62,-2,2
18576,82,78,4,4
18577,95,112,-17,17
18578,94,82,12,12
18579,81,79,2,2
18580,111,116,-5,5
18581,63,72,-9,9
18582,55,57,-2,2
18583,142,140,2,2
18584,139,128,11,11
18585,118,112,6,6
18586,209,172,37,37
18587,73,71,2,2
18588,103,106,-3,3
18589,118,121,-3,3
18590,124,120,4,4
18591,79,88,-9,9
18592,124,117,7,7
18593,129,125,4,4
18594,91,87,4,4
18595,83,87,-4,4
18596,120,105,15,15
18597,91,82,9,9
18598,101,98,3,3
18599,117,109,8,8
18600,154,142,12,12
18601,83,81,2,2
18602,113,113,0,0
18603,83,83,0,0
18604,106,114,-8,8
18605,47,52,-5,5
18606,63,64,-1,1
18607,99,93,6,6
18608,47,68,-21,21
18609,111,103,8,8
18610,111,103,8,8
18611,152,142,10,10
18612,91,102,-11,11
18613,111,110,1,1
18614,103,116,-13,13
18615,80,82,-2,2
18616,133,128,5,5
18617,83,77,6,6
18618,67,62,5,5
18619,124,130,-6,6
18620,93,101,-8,8
18621,80,80,0,0
18622,64,72,-8,8
18623,74,84,-10,10
18624,92,91,1,1
18625,122,112,10,10
18626,92,103,-11,11
18627,111,114,-3,3
18628,148,131,17,17
18629,102,93,9,9
18630,101,97,4,4
18631,89,85,4,4
18632,94,103,-9,9
18633,78,77,1,1
18634,88,76,12,12
18635,87,99,-12,12
18636,59,53,6,6
18637,75,84,-9,9
18638,101,103,-2,2
18639,96,100,-4,4
18640,64,65,-1,1
18641,106,97,9,9
18642,90,90,0,0
18643,95,97,-2,2
18644,107,107,0,0
18645,95,96,-1,1
18646,78,83,-5,5
18647,124,155,-31,31
18648,142,145,-3,3
18649,73,71,2,2
18650,111,111,0,0
18651,92,77,15,15
18652,205,182,23,23
18653,93,89,4,4
18654,87,98,-11,11
18655,43,38,5,5
18656,51,57,-6,6
18657,102,102,0,0
18658,85,97,-12,12
18659,152,147,5,5
18660,69,68,1,1
18661,47,51,-4,4
18662,52,58,-6,6
18663,94,99,-5,5
18664,149,141,8,8
18665,81,69,12,12
18666,96,84,12,12
18667,88,83,5,5
18668,81,75,6,6
18669,129,123,6,6
18670,107,130,-23,23
18671,93,83,10,10
18672,90,90,0,0
18673,72,77,-5,5
18674,82,80,2,2
18675,73,74,-1,1
18676,102,101,1,1
18677,52,62,-10,10
18678,79,86,-7,7
18679,131,121,10,10
18680,56,54,2,2
18681,58,55,3,3
18682,66,66,0,0
18683,58,65,-7,7
18684,76,79,-3,3
18685,83,79,4,4
18686,84,81,3,3
18687,100,104,-4,4
18688,114,102,12,12
18689,112,114,-2,2
18690,104,96,8,8
18691,110,110,0,0
18692,160,161,-1,1
18693,98,98,0,0
18694,122,121,1,1
18695,39,43,-4,4
18696,120,121,-1,1
18697,84,82,2,2
18698,64,84,-20,20
18699,87,96,-9,9
18700,102,99,3,3
18701,87,85,2,2
18702,76,71,5,5
18703,132,127,5,5
18704,65,61,4,4
18705,136,121,15,15
18706,87,74,13,13
18707,93,85,8,8
18708,130,124,6,6
18709,96,92,4,4
18710,93,86,7,7
18711,67,74,-7,7
18712,116,116,0,0
18713,81,85,-4,4
18714,107,109,-2,2
18715,70,64,6,6
18716,113,107,6,6
18717,78,80,-2,2
18718,93,85,8,8
18719,62,73,-11,11
18720,43,44,-1,1
18721,81,75,6,6
18722,85,85,0,0
18723,128,117,11,11
18724,110,113,-3,3
18725,37,33,4,4
18726,66,74,-8,8
18727,56,55,1,1
18728,95,91,4,4
18729,95,94,1,1
18730,92,88,4,4
18731,99,103,-4,4
18732,75,81,-6,6
18733,186,161,25,25
18734,30,33,-3,3
18735,63,68,-5,5
18736,60,53,7,7
18737,38,42,-4,4
18738,70,77,-7,7
18739,85,82,3,3
18740,71,61,10,10
18741,122,124,-2,2
18742,45,44,1,1
18743,94,87,7,7
18744,133,127,6,6
18745,89,79,10,10
18746,85,78,7,7
18747,80,79,1,1
18748,141,128,13,13
18749,108,105,3,3
18750,39,52,-13,13
18751,85,100,-15,15
18752,99,99,0,0
18753,81,76,5,5
18754,123,123,0,0
18755,98,93,5,5
18756,81,85,-4,4
18757,110,114,-4,4
18758,64,74,-10,10
18759,75,81,-6,6
18760,59,54,5,5
18761,66,74,-8,8
18762,81,68,13,13
18763,92,89,3,3
18764,115,111,4,4
18765,129,130,-1,1
18766,99,93,6,6
18767,72,77,-5,5
18768,91,90,1,1
18769,69,74,-5,5
18770,80,74,6,6
18771,89,94,-5,5
18772,92,101,-9,9
18773,95,94,1,1
18774,166,151,15,15
18775,61,58,3,3
18776,59,52,7,7
18777,42,54,-12,12
18778,53,60,-7,7
18779,101,99,2,2
18780,90,82,8,8
18781,116,108,8,8
18782,83,76,7,7
18783,89,86,3,3
18784,121,117,4,4
18785,74,59,15,15
18786,113,101,12,12
18787,85,85,0,0
18788,137,134,3,3
18789,72,85,-13,13
18790,78,68,10,10
18791,113,120,-7,7
18792,144,118,26,26
18793,54,56,-2,2
18794,74,72,2,2
18795,72,71,1,1
18796,73,75,-2,2
18797,163,143,20,20
18798,96,95,1,1
18799,90,85,5,5
18800,64,65,-1,1
18801,61,63,-2,2
18802,79,78,1,1
18803,118,122,-4,4
18804,70,71,-1,1
18805,108,105,3,3
18806,83,105,-22,22
18807,55,59,-4,4
18808,139,137,2,2
18809,49,50,-1,1
18810,159,148,11,11
18811,30,44,-14,14
18812,111,115,-4,4
18813,112,109,3,3
18814,149,150,-1,1
18815,104,98,6,6
18816,166,139,27,27
18817,76,72,4,4
18818,128,134,-6,6
18819,54,62,-8,8
18820,99,101,-2,2
18821,53,52,1,1
18822,98,92,6,6
18823,94,99,-5,5
18824,144,140,4,4
18825,47,46,1,1
18826,124,129,-5,5
18827,137,149,-12,12
18828,55,51,4,4
18829,79,70,9,9
18830,103,103,0,0
18831,67,73,-6,6
18832,45,44,1,1
18833,129,116,13,13
18834,33,54,-21,21
18835,108,107,1,1
18836,68,67,1,1
18837,165,156,9,9
18838,108,98,10,10
18839,142,122,20,20
18840,108,108,0,0
18841,56,62,-6,6
18842,73,77,-4,4
18843,121,118,3,3
18844,139,142,-3,3
18845,124,120,4,4
18846,59,60,-1,1
18847,98,117,-19,19
18848,42,42,0,0
18849,94,100,-6,6
18850,120,110,10,10
18851,64,68,-4,4
18852,52,61,-9,9
18853,193,183,10,10
18854,99,94,5,5
18855,73,79,-6,6
18856,166,134,32,32
18857,116,115,1,1
18858,69,87,-18,18
18859,67,68,-1,1
18860,81,74,7,7
18861,112,102,10,10
18862,120,105,15,15
18863,67,58,9,9
18864,105,90,15,15
18865,146,134,12,12
18866,110,100,10,10
18867,90,90,0,0
18868,94,83,11,11
18869,106,122,-16,16
18870,95,92,3,3
18871,112,112,0,0
18872,104,94,10,10
18873,60,66,-6,6
18874,93,75,18,18
18875,171,170,1,1
18876,57,57,0,0
18877,106,99,7,7
18878,83,86,-3,3
18879,65,58,7,7
18880,111,110,1,1
18881,117,120,-3,3
18882,71,75,-4,4
18883,46,53,-7,7
18884,87,101,-14,14
18885,80,76,4,4
18886,58,63,-5,5
18887,47,66,-19,19
18888,196,178,18,18
18889,100,102,-2,2
18890,122,126,-4,4
18891,126,127,-1,1
18892,61,65,-4,4
18893,68,75,-7,7
18894,90,98,-8,8
18895,96,99,-3,3
18896,154,159,-5,5
18897,153,151,2,2
18898,83,81,2,2
18899,130,126,4,4
18900,110,102,8,8
18901,122,118,4,4
18902,85,78,7,7
18903,55,57,-2,2
18904,85,79,6,6
18905,122,119,3,3
18906,71,69,2,2
18907,149,136,13,13
18908,101,98,3,3
18909,81,89,-8,8
18910,95,92,3,3
18911,120,116,4,4
18912,137,140,-3,3
18913,132,142,-10,10
18914,83,77,6,6
18915,121,119,2,2
18916,121,117,4,4
18917,125,140,-15,15
18918,81,82,-1,1
18919,137,140,-3,3
18920,89,84,5,5
18921,113,106,7,7
18922,23,31,-8,8
18923,123,103,20,20
18924,172,169,3,3
18925,64,66,-2,2
18926,122,129,-7,7
18927,67,67,0,0
18928,86,83,3,3
18929,42,53,-11,11
18930,126,119,7,7
18931,148,130,18,18
18932,81,72,9,9
18933,78,78,0,0
18934,74,73,1,1
18935,52,58,-6,6
18936,67,69,-2,2
18937,69,69,0,0
18938,76,81,-5,5
18939,56,60,-4,4
18940,103,112,-9,9
18941,86,93,-7,7
18942,67,70,-3,3
18943,74,79,-5,5
18944,61,60,1,1
18945,42,58,-16,16
18946,106,101,5,5
18947,59,60,-1,1
18948,65,62,3,3
18949,148,151,-3,3
18950,161,153,8,8
18951,140,131,9,9
18952,140,134,6,6
18953,70,75,-5,5
18954,157,144,13,13
18955,70,78,-8,8
18956,110,119,-9,9
18957,132,153,-21,21
18958,40,61,-21,21
18959,115,105,10,10
18960,165,161,4,4
18961,46,59,-13,13
18962,108,117,-9,9
18963,145,139,6,6
18964,153,142,11,11
18965,64,64,0,0
18966,104,104,0,0
18967,104,90,14,14
18968,103,91,12,12
18969,99,107,-8,8
18970,58,62,-4,4
18971,78,75,3,3
18972,116,118,-2,2
18973,95,109,-14,14
18974,77,73,4,4
18975,100,99,1,1
18976,147,141,6,6
18977,73,73,0,0
18978,90,92,-2,2
18979,91,89,2,2
18980,136,129,7,7
18981,156,141,15,15
18982,71,71,0,0
18983,65,63,2,2
18984,82,79,3,3
18985,116,113,3,3
18986,134,125,9,9
18987,70,74,-4,4
18988,98,95,3,3
18989,194,180,14,14
18990,58,64,-6,6
18991,111,148,-37,37
18992,55,57,-2,2
18993,105,103,2,2
18994,85,84,1,1
18995,105,95,10,10
18996,83,88,-5,5
18997,96,86,10,10
18998,83,78,5,5
18999,153,149,4,4
19000,81,80,1,1
19001,60,64,-4,4
19002,137,138,-1,1
19003,140,132,8,8
19004,88,89,-1,1
19005,124,123,1,1
19006,101,95,6,6
19007,84,78,6,6
19008,99,94,5,5
19009,59,52,7,7
19010,83,91,-8,8
19011,113,119,-6,6
19012,83,84,-1,1
19013,65,68,-3,3
19014,52,61,-9,9
19015,120,123,-3,3
19016,102,89,13,13
19017,50,80,-30,30
19018,134,137,-3,3
19019,90,86,4,4
19020,79,74,5,5
19021,78,82,-4,4
19022,122,112,10,10
19023,69,72,-3,3
19024,72,71,1,1
19025,71,74,-3,3
19026,112,99,13,13
19027,111,99,12,12
19028,96,99,-3,3
19029,96,91,5,5
19030,67,69,-2,2
19031,102,103,-1,1
19032,71,77,-6,6
19033,147,143,4,4
19034,123,126,-3,3
19035,89,75,14,14
19036,72,78,-6,6
19037,81,83,-2,2
19038,61,61,0,0
19039,79,73,6,6
19040,112,102,10,10
19041,167,171,-4,4
19042,74,78,-4,4
19043,122,112,10,10
19044,78,85,-7,7
19045,64,68,-4,4
19046,72,75,-3,3
19047,90,81,9,9
19048,86,75,11,11
19049,122,117,5,5
19050,70,64,6,6
19051,80,78,2,2
19052,55,57,-2,2
19053,86,77,9,9
19054,117,115,2,2
19055,95,93,2,2
19056,88,85,3,3
19057,123,110,13,13
19058,102,93,9,9
19059,73,69,4,4
19060,33,35,-2,2
19061,133,118,15,15
19062,65,73,-8,8
19063,75,66,9,9
19064,39,40,-1,1
19065,119,109,10,10
19066,88,86,2,2
19067,110,97,13,13
19068,59,63,-4,4
19069,94,102,-8,8
19070,90,83,7,7
19071,64,65,-1,1
19072,111,109,2,2
19073,95,94,1,1
19074,77,76,1,1
19075,60,60,0,0
19076,151,146,5,5
19077,90,82,8,8
19078,65,72,-7,7
19079,100,110,-10,10
19080,59,63,-4,4
19081,89,85,4,4
19082,91,100,-9,9
19083,152,145,7,7
19084,58,56,2,2
19085,98,106,-8,8
19086,111,105,6,6
19087,94,85,9,9
19088,98,101,-3,3
19089,99,89,10,10
19090,132,127,5,5
19091,99,117,-18,18
19092,163,173,-10,10
19093,105,96,9,9
19094,109,112,-3,3
19095,49,50,-1,1
19096,97,111,-14,14
19097,153,138,15,15
19098,73,102,-29,29
19099,71,73,-2,2
19100,89,81,8,8
19101,110,95,15,15
19102,73,74,-1,1
19103,151,130,21,21
19104,146,139,7,7
19105,74,73,1,1
19106,76,69,7,7
19107,57,125,-68,68
19108,96,84,12,12
19109,143,123,20,20
19110,98,83,15,15
19111,74,77,-3,3
19112,78,74,4,4
19113,139,152,-13,13
19114,81,83,-2,2
19115,74,80,-6,6
19116,81,81,0,0
19117,149,163,-14,14
19118,59,67,-8,8
19119,92,97,-5,5
19120,88,82,6,6
19121,94,92,2,2
19122,106,104,2,2
19123,143,124,19,19
19124,61,68,-7,7
19125,84,79,5,5
19126,107,112,-5,5
19127,129,134,-5,5
19128,80,78,2,2
19129,89,91,-2,2
19130,159,153,6,6
19131,44,50,-6,6
19132,116,119,-3,3
19133,79,79,0,0
19134,82,74,8,8
19135,77,76,1,1
19136,124,112,12,12
19137,97,99,-2,2
19138,62,69,-7,7
19139,65,70,-5,5
19140,78,72,6,6
19141,105,103,2,2
19142,107,114,-7,7
19143,60,65,-5,5
19144,63,62,1,1
19145,71,71,0,0
19146,122,124,-2,2
19147,76,75,1,1
19148,137,139,-2,2
19149,89,86,3,3
19150,87,92,-5,5
19151,147,144,3,3
19152,121,134,-13,13
19153,91,81,10,10
19154,62,63,-1,1
19155,77,83,-6,6
19156,95,89,6,6
19157,71,72,-1,1
19158,129,138,-9,9
19159,114,114,0,0
19160,196,181,15,15
19161,113,113,0,0
19162,122,110,12,12
19163,120,109,11,11
19164,104,117,-13,13
19165,99,95,4,4
19166,80,79,1,1
19167,69,76,-7,7
19168,100,105,-5,5
19169,63,66,-3,3
19170,145,132,13,13
19171,55,50,5,5
19172,91,84,7,7
19173,148,139,9,9
19174,75,70,5,5
19175,106,103,3,3
19176,179,163,16,16
19177,86,94,-8,8
19178,72,74,-2,2
19179,127,131,-4,4
19180,68,64,4,4
19181,69,84,-15,15
19182,136,139,-3,3
19183,91,86,5,5
19184,102,105,-3,3
19185,128,118,10,10
19186,94,89,5,5
19187,105,102,3,3
19188,146,134,12,12
19189,72,67,5,5
19190,105,101,4,4
19191,137,128,9,9
19192,169,163,6,6
19193,130,155,-25,25
19194,126,124,2,2
19195,125,116,9,9
19196,102,102,0,0
19197,74,69,5,5
19198,74,86,-12,12
19199,97,96,1,1
19200,113,112,1,1
19201,54,56,-2,2
19202,127,109,18,18
19203,73,80,-7,7
19204,145,150,-5,5
19205,117,113,4,4
19206,123,119,4,4
19207,188,164,24,24
19208,75,80,-5,5
19209,76,84,-8,8
19210,45,47,-2,2
19211,86,83,3,3
19212,74,77,-3,3
19213,103,112,-9,9
19214,140,124,16,16
19215,95,94,1,1
19216,102,104,-2,2
19217,34,40,-6,6
19218,101,94,7,7
19219,62,73,-11,11
19220,81,86,-5,5
19221,84,83,1,1
19222,114,124,-10,10
19223,90,82,8,8
19224,66,95,-29,29
19225,98,97,1,1
19226,68,75,-7,7
19227,115,107,8,8
19228,101,81,20,20
19229,137,122,15,15
19230,125,124,1,1
19231,84,84,0,0
19232,43,56,-13,13
19233,99,92,7,7
19234,126,128,-2,2
19235,97,95,2,2
19236,105,99,6,6
19237,74,78,-4,4
19238,108,104,4,4
19239,70,65,5,5
19240,49,55,-6,6
19241,133,127,6,6
19242,105,97,8,8
19243,147,147,0,0
19244,98,97,1,1
19245,124,117,7,7
19246,73,74,-1,1
19247,78,71,7,7
19248,106,109,-3,3
19249,63,60,3,3
19250,87,88,-1,1
19251,80,76,4,4
19252,101,97,4,4
19253,80,79,1,1
19254,107,95,12,12
19255,65,71,-6,6
19256,62,58,4,4
19257,124,124,0,0
19258,37,38,-1,1
19259,109,103,6,6
19260,48,56,-8,8
19261,152,136,16,16
19262,163,157,6,6
19263,126,120,6,6
19264,62,87,-25,25
19265,128,135,-7,7
19266,104,102,2,2
19267,110,123,-13,13
19268,79,82,-3,3
19269,79,79,0,0
19270,145,137,8,8
19271,74,80,-6,6
19272,59,63,-4,4
19273,107,105,2,2
19274,88,89,-1,1
19275,47,63,-16,16
19276,111,115,-4,4
19277,108,102,6,6
19278,133,119,14,14
19279,155,159,-4,4
19280,85,83,2,2
19281,135,122,13,13
19282,104,97,7,7
19283,149,154,-5,5
19284,78,78,0,0
19285,76,75,1,1
19286,96,98,-2,2
19287,130,118,12,12
19288,90,83,7,7
19289,55,85,-30,30
19290,123,129,-6,6
19291,65,65,0,0
19292,69,63,6,6
19293,50,58,-8,8
19294,51,60,-9,9
19295,81,71,10,10
19296,108,106,2,2
19297,81,81,0,0
19298,42,43,-1,1
19299,141,118,23,23
19300,66,73,-7,7
19301,103,98,5,5
19302,147,138,9,9
19303,105,89,16,16
19304,136,114,22,22
19305,58,65,-7,7
19306,108,92,16,16
19307,63,61,2,2
19308,116,117,-1,1
19309,147,137,10,10
19310,73,71,2,2
19311,92,93,-1,1
19312,63,67,-4,4
19313,98,99,-1,1
19314,153,149,4,4
19315,98,93,5,5
19316,68,76,-8,8
19317,70,58,12,12
19318,69,128,-59,59
19319,68,66,2,2
19320,66,65,1,1
19321,83,83,0,0
19322,113,104,9,9
19323,123,110,13,13
19324,39,41,-2,2
19325,127,114,13,13
19326,119,121,-2,2
19327,80,79,1,1
19328,202,219,-17,17
19329,71,78,-7,7
19330,49,53,-4,4
19331,73,81,-8,8
19332,90,98,-8,8
19333,86,84,2,2
19334,71,82,-11,11
19335,62,69,-7,7
19336,89,82,7,7
19337,205,184,21,21
19338,157,132,25,25
19339,95,107,-12,12
19340,54,64,-10,10
19341,86,91,-5,5
19342,105,105,0,0
19343,51,63,-12,12
19344,56,67,-11,11
19345,142,147,-5,5
19346,151,135,16,16
19347,72,71,1,1
19348,71,83,-12,12
19349,73,69,4,4
19350,58,60,-2,2
19351,175,200,-25,25
19352,132,126,6,6
19353,102,102,0,0
19354,115,113,2,2
19355,92,103,-11,11
19356,77,77,0,0
19357,113,110,3,3
19358,103,107,-4,4
19359,147,159,-12,12
19360,93,110,-17,17
19361,105,107,-2,2
19362,95,85,10,10
19363,158,148,10,10
19364,117,116,1,1
19365,113,122,-9,9
19366,84,75,9,9
19367,64,70,-6,6
19368,98,99,-1,1
19369,91,97,-6,6
19370,106,93,13,13
19371,57,66,-9,9
19372,130,126,4,4
19373,67,75,-8,8
19374,60,64,-4,4
19375,80,74,6,6
19376,109,108,1,1
19377,56,81,-25,25
19378,61,70,-9,9
19379,162,153,9,9
19380,105,101,4,4
19381,118,114,4,4
19382,88,83,5,5
19383,61,54,7,7
19384,101,95,6,6
19385,130,131,-1,1
19386,116,105,11,11
19387,66,68,-2,2
19388,67,70,-3,3
19389,68,76,-8,8
19390,54,56,-2,2
19391,76,74,2,2
19392,91,89,2,2
19393,48,46,2,2
19394,108,106,2,2
19395,50,54,-4,4
19396,121,130,-9,9
19397,55,52,3,3
19398,99,94,5,5
19399,109,111,-2,2
19400,129,121,8,8
19401,59,57,2,2
19402,193,185,8,8
19403,115,110,5,5
19404,168,167,1,1
19405,109,107,2,2
19406,79,87,-8,8
19407,69,69,0,0
19408,124,124,0,0
19409,86,96,-10,10
19410,108,102,6,6
19411,57,59,-2,2
19412,69,59,10,10
19413,73,77,-4,4
19414,93,100,-7,7
19415,108,101,7,7
19416,47,48,-1,1
19417,96,90,6,6
19418,136,142,-6,6
19419,62,50,12,12
19420,35,48,-13,13
19421,168,174,-6,6
19422,72,63,9,9
19423,53,55,-2,2
19424,181,174,7,7
19425,106,99,7,7
19426,110,121,-11,11
19427,71,72,-1,1
19428,81,90,-9,9
19429,66,67,-1,1
19430,96,103,-7,7
19431,94,87,7,7
19432,101,89,12,12
19433,56,60,-4,4
19434,161,148,13,13
19435,120,112,8,8
19436,90,90,0,0
19437,74,77,-3,3
19438,119,112,7,7
19439,120,116,4,4
19440,116,136,-20,20
19441,72,74,-2,2
19442,100,88,12,12
19443,72,72,0,0
19444,152,150,2,2
19445,65,74,-9,9
19446,84,80,4,4
19447,100,97,3,3
19448,116,103,13,13
19449,88,86,2,2
19450,94,103,-9,9
19451,76,75,1,1
19452,70,76,-6,6
19453,72,93,-21,21
19454,114,111,3,3
19455,95,95,0,0
19456,88,80,8,8
19457,103,123,-20,20
19458,82,81,1,1
19459,66,76,-10,10
19460,126,114,12,12
19461,215,223,-8,8
19462,127,124,3,3
19463,71,70,1,1
19464,106,91,15,15
19465,125,127,-2,2
19466,98,90,8,8
19467,80,94,-14,14
19468,76,79,-3,3
19469,126,123,3,3
19470,45,49,-4,4
19471,98,98,0,0
19472,75,75,0,0
19473,76,69,7,7
19474,103,104,-1,1
19475,149,140,9,9
19476,110,109,1,1
19477,71,72,-1,1
19478,121,137,-16,16
19479,86,84,2,2
19480,44,38,6,6
19481,126,124,2,2
19482,145,128,17,17
19483,94,103,-9,9
19484,49,58,-9,9
19485,99,95,4,4
19486,75,84,-9,9
19487,77,92,-15,15
19488,65,74,-9,9
19489,117,113,4,4
19490,87,81,6,6
19491,87,100,-13,13
19492,138,137,1,1
19493,66,67,-1,1
19494,100,85,15,15
19495,107,98,9,9
19496,82,106,-24,24
19497,76,83,-7,7
19498,67,72,-5,5
19499,40,48,-8,8
19500,88,92,-4,4
19501,184,170,14,14
19502,92,81,11,11
19503,134,135,-1,1
19504,105,104,1,1
19505,112,113,-1,1
19506,70,71,-1,1
19507,70,73,-3,3
19508,57,63,-6,6
19509,120,117,3,3
19510,98,102,-4,4
19511,115,108,7,7
19512,84,95,-11,11
19513,97,91,6,6
19514,85,84,1,1
19515,67,71,-4,4
19516,93,81,12,12
19517,123,119,4,4
19518,52,99,-47,47
19519,113,107,6,6
19520,63,66,-3,3
19521,97,89,8,8
19522,103,98,5,5
19523,91,98,-7,7
19524,74,77,-3,3
19525,110,118,-8,8
19526,162,153,9,9
19527,98,97,1,1
19528,103,97,6,6
19529,96,105,-9,9
19530,35,38,-3,3
19531,85,88,-3,3
19532,69,72,-3,3
19533,80,70,10,10
19534,60,63,-3,3
19535,87,100,-13,13
19536,77,76,1,1
19537,139,133,6,6
19538,51,57,-6,6
19539,122,110,12,12
19540,125,116,9,9
19541,63,57,6,6
19542,125,117,8,8
19543,85,94,-9,9
19544,112,110,2,2
19545,58,65,-7,7
19546,104,102,2,2
19547,120,112,8,8
19548,43,49,-6,6
19549,90,101,-11,11
19550,29,27,2,2
19551,92,82,10,10
19552,99,81,18,18
19553,55,60,-5,5
19554,66,65,1,1
19555,78,75,3,3
19556,67,63,4,4
19557,91,82,9,9
19558,143,128,15,15
19559,86,96,-10,10
19560,57,69,-12,12
19561,96,85,11,11
19562,101,113,-12,12
19563,58,54,4,4
19564,113,104,9,9
19565,44,37,7,7
19566,140,120,20,20
19567,150,149,1,1
19568,117,122,-5,5
19569,86,86,0,0
19570,99,89,10,10
19571,114,103,11,11
19572,81,78,3,3
19573,64,59,5,5
19574,132,132,0,0
19575,82,81,1,1
19576,141,133,8,8
19577,68,82,-14,14
19578,137,126,11,11
19579,75,73,2,2
19580,71,69,2,2
19581,59,65,-6,6
19582,45,36,9,9
19583,70,68,2,2
19584,107,103,4,4
19585,59,61,-2,2
19586,41,44,-3,3
19587,65,71,-6,6
19588,50,50,0,0
19589,88,88,0,0
19590,114,112,2,2
19591,64,59,5,5
19592,154,158,-4,4
19593,64,73,-9,9
19594,46,68,-22,22
19595,120,117,3,3
19596,80,79,1,1
19597,52,50,2,2
19598,88,106,-18,18
19599,65,87,-22,22
19600,49,56,-7,7
19601,82,93,-11,11
19602,108,118,-10,10
19603,59,68,-9,9
19604,68,71,-3,3
19605,99,87,12,12
19606,100,98,2,2
19607,100,90,10,10
19608,156,145,11,11
19609,91,98,-7,7
19610,152,147,5,5
19611,125,114,11,11
19612,60,61,-1,1
19613,43,50,-7,7
19614,48,46,2,2
19615,94,99,-5,5
19616,70,67,3,3
19617,52,50,2,2
19618,70,69,1,1
19619,154,139,15,15
19620,133,133,0,0
19621,72,72,0,0
19622,79,84,-5,5
19623,111,117,-6,6
19624,72,71,1,1
19625,147,154,-7,7
19626,94,87,7,7
19627,41,42,-1,1
19628,79,84,-5,5
19629,61,59,2,2
19630,68,75,-7,7
19631,70,68,2,2
19632,80,83,-3,3
19633,58,68,-10,10
19634,45,50,-5,5
19635,187,170,17,17
19636,84,81,3,3
19637,76,74,2,2
19638,154,147,7,7
19639,139,128,11,11
19640,173,163,10,10
19641,75,68,7,7
19642,148,137,11,11
19643,174,165,9,9
19644,100,108,-8,8
19645,29,30,-1,1
19646,102,93,9,9
19647,67,71,-4,4
19648,51,50,1,1
19649,133,112,21,21
19650,36,36,0,0
19651,66,60,6,6
19652,65,61,4,4
19653,73,75,-2,2
19654,151,136,15,15
19655,87,79,8,8
19656,138,145,-7,7
19657,65,67,-2,2
19658,97,90,7,7
19659,84,84,0,0
19660,171,163,8,8
19661,110,106,4,4
19662,120,112,8,8
19663,99,94,5,5
19664,135,147,-12,12
19665,90,86,4,4
19666,70,69,1,1
19667,99,102,-3,3
19668,58,61,-3,3
19669,109,131,-22,22
19670,77,77,0,0
19671,74,73,1,1
19672,134,132,2,2
19673,130,115,15,15
19674,65,68,-3,3
19675,109,103,6,6
19676,75,79,-4,4
19677,125,123,2,2
19678,99,96,3,3
19679,147,146,1,1
19680,160,152,8,8
19681,49,48,1,1
19682,62,68,-6,6
19683,332,302,30,30
19684,127,121,6,6
19685,34,36,-2,2
19686,145,138,7,7
19687,108,101,7,7
19688,66,70,-4,4
19689,65,69,-4,4
19690,157,144,13,13
19691,89,83,6,6
19692,97,104,-7,7
19693,116,111,5,5
19694,102,101,1,1
19695,118,125,-7,7
19696,161,156,5,5
19697,97,95,2,2
19698,40,39,1,1
19699,63,64,-1,1
19700,70,79,-9,9
19701,83,79,4,4
19702,100,102,-2,2
19703,76,75,1,1
19704,105,102,3,3
19705,72,86,-14,14
19706,69,82,-13,13
19707,136,139,-3,3
19708,126,108,18,18
19709,130,135,-5,5
19710,116,116,0,0
19711,87,83,4,4
19712,100,102,-2,2
19713,100,93,7,7
19714,55,60,-5,5
19715,92,91,1,1
19716,101,97,4,4
19717,149,150,-1,1
19718,98,85,13,13
19719,89,87,2,2
19720,40,57,-17,17
19721,91,84,7,7
19722,103,104,-1,1
19723,88,80,8,8
19724,76,87,-11,11
19725,43,56,-13,13
19726,60,61,-1,1
19727,165,151,14,14
19728,148,154,-6,6
19729,114,110,4,4
19730,97,83,14,14
19731,141,140,1,1
19732,82,95,-13,13
19733,89,85,4,4
19734,141,139,2,2
19735,31,43,-12,12
19736,87,98,-11,11
19737,83,86,-3,3
19738,64,68,-4,4
19739,68,74,-6,6
19740,75,71,4,4
19741,102,101,1,1
19742,54,60,-6,6
19743,108,114,-6,6
19744,104,90,14,14
19745,132,130,2,2
19746,77,73,4,4
19747,130,126,4,4
19748,46,42,4,4
19749,83,54,29,29
19750,79,86,-7,7
19751,180,164,16,16
19752,118,124,-6,6
19753,105,114,-9,9
19754,93,95,-2,2
19755,81,76,5,5
19756,61,68,-7,7
19757,142,140,2,2
19758,93,94,-1,1
19759,100,99,1,1
19760,146,134,12,12
19761,64,68,-4,4
19762,116,111,5,5
19763,55,61,-6,6
19764,55,64,-9,9
19765,86,97,-11,11
19766,90,86,4,4
19767,146,141,5,5
19768,55,55,0,0
19769,76,78,-2,2
19770,48,61,-13,13
19771,84,69,15,15
19772,62,61,1,1
19773,93,86,7,7
19774,104,99,5,5
19775,108,105,3,3
19776,83,87,-4,4
19777,57,54,3,3
19778,76,76,0,0
19779,100,127,-27,27
19780,96,95,1,1
19781,124,94,30,30
19782,55,70,-15,15
19783,61,67,-6,6
19784,104,101,3,3
19785,70,74,-4,4
19786,94,84,10,10
19787,64,68,-4,4
19788,113,116,-3,3
19789,92,92,0,0
19790,136,141,-5,5
19791,115,109,6,6
19792,103,112,-9,9
19793,84,84,0,0
19794,60,64,-4,4
19795,83,115,-32,32
19796,127,126,1,1
19797,137,126,11,11
19798,64,57,7,7
19799,180,172,8,8
19800,144,130,14,14
19801,82,75,7,7
19802,89,80,9,9
19803,122,131,-9,9
19804,85,84,1,1
19805,127,119,8,8
19806,86,79,7,7
19807,81,84,-3,3
19808,102,99,3,3
19809,104,83,21,21
19810,47,46,1,1
19811,163,147,16,16
19812,102,100,2,2
19813,152,138,14,14
19814,139,128,11,11
19815,88,77,11,11
19816,57,53,4,4
19817,79,73,6,6
19818,60,48,12,12
19819,104,92,12,12
19820,92,86,6,6
19821,74,74,0,0
19822,94,87,7,7
19823,102,107,-5,5
19824,109,102,7,7
19825,86,81,5,5
19826,85,77,8,8
19827,86,79,7,7
19828,158,142,16,16
19829,78,78,0,0
19830,72,70,2,2
19831,127,122,5,5
19832,81,82,-1,1
19833,99,99,0,0
19834,64,68,-4,4
19835,137,140,-3,3
19836,99,103,-4,4
19837,74,78,-4,4
19838,80,86,-6,6
19839,99,106,-7,7
19840,95,98,-3,3
19841,48,52,-4,4
19842,77,75,2,2
19843,88,96,-8,8
19844,99,97,2,2
19845,87,83,4,4
19846,75,79,-4,4
19847,103,105,-2,2
19848,190,182,8,8
19849,88,67,21,21
19850,85,85,0,0
19851,59,53,6,6
19852,63,78,-15,15
19853,85,84,1,1
19854,67,86,-19,19
19855,76,82,-6,6
19856,115,112,3,3
19857,62,66,-4,4
19858,61,67,-6,6
19859,147,142,5,5
19860,153,144,9,9
19861,68,61,7,7
19862,106,113,-7,7
19863,79,78,1,1
19864,165,152,13,13
19865,63,62,1,1
19866,106,108,-2,2
19867,74,77,-3,3
19868,135,127,8,8
19869,76,80,-4,4
19870,113,118,-5,5
19871,77,77,0,0
19872,67,73,-6,6
19873,93,110,-17,17
19874,170,165,5,5
19875,77,82,-5,5
19876,88,84,4,4
19877,103,99,4,4
19878,85,84,1,1
19879,82,73,9,9
19880,70,78,-8,8
19881,94,105,-11,11
19882,44,55,-11,11
19883,103,91,12,12
19884,99,98,1,1
19885,67,66,1,1
19886,56,61,-5,5
19887,94,92,2,2
19888,77,78,-1,1
19889,68,68,0,0
19890,125,115,10,10
19891,110,108,2,2
19892,102,86,16,16
19893,57,49,8,8
19894,68,85,-17,17
19895,75,76,-1,1
19896,101,94,7,7
19897,57,55,2,2
19898,93,108,-15,15
19899,52,48,4,4
19900,57,65,-8,8
19901,123,108,15,15
19902,111,117,-6,6
19903,62,65,-3,3
19904,89,100,-11,11
19905,114,105,9,9
19906,45,54,-9,9
19907,79,75,4,4
19908,134,124,10,10
19909,101,95,6,6
19910,92,86,6,6
19911,74,72,2,2
19912,95,89,6,6
19913,49,58,-9,9
19914,86,79,7,7
19915,50,69,-19,19
19916,55,57,-2,2
19917,49,44,5,5
19918,87,88,-1,1
19919,59,69,-10,10
19920,108,110,-2,2
19921,88,87,1,1
19922,118,124,-6,6
19923,108,101,7,7
19924,38,69,-31,31
19925,94,86,8,8
19926,35,41,-6,6
19927,114,115,-1,1
19928,124,115,9,9
19929,108,113,-5,5
19930,129,137,-8,8
19931,69,71,-2,2
19932,108,115,-7,7
19933,66,71,-5,5
19934,62,62,0,0
19935,107,111,-4,4
19936,65,67,-2,2
19937,169,150,19,19
19938,115,108,7,7
19939,116,114,2,2
19940,87,85,2,2
19941,62,63,-1,1
19942,128,120,8,8
19943,126,130,-4,4
19944,139,141,-2,2
19945,217,193,24,24
19946,147,150,-3,3
19947,117,108,9,9
19948,181,184,-3,3
19949,101,127,-26,26
19950,66,72,-6,6
19951,77,74,3,3
19952,110,108,2,2
19953,186,182,4,4
19954,60,63,-3,3
19955,68,70,-2,2
19956,125,124,1,1
19957,52,55,-3,3
19958,75,75,0,0
19959,109,111,-2,2
19960,44,58,-14,14
19961,123,128,-5,5
19962,123,115,8,8
19963,69,68,1,1
19964,51,55,-4,4
19965,148,132,16,16
19966,104,92,12,12
19967,64,65,-1,1
19968,82,90,-8,8
19969,82,77,5,5
19970,135,138,-3,3
19971,54,60,-6,6
19972,88,77,11,11
19973,88,79,9,9
19974,102,101,1,1
19975,45,52,-7,7
19976,85,81,4,4
19977,117,105,12,12
19978,124,115,9,9
19979,60,69,-9,9
19980,40,63,-23,23
19981,133,128,5,5
19982,101,104,-3,3
19983,80,79,1,1
19984,90,109,-19,19
19985,85,86,-1,1
19986,68,73,-5,5
19987,150,150,0,0
19988,86,79,7,7
19989,105,108,-3,3
19990,45,51,-6,6
19991,149,160,-11,11
19992,74,77,-3,3
19993,40,46,-6,6
19994,75,79,-4,4
19995,47,53,-6,6
19996,70,75,-5,5
19997,56,58,-2,2
19998,46,50,-4,4
19999,98,102,-4,4
20000,107,101,6,6
20001,121,110,11,11
20002,192,187,5,5
20003,50,53,-3,3
20004,62,78,-16,16
20005,93,87,6,6
20006,96,84,12,12
20007,72,70,2,2
20008,134,136,-2,2
20009,98,98,0,0
20010,159,138,21,21
20011,115,109,6,6
20012,54,58,-4,4
20013,60,65,-5,5
20014,80,77,3,3
20015,103,103,0,0
20016,89,81,8,8
20017,118,120,-2,2
20018,109,103,6,6
20019,65,72,-7,7
20020,62,71,-9,9
20021,100,99,1,1
20022,127,132,-5,5
20023,54,61,-7,7
20024,113,104,9,9
20025,122,116,6,6
20026,140,125,15,15
20027,71,67,4,4
20028,86,90,-4,4
20029,94,97,-3,3
20030,124,117,7,7
20031,59,65,-6,6
20032,115,106,9,9
20033,61,62,-1,1
20034,65,61,4,4
20035,79,86,-7,7
20036,122,109,13,13
20037,97,103,-6,6
20038,64,70,-6,6
20039,107,100,7,7
20040,109,107,2,2
20041,70,70,0,0
20042,63,64,-1,1
20043,104,101,3,3
20044,88,76,12,12
20045,91,90,1,1
20046,136,137,-1,1
20047,67,68,-1,1
20048,65,65,0,0
20049,97,97,0,0
20050,114,116,-2,2
20051,122,131,-9,9
20052,76,67,9,9
20053,96,101,-5,5
20054,90,81,9,9
20055,68,66,2,2
20056,78,79,-1,1
20057,158,143,15,15
20058,77,80,-3,3
20059,65,65,0,0
20060,126,117,9,9
20061,102,92,10,10
20062,96,86,10,10
20063,120,125,-5,5
20064,44,53,-9,9
20065,68,74,-6,6
20066,170,169,1,1
20067,40,43,-3,3
20068,43,54,-11,11
20069,95,85,10,10
20070,114,105,9,9
20071,60,64,-4,4
20072,35,47,-12,12
20073,70,69,1,1
20074,126,123,3,3
20075,68,69,-1,1
20076,137,140,-3,3
20077,154,127,27,27
20078,139,137,2,2
20079,103,101,2,2
20080,82,73,9,9
20081,94,103,-9,9
20082,136,126,10,10
20083,81,75,6,6
20084,51,42,9,9
20085,126,123,3,3
20086,89,121,-32,32
20087,88,90,-2,2
20088,77,67,10,10
20089,83,84,-1,1
20090,77,67,10,10
20091,84,82,2,2
20092,82,74,8,8
20093,65,69,-4,4
20094,113,101,12,12
20095,78,87,-9,9
20096,54,55,-1,1
20097,94,101,-7,7
20098,59,68,-9,9
20099,117,122,-5,5
20100,78,66,12,12
20101,48,41,7,7
20102,54,66,-12,12
20103,99,103,-4,4
20104,71,71,0,0
20105,136,128,8,8
20106,45,50,-5,5
20107,84,85,-1,1
20108,82,82,0,0
20109,45,54,-9,9
20110,125,104,21,21
20111,50,54,-4,4
20112,71,75,-4,4
20113,89,81,8,8
20114,61,68,-7,7
20115,105,97,8,8
20116,143,139,4,4
20117,185,169,16,16
20118,48,49,-1,1
20119,98,97,1,1
20120,38,47,-9,9
20121,92,84,8,8
20122,139,135,4,4
20123,99,87,12,12
20124,106,104,2,2
20125,60,76,-16,16
20126,96,80,16,16
20127,138,145,-7,7
20128,83,81,2,2
20129,152,122,30,30
20130,115,117,-2,2
20131,84,90,-6,6
20132,133,125,8,8
20133,128,125,3,3
20134,78,78,0,0
20135,93,90,3,3
20136,105,102,3,3
20137,90,90,0,0
20138,205,173,32,32
20139,80,79,1,1
20140,80,78,2,2
20141,118,101,17,17
20142,60,70,-10,10
20143,101,99,2,2
20144,95,92,3,3
20145,130,141,-11,11
20146,113,108,5,5
20147,79,86,-7,7
20148,88,85,3,3
20149,109,104,5,5
20150,98,95,3,3
20151,70,70,0,0
20152,92,94,-2,2
20153,157,163,-6,6
20154,44,50,-6,6
20155,95,86,9,9
20156,87,80,7,7
20157,109,96,13,13
20158,111,110,1,1
20159,86,79,7,7
20160,149,151,-2,2
20161,111,104,7,7
20162,45,47,-2,2
20163,150,147,3,3
20164,89,80,9,9
20165,67,75,-8,8
20166,87,90,-3,3
20167,150,136,14,14
20168,124,105,19,19
20169,96,92,4,4
20170,125,127,-2,2
20171,116,128,-12,12
20172,80,78,2,2
20173,156,132,24,24
20174,159,161,-2,2
20175,108,104,4,4
20176,90,86,4,4
20177,117,106,11,11
20178,139,126,13,13
20179,87,84,3,3
20180,79,69,10,10
20181,103,101,2,2
20182,157,141,16,16
20183,159,170,-11,11
20184,46,79,-33,33
20185,84,81,3,3
20186,62,72,-10,10
20187,99,102,-3,3
20188,62,64,-2,2
20189,87,102,-15,15
20190,186,183,3,3
20191,104,94,10,10
20192,83,80,3,3
20193,82,79,3,3
20194,82,81,1,1
20195,116,117,-1,1
20196,48,46,2,2
20197,72,80,-8,8
20198,81,81,0,0
20199,89,95,-6,6
20200,66,68,-2,2
20201,99,100,-1,1
20202,97,92,5,5
20203,83,81,2,2
20204,57,57,0,0
20205,95,93,2,2
20206,81,81,0,0
20207,77,84,-7,7
20208,65,68,-3,3
20209,109,106,3,3
20210,58,59,-1,1
20211,38,46,-8,8
20212,109,106,3,3
20213,128,123,5,5
20214,68,64,4,4
20215,134,130,4,4
20216,80,83,-3,3
20217,197,182,15,15
20218,105,106,-1,1
20219,78,77,1,1
20220,99,115,-16,16
20221,88,83,5,5
20222,105,101,4,4
20223,63,73,-10,10
20224,76,102,-26,26
20225,80,81,-1,1
20226,68,73,-5,5
20227,97,96,1,1
20228,107,100,7,7
20229,96,76,20,20
20230,120,123,-3,3
20231,110,101,9,9
20232,67,72,-5,5
20233,154,136,18,18
20234,133,117,16,16
20235,98,88,10,10
20236,93,87,6,6
20237,93,93,0,0
20238,95,98,-3,3
20239,96,90,6,6
20240,66,70,-4,4
20241,54,57,-3,3
20242,89,85,4,4
20243,165,153,12,12
20244,189,181,8,8
20245,62,69,-7,7
20246,49,54,-5,5
20247,59,59,0,0
20248,82,79,3,3
20249,75,77,-2,2
20250,121,112,9,9
20251,116,103,13,13
20252,185,184,1,1
20253,139,134,5,5
20254,73,77,-4,4
20255,147,145,2,2
20256,109,118,-9,9
20257,119,115,4,4
20258,83,78,5,5
20259,122,125,-3,3
20260,84,92,-8,8
20261,130,122,8,8
20262,137,143,-6,6
20263,96,99,-3,3
20264,81,80,1,1
20265,123,115,8,8
20266,83,73,10,10
20267,104,98,6,6
20268,121,105,16,16
20269,130,119,11,11
20270,104,99,5,5
20271,107,97,10,10
20272,121,111,10,10
20273,76,79,-3,3
20274,59,66,-7,7
20275,127,127,0,0
20276,179,183,-4,4
20277,70,75,-5,5
20278,83,83,0,0
20279,83,85,-2,2
20280,52,68,-16,16
20281,58,67,-9,9
20282,116,119,-3,3
20283,57,66,-9,9
20284,107,102,5,5
20285,164,162,2,2
20286,110,103,7,7
20287,101,99,2,2
20288,159,149,10,10
20289,103,113,-10,10
20290,133,136,-3,3
20291,59,77,-18,18
20292,93,104,-11,11
20293,129,118,11,11
20294,49,66,-17,17
20295,98,95,3,3
20296,100,94,6,6
20297,131,132,-1,1
20298,140,143,-3,3
20299,87,83,4,4
20300,138,128,10,10
20301,145,143,2,2
20302,124,116,8,8
20303,111,108,3,3
20304,128,120,8,8
20305,83,74,9,9
20306,90,100,-10,10
20307,96,92,4,4
20308,160,152,8,8
20309,75,77,-2,2
20310,83,86,-3,3
20311,115,108,7,7
20312,78,83,-5,5
20313,91,88,3,3
20314,60,59,1,1
20315,92,88,4,4
20316,107,94,13,13
20317,94,102,-8,8
20318,75,105,-30,30
20319,60,63,-3,3
20320,58,66,-8,8
20321,103,103,0,0
20322,68,68,0,0
20323,141,127,14,14
20324,89,96,-7,7
20325,172,157,15,15
20326,147,145,2,2
20327,94,84,10,10
20328,128,124,4,4
20329,76,77,-1,1
20330,97,86,11,11
20331,110,110,0,0
20332,89,88,1,1
20333,72,67,5,5
20334,104,111,-7,7
20335,82,100,-18,18
20336,87,83,4,4
20337,96,86,10,10
20338,94,104,-10,10
20339,158,135,23,23
20340,102,101,1,1
20341,62,68,-6,6
20342,53,61,-8,8
20343,98,92,6,6
20344,96,89,7,7
20345,79,82,-3,3
20346,131,117,14,14
20347,44,53,-9,9
20348,102,89,13,13
20349,69,70,-1,1
20350,106,109,-3,3
20351,128,133,-5,5
20352,49,63,-14,14
20353,123,113,10,10
20354,191,165,26,26
20355,116,103,13,13
20356,127,119,8,8
20357,42,47,-5,5
20358,124,100,24,24
20359,92,100,-8,8
20360,143,130,13,13
20361,68,68,0,0
20362,111,107,4,4
20363,120,131,-11,11
20364,93,86,7,7
20365,46,56,-10,10
20366,116,117,-1,1
20367,84,82,2,2
20368,39,47,-8,8
20369,70,63,7,7
20370,59,74,-15,15
20371,107,125,-18,18
20372,59,61,-2,2
20373,115,108,7,7
20374,92,100,-8,8
20375,105,115,-10,10
20376,110,101,9,9
20377,60,58,2,2
20378,119,106,13,13
20379,106,111,-5,5
20380,90,90,0,0
20381,63,69,-6,6
20382,103,99,4,4
20383,105,110,-5,5
20384,98,100,-2,2
20385,48,47,1,1
20386,110,133,-23,23
20387,119,105,14,14
20388,86,87,-1,1
20389,82,99,-17,17
20390,65,66,-1,1
20391,89,85,4,4
20392,118,121,-3,3
20393,146,135,11,11
20394,65,74,-9,9
20395,125,124,1,1
20396,87,85,2,2
20397,89,94,-5,5
20398,75,74,1,1
20399,87,82,5,5
20400,130,129,1,1
20401,51,54,-3,3
20402,129,133,-4,4
20403,81,77,4,4
20404,80,73,7,7
20405,66,72,-6,6
20406,47,52,-5,5
20407,103,106,-3,3
20408,77,96,-19,19
20409,60,68,-8,8
20410,133,131,2,2
20411,66,68,-2,2
20412,161,151,10,10
20413,101,107,-6,6
20414,80,84,-4,4
20415,124,127,-3,3
20416,140,135,5,5
20417,120,110,10,10
20418,141,129,12,12
20419,90,88,2,2
20420,54,61,-7,7
20421,63,63,0,0
20422,115,117,-2,2
20423,59,70,-11,11
20424,68,73,-5,5
20425,51,56,-5,5
20426,56,62,-6,6
20427,69,80,-11,11
20428,71,73,-2,2
20429,103,105,-2,2
20430,94,99,-5,5
20431,157,170,-13,13
20432,122,115,7,7
20433,111,110,1,1
20434,120,128,-8,8
20435,103,91,12,12
20436,62,71,-9,9
20437,130,130,0,0
20438,81,79,2,2
20439,166,143,23,23
20440,79,83,-4,4
20441,90,91,-1,1
20442,91,93,-2,2
20443,44,47,-3,3
20444,87,91,-4,4
20445,117,115,2,2
20446,101,107,-6,6
20447,106,115,-9,9
20448,102,92,10,10
20449,74,67,7,7
20450,175,161,14,14
20451,71,80,-9,9
20452,122,118,4,4
20453,165,155,10,10
20454,134,124,10,10
20455,192,165,27,27
20456,80,69,11,11
20457,65,66,-1,1
20458,105,110,-5,5
20459,121,113,8,8
20460,84,85,-1,1
20461,106,111,-5,5
20462,91,85,6,6
20463,174,175,-1,1
20464,64,62,2,2
20465,58,65,-7,7
20466,76,68,8,8
20467,70,74,-4,4
20468,143,137,6,6
20469,92,86,6,6
20470,94,94,0,0
20471,95,86,9,9
20472,119,112,7,7
20473,101,90,11,11
20474,110,106,4,4
20475,144,152,-8,8
20476,129,142,-13,13
20477,79,77,2,2
20478,99,103,-4,4
20479,85,81,4,4
20480,142,130,12,12
20481,77,83,-6,6
20482,62,65,-3,3
20483,122,126,-4,4
20484,106,110,-4,4
20485,52,50,2,2
20486,79,75,4,4
20487,95,84,11,11
20488,77,81,-4,4
20489,89,88,1,1
20490,70,77,-7,7
20491,97,92,5,5
20492,100,108,-8,8
20493,79,73,6,6
20494,138,135,3,3
20495,123,111,12,12
20496,152,128,24,24
20497,135,133,2,2
20498,83,82,1,1
20499,118,104,14,14
20500,91,84,7,7
20501,83,82,1,1
20502,77,78,-1,1
20503,69,70,-1,1
20504,68,71,-3,3
20505,139,132,7,7
20506,171,163,8,8
20507,80,79,1,1
20508,83,78,5,5
20509,108,102,6,6
20510,92,91,1,1
20511,59,61,-2,2
20512,74,73,1,1
20513,62,62,0,0
20514,138,130,8,8
20515,55,54,1,1
20516,85,79,6,6
20517,77,77,0,0
20518,39,39,0,0
20519,65,69,-4,4
20520,109,115,-6,6
20521,91,92,-1,1
20522,74,73,1,1
20523,74,79,-5,5
20524,154,147,7,7
20525,153,144,9,9
20526,40,36,4,4
20527,110,108,2,2
20528,63,64,-1,1
20529,114,108,6,6
20530,114,122,-8,8
20531,62,75,-13,13
20532,81,70,11,11
20533,49,52,-3,3
20534,63,61,2,2
20535,93,87,6,6
20536,76,71,5,5
20537,146,141,5,5
20538,87,79,8,8
20539,162,149,13,13
20540,91,96,-5,5
20541,107,127,-20,20
20542,82,87,-5,5
20543,97,92,5,5
20544,42,44,-2,2
20545,81,78,3,3
20546,115,114,1,1
20547,120,115,5,5
20548,62,68,-6,6
20549,131,135,-4,4
20550,82,83,-1,1
20551,59,64,-5,5
20552,127,131,-4,4
20553,100,87,13,13
20554,92,84,8,8
20555,55,65,-10,10
20556,111,107,4,4
20557,92,88,4,4
20558,111,115,-4,4
20559,189,161,28,28
20560,93,81,12,12
20561,61,61,0,0
20562,50,49,1,1
20563,62,65,-3,3
20564,46,53,-7,7
20565,145,144,1,1
20566,82,83,-1,1
20567,83,81,2,2
20568,78,76,2,2
20569,69,65,4,4
20570,117,107,10,10
20571,142,134,8,8
20572,111,113,-2,2
20573,72,72,0,0
20574,95,87,8,8
20575,141,125,16,16
20576,179,168,11,11
20577,85,86,-1,1
20578,286,227,59,59
20579,87,81,6,6
20580,93,90,3,3
20581,87,82,5,5
20582,49,55,-6,6
20583,87,87,0,0
20584,143,119,24,24
20585,98,108,-10,10
20586,70,72,-2,2
20587,112,111,1,1
20588,53,56,-3,3
20589,55,60,-5,5
20590,88,82,6,6
20591,113,114,-1,1
20592,86,86,0,0
20593,59,57,2,2
20594,62,63,-1,1
20595,71,79,-8,8
20596,102,122,-20,20
20597,69,74,-5,5
20598,117,115,2,2
20599,79,80,-1,1
20600,131,133,-2,2
20601,45,46,-1,1
20602,81,81,0,0
20603,62,72,-10,10
20604,82,87,-5,5
20605,86,93,-7,7
20606,52,49,3,3
20607,79,81,-2,2
20608,108,99,9,9
20609,62,64,-2,2
20610,94,94,0,0
20611,74,83,-9,9
20612,136,123,13,13
20613,151,137,14,14
20614,145,151,-6,6
20615,99,94,5,5
20616,169,180,-11,11
20617,69,73,-4,4
20618,54,54,0,0
20619,93,83,10,10
20620,106,105,1,1
20621,77,76,1,1
20622,100,110,-10,10
20623,96,105,-9,9
20624,56,58,-2,2
20625,99,90,9,9
20626,115,116,-1,1
20627,90,84,6,6
20628,56,67,-11,11
20629,83,73,10,10
20630,117,108,9,9
20631,75,78,-3,3
20632,88,83,5,5
20633,80,78,2,2
20634,150,127,23,23
20635,126,112,14,14
20636,92,88,4,4
20637,117,112,5,5
20638,75,79,-4,4
20639,92,81,11,11
20640,72,74,-2,2
20641,45,55,-10,10
20642,55,72,-17,17
20643,123,127,-4,4
20644,127,120,7,7
20645,128,132,-4,4
20646,161,155,6,6
20647,130,123,7,7
20648,87,79,8,8
20649,223,184,39,39
20650,79,81,-2,2
20651,155,143,12,12
20652,77,80,-3,3
20653,82,73,9,9
20654,101,105,-4,4
20655,89,97,-8,8
20656,106,107,-1,1
20657,68,61,7,7
20658,98,95,3,3
20659,102,105,-3,3
20660,88,78,10,10
20661,102,99,3,3
20662,173,153,20,20
20663,52,66,-14,14
20664,114,112,2,2
20665,85,73,12,12
20666,86,82,4,4
20667,77,75,2,2
20668,81,79,2,2
20669,89,84,5,5
20670,149,142,7,7
20671,68,75,-7,7
20672,77,74,3,3
20673,83,81,2,2
20674,71,72,-1,1
20675,71,73,-2,2
20676,91,92,-1,1
20677,56,73,-17,17
20678,80,82,-2,2
20679,129,121,8,8
20680,95,92,3,3
20681,114,102,12,12
20682,149,134,15,15
20683,74,74,0,0
20684,84,77,7,7
20685,72,67,5,5
20686,119,114,5,5
20687,82,75,7,7
20688,94,117,-23,23
20689,89,98,-9,9
20690,45,51,-6,6
20691,77,66,11,11
20692,169,169,0,0
20693,100,86,14,14
20694,114,107,7,7
20695,95,90,5,5
20696,97,113,-16,16
20697,224,212,12,12
20698,96,97,-1,1
20699,66,73,-7,7
20700,97,96,1,1
20701,113,110,3,3
20702,107,113,-6,6
20703,59,75,-16,16
20704,148,153,-5,5
20705,66,58,8,8
20706,151,154,-3,3
20707,87,81,6,6
20708,119,108,11,11
20709,63,58,5,5
20710,122,112,10,10
20711,75,74,1,1
20712,142,136,6,6
20713,33,36,-3,3
20714,86,84,2,2
20715,33,38,-5,5
20716,144,121,23,23
20717,124,117,7,7
20718,77,78,-1,1
20719,144,140,4,4
20720,88,93,-5,5
20721,87,90,-3,3
20722,45,48,-3,3
20723,104,87,17,17
20724,70,74,-4,4
20725,87,84,3,3
20726,139,134,5,5
20727,136,134,2,2
20728,85,77,8,8
20729,106,109,-3,3
20730,134,125,9,9
20731,98,93,5,5
20732,77,79,-2,2
20733,131,131,0,0
20734,125,141,-16,16
20735,76,77,-1,1
20736,110,105,5,5
20737,123,113,10,10
20738,56,53,3,3
20739,62,67,-5,5
20740,59,62,-3,3
20741,96,103,-7,7
20742,107,97,10,10
20743,126,131,-5,5
20744,114,117,-3,3
20745,85,90,-5,5
20746,63,60,3,3
20747,59,74,-15,15
20748,80,74,6,6
20749,93,85,8,8
20750,82,88,-6,6
20751,73,68,5,5
20752,133,124,9,9
20753,145,129,16,16
20754,78,78,0,0
20755,89,86,3,3
20756,81,80,1,1
20757,100,100,0,0
20758,129,139,-10,10
20759,80,83,-3,3
20760,122,115,7,7
20761,26,44,-18,18
20762,151,142,9,9
20763,118,123,-5,5
20764,146,133,13,13
20765,75,74,1,1
20766,80,102,-22,22
20767,52,66,-14,14
20768,128,114,14,14
20769,76,90,-14,14
20770,73,76,-3,3
20771,55,59,-4,4
20772,94,96,-2,2
20773,115,106,9,9
20774,70,73,-3,3
20775,125,112,13,13
20776,50,50,0,0
20777,90,90,0,0
20778,110,106,4,4
20779,120,122,-2,2
20780,62,65,-3,3
20781,78,88,-10,10
20782,132,128,4,4
20783,46,52,-6,6
20784,140,148,-8,8
20785,97,91,6,6
20786,53,56,-3,3
20787,93,94,-1,1
20788,145,131,14,14
20789,84,86,-2,2
20790,121,123,-2,2
20791,124,125,-1,1
20792,65,64,1,1
20793,129,136,-7,7
20794,111,107,4,4
20795,81,70,11,11
20796,87,74,13,13
20797,64,72,-8,8
20798,92,84,8,8
20799,74,75,-1,1
20800,78,76,2,2
20801,72,83,-11,11
20802,101,101,0,0
20803,35,46,-11,11
20804,171,158,13,13
20805,54,52,2,2
20806,155,165,-10,10
20807,151,148,3,3
20808,45,45,0,0
20809,87,84,3,3
20810,115,108,7,7
20811,75,69,6,6
20812,89,90,-1,1
20813,134,123,11,11
20814,65,69,-4,4
20815,51,54,-3,3
20816,33,38,-5,5
20817,85,97,-12,12
20818,114,111,3,3
20819,120,118,2,2
20820,83,84,-1,1
20821,106,110,-4,4
20822,41,48,-7,7
20823,101,117,-16,16
20824,134,128,6,6
20825,132,131,1,1
20826,53,47,6,6
20827,89,84,5,5
20828,120,124,-4,4
20829,106,114,-8,8
20830,165,151,14,14
20831,59,73,-14,14
20832,77,79,-2,2
20833,105,100,5,5
20834,113,113,0,0
20835,85,85,0,0
20836,57,59,-2,2
20837,101,110,-9,9
20838,109,106,3,3
20839,129,137,-8,8
20840,75,86,-11,11
20841,143,139,4,4
20842,48,50,-2,2
20843,115,124,-9,9
20844,57,108,-51,51
20845,76,76,0,0
20846,79,75,4,4
20847,107,102,5,5
20848,61,68,-7,7
20849,134,134,0,0
20850,93,90,3,3
20851,141,139,2,2
20852,81,73,8,8
20853,65,75,-10,10
20854,148,138,10,10
20855,70,80,-10,10
20856,78,87,-9,9
20857,46,48,-2,2
20858,108,112,-4,4
20859,94,92,2,2
20860,165,163,2,2
20861,83,91,-8,8
20862,131,127,4,4
20863,91,81,10,10
20864,86,118,-32,32
20865,99,100,-1,1
20866,111,93,18,18
20867,93,88,5,5
20868,82,81,1,1
20869,60,72,-12,12
20870,89,88,1,1
20871,153,149,4,4
20872,102,102,0,0
20873,92,99,-7,7
20874,102,99,3,3
20875,118,123,-5,5
20876,75,71,4,4
20877,176,166,10,10
20878,129,121,8,8
20879,69,80,-11,11
20880,83,77,6,6
20881,124,122,2,2
20882,68,67,1,1
20883,102,97,5,5
20884,63,63,0,0
20885,96,109,-13,13
20886,120,127,-7,7
20887,75,81,-6,6
20888,111,112,-1,1
20889,181,162,19,19
20890,82,81,1,1
20891,132,126,6,6
20892,48,71,-23,23
20893,75,77,-2,2
20894,64,66,-2,2
20895,41,46,-5,5
20896,64,78,-14,14
20897,97,99,-2,2
20898,77,81,-4,4
20899,91,83,8,8
20900,51,50,1,1
20901,68,72,-4,4
20902,121,125,-4,4
20903,86,82,4,4
20904,59,65,-6,6
20905,107,107,0,0
20906,84,91,-7,7
20907,55,56,-1,1
20908,76,88,-12,12
20909,93,82,11,11
20910,40,40,0,0
20911,118,102,16,16
20912,156,156,0,0
20913,126,121,5,5
20914,74,73,1,1
20915,96,98,-2,2
20916,121,120,1,1
20917,76,69,7,7
20918,122,131,-9,9
20919,89,81,8,8
20920,59,60,-1,1
20921,84,74,10,10
20922,83,78,5,5
20923,73,70,3,3
20924,63,61,2,2
20925,64,71,-7,7
20926,125,114,11,11
20927,101,89,12,12
20928,122,131,-9,9
20929,63,66,-3,3
20930,107,108,-1,1
20931,68,71,-3,3
20932,74,76,-2,2
20933,102,103,-1,1
20934,119,123,-4,4
20935,106,95,11,11
20936,66,67,-1,1
20937,87,86,1,1
20938,85,83,2,2
20939,66,60,6,6
20940,145,141,4,4
20941,180,158,22,22
20942,75,78,-3,3
20943,63,75,-12,12
20944,144,142,2,2
20945,66,68,-2,2
20946,49,44,5,5
20947,98,99,-1,1
20948,77,67,10,10
20949,105,103,2,2
20950,81,98,-17,17
20951,92,82,10,10
20952,104,110,-6,6
20953,151,148,3,3
20954,51,56,-5,5
20955,124,129,-5,5
20956,84,81,3,3
20957,58,61,-3,3
20958,108,102,6,6
20959,41,45,-4,4
20960,151,141,10,10
20961,113,101,12,12
20962,138,131,7,7
20963,70,78,-8,8
20964,106,110,-4,4
20965,95,100,-5,5
20966,121,123,-2,2
20967,66,66,0,0
20968,98,95,3,3
20969,70,73,-3,3
20970,142,134,8,8
20971,139,140,-1,1
20972,62,67,-5,5
20973,138,146,-8,8
20974,70,72,-2,2
20975,138,114,24,24
20976,105,99,6,6
20977,61,63,-2,2
20978,113,120,-7,7
20979,173,151,22,22
20980,94,88,6,6
20981,90,82,8,8
20982,112,108,4,4
20983,43,45,-2,2
20984,140,141,-1,1
20985,197,203,-6,6
20986,116,106,10,10
20987,229,200,29,29
20988,119,114,5,5
20989,80,68,12,12
20990,115,117,-2,2
20991,61,68,-7,7
20992,41,48,-7,7
20993,101,93,8,8
20994,185,186,-1,1
20995,46,50,-4,4
20996,221,208,13,13
20997,113,107,6,6
20998,60,64,-4,4
20999,116,99,17,17
21000,125,120,5,5
21001,99,98,1,1
21002,97,113,-16,16
21003,171,156,15,15
21004,79,81,-2,2
21005,73,74,-1,1
21006,80,86,-6,6
21007,148,136,12,12
21008,111,124,-13,13
21009,110,113,-3,3
21010,84,90,-6,6
21011,60,71,-11,11
21012,94,85,9,9
21013,57,62,-5,5
21014,118,117,1,1
21015,115,114,1,1
21016,118,127,-9,9
21017,133,122,11,11
21018,67,71,-4,4
21019,148,143,5,5
21020,34,98,-64,64
21021,59,61,-2,2
21022,71,71,0,0
21023,59,56,3,3
21024,58,71,-13,13
21025,61,58,3,3
21026,105,105,0,0
21027,144,138,6,6
21028,135,129,6,6
21029,120,118,2,2
21030,180,173,7,7
21031,177,153,24,24
21032,115,131,-16,16
21033,138,127,11,11
21034,113,97,16,16
21035,97,94,3,3
21036,88,80,8,8
21037,108,119,-11,11
21038,106,101,5,5
21039,81,78,3,3
21040,105,102,3,3
21041,30,33,-3,3
21042,97,99,-2,2
21043,39,36,3,3
21044,57,61,-4,4
21045,92,114,-22,22
21046,85,80,5,5
21047,94,84,10,10
21048,165,148,17,17
21049,119,122,-3,3
21050,120,113,7,7
21051,139,127,12,12
21052,42,45,-3,3
21053,78,78,0,0
21054,78,83,-5,5
21055,73,69,4,4
21056,84,83,1,1
21057,159,147,12,12
21058,84,86,-2,2
21059,133,130,3,3
21060,87,89,-2,2
21061,147,131,16,16
21062,83,80,3,3
21063,51,71,-20,20
21064,107,103,4,4
21065,62,64,-2,2
21066,94,88,6,6
21067,62,65,-3,3
21068,79,78,1,1
21069,177,154,23,23
21070,104,89,15,15
21071,85,92,-7,7
21072,100,93,7,7
21073,69,68,1,1
21074,119,123,-4,4
21075,90,77,13,13
21076,82,77,5,5
21077,54,51,3,3
21078,115,102,13,13
21079,74,72,2,2
21080,113,108,5,5
21081,56,59,-3,3
21082,68,76,-8,8
21083,195,184,11,11
21084,150,132,18,18
21085,62,70,-8,8
21086,71,71,0,0
21087,81,78,3,3
21088,131,130,1,1
21089,90,83,7,7
21090,86,92,-6,6
21091,168,173,-5,5
21092,101,96,5,5
21093,109,105,4,4
21094,71,108,-37,37
21095,67,68,-1,1
21096,115,107,8,8
21097,95,89,6,6
21098,84,83,1,1
21099,74,81,-7,7
21100,69,69,0,0
21101,63,73,-10,10
21102,127,120,7,7
21103,82,87,-5,5
21104,78,76,2,2
21105,78,80,-2,2
21106,147,139,8,8
21107,96,92,4,4
21108,72,81,-9,9
21109,65,66,-1,1
21110,107,108,-1,1
21111,119,107,12,12
21112,101,94,7,7
21113,162,149,13,13
21114,119,116,3,3
21115,93,94,-1,1
21116,102,101,1,1
21117,145,138,7,7
21118,94,87,7,7
21119,83,82,1,1
21120,166,154,12,12
21121,63,68,-5,5
21122,90,86,4,4
21123,53,57,-4,4
21124,103,103,0,0
21125,117,109,8,8
21126,99,100,-1,1
21127,44,41,3,3
21128,149,140,9,9
21129,104,100,4,4
21130,225,214,11,11
21131,101,98,3,3
21132,101,99,2,2
21133,76,68,8,8
21134,80,75,5,5
21135,70,67,3,3
21136,130,106,24,24
21137,148,136,12,12
21138,70,80,-10,10
21139,137,144,-7,7
21140,59,60,-1,1
21141,71,76,-5,5
21142,134,128,6,6
21143,116,104,12,12
21144,104,101,3,3
21145,63,72,-9,9
21146,61,62,-1,1
21147,89,110,-21,21
21148,61,60,1,1
21149,97,99,-2,2
21150,102,98,4,4
21151,63,66,-3,3
21152,165,160,5,5
21153,88,96,-8,8
21154,112,99,13,13
21155,90,86,4,4
21156,179,172,7,7
21157,89,95,-6,6
21158,19,19,0,0
21159,123,116,7,7
21160,111,136,-25,25
21161,89,84,5,5
21162,86,97,-11,11
21163,92,98,-6,6
21164,93,86,7,7
21165,91,87,4,4
21166,70,72,-2,2
21167,105,104,1,1
21168,85,80,5,5
21169,78,73,5,5
21170,112,112,0,0
21171,96,97,-1,1
21172,54,61,-7,7
21173,121,107,14,14
21174,131,127,4,4
21175,66,69,-3,3
21176,61,67,-6,6
21177,80,80,0,0
21178,89,85,4,4
21179,74,68,6,6
21180,65,77,-12,12
21181,101,105,-4,4
21182,97,85,12,12
21183,108,109,-1,1
21184,96,102,-6,6
21185,132,129,3,3
21186,62,61,1,1
21187,82,77,5,5
21188,154,136,18,18
21189,82,83,-1,1
21190,50,54,-4,4
21191,68,64,4,4
21192,124,132,-8,8
21193,74,71,3,3
21194,149,151,-2,2
21195,59,64,-5,5
21196,56,59,-3,3
21197,58,62,-4,4
21198,151,156,-5,5
21199,113,106,7,7
21200,74,102,-28,28
21201,71,69,2,2
21202,86,83,3,3
21203,65,63,2,2
21204,69,72,-3,3
21205,161,156,5,5
21206,89,87,2,2
21207,36,41,-5,5
21208,55,52,3,3
21209,97,93,4,4
21210,89,79,10,10
21211,64,65,-1,1
21212,98,100,-2,2
21213,89,81,8,8
21214,44,42,2,2
21215,162,155,7,7
21216,126,131,-5,5
21217,82,82,0,0
21218,77,86,-9,9
21219,81,81,0,0
21220,137,131,6,6
21221,69,69,0,0
21222,86,83,3,3
21223,67,72,-5,5
21224,101,96,5,5
21225,74,78,-4,4
21226,71,74,-3,3
21227,66,66,0,0
21228,104,105,-1,1
21229,111,125,-14,14
21230,86,86,0,0
21231,96,98,-2,2
21232,79,75,4,4
21233,183,187,-4,4
21234,89,84,5,5
21235,133,121,12,12
21236,80,77,3,3
21237,72,71,1,1
21238,109,98,11,11
21239,107,103,4,4
21240,84,77,7,7
21241,67,62,5,5
21242,102,98,4,4
21243,66,183,-117,117
21244,132,135,-3,3
21245,103,103,0,0
21246,91,88,3,3
21247,111,113,-2,2
21248,110,103,7,7
21249,156,158,-2,2
21250,44,42,2,2
21251,48,47,1,1
21252,79,86,-7,7
21253,58,54,4,4
21254,134,122,12,12
21255,105,104,1,1
21256,79,75,4,4
21257,124,162,-38,38
21258,109,97,12,12
21259,79,76,3,3
21260,66,73,-7,7
21261,93,86,7,7
21262,93,90,3,3
21263,85,96,-11,11
21264,92,86,6,6
21265,103,105,-2,2
21266,104,99,5,5
21267,108,108,0,0
21268,82,77,5,5
21269,92,96,-4,4
21270,41,40,1,1
21271,47,53,-6,6
21272,79,79,0,0
21273,101,109,-8,8
21274,66,73,-7,7
21275,83,79,4,4
21276,89,73,16,16
21277,55,60,-5,5
21278,137,133,4,4
21279,92,83,9,9
21280,131,128,3,3
21281,99,91,8,8
21282,100,106,-6,6
21283,82,77,5,5
21284,57,62,-5,5
21285,74,77,-3,3
21286,79,79,0,0
21287,83,78,5,5
21288,118,113,5,5
21289,133,156,-23,23
21290,129,129,0,0
21291,70,85,-15,15
21292,145,138,7,7
21293,149,118,31,31
21294,113,116,-3,3
21295,56,68,-12,12
21296,44,43,1,1
21297,89,100,-11,11
21298,90,90,0,0
21299,74,69,5,5
21300,117,109,8,8
21301,65,60,5,5
21302,48,54,-6,6
21303,92,85,7,7
21304,72,74,-2,2
21305,83,71,12,12
21306,63,67,-4,4
21307,135,120,15,15
21308,147,148,-1,1
21309,142,149,-7,7
21310,122,110,12,12
21311,77,75,2,2
21312,106,103,3,3
21313,65,72,-7,7
21314,70,66,4,4
21315,124,114,10,10
21316,100,96,4,4
21317,56,57,-1,1
21318,72,68,4,4
21319,83,79,4,4
21320,66,64,2,2
21321,45,52,-7,7
21322,162,160,2,2
21323,85,86,-1,1
21324,115,116,-1,1
21325,122,120,2,2
21326,72,71,1,1
21327,68,70,-2,2
21328,65,69,-4,4
21329,84,79,5,5
21330,161,142,19,19
21331,149,139,10,10
21332,109,103,6,6
21333,57,66,-9,9
21334,85,78,7,7
21335,100,93,7,7
21336,171,137,34,34
21337,73,77,-4,4
21338,78,79,-1,1
21339,67,78,-11,11
21340,122,129,-7,7
21341,84,75,9,9
21342,171,155,16,16
21343,87,86,1,1
21344,140,122,18,18
21345,86,93,-7,7
21346,85,90,-5,5
21347,50,47,3,3
21348,78,79,-1,1
21349,67,61,6,6
21350,81,78,3,3
21351,75,76,-1,1
21352,91,89,2,2
21353,119,119,0,0
21354,138,135,3,3
21355,58,60,-2,2
21356,137,126,11,11
21357,88,98,-10,10
21358,122,116,6,6
21359,106,98,8,8
21360,101,103,-2,2
21361,88,86,2,2
21362,83,74,9,9
21363,80,78,2,2
21364,111,112,-1,1
21365,183,175,8,8
21366,73,72,1,1
21367,97,89,8,8
21368,55,63,-8,8
21369,116,122,-6,6
21370,78,78,0,0
21371,99,98,1,1
21372,141,129,12,12
21373,56,58,-2,2
21374,65,66,-1,1
21375,72,72,0,0
21376,99,73,26,26
21377,96,88,8,8
21378,69,75,-6,6
21379,94,104,-10,10
21380,98,91,7,7
21381,55,63,-8,8
21382,107,106,1,1
21383,68,72,-4,4
21384,84,85,-1,1
21385,65,67,-2,2
21386,177,155,22,22
21387,62,61,1,1
21388,182,164,18,18
21389,72,51,21,21
21390,151,148,3,3
21391,80,76,4,4
21392,122,123,-1,1
21393,136,123,13,13
21394,141,134,7,7
21395,88,80,8,8
21396,88,78,10,10
21397,127,124,3,3
21398,92,94,-2,2
21399,74,69,5,5
21400,111,107,4,4
21401,204,197,7,7
21402,111,103,8,8
21403,59,56,3,3
21404,129,112,17,17
21405,107,103,4,4
21406,104,94,10,10
21407,76,79,-3,3
21408,113,119,-6,6
21409,110,109,1,1
21410,69,65,4,4
21411,67,70,-3,3
21412,85,81,4,4
21413,94,94,0,0
21414,93,84,9,9
21415,90,88,2,2
21416,61,50,11,11
21417,56,51,5,5
21418,114,106,8,8
21419,71,68,3,3
21420,86,93,-7,7
21421,114,119,-5,5
21422,50,52,-2,2
21423,155,150,5,5
21424,108,116,-8,8
21425,104,84,20,20
21426,89,82,7,7
21427,75,72,3,3
21428,149,145,4,4
21429,94,86,8,8
21430,63,76,-13,13
21431,127,137,-10,10
21432,103,103,0,0
21433,90,80,10,10
21434,64,73,-9,9
21435,144,133,11,11
21436,119,111,8,8
21437,45,57,-12,12
21438,78,77,1,1
21439,45,57,-12,12
21440,113,116,-3,3
21441,89,90,-1,1
21442,122,124,-2,2
21443,93,91,2,2
21444,54,58,-4,4
21445,89,79,10,10
21446,85,80,5,5
21447,101,101,0,0
21448,132,143,-11,11
21449,47,45,2,2
21450,83,79,4,4
21451,89,79,10,10
21452,77,75,2,2
21453,150,135,15,15
21454,130,114,16,16
21455,85,84,1,1
21456,114,108,6,6
21457,155,151,4,4
21458,63,60,3,3
21459,94,97,-3,3
21460,42,42,0,0
21461,138,138,0,0
21462,78,86,-8,8
21463,79,79,0,0
21464,95,91,4,4
21465,80,73,7,7
21466,80,89,-9,9
21467,39,46,-7,7
21468,143,131,12,12
21469,88,82,6,6
21470,47,52,-5,5
21471,70,70,0,0
21472,174,163,11,11
21473,148,142,6,6
21474,185,162,23,23
21475,122,129,-7,7
21476,138,133,5,5
21477,99,93,6,6
21478,50,56,-6,6
21479,104,93,11,11
21480,69,70,-1,1
21481,127,120,7,7
21482,59,67,-8,8
21483,89,87,2,2
21484,81,82,-1,1
21485,64,73,-9,9
21486,124,124,0,0
21487,75,84,-9,9
21488,102,95,7,7
21489,156,146,10,10
21490,81,79,2,2
21491,90,83,7,7
21492,58,75,-17,17
21493,153,137,16,16
21494,100,93,7,7
21495,133,121,12,12
21496,133,122,11,11
21497,68,73,-5,5
21498,104,101,3,3
21499,74,71,3,3
21500,138,125,13,13
21501,83,83,0,0
21502,125,136,-11,11
21503,98,100,-2,2
21504,92,85,7,7
21505,39,44,-5,5
21506,93,92,1,1
21507,47,57,-10,10
21508,72,65,7,7
21509,138,130,8,8
21510,81,81,0,0
21511,102,101,1,1
21512,146,138,8,8
21513,80,75,5,5
21514,76,73,3,3
21515,130,142,-12,12
21516,138,129,9,9
21517,69,78,-9,9
21518,134,122,12,12
21519,73,76,-3,3
21520,55,63,-8,8
21521,68,73,-5,5
21522,78,91,-13,13
21523,85,79,6,6
21524,118,116,2,2
21525,80,77,3,3
21526,153,156,-3,3
21527,81,75,6,6
21528,85,82,3,3
21529,117,115,2,2
21530,126,125,1,1
21531,34,35,-1,1
21532,72,66,6,6
21533,138,129,9,9
21534,82,83,-1,1
21535,113,116,-3,3
21536,63,69,-6,6
21537,80,70,10,10
21538,67,68,-1,1
21539,117,127,-10,10
21540,120,111,9,9
21541,75,73,2,2
21542,117,113,4,4
21543,103,107,-4,4
21544,149,159,-10,10
21545,169,168,1,1
21546,85,96,-11,11
21547,91,83,8,8
21548,121,124,-3,3
21549,95,110,-15,15
21550,123,127,-4,4
21551,36,44,-8,8
21552,71,72,-1,1
21553,106,101,5,5
21554,101,88,13,13
21555,60,77,-17,17
21556,68,67,1,1
21557,76,73,3,3
21558,91,83,8,8
21559,84,83,1,1
21560,97,102,-5,5
21561,75,80,-5,5
21562,44,46,-2,2
21563,78,68,10,10
21564,55,57,-2,2
21565,106,117,-11,11
21566,125,122,3,3
21567,185,166,19,19
21568,148,168,-20,20
21569,156,143,13,13
21570,128,120,8,8
21571,96,89,7,7
21572,99,90,9,9
21573,63,72,-9,9
21574,78,83,-5,5
21575,162,134,28,28
21576,75,74,1,1
21577,103,99,4,4
21578,110,101,9,9
21579,116,112,4,4
21580,51,55,-4,4
21581,126,122,4,4
21582,37,48,-11,11
21583,109,102,7,7
21584,115,118,-3,3
21585,70,69,1,1
21586,94,101,-7,7
21587,113,110,3,3
21588,91,87,4,4
21589,71,71,0,0
21590,55,60,-5,5
21591,63,71,-8,8
21592,59,60,-1,1
21593,81,79,2,2
21594,135,138,-3,3
21595,95,88,7,7
21596,67,76,-9,9
21597,80,78,2,2
21598,73,82,-9,9
21599,98,89,9,9
21600,104,97,7,7
21601,63,60,3,3
21602,60,57,3,3
21603,117,113,4,4
21604,60,61,-1,1
21605,127,123,4,4
21606,121,102,19,19
21607,118,116,2,2
21608,80,78,2,2
21609,77,78,-1,1
21610,104,95,9,9
21611,182,203,-21,21
21612,90,91,-1,1
21613,49,48,1,1
21614,86,84,2,2
21615,88,83,5,5
21616,114,103,11,11
21617,56,56,0,0
21618,66,60,6,6
21619,68,76,-8,8
21620,88,85,3,3
21621,45,70,-25,25
21622,231,211,20,20
21623,136,125,11,11
21624,69,67,2,2
21625,123,129,-6,6
21626,60,58,2,2
21627,72,71,1,1
21628,84,84,0,0
21629,123,123,0,0
21630,58,69,-11,11
21631,58,59,-1,1
21632,71,66,5,5
21633,97,86,11,11
21634,61,63,-2,2
21635,57,65,-8,8
21636,172,164,8,8
21637,62,66,-4,4
21638,112,104,8,8
21639,126,122,4,4
21640,85,81,4,4
21641,105,115,-10,10
21642,100,99,1,1
21643,117,129,-12,12
21644,76,87,-11,11
21645,85,82,3,3
21646,187,162,25,25
21647,145,139,6,6
21648,64,75,-11,11
21649,107,101,6,6
21650,140,136,4,4
21651,46,51,-5,5
21652,63,61,2,2
21653,93,86,7,7
21654,111,111,0,0
21655,60,63,-3,3
21656,120,116,4,4
21657,67,72,-5,5
21658,157,148,9,9
21659,133,131,2,2
21660,112,119,-7,7
21661,119,132,-13,13
21662,86,82,4,4
21663,128,128,0,0
21664,109,102,7,7
21665,133,126,7,7
21666,62,59,3,3
21667,167,154,13,13
21668,122,112,10,10
21669,42,42,0,0
21670,66,66,0,0
21671,110,107,3,3
21672,84,97,-13,13
21673,115,111,4,4
21674,174,165,9,9
21675,85,83,2,2
21676,100,95,5,5
21677,56,63,-7,7
21678,72,68,4,4
21679,87,86,1,1
21680,70,88,-18,18
21681,76,75,1,1
21682,89,85,4,4
21683,69,69,0,0
21684,175,160,15,15
21685,191,173,18,18
21686,66,63,3,3
21687,145,142,3,3
21688,127,113,14,14
21689,54,48,6,6
21690,70,66,4,4
21691,67,64,3,3
21692,77,74,3,3
21693,119,126,-7,7
21694,38,45,-7,7
21695,77,78,-1,1
21696,49,48,1,1
21697,63,80,-17,17
21698,40,40,0,0
21699,69,74,-5,5
21700,35,41,-6,6
21701,93,86,7,7
21702,61,76,-15,15
21703,50,49,1,1
21704,113,117,-4,4
21705,123,111,12,12
21706,75,76,-1,1
21707,94,86,8,8
21708,71,76,-5,5
21709,114,119,-5,5
21710,68,64,4,4
21711,129,136,-7,7
21712,61,57,4,4
21713,92,85,7,7
21714,76,69,7,7
21715,106,93,13,13
21716,123,117,6,6
21717,89,87,2,2
21718,88,90,-2,2
21719,48,56,-8,8
21720,87,86,1,1
21721,53,60,-7,7
21722,120,111,9,9
21723,105,109,-4,4
21724,117,111,6,6
21725,128,119,9,9
21726,173,157,16,16
21727,85,87,-2,2
21728,97,87,10,10
21729,101,93,8,8
21730,67,68,-1,1
21731,71,73,-2,2
21732,89,79,10,10
21733,85,93,-8,8
21734,83,80,3,3
21735,78,74,4,4
21736,76,76,0,0
21737,115,111,4,4
21738,68,66,2,2
21739,75,74,1,1
21740,106,91,15,15
21741,76,71,5,5
21742,123,120,3,3
21743,82,82,0,0
21744,82,84,-2,2
21745,162,157,5,5
21746,64,70,-6,6
21747,66,54,12,12
21748,48,47,1,1
21749,86,88,-2,2
21750,59,67,-8,8
21751,118,113,5,5
21752,75,74,1,1
21753,138,124,14,14
21754,50,51,-1,1
21755,96,80,16,16
21756,68,71,-3,3
21757,83,83,0,0
21758,93,109,-16,16
21759,78,82,-4,4
21760,45,44,1,1
21761,85,83,2,2
21762,123,112,11,11
21763,42,50,-8,8
21764,84,80,4,4
21765,123,119,4,4
21766,45,54,-9,9
21767,88,86,2,2
21768,85,81,4,4
21769,79,68,11,11
21770,75,74,1,1
21771,125,122,3,3
21772,33,49,-16,16
21773,84,84,0,0
21774,117,121,-4,4
21775,79,79,0,0
21776,190,182,8,8
21777,112,113,-1,1
21778,86,86,0,0
21779,115,108,7,7
21780,74,71,3,3
21781,85,84,1,1
21782,28,31,-3,3
21783,45,49,-4,4
21784,115,112,3,3
21785,92,86,6,6
21786,78,74,4,4
21787,129,124,5,5
21788,119,107,12,12
21789,78,77,1,1
21790,78,64,14,14
21791,211,191,20,20
21792,95,102,-7,7
21793,101,98,3,3
21794,163,153,10,10
21795,168,156,12,12
21796,109,105,4,4
21797,98,102,-4,4
21798,61,62,-1,1
21799,131,131,0,0
21800,74,74,0,0
21801,66,75,-9,9
21802,130,121,9,9
21803,71,69,2,2
21804,135,137,-2,2
21805,88,80,8,8
21806,150,167,-17,17
21807,152,137,15,15
21808,117,99,18,18
21809,133,133,0,0
21810,77,78,-1,1
21811,75,69,6,6
21812,63,64,-1,1
21813,73,69,4,4
21814,72,72,0,0
21815,62,78,-16,16
21816,98,102,-4,4
21817,103,95,8,8
21818,167,182,-15,15
21819,73,78,-5,5
21820,68,65,3,3
21821,104,101,3,3
21822,96,97,-1,1
21823,165,162,3,3
21824,128,126,2,2
21825,147,138,9,9
21826,139,135,4,4
21827,156,141,15,15
21828,86,86,0,0
21829,78,77,1,1
21830,78,73,5,5
21831,89,80,9,9
21832,115,107,8,8
21833,122,118,4,4
21834,47,60,-13,13
21835,60,74,-14,14
21836,87,98,-11,11
21837,77,77,0,0
21838,115,102,13,13
21839,105,90,15,15
21840,120,117,3,3
21841,95,92,3,3
21842,103,95,8,8
21843,57,58,-1,1
21844,132,122,10,10
21845,118,104,14,14
21846,134,117,17,17
21847,85,93,-8,8
21848,130,136,-6,6
21849,107,114,-7,7
21850,112,104,8,8
21851,63,65,-2,2
21852,176,167,9,9
21853,83,79,4,4
21854,88,98,-10,10
21855,141,123,18,18
21856,121,116,5,5
21857,119,109,10,10
21858,51,59,-8,8
21859,60,66,-6,6
21860,103,84,19,19
21861,122,115,7,7
21862,79,79,0,0
21863,103,94,9,9
21864,86,83,3,3
21865,58,66,-8,8
21866,103,102,1,1
21867,89,81,8,8
21868,94,85,9,9
21869,115,117,-2,2
21870,151,162,-11,11
21871,97,94,3,3
21872,88,82,6,6
21873,78,78,0,0
21874,79,76,3,3
21875,51,54,-3,3
21876,77,94,-17,17
21877,98,85,13,13
21878,160,137,23,23
21879,114,116,-2,2
21880,95,98,-3,3
21881,77,81,-4,4
21882,75,77,-2,2
21883,142,132,10,10
21884,72,74,-2,2
21885,150,135,15,15
21886,67,73,-6,6
21887,104,103,1,1
21888,95,98,-3,3
21889,116,108,8,8
21890,43,76,-33,33
21891,98,98,0,0
21892,85,76,9,9
21893,93,87,6,6
21894,106,101,5,5
21895,99,97,2,2
21896,179,167,12,12
21897,61,77,-16,16
21898,77,78,-1,1
21899,64,66,-2,2
21900,90,93,-3,3
21901,106,114,-8,8
21902,67,67,0,0
21903,102,100,2,2
21904,94,78,16,16
21905,92,84,8,8
21906,81,78,3,3
21907,84,79,5,5
21908,131,137,-6,6
21909,96,97,-1,1
21910,89,82,7,7
21911,107,100,7,7
21912,73,79,-6,6
21913,81,74,7,7
21914,69,76,-7,7
21915,73,75,-2,2
21916,150,149,1,1
21917,115,101,14,14
21918,90,83,7,7
21919,63,73,-10,10
21920,138,125,13,13
21921,125,127,-2,2
21922,111,107,4,4
21923,124,110,14,14
21924,37,45,-8,8
21925,114,113,1,1
21926,67,68,-1,1
21927,116,118,-2,2
21928,134,142,-8,8
21929,58,62,-4,4
21930,75,71,4,4
21931,119,115,4,4
21932,94,84,10,10
21933,72,70,2,2
21934,144,145,-1,1
21935,86,82,4,4
21936,112,109,3,3
21937,57,57,0,0
21938,121,127,-6,6
21939,118,114,4,4
21940,79,76,3,3
21941,53,52,1,1
21942,61,55,6,6
21943,90,93,-3,3
21944,114,114,0,0
21945,101,103,-2,2
21946,180,175,5,5
21947,136,149,-13,13
21948,100,100,0,0
21949,107,106,1,1
21950,95,97,-2,2
21951,75,75,0,0
21952,86,88,-2,2
21953,71,78,-7,7
21954,126,126,0,0
21955,125,120,5,5
21956,162,157,5,5
21957,71,74,-3,3
21958,60,56,4,4
21959,118,123,-5,5
21960,104,86,18,18
21961,117,113,4,4
21962,144,133,11,11
21963,78,82,-4,4
21964,95,92,3,3
21965,157,147,10,10
21966,70,71,-1,1
21967,68,70,-2,2
21968,125,119,6,6
21969,111,92,19,19
21970,112,104,8,8
21971,118,104,14,14
21972,71,67,4,4
21973,126,113,13,13
21974,96,89,7,7
21975,59,60,-1,1
21976,82,88,-6,6
21977,101,107,-6,6
21978,80,82,-2,2
21979,61,61,0,0
21980,89,92,-3,3
21981,107,90,17,17
21982,55,59,-4,4
21983,99,92,7,7
21984,131,138,-7,7
21985,80,74,6,6
21986,110,91,19,19
21987,94,92,2,2
21988,32,28,4,4
21989,105,102,3,3
21990,103,106,-3,3
21991,152,155,-3,3
21992,136,120,16,16
21993,78,73,5,5
21994,68,67,1,1
21995,68,78,-10,10
21996,36,36,0,0
21997,111,115,-4,4
21998,64,58,6,6
21999,70,73,-3,3
22000,89,85,4,4
22001,103,100,3,3
22002,79,77,2,2
22003,175,171,4,4
22004,103,109,-6,6
22005,84,80,4,4
22006,79,75,4,4
22007,93,98,-5,5
22008,124,120,4,4
22009,106,106,0,0
22010,144,130,14,14
22011,100,94,6,6
22012,70,72,-2,2
22013,122,127,-5,5
22014,101,101,0,0
22015,125,122,3,3
22016,94,90,4,4
22017,134,143,-9,9
22018,69,73,-4,4
22019,119,107,12,12
22020,106,98,8,8
22021,122,123,-1,1
22022,54,57,-3,3
22023,89,85,4,4
22024,76,88,-12,12
22025,86,84,2,2
22026,144,128,16,16
22027,93,81,12,12
22028,105,110,-5,5
22029,101,102,-1,1
22030,81,89,-8,8
22031,85,87,-2,2
22032,157,137,20,20
22033,112,117,-5,5
22034,76,78,-2,2
22035,85,93,-8,8
22036,141,121,20,20
22037,87,89,-2,2
22038,71,79,-8,8
22039,104,108,-4,4
22040,73,77,-4,4
22041,143,132,11,11
22042,92,97,-5,5
22043,80,81,-1,1
22044,98,100,-2,2
22045,80,73,7,7
22046,54,60,-6,6
22047,134,147,-13,13
22048,70,68,2,2
22049,114,114,0,0
22050,80,70,10,10
22051,90,83,7,7
22052,82,87,-5,5
22053,103,98,5,5
22054,82,78,4,4
22055,92,86,6,6
22056,82,80,2,2
22057,66,69,-3,3
22058,124,160,-36,36
22059,61,69,-8,8
22060,63,73,-10,10
22061,91,93,-2,2
22062,72,70,2,2
22063,54,68,-14,14
22064,87,83,4,4
22065,104,113,-9,9
22066,61,64,-3,3
22067,125,109,16,16
22068,129,130,-1,1
22069,33,43,-10,10
22070,97,99,-2,2
22071,73,91,-18,18
22072,154,138,16,16
22073,74,71,3,3
22074,125,125,0,0
22075,54,57,-3,3
22076,68,76,-8,8
22077,91,83,8,8
22078,68,68,0,0
22079,92,105,-13,13
22080,117,102,15,15
22081,98,107,-9,9
22082,124,111,13,13
22083,71,75,-4,4
22084,66,67,-1,1
22085,37,40,-3,3
22086,108,101,7,7
22087,59,58,1,1
22088,84,84,0,0
22089,162,147,15,15
22090,108,109,-1,1
22091,120,112,8,8
22092,102,109,-7,7
22093,68,81,-13,13
22094,146,125,21,21
22095,116,118,-2,2
22096,66,71,-5,5
22097,67,70,-3,3
22098,46,57,-11,11
22099,92,83,9,9
22100,150,131,19,19
22101,58,50,8,8
22102,103,106,-3,3
22103,112,99,13,13
22104,90,100,-10,10
22105,98,98,0,0
22106,54,60,-6,6
22107,76,78,-2,2
22108,77,80,-3,3
22109,111,103,8,8
22110,118,122,-4,4
22111,125,120,5,5
22112,94,99,-5,5
22113,73,74,-1,1
22114,173,167,6,6
22115,155,155,0,0
22116,120,127,-7,7
22117,86,78,8,8
22118,115,108,7,7
22119,149,135,14,14
22120,68,84,-16,16
22121,130,111,19,19
22122,65,70,-5,5
22123,63,55,8,8
22124,39,45,-6,6
22125,82,77,5,5
22126,74,65,9,9
22127,57,73,-16,16
22128,105,109,-4,4
22129,106,106,0,0
22130,126,146,-20,20
22131,113,107,6,6
22132,109,109,0,0
22133,95,98,-3,3
22134,86,74,12,12
22135,99,96,3,3
22136,65,84,-19,19
22137,70,71,-1,1
22138,66,65,1,1
22139,45,46,-1,1
22140,77,77,0,0
22141,50,55,-5,5
22142,105,102,3,3
22143,101,108,-7,7
22144,62,69,-7,7
22145,82,86,-4,4
22146,69,63,6,6
22147,122,137,-15,15
22148,147,142,5,5
22149,220,206,14,14
22150,69,69,0,0
22151,93,86,7,7
22152,111,107,4,4
22153,152,150,2,2
22154,124,128,-4,4
22155,43,42,1,1
22156,112,97,15,15
22157,83,80,3,3
22158,140,135,5,5
22159,110,108,2,2
22160,71,79,-8,8
22161,96,109,-13,13
22162,148,151,-3,3
22163,53,47,6,6
22164,120,109,11,11
22165,188,182,6,6
22166,29,36,-7,7
22167,117,113,4,4
22168,104,101,3,3
22169,81,78,3,3
22170,124,127,-3,3
22171,103,113,-10,10
22172,139,135,4,4
22173,79,69,10,10
22174,133,124,9,9
22175,112,115,-3,3
22176,99,105,-6,6
22177,101,95,6,6
22178,75,69,6,6
22179,110,106,4,4
22180,121,119,2,2
22181,110,110,0,0
22182,68,86,-18,18
22183,99,94,5,5
22184,67,74,-7,7
22185,72,78,-6,6
22186,151,133,18,18
22187,87,92,-5,5
22188,83,87,-4,4
22189,58,70,-12,12
22190,56,54,2,2
22191,72,70,2,2
22192,91,85,6,6
22193,61,59,2,2
22194,95,80,15,15
22195,101,97,4,4
22196,98,90,8,8
22197,128,132,-4,4
22198,183,171,12,12
22199,68,71,-3,3
22200,97,92,5,5
22201,74,75,-1,1
22202,127,125,2,2
22203,91,86,5,5
22204,95,89,6,6
22205,83,79,4,4
22206,130,126,4,4
22207,143,88,55,55
22208,68,73,-5,5
22209,72,69,3,3
22210,81,79,2,2
22211,63,68,-5,5
22212,92,83,9,9
22213,70,81,-11,11
22214,114,119,-5,5
22215,119,103,16,16
22216,130,128,2,2
22217,94,94,0,0
22218,104,107,-3,3
22219,99,105,-6,6
22220,55,68,-13,13
22221,111,114,-3,3
22222,101,89,12,12
22223,86,86,0,0
22224,89,89,0,0
22225,91,109,-18,18
22226,140,140,0,0
22227,74,76,-2,2
22228,82,80,2,2
22229,103,89,14,14
22230,104,92,12,12
22231,75,81,-6,6
22232,92,101,-9,9
22233,53,58,-5,5
22234,74,81,-7,7
22235,38,37,1,1
22236,141,131,10,10
22237,91,94,-3,3
22238,97,89,8,8
22239,115,109,6,6
22240,141,138,3,3
22241,72,81,-9,9
22242,87,87,0,0
22243,114,115,-1,1
22244,96,86,10,10
22245,68,78,-10,10
22246,123,128,-5,5
22247,91,89,2,2
22248,91,83,8,8
22249,116,119,-3,3
22250,49,73,-24,24
22251,57,58,-1,1
22252,124,124,0,0
22253,88,98,-10,10
22254,129,125,4,4
22255,55,53,2,2
22256,188,172,16,16
22257,64,71,-7,7
22258,71,72,-1,1
22259,45,52,-7,7
22260,93,103,-10,10
22261,68,67,1,1
22262,161,169,-8,8
22263,69,78,-9,9
22264,113,116,-3,3
22265,74,87,-13,13
22266,58,65,-7,7
22267,149,151,-2,2
22268,49,51,-2,2
22269,96,93,3,3
22270,122,115,7,7
22271,92,80,12,12
22272,124,127,-3,3
22273,93,92,1,1
22274,149,152,-3,3
22275,179,169,10,10
22276,147,149,-2,2
22277,121,119,2,2
22278,62,62,0,0
22279,50,48,2,2
22280,54,53,1,1
22281,104,94,10,10
22282,73,72,1,1
22283,101,101,0,0
22284,71,75,-4,4
22285,90,85,5,5
22286,71,69,2,2
22287,72,74,-2,2
22288,61,86,-25,25
22289,65,62,3,3
22290,81,79,2,2
22291,37,49,-12,12
22292,65,71,-6,6
22293,128,119,9,9
22294,55,83,-28,28
22295,55,67,-12,12
22296,131,119,12,12
22297,67,60,7,7
22298,138,134,4,4
22299,66,68,-2,2
22300,62,63,-1,1
22301,187,179,8,8
22302,127,117,10,10
22303,105,108,-3,3
22304,78,76,2,2
22305,94,89,5,5
22306,94,91,3,3
22307,108,106,2,2
22308,135,128,7,7
22309,78,75,3,3
22310,87,88,-1,1
22311,59,59,0,0
22312,134,147,-13,13
22313,89,82,7,7
22314,79,79,0,0
22315,27,40,-13,13
22316,74,68,6,6
22317,56,63,-7,7
22318,121,126,-5,5
22319,88,87,1,1
22320,145,146,-1,1
22321,99,102,-3,3
22322,127,114,13,13
22323,85,82,3,3
22324,91,77,14,14
22325,184,187,-3,3
22326,76,73,3,3
22327,86,84,2,2
22328,88,79,9,9
22329,156,150,6,6
22330,106,106,0,0
22331,102,89,13,13
22332,106,101,5,5
22333,87,86,1,1
22334,60,69,-9,9
22335,82,79,3,3
22336,112,103,9,9
22337,118,121,-3,3
22338,75,68,7,7
22339,94,94,0,0
22340,57,64,-7,7
22341,96,91,5,5
22342,67,65,2,2
22343,78,88,-10,10
22344,114,102,12,12
22345,70,69,1,1
22346,60,66,-6,6
22347,91,86,5,5
22348,86,79,7,7
22349,84,82,2,2
22350,75,73,2,2
22351,133,137,-4,4
22352,193,175,18,18
22353,68,70,-2,2
22354,139,136,3,3
22355,57,73,-16,16
22356,110,113,-3,3
22357,83,94,-11,11
22358,159,133,26,26
22359,110,106,4,4
22360,150,133,17,17
22361,95,103,-8,8
22362,139,126,13,13
22363,72,71,1,1
22364,147,132,15,15
22365,89,81,8,8
22366,136,128,8,8
22367,47,42,5,5
22368,158,157,1,1
22369,111,115,-4,4
22370,99,88,11,11
22371,112,108,4,4
22372,82,87,-5,5
22373,38,40,-2,2
22374,82,80,2,2
22375,80,80,0,0
22376,119,106,13,13
22377,68,73,-5,5
22378,117,114,3,3
22379,76,73,3,3
22380,94,92,2,2
22381,68,71,-3,3
22382,49,44,5,5
22383,59,59,0,0
22384,135,140,-5,5
22385,111,110,1,1
22386,102,91,11,11
22387,118,119,-1,1
22388,90,84,6,6
22389,62,69,-7,7
22390,104,101,3,3
22391,120,111,9,9
22392,105,106,-1,1
22393,131,127,4,4
22394,103,111,-8,8
22395,117,114,3,3
22396,92,89,3,3
22397,70,71,-1,1
22398,108,108,0,0
22399,71,71,0,0
22400,58,68,-10,10
22401,91,75,16,16
22402,98,88,10,10
22403,40,48,-8,8
22404,92,80,12,12
22405,100,103,-3,3
22406,138,143,-5,5
22407,132,119,13,13
22408,101,108,-7,7
22409,71,78,-7,7
22410,86,82,4,4
22411,107,103,4,4
22412,85,83,2,2
22413,68,72,-4,4
22414,80,80,0,0
22415,125,119,6,6
22416,99,88,11,11
22417,122,115,7,7
22418,190,173,17,17
22419,109,89,20,20
22420,83,75,8,8
22421,121,138,-17,17
22422,79,91,-12,12
22423,142,156,-14,14
22424,63,65,-2,2
22425,66,67,-1,1
22426,114,101,13,13
22427,80,75,5,5
22428,72,66,6,6
22429,190,184,6,6
22430,91,86,5,5
22431,152,138,14,14
22432,74,64,10,10
22433,88,91,-3,3
22434,181,183,-2,2
22435,118,118,0,0
22436,131,128,3,3
22437,64,106,-42,42
22438,86,85,1,1
22439,74,83,-9,9
22440,79,79,0,0
22441,99,98,1,1
22442,169,167,2,2
22443,68,60,8,8
22444,79,76,3,3
22445,181,159,22,22
22446,119,107,12,12
22447,120,111,9,9
22448,67,75,-8,8
22449,67,76,-9,9
22450,76,72,4,4
22451,87,82,5,5
22452,91,92,-1,1
22453,161,150,11,11
22454,58,60,-2,2
22455,57,60,-3,3
22456,95,89,6,6
22457,63,69,-6,6
22458,64,66,-2,2
22459,55,58,-3,3
22460,136,143,-7,7
22461,107,103,4,4
22462,83,88,-5,5
22463,52,66,-14,14
22464,127,139,-12,12
22465,90,91,-1,1
22466,141,131,10,10
22467,87,90,-3,3
22468,99,97,2,2
22469,67,69,-2,2
22470,79,82,-3,3
22471,102,101,1,1
22472,168,169,-1,1
22473,154,152,2,2
22474,118,116,2,2
22475,68,79,-11,11
22476,109,108,1,1
22477,41,45,-4,4
22478,65,71,-6,6
22479,108,102,6,6
22480,26,37,-11,11
22481,99,107,-8,8
22482,137,133,4,4
22483,180,174,6,6
22484,223,183,40,40
22485,103,100,3,3
22486,91,89,2,2
22487,120,114,6,6
22488,73,73,0,0
22489,69,76,-7,7
22490,76,86,-10,10
22491,73,64,9,9
22492,41,38,3,3
22493,143,145,-2,2
22494,121,135,-14,14
22495,97,106,-9,9
22496,86,96,-10,10
22497,80,83,-3,3
22498,105,115,-10,10
22499,111,94,17,17
22500,133,141,-8,8
22501,120,117,3,3
22502,156,167,-11,11
22503,100,107,-7,7
22504,41,42,-1,1
22505,94,101,-7,7
22506,59,59,0,0
22507,71,70,1,1
22508,68,69,-1,1
22509,102,90,12,12
22510,134,129,5,5
22511,60,52,8,8
22512,169,142,27,27
22513,80,84,-4,4
22514,126,146,-20,20
22515,146,131,15,15
22516,128,135,-7,7
22517,67,65,2,2
22518,92,97,-5,5
22519,72,75,-3,3
22520,79,80,-1,1
22521,102,95,7,7
22522,62,66,-4,4
22523,59,63,-4,4
22524,116,103,13,13
22525,96,90,6,6
22526,86,83,3,3
22527,68,79,-11,11
22528,90,93,-3,3
22529,90,80,10,10
22530,141,129,12,12
22531,109,106,3,3
22532,51,70,-19,19
22533,107,101,6,6
22534,130,125,5,5
22535,103,102,1,1
22536,49,59,-10,10
22537,106,99,7,7
22538,87,83,4,4
22539,68,68,0,0
22540,88,87,1,1
22541,79,83,-4,4
22542,104,93,11,11
22543,94,93,1,1
22544,123,111,12,12
22545,98,87,11,11
22546,123,117,6,6
22547,104,104,0,0
22548,60,67,-7,7
22549,70,77,-7,7
22550,89,83,6,6
22551,122,112,10,10
22552,55,54,1,1
22553,141,131,10,10
22554,80,79,1,1
22555,97,98,-1,1
22556,126,115,11,11
22557,73,77,-4,4
22558,63,75,-12,12
22559,151,136,15,15
22560,109,104,5,5
22561,161,158,3,3
22562,80,78,2,2
22563,126,111,15,15
22564,89,84,5,5
22565,95,86,9,9
22566,163,145,18,18
22567,121,109,12,12
22568,80,82,-2,2
22569,79,68,11,11
22570,94,85,9,9
22571,143,131,12,12
22572,95,87,8,8
22573,108,105,3,3
22574,94,97,-3,3
22575,102,93,9,9
22576,84,87,-3,3
22577,80,77,3,3
22578,135,126,9,9
22579,98,83,15,15
22580,113,115,-2,2
22581,85,112,-27,27
22582,97,89,8,8
22583,67,68,-1,1
22584,135,130,5,5
22585,31,30,1,1
22586,154,151,3,3
22587,136,136,0,0
22588,35,38,-3,3
22589,145,138,7,7
22590,76,72,4,4
22591,89,94,-5,5
22592,84,91,-7,7
22593,82,98,-16,16
22594,76,74,2,2
22595,88,89,-1,1
22596,85,76,9,9
22597,109,117,-8,8
22598,165,158,7,7
22599,88,99,-11,11
22600,54,57,-3,3
22601,93,81,12,12
22602,66,69,-3,3
22603,75,78,-3,3
22604,55,57,-2,2
22605,72,75,-3,3
22606,113,109,4,4
22607,127,124,3,3
22608,53,49,4,4
22609,94,95,-1,1
22610,90,88,2,2
22611,65,74,-9,9
22612,60,69,-9,9
22613,59,47,12,12
22614,107,102,5,5
22615,93,104,-11,11
22616,128,117,11,11
22617,55,61,-6,6
22618,93,88,5,5
22619,79,73,6,6
22620,148,133,15,15
22621,129,126,3,3
22622,51,63,-12,12
22623,92,93,-1,1
22624,93,108,-15,15
22625,114,119,-5,5
22626,72,75,-3,3
22627,92,97,-5,5
22628,81,78,3,3
22629,69,78,-9,9
22630,93,86,7,7
22631,189,180,9,9
22632,71,72,-1,1
22633,87,82,5,5
22634,48,91,-43,43
22635,94,88,6,6
22636,116,131,-15,15
22637,62,69,-7,7
22638,240,215,25,25
22639,104,100,4,4
22640,80,89,-9,9
22641,66,58,8,8
22642,100,93,7,7
22643,133,128,5,5
22644,103,96,7,7
22645,137,141,-4,4
22646,165,153,12,12
22647,125,120,5,5
22648,86,81,5,5
22649,95,86,9,9
22650,103,114,-11,11
22651,140,123,17,17
22652,95,98,-3,3
22653,68,74,-6,6
22654,52,53,-1,1
22655,77,74,3,3
22656,121,115,6,6
22657,107,108,-1,1
22658,98,92,6,6
22659,100,92,8,8
22660,81,80,1,1
22661,46,45,1,1
22662,162,160,2,2
22663,136,131,5,5
22664,85,87,-2,2
22665,83,75,8,8
22666,135,126,9,9
22667,39,39,0,0
22668,61,66,-5,5
22669,73,62,11,11
22670,87,76,11,11
22671,76,76,0,0
22672,84,102,-18,18
22673,94,80,14,14
22674,163,168,-5,5
22675,80,84,-4,4
22676,86,103,-17,17
22677,152,137,15,15
22678,100,109,-9,9
22679,75,70,5,5
22680,92,86,6,6
22681,84,79,5,5
22682,144,137,7,7
22683,69,70,-1,1
22684,109,111,-2,2
22685,109,94,15,15
22686,88,72,16,16
22687,67,69,-2,2
22688,115,108,7,7
22689,125,132,-7,7
22690,95,100,-5,5
22691,87,81,6,6
22692,98,98,0,0
22693,83,96,-13,13
22694,101,98,3,3
22695,51,45,6,6
22696,108,104,4,4
22697,136,137,-1,1
22698,208,211,-3,3
22699,121,117,4,4
22700,84,78,6,6
22701,86,80,6,6
22702,148,151,-3,3
22703,110,116,-6,6
22704,117,114,3,3
22705,96,97,-1,1
22706,69,70,-1,1
22707,137,132,5,5
22708,66,60,6,6
22709,89,75,14,14
22710,44,52,-8,8
22711,136,127,9,9
22712,128,115,13,13
22713,73,73,0,0
22714,155,156,-1,1
22715,89,74,15,15
22716,87,74,13,13
22717,147,136,11,11
22718,64,64,0,0
22719,37,37,0,0
22720,122,117,5,5
22721,44,43,1,1
22722,126,124,2,2
22723,60,70,-10,10
22724,148,144,4,4
22725,134,128,6,6
22726,87,77,10,10
22727,135,139,-4,4
22728,90,84,6,6
22729,60,56,4,4
22730,86,75,11,11
22731,150,150,0,0
22732,59,70,-11,11
22733,111,102,9,9
22734,54,55,-1,1
22735,158,140,18,18
22736,135,117,18,18
22737,32,34,-2,2
22738,63,66,-3,3
22739,117,99,18,18
22740,83,85,-2,2
22741,54,60,-6,6
22742,151,144,7,7
22743,64,68,-4,4
22744,44,47,-3,3
22745,138,131,7,7
22746,48,62,-14,14
22747,123,111,12,12
22748,97,97,0,0
22749,59,63,-4,4
22750,96,97,-1,1
22751,19,25,-6,6
22752,112,109,3,3
22753,131,143,-12,12
22754,153,149,4,4
22755,100,98,2,2
22756,183,179,4,4
22757,121,115,6,6
22758,129,122,7,7
22759,93,102,-9,9
22760,89,91,-2,2
22761,92,86,6,6
22762,81,99,-18,18
22763,133,124,9,9
22764,77,81,-4,4
22765,63,67,-4,4
22766,66,62,4,4
22767,74,85,-11,11
22768,150,154,-4,4
22769,76,87,-11,11
22770,68,63,5,5
22771,73,70,3,3
22772,93,87,6,6
22773,90,75,15,15
22774,81,96,-15,15
22775,59,56,3,3
22776,160,141,19,19
22777,47,45,2,2
22778,109,131,-22,22
22779,133,126,7,7
22780,114,119,-5,5
22781,89,78,11,11
22782,86,79,7,7
22783,95,87,8,8
22784,149,157,-8,8
22785,86,80,6,6
22786,112,115,-3,3
22787,61,104,-43,43
22788,32,39,-7,7
22789,141,138,3,3
22790,106,99,7,7
22791,62,69,-7,7
22792,98,99,-1,1
22793,169,137,32,32
22794,75,86,-11,11
22795,113,107,6,6
22796,69,71,-2,2
22797,54,60,-6,6
22798,72,78,-6,6
22799,140,146,-6,6
22800,86,89,-3,3
22801,106,102,4,4
22802,81,77,4,4
22803,109,99,10,10
22804,120,105,15,15
22805,103,96,7,7
22806,201,178,23,23
22807,115,130,-15,15
22808,94,81,13,13
22809,110,122,-12,12
22810,90,86,4,4
22811,117,108,9,9
22812,80,75,5,5
22813,136,128,8,8
22814,95,98,-3,3
22815,121,104,17,17
22816,38,41,-3,3
22817,100,86,14,14
22818,83,84,-1,1
22819,102,101,1,1
22820,100,96,4,4
22821,67,70,-3,3
22822,88,121,-33,33
22823,68,66,2,2
22824,145,141,4,4
22825,86,81,5,5
22826,107,97,10,10
22827,85,97,-12,12
22828,102,105,-3,3
22829,132,130,2,2
22830,61,65,-4,4
22831,70,67,3,3
22832,91,88,3,3
22833,139,136,3,3
22834,51,53,-2,2
22835,39,39,0,0
22836,100,87,13,13
22837,93,90,3,3
22838,89,93,-4,4
22839,92,101,-9,9
22840,35,37,-2,2
22841,93,84,9,9
22842,64,68,-4,4
22843,62,55,7,7
22844,102,84,18,18
22845,101,97,4,4
22846,93,88,5,5
22847,63,64,-1,1
22848,88,86,2,2
22849,80,83,-3,3
22850,134,103,31,31
22851,77,77,0,0
22852,73,74,-1,1
22853,57,62,-5,5
22854,118,88,30,30
22855,134,135,-1,1
22856,127,122,5,5
22857,88,84,4,4
22858,91,87,4,4
22859,110,110,0,0
22860,46,47,-1,1
22861,105,101,4,4
22862,103,108,-5,5
22863,108,99,9,9
22864,93,101,-8,8
22865,75,80,-5,5
22866,131,130,1,1
22867,130,129,1,1
22868,89,84,5,5
22869,49,103,-54,54
22870,120,123,-3,3
22871,151,162,-11,11
22872,92,88,4,4
22873,77,80,-3,3
22874,126,131,-5,5
22875,100,101,-1,1
22876,54,57,-3,3
22877,110,101,9,9
22878,133,129,4,4
22879,119,122,-3,3
22880,126,116,10,10
22881,42,44,-2,2
22882,63,68,-5,5
22883,170,169,1,1
22884,68,78,-10,10
22885,114,108,6,6
22886,115,108,7,7
22887,64,72,-8,8
22888,90,87,3,3
22889,126,113,13,13
22890,72,83,-11,11
22891,116,135,-19,19
22892,151,155,-4,4
22893,98,81,17,17
22894,135,128,7,7
22895,132,121,11,11
22896,166,151,15,15
22897,109,103,6,6
22898,73,68,5,5
22899,43,45,-2,2
22900,60,60,0,0
22901,95,98,-3,3
22902,185,171,14,14
22903,116,114,2,2
22904,120,118,2,2
22905,117,110,7,7
22906,80,85,-5,5
22907,54,58,-4,4
22908,94,92,2,2
22909,104,108,-4,4
22910,167,175,-8,8
22911,183,181,2,2
22912,125,129,-4,4
22913,67,67,0,0
22914,127,115,12,12
22915,108,105,3,3
22916,110,105,5,5
22917,72,71,1,1
22918,76,76,0,0
22919,60,61,-1,1
22920,127,111,16,16
22921,60,59,1,1
22922,117,111,6,6
22923,62,65,-3,3
22924,98,87,11,11
22925,64,66,-2,2
22926,90,83,7,7
22927,155,153,2,2
22928,69,69,0,0
22929,91,82,9,9
22930,91,81,10,10
22931,97,86,11,11
22932,116,105,11,11
22933,100,99,1,1
22934,81,79,2,2
22935,77,73,4,4
22936,46,41,5,5
22937,86,96,-10,10
22938,98,88,10,10
22939,128,102,26,26
22940,53,55,-2,2
22941,86,83,3,3
22942,106,106,0,0
22943,118,114,4,4
22944,132,134,-2,2
22945,179,179,0,0
22946,72,69,3,3
22947,57,57,0,0
22948,159,155,4,4
22949,56,65,-9,9
22950,90,98,-8,8
22951,84,85,-1,1
22952,120,123,-3,3
22953,99,86,13,13
22954,121,109,12,12
22955,96,96,0,0
22956,46,60,-14,14
22957,84,88,-4,4
22958,79,78,1,1
22959,165,157,8,8
22960,72,76,-4,4
22961,75,76,-1,1
22962,116,116,0,0
22963,117,121,-4,4
22964,95,86,9,9
22965,138,143,-5,5
22966,64,68,-4,4
22967,70,74,-4,4
22968,51,52,-1,1
22969,74,85,-11,11
22970,105,104,1,1
22971,137,133,4,4
22972,93,88,5,5
22973,72,78,-6,6
22974,83,80,3,3
22975,113,105,8,8
22976,97,90,7,7
22977,76,77,-1,1
22978,65,65,0,0
22979,159,150,9,9
22980,72,70,2,2
22981,127,118,9,9
22982,94,87,7,7
22983,83,81,2,2
22984,84,85,-1,1
22985,60,65,-5,5
22986,100,102,-2,2
22987,108,108,0,0
22988,118,113,5,5
22989,76,73,3,3
22990,87,78,9,9
22991,50,54,-4,4
22992,38,40,-2,2
22993,146,127,19,19
22994,114,113,1,1
22995,52,55,-3,3
22996,84,86,-2,2
22997,122,125,-3,3
22998,102,94,8,8
22999,181,169,12,12
23000,98,87,11,11
23001,39,44,-5,5
23002,84,70,14,14
23003,145,113,32,32
23004,124,129,-5,5
23005,110,118,-8,8
23006,57,62,-5,5
23007,88,90,-2,2
23008,64,66,-2,2
23009,195,183,12,12
23010,131,136,-5,5
23011,124,121,3,3
23012,79,96,-17,17
23013,66,65,1,1
23014,100,106,-6,6
23015,82,76,6,6
23016,81,84,-3,3
23017,85,79,6,6
23018,192,193,-1,1
23019,112,110,2,2
23020,166,155,11,11
23021,101,99,2,2
23022,82,74,8,8
23023,89,78,11,11
23024,94,85,9,9
23025,79,87,-8,8
23026,108,115,-7,7
23027,117,109,8,8
23028,123,114,9,9
23029,81,78,3,3
23030,87,79,8,8
23031,66,66,0,0
23032,35,38,-3,3
23033,102,91,11,11
23034,145,133,12,12
23035,62,63,-1,1
23036,121,113,8,8
23037,69,68,1,1
23038,142,131,11,11
23039,74,68,6,6
23040,92,84,8,8
23041,63,59,4,4
23042,71,75,-4,4
23043,148,131,17,17
23044,72,82,-10,10
23045,75,72,3,3
23046,118,122,-4,4
23047,103,106,-3,3
23048,136,119,17,17
23049,126,129,-3,3
23050,93,98,-5,5
23051,101,102,-1,1
23052,133,121,12,12
23053,83,86,-3,3
23054,91,91,0,0
23055,52,47,5,5
23056,100,99,1,1
23057,88,84,4,4
23058,80,85,-5,5
23059,83,95,-12,12
23060,90,84,6,6
23061,69,99,-30,30
23062,85,76,9,9
23063,107,96,11,11
23064,103,93,10,10
23065,60,62,-2,2
23066,152,153,-1,1
23067,40,42,-2,2
23068,87,83,4,4
23069,78,73,5,5
23070,145,146,-1,1
23071,47,52,-5,5
23072,139,123,16,16
23073,94,86,8,8
23074,138,151,-13,13
23075,115,98,17,17
23076,94,92,2,2
23077,106,102,4,4
23078,85,87,-2,2
23079,82,78,4,4
23080,61,60,1,1
23081,160,152,8,8
23082,157,161,-4,4
23083,87,88,-1,1
23084,135,124,11,11
23085,120,115,5,5
23086,104,101,3,3
23087,165,143,22,22
23088,88,84,4,4
23089,67,74,-7,7
23090,87,81,6,6
23091,66,70,-4,4
23092,74,70,4,4
23093,76,77,-1,1
23094,62,66,-4,4
23095,79,79,0,0
23096,91,88,3,3
23097,70,63,7,7
23098,148,136,12,12
23099,135,121,14,14
23100,74,79,-5,5
23101,78,75,3,3
23102,93,93,0,0
23103,124,122,2,2
23104,129,131,-2,2
23105,98,89,9,9
23106,72,69,3,3
23107,53,61,-8,8
23108,138,137,1,1
23109,184,157,27,27
23110,85,84,1,1
23111,82,77,5,5
23112,105,112,-7,7
23113,99,95,4,4
23114,65,69,-4,4
23115,73,68,5,5
23116,66,62,4,4
23117,102,103,-1,1
23118,85,78,7,7
23119,188,188,0,0
23120,81,203,-122,122
23121,124,119,5,5
23122,59,64,-5,5
23123,108,104,4,4
23124,92,97,-5,5
23125,100,96,4,4
23126,105,103,2,2
23127,93,92,1,1
23128,155,148,7,7
23129,71,68,3,3
23130,65,56,9,9
23131,94,87,7,7
23132,122,126,-4,4
23133,70,72,-2,2
23134,65,67,-2,2
23135,160,153,7,7
23136,115,114,1,1
23137,134,132,2,2
23138,101,103,-2,2
23139,105,101,4,4
23140,93,94,-1,1
23141,94,84,10,10
23142,82,76,6,6
23143,90,86,4,4
23144,78,69,9,9
23145,145,139,6,6
23146,120,117,3,3
23147,94,92,2,2
23148,95,83,12,12
23149,115,130,-15,15
23150,49,49,0,0
23151,134,132,2,2
23152,88,84,4,4
23153,82,83,-1,1
23154,67,61,6,6
23155,71,62,9,9
23156,56,69,-13,13
23157,88,81,7,7
23158,34,37,-3,3
23159,62,76,-14,14
23160,82,82,0,0
23161,111,119,-8,8
23162,48,50,-2,2
23163,102,105,-3,3
23164,143,133,10,10
23165,47,52,-5,5
23166,76,75,1,1
23167,119,117,2,2
23168,64,65,-1,1
23169,72,68,4,4
23170,141,135,6,6
23171,64,58,6,6
23172,127,116,11,11
23173,72,74,-2,2
23174,111,107,4,4
23175,104,87,17,17
23176,77,83,-6,6
23177,133,136,-3,3
23178,113,107,6,6
23179,110,108,2,2
23180,89,85,4,4
23181,125,122,3,3
23182,127,111,16,16
23183,68,63,5,5
23184,99,105,-6,6
23185,86,94,-8,8
23186,111,109,2,2
23187,118,105,13,13
23188,74,76,-2,2
23189,132,121,11,11
23190,99,90,9,9
23191,139,138,1,1
23192,107,106,1,1
23193,70,77,-7,7
23194,77,70,7,7
23195,101,104,-3,3
23196,103,102,1,1
23197,86,86,0,0
23198,104,89,15,15
23199,100,105,-5,5
23200,150,140,10,10
23201,69,68,1,1
23202,129,125,4,4
23203,162,163,-1,1
23204,111,122,-11,11
23205,133,128,5,5
23206,87,83,4,4
23207,74,81,-7,7
23208,95,102,-7,7
23209,110,119,-9,9
23210,124,123,1,1
23211,155,146,9,9
23212,74,63,11,11
23213,80,73,7,7
23214,90,82,8,8
23215,100,96,4,4
23216,112,99,13,13
23217,81,68,13,13
23218,73,79,-6,6
23219,122,117,5,5
23220,130,122,8,8
23221,129,121,8,8
23222,123,115,8,8
23223,84,83,1,1
23224,63,66,-3,3
23225,144,132,12,12
23226,91,159,-68,68
23227,66,74,-8,8
23228,95,90,5,5
23229,129,121,8,8
23230,75,73,2,2
23231,152,178,-26,26
23232,119,102,17,17
23233,107,109,-2,2
23234,184,172,12,12
23235,84,86,-2,2
23236,123,117,6,6
23237,167,146,21,21
23238,59,53,6,6
23239,68,73,-5,5
23240,119,99,20,20
23241,77,70,7,7
23242,70,78,-8,8
23243,79,72,7,7
23244,114,119,-5,5
23245,75,75,0,0
23246,64,56,8,8
23247,127,114,13,13
23248,52,58,-6,6
23249,67,62,5,5
23250,73,78,-5,5
23251,85,76,9,9
23252,63,66,-3,3
23253,88,78,10,10
23254,89,103,-14,14
23255,133,114,19,19
23256,82,81,1,1
23257,115,103,12,12
23258,97,99,-2,2
23259,81,89,-8,8
23260,102,92,10,10
23261,68,62,6,6
23262,64,63,1,1
23263,70,71,-1,1
23264,73,77,-4,4
23265,59,69,-10,10
23266,136,132,4,4
23267,103,108,-5,5
23268,137,120,17,17
23269,73,74,-1,1
23270,83,82,1,1
23271,95,84,11,11
23272,138,124,14,14
23273,86,78,8,8
23274,66,84,-18,18
23275,134,161,-27,27
23276,116,110,6,6
23277,70,74,-4,4
23278,118,112,6,6
23279,131,125,6,6
23280,40,66,-26,26
23281,82,80,2,2
23282,78,76,2,2
23283,97,85,12,12
23284,89,94,-5,5
23285,133,125,8,8
23286,76,72,4,4
23287,152,135,17,17
23288,92,87,5,5
23289,62,64,-2,2
23290,179,154,25,25
23291,127,113,14,14
23292,115,110,5,5
23293,54,67,-13,13
23294,136,118,18,18
23295,76,81,-5,5
23296,62,68,-6,6
23297,78,80,-2,2
23298,182,161,21,21
23299,67,65,2,2
23300,110,99,11,11
23301,92,82,10,10
23302,150,134,16,16
23303,122,125,-3,3
23304,62,69,-7,7
23305,109,102,7,7
23306,123,114,9,9
23307,107,110,-3,3
23308,50,58,-8,8
23309,62,66,-4,4
23310,115,113,2,2
23311,41,49,-8,8
23312,106,102,4,4
23313,58,60,-2,2
23314,67,63,4,4
23315,64,61,3,3
23316,71,92,-21,21
23317,83,91,-8,8
23318,157,173,-16,16
23319,90,89,1,1
23320,100,108,-8,8
23321,92,94,-2,2
23322,87,101,-14,14
23323,76,86,-10,10
23324,101,104,-3,3
23325,56,51,5,5
23326,65,69,-4,4
23327,70,72,-2,2
23328,57,60,-3,3
23329,112,142,-30,30
23330,50,69,-19,19
23331,47,58,-11,11
23332,140,155,-15,15
23333,51,51,0,0
23334,61,73,-12,12
23335,78,78,0,0
23336,70,67,3,3
23337,98,87,11,11
23338,152,141,11,11
23339,99,101,-2,2
23340,93,98,-5,5
23341,90,84,6,6
23342,51,55,-4,4
23343,94,85,9,9
23344,82,84,-2,2
23345,137,131,6,6
23346,85,87,-2,2
23347,131,135,-4,4
23348,110,100,10,10
23349,70,68,2,2
23350,99,107,-8,8
23351,146,133,13,13
23352,37,42,-5,5
23353,94,85,9,9
23354,124,120,4,4
23355,91,105,-14,14
23356,85,85,0,0
23357,58,66,-8,8
23358,78,85,-7,7
23359,62,66,-4,4
23360,51,56,-5,5
23361,85,89,-4,4
23362,64,69,-5,5
23363,108,116,-8,8
23364,89,92,-3,3
23365,120,118,2,2
23366,131,117,14,14
23367,50,53,-3,3
23368,109,104,5,5
23369,82,78,4,4
23370,115,108,7,7
23371,121,116,5,5
23372,193,183,10,10
23373,66,69,-3,3
23374,125,116,9,9
23375,64,66,-2,2
23376,105,94,11,11
23377,47,53,-6,6
23378,57,72,-15,15
23379,105,94,11,11
23380,124,122,2,2
23381,90,97,-7,7
23382,126,114,12,12
23383,89,96,-7,7
23384,122,115,7,7
23385,116,111,5,5
23386,80,72,8,8
23387,92,85,7,7
23388,62,83,-21,21
23389,144,144,0,0
23390,45,55,-10,10
23391,139,135,4,4
23392,117,108,9,9
23393,99,102,-3,3
23394,98,94,4,4
23395,87,87,0,0
23396,171,144,27,27
23397,127,107,20,20
23398,114,111,3,3
23399,100,104,-4,4
23400,71,79,-8,8
23401,143,126,17,17
23402,84,79,5,5
23403,89,82,7,7
23404,85,87,-2,2
23405,69,70,-1,1
23406,145,155,-10,10
23407,115,116,-1,1
23408,116,116,0,0
23409,114,114,0,0
23410,58,54,4,4
23411,79,75,4,4
23412,73,74,-1,1
23413,114,119,-5,5
23414,140,144,-4,4
23415,92,98,-6,6
23416,111,111,0,0
23417,131,135,-4,4
23418,76,78,-2,2
23419,94,96,-2,2
23420,91,98,-7,7
23421,76,75,1,1
23422,115,107,8,8
23423,65,64,1,1
23424,113,118,-5,5
23425,85,89,-4,4
23426,214,225,-11,11
23427,211,197,14,14
23428,41,44,-3,3
23429,78,75,3,3
23430,161,154,7,7
23431,79,72,7,7
23432,51,59,-8,8
23433,103,105,-2,2
23434,73,76,-3,3
23435,55,61,-6,6
23436,136,120,16,16
23437,131,131,0,0
23438,77,79,-2,2
23439,80,76,4,4
23440,110,108,2,2
23441,54,59,-5,5
23442,111,114,-3,3
23443,84,84,0,0
23444,70,67,3,3
23445,70,68,2,2
23446,106,100,6,6
23447,97,97,0,0
23448,100,92,8,8
23449,135,135,0,0
23450,86,86,0,0
23451,42,39,3,3
23452,132,135,-3,3
23453,73,75,-2,2
23454,125,122,3,3
23455,83,83,0,0
23456,125,125,0,0
23457,120,116,4,4
23458,110,105,5,5
23459,197,178,19,19
23460,111,105,6,6
23461,86,91,-5,5
23462,76,72,4,4
23463,150,138,12,12
23464,115,113,2,2
23465,89,96,-7,7
23466,176,175,1,1
23467,64,70,-6,6
23468,120,113,7,7
23469,121,114,7,7
23470,64,74,-10,10
23471,49,67,-18,18
23472,70,65,5,5
23473,112,106,6,6
23474,89,92,-3,3
23475,107,105,2,2
23476,155,155,0,0
23477,73,78,-5,5
23478,129,133,-4,4
23479,161,151,10,10
23480,89,86,3,3
23481,113,111,2,2
23482,99,89,10,10
23483,127,127,0,0
23484,115,114,1,1
23485,78,75,3,3
23486,155,166,-11,11
23487,54,51,3,3
23488,89,86,3,3
23489,115,109,6,6
23490,82,79,3,3
23491,165,159,6,6
23492,90,83,7,7
23493,87,86,1,1
23494,115,106,9,9
23495,70,70,0,0
23496,85,77,8,8
23497,101,99,2,2
23498,118,129,-11,11
23499,135,115,20,20
23500,74,76,-2,2
23501,108,117,-9,9
23502,134,128,6,6
23503,109,103,6,6
23504,77,76,1,1
23505,71,67,4,4
23506,78,71,7,7
23507,125,109,16,16
23508,90,84,6,6
23509,47,41,6,6
23510,89,91,-2,2
23511,102,95,7,7
23512,94,92,2,2
23513,137,135,2,2
23514,110,100,10,10
23515,100,99,1,1
23516,125,115,10,10
23517,57,92,-35,35
23518,120,116,4,4
23519,149,137,12,12
23520,69,74,-5,5
23521,91,95,-4,4
23522,69,70,-1,1
23523,143,131,12,12
23524,112,103,9,9
23525,108,97,11,11
23526,83,89,-6,6
23527,102,105,-3,3
23528,55,54,1,1
23529,101,94,7,7
23530,39,44,-5,5
23531,173,174,-1,1
23532,98,91,7,7
23533,136,131,5,5
23534,62,65,-3,3
23535,188,158,30,30
23536,98,98,0,0
23537,132,122,10,10
23538,89,100,-11,11
23539,106,107,-1,1
23540,101,108,-7,7
23541,150,135,15,15
23542,194,175,19,19
23543,108,110,-2,2
23544,78,86,-8,8
23545,70,72,-2,2
23546,93,99,-6,6
23547,65,73,-8,8
23548,113,101,12,12
23549,129,122,7,7
23550,94,94,0,0
23551,108,102,6,6
23552,90,90,0,0
23553,68,72,-4,4
23554,98,97,1,1
23555,96,110,-14,14
23556,85,98,-13,13
23557,137,140,-3,3
23558,112,111,1,1
23559,168,156,12,12
23560,87,93,-6,6
23561,134,123,11,11
23562,75,84,-9,9
23563,135,127,8,8
23564,81,78,3,3
23565,96,105,-9,9
23566,91,96,-5,5
23567,104,90,14,14
23568,105,96,9,9
23569,56,58,-2,2
23570,111,106,5,5
23571,56,69,-13,13
23572,62,63,-1,1
23573,103,101,2,2
23574,144,147,-3,3
23575,101,98,3,3
23576,79,77,2,2
23577,102,93,9,9
23578,121,122,-1,1
23579,140,135,5,5
23580,135,130,5,5
23581,80,76,4,4
23582,51,61,-10,10
23583,152,138,14,14
23584,94,93,1,1
23585,52,45,7,7
23586,78,78,0,0
23587,82,83,-1,1
23588,75,73,2,2
23589,117,113,4,4
23590,136,132,4,4
23591,92,88,4,4
23592,55,50,5,5
23593,126,115,11,11
23594,55,60,-5,5
23595,43,42,1,1
23596,83,86,-3,3
23597,116,124,-8,8
23598,113,111,2,2
23599,60,64,-4,4
23600,100,105,-5,5
23601,100,106,-6,6
23602,113,108,5,5
23603,123,141,-18,18
23604,69,71,-2,2
23605,113,129,-16,16
23606,71,75,-4,4
23607,132,122,10,10
23608,151,147,4,4
23609,57,58,-1,1
23610,105,104,1,1
23611,188,170,18,18
23612,79,75,4,4
23613,151,148,3,3
23614,137,140,-3,3
23615,42,51,-9,9
23616,144,138,6,6
23617,41,46,-5,5
23618,82,80,2,2
23619,91,82,9,9
23620,65,70,-5,5
23621,65,65,0,0
23622,103,104,-1,1
23623,116,112,4,4
23624,149,147,2,2
23625,202,184,18,18
23626,61,62,-1,1
23627,78,79,-1,1
23628,154,138,16,16
23629,87,88,-1,1
23630,93,84,9,9
23631,134,142,-8,8
23632,116,119,-3,3
23633,124,127,-3,3
23634,148,143,5,5
23635,140,143,-3,3
23636,69,66,3,3
23637,107,105,2,2
23638,99,94,5,5
23639,137,126,11,11
23640,165,140,25,25
23641,102,93,9,9
23642,116,108,8,8
23643,95,78,17,17
23644,86,104,-18,18
23645,88,98,-10,10
23646,108,106,2,2
23647,153,153,0,0
23648,69,67,2,2
23649,76,72,4,4
23650,103,101,2,2
23651,79,88,-9,9
23652,129,116,13,13
23653,87,86,1,1
23654,67,71,-4,4
23655,81,80,1,1
23656,118,113,5,5
23657,69,66,3,3
23658,63,69,-6,6
23659,77,76,1,1
23660,113,109,4,4
23661,143,138,5,5
23662,57,61,-4,4
23663,86,85,1,1
23664,36,60,-24,24
23665,128,110,18,18
23666,111,106,5,5
23667,68,73,-5,5
23668,60,69,-9,9
23669,90,87,3,3
23670,99,96,3,3
23671,80,76,4,4
23672,79,85,-6,6
23673,84,88,-4,4
23674,77,67,10,10
23675,132,127,5,5
23676,94,68,26,26
23677,95,96,-1,1
23678,67,68,-1,1
23679,134,122,12,12
23680,148,145,3,3
23681,92,88,4,4
23682,85,74,11,11
23683,69,79,-10,10
23684,107,115,-8,8
23685,113,128,-15,15
23686,49,51,-2,2
23687,31,36,-5,5
23688,72,78,-6,6
23689,135,133,2,2
23690,126,117,9,9
23691,67,71,-4,4
23692,70,74,-4,4
23693,64,67,-3,3
23694,70,91,-21,21
23695,88,80,8,8
23696,66,74,-8,8
23697,80,87,-7,7
23698,82,94,-12,12
23699,85,85,0,0
23700,128,125,3,3
23701,116,114,2,2
23702,74,66,8,8
23703,107,104,3,3
23704,74,74,0,0
23705,133,116,17,17
23706,91,84,7,7
23707,100,101,-1,1
23708,90,79,11,11
23709,41,45,-4,4
23710,117,111,6,6
23711,91,94,-3,3
23712,108,121,-13,13
23713,61,66,-5,5
23714,201,189,12,12
23715,112,107,5,5
23716,62,60,2,2
23717,70,70,0,0
23718,79,77,2,2
23719,85,77,8,8
23720,138,127,11,11
23721,132,127,5,5
23722,46,56,-10,10
23723,172,168,4,4
23724,120,108,12,12
23725,120,113,7,7
23726,96,100,-4,4
23727,108,101,7,7
23728,125,128,-3,3
23729,72,78,-6,6
23730,110,96,14,14
23731,51,63,-12,12
23732,127,123,4,4
23733,109,109,0,0
23734,70,69,1,1
23735,91,86,5,5
23736,53,67,-14,14
23737,195,190,5,5
23738,63,69,-6,6
23739,97,100,-3,3
23740,109,102,7,7
23741,116,118,-2,2
23742,52,63,-11,11
23743,66,77,-11,11
23744,70,68,2,2
23745,143,142,1,1
23746,61,103,-42,42
23747,105,94,11,11
23748,58,58,0,0
23749,141,139,2,2
23750,64,62,2,2
23751,126,122,4,4
23752,154,152,2,2
23753,103,93,10,10
23754,54,56,-2,2
23755,100,100,0,0
23756,99,101,-2,2
23757,84,86,-2,2
23758,67,71,-4,4
23759,51,65,-14,14
23760,118,123,-5,5
23761,139,123,16,16
23762,83,81,2,2
23763,127,127,0,0
23764,98,91,7,7
23765,86,82,4,4
23766,53,55,-2,2
23767,111,117,-6,6
23768,82,82,0,0
23769,101,90,11,11
23770,79,79,0,0
23771,82,89,-7,7
23772,101,89,12,12
23773,172,160,12,12
23774,49,61,-12,12
23775,144,133,11,11
23776,79,78,1,1
23777,71,76,-5,5
23778,109,111,-2,2
23779,97,91,6,6
23780,134,125,9,9
23781,139,159,-20,20
23782,103,102,1,1
23783,104,99,5,5
23784,45,56,-11,11
23785,124,131,-7,7
23786,77,81,-4,4
23787,92,92,0,0
23788,54,55,-1,1
23789,96,94,2,2
23790,77,70,7,7
23791,99,89,10,10
23792,46,44,2,2
23793,128,127,1,1
23794,114,123,-9,9
23795,183,171,12,12
23796,74,77,-3,3
23797,152,137,15,15
23798,95,84,11,11
23799,84,72,12,12
23800,103,99,4,4
23801,118,112,6,6
23802,82,96,-14,14
23803,161,168,-7,7
23804,93,82,11,11
23805,91,80,11,11
23806,106,100,6,6
23807,91,82,9,9
23808,52,55,-3,3
23809,89,86,3,3
23810,80,83,-3,3
23811,112,118,-6,6
23812,69,64,5,5
23813,68,67,1,1
23814,219,198,21,21
23815,89,91,-2,2
23816,127,121,6,6
23817,84,97,-13,13
23818,85,79,6,6
23819,28,66,-38,38
23820,141,130,11,11
23821,92,94,-2,2
23822,130,119,11,11
23823,59,65,-6,6
23824,143,129,14,14
23825,145,132,13,13
23826,73,74,-1,1
23827,177,173,4,4
23828,169,153,16,16
23829,54,52,2,2
23830,128,115,13,13
23831,52,61,-9,9
23832,129,130,-1,1
23833,99,101,-2,2
23834,119,102,17,17
23835,75,79,-4,4
23836,119,112,7,7
23837,103,96,7,7
23838,130,126,4,4
23839,119,113,6,6
23840,100,92,8,8
23841,159,166,-7,7
23842,75,72,3,3
23843,86,86,0,0
23844,123,120,3,3
23845,74,82,-8,8
23846,50,63,-13,13
23847,57,50,7,7
23848,50,53,-3,3
23849,71,75,-4,4
23850,96,94,2,2
23851,76,75,1,1
23852,130,124,6,6
23853,62,74,-12,12
23854,92,93,-1,1
23855,98,103,-5,5
23856,67,58,9,9
23857,231,221,10,10
23858,68,60,8,8
23859,59,58,1,1
23860,82,73,9,9
23861,67,73,-6,6
23862,88,81,7,7
23863,138,118,20,20
23864,81,73,8,8
23865,117,116,1,1
23866,67,73,-6,6
23867,57,67,-10,10
23868,53,55,-2,2
23869,87,85,2,2
23870,123,126,-3,3
23871,128,124,4,4
23872,80,81,-1,1
23873,95,90,5,5
23874,105,107,-2,2
23875,92,95,-3,3
23876,97,88,9,9
23877,96,101,-5,5
23878,114,104,10,10
23879,57,61,-4,4
23880,174,157,17,17
23881,98,93,5,5
23882,96,86,10,10
23883,34,56,-22,22
23884,53,54,-1,1
23885,70,70,0,0
23886,100,104,-4,4
23887,112,116,-4,4
23888,86,88,-2,2
23889,106,100,6,6
23890,75,75,0,0
23891,97,111,-14,14
23892,93,97,-4,4
23893,105,90,15,15
23894,108,104,4,4
23895,137,143,-6,6
23896,99,103,-4,4
23897,71,71,0,0
23898,157,162,-5,5
23899,111,109,2,2
23900,102,89,13,13
23901,144,135,9,9
23902,86,80,6,6
23903,63,74,-11,11
23904,97,86,11,11
23905,30,37,-7,7
23906,77,78,-1,1
23907,111,102,9,9
23908,77,72,5,5
23909,41,42,-1,1
23910,82,86,-4,4
23911,144,132,12,12
23912,117,112,5,5
23913,94,85,9,9
23914,58,55,3,3
23915,101,95,6,6
23916,105,95,10,10
23917,99,108,-9,9
23918,88,81,7,7
23919,69,76,-7,7
23920,67,62,5,5
23921,51,61,-10,10
23922,120,116,4,4
23923,60,62,-2,2
23924,90,84,6,6
23925,81,77,4,4
23926,163,173,-10,10
23927,142,130,12,12
23928,65,69,-4,4
23929,156,151,5,5
23930,52,52,0,0
23931,74,69,5,5
23932,115,110,5,5
23933,126,133,-7,7
23934,48,45,3,3
23935,129,130,-1,1
23936,160,149,11,11
23937,110,116,-6,6
23938,121,126,-5,5
23939,97,90,7,7
23940,110,132,-22,22
23941,135,132,3,3
23942,153,154,-1,1
23943,103,125,-22,22
23944,103,97,6,6
23945,119,110,9,9
23946,76,84,-8,8
23947,195,202,-7,7
23948,57,60,-3,3
23949,59,68,-9,9
23950,146,142,4,4
23951,91,79,12,12
23952,101,95,6,6
23953,240,203,37,37
23954,88,91,-3,3
23955,83,73,10,10
23956,77,78,-1,1
23957,82,84,-2,2
23958,82,93,-11,11
23959,119,108,11,11
23960,106,97,9,9
23961,101,108,-7,7
23962,78,81,-3,3
23963,82,76,6,6
23964,82,81,1,1
23965,126,111,15,15
23966,87,96,-9,9
23967,96,95,1,1
23968,68,70,-2,2
23969,100,91,9,9
23970,71,75,-4,4
23971,91,100,-9,9
23972,118,114,4,4
23973,93,93,0,0
23974,87,85,2,2
23975,75,80,-5,5
23976,64,61,3,3
23977,94,88,6,6
23978,45,50,-5,5
23979,97,84,13,13
23980,115,108,7,7
23981,84,80,4,4
23982,139,128,11,11
23983,155,163,-8,8
23984,65,68,-3,3
23985,72,77,-5,5
23986,65,71,-6,6
23987,45,50,-5,5
23988,92,97,-5,5
23989,148,140,8,8
23990,163,142,21,21
23991,80,75,5,5
23992,131,120,11,11
23993,74,79,-5,5
23994,62,66,-4,4
23995,65,62,3,3
23996,110,96,14,14
23997,119,95,24,24
23998,110,103,7,7
23999,89,92,-3,3
24000,104,112,-8,8
24001,110,117,-7,7
24002,83,73,10,10
24003,134,130,4,4
24004,110,115,-5,5
24005,74,81,-7,7
24006,152,147,5,5
24007,103,101,2,2
24008,47,51,-4,4
24009,104,97,7,7
24010,59,66,-7,7
24011,76,67,9,9
24012,82,87,-5,5
24013,100,101,-1,1
24014,127,124,3,3
24015,70,67,3,3
24016,71,75,-4,4
24017,83,94,-11,11
24018,80,81,-1,1
24019,102,102,0,0
24020,70,79,-9,9
24021,89,84,5,5
24022,75,74,1,1
24023,104,100,4,4
24024,84,70,14,14
24025,56,57,-1,1
24026,55,64,-9,9
24027,141,153,-12,12
24028,82,83,-1,1
24029,182,167,15,15
24030,154,157,-3,3
24031,86,85,1,1
24032,78,76,2,2
24033,91,88,3,3
24034,115,117,-2,2
24035,112,117,-5,5
24036,98,115,-17,17
24037,83,77,6,6
24038,58,61,-3,3
24039,72,71,1,1
24040,46,61,-15,15
24041,54,55,-1,1
24042,99,98,1,1
24043,100,129,-29,29
24044,114,116,-2,2
24045,56,52,4,4
24046,49,58,-9,9
24047,63,56,7,7
24048,63,63,0,0
24049,72,68,4,4
24050,97,93,4,4
24051,59,62,-3,3
24052,123,126,-3,3
24053,109,114,-5,5
24054,108,105,3,3
24055,95,102,-7,7
24056,94,86,8,8
24057,59,66,-7,7
24058,80,82,-2,2
24059,140,136,4,4
24060,102,102,0,0
24061,65,70,-5,5
24062,117,109,8,8
24063,63,58,5,5
24064,77,82,-5,5
24065,137,99,38,38
24066,114,115,-1,1
24067,78,70,8,8
24068,45,47,-2,2
24069,84,86,-2,2
24070,96,108,-12,12
24071,62,67,-5,5
24072,67,75,-8,8
24073,178,158,20,20
24074,78,84,-6,6
24075,112,108,4,4
24076,99,85,14,14
24077,94,98,-4,4
24078,86,74,12,12
24079,116,109,7,7
24080,64,61,3,3
24081,51,45,6,6
24082,176,145,31,31
24083,120,108,12,12
24084,121,103,18,18
24085,84,82,2,2
24086,108,105,3,3
24087,97,94,3,3
24088,91,90,1,1
24089,117,118,-1,1
24090,102,94,8,8
24091,53,50,3,3
24092,82,79,3,3
24093,63,68,-5,5
24094,50,93,-43,43
24095,121,110,11,11
24096,33,45,-12,12
24097,75,72,3,3
24098,98,100,-2,2
24099,95,85,10,10
24100,94,89,5,5
24101,43,47,-4,4
24102,88,98,-10,10
24103,72,73,-1,1
24104,118,107,11,11
24105,76,79,-3,3
24106,58,56,2,2
24107,104,86,18,18
24108,115,110,5,5
24109,63,59,4,4
24110,105,107,-2,2
24111,59,57,2,2
24112,58,55,3,3
24113,146,135,11,11
24114,82,83,-1,1
24115,114,120,-6,6
24116,95,86,9,9
24117,46,53,-7,7
24118,122,113,9,9
24119,78,78,0,0
24120,97,89,8,8
24121,111,112,-1,1
24122,161,146,15,15
24123,157,158,-1,1
24124,90,99,-9,9
24125,69,71,-2,2
24126,78,76,2,2
24127,111,105,6,6
24128,56,51,5,5
24129,83,71,12,12
24130,186,175,11,11
24131,76,81,-5,5
24132,76,80,-4,4
24133,136,133,3,3
24134,87,83,4,4
24135,87,79,8,8
24136,72,68,4,4
24137,64,73,-9,9
24138,162,159,3,3
24139,59,64,-5,5
24140,77,74,3,3
24141,58,59,-1,1
24142,65,61,4,4
24143,103,91,12,12
24144,74,68,6,6
24145,83,70,13,13
24146,62,65,-3,3
24147,115,102,13,13
24148,88,90,-2,2
24149,79,82,-3,3
24150,102,98,4,4
24151,76,71,5,5
24152,72,74,-2,2
24153,127,130,-3,3
24154,57,62,-5,5
24155,123,122,1,1
24156,108,103,5,5
24157,179,161,18,18
24158,56,80,-24,24
24159,129,133,-4,4
24160,76,84,-8,8
24161,160,137,23,23
24162,108,97,11,11
24163,65,65,0,0
24164,80,76,4,4
24165,68,79,-11,11
24166,125,153,-28,28
24167,55,56,-1,1
24168,101,106,-5,5
24169,102,95,7,7
24170,151,154,-3,3
24171,98,124,-26,26
24172,72,80,-8,8
24173,124,120,4,4
24174,113,104,9,9
24175,84,73,11,11
24176,51,62,-11,11
24177,73,72,1,1
24178,58,49,9,9
24179,103,100,3,3
24180,89,74,15,15
24181,103,106,-3,3
24182,122,120,2,2
24183,62,66,-4,4
24184,152,138,14,14
24185,49,54,-5,5
24186,76,76,0,0
24187,107,100,7,7
24188,63,81,-18,18
24189,132,129,3,3
24190,167,117,50,50
24191,105,98,7,7
24192,160,159,1,1
24193,86,82,4,4
24194,105,96,9,9
24195,88,88,0,0
24196,102,99,3,3
24197,102,115,-13,13
24198,101,112,-11,11
24199,48,57,-9,9
24200,131,131,0,0
24201,45,41,4,4
24202,100,100,0,0
24203,77,75,2,2
24204,131,136,-5,5
24205,106,104,2,2
24206,115,109,6,6
24207,140,126,14,14
24208,111,116,-5,5
24209,100,104,-4,4
24210,55,60,-5,5
24211,80,75,5,5
24212,98,103,-5,5
24213,61,55,6,6
24214,106,98,8,8
24215,91,90,1,1
24216,96,87,9,9
24217,88,82,6,6
24218,79,81,-2,2
24219,108,118,-10,10
24220,108,111,-3,3
24221,137,120,17,17
24222,110,108,2,2
24223,67,69,-2,2
24224,81,75,6,6
24225,74,76,-2,2
24226,95,103,-8,8
24227,36,31,5,5
24228,96,92,4,4
24229,80,83,-3,3
24230,86,77,9,9
24231,145,157,-12,12
24232,163,165,-2,2
24233,57,55,2,2
24234,91,98,-7,7
24235,100,104,-4,4
24236,55,52,3,3
24237,118,111,7,7
24238,183,178,5,5
24239,79,82,-3,3
24240,82,69,13,13
24241,107,104,3,3
24242,47,48,-1,1
24243,103,106,-3,3
24244,78,77,1,1
24245,114,115,-1,1
24246,127,118,9,9
24247,65,74,-9,9
24248,149,163,-14,14
24249,72,70,2,2
24250,75,77,-2,2
24251,99,97,2,2
24252,91,86,5,5
24253,50,64,-14,14
24254,116,112,4,4
24255,150,131,19,19
24256,136,138,-2,2
24257,145,118,27,27
24258,64,72,-8,8
24259,81,77,4,4
24260,76,70,6,6
24261,91,75,16,16
24262,64,59,5,5
24263,52,53,-1,1
24264,85,87,-2,2
24265,93,92,1,1
24266,80,85,-5,5
24267,84,86,-2,2
24268,71,68,3,3
24269,73,70,3,3
24270,54,60,-6,6
24271,87,77,10,10
24272,88,93,-5,5
24273,50,58,-8,8
24274,122,117,5,5
24275,98,96,2,2
24276,82,74,8,8
24277,173,159,14,14
24278,78,77,1,1
24279,106,99,7,7
24280,103,111,-8,8
24281,78,75,3,3
24282,57,60,-3,3
24283,125,132,-7,7
24284,103,102,1,1
24285,100,99,1,1
24286,78,82,-4,4
24287,122,110,12,12
24288,122,129,-7,7
24289,135,125,10,10
24290,110,94,16,16
24291,174,157,17,17
24292,54,56,-2,2
24293,43,42,1,1
24294,82,77,5,5
24295,91,84,7,7
24296,104,92,12,12
24297,148,138,10,10
24298,30,30,0,0
24299,115,106,9,9
24300,122,113,9,9
24301,126,117,9,9
24302,68,70,-2,2
24303,119,101,18,18
24304,124,129,-5,5
24305,81,70,11,11
24306,74,69,5,5
24307,75,73,2,2
24308,57,68,-11,11
24309,92,77,15,15
24310,79,75,4,4
24311,118,122,-4,4
24312,62,69,-7,7
24313,86,78,8,8
24314,57,49,8,8
24315,93,108,-15,15
24316,111,98,13,13
24317,77,74,3,3
24318,66,74,-8,8
24319,142,107,35,35
24320,117,102,15,15
24321,48,52,-4,4
24322,195,176,19,19
24323,100,100,0,0
24324,103,95,8,8
24325,59,71,-12,12
24326,76,73,3,3
24327,108,107,1,1
24328,127,126,1,1
24329,91,80,11,11
24330,67,71,-4,4
24331,157,149,8,8
24332,120,129,-9,9
24333,79,78,1,1
24334,95,94,1,1
24335,103,103,0,0
24336,126,123,3,3
24337,73,97,-24,24
24338,53,63,-10,10
24339,126,124,2,2
24340,78,70,8,8
24341,128,126,2,2
24342,51,57,-6,6
24343,76,74,2,2
24344,130,129,1,1
24345,87,87,0,0
24346,76,81,-5,5
24347,71,66,5,5
24348,115,112,3,3
24349,119,117,2,2
24350,75,71,4,4
24351,75,90,-15,15
24352,93,86,7,7
24353,128,132,-4,4
24354,127,154,-27,27
24355,94,95,-1,1
24356,133,121,12,12
24357,53,42,11,11
24358,146,128,18,18
24359,117,129,-12,12
24360,74,73,1,1
24361,126,120,6,6
24362,41,47,-6,6
24363,143,141,2,2
24364,90,86,4,4
24365,73,77,-4,4
24366,156,151,5,5
24367,72,69,3,3
24368,59,57,2,2
24369,27,35,-8,8
24370,93,94,-1,1
24371,87,87,0,0
24372,44,53,-9,9
24373,182,180,2,2
24374,90,88,2,2
24375,170,154,16,16
24376,128,125,3,3
24377,102,108,-6,6
24378,99,96,3,3
24379,106,100,6,6
24380,86,80,6,6
24381,127,112,15,15
24382,99,85,14,14
24383,101,103,-2,2
24384,155,148,7,7
24385,184,159,25,25
24386,98,95,3,3
24387,95,96,-1,1
24388,108,132,-24,24
24389,103,108,-5,5
24390,147,144,3,3
24391,100,91,9,9
24392,76,98,-22,22
24393,308,229,79,79
24394,71,70,1,1
24395,80,83,-3,3
24396,88,80,8,8
24397,92,102,-10,10
24398,105,110,-5,5
24399,63,73,-10,10
24400,89,90,-1,1
24401,77,86,-9,9
24402,94,93,1,1
24403,72,83,-11,11
24404,65,64,1,1
24405,132,121,11,11
24406,90,84,6,6
24407,83,83,0,0
24408,35,70,-35,35
24409,163,157,6,6
24410,73,72,1,1
24411,117,116,1,1
24412,87,81,6,6
24413,70,75,-5,5
24414,189,177,12,12
24415,81,76,5,5
24416,59,68,-9,9
24417,110,116,-6,6
24418,103,108,-5,5
24419,89,89,0,0
24420,90,78,12,12
24421,475,346,129,129
24422,66,64,2,2
24423,97,101,-4,4
24424,89,80,9,9
24425,106,103,3,3
24426,81,78,3,3
24427,143,143,0,0
24428,113,109,4,4
24429,83,85,-2,2
24430,276,266,10,10
24431,88,82,6,6
24432,91,94,-3,3
24433,179,156,23,23
24434,175,131,44,44
24435,86,83,3,3
24436,60,65,-5,5
24437,86,85,1,1
24438,104,98,6,6
24439,144,138,6,6
24440,93,90,3,3
24441,98,97,1,1
24442,59,68,-9,9
24443,112,145,-33,33
24444,98,108,-10,10
24445,60,64,-4,4
24446,72,66,6,6
24447,42,50,-8,8
24448,57,56,1,1
24449,138,125,13,13
24450,99,93,6,6
24451,134,132,2,2
24452,96,82,14,14
24453,101,104,-3,3
24454,88,102,-14,14
24455,79,83,-4,4
24456,61,53,8,8
24457,77,67,10,10
24458,119,126,-7,7
24459,124,116,8,8
24460,77,79,-2,2
24461,81,80,1,1
24462,70,71,-1,1
24463,120,131,-11,11
24464,90,98,-8,8
24465,88,90,-2,2
24466,49,49,0,0
24467,70,69,1,1
24468,90,85,5,5
24469,70,66,4,4
24470,119,105,14,14
24471,99,98,1,1
24472,79,84,-5,5
24473,112,106,6,6
24474,63,66,-3,3
24475,40,50,-10,10
24476,145,138,7,7
24477,82,77,5,5
24478,87,83,4,4
24479,75,73,2,2
24480,71,69,2,2
24481,84,80,4,4
24482,85,78,7,7
24483,101,91,10,10
24484,111,95,16,16
24485,90,90,0,0
24486,63,63,0,0
24487,174,177,-3,3
24488,106,101,5,5
24489,64,70,-6,6
24490,33,36,-3,3
24491,100,114,-14,14
24492,185,161,24,24
24493,68,69,-1,1
24494,29,28,1,1
24495,45,49,-4,4
24496,58,63,-5,5
24497,120,108,12,12
24498,124,113,11,11
24499,70,68,2,2
24500,104,108,-4,4
24501,101,93,8,8
24502,92,90,2,2
24503,81,77,4,4
24504,59,60,-1,1
24505,84,83,1,1
24506,67,73,-6,6
24507,105,96,9,9
24508,81,80,1,1
24509,56,60,-4,4
24510,115,117,-2,2
24511,117,113,4,4
24512,95,87,8,8
24513,134,124,10,10
24514,89,89,0,0
24515,136,135,1,1
24516,100,98,2,2
24517,95,106,-11,11
24518,73,75,-2,2
24519,58,69,-11,11
24520,157,143,14,14
24521,77,75,2,2
24522,54,44,10,10
24523,90,100,-10,10
24524,85,89,-4,4
24525,71,70,1,1
24526,73,72,1,1
24527,87,85,2,2
24528,57,59,-2,2
24529,64,66,-2,2
24530,72,73,-1,1
24531,184,158,26,26
24532,152,121,31,31
24533,88,87,1,1
24534,90,84,6,6
24535,96,102,-6,6
24536,117,104,13,13
24537,65,65,0,0
24538,101,89,12,12
24539,130,130,0,0
24540,189,170,19,19
24541,80,81,-1,1
24542,72,74,-2,2
24543,99,101,-2,2
24544,131,124,7,7
24545,120,128,-8,8
24546,64,68,-4,4
24547,59,51,8,8
24548,69,69,0,0
24549,44,57,-13,13
24550,85,92,-7,7
24551,51,66,-15,15
24552,70,73,-3,3
24553,61,69,-8,8
24554,110,124,-14,14
24555,69,75,-6,6
24556,56,57,-1,1
24557,125,140,-15,15
24558,91,83,8,8
24559,53,67,-14,14
24560,91,90,1,1
24561,42,42,0,0
24562,85,85,0,0
24563,33,35,-2,2
24564,94,82,12,12
24565,143,136,7,7
24566,72,65,7,7
24567,85,83,2,2
24568,132,131,1,1
24569,103,96,7,7
24570,131,109,22,22
24571,72,74,-2,2
24572,109,110,-1,1
24573,104,103,1,1
24574,128,126,2,2
24575,147,141,6,6
24576,90,86,4,4
24577,44,56,-12,12
24578,84,83,1,1
24579,129,131,-2,2
24580,76,88,-12,12
24581,82,90,-8,8
24582,155,131,24,24
24583,141,129,12,12
24584,110,121,-11,11
24585,117,121,-4,4
24586,112,113,-1,1
24587,109,113,-4,4
24588,63,54,9,9
24589,68,71,-3,3
24590,140,130,10,10
24591,42,50,-8,8
24592,97,107,-10,10
24593,73,68,5,5
24594,49,41,8,8
24595,163,136,27,27
24596,116,116,0,0
24597,98,112,-14,14
24598,97,94,3,3
24599,76,77,-1,1
24600,84,81,3,3
24601,52,47,5,5
24602,134,127,7,7
24603,62,56,6,6
24604,123,122,1,1
24605,55,57,-2,2
24606,80,82,-2,2
24607,77,76,1,1
24608,121,129,-8,8
24609,45,52,-7,7
24610,66,64,2,2
24611,59,56,3,3
24612,45,55,-10,10
24613,63,63,0,0
24614,65,77,-12,12
24615,95,88,7,7
24616,84,78,6,6
24617,110,126,-16,16
24618,83,82,1,1
24619,133,115,18,18
24620,111,106,5,5
24621,69,70,-1,1
24622,43,41,2,2
24623,97,101,-4,4
24624,78,87,-9,9
24625,75,74,1,1
24626,130,118,12,12
24627,73,77,-4,4
24628,156,148,8,8
24629,110,93,17,17
24630,132,129,3,3
24631,108,110,-2,2
24632,97,99,-2,2
24633,139,130,9,9
24634,88,82,6,6
24635,136,122,14,14
24636,115,106,9,9
24637,141,131,10,10
24638,125,120,5,5
24639,114,108,6,6
24640,127,120,7,7
24641,87,87,0,0
24642,126,124,2,2
24643,83,89,-6,6
24644,68,65,3,3
24645,100,95,5,5
24646,67,71,-4,4
24647,79,73,6,6
24648,123,116,7,7
24649,49,49,0,0
24650,73,97,-24,24
24651,105,96,9,9
24652,86,83,3,3
24653,78,92,-14,14
24654,97,88,9,9
24655,95,102,-7,7
24656,46,50,-4,4
24657,105,113,-8,8
24658,157,146,11,11
24659,97,111,-14,14
24660,130,119,11,11
24661,114,125,-11,11
24662,56,62,-6,6
24663,37,41,-4,4
24664,133,131,2,2
24665,80,97,-17,17
24666,56,56,0,0
24667,64,66,-2,2
24668,78,79,-1,1
24669,96,87,9,9
24670,90,83,7,7
24671,126,116,10,10
24672,85,85,0,0
24673,60,55,5,5
24674,92,84,8,8
24675,105,104,1,1
24676,92,90,2,2
24677,85,81,4,4
24678,187,166,21,21
24679,108,117,-9,9
24680,64,56,8,8
24681,99,90,9,9
24682,92,90,2,2
24683,111,110,1,1
24684,83,76,7,7
24685,92,84,8,8
24686,68,62,6,6
24687,158,135,23,23
24688,54,57,-3,3
24689,86,77,9,9
24690,94,91,3,3
24691,102,98,4,4
24692,55,56,-1,1
24693,52,62,-10,10
24694,69,76,-7,7
24695,97,92,5,5
24696,59,68,-9,9
24697,86,83,3,3
24698,104,104,0,0
24699,119,125,-6,6
24700,124,107,17,17
24701,99,99,0,0
24702,94,88,6,6
24703,129,129,0,0
24704,134,117,17,17
24705,58,68,-10,10
24706,131,117,14,14
24707,100,88,12,12
24708,97,86,11,11
24709,75,70,5,5
24710,133,129,4,4
24711,87,85,2,2
24712,76,75,1,1
24713,55,54,1,1
24714,167,165,2,2
24715,108,115,-7,7
24716,64,66,-2,2
24717,56,68,-12,12
24718,49,89,-40,40
24719,55,52,3,3
24720,80,99,-19,19
24721,55,57,-2,2
24722,169,158,11,11
24723,156,150,6,6
24724,102,93,9,9
24725,94,89,5,5
24726,92,89,3,3
24727,116,128,-12,12
24728,120,121,-1,1
24729,107,105,2,2
24730,113,109,4,4
24731,75,76,-1,1
24732,67,64,3,3
24733,98,86,12,12
24734,193,172,21,21
24735,165,163,2,2
24736,92,80,12,12
24737,53,51,2,2
24738,82,93,-11,11
24739,113,119,-6,6
24740,89,95,-6,6
24741,93,84,9,9
24742,94,89,5,5
24743,87,81,6,6
24744,145,130,15,15
24745,142,129,13,13
24746,115,110,5,5
24747,82,86,-4,4
24748,87,90,-3,3
24749,74,70,4,4
24750,61,75,-14,14
24751,125,121,4,4
24752,74,75,-1,1
24753,129,122,7,7
24754,88,82,6,6
24755,93,93,0,0
24756,83,82,1,1
24757,123,112,11,11
24758,103,96,7,7
24759,136,136,0,0
24760,88,84,4,4
24761,94,89,5,5
24762,71,77,-6,6
24763,80,83,-3,3
24764,73,73,0,0
24765,90,81,9,9
24766,81,78,3,3
24767,85,89,-4,4
24768,48,57,-9,9
24769,122,132,-10,10
24770,120,113,7,7
24771,100,102,-2,2
24772,123,114,9,9
24773,154,136,18,18
24774,49,57,-8,8
24775,110,93,17,17
24776,90,92,-2,2
24777,103,97,6,6
24778,69,76,-7,7
24779,113,106,7,7
24780,102,100,2,2
24781,80,109,-29,29
24782,45,49,-4,4
24783,154,144,10,10
24784,116,104,12,12
24785,125,118,7,7
24786,182,163,19,19
24787,68,65,3,3
24788,82,71,11,11
24789,78,77,1,1
24790,60,74,-14,14
24791,119,108,11,11
24792,76,77,-1,1
24793,102,101,1,1
24794,94,113,-19,19
24795,76,79,-3,3
24796,52,50,2,2
24797,82,69,13,13
24798,117,118,-1,1
24799,110,104,6,6
24800,165,152,13,13
24801,79,71,8,8
24802,132,123,9,9
24803,118,112,6,6
24804,95,86,9,9
24805,74,77,-3,3
24806,52,72,-20,20
24807,104,107,-3,3
24808,103,127,-24,24
24809,119,115,4,4
24810,99,101,-2,2
24811,141,129,12,12
24812,62,60,2,2
24813,95,96,-1,1
24814,115,111,4,4
24815,97,107,-10,10
24816,46,62,-16,16
24817,122,128,-6,6
24818,121,121,0,0
24819,102,105,-3,3
24820,148,138,10,10
24821,71,68,3,3
24822,114,96,18,18
24823,126,120,6,6
24824,84,80,4,4
24825,83,80,3,3
24826,101,84,17,17
24827,98,94,4,4
24828,121,112,9,9
24829,84,91,-7,7
24830,56,68,-12,12
24831,90,77,13,13
24832,85,79,6,6
24833,87,80,7,7
24834,113,116,-3,3
24835,140,136,4,4
24836,116,116,0,0
24837,120,125,-5,5
24838,82,79,3,3
24839,150,134,16,16
24840,89,83,6,6
24841,72,69,3,3
24842,106,106,0,0
24843,66,72,-6,6
24844,67,70,-3,3
24845,78,75,3,3
24846,118,110,8,8
24847,83,97,-14,14
24848,133,140,-7,7
24849,127,123,4,4
24850,178,163,15,15
24851,70,69,1,1
24852,50,53,-3,3
24853,121,111,10,10
24854,127,121,6,6
24855,62,55,7,7
24856,74,74,0,0
24857,79,79,0,0
24858,95,88,7,7
24859,103,105,-2,2
24860,113,102,11,11
24861,58,77,-19,19
24862,162,124,38,38
24863,43,44,-1,1
24864,73,70,3,3
24865,60,63,-3,3
24866,134,125,9,9
24867,66,68,-2,2
24868,42,63,-21,21
24869,89,83,6,6
24870,82,73,9,9
24871,133,129,4,4
24872,28,32,-4,4
24873,120,105,15,15
24874,60,58,2,2
24875,59,67,-8,8
24876,54,58,-4,4
24877,81,84,-3,3
24878,102,97,5,5
24879,47,50,-3,3
24880,90,75,15,15
24881,123,112,11,11
24882,83,80,3,3
24883,92,105,-13,13
24884,105,101,4,4
24885,108,94,14,14
24886,114,122,-8,8
24887,57,63,-6,6
24888,67,67,0,0
24889,85,88,-3,3
24890,68,71,-3,3
24891,55,50,5,5
24892,93,87,6,6
24893,61,67,-6,6
24894,61,61,0,0
24895,87,85,2,2
24896,85,81,4,4
24897,88,85,3,3
24898,57,55,2,2
24899,65,69,-4,4
24900,58,63,-5,5
24901,118,112,6,6
24902,94,95,-1,1
24903,164,158,6,6
24904,74,77,-3,3
24905,106,152,-46,46
24906,97,111,-14,14
24907,117,111,6,6
24908,123,122,1,1
24909,72,80,-8,8
24910,73,67,6,6
24911,105,144,-39,39
24912,53,58,-5,5
24913,63,68,-5,5
24914,85,80,5,5
24915,136,146,-10,10
24916,113,101,12,12
24917,92,102,-10,10
24918,97,99,-2,2
24919,95,104,-9,9
24920,106,102,4,4
24921,167,157,10,10
24922,121,129,-8,8
24923,42,43,-1,1
24924,80,84,-4,4
24925,48,61,-13,13
24926,116,111,5,5
24927,117,112,5,5
24928,67,68,-1,1
24929,69,70,-1,1
24930,114,102,12,12
24931,134,121,13,13
24932,91,83,8,8
24933,88,83,5,5
24934,130,128,2,2
24935,187,180,7,7
24936,99,101,-2,2
24937,95,103,-8,8
24938,151,145,6,6
24939,97,96,1,1
24940,66,67,-1,1
24941,39,41,-2,2
24942,114,114,0,0
24943,124,114,10,10
24944,109,108,1,1
24945,92,109,-17,17
24946,50,54,-4,4
24947,139,129,10,10
24948,116,116,0,0
24949,79,77,2,2
24950,69,82,-13,13
24951,95,98,-3,3
24952,112,115,-3,3
24953,57,67,-10,10
24954,57,62,-5,5
24955,112,119,-7,7
24956,77,78,-1,1
24957,79,84,-5,5
24958,115,109,6,6
24959,52,60,-8,8
24960,121,103,18,18
24961,93,91,2,2
24962,51,47,4,4
24963,71,73,-2,2
24964,126,127,-1,1
24965,149,135,14,14
24966,91,107,-16,16
24967,142,140,2,2
24968,55,66,-11,11
24969,110,111,-1,1
24970,197,196,1,1
24971,85,81,4,4
24972,115,111,4,4
24973,111,101,10,10
24974,136,125,11,11
24975,57,62,-5,5
24976,100,85,15,15
24977,121,111,10,10
24978,105,95,10,10
24979,145,150,-5,5
24980,93,89,4,4
24981,104,104,0,0
24982,104,95,9,9
24983,89,81,8,8
24984,82,80,2,2
24985,137,121,16,16
24986,112,99,13,13
24987,99,89,10,10
24988,94,93,1,1
24989,140,128,12,12
24990,75,83,-8,8
24991,114,115,-1,1
24992,71,70,1,1
24993,155,131,24,24
24994,71,71,0,0
24995,61,60,1,1
24996,84,97,-13,13
24997,75,70,5,5
24998,128,138,-10,10
24999,247,242,5,5
25000,101,104,-3,3
25001,113,99,14,14
25002,116,111,5,5
25003,112,108,4,4
25004,83,85,-2,2
25005,52,59,-7,7
25006,73,59,14,14
25007,43,54,-11,11
25008,96,96,0,0
25009,49,59,-10,10
25010,57,65,-8,8
25011,104,124,-20,20
25012,86,91,-5,5
25013,66,68,-2,2
25014,69,80,-11,11
25015,92,96,-4,4
25016,120,120,0,0
25017,124,125,-1,1
25018,109,102,7,7
25019,90,102,-12,12
25020,88,84,4,4
25021,60,61,-1,1
25022,100,106,-6,6
25023,171,206,-35,35
25024,55,60,-5,5
25025,143,139,4,4
25026,104,101,3,3
25027,120,119,1,1
25028,132,127,5,5
25029,142,143,-1,1
25030,68,69,-1,1
25031,74,70,4,4
25032,107,101,6,6
25033,82,77,5,5
25034,48,51,-3,3
25035,83,77,6,6
25036,66,70,-4,4
25037,90,87,3,3
25038,114,116,-2,2
25039,123,105,18,18
25040,140,126,14,14
25041,71,67,4,4
25042,112,104,8,8
25043,175,180,-5,5
25044,148,130,18,18
25045,87,84,3,3
25046,156,152,4,4
25047,44,44,0,0
25048,105,102,3,3
25049,120,126,-6,6
25050,65,66,-1,1
25051,120,119,1,1
25052,69,70,-1,1
25053,91,100,-9,9
25054,135,123,12,12
25055,133,134,-1,1
25056,81,82,-1,1
25057,74,64,10,10
25058,144,143,1,1
25059,146,139,7,7
25060,95,82,13,13
25061,223,190,33,33
25062,126,107,19,19
25063,49,52,-3,3
25064,102,101,1,1
25065,116,108,8,8
25066,60,61,-1,1
25067,154,142,12,12
25068,134,116,18,18
25069,100,98,2,2
25070,76,68,8,8
25071,74,71,3,3
25072,77,68,9,9
25073,88,90,-2,2
25074,76,82,-6,6
25075,81,79,2,2
25076,165,157,8,8
25077,108,107,1,1
25078,53,22,31,31
25079,59,63,-4,4
25080,85,103,-18,18
25081,98,92,6,6
25082,58,62,-4,4
25083,105,103,2,2
25084,148,139,9,9
25085,159,138,21,21
25086,163,165,-2,2
25087,102,96,6,6
25088,71,83,-12,12
25089,156,143,13,13
25090,97,89,8,8
25091,97,89,8,8
25092,72,69,3,3
25093,83,107,-24,24
25094,81,69,12,12
25095,103,97,6,6
25096,95,92,3,3
25097,82,95,-13,13
25098,121,114,7,7
25099,78,82,-4,4
25100,98,90,8,8
25101,145,144,1,1
25102,122,118,4,4
25103,123,112,11,11
25104,76,70,6,6
25105,195,177,18,18
25106,48,42,6,6
25107,59,71,-12,12
25108,73,75,-2,2
25109,73,75,-2,2
25110,63,59,4,4
25111,178,154,24,24
25112,69,69,0,0
25113,96,93,3,3
25114,67,69,-2,2
25115,46,48,-2,2
25116,88,86,2,2
25117,47,56,-9,9
25118,45,45,0,0
25119,47,42,5,5
25120,123,117,6,6
25121,124,120,4,4
25122,167,158,9,9
25123,136,126,10,10
25124,72,76,-4,4
25125,109,107,2,2
25126,74,74,0,0
25127,80,73,7,7
25128,126,124,2,2
25129,119,109,10,10
25130,60,66,-6,6
25131,98,99,-1,1
25132,128,116,12,12
25133,96,88,8,8
25134,109,104,5,5
25135,135,130,5,5
25136,86,79,7,7
25137,125,123,2,2
25138,71,77,-6,6
25139,137,133,4,4
25140,86,88,-2,2
25141,150,155,-5,5
25142,83,92,-9,9
25143,57,58,-1,1
25144,87,84,3,3
25145,58,68,-10,10
25146,74,80,-6,6
25147,168,146,22,22
25148,145,134,11,11
25149,65,68,-3,3
25150,76,78,-2,2
25151,114,111,3,3
25152,151,153,-2,2
25153,146,162,-16,16
25154,65,69,-4,4
25155,77,90,-13,13
25156,165,147,18,18
25157,89,109,-20,20
25158,107,100,7,7
25159,96,111,-15,15
25160,115,116,-1,1
25161,74,70,4,4
25162,160,154,6,6
25163,82,83,-1,1
25164,80,76,4,4
25165,94,100,-6,6
25166,97,94,3,3
25167,48,68,-20,20
25168,79,71,8,8
25169,16,27,-11,11
25170,100,99,1,1
25171,51,68,-17,17
25172,86,82,4,4
25173,108,112,-4,4
25174,46,44,2,2
25175,55,55,0,0
25176,112,121,-9,9
25177,84,81,3,3
25178,100,98,2,2
25179,150,136,14,14
25180,138,130,8,8
25181,92,85,7,7
25182,66,69,-3,3
25183,103,99,4,4
25184,96,93,3,3
25185,148,147,1,1
25186,81,82,-1,1
25187,45,66,-21,21
25188,126,121,5,5
25189,168,160,8,8
25190,76,77,-1,1
25191,134,139,-5,5
25192,83,82,1,1
25193,118,110,8,8
25194,117,105,12,12
25195,100,106,-6,6
25196,96,100,-4,4
25197,122,115,7,7
25198,76,81,-5,5
25199,96,108,-12,12
25200,103,94,9,9
25201,70,73,-3,3
25202,209,183,26,26
25203,75,75,0,0
25204,54,68,-14,14
25205,111,109,2,2
25206,70,66,4,4
25207,100,103,-3,3
25208,108,98,10,10
25209,56,66,-10,10
25210,172,180,-8,8
25211,67,71,-4,4
25212,118,102,16,16
25213,47,51,-4,4
25214,69,69,0,0
25215,85,89,-4,4
25216,63,58,5,5
25217,267,221,46,46
25218,101,100,1,1
25219,126,117,9,9
25220,99,101,-2,2
25221,124,128,-4,4
25222,145,130,15,15
25223,83,75,8,8
25224,96,86,10,10
25225,149,167,-18,18
25226,65,66,-1,1
25227,83,77,6,6
25228,51,50,1,1
25229,73,84,-11,11
25230,164,139,25,25
25231,76,80,-4,4
25232,86,82,4,4
25233,128,117,11,11
25234,126,110,16,16
25235,75,74,1,1
25236,85,83,2,2
25237,59,58,1,1
25238,80,73,7,7
25239,115,106,9,9
25240,96,90,6,6
25241,57,63,-6,6
25242,78,73,5,5
25243,92,84,8,8
25244,114,110,4,4
25245,97,84,13,13
25246,67,68,-1,1
25247,68,94,-26,26
25248,88,84,4,4
25249,58,63,-5,5
25250,86,91,-5,5
25251,81,75,6,6
25252,80,80,0,0
25253,107,110,-3,3
25254,65,66,-1,1
25255,77,75,2,2
25256,30,43,-13,13
25257,81,81,0,0
25258,91,101,-10,10
25259,62,72,-10,10
25260,78,86,-8,8
25261,103,99,4,4
25262,113,106,7,7
25263,121,116,5,5
25264,75,73,2,2
25265,113,112,1,1
25266,52,60,-8,8
25267,93,100,-7,7
25268,51,63,-12,12
25269,128,114,14,14
25270,86,77,9,9
25271,107,106,1,1
25272,105,102,3,3
25273,195,185,10,10
25274,64,62,2,2
25275,56,71,-15,15
25276,38,85,-47,47
25277,111,130,-19,19
25278,72,74,-2,2
25279,103,102,1,1
25280,93,89,4,4
25281,90,94,-4,4
25282,64,75,-11,11
25283,142,130,12,12
25284,96,101,-5,5
25285,85,84,1,1
25286,99,97,2,2
25287,52,54,-2,2
25288,117,133,-16,16
25289,76,76,0,0
25290,80,71,9,9
25291,99,92,7,7
25292,103,95,8,8
25293,60,68,-8,8
25294,96,96,0,0
25295,112,110,2,2
25296,77,72,5,5
25297,126,114,12,12
25298,125,122,3,3
25299,132,133,-1,1
25300,79,83,-4,4
25301,106,105,1,1
25302,35,42,-7,7
25303,85,77,8,8
25304,63,61,2,2
25305,65,74,-9,9
25306,23,51,-28,28
25307,73,76,-3,3
25308,103,107,-4,4
25309,79,76,3,3
25310,81,83,-2,2
25311,54,49,5,5
25312,77,79,-2,2
25313,90,85,5,5
25314,92,90,2,2
25315,54,62,-8,8
25316,101,103,-2,2
25317,102,91,11,11
25318,77,79,-2,2
25319,113,125,-12,12
25320,166,154,12,12
25321,74,77,-3,3
25322,116,117,-1,1
25323,127,134,-7,7
25324,89,83,6,6
25325,101,100,1,1
25326,103,104,-1,1
25327,127,123,4,4
25328,83,76,7,7
25329,123,124,-1,1
25330,118,122,-4,4
25331,160,154,6,6
25332,79,79,0,0
25333,76,71,5,5
25334,51,46,5,5
25335,110,114,-4,4
25336,112,127,-15,15
25337,73,70,3,3
25338,90,82,8,8
25339,87,86,1,1
25340,97,96,1,1
25341,51,52,-1,1
25342,175,170,5,5
25343,51,57,-6,6
25344,96,91,5,5
25345,96,79,17,17
25346,87,89,-2,2
25347,98,98,0,0
25348,195,175,20,20
25349,74,71,3,3
25350,111,101,10,10
25351,62,62,0,0
25352,62,67,-5,5
25353,50,56,-6,6
25354,77,76,1,1
25355,68,56,12,12
25356,72,76,-4,4
25357,82,73,9,9
25358,69,71,-2,2
25359,133,130,3,3
25360,57,60,-3,3
25361,87,100,-13,13
25362,86,79,7,7
25363,53,83,-30,30
25364,111,131,-20,20
25365,85,92,-7,7
25366,68,69,-1,1
25367,82,85,-3,3
25368,125,113,12,12
25369,127,116,11,11
25370,46,83,-37,37
25371,125,128,-3,3
25372,133,124,9,9
25373,84,87,-3,3
25374,70,68,2,2
25375,130,116,14,14
25376,86,87,-1,1
25377,161,156,5,5
25378,100,122,-22,22
25379,107,107,0,0
25380,89,93,-4,4
25381,62,50,12,12
25382,75,77,-2,2
25383,82,82,0,0
25384,104,107,-3,3
25385,83,97,-14,14
25386,109,102,7,7
25387,57,51,6,6
25388,125,122,3,3
25389,87,73,14,14
25390,201,168,33,33
25391,75,78,-3,3
25392,80,79,1,1
25393,143,157,-14,14
25394,120,117,3,3
25395,146,143,3,3
25396,70,67,3,3
25397,93,91,2,2
25398,110,110,0,0
25399,43,50,-7,7
25400,97,89,8,8
25401,70,64,6,6
25402,85,81,4,4
25403,91,100,-9,9
25404,85,86,-1,1
25405,120,112,8,8
25406,70,73,-3,3
25407,61,71,-10,10
25408,67,70,-3,3
25409,156,147,9,9
25410,45,39,6,6
25411,121,126,-5,5
25412,93,103,-10,10
25413,111,119,-8,8
25414,72,78,-6,6
25415,44,45,-1,1
25416,140,146,-6,6
25417,52,58,-6,6
25418,70,71,-1,1
25419,117,119,-2,2
25420,60,63,-3,3
25421,73,84,-11,11
25422,107,100,7,7
25423,90,88,2,2
25424,59,70,-11,11
25425,102,103,-1,1
25426,73,75,-2,2
25427,86,87,-1,1
25428,58,62,-4,4
25429,66,66,0,0
25430,62,98,-36,36
25431,130,124,6,6
25432,121,104,17,17
25433,114,104,10,10
25434,128,123,5,5
25435,106,106,0,0
25436,94,86,8,8
25437,139,135,4,4
25438,57,55,2,2
25439,62,76,-14,14
25440,59,64,-5,5
25441,134,123,11,11
25442,88,84,4,4
25443,67,72,-5,5
25444,91,89,2,2
25445,79,73,6,6
25446,99,99,0,0
25447,135,146,-11,11
25448,118,118,0,0
25449,97,94,3,3
25450,96,84,12,12
25451,81,81,0,0
25452,93,96,-3,3
25453,108,112,-4,4
25454,69,68,1,1
25455,106,110,-4,4
25456,80,83,-3,3
25457,108,104,4,4
25458,95,85,10,10
25459,41,43,-2,2
25460,97,93,4,4
25461,161,131,30,30
25462,96,93,3,3
25463,86,92,-6,6
25464,123,111,12,12
25465,84,76,8,8
25466,81,84,-3,3
25467,99,97,2,2
25468,108,101,7,7
25469,57,67,-10,10
25470,82,88,-6,6
25471,117,141,-24,24
25472,78,86,-8,8
25473,206,196,10,10
25474,70,71,-1,1
25475,66,72,-6,6
25476,132,121,11,11
25477,73,68,5,5
25478,53,59,-6,6
25479,47,56,-9,9
25480,73,80,-7,7
25481,72,75,-3,3
25482,96,88,8,8
25483,182,176,6,6
25484,80,75,5,5
25485,98,89,9,9
25486,103,104,-1,1
25487,182,178,4,4
25488,136,146,-10,10
25489,101,93,8,8
25490,81,75,6,6
25491,161,149,12,12
25492,83,90,-7,7
25493,57,70,-13,13
25494,119,106,13,13
25495,103,95,8,8
25496,143,127,16,16
25497,61,100,-39,39
25498,117,111,6,6
25499,113,110,3,3
25500,94,97,-3,3
25501,70,76,-6,6
25502,116,118,-2,2
25503,102,88,14,14
25504,154,145,9,9
25505,91,82,9,9
25506,105,111,-6,6
25507,114,120,-6,6
25508,160,160,0,0
25509,94,91,3,3
25510,151,131,20,20
25511,170,162,8,8
25512,76,70,6,6
25513,74,73,1,1
25514,101,101,0,0
25515,62,57,5,5
25516,84,82,2,2
25517,109,109,0,0
25518,106,100,6,6
25519,119,110,9,9
25520,89,90,-1,1
25521,53,53,0,0
25522,37,32,5,5
25523,97,96,1,1
25524,91,87,4,4
25525,94,85,9,9
25526,111,94,17,17
25527,203,198,5,5
25528,71,71,0,0
25529,63,66,-3,3
25530,55,62,-7,7
25531,87,80,7,7
25532,125,137,-12,12
25533,101,104,-3,3
25534,98,83,15,15
25535,116,122,-6,6
25536,79,80,-1,1
25537,206,193,13,13
25538,102,108,-6,6
25539,153,145,8,8
25540,86,89,-3,3
25541,60,60,0,0
25542,95,107,-12,12
25543,156,143,13,13
25544,90,82,8,8
25545,131,122,9,9
25546,107,98,9,9
25547,56,59,-3,3
25548,96,94,2,2
25549,67,78,-11,11
25550,66,69,-3,3
25551,116,117,-1,1
25552,97,100,-3,3
25553,132,125,7,7
25554,87,91,-4,4
25555,94,95,-1,1
25556,50,53,-3,3
25557,104,91,13,13
25558,179,184,-5,5
25559,121,102,19,19
25560,54,62,-8,8
25561,86,77,9,9
25562,29,26,3,3
25563,109,106,3,3
25564,81,91,-10,10
25565,75,81,-6,6
25566,179,165,14,14
25567,59,53,6,6
25568,122,113,9,9
25569,209,192,17,17
25570,53,57,-4,4
25571,79,70,9,9
25572,97,90,7,7
25573,99,103,-4,4
25574,50,48,2,2
25575,81,83,-2,2
25576,77,73,4,4
25577,179,165,14,14
25578,100,104,-4,4
25579,57,67,-10,10
25580,88,87,1,1
25581,47,55,-8,8
25582,92,93,-1,1
25583,94,82,12,12
25584,49,73,-24,24
25585,155,136,19,19
25586,93,98,-5,5
25587,160,143,17,17
25588,34,37,-3,3
25589,109,100,9,9
25590,112,107,5,5
25591,65,63,2,2
25592,76,69,7,7
25593,82,91,-9,9
25594,97,81,16,16
25595,72,76,-4,4
25596,95,99,-4,4
25597,59,65,-6,6
25598,52,54,-2,2
25599,81,72,9,9
25600,87,81,6,6
25601,129,121,8,8
25602,57,79,-22,22
25603,54,59,-5,5
25604,122,104,18,18
25605,90,87,3,3
25606,136,128,8,8
25607,55,58,-3,3
25608,69,75,-6,6
25609,118,111,7,7
25610,103,102,1,1
25611,70,71,-1,1
25612,43,49,-6,6
25613,66,73,-7,7
25614,140,139,1,1
25615,89,97,-8,8
25616,147,119,28,28
25617,112,111,1,1
25618,78,68,10,10
25619,40,45,-5,5
25620,55,61,-6,6
25621,77,76,1,1
25622,80,96,-16,16
25623,71,73,-2,2
25624,82,81,1,1
25625,82,85,-3,3
25626,93,100,-7,7
25627,68,67,1,1
25628,96,83,13,13
25629,116,111,5,5
25630,53,52,1,1
25631,87,79,8,8
25632,116,116,0,0
25633,102,92,10,10
25634,89,81,8,8
25635,121,115,6,6
25636,92,87,5,5
25637,29,55,-26,26
25638,98,84,14,14
25639,70,63,7,7
25640,127,116,11,11
25641,208,194,14,14
25642,85,78,7,7
25643,84,89,-5,5
25644,92,92,0,0
25645,118,129,-11,11
25646,66,70,-4,4
25647,79,79,0,0
25648,167,150,17,17
25649,174,170,4,4
25650,92,87,5,5
25651,90,97,-7,7
25652,103,97,6,6
25653,85,81,4,4
25654,43,46,-3,3
25655,144,140,4,4
25656,66,64,2,2
25657,33,55,-22,22
25658,50,62,-12,12
25659,68,65,3,3
25660,152,161,-9,9
25661,102,93,9,9
25662,45,45,0,0
25663,67,67,0,0
25664,59,64,-5,5
25665,92,100,-8,8
25666,138,135,3,3
25667,152,143,9,9
25668,79,75,4,4
25669,122,122,0,0
25670,122,117,5,5
25671,59,68,-9,9
25672,164,146,18,18
25673,93,143,-50,50
25674,86,91,-5,5
25675,133,122,11,11
25676,95,106,-11,11
25677,86,89,-3,3
25678,76,73,3,3
25679,152,144,8,8
25680,99,85,14,14
25681,62,61,1,1
25682,92,96,-4,4
25683,105,97,8,8
25684,95,88,7,7
25685,103,82,21,21
25686,64,69,-5,5
25687,113,126,-13,13
25688,139,139,0,0
25689,116,106,10,10
25690,109,116,-7,7
25691,110,110,0,0
25692,102,99,3,3
25693,108,113,-5,5
25694,83,75,8,8
25695,151,144,7,7
25696,84,90,-6,6
25697,109,100,9,9
25698,136,126,10,10
25699,109,103,6,6
25700,136,114,22,22
25701,109,103,6,6
25702,68,74,-6,6
25703,76,72,4,4
25704,81,80,1,1
25705,102,99,3,3
25706,139,132,7,7
25707,86,86,0,0
25708,105,98,7,7
25709,58,67,-9,9
25710,35,48,-13,13
25711,49,59,-10,10
25712,82,78,4,4
25713,70,75,-5,5
25714,79,78,1,1
25715,66,60,6,6
25716,122,119,3,3
25717,77,69,8,8
25718,120,114,6,6
25719,155,136,19,19
25720,123,122,1,1
25721,74,80,-6,6
25722,88,85,3,3
25723,143,139,4,4
25724,88,73,15,15
25725,57,63,-6,6
25726,130,124,6,6
25727,81,86,-5,5
25728,83,86,-3,3
25729,173,147,26,26
25730,66,69,-3,3
25731,91,89,2,2
25732,70,67,3,3
25733,73,61,12,12
25734,72,79,-7,7
25735,73,73,0,0
25736,109,117,-8,8
25737,106,65,41,41
25738,72,70,2,2
25739,80,83,-3,3
25740,188,170,18,18
25741,112,108,4,4
25742,116,111,5,5
25743,115,103,12,12
25744,97,97,0,0
25745,171,168,3,3
25746,96,100,-4,4
25747,97,88,9,9
25748,60,64,-4,4
25749,119,103,16,16
25750,144,138,6,6
25751,64,66,-2,2
25752,55,63,-8,8
25753,92,87,5,5
25754,92,86,6,6
25755,133,134,-1,1
25756,62,64,-2,2
25757,143,138,5,5
25758,92,96,-4,4
25759,95,116,-21,21
25760,43,41,2,2
25761,110,107,3,3
25762,94,82,12,12
25763,68,70,-2,2
25764,81,83,-2,2
25765,150,132,18,18
25766,129,125,4,4
25767,133,121,12,12
25768,105,101,4,4
25769,66,82,-16,16
25770,91,92,-1,1
25771,90,77,13,13
25772,117,98,19,19
25773,140,131,9,9
25774,165,155,10,10
25775,95,93,2,2
25776,85,75,10,10
25777,158,143,15,15
25778,138,140,-2,2
25779,96,94,2,2
25780,122,117,5,5
25781,65,64,1,1
25782,63,65,-2,2
25783,111,109,2,2
25784,80,98,-18,18
25785,79,79,0,0
25786,100,86,14,14
25787,81,83,-2,2
25788,92,88,4,4
25789,75,91,-16,16
25790,82,81,1,1
25791,79,86,-7,7
25792,57,67,-10,10
25793,148,122,26,26
25794,79,78,1,1
25795,122,117,5,5
25796,82,82,0,0
25797,61,62,-1,1
25798,38,44,-6,6
25799,94,101,-7,7
25800,101,83,18,18
25801,89,83,6,6
25802,68,66,2,2
25803,47,59,-12,12
25804,90,83,7,7
25805,60,65,-5,5
25806,114,107,7,7
25807,80,85,-5,5
25808,127,112,15,15
25809,102,110,-8,8
25810,69,67,2,2
25811,53,69,-16,16
25812,59,68,-9,9
25813,95,96,-1,1
25814,64,64,0,0
25815,144,149,-5,5
25816,71,66,5,5
25817,100,104,-4,4
25818,116,116,0,0
25819,104,99,5,5
25820,177,179,-2,2
25821,108,104,4,4
25822,132,122,10,10
25823,118,106,12,12
25824,135,148,-13,13
25825,115,111,4,4
25826,73,74,-1,1
25827,133,121,12,12
25828,95,90,5,5
25829,80,78,2,2
25830,48,73,-25,25
25831,158,151,7,7
25832,73,75,-2,2
25833,94,88,6,6
25834,74,96,-22,22
25835,154,157,-3,3
25836,127,127,0,0
25837,73,71,2,2
25838,89,84,5,5
25839,61,67,-6,6
25840,87,79,8,8
25841,65,79,-14,14
25842,81,86,-5,5
25843,99,97,2,2
25844,83,85,-2,2
25845,90,91,-1,1
25846,82,80,2,2
25847,115,105,10,10
25848,137,138,-1,1
25849,78,76,2,2
25850,94,83,11,11
25851,101,100,1,1
25852,96,93,3,3
25853,77,73,4,4
25854,112,103,9,9
25855,138,137,1,1
25856,98,92,6,6
25857,91,94,-3,3
25858,143,134,9,9
25859,153,148,5,5
25860,40,45,-5,5
25861,69,65,4,4
25862,67,67,0,0
25863,43,54,-11,11
25864,104,107,-3,3
25865,117,108,9,9
25866,84,76,8,8
25867,84,87,-3,3
25868,74,68,6,6
25869,75,72,3,3
25870,147,151,-4,4
25871,94,96,-2,2
25872,92,86,6,6
25873,71,74,-3,3
25874,84,80,4,4
25875,78,99,-21,21
25876,83,80,3,3
25877,84,89,-5,5
25878,42,51,-9,9
25879,149,148,1,1
25880,95,98,-3,3
25881,132,118,14,14
25882,83,81,2,2
25883,131,130,1,1
25884,62,65,-3,3
25885,87,86,1,1
25886,91,82,9,9
25887,155,169,-14,14
25888,73,80,-7,7
25889,98,100,-2,2
25890,72,70,2,2
25891,75,81,-6,6
25892,147,140,7,7
25893,54,64,-10,10
25894,128,121,7,7
25895,98,96,2,2
25896,111,107,4,4
25897,81,82,-1,1
25898,87,79,8,8
25899,28,65,-37,37
25900,123,121,2,2
25901,82,76,6,6
25902,82,72,10,10
25903,113,105,8,8
25904,121,134,-13,13
25905,124,121,3,3
25906,85,80,5,5
25907,82,83,-1,1
25908,107,112,-5,5
25909,113,113,0,0
25910,74,82,-8,8
25911,97,87,10,10
25912,56,62,-6,6
25913,89,85,4,4
25914,132,122,10,10
25915,134,126,8,8
25916,93,95,-2,2
25917,128,133,-5,5
25918,121,121,0,0
25919,132,139,-7,7
25920,114,115,-1,1
25921,93,85,8,8
25922,132,128,4,4
25923,139,120,19,19
25924,59,62,-3,3
25925,185,165,20,20
25926,47,57,-10,10
25927,68,72,-4,4
25928,122,128,-6,6
25929,130,136,-6,6
25930,98,99,-1,1
25931,42,45,-3,3
25932,125,122,3,3
25933,56,62,-6,6
25934,129,126,3,3
25935,60,81,-21,21
25936,51,54,-3,3
25937,78,79,-1,1
25938,62,70,-8,8
25939,80,90,-10,10
25940,39,48,-9,9
25941,120,120,0,0
25942,100,91,9,9
25943,112,120,-8,8
25944,85,82,3,3
25945,118,112,6,6
25946,124,129,-5,5
25947,56,58,-2,2
25948,97,98,-1,1
25949,83,93,-10,10
25950,91,91,0,0
25951,68,71,-3,3
25952,108,111,-3,3
25953,87,87,0,0
25954,57,62,-5,5
25955,70,67,3,3
25956,87,85,2,2
25957,111,103,8,8
25958,79,81,-2,2
25959,117,105,12,12
25960,95,99,-4,4
25961,139,129,10,10
25962,52,47,5,5
25963,47,97,-50,50
25964,104,102,2,2
25965,89,80,9,9
25966,86,89,-3,3
25967,90,82,8,8
25968,113,106,7,7
25969,89,87,2,2
25970,94,96,-2,2
25971,134,133,1,1
25972,63,62,1,1
25973,102,96,6,6
25974,146,132,14,14
25975,140,139,1,1
25976,73,74,-1,1
25977,127,126,1,1
25978,47,58,-11,11
25979,90,104,-14,14
25980,77,77,0,0
25981,136,127,9,9
25982,121,120,1,1
25983,82,74,8,8
25984,114,124,-10,10
25985,114,106,8,8
25986,80,77,3,3
25987,82,75,7,7
25988,79,77,2,2
25989,107,111,-4,4
25990,113,99,14,14
25991,114,107,7,7
25992,52,61,-9,9
25993,67,69,-2,2
25994,74,77,-3,3
25995,113,111,2,2
25996,77,74,3,3
25997,125,128,-3,3
25998,60,59,1,1
25999,78,78,0,0
26000,94,93,1,1
26001,102,94,8,8
26002,115,106,9,9
26003,114,107,7,7
26004,115,120,-5,5
26005,109,105,4,4
26006,107,112,-5,5
26007,80,78,2,2
26008,111,103,8,8
26009,36,58,-22,22
26010,78,77,1,1
26011,87,83,4,4
26012,74,75,-1,1
26013,70,77,-7,7
26014,64,67,-3,3
26015,51,51,0,0
26016,97,98,-1,1
26017,106,102,4,4
26018,150,147,3,3
26019,105,97,8,8
26020,80,83,-3,3
26021,81,81,0,0
26022,78,80,-2,2
26023,103,107,-4,4
26024,68,70,-2,2
26025,69,72,-3,3
26026,100,117,-17,17
26027,100,83,17,17
26028,171,162,9,9
26029,102,98,4,4
26030,98,88,10,10
26031,81,85,-4,4
26032,86,78,8,8
26033,47,54,-7,7
26034,83,90,-7,7
26035,139,137,2,2
26036,71,75,-4,4
26037,142,135,7,7
26038,65,63,2,2
26039,68,67,1,1
26040,63,65,-2,2
26041,105,93,12,12
26042,53,62,-9,9
26043,126,120,6,6
26044,137,136,1,1
26045,64,62,2,2
26046,126,135,-9,9
26047,117,107,10,10
26048,65,93,-28,28
26049,133,136,-3,3
26050,64,61,3,3
26051,96,86,10,10
26052,92,88,4,4
26053,99,102,-3,3
26054,148,147,1,1
26055,54,54,0,0
26056,99,83,16,16
26057,89,99,-10,10
26058,63,63,0,0
26059,90,84,6,6
26060,71,79,-8,8
26061,82,73,9,9
26062,89,83,6,6
26063,58,63,-5,5
26064,88,92,-4,4
26065,91,92,-1,1
26066,29,33,-4,4
26067,63,66,-3,3
26068,73,74,-1,1
26069,68,64,4,4
26070,76,84,-8,8
26071,73,69,4,4
26072,152,139,13,13
26073,113,99,14,14
26074,57,50,7,7
26075,81,78,3,3
26076,102,109,-7,7
26077,87,110,-23,23
26078,106,106,0,0
26079,83,86,-3,3
26080,164,153,11,11
26081,122,104,18,18
26082,68,73,-5,5
26083,79,74,5,5
26084,57,59,-2,2
26085,116,120,-4,4
26086,57,59,-2,2
26087,105,91,14,14
26088,95,89,6,6
26089,164,161,3,3
26090,159,162,-3,3
26091,92,81,11,11
26092,100,110,-10,10
26093,64,60,4,4
26094,121,160,-39,39
26095,157,143,14,14
26096,116,112,4,4
26097,46,54,-8,8
26098,106,99,7,7
26099,67,74,-7,7
26100,83,86,-3,3
26101,66,62,4,4
26102,105,110,-5,5
26103,166,167,-1,1
26104,109,97,12,12
26105,75,75,0,0
26106,86,81,5,5
26107,91,84,7,7
26108,76,75,1,1
26109,149,159,-10,10
26110,102,93,9,9
26111,76,78,-2,2
26112,64,61,3,3
26113,108,101,7,7
26114,99,96,3,3
26115,104,104,0,0
26116,136,140,-4,4
26117,72,86,-14,14
26118,92,81,11,11
26119,70,72,-2,2
26120,69,71,-2,2
26121,154,146,8,8
26122,129,121,8,8
26123,102,98,4,4
26124,107,101,6,6
26125,107,108,-1,1
26126,75,69,6,6
26127,108,102,6,6
26128,96,87,9,9
26129,80,82,-2,2
26130,73,74,-1,1
26131,129,125,4,4
26132,57,58,-1,1
26133,92,87,5,5
26134,70,79,-9,9
26135,61,70,-9,9
26136,52,68,-16,16
26137,145,135,10,10
26138,74,78,-4,4
26139,75,70,5,5
26140,134,130,4,4
26141,105,111,-6,6
26142,108,94,14,14
26143,98,98,0,0
26144,96,85,11,11
26145,135,131,4,4
26146,103,101,2,2
26147,84,81,3,3
26148,132,122,10,10
26149,114,99,15,15
26150,87,80,7,7
26151,55,60,-5,5
26152,65,60,5,5
26153,48,56,-8,8
26154,64,65,-1,1
26155,113,97,16,16
26156,137,125,12,12
26157,124,121,3,3
26158,47,50,-3,3
26159,103,95,8,8
26160,136,130,6,6
26161,80,76,4,4
26162,65,82,-17,17
26163,117,104,13,13
26164,113,117,-4,4
26165,71,66,5,5
26166,132,139,-7,7
26167,102,84,18,18
26168,191,181,10,10
26169,127,116,11,11
26170,102,102,0,0
26171,104,96,8,8
26172,113,112,1,1
26173,74,86,-12,12
26174,143,138,5,5
26175,73,67,6,6
26176,143,139,4,4
26177,120,111,9,9
26178,95,90,5,5
26179,84,86,-2,2
26180,146,141,5,5
26181,70,69,1,1
26182,125,106,19,19
26183,79,78,1,1
26184,77,82,-5,5
26185,69,66,3,3
26186,100,96,4,4
26187,190,172,18,18
26188,90,90,0,0
26189,67,81,-14,14
26190,179,173,6,6
26191,68,76,-8,8
26192,79,93,-14,14
26193,149,133,16,16
26194,87,70,17,17
26195,58,82,-24,24
26196,176,182,-6,6
26197,67,68,-1,1
26198,76,77,-1,1
26199,127,121,6,6
26200,73,69,4,4
26201,68,68,0,0
26202,70,70,0,0
26203,101,94,7,7
26204,122,128,-6,6
26205,95,88,7,7
26206,90,87,3,3
26207,85,94,-9,9
26208,138,132,6,6
26209,115,116,-1,1
26210,122,115,7,7
26211,59,59,0,0
26212,51,54,-3,3
26213,106,100,6,6
26214,110,112,-2,2
26215,111,111,0,0
26216,62,82,-20,20
26217,93,84,9,9
26218,46,49,-3,3
26219,107,108,-1,1
26220,144,129,15,15
26221,92,79,13,13
26222,92,89,3,3
26223,95,105,-10,10
26224,154,147,7,7
26225,54,54,0,0
26226,102,100,2,2
26227,61,67,-6,6
26228,109,115,-6,6
26229,155,128,27,27
26230,83,74,9,9
26231,79,76,3,3
26232,102,99,3,3
26233,133,121,12,12
26234,134,138,-4,4
26235,81,77,4,4
26236,151,145,6,6
26237,46,51,-5,5
26238,97,92,5,5
26239,62,59,3,3
26240,114,113,1,1
26241,83,87,-4,4
26242,114,109,5,5
26243,87,97,-10,10
26244,110,95,15,15
26245,232,226,6,6
26246,35,41,-6,6
26247,96,90,6,6
26248,87,90,-3,3
26249,52,55,-3,3
26250,89,81,8,8
26251,84,75,9,9
26252,84,83,1,1
26253,151,147,4,4
26254,51,57,-6,6
26255,112,100,12,12
26256,189,180,9,9
26257,68,68,0,0
26258,77,74,3,3
26259,62,65,-3,3
26260,112,111,1,1
26261,95,90,5,5
26262,81,84,-3,3
26263,108,95,13,13
26264,96,96,0,0
26265,58,56,2,2
26266,84,81,3,3
26267,116,104,12,12
26268,97,100,-3,3
26269,92,89,3,3
26270,101,108,-7,7
26271,56,52,4,4
26272,74,78,-4,4
26273,115,106,9,9
26274,74,78,-4,4
26275,58,56,2,2
26276,129,128,1,1
26277,91,90,1,1
26278,59,53,6,6
26279,52,54,-2,2
26280,73,73,0,0
26281,69,62,7,7
26282,119,95,24,24
26283,126,119,7,7
26284,114,97,17,17
26285,100,106,-6,6
26286,86,82,4,4
26287,116,129,-13,13
26288,72,69,3,3
26289,61,67,-6,6
26290,83,72,11,11
26291,94,96,-2,2
26292,90,96,-6,6
26293,93,98,-5,5
26294,31,35,-4,4
26295,163,155,8,8
26296,99,93,6,6
26297,46,54,-8,8
26298,55,59,-4,4
26299,75,78,-3,3
26300,72,76,-4,4
26301,107,95,12,12
26302,89,96,-7,7
26303,66,55,11,11
26304,67,73,-6,6
26305,145,146,-1,1
26306,151,142,9,9
26307,153,134,19,19
26308,56,52,4,4
26309,97,100,-3,3
26310,162,157,5,5
26311,90,87,3,3
26312,106,98,8,8
26313,27,32,-5,5
26314,93,83,10,10
26315,105,101,4,4
26316,123,134,-11,11
26317,61,68,-7,7
26318,64,59,5,5
26319,109,110,-1,1
26320,153,147,6,6
26321,81,76,5,5
26322,167,146,21,21
26323,100,92,8,8
26324,40,53,-13,13
26325,84,90,-6,6
26326,126,125,1,1
26327,69,70,-1,1
26328,54,46,8,8
26329,41,46,-5,5
26330,86,91,-5,5
26331,71,65,6,6
26332,97,94,3,3
26333,131,127,4,4
26334,42,43,-1,1
26335,102,102,0,0
26336,83,84,-1,1
26337,187,173,14,14
26338,180,175,5,5
26339,73,76,-3,3
26340,108,130,-22,22
26341,57,65,-8,8
26342,121,118,3,3
26343,88,88,0,0
26344,105,101,4,4
26345,80,87,-7,7
26346,86,91,-5,5
26347,124,119,5,5
26348,117,112,5,5
26349,112,108,4,4
26350,66,64,2,2
26351,94,100,-6,6
26352,107,108,-1,1
26353,45,48,-3,3
26354,121,116,5,5
26355,82,83,-1,1
26356,69,70,-1,1
26357,160,146,14,14
26358,119,107,12,12
26359,58,61,-3,3
26360,100,96,4,4
26361,72,71,1,1
26362,67,69,-2,2
26363,66,67,-1,1
26364,119,113,6,6
26365,138,142,-4,4
26366,65,66,-1,1
26367,105,108,-3,3
26368,36,50,-14,14
26369,69,73,-4,4
26370,78,75,3,3
26371,131,118,13,13
26372,109,116,-7,7
26373,75,71,4,4
26374,63,60,3,3
26375,53,65,-12,12
26376,105,106,-1,1
26377,64,71,-7,7
26378,70,75,-5,5
26379,26,35,-9,9
26380,181,170,11,11
26381,66,68,-2,2
26382,130,138,-8,8
26383,122,120,2,2
26384,94,90,4,4
26385,124,123,1,1
26386,70,74,-4,4
26387,114,115,-1,1
26388,93,83,10,10
26389,106,111,-5,5
26390,96,93,3,3
26391,90,98,-8,8
26392,118,119,-1,1
26393,63,87,-24,24
26394,79,82,-3,3
26395,43,51,-8,8
26396,112,115,-3,3
26397,45,39,6,6
26398,114,121,-7,7
26399,107,96,11,11
26400,83,79,4,4
26401,40,45,-5,5
26402,98,98,0,0
26403,115,112,3,3
26404,92,100,-8,8
26405,131,135,-4,4
26406,106,89,17,17
26407,99,93,6,6
26408,67,66,1,1
26409,171,161,10,10
26410,128,116,12,12
26411,88,82,6,6
26412,56,62,-6,6
26413,113,106,7,7
26414,62,52,10,10
26415,81,72,9,9
26416,83,85,-2,2
26417,113,102,11,11
26418,100,103,-3,3
26419,91,85,6,6
26420,79,86,-7,7
26421,156,146,10,10
26422,113,113,0,0
26423,67,79,-12,12
26424,129,120,9,9
26425,89,89,0,0
26426,66,67,-1,1
26427,102,108,-6,6
26428,131,126,5,5
26429,111,107,4,4
26430,47,48,-1,1
26431,37,49,-12,12
26432,92,92,0,0
26433,91,86,5,5
26434,101,98,3,3
26435,43,57,-14,14
26436,78,71,7,7
26437,102,102,0,0
26438,92,88,4,4
26439,96,103,-7,7
26440,109,107,2,2
26441,98,101,-3,3
26442,131,118,13,13
26443,104,109,-5,5
26444,96,123,-27,27
26445,98,96,2,2
26446,66,67,-1,1
26447,75,75,0,0
26448,70,70,0,0
26449,49,53,-4,4
26450,110,97,13,13
26451,128,112,16,16
26452,50,48,2,2
26453,85,84,1,1
26454,59,55,4,4
26455,41,55,-14,14
26456,71,72,-1,1
26457,117,108,9,9
26458,91,90,1,1
26459,64,67,-3,3
26460,118,119,-1,1
26461,43,50,-7,7
26462,134,130,4,4
26463,101,91,10,10
26464,109,98,11,11
26465,114,139,-25,25
26466,118,127,-9,9
26467,70,78,-8,8
26468,102,100,2,2
26469,157,157,0,0
26470,308,266,42,42
26471,104,114,-10,10
26472,106,92,14,14
26473,74,72,2,2
26474,148,138,10,10
26475,106,104,2,2
26476,74,73,1,1
26477,118,111,7,7
26478,114,115,-1,1
26479,60,60,0,0
26480,135,119,16,16
26481,60,58,2,2
26482,62,66,-4,4
26483,120,123,-3,3
26484,150,162,-12,12
26485,112,102,10,10
26486,87,85,2,2
26487,100,101,-1,1
26488,52,62,-10,10
26489,82,81,1,1
26490,136,138,-2,2
26491,65,68,-3,3
26492,104,93,11,11
26493,134,125,9,9
26494,104,87,17,17
26495,119,118,1,1
26496,119,112,7,7
26497,60,73,-13,13
26498,155,153,2,2
26499,129,128,1,1
26500,46,52,-6,6
26501,58,61,-3,3
26502,73,62,11,11
26503,114,101,13,13
26504,85,92,-7,7
26505,77,74,3,3
26506,89,82,7,7
26507,186,166,20,20
26508,74,73,1,1
26509,80,70,10,10
26510,108,108,0,0
26511,112,90,22,22
26512,38,39,-1,1
26513,61,54,7,7
26514,109,100,9,9
26515,46,39,7,7
26516,139,124,15,15
26517,85,85,0,0
26518,97,86,11,11
26519,60,72,-12,12
26520,36,41,-5,5
26521,89,98,-9,9
26522,147,141,6,6
26523,94,84,10,10
26524,88,79,9,9
26525,120,110,10,10
26526,75,82,-7,7
26527,95,91,4,4
26528,90,84,6,6
26529,46,55,-9,9
26530,49,51,-2,2
26531,145,139,6,6
26532,93,81,12,12
26533,48,46,2,2
26534,93,89,4,4
26535,76,72,4,4
26536,51,50,1,1
26537,102,95,7,7
26538,86,82,4,4
26539,88,82,6,6
26540,97,100,-3,3
26541,139,128,11,11
26542,163,154,9,9
26543,91,100,-9,9
26544,139,123,16,16
26545,56,68,-12,12
26546,56,70,-14,14
26547,84,81,3,3
26548,85,84,1,1
26549,55,60,-5,5
26550,82,79,3,3
26551,90,88,2,2
26552,102,87,15,15
26553,46,52,-6,6
26554,151,147,4,4
26555,90,82,8,8
26556,78,113,-35,35
26557,70,64,6,6
26558,126,116,10,10
26559,114,115,-1,1
26560,135,118,17,17
26561,209,185,24,24
26562,163,152,11,11
26563,62,63,-1,1
26564,79,95,-16,16
26565,90,84,6,6
26566,126,116,10,10
26567,161,145,16,16
26568,119,110,9,9
26569,65,77,-12,12
26570,75,103,-28,28
26571,94,85,9,9
26572,57,55,2,2
26573,60,61,-1,1
26574,62,62,0,0
26575,61,66,-5,5
26576,174,166,8,8
26577,65,70,-5,5
26578,122,122,0,0
26579,103,118,-15,15
26580,66,68,-2,2
26581,110,99,11,11
26582,59,63,-4,4
26583,120,110,10,10
26584,101,99,2,2
26585,94,87,7,7
26586,125,122,3,3
26587,76,72,4,4
26588,66,70,-4,4
26589,85,90,-5,5
26590,101,102,-1,1
26591,79,77,2,2
26592,179,166,13,13
26593,73,79,-6,6
26594,97,101,-4,4
26595,40,63,-23,23
26596,75,75,0,0
26597,157,155,2,2
26598,77,79,-2,2
26599,108,116,-8,8
26600,129,118,11,11
26601,100,95,5,5
26602,76,88,-12,12
26603,40,43,-3,3
26604,72,75,-3,3
26605,81,77,4,4
26606,122,111,11,11
26607,77,70,7,7
26608,162,154,8,8
26609,52,54,-2,2
26610,86,77,9,9
26611,61,55,6,6
26612,139,127,12,12
26613,122,116,6,6
26614,129,129,0,0
26615,64,67,-3,3
26616,53,57,-4,4
26617,163,150,13,13
26618,76,88,-12,12
26619,47,51,-4,4
26620,57,63,-6,6
26621,142,131,11,11
26622,89,78,11,11
26623,100,103,-3,3
26624,126,133,-7,7
26625,149,137,12,12
26626,102,95,7,7
26627,51,58,-7,7
26628,131,114,17,17
26629,113,110,3,3
26630,128,118,10,10
26631,84,75,9,9
26632,88,83,5,5
26633,96,89,7,7
26634,131,113,18,18
26635,142,142,0,0
26636,139,131,8,8
26637,62,68,-6,6
26638,162,169,-7,7
26639,100,99,1,1
26640,94,89,5,5
26641,118,110,8,8
26642,140,124,16,16
26643,105,101,4,4
26644,54,61,-7,7
26645,80,79,1,1
26646,54,55,-1,1
26647,82,83,-1,1
26648,78,79,-1,1
26649,81,79,2,2
26650,55,54,1,1
26651,142,146,-4,4
26652,152,140,12,12
26653,121,115,6,6
26654,109,103,6,6
26655,80,85,-5,5
26656,73,74,-1,1
26657,154,124,30,30
26658,122,121,1,1
26659,85,82,3,3
26660,65,70,-5,5
26661,127,116,11,11
26662,44,43,1,1
26663,90,95,-5,5
26664,115,113,2,2
26665,124,120,4,4
26666,148,151,-3,3
26667,49,50,-1,1
26668,77,76,1,1
26669,173,167,6,6
26670,68,77,-9,9
26671,149,148,1,1
26672,73,73,0,0
26673,54,55,-1,1
26674,90,79,11,11
26675,73,74,-1,1
26676,74,78,-4,4
26677,49,46,3,3
26678,79,74,5,5
26679,117,119,-2,2
26680,57,66,-9,9
26681,123,114,9,9
26682,94,89,5,5
26683,124,99,25,25
26684,74,76,-2,2
26685,63,64,-1,1
26686,116,106,10,10
26687,93,84,9,9
26688,115,120,-5,5
26689,64,66,-2,2
26690,117,120,-3,3
26691,74,76,-2,2
26692,49,45,4,4
26693,72,67,5,5
26694,86,85,1,1
26695,52,56,-4,4
26696,87,83,4,4
26697,152,149,3,3
26698,61,71,-10,10
26699,67,72,-5,5
26700,64,71,-7,7
26701,100,98,2,2
26702,135,117,18,18
26703,120,120,0,0
26704,124,111,13,13
26705,105,108,-3,3
26706,144,153,-9,9
26707,100,100,0,0
26708,80,79,1,1
26709,73,85,-12,12
26710,82,81,1,1
26711,76,69,7,7
26712,115,112,3,3
26713,106,107,-1,1
26714,125,125,0,0
26715,86,80,6,6
26716,94,88,6,6
26717,80,82,-2,2
26718,145,129,16,16
26719,122,115,7,7
26720,122,118,4,4
26721,115,112,3,3
26722,66,68,-2,2
26723,85,78,7,7
26724,95,99,-4,4
26725,110,97,13,13
26726,49,63,-14,14
26727,80,92,-12,12
26728,101,94,7,7
26729,77,76,1,1
26730,89,98,-9,9
26731,130,116,14,14
26732,106,119,-13,13
26733,56,52,4,4
26734,68,66,2,2
26735,152,142,10,10
26736,113,115,-2,2
26737,98,96,2,2
26738,125,117,8,8
26739,71,71,0,0
26740,123,113,10,10
26741,97,84,13,13
26742,77,77,0,0
26743,56,61,-5,5
26744,127,120,7,7
26745,49,59,-10,10
26746,115,108,7,7
26747,61,63,-2,2
26748,97,89,8,8
26749,101,101,0,0
26750,77,80,-3,3
26751,117,125,-8,8
26752,90,98,-8,8
26753,120,112,8,8
26754,80,80,0,0
26755,71,68,3,3
26756,54,57,-3,3
26757,80,83,-3,3
26758,110,108,2,2
26759,71,90,-19,19
26760,82,84,-2,2
26761,68,77,-9,9
26762,78,85,-7,7
26763,69,66,3,3
26764,87,84,3,3
26765,94,85,9,9
26766,137,128,9,9
26767,57,61,-4,4
26768,56,56,0,0
26769,57,66,-9,9
26770,62,61,1,1
26771,63,73,-10,10
26772,165,155,10,10
26773,115,106,9,9
26774,133,127,6,6
26775,94,82,12,12
26776,107,109,-2,2
26777,106,100,6,6
26778,112,117,-5,5
26779,93,90,3,3
26780,55,63,-8,8
26781,85,84,1,1
26782,41,39,2,2
26783,120,108,12,12
26784,99,97,2,2
26785,83,72,11,11
26786,84,83,1,1
26787,110,105,5,5
26788,124,145,-21,21
26789,122,114,8,8
26790,38,43,-5,5
26791,120,113,7,7
26792,97,96,1,1
26793,61,67,-6,6
26794,113,118,-5,5
26795,74,68,6,6
26796,79,74,5,5
26797,125,107,18,18
26798,81,78,3,3
26799,125,118,7,7
26800,123,122,1,1
26801,90,93,-3,3
26802,48,56,-8,8
26803,55,62,-7,7
26804,62,73,-11,11
26805,64,75,-11,11
26806,91,92,-1,1
26807,145,145,0,0
26808,86,80,6,6
26809,66,75,-9,9
26810,116,129,-13,13
26811,76,76,0,0
26812,88,93,-5,5
26813,103,107,-4,4
26814,97,102,-5,5
26815,138,125,13,13
26816,75,76,-1,1
26817,92,82,10,10
26818,149,146,3,3
26819,60,61,-1,1
26820,108,108,0,0
26821,30,38,-8,8
26822,89,81,8,8
26823,49,57,-8,8
26824,97,87,10,10
26825,128,114,14,14
26826,96,93,3,3
26827,96,94,2,2
26828,63,56,7,7
26829,76,74,2,2
26830,106,103,3,3
26831,79,85,-6,6
26832,127,115,12,12
26833,45,50,-5,5
26834,105,118,-13,13
26835,90,84,6,6
26836,43,49,-6,6
26837,235,160,75,75
26838,50,57,-7,7
26839,111,103,8,8
26840,69,69,0,0
26841,52,135,-83,83
26842,105,104,1,1
26843,49,49,0,0
26844,66,71,-5,5
26845,64,68,-4,4
26846,75,68,7,7
26847,70,70,0,0
26848,96,86,10,10
26849,86,87,-1,1
26850,109,104,5,5
26851,357,265,92,92
26852,74,73,1,1
26853,96,100,-4,4
26854,101,103,-2,2
26855,86,87,-1,1
26856,97,85,12,12
26857,47,43,4,4
26858,76,87,-11,11
26859,139,129,10,10
26860,127,123,4,4
26861,119,109,10,10
26862,133,126,7,7
26863,190,189,1,1
26864,119,110,9,9
26865,96,92,4,4
26866,31,32,-1,1
26867,94,106,-12,12
26868,112,128,-16,16
26869,104,99,5,5
26870,162,147,15,15
26871,128,121,7,7
26872,142,141,1,1
26873,107,82,25,25
26874,120,104,16,16
26875,57,65,-8,8
26876,157,146,11,11
26877,94,90,4,4
26878,109,117,-8,8
26879,58,69,-11,11
26880,108,91,17,17
26881,88,81,7,7
26882,123,127,-4,4
26883,85,83,2,2
26884,136,151,-15,15
26885,72,74,-2,2
26886,77,76,1,1
26887,59,56,3,3
26888,154,142,12,12
26889,63,78,-15,15
26890,40,40,0,0
26891,142,150,-8,8
26892,160,149,11,11
26893,68,63,5,5
26894,91,81,10,10
26895,77,82,-5,5
26896,135,132,3,3
26897,134,198,-64,64
26898,172,172,0,0
26899,131,158,-27,27
26900,86,88,-2,2
26901,67,71,-4,4
26902,55,56,-1,1
26903,148,140,8,8
26904,66,72,-6,6
26905,120,103,17,17
26906,83,83,0,0
26907,101,94,7,7
26908,83,75,8,8
26909,106,128,-22,22
26910,99,97,2,2
26911,67,69,-2,2
26912,130,127,3,3
26913,79,79,0,0
26914,43,53,-10,10
26915,146,133,13,13
26916,57,61,-4,4
26917,100,112,-12,12
26918,139,122,17,17
26919,114,99,15,15
26920,61,63,-2,2
26921,77,95,-18,18
26922,102,109,-7,7
26923,104,99,5,5
26924,145,147,-2,2
26925,81,84,-3,3
26926,87,91,-4,4
26927,135,140,-5,5
26928,117,116,1,1
26929,82,73,9,9
26930,118,117,1,1
26931,106,112,-6,6
26932,123,122,1,1
26933,109,108,1,1
26934,66,68,-2,2
26935,86,83,3,3
26936,104,106,-2,2
26937,61,74,-13,13
26938,59,82,-23,23
26939,68,71,-3,3
26940,68,71,-3,3
26941,63,68,-5,5
26942,85,79,6,6
26943,135,135,0,0
26944,117,121,-4,4
26945,134,123,11,11
26946,104,103,1,1
26947,73,74,-1,1
26948,79,80,-1,1
26949,137,129,8,8
26950,106,95,11,11
26951,80,70,10,10
26952,175,158,17,17
26953,96,100,-4,4
26954,137,125,12,12
26955,119,117,2,2
26956,118,116,2,2
26957,135,131,4,4
26958,127,102,25,25
26959,103,104,-1,1
26960,87,86,1,1
26961,90,72,18,18
26962,50,55,-5,5
26963,68,69,-1,1
26964,75,76,-1,1
26965,150,154,-4,4
26966,107,95,12,12
26967,122,121,1,1
26968,48,45,3,3
26969,141,142,-1,1
26970,96,96,0,0
26971,93,93,0,0
26972,85,79,6,6
26973,55,59,-4,4
26974,51,55,-4,4
26975,99,94,5,5
26976,52,65,-13,13
26977,79,70,9,9
26978,110,107,3,3
26979,121,114,7,7
26980,37,38,-1,1
26981,92,91,1,1
26982,66,57,9,9
26983,148,121,27,27
26984,83,79,4,4
26985,175,164,11,11
26986,88,82,6,6
26987,110,101,9,9
26988,79,82,-3,3
26989,64,57,7,7
26990,124,112,12,12
26991,129,121,8,8
26992,91,87,4,4
26993,59,58,1,1
26994,49,65,-16,16
26995,132,129,3,3
26996,76,109,-33,33
26997,110,102,8,8
26998,61,61,0,0
26999,90,92,-2,2
27000,126,122,4,4
27001,98,97,1,1
27002,59,59,0,0
27003,93,96,-3,3
27004,76,66,10,10
27005,75,67,8,8
27006,85,86,-1,1
27007,149,136,13,13
27008,89,84,5,5
27009,112,108,4,4
27010,88,85,3,3
27011,65,62,3,3
27012,86,84,2,2
27013,64,53,11,11
27014,81,90,-9,9
27015,86,86,0,0
27016,70,68,2,2
27017,150,126,24,24
27018,102,96,6,6
27019,92,82,10,10
27020,47,58,-11,11
27021,92,97,-5,5
27022,108,103,5,5
27023,85,84,1,1
27024,127,122,5,5
27025,114,109,5,5
27026,89,79,10,10
27027,98,102,-4,4
27028,47,45,2,2
27029,95,102,-7,7
27030,174,174,0,0
27031,74,73,1,1
27032,214,204,10,10
27033,35,39,-4,4
27034,202,200,2,2
27035,83,75,8,8
27036,125,114,11,11
27037,109,93,16,16
27038,54,62,-8,8
27039,56,55,1,1
27040,71,75,-4,4
27041,81,77,4,4
27042,78,80,-2,2
27043,61,59,2,2
27044,77,74,3,3
27045,114,106,8,8
27046,59,61,-2,2
27047,116,121,-5,5
27048,49,62,-13,13
27049,66,80,-14,14
27050,91,77,14,14
27051,98,97,1,1
27052,73,75,-2,2
27053,78,78,0,0
27054,105,110,-5,5
27055,112,104,8,8
27056,84,85,-1,1
27057,78,69,9,9
27058,112,118,-6,6
27059,178,152,26,26
27060,134,133,1,1
27061,93,86,7,7
27062,99,97,2,2
27063,67,69,-2,2
27064,76,78,-2,2
27065,80,75,5,5
27066,74,69,5,5
27067,83,82,1,1
27068,99,110,-11,11
27069,70,64,6,6
27070,64,71,-7,7
27071,128,122,6,6
27072,93,84,9,9
27073,65,64,1,1
27074,40,47,-7,7
27075,133,125,8,8
27076,97,98,-1,1
27077,89,94,-5,5
27078,73,76,-3,3
27079,102,88,14,14
27080,62,62,0,0
27081,91,91,0,0
27082,147,136,11,11
27083,70,68,2,2
27084,71,70,1,1
27085,86,84,2,2
27086,62,63,-1,1
27087,104,89,15,15
27088,72,70,2,2
27089,52,54,-2,2
27090,38,44,-6,6
27091,67,72,-5,5
27092,196,186,10,10
27093,47,44,3,3
27094,51,58,-7,7
27095,88,85,3,3
27096,96,93,3,3
27097,42,46,-4,4
27098,101,102,-1,1
27099,105,99,6,6
27100,70,68,2,2
27101,87,100,-13,13
27102,120,121,-1,1
27103,71,67,4,4
27104,118,110,8,8
27105,71,82,-11,11
27106,101,109,-8,8
27107,80,75,5,5
27108,107,97,10,10
27109,87,77,10,10
27110,60,65,-5,5
27111,56,51,5,5
27112,79,79,0,0
27113,148,144,4,4
27114,75,74,1,1
27115,53,57,-4,4
27116,88,86,2,2
27117,104,125,-21,21
27118,77,70,7,7
27119,53,54,-1,1
27120,114,113,1,1
27121,74,70,4,4
27122,73,82,-9,9
27123,127,118,9,9
27124,81,75,6,6
27125,127,128,-1,1
27126,139,129,10,10
27127,78,77,1,1
27128,79,76,3,3
27129,115,105,10,10
27130,125,110,15,15
27131,141,137,4,4
27132,127,109,18,18
27133,105,104,1,1
27134,57,65,-8,8
27135,99,101,-2,2
27136,91,84,7,7
27137,98,86,12,12
27138,114,125,-11,11
27139,74,73,1,1
27140,143,125,18,18
27141,68,71,-3,3
27142,159,147,12,12
27143,69,68,1,1
27144,72,68,4,4
27145,48,53,-5,5
27146,110,108,2,2
27147,86,83,3,3
27148,72,75,-3,3
27149,80,73,7,7
27150,70,73,-3,3
27151,37,44,-7,7
27152,79,76,3,3
27153,53,49,4,4
27154,82,78,4,4
27155,55,63,-8,8
27156,72,81,-9,9
27157,104,102,2,2
27158,81,81,0,0
27159,131,133,-2,2
27160,110,119,-9,9
27161,70,74,-4,4
27162,96,100,-4,4
27163,56,67,-11,11
27164,76,71,5,5
27165,87,86,1,1
27166,100,90,10,10
27167,51,55,-4,4
27168,67,68,-1,1
27169,50,54,-4,4
27170,72,86,-14,14
27171,69,71,-2,2
27172,96,100,-4,4
27173,90,81,9,9
27174,84,85,-1,1
27175,136,137,-1,1
27176,83,80,3,3
27177,93,95,-2,2
27178,130,147,-17,17
27179,111,109,2,2
27180,107,118,-11,11
27181,112,119,-7,7
27182,27,29,-2,2
27183,156,139,17,17
27184,102,91,11,11
27185,122,121,1,1
27186,114,104,10,10
27187,39,45,-6,6
27188,137,128,9,9
27189,86,82,4,4
27190,83,77,6,6
27191,148,143,5,5
27192,108,107,1,1
27193,102,95,7,7
27194,95,90,5,5
27195,52,64,-12,12
27196,78,81,-3,3
27197,99,97,2,2
27198,124,125,-1,1
27199,94,101,-7,7
27200,120,122,-2,2
27201,102,104,-2,2
27202,128,127,1,1
27203,64,61,3,3
27204,78,76,2,2
27205,65,75,-10,10
27206,128,130,-2,2
27207,88,81,7,7
27208,63,72,-9,9
27209,86,92,-6,6
27210,102,101,1,1
27211,120,102,18,18
27212,95,102,-7,7
27213,83,80,3,3
27214,96,105,-9,9
27215,75,77,-2,2
27216,50,52,-2,2
27217,69,70,-1,1
27218,118,105,13,13
27219,103,107,-4,4
27220,88,90,-2,2
27221,83,82,1,1
27222,113,102,11,11
27223,89,79,10,10
27224,92,86,6,6
27225,96,96,0,0
27226,97,118,-21,21
27227,57,54,3,3
27228,70,74,-4,4
27229,79,85,-6,6
27230,81,81,0,0
27231,106,102,4,4
27232,178,164,14,14
27233,141,139,2,2
27234,97,93,4,4
27235,152,151,1,1
27236,82,80,2,2
27237,62,59,3,3
27238,69,74,-5,5
27239,145,138,7,7
27240,80,76,4,4
27241,124,119,5,5
27242,128,133,-5,5
27243,147,132,15,15
27244,181,182,-1,1
27245,92,93,-1,1
27246,48,49,-1,1
27247,144,141,3,3
27248,54,63,-9,9
27249,116,107,9,9
27250,106,104,2,2
27251,72,70,2,2
27252,139,127,12,12
27253,153,154,-1,1
27254,105,95,10,10
27255,152,139,13,13
27256,137,122,15,15
27257,123,127,-4,4
27258,49,60,-11,11
27259,80,77,3,3
27260,63,55,8,8
27261,35,63,-28,28
27262,53,56,-3,3
27263,80,83,-3,3
27264,56,54,2,2
27265,143,146,-3,3
27266,160,150,10,10
27267,98,96,2,2
27268,98,89,9,9
27269,83,85,-2,2
27270,117,125,-8,8
27271,143,141,2,2
27272,91,95,-4,4
27273,60,68,-8,8
27274,106,98,8,8
27275,33,41,-8,8
27276,65,65,0,0
27277,79,75,4,4
27278,47,46,1,1
27279,78,75,3,3
27280,108,109,-1,1
27281,59,67,-8,8
27282,75,79,-4,4
27283,130,129,1,1
27284,75,82,-7,7
27285,89,88,1,1
27286,85,78,7,7
27287,127,119,8,8
27288,71,79,-8,8
27289,103,99,4,4
27290,40,38,2,2
27291,57,71,-14,14
27292,142,134,8,8
27293,61,71,-10,10
27294,77,73,4,4
27295,95,99,-4,4
27296,90,72,18,18
27297,101,102,-1,1
27298,64,62,2,2
27299,154,128,26,26
27300,90,85,5,5
27301,103,101,2,2
27302,134,126,8,8
27303,96,79,17,17
27304,48,50,-2,2
27305,88,80,8,8
27306,126,120,6,6
27307,80,72,8,8
27308,66,67,-1,1
27309,43,42,1,1
27310,71,67,4,4
27311,102,98,4,4
27312,78,75,3,3
27313,99,97,2,2
27314,110,105,5,5
27315,105,104,1,1
27316,103,110,-7,7
27317,103,101,2,2
27318,62,92,-30,30
27319,92,93,-1,1
27320,68,76,-8,8
27321,94,93,1,1
27322,97,99,-2,2
27323,50,63,-13,13
27324,46,66,-20,20
27325,76,71,5,5
27326,127,106,21,21
27327,55,56,-1,1
27328,62,61,1,1
27329,114,119,-5,5
27330,70,65,5,5
27331,110,108,2,2
27332,115,113,2,2
27333,102,90,12,12
27334,105,111,-6,6
27335,99,93,6,6
27336,122,121,1,1
27337,69,73,-4,4
27338,69,61,8,8
27339,79,78,1,1
27340,67,73,-6,6
27341,76,70,6,6
27342,54,53,1,1
27343,96,90,6,6
27344,90,92,-2,2
27345,73,70,3,3
27346,76,78,-2,2
27347,48,51,-3,3
27348,104,109,-5,5
27349,64,69,-5,5
27350,76,75,1,1
27351,106,104,2,2
27352,58,60,-2,2
27353,118,123,-5,5
27354,78,79,-1,1
27355,119,118,1,1
27356,64,69,-5,5
27357,144,117,27,27
27358,112,103,9,9
27359,60,63,-3,3
27360,58,83,-25,25
27361,148,163,-15,15
27362,70,65,5,5
27363,193,175,18,18
27364,90,91,-1,1
27365,50,54,-4,4
27366,94,86,8,8
27367,114,104,10,10
27368,57,66,-9,9
27369,72,84,-12,12
27370,97,81,16,16
27371,121,116,5,5
27372,96,90,6,6
27373,78,81,-3,3
27374,124,129,-5,5
27375,156,152,4,4
27376,103,93,10,10
27377,117,119,-2,2
27378,75,66,9,9
27379,101,103,-2,2
27380,45,44,1,1
27381,60,60,0,0
27382,124,126,-2,2
27383,129,124,5,5
27384,90,89,1,1
27385,79,84,-5,5
27386,64,65,-1,1
27387,87,95,-8,8
27388,138,134,4,4
27389,106,105,1,1
27390,96,97,-1,1
27391,124,123,1,1
27392,78,73,5,5
27393,99,96,3,3
27394,208,174,34,34
27395,111,106,5,5
27396,107,97,10,10
27397,92,82,10,10
27398,87,79,8,8
27399,108,118,-10,10
27400,70,63,7,7
27401,115,114,1,1
27402,86,88,-2,2
27403,86,79,7,7
27404,165,164,1,1
27405,59,99,-40,40
27406,111,118,-7,7
27407,196,175,21,21
27408,99,98,1,1
27409,121,96,25,25
27410,57,54,3,3
27411,78,77,1,1
27412,98,99,-1,1
27413,90,80,10,10
27414,89,89,0,0
27415,97,90,7,7
27416,77,76,1,1
27417,78,76,2,2
27418,95,106,-11,11
27419,98,97,1,1
27420,126,115,11,11
27421,107,113,-6,6
27422,83,80,3,3
27423,129,133,-4,4
27424,93,97,-4,4
27425,210,177,33,33
27426,112,111,1,1
27427,51,54,-3,3
27428,93,80,13,13
27429,61,69,-8,8
27430,76,82,-6,6
27431,107,106,1,1
27432,115,98,17,17
27433,106,107,-1,1
27434,77,79,-2,2
27435,102,104,-2,2
27436,54,63,-9,9
27437,81,73,8,8
27438,64,75,-11,11
27439,134,129,5,5
27440,124,121,3,3
27441,49,55,-6,6
27442,90,100,-10,10
27443,72,65,7,7
27444,76,78,-2,2
27445,114,105,9,9
27446,59,69,-10,10
27447,97,112,-15,15
27448,96,87,9,9
27449,177,143,34,34
27450,111,105,6,6
27451,105,110,-5,5
27452,78,88,-10,10
27453,85,92,-7,7
27454,71,69,2,2
27455,114,115,-1,1
27456,78,82,-4,4
27457,164,159,5,5
27458,75,77,-2,2
27459,128,122,6,6
27460,105,118,-13,13
27461,75,73,2,2
27462,87,87,0,0
27463,104,98,6,6
27464,130,122,8,8
27465,101,103,-2,2
27466,81,79,2,2
27467,75,74,1,1
27468,115,110,5,5
27469,80,73,7,7
27470,54,65,-11,11
27471,93,97,-4,4
27472,142,124,18,18
27473,41,47,-6,6
27474,78,78,0,0
27475,62,65,-3,3
27476,68,77,-9,9
27477,45,54,-9,9
27478,99,97,2,2
27479,92,83,9,9
27480,88,78,10,10
27481,134,138,-4,4
27482,112,106,6,6
27483,97,102,-5,5
27484,131,135,-4,4
27485,71,69,2,2
27486,39,42,-3,3
27487,68,71,-3,3
27488,47,46,1,1
27489,60,58,2,2
27490,151,131,20,20
27491,81,74,7,7
27492,104,97,7,7
27493,99,104,-5,5
27494,103,99,4,4
27495,84,84,0,0
27496,92,90,2,2
27497,108,110,-2,2
27498,124,118,6,6
27499,68,74,-6,6
27500,107,103,4,4
27501,97,83,14,14
27502,108,102,6,6
27503,54,62,-8,8
27504,75,75,0,0
27505,43,50,-7,7
27506,105,108,-3,3
27507,103,111,-8,8
27508,85,90,-5,5
27509,121,118,3,3
27510,85,84,1,1
27511,102,93,9,9
27512,113,118,-5,5
27513,70,74,-4,4
27514,120,112,8,8
27515,106,95,11,11
27516,72,76,-4,4
27517,89,90,-1,1
27518,90,83,7,7
27519,52,53,-1,1
27520,78,79,-1,1
27521,88,93,-5,5
27522,290,238,52,52
27523,98,92,6,6
27524,94,96,-2,2
27525,130,118,12,12
27526,50,69,-19,19
27527,102,95,7,7
27528,72,74,-2,2
27529,79,74,5,5
27530,101,101,0,0
27531,88,79,9,9
27532,75,77,-2,2
27533,109,119,-10,10
27534,68,70,-2,2
27535,117,112,5,5
27536,112,114,-2,2
27537,149,138,11,11
27538,94,99,-5,5
27539,73,73,0,0
27540,86,81,5,5
27541,68,76,-8,8
27542,94,89,5,5
27543,96,97,-1,1
27544,86,110,-24,24
27545,84,84,0,0
27546,98,86,12,12
27547,149,135,14,14
27548,92,90,2,2
27549,72,66,6,6
27550,108,106,2,2
27551,85,97,-12,12
27552,92,89,3,3
27553,72,76,-4,4
27554,73,78,-5,5
27555,91,89,2,2
27556,167,171,-4,4
27557,78,85,-7,7
27558,50,65,-15,15
27559,96,74,22,22
27560,105,109,-4,4
27561,102,102,0,0
27562,106,99,7,7
27563,138,126,12,12
27564,123,124,-1,1
27565,76,74,2,2
27566,95,92,3,3
27567,87,84,3,3
27568,154,152,2,2
27569,75,74,1,1
27570,137,124,13,13
27571,98,83,15,15
27572,96,99,-3,3
27573,68,70,-2,2
27574,66,76,-10,10
27575,96,97,-1,1
27576,99,100,-1,1
27577,53,66,-13,13
27578,36,62,-26,26
27579,79,84,-5,5
27580,108,105,3,3
27581,20,28,-8,8
27582,95,94,1,1
27583,78,79,-1,1
27584,114,114,0,0
27585,89,100,-11,11
27586,118,137,-19,19
27587,163,148,15,15
27588,64,64,0,0
27589,50,47,3,3
27590,65,66,-1,1
27591,91,85,6,6
27592,126,126,0,0
27593,96,91,5,5
27594,115,107,8,8
27595,114,111,3,3
27596,139,116,23,23
27597,45,60,-15,15
27598,155,154,1,1
27599,77,73,4,4
27600,105,87,18,18
27601,156,129,27,27
27602,90,89,1,1
27603,105,93,12,12
27604,36,43,-7,7
27605,134,140,-6,6
27606,111,119,-8,8
27607,61,56,5,5
27608,97,96,1,1
27609,76,75,1,1
27610,81,83,-2,2
27611,71,68,3,3
27612,99,90,9,9
27613,98,99,-1,1
27614,89,83,6,6
27615,153,145,8,8
27616,110,112,-2,2
27617,61,63,-2,2
27618,72,77,-5,5
27619,107,104,3,3
27620,107,104,3,3
27621,116,108,8,8
27622,116,108,8,8
27623,71,72,-1,1
27624,95,92,3,3
27625,99,100,-1,1
27626,59,57,2,2
27627,107,125,-18,18
27628,130,121,9,9
27629,95,78,17,17
27630,165,145,20,20
27631,171,151,20,20
27632,93,101,-8,8
27633,79,83,-4,4
27634,175,162,13,13
27635,121,119,2,2
27636,155,152,3,3
27637,174,172,2,2
27638,81,71,10,10
27639,57,56,1,1
27640,180,152,28,28
27641,116,109,7,7
27642,162,157,5,5
27643,77,75,2,2
27644,78,75,3,3
27645,111,106,5,5
27646,87,84,3,3
27647,37,42,-5,5
27648,176,169,7,7
27649,69,74,-5,5
27650,72,76,-4,4
27651,91,90,1,1
27652,102,102,0,0
27653,81,81,0,0
27654,142,138,4,4
27655,189,170,19,19
27656,200,181,19,19
27657,61,67,-6,6
27658,89,86,3,3
27659,94,98,-4,4
27660,88,85,3,3
27661,85,79,6,6
27662,88,83,5,5
27663,52,55,-3,3
27664,61,84,-23,23
27665,79,79,0,0
27666,141,130,11,11
27667,83,79,4,4
27668,112,143,-31,31
27669,123,118,5,5
27670,54,52,2,2
27671,66,65,1,1
27672,117,115,2,2
27673,73,74,-1,1
27674,70,82,-12,12
27675,66,64,2,2
27676,105,118,-13,13
27677,77,78,-1,1
27678,100,97,3,3
27679,167,145,22,22
27680,73,69,4,4
27681,130,123,7,7
27682,87,72,15,15
27683,85,78,7,7
27684,69,73,-4,4
27685,73,75,-2,2
27686,77,79,-2,2
27687,138,133,5,5
27688,80,85,-5,5
27689,55,55,0,0
27690,117,103,14,14
27691,110,105,5,5
27692,60,59,1,1
27693,96,86,10,10
27694,85,77,8,8
27695,106,115,-9,9
27696,94,91,3,3
27697,69,76,-7,7
27698,125,125,0,0
27699,179,162,17,17
27700,86,81,5,5
27701,129,126,3,3
27702,82,83,-1,1
27703,91,78,13,13
27704,150,145,5,5
27705,57,64,-7,7
27706,70,69,1,1
27707,134,124,10,10
27708,71,74,-3,3
27709,74,79,-5,5
27710,83,81,2,2
27711,82,98,-16,16
27712,70,72,-2,2
27713,82,87,-5,5
27714,52,61,-9,9
27715,93,82,11,11
27716,54,63,-9,9
27717,136,136,0,0
27718,72,70,2,2
27719,86,108,-22,22
27720,108,113,-5,5
27721,93,85,8,8
27722,57,73,-16,16
27723,78,76,2,2
27724,130,120,10,10
27725,83,84,-1,1
27726,116,106,10,10
27727,103,89,14,14
27728,79,80,-1,1
27729,43,47,-4,4
27730,100,100,0,0
27731,77,74,3,3
27732,127,123,4,4
27733,83,79,4,4
27734,134,147,-13,13
27735,108,92,16,16
27736,122,112,10,10
27737,86,86,0,0
27738,71,70,1,1
27739,111,107,4,4
27740,132,118,14,14
27741,200,190,10,10
27742,77,74,3,3
27743,131,115,16,16
27744,75,78,-3,3
27745,66,65,1,1
27746,83,79,4,4
27747,155,141,14,14
27748,104,86,18,18
27749,85,79,6,6
27750,149,131,18,18
27751,198,242,-44,44
27752,68,79,-11,11
27753,143,108,35,35
27754,118,109,9,9
27755,75,77,-2,2
27756,150,172,-22,22
27757,52,53,-1,1
27758,153,149,4,4
27759,88,99,-11,11
27760,101,118,-17,17
27761,74,70,4,4
27762,102,109,-7,7
27763,140,131,9,9
27764,71,65,6,6
27765,110,97,13,13
27766,110,112,-2,2
27767,63,65,-2,2
27768,66,71,-5,5
27769,49,55,-6,6
27770,54,54,0,0
27771,86,85,1,1
27772,58,58,0,0
27773,54,58,-4,4
27774,60,66,-6,6
27775,77,77,0,0
27776,70,76,-6,6
27777,91,88,3,3
27778,112,110,2,2
27779,89,83,6,6
27780,80,75,5,5
27781,95,93,2,2
27782,98,88,10,10
27783,91,88,3,3
27784,117,115,2,2
27785,76,79,-3,3
27786,126,150,-24,24
27787,131,118,13,13
27788,65,69,-4,4
27789,90,83,7,7
27790,77,76,1,1
27791,114,112,2,2
27792,88,82,6,6
27793,90,85,5,5
27794,84,89,-5,5
27795,135,120,15,15
27796,95,87,8,8
27797,94,102,-8,8
27798,106,101,5,5
27799,75,71,4,4
27800,115,110,5,5
27801,143,142,1,1
27802,60,55,5,5
27803,68,65,3,3
27804,73,69,4,4
27805,168,144,24,24
27806,99,103,-4,4
27807,108,104,4,4
27808,77,84,-7,7
27809,60,54,6,6
27810,79,73,6,6
27811,103,117,-14,14
27812,120,123,-3,3
27813,137,146,-9,9
27814,80,89,-9,9
27815,78,78,0,0
27816,49,60,-11,11
27817,97,104,-7,7
27818,104,104,0,0
27819,172,159,13,13
27820,154,148,6,6
27821,93,97,-4,4
27822,103,91,12,12
27823,51,56,-5,5
27824,72,72,0,0
27825,81,82,-1,1
27826,69,64,5,5
27827,111,101,10,10
27828,106,104,2,2
27829,143,129,14,14
27830,46,44,2,2
27831,118,122,-4,4
27832,136,122,14,14
27833,103,95,8,8
27834,115,120,-5,5
27835,100,92,8,8
27836,130,120,10,10
27837,146,132,14,14
27838,106,101,5,5
27839,160,156,4,4
27840,151,118,33,33
27841,111,106,5,5
27842,132,117,15,15
27843,70,61,9,9
27844,95,92,3,3
27845,113,109,4,4
27846,100,133,-33,33
27847,84,75,9,9
27848,144,127,17,17
27849,75,79,-4,4
27850,127,129,-2,2
27851,35,42,-7,7
27852,48,64,-16,16
27853,52,54,-2,2
27854,110,109,1,1
27855,109,106,3,3
27856,72,75,-3,3
27857,99,93,6,6
27858,58,54,4,4
27859,81,72,9,9
27860,96,81,15,15
27861,71,70,1,1
27862,122,101,21,21
27863,151,141,10,10
27864,92,89,3,3
27865,69,71,-2,2
27866,111,105,6,6
27867,106,98,8,8
27868,122,120,2,2
27869,100,83,17,17
27870,62,65,-3,3
27871,77,72,5,5
27872,111,107,4,4
27873,68,76,-8,8
27874,97,87,10,10
27875,118,88,30,30
27876,118,118,0,0
27877,97,105,-8,8
27878,78,85,-7,7
27879,146,141,5,5
27880,99,98,1,1
27881,76,73,3,3
27882,64,59,5,5
27883,48,51,-3,3
27884,89,84,5,5
27885,59,61,-2,2
27886,74,77,-3,3
27887,72,75,-3,3
27888,83,78,5,5
27889,83,71,12,12
27890,97,100,-3,3
27891,100,94,6,6
27892,181,180,1,1
27893,37,37,0,0
27894,64,67,-3,3
27895,84,74,10,10
27896,68,66,2,2
27897,54,54,0,0
27898,85,82,3,3
27899,75,77,-2,2
27900,98,94,4,4
27901,147,133,14,14
27902,138,135,3,3
27903,61,63,-2,2
27904,83,88,-5,5
27905,158,140,18,18
27906,119,110,9,9
27907,88,81,7,7
27908,119,116,3,3
27909,118,104,14,14
27910,68,67,1,1
27911,49,54,-5,5
27912,112,102,10,10
27913,113,107,6,6
27914,83,88,-5,5
27915,81,85,-4,4
27916,31,36,-5,5
27917,87,78,9,9
27918,144,135,9,9
27919,133,140,-7,7
27920,137,134,3,3
27921,95,98,-3,3
27922,80,79,1,1
27923,109,105,4,4
27924,90,91,-1,1
27925,70,69,1,1
27926,66,72,-6,6
27927,81,72,9,9
27928,156,153,3,3
27929,70,77,-7,7
27930,95,103,-8,8
27931,109,99,10,10
27932,61,108,-47,47
27933,40,40,0,0
27934,138,145,-7,7
27935,96,85,11,11
27936,53,64,-11,11
27937,85,90,-5,5
27938,137,124,13,13
27939,113,109,4,4
27940,127,122,5,5
27941,77,71,6,6
27942,66,72,-6,6
27943,36,41,-5,5
27944,83,86,-3,3
27945,120,104,16,16
27946,55,64,-9,9
27947,61,68,-7,7
27948,68,66,2,2
27949,93,94,-1,1
27950,173,169,4,4
27951,58,64,-6,6
27952,75,77,-2,2
27953,83,73,10,10
27954,141,149,-8,8
27955,67,68,-1,1
27956,35,45,-10,10
27957,63,71,-8,8
27958,52,55,-3,3
27959,183,170,13,13
27960,52,51,1,1
27961,72,70,2,2
27962,77,79,-2,2
27963,61,59,2,2
27964,124,112,12,12
27965,78,80,-2,2
27966,123,122,1,1
27967,122,120,2,2
27968,88,88,0,0
27969,74,79,-5,5
27970,66,70,-4,4
27971,69,77,-8,8
27972,92,91,1,1
27973,79,74,5,5
27974,45,67,-22,22
27975,115,120,-5,5
27976,143,139,4,4
27977,99,102,-3,3
27978,129,133,-4,4
27979,103,102,1,1
27980,90,100,-10,10
27981,88,84,4,4
27982,123,123,0,0
27983,175,152,23,23
27984,95,87,8,8
27985,105,107,-2,2
27986,65,70,-5,5
27987,66,60,6,6
27988,137,123,14,14
27989,84,85,-1,1
27990,110,103,7,7
27991,118,106,12,12
27992,114,114,0,0
27993,97,108,-11,11
27994,90,83,7,7
27995,124,124,0,0
27996,158,158,0,0
27997,67,93,-26,26
27998,96,92,4,4
27999,97,91,6,6
28000,108,103,5,5
28001,106,102,4,4
28002,56,53,3,3
28003,69,70,-1,1
28004,41,47,-6,6
28005,67,66,1,1
28006,172,170,2,2
28007,53,56,-3,3
28008,94,84,10,10
28009,121,116,5,5
28010,97,82,15,15
28011,91,95,-4,4
28012,117,102,15,15
28013,125,143,-18,18
28014,59,60,-1,1
28015,114,102,12,12
28016,87,80,7,7
28017,106,107,-1,1
28018,77,77,0,0
28019,135,118,17,17
28020,145,124,21,21
28021,72,73,-1,1
28022,53,64,-11,11
28023,149,137,12,12
28024,101,102,-1,1
28025,76,63,13,13
28026,87,94,-7,7
28027,73,67,6,6
28028,107,106,1,1
28029,67,64,3,3
28030,67,75,-8,8
28031,80,80,0,0
28032,91,88,3,3
28033,91,84,7,7
28034,104,110,-6,6
28035,66,59,7,7
28036,90,86,4,4
28037,71,79,-8,8
28038,118,101,17,17
28039,87,91,-4,4
28040,68,70,-2,2
28041,114,119,-5,5
28042,117,119,-2,2
28043,130,119,11,11
28044,134,141,-7,7
28045,125,125,0,0
28046,74,72,2,2
28047,88,82,6,6
28048,56,68,-12,12
28049,116,105,11,11
28050,145,140,5,5
28051,75,68,7,7
28052,71,83,-12,12
28053,50,54,-4,4
28054,97,97,0,0
28055,55,50,5,5
28056,52,49,3,3
28057,154,124,30,30
28058,132,123,9,9
28059,180,162,18,18
28060,68,69,-1,1
28061,86,84,2,2
28062,147,148,-1,1
28063,68,82,-14,14
28064,80,77,3,3
28065,98,87,11,11
28066,109,116,-7,7
28067,88,90,-2,2
28068,78,82,-4,4
28069,86,75,11,11
28070,42,44,-2,2
28071,74,84,-10,10
28072,137,132,5,5
28073,110,105,5,5
28074,76,89,-13,13
28075,64,67,-3,3
28076,150,138,12,12
28077,116,102,14,14
28078,74,76,-2,2
28079,69,68,1,1
28080,55,51,4,4
28081,114,121,-7,7
28082,178,179,-1,1
28083,78,74,4,4
28084,71,68,3,3
28085,80,84,-4,4
28086,119,130,-11,11
28087,59,65,-6,6
28088,75,65,10,10
28089,77,87,-10,10
28090,64,72,-8,8
28091,118,107,11,11
28092,141,136,5,5
28093,144,148,-4,4
28094,118,115,3,3
28095,90,76,14,14
28096,96,97,-1,1
28097,107,103,4,4
28098,141,149,-8,8
28099,71,60,11,11
28100,94,84,10,10
28101,196,176,20,20
28102,93,102,-9,9
28103,122,103,19,19
28104,78,80,-2,2
28105,83,101,-18,18
28106,84,77,7,7
28107,65,63,2,2
28108,165,162,3,3
28109,116,127,-11,11
28110,91,79,12,12
28111,69,66,3,3
28112,87,77,10,10
28113,94,100,-6,6
28114,113,108,5,5
28115,169,169,0,0
28116,112,100,12,12
28117,85,86,-1,1
28118,113,104,9,9
28119,145,130,15,15
28120,53,58,-5,5
28121,97,93,4,4
28122,102,107,-5,5
28123,107,119,-12,12
28124,88,82,6,6
28125,76,75,1,1
28126,46,50,-4,4
28127,83,82,1,1
28128,99,90,9,9
28129,118,116,2,2
28130,85,75,10,10
28131,112,116,-4,4
28132,120,107,13,13
28133,246,214,32,32
28134,124,111,13,13
28135,64,70,-6,6
28136,118,106,12,12
28137,118,112,6,6
28138,78,79,-1,1
28139,74,79,-5,5
28140,86,81,5,5
28141,90,74,16,16
28142,132,140,-8,8
28143,125,120,5,5
28144,70,70,0,0
28145,69,65,4,4
28146,119,114,5,5
28147,144,132,12,12
28148,172,161,11,11
28149,83,80,3,3
28150,99,88,11,11
28151,104,101,3,3
28152,127,123,4,4
28153,78,72,6,6
28154,110,99,11,11
28155,53,54,-1,1
28156,79,84,-5,5
28157,47,41,6,6
28158,123,123,0,0
28159,132,128,4,4
28160,104,105,-1,1
28161,127,125,2,2
28162,105,88,17,17
28163,65,73,-8,8
28164,100,101,-1,1
28165,192,168,24,24
28166,61,87,-26,26
28167,106,112,-6,6
28168,38,71,-33,33
28169,186,163,23,23
28170,166,150,16,16
28171,122,114,8,8
28172,141,139,2,2
28173,122,129,-7,7
28174,39,61,-22,22
28175,117,118,-1,1
28176,128,123,5,5
28177,148,141,7,7
28178,118,114,4,4
28179,96,94,2,2
28180,72,78,-6,6
28181,76,69,7,7
28182,63,60,3,3
28183,84,89,-5,5
28184,102,99,3,3
28185,75,73,2,2
28186,92,91,1,1
28187,69,70,-1,1
28188,94,82,12,12
28189,70,68,2,2
28190,112,100,12,12
28191,87,75,12,12
28192,68,69,-1,1
28193,123,138,-15,15
28194,81,66,15,15
28195,116,125,-9,9
28196,82,84,-2,2
28197,149,131,18,18
28198,60,73,-13,13
28199,59,68,-9,9
28200,110,96,14,14
28201,89,127,-38,38
28202,114,113,1,1
28203,128,121,7,7
28204,57,65,-8,8
28205,77,81,-4,4
28206,85,83,2,2
28207,194,193,1,1
28208,72,84,-12,12
28209,75,79,-4,4
28210,57,81,-24,24
28211,165,150,15,15
28212,99,98,1,1
28213,84,81,3,3
28214,89,94,-5,5
28215,64,67,-3,3
28216,115,122,-7,7
28217,81,85,-4,4
28218,96,103,-7,7
28219,134,134,0,0
28220,74,73,1,1
28221,121,138,-17,17
28222,81,90,-9,9
28223,58,60,-2,2
28224,77,69,8,8
28225,97,93,4,4
28226,66,65,1,1
28227,104,103,1,1
28228,112,115,-3,3
28229,59,59,0,0
28230,151,137,14,14
28231,111,100,11,11
28232,133,127,6,6
28233,76,77,-1,1
28234,93,96,-3,3
28235,76,75,1,1
28236,85,78,7,7
28237,151,150,1,1
28238,76,79,-3,3
28239,79,75,4,4
28240,172,186,-14,14
28241,148,133,15,15
28242,89,88,1,1
28243,87,77,10,10
28244,128,123,5,5
28245,71,66,5,5
28246,72,68,4,4
28247,77,78,-1,1
28248,100,93,7,7
28249,107,107,0,0
28250,86,82,4,4
28251,81,72,9,9
28252,93,89,4,4
28253,56,54,2,2
28254,138,125,13,13
28255,77,79,-2,2
28256,175,169,6,6
28257,72,72,0,0
28258,93,89,4,4
28259,92,84,8,8
28260,104,117,-13,13
28261,132,112,20,20
28262,81,83,-2,2
28263,71,73,-2,2
28264,140,146,-6,6
28265,102,99,3,3
28266,53,58,-5,5
28267,87,90,-3,3
28268,147,140,7,7
28269,93,102,-9,9
28270,65,67,-2,2
28271,154,142,12,12
28272,222,200,22,22
28273,107,99,8,8
28274,81,74,7,7
28275,59,65,-6,6
28276,63,61,2,2
28277,100,98,2,2
28278,89,79,10,10
28279,70,66,4,4
28280,90,90,0,0
28281,135,136,-1,1
28282,112,106,6,6
28283,102,98,4,4
28284,126,128,-2,2
28285,87,89,-2,2
28286,98,95,3,3
28287,128,113,15,15
28288,54,57,-3,3
28289,88,85,3,3
28290,79,75,4,4
28291,177,162,15,15
28292,110,105,5,5
28293,68,75,-7,7
28294,126,126,0,0
28295,115,111,4,4
28296,105,111,-6,6
28297,86,81,5,5
28298,66,99,-33,33
28299,65,62,3,3
28300,78,84,-6,6
28301,87,84,3,3
28302,108,106,2,2
28303,46,57,-11,11
28304,106,103,3,3
28305,127,119,8,8
28306,137,135,2,2
28307,84,75,9,9
28308,73,79,-6,6
28309,70,67,3,3
28310,76,72,4,4
28311,84,80,4,4
28312,125,101,24,24
28313,73,77,-4,4
28314,176,172,4,4
28315,97,93,4,4
28316,128,121,7,7
28317,74,75,-1,1
28318,145,136,9,9
28319,93,93,0,0
28320,70,72,-2,2
28321,67,78,-11,11
28322,84,83,1,1
28323,59,61,-2,2
28324,92,88,4,4
28325,112,105,7,7
28326,51,52,-1,1
28327,56,56,0,0
28328,92,88,4,4
28329,49,58,-9,9
28330,98,101,-3,3
28331,71,76,-5,5
28332,72,75,-3,3
28333,68,76,-8,8
28334,87,90,-3,3
28335,121,115,6,6
28336,94,92,2,2
28337,76,82,-6,6
28338,112,105,7,7
28339,69,62,7,7
28340,113,112,1,1
28341,129,130,-1,1
28342,105,108,-3,3
28343,99,106,-7,7
28344,58,64,-6,6
28345,130,119,11,11
28346,85,81,4,4
28347,73,66,7,7
28348,56,50,6,6
28349,97,105,-8,8
28350,104,108,-4,4
28351,73,74,-1,1
28352,111,102,9,9
28353,73,68,5,5
28354,98,86,12,12
28355,102,106,-4,4
28356,80,75,5,5
28357,47,48,-1,1
28358,102,113,-11,11
28359,76,76,0,0
28360,69,75,-6,6
28361,85,87,-2,2
28362,111,122,-11,11
28363,34,35,-1,1
28364,137,137,0,0
28365,79,78,1,1
28366,72,78,-6,6
28367,62,69,-7,7
28368,91,86,5,5
28369,82,82,0,0
28370,120,132,-12,12
28371,92,96,-4,4
28372,110,112,-2,2
28373,122,116,6,6
28374,119,114,5,5
28375,183,177,6,6
28376,61,69,-8,8
28377,97,85,12,12
28378,117,118,-1,1
28379,71,74,-3,3
28380,100,92,8,8
28381,119,111,8,8
28382,94,82,12,12
28383,94,98,-4,4
28384,97,82,15,15
28385,62,54,8,8
28386,74,75,-1,1
28387,104,106,-2,2
28388,143,141,2,2
28389,74,76,-2,2
28390,126,120,6,6
28391,64,69,-5,5
28392,97,87,10,10
28393,82,80,2,2
28394,56,66,-10,10
28395,98,101,-3,3
28396,139,132,7,7
28397,102,104,-2,2
28398,100,101,-1,1
28399,115,100,15,15
28400,138,121,17,17
28401,39,45,-6,6
28402,132,129,3,3
28403,127,131,-4,4
28404,98,87,11,11
28405,83,73,10,10
28406,106,110,-4,4
28407,161,149,12,12
28408,77,67,10,10
28409,76,85,-9,9
28410,96,87,9,9
28411,107,108,-1,1
28412,85,247,-162,162
28413,79,80,-1,1
28414,102,95,7,7
28415,57,53,4,4
28416,79,80,-1,1
28417,76,85,-9,9
28418,82,83,-1,1
28419,56,57,-1,1
28420,84,79,5,5
28421,110,100,10,10
28422,183,163,20,20
28423,118,123,-5,5
28424,100,92,8,8
28425,109,97,12,12
28426,101,96,5,5
28427,57,65,-8,8
28428,89,106,-17,17
28429,148,134,14,14
28430,202,197,5,5
28431,137,144,-7,7
28432,91,85,6,6
28433,112,111,1,1
28434,68,68,0,0
28435,83,79,4,4
28436,72,70,2,2
28437,79,77,2,2
28438,116,114,2,2
28439,54,57,-3,3
28440,87,87,0,0
28441,82,83,-1,1
28442,104,99,5,5
28443,126,120,6,6
28444,106,110,-4,4
28445,116,110,6,6
28446,91,96,-5,5
28447,77,74,3,3
28448,123,142,-19,19
28449,145,136,9,9
28450,88,81,7,7
28451,95,108,-13,13
28452,79,85,-6,6
28453,91,97,-6,6
28454,133,126,7,7
28455,165,177,-12,12
28456,61,63,-2,2
28457,63,68,-5,5
28458,120,117,3,3
28459,54,51,3,3
28460,145,138,7,7
28461,130,128,2,2
28462,68,70,-2,2
28463,55,58,-3,3
28464,90,84,6,6
28465,102,89,13,13
28466,52,52,0,0
28467,102,101,1,1
28468,162,159,3,3
28469,85,90,-5,5
28470,81,80,1,1
28471,57,53,4,4
28472,82,77,5,5
28473,135,99,36,36
28474,43,47,-4,4
28475,82,75,7,7
28476,66,71,-5,5
28477,102,100,2,2
28478,70,72,-2,2
28479,151,141,10,10
28480,127,125,2,2
28481,77,64,13,13
28482,137,125,12,12
28483,83,75,8,8
28484,183,171,12,12
28485,43,37,6,6
28486,129,129,0,0
28487,58,57,1,1
28488,73,78,-5,5
28489,67,61,6,6
28490,57,62,-5,5
28491,133,142,-9,9
28492,76,75,1,1
28493,87,84,3,3
28494,76,77,-1,1
28495,99,85,14,14
28496,95,94,1,1
28497,56,62,-6,6
28498,146,139,7,7
28499,123,107,16,16
28500,93,115,-22,22
28501,71,72,-1,1
28502,97,87,10,10
28503,122,110,12,12
28504,97,99,-2,2
28505,86,81,5,5
28506,87,86,1,1
28507,134,120,14,14
28508,99,103,-4,4
28509,135,128,7,7
28510,85,81,4,4
28511,132,128,4,4
28512,54,57,-3,3
28513,77,82,-5,5
28514,63,70,-7,7
28515,138,138,0,0
28516,58,61,-3,3
28517,141,132,9,9
28518,161,157,4,4
28519,105,114,-9,9
28520,107,112,-5,5
28521,153,161,-8,8
28522,90,88,2,2
28523,147,147,0,0
28524,92,95,-3,3
28525,34,28,6,6
28526,90,92,-2,2
28527,50,58,-8,8
28528,83,78,5,5
28529,127,136,-9,9
28530,59,54,5,5
28531,57,64,-7,7
28532,115,117,-2,2
28533,91,94,-3,3
28534,143,129,14,14
28535,119,111,8,8
28536,97,98,-1,1
28537,155,147,8,8
28538,128,121,7,7
28539,67,68,-1,1
28540,60,65,-5,5
28541,103,93,10,10
28542,128,119,9,9
28543,100,95,5,5
28544,71,71,0,0
28545,85,84,1,1
28546,74,73,1,1
28547,172,142,30,30
28548,73,71,2,2
28549,51,55,-4,4
28550,76,78,-2,2
28551,110,107,3,3
28552,125,109,16,16
28553,49,57,-8,8
28554,145,131,14,14
28555,81,76,5,5
28556,79,99,-20,20
28557,108,104,4,4
28558,95,90,5,5
28559,66,58,8,8
28560,78,76,2,2
28561,41,46,-5,5
28562,89,79,10,10
28563,60,64,-4,4
28564,88,80,8,8
28565,54,63,-9,9
28566,112,103,9,9
28567,135,120,15,15
28568,123,120,3,3
28569,76,94,-18,18
28570,82,78,4,4
28571,38,44,-6,6
28572,51,50,1,1
28573,33,45,-12,12
28574,100,93,7,7
28575,64,71,-7,7
28576,98,99,-1,1
28577,104,99,5,5
28578,108,108,0,0
28579,112,109,3,3
28580,54,59,-5,5
28581,75,77,-2,2
28582,89,95,-6,6
28583,137,126,11,11
28584,66,56,10,10
28585,81,81,0,0
28586,91,93,-2,2
28587,84,82,2,2
28588,52,51,1,1
28589,64,70,-6,6
28590,176,174,2,2
28591,59,64,-5,5
28592,70,66,4,4
28593,69,64,5,5
28594,83,104,-21,21
28595,71,75,-4,4
28596,61,65,-4,4
28597,65,65,0,0
28598,94,114,-20,20
28599,53,52,1,1
28600,66,59,7,7
28601,93,90,3,3
28602,66,66,0,0
28603,75,70,5,5
28604,96,101,-5,5
28605,66,62,4,4
28606,158,124,34,34
28607,80,72,8,8
28608,67,65,2,2
28609,67,70,-3,3
28610,79,77,2,2
28611,57,60,-3,3
28612,66,71,-5,5
28613,44,47,-3,3
28614,59,57,2,2
28615,150,136,14,14
28616,128,122,6,6
28617,74,75,-1,1
28618,38,52,-14,14
28619,51,51,0,0
28620,123,124,-1,1
28621,61,57,4,4
28622,77,66,11,11
28623,61,66,-5,5
28624,94,87,7,7
28625,104,109,-5,5
28626,62,72,-10,10
28627,115,106,9,9
28628,122,105,17,17
28629,96,98,-2,2
28630,84,82,2,2
28631,119,120,-1,1
28632,99,94,5,5
28633,85,82,3,3
28634,118,108,10,10
28635,144,127,17,17
28636,54,56,-2,2
28637,152,135,17,17
28638,47,52,-5,5
28639,67,67,0,0
28640,81,79,2,2
28641,125,121,4,4
28642,104,96,8,8
28643,63,73,-10,10
28644,71,64,7,7
28645,56,64,-8,8
28646,144,142,2,2
28647,125,135,-10,10
28648,64,62,2,2
28649,108,94,14,14
28650,87,79,8,8
28651,66,72,-6,6
28652,83,84,-1,1
28653,102,98,4,4
28654,120,117,3,3
28655,114,113,1,1
28656,114,108,6,6
28657,148,144,4,4
28658,100,95,5,5
28659,76,72,4,4
28660,53,63,-10,10
28661,104,106,-2,2
28662,101,106,-5,5
28663,93,92,1,1
28664,50,54,-4,4
28665,47,51,-4,4
28666,137,131,6,6
28667,109,102,7,7
28668,83,93,-10,10
28669,32,33,-1,1
28670,69,64,5,5
28671,92,85,7,7
28672,78,81,-3,3
28673,96,110,-14,14
28674,92,88,4,4
28675,53,50,3,3
28676,144,141,3,3
28677,107,96,11,11
28678,112,107,5,5
28679,72,67,5,5
28680,108,100,8,8
28681,84,76,8,8
28682,54,60,-6,6
28683,82,113,-31,31
28684,98,86,12,12
28685,73,76,-3,3
28686,50,60,-10,10
28687,89,86,3,3
28688,66,66,0,0
28689,140,140,0,0
28690,97,94,3,3
28691,77,82,-5,5
28692,106,84,22,22
28693,73,74,-1,1
28694,122,116,6,6
28695,80,78,2,2
28696,60,64,-4,4
28697,90,81,9,9
28698,83,84,-1,1
28699,86,85,1,1
28700,33,30,3,3
28701,134,126,8,8
28702,117,118,-1,1
28703,60,60,0,0
28704,116,110,6,6
28705,110,117,-7,7
28706,129,126,3,3
28707,88,84,4,4
28708,76,74,2,2
28709,171,164,7,7
28710,98,87,11,11
28711,100,92,8,8
28712,66,60,6,6
28713,140,127,13,13
28714,101,85,16,16
28715,61,58,3,3
28716,89,84,5,5
28717,93,93,0,0
28718,101,92,9,9
28719,63,71,-8,8
28720,85,86,-1,1
28721,94,98,-4,4
28722,114,132,-18,18
28723,104,108,-4,4
28724,78,76,2,2
28725,108,123,-15,15
28726,57,57,0,0
28727,38,50,-12,12
28728,69,75,-6,6
28729,106,105,1,1
28730,77,76,1,1
28731,235,228,7,7
28732,98,99,-1,1
28733,111,106,5,5
28734,70,84,-14,14
28735,102,98,4,4
28736,92,93,-1,1
28737,67,74,-7,7
28738,83,86,-3,3
28739,71,68,3,3
28740,92,70,22,22
28741,59,63,-4,4
28742,90,86,4,4
28743,71,66,5,5
28744,52,59,-7,7
28745,109,92,17,17
28746,105,114,-9,9
28747,79,74,5,5
28748,81,74,7,7
28749,84,84,0,0
28750,80,72,8,8
28751,56,65,-9,9
28752,84,79,5,5
28753,44,50,-6,6
28754,85,82,3,3
28755,62,68,-6,6
28756,83,78,5,5
28757,59,76,-17,17
28758,92,84,8,8
28759,99,104,-5,5
28760,131,146,-15,15
28761,58,62,-4,4
28762,164,148,16,16
28763,132,117,15,15
28764,73,70,3,3
28765,82,81,1,1
28766,57,63,-6,6
28767,97,106,-9,9
28768,26,32,-6,6
28769,107,99,8,8
28770,88,82,6,6
28771,84,83,1,1
28772,82,85,-3,3
28773,141,147,-6,6
28774,78,75,3,3
28775,146,139,7,7
28776,84,78,6,6
28777,93,83,10,10
28778,74,74,0,0
28779,139,128,11,11
28780,125,126,-1,1
28781,65,71,-6,6
28782,101,106,-5,5
28783,114,122,-8,8
28784,54,61,-7,7
28785,99,90,9,9
28786,83,76,7,7
28787,128,121,7,7
28788,90,91,-1,1
28789,77,75,2,2
28790,68,56,12,12
28791,78,90,-12,12
28792,76,77,-1,1
28793,85,81,4,4
28794,106,107,-1,1
28795,207,174,33,33
28796,105,103,2,2
28797,110,115,-5,5
28798,86,79,7,7
28799,166,133,33,33
28800,118,115,3,3
28801,99,93,6,6
28802,80,87,-7,7
28803,27,44,-17,17
28804,125,110,15,15
28805,92,89,3,3
28806,85,79,6,6
28807,91,91,0,0
28808,61,58,3,3
28809,86,78,8,8
28810,50,51,-1,1
28811,101,102,-1,1
28812,79,68,11,11
28813,82,98,-16,16
28814,63,56,7,7
28815,100,92,8,8
28816,103,83,20,20
28817,150,139,11,11
28818,86,76,10,10
28819,72,79,-7,7
28820,54,56,-2,2
28821,136,134,2,2
28822,60,58,2,2
28823,118,110,8,8
28824,64,59,5,5
28825,78,75,3,3
28826,76,69,7,7
28827,145,140,5,5
28828,62,72,-10,10
28829,98,99,-1,1
28830,100,101,-1,1
28831,142,134,8,8
28832,77,86,-9,9
28833,81,90,-9,9
28834,79,77,2,2
28835,78,75,3,3
28836,84,86,-2,2
28837,63,60,3,3
28838,94,91,3,3
28839,89,83,6,6
28840,78,78,0,0
28841,132,138,-6,6
28842,151,140,11,11
28843,156,148,8,8
28844,41,56,-15,15
28845,106,105,1,1
28846,99,98,1,1
28847,42,47,-5,5
28848,79,73,6,6
28849,60,72,-12,12
28850,136,141,-5,5
28851,130,128,2,2
28852,136,140,-4,4
28853,81,75,6,6
28854,112,108,4,4
28855,60,66,-6,6
28856,93,77,16,16
28857,103,108,-5,5
28858,180,169,11,11
28859,93,87,6,6
28860,172,165,7,7
28861,95,106,-11,11
28862,79,86,-7,7
28863,55,60,-5,5
28864,105,105,0,0
28865,118,113,5,5
28866,111,107,4,4
28867,66,71,-5,5
28868,146,124,22,22
28869,81,113,-32,32
28870,75,73,2,2
28871,79,82,-3,3
28872,64,64,0,0
28873,97,98,-1,1
28874,103,100,3,3
28875,68,71,-3,3
28876,74,80,-6,6
28877,80,74,6,6
28878,90,71,19,19
28879,59,56,3,3
28880,109,111,-2,2
28881,90,85,5,5
28882,71,78,-7,7
28883,108,105,3,3
28884,83,73,10,10
28885,130,123,7,7
28886,85,86,-1,1
28887,49,61,-12,12
28888,73,74,-1,1
28889,104,104,0,0
28890,131,128,3,3
28891,69,71,-2,2
28892,102,95,7,7
28893,74,74,0,0
28894,58,59,-1,1
28895,167,154,13,13
28896,144,137,7,7
28897,108,109,-1,1
28898,70,72,-2,2
28899,84,83,1,1
28900,50,52,-2,2
28901,68,72,-4,4
28902,128,132,-4,4
28903,106,113,-7,7
28904,63,64,-1,1
28905,61,96,-35,35
28906,82,76,6,6
28907,100,103,-3,3
28908,92,89,3,3
28909,75,81,-6,6
28910,132,126,6,6
28911,85,91,-6,6
28912,183,169,14,14
28913,115,107,8,8
28914,125,129,-4,4
28915,99,95,4,4
28916,102,101,1,1
28917,125,129,-4,4
28918,75,75,0,0
28919,173,164,9,9
28920,66,72,-6,6
28921,90,79,11,11
28922,88,85,3,3
28923,124,124,0,0
28924,70,65,5,5
28925,93,84,9,9
28926,64,57,7,7
28927,60,53,7,7
28928,134,134,0,0
28929,104,97,7,7
28930,44,50,-6,6
28931,109,93,16,16
28932,68,66,2,2
28933,81,81,0,0
28934,103,104,-1,1
28935,99,101,-2,2
28936,80,78,2,2
28937,104,107,-3,3
28938,67,70,-3,3
28939,126,120,6,6
28940,53,53,0,0
28941,135,128,7,7
28942,95,87,8,8
28943,95,98,-3,3
28944,63,68,-5,5
28945,140,123,17,17
28946,71,80,-9,9
28947,79,77,2,2
28948,47,80,-33,33
28949,87,99,-12,12
28950,57,62,-5,5
28951,81,79,2,2
28952,53,56,-3,3
28953,88,94,-6,6
28954,109,110,-1,1
28955,85,84,1,1
28956,114,108,6,6
28957,81,83,-2,2
28958,85,92,-7,7
28959,95,94,1,1
28960,61,72,-11,11
28961,65,66,-1,1
28962,47,62,-15,15
28963,57,56,1,1
28964,66,76,-10,10
28965,86,87,-1,1
28966,76,76,0,0
28967,143,129,14,14
28968,79,92,-13,13
28969,87,77,10,10
28970,99,97,2,2
28971,103,115,-12,12
28972,83,74,9,9
28973,116,114,2,2
28974,128,124,4,4
28975,159,154,5,5
28976,113,103,10,10
28977,124,118,6,6
28978,81,84,-3,3
28979,66,55,11,11
28980,82,68,14,14
28981,58,68,-10,10
28982,101,111,-10,10
28983,67,74,-7,7
28984,97,83,14,14
28985,78,80,-2,2
28986,104,106,-2,2
28987,117,117,0,0
28988,82,89,-7,7
28989,125,128,-3,3
28990,152,148,4,4
28991,92,94,-2,2
28992,128,118,10,10
28993,68,71,-3,3
28994,101,93,8,8
28995,96,97,-1,1
28996,98,99,-1,1
28997,134,122,12,12
28998,106,109,-3,3
28999,54,58,-4,4
29000,88,96,-8,8
29001,66,62,4,4
29002,99,95,4,4
29003,82,86,-4,4
29004,118,120,-2,2
29005,66,63,3,3
29006,96,92,4,4
29007,139,136,3,3
29008,25,35,-10,10
29009,123,112,11,11
29010,130,122,8,8
29011,92,86,6,6
29012,80,70,10,10
29013,67,59,8,8
29014,71,69,2,2
29015,92,91,1,1
29016,113,100,13,13
29017,67,79,-12,12
29018,58,62,-4,4
29019,39,88,-49,49
29020,78,82,-4,4
29021,113,98,15,15
29022,50,54,-4,4
29023,66,65,1,1
29024,88,86,2,2
29025,88,98,-10,10
29026,131,119,12,12
29027,64,78,-14,14
29028,91,87,4,4
29029,101,89,12,12
29030,110,103,7,7
29031,56,65,-9,9
29032,77,76,1,1
29033,129,124,5,5
29034,91,101,-10,10
29035,97,101,-4,4
29036,98,98,0,0
29037,75,77,-2,2
29038,109,89,20,20
29039,64,73,-9,9
29040,71,75,-4,4
29041,54,56,-2,2
29042,59,66,-7,7
29043,145,138,7,7
29044,86,75,11,11
29045,56,56,0,0
29046,79,84,-5,5
29047,114,117,-3,3
29048,65,72,-7,7
29049,104,96,8,8
29050,61,70,-9,9
29051,155,154,1,1
29052,106,101,5,5
29053,48,66,-18,18
29054,173,141,32,32
29055,31,43,-12,12
29056,87,88,-1,1
29057,147,143,4,4
29058,79,78,1,1
29059,92,103,-11,11
29060,100,87,13,13
29061,118,126,-8,8
29062,83,79,4,4
29063,72,73,-1,1
29064,101,94,7,7
29065,83,84,-1,1
29066,94,93,1,1
29067,103,107,-4,4
29068,73,75,-2,2
29069,179,172,7,7
29070,115,103,12,12
29071,85,78,7,7
29072,101,98,3,3
29073,130,129,1,1
29074,155,163,-8,8
29075,65,65,0,0
29076,116,119,-3,3
29077,71,72,-1,1
29078,78,82,-4,4
29079,129,127,2,2
29080,78,72,6,6
29081,141,130,11,11
29082,139,127,12,12
29083,90,83,7,7
29084,174,164,10,10
29085,92,88,4,4
29086,76,76,0,0
29087,40,46,-6,6
29088,36,31,5,5
29089,78,75,3,3
29090,89,94,-5,5
29091,63,68,-5,5
29092,79,74,5,5
29093,127,114,13,13
29094,61,68,-7,7
29095,118,82,36,36
29096,112,101,11,11
29097,131,125,6,6
29098,78,76,2,2
29099,95,90,5,5
29100,75,73,2,2
29101,170,161,9,9
29102,97,98,-1,1
29103,62,64,-2,2
29104,130,120,10,10
29105,116,132,-16,16
29106,72,79,-7,7
29107,89,82,7,7
29108,95,99,-4,4
29109,82,80,2,2
29110,54,63,-9,9
29111,102,99,3,3
29112,106,102,4,4
29113,138,128,10,10
29114,90,90,0,0
29115,53,65,-12,12
29116,111,98,13,13
29117,91,85,6,6
29118,84,86,-2,2
29119,116,103,13,13
29120,119,113,6,6
29121,82,81,1,1
29122,102,94,8,8
29123,64,68,-4,4
29124,40,53,-13,13
29125,104,106,-2,2
29126,73,73,0,0
29127,92,86,6,6
29128,127,109,18,18
29129,155,148,7,7
29130,82,82,0,0
29131,86,85,1,1
29132,61,54,7,7
29133,136,125,11,11
29134,123,131,-8,8
29135,40,51,-11,11
29136,103,92,11,11
29137,145,146,-1,1
29138,92,97,-5,5
29139,60,80,-20,20
29140,71,68,3,3
29141,63,68,-5,5
29142,51,56,-5,5
29143,92,89,3,3
29144,48,53,-5,5
29145,66,60,6,6
29146,165,149,16,16
29147,114,106,8,8
29148,48,50,-2,2
29149,121,111,10,10
29150,134,128,6,6
29151,68,66,2,2
29152,34,51,-17,17
29153,68,66,2,2
29154,72,74,-2,2
29155,63,66,-3,3
29156,59,67,-8,8
29157,94,94,0,0
29158,59,57,2,2
29159,77,84,-7,7
29160,119,109,10,10
29161,134,133,1,1
29162,120,117,3,3
29163,90,82,8,8
29164,79,77,2,2
29165,70,71,-1,1
29166,103,97,6,6
29167,111,94,17,17
29168,62,63,-1,1
29169,139,120,19,19
29170,138,138,0,0
29171,213,211,2,2
29172,73,75,-2,2
29173,116,115,1,1
29174,135,133,2,2
29175,77,72,5,5
29176,89,79,10,10
29177,40,38,2,2
29178,82,76,6,6
29179,101,107,-6,6
29180,81,95,-14,14
29181,159,154,5,5
29182,89,92,-3,3
29183,74,81,-7,7
29184,106,102,4,4
29185,53,62,-9,9
29186,98,118,-20,20
29187,96,90,6,6
29188,116,119,-3,3
29189,68,70,-2,2
29190,74,76,-2,2
29191,167,168,-1,1
29192,90,99,-9,9
29193,106,100,6,6
29194,62,56,6,6
29195,46,51,-5,5
29196,68,78,-10,10
29197,73,73,0,0
29198,78,75,3,3
29199,58,61,-3,3
29200,129,125,4,4
29201,79,87,-8,8
29202,92,85,7,7
29203,34,48,-14,14
29204,81,58,23,23
29205,73,69,4,4
29206,171,170,1,1
29207,90,99,-9,9
29208,70,77,-7,7
29209,199,198,1,1
29210,68,65,3,3
29211,161,158,3,3
29212,46,43,3,3
29213,61,67,-6,6
29214,112,109,3,3
29215,133,123,10,10
29216,91,81,10,10
29217,80,91,-11,11
29218,160,131,29,29
29219,90,86,4,4
29220,103,90,13,13
29221,87,76,11,11
29222,148,135,13,13
29223,183,127,56,56
29224,87,81,6,6
29225,161,151,10,10
29226,80,75,5,5
29227,128,129,-1,1
29228,123,118,5,5
29229,159,145,14,14
29230,48,48,0,0
29231,77,80,-3,3
29232,87,84,3,3
29233,53,50,3,3
29234,118,113,5,5
29235,89,70,19,19
29236,76,76,0,0
29237,145,131,14,14
29238,125,109,16,16
29239,97,105,-8,8
29240,49,54,-5,5
29241,62,77,-15,15
29242,81,83,-2,2
29243,136,135,1,1
29244,100,104,-4,4
29245,187,197,-10,10
29246,105,110,-5,5
29247,176,159,17,17
29248,113,109,4,4
29249,115,120,-5,5
29250,86,87,-1,1
29251,120,108,12,12
29252,74,80,-6,6
29253,86,97,-11,11
29254,99,108,-9,9
29255,70,67,3,3
29256,109,114,-5,5
29257,110,102,8,8
29258,102,102,0,0
29259,156,148,8,8
29260,107,108,-1,1
29261,53,58,-5,5
29262,121,116,5,5
29263,97,98,-1,1
29264,103,113,-10,10
29265,66,64,2,2
29266,108,125,-17,17
29267,59,66,-7,7
29268,64,72,-8,8
29269,70,71,-1,1
29270,86,80,6,6
29271,118,108,10,10
29272,61,67,-6,6
29273,120,110,10,10
29274,112,106,6,6
29275,176,151,25,25
29276,61,64,-3,3
29277,89,100,-11,11
29278,115,100,15,15
29279,112,101,11,11
29280,110,105,5,5
29281,92,87,5,5
29282,124,113,11,11
29283,60,60,0,0
29284,70,66,4,4
29285,98,89,9,9
29286,77,79,-2,2
29287,60,56,4,4
29288,149,146,3,3
29289,135,128,7,7
29290,71,71,0,0
29291,47,56,-9,9
29292,141,125,16,16
29293,76,83,-7,7
29294,85,77,8,8
29295,66,69,-3,3
29296,86,85,1,1
29297,144,136,8,8
29298,74,77,-3,3
29299,181,170,11,11
29300,79,81,-2,2
29301,106,98,8,8
29302,138,126,12,12
29303,91,74,17,17
29304,76,75,1,1
29305,140,127,13,13
29306,77,78,-1,1
29307,54,65,-11,11
29308,71,73,-2,2
29309,110,100,10,10
29310,90,84,6,6
29311,116,119,-3,3
29312,83,80,3,3
29313,59,64,-5,5
29314,92,89,3,3
29315,144,132,12,12
29316,67,58,9,9
29317,105,100,5,5
29318,62,62,0,0
29319,136,125,11,11
29320,111,113,-2,2
29321,64,72,-8,8
29322,73,63,10,10
29323,86,91,-5,5
29324,84,81,3,3
29325,74,76,-2,2
29326,135,128,7,7
29327,119,111,8,8
29328,83,86,-3,3
29329,102,99,3,3
29330,84,88,-4,4
29331,66,117,-51,51
29332,47,47,0,0
29333,97,89,8,8
29334,106,106,0,0
29335,75,75,0,0
29336,108,117,-9,9
29337,154,146,8,8
29338,91,83,8,8
29339,75,80,-5,5
29340,155,138,17,17
29341,75,84,-9,9
29342,211,187,24,24
29343,69,66,3,3
29344,52,55,-3,3
29345,84,68,16,16
29346,89,86,3,3
29347,79,77,2,2
29348,78,80,-2,2
29349,90,85,5,5
29350,305,269,36,36
29351,83,84,-1,1
29352,193,186,7,7
29353,124,128,-4,4
29354,46,46,0,0
29355,85,75,10,10
29356,84,84,0,0
29357,98,92,6,6
29358,72,76,-4,4
29359,60,67,-7,7
29360,102,97,5,5
29361,92,87,5,5
29362,102,101,1,1
29363,74,90,-16,16
29364,114,104,10,10
29365,86,93,-7,7
29366,114,114,0,0
29367,151,160,-9,9
29368,91,91,0,0
29369,78,67,11,11
29370,153,143,10,10
29371,80,91,-11,11
29372,108,108,0,0
29373,88,76,12,12
29374,153,138,15,15
29375,71,80,-9,9
29376,95,99,-4,4
29377,127,117,10,10
29378,139,140,-1,1
29379,46,49,-3,3
29380,124,121,3,3
29381,93,92,1,1
29382,114,105,9,9
29383,93,86,7,7
29384,67,66,1,1
29385,110,108,2,2
29386,63,67,-4,4
29387,70,64,6,6
29388,87,82,5,5
29389,122,117,5,5
29390,107,111,-4,4
29391,153,142,11,11
29392,94,92,2,2
29393,101,99,2,2
29394,78,81,-3,3
29395,82,90,-8,8
29396,88,83,5,5
29397,94,88,6,6
29398,37,52,-15,15
29399,67,66,1,1
29400,85,74,11,11
29401,105,90,15,15
29402,40,59,-19,19
29403,194,175,19,19
29404,123,122,1,1
29405,87,80,7,7
29406,102,96,6,6
29407,145,133,12,12
29408,68,68,0,0
29409,159,140,19,19
29410,82,80,2,2
29411,83,71,12,12
29412,82,83,-1,1
29413,69,63,6,6
29414,103,103,0,0
29415,105,104,1,1
29416,100,111,-11,11
29417,55,54,1,1
29418,80,80,0,0
29419,73,78,-5,5
29420,51,70,-19,19
29421,124,119,5,5
29422,52,54,-2,2
29423,115,134,-19,19
29424,116,108,8,8
29425,101,103,-2,2
29426,63,54,9,9
29427,52,58,-6,6
29428,84,77,7,7
29429,142,141,1,1
29430,71,75,-4,4
29431,82,90,-8,8
29432,85,93,-8,8
29433,74,73,1,1
29434,61,50,11,11
29435,107,109,-2,2
29436,98,95,3,3
29437,80,80,0,0
29438,69,77,-8,8
29439,64,67,-3,3
29440,137,126,11,11
29441,77,74,3,3
29442,94,104,-10,10
29443,86,82,4,4
29444,60,65,-5,5
29445,54,68,-14,14
29446,62,64,-2,2
29447,86,93,-7,7
29448,60,59,1,1
29449,64,67,-3,3
29450,91,91,0,0
29451,71,69,2,2
29452,78,87,-9,9
29453,104,99,5,5
29454,103,104,-1,1
29455,167,171,-4,4
29456,129,111,18,18
29457,125,148,-23,23
29458,108,114,-6,6
29459,77,77,0,0
29460,121,127,-6,6
29461,77,74,3,3
29462,61,69,-8,8
29463,67,66,1,1
29464,96,89,7,7
29465,113,123,-10,10
29466,70,70,0,0
29467,79,72,7,7
29468,91,92,-1,1
29469,86,92,-6,6
29470,74,74,0,0
29471,78,82,-4,4
29472,117,104,13,13
29473,82,73,9,9
29474,79,81,-2,2
29475,138,149,-11,11
29476,92,83,9,9
29477,69,66,3,3
29478,81,87,-6,6
29479,73,76,-3,3
29480,100,102,-2,2
29481,51,49,2,2
29482,60,62,-2,2
29483,109,101,8,8
29484,131,129,2,2
29485,71,75,-4,4
29486,77,82,-5,5
29487,97,108,-11,11
29488,69,69,0,0
29489,124,117,7,7
29490,69,68,1,1
29491,131,123,8,8
29492,87,88,-1,1
29493,178,177,1,1
29494,111,111,0,0
29495,122,106,16,16
29496,155,141,14,14
29497,136,114,22,22
29498,113,122,-9,9
29499,64,70,-6,6
29500,111,107,4,4
29501,94,93,1,1
29502,58,62,-4,4
29503,89,79,10,10
29504,82,79,3,3
29505,87,95,-8,8
29506,50,62,-12,12
29507,79,74,5,5
29508,140,125,15,15
29509,134,199,-65,65
29510,119,110,9,9
29511,140,140,0,0
29512,119,118,1,1
29513,52,56,-4,4
29514,124,133,-9,9
29515,131,105,26,26
29516,45,51,-6,6
29517,70,69,1,1
29518,99,100,-1,1
29519,82,77,5,5
29520,73,71,2,2
29521,120,127,-7,7
29522,107,110,-3,3
29523,88,86,2,2
29524,82,79,3,3
29525,59,59,0,0
29526,90,98,-8,8
29527,56,66,-10,10
29528,113,112,1,1
29529,78,69,9,9
29530,61,71,-10,10
29531,89,86,3,3
29532,44,53,-9,9
29533,62,61,1,1
29534,111,113,-2,2
29535,75,76,-1,1
29536,74,74,0,0
29537,79,72,7,7
29538,89,89,0,0
29539,94,91,3,3
29540,116,108,8,8
29541,120,110,10,10
29542,180,168,12,12
29543,48,47,1,1
29544,85,83,2,2
29545,112,103,9,9
29546,114,106,8,8
29547,78,74,4,4
29548,111,122,-11,11
29549,71,73,-2,2
29550,64,69,-5,5
29551,47,46,1,1
29552,85,86,-1,1
29553,90,96,-6,6
29554,137,121,16,16
29555,138,137,1,1
29556,64,59,5,5
29557,78,74,4,4
29558,42,39,3,3
29559,98,93,5,5
29560,59,52,7,7
29561,76,84,-8,8
29562,106,100,6,6
29563,33,33,0,0
29564,121,122,-1,1
29565,108,98,10,10
29566,76,81,-5,5
29567,64,62,2,2
29568,73,65,8,8
29569,112,107,5,5
29570,105,99,6,6
29571,59,70,-11,11
29572,205,177,28,28
29573,78,83,-5,5
29574,79,86,-7,7
29575,123,121,2,2
29576,83,85,-2,2
29577,115,116,-1,1
29578,75,75,0,0
29579,86,86,0,0
29580,111,123,-12,12
29581,82,107,-25,25
29582,157,154,3,3
29583,58,59,-1,1
29584,101,96,5,5
29585,99,97,2,2
29586,96,94,2,2
29587,133,143,-10,10
29588,93,90,3,3
29589,79,74,5,5
29590,87,71,16,16
29591,101,106,-5,5
29592,73,73,0,0
29593,76,74,2,2
29594,110,99,11,11
29595,100,97,3,3
29596,87,86,1,1
29597,126,128,-2,2
29598,81,73,8,8
29599,70,79,-9,9
29600,139,138,1,1
29601,74,74,0,0
29602,147,121,26,26
29603,92,83,9,9
29604,133,113,20,20
29605,87,84,3,3
29606,96,98,-2,2
29607,70,101,-31,31
29608,75,80,-5,5
29609,121,116,5,5
29610,88,84,4,4
29611,96,99,-3,3
29612,196,141,55,55
29613,90,93,-3,3
29614,110,105,5,5
29615,59,53,6,6
29616,131,125,6,6
29617,56,56,0,0
29618,98,103,-5,5
29619,94,87,7,7
29620,73,78,-5,5
29621,52,48,4,4
29622,97,86,11,11
29623,119,113,6,6
29624,94,82,12,12
29625,144,135,9,9
29626,128,122,6,6
29627,81,74,7,7
29628,101,91,10,10
29629,138,128,10,10
29630,68,67,1,1
29631,124,106,18,18
29632,61,75,-14,14
29633,118,105,13,13
29634,69,74,-5,5
29635,84,83,1,1
29636,175,157,18,18
29637,54,56,-2,2
29638,72,81,-9,9
29639,82,75,7,7
29640,102,92,10,10
29641,107,104,3,3
29642,110,106,4,4
29643,128,122,6,6
29644,132,136,-4,4
29645,80,77,3,3
29646,60,64,-4,4
29647,54,57,-3,3
29648,89,91,-2,2
29649,90,93,-3,3
29650,62,81,-19,19
29651,64,80,-16,16
29652,74,67,7,7
29653,123,206,-83,83
29654,77,77,0,0
29655,79,76,3,3
29656,88,86,2,2
29657,77,87,-10,10
29658,96,101,-5,5
29659,80,81,-1,1
29660,104,102,2,2
29661,46,52,-6,6
29662,70,77,-7,7
29663,93,99,-6,6
29664,103,97,6,6
29665,117,104,13,13
29666,80,81,-1,1
29667,93,90,3,3
29668,88,88,0,0
29669,101,96,5,5
29670,69,72,-3,3
29671,97,93,4,4
29672,56,58,-2,2
29673,101,96,5,5
29674,122,117,5,5
29675,95,100,-5,5
29676,113,111,2,2
29677,150,136,14,14
29678,164,167,-3,3
29679,87,86,1,1
29680,128,121,7,7
29681,66,69,-3,3
29682,68,60,8,8
29683,120,114,6,6
29684,151,151,0,0
29685,72,67,5,5
29686,89,94,-5,5
29687,231,214,17,17
29688,49,65,-16,16
29689,68,65,3,3
29690,81,78,3,3
29691,96,98,-2,2
29692,123,110,13,13
29693,88,84,4,4
29694,188,179,9,9
29695,78,70,8,8
29696,78,77,1,1
29697,105,107,-2,2
29698,102,99,3,3
29699,74,80,-6,6
29700,74,79,-5,5
29701,63,67,-4,4
29702,106,102,4,4
29703,90,82,8,8
29704,100,98,2,2
29705,106,102,4,4
29706,74,75,-1,1
29707,75,79,-4,4
29708,119,128,-9,9
29709,115,113,2,2
29710,125,113,12,12
29711,106,101,5,5
29712,113,114,-1,1
29713,81,78,3,3
29714,84,77,7,7
29715,79,86,-7,7
29716,129,119,10,10
29717,55,55,0,0
29718,99,101,-2,2
29719,88,92,-4,4
29720,129,111,18,18
29721,92,88,4,4
29722,113,115,-2,2
29723,67,69,-2,2
29724,96,106,-10,10
29725,64,70,-6,6
29726,132,144,-12,12
29727,172,157,15,15
29728,104,106,-2,2
29729,83,74,9,9
29730,70,82,-12,12
29731,104,102,2,2
29732,78,70,8,8
29733,66,82,-16,16
29734,81,79,2,2
29735,63,69,-6,6
29736,74,79,-5,5
29737,109,94,15,15
29738,70,71,-1,1
29739,91,81,10,10
29740,95,94,1,1
29741,76,79,-3,3
29742,68,67,1,1
29743,92,87,5,5
29744,65,68,-3,3
29745,36,42,-6,6
29746,105,105,0,0
29747,110,106,4,4
29748,121,117,4,4
29749,49,46,3,3
29750,98,84,14,14
29751,117,108,9,9
29752,52,100,-48,48
29753,84,86,-2,2
29754,148,142,6,6
29755,63,62,1,1
29756,63,70,-7,7
29757,92,93,-1,1
29758,85,79,6,6
29759,93,87,6,6
29760,88,73,15,15
29761,80,84,-4,4
29762,83,81,2,2
29763,61,69,-8,8
29764,76,73,3,3
29765,81,86,-5,5
29766,75,67,8,8
29767,61,55,6,6
29768,110,106,4,4
29769,91,84,7,7
29770,63,57,6,6
29771,126,125,1,1
29772,102,90,12,12
29773,102,97,5,5
29774,107,101,6,6
29775,49,50,-1,1
29776,71,76,-5,5
29777,70,84,-14,14
29778,94,98,-4,4
29779,201,192,9,9
29780,80,82,-2,2
29781,62,62,0,0
29782,97,93,4,4
29783,77,77,0,0
29784,74,89,-15,15
29785,55,62,-7,7
29786,88,82,6,6
29787,27,44,-17,17
29788,64,62,2,2
29789,95,107,-12,12
29790,74,75,-1,1
29791,99,104,-5,5
29792,68,68,0,0
29793,65,67,-2,2
29794,97,100,-3,3
29795,73,74,-1,1
29796,88,88,0,0
29797,121,126,-5,5
29798,102,92,10,10
29799,101,105,-4,4
29800,78,83,-5,5
29801,156,143,13,13
29802,76,82,-6,6
29803,66,65,1,1
29804,91,101,-10,10
29805,82,74,8,8
29806,150,146,4,4
29807,46,49,-3,3
29808,164,163,1,1
29809,134,128,6,6
29810,124,120,4,4
29811,75,76,-1,1
29812,64,72,-8,8
29813,207,192,15,15
29814,125,129,-4,4
29815,143,128,15,15
29816,79,73,6,6
29817,62,65,-3,3
29818,149,151,-2,2
29819,136,130,6,6
29820,48,50,-2,2
29821,117,106,11,11
29822,50,55,-5,5
29823,88,82,6,6
29824,62,64,-2,2
29825,37,43,-6,6
29826,142,127,15,15
29827,59,60,-1,1
29828,123,118,5,5
29829,78,76,2,2
29830,117,109,8,8
29831,84,88,-4,4
29832,191,176,15,15
29833,176,159,17,17
29834,68,62,6,6
29835,58,54,4,4
29836,74,74,0,0
29837,166,160,6,6
29838,178,168,10,10
29839,102,103,-1,1
29840,106,100,6,6
29841,121,125,-4,4
29842,157,155,2,2
29843,60,59,1,1
29844,116,110,6,6
29845,133,130,3,3
29846,50,52,-2,2
29847,90,89,1,1
29848,138,127,11,11
29849,216,206,10,10
29850,114,111,3,3
29851,107,106,1,1
29852,68,64,4,4
29853,52,60,-8,8
29854,139,129,10,10
29855,98,86,12,12
29856,143,134,9,9
29857,97,85,12,12
29858,80,83,-3,3
29859,60,55,5,5
29860,104,101,3,3
29861,102,107,-5,5
29862,155,151,4,4
29863,157,143,14,14
29864,122,105,17,17
29865,89,85,4,4
29866,68,68,0,0
29867,68,69,-1,1
29868,102,105,-3,3
29869,107,112,-5,5
29870,62,62,0,0
29871,145,149,-4,4
29872,92,87,5,5
29873,113,105,8,8
29874,72,67,5,5
29875,67,67,0,0
29876,86,84,2,2
29877,78,82,-4,4
29878,94,94,0,0
29879,103,91,12,12
29880,145,149,-4,4
29881,74,82,-8,8
29882,128,133,-5,5
29883,146,120,26,26
29884,54,57,-3,3
29885,162,149,13,13
29886,150,153,-3,3
29887,57,64,-7,7
29888,118,119,-1,1
29889,37,41,-4,4
29890,121,111,10,10
29891,130,120,10,10
29892,62,68,-6,6
29893,66,70,-4,4
29894,119,99,20,20
29895,120,108,12,12
29896,100,106,-6,6
29897,121,126,-5,5
29898,85,98,-13,13
29899,99,92,7,7
29900,63,69,-6,6
29901,98,85,13,13
29902,62,61,1,1
29903,78,76,2,2
29904,61,62,-1,1
29905,110,100,10,10
29906,90,88,2,2
29907,125,100,25,25
29908,59,55,4,4
29909,83,75,8,8
29910,103,114,-11,11
29911,66,67,-1,1
29912,131,130,1,1
29913,72,77,-5,5
29914,56,58,-2,2
29915,110,111,-1,1
29916,72,76,-4,4
29917,120,121,-1,1
29918,82,82,0,0
29919,79,82,-3,3
29920,169,160,9,9
29921,140,148,-8,8
29922,139,130,9,9
29923,53,61,-8,8
29924,93,102,-9,9
29925,95,85,10,10
29926,91,85,6,6
29927,96,87,9,9
29928,115,114,1,1
29929,80,74,6,6
29930,61,62,-1,1
29931,125,129,-4,4
29932,79,73,6,6
29933,113,105,8,8
29934,113,117,-4,4
29935,79,79,0,0
29936,143,130,13,13
29937,69,83,-14,14
29938,71,95,-24,24
29939,67,69,-2,2
29940,53,53,0,0
29941,132,140,-8,8
29942,129,122,7,7
29943,85,81,4,4
29944,107,108,-1,1
29945,143,135,8,8
29946,57,49,8,8
29947,99,98,1,1
29948,54,63,-9,9
29949,102,108,-6,6
29950,64,65,-1,1
29951,86,98,-12,12
29952,88,84,4,4
29953,170,152,18,18
29954,71,76,-5,5
29955,127,127,0,0
29956,61,63,-2,2
29957,63,69,-6,6
29958,46,51,-5,5
29959,78,75,3,3
29960,85,90,-5,5
29961,86,74,12,12
29962,91,84,7,7
29963,75,70,5,5
29964,75,74,1,1
29965,73,100,-27,27
29966,74,72,2,2
29967,69,75,-6,6
29968,77,69,8,8
29969,119,118,1,1
29970,77,86,-9,9
29971,143,138,5,5
29972,132,132,0,0
29973,89,89,0,0
29974,60,59,1,1
29975,131,135,-4,4
29976,83,77,6,6
29977,80,72,8,8
29978,92,86,6,6
29979,187,186,1,1
29980,128,125,3,3
29981,151,141,10,10
29982,44,42,2,2
29983,83,89,-6,6
29984,78,72,6,6
29985,81,81,0,0
29986,73,75,-2,2
29987,138,141,-3,3
29988,45,48,-3,3
29989,58,62,-4,4
29990,105,105,0,0
29991,103,102,1,1
29992,91,88,3,3
29993,48,52,-4,4
29994,74,79,-5,5
29995,104,87,17,17
29996,69,72,-3,3
29997,62,67,-5,5
29998,140,155,-15,15
29999,129,152,-23,23
30000,98,92,6,6
30001,99,94,5,5
30002,71,68,3,3
30003,149,160,-11,11
30004,101,102,-1,1
30005,114,123,-9,9
30006,181,172,9,9
30007,112,119,-7,7
30008,112,110,2,2
30009,95,95,0,0
30010,133,130,3,3
30011,168,152,16,16
30012,24,40,-16,16
30013,119,111,8,8
30014,102,98,4,4
30015,84,79,5,5
30016,134,125,9,9
30017,69,66,3,3
30018,66,61,5,5
30019,74,69,5,5
30020,113,110,3,3
30021,64,68,-4,4
30022,79,78,1,1
30023,103,87,16,16
30024,107,104,3,3
30025,66,75,-9,9
30026,88,85,3,3
30027,158,162,-4,4
30028,123,110,13,13
30029,73,77,-4,4
30030,105,103,2,2
30031,65,69,-4,4
30032,119,121,-2,2
30033,68,68,0,0
30034,64,65,-1,1
30035,74,75,-1,1
30036,23,26,-3,3
30037,97,92,5,5
30038,124,117,7,7
30039,72,72,0,0
30040,132,125,7,7
30041,42,55,-13,13
30042,121,113,8,8
30043,89,83,6,6
30044,113,107,6,6
30045,114,108,6,6
30046,57,55,2,2
30047,63,65,-2,2
30048,121,120,1,1
30049,144,132,12,12
30050,118,117,1,1
30051,64,66,-2,2
30052,121,115,6,6
30053,135,126,9,9
30054,80,90,-10,10
30055,110,102,8,8
30056,100,98,2,2
30057,94,100,-6,6
30058,83,79,4,4
30059,87,90,-3,3
30060,67,69,-2,2
30061,95,102,-7,7
30062,88,80,8,8
30063,93,93,0,0
30064,91,77,14,14
30065,133,124,9,9
30066,77,96,-19,19
30067,106,109,-3,3
30068,53,63,-10,10
30069,89,89,0,0
30070,154,130,24,24
30071,98,103,-5,5
30072,54,53,1,1
30073,79,80,-1,1
30074,115,111,4,4
30075,135,134,1,1
30076,81,79,2,2
30077,56,68,-12,12
30078,54,67,-13,13
30079,73,65,8,8
30080,80,83,-3,3
30081,114,106,8,8
30082,170,174,-4,4
30083,124,119,5,5
30084,63,62,1,1
30085,93,106,-13,13
30086,77,75,2,2
30087,178,170,8,8
30088,67,66,1,1
30089,72,66,6,6
30090,60,62,-2,2
30091,64,66,-2,2
30092,85,82,3,3
30093,158,151,7,7
30094,124,111,13,13
30095,70,117,-47,47
30096,61,68,-7,7
30097,110,119,-9,9
30098,94,101,-7,7
30099,161,147,14,14
30100,98,100,-2,2
30101,165,151,14,14
30102,82,84,-2,2
30103,102,111,-9,9
30104,105,103,2,2
30105,85,88,-3,3
30106,106,110,-4,4
30107,91,81,10,10
30108,86,87,-1,1
30109,44,43,1,1
30110,96,101,-5,5
30111,114,106,8,8
30112,83,84,-1,1
30113,24,19,5,5
30114,75,80,-5,5
30115,140,144,-4,4
30116,46,46,0,0
30117,80,76,4,4
30118,82,99,-17,17
30119,125,119,6,6
30120,56,61,-5,5
30121,76,75,1,1
30122,44,45,-1,1
30123,102,89,13,13
30124,146,141,5,5
30125,46,47,-1,1
30126,80,81,-1,1
30127,117,123,-6,6
30128,85,79,6,6
30129,60,57,3,3
30130,81,88,-7,7
30131,42,37,5,5
30132,79,90,-11,11
30133,98,89,9,9
30134,110,104,6,6
30135,74,72,2,2
30136,54,58,-4,4
30137,113,117,-4,4
30138,78,88,-10,10
30139,52,50,2,2
30140,449,426,23,23
30141,121,119,2,2
30142,68,67,1,1
30143,35,37,-2,2
30144,36,40,-4,4
30145,81,84,-3,3
30146,155,148,7,7
30147,207,183,24,24
30148,105,108,-3,3
30149,66,73,-7,7
30150,105,88,17,17
30151,63,59,4,4
30152,97,91,6,6
30153,114,104,10,10
30154,69,71,-2,2
30155,181,178,3,3
30156,58,67,-9,9
30157,56,61,-5,5
30158,41,43,-2,2
30159,61,66,-5,5
30160,108,116,-8,8
30161,113,103,10,10
30162,46,38,8,8
30163,85,79,6,6
30164,109,111,-2,2
30165,144,145,-1,1
30166,45,76,-31,31
30167,56,51,5,5
30168,71,67,4,4
30169,83,73,10,10
30170,72,74,-2,2
30171,92,81,11,11
30172,97,113,-16,16
30173,52,57,-5,5
30174,135,137,-2,2
30175,69,72,-3,3
30176,88,88,0,0
30177,79,75,4,4
30178,74,73,1,1
30179,74,78,-4,4
30180,102,109,-7,7
30181,154,136,18,18
30182,225,211,14,14
30183,98,103,-5,5
30184,77,78,-1,1
30185,164,144,20,20
30186,144,114,30,30
30187,75,71,4,4
30188,142,147,-5,5
30189,115,114,1,1
30190,81,80,1,1
30191,103,106,-3,3
30192,94,101,-7,7
30193,76,85,-9,9
30194,50,54,-4,4
30195,108,120,-12,12
30196,146,135,11,11
30197,90,88,2,2
30198,129,124,5,5
30199,74,83,-9,9
30200,105,98,7,7
30201,91,87,4,4
30202,121,125,-4,4
30203,109,92,17,17
30204,85,99,-14,14
30205,111,118,-7,7
30206,136,129,7,7
30207,74,73,1,1
30208,89,97,-8,8
30209,102,99,3,3
30210,63,59,4,4
30211,113,117,-4,4
30212,92,79,13,13
30213,87,89,-2,2
30214,98,92,6,6
30215,111,111,0,0
30216,116,106,10,10
30217,133,137,-4,4
30218,160,151,9,9
30219,86,84,2,2
30220,132,131,1,1
30221,110,107,3,3
30222,53,56,-3,3
30223,95,92,3,3
30224,88,86,2,2
30225,56,57,-1,1
30226,75,77,-2,2
30227,76,76,0,0
30228,47,49,-2,2
30229,96,87,9,9
30230,39,59,-20,20
30231,159,138,21,21
30232,61,64,-3,3
30233,53,50,3,3
30234,84,83,1,1
30235,85,79,6,6
30236,82,86,-4,4
30237,88,92,-4,4
30238,87,77,10,10
30239,111,108,3,3
30240,161,150,11,11
30241,131,134,-3,3
30242,89,79,10,10
30243,156,149,7,7
30244,61,63,-2,2
30245,94,101,-7,7
30246,102,84,18,18
30247,167,170,-3,3
30248,182,169,13,13
30249,59,53,6,6
30250,162,143,19,19
30251,132,127,5,5
30252,66,63,3,3
30253,88,84,4,4
30254,106,87,19,19
30255,59,64,-5,5
30256,86,88,-2,2
30257,45,51,-6,6
30258,42,51,-9,9
30259,54,53,1,1
30260,79,81,-2,2
30261,139,142,-3,3
30262,98,101,-3,3
30263,113,111,2,2
30264,87,87,0,0
30265,55,61,-6,6
30266,47,49,-2,2
30267,93,100,-7,7
30268,55,58,-3,3
30269,113,141,-28,28
30270,87,77,10,10
30271,138,141,-3,3
30272,106,97,9,9
30273,76,77,-1,1
30274,89,86,3,3
30275,90,81,9,9
30276,119,115,4,4
30277,106,103,3,3
30278,89,84,5,5
30279,80,81,-1,1
30280,77,77,0,0
30281,138,123,15,15
30282,99,93,6,6
30283,70,77,-7,7
30284,107,105,2,2
30285,64,67,-3,3
30286,123,120,3,3
30287,75,77,-2,2
30288,46,56,-10,10
30289,94,92,2,2
30290,68,67,1,1
30291,116,122,-6,6
30292,68,77,-9,9
30293,42,35,7,7
30294,74,63,11,11
30295,102,104,-2,2
30296,111,105,6,6
30297,102,108,-6,6
30298,155,172,-17,17
30299,97,100,-3,3
30300,75,71,4,4
30301,158,170,-12,12
30302,66,55,11,11
30303,72,68,4,4
30304,197,165,32,32
30305,133,115,18,18
30306,103,107,-4,4
30307,119,113,6,6
30308,88,88,0,0
30309,56,64,-8,8
30310,59,69,-10,10
30311,73,84,-11,11
30312,100,93,7,7
30313,83,74,9,9
30314,104,101,3,3
30315,91,96,-5,5
30316,86,86,0,0
30317,62,59,3,3
30318,90,100,-10,10
30319,79,78,1,1
30320,127,126,1,1
30321,108,117,-9,9
30322,38,65,-27,27
30323,63,71,-8,8
30324,55,59,-4,4
30325,111,93,18,18
30326,53,62,-9,9
30327,77,73,4,4
30328,143,143,0,0
30329,136,129,7,7
30330,47,57,-10,10
30331,85,79,6,6
30332,96,97,-1,1
30333,87,81,6,6
30334,87,82,5,5
30335,144,129,15,15
30336,105,97,8,8
30337,96,103,-7,7
30338,78,80,-2,2
30339,140,153,-13,13
30340,69,69,0,0
30341,41,51,-10,10
30342,73,81,-8,8
30343,75,76,-1,1
30344,54,65,-11,11
30345,71,73,-2,2
30346,92,95,-3,3
30347,78,80,-2,2
30348,106,102,4,4
30349,77,83,-6,6
30350,74,74,0,0
30351,59,58,1,1
30352,94,106,-12,12
30353,86,81,5,5
30354,102,110,-8,8
30355,87,90,-3,3
30356,121,121,0,0
30357,75,69,6,6
30358,108,104,4,4
30359,174,156,18,18
30360,119,115,4,4
30361,84,86,-2,2
30362,98,95,3,3
30363,84,87,-3,3
30364,89,81,8,8
30365,87,77,10,10
30366,43,52,-9,9
30367,95,101,-6,6
30368,62,65,-3,3
30369,97,103,-6,6
30370,110,105,5,5
30371,102,107,-5,5
30372,95,99,-4,4
30373,84,86,-2,2
30374,88,89,-1,1
30375,101,99,2,2
30376,154,153,1,1
30377,159,147,12,12
30378,103,96,7,7
30379,75,76,-1,1
30380,119,106,13,13
30381,27,24,3,3
30382,77,80,-3,3
30383,169,147,22,22
30384,151,152,-1,1
30385,72,66,6,6
30386,145,125,20,20
30387,62,69,-7,7
30388,52,70,-18,18
30389,69,77,-8,8
30390,74,74,0,0
30391,102,86,16,16
30392,91,93,-2,2
30393,93,87,6,6
30394,81,79,2,2
30395,137,129,8,8
30396,157,156,1,1
30397,48,48,0,0
30398,122,123,-1,1
30399,64,69,-5,5
30400,175,164,11,11
30401,74,61,13,13
30402,47,50,-3,3
30403,103,99,4,4
30404,88,89,-1,1
30405,64,77,-13,13
30406,94,92,2,2
30407,111,107,4,4
30408,209,186,23,23
30409,80,78,2,2
30410,108,111,-3,3
30411,103,100,3,3
30412,93,117,-24,24
30413,86,87,-1,1
30414,105,101,4,4
30415,110,105,5,5
30416,82,83,-1,1
30417,69,67,2,2
30418,43,43,0,0
30419,74,78,-4,4
30420,131,114,17,17
30421,137,138,-1,1
30422,110,119,-9,9
30423,61,65,-4,4
30424,90,89,1,1
30425,78,71,7,7
30426,82,83,-1,1
30427,82,83,-1,1
30428,66,65,1,1
30429,136,137,-1,1
30430,112,102,10,10
30431,71,74,-3,3
30432,114,114,0,0
30433,105,151,-46,46
30434,93,81,12,12
30435,122,124,-2,2
30436,167,165,2,2
30437,67,66,1,1
30438,62,79,-17,17
30439,116,108,8,8
30440,120,107,13,13
30441,126,121,5,5
30442,110,105,5,5
30443,85,85,0,0
30444,124,111,13,13
30445,129,132,-3,3
30446,99,114,-15,15
30447,172,163,9,9
30448,76,79,-3,3
30449,64,65,-1,1
30450,138,125,13,13
30451,59,61,-2,2
30452,123,120,3,3
30453,140,110,30,30
30454,67,69,-2,2
30455,211,193,18,18
30456,155,142,13,13
30457,84,95,-11,11
30458,125,126,-1,1
30459,72,71,1,1
30460,121,126,-5,5
30461,121,124,-3,3
30462,141,142,-1,1
30463,67,69,-2,2
30464,73,100,-27,27
30465,107,109,-2,2
30466,72,67,5,5
30467,65,69,-4,4
30468,82,78,4,4
30469,87,79,8,8
30470,87,80,7,7
30471,52,57,-5,5
30472,84,80,4,4
30473,81,78,3,3
30474,75,78,-3,3
30475,126,128,-2,2
30476,45,46,-1,1
30477,48,54,-6,6
30478,77,77,0,0
30479,150,130,20,20
30480,100,99,1,1
30481,128,133,-5,5
30482,86,84,2,2
30483,72,67,5,5
30484,108,105,3,3
30485,61,42,19,19
30486,121,123,-2,2
30487,132,132,0,0
30488,112,118,-6,6
30489,148,142,6,6
30490,89,101,-12,12
30491,47,57,-10,10
30492,75,74,1,1
30493,113,125,-12,12
30494,82,89,-7,7
30495,82,81,1,1
30496,155,141,14,14
30497,114,108,6,6
30498,85,93,-8,8
30499,97,99,-2,2
30500,117,104,13,13
30501,57,59,-2,2
30502,121,119,2,2
30503,50,51,-1,1
30504,32,33,-1,1
30505,126,121,5,5
30506,85,86,-1,1
30507,45,54,-9,9
30508,105,98,7,7
30509,84,86,-2,2
30510,99,89,10,10
30511,129,99,30,30
30512,115,110,5,5
30513,127,127,0,0
30514,42,66,-24,24
30515,86,97,-11,11
30516,106,103,3,3
30517,108,103,5,5
30518,143,138,5,5
30519,98,104,-6,6
30520,131,106,25,25
30521,117,114,3,3
30522,82,75,7,7
30523,79,79,0,0
30524,58,57,1,1
30525,96,87,9,9
30526,105,92,13,13
30527,103,97,6,6
30528,72,85,-13,13
30529,108,117,-9,9
30530,155,150,5,5
30531,164,150,14,14
30532,60,58,2,2
30533,130,121,9,9
30534,123,118,5,5
30535,104,105,-1,1
30536,79,73,6,6
30537,136,132,4,4
30538,130,127,3,3
30539,135,120,15,15
30540,77,75,2,2
30541,136,127,9,9
30542,107,92,15,15
30543,127,116,11,11
30544,116,117,-1,1
30545,132,128,4,4
30546,88,81,7,7
30547,74,70,4,4
30548,71,80,-9,9
30549,53,55,-2,2
30550,57,58,-1,1
30551,189,178,11,11
30552,49,46,3,3
30553,124,129,-5,5
30554,127,121,6,6
30555,45,63,-18,18
30556,110,118,-8,8
30557,104,107,-3,3
30558,82,81,1,1
30559,133,127,6,6
30560,229,206,23,23
30561,64,72,-8,8
30562,107,96,11,11
30563,109,110,-1,1
30564,174,161,13,13
30565,176,170,6,6
30566,101,89,12,12
30567,113,107,6,6
30568,139,128,11,11
30569,56,57,-1,1
30570,75,75,0,0
30571,89,85,4,4
30572,34,43,-9,9
30573,130,129,1,1
30574,81,74,7,7
30575,103,118,-15,15
30576,99,100,-1,1
30577,136,137,-1,1
30578,37,40,-3,3
30579,82,75,7,7
30580,125,123,2,2
30581,121,118,3,3
30582,94,89,5,5
30583,67,69,-2,2
30584,110,121,-11,11
30585,82,80,2,2
30586,106,117,-11,11
30587,154,141,13,13
30588,97,102,-5,5
30589,65,69,-4,4
30590,81,85,-4,4
30591,53,55,-2,2
30592,123,113,10,10
30593,123,111,12,12
30594,60,49,11,11
30595,59,65,-6,6
30596,71,99,-28,28
30597,154,146,8,8
30598,89,85,4,4
30599,89,83,6,6
30600,95,86,9,9
30601,78,80,-2,2
30602,79,81,-2,2
30603,132,132,0,0
30604,124,126,-2,2
30605,125,120,5,5
30606,73,71,2,2
30607,109,111,-2,2
30608,84,80,4,4
30609,114,117,-3,3
30610,98,100,-2,2
30611,229,212,17,17
30612,118,121,-3,3
30613,105,104,1,1
30614,56,63,-7,7
30615,86,82,4,4
30616,72,76,-4,4
30617,144,168,-24,24
30618,151,141,10,10
30619,91,86,5,5
30620,134,134,0,0
30621,142,136,6,6
30622,119,118,1,1
30623,115,108,7,7
30624,122,123,-1,1
30625,121,111,10,10
30626,145,156,-11,11
30627,151,146,5,5
30628,99,84,15,15
30629,90,89,1,1
30630,115,139,-24,24
30631,65,80,-15,15
30632,90,86,4,4
30633,78,78,0,0
30634,65,74,-9,9
30635,77,78,-1,1
30636,64,67,-3,3
30637,204,192,12,12
30638,134,140,-6,6
30639,144,130,14,14
30640,127,129,-2,2
30641,88,78,10,10
30642,61,66,-5,5
30643,118,121,-3,3
30644,91,87,4,4
30645,143,123,20,20
30646,166,149,17,17
30647,77,73,4,4
30648,97,88,9,9
30649,97,100,-3,3
30650,98,84,14,14
30651,71,70,1,1
30652,77,72,5,5
30653,145,137,8,8
30654,127,123,4,4
30655,144,139,5,5
30656,128,117,11,11
30657,148,142,6,6
30658,67,64,3,3
30659,147,149,-2,2
30660,85,95,-10,10
30661,98,99,-1,1
30662,72,71,1,1
30663,74,76,-2,2
30664,111,116,-5,5
30665,80,76,4,4
30666,73,69,4,4
30667,79,80,-1,1
30668,90,79,11,11
30669,104,98,6,6
30670,70,72,-2,2
30671,99,100,-1,1
30672,64,67,-3,3
30673,68,69,-1,1
30674,96,94,2,2
30675,44,47,-3,3
30676,84,83,1,1
30677,81,75,6,6
30678,152,146,6,6
30679,69,73,-4,4
30680,86,102,-16,16
30681,89,93,-4,4
30682,151,145,6,6
30683,80,86,-6,6
30684,97,103,-6,6
30685,55,55,0,0
30686,126,116,10,10
30687,110,118,-8,8
30688,112,121,-9,9
30689,156,137,19,19
30690,52,65,-13,13
30691,88,87,1,1
30692,98,104,-6,6
30693,131,123,8,8
30694,114,107,7,7
30695,154,157,-3,3
30696,52,56,-4,4
30697,134,133,1,1
30698,60,60,0,0
30699,68,71,-3,3
30700,119,119,0,0
30701,61,61,0,0
30702,94,102,-8,8
30703,98,103,-5,5
30704,103,113,-10,10
30705,120,120,0,0
30706,97,98,-1,1
30707,126,115,11,11
30708,103,100,3,3
30709,97,98,-1,1
30710,89,83,6,6
30711,69,68,1,1
30712,58,59,-1,1
30713,109,101,8,8
30714,91,78,13,13
30715,76,73,3,3
30716,206,194,12,12
30717,109,97,12,12
30718,167,160,7,7
30719,124,117,7,7
30720,68,66,2,2
30721,162,135,27,27
30722,92,91,1,1
30723,160,162,-2,2
30724,107,105,2,2
30725,104,92,12,12
30726,72,66,6,6
30727,59,64,-5,5
30728,102,93,9,9
30729,110,120,-10,10
30730,71,70,1,1
30731,96,91,5,5
30732,117,112,5,5
30733,67,71,-4,4
30734,64,67,-3,3
30735,111,107,4,4
30736,54,46,8,8
30737,70,70,0,0
30738,89,82,7,7
30739,125,132,-7,7
30740,81,96,-15,15
30741,132,121,11,11
30742,122,123,-1,1
30743,83,85,-2,2
30744,49,63,-14,14
30745,134,116,18,18
30746,86,84,2,2
30747,87,81,6,6
30748,113,114,-1,1
30749,147,147,0,0
30750,57,63,-6,6
30751,81,76,5,5
30752,84,92,-8,8
30753,130,124,6,6
30754,103,97,6,6
30755,57,60,-3,3
30756,58,60,-2,2
30757,147,126,21,21
30758,136,134,2,2
30759,78,80,-2,2
30760,92,90,2,2
30761,69,73,-4,4
30762,151,141,10,10
30763,155,156,-1,1
30764,80,84,-4,4
30765,71,65,6,6
30766,113,174,-61,61
30767,129,117,12,12
30768,113,111,2,2
30769,82,86,-4,4
30770,69,61,8,8
30771,95,91,4,4
30772,86,84,2,2
30773,86,78,8,8
30774,73,70,3,3
30775,84,85,-1,1
30776,99,93,6,6
30777,159,143,16,16
30778,94,95,-1,1
30779,93,93,0,0
30780,52,53,-1,1
30781,92,90,2,2
30782,77,84,-7,7
30783,83,83,0,0
30784,145,144,1,1
30785,89,83,6,6
30786,98,92,6,6
30787,128,131,-3,3
30788,70,81,-11,11
30789,85,83,2,2
30790,94,91,3,3
30791,63,73,-10,10
30792,120,108,12,12
30793,93,101,-8,8
30794,113,108,5,5
30795,164,169,-5,5
30796,121,118,3,3
30797,61,55,6,6
30798,100,100,0,0
30799,67,61,6,6
30800,107,107,0,0
30801,56,53,3,3
30802,79,80,-1,1
30803,116,146,-30,30
30804,139,134,5,5
30805,112,119,-7,7
30806,92,87,5,5
30807,108,102,6,6
30808,124,129,-5,5
30809,158,163,-5,5
30810,106,90,16,16
30811,132,124,8,8
30812,100,91,9,9
30813,64,96,-32,32
30814,128,122,6,6
30815,53,49,4,4
30816,54,53,1,1
30817,81,78,3,3
30818,67,69,-2,2
30819,97,114,-17,17
30820,129,118,11,11
30821,122,104,18,18
30822,139,133,6,6
30823,44,44,0,0
30824,131,127,4,4
30825,67,73,-6,6
30826,115,109,6,6
30827,53,54,-1,1
30828,84,83,1,1
30829,124,120,4,4
30830,74,66,8,8
30831,104,116,-12,12
30832,70,75,-5,5
30833,112,112,0,0
30834,90,76,14,14
30835,83,98,-15,15
30836,71,74,-3,3
30837,81,76,5,5
30838,124,140,-16,16
30839,161,163,-2,2
30840,52,59,-7,7
30841,78,83,-5,5
30842,57,51,6,6
30843,113,112,1,1
30844,105,94,11,11
30845,119,108,11,11
30846,48,54,-6,6
30847,123,128,-5,5
30848,96,90,6,6
30849,124,114,10,10
30850,129,128,1,1
30851,125,124,1,1
30852,104,105,-1,1
30853,117,116,1,1
30854,151,147,4,4
30855,125,120,5,5
30856,87,94,-7,7
30857,71,72,-1,1
30858,58,57,1,1
30859,127,126,1,1
30860,143,126,17,17
30861,78,75,3,3
30862,114,123,-9,9
30863,49,49,0,0
30864,86,85,1,1
30865,81,88,-7,7
30866,85,83,2,2
30867,158,136,22,22
30868,57,52,5,5
30869,109,107,2,2
30870,95,91,4,4
30871,45,46,-1,1
30872,76,84,-8,8
30873,83,83,0,0
30874,100,115,-15,15
30875,65,80,-15,15
30876,76,78,-2,2
30877,47,57,-10,10
30878,70,73,-3,3
30879,157,156,1,1
30880,204,178,26,26
30881,88,82,6,6
30882,93,85,8,8
30883,53,64,-11,11
30884,97,98,-1,1
30885,84,81,3,3
30886,66,75,-9,9
30887,73,75,-2,2
30888,64,68,-4,4
30889,102,92,10,10
30890,56,61,-5,5
30891,73,75,-2,2
30892,78,82,-4,4
30893,64,74,-10,10
30894,89,89,0,0
30895,108,109,-1,1
30896,79,70,9,9
30897,99,99,0,0
30898,104,103,1,1
30899,174,159,15,15
30900,76,78,-2,2
30901,67,75,-8,8
30902,103,98,5,5
30903,72,70,2,2
30904,65,77,-12,12
30905,79,81,-2,2
30906,39,69,-30,30
30907,42,43,-1,1
30908,43,49,-6,6
30909,130,131,-1,1
30910,56,57,-1,1
30911,67,71,-4,4
30912,61,62,-1,1
30913,79,71,8,8
30914,122,102,20,20
30915,121,115,6,6
30916,87,77,10,10
30917,95,101,-6,6
30918,76,75,1,1
30919,98,87,11,11
30920,149,149,0,0
30921,37,42,-5,5
30922,91,77,14,14
30923,99,93,6,6
30924,64,70,-6,6
30925,113,109,4,4
30926,82,82,0,0
30927,71,73,-2,2
30928,103,107,-4,4
30929,58,65,-7,7
30930,112,107,5,5
30931,61,60,1,1
30932,60,72,-12,12
30933,118,122,-4,4
30934,48,52,-4,4
30935,86,76,10,10
30936,61,71,-10,10
30937,123,111,12,12
30938,151,144,7,7
30939,50,50,0,0
30940,123,129,-6,6
30941,186,176,10,10
30942,59,66,-7,7
30943,141,138,3,3
30944,130,151,-21,21
30945,83,76,7,7
30946,63,65,-2,2
30947,168,150,18,18
30948,88,84,4,4
30949,49,57,-8,8
30950,47,54,-7,7
30951,81,83,-2,2
30952,176,153,23,23
30953,58,64,-6,6
30954,48,41,7,7
30955,117,116,1,1
30956,115,103,12,12
30957,120,114,6,6
30958,90,87,3,3
30959,46,55,-9,9
30960,113,124,-11,11
30961,64,69,-5,5
30962,126,117,9,9
30963,153,136,17,17
30964,114,105,9,9
30965,182,182,0,0
30966,114,115,-1,1
30967,91,90,1,1
30968,116,105,11,11
30969,135,124,11,11
30970,70,71,-1,1
30971,80,74,6,6
30972,50,66,-16,16
30973,90,88,2,2
30974,50,58,-8,8
30975,144,128,16,16
30976,77,76,1,1
30977,81,84,-3,3
30978,41,38,3,3
30979,80,83,-3,3
30980,97,90,7,7
30981,65,69,-4,4
30982,70,71,-1,1
30983,176,181,-5,5
30984,143,138,5,5
30985,79,77,2,2
30986,122,117,5,5
30987,135,133,2,2
30988,85,90,-5,5
30989,50,58,-8,8
30990,88,85,3,3
30991,120,110,10,10
30992,134,129,5,5
30993,74,68,6,6
30994,86,87,-1,1
30995,95,91,4,4
30996,56,63,-7,7
30997,92,86,6,6
30998,86,85,1,1
30999,70,86,-16,16
31000,81,77,4,4
31001,113,116,-3,3
31002,99,93,6,6
31003,77,79,-2,2
31004,31,28,3,3
31005,99,95,4,4
31006,85,80,5,5
31007,80,85,-5,5
31008,92,88,4,4
31009,56,62,-6,6
31010,139,149,-10,10
31011,51,48,3,3
31012,36,49,-13,13
31013,126,116,10,10
31014,76,76,0,0
31015,96,108,-12,12
31016,87,89,-2,2
31017,117,112,5,5
31018,102,104,-2,2
31019,89,90,-1,1
31020,107,92,15,15
31021,79,79,0,0
31022,89,86,3,3
31023,67,62,5,5
31024,114,111,3,3
31025,69,71,-2,2
31026,115,100,15,15
31027,168,170,-2,2
31028,84,89,-5,5
31029,79,66,13,13
31030,133,138,-5,5
31031,123,107,16,16
31032,102,111,-9,9
31033,123,113,10,10
31034,97,86,11,11
31035,89,90,-1,1
31036,92,96,-4,4
31037,171,152,19,19
31038,72,68,4,4
31039,92,99,-7,7
31040,54,64,-10,10
31041,113,117,-4,4
31042,110,96,14,14
31043,64,65,-1,1
31044,64,65,-1,1
31045,69,64,5,5
31046,81,79,2,2
31047,101,101,0,0
31048,92,91,1,1
31049,85,89,-4,4
31050,58,57,1,1
31051,124,117,7,7
31052,81,76,5,5
31053,108,100,8,8
31054,93,86,7,7
31055,70,62,8,8
31056,119,96,23,23
31057,65,68,-3,3
31058,90,80,10,10
31059,53,55,-2,2
31060,73,77,-4,4
31061,52,52,0,0
31062,97,98,-1,1
31063,118,97,21,21
31064,95,88,7,7
31065,89,84,5,5
31066,66,68,-2,2
31067,75,79,-4,4
31068,107,101,6,6
31069,63,62,1,1
31070,148,133,15,15
31071,110,108,2,2
31072,96,108,-12,12
31073,123,126,-3,3
31074,123,112,11,11
31075,106,93,13,13
31076,101,93,8,8
31077,105,104,1,1
31078,94,100,-6,6
31079,53,68,-15,15
31080,53,66,-13,13
31081,116,116,0,0
31082,122,128,-6,6
31083,96,92,4,4
31084,117,113,4,4
31085,105,100,5,5
31086,74,75,-1,1
31087,43,53,-10,10
31088,110,111,-1,1
31089,71,72,-1,1
31090,72,67,5,5
31091,109,108,1,1
31092,142,143,-1,1
31093,69,63,6,6
31094,127,135,-8,8
31095,113,120,-7,7
31096,61,64,-3,3
31097,108,104,4,4
31098,83,79,4,4
31099,58,65,-7,7
31100,107,104,3,3
31101,108,126,-18,18
31102,97,89,8,8
31103,101,88,13,13
31104,101,105,-4,4
31105,123,110,13,13
31106,68,70,-2,2
31107,89,81,8,8
31108,47,50,-3,3
31109,128,115,13,13
31110,117,115,2,2
31111,94,85,9,9
31112,111,103,8,8
31113,51,54,-3,3
31114,65,75,-10,10
31115,79,94,-15,15
31116,140,136,4,4
31117,152,131,21,21
31118,108,107,1,1
31119,115,105,10,10
31120,78,86,-8,8
31121,100,100,0,0
31122,69,74,-5,5
31123,127,123,4,4
31124,64,59,5,5
31125,148,143,5,5
31126,105,101,4,4
31127,123,118,5,5
31128,56,56,0,0
31129,60,70,-10,10
31130,100,90,10,10
31131,77,100,-23,23
31132,89,112,-23,23
31133,63,69,-6,6
31134,70,69,1,1
31135,74,70,4,4
31136,74,85,-11,11
31137,149,129,20,20
31138,60,66,-6,6
31139,115,159,-44,44
31140,65,69,-4,4
31141,95,88,7,7
31142,126,139,-13,13
31143,84,90,-6,6
31144,114,101,13,13
31145,130,122,8,8
31146,117,107,10,10
31147,135,136,-1,1
31148,110,113,-3,3
31149,74,71,3,3
31150,91,97,-6,6
31151,102,95,7,7
31152,76,81,-5,5
31153,81,95,-14,14
31154,117,110,7,7
31155,58,63,-5,5
31156,52,70,-18,18
31157,44,61,-17,17
31158,126,129,-3,3
31159,102,101,1,1
31160,68,64,4,4
31161,96,113,-17,17
31162,116,101,15,15
31163,96,88,8,8
31164,44,54,-10,10
31165,49,44,5,5
31166,109,107,2,2
31167,40,53,-13,13
31168,84,115,-31,31
31169,57,59,-2,2
31170,85,89,-4,4
31171,44,50,-6,6
31172,77,75,2,2
31173,70,79,-9,9
31174,63,71,-8,8
31175,75,71,4,4
31176,88,86,2,2
31177,98,94,4,4
31178,66,82,-16,16
31179,78,72,6,6
31180,95,101,-6,6
31181,99,126,-27,27
31182,20,90,-70,70
31183,88,90,-2,2
31184,165,157,8,8
31185,127,122,5,5
31186,55,60,-5,5
31187,145,139,6,6
31188,72,72,0,0
31189,84,76,8,8
31190,62,65,-3,3
31191,107,100,7,7
31192,113,93,20,20
31193,64,68,-4,4
31194,132,113,19,19
31195,80,74,6,6
31196,64,70,-6,6
31197,58,66,-8,8
31198,53,67,-14,14
31199,101,97,4,4
31200,97,87,10,10
31201,93,93,0,0
31202,87,75,12,12
31203,78,77,1,1
31204,70,63,7,7
31205,119,85,34,34
31206,66,69,-3,3
31207,82,88,-6,6
31208,117,100,17,17
31209,106,101,5,5
31210,79,76,3,3
31211,129,157,-28,28
31212,95,82,13,13
31213,66,69,-3,3
31214,63,62,1,1
31215,128,145,-17,17
31216,86,78,8,8
31217,87,96,-9,9
31218,115,114,1,1
31219,126,124,2,2
31220,66,103,-37,37
31221,138,135,3,3
31222,118,103,15,15
31223,105,103,2,2
31224,59,67,-8,8
31225,51,59,-8,8
31226,45,63,-18,18
31227,79,79,0,0
31228,103,89,14,14
31229,86,104,-18,18
31230,63,62,1,1
31231,104,102,2,2
31232,144,136,8,8
31233,160,147,13,13
31234,55,55,0,0
31235,83,81,2,2
31236,104,101,3,3
31237,61,66,-5,5
31238,92,95,-3,3
31239,72,75,-3,3
31240,103,95,8,8
31241,192,169,23,23
31242,89,82,7,7
31243,76,71,5,5
31244,70,77,-7,7
31245,81,74,7,7
31246,96,92,4,4
31247,120,114,6,6
31248,88,88,0,0
31249,81,72,9,9
31250,91,89,2,2
31251,104,93,11,11
31252,71,69,2,2
31253,51,49,2,2
31254,138,129,9,9
31255,88,74,14,14
31256,64,73,-9,9
31257,108,110,-2,2
31258,120,116,4,4
31259,78,99,-21,21
31260,158,138,20,20
31261,185,165,20,20
31262,168,174,-6,6
31263,96,102,-6,6
31264,100,78,22,22
31265,48,105,-57,57
31266,80,78,2,2
31267,49,53,-4,4
31268,108,106,2,2
31269,71,74,-3,3
31270,111,109,2,2
31271,75,72,3,3
31272,117,117,0,0
31273,156,144,12,12
31274,111,101,10,10
31275,108,110,-2,2
31276,54,59,-5,5
31277,83,89,-6,6
31278,91,81,10,10
31279,53,61,-8,8
31280,46,48,-2,2
31281,39,48,-9,9
31282,97,108,-11,11
31283,97,108,-11,11
31284,93,83,10,10
31285,173,160,13,13
31286,76,73,3,3
31287,146,137,9,9
31288,128,134,-6,6
31289,81,73,8,8
31290,90,87,3,3
31291,109,114,-5,5
31292,123,109,14,14
31293,100,97,3,3
31294,77,80,-3,3
31295,77,76,1,1
31296,109,124,-15,15
31297,85,81,4,4
31298,94,87,7,7
31299,57,54,3,3
31300,51,56,-5,5
31301,50,61,-11,11
31302,80,74,6,6
31303,73,69,4,4
31304,68,75,-7,7
31305,153,138,15,15
31306,120,129,-9,9
31307,99,100,-1,1
31308,97,91,6,6
31309,82,75,7,7
31310,85,96,-11,11
31311,84,77,7,7
31312,93,103,-10,10
31313,55,60,-5,5
31314,53,58,-5,5
31315,148,139,9,9
31316,115,122,-7,7
31317,116,114,2,2
31318,109,97,12,12
31319,72,77,-5,5
31320,85,84,1,1
31321,78,67,11,11
31322,133,121,12,12
31323,89,84,5,5
31324,53,64,-11,11
31325,145,154,-9,9
31326,75,71,4,4
31327,60,63,-3,3
31328,71,72,-1,1
31329,62,67,-5,5
31330,165,153,12,12
31331,51,59,-8,8
31332,146,151,-5,5
31333,64,65,-1,1
31334,75,82,-7,7
31335,79,74,5,5
31336,85,85,0,0
31337,100,98,2,2
31338,119,111,8,8
31339,106,113,-7,7
31340,79,78,1,1
31341,163,156,7,7
31342,121,124,-3,3
31343,66,73,-7,7
31344,114,112,2,2
31345,77,79,-2,2
31346,57,60,-3,3
31347,87,88,-1,1
31348,86,82,4,4
31349,71,75,-4,4
31350,124,118,6,6
31351,65,63,2,2
31352,111,104,7,7
31353,62,69,-7,7
31354,94,82,12,12
31355,76,77,-1,1
31356,122,132,-10,10
31357,136,148,-12,12
31358,76,73,3,3
31359,82,97,-15,15
31360,62,63,-1,1
31361,65,61,4,4
31362,63,73,-10,10
31363,50,49,1,1
31364,56,68,-12,12
31365,80,84,-4,4
31366,95,85,10,10
31367,94,93,1,1
31368,90,78,12,12
31369,116,98,18,18
31370,113,102,11,11
31371,70,67,3,3
31372,31,35,-4,4
31373,70,76,-6,6
31374,72,69,3,3
31375,92,83,9,9
31376,82,79,3,3
31377,58,67,-9,9
31378,104,112,-8,8
31379,75,74,1,1
31380,90,90,0,0
31381,130,124,6,6
31382,126,124,2,2
31383,89,83,6,6
31384,108,105,3,3
31385,51,58,-7,7
31386,132,129,3,3
31387,91,91,0,0
31388,109,116,-7,7
31389,103,119,-16,16
31390,87,83,4,4
31391,123,123,0,0
31392,109,99,10,10
31393,77,91,-14,14
31394,96,96,0,0
31395,82,82,0,0
31396,111,110,1,1
31397,72,70,2,2
31398,117,106,11,11
31399,117,114,3,3
31400,137,135,2,2
31401,107,97,10,10
31402,91,89,2,2
31403,110,106,4,4
31404,76,83,-7,7
31405,83,75,8,8
31406,142,142,0,0
31407,97,93,4,4
31408,54,55,-1,1
31409,71,75,-4,4
31410,91,99,-8,8
31411,100,101,-1,1
31412,47,50,-3,3
31413,114,103,11,11
31414,65,55,10,10
31415,33,35,-2,2
31416,88,83,5,5
31417,102,104,-2,2
31418,72,89,-17,17
31419,95,96,-1,1
31420,100,96,4,4
31421,200,193,7,7
31422,147,132,15,15
31423,98,105,-7,7
31424,111,109,2,2
31425,105,105,0,0
31426,89,85,4,4
31427,108,106,2,2
31428,35,65,-30,30
31429,54,65,-11,11
31430,124,119,5,5
31431,90,77,13,13
31432,130,127,3,3
31433,138,128,10,10
31434,143,126,17,17
31435,74,75,-1,1
31436,47,57,-10,10
31437,64,67,-3,3
31438,174,176,-2,2
31439,96,92,4,4
31440,132,132,0,0
31441,66,75,-9,9
31442,105,103,2,2
31443,128,127,1,1
31444,99,99,0,0
31445,70,71,-1,1
31446,62,58,4,4
31447,78,76,2,2
31448,93,100,-7,7
31449,89,71,18,18
31450,104,113,-9,9
31451,74,71,3,3
31452,102,83,19,19
31453,58,60,-2,2
31454,89,85,4,4
31455,84,78,6,6
31456,128,116,12,12
31457,91,89,2,2
31458,80,72,8,8
31459,84,92,-8,8
31460,100,103,-3,3
31461,115,109,6,6
31462,92,94,-2,2
31463,155,156,-1,1
31464,175,148,27,27
31465,79,76,3,3
31466,70,66,4,4
31467,64,73,-9,9
31468,111,112,-1,1
31469,83,80,3,3
31470,92,95,-3,3
31471,153,148,5,5
31472,138,134,4,4
31473,90,104,-14,14
31474,104,109,-5,5
31475,52,50,2,2
31476,72,77,-5,5
31477,76,79,-3,3
31478,69,69,0,0
31479,145,135,10,10
31480,67,67,0,0
31481,79,77,2,2
31482,103,94,9,9
31483,145,149,-4,4
31484,86,85,1,1
31485,112,105,7,7
31486,130,127,3,3
31487,173,159,14,14
31488,75,75,0,0
31489,195,165,30,30
31490,93,88,5,5
31491,102,97,5,5
31492,64,63,1,1
31493,68,68,0,0
31494,58,66,-8,8
31495,93,79,14,14
31496,119,100,19,19
31497,54,51,3,3
31498,72,86,-14,14
31499,82,82,0,0
31500,130,125,5,5
31501,75,78,-3,3
31502,73,78,-5,5
31503,72,75,-3,3
31504,243,266,-23,23
31505,62,79,-17,17
31506,79,70,9,9
31507,129,132,-3,3
31508,119,111,8,8
31509,121,121,0,0
31510,135,130,5,5
31511,64,57,7,7
31512,84,82,2,2
31513,68,71,-3,3
31514,89,82,7,7
31515,59,54,5,5
31516,67,75,-8,8
31517,108,115,-7,7
31518,55,61,-6,6
31519,161,136,25,25
31520,75,77,-2,2
31521,113,105,8,8
31522,102,99,3,3
31523,116,110,6,6
31524,134,131,3,3
31525,161,134,27,27
31526,122,113,9,9
31527,103,98,5,5
31528,75,75,0,0
31529,162,141,21,21
31530,76,82,-6,6
31531,57,63,-6,6
31532,74,76,-2,2
31533,78,72,6,6
31534,68,68,0,0
31535,101,93,8,8
31536,66,69,-3,3
31537,61,68,-7,7
31538,120,111,9,9
31539,62,63,-1,1
31540,149,130,19,19
31541,85,90,-5,5
31542,126,114,12,12
31543,192,186,6,6
31544,94,89,5,5
31545,69,73,-4,4
31546,99,85,14,14
31547,114,104,10,10
31548,75,77,-2,2
31549,113,123,-10,10
31550,165,152,13,13
31551,133,123,10,10
31552,86,93,-7,7
31553,72,67,5,5
31554,97,95,2,2
31555,113,152,-39,39
31556,110,111,-1,1
31557,119,123,-4,4
31558,60,63,-3,3
31559,72,85,-13,13
31560,110,109,1,1
31561,151,136,15,15
31562,70,74,-4,4
31563,89,90,-1,1
31564,112,105,7,7
31565,70,71,-1,1
31566,64,68,-4,4
31567,155,158,-3,3
31568,103,99,4,4
31569,115,108,7,7
31570,57,54,3,3
31571,92,99,-7,7
31572,96,86,10,10
31573,61,64,-3,3
31574,144,129,15,15
31575,75,76,-1,1
31576,138,128,10,10
31577,103,106,-3,3
31578,118,105,13,13
31579,80,84,-4,4
31580,107,100,7,7
31581,84,80,4,4
31582,87,81,6,6
31583,56,53,3,3
31584,129,135,-6,6
31585,94,88,6,6
31586,72,81,-9,9
31587,193,165,28,28
31588,141,123,18,18
31589,98,97,1,1
31590,116,121,-5,5
31591,154,146,8,8
31592,116,120,-4,4
31593,75,80,-5,5
31594,107,98,9,9
31595,83,76,7,7
31596,103,109,-6,6
31597,99,93,6,6
31598,109,111,-2,2
31599,95,89,6,6
31600,85,76,9,9
31601,81,78,3,3
31602,112,97,15,15
31603,82,75,7,7
31604,56,56,0,0
31605,64,67,-3,3
31606,105,119,-14,14
31607,118,116,2,2
31608,82,83,-1,1
31609,96,94,2,2
31610,69,66,3,3
31611,128,128,0,0
31612,88,92,-4,4
31613,90,83,7,7
31614,141,133,8,8
31615,75,82,-7,7
31616,108,108,0,0
31617,153,144,9,9
31618,101,96,5,5
31619,76,79,-3,3
31620,86,91,-5,5
31621,49,48,1,1
31622,130,127,3,3
31623,95,92,3,3
31624,33,45,-12,12
31625,156,156,0,0
31626,49,43,6,6
31627,89,81,8,8
31628,86,75,11,11
31629,80,77,3,3
31630,97,95,2,2
31631,59,67,-8,8
31632,153,143,10,10
31633,51,54,-3,3
31634,88,75,13,13
31635,145,156,-11,11
31636,165,177,-12,12
31637,74,79,-5,5
31638,80,87,-7,7
31639,101,94,7,7
31640,46,46,0,0
31641,62,65,-3,3
31642,107,94,13,13
31643,66,68,-2,2
31644,153,147,6,6
31645,75,73,2,2
31646,49,50,-1,1
31647,120,124,-4,4
31648,131,123,8,8
31649,106,108,-2,2
31650,147,139,8,8
31651,81,83,-2,2
31652,94,93,1,1
31653,57,61,-4,4
31654,61,72,-11,11
31655,47,47,0,0
31656,53,53,0,0
31657,117,108,9,9
31658,98,77,21,21
31659,48,49,-1,1
31660,190,186,4,4
31661,68,71,-3,3
31662,106,100,6,6
31663,57,63,-6,6
31664,131,134,-3,3
31665,132,126,6,6
31666,74,75,-1,1
31667,125,124,1,1
31668,86,85,1,1
31669,49,49,0,0
31670,95,83,12,12
31671,67,65,2,2
31672,82,84,-2,2
31673,93,103,-10,10
31674,52,62,-10,10
31675,55,56,-1,1
31676,111,106,5,5
31677,73,70,3,3
31678,72,79,-7,7
31679,160,156,4,4
31680,97,101,-4,4
31681,95,86,9,9
31682,117,93,24,24
31683,67,63,4,4
31684,55,59,-4,4
31685,103,95,8,8
31686,108,112,-4,4
31687,82,77,5,5
31688,155,143,12,12
31689,87,79,8,8
31690,88,83,5,5
31691,84,96,-12,12
31692,66,78,-12,12
31693,59,60,-1,1
31694,80,76,4,4
31695,120,124,-4,4
31696,92,92,0,0
31697,36,35,1,1
31698,89,79,10,10
31699,113,103,10,10
31700,86,87,-1,1
31701,117,137,-20,20
31702,78,73,5,5
31703,72,78,-6,6
31704,76,68,8,8
31705,76,75,1,1
31706,87,86,1,1
31707,76,97,-21,21
31708,79,62,17,17
31709,51,46,5,5
31710,121,130,-9,9
31711,100,87,13,13
31712,83,82,1,1
31713,84,75,9,9
31714,100,104,-4,4
31715,125,120,5,5
31716,73,67,6,6
31717,59,61,-2,2
31718,79,80,-1,1
31719,76,80,-4,4
31720,108,112,-4,4
31721,64,74,-10,10
31722,101,92,9,9
31723,140,122,18,18
31724,89,88,1,1
31725,72,70,2,2
31726,82,85,-3,3
31727,68,70,-2,2
31728,41,54,-13,13
31729,77,77,0,0
31730,150,139,11,11
31731,121,116,5,5
31732,96,117,-21,21
31733,50,53,-3,3
31734,45,51,-6,6
31735,118,124,-6,6
31736,108,104,4,4
31737,74,68,6,6
31738,148,135,13,13
31739,109,104,5,5
31740,53,55,-2,2
31741,69,67,2,2
31742,75,75,0,0
31743,75,85,-10,10
31744,93,89,4,4
31745,36,36,0,0
31746,62,71,-9,9
31747,139,136,3,3
31748,67,70,-3,3
31749,199,193,6,6
31750,61,58,3,3
31751,66,68,-2,2
31752,58,61,-3,3
31753,58,60,-2,2
31754,98,104,-6,6
31755,65,64,1,1
31756,96,95,1,1
31757,105,106,-1,1
31758,44,49,-5,5
31759,116,112,4,4
31760,87,82,5,5
31761,94,93,1,1
31762,130,133,-3,3
31763,103,101,2,2
31764,85,80,5,5
31765,94,101,-7,7
31766,78,75,3,3
31767,120,114,6,6
31768,48,52,-4,4
31769,107,96,11,11
31770,87,87,0,0
31771,115,117,-2,2
31772,122,120,2,2
31773,137,122,15,15
31774,19,26,-7,7
31775,90,93,-3,3
31776,45,45,0,0
31777,53,60,-7,7
31778,132,119,13,13
31779,54,48,6,6
31780,123,130,-7,7
31781,88,103,-15,15
31782,90,81,9,9
31783,112,109,3,3
31784,67,67,0,0
31785,50,57,-7,7
31786,65,68,-3,3
31787,44,46,-2,2
31788,86,94,-8,8
31789,65,69,-4,4
31790,80,97,-17,17
31791,128,119,9,9
31792,166,135,31,31
31793,105,98,7,7
31794,77,75,2,2
31795,113,118,-5,5
31796,82,79,3,3
31797,94,98,-4,4
31798,123,117,6,6
31799,118,119,-1,1
31800,159,148,11,11
31801,100,82,18,18
31802,95,90,5,5
31803,128,131,-3,3
31804,67,79,-12,12
31805,131,118,13,13
31806,78,76,2,2
31807,58,61,-3,3
31808,126,116,10,10
31809,136,139,-3,3
31810,75,73,2,2
31811,100,97,3,3
31812,52,53,-1,1
31813,94,87,7,7
31814,64,72,-8,8
31815,65,68,-3,3
31816,85,83,2,2
31817,100,98,2,2
31818,134,130,4,4
31819,88,85,3,3
31820,87,84,3,3
31821,112,109,3,3
31822,222,202,20,20
31823,103,94,9,9
31824,131,152,-21,21
31825,143,148,-5,5
31826,89,90,-1,1
31827,144,127,17,17
31828,90,85,5,5
31829,117,112,5,5
31830,41,43,-2,2
31831,161,158,3,3
31832,87,89,-2,2
31833,67,69,-2,2
31834,89,96,-7,7
31835,58,53,5,5
31836,54,54,0,0
31837,66,64,2,2
31838,62,72,-10,10
31839,46,48,-2,2
31840,116,117,-1,1
31841,146,145,1,1
31842,153,159,-6,6
31843,110,96,14,14
31844,83,71,12,12
31845,138,125,13,13
31846,117,108,9,9
31847,86,81,5,5
31848,170,163,7,7
31849,96,101,-5,5
31850,57,54,3,3
31851,102,94,8,8
31852,96,97,-1,1
31853,88,82,6,6
31854,117,118,-1,1
31855,83,96,-13,13
31856,94,104,-10,10
31857,68,78,-10,10
31858,81,75,6,6
31859,165,164,1,1
31860,93,82,11,11
31861,169,163,6,6
31862,79,85,-6,6
31863,91,87,4,4
31864,96,93,3,3
31865,107,89,18,18
31866,98,90,8,8
31867,81,77,4,4
31868,125,126,-1,1
31869,111,106,5,5
31870,50,56,-6,6
31871,102,103,-1,1
31872,94,84,10,10
31873,57,56,1,1
31874,110,105,5,5
31875,89,82,7,7
31876,69,69,0,0
31877,116,117,-1,1
31878,135,120,15,15
31879,76,72,4,4
31880,98,84,14,14
31881,72,72,0,0
31882,68,75,-7,7
31883,77,74,3,3
31884,125,138,-13,13
31885,115,104,11,11
31886,136,121,15,15
31887,80,74,6,6
31888,82,82,0,0
31889,76,79,-3,3
31890,82,77,5,5
31891,138,132,6,6
31892,108,100,8,8
31893,153,145,8,8
31894,76,75,1,1
31895,100,89,11,11
31896,97,100,-3,3
31897,119,116,3,3
31898,35,47,-12,12
31899,39,42,-3,3
31900,102,95,7,7
31901,93,106,-13,13
31902,122,117,5,5
31903,88,81,7,7
31904,84,82,2,2
31905,207,192,15,15
31906,67,68,-1,1
31907,111,112,-1,1
31908,75,75,0,0
31909,112,104,8,8
31910,59,60,-1,1
31911,66,67,-1,1
31912,161,159,2,2
31913,80,84,-4,4
31914,64,68,-4,4
31915,123,85,38,38
31916,123,116,7,7
31917,144,141,3,3
31918,61,66,-5,5
31919,85,75,10,10
31920,100,92,8,8
31921,100,93,7,7
31922,65,59,6,6
31923,75,69,6,6
31924,104,91,13,13
31925,112,123,-11,11
31926,93,85,8,8
31927,69,67,2,2
31928,58,58,0,0
31929,120,103,17,17
31930,131,118,13,13
31931,101,88,13,13
31932,156,154,2,2
31933,83,79,4,4
31934,62,67,-5,5
31935,94,92,2,2
31936,87,89,-2,2
31937,182,169,13,13
31938,132,126,6,6
31939,100,103,-3,3
31940,74,75,-1,1
31941,57,66,-9,9
31942,95,95,0,0
31943,64,56,8,8
31944,99,96,3,3
31945,102,112,-10,10
31946,144,128,16,16
31947,152,138,14,14
31948,66,63,3,3
31949,57,60,-3,3
31950,73,78,-5,5
31951,85,79,6,6
31952,111,101,10,10
31953,78,79,-1,1
31954,87,81,6,6
31955,58,64,-6,6
31956,125,120,5,5
31957,98,93,5,5
31958,127,120,7,7
31959,125,115,10,10
31960,107,108,-1,1
31961,57,66,-9,9
31962,161,148,13,13
31963,109,102,7,7
31964,110,99,11,11
31965,64,65,-1,1
31966,304,305,-1,1
31967,75,73,2,2
31968,161,158,3,3
31969,85,93,-8,8
31970,124,108,16,16
31971,53,56,-3,3
31972,98,102,-4,4
31973,124,122,2,2
31974,67,63,4,4
31975,59,65,-6,6
31976,115,103,12,12
31977,91,83,8,8
31978,108,107,1,1
31979,82,85,-3,3
31980,104,93,11,11
31981,65,76,-11,11
31982,107,103,4,4
31983,140,143,-3,3
31984,83,80,3,3
31985,128,143,-15,15
31986,65,59,6,6
31987,70,73,-3,3
31988,160,161,-1,1
31989,94,97,-3,3
31990,74,68,6,6
31991,99,101,-2,2
31992,105,100,5,5
31993,65,69,-4,4
31994,46,49,-3,3
31995,72,70,2,2
31996,53,51,2,2
31997,110,106,4,4
31998,100,89,11,11
31999,65,72,-7,7
32000,102,97,5,5
32001,128,125,3,3
32002,90,82,8,8
32003,139,150,-11,11
32004,145,125,20,20
32005,89,82,7,7
32006,68,76,-8,8
32007,64,66,-2,2
32008,79,84,-5,5
32009,86,75,11,11
32010,60,67,-7,7
32011,101,92,9,9
32012,36,46,-10,10
32013,103,100,3,3
32014,52,52,0,0
32015,152,147,5,5
32016,80,88,-8,8
32017,142,125,17,17
32018,129,117,12,12
32019,140,116,24,24
32020,49,56,-7,7
32021,147,147,0,0
32022,100,88,12,12
32023,59,67,-8,8
32024,106,107,-1,1
32025,88,86,2,2
32026,86,85,1,1
32027,106,95,11,11
32028,110,107,3,3
32029,43,37,6,6
32030,114,120,-6,6
32031,77,73,4,4
32032,103,102,1,1
32033,125,123,2,2
32034,65,66,-1,1
32035,105,101,4,4
32036,98,113,-15,15
32037,132,143,-11,11
32038,119,115,4,4
32039,80,80,0,0
32040,107,105,2,2
32041,94,82,12,12
32042,59,71,-12,12
32043,109,114,-5,5
32044,144,147,-3,3
32045,45,49,-4,4
32046,66,46,20,20
32047,122,124,-2,2
32048,88,85,3,3
32049,53,50,3,3
32050,58,68,-10,10
32051,68,69,-1,1
32052,104,97,7,7
32053,129,130,-1,1
32054,55,56,-1,1
32055,80,68,12,12
32056,100,104,-4,4
32057,64,76,-12,12
32058,150,146,4,4
32059,80,78,2,2
32060,96,87,9,9
32061,83,83,0,0
32062,39,39,0,0
32063,112,95,17,17
32064,146,138,8,8
32065,91,96,-5,5
32066,77,83,-6,6
32067,121,121,0,0
32068,113,111,2,2
32069,132,136,-4,4
32070,102,101,1,1
32071,71,68,3,3
32072,81,77,4,4
32073,60,73,-13,13
32074,112,99,13,13
32075,95,85,10,10
32076,116,108,8,8
32077,85,84,1,1
32078,116,124,-8,8
32079,107,106,1,1
32080,156,140,16,16
32081,84,84,0,0
32082,77,74,3,3
32083,111,102,9,9
32084,61,84,-23,23
32085,124,126,-2,2
32086,106,94,12,12
32087,116,114,2,2
32088,64,77,-13,13
32089,108,104,4,4
32090,76,74,2,2
32091,72,74,-2,2
32092,75,74,1,1
32093,66,68,-2,2
32094,128,134,-6,6
32095,189,165,24,24
32096,120,122,-2,2
32097,64,64,0,0
32098,141,142,-1,1
32099,96,94,2,2
32100,170,167,3,3
32101,83,81,2,2
32102,101,102,-1,1
32103,81,86,-5,5
32104,43,46,-3,3
32105,150,142,8,8
32106,70,66,4,4
32107,89,79,10,10
32108,115,106,9,9
32109,103,101,2,2
32110,54,58,-4,4
32111,63,62,1,1
32112,127,135,-8,8
32113,96,81,15,15
32114,79,92,-13,13
32115,83,83,0,0
32116,108,100,8,8
32117,116,108,8,8
32118,121,116,5,5
32119,127,116,11,11
32120,109,113,-4,4
32121,96,96,0,0
32122,82,80,2,2
32123,103,131,-28,28
32124,142,139,3,3
32125,161,147,14,14
32126,126,126,0,0
32127,78,71,7,7
32128,157,156,1,1
32129,63,69,-6,6
32130,64,66,-2,2
32131,90,83,7,7
32132,95,98,-3,3
32133,146,141,5,5
32134,56,59,-3,3
32135,48,44,4,4
32136,68,70,-2,2
32137,94,95,-1,1
32138,87,83,4,4
32139,122,112,10,10
32140,126,114,12,12
32141,55,70,-15,15
32142,61,65,-4,4
32143,89,99,-10,10
32144,62,72,-10,10
32145,71,70,1,1
32146,87,88,-1,1
32147,39,38,1,1
32148,123,115,8,8
32149,79,83,-4,4
32150,109,102,7,7
32151,101,105,-4,4
32152,107,102,5,5
32153,114,108,6,6
32154,81,87,-6,6
32155,167,160,7,7
32156,71,75,-4,4
32157,65,72,-7,7
32158,76,71,5,5
32159,94,90,4,4
32160,162,149,13,13
32161,86,99,-13,13
32162,162,160,2,2
32163,50,52,-2,2
32164,109,101,8,8
32165,70,67,3,3
32166,69,67,2,2
32167,36,37,-1,1
32168,117,106,11,11
32169,104,90,14,14
32170,107,108,-1,1
32171,66,68,-2,2
32172,98,97,1,1
32173,113,117,-4,4
32174,57,63,-6,6
32175,117,114,3,3
32176,79,91,-12,12
32177,88,90,-2,2
32178,101,99,2,2
32179,98,98,0,0
32180,164,175,-11,11
32181,108,104,4,4
32182,79,73,6,6
32183,77,82,-5,5
32184,81,79,2,2
32185,111,105,6,6
32186,108,105,3,3
32187,104,100,4,4
32188,51,43,8,8
32189,79,79,0,0
32190,141,134,7,7
32191,105,101,4,4
32192,79,82,-3,3
32193,121,110,11,11
32194,85,90,-5,5
32195,60,62,-2,2
32196,76,73,3,3
32197,66,64,2,2
32198,140,127,13,13
32199,115,97,18,18
32200,135,119,16,16
32201,137,147,-10,10
32202,108,114,-6,6
32203,56,63,-7,7
32204,145,139,6,6
32205,107,98,9,9
32206,75,72,3,3
32207,73,65,8,8
32208,58,62,-4,4
32209,73,69,4,4
32210,100,93,7,7
32211,154,141,13,13
32212,89,82,7,7
32213,86,78,8,8
32214,218,189,29,29
32215,96,92,4,4
32216,72,74,-2,2
32217,136,147,-11,11
32218,197,185,12,12
32219,75,81,-6,6
32220,138,131,7,7
32221,112,117,-5,5
32222,97,101,-4,4
32223,50,57,-7,7
32224,144,131,13,13
32225,62,66,-4,4
32226,91,98,-7,7
32227,108,109,-1,1
32228,111,110,1,1
32229,154,143,11,11
32230,84,84,0,0
32231,181,177,4,4
32232,80,80,0,0
32233,134,129,5,5
32234,78,87,-9,9
32235,243,218,25,25
32236,59,54,5,5
32237,83,71,12,12
32238,76,64,12,12
32239,88,83,5,5
32240,62,66,-4,4
32241,81,76,5,5
32242,127,126,1,1
32243,119,112,7,7
32244,70,74,-4,4
32245,114,101,13,13
32246,91,87,4,4
32247,120,106,14,14
32248,61,58,3,3
32249,73,73,0,0
32250,77,81,-4,4
32251,175,175,0,0
32252,86,81,5,5
32253,125,118,7,7
32254,109,99,10,10
32255,90,97,-7,7
32256,71,75,-4,4
32257,64,62,2,2
32258,91,82,9,9
32259,116,111,5,5
32260,63,63,0,0
32261,79,79,0,0
32262,56,53,3,3
32263,144,137,7,7
32264,130,115,15,15
32265,73,74,-1,1
32266,64,58,6,6
32267,146,127,19,19
32268,30,47,-17,17
32269,107,108,-1,1
32270,80,86,-6,6
32271,94,111,-17,17
32272,57,59,-2,2
32273,85,86,-1,1
32274,157,148,9,9
32275,131,132,-1,1
32276,170,145,25,25
32277,115,122,-7,7
32278,124,108,16,16
32279,83,81,2,2
32280,139,131,8,8
32281,104,104,0,0
32282,54,57,-3,3
32283,117,110,7,7
32284,84,91,-7,7
32285,97,87,10,10
32286,50,42,8,8
32287,57,68,-11,11
32288,84,81,3,3
32289,70,74,-4,4
32290,75,79,-4,4
32291,33,64,-31,31
32292,110,125,-15,15
32293,60,63,-3,3
32294,66,69,-3,3
32295,121,113,8,8
32296,97,95,2,2
32297,128,120,8,8
32298,82,78,4,4
32299,110,105,5,5
32300,135,134,1,1
32301,96,96,0,0
32302,79,71,8,8
32303,82,75,7,7
32304,112,100,12,12
32305,119,121,-2,2
32306,113,88,25,25
32307,129,126,3,3
32308,30,33,-3,3
32309,143,140,3,3
32310,48,51,-3,3
32311,70,73,-3,3
32312,66,98,-32,32
32313,117,121,-4,4
32314,49,49,0,0
32315,73,74,-1,1
32316,104,110,-6,6
32317,78,89,-11,11
32318,94,98,-4,4
32319,39,41,-2,2
32320,163,152,11,11
32321,131,129,2,2
32322,78,83,-5,5
32323,107,112,-5,5
32324,40,44,-4,4
32325,83,82,1,1
32326,88,100,-12,12
32327,104,101,3,3
32328,116,106,10,10
32329,144,129,15,15
32330,93,94,-1,1
32331,89,86,3,3
32332,110,105,5,5
32333,62,90,-28,28
32334,100,97,3,3
32335,79,79,0,0
32336,80,79,1,1
32337,120,121,-1,1
32338,84,101,-17,17
32339,88,90,-2,2
32340,132,136,-4,4
32341,93,83,10,10
32342,79,81,-2,2
32343,27,31,-4,4
32344,97,95,2,2
32345,167,152,15,15
32346,146,154,-8,8
32347,45,41,4,4
32348,53,49,4,4
32349,57,59,-2,2
32350,40,44,-4,4
32351,77,79,-2,2
32352,120,115,5,5
32353,87,98,-11,11
32354,189,170,19,19
32355,84,86,-2,2
32356,68,67,1,1
32357,85,89,-4,4
32358,75,80,-5,5
32359,58,58,0,0
32360,67,69,-2,2
32361,58,58,0,0
32362,38,40,-2,2
32363,63,70,-7,7
32364,82,89,-7,7
32365,111,124,-13,13
32366,168,152,16,16
32367,67,67,0,0
32368,92,91,1,1
32369,43,37,6,6
32370,126,115,11,11
32371,94,91,3,3
32372,108,119,-11,11
32373,80,85,-5,5
32374,159,146,13,13
32375,101,83,18,18
32376,71,67,4,4
32377,77,82,-5,5
32378,53,57,-4,4
32379,96,100,-4,4
32380,144,127,17,17
32381,96,98,-2,2
32382,120,122,-2,2
32383,91,87,4,4
32384,57,67,-10,10
32385,95,97,-2,2
32386,114,117,-3,3
32387,115,122,-7,7
32388,63,57,6,6
32389,103,93,10,10
32390,213,198,15,15
32391,82,87,-5,5
32392,113,102,11,11
32393,75,77,-2,2
32394,122,127,-5,5
32395,82,72,10,10
32396,112,102,10,10
32397,114,111,3,3
32398,62,52,10,10
32399,145,130,15,15
32400,153,155,-2,2
32401,102,75,27,27
32402,65,69,-4,4
32403,79,68,11,11
32404,85,85,0,0
32405,69,66,3,3
32406,69,74,-5,5
32407,106,99,7,7
32408,73,70,3,3
32409,95,84,11,11
32410,68,75,-7,7
32411,72,76,-4,4
32412,71,76,-5,5
32413,135,128,7,7
32414,115,109,6,6
32415,75,77,-2,2
32416,57,60,-3,3
32417,33,34,-1,1
32418,73,70,3,3
32419,147,145,2,2
32420,100,100,0,0
32421,81,80,1,1
32422,130,128,2,2
32423,63,64,-1,1
32424,75,78,-3,3
32425,97,103,-6,6
32426,80,84,-4,4
32427,67,67,0,0
32428,135,133,2,2
32429,48,49,-1,1
32430,113,120,-7,7
32431,62,65,-3,3
32432,66,64,2,2
32433,62,56,6,6
32434,140,153,-13,13
32435,82,83,-1,1
32436,86,84,2,2
32437,123,126,-3,3
32438,134,128,6,6
32439,63,67,-4,4
32440,142,132,10,10
32441,63,66,-3,3
32442,94,84,10,10
32443,72,76,-4,4
32444,146,138,8,8
32445,90,73,17,17
32446,57,60,-3,3
32447,51,64,-13,13
32448,64,67,-3,3
32449,80,83,-3,3
32450,105,103,2,2
32451,109,106,3,3
32452,99,107,-8,8
32453,209,191,18,18
32454,82,74,8,8
32455,49,57,-8,8
32456,72,68,4,4
32457,62,63,-1,1
32458,50,55,-5,5
32459,153,151,2,2
32460,140,126,14,14
32461,95,87,8,8
32462,81,77,4,4
32463,114,102,12,12
32464,130,126,4,4
32465,31,39,-8,8
32466,86,92,-6,6
32467,100,105,-5,5
32468,58,58,0,0
32469,58,58,0,0
32470,95,82,13,13
32471,121,122,-1,1
32472,83,82,1,1
32473,152,139,13,13
32474,138,139,-1,1
32475,128,128,0,0
32476,92,102,-10,10
32477,64,72,-8,8
32478,72,78,-6,6
32479,110,113,-3,3
32480,57,57,0,0
32481,99,93,6,6
32482,98,92,6,6
32483,73,84,-11,11
32484,53,58,-5,5
32485,55,66,-11,11
32486,61,63,-2,2
32487,239,216,23,23
32488,86,85,1,1
32489,133,115,18,18
32490,80,84,-4,4
32491,76,69,7,7
32492,79,71,8,8
32493,140,128,12,12
32494,97,100,-3,3
32495,74,63,11,11
32496,142,133,9,9
32497,82,81,1,1
32498,62,61,1,1
32499,101,109,-8,8
32500,69,83,-14,14
32501,171,160,11,11
32502,69,78,-9,9
32503,72,71,1,1
32504,93,88,5,5
32505,78,83,-5,5
32506,68,70,-2,2
32507,54,55,-1,1
32508,110,111,-1,1
32509,69,79,-10,10
32510,92,86,6,6
32511,65,64,1,1
32512,28,27,1,1
32513,65,69,-4,4
32514,69,66,3,3
32515,119,105,14,14
32516,78,74,4,4
32517,75,72,3,3
32518,70,69,1,1
32519,57,68,-11,11
32520,88,87,1,1
32521,80,73,7,7
32522,113,112,1,1
32523,63,68,-5,5
32524,91,87,4,4
32525,141,123,18,18
32526,88,91,-3,3
32527,46,53,-7,7
32528,109,104,5,5
32529,98,99,-1,1
32530,177,168,9,9
32531,142,137,5,5
32532,56,62,-6,6
32533,166,144,22,22
32534,70,68,2,2
32535,64,68,-4,4
32536,70,72,-2,2
32537,66,73,-7,7
32538,104,95,9,9
32539,131,117,14,14
32540,82,83,-1,1
32541,65,66,-1,1
32542,95,94,1,1
32543,79,73,6,6
32544,86,82,4,4
32545,84,81,3,3
32546,103,93,10,10
32547,77,77,0,0
32548,125,118,7,7
32549,122,121,1,1
32550,64,62,2,2
32551,95,105,-10,10
32552,79,81,-2,2
32553,67,64,3,3
32554,160,150,10,10
32555,103,101,2,2
32556,114,109,5,5
32557,74,78,-4,4
32558,123,118,5,5
32559,50,60,-10,10
32560,53,57,-4,4
32561,195,195,0,0
32562,71,74,-3,3
32563,171,147,24,24
32564,90,95,-5,5
32565,75,75,0,0
32566,84,85,-1,1
32567,86,103,-17,17
32568,101,103,-2,2
32569,131,117,14,14
32570,159,140,19,19
32571,52,62,-10,10
32572,119,114,5,5
32573,85,81,4,4
32574,97,94,3,3
32575,73,76,-3,3
32576,54,63,-9,9
32577,73,69,4,4
32578,127,118,9,9
32579,164,162,2,2
32580,104,89,15,15
32581,57,57,0,0
32582,40,49,-9,9
32583,103,102,1,1
32584,149,132,17,17
32585,105,96,9,9
32586,184,165,19,19
32587,74,73,1,1
32588,145,129,16,16
32589,74,79,-5,5
32590,83,95,-12,12
32591,82,73,9,9
32592,85,99,-14,14
32593,133,134,-1,1
32594,68,66,2,2
32595,56,70,-14,14
32596,183,174,9,9
32597,66,63,3,3
32598,115,125,-10,10
32599,86,81,5,5
32600,64,70,-6,6
32601,41,43,-2,2
32602,97,115,-18,18
32603,76,76,0,0
32604,64,69,-5,5
32605,67,68,-1,1
32606,92,84,8,8
32607,86,85,1,1
32608,86,83,3,3
32609,114,113,1,1
32610,134,118,16,16
32611,80,72,8,8
32612,151,169,-18,18
32613,99,96,3,3
32614,144,140,4,4
32615,118,107,11,11
32616,74,76,-2,2
32617,85,75,10,10
32618,51,61,-10,10
32619,57,62,-5,5
32620,152,145,7,7
32621,80,81,-1,1
32622,83,74,9,9
32623,69,65,4,4
32624,126,138,-12,12
32625,178,164,14,14
32626,101,110,-9,9
32627,110,109,1,1
32628,53,60,-7,7
32629,89,95,-6,6
32630,97,100,-3,3
32631,81,76,5,5
32632,87,81,6,6
32633,52,52,0,0
32634,98,90,8,8
32635,109,103,6,6
32636,103,100,3,3
32637,90,74,16,16
32638,73,71,2,2
32639,157,151,6,6
32640,106,98,8,8
32641,144,136,8,8
32642,105,106,-1,1
32643,191,174,17,17
32644,79,73,6,6
32645,113,102,11,11
32646,66,67,-1,1
32647,62,80,-18,18
32648,71,78,-7,7
32649,93,92,1,1
32650,90,78,12,12
32651,81,78,3,3
32652,97,102,-5,5
32653,43,61,-18,18
32654,150,134,16,16
32655,78,74,4,4
32656,122,108,14,14
32657,76,75,1,1
32658,50,60,-10,10
32659,78,98,-20,20
32660,68,78,-10,10
32661,92,82,10,10
32662,65,72,-7,7
32663,112,103,9,9
32664,69,70,-1,1
32665,86,83,3,3
32666,73,70,3,3
32667,99,94,5,5
32668,99,91,8,8
32669,70,75,-5,5
32670,88,82,6,6
32671,66,66,0,0
32672,123,111,12,12
32673,72,63,9,9
32674,120,130,-10,10
32675,51,62,-11,11
32676,68,63,5,5
32677,103,105,-2,2
32678,76,75,1,1
32679,77,84,-7,7
32680,143,153,-10,10
32681,128,128,0,0
32682,87,79,8,8
32683,47,50,-3,3
32684,119,116,3,3
32685,119,115,4,4
32686,52,57,-5,5
32687,123,101,22,22
32688,78,79,-1,1
32689,135,137,-2,2
32690,65,66,-1,1
32691,50,55,-5,5
32692,59,79,-20,20
32693,95,84,11,11
32694,74,84,-10,10
32695,127,111,16,16
32696,135,107,28,28
32697,80,78,2,2
32698,81,85,-4,4
32699,102,99,3,3
32700,131,127,4,4
32701,96,85,11,11
32702,100,102,-2,2
32703,104,101,3,3
32704,112,115,-3,3
32705,103,89,14,14
32706,96,94,2,2
32707,86,80,6,6
32708,130,132,-2,2
32709,47,50,-3,3
32710,118,110,8,8
32711,81,78,3,3
32712,117,94,23,23
32713,77,78,-1,1
32714,129,122,7,7
32715,111,90,21,21
32716,131,122,9,9
32717,67,70,-3,3
32718,66,66,0,0
32719,111,118,-7,7
32720,71,83,-12,12
32721,58,56,2,2
32722,61,78,-17,17
32723,65,64,1,1
32724,91,95,-4,4
32725,126,121,5,5
32726,79,69,10,10
32727,98,88,10,10
32728,83,105,-22,22
32729,46,49,-3,3
32730,71,73,-2,2
32731,56,67,-11,11
32732,74,70,4,4
32733,86,80,6,6
32734,125,119,6,6
32735,71,67,4,4
32736,62,66,-4,4
32737,96,65,31,31
32738,145,125,20,20
32739,73,69,4,4
32740,67,69,-2,2
32741,87,84,3,3
32742,79,69,10,10
32743,93,94,-1,1
32744,72,72,0,0
32745,68,67,1,1
32746,72,72,0,0
32747,132,122,10,10
32748,75,72,3,3
32749,86,86,0,0
32750,101,91,10,10
32751,193,193,0,0
32752,124,118,6,6
32753,96,90,6,6
32754,102,104,-2,2
32755,48,47,1,1
32756,95,84,11,11
32757,172,168,4,4
32758,174,170,4,4
32759,171,151,20,20
32760,64,60,4,4
32761,90,90,0,0
32762,77,79,-2,2
32763,79,77,2,2
32764,82,79,3,3
32765,128,121,7,7
32766,96,99,-3,3
32767,88,85,3,3
32768,78,78,0,0
32769,115,118,-3,3
32770,75,81,-6,6
32771,132,125,7,7
32772,161,148,13,13
32773,117,108,9,9
32774,61,58,3,3
32775,84,72,12,12
32776,102,105,-3,3
32777,108,107,1,1
32778,108,121,-13,13
32779,156,145,11,11
32780,107,103,4,4
32781,74,69,5,5
32782,185,196,-11,11
32783,61,76,-15,15
32784,106,102,4,4
32785,73,77,-4,4
32786,83,74,9,9
32787,53,57,-4,4
32788,216,200,16,16
32789,90,85,5,5
32790,94,104,-10,10
32791,113,119,-6,6
32792,48,50,-2,2
32793,125,140,-15,15
32794,58,59,-1,1
32795,112,107,5,5
32796,91,82,9,9
32797,90,98,-8,8
32798,104,96,8,8
32799,59,66,-7,7
32800,74,77,-3,3
32801,99,107,-8,8
32802,76,81,-5,5
32803,101,97,4,4
32804,143,134,9,9
32805,66,68,-2,2
32806,108,95,13,13
32807,126,120,6,6
32808,102,91,11,11
32809,106,110,-4,4
32810,84,80,4,4
32811,133,128,5,5
32812,68,69,-1,1
32813,133,130,3,3
32814,91,88,3,3
32815,148,145,3,3
32816,131,127,4,4
32817,105,97,8,8
32818,111,128,-17,17
32819,50,54,-4,4
32820,118,106,12,12
32821,56,65,-9,9
32822,76,77,-1,1
32823,141,132,9,9
32824,162,152,10,10
32825,144,146,-2,2
32826,131,140,-9,9
32827,57,51,6,6
32828,105,118,-13,13
32829,74,70,4,4
32830,118,143,-25,25
32831,157,153,4,4
32832,105,101,4,4
32833,90,86,4,4
32834,96,101,-5,5
32835,161,158,3,3
32836,83,79,4,4
32837,145,134,11,11
32838,55,57,-2,2
32839,113,123,-10,10
32840,72,76,-4,4
32841,199,191,8,8
32842,57,69,-12,12
32843,86,86,0,0
32844,124,117,7,7
32845,59,72,-13,13
32846,65,53,12,12
32847,82,79,3,3
32848,127,124,3,3
32849,82,86,-4,4
32850,101,89,12,12
32851,105,99,6,6
32852,94,95,-1,1
32853,125,117,8,8
32854,96,91,5,5
32855,48,52,-4,4
32856,68,73,-5,5
32857,98,98,0,0
32858,152,144,8,8
32859,139,115,24,24
32860,80,85,-5,5
32861,113,110,3,3
32862,102,114,-12,12
32863,94,88,6,6
32864,56,62,-6,6
32865,112,110,2,2
32866,71,69,2,2
32867,163,160,3,3
32868,95,100,-5,5
32869,165,162,3,3
32870,100,102,-2,2
32871,104,96,8,8
32872,68,79,-11,11
32873,152,143,9,9
32874,62,71,-9,9
32875,56,62,-6,6
32876,87,88,-1,1
32877,48,50,-2,2
32878,85,78,7,7
32879,82,97,-15,15
32880,70,88,-18,18
32881,80,77,3,3
32882,100,105,-5,5
32883,158,147,11,11
32884,143,134,9,9
32885,76,73,3,3
32886,64,67,-3,3
32887,121,115,6,6
32888,72,76,-4,4
32889,53,54,-1,1
32890,202,187,15,15
32891,54,57,-3,3
32892,58,58,0,0
32893,125,124,1,1
32894,74,66,8,8
32895,58,100,-42,42
32896,144,142,2,2
32897,124,122,2,2
32898,84,83,1,1
32899,27,64,-37,37
32900,84,76,8,8
32901,176,155,21,21
32902,44,50,-6,6
32903,66,71,-5,5
32904,73,82,-9,9
32905,71,83,-12,12
32906,42,71,-29,29
32907,61,83,-22,22
32908,71,67,4,4
32909,90,99,-9,9
32910,74,70,4,4
32911,109,96,13,13
32912,124,117,7,7
32913,94,90,4,4
32914,158,168,-10,10
32915,97,85,12,12
32916,73,66,7,7
32917,90,99,-9,9
32918,64,63,1,1
32919,144,149,-5,5
32920,104,109,-5,5
32921,186,167,19,19
32922,102,94,8,8
32923,85,82,3,3
32924,96,101,-5,5
32925,122,118,4,4
32926,97,88,9,9
32927,96,92,4,4
32928,50,44,6,6
32929,110,126,-16,16
32930,89,83,6,6
32931,98,91,7,7
32932,123,130,-7,7
32933,53,58,-5,5
32934,114,109,5,5
32935,152,155,-3,3
32936,146,152,-6,6
32937,134,123,11,11
32938,105,109,-4,4
32939,38,78,-40,40
32940,99,94,5,5
32941,107,102,5,5
32942,92,80,12,12
32943,120,120,0,0
32944,129,126,3,3
32945,95,88,7,7
32946,90,86,4,4
32947,103,103,0,0
32948,114,108,6,6
32949,59,65,-6,6
32950,36,63,-27,27
32951,99,97,2,2
32952,76,75,1,1
32953,149,128,21,21
32954,106,87,19,19
32955,61,70,-9,9
32956,47,67,-20,20
32957,158,167,-9,9
32958,54,55,-1,1
32959,50,55,-5,5
32960,98,94,4,4
32961,94,85,9,9
32962,67,68,-1,1
32963,49,51,-2,2
32964,146,140,6,6
32965,135,122,13,13
32966,87,77,10,10
32967,98,101,-3,3
32968,59,59,0,0
32969,86,81,5,5
32970,62,68,-6,6
32971,113,107,6,6
32972,93,91,2,2
32973,75,81,-6,6
32974,83,79,4,4
32975,138,132,6,6
32976,67,70,-3,3
32977,84,75,9,9
32978,117,121,-4,4
32979,64,69,-5,5
32980,80,75,5,5
32981,85,86,-1,1
32982,67,70,-3,3
32983,96,95,1,1
32984,72,73,-1,1
32985,63,77,-14,14
32986,151,133,18,18
32987,49,58,-9,9
32988,103,83,20,20
32989,32,35,-3,3
32990,70,67,3,3
32991,135,136,-1,1
32992,55,59,-4,4
32993,99,100,-1,1
32994,114,115,-1,1
32995,82,75,7,7
32996,119,122,-3,3
32997,104,105,-1,1
32998,123,115,8,8
32999,113,116,-3,3
33000,153,154,-1,1
33001,89,87,2,2
33002,48,70,-22,22
33003,113,104,9,9
33004,83,83,0,0
33005,129,121,8,8
33006,67,75,-8,8
33007,96,89,7,7
33008,92,90,2,2
33009,103,97,6,6
33010,121,106,15,15
33011,48,56,-8,8
33012,98,87,11,11
33013,112,108,4,4
33014,107,109,-2,2
33015,92,80,12,12
33016,72,76,-4,4
33017,86,82,4,4
33018,86,83,3,3
33019,120,112,8,8
33020,65,71,-6,6
33021,86,80,6,6
33022,138,127,11,11
33023,74,81,-7,7
33024,60,65,-5,5
33025,125,114,11,11
33026,61,67,-6,6
33027,99,95,4,4
33028,150,139,11,11
33029,69,68,1,1
33030,41,39,2,2
33031,108,100,8,8
33032,163,167,-4,4
33033,121,113,8,8
33034,72,74,-2,2
33035,109,103,6,6
33036,133,136,-3,3
33037,74,77,-3,3
33038,119,123,-4,4
33039,77,76,1,1
33040,97,107,-10,10
33041,76,77,-1,1
33042,102,94,8,8
33043,88,79,9,9
33044,139,133,6,6
33045,93,88,5,5
33046,171,161,10,10
33047,115,130,-15,15
33048,73,72,1,1
33049,102,97,5,5
33050,97,97,0,0
33051,107,111,-4,4
33052,180,175,5,5
33053,78,76,2,2
33054,279,260,19,19
33055,86,94,-8,8
33056,80,79,1,1
33057,131,137,-6,6
33058,49,55,-6,6
33059,100,94,6,6
33060,53,62,-9,9
33061,116,107,9,9
33062,61,61,0,0
33063,73,66,7,7
33064,70,64,6,6
33065,56,55,1,1
33066,69,69,0,0
33067,76,74,2,2
33068,57,62,-5,5
33069,36,34,2,2
33070,75,83,-8,8
33071,62,60,2,2
33072,78,75,3,3
33073,112,109,3,3
33074,85,79,6,6
33075,164,145,19,19
33076,52,66,-14,14
33077,102,101,1,1
33078,34,37,-3,3
33079,52,55,-3,3
33080,63,77,-14,14
33081,60,62,-2,2
33082,145,140,5,5
33083,74,78,-4,4
33084,106,111,-5,5
33085,53,55,-2,2
33086,114,117,-3,3
33087,135,139,-4,4
33088,119,116,3,3
33089,84,99,-15,15
33090,62,65,-3,3
33091,150,147,3,3
33092,178,198,-20,20
33093,125,124,1,1
33094,125,123,2,2
33095,56,61,-5,5
33096,83,83,0,0
33097,79,92,-13,13
33098,66,68,-2,2
33099,62,64,-2,2
33100,77,79,-2,2
33101,113,113,0,0
33102,119,121,-2,2
33103,100,87,13,13
33104,121,120,1,1
33105,102,98,4,4
33106,106,118,-12,12
33107,67,66,1,1
33108,104,95,9,9
33109,133,132,1,1
33110,138,129,9,9
33111,62,74,-12,12
33112,110,119,-9,9
33113,140,132,8,8
33114,80,75,5,5
33115,103,104,-1,1
33116,114,107,7,7
33117,55,54,1,1
33118,91,87,4,4
33119,38,50,-12,12
33120,89,75,14,14
33121,129,122,7,7
33122,30,66,-36,36
33123,103,97,6,6
33124,100,103,-3,3
33125,87,89,-2,2
33126,99,92,7,7
33127,87,84,3,3
33128,91,92,-1,1
33129,105,98,7,7
33130,104,99,5,5
33131,46,48,-2,2
33132,86,78,8,8
33133,59,77,-18,18
33134,135,138,-3,3
33135,47,50,-3,3
33136,108,91,17,17
33137,108,98,10,10
33138,120,122,-2,2
33139,50,74,-24,24
33140,102,122,-20,20
33141,129,137,-8,8
33142,82,123,-41,41
33143,141,126,15,15
33144,87,81,6,6
33145,108,103,5,5
33146,113,125,-12,12
33147,166,160,6,6
33148,82,79,3,3
33149,34,63,-29,29
33150,57,60,-3,3
33151,128,133,-5,5
33152,86,88,-2,2
33153,70,68,2,2
33154,106,102,4,4
33155,111,109,2,2
33156,89,102,-13,13
33157,28,27,1,1
33158,102,101,1,1
33159,159,137,22,22
33160,170,154,16,16
33161,98,100,-2,2
33162,77,79,-2,2
33163,118,121,-3,3
33164,96,92,4,4
33165,51,61,-10,10
33166,63,60,3,3
33167,70,71,-1,1
33168,99,110,-11,11
33169,58,57,1,1
33170,60,63,-3,3
33171,78,80,-2,2
33172,45,62,-17,17
33173,89,100,-11,11
33174,69,71,-2,2
33175,84,95,-11,11
33176,73,70,3,3
33177,178,161,17,17
33178,63,70,-7,7
33179,108,102,6,6
33180,105,107,-2,2
33181,43,46,-3,3
33182,82,79,3,3
33183,76,79,-3,3
33184,143,126,17,17
33185,91,84,7,7
33186,63,68,-5,5
33187,136,129,7,7
33188,83,76,7,7
33189,128,121,7,7
33190,63,68,-5,5
33191,72,78,-6,6
33192,96,99,-3,3
33193,66,66,0,0
33194,89,102,-13,13
33195,74,67,7,7
33196,69,69,0,0
33197,86,83,3,3
33198,105,100,5,5
33199,92,93,-1,1
33200,49,58,-9,9
33201,151,134,17,17
33202,87,98,-11,11
33203,86,83,3,3
33204,55,55,0,0
33205,113,125,-12,12
33206,96,93,3,3
33207,84,80,4,4
33208,102,100,2,2
33209,85,87,-2,2
33210,141,138,3,3
33211,90,76,14,14
33212,57,59,-2,2
33213,80,85,-5,5
33214,111,105,6,6
33215,82,122,-40,40
33216,85,83,2,2
33217,85,78,7,7
33218,67,68,-1,1
33219,86,81,5,5
33220,102,93,9,9
33221,71,73,-2,2
33222,130,155,-25,25
33223,76,80,-4,4
33224,70,72,-2,2
33225,86,91,-5,5
33226,55,50,5,5
33227,97,98,-1,1
33228,98,118,-20,20
33229,70,63,7,7
33230,102,94,8,8
33231,79,71,8,8
33232,104,98,6,6
33233,70,65,5,5
33234,94,88,6,6
33235,103,104,-1,1
33236,102,110,-8,8
33237,102,96,6,6
33238,67,67,0,0
33239,165,161,4,4
33240,73,93,-20,20
33241,149,134,15,15
33242,92,87,5,5
33243,57,68,-11,11
33244,76,66,10,10
33245,129,121,8,8
33246,66,70,-4,4
33247,132,125,7,7
33248,108,101,7,7
33249,162,174,-12,12
33250,104,99,5,5
33251,98,107,-9,9
33252,81,75,6,6
33253,106,111,-5,5
33254,134,139,-5,5
33255,118,118,0,0
33256,156,138,18,18
33257,73,70,3,3
33258,106,107,-1,1
33259,64,63,1,1
33260,66,64,2,2
33261,126,110,16,16
33262,103,104,-1,1
33263,57,60,-3,3
33264,158,162,-4,4
33265,103,101,2,2
33266,103,103,0,0
33267,172,161,11,11
33268,137,137,0,0
33269,95,87,8,8
33270,127,119,8,8
33271,87,82,5,5
33272,136,118,18,18
33273,51,55,-4,4
33274,95,88,7,7
33275,100,100,0,0
33276,140,131,9,9
33277,102,107,-5,5
33278,69,69,0,0
33279,148,140,8,8
33280,121,136,-15,15
33281,133,132,1,1
33282,106,112,-6,6
33283,95,88,7,7
33284,71,84,-13,13
33285,148,146,2,2
33286,188,179,9,9
33287,111,109,2,2
33288,88,88,0,0
33289,71,83,-12,12
33290,83,87,-4,4
33291,44,50,-6,6
33292,69,69,0,0
33293,44,46,-2,2
33294,111,106,5,5
33295,105,111,-6,6
33296,76,78,-2,2
33297,95,93,2,2
33298,181,177,4,4
33299,128,117,11,11
33300,81,78,3,3
33301,175,155,20,20
33302,57,58,-1,1
33303,70,68,2,2
33304,77,72,5,5
33305,61,63,-2,2
33306,108,109,-1,1
33307,69,75,-6,6
33308,61,65,-4,4
33309,116,110,6,6
33310,50,54,-4,4
33311,95,86,9,9
33312,62,70,-8,8
33313,161,150,11,11
33314,101,103,-2,2
33315,84,82,2,2
33316,87,92,-5,5
33317,71,74,-3,3
33318,56,63,-7,7
33319,77,77,0,0
33320,100,119,-19,19
33321,74,79,-5,5
33322,59,68,-9,9
33323,117,114,3,3
33324,102,99,3,3
33325,97,96,1,1
33326,77,76,1,1
33327,128,133,-5,5
33328,89,86,3,3
33329,67,68,-1,1
33330,69,73,-4,4
33331,104,105,-1,1
33332,55,61,-6,6
33333,62,67,-5,5
33334,101,95,6,6
33335,78,85,-7,7
33336,86,73,13,13
33337,81,78,3,3
33338,104,92,12,12
33339,57,54,3,3
33340,101,91,10,10
33341,84,79,5,5
33342,73,79,-6,6
33343,106,108,-2,2
33344,102,108,-6,6
33345,71,78,-7,7
33346,144,142,2,2
33347,131,117,14,14
33348,82,75,7,7
33349,83,74,9,9
33350,169,163,6,6
33351,70,69,1,1
33352,158,148,10,10
33353,162,135,27,27
33354,104,96,8,8
33355,52,41,11,11
33356,59,58,1,1
33357,70,72,-2,2
33358,112,119,-7,7
33359,106,94,12,12
33360,130,122,8,8
33361,111,102,9,9
33362,117,105,12,12
33363,118,126,-8,8
33364,74,81,-7,7
33365,52,56,-4,4
33366,97,109,-12,12
33367,72,73,-1,1
33368,84,74,10,10
33369,50,53,-3,3
33370,101,100,1,1
33371,52,55,-3,3
33372,85,88,-3,3
33373,90,86,4,4
33374,66,75,-9,9
33375,132,119,13,13
33376,91,94,-3,3
33377,46,53,-7,7
33378,36,43,-7,7
33379,94,94,0,0
33380,65,66,-1,1
33381,85,84,1,1
33382,78,76,2,2
33383,140,147,-7,7
33384,79,80,-1,1
33385,108,106,2,2
33386,84,81,3,3
33387,89,87,2,2
33388,119,111,8,8
33389,52,50,2,2
33390,130,118,12,12
33391,57,51,6,6
33392,128,121,7,7
33393,106,96,10,10
33394,65,61,4,4
33395,75,80,-5,5
33396,153,157,-4,4
33397,42,44,-2,2
33398,70,68,2,2
33399,157,151,6,6
33400,153,144,9,9
33401,93,86,7,7
33402,85,81,4,4
33403,70,79,-9,9
33404,84,86,-2,2
33405,61,61,0,0
33406,80,80,0,0
33407,60,58,2,2
33408,60,63,-3,3
33409,122,118,4,4
33410,87,88,-1,1
33411,207,164,43,43
33412,102,104,-2,2
33413,52,61,-9,9
33414,75,79,-4,4
33415,62,64,-2,2
33416,82,88,-6,6
33417,144,125,19,19
33418,130,134,-4,4
33419,90,77,13,13
33420,71,76,-5,5
33421,77,72,5,5
33422,72,71,1,1
33423,46,49,-3,3
33424,55,66,-11,11
33425,64,101,-37,37
33426,73,69,4,4
33427,76,81,-5,5
33428,100,100,0,0
33429,108,97,11,11
33430,130,122,8,8
33431,136,127,9,9
33432,89,86,3,3
33433,79,88,-9,9
33434,110,101,9,9
33435,125,129,-4,4
33436,79,86,-7,7
33437,32,27,5,5
33438,97,124,-27,27
33439,135,129,6,6
33440,93,93,0,0
33441,111,109,2,2
33442,87,100,-13,13
33443,131,118,13,13
33444,72,70,2,2
33445,72,80,-8,8
33446,192,168,24,24
33447,129,118,11,11
33448,102,97,5,5
33449,86,75,11,11
33450,134,122,12,12
33451,157,155,2,2
33452,75,78,-3,3
33453,93,91,2,2
33454,96,92,4,4
33455,105,103,2,2
33456,110,107,3,3
33457,137,125,12,12
33458,194,187,7,7
33459,82,79,3,3
33460,102,114,-12,12
33461,92,93,-1,1
33462,119,99,20,20
33463,113,107,6,6
33464,85,84,1,1
33465,66,71,-5,5
33466,145,139,6,6
33467,112,111,1,1
33468,133,132,1,1
33469,113,102,11,11
33470,175,145,30,30
33471,113,118,-5,5
33472,59,61,-2,2
33473,97,100,-3,3
33474,74,75,-1,1
33475,53,52,1,1
33476,108,108,0,0
33477,133,120,13,13
33478,46,48,-2,2
33479,135,125,10,10
33480,111,104,7,7
33481,117,108,9,9
33482,69,72,-3,3
33483,175,158,17,17
33484,83,78,5,5
33485,80,82,-2,2
33486,95,102,-7,7
33487,80,79,1,1
33488,71,71,0,0
33489,61,61,0,0
33490,83,83,0,0
33491,168,157,11,11
33492,78,74,4,4
33493,79,84,-5,5
33494,112,119,-7,7
33495,73,74,-1,1
33496,71,87,-16,16
33497,86,85,1,1
33498,105,112,-7,7
33499,103,97,6,6
33500,81,80,1,1
33501,70,72,-2,2
33502,107,96,11,11
33503,150,150,0,0
33504,70,63,7,7
33505,80,85,-5,5
33506,48,60,-12,12
33507,100,107,-7,7
33508,52,61,-9,9
33509,97,98,-1,1
33510,172,164,8,8
33511,28,34,-6,6
33512,42,73,-31,31
33513,120,117,3,3
33514,60,65,-5,5
33515,118,117,1,1
33516,175,161,14,14
33517,69,71,-2,2
33518,50,55,-5,5
33519,90,89,1,1
33520,109,107,2,2
33521,63,72,-9,9
33522,63,64,-1,1
33523,54,58,-4,4
33524,115,116,-1,1
33525,61,64,-3,3
33526,91,92,-1,1
33527,76,90,-14,14
33528,72,79,-7,7
33529,64,68,-4,4
33530,47,45,2,2
33531,67,64,3,3
33532,111,105,6,6
33533,102,130,-28,28
33534,68,64,4,4
33535,101,84,17,17
33536,154,134,20,20
33537,71,75,-4,4
33538,77,75,2,2
33539,74,72,2,2
33540,95,96,-1,1
33541,98,97,1,1
33542,87,80,7,7
33543,134,132,2,2
33544,118,117,1,1
33545,146,143,3,3
33546,82,92,-10,10
33547,85,70,15,15
33548,68,90,-22,22
33549,62,62,0,0
33550,79,68,11,11
33551,33,34,-1,1
33552,130,118,12,12
33553,88,86,2,2
33554,132,128,4,4
33555,69,77,-8,8
33556,98,86,12,12
33557,113,99,14,14
33558,84,84,0,0
33559,78,75,3,3
33560,121,114,7,7
33561,69,69,0,0
33562,70,83,-13,13
33563,89,92,-3,3
33564,97,94,3,3
33565,89,85,4,4
33566,128,122,6,6
33567,149,143,6,6
33568,115,108,7,7
33569,68,68,0,0
33570,44,45,-1,1
33571,36,41,-5,5
33572,64,79,-15,15
33573,75,66,9,9
33574,85,82,3,3
33575,90,91,-1,1
33576,98,115,-17,17
33577,110,99,11,11
33578,91,94,-3,3
33579,179,163,16,16
33580,97,81,16,16
33581,65,70,-5,5
33582,111,118,-7,7
33583,191,164,27,27
33584,181,158,23,23
33585,58,65,-7,7
33586,90,77,13,13
33587,101,91,10,10
33588,164,141,23,23
33589,117,104,13,13
33590,84,90,-6,6
33591,112,104,8,8
33592,117,104,13,13
33593,80,80,0,0
33594,150,137,13,13
33595,94,94,0,0
33596,115,118,-3,3
33597,157,140,17,17
33598,69,75,-6,6
33599,61,62,-1,1
33600,97,96,1,1
33601,74,77,-3,3
33602,90,90,0,0
33603,59,60,-1,1
33604,121,106,15,15
33605,102,89,13,13
33606,107,113,-6,6
33607,102,108,-6,6
33608,256,257,-1,1
33609,75,78,-3,3
33610,80,80,0,0
33611,67,72,-5,5
33612,122,116,6,6
33613,65,62,3,3
33614,74,79,-5,5
33615,86,84,2,2
33616,206,197,9,9
33617,139,141,-2,2
33618,76,75,1,1
33619,186,175,11,11
33620,111,112,-1,1
33621,80,73,7,7
33622,148,143,5,5
33623,76,84,-8,8
33624,123,141,-18,18
33625,79,93,-14,14
33626,118,108,10,10
33627,51,52,-1,1
33628,88,104,-16,16
33629,157,154,3,3
33630,84,88,-4,4
33631,129,120,9,9
33632,131,118,13,13
33633,74,95,-21,21
33634,93,93,0,0
33635,88,88,0,0
33636,74,82,-8,8
33637,102,99,3,3
33638,143,135,8,8
33639,67,65,2,2
33640,197,184,13,13
33641,98,86,12,12
33642,117,104,13,13
33643,120,120,0,0
33644,118,121,-3,3
33645,63,53,10,10
33646,139,140,-1,1
33647,144,147,-3,3
33648,96,87,9,9
33649,110,89,21,21
33650,121,120,1,1
33651,68,79,-11,11
33652,84,106,-22,22
33653,118,114,4,4
33654,96,96,0,0
33655,78,80,-2,2
33656,27,29,-2,2
33657,157,147,10,10
33658,137,126,11,11
33659,107,106,1,1
33660,95,96,-1,1
33661,45,57,-12,12
33662,69,98,-29,29
33663,196,176,20,20
33664,108,93,15,15
33665,88,81,7,7
33666,199,179,20,20
33667,111,114,-3,3
33668,179,160,19,19
33669,157,153,4,4
33670,82,72,10,10
33671,77,71,6,6
33672,56,52,4,4
33673,63,69,-6,6
33674,196,182,14,14
33675,89,93,-4,4
33676,126,119,7,7
33677,39,36,3,3
33678,80,86,-6,6
33679,97,91,6,6
33680,85,80,5,5
33681,58,58,0,0
33682,132,125,7,7
33683,54,68,-14,14
33684,99,94,5,5
33685,91,91,0,0
33686,75,70,5,5
33687,57,70,-13,13
33688,66,71,-5,5
33689,105,112,-7,7
33690,51,50,1,1
33691,134,124,10,10
33692,27,29,-2,2
33693,71,68,3,3
33694,65,64,1,1
33695,112,89,23,23
33696,100,104,-4,4
33697,56,58,-2,2
33698,74,73,1,1
33699,137,129,8,8
33700,96,100,-4,4
33701,113,123,-10,10
33702,56,61,-5,5
33703,91,93,-2,2
33704,179,176,3,3
33705,54,52,2,2
33706,90,92,-2,2
33707,92,89,3,3
33708,87,85,2,2
33709,122,111,11,11
33710,150,134,16,16
33711,90,83,7,7
33712,98,91,7,7
33713,59,64,-5,5
33714,122,120,2,2
33715,150,151,-1,1
33716,74,72,2,2
33717,65,70,-5,5
33718,53,62,-9,9
33719,93,92,1,1
33720,108,100,8,8
33721,70,78,-8,8
33722,135,127,8,8
33723,87,92,-5,5
33724,65,75,-10,10
33725,55,48,7,7
33726,40,42,-2,2
33727,88,82,6,6
33728,168,151,17,17
33729,37,38,-1,1
33730,80,70,10,10
33731,92,80,12,12
33732,157,143,14,14
33733,121,122,-1,1
33734,119,121,-2,2
33735,131,106,25,25
33736,112,100,12,12
33737,71,81,-10,10
33738,73,74,-1,1
33739,99,93,6,6
33740,81,73,8,8
33741,70,73,-3,3
33742,91,83,8,8
33743,63,65,-2,2
33744,65,65,0,0
33745,92,99,-7,7
33746,83,78,5,5
33747,62,68,-6,6
33748,137,131,6,6
33749,194,176,18,18
33750,104,96,8,8
33751,136,132,4,4
33752,149,142,7,7
33753,109,107,2,2
33754,70,69,1,1
33755,121,117,4,4
33756,73,75,-2,2
33757,97,86,11,11
33758,105,96,9,9
33759,131,124,7,7
33760,118,111,7,7
33761,97,90,7,7
33762,49,50,-1,1
33763,110,107,3,3
33764,87,91,-4,4
33765,107,108,-1,1
33766,72,69,3,3
33767,173,165,8,8
33768,117,118,-1,1
33769,91,96,-5,5
33770,93,78,15,15
33771,34,25,9,9
33772,75,70,5,5
33773,110,114,-4,4
33774,76,89,-13,13
33775,122,158,-36,36
33776,94,96,-2,2
33777,60,63,-3,3
33778,96,99,-3,3
33779,92,95,-3,3
33780,155,142,13,13
33781,116,105,11,11
33782,113,110,3,3
33783,70,68,2,2
33784,127,132,-5,5
33785,104,112,-8,8
33786,103,105,-2,2
33787,66,62,4,4
33788,58,63,-5,5
33789,47,59,-12,12
33790,124,126,-2,2
33791,47,42,5,5
33792,134,122,12,12
33793,126,113,13,13
33794,133,133,0,0
33795,101,102,-1,1
33796,48,49,-1,1
33797,69,78,-9,9
33798,62,62,0,0
33799,112,100,12,12
33800,124,128,-4,4
33801,68,67,1,1
33802,70,67,3,3
33803,98,97,1,1
33804,61,77,-16,16
33805,98,105,-7,7
33806,128,116,12,12
33807,112,106,6,6
33808,62,67,-5,5
33809,106,95,11,11
33810,90,81,9,9
33811,57,62,-5,5
33812,127,124,3,3
33813,83,78,5,5
33814,123,118,5,5
33815,99,90,9,9
33816,114,119,-5,5
33817,124,127,-3,3
33818,63,66,-3,3
33819,169,160,9,9
33820,86,83,3,3
33821,97,96,1,1
33822,95,92,3,3
33823,97,96,1,1
33824,120,107,13,13
33825,100,95,5,5
33826,127,132,-5,5
33827,65,68,-3,3
33828,74,76,-2,2
33829,146,140,6,6
33830,93,93,0,0
33831,76,75,1,1
33832,127,121,6,6
33833,61,62,-1,1
33834,81,84,-3,3
33835,132,105,27,27
33836,69,60,9,9
33837,56,70,-14,14
33838,103,100,3,3
33839,110,115,-5,5
33840,102,99,3,3
33841,74,69,5,5
33842,111,114,-3,3
33843,74,74,0,0
33844,58,59,-1,1
33845,96,101,-5,5
33846,67,71,-4,4
33847,57,59,-2,2
33848,104,97,7,7
33849,60,69,-9,9
33850,50,61,-11,11
33851,120,117,3,3
33852,73,73,0,0
33853,45,44,1,1
33854,95,96,-1,1
33855,125,129,-4,4
33856,106,102,4,4
33857,80,74,6,6
33858,138,132,6,6
33859,105,106,-1,1
33860,100,101,-1,1
33861,89,88,1,1
33862,161,140,21,21
33863,115,119,-4,4
33864,109,100,9,9
33865,120,114,6,6
33866,64,63,1,1
33867,85,83,2,2
33868,139,135,4,4
33869,56,66,-10,10
33870,100,102,-2,2
33871,61,65,-4,4
33872,87,89,-2,2
33873,78,72,6,6
33874,135,124,11,11
33875,149,149,0,0
33876,123,118,5,5
33877,114,100,14,14
33878,106,110,-4,4
33879,121,105,16,16
33880,103,117,-14,14
33881,133,132,1,1
33882,83,79,4,4
33883,90,81,9,9
33884,43,43,0,0
33885,195,179,16,16
33886,82,76,6,6
33887,121,117,4,4
33888,77,76,1,1
33889,80,82,-2,2
33890,56,61,-5,5
33891,70,66,4,4
33892,57,57,0,0
33893,98,101,-3,3
33894,85,84,1,1
33895,102,99,3,3
33896,114,101,13,13
33897,153,141,12,12
33898,61,61,0,0
33899,99,97,2,2
33900,77,74,3,3
33901,89,77,12,12
33902,79,73,6,6
33903,108,115,-7,7
33904,102,83,19,19
33905,54,62,-8,8
33906,101,96,5,5
33907,131,123,8,8
33908,56,62,-6,6
33909,110,103,7,7
33910,78,71,7,7
33911,153,142,11,11
33912,73,78,-5,5
33913,105,96,9,9
33914,57,71,-14,14
33915,95,106,-11,11
33916,56,68,-12,12
33917,107,99,8,8
33918,62,79,-17,17
33919,157,150,7,7
33920,94,86,8,8
33921,84,70,14,14
33922,131,127,4,4
33923,75,73,2,2
33924,122,122,0,0
33925,114,122,-8,8
33926,61,59,2,2
33927,137,144,-7,7
33928,72,70,2,2
33929,115,98,17,17
33930,49,84,-35,35
33931,98,89,9,9
33932,114,118,-4,4
33933,79,78,1,1
33934,75,71,4,4
33935,111,93,18,18
33936,84,83,1,1
33937,61,64,-3,3
33938,70,74,-4,4
33939,103,104,-1,1
33940,119,106,13,13
33941,62,65,-3,3
33942,94,82,12,12
33943,161,150,11,11
33944,253,220,33,33
33945,112,114,-2,2
33946,63,72,-9,9
33947,90,82,8,8
33948,124,123,1,1
33949,85,72,13,13
33950,167,162,5,5
33951,115,98,17,17
33952,113,100,13,13
33953,95,93,2,2
33954,93,91,2,2
33955,138,123,15,15
33956,74,75,-1,1
33957,52,59,-7,7
33958,104,100,4,4
33959,143,139,4,4
33960,74,81,-7,7
33961,69,69,0,0
33962,133,136,-3,3
33963,82,77,5,5
33964,98,88,10,10
33965,77,76,1,1
33966,142,144,-2,2
33967,84,86,-2,2
33968,95,101,-6,6
33969,83,77,6,6
33970,114,101,13,13
33971,53,76,-23,23
33972,91,84,7,7
33973,122,128,-6,6
33974,89,111,-22,22
33975,81,85,-4,4
33976,110,113,-3,3
33977,96,88,8,8
33978,119,112,7,7
33979,80,83,-3,3
33980,108,98,10,10
33981,71,70,1,1
33982,80,78,2,2
33983,157,159,-2,2
33984,85,72,13,13
33985,47,56,-9,9
33986,68,59,9,9
33987,86,72,14,14
33988,71,71,0,0
33989,64,63,1,1
33990,65,66,-1,1
33991,155,160,-5,5
33992,108,116,-8,8
33993,188,170,18,18
33994,109,115,-6,6
33995,64,69,-5,5
33996,120,137,-17,17
33997,72,71,1,1
33998,55,60,-5,5
33999,69,68,1,1
34000,186,171,15,15
34001,96,111,-15,15
34002,77,80,-3,3
34003,83,82,1,1
34004,79,73,6,6
34005,55,67,-12,12
34006,155,144,11,11
34007,91,86,5,5
34008,48,58,-10,10
34009,122,119,3,3
34010,75,86,-11,11
34011,109,110,-1,1
34012,110,106,4,4
34013,79,74,5,5
34014,69,68,1,1
34015,78,82,-4,4
34016,129,129,0,0
34017,131,126,5,5
34018,45,50,-5,5
34019,96,93,3,3
34020,105,123,-18,18
34021,128,128,0,0
34022,139,133,6,6
34023,116,104,12,12
34024,81,77,4,4
34025,77,79,-2,2
34026,100,98,2,2
34027,68,65,3,3
34028,70,76,-6,6
34029,222,235,-13,13
34030,22,29,-7,7
34031,121,118,3,3
34032,67,70,-3,3
34033,87,79,8,8
34034,58,57,1,1
34035,69,80,-11,11
34036,71,81,-10,10
34037,54,65,-11,11
34038,60,57,3,3
34039,87,84,3,3
34040,101,94,7,7
34041,61,60,1,1
34042,141,125,16,16
34043,121,125,-4,4
34044,102,96,6,6
34045,78,80,-2,2
34046,96,110,-14,14
34047,56,52,4,4
34048,101,92,9,9
34049,64,68,-4,4
34050,55,64,-9,9
34051,89,78,11,11
34052,84,76,8,8
34053,90,85,5,5
34054,166,152,14,14
34055,85,110,-25,25
34056,94,92,2,2
34057,130,134,-4,4
34058,146,149,-3,3
34059,77,92,-15,15
34060,97,89,8,8
34061,102,96,6,6
34062,150,152,-2,2
34063,104,102,2,2
34064,90,86,4,4
34065,70,72,-2,2
34066,45,45,0,0
34067,76,70,6,6
34068,90,106,-16,16
34069,63,57,6,6
34070,123,120,3,3
34071,91,77,14,14
34072,102,93,9,9
34073,120,113,7,7
34074,48,69,-21,21
34075,42,49,-7,7
34076,85,84,1,1
34077,67,64,3,3
34078,73,62,11,11
34079,67,68,-1,1
34080,87,86,1,1
34081,172,148,24,24
34082,128,135,-7,7
34083,116,116,0,0
34084,102,94,8,8
34085,134,132,2,2
34086,94,103,-9,9
34087,55,58,-3,3
34088,175,178,-3,3
34089,71,72,-1,1
34090,53,59,-6,6
34091,92,98,-6,6
34092,111,104,7,7
34093,120,124,-4,4
34094,107,117,-10,10
34095,48,43,5,5
34096,85,77,8,8
34097,122,141,-19,19
34098,90,95,-5,5
34099,70,65,5,5
34100,63,66,-3,3
34101,110,102,8,8
34102,56,61,-5,5
34103,96,101,-5,5
34104,79,80,-1,1
34105,56,58,-2,2
34106,115,103,12,12
34107,60,68,-8,8
34108,59,61,-2,2
34109,74,73,1,1
34110,110,116,-6,6
34111,99,113,-14,14
34112,106,103,3,3
34113,62,54,8,8
34114,93,90,3,3
34115,59,58,1,1
34116,88,79,9,9
34117,75,89,-14,14
34118,78,71,7,7
34119,67,69,-2,2
34120,118,113,5,5
34121,66,65,1,1
34122,69,69,0,0
34123,110,100,10,10
34124,102,102,0,0
34125,127,125,2,2
34126,99,100,-1,1
34127,127,134,-7,7
34128,97,83,14,14
34129,52,47,5,5
34130,56,63,-7,7
34131,64,64,0,0
34132,111,104,7,7
34133,114,110,4,4
34134,162,145,17,17
34135,56,70,-14,14
34136,35,36,-1,1
34137,83,83,0,0
34138,151,154,-3,3
34139,77,77,0,0
34140,65,71,-6,6
34141,67,67,0,0
34142,81,78,3,3
34143,56,58,-2,2
34144,67,69,-2,2
34145,59,56,3,3
34146,142,121,21,21
34147,79,79,0,0
34148,104,101,3,3
34149,68,70,-2,2
34150,67,74,-7,7
34151,56,59,-3,3
34152,66,67,-1,1
34153,31,26,5,5
34154,121,111,10,10
34155,115,111,4,4
34156,68,65,3,3
34157,103,104,-1,1
34158,71,71,0,0
34159,115,120,-5,5
34160,122,110,12,12
34161,99,90,9,9
34162,112,110,2,2
34163,215,221,-6,6
34164,68,73,-5,5
34165,84,78,6,6
34166,82,80,2,2
34167,82,80,2,2
34168,95,86,9,9
34169,80,80,0,0
34170,121,109,12,12
34171,103,95,8,8
34172,74,75,-1,1
34173,59,60,-1,1
34174,106,100,6,6
34175,62,57,5,5
34176,49,50,-1,1
34177,62,67,-5,5
34178,151,148,3,3
34179,178,152,26,26
34180,96,98,-2,2
34181,91,91,0,0
34182,74,74,0,0
34183,78,82,-4,4
34184,95,118,-23,23
34185,109,105,4,4
34186,59,62,-3,3
34187,64,56,8,8
34188,122,106,16,16
34189,106,107,-1,1
34190,137,131,6,6
34191,79,74,5,5
34192,45,52,-7,7
34193,96,88,8,8
34194,53,53,0,0
34195,121,111,10,10
34196,138,136,2,2
34197,107,99,8,8
34198,90,84,6,6
34199,83,83,0,0
34200,65,66,-1,1
34201,68,74,-6,6
34202,50,52,-2,2
34203,44,70,-26,26
34204,78,81,-3,3
34205,74,76,-2,2
34206,67,66,1,1
34207,116,104,12,12
34208,50,47,3,3
34209,100,90,10,10
34210,52,56,-4,4
34211,70,66,4,4
34212,92,88,4,4
34213,130,122,8,8
34214,139,145,-6,6
34215,96,85,11,11
34216,98,88,10,10
34217,49,46,3,3
34218,90,84,6,6
34219,103,109,-6,6
34220,39,47,-8,8
34221,172,148,24,24
34222,104,97,7,7
34223,63,66,-3,3
34224,78,72,6,6
34225,65,69,-4,4
34226,58,57,1,1
34227,140,138,2,2
34228,95,103,-8,8
34229,77,72,5,5
34230,122,112,10,10
34231,63,52,11,11
34232,26,29,-3,3
34233,78,78,0,0
34234,60,66,-6,6
34235,80,79,1,1
34236,96,95,1,1
34237,62,66,-4,4
34238,77,81,-4,4
34239,101,92,9,9
34240,103,103,0,0
34241,87,90,-3,3
34242,132,128,4,4
34243,223,193,30,30
34244,117,107,10,10
34245,151,137,14,14
34246,87,94,-7,7
34247,103,99,4,4
34248,59,68,-9,9
34249,150,129,21,21
34250,100,90,10,10
34251,92,80,12,12
34252,65,77,-12,12
34253,72,69,3,3
34254,48,47,1,1
34255,114,106,8,8
34256,63,54,9,9
34257,139,133,6,6
34258,86,84,2,2
34259,96,83,13,13
34260,80,78,2,2
34261,126,111,15,15
34262,112,107,5,5
34263,99,110,-11,11
34264,83,74,9,9
34265,62,61,1,1
34266,53,68,-15,15
34267,40,44,-4,4
34268,103,101,2,2
34269,87,88,-1,1
34270,66,67,-1,1
34271,116,104,12,12
34272,107,93,14,14
34273,121,118,3,3
34274,114,99,15,15
34275,111,108,3,3
34276,105,104,1,1
34277,103,104,-1,1
34278,106,91,15,15
34279,126,120,6,6
34280,104,100,4,4
34281,77,74,3,3
34282,114,114,0,0
34283,77,77,0,0
34284,83,81,2,2
34285,78,88,-10,10
34286,81,83,-2,2
34287,64,67,-3,3
34288,134,125,9,9
34289,78,78,0,0
34290,137,129,8,8
34291,80,74,6,6
34292,145,128,17,17
34293,103,108,-5,5
34294,101,95,6,6
34295,87,83,4,4
34296,83,81,2,2
34297,98,86,12,12
34298,133,133,0,0
34299,114,124,-10,10
34300,119,105,14,14
34301,94,88,6,6
34302,85,87,-2,2
34303,162,158,4,4
34304,85,69,16,16
34305,62,61,1,1
34306,83,77,6,6
34307,99,92,7,7
34308,79,81,-2,2
34309,95,97,-2,2
34310,140,139,1,1
34311,165,154,11,11
34312,104,97,7,7
34313,110,123,-13,13
34314,138,174,-36,36
34315,117,130,-13,13
34316,120,115,5,5
34317,67,75,-8,8
34318,82,81,1,1
34319,110,100,10,10
34320,110,100,10,10
34321,63,72,-9,9
34322,54,56,-2,2
34323,128,131,-3,3
34324,90,80,10,10
34325,99,100,-1,1
34326,121,142,-21,21
34327,47,58,-11,11
34328,88,79,9,9
34329,96,87,9,9
34330,83,103,-20,20
34331,91,79,12,12
34332,100,101,-1,1
34333,68,72,-4,4
34334,44,46,-2,2
34335,94,87,7,7
34336,48,53,-5,5
34337,63,63,0,0
34338,114,110,4,4
34339,88,80,8,8
34340,105,98,7,7
34341,67,68,-1,1
34342,61,52,9,9
34343,120,117,3,3
34344,111,101,10,10
34345,102,91,11,11
34346,111,103,8,8
34347,48,46,2,2
34348,102,104,-2,2
34349,101,99,2,2
34350,88,92,-4,4
34351,58,68,-10,10
34352,64,68,-4,4
34353,65,67,-2,2
34354,156,148,8,8
34355,84,81,3,3
34356,169,147,22,22
34357,130,115,15,15
34358,51,62,-11,11
34359,60,58,2,2
34360,109,95,14,14
34361,107,108,-1,1
34362,133,143,-10,10
34363,73,70,3,3
34364,117,112,5,5
34365,105,100,5,5
34366,118,138,-20,20
34367,107,104,3,3
34368,89,82,7,7
34369,130,122,8,8
34370,107,114,-7,7
34371,86,86,0,0
34372,87,91,-4,4
34373,166,154,12,12
34374,91,89,2,2
34375,83,74,9,9
34376,90,92,-2,2
34377,60,70,-10,10
34378,73,76,-3,3
34379,133,118,15,15
34380,131,127,4,4
34381,128,152,-24,24
34382,93,86,7,7
34383,48,55,-7,7
34384,126,105,21,21
34385,62,72,-10,10
34386,50,62,-12,12
34387,70,69,1,1
34388,111,110,1,1
34389,89,82,7,7
34390,94,97,-3,3
34391,38,40,-2,2
34392,76,85,-9,9
34393,92,90,2,2
34394,66,66,0,0
34395,84,80,4,4
34396,72,72,0,0
34397,79,75,4,4
34398,78,77,1,1
34399,61,61,0,0
34400,68,69,-1,1
34401,114,103,11,11
34402,84,84,0,0
34403,51,62,-11,11
34404,96,84,12,12
34405,74,70,4,4
34406,64,74,-10,10
34407,79,76,3,3
34408,89,79,10,10
34409,150,149,1,1
34410,137,120,17,17
34411,62,63,-1,1
34412,120,109,11,11
34413,75,64,11,11
34414,63,68,-5,5
34415,144,147,-3,3
34416,83,74,9,9
34417,71,100,-29,29
34418,125,124,1,1
34419,71,73,-2,2
34420,90,92,-2,2
34421,57,53,4,4
34422,68,76,-8,8
34423,117,106,11,11
34424,142,137,5,5
34425,95,86,9,9
34426,91,94,-3,3
34427,86,87,-1,1
34428,119,123,-4,4
34429,71,77,-6,6
34430,97,87,10,10
34431,92,93,-1,1
34432,86,88,-2,2
34433,48,57,-9,9
34434,50,39,11,11
34435,105,136,-31,31
34436,105,109,-4,4
34437,127,112,15,15
34438,108,106,2,2
34439,71,70,1,1
34440,73,77,-4,4
34441,68,76,-8,8
34442,147,132,15,15
34443,142,145,-3,3
34444,39,43,-4,4
34445,91,79,12,12
34446,79,82,-3,3
34447,84,78,6,6
34448,123,126,-3,3
34449,63,60,3,3
34450,196,183,13,13
34451,161,162,-1,1
34452,152,127,25,25
34453,144,133,11,11
34454,96,97,-1,1
34455,125,127,-2,2
34456,82,74,8,8
34457,128,118,10,10
34458,160,162,-2,2
34459,43,47,-4,4
34460,68,71,-3,3
34461,108,85,23,23
34462,74,73,1,1
34463,52,59,-7,7
34464,107,117,-10,10
34465,64,72,-8,8
34466,89,83,6,6
34467,85,72,13,13
34468,73,77,-4,4
34469,177,183,-6,6
34470,111,105,6,6
34471,67,76,-9,9
34472,76,70,6,6
34473,152,138,14,14
34474,90,91,-1,1
34475,79,76,3,3
34476,99,102,-3,3
34477,78,75,3,3
34478,131,124,7,7
34479,100,91,9,9
34480,74,80,-6,6
34481,99,99,0,0
34482,135,131,4,4
34483,104,106,-2,2
34484,67,67,0,0
34485,102,87,15,15
34486,48,49,-1,1
34487,243,227,16,16
34488,97,93,4,4
34489,112,108,4,4
34490,118,122,-4,4
34491,77,80,-3,3
34492,73,65,8,8
34493,99,100,-1,1
34494,60,79,-19,19
34495,155,152,3,3
34496,125,121,4,4
34497,202,167,35,35
34498,82,89,-7,7
34499,100,94,6,6
34500,78,74,4,4
34501,59,69,-10,10
34502,48,56,-8,8
34503,121,122,-1,1
34504,128,122,6,6
34505,96,103,-7,7
34506,133,120,13,13
34507,107,104,3,3
34508,106,99,7,7
34509,111,126,-15,15
34510,48,72,-24,24
34511,79,92,-13,13
34512,121,107,14,14
34513,147,139,8,8
34514,113,111,2,2
34515,58,58,0,0
34516,93,82,11,11
34517,109,106,3,3
34518,85,86,-1,1
34519,69,77,-8,8
34520,70,71,-1,1
34521,81,89,-8,8
34522,47,48,-1,1
34523,121,110,11,11
34524,151,131,20,20
34525,80,80,0,0
34526,60,60,0,0
34527,133,127,6,6
34528,65,69,-4,4
34529,162,159,3,3
34530,73,71,2,2
34531,108,100,8,8
34532,87,81,6,6
34533,101,106,-5,5
34534,90,87,3,3
34535,130,144,-14,14
34536,133,123,10,10
34537,139,135,4,4
34538,95,100,-5,5
34539,96,94,2,2
34540,66,69,-3,3
34541,69,76,-7,7
34542,69,70,-1,1
34543,86,81,5,5
34544,95,92,3,3
34545,91,84,7,7
34546,189,162,27,27
34547,109,106,3,3
34548,63,63,0,0
34549,156,154,2,2
34550,64,63,1,1
34551,117,109,8,8
34552,55,52,3,3
34553,115,119,-4,4
34554,103,95,8,8
34555,155,145,10,10
34556,78,76,2,2
34557,159,164,-5,5
34558,73,67,6,6
34559,188,178,10,10
34560,150,151,-1,1
34561,103,92,11,11
34562,80,80,0,0
34563,92,92,0,0
34564,121,121,0,0
34565,113,116,-3,3
34566,106,100,6,6
34567,72,67,5,5
34568,120,117,3,3
34569,49,55,-6,6
34570,124,128,-4,4
34571,82,81,1,1
34572,145,156,-11,11
34573,61,61,0,0
34574,108,103,5,5
34575,53,57,-4,4
34576,117,109,8,8
34577,88,86,2,2
34578,122,97,25,25
34579,56,55,1,1
34580,161,147,14,14
34581,115,110,5,5
34582,100,100,0,0
34583,149,148,1,1
34584,126,117,9,9
34585,74,82,-8,8
34586,124,117,7,7
34587,101,98,3,3
34588,83,94,-11,11
34589,105,99,6,6
34590,143,135,8,8
34591,153,147,6,6
34592,54,57,-3,3
34593,52,64,-12,12
34594,87,83,4,4
34595,63,66,-3,3
34596,84,87,-3,3
34597,96,92,4,4
34598,59,68,-9,9
34599,141,133,8,8
34600,121,109,12,12
34601,21,21,0,0
34602,93,85,8,8
34603,126,126,0,0
34604,91,86,5,5
34605,126,120,6,6
34606,79,74,5,5
34607,133,135,-2,2
34608,72,77,-5,5
34609,117,99,18,18
34610,51,62,-11,11
34611,92,87,5,5
34612,78,81,-3,3
34613,70,74,-4,4
34614,77,77,0,0
34615,94,83,11,11
34616,75,76,-1,1
34617,93,92,1,1
34618,75,65,10,10
34619,149,145,4,4
34620,99,100,-1,1
34621,94,106,-12,12
34622,98,88,10,10
34623,68,69,-1,1
34624,101,142,-41,41
34625,115,104,11,11
34626,87,81,6,6
34627,100,111,-11,11
34628,80,86,-6,6
34629,133,122,11,11
34630,54,57,-3,3
34631,164,157,7,7
34632,98,96,2,2
34633,75,78,-3,3
34634,77,71,6,6
34635,126,121,5,5
34636,124,118,6,6
34637,89,87,2,2
34638,77,78,-1,1
34639,162,150,12,12
34640,129,114,15,15
34641,126,123,3,3
34642,90,81,9,9
34643,145,137,8,8
34644,59,68,-9,9
34645,79,75,4,4
34646,100,86,14,14
34647,136,129,7,7
34648,53,65,-12,12
34649,109,101,8,8
34650,79,77,2,2
34651,111,106,5,5
34652,172,139,33,33
34653,142,138,4,4
34654,81,79,2,2
34655,100,97,3,3
34656,71,71,0,0
34657,37,44,-7,7
34658,91,87,4,4
34659,85,81,4,4
34660,96,95,1,1
34661,96,92,4,4
34662,72,67,5,5
34663,58,59,-1,1
34664,128,136,-8,8
34665,90,79,11,11
34666,79,77,2,2
34667,57,54,3,3
34668,164,142,22,22
34669,147,118,29,29
34670,42,51,-9,9
34671,92,102,-10,10
34672,73,75,-2,2
34673,80,79,1,1
34674,82,78,4,4
34675,82,81,1,1
34676,124,118,6,6
34677,87,91,-4,4
34678,93,91,2,2
34679,151,132,19,19
34680,88,83,5,5
34681,99,91,8,8
34682,104,102,2,2
34683,80,80,0,0
34684,91,81,10,10
34685,116,133,-17,17
34686,136,125,11,11
34687,76,109,-33,33
34688,125,130,-5,5
34689,99,93,6,6
34690,112,119,-7,7
34691,103,114,-11,11
34692,152,142,10,10
34693,122,116,6,6
34694,74,74,0,0
34695,106,105,1,1
34696,76,73,3,3
34697,59,65,-6,6
34698,100,121,-21,21
34699,58,63,-5,5
34700,69,73,-4,4
34701,120,126,-6,6
34702,74,72,2,2
34703,55,57,-2,2
34704,89,86,3,3
34705,79,73,6,6
34706,137,141,-4,4
34707,81,80,1,1
34708,64,77,-13,13
34709,170,165,5,5
34710,69,70,-1,1
34711,72,70,2,2
34712,73,70,3,3
34713,66,75,-9,9
34714,114,110,4,4
34715,96,104,-8,8
34716,67,67,0,0
34717,83,81,2,2
34718,72,70,2,2
34719,150,146,4,4
34720,56,52,4,4
34721,66,70,-4,4
34722,53,64,-11,11
34723,169,150,19,19
34724,66,70,-4,4
34725,105,111,-6,6
34726,101,98,3,3
34727,78,81,-3,3
34728,130,125,5,5
34729,140,131,9,9
34730,91,105,-14,14
34731,89,80,9,9
34732,73,75,-2,2
34733,111,106,5,5
34734,111,112,-1,1
34735,154,140,14,14
34736,56,62,-6,6
34737,136,126,10,10
34738,101,88,13,13
34739,120,122,-2,2
34740,62,55,7,7
34741,105,104,1,1
34742,76,78,-2,2
34743,161,160,1,1
34744,88,92,-4,4
34745,51,56,-5,5
34746,108,108,0,0
34747,101,97,4,4
34748,74,75,-1,1
34749,189,166,23,23
34750,46,48,-2,2
34751,58,61,-3,3
34752,100,88,12,12
34753,171,145,26,26
34754,45,46,-1,1
34755,87,71,16,16
34756,57,56,1,1
34757,137,122,15,15
34758,72,74,-2,2
34759,115,110,5,5
34760,98,93,5,5
34761,58,66,-8,8
34762,87,110,-23,23
34763,79,75,4,4
34764,79,72,7,7
34765,67,68,-1,1
34766,32,35,-3,3
34767,76,77,-1,1
34768,80,70,10,10
34769,106,93,13,13
34770,54,65,-11,11
34771,75,78,-3,3
34772,149,140,9,9
34773,110,98,12,12
34774,106,108,-2,2
34775,130,128,2,2
34776,49,52,-3,3
34777,119,124,-5,5
34778,75,77,-2,2
34779,89,85,4,4
34780,63,60,3,3
34781,64,52,12,12
34782,116,114,2,2
34783,79,71,8,8
34784,92,97,-5,5
34785,70,76,-6,6
34786,120,117,3,3
34787,165,157,8,8
34788,187,185,2,2
34789,82,77,5,5
34790,53,66,-13,13
34791,88,85,3,3
34792,75,72,3,3
34793,66,64,2,2
34794,80,78,2,2
34795,113,101,12,12
34796,48,42,6,6
34797,52,52,0,0
34798,169,160,9,9
34799,100,107,-7,7
34800,71,82,-11,11
34801,103,113,-10,10
34802,127,123,4,4
34803,132,140,-8,8
34804,136,132,4,4
34805,67,61,6,6
34806,127,130,-3,3
34807,142,141,1,1
34808,114,117,-3,3
34809,71,76,-5,5
34810,77,76,1,1
34811,86,95,-9,9
34812,166,145,21,21
34813,116,112,4,4
34814,42,41,1,1
34815,91,81,10,10
34816,81,76,5,5
34817,109,102,7,7
34818,164,162,2,2
34819,119,123,-4,4
34820,79,72,7,7
34821,122,117,5,5
34822,67,71,-4,4
34823,96,88,8,8
34824,81,80,1,1
34825,110,84,26,26
34826,142,138,4,4
34827,30,34,-4,4
34828,102,103,-1,1
34829,128,117,11,11
34830,127,132,-5,5
34831,55,90,-35,35
34832,125,154,-29,29
34833,85,87,-2,2
34834,82,85,-3,3
34835,99,105,-6,6
34836,142,145,-3,3
34837,99,108,-9,9
34838,96,103,-7,7
34839,87,100,-13,13
34840,76,71,5,5
34841,95,103,-8,8
34842,61,65,-4,4
34843,58,67,-9,9
34844,88,86,2,2
34845,87,96,-9,9
34846,89,86,3,3
34847,100,90,10,10
34848,87,87,0,0
34849,86,82,4,4
34850,43,54,-11,11
34851,33,35,-2,2
34852,97,92,5,5
34853,130,120,10,10
34854,149,135,14,14
34855,139,124,15,15
34856,71,74,-3,3
34857,53,66,-13,13
34858,69,63,6,6
34859,114,101,13,13
34860,60,70,-10,10
34861,53,56,-3,3
34862,80,75,5,5
34863,75,65,10,10
34864,101,117,-16,16
34865,147,144,3,3
34866,100,88,12,12
34867,112,119,-7,7
34868,61,62,-1,1
34869,68,69,-1,1
34870,41,60,-19,19
34871,72,76,-4,4
34872,69,82,-13,13
34873,135,124,11,11
34874,112,110,2,2
34875,63,64,-1,1
34876,83,79,4,4
34877,74,76,-2,2
34878,85,88,-3,3
34879,91,81,10,10
34880,150,150,0,0
34881,96,89,7,7
34882,61,86,-25,25
34883,51,69,-18,18
34884,61,65,-4,4
34885,143,159,-16,16
34886,64,68,-4,4
34887,59,60,-1,1
34888,67,80,-13,13
34889,65,79,-14,14
34890,142,129,13,13
34891,66,68,-2,2
34892,73,78,-5,5
34893,107,104,3,3
34894,112,97,15,15
34895,104,103,1,1
34896,46,51,-5,5
34897,83,74,9,9
34898,89,83,6,6
34899,73,66,7,7
34900,59,61,-2,2
34901,59,59,0,0
34902,112,106,6,6
34903,75,80,-5,5
34904,68,73,-5,5
34905,80,90,-10,10
34906,70,78,-8,8
34907,77,77,0,0
34908,49,52,-3,3
34909,91,84,7,7
34910,65,60,5,5
34911,77,75,2,2
34912,130,118,12,12
34913,77,77,0,0
34914,175,175,0,0
34915,103,110,-7,7
34916,79,76,3,3
34917,74,70,4,4
34918,98,104,-6,6
34919,111,111,0,0
34920,105,117,-12,12
34921,106,107,-1,1
34922,43,45,-2,2
34923,91,96,-5,5
34924,88,86,2,2
34925,121,114,7,7
34926,111,103,8,8
34927,65,68,-3,3
34928,63,59,4,4
34929,91,96,-5,5
34930,70,74,-4,4
34931,117,106,11,11
34932,56,64,-8,8
34933,153,152,1,1
34934,135,132,3,3
34935,66,67,-1,1
34936,97,99,-2,2
34937,94,99,-5,5
34938,79,78,1,1
34939,89,80,9,9
34940,117,109,8,8
34941,50,52,-2,2
34942,172,176,-4,4
34943,71,77,-6,6
34944,94,95,-1,1
34945,146,146,0,0
34946,57,60,-3,3
34947,91,92,-1,1
34948,44,48,-4,4
34949,124,120,4,4
34950,117,102,15,15
34951,93,83,10,10
34952,100,103,-3,3
34953,167,157,10,10
34954,97,93,4,4
34955,117,110,7,7
34956,142,132,10,10
34957,62,65,-3,3
34958,99,102,-3,3
34959,83,83,0,0
34960,61,69,-8,8
34961,80,83,-3,3
34962,85,79,6,6
34963,102,102,0,0
34964,127,130,-3,3
34965,123,128,-5,5
34966,117,113,4,4
34967,102,115,-13,13
34968,100,94,6,6
34969,105,99,6,6
34970,116,99,17,17
34971,104,109,-5,5
34972,70,69,1,1
34973,71,75,-4,4
34974,59,72,-13,13
34975,86,81,5,5
34976,121,101,20,20
34977,104,96,8,8
34978,93,85,8,8
34979,78,79,-1,1
34980,124,117,7,7
34981,83,84,-1,1
34982,126,121,5,5
34983,91,87,4,4
34984,89,101,-12,12
34985,79,72,7,7
34986,110,109,1,1
34987,80,79,1,1
34988,116,114,2,2
34989,133,117,16,16
34990,91,98,-7,7
34991,94,83,11,11
34992,160,146,14,14
34993,107,114,-7,7
34994,61,69,-8,8
34995,74,67,7,7
34996,80,79,1,1
34997,50,59,-9,9
34998,98,99,-1,1
34999,47,51,-4,4
35000,63,82,-19,19
35001,92,96,-4,4
35002,97,93,4,4
35003,101,104,-3,3
35004,48,59,-11,11
35005,114,114,0,0
35006,106,102,4,4
35007,98,92,6,6
35008,133,130,3,3
35009,98,83,15,15
35010,41,42,-1,1
35011,85,84,1,1
35012,102,103,-1,1
35013,97,85,12,12
35014,49,53,-4,4
35015,50,59,-9,9
35016,86,90,-4,4
35017,96,105,-9,9
35018,110,99,11,11
35019,95,95,0,0
35020,89,80,9,9
35021,92,86,6,6
35022,109,104,5,5
35023,75,77,-2,2
35024,61,54,7,7
35025,82,89,-7,7
35026,88,90,-2,2
35027,139,136,3,3
35028,67,80,-13,13
35029,106,105,1,1
35030,108,107,1,1
35031,80,84,-4,4
35032,78,83,-5,5
35033,87,85,2,2
35034,57,60,-3,3
35035,63,64,-1,1
35036,105,94,11,11
35037,129,112,17,17
35038,65,64,1,1
35039,93,90,3,3
35040,50,49,1,1
35041,30,39,-9,9
35042,81,76,5,5
35043,55,67,-12,12
35044,76,75,1,1
35045,135,120,15,15
35046,55,61,-6,6
35047,140,140,0,0
35048,92,82,10,10
35049,124,122,2,2
35050,100,100,0,0
35051,40,39,1,1
35052,50,48,2,2
35053,85,84,1,1
35054,87,95,-8,8
35055,136,126,10,10
35056,65,68,-3,3
35057,97,82,15,15
35058,80,77,3,3
35059,99,99,0,0
35060,69,73,-4,4
35061,97,101,-4,4
35062,65,63,2,2
35063,67,71,-4,4
35064,108,107,1,1
35065,105,109,-4,4
35066,98,86,12,12
35067,73,72,1,1
35068,87,84,3,3
35069,80,72,8,8
35070,115,117,-2,2
35071,129,113,16,16
35072,62,65,-3,3
35073,141,128,13,13
35074,165,156,9,9
35075,167,159,8,8
35076,128,115,13,13
35077,163,146,17,17
35078,49,65,-16,16
35079,73,78,-5,5
35080,117,160,-43,43
35081,182,164,18,18
35082,91,80,11,11
35083,73,78,-5,5
35084,130,129,1,1
35085,92,88,4,4
35086,164,139,25,25
35087,100,112,-12,12
35088,106,109,-3,3
35089,155,157,-2,2
35090,84,84,0,0
35091,115,119,-4,4
35092,74,76,-2,2
35093,62,59,3,3
35094,76,78,-2,2
35095,82,88,-6,6
35096,116,105,11,11
35097,84,81,3,3
35098,61,68,-7,7
35099,155,140,15,15
35100,87,144,-57,57
35101,118,118,0,0
35102,126,128,-2,2
35103,123,122,1,1
35104,72,78,-6,6
35105,106,103,3,3
35106,119,110,9,9
35107,79,78,1,1
35108,70,83,-13,13
35109,129,115,14,14
35110,93,81,12,12
35111,98,85,13,13
35112,164,170,-6,6
35113,110,114,-4,4
35114,108,105,3,3
35115,79,77,2,2
35116,140,141,-1,1
35117,81,86,-5,5
35118,84,86,-2,2
35119,64,60,4,4
35120,101,99,2,2
35121,65,71,-6,6
35122,71,81,-10,10
35123,66,72,-6,6
35124,81,81,0,0
35125,82,92,-10,10
35126,101,107,-6,6
35127,95,97,-2,2
35128,95,97,-2,2
35129,177,172,5,5
35130,148,153,-5,5
35131,83,85,-2,2
35132,79,76,3,3
35133,87,79,8,8
35134,120,117,3,3
35135,140,162,-22,22
35136,117,113,4,4
35137,88,85,3,3
35138,79,71,8,8
35139,89,96,-7,7
35140,83,75,8,8
35141,79,91,-12,12
35142,118,117,1,1
35143,79,82,-3,3
35144,95,86,9,9
35145,62,61,1,1
35146,67,72,-5,5
35147,63,67,-4,4
35148,99,84,15,15
35149,164,159,5,5
35150,71,63,8,8
35151,49,47,2,2
35152,88,85,3,3
35153,93,90,3,3
35154,90,85,5,5
35155,96,81,15,15
35156,91,88,3,3
35157,41,40,1,1
35158,94,92,2,2
35159,58,55,3,3
35160,87,86,1,1
35161,100,93,7,7
35162,117,116,1,1
35163,106,101,5,5
35164,65,75,-10,10
35165,126,125,1,1
35166,92,92,0,0
35167,78,84,-6,6
35168,98,94,4,4
35169,102,116,-14,14
35170,115,101,14,14
35171,93,86,7,7
35172,48,58,-10,10
35173,64,69,-5,5
35174,168,174,-6,6
35175,95,82,13,13
35176,125,120,5,5
35177,128,139,-11,11
35178,137,118,19,19
35179,62,55,7,7
35180,76,74,2,2
35181,66,66,0,0
35182,50,57,-7,7
35183,98,91,7,7
35184,101,106,-5,5
35185,77,77,0,0
35186,97,99,-2,2
35187,116,108,8,8
35188,118,108,10,10
35189,157,156,1,1
35190,48,54,-6,6
35191,86,86,0,0
35192,79,96,-17,17
35193,93,84,9,9
35194,58,61,-3,3
35195,65,67,-2,2
35196,203,184,19,19
35197,59,61,-2,2
35198,103,97,6,6
35199,35,33,2,2
35200,95,100,-5,5
35201,89,91,-2,2
35202,122,113,9,9
35203,97,91,6,6
35204,84,81,3,3
35205,146,125,21,21
35206,129,117,12,12
35207,76,81,-5,5
35208,79,77,2,2
35209,92,88,4,4
35210,82,72,10,10
35211,111,102,9,9
35212,88,80,8,8
35213,155,148,7,7
35214,75,69,6,6
35215,109,105,4,4
35216,64,60,4,4
35217,76,72,4,4
35218,114,117,-3,3
35219,84,79,5,5
35220,90,84,6,6
35221,49,50,-1,1
35222,103,104,-1,1
35223,140,136,4,4
35224,64,66,-2,2
35225,171,170,1,1
35226,89,85,4,4
35227,57,64,-7,7
35228,99,79,20,20
35229,62,66,-4,4
35230,191,179,12,12
35231,108,99,9,9
35232,116,112,4,4
35233,157,145,12,12
35234,98,115,-17,17
35235,167,169,-2,2
35236,89,80,9,9
35237,65,69,-4,4
35238,103,102,1,1
35239,107,103,4,4
35240,66,63,3,3
35241,137,128,9,9
35242,68,65,3,3
35243,64,59,5,5
35244,137,127,10,10
35245,101,99,2,2
35246,120,112,8,8
35247,99,103,-4,4
35248,58,66,-8,8
35249,93,97,-4,4
35250,48,70,-22,22
35251,96,119,-23,23
35252,68,72,-4,4
35253,95,98,-3,3
35254,117,105,12,12
35255,61,70,-9,9
35256,122,121,1,1
35257,77,85,-8,8
35258,69,76,-7,7
35259,105,98,7,7
35260,126,128,-2,2
35261,67,60,7,7
35262,122,119,3,3
35263,96,90,6,6
35264,188,168,20,20
35265,72,64,8,8
35266,122,113,9,9
35267,53,59,-6,6
35268,49,62,-13,13
35269,131,117,14,14
35270,118,102,16,16
35271,68,61,7,7
35272,84,86,-2,2
35273,80,83,-3,3
35274,95,106,-11,11
35275,54,55,-1,1
35276,80,83,-3,3
35277,55,62,-7,7
35278,50,47,3,3
35279,141,136,5,5
35280,118,110,8,8
35281,64,68,-4,4
35282,132,118,14,14
35283,81,77,4,4
35284,49,45,4,4
35285,86,82,4,4
35286,107,105,2,2
35287,123,122,1,1
35288,109,99,10,10
35289,121,116,5,5
35290,89,92,-3,3
35291,57,64,-7,7
35292,123,114,9,9
35293,102,107,-5,5
35294,143,128,15,15
35295,57,59,-2,2
35296,84,78,6,6
35297,73,69,4,4
35298,124,123,1,1
35299,86,78,8,8
35300,128,125,3,3
35301,146,129,17,17
35302,92,85,7,7
35303,68,77,-9,9
35304,88,89,-1,1
35305,147,145,2,2
35306,134,133,1,1
35307,91,92,-1,1
35308,137,129,8,8
35309,130,130,0,0
35310,103,98,5,5
35311,78,87,-9,9
35312,85,79,6,6
35313,57,57,0,0
35314,159,144,15,15
35315,80,83,-3,3
35316,113,123,-10,10
35317,152,137,15,15
35318,163,149,14,14
35319,137,118,19,19
35320,116,119,-3,3
35321,144,135,9,9
35322,61,68,-7,7
35323,158,145,13,13
35324,120,147,-27,27
35325,64,68,-4,4
35326,106,101,5,5
35327,60,67,-7,7
35328,87,92,-5,5
35329,72,65,7,7
35330,92,96,-4,4
35331,164,151,13,13
35332,121,126,-5,5
35333,63,66,-3,3
35334,108,107,1,1
35335,70,68,2,2
35336,66,73,-7,7
35337,81,129,-48,48
35338,84,81,3,3
35339,69,70,-1,1
35340,161,161,0,0
35341,73,70,3,3
35342,62,60,2,2
35343,66,69,-3,3
35344,80,83,-3,3
35345,110,125,-15,15
35346,145,135,10,10
35347,32,60,-28,28
35348,62,70,-8,8
35349,191,185,6,6
35350,84,82,2,2
35351,96,87,9,9
35352,87,76,11,11
35353,54,59,-5,5
35354,85,83,2,2
35355,118,107,11,11
35356,52,51,1,1
35357,102,83,19,19
35358,66,70,-4,4
35359,151,152,-1,1
35360,129,137,-8,8
35361,61,56,5,5
35362,102,107,-5,5
35363,88,91,-3,3
35364,61,70,-9,9
35365,77,79,-2,2
35366,79,80,-1,1
35367,110,103,7,7
35368,96,90,6,6
35369,74,73,1,1
35370,120,117,3,3
35371,134,128,6,6
35372,66,67,-1,1
35373,61,59,2,2
35374,130,121,9,9
35375,60,65,-5,5
35376,66,68,-2,2
35377,115,110,5,5
35378,99,91,8,8
35379,55,53,2,2
35380,104,93,11,11
35381,104,102,2,2
35382,97,101,-4,4
35383,48,52,-4,4
35384,51,56,-5,5
35385,51,42,9,9
35386,80,79,1,1
35387,57,56,1,1
35388,77,59,18,18
35389,128,121,7,7
35390,141,140,1,1
35391,77,74,3,3
35392,132,129,3,3
35393,110,105,5,5
35394,43,34,9,9
35395,110,114,-4,4
35396,85,76,9,9
35397,92,96,-4,4
35398,49,51,-2,2
35399,69,70,-1,1
35400,64,67,-3,3
35401,82,76,6,6
35402,59,70,-11,11
35403,69,68,1,1
35404,66,68,-2,2
35405,92,87,5,5
35406,101,85,16,16
35407,62,73,-11,11
35408,126,112,14,14
35409,119,120,-1,1
35410,117,102,15,15
35411,162,152,10,10
35412,100,97,3,3
35413,107,115,-8,8
35414,49,60,-11,11
35415,75,76,-1,1
35416,85,80,5,5
35417,87,71,16,16
35418,58,52,6,6
35419,86,105,-19,19
35420,54,58,-4,4
35421,149,146,3,3
35422,99,90,9,9
35423,118,116,2,2
35424,88,89,-1,1
35425,128,142,-14,14
35426,121,120,1,1
35427,62,64,-2,2
35428,32,34,-2,2
35429,152,138,14,14
35430,58,58,0,0
35431,77,82,-5,5
35432,127,110,17,17
35433,109,103,6,6
35434,116,114,2,2
35435,83,85,-2,2
35436,70,79,-9,9
35437,101,89,12,12
35438,70,68,2,2
35439,117,105,12,12
35440,93,97,-4,4
35441,72,76,-4,4
35442,131,133,-2,2
35443,64,69,-5,5
35444,160,154,6,6
35445,86,76,10,10
35446,84,86,-2,2
35447,56,58,-2,2
35448,94,85,9,9
35449,149,133,16,16
35450,128,115,13,13
35451,97,105,-8,8
35452,178,168,10,10
35453,102,97,5,5
35454,53,56,-3,3
35455,124,111,13,13
35456,79,82,-3,3
35457,136,148,-12,12
35458,71,78,-7,7
35459,54,52,2,2
35460,97,89,8,8
35461,72,76,-4,4
35462,169,149,20,20
35463,80,76,4,4
35464,53,63,-10,10
35465,64,59,5,5
35466,52,54,-2,2
35467,38,49,-11,11
35468,78,76,2,2
35469,160,78,82,82
35470,113,104,9,9
35471,90,92,-2,2
35472,63,61,2,2
35473,79,84,-5,5
35474,56,61,-5,5
35475,241,234,7,7
35476,68,71,-3,3
35477,145,145,0,0
35478,69,67,2,2
35479,107,101,6,6
35480,79,81,-2,2
35481,123,122,1,1
35482,97,86,11,11
35483,77,74,3,3
35484,66,137,-71,71
35485,83,79,4,4
35486,82,83,-1,1
35487,78,78,0,0
35488,89,83,6,6
35489,76,66,10,10
35490,61,66,-5,5
35491,116,110,6,6
35492,128,133,-5,5
35493,130,128,2,2
35494,46,49,-3,3
35495,105,102,3,3
35496,150,127,23,23
35497,156,155,1,1
35498,69,70,-1,1
35499,89,83,6,6
35500,77,73,4,4
35501,123,122,1,1
35502,97,90,7,7
35503,87,78,9,9
35504,80,78,2,2
35505,79,79,0,0
35506,58,67,-9,9
35507,53,52,1,1
35508,105,108,-3,3
35509,74,79,-5,5
35510,101,103,-2,2
35511,56,58,-2,2
35512,115,107,8,8
35513,141,147,-6,6
35514,116,108,8,8
35515,47,46,1,1
35516,43,43,0,0
35517,80,82,-2,2
35518,91,95,-4,4
35519,75,85,-10,10
35520,114,103,11,11
35521,79,81,-2,2
35522,106,97,9,9
35523,69,60,9,9
35524,87,75,12,12
35525,118,124,-6,6
35526,84,84,0,0
35527,90,94,-4,4
35528,97,87,10,10
35529,57,58,-1,1
35530,132,127,5,5
35531,90,107,-17,17
35532,108,113,-5,5
35533,132,119,13,13
35534,76,82,-6,6
35535,38,35,3,3
35536,52,54,-2,2
35537,68,63,5,5
35538,141,141,0,0
35539,90,90,0,0
35540,72,67,5,5
35541,74,69,5,5
35542,89,84,5,5
35543,72,70,2,2
35544,78,63,15,15
35545,67,67,0,0
35546,94,88,6,6
35547,65,65,0,0
35548,75,74,1,1
35549,76,83,-7,7
35550,78,71,7,7
35551,70,72,-2,2
35552,124,111,13,13
35553,123,118,5,5
35554,185,171,14,14
35555,126,108,18,18
35556,104,102,2,2
35557,79,78,1,1
35558,74,61,13,13
35559,82,79,3,3
35560,47,52,-5,5
35561,40,42,-2,2
35562,102,101,1,1
35563,68,74,-6,6
35564,95,99,-4,4
35565,111,102,9,9
35566,74,75,-1,1
35567,63,72,-9,9
35568,118,115,3,3
35569,181,165,16,16
35570,63,68,-5,5
35571,73,73,0,0
35572,76,80,-4,4
35573,80,78,2,2
35574,99,100,-1,1
35575,83,89,-6,6
35576,48,48,0,0
35577,140,124,16,16
35578,101,105,-4,4
35579,76,90,-14,14
35580,84,96,-12,12
35581,95,83,12,12
35582,60,61,-1,1
35583,78,75,3,3
35584,125,122,3,3
35585,90,89,1,1
35586,99,97,2,2
35587,58,54,4,4
35588,128,126,2,2
35589,67,66,1,1
35590,96,112,-16,16
35591,96,87,9,9
35592,141,133,8,8
35593,77,81,-4,4
35594,114,98,16,16
35595,86,80,6,6
35596,175,165,10,10
35597,129,124,5,5
35598,50,57,-7,7
35599,70,64,6,6
35600,224,200,24,24
35601,146,140,6,6
35602,81,77,4,4
35603,97,90,7,7
35604,118,126,-8,8
35605,77,65,12,12
35606,73,71,2,2
35607,85,82,3,3
35608,102,98,4,4
35609,130,125,5,5
35610,133,132,1,1
35611,129,124,5,5
35612,80,78,2,2
35613,93,95,-2,2
35614,91,86,5,5
35615,41,96,-55,55
35616,82,84,-2,2
35617,67,67,0,0
35618,85,81,4,4
35619,75,78,-3,3
35620,118,118,0,0
35621,118,97,21,21
35622,79,77,2,2
35623,63,63,0,0
35624,170,167,3,3
35625,73,76,-3,3
35626,114,88,26,26
35627,154,159,-5,5
35628,54,69,-15,15
35629,115,107,8,8
35630,49,121,-72,72
35631,99,101,-2,2
35632,80,76,4,4
35633,152,149,3,3
35634,71,68,3,3
35635,118,143,-25,25
35636,106,98,8,8
35637,106,113,-7,7
35638,173,154,19,19
35639,89,92,-3,3
35640,65,68,-3,3
35641,93,86,7,7
35642,109,106,3,3
35643,126,127,-1,1
35644,143,158,-15,15
35645,127,130,-3,3
35646,114,103,11,11
35647,84,87,-3,3
35648,68,76,-8,8
35649,60,66,-6,6
35650,111,110,1,1
35651,127,136,-9,9
35652,83,77,6,6
35653,98,95,3,3
35654,83,70,13,13
35655,77,78,-1,1
35656,51,55,-4,4
35657,88,88,0,0
35658,48,59,-11,11
35659,147,144,3,3
35660,66,81,-15,15
35661,100,92,8,8
35662,76,80,-4,4
35663,59,63,-4,4
35664,116,109,7,7
35665,61,67,-6,6
35666,155,143,12,12
35667,99,104,-5,5
35668,112,106,6,6
35669,70,57,13,13
35670,79,84,-5,5
35671,96,99,-3,3
35672,90,95,-5,5
35673,104,95,9,9
35674,99,95,4,4
35675,81,83,-2,2
35676,134,147,-13,13
35677,126,127,-1,1
35678,160,118,42,42
35679,75,75,0,0
35680,104,108,-4,4
35681,150,132,18,18
35682,120,117,3,3
35683,90,87,3,3
35684,120,108,12,12
35685,142,133,9,9
35686,75,72,3,3
35687,102,88,14,14
35688,162,151,11,11
35689,74,73,1,1
35690,75,73,2,2
35691,99,99,0,0
35692,130,128,2,2
35693,53,50,3,3
35694,127,129,-2,2
35695,103,90,13,13
35696,94,87,7,7
35697,76,86,-10,10
35698,83,84,-1,1
35699,195,173,22,22
35700,58,70,-12,12
35701,51,67,-16,16
35702,153,144,9,9
35703,190,177,13,13
35704,87,84,3,3
35705,96,94,2,2
35706,100,88,12,12
35707,74,74,0,0
35708,67,69,-2,2
35709,124,123,1,1
35710,74,70,4,4
35711,111,96,15,15
35712,93,113,-20,20
35713,107,98,9,9
35714,70,64,6,6
35715,154,145,9,9
35716,125,111,14,14
35717,107,95,12,12
35718,69,85,-16,16
35719,101,103,-2,2
35720,95,83,12,12
35721,96,85,11,11
35722,85,80,5,5
35723,70,94,-24,24
35724,68,68,0,0
35725,61,64,-3,3
35726,155,154,1,1
35727,58,66,-8,8
35728,72,74,-2,2
35729,47,52,-5,5
35730,98,100,-2,2
35731,145,133,12,12
35732,52,59,-7,7
35733,120,104,16,16
35734,78,75,3,3
35735,56,61,-5,5
35736,89,93,-4,4
35737,82,82,0,0
35738,104,106,-2,2
35739,128,136,-8,8
35740,159,139,20,20
35741,79,82,-3,3
35742,109,104,5,5
35743,120,119,1,1
35744,79,98,-19,19
35745,73,64,9,9
35746,64,58,6,6
35747,97,86,11,11
35748,135,117,18,18
35749,81,86,-5,5
35750,91,86,5,5
35751,58,53,5,5
35752,78,73,5,5
35753,77,72,5,5
35754,47,42,5,5
35755,167,155,12,12
35756,65,81,-16,16
35757,152,144,8,8
35758,159,152,7,7
35759,89,108,-19,19
35760,205,192,13,13
35761,108,100,8,8
35762,101,92,9,9
35763,129,129,0,0
35764,123,120,3,3
35765,90,87,3,3
35766,138,129,9,9
35767,105,93,12,12
35768,93,84,9,9
35769,129,117,12,12
35770,110,95,15,15
35771,86,98,-12,12
35772,72,79,-7,7
35773,122,116,6,6
35774,37,45,-8,8
35775,173,171,2,2
35776,97,84,13,13
35777,45,44,1,1
35778,97,81,16,16
35779,85,88,-3,3
35780,83,84,-1,1
35781,105,97,8,8
35782,138,131,7,7
35783,98,87,11,11
35784,128,118,10,10
35785,94,82,12,12
35786,131,113,18,18
35787,67,69,-2,2
35788,176,169,7,7
35789,116,115,1,1
35790,116,121,-5,5
35791,80,61,19,19
35792,84,80,4,4
35793,69,74,-5,5
35794,165,165,0,0
35795,55,67,-12,12
35796,123,123,0,0
35797,117,121,-4,4
35798,81,70,11,11
35799,86,81,5,5
35800,185,178,7,7
35801,104,103,1,1
35802,89,88,1,1
35803,85,80,5,5
35804,156,142,14,14
35805,72,70,2,2
35806,95,79,16,16
35807,86,78,8,8
35808,72,69,3,3
35809,168,146,22,22
35810,42,44,-2,2
35811,93,94,-1,1
35812,103,87,16,16
35813,83,81,2,2
35814,137,129,8,8
35815,117,126,-9,9
35816,77,81,-4,4
35817,79,87,-8,8
35818,121,118,3,3
35819,110,120,-10,10
35820,101,94,7,7
35821,88,97,-9,9
35822,91,84,7,7
35823,166,150,16,16
35824,63,65,-2,2
35825,92,88,4,4
35826,138,122,16,16
35827,110,114,-4,4
35828,151,150,1,1
35829,121,127,-6,6
35830,73,70,3,3
35831,77,72,5,5
35832,197,192,5,5
35833,94,80,14,14
35834,67,71,-4,4
35835,147,125,22,22
35836,92,112,-20,20
35837,138,135,3,3
35838,71,80,-9,9
35839,93,85,8,8
35840,115,108,7,7
35841,90,83,7,7
35842,137,130,7,7
35843,136,141,-5,5
35844,63,66,-3,3
35845,68,71,-3,3
35846,105,106,-1,1
35847,61,60,1,1
35848,75,77,-2,2
35849,120,120,0,0
35850,145,143,2,2
35851,106,101,5,5
35852,171,158,13,13
35853,87,88,-1,1
35854,112,99,13,13
35855,75,78,-3,3
35856,84,85,-1,1
35857,55,54,1,1
35858,57,60,-3,3
35859,71,68,3,3
35860,150,138,12,12
35861,42,48,-6,6
35862,95,91,4,4
35863,100,102,-2,2
35864,77,70,7,7
35865,134,142,-8,8
35866,100,83,17,17
35867,117,120,-3,3
35868,74,106,-32,32
35869,106,98,8,8
35870,121,113,8,8
35871,115,106,9,9
35872,137,129,8,8
35873,80,81,-1,1
35874,81,84,-3,3
35875,50,57,-7,7
35876,60,69,-9,9
35877,143,125,18,18
35878,80,90,-10,10
35879,72,72,0,0
35880,74,71,3,3
35881,125,122,3,3
35882,111,100,11,11
35883,99,96,3,3
35884,72,72,0,0
35885,84,75,9,9
35886,52,49,3,3
35887,54,53,1,1
35888,63,66,-3,3
35889,101,98,3,3
35890,65,58,7,7
35891,74,81,-7,7
35892,141,139,2,2
35893,84,81,3,3
35894,156,134,22,22
35895,105,97,8,8
35896,130,121,9,9
35897,74,75,-1,1
35898,97,105,-8,8
35899,111,112,-1,1
35900,65,68,-3,3
35901,124,118,6,6
35902,80,79,1,1
35903,93,87,6,6
35904,122,117,5,5
35905,84,93,-9,9
35906,92,92,0,0
35907,52,75,-23,23
35908,86,90,-4,4
35909,69,76,-7,7
35910,114,106,8,8
35911,68,66,2,2
35912,123,126,-3,3
35913,104,120,-16,16
35914,119,107,12,12
35915,123,104,19,19
35916,99,91,8,8
35917,117,129,-12,12
35918,94,99,-5,5
35919,126,122,4,4
35920,148,135,13,13
35921,112,102,10,10
35922,168,168,0,0
35923,81,77,4,4
35924,100,96,4,4
35925,78,79,-1,1
35926,109,106,3,3
35927,120,112,8,8
35928,119,122,-3,3
35929,83,105,-22,22
35930,138,130,8,8
35931,63,69,-6,6
35932,63,58,5,5
35933,88,79,9,9
35934,50,52,-2,2
35935,171,161,10,10
35936,111,95,16,16
35937,154,155,-1,1
35938,131,116,15,15
35939,110,101,9,9
35940,74,76,-2,2
35941,116,120,-4,4
35942,112,111,1,1
35943,89,86,3,3
35944,109,112,-3,3
35945,68,70,-2,2
35946,77,76,1,1
35947,69,69,0,0
35948,54,64,-10,10
35949,74,74,0,0
35950,140,137,3,3
35951,92,80,12,12
35952,47,53,-6,6
35953,49,60,-11,11
35954,72,74,-2,2
35955,79,82,-3,3
35956,45,54,-9,9
35957,53,60,-7,7
35958,114,117,-3,3
35959,64,70,-6,6
35960,63,60,3,3
35961,113,101,12,12
35962,103,94,9,9
35963,109,103,6,6
35964,94,88,6,6
35965,65,63,2,2
35966,94,90,4,4
35967,142,144,-2,2
35968,38,40,-2,2
35969,91,100,-9,9
35970,86,81,5,5
35971,150,144,6,6
35972,66,68,-2,2
35973,68,67,1,1
35974,62,58,4,4
35975,53,50,3,3
35976,53,54,-1,1
35977,117,112,5,5
35978,89,89,0,0
35979,96,82,14,14
35980,109,108,1,1
35981,100,102,-2,2
35982,132,121,11,11
35983,125,126,-1,1
35984,47,47,0,0
35985,76,92,-16,16
35986,80,80,0,0
35987,108,127,-19,19
35988,72,74,-2,2
35989,79,77,2,2
35990,103,99,4,4
35991,93,91,2,2
35992,90,80,10,10
35993,76,75,1,1
35994,88,82,6,6
35995,70,73,-3,3
35996,162,138,24,24
35997,86,80,6,6
35998,62,63,-1,1
35999,78,77,1,1
36000,51,51,0,0
36001,131,110,21,21
36002,81,79,2,2
36003,100,102,-2,2
36004,107,104,3,3
36005,71,73,-2,2
36006,99,93,6,6
36007,128,117,11,11
36008,102,102,0,0
36009,111,121,-10,10
36010,114,116,-2,2
36011,145,134,11,11
36012,123,108,15,15
36013,64,66,-2,2
36014,138,134,4,4
36015,120,125,-5,5
36016,96,95,1,1
36017,143,141,2,2
36018,79,78,1,1
36019,139,143,-4,4
36020,124,116,8,8
36021,76,81,-5,5
36022,67,69,-2,2
36023,65,76,-11,11
36024,62,63,-1,1
36025,184,177,7,7
36026,102,100,2,2
36027,60,65,-5,5
36028,79,84,-5,5
36029,63,66,-3,3
36030,70,60,10,10
36031,91,99,-8,8
36032,68,75,-7,7
36033,86,90,-4,4
36034,97,107,-10,10
36035,78,85,-7,7
36036,110,97,13,13
36037,94,83,11,11
36038,68,80,-12,12
36039,150,140,10,10
36040,81,78,3,3
36041,58,62,-4,4
36042,48,50,-2,2
36043,76,75,1,1
36044,102,94,8,8
36045,74,75,-1,1
36046,60,64,-4,4
36047,75,81,-6,6
36048,92,84,8,8
36049,62,65,-3,3
36050,91,91,0,0
36051,93,88,5,5
36052,146,145,1,1
36053,94,87,7,7
36054,88,85,3,3
36055,124,124,0,0
36056,92,91,1,1
36057,87,110,-23,23
36058,113,123,-10,10
36059,99,92,7,7
36060,90,86,4,4
36061,95,84,11,11
36062,61,63,-2,2
36063,139,129,10,10
36064,106,117,-11,11
36065,42,46,-4,4
36066,95,92,3,3
36067,121,127,-6,6
36068,130,139,-9,9
36069,121,125,-4,4
36070,74,72,2,2
36071,84,81,3,3
36072,70,71,-1,1
36073,73,76,-3,3
36074,116,105,11,11
36075,120,118,2,2
36076,151,141,10,10
36077,80,80,0,0
36078,90,95,-5,5
36079,68,73,-5,5
36080,102,97,5,5
36081,180,172,8,8
36082,44,79,-35,35
36083,170,163,7,7
36084,99,90,9,9
36085,130,121,9,9
36086,78,104,-26,26
36087,107,102,5,5
36088,93,98,-5,5
36089,146,140,6,6
36090,97,89,8,8
36091,107,98,9,9
36092,116,109,7,7
36093,81,90,-9,9
36094,84,79,5,5
36095,88,98,-10,10
36096,77,67,10,10
36097,65,67,-2,2
36098,158,146,12,12
36099,76,80,-4,4
36100,56,55,1,1
36101,119,121,-2,2
36102,82,76,6,6
36103,52,61,-9,9
36104,44,49,-5,5
36105,122,109,13,13
36106,92,93,-1,1
36107,87,83,4,4
36108,152,155,-3,3
36109,97,95,2,2
36110,127,115,12,12
36111,61,63,-2,2
36112,58,66,-8,8
36113,94,92,2,2
36114,123,123,0,0
36115,141,121,20,20
36116,61,71,-10,10
36117,151,168,-17,17
36118,117,114,3,3
36119,88,87,1,1
36120,71,67,4,4
36121,131,134,-3,3
36122,98,96,2,2
36123,54,62,-8,8
36124,133,121,12,12
36125,68,61,7,7
36126,49,59,-10,10
36127,106,101,5,5
36128,144,138,6,6
36129,105,104,1,1
36130,59,51,8,8
36131,65,69,-4,4
36132,136,126,10,10
36133,58,56,2,2
36134,49,52,-3,3
36135,47,49,-2,2
36136,87,84,3,3
36137,81,88,-7,7
36138,110,99,11,11
36139,119,115,4,4
36140,114,109,5,5
36141,77,71,6,6
36142,114,112,2,2
36143,112,108,4,4
36144,86,107,-21,21
36145,91,94,-3,3
36146,136,121,15,15
36147,52,50,2,2
36148,85,86,-1,1
36149,97,91,6,6
36150,151,139,12,12
36151,118,109,9,9
36152,156,136,20,20
36153,61,54,7,7
36154,107,102,5,5
36155,173,168,5,5
36156,86,86,0,0
36157,74,80,-6,6
36158,90,83,7,7
36159,61,67,-6,6
36160,112,115,-3,3
36161,114,104,10,10
36162,86,86,0,0
36163,115,116,-1,1
36164,128,126,2,2
36165,62,67,-5,5
36166,81,84,-3,3
36167,102,102,0,0
36168,104,104,0,0
36169,70,78,-8,8
36170,85,79,6,6
36171,59,64,-5,5
36172,112,102,10,10
36173,141,149,-8,8
36174,103,124,-21,21
36175,89,86,3,3
36176,83,78,5,5
36177,54,52,2,2
36178,70,76,-6,6
36179,75,77,-2,2
36180,124,119,5,5
36181,64,64,0,0
36182,137,125,12,12
36183,112,122,-10,10
36184,60,71,-11,11
36185,103,106,-3,3
36186,76,73,3,3
36187,100,86,14,14
36188,68,71,-3,3
36189,72,80,-8,8
36190,52,56,-4,4
36191,91,91,0,0
36192,57,56,1,1
36193,71,60,11,11
36194,99,102,-3,3
36195,117,130,-13,13
36196,179,169,10,10
36197,109,104,5,5
36198,33,68,-35,35
36199,101,100,1,1
36200,105,97,8,8
36201,88,83,5,5
36202,152,159,-7,7
36203,88,78,10,10
36204,140,130,10,10
36205,123,105,18,18
36206,129,122,7,7
36207,57,60,-3,3
36208,53,52,1,1
36209,65,69,-4,4
36210,72,69,3,3
36211,127,137,-10,10
36212,62,70,-8,8
36213,47,53,-6,6
36214,101,100,1,1
36215,58,50,8,8
36216,90,96,-6,6
36217,71,71,0,0
36218,148,133,15,15
36219,131,122,9,9
36220,173,174,-1,1
36221,140,126,14,14
36222,88,87,1,1
36223,105,109,-4,4
36224,129,118,11,11
36225,105,96,9,9
36226,113,122,-9,9
36227,83,88,-5,5
36228,58,62,-4,4
36229,59,62,-3,3
36230,110,90,20,20
36231,106,108,-2,2
36232,95,94,1,1
36233,101,87,14,14
36234,56,59,-3,3
36235,134,134,0,0
36236,118,114,4,4
36237,114,102,12,12
36238,70,72,-2,2
36239,68,71,-3,3
36240,66,72,-6,6
36241,92,84,8,8
36242,113,114,-1,1
36243,108,103,5,5
36244,91,98,-7,7
36245,146,145,1,1
36246,114,109,5,5
36247,103,104,-1,1
36248,108,134,-26,26
36249,60,62,-2,2
36250,62,64,-2,2
36251,102,99,3,3
36252,110,113,-3,3
36253,194,167,27,27
36254,53,59,-6,6
36255,102,99,3,3
36256,175,156,19,19
36257,66,61,5,5
36258,108,103,5,5
36259,112,104,8,8
36260,154,140,14,14
36261,121,125,-4,4
36262,66,65,1,1
36263,84,80,4,4
36264,72,73,-1,1
36265,97,86,11,11
36266,125,119,6,6
36267,53,52,1,1
36268,56,58,-2,2
36269,139,141,-2,2
36270,76,82,-6,6
36271,98,90,8,8
36272,64,67,-3,3
36273,102,97,5,5
36274,63,69,-6,6
36275,125,122,3,3
36276,133,113,20,20
36277,61,62,-1,1
36278,57,59,-2,2
36279,87,79,8,8
36280,65,71,-6,6
36281,45,51,-6,6
36282,105,109,-4,4
36283,123,110,13,13
36284,96,88,8,8
36285,146,146,0,0
36286,65,68,-3,3
36287,93,90,3,3
36288,67,71,-4,4
36289,112,87,25,25
36290,128,118,10,10
36291,78,78,0,0
36292,73,72,1,1
36293,89,83,6,6
36294,62,61,1,1
36295,127,130,-3,3
36296,126,114,12,12
36297,80,75,5,5
36298,84,87,-3,3
36299,85,103,-18,18
36300,65,67,-2,2
36301,63,66,-3,3
36302,42,47,-5,5
36303,84,79,5,5
36304,73,71,2,2
36305,50,46,4,4
36306,107,126,-19,19
36307,108,101,7,7
36308,65,68,-3,3
36309,150,125,25,25
36310,101,96,5,5
36311,51,43,8,8
36312,74,75,-1,1
36313,79,76,3,3
36314,117,104,13,13
36315,71,79,-8,8
36316,70,75,-5,5
36317,75,74,1,1
36318,38,48,-10,10
36319,104,106,-2,2
36320,97,91,6,6
36321,117,110,7,7
36322,78,74,4,4
36323,58,71,-13,13
36324,133,131,2,2
36325,51,52,-1,1
36326,117,118,-1,1
36327,82,73,9,9
36328,155,147,8,8
36329,102,106,-4,4
36330,137,133,4,4
36331,85,79,6,6
36332,132,131,1,1
36333,35,34,1,1
36334,72,75,-3,3
36335,119,123,-4,4
36336,90,85,5,5
36337,69,71,-2,2
36338,76,80,-4,4
36339,85,85,0,0
36340,114,102,12,12
36341,84,108,-24,24
36342,78,79,-1,1
36343,55,63,-8,8
36344,102,103,-1,1
36345,163,141,22,22
36346,69,69,0,0
36347,126,122,4,4
36348,43,37,6,6
36349,61,55,6,6
36350,54,58,-4,4
36351,109,103,6,6
36352,102,115,-13,13
36353,80,81,-1,1
36354,206,185,21,21
36355,51,52,-1,1
36356,89,74,15,15
36357,72,78,-6,6
36358,127,125,2,2
36359,76,79,-3,3
36360,107,102,5,5
36361,71,68,3,3
36362,66,65,1,1
36363,76,72,4,4
36364,184,169,15,15
36365,129,127,2,2
36366,55,58,-3,3
36367,110,110,0,0
36368,75,79,-4,4
36369,61,67,-6,6
36370,136,127,9,9
36371,103,92,11,11
36372,115,121,-6,6
36373,55,58,-3,3
36374,113,104,9,9
36375,89,80,9,9
36376,121,106,15,15
36377,80,91,-11,11
36378,141,130,11,11
36379,150,167,-17,17
36380,90,82,8,8
36381,73,76,-3,3
36382,137,153,-16,16
36383,107,94,13,13
36384,86,83,3,3
36385,112,112,0,0
36386,46,57,-11,11
36387,72,75,-3,3
36388,99,101,-2,2
36389,63,67,-4,4
36390,126,103,23,23
36391,64,63,1,1
36392,90,101,-11,11
36393,59,66,-7,7
36394,66,58,8,8
36395,114,95,19,19
36396,102,95,7,7
36397,77,76,1,1
36398,90,75,15,15
36399,68,70,-2,2
36400,78,69,9,9
36401,71,73,-2,2
36402,49,53,-4,4
36403,83,80,3,3
36404,112,121,-9,9
36405,102,109,-7,7
36406,134,114,20,20
36407,57,58,-1,1
36408,71,73,-2,2
36409,163,160,3,3
36410,130,119,11,11
36411,123,130,-7,7
36412,117,118,-1,1
36413,78,75,3,3
36414,39,45,-6,6
36415,49,53,-4,4
36416,57,59,-2,2
36417,51,57,-6,6
36418,123,109,14,14
36419,92,91,1,1
36420,93,96,-3,3
36421,77,76,1,1
36422,197,158,39,39
36423,112,113,-1,1
36424,63,72,-9,9
36425,83,86,-3,3
36426,68,84,-16,16
36427,105,99,6,6
36428,62,73,-11,11
36429,71,68,3,3
36430,91,85,6,6
36431,85,79,6,6
36432,197,196,1,1
36433,124,113,11,11
36434,119,116,3,3
36435,130,136,-6,6
36436,81,76,5,5
36437,92,92,0,0
36438,71,71,0,0
36439,67,64,3,3
36440,99,89,10,10
36441,94,94,0,0
36442,114,122,-8,8
36443,167,154,13,13
36444,120,107,13,13
36445,125,105,20,20
36446,70,66,4,4
36447,114,105,9,9
36448,95,90,5,5
36449,46,54,-8,8
36450,101,104,-3,3
36451,61,59,2,2
36452,90,98,-8,8
36453,67,137,-70,70
36454,157,144,13,13
36455,79,75,4,4
36456,105,101,4,4
36457,112,98,14,14
36458,89,88,1,1
36459,105,104,1,1
36460,124,114,10,10
36461,65,63,2,2
36462,73,72,1,1
36463,66,71,-5,5
36464,61,68,-7,7
36465,125,138,-13,13
36466,122,128,-6,6
36467,76,72,4,4
36468,90,93,-3,3
36469,176,154,22,22
36470,62,69,-7,7
36471,139,134,5,5
36472,43,40,3,3
36473,67,72,-5,5
36474,50,53,-3,3
36475,66,67,-1,1
36476,59,65,-6,6
36477,81,73,8,8
36478,83,75,8,8
36479,92,87,5,5
36480,76,81,-5,5
36481,62,58,4,4
36482,64,77,-13,13
36483,92,99,-7,7
36484,123,119,4,4
36485,84,72,12,12
36486,88,87,1,1
36487,58,63,-5,5
36488,87,84,3,3
36489,73,74,-1,1
36490,44,58,-14,14
36491,123,118,5,5
36492,76,72,4,4
36493,82,87,-5,5
36494,84,81,3,3
36495,69,69,0,0
36496,80,84,-4,4
36497,104,101,3,3
36498,81,79,2,2
36499,79,84,-5,5
36500,90,103,-13,13
36501,105,102,3,3
36502,140,136,4,4
36503,85,84,1,1
36504,96,88,8,8
36505,102,101,1,1
36506,81,76,5,5
36507,117,111,6,6
36508,68,67,1,1
36509,79,79,0,0
36510,143,131,12,12
36511,66,58,8,8
36512,52,54,-2,2
36513,109,98,11,11
36514,40,52,-12,12
36515,140,127,13,13
36516,115,109,6,6
36517,74,83,-9,9
36518,61,68,-7,7
36519,66,70,-4,4
36520,92,77,15,15
36521,48,73,-25,25
36522,116,115,1,1
36523,141,129,12,12
36524,113,105,8,8
36525,89,80,9,9
36526,139,125,14,14
36527,134,131,3,3
36528,152,147,5,5
36529,88,85,3,3
36530,93,89,4,4
36531,161,151,10,10
36532,90,90,0,0
36533,68,66,2,2
36534,148,133,15,15
36535,82,78,4,4
36536,96,87,9,9
36537,171,171,0,0
36538,96,105,-9,9
36539,66,68,-2,2
36540,113,104,9,9
36541,78,79,-1,1
36542,82,79,3,3
36543,61,62,-1,1
36544,82,77,5,5
36545,99,107,-8,8
36546,225,187,38,38
36547,81,76,5,5
36548,62,62,0,0
36549,66,69,-3,3
36550,44,67,-23,23
36551,74,85,-11,11
36552,83,78,5,5
36553,109,103,6,6
36554,51,57,-6,6
36555,121,117,4,4
36556,83,71,12,12
36557,81,89,-8,8
36558,53,60,-7,7
36559,73,81,-8,8
36560,109,99,10,10
36561,151,149,2,2
36562,115,111,4,4
36563,122,113,9,9
36564,116,116,0,0
36565,107,101,6,6
36566,109,98,11,11
36567,72,70,2,2
36568,43,49,-6,6
36569,78,74,4,4
36570,127,114,13,13
36571,50,53,-3,3
36572,96,96,0,0
36573,53,61,-8,8
36574,37,41,-4,4
36575,94,83,11,11
36576,56,65,-9,9
36577,27,35,-8,8
36578,38,51,-13,13
36579,109,111,-2,2
36580,109,106,3,3
36581,70,76,-6,6
36582,60,67,-7,7
36583,82,90,-8,8
36584,67,66,1,1
36585,67,70,-3,3
36586,78,75,3,3
36587,62,74,-12,12
36588,49,56,-7,7
36589,109,99,10,10
36590,88,89,-1,1
36591,81,90,-9,9
36592,82,86,-4,4
36593,90,84,6,6
36594,79,79,0,0
36595,97,88,9,9
36596,75,78,-3,3
36597,104,96,8,8
36598,84,89,-5,5
36599,146,142,4,4
36600,62,62,0,0
36601,104,109,-5,5
36602,106,109,-3,3
36603,92,90,2,2
36604,92,86,6,6
36605,92,92,0,0
36606,71,69,2,2
36607,91,91,0,0
36608,87,83,4,4
36609,79,95,-16,16
36610,86,98,-12,12
36611,128,113,15,15
36612,186,180,6,6
36613,138,125,13,13
36614,89,80,9,9
36615,168,157,11,11
36616,46,49,-3,3
36617,93,90,3,3
36618,72,76,-4,4
36619,110,102,8,8
36620,99,86,13,13
36621,51,50,1,1
36622,93,93,0,0
36623,99,94,5,5
36624,126,121,5,5
36625,64,67,-3,3
36626,209,194,15,15
36627,102,99,3,3
36628,98,101,-3,3
36629,79,69,10,10
36630,85,94,-9,9
36631,64,67,-3,3
36632,83,79,4,4
36633,121,101,20,20
36634,111,103,8,8
36635,72,72,0,0
36636,97,91,6,6
36637,96,85,11,11
36638,64,67,-3,3
36639,128,125,3,3
36640,34,35,-1,1
36641,124,101,23,23
36642,84,77,7,7
36643,132,126,6,6
36644,55,58,-3,3
36645,118,116,2,2
36646,47,48,-1,1
36647,74,74,0,0
36648,75,72,3,3
36649,93,95,-2,2
36650,171,145,26,26
36651,81,82,-1,1
36652,62,66,-4,4
36653,81,75,6,6
36654,83,73,10,10
36655,65,67,-2,2
36656,61,65,-4,4
36657,83,83,0,0
36658,102,99,3,3
36659,78,75,3,3
36660,85,80,5,5
36661,122,117,5,5
36662,60,60,0,0
36663,151,155,-4,4
36664,72,76,-4,4
36665,93,91,2,2
36666,99,94,5,5
36667,95,101,-6,6
36668,105,100,5,5
36669,83,70,13,13
36670,128,131,-3,3
36671,76,105,-29,29
36672,114,102,12,12
36673,125,126,-1,1
36674,88,83,5,5
36675,117,125,-8,8
36676,54,54,0,0
36677,102,101,1,1
36678,60,52,8,8
36679,47,65,-18,18
36680,76,72,4,4
36681,53,58,-5,5
36682,83,85,-2,2
36683,148,154,-6,6
36684,101,98,3,3
36685,126,118,8,8
36686,124,193,-69,69
36687,114,111,3,3
36688,74,78,-4,4
36689,83,91,-8,8
36690,109,100,9,9
36691,89,98,-9,9
36692,76,78,-2,2
36693,53,58,-5,5
36694,78,77,1,1
36695,60,63,-3,3
36696,136,127,9,9
36697,42,57,-15,15
36698,126,117,9,9
36699,99,106,-7,7
36700,96,98,-2,2
36701,45,50,-5,5
36702,77,75,2,2
36703,167,148,19,19
36704,102,128,-26,26
36705,92,94,-2,2
36706,61,61,0,0
36707,138,129,9,9
36708,117,126,-9,9
36709,127,118,9,9
36710,92,76,16,16
36711,83,82,1,1
36712,69,69,0,0
36713,189,173,16,16
36714,89,79,10,10
36715,154,148,6,6
36716,78,80,-2,2
36717,92,88,4,4
36718,151,154,-3,3
36719,138,144,-6,6
36720,73,71,2,2
36721,152,149,3,3
36722,122,118,4,4
36723,71,67,4,4
36724,118,116,2,2
36725,93,80,13,13
36726,104,101,3,3
36727,85,79,6,6
36728,91,85,6,6
36729,50,52,-2,2
36730,102,85,17,17
36731,120,119,1,1
36732,111,103,8,8
36733,71,75,-4,4
36734,57,53,4,4
36735,161,123,38,38
36736,53,50,3,3
36737,122,135,-13,13
36738,125,124,1,1
36739,83,79,4,4
36740,74,79,-5,5
36741,78,76,2,2
36742,51,54,-3,3
36743,167,139,28,28
36744,78,78,0,0
36745,207,192,15,15
36746,120,118,2,2
36747,142,142,0,0
36748,71,80,-9,9
36749,144,121,23,23
36750,55,51,4,4
36751,75,67,8,8
36752,113,118,-5,5
36753,100,108,-8,8
36754,56,64,-8,8
36755,137,122,15,15
36756,92,89,3,3
36757,142,131,11,11
36758,114,112,2,2
36759,47,50,-3,3
36760,61,59,2,2
36761,130,120,10,10
36762,68,73,-5,5
36763,72,84,-12,12
36764,39,37,2,2
36765,116,122,-6,6
36766,135,126,9,9
36767,121,114,7,7
36768,126,118,8,8
36769,115,125,-10,10
36770,92,86,6,6
36771,137,122,15,15
36772,67,68,-1,1
36773,58,55,3,3
36774,74,76,-2,2
36775,66,55,11,11
36776,70,64,6,6
36777,89,105,-16,16
36778,85,90,-5,5
36779,77,78,-1,1
36780,54,52,2,2
36781,103,105,-2,2
36782,45,55,-10,10
36783,35,55,-20,20
36784,84,110,-26,26
36785,61,74,-13,13
36786,114,105,9,9
36787,47,53,-6,6
36788,86,82,4,4
36789,92,99,-7,7
36790,61,58,3,3
36791,96,92,4,4
36792,48,48,0,0
36793,115,125,-10,10
36794,209,186,23,23
36795,89,85,4,4
36796,63,57,6,6
36797,68,69,-1,1
36798,88,96,-8,8
36799,63,71,-8,8
36800,121,128,-7,7
36801,146,160,-14,14
36802,64,63,1,1
36803,75,74,1,1
36804,118,126,-8,8
36805,121,122,-1,1
36806,87,81,6,6
36807,80,79,1,1
36808,80,81,-1,1
36809,107,94,13,13
36810,137,131,6,6
36811,96,84,12,12
36812,74,70,4,4
36813,90,82,8,8
36814,70,64,6,6
36815,45,48,-3,3
36816,63,59,4,4
36817,122,116,6,6
36818,80,76,4,4
36819,91,90,1,1
36820,241,219,22,22
36821,49,52,-3,3
36822,115,124,-9,9
36823,136,108,28,28
36824,87,75,12,12
36825,90,103,-13,13
36826,86,79,7,7
36827,126,120,6,6
36828,63,78,-15,15
36829,68,66,2,2
36830,83,75,8,8
36831,101,98,3,3
36832,82,109,-27,27
36833,105,112,-7,7
36834,141,141,0,0
36835,67,74,-7,7
36836,29,37,-8,8
36837,96,98,-2,2
36838,69,64,5,5
36839,62,67,-5,5
36840,68,73,-5,5
36841,96,82,14,14
36842,122,127,-5,5
36843,109,113,-4,4
36844,83,79,4,4
36845,127,118,9,9
36846,115,126,-11,11
36847,95,89,6,6
36848,64,60,4,4
36849,80,80,0,0
36850,285,267,18,18
36851,88,85,3,3
36852,154,122,32,32
36853,163,153,10,10
36854,68,111,-43,43
36855,72,78,-6,6
36856,184,180,4,4
36857,87,81,6,6
36858,58,61,-3,3
36859,110,115,-5,5
36860,62,71,-9,9
36861,53,48,5,5
36862,158,161,-3,3
36863,87,104,-17,17
36864,70,79,-9,9
36865,72,75,-3,3
36866,141,121,20,20
36867,94,87,7,7
36868,48,59,-11,11
36869,56,58,-2,2
36870,169,156,13,13
36871,81,102,-21,21
36872,71,69,2,2
36873,97,84,13,13
36874,73,73,0,0
36875,90,90,0,0
36876,122,116,6,6
36877,68,62,6,6
36878,128,115,13,13
36879,68,70,-2,2
36880,128,130,-2,2
36881,80,79,1,1
36882,76,69,7,7
36883,131,138,-7,7
36884,96,95,1,1
36885,118,128,-10,10
36886,112,102,10,10
36887,174,162,12,12
36888,44,37,7,7
36889,92,94,-2,2
36890,66,68,-2,2
36891,90,92,-2,2
36892,144,135,9,9
36893,110,101,9,9
36894,164,142,22,22
36895,85,79,6,6
36896,87,99,-12,12
36897,126,145,-19,19
36898,70,71,-1,1
36899,111,109,2,2
36900,56,55,1,1
36901,50,55,-5,5
36902,93,94,-1,1
36903,66,70,-4,4
36904,77,75,2,2
36905,59,62,-3,3
36906,95,99,-4,4
36907,79,76,3,3
36908,84,81,3,3
36909,81,77,4,4
36910,118,103,15,15
36911,62,61,1,1
36912,113,113,0,0
36913,89,78,11,11
36914,109,100,9,9
36915,157,145,12,12
36916,144,162,-18,18
36917,113,102,11,11
36918,136,122,14,14
36919,55,48,7,7
36920,100,127,-27,27
36921,127,114,13,13
36922,137,133,4,4
36923,77,73,4,4
36924,75,75,0,0
36925,96,98,-2,2
36926,183,172,11,11
36927,100,91,9,9
36928,66,61,5,5
36929,87,86,1,1
36930,76,77,-1,1
36931,79,98,-19,19
36932,84,80,4,4
36933,101,94,7,7
36934,110,111,-1,1
36935,97,95,2,2
36936,55,58,-3,3
36937,94,84,10,10
36938,65,68,-3,3
36939,78,75,3,3
36940,69,66,3,3
36941,171,164,7,7
36942,78,77,1,1
36943,58,61,-3,3
36944,79,78,1,1
36945,90,80,10,10
36946,43,38,5,5
36947,80,94,-14,14
36948,121,128,-7,7
36949,186,167,19,19
36950,87,85,2,2
36951,25,21,4,4
36952,77,82,-5,5
36953,111,111,0,0
36954,60,59,1,1
36955,70,75,-5,5
36956,145,129,16,16
36957,83,84,-1,1
36958,87,74,13,13
36959,79,75,4,4
36960,110,109,1,1
36961,70,67,3,3
36962,157,150,7,7
36963,95,91,4,4
36964,62,68,-6,6
36965,83,81,2,2
36966,64,65,-1,1
36967,240,219,21,21
36968,77,79,-2,2
36969,171,157,14,14
36970,111,109,2,2
36971,98,87,11,11
36972,60,59,1,1
36973,94,91,3,3
36974,117,109,8,8
36975,113,115,-2,2
36976,149,162,-13,13
36977,84,83,1,1
36978,50,57,-7,7
36979,109,119,-10,10
36980,77,86,-9,9
36981,125,121,4,4
36982,74,83,-9,9
36983,80,79,1,1
36984,70,73,-3,3
36985,79,79,0,0
36986,125,107,18,18
36987,102,86,16,16
36988,72,70,2,2
36989,99,100,-1,1
36990,73,81,-8,8
36991,104,96,8,8
36992,99,93,6,6
36993,97,86,11,11
36994,135,134,1,1
36995,80,83,-3,3
36996,146,142,4,4
36997,59,68,-9,9
36998,95,95,0,0
36999,159,139,20,20
37000,73,65,8,8
37001,94,91,3,3
37002,159,132,27,27
37003,178,159,19,19
37004,58,56,2,2
37005,88,82,6,6
37006,88,92,-4,4
37007,81,85,-4,4
37008,79,74,5,5
37009,54,53,1,1
37010,88,84,4,4
37011,75,70,5,5
37012,101,85,16,16
37013,89,80,9,9
37014,51,58,-7,7
37015,121,118,3,3
37016,110,115,-5,5
37017,99,86,13,13
37018,63,69,-6,6
37019,113,113,0,0
37020,137,136,1,1
37021,114,120,-6,6
37022,87,81,6,6
37023,176,148,28,28
37024,136,130,6,6
37025,104,99,5,5
37026,131,129,2,2
37027,100,113,-13,13
37028,110,114,-4,4
37029,54,51,3,3
37030,99,99,0,0
37031,55,65,-10,10
37032,141,126,15,15
37033,142,137,5,5
37034,125,108,17,17
37035,114,123,-9,9
37036,121,119,2,2
37037,138,126,12,12
37038,66,75,-9,9
37039,108,103,5,5
37040,137,128,9,9
37041,57,58,-1,1
37042,97,100,-3,3
37043,114,101,13,13
37044,124,153,-29,29
37045,66,70,-4,4
37046,51,52,-1,1
37047,162,144,18,18
37048,161,154,7,7
37049,116,109,7,7
37050,111,113,-2,2
37051,143,140,3,3
37052,41,51,-10,10
37053,97,83,14,14
37054,49,55,-6,6
37055,156,147,9,9
37056,48,50,-2,2
37057,82,78,4,4
37058,58,58,0,0
37059,81,76,5,5
37060,81,79,2,2
37061,68,68,0,0
37062,120,120,0,0
37063,28,35,-7,7
37064,84,96,-12,12
37065,96,98,-2,2
37066,79,78,1,1
37067,446,392,54,54
37068,132,129,3,3
37069,131,127,4,4
37070,60,70,-10,10
37071,78,71,7,7
37072,113,111,2,2
37073,67,67,0,0
37074,83,80,3,3
37075,77,69,8,8
37076,82,80,2,2
37077,60,62,-2,2
37078,112,107,5,5
37079,124,115,9,9
37080,150,130,20,20
37081,87,83,4,4
37082,129,118,11,11
37083,151,143,8,8
37084,36,42,-6,6
37085,100,101,-1,1
37086,57,106,-49,49
37087,108,114,-6,6
37088,78,82,-4,4
37089,72,67,5,5
37090,69,80,-11,11
37091,108,108,0,0
37092,87,80,7,7
37093,51,65,-14,14
37094,48,50,-2,2
37095,98,109,-11,11
37096,31,56,-25,25
37097,140,118,22,22
37098,74,69,5,5
37099,95,100,-5,5
37100,87,82,5,5
37101,120,122,-2,2
37102,83,76,7,7
37103,81,94,-13,13
37104,75,77,-2,2
37105,87,86,1,1
37106,145,140,5,5
37107,98,89,9,9
37108,52,44,8,8
37109,83,79,4,4
37110,55,72,-17,17
37111,110,117,-7,7
37112,125,129,-4,4
37113,87,77,10,10
37114,101,99,2,2
37115,81,71,10,10
37116,143,136,7,7
37117,218,196,22,22
37118,79,74,5,5
37119,97,85,12,12
37120,58,61,-3,3
37121,116,119,-3,3
37122,76,70,6,6
37123,94,95,-1,1
37124,79,89,-10,10
37125,60,61,-1,1
37126,103,107,-4,4
37127,51,50,1,1
37128,113,104,9,9
37129,83,99,-16,16
37130,121,121,0,0
37131,87,73,14,14
37132,152,145,7,7
37133,97,94,3,3
37134,169,165,4,4
37135,73,84,-11,11
37136,141,146,-5,5
37137,88,76,12,12
37138,75,164,-89,89
37139,78,75,3,3
37140,114,106,8,8
37141,95,80,15,15
37142,100,106,-6,6
37143,94,94,0,0
37144,62,68,-6,6
37145,75,97,-22,22
37146,91,94,-3,3
37147,155,132,23,23
37148,82,76,6,6
37149,120,117,3,3
37150,154,141,13,13
37151,45,47,-2,2
37152,69,71,-2,2
37153,70,75,-5,5
37154,129,129,0,0
37155,83,77,6,6
37156,102,94,8,8
37157,34,36,-2,2
37158,84,78,6,6
37159,93,85,8,8
37160,173,158,15,15
37161,81,82,-1,1
37162,112,123,-11,11
37163,141,133,8,8
37164,117,111,6,6
37165,87,91,-4,4
37166,89,102,-13,13
37167,138,139,-1,1
37168,77,81,-4,4
37169,71,75,-4,4
37170,108,114,-6,6
37171,84,79,5,5
37172,90,99,-9,9
37173,156,142,14,14
37174,90,91,-1,1
37175,91,90,1,1
37176,64,64,0,0
37177,66,69,-3,3
37178,59,53,6,6
37179,124,112,12,12
37180,49,47,2,2
37181,108,109,-1,1
37182,83,82,1,1
37183,115,101,14,14
37184,59,64,-5,5
37185,51,68,-17,17
37186,90,84,6,6
37187,77,87,-10,10
37188,59,55,4,4
37189,100,97,3,3
37190,138,125,13,13
37191,237,222,15,15
37192,71,74,-3,3
37193,51,51,0,0
37194,160,163,-3,3
37195,162,135,27,27
37196,121,117,4,4
37197,122,112,10,10
37198,64,60,4,4
37199,78,76,2,2
37200,107,134,-27,27
37201,102,105,-3,3
37202,74,80,-6,6
37203,90,97,-7,7
37204,65,60,5,5
37205,85,86,-1,1
37206,88,87,1,1
37207,95,96,-1,1
37208,92,88,4,4
37209,148,127,21,21
37210,89,84,5,5
37211,63,65,-2,2
37212,98,85,13,13
37213,74,73,1,1
37214,69,70,-1,1
37215,58,62,-4,4
37216,148,132,16,16
37217,75,78,-3,3
37218,128,124,4,4
37219,63,73,-10,10
37220,113,101,12,12
37221,88,92,-4,4
37222,68,61,7,7
37223,98,97,1,1
37224,79,81,-2,2
37225,69,73,-4,4
37226,284,254,30,30
37227,76,74,2,2
37228,98,98,0,0
37229,73,76,-3,3
37230,135,131,4,4
37231,71,70,1,1
37232,85,78,7,7
37233,58,64,-6,6
37234,110,109,1,1
37235,63,64,-1,1
37236,91,90,1,1
37237,72,72,0,0
37238,111,134,-23,23
37239,75,68,7,7
37240,127,133,-6,6
37241,157,141,16,16
37242,136,134,2,2
37243,66,63,3,3
37244,53,55,-2,2
37245,76,78,-2,2
37246,76,69,7,7
37247,123,131,-8,8
37248,90,85,5,5
37249,62,64,-2,2
37250,93,112,-19,19
37251,150,136,14,14
37252,114,111,3,3
37253,99,83,16,16
37254,85,80,5,5
37255,68,66,2,2
37256,54,54,0,0
37257,64,64,0,0
37258,126,125,1,1
37259,52,54,-2,2
37260,119,111,8,8
37261,112,107,5,5
37262,257,231,26,26
37263,75,77,-2,2
37264,58,57,1,1
37265,87,83,4,4
37266,50,50,0,0
37267,79,83,-4,4
37268,142,130,12,12
37269,122,126,-4,4
37270,69,70,-1,1
37271,82,76,6,6
37272,83,84,-1,1
37273,87,79,8,8
37274,132,127,5,5
37275,110,121,-11,11
37276,98,84,14,14
37277,93,90,3,3
37278,112,120,-8,8
37279,101,89,12,12
37280,97,101,-4,4
37281,111,116,-5,5
37282,53,56,-3,3
37283,78,92,-14,14
37284,104,98,6,6
37285,86,79,7,7
37286,109,106,3,3
37287,136,127,9,9
37288,113,128,-15,15
37289,53,58,-5,5
37290,85,74,11,11
37291,142,127,15,15
37292,141,139,2,2
37293,87,83,4,4
37294,79,76,3,3
37295,171,153,18,18
37296,104,107,-3,3
37297,91,119,-28,28
37298,70,70,0,0
37299,93,97,-4,4
37300,115,116,-1,1
37301,49,54,-5,5
37302,115,101,14,14
37303,85,80,5,5
37304,96,97,-1,1
37305,112,108,4,4
37306,133,136,-3,3
37307,114,108,6,6
37308,78,97,-19,19
37309,158,144,14,14
37310,73,68,5,5
37311,44,48,-4,4
37312,160,159,1,1
37313,114,116,-2,2
37314,163,119,44,44
37315,113,105,8,8
37316,92,101,-9,9
37317,35,43,-8,8
37318,135,129,6,6
37319,113,109,4,4
37320,105,99,6,6
37321,79,73,6,6
37322,130,120,10,10
37323,129,127,2,2
37324,81,82,-1,1
37325,71,76,-5,5
37326,233,200,33,33
37327,79,83,-4,4
37328,88,84,4,4
37329,121,124,-3,3
37330,132,120,12,12
37331,179,165,14,14
37332,199,183,16,16
37333,133,124,9,9
37334,127,119,8,8
37335,71,76,-5,5
37336,59,62,-3,3
37337,92,91,1,1
37338,98,96,2,2
37339,93,80,13,13
37340,103,78,25,25
37341,114,120,-6,6
37342,80,81,-1,1
37343,84,80,4,4
37344,95,86,9,9
37345,141,133,8,8
37346,184,169,15,15
37347,138,114,24,24
37348,59,61,-2,2
37349,172,163,9,9
37350,146,135,11,11
37351,72,75,-3,3
37352,139,142,-3,3
37353,108,105,3,3
37354,91,98,-7,7
37355,38,36,2,2
37356,44,53,-9,9
37357,86,82,4,4
37358,68,75,-7,7
37359,68,62,6,6
37360,100,101,-1,1
37361,135,121,14,14
37362,30,44,-14,14
37363,149,142,7,7
37364,93,91,2,2
37365,132,134,-2,2
37366,61,61,0,0
37367,104,106,-2,2
37368,119,115,4,4
37369,61,65,-4,4
37370,79,79,0,0
37371,48,55,-7,7
37372,80,72,8,8
37373,145,165,-20,20
37374,65,74,-9,9
37375,68,67,1,1
37376,68,70,-2,2
37377,78,82,-4,4
37378,65,63,2,2
37379,98,92,6,6
37380,102,106,-4,4
37381,115,98,17,17
37382,71,69,2,2
37383,63,68,-5,5
37384,64,74,-10,10
37385,97,93,4,4
37386,102,89,13,13
37387,101,102,-1,1
37388,34,36,-2,2
37389,70,73,-3,3
37390,53,63,-10,10
37391,92,89,3,3
37392,83,82,1,1
37393,101,105,-4,4
37394,76,73,3,3
37395,76,78,-2,2
37396,111,104,7,7
37397,49,66,-17,17
37398,55,65,-10,10
37399,115,108,7,7
37400,126,121,5,5
37401,121,107,14,14
37402,145,132,13,13
37403,60,75,-15,15
37404,73,64,9,9
37405,63,66,-3,3
37406,71,72,-1,1
37407,81,80,1,1
37408,98,96,2,2
37409,138,137,1,1
37410,69,74,-5,5
37411,172,183,-11,11
37412,57,67,-10,10
37413,119,111,8,8
37414,65,68,-3,3
37415,54,56,-2,2
37416,86,91,-5,5
37417,116,117,-1,1
37418,145,130,15,15
37419,102,106,-4,4
37420,108,103,5,5
37421,63,63,0,0
37422,125,118,7,7
37423,90,88,2,2
37424,139,140,-1,1
37425,94,90,4,4
37426,86,85,1,1
37427,44,52,-8,8
37428,89,94,-5,5
37429,82,79,3,3
37430,114,103,11,11
37431,60,60,0,0
37432,103,101,2,2
37433,58,54,4,4
37434,108,115,-7,7
37435,140,145,-5,5
37436,160,156,4,4
37437,54,56,-2,2
37438,106,100,6,6
37439,140,139,1,1
37440,101,100,1,1
37441,120,116,4,4
37442,118,112,6,6
37443,116,111,5,5
37444,108,105,3,3
37445,205,205,0,0
37446,192,181,11,11
37447,97,95,2,2
37448,59,61,-2,2
37449,60,67,-7,7
37450,51,49,2,2
37451,48,48,0,0
37452,118,112,6,6
37453,209,190,19,19
37454,64,67,-3,3
37455,76,80,-4,4
37456,130,123,7,7
37457,83,92,-9,9
37458,69,76,-7,7
37459,66,58,8,8
37460,81,87,-6,6
37461,116,132,-16,16
37462,91,94,-3,3
37463,178,177,1,1
37464,148,160,-12,12
37465,160,156,4,4
37466,116,128,-12,12
37467,87,90,-3,3
37468,93,94,-1,1
37469,71,72,-1,1
37470,121,116,5,5
37471,85,72,13,13
37472,75,74,1,1
37473,101,98,3,3
37474,72,72,0,0
37475,60,63,-3,3
37476,102,92,10,10
37477,111,103,8,8
37478,81,85,-4,4
37479,75,88,-13,13
37480,107,111,-4,4
37481,75,78,-3,3
37482,67,75,-8,8
37483,126,128,-2,2
37484,106,107,-1,1
37485,126,123,3,3
37486,104,106,-2,2
37487,65,73,-8,8
37488,92,89,3,3
37489,78,73,5,5
37490,127,122,5,5
37491,88,87,1,1
37492,35,61,-26,26
37493,87,86,1,1
37494,53,65,-12,12
37495,108,108,0,0
37496,89,90,-1,1
37497,79,75,4,4
37498,79,86,-7,7
37499,138,120,18,18
37500,92,82,10,10
37501,84,81,3,3
37502,65,66,-1,1
37503,74,72,2,2
37504,147,140,7,7
37505,96,95,1,1
37506,124,123,1,1
37507,84,90,-6,6
37508,118,115,3,3
37509,80,74,6,6
37510,89,95,-6,6
37511,154,158,-4,4
37512,96,106,-10,10
37513,73,80,-7,7
37514,218,187,31,31
37515,108,104,4,4
37516,156,149,7,7
37517,56,65,-9,9
37518,105,99,6,6
37519,103,128,-25,25
37520,98,101,-3,3
37521,161,156,5,5
37522,150,129,21,21
37523,50,53,-3,3
37524,99,94,5,5
37525,62,67,-5,5
37526,102,101,1,1
37527,86,81,5,5
37528,81,79,2,2
37529,51,56,-5,5
37530,100,90,10,10
37531,74,71,3,3
37532,65,57,8,8
37533,95,93,2,2
37534,99,95,4,4
37535,84,87,-3,3
37536,114,100,14,14
37537,99,89,10,10
37538,58,54,4,4
37539,49,45,4,4
37540,119,108,11,11
37541,83,83,0,0
37542,96,101,-5,5
37543,70,75,-5,5
37544,108,105,3,3
37545,128,111,17,17
37546,75,74,1,1
37547,72,70,2,2
37548,88,74,14,14
37549,71,70,1,1
37550,103,93,10,10
37551,109,102,7,7
37552,77,79,-2,2
37553,74,73,1,1
37554,105,94,11,11
37555,56,51,5,5
37556,95,88,7,7
37557,152,137,15,15
37558,62,64,-2,2
37559,128,122,6,6
37560,108,97,11,11
37561,58,64,-6,6
37562,144,125,19,19
37563,109,101,8,8
37564,66,64,2,2
37565,114,114,0,0
37566,150,131,19,19
37567,98,90,8,8
37568,151,146,5,5
37569,73,72,1,1
37570,84,84,0,0
37571,126,122,4,4
37572,50,56,-6,6
37573,101,114,-13,13
37574,56,60,-4,4
37575,95,95,0,0
37576,65,69,-4,4
37577,141,120,21,21
37578,94,91,3,3
37579,67,71,-4,4
37580,55,61,-6,6
37581,65,66,-1,1
37582,52,68,-16,16
37583,95,86,9,9
37584,158,149,9,9
37585,106,35,71,71
37586,101,96,5,5
37587,96,88,8,8
37588,132,133,-1,1
37589,91,85,6,6
37590,80,79,1,1
37591,209,190,19,19
37592,71,77,-6,6
37593,94,102,-8,8
37594,93,90,3,3
37595,103,104,-1,1
37596,69,76,-7,7
37597,190,186,4,4
37598,92,87,5,5
37599,105,95,10,10
37600,69,76,-7,7
37601,54,68,-14,14
37602,59,61,-2,2
37603,82,83,-1,1
37604,84,82,2,2
37605,30,55,-25,25
37606,150,139,11,11
37607,65,64,1,1
37608,88,85,3,3
37609,80,77,3,3
37610,174,163,11,11
37611,134,155,-21,21
37612,82,79,3,3
37613,77,69,8,8
37614,65,71,-6,6
37615,49,52,-3,3
37616,95,99,-4,4
37617,67,69,-2,2
37618,69,66,3,3
37619,125,129,-4,4
37620,124,128,-4,4
37621,81,80,1,1
37622,93,90,3,3
37623,148,122,26,26
37624,158,140,18,18
37625,107,104,3,3
37626,138,125,13,13
37627,106,106,0,0
37628,102,106,-4,4
37629,151,151,0,0
37630,103,106,-3,3
37631,77,72,5,5
37632,139,132,7,7
37633,122,121,1,1
37634,86,77,9,9
37635,85,81,4,4
37636,76,70,6,6
37637,115,104,11,11
37638,137,124,13,13
37639,113,131,-18,18
37640,155,136,19,19
37641,66,76,-10,10
37642,75,71,4,4
37643,120,120,0,0
37644,116,101,15,15
37645,152,147,5,5
37646,56,60,-4,4
37647,205,182,23,23
37648,96,97,-1,1
37649,101,93,8,8
37650,100,99,1,1
37651,94,85,9,9
37652,130,120,10,10
37653,61,78,-17,17
37654,123,118,5,5
37655,111,118,-7,7
37656,136,141,-5,5
37657,166,149,17,17
37658,85,93,-8,8
37659,99,97,2,2
37660,58,62,-4,4
37661,98,88,10,10
37662,88,77,11,11
37663,164,140,24,24
37664,67,68,-1,1
37665,112,97,15,15
37666,105,101,4,4
37667,151,139,12,12
37668,80,68,12,12
37669,121,128,-7,7
37670,179,144,35,35
37671,151,145,6,6
37672,116,117,-1,1
37673,93,87,6,6
37674,96,92,4,4
37675,112,117,-5,5
37676,45,44,1,1
37677,100,96,4,4
37678,71,79,-8,8
37679,72,67,5,5
37680,124,117,7,7
37681,54,50,4,4
37682,135,126,9,9
37683,125,115,10,10
37684,125,102,23,23
37685,104,115,-11,11
37686,76,75,1,1
37687,106,133,-27,27
37688,76,75,1,1
37689,87,87,0,0
37690,146,138,8,8
37691,91,81,10,10
37692,72,82,-10,10
37693,149,147,2,2
37694,82,79,3,3
37695,157,143,14,14
37696,138,125,13,13
37697,122,120,2,2
37698,105,103,2,2
37699,88,80,8,8
37700,157,170,-13,13
37701,108,98,10,10
37702,94,86,8,8
37703,102,105,-3,3
37704,51,64,-13,13
37705,84,84,0,0
37706,67,85,-18,18
37707,128,117,11,11
37708,130,128,2,2
37709,165,152,13,13
37710,100,113,-13,13
37711,121,129,-8,8
37712,74,78,-4,4
37713,58,57,1,1
37714,88,97,-9,9
37715,105,111,-6,6
37716,116,114,2,2
37717,103,95,8,8
37718,101,101,0,0
37719,108,114,-6,6
37720,75,87,-12,12
37721,106,108,-2,2
37722,69,74,-5,5
37723,87,86,1,1
37724,68,77,-9,9
37725,51,53,-2,2
37726,61,64,-3,3
37727,110,108,2,2
37728,104,99,5,5
37729,70,67,3,3
37730,47,55,-8,8
37731,69,81,-12,12
37732,48,58,-10,10
37733,92,85,7,7
37734,116,113,3,3
37735,94,99,-5,5
37736,79,80,-1,1
37737,116,130,-14,14
37738,133,136,-3,3
37739,70,75,-5,5
37740,153,148,5,5
37741,41,83,-42,42
37742,73,75,-2,2
37743,109,110,-1,1
37744,145,126,19,19
37745,106,106,0,0
37746,89,80,9,9
37747,69,79,-10,10
37748,73,72,1,1
37749,61,64,-3,3
37750,127,122,5,5
37751,104,104,0,0
37752,103,101,2,2
37753,107,96,11,11
37754,116,118,-2,2
37755,66,77,-11,11
37756,130,124,6,6
37757,102,91,11,11
37758,102,101,1,1
37759,72,78,-6,6
37760,98,88,10,10
37761,55,58,-3,3
37762,90,96,-6,6
37763,116,112,4,4
37764,64,72,-8,8
37765,113,104,9,9
37766,75,79,-4,4
37767,75,94,-19,19
37768,119,116,3,3
37769,81,75,6,6
37770,74,72,2,2
37771,156,150,6,6
37772,93,90,3,3
37773,84,81,3,3
37774,118,140,-22,22
37775,70,69,1,1
37776,197,192,5,5
37777,57,61,-4,4
37778,41,61,-20,20
37779,110,118,-8,8
37780,94,88,6,6
37781,121,106,15,15
37782,77,81,-4,4
37783,104,87,17,17
37784,98,91,7,7
37785,101,97,4,4
37786,65,75,-10,10
37787,140,127,13,13
37788,113,104,9,9
37789,103,91,12,12
37790,84,77,7,7
37791,75,74,1,1
37792,136,123,13,13
37793,123,120,3,3
37794,117,123,-6,6
37795,107,98,9,9
37796,64,63,1,1
37797,61,67,-6,6
37798,216,180,36,36
37799,94,98,-4,4
37800,96,95,1,1
37801,83,102,-19,19
37802,42,50,-8,8
37803,93,102,-9,9
37804,61,67,-6,6
37805,101,83,18,18
37806,118,114,4,4
37807,100,97,3,3
37808,107,128,-21,21
37809,98,100,-2,2
37810,64,62,2,2
37811,215,209,6,6
37812,127,122,5,5
37813,91,83,8,8
37814,113,128,-15,15
37815,82,81,1,1
37816,120,124,-4,4
37817,72,70,2,2
37818,77,89,-12,12
37819,79,84,-5,5
37820,67,72,-5,5
37821,89,89,0,0
37822,54,58,-4,4
37823,97,101,-4,4
37824,82,83,-1,1
37825,91,100,-9,9
37826,83,78,5,5
37827,54,67,-13,13
37828,116,117,-1,1
37829,80,83,-3,3
37830,75,72,3,3
37831,187,189,-2,2
37832,78,87,-9,9
37833,95,100,-5,5
37834,87,84,3,3
37835,74,80,-6,6
37836,67,66,1,1
37837,66,63,3,3
37838,78,72,6,6
37839,107,101,6,6
37840,59,53,6,6
37841,92,95,-3,3
37842,41,55,-14,14
37843,130,121,9,9
37844,100,104,-4,4
37845,88,80,8,8
37846,67,65,2,2
37847,100,89,11,11
37848,99,106,-7,7
37849,69,69,0,0
37850,115,117,-2,2
37851,116,109,7,7
37852,49,48,1,1
37853,91,94,-3,3
37854,67,77,-10,10
37855,105,98,7,7
37856,137,134,3,3
37857,72,83,-11,11
37858,61,64,-3,3
37859,86,81,5,5
37860,91,96,-5,5
37861,85,82,3,3
37862,83,88,-5,5
37863,68,62,6,6
37864,103,95,8,8
37865,106,96,10,10
37866,139,115,24,24
37867,115,117,-2,2
37868,48,53,-5,5
37869,159,161,-2,2
37870,61,59,2,2
37871,113,119,-6,6
37872,101,100,1,1
37873,77,75,2,2
37874,134,132,2,2
37875,67,60,7,7
37876,106,102,4,4
37877,57,58,-1,1
37878,95,101,-6,6
37879,93,98,-5,5
37880,95,81,14,14
37881,179,173,6,6
37882,153,168,-15,15
37883,62,69,-7,7
37884,69,69,0,0
37885,165,163,2,2
37886,180,187,-7,7
37887,87,84,3,3
37888,110,110,0,0
37889,116,119,-3,3
37890,159,164,-5,5
37891,99,102,-3,3
37892,114,115,-1,1
37893,102,88,14,14
37894,154,152,2,2
37895,91,89,2,2
37896,124,110,14,14
37897,91,86,5,5
37898,41,46,-5,5
37899,45,43,2,2
37900,71,85,-14,14
37901,76,76,0,0
37902,99,107,-8,8
37903,111,103,8,8
37904,97,87,10,10
37905,124,114,10,10
37906,96,104,-8,8
37907,79,76,3,3
37908,122,126,-4,4
37909,115,99,16,16
37910,89,83,6,6
37911,73,70,3,3
37912,111,112,-1,1
37913,89,96,-7,7
37914,138,133,5,5
37915,100,109,-9,9
37916,78,84,-6,6
37917,83,85,-2,2
37918,86,91,-5,5
37919,135,137,-2,2
37920,114,112,2,2
37921,56,61,-5,5
37922,149,160,-11,11
37923,81,79,2,2
37924,79,77,2,2
37925,103,102,1,1
37926,56,71,-15,15
37927,150,146,4,4
37928,78,77,1,1
37929,78,78,0,0
37930,41,46,-5,5
37931,121,106,15,15
37932,123,120,3,3
37933,76,85,-9,9
37934,103,98,5,5
37935,35,58,-23,23
37936,124,118,6,6
37937,55,63,-8,8
37938,88,84,4,4
37939,90,86,4,4
37940,120,93,27,27
37941,71,71,0,0
37942,79,81,-2,2
37943,62,70,-8,8
37944,86,83,3,3
37945,64,67,-3,3
37946,131,140,-9,9
37947,146,134,12,12
37948,86,78,8,8
37949,98,96,2,2
37950,183,157,26,26
37951,91,90,1,1
37952,77,73,4,4
37953,142,137,5,5
37954,79,77,2,2
37955,41,40,1,1
37956,105,105,0,0
37957,197,184,13,13
37958,115,112,3,3
37959,71,73,-2,2
37960,140,144,-4,4
37961,130,124,6,6
37962,83,79,4,4
37963,108,124,-16,16
37964,67,65,2,2
37965,70,83,-13,13
37966,93,93,0,0
37967,64,69,-5,5
37968,98,115,-17,17
37969,115,114,1,1
37970,62,62,0,0
37971,88,86,2,2
37972,61,63,-2,2
37973,198,183,15,15
37974,101,108,-7,7
37975,66,62,4,4
37976,31,34,-3,3
37977,94,89,5,5
37978,93,102,-9,9
37979,117,156,-39,39
37980,99,100,-1,1
37981,36,40,-4,4
37982,76,77,-1,1
37983,67,75,-8,8
37984,78,84,-6,6
37985,50,58,-8,8
37986,55,47,8,8
37987,92,92,0,0
37988,94,86,8,8
37989,137,134,3,3
37990,102,101,1,1
37991,113,99,14,14
37992,89,80,9,9
37993,124,130,-6,6
37994,82,81,1,1
37995,60,68,-8,8
37996,125,113,12,12
37997,78,82,-4,4
37998,143,132,11,11
37999,142,140,2,2
38000,106,95,11,11
38001,124,112,12,12
38002,52,62,-10,10
38003,97,115,-18,18
38004,80,75,5,5
38005,107,114,-7,7
38006,141,135,6,6
38007,57,61,-4,4
38008,89,78,11,11
38009,104,112,-8,8
38010,154,146,8,8
38011,76,91,-15,15
38012,95,86,9,9
38013,179,163,16,16
38014,64,77,-13,13
38015,119,107,12,12
38016,108,121,-13,13
38017,114,109,5,5
38018,92,87,5,5
38019,109,105,4,4
38020,139,142,-3,3
38021,130,127,3,3
38022,112,104,8,8
38023,123,112,11,11
38024,125,118,7,7
38025,66,60,6,6
38026,77,84,-7,7
38027,87,85,2,2
38028,97,107,-10,10
38029,56,54,2,2
38030,146,133,13,13
38031,71,72,-1,1
38032,176,166,10,10
38033,96,86,10,10
38034,105,100,5,5
38035,127,121,6,6
38036,82,82,0,0
38037,137,149,-12,12
38038,120,117,3,3
38039,82,79,3,3
38040,73,69,4,4
38041,78,70,8,8
38042,83,82,1,1
38043,83,86,-3,3
38044,74,77,-3,3
38045,81,80,1,1
38046,178,159,19,19
38047,96,106,-10,10
38048,48,55,-7,7
38049,74,80,-6,6
38050,143,130,13,13
38051,94,84,10,10
38052,142,141,1,1
38053,144,145,-1,1
38054,114,115,-1,1
38055,91,94,-3,3
38056,127,126,1,1
38057,65,76,-11,11
38058,152,142,10,10
38059,106,102,4,4
38060,140,132,8,8
38061,96,102,-6,6
38062,72,103,-31,31
38063,71,80,-9,9
38064,116,112,4,4
38065,156,146,10,10
38066,57,52,5,5
38067,24,36,-12,12
38068,122,116,6,6
38069,118,109,9,9
38070,96,95,1,1
38071,86,85,1,1
38072,163,154,9,9
38073,60,68,-8,8
38074,80,74,6,6
38075,78,77,1,1
38076,82,78,4,4
38077,113,103,10,10
38078,104,111,-7,7
38079,154,171,-17,17
38080,34,43,-9,9
38081,111,115,-4,4
38082,103,99,4,4
38083,88,83,5,5
38084,112,116,-4,4
38085,115,108,7,7
38086,60,53,7,7
38087,150,140,10,10
38088,116,116,0,0
38089,80,79,1,1
38090,112,100,12,12
38091,116,114,2,2
38092,83,85,-2,2
38093,161,144,17,17
38094,65,73,-8,8
38095,74,76,-2,2
38096,72,62,10,10
38097,185,164,21,21
38098,89,74,15,15
38099,90,87,3,3
38100,175,161,14,14
38101,96,86,10,10
38102,96,87,9,9
38103,111,113,-2,2
38104,46,49,-3,3
38105,105,119,-14,14
38106,69,73,-4,4
38107,117,112,5,5
38108,91,89,2,2
38109,70,75,-5,5
38110,150,134,16,16
38111,122,123,-1,1
38112,98,104,-6,6
38113,100,87,13,13
38114,160,136,24,24
38115,139,134,5,5
38116,170,160,10,10
38117,79,82,-3,3
38118,132,125,7,7
38119,121,122,-1,1
38120,118,120,-2,2
38121,102,86,16,16
38122,98,93,5,5
38123,115,122,-7,7
38124,159,152,7,7
38125,92,89,3,3
38126,41,62,-21,21
38127,84,83,1,1
38128,132,139,-7,7
38129,109,95,14,14
38130,78,85,-7,7
38131,114,104,10,10
38132,121,113,8,8
38133,93,85,8,8
38134,115,116,-1,1
38135,44,46,-2,2
38136,74,75,-1,1
38137,49,47,2,2
38138,165,153,12,12
38139,83,80,3,3
38140,158,146,12,12
38141,101,88,13,13
38142,118,114,4,4
38143,94,90,4,4
38144,117,132,-15,15
38145,109,106,3,3
38146,73,86,-13,13
38147,76,78,-2,2
38148,138,131,7,7
38149,113,106,7,7
38150,96,93,3,3
38151,73,78,-5,5
38152,112,104,8,8
38153,63,68,-5,5
38154,104,94,10,10
38155,82,86,-4,4
38156,54,60,-6,6
38157,84,81,3,3
38158,133,136,-3,3
38159,101,100,1,1
38160,108,114,-6,6
38161,83,79,4,4
38162,78,80,-2,2
38163,82,76,6,6
38164,76,77,-1,1
38165,90,83,7,7
38166,105,103,2,2
38167,61,60,1,1
38168,102,115,-13,13
38169,104,120,-16,16
38170,72,73,-1,1
38171,74,68,6,6
38172,92,95,-3,3
38173,85,80,5,5
38174,99,98,1,1
38175,111,119,-8,8
38176,67,73,-6,6
38177,76,74,2,2
38178,113,99,14,14
38179,107,99,8,8
38180,117,114,3,3
38181,116,119,-3,3
38182,97,96,1,1
38183,125,122,3,3
38184,112,118,-6,6
38185,71,82,-11,11
38186,115,114,1,1
38187,59,79,-20,20
38188,97,91,6,6
38189,124,114,10,10
38190,45,48,-3,3
38191,87,84,3,3
38192,103,124,-21,21
38193,64,65,-1,1
38194,100,91,9,9
38195,97,85,12,12
38196,121,119,2,2
38197,111,118,-7,7
38198,74,73,1,1
38199,118,149,-31,31
38200,91,84,7,7
38201,89,87,2,2
38202,105,88,17,17
38203,79,81,-2,2
38204,68,72,-4,4
38205,125,125,0,0
38206,87,81,6,6
38207,123,110,13,13
38208,93,91,2,2
38209,100,93,7,7
38210,64,59,5,5
38211,108,102,6,6
38212,68,57,11,11
38213,86,87,-1,1
38214,107,101,6,6
38215,73,74,-1,1
38216,128,134,-6,6
38217,119,111,8,8
38218,54,48,6,6
38219,72,71,1,1
38220,73,78,-5,5
38221,159,149,10,10
38222,83,81,2,2
38223,97,92,5,5
38224,131,125,6,6
38225,69,72,-3,3
38226,86,74,12,12
38227,119,119,0,0
38228,100,90,10,10
38229,102,105,-3,3
38230,67,66,1,1
38231,53,63,-10,10
38232,85,89,-4,4
38233,168,160,8,8
38234,61,58,3,3
38235,77,72,5,5
38236,85,88,-3,3
38237,69,68,1,1
38238,124,119,5,5
38239,89,79,10,10
38240,148,145,3,3
38241,143,132,11,11
38242,57,77,-20,20
38243,144,136,8,8
38244,66,69,-3,3
38245,83,95,-12,12
38246,120,117,3,3
38247,131,128,3,3
38248,51,55,-4,4
38249,77,62,15,15
38250,62,67,-5,5
38251,125,129,-4,4
38252,87,83,4,4
38253,89,84,5,5
38254,162,153,9,9
38255,109,111,-2,2
38256,126,130,-4,4
38257,87,91,-4,4
38258,87,99,-12,12
38259,116,113,3,3
38260,51,56,-5,5
38261,65,58,7,7
38262,95,85,10,10
38263,86,77,9,9
38264,98,100,-2,2
38265,74,74,0,0
38266,87,123,-36,36
38267,113,109,4,4
38268,70,84,-14,14
38269,119,109,10,10
38270,180,168,12,12
38271,94,82,12,12
38272,67,75,-8,8
38273,85,83,2,2
38274,147,149,-2,2
38275,79,69,10,10
38276,76,77,-1,1
38277,60,54,6,6
38278,55,60,-5,5
38279,95,97,-2,2
38280,127,114,13,13
38281,100,99,1,1
38282,85,83,2,2
38283,127,121,6,6
38284,101,86,15,15
38285,70,70,0,0
38286,102,97,5,5
38287,73,75,-2,2
38288,107,107,0,0
38289,129,131,-2,2
38290,114,108,6,6
38291,45,56,-11,11
38292,52,51,1,1
38293,69,72,-3,3
38294,71,74,-3,3
38295,65,69,-4,4
38296,211,180,31,31
38297,113,127,-14,14
38298,97,95,2,2
38299,60,68,-8,8
38300,184,153,31,31
38301,106,102,4,4
38302,121,119,2,2
38303,112,119,-7,7
38304,137,135,2,2
38305,104,103,1,1
38306,124,120,4,4
38307,72,68,4,4
38308,116,106,10,10
38309,76,76,0,0
38310,99,104,-5,5
38311,75,77,-2,2
38312,81,82,-1,1
38313,69,71,-2,2
38314,72,78,-6,6
38315,87,76,11,11
38316,93,88,5,5
38317,136,130,6,6
38318,101,91,10,10
38319,89,84,5,5
38320,112,110,2,2
38321,65,68,-3,3
38322,118,108,10,10
38323,92,83,9,9
38324,80,88,-8,8
38325,98,91,7,7
38326,70,69,1,1
38327,127,118,9,9
38328,149,129,20,20
38329,70,68,2,2
38330,139,141,-2,2
38331,82,79,3,3
38332,91,92,-1,1
38333,39,64,-25,25
38334,82,97,-15,15
38335,105,101,4,4
38336,147,143,4,4
38337,104,111,-7,7
38338,117,103,14,14
38339,91,102,-11,11
38340,90,94,-4,4
38341,104,91,13,13
38342,47,56,-9,9
38343,56,60,-4,4
38344,110,111,-1,1
38345,43,59,-16,16
38346,120,112,8,8
38347,70,71,-1,1
38348,75,78,-3,3
38349,77,79,-2,2
38350,72,70,2,2
38351,105,101,4,4
38352,218,195,23,23
38353,56,63,-7,7
38354,100,104,-4,4
38355,123,138,-15,15
38356,130,123,7,7
38357,63,60,3,3
38358,89,87,2,2
38359,60,70,-10,10
38360,65,77,-12,12
38361,118,117,1,1
38362,86,87,-1,1
38363,166,169,-3,3
38364,106,107,-1,1
38365,58,66,-8,8
38366,141,125,16,16
38367,96,92,4,4
38368,106,97,9,9
38369,110,114,-4,4
38370,64,64,0,0
38371,83,79,4,4
38372,92,106,-14,14
38373,70,69,1,1
38374,122,127,-5,5
38375,86,89,-3,3
38376,105,90,15,15
38377,99,103,-4,4
38378,57,52,5,5
38379,79,77,2,2
38380,59,56,3,3
38381,70,74,-4,4
38382,104,99,5,5
38383,86,85,1,1
38384,112,119,-7,7
38385,102,101,1,1
38386,63,68,-5,5
38387,118,112,6,6
38388,63,61,2,2
38389,104,122,-18,18
38390,86,88,-2,2
38391,167,156,11,11
38392,164,153,11,11
38393,85,87,-2,2
38394,111,113,-2,2
38395,121,113,8,8
38396,94,90,4,4
38397,77,84,-7,7
38398,35,36,-1,1
38399,95,88,7,7
38400,133,133,0,0
38401,85,84,1,1
38402,67,63,4,4
38403,114,114,0,0
38404,157,147,10,10
38405,157,148,9,9
38406,94,102,-8,8
38407,54,66,-12,12
38408,64,60,4,4
38409,109,104,5,5
38410,71,71,0,0
38411,73,77,-4,4
38412,76,81,-5,5
38413,130,116,14,14
38414,79,74,5,5
38415,142,150,-8,8
38416,89,84,5,5
38417,105,108,-3,3
38418,78,86,-8,8
38419,64,63,1,1
38420,63,69,-6,6
38421,89,88,1,1
38422,171,168,3,3
38423,111,98,13,13
38424,86,75,11,11
38425,102,97,5,5
38426,61,66,-5,5
38427,85,82,3,3
38428,134,119,15,15
38429,81,80,1,1
38430,142,140,2,2
38431,80,75,5,5
38432,83,80,3,3
38433,121,114,7,7
38434,67,58,9,9
38435,100,115,-15,15
38436,129,128,1,1
38437,102,108,-6,6
38438,126,123,3,3
38439,98,97,1,1
38440,63,59,4,4
38441,72,76,-4,4
38442,88,92,-4,4
38443,64,69,-5,5
38444,107,116,-9,9
38445,89,80,9,9
38446,93,91,2,2
38447,146,137,9,9
38448,101,106,-5,5
38449,87,82,5,5
38450,97,97,0,0
38451,78,65,13,13
38452,130,114,16,16
38453,85,74,11,11
38454,77,72,5,5
38455,44,51,-7,7
38456,96,89,7,7
38457,89,81,8,8
38458,117,116,1,1
38459,41,42,-1,1
38460,113,116,-3,3
38461,103,84,19,19
38462,161,147,14,14
38463,196,188,8,8
38464,64,69,-5,5
38465,82,75,7,7
38466,66,90,-24,24
38467,80,75,5,5
38468,54,61,-7,7
38469,104,107,-3,3
38470,55,51,4,4
38471,57,55,2,2
38472,49,55,-6,6
38473,70,71,-1,1
38474,74,79,-5,5
38475,33,38,-5,5
38476,83,87,-4,4
38477,89,85,4,4
38478,102,92,10,10
38479,156,165,-9,9
38480,36,51,-15,15
38481,62,59,3,3
38482,102,93,9,9
38483,87,94,-7,7
38484,50,47,3,3
38485,89,96,-7,7
38486,100,94,6,6
38487,98,85,13,13
38488,56,61,-5,5
38489,75,69,6,6
38490,98,82,16,16
38491,117,107,10,10
38492,235,211,24,24
38493,54,56,-2,2
38494,68,64,4,4
38495,116,122,-6,6
38496,32,32,0,0
38497,55,53,2,2
38498,82,79,3,3
38499,119,116,3,3
38500,183,184,-1,1
38501,112,87,25,25
38502,57,67,-10,10
38503,120,117,3,3
38504,77,80,-3,3
38505,68,76,-8,8
38506,126,117,9,9
38507,68,60,8,8
38508,103,91,12,12
38509,110,115,-5,5
38510,122,105,17,17
38511,100,115,-15,15
38512,74,74,0,0
38513,185,161,24,24
38514,118,126,-8,8
38515,41,48,-7,7
38516,91,91,0,0
38517,83,77,6,6
38518,79,83,-4,4
38519,82,72,10,10
38520,84,86,-2,2
38521,70,65,5,5
38522,97,103,-6,6
38523,99,98,1,1
38524,108,102,6,6
38525,85,80,5,5
38526,132,126,6,6
38527,99,94,5,5
38528,62,55,7,7
38529,80,74,6,6
38530,96,92,4,4
38531,98,85,13,13
38532,109,108,1,1
38533,124,127,-3,3
38534,101,111,-10,10
38535,118,122,-4,4
38536,57,58,-1,1
38537,79,80,-1,1
38538,86,85,1,1
38539,77,75,2,2
38540,132,120,12,12
38541,74,67,7,7
38542,108,104,4,4
38543,137,123,14,14
38544,102,101,1,1
38545,150,142,8,8
38546,51,52,-1,1
38547,77,75,2,2
38548,59,53,6,6
38549,42,38,4,4
38550,141,141,0,0
38551,132,122,10,10
38552,67,65,2,2
38553,108,102,6,6
38554,144,150,-6,6
38555,69,71,-2,2
38556,85,80,5,5
38557,64,64,0,0
38558,65,67,-2,2
38559,221,212,9,9
38560,70,71,-1,1
38561,56,54,2,2
38562,62,68,-6,6
38563,88,102,-14,14
38564,108,111,-3,3
38565,178,160,18,18
38566,74,71,3,3
38567,85,95,-10,10
38568,61,69,-8,8
38569,111,90,21,21
38570,103,109,-6,6
38571,110,107,3,3
38572,74,70,4,4
38573,172,168,4,4
38574,87,97,-10,10
38575,141,145,-4,4
38576,86,77,9,9
38577,89,94,-5,5
38578,106,87,19,19
38579,103,98,5,5
38580,115,97,18,18
38581,61,53,8,8
38582,102,103,-1,1
38583,64,68,-4,4
38584,121,112,9,9
38585,61,69,-8,8
38586,75,71,4,4
38587,43,38,5,5
38588,84,80,4,4
38589,118,115,3,3
38590,50,42,8,8
38591,81,70,11,11
38592,160,151,9,9
38593,121,111,10,10
38594,77,84,-7,7
38595,124,119,5,5
38596,140,129,11,11
38597,56,61,-5,5
38598,92,82,10,10
38599,99,95,4,4
38600,169,160,9,9
38601,102,111,-9,9
38602,149,143,6,6
38603,161,169,-8,8
38604,73,77,-4,4
38605,81,81,0,0
38606,76,76,0,0
38607,131,121,10,10
38608,155,155,0,0
38609,87,86,1,1
38610,62,62,0,0
38611,87,74,13,13
38612,78,85,-7,7
38613,74,73,1,1
38614,49,72,-23,23
38615,92,85,7,7
38616,133,128,5,5
38617,149,144,5,5
38618,120,123,-3,3
38619,89,80,9,9
38620,102,98,4,4
38621,62,61,1,1
38622,57,45,12,12
38623,43,62,-19,19
38624,72,73,-1,1
38625,58,61,-3,3
38626,66,64,2,2
38627,73,77,-4,4
38628,112,95,17,17
38629,158,141,17,17
38630,70,78,-8,8
38631,136,128,8,8
38632,85,79,6,6
38633,37,48,-11,11
38634,87,88,-1,1
38635,130,134,-4,4
38636,88,87,1,1
38637,57,62,-5,5
38638,117,113,4,4
38639,105,95,10,10
38640,75,78,-3,3
38641,153,151,2,2
38642,90,100,-10,10
38643,130,117,13,13
38644,86,85,1,1
38645,124,129,-5,5
38646,83,81,2,2
38647,145,127,18,18
38648,77,80,-3,3
38649,64,67,-3,3
38650,129,127,2,2
38651,109,105,4,4
38652,94,93,1,1
38653,84,78,6,6
38654,64,66,-2,2
38655,90,86,4,4
38656,171,166,5,5
38657,93,98,-5,5
38658,121,124,-3,3
38659,72,78,-6,6
38660,72,84,-12,12
38661,85,82,3,3
38662,86,78,8,8
38663,93,95,-2,2
38664,94,79,15,15
38665,118,120,-2,2
38666,72,63,9,9
38667,64,66,-2,2
38668,127,111,16,16
38669,64,62,2,2
38670,75,75,0,0
38671,57,63,-6,6
38672,61,64,-3,3
38673,74,84,-10,10
38674,53,70,-17,17
38675,80,80,0,0
38676,83,80,3,3
38677,124,117,7,7
38678,81,89,-8,8
38679,84,92,-8,8
38680,128,115,13,13
38681,93,91,2,2
38682,79,81,-2,2
38683,81,98,-17,17
38684,81,80,1,1
38685,104,105,-1,1
38686,82,77,5,5
38687,84,73,11,11
38688,71,73,-2,2
38689,62,64,-2,2
38690,66,71,-5,5
38691,63,67,-4,4
38692,77,77,0,0
38693,56,59,-3,3
38694,155,148,7,7
38695,143,132,11,11
38696,75,72,3,3
38697,92,99,-7,7
38698,108,102,6,6
38699,105,102,3,3
38700,63,61,2,2
38701,117,119,-2,2
38702,123,106,17,17
38703,69,74,-5,5
38704,119,128,-9,9
38705,92,103,-11,11
38706,94,85,9,9
38707,80,80,0,0
38708,101,96,5,5
38709,150,145,5,5
38710,92,83,9,9
38711,97,91,6,6
38712,100,99,1,1
38713,74,84,-10,10
38714,157,153,4,4
38715,65,73,-8,8
38716,97,93,4,4
38717,79,78,1,1
38718,86,82,4,4
38719,91,85,6,6
38720,51,51,0,0
38721,110,112,-2,2
38722,106,107,-1,1
38723,50,56,-6,6
38724,76,72,4,4
38725,126,121,5,5
38726,73,73,0,0
38727,80,83,-3,3
38728,90,82,8,8
38729,94,78,16,16
38730,99,92,7,7
38731,140,127,13,13
38732,92,86,6,6
38733,96,95,1,1
38734,107,105,2,2
38735,120,108,12,12
38736,141,135,6,6
38737,58,64,-6,6
38738,99,96,3,3
38739,75,72,3,3
38740,118,105,13,13
38741,93,91,2,2
38742,104,90,14,14
38743,81,81,0,0
38744,107,101,6,6
38745,91,109,-18,18
38746,87,86,1,1
38747,53,57,-4,4
38748,147,141,6,6
38749,108,100,8,8
38750,76,74,2,2
38751,59,61,-2,2
38752,85,93,-8,8
38753,82,78,4,4
38754,57,63,-6,6
38755,37,46,-9,9
38756,129,129,0,0
38757,57,52,5,5
38758,67,68,-1,1
38759,76,70,6,6
38760,85,80,5,5
38761,130,120,10,10
38762,106,102,4,4
38763,104,115,-11,11
38764,88,89,-1,1
38765,65,61,4,4
38766,75,74,1,1
38767,145,133,12,12
38768,149,142,7,7
38769,44,51,-7,7
38770,69,66,3,3
38771,93,96,-3,3
38772,78,76,2,2
38773,63,68,-5,5
38774,78,82,-4,4
38775,85,80,5,5
38776,55,54,1,1
38777,73,86,-13,13
38778,107,105,2,2
38779,131,123,8,8
38780,87,85,2,2
38781,40,51,-11,11
38782,139,119,20,20
38783,85,87,-2,2
38784,163,170,-7,7
38785,64,72,-8,8
38786,193,184,9,9
38787,86,92,-6,6
38788,98,97,1,1
38789,51,60,-9,9
38790,128,124,4,4
38791,141,124,17,17
38792,84,80,4,4
38793,142,135,7,7
38794,59,62,-3,3
38795,108,100,8,8
38796,39,43,-4,4
38797,156,151,5,5
38798,107,113,-6,6
38799,99,106,-7,7
38800,166,157,9,9
38801,85,81,4,4
38802,84,82,2,2
38803,98,92,6,6
38804,76,71,5,5
38805,138,125,13,13
38806,93,86,7,7
38807,182,157,25,25
38808,149,130,19,19
38809,132,117,15,15
38810,127,117,10,10
38811,70,70,0,0
38812,57,56,1,1
38813,176,184,-8,8
38814,68,70,-2,2
38815,46,48,-2,2
38816,66,68,-2,2
38817,113,120,-7,7
38818,135,136,-1,1
38819,48,48,0,0
38820,135,131,4,4
38821,70,74,-4,4
38822,91,92,-1,1
38823,125,118,7,7
38824,109,94,15,15
38825,53,56,-3,3
38826,91,87,4,4
38827,70,68,2,2
38828,65,73,-8,8
38829,125,112,13,13
38830,72,74,-2,2
38831,103,101,2,2
38832,103,86,17,17
38833,101,85,16,16
38834,117,123,-6,6
38835,63,61,2,2
38836,164,163,1,1
38837,57,68,-11,11
38838,120,121,-1,1
38839,133,125,8,8
38840,83,85,-2,2
38841,64,67,-3,3
38842,102,95,7,7
38843,70,70,0,0
38844,124,129,-5,5
38845,106,93,13,13
38846,156,150,6,6
38847,67,69,-2,2
38848,147,146,1,1
38849,113,117,-4,4
38850,121,119,2,2
38851,97,94,3,3
38852,59,69,-10,10
38853,50,64,-14,14
38854,118,103,15,15
38855,56,57,-1,1
38856,87,78,9,9
38857,89,97,-8,8
38858,65,71,-6,6
38859,62,65,-3,3
38860,138,137,1,1
38861,149,145,4,4
38862,69,66,3,3
38863,76,87,-11,11
38864,65,74,-9,9
38865,70,67,3,3
38866,133,137,-4,4
38867,77,76,1,1
38868,93,96,-3,3
38869,105,130,-25,25
38870,67,71,-4,4
38871,84,79,5,5
38872,83,91,-8,8
38873,46,44,2,2
38874,102,96,6,6
38875,80,74,6,6
38876,106,106,0,0
38877,91,94,-3,3
38878,70,63,7,7
38879,213,193,20,20
38880,84,84,0,0
38881,124,104,20,20
38882,113,108,5,5
38883,89,91,-2,2
38884,112,107,5,5
38885,78,73,5,5
38886,60,61,-1,1
38887,119,107,12,12
38888,58,63,-5,5
38889,109,98,11,11
38890,113,134,-21,21
38891,101,86,15,15
38892,61,60,1,1
38893,76,83,-7,7
38894,84,79,5,5
38895,86,90,-4,4
38896,108,99,9,9
38897,102,89,13,13
38898,151,147,4,4
38899,66,67,-1,1
38900,71,66,5,5
38901,66,72,-6,6
38902,131,128,3,3
38903,49,49,0,0
38904,99,102,-3,3
38905,69,79,-10,10
38906,72,64,8,8
38907,179,159,20,20
38908,152,145,7,7
38909,70,71,-1,1
38910,63,68,-5,5
38911,104,106,-2,2
38912,22,48,-26,26
38913,105,100,5,5
38914,174,170,4,4
38915,123,122,1,1
38916,34,41,-7,7
38917,76,81,-5,5
38918,114,107,7,7
38919,84,99,-15,15
38920,114,100,14,14
38921,236,206,30,30
38922,86,90,-4,4
38923,91,84,7,7
38924,109,108,1,1
38925,99,86,13,13
38926,79,71,8,8
38927,51,57,-6,6
38928,201,188,13,13
38929,60,61,-1,1
38930,89,91,-2,2
38931,84,81,3,3
38932,40,44,-4,4
38933,68,68,0,0
38934,58,60,-2,2
38935,73,71,2,2
38936,121,122,-1,1
38937,55,52,3,3
38938,91,91,0,0
38939,57,64,-7,7
38940,68,62,6,6
38941,93,75,18,18
38942,59,65,-6,6
38943,76,69,7,7
38944,99,102,-3,3
38945,85,103,-18,18
38946,113,101,12,12
38947,107,93,14,14
38948,184,172,12,12
38949,80,77,3,3
38950,99,100,-1,1
38951,180,165,15,15
38952,94,103,-9,9
38953,37,37,0,0
38954,59,70,-11,11
38955,65,64,1,1
38956,93,92,1,1
38957,88,91,-3,3
38958,92,92,0,0
38959,128,116,12,12
38960,111,114,-3,3
38961,128,166,-38,38
38962,48,49,-1,1
38963,116,121,-5,5
38964,54,51,3,3
38965,57,69,-12,12
38966,61,68,-7,7
38967,79,78,1,1
38968,61,60,1,1
38969,122,118,4,4
38970,89,86,3,3
38971,121,112,9,9
38972,119,114,5,5
38973,108,120,-12,12
38974,100,101,-1,1
38975,58,59,-1,1
38976,106,94,12,12
38977,88,90,-2,2
38978,103,90,13,13
38979,31,37,-6,6
38980,34,57,-23,23
38981,87,84,3,3
38982,111,109,2,2
38983,101,101,0,0
38984,41,41,0,0
38985,60,68,-8,8
38986,115,114,1,1
38987,136,134,2,2
38988,74,69,5,5
38989,84,75,9,9
38990,110,105,5,5
38991,73,75,-2,2
38992,126,123,3,3
38993,77,73,4,4
38994,129,124,5,5
38995,123,124,-1,1
38996,99,92,7,7
38997,88,66,22,22
38998,61,70,-9,9
38999,74,74,0,0
39000,107,101,6,6
39001,122,113,9,9
39002,60,63,-3,3
39003,188,182,6,6
39004,84,76,8,8
39005,146,144,2,2
39006,154,153,1,1
39007,114,118,-4,4
39008,117,108,9,9
39009,163,165,-2,2
39010,74,74,0,0
39011,113,108,5,5
39012,68,72,-4,4
39013,137,131,6,6
39014,86,88,-2,2
39015,136,137,-1,1
39016,77,71,6,6
39017,156,145,11,11
39018,146,134,12,12
39019,62,59,3,3
39020,66,75,-9,9
39021,121,120,1,1
39022,161,144,17,17
39023,102,110,-8,8
39024,67,62,5,5
39025,129,126,3,3
39026,120,126,-6,6
39027,174,172,2,2
39028,179,168,11,11
39029,92,83,9,9
39030,112,113,-1,1
39031,110,99,11,11
39032,97,96,1,1
39033,68,63,5,5
39034,117,119,-2,2
39035,155,140,15,15
39036,60,63,-3,3
39037,167,142,25,25
39038,115,109,6,6
39039,134,132,2,2
39040,48,54,-6,6
39041,89,83,6,6
39042,42,56,-14,14
39043,31,43,-12,12
39044,105,99,6,6
39045,138,129,9,9
39046,97,82,15,15
39047,83,85,-2,2
39048,54,60,-6,6
39049,65,66,-1,1
39050,94,100,-6,6
39051,86,82,4,4
39052,88,94,-6,6
39053,63,61,2,2
39054,144,139,5,5
39055,62,64,-2,2
39056,63,77,-14,14
39057,98,97,1,1
39058,60,58,2,2
39059,49,54,-5,5
39060,96,84,12,12
39061,71,75,-4,4
39062,120,113,7,7
39063,150,129,21,21
39064,80,76,4,4
39065,58,63,-5,5
39066,64,73,-9,9
39067,140,136,4,4
39068,124,124,0,0
39069,97,86,11,11
39070,161,136,25,25
39071,50,64,-14,14
39072,101,106,-5,5
39073,44,54,-10,10
39074,99,101,-2,2
39075,171,154,17,17
39076,43,49,-6,6
39077,93,103,-10,10
39078,139,134,5,5
39079,120,113,7,7
39080,98,104,-6,6
39081,101,103,-2,2
39082,80,75,5,5
39083,63,59,4,4
39084,149,147,2,2
39085,132,122,10,10
39086,71,72,-1,1
39087,92,99,-7,7
39088,61,75,-14,14
39089,110,110,0,0
39090,67,68,-1,1
39091,38,74,-36,36
39092,89,106,-17,17
39093,86,86,0,0
39094,157,168,-11,11
39095,63,71,-8,8
39096,56,62,-6,6
39097,96,100,-4,4
39098,58,64,-6,6
39099,164,160,4,4
39100,107,104,3,3
39101,131,118,13,13
39102,119,112,7,7
39103,103,103,0,0
39104,58,61,-3,3
39105,158,139,19,19
39106,148,133,15,15
39107,107,110,-3,3
39108,108,94,14,14
39109,85,74,11,11
39110,76,79,-3,3
39111,72,66,6,6
39112,133,132,1,1
39113,71,75,-4,4
39114,90,81,9,9
39115,105,102,3,3
39116,107,109,-2,2
39117,84,80,4,4
39118,67,72,-5,5
39119,154,145,9,9
39120,63,76,-13,13
39121,182,160,22,22
39122,130,123,7,7
39123,126,127,-1,1
39124,135,127,8,8
39125,86,84,2,2
39126,90,93,-3,3
39127,69,68,1,1
39128,99,104,-5,5
39129,81,87,-6,6
39130,92,88,4,4
39131,83,80,3,3
39132,76,71,5,5
39133,79,72,7,7
39134,59,64,-5,5
39135,100,100,0,0
39136,60,70,-10,10
39137,76,79,-3,3
39138,110,97,13,13
39139,112,108,4,4
39140,93,96,-3,3
39141,101,101,0,0
39142,107,110,-3,3
39143,180,168,12,12
39144,109,106,3,3
39145,85,79,6,6
39146,123,116,7,7
39147,90,91,-1,1
39148,118,116,2,2
39149,108,100,8,8
39150,95,87,8,8
39151,119,112,7,7
39152,115,97,18,18
39153,145,132,13,13
39154,46,59,-13,13
39155,59,66,-7,7
39156,127,131,-4,4
39157,114,114,0,0
39158,101,100,1,1
39159,134,129,5,5
39160,99,97,2,2
39161,143,135,8,8
39162,136,127,9,9
39163,152,146,6,6
39164,103,99,4,4
39165,79,76,3,3
39166,83,79,4,4
39167,125,110,15,15
39168,74,89,-15,15
39169,44,49,-5,5
39170,100,104,-4,4
39171,111,108,3,3
39172,65,63,2,2
39173,102,98,4,4
39174,109,103,6,6
39175,80,73,7,7
39176,117,113,4,4
39177,121,114,7,7
39178,154,144,10,10
39179,55,59,-4,4
39180,90,92,-2,2
39181,137,116,21,21
39182,53,56,-3,3
39183,137,133,4,4
39184,64,66,-2,2
39185,133,119,14,14
39186,38,32,6,6
39187,105,89,16,16
39188,45,49,-4,4
39189,133,121,12,12
39190,121,119,2,2
39191,138,125,13,13
39192,84,74,10,10
39193,79,78,1,1
39194,48,51,-3,3
39195,51,63,-12,12
39196,90,88,2,2
39197,79,76,3,3
39198,73,71,2,2
39199,82,72,10,10
39200,90,93,-3,3
39201,98,74,24,24
39202,56,62,-6,6
39203,100,92,8,8
39204,55,71,-16,16
39205,116,123,-7,7
39206,61,61,0,0
39207,77,73,4,4
39208,131,124,7,7
39209,115,126,-11,11
39210,94,82,12,12
39211,80,77,3,3
39212,57,59,-2,2
39213,112,105,7,7
39214,98,92,6,6
39215,136,136,0,0
39216,125,109,16,16
39217,90,97,-7,7
39218,81,82,-1,1
39219,123,121,2,2
39220,114,119,-5,5
39221,35,62,-27,27
39222,55,56,-1,1
39223,110,104,6,6
39224,52,53,-1,1
39225,191,173,18,18
39226,48,62,-14,14
39227,70,63,7,7
39228,116,115,1,1
39229,114,115,-1,1
39230,71,74,-3,3
39231,130,116,14,14
39232,92,87,5,5
39233,111,114,-3,3
39234,150,147,3,3
39235,112,130,-18,18
39236,85,83,2,2
39237,75,74,1,1
39238,64,67,-3,3
39239,65,68,-3,3
39240,164,156,8,8
39241,63,55,8,8
39242,105,104,1,1
39243,96,92,4,4
39244,102,86,16,16
39245,84,74,10,10
39246,72,78,-6,6
39247,118,121,-3,3
39248,110,106,4,4
39249,81,83,-2,2
39250,109,114,-5,5
39251,76,69,7,7
39252,64,65,-1,1
39253,133,118,15,15
39254,143,126,17,17
39255,72,75,-3,3
39256,74,80,-6,6
39257,41,44,-3,3
39258,65,67,-2,2
39259,73,69,4,4
39260,63,70,-7,7
39261,175,158,17,17
39262,85,98,-13,13
39263,82,79,3,3
39264,48,50,-2,2
39265,97,88,9,9
39266,86,86,0,0
39267,66,69,-3,3
39268,80,76,4,4
39269,84,84,0,0
39270,90,85,5,5
39271,76,84,-8,8
39272,90,91,-1,1
39273,128,132,-4,4
39274,76,84,-8,8
39275,84,81,3,3
39276,116,115,1,1
39277,72,78,-6,6
39278,88,81,7,7
39279,58,58,0,0
39280,80,75,5,5
39281,122,112,10,10
39282,84,88,-4,4
39283,62,66,-4,4
39284,78,73,5,5
39285,113,112,1,1
39286,152,144,8,8
39287,68,71,-3,3
39288,72,70,2,2
39289,104,104,0,0
39290,100,97,3,3
39291,92,85,7,7
39292,95,87,8,8
39293,66,63,3,3
39294,78,81,-3,3
39295,117,104,13,13
39296,109,94,15,15
39297,157,140,17,17
39298,100,85,15,15
39299,101,93,8,8
39300,68,63,5,5
39301,137,119,18,18
39302,144,149,-5,5
39303,152,148,4,4
39304,121,109,12,12
39305,83,82,1,1
39306,86,91,-5,5
39307,72,67,5,5
39308,82,93,-11,11
39309,115,106,9,9
39310,44,44,0,0
39311,130,135,-5,5
39312,84,82,2,2
39313,104,100,4,4
39314,70,66,4,4
39315,152,128,24,24
39316,66,70,-4,4
39317,137,113,24,24
39318,86,81,5,5
39319,130,118,12,12
39320,105,100,5,5
39321,79,80,-1,1
39322,79,76,3,3
39323,68,67,1,1
39324,86,79,7,7
39325,90,97,-7,7
39326,174,157,17,17
39327,41,46,-5,5
39328,109,97,12,12
39329,98,88,10,10
39330,79,83,-4,4
39331,107,116,-9,9
39332,138,136,2,2
39333,49,40,9,9
39334,68,76,-8,8
39335,465,370,95,95
39336,102,88,14,14
39337,108,110,-2,2
39338,98,101,-3,3
39339,70,63,7,7
39340,90,87,3,3
39341,103,101,2,2
39342,84,74,10,10
39343,128,136,-8,8
39344,205,189,16,16
39345,149,134,15,15
39346,51,57,-6,6
39347,64,67,-3,3
39348,155,138,17,17
39349,61,67,-6,6
39350,91,85,6,6
39351,69,75,-6,6
39352,51,64,-13,13
39353,59,59,0,0
39354,110,99,11,11
39355,145,128,17,17
39356,86,98,-12,12
39357,192,182,10,10
39358,80,69,11,11
39359,62,62,0,0
39360,116,118,-2,2
39361,94,102,-8,8
39362,60,62,-2,2
39363,128,142,-14,14
39364,129,126,3,3
39365,111,111,0,0
39366,137,133,4,4
39367,164,147,17,17
39368,119,111,8,8
39369,90,86,4,4
39370,114,129,-15,15
39371,26,21,5,5
39372,107,108,-1,1
39373,68,69,-1,1
39374,118,119,-1,1
39375,124,117,7,7
39376,170,160,10,10
39377,61,66,-5,5
39378,136,134,2,2
39379,196,147,49,49
39380,87,79,8,8
39381,95,106,-11,11
39382,108,115,-7,7
39383,151,144,7,7
39384,67,70,-3,3
39385,149,144,5,5
39386,113,106,7,7
39387,50,55,-5,5
39388,79,83,-4,4
39389,103,100,3,3
39390,80,75,5,5
39391,172,174,-2,2
39392,105,112,-7,7
39393,82,81,1,1
39394,47,49,-2,2
39395,54,52,2,2
39396,80,72,8,8
39397,64,61,3,3
39398,150,137,13,13
39399,134,126,8,8
39400,61,71,-10,10
39401,108,103,5,5
39402,116,119,-3,3
39403,101,117,-16,16
39404,81,80,1,1
39405,90,93,-3,3
39406,71,75,-4,4
39407,119,116,3,3
39408,133,132,1,1
39409,125,134,-9,9
39410,70,68,2,2
39411,182,168,14,14
39412,114,117,-3,3
39413,136,139,-3,3
39414,76,77,-1,1
39415,114,101,13,13
39416,46,51,-5,5
39417,97,110,-13,13
39418,70,75,-5,5
39419,63,55,8,8
39420,100,91,9,9
39421,114,105,9,9
39422,52,52,0,0
39423,130,129,1,1
39424,108,97,11,11
39425,133,119,14,14
39426,26,35,-9,9
39427,75,77,-2,2
39428,112,120,-8,8
39429,73,67,6,6
39430,44,51,-7,7
39431,75,76,-1,1
39432,93,89,4,4
39433,60,72,-12,12
39434,83,81,2,2
39435,140,127,13,13
39436,100,103,-3,3
39437,107,98,9,9
39438,95,80,15,15
39439,111,99,12,12
39440,112,104,8,8
39441,67,73,-6,6
39442,52,53,-1,1
39443,113,100,13,13
39444,77,76,1,1
39445,135,129,6,6
39446,61,61,0,0
39447,58,71,-13,13
39448,60,65,-5,5
39449,100,96,4,4
39450,49,56,-7,7
39451,71,68,3,3
39452,104,104,0,0
39453,49,53,-4,4
39454,141,135,6,6
39455,113,112,1,1
39456,74,69,5,5
39457,135,134,1,1
39458,61,68,-7,7
39459,115,118,-3,3
39460,89,96,-7,7
39461,76,66,10,10
39462,111,118,-7,7
39463,61,70,-9,9
39464,54,51,3,3
39465,95,102,-7,7
39466,125,125,0,0
39467,168,166,2,2
39468,71,68,3,3
39469,80,79,1,1
39470,224,221,3,3
39471,87,87,0,0
39472,65,67,-2,2
39473,130,137,-7,7
39474,111,114,-3,3
39475,76,70,6,6
39476,111,105,6,6
39477,88,94,-6,6
39478,97,92,5,5
39479,118,118,0,0
39480,93,79,14,14
39481,131,120,11,11
39482,82,81,1,1
39483,153,139,14,14
39484,76,79,-3,3
39485,105,112,-7,7
39486,38,38,0,0
39487,56,67,-11,11
39488,75,72,3,3
39489,40,40,0,0
39490,139,139,0,0
39491,78,95,-17,17
39492,72,74,-2,2
39493,123,132,-9,9
39494,71,68,3,3
39495,144,139,5,5
39496,51,56,-5,5
39497,63,63,0,0
39498,51,57,-6,6
39499,98,92,6,6
39500,83,79,4,4
39501,75,85,-10,10
39502,108,108,0,0
39503,100,102,-2,2
39504,61,57,4,4
39505,76,75,1,1
39506,156,216,-60,60
39507,69,70,-1,1
39508,219,204,15,15
39509,112,111,1,1
39510,86,87,-1,1
39511,53,55,-2,2
39512,108,103,5,5
39513,82,78,4,4
39514,89,78,11,11
39515,125,118,7,7
39516,96,115,-19,19
39517,113,108,5,5
39518,61,71,-10,10
39519,39,43,-4,4
39520,65,76,-11,11
39521,101,98,3,3
39522,188,166,22,22
39523,73,73,0,0
39524,51,64,-13,13
39525,126,123,3,3
39526,95,117,-22,22
39527,85,103,-18,18
39528,112,114,-2,2
39529,117,119,-2,2
39530,109,93,16,16
39531,47,54,-7,7
39532,63,75,-12,12
39533,92,90,2,2
39534,78,79,-1,1
39535,100,90,10,10
39536,137,122,15,15
39537,163,155,8,8
39538,74,78,-4,4
39539,64,74,-10,10
39540,87,76,11,11
39541,87,85,2,2
39542,120,125,-5,5
39543,129,121,8,8
39544,137,132,5,5
39545,65,65,0,0
39546,67,70,-3,3
39547,83,82,1,1
39548,91,84,7,7
39549,88,82,6,6
39550,47,47,0,0
39551,119,119,0,0
39552,76,75,1,1
39553,96,91,5,5
39554,69,76,-7,7
39555,91,89,2,2
39556,95,94,1,1
39557,89,99,-10,10
39558,89,80,9,9
39559,106,104,2,2
39560,86,68,18,18
39561,119,107,12,12
39562,76,81,-5,5
39563,95,83,12,12
39564,93,86,7,7
39565,93,79,14,14
39566,87,84,3,3
39567,142,144,-2,2
39568,81,81,0,0
39569,54,52,2,2
39570,131,121,10,10
39571,53,55,-2,2
39572,132,132,0,0
39573,83,82,1,1
39574,77,69,8,8
39575,86,93,-7,7
39576,135,125,10,10
39577,114,107,7,7
39578,75,83,-8,8
39579,62,73,-11,11
39580,96,87,9,9
39581,88,78,10,10
39582,58,59,-1,1
39583,55,62,-7,7
39584,70,68,2,2
39585,162,151,11,11
39586,98,85,13,13
39587,73,67,6,6
39588,52,58,-6,6
39589,86,83,3,3
39590,133,119,14,14
39591,102,101,1,1
39592,137,131,6,6
39593,58,56,2,2
39594,94,79,15,15
39595,158,145,13,13
39596,88,85,3,3
39597,81,85,-4,4
39598,88,75,13,13
39599,170,174,-4,4
39600,132,126,6,6
39601,160,157,3,3
39602,69,71,-2,2
39603,78,76,2,2
39604,47,67,-20,20
39605,122,120,2,2
39606,46,55,-9,9
39607,81,83,-2,2
39608,173,176,-3,3
39609,36,112,-76,76
39610,84,74,10,10
39611,118,106,12,12
39612,113,102,11,11
39613,162,156,6,6
39614,98,104,-6,6
39615,96,93,3,3
39616,71,75,-4,4
39617,68,67,1,1
39618,85,79,6,6
39619,34,64,-30,30
39620,69,75,-6,6
39621,69,74,-5,5
39622,128,121,7,7
39623,99,102,-3,3
39624,121,121,0,0
39625,179,165,14,14
39626,92,96,-4,4
39627,171,173,-2,2
39628,94,94,0,0
39629,112,113,-1,1
39630,79,75,4,4
39631,57,67,-10,10
39632,72,79,-7,7
39633,161,140,21,21
39634,132,126,6,6
39635,126,116,10,10
39636,78,82,-4,4
39637,72,69,3,3
39638,88,91,-3,3
39639,93,91,2,2
39640,56,58,-2,2
39641,179,166,13,13
39642,99,91,8,8
39643,143,126,17,17
39644,25,31,-6,6
39645,85,79,6,6
39646,50,54,-4,4
39647,110,103,7,7
39648,133,123,10,10
39649,103,93,10,10
39650,149,146,3,3
39651,146,148,-2,2
39652,65,72,-7,7
39653,117,130,-13,13
39654,53,53,0,0
39655,155,138,17,17
39656,127,126,1,1
39657,87,86,1,1
39658,167,153,14,14
39659,74,72,2,2
39660,65,69,-4,4
39661,50,52,-2,2
39662,109,107,2,2
39663,65,68,-3,3
39664,98,90,8,8
39665,128,123,5,5
39666,132,131,1,1
39667,174,174,0,0
39668,81,81,0,0
39669,69,72,-3,3
39670,77,70,7,7
39671,69,68,1,1
39672,68,71,-3,3
39673,132,133,-1,1
39674,152,163,-11,11
39675,87,86,1,1
39676,30,32,-2,2
39677,98,85,13,13
39678,99,94,5,5
39679,116,116,0,0
39680,100,96,4,4
39681,137,127,10,10
39682,63,65,-2,2
39683,82,84,-2,2
39684,99,114,-15,15
39685,58,63,-5,5
39686,68,70,-2,2
39687,121,114,7,7
39688,91,77,14,14
39689,61,79,-18,18
39690,46,47,-1,1
39691,107,115,-8,8
39692,80,77,3,3
39693,78,79,-1,1
39694,83,77,6,6
39695,139,134,5,5
39696,113,115,-2,2
39697,109,114,-5,5
39698,168,160,8,8
39699,148,138,10,10
39700,90,80,10,10
39701,49,56,-7,7
39702,91,98,-7,7
39703,48,49,-1,1
39704,99,102,-3,3
39705,125,128,-3,3
39706,77,94,-17,17
39707,89,85,4,4
39708,85,76,9,9
39709,85,80,5,5
39710,60,65,-5,5
39711,100,95,5,5
39712,61,65,-4,4
39713,87,84,3,3
39714,79,80,-1,1
39715,48,47,1,1
39716,90,98,-8,8
39717,85,80,5,5
39718,77,73,4,4
39719,56,62,-6,6
39720,55,56,-1,1
39721,148,140,8,8
39722,108,101,7,7
39723,69,66,3,3
39724,151,138,13,13
39725,98,83,15,15
39726,87,87,0,0
39727,76,73,3,3
39728,84,80,4,4
39729,39,43,-4,4
39730,105,102,3,3
39731,68,91,-23,23
39732,58,71,-13,13
39733,81,78,3,3
39734,108,110,-2,2
39735,98,100,-2,2
39736,148,132,16,16
39737,71,73,-2,2
39738,108,101,7,7
39739,68,74,-6,6
39740,82,81,1,1
39741,159,139,20,20
39742,109,95,14,14
39743,113,105,8,8
39744,106,101,5,5
39745,124,112,12,12
39746,74,75,-1,1
39747,23,21,2,2
39748,94,85,9,9
39749,69,70,-1,1
39750,63,71,-8,8
39751,49,59,-10,10
39752,83,78,5,5
39753,65,65,0,0
39754,122,96,26,26
39755,110,107,3,3
39756,145,140,5,5
39757,128,111,17,17
39758,61,57,4,4
39759,135,124,11,11
39760,62,52,10,10
39761,143,122,21,21
39762,59,63,-4,4
39763,133,128,5,5
39764,84,88,-4,4
39765,127,121,6,6
39766,75,73,2,2
39767,128,123,5,5
39768,85,86,-1,1
39769,127,114,13,13
39770,66,75,-9,9
39771,45,47,-2,2
39772,89,85,4,4
39773,82,77,5,5
39774,98,89,9,9
39775,51,72,-21,21
39776,112,114,-2,2
39777,70,74,-4,4
39778,75,58,17,17
39779,97,95,2,2
39780,59,71,-12,12
39781,51,47,4,4
39782,53,54,-1,1
39783,56,72,-16,16
39784,67,62,5,5
39785,66,73,-7,7
39786,89,86,3,3
39787,94,81,13,13
39788,77,82,-5,5
39789,41,47,-6,6
39790,85,82,3,3
39791,72,69,3,3
39792,108,109,-1,1
39793,105,103,2,2
39794,67,71,-4,4
39795,97,91,6,6
39796,76,75,1,1
39797,133,144,-11,11
39798,93,89,4,4
39799,40,47,-7,7
39800,66,63,3,3
39801,43,44,-1,1
39802,145,133,12,12
39803,135,117,18,18
39804,64,69,-5,5
39805,76,93,-17,17
39806,55,56,-1,1
39807,78,72,6,6
39808,103,97,6,6
39809,141,142,-1,1
39810,152,152,0,0
39811,110,119,-9,9
39812,122,113,9,9
39813,78,79,-1,1
39814,82,79,3,3
39815,104,89,15,15
39816,112,106,6,6
39817,69,67,2,2
39818,48,51,-3,3
39819,60,66,-6,6
39820,54,51,3,3
39821,128,118,10,10
39822,61,58,3,3
39823,108,124,-16,16
39824,86,83,3,3
39825,74,80,-6,6
39826,168,159,9,9
39827,76,73,3,3
39828,80,81,-1,1
39829,96,86,10,10
39830,74,71,3,3
39831,59,57,2,2
39832,143,138,5,5
39833,68,59,9,9
39834,76,78,-2,2
39835,97,100,-3,3
39836,66,69,-3,3
39837,94,89,5,5
39838,159,149,10,10
39839,76,68,8,8
39840,121,123,-2,2
39841,123,124,-1,1
39842,80,79,1,1
39843,77,77,0,0
39844,52,58,-6,6
39845,115,121,-6,6
39846,180,157,23,23
39847,70,69,1,1
39848,79,86,-7,7
39849,112,100,12,12
39850,89,88,1,1
39851,83,80,3,3
39852,108,113,-5,5
39853,67,69,-2,2
39854,86,81,5,5
39855,82,91,-9,9
39856,156,149,7,7
39857,141,128,13,13
39858,154,145,9,9
39859,63,65,-2,2
39860,52,51,1,1
39861,122,110,12,12
39862,69,78,-9,9
39863,93,88,5,5
39864,106,113,-7,7
39865,76,86,-10,10
39866,97,89,8,8
39867,96,93,3,3
39868,116,116,0,0
39869,98,103,-5,5
39870,89,83,6,6
39871,137,136,1,1
39872,88,75,13,13
39873,115,115,0,0
39874,135,129,6,6
39875,99,100,-1,1
39876,68,73,-5,5
39877,98,95,3,3
39878,119,114,5,5
39879,77,74,3,3
39880,74,79,-5,5
39881,115,110,5,5
39882,67,70,-3,3
39883,79,84,-5,5
39884,107,110,-3,3
39885,83,80,3,3
39886,74,81,-7,7
39887,160,157,3,3
39888,56,65,-9,9
39889,74,74,0,0
39890,95,94,1,1
39891,141,148,-7,7
39892,98,96,2,2
39893,84,83,1,1
39894,118,111,7,7
39895,58,54,4,4
39896,54,64,-10,10
39897,74,75,-1,1
39898,69,72,-3,3
39899,123,107,16,16
39900,59,60,-1,1
39901,50,58,-8,8
39902,56,54,2,2
39903,55,61,-6,6
39904,145,131,14,14
39905,89,82,7,7
39906,74,67,7,7
39907,67,70,-3,3
39908,100,101,-1,1
39909,99,97,2,2
39910,64,69,-5,5
39911,49,59,-10,10
39912,144,142,2,2
39913,65,67,-2,2
39914,57,59,-2,2
39915,74,75,-1,1
39916,82,84,-2,2
39917,80,75,5,5
39918,167,178,-11,11
39919,55,49,6,6
39920,98,100,-2,2
39921,69,72,-3,3
39922,60,63,-3,3
39923,149,142,7,7
39924,170,167,3,3
39925,56,59,-3,3
39926,120,115,5,5
39927,114,116,-2,2
39928,123,120,3,3
39929,67,75,-8,8
39930,145,139,6,6
39931,72,72,0,0
39932,85,81,4,4
39933,117,114,3,3
39934,87,105,-18,18
39935,66,73,-7,7
39936,116,122,-6,6
39937,53,65,-12,12
39938,109,103,6,6
39939,26,32,-6,6
39940,51,54,-3,3
39941,65,60,5,5
39942,89,80,9,9
39943,110,93,17,17
39944,70,74,-4,4
39945,46,51,-5,5
39946,119,116,3,3
39947,127,119,8,8
39948,95,86,9,9
39949,68,68,0,0
39950,73,74,-1,1
39951,112,104,8,8
39952,152,158,-6,6
39953,83,80,3,3
39954,115,110,5,5
39955,131,109,22,22
39956,49,46,3,3
39957,118,98,20,20
39958,94,83,11,11
39959,120,121,-1,1
39960,64,74,-10,10
39961,145,136,9,9
39962,63,68,-5,5
39963,62,64,-2,2
39964,55,54,1,1
39965,113,119,-6,6
39966,62,74,-12,12
39967,80,76,4,4
39968,100,90,10,10
39969,72,77,-5,5
39970,75,72,3,3
39971,104,100,4,4
39972,56,53,3,3
39973,116,128,-12,12
39974,87,89,-2,2
39975,109,105,4,4
39976,107,111,-4,4
39977,63,69,-6,6
39978,127,130,-3,3
39979,124,108,16,16
39980,67,66,1,1
39981,229,185,44,44
39982,144,124,20,20
39983,110,112,-2,2
39984,70,67,3,3
39985,102,98,4,4
39986,153,132,21,21
39987,82,80,2,2
39988,50,52,-2,2
39989,54,60,-6,6
39990,97,89,8,8
39991,75,81,-6,6
39992,83,77,6,6
39993,88,82,6,6
39994,129,121,8,8
39995,91,76,15,15
39996,115,102,13,13
39997,96,92,4,4
39998,177,173,4,4
39999,109,108,1,1
40000,91,88,3,3
40001,102,97,5,5
40002,75,69,6,6
40003,67,70,-3,3
40004,85,83,2,2
40005,133,124,9,9
40006,122,116,6,6
40007,99,98,1,1
40008,72,76,-4,4
40009,80,80,0,0
40010,61,62,-1,1
40011,118,108,10,10
40012,112,110,2,2
40013,69,76,-7,7
40014,156,150,6,6
40015,140,135,5,5
40016,55,55,0,0
40017,85,90,-5,5
40018,104,94,10,10
40019,113,104,9,9
40020,61,66,-5,5
40021,110,117,-7,7
40022,142,125,17,17
40023,93,87,6,6
40024,49,56,-7,7
40025,139,136,3,3
40026,42,46,-4,4
40027,80,74,6,6
40028,138,131,7,7
40029,148,145,3,3
40030,28,49,-21,21
40031,54,61,-7,7
40032,85,76,9,9
40033,84,80,4,4
40034,161,144,17,17
40035,80,77,3,3
40036,108,121,-13,13
40037,91,90,1,1
40038,92,82,10,10
40039,92,99,-7,7
40040,91,77,14,14
40041,146,131,15,15
40042,59,70,-11,11
40043,109,100,9,9
40044,67,70,-3,3
40045,89,90,-1,1
40046,156,143,13,13
40047,106,100,6,6
40048,71,75,-4,4
40049,161,152,9,9
40050,97,91,6,6
40051,95,87,8,8
40052,128,127,1,1
40053,79,90,-11,11
40054,127,134,-7,7
40055,88,89,-1,1
40056,63,66,-3,3
40057,47,49,-2,2
40058,67,77,-10,10
40059,44,41,3,3
40060,70,65,5,5
40061,59,56,3,3
40062,115,113,2,2
40063,123,127,-4,4
40064,49,49,0,0
40065,81,78,3,3
40066,55,59,-4,4
40067,105,93,12,12
40068,120,121,-1,1
40069,95,97,-2,2
40070,73,77,-4,4
40071,76,80,-4,4
40072,95,90,5,5
40073,35,40,-5,5
40074,85,78,7,7
40075,65,78,-13,13
40076,125,123,2,2
40077,62,62,0,0
40078,95,93,2,2
40079,139,132,7,7
40080,77,81,-4,4
40081,65,67,-2,2
40082,53,58,-5,5
40083,83,73,10,10
40084,62,52,10,10
40085,74,72,2,2
40086,32,36,-4,4
40087,67,67,0,0
40088,134,120,14,14
40089,78,84,-6,6
40090,88,83,5,5
40091,81,83,-2,2
40092,60,67,-7,7
40093,117,102,15,15
40094,61,66,-5,5
40095,147,142,5,5
40096,217,191,26,26
40097,84,83,1,1
40098,67,68,-1,1
40099,158,171,-13,13
40100,51,62,-11,11
40101,91,90,1,1
40102,72,68,4,4
40103,121,122,-1,1
40104,76,72,4,4
40105,117,109,8,8
40106,63,63,0,0
40107,82,86,-4,4
40108,87,96,-9,9
40109,77,74,3,3
40110,67,73,-6,6
40111,129,105,24,24
40112,56,58,-2,2
40113,60,67,-7,7
40114,130,117,13,13
40115,106,116,-10,10
40116,73,66,7,7
40117,89,85,4,4
40118,85,93,-8,8
40119,71,67,4,4
40120,206,200,6,6
40121,142,148,-6,6
40122,106,106,0,0
40123,98,96,2,2
40124,60,72,-12,12
40125,113,115,-2,2
40126,57,65,-8,8
40127,73,71,2,2
40128,186,154,32,32
40129,87,90,-3,3
40130,122,115,7,7
40131,80,84,-4,4
40132,130,119,11,11
40133,106,103,3,3
40134,175,192,-17,17
40135,135,140,-5,5
40136,115,110,5,5
40137,80,76,4,4
40138,125,111,14,14
40139,85,90,-5,5
40140,85,78,7,7
40141,143,136,7,7
40142,92,85,7,7
40143,74,61,13,13
40144,66,76,-10,10
40145,68,70,-2,2
40146,103,97,6,6
40147,82,80,2,2
40148,57,59,-2,2
40149,102,109,-7,7
40150,117,118,-1,1
40151,79,82,-3,3
40152,179,153,26,26
40153,111,118,-7,7
40154,59,65,-6,6
40155,90,84,6,6
40156,82,107,-25,25
40157,120,116,4,4
40158,89,86,3,3
40159,76,75,1,1
40160,74,69,5,5
40161,54,57,-3,3
40162,51,59,-8,8
40163,71,75,-4,4
40164,116,99,17,17
40165,84,77,7,7
40166,107,100,7,7
40167,83,78,5,5
40168,170,159,11,11
40169,118,117,1,1
40170,115,107,8,8
40171,78,87,-9,9
40172,155,148,7,7
40173,143,146,-3,3
40174,80,86,-6,6
40175,64,75,-11,11
40176,97,84,13,13
40177,92,89,3,3
40178,63,69,-6,6
40179,196,172,24,24
40180,70,78,-8,8
40181,95,93,2,2
40182,73,75,-2,2
40183,64,74,-10,10
40184,86,96,-10,10
40185,93,95,-2,2
40186,81,77,4,4
40187,132,105,27,27
40188,89,74,15,15
40189,80,72,8,8
40190,61,64,-3,3
40191,148,151,-3,3
40192,104,100,4,4
40193,105,104,1,1
40194,94,85,9,9
40195,72,76,-4,4
40196,71,70,1,1
40197,115,112,3,3
40198,100,94,6,6
40199,64,66,-2,2
40200,88,84,4,4
40201,175,179,-4,4
40202,153,159,-6,6
40203,58,55,3,3
40204,143,146,-3,3
40205,49,49,0,0
40206,62,59,3,3
40207,72,71,1,1
40208,112,110,2,2
40209,90,82,8,8
40210,88,82,6,6
40211,92,84,8,8
40212,25,43,-18,18
40213,97,92,5,5
40214,133,121,12,12
40215,86,85,1,1
40216,81,79,2,2
40217,164,151,13,13
40218,64,60,4,4
40219,79,75,4,4
40220,108,104,4,4
40221,62,72,-10,10
40222,84,82,2,2
40223,187,184,3,3
40224,70,77,-7,7
40225,119,108,11,11
40226,86,90,-4,4
40227,118,111,7,7
40228,79,83,-4,4
40229,77,76,1,1
40230,85,88,-3,3
40231,107,96,11,11
40232,76,76,0,0
40233,54,47,7,7
40234,66,67,-1,1
40235,64,72,-8,8
40236,56,45,11,11
40237,147,154,-7,7
40238,92,83,9,9
40239,119,110,9,9
40240,61,72,-11,11
40241,112,103,9,9
40242,116,121,-5,5
40243,68,76,-8,8
40244,153,147,6,6
40245,114,123,-9,9
40246,115,111,4,4
40247,91,88,3,3
40248,68,72,-4,4
40249,111,105,6,6
40250,79,70,9,9
40251,57,67,-10,10
40252,114,115,-1,1
40253,66,72,-6,6
40254,96,81,15,15
40255,83,91,-8,8
40256,93,81,12,12
40257,83,77,6,6
40258,80,74,6,6
40259,82,80,2,2
40260,114,114,0,0
40261,49,60,-11,11
40262,67,75,-8,8
40263,79,76,3,3
40264,77,77,0,0
40265,64,70,-6,6
40266,177,166,11,11
40267,71,76,-5,5
40268,99,89,10,10
40269,90,84,6,6
40270,107,102,5,5
40271,103,91,12,12
40272,144,138,6,6
40273,81,76,5,5
40274,69,69,0,0
40275,63,79,-16,16
40276,105,106,-1,1
40277,100,88,12,12
40278,118,121,-3,3
40279,89,75,14,14
40280,90,85,5,5
40281,88,88,0,0
40282,69,67,2,2
40283,59,55,4,4
40284,84,79,5,5
40285,143,141,2,2
40286,112,121,-9,9
40287,143,152,-9,9
40288,78,92,-14,14
40289,38,44,-6,6
40290,107,93,14,14
40291,57,63,-6,6
40292,62,98,-36,36
40293,79,80,-1,1
40294,72,76,-4,4
40295,85,79,6,6
40296,83,84,-1,1
40297,69,69,0,0
40298,62,63,-1,1
40299,80,82,-2,2
40300,55,66,-11,11
40301,77,70,7,7
40302,77,90,-13,13
40303,81,86,-5,5
40304,88,83,5,5
40305,75,82,-7,7
40306,103,104,-1,1
40307,63,63,0,0
40308,115,100,15,15
40309,149,150,-1,1
40310,48,49,-1,1
40311,67,64,3,3
40312,167,145,22,22
40313,116,114,2,2
40314,40,50,-10,10
40315,93,93,0,0
40316,98,89,9,9
40317,105,93,12,12
40318,150,138,12,12
40319,174,145,29,29
40320,156,138,18,18
40321,61,98,-37,37
40322,124,127,-3,3
40323,61,61,0,0
40324,58,59,-1,1
40325,147,147,0,0
40326,80,86,-6,6
40327,115,101,14,14
40328,139,136,3,3
40329,73,74,-1,1
40330,208,198,10,10
40331,92,98,-6,6
40332,63,59,4,4
40333,126,118,8,8
40334,31,33,-2,2
40335,55,72,-17,17
40336,154,145,9,9
40337,110,107,3,3
40338,62,60,2,2
40339,124,119,5,5
40340,81,76,5,5
40341,78,71,7,7
40342,122,131,-9,9
40343,110,119,-9,9
40344,100,84,16,16
40345,112,108,4,4
40346,58,57,1,1
40347,92,84,8,8
40348,143,137,6,6
40349,76,73,3,3
40350,62,71,-9,9
40351,72,75,-3,3
40352,96,100,-4,4
40353,98,96,2,2
40354,209,182,27,27
40355,81,78,3,3
40356,65,70,-5,5
40357,111,97,14,14
40358,158,147,11,11
40359,106,109,-3,3
40360,124,113,11,11
40361,90,80,10,10
40362,95,91,4,4
40363,86,88,-2,2
40364,89,81,8,8
40365,59,70,-11,11
40366,132,120,12,12
40367,91,75,16,16
40368,90,82,8,8
40369,85,83,2,2
40370,77,86,-9,9
40371,68,61,7,7
40372,77,83,-6,6
40373,125,127,-2,2
40374,53,53,0,0
40375,100,105,-5,5
40376,128,126,2,2
40377,78,72,6,6
40378,73,90,-17,17
40379,79,78,1,1
40380,89,89,0,0
40381,101,100,1,1
40382,93,105,-12,12
40383,93,91,2,2
40384,62,65,-3,3
40385,113,114,-1,1
40386,117,110,7,7
40387,133,124,9,9
40388,107,113,-6,6
40389,64,84,-20,20
40390,48,50,-2,2
40391,103,101,2,2
40392,91,95,-4,4
40393,121,125,-4,4
40394,109,108,1,1
40395,92,89,3,3
40396,118,106,12,12
40397,82,83,-1,1
40398,76,68,8,8
40399,98,89,9,9
40400,118,108,10,10
40401,124,129,-5,5
40402,120,101,19,19
40403,85,86,-1,1
40404,112,107,5,5
40405,88,86,2,2
40406,65,60,5,5
40407,48,49,-1,1
40408,66,77,-11,11
40409,106,81,25,25
40410,174,146,28,28
40411,161,150,11,11
40412,42,59,-17,17
40413,65,73,-8,8
40414,47,57,-10,10
40415,100,110,-10,10
40416,91,87,4,4
40417,59,62,-3,3
40418,77,84,-7,7
40419,83,78,5,5
40420,91,84,7,7
40421,91,85,6,6
40422,163,158,5,5
40423,89,82,7,7
40424,144,148,-4,4
40425,107,113,-6,6
40426,75,70,5,5
40427,210,208,2,2
40428,168,160,8,8
40429,116,105,11,11
40430,67,78,-11,11
40431,66,69,-3,3
40432,23,32,-9,9
40433,99,92,7,7
40434,66,68,-2,2
40435,56,60,-4,4
40436,92,84,8,8
40437,132,125,7,7
40438,67,70,-3,3
40439,42,39,3,3
40440,123,122,1,1
40441,44,49,-5,5
40442,117,114,3,3
40443,109,105,4,4
40444,106,101,5,5
40445,92,90,2,2
40446,88,79,9,9
40447,74,76,-2,2
40448,114,125,-11,11
40449,146,128,18,18
40450,105,101,4,4
40451,91,96,-5,5
40452,124,119,5,5
40453,178,168,10,10
40454,98,93,5,5
40455,145,151,-6,6
40456,76,75,1,1
40457,100,98,2,2
40458,128,108,20,20
40459,152,144,8,8
40460,40,44,-4,4
40461,65,72,-7,7
40462,107,109,-2,2
40463,90,84,6,6
40464,100,105,-5,5
40465,71,82,-11,11
40466,55,64,-9,9
40467,80,76,4,4
40468,131,123,8,8
40469,28,38,-10,10
40470,93,95,-2,2
40471,149,156,-7,7
40472,88,90,-2,2
40473,50,58,-8,8
40474,82,88,-6,6
40475,125,116,9,9
40476,131,116,15,15
40477,93,99,-6,6
40478,83,79,4,4
40479,149,153,-4,4
40480,74,81,-7,7
40481,124,124,0,0
40482,174,151,23,23
40483,83,110,-27,27
40484,119,120,-1,1
40485,85,80,5,5
40486,70,68,2,2
40487,197,189,8,8
40488,131,123,8,8
40489,130,118,12,12
40490,73,79,-6,6
40491,97,91,6,6
40492,85,92,-7,7
40493,198,172,26,26
40494,100,92,8,8
40495,81,89,-8,8
40496,71,75,-4,4
40497,97,95,2,2
40498,77,86,-9,9
40499,88,84,4,4
40500,90,81,9,9
40501,74,77,-3,3
40502,70,71,-1,1
40503,63,60,3,3
40504,149,136,13,13
40505,97,87,10,10
40506,65,70,-5,5
40507,81,79,2,2
40508,100,98,2,2
40509,79,86,-7,7
40510,106,104,2,2
40511,79,82,-3,3
40512,137,134,3,3
40513,82,85,-3,3
40514,68,60,8,8
40515,100,88,12,12
40516,40,48,-8,8
40517,57,58,-1,1
40518,73,77,-4,4
40519,85,85,0,0
40520,135,127,8,8
40521,126,123,3,3
40522,158,152,6,6
40523,110,105,5,5
40524,125,130,-5,5
40525,115,107,8,8
40526,112,114,-2,2
40527,71,78,-7,7
40528,121,137,-16,16
40529,97,104,-7,7
40530,104,101,3,3
40531,97,96,1,1
40532,54,58,-4,4
40533,76,79,-3,3
40534,132,107,25,25
40535,98,102,-4,4
40536,107,103,4,4
40537,119,110,9,9
40538,125,120,5,5
40539,96,99,-3,3
40540,49,54,-5,5
40541,89,76,13,13
40542,101,92,9,9
40543,86,96,-10,10
40544,43,43,0,0
40545,40,39,1,1
40546,109,104,5,5
40547,49,55,-6,6
40548,99,101,-2,2
40549,120,104,16,16
40550,70,80,-10,10
40551,177,162,15,15
40552,59,71,-12,12
40553,90,88,2,2
40554,99,97,2,2
40555,99,99,0,0
40556,113,101,12,12
40557,87,85,2,2
40558,120,119,1,1
40559,122,107,15,15
40560,156,149,7,7
40561,90,81,9,9
40562,109,106,3,3
40563,59,70,-11,11
40564,110,112,-2,2
40565,64,66,-2,2
40566,76,79,-3,3
40567,93,86,7,7
40568,81,82,-1,1
40569,155,145,10,10
40570,77,91,-14,14
40571,52,53,-1,1
40572,48,54,-6,6
40573,94,98,-4,4
40574,72,78,-6,6
40575,78,91,-13,13
40576,108,102,6,6
40577,74,82,-8,8
40578,67,68,-1,1
40579,88,81,7,7
40580,127,125,2,2
40581,88,100,-12,12
40582,53,57,-4,4
40583,101,100,1,1
40584,105,100,5,5
40585,120,118,2,2
40586,63,72,-9,9
40587,50,56,-6,6
40588,67,68,-1,1
40589,121,120,1,1
40590,76,77,-1,1
40591,95,78,17,17
40592,97,97,0,0
40593,63,73,-10,10
40594,135,128,7,7
40595,61,58,3,3
40596,79,79,0,0
40597,133,124,9,9
40598,97,102,-5,5
40599,78,68,10,10
40600,96,87,9,9
40601,47,47,0,0
40602,139,122,17,17
40603,99,92,7,7
40604,113,100,13,13
40605,94,86,8,8
40606,100,103,-3,3
40607,71,79,-8,8
40608,102,106,-4,4
40609,113,108,5,5
40610,85,83,2,2
40611,75,68,7,7
40612,62,57,5,5
40613,111,90,21,21
40614,80,76,4,4
40615,117,115,2,2
40616,107,104,3,3
40617,75,75,0,0
40618,82,86,-4,4
40619,73,75,-2,2
40620,110,105,5,5
40621,115,108,7,7
40622,151,143,8,8
40623,60,67,-7,7
40624,51,55,-4,4
40625,76,71,5,5
40626,115,109,6,6
40627,79,79,0,0
40628,85,88,-3,3
40629,84,84,0,0
40630,136,121,15,15
40631,76,79,-3,3
40632,30,43,-13,13
40633,141,133,8,8
40634,83,79,4,4
40635,81,84,-3,3
40636,79,82,-3,3
40637,113,111,2,2
40638,88,81,7,7
40639,145,168,-23,23
40640,156,149,7,7
40641,80,92,-12,12
40642,103,98,5,5
40643,116,110,6,6
40644,76,69,7,7
40645,123,120,3,3
40646,93,89,4,4
40647,103,107,-4,4
40648,67,67,0,0
40649,102,108,-6,6
40650,92,78,14,14
40651,86,83,3,3
40652,56,62,-6,6
40653,80,83,-3,3
40654,137,131,6,6
40655,48,59,-11,11
40656,87,74,13,13
40657,112,118,-6,6
40658,74,70,4,4
40659,87,83,4,4
40660,101,105,-4,4
40661,58,67,-9,9
40662,116,109,7,7
40663,97,88,9,9
40664,65,66,-1,1
40665,98,86,12,12
40666,98,87,11,11
40667,156,147,9,9
40668,88,86,2,2
40669,85,90,-5,5
40670,64,58,6,6
40671,72,75,-3,3
40672,107,112,-5,5
40673,87,102,-15,15
40674,115,111,4,4
40675,102,88,14,14
40676,120,108,12,12
40677,87,91,-4,4
40678,81,81,0,0
40679,53,58,-5,5
40680,71,74,-3,3
40681,78,76,2,2
40682,104,98,6,6
40683,113,118,-5,5
40684,51,46,5,5
40685,65,75,-10,10
40686,109,127,-18,18
40687,78,83,-5,5
40688,105,91,14,14
40689,93,100,-7,7
40690,103,100,3,3
40691,113,100,13,13
40692,77,84,-7,7
40693,135,125,10,10
40694,82,71,11,11
40695,84,81,3,3
40696,56,66,-10,10
40697,54,52,2,2
40698,146,131,15,15
40699,149,140,9,9
40700,91,81,10,10
40701,61,61,0,0
40702,117,123,-6,6
40703,46,47,-1,1
40704,159,154,5,5
40705,94,83,11,11
40706,153,137,16,16
40707,108,100,8,8
40708,85,78,7,7
40709,69,75,-6,6
40710,295,251,44,44
40711,74,76,-2,2
40712,103,101,2,2
40713,80,74,6,6
40714,68,71,-3,3
40715,120,122,-2,2
40716,86,84,2,2
40717,118,112,6,6
40718,74,77,-3,3
40719,99,85,14,14
40720,76,70,6,6
40721,134,121,13,13
40722,97,108,-11,11
40723,66,73,-7,7
40724,92,100,-8,8
40725,50,50,0,0
40726,83,91,-8,8
40727,98,100,-2,2
40728,72,73,-1,1
40729,71,73,-2,2
40730,71,78,-7,7
40731,78,81,-3,3
40732,81,82,-1,1
40733,126,125,1,1
40734,71,69,2,2
40735,70,70,0,0
40736,141,135,6,6
40737,75,69,6,6
40738,85,78,7,7
40739,89,88,1,1
40740,82,82,0,0
40741,174,155,19,19
40742,77,74,3,3
40743,113,118,-5,5
40744,165,161,4,4
40745,55,53,2,2
40746,94,82,12,12
40747,81,83,-2,2
40748,103,98,5,5
40749,87,79,8,8
40750,68,82,-14,14
40751,205,209,-4,4
40752,85,83,2,2
40753,66,66,0,0
40754,68,70,-2,2
40755,87,84,3,3
40756,101,89,12,12
40757,115,110,5,5
40758,69,68,1,1
40759,144,135,9,9
40760,97,94,3,3
40761,107,107,0,0
40762,88,99,-11,11
40763,138,131,7,7
40764,90,78,12,12
40765,129,135,-6,6
40766,66,66,0,0
40767,75,76,-1,1
40768,118,111,7,7
40769,99,95,4,4
40770,77,75,2,2
40771,89,84,5,5
40772,95,97,-2,2
40773,56,55,1,1
40774,115,111,4,4
40775,59,60,-1,1
40776,117,116,1,1
40777,110,110,0,0
40778,120,102,18,18
40779,98,83,15,15
40780,121,120,1,1
40781,100,83,17,17
40782,85,83,2,2
40783,106,102,4,4
40784,165,151,14,14
40785,65,74,-9,9
40786,58,60,-2,2
40787,165,156,9,9
40788,56,62,-6,6
40789,62,73,-11,11
40790,85,77,8,8
40791,93,95,-2,2
40792,57,64,-7,7
40793,97,96,1,1
40794,96,97,-1,1
40795,45,47,-2,2
40796,114,112,2,2
40797,77,70,7,7
40798,77,81,-4,4
40799,89,81,8,8
40800,70,71,-1,1
40801,84,85,-1,1
40802,89,101,-12,12
40803,104,105,-1,1
40804,88,85,3,3
40805,68,69,-1,1
40806,67,70,-3,3
40807,51,52,-1,1
40808,144,147,-3,3
40809,135,131,4,4
40810,89,87,2,2
40811,122,114,8,8
40812,110,103,7,7
40813,81,80,1,1
40814,147,153,-6,6
40815,60,61,-1,1
40816,137,142,-5,5
40817,110,109,1,1
40818,125,121,4,4
40819,89,90,-1,1
40820,129,140,-11,11
40821,70,63,7,7
40822,149,153,-4,4
40823,72,77,-5,5
40824,96,99,-3,3
40825,76,79,-3,3
40826,154,148,6,6
40827,220,192,28,28
40828,106,107,-1,1
40829,95,101,-6,6
40830,158,160,-2,2
40831,140,137,3,3
40832,86,86,0,0
40833,96,84,12,12
40834,100,92,8,8
40835,70,79,-9,9
40836,64,67,-3,3
40837,147,141,6,6
40838,75,75,0,0
40839,80,77,3,3
40840,161,143,18,18
40841,83,100,-17,17
40842,89,78,11,11
40843,169,158,11,11
40844,85,84,1,1
40845,151,152,-1,1
40846,85,78,7,7
40847,61,71,-10,10
40848,62,61,1,1
40849,118,109,9,9
40850,97,93,4,4
40851,118,110,8,8
40852,104,90,14,14
40853,44,47,-3,3
40854,101,94,7,7
40855,69,72,-3,3
40856,52,54,-2,2
40857,115,114,1,1
40858,56,58,-2,2
40859,110,118,-8,8
40860,96,117,-21,21
40861,88,83,5,5
40862,94,96,-2,2
40863,60,59,1,1
40864,108,105,3,3
40865,114,101,13,13
40866,87,84,3,3
40867,102,100,2,2
40868,75,70,5,5
40869,56,54,2,2
40870,123,124,-1,1
40871,29,43,-14,14
40872,70,81,-11,11
40873,87,80,7,7
40874,48,62,-14,14
40875,108,101,7,7
40876,164,162,2,2
40877,125,108,17,17
40878,66,70,-4,4
40879,190,177,13,13
40880,91,85,6,6
40881,116,98,18,18
40882,96,91,5,5
40883,86,82,4,4
40884,157,162,-5,5
40885,149,135,14,14
40886,54,54,0,0
40887,81,80,1,1
40888,97,100,-3,3
40889,128,120,8,8
40890,96,98,-2,2
40891,121,121,0,0
40892,131,123,8,8
40893,133,119,14,14
40894,130,125,5,5
40895,97,86,11,11
40896,68,75,-7,7
40897,118,104,14,14
40898,91,84,7,7
40899,90,101,-11,11
40900,65,66,-1,1
40901,143,129,14,14
40902,80,71,9,9
40903,96,80,16,16
40904,104,94,10,10
40905,112,111,1,1
40906,86,86,0,0
40907,91,89,2,2
40908,205,174,31,31
40909,73,82,-9,9
40910,101,93,8,8
40911,73,76,-3,3
40912,90,82,8,8
40913,191,192,-1,1
40914,90,88,2,2
40915,149,146,3,3
40916,73,81,-8,8
40917,152,151,1,1
40918,115,107,8,8
40919,88,91,-3,3
40920,86,81,5,5
40921,103,100,3,3
40922,37,38,-1,1
40923,83,74,9,9
40924,76,68,8,8
40925,56,52,4,4
40926,130,124,6,6
40927,67,65,2,2
40928,78,72,6,6
40929,105,103,2,2
40930,101,97,4,4
40931,88,82,6,6
40932,83,83,0,0
40933,108,107,1,1
40934,67,63,4,4
40935,107,102,5,5
40936,43,38,5,5
40937,71,79,-8,8
40938,99,91,8,8
40939,120,125,-5,5
40940,132,117,15,15
40941,30,34,-4,4
40942,88,85,3,3
40943,82,94,-12,12
40944,59,68,-9,9
40945,68,72,-4,4
40946,120,105,15,15
40947,60,59,1,1
40948,103,97,6,6
40949,110,104,6,6
40950,114,107,7,7
40951,90,86,4,4
40952,192,180,12,12
40953,100,99,1,1
40954,119,118,1,1
40955,91,85,6,6
40956,98,94,4,4
40957,51,51,0,0
40958,94,86,8,8
40959,98,102,-4,4
40960,71,68,3,3
40961,106,121,-15,15
40962,78,80,-2,2
40963,66,73,-7,7
40964,79,81,-2,2
40965,85,84,1,1
40966,147,145,2,2
40967,68,67,1,1
40968,66,66,0,0
40969,81,80,1,1
40970,133,130,3,3
40971,120,113,7,7
40972,71,75,-4,4
40973,169,167,2,2
40974,159,148,11,11
40975,57,68,-11,11
40976,73,75,-2,2
40977,44,45,-1,1
40978,85,85,0,0
40979,49,62,-13,13
40980,54,55,-1,1
40981,89,81,8,8
40982,62,69,-7,7
40983,88,82,6,6
40984,93,99,-6,6
40985,66,70,-4,4
40986,69,69,0,0
40987,138,148,-10,10
40988,88,87,1,1
40989,102,102,0,0
40990,45,46,-1,1
40991,48,50,-2,2
40992,106,110,-4,4
40993,158,135,23,23
40994,125,118,7,7
40995,64,82,-18,18
40996,153,155,-2,2
40997,66,66,0,0
40998,87,88,-1,1
40999,90,84,6,6
41000,105,103,2,2
41001,51,49,2,2
41002,148,133,15,15
41003,123,132,-9,9
41004,59,59,0,0
41005,88,75,13,13
41006,91,91,0,0
41007,77,78,-1,1
41008,98,94,4,4
41009,84,86,-2,2
41010,97,87,10,10
41011,129,117,12,12
41012,158,158,0,0
41013,99,102,-3,3
41014,153,150,3,3
41015,140,120,20,20
41016,97,88,9,9
41017,116,119,-3,3
41018,108,100,8,8
41019,117,115,2,2
41020,112,109,3,3
41021,70,74,-4,4
41022,117,122,-5,5
41023,186,181,5,5
41024,88,84,4,4
41025,40,45,-5,5
41026,69,72,-3,3
41027,138,119,19,19
41028,68,70,-2,2
41029,194,170,24,24
41030,141,133,8,8
41031,66,76,-10,10
41032,87,92,-5,5
41033,112,109,3,3
41034,120,106,14,14
41035,117,107,10,10
41036,116,119,-3,3
41037,113,122,-9,9
41038,109,120,-11,11
41039,116,111,5,5
41040,107,100,7,7
41041,156,145,11,11
41042,54,59,-5,5
41043,96,88,8,8
41044,116,111,5,5
41045,105,97,8,8
41046,53,50,3,3
41047,146,136,10,10
41048,111,120,-9,9
41049,55,52,3,3
41050,130,122,8,8
41051,89,85,4,4
41052,99,110,-11,11
41053,101,90,11,11
41054,107,108,-1,1
41055,56,58,-2,2
41056,72,75,-3,3
41057,141,135,6,6
41058,49,54,-5,5
41059,50,45,5,5
41060,106,92,14,14
41061,71,70,1,1
41062,82,96,-14,14
41063,112,102,10,10
41064,114,117,-3,3
41065,91,89,2,2
41066,79,79,0,0
41067,87,87,0,0
41068,72,70,2,2
41069,140,136,4,4
41070,79,84,-5,5
41071,103,92,11,11
41072,105,105,0,0
41073,80,78,2,2
41074,63,66,-3,3
41075,89,83,6,6
41076,58,65,-7,7
41077,71,69,2,2
41078,91,94,-3,3
41079,64,58,6,6
41080,134,127,7,7
41081,144,141,3,3
41082,46,68,-22,22
41083,79,87,-8,8
41084,137,123,14,14
41085,71,73,-2,2
41086,88,81,7,7
41087,99,92,7,7
41088,77,78,-1,1
41089,71,73,-2,2
41090,66,68,-2,2
41091,57,63,-6,6
41092,107,105,2,2
41093,157,153,4,4
41094,59,69,-10,10
41095,107,116,-9,9
41096,150,136,14,14
41097,97,98,-1,1
41098,56,59,-3,3
41099,122,118,4,4
41100,118,106,12,12
41101,98,88,10,10
41102,87,91,-4,4
41103,84,74,10,10
41104,67,65,2,2
41105,97,99,-2,2
41106,110,109,1,1
41107,75,76,-1,1
41108,49,55,-6,6
41109,121,128,-7,7
41110,124,120,4,4
41111,86,83,3,3
41112,91,88,3,3
41113,74,70,4,4
41114,87,77,10,10
41115,61,67,-6,6
41116,76,82,-6,6
41117,169,170,-1,1
41118,79,78,1,1
41119,85,90,-5,5
41120,129,122,7,7
41121,68,70,-2,2
41122,88,111,-23,23
41123,136,121,15,15
41124,81,80,1,1
41125,143,153,-10,10
41126,66,64,2,2
41127,90,94,-4,4
41128,69,68,1,1
41129,129,136,-7,7
41130,77,83,-6,6
41131,128,126,2,2
41132,110,111,-1,1
41133,125,122,3,3
41134,82,76,6,6
41135,147,132,15,15
41136,77,78,-1,1
41137,81,70,11,11
41138,91,86,5,5
41139,106,90,16,16
41140,65,69,-4,4
41141,59,58,1,1
41142,107,111,-4,4
41143,75,83,-8,8
41144,86,97,-11,11
41145,92,89,3,3
41146,87,86,1,1
41147,115,123,-8,8
41148,70,72,-2,2
41149,78,71,7,7
41150,77,75,2,2
41151,142,151,-9,9
41152,161,157,4,4
41153,145,131,14,14
41154,102,100,2,2
41155,68,70,-2,2
41156,81,83,-2,2
41157,92,82,10,10
41158,91,92,-1,1
41159,87,83,4,4
41160,168,159,9,9
41161,58,57,1,1
41162,119,100,19,19
41163,55,49,6,6
41164,69,72,-3,3
41165,69,69,0,0
41166,99,100,-1,1
41167,72,72,0,0
41168,82,86,-4,4
41169,134,125,9,9
41170,88,79,9,9
41171,61,67,-6,6
41172,77,77,0,0
41173,106,101,5,5
41174,89,87,2,2
41175,90,86,4,4
41176,102,111,-9,9
41177,77,74,3,3
41178,63,65,-2,2
41179,76,76,0,0
41180,67,63,4,4
41181,64,75,-11,11
41182,66,69,-3,3
41183,126,124,2,2
41184,91,99,-8,8
41185,148,132,16,16
41186,111,103,8,8
41187,58,67,-9,9
41188,93,86,7,7
41189,80,76,4,4
41190,173,166,7,7
41191,80,78,2,2
41192,117,109,8,8
41193,69,59,10,10
41194,115,112,3,3
41195,122,110,12,12
41196,76,78,-2,2
41197,89,70,19,19
41198,92,107,-15,15
41199,101,97,4,4
41200,156,146,10,10
41201,88,86,2,2
41202,61,63,-2,2
41203,80,78,2,2
41204,128,122,6,6
41205,101,90,11,11
41206,114,109,5,5
41207,142,123,19,19
41208,53,50,3,3
41209,138,130,8,8
41210,49,49,0,0
41211,146,129,17,17
41212,91,88,3,3
41213,136,145,-9,9
41214,60,70,-10,10
41215,147,136,11,11
41216,86,83,3,3
41217,71,72,-1,1
41218,127,151,-24,24
41219,62,67,-5,5
41220,109,103,6,6
41221,69,73,-4,4
41222,186,182,4,4
41223,44,49,-5,5
41224,39,38,1,1
41225,89,88,1,1
41226,113,117,-4,4
41227,65,64,1,1
41228,63,70,-7,7
41229,61,68,-7,7
41230,132,122,10,10
41231,70,76,-6,6
41232,179,173,6,6
41233,103,108,-5,5
41234,118,108,10,10
41235,71,71,0,0
41236,156,142,14,14
41237,95,86,9,9
41238,108,111,-3,3
41239,92,90,2,2
41240,125,113,12,12
41241,103,91,12,12
41242,87,77,10,10
41243,57,67,-10,10
41244,95,92,3,3
41245,207,210,-3,3
41246,72,77,-5,5
41247,158,156,2,2
41248,78,77,1,1
41249,59,65,-6,6
41250,77,68,9,9
41251,78,74,4,4
41252,120,105,15,15
41253,137,130,7,7
41254,71,69,2,2
41255,117,112,5,5
41256,97,94,3,3
41257,108,110,-2,2
41258,64,70,-6,6
41259,125,117,8,8
41260,57,54,3,3
41261,47,50,-3,3
41262,110,96,14,14
41263,173,176,-3,3
41264,70,67,3,3
41265,112,107,5,5
41266,69,70,-1,1
41267,95,87,8,8
41268,50,50,0,0
41269,60,61,-1,1
41270,108,108,0,0
41271,88,86,2,2
41272,141,160,-19,19
41273,65,68,-3,3
41274,111,121,-10,10
41275,110,99,11,11
41276,156,127,29,29
41277,70,86,-16,16
41278,77,88,-11,11
41279,111,105,6,6
41280,77,78,-1,1
41281,132,145,-13,13
41282,94,83,11,11
41283,87,95,-8,8
41284,71,75,-4,4
41285,69,75,-6,6
41286,57,61,-4,4
41287,63,68,-5,5
41288,170,168,2,2
41289,99,94,5,5
41290,91,91,0,0
41291,75,81,-6,6
41292,155,149,6,6
41293,169,159,10,10
41294,121,109,12,12
41295,56,60,-4,4
41296,73,72,1,1
41297,142,95,47,47
41298,76,85,-9,9
41299,117,125,-8,8
41300,113,118,-5,5
41301,63,55,8,8
41302,146,130,16,16
41303,71,67,4,4
41304,68,67,1,1
41305,96,95,1,1
41306,64,70,-6,6
41307,79,70,9,9
41308,77,76,1,1
41309,54,61,-7,7
41310,81,81,0,0
41311,106,107,-1,1
41312,130,117,13,13
41313,63,64,-1,1
41314,74,77,-3,3
41315,87,86,1,1
41316,97,91,6,6
41317,136,143,-7,7
41318,78,76,2,2
41319,114,102,12,12
41320,172,193,-21,21
41321,69,83,-14,14
41322,55,67,-12,12
41323,68,67,1,1
41324,84,80,4,4
41325,64,68,-4,4
41326,44,50,-6,6
41327,98,90,8,8
41328,118,122,-4,4
41329,115,105,10,10
41330,151,142,9,9
41331,66,69,-3,3
41332,150,134,16,16
41333,94,85,9,9
41334,83,86,-3,3
41335,138,126,12,12
41336,96,94,2,2
41337,117,115,2,2
41338,32,28,4,4
41339,167,160,7,7
41340,162,145,17,17
41341,120,122,-2,2
41342,84,86,-2,2
41343,64,66,-2,2
41344,147,141,6,6
41345,74,78,-4,4
41346,42,54,-12,12
41347,65,77,-12,12
41348,87,89,-2,2
41349,101,107,-6,6
41350,64,61,3,3
41351,54,64,-10,10
41352,99,101,-2,2
41353,60,65,-5,5
41354,62,66,-4,4
41355,134,124,10,10
41356,79,81,-2,2
41357,74,72,2,2
41358,103,110,-7,7
41359,160,162,-2,2
41360,103,98,5,5
41361,96,93,3,3
41362,66,62,4,4
41363,72,68,4,4
41364,69,72,-3,3
41365,115,110,5,5
41366,74,68,6,6
41367,47,53,-6,6
41368,116,102,14,14
41369,75,82,-7,7
41370,74,83,-9,9
41371,138,132,6,6
41372,83,83,0,0
41373,78,81,-3,3
41374,144,133,11,11
41375,94,86,8,8
41376,91,85,6,6
41377,97,102,-5,5
41378,79,78,1,1
41379,87,85,2,2
41380,50,55,-5,5
41381,61,61,0,0
41382,66,77,-11,11
41383,83,79,4,4
41384,69,63,6,6
41385,117,101,16,16
41386,123,113,10,10
41387,152,126,26,26
41388,53,52,1,1
41389,41,71,-30,30
41390,120,108,12,12
41391,50,61,-11,11
41392,103,102,1,1
41393,59,75,-16,16
41394,146,129,17,17
41395,74,67,7,7
41396,119,110,9,9
41397,100,102,-2,2
41398,109,98,11,11
41399,140,127,13,13
41400,104,100,4,4
41401,118,121,-3,3
41402,129,117,12,12
41403,62,66,-4,4
41404,80,83,-3,3
41405,67,69,-2,2
41406,45,52,-7,7
41407,111,112,-1,1
41408,110,111,-1,1
41409,68,71,-3,3
41410,84,99,-15,15
41411,132,116,16,16
41412,67,67,0,0
41413,66,70,-4,4
41414,53,68,-15,15
41415,88,87,1,1
41416,115,118,-3,3
41417,142,145,-3,3
41418,134,134,0,0
41419,108,106,2,2
41420,63,69,-6,6
41421,68,66,2,2
41422,96,86,10,10
41423,73,77,-4,4
41424,88,92,-4,4
41425,107,95,12,12
41426,114,128,-14,14
41427,132,128,4,4
41428,64,72,-8,8
41429,73,67,6,6
41430,109,98,11,11
41431,65,68,-3,3
41432,138,111,27,27
41433,103,97,6,6
41434,132,122,10,10
41435,67,69,-2,2
41436,70,70,0,0
41437,114,130,-16,16
41438,54,61,-7,7
41439,87,80,7,7
41440,57,65,-8,8
41441,163,165,-2,2
41442,83,83,0,0
41443,48,53,-5,5
41444,62,70,-8,8
41445,110,99,11,11
41446,64,67,-3,3
41447,154,148,6,6
41448,119,115,4,4
41449,81,85,-4,4
41450,76,73,3,3
41451,125,102,23,23
41452,82,77,5,5
41453,140,135,5,5
41454,58,54,4,4
41455,90,79,11,11
41456,94,85,9,9
41457,70,73,-3,3
41458,126,116,10,10
41459,42,47,-5,5
41460,96,84,12,12
41461,144,128,16,16
41462,84,79,5,5
41463,91,85,6,6
41464,89,82,7,7
41465,68,73,-5,5
41466,74,76,-2,2
41467,73,73,0,0
41468,95,84,11,11
41469,141,129,12,12
41470,144,129,15,15
41471,115,117,-2,2
41472,126,111,15,15
41473,81,77,4,4
41474,70,67,3,3
41475,101,102,-1,1
41476,36,41,-5,5
41477,103,99,4,4
41478,50,55,-5,5
41479,108,94,14,14
41480,168,176,-8,8
41481,89,98,-9,9
41482,128,122,6,6
41483,87,75,12,12
41484,72,66,6,6
41485,166,158,8,8
41486,75,71,4,4
41487,116,116,0,0
41488,66,69,-3,3
41489,89,94,-5,5
41490,72,78,-6,6
41491,103,113,-10,10
41492,82,85,-3,3
41493,108,109,-1,1
41494,115,101,14,14
41495,154,168,-14,14
41496,96,97,-1,1
41497,70,69,1,1
41498,105,98,7,7
41499,103,107,-4,4
41500,80,83,-3,3
41501,167,137,30,30
41502,131,132,-1,1
41503,87,84,3,3
41504,83,82,1,1
41505,221,202,19,19
41506,67,67,0,0
41507,114,112,2,2
41508,88,79,9,9
41509,80,77,3,3
41510,183,174,9,9
41511,67,75,-8,8
41512,172,165,7,7
41513,56,50,6,6
41514,60,60,0,0
41515,60,59,1,1
41516,77,81,-4,4
41517,85,76,9,9
41518,64,68,-4,4
41519,88,91,-3,3
41520,143,123,20,20
41521,148,146,2,2
41522,73,75,-2,2
41523,97,98,-1,1
41524,85,92,-7,7
41525,62,60,2,2
41526,82,78,4,4
41527,63,63,0,0
41528,55,52,3,3
41529,133,122,11,11
41530,96,100,-4,4
41531,98,96,2,2
41532,67,68,-1,1
41533,104,112,-8,8
41534,118,159,-41,41
41535,83,91,-8,8
41536,110,113,-3,3
41537,138,128,10,10
41538,79,75,4,4
41539,75,70,5,5
41540,67,69,-2,2
41541,59,60,-1,1
41542,63,58,5,5
41543,125,117,8,8
41544,156,159,-3,3
41545,88,80,8,8
41546,106,101,5,5
41547,88,83,5,5
41548,126,125,1,1
41549,71,77,-6,6
41550,109,105,4,4
41551,61,98,-37,37
41552,100,104,-4,4
41553,157,131,26,26
41554,168,163,5,5
41555,110,105,5,5
41556,92,96,-4,4
41557,118,125,-7,7
41558,159,160,-1,1
41559,67,66,1,1
41560,78,86,-8,8
41561,93,95,-2,2
41562,76,76,0,0
41563,156,144,12,12
41564,63,70,-7,7
41565,87,83,4,4
41566,79,74,5,5
41567,56,60,-4,4
41568,65,64,1,1
41569,99,101,-2,2
41570,90,79,11,11
41571,108,111,-3,3
41572,59,60,-1,1
41573,48,71,-23,23
41574,73,69,4,4
41575,111,99,12,12
41576,69,69,0,0
41577,149,127,22,22
41578,87,76,11,11
41579,87,79,8,8
41580,85,80,5,5
41581,112,99,13,13
41582,78,90,-12,12
41583,74,77,-3,3
41584,85,83,2,2
41585,77,82,-5,5
41586,113,103,10,10
41587,106,103,3,3
41588,61,69,-8,8
41589,82,89,-7,7
41590,115,116,-1,1
41591,51,58,-7,7
41592,109,90,19,19
41593,61,61,0,0
41594,60,66,-6,6
41595,129,123,6,6
41596,152,127,25,25
41597,90,83,7,7
41598,204,188,16,16
41599,95,85,10,10
41600,81,84,-3,3
41601,75,76,-1,1
41602,95,88,7,7
41603,108,108,0,0
41604,140,127,13,13
41605,47,45,2,2
41606,92,79,13,13
41607,127,128,-1,1
41608,64,74,-10,10
41609,86,73,13,13
41610,83,76,7,7
41611,86,92,-6,6
41612,110,106,4,4
41613,128,132,-4,4
41614,152,147,5,5
41615,106,110,-4,4
41616,71,75,-4,4
41617,70,78,-8,8
41618,71,72,-1,1
41619,80,84,-4,4
41620,10,18,-8,8
41621,95,85,10,10
41622,88,83,5,5
41623,55,42,13,13
41624,96,81,15,15
41625,114,101,13,13
41626,113,105,8,8
41627,115,106,9,9
41628,50,53,-3,3
41629,130,129,1,1
41630,130,123,7,7
41631,85,81,4,4
41632,72,74,-2,2
41633,177,165,12,12
41634,90,96,-6,6
41635,131,138,-7,7
41636,68,72,-4,4
41637,46,53,-7,7
41638,96,99,-3,3
41639,161,148,13,13
41640,60,60,0,0
41641,73,74,-1,1
41642,50,53,-3,3
41643,60,51,9,9
41644,122,118,4,4
41645,136,127,9,9
41646,90,82,8,8
41647,131,124,7,7
41648,95,86,9,9
41649,66,68,-2,2
41650,105,112,-7,7
41651,82,80,2,2
41652,107,104,3,3
41653,61,60,1,1
41654,136,122,14,14
41655,128,140,-12,12
41656,66,75,-9,9
41657,125,123,2,2
41658,69,67,2,2
41659,68,78,-10,10
41660,84,83,1,1
41661,47,55,-8,8
41662,77,77,0,0
41663,113,103,10,10
41664,155,155,0,0
41665,88,91,-3,3
41666,76,73,3,3
41667,104,143,-39,39
41668,43,45,-2,2
41669,69,76,-7,7
41670,94,101,-7,7
41671,121,117,4,4
41672,178,166,12,12
41673,69,66,3,3
41674,113,115,-2,2
41675,118,115,3,3
41676,86,82,4,4
41677,71,72,-1,1
41678,112,109,3,3
41679,114,104,10,10
41680,68,67,1,1
41681,75,72,3,3
41682,103,96,7,7
41683,71,76,-5,5
41684,57,57,0,0
41685,88,85,3,3
41686,165,153,12,12
41687,79,78,1,1
41688,133,131,2,2
41689,125,114,11,11
41690,91,106,-15,15
41691,117,119,-2,2
41692,108,100,8,8
41693,101,99,2,2
41694,61,65,-4,4
41695,170,157,13,13
41696,152,144,8,8
41697,86,84,2,2
41698,89,85,4,4
41699,137,128,9,9
41700,107,105,2,2
41701,145,134,11,11
41702,152,156,-4,4
41703,89,79,10,10
41704,81,78,3,3
41705,102,104,-2,2
41706,85,89,-4,4
41707,70,72,-2,2
41708,85,81,4,4
41709,105,102,3,3
41710,79,72,7,7
41711,55,64,-9,9
41712,94,87,7,7
41713,49,56,-7,7
41714,42,44,-2,2
41715,302,239,63,63
41716,116,107,9,9
41717,68,71,-3,3
41718,81,82,-1,1
41719,98,116,-18,18
41720,120,108,12,12
41721,135,138,-3,3
41722,85,86,-1,1
41723,76,77,-1,1
41724,125,120,5,5
41725,26,24,2,2
41726,111,91,20,20
41727,152,133,19,19
41728,85,79,6,6
41729,99,101,-2,2
41730,98,102,-4,4
41731,99,98,1,1
41732,81,77,4,4
41733,98,109,-11,11
41734,101,84,17,17
41735,64,66,-2,2
41736,185,181,4,4
41737,97,95,2,2
41738,93,101,-8,8
41739,65,67,-2,2
41740,89,87,2,2
41741,53,59,-6,6
41742,96,90,6,6
41743,133,124,9,9
41744,149,128,21,21
41745,155,145,10,10
41746,86,81,5,5
41747,64,62,2,2
41748,133,122,11,11
41749,119,127,-8,8
41750,70,73,-3,3
41751,57,59,-2,2
41752,56,64,-8,8
41753,55,53,2,2
41754,57,63,-6,6
41755,106,107,-1,1
41756,85,91,-6,6
41757,80,81,-1,1
41758,71,83,-12,12
41759,79,93,-14,14
41760,72,77,-5,5
41761,67,63,4,4
41762,200,189,11,11
41763,55,62,-7,7
41764,103,102,1,1
41765,80,78,2,2
41766,113,113,0,0
41767,34,67,-33,33
41768,77,79,-2,2
41769,145,144,1,1
41770,143,147,-4,4
41771,100,94,6,6
41772,53,52,1,1
41773,61,87,-26,26
41774,109,117,-8,8
41775,86,76,10,10
41776,72,74,-2,2
41777,86,90,-4,4
41778,115,124,-9,9
41779,74,79,-5,5
41780,85,81,4,4
41781,97,90,7,7
41782,111,107,4,4
41783,63,79,-16,16
41784,104,104,0,0
41785,101,99,2,2
41786,110,103,7,7
41787,72,78,-6,6
41788,128,124,4,4
41789,74,85,-11,11
41790,108,97,11,11
41791,110,107,3,3
41792,68,71,-3,3
41793,41,42,-1,1
41794,153,159,-6,6
41795,115,117,-2,2
41796,58,66,-8,8
41797,45,67,-22,22
41798,92,88,4,4
41799,57,61,-4,4
41800,125,115,10,10
41801,82,86,-4,4
41802,61,65,-4,4
41803,148,138,10,10
41804,72,71,1,1
41805,108,107,1,1
41806,97,104,-7,7
41807,134,121,13,13
41808,50,51,-1,1
41809,66,65,1,1
41810,61,59,2,2
41811,91,83,8,8
41812,133,127,6,6
41813,131,110,21,21
41814,67,78,-11,11
41815,112,107,5,5
41816,100,113,-13,13
41817,193,180,13,13
41818,90,85,5,5
41819,77,76,1,1
41820,80,80,0,0
41821,117,113,4,4
41822,87,88,-1,1
41823,64,69,-5,5
41824,61,63,-2,2
41825,120,122,-2,2
41826,119,119,0,0
41827,137,124,13,13
41828,54,56,-2,2
41829,162,146,16,16
41830,152,161,-9,9
41831,69,63,6,6
41832,80,76,4,4
41833,92,89,3,3
41834,96,85,11,11
41835,107,110,-3,3
41836,71,74,-3,3
41837,83,86,-3,3
41838,89,90,-1,1
41839,121,116,5,5
41840,81,81,0,0
41841,112,116,-4,4
41842,147,133,14,14
41843,62,64,-2,2
41844,129,124,5,5
41845,74,80,-6,6
41846,168,147,21,21
41847,47,48,-1,1
41848,128,133,-5,5
41849,49,57,-8,8
41850,56,60,-4,4
41851,89,81,8,8
41852,67,68,-1,1
41853,68,77,-9,9
41854,114,116,-2,2
41855,137,147,-10,10
41856,122,117,5,5
41857,74,75,-1,1
41858,67,65,2,2
41859,129,125,4,4
41860,139,139,0,0
41861,62,67,-5,5
41862,100,100,0,0
41863,88,83,5,5
41864,64,65,-1,1
41865,92,82,10,10
41866,119,134,-15,15
41867,81,80,1,1
41868,59,61,-2,2
41869,106,101,5,5
41870,94,86,8,8
41871,112,100,12,12
41872,80,81,-1,1
41873,101,108,-7,7
41874,135,124,11,11
41875,135,125,10,10
41876,104,94,10,10
41877,85,81,4,4
41878,176,166,10,10
41879,79,79,0,0
41880,69,64,5,5
41881,41,39,2,2
41882,47,44,3,3
41883,67,70,-3,3
41884,69,76,-7,7
41885,51,54,-3,3
41886,73,86,-13,13
41887,108,101,7,7
41888,47,42,5,5
41889,120,127,-7,7
41890,117,113,4,4
41891,91,99,-8,8
41892,110,114,-4,4
41893,82,78,4,4
41894,97,93,4,4
41895,92,88,4,4
41896,72,71,1,1
41897,74,66,8,8
41898,80,92,-12,12
41899,49,49,0,0
41900,133,124,9,9
41901,85,84,1,1
41902,116,110,6,6
41903,72,69,3,3
41904,125,120,5,5
41905,91,88,3,3
41906,103,100,3,3
41907,110,107,3,3
41908,102,104,-2,2
41909,111,100,11,11
41910,50,66,-16,16
41911,50,48,2,2
41912,106,101,5,5
41913,79,77,2,2
41914,138,121,17,17
41915,110,117,-7,7
41916,59,62,-3,3
41917,72,71,1,1
41918,190,170,20,20
41919,93,89,4,4
41920,47,44,3,3
41921,46,56,-10,10
41922,135,126,9,9
41923,56,72,-16,16
41924,67,67,0,0
41925,101,100,1,1
41926,78,76,2,2
41927,61,75,-14,14
41928,43,55,-12,12
41929,142,141,1,1
41930,88,90,-2,2
41931,119,117,2,2
41932,146,130,16,16
41933,93,94,-1,1
41934,109,112,-3,3
41935,105,102,3,3
41936,98,100,-2,2
41937,75,74,1,1
41938,78,79,-1,1
41939,101,109,-8,8
41940,88,103,-15,15
41941,133,140,-7,7
41942,66,69,-3,3
41943,101,97,4,4
41944,94,96,-2,2
41945,86,81,5,5
41946,95,86,9,9
41947,96,101,-5,5
41948,83,80,3,3
41949,119,97,22,22
41950,116,115,1,1
41951,92,84,8,8
41952,89,94,-5,5
41953,215,218,-3,3
41954,96,93,3,3
41955,138,127,11,11
41956,73,74,-1,1
41957,72,79,-7,7
41958,83,92,-9,9
41959,119,112,7,7
41960,83,80,3,3
41961,140,128,12,12
41962,164,150,14,14
41963,105,98,7,7
41964,109,93,16,16
41965,100,91,9,9
41966,95,97,-2,2
41967,85,78,7,7
41968,83,81,2,2
41969,148,141,7,7
41970,95,99,-4,4
41971,110,123,-13,13
41972,104,114,-10,10
41973,125,141,-16,16
41974,110,120,-10,10
41975,109,105,4,4
41976,87,79,8,8
41977,166,163,3,3
41978,68,80,-12,12
41979,104,89,15,15
41980,127,103,24,24
41981,60,65,-5,5
41982,106,93,13,13
41983,58,63,-5,5
41984,59,60,-1,1
41985,98,94,4,4
41986,150,153,-3,3
41987,107,113,-6,6
41988,75,80,-5,5
41989,95,95,0,0
41990,82,81,1,1
41991,101,87,14,14
41992,63,74,-11,11
41993,81,68,13,13
41994,60,64,-4,4
41995,121,115,6,6
41996,110,100,10,10
41997,73,79,-6,6
41998,62,71,-9,9
41999,66,72,-6,6
42000,87,89,-2,2
42001,130,137,-7,7
42002,84,85,-1,1
42003,142,138,4,4
42004,61,64,-3,3
42005,109,103,6,6
42006,147,133,14,14
42007,37,58,-21,21
42008,246,197,49,49
42009,61,72,-11,11
42010,111,106,5,5
42011,92,97,-5,5
42012,133,143,-10,10
42013,161,146,15,15
42014,128,137,-9,9
42015,73,66,7,7
42016,115,116,-1,1
42017,159,152,7,7
42018,75,71,4,4
42019,85,97,-12,12
42020,79,80,-1,1
42021,103,95,8,8
42022,109,104,5,5
42023,89,86,3,3
42024,158,158,0,0
42025,86,86,0,0
42026,114,101,13,13
42027,145,135,10,10
42028,83,78,5,5
42029,142,143,-1,1
42030,48,57,-9,9
42031,69,71,-2,2
42032,90,105,-15,15
42033,152,138,14,14
42034,72,74,-2,2
42035,93,91,2,2
42036,59,64,-5,5
42037,142,133,9,9
42038,95,83,12,12
42039,152,135,17,17
42040,87,85,2,2
42041,79,64,15,15
42042,80,79,1,1
42043,89,87,2,2
42044,74,70,4,4
42045,78,74,4,4
42046,100,100,0,0
42047,92,96,-4,4
42048,135,136,-1,1
42049,112,111,1,1
42050,109,109,0,0
42051,86,79,7,7
42052,80,74,6,6
42053,92,107,-15,15
42054,93,95,-2,2
42055,111,115,-4,4
42056,64,66,-2,2
42057,96,79,17,17
42058,79,90,-11,11
42059,148,161,-13,13
42060,74,81,-7,7
42061,91,81,10,10
42062,85,81,4,4
42063,104,97,7,7
42064,132,134,-2,2
42065,75,82,-7,7
42066,175,178,-3,3
42067,77,70,7,7
42068,92,92,0,0
42069,150,142,8,8
42070,35,65,-30,30
42071,79,68,11,11
42072,57,66,-9,9
42073,70,60,10,10
42074,117,131,-14,14
42075,84,80,4,4
42076,51,80,-29,29
42077,88,94,-6,6
42078,83,82,1,1
42079,89,77,12,12
42080,79,78,1,1
42081,76,80,-4,4
42082,50,63,-13,13
42083,102,95,7,7
42084,111,124,-13,13
42085,82,84,-2,2
42086,114,123,-9,9
42087,99,90,9,9
42088,111,104,7,7
42089,99,101,-2,2
42090,68,67,1,1
42091,159,140,19,19
42092,78,79,-1,1
42093,43,53,-10,10
42094,64,67,-3,3
42095,77,80,-3,3
42096,38,51,-13,13
42097,39,39,0,0
42098,87,94,-7,7
42099,89,81,8,8
42100,101,101,0,0
42101,115,112,3,3
42102,101,95,6,6
42103,52,59,-7,7
42104,68,73,-5,5
42105,57,63,-6,6
42106,97,87,10,10
42107,80,84,-4,4
42108,95,93,2,2
42109,155,145,10,10
42110,74,74,0,0
42111,104,92,12,12
42112,63,74,-11,11
42113,28,33,-5,5
42114,96,89,7,7
42115,104,104,0,0
42116,118,115,3,3
42117,81,76,5,5
42118,58,64,-6,6
42119,85,95,-10,10
42120,59,64,-5,5
42121,91,102,-11,11
42122,120,110,10,10
42123,58,47,11,11
42124,89,76,13,13
42125,101,104,-3,3
42126,89,86,3,3
42127,68,64,4,4
42128,122,110,12,12
42129,71,77,-6,6
42130,71,71,0,0
42131,75,95,-20,20
42132,130,131,-1,1
42133,103,88,15,15
42134,114,109,5,5
42135,145,137,8,8
42136,108,103,5,5
42137,102,102,0,0
42138,107,102,5,5
42139,97,95,2,2
42140,94,84,10,10
42141,70,73,-3,3
42142,91,91,0,0
42143,92,95,-3,3
42144,60,68,-8,8
42145,83,82,1,1
42146,92,82,10,10
42147,106,108,-2,2
42148,47,61,-14,14
42149,72,68,4,4
42150,137,129,8,8
42151,69,75,-6,6
42152,69,60,9,9
42153,123,117,6,6
42154,77,80,-3,3
42155,74,67,7,7
42156,144,147,-3,3
42157,132,128,4,4
42158,109,103,6,6
42159,93,93,0,0
42160,56,54,2,2
42161,125,118,7,7
42162,54,66,-12,12
42163,127,118,9,9
42164,96,97,-1,1
42165,106,90,16,16
42166,98,98,0,0
42167,97,92,5,5
42168,65,67,-2,2
42169,91,81,10,10
42170,90,89,1,1
42171,135,123,12,12
42172,109,119,-10,10
42173,101,99,2,2
42174,80,80,0,0
42175,105,106,-1,1
42176,64,64,0,0
42177,155,152,3,3
42178,119,121,-2,2
42179,76,68,8,8
42180,122,116,6,6
42181,59,64,-5,5
42182,63,64,-1,1
42183,92,97,-5,5
42184,101,97,4,4
42185,100,95,5,5
42186,88,95,-7,7
42187,98,93,5,5
42188,153,134,19,19
42189,92,86,6,6
42190,76,69,7,7
42191,110,105,5,5
42192,86,87,-1,1
42193,130,124,6,6
42194,126,133,-7,7
42195,78,72,6,6
42196,77,72,5,5
42197,104,104,0,0
42198,126,133,-7,7
42199,79,78,1,1
42200,117,130,-13,13
42201,45,49,-4,4
42202,100,102,-2,2
42203,83,71,12,12
42204,134,130,4,4
42205,83,79,4,4
42206,90,97,-7,7
42207,86,89,-3,3
42208,89,85,4,4
42209,60,64,-4,4
42210,78,79,-1,1
42211,120,122,-2,2
42212,72,74,-2,2
42213,104,103,1,1
42214,188,171,17,17
42215,93,87,6,6
42216,159,144,15,15
42217,80,75,5,5
42218,96,100,-4,4
42219,114,114,0,0
42220,113,116,-3,3
42221,62,72,-10,10
42222,140,136,4,4
42223,157,145,12,12
42224,61,69,-8,8
42225,95,104,-9,9
42226,130,127,3,3
42227,134,140,-6,6
42228,84,86,-2,2
42229,83,80,3,3
42230,96,98,-2,2
42231,85,80,5,5
42232,117,121,-4,4
42233,49,53,-4,4
42234,55,57,-2,2
42235,116,98,18,18
42236,65,66,-1,1
42237,86,84,2,2
42238,58,70,-12,12
42239,55,64,-9,9
42240,109,102,7,7
42241,109,96,13,13
42242,115,110,5,5
42243,131,109,22,22
42244,79,81,-2,2
42245,74,78,-4,4
42246,114,109,5,5
42247,125,113,12,12
42248,90,81,9,9
42249,81,80,1,1
42250,109,102,7,7
42251,90,83,7,7
42252,58,56,2,2
42253,67,71,-4,4
42254,88,80,8,8
42255,71,88,-17,17
42256,118,131,-13,13
42257,109,109,0,0
42258,75,95,-20,20
42259,38,40,-2,2
42260,173,162,11,11
42261,153,154,-1,1
42262,66,61,5,5
42263,58,62,-4,4
42264,44,50,-6,6
42265,86,79,7,7
42266,100,94,6,6
42267,86,87,-1,1
42268,106,104,2,2
42269,80,76,4,4
42270,84,79,5,5
42271,76,74,2,2
42272,96,87,9,9
42273,90,90,0,0
42274,116,123,-7,7
42275,196,169,27,27
42276,103,99,4,4
42277,95,101,-6,6
42278,68,66,2,2
42279,96,83,13,13
42280,109,100,9,9
42281,86,87,-1,1
42282,174,171,3,3
42283,78,81,-3,3
42284,47,55,-8,8
42285,96,92,4,4
42286,92,88,4,4
42287,79,70,9,9
42288,85,82,3,3
42289,113,116,-3,3
42290,96,93,3,3
42291,80,77,3,3
42292,43,42,1,1
42293,93,101,-8,8
42294,63,72,-9,9
42295,96,85,11,11
42296,103,101,2,2
42297,53,62,-9,9
42298,99,93,6,6
42299,79,79,0,0
42300,70,67,3,3
42301,106,95,11,11
42302,104,138,-34,34
42303,141,135,6,6
42304,99,85,14,14
42305,96,92,4,4
42306,55,52,3,3
42307,99,98,1,1
42308,116,119,-3,3
42309,64,90,-26,26
42310,152,137,15,15
42311,63,68,-5,5
42312,78,75,3,3
42313,123,135,-12,12
42314,126,123,3,3
42315,79,74,5,5
42316,92,74,18,18
42317,94,100,-6,6
42318,200,185,15,15
42319,157,157,0,0
42320,80,79,1,1
42321,57,59,-2,2
42322,141,136,5,5
42323,60,67,-7,7
42324,85,78,7,7
42325,54,47,7,7
42326,159,163,-4,4
42327,150,134,16,16
42328,87,80,7,7
42329,47,63,-16,16
42330,96,95,1,1
42331,82,80,2,2
42332,74,70,4,4
42333,120,121,-1,1
42334,109,90,19,19
42335,86,88,-2,2
42336,129,121,8,8
42337,196,185,11,11
42338,178,162,16,16
42339,105,97,8,8
42340,61,67,-6,6
42341,67,72,-5,5
42342,109,106,3,3
42343,111,123,-12,12
42344,52,66,-14,14
42345,89,80,9,9
42346,71,84,-13,13
42347,111,108,3,3
42348,40,37,3,3
42349,79,83,-4,4
42350,99,93,6,6
42351,96,94,2,2
42352,63,59,4,4
42353,103,124,-21,21
42354,97,108,-11,11
42355,90,89,1,1
42356,119,104,15,15
42357,176,161,15,15
42358,97,99,-2,2
42359,131,137,-6,6
42360,86,74,12,12
42361,77,73,4,4
42362,84,81,3,3
42363,70,68,2,2
42364,109,106,3,3
42365,121,120,1,1
42366,125,137,-12,12
42367,150,124,26,26
42368,103,96,7,7
42369,151,129,22,22
42370,58,58,0,0
42371,64,66,-2,2
42372,122,121,1,1
42373,104,94,10,10
42374,92,83,9,9
42375,100,98,2,2
42376,142,128,14,14
42377,93,83,10,10
42378,120,114,6,6
42379,75,78,-3,3
42380,106,98,8,8
42381,60,65,-5,5
42382,83,82,1,1
42383,98,96,2,2
42384,56,49,7,7
42385,37,36,1,1
42386,97,82,15,15
42387,152,149,3,3
42388,97,87,10,10
42389,76,71,5,5
42390,80,88,-8,8
42391,56,61,-5,5
42392,108,96,12,12
42393,128,107,21,21
42394,117,111,6,6
42395,103,98,5,5
42396,31,40,-9,9
42397,84,78,6,6
42398,92,91,1,1
42399,115,128,-13,13
42400,128,130,-2,2
42401,128,120,8,8
42402,75,81,-6,6
42403,72,96,-24,24
42404,95,93,2,2
42405,56,62,-6,6
42406,83,85,-2,2
42407,97,101,-4,4
42408,109,97,12,12
42409,126,119,7,7
42410,135,137,-2,2
42411,75,77,-2,2
42412,73,70,3,3
42413,89,98,-9,9
42414,94,91,3,3
42415,81,81,0,0
42416,78,79,-1,1
42417,79,72,7,7
42418,78,79,-1,1
42419,105,109,-4,4
42420,112,108,4,4
42421,75,69,6,6
42422,98,94,4,4
42423,94,89,5,5
42424,56,64,-8,8
42425,92,85,7,7
42426,68,71,-3,3
42427,104,103,1,1
42428,144,123,21,21
42429,50,59,-9,9
42430,51,53,-2,2
42431,61,74,-13,13
42432,83,87,-4,4
42433,28,37,-9,9
42434,99,101,-2,2
42435,83,86,-3,3
42436,162,149,13,13
42437,104,99,5,5
42438,88,88,0,0
42439,95,87,8,8
42440,116,109,7,7
42441,144,133,11,11
42442,69,55,14,14
42443,102,111,-9,9
42444,116,115,1,1
42445,61,66,-5,5
42446,108,106,2,2
42447,55,57,-2,2
42448,142,134,8,8
42449,156,149,7,7
42450,129,117,12,12
42451,180,170,10,10
42452,111,117,-6,6
42453,179,177,2,2
42454,89,91,-2,2
42455,114,108,6,6
42456,96,86,10,10
42457,117,117,0,0
42458,64,66,-2,2
42459,57,58,-1,1
42460,54,64,-10,10
42461,95,85,10,10
42462,89,68,21,21
42463,109,99,10,10
42464,76,77,-1,1
42465,67,68,-1,1
42466,65,66,-1,1
42467,76,84,-8,8
42468,92,87,5,5
42469,92,90,2,2
42470,74,70,4,4
42471,92,83,9,9
42472,80,76,4,4
42473,89,89,0,0
42474,43,47,-4,4
42475,69,73,-4,4
42476,88,87,1,1
42477,84,91,-7,7
42478,115,115,0,0
42479,56,55,1,1
42480,95,102,-7,7
42481,80,91,-11,11
42482,80,78,2,2
42483,98,93,5,5
42484,49,53,-4,4
42485,91,81,10,10
42486,64,72,-8,8
42487,53,63,-10,10
42488,85,76,9,9
42489,98,91,7,7
42490,100,87,13,13
42491,69,74,-5,5
42492,48,51,-3,3
42493,105,92,13,13
42494,163,146,17,17
42495,150,151,-1,1
42496,85,85,0,0
42497,128,131,-3,3
42498,99,104,-5,5
42499,103,95,8,8
42500,128,114,14,14
42501,107,108,-1,1
42502,55,65,-10,10
42503,84,92,-8,8
42504,90,96,-6,6
42505,90,95,-5,5
42506,72,69,3,3
42507,91,90,1,1
42508,87,93,-6,6
42509,84,67,17,17
42510,42,44,-2,2
42511,65,70,-5,5
42512,131,129,2,2
42513,48,60,-12,12
42514,109,101,8,8
42515,85,90,-5,5
42516,66,61,5,5
42517,83,87,-4,4
42518,46,41,5,5
42519,141,134,7,7
42520,59,67,-8,8
42521,87,84,3,3
42522,84,94,-10,10
42523,86,91,-5,5
42524,127,119,8,8
42525,111,118,-7,7
42526,102,105,-3,3
42527,65,70,-5,5
42528,70,69,1,1
42529,61,69,-8,8
42530,104,102,2,2
42531,111,109,2,2
42532,202,179,23,23
42533,100,89,11,11
42534,136,134,2,2
42535,35,41,-6,6
42536,40,41,-1,1
42537,115,109,6,6
42538,116,109,7,7
42539,72,64,8,8
42540,108,108,0,0
42541,106,120,-14,14
42542,62,67,-5,5
42543,127,117,10,10
42544,94,85,9,9
42545,89,80,9,9
42546,70,71,-1,1
42547,72,78,-6,6
42548,98,85,13,13
42549,96,87,9,9
42550,108,113,-5,5
42551,142,119,23,23
42552,77,77,0,0
42553,67,69,-2,2
42554,81,83,-2,2
42555,54,56,-2,2
42556,124,120,4,4
42557,110,119,-9,9
42558,101,100,1,1
42559,86,87,-1,1
42560,117,112,5,5
42561,111,105,6,6
42562,136,123,13,13
42563,78,74,4,4
42564,62,76,-14,14
42565,231,211,20,20
42566,180,182,-2,2
42567,91,86,5,5
42568,134,133,1,1
42569,80,82,-2,2
42570,100,100,0,0
42571,123,120,3,3
42572,109,106,3,3
42573,70,69,1,1
42574,57,59,-2,2
42575,148,146,2,2
42576,76,75,1,1
42577,70,71,-1,1
42578,82,81,1,1
42579,102,110,-8,8
42580,198,190,8,8
42581,56,53,3,3
42582,94,98,-4,4
42583,97,97,0,0
42584,103,94,9,9
42585,81,78,3,3
42586,102,97,5,5
42587,85,85,0,0
42588,165,147,18,18
42589,50,60,-10,10
42590,124,122,2,2
42591,101,99,2,2
42592,79,74,5,5
42593,138,143,-5,5
42594,191,146,45,45
42595,162,158,4,4
42596,126,118,8,8
42597,103,103,0,0
42598,49,52,-3,3
42599,113,119,-6,6
42600,100,94,6,6
42601,118,118,0,0
42602,117,122,-5,5
42603,84,83,1,1
42604,110,100,10,10
42605,128,114,14,14
42606,105,103,2,2
42607,59,54,5,5
42608,91,88,3,3
42609,68,65,3,3
42610,72,79,-7,7
42611,135,130,5,5
42612,79,98,-19,19
42613,107,107,0,0
42614,30,36,-6,6
42615,70,74,-4,4
42616,105,103,2,2
42617,92,90,2,2
42618,177,171,6,6
42619,84,85,-1,1
42620,67,77,-10,10
42621,150,125,25,25
42622,65,86,-21,21
42623,69,71,-2,2
42624,94,88,6,6
42625,87,77,10,10
42626,73,82,-9,9
42627,70,75,-5,5
42628,93,84,9,9
42629,110,104,6,6
42630,87,76,11,11
42631,109,109,0,0
42632,71,75,-4,4
42633,103,105,-2,2
42634,152,142,10,10
42635,70,74,-4,4
42636,125,105,20,20
42637,91,91,0,0
42638,172,167,5,5
42639,60,66,-6,6
42640,99,127,-28,28
42641,61,60,1,1
42642,91,86,5,5
42643,94,84,10,10
42644,135,124,11,11
42645,43,56,-13,13
42646,83,86,-3,3
42647,93,88,5,5
42648,116,111,5,5
42649,131,106,25,25
42650,140,149,-9,9
42651,101,106,-5,5
42652,160,147,13,13
42653,157,135,22,22
42654,147,175,-28,28
42655,151,149,2,2
42656,162,158,4,4
42657,52,99,-47,47
42658,77,68,9,9
42659,86,82,4,4
42660,86,88,-2,2
42661,91,81,10,10
42662,118,109,9,9
42663,103,98,5,5
42664,103,102,1,1
42665,74,74,0,0
42666,119,112,7,7
42667,89,85,4,4
42668,107,100,7,7
42669,109,142,-33,33
42670,85,88,-3,3
42671,70,69,1,1
42672,86,82,4,4
42673,105,102,3,3
42674,98,99,-1,1
42675,75,76,-1,1
42676,50,59,-9,9
42677,67,70,-3,3
42678,76,72,4,4
42679,80,73,7,7
42680,124,126,-2,2
42681,60,72,-12,12
42682,73,73,0,0
42683,52,53,-1,1
42684,102,101,1,1
42685,29,24,5,5
42686,66,73,-7,7
42687,80,73,7,7
42688,76,76,0,0
42689,107,104,3,3
42690,68,62,6,6
42691,129,117,12,12
42692,51,48,3,3
42693,131,134,-3,3
42694,73,76,-3,3
42695,157,147,10,10
42696,96,103,-7,7
42697,19,52,-33,33
42698,109,99,10,10
42699,67,69,-2,2
42700,132,129,3,3
42701,156,123,33,33
42702,85,94,-9,9
42703,90,86,4,4
42704,85,79,6,6
42705,44,56,-12,12
42706,150,138,12,12
42707,65,68,-3,3
42708,91,104,-13,13
42709,63,78,-15,15
42710,80,81,-1,1
42711,163,169,-6,6
42712,110,100,10,10
42713,100,96,4,4
42714,89,79,10,10
42715,51,54,-3,3
42716,97,103,-6,6
42717,82,81,1,1
42718,85,82,3,3
42719,73,78,-5,5
42720,80,71,9,9
42721,50,60,-10,10
42722,81,76,5,5
42723,68,69,-1,1
42724,76,78,-2,2
42725,75,70,5,5
42726,82,88,-6,6
42727,78,79,-1,1
42728,53,72,-19,19
42729,55,60,-5,5
42730,41,39,2,2
42731,95,97,-2,2
42732,55,54,1,1
42733,99,117,-18,18
42734,64,72,-8,8
42735,93,105,-12,12
42736,61,57,4,4
42737,95,91,4,4
42738,116,117,-1,1
42739,83,75,8,8
42740,82,74,8,8
42741,137,115,22,22
42742,69,76,-7,7
42743,69,65,4,4
42744,60,55,5,5
42745,81,86,-5,5
42746,128,126,2,2
42747,78,72,6,6
42748,79,82,-3,3
42749,74,80,-6,6
42750,69,73,-4,4
42751,140,137,3,3
42752,108,114,-6,6
42753,61,58,3,3
42754,142,142,0,0
42755,42,37,5,5
42756,68,66,2,2
42757,74,75,-1,1
42758,94,95,-1,1
42759,164,160,4,4
42760,77,73,4,4
42761,94,83,11,11
42762,192,192,0,0
42763,121,121,0,0
42764,61,61,0,0
42765,120,123,-3,3
42766,103,100,3,3
42767,89,84,5,5
42768,100,89,11,11
42769,97,84,13,13
42770,64,70,-6,6
42771,165,163,2,2
42772,74,71,3,3
42773,65,68,-3,3
42774,39,54,-15,15
42775,183,168,15,15
42776,82,84,-2,2
42777,111,109,2,2
42778,150,134,16,16
42779,89,78,11,11
42780,116,111,5,5
42781,106,103,3,3
42782,129,132,-3,3
42783,59,65,-6,6
42784,161,136,25,25
42785,108,122,-14,14
42786,63,76,-13,13
42787,114,109,5,5
42788,80,85,-5,5
42789,81,82,-1,1
42790,72,73,-1,1
42791,99,92,7,7
42792,98,81,17,17
42793,111,96,15,15
42794,120,119,1,1
42795,119,116,3,3
42796,69,75,-6,6
42797,137,127,10,10
42798,130,130,0,0
42799,106,91,15,15
42800,58,64,-6,6
42801,144,137,7,7
42802,117,118,-1,1
42803,146,157,-11,11
42804,137,128,9,9
42805,116,120,-4,4
42806,86,79,7,7
42807,89,83,6,6
42808,107,105,2,2
42809,108,110,-2,2
42810,109,97,12,12
42811,53,61,-8,8
42812,79,72,7,7
42813,59,64,-5,5
42814,84,78,6,6
42815,156,139,17,17
42816,121,117,4,4
42817,66,67,-1,1
42818,74,74,0,0
42819,47,95,-48,48
42820,106,103,3,3
42821,98,89,9,9
42822,68,64,4,4
42823,58,69,-11,11
42824,86,88,-2,2
42825,87,89,-2,2
42826,85,96,-11,11
42827,143,135,8,8
42828,168,147,21,21
42829,63,72,-9,9
42830,72,116,-44,44
42831,170,181,-11,11
42832,139,141,-2,2
42833,104,109,-5,5
42834,66,60,6,6
42835,78,79,-1,1
42836,66,62,4,4
42837,78,74,4,4
42838,178,157,21,21
42839,176,169,7,7
42840,77,69,8,8
42841,51,51,0,0
42842,112,97,15,15
42843,110,127,-17,17
42844,140,144,-4,4
42845,120,106,14,14
42846,88,84,4,4
42847,85,90,-5,5
42848,166,151,15,15
42849,71,71,0,0
42850,112,121,-9,9
42851,73,68,5,5
42852,80,79,1,1
42853,113,128,-15,15
42854,62,67,-5,5
42855,94,73,21,21
42856,145,144,1,1
42857,131,138,-7,7
42858,103,102,1,1
42859,98,103,-5,5
42860,84,78,6,6
42861,133,122,11,11
42862,144,136,8,8
42863,141,126,15,15
42864,119,103,16,16
42865,87,82,5,5
42866,79,81,-2,2
42867,63,70,-7,7
42868,89,95,-6,6
42869,38,43,-5,5
42870,99,103,-4,4
42871,114,104,10,10
42872,129,114,15,15
42873,155,151,4,4
42874,87,72,15,15
42875,70,69,1,1
42876,112,102,10,10
42877,137,133,4,4
42878,92,85,7,7
42879,145,139,6,6
42880,154,129,25,25
42881,130,125,5,5
42882,45,47,-2,2
42883,63,60,3,3
42884,58,56,2,2
42885,96,99,-3,3
42886,102,98,4,4
42887,118,126,-8,8
42888,119,115,4,4
42889,75,73,2,2
42890,115,116,-1,1
42891,94,94,0,0
42892,108,104,4,4
42893,101,94,7,7
42894,136,131,5,5
42895,110,110,0,0
42896,127,123,4,4
42897,94,82,12,12
42898,124,110,14,14
42899,68,74,-6,6
42900,128,118,10,10
42901,138,132,6,6
42902,83,83,0,0
42903,125,105,20,20
42904,63,66,-3,3
42905,133,107,26,26
42906,77,73,4,4
42907,94,89,5,5
42908,116,102,14,14
42909,93,89,4,4
42910,84,85,-1,1
42911,125,123,2,2
42912,123,126,-3,3
42913,92,87,5,5
42914,155,149,6,6
42915,86,180,-94,94
42916,75,77,-2,2
42917,74,76,-2,2
42918,78,79,-1,1
42919,96,86,10,10
42920,113,119,-6,6
42921,139,160,-21,21
42922,95,85,10,10
42923,83,81,2,2
42924,128,126,2,2
42925,102,101,1,1
42926,124,137,-13,13
42927,71,73,-2,2
42928,63,68,-5,5
42929,71,70,1,1
42930,131,132,-1,1
42931,115,133,-18,18
42932,91,83,8,8
42933,92,96,-4,4
42934,59,55,4,4
42935,138,137,1,1
42936,71,68,3,3
42937,53,57,-4,4
42938,103,103,0,0
42939,85,79,6,6
42940,92,89,3,3
42941,109,121,-12,12
42942,74,82,-8,8
42943,100,93,7,7
42944,111,106,5,5
42945,112,109,3,3
42946,112,103,9,9
42947,31,37,-6,6
42948,57,70,-13,13
42949,194,182,12,12
42950,75,70,5,5
42951,119,118,1,1
42952,106,102,4,4
42953,89,75,14,14
42954,75,72,3,3
42955,77,77,0,0
42956,68,73,-5,5
42957,48,46,2,2
42958,53,50,3,3
42959,91,89,2,2
42960,90,103,-13,13
42961,57,68,-11,11
42962,81,80,1,1
42963,113,108,5,5
42964,89,82,7,7
42965,74,71,3,3
42966,89,84,5,5
42967,73,78,-5,5
42968,54,50,4,4
42969,77,79,-2,2
42970,108,94,14,14
42971,59,71,-12,12
42972,218,196,22,22
42973,118,126,-8,8
42974,86,90,-4,4
42975,153,145,8,8
42976,123,119,4,4
42977,117,118,-1,1
42978,51,47,4,4
42979,77,75,2,2
42980,59,60,-1,1
42981,69,76,-7,7
42982,67,76,-9,9
42983,83,77,6,6
42984,137,124,13,13
42985,96,84,12,12
42986,68,70,-2,2
42987,91,98,-7,7
42988,81,84,-3,3
42989,79,70,9,9
42990,50,43,7,7
42991,78,76,2,2
42992,32,30,2,2
42993,64,64,0,0
42994,80,88,-8,8
42995,99,105,-6,6
42996,131,134,-3,3
42997,48,50,-2,2
42998,77,72,5,5
42999,128,127,1,1
43000,120,118,2,2
43001,55,56,-1,1
43002,79,69,10,10
43003,85,81,4,4
43004,148,136,12,12
43005,136,131,5,5
43006,111,120,-9,9
43007,105,133,-28,28
43008,93,90,3,3
43009,79,77,2,2
43010,87,83,4,4
43011,69,72,-3,3
43012,109,104,5,5
43013,156,145,11,11
43014,106,106,0,0
43015,105,106,-1,1
43016,42,36,6,6
43017,84,79,5,5
43018,15,24,-9,9
43019,89,95,-6,6
43020,179,172,7,7
43021,65,69,-4,4
43022,108,113,-5,5
43023,40,46,-6,6
43024,89,81,8,8
43025,138,126,12,12
43026,134,139,-5,5
43027,102,96,6,6
43028,103,100,3,3
43029,143,126,17,17
43030,65,70,-5,5
43031,74,72,2,2
43032,116,106,10,10
43033,79,78,1,1
43034,74,74,0,0
43035,91,72,19,19
43036,99,92,7,7
43037,64,63,1,1
43038,120,111,9,9
43039,103,89,14,14
43040,90,83,7,7
43041,51,49,2,2
43042,96,86,10,10
43043,77,75,2,2
43044,142,143,-1,1
43045,77,67,10,10
43046,90,85,5,5
43047,141,134,7,7
43048,85,88,-3,3
43049,98,87,11,11
43050,146,142,4,4
43051,120,110,10,10
43052,107,110,-3,3
43053,97,99,-2,2
43054,125,127,-2,2
43055,81,83,-2,2
43056,99,102,-3,3
43057,90,91,-1,1
43058,53,50,3,3
43059,88,77,11,11
43060,70,64,6,6
43061,57,74,-17,17
43062,77,72,5,5
43063,51,66,-15,15
43064,110,118,-8,8
43065,72,74,-2,2
43066,101,100,1,1
43067,177,158,19,19
43068,153,135,18,18
43069,157,152,5,5
43070,67,71,-4,4
43071,63,66,-3,3
43072,208,189,19,19
43073,84,79,5,5
43074,69,71,-2,2
43075,110,95,15,15
43076,85,72,13,13
43077,37,37,0,0
43078,142,118,24,24
43079,82,86,-4,4
43080,81,86,-5,5
43081,94,93,1,1
43082,143,141,2,2
43083,118,107,11,11
43084,86,94,-8,8
43085,76,83,-7,7
43086,73,67,6,6
43087,131,114,17,17
43088,53,64,-11,11
43089,66,69,-3,3
43090,101,101,0,0
43091,115,114,1,1
43092,136,131,5,5
43093,61,91,-30,30
43094,86,85,1,1
43095,71,79,-8,8
43096,81,78,3,3
43097,69,78,-9,9
43098,36,44,-8,8
43099,157,151,6,6
43100,57,62,-5,5
43101,73,65,8,8
43102,185,165,20,20
43103,62,56,6,6
43104,123,122,1,1
43105,65,66,-1,1
43106,73,70,3,3
43107,98,95,3,3
43108,101,92,9,9
43109,104,100,4,4
43110,83,84,-1,1
43111,58,63,-5,5
43112,85,83,2,2
43113,55,61,-6,6
43114,80,70,10,10
43115,66,67,-1,1
43116,83,77,6,6
43117,107,113,-6,6
43118,104,94,10,10
43119,44,46,-2,2
43120,63,70,-7,7
43121,85,79,6,6
43122,133,131,2,2
43123,59,61,-2,2
43124,130,107,23,23
43125,74,74,0,0
43126,62,60,2,2
43127,109,98,11,11
43128,71,72,-1,1
43129,55,94,-39,39
43130,142,139,3,3
43131,117,120,-3,3
43132,110,102,8,8
43133,35,49,-14,14
43134,85,87,-2,2
43135,63,59,4,4
43136,79,86,-7,7
43137,101,93,8,8
43138,73,73,0,0
43139,150,154,-4,4
43140,164,143,21,21
43141,121,115,6,6
43142,56,62,-6,6
43143,82,82,0,0
43144,115,129,-14,14
43145,103,93,10,10
43146,80,76,4,4
43147,90,95,-5,5
43148,103,96,7,7
43149,122,127,-5,5
43150,113,115,-2,2
43151,62,71,-9,9
43152,120,119,1,1
43153,94,94,0,0
43154,93,89,4,4
43155,52,53,-1,1
43156,89,80,9,9
43157,72,62,10,10
43158,65,57,8,8
43159,92,84,8,8
43160,59,61,-2,2
43161,86,113,-27,27
43162,119,112,7,7
43163,64,68,-4,4
43164,142,111,31,31
43165,80,81,-1,1
43166,68,69,-1,1
43167,85,86,-1,1
43168,69,70,-1,1
43169,157,152,5,5
43170,120,103,17,17
43171,135,128,7,7
43172,72,68,4,4
43173,99,84,15,15
43174,88,92,-4,4
43175,101,96,5,5
43176,72,75,-3,3
43177,166,168,-2,2
43178,49,51,-2,2
43179,89,83,6,6
43180,113,103,10,10
43181,113,104,9,9
43182,85,89,-4,4
43183,67,76,-9,9
43184,89,87,2,2
43185,63,69,-6,6
43186,52,98,-46,46
43187,127,118,9,9
43188,106,102,4,4
43189,120,102,18,18
43190,97,114,-17,17
43191,57,65,-8,8
43192,68,77,-9,9
43193,105,107,-2,2
43194,106,110,-4,4
43195,133,128,5,5
43196,63,73,-10,10
43197,58,63,-5,5
43198,106,110,-4,4
43199,103,91,12,12
43200,71,75,-4,4
43201,103,103,0,0
43202,42,41,1,1
43203,91,82,9,9
43204,103,108,-5,5
43205,90,86,4,4
43206,103,103,0,0
43207,111,103,8,8
43208,132,117,15,15
43209,115,111,4,4
43210,121,126,-5,5
43211,122,110,12,12
43212,132,124,8,8
43213,32,43,-11,11
43214,110,102,8,8
43215,87,90,-3,3
43216,135,128,7,7
43217,102,97,5,5
43218,82,84,-2,2
43219,131,122,9,9
43220,102,104,-2,2
43221,52,55,-3,3
43222,100,106,-6,6
43223,100,93,7,7
43224,90,94,-4,4
43225,85,87,-2,2
43226,61,66,-5,5
43227,154,165,-11,11
43228,137,126,11,11
43229,107,99,8,8
43230,98,96,2,2
43231,92,88,4,4
43232,191,167,24,24
43233,113,119,-6,6
43234,104,104,0,0
43235,62,58,4,4
43236,80,77,3,3
43237,50,50,0,0
43238,100,83,17,17
43239,126,124,2,2
43240,113,103,10,10
43241,69,71,-2,2
43242,62,61,1,1
43243,52,71,-19,19
43244,118,115,3,3
43245,59,65,-6,6
43246,40,45,-5,5
43247,93,92,1,1
43248,105,109,-4,4
43249,127,119,8,8
43250,84,90,-6,6
43251,93,103,-10,10
43252,121,127,-6,6
43253,94,97,-3,3
43254,64,68,-4,4
43255,109,102,7,7
43256,123,130,-7,7
43257,130,125,5,5
43258,138,132,6,6
43259,67,72,-5,5
43260,99,98,1,1
43261,84,81,3,3
43262,112,124,-12,12
43263,103,103,0,0
43264,60,56,4,4
43265,90,107,-17,17
43266,131,134,-3,3
43267,47,49,-2,2
43268,90,84,6,6
43269,81,80,1,1
43270,84,79,5,5
43271,81,82,-1,1
43272,105,106,-1,1
43273,67,72,-5,5
43274,86,86,0,0
43275,140,145,-5,5
43276,78,71,7,7
43277,96,90,6,6
43278,102,103,-1,1
43279,43,48,-5,5
43280,71,81,-10,10
43281,91,95,-4,4
43282,84,81,3,3
43283,125,119,6,6
43284,50,60,-10,10
43285,90,93,-3,3
43286,68,63,5,5
43287,129,123,6,6
43288,133,138,-5,5
43289,72,93,-21,21
43290,150,145,5,5
43291,179,163,16,16
43292,96,89,7,7
43293,72,69,3,3
43294,178,155,23,23
43295,89,85,4,4
43296,129,116,13,13
43297,84,79,5,5
43298,87,80,7,7
43299,82,76,6,6
43300,82,88,-6,6
43301,91,86,5,5
43302,112,115,-3,3
43303,88,91,-3,3
43304,100,105,-5,5
43305,164,155,9,9
43306,89,92,-3,3
43307,72,78,-6,6
43308,111,117,-6,6
43309,123,128,-5,5
43310,163,145,18,18
43311,65,68,-3,3
43312,130,135,-5,5
43313,145,142,3,3
43314,92,88,4,4
43315,50,61,-11,11
43316,73,94,-21,21
43317,57,60,-3,3
43318,89,74,15,15
43319,82,78,4,4
43320,67,64,3,3
43321,91,99,-8,8
43322,112,109,3,3
43323,73,72,1,1
43324,64,65,-1,1
43325,119,130,-11,11
43326,61,55,6,6
43327,26,31,-5,5
43328,67,69,-2,2
43329,178,163,15,15
43330,97,85,12,12
43331,132,111,21,21
43332,121,123,-2,2
43333,143,119,24,24
43334,92,99,-7,7
43335,78,80,-2,2
43336,99,102,-3,3
43337,68,67,1,1
43338,61,63,-2,2
43339,139,141,-2,2
43340,162,159,3,3
43341,86,82,4,4
43342,106,101,5,5
43343,48,48,0,0
43344,125,116,9,9
43345,123,120,3,3
43346,117,112,5,5
43347,229,204,25,25
43348,83,85,-2,2
43349,72,114,-42,42
43350,130,128,2,2
43351,49,53,-4,4
43352,124,121,3,3
43353,123,124,-1,1
43354,127,132,-5,5
43355,78,78,0,0
43356,87,109,-22,22
43357,129,117,12,12
43358,97,87,10,10
43359,129,141,-12,12
43360,69,66,3,3
43361,84,81,3,3
43362,122,107,15,15
43363,158,140,18,18
43364,77,82,-5,5
43365,86,99,-13,13
43366,100,104,-4,4
43367,93,99,-6,6
43368,117,111,6,6
43369,139,127,12,12
43370,100,93,7,7
43371,162,152,10,10
43372,68,71,-3,3
43373,68,69,-1,1
43374,85,75,10,10
43375,105,96,9,9
43376,174,155,19,19
43377,85,83,2,2
43378,108,99,9,9
43379,67,72,-5,5
43380,115,112,3,3
43381,63,65,-2,2
43382,107,103,4,4
43383,99,106,-7,7
43384,52,58,-6,6
43385,87,81,6,6
43386,125,95,30,30
43387,64,58,6,6
43388,101,106,-5,5
43389,118,117,1,1
43390,129,126,3,3
43391,100,101,-1,1
43392,71,69,2,2
43393,70,77,-7,7
43394,70,74,-4,4
43395,101,83,18,18
43396,71,77,-6,6
43397,70,71,-1,1
43398,115,110,5,5
43399,56,56,0,0
43400,106,103,3,3
43401,125,122,3,3
43402,104,101,3,3
43403,84,80,4,4
43404,64,69,-5,5
43405,82,82,0,0
43406,99,105,-6,6
43407,167,160,7,7
43408,107,107,0,0
43409,91,85,6,6
43410,83,84,-1,1
43411,89,77,12,12
43412,92,85,7,7
43413,114,106,8,8
43414,126,103,23,23
43415,133,127,6,6
43416,51,58,-7,7
43417,87,79,8,8
43418,67,64,3,3
43419,67,64,3,3
43420,142,136,6,6
43421,139,126,13,13
43422,125,109,16,16
43423,81,76,5,5
43424,210,189,21,21
43425,113,106,7,7
43426,57,70,-13,13
43427,94,95,-1,1
43428,121,96,25,25
43429,107,104,3,3
43430,38,46,-8,8
43431,81,82,-1,1
43432,126,111,15,15
43433,248,239,9,9
43434,92,89,3,3
43435,153,146,7,7
43436,127,128,-1,1
43437,45,51,-6,6
43438,81,106,-25,25
43439,164,161,3,3
43440,140,148,-8,8
43441,114,111,3,3
43442,115,115,0,0
43443,87,82,5,5
43444,57,60,-3,3
43445,51,43,8,8
43446,95,105,-10,10
43447,33,39,-6,6
43448,128,123,5,5
43449,101,95,6,6
43450,75,77,-2,2
43451,138,130,8,8
43452,136,121,15,15
43453,63,88,-25,25
43454,80,69,11,11
43455,90,102,-12,12
43456,47,45,2,2
43457,96,93,3,3
43458,62,62,0,0
43459,98,92,6,6
43460,140,137,3,3
43461,84,76,8,8
43462,143,148,-5,5
43463,84,84,0,0
43464,151,151,0,0
43465,87,76,11,11
43466,107,115,-8,8
43467,118,108,10,10
43468,60,68,-8,8
43469,82,88,-6,6
43470,167,160,7,7
43471,110,98,12,12
43472,98,95,3,3
43473,83,82,1,1
43474,76,76,0,0
43475,93,94,-1,1
43476,102,100,2,2
43477,76,66,10,10
43478,76,81,-5,5
43479,115,114,1,1
43480,77,80,-3,3
43481,98,95,3,3
43482,149,139,10,10
43483,78,73,5,5
43484,119,119,0,0
43485,121,114,7,7
43486,46,76,-30,30
43487,67,77,-10,10
43488,129,118,11,11
43489,114,116,-2,2
43490,73,75,-2,2
43491,118,117,1,1
43492,90,91,-1,1
43493,165,162,3,3
43494,147,144,3,3
43495,52,44,8,8
43496,111,124,-13,13
43497,160,139,21,21
43498,88,94,-6,6
43499,105,102,3,3
43500,105,90,15,15
43501,90,91,-1,1
43502,120,121,-1,1
43503,89,70,19,19
43504,79,79,0,0
43505,82,88,-6,6
43506,122,124,-2,2
43507,96,93,3,3
43508,48,53,-5,5
43509,70,67,3,3
43510,65,76,-11,11
43511,78,79,-1,1
43512,133,129,4,4
43513,48,50,-2,2
43514,90,86,4,4
43515,54,59,-5,5
43516,104,90,14,14
43517,91,83,8,8
43518,112,108,4,4
43519,63,67,-4,4
43520,113,108,5,5
43521,99,85,14,14
43522,100,95,5,5
43523,69,73,-4,4
43524,122,117,5,5
43525,84,84,0,0
43526,119,104,15,15
43527,103,94,9,9
43528,91,105,-14,14
43529,55,62,-7,7
43530,64,67,-3,3
43531,87,82,5,5
43532,220,203,17,17
43533,85,83,2,2
43534,63,68,-5,5
43535,64,64,0,0
43536,109,121,-12,12
43537,80,78,2,2
43538,91,85,6,6
43539,146,150,-4,4
43540,125,123,2,2
43541,130,131,-1,1
43542,127,139,-12,12
43543,113,103,10,10
43544,125,123,2,2
43545,84,84,0,0
43546,111,108,3,3
43547,138,126,12,12
43548,47,49,-2,2
43549,75,82,-7,7
43550,98,107,-9,9
43551,163,155,8,8
43552,140,124,16,16
43553,50,45,5,5
43554,77,75,2,2
43555,64,61,3,3
43556,76,73,3,3
43557,108,105,3,3
43558,53,49,4,4
43559,65,74,-9,9
43560,197,185,12,12
43561,182,170,12,12
43562,71,71,0,0
43563,134,116,18,18
43564,126,114,12,12
43565,54,60,-6,6
43566,132,135,-3,3
43567,86,80,6,6
43568,106,107,-1,1
43569,53,60,-7,7
43570,87,86,1,1
43571,80,81,-1,1
43572,150,152,-2,2
43573,49,47,2,2
43574,137,106,31,31
43575,51,55,-4,4
43576,90,81,9,9
43577,125,122,3,3
43578,110,114,-4,4
43579,112,116,-4,4
43580,51,55,-4,4
43581,105,93,12,12
43582,110,113,-3,3
43583,93,95,-2,2
43584,169,159,10,10
43585,97,81,16,16
43586,97,80,17,17
43587,89,94,-5,5
43588,75,76,-1,1
43589,119,116,3,3
43590,93,96,-3,3
43591,53,55,-2,2
43592,121,102,19,19
43593,61,76,-15,15
43594,98,103,-5,5
43595,92,92,0,0
43596,63,60,3,3
43597,101,85,16,16
43598,180,165,15,15
43599,70,71,-1,1
43600,66,68,-2,2
43601,121,190,-69,69
43602,100,98,2,2
43603,151,145,6,6
43604,44,64,-20,20
43605,93,92,1,1
43606,79,71,8,8
43607,133,119,14,14
43608,51,49,2,2
43609,111,112,-1,1
43610,83,83,0,0
43611,93,99,-6,6
43612,78,72,6,6
43613,75,74,1,1
43614,133,133,0,0
43615,128,117,11,11
43616,98,105,-7,7
43617,137,120,17,17
43618,79,83,-4,4
43619,90,84,6,6
43620,62,66,-4,4
43621,170,171,-1,1
43622,123,121,2,2
43623,57,65,-8,8
43624,87,96,-9,9
43625,35,46,-11,11
43626,76,84,-8,8
43627,95,83,12,12
43628,63,64,-1,1
43629,74,72,2,2
43630,125,129,-4,4
43631,115,114,1,1
43632,63,64,-1,1
43633,141,133,8,8
43634,78,76,2,2
43635,71,73,-2,2
43636,90,86,4,4
43637,235,222,13,13
43638,118,106,12,12
43639,65,71,-6,6
43640,98,89,9,9
43641,97,106,-9,9
43642,48,57,-9,9
43643,110,111,-1,1
43644,96,91,5,5
43645,119,112,7,7
43646,141,133,8,8
43647,80,80,0,0
43648,88,109,-21,21
43649,93,89,4,4
43650,141,140,1,1
43651,59,84,-25,25
43652,98,94,4,4
43653,66,76,-10,10
43654,91,89,2,2
43655,90,88,2,2
43656,111,109,2,2
43657,96,93,3,3
43658,103,98,5,5
43659,59,60,-1,1
43660,68,71,-3,3
43661,73,72,1,1
43662,60,65,-5,5
43663,75,87,-12,12
43664,65,69,-4,4
43665,91,89,2,2
43666,53,66,-13,13
43667,97,100,-3,3
43668,66,62,4,4
43669,94,94,0,0
43670,97,93,4,4
43671,81,78,3,3
43672,134,127,7,7
43673,96,101,-5,5
43674,115,119,-4,4
43675,51,71,-20,20
43676,75,78,-3,3
43677,157,144,13,13
43678,86,86,0,0
43679,147,150,-3,3
43680,85,82,3,3
43681,88,91,-3,3
43682,46,49,-3,3
43683,119,118,1,1
43684,109,100,9,9
43685,142,143,-1,1
43686,95,97,-2,2
43687,93,99,-6,6
43688,79,77,2,2
43689,142,137,5,5
43690,83,83,0,0
43691,93,88,5,5
43692,149,114,35,35
43693,114,102,12,12
43694,99,85,14,14
43695,125,126,-1,1
43696,116,101,15,15
43697,131,136,-5,5
43698,103,96,7,7
43699,79,72,7,7
43700,171,167,4,4
43701,69,76,-7,7
43702,78,87,-9,9
43703,67,80,-13,13
43704,82,79,3,3
43705,110,115,-5,5
43706,171,160,11,11
43707,46,45,1,1
43708,60,64,-4,4
43709,179,162,17,17
43710,68,72,-4,4
43711,66,65,1,1
43712,67,68,-1,1
43713,87,104,-17,17
43714,61,65,-4,4
43715,61,67,-6,6
43716,122,126,-4,4
43717,96,94,2,2
43718,106,93,13,13
43719,54,56,-2,2
43720,76,77,-1,1
43721,111,114,-3,3
43722,44,45,-1,1
43723,163,159,4,4
43724,71,62,9,9
43725,74,72,2,2
43726,97,99,-2,2
43727,134,127,7,7
43728,82,75,7,7
43729,79,99,-20,20
43730,138,123,15,15
43731,82,97,-15,15
43732,152,150,2,2
43733,111,118,-7,7
43734,123,115,8,8
43735,77,71,6,6
43736,146,134,12,12
43737,82,78,4,4
43738,69,74,-5,5
43739,91,99,-8,8
43740,166,153,13,13
43741,53,53,0,0
43742,71,68,3,3
43743,84,80,4,4
43744,68,71,-3,3
43745,94,102,-8,8
43746,101,127,-26,26
43747,106,102,4,4
43748,93,84,9,9
43749,69,71,-2,2
43750,136,123,13,13
43751,90,90,0,0
43752,87,76,11,11
43753,64,60,4,4
43754,62,101,-39,39
43755,77,82,-5,5
43756,47,68,-21,21
43757,122,121,1,1
43758,67,71,-4,4
43759,87,97,-10,10
43760,84,74,10,10
43761,68,71,-3,3
43762,60,66,-6,6
43763,75,76,-1,1
43764,90,83,7,7
43765,69,82,-13,13
43766,77,75,2,2
43767,82,78,4,4
43768,127,124,3,3
43769,58,64,-6,6
43770,151,143,8,8
43771,125,132,-7,7
43772,114,110,4,4
43773,106,110,-4,4
43774,85,85,0,0
43775,92,87,5,5
43776,70,69,1,1
43777,124,123,1,1
43778,97,102,-5,5
43779,71,76,-5,5
43780,146,146,0,0
43781,93,92,1,1
43782,91,85,6,6
43783,63,62,1,1
43784,60,61,-1,1
43785,84,100,-16,16
43786,192,191,1,1
43787,93,83,10,10
43788,133,121,12,12
43789,95,91,4,4
43790,65,60,5,5
43791,81,91,-10,10
43792,107,111,-4,4
43793,131,120,11,11
43794,130,132,-2,2
43795,68,64,4,4
43796,77,79,-2,2
43797,112,117,-5,5
43798,67,75,-8,8
43799,91,87,4,4
43800,90,83,7,7
43801,125,124,1,1
43802,69,66,3,3
43803,106,104,2,2
43804,110,100,10,10
43805,65,66,-1,1
43806,87,84,3,3
43807,60,56,4,4
43808,91,84,7,7
43809,153,136,17,17
43810,95,92,3,3
43811,150,140,10,10
43812,61,69,-8,8
43813,169,178,-9,9
43814,76,76,0,0
43815,93,92,1,1
43816,75,71,4,4
43817,76,83,-7,7
43818,85,102,-17,17
43819,63,72,-9,9
43820,86,87,-1,1
43821,111,104,7,7
43822,81,78,3,3
43823,225,172,53,53
43824,49,45,4,4
43825,90,91,-1,1
43826,67,66,1,1
43827,109,113,-4,4
43828,103,92,11,11
43829,73,67,6,6
43830,137,137,0,0
43831,93,96,-3,3
43832,68,70,-2,2
43833,82,99,-17,17
43834,66,73,-7,7
43835,110,96,14,14
43836,170,173,-3,3
43837,104,100,4,4
43838,73,77,-4,4
43839,137,125,12,12
43840,55,55,0,0
43841,52,60,-8,8
43842,95,87,8,8
43843,48,51,-3,3
43844,67,77,-10,10
43845,64,66,-2,2
43846,71,73,-2,2
43847,77,76,1,1
43848,66,62,4,4
43849,78,77,1,1
43850,71,74,-3,3
43851,117,116,1,1
43852,83,72,11,11
43853,43,48,-5,5
43854,100,91,9,9
43855,50,57,-7,7
43856,140,141,-1,1
43857,86,102,-16,16
43858,63,64,-1,1
43859,91,90,1,1
43860,113,107,6,6
43861,63,65,-2,2
43862,61,57,4,4
43863,78,84,-6,6
43864,34,51,-17,17
43865,90,101,-11,11
43866,47,40,7,7
43867,64,74,-10,10
43868,58,68,-10,10
43869,116,118,-2,2
43870,117,115,2,2
43871,84,89,-5,5
43872,105,107,-2,2
43873,86,84,2,2
43874,68,73,-5,5
43875,131,139,-8,8
43876,77,79,-2,2
43877,76,70,6,6
43878,117,104,13,13
43879,97,90,7,7
43880,123,121,2,2
43881,98,102,-4,4
43882,71,69,2,2
43883,127,121,6,6
43884,56,55,1,1
43885,122,111,11,11
43886,49,59,-10,10
43887,60,65,-5,5
43888,115,108,7,7
43889,78,81,-3,3
43890,46,53,-7,7
43891,119,115,4,4
43892,129,145,-16,16
43893,66,65,1,1
43894,142,139,3,3
43895,79,77,2,2
43896,71,78,-7,7
43897,144,138,6,6
43898,106,109,-3,3
43899,77,78,-1,1
43900,74,79,-5,5
43901,69,68,1,1
43902,88,81,7,7
43903,59,59,0,0
43904,123,121,2,2
43905,54,57,-3,3
43906,43,50,-7,7
43907,155,133,22,22
43908,68,70,-2,2
43909,131,130,1,1
43910,146,143,3,3
43911,102,84,18,18
43912,80,80,0,0
43913,57,66,-9,9
43914,81,79,2,2
43915,104,116,-12,12
43916,39,38,1,1
43917,78,77,1,1
43918,112,105,7,7
43919,44,83,-39,39
43920,79,76,3,3
43921,132,130,2,2
43922,117,133,-16,16
43923,80,82,-2,2
43924,88,78,10,10
43925,61,63,-2,2
43926,57,48,9,9
43927,123,121,2,2
43928,60,67,-7,7
43929,113,105,8,8
43930,64,70,-6,6
43931,101,92,9,9
43932,143,140,3,3
43933,71,76,-5,5
43934,80,70,10,10
43935,70,67,3,3
43936,45,48,-3,3
43937,44,53,-9,9
43938,92,86,6,6
43939,67,71,-4,4
43940,63,54,9,9
43941,139,133,6,6
43942,127,118,9,9
43943,69,66,3,3
43944,136,129,7,7
43945,109,114,-5,5
43946,120,116,4,4
43947,63,67,-4,4
43948,50,55,-5,5
43949,97,88,9,9
43950,103,94,9,9
43951,89,81,8,8
43952,85,77,8,8
43953,173,165,8,8
43954,128,124,4,4
43955,171,171,0,0
43956,49,48,1,1
43957,99,83,16,16
43958,129,134,-5,5
43959,85,86,-1,1
43960,102,99,3,3
43961,124,122,2,2
43962,122,109,13,13
43963,137,131,6,6
43964,89,97,-8,8
43965,51,50,1,1
43966,81,99,-18,18
43967,88,78,10,10
43968,76,80,-4,4
43969,111,119,-8,8
43970,86,86,0,0
43971,131,125,6,6
43972,23,27,-4,4
43973,109,106,3,3
43974,84,80,4,4
43975,101,101,0,0
43976,139,135,4,4
43977,58,67,-9,9
43978,71,74,-3,3
43979,95,80,15,15
43980,70,62,8,8
43981,65,71,-6,6
43982,95,88,7,7
43983,109,102,7,7
43984,57,58,-1,1
43985,103,101,2,2
43986,184,163,21,21
43987,80,77,3,3
43988,103,103,0,0
43989,94,121,-27,27
43990,62,63,-1,1
43991,110,89,21,21
43992,109,110,-1,1
43993,47,51,-4,4
43994,107,111,-4,4
43995,184,163,21,21
43996,122,132,-10,10
43997,155,156,-1,1
43998,66,74,-8,8
43999,63,63,0,0
44000,104,118,-14,14
44001,100,87,13,13
44002,82,98,-16,16
44003,162,160,2,2
44004,122,125,-3,3
44005,78,133,-55,55
44006,71,66,5,5
44007,131,113,18,18
44008,113,100,13,13
44009,84,88,-4,4
44010,65,66,-1,1
44011,81,83,-2,2
44012,93,81,12,12
44013,67,67,0,0
44014,148,132,16,16
44015,72,76,-4,4
44016,106,99,7,7
44017,79,87,-8,8
44018,113,113,0,0
44019,66,63,3,3
44020,68,64,4,4
44021,63,62,1,1
44022,81,99,-18,18
44023,117,113,4,4
44024,70,105,-35,35
44025,78,77,1,1
44026,165,172,-7,7
44027,40,42,-2,2
44028,85,88,-3,3
44029,73,107,-34,34
44030,104,97,7,7
44031,129,116,13,13
44032,116,105,11,11
44033,115,108,7,7
44034,82,78,4,4
44035,84,86,-2,2
44036,82,85,-3,3
44037,29,64,-35,35
44038,64,76,-12,12
44039,66,58,8,8
44040,114,110,4,4
44041,146,132,14,14
44042,65,63,2,2
44043,42,43,-1,1
44044,157,160,-3,3
44045,89,84,5,5
44046,116,130,-14,14
44047,54,57,-3,3
44048,77,75,2,2
44049,79,81,-2,2
44050,137,137,0,0
44051,67,65,2,2
44052,105,114,-9,9
44053,149,122,27,27
44054,57,62,-5,5
44055,104,112,-8,8
44056,89,97,-8,8
44057,82,85,-3,3
44058,106,121,-15,15
44059,191,180,11,11
44060,87,82,5,5
44061,58,57,1,1
44062,114,111,3,3
44063,114,121,-7,7
44064,118,109,9,9
44065,159,151,8,8
44066,58,56,2,2
44067,95,93,2,2
44068,74,74,0,0
44069,135,119,16,16
44070,134,131,3,3
44071,87,83,4,4
44072,130,116,14,14
44073,119,115,4,4
44074,142,135,7,7
44075,152,150,2,2
44076,105,101,4,4
44077,63,66,-3,3
44078,92,91,1,1
44079,75,71,4,4
44080,96,90,6,6
44081,75,68,7,7
44082,56,56,0,0
44083,72,70,2,2
44084,89,105,-16,16
44085,58,63,-5,5
44086,76,75,1,1
44087,90,105,-15,15
44088,73,81,-8,8
44089,78,79,-1,1
44090,110,119,-9,9
44091,174,150,24,24
44092,104,86,18,18
44093,94,98,-4,4
44094,165,148,17,17
44095,107,98,9,9
44096,78,76,2,2
44097,90,84,6,6
44098,124,117,7,7
44099,129,116,13,13
44100,66,68,-2,2
44101,73,79,-6,6
44102,139,139,0,0
44103,72,77,-5,5
44104,140,132,8,8
44105,93,98,-5,5
44106,135,125,10,10
44107,56,59,-3,3
44108,76,72,4,4
44109,102,92,10,10
44110,102,104,-2,2
44111,130,126,4,4
44112,152,152,0,0
44113,76,72,4,4
44114,178,179,-1,1
44115,85,76,9,9
44116,78,74,4,4
44117,97,115,-18,18
44118,113,121,-8,8
44119,81,89,-8,8
44120,65,77,-12,12
44121,42,47,-5,5
44122,72,81,-9,9
44123,115,112,3,3
44124,80,85,-5,5
44125,39,36,3,3
44126,85,79,6,6
44127,101,92,9,9
44128,158,157,1,1
44129,91,91,0,0
44130,68,69,-1,1
44131,112,119,-7,7
44132,161,160,1,1
44133,147,155,-8,8
44134,63,69,-6,6
44135,60,75,-15,15
44136,84,83,1,1
44137,112,110,2,2
44138,129,119,10,10
44139,136,134,2,2
44140,130,124,6,6
44141,74,73,1,1
44142,111,114,-3,3
44143,118,120,-2,2
44144,60,60,0,0
44145,59,71,-12,12
44146,90,87,3,3
44147,72,78,-6,6
44148,118,117,1,1
44149,63,65,-2,2
44150,91,87,4,4
44151,106,109,-3,3
44152,89,85,4,4
44153,111,110,1,1
44154,131,126,5,5
44155,85,93,-8,8
44156,97,99,-2,2
44157,41,41,0,0
44158,104,105,-1,1
44159,137,140,-3,3
44160,110,103,7,7
44161,50,77,-27,27
44162,143,130,13,13
44163,110,106,4,4
44164,79,82,-3,3
44165,79,79,0,0
44166,71,76,-5,5
44167,116,117,-1,1
44168,89,84,5,5
44169,85,86,-1,1
44170,62,70,-8,8
44171,105,93,12,12
44172,110,115,-5,5
44173,68,80,-12,12
44174,125,125,0,0
44175,120,117,3,3
44176,118,113,5,5
44177,63,63,0,0
44178,42,45,-3,3
44179,49,52,-3,3
44180,96,95,1,1
44181,107,108,-1,1
44182,108,113,-5,5
44183,94,93,1,1
44184,89,85,4,4
44185,117,115,2,2
44186,120,122,-2,2
44187,71,71,0,0
44188,71,75,-4,4
44189,58,62,-4,4
44190,90,100,-10,10
44191,118,109,9,9
44192,43,69,-26,26
44193,78,75,3,3
44194,159,150,9,9
44195,99,109,-10,10
44196,92,94,-2,2
44197,148,133,15,15
44198,97,85,12,12
44199,84,88,-4,4
44200,45,45,0,0
44201,63,67,-4,4
44202,117,113,4,4
44203,122,117,5,5
44204,115,108,7,7
44205,110,104,6,6
44206,114,105,9,9
44207,71,72,-1,1
44208,132,140,-8,8
44209,73,71,2,2
44210,137,129,8,8
44211,79,70,9,9
44212,79,72,7,7
44213,106,104,2,2
44214,99,90,9,9
44215,77,100,-23,23
44216,127,129,-2,2
44217,96,88,8,8
44218,66,65,1,1
44219,63,64,-1,1
44220,95,95,0,0
44221,97,90,7,7
44222,42,42,0,0
44223,60,49,11,11
44224,59,67,-8,8
44225,66,68,-2,2
44226,140,105,35,35
44227,64,69,-5,5
44228,72,73,-1,1
44229,85,81,4,4
44230,119,98,21,21
44231,99,89,10,10
44232,133,124,9,9
44233,75,79,-4,4
44234,66,66,0,0
44235,102,95,7,7
44236,63,69,-6,6
44237,133,126,7,7
44238,144,140,4,4
44239,141,125,16,16
44240,97,105,-8,8
44241,90,94,-4,4
44242,124,126,-2,2
44243,123,124,-1,1
44244,191,163,28,28
44245,62,62,0,0
44246,58,66,-8,8
44247,98,91,7,7
44248,113,110,3,3
44249,107,98,9,9
44250,106,108,-2,2
44251,95,90,5,5
44252,144,135,9,9
44253,50,47,3,3
44254,195,172,23,23
44255,122,103,19,19
44256,97,77,20,20
44257,71,62,9,9
44258,153,141,12,12
44259,67,71,-4,4
44260,51,56,-5,5
44261,65,70,-5,5
44262,78,78,0,0
44263,87,81,6,6
44264,72,77,-5,5
44265,81,81,0,0
44266,149,141,8,8
44267,119,103,16,16
44268,102,90,12,12
44269,93,87,6,6
44270,116,116,0,0
44271,125,123,2,2
44272,138,131,7,7
44273,75,83,-8,8
44274,100,97,3,3
44275,107,93,14,14
44276,91,116,-25,25
44277,135,131,4,4
44278,47,55,-8,8
44279,95,84,11,11
44280,88,98,-10,10
44281,71,66,5,5
44282,110,123,-13,13
44283,108,107,1,1
44284,49,64,-15,15
44285,48,50,-2,2
44286,93,91,2,2
44287,94,93,1,1
44288,140,135,5,5
44289,68,62,6,6
44290,79,85,-6,6
44291,147,143,4,4
44292,107,95,12,12
44293,77,73,4,4
44294,87,86,1,1
44295,183,180,3,3
44296,123,112,11,11
44297,143,132,11,11
44298,94,91,3,3
44299,96,86,10,10
44300,85,90,-5,5
44301,112,111,1,1
44302,82,82,0,0
44303,103,100,3,3
44304,98,99,-1,1
44305,104,106,-2,2
44306,81,75,6,6
44307,57,60,-3,3
44308,113,126,-13,13
44309,80,78,2,2
44310,117,113,4,4
44311,68,64,4,4
44312,76,77,-1,1
44313,69,80,-11,11
44314,86,91,-5,5
44315,107,94,13,13
44316,63,56,7,7
44317,127,125,2,2
44318,87,84,3,3
44319,82,79,3,3
44320,92,86,6,6
44321,78,78,0,0
44322,117,112,5,5
44323,93,104,-11,11
44324,116,117,-1,1
44325,51,58,-7,7
44326,80,77,3,3
44327,126,127,-1,1
44328,48,63,-15,15
44329,183,179,4,4
44330,61,65,-4,4
44331,128,130,-2,2
44332,95,84,11,11
44333,107,93,14,14
44334,87,91,-4,4
44335,136,136,0,0
44336,49,49,0,0
44337,77,71,6,6
44338,114,109,5,5
44339,139,123,16,16
44340,90,88,2,2
44341,164,175,-11,11
44342,124,134,-10,10
44343,115,118,-3,3
44344,111,104,7,7
44345,144,139,5,5
44346,72,80,-8,8
44347,121,116,5,5
44348,131,121,10,10
44349,99,109,-10,10
44350,55,62,-7,7
44351,125,116,9,9
44352,43,45,-2,2
44353,75,71,4,4
44354,71,69,2,2
44355,62,65,-3,3
44356,86,82,4,4
44357,78,78,0,0
44358,101,99,2,2
44359,81,80,1,1
44360,144,130,14,14
44361,121,109,12,12
44362,84,81,3,3
44363,91,84,7,7
44364,108,124,-16,16
44365,84,82,2,2
44366,96,86,10,10
44367,130,128,2,2
44368,53,53,0,0
44369,111,120,-9,9
44370,65,62,3,3
44371,138,126,12,12
44372,39,39,0,0
44373,54,63,-9,9
44374,48,47,1,1
44375,62,62,0,0
44376,110,109,1,1
44377,88,86,2,2
44378,92,83,9,9
44379,124,117,7,7
44380,86,84,2,2
44381,89,99,-10,10
44382,96,101,-5,5
44383,50,55,-5,5
44384,92,83,9,9
44385,70,71,-1,1
44386,101,101,0,0
44387,143,134,9,9
44388,128,136,-8,8
44389,83,82,1,1
44390,59,61,-2,2
44391,131,120,11,11
44392,79,74,5,5
44393,66,65,1,1
44394,110,102,8,8
44395,99,94,5,5
44396,100,103,-3,3
44397,92,88,4,4
44398,115,104,11,11
44399,87,79,8,8
44400,105,95,10,10
44401,77,77,0,0
44402,93,96,-3,3
44403,124,121,3,3
44404,71,78,-7,7
44405,68,68,0,0
44406,107,115,-8,8
44407,130,128,2,2
44408,32,34,-2,2
44409,96,110,-14,14
44410,82,77,5,5
44411,73,72,1,1
44412,57,74,-17,17
44413,60,64,-4,4
44414,61,64,-3,3
44415,127,113,14,14
44416,67,64,3,3
44417,148,136,12,12
44418,111,105,6,6
44419,119,108,11,11
44420,86,76,10,10
44421,88,83,5,5
44422,68,66,2,2
44423,65,71,-6,6
44424,64,71,-7,7
44425,158,133,25,25
44426,144,124,20,20
44427,91,92,-1,1
44428,63,66,-3,3
44429,88,90,-2,2
44430,122,106,16,16
44431,51,51,0,0
44432,124,131,-7,7
44433,118,102,16,16
44434,49,45,4,4
44435,94,83,11,11
44436,69,65,4,4
44437,168,158,10,10
44438,79,82,-3,3
44439,70,75,-5,5
44440,199,191,8,8
44441,43,54,-11,11
44442,85,87,-2,2
44443,51,51,0,0
44444,135,128,7,7
44445,57,76,-19,19
44446,191,193,-2,2
44447,94,101,-7,7
44448,109,112,-3,3
44449,76,76,0,0
44450,175,173,2,2
44451,126,130,-4,4
44452,143,132,11,11
44453,101,99,2,2
44454,50,76,-26,26
44455,84,86,-2,2
44456,94,86,8,8
44457,110,106,4,4
44458,170,143,27,27
44459,149,139,10,10
44460,94,96,-2,2
44461,102,103,-1,1
44462,118,128,-10,10
44463,112,115,-3,3
44464,108,107,1,1
44465,58,66,-8,8
44466,39,108,-69,69
44467,112,107,5,5
44468,107,118,-11,11
44469,61,63,-2,2
44470,99,94,5,5
44471,62,73,-11,11
44472,119,108,11,11
44473,105,97,8,8
44474,93,83,10,10
44475,109,106,3,3
44476,132,123,9,9
44477,83,108,-25,25
44478,46,47,-1,1
44479,170,157,13,13
44480,217,184,33,33
44481,119,117,2,2
44482,140,152,-12,12
44483,106,102,4,4
44484,100,98,2,2
44485,61,62,-1,1
44486,111,127,-16,16
44487,117,101,16,16
44488,68,77,-9,9
44489,94,93,1,1
44490,74,72,2,2
44491,109,117,-8,8
44492,98,114,-16,16
44493,103,92,11,11
44494,78,91,-13,13
44495,80,80,0,0
44496,83,86,-3,3
44497,76,80,-4,4
44498,110,106,4,4
44499,152,142,10,10
44500,81,72,9,9
44501,133,129,4,4
44502,66,63,3,3
44503,102,97,5,5
44504,102,102,0,0
44505,53,57,-4,4
44506,139,138,1,1
44507,133,124,9,9
44508,57,60,-3,3
44509,61,58,3,3
44510,116,104,12,12
44511,97,92,5,5
44512,187,164,23,23
44513,62,63,-1,1
44514,102,100,2,2
44515,62,73,-11,11
44516,48,42,6,6
44517,108,112,-4,4
44518,68,66,2,2
44519,112,110,2,2
44520,154,145,9,9
44521,76,76,0,0
44522,110,113,-3,3
44523,89,92,-3,3
44524,128,124,4,4
44525,61,70,-9,9
44526,60,68,-8,8
44527,143,143,0,0
44528,107,116,-9,9
44529,76,68,8,8
44530,79,79,0,0
44531,65,63,2,2
44532,104,105,-1,1
44533,145,139,6,6
44534,86,76,10,10
44535,83,81,2,2
44536,88,101,-13,13
44537,178,166,12,12
44538,116,123,-7,7
44539,105,121,-16,16
44540,72,78,-6,6
44541,77,76,1,1
44542,56,66,-10,10
44543,109,94,15,15
44544,45,46,-1,1
44545,106,100,6,6
44546,42,43,-1,1
44547,118,121,-3,3
44548,102,97,5,5
44549,47,70,-23,23
44550,70,72,-2,2
44551,103,102,1,1
44552,123,127,-4,4
44553,170,164,6,6
44554,124,128,-4,4
44555,98,101,-3,3
44556,57,69,-12,12
44557,122,128,-6,6
44558,59,58,1,1
44559,107,102,5,5
44560,73,70,3,3
44561,65,64,1,1
44562,53,48,5,5
44563,152,143,9,9
44564,81,74,7,7
44565,87,81,6,6
44566,77,74,3,3
44567,129,134,-5,5
44568,165,160,5,5
44569,111,112,-1,1
44570,108,112,-4,4
44571,67,73,-6,6
44572,78,75,3,3
44573,105,98,7,7
44574,72,69,3,3
44575,75,83,-8,8
44576,85,79,6,6
44577,57,58,-1,1
44578,115,122,-7,7
44579,74,73,1,1
44580,170,162,8,8
44581,90,94,-4,4
44582,85,86,-1,1
44583,65,69,-4,4
44584,45,45,0,0
44585,160,136,24,24
44586,160,145,15,15
44587,99,103,-4,4
44588,62,74,-12,12
44589,121,127,-6,6
44590,129,121,8,8
44591,98,103,-5,5
44592,104,99,5,5
44593,69,70,-1,1
44594,75,69,6,6
44595,95,89,6,6
44596,118,118,0,0
44597,94,135,-41,41
44598,100,104,-4,4
44599,129,119,10,10
44600,118,119,-1,1
44601,57,154,-97,97
44602,68,68,0,0
44603,123,121,2,2
44604,93,83,10,10
44605,53,74,-21,21
44606,92,88,4,4
44607,78,79,-1,1
44608,175,146,29,29
44609,115,126,-11,11
44610,70,74,-4,4
44611,161,137,24,24
44612,61,64,-3,3
44613,64,65,-1,1
44614,86,89,-3,3
44615,84,82,2,2
44616,152,133,19,19
44617,116,111,5,5
44618,53,59,-6,6
44619,57,60,-3,3
44620,68,76,-8,8
44621,178,171,7,7
44622,93,85,8,8
44623,120,115,5,5
44624,136,136,0,0
44625,39,43,-4,4
44626,102,97,5,5
44627,167,172,-5,5
44628,65,64,1,1
44629,50,65,-15,15
44630,80,77,3,3
44631,126,127,-1,1
44632,67,68,-1,1
44633,59,69,-10,10
44634,116,112,4,4
44635,95,96,-1,1
44636,57,57,0,0
44637,75,82,-7,7
44638,99,99,0,0
44639,94,92,2,2
44640,65,63,2,2
44641,90,85,5,5
44642,126,117,9,9
44643,86,95,-9,9
44644,103,102,1,1
44645,92,103,-11,11
44646,120,117,3,3
44647,86,81,5,5
44648,19,20,-1,1
44649,138,130,8,8
44650,86,84,2,2
44651,126,121,5,5
44652,103,105,-2,2
44653,89,84,5,5
44654,71,72,-1,1
44655,63,62,1,1
44656,76,78,-2,2
44657,154,143,11,11
44658,64,68,-4,4
44659,73,73,0,0
44660,61,67,-6,6
44661,57,67,-10,10
44662,142,143,-1,1
44663,193,182,11,11
44664,58,73,-15,15
44665,89,97,-8,8
44666,88,86,2,2
44667,121,115,6,6
44668,110,107,3,3
44669,116,109,7,7
44670,100,92,8,8
44671,62,63,-1,1
44672,100,105,-5,5
44673,146,125,21,21
44674,33,33,0,0
44675,105,108,-3,3
44676,93,88,5,5
44677,48,58,-10,10
44678,74,76,-2,2
44679,55,59,-4,4
44680,77,73,4,4
44681,83,79,4,4
44682,162,151,11,11
44683,59,61,-2,2
44684,196,188,8,8
44685,95,85,10,10
44686,64,63,1,1
44687,107,111,-4,4
44688,163,151,12,12
44689,78,76,2,2
44690,66,75,-9,9
44691,62,74,-12,12
44692,109,99,10,10
44693,77,78,-1,1
44694,125,116,9,9
44695,103,96,7,7
44696,81,78,3,3
44697,50,53,-3,3
44698,116,129,-13,13
44699,70,85,-15,15
44700,68,66,2,2
44701,96,89,7,7
44702,155,132,23,23
44703,128,132,-4,4
44704,75,74,1,1
44705,116,113,3,3
44706,88,85,3,3
44707,100,87,13,13
44708,73,74,-1,1
44709,140,144,-4,4
44710,106,105,1,1
44711,87,86,1,1
44712,78,89,-11,11
44713,92,87,5,5
44714,109,101,8,8
44715,69,74,-5,5
44716,174,166,8,8
44717,60,60,0,0
44718,61,59,2,2
44719,59,65,-6,6
44720,124,119,5,5
44721,85,82,3,3
44722,136,111,25,25
44723,118,123,-5,5
44724,81,82,-1,1
44725,80,80,0,0
44726,69,67,2,2
44727,60,66,-6,6
44728,63,68,-5,5
44729,46,40,6,6
44730,61,61,0,0
44731,65,75,-10,10
44732,104,109,-5,5
44733,144,133,11,11
44734,73,96,-23,23
44735,77,76,1,1
44736,96,91,5,5
44737,71,81,-10,10
44738,74,78,-4,4
44739,60,64,-4,4
44740,80,81,-1,1
44741,74,79,-5,5
44742,168,150,18,18
44743,145,136,9,9
44744,86,89,-3,3
44745,137,134,3,3
44746,121,117,4,4
44747,91,80,11,11
44748,68,70,-2,2
44749,78,71,7,7
44750,84,87,-3,3
44751,150,138,12,12
44752,103,89,14,14
44753,79,79,0,0
44754,63,72,-9,9
44755,70,69,1,1
44756,229,205,24,24
44757,130,139,-9,9
44758,81,86,-5,5
44759,112,101,11,11
44760,134,116,18,18
44761,82,84,-2,2
44762,152,210,-58,58
44763,90,96,-6,6
44764,105,113,-8,8
44765,138,134,4,4
44766,95,93,2,2
44767,86,79,7,7
44768,91,80,11,11
44769,58,77,-19,19
44770,130,118,12,12
44771,154,139,15,15
44772,69,73,-4,4
44773,158,134,24,24
44774,136,131,5,5
44775,56,62,-6,6
44776,86,83,3,3
44777,49,54,-5,5
44778,138,133,5,5
44779,100,98,2,2
44780,146,140,6,6
44781,56,55,1,1
44782,79,79,0,0
44783,53,49,4,4
44784,59,57,2,2
44785,64,62,2,2
44786,108,100,8,8
44787,66,68,-2,2
44788,117,116,1,1
44789,60,59,1,1
44790,51,50,1,1
44791,104,99,5,5
44792,92,107,-15,15
44793,87,79,8,8
44794,84,102,-18,18
44795,155,150,5,5
44796,100,99,1,1
44797,43,43,0,0
44798,72,62,10,10
44799,124,132,-8,8
44800,116,134,-18,18
44801,159,142,17,17
44802,91,104,-13,13
44803,71,66,5,5
44804,158,151,7,7
44805,71,73,-2,2
44806,102,98,4,4
44807,117,110,7,7
44808,94,93,1,1
44809,79,86,-7,7
44810,51,52,-1,1
44811,63,62,1,1
44812,55,58,-3,3
44813,152,129,23,23
44814,78,66,12,12
44815,54,56,-2,2
44816,80,77,3,3
44817,59,61,-2,2
44818,84,85,-1,1
44819,110,104,6,6
44820,124,110,14,14
44821,92,85,7,7
44822,126,126,0,0
44823,130,119,11,11
44824,89,88,1,1
44825,109,104,5,5
44826,87,93,-6,6
44827,75,67,8,8
44828,225,213,12,12
44829,182,180,2,2
44830,82,81,1,1
44831,54,63,-9,9
44832,187,171,16,16
44833,128,134,-6,6
44834,87,77,10,10
44835,92,80,12,12
44836,58,70,-12,12
44837,63,61,2,2
44838,100,92,8,8
44839,102,110,-8,8
44840,46,54,-8,8
44841,89,97,-8,8
44842,61,57,4,4
44843,134,133,1,1
44844,69,70,-1,1
44845,118,114,4,4
44846,153,145,8,8
44847,115,110,5,5
44848,88,81,7,7
44849,91,89,2,2
44850,51,63,-12,12
44851,68,79,-11,11
44852,155,145,10,10
44853,52,54,-2,2
44854,71,73,-2,2
44855,100,95,5,5
44856,81,75,6,6
44857,168,156,12,12
44858,80,76,4,4
44859,83,79,4,4
44860,90,94,-4,4
44861,99,94,5,5
44862,45,43,2,2
44863,110,108,2,2
44864,118,102,16,16
44865,98,96,2,2
44866,162,150,12,12
44867,54,52,2,2
44868,80,81,-1,1
44869,91,82,9,9
44870,81,70,11,11
44871,89,85,4,4
44872,58,57,1,1
44873,194,200,-6,6
44874,78,80,-2,2
44875,63,62,1,1
44876,61,62,-1,1
44877,98,93,5,5
44878,95,93,2,2
44879,97,86,11,11
44880,96,107,-11,11
44881,89,82,7,7
44882,154,143,11,11
44883,51,51,0,0
44884,117,99,18,18
44885,42,51,-9,9
44886,92,85,7,7
44887,91,90,1,1
44888,162,168,-6,6
44889,75,77,-2,2
44890,104,105,-1,1
44891,117,117,0,0
44892,74,81,-7,7
44893,52,54,-2,2
44894,77,77,0,0
44895,83,77,6,6
44896,71,73,-2,2
44897,57,56,1,1
44898,62,63,-1,1
44899,114,108,6,6
44900,58,67,-9,9
44901,120,124,-4,4
44902,74,75,-1,1
44903,95,81,14,14
44904,63,71,-8,8
44905,84,92,-8,8
44906,57,67,-10,10
44907,70,75,-5,5
44908,71,80,-9,9
44909,71,63,8,8
44910,140,122,18,18
44911,116,121,-5,5
44912,62,69,-7,7
44913,96,104,-8,8
44914,73,74,-1,1
44915,79,76,3,3
44916,97,85,12,12
44917,80,71,9,9
44918,76,77,-1,1
44919,67,68,-1,1
44920,176,169,7,7
44921,71,83,-12,12
44922,89,86,3,3
44923,75,73,2,2
44924,142,132,10,10
44925,96,95,1,1
44926,70,72,-2,2
44927,134,126,8,8
44928,123,121,2,2
44929,71,80,-9,9
44930,45,55,-10,10
44931,102,101,1,1
44932,130,128,2,2
44933,134,132,2,2
44934,71,76,-5,5
44935,111,124,-13,13
44936,134,119,15,15
44937,131,112,19,19
44938,136,161,-25,25
44939,116,110,6,6
44940,156,146,10,10
44941,139,123,16,16
44942,102,100,2,2
44943,69,75,-6,6
44944,81,75,6,6
44945,109,113,-4,4
44946,94,89,5,5
44947,77,71,6,6
44948,173,176,-3,3
44949,70,75,-5,5
44950,77,81,-4,4
44951,95,89,6,6
44952,96,90,6,6
44953,90,89,1,1
44954,47,66,-19,19
44955,116,120,-4,4
44956,84,74,10,10
44957,62,70,-8,8
44958,128,138,-10,10
44959,83,81,2,2
44960,90,95,-5,5
44961,86,85,1,1
44962,113,109,4,4
44963,153,133,20,20
44964,90,87,3,3
44965,96,97,-1,1
44966,76,85,-9,9
44967,73,76,-3,3
44968,98,95,3,3
44969,23,43,-20,20
44970,57,63,-6,6
44971,65,80,-15,15
44972,107,107,0,0
44973,140,136,4,4
44974,112,100,12,12
44975,149,159,-10,10
44976,100,82,18,18
44977,100,94,6,6
44978,64,60,4,4
44979,89,84,5,5
44980,154,145,9,9
44981,53,57,-4,4
44982,45,44,1,1
44983,61,66,-5,5
44984,108,105,3,3
44985,88,78,10,10
44986,109,113,-4,4
44987,143,122,21,21
44988,91,100,-9,9
44989,102,102,0,0
44990,61,74,-13,13
44991,85,85,0,0
44992,121,104,17,17
44993,65,65,0,0
44994,56,56,0,0
44995,103,99,4,4
44996,111,97,14,14
44997,102,96,6,6
44998,99,90,9,9
44999,97,118,-21,21
45000,79,77,2,2
45001,139,130,9,9
45002,107,90,17,17
45003,166,170,-4,4
45004,51,55,-4,4
45005,75,68,7,7
45006,113,108,5,5
45007,69,76,-7,7
45008,129,127,2,2
45009,197,192,5,5
45010,104,103,1,1
45011,99,102,-3,3
45012,86,76,10,10
45013,95,85,10,10
45014,138,128,10,10
45015,78,73,5,5
45016,47,84,-37,37
45017,56,60,-4,4
45018,62,68,-6,6
45019,64,69,-5,5
45020,105,88,17,17
45021,104,98,6,6
45022,140,132,8,8
45023,84,93,-9,9
45024,126,131,-5,5
45025,82,80,2,2
45026,75,74,1,1
45027,92,96,-4,4
45028,77,78,-1,1
45029,100,95,5,5
45030,140,141,-1,1
45031,67,57,10,10
45032,117,121,-4,4
45033,54,58,-4,4
45034,81,81,0,0
45035,130,127,3,3
45036,100,94,6,6
45037,86,81,5,5
45038,57,65,-8,8
45039,115,108,7,7
45040,147,145,2,2
45041,86,84,2,2
45042,39,45,-6,6
45043,79,78,1,1
45044,89,97,-8,8
45045,70,65,5,5
45046,73,78,-5,5
45047,113,104,9,9
45048,99,103,-4,4
45049,78,77,1,1
45050,132,130,2,2
45051,79,86,-7,7
45052,143,137,6,6
45053,57,61,-4,4
45054,49,50,-1,1
45055,85,92,-7,7
45056,49,78,-29,29
45057,96,86,10,10
45058,87,86,1,1
45059,151,121,30,30
45060,147,144,3,3
45061,94,97,-3,3
45062,91,87,4,4
45063,56,56,0,0
45064,123,131,-8,8
45065,188,173,15,15
45066,55,50,5,5
45067,117,106,11,11
45068,106,101,5,5
45069,109,121,-12,12
45070,61,57,4,4
45071,46,55,-9,9
45072,62,66,-4,4
45073,102,98,4,4
45074,62,60,2,2
45075,85,84,1,1
45076,89,87,2,2
45077,96,93,3,3
45078,132,129,3,3
45079,94,91,3,3
45080,118,106,12,12
45081,73,73,0,0
45082,69,70,-1,1
45083,57,66,-9,9
45084,86,85,1,1
45085,130,115,15,15
45086,144,135,9,9
45087,67,66,1,1
45088,64,94,-30,30
45089,85,79,6,6
45090,104,110,-6,6
45091,109,103,6,6
45092,110,107,3,3
45093,129,117,12,12
45094,97,90,7,7
45095,85,81,4,4
45096,104,98,6,6
45097,77,81,-4,4
45098,81,85,-4,4
45099,97,90,7,7
45100,130,142,-12,12
45101,67,70,-3,3
45102,55,59,-4,4
45103,92,81,11,11
45104,83,87,-4,4
45105,135,140,-5,5
45106,69,66,3,3
45107,109,112,-3,3
45108,98,84,14,14
45109,95,87,8,8
45110,121,124,-3,3
45111,80,70,10,10
45112,79,78,1,1
45113,123,126,-3,3
45114,117,113,4,4
45115,59,64,-5,5
45116,89,88,1,1
45117,82,80,2,2
45118,117,105,12,12
45119,69,72,-3,3
45120,123,107,16,16
45121,57,67,-10,10
45122,87,77,10,10
45123,105,106,-1,1
45124,108,105,3,3
45125,76,73,3,3
45126,74,101,-27,27
45127,84,74,10,10
45128,96,95,1,1
45129,78,78,0,0
45130,76,84,-8,8
45131,88,96,-8,8
45132,89,90,-1,1
45133,90,95,-5,5
45134,60,59,1,1
45135,53,61,-8,8
45136,67,70,-3,3
45137,89,89,0,0
45138,149,128,21,21
45139,95,94,1,1
45140,109,114,-5,5
45141,169,170,-1,1
45142,78,75,3,3
45143,122,118,4,4
45144,48,66,-18,18
45145,108,119,-11,11
45146,90,87,3,3
45147,147,133,14,14
45148,69,70,-1,1
45149,112,102,10,10
45150,158,150,8,8
45151,123,137,-14,14
45152,42,48,-6,6
45153,135,123,12,12
45154,148,137,11,11
45155,109,106,3,3
45156,73,68,5,5
45157,88,85,3,3
45158,90,82,8,8
45159,55,57,-2,2
45160,83,86,-3,3
45161,54,47,7,7
45162,85,88,-3,3
45163,75,73,2,2
45164,121,120,1,1
45165,65,65,0,0
45166,77,71,6,6
45167,102,95,7,7
45168,104,113,-9,9
45169,67,63,4,4
45170,134,119,15,15
45171,107,97,10,10
45172,87,88,-1,1
45173,168,161,7,7
45174,145,142,3,3
45175,127,128,-1,1
45176,168,152,16,16
45177,113,104,9,9
45178,64,73,-9,9
45179,64,68,-4,4
45180,83,84,-1,1
45181,83,82,1,1
45182,125,115,10,10
45183,61,57,4,4
45184,40,40,0,0
45185,57,53,4,4
45186,153,140,13,13
45187,101,105,-4,4
45188,83,82,1,1
45189,89,98,-9,9
45190,111,114,-3,3
45191,77,77,0,0
45192,127,120,7,7
45193,128,121,7,7
45194,146,133,13,13
45195,49,56,-7,7
45196,49,62,-13,13
45197,57,65,-8,8
45198,89,83,6,6
45199,88,103,-15,15
45200,153,156,-3,3
45201,71,73,-2,2
45202,135,136,-1,1
45203,109,99,10,10
45204,73,74,-1,1
45205,185,169,16,16
45206,69,69,0,0
45207,109,111,-2,2
45208,74,78,-4,4
45209,181,154,27,27
45210,96,98,-2,2
45211,93,107,-14,14
45212,60,62,-2,2
45213,104,104,0,0
45214,67,53,14,14
45215,89,93,-4,4
45216,128,115,13,13
45217,100,94,6,6
45218,96,93,3,3
45219,90,80,10,10
45220,68,67,1,1
45221,126,116,10,10
45222,54,61,-7,7
45223,106,107,-1,1
45224,63,66,-3,3
45225,113,96,17,17
45226,45,55,-10,10
45227,98,90,8,8
45228,156,144,12,12
45229,52,58,-6,6
45230,134,122,12,12
45231,74,76,-2,2
45232,102,100,2,2
45233,100,96,4,4
45234,62,68,-6,6
45235,82,77,5,5
45236,105,90,15,15
45237,69,73,-4,4
45238,124,135,-11,11
45239,118,116,2,2
45240,82,82,0,0
45241,63,68,-5,5
45242,70,68,2,2
45243,68,70,-2,2
45244,121,110,11,11
45245,73,70,3,3
45246,51,55,-4,4
45247,81,77,4,4
45248,146,133,13,13
45249,88,86,2,2
45250,101,97,4,4
45251,126,131,-5,5
45252,119,118,1,1
45253,113,119,-6,6
45254,172,150,22,22
45255,81,75,6,6
45256,90,87,3,3
45257,110,107,3,3
45258,134,134,0,0
45259,37,49,-12,12
45260,62,65,-3,3
45261,65,67,-2,2
45262,52,53,-1,1
45263,76,80,-4,4
45264,116,111,5,5
45265,98,124,-26,26
45266,61,64,-3,3
45267,84,85,-1,1
45268,153,142,11,11
45269,72,64,8,8
45270,77,77,0,0
45271,86,85,1,1
45272,99,105,-6,6
45273,124,117,7,7
45274,66,74,-8,8
45275,76,75,1,1
45276,67,54,13,13
45277,133,119,14,14
45278,91,88,3,3
45279,71,79,-8,8
45280,207,201,6,6
45281,65,68,-3,3
45282,97,100,-3,3
45283,131,131,0,0
45284,120,109,11,11
45285,59,64,-5,5
45286,124,119,5,5
45287,74,73,1,1
45288,101,99,2,2
45289,85,83,2,2
45290,85,83,2,2
45291,137,128,9,9
45292,76,71,5,5
45293,136,138,-2,2
45294,139,134,5,5
45295,49,56,-7,7
45296,136,130,6,6
45297,75,69,6,6
45298,109,106,3,3
45299,53,57,-4,4
45300,110,109,1,1
45301,59,64,-5,5
45302,119,117,2,2
45303,86,81,5,5
45304,139,128,11,11
45305,132,126,6,6
45306,191,183,8,8
45307,87,79,8,8
45308,90,86,4,4
45309,122,121,1,1
45310,73,67,6,6
45311,122,108,14,14
45312,93,93,0,0
45313,46,57,-11,11
45314,84,88,-4,4
45315,103,91,12,12
45316,39,37,2,2
45317,96,102,-6,6
45318,72,72,0,0
45319,146,134,12,12
45320,80,89,-9,9
45321,68,72,-4,4
45322,49,53,-4,4
45323,110,105,5,5
45324,117,118,-1,1
45325,121,108,13,13
45326,55,69,-14,14
45327,149,157,-8,8
45328,78,77,1,1
45329,60,69,-9,9
45330,161,157,4,4
45331,95,102,-7,7
45332,75,65,10,10
45333,92,94,-2,2
45334,112,121,-9,9
45335,67,73,-6,6
45336,91,86,5,5
45337,109,101,8,8
45338,177,167,10,10
45339,105,110,-5,5
45340,82,78,4,4
45341,89,77,12,12
45342,109,106,3,3
45343,67,77,-10,10
45344,117,119,-2,2
45345,96,95,1,1
45346,49,58,-9,9
45347,110,102,8,8
45348,57,52,5,5
45349,118,95,23,23
45350,120,112,8,8
45351,77,81,-4,4
45352,107,93,14,14
45353,60,69,-9,9
45354,70,63,7,7
45355,115,113,2,2
45356,70,75,-5,5
45357,70,66,4,4
45358,96,109,-13,13
45359,72,80,-8,8
45360,72,69,3,3
45361,67,71,-4,4
45362,170,154,16,16
45363,57,55,2,2
45364,67,66,1,1
45365,85,85,0,0
45366,95,107,-12,12
45367,119,139,-20,20
45368,84,77,7,7
45369,65,83,-18,18
45370,225,218,7,7
45371,97,96,1,1
45372,81,81,0,0
45373,104,102,2,2
45374,23,32,-9,9
45375,75,76,-1,1
45376,115,112,3,3
45377,111,99,12,12
45378,60,58,2,2
45379,72,76,-4,4
45380,100,100,0,0
45381,85,79,6,6
45382,60,63,-3,3
45383,55,68,-13,13
45384,120,123,-3,3
45385,121,124,-3,3
45386,79,76,3,3
45387,89,86,3,3
45388,127,116,11,11
45389,86,83,3,3
45390,58,58,0,0
45391,99,87,12,12
45392,126,129,-3,3
45393,53,53,0,0
45394,55,58,-3,3
45395,107,109,-2,2
45396,67,63,4,4
45397,83,89,-6,6
45398,81,85,-4,4
45399,92,87,5,5
45400,109,102,7,7
45401,148,148,0,0
45402,115,119,-4,4
45403,124,117,7,7
45404,103,102,1,1
45405,122,124,-2,2
45406,104,105,-1,1
45407,58,45,13,13
45408,68,69,-1,1
45409,83,87,-4,4
45410,51,65,-14,14
45411,84,80,4,4
45412,129,134,-5,5
45413,64,68,-4,4
45414,150,137,13,13
45415,48,52,-4,4
45416,67,58,9,9
45417,72,74,-2,2
45418,101,95,6,6
45419,68,65,3,3
45420,135,123,12,12
45421,98,97,1,1
45422,73,74,-1,1
45423,93,100,-7,7
45424,161,158,3,3
45425,58,61,-3,3
45426,125,124,1,1
45427,91,93,-2,2
45428,82,77,5,5
45429,82,85,-3,3
45430,89,106,-17,17
45431,45,40,5,5
45432,56,89,-33,33
45433,152,175,-23,23
45434,110,101,9,9
45435,81,75,6,6
45436,43,47,-4,4
45437,154,161,-7,7
45438,82,72,10,10
45439,104,107,-3,3
45440,78,83,-5,5
45441,130,121,9,9
45442,66,76,-10,10
45443,86,86,0,0
45444,98,103,-5,5
45445,106,106,0,0
45446,78,82,-4,4
45447,89,80,9,9
45448,84,85,-1,1
45449,111,101,10,10
45450,73,74,-1,1
45451,115,136,-21,21
45452,174,165,9,9
45453,87,75,12,12
45454,102,100,2,2
45455,77,69,8,8
45456,37,36,1,1
45457,131,127,4,4
45458,104,102,2,2
45459,109,140,-31,31
45460,89,83,6,6
45461,108,103,5,5
45462,158,147,11,11
45463,69,69,0,0
45464,89,80,9,9
45465,42,43,-1,1
45466,97,82,15,15
45467,70,77,-7,7
45468,116,112,4,4
45469,138,149,-11,11
45470,110,109,1,1
45471,105,94,11,11
45472,51,59,-8,8
45473,94,100,-6,6
45474,75,73,2,2
45475,129,134,-5,5
45476,88,81,7,7
45477,100,90,10,10
45478,79,78,1,1
45479,176,172,4,4
45480,86,81,5,5
45481,88,99,-11,11
45482,105,115,-10,10
45483,140,132,8,8
45484,72,69,3,3
45485,111,90,21,21
45486,105,96,9,9
45487,191,179,12,12
45488,120,117,3,3
45489,99,102,-3,3
45490,45,53,-8,8
45491,94,90,4,4
45492,80,89,-9,9
45493,85,83,2,2
45494,74,69,5,5
45495,78,79,-1,1
45496,131,119,12,12
45497,95,94,1,1
45498,59,62,-3,3
45499,72,65,7,7
45500,108,114,-6,6
45501,71,75,-4,4
45502,74,72,2,2
45503,134,136,-2,2
45504,101,103,-2,2
45505,68,69,-1,1
45506,127,127,0,0
45507,195,168,27,27
45508,73,72,1,1
45509,77,74,3,3
45510,79,71,8,8
45511,59,52,7,7
45512,115,101,14,14
45513,79,78,1,1
45514,91,88,3,3
45515,82,81,1,1
45516,72,72,0,0
45517,63,72,-9,9
45518,89,89,0,0
45519,69,75,-6,6
45520,62,92,-30,30
45521,45,55,-10,10
45522,87,90,-3,3
45523,75,81,-6,6
45524,105,102,3,3
45525,93,99,-6,6
45526,104,101,3,3
45527,86,88,-2,2
45528,159,157,2,2
45529,93,82,11,11
45530,112,111,1,1
45531,120,115,5,5
45532,62,56,6,6
45533,108,103,5,5
45534,124,126,-2,2
45535,167,151,16,16
45536,163,161,2,2
45537,113,107,6,6
45538,98,91,7,7
45539,64,74,-10,10
45540,120,113,7,7
45541,52,51,1,1
45542,42,45,-3,3
45543,131,139,-8,8
45544,95,82,13,13
45545,85,84,1,1
45546,71,69,2,2
45547,116,108,8,8
45548,91,80,11,11
45549,94,88,6,6
45550,52,58,-6,6
45551,84,100,-16,16
45552,61,62,-1,1
45553,101,103,-2,2
45554,97,95,2,2
45555,96,101,-5,5
45556,141,147,-6,6
45557,124,116,8,8
45558,72,76,-4,4
45559,79,128,-49,49
45560,155,158,-3,3
45561,112,120,-8,8
45562,63,65,-2,2
45563,73,76,-3,3
45564,67,72,-5,5
45565,61,62,-1,1
45566,114,107,7,7
45567,33,35,-2,2
45568,64,66,-2,2
45569,79,75,4,4
45570,149,159,-10,10
45571,97,92,5,5
45572,84,81,3,3
45573,134,137,-3,3
45574,85,94,-9,9
45575,123,111,12,12
45576,97,96,1,1
45577,69,67,2,2
45578,116,104,12,12
45579,92,81,11,11
45580,125,124,1,1
45581,103,93,10,10
45582,99,85,14,14
45583,154,159,-5,5
45584,102,99,3,3
45585,53,57,-4,4
45586,104,106,-2,2
45587,218,187,31,31
45588,57,58,-1,1
45589,154,159,-5,5
45590,141,143,-2,2
45591,113,120,-7,7
45592,69,71,-2,2
45593,87,100,-13,13
45594,126,122,4,4
45595,99,103,-4,4
45596,85,86,-1,1
45597,78,90,-12,12
45598,85,72,13,13
45599,77,74,3,3
45600,97,93,4,4
45601,67,75,-8,8
45602,114,109,5,5
45603,130,136,-6,6
45604,127,117,10,10
45605,66,65,1,1
45606,74,78,-4,4
45607,117,113,4,4
45608,57,57,0,0
45609,169,161,8,8
45610,79,80,-1,1
45611,122,133,-11,11
45612,117,118,-1,1
45613,82,81,1,1
45614,119,115,4,4
45615,105,101,4,4
45616,121,110,11,11
45617,107,106,1,1
45618,63,66,-3,3
45619,76,79,-3,3
45620,141,117,24,24
45621,76,76,0,0
45622,189,151,38,38
45623,78,76,2,2
45624,105,118,-13,13
45625,69,70,-1,1
45626,95,104,-9,9
45627,55,63,-8,8
45628,85,73,12,12
45629,62,68,-6,6
45630,72,72,0,0
45631,91,88,3,3
45632,78,87,-9,9
45633,69,66,3,3
45634,58,57,1,1
45635,104,97,7,7
45636,90,90,0,0
45637,45,59,-14,14
45638,109,97,12,12
45639,174,179,-5,5
45640,102,113,-11,11
45641,72,75,-3,3
45642,93,89,4,4
45643,88,115,-27,27
45644,147,132,15,15
45645,116,113,3,3
45646,71,90,-19,19
45647,59,66,-7,7
45648,110,107,3,3
45649,112,105,7,7
45650,67,60,7,7
45651,63,68,-5,5
45652,99,83,16,16
45653,71,70,1,1
45654,61,69,-8,8
45655,145,182,-37,37
45656,59,63,-4,4
45657,91,96,-5,5
45658,97,99,-2,2
45659,67,70,-3,3
45660,75,72,3,3
45661,107,89,18,18
45662,47,66,-19,19
45663,111,116,-5,5
45664,122,113,9,9
45665,145,135,10,10
45666,133,116,17,17
45667,90,86,4,4
45668,153,146,7,7
45669,83,73,10,10
45670,44,58,-14,14
45671,64,65,-1,1
45672,74,77,-3,3
45673,98,97,1,1
45674,117,80,37,37
45675,83,85,-2,2
45676,52,59,-7,7
45677,74,77,-3,3
45678,128,123,5,5
45679,75,74,1,1
45680,71,70,1,1
45681,72,72,0,0
45682,80,77,3,3
45683,98,92,6,6
45684,138,134,4,4
45685,161,155,6,6
45686,152,151,1,1
45687,117,110,7,7
45688,96,102,-6,6
45689,76,78,-2,2
45690,150,149,1,1
45691,71,77,-6,6
45692,127,130,-3,3
45693,93,94,-1,1
45694,116,117,-1,1
45695,128,121,7,7
45696,47,48,-1,1
45697,53,56,-3,3
45698,173,165,8,8
45699,84,100,-16,16
45700,74,70,4,4
45701,40,45,-5,5
45702,125,104,21,21
45703,100,108,-8,8
45704,62,66,-4,4
45705,120,109,11,11
45706,163,141,22,22
45707,111,108,3,3
45708,62,73,-11,11
45709,104,109,-5,5
45710,96,89,7,7
45711,71,67,4,4
45712,94,101,-7,7
45713,109,107,2,2
45714,46,47,-1,1
45715,94,89,5,5
45716,52,52,0,0
45717,88,81,7,7
45718,68,74,-6,6
45719,193,200,-7,7
45720,137,125,12,12
45721,109,108,1,1
45722,97,104,-7,7
45723,114,104,10,10
45724,90,85,5,5
45725,57,64,-7,7
45726,119,110,9,9
45727,157,148,9,9
45728,86,81,5,5
45729,108,104,4,4
45730,82,82,0,0
45731,111,104,7,7
45732,110,106,4,4
45733,108,102,6,6
45734,92,82,10,10
45735,38,35,3,3
45736,92,91,1,1
45737,92,86,6,6
45738,68,61,7,7
45739,74,80,-6,6
45740,83,88,-5,5
45741,106,89,17,17
45742,86,85,1,1
45743,78,73,5,5
45744,155,160,-5,5
45745,116,116,0,0
45746,129,102,27,27
45747,99,93,6,6
45748,114,105,9,9
45749,103,93,10,10
45750,82,73,9,9
45751,50,50,0,0
45752,86,82,4,4
45753,82,79,3,3
45754,82,90,-8,8
45755,50,54,-4,4
45756,88,74,14,14
45757,86,82,4,4
45758,103,99,4,4
45759,60,57,3,3
45760,68,67,1,1
45761,86,72,14,14
45762,85,80,5,5
45763,80,74,6,6
45764,58,66,-8,8
45765,63,78,-15,15
45766,117,116,1,1
45767,97,106,-9,9
45768,59,64,-5,5
45769,66,70,-4,4
45770,121,117,4,4
45771,77,71,6,6
45772,47,48,-1,1
45773,61,69,-8,8
45774,128,122,6,6
45775,225,204,21,21
45776,145,132,13,13
45777,125,132,-7,7
45778,40,44,-4,4
45779,94,83,11,11
45780,103,97,6,6
45781,137,128,9,9
45782,151,145,6,6
45783,98,100,-2,2
45784,115,110,5,5
45785,77,72,5,5
45786,75,100,-25,25
45787,75,79,-4,4
45788,117,110,7,7
45789,133,131,2,2
45790,89,98,-9,9
45791,92,91,1,1
45792,66,67,-1,1
45793,26,30,-4,4
45794,135,124,11,11
45795,82,86,-4,4
45796,44,50,-6,6
45797,79,61,18,18
45798,135,139,-4,4
45799,122,132,-10,10
45800,177,175,2,2
45801,93,86,7,7
45802,54,50,4,4
45803,104,117,-13,13
45804,69,65,4,4
45805,64,69,-5,5
45806,113,121,-8,8
45807,69,68,1,1
45808,127,130,-3,3
45809,115,114,1,1
45810,75,75,0,0
45811,81,76,5,5
45812,35,40,-5,5
45813,120,119,1,1
45814,86,85,1,1
45815,111,101,10,10
45816,149,133,16,16
45817,86,81,5,5
45818,122,117,5,5
45819,80,88,-8,8
45820,91,84,7,7
45821,106,102,4,4
45822,30,66,-36,36
45823,84,82,2,2
45824,159,126,33,33
45825,76,80,-4,4
45826,73,74,-1,1
45827,78,80,-2,2
45828,271,235,36,36
45829,138,141,-3,3
45830,72,75,-3,3
45831,77,71,6,6
45832,94,92,2,2
45833,101,99,2,2
45834,72,73,-1,1
45835,101,106,-5,5
45836,120,118,2,2
45837,159,156,3,3
45838,78,75,3,3
45839,78,80,-2,2
45840,106,102,4,4
45841,87,94,-7,7
45842,62,65,-3,3
45843,106,110,-4,4
45844,127,135,-8,8
45845,101,104,-3,3
45846,56,62,-6,6
45847,41,52,-11,11
45848,83,82,1,1
45849,128,127,1,1
45850,86,77,9,9
45851,82,83,-1,1
45852,104,101,3,3
45853,116,133,-17,17
45854,115,132,-17,17
45855,81,78,3,3
45856,82,95,-13,13
45857,88,81,7,7
45858,115,113,2,2
45859,170,168,2,2
45860,110,109,1,1
45861,228,201,27,27
45862,161,142,19,19
45863,72,71,1,1
45864,171,152,19,19
45865,117,106,11,11
45866,116,114,2,2
45867,60,53,7,7
45868,113,116,-3,3
45869,121,114,7,7
45870,41,57,-16,16
45871,98,89,9,9
45872,83,80,3,3
45873,56,59,-3,3
45874,107,100,7,7
45875,90,82,8,8
45876,91,91,0,0
45877,68,73,-5,5
45878,131,121,10,10
45879,95,89,6,6
45880,93,87,6,6
45881,99,95,4,4
45882,195,165,30,30
45883,124,113,11,11
45884,124,117,7,7
45885,44,69,-25,25
45886,63,62,1,1
45887,175,159,16,16
45888,127,114,13,13
45889,113,115,-2,2
45890,118,98,20,20
45891,99,106,-7,7
45892,89,84,5,5
45893,64,68,-4,4
45894,73,75,-2,2
45895,104,99,5,5
45896,50,60,-10,10
45897,94,80,14,14
45898,115,116,-1,1
45899,91,90,1,1
45900,80,72,8,8
45901,81,83,-2,2
45902,80,82,-2,2
45903,100,93,7,7
45904,123,122,1,1
45905,89,82,7,7
45906,71,71,0,0
45907,162,138,24,24
45908,152,131,21,21
45909,69,71,-2,2
45910,81,88,-7,7
45911,71,76,-5,5
45912,90,83,7,7
45913,104,98,6,6
45914,106,96,10,10
45915,66,68,-2,2
45916,66,64,2,2
45917,79,86,-7,7
45918,45,52,-7,7
45919,89,82,7,7
45920,105,85,20,20
45921,59,58,1,1
45922,103,93,10,10
45923,116,117,-1,1
45924,93,88,5,5
45925,116,129,-13,13
45926,133,123,10,10
45927,86,80,6,6
45928,86,76,10,10
45929,65,64,1,1
45930,139,127,12,12
45931,117,121,-4,4
45932,67,65,2,2
45933,119,101,18,18
45934,81,101,-20,20
45935,127,122,5,5
45936,142,134,8,8
45937,87,83,4,4
45938,70,69,1,1
45939,79,78,1,1
45940,119,116,3,3
45941,73,69,4,4
45942,72,63,9,9
45943,87,89,-2,2
45944,108,102,6,6
45945,120,117,3,3
45946,82,78,4,4
45947,97,99,-2,2
45948,73,79,-6,6
45949,69,67,2,2
45950,96,95,1,1
45951,44,44,0,0
45952,104,97,7,7
45953,68,74,-6,6
45954,108,84,24,24
45955,81,82,-1,1
45956,124,118,6,6
45957,91,81,10,10
45958,116,131,-15,15
45959,41,41,0,0
45960,93,92,1,1
45961,100,102,-2,2
45962,70,82,-12,12
45963,82,81,1,1
45964,124,109,15,15
45965,168,154,14,14
45966,81,78,3,3
45967,124,127,-3,3
45968,74,72,2,2
45969,191,179,12,12
45970,99,106,-7,7
45971,72,75,-3,3
45972,92,98,-6,6
45973,122,121,1,1
45974,104,97,7,7
45975,93,86,7,7
45976,50,55,-5,5
45977,79,85,-6,6
45978,86,85,1,1
45979,147,158,-11,11
45980,129,141,-12,12
45981,135,144,-9,9
45982,124,108,16,16
45983,91,89,2,2
45984,80,87,-7,7
45985,150,155,-5,5
45986,113,108,5,5
45987,74,65,9,9
45988,165,150,15,15
45989,105,90,15,15
45990,49,56,-7,7
45991,96,101,-5,5
45992,115,113,2,2
45993,132,125,7,7
45994,111,101,10,10
45995,44,72,-28,28
45996,98,88,10,10
45997,52,50,2,2
45998,78,82,-4,4
45999,71,72,-1,1
46000,30,30,0,0
46001,116,117,-1,1
46002,128,146,-18,18
46003,75,82,-7,7
46004,47,51,-4,4
46005,89,94,-5,5
46006,88,77,11,11
46007,102,101,1,1
46008,48,47,1,1
46009,59,56,3,3
46010,131,122,9,9
46011,71,71,0,0
46012,81,84,-3,3
46013,110,105,5,5
46014,154,149,5,5
46015,120,121,-1,1
46016,155,137,18,18
46017,109,106,3,3
46018,71,79,-8,8
46019,81,86,-5,5
46020,58,62,-4,4
46021,69,75,-6,6
46022,134,125,9,9
46023,99,96,3,3
46024,71,73,-2,2
46025,99,97,2,2
46026,76,78,-2,2
46027,98,83,15,15
46028,68,68,0,0
46029,105,93,12,12
46030,109,102,7,7
46031,143,159,-16,16
46032,112,105,7,7
46033,82,101,-19,19
46034,59,60,-1,1
46035,170,159,11,11
46036,84,87,-3,3
46037,84,94,-10,10
46038,97,98,-1,1
46039,241,213,28,28
46040,216,193,23,23
46041,121,119,2,2
46042,72,69,3,3
46043,61,63,-2,2
46044,76,73,3,3
46045,140,141,-1,1
46046,101,94,7,7
46047,92,81,11,11
46048,65,62,3,3
46049,62,68,-6,6
46050,62,68,-6,6
46051,172,150,22,22
46052,82,78,4,4
46053,118,117,1,1
46054,99,91,8,8
46055,121,116,5,5
46056,108,105,3,3
46057,96,78,18,18
46058,145,133,12,12
46059,111,135,-24,24
46060,46,48,-2,2
46061,74,65,9,9
46062,96,92,4,4
46063,60,58,2,2
46064,110,134,-24,24
46065,78,79,-1,1
46066,114,99,15,15
46067,154,168,-14,14
46068,165,151,14,14
46069,42,43,-1,1
46070,91,83,8,8
46071,100,102,-2,2
46072,110,87,23,23
46073,67,74,-7,7
46074,68,73,-5,5
46075,137,116,21,21
46076,87,86,1,1
46077,93,84,9,9
46078,86,84,2,2
46079,200,200,0,0
46080,119,113,6,6
46081,176,166,10,10
46082,75,75,0,0
46083,125,118,7,7
46084,74,80,-6,6
46085,102,92,10,10
46086,53,52,1,1
46087,107,100,7,7
46088,95,91,4,4
46089,120,122,-2,2
46090,88,85,3,3
46091,66,74,-8,8
46092,94,89,5,5
46093,137,137,0,0
46094,67,74,-7,7
46095,83,81,2,2
46096,56,57,-1,1
46097,139,125,14,14
46098,100,90,10,10
46099,78,85,-7,7
46100,103,93,10,10
46101,59,68,-9,9
46102,47,54,-7,7
46103,65,61,4,4
46104,112,101,11,11
46105,132,115,17,17
46106,82,85,-3,3
46107,118,118,0,0
46108,109,98,11,11
46109,91,85,6,6
46110,67,69,-2,2
46111,83,83,0,0
46112,79,78,1,1
46113,26,25,1,1
46114,44,57,-13,13
46115,71,74,-3,3
46116,86,80,6,6
46117,77,75,2,2
46118,53,52,1,1
46119,98,87,11,11
46120,144,126,18,18
46121,89,81,8,8
46122,67,70,-3,3
46123,147,132,15,15
46124,127,128,-1,1
46125,85,82,3,3
46126,66,64,2,2
46127,89,78,11,11
46128,89,88,1,1
46129,75,73,2,2
46130,72,71,1,1
46131,101,102,-1,1
46132,126,98,28,28
46133,62,59,3,3
46134,83,80,3,3
46135,151,143,8,8
46136,102,101,1,1
46137,215,201,14,14
46138,149,139,10,10
46139,133,126,7,7
46140,90,81,9,9
46141,100,82,18,18
46142,57,55,2,2
46143,61,63,-2,2
46144,41,35,6,6
46145,137,124,13,13
46146,164,154,10,10
46147,242,229,13,13
46148,99,96,3,3
46149,51,52,-1,1
46150,68,68,0,0
46151,78,72,6,6
46152,120,116,4,4
46153,87,83,4,4
46154,105,94,11,11
46155,112,103,9,9
46156,87,88,-1,1
46157,88,85,3,3
46158,71,70,1,1
46159,125,119,6,6
46160,73,76,-3,3
46161,108,107,1,1
46162,76,74,2,2
46163,45,43,2,2
46164,100,97,3,3
46165,76,76,0,0
46166,158,150,8,8
46167,92,92,0,0
46168,77,80,-3,3
46169,44,46,-2,2
46170,115,119,-4,4
46171,85,88,-3,3
46172,109,103,6,6
46173,89,89,0,0
46174,39,48,-9,9
46175,66,68,-2,2
46176,62,70,-8,8
46177,89,90,-1,1
46178,130,126,4,4
46179,92,88,4,4
46180,138,120,18,18
46181,118,105,13,13
46182,219,242,-23,23
46183,104,104,0,0
46184,94,97,-3,3
46185,100,84,16,16
46186,54,51,3,3
46187,153,133,20,20
46188,84,82,2,2
46189,91,98,-7,7
46190,46,49,-3,3
46191,53,67,-14,14
46192,77,71,6,6
46193,80,74,6,6
46194,138,124,14,14
46195,80,74,6,6
46196,138,124,14,14
46197,141,131,10,10
46198,91,84,7,7
46199,176,160,16,16
46200,117,118,-1,1
46201,69,77,-8,8
46202,108,115,-7,7
46203,101,92,9,9
46204,135,127,8,8
46205,115,114,1,1
46206,102,106,-4,4
46207,56,64,-8,8
46208,96,98,-2,2
46209,69,69,0,0
46210,106,112,-6,6
46211,151,152,-1,1
46212,110,104,6,6
46213,112,108,4,4
46214,134,122,12,12
46215,65,66,-1,1
46216,66,67,-1,1
46217,97,98,-1,1
46218,109,108,1,1
46219,141,131,10,10
46220,78,97,-19,19
46221,94,113,-19,19
46222,64,71,-7,7
46223,47,61,-14,14
46224,79,77,2,2
46225,104,106,-2,2
46226,39,42,-3,3
46227,62,71,-9,9
46228,123,121,2,2
46229,144,127,17,17
46230,108,109,-1,1
46231,183,154,29,29
46232,85,82,3,3
46233,49,55,-6,6
46234,40,46,-6,6
46235,27,42,-15,15
46236,107,106,1,1
46237,135,143,-8,8
46238,129,116,13,13
46239,77,75,2,2
46240,61,70,-9,9
46241,58,73,-15,15
46242,144,136,8,8
46243,53,56,-3,3
46244,95,99,-4,4
46245,82,74,8,8
46246,73,77,-4,4
46247,174,176,-2,2
46248,101,92,9,9
46249,100,126,-26,26
46250,81,73,8,8
46251,94,89,5,5
46252,76,78,-2,2
46253,70,74,-4,4
46254,100,102,-2,2
46255,79,72,7,7
46256,83,82,1,1
46257,90,92,-2,2
46258,136,129,7,7
46259,61,59,2,2
46260,106,108,-2,2
46261,90,86,4,4
46262,32,40,-8,8
46263,100,105,-5,5
46264,74,69,5,5
46265,62,69,-7,7
46266,101,93,8,8
46267,104,94,10,10
46268,94,82,12,12
46269,95,101,-6,6
46270,134,130,4,4
46271,134,132,2,2
46272,77,72,5,5
46273,80,97,-17,17
46274,90,85,5,5
46275,128,116,12,12
46276,108,109,-1,1
46277,64,72,-8,8
46278,44,56,-12,12
46279,115,108,7,7
46280,49,54,-5,5
46281,64,73,-9,9
46282,64,67,-3,3
46283,128,123,5,5
46284,69,72,-3,3
46285,73,70,3,3
46286,38,43,-5,5
46287,71,73,-2,2
46288,94,94,0,0
46289,89,89,0,0
46290,63,67,-4,4
46291,116,105,11,11
46292,83,85,-2,2
46293,38,41,-3,3
46294,57,63,-6,6
46295,84,82,2,2
46296,552,385,167,167
46297,75,71,4,4
46298,70,68,2,2
46299,90,101,-11,11
46300,181,197,-16,16
46301,109,115,-6,6
46302,99,109,-10,10
46303,99,96,3,3
46304,73,72,1,1
46305,71,75,-4,4
46306,125,126,-1,1
46307,142,143,-1,1
46308,125,119,6,6
46309,99,95,4,4
46310,127,119,8,8
46311,134,118,16,16
46312,87,80,7,7
46313,99,105,-6,6
46314,116,120,-4,4
46315,57,64,-7,7
46316,160,148,12,12
46317,104,98,6,6
46318,106,105,1,1
46319,82,85,-3,3
46320,149,135,14,14
46321,122,122,0,0
46322,46,51,-5,5
46323,44,57,-13,13
46324,47,58,-11,11
46325,46,69,-23,23
46326,103,106,-3,3
46327,118,117,1,1
46328,62,64,-2,2
46329,61,69,-8,8
46330,90,91,-1,1
46331,87,79,8,8
46332,163,141,22,22
46333,108,110,-2,2
46334,68,69,-1,1
46335,128,122,6,6
46336,132,152,-20,20
46337,48,55,-7,7
46338,66,65,1,1
46339,62,70,-8,8
46340,77,83,-6,6
46341,47,63,-16,16
46342,124,116,8,8
46343,95,102,-7,7
46344,65,59,6,6
46345,70,74,-4,4
46346,133,130,3,3
46347,98,100,-2,2
46348,138,143,-5,5
46349,93,93,0,0
46350,136,127,9,9
46351,119,113,6,6
46352,102,111,-9,9
46353,106,122,-16,16
46354,75,75,0,0
46355,58,57,1,1
46356,130,112,18,18
46357,85,86,-1,1
46358,102,112,-10,10
46359,66,67,-1,1
46360,83,99,-16,16
46361,85,84,1,1
46362,122,118,4,4
46363,107,113,-6,6
46364,68,75,-7,7
46365,58,63,-5,5
46366,87,81,6,6
46367,67,70,-3,3
46368,74,78,-4,4
46369,68,66,2,2
46370,104,92,12,12
46371,158,156,2,2
46372,131,120,11,11
46373,103,101,2,2
46374,109,109,0,0
46375,64,64,0,0
46376,123,110,13,13
46377,111,102,9,9
46378,38,40,-2,2
46379,59,55,4,4
46380,46,60,-14,14
46381,101,105,-4,4
46382,149,136,13,13
46383,116,111,5,5
46384,62,78,-16,16
46385,78,80,-2,2
46386,92,84,8,8
46387,109,101,8,8
46388,94,94,0,0
46389,107,110,-3,3
46390,75,79,-4,4
46391,64,70,-6,6
46392,30,39,-9,9
46393,127,126,1,1
46394,67,68,-1,1
46395,109,109,0,0
46396,187,170,17,17
46397,90,91,-1,1
46398,123,118,5,5
46399,72,69,3,3
46400,124,125,-1,1
46401,110,108,2,2
46402,108,111,-3,3
46403,65,70,-5,5
46404,116,122,-6,6
46405,77,88,-11,11
46406,40,47,-7,7
46407,108,106,2,2
46408,159,151,8,8
46409,60,64,-4,4
46410,116,106,10,10
46411,124,138,-14,14
46412,94,96,-2,2
46413,90,78,12,12
46414,30,33,-3,3
46415,89,85,4,4
46416,89,81,8,8
46417,111,119,-8,8
46418,84,84,0,0
46419,49,53,-4,4
46420,75,65,10,10
46421,136,117,19,19
46422,41,79,-38,38
46423,72,72,0,0
46424,173,163,10,10
46425,70,75,-5,5
46426,90,89,1,1
46427,153,155,-2,2
46428,138,146,-8,8
46429,147,142,5,5
46430,116,130,-14,14
46431,148,139,9,9
46432,117,114,3,3
46433,103,99,4,4
46434,123,118,5,5
46435,151,132,19,19
46436,126,124,2,2
46437,105,114,-9,9
46438,111,113,-2,2
46439,71,65,6,6
46440,99,111,-12,12
46441,59,72,-13,13
46442,104,96,8,8
46443,60,57,3,3
46444,88,92,-4,4
46445,63,60,3,3
46446,186,174,12,12
46447,97,89,8,8
46448,128,118,10,10
46449,162,148,14,14
46450,74,72,2,2
46451,92,84,8,8
46452,153,143,10,10
46453,97,93,4,4
46454,116,113,3,3
46455,161,133,28,28
46456,73,77,-4,4
46457,107,108,-1,1
46458,112,125,-13,13
46459,89,82,7,7
46460,92,85,7,7
46461,83,80,3,3
46462,108,118,-10,10
46463,108,113,-5,5
46464,49,48,1,1
46465,64,66,-2,2
46466,109,116,-7,7
46467,52,53,-1,1
46468,139,138,1,1
46469,90,87,3,3
46470,90,88,2,2
46471,70,74,-4,4
46472,97,101,-4,4
46473,56,61,-5,5
46474,64,76,-12,12
46475,67,63,4,4
46476,48,54,-6,6
46477,69,67,2,2
46478,93,91,2,2
46479,144,135,9,9
46480,145,152,-7,7
46481,142,142,0,0
46482,150,147,3,3
46483,58,51,7,7
46484,120,106,14,14
46485,102,99,3,3
46486,142,143,-1,1
46487,100,103,-3,3
46488,125,125,0,0
46489,84,98,-14,14
46490,123,123,0,0
46491,145,153,-8,8
46492,86,87,-1,1
46493,73,74,-1,1
46494,97,91,6,6
46495,57,59,-2,2
46496,122,119,3,3
46497,71,65,6,6
46498,99,99,0,0
46499,83,73,10,10
46500,165,155,10,10
46501,193,172,21,21
46502,104,97,7,7
46503,110,123,-13,13
46504,65,64,1,1
46505,72,76,-4,4
46506,76,76,0,0
46507,173,167,6,6
46508,76,87,-11,11
46509,95,89,6,6
46510,96,92,4,4
46511,82,76,6,6
46512,91,99,-8,8
46513,88,82,6,6
46514,104,105,-1,1
46515,114,118,-4,4
46516,109,102,7,7
46517,74,73,1,1
46518,137,130,7,7
46519,93,89,4,4
46520,88,86,2,2
46521,55,69,-14,14
46522,72,76,-4,4
46523,71,95,-24,24
46524,110,97,13,13
46525,114,114,0,0
46526,128,133,-5,5
46527,65,74,-9,9
46528,114,116,-2,2
46529,97,90,7,7
46530,117,143,-26,26
46531,72,76,-4,4
46532,92,84,8,8
46533,64,63,1,1
46534,125,130,-5,5
46535,99,99,0,0
46536,56,66,-10,10
46537,54,58,-4,4
46538,122,120,2,2
46539,178,177,1,1
46540,179,170,9,9
46541,80,75,5,5
46542,109,102,7,7
46543,83,82,1,1
46544,103,94,9,9
46545,61,68,-7,7
46546,125,116,9,9
46547,96,87,9,9
46548,96,115,-19,19
46549,97,91,6,6
46550,108,89,19,19
46551,89,88,1,1
46552,55,54,1,1
46553,87,128,-41,41
46554,49,54,-5,5
46555,94,93,1,1
46556,93,117,-24,24
46557,75,75,0,0
46558,65,70,-5,5
46559,52,49,3,3
46560,83,81,2,2
46561,123,104,19,19
46562,92,85,7,7
46563,74,78,-4,4
46564,109,98,11,11
46565,52,60,-8,8
46566,76,69,7,7
46567,116,110,6,6
46568,83,76,7,7
46569,82,78,4,4
46570,144,135,9,9
46571,35,38,-3,3
46572,155,149,6,6
46573,136,131,5,5
46574,123,120,3,3
46575,81,78,3,3
46576,66,73,-7,7
46577,131,121,10,10
46578,133,117,16,16
46579,71,71,0,0
46580,82,81,1,1
46581,82,82,0,0
46582,42,41,1,1
46583,137,150,-13,13
46584,140,165,-25,25
46585,58,65,-7,7
46586,117,103,14,14
46587,69,83,-14,14
46588,85,86,-1,1
46589,52,43,9,9
46590,87,94,-7,7
46591,135,140,-5,5
46592,64,68,-4,4
46593,129,109,20,20
46594,190,184,6,6
46595,68,73,-5,5
46596,82,75,7,7
46597,75,76,-1,1
46598,149,132,17,17
46599,84,82,2,2
46600,54,56,-2,2
46601,98,93,5,5
46602,99,84,15,15
46603,125,123,2,2
46604,86,85,1,1
46605,95,88,7,7
46606,75,76,-1,1
46607,80,76,4,4
46608,118,117,1,1
46609,91,82,9,9
46610,106,100,6,6
46611,85,92,-7,7
46612,153,145,8,8
46613,103,103,0,0
46614,159,158,1,1
46615,69,67,2,2
46616,166,134,32,32
46617,109,105,4,4
46618,133,122,11,11
46619,191,173,18,18
46620,113,93,20,20
46621,124,111,13,13
46622,139,134,5,5
46623,88,87,1,1
46624,43,76,-33,33
46625,71,74,-3,3
46626,116,112,4,4
46627,115,106,9,9
46628,118,116,2,2
46629,62,62,0,0
46630,106,106,0,0
46631,116,130,-14,14
46632,137,127,10,10
46633,201,175,26,26
46634,53,58,-5,5
46635,73,76,-3,3
46636,46,54,-8,8
46637,90,84,6,6
46638,126,125,1,1
46639,113,115,-2,2
46640,80,72,8,8
46641,102,91,11,11
46642,161,147,14,14
46643,103,102,1,1
46644,119,130,-11,11
46645,54,64,-10,10
46646,159,147,12,12
46647,87,77,10,10
46648,59,56,3,3
46649,59,67,-8,8
46650,90,84,6,6
46651,59,65,-6,6
46652,104,96,8,8
46653,131,135,-4,4
46654,60,61,-1,1
46655,68,64,4,4
46656,86,81,5,5
46657,88,81,7,7
46658,146,143,3,3
46659,62,64,-2,2
46660,152,148,4,4
46661,104,101,3,3
46662,67,68,-1,1
46663,102,103,-1,1
46664,96,97,-1,1
46665,99,109,-10,10
46666,99,102,-3,3
46667,76,78,-2,2
46668,97,98,-1,1
46669,83,86,-3,3
46670,112,116,-4,4
46671,63,66,-3,3
46672,136,143,-7,7
46673,74,76,-2,2
46674,172,150,22,22
46675,136,119,17,17
46676,120,126,-6,6
46677,116,117,-1,1
46678,126,118,8,8
46679,114,106,8,8
46680,72,75,-3,3
46681,104,102,2,2
46682,147,149,-2,2
46683,103,102,1,1
46684,81,71,10,10
46685,80,80,0,0
46686,101,99,2,2
46687,125,108,17,17
46688,92,85,7,7
46689,84,79,5,5
46690,80,106,-26,26
46691,150,143,7,7
46692,61,65,-4,4
46693,112,107,5,5
46694,112,103,9,9
46695,67,61,6,6
46696,137,129,8,8
46697,58,64,-6,6
46698,105,101,4,4
46699,88,89,-1,1
46700,76,73,3,3
46701,88,81,7,7
46702,108,112,-4,4
46703,97,89,8,8
46704,141,140,1,1
46705,64,78,-14,14
46706,51,58,-7,7
46707,101,89,12,12
46708,158,155,3,3
46709,97,94,3,3
46710,79,84,-5,5
46711,69,68,1,1
46712,97,104,-7,7
46713,90,87,3,3
46714,85,89,-4,4
46715,90,85,5,5
46716,120,114,6,6
46717,61,65,-4,4
46718,145,144,1,1
46719,77,78,-1,1
46720,49,54,-5,5
46721,81,81,0,0
46722,70,70,0,0
46723,107,96,11,11
46724,87,83,4,4
46725,66,69,-3,3
46726,108,106,2,2
46727,86,79,7,7
46728,68,70,-2,2
46729,84,74,10,10
46730,72,74,-2,2
46731,67,73,-6,6
46732,73,74,-1,1
46733,81,81,0,0
46734,65,57,8,8
46735,130,110,20,20
46736,47,45,2,2
46737,117,117,0,0
46738,141,125,16,16
46739,204,177,27,27
46740,85,81,4,4
46741,116,122,-6,6
46742,118,109,9,9
46743,110,110,0,0
46744,100,93,7,7
46745,93,91,2,2
46746,53,50,3,3
46747,86,78,8,8
46748,70,70,0,0
46749,80,79,1,1
46750,146,146,0,0
46751,72,73,-1,1
46752,154,152,2,2
46753,206,198,8,8
46754,72,74,-2,2
46755,141,133,8,8
46756,83,104,-21,21
46757,141,142,-1,1
46758,97,104,-7,7
46759,137,128,9,9
46760,124,124,0,0
46761,84,84,0,0
46762,102,116,-14,14
46763,22,55,-33,33
46764,97,97,0,0
46765,59,60,-1,1
46766,124,128,-4,4
46767,198,192,6,6
46768,93,79,14,14
46769,96,90,6,6
46770,99,90,9,9
46771,191,155,36,36
46772,88,81,7,7
46773,88,81,7,7
46774,114,110,4,4
46775,85,91,-6,6
46776,85,74,11,11
46777,63,69,-6,6
46778,129,109,20,20
46779,142,154,-12,12
46780,66,75,-9,9
46781,64,64,0,0
46782,72,70,2,2
46783,143,144,-1,1
46784,73,67,6,6
46785,92,92,0,0
46786,80,80,0,0
46787,123,119,4,4
46788,67,73,-6,6
46789,87,103,-16,16
46790,81,65,16,16
46791,77,101,-24,24
46792,70,67,3,3
46793,120,119,1,1
46794,119,121,-2,2
46795,116,116,0,0
46796,193,191,2,2
46797,90,94,-4,4
46798,113,126,-13,13
46799,109,102,7,7
46800,85,81,4,4
46801,63,67,-4,4
46802,56,56,0,0
46803,131,135,-4,4
46804,108,106,2,2
46805,58,63,-5,5
46806,57,66,-9,9
46807,98,118,-20,20
46808,86,102,-16,16
46809,60,61,-1,1
46810,54,63,-9,9
46811,160,145,15,15
46812,91,101,-10,10
46813,179,148,31,31
46814,68,83,-15,15
46815,143,137,6,6
46816,86,74,12,12
46817,115,119,-4,4
46818,139,121,18,18
46819,95,93,2,2
46820,66,78,-12,12
46821,66,65,1,1
46822,143,140,3,3
46823,87,82,5,5
46824,85,93,-8,8
46825,77,80,-3,3
46826,77,72,5,5
46827,91,81,10,10
46828,80,80,0,0
46829,23,25,-2,2
46830,92,88,4,4
46831,109,100,9,9
46832,115,104,11,11
46833,93,92,1,1
46834,67,71,-4,4
46835,150,148,2,2
46836,78,68,10,10
46837,159,159,0,0
46838,124,111,13,13
46839,93,103,-10,10
46840,133,134,-1,1
46841,79,84,-5,5
46842,62,65,-3,3
46843,73,71,2,2
46844,66,67,-1,1
46845,69,66,3,3
46846,146,163,-17,17
46847,73,64,9,9
46848,91,100,-9,9
46849,67,67,0,0
46850,80,99,-19,19
46851,96,88,8,8
46852,75,70,5,5
46853,72,82,-10,10
46854,87,82,5,5
46855,93,83,10,10
46856,115,107,8,8
46857,142,133,9,9
46858,168,140,28,28
46859,149,137,12,12
46860,91,86,5,5
46861,69,74,-5,5
46862,112,107,5,5
46863,83,79,4,4
46864,63,57,6,6
46865,84,83,1,1
46866,113,102,11,11
46867,98,92,6,6
46868,174,172,2,2
46869,103,93,10,10
46870,32,74,-42,42
46871,126,127,-1,1
46872,132,130,2,2
46873,49,51,-2,2
46874,107,105,2,2
46875,121,129,-8,8
46876,132,124,8,8
46877,75,74,1,1
46878,71,73,-2,2
46879,69,74,-5,5
46880,158,146,12,12
46881,73,70,3,3
46882,146,131,15,15
46883,49,63,-14,14
46884,124,124,0,0
46885,71,68,3,3
46886,43,44,-1,1
46887,94,99,-5,5
46888,120,128,-8,8
46889,107,106,1,1
46890,83,75,8,8
46891,111,105,6,6
46892,79,80,-1,1
46893,93,99,-6,6
46894,130,128,2,2
46895,119,111,8,8
46896,80,74,6,6
46897,80,72,8,8
46898,76,74,2,2
46899,101,102,-1,1
46900,131,126,5,5
46901,91,94,-3,3
46902,81,86,-5,5
46903,102,102,0,0
46904,108,91,17,17
46905,79,80,-1,1
46906,121,110,11,11
46907,135,136,-1,1
46908,68,80,-12,12
46909,104,111,-7,7
46910,44,44,0,0
46911,103,107,-4,4
46912,136,139,-3,3
46913,107,87,20,20
46914,78,89,-11,11
46915,75,77,-2,2
46916,37,36,1,1
46917,24,29,-5,5
46918,166,164,2,2
46919,134,126,8,8
46920,116,112,4,4
46921,85,83,2,2
46922,130,130,0,0
46923,150,136,14,14
46924,103,94,9,9
46925,92,86,6,6
46926,127,128,-1,1
46927,72,75,-3,3
46928,95,100,-5,5
46929,56,58,-2,2
46930,170,149,21,21
46931,106,98,8,8
46932,78,79,-1,1
46933,135,136,-1,1
46934,113,105,8,8
46935,191,179,12,12
46936,61,68,-7,7
46937,95,82,13,13
46938,119,116,3,3
46939,114,102,12,12
46940,88,84,4,4
46941,71,70,1,1
46942,76,74,2,2
46943,50,59,-9,9
46944,69,68,1,1
46945,51,74,-23,23
46946,74,85,-11,11
46947,79,76,3,3
46948,74,80,-6,6
46949,113,117,-4,4
46950,99,107,-8,8
46951,86,86,0,0
46952,91,87,4,4
46953,83,93,-10,10
46954,106,98,8,8
46955,66,66,0,0
46956,74,70,4,4
46957,78,76,2,2
46958,101,102,-1,1
46959,78,90,-12,12
46960,91,99,-8,8
46961,94,99,-5,5
46962,86,85,1,1
46963,64,69,-5,5
46964,98,79,19,19
46965,100,109,-9,9
46966,148,134,14,14
46967,96,102,-6,6
46968,135,121,14,14
46969,123,136,-13,13
46970,65,68,-3,3
46971,86,79,7,7
46972,86,85,1,1
46973,93,91,2,2
46974,106,103,3,3
46975,122,114,8,8
46976,75,86,-11,11
46977,86,82,4,4
46978,51,53,-2,2
46979,56,60,-4,4
46980,125,132,-7,7
46981,92,90,2,2
46982,108,118,-10,10
46983,151,141,10,10
46984,83,83,0,0
46985,66,71,-5,5
46986,138,125,13,13
46987,120,122,-2,2
46988,79,73,6,6
46989,86,90,-4,4
46990,163,163,0,0
46991,112,115,-3,3
46992,98,89,9,9
46993,40,69,-29,29
46994,85,88,-3,3
46995,73,78,-5,5
46996,84,94,-10,10
46997,127,129,-2,2
46998,113,103,10,10
46999,116,109,7,7
47000,91,92,-1,1
47001,91,75,16,16
47002,50,56,-6,6
47003,78,80,-2,2
47004,90,88,2,2
47005,125,118,7,7
47006,84,86,-2,2
47007,79,74,5,5
47008,69,69,0,0
47009,115,100,15,15
47010,227,238,-11,11
47011,107,109,-2,2
47012,136,161,-25,25
47013,88,82,6,6
47014,117,118,-1,1
47015,81,85,-4,4
47016,150,141,9,9
47017,101,118,-17,17
47018,169,159,10,10
47019,75,79,-4,4
47020,146,148,-2,2
47021,96,90,6,6
47022,66,68,-2,2
47023,73,73,0,0
47024,85,94,-9,9
47025,104,86,18,18
47026,53,58,-5,5
47027,148,155,-7,7
47028,119,113,6,6
47029,45,43,2,2
47030,72,73,-1,1
47031,126,127,-1,1
47032,64,63,1,1
47033,119,120,-1,1
47034,89,93,-4,4
47035,139,135,4,4
47036,111,116,-5,5
47037,100,104,-4,4
47038,82,82,0,0
47039,138,133,5,5
47040,47,49,-2,2
47041,167,150,17,17
47042,63,65,-2,2
47043,118,113,5,5
47044,201,200,1,1
47045,82,90,-8,8
47046,91,93,-2,2
47047,81,80,1,1
47048,91,83,8,8
47049,119,108,11,11
47050,88,81,7,7
47051,76,78,-2,2
47052,86,84,2,2
47053,47,52,-5,5
47054,134,139,-5,5
47055,96,96,0,0
47056,82,80,2,2
47057,82,77,5,5
47058,89,87,2,2
47059,99,103,-4,4
47060,93,94,-1,1
47061,87,86,1,1
47062,62,67,-5,5
47063,58,56,2,2
47064,82,84,-2,2
47065,142,144,-2,2
47066,101,94,7,7
47067,127,118,9,9
47068,46,46,0,0
47069,116,109,7,7
47070,54,64,-10,10
47071,71,70,1,1
47072,121,137,-16,16
47073,80,80,0,0
47074,86,83,3,3
47075,119,114,5,5
47076,71,76,-5,5
47077,171,158,13,13
47078,126,112,14,14
47079,57,56,1,1
47080,99,98,1,1
47081,55,63,-8,8
47082,77,78,-1,1
47083,110,106,4,4
47084,77,102,-25,25
47085,111,107,4,4
47086,164,162,2,2
47087,104,95,9,9
47088,85,84,1,1
47089,75,77,-2,2
47090,119,109,10,10
47091,82,80,2,2
47092,122,109,13,13
47093,111,110,1,1
47094,102,93,9,9
47095,54,52,2,2
47096,96,92,4,4
47097,65,70,-5,5
47098,135,135,0,0
47099,79,75,4,4
47100,92,79,13,13
47101,56,60,-4,4
47102,109,94,15,15
47103,124,122,2,2
47104,65,71,-6,6
47105,84,83,1,1
47106,107,102,5,5
47107,114,107,7,7
47108,92,79,13,13
47109,129,122,7,7
47110,159,149,10,10
47111,80,82,-2,2
47112,106,104,2,2
47113,76,77,-1,1
47114,81,90,-9,9
47115,115,114,1,1
47116,89,97,-8,8
47117,66,72,-6,6
47118,49,56,-7,7
47119,74,72,2,2
47120,77,73,4,4
47121,98,92,6,6
47122,181,168,13,13
47123,65,67,-2,2
47124,125,120,5,5
47125,120,124,-4,4
47126,92,81,11,11
47127,125,118,7,7
47128,97,94,3,3
47129,113,99,14,14
47130,69,74,-5,5
47131,41,48,-7,7
47132,112,111,1,1
47133,93,82,11,11
47134,77,75,2,2
47135,114,125,-11,11
47136,90,87,3,3
47137,119,122,-3,3
47138,85,94,-9,9
47139,99,105,-6,6
47140,113,90,23,23
47141,112,119,-7,7
47142,43,47,-4,4
47143,73,72,1,1
47144,149,146,3,3
47145,72,75,-3,3
47146,62,67,-5,5
47147,74,72,2,2
47148,197,185,12,12
47149,93,101,-8,8
47150,103,79,24,24
47151,96,89,7,7
47152,191,164,27,27
47153,116,112,4,4
47154,75,73,2,2
47155,99,105,-6,6
47156,94,81,13,13
47157,124,127,-3,3
47158,83,78,5,5
47159,131,123,8,8
47160,108,93,15,15
47161,108,118,-10,10
47162,77,76,1,1
47163,77,68,9,9
47164,126,119,7,7
47165,59,75,-16,16
47166,101,110,-9,9
47167,121,117,4,4
47168,116,120,-4,4
47169,124,115,9,9
47170,69,63,6,6
47171,160,151,9,9
47172,67,76,-9,9
47173,111,117,-6,6
47174,80,101,-21,21
47175,44,47,-3,3
47176,89,83,6,6
47177,92,85,7,7
47178,105,110,-5,5
47179,113,102,11,11
47180,83,81,2,2
47181,54,53,1,1
47182,47,51,-4,4
47183,105,96,9,9
47184,65,64,1,1
47185,118,109,9,9
47186,115,101,14,14
47187,92,95,-3,3
47188,69,60,9,9
47189,42,48,-6,6
47190,64,60,4,4
47191,119,122,-3,3
47192,142,128,14,14
47193,117,107,10,10
47194,67,75,-8,8
47195,157,148,9,9
47196,57,64,-7,7
47197,122,109,13,13
47198,84,76,8,8
47199,112,114,-2,2
47200,96,98,-2,2
47201,75,74,1,1
47202,86,83,3,3
47203,168,153,15,15
47204,128,112,16,16
47205,111,116,-5,5
47206,95,95,0,0
47207,74,82,-8,8
47208,101,87,14,14
47209,69,66,3,3
47210,160,159,1,1
47211,139,126,13,13
47212,24,62,-38,38
47213,89,84,5,5
47214,102,104,-2,2
47215,49,51,-2,2
47216,94,105,-11,11
47217,76,69,7,7
47218,170,149,21,21
47219,158,151,7,7
47220,31,81,-50,50
47221,66,70,-4,4
47222,106,92,14,14
47223,60,72,-12,12
47224,77,79,-2,2
47225,68,69,-1,1
47226,129,125,4,4
47227,60,61,-1,1
47228,106,106,0,0
47229,64,62,2,2
47230,67,68,-1,1
47231,85,84,1,1
47232,79,70,9,9
47233,175,166,9,9
47234,20,61,-41,41
47235,169,153,16,16
47236,90,92,-2,2
47237,74,75,-1,1
47238,68,80,-12,12
47239,52,63,-11,11
47240,81,84,-3,3
47241,106,110,-4,4
47242,113,118,-5,5
47243,64,67,-3,3
47244,98,99,-1,1
47245,120,122,-2,2
47246,85,80,5,5
47247,70,63,7,7
47248,121,118,3,3
47249,132,120,12,12
47250,50,46,4,4
47251,68,78,-10,10
47252,55,57,-2,2
47253,122,112,10,10
47254,107,97,10,10
47255,69,74,-5,5
47256,115,111,4,4
47257,118,114,4,4
47258,184,211,-27,27
47259,78,86,-8,8
47260,47,55,-8,8
47261,65,67,-2,2
47262,109,96,13,13
47263,89,81,8,8
47264,141,141,0,0
47265,68,89,-21,21
47266,167,147,20,20
47267,68,76,-8,8
47268,86,84,2,2
47269,93,87,6,6
47270,91,87,4,4
47271,65,72,-7,7
47272,132,131,1,1
47273,91,92,-1,1
47274,71,66,5,5
47275,71,65,6,6
47276,120,122,-2,2
47277,118,111,7,7
47278,117,115,2,2
47279,157,156,1,1
47280,73,77,-4,4
47281,108,109,-1,1
47282,82,71,11,11
47283,122,117,5,5
47284,143,145,-2,2
47285,172,160,12,12
47286,76,67,9,9
47287,130,135,-5,5
47288,61,60,1,1
47289,65,70,-5,5
47290,128,119,9,9
47291,98,97,1,1
47292,161,167,-6,6
47293,56,54,2,2
47294,97,133,-36,36
47295,176,196,-20,20
47296,125,120,5,5
47297,115,108,7,7
47298,81,80,1,1
47299,103,99,4,4
47300,53,55,-2,2
47301,173,168,5,5
47302,132,124,8,8
47303,129,121,8,8
47304,120,117,3,3
47305,123,112,11,11
47306,203,163,40,40
47307,59,51,8,8
47308,67,70,-3,3
47309,132,119,13,13
47310,182,163,19,19
47311,143,143,0,0
47312,97,87,10,10
47313,91,84,7,7
47314,96,104,-8,8
47315,91,86,5,5
47316,87,81,6,6
47317,143,148,-5,5
47318,65,59,6,6
47319,78,69,9,9
47320,78,76,2,2
47321,140,140,0,0
47322,93,93,0,0
47323,52,55,-3,3
47324,95,100,-5,5
47325,96,84,12,12
47326,72,74,-2,2
47327,113,115,-2,2
47328,97,91,6,6
47329,77,77,0,0
47330,71,75,-4,4
47331,58,61,-3,3
47332,72,71,1,1
47333,210,183,27,27
47334,97,86,11,11
47335,141,143,-2,2
47336,130,130,0,0
47337,105,105,0,0
47338,66,74,-8,8
47339,78,88,-10,10
47340,96,98,-2,2
47341,120,117,3,3
47342,57,61,-4,4
47343,162,156,6,6
47344,134,133,1,1
47345,161,148,13,13
47346,171,168,3,3
47347,91,96,-5,5
47348,46,49,-3,3
47349,128,120,8,8
47350,113,99,14,14
47351,96,89,7,7
47352,55,56,-1,1
47353,101,103,-2,2
47354,146,138,8,8
47355,83,123,-40,40
47356,41,45,-4,4
47357,117,116,1,1
47358,118,122,-4,4
47359,89,92,-3,3
47360,88,86,2,2
47361,37,34,3,3
47362,68,72,-4,4
47363,53,49,4,4
47364,106,101,5,5
47365,125,118,7,7
47366,79,78,1,1
47367,100,94,6,6
47368,99,106,-7,7
47369,99,101,-2,2
47370,130,123,7,7
47371,75,82,-7,7
47372,101,96,5,5
47373,90,88,2,2
47374,154,139,15,15
47375,116,110,6,6
47376,60,74,-14,14
47377,144,145,-1,1
47378,75,77,-2,2
47379,110,104,6,6
47380,124,125,-1,1
47381,79,87,-8,8
47382,38,41,-3,3
47383,90,86,4,4
47384,84,75,9,9
47385,76,80,-4,4
47386,88,90,-2,2
47387,124,127,-3,3
47388,76,80,-4,4
47389,84,79,5,5
47390,75,75,0,0
47391,78,77,1,1
47392,48,55,-7,7
47393,70,77,-7,7
47394,125,116,9,9
47395,129,129,0,0
47396,75,69,6,6
47397,91,102,-11,11
47398,108,105,3,3
47399,100,93,7,7
47400,56,69,-13,13
47401,140,126,14,14
47402,62,60,2,2
47403,224,185,39,39
47404,109,118,-9,9
47405,159,159,0,0
47406,90,91,-1,1
47407,125,119,6,6
47408,96,98,-2,2
47409,74,86,-12,12
47410,109,114,-5,5
47411,84,82,2,2
47412,50,53,-3,3
47413,146,137,9,9
47414,116,104,12,12
47415,93,84,9,9
47416,92,82,10,10
47417,72,68,4,4
47418,159,141,18,18
47419,79,76,3,3
47420,117,108,9,9
47421,92,81,11,11
47422,102,99,3,3
47423,61,65,-4,4
47424,55,53,2,2
47425,91,76,15,15
47426,94,85,9,9
47427,64,68,-4,4
47428,121,116,5,5
47429,50,52,-2,2
47430,91,84,7,7
47431,87,84,3,3
47432,100,92,8,8
47433,60,58,2,2
47434,139,137,2,2
47435,77,76,1,1
47436,54,58,-4,4
47437,117,96,21,21
47438,105,117,-12,12
47439,105,101,4,4
47440,78,78,0,0
47441,108,96,12,12
47442,111,120,-9,9
47443,112,116,-4,4
47444,69,69,0,0
47445,100,105,-5,5
47446,96,91,5,5
47447,31,49,-18,18
47448,75,71,4,4
47449,68,71,-3,3
47450,53,59,-6,6
47451,63,67,-4,4
47452,85,79,6,6
47453,126,125,1,1
47454,107,105,2,2
47455,130,125,5,5
47456,65,65,0,0
47457,73,73,0,0
47458,107,109,-2,2
47459,121,120,1,1
47460,99,99,0,0
47461,92,101,-9,9
47462,170,166,4,4
47463,85,71,14,14
47464,142,139,3,3
47465,86,84,2,2
47466,63,65,-2,2
47467,121,111,10,10
47468,84,91,-7,7
47469,66,64,2,2
47470,60,62,-2,2
47471,68,66,2,2
47472,113,126,-13,13
47473,101,99,2,2
47474,48,55,-7,7
47475,154,152,2,2
47476,160,151,9,9
47477,102,92,10,10
47478,94,94,0,0
47479,84,78,6,6
47480,107,113,-6,6
47481,66,70,-4,4
47482,87,90,-3,3
47483,84,74,10,10
47484,86,88,-2,2
47485,101,77,24,24
47486,83,78,5,5
47487,70,63,7,7
47488,104,91,13,13
47489,78,74,4,4
47490,69,70,-1,1
47491,172,159,13,13
47492,66,71,-5,5
47493,96,87,9,9
47494,73,75,-2,2
47495,122,131,-9,9
47496,66,75,-9,9
47497,78,79,-1,1
47498,70,126,-56,56
47499,62,68,-6,6
47500,64,65,-1,1
47501,189,173,16,16
47502,101,100,1,1
47503,83,81,2,2
47504,88,79,9,9
47505,108,101,7,7
47506,109,104,5,5
47507,50,46,4,4
47508,100,93,7,7
47509,98,91,7,7
47510,74,68,6,6
47511,151,134,17,17
47512,67,71,-4,4
47513,145,132,13,13
47514,99,95,4,4
47515,79,77,2,2
47516,66,73,-7,7
47517,87,81,6,6
47518,104,92,12,12
47519,75,70,5,5
47520,81,73,8,8
47521,79,83,-4,4
47522,82,79,3,3
47523,202,181,21,21
47524,64,61,3,3
47525,142,137,5,5
47526,77,92,-15,15
47527,95,113,-18,18
47528,127,126,1,1
47529,89,92,-3,3
47530,136,143,-7,7
47531,63,69,-6,6
47532,123,117,6,6
47533,113,105,8,8
47534,98,96,2,2
47535,136,120,16,16
47536,124,116,8,8
47537,124,120,4,4
47538,162,147,15,15
47539,81,93,-12,12
47540,93,90,3,3
47541,83,85,-2,2
47542,127,111,16,16
47543,60,57,3,3
47544,83,83,0,0
47545,60,62,-2,2
47546,103,110,-7,7
47547,93,78,15,15
47548,78,78,0,0
47549,97,89,8,8
47550,73,70,3,3
47551,128,119,9,9
47552,92,95,-3,3
47553,37,38,-1,1
47554,154,146,8,8
47555,60,67,-7,7
47556,94,89,5,5
47557,103,98,5,5
47558,72,75,-3,3
47559,65,73,-8,8
47560,85,87,-2,2
47561,111,106,5,5
47562,88,87,1,1
47563,110,100,10,10
47564,102,98,4,4
47565,59,58,1,1
47566,89,81,8,8
47567,113,99,14,14
47568,65,74,-9,9
47569,148,144,4,4
47570,83,82,1,1
47571,81,80,1,1
47572,88,83,5,5
47573,67,72,-5,5
47574,44,51,-7,7
47575,98,101,-3,3
47576,89,84,5,5
47577,85,84,1,1
47578,165,146,19,19
47579,58,64,-6,6
47580,118,110,8,8
47581,138,118,20,20
47582,85,79,6,6
47583,77,79,-2,2
47584,58,60,-2,2
47585,78,73,5,5
47586,94,106,-12,12
47587,51,57,-6,6
47588,109,116,-7,7
47589,72,79,-7,7
47590,71,71,0,0
47591,83,89,-6,6
47592,97,92,5,5
47593,81,82,-1,1
47594,192,201,-9,9
47595,152,142,10,10
47596,101,100,1,1
47597,65,61,4,4
47598,77,79,-2,2
47599,130,120,10,10
47600,124,98,26,26
47601,89,92,-3,3
47602,105,112,-7,7
47603,85,80,5,5
47604,147,144,3,3
47605,108,119,-11,11
47606,86,83,3,3
47607,66,71,-5,5
47608,62,66,-4,4
47609,74,69,5,5
47610,144,122,22,22
47611,77,75,2,2
47612,53,49,4,4
47613,81,74,7,7
47614,121,118,3,3
47615,71,68,3,3
47616,75,62,13,13
47617,105,96,9,9
47618,98,102,-4,4
47619,133,133,0,0
47620,115,117,-2,2
47621,56,58,-2,2
47622,139,131,8,8
47623,108,110,-2,2
47624,207,180,27,27
47625,43,59,-16,16
47626,135,125,10,10
47627,122,121,1,1
47628,61,69,-8,8
47629,97,87,10,10
47630,77,74,3,3
47631,123,104,19,19
47632,59,65,-6,6
47633,113,118,-5,5
47634,125,119,6,6
47635,88,86,2,2
47636,72,68,4,4
47637,137,137,0,0
47638,113,102,11,11
47639,112,103,9,9
47640,60,67,-7,7
47641,106,105,1,1
47642,143,141,2,2
47643,91,87,4,4
47644,95,86,9,9
47645,155,135,20,20
47646,106,106,0,0
47647,103,116,-13,13
47648,142,127,15,15
47649,76,72,4,4
47650,115,120,-5,5
47651,96,121,-25,25
47652,103,93,10,10
47653,106,108,-2,2
47654,67,66,1,1
47655,100,94,6,6
47656,103,93,10,10
47657,72,75,-3,3
47658,142,133,9,9
47659,32,54,-22,22
47660,137,139,-2,2
47661,57,66,-9,9
47662,69,75,-6,6
47663,47,48,-1,1
47664,82,79,3,3
47665,113,103,10,10
47666,81,85,-4,4
47667,96,95,1,1
47668,67,67,0,0
47669,138,128,10,10
47670,73,71,2,2
47671,62,78,-16,16
47672,45,54,-9,9
47673,106,101,5,5
47674,65,66,-1,1
47675,79,80,-1,1
47676,109,118,-9,9
47677,147,138,9,9
47678,67,65,2,2
47679,94,86,8,8
47680,73,72,1,1
47681,57,67,-10,10
47682,124,112,12,12
47683,68,74,-6,6
47684,89,84,5,5
47685,105,92,13,13
47686,64,74,-10,10
47687,78,82,-4,4
47688,108,99,9,9
47689,171,165,6,6
47690,92,82,10,10
47691,63,66,-3,3
47692,66,72,-6,6
47693,85,86,-1,1
47694,134,129,5,5
47695,73,73,0,0
47696,85,81,4,4
47697,81,78,3,3
47698,119,117,2,2
47699,64,64,0,0
47700,73,71,2,2
47701,120,106,14,14
47702,122,117,5,5
47703,97,101,-4,4
47704,69,73,-4,4
47705,88,85,3,3
47706,86,84,2,2
47707,87,84,3,3
47708,152,141,11,11
47709,65,67,-2,2
47710,37,49,-12,12
47711,125,109,16,16
47712,117,125,-8,8
47713,72,74,-2,2
47714,120,134,-14,14
47715,67,66,1,1
47716,147,142,5,5
47717,142,134,8,8
47718,111,99,12,12
47719,104,103,1,1
47720,90,81,9,9
47721,76,73,3,3
47722,82,73,9,9
47723,122,94,28,28
47724,176,162,14,14
47725,97,78,19,19
47726,84,82,2,2
47727,94,87,7,7
47728,175,177,-2,2
47729,90,91,-1,1
47730,62,66,-4,4
47731,116,104,12,12
47732,137,131,6,6
47733,141,132,9,9
47734,96,110,-14,14
47735,99,96,3,3
47736,66,61,5,5
47737,183,175,8,8
47738,64,63,1,1
47739,137,143,-6,6
47740,51,54,-3,3
47741,35,38,-3,3
47742,137,124,13,13
47743,151,149,2,2
47744,115,111,4,4
47745,94,86,8,8
47746,42,44,-2,2
47747,57,68,-11,11
47748,102,106,-4,4
47749,59,59,0,0
47750,73,83,-10,10
47751,80,78,2,2
47752,102,107,-5,5
47753,111,108,3,3
47754,150,150,0,0
47755,149,138,11,11
47756,129,118,11,11
47757,35,59,-24,24
47758,50,56,-6,6
47759,85,79,6,6
47760,90,84,6,6
47761,129,114,15,15
47762,111,112,-1,1
47763,80,89,-9,9
47764,165,169,-4,4
47765,69,71,-2,2
47766,132,120,12,12
47767,145,133,12,12
47768,51,54,-3,3
47769,152,137,15,15
47770,64,63,1,1
47771,168,156,12,12
47772,100,104,-4,4
47773,72,66,6,6
47774,86,87,-1,1
47775,67,73,-6,6
47776,71,73,-2,2
47777,156,150,6,6
47778,92,83,9,9
47779,93,93,0,0
47780,95,102,-7,7
47781,113,107,6,6
47782,105,99,6,6
47783,77,82,-5,5
47784,96,104,-8,8
47785,103,104,-1,1
47786,76,90,-14,14
47787,77,73,4,4
47788,103,92,11,11
47789,80,79,1,1
47790,72,76,-4,4
47791,98,95,3,3
47792,94,84,10,10
47793,145,152,-7,7
47794,57,53,4,4
47795,95,86,9,9
47796,97,79,18,18
47797,160,142,18,18
47798,161,156,5,5
47799,71,69,2,2
47800,95,86,9,9
47801,100,98,2,2
47802,57,49,8,8
47803,96,93,3,3
47804,70,70,0,0
47805,51,82,-31,31
47806,70,70,0,0
47807,27,33,-6,6
47808,93,84,9,9
47809,110,106,4,4
47810,128,121,7,7
47811,146,149,-3,3
47812,81,71,10,10
47813,100,92,8,8
47814,77,69,8,8
47815,57,61,-4,4
47816,110,104,6,6
47817,90,93,-3,3
47818,105,110,-5,5
47819,91,82,9,9
47820,158,153,5,5
47821,79,74,5,5
47822,52,51,1,1
47823,86,81,5,5
47824,100,99,1,1
47825,65,66,-1,1
47826,116,108,8,8
47827,75,69,6,6
47828,95,87,8,8
47829,71,75,-4,4
47830,87,89,-2,2
47831,79,69,10,10
47832,77,75,2,2
47833,55,57,-2,2
47834,94,93,1,1
47835,99,96,3,3
47836,98,99,-1,1
47837,95,107,-12,12
47838,123,125,-2,2
47839,76,86,-10,10
47840,157,161,-4,4
47841,75,77,-2,2
47842,114,111,3,3
47843,47,43,4,4
47844,110,107,3,3
47845,122,114,8,8
47846,89,99,-10,10
47847,65,69,-4,4
47848,63,69,-6,6
47849,140,127,13,13
47850,101,102,-1,1
47851,132,128,4,4
47852,175,181,-6,6
47853,79,75,4,4
47854,97,91,6,6
47855,108,94,14,14
47856,76,69,7,7
47857,80,74,6,6
47858,114,103,11,11
47859,160,166,-6,6
47860,101,89,12,12
47861,143,129,14,14
47862,40,45,-5,5
47863,151,143,8,8
47864,111,123,-12,12
47865,105,119,-14,14
47866,93,85,8,8
47867,121,121,0,0
47868,162,151,11,11
47869,91,100,-9,9
47870,86,84,2,2
47871,133,134,-1,1
47872,69,75,-6,6
47873,110,97,13,13
47874,76,72,4,4
47875,70,76,-6,6
47876,129,108,21,21
47877,105,96,9,9
47878,118,112,6,6
47879,51,56,-5,5
47880,155,145,10,10
47881,80,78,2,2
47882,91,104,-13,13
47883,87,81,6,6
47884,61,73,-12,12
47885,65,67,-2,2
47886,85,85,0,0
47887,89,89,0,0
47888,62,64,-2,2
47889,85,86,-1,1
47890,65,74,-9,9
47891,127,122,5,5
47892,94,92,2,2
47893,106,104,2,2
47894,72,70,2,2
47895,115,111,4,4
47896,100,87,13,13
47897,56,54,2,2
47898,78,86,-8,8
47899,100,99,1,1
47900,94,90,4,4
47901,104,97,7,7
47902,76,85,-9,9
47903,100,96,4,4
47904,114,105,9,9
47905,94,82,12,12
47906,92,89,3,3
47907,51,54,-3,3
47908,129,127,2,2
47909,30,33,-3,3
47910,91,102,-11,11
47911,72,73,-1,1
47912,99,97,2,2
47913,59,60,-1,1
47914,103,95,8,8
47915,140,121,19,19
47916,71,73,-2,2
47917,77,77,0,0
47918,108,108,0,0
47919,87,74,13,13
47920,150,148,2,2
47921,108,115,-7,7
47922,78,74,4,4
47923,143,133,10,10
47924,109,118,-9,9
47925,81,81,0,0
47926,82,86,-4,4
47927,46,46,0,0
47928,142,128,14,14
47929,54,57,-3,3
47930,89,96,-7,7
47931,53,54,-1,1
47932,73,70,3,3
47933,74,71,3,3
47934,43,42,1,1
47935,89,87,2,2
47936,71,75,-4,4
47937,62,77,-15,15
47938,59,68,-9,9
47939,114,106,8,8
47940,56,57,-1,1
47941,94,95,-1,1
47942,102,108,-6,6
47943,112,104,8,8
47944,75,74,1,1
47945,77,87,-10,10
47946,124,120,4,4
47947,128,117,11,11
47948,70,75,-5,5
47949,84,135,-51,51
47950,151,138,13,13
47951,113,104,9,9
47952,85,79,6,6
47953,82,102,-20,20
47954,163,164,-1,1
47955,124,132,-8,8
47956,80,73,7,7
47957,122,145,-23,23
47958,88,77,11,11
47959,66,65,1,1
47960,83,83,0,0
47961,118,111,7,7
47962,57,57,0,0
47963,66,72,-6,6
47964,108,104,4,4
47965,93,99,-6,6
47966,51,53,-2,2
47967,171,159,12,12
47968,114,102,12,12
47969,45,50,-5,5
47970,86,79,7,7
47971,62,70,-8,8
47972,67,70,-3,3
47973,76,78,-2,2
47974,108,113,-5,5
47975,100,117,-17,17
47976,139,133,6,6
47977,115,116,-1,1
47978,144,115,29,29
47979,90,79,11,11
47980,91,79,12,12
47981,75,79,-4,4
47982,135,128,7,7
47983,67,77,-10,10
47984,117,101,16,16
47985,127,112,15,15
47986,59,59,0,0
47987,48,55,-7,7
47988,69,68,1,1
47989,93,82,11,11
47990,123,125,-2,2
47991,131,140,-9,9
47992,105,101,4,4
47993,121,125,-4,4
47994,111,114,-3,3
47995,43,44,-1,1
47996,131,125,6,6
47997,133,120,13,13
47998,74,74,0,0
47999,154,134,20,20
48000,36,40,-4,4
48001,83,87,-4,4
48002,114,116,-2,2
48003,115,106,9,9
48004,117,111,6,6
48005,129,125,4,4
48006,119,114,5,5
48007,65,68,-3,3
48008,88,88,0,0
48009,80,72,8,8
48010,43,38,5,5
48011,68,71,-3,3
48012,157,144,13,13
48013,104,102,2,2
48014,56,53,3,3
48015,52,62,-10,10
48016,115,108,7,7
48017,64,63,1,1
48018,139,135,4,4
48019,58,59,-1,1
48020,105,106,-1,1
48021,196,190,6,6
48022,117,104,13,13
48023,108,87,21,21
48024,109,120,-11,11
48025,53,52,1,1
48026,97,85,12,12
48027,89,90,-1,1
48028,136,127,9,9
48029,156,163,-7,7
48030,107,97,10,10
48031,48,47,1,1
48032,108,113,-5,5
48033,151,134,17,17
48034,71,83,-12,12
48035,99,88,11,11
48036,119,101,18,18
48037,131,125,6,6
48038,72,74,-2,2
48039,112,106,6,6
48040,142,155,-13,13
48041,130,126,4,4
48042,103,105,-2,2
48043,136,131,5,5
48044,61,63,-2,2
48045,93,86,7,7
48046,124,123,1,1
48047,44,52,-8,8
48048,166,171,-5,5
48049,134,135,-1,1
48050,85,80,5,5
48051,56,66,-10,10
48052,58,69,-11,11
48053,95,94,1,1
48054,113,107,6,6
48055,80,85,-5,5
48056,105,97,8,8
48057,56,53,3,3
48058,79,83,-4,4
48059,77,82,-5,5
48060,90,85,5,5
48061,68,80,-12,12
48062,65,69,-4,4
48063,95,97,-2,2
48064,51,59,-8,8
48065,99,86,13,13
48066,81,74,7,7
48067,116,100,16,16
48068,72,70,2,2
48069,55,66,-11,11
48070,144,138,6,6
48071,74,78,-4,4
48072,135,138,-3,3
48073,60,67,-7,7
48074,76,83,-7,7
48075,144,122,22,22
48076,141,120,21,21
48077,80,64,16,16
48078,74,80,-6,6
48079,83,80,3,3
48080,76,70,6,6
48081,100,96,4,4
48082,97,92,5,5
48083,141,118,23,23
48084,109,104,5,5
48085,87,108,-21,21
48086,104,102,2,2
48087,69,69,0,0
48088,60,69,-9,9
48089,71,74,-3,3
48090,64,66,-2,2
48091,69,75,-6,6
48092,92,88,4,4
48093,93,87,6,6
48094,88,81,7,7
48095,11,25,-14,14
48096,132,119,13,13
48097,62,72,-10,10
48098,73,86,-13,13
48099,110,100,10,10
48100,84,87,-3,3
48101,63,54,9,9
48102,110,111,-1,1
48103,61,61,0,0
48104,81,87,-6,6
48105,107,115,-8,8
48106,161,146,15,15
48107,66,64,2,2
48108,59,69,-10,10
48109,115,123,-8,8
48110,113,107,6,6
48111,125,124,1,1
48112,104,102,2,2
48113,90,86,4,4
48114,84,80,4,4
48115,101,103,-2,2
48116,151,139,12,12
48117,127,119,8,8
48118,102,98,4,4
48119,85,86,-1,1
48120,64,70,-6,6
48121,114,114,0,0
48122,104,98,6,6
48123,99,103,-4,4
48124,60,64,-4,4
48125,102,107,-5,5
48126,125,120,5,5
48127,109,122,-13,13
48128,106,99,7,7
48129,91,88,3,3
48130,54,69,-15,15
48131,86,101,-15,15
48132,108,116,-8,8
48133,61,66,-5,5
48134,63,80,-17,17
48135,112,109,3,3
48136,35,33,2,2
48137,86,81,5,5
48138,79,83,-4,4
48139,112,109,3,3
48140,180,178,2,2
48141,94,82,12,12
48142,125,117,8,8
48143,82,77,5,5
48144,94,100,-6,6
48145,83,77,6,6
48146,93,97,-4,4
48147,89,89,0,0
48148,63,66,-3,3
48149,120,121,-1,1
48150,91,78,13,13
48151,102,125,-23,23
48152,70,76,-6,6
48153,66,64,2,2
48154,73,70,3,3
48155,122,107,15,15
48156,50,56,-6,6
48157,65,70,-5,5
48158,146,139,7,7
48159,72,76,-4,4
48160,109,96,13,13
48161,67,74,-7,7
48162,138,129,9,9
48163,78,78,0,0
48164,143,140,3,3
48165,82,81,1,1
48166,147,156,-9,9
48167,115,112,3,3
48168,107,110,-3,3
48169,60,66,-6,6
48170,95,85,10,10
48171,95,93,2,2
48172,39,49,-10,10
48173,75,85,-10,10
48174,61,66,-5,5
48175,194,207,-13,13
48176,67,75,-8,8
48177,104,96,8,8
48178,79,81,-2,2
48179,57,68,-11,11
48180,45,50,-5,5
48181,66,72,-6,6
48182,70,72,-2,2
48183,61,76,-15,15
48184,93,87,6,6
48185,104,101,3,3
48186,122,135,-13,13
48187,64,65,-1,1
48188,68,72,-4,4
48189,132,127,5,5
48190,55,55,0,0
48191,117,115,2,2
48192,89,81,8,8
48193,83,88,-5,5
48194,94,100,-6,6
48195,59,56,3,3
48196,149,140,9,9
48197,77,82,-5,5
48198,92,96,-4,4
48199,84,77,7,7
48200,71,71,0,0
48201,75,70,5,5
48202,123,120,3,3
48203,108,112,-4,4
48204,90,92,-2,2
48205,99,83,16,16
48206,38,43,-5,5
48207,59,67,-8,8
48208,104,100,4,4
48209,114,126,-12,12
48210,83,85,-2,2
48211,182,161,21,21
48212,89,93,-4,4
48213,77,68,9,9
48214,146,133,13,13
48215,74,75,-1,1
48216,73,69,4,4
48217,71,71,0,0
48218,70,64,6,6
48219,139,144,-5,5
48220,75,61,14,14
48221,110,127,-17,17
48222,106,106,0,0
48223,150,148,2,2
48224,132,125,7,7
48225,108,96,12,12
48226,56,61,-5,5
48227,133,129,4,4
48228,123,109,14,14
48229,58,53,5,5
48230,73,74,-1,1
48231,118,108,10,10
48232,83,80,3,3
48233,66,64,2,2
48234,83,82,1,1
48235,89,87,2,2
48236,87,93,-6,6
48237,95,90,5,5
48238,57,65,-8,8
48239,124,126,-2,2
48240,136,135,1,1
48241,102,100,2,2
48242,123,125,-2,2
48243,53,55,-2,2
48244,59,68,-9,9
48245,150,133,17,17
48246,140,126,14,14
48247,88,84,4,4
48248,140,130,10,10
48249,86,85,1,1
48250,106,101,5,5
48251,127,137,-10,10
48252,88,78,10,10
48253,99,103,-4,4
48254,83,84,-1,1
48255,81,83,-2,2
48256,151,134,17,17
48257,144,146,-2,2
48258,55,57,-2,2
48259,66,63,3,3
48260,103,99,4,4
48261,100,94,6,6
48262,76,70,6,6
48263,115,113,2,2
48264,135,127,8,8
48265,128,113,15,15
48266,163,148,15,15
48267,81,76,5,5
48268,88,84,4,4
48269,86,113,-27,27
48270,147,135,12,12
48271,179,169,10,10
48272,98,90,8,8
48273,91,84,7,7
48274,145,138,7,7
48275,53,56,-3,3
48276,122,123,-1,1
48277,79,74,5,5
48278,118,129,-11,11
48279,100,90,10,10
48280,76,72,4,4
48281,148,144,4,4
48282,55,70,-15,15
48283,80,78,2,2
48284,129,137,-8,8
48285,52,61,-9,9
48286,108,106,2,2
48287,71,71,0,0
48288,49,46,3,3
48289,111,102,9,9
48290,97,86,11,11
48291,106,96,10,10
48292,31,34,-3,3
48293,62,57,5,5
48294,140,154,-14,14
48295,102,92,10,10
48296,68,59,9,9
48297,66,67,-1,1
48298,98,100,-2,2
48299,29,30,-1,1
48300,162,155,7,7
48301,68,71,-3,3
48302,39,46,-7,7
48303,61,64,-3,3
48304,126,128,-2,2
48305,82,68,14,14
48306,95,84,11,11
48307,86,90,-4,4
48308,91,88,3,3
48309,68,81,-13,13
48310,70,71,-1,1
48311,56,49,7,7
48312,113,113,0,0
48313,83,74,9,9
48314,185,169,16,16
48315,133,126,7,7
48316,98,93,5,5
48317,47,56,-9,9
48318,86,78,8,8
48319,115,107,8,8
48320,121,115,6,6
48321,130,132,-2,2
48322,116,112,4,4
48323,55,52,3,3
48324,88,85,3,3
48325,158,157,1,1
48326,208,201,7,7
48327,104,95,9,9
48328,109,106,3,3
48329,94,101,-7,7
48330,49,56,-7,7
48331,66,71,-5,5
48332,135,150,-15,15
48333,112,100,12,12
48334,75,70,5,5
48335,99,97,2,2
48336,98,100,-2,2
48337,77,83,-6,6
48338,108,97,11,11
48339,81,80,1,1
48340,99,108,-9,9
48341,113,92,21,21
48342,68,74,-6,6
48343,111,115,-4,4
48344,57,65,-8,8
48345,141,125,16,16
48346,96,91,5,5
48347,57,66,-9,9
48348,86,83,3,3
48349,64,81,-17,17
48350,58,54,4,4
48351,68,71,-3,3
48352,79,76,3,3
48353,128,125,3,3
48354,133,122,11,11
48355,129,137,-8,8
48356,98,89,9,9
48357,126,111,15,15
48358,68,72,-4,4
48359,98,89,9,9
48360,76,64,12,12
48361,151,133,18,18
48362,143,142,1,1
48363,81,84,-3,3
48364,154,139,15,15
48365,99,100,-1,1
48366,58,65,-7,7
48367,40,45,-5,5
48368,101,99,2,2
48369,88,81,7,7
48370,102,92,10,10
48371,82,76,6,6
48372,80,75,5,5
48373,77,76,1,1
48374,91,84,7,7
48375,133,131,2,2
48376,160,144,16,16
48377,137,134,3,3
48378,110,101,9,9
48379,78,74,4,4
48380,83,81,2,2
48381,68,78,-10,10
48382,85,89,-4,4
48383,90,86,4,4
48384,51,55,-4,4
48385,95,92,3,3
48386,133,122,11,11
48387,63,68,-5,5
48388,64,65,-1,1
48389,64,61,3,3
48390,128,127,1,1
48391,94,99,-5,5
48392,87,86,1,1
48393,49,57,-8,8
48394,66,60,6,6
48395,53,55,-2,2
48396,99,101,-2,2
48397,55,61,-6,6
48398,166,159,7,7
48399,179,166,13,13
48400,100,96,4,4
48401,97,92,5,5
48402,139,124,15,15
48403,59,61,-2,2
48404,175,163,12,12
48405,123,127,-4,4
48406,72,73,-1,1
48407,77,85,-8,8
48408,86,77,9,9
48409,52,58,-6,6
48410,122,133,-11,11
48411,83,80,3,3
48412,109,118,-9,9
48413,123,113,10,10
48414,72,74,-2,2
48415,86,80,6,6
48416,97,109,-12,12
48417,98,89,9,9
48418,98,85,13,13
48419,72,69,3,3
48420,160,142,18,18
48421,61,59,2,2
48422,91,90,1,1
48423,65,62,3,3
48424,145,134,11,11
48425,60,60,0,0
48426,125,119,6,6
48427,57,60,-3,3
48428,117,110,7,7
48429,104,100,4,4
48430,141,132,9,9
48431,65,67,-2,2
48432,78,73,5,5
48433,74,73,1,1
48434,82,81,1,1
48435,83,83,0,0
48436,79,81,-2,2
48437,79,80,-1,1
48438,73,73,0,0
48439,154,132,22,22
48440,89,85,4,4
48441,83,86,-3,3
48442,79,77,2,2
48443,167,153,14,14
48444,103,118,-15,15
48445,89,85,4,4
48446,199,180,19,19
48447,63,74,-11,11
48448,67,62,5,5
48449,152,160,-8,8
48450,98,101,-3,3
48451,78,81,-3,3
48452,78,77,1,1
48453,119,124,-5,5
48454,93,95,-2,2
48455,121,123,-2,2
48456,105,91,14,14
48457,184,140,44,44
48458,60,65,-5,5
48459,167,148,19,19
48460,51,59,-8,8
48461,114,120,-6,6
48462,59,58,1,1
48463,98,104,-6,6
48464,62,67,-5,5
48465,74,66,8,8
48466,87,81,6,6
48467,84,77,7,7
48468,63,65,-2,2
48469,103,92,11,11
48470,133,119,14,14
48471,125,109,16,16
48472,137,136,1,1
48473,82,74,8,8
48474,145,140,5,5
48475,111,113,-2,2
48476,117,114,3,3
48477,61,61,0,0
48478,107,111,-4,4
48479,127,123,4,4
48480,50,49,1,1
48481,75,72,3,3
48482,173,165,8,8
48483,162,147,15,15
48484,72,80,-8,8
48485,104,104,0,0
48486,84,78,6,6
48487,84,77,7,7
48488,99,97,2,2
48489,109,106,3,3
48490,125,125,0,0
48491,100,100,0,0
48492,108,112,-4,4
48493,118,119,-1,1
48494,70,77,-7,7
48495,67,57,10,10
48496,39,42,-3,3
48497,87,85,2,2
48498,71,81,-10,10
48499,65,68,-3,3
48500,185,165,20,20
48501,89,82,7,7
48502,94,86,8,8
48503,68,69,-1,1
48504,66,62,4,4
48505,126,122,4,4
48506,99,100,-1,1
48507,100,98,2,2
48508,85,79,6,6
48509,38,44,-6,6
48510,170,163,7,7
48511,109,94,15,15
48512,90,81,9,9
48513,58,61,-3,3
48514,52,57,-5,5
48515,162,173,-11,11
48516,60,64,-4,4
48517,99,96,3,3
48518,80,76,4,4
48519,82,94,-12,12
48520,112,109,3,3
48521,81,75,6,6
48522,112,125,-13,13
48523,160,149,11,11
48524,44,51,-7,7
48525,60,65,-5,5
48526,87,76,11,11
48527,66,60,6,6
48528,54,54,0,0
48529,158,137,21,21
48530,125,122,3,3
48531,61,67,-6,6
48532,179,162,17,17
48533,174,145,29,29
48534,86,101,-15,15
48535,86,95,-9,9
48536,79,100,-21,21
48537,60,61,-1,1
48538,78,76,2,2
48539,128,130,-2,2
48540,111,104,7,7
48541,98,98,0,0
48542,142,120,22,22
48543,65,65,0,0
48544,142,127,15,15
48545,176,171,5,5
48546,88,80,8,8
48547,165,159,6,6
48548,85,87,-2,2
48549,85,80,5,5
48550,88,86,2,2
48551,97,103,-6,6
48552,125,121,4,4
48553,99,92,7,7
48554,83,76,7,7
48555,97,91,6,6
48556,96,93,3,3
48557,62,66,-4,4
48558,99,109,-10,10
48559,57,62,-5,5
48560,77,81,-4,4
48561,77,81,-4,4
48562,104,126,-22,22
48563,114,105,9,9
48564,94,86,8,8
48565,67,84,-17,17
48566,112,104,8,8
48567,128,119,9,9
48568,93,92,1,1
48569,115,122,-7,7
48570,63,62,1,1
48571,67,75,-8,8
48572,136,136,0,0
48573,96,106,-10,10
48574,97,106,-9,9
48575,97,105,-8,8
48576,100,95,5,5
48577,60,63,-3,3
48578,155,172,-17,17
48579,80,88,-8,8
48580,92,105,-13,13
48581,130,123,7,7
48582,139,126,13,13
48583,121,119,2,2
48584,58,66,-8,8
48585,73,76,-3,3
48586,98,94,4,4
48587,95,98,-3,3
48588,126,116,10,10
48589,112,104,8,8
48590,82,85,-3,3
48591,105,96,9,9
48592,68,78,-10,10
48593,67,78,-11,11
48594,121,122,-1,1
48595,164,141,23,23
48596,107,110,-3,3
48597,110,105,5,5
48598,125,125,0,0
48599,71,69,2,2
48600,77,81,-4,4
48601,97,93,4,4
48602,114,122,-8,8
48603,140,136,4,4
48604,57,66,-9,9
48605,99,97,2,2
48606,99,92,7,7
48607,52,44,8,8
48608,83,76,7,7
48609,173,236,-63,63
48610,94,100,-6,6
48611,47,55,-8,8
48612,58,66,-8,8
48613,61,70,-9,9
48614,82,96,-14,14
48615,53,67,-14,14
48616,53,56,-3,3
48617,77,77,0,0
48618,88,96,-8,8
48619,74,74,0,0
48620,74,71,3,3
48621,150,140,10,10
48622,135,141,-6,6
48623,176,176,0,0
48624,53,60,-7,7
48625,140,137,3,3
48626,106,113,-7,7
48627,189,168,21,21
48628,104,114,-10,10
48629,71,84,-13,13
48630,66,64,2,2
48631,82,85,-3,3
48632,111,124,-13,13
48633,114,104,10,10
48634,140,140,0,0
48635,95,99,-4,4
48636,152,144,8,8
48637,101,108,-7,7
48638,67,62,5,5
48639,47,59,-12,12
48640,73,81,-8,8
48641,84,101,-17,17
48642,92,84,8,8
48643,157,154,3,3
48644,128,132,-4,4
48645,96,107,-11,11
48646,91,86,5,5
48647,92,85,7,7
48648,132,123,9,9
48649,170,163,7,7
48650,103,89,14,14
48651,46,52,-6,6
48652,123,110,13,13
48653,91,78,13,13
48654,111,110,1,1
48655,144,144,0,0
48656,73,77,-4,4
48657,116,108,8,8
48658,137,136,1,1
48659,131,121,10,10
48660,37,41,-4,4
48661,84,88,-4,4
48662,91,83,8,8
48663,175,174,1,1
48664,137,133,4,4
48665,91,85,6,6
48666,41,47,-6,6
48667,88,80,8,8
48668,86,79,7,7
48669,67,70,-3,3
48670,181,164,17,17
48671,108,103,5,5
48672,51,47,4,4
48673,145,135,10,10
48674,87,84,3,3
48675,42,42,0,0
48676,92,88,4,4
48677,196,178,18,18
48678,43,45,-2,2
48679,108,109,-1,1
48680,131,119,12,12
48681,105,107,-2,2
48682,77,78,-1,1
48683,80,79,1,1
48684,144,135,9,9
48685,120,133,-13,13
48686,70,71,-1,1
48687,62,65,-3,3
48688,40,40,0,0
48689,80,73,7,7
48690,93,83,10,10
48691,41,50,-9,9
48692,90,93,-3,3
48693,82,77,5,5
48694,85,89,-4,4
48695,103,94,9,9
48696,119,112,7,7
48697,65,68,-3,3
48698,85,80,5,5
48699,114,105,9,9
48700,95,88,7,7
48701,39,37,2,2
48702,89,84,5,5
48703,116,116,0,0
48704,133,137,-4,4
48705,76,77,-1,1
48706,146,132,14,14
48707,55,63,-8,8
48708,170,165,5,5
48709,76,75,1,1
48710,89,87,2,2
48711,76,95,-19,19
48712,107,97,10,10
48713,69,66,3,3
48714,94,102,-8,8
48715,106,103,3,3
48716,91,76,15,15
48717,158,161,-3,3
48718,110,109,1,1
48719,69,72,-3,3
48720,90,82,8,8
48721,99,90,9,9
48722,74,71,3,3
48723,94,98,-4,4
48724,70,68,2,2
48725,81,95,-14,14
48726,136,140,-4,4
48727,89,89,0,0
48728,113,116,-3,3
48729,110,101,9,9
48730,137,137,0,0
48731,100,98,2,2
48732,114,106,8,8
48733,122,105,17,17
48734,27,30,-3,3
48735,105,110,-5,5
48736,65,74,-9,9
48737,120,126,-6,6
48738,68,73,-5,5
48739,158,147,11,11
48740,76,80,-4,4
48741,123,118,5,5
48742,71,65,6,6
48743,86,85,1,1
48744,68,77,-9,9
48745,118,113,5,5
48746,36,42,-6,6
48747,26,30,-4,4
48748,55,58,-3,3
48749,87,84,3,3
48750,117,109,8,8
48751,36,41,-5,5
48752,112,102,10,10
48753,73,70,3,3
48754,93,88,5,5
48755,122,111,11,11
48756,117,116,1,1
48757,116,130,-14,14
48758,95,89,6,6
48759,51,50,1,1
48760,81,78,3,3
48761,88,74,14,14
48762,62,63,-1,1
48763,84,67,17,17
48764,69,74,-5,5
48765,62,68,-6,6
48766,101,104,-3,3
48767,112,112,0,0
48768,182,162,20,20
48769,51,61,-10,10
48770,89,83,6,6
48771,123,125,-2,2
48772,91,87,4,4
48773,67,71,-4,4
48774,150,133,17,17
48775,61,68,-7,7
48776,107,103,4,4
48777,53,61,-8,8
48778,79,80,-1,1
48779,143,158,-15,15
48780,115,118,-3,3
48781,66,71,-5,5
48782,104,101,3,3
48783,154,159,-5,5
48784,96,87,9,9
48785,165,163,2,2
48786,124,124,0,0
48787,108,103,5,5
48788,106,110,-4,4
48789,124,129,-5,5
48790,91,97,-6,6
48791,98,116,-18,18
48792,74,79,-5,5
48793,146,150,-4,4
48794,136,137,-1,1
48795,96,110,-14,14
48796,117,116,1,1
48797,113,106,7,7
48798,118,108,10,10
48799,151,139,12,12
48800,157,154,3,3
48801,98,83,15,15
48802,136,134,2,2
48803,119,136,-17,17
48804,66,66,0,0
48805,144,134,10,10
48806,118,118,0,0
48807,186,175,11,11
48808,91,90,1,1
48809,99,97,2,2
48810,78,81,-3,3
48811,81,85,-4,4
48812,77,80,-3,3
48813,51,56,-5,5
48814,81,86,-5,5
48815,110,108,2,2
48816,83,80,3,3
48817,75,85,-10,10
48818,73,73,0,0
48819,113,114,-1,1
48820,84,77,7,7
48821,94,90,4,4
48822,77,88,-11,11
48823,101,95,6,6
48824,100,88,12,12
48825,68,63,5,5
48826,65,73,-8,8
48827,159,160,-1,1
48828,66,71,-5,5
48829,149,125,24,24
48830,81,98,-17,17
48831,56,57,-1,1
48832,149,163,-14,14
48833,56,56,0,0
48834,110,106,4,4
48835,61,64,-3,3
48836,57,53,4,4
48837,107,109,-2,2
48838,58,60,-2,2
48839,106,106,0,0
48840,145,125,20,20
48841,70,75,-5,5
48842,115,116,-1,1
48843,106,84,22,22
48844,144,133,11,11
48845,129,115,14,14
48846,127,128,-1,1
48847,223,192,31,31
48848,147,146,1,1
48849,95,89,6,6
48850,34,34,0,0
48851,66,62,4,4
48852,88,86,2,2
48853,91,83,8,8
48854,90,80,10,10
48855,131,130,1,1
48856,61,69,-8,8
48857,66,63,3,3
48858,125,135,-10,10
48859,69,65,4,4
48860,73,84,-11,11
48861,87,83,4,4
48862,89,84,5,5
48863,69,74,-5,5
48864,114,111,3,3
48865,64,67,-3,3
48866,146,137,9,9
48867,93,95,-2,2
48868,54,63,-9,9
48869,171,176,-5,5
48870,63,68,-5,5
48871,70,76,-6,6
48872,61,65,-4,4
48873,75,72,3,3
48874,158,141,17,17
48875,65,77,-12,12
48876,93,92,1,1
48877,97,86,11,11
48878,126,103,23,23
48879,122,120,2,2
48880,128,137,-9,9
48881,109,106,3,3
48882,90,83,7,7
48883,167,163,4,4
48884,79,71,8,8
48885,56,62,-6,6
48886,117,110,7,7
48887,80,77,3,3
48888,48,52,-4,4
48889,72,74,-2,2
48890,69,70,-1,1
48891,105,101,4,4
48892,103,97,6,6
48893,94,93,1,1
48894,91,82,9,9
48895,117,112,5,5
48896,168,171,-3,3
48897,60,63,-3,3
48898,93,102,-9,9
48899,110,103,7,7
48900,61,60,1,1
48901,133,129,4,4
48902,124,107,17,17
48903,131,133,-2,2
48904,81,81,0,0
48905,78,74,4,4
48906,117,110,7,7
48907,116,112,4,4
48908,75,79,-4,4
48909,50,58,-8,8
48910,76,71,5,5
48911,120,116,4,4
48912,96,91,5,5
48913,99,122,-23,23
48914,163,154,9,9
48915,136,125,11,11
48916,150,138,12,12
48917,87,98,-11,11
48918,116,114,2,2
48919,127,124,3,3
48920,73,73,0,0
48921,110,115,-5,5
48922,65,67,-2,2
48923,74,75,-1,1
48924,98,91,7,7
48925,74,72,2,2
48926,105,102,3,3
48927,92,92,0,0
48928,80,81,-1,1
48929,111,111,0,0
48930,93,88,5,5
48931,69,69,0,0
48932,76,76,0,0
48933,59,59,0,0
48934,127,123,4,4
48935,45,56,-11,11
48936,100,80,20,20
48937,111,115,-4,4
48938,165,203,-38,38
48939,161,172,-11,11
48940,108,112,-4,4
48941,85,81,4,4
48942,131,134,-3,3
48943,28,36,-8,8
48944,92,83,9,9
48945,55,56,-1,1
48946,134,125,9,9
48947,112,103,9,9
48948,123,110,13,13
48949,137,133,4,4
48950,72,80,-8,8
48951,116,105,11,11
48952,136,128,8,8
48953,122,119,3,3
48954,120,119,1,1
48955,85,77,8,8
48956,98,103,-5,5
48957,108,127,-19,19
48958,95,95,0,0
48959,71,69,2,2
48960,160,143,17,17
48961,112,116,-4,4
48962,98,101,-3,3
48963,72,69,3,3
48964,102,101,1,1
48965,95,85,10,10
48966,130,121,9,9
48967,96,92,4,4
48968,123,118,5,5
48969,100,105,-5,5
48970,172,168,4,4
48971,55,57,-2,2
48972,60,72,-12,12
48973,101,104,-3,3
48974,90,102,-12,12
48975,76,83,-7,7
48976,80,78,2,2
48977,100,108,-8,8
48978,61,66,-5,5
48979,75,74,1,1
48980,81,100,-19,19
48981,121,117,4,4
48982,81,80,1,1
48983,139,138,1,1
48984,86,74,12,12
48985,94,91,3,3
48986,121,121,0,0
48987,83,76,7,7
48988,127,129,-2,2
48989,49,67,-18,18
48990,83,89,-6,6
48991,76,72,4,4
48992,113,106,7,7
48993,73,71,2,2
48994,85,82,3,3
48995,97,93,4,4
48996,82,78,4,4
48997,103,101,2,2
48998,68,69,-1,1
48999,65,68,-3,3
49000,46,54,-8,8
49001,108,101,7,7
49002,96,104,-8,8
49003,133,132,1,1
49004,97,99,-2,2
49005,62,57,5,5
49006,95,97,-2,2
49007,132,119,13,13
49008,164,153,11,11
49009,62,62,0,0
49010,81,84,-3,3
49011,91,91,0,0
49012,73,74,-1,1
49013,73,76,-3,3
49014,105,112,-7,7
49015,75,76,-1,1
49016,73,64,9,9
49017,94,102,-8,8
49018,112,119,-7,7
49019,107,95,12,12
49020,79,74,5,5
49021,128,129,-1,1
49022,100,91,9,9
49023,68,71,-3,3
49024,84,73,11,11
49025,115,135,-20,20
49026,68,70,-2,2
49027,50,53,-3,3
49028,80,82,-2,2
49029,71,74,-3,3
49030,115,116,-1,1
49031,103,114,-11,11
49032,112,107,5,5
49033,95,86,9,9
49034,132,132,0,0
49035,108,106,2,2
49036,89,95,-6,6
49037,96,86,10,10
49038,110,107,3,3
49039,103,158,-55,55
49040,113,100,13,13
49041,72,78,-6,6
49042,85,89,-4,4
49043,106,107,-1,1
49044,101,100,1,1
49045,117,129,-12,12
49046,67,75,-8,8
49047,82,82,0,0
49048,61,64,-3,3
49049,64,64,0,0
49050,86,87,-1,1
49051,89,87,2,2
49052,49,49,0,0
49053,136,118,18,18
49054,137,139,-2,2
49055,79,68,11,11
49056,127,114,13,13
49057,130,122,8,8
49058,119,131,-12,12
49059,83,75,8,8
49060,98,101,-3,3
49061,124,120,4,4
49062,72,84,-12,12
49063,114,121,-7,7
49064,144,133,11,11
49065,117,105,12,12
49066,68,70,-2,2
49067,41,46,-5,5
49068,88,91,-3,3
49069,156,146,10,10
49070,85,81,4,4
49071,99,97,2,2
49072,71,85,-14,14
49073,152,138,14,14
49074,86,79,7,7
49075,95,85,10,10
49076,100,95,5,5
49077,99,97,2,2
49078,137,124,13,13
49079,78,70,8,8
49080,142,131,11,11
49081,80,89,-9,9
49082,70,71,-1,1
49083,112,108,4,4
49084,116,118,-2,2
49085,76,80,-4,4
49086,128,120,8,8
49087,101,96,5,5
49088,111,108,3,3
49089,71,71,0,0
49090,129,125,4,4
49091,170,160,10,10
49092,136,117,19,19
49093,105,94,11,11
49094,117,109,8,8
49095,102,95,7,7
49096,77,79,-2,2
49097,103,108,-5,5
49098,53,55,-2,2
49099,94,100,-6,6
49100,73,67,6,6
49101,65,65,0,0
49102,107,123,-16,16
49103,78,85,-7,7
49104,83,79,4,4
49105,117,116,1,1
49106,33,31,2,2
49107,97,99,-2,2
49108,119,121,-2,2
49109,74,71,3,3
49110,96,92,4,4
49111,113,115,-2,2
49112,68,80,-12,12
49113,78,75,3,3
49114,123,104,19,19
49115,121,127,-6,6
49116,74,72,2,2
49117,100,90,10,10
49118,71,71,0,0
49119,46,49,-3,3
49120,90,89,1,1
49121,63,74,-11,11
49122,94,91,3,3
49123,83,82,1,1
49124,86,87,-1,1
49125,116,122,-6,6
49126,107,101,6,6
49127,111,120,-9,9
49128,211,189,22,22
49129,71,68,3,3
49130,57,69,-12,12
49131,135,132,3,3
49132,111,108,3,3
49133,97,93,4,4
49134,139,135,4,4
49135,96,95,1,1
49136,91,85,6,6
49137,131,129,2,2
49138,134,126,8,8
49139,81,80,1,1
49140,123,116,7,7
49141,122,126,-4,4
49142,149,145,4,4
49143,122,112,10,10
49144,114,107,7,7
49145,112,101,11,11
49146,110,102,8,8
49147,111,116,-5,5
49148,50,53,-3,3
49149,52,52,0,0
49150,119,127,-8,8
49151,67,66,1,1
49152,135,131,4,4
49153,81,72,9,9
49154,122,106,16,16
49155,130,132,-2,2
49156,60,66,-6,6
49157,108,118,-10,10
49158,97,99,-2,2
49159,50,56,-6,6
49160,77,70,7,7
49161,106,96,10,10
49162,100,104,-4,4
49163,70,74,-4,4
49164,99,101,-2,2
49165,108,112,-4,4
49166,138,128,10,10
49167,132,134,-2,2
49168,73,77,-4,4
49169,73,80,-7,7
49170,111,102,9,9
49171,101,101,0,0
49172,123,121,2,2
49173,80,127,-47,47
49174,56,47,9,9
49175,101,93,8,8
49176,119,119,0,0
49177,125,140,-15,15
49178,107,104,3,3
49179,141,136,5,5
49180,110,123,-13,13
49181,91,82,9,9
49182,67,68,-1,1
49183,91,88,3,3
49184,62,65,-3,3
49185,66,62,4,4
49186,51,67,-16,16
49187,26,33,-7,7
49188,112,115,-3,3
49189,85,77,8,8
49190,173,160,13,13
49191,65,61,4,4
49192,71,75,-4,4
49193,48,56,-8,8
49194,113,118,-5,5
49195,111,111,0,0
49196,76,80,-4,4
49197,72,73,-1,1
49198,104,97,7,7
49199,113,108,5,5
49200,80,78,2,2
49201,129,133,-4,4
49202,80,76,4,4
49203,99,99,0,0
49204,98,102,-4,4
49205,186,179,7,7
49206,84,85,-1,1
49207,46,51,-5,5
49208,81,90,-9,9
49209,62,60,2,2
49210,85,81,4,4
49211,63,61,2,2
49212,114,121,-7,7
49213,91,85,6,6
49214,100,116,-16,16
49215,53,52,1,1
49216,127,111,16,16
49217,93,83,10,10
49218,59,64,-5,5
49219,52,52,0,0
49220,100,97,3,3
49221,73,78,-5,5
49222,110,111,-1,1
49223,88,73,15,15
49224,87,84,3,3
49225,53,55,-2,2
49226,96,94,2,2
49227,70,84,-14,14
49228,80,87,-7,7
49229,80,78,2,2
49230,78,73,5,5
49231,45,44,1,1
49232,97,94,3,3
49233,172,160,12,12
49234,92,90,2,2
49235,72,73,-1,1
49236,125,133,-8,8
49237,72,73,-1,1
49238,156,152,4,4
49239,61,63,-2,2
49240,118,124,-6,6
49241,89,111,-22,22
49242,126,107,19,19
49243,121,107,14,14
49244,63,77,-14,14
49245,96,85,11,11
49246,123,113,10,10
49247,80,84,-4,4
49248,120,120,0,0
49249,75,77,-2,2
49250,128,125,3,3
49251,166,159,7,7
49252,129,122,7,7
49253,74,78,-4,4
49254,70,77,-7,7
49255,75,76,-1,1
49256,115,96,19,19
49257,109,108,1,1
49258,86,82,4,4
49259,90,93,-3,3
49260,95,87,8,8
49261,102,110,-8,8
49262,178,166,12,12
49263,140,129,11,11
49264,148,145,3,3
49265,75,78,-3,3
49266,94,82,12,12
49267,83,87,-4,4
49268,184,174,10,10
49269,98,87,11,11
49270,36,31,5,5
49271,68,69,-1,1
49272,88,83,5,5
49273,71,69,2,2
49274,80,76,4,4
49275,81,80,1,1
49276,98,106,-8,8
49277,99,86,13,13
49278,41,52,-11,11
49279,51,59,-8,8
49280,161,152,9,9
49281,76,74,2,2
49282,103,100,3,3
49283,86,78,8,8
49284,111,105,6,6
49285,132,122,10,10
49286,91,83,8,8
49287,114,104,10,10
49288,106,99,7,7
49289,140,135,5,5
49290,54,51,3,3
49291,231,205,26,26
49292,74,77,-3,3
49293,59,60,-1,1
49294,149,133,16,16
49295,98,90,8,8
49296,96,89,7,7
49297,98,102,-4,4
49298,29,33,-4,4
49299,80,79,1,1
49300,115,107,8,8
49301,75,71,4,4
49302,93,93,0,0
49303,86,82,4,4
49304,67,60,7,7
49305,56,53,3,3
49306,120,118,2,2
49307,188,170,18,18
49308,31,39,-8,8
49309,51,63,-12,12
49310,55,58,-3,3
49311,81,82,-1,1
49312,75,77,-2,2
49313,63,66,-3,3
49314,85,82,3,3
49315,32,33,-1,1
49316,83,87,-4,4
49317,86,94,-8,8
49318,122,103,19,19
49319,46,51,-5,5
49320,122,112,10,10
49321,101,101,0,0
49322,55,70,-15,15
49323,80,77,3,3
49324,106,106,0,0
49325,79,87,-8,8
49326,143,145,-2,2
49327,124,128,-4,4
49328,128,125,3,3
49329,88,92,-4,4
49330,98,100,-2,2
49331,207,188,19,19
49332,133,122,11,11
49333,46,49,-3,3
49334,115,125,-10,10
49335,75,64,11,11
49336,93,85,8,8
49337,99,104,-5,5
49338,107,110,-3,3
49339,99,94,5,5
49340,78,76,2,2
49341,104,91,13,13
49342,112,117,-5,5
49343,75,80,-5,5
49344,84,86,-2,2
49345,87,93,-6,6
49346,83,77,6,6
49347,151,139,12,12
49348,23,42,-19,19
49349,168,157,11,11
49350,62,67,-5,5
49351,65,64,1,1
49352,68,69,-1,1
49353,110,113,-3,3
49354,159,142,17,17
49355,44,52,-8,8
49356,144,137,7,7
49357,71,71,0,0
49358,71,67,4,4
49359,131,116,15,15
49360,148,104,44,44
49361,116,116,0,0
49362,117,103,14,14
49363,116,133,-17,17
49364,95,86,9,9
49365,59,73,-14,14
49366,41,39,2,2
49367,80,87,-7,7
49368,66,70,-4,4
49369,98,87,11,11
49370,186,177,9,9
49371,109,101,8,8
49372,97,123,-26,26
49373,74,68,6,6
49374,113,112,1,1
49375,61,58,3,3
49376,108,108,0,0
49377,123,115,8,8
49378,78,79,-1,1
49379,57,63,-6,6
49380,42,49,-7,7
49381,118,126,-8,8
49382,59,60,-1,1
49383,96,104,-8,8
49384,69,73,-4,4
49385,94,82,12,12
49386,84,94,-10,10
49387,182,185,-3,3
49388,44,47,-3,3
49389,74,83,-9,9
49390,84,73,11,11
49391,173,157,16,16
49392,73,78,-5,5
49393,67,67,0,0
49394,84,85,-1,1
49395,106,104,2,2
49396,80,82,-2,2
49397,79,90,-11,11
49398,61,60,1,1
49399,73,78,-5,5
49400,50,52,-2,2
49401,94,89,5,5
49402,86,90,-4,4
49403,71,69,2,2
49404,60,71,-11,11
49405,126,124,2,2
49406,60,60,0,0
49407,65,62,3,3
49408,83,81,2,2
49409,47,45,2,2
49410,234,197,37,37
49411,101,84,17,17
49412,111,106,5,5
49413,65,60,5,5
49414,50,58,-8,8
49415,63,71,-8,8
49416,121,122,-1,1
49417,63,52,11,11
49418,105,97,8,8
49419,51,63,-12,12
49420,85,74,11,11
49421,154,134,20,20
49422,130,120,10,10
49423,95,91,4,4
49424,55,52,3,3
49425,95,97,-2,2
49426,154,145,9,9
49427,109,104,5,5
49428,57,65,-8,8
49429,109,103,6,6
49430,125,111,14,14
49431,85,77,8,8
49432,76,69,7,7
49433,66,78,-12,12
49434,89,81,8,8
49435,64,63,1,1
49436,46,58,-12,12
49437,79,79,0,0
49438,114,115,-1,1
49439,73,69,4,4
49440,130,129,1,1
49441,78,72,6,6
49442,62,69,-7,7
49443,49,50,-1,1
49444,65,74,-9,9
49445,66,69,-3,3
49446,72,76,-4,4
49447,81,79,2,2
49448,131,130,1,1
49449,113,112,1,1
49450,103,99,4,4
49451,60,62,-2,2
49452,61,63,-2,2
49453,62,62,0,0
49454,79,76,3,3
49455,111,126,-15,15
49456,108,102,6,6
49457,124,105,19,19
49458,93,108,-15,15
49459,121,124,-3,3
49460,49,47,2,2
49461,72,76,-4,4
49462,86,72,14,14
49463,64,64,0,0
49464,95,82,13,13
49465,108,111,-3,3
49466,148,142,6,6
49467,71,66,5,5
49468,85,100,-15,15
49469,72,77,-5,5
49470,107,105,2,2
49471,121,107,14,14
49472,119,126,-7,7
49473,81,104,-23,23
49474,94,92,2,2
49475,147,123,24,24
49476,101,103,-2,2
49477,106,110,-4,4
49478,59,64,-5,5
49479,70,69,1,1
49480,52,52,0,0
49481,89,79,10,10
49482,128,125,3,3
49483,111,118,-7,7
49484,146,142,4,4
49485,49,48,1,1
49486,110,104,6,6
49487,119,116,3,3
49488,96,99,-3,3
49489,119,115,4,4
49490,140,132,8,8
49491,124,120,4,4
49492,90,82,8,8
49493,68,72,-4,4
49494,92,100,-8,8
49495,163,151,12,12
49496,77,71,6,6
49497,103,98,5,5
49498,126,107,19,19
49499,70,76,-6,6
49500,127,117,10,10
49501,76,79,-3,3
49502,138,134,4,4
49503,88,92,-4,4
49504,58,78,-20,20
49505,68,66,2,2
49506,146,144,2,2
49507,139,137,2,2
49508,71,77,-6,6
49509,143,131,12,12
49510,123,107,16,16
49511,55,57,-2,2
49512,93,91,2,2
49513,74,86,-12,12
49514,122,118,4,4
49515,79,81,-2,2
49516,75,75,0,0
49517,72,83,-11,11
49518,122,121,1,1
49519,82,80,2,2
49520,66,68,-2,2
49521,67,70,-3,3
49522,62,65,-3,3
49523,108,98,10,10
49524,82,83,-1,1
49525,93,97,-4,4
49526,57,60,-3,3
49527,73,76,-3,3
49528,116,100,16,16
49529,97,85,12,12
49530,107,105,2,2
49531,69,69,0,0
49532,118,115,3,3
49533,112,109,3,3
49534,75,81,-6,6
49535,128,132,-4,4
49536,96,98,-2,2
49537,81,82,-1,1
49538,149,135,14,14
49539,65,70,-5,5
49540,28,24,4,4
49541,92,89,3,3
49542,82,71,11,11
49543,65,77,-12,12
49544,130,125,5,5
49545,85,82,3,3
49546,105,108,-3,3
49547,119,119,0,0
49548,124,111,13,13
49549,89,84,5,5
49550,52,52,0,0
49551,95,89,6,6
49552,111,126,-15,15
49553,110,97,13,13
49554,104,102,2,2
49555,107,115,-8,8
49556,79,77,2,2
49557,98,88,10,10
49558,113,116,-3,3
49559,59,61,-2,2
49560,86,78,8,8
49561,40,45,-5,5
49562,59,57,2,2
49563,108,106,2,2
49564,49,60,-11,11
49565,86,76,10,10
49566,84,75,9,9
49567,93,89,4,4
49568,74,74,0,0
49569,73,74,-1,1
49570,89,93,-4,4
49571,83,86,-3,3
49572,94,101,-7,7
49573,103,94,9,9
49574,117,126,-9,9
49575,162,151,11,11
49576,72,88,-16,16
49577,107,111,-4,4
49578,122,116,6,6
49579,108,109,-1,1
49580,96,80,16,16
49581,98,93,5,5
49582,111,116,-5,5
49583,51,53,-2,2
49584,70,78,-8,8
49585,64,67,-3,3
49586,47,42,5,5
49587,45,51,-6,6
49588,69,91,-22,22
49589,91,85,6,6
49590,77,65,12,12
49591,83,79,4,4
49592,73,69,4,4
49593,70,72,-2,2
49594,228,187,41,41
49595,50,53,-3,3
49596,69,70,-1,1
49597,88,83,5,5
49598,76,77,-1,1
49599,80,75,5,5
49600,73,73,0,0
49601,86,85,1,1
49602,103,124,-21,21
49603,135,126,9,9
49604,75,81,-6,6
49605,78,80,-2,2
49606,114,100,14,14
49607,112,119,-7,7
49608,66,73,-7,7
49609,94,83,11,11
49610,86,76,10,10
49611,86,78,8,8
49612,115,122,-7,7
49613,81,75,6,6
49614,96,103,-7,7
49615,100,94,6,6
49616,137,133,4,4
49617,71,70,1,1
49618,77,75,2,2
49619,102,97,5,5
49620,83,84,-1,1
49621,87,83,4,4
49622,123,105,18,18
49623,65,73,-8,8
49624,59,68,-9,9
49625,98,95,3,3
49626,127,132,-5,5
49627,141,128,13,13
49628,55,56,-1,1
49629,63,68,-5,5
49630,102,94,8,8
49631,63,72,-9,9
49632,108,99,9,9
49633,105,103,2,2
49634,57,48,9,9
49635,64,52,12,12
49636,83,79,4,4
49637,97,95,2,2
49638,97,99,-2,2
49639,84,93,-9,9
49640,117,112,5,5
49641,99,90,9,9
49642,106,105,1,1
49643,101,96,5,5
49644,91,82,9,9
49645,131,120,11,11
49646,162,159,3,3
49647,81,79,2,2
49648,56,61,-5,5
49649,120,104,16,16
49650,103,90,13,13
49651,43,41,2,2
49652,59,63,-4,4
49653,90,84,6,6
49654,116,110,6,6
49655,55,50,5,5
49656,97,90,7,7
49657,99,90,9,9
49658,52,58,-6,6
49659,32,35,-3,3
49660,91,100,-9,9
49661,92,90,2,2
49662,52,57,-5,5
49663,159,143,16,16
49664,144,127,17,17
49665,115,114,1,1
49666,44,49,-5,5
49667,114,118,-4,4
49668,183,169,14,14
49669,94,86,8,8
49670,82,94,-12,12
49671,85,73,12,12
49672,71,67,4,4
49673,151,140,11,11
49674,98,94,4,4
49675,116,116,0,0
49676,108,100,8,8
49677,85,83,2,2
49678,96,110,-14,14
49679,94,104,-10,10
49680,59,64,-5,5
49681,81,79,2,2
49682,125,125,0,0
49683,64,71,-7,7
49684,106,99,7,7
49685,89,86,3,3
49686,91,80,11,11
49687,72,63,9,9
49688,69,76,-7,7
49689,94,79,15,15
49690,133,124,9,9
49691,115,114,1,1
49692,92,85,7,7
49693,171,151,20,20
49694,108,104,4,4
49695,102,96,6,6
49696,133,139,-6,6
49697,89,80,9,9
49698,93,87,6,6
49699,39,57,-18,18
49700,119,111,8,8
49701,116,114,2,2
49702,71,64,7,7
49703,121,127,-6,6
49704,109,102,7,7
49705,121,105,16,16
49706,87,88,-1,1
49707,73,82,-9,9
49708,103,90,13,13
49709,50,52,-2,2
49710,53,56,-3,3
49711,94,93,1,1
49712,143,150,-7,7
49713,68,66,2,2
49714,148,133,15,15
49715,54,52,2,2
49716,121,110,11,11
49717,116,122,-6,6
49718,91,100,-9,9
49719,74,70,4,4
49720,68,66,2,2
49721,129,127,2,2
49722,69,65,4,4
49723,43,51,-8,8
49724,125,120,5,5
49725,101,109,-8,8
49726,188,165,23,23
49727,135,122,13,13
49728,57,62,-5,5
49729,96,97,-1,1
49730,68,66,2,2
49731,154,138,16,16
49732,101,103,-2,2
49733,48,57,-9,9
49734,62,74,-12,12
49735,182,168,14,14
49736,83,70,13,13
49737,52,57,-5,5
49738,97,80,17,17
49739,108,108,0,0
49740,90,96,-6,6
49741,88,82,6,6
49742,109,108,1,1
49743,84,95,-11,11
49744,93,105,-12,12
49745,87,82,5,5
49746,75,76,-1,1
49747,77,82,-5,5
49748,159,141,18,18
49749,56,57,-1,1
49750,135,115,20,20
49751,42,47,-5,5
49752,42,38,4,4
49753,82,93,-11,11
49754,106,118,-12,12
49755,98,104,-6,6
49756,59,65,-6,6
49757,158,139,19,19
49758,109,116,-7,7
49759,93,89,4,4
49760,174,164,10,10
49761,91,91,0,0
49762,138,118,20,20
49763,104,99,5,5
49764,92,93,-1,1
49765,67,74,-7,7
49766,87,90,-3,3
49767,135,124,11,11
49768,102,92,10,10
49769,164,154,10,10
49770,67,73,-6,6
49771,106,95,11,11
49772,88,95,-7,7
49773,109,111,-2,2
49774,97,84,13,13
49775,49,53,-4,4
49776,124,118,6,6
49777,64,62,2,2
49778,160,147,13,13
49779,108,106,2,2
49780,71,71,0,0
49781,108,100,8,8
49782,87,83,4,4
49783,181,168,13,13
49784,100,95,5,5
49785,52,50,2,2
49786,128,126,2,2
49787,84,80,4,4
49788,123,110,13,13
49789,131,130,1,1
49790,113,120,-7,7
49791,127,131,-4,4
49792,85,87,-2,2
49793,71,73,-2,2
49794,108,109,-1,1
49795,74,69,5,5
49796,160,148,12,12
49797,72,79,-7,7
49798,75,74,1,1
49799,122,125,-3,3
49800,85,82,3,3
49801,74,81,-7,7
49802,44,74,-30,30
49803,110,124,-14,14
49804,64,71,-7,7
49805,40,52,-12,12
49806,124,116,8,8
49807,88,88,0,0
49808,123,119,4,4
49809,122,123,-1,1
49810,122,122,0,0
49811,104,101,3,3
49812,100,104,-4,4
49813,83,79,4,4
49814,50,56,-6,6
49815,93,89,4,4
49816,91,85,6,6
49817,78,79,-1,1
49818,121,116,5,5
49819,90,85,5,5
49820,53,58,-5,5
49821,112,102,10,10
49822,82,79,3,3
49823,167,157,10,10
49824,97,88,9,9
49825,63,64,-1,1
49826,112,109,3,3
49827,102,83,19,19
49828,78,77,1,1
49829,124,121,3,3
49830,60,61,-1,1
49831,59,56,3,3
49832,55,64,-9,9
49833,154,143,11,11
49834,86,83,3,3
49835,102,91,11,11
49836,70,74,-4,4
49837,47,48,-1,1
49838,79,63,16,16
49839,62,61,1,1
49840,114,135,-21,21
49841,117,104,13,13
49842,60,61,-1,1
49843,86,75,11,11
49844,152,150,2,2
49845,168,167,1,1
49846,124,130,-6,6
49847,60,60,0,0
49848,125,112,13,13
49849,62,69,-7,7
49850,88,90,-2,2
49851,66,65,1,1
49852,175,158,17,17
49853,88,85,3,3
49854,45,56,-11,11
49855,74,71,3,3
49856,135,129,6,6
49857,106,101,5,5
49858,130,114,16,16
49859,79,82,-3,3
49860,81,78,3,3
49861,65,74,-9,9
49862,107,93,14,14
49863,97,86,11,11
49864,76,84,-8,8
49865,116,106,10,10
49866,59,59,0,0
49867,54,65,-11,11
49868,98,95,3,3
49869,128,145,-17,17
49870,106,102,4,4
49871,78,79,-1,1
49872,131,131,0,0
49873,69,67,2,2
49874,153,157,-4,4
49875,71,76,-5,5
49876,67,72,-5,5
49877,107,101,6,6
49878,75,100,-25,25
49879,87,86,1,1
49880,94,81,13,13
49881,90,101,-11,11
49882,74,81,-7,7
49883,135,132,3,3
49884,134,126,8,8
49885,151,137,14,14
49886,92,98,-6,6
49887,92,99,-7,7
49888,80,80,0,0
49889,91,91,0,0
49890,89,88,1,1
49891,86,79,7,7
49892,76,76,0,0
49893,107,104,3,3
49894,140,111,29,29
49895,85,101,-16,16
49896,85,81,4,4
49897,69,63,6,6
49898,96,91,5,5
49899,62,59,3,3
49900,79,76,3,3
49901,138,118,20,20
49902,115,102,13,13
49903,106,96,10,10
49904,93,85,8,8
49905,122,118,4,4
49906,106,94,12,12
49907,90,86,4,4
49908,88,77,11,11
49909,72,70,2,2
49910,84,90,-6,6
49911,138,136,2,2
49912,92,94,-2,2
49913,95,92,3,3
49914,86,80,6,6
49915,73,67,6,6
49916,70,78,-8,8
49917,61,67,-6,6
49918,161,147,14,14
49919,89,83,6,6
49920,130,124,6,6
49921,99,70,29,29
49922,79,78,1,1
49923,47,60,-13,13
49924,75,84,-9,9
49925,69,70,-1,1
49926,78,79,-1,1
49927,45,48,-3,3
49928,67,77,-10,10
49929,99,107,-8,8
49930,92,102,-10,10
49931,116,111,5,5
49932,132,120,12,12
49933,88,91,-3,3
49934,94,99,-5,5
49935,112,120,-8,8
49936,40,52,-12,12
49937,58,59,-1,1
49938,88,77,11,11
49939,85,83,2,2
49940,86,71,15,15
49941,145,139,6,6
49942,105,99,6,6
49943,99,93,6,6
49944,62,64,-2,2
49945,95,93,2,2
49946,90,79,11,11
49947,57,48,9,9
49948,104,96,8,8
49949,70,69,1,1
49950,103,90,13,13
49951,102,90,12,12
49952,56,58,-2,2
49953,67,69,-2,2
49954,65,67,-2,2
49955,65,75,-10,10
49956,100,130,-30,30
49957,77,85,-8,8
49958,140,123,17,17
49959,86,76,10,10
49960,123,120,3,3
49961,33,77,-44,44
49962,102,97,5,5
49963,116,110,6,6
49964,63,68,-5,5
49965,79,81,-2,2
49966,160,147,13,13
49967,60,63,-3,3
49968,65,60,5,5
49969,84,85,-1,1
49970,67,70,-3,3
49971,90,94,-4,4
49972,70,79,-9,9
49973,68,71,-3,3
49974,104,116,-12,12
49975,87,85,2,2
49976,124,111,13,13
49977,128,126,2,2
49978,166,166,0,0
49979,72,76,-4,4
49980,54,55,-1,1
49981,111,98,13,13
49982,93,85,8,8
49983,107,102,5,5
49984,137,130,7,7
49985,89,82,7,7
49986,68,61,7,7
49987,52,53,-1,1
49988,75,82,-7,7
49989,79,76,3,3
49990,48,58,-10,10
49991,75,71,4,4
49992,85,80,5,5
49993,78,79,-1,1
49994,101,95,6,6
49995,173,152,21,21
49996,90,82,8,8
49997,55,52,3,3
49998,98,101,-3,3
49999,131,114,17,17
50000,149,135,14,14
50001,90,88,2,2
50002,51,49,2,2
50003,68,67,1,1
50004,111,101,10,10
50005,77,81,-4,4
50006,150,141,9,9
50007,123,117,6,6
50008,42,49,-7,7
50009,111,106,5,5
50010,73,74,-1,1
50011,77,78,-1,1
50012,74,92,-18,18
50013,145,129,16,16
50014,77,70,7,7
50015,102,103,-1,1
50016,79,79,0,0
50017,65,67,-2,2
50018,64,68,-4,4
50019,54,45,9,9
50020,127,118,9,9
50021,126,132,-6,6
50022,83,81,2,2
50023,108,98,10,10
50024,103,99,4,4
50025,132,131,1,1
50026,141,125,16,16
50027,132,127,5,5
50028,71,73,-2,2
50029,111,106,5,5
50030,133,125,8,8
50031,102,101,1,1
50032,57,57,0,0
50033,92,103,-11,11
50034,120,108,12,12
50035,85,79,6,6
50036,86,96,-10,10
50037,79,73,6,6
50038,69,76,-7,7
50039,63,50,13,13
50040,118,120,-2,2
50041,132,124,8,8
50042,72,75,-3,3
50043,98,109,-11,11
50044,110,107,3,3
50045,105,108,-3,3
50046,67,70,-3,3
50047,92,93,-1,1
50048,118,130,-12,12
50049,134,117,17,17
50050,70,69,1,1
50051,129,121,8,8
50052,67,65,2,2
50053,36,48,-12,12
50054,137,143,-6,6
50055,40,51,-11,11
50056,89,85,4,4
50057,89,85,4,4
50058,83,81,2,2
50059,70,87,-17,17
50060,125,122,3,3
50061,113,105,8,8
50062,64,64,0,0
50063,101,90,11,11
50064,92,84,8,8
50065,118,112,6,6
50066,70,72,-2,2
50067,87,118,-31,31
50068,112,106,6,6
50069,195,189,6,6
50070,122,119,3,3
50071,59,61,-2,2
50072,155,143,12,12
50073,131,122,9,9
50074,143,120,23,23
50075,117,101,16,16
50076,120,114,6,6
50077,113,104,9,9
50078,102,95,7,7
50079,131,119,12,12
50080,105,95,10,10
50081,87,86,1,1
50082,66,67,-1,1
50083,122,135,-13,13
50084,116,101,15,15
50085,104,100,4,4
50086,51,56,-5,5
50087,90,88,2,2
50088,87,85,2,2
50089,93,100,-7,7
50090,61,70,-9,9
50091,106,110,-4,4
50092,47,52,-5,5
50093,80,77,3,3
50094,74,73,1,1
50095,50,56,-6,6
50096,167,159,8,8
50097,56,57,-1,1
50098,110,121,-11,11
50099,160,132,28,28
50100,105,107,-2,2
50101,63,62,1,1
50102,97,95,2,2
50103,98,95,3,3
50104,108,106,2,2
50105,105,104,1,1
50106,119,105,14,14
50107,144,129,15,15
50108,65,66,-1,1
50109,112,108,4,4
50110,113,102,11,11
50111,98,104,-6,6
50112,83,75,8,8
50113,170,160,10,10
50114,88,90,-2,2
50115,109,100,9,9
50116,92,85,7,7
50117,121,122,-1,1
50118,58,49,9,9
50119,96,123,-27,27
50120,108,101,7,7
50121,150,144,6,6
50122,78,78,0,0
50123,43,42,1,1
50124,49,56,-7,7
50125,173,153,20,20
50126,100,94,6,6
50127,104,98,6,6
50128,76,87,-11,11
50129,108,104,4,4
50130,148,140,8,8
50131,74,76,-2,2
50132,72,69,3,3
50133,78,69,9,9
50134,108,108,0,0
50135,92,93,-1,1
50136,94,100,-6,6
50137,104,104,0,0
50138,102,109,-7,7
50139,70,70,0,0
50140,88,81,7,7
50141,104,107,-3,3
50142,115,97,18,18
50143,87,78,9,9
50144,110,107,3,3
50145,70,75,-5,5
50146,78,77,1,1
50147,80,81,-1,1
50148,56,58,-2,2
50149,125,120,5,5
50150,79,76,3,3
50151,90,82,8,8
50152,134,131,3,3
50153,123,120,3,3
50154,116,100,16,16
50155,79,79,0,0
50156,100,115,-15,15
50157,55,60,-5,5
50158,86,81,5,5
50159,125,132,-7,7
50160,68,70,-2,2
50161,73,78,-5,5
50162,103,94,9,9
50163,172,175,-3,3
50164,18,17,1,1
50165,80,80,0,0
50166,64,64,0,0
50167,90,85,5,5
50168,100,102,-2,2
50169,52,62,-10,10
50170,199,177,22,22
50171,90,91,-1,1
50172,80,97,-17,17
50173,138,143,-5,5
50174,64,71,-7,7
50175,101,94,7,7
50176,116,132,-16,16
50177,134,116,18,18
50178,113,106,7,7
50179,84,79,5,5
50180,55,69,-14,14
50181,194,181,13,13
50182,81,86,-5,5
50183,100,96,4,4
50184,97,100,-3,3
50185,64,65,-1,1
50186,55,59,-4,4
50187,68,75,-7,7
50188,103,103,0,0
50189,102,86,16,16
50190,68,66,2,2
50191,95,89,6,6
50192,74,77,-3,3
50193,77,68,9,9
50194,97,104,-7,7
50195,77,68,9,9
50196,124,117,7,7
50197,62,67,-5,5
50198,78,81,-3,3
50199,149,141,8,8
50200,53,64,-11,11
50201,80,84,-4,4
50202,82,86,-4,4
50203,69,70,-1,1
50204,80,86,-6,6
50205,45,45,0,0
50206,66,69,-3,3
50207,46,57,-11,11
50208,82,84,-2,2
50209,45,49,-4,4
50210,105,100,5,5
50211,109,97,12,12
50212,89,86,3,3
50213,69,69,0,0
50214,132,108,24,24
50215,106,105,1,1
50216,132,126,6,6
50217,141,138,3,3
50218,282,248,34,34
50219,151,165,-14,14
50220,93,85,8,8
50221,129,129,0,0
50222,82,92,-10,10
50223,72,73,-1,1
50224,86,83,3,3
50225,42,37,5,5
50226,85,77,8,8
50227,105,92,13,13
50228,110,103,7,7
50229,50,53,-3,3
50230,88,98,-10,10
50231,98,86,12,12
50232,85,78,7,7
50233,122,122,0,0
50234,122,144,-22,22
50235,124,120,4,4
50236,77,78,-1,1
50237,117,113,4,4
50238,98,110,-12,12
50239,90,83,7,7
50240,129,119,10,10
50241,88,96,-8,8
50242,73,75,-2,2
50243,77,80,-3,3
50244,139,145,-6,6
50245,96,89,7,7
50246,102,93,9,9
50247,87,89,-2,2
50248,70,71,-1,1
50249,159,151,8,8
50250,60,63,-3,3
50251,69,64,5,5
50252,113,113,0,0
50253,156,145,11,11
50254,118,108,10,10
50255,53,56,-3,3
50256,104,107,-3,3
50257,83,74,9,9
50258,67,61,6,6
50259,95,105,-10,10
50260,103,99,4,4
50261,132,147,-15,15
50262,115,105,10,10
50263,89,90,-1,1
50264,107,99,8,8
50265,99,102,-3,3
50266,97,96,1,1
50267,54,57,-3,3
50268,101,99,2,2
50269,97,84,13,13
50270,81,84,-3,3
50271,150,158,-8,8
50272,76,101,-25,25
50273,87,90,-3,3
50274,101,117,-16,16
50275,51,54,-3,3
50276,99,96,3,3
50277,76,75,1,1
50278,170,158,12,12
50279,129,108,21,21
50280,73,75,-2,2
50281,172,176,-4,4
50282,142,134,8,8
50283,104,102,2,2
50284,125,119,6,6
50285,51,55,-4,4
50286,127,126,1,1
50287,150,135,15,15
50288,71,76,-5,5
50289,129,133,-4,4
50290,92,99,-7,7
50291,83,79,4,4
50292,82,83,-1,1
50293,143,149,-6,6
50294,105,101,4,4
50295,60,62,-2,2
50296,79,82,-3,3
50297,26,32,-6,6
50298,131,115,16,16
50299,90,84,6,6
50300,72,72,0,0
50301,62,66,-4,4
50302,76,70,6,6
50303,138,134,4,4
50304,81,81,0,0
50305,108,100,8,8
50306,88,95,-7,7
50307,115,118,-3,3
50308,123,116,7,7
50309,89,94,-5,5
50310,123,121,2,2
50311,104,96,8,8
50312,67,65,2,2
50313,82,88,-6,6
50314,68,67,1,1
50315,72,69,3,3
50316,92,89,3,3
50317,60,61,-1,1
50318,76,89,-13,13
50319,91,98,-7,7
50320,95,83,12,12
50321,101,103,-2,2
50322,96,97,-1,1
50323,122,116,6,6
50324,139,136,3,3
50325,141,115,26,26
50326,89,81,8,8
50327,103,116,-13,13
50328,51,61,-10,10
50329,75,82,-7,7
50330,107,108,-1,1
50331,64,68,-4,4
50332,54,55,-1,1
50333,90,86,4,4
50334,75,80,-5,5
50335,136,126,10,10
50336,99,108,-9,9
50337,128,137,-9,9
50338,125,104,21,21
50339,131,118,13,13
50340,61,49,12,12
50341,60,61,-1,1
50342,70,81,-11,11
50343,136,138,-2,2
50344,91,79,12,12
50345,74,70,4,4
50346,63,72,-9,9
50347,113,103,10,10
50348,78,66,12,12
50349,208,188,20,20
50350,153,146,7,7
50351,154,153,1,1
50352,92,89,3,3
50353,61,63,-2,2
50354,88,91,-3,3
50355,53,68,-15,15
50356,60,61,-1,1
50357,101,94,7,7
50358,108,107,1,1
50359,70,65,5,5
50360,73,69,4,4
50361,86,85,1,1
50362,63,65,-2,2
50363,105,106,-1,1
50364,72,65,7,7
50365,145,132,13,13
50366,71,72,-1,1
50367,148,137,11,11
50368,68,74,-6,6
50369,158,145,13,13
50370,176,167,9,9
50371,98,83,15,15
50372,151,140,11,11
50373,72,88,-16,16
50374,48,53,-5,5
50375,77,75,2,2
50376,65,67,-2,2
50377,107,108,-1,1
50378,93,84,9,9
50379,103,110,-7,7
50380,95,90,5,5
50381,45,51,-6,6
50382,148,144,4,4
50383,130,126,4,4
50384,123,117,6,6
50385,91,90,1,1
50386,127,151,-24,24
50387,66,73,-7,7
50388,71,70,1,1
50389,133,125,8,8
50390,111,120,-9,9
50391,92,100,-8,8
50392,72,72,0,0
50393,70,69,1,1
50394,158,152,6,6
50395,56,56,0,0
50396,63,68,-5,5
50397,73,72,1,1
50398,170,155,15,15
50399,118,122,-4,4
50400,83,89,-6,6
50401,59,66,-7,7
50402,95,79,16,16
50403,79,63,16,16
50404,79,76,3,3
50405,103,120,-17,17
50406,127,123,4,4
50407,93,96,-3,3
50408,82,80,2,2
50409,48,50,-2,2
50410,90,92,-2,2
50411,76,67,9,9
50412,91,94,-3,3
50413,43,49,-6,6
50414,66,71,-5,5
50415,55,61,-6,6
50416,93,91,2,2
50417,102,95,7,7
50418,56,57,-1,1
50419,91,87,4,4
50420,126,129,-3,3
50421,78,83,-5,5
50422,81,79,2,2
50423,103,101,2,2
50424,114,106,8,8
50425,103,102,1,1
50426,137,138,-1,1
50427,111,107,4,4
50428,71,73,-2,2
50429,99,84,15,15
50430,118,114,4,4
50431,145,134,11,11
50432,83,78,5,5
50433,59,56,3,3
50434,79,82,-3,3
50435,60,58,2,2
50436,59,58,1,1
50437,109,112,-3,3
50438,74,79,-5,5
50439,125,132,-7,7
50440,112,98,14,14
50441,74,74,0,0
50442,149,140,9,9
50443,79,88,-9,9
50444,76,76,0,0
50445,124,117,7,7
50446,62,65,-3,3
50447,59,74,-15,15
50448,190,175,15,15
50449,62,79,-17,17
50450,105,114,-9,9
50451,97,76,21,21
50452,128,123,5,5
50453,113,111,2,2
50454,98,87,11,11
50455,37,43,-6,6
50456,136,132,4,4
50457,79,90,-11,11
50458,47,56,-9,9
50459,98,84,14,14
50460,101,104,-3,3
50461,87,84,3,3
50462,49,59,-10,10
50463,88,75,13,13
50464,92,86,6,6
50465,128,123,5,5
50466,111,105,6,6
50467,106,102,4,4
50468,57,64,-7,7
50469,95,103,-8,8
50470,60,57,3,3
50471,131,119,12,12
50472,88,78,10,10
50473,83,84,-1,1
50474,109,105,4,4
50475,114,114,0,0
50476,84,85,-1,1
50477,85,83,2,2
50478,86,85,1,1
50479,76,77,-1,1
50480,112,98,14,14
50481,106,111,-5,5
50482,56,61,-5,5
50483,120,124,-4,4
50484,53,60,-7,7
50485,32,54,-22,22
50486,184,182,2,2
50487,82,74,8,8
50488,66,67,-1,1
50489,67,76,-9,9
50490,123,123,0,0
50491,123,120,3,3
50492,146,126,20,20
50493,74,76,-2,2
50494,113,103,10,10
50495,102,105,-3,3
50496,143,129,14,14
50497,88,84,4,4
50498,136,127,9,9
50499,149,153,-4,4
50500,165,162,3,3
50501,59,62,-3,3
50502,87,82,5,5
50503,85,79,6,6
50504,54,61,-7,7
50505,48,53,-5,5
50506,73,68,5,5
50507,74,69,5,5
50508,125,132,-7,7
50509,71,66,5,5
50510,36,40,-4,4
50511,127,111,16,16
50512,71,68,3,3
50513,92,86,6,6
50514,55,57,-2,2
50515,62,56,6,6
50516,76,67,9,9
50517,64,63,1,1
50518,129,123,6,6
50519,147,140,7,7
50520,69,74,-5,5
50521,76,72,4,4
50522,86,85,1,1
50523,66,56,10,10
50524,76,75,1,1
50525,74,78,-4,4
50526,54,58,-4,4
50527,109,111,-2,2
50528,141,133,8,8
50529,55,60,-5,5
50530,121,105,16,16
50531,79,81,-2,2
50532,80,73,7,7
50533,156,155,1,1
50534,44,43,1,1
50535,114,102,12,12
50536,105,101,4,4
50537,73,74,-1,1
50538,84,81,3,3
50539,176,165,11,11
50540,62,60,2,2
50541,121,115,6,6
50542,114,117,-3,3
50543,87,93,-6,6
50544,77,82,-5,5
50545,64,62,2,2
50546,165,154,11,11
50547,139,145,-6,6
50548,121,117,4,4
50549,97,93,4,4
50550,193,167,26,26
50551,125,128,-3,3
50552,76,91,-15,15
50553,54,51,3,3
50554,134,138,-4,4
50555,72,75,-3,3
50556,96,92,4,4
50557,37,36,1,1
50558,125,116,9,9
50559,87,78,9,9
50560,33,44,-11,11
50561,71,70,1,1
50562,53,56,-3,3
50563,59,63,-4,4
50564,110,102,8,8
50565,82,83,-1,1
50566,110,105,5,5
50567,64,59,5,5
50568,65,69,-4,4
50569,134,123,11,11
50570,58,62,-4,4
50571,90,96,-6,6
50572,79,81,-2,2
50573,66,86,-20,20
50574,88,100,-12,12
50575,89,122,-33,33
50576,124,122,2,2
50577,111,106,5,5
50578,144,128,16,16
50579,131,133,-2,2
50580,133,128,5,5
50581,104,102,2,2
50582,63,69,-6,6
50583,72,64,8,8
50584,76,73,3,3
50585,59,54,5,5
50586,110,101,9,9
50587,69,68,1,1
50588,112,108,4,4
50589,41,55,-14,14
50590,135,128,7,7
50591,101,121,-20,20
50592,86,80,6,6
50593,116,123,-7,7
50594,88,84,4,4
50595,74,84,-10,10
50596,41,51,-10,10
50597,91,100,-9,9
50598,164,154,10,10
50599,58,54,4,4
50600,203,176,27,27
50601,84,87,-3,3
50602,91,76,15,15
50603,98,100,-2,2
50604,123,129,-6,6
50605,63,58,5,5
50606,88,79,9,9
50607,92,100,-8,8
50608,117,114,3,3
50609,72,64,8,8
50610,69,69,0,0
50611,77,75,2,2
50612,77,75,2,2
50613,73,71,2,2
50614,94,91,3,3
50615,118,114,4,4
50616,98,95,3,3
50617,82,82,0,0
50618,137,122,15,15
50619,84,95,-11,11
50620,113,108,5,5
50621,145,128,17,17
50622,67,68,-1,1
50623,101,103,-2,2
50624,37,63,-26,26
50625,49,57,-8,8
50626,63,69,-6,6
50627,76,74,2,2
50628,216,186,30,30
50629,138,139,-1,1
50630,96,97,-1,1
50631,76,84,-8,8
50632,66,66,0,0
50633,55,53,2,2
50634,92,89,3,3
50635,83,85,-2,2
50636,107,124,-17,17
50637,124,113,11,11
50638,78,74,4,4
50639,149,148,1,1
50640,154,150,4,4
50641,67,65,2,2
50642,82,81,1,1
50643,99,102,-3,3
50644,107,108,-1,1
50645,156,149,7,7
50646,174,194,-20,20
50647,103,100,3,3
50648,116,116,0,0
50649,44,36,8,8
50650,108,106,2,2
50651,94,104,-10,10
50652,63,71,-8,8
50653,95,91,4,4
50654,57,60,-3,3
50655,72,73,-1,1
50656,72,70,2,2
50657,101,101,0,0
50658,94,117,-23,23
50659,86,74,12,12
50660,157,147,10,10
50661,56,58,-2,2
50662,77,79,-2,2
50663,76,84,-8,8
50664,164,162,2,2
50665,68,77,-9,9
50666,65,73,-8,8
50667,124,125,-1,1
50668,62,64,-2,2
50669,138,126,12,12
50670,146,139,7,7
50671,135,152,-17,17
50672,124,114,10,10
50673,105,99,6,6
50674,71,68,3,3
50675,84,81,3,3
50676,84,75,9,9
50677,70,68,2,2
50678,112,103,9,9
50679,127,128,-1,1
50680,51,130,-79,79
50681,104,102,2,2
50682,96,103,-7,7
50683,97,84,13,13
50684,72,76,-4,4
50685,117,111,6,6
50686,115,127,-12,12
50687,76,79,-3,3
50688,98,101,-3,3
50689,70,75,-5,5
50690,97,103,-6,6
50691,131,145,-14,14
50692,50,53,-3,3
50693,68,68,0,0
50694,64,61,3,3
50695,103,105,-2,2
50696,48,47,1,1
50697,106,102,4,4
50698,80,81,-1,1
50699,131,130,1,1
50700,59,63,-4,4
50701,196,187,9,9
50702,143,150,-7,7
50703,74,70,4,4
50704,69,75,-6,6
50705,70,75,-5,5
50706,114,102,12,12
50707,70,69,1,1
50708,42,51,-9,9
50709,112,121,-9,9
50710,79,72,7,7
50711,159,155,4,4
50712,121,105,16,16
50713,69,73,-4,4
50714,93,81,12,12
50715,90,87,3,3
50716,91,96,-5,5
50717,65,69,-4,4
50718,136,143,-7,7
50719,65,71,-6,6
50720,51,60,-9,9
50721,131,119,12,12
50722,81,82,-1,1
50723,60,119,-59,59
50724,99,93,6,6
50725,37,72,-35,35
50726,131,121,10,10
50727,164,140,24,24
50728,63,68,-5,5
50729,208,188,20,20
50730,40,51,-11,11
50731,94,103,-9,9
50732,114,113,1,1
50733,72,77,-5,5
50734,83,75,8,8
50735,65,69,-4,4
50736,124,128,-4,4
50737,45,50,-5,5
50738,78,76,2,2
50739,139,129,10,10
50740,63,66,-3,3
50741,88,90,-2,2
50742,81,82,-1,1
50743,79,68,11,11
50744,106,101,5,5
50745,129,122,7,7
50746,107,111,-4,4
50747,67,75,-8,8
50748,119,117,2,2
50749,96,100,-4,4
50750,96,85,11,11
50751,64,69,-5,5
50752,110,108,2,2
50753,122,126,-4,4
50754,159,160,-1,1
50755,84,85,-1,1
50756,78,73,5,5
50757,186,187,-1,1
50758,77,76,1,1
50759,95,86,9,9
50760,78,76,2,2
50761,84,103,-19,19
50762,115,108,7,7
50763,104,105,-1,1
50764,84,77,7,7
50765,94,85,9,9
50766,103,93,10,10
50767,120,117,3,3
50768,80,84,-4,4
50769,63,56,7,7
50770,113,120,-7,7
50771,82,90,-8,8
50772,111,110,1,1
50773,103,104,-1,1
50774,122,118,4,4
50775,81,81,0,0
50776,141,141,0,0
50777,122,121,1,1
50778,136,131,5,5
50779,67,72,-5,5
50780,91,103,-12,12
50781,86,86,0,0
50782,97,87,10,10
50783,42,67,-25,25
50784,63,69,-6,6
50785,118,115,3,3
50786,81,88,-7,7
50787,62,60,2,2
50788,55,63,-8,8
50789,89,92,-3,3
50790,71,73,-2,2
50791,57,63,-6,6
50792,83,84,-1,1
50793,153,143,10,10
50794,106,99,7,7
50795,122,108,14,14
50796,76,76,0,0
50797,90,92,-2,2
50798,70,81,-11,11
50799,33,34,-1,1
50800,83,79,4,4
50801,50,59,-9,9
50802,118,111,7,7
50803,115,108,7,7
50804,45,40,5,5
50805,58,58,0,0
50806,38,43,-5,5
50807,97,106,-9,9
50808,39,49,-10,10
50809,28,33,-5,5
50810,117,119,-2,2
50811,115,109,6,6
50812,121,116,5,5
50813,105,111,-6,6
50814,88,83,5,5
50815,64,74,-10,10
50816,85,84,1,1
50817,103,87,16,16
50818,76,77,-1,1
50819,60,67,-7,7
50820,73,74,-1,1
50821,70,64,6,6
50822,54,55,-1,1
50823,83,90,-7,7
50824,77,76,1,1
50825,58,56,2,2
50826,105,92,13,13
50827,145,139,6,6
50828,119,100,19,19
50829,100,95,5,5
50830,84,85,-1,1
50831,88,78,10,10
50832,90,82,8,8
50833,65,74,-9,9
50834,131,125,6,6
50835,76,89,-13,13
50836,166,169,-3,3
50837,52,50,2,2
50838,156,157,-1,1
50839,139,151,-12,12
50840,80,76,4,4
50841,73,78,-5,5
50842,94,89,5,5
50843,83,82,1,1
50844,108,99,9,9
50845,71,72,-1,1
50846,98,106,-8,8
50847,94,89,5,5
50848,99,95,4,4
50849,29,32,-3,3
50850,85,80,5,5
50851,92,90,2,2
50852,96,98,-2,2
50853,107,100,7,7
50854,31,50,-19,19
50855,80,63,17,17
50856,86,81,5,5
50857,147,136,11,11
50858,113,116,-3,3
50859,58,57,1,1
50860,69,75,-6,6
50861,81,84,-3,3
50862,105,105,0,0
50863,146,127,19,19
50864,126,119,7,7
50865,72,70,2,2
50866,110,104,6,6
50867,140,140,0,0
50868,93,85,8,8
50869,88,85,3,3
50870,84,100,-16,16
50871,57,59,-2,2
50872,78,73,5,5
50873,76,74,2,2
50874,143,125,18,18
50875,108,138,-30,30
50876,45,59,-14,14
50877,87,94,-7,7
50878,77,79,-2,2
50879,96,117,-21,21
50880,84,80,4,4
50881,60,65,-5,5
50882,74,80,-6,6
50883,83,79,4,4
50884,69,68,1,1
50885,58,50,8,8
50886,73,71,2,2
50887,81,84,-3,3
50888,106,94,12,12
50889,140,149,-9,9
50890,75,78,-3,3
50891,102,103,-1,1
50892,137,117,20,20
50893,63,91,-28,28
50894,80,74,6,6
50895,65,71,-6,6
50896,151,140,11,11
50897,138,137,1,1
50898,104,93,11,11
50899,142,134,8,8
50900,77,85,-8,8
50901,102,104,-2,2
50902,83,82,1,1
50903,74,81,-7,7
50904,113,109,4,4
50905,115,110,5,5
50906,86,95,-9,9
50907,66,63,3,3
50908,123,114,9,9
50909,173,165,8,8
50910,138,143,-5,5
50911,121,119,2,2
50912,187,181,6,6
50913,103,91,12,12
50914,93,150,-57,57
50915,134,128,6,6
50916,84,76,8,8
50917,140,132,8,8
50918,139,124,15,15
50919,112,122,-10,10
50920,81,79,2,2
50921,48,45,3,3
50922,111,105,6,6
50923,133,125,8,8
50924,158,147,11,11
50925,47,55,-8,8
50926,115,121,-6,6
50927,59,68,-9,9
50928,136,127,9,9
50929,86,90,-4,4
50930,89,97,-8,8
50931,104,105,-1,1
50932,88,87,1,1
50933,68,71,-3,3
50934,105,93,12,12
50935,122,115,7,7
50936,93,84,9,9
50937,172,161,11,11
50938,77,82,-5,5
50939,141,132,9,9
50940,106,109,-3,3
50941,102,107,-5,5
50942,136,124,12,12
50943,83,76,7,7
50944,60,67,-7,7
50945,90,102,-12,12
50946,69,72,-3,3
50947,96,91,5,5
50948,101,101,0,0
50949,90,78,12,12
50950,95,99,-4,4
50951,80,90,-10,10
50952,91,92,-1,1
50953,125,116,9,9
50954,85,79,6,6
50955,129,128,1,1
50956,117,120,-3,3
50957,77,77,0,0
50958,82,85,-3,3
50959,135,127,8,8
50960,120,114,6,6
50961,89,79,10,10
50962,161,158,3,3
50963,70,73,-3,3
50964,60,67,-7,7
50965,172,163,9,9
50966,136,129,7,7
50967,86,80,6,6
50968,106,111,-5,5
50969,107,113,-6,6
50970,98,99,-1,1
50971,120,143,-23,23
50972,158,153,5,5
50973,61,61,0,0
50974,101,96,5,5
50975,94,95,-1,1
50976,60,70,-10,10
50977,68,70,-2,2
50978,99,90,9,9
50979,56,54,2,2
50980,110,98,12,12
50981,102,101,1,1
50982,83,83,0,0
50983,92,91,1,1
50984,77,70,7,7
50985,125,135,-10,10
50986,79,73,6,6
50987,67,67,0,0
50988,113,108,5,5
50989,122,122,0,0
50990,131,126,5,5
50991,104,97,7,7
50992,89,105,-16,16
50993,92,91,1,1
50994,217,155,62,62
50995,45,46,-1,1
50996,69,79,-10,10
50997,112,116,-4,4
50998,146,121,25,25
50999,95,96,-1,1
51000,91,93,-2,2
51001,70,73,-3,3
51002,75,85,-10,10
51003,95,94,1,1
51004,112,99,13,13
51005,58,61,-3,3
51006,54,55,-1,1
51007,94,98,-4,4
51008,108,99,9,9
51009,89,90,-1,1
51010,90,87,3,3
51011,129,124,5,5
51012,105,97,8,8
51013,94,87,7,7
51014,132,146,-14,14
51015,95,93,2,2
51016,68,61,7,7
51017,97,87,10,10
51018,128,118,10,10
51019,116,118,-2,2
51020,93,93,0,0
51021,89,79,10,10
51022,176,179,-3,3
51023,172,174,-2,2
51024,54,53,1,1
51025,60,67,-7,7
51026,39,58,-19,19
51027,96,83,13,13
51028,60,77,-17,17
51029,52,52,0,0
51030,105,102,3,3
51031,137,138,-1,1
51032,151,136,15,15
51033,108,120,-12,12
51034,100,97,3,3
51035,68,74,-6,6
51036,99,100,-1,1
51037,100,98,2,2
51038,112,104,8,8
51039,78,71,7,7
51040,110,108,2,2
51041,70,66,4,4
51042,122,115,7,7
51043,72,77,-5,5
51044,191,176,15,15
51045,106,106,0,0
51046,102,100,2,2
51047,130,117,13,13
51048,83,80,3,3
51049,70,71,-1,1
51050,93,99,-6,6
51051,98,90,8,8
51052,72,71,1,1
51053,121,109,12,12
51054,157,148,9,9
51055,72,79,-7,7
51056,88,86,2,2
51057,109,107,2,2
51058,129,118,11,11
51059,185,171,14,14
51060,82,87,-5,5
51061,45,42,3,3
51062,47,53,-6,6
51063,75,80,-5,5
51064,107,94,13,13
51065,73,77,-4,4
51066,90,86,4,4
51067,69,82,-13,13
51068,100,108,-8,8
51069,87,80,7,7
51070,56,57,-1,1
51071,83,76,7,7
51072,140,140,0,0
51073,64,56,8,8
51074,97,94,3,3
51075,86,82,4,4
51076,129,115,14,14
51077,119,109,10,10
51078,85,83,2,2
51079,109,101,8,8
51080,92,88,4,4
51081,152,133,19,19
51082,74,78,-4,4
51083,147,195,-48,48
51084,117,116,1,1
51085,85,95,-10,10
51086,115,124,-9,9
51087,96,89,7,7
51088,109,107,2,2
51089,70,74,-4,4
51090,107,100,7,7
51091,71,80,-9,9
51092,80,82,-2,2
51093,117,111,6,6
51094,149,149,0,0
51095,74,73,1,1
51096,100,92,8,8
51097,131,137,-6,6
51098,100,98,2,2
51099,72,68,4,4
51100,92,107,-15,15
51101,68,67,1,1
51102,71,77,-6,6
51103,60,57,3,3
51104,74,76,-2,2
51105,114,110,4,4
51106,44,46,-2,2
51107,104,113,-9,9
51108,143,141,2,2
51109,159,143,16,16
51110,76,76,0,0
51111,93,89,4,4
51112,91,89,2,2
51113,91,91,0,0
51114,188,169,19,19
51115,85,82,3,3
51116,58,51,7,7
51117,115,108,7,7
51118,51,53,-2,2
51119,49,51,-2,2
51120,108,111,-3,3
51121,92,93,-1,1
51122,102,107,-5,5
51123,113,109,4,4
51124,100,96,4,4
51125,80,73,7,7
51126,109,116,-7,7
51127,72,72,0,0
51128,91,95,-4,4
51129,93,90,3,3
51130,44,46,-2,2
51131,104,108,-4,4
51132,50,62,-12,12
51133,76,80,-4,4
51134,53,51,2,2
51135,119,112,7,7
51136,105,94,11,11
51137,110,123,-13,13
51138,148,149,-1,1
51139,105,95,10,10
51140,139,129,10,10
51141,97,83,14,14
51142,113,101,12,12
51143,85,81,4,4
51144,113,106,7,7
51145,60,62,-2,2
51146,66,62,4,4
51147,115,109,6,6
51148,30,64,-34,34
51149,76,73,3,3
51150,73,78,-5,5
51151,72,79,-7,7
51152,141,134,7,7
51153,58,68,-10,10
51154,101,100,1,1
51155,80,71,9,9
51156,76,75,1,1
51157,118,120,-2,2
51158,97,96,1,1
51159,96,108,-12,12
51160,40,43,-3,3
51161,157,146,11,11
51162,125,119,6,6
51163,99,90,9,9
51164,66,67,-1,1
51165,117,115,2,2
51166,94,101,-7,7
51167,54,61,-7,7
51168,62,60,2,2
51169,74,71,3,3
51170,166,157,9,9
51171,142,143,-1,1
51172,81,91,-10,10
51173,110,119,-9,9
51174,114,105,9,9
51175,96,92,4,4
51176,54,56,-2,2
51177,97,98,-1,1
51178,86,100,-14,14
51179,67,74,-7,7
51180,65,65,0,0
51181,89,94,-5,5
51182,86,89,-3,3
51183,71,74,-3,3
51184,146,143,3,3
51185,81,72,9,9
51186,108,104,4,4
51187,116,115,1,1
51188,90,94,-4,4
51189,108,98,10,10
51190,127,120,7,7
51191,60,65,-5,5
51192,66,61,5,5
51193,180,170,10,10
51194,52,52,0,0
51195,93,91,2,2
51196,127,127,0,0
51197,96,85,11,11
51198,110,97,13,13
51199,102,107,-5,5
51200,110,106,4,4
51201,72,66,6,6
51202,161,151,10,10
51203,89,79,10,10
51204,78,76,2,2
51205,77,83,-6,6
51206,80,78,2,2
51207,78,78,0,0
51208,135,119,16,16
51209,88,79,9,9
51210,102,85,17,17
51211,73,74,-1,1
51212,101,99,2,2
51213,84,80,4,4
51214,87,82,5,5
51215,79,83,-4,4
51216,84,84,0,0
51217,140,136,4,4
51218,106,110,-4,4
51219,75,68,7,7
51220,94,90,4,4
51221,79,83,-4,4
51222,93,88,5,5
51223,155,150,5,5
51224,97,100,-3,3
51225,109,121,-12,12
51226,115,103,12,12
51227,126,118,8,8
51228,90,93,-3,3
51229,72,75,-3,3
51230,63,59,4,4
51231,105,102,3,3
51232,68,69,-1,1
51233,143,135,8,8
51234,116,119,-3,3
51235,121,124,-3,3
51236,130,107,23,23
51237,75,73,2,2
51238,70,76,-6,6
51239,109,96,13,13
51240,98,92,6,6
51241,106,87,19,19
51242,76,77,-1,1
51243,60,55,5,5
51244,68,74,-6,6
51245,165,147,18,18
51246,90,104,-14,14
51247,178,163,15,15
51248,79,80,-1,1
51249,72,65,7,7
51250,87,83,4,4
51251,82,78,4,4
51252,57,59,-2,2
51253,110,111,-1,1
51254,111,111,0,0
51255,70,79,-9,9
51256,112,113,-1,1
51257,52,51,1,1
51258,94,85,9,9
51259,97,99,-2,2
51260,66,66,0,0
51261,67,74,-7,7
51262,66,72,-6,6
51263,107,106,1,1
51264,156,188,-32,32
51265,40,86,-46,46
51266,60,66,-6,6
51267,109,130,-21,21
51268,62,65,-3,3
51269,126,114,12,12
51270,96,96,0,0
51271,106,93,13,13
51272,109,97,12,12
51273,77,75,2,2
51274,70,67,3,3
51275,75,98,-23,23
51276,194,184,10,10
51277,24,29,-5,5
51278,94,92,2,2
51279,102,91,11,11
51280,126,119,7,7
51281,150,128,22,22
51282,126,123,3,3
51283,82,88,-6,6
51284,92,103,-11,11
51285,87,87,0,0
51286,122,132,-10,10
51287,129,131,-2,2
51288,93,88,5,5
51289,62,69,-7,7
51290,148,148,0,0
51291,73,74,-1,1
51292,114,103,11,11
51293,82,80,2,2
51294,99,101,-2,2
51295,181,161,20,20
51296,158,143,15,15
51297,100,102,-2,2
51298,143,135,8,8
51299,118,118,0,0
51300,85,81,4,4
51301,127,130,-3,3
51302,83,88,-5,5
51303,95,89,6,6
51304,63,58,5,5
51305,76,74,2,2
51306,111,119,-8,8
51307,69,73,-4,4
51308,100,87,13,13
51309,47,50,-3,3
51310,83,88,-5,5
51311,85,84,1,1
51312,74,75,-1,1
51313,53,71,-18,18
51314,75,78,-3,3
51315,71,84,-13,13
51316,108,103,5,5
51317,71,74,-3,3
51318,121,118,3,3
51319,100,107,-7,7
51320,113,116,-3,3
51321,86,78,8,8
51322,86,75,11,11
51323,115,111,4,4
51324,38,37,1,1
51325,140,131,9,9
51326,119,122,-3,3
51327,104,103,1,1
51328,135,117,18,18
51329,147,130,17,17
51330,116,107,9,9
51331,137,129,8,8
51332,86,85,1,1
51333,96,94,2,2
51334,76,72,4,4
51335,64,60,4,4
51336,57,55,2,2
51337,90,102,-12,12
51338,56,73,-17,17
51339,84,93,-9,9
51340,109,100,9,9
51341,124,121,3,3
51342,138,124,14,14
51343,73,72,1,1
51344,98,94,4,4
51345,93,80,13,13
51346,51,43,8,8
51347,54,55,-1,1
51348,62,64,-2,2
51349,126,124,2,2
51350,85,81,4,4
51351,86,73,13,13
51352,67,63,4,4
51353,80,83,-3,3
51354,55,62,-7,7
51355,115,110,5,5
51356,71,71,0,0
51357,86,81,5,5
51358,120,116,4,4
51359,94,88,6,6
51360,71,72,-1,1
51361,106,117,-11,11
51362,101,94,7,7
51363,41,47,-6,6
51364,77,70,7,7
51365,130,124,6,6
51366,154,144,10,10
51367,102,90,12,12
51368,56,58,-2,2
51369,108,102,6,6
51370,74,76,-2,2
51371,33,101,-68,68
51372,109,106,3,3
51373,113,107,6,6
51374,115,115,0,0
51375,73,75,-2,2
51376,60,71,-11,11
51377,115,107,8,8
51378,85,89,-4,4
51379,121,107,14,14
51380,128,123,5,5
51381,76,85,-9,9
51382,158,154,4,4
51383,109,106,3,3
51384,47,51,-4,4
51385,76,71,5,5
51386,75,68,7,7
51387,92,82,10,10
51388,92,94,-2,2
51389,110,96,14,14
51390,101,96,5,5
51391,95,87,8,8
51392,107,103,4,4
51393,96,95,1,1
51394,127,125,2,2
51395,104,103,1,1
51396,84,76,8,8
51397,44,45,-1,1
51398,112,120,-8,8
51399,94,106,-12,12
51400,65,66,-1,1
51401,67,73,-6,6
51402,106,104,2,2
51403,85,77,8,8
51404,75,84,-9,9
51405,72,69,3,3
51406,99,81,18,18
51407,63,66,-3,3
51408,157,153,4,4
51409,70,70,0,0
51410,79,72,7,7
51411,99,90,9,9
51412,100,102,-2,2
51413,152,139,13,13
51414,111,120,-9,9
51415,73,75,-2,2
51416,117,113,4,4
51417,74,74,0,0
51418,84,89,-5,5
51419,117,113,4,4
51420,70,73,-3,3
51421,72,78,-6,6
51422,62,66,-4,4
51423,90,94,-4,4
51424,123,108,15,15
51425,81,82,-1,1
51426,62,64,-2,2
51427,74,74,0,0
51428,189,170,19,19
51429,97,101,-4,4
51430,131,127,4,4
51431,66,74,-8,8
51432,131,123,8,8
51433,101,88,13,13
51434,205,194,11,11
51435,92,95,-3,3
51436,74,83,-9,9
51437,108,100,8,8
51438,78,74,4,4
51439,69,74,-5,5
51440,92,79,13,13
51441,76,77,-1,1
51442,83,77,6,6
51443,104,102,2,2
51444,85,78,7,7
51445,74,72,2,2
51446,134,137,-3,3
51447,119,112,7,7
51448,92,85,7,7
51449,88,85,3,3
51450,126,130,-4,4
51451,100,99,1,1
51452,45,56,-11,11
51453,131,120,11,11
51454,55,58,-3,3
51455,180,171,9,9
51456,133,113,20,20
51457,94,68,26,26
51458,62,80,-18,18
51459,119,114,5,5
51460,183,178,5,5
51461,88,80,8,8
51462,115,92,23,23
51463,100,88,12,12
51464,64,74,-10,10
51465,83,104,-21,21
51466,138,138,0,0
51467,62,72,-10,10
51468,193,170,23,23
51469,90,79,11,11
51470,77,85,-8,8
51471,111,104,7,7
51472,99,85,14,14
51473,118,121,-3,3
51474,131,121,10,10
51475,71,67,4,4
51476,78,79,-1,1
51477,94,85,9,9
51478,92,93,-1,1
51479,97,96,1,1
51480,89,84,5,5
51481,131,118,13,13
51482,119,98,21,21
51483,59,67,-8,8
51484,80,80,0,0
51485,116,106,10,10
51486,93,85,8,8
51487,72,78,-6,6
51488,185,163,22,22
51489,85,86,-1,1
51490,108,119,-11,11
51491,84,84,0,0
51492,100,102,-2,2
51493,109,89,20,20
51494,43,43,0,0
51495,77,77,0,0
51496,87,79,8,8
51497,121,112,9,9
51498,109,110,-1,1
51499,83,87,-4,4
51500,108,93,15,15
51501,166,142,24,24
51502,68,66,2,2
51503,112,125,-13,13
51504,103,104,-1,1
51505,106,109,-3,3
51506,33,37,-4,4
51507,56,50,6,6
51508,72,70,2,2
51509,136,133,3,3
51510,79,78,1,1
51511,143,124,19,19
51512,103,96,7,7
51513,75,77,-2,2
51514,73,73,0,0
51515,68,70,-2,2
51516,68,80,-12,12
51517,102,85,17,17
51518,83,81,2,2
51519,70,79,-9,9
51520,88,83,5,5
51521,124,120,4,4
51522,111,110,1,1
51523,103,106,-3,3
51524,104,99,5,5
51525,122,117,5,5
51526,119,118,1,1
51527,71,102,-31,31
51528,196,192,4,4
51529,70,68,2,2
51530,70,89,-19,19
51531,88,83,5,5
51532,122,116,6,6
51533,102,91,11,11
51534,119,111,8,8
51535,138,129,9,9
51536,165,151,14,14
51537,94,102,-8,8
51538,52,55,-3,3
51539,86,81,5,5
51540,63,69,-6,6
51541,92,81,11,11
51542,65,63,2,2
51543,47,44,3,3
51544,62,61,1,1
51545,79,89,-10,10
51546,166,135,31,31
51547,96,87,9,9
51548,120,130,-10,10
51549,117,113,4,4
51550,99,90,9,9
51551,124,128,-4,4
51552,138,125,13,13
51553,60,66,-6,6
51554,90,86,4,4
51555,76,80,-4,4
51556,113,130,-17,17
51557,129,124,5,5
51558,80,79,1,1
51559,99,95,4,4
51560,87,86,1,1
51561,74,75,-1,1
51562,70,71,-1,1
51563,50,56,-6,6
51564,83,80,3,3
51565,150,142,8,8
51566,104,99,5,5
51567,107,104,3,3
51568,101,92,9,9
51569,153,146,7,7
51570,81,79,2,2
51571,58,73,-15,15
51572,104,97,7,7
51573,64,63,1,1
51574,58,57,1,1
51575,137,135,2,2
51576,132,109,23,23
51577,110,108,2,2
51578,120,119,1,1
51579,92,91,1,1
51580,83,115,-32,32
51581,41,50,-9,9
51582,194,197,-3,3
51583,79,72,7,7
51584,65,68,-3,3
51585,126,130,-4,4
51586,125,135,-10,10
51587,148,139,9,9
51588,63,63,0,0
51589,82,84,-2,2
51590,127,120,7,7
51591,141,128,13,13
51592,98,102,-4,4
51593,140,140,0,0
51594,92,85,7,7
51595,78,84,-6,6
51596,72,75,-3,3
51597,133,118,15,15
51598,82,85,-3,3
51599,53,63,-10,10
51600,68,68,0,0
51601,135,132,3,3
51602,76,89,-13,13
51603,84,75,9,9
51604,109,104,5,5
51605,115,119,-4,4
51606,32,28,4,4
51607,202,177,25,25
51608,64,61,3,3
51609,69,69,0,0
51610,61,62,-1,1
51611,81,74,7,7
51612,81,86,-5,5
51613,103,98,5,5
51614,73,71,2,2
51615,103,118,-15,15
51616,153,153,0,0
51617,78,79,-1,1
51618,100,95,5,5
51619,136,142,-6,6
51620,58,61,-3,3
51621,75,81,-6,6
51622,130,115,15,15
51623,127,114,13,13
51624,51,60,-9,9
51625,87,76,11,11
51626,99,101,-2,2
51627,121,111,10,10
51628,83,83,0,0
51629,65,66,-1,1
51630,86,84,2,2
51631,129,126,3,3
51632,77,84,-7,7
51633,63,71,-8,8
51634,70,68,2,2
51635,75,78,-3,3
51636,75,76,-1,1
51637,132,131,1,1
51638,157,153,4,4
51639,130,133,-3,3
51640,80,82,-2,2
51641,97,100,-3,3
51642,68,68,0,0
51643,98,100,-2,2
51644,81,83,-2,2
51645,51,52,-1,1
51646,84,81,3,3
51647,79,78,1,1
51648,151,144,7,7
51649,82,82,0,0
51650,127,123,4,4
51651,63,69,-6,6
51652,97,92,5,5
51653,121,114,7,7
51654,157,147,10,10
51655,101,95,6,6
51656,160,160,0,0
51657,92,90,2,2
51658,107,113,-6,6
51659,108,94,14,14
51660,119,103,16,16
51661,61,68,-7,7
51662,112,104,8,8
51663,71,68,3,3
51664,99,100,-1,1
51665,68,76,-8,8
51666,116,123,-7,7
51667,64,72,-8,8
51668,124,127,-3,3
51669,139,131,8,8
51670,80,76,4,4
51671,157,147,10,10
51672,101,93,8,8
51673,114,107,7,7
51674,126,127,-1,1
51675,148,142,6,6
51676,77,80,-3,3
51677,187,177,10,10
51678,139,139,0,0
51679,164,153,11,11
51680,98,100,-2,2
51681,86,88,-2,2
51682,61,63,-2,2
51683,143,148,-5,5
51684,57,56,1,1
51685,52,48,4,4
51686,92,102,-10,10
51687,108,104,4,4
51688,156,137,19,19
51689,159,142,17,17
51690,157,143,14,14
51691,102,96,6,6
51692,138,125,13,13
51693,78,79,-1,1
51694,83,72,11,11
51695,108,96,12,12
51696,60,58,2,2
51697,142,119,23,23
51698,55,57,-2,2
51699,65,61,4,4
51700,125,120,5,5
51701,90,90,0,0
51702,74,75,-1,1
51703,156,147,9,9
51704,76,75,1,1
51705,94,98,-4,4
51706,84,80,4,4
51707,84,77,7,7
51708,68,77,-9,9
51709,144,137,7,7
51710,74,71,3,3
51711,104,105,-1,1
51712,98,75,23,23
51713,92,89,3,3
51714,106,104,2,2
51715,94,89,5,5
51716,91,94,-3,3
51717,61,44,17,17
51718,77,76,1,1
51719,71,75,-4,4
51720,98,94,4,4
51721,73,79,-6,6
51722,103,106,-3,3
51723,124,115,9,9
51724,135,118,17,17
51725,118,123,-5,5
51726,96,101,-5,5
51727,54,59,-5,5
51728,112,98,14,14
51729,72,77,-5,5
51730,70,76,-6,6
51731,85,79,6,6
51732,51,48,3,3
51733,106,118,-12,12
51734,113,103,10,10
51735,76,68,8,8
51736,63,73,-10,10
51737,140,121,19,19
51738,103,94,9,9
51739,163,163,0,0
51740,126,124,2,2
51741,92,100,-8,8
51742,40,40,0,0
51743,33,38,-5,5
51744,99,96,3,3
51745,113,100,13,13
51746,59,59,0,0
51747,88,104,-16,16
51748,58,60,-2,2
51749,98,95,3,3
51750,135,119,16,16
51751,92,90,2,2
51752,101,100,1,1
51753,116,109,7,7
51754,171,169,2,2
51755,98,84,14,14
51756,99,92,7,7
51757,77,72,5,5
51758,99,92,7,7
51759,61,58,3,3
51760,124,102,22,22
51761,36,36,0,0
51762,124,110,14,14
51763,89,85,4,4
51764,144,147,-3,3
51765,113,108,5,5
51766,157,146,11,11
51767,95,93,2,2
51768,101,105,-4,4
51769,76,76,0,0
51770,65,74,-9,9
51771,222,181,41,41
51772,123,116,7,7
51773,71,89,-18,18
51774,102,89,13,13
51775,96,98,-2,2
51776,105,99,6,6
51777,81,83,-2,2
51778,122,135,-13,13
51779,64,68,-4,4
51780,43,68,-25,25
51781,114,102,12,12
51782,62,67,-5,5
51783,104,112,-8,8
51784,175,183,-8,8
51785,98,108,-10,10
51786,87,82,5,5
51787,144,137,7,7
51788,76,86,-10,10
51789,125,122,3,3
51790,70,72,-2,2
51791,86,96,-10,10
51792,140,121,19,19
51793,44,54,-10,10
51794,101,94,7,7
51795,68,69,-1,1
51796,155,152,3,3
51797,125,122,3,3
51798,49,51,-2,2
51799,140,142,-2,2
51800,105,96,9,9
51801,192,194,-2,2
51802,89,74,15,15
51803,140,130,10,10
51804,140,133,7,7
51805,112,115,-3,3
51806,136,120,16,16
51807,76,82,-6,6
51808,64,71,-7,7
51809,64,76,-12,12
51810,83,84,-1,1
51811,72,68,4,4
51812,145,142,3,3
51813,113,102,11,11
51814,114,102,12,12
51815,154,138,16,16
51816,67,69,-2,2
51817,197,173,24,24
51818,61,65,-4,4
51819,99,96,3,3
51820,91,91,0,0
51821,181,154,27,27
51822,45,45,0,0
51823,55,59,-4,4
51824,183,199,-16,16
51825,106,108,-2,2
51826,57,62,-5,5
51827,133,123,10,10
51828,36,40,-4,4
51829,98,102,-4,4
51830,54,49,5,5
51831,140,139,1,1
51832,114,113,1,1
51833,99,86,13,13
51834,69,72,-3,3
51835,144,139,5,5
51836,112,120,-8,8
51837,101,93,8,8
51838,88,80,8,8
51839,88,84,4,4
51840,94,88,6,6
51841,67,66,1,1
51842,46,56,-10,10
51843,72,67,5,5
51844,80,72,8,8
51845,75,73,2,2
51846,94,91,3,3
51847,117,119,-2,2
51848,67,71,-4,4
51849,71,74,-3,3
51850,67,82,-15,15
51851,68,62,6,6
51852,91,87,4,4
51853,71,75,-4,4
51854,114,115,-1,1
51855,93,103,-10,10
51856,73,80,-7,7
51857,164,146,18,18
51858,132,121,11,11
51859,66,59,7,7
51860,153,128,25,25
51861,108,116,-8,8
51862,110,103,7,7
51863,156,135,21,21
51864,162,153,9,9
51865,150,146,4,4
51866,125,120,5,5
51867,61,63,-2,2
51868,95,93,2,2
51869,152,132,20,20
51870,125,127,-2,2
51871,119,104,15,15
51872,166,183,-17,17
51873,120,104,16,16
51874,58,61,-3,3
51875,45,45,0,0
51876,117,127,-10,10
51877,65,64,1,1
51878,105,110,-5,5
51879,70,70,0,0
51880,78,75,3,3
51881,91,83,8,8
51882,78,71,7,7
51883,116,131,-15,15
51884,132,114,18,18
51885,143,133,10,10
51886,117,122,-5,5
51887,147,154,-7,7
51888,63,70,-7,7
51889,80,93,-13,13
51890,98,94,4,4
51891,51,58,-7,7
51892,51,52,-1,1
51893,73,68,5,5
51894,95,87,8,8
51895,100,95,5,5
51896,74,83,-9,9
51897,110,99,11,11
51898,78,78,0,0
51899,54,60,-6,6
51900,115,116,-1,1
51901,139,127,12,12
51902,73,78,-5,5
51903,67,69,-2,2
51904,76,78,-2,2
51905,108,103,5,5
51906,104,101,3,3
51907,130,126,4,4
51908,116,116,0,0
51909,57,60,-3,3
51910,102,104,-2,2
51911,108,100,8,8
51912,95,85,10,10
51913,40,43,-3,3
51914,76,82,-6,6
51915,71,67,4,4
51916,137,135,2,2
51917,118,107,11,11
51918,129,124,5,5
51919,67,74,-7,7
51920,72,73,-1,1
51921,111,118,-7,7
51922,95,94,1,1
51923,130,140,-10,10
51924,116,119,-3,3
51925,68,69,-1,1
51926,103,99,4,4
51927,95,94,1,1
51928,117,115,2,2
51929,62,51,11,11
51930,75,79,-4,4
51931,56,68,-12,12
51932,120,105,15,15
51933,113,110,3,3
51934,85,79,6,6
51935,71,94,-23,23
51936,130,134,-4,4
51937,87,91,-4,4
51938,156,146,10,10
51939,89,86,3,3
51940,61,60,1,1
51941,115,111,4,4
51942,144,130,14,14
51943,73,79,-6,6
51944,94,94,0,0
51945,102,99,3,3
51946,125,124,1,1
51947,71,66,5,5
51948,140,132,8,8
51949,143,133,10,10
51950,77,83,-6,6
51951,86,76,10,10
51952,70,67,3,3
51953,101,86,15,15
51954,82,80,2,2
51955,93,85,8,8
51956,55,60,-5,5
51957,138,145,-7,7
51958,88,85,3,3
51959,81,83,-2,2
51960,176,155,21,21
51961,90,94,-4,4
51962,52,59,-7,7
51963,97,92,5,5
51964,45,55,-10,10
51965,114,118,-4,4
51966,155,148,7,7
51967,151,171,-20,20
51968,60,65,-5,5
51969,82,75,7,7
51970,96,93,3,3
51971,126,113,13,13
51972,90,86,4,4
51973,83,69,14,14
51974,72,78,-6,6
51975,139,128,11,11
51976,137,138,-1,1
51977,119,116,3,3
51978,115,99,16,16
51979,76,74,2,2
51980,80,96,-16,16
51981,101,94,7,7
51982,92,87,5,5
51983,65,67,-2,2
51984,89,89,0,0
51985,72,70,2,2
51986,45,47,-2,2
51987,69,70,-1,1
51988,81,79,2,2
51989,95,93,2,2
51990,76,77,-1,1
51991,49,44,5,5
51992,97,99,-2,2
51993,90,88,2,2
51994,130,126,4,4
51995,74,80,-6,6
51996,46,58,-12,12
51997,74,79,-5,5
51998,108,101,7,7
51999,115,119,-4,4
52000,37,47,-10,10
52001,79,75,4,4
52002,75,77,-2,2
52003,174,153,21,21
52004,107,102,5,5
52005,53,51,2,2
52006,83,82,1,1
52007,60,59,1,1
52008,98,102,-4,4
52009,57,61,-4,4
52010,54,57,-3,3
52011,83,78,5,5
52012,182,198,-16,16
52013,107,115,-8,8
52014,89,97,-8,8
52015,105,102,3,3
52016,109,111,-2,2
52017,141,125,16,16
52018,121,123,-2,2
52019,91,105,-14,14
52020,117,111,6,6
52021,58,58,0,0
52022,80,69,11,11
52023,88,88,0,0
52024,80,80,0,0
52025,146,140,6,6
52026,105,102,3,3
52027,128,139,-11,11
52028,79,76,3,3
52029,123,125,-2,2
52030,85,81,4,4
52031,77,73,4,4
52032,70,68,2,2
52033,100,100,0,0
52034,71,69,2,2
52035,123,115,8,8
52036,85,87,-2,2
52037,113,115,-2,2
52038,98,91,7,7
52039,67,76,-9,9
52040,130,135,-5,5
52041,176,156,20,20
52042,117,112,5,5
52043,130,121,9,9
52044,114,108,6,6
52045,108,109,-1,1
52046,111,116,-5,5
52047,91,85,6,6
52048,153,138,15,15
52049,83,90,-7,7
52050,91,91,0,0
52051,103,103,0,0
52052,123,121,2,2
52053,57,63,-6,6
52054,115,110,5,5
52055,86,91,-5,5
52056,147,136,11,11
52057,116,130,-14,14
52058,87,84,3,3
52059,81,81,0,0
52060,58,55,3,3
52061,97,84,13,13
52062,138,143,-5,5
52063,74,72,2,2
52064,60,72,-12,12
52065,94,93,1,1
52066,150,143,7,7
52067,143,138,5,5
52068,72,73,-1,1
52069,80,83,-3,3
52070,94,93,1,1
52071,85,83,2,2
52072,108,101,7,7
52073,106,93,13,13
52074,86,86,0,0
52075,160,148,12,12
52076,84,81,3,3
52077,78,71,7,7
52078,89,91,-2,2
52079,76,82,-6,6
52080,57,51,6,6
52081,93,91,2,2
52082,92,95,-3,3
52083,79,97,-18,18
52084,105,104,1,1
52085,146,139,7,7
52086,79,84,-5,5
52087,96,96,0,0
52088,97,95,2,2
52089,74,74,0,0
52090,79,84,-5,5
52091,90,85,5,5
52092,133,130,3,3
52093,81,82,-1,1
52094,140,132,8,8
52095,20,20,0,0
52096,42,96,-54,54
52097,178,154,24,24
52098,57,68,-11,11
52099,91,95,-4,4
52100,125,138,-13,13
52101,77,73,4,4
52102,73,75,-2,2
52103,96,100,-4,4
52104,63,63,0,0
52105,75,76,-1,1
52106,117,111,6,6
52107,135,132,3,3
52108,105,110,-5,5
52109,141,137,4,4
52110,123,108,15,15
52111,71,87,-16,16
52112,108,93,15,15
52113,104,106,-2,2
52114,108,108,0,0
52115,93,90,3,3
52116,102,96,6,6
52117,99,85,14,14
52118,95,99,-4,4
52119,53,55,-2,2
52120,117,103,14,14
52121,79,87,-8,8
52122,55,65,-10,10
52123,163,160,3,3
52124,53,54,-1,1
52125,80,76,4,4
52126,124,116,8,8
52127,75,70,5,5
52128,133,129,4,4
52129,83,81,2,2
52130,54,63,-9,9
52131,52,56,-4,4
52132,67,72,-5,5
52133,75,73,2,2
52134,106,99,7,7
52135,140,134,6,6
52136,124,126,-2,2
52137,65,71,-6,6
52138,94,100,-6,6
52139,108,108,0,0
52140,132,114,18,18
52141,123,117,6,6
52142,73,82,-9,9
52143,246,226,20,20
52144,91,79,12,12
52145,48,53,-5,5
52146,109,97,12,12
52147,120,108,12,12
52148,71,66,5,5
52149,44,44,0,0
52150,83,78,5,5
52151,77,70,7,7
52152,108,100,8,8
52153,76,74,2,2
52154,116,101,15,15
52155,98,109,-11,11
52156,114,103,11,11
52157,142,125,17,17
52158,92,103,-11,11
52159,82,77,5,5
52160,86,83,3,3
52161,65,70,-5,5
52162,91,85,6,6
52163,158,159,-1,1
52164,79,76,3,3
52165,89,81,8,8
52166,54,50,4,4
52167,144,124,20,20
52168,167,169,-2,2
52169,94,102,-8,8
52170,75,74,1,1
52171,110,119,-9,9
52172,113,106,7,7
52173,63,67,-4,4
52174,138,131,7,7
52175,101,99,2,2
52176,99,108,-9,9
52177,98,100,-2,2
52178,138,152,-14,14
52179,116,116,0,0
52180,53,66,-13,13
52181,97,97,0,0
52182,79,68,11,11
52183,94,105,-11,11
52184,72,79,-7,7
52185,104,108,-4,4
52186,113,101,12,12
52187,105,110,-5,5
52188,84,81,3,3
52189,66,70,-4,4
52190,75,75,0,0
52191,106,104,2,2
52192,100,93,7,7
52193,75,83,-8,8
52194,45,44,1,1
52195,126,130,-4,4
52196,102,95,7,7
52197,108,107,1,1
52198,99,92,7,7
52199,146,136,10,10
52200,107,108,-1,1
52201,105,113,-8,8
52202,58,54,4,4
52203,114,120,-6,6
52204,151,131,20,20
52205,72,74,-2,2
52206,79,73,6,6
52207,131,119,12,12
52208,91,88,3,3
52209,52,55,-3,3
52210,81,69,12,12
52211,85,70,15,15
52212,96,87,9,9
52213,42,48,-6,6
52214,73,68,5,5
52215,100,93,7,7
52216,104,100,4,4
52217,85,89,-4,4
52218,67,74,-7,7
52219,71,74,-3,3
52220,100,91,9,9
52221,134,111,23,23
52222,104,107,-3,3
52223,90,81,9,9
52224,96,125,-29,29
52225,61,90,-29,29
52226,65,70,-5,5
52227,139,135,4,4
52228,46,43,3,3
52229,70,71,-1,1
52230,142,133,9,9
52231,90,88,2,2
52232,112,102,10,10
52233,113,103,10,10
52234,59,66,-7,7
52235,111,105,6,6
52236,84,81,3,3
52237,74,71,3,3
52238,78,71,7,7
52239,145,148,-3,3
52240,100,118,-18,18
52241,103,96,7,7
52242,55,55,0,0
52243,93,92,1,1
52244,78,76,2,2
52245,80,76,4,4
52246,104,91,13,13
52247,66,70,-4,4
52248,68,62,6,6
52249,60,55,5,5
52250,103,117,-14,14
52251,69,69,0,0
52252,92,90,2,2
52253,48,58,-10,10
52254,54,63,-9,9
52255,54,56,-2,2
52256,58,63,-5,5
52257,160,144,16,16
52258,83,77,6,6
52259,90,82,8,8
52260,71,120,-49,49
52261,168,172,-4,4
52262,137,139,-2,2
52263,139,137,2,2
52264,74,69,5,5
52265,75,78,-3,3
52266,65,61,4,4
52267,93,79,14,14
52268,94,89,5,5
52269,65,77,-12,12
52270,110,111,-1,1
52271,29,35,-6,6
52272,91,84,7,7
52273,78,76,2,2
52274,77,75,2,2
52275,93,91,2,2
52276,158,147,11,11
52277,206,193,13,13
52278,98,99,-1,1
52279,131,124,7,7
52280,115,107,8,8
52281,129,110,19,19
52282,97,89,8,8
52283,97,88,9,9
52284,78,93,-15,15
52285,81,82,-1,1
52286,107,103,4,4
52287,80,78,2,2
52288,67,71,-4,4
52289,66,73,-7,7
52290,56,57,-1,1
52291,72,70,2,2
52292,50,57,-7,7
52293,70,101,-31,31
52294,128,119,9,9
52295,138,141,-3,3
52296,38,42,-4,4
52297,113,108,5,5
52298,168,163,5,5
52299,115,103,12,12
52300,88,84,4,4
52301,80,78,2,2
52302,124,131,-7,7
52303,190,178,12,12
52304,92,94,-2,2
52305,83,81,2,2
52306,78,80,-2,2
52307,64,60,4,4
52308,121,118,3,3
52309,74,76,-2,2
52310,59,60,-1,1
52311,200,157,43,43
52312,157,148,9,9
52313,86,84,2,2
52314,126,121,5,5
52315,75,75,0,0
52316,95,106,-11,11
52317,118,103,15,15
52318,174,161,13,13
52319,148,136,12,12
52320,70,75,-5,5
52321,99,97,2,2
52322,73,75,-2,2
52323,178,152,26,26
52324,127,122,5,5
52325,137,137,0,0
52326,35,42,-7,7
52327,58,60,-2,2
52328,104,105,-1,1
52329,85,82,3,3
52330,91,87,4,4
52331,40,41,-1,1
52332,83,81,2,2
52333,100,102,-2,2
52334,73,78,-5,5
52335,51,60,-9,9
52336,263,203,60,60
52337,87,87,0,0
52338,85,81,4,4
52339,85,84,1,1
52340,89,82,7,7
52341,176,169,7,7
52342,103,101,2,2
52343,128,135,-7,7
52344,166,166,0,0
52345,92,105,-13,13
52346,100,98,2,2
52347,98,86,12,12
52348,57,61,-4,4
52349,127,117,10,10
52350,86,85,1,1
52351,144,144,0,0
52352,60,62,-2,2
52353,113,109,4,4
52354,113,108,5,5
52355,103,100,3,3
52356,90,84,6,6
52357,56,49,7,7
52358,47,52,-5,5
52359,105,106,-1,1
52360,61,64,-3,3
52361,128,137,-9,9
52362,55,77,-22,22
52363,67,64,3,3
52364,65,67,-2,2
52365,116,108,8,8
52366,76,78,-2,2
52367,41,42,-1,1
52368,83,76,7,7
52369,82,84,-2,2
52370,50,57,-7,7
52371,81,89,-8,8
52372,57,51,6,6
52373,83,80,3,3
52374,87,94,-7,7
52375,56,55,1,1
52376,68,67,1,1
52377,71,66,5,5
52378,77,78,-1,1
52379,67,65,2,2
52380,120,106,14,14
52381,74,75,-1,1
52382,121,120,1,1
52383,73,76,-3,3
52384,53,55,-2,2
52385,68,71,-3,3
52386,95,87,8,8
52387,103,105,-2,2
52388,46,51,-5,5
52389,73,65,8,8
52390,148,140,8,8
52391,145,126,19,19
52392,105,93,12,12
52393,71,75,-4,4
52394,43,51,-8,8
52395,106,105,1,1
52396,114,112,2,2
52397,80,76,4,4
52398,64,74,-10,10
52399,125,113,12,12
52400,84,95,-11,11
52401,86,87,-1,1
52402,101,94,7,7
52403,95,88,7,7
52404,90,91,-1,1
52405,93,89,4,4
52406,62,66,-4,4
52407,146,137,9,9
52408,87,85,2,2
52409,85,77,8,8
52410,134,118,16,16
52411,82,76,6,6
52412,46,47,-1,1
52413,73,67,6,6
52414,23,37,-14,14
52415,167,152,15,15
52416,116,95,21,21
52417,112,115,-3,3
52418,227,212,15,15
52419,108,109,-1,1
52420,93,90,3,3
52421,76,79,-3,3
52422,75,76,-1,1
52423,74,80,-6,6
52424,85,74,11,11
52425,68,73,-5,5
52426,93,83,10,10
52427,143,134,9,9
52428,132,123,9,9
52429,68,69,-1,1
52430,49,61,-12,12
52431,116,106,10,10
52432,87,81,6,6
52433,114,101,13,13
52434,133,126,7,7
52435,81,76,5,5
52436,105,93,12,12
52437,88,88,0,0
52438,158,139,19,19
52439,82,75,7,7
52440,91,89,2,2
52441,158,155,3,3
52442,77,79,-2,2
52443,61,83,-22,22
52444,57,60,-3,3
52445,76,79,-3,3
52446,80,79,1,1
52447,90,97,-7,7
52448,75,67,8,8
52449,105,99,6,6
52450,99,96,3,3
52451,134,135,-1,1
52452,70,74,-4,4
52453,139,142,-3,3
52454,67,67,0,0
52455,186,166,20,20
52456,101,97,4,4
52457,142,139,3,3
52458,66,62,4,4
52459,88,81,7,7
52460,79,83,-4,4
52461,80,80,0,0
52462,103,113,-10,10
52463,133,142,-9,9
52464,21,67,-46,46
52465,98,84,14,14
52466,67,66,1,1
52467,117,138,-21,21
52468,71,71,0,0
52469,45,49,-4,4
52470,90,80,10,10
52471,122,106,16,16
52472,133,124,9,9
52473,70,68,2,2
52474,99,103,-4,4
52475,161,150,11,11
52476,123,115,8,8
52477,116,106,10,10
52478,148,130,18,18
52479,55,49,6,6
52480,107,107,0,0
52481,69,67,2,2
52482,103,118,-15,15
52483,50,50,0,0
52484,76,76,0,0
52485,98,98,0,0
52486,63,67,-4,4
52487,69,68,1,1
52488,115,112,3,3
52489,64,63,1,1
52490,80,79,1,1
52491,93,83,10,10
52492,93,91,2,2
52493,107,99,8,8
52494,91,86,5,5
52495,73,84,-11,11
52496,163,144,19,19
52497,82,76,6,6
52498,133,143,-10,10
52499,70,79,-9,9
52500,74,76,-2,2
52501,72,74,-2,2
52502,51,45,6,6
52503,192,168,24,24
52504,59,72,-13,13
52505,69,67,2,2
52506,47,49,-2,2
52507,146,156,-10,10
52508,149,132,17,17
52509,96,109,-13,13
52510,73,65,8,8
52511,143,131,12,12
52512,101,104,-3,3
52513,96,98,-2,2
52514,108,116,-8,8
52515,77,76,1,1
52516,45,52,-7,7
52517,89,94,-5,5
52518,160,148,12,12
52519,97,101,-4,4
52520,82,81,1,1
52521,80,74,6,6
52522,70,70,0,0
52523,123,112,11,11
52524,109,102,7,7
52525,162,157,5,5
52526,129,126,3,3
52527,80,76,4,4
52528,49,57,-8,8
52529,129,115,14,14
52530,79,73,6,6
52531,89,97,-8,8
52532,92,93,-1,1
52533,87,78,9,9
52534,104,92,12,12
52535,106,93,13,13
52536,169,167,2,2
52537,96,106,-10,10
52538,66,70,-4,4
52539,140,134,6,6
52540,128,118,10,10
52541,82,77,5,5
52542,128,118,10,10
52543,109,110,-1,1
52544,59,66,-7,7
52545,61,67,-6,6
52546,109,88,21,21
52547,72,78,-6,6
52548,57,65,-8,8
52549,94,98,-4,4
52550,86,85,1,1
52551,57,61,-4,4
52552,142,134,8,8
52553,79,85,-6,6
52554,150,142,8,8
52555,122,131,-9,9
52556,106,110,-4,4
52557,41,45,-4,4
52558,218,197,21,21
52559,106,98,8,8
52560,80,74,6,6
52561,87,84,3,3
52562,121,126,-5,5
52563,68,67,1,1
52564,79,81,-2,2
52565,63,64,-1,1
52566,57,70,-13,13
52567,132,136,-4,4
52568,86,85,1,1
52569,92,85,7,7
52570,187,173,14,14
52571,97,91,6,6
52572,135,129,6,6
52573,126,108,18,18
52574,79,79,0,0
52575,69,78,-9,9
52576,142,143,-1,1
52577,97,89,8,8
52578,104,111,-7,7
52579,112,115,-3,3
52580,168,171,-3,3
52581,145,129,16,16
52582,137,127,10,10
52583,142,130,12,12
52584,81,78,3,3
52585,97,92,5,5
52586,90,76,14,14
52587,121,138,-17,17
52588,71,75,-4,4
52589,61,60,1,1
52590,95,111,-16,16
52591,95,116,-21,21
52592,53,65,-12,12
52593,126,127,-1,1
52594,72,79,-7,7
52595,86,77,9,9
52596,141,142,-1,1
52597,96,102,-6,6
52598,98,104,-6,6
52599,123,119,4,4
52600,46,49,-3,3
52601,95,82,13,13
52602,127,118,9,9
52603,153,131,22,22
52604,115,106,9,9
52605,104,94,10,10
52606,53,56,-3,3
52607,95,85,10,10
52608,88,84,4,4
52609,133,115,18,18
52610,88,85,3,3
52611,25,43,-18,18
52612,142,126,16,16
52613,98,106,-8,8
52614,93,86,7,7
52615,99,91,8,8
52616,152,146,6,6
52617,124,121,3,3
52618,112,117,-5,5
52619,134,119,15,15
52620,104,109,-5,5
52621,86,80,6,6
52622,117,117,0,0
52623,77,79,-2,2
52624,88,89,-1,1
52625,72,71,1,1
52626,87,106,-19,19
52627,80,78,2,2
52628,103,100,3,3
52629,136,135,1,1
52630,105,112,-7,7
52631,96,93,3,3
52632,90,80,10,10
52633,53,49,4,4
52634,77,77,0,0
52635,60,59,1,1
52636,115,120,-5,5
52637,93,87,6,6
52638,91,80,11,11
52639,162,158,4,4
52640,115,102,13,13
52641,148,155,-7,7
52642,68,65,3,3
52643,79,84,-5,5
52644,53,55,-2,2
52645,60,62,-2,2
52646,63,73,-10,10
52647,102,101,1,1
52648,111,103,8,8
52649,116,113,3,3
52650,50,50,0,0
52651,113,104,9,9
52652,46,58,-12,12
52653,62,64,-2,2
52654,112,110,2,2
52655,58,64,-6,6
52656,85,88,-3,3
52657,111,101,10,10
52658,105,104,1,1
52659,113,122,-9,9
52660,174,162,12,12
52661,125,116,9,9
52662,109,104,5,5
52663,67,68,-1,1
52664,76,68,8,8
52665,193,230,-37,37
52666,128,124,4,4
52667,88,81,7,7
52668,70,75,-5,5
52669,63,65,-2,2
52670,148,135,13,13
52671,89,95,-6,6
52672,152,149,3,3
52673,62,68,-6,6
52674,141,119,22,22
52675,48,53,-5,5
52676,185,172,13,13
52677,89,84,5,5
52678,87,83,4,4
52679,50,61,-11,11
52680,79,73,6,6
52681,124,135,-11,11
52682,109,103,6,6
52683,54,59,-5,5
52684,90,88,2,2
52685,85,83,2,2
52686,35,96,-61,61
52687,86,82,4,4
52688,47,53,-6,6
52689,103,94,9,9
52690,105,106,-1,1
52691,47,62,-15,15
52692,44,51,-7,7
52693,137,126,11,11
52694,69,75,-6,6
52695,47,49,-2,2
52696,63,66,-3,3
52697,118,119,-1,1
52698,83,84,-1,1
52699,80,92,-12,12
52700,119,100,19,19
52701,107,116,-9,9
52702,100,112,-12,12
52703,96,100,-4,4
52704,90,99,-9,9
52705,136,129,7,7
52706,142,146,-4,4
52707,82,81,1,1
52708,64,53,11,11
52709,89,88,1,1
52710,49,57,-8,8
52711,138,123,15,15
52712,74,65,9,9
52713,55,69,-14,14
52714,147,126,21,21
52715,87,88,-1,1
52716,67,79,-12,12
52717,90,79,11,11
52718,72,87,-15,15
52719,110,104,6,6
52720,166,165,1,1
52721,128,105,23,23
52722,70,75,-5,5
52723,95,98,-3,3
52724,58,55,3,3
52725,95,93,2,2
52726,78,81,-3,3
52727,99,103,-4,4
52728,79,73,6,6
52729,96,87,9,9
52730,87,81,6,6
52731,57,64,-7,7
52732,67,68,-1,1
52733,84,88,-4,4
52734,73,76,-3,3
52735,77,78,-1,1
52736,65,66,-1,1
52737,34,43,-9,9
52738,103,100,3,3
52739,117,124,-7,7
52740,73,65,8,8
52741,121,112,9,9
52742,67,72,-5,5
52743,118,99,19,19
52744,145,143,2,2
52745,83,88,-5,5
52746,105,101,4,4
52747,81,71,10,10
52748,92,91,1,1
52749,44,44,0,0
52750,104,102,2,2
52751,45,47,-2,2
52752,96,90,6,6
52753,115,117,-2,2
52754,91,94,-3,3
52755,64,77,-13,13
52756,63,61,2,2
52757,83,87,-4,4
52758,126,124,2,2
52759,57,65,-8,8
52760,209,189,20,20
52761,153,133,20,20
52762,57,61,-4,4
52763,70,68,2,2
52764,118,126,-8,8
52765,110,110,0,0
52766,63,57,6,6
52767,117,110,7,7
52768,151,126,25,25
52769,135,145,-10,10
52770,75,73,2,2
52771,121,116,5,5
52772,142,147,-5,5
52773,107,100,7,7
52774,87,86,1,1
52775,83,85,-2,2
52776,54,48,6,6
52777,120,116,4,4
52778,75,77,-2,2
52779,116,114,2,2
52780,80,80,0,0
52781,132,136,-4,4
52782,61,67,-6,6
52783,70,77,-7,7
52784,57,48,9,9
52785,137,130,7,7
52786,112,96,16,16
52787,77,77,0,0
52788,78,78,0,0
52789,94,96,-2,2
52790,85,86,-1,1
52791,61,57,4,4
52792,80,79,1,1
52793,116,104,12,12
52794,64,81,-17,17
52795,69,74,-5,5
52796,124,108,16,16
52797,78,68,10,10
52798,109,114,-5,5
52799,90,82,8,8
52800,148,146,2,2
52801,64,69,-5,5
52802,59,57,2,2
52803,42,37,5,5
52804,132,126,6,6
52805,132,125,7,7
52806,68,60,8,8
52807,173,177,-4,4
52808,73,72,1,1
52809,88,84,4,4
52810,95,87,8,8
52811,56,56,0,0
52812,83,76,7,7
52813,131,133,-2,2
52814,65,75,-10,10
52815,77,78,-1,1
52816,110,114,-4,4
52817,80,110,-30,30
52818,76,72,4,4
52819,73,76,-3,3
52820,66,69,-3,3
52821,149,132,17,17
52822,55,59,-4,4
52823,60,52,8,8
52824,151,148,3,3
52825,112,118,-6,6
52826,67,66,1,1
52827,67,83,-16,16
52828,77,84,-7,7
52829,114,119,-5,5
52830,123,132,-9,9
52831,83,81,2,2
52832,42,52,-10,10
52833,104,110,-6,6
52834,90,88,2,2
52835,107,115,-8,8
52836,153,140,13,13
52837,68,69,-1,1
52838,41,46,-5,5
52839,82,80,2,2
52840,55,58,-3,3
52841,114,101,13,13
52842,92,86,6,6
52843,90,94,-4,4
52844,70,71,-1,1
52845,75,79,-4,4
52846,112,91,21,21
52847,76,79,-3,3
52848,107,79,28,28
52849,96,94,2,2
52850,107,103,4,4
52851,46,49,-3,3
52852,103,112,-9,9
52853,122,117,5,5
52854,117,115,2,2
52855,69,80,-11,11
52856,100,102,-2,2
52857,70,62,8,8
52858,96,102,-6,6
52859,89,84,5,5
52860,112,113,-1,1
52861,93,110,-17,17
52862,104,100,4,4
52863,79,78,1,1
52864,150,137,13,13
52865,145,138,7,7
52866,135,133,2,2
52867,61,65,-4,4
52868,75,77,-2,2
52869,63,59,4,4
52870,77,79,-2,2
52871,115,122,-7,7
52872,94,87,7,7
52873,60,61,-1,1
52874,99,99,0,0
52875,162,167,-5,5
52876,89,91,-2,2
52877,84,79,5,5
52878,90,98,-8,8
52879,132,124,8,8
52880,106,98,8,8
52881,50,44,6,6
52882,66,63,3,3
52883,153,142,11,11
52884,55,56,-1,1
52885,92,85,7,7
52886,113,112,1,1
52887,54,57,-3,3
52888,132,127,5,5
52889,116,101,15,15
52890,88,215,-127,127
52891,127,121,6,6
52892,80,83,-3,3
52893,125,111,14,14
52894,108,98,10,10
52895,104,102,2,2
52896,62,71,-9,9
52897,76,80,-4,4
52898,77,82,-5,5
52899,120,118,2,2
52900,71,75,-4,4
52901,54,69,-15,15
52902,115,120,-5,5
52903,138,139,-1,1
52904,95,86,9,9
52905,31,38,-7,7
52906,46,41,5,5
52907,147,129,18,18
52908,129,134,-5,5
52909,82,70,12,12
52910,81,83,-2,2
52911,62,62,0,0
52912,140,132,8,8
52913,101,100,1,1
52914,120,104,16,16
52915,48,48,0,0
52916,132,125,7,7
52917,164,147,17,17
52918,48,62,-14,14
52919,81,91,-10,10
52920,74,77,-3,3
52921,79,89,-10,10
52922,97,98,-1,1
52923,81,86,-5,5
52924,47,53,-6,6
52925,97,101,-4,4
52926,59,67,-8,8
52927,68,64,4,4
52928,67,66,1,1
52929,66,69,-3,3
52930,143,127,16,16
52931,88,83,5,5
52932,96,93,3,3
52933,169,138,31,31
52934,106,92,14,14
52935,106,105,1,1
52936,78,77,1,1
52937,107,112,-5,5
52938,132,135,-3,3
52939,88,75,13,13
52940,68,78,-10,10
52941,104,96,8,8
52942,79,75,4,4
52943,96,87,9,9
52944,159,151,8,8
52945,133,134,-1,1
52946,81,82,-1,1
52947,67,73,-6,6
52948,86,87,-1,1
52949,75,75,0,0
52950,106,108,-2,2
52951,55,63,-8,8
52952,167,146,21,21
52953,33,34,-1,1
52954,114,122,-8,8
52955,153,134,19,19
52956,76,78,-2,2
52957,74,79,-5,5
52958,152,154,-2,2
52959,176,141,35,35
52960,86,79,7,7
52961,191,164,27,27
52962,116,114,2,2
52963,87,83,4,4
52964,133,128,5,5
52965,131,137,-6,6
52966,96,91,5,5
52967,113,115,-2,2
52968,52,55,-3,3
52969,68,79,-11,11
52970,110,106,4,4
52971,58,62,-4,4
52972,104,120,-16,16
52973,93,89,4,4
52974,118,119,-1,1
52975,92,93,-1,1
52976,77,79,-2,2
52977,43,42,1,1
52978,19,33,-14,14
52979,156,134,22,22
52980,145,142,3,3
52981,85,86,-1,1
52982,85,72,13,13
52983,121,111,10,10
52984,76,72,4,4
52985,137,143,-6,6
52986,76,76,0,0
52987,91,84,7,7
52988,93,85,8,8
52989,133,137,-4,4
52990,128,120,8,8
52991,106,105,1,1
52992,77,78,-1,1
52993,104,97,7,7
52994,82,81,1,1
52995,77,78,-1,1
52996,91,103,-12,12
52997,73,98,-25,25
52998,144,136,8,8
52999,103,96,7,7
53000,97,104,-7,7
53001,238,217,21,21
53002,87,81,6,6
53003,135,128,7,7
53004,63,67,-4,4
53005,95,89,6,6
53006,42,42,0,0
53007,69,75,-6,6
53008,98,86,12,12
53009,147,141,6,6
53010,108,112,-4,4
53011,52,53,-1,1
53012,69,67,2,2
53013,92,73,19,19
53014,129,130,-1,1
53015,83,82,1,1
53016,108,111,-3,3
53017,126,129,-3,3
53018,84,80,4,4
53019,86,75,11,11
53020,82,100,-18,18
53021,88,87,1,1
53022,101,85,16,16
53023,130,118,12,12
53024,83,84,-1,1
53025,118,127,-9,9
53026,106,102,4,4
53027,108,111,-3,3
53028,85,69,16,16
53029,133,122,11,11
53030,77,75,2,2
53031,110,102,8,8
53032,71,80,-9,9
53033,72,78,-6,6
53034,44,45,-1,1
53035,69,62,7,7
53036,106,99,7,7
53037,103,97,6,6
53038,82,75,7,7
53039,119,127,-8,8
53040,94,95,-1,1
53041,67,68,-1,1
53042,81,77,4,4
53043,102,98,4,4
53044,68,67,1,1
53045,154,134,20,20
53046,80,74,6,6
53047,120,111,9,9
53048,59,79,-20,20
53049,149,146,3,3
53050,66,73,-7,7
53051,80,68,12,12
53052,61,65,-4,4
53053,40,49,-9,9
53054,80,85,-5,5
53055,54,55,-1,1
53056,90,110,-20,20
53057,107,101,6,6
53058,62,65,-3,3
53059,157,164,-7,7
53060,113,106,7,7
53061,107,117,-10,10
53062,87,73,14,14
53063,90,91,-1,1
53064,155,142,13,13
53065,37,50,-13,13
53066,66,71,-5,5
53067,92,96,-4,4
53068,74,70,4,4
53069,38,36,2,2
53070,83,76,7,7
53071,90,99,-9,9
53072,262,310,-48,48
53073,83,83,0,0
53074,65,61,4,4
53075,84,75,9,9
53076,50,52,-2,2
53077,95,102,-7,7
53078,80,85,-5,5
53079,135,124,11,11
53080,75,71,4,4
53081,79,81,-2,2
53082,179,171,8,8
53083,119,118,1,1
53084,89,75,14,14
53085,58,66,-8,8
53086,98,103,-5,5
53087,58,58,0,0
53088,62,65,-3,3
53089,65,68,-3,3
53090,90,85,5,5
53091,134,121,13,13
53092,61,66,-5,5
53093,142,136,6,6
53094,71,74,-3,3
53095,147,123,24,24
53096,122,121,1,1
53097,151,138,13,13
53098,105,103,2,2
53099,56,61,-5,5
53100,124,126,-2,2
53101,140,144,-4,4
53102,107,103,4,4
53103,103,106,-3,3
53104,98,87,11,11
53105,63,56,7,7
53106,51,58,-7,7
53107,81,78,3,3
53108,65,72,-7,7
53109,150,141,9,9
53110,134,130,4,4
53111,46,43,3,3
53112,120,107,13,13
53113,80,82,-2,2
53114,93,88,5,5
53115,176,156,20,20
53116,115,123,-8,8
53117,128,125,3,3
53118,143,133,10,10
53119,55,57,-2,2
53120,85,75,10,10
53121,102,93,9,9
53122,54,56,-2,2
53123,151,123,28,28
53124,83,76,7,7
53125,47,48,-1,1
53126,80,77,3,3
53127,126,116,10,10
53128,105,108,-3,3
53129,103,109,-6,6
53130,70,77,-7,7
53131,64,64,0,0
53132,116,113,3,3
53133,124,132,-8,8
53134,89,83,6,6
53135,73,77,-4,4
53136,131,133,-2,2
53137,120,110,10,10
53138,102,93,9,9
53139,88,79,9,9
53140,82,80,2,2
53141,88,86,2,2
53142,135,113,22,22
53143,119,114,5,5
53144,67,70,-3,3
53145,55,52,3,3
53146,170,163,7,7
53147,125,134,-9,9
53148,132,115,17,17
53149,146,143,3,3
53150,83,79,4,4
53151,85,81,4,4
53152,101,100,1,1
53153,84,84,0,0
53154,135,124,11,11
53155,54,53,1,1
53156,74,63,11,11
53157,72,76,-4,4
53158,112,93,19,19
53159,137,137,0,0
53160,82,73,9,9
53161,121,110,11,11
53162,83,81,2,2
53163,112,119,-7,7
53164,66,62,4,4
53165,90,83,7,7
53166,111,118,-7,7
53167,70,77,-7,7
53168,98,102,-4,4
53169,101,96,5,5
53170,108,98,10,10
53171,77,76,1,1
53172,94,98,-4,4
53173,77,80,-3,3
53174,52,65,-13,13
53175,114,115,-1,1
53176,79,79,0,0
53177,43,54,-11,11
53178,110,97,13,13
53179,51,52,-1,1
53180,81,79,2,2
53181,122,113,9,9
53182,128,128,0,0
53183,92,106,-14,14
53184,111,106,5,5
53185,106,96,10,10
53186,56,62,-6,6
53187,137,122,15,15
53188,75,67,8,8
53189,71,71,0,0
53190,67,68,-1,1
53191,89,84,5,5
53192,96,96,0,0
53193,106,107,-1,1
53194,71,72,-1,1
53195,128,116,12,12
53196,63,69,-6,6
53197,82,75,7,7
53198,67,69,-2,2
53199,80,79,1,1
53200,124,117,7,7
53201,117,113,4,4
53202,115,126,-11,11
53203,107,110,-3,3
53204,65,68,-3,3
53205,119,118,1,1
53206,88,95,-7,7
53207,53,61,-8,8
53208,156,144,12,12
53209,71,72,-1,1
53210,89,86,3,3
53211,88,79,9,9
53212,113,109,4,4
53213,43,49,-6,6
53214,106,106,0,0
53215,85,82,3,3
53216,108,127,-19,19
53217,70,63,7,7
53218,163,151,12,12
53219,102,102,0,0
53220,74,73,1,1
53221,60,63,-3,3
53222,107,102,5,5
53223,59,68,-9,9
53224,90,74,16,16
53225,134,125,9,9
53226,159,150,9,9
53227,99,87,12,12
53228,75,75,0,0
53229,62,57,5,5
53230,93,91,2,2
53231,101,100,1,1
53232,61,69,-8,8
53233,88,74,14,14
53234,99,103,-4,4
53235,45,48,-3,3
53236,65,70,-5,5
53237,120,108,12,12
53238,85,83,2,2
53239,76,79,-3,3
53240,111,102,9,9
53241,75,75,0,0
53242,96,100,-4,4
53243,134,118,16,16
53244,62,55,7,7
53245,69,65,4,4
53246,95,95,0,0
53247,93,84,9,9
53248,73,73,0,0
53249,89,75,14,14
53250,59,54,5,5
53251,73,67,6,6
53252,115,120,-5,5
53253,86,83,3,3
53254,141,155,-14,14
53255,109,129,-20,20
53256,112,98,14,14
53257,74,75,-1,1
53258,57,61,-4,4
53259,61,66,-5,5
53260,104,103,1,1
53261,111,94,17,17
53262,80,80,0,0
53263,107,99,8,8
53264,43,47,-4,4
53265,71,78,-7,7
53266,54,56,-2,2
53267,74,80,-6,6
53268,77,74,3,3
53269,86,100,-14,14
53270,65,68,-3,3
53271,103,90,13,13
53272,67,74,-7,7
53273,77,69,8,8
53274,53,62,-9,9
53275,128,114,14,14
53276,75,76,-1,1
53277,111,132,-21,21
53278,94,89,5,5
53279,93,88,5,5
53280,131,120,11,11
53281,61,90,-29,29
53282,69,64,5,5
53283,70,60,10,10
53284,50,54,-4,4
53285,69,67,2,2
53286,101,90,11,11
53287,86,78,8,8
53288,98,92,6,6
53289,140,104,36,36
53290,88,85,3,3
53291,51,53,-2,2
53292,72,71,1,1
53293,109,112,-3,3
53294,67,77,-10,10
53295,114,106,8,8
53296,98,89,9,9
53297,98,105,-7,7
53298,107,115,-8,8
53299,133,143,-10,10
53300,161,158,3,3
53301,161,137,24,24
53302,125,120,5,5
53303,90,86,4,4
53304,112,114,-2,2
53305,61,65,-4,4
53306,186,182,4,4
53307,102,109,-7,7
53308,273,265,8,8
53309,125,129,-4,4
53310,124,131,-7,7
53311,115,107,8,8
53312,86,82,4,4
53313,67,69,-2,2
53314,90,90,0,0
53315,146,137,9,9
53316,64,66,-2,2
53317,78,76,2,2
53318,73,70,3,3
53319,132,123,9,9
53320,78,78,0,0
53321,108,114,-6,6
53322,72,69,3,3
53323,112,119,-7,7
53324,110,108,2,2
53325,157,145,12,12
53326,87,80,7,7
53327,63,60,3,3
53328,47,46,1,1
53329,55,60,-5,5
53330,57,54,3,3
53331,77,78,-1,1
53332,73,70,3,3
53333,52,53,-1,1
53334,60,76,-16,16
53335,171,182,-11,11
53336,153,142,11,11
53337,128,124,4,4
53338,101,97,4,4
53339,58,61,-3,3
53340,67,65,2,2
53341,58,64,-6,6
53342,69,68,1,1
53343,198,170,28,28
53344,85,78,7,7
53345,96,81,15,15
53346,68,91,-23,23
53347,80,76,4,4
53348,56,64,-8,8
53349,67,67,0,0
53350,57,59,-2,2
53351,39,44,-5,5
53352,81,86,-5,5
53353,117,114,3,3
53354,104,104,0,0
53355,105,108,-3,3
53356,83,79,4,4
53357,135,135,0,0
53358,76,68,8,8
53359,122,112,10,10
53360,78,75,3,3
53361,37,37,0,0
53362,134,122,12,12
53363,71,66,5,5
53364,119,112,7,7
53365,23,36,-13,13
53366,145,138,7,7
53367,99,98,1,1
53368,70,78,-8,8
53369,41,62,-21,21
53370,82,87,-5,5
53371,102,93,9,9
53372,64,62,2,2
53373,60,60,0,0
53374,157,143,14,14
53375,144,127,17,17
53376,107,107,0,0
53377,108,116,-8,8
53378,79,82,-3,3
53379,77,84,-7,7
53380,102,97,5,5
53381,62,65,-3,3
53382,87,88,-1,1
53383,156,141,15,15
53384,59,59,0,0
53385,54,60,-6,6
53386,114,117,-3,3
53387,87,99,-12,12
53388,132,130,2,2
53389,135,127,8,8
53390,126,108,18,18
53391,105,108,-3,3
53392,95,101,-6,6
53393,101,96,5,5
53394,51,61,-10,10
53395,63,71,-8,8
53396,149,145,4,4
53397,72,65,7,7
53398,147,139,8,8
53399,67,68,-1,1
53400,106,110,-4,4
53401,98,103,-5,5
53402,100,90,10,10
53403,93,107,-14,14
53404,69,74,-5,5
53405,116,131,-15,15
53406,88,82,6,6
53407,114,135,-21,21
53408,53,57,-4,4
53409,55,56,-1,1
53410,86,91,-5,5
53411,110,102,8,8
53412,82,78,4,4
53413,87,79,8,8
53414,60,59,1,1
53415,59,60,-1,1
53416,72,65,7,7
53417,99,86,13,13
53418,111,95,16,16
53419,105,106,-1,1
53420,110,103,7,7
53421,56,58,-2,2
53422,126,133,-7,7
53423,75,81,-6,6
53424,56,55,1,1
53425,119,135,-16,16
53426,98,98,0,0
53427,171,168,3,3
53428,169,145,24,24
53429,126,125,1,1
53430,194,168,26,26
53431,112,104,8,8
53432,73,74,-1,1
53433,106,105,1,1
53434,101,84,17,17
53435,119,108,11,11
53436,96,84,12,12
53437,58,56,2,2
53438,89,93,-4,4
53439,78,74,4,4
53440,85,87,-2,2
53441,87,85,2,2
53442,70,76,-6,6
53443,50,57,-7,7
53444,51,56,-5,5
53445,91,83,8,8
53446,79,78,1,1
53447,98,94,4,4
53448,117,123,-6,6
53449,94,101,-7,7
53450,141,134,7,7
53451,133,134,-1,1
53452,48,50,-2,2
53453,121,119,2,2
53454,90,89,1,1
53455,50,62,-12,12
53456,69,76,-7,7
53457,90,104,-14,14
53458,83,79,4,4
53459,89,101,-12,12
53460,84,81,3,3
53461,72,65,7,7
53462,65,68,-3,3
53463,93,88,5,5
53464,70,68,2,2
53465,68,72,-4,4
53466,128,137,-9,9
53467,102,84,18,18
53468,111,112,-1,1
53469,54,54,0,0
53470,94,102,-8,8
53471,102,94,8,8
53472,104,99,5,5
53473,90,89,1,1
53474,96,100,-4,4
53475,119,134,-15,15
53476,80,76,4,4
53477,77,76,1,1
53478,228,252,-24,24
53479,134,114,20,20
53480,140,152,-12,12
53481,47,50,-3,3
53482,113,108,5,5
53483,58,58,0,0
53484,34,36,-2,2
53485,46,41,5,5
53486,68,63,5,5
53487,68,73,-5,5
53488,43,49,-6,6
53489,74,78,-4,4
53490,88,89,-1,1
53491,130,139,-9,9
53492,112,93,19,19
53493,91,84,7,7
53494,70,72,-2,2
53495,137,130,7,7
53496,67,63,4,4
53497,90,79,11,11
53498,137,122,15,15
53499,83,89,-6,6
53500,105,113,-8,8
53501,78,80,-2,2
53502,93,75,18,18
53503,88,79,9,9
53504,65,65,0,0
53505,105,96,9,9
53506,131,136,-5,5
53507,52,50,2,2
53508,48,52,-4,4
53509,127,131,-4,4
53510,70,82,-12,12
53511,62,58,4,4
53512,119,119,0,0
53513,75,78,-3,3
53514,90,80,10,10
53515,60,73,-13,13
53516,133,123,10,10
53517,86,80,6,6
53518,77,81,-4,4
53519,81,80,1,1
53520,98,98,0,0
53521,101,102,-1,1
53522,70,72,-2,2
53523,86,77,9,9
53524,111,114,-3,3
53525,99,95,4,4
53526,62,64,-2,2
53527,111,111,0,0
53528,57,58,-1,1
53529,93,89,4,4
53530,77,78,-1,1
53531,122,119,3,3
53532,96,100,-4,4
53533,52,55,-3,3
53534,66,61,5,5
53535,102,97,5,5
53536,79,92,-13,13
53537,83,96,-13,13
53538,90,87,3,3
53539,117,108,9,9
53540,87,86,1,1
53541,127,116,11,11
53542,50,58,-8,8
53543,62,64,-2,2
53544,63,72,-9,9
53545,80,77,3,3
53546,111,130,-19,19
53547,53,38,15,15
53548,105,103,2,2
53549,97,86,11,11
53550,48,46,2,2
53551,66,71,-5,5
53552,113,112,1,1
53553,142,136,6,6
53554,42,43,-1,1
53555,55,52,3,3
53556,111,98,13,13
53557,89,83,6,6
53558,76,86,-10,10
53559,126,115,11,11
53560,103,101,2,2
53561,53,58,-5,5
53562,90,86,4,4
53563,66,59,7,7
53564,60,69,-9,9
53565,49,60,-11,11
53566,230,198,32,32
53567,64,60,4,4
53568,104,103,1,1
53569,82,82,0,0
53570,157,153,4,4
53571,53,55,-2,2
53572,93,96,-3,3
53573,76,74,2,2
53574,61,67,-6,6
53575,100,90,10,10
53576,52,59,-7,7
53577,69,69,0,0
53578,117,115,2,2
53579,124,117,7,7
53580,100,104,-4,4
53581,149,129,20,20
53582,99,98,1,1
53583,120,106,14,14
53584,79,82,-3,3
53585,177,172,5,5
53586,62,64,-2,2
53587,99,90,9,9
53588,157,144,13,13
53589,117,119,-2,2
53590,98,95,3,3
53591,68,66,2,2
53592,85,79,6,6
53593,91,98,-7,7
53594,106,95,11,11
53595,129,124,5,5
53596,134,121,13,13
53597,85,82,3,3
53598,122,123,-1,1
53599,89,84,5,5
53600,46,52,-6,6
53601,91,94,-3,3
53602,136,136,0,0
53603,52,49,3,3
53604,98,102,-4,4
53605,98,87,11,11
53606,129,125,4,4
53607,49,49,0,0
53608,75,72,3,3
53609,70,75,-5,5
53610,102,93,9,9
53611,114,110,4,4
53612,31,40,-9,9
53613,120,116,4,4
53614,108,103,5,5
53615,84,87,-3,3
53616,61,64,-3,3
53617,150,151,-1,1
53618,52,90,-38,38
53619,44,48,-4,4
53620,71,77,-6,6
53621,62,66,-4,4
53622,74,75,-1,1
53623,100,98,2,2
53624,83,84,-1,1
53625,82,84,-2,2
53626,149,130,19,19
53627,113,119,-6,6
53628,99,87,12,12
53629,94,96,-2,2
53630,77,81,-4,4
53631,116,130,-14,14
53632,154,155,-1,1
53633,84,84,0,0
53634,116,102,14,14
53635,169,160,9,9
53636,126,120,6,6
53637,31,32,-1,1
53638,84,81,3,3
53639,81,75,6,6
53640,109,104,5,5
53641,96,97,-1,1
53642,78,76,2,2
53643,100,97,3,3
53644,101,97,4,4
53645,63,71,-8,8
53646,118,114,4,4
53647,119,110,9,9
53648,70,65,5,5
53649,82,75,7,7
53650,57,55,2,2
53651,89,91,-2,2
53652,124,114,10,10
53653,67,71,-4,4
53654,87,77,10,10
53655,115,105,10,10
53656,76,71,5,5
53657,63,68,-5,5
53658,105,99,6,6
53659,77,75,2,2
53660,124,126,-2,2
53661,84,79,5,5
53662,52,48,4,4
53663,55,57,-2,2
53664,120,111,9,9
53665,206,176,30,30
53666,67,72,-5,5
53667,93,91,2,2
53668,67,68,-1,1
53669,71,68,3,3
53670,87,78,9,9
53671,72,69,3,3
53672,108,104,4,4
53673,116,109,7,7
53674,62,58,4,4
53675,61,70,-9,9
53676,57,61,-4,4
53677,100,92,8,8
53678,78,68,10,10
53679,93,92,1,1
53680,102,103,-1,1
53681,187,185,2,2
53682,88,78,10,10
53683,100,101,-1,1
53684,169,162,7,7
53685,160,167,-7,7
53686,142,136,6,6
53687,146,147,-1,1
53688,81,83,-2,2
53689,41,44,-3,3
53690,111,97,14,14
53691,124,115,9,9
53692,114,117,-3,3
53693,133,137,-4,4
53694,88,76,12,12
53695,90,82,8,8
53696,76,75,1,1
53697,83,85,-2,2
53698,130,124,6,6
53699,48,62,-14,14
53700,85,98,-13,13
53701,77,75,2,2
53702,130,127,3,3
53703,118,103,15,15
53704,106,101,5,5
53705,67,71,-4,4
53706,111,110,1,1
53707,94,85,9,9
53708,69,70,-1,1
53709,76,91,-15,15
53710,96,86,10,10
53711,84,78,6,6
53712,144,119,25,25
53713,66,78,-12,12
53714,86,82,4,4
53715,56,64,-8,8
53716,103,111,-8,8
53717,154,144,10,10
53718,80,74,6,6
53719,89,91,-2,2
53720,63,71,-8,8
53721,90,83,7,7
53722,102,93,9,9
53723,132,130,2,2
53724,103,103,0,0
53725,138,129,9,9
53726,107,101,6,6
53727,84,85,-1,1
53728,158,141,17,17
53729,143,143,0,0
53730,83,83,0,0
53731,101,93,8,8
53732,42,53,-11,11
53733,156,145,11,11
53734,96,100,-4,4
53735,124,130,-6,6
53736,91,89,2,2
53737,139,133,6,6
53738,80,76,4,4
53739,95,87,8,8
53740,95,86,9,9
53741,83,85,-2,2
53742,88,88,0,0
53743,120,121,-1,1
53744,79,79,0,0
53745,114,106,8,8
53746,54,59,-5,5
53747,72,78,-6,6
53748,122,109,13,13
53749,125,124,1,1
53750,100,97,3,3
53751,90,99,-9,9
53752,92,89,3,3
53753,85,79,6,6
53754,115,111,4,4
53755,76,68,8,8
53756,94,103,-9,9
53757,128,116,12,12
53758,49,89,-40,40
53759,134,122,12,12
53760,114,111,3,3
53761,75,74,1,1
53762,71,71,0,0
53763,131,126,5,5
53764,110,104,6,6
53765,113,103,10,10
53766,79,86,-7,7
53767,90,92,-2,2
53768,112,95,17,17
53769,92,91,1,1
53770,141,131,10,10
53771,46,49,-3,3
53772,103,100,3,3
53773,124,124,0,0
53774,98,91,7,7
53775,106,88,18,18
53776,95,82,13,13
53777,50,54,-4,4
53778,98,89,9,9
53779,127,123,4,4
53780,147,146,1,1
53781,136,127,9,9
53782,68,66,2,2
53783,133,128,5,5
53784,112,110,2,2
53785,73,69,4,4
53786,104,104,0,0
53787,118,113,5,5
53788,84,91,-7,7
53789,66,68,-2,2
53790,74,69,5,5
53791,71,63,8,8
53792,122,116,6,6
53793,88,87,1,1
53794,90,93,-3,3
53795,44,50,-6,6
53796,68,83,-15,15
53797,72,78,-6,6
53798,141,136,5,5
53799,84,106,-22,22
53800,120,113,7,7
53801,46,40,6,6
53802,59,59,0,0
53803,136,129,7,7
53804,47,47,0,0
53805,57,62,-5,5
53806,64,79,-15,15
53807,114,97,17,17
53808,75,69,6,6
53809,72,76,-4,4
53810,58,54,4,4
53811,70,71,-1,1
53812,146,138,8,8
53813,83,98,-15,15
53814,116,132,-16,16
53815,143,141,2,2
53816,118,106,12,12
53817,200,177,23,23
53818,116,102,14,14
53819,124,117,7,7
53820,142,144,-2,2
53821,184,160,24,24
53822,137,130,7,7
53823,76,70,6,6
53824,96,90,6,6
53825,52,53,-1,1
53826,91,79,12,12
53827,55,56,-1,1
53828,95,83,12,12
53829,59,64,-5,5
53830,145,147,-2,2
53831,84,73,11,11
53832,112,114,-2,2
53833,63,75,-12,12
53834,60,64,-4,4
53835,134,130,4,4
53836,88,80,8,8
53837,72,75,-3,3
53838,107,116,-9,9
53839,74,73,1,1
53840,94,81,13,13
53841,84,78,6,6
53842,55,66,-11,11
53843,30,33,-3,3
53844,31,43,-12,12
53845,77,81,-4,4
53846,74,73,1,1
53847,99,83,16,16
53848,148,140,8,8
53849,70,76,-6,6
53850,86,78,8,8
53851,124,140,-16,16
53852,144,139,5,5
53853,77,70,7,7
53854,117,106,11,11
53855,78,70,8,8
53856,53,66,-13,13
53857,105,98,7,7
53858,79,68,11,11
53859,127,117,10,10
53860,94,83,11,11
53861,159,158,1,1
53862,90,86,4,4
53863,71,74,-3,3
53864,156,144,12,12
53865,140,134,6,6
53866,57,46,11,11
53867,91,88,3,3
53868,61,61,0,0
53869,91,95,-4,4
53870,54,58,-4,4
53871,78,72,6,6
53872,133,115,18,18
53873,121,109,12,12
53874,151,146,5,5
53875,119,115,4,4
53876,76,106,-30,30
53877,98,90,8,8
53878,97,95,2,2
53879,41,42,-1,1
53880,149,159,-10,10
53881,119,116,3,3
53882,80,79,1,1
53883,67,65,2,2
53884,70,73,-3,3
53885,120,111,9,9
53886,125,125,0,0
53887,76,76,0,0
53888,77,81,-4,4
53889,89,90,-1,1
53890,63,58,5,5
53891,163,155,8,8
53892,51,47,4,4
53893,68,66,2,2
53894,131,131,0,0
53895,109,107,2,2
53896,61,56,5,5
53897,118,128,-10,10
53898,103,100,3,3
53899,137,121,16,16
53900,93,85,8,8
53901,116,98,18,18
53902,61,66,-5,5
53903,80,81,-1,1
53904,88,85,3,3
53905,121,127,-6,6
53906,63,65,-2,2
53907,150,143,7,7
53908,130,124,6,6
53909,112,108,4,4
53910,48,55,-7,7
53911,159,157,2,2
53912,75,71,4,4
53913,66,73,-7,7
53914,75,76,-1,1
53915,70,67,3,3
53916,80,76,4,4
53917,95,92,3,3
53918,57,50,7,7
53919,79,72,7,7
53920,69,66,3,3
53921,60,61,-1,1
53922,115,104,11,11
53923,121,96,25,25
53924,71,63,8,8
53925,88,80,8,8
53926,97,94,3,3
53927,56,64,-8,8
53928,107,96,11,11
53929,35,37,-2,2
53930,112,113,-1,1
53931,74,78,-4,4
53932,80,79,1,1
53933,89,101,-12,12
53934,81,85,-4,4
53935,142,138,4,4
53936,109,114,-5,5
53937,118,103,15,15
53938,93,87,6,6
53939,127,123,4,4
53940,84,84,0,0
53941,135,131,4,4
53942,128,126,2,2
53943,88,80,8,8
53944,77,81,-4,4
53945,73,78,-5,5
53946,92,81,11,11
53947,163,162,1,1
53948,117,108,9,9
53949,186,179,7,7
53950,118,123,-5,5
53951,79,68,11,11
53952,81,80,1,1
53953,114,125,-11,11
53954,83,80,3,3
53955,89,75,14,14
53956,139,142,-3,3
53957,85,84,1,1
53958,52,55,-3,3
53959,112,101,11,11
53960,79,79,0,0
53961,90,83,7,7
53962,102,100,2,2
53963,86,83,3,3
53964,83,79,4,4
53965,149,136,13,13
53966,50,55,-5,5
53967,73,72,1,1
53968,66,63,3,3
53969,106,109,-3,3
53970,78,73,5,5
53971,85,83,2,2
53972,97,110,-13,13
53973,50,46,4,4
53974,126,136,-10,10
53975,83,91,-8,8
53976,98,88,10,10
53977,75,73,2,2
53978,93,87,6,6
53979,143,132,11,11
53980,142,121,21,21
53981,55,64,-9,9
53982,68,66,2,2
53983,61,61,0,0
53984,68,65,3,3
53985,119,101,18,18
53986,85,81,4,4
53987,56,52,4,4
53988,105,113,-8,8
53989,74,75,-1,1
53990,61,63,-2,2
53991,125,125,0,0
53992,49,48,1,1
53993,117,122,-5,5
53994,109,116,-7,7
53995,108,122,-14,14
53996,153,163,-10,10
53997,59,54,5,5
53998,173,158,15,15
53999,90,86,4,4
54000,102,96,6,6
54001,53,59,-6,6
54002,91,95,-4,4
54003,162,128,34,34
54004,129,125,4,4
54005,110,105,5,5
54006,80,73,7,7
54007,94,83,11,11
54008,107,101,6,6
54009,57,63,-6,6
54010,109,108,1,1
54011,73,75,-2,2
54012,229,206,23,23
54013,170,167,3,3
54014,70,63,7,7
54015,104,105,-1,1
54016,83,79,4,4
54017,101,93,8,8
54018,86,87,-1,1
54019,108,108,0,0
54020,96,92,4,4
54021,80,82,-2,2
54022,68,70,-2,2
54023,91,83,8,8
54024,112,113,-1,1
54025,122,115,7,7
54026,132,122,10,10
54027,96,94,2,2
54028,81,84,-3,3
54029,80,91,-11,11
54030,101,94,7,7
54031,117,113,4,4
54032,100,94,6,6
54033,83,95,-12,12
54034,93,89,4,4
54035,103,103,0,0
54036,48,57,-9,9
54037,110,103,7,7
54038,128,118,10,10
54039,37,36,1,1
54040,110,118,-8,8
54041,94,90,4,4
54042,127,136,-9,9
54043,70,67,3,3
54044,112,106,6,6
54045,189,186,3,3
54046,95,101,-6,6
54047,123,126,-3,3
54048,152,147,5,5
54049,85,81,4,4
54050,60,65,-5,5
54051,74,69,5,5
54052,89,87,2,2
54053,97,93,4,4
54054,159,141,18,18
54055,90,87,3,3
54056,76,75,1,1
54057,83,96,-13,13
54058,71,79,-8,8
54059,105,90,15,15
54060,102,101,1,1
54061,161,146,15,15
54062,123,108,15,15
54063,85,82,3,3
54064,41,44,-3,3
54065,165,154,11,11
54066,60,95,-35,35
54067,123,123,0,0
54068,59,54,5,5
54069,51,46,5,5
54070,160,157,3,3
54071,134,145,-11,11
54072,87,91,-4,4
54073,91,89,2,2
54074,52,56,-4,4
54075,111,104,7,7
54076,139,145,-6,6
54077,65,72,-7,7
54078,96,91,5,5
54079,92,84,8,8
54080,77,83,-6,6
54081,106,112,-6,6
54082,194,186,8,8
54083,127,120,7,7
54084,121,103,18,18
54085,140,146,-6,6
54086,129,126,3,3
54087,59,65,-6,6
54088,82,88,-6,6
54089,59,64,-5,5
54090,98,93,5,5
54091,214,187,27,27
54092,107,104,3,3
54093,122,123,-1,1
54094,75,70,5,5
54095,52,51,1,1
54096,129,121,8,8
54097,59,59,0,0
54098,64,65,-1,1
54099,144,130,14,14
54100,99,95,4,4
54101,156,142,14,14
54102,173,164,9,9
54103,82,80,2,2
54104,145,127,18,18
54105,105,95,10,10
54106,102,112,-10,10
54107,69,69,0,0
54108,51,57,-6,6
54109,44,49,-5,5
54110,30,35,-5,5
54111,118,105,13,13
54112,85,76,9,9
54113,70,70,0,0
54114,61,81,-20,20
54115,69,66,3,3
54116,81,79,2,2
54117,68,63,5,5
54118,149,142,7,7
54119,47,65,-18,18
54120,53,60,-7,7
54121,143,138,5,5
54122,91,99,-8,8
54123,93,91,2,2
54124,45,48,-3,3
54125,122,117,5,5
54126,112,104,8,8
54127,165,144,21,21
54128,57,63,-6,6
54129,101,102,-1,1
54130,54,56,-2,2
54131,55,55,0,0
54132,74,71,3,3
54133,95,91,4,4
54134,58,86,-28,28
54135,114,124,-10,10
54136,73,91,-18,18
54137,81,76,5,5
54138,63,60,3,3
54139,139,147,-8,8
54140,96,91,5,5
54141,111,107,4,4
54142,157,144,13,13
54143,167,163,4,4
54144,166,139,27,27
54145,115,117,-2,2
54146,80,74,6,6
54147,166,138,28,28
54148,89,84,5,5
54149,69,63,6,6
54150,34,41,-7,7
54151,92,86,6,6
54152,81,86,-5,5
54153,131,132,-1,1
54154,65,68,-3,3
54155,107,106,1,1
54156,61,66,-5,5
54157,77,80,-3,3
54158,92,94,-2,2
54159,175,175,0,0
54160,154,152,2,2
54161,101,101,0,0
54162,96,87,9,9
54163,82,78,4,4
54164,72,72,0,0
54165,60,64,-4,4
54166,137,122,15,15
54167,44,51,-7,7
54168,77,70,7,7
54169,111,107,4,4
54170,41,51,-10,10
54171,119,108,11,11
54172,83,83,0,0
54173,108,101,7,7
54174,128,111,17,17
54175,76,86,-10,10
54176,41,51,-10,10
54177,79,79,0,0
54178,175,165,10,10
54179,115,104,11,11
54180,87,92,-5,5
54181,136,121,15,15
54182,76,75,1,1
54183,107,116,-9,9
54184,86,92,-6,6
54185,118,107,11,11
54186,98,91,7,7
54187,73,68,5,5
54188,176,164,12,12
54189,110,97,13,13
54190,73,72,1,1
54191,73,73,0,0
54192,109,116,-7,7
54193,96,102,-6,6
54194,128,117,11,11
54195,65,63,2,2
54196,81,83,-2,2
54197,76,75,1,1
54198,81,86,-5,5
54199,55,50,5,5
54200,93,89,4,4
54201,138,140,-2,2
54202,127,118,9,9
54203,110,88,22,22
54204,97,88,9,9
54205,106,113,-7,7
54206,70,75,-5,5
54207,84,97,-13,13
54208,103,99,4,4
54209,109,98,11,11
54210,82,77,5,5
54211,82,81,1,1
54212,75,70,5,5
54213,96,91,5,5
54214,74,75,-1,1
54215,50,53,-3,3
54216,80,74,6,6
54217,129,136,-7,7
54218,127,128,-1,1
54219,101,110,-9,9
54220,94,89,5,5
54221,80,80,0,0
54222,51,49,2,2
54223,98,100,-2,2
54224,93,97,-4,4
54225,138,140,-2,2
54226,127,116,11,11
54227,115,108,7,7
54228,57,60,-3,3
54229,62,67,-5,5
54230,125,127,-2,2
54231,74,82,-8,8
54232,104,92,12,12
54233,112,112,0,0
54234,101,93,8,8
54235,81,72,9,9
54236,58,63,-5,5
54237,98,85,13,13
54238,60,57,3,3
54239,60,63,-3,3
54240,119,108,11,11
54241,92,92,0,0
54242,79,84,-5,5
54243,72,74,-2,2
54244,59,65,-6,6
54245,53,55,-2,2
54246,133,126,7,7
54247,81,94,-13,13
54248,167,153,14,14
54249,110,103,7,7
54250,62,63,-1,1
54251,77,74,3,3
54252,81,90,-9,9
54253,108,88,20,20
54254,107,99,8,8
54255,56,56,0,0
54256,74,66,8,8
54257,55,70,-15,15
54258,41,41,0,0
54259,95,85,10,10
54260,80,83,-3,3
54261,107,104,3,3
54262,89,87,2,2
54263,69,68,1,1
54264,89,81,8,8
54265,125,113,12,12
54266,139,139,0,0
54267,63,66,-3,3
54268,79,88,-9,9
54269,111,118,-7,7
54270,80,81,-1,1
54271,89,95,-6,6
54272,65,62,3,3
54273,139,128,11,11
54274,105,101,4,4
54275,59,60,-1,1
54276,108,97,11,11
54277,71,74,-3,3
54278,57,67,-10,10
54279,65,65,0,0
54280,66,63,3,3
54281,171,169,2,2
54282,69,86,-17,17
54283,137,123,14,14
54284,62,65,-3,3
54285,92,88,4,4
54286,87,79,8,8
54287,131,124,7,7
54288,160,164,-4,4
54289,78,82,-4,4
54290,82,90,-8,8
54291,152,169,-17,17
54292,34,36,-2,2
54293,80,86,-6,6
54294,201,192,9,9
54295,89,85,4,4
54296,88,90,-2,2
54297,137,129,8,8
54298,58,60,-2,2
54299,87,99,-12,12
54300,106,106,0,0
54301,67,68,-1,1
54302,57,51,6,6
54303,83,76,7,7
54304,105,90,15,15
54305,187,160,27,27
54306,92,87,5,5
54307,43,41,2,2
54308,130,132,-2,2
54309,103,98,5,5
54310,79,81,-2,2
54311,176,168,8,8
54312,120,108,12,12
54313,75,74,1,1
54314,75,69,6,6
54315,77,68,9,9
54316,87,82,5,5
54317,49,65,-16,16
54318,164,139,25,25
54319,142,128,14,14
54320,136,130,6,6
54321,51,55,-4,4
54322,79,78,1,1
54323,173,165,8,8
54324,118,116,2,2
54325,75,73,2,2
54326,87,90,-3,3
54327,66,65,1,1
54328,67,70,-3,3
54329,124,116,8,8
54330,62,64,-2,2
54331,88,97,-9,9
54332,87,82,5,5
54333,125,127,-2,2
54334,107,82,25,25
54335,65,63,2,2
54336,50,58,-8,8
54337,80,74,6,6
54338,166,161,5,5
54339,142,133,9,9
54340,171,164,7,7
54341,57,59,-2,2
54342,87,85,2,2
54343,106,99,7,7
54344,95,102,-7,7
54345,108,97,11,11
54346,105,96,9,9
54347,112,107,5,5
54348,101,88,13,13
54349,89,85,4,4
54350,49,55,-6,6
54351,84,80,4,4
54352,101,101,0,0
54353,66,68,-2,2
54354,83,78,5,5
54355,58,60,-2,2
54356,85,85,0,0
54357,91,116,-25,25
54358,53,66,-13,13
54359,94,95,-1,1
54360,97,82,15,15
54361,76,75,1,1
54362,45,59,-14,14
54363,49,47,2,2
54364,150,149,1,1
54365,104,97,7,7
54366,111,116,-5,5
54367,68,63,5,5
54368,93,98,-5,5
54369,100,100,0,0
54370,107,104,3,3
54371,121,122,-1,1
54372,60,68,-8,8
54373,134,133,1,1
54374,127,121,6,6
54375,76,77,-1,1
54376,122,108,14,14
54377,71,66,5,5
54378,73,80,-7,7
54379,74,70,4,4
54380,133,132,1,1
54381,78,72,6,6
54382,60,72,-12,12
54383,112,125,-13,13
54384,87,93,-6,6
54385,105,94,11,11
54386,62,66,-4,4
54387,76,73,3,3
54388,124,114,10,10
54389,108,113,-5,5
54390,63,63,0,0
54391,192,178,14,14
54392,63,76,-13,13
54393,94,95,-1,1
54394,76,93,-17,17
54395,153,148,5,5
54396,145,137,8,8
54397,118,124,-6,6
54398,144,145,-1,1
54399,80,85,-5,5
54400,81,74,7,7
54401,167,143,24,24
54402,112,86,26,26
54403,87,92,-5,5
54404,114,87,27,27
54405,96,98,-2,2
54406,72,70,2,2
54407,148,149,-1,1
54408,105,105,0,0
54409,138,144,-6,6
54410,80,80,0,0
54411,79,83,-4,4
54412,92,84,8,8
54413,104,106,-2,2
54414,60,73,-13,13
54415,179,163,16,16
54416,86,82,4,4
54417,32,55,-23,23
54418,134,110,24,24
54419,71,71,0,0
54420,93,91,2,2
54421,112,109,3,3
54422,117,114,3,3
54423,112,108,4,4
54424,83,85,-2,2
54425,111,114,-3,3
54426,143,141,2,2
54427,84,90,-6,6
54428,58,65,-7,7
54429,78,80,-2,2
54430,116,105,11,11
54431,120,107,13,13
54432,102,90,12,12
54433,155,94,61,61
54434,106,105,1,1
54435,79,70,9,9
54436,111,117,-6,6
54437,72,72,0,0
54438,59,60,-1,1
54439,139,142,-3,3
54440,119,111,8,8
54441,100,92,8,8
54442,59,72,-13,13
54443,67,71,-4,4
54444,149,157,-8,8
54445,74,72,2,2
54446,96,98,-2,2
54447,196,195,1,1
54448,144,142,2,2
54449,101,98,3,3
54450,80,93,-13,13
54451,76,84,-8,8
54452,96,96,0,0
54453,112,103,9,9
54454,73,91,-18,18
54455,126,122,4,4
54456,92,86,6,6
54457,125,128,-3,3
54458,64,68,-4,4
54459,146,141,5,5
54460,77,93,-16,16
54461,148,144,4,4
54462,126,122,4,4
54463,95,98,-3,3
54464,58,53,5,5
54465,146,132,14,14
54466,148,132,16,16
54467,104,105,-1,1
54468,129,120,9,9
54469,60,54,6,6
54470,83,80,3,3
54471,67,58,9,9
54472,132,120,12,12
54473,82,88,-6,6
54474,34,52,-18,18
54475,76,80,-4,4
54476,116,121,-5,5
54477,119,122,-3,3
54478,96,99,-3,3
54479,138,128,10,10
54480,80,78,2,2
54481,109,114,-5,5
54482,103,97,6,6
54483,57,61,-4,4
54484,41,38,3,3
54485,121,118,3,3
54486,87,80,7,7
54487,125,120,5,5
54488,82,89,-7,7
54489,36,43,-7,7
54490,63,61,2,2
54491,112,108,4,4
54492,90,81,9,9
54493,110,117,-7,7
54494,184,167,17,17
54495,97,98,-1,1
54496,64,70,-6,6
54497,115,103,12,12
54498,85,80,5,5
54499,60,63,-3,3
54500,68,75,-7,7
54501,118,115,3,3
54502,56,69,-13,13
54503,49,67,-18,18
54504,92,96,-4,4
54505,62,65,-3,3
54506,131,118,13,13
54507,125,121,4,4
54508,146,147,-1,1
54509,78,79,-1,1
54510,69,68,1,1
54511,76,72,4,4
54512,66,68,-2,2
54513,71,74,-3,3
54514,97,103,-6,6
54515,264,241,23,23
54516,38,46,-8,8
54517,134,141,-7,7
54518,70,67,3,3
54519,67,68,-1,1
54520,128,121,7,7
54521,138,104,34,34
54522,101,118,-17,17
54523,76,75,1,1
54524,42,50,-8,8
54525,138,124,14,14
54526,126,117,9,9
54527,80,75,5,5
54528,61,59,2,2
54529,105,94,11,11
54530,113,110,3,3
54531,96,97,-1,1
54532,97,94,3,3
54533,74,83,-9,9
54534,129,129,0,0
54535,83,75,8,8
54536,87,81,6,6
54537,72,70,2,2
54538,120,111,9,9
54539,95,116,-21,21
54540,62,67,-5,5
54541,54,61,-7,7
54542,80,86,-6,6
54543,109,97,12,12
54544,90,82,8,8
54545,30,24,6,6
54546,103,98,5,5
54547,91,101,-10,10
54548,92,82,10,10
54549,79,84,-5,5
54550,120,118,2,2
54551,131,126,5,5
54552,91,90,1,1
54553,64,64,0,0
54554,106,105,1,1
54555,81,80,1,1
54556,86,80,6,6
54557,190,191,-1,1
54558,80,76,4,4
54559,108,115,-7,7
54560,136,143,-7,7
54561,84,82,2,2
54562,122,122,0,0
54563,80,75,5,5
54564,80,74,6,6
54565,143,135,8,8
54566,31,39,-8,8
54567,96,89,7,7
54568,74,64,10,10
54569,130,123,7,7
54570,99,94,5,5
54571,90,97,-7,7
54572,89,79,10,10
54573,122,105,17,17
54574,116,116,0,0
54575,111,114,-3,3
54576,129,118,11,11
54577,97,97,0,0
54578,122,103,19,19
54579,94,117,-23,23
54580,78,80,-2,2
54581,101,96,5,5
54582,77,81,-4,4
54583,99,107,-8,8
54584,91,107,-16,16
54585,74,75,-1,1
54586,120,117,3,3
54587,109,99,10,10
54588,54,59,-5,5
54589,105,94,11,11
54590,140,144,-4,4
54591,175,165,10,10
54592,103,94,9,9
54593,80,82,-2,2
54594,71,76,-5,5
54595,101,94,7,7
54596,91,91,0,0
54597,75,83,-8,8
54598,51,55,-4,4
54599,59,59,0,0
54600,108,102,6,6
54601,198,178,20,20
54602,48,45,3,3
54603,117,112,5,5
54604,44,45,-1,1
54605,105,104,1,1
54606,78,79,-1,1
54607,92,101,-9,9
54608,89,84,5,5
54609,68,67,1,1
54610,50,59,-9,9
54611,83,74,9,9
54612,71,71,0,0
54613,96,115,-19,19
54614,146,133,13,13
54615,134,107,27,27
54616,73,101,-28,28
54617,84,107,-23,23
54618,86,89,-3,3
54619,152,140,12,12
54620,59,62,-3,3
54621,183,169,14,14
54622,50,56,-6,6
54623,83,80,3,3
54624,103,93,10,10
54625,63,62,1,1
54626,58,62,-4,4
54627,79,75,4,4
54628,65,88,-23,23
54629,50,59,-9,9
54630,89,79,10,10
54631,132,118,14,14
54632,91,98,-7,7
54633,79,80,-1,1
54634,89,79,10,10
54635,117,122,-5,5
54636,89,80,9,9
54637,109,113,-4,4
54638,124,117,7,7
54639,97,90,7,7
54640,131,130,1,1
54641,86,83,3,3
54642,77,77,0,0
54643,96,96,0,0
54644,94,88,6,6
54645,74,72,2,2
54646,129,124,5,5
54647,104,99,5,5
54648,113,120,-7,7
54649,99,99,0,0
54650,63,49,14,14
54651,95,91,4,4
54652,68,77,-9,9
54653,194,161,33,33
54654,99,106,-7,7
54655,123,134,-11,11
54656,119,114,5,5
54657,108,95,13,13
54658,66,80,-14,14
54659,60,64,-4,4
54660,58,66,-8,8
54661,183,173,10,10
54662,190,181,9,9
54663,165,146,19,19
54664,80,87,-7,7
54665,166,157,9,9
54666,123,125,-2,2
54667,131,130,1,1
54668,62,70,-8,8
54669,83,72,11,11
54670,125,113,12,12
54671,103,107,-4,4
54672,101,104,-3,3
54673,95,88,7,7
54674,59,62,-3,3
54675,107,98,9,9
54676,79,68,11,11
54677,87,79,8,8
54678,84,85,-1,1
54679,67,69,-2,2
54680,75,73,2,2
54681,85,79,6,6
54682,89,79,10,10
54683,105,116,-11,11
54684,71,72,-1,1
54685,150,134,16,16
54686,59,62,-3,3
54687,86,81,5,5
54688,85,83,2,2
54689,110,111,-1,1
54690,76,70,6,6
54691,100,97,3,3
54692,109,95,14,14
54693,110,108,2,2
54694,97,107,-10,10
54695,109,109,0,0
54696,188,176,12,12
54697,52,56,-4,4
54698,56,62,-6,6
54699,87,83,4,4
54700,72,70,2,2
54701,171,165,6,6
54702,109,103,6,6
54703,86,86,0,0
54704,140,133,7,7
54705,113,108,5,5
54706,89,85,4,4
54707,102,96,6,6
54708,82,80,2,2
54709,87,81,6,6
54710,85,85,0,0
54711,150,137,13,13
54712,151,131,20,20
54713,65,75,-10,10
54714,150,141,9,9
54715,102,100,2,2
54716,88,82,6,6
54717,108,109,-1,1
54718,38,48,-10,10
54719,123,120,3,3
54720,92,78,14,14
54721,120,117,3,3
54722,108,100,8,8
54723,72,65,7,7
54724,62,60,2,2
54725,105,103,2,2
54726,71,79,-8,8
54727,99,91,8,8
54728,88,84,4,4
54729,79,88,-9,9
54730,86,84,2,2
54731,116,102,14,14
54732,74,79,-5,5
54733,93,97,-4,4
54734,198,170,28,28
54735,96,90,6,6
54736,78,75,3,3
54737,57,55,2,2
54738,45,50,-5,5
54739,140,137,3,3
54740,76,73,3,3
54741,88,87,1,1
54742,127,126,1,1
54743,50,59,-9,9
54744,101,107,-6,6
54745,71,76,-5,5
54746,141,126,15,15
54747,110,117,-7,7
54748,144,134,10,10
54749,114,122,-8,8
54750,66,64,2,2
54751,90,94,-4,4
54752,83,78,5,5
54753,143,128,15,15
54754,81,78,3,3
54755,41,39,2,2
54756,165,161,4,4
54757,92,98,-6,6
54758,43,67,-24,24
54759,84,75,9,9
54760,58,72,-14,14
54761,74,68,6,6
54762,102,81,21,21
54763,62,72,-10,10
54764,115,105,10,10
54765,93,98,-5,5
54766,155,139,16,16
54767,173,174,-1,1
54768,145,139,6,6
54769,75,77,-2,2
54770,116,105,11,11
54771,114,120,-6,6
54772,115,118,-3,3
54773,123,118,5,5
54774,86,99,-13,13
54775,95,86,9,9
54776,59,61,-2,2
54777,123,121,2,2
54778,111,114,-3,3
54779,109,125,-16,16
54780,92,87,5,5
54781,118,129,-11,11
54782,42,45,-3,3
54783,65,66,-1,1
54784,74,74,0,0
54785,144,145,-1,1
54786,139,131,8,8
54787,71,75,-4,4
54788,66,65,1,1
54789,81,80,1,1
54790,103,107,-4,4
54791,65,63,2,2
54792,137,150,-13,13
54793,86,89,-3,3
54794,64,50,14,14
54795,96,95,1,1
54796,76,86,-10,10
54797,56,57,-1,1
54798,59,65,-6,6
54799,70,72,-2,2
54800,79,73,6,6
54801,92,84,8,8
54802,64,72,-8,8
54803,141,142,-1,1
54804,111,113,-2,2
54805,123,107,16,16
54806,55,61,-6,6
54807,58,58,0,0
54808,105,86,19,19
54809,124,110,14,14
54810,76,73,3,3
54811,72,87,-15,15
54812,68,71,-3,3
54813,39,45,-6,6
54814,83,75,8,8
54815,90,84,6,6
54816,84,73,11,11
54817,131,115,16,16
54818,100,89,11,11
54819,68,72,-4,4
54820,199,179,20,20
54821,111,106,5,5
54822,63,60,3,3
54823,112,109,3,3
54824,58,61,-3,3
54825,167,163,4,4
54826,167,156,11,11
54827,204,184,20,20
54828,88,86,2,2
54829,112,118,-6,6
54830,109,108,1,1
54831,74,64,10,10
54832,118,119,-1,1
54833,114,112,2,2
54834,52,55,-3,3
54835,79,76,3,3
54836,63,62,1,1
54837,34,38,-4,4
54838,75,75,0,0
54839,66,66,0,0
54840,165,172,-7,7
54841,140,107,33,33
54842,68,71,-3,3
54843,119,112,7,7
54844,109,107,2,2
54845,79,76,3,3
54846,96,82,14,14
54847,96,89,7,7
54848,58,56,2,2
54849,99,98,1,1
54850,68,71,-3,3
54851,61,63,-2,2
54852,89,91,-2,2
54853,135,125,10,10
54854,60,62,-2,2
54855,92,88,4,4
54856,84,79,5,5
54857,84,85,-1,1
54858,94,90,4,4
54859,101,109,-8,8
54860,119,115,4,4
54861,139,149,-10,10
54862,84,82,2,2
54863,204,161,43,43
54864,97,94,3,3
54865,79,85,-6,6
54866,101,102,-1,1
54867,86,81,5,5
54868,84,77,7,7
54869,67,68,-1,1
54870,98,98,0,0
54871,79,78,1,1
54872,90,76,14,14
54873,62,67,-5,5
54874,65,66,-1,1
54875,62,70,-8,8
54876,41,42,-1,1
54877,140,124,16,16
54878,167,153,14,14
54879,129,126,3,3
54880,170,187,-17,17
54881,76,77,-1,1
54882,88,84,4,4
54883,57,54,3,3
54884,55,57,-2,2
54885,81,76,5,5
54886,142,131,11,11
54887,118,110,8,8
54888,66,63,3,3
54889,61,70,-9,9
54890,97,99,-2,2
54891,88,83,5,5
54892,101,101,0,0
54893,64,68,-4,4
54894,116,110,6,6
54895,90,81,9,9
54896,87,97,-10,10
54897,98,87,11,11
54898,111,110,1,1
54899,67,65,2,2
54900,51,59,-8,8
54901,123,123,0,0
54902,59,64,-5,5
54903,67,66,1,1
54904,48,51,-3,3
54905,52,65,-13,13
54906,180,183,-3,3
54907,61,65,-4,4
54908,162,152,10,10
54909,76,79,-3,3
54910,57,60,-3,3
54911,90,84,6,6
54912,55,67,-12,12
54913,103,110,-7,7
54914,72,79,-7,7
54915,70,60,10,10
54916,154,137,17,17
54917,113,115,-2,2
54918,108,99,9,9
54919,50,65,-15,15
54920,45,63,-18,18
54921,71,62,9,9
54922,132,124,8,8
54923,164,155,9,9
54924,100,100,0,0
54925,46,45,1,1
54926,85,78,7,7
54927,88,81,7,7
54928,107,110,-3,3
54929,84,79,5,5
54930,48,51,-3,3
54931,98,97,1,1
54932,154,145,9,9
54933,115,116,-1,1
54934,69,72,-3,3
54935,47,51,-4,4
54936,79,71,8,8
54937,74,68,6,6
54938,77,83,-6,6
54939,52,58,-6,6
54940,146,140,6,6
54941,74,80,-6,6
54942,122,117,5,5
54943,83,105,-22,22
54944,134,105,29,29
54945,113,120,-7,7
54946,113,106,7,7
54947,100,114,-14,14
54948,77,74,3,3
54949,91,84,7,7
54950,112,145,-33,33
54951,109,99,10,10
54952,97,89,8,8
54953,156,151,5,5
54954,128,118,10,10
54955,88,90,-2,2
54956,68,69,-1,1
54957,69,69,0,0
54958,137,134,3,3
54959,68,77,-9,9
54960,65,68,-3,3
54961,93,85,8,8
54962,58,57,1,1
54963,55,62,-7,7
54964,121,116,5,5
54965,133,135,-2,2
54966,50,52,-2,2
54967,228,207,21,21
54968,101,90,11,11
54969,51,53,-2,2
54970,89,84,5,5
54971,63,74,-11,11
54972,70,81,-11,11
54973,41,36,5,5
54974,114,108,6,6
54975,65,69,-4,4
54976,83,82,1,1
54977,61,59,2,2
54978,68,67,1,1
54979,107,105,2,2
54980,70,143,-73,73
54981,122,105,17,17
54982,44,47,-3,3
54983,138,139,-1,1
54984,178,175,3,3
54985,94,85,9,9
54986,107,93,14,14
54987,63,65,-2,2
54988,84,94,-10,10
54989,124,115,9,9
54990,68,81,-13,13
54991,78,81,-3,3
54992,177,169,8,8
54993,49,61,-12,12
54994,60,55,5,5
54995,63,74,-11,11
54996,39,64,-25,25
54997,88,86,2,2
54998,150,146,4,4
54999,105,101,4,4
55000,88,81,7,7
55001,58,49,9,9
55002,47,49,-2,2
55003,135,120,15,15
55004,101,92,9,9
55005,61,64,-3,3
55006,114,100,14,14
55007,75,72,3,3
55008,88,79,9,9
55009,69,68,1,1
55010,95,85,10,10
55011,120,133,-13,13
55012,148,160,-12,12
55013,80,78,2,2
55014,54,54,0,0
55015,85,81,4,4
55016,123,94,29,29
55017,101,101,0,0
55018,108,113,-5,5
55019,62,67,-5,5
55020,68,81,-13,13
55021,55,58,-3,3
55022,103,104,-1,1
55023,115,106,9,9
55024,94,86,8,8
55025,77,76,1,1
55026,146,132,14,14
55027,62,69,-7,7
55028,57,59,-2,2
55029,204,188,16,16
55030,52,66,-14,14
55031,111,126,-15,15
55032,67,66,1,1
55033,116,109,7,7
55034,168,167,1,1
55035,47,48,-1,1
55036,75,71,4,4
55037,92,95,-3,3
55038,139,142,-3,3
55039,130,144,-14,14
55040,118,107,11,11
55041,72,75,-3,3
55042,90,93,-3,3
55043,104,79,25,25
55044,99,104,-5,5
55045,98,96,2,2
55046,84,88,-4,4
55047,106,91,15,15
55048,69,68,1,1
55049,72,77,-5,5
55050,86,83,3,3
55051,122,111,11,11
55052,103,87,16,16
55053,113,115,-2,2
55054,70,61,9,9
55055,73,89,-16,16
55056,79,75,4,4
55057,102,90,12,12
55058,79,77,2,2
55059,67,68,-1,1
55060,61,62,-1,1
55061,78,83,-5,5
55062,83,79,4,4
55063,91,87,4,4
55064,49,56,-7,7
55065,64,64,0,0
55066,76,77,-1,1
55067,155,151,4,4
55068,90,87,3,3
55069,78,113,-35,35
55070,67,73,-6,6
55071,112,108,4,4
55072,90,85,5,5
55073,98,98,0,0
55074,93,89,4,4
55075,103,103,0,0
55076,64,66,-2,2
55077,94,96,-2,2
55078,58,61,-3,3
55079,76,81,-5,5
55080,153,143,10,10
55081,96,86,10,10
55082,151,152,-1,1
55083,60,67,-7,7
55084,87,76,11,11
55085,30,43,-13,13
55086,83,74,9,9
55087,107,115,-8,8
55088,114,105,9,9
55089,74,75,-1,1
55090,99,110,-11,11
55091,120,118,2,2
55092,89,84,5,5
55093,215,202,13,13
55094,53,51,2,2
55095,74,75,-1,1
55096,112,103,9,9
55097,76,79,-3,3
55098,69,69,0,0
55099,146,137,9,9
55100,92,86,6,6
55101,72,73,-1,1
55102,184,175,9,9
55103,50,51,-1,1
55104,82,75,7,7
55105,90,85,5,5
55106,152,136,16,16
55107,41,52,-11,11
55108,149,141,8,8
55109,83,80,3,3
55110,45,59,-14,14
55111,225,206,19,19
55112,169,157,12,12
55113,44,52,-8,8
55114,118,122,-4,4
55115,108,101,7,7
55116,125,118,7,7
55117,124,125,-1,1
55118,65,81,-16,16
55119,164,147,17,17
55120,138,134,4,4
55121,87,87,0,0
55122,51,57,-6,6
55123,98,104,-6,6
55124,64,66,-2,2
55125,63,70,-7,7
55126,101,101,0,0
55127,90,81,9,9
55128,104,97,7,7
55129,140,132,8,8
55130,121,110,11,11
55131,107,104,3,3
55132,85,85,0,0
55133,116,115,1,1
55134,55,64,-9,9
55135,74,80,-6,6
55136,178,143,35,35
55137,134,121,13,13
55138,62,65,-3,3
55139,113,109,4,4
55140,75,68,7,7
55141,84,79,5,5
55142,88,79,9,9
55143,68,81,-13,13
55144,46,51,-5,5
55145,150,164,-14,14
55146,99,91,8,8
55147,108,101,7,7
55148,118,88,30,30
55149,48,58,-10,10
55150,104,89,15,15
55151,73,63,10,10
55152,109,101,8,8
55153,62,64,-2,2
55154,91,80,11,11
55155,119,118,1,1
55156,157,150,7,7
55157,117,110,7,7
55158,60,65,-5,5
55159,90,87,3,3
55160,102,99,3,3
55161,100,91,9,9
55162,99,96,3,3
55163,108,94,14,14
55164,90,83,7,7
55165,120,117,3,3
55166,97,96,1,1
55167,78,78,0,0
55168,105,102,3,3
55169,160,149,11,11
55170,143,132,11,11
55171,112,115,-3,3
55172,152,145,7,7
55173,153,141,12,12
55174,65,63,2,2
55175,66,68,-2,2
55176,63,67,-4,4
55177,55,79,-24,24
55178,75,74,1,1
55179,91,82,9,9
55180,81,78,3,3
55181,138,125,13,13
55182,120,110,10,10
55183,86,81,5,5
55184,75,75,0,0
55185,15,17,-2,2
55186,71,70,1,1
55187,158,147,11,11
55188,102,85,17,17
55189,58,60,-2,2
55190,54,46,8,8
55191,77,84,-7,7
55192,82,77,5,5
55193,69,70,-1,1
55194,92,98,-6,6
55195,132,132,0,0
55196,109,107,2,2
55197,192,177,15,15
55198,62,61,1,1
55199,41,43,-2,2
55200,120,117,3,3
55201,82,84,-2,2
55202,116,108,8,8
55203,44,56,-12,12
55204,87,82,5,5
55205,63,72,-9,9
55206,75,78,-3,3
55207,106,95,11,11
55208,198,186,12,12
55209,87,77,10,10
55210,45,41,4,4
55211,95,90,5,5
55212,128,121,7,7
55213,72,71,1,1
55214,80,84,-4,4
55215,144,148,-4,4
55216,83,78,5,5
55217,138,135,3,3
55218,107,95,12,12
55219,42,47,-5,5
55220,105,104,1,1
55221,129,122,7,7
55222,78,79,-1,1
55223,157,138,19,19
55224,135,129,6,6
55225,38,35,3,3
55226,174,161,13,13
55227,83,80,3,3
55228,79,73,6,6
55229,172,169,3,3
55230,76,65,11,11
55231,106,92,14,14
55232,102,104,-2,2
55233,60,70,-10,10
55234,160,144,16,16
55235,58,61,-3,3
55236,66,69,-3,3
55237,93,89,4,4
55238,97,86,11,11
55239,99,104,-5,5
55240,232,224,8,8
55241,111,106,5,5
55242,57,66,-9,9
55243,92,103,-11,11
55244,70,66,4,4
55245,58,71,-13,13
55246,58,56,2,2
55247,80,81,-1,1
55248,119,106,13,13
55249,111,102,9,9
55250,73,75,-2,2
55251,72,68,4,4
55252,98,90,8,8
55253,114,120,-6,6
55254,115,114,1,1
55255,180,51,129,129
55256,137,147,-10,10
55257,106,93,13,13
55258,116,114,2,2
55259,161,151,10,10
55260,53,57,-4,4
55261,160,147,13,13
55262,105,106,-1,1
55263,85,84,1,1
55264,137,137,0,0
55265,78,78,0,0
55266,152,155,-3,3
55267,107,99,8,8
55268,61,65,-4,4
55269,113,100,13,13
55270,145,143,2,2
55271,125,116,9,9
55272,63,65,-2,2
55273,83,83,0,0
55274,139,121,18,18
55275,79,74,5,5
55276,136,132,4,4
55277,77,76,1,1
55278,101,92,9,9
55279,54,58,-4,4
55280,103,102,1,1
55281,84,80,4,4
55282,62,66,-4,4
55283,149,152,-3,3
55284,52,55,-3,3
55285,143,143,0,0
55286,185,175,10,10
55287,121,109,12,12
55288,93,104,-11,11
55289,89,84,5,5
55290,71,69,2,2
55291,96,85,11,11
55292,92,80,12,12
55293,132,124,8,8
55294,110,114,-4,4
55295,81,80,1,1
55296,138,133,5,5
55297,121,125,-4,4
55298,136,124,12,12
55299,108,115,-7,7
55300,102,100,2,2
55301,107,117,-10,10
55302,123,118,5,5
55303,78,75,3,3
55304,123,126,-3,3
55305,191,170,21,21
55306,83,74,9,9
55307,66,69,-3,3
55308,147,136,11,11
55309,75,70,5,5
55310,142,146,-4,4
55311,54,59,-5,5
55312,79,84,-5,5
55313,65,56,9,9
55314,69,72,-3,3
55315,92,89,3,3
55316,116,101,15,15
55317,138,112,26,26
55318,60,66,-6,6
55319,113,109,4,4
55320,107,105,2,2
55321,71,79,-8,8
55322,87,80,7,7
55323,66,72,-6,6
55324,115,116,-1,1
55325,88,87,1,1
55326,59,66,-7,7
55327,109,102,7,7
55328,101,101,0,0
55329,99,87,12,12
55330,84,82,2,2
55331,79,73,6,6
55332,144,123,21,21
55333,74,78,-4,4
55334,67,72,-5,5
55335,79,80,-1,1
55336,69,69,0,0
55337,64,69,-5,5
55338,74,66,8,8
55339,122,143,-21,21
55340,88,92,-4,4
55341,85,98,-13,13
55342,135,144,-9,9
55343,150,133,17,17
55344,120,116,4,4
55345,85,81,4,4
55346,87,89,-2,2
55347,69,75,-6,6
55348,136,124,12,12
55349,139,116,23,23
55350,81,80,1,1
55351,88,86,2,2
55352,117,114,3,3
55353,127,137,-10,10
55354,83,82,1,1
55355,53,55,-2,2
55356,41,38,3,3
55357,97,96,1,1
55358,169,163,6,6
55359,112,102,10,10
55360,38,42,-4,4
55361,84,81,3,3
55362,67,70,-3,3
55363,92,84,8,8
55364,110,104,6,6
55365,88,96,-8,8
55366,78,75,3,3
55367,84,87,-3,3
55368,69,71,-2,2
55369,99,92,7,7
55370,101,109,-8,8
55371,86,84,2,2
55372,102,103,-1,1
55373,60,60,0,0
55374,54,56,-2,2
55375,111,117,-6,6
55376,138,130,8,8
55377,82,73,9,9
55378,96,110,-14,14
55379,62,67,-5,5
55380,161,157,4,4
55381,73,75,-2,2
55382,92,87,5,5
55383,115,114,1,1
55384,150,142,8,8
55385,78,78,0,0
55386,93,87,6,6
55387,80,77,3,3
55388,88,86,2,2
55389,89,86,3,3
55390,107,104,3,3
55391,76,68,8,8
55392,115,119,-4,4
55393,96,93,3,3
55394,119,116,3,3
55395,56,61,-5,5
55396,100,107,-7,7
55397,101,91,10,10
55398,89,81,8,8
55399,75,79,-4,4
55400,106,101,5,5
55401,68,70,-2,2
55402,69,65,4,4
55403,83,78,5,5
55404,85,88,-3,3
55405,130,128,2,2
55406,64,64,0,0
55407,44,55,-11,11
55408,83,77,6,6
55409,54,89,-35,35
55410,130,114,16,16
55411,91,92,-1,1
55412,59,82,-23,23
55413,109,97,12,12
55414,145,139,6,6
55415,65,61,4,4
55416,50,49,1,1
55417,147,134,13,13
55418,90,91,-1,1
55419,143,144,-1,1
55420,97,92,5,5
55421,111,107,4,4
55422,63,62,1,1
55423,70,83,-13,13
55424,109,92,17,17
55425,108,118,-10,10
55426,149,141,8,8
55427,98,94,4,4
55428,137,131,6,6
55429,45,50,-5,5
55430,95,88,7,7
55431,59,73,-14,14
55432,71,68,3,3
55433,117,118,-1,1
55434,73,76,-3,3
55435,80,79,1,1
55436,168,140,28,28
55437,149,153,-4,4
55438,53,53,0,0
55439,65,70,-5,5
55440,160,145,15,15
55441,83,80,3,3
55442,88,86,2,2
55443,98,82,16,16
55444,51,56,-5,5
55445,54,64,-10,10
55446,70,74,-4,4
55447,80,82,-2,2
55448,169,144,25,25
55449,109,105,4,4
55450,57,64,-7,7
55451,119,120,-1,1
55452,238,212,26,26
55453,132,132,0,0
55454,78,82,-4,4
55455,88,81,7,7
55456,85,85,0,0
55457,27,53,-26,26
55458,62,70,-8,8
55459,131,123,8,8
55460,138,128,10,10
55461,43,92,-49,49
55462,58,71,-13,13
55463,76,77,-1,1
55464,72,82,-10,10
55465,121,96,25,25
55466,107,101,6,6
55467,81,80,1,1
55468,49,64,-15,15
55469,113,104,9,9
55470,71,66,5,5
55471,44,48,-4,4
55472,81,78,3,3
55473,73,68,5,5
55474,85,87,-2,2
55475,100,94,6,6
55476,126,117,9,9
55477,96,90,6,6
55478,67,69,-2,2
55479,114,123,-9,9
55480,97,79,18,18
55481,185,161,24,24
55482,55,60,-5,5
55483,177,176,1,1
55484,85,82,3,3
55485,117,115,2,2
55486,157,144,13,13
55487,129,122,7,7
55488,94,101,-7,7
55489,87,89,-2,2
55490,139,120,19,19
55491,121,119,2,2
55492,65,58,7,7
55493,58,67,-9,9
55494,98,92,6,6
55495,37,36,1,1
55496,63,68,-5,5
55497,193,185,8,8
55498,101,106,-5,5
55499,69,82,-13,13
55500,133,127,6,6
55501,121,106,15,15
55502,91,91,0,0
55503,85,84,1,1
55504,67,74,-7,7
55505,117,115,2,2
55506,61,56,5,5
55507,61,63,-2,2
55508,97,105,-8,8
55509,81,82,-1,1
55510,89,90,-1,1
55511,58,66,-8,8
55512,80,71,9,9
55513,96,83,13,13
55514,87,87,0,0
55515,69,75,-6,6
55516,116,125,-9,9
55517,138,146,-8,8
55518,65,69,-4,4
55519,90,84,6,6
55520,87,85,2,2
55521,102,95,7,7
55522,79,87,-8,8
55523,146,150,-4,4
55524,130,118,12,12
55525,127,110,17,17
55526,96,87,9,9
55527,80,76,4,4
55528,132,139,-7,7
55529,115,98,17,17
55530,81,89,-8,8
55531,86,85,1,1
55532,105,95,10,10
55533,130,129,1,1
55534,84,81,3,3
55535,52,94,-42,42
55536,72,67,5,5
55537,82,79,3,3
55538,115,110,5,5
55539,100,94,6,6
55540,102,100,2,2
55541,107,106,1,1
55542,116,113,3,3
55543,61,57,4,4
55544,95,95,0,0
55545,78,74,4,4
55546,78,87,-9,9
55547,79,71,8,8
55548,82,83,-1,1
55549,71,74,-3,3
55550,128,120,8,8
55551,89,91,-2,2
55552,115,135,-20,20
55553,83,75,8,8
55554,80,73,7,7
55555,79,96,-17,17
55556,69,83,-14,14
55557,123,116,7,7
55558,67,71,-4,4
55559,135,126,9,9
55560,134,156,-22,22
55561,133,127,6,6
55562,52,56,-4,4
55563,175,165,10,10
55564,95,82,13,13
55565,122,118,4,4
55566,74,71,3,3
55567,73,77,-4,4
55568,53,57,-4,4
55569,69,71,-2,2
55570,103,112,-9,9
55571,45,49,-4,4
55572,107,101,6,6
55573,49,57,-8,8
55574,132,118,14,14
55575,89,89,0,0
55576,62,64,-2,2
55577,109,106,3,3
55578,81,80,1,1
55579,72,78,-6,6
55580,52,49,3,3
55581,74,77,-3,3
55582,36,44,-8,8
55583,68,71,-3,3
55584,73,76,-3,3
55585,89,87,2,2
55586,63,60,3,3
55587,69,75,-6,6
55588,103,103,0,0
55589,53,61,-8,8
55590,103,105,-2,2
55591,108,98,10,10
55592,109,159,-50,50
55593,187,183,4,4
55594,69,71,-2,2
55595,124,114,10,10
55596,117,118,-1,1
55597,94,92,2,2
55598,44,50,-6,6
55599,120,112,8,8
55600,140,140,0,0
55601,131,122,9,9
55602,100,106,-6,6
55603,147,146,1,1
55604,55,48,7,7
55605,126,129,-3,3
55606,84,87,-3,3
55607,81,83,-2,2
55608,110,91,19,19
55609,68,72,-4,4
55610,90,92,-2,2
55611,79,81,-2,2
55612,108,109,-1,1
55613,69,72,-3,3
55614,67,59,8,8
55615,151,155,-4,4
55616,121,114,7,7
55617,67,73,-6,6
55618,100,88,12,12
55619,105,105,0,0
55620,105,115,-10,10
55621,92,96,-4,4
55622,107,110,-3,3
55623,163,157,6,6
55624,110,108,2,2
55625,115,106,9,9
55626,93,82,11,11
55627,143,134,9,9
55628,105,82,23,23
55629,102,93,9,9
55630,54,53,1,1
55631,117,118,-1,1
55632,94,85,9,9
55633,121,104,17,17
55634,51,50,1,1
55635,93,99,-6,6
55636,136,136,0,0
55637,75,69,6,6
55638,83,74,9,9
55639,90,84,6,6
55640,110,108,2,2
55641,69,69,0,0
55642,110,107,3,3
55643,78,81,-3,3
55644,85,78,7,7
55645,89,86,3,3
55646,86,98,-12,12
55647,106,110,-4,4
55648,102,99,3,3
55649,52,56,-4,4
55650,207,204,3,3
55651,93,85,8,8
55652,113,114,-1,1
55653,97,96,1,1
55654,80,90,-10,10
55655,118,126,-8,8
55656,90,93,-3,3
55657,88,97,-9,9
55658,96,95,1,1
55659,103,108,-5,5
55660,65,69,-4,4
55661,48,51,-3,3
55662,85,74,11,11
55663,104,100,4,4
55664,54,56,-2,2
55665,89,77,12,12
55666,132,133,-1,1
55667,83,83,0,0
55668,80,80,0,0
55669,76,78,-2,2
55670,67,65,2,2
55671,89,84,5,5
55672,149,145,4,4
55673,106,114,-8,8
55674,149,148,1,1
55675,52,59,-7,7
55676,58,66,-8,8
55677,70,75,-5,5
55678,78,75,3,3
55679,212,192,20,20
55680,105,96,9,9
55681,101,88,13,13
55682,107,96,11,11
55683,145,139,6,6
55684,77,76,1,1
55685,108,92,16,16
55686,97,95,2,2
55687,90,82,8,8
55688,104,105,-1,1
55689,99,93,6,6
55690,94,85,9,9
55691,105,110,-5,5
55692,69,73,-4,4
55693,81,86,-5,5
55694,88,86,2,2
55695,112,117,-5,5
55696,93,94,-1,1
55697,130,128,2,2
55698,145,124,21,21
55699,130,124,6,6
55700,62,75,-13,13
55701,99,99,0,0
55702,67,67,0,0
55703,129,118,11,11
55704,72,74,-2,2
55705,96,91,5,5
55706,76,78,-2,2
55707,102,96,6,6
55708,81,79,2,2
55709,157,152,5,5
55710,100,104,-4,4
55711,122,116,6,6
55712,65,67,-2,2
55713,82,75,7,7
55714,95,87,8,8
55715,133,138,-5,5
55716,108,107,1,1
55717,81,80,1,1
55718,91,88,3,3
55719,134,126,8,8
55720,146,140,6,6
55721,93,96,-3,3
55722,53,54,-1,1
55723,108,98,10,10
55724,93,86,7,7
55725,99,87,12,12
55726,158,147,11,11
55727,66,74,-8,8
55728,66,66,0,0
55729,83,89,-6,6
55730,103,99,4,4
55731,54,61,-7,7
55732,144,133,11,11
55733,88,99,-11,11
55734,105,92,13,13
55735,115,107,8,8
55736,125,118,7,7
55737,67,74,-7,7
55738,193,172,21,21
55739,127,104,23,23
55740,29,31,-2,2
55741,86,84,2,2
55742,121,124,-3,3
55743,94,87,7,7
55744,125,113,12,12
55745,174,174,0,0
55746,163,155,8,8
55747,128,113,15,15
55748,155,143,12,12
55749,123,129,-6,6
55750,100,97,3,3
55751,80,84,-4,4
55752,121,116,5,5
55753,31,33,-2,2
55754,96,85,11,11
55755,80,75,5,5
55756,83,79,4,4
55757,82,79,3,3
55758,97,98,-1,1
55759,72,73,-1,1
55760,69,73,-4,4
55761,86,83,3,3
55762,73,86,-13,13
55763,100,102,-2,2
55764,66,68,-2,2
55765,83,71,12,12
55766,92,98,-6,6
55767,68,66,2,2
55768,118,121,-3,3
55769,97,109,-12,12
55770,62,67,-5,5
55771,78,73,5,5
55772,48,53,-5,5
55773,98,92,6,6
55774,71,73,-2,2
55775,62,68,-6,6
55776,45,71,-26,26
55777,122,121,1,1
55778,91,85,6,6
55779,71,137,-66,66
55780,68,66,2,2
55781,118,120,-2,2
55782,79,82,-3,3
55783,120,122,-2,2
55784,134,143,-9,9
55785,72,75,-3,3
55786,92,85,7,7
55787,49,71,-22,22
55788,100,98,2,2
55789,90,97,-7,7
55790,71,73,-2,2
55791,83,83,0,0
55792,71,70,1,1
55793,90,94,-4,4
55794,168,170,-2,2
55795,68,81,-13,13
55796,50,58,-8,8
55797,59,56,3,3
55798,52,60,-8,8
55799,104,100,4,4
55800,95,98,-3,3
55801,57,66,-9,9
55802,211,204,7,7
55803,58,58,0,0
55804,125,123,2,2
55805,99,95,4,4
55806,88,98,-10,10
55807,182,158,24,24
55808,99,98,1,1
55809,66,61,5,5
55810,169,159,10,10
55811,105,100,5,5
55812,92,91,1,1
55813,110,113,-3,3
55814,111,103,8,8
55815,95,86,9,9
55816,74,73,1,1
55817,135,118,17,17
55818,51,92,-41,41
55819,78,73,5,5
55820,118,107,11,11
55821,118,117,1,1
55822,104,102,2,2
55823,37,48,-11,11
55824,96,92,4,4
55825,93,85,8,8
55826,60,91,-31,31
55827,102,95,7,7
55828,112,113,-1,1
55829,73,80,-7,7
55830,142,129,13,13
55831,67,69,-2,2
55832,69,65,4,4
55833,103,179,-76,76
55834,42,67,-25,25
55835,99,82,17,17
55836,181,165,16,16
55837,94,86,8,8
55838,83,83,0,0
55839,98,83,15,15
55840,151,133,18,18
55841,149,128,21,21
55842,92,96,-4,4
55843,129,137,-8,8
55844,79,74,5,5
55845,119,124,-5,5
55846,159,150,9,9
55847,63,70,-7,7
55848,74,74,0,0
55849,141,143,-2,2
55850,133,125,8,8
55851,106,100,6,6
55852,180,170,10,10
55853,152,131,21,21
55854,85,78,7,7
55855,118,107,11,11
55856,127,122,5,5
55857,143,146,-3,3
55858,80,86,-6,6
55859,123,122,1,1
55860,131,125,6,6
55861,53,43,10,10
55862,83,76,7,7
55863,97,87,10,10
55864,120,124,-4,4
55865,71,69,2,2
55866,127,111,16,16
55867,68,70,-2,2
55868,79,79,0,0
55869,104,115,-11,11
55870,139,142,-3,3
55871,143,151,-8,8
55872,102,110,-8,8
55873,75,71,4,4
55874,105,107,-2,2
55875,71,62,9,9
55876,52,52,0,0
55877,73,69,4,4
55878,95,84,11,11
55879,84,78,6,6
55880,77,76,1,1
55881,63,73,-10,10
55882,80,87,-7,7
55883,111,102,9,9
55884,146,130,16,16
55885,136,144,-8,8
55886,58,57,1,1
55887,77,74,3,3
55888,74,98,-24,24
55889,157,153,4,4
55890,113,117,-4,4
55891,88,82,6,6
55892,98,98,0,0
55893,70,73,-3,3
55894,70,78,-8,8
55895,95,91,4,4
55896,113,97,16,16
55897,65,68,-3,3
55898,82,74,8,8
55899,89,91,-2,2
55900,90,83,7,7
55901,75,89,-14,14
55902,73,66,7,7
55903,45,53,-8,8
55904,75,84,-9,9
55905,89,82,7,7
55906,127,112,15,15
55907,189,188,1,1
55908,132,126,6,6
55909,95,88,7,7
55910,113,104,9,9
55911,81,78,3,3
55912,121,125,-4,4
55913,73,75,-2,2
55914,107,104,3,3
55915,72,70,2,2
55916,110,117,-7,7
55917,69,69,0,0
55918,149,136,13,13
55919,63,66,-3,3
55920,115,110,5,5
55921,105,100,5,5
55922,88,87,1,1
55923,65,69,-4,4
55924,87,87,0,0
55925,94,99,-5,5
55926,125,123,2,2
55927,93,83,10,10
55928,112,105,7,7
55929,103,87,16,16
55930,117,114,3,3
55931,95,90,5,5
55932,76,71,5,5
55933,94,104,-10,10
55934,50,52,-2,2
55935,115,119,-4,4
55936,105,97,8,8
55937,108,100,8,8
55938,141,141,0,0
55939,102,105,-3,3
55940,58,70,-12,12
55941,108,103,5,5
55942,89,79,10,10
55943,71,74,-3,3
55944,59,59,0,0
55945,89,82,7,7
55946,57,57,0,0
55947,106,98,8,8
55948,161,142,19,19
55949,92,86,6,6
55950,66,68,-2,2
55951,82,80,2,2
55952,84,75,9,9
55953,115,101,14,14
55954,110,106,4,4
55955,135,131,4,4
55956,93,89,4,4
55957,134,149,-15,15
55958,105,93,12,12
55959,79,76,3,3
55960,25,22,3,3
55961,124,129,-5,5
55962,29,34,-5,5
55963,96,84,12,12
55964,125,121,4,4
55965,52,57,-5,5
55966,101,100,1,1
55967,70,69,1,1
55968,98,89,9,9
55969,77,70,7,7
55970,167,152,15,15
55971,82,79,3,3
55972,91,84,7,7
55973,70,71,-1,1
55974,74,73,1,1
55975,121,120,1,1
55976,46,67,-21,21
55977,76,77,-1,1
55978,111,116,-5,5
55979,58,56,2,2
55980,65,65,0,0
55981,53,52,1,1
55982,109,118,-9,9
55983,80,81,-1,1
55984,88,87,1,1
55985,110,106,4,4
55986,98,88,10,10
55987,97,103,-6,6
55988,128,117,11,11
55989,144,136,8,8
55990,82,81,1,1
55991,131,124,7,7
55992,100,94,6,6
55993,95,93,2,2
55994,108,103,5,5
55995,82,81,1,1
55996,73,67,6,6
55997,94,96,-2,2
55998,99,107,-8,8
55999,88,81,7,7
56000,157,155,2,2
56001,75,75,0,0
56002,95,98,-3,3
56003,82,77,5,5
56004,160,172,-12,12
56005,146,139,7,7
56006,166,173,-7,7
56007,76,76,0,0
56008,139,135,4,4
56009,110,108,2,2
56010,118,125,-7,7
56011,122,115,7,7
56012,50,62,-12,12
56013,59,62,-3,3
56014,112,110,2,2
56015,108,121,-13,13
56016,42,42,0,0
56017,112,115,-3,3
56018,126,115,11,11
56019,88,93,-5,5
56020,121,104,17,17
56021,83,77,6,6
56022,95,101,-6,6
56023,98,88,10,10
56024,104,105,-1,1
56025,66,68,-2,2
56026,129,127,2,2
56027,85,76,9,9
56028,101,100,1,1
56029,68,70,-2,2
56030,86,85,1,1
56031,79,77,2,2
56032,91,91,0,0
56033,113,121,-8,8
56034,149,140,9,9
56035,76,77,-1,1
56036,107,105,2,2
56037,110,110,0,0
56038,75,78,-3,3
56039,100,102,-2,2
56040,110,116,-6,6
56041,115,111,4,4
56042,128,125,3,3
56043,177,164,13,13
56044,105,100,5,5
56045,79,142,-63,63
56046,126,123,3,3
56047,135,145,-10,10
56048,66,65,1,1
56049,148,139,9,9
56050,128,123,5,5
56051,106,97,9,9
56052,99,81,18,18
56053,73,64,9,9
56054,64,69,-5,5
56055,98,121,-23,23
56056,111,110,1,1
56057,124,125,-1,1
56058,117,110,7,7
56059,94,89,5,5
56060,86,79,7,7
56061,80,75,5,5
56062,105,109,-4,4
56063,77,81,-4,4
56064,101,98,3,3
56065,118,112,6,6
56066,130,109,21,21
56067,97,94,3,3
56068,77,77,0,0
56069,76,78,-2,2
56070,122,129,-7,7
56071,116,135,-19,19
56072,67,78,-11,11
56073,109,99,10,10
56074,62,67,-5,5
56075,95,82,13,13
56076,130,124,6,6
56077,49,58,-9,9
56078,64,63,1,1
56079,84,82,2,2
56080,147,127,20,20
56081,121,108,13,13
56082,158,156,2,2
56083,105,94,11,11
56084,99,102,-3,3
56085,108,112,-4,4
56086,159,157,2,2
56087,87,82,5,5
56088,128,138,-10,10
56089,58,72,-14,14
56090,110,108,2,2
56091,187,179,8,8
56092,87,86,1,1
56093,143,146,-3,3
56094,84,73,11,11
56095,132,135,-3,3
56096,74,73,1,1
56097,109,109,0,0
56098,86,104,-18,18
56099,111,106,5,5
56100,49,47,2,2
56101,73,73,0,0
56102,125,133,-8,8
56103,75,72,3,3
56104,78,77,1,1
56105,99,96,3,3
56106,103,110,-7,7
56107,106,98,8,8
56108,57,57,0,0
56109,139,132,7,7
56110,90,80,10,10
56111,67,66,1,1
56112,60,66,-6,6
56113,46,44,2,2
56114,56,64,-8,8
56115,135,125,10,10
56116,52,52,0,0
56117,102,95,7,7
56118,79,78,1,1
56119,75,79,-4,4
56120,118,120,-2,2
56121,107,110,-3,3
56122,24,18,6,6
56123,102,95,7,7
56124,78,80,-2,2
56125,94,81,13,13
56126,109,89,20,20
56127,139,135,4,4
56128,105,108,-3,3
56129,155,148,7,7
56130,53,54,-1,1
56131,82,90,-8,8
56132,159,165,-6,6
56133,105,98,7,7
56134,102,102,0,0
56135,78,77,1,1
56136,67,67,0,0
56137,149,147,2,2
56138,84,85,-1,1
56139,87,91,-4,4
56140,132,139,-7,7
56141,83,79,4,4
56142,75,69,6,6
56143,99,94,5,5
56144,77,83,-6,6
56145,97,88,9,9
56146,132,108,24,24
56147,105,111,-6,6
56148,105,86,19,19
56149,59,55,4,4
56150,69,67,2,2
56151,120,115,5,5
56152,59,63,-4,4
56153,105,91,14,14
56154,81,78,3,3
56155,156,154,2,2
56156,62,67,-5,5
56157,63,66,-3,3
56158,156,138,18,18
56159,48,136,-88,88
56160,81,80,1,1
56161,78,79,-1,1
56162,72,68,4,4
56163,110,106,4,4
56164,76,80,-4,4
56165,82,80,2,2
56166,76,75,1,1
56167,106,102,4,4
56168,109,117,-8,8
56169,96,89,7,7
56170,129,136,-7,7
56171,71,69,2,2
56172,124,135,-11,11
56173,107,104,3,3
56174,97,93,4,4
56175,113,103,10,10
56176,152,144,8,8
56177,91,107,-16,16
56178,78,75,3,3
56179,158,147,11,11
56180,117,113,4,4
56181,97,97,0,0
56182,83,78,5,5
56183,132,125,7,7
56184,79,79,0,0
56185,101,105,-4,4
56186,135,124,11,11
56187,96,71,25,25
56188,82,74,8,8
56189,70,78,-8,8
56190,110,103,7,7
56191,141,125,16,16
56192,61,58,3,3
56193,97,88,9,9
56194,119,102,17,17
56195,67,70,-3,3
56196,92,103,-11,11
56197,84,71,13,13
56198,65,70,-5,5
56199,84,87,-3,3
56200,124,114,10,10
56201,135,134,1,1
56202,146,134,12,12
56203,109,116,-7,7
56204,145,146,-1,1
56205,89,80,9,9
56206,136,131,5,5
56207,85,82,3,3
56208,55,63,-8,8
56209,92,100,-8,8
56210,61,63,-2,2
56211,132,121,11,11
56212,65,70,-5,5
56213,112,115,-3,3
56214,107,98,9,9
56215,48,45,3,3
56216,55,58,-3,3
56217,109,105,4,4
56218,136,128,8,8
56219,94,97,-3,3
56220,45,46,-1,1
56221,139,127,12,12
56222,72,79,-7,7
56223,156,136,20,20
56224,58,65,-7,7
56225,96,83,13,13
56226,83,79,4,4
56227,94,86,8,8
56228,29,33,-4,4
56229,124,122,2,2
56230,71,74,-3,3
56231,146,131,15,15
56232,97,86,11,11
56233,104,105,-1,1
56234,32,40,-8,8
56235,140,131,9,9
56236,57,56,1,1
56237,112,111,1,1
56238,70,74,-4,4
56239,92,85,7,7
56240,57,67,-10,10
56241,107,113,-6,6
56242,76,76,0,0
56243,81,79,2,2
56244,115,125,-10,10
56245,22,68,-46,46
56246,96,97,-1,1
56247,84,90,-6,6
56248,103,100,3,3
56249,126,111,15,15
56250,76,73,3,3
56251,159,145,14,14
56252,74,67,7,7
56253,87,79,8,8
56254,46,56,-10,10
56255,33,37,-4,4
56256,76,67,9,9
56257,98,95,3,3
56258,73,70,3,3
56259,105,95,10,10
56260,51,61,-10,10
56261,94,83,11,11
56262,54,61,-7,7
56263,86,89,-3,3
56264,60,67,-7,7
56265,144,136,8,8
56266,74,64,10,10
56267,90,78,12,12
56268,100,103,-3,3
56269,107,116,-9,9
56270,129,114,15,15
56271,133,124,9,9
56272,70,75,-5,5
56273,101,92,9,9
56274,60,67,-7,7
56275,200,177,23,23
56276,64,61,3,3
56277,143,135,8,8
56278,90,84,6,6
56279,72,68,4,4
56280,85,87,-2,2
56281,136,136,0,0
56282,94,102,-8,8
56283,135,119,16,16
56284,102,95,7,7
56285,71,80,-9,9
56286,74,75,-1,1
56287,122,128,-6,6
56288,86,83,3,3
56289,40,44,-4,4
56290,109,116,-7,7
56291,113,113,0,0
56292,110,105,5,5
56293,68,68,0,0
56294,130,132,-2,2
56295,89,89,0,0
56296,106,106,0,0
56297,98,98,0,0
56298,71,57,14,14
56299,128,130,-2,2
56300,158,138,20,20
56301,82,79,3,3
56302,42,43,-1,1
56303,67,68,-1,1
56304,107,114,-7,7
56305,77,75,2,2
56306,113,118,-5,5
56307,73,73,0,0
56308,189,184,5,5
56309,101,101,0,0
56310,117,130,-13,13
56311,113,113,0,0
56312,81,76,5,5
56313,113,106,7,7
56314,108,102,6,6
56315,133,140,-7,7
56316,117,115,2,2
56317,119,116,3,3
56318,72,67,5,5
56319,72,82,-10,10
56320,105,107,-2,2
56321,70,68,2,2
56322,66,62,4,4
56323,152,138,14,14
56324,89,83,6,6
56325,20,10,10,10
56326,72,75,-3,3
56327,89,83,6,6
56328,83,87,-4,4
56329,121,136,-15,15
56330,119,110,9,9
56331,101,99,2,2
56332,84,83,1,1
56333,78,82,-4,4
56334,166,154,12,12
56335,117,114,3,3
56336,141,143,-2,2
56337,123,122,1,1
56338,162,158,4,4
56339,50,56,-6,6
56340,60,56,4,4
56341,86,86,0,0
56342,70,73,-3,3
56343,129,129,0,0
56344,65,70,-5,5
56345,75,80,-5,5
56346,91,72,19,19
56347,55,62,-7,7
56348,82,83,-1,1
56349,102,104,-2,2
56350,74,73,1,1
56351,84,80,4,4
56352,128,120,8,8
56353,91,89,2,2
56354,120,117,3,3
56355,85,86,-1,1
56356,108,117,-9,9
56357,72,71,1,1
56358,90,80,10,10
56359,85,86,-1,1
56360,112,109,3,3
56361,148,152,-4,4
56362,105,106,-1,1
56363,44,46,-2,2
56364,42,55,-13,13
56365,103,92,11,11
56366,93,80,13,13
56367,63,64,-1,1
56368,169,179,-10,10
56369,65,66,-1,1
56370,74,76,-2,2
56371,99,103,-4,4
56372,129,130,-1,1
56373,93,86,7,7
56374,139,133,6,6
56375,64,112,-48,48
56376,93,87,6,6
56377,53,70,-17,17
56378,110,105,5,5
56379,97,91,6,6
56380,170,159,11,11
56381,56,68,-12,12
56382,172,173,-1,1
56383,71,71,0,0
56384,161,146,15,15
56385,130,135,-5,5
56386,101,100,1,1
56387,107,105,2,2
56388,101,98,3,3
56389,64,70,-6,6
56390,75,72,3,3
56391,128,128,0,0
56392,80,78,2,2
56393,129,129,0,0
56394,54,61,-7,7
56395,71,77,-6,6
56396,55,48,7,7
56397,91,92,-1,1
56398,119,115,4,4
56399,94,90,4,4
56400,158,145,13,13
56401,60,66,-6,6
56402,158,159,-1,1
56403,56,55,1,1
56404,121,121,0,0
56405,79,72,7,7
56406,120,112,8,8
56407,64,68,-4,4
56408,62,79,-17,17
56409,80,77,3,3
56410,135,127,8,8
56411,102,121,-19,19
56412,115,105,10,10
56413,142,144,-2,2
56414,115,128,-13,13
56415,119,124,-5,5
56416,138,134,4,4
56417,97,86,11,11
56418,80,74,6,6
56419,97,99,-2,2
56420,111,113,-2,2
56421,91,91,0,0
56422,95,100,-5,5
56423,91,91,0,0
56424,101,89,12,12
56425,130,128,2,2
56426,89,90,-1,1
56427,86,92,-6,6
56428,178,165,13,13
56429,168,162,6,6
56430,63,64,-1,1
56431,69,65,4,4
56432,186,169,17,17
56433,143,133,10,10
56434,76,65,11,11
56435,87,88,-1,1
56436,46,55,-9,9
56437,81,82,-1,1
56438,43,45,-2,2
56439,125,124,1,1
56440,190,183,7,7
56441,112,98,14,14
56442,161,155,6,6
56443,119,108,11,11
56444,98,99,-1,1
56445,122,117,5,5
56446,94,89,5,5
56447,68,77,-9,9
56448,103,87,16,16
56449,126,104,22,22
56450,75,73,2,2
56451,123,111,12,12
56452,81,77,4,4
56453,144,150,-6,6
56454,53,48,5,5
56455,164,148,16,16
56456,60,65,-5,5
56457,117,114,3,3
56458,121,120,1,1
56459,90,94,-4,4
56460,86,82,4,4
56461,63,68,-5,5
56462,147,134,13,13
56463,103,99,4,4
56464,68,70,-2,2
56465,91,84,7,7
56466,81,70,11,11
56467,71,71,0,0
56468,63,65,-2,2
56469,123,124,-1,1
56470,105,101,4,4
56471,81,82,-1,1
56472,112,121,-9,9
56473,78,78,0,0
56474,85,81,4,4
56475,118,117,1,1
56476,65,64,1,1
56477,127,133,-6,6
56478,83,80,3,3
56479,91,84,7,7
56480,62,67,-5,5
56481,75,78,-3,3
56482,88,94,-6,6
56483,163,158,5,5
56484,48,64,-16,16
56485,93,102,-9,9
56486,85,83,2,2
56487,142,142,0,0
56488,93,100,-7,7
56489,73,71,2,2
56490,65,69,-4,4
56491,83,80,3,3
56492,77,76,1,1
56493,113,109,4,4
56494,121,116,5,5
56495,71,70,1,1
56496,64,63,1,1
56497,70,78,-8,8
56498,155,151,4,4
56499,59,59,0,0
56500,80,74,6,6
56501,80,81,-1,1
56502,59,62,-3,3
56503,83,75,8,8
56504,68,63,5,5
56505,77,84,-7,7
56506,121,108,13,13
56507,63,74,-11,11
56508,82,80,2,2
56509,145,142,3,3
56510,63,70,-7,7
56511,124,125,-1,1
56512,83,91,-8,8
56513,175,173,2,2
56514,185,182,3,3
56515,65,65,0,0
56516,61,60,1,1
56517,76,74,2,2
56518,75,80,-5,5
56519,74,89,-15,15
56520,136,119,17,17
56521,47,55,-8,8
56522,66,60,6,6
56523,131,124,7,7
56524,123,107,16,16
56525,118,115,3,3
56526,58,58,0,0
56527,89,85,4,4
56528,156,146,10,10
56529,55,62,-7,7
56530,115,103,12,12
56531,111,106,5,5
56532,116,126,-10,10
56533,62,72,-10,10
56534,108,101,7,7
56535,120,125,-5,5
56536,112,113,-1,1
56537,56,67,-11,11
56538,142,144,-2,2
56539,91,79,12,12
56540,86,83,3,3
56541,121,120,1,1
56542,80,76,4,4
56543,103,105,-2,2
56544,76,81,-5,5
56545,100,126,-26,26
56546,94,88,6,6
56547,117,123,-6,6
56548,84,79,5,5
56549,87,89,-2,2
56550,127,117,10,10
56551,90,100,-10,10
56552,96,90,6,6
56553,56,57,-1,1
56554,74,69,5,5
56555,98,91,7,7
56556,107,114,-7,7
56557,125,109,16,16
56558,66,62,4,4
56559,91,97,-6,6
56560,154,163,-9,9
56561,151,139,12,12
56562,77,75,2,2
56563,60,63,-3,3
56564,72,79,-7,7
56565,132,118,14,14
56566,74,71,3,3
56567,63,67,-4,4
56568,129,129,0,0
56569,169,166,3,3
56570,88,99,-11,11
56571,129,125,4,4
56572,140,134,6,6
56573,80,86,-6,6
56574,94,95,-1,1
56575,49,57,-8,8
56576,145,142,3,3
56577,97,98,-1,1
56578,94,94,0,0
56579,83,80,3,3
56580,135,130,5,5
56581,103,99,4,4
56582,40,45,-5,5
56583,119,137,-18,18
56584,60,65,-5,5
56585,44,44,0,0
56586,104,106,-2,2
56587,49,48,1,1
56588,70,88,-18,18
56589,59,65,-6,6
56590,114,124,-10,10
56591,65,60,5,5
56592,60,63,-3,3
56593,121,131,-10,10
56594,115,108,7,7
56595,75,71,4,4
56596,74,70,4,4
56597,103,99,4,4
56598,59,61,-2,2
56599,125,128,-3,3
56600,94,88,6,6
56601,73,73,0,0
56602,54,50,4,4
56603,58,56,2,2
56604,174,172,2,2
56605,46,44,2,2
56606,79,79,0,0
56607,108,97,11,11
56608,50,60,-10,10
56609,120,108,12,12
56610,159,147,12,12
56611,171,174,-3,3
56612,81,83,-2,2
56613,85,84,1,1
56614,118,134,-16,16
56615,73,76,-3,3
56616,114,109,5,5
56617,77,70,7,7
56618,150,130,20,20
56619,72,76,-4,4
56620,64,84,-20,20
56621,85,96,-11,11
56622,112,115,-3,3
56623,57,57,0,0
56624,101,98,3,3
56625,83,84,-1,1
56626,74,71,3,3
56627,142,132,10,10
56628,111,98,13,13
56629,135,121,14,14
56630,64,68,-4,4
56631,75,67,8,8
56632,188,188,0,0
56633,63,84,-21,21
56634,124,114,10,10
56635,42,50,-8,8
56636,136,121,15,15
56637,50,52,-2,2
56638,87,101,-14,14
56639,140,132,8,8
56640,94,92,2,2
56641,94,89,5,5
56642,61,73,-12,12
56643,86,88,-2,2
56644,126,112,14,14
56645,63,63,0,0
56646,82,76,6,6
56647,140,145,-5,5
56648,134,123,11,11
56649,79,78,1,1
56650,126,135,-9,9
56651,101,105,-4,4
56652,103,100,3,3
56653,70,67,3,3
56654,85,76,9,9
56655,84,85,-1,1
56656,58,64,-6,6
56657,139,128,11,11
56658,67,78,-11,11
56659,101,105,-4,4
56660,83,84,-1,1
56661,66,63,3,3
56662,59,59,0,0
56663,77,79,-2,2
56664,53,62,-9,9
56665,130,125,5,5
56666,59,65,-6,6
56667,94,82,12,12
56668,120,114,6,6
56669,108,99,9,9
56670,95,84,11,11
56671,67,66,1,1
56672,103,101,2,2
56673,68,66,2,2
56674,82,82,0,0
56675,111,114,-3,3
56676,78,76,2,2
56677,59,66,-7,7
56678,72,76,-4,4
56679,101,96,5,5
56680,77,82,-5,5
56681,65,64,1,1
56682,64,73,-9,9
56683,57,66,-9,9
56684,95,98,-3,3
56685,68,70,-2,2
56686,137,125,12,12
56687,65,70,-5,5
56688,82,79,3,3
56689,73,79,-6,6
56690,96,106,-10,10
56691,110,113,-3,3
56692,139,135,4,4
56693,87,74,13,13
56694,113,99,14,14
56695,40,35,5,5
56696,81,83,-2,2
56697,51,61,-10,10
56698,173,159,14,14
56699,72,83,-11,11
56700,107,103,4,4
56701,112,116,-4,4
56702,125,116,9,9
56703,56,58,-2,2
56704,141,126,15,15
56705,150,139,11,11
56706,136,137,-1,1
56707,127,119,8,8
56708,132,140,-8,8
56709,96,86,10,10
56710,35,49,-14,14
56711,86,83,3,3
56712,108,98,10,10
56713,149,140,9,9
56714,103,103,0,0
56715,144,154,-10,10
56716,135,128,7,7
56717,112,105,7,7
56718,86,98,-12,12
56719,54,51,3,3
56720,78,74,4,4
56721,72,71,1,1
56722,87,89,-2,2
56723,79,100,-21,21
56724,109,123,-14,14
56725,120,105,15,15
56726,173,160,13,13
56727,57,66,-9,9
56728,40,38,2,2
56729,82,84,-2,2
56730,70,75,-5,5
56731,86,86,0,0
56732,98,98,0,0
56733,134,144,-10,10
56734,45,43,2,2
56735,129,121,8,8
56736,68,74,-6,6
56737,91,82,9,9
56738,113,108,5,5
56739,52,59,-7,7
56740,94,88,6,6
56741,94,101,-7,7
56742,113,110,3,3
56743,128,115,13,13
56744,99,104,-5,5
56745,105,99,6,6
56746,86,103,-17,17
56747,148,141,7,7
56748,138,122,16,16
56749,99,85,14,14
56750,94,94,0,0
56751,73,77,-4,4
56752,153,138,15,15
56753,95,97,-2,2
56754,118,123,-5,5
56755,129,123,6,6
56756,50,68,-18,18
56757,123,115,8,8
56758,142,137,5,5
56759,123,119,4,4
56760,148,146,2,2
56761,107,104,3,3
56762,98,102,-4,4
56763,112,111,1,1
56764,137,128,9,9
56765,106,104,2,2
56766,97,86,11,11
56767,96,99,-3,3
56768,245,194,51,51
56769,115,107,8,8
56770,81,75,6,6
56771,130,113,17,17
56772,86,78,8,8
56773,128,121,7,7
56774,73,71,2,2
56775,110,102,8,8
56776,130,122,8,8
56777,97,95,2,2
56778,80,81,-1,1
56779,91,87,4,4
56780,88,80,8,8
56781,105,104,1,1
56782,75,72,3,3
56783,93,101,-8,8
56784,115,110,5,5
56785,133,124,9,9
56786,142,127,15,15
56787,62,72,-10,10
56788,78,78,0,0
56789,91,83,8,8
56790,102,94,8,8
56791,109,107,2,2
56792,102,94,8,8
56793,90,81,9,9
56794,135,118,17,17
56795,31,52,-21,21
56796,143,136,7,7
56797,123,117,6,6
56798,102,99,3,3
56799,59,60,-1,1
56800,83,85,-2,2
56801,99,95,4,4
56802,50,67,-17,17
56803,168,150,18,18
56804,80,83,-3,3
56805,104,116,-12,12
56806,117,114,3,3
56807,113,118,-5,5
56808,73,94,-21,21
56809,72,75,-3,3
56810,144,121,23,23
56811,131,130,1,1
56812,107,123,-16,16
56813,85,85,0,0
56814,58,67,-9,9
56815,67,67,0,0
56816,62,63,-1,1
56817,63,58,5,5
56818,148,152,-4,4
56819,139,126,13,13
56820,82,85,-3,3
56821,133,127,6,6
56822,70,75,-5,5
56823,99,102,-3,3
56824,115,111,4,4
56825,121,119,2,2
56826,107,112,-5,5
56827,113,100,13,13
56828,61,68,-7,7
56829,80,75,5,5
56830,78,75,3,3
56831,68,65,3,3
56832,122,128,-6,6
56833,109,95,14,14
56834,71,68,3,3
56835,60,68,-8,8
56836,125,119,6,6
56837,68,69,-1,1
56838,114,111,3,3
56839,93,79,14,14
56840,75,78,-3,3
56841,99,100,-1,1
56842,133,128,5,5
56843,78,82,-4,4
56844,45,39,6,6
56845,87,75,12,12
56846,72,86,-14,14
56847,129,124,5,5
56848,93,86,7,7
56849,95,98,-3,3
56850,119,122,-3,3
56851,96,82,14,14
56852,45,47,-2,2
56853,151,142,9,9
56854,75,74,1,1
56855,84,84,0,0
56856,75,73,2,2
56857,97,136,-39,39
56858,79,80,-1,1
56859,132,125,7,7
56860,108,102,6,6
56861,115,107,8,8
56862,89,97,-8,8
56863,84,85,-1,1
56864,132,127,5,5
56865,94,85,9,9
56866,182,183,-1,1
56867,170,157,13,13
56868,93,90,3,3
56869,70,76,-6,6
56870,38,41,-3,3
56871,102,108,-6,6
56872,139,129,10,10
56873,97,105,-8,8
56874,87,83,4,4
56875,86,78,8,8
56876,76,85,-9,9
56877,91,99,-8,8
56878,81,79,2,2
56879,86,75,11,11
56880,90,84,6,6
56881,73,77,-4,4
56882,122,121,1,1
56883,81,78,3,3
56884,182,171,11,11
56885,73,76,-3,3
56886,108,103,5,5
56887,70,67,3,3
56888,170,160,10,10
56889,98,95,3,3
56890,83,85,-2,2
56891,89,92,-3,3
56892,79,82,-3,3
56893,77,80,-3,3
56894,82,86,-4,4
56895,79,80,-1,1
56896,165,151,14,14
56897,57,67,-10,10
56898,94,104,-10,10
56899,101,86,15,15
56900,170,178,-8,8
56901,68,75,-7,7
56902,121,115,6,6
56903,137,125,12,12
56904,72,69,3,3
56905,109,106,3,3
56906,81,76,5,5
56907,71,73,-2,2
56908,135,134,1,1
56909,105,102,3,3
56910,101,93,8,8
56911,71,79,-8,8
56912,93,91,2,2
56913,75,74,1,1
56914,68,134,-66,66
56915,107,101,6,6
56916,76,72,4,4
56917,127,119,8,8
56918,117,120,-3,3
56919,123,107,16,16
56920,158,161,-3,3
56921,96,94,2,2
56922,44,42,2,2
56923,100,99,1,1
56924,69,72,-3,3
56925,77,82,-5,5
56926,66,73,-7,7
56927,71,65,6,6
56928,117,114,3,3
56929,103,107,-4,4
56930,99,98,1,1
56931,131,128,3,3
56932,50,43,7,7
56933,39,36,3,3
56934,74,72,2,2
56935,51,55,-4,4
56936,91,93,-2,2
56937,104,110,-6,6
56938,76,75,1,1
56939,126,126,0,0
56940,79,80,-1,1
56941,88,93,-5,5
56942,103,101,2,2
56943,156,143,13,13
56944,153,149,4,4
56945,82,79,3,3
56946,69,74,-5,5
56947,85,87,-2,2
56948,90,101,-11,11
56949,118,108,10,10
56950,113,116,-3,3
56951,63,71,-8,8
56952,39,47,-8,8
56953,125,121,4,4
56954,111,129,-18,18
56955,85,80,5,5
56956,69,74,-5,5
56957,164,155,9,9
56958,115,114,1,1
56959,100,118,-18,18
56960,97,97,0,0
56961,76,85,-9,9
56962,109,119,-10,10
56963,122,116,6,6
56964,75,77,-2,2
56965,94,92,2,2
56966,73,69,4,4
56967,138,127,11,11
56968,109,89,20,20
56969,84,91,-7,7
56970,65,63,2,2
56971,97,92,5,5
56972,150,142,8,8
56973,158,155,3,3
56974,74,75,-1,1
56975,64,70,-6,6
56976,102,102,0,0
56977,83,93,-10,10
56978,181,160,21,21
56979,149,135,14,14
56980,67,63,4,4
56981,108,112,-4,4
56982,126,123,3,3
56983,129,121,8,8
56984,123,118,5,5
56985,88,81,7,7
56986,79,86,-7,7
56987,122,105,17,17
56988,88,79,9,9
56989,129,134,-5,5
56990,82,79,3,3
56991,72,74,-2,2
56992,116,108,8,8
56993,93,99,-6,6
56994,82,77,5,5
56995,153,153,0,0
56996,169,154,15,15
56997,79,89,-10,10
56998,92,88,4,4
56999,123,118,5,5
57000,75,93,-18,18
57001,162,167,-5,5
57002,79,78,1,1
57003,90,85,5,5
57004,74,82,-8,8
57005,130,126,4,4
57006,128,118,10,10
57007,75,85,-10,10
57008,86,86,0,0
57009,111,112,-1,1
57010,100,94,6,6
57011,57,64,-7,7
57012,126,123,3,3
57013,61,67,-6,6
57014,79,79,0,0
57015,80,70,10,10
57016,49,58,-9,9
57017,83,83,0,0
57018,65,68,-3,3
57019,76,77,-1,1
57020,99,97,2,2
57021,152,137,15,15
57022,74,76,-2,2
57023,90,96,-6,6
57024,116,124,-8,8
57025,150,148,2,2
57026,98,109,-11,11
57027,136,124,12,12
57028,109,107,2,2
57029,131,148,-17,17
57030,44,50,-6,6
57031,52,52,0,0
57032,73,73,0,0
57033,160,127,33,33
57034,104,102,2,2
57035,71,67,4,4
57036,52,55,-3,3
57037,69,65,4,4
57038,120,107,13,13
57039,51,43,8,8
57040,65,74,-9,9
57041,93,85,8,8
57042,62,78,-16,16
57043,108,102,6,6
57044,86,91,-5,5
57045,65,71,-6,6
57046,151,151,0,0
57047,82,87,-5,5
57048,54,53,1,1
57049,57,62,-5,5
57050,87,86,1,1
57051,75,79,-4,4
57052,76,78,-2,2
57053,144,142,2,2
57054,82,84,-2,2
57055,70,70,0,0
57056,65,69,-4,4
57057,130,131,-1,1
57058,179,186,-7,7
57059,143,146,-3,3
57060,128,124,4,4
57061,59,59,0,0
57062,141,131,10,10
57063,91,84,7,7
57064,117,109,8,8
57065,103,99,4,4
57066,102,105,-3,3
57067,150,127,23,23
57068,91,83,8,8
57069,82,84,-2,2
57070,72,66,6,6
57071,146,131,15,15
57072,51,53,-2,2
57073,119,123,-4,4
57074,94,95,-1,1
57075,113,101,12,12
57076,115,112,3,3
57077,50,53,-3,3
57078,72,86,-14,14
57079,127,121,6,6
57080,67,93,-26,26
57081,76,76,0,0
57082,96,106,-10,10
57083,137,147,-10,10
57084,189,183,6,6
57085,83,83,0,0
57086,90,90,0,0
57087,85,83,2,2
57088,99,97,2,2
57089,88,85,3,3
57090,163,161,2,2
57091,78,80,-2,2
57092,63,62,1,1
57093,87,88,-1,1
57094,81,83,-2,2
57095,117,129,-12,12
57096,86,78,8,8
57097,97,94,3,3
57098,120,117,3,3
57099,61,56,5,5
57100,109,115,-6,6
57101,82,81,1,1
57102,98,86,12,12
57103,100,91,9,9
57104,114,104,10,10
57105,61,65,-4,4
57106,88,91,-3,3
57107,75,76,-1,1
57108,96,97,-1,1
57109,125,130,-5,5
57110,216,200,16,16
57111,91,88,3,3
57112,149,172,-23,23
57113,104,94,10,10
57114,69,73,-4,4
57115,65,67,-2,2
57116,116,104,12,12
57117,66,67,-1,1
57118,53,55,-2,2
57119,61,68,-7,7
57120,106,107,-1,1
57121,118,107,11,11
57122,145,140,5,5
57123,90,84,6,6
57124,76,73,3,3
57125,48,53,-5,5
57126,38,39,-1,1
57127,65,68,-3,3
57128,98,88,10,10
57129,48,61,-13,13
57130,93,94,-1,1
57131,117,119,-2,2
57132,66,69,-3,3
57133,110,98,12,12
57134,121,118,3,3
57135,95,88,7,7
57136,81,79,2,2
57137,48,58,-10,10
57138,80,82,-2,2
57139,136,149,-13,13
57140,55,53,2,2
57141,110,104,6,6
57142,104,117,-13,13
57143,89,82,7,7
57144,90,100,-10,10
57145,111,111,0,0
57146,85,94,-9,9
57147,113,111,2,2
57148,100,101,-1,1
57149,147,133,14,14
57150,86,92,-6,6
57151,76,78,-2,2
57152,164,144,20,20
57153,130,120,10,10
57154,99,88,11,11
57155,40,42,-2,2
57156,175,179,-4,4
57157,148,145,3,3
57158,106,107,-1,1
57159,152,152,0,0
57160,91,96,-5,5
57161,98,91,7,7
57162,51,64,-13,13
57163,88,88,0,0
57164,89,84,5,5
57165,63,62,1,1
57166,84,83,1,1
57167,75,70,5,5
57168,117,108,9,9
57169,111,112,-1,1
57170,134,148,-14,14
57171,81,87,-6,6
57172,101,106,-5,5
57173,61,59,2,2
57174,116,115,1,1
57175,77,83,-6,6
57176,121,123,-2,2
57177,101,96,5,5
57178,22,27,-5,5
57179,89,86,3,3
57180,134,133,1,1
57181,132,137,-5,5
57182,48,52,-4,4
57183,102,96,6,6
57184,90,82,8,8
57185,89,92,-3,3
57186,109,112,-3,3
57187,164,150,14,14
57188,93,94,-1,1
57189,93,96,-3,3
57190,63,72,-9,9
57191,99,99,0,0
57192,72,72,0,0
57193,85,84,1,1
57194,76,78,-2,2
57195,85,81,4,4
57196,125,96,29,29
57197,63,65,-2,2
57198,47,58,-11,11
57199,123,123,0,0
57200,88,99,-11,11
57201,75,71,4,4
57202,78,77,1,1
57203,73,65,8,8
57204,113,125,-12,12
57205,88,82,6,6
57206,91,79,12,12
57207,99,97,2,2
57208,92,100,-8,8
57209,102,106,-4,4
57210,84,85,-1,1
57211,153,147,6,6
57212,117,125,-8,8
57213,61,60,1,1
57214,81,77,4,4
57215,148,143,5,5
57216,88,74,14,14
57217,109,105,4,4
57218,124,119,5,5
57219,44,57,-13,13
57220,75,72,3,3
57221,107,110,-3,3
57222,74,78,-4,4
57223,75,68,7,7
57224,97,90,7,7
57225,95,85,10,10
57226,72,68,4,4
57227,71,68,3,3
57228,100,98,2,2
57229,110,96,14,14
57230,67,60,7,7
57231,59,59,0,0
57232,162,149,13,13
57233,97,100,-3,3
57234,66,73,-7,7
57235,87,82,5,5
57236,142,135,7,7
57237,77,79,-2,2
57238,61,58,3,3
57239,61,117,-56,56
57240,131,119,12,12
57241,84,83,1,1
57242,77,80,-3,3
57243,60,62,-2,2
57244,77,80,-3,3
57245,47,53,-6,6
57246,71,77,-6,6
57247,118,122,-4,4
57248,105,116,-11,11
57249,137,130,7,7
57250,48,67,-19,19
57251,81,82,-1,1
57252,105,97,8,8
57253,107,103,4,4
57254,149,141,8,8
57255,88,84,4,4
57256,104,94,10,10
57257,130,113,17,17
57258,118,119,-1,1
57259,50,69,-19,19
57260,113,104,9,9
57261,48,50,-2,2
57262,105,107,-2,2
57263,63,74,-11,11
57264,63,68,-5,5
57265,65,71,-6,6
57266,105,106,-1,1
57267,38,39,-1,1
57268,57,60,-3,3
57269,94,88,6,6
57270,87,79,8,8
57271,68,70,-2,2
57272,66,73,-7,7
57273,87,87,0,0
57274,121,112,9,9
57275,104,97,7,7
57276,124,125,-1,1
57277,158,141,17,17
57278,30,33,-3,3
57279,101,118,-17,17
57280,86,76,10,10
57281,93,85,8,8
57282,123,136,-13,13
57283,102,87,15,15
57284,142,154,-12,12
57285,61,75,-14,14
57286,75,79,-4,4
57287,125,129,-4,4
57288,95,90,5,5
57289,171,162,9,9
57290,96,129,-33,33
57291,123,122,1,1
57292,106,113,-7,7
57293,62,66,-4,4
57294,87,84,3,3
57295,57,61,-4,4
57296,56,52,4,4
57297,124,119,5,5
57298,81,79,2,2
57299,109,95,14,14
57300,165,168,-3,3
57301,171,172,-1,1
57302,104,101,3,3
57303,59,65,-6,6
57304,40,45,-5,5
57305,74,93,-19,19
57306,127,122,5,5
57307,73,82,-9,9
57308,130,121,9,9
57309,47,64,-17,17
57310,59,59,0,0
57311,156,137,19,19
57312,101,91,10,10
57313,89,77,12,12
57314,95,91,4,4
57315,60,71,-11,11
57316,91,89,2,2
57317,74,74,0,0
57318,160,149,11,11
57319,114,108,6,6
57320,148,141,7,7
57321,80,74,6,6
57322,24,25,-1,1
57323,52,55,-3,3
57324,259,228,31,31
57325,44,46,-2,2
57326,149,144,5,5
57327,57,62,-5,5
57328,126,128,-2,2
57329,142,130,12,12
57330,111,116,-5,5
57331,167,160,7,7
57332,76,77,-1,1
57333,69,65,4,4
57334,110,116,-6,6
57335,92,98,-6,6
57336,99,84,15,15
57337,95,96,-1,1
57338,114,104,10,10
57339,91,93,-2,2
57340,104,101,3,3
57341,84,82,2,2
57342,164,148,16,16
57343,44,52,-8,8
57344,75,69,6,6
57345,95,92,3,3
57346,27,40,-13,13
57347,81,79,2,2
57348,72,74,-2,2
57349,100,88,12,12
57350,131,116,15,15
57351,61,70,-9,9
57352,89,84,5,5
57353,65,72,-7,7
57354,53,67,-14,14
57355,103,112,-9,9
57356,129,125,4,4
57357,114,102,12,12
57358,102,101,1,1
57359,87,94,-7,7
57360,77,69,8,8
57361,72,72,0,0
57362,71,76,-5,5
57363,67,62,5,5
57364,116,115,1,1
57365,102,93,9,9
57366,83,76,7,7
57367,55,54,1,1
57368,71,82,-11,11
57369,84,77,7,7
57370,98,97,1,1
57371,101,88,13,13
57372,82,74,8,8
57373,117,119,-2,2
57374,126,128,-2,2
57375,66,73,-7,7
57376,81,86,-5,5
57377,189,191,-2,2
57378,90,84,6,6
57379,86,81,5,5
57380,107,100,7,7
57381,117,133,-16,16
57382,54,58,-4,4
57383,81,85,-4,4
57384,85,78,7,7
57385,88,91,-3,3
57386,57,64,-7,7
57387,103,103,0,0
57388,103,97,6,6
57389,95,88,7,7
57390,107,104,3,3
57391,91,86,5,5
57392,111,125,-14,14
57393,200,185,15,15
57394,83,85,-2,2
57395,86,82,4,4
57396,80,82,-2,2
57397,109,115,-6,6
57398,69,68,1,1
57399,78,75,3,3
57400,70,75,-5,5
57401,77,78,-1,1
57402,69,66,3,3
57403,96,83,13,13
57404,121,139,-18,18
57405,90,95,-5,5
57406,152,142,10,10
57407,91,83,8,8
57408,89,85,4,4
57409,104,98,6,6
57410,88,77,11,11
57411,113,108,5,5
57412,81,89,-8,8
57413,92,83,9,9
57414,112,100,12,12
57415,113,117,-4,4
57416,119,107,12,12
57417,68,70,-2,2
57418,183,158,25,25
57419,154,141,13,13
57420,115,117,-2,2
57421,173,189,-16,16
57422,108,101,7,7
57423,124,131,-7,7
57424,71,66,5,5
57425,84,78,6,6
57426,80,81,-1,1
57427,90,102,-12,12
57428,74,70,4,4
57429,89,78,11,11
57430,81,87,-6,6
57431,100,86,14,14
57432,136,133,3,3
57433,55,56,-1,1
57434,105,105,0,0
57435,77,73,4,4
57436,192,184,8,8
57437,99,88,11,11
57438,90,85,5,5
57439,134,123,11,11
57440,113,108,5,5
57441,90,82,8,8
57442,150,133,17,17
57443,52,55,-3,3
57444,102,97,5,5
57445,55,51,4,4
57446,110,109,1,1
57447,57,59,-2,2
57448,57,61,-4,4
57449,97,92,5,5
57450,117,119,-2,2
57451,83,84,-1,1
57452,121,113,8,8
57453,58,66,-8,8
57454,101,99,2,2
57455,63,65,-2,2
57456,105,104,1,1
57457,94,86,8,8
57458,138,133,5,5
57459,62,62,0,0
57460,113,114,-1,1
57461,50,58,-8,8
57462,90,92,-2,2
57463,135,136,-1,1
57464,68,63,5,5
57465,94,95,-1,1
57466,63,65,-2,2
57467,179,161,18,18
57468,78,74,4,4
57469,197,173,24,24
57470,124,123,1,1
57471,115,124,-9,9
57472,105,101,4,4
57473,135,135,0,0
57474,59,62,-3,3
57475,75,92,-17,17
57476,131,126,5,5
57477,125,125,0,0
57478,82,90,-8,8
57479,193,182,11,11
57480,23,21,2,2
57481,67,65,2,2
57482,204,191,13,13
57483,78,80,-2,2
57484,95,102,-7,7
57485,143,144,-1,1
57486,69,70,-1,1
57487,78,74,4,4
57488,185,180,5,5
57489,60,65,-5,5
57490,93,82,11,11
57491,49,49,0,0
57492,151,132,19,19
57493,93,85,8,8
57494,109,99,10,10
57495,58,59,-1,1
57496,132,114,18,18
57497,85,76,9,9
57498,118,98,20,20
57499,69,75,-6,6
57500,76,78,-2,2
57501,68,75,-7,7
57502,68,71,-3,3
57503,103,114,-11,11
57504,116,111,5,5
57505,189,165,24,24
57506,64,71,-7,7
57507,54,52,2,2
57508,99,101,-2,2
57509,140,127,13,13
57510,52,51,1,1
57511,144,139,5,5
57512,96,96,0,0
57513,60,89,-29,29
57514,131,130,1,1
57515,101,111,-10,10
57516,21,53,-32,32
57517,77,77,0,0
57518,94,95,-1,1
57519,64,65,-1,1
57520,77,68,9,9
57521,89,87,2,2
57522,68,69,-1,1
57523,100,76,24,24
57524,94,89,5,5
57525,99,93,6,6
57526,104,106,-2,2
57527,76,74,2,2
57528,41,46,-5,5
57529,89,79,10,10
57530,159,136,23,23
57531,145,127,18,18
57532,89,81,8,8
57533,117,122,-5,5
57534,56,67,-11,11
57535,112,105,7,7
57536,59,58,1,1
57537,54,55,-1,1
57538,83,77,6,6
57539,70,73,-3,3
57540,64,68,-4,4
57541,134,130,4,4
57542,107,119,-12,12
57543,81,80,1,1
57544,117,121,-4,4
57545,123,124,-1,1
57546,114,101,13,13
57547,173,159,14,14
57548,79,71,8,8
57549,117,105,12,12
57550,32,41,-9,9
57551,87,83,4,4
57552,189,184,5,5
57553,70,78,-8,8
57554,155,133,22,22
57555,81,83,-2,2
57556,168,160,8,8
57557,114,111,3,3
57558,153,160,-7,7
57559,124,115,9,9
57560,51,47,4,4
57561,105,110,-5,5
57562,101,116,-15,15
57563,86,86,0,0
57564,129,121,8,8
57565,122,113,9,9
57566,149,136,13,13
57567,85,80,5,5
57568,73,70,3,3
57569,66,70,-4,4
57570,180,159,21,21
57571,33,38,-5,5
57572,70,75,-5,5
57573,101,116,-15,15
57574,89,95,-6,6
57575,120,118,2,2
57576,121,114,7,7
57577,91,90,1,1
57578,90,85,5,5
57579,121,117,4,4
57580,154,156,-2,2
57581,110,104,6,6
57582,65,59,6,6
57583,107,122,-15,15
57584,141,133,8,8
57585,61,66,-5,5
57586,119,120,-1,1
57587,135,135,0,0
57588,185,163,22,22
57589,46,50,-4,4
57590,89,86,3,3
57591,134,129,5,5
57592,102,96,6,6
57593,138,137,1,1
57594,104,97,7,7
57595,176,163,13,13
57596,112,108,4,4
57597,135,130,5,5
57598,119,116,3,3
57599,82,75,7,7
57600,99,102,-3,3
57601,119,109,10,10
57602,98,110,-12,12
57603,96,100,-4,4
57604,90,97,-7,7
57605,81,72,9,9
57606,65,68,-3,3
57607,120,115,5,5
57608,90,84,6,6
57609,80,82,-2,2
57610,81,87,-6,6
57611,78,99,-21,21
57612,82,76,6,6
57613,155,133,22,22
57614,77,71,6,6
57615,116,119,-3,3
57616,78,78,0,0
57617,69,67,2,2
57618,64,68,-4,4
57619,88,86,2,2
57620,56,61,-5,5
57621,62,68,-6,6
57622,49,58,-9,9
57623,120,106,14,14
57624,154,148,6,6
57625,86,83,3,3
57626,61,69,-8,8
57627,66,68,-2,2
57628,145,123,22,22
57629,83,89,-6,6
57630,136,129,7,7
57631,88,94,-6,6
57632,71,76,-5,5
57633,93,84,9,9
57634,97,90,7,7
57635,94,83,11,11
57636,97,101,-4,4
57637,57,67,-10,10
57638,142,141,1,1
57639,119,115,4,4
57640,87,95,-8,8
57641,131,136,-5,5
57642,119,122,-3,3
57643,76,74,2,2
57644,55,51,4,4
57645,106,98,8,8
57646,70,76,-6,6
57647,103,100,3,3
57648,96,83,13,13
57649,150,149,1,1
57650,128,129,-1,1
57651,38,39,-1,1
57652,65,78,-13,13
57653,79,74,5,5
57654,96,85,11,11
57655,88,82,6,6
57656,185,199,-14,14
57657,81,75,6,6
57658,151,137,14,14
57659,94,91,3,3
57660,72,73,-1,1
57661,110,104,6,6
57662,109,102,7,7
57663,80,73,7,7
57664,68,71,-3,3
57665,111,99,12,12
57666,67,72,-5,5
57667,95,87,8,8
57668,114,115,-1,1
57669,51,56,-5,5
57670,111,107,4,4
57671,118,104,14,14
57672,157,134,23,23
57673,82,83,-1,1
57674,119,95,24,24
57675,73,75,-2,2
57676,88,80,8,8
57677,46,45,1,1
57678,61,62,-1,1
57679,81,81,0,0
57680,117,114,3,3
57681,87,83,4,4
57682,71,65,6,6
57683,70,66,4,4
57684,98,109,-11,11
57685,89,87,2,2
57686,100,92,8,8
57687,124,112,12,12
57688,166,154,12,12
57689,90,84,6,6
57690,43,44,-1,1
57691,175,158,17,17
57692,104,110,-6,6
57693,180,172,8,8
57694,57,53,4,4
57695,36,44,-8,8
57696,144,152,-8,8
57697,136,128,8,8
57698,56,58,-2,2
57699,93,95,-2,2
57700,91,87,4,4
57701,98,96,2,2
57702,82,68,14,14
57703,101,112,-11,11
57704,113,115,-2,2
57705,53,63,-10,10
57706,55,59,-4,4
57707,120,110,10,10
57708,105,98,7,7
57709,71,76,-5,5
57710,78,77,1,1
57711,165,163,2,2
57712,82,83,-1,1
57713,126,117,9,9
57714,114,106,8,8
57715,143,133,10,10
57716,118,122,-4,4
57717,94,96,-2,2
57718,41,40,1,1
57719,67,68,-1,1
57720,83,79,4,4
57721,119,101,18,18
57722,62,66,-4,4
57723,55,51,4,4
57724,95,95,0,0
57725,91,97,-6,6
57726,68,70,-2,2
57727,144,147,-3,3
57728,64,66,-2,2
57729,43,62,-19,19
57730,81,86,-5,5
57731,94,80,14,14
57732,77,74,3,3
57733,167,169,-2,2
57734,51,58,-7,7
57735,117,106,11,11
57736,93,89,4,4
57737,71,73,-2,2
57738,64,70,-6,6
57739,168,158,10,10
57740,98,95,3,3
57741,38,39,-1,1
57742,124,116,8,8
57743,104,113,-9,9
57744,45,45,0,0
57745,36,43,-7,7
57746,82,80,2,2
57747,120,109,11,11
57748,108,115,-7,7
57749,43,50,-7,7
57750,85,81,4,4
57751,146,137,9,9
57752,82,97,-15,15
57753,115,104,11,11
57754,98,85,13,13
57755,87,80,7,7
57756,124,125,-1,1
57757,86,82,4,4
57758,92,108,-16,16
57759,109,87,22,22
57760,125,119,6,6
57761,140,143,-3,3
57762,84,101,-17,17
57763,66,70,-4,4
57764,131,119,12,12
57765,81,73,8,8
57766,88,82,6,6
57767,143,150,-7,7
57768,74,77,-3,3
57769,118,125,-7,7
57770,56,64,-8,8
57771,61,63,-2,2
57772,112,117,-5,5
57773,119,107,12,12
57774,102,91,11,11
57775,101,122,-21,21
57776,71,71,0,0
57777,118,115,3,3
57778,119,131,-12,12
57779,83,85,-2,2
57780,133,119,14,14
57781,57,58,-1,1
57782,87,84,3,3
57783,6,15,-9,9
57784,76,78,-2,2
57785,124,117,7,7
57786,28,27,1,1
57787,65,65,0,0
57788,86,75,11,11
57789,111,115,-4,4
57790,59,68,-9,9
57791,94,91,3,3
57792,97,111,-14,14
57793,115,119,-4,4
57794,75,78,-3,3
57795,144,134,10,10
57796,86,97,-11,11
57797,74,75,-1,1
57798,102,103,-1,1
57799,79,76,3,3
57800,99,96,3,3
57801,140,152,-12,12
57802,101,101,0,0
57803,156,142,14,14
57804,92,85,7,7
57805,70,74,-4,4
57806,59,74,-15,15
57807,116,110,6,6
57808,138,133,5,5
57809,136,138,-2,2
57810,61,65,-4,4
57811,53,55,-2,2
57812,79,73,6,6
57813,90,83,7,7
57814,127,120,7,7
57815,177,151,26,26
57816,110,119,-9,9
57817,129,121,8,8
57818,106,125,-19,19
57819,74,76,-2,2
57820,154,155,-1,1
57821,129,127,2,2
57822,73,72,1,1
57823,77,83,-6,6
57824,84,89,-5,5
57825,103,95,8,8
57826,90,122,-32,32
57827,109,106,3,3
57828,68,65,3,3
57829,72,68,4,4
57830,105,116,-11,11
57831,65,68,-3,3
57832,95,85,10,10
57833,133,132,1,1
57834,103,92,11,11
57835,107,111,-4,4
57836,79,76,3,3
57837,116,108,8,8
57838,91,81,10,10
57839,72,82,-10,10
57840,66,85,-19,19
57841,147,138,9,9
57842,90,99,-9,9
57843,192,212,-20,20
57844,98,111,-13,13
57845,105,100,5,5
57846,44,50,-6,6
57847,102,86,16,16
57848,82,86,-4,4
57849,107,104,3,3
57850,102,100,2,2
57851,135,123,12,12
57852,157,144,13,13
57853,61,56,5,5
57854,155,145,10,10
57855,121,127,-6,6
57856,77,74,3,3
57857,142,135,7,7
57858,95,91,4,4
57859,104,97,7,7
57860,77,77,0,0
57861,135,128,7,7
57862,101,100,1,1
57863,65,64,1,1
57864,108,103,5,5
57865,46,50,-4,4
57866,196,187,9,9
57867,83,79,4,4
57868,92,82,10,10
57869,66,61,5,5
57870,87,80,7,7
57871,76,74,2,2
57872,24,48,-24,24
57873,94,102,-8,8
57874,85,73,12,12
57875,147,192,-45,45
57876,104,114,-10,10
57877,97,93,4,4
57878,159,141,18,18
57879,103,97,6,6
57880,114,117,-3,3
57881,133,134,-1,1
57882,66,67,-1,1
57883,101,103,-2,2
57884,71,67,4,4
57885,85,82,3,3
57886,87,75,12,12
57887,116,95,21,21
57888,88,77,11,11
57889,64,61,3,3
57890,48,48,0,0
57891,55,60,-5,5
57892,61,86,-25,25
57893,86,94,-8,8
57894,56,53,3,3
57895,58,52,6,6
57896,77,78,-1,1
57897,70,74,-4,4
57898,78,83,-5,5
57899,136,125,11,11
57900,69,70,-1,1
57901,68,66,2,2
57902,102,97,5,5
57903,67,68,-1,1
57904,82,76,6,6
57905,54,51,3,3
57906,70,76,-6,6
57907,83,79,4,4
57908,129,118,11,11
57909,43,44,-1,1
57910,46,62,-16,16
57911,119,118,1,1
57912,50,53,-3,3
57913,76,77,-1,1
57914,168,158,10,10
57915,83,80,3,3
57916,116,103,13,13
57917,121,132,-11,11
57918,96,103,-7,7
57919,126,130,-4,4
57920,86,84,2,2
57921,85,77,8,8
57922,93,78,15,15
57923,52,57,-5,5
57924,129,123,6,6
57925,87,82,5,5
57926,38,44,-6,6
57927,61,76,-15,15
57928,77,75,2,2
57929,73,69,4,4
57930,143,147,-4,4
57931,59,65,-6,6
57932,57,62,-5,5
57933,64,69,-5,5
57934,140,132,8,8
57935,109,115,-6,6
57936,91,86,5,5
57937,64,69,-5,5
57938,105,88,17,17
57939,121,108,13,13
57940,65,61,4,4
57941,80,80,0,0
57942,75,73,2,2
57943,90,80,10,10
57944,93,100,-7,7
57945,60,64,-4,4
57946,75,74,1,1
57947,97,98,-1,1
57948,130,121,9,9
57949,111,102,9,9
57950,82,75,7,7
57951,102,96,6,6
57952,72,71,1,1
57953,180,183,-3,3
57954,71,81,-10,10
57955,92,87,5,5
57956,109,104,5,5
57957,113,106,7,7
57958,117,121,-4,4
57959,105,104,1,1
57960,85,81,4,4
57961,75,68,7,7
57962,77,76,1,1
57963,79,78,1,1
57964,106,99,7,7
57965,52,64,-12,12
57966,107,85,22,22
57967,89,88,1,1
57968,150,144,6,6
57969,84,84,0,0
57970,78,80,-2,2
57971,124,115,9,9
57972,58,60,-2,2
57973,110,110,0,0
57974,108,108,0,0
57975,95,108,-13,13
57976,139,124,15,15
57977,92,88,4,4
57978,63,72,-9,9
57979,81,82,-1,1
57980,103,89,14,14
57981,75,70,5,5
57982,75,90,-15,15
57983,125,119,6,6
57984,98,111,-13,13
57985,101,98,3,3
57986,73,81,-8,8
57987,95,91,4,4
57988,120,111,9,9
57989,90,103,-13,13
57990,178,160,18,18
57991,111,114,-3,3
57992,90,86,4,4
57993,91,76,15,15
57994,92,78,14,14
57995,77,77,0,0
57996,87,80,7,7
57997,121,118,3,3
57998,99,88,11,11
57999,119,124,-5,5
58000,85,97,-12,12
58001,102,101,1,1
58002,102,95,7,7
58003,68,65,3,3
58004,159,138,21,21
58005,91,76,15,15
58006,85,89,-4,4
58007,77,85,-8,8
58008,136,133,3,3
58009,182,168,14,14
58010,101,99,2,2
58011,63,60,3,3
58012,89,102,-13,13
58013,78,78,0,0
58014,104,98,6,6
58015,113,107,6,6
58016,88,87,1,1
58017,87,82,5,5
58018,182,163,19,19
58019,97,90,7,7
58020,123,121,2,2
58021,93,119,-26,26
58022,77,65,12,12
58023,87,83,4,4
58024,71,71,0,0
58025,60,57,3,3
58026,95,101,-6,6
58027,92,81,11,11
58028,78,73,5,5
58029,84,87,-3,3
58030,153,143,10,10
58031,140,144,-4,4
58032,99,84,15,15
58033,57,58,-1,1
58034,83,87,-4,4
58035,79,74,5,5
58036,87,86,1,1
58037,85,103,-18,18
58038,80,81,-1,1
58039,69,74,-5,5
58040,68,70,-2,2
58041,94,97,-3,3
58042,79,84,-5,5
58043,115,112,3,3
58044,59,62,-3,3
58045,183,185,-2,2
58046,64,68,-4,4
58047,109,101,8,8
58048,54,50,4,4
58049,62,62,0,0
58050,69,80,-11,11
58051,62,57,5,5
58052,71,69,2,2
58053,140,132,8,8
58054,73,72,1,1
58055,124,122,2,2
58056,86,90,-4,4
58057,142,152,-10,10
58058,170,166,4,4
58059,69,69,0,0
58060,124,122,2,2
58061,123,126,-3,3
58062,104,85,19,19
58063,65,73,-8,8
58064,110,108,2,2
58065,80,77,3,3
58066,66,69,-3,3
58067,96,93,3,3
58068,116,119,-3,3
58069,74,72,2,2
58070,59,62,-3,3
58071,64,59,5,5
58072,115,118,-3,3
58073,89,81,8,8
58074,136,120,16,16
58075,51,52,-1,1
58076,73,71,2,2
58077,68,74,-6,6
58078,116,113,3,3
58079,135,138,-3,3
58080,29,31,-2,2
58081,96,85,11,11
58082,38,65,-27,27
58083,170,168,2,2
58084,125,122,3,3
58085,160,145,15,15
58086,108,116,-8,8
58087,144,137,7,7
58088,70,64,6,6
58089,100,95,5,5
58090,62,63,-1,1
58091,129,125,4,4
58092,99,88,11,11
58093,93,100,-7,7
58094,108,92,16,16
58095,59,57,2,2
58096,43,52,-9,9
58097,119,106,13,13
58098,71,65,6,6
58099,147,160,-13,13
58100,60,60,0,0
58101,79,85,-6,6
58102,64,69,-5,5
58103,73,75,-2,2
58104,105,106,-1,1
58105,80,75,5,5
58106,79,82,-3,3
58107,90,84,6,6
58108,89,78,11,11
58109,73,70,3,3
58110,113,116,-3,3
58111,78,83,-5,5
58112,63,81,-18,18
58113,142,131,11,11
58114,145,159,-14,14
58115,95,94,1,1
58116,101,99,2,2
58117,126,113,13,13
58118,154,139,15,15
58119,184,155,29,29
58120,116,119,-3,3
58121,84,84,0,0
58122,129,128,1,1
58123,74,73,1,1
58124,97,90,7,7
58125,88,106,-18,18
58126,102,105,-3,3
58127,69,70,-1,1
58128,73,79,-6,6
58129,77,69,8,8
58130,98,95,3,3
58131,78,79,-1,1
58132,108,88,20,20
58133,78,78,0,0
58134,86,94,-8,8
58135,70,67,3,3
58136,70,75,-5,5
58137,78,76,2,2
58138,81,75,6,6
58139,55,63,-8,8
58140,37,41,-4,4
58141,80,78,2,2
58142,68,68,0,0
58143,130,131,-1,1
58144,100,93,7,7
58145,71,76,-5,5
58146,97,94,3,3
58147,147,143,4,4
58148,93,94,-1,1
58149,165,164,1,1
58150,70,74,-4,4
58151,59,68,-9,9
58152,46,51,-5,5
58153,132,114,18,18
58154,90,75,15,15
58155,208,198,10,10
58156,124,128,-4,4
58157,92,98,-6,6
58158,75,73,2,2
58159,103,99,4,4
58160,47,55,-8,8
58161,72,62,10,10
58162,65,69,-4,4
58163,107,109,-2,2
58164,131,130,1,1
58165,67,76,-9,9
58166,119,115,4,4
58167,63,66,-3,3
58168,153,138,15,15
58169,72,76,-4,4
58170,131,144,-13,13
58171,92,84,8,8
58172,70,70,0,0
58173,93,97,-4,4
58174,48,67,-19,19
58175,75,70,5,5
58176,185,180,5,5
58177,90,83,7,7
58178,53,52,1,1
58179,130,127,3,3
58180,139,139,0,0
58181,92,96,-4,4
58182,77,105,-28,28
58183,130,118,12,12
58184,88,79,9,9
58185,68,76,-8,8
58186,144,125,19,19
58187,73,74,-1,1
58188,136,135,1,1
58189,115,109,6,6
58190,79,82,-3,3
58191,97,93,4,4
58192,70,68,2,2
58193,76,80,-4,4
58194,110,104,6,6
58195,103,118,-15,15
58196,106,104,2,2
58197,82,80,2,2
58198,82,85,-3,3
58199,64,66,-2,2
58200,108,107,1,1
58201,162,152,10,10
58202,64,69,-5,5
58203,42,49,-7,7
58204,128,126,2,2
58205,93,84,9,9
58206,83,78,5,5
58207,75,68,7,7
58208,113,105,8,8
58209,131,123,8,8
58210,70,65,5,5
58211,82,82,0,0
58212,53,58,-5,5
58213,92,92,0,0
58214,123,113,10,10
58215,132,126,6,6
58216,71,72,-1,1
58217,83,82,1,1
58218,52,53,-1,1
58219,102,96,6,6
58220,51,58,-7,7
58221,90,82,8,8
58222,121,126,-5,5
58223,125,125,0,0
58224,66,64,2,2
58225,99,106,-7,7
58226,71,82,-11,11
58227,103,101,2,2
58228,87,88,-1,1
58229,130,130,0,0
58230,74,74,0,0
58231,171,159,12,12
58232,146,123,23,23
58233,81,76,5,5
58234,72,67,5,5
58235,81,96,-15,15
58236,58,59,-1,1
58237,111,104,7,7
58238,148,145,3,3
58239,76,71,5,5
58240,78,74,4,4
58241,91,92,-1,1
58242,91,91,0,0
58243,70,72,-2,2
58244,155,135,20,20
58245,89,101,-12,12
58246,55,51,4,4
58247,97,83,14,14
58248,71,70,1,1
58249,134,136,-2,2
58250,85,77,8,8
58251,76,71,5,5
58252,98,106,-8,8
58253,51,57,-6,6
58254,111,104,7,7
58255,59,65,-6,6
58256,112,106,6,6
58257,43,43,0,0
58258,122,110,12,12
58259,62,86,-24,24
58260,57,56,1,1
58261,94,100,-6,6
58262,92,86,6,6
58263,113,119,-6,6
58264,125,118,7,7
58265,98,100,-2,2
58266,58,61,-3,3
58267,110,102,8,8
58268,69,71,-2,2
58269,57,68,-11,11
58270,54,52,2,2
58271,69,68,1,1
58272,84,94,-10,10
58273,81,94,-13,13
58274,72,76,-4,4
58275,120,111,9,9
58276,59,67,-8,8
58277,121,111,10,10
58278,54,63,-9,9
58279,62,66,-4,4
58280,83,76,7,7
58281,85,79,6,6
58282,102,104,-2,2
58283,109,97,12,12
58284,128,138,-10,10
58285,128,113,15,15
58286,155,123,32,32
58287,75,76,-1,1
58288,44,36,8,8
58289,106,106,0,0
58290,122,109,13,13
58291,99,92,7,7
58292,76,76,0,0
58293,93,85,8,8
58294,59,63,-4,4
58295,115,104,11,11
58296,147,137,10,10
58297,104,106,-2,2
58298,56,60,-4,4
58299,119,115,4,4
58300,92,96,-4,4
58301,55,61,-6,6
58302,70,65,5,5
58303,79,81,-2,2
58304,106,102,4,4
58305,141,125,16,16
58306,142,136,6,6
58307,100,101,-1,1
58308,71,69,2,2
58309,37,39,-2,2
58310,58,58,0,0
58311,107,111,-4,4
58312,104,100,4,4
58313,125,121,4,4
58314,95,125,-30,30
58315,164,155,9,9
58316,45,58,-13,13
58317,86,79,7,7
58318,101,97,4,4
58319,117,107,10,10
58320,85,98,-13,13
58321,60,63,-3,3
58322,141,147,-6,6
58323,101,103,-2,2
58324,113,99,14,14
58325,108,110,-2,2
58326,86,80,6,6
58327,121,110,11,11
58328,165,180,-15,15
58329,58,57,1,1
58330,165,164,1,1
58331,99,101,-2,2
58332,77,81,-4,4
58333,120,116,4,4
58334,132,121,11,11
58335,138,121,17,17
58336,104,125,-21,21
58337,59,57,2,2
58338,68,65,3,3
58339,76,78,-2,2
58340,81,90,-9,9
58341,126,121,5,5
58342,125,97,28,28
58343,39,39,0,0
58344,103,86,17,17
58345,64,71,-7,7
58346,120,112,8,8
58347,53,58,-5,5
58348,81,74,7,7
58349,128,120,8,8
58350,75,75,0,0
58351,67,59,8,8
58352,158,138,20,20
58353,77,90,-13,13
58354,140,137,3,3
58355,75,80,-5,5
58356,114,114,0,0
58357,82,78,4,4
58358,96,97,-1,1
58359,142,126,16,16
58360,84,94,-10,10
58361,84,69,15,15
58362,69,70,-1,1
58363,63,64,-1,1
58364,83,85,-2,2
58365,136,135,1,1
58366,107,101,6,6
58367,95,96,-1,1
58368,157,136,21,21
58369,89,87,2,2
58370,85,81,4,4
58371,102,102,0,0
58372,103,106,-3,3
58373,88,82,6,6
58374,100,94,6,6
58375,69,68,1,1
58376,84,74,10,10
58377,32,38,-6,6
58378,52,55,-3,3
58379,156,143,13,13
58380,71,64,7,7
58381,114,108,6,6
58382,83,82,1,1
58383,81,78,3,3
58384,164,140,24,24
58385,109,102,7,7
58386,89,94,-5,5
58387,125,105,20,20
58388,82,74,8,8
58389,73,75,-2,2
58390,117,139,-22,22
58391,69,74,-5,5
58392,98,91,7,7
58393,114,101,13,13
58394,86,83,3,3
58395,112,100,12,12
58396,96,100,-4,4
58397,113,105,8,8
58398,86,95,-9,9
58399,130,124,6,6
58400,80,77,3,3
58401,134,131,3,3
58402,158,159,-1,1
58403,59,58,1,1
58404,55,58,-3,3
58405,87,87,0,0
58406,42,46,-4,4
58407,76,74,2,2
58408,62,58,4,4
58409,119,114,5,5
58410,103,102,1,1
58411,172,173,-1,1
58412,134,132,2,2
58413,68,66,2,2
58414,62,58,4,4
58415,57,65,-8,8
58416,147,134,13,13
58417,93,89,4,4
58418,116,109,7,7
58419,161,156,5,5
58420,79,92,-13,13
58421,148,146,2,2
58422,118,114,4,4
58423,46,58,-12,12
58424,130,132,-2,2
58425,163,150,13,13
58426,56,60,-4,4
58427,74,70,4,4
58428,66,75,-9,9
58429,84,73,11,11
58430,76,81,-5,5
58431,88,81,7,7
58432,69,70,-1,1
58433,60,65,-5,5
58434,75,75,0,0
58435,164,152,12,12
58436,71,80,-9,9
58437,125,103,22,22
58438,86,87,-1,1
58439,62,60,2,2
58440,82,79,3,3
58441,55,57,-2,2
58442,58,75,-17,17
58443,52,63,-11,11
58444,107,100,7,7
58445,82,88,-6,6
58446,118,116,2,2
58447,104,98,6,6
58448,65,64,1,1
58449,148,156,-8,8
58450,104,105,-1,1
58451,189,178,11,11
58452,126,128,-2,2
58453,92,90,2,2
58454,122,118,4,4
58455,75,75,0,0
58456,99,98,1,1
58457,99,98,1,1
58458,154,152,2,2
58459,89,95,-6,6
58460,145,144,1,1
58461,81,69,12,12
58462,146,155,-9,9
58463,171,171,0,0
58464,52,54,-2,2
58465,81,74,7,7
58466,102,97,5,5
58467,137,147,-10,10
58468,43,45,-2,2
58469,93,97,-4,4
58470,62,63,-1,1
58471,110,100,10,10
58472,78,72,6,6
58473,112,118,-6,6
58474,64,68,-4,4
58475,52,50,2,2
58476,51,71,-20,20
58477,71,78,-7,7
58478,62,66,-4,4
58479,54,47,7,7
58480,81,66,15,15
58481,156,133,23,23
58482,76,78,-2,2
58483,74,66,8,8
58484,63,70,-7,7
58485,59,50,9,9
58486,45,43,2,2
58487,127,108,19,19
58488,110,102,8,8
58489,68,69,-1,1
58490,89,86,3,3
58491,64,64,0,0
58492,116,122,-6,6
58493,68,72,-4,4
58494,211,205,6,6
58495,93,85,8,8
58496,79,79,0,0
58497,84,82,2,2
58498,73,68,5,5
58499,82,75,7,7
58500,80,96,-16,16
58501,75,77,-2,2
58502,83,84,-1,1
58503,123,118,5,5
58504,52,52,0,0
58505,133,124,9,9
58506,90,84,6,6
58507,70,70,0,0
58508,74,80,-6,6
58509,84,84,0,0
58510,90,89,1,1
58511,92,91,1,1
58512,55,67,-12,12
58513,62,67,-5,5
58514,120,118,2,2
58515,84,82,2,2
58516,83,76,7,7
58517,95,111,-16,16
58518,79,74,5,5
58519,89,89,0,0
58520,149,141,8,8
58521,81,110,-29,29
58522,91,93,-2,2
58523,87,75,12,12
58524,76,77,-1,1
58525,45,48,-3,3
58526,226,216,10,10
58527,125,119,6,6
58528,148,161,-13,13
58529,60,62,-2,2
58530,134,130,4,4
58531,165,155,10,10
58532,129,119,10,10
58533,65,62,3,3
58534,89,83,6,6
58535,95,99,-4,4
58536,83,81,2,2
58537,79,76,3,3
58538,111,103,8,8
58539,83,79,4,4
58540,121,118,3,3
58541,97,95,2,2
58542,114,112,2,2
58543,55,51,4,4
58544,118,111,7,7
58545,95,98,-3,3
58546,80,76,4,4
58547,112,115,-3,3
58548,127,118,9,9
58549,140,132,8,8
58550,100,163,-63,63
58551,50,55,-5,5
58552,130,126,4,4
58553,77,77,0,0
58554,86,93,-7,7
58555,117,101,16,16
58556,163,156,7,7
58557,78,78,0,0
58558,118,113,5,5
58559,110,115,-5,5
58560,93,83,10,10
58561,76,90,-14,14
58562,71,64,7,7
58563,85,85,0,0
58564,39,43,-4,4
58565,77,81,-4,4
58566,57,56,1,1
58567,68,69,-1,1
58568,74,72,2,2
58569,80,74,6,6
58570,86,88,-2,2
58571,55,55,0,0
58572,129,111,18,18
58573,181,185,-4,4
58574,71,70,1,1
58575,106,125,-19,19
58576,43,45,-2,2
58577,157,152,5,5
58578,68,69,-1,1
58579,134,124,10,10
58580,137,143,-6,6
58581,71,72,-1,1
58582,48,48,0,0
58583,45,52,-7,7
58584,75,75,0,0
58585,67,79,-12,12
58586,108,97,11,11
58587,81,77,4,4
58588,94,93,1,1
58589,229,223,6,6
58590,58,63,-5,5
58591,75,76,-1,1
58592,97,115,-18,18
58593,142,138,4,4
58594,196,163,33,33
58595,78,79,-1,1
58596,101,110,-9,9
58597,100,97,3,3
58598,82,74,8,8
58599,100,100,0,0
58600,81,82,-1,1
58601,81,86,-5,5
58602,106,127,-21,21
58603,74,69,5,5
58604,77,86,-9,9
58605,124,117,7,7
58606,35,39,-4,4
58607,76,80,-4,4
58608,106,102,4,4
58609,83,86,-3,3
58610,82,83,-1,1
58611,77,78,-1,1
58612,113,111,2,2
58613,86,79,7,7
58614,115,107,8,8
58615,98,92,6,6
58616,69,76,-7,7
58617,90,93,-3,3
58618,99,89,10,10
58619,59,70,-11,11
58620,109,99,10,10
58621,72,76,-4,4
58622,130,123,7,7
58623,118,118,0,0
58624,113,111,2,2
58625,98,96,2,2
58626,102,92,10,10
58627,142,125,17,17
58628,95,101,-6,6
58629,89,88,1,1
58630,45,59,-14,14
58631,35,37,-2,2
58632,54,58,-4,4
58633,102,85,17,17
58634,27,22,5,5
58635,66,67,-1,1
58636,35,45,-10,10
58637,115,105,10,10
58638,148,142,6,6
58639,98,88,10,10
58640,115,113,2,2
58641,79,85,-6,6
58642,84,82,2,2
58643,147,143,4,4
58644,79,74,5,5
58645,62,64,-2,2
58646,95,83,12,12
58647,71,73,-2,2
58648,66,70,-4,4
58649,84,82,2,2
58650,142,130,12,12
58651,142,126,16,16
58652,91,86,5,5
58653,102,100,2,2
58654,105,134,-29,29
58655,66,64,2,2
58656,83,85,-2,2
58657,63,64,-1,1
58658,66,72,-6,6
58659,109,120,-11,11
58660,71,65,6,6
58661,92,89,3,3
58662,139,146,-7,7
58663,117,118,-1,1
58664,120,118,2,2
58665,94,111,-17,17
58666,99,98,1,1
58667,58,58,0,0
58668,129,125,4,4
58669,66,75,-9,9
58670,126,113,13,13
58671,111,117,-6,6
58672,54,58,-4,4
58673,153,129,24,24
58674,82,79,3,3
58675,56,62,-6,6
58676,59,65,-6,6
58677,146,130,16,16
58678,64,65,-1,1
58679,56,56,0,0
58680,60,64,-4,4
58681,21,53,-32,32
58682,132,132,0,0
58683,85,83,2,2
58684,113,106,7,7
58685,81,79,2,2
58686,110,110,0,0
58687,98,91,7,7
58688,86,86,0,0
58689,102,98,4,4
58690,129,145,-16,16
58691,89,82,7,7
58692,121,122,-1,1
58693,104,100,4,4
58694,63,68,-5,5
58695,138,141,-3,3
58696,119,134,-15,15
58697,92,86,6,6
58698,113,105,8,8
58699,97,97,0,0
58700,162,153,9,9
58701,41,48,-7,7
58702,112,113,-1,1
58703,124,118,6,6
58704,76,71,5,5
58705,116,118,-2,2
58706,86,80,6,6
58707,69,64,5,5
58708,99,106,-7,7
58709,65,68,-3,3
58710,70,79,-9,9
58711,111,98,13,13
58712,79,76,3,3
58713,92,95,-3,3
58714,92,81,11,11
58715,126,123,3,3
58716,109,107,2,2
58717,65,74,-9,9
58718,79,75,4,4
58719,160,156,4,4
58720,75,79,-4,4
58721,95,87,8,8
58722,97,92,5,5
58723,102,103,-1,1
58724,75,72,3,3
58725,119,120,-1,1
58726,31,29,2,2
58727,137,124,13,13
58728,99,107,-8,8
58729,135,127,8,8
58730,143,142,1,1
58731,128,124,4,4
58732,135,134,1,1
58733,56,52,4,4
58734,79,73,6,6
58735,157,141,16,16
58736,103,116,-13,13
58737,147,140,7,7
58738,78,77,1,1
58739,124,118,6,6
58740,57,66,-9,9
58741,63,78,-15,15
58742,79,73,6,6
58743,87,91,-4,4
58744,105,96,9,9
58745,119,111,8,8
58746,41,43,-2,2
58747,62,68,-6,6
58748,148,154,-6,6
58749,113,107,6,6
58750,236,216,20,20
58751,49,56,-7,7
58752,78,81,-3,3
58753,105,104,1,1
58754,136,126,10,10
58755,93,93,0,0
58756,55,63,-8,8
58757,87,88,-1,1
58758,67,75,-8,8
58759,113,103,10,10
58760,52,53,-1,1
58761,102,127,-25,25
58762,149,131,18,18
58763,65,73,-8,8
58764,106,97,9,9
58765,88,83,5,5
58766,175,155,20,20
58767,116,120,-4,4
58768,128,125,3,3
58769,86,84,2,2
58770,154,151,3,3
58771,93,88,5,5
58772,65,93,-28,28
58773,119,118,1,1
58774,81,75,6,6
58775,93,115,-22,22
58776,77,82,-5,5
58777,144,122,22,22
58778,105,105,0,0
58779,111,90,21,21
58780,143,128,15,15
58781,96,93,3,3
58782,86,97,-11,11
58783,78,76,2,2
58784,136,129,7,7
58785,82,78,4,4
58786,91,85,6,6
58787,83,85,-2,2
58788,106,109,-3,3
58789,94,95,-1,1
58790,99,102,-3,3
58791,78,71,7,7
58792,154,143,11,11
58793,77,66,11,11
58794,184,173,11,11
58795,192,180,12,12
58796,77,75,2,2
58797,105,108,-3,3
58798,62,68,-6,6
58799,103,99,4,4
58800,59,60,-1,1
58801,77,70,7,7
58802,155,157,-2,2
58803,90,82,8,8
58804,98,119,-21,21
58805,93,90,3,3
58806,132,131,1,1
58807,115,114,1,1
58808,67,67,0,0
58809,198,196,2,2
58810,90,86,4,4
58811,114,109,5,5
58812,108,106,2,2
58813,77,81,-4,4
58814,114,122,-8,8
58815,126,137,-11,11
58816,86,81,5,5
58817,67,70,-3,3
58818,108,104,4,4
58819,92,89,3,3
58820,123,123,0,0
58821,96,101,-5,5
58822,64,66,-2,2
58823,166,157,9,9
58824,218,220,-2,2
58825,89,90,-1,1
58826,76,79,-3,3
58827,69,70,-1,1
58828,122,119,3,3
58829,115,114,1,1
58830,87,114,-27,27
58831,119,115,4,4
58832,95,87,8,8
58833,82,78,4,4
58834,57,63,-6,6
58835,100,104,-4,4
58836,86,80,6,6
58837,101,89,12,12
58838,65,57,8,8
58839,106,102,4,4
58840,75,74,1,1
58841,142,129,13,13
58842,81,75,6,6
58843,77,80,-3,3
58844,59,59,0,0
58845,130,116,14,14
58846,100,90,10,10
58847,92,95,-3,3
58848,55,61,-6,6
58849,101,125,-24,24
58850,66,65,1,1
58851,108,95,13,13
58852,83,83,0,0
58853,69,67,2,2
58854,140,128,12,12
58855,87,81,6,6
58856,96,96,0,0
58857,167,142,25,25
58858,72,70,2,2
58859,88,86,2,2
58860,124,119,5,5
58861,91,95,-4,4
58862,51,52,-1,1
58863,87,70,17,17
58864,92,93,-1,1
58865,58,61,-3,3
58866,45,46,-1,1
58867,95,84,11,11
58868,134,120,14,14
58869,91,87,4,4
58870,121,113,8,8
58871,51,50,1,1
58872,58,57,1,1
58873,48,53,-5,5
58874,75,78,-3,3
58875,46,56,-10,10
58876,56,61,-5,5
58877,87,81,6,6
58878,47,64,-17,17
58879,88,92,-4,4
58880,112,104,8,8
58881,56,65,-9,9
58882,104,103,1,1
58883,61,58,3,3
58884,96,95,1,1
58885,113,102,11,11
58886,66,62,4,4
58887,153,155,-2,2
58888,115,119,-4,4
58889,100,100,0,0
58890,73,70,3,3
58891,89,73,16,16
58892,101,109,-8,8
58893,82,89,-7,7
58894,89,98,-9,9
58895,94,98,-4,4
58896,93,83,10,10
58897,113,113,0,0
58898,129,126,3,3
58899,68,65,3,3
58900,68,60,8,8
58901,94,87,7,7
58902,157,146,11,11
58903,99,94,5,5
58904,54,61,-7,7
58905,123,115,8,8
58906,94,82,12,12
58907,183,181,2,2
58908,74,71,3,3
58909,59,59,0,0
58910,173,158,15,15
58911,122,114,8,8
58912,75,73,2,2
58913,77,80,-3,3
58914,63,64,-1,1
58915,90,95,-5,5
58916,56,67,-11,11
58917,82,80,2,2
58918,86,104,-18,18
58919,149,146,3,3
58920,108,102,6,6
58921,73,70,3,3
58922,67,71,-4,4
58923,93,91,2,2
58924,55,53,2,2
58925,108,113,-5,5
58926,118,107,11,11
58927,30,38,-8,8
58928,70,58,12,12
58929,94,92,2,2
58930,84,78,6,6
58931,77,72,5,5
58932,64,61,3,3
58933,103,101,2,2
58934,93,116,-23,23
58935,91,82,9,9
58936,65,68,-3,3
58937,108,100,8,8
58938,117,104,13,13
58939,45,47,-2,2
58940,113,118,-5,5
58941,70,67,3,3
58942,75,92,-17,17
58943,79,77,2,2
58944,59,60,-1,1
58945,59,57,2,2
58946,42,51,-9,9
58947,96,82,14,14
58948,109,102,7,7
58949,95,103,-8,8
58950,126,124,2,2
58951,89,88,1,1
58952,99,99,0,0
58953,145,146,-1,1
58954,108,101,7,7
58955,84,82,2,2
58956,82,85,-3,3
58957,171,161,10,10
58958,103,92,11,11
58959,118,109,9,9
58960,180,160,20,20
58961,61,64,-3,3
58962,163,146,17,17
58963,135,146,-11,11
58964,152,137,15,15
58965,109,91,18,18
58966,61,67,-6,6
58967,108,110,-2,2
58968,181,187,-6,6
58969,104,109,-5,5
58970,105,100,5,5
58971,68,74,-6,6
58972,116,142,-26,26
58973,144,132,12,12
58974,85,76,9,9
58975,141,148,-7,7
58976,152,157,-5,5
58977,114,119,-5,5
58978,143,135,8,8
58979,155,148,7,7
58980,191,175,16,16
58981,102,91,11,11
58982,77,76,1,1
58983,97,100,-3,3
58984,85,92,-7,7
58985,82,76,6,6
58986,83,78,5,5
58987,64,64,0,0
58988,135,132,3,3
58989,86,81,5,5
58990,59,56,3,3
58991,71,62,9,9
58992,65,57,8,8
58993,134,126,8,8
58994,85,86,-1,1
58995,159,153,6,6
58996,145,147,-2,2
58997,66,69,-3,3
58998,71,75,-4,4
58999,154,131,23,23
59000,159,165,-6,6
59001,50,54,-4,4
59002,95,102,-7,7
59003,81,75,6,6
59004,128,114,14,14
59005,79,76,3,3
59006,93,99,-6,6
59007,156,155,1,1
59008,107,106,1,1
59009,48,51,-3,3
59010,49,52,-3,3
59011,52,104,-52,52
59012,43,50,-7,7
59013,166,157,9,9
59014,59,60,-1,1
59015,97,89,8,8
59016,143,151,-8,8
59017,107,115,-8,8
59018,122,118,4,4
59019,77,71,6,6
59020,77,75,2,2
59021,52,55,-3,3
59022,70,68,2,2
59023,93,88,5,5
59024,93,106,-13,13
59025,110,116,-6,6
59026,53,57,-4,4
59027,67,64,3,3
59028,185,177,8,8
59029,90,77,13,13
59030,107,102,5,5
59031,148,153,-5,5
59032,119,120,-1,1
59033,95,105,-10,10
59034,112,97,15,15
59035,171,179,-8,8
59036,110,91,19,19
59037,76,80,-4,4
59038,99,94,5,5
59039,94,100,-6,6
59040,107,112,-5,5
59041,73,74,-1,1
59042,133,116,17,17
59043,70,75,-5,5
59044,80,70,10,10
59045,149,136,13,13
59046,78,60,18,18
59047,95,90,5,5
59048,79,84,-5,5
59049,42,54,-12,12
59050,73,69,4,4
59051,346,268,78,78
59052,70,63,7,7
59053,75,75,0,0
59054,144,143,1,1
59055,63,63,0,0
59056,80,79,1,1
59057,124,109,15,15
59058,69,67,2,2
59059,99,93,6,6
59060,140,115,25,25
59061,117,112,5,5
59062,58,60,-2,2
59063,84,83,1,1
59064,47,48,-1,1
59065,86,79,7,7
59066,52,57,-5,5
59067,77,80,-3,3
59068,69,71,-2,2
59069,107,100,7,7
59070,118,106,12,12
59071,81,93,-12,12
59072,109,100,9,9
59073,97,103,-6,6
59074,85,84,1,1
59075,81,72,9,9
59076,65,57,8,8
59077,101,114,-13,13
59078,90,98,-8,8
59079,68,76,-8,8
59080,59,55,4,4
59081,97,95,2,2
59082,104,101,3,3
59083,52,50,2,2
59084,58,61,-3,3
59085,64,71,-7,7
59086,92,87,5,5
59087,179,162,17,17
59088,112,102,10,10
59089,100,110,-10,10
59090,60,58,2,2
59091,102,102,0,0
59092,111,103,8,8
59093,100,89,11,11
59094,80,76,4,4
59095,89,82,7,7
59096,124,128,-4,4
59097,70,71,-1,1
59098,85,91,-6,6
59099,79,82,-3,3
59100,74,75,-1,1
59101,66,68,-2,2
59102,75,78,-3,3
59103,83,83,0,0
59104,65,71,-6,6
59105,119,119,0,0
59106,102,98,4,4
59107,81,82,-1,1
59108,77,77,0,0
59109,81,79,2,2
59110,94,95,-1,1
59111,103,104,-1,1
59112,104,101,3,3
59113,118,102,16,16
59114,90,77,13,13
59115,71,74,-3,3
59116,114,104,10,10
59117,120,96,24,24
59118,85,79,6,6
59119,79,81,-2,2
59120,49,50,-1,1
59121,74,70,4,4
59122,99,97,2,2
59123,106,115,-9,9
59124,89,89,0,0
59125,21,44,-23,23
59126,114,113,1,1
59127,90,98,-8,8
59128,129,122,7,7
59129,64,60,4,4
59130,44,47,-3,3
59131,150,134,16,16
59132,136,129,7,7
59133,119,123,-4,4
59134,68,76,-8,8
59135,87,95,-8,8
59136,66,72,-6,6
59137,103,101,2,2
59138,117,117,0,0
59139,111,95,16,16
59140,112,86,26,26
59141,101,99,2,2
59142,143,144,-1,1
59143,81,79,2,2
59144,180,160,20,20
59145,61,64,-3,3
59146,131,126,5,5
59147,70,70,0,0
59148,107,106,1,1
59149,135,120,15,15
59150,92,83,9,9
59151,81,78,3,3
59152,108,103,5,5
59153,90,83,7,7
59154,86,75,11,11
59155,127,118,9,9
59156,47,57,-10,10
59157,130,124,6,6
59158,84,89,-5,5
59159,79,78,1,1
59160,91,87,4,4
59161,120,107,13,13
59162,80,79,1,1
59163,59,66,-7,7
59164,81,89,-8,8
59165,143,143,0,0
59166,117,100,17,17
59167,143,137,6,6
59168,154,126,28,28
59169,57,62,-5,5
59170,69,65,4,4
59171,44,49,-5,5
59172,84,90,-6,6
59173,96,89,7,7
59174,80,77,3,3
59175,61,77,-16,16
59176,64,72,-8,8
59177,67,70,-3,3
59178,108,103,5,5
59179,87,85,2,2
59180,87,87,0,0
59181,112,97,15,15
59182,147,140,7,7
59183,143,136,7,7
59184,124,116,8,8
59185,160,145,15,15
59186,109,108,1,1
59187,71,66,5,5
59188,138,129,9,9
59189,76,74,2,2
59190,96,86,10,10
59191,94,87,7,7
59192,44,44,0,0
59193,83,86,-3,3
59194,49,53,-4,4
59195,75,83,-8,8
59196,104,109,-5,5
59197,75,74,1,1
59198,93,88,5,5
59199,96,100,-4,4
59200,81,86,-5,5
59201,80,76,4,4
59202,97,82,15,15
59203,65,71,-6,6
59204,46,54,-8,8
59205,79,80,-1,1
59206,88,85,3,3
59207,62,76,-14,14
59208,84,74,10,10
59209,70,70,0,0
59210,129,131,-2,2
59211,104,78,26,26
59212,116,122,-6,6
59213,126,119,7,7
59214,95,98,-3,3
59215,66,67,-1,1
59216,81,77,4,4
59217,133,113,20,20
59218,95,98,-3,3
59219,151,135,16,16
59220,88,86,2,2
59221,110,108,2,2
59222,69,65,4,4
59223,106,95,11,11
59224,64,68,-4,4
59225,126,111,15,15
59226,41,50,-9,9
59227,97,93,4,4
59228,46,78,-32,32
59229,52,68,-16,16
59230,66,58,8,8
59231,81,76,5,5
59232,81,81,0,0
59233,85,79,6,6
59234,35,35,0,0
59235,118,112,6,6
59236,94,90,4,4
59237,92,81,11,11
59238,55,57,-2,2
59239,99,94,5,5
59240,68,69,-1,1
59241,56,58,-2,2
59242,97,102,-5,5
59243,110,114,-4,4
59244,152,138,14,14
59245,40,46,-6,6
59246,52,64,-12,12
59247,169,173,-4,4
59248,160,145,15,15
59249,78,71,7,7
59250,77,86,-9,9
59251,40,46,-6,6
59252,93,114,-21,21
59253,115,106,9,9
59254,108,114,-6,6
59255,69,71,-2,2
59256,126,150,-24,24
59257,133,146,-13,13
59258,116,115,1,1
59259,76,94,-18,18
59260,42,44,-2,2
59261,74,79,-5,5
59262,145,136,9,9
59263,72,65,7,7
59264,103,114,-11,11
59265,67,69,-2,2
59266,139,121,18,18
59267,93,86,7,7
59268,112,105,7,7
59269,176,168,8,8
59270,70,69,1,1
59271,158,131,27,27
59272,71,70,1,1
59273,47,43,4,4
59274,93,81,12,12
59275,57,67,-10,10
59276,75,69,6,6
59277,62,75,-13,13
59278,104,121,-17,17
59279,143,141,2,2
59280,83,78,5,5
59281,75,68,7,7
59282,92,88,4,4
59283,60,71,-11,11
59284,117,113,4,4
59285,64,66,-2,2
59286,61,62,-1,1
59287,87,76,11,11
59288,175,178,-3,3
59289,58,64,-6,6
59290,77,68,9,9
59291,96,77,19,19
59292,120,122,-2,2
59293,176,163,13,13
59294,132,126,6,6
59295,67,73,-6,6
59296,73,75,-2,2
59297,120,141,-21,21
59298,71,74,-3,3
59299,63,63,0,0
59300,74,67,7,7
59301,35,51,-16,16
59302,129,115,14,14
59303,132,134,-2,2
59304,75,78,-3,3
59305,122,115,7,7
59306,89,85,4,4
59307,90,82,8,8
59308,71,73,-2,2
59309,92,81,11,11
59310,184,166,18,18
59311,59,88,-29,29
59312,90,90,0,0
59313,100,112,-12,12
59314,83,78,5,5
59315,83,82,1,1
59316,78,78,0,0
59317,106,102,4,4
59318,107,110,-3,3
59319,45,50,-5,5
59320,82,84,-2,2
59321,85,91,-6,6
59322,109,86,23,23
59323,70,75,-5,5
59324,70,75,-5,5
59325,109,109,0,0
59326,62,67,-5,5
59327,63,74,-11,11
59328,67,74,-7,7
59329,38,37,1,1
59330,45,40,5,5
59331,111,101,10,10
59332,99,110,-11,11
59333,52,59,-7,7
59334,93,89,4,4
59335,103,117,-14,14
59336,86,82,4,4
59337,69,67,2,2
59338,52,75,-23,23
59339,215,179,36,36
59340,90,84,6,6
59341,54,56,-2,2
59342,110,104,6,6
59343,97,84,13,13
59344,150,119,31,31
59345,142,127,15,15
59346,57,71,-14,14
59347,116,109,7,7
59348,177,161,16,16
59349,109,107,2,2
59350,78,78,0,0
59351,79,80,-1,1
59352,51,56,-5,5
59353,80,80,0,0
59354,99,107,-8,8
59355,49,49,0,0
59356,153,152,1,1
59357,174,170,4,4
59358,100,98,2,2
59359,147,129,18,18
59360,75,96,-21,21
59361,138,127,11,11
59362,78,73,5,5
59363,77,81,-4,4
59364,93,82,11,11
59365,148,136,12,12
59366,176,160,16,16
59367,74,69,5,5
59368,178,185,-7,7
59369,107,113,-6,6
59370,103,94,9,9
59371,125,119,6,6
59372,119,109,10,10
59373,98,98,0,0
59374,69,64,5,5
59375,72,69,3,3
59376,81,96,-15,15
59377,54,60,-6,6
59378,110,110,0,0
59379,84,83,1,1
59380,148,142,6,6
59381,61,55,6,6
59382,94,101,-7,7
59383,79,91,-12,12
59384,77,75,2,2
59385,83,80,3,3
59386,102,88,14,14
59387,99,94,5,5
59388,104,99,5,5
59389,128,136,-8,8
59390,73,77,-4,4
59391,85,81,4,4
59392,123,134,-11,11
59393,87,91,-4,4
59394,135,121,14,14
59395,71,67,4,4
59396,81,93,-12,12
59397,64,58,6,6
59398,71,68,3,3
59399,105,102,3,3
59400,59,54,5,5
59401,140,129,11,11
59402,161,153,8,8
59403,100,88,12,12
59404,89,86,3,3
59405,64,69,-5,5
59406,154,149,5,5
59407,167,133,34,34
59408,178,164,14,14
59409,88,77,11,11
59410,79,99,-20,20
59411,72,79,-7,7
59412,85,80,5,5
59413,92,88,4,4
59414,71,81,-10,10
59415,60,69,-9,9
59416,66,60,6,6
59417,95,83,12,12
59418,82,78,4,4
59419,82,85,-3,3
59420,91,79,12,12
59421,121,109,12,12
59422,78,76,2,2
59423,148,140,8,8
59424,95,91,4,4
59425,138,143,-5,5
59426,61,69,-8,8
59427,66,69,-3,3
59428,83,79,4,4
59429,61,69,-8,8
59430,60,62,-2,2
59431,56,57,-1,1
59432,127,121,6,6
59433,62,58,4,4
59434,133,129,4,4
59435,79,72,7,7
59436,123,102,21,21
59437,53,54,-1,1
59438,79,78,1,1
59439,126,111,15,15
59440,117,129,-12,12
59441,136,132,4,4
59442,81,104,-23,23
59443,105,125,-20,20
59444,118,121,-3,3
59445,66,69,-3,3
59446,59,59,0,0
59447,129,129,0,0
59448,93,99,-6,6
59449,87,87,0,0
59450,45,47,-2,2
59451,64,62,2,2
59452,121,123,-2,2
59453,168,147,21,21
59454,81,74,7,7
59455,99,89,10,10
59456,117,101,16,16
59457,95,83,12,12
59458,66,71,-5,5
59459,122,114,8,8
59460,112,120,-8,8
59461,71,79,-8,8
59462,172,176,-4,4
59463,108,97,11,11
59464,85,81,4,4
59465,130,121,9,9
59466,64,62,2,2
59467,74,80,-6,6
59468,63,66,-3,3
59469,145,140,5,5
59470,95,96,-1,1
59471,138,142,-4,4
59472,105,102,3,3
59473,51,56,-5,5
59474,109,117,-8,8
59475,91,106,-15,15
59476,70,62,8,8
59477,129,123,6,6
59478,106,88,18,18
59479,82,76,6,6
59480,54,52,2,2
59481,151,159,-8,8
59482,120,112,8,8
59483,151,148,3,3
59484,96,103,-7,7
59485,62,66,-4,4
59486,165,156,9,9
59487,138,126,12,12
59488,128,126,2,2
59489,80,70,10,10
59490,94,97,-3,3
59491,86,89,-3,3
59492,130,125,5,5
59493,154,141,13,13
59494,81,82,-1,1
59495,152,137,15,15
59496,52,67,-15,15
59497,65,64,1,1
59498,109,89,20,20
59499,72,70,2,2
59500,103,94,9,9
59501,112,97,15,15
59502,65,72,-7,7
59503,77,84,-7,7
59504,189,191,-2,2
59505,178,169,9,9
59506,48,45,3,3
59507,145,138,7,7
59508,47,64,-17,17
59509,146,138,8,8
59510,118,117,1,1
59511,78,78,0,0
59512,93,98,-5,5
59513,72,71,1,1
59514,86,87,-1,1
59515,118,108,10,10
59516,87,85,2,2
59517,42,48,-6,6
59518,87,94,-7,7
59519,87,89,-2,2
59520,159,154,5,5
59521,96,94,2,2
59522,50,56,-6,6
59523,76,91,-15,15
59524,111,115,-4,4
59525,140,131,9,9
59526,133,121,12,12
59527,89,100,-11,11
59528,94,97,-3,3
59529,60,53,7,7
59530,67,72,-5,5
59531,166,142,24,24
59532,74,78,-4,4
59533,88,86,2,2
59534,113,109,4,4
59535,114,111,3,3
59536,98,86,12,12
59537,52,63,-11,11
59538,109,104,5,5
59539,51,55,-4,4
59540,92,85,7,7
59541,79,81,-2,2
59542,65,69,-4,4
59543,80,81,-1,1
59544,130,120,10,10
59545,90,98,-8,8
59546,108,95,13,13
59547,84,88,-4,4
59548,160,156,4,4
59549,53,52,1,1
59550,62,71,-9,9
59551,65,74,-9,9
59552,65,69,-4,4
59553,61,59,2,2
59554,35,39,-4,4
59555,113,109,4,4
59556,69,74,-5,5
59557,56,56,0,0
59558,103,113,-10,10
59559,76,73,3,3
59560,106,113,-7,7
59561,157,153,4,4
59562,150,143,7,7
59563,79,77,2,2
59564,94,92,2,2
59565,59,65,-6,6
59566,135,157,-22,22
59567,91,95,-4,4
59568,129,122,7,7
59569,80,82,-2,2
59570,58,56,2,2
59571,96,83,13,13
59572,160,163,-3,3
59573,80,74,6,6
59574,55,57,-2,2
59575,101,96,5,5
59576,85,75,10,10
59577,68,71,-3,3
59578,95,110,-15,15
59579,110,105,5,5
59580,75,73,2,2
59581,73,77,-4,4
59582,90,94,-4,4
59583,78,81,-3,3
59584,148,137,11,11
59585,94,90,4,4
59586,64,67,-3,3
59587,186,165,21,21
59588,40,45,-5,5
59589,74,77,-3,3
59590,140,129,11,11
59591,103,96,7,7
59592,179,151,28,28
59593,209,173,36,36
59594,114,116,-2,2
59595,44,57,-13,13
59596,84,78,6,6
59597,55,58,-3,3
59598,150,140,10,10
59599,64,59,5,5
59600,61,67,-6,6
59601,89,87,2,2
59602,129,116,13,13
59603,61,63,-2,2
59604,125,107,18,18
59605,129,124,5,5
59606,94,95,-1,1
59607,86,77,9,9
59608,124,123,1,1
59609,45,50,-5,5
59610,131,119,12,12
59611,89,84,5,5
59612,140,143,-3,3
59613,85,87,-2,2
59614,178,166,12,12
59615,120,115,5,5
59616,135,123,12,12
59617,72,67,5,5
59618,45,47,-2,2
59619,63,63,0,0
59620,62,73,-11,11
59621,87,85,2,2
59622,165,170,-5,5
59623,107,128,-21,21
59624,69,79,-10,10
59625,94,91,3,3
59626,58,62,-4,4
59627,105,101,4,4
59628,115,113,2,2
59629,92,83,9,9
59630,80,77,3,3
59631,154,156,-2,2
59632,61,53,8,8
59633,115,114,1,1
59634,52,49,3,3
59635,69,69,0,0
59636,58,65,-7,7
59637,92,95,-3,3
59638,56,60,-4,4
59639,94,106,-12,12
59640,70,72,-2,2
59641,126,101,25,25
59642,77,78,-1,1
59643,77,72,5,5
59644,160,158,2,2
59645,69,70,-1,1
59646,73,74,-1,1
59647,72,74,-2,2
59648,72,70,2,2
59649,124,128,-4,4
59650,78,76,2,2
59651,81,79,2,2
59652,156,149,7,7
59653,67,63,4,4
59654,118,115,3,3
59655,79,71,8,8
59656,81,77,4,4
59657,87,78,9,9
59658,57,72,-15,15
59659,70,178,-108,108
59660,147,103,44,44
59661,141,129,12,12
59662,42,63,-21,21
59663,89,92,-3,3
59664,94,92,2,2
59665,103,102,1,1
59666,100,101,-1,1
59667,56,57,-1,1
59668,85,75,10,10
59669,77,74,3,3
59670,89,86,3,3
59671,125,135,-10,10
59672,41,44,-3,3
59673,135,120,15,15
59674,70,81,-11,11
59675,51,47,4,4
59676,86,91,-5,5
59677,100,98,2,2
59678,103,106,-3,3
59679,62,64,-2,2
59680,153,133,20,20
59681,173,165,8,8
59682,137,148,-11,11
59683,107,95,12,12
59684,161,146,15,15
59685,139,139,0,0
59686,62,55,7,7
59687,71,64,7,7
59688,104,123,-19,19
59689,115,111,4,4
59690,144,140,4,4
59691,76,77,-1,1
59692,168,160,8,8
59693,76,74,2,2
59694,78,82,-4,4
59695,94,119,-25,25
59696,92,81,11,11
59697,96,85,11,11
59698,131,119,12,12
59699,93,96,-3,3
59700,93,84,9,9
59701,60,69,-9,9
59702,78,68,10,10
59703,72,79,-7,7
59704,141,110,31,31
59705,116,107,9,9
59706,83,87,-4,4
59707,78,84,-6,6
59708,79,79,0,0
59709,113,113,0,0
59710,46,54,-8,8
59711,93,98,-5,5
59712,99,87,12,12
59713,103,111,-8,8
59714,98,86,12,12
59715,113,104,9,9
59716,121,136,-15,15
59717,58,62,-4,4
59718,92,88,4,4
59719,89,92,-3,3
59720,99,100,-1,1
59721,89,86,3,3
59722,79,81,-2,2
59723,138,128,10,10
59724,79,79,0,0
59725,73,78,-5,5
59726,88,81,7,7
59727,73,82,-9,9
59728,95,97,-2,2
59729,104,106,-2,2
59730,77,69,8,8
59731,54,58,-4,4
59732,128,126,2,2
59733,88,90,-2,2
59734,89,83,6,6
59735,100,104,-4,4
59736,132,129,3,3
59737,73,78,-5,5
59738,69,74,-5,5
59739,88,78,10,10
59740,127,126,1,1
59741,135,135,0,0
59742,71,71,0,0
59743,133,129,4,4
59744,98,97,1,1
59745,96,81,15,15
59746,121,115,6,6
59747,110,99,11,11
59748,63,69,-6,6
59749,149,139,10,10
59750,75,88,-13,13
59751,61,71,-10,10
59752,203,179,24,24
59753,106,106,0,0
59754,90,85,5,5
59755,111,94,17,17
59756,98,88,10,10
59757,70,85,-15,15
59758,77,73,4,4
59759,65,67,-2,2
59760,110,106,4,4
59761,82,91,-9,9
59762,135,128,7,7
59763,133,129,4,4
59764,93,87,6,6
59765,96,103,-7,7
59766,83,82,1,1
59767,83,81,2,2
59768,114,103,11,11
59769,169,177,-8,8
59770,83,72,11,11
59771,87,84,3,3
59772,80,94,-14,14
59773,64,71,-7,7
59774,185,171,14,14
59775,110,98,12,12
59776,109,98,11,11
59777,52,52,0,0
59778,103,101,2,2
59779,34,47,-13,13
59780,69,115,-46,46
59781,154,140,14,14
59782,149,145,4,4
59783,81,76,5,5
59784,81,80,1,1
59785,68,71,-3,3
59786,93,83,10,10
59787,57,59,-2,2
59788,129,126,3,3
59789,98,99,-1,1
59790,117,124,-7,7
59791,76,81,-5,5
59792,36,32,4,4
59793,130,125,5,5
59794,81,80,1,1
59795,72,81,-9,9
59796,76,80,-4,4
59797,63,69,-6,6
59798,97,92,5,5
59799,61,66,-5,5
59800,85,83,2,2
59801,110,132,-22,22
59802,85,80,5,5
59803,77,87,-10,10
59804,127,118,9,9
59805,49,51,-2,2
59806,85,82,3,3
59807,83,90,-7,7
59808,132,138,-6,6
59809,136,134,2,2
59810,73,68,5,5
59811,71,74,-3,3
59812,79,74,5,5
59813,88,94,-6,6
59814,70,126,-56,56
59815,75,70,5,5
59816,46,40,6,6
59817,101,93,8,8
59818,128,139,-11,11
59819,92,84,8,8
59820,149,124,25,25
59821,122,91,31,31
59822,79,97,-18,18
59823,48,74,-26,26
59824,101,100,1,1
59825,94,88,6,6
59826,125,123,2,2
59827,91,99,-8,8
59828,78,78,0,0
59829,121,116,5,5
59830,166,143,23,23
59831,96,91,5,5
59832,124,139,-15,15
59833,159,146,13,13
59834,66,69,-3,3
59835,82,78,4,4
59836,75,78,-3,3
59837,59,53,6,6
59838,85,84,1,1
59839,99,84,15,15
59840,148,137,11,11
59841,109,99,10,10
59842,81,79,2,2
59843,99,89,10,10
59844,47,48,-1,1
59845,78,79,-1,1
59846,85,84,1,1
59847,76,83,-7,7
59848,54,48,6,6
59849,106,108,-2,2
59850,83,77,6,6
59851,66,66,0,0
59852,47,62,-15,15
59853,60,69,-9,9
59854,109,109,0,0
59855,122,118,4,4
59856,92,86,6,6
59857,102,88,14,14
59858,130,138,-8,8
59859,104,98,6,6
59860,106,89,17,17
59861,74,76,-2,2
59862,149,148,1,1
59863,46,58,-12,12
59864,55,53,2,2
59865,81,80,1,1
59866,86,87,-1,1
59867,159,148,11,11
59868,49,52,-3,3
59869,76,80,-4,4
59870,109,109,0,0
59871,88,75,13,13
59872,66,71,-5,5
59873,95,94,1,1
59874,123,115,8,8
59875,49,57,-8,8
59876,60,57,3,3
59877,140,136,4,4
59878,72,67,5,5
59879,103,106,-3,3
59880,88,96,-8,8
59881,94,90,4,4
59882,97,89,8,8
59883,112,108,4,4
59884,37,52,-15,15
59885,70,75,-5,5
59886,217,208,9,9
59887,159,137,22,22
59888,86,83,3,3
59889,116,116,0,0
59890,76,70,6,6
59891,159,145,14,14
59892,102,96,6,6
59893,72,74,-2,2
59894,102,103,-1,1
59895,94,82,12,12
59896,56,52,4,4
59897,136,140,-4,4
59898,78,77,1,1
59899,75,79,-4,4
59900,138,135,3,3
59901,79,75,4,4
59902,89,90,-1,1
59903,63,72,-9,9
59904,59,54,5,5
59905,127,124,3,3
59906,100,87,13,13
59907,60,65,-5,5
59908,100,99,1,1
59909,108,97,11,11
59910,152,144,8,8
59911,118,117,1,1
59912,81,81,0,0
59913,49,50,-1,1
59914,90,83,7,7
59915,97,91,6,6
59916,90,87,3,3
59917,138,130,8,8
59918,116,128,-12,12
59919,86,88,-2,2
59920,106,91,15,15
59921,155,141,14,14
59922,100,93,7,7
59923,66,68,-2,2
59924,84,82,2,2
59925,103,102,1,1
59926,56,59,-3,3
59927,100,90,10,10
59928,93,86,7,7
59929,135,137,-2,2
59930,32,35,-3,3
59931,93,104,-11,11
59932,107,127,-20,20
59933,62,68,-6,6
59934,59,61,-2,2
59935,91,89,2,2
59936,75,80,-5,5
59937,73,70,3,3
59938,96,99,-3,3
59939,115,115,0,0
59940,63,68,-5,5
59941,85,86,-1,1
59942,72,81,-9,9
59943,158,163,-5,5
59944,91,82,9,9
59945,69,75,-6,6
59946,89,113,-24,24
59947,74,74,0,0
59948,104,256,-152,152
59949,49,58,-9,9
59950,99,92,7,7
59951,127,122,5,5
59952,73,78,-5,5
59953,49,58,-9,9
59954,87,84,3,3
59955,157,147,10,10
59956,80,86,-6,6
59957,144,120,24,24
59958,83,90,-7,7
59959,131,132,-1,1
59960,95,100,-5,5
59961,141,136,5,5
59962,89,102,-13,13
59963,59,56,3,3
59964,86,81,5,5
59965,118,117,1,1
59966,78,82,-4,4
59967,148,142,6,6
59968,59,55,4,4
59969,104,107,-3,3
59970,85,80,5,5
59971,103,105,-2,2
59972,236,202,34,34
59973,66,79,-13,13
59974,50,69,-19,19
59975,77,69,8,8
59976,114,96,18,18
59977,85,82,3,3
59978,88,85,3,3
59979,74,70,4,4
59980,71,74,-3,3
59981,155,145,10,10
59982,62,70,-8,8
59983,100,91,9,9
59984,82,87,-5,5
59985,113,110,3,3
59986,104,99,5,5
59987,104,98,6,6
59988,105,129,-24,24
59989,153,145,8,8
59990,76,73,3,3
59991,85,74,11,11
59992,119,126,-7,7
59993,106,92,14,14
59994,73,80,-7,7
59995,137,122,15,15
59996,79,74,5,5
59997,186,182,4,4
59998,63,68,-5,5
59999,93,86,7,7
60000,126,136,-10,10
60001,70,67,3,3
60002,128,115,13,13
60003,61,64,-3,3
60004,83,75,8,8
60005,108,99,9,9
60006,87,94,-7,7
60007,97,99,-2,2
60008,62,67,-5,5
60009,129,126,3,3
60010,124,114,10,10
60011,63,67,-4,4
60012,138,129,9,9
60013,53,53,0,0
60014,76,66,10,10
60015,138,142,-4,4
60016,123,127,-4,4
60017,57,56,1,1
60018,83,79,4,4
60019,96,101,-5,5
60020,119,127,-8,8
60021,72,71,1,1
60022,78,69,9,9
60023,106,94,12,12
60024,83,74,9,9
60025,71,67,4,4
60026,205,180,25,25
60027,59,66,-7,7
60028,57,55,2,2
60029,90,86,4,4
60030,34,73,-39,39
60031,215,180,35,35
60032,85,85,0,0
60033,158,153,5,5
60034,136,125,11,11
60035,55,46,9,9
60036,119,115,4,4
60037,109,144,-35,35
60038,57,62,-5,5
60039,92,84,8,8
60040,99,92,7,7
60041,95,90,5,5
60042,74,68,6,6
60043,84,79,5,5
60044,107,100,7,7
60045,78,73,5,5
60046,64,68,-4,4
60047,66,73,-7,7
60048,88,82,6,6
60049,135,117,18,18
60050,139,129,10,10
60051,126,144,-18,18
60052,82,79,3,3
60053,70,65,5,5
60054,81,84,-3,3
60055,60,61,-1,1
60056,56,56,0,0
60057,131,124,7,7
60058,59,63,-4,4
60059,83,73,10,10
60060,145,141,4,4
60061,86,83,3,3
60062,102,101,1,1
60063,77,78,-1,1
60064,136,119,17,17
60065,68,69,-1,1
60066,81,75,6,6
60067,82,75,7,7
60068,85,81,4,4
60069,121,119,2,2
60070,69,69,0,0
60071,56,64,-8,8
60072,170,157,13,13
60073,123,124,-1,1
60074,71,68,3,3
60075,77,79,-2,2
60076,140,132,8,8
60077,141,130,11,11
60078,98,94,4,4
60079,93,81,12,12
60080,69,80,-11,11
60081,104,102,2,2
60082,53,64,-11,11
60083,75,78,-3,3
60084,120,117,3,3
60085,86,98,-12,12
60086,98,90,8,8
60087,84,87,-3,3
60088,88,78,10,10
60089,113,110,3,3
60090,74,75,-1,1
60091,91,82,9,9
60092,149,131,18,18
60093,82,80,2,2
60094,84,77,7,7
60095,195,187,8,8
60096,117,121,-4,4
60097,120,124,-4,4
60098,180,169,11,11
60099,80,86,-6,6
60100,122,120,2,2
60101,135,126,9,9
60102,159,159,0,0
60103,107,108,-1,1
60104,76,80,-4,4
60105,85,84,1,1
60106,87,80,7,7
60107,88,80,8,8
60108,41,46,-5,5
60109,78,73,5,5
60110,61,65,-4,4
60111,87,83,4,4
60112,129,118,11,11
60113,84,81,3,3
60114,142,126,16,16
60115,126,130,-4,4
60116,89,83,6,6
60117,74,68,6,6
60118,51,45,6,6
60119,141,126,15,15
60120,83,76,7,7
60121,120,155,-35,35
60122,144,139,5,5
60123,67,75,-8,8
60124,82,84,-2,2
60125,67,74,-7,7
60126,85,84,1,1
60127,62,50,12,12
60128,106,103,3,3
60129,59,60,-1,1
60130,73,69,4,4
60131,145,137,8,8
60132,65,62,3,3
60133,72,73,-1,1
60134,118,106,12,12
60135,105,117,-12,12
60136,71,69,2,2
60137,96,96,0,0
60138,111,103,8,8
60139,73,88,-15,15
60140,88,80,8,8
60141,210,200,10,10
60142,104,97,7,7
60143,76,71,5,5
60144,43,51,-8,8
60145,110,100,10,10
60146,93,82,11,11
60147,114,109,5,5
60148,190,188,2,2
60149,87,84,3,3
60150,85,72,13,13
60151,95,95,0,0
60152,97,114,-17,17
60153,58,58,0,0
60154,126,131,-5,5
60155,145,128,17,17
60156,61,68,-7,7
60157,113,95,18,18
60158,42,45,-3,3
60159,108,99,9,9
60160,93,82,11,11
60161,157,154,3,3
60162,75,74,1,1
60163,59,66,-7,7
60164,101,86,15,15
60165,83,77,6,6
60166,95,89,6,6
60167,100,97,3,3
60168,69,67,2,2
60169,108,114,-6,6
60170,79,74,5,5
60171,105,99,6,6
60172,98,111,-13,13
60173,123,127,-4,4
60174,103,101,2,2
60175,158,149,9,9
60176,98,92,6,6
60177,128,122,6,6
60178,54,50,4,4
60179,54,66,-12,12
60180,86,84,2,2
60181,119,119,0,0
60182,67,65,2,2
60183,114,112,2,2
60184,104,99,5,5
60185,81,81,0,0
60186,84,78,6,6
60187,86,83,3,3
60188,93,93,0,0
60189,75,69,6,6
60190,69,70,-1,1
60191,96,86,10,10
60192,117,119,-2,2
60193,164,148,16,16
60194,121,115,6,6
60195,93,85,8,8
60196,91,85,6,6
60197,144,138,6,6
60198,101,102,-1,1
60199,135,123,12,12
60200,102,100,2,2
60201,83,82,1,1
60202,88,79,9,9
60203,101,106,-5,5
60204,102,103,-1,1
60205,102,109,-7,7
60206,105,98,7,7
60207,99,104,-5,5
60208,151,139,12,12
60209,67,72,-5,5
60210,164,139,25,25
60211,85,85,0,0
60212,89,93,-4,4
60213,59,61,-2,2
60214,94,82,12,12
60215,123,119,4,4
60216,79,101,-22,22
60217,74,72,2,2
60218,176,168,8,8
60219,59,69,-10,10
60220,100,100,0,0
60221,123,125,-2,2
60222,104,104,0,0
60223,145,150,-5,5
60224,97,99,-2,2
60225,175,165,10,10
60226,63,64,-1,1
60227,124,128,-4,4
60228,68,66,2,2
60229,139,128,11,11
60230,78,70,8,8
60231,79,69,10,10
60232,48,54,-6,6
60233,141,140,1,1
60234,136,122,14,14
60235,123,130,-7,7
60236,85,83,2,2
60237,128,120,8,8
60238,97,85,12,12
60239,63,67,-4,4
60240,141,146,-5,5
60241,87,83,4,4
60242,93,102,-9,9
60243,54,55,-1,1
60244,133,117,16,16
60245,50,58,-8,8
60246,71,71,0,0
60247,75,72,3,3
60248,165,160,5,5
60249,64,65,-1,1
60250,95,82,13,13
60251,65,61,4,4
60252,106,101,5,5
60253,91,79,12,12
60254,70,78,-8,8
60255,124,121,3,3
60256,48,54,-6,6
60257,74,70,4,4
60258,64,62,2,2
60259,104,100,4,4
60260,82,80,2,2
60261,82,82,0,0
60262,147,149,-2,2
60263,123,102,21,21
60264,81,83,-2,2
60265,146,148,-2,2
60266,88,82,6,6
60267,78,73,5,5
60268,118,122,-4,4
60269,160,154,6,6
60270,176,165,11,11
60271,133,121,12,12
60272,122,118,4,4
60273,74,77,-3,3
60274,75,78,-3,3
60275,116,118,-2,2
60276,116,114,2,2
60277,126,121,5,5
60278,53,53,0,0
60279,58,81,-23,23
60280,169,162,7,7
60281,100,110,-10,10
60282,56,63,-7,7
60283,63,72,-9,9
60284,58,60,-2,2
60285,56,70,-14,14
60286,131,137,-6,6
60287,74,69,5,5
60288,143,133,10,10
60289,127,132,-5,5
60290,98,96,2,2
60291,60,57,3,3
60292,65,78,-13,13
60293,76,67,9,9
60294,72,73,-1,1
60295,83,82,1,1
60296,41,47,-6,6
60297,91,85,6,6
60298,125,128,-3,3
60299,119,126,-7,7
60300,92,84,8,8
60301,100,114,-14,14
60302,125,119,6,6
60303,95,98,-3,3
60304,108,102,6,6
60305,118,116,2,2
60306,124,134,-10,10
60307,31,35,-4,4
60308,175,176,-1,1
60309,122,120,2,2
60310,117,125,-8,8
60311,30,48,-18,18
60312,184,166,18,18
60313,93,86,7,7
60314,98,95,3,3
60315,82,79,3,3
60316,91,92,-1,1
60317,67,80,-13,13
60318,103,75,28,28
60319,127,129,-2,2
60320,64,65,-1,1
60321,70,79,-9,9
60322,68,71,-3,3
60323,87,100,-13,13
60324,103,102,1,1
60325,91,93,-2,2
60326,77,70,7,7
60327,70,65,5,5
60328,90,89,1,1
60329,64,68,-4,4
60330,53,56,-3,3
60331,87,77,10,10
60332,112,101,11,11
60333,91,85,6,6
60334,132,129,3,3
60335,116,116,0,0
60336,99,102,-3,3
60337,80,75,5,5
60338,125,125,0,0
60339,83,76,7,7
60340,123,128,-5,5
60341,126,121,5,5
60342,114,116,-2,2
60343,139,129,10,10
60344,135,139,-4,4
60345,61,61,0,0
60346,70,74,-4,4
60347,112,104,8,8
60348,79,78,1,1
60349,58,68,-10,10
60350,131,141,-10,10
60351,154,144,10,10
60352,85,85,0,0
60353,116,102,14,14
60354,71,77,-6,6
60355,62,72,-10,10
60356,72,76,-4,4
60357,137,138,-1,1
60358,152,152,0,0
60359,85,79,6,6
60360,63,67,-4,4
60361,67,57,10,10
60362,108,113,-5,5
60363,120,125,-5,5
60364,103,100,3,3
60365,96,102,-6,6
60366,108,114,-6,6
60367,49,105,-56,56
60368,83,86,-3,3
60369,91,83,8,8
60370,112,104,8,8
60371,148,137,11,11
60372,110,118,-8,8
60373,90,86,4,4
60374,71,60,11,11
60375,95,104,-9,9
60376,78,75,3,3
60377,102,107,-5,5
60378,99,90,9,9
60379,71,70,1,1
60380,103,101,2,2
60381,75,76,-1,1
60382,128,127,1,1
60383,37,46,-9,9
60384,82,77,5,5
60385,82,88,-6,6
60386,105,107,-2,2
60387,96,88,8,8
60388,57,51,6,6
60389,135,137,-2,2
60390,87,85,2,2
60391,75,77,-2,2
60392,75,84,-9,9
60393,127,119,8,8
60394,105,105,0,0
60395,61,61,0,0
60396,66,93,-27,27
60397,140,134,6,6
60398,129,132,-3,3
60399,150,133,17,17
60400,109,104,5,5
60401,115,126,-11,11
60402,118,113,5,5
60403,58,57,1,1
60404,79,69,10,10
60405,28,32,-4,4
60406,173,151,22,22
60407,89,92,-3,3
60408,95,81,14,14
60409,71,77,-6,6
60410,87,87,0,0
60411,77,70,7,7
60412,106,104,2,2
60413,88,90,-2,2
60414,74,75,-1,1
60415,66,91,-25,25
60416,64,79,-15,15
60417,115,119,-4,4
60418,59,58,1,1
60419,142,128,14,14
60420,73,64,9,9
60421,138,130,8,8
60422,110,106,4,4
60423,81,86,-5,5
60424,143,157,-14,14
60425,137,121,16,16
60426,177,167,10,10
60427,100,101,-1,1
60428,112,116,-4,4
60429,136,140,-4,4
60430,48,50,-2,2
60431,112,128,-16,16
60432,115,116,-1,1
60433,134,133,1,1
60434,97,103,-6,6
60435,86,80,6,6
60436,115,107,8,8
60437,80,74,6,6
60438,157,144,13,13
60439,59,58,1,1
60440,118,118,0,0
60441,64,74,-10,10
60442,123,116,7,7
60443,70,74,-4,4
60444,60,67,-7,7
60445,76,84,-8,8
60446,161,154,7,7
60447,129,140,-11,11
60448,66,67,-1,1
60449,104,94,10,10
60450,86,80,6,6
60451,53,51,2,2
60452,76,72,4,4
60453,202,178,24,24
60454,81,76,5,5
60455,136,134,2,2
60456,80,71,9,9
60457,54,59,-5,5
60458,71,66,5,5
60459,37,39,-2,2
60460,92,87,5,5
60461,81,81,0,0
60462,94,117,-23,23
60463,116,111,5,5
60464,89,89,0,0
60465,123,113,10,10
60466,95,87,8,8
60467,114,109,5,5
60468,134,135,-1,1
60469,153,149,4,4
60470,82,80,2,2
60471,104,97,7,7
60472,101,105,-4,4
60473,73,64,9,9
60474,121,124,-3,3
60475,147,128,19,19
60476,70,77,-7,7
60477,126,120,6,6
60478,284,240,44,44
60479,124,132,-8,8
60480,107,106,1,1
60481,78,77,1,1
60482,116,114,2,2
60483,139,127,12,12
60484,127,124,3,3
60485,61,67,-6,6
60486,56,60,-4,4
60487,105,99,6,6
60488,68,73,-5,5
60489,101,92,9,9
60490,64,61,3,3
60491,70,72,-2,2
60492,129,125,4,4
60493,86,81,5,5
60494,71,68,3,3
60495,57,138,-81,81
60496,63,79,-16,16
60497,100,89,11,11
60498,138,144,-6,6
60499,143,132,11,11
60500,123,117,6,6
60501,114,117,-3,3
60502,69,69,0,0
60503,71,72,-1,1
60504,65,56,9,9
60505,94,104,-10,10
60506,73,78,-5,5
60507,77,78,-1,1
60508,68,74,-6,6
60509,126,138,-12,12
60510,133,126,7,7
60511,111,122,-11,11
60512,80,79,1,1
60513,74,80,-6,6
60514,91,86,5,5
60515,111,118,-7,7
60516,100,98,2,2
60517,191,166,25,25
60518,124,109,15,15
60519,55,56,-1,1
60520,113,102,11,11
60521,34,41,-7,7
60522,108,98,10,10
60523,74,70,4,4
60524,163,142,21,21
60525,135,117,18,18
60526,86,99,-13,13
60527,122,116,6,6
60528,135,131,4,4
60529,68,86,-18,18
60530,75,73,2,2
60531,127,134,-7,7
60532,65,67,-2,2
60533,83,85,-2,2
60534,103,91,12,12
60535,79,77,2,2
60536,77,75,2,2
60537,116,120,-4,4
60538,123,117,6,6
60539,70,67,3,3
60540,66,70,-4,4
60541,102,109,-7,7
60542,108,126,-18,18
60543,64,55,9,9
60544,116,126,-10,10
60545,154,158,-4,4
60546,78,78,0,0
60547,97,98,-1,1
60548,64,69,-5,5
60549,109,105,4,4
60550,109,100,9,9
60551,110,117,-7,7
60552,124,118,6,6
60553,50,50,0,0
60554,75,73,2,2
60555,112,117,-5,5
60556,72,78,-6,6
60557,113,108,5,5
60558,70,80,-10,10
60559,112,86,26,26
60560,71,70,1,1
60561,117,117,0,0
60562,88,82,6,6
60563,88,79,9,9
60564,96,84,12,12
60565,114,117,-3,3
60566,46,57,-11,11
60567,82,86,-4,4
60568,77,76,1,1
60569,68,80,-12,12
60570,79,85,-6,6
60571,78,75,3,3
60572,48,53,-5,5
60573,55,59,-4,4
60574,110,110,0,0
60575,106,101,5,5
60576,88,79,9,9
60577,90,97,-7,7
60578,84,89,-5,5
60579,78,83,-5,5
60580,108,114,-6,6
60581,52,64,-12,12
60582,162,138,24,24
60583,46,50,-4,4
60584,100,105,-5,5
60585,95,89,6,6
60586,138,136,2,2
60587,53,56,-3,3
60588,100,89,11,11
60589,93,87,6,6
60590,90,108,-18,18
60591,103,104,-1,1
60592,92,82,10,10
60593,52,46,6,6
60594,104,104,0,0
60595,49,53,-4,4
60596,82,76,6,6
60597,104,97,7,7
60598,167,165,2,2
60599,58,65,-7,7
60600,79,77,2,2
60601,75,67,8,8
60602,70,76,-6,6
60603,78,82,-4,4
60604,70,68,2,2
60605,130,134,-4,4
60606,90,93,-3,3
60607,68,70,-2,2
60608,97,102,-5,5
60609,83,82,1,1
60610,51,61,-10,10
60611,70,75,-5,5
60612,35,70,-35,35
60613,24,60,-36,36
60614,113,96,17,17
60615,133,124,9,9
60616,90,92,-2,2
60617,84,80,4,4
60618,86,82,4,4
60619,63,65,-2,2
60620,51,54,-3,3
60621,153,141,12,12
60622,113,109,4,4
60623,47,48,-1,1
60624,111,102,9,9
60625,67,62,5,5
60626,51,83,-32,32
60627,57,67,-10,10
60628,67,58,9,9
60629,149,139,10,10
60630,71,69,2,2
60631,100,108,-8,8
60632,94,101,-7,7
60633,61,63,-2,2
60634,100,86,14,14
60635,147,141,6,6
60636,92,88,4,4
60637,79,82,-3,3
60638,95,97,-2,2
60639,155,158,-3,3
60640,88,79,9,9
60641,149,160,-11,11
60642,128,124,4,4
60643,73,61,12,12
60644,124,117,7,7
60645,78,81,-3,3
60646,73,72,1,1
60647,104,98,6,6
60648,124,105,19,19
60649,65,70,-5,5
60650,98,100,-2,2
60651,100,95,5,5
60652,79,75,4,4
60653,216,187,29,29
60654,77,80,-3,3
60655,64,75,-11,11
60656,43,41,2,2
60657,124,114,10,10
60658,87,83,4,4
60659,98,92,6,6
60660,91,83,8,8
60661,81,77,4,4
60662,109,118,-9,9
60663,61,78,-17,17
60664,86,88,-2,2
60665,126,120,6,6
60666,85,78,7,7
60667,94,113,-19,19
60668,68,71,-3,3
60669,77,75,2,2
60670,72,71,1,1
60671,107,108,-1,1
60672,83,80,3,3
60673,116,116,0,0
60674,59,58,1,1
60675,53,54,-1,1
60676,137,139,-2,2
60677,128,116,12,12
60678,97,94,3,3
60679,97,99,-2,2
60680,75,75,0,0
60681,107,95,12,12
60682,96,90,6,6
60683,139,129,10,10
60684,62,61,1,1
60685,90,84,6,6
60686,104,107,-3,3
60687,124,117,7,7
60688,107,99,8,8
60689,124,130,-6,6
60690,105,99,6,6
60691,134,136,-2,2
60692,122,113,9,9
60693,70,78,-8,8
60694,152,152,0,0
60695,95,90,5,5
60696,67,85,-18,18
60697,109,102,7,7
60698,170,209,-39,39
60699,80,81,-1,1
60700,88,81,7,7
60701,131,100,31,31
60702,84,79,5,5
60703,97,101,-4,4
60704,149,126,23,23
60705,79,83,-4,4
60706,93,104,-11,11
60707,81,85,-4,4
60708,125,123,2,2
60709,82,79,3,3
60710,79,79,0,0
60711,65,57,8,8
60712,95,95,0,0
60713,111,117,-6,6
60714,113,106,7,7
60715,119,122,-3,3
60716,68,74,-6,6
60717,135,113,22,22
60718,102,86,16,16
60719,96,109,-13,13
60720,107,108,-1,1
60721,86,80,6,6
60722,158,132,26,26
60723,141,129,12,12
60724,129,129,0,0
60725,49,47,2,2
60726,149,142,7,7
60727,114,113,1,1
60728,40,39,1,1
60729,55,59,-4,4
60730,85,78,7,7
60731,65,66,-1,1
60732,97,104,-7,7
60733,148,141,7,7
60734,141,128,13,13
60735,69,66,3,3
60736,80,79,1,1
60737,158,141,17,17
60738,75,79,-4,4
60739,88,85,3,3
60740,110,103,7,7
60741,82,84,-2,2
60742,58,69,-11,11
60743,76,71,5,5
60744,48,53,-5,5
60745,106,88,18,18
60746,108,106,2,2
60747,191,172,19,19
60748,100,95,5,5
60749,58,59,-1,1
60750,117,117,0,0
60751,233,191,42,42
60752,78,80,-2,2
60753,83,76,7,7
60754,66,69,-3,3
60755,55,56,-1,1
60756,77,81,-4,4
60757,102,97,5,5
60758,62,63,-1,1
60759,71,72,-1,1
60760,139,135,4,4
60761,132,134,-2,2
60762,94,98,-4,4
60763,107,112,-5,5
60764,60,72,-12,12
60765,94,108,-14,14
60766,72,66,6,6
60767,86,82,4,4
60768,75,79,-4,4
60769,87,85,2,2
60770,148,132,16,16
60771,120,109,11,11
60772,68,72,-4,4
60773,81,76,5,5
60774,222,210,12,12
60775,68,68,0,0
60776,103,109,-6,6
60777,133,112,21,21
60778,135,116,19,19
60779,97,89,8,8
60780,56,58,-2,2
60781,73,71,2,2
60782,110,115,-5,5
60783,116,114,2,2
60784,46,40,6,6
60785,119,110,9,9
60786,42,45,-3,3
60787,71,81,-10,10
60788,80,64,16,16
60789,87,86,1,1
60790,73,74,-1,1
60791,99,91,8,8
60792,36,42,-6,6
60793,70,69,1,1
60794,55,54,1,1
60795,104,101,3,3
60796,135,134,1,1
60797,103,95,8,8
60798,83,83,0,0
60799,87,77,10,10
60800,78,72,6,6
60801,68,76,-8,8
60802,70,78,-8,8
60803,112,100,12,12
60804,99,99,0,0
60805,103,102,1,1
60806,87,82,5,5
60807,105,102,3,3
60808,94,93,1,1
60809,185,171,14,14
60810,167,161,6,6
60811,67,72,-5,5
60812,98,79,19,19
60813,109,110,-1,1
60814,139,133,6,6
60815,88,83,5,5
60816,117,109,8,8
60817,101,110,-9,9
60818,124,133,-9,9
60819,182,154,28,28
60820,198,171,27,27
60821,115,114,1,1
60822,92,92,0,0
60823,77,73,4,4
60824,104,102,2,2
60825,75,69,6,6
60826,93,79,14,14
60827,173,171,2,2
60828,121,122,-1,1
60829,141,117,24,24
60830,66,80,-14,14
60831,72,68,4,4
60832,104,111,-7,7
60833,103,96,7,7
60834,81,78,3,3
60835,122,104,18,18
60836,131,121,10,10
60837,58,60,-2,2
60838,106,106,0,0
60839,119,106,13,13
60840,57,56,1,1
60841,77,74,3,3
60842,67,60,7,7
60843,85,80,5,5
60844,62,67,-5,5
60845,140,132,8,8
60846,72,77,-5,5
60847,125,124,1,1
60848,166,158,8,8
60849,133,120,13,13
60850,101,83,18,18
60851,156,147,9,9
60852,68,70,-2,2
60853,70,68,2,2
60854,127,121,6,6
60855,89,82,7,7
60856,111,98,13,13
60857,154,132,22,22
60858,91,84,7,7
60859,59,64,-5,5
60860,105,101,4,4
60861,108,125,-17,17
60862,87,96,-9,9
60863,143,136,7,7
60864,88,84,4,4
60865,83,85,-2,2
60866,105,95,10,10
60867,96,100,-4,4
60868,95,87,8,8
60869,104,111,-7,7
60870,97,115,-18,18
60871,111,114,-3,3
60872,93,85,8,8
60873,54,53,1,1
60874,90,92,-2,2
60875,52,54,-2,2
60876,85,84,1,1
60877,114,114,0,0
60878,152,159,-7,7
60879,79,72,7,7
60880,118,123,-5,5
60881,85,78,7,7
60882,94,84,10,10
60883,49,54,-5,5
60884,56,57,-1,1
60885,156,142,14,14
60886,55,49,6,6
60887,116,113,3,3
60888,84,83,1,1
60889,105,100,5,5
60890,122,115,7,7
60891,80,84,-4,4
60892,89,77,12,12
60893,117,108,9,9
60894,50,51,-1,1
60895,65,72,-7,7
60896,115,116,-1,1
60897,78,77,1,1
60898,112,116,-4,4
60899,84,78,6,6
60900,144,142,2,2
60901,95,87,8,8
60902,125,123,2,2
60903,115,129,-14,14
60904,76,73,3,3
60905,119,117,2,2
60906,133,148,-15,15
60907,90,80,10,10
60908,112,109,3,3
60909,76,72,4,4
60910,147,138,9,9
60911,55,60,-5,5
60912,131,118,13,13
60913,116,104,12,12
60914,84,80,4,4
60915,72,74,-2,2
60916,73,75,-2,2
60917,43,52,-9,9
60918,73,71,2,2
60919,82,88,-6,6
60920,56,61,-5,5
60921,99,89,10,10
60922,105,112,-7,7
60923,79,91,-12,12
60924,138,123,15,15
60925,111,117,-6,6
60926,36,45,-9,9
60927,138,129,9,9
60928,89,90,-1,1
60929,93,81,12,12
60930,132,132,0,0
60931,108,101,7,7
60932,66,68,-2,2
60933,71,72,-1,1
60934,65,61,4,4
60935,200,184,16,16
60936,72,104,-32,32
60937,232,225,7,7
60938,75,75,0,0
60939,186,164,22,22
60940,125,117,8,8
60941,95,104,-9,9
60942,203,152,51,51
60943,176,156,20,20
60944,129,127,2,2
60945,76,75,1,1
60946,143,138,5,5
60947,49,50,-1,1
60948,92,87,5,5
60949,92,87,5,5
60950,75,82,-7,7
60951,105,93,12,12
60952,155,132,23,23
60953,95,100,-5,5
60954,86,92,-6,6
60955,132,121,11,11
60956,46,53,-7,7
60957,69,75,-6,6
60958,58,70,-12,12
60959,140,129,11,11
60960,70,65,5,5
60961,89,86,3,3
60962,84,68,16,16
60963,124,119,5,5
60964,71,73,-2,2
60965,127,123,4,4
60966,69,69,0,0
60967,111,101,10,10
60968,125,126,-1,1
60969,85,87,-2,2
60970,76,74,2,2
60971,85,86,-1,1
60972,55,60,-5,5
60973,92,89,3,3
60974,182,166,16,16
60975,89,83,6,6
60976,102,93,9,9
60977,113,114,-1,1
60978,131,136,-5,5
60979,133,137,-4,4
60980,98,93,5,5
60981,154,134,20,20
60982,99,93,6,6
60983,114,111,3,3
60984,110,102,8,8
60985,125,109,16,16
60986,52,66,-14,14
60987,42,42,0,0
60988,80,74,6,6
60989,83,80,3,3
60990,143,134,9,9
60991,56,63,-7,7
60992,131,124,7,7
60993,112,125,-13,13
60994,110,108,2,2
60995,104,98,6,6
60996,71,73,-2,2
60997,36,36,0,0
60998,57,59,-2,2
60999,72,79,-7,7
61000,119,102,17,17
61001,194,176,18,18
61002,107,98,9,9
61003,123,119,4,4
61004,87,80,7,7
61005,157,150,7,7
61006,75,77,-2,2
61007,94,96,-2,2
61008,85,83,2,2
61009,85,91,-6,6
61010,44,48,-4,4
61011,78,79,-1,1
61012,97,78,19,19
61013,34,57,-23,23
61014,38,36,2,2
61015,93,86,7,7
61016,113,107,6,6
61017,130,120,10,10
61018,46,45,1,1
61019,94,98,-4,4
61020,144,130,14,14
61021,60,61,-1,1
61022,110,110,0,0
61023,78,81,-3,3
61024,172,162,10,10
61025,117,129,-12,12
61026,60,72,-12,12
61027,114,100,14,14
61028,136,144,-8,8
61029,130,137,-7,7
61030,140,129,11,11
61031,58,64,-6,6
61032,87,81,6,6
61033,154,141,13,13
61034,84,83,1,1
61035,78,72,6,6
61036,224,264,-40,40
61037,77,74,3,3
61038,114,109,5,5
61039,64,61,3,3
61040,145,136,9,9
61041,62,63,-1,1
61042,123,123,0,0
61043,126,123,3,3
61044,59,72,-13,13
61045,59,69,-10,10
61046,65,79,-14,14
61047,81,84,-3,3
61048,104,95,9,9
61049,94,93,1,1
61050,131,127,4,4
61051,60,59,1,1
61052,111,100,11,11
61053,159,143,16,16
61054,145,142,3,3
61055,67,62,5,5
61056,114,108,6,6
61057,82,77,5,5
61058,93,93,0,0
61059,53,62,-9,9
61060,83,88,-5,5
61061,101,103,-2,2
61062,112,122,-10,10
61063,71,64,7,7
61064,86,78,8,8
61065,49,100,-51,51
61066,59,59,0,0
61067,125,114,11,11
61068,157,155,2,2
61069,90,89,1,1
61070,160,164,-4,4
61071,128,108,20,20
61072,78,80,-2,2
61073,153,150,3,3
61074,87,101,-14,14
61075,133,124,9,9
61076,96,101,-5,5
61077,88,96,-8,8
61078,69,77,-8,8
61079,150,161,-11,11
61080,134,121,13,13
61081,122,119,3,3
61082,91,89,2,2
61083,156,143,13,13
61084,76,77,-1,1
61085,44,46,-2,2
61086,117,121,-4,4
61087,110,106,4,4
61088,101,82,19,19
61089,81,75,6,6
61090,52,56,-4,4
61091,164,160,4,4
61092,40,43,-3,3
61093,80,82,-2,2
61094,129,120,9,9
61095,131,121,10,10
61096,87,87,0,0
61097,79,74,5,5
61098,110,104,6,6
61099,120,111,9,9
61100,100,120,-20,20
61101,113,113,0,0
61102,97,117,-20,20
61103,75,69,6,6
61104,85,91,-6,6
61105,49,46,3,3
61106,103,117,-14,14
61107,177,166,11,11
61108,94,96,-2,2
61109,130,123,7,7
61110,72,75,-3,3
61111,158,152,6,6
61112,47,53,-6,6
61113,74,86,-12,12
61114,101,105,-4,4
61115,51,62,-11,11
61116,83,80,3,3
61117,142,136,6,6
61118,58,64,-6,6
61119,83,84,-1,1
61120,45,44,1,1
61121,138,133,5,5
61122,152,142,10,10
61123,101,105,-4,4
61124,77,70,7,7
61125,52,77,-25,25
61126,89,80,9,9
61127,149,134,15,15
61128,78,71,7,7
61129,146,143,3,3
61130,122,123,-1,1
61131,88,81,7,7
61132,131,129,2,2
61133,67,69,-2,2
61134,107,89,18,18
61135,139,144,-5,5
61136,164,152,12,12
61137,134,126,8,8
61138,71,71,0,0
61139,87,77,10,10
61140,68,69,-1,1
61141,56,105,-49,49
61142,118,121,-3,3
61143,101,102,-1,1
61144,75,78,-3,3
61145,127,137,-10,10
61146,85,85,0,0
61147,57,70,-13,13
61148,37,46,-9,9
61149,116,112,4,4
61150,108,101,7,7
61151,137,132,5,5
61152,58,62,-4,4
61153,67,87,-20,20
61154,106,105,1,1
61155,132,116,16,16
61156,102,91,11,11
61157,115,118,-3,3
61158,85,83,2,2
61159,107,107,0,0
61160,49,54,-5,5
61161,139,151,-12,12
61162,126,129,-3,3
61163,135,140,-5,5
61164,69,65,4,4
61165,88,76,12,12
61166,117,114,3,3
61167,77,73,4,4
61168,51,62,-11,11
61169,92,103,-11,11
61170,80,84,-4,4
61171,82,80,2,2
61172,157,152,5,5
61173,83,81,2,2
61174,136,125,11,11
61175,147,133,14,14
61176,49,54,-5,5
61177,86,82,4,4
61178,125,117,8,8
61179,73,69,4,4
61180,99,108,-9,9
61181,102,104,-2,2
61182,101,102,-1,1
61183,109,99,10,10
61184,126,122,4,4
61185,142,124,18,18
61186,62,66,-4,4
61187,113,110,3,3
61188,149,127,22,22
61189,61,61,0,0
61190,66,72,-6,6
61191,122,114,8,8
61192,89,87,2,2
61193,76,77,-1,1
61194,74,83,-9,9
61195,61,69,-8,8
61196,44,50,-6,6
61197,107,121,-14,14
61198,104,96,8,8
61199,109,107,2,2
61200,140,127,13,13
61201,43,51,-8,8
61202,40,43,-3,3
61203,223,195,28,28
61204,95,88,7,7
61205,47,56,-9,9
61206,71,67,4,4
61207,121,104,17,17
61208,119,122,-3,3
61209,135,132,3,3
61210,78,72,6,6
61211,96,84,12,12
61212,71,69,2,2
61213,71,79,-8,8
61214,108,127,-19,19
61215,64,67,-3,3
61216,169,182,-13,13
61217,80,79,1,1
61218,78,78,0,0
61219,100,92,8,8
61220,90,85,5,5
61221,108,102,6,6
61222,84,84,0,0
61223,150,141,9,9
61224,91,98,-7,7
61225,55,65,-10,10
61226,83,80,3,3
61227,119,154,-35,35
61228,86,84,2,2
61229,101,105,-4,4
61230,89,80,9,9
61231,80,86,-6,6
61232,116,108,8,8
61233,146,146,0,0
61234,64,73,-9,9
61235,175,165,10,10
61236,139,136,3,3
61237,79,75,4,4
61238,120,113,7,7
61239,84,88,-4,4
61240,132,131,1,1
61241,71,72,-1,1
61242,104,94,10,10
61243,60,65,-5,5
61244,171,148,23,23
61245,93,90,3,3
61246,132,128,4,4
61247,55,59,-4,4
61248,74,57,17,17
61249,126,110,16,16
61250,75,79,-4,4
61251,45,59,-14,14
61252,95,91,4,4
61253,154,135,19,19
61254,143,130,13,13
61255,111,109,2,2
61256,97,103,-6,6
61257,203,221,-18,18
61258,42,40,2,2
61259,49,48,1,1
61260,111,109,2,2
61261,76,67,9,9
61262,79,75,4,4
61263,70,79,-9,9
61264,57,58,-1,1
61265,60,54,6,6
61266,119,121,-2,2
61267,76,78,-2,2
61268,72,68,4,4
61269,124,105,19,19
61270,138,116,22,22
61271,118,116,2,2
61272,119,110,9,9
61273,94,81,13,13
61274,113,130,-17,17
61275,69,83,-14,14
61276,106,98,8,8
61277,41,50,-9,9
61278,88,80,8,8
61279,124,133,-9,9
61280,51,56,-5,5
61281,70,78,-8,8
61282,112,111,1,1
61283,100,98,2,2
61284,143,133,10,10
61285,87,93,-6,6
61286,61,65,-4,4
61287,64,68,-4,4
61288,130,125,5,5
61289,81,79,2,2
61290,73,68,5,5
61291,47,47,0,0
61292,99,114,-15,15
61293,95,89,6,6
61294,105,104,1,1
61295,126,124,2,2
61296,108,99,9,9
61297,67,72,-5,5
61298,72,77,-5,5
61299,65,63,2,2
61300,109,105,4,4
61301,52,56,-4,4
61302,122,112,10,10
61303,59,65,-6,6
61304,117,125,-8,8
61305,79,73,6,6
61306,46,48,-2,2
61307,64,74,-10,10
61308,71,81,-10,10
61309,60,62,-2,2
61310,70,70,0,0
61311,114,110,4,4
61312,101,101,0,0
61313,138,139,-1,1
61314,98,85,13,13
61315,92,96,-4,4
61316,196,185,11,11
61317,109,112,-3,3
61318,55,52,3,3
61319,166,165,1,1
61320,68,72,-4,4
61321,61,67,-6,6
61322,79,78,1,1
61323,86,78,8,8
61324,90,83,7,7
61325,128,121,7,7
61326,102,102,0,0
61327,118,108,10,10
61328,86,81,5,5
61329,105,103,2,2
61330,78,74,4,4
61331,96,92,4,4
61332,38,45,-7,7
61333,96,97,-1,1
61334,123,119,4,4
61335,85,80,5,5
61336,117,106,11,11
61337,78,104,-26,26
61338,131,134,-3,3
61339,82,79,3,3
61340,87,86,1,1
61341,81,79,2,2
61342,59,54,5,5
61343,84,83,1,1
61344,89,92,-3,3
61345,65,67,-2,2
61346,131,134,-3,3
61347,55,61,-6,6
61348,66,77,-11,11
61349,74,73,1,1
61350,84,70,14,14
61351,110,102,8,8
61352,63,77,-14,14
61353,97,83,14,14
61354,55,66,-11,11
61355,94,94,0,0
61356,148,145,3,3
61357,110,98,12,12
61358,161,155,6,6
61359,139,129,10,10
61360,63,70,-7,7
61361,120,118,2,2
61362,79,81,-2,2
61363,131,131,0,0
61364,150,129,21,21
61365,80,80,0,0
61366,37,39,-2,2
61367,116,115,1,1
61368,82,79,3,3
61369,130,129,1,1
61370,68,74,-6,6
61371,86,81,5,5
61372,90,81,9,9
61373,57,57,0,0
61374,149,137,12,12
61375,79,79,0,0
61376,126,124,2,2
61377,120,130,-10,10
61378,197,180,17,17
61379,62,59,3,3
61380,88,84,4,4
61381,144,134,10,10
61382,99,91,8,8
61383,101,116,-15,15
61384,111,100,11,11
61385,61,64,-3,3
61386,85,80,5,5
61387,96,94,2,2
61388,125,123,2,2
61389,107,97,10,10
61390,136,122,14,14
61391,148,141,7,7
61392,98,103,-5,5
61393,66,61,5,5
61394,95,77,18,18
61395,107,91,16,16
61396,47,58,-11,11
61397,78,79,-1,1
61398,81,75,6,6
61399,72,75,-3,3
61400,84,95,-11,11
61401,145,152,-7,7
61402,77,74,3,3
61403,90,83,7,7
61404,131,119,12,12
61405,91,81,10,10
61406,38,66,-28,28
61407,94,90,4,4
61408,111,108,3,3
61409,145,142,3,3
61410,84,84,0,0
61411,87,77,10,10
61412,115,105,10,10
61413,95,86,9,9
61414,144,130,14,14
61415,90,84,6,6
61416,101,92,9,9
61417,91,89,2,2
61418,190,187,3,3
61419,80,79,1,1
61420,167,152,15,15
61421,83,75,8,8
61422,66,67,-1,1
61423,50,53,-3,3
61424,111,111,0,0
61425,83,89,-6,6
61426,72,69,3,3
61427,73,72,1,1
61428,79,84,-5,5
61429,66,71,-5,5
61430,83,79,4,4
61431,262,242,20,20
61432,108,118,-10,10
61433,117,111,6,6
61434,98,85,13,13
61435,85,84,1,1
61436,63,63,0,0
61437,190,180,10,10
61438,85,83,2,2
61439,123,116,7,7
61440,144,138,6,6
61441,75,78,-3,3
61442,97,92,5,5
61443,85,75,10,10
61444,69,67,2,2
61445,77,78,-1,1
61446,61,67,-6,6
61447,75,72,3,3
61448,97,121,-24,24
61449,70,69,1,1
61450,85,81,4,4
61451,61,67,-6,6
61452,77,74,3,3
61453,58,66,-8,8
61454,83,75,8,8
61455,91,96,-5,5
61456,53,59,-6,6
61457,55,52,3,3
61458,87,85,2,2
61459,80,82,-2,2
61460,53,62,-9,9
61461,133,125,8,8
61462,90,95,-5,5
61463,60,67,-7,7
61464,68,72,-4,4
61465,66,54,12,12
61466,112,113,-1,1
61467,139,134,5,5
61468,50,54,-4,4
61469,120,120,0,0
61470,77,78,-1,1
61471,81,68,13,13
61472,87,80,7,7
61473,43,50,-7,7
61474,68,62,6,6
61475,58,56,2,2
61476,120,122,-2,2
61477,114,103,11,11
61478,173,160,13,13
61479,62,65,-3,3
61480,115,105,10,10
61481,213,195,18,18
61482,108,106,2,2
61483,53,67,-14,14
61484,85,75,10,10
61485,119,119,0,0
61486,74,78,-4,4
61487,93,84,9,9
61488,72,71,1,1
61489,104,89,15,15
61490,88,86,2,2
61491,56,64,-8,8
61492,139,133,6,6
61493,110,112,-2,2
61494,93,83,10,10
61495,54,51,3,3
61496,83,87,-4,4
61497,73,69,4,4
61498,202,182,20,20
61499,95,90,5,5
61500,51,58,-7,7
61501,141,123,18,18
61502,130,126,4,4
61503,89,93,-4,4
61504,67,68,-1,1
61505,92,94,-2,2
61506,138,145,-7,7
61507,50,51,-1,1
61508,85,75,10,10
61509,118,101,17,17
61510,84,80,4,4
61511,95,88,7,7
61512,92,96,-4,4
61513,141,149,-8,8
61514,94,98,-4,4
61515,117,120,-3,3
61516,82,70,12,12
61517,73,78,-5,5
61518,108,99,9,9
61519,93,104,-11,11
61520,156,157,-1,1
61521,84,84,0,0
61522,106,91,15,15
61523,91,93,-2,2
61524,88,93,-5,5
61525,78,72,6,6
61526,136,131,5,5
61527,59,70,-11,11
61528,94,101,-7,7
61529,100,99,1,1
61530,144,138,6,6
61531,89,110,-21,21
61532,67,71,-4,4
61533,28,33,-5,5
61534,114,110,4,4
61535,123,129,-6,6
61536,85,74,11,11
61537,77,79,-2,2
61538,89,104,-15,15
61539,90,83,7,7
61540,80,81,-1,1
61541,114,120,-6,6
61542,46,47,-1,1
61543,123,116,7,7
61544,132,131,1,1
61545,106,118,-12,12
61546,93,95,-2,2
61547,100,123,-23,23
61548,82,78,4,4
61549,170,176,-6,6
61550,103,118,-15,15
61551,60,66,-6,6
61552,101,114,-13,13
61553,101,96,5,5
61554,106,99,7,7
61555,53,68,-15,15
61556,45,44,1,1
61557,102,119,-17,17
61558,74,70,4,4
61559,107,115,-8,8
61560,95,96,-1,1
61561,96,92,4,4
61562,100,96,4,4
61563,40,51,-11,11
61564,85,78,7,7
61565,59,64,-5,5
61566,107,101,6,6
61567,157,146,11,11
61568,72,76,-4,4
61569,104,91,13,13
61570,53,62,-9,9
61571,131,126,5,5
61572,147,137,10,10
61573,80,77,3,3
61574,135,133,2,2
61575,119,111,8,8
61576,128,121,7,7
61577,126,122,4,4
61578,91,81,10,10
61579,102,88,14,14
61580,55,66,-11,11
61581,69,69,0,0
61582,57,66,-9,9
61583,53,59,-6,6
61584,109,93,16,16
61585,106,86,20,20
61586,106,106,0,0
61587,128,116,12,12
61588,84,79,5,5
61589,73,75,-2,2
61590,137,120,17,17
61591,96,96,0,0
61592,106,103,3,3
61593,119,116,3,3
61594,113,113,0,0
61595,138,130,8,8
61596,52,57,-5,5
61597,115,113,2,2
61598,66,68,-2,2
61599,114,116,-2,2
61600,46,54,-8,8
61601,108,103,5,5
61602,85,79,6,6
61603,67,62,5,5
61604,66,60,6,6
61605,76,80,-4,4
61606,93,85,8,8
61607,145,152,-7,7
61608,122,114,8,8
61609,88,80,8,8
61610,59,61,-2,2
61611,77,78,-1,1
61612,84,86,-2,2
61613,71,77,-6,6
61614,93,84,9,9
61615,71,69,2,2
61616,40,47,-7,7
61617,165,154,11,11
61618,104,103,1,1
61619,54,52,2,2
61620,46,41,5,5
61621,70,70,0,0
61622,51,53,-2,2
61623,86,81,5,5
61624,86,81,5,5
61625,90,84,6,6
61626,160,159,1,1
61627,119,115,4,4
61628,78,82,-4,4
61629,112,124,-12,12
61630,89,76,13,13
61631,96,101,-5,5
61632,96,94,2,2
61633,96,94,2,2
61634,33,37,-4,4
61635,78,73,5,5
61636,65,58,7,7
61637,69,72,-3,3
61638,85,84,1,1
61639,71,65,6,6
61640,119,106,13,13
61641,100,95,5,5
61642,102,100,2,2
61643,96,84,12,12
61644,77,75,2,2
61645,91,97,-6,6
61646,175,160,15,15
61647,96,98,-2,2
61648,133,123,10,10
61649,107,124,-17,17
61650,98,89,9,9
61651,94,97,-3,3
61652,67,68,-1,1
61653,116,119,-3,3
61654,73,79,-6,6
61655,83,70,13,13
61656,75,78,-3,3
61657,109,121,-12,12
61658,143,147,-4,4
61659,84,84,0,0
61660,79,82,-3,3
61661,104,101,3,3
61662,44,43,1,1
61663,53,48,5,5
61664,108,102,6,6
61665,86,90,-4,4
61666,119,121,-2,2
61667,56,41,15,15
61668,88,88,0,0
61669,118,121,-3,3
61670,102,102,0,0
61671,49,51,-2,2
61672,99,95,4,4
61673,105,175,-70,70
61674,131,113,18,18
61675,78,72,6,6
61676,99,91,8,8
61677,23,23,0,0
61678,126,125,1,1
61679,92,86,6,6
61680,85,91,-6,6
61681,61,68,-7,7
61682,137,140,-3,3
61683,74,76,-2,2
61684,129,122,7,7
61685,156,156,0,0
61686,72,67,5,5
61687,151,137,14,14
61688,72,66,6,6
61689,81,88,-7,7
61690,128,119,9,9
61691,136,123,13,13
61692,111,113,-2,2
61693,150,157,-7,7
61694,79,80,-1,1
61695,124,120,4,4
61696,133,122,11,11
61697,106,115,-9,9
61698,71,76,-5,5
61699,69,66,3,3
61700,105,112,-7,7
61701,60,58,2,2
61702,97,93,4,4
61703,129,132,-3,3
61704,70,69,1,1
61705,137,143,-6,6
61706,110,97,13,13
61707,97,94,3,3
61708,149,165,-16,16
61709,63,68,-5,5
61710,71,73,-2,2
61711,108,100,8,8
61712,127,122,5,5
61713,92,96,-4,4
61714,41,42,-1,1
61715,87,81,6,6
61716,95,90,5,5
61717,58,63,-5,5
61718,103,112,-9,9
61719,106,103,3,3
61720,100,103,-3,3
61721,49,56,-7,7
61722,103,127,-24,24
61723,147,155,-8,8
61724,110,104,6,6
61725,121,139,-18,18
61726,66,66,0,0
61727,66,68,-2,2
61728,75,72,3,3
61729,127,132,-5,5
61730,96,92,4,4
61731,179,164,15,15
61732,153,149,4,4
61733,89,81,8,8
61734,111,110,1,1
61735,124,105,19,19
61736,86,72,14,14
61737,98,105,-7,7
61738,82,82,0,0
61739,138,120,18,18
61740,98,90,8,8
61741,187,176,11,11
61742,141,128,13,13
61743,72,78,-6,6
61744,110,103,7,7
61745,87,90,-3,3
61746,60,62,-2,2
61747,71,71,0,0
61748,123,124,-1,1
61749,57,63,-6,6
61750,113,117,-4,4
61751,148,144,4,4
61752,73,75,-2,2
61753,62,71,-9,9
61754,108,125,-17,17
61755,105,101,4,4
61756,152,120,32,32
61757,51,54,-3,3
61758,127,122,5,5
61759,31,69,-38,38
61760,68,69,-1,1
61761,163,147,16,16
61762,160,150,10,10
61763,73,80,-7,7
61764,43,49,-6,6
61765,102,99,3,3
61766,91,106,-15,15
61767,136,120,16,16
61768,92,84,8,8
61769,60,64,-4,4
61770,45,51,-6,6
61771,111,105,6,6
61772,95,100,-5,5
61773,100,96,4,4
61774,139,142,-3,3
61775,99,93,6,6
61776,68,73,-5,5
61777,55,57,-2,2
61778,110,99,11,11
61779,67,73,-6,6
61780,103,99,4,4
61781,115,111,4,4
61782,131,141,-10,10
61783,106,113,-7,7
61784,154,147,7,7
61785,104,114,-10,10
61786,91,84,7,7
61787,139,141,-2,2
61788,56,62,-6,6
61789,139,132,7,7
61790,72,66,6,6
61791,144,140,4,4
61792,112,109,3,3
61793,68,65,3,3
61794,88,84,4,4
61795,79,90,-11,11
61796,104,106,-2,2
61797,54,50,4,4
61798,111,100,11,11
61799,87,84,3,3
61800,185,174,11,11
61801,92,89,3,3
61802,68,73,-5,5
61803,91,86,5,5
61804,84,78,6,6
61805,82,82,0,0
61806,126,121,5,5
61807,71,74,-3,3
61808,72,70,2,2
61809,137,136,1,1
61810,61,70,-9,9
61811,106,104,2,2
61812,59,55,4,4
61813,77,74,3,3
61814,149,129,20,20
61815,63,67,-4,4
61816,66,70,-4,4
61817,105,99,6,6
61818,85,81,4,4
61819,109,96,13,13
61820,81,84,-3,3
61821,60,65,-5,5
61822,40,45,-5,5
61823,95,87,8,8
61824,110,95,15,15
61825,68,64,4,4
61826,67,70,-3,3
61827,76,76,0,0
61828,188,181,7,7
61829,59,59,0,0
61830,131,118,13,13
61831,108,104,4,4
61832,114,118,-4,4
61833,108,105,3,3
61834,104,97,7,7
61835,94,92,2,2
61836,47,48,-1,1
61837,77,69,8,8
61838,80,82,-2,2
61839,96,92,4,4
61840,103,101,2,2
61841,109,109,0,0
61842,66,77,-11,11
61843,98,86,12,12
61844,126,109,17,17
61845,97,109,-12,12
61846,99,93,6,6
61847,107,109,-2,2
61848,129,128,1,1
61849,87,87,0,0
61850,69,69,0,0
61851,115,105,10,10
61852,99,100,-1,1
61853,99,97,2,2
61854,155,162,-7,7
61855,121,117,4,4
61856,123,127,-4,4
61857,91,85,6,6
61858,68,76,-8,8
61859,118,106,12,12
61860,98,102,-4,4
61861,108,103,5,5
61862,112,108,4,4
61863,80,72,8,8
61864,92,130,-38,38
61865,116,107,9,9
61866,56,61,-5,5
61867,127,123,4,4
61868,50,54,-4,4
61869,121,109,12,12
61870,157,153,4,4
61871,78,74,4,4
61872,85,80,5,5
61873,142,140,2,2
61874,42,45,-3,3
61875,62,68,-6,6
61876,61,66,-5,5
61877,75,76,-1,1
61878,82,83,-1,1
61879,107,103,4,4
61880,130,130,0,0
61881,64,72,-8,8
61882,75,74,1,1
61883,109,103,6,6
61884,65,76,-11,11
61885,112,115,-3,3
61886,88,91,-3,3
61887,140,132,8,8
61888,132,124,8,8
61889,108,111,-3,3
61890,92,74,18,18
61891,63,61,2,2
61892,48,50,-2,2
61893,144,122,22,22
61894,104,101,3,3
61895,107,100,7,7
61896,52,67,-15,15
61897,73,74,-1,1
61898,44,47,-3,3
61899,120,114,6,6
61900,87,81,6,6
61901,110,117,-7,7
61902,73,72,1,1
61903,79,84,-5,5
61904,57,65,-8,8
61905,68,70,-2,2
61906,81,97,-16,16
61907,63,63,0,0
61908,41,38,3,3
61909,71,68,3,3
61910,106,113,-7,7
61911,105,91,14,14
61912,183,151,32,32
61913,111,117,-6,6
61914,137,130,7,7
61915,51,57,-6,6
61916,40,39,1,1
61917,70,78,-8,8
61918,120,116,4,4
61919,57,65,-8,8
61920,66,65,1,1
61921,140,121,19,19
61922,71,78,-7,7
61923,96,90,6,6
61924,108,107,1,1
61925,134,146,-12,12
61926,97,94,3,3
61927,44,43,1,1
61928,49,51,-2,2
61929,63,60,3,3
61930,97,100,-3,3
61931,38,38,0,0
61932,68,68,0,0
61933,114,105,9,9
61934,105,107,-2,2
61935,36,35,1,1
61936,69,63,6,6
61937,101,98,3,3
61938,155,141,14,14
61939,53,71,-18,18
61940,151,141,10,10
61941,65,64,1,1
61942,64,68,-4,4
61943,181,166,15,15
61944,110,110,0,0
61945,93,93,0,0
61946,183,171,12,12
61947,94,87,7,7
61948,91,89,2,2
61949,105,108,-3,3
61950,51,55,-4,4
61951,76,76,0,0
61952,60,72,-12,12
61953,72,71,1,1
61954,108,104,4,4
61955,119,113,6,6
61956,98,110,-12,12
61957,119,106,13,13
61958,122,117,5,5
61959,90,87,3,3
61960,55,59,-4,4
61961,62,58,4,4
61962,41,50,-9,9
61963,86,81,5,5
61964,58,63,-5,5
61965,159,159,0,0
61966,84,84,0,0
61967,101,100,1,1
61968,107,100,7,7
61969,150,142,8,8
61970,105,108,-3,3
61971,83,82,1,1
61972,78,85,-7,7
61973,51,54,-3,3
61974,83,90,-7,7
61975,111,114,-3,3
61976,116,123,-7,7
61977,124,101,23,23
61978,116,110,6,6
61979,133,125,8,8
61980,143,138,5,5
61981,102,102,0,0
61982,94,94,0,0
61983,66,67,-1,1
61984,76,81,-5,5
61985,108,102,6,6
61986,69,63,6,6
61987,90,78,12,12
61988,65,74,-9,9
61989,157,155,2,2
61990,81,74,7,7
61991,116,122,-6,6
61992,94,89,5,5
61993,98,113,-15,15
61994,149,139,10,10
61995,87,87,0,0
61996,124,124,0,0
61997,121,119,2,2
61998,157,144,13,13
61999,100,92,8,8
62000,129,129,0,0
62001,97,93,4,4
62002,57,56,1,1
62003,108,102,6,6
62004,64,61,3,3
62005,195,172,23,23
62006,81,77,4,4
62007,92,85,7,7
62008,139,145,-6,6
62009,67,66,1,1
62010,78,84,-6,6
62011,56,60,-4,4
62012,90,85,5,5
62013,69,74,-5,5
62014,109,100,9,9
62015,67,67,0,0
62016,65,71,-6,6
62017,67,75,-8,8
62018,128,115,13,13
62019,101,94,7,7
62020,103,100,3,3
62021,66,65,1,1
62022,78,79,-1,1
62023,121,115,6,6
62024,99,103,-4,4
62025,69,61,8,8
62026,64,69,-5,5
62027,66,64,2,2
62028,76,76,0,0
62029,91,88,3,3
62030,49,59,-10,10
62031,222,184,38,38
62032,71,66,5,5
62033,155,152,3,3
62034,80,80,0,0
62035,94,74,20,20
62036,70,69,1,1
62037,106,104,2,2
62038,81,83,-2,2
62039,90,79,11,11
62040,73,73,0,0
62041,65,61,4,4
62042,71,75,-4,4
62043,140,120,20,20
62044,109,115,-6,6
62045,72,71,1,1
62046,95,103,-8,8
62047,92,83,9,9
62048,104,110,-6,6
62049,74,75,-1,1
62050,102,100,2,2
62051,75,78,-3,3
62052,100,94,6,6
62053,111,117,-6,6
62054,52,54,-2,2
62055,79,69,10,10
62056,99,92,7,7
62057,140,143,-3,3
62058,181,182,-1,1
62059,106,105,1,1
62060,59,52,7,7
62061,129,121,8,8
62062,95,114,-19,19
62063,50,55,-5,5
62064,71,69,2,2
62065,46,64,-18,18
62066,103,109,-6,6
62067,82,82,0,0
62068,114,105,9,9
62069,114,113,1,1
62070,92,91,1,1
62071,74,78,-4,4
62072,102,102,0,0
62073,104,101,3,3
62074,86,79,7,7
62075,51,71,-20,20
62076,86,80,6,6
62077,78,81,-3,3
62078,99,102,-3,3
62079,95,88,7,7
62080,82,82,0,0
62081,111,117,-6,6
62082,129,115,14,14
62083,90,111,-21,21
62084,139,137,2,2
62085,72,81,-9,9
62086,55,62,-7,7
62087,165,152,13,13
62088,115,119,-4,4
62089,61,72,-11,11
62090,84,82,2,2
62091,136,135,1,1
62092,83,79,4,4
62093,27,77,-50,50
62094,108,105,3,3
62095,147,134,13,13
62096,120,122,-2,2
62097,73,90,-17,17
62098,60,70,-10,10
62099,123,128,-5,5
62100,89,90,-1,1
62101,73,68,5,5
62102,64,67,-3,3
62103,62,66,-4,4
62104,100,98,2,2
62105,100,87,13,13
62106,48,65,-17,17
62107,119,110,9,9
62108,53,56,-3,3
62109,142,143,-1,1
62110,58,60,-2,2
62111,100,112,-12,12
62112,77,77,0,0
62113,71,83,-12,12
62114,126,123,3,3
62115,50,53,-3,3
62116,205,169,36,36
62117,60,65,-5,5
62118,91,87,4,4
62119,70,78,-8,8
62120,90,93,-3,3
62121,159,153,6,6
62122,75,77,-2,2
62123,116,92,24,24
62124,109,115,-6,6
62125,143,136,7,7
62126,112,102,10,10
62127,84,83,1,1
62128,170,172,-2,2
62129,150,147,3,3
62130,109,103,6,6
62131,161,152,9,9
62132,99,103,-4,4
62133,127,113,14,14
62134,62,71,-9,9
62135,133,129,4,4
62136,101,108,-7,7
62137,127,119,8,8
62138,89,87,2,2
62139,95,87,8,8
62140,150,140,10,10
62141,49,49,0,0
62142,92,92,0,0
62143,92,88,4,4
62144,38,49,-11,11
62145,145,149,-4,4
62146,156,161,-5,5
62147,125,125,0,0
62148,51,47,4,4
62149,134,111,23,23
62150,92,103,-11,11
62151,85,92,-7,7
62152,60,62,-2,2
62153,67,71,-4,4
62154,99,108,-9,9
62155,159,162,-3,3
62156,86,88,-2,2
62157,75,60,15,15
62158,42,40,2,2
62159,71,74,-3,3
62160,136,139,-3,3
62161,67,78,-11,11
62162,112,110,2,2
62163,71,74,-3,3
62164,48,62,-14,14
62165,139,139,0,0
62166,114,146,-32,32
62167,48,45,3,3
62168,86,84,2,2
62169,119,112,7,7
62170,94,89,5,5
62171,105,105,0,0
62172,104,93,11,11
62173,85,84,1,1
62174,66,64,2,2
62175,93,85,8,8
62176,88,91,-3,3
62177,67,68,-1,1
62178,91,99,-8,8
62179,110,107,3,3
62180,80,74,6,6
62181,98,106,-8,8
62182,126,123,3,3
62183,52,60,-8,8
62184,63,70,-7,7
62185,91,97,-6,6
62186,103,103,0,0
62187,68,68,0,0
62188,73,87,-14,14
62189,95,97,-2,2
62190,100,95,5,5
62191,111,97,14,14
62192,100,104,-4,4
62193,75,78,-3,3
62194,84,87,-3,3
62195,75,76,-1,1
62196,139,126,13,13
62197,105,108,-3,3
62198,84,93,-9,9
62199,137,123,14,14
62200,65,94,-29,29
62201,97,89,8,8
62202,78,79,-1,1
62203,122,125,-3,3
62204,72,76,-4,4
62205,80,97,-17,17
62206,132,121,11,11
62207,113,108,5,5
62208,121,119,2,2
62209,72,72,0,0
62210,95,99,-4,4
62211,124,120,4,4
62212,122,119,3,3
62213,152,151,1,1
62214,105,99,6,6
62215,103,109,-6,6
62216,111,102,9,9
62217,60,56,4,4
62218,75,95,-20,20
62219,69,73,-4,4
62220,85,77,8,8
62221,91,101,-10,10
62222,106,96,10,10
62223,76,83,-7,7
62224,43,49,-6,6
62225,65,63,2,2
62226,180,180,0,0
62227,38,57,-19,19
62228,86,83,3,3
62229,77,75,2,2
62230,110,111,-1,1
62231,111,111,0,0
62232,134,129,5,5
62233,123,128,-5,5
62234,67,69,-2,2
62235,77,80,-3,3
62236,95,102,-7,7
62237,94,92,2,2
62238,131,129,2,2
62239,88,100,-12,12
62240,130,125,5,5
62241,78,77,1,1
62242,98,98,0,0
62243,66,68,-2,2
62244,63,68,-5,5
62245,85,81,4,4
62246,82,82,0,0
62247,82,86,-4,4
62248,104,101,3,3
62249,120,118,2,2
62250,68,70,-2,2
62251,108,109,-1,1
62252,101,96,5,5
62253,102,98,4,4
62254,161,164,-3,3
62255,48,55,-7,7
62256,82,86,-4,4
62257,134,130,4,4
62258,102,95,7,7
62259,47,51,-4,4
62260,101,78,23,23
62261,103,99,4,4
62262,158,144,14,14
62263,79,82,-3,3
62264,126,122,4,4
62265,72,78,-6,6
62266,103,102,1,1
62267,86,93,-7,7
62268,73,81,-8,8
62269,150,144,6,6
62270,69,66,3,3
62271,89,84,5,5
62272,102,93,9,9
62273,89,87,2,2
62274,92,93,-1,1
62275,91,87,4,4
62276,69,69,0,0
62277,31,39,-8,8
62278,62,60,2,2
62279,74,78,-4,4
62280,73,68,5,5
62281,92,79,13,13
62282,68,72,-4,4
62283,121,113,8,8
62284,160,158,2,2
62285,124,121,3,3
62286,71,69,2,2
62287,98,84,14,14
62288,85,83,2,2
62289,93,85,8,8
62290,87,76,11,11
62291,210,178,32,32
62292,74,75,-1,1
62293,84,88,-4,4
62294,141,137,4,4
62295,68,70,-2,2
62296,118,116,2,2
62297,75,78,-3,3
62298,150,146,4,4
62299,162,157,5,5
62300,59,59,0,0
62301,82,80,2,2
62302,118,109,9,9
62303,94,99,-5,5
62304,75,96,-21,21
62305,71,71,0,0
62306,131,121,10,10
62307,120,112,8,8
62308,91,92,-1,1
62309,112,103,9,9
62310,145,141,4,4
62311,93,82,11,11
62312,93,94,-1,1
62313,89,77,12,12
62314,110,103,7,7
62315,78,77,1,1
62316,80,76,4,4
62317,133,133,0,0
62318,50,46,4,4
62319,82,82,0,0
62320,145,127,18,18
62321,126,107,19,19
62322,105,101,4,4
62323,159,156,3,3
62324,118,123,-5,5
62325,142,134,8,8
62326,108,99,9,9
62327,110,109,1,1
62328,106,95,11,11
62329,119,119,0,0
62330,90,89,1,1
62331,68,70,-2,2
62332,119,114,5,5
62333,162,151,11,11
62334,76,80,-4,4
62335,89,81,8,8
62336,57,63,-6,6
62337,79,78,1,1
62338,72,76,-4,4
62339,110,96,14,14
62340,82,78,4,4
62341,76,72,4,4
62342,68,74,-6,6
62343,79,102,-23,23
62344,64,69,-5,5
62345,151,135,16,16
62346,64,67,-3,3
62347,110,102,8,8
62348,78,71,7,7
62349,123,122,1,1
62350,118,116,2,2
62351,58,67,-9,9
62352,140,130,10,10
62353,128,116,12,12
62354,57,53,4,4
62355,101,103,-2,2
62356,106,100,6,6
62357,71,78,-7,7
62358,61,59,2,2
62359,187,160,27,27
62360,123,111,12,12
62361,64,62,2,2
62362,59,65,-6,6
62363,83,81,2,2
62364,68,73,-5,5
62365,83,76,7,7
62366,111,103,8,8
62367,86,91,-5,5
62368,87,86,1,1
62369,97,91,6,6
62370,76,78,-2,2
62371,91,92,-1,1
62372,169,152,17,17
62373,51,50,1,1
62374,57,72,-15,15
62375,168,170,-2,2
62376,93,73,20,20
62377,93,86,7,7
62378,98,86,12,12
62379,76,83,-7,7
62380,142,133,9,9
62381,60,63,-3,3
62382,118,112,6,6
62383,40,60,-20,20
62384,68,64,4,4
62385,75,68,7,7
62386,97,93,4,4
62387,124,122,2,2
62388,68,63,5,5
62389,89,80,9,9
62390,109,108,1,1
62391,53,54,-1,1
62392,112,108,4,4
62393,140,143,-3,3
62394,113,102,11,11
62395,105,116,-11,11
62396,69,67,2,2
62397,98,120,-22,22
62398,150,146,4,4
62399,93,88,5,5
62400,117,122,-5,5
62401,44,45,-1,1
62402,65,60,5,5
62403,78,71,7,7
62404,149,146,3,3
62405,75,72,3,3
62406,82,81,1,1
62407,93,85,8,8
62408,129,128,1,1
62409,46,54,-8,8
62410,56,50,6,6
62411,99,83,16,16
62412,31,47,-16,16
62413,113,113,0,0
62414,167,170,-3,3
62415,113,116,-3,3
62416,171,172,-1,1
62417,71,75,-4,4
62418,103,103,0,0
62419,76,79,-3,3
62420,64,57,7,7
62421,105,107,-2,2
62422,176,169,7,7
62423,127,117,10,10
62424,118,104,14,14
62425,88,97,-9,9
62426,133,129,4,4
62427,84,92,-8,8
62428,108,109,-1,1
62429,72,70,2,2
62430,128,124,4,4
62431,36,42,-6,6
62432,116,104,12,12
62433,105,107,-2,2
62434,85,85,0,0
62435,48,49,-1,1
62436,142,125,17,17
62437,78,64,14,14
62438,72,78,-6,6
62439,255,237,18,18
62440,113,117,-4,4
62441,98,86,12,12
62442,143,127,16,16
62443,85,106,-21,21
62444,111,114,-3,3
62445,106,102,4,4
62446,111,112,-1,1
62447,84,78,6,6
62448,74,77,-3,3
62449,87,87,0,0
62450,133,131,2,2
62451,111,117,-6,6
62452,78,78,0,0
62453,83,85,-2,2
62454,117,103,14,14
62455,97,92,5,5
62456,127,128,-1,1
62457,66,65,1,1
62458,124,116,8,8
62459,72,72,0,0
62460,108,92,16,16
62461,124,124,0,0
62462,137,118,19,19
62463,84,82,2,2
62464,175,173,2,2
62465,32,32,0,0
62466,127,111,16,16
62467,139,139,0,0
62468,84,103,-19,19
62469,138,148,-10,10
62470,147,149,-2,2
62471,49,55,-6,6
62472,87,82,5,5
62473,71,74,-3,3
62474,89,75,14,14
62475,122,120,2,2
62476,110,116,-6,6
62477,112,111,1,1
62478,161,144,17,17
62479,78,85,-7,7
62480,84,83,1,1
62481,96,85,11,11
62482,83,81,2,2
62483,166,145,21,21
62484,69,65,4,4
62485,48,44,4,4
62486,84,71,13,13
62487,113,94,19,19
62488,89,89,0,0
62489,51,55,-4,4
62490,101,101,0,0
62491,70,70,0,0
62492,107,100,7,7
62493,99,93,6,6
62494,142,132,10,10
62495,123,112,11,11
62496,81,77,4,4
62497,60,59,1,1
62498,139,127,12,12
62499,93,86,7,7
62500,123,132,-9,9
62501,101,80,21,21
62502,128,124,4,4
62503,72,72,0,0
62504,134,119,15,15
62505,89,87,2,2
62506,162,153,9,9
62507,129,112,17,17
62508,97,96,1,1
62509,63,74,-11,11
62510,88,88,0,0
62511,47,50,-3,3
62512,163,152,11,11
62513,169,174,-5,5
62514,88,82,6,6
62515,116,115,1,1
62516,68,70,-2,2
62517,66,70,-4,4
62518,75,78,-3,3
62519,79,83,-4,4
62520,132,131,1,1
62521,64,70,-6,6
62522,154,149,5,5
62523,159,131,28,28
62524,97,98,-1,1
62525,151,146,5,5
62526,64,66,-2,2
62527,86,76,10,10
62528,86,103,-17,17
62529,105,103,2,2
62530,135,135,0,0
62531,78,85,-7,7
62532,180,160,20,20
62533,126,119,7,7
62534,115,116,-1,1
62535,95,105,-10,10
62536,123,107,16,16
62537,49,55,-6,6
62538,94,99,-5,5
62539,170,165,5,5
62540,92,87,5,5
62541,101,104,-3,3
62542,93,92,1,1
62543,123,137,-14,14
62544,83,73,10,10
62545,122,107,15,15
62546,109,121,-12,12
62547,67,59,8,8
62548,59,64,-5,5
62549,79,72,7,7
62550,82,84,-2,2
62551,69,72,-3,3
62552,83,86,-3,3
62553,116,106,10,10
62554,202,175,27,27
62555,92,100,-8,8
62556,95,94,1,1
62557,104,105,-1,1
62558,124,117,7,7
62559,203,183,20,20
62560,95,90,5,5
62561,131,126,5,5
62562,42,43,-1,1
62563,106,86,20,20
62564,40,43,-3,3
62565,81,80,1,1
62566,125,113,12,12
62567,82,80,2,2
62568,121,113,8,8
62569,85,93,-8,8
62570,104,91,13,13
62571,82,77,5,5
62572,76,73,3,3
62573,60,64,-4,4
62574,91,75,16,16
62575,96,84,12,12
62576,118,116,2,2
62577,101,91,10,10
62578,140,140,0,0
62579,153,148,5,5
62580,115,123,-8,8
62581,38,57,-19,19
62582,74,77,-3,3
62583,28,60,-32,32
62584,65,69,-4,4
62585,113,118,-5,5
62586,109,112,-3,3
62587,93,89,4,4
62588,87,83,4,4
62589,54,56,-2,2
62590,125,121,4,4
62591,141,137,4,4
62592,114,119,-5,5
62593,122,119,3,3
62594,138,137,1,1
62595,98,91,7,7
62596,84,81,3,3
62597,118,116,2,2
62598,114,116,-2,2
62599,69,75,-6,6
62600,47,60,-13,13
62601,72,60,12,12
62602,72,63,9,9
62603,85,83,2,2
62604,48,50,-2,2
62605,96,89,7,7
62606,90,86,4,4
62607,99,89,10,10
62608,122,126,-4,4
62609,60,67,-7,7
62610,80,86,-6,6
62611,79,82,-3,3
62612,54,53,1,1
62613,90,90,0,0
62614,84,87,-3,3
62615,98,96,2,2
62616,106,102,4,4
62617,70,77,-7,7
62618,93,83,10,10
62619,81,77,4,4
62620,108,103,5,5
62621,66,69,-3,3
62622,92,86,6,6
62623,58,54,4,4
62624,80,78,2,2
62625,72,76,-4,4
62626,92,86,6,6
62627,114,120,-6,6
62628,149,134,15,15
62629,85,80,5,5
62630,61,55,6,6
62631,104,95,9,9
62632,100,89,11,11
62633,132,130,2,2
62634,132,124,8,8
62635,114,102,12,12
62636,89,93,-4,4
62637,52,52,0,0
62638,51,49,2,2
62639,109,116,-7,7
62640,112,120,-8,8
62641,80,75,5,5
62642,158,176,-18,18
62643,103,93,10,10
62644,59,64,-5,5
62645,118,109,9,9
62646,114,110,4,4
62647,101,96,5,5
62648,64,68,-4,4
62649,75,74,1,1
62650,110,95,15,15
62651,168,181,-13,13
62652,109,98,11,11
62653,106,103,3,3
62654,32,78,-46,46
62655,86,88,-2,2
62656,185,151,34,34
62657,125,134,-9,9
62658,48,53,-5,5
62659,128,128,0,0
62660,138,140,-2,2
62661,75,70,5,5
62662,84,103,-19,19
62663,115,100,15,15
62664,58,71,-13,13
62665,97,96,1,1
62666,152,136,16,16
62667,94,97,-3,3
62668,114,112,2,2
62669,130,136,-6,6
62670,61,61,0,0
62671,185,166,19,19
62672,110,108,2,2
62673,58,60,-2,2
62674,79,81,-2,2
62675,79,76,3,3
62676,93,84,9,9
62677,129,127,2,2
62678,134,127,7,7
62679,98,102,-4,4
62680,162,158,4,4
62681,83,82,1,1
62682,107,93,14,14
62683,98,108,-10,10
62684,131,118,13,13
62685,57,51,6,6
62686,153,139,14,14
62687,126,124,2,2
62688,89,86,3,3
62689,68,67,1,1
62690,131,119,12,12
62691,68,78,-10,10
62692,94,85,9,9
62693,135,124,11,11
62694,96,95,1,1
62695,95,102,-7,7
62696,90,86,4,4
62697,55,60,-5,5
62698,108,114,-6,6
62699,36,38,-2,2
62700,73,69,4,4
62701,73,81,-8,8
62702,102,98,4,4
62703,52,53,-1,1
62704,22,66,-44,44
62705,102,88,14,14
62706,136,119,17,17
62707,83,83,0,0
62708,76,76,0,0
62709,135,135,0,0
62710,116,119,-3,3
62711,69,72,-3,3
62712,42,48,-6,6
62713,86,75,11,11
62714,131,124,7,7
62715,119,113,6,6
62716,65,65,0,0
62717,100,105,-5,5
62718,65,69,-4,4
62719,73,75,-2,2
62720,63,66,-3,3
62721,115,150,-35,35
62722,164,149,15,15
62723,146,147,-1,1
62724,64,67,-3,3
62725,101,96,5,5
62726,124,117,7,7
62727,74,79,-5,5
62728,92,80,12,12
62729,90,84,6,6
62730,93,89,4,4
62731,76,80,-4,4
62732,133,134,-1,1
62733,54,58,-4,4
62734,147,122,25,25
62735,107,110,-3,3
62736,132,117,15,15
62737,129,117,12,12
62738,95,88,7,7
62739,78,89,-11,11
62740,93,86,7,7
62741,85,89,-4,4
62742,138,154,-16,16
62743,106,106,0,0
62744,45,49,-4,4
62745,50,58,-8,8
62746,55,49,6,6
62747,44,56,-12,12
62748,70,69,1,1
62749,125,119,6,6
62750,82,81,1,1
62751,80,78,2,2
62752,120,117,3,3
62753,100,95,5,5
62754,70,66,4,4
62755,65,66,-1,1
62756,96,101,-5,5
62757,93,92,1,1
62758,106,97,9,9
62759,168,152,16,16
62760,169,160,9,9
62761,95,91,4,4
62762,95,95,0,0
62763,81,72,9,9
62764,65,59,6,6
62765,64,83,-19,19
62766,62,74,-12,12
62767,119,115,4,4
62768,93,85,8,8
62769,77,75,2,2
62770,141,137,4,4
62771,66,68,-2,2
62772,76,87,-11,11
62773,148,140,8,8
62774,57,71,-14,14
62775,78,64,14,14
62776,134,113,21,21
62777,133,126,7,7
62778,66,66,0,0
62779,75,71,4,4
62780,97,90,7,7
62781,131,121,10,10
62782,171,163,8,8
62783,222,204,18,18
62784,102,104,-2,2
62785,60,63,-3,3
62786,144,144,0,0
62787,43,48,-5,5
62788,82,76,6,6
62789,84,83,1,1
62790,92,98,-6,6
62791,94,73,21,21
62792,179,176,3,3
62793,119,120,-1,1
62794,61,68,-7,7
62795,93,99,-6,6
62796,53,52,1,1
62797,142,139,3,3
62798,69,68,1,1
62799,90,90,0,0
62800,139,137,2,2
62801,90,110,-20,20
62802,56,56,0,0
62803,113,118,-5,5
62804,91,86,5,5
62805,86,84,2,2
62806,111,104,7,7
62807,74,68,6,6
62808,139,127,12,12
62809,96,85,11,11
62810,105,99,6,6
62811,139,137,2,2
62812,61,66,-5,5
62813,70,72,-2,2
62814,70,74,-4,4
62815,61,59,2,2
62816,127,134,-7,7
62817,92,98,-6,6
62818,120,108,12,12
62819,52,48,4,4
62820,86,84,2,2
62821,62,62,0,0
62822,101,120,-19,19
62823,85,100,-15,15
62824,96,100,-4,4
62825,105,104,1,1
62826,122,120,2,2
62827,116,113,3,3
62828,98,81,17,17
62829,154,145,9,9
62830,100,92,8,8
62831,164,157,7,7
62832,162,155,7,7
62833,136,138,-2,2
62834,62,69,-7,7
62835,178,170,8,8
62836,109,93,16,16
62837,121,106,15,15
62838,108,122,-14,14
62839,84,85,-1,1
62840,131,116,15,15
62841,122,109,13,13
62842,64,75,-11,11
62843,84,83,1,1
62844,72,71,1,1
62845,185,165,20,20
62846,77,75,2,2
62847,137,156,-19,19
62848,93,102,-9,9
62849,86,95,-9,9
62850,144,125,19,19
62851,78,88,-10,10
62852,61,66,-5,5
62853,129,117,12,12
62854,52,66,-14,14
62855,195,183,12,12
62856,87,88,-1,1
62857,101,102,-1,1
62858,103,107,-4,4
62859,169,160,9,9
62860,104,102,2,2
62861,80,77,3,3
62862,40,57,-17,17
62863,90,94,-4,4
62864,89,94,-5,5
62865,105,101,4,4
62866,86,89,-3,3
62867,133,125,8,8
62868,89,84,5,5
62869,64,63,1,1
62870,94,102,-8,8
62871,86,91,-5,5
62872,128,121,7,7
62873,53,56,-3,3
62874,91,79,12,12
62875,74,72,2,2
62876,64,65,-1,1
62877,81,72,9,9
62878,66,68,-2,2
62879,76,69,7,7
62880,91,87,4,4
62881,76,75,1,1
62882,109,98,11,11
62883,77,73,4,4
62884,76,76,0,0
62885,110,99,11,11
62886,88,83,5,5
62887,120,114,6,6
62888,127,124,3,3
62889,106,109,-3,3
62890,201,186,15,15
62891,111,109,2,2
62892,231,208,23,23
62893,59,65,-6,6
62894,150,142,8,8
62895,141,131,10,10
62896,62,60,2,2
62897,191,187,4,4
62898,119,118,1,1
62899,72,80,-8,8
62900,103,101,2,2
62901,79,82,-3,3
62902,106,106,0,0
62903,104,119,-15,15
62904,88,91,-3,3
62905,78,88,-10,10
62906,81,88,-7,7
62907,98,100,-2,2
62908,123,121,2,2
62909,142,136,6,6
62910,74,73,1,1
62911,163,152,11,11
62912,102,88,14,14
62913,60,64,-4,4
62914,133,116,17,17
62915,59,60,-1,1
62916,47,54,-7,7
62917,86,89,-3,3
62918,124,115,9,9
62919,28,30,-2,2
62920,59,63,-4,4
62921,124,134,-10,10
62922,105,101,4,4
62923,103,95,8,8
62924,80,80,0,0
62925,82,78,4,4
62926,84,78,6,6
62927,128,126,2,2
62928,101,103,-2,2
62929,72,71,1,1
62930,89,79,10,10
62931,119,119,0,0
62932,181,174,7,7
62933,146,144,2,2
62934,58,60,-2,2
62935,80,71,9,9
62936,37,42,-5,5
62937,45,57,-12,12
62938,95,105,-10,10
62939,108,105,3,3
62940,79,73,6,6
62941,85,75,10,10
62942,53,64,-11,11
62943,211,192,19,19
62944,103,102,1,1
62945,77,76,1,1
62946,75,71,4,4
62947,95,95,0,0
62948,102,90,12,12
62949,77,76,1,1
62950,54,56,-2,2
62951,110,103,7,7
62952,121,114,7,7
62953,89,74,15,15
62954,93,100,-7,7
62955,44,48,-4,4
62956,84,95,-11,11
62957,135,124,11,11
62958,66,63,3,3
62959,104,113,-9,9
62960,141,129,12,12
62961,98,89,9,9
62962,90,97,-7,7
62963,115,110,5,5
62964,109,110,-1,1
62965,69,75,-6,6
62966,64,63,1,1
62967,185,172,13,13
62968,114,108,6,6
62969,191,166,25,25
62970,49,47,2,2
62971,83,87,-4,4
62972,100,99,1,1
62973,98,86,12,12
62974,69,78,-9,9
62975,103,89,14,14
62976,148,158,-10,10
62977,81,74,7,7
62978,151,147,4,4
62979,70,64,6,6
62980,88,81,7,7
62981,93,97,-4,4
62982,60,82,-22,22
62983,88,79,9,9
62984,63,68,-5,5
62985,92,85,7,7
62986,108,110,-2,2
62987,78,93,-15,15
62988,156,142,14,14
62989,63,65,-2,2
62990,58,61,-3,3
62991,38,35,3,3
62992,107,100,7,7
62993,101,93,8,8
62994,65,73,-8,8
62995,120,120,0,0
62996,101,96,5,5
62997,106,93,13,13
62998,72,71,1,1
62999,127,118,9,9
63000,65,69,-4,4
63001,126,112,14,14
63002,113,111,2,2
63003,104,111,-7,7
63004,152,143,9,9
63005,57,61,-4,4
63006,83,76,7,7
63007,101,102,-1,1
63008,81,79,2,2
63009,54,66,-12,12
63010,80,80,0,0
63011,83,85,-2,2
63012,31,36,-5,5
63013,64,66,-2,2
63014,159,162,-3,3
63015,133,129,4,4
63016,116,121,-5,5
63017,57,56,1,1
63018,99,85,14,14
63019,62,56,6,6
63020,90,84,6,6
63021,117,116,1,1
63022,142,128,14,14
63023,177,163,14,14
63024,59,59,0,0
63025,89,101,-12,12
63026,69,67,2,2
63027,63,70,-7,7
63028,46,72,-26,26
63029,136,141,-5,5
63030,105,117,-12,12
63031,127,133,-6,6
63032,66,73,-7,7
63033,138,138,0,0
63034,71,72,-1,1
63035,97,96,1,1
63036,112,115,-3,3
63037,77,79,-2,2
63038,57,61,-4,4
63039,84,85,-1,1
63040,85,79,6,6
63041,111,101,10,10
63042,123,117,6,6
63043,110,116,-6,6
63044,114,117,-3,3
63045,111,133,-22,22
63046,71,80,-9,9
63047,93,87,6,6
63048,343,312,31,31
63049,72,74,-2,2
63050,186,162,24,24
63051,62,63,-1,1
63052,79,78,1,1
63053,129,132,-3,3
63054,121,139,-18,18
63055,105,101,4,4
63056,157,147,10,10
63057,115,106,9,9
63058,78,75,3,3
63059,179,187,-8,8
63060,80,78,2,2
63061,113,118,-5,5
63062,87,87,0,0
63063,95,95,0,0
63064,95,100,-5,5
63065,104,101,3,3
63066,88,85,3,3
63067,61,69,-8,8
63068,63,56,7,7
63069,87,103,-16,16
63070,157,164,-7,7
63071,92,123,-31,31
63072,53,54,-1,1
63073,128,118,10,10
63074,114,112,2,2
63075,95,94,1,1
63076,102,102,0,0
63077,120,121,-1,1
63078,110,117,-7,7
63079,207,190,17,17
63080,103,101,2,2
63081,55,56,-1,1
63082,98,92,6,6
63083,99,100,-1,1
63084,94,95,-1,1
63085,82,87,-5,5
63086,60,83,-23,23
63087,95,102,-7,7
63088,113,102,11,11
63089,113,112,1,1
63090,105,98,7,7
63091,80,67,13,13
63092,104,112,-8,8
63093,97,94,3,3
63094,62,67,-5,5
63095,62,74,-12,12
63096,85,88,-3,3
63097,114,114,0,0
63098,72,66,6,6
63099,82,76,6,6
63100,94,83,11,11
63101,90,92,-2,2
63102,110,98,12,12
63103,90,83,7,7
63104,80,81,-1,1
63105,109,96,13,13
63106,61,68,-7,7
63107,185,178,7,7
63108,117,115,2,2
63109,139,134,5,5
63110,56,59,-3,3
63111,74,73,1,1
63112,107,111,-4,4
63113,78,85,-7,7
63114,51,54,-3,3
63115,87,85,2,2
63116,114,110,4,4
63117,83,81,2,2
63118,137,128,9,9
63119,117,113,4,4
63120,87,95,-8,8
63121,69,76,-7,7
63122,86,87,-1,1
63123,150,149,1,1
63124,162,155,7,7
63125,87,84,3,3
63126,68,67,1,1
63127,68,68,0,0
63128,126,105,21,21
63129,109,100,9,9
63130,106,116,-10,10
63131,114,108,6,6
63132,136,141,-5,5
63133,128,111,17,17
63134,109,112,-3,3
63135,114,118,-4,4
63136,102,104,-2,2
63137,144,134,10,10
63138,52,51,1,1
63139,73,84,-11,11
63140,116,111,5,5
63141,111,95,16,16
63142,106,107,-1,1
63143,125,124,1,1
63144,119,103,16,16
63145,77,79,-2,2
63146,78,75,3,3
63147,62,63,-1,1
63148,80,85,-5,5
63149,101,103,-2,2
63150,130,131,-1,1
63151,165,149,16,16
63152,88,77,11,11
63153,97,110,-13,13
63154,125,117,8,8
63155,55,60,-5,5
63156,76,81,-5,5
63157,124,127,-3,3
63158,82,80,2,2
63159,60,65,-5,5
63160,107,103,4,4
63161,109,111,-2,2
63162,162,151,11,11
63163,95,109,-14,14
63164,54,56,-2,2
63165,125,122,3,3
63166,107,97,10,10
63167,74,67,7,7
63168,155,151,4,4
63169,77,80,-3,3
63170,80,74,6,6
63171,122,126,-4,4
63172,71,76,-5,5
63173,112,103,9,9
63174,61,67,-6,6
63175,88,91,-3,3
63176,171,155,16,16
63177,98,89,9,9
63178,59,64,-5,5
63179,150,149,1,1
63180,94,93,1,1
63181,112,111,1,1
63182,113,91,22,22
63183,92,90,2,2
63184,121,122,-1,1
63185,101,94,7,7
63186,82,79,3,3
63187,125,109,16,16
63188,74,73,1,1
63189,68,66,2,2
63190,104,107,-3,3
63191,80,82,-2,2
63192,101,89,12,12
63193,96,102,-6,6
63194,96,91,5,5
63195,79,84,-5,5
63196,75,74,1,1
63197,121,120,1,1
63198,173,161,12,12
63199,123,116,7,7
63200,124,118,6,6
63201,123,118,5,5
63202,129,130,-1,1
63203,119,103,16,16
63204,107,110,-3,3
63205,117,108,9,9
63206,74,76,-2,2
63207,72,80,-8,8
63208,92,101,-9,9
63209,102,94,8,8
63210,123,134,-11,11
63211,119,125,-6,6
63212,71,73,-2,2
63213,64,71,-7,7
63214,108,105,3,3
63215,140,127,13,13
63216,90,88,2,2
63217,128,119,9,9
63218,99,100,-1,1
63219,82,94,-12,12
63220,156,153,3,3
63221,137,132,5,5
63222,78,71,7,7
63223,95,95,0,0
63224,82,94,-12,12
63225,90,90,0,0
63226,64,65,-1,1
63227,73,78,-5,5
63228,53,64,-11,11
63229,123,121,2,2
63230,62,67,-5,5
63231,92,98,-6,6
63232,123,116,7,7
63233,125,116,9,9
63234,41,41,0,0
63235,187,177,10,10
63236,91,90,1,1
63237,76,77,-1,1
63238,176,161,15,15
63239,93,97,-4,4
63240,87,91,-4,4
63241,89,91,-2,2
63242,88,83,5,5
63243,99,95,4,4
63244,134,118,16,16
63245,95,96,-1,1
63246,105,104,1,1
63247,42,54,-12,12
63248,96,88,8,8
63249,50,64,-14,14
63250,63,64,-1,1
63251,95,104,-9,9
63252,99,92,7,7
63253,109,120,-11,11
63254,133,118,15,15
63255,90,79,11,11
63256,71,71,0,0
63257,58,73,-15,15
63258,173,167,6,6
63259,77,71,6,6
63260,88,68,20,20
63261,72,72,0,0
63262,116,108,8,8
63263,61,66,-5,5
63264,94,82,12,12
63265,117,122,-5,5
63266,114,112,2,2
63267,147,137,10,10
63268,125,117,8,8
63269,100,100,0,0
63270,101,87,14,14
63271,112,114,-2,2
63272,94,82,12,12
63273,119,111,8,8
63274,154,152,2,2
63275,82,81,1,1
63276,58,65,-7,7
63277,131,112,19,19
63278,82,83,-1,1
63279,96,94,2,2
63280,80,73,7,7
63281,118,122,-4,4
63282,51,66,-15,15
63283,164,157,7,7
63284,77,103,-26,26
63285,144,144,0,0
63286,132,136,-4,4
63287,89,84,5,5
63288,78,70,8,8
63289,51,61,-10,10
63290,100,103,-3,3
63291,108,106,2,2
63292,143,127,16,16
63293,88,84,4,4
63294,67,68,-1,1
63295,121,126,-5,5
63296,90,81,9,9
63297,65,67,-2,2
63298,79,79,0,0
63299,144,133,11,11
63300,55,51,4,4
63301,78,81,-3,3
63302,82,96,-14,14
63303,78,76,2,2
63304,160,160,0,0
63305,89,79,10,10
63306,101,106,-5,5
63307,114,101,13,13
63308,86,78,8,8
63309,155,154,1,1
63310,105,108,-3,3
63311,76,72,4,4
63312,149,137,12,12
63313,99,107,-8,8
63314,120,108,12,12
63315,69,71,-2,2
63316,102,100,2,2
63317,59,58,1,1
63318,54,65,-11,11
63319,107,98,9,9
63320,60,62,-2,2
63321,70,66,4,4
63322,219,211,8,8
63323,83,81,2,2
63324,68,67,1,1
63325,89,89,0,0
63326,68,75,-7,7
63327,108,111,-3,3
63328,94,101,-7,7
63329,90,88,2,2
63330,171,158,13,13
63331,35,36,-1,1
63332,39,39,0,0
63333,80,113,-33,33
63334,69,69,0,0
63335,109,108,1,1
63336,112,117,-5,5
63337,127,127,0,0
63338,87,89,-2,2
63339,60,128,-68,68
63340,67,74,-7,7
63341,151,141,10,10
63342,115,109,6,6
63343,86,89,-3,3
63344,97,83,14,14
63345,128,118,10,10
63346,137,121,16,16
63347,102,101,1,1
63348,76,79,-3,3
63349,33,28,5,5
63350,89,90,-1,1
63351,68,67,1,1
63352,55,58,-3,3
63353,104,105,-1,1
63354,98,100,-2,2
63355,67,64,3,3
63356,103,91,12,12
63357,87,84,3,3
63358,92,88,4,4
63359,97,84,13,13
63360,144,136,8,8
63361,94,108,-14,14
63362,95,82,13,13
63363,131,117,14,14
63364,102,91,11,11
63365,132,133,-1,1
63366,83,86,-3,3
63367,127,126,1,1
63368,71,69,2,2
63369,86,83,3,3
63370,202,180,22,22
63371,181,170,11,11
63372,129,128,1,1
63373,112,106,6,6
63374,118,115,3,3
63375,46,42,4,4
63376,120,102,18,18
63377,55,68,-13,13
63378,141,132,9,9
63379,92,85,7,7
63380,137,137,0,0
63381,59,62,-3,3
63382,192,197,-5,5
63383,144,144,0,0
63384,91,93,-2,2
63385,111,110,1,1
63386,52,52,0,0
63387,135,126,9,9
63388,43,53,-10,10
63389,138,120,18,18
63390,159,145,14,14
63391,88,91,-3,3
63392,63,64,-1,1
63393,90,90,0,0
63394,101,92,9,9
63395,72,71,1,1
63396,64,63,1,1
63397,81,76,5,5
63398,94,93,1,1
63399,125,129,-4,4
63400,64,65,-1,1
63401,68,71,-3,3
63402,77,82,-5,5
63403,125,127,-2,2
63404,68,70,-2,2
63405,131,127,4,4
63406,72,71,1,1
63407,113,104,9,9
63408,136,136,0,0
63409,136,126,10,10
63410,129,116,13,13
63411,118,111,7,7
63412,79,76,3,3
63413,98,92,6,6
63414,117,116,1,1
63415,98,105,-7,7
63416,30,39,-9,9
63417,76,66,10,10
63418,87,82,5,5
63419,110,103,7,7
63420,80,81,-1,1
63421,48,63,-15,15
63422,120,113,7,7
63423,98,103,-5,5
63424,43,49,-6,6
63425,84,80,4,4
63426,62,65,-3,3
63427,165,166,-1,1
63428,56,60,-4,4
63429,85,83,2,2
63430,109,98,11,11
63431,149,138,11,11
63432,55,57,-2,2
63433,89,96,-7,7
63434,68,77,-9,9
63435,68,69,-1,1
63436,146,142,4,4
63437,112,110,2,2
63438,104,98,6,6
63439,49,50,-1,1
63440,67,65,2,2
63441,70,74,-4,4
63442,109,102,7,7
63443,56,57,-1,1
63444,148,142,6,6
63445,97,98,-1,1
63446,79,79,0,0
63447,116,105,11,11
63448,97,94,3,3
63449,79,78,1,1
63450,74,70,4,4
63451,67,61,6,6
63452,118,111,7,7
63453,72,76,-4,4
63454,128,108,20,20
63455,113,115,-2,2
63456,103,110,-7,7
63457,86,89,-3,3
63458,59,66,-7,7
63459,114,120,-6,6
63460,125,129,-4,4
63461,105,99,6,6
63462,70,66,4,4
63463,147,135,12,12
63464,90,80,10,10
63465,81,89,-8,8
63466,65,75,-10,10
63467,63,64,-1,1
63468,110,106,4,4
63469,108,97,11,11
63470,62,75,-13,13
63471,107,104,3,3
63472,47,50,-3,3
63473,76,75,1,1
63474,92,90,2,2
63475,129,129,0,0
63476,87,86,1,1
63477,90,79,11,11
63478,75,78,-3,3
63479,69,74,-5,5
63480,61,65,-4,4
63481,76,74,2,2
63482,49,51,-2,2
63483,133,124,9,9
63484,147,150,-3,3
63485,115,105,10,10
63486,88,93,-5,5
63487,70,70,0,0
63488,77,76,1,1
63489,64,65,-1,1
63490,182,164,18,18
63491,103,95,8,8
63492,91,92,-1,1
63493,104,99,5,5
63494,67,60,7,7
63495,90,91,-1,1
63496,81,83,-2,2
63497,140,136,4,4
63498,64,68,-4,4
63499,132,128,4,4
63500,64,62,2,2
63501,117,116,1,1
63502,86,93,-7,7
63503,216,195,21,21
63504,129,120,9,9
63505,107,105,2,2
63506,114,110,4,4
63507,99,91,8,8
63508,232,203,29,29
63509,81,82,-1,1
63510,117,118,-1,1
63511,142,140,2,2
63512,33,32,1,1
63513,80,81,-1,1
63514,95,90,5,5
63515,84,79,5,5
63516,111,116,-5,5
63517,53,59,-6,6
63518,47,60,-13,13
63519,80,79,1,1
63520,81,79,2,2
63521,74,73,1,1
63522,49,54,-5,5
63523,124,110,14,14
63524,98,91,7,7
63525,155,156,-1,1
63526,58,62,-4,4
63527,111,103,8,8
63528,99,113,-14,14
63529,124,114,10,10
63530,62,62,0,0
63531,55,56,-1,1
63532,72,72,0,0
63533,62,69,-7,7
63534,74,70,4,4
63535,76,66,10,10
63536,102,97,5,5
63537,87,83,4,4
63538,136,129,7,7
63539,89,82,7,7
63540,68,69,-1,1
63541,67,70,-3,3
63542,97,101,-4,4
63543,123,115,8,8
63544,170,153,17,17
63545,120,119,1,1
63546,110,117,-7,7
63547,100,97,3,3
63548,37,44,-7,7
63549,84,70,14,14
63550,62,65,-3,3
63551,145,134,11,11
63552,106,103,3,3
63553,115,105,10,10
63554,126,125,1,1
63555,141,151,-10,10
63556,92,85,7,7
63557,110,106,4,4
63558,59,70,-11,11
63559,90,83,7,7
63560,77,76,1,1
63561,70,72,-2,2
63562,77,71,6,6
63563,79,72,7,7
63564,154,143,11,11
63565,137,140,-3,3
63566,106,104,2,2
63567,116,112,4,4
63568,119,107,12,12
63569,65,59,6,6
63570,139,132,7,7
63571,145,131,14,14
63572,141,135,6,6
63573,119,109,10,10
63574,70,74,-4,4
63575,78,77,1,1
63576,75,61,14,14
63577,100,94,6,6
63578,163,153,10,10
63579,162,154,8,8
63580,153,147,6,6
63581,94,96,-2,2
63582,74,72,2,2
63583,88,85,3,3
63584,67,73,-6,6
63585,100,109,-9,9
63586,117,122,-5,5
63587,80,75,5,5
63588,95,80,15,15
63589,77,77,0,0
63590,121,116,5,5
63591,141,131,10,10
63592,83,75,8,8
63593,55,61,-6,6
63594,87,77,10,10
63595,76,78,-2,2
63596,116,104,12,12
63597,162,187,-25,25
63598,114,111,3,3
63599,79,77,2,2
63600,117,121,-4,4
63601,54,57,-3,3
63602,87,88,-1,1
63603,124,124,0,0
63604,101,100,1,1
63605,53,58,-5,5
63606,133,127,6,6
63607,75,87,-12,12
63608,78,86,-8,8
63609,69,81,-12,12
63610,40,45,-5,5
63611,84,80,4,4
63612,94,93,1,1
63613,75,70,5,5
63614,95,93,2,2
63615,82,96,-14,14
63616,75,73,2,2
63617,141,117,24,24
63618,98,102,-4,4
63619,101,111,-10,10
63620,49,48,1,1
63621,45,43,2,2
63622,94,92,2,2
63623,132,111,21,21
63624,122,106,16,16
63625,96,96,0,0
63626,89,84,5,5
63627,114,114,0,0
63628,112,104,8,8
63629,55,67,-12,12
63630,63,65,-2,2
63631,133,115,18,18
63632,71,79,-8,8
63633,81,72,9,9
63634,104,106,-2,2
63635,97,85,12,12
63636,103,107,-4,4
63637,110,99,11,11
63638,91,87,4,4
63639,60,65,-5,5
63640,58,64,-6,6
63641,91,89,2,2
63642,69,72,-3,3
63643,75,85,-10,10
63644,175,179,-4,4
63645,62,64,-2,2
63646,121,121,0,0
63647,64,65,-1,1
63648,103,95,8,8
63649,109,82,27,27
63650,111,100,11,11
63651,87,78,9,9
63652,146,134,12,12
63653,68,72,-4,4
63654,69,69,0,0
63655,79,87,-8,8
63656,111,118,-7,7
63657,72,70,2,2
63658,110,102,8,8
63659,106,105,1,1
63660,112,101,11,11
63661,85,76,9,9
63662,153,158,-5,5
63663,102,85,17,17
63664,75,78,-3,3
63665,123,113,10,10
63666,80,92,-12,12
63667,81,81,0,0
63668,76,78,-2,2
63669,107,123,-16,16
63670,163,154,9,9
63671,75,81,-6,6
63672,83,79,4,4
63673,72,67,5,5
63674,73,75,-2,2
63675,47,57,-10,10
63676,127,121,6,6
63677,31,31,0,0
63678,88,81,7,7
63679,131,131,0,0
63680,140,153,-13,13
63681,172,166,6,6
63682,86,80,6,6
63683,137,129,8,8
63684,108,104,4,4
63685,67,70,-3,3
63686,157,171,-14,14
63687,42,53,-11,11
63688,81,81,0,0
63689,96,84,12,12
63690,189,178,11,11
63691,97,107,-10,10
63692,82,87,-5,5
63693,105,91,14,14
63694,107,95,12,12
63695,81,81,0,0
63696,44,41,3,3
63697,93,91,2,2
63698,63,64,-1,1
63699,46,96,-50,50
63700,128,133,-5,5
63701,133,137,-4,4
63702,40,44,-4,4
63703,119,113,6,6
63704,100,90,10,10
63705,96,91,5,5
63706,84,84,0,0
63707,188,184,4,4
63708,66,71,-5,5
63709,145,144,1,1
63710,50,60,-10,10
63711,74,74,0,0
63712,82,80,2,2
63713,92,89,3,3
63714,131,128,3,3
63715,69,69,0,0
63716,97,89,8,8
63717,137,131,6,6
63718,98,98,0,0
63719,67,72,-5,5
63720,107,112,-5,5
63721,49,49,0,0
63722,76,76,0,0
63723,66,67,-1,1
63724,170,158,12,12
63725,101,103,-2,2
63726,95,82,13,13
63727,76,72,4,4
63728,82,77,5,5
63729,84,79,5,5
63730,106,108,-2,2
63731,64,75,-11,11
63732,91,87,4,4
63733,86,82,4,4
63734,54,54,0,0
63735,82,96,-14,14
63736,89,89,0,0
63737,97,95,2,2
63738,161,150,11,11
63739,48,44,4,4
63740,109,105,4,4
63741,159,149,10,10
63742,106,106,0,0
63743,181,157,24,24
63744,129,133,-4,4
63745,101,106,-5,5
63746,114,107,7,7
63747,126,114,12,12
63748,168,150,18,18
63749,95,99,-4,4
63750,80,81,-1,1
63751,96,89,7,7
63752,35,54,-19,19
63753,73,75,-2,2
63754,89,84,5,5
63755,107,96,11,11
63756,88,88,0,0
63757,92,95,-3,3
63758,91,79,12,12
63759,91,81,10,10
63760,120,133,-13,13
63761,82,79,3,3
63762,80,82,-2,2
63763,55,55,0,0
63764,76,68,8,8
63765,72,70,2,2
63766,105,97,8,8
63767,113,107,6,6
63768,67,64,3,3
63769,101,104,-3,3
63770,80,76,4,4
63771,80,84,-4,4
63772,96,87,9,9
63773,71,74,-3,3
63774,148,151,-3,3
63775,72,71,1,1
63776,127,131,-4,4
63777,75,76,-1,1
63778,83,85,-2,2
63779,90,92,-2,2
63780,86,85,1,1
63781,75,83,-8,8
63782,72,75,-3,3
63783,70,62,8,8
63784,105,102,3,3
63785,41,49,-8,8
63786,68,71,-3,3
63787,86,80,6,6
63788,64,58,6,6
63789,86,89,-3,3
63790,51,57,-6,6
63791,124,113,11,11
63792,88,91,-3,3
63793,93,91,2,2
63794,54,69,-15,15
63795,71,66,5,5
63796,132,132,0,0
63797,101,96,5,5
63798,172,152,20,20
63799,176,172,4,4
63800,173,177,-4,4
63801,130,125,5,5
63802,79,75,4,4
63803,102,104,-2,2
63804,133,126,7,7
63805,90,72,18,18
63806,102,97,5,5
63807,65,66,-1,1
63808,128,122,6,6
63809,159,127,32,32
63810,57,59,-2,2
63811,171,161,10,10
63812,66,71,-5,5
63813,165,152,13,13
63814,51,47,4,4
63815,111,109,2,2
63816,211,180,31,31
63817,89,81,8,8
63818,74,76,-2,2
63819,86,96,-10,10
63820,129,106,23,23
63821,67,63,4,4
63822,112,112,0,0
63823,102,86,16,16
63824,76,75,1,1
63825,67,77,-10,10
63826,96,91,5,5
63827,115,117,-2,2
63828,95,98,-3,3
63829,129,123,6,6
63830,78,74,4,4
63831,58,68,-10,10
63832,93,89,4,4
63833,53,50,3,3
63834,62,66,-4,4
63835,89,88,1,1
63836,110,105,5,5
63837,109,119,-10,10
63838,34,65,-31,31
63839,94,84,10,10
63840,54,57,-3,3
63841,111,111,0,0
63842,128,130,-2,2
63843,141,138,3,3
63844,92,87,5,5
63845,102,88,14,14
63846,94,99,-5,5
63847,130,120,10,10
63848,93,97,-4,4
63849,86,74,12,12
63850,102,100,2,2
63851,137,120,17,17
63852,55,44,11,11
63853,118,113,5,5
63854,121,114,7,7
63855,155,143,12,12
63856,71,77,-6,6
63857,140,137,3,3
63858,64,72,-8,8
63859,110,120,-10,10
63860,119,121,-2,2
63861,55,64,-9,9
63862,80,82,-2,2
63863,142,125,17,17
63864,44,54,-10,10
63865,111,113,-2,2
63866,113,106,7,7
63867,146,129,17,17
63868,169,167,2,2
63869,129,118,11,11
63870,76,81,-5,5
63871,67,65,2,2
63872,75,75,0,0
63873,68,70,-2,2
63874,74,78,-4,4
63875,80,77,3,3
63876,33,35,-2,2
63877,91,87,4,4
63878,75,71,4,4
63879,94,85,9,9
63880,142,128,14,14
63881,50,101,-51,51
63882,193,193,0,0
63883,81,83,-2,2
63884,111,103,8,8
63885,130,127,3,3
63886,51,50,1,1
63887,73,71,2,2
63888,136,141,-5,5
63889,94,90,4,4
63890,111,98,13,13
63891,119,115,4,4
63892,101,102,-1,1
63893,79,74,5,5
63894,92,88,4,4
63895,84,77,7,7
63896,48,57,-9,9
63897,105,108,-3,3
63898,87,77,10,10
63899,91,95,-4,4
63900,78,82,-4,4
63901,136,147,-11,11
63902,123,123,0,0
63903,130,126,4,4
63904,126,117,9,9
63905,84,90,-6,6
63906,122,124,-2,2
63907,124,121,3,3
63908,117,110,7,7
63909,49,46,3,3
63910,63,62,1,1
63911,64,64,0,0
63912,57,64,-7,7
63913,37,46,-9,9
63914,38,47,-9,9
63915,56,55,1,1
63916,137,127,10,10
63917,109,111,-2,2
63918,158,150,8,8
63919,112,119,-7,7
63920,96,104,-8,8
63921,99,101,-2,2
63922,68,70,-2,2
63923,94,96,-2,2
63924,118,120,-2,2
63925,80,81,-1,1
63926,78,82,-4,4
63927,94,86,8,8
63928,172,170,2,2
63929,39,43,-4,4
63930,62,75,-13,13
63931,152,135,17,17
63932,120,110,10,10
63933,90,82,8,8
63934,105,97,8,8
63935,80,77,3,3
63936,58,62,-4,4
63937,51,58,-7,7
63938,90,86,4,4
63939,107,100,7,7
63940,71,75,-4,4
63941,61,67,-6,6
63942,111,128,-17,17
63943,88,93,-5,5
63944,56,60,-4,4
63945,93,87,6,6
63946,106,100,6,6
63947,96,92,4,4
63948,81,87,-6,6
63949,63,62,1,1
63950,112,116,-4,4
63951,120,108,12,12
63952,59,53,6,6
63953,103,89,14,14
63954,50,56,-6,6
63955,115,94,21,21
63956,54,68,-14,14
63957,71,71,0,0
63958,59,59,0,0
63959,115,107,8,8
63960,47,54,-7,7
63961,100,98,2,2
63962,77,78,-1,1
63963,195,177,18,18
63964,118,115,3,3
63965,90,88,2,2
63966,101,99,2,2
63967,141,133,8,8
63968,153,144,9,9
63969,72,78,-6,6
63970,76,80,-4,4
63971,141,121,20,20
63972,168,149,19,19
63973,189,163,26,26
63974,52,57,-5,5
63975,90,86,4,4
63976,81,82,-1,1
63977,54,60,-6,6
63978,128,118,10,10
63979,86,90,-4,4
63980,65,72,-7,7
63981,53,54,-1,1
63982,57,63,-6,6
63983,90,75,15,15
63984,73,77,-4,4
63985,75,82,-7,7
63986,85,80,5,5
63987,143,138,5,5
63988,44,59,-15,15
63989,81,74,7,7
63990,76,82,-6,6
63991,126,120,6,6
63992,46,53,-7,7
63993,139,122,17,17
63994,154,147,7,7
63995,161,161,0,0
63996,59,55,4,4
63997,78,81,-3,3
63998,85,83,2,2
63999,48,61,-13,13
64000,71,69,2,2
64001,79,81,-2,2
64002,65,66,-1,1
64003,78,75,3,3
64004,117,117,0,0
64005,51,51,0,0
64006,153,99,54,54
64007,118,125,-7,7
64008,66,65,1,1
64009,75,79,-4,4
64010,102,107,-5,5
64011,85,82,3,3
64012,64,62,2,2
64013,95,99,-4,4
64014,160,146,14,14
64015,94,86,8,8
64016,68,78,-10,10
64017,180,177,3,3
64018,52,77,-25,25
64019,106,107,-1,1
64020,85,82,3,3
64021,115,129,-14,14
64022,57,51,6,6
64023,104,102,2,2
64024,53,58,-5,5
64025,79,73,6,6
64026,68,81,-13,13
64027,86,76,10,10
64028,121,111,10,10
64029,54,51,3,3
64030,74,73,1,1
64031,122,138,-16,16
64032,67,68,-1,1
64033,128,129,-1,1
64034,56,59,-3,3
64035,146,139,7,7
64036,111,119,-8,8
64037,86,86,0,0
64038,96,84,12,12
64039,144,147,-3,3
64040,73,74,-1,1
64041,50,53,-3,3
64042,179,175,4,4
64043,83,85,-2,2
64044,62,61,1,1
64045,103,102,1,1
64046,101,100,1,1
64047,59,65,-6,6
64048,74,70,4,4
64049,72,70,2,2
64050,75,83,-8,8
64051,109,109,0,0
64052,102,95,7,7
64053,143,137,6,6
64054,83,95,-12,12
64055,156,156,0,0
64056,124,115,9,9
64057,80,77,3,3
64058,161,147,14,14
64059,54,62,-8,8
64060,75,91,-16,16
64061,155,135,20,20
64062,117,104,13,13
64063,130,129,1,1
64064,225,196,29,29
64065,94,90,4,4
64066,63,58,5,5
64067,72,70,2,2
64068,179,170,9,9
64069,141,138,3,3
64070,82,72,10,10
64071,62,52,10,10
64072,122,122,0,0
64073,79,73,6,6
64074,93,78,15,15
64075,137,160,-23,23
64076,110,111,-1,1
64077,137,132,5,5
64078,84,72,12,12
64079,64,64,0,0
64080,64,58,6,6
64081,56,63,-7,7
64082,70,72,-2,2
64083,76,75,1,1
64084,118,109,9,9
64085,88,79,9,9
64086,81,74,7,7
64087,129,124,5,5
64088,64,70,-6,6
64089,97,91,6,6
64090,123,124,-1,1
64091,86,74,12,12
64092,97,91,6,6
64093,115,118,-3,3
64094,96,102,-6,6
64095,77,77,0,0
64096,168,181,-13,13
64097,51,55,-4,4
64098,90,86,4,4
64099,56,64,-8,8
64100,71,76,-5,5
64101,107,107,0,0
64102,94,82,12,12
64103,46,58,-12,12
64104,118,108,10,10
64105,129,118,11,11
64106,106,110,-4,4
64107,81,82,-1,1
64108,82,75,7,7
64109,56,57,-1,1
64110,79,71,8,8
64111,71,71,0,0
64112,148,154,-6,6
64113,205,188,17,17
64114,142,124,18,18
64115,85,78,7,7
64116,47,52,-5,5
64117,91,86,5,5
64118,108,102,6,6
64119,73,70,3,3
64120,102,104,-2,2
64121,129,136,-7,7
64122,130,162,-32,32
64123,103,90,13,13
64124,70,91,-21,21
64125,90,83,7,7
64126,118,135,-17,17
64127,85,72,13,13
64128,63,71,-8,8
64129,62,62,0,0
64130,93,90,3,3
64131,66,78,-12,12
64132,57,57,0,0
64133,43,49,-6,6
64134,104,97,7,7
64135,131,123,8,8
64136,88,80,8,8
64137,79,80,-1,1
64138,83,70,13,13
64139,77,72,5,5
64140,82,84,-2,2
64141,109,104,5,5
64142,118,112,6,6
64143,134,135,-1,1
64144,124,130,-6,6
64145,105,108,-3,3
64146,102,92,10,10
64147,109,104,5,5
64148,100,99,1,1
64149,84,84,0,0
64150,88,82,6,6
64151,86,82,4,4
64152,92,81,11,11
64153,125,117,8,8
64154,70,65,5,5
64155,167,139,28,28
64156,151,161,-10,10
64157,80,70,10,10
64158,125,106,19,19
64159,140,150,-10,10
64160,101,100,1,1
64161,68,66,2,2
64162,48,55,-7,7
64163,105,100,5,5
64164,72,69,3,3
64165,73,74,-1,1
64166,139,138,1,1
64167,88,88,0,0
64168,65,98,-33,33
64169,100,94,6,6
64170,150,149,1,1
64171,116,113,3,3
64172,64,66,-2,2
64173,115,103,12,12
64174,58,63,-5,5
64175,132,141,-9,9
64176,91,82,9,9
64177,75,67,8,8
64178,98,101,-3,3
64179,109,104,5,5
64180,115,102,13,13
64181,86,92,-6,6
64182,100,88,12,12
64183,77,76,1,1
64184,156,160,-4,4
64185,63,60,3,3
64186,81,80,1,1
64187,95,91,4,4
64188,70,71,-1,1
64189,100,99,1,1
64190,92,90,2,2
64191,150,152,-2,2
64192,99,107,-8,8
64193,133,123,10,10
64194,46,51,-5,5
64195,99,89,10,10
64196,128,118,10,10
64197,77,77,0,0
64198,77,77,0,0
64199,62,68,-6,6
64200,175,153,22,22
64201,183,178,5,5
64202,80,83,-3,3
64203,124,123,1,1
64204,116,110,6,6
64205,140,146,-6,6
64206,74,70,4,4
64207,104,119,-15,15
64208,43,54,-11,11
64209,191,178,13,13
64210,245,241,4,4
64211,94,86,8,8
64212,110,97,13,13
64213,86,84,2,2
64214,49,63,-14,14
64215,116,116,0,0
64216,58,60,-2,2
64217,51,51,0,0
64218,96,92,4,4
64219,73,77,-4,4
64220,100,101,-1,1
64221,83,135,-52,52
64222,130,124,6,6
64223,64,69,-5,5
64224,77,78,-1,1
64225,126,130,-4,4
64226,52,49,3,3
64227,84,79,5,5
64228,69,87,-18,18
64229,107,123,-16,16
64230,104,90,14,14
64231,55,56,-1,1
64232,87,91,-4,4
64233,88,94,-6,6
64234,147,150,-3,3
64235,122,114,8,8
64236,120,110,10,10
64237,166,158,8,8
64238,80,85,-5,5
64239,122,120,2,2
64240,43,41,2,2
64241,121,110,11,11
64242,70,74,-4,4
64243,101,98,3,3
64244,57,64,-7,7
64245,100,91,9,9
64246,52,57,-5,5
64247,69,70,-1,1
64248,52,48,4,4
64249,60,64,-4,4
64250,74,69,5,5
64251,92,91,1,1
64252,47,55,-8,8
64253,91,93,-2,2
64254,72,76,-4,4
64255,45,45,0,0
64256,70,77,-7,7
64257,119,118,1,1
64258,113,116,-3,3
64259,51,57,-6,6
64260,56,61,-5,5
64261,95,90,5,5
64262,82,90,-8,8
64263,79,78,1,1
64264,70,73,-3,3
64265,78,78,0,0
64266,94,92,2,2
64267,68,68,0,0
64268,87,95,-8,8
64269,164,180,-16,16
64270,101,93,8,8
64271,145,144,1,1
64272,50,53,-3,3
64273,65,80,-15,15
64274,108,97,11,11
64275,77,73,4,4
64276,153,143,10,10
64277,113,104,9,9
64278,181,155,26,26
64279,52,55,-3,3
64280,96,99,-3,3
64281,139,129,10,10
64282,91,92,-1,1
64283,73,74,-1,1
64284,77,77,0,0
64285,71,74,-3,3
64286,51,52,-1,1
64287,90,89,1,1
64288,68,67,1,1
64289,73,74,-1,1
64290,94,102,-8,8
64291,69,67,2,2
64292,90,87,3,3
64293,154,155,-1,1
64294,163,141,22,22
64295,74,75,-1,1
64296,55,62,-7,7
64297,73,76,-3,3
64298,33,27,6,6
64299,154,144,10,10
64300,70,51,19,19
64301,72,74,-2,2
64302,96,102,-6,6
64303,117,113,4,4
64304,127,124,3,3
64305,84,85,-1,1
64306,99,103,-4,4
64307,72,70,2,2
64308,144,130,14,14
64309,74,76,-2,2
64310,75,77,-2,2
64311,89,83,6,6
64312,122,114,8,8
64313,165,158,7,7
64314,45,45,0,0
64315,82,86,-4,4
64316,84,79,5,5
64317,166,161,5,5
64318,140,130,10,10
64319,96,103,-7,7
64320,73,71,2,2
64321,200,187,13,13
64322,113,112,1,1
64323,137,128,9,9
64324,87,87,0,0
64325,127,122,5,5
64326,74,65,9,9
64327,89,84,5,5
64328,128,135,-7,7
64329,73,77,-4,4
64330,53,53,0,0
64331,26,45,-19,19
64332,104,103,1,1
64333,91,82,9,9
64334,157,149,8,8
64335,93,85,8,8
64336,125,128,-3,3
64337,66,62,4,4
64338,125,117,8,8
64339,144,120,24,24
64340,106,98,8,8
64341,129,117,12,12
64342,86,92,-6,6
64343,188,177,11,11
64344,142,130,12,12
64345,54,56,-2,2
64346,185,155,30,30
64347,152,148,4,4
64348,55,53,2,2
64349,74,79,-5,5
64350,132,136,-4,4
64351,80,73,7,7
64352,77,75,2,2
64353,67,67,0,0
64354,71,68,3,3
64355,129,118,11,11
64356,116,106,10,10
64357,97,93,4,4
64358,39,45,-6,6
64359,44,53,-9,9
64360,73,77,-4,4
64361,78,76,2,2
64362,68,66,2,2
64363,57,55,2,2
64364,97,80,17,17
64365,77,76,1,1
64366,159,154,5,5
64367,144,129,15,15
64368,58,63,-5,5
64369,74,81,-7,7
64370,47,53,-6,6
64371,86,81,5,5
64372,95,81,14,14
64373,74,73,1,1
64374,84,95,-11,11
64375,175,169,6,6
64376,47,48,-1,1
64377,110,101,9,9
64378,181,169,12,12
64379,117,116,1,1
64380,77,68,9,9
64381,88,77,11,11
64382,84,87,-3,3
64383,56,51,5,5
64384,49,45,4,4
64385,75,81,-6,6
64386,58,57,1,1
64387,110,111,-1,1
64388,80,81,-1,1
64389,120,127,-7,7
64390,79,96,-17,17
64391,107,111,-4,4
64392,79,78,1,1
64393,69,69,0,0
64394,36,46,-10,10
64395,106,104,2,2
64396,64,65,-1,1
64397,91,96,-5,5
64398,70,74,-4,4
64399,69,70,-1,1
64400,75,77,-2,2
64401,54,53,1,1
64402,69,77,-8,8
64403,105,117,-12,12
64404,67,71,-4,4
64405,28,37,-9,9
64406,57,59,-2,2
64407,46,37,9,9
64408,52,55,-3,3
64409,122,120,2,2
64410,101,96,5,5
64411,129,119,10,10
64412,143,153,-10,10
64413,193,179,14,14
64414,55,60,-5,5
64415,92,88,4,4
64416,107,86,21,21
64417,137,119,18,18
64418,100,101,-1,1
64419,61,65,-4,4
64420,113,98,15,15
64421,112,109,3,3
64422,78,72,6,6
64423,82,88,-6,6
64424,58,69,-11,11
64425,65,53,12,12
64426,52,62,-10,10
64427,106,104,2,2
64428,47,58,-11,11
64429,72,82,-10,10
64430,75,78,-3,3
64431,135,139,-4,4
64432,87,87,0,0
64433,175,167,8,8
64434,99,106,-7,7
64435,50,52,-2,2
64436,90,83,7,7
64437,83,89,-6,6
64438,68,70,-2,2
64439,85,84,1,1
64440,73,76,-3,3
64441,58,71,-13,13
64442,78,74,4,4
64443,89,98,-9,9
64444,49,53,-4,4
64445,73,68,5,5
64446,108,92,16,16
64447,60,67,-7,7
64448,142,127,15,15
64449,217,193,24,24
64450,57,53,4,4
64451,61,62,-1,1
64452,82,78,4,4
64453,73,75,-2,2
64454,108,104,4,4
64455,139,146,-7,7
64456,80,80,0,0
64457,218,204,14,14
64458,119,117,2,2
64459,105,102,3,3
64460,57,65,-8,8
64461,106,115,-9,9
64462,74,79,-5,5
64463,77,80,-3,3
64464,143,136,7,7
64465,103,100,3,3
64466,120,114,6,6
64467,124,112,12,12
64468,112,105,7,7
64469,105,95,10,10
64470,144,141,3,3
64471,97,87,10,10
64472,65,65,0,0
64473,74,72,2,2
64474,55,60,-5,5
64475,80,79,1,1
64476,115,111,4,4
64477,145,145,0,0
64478,103,109,-6,6
64479,132,120,12,12
64480,46,54,-8,8
64481,59,57,2,2
64482,83,78,5,5
64483,150,139,11,11
64484,182,173,9,9
64485,44,52,-8,8
64486,64,77,-13,13
64487,53,55,-2,2
64488,78,83,-5,5
64489,112,118,-6,6
64490,109,104,5,5
64491,95,103,-8,8
64492,62,84,-22,22
64493,57,64,-7,7
64494,130,127,3,3
64495,101,93,8,8
64496,135,139,-4,4
64497,100,116,-16,16
64498,107,115,-8,8
64499,97,103,-6,6
64500,79,74,5,5
64501,80,83,-3,3
64502,94,72,22,22
64503,122,117,5,5
64504,57,62,-5,5
64505,58,66,-8,8
64506,76,74,2,2
64507,144,127,17,17
64508,51,47,4,4
64509,54,60,-6,6
64510,85,85,0,0
64511,61,66,-5,5
64512,148,127,21,21
64513,33,40,-7,7
64514,99,95,4,4
64515,117,109,8,8
64516,82,77,5,5
64517,54,77,-23,23
64518,144,131,13,13
64519,141,135,6,6
64520,80,85,-5,5
64521,203,183,20,20
64522,93,88,5,5
64523,65,66,-1,1
64524,61,58,3,3
64525,139,131,8,8
64526,84,82,2,2
64527,72,78,-6,6
64528,68,76,-8,8
64529,56,72,-16,16
64530,101,101,0,0
64531,63,74,-11,11
64532,94,98,-4,4
64533,120,116,4,4
64534,113,117,-4,4
64535,32,40,-8,8
64536,94,103,-9,9
64537,116,116,0,0
64538,101,95,6,6
64539,57,64,-7,7
64540,144,133,11,11
64541,76,77,-1,1
64542,94,89,5,5
64543,80,81,-1,1
64544,100,97,3,3
64545,150,136,14,14
64546,85,86,-1,1
64547,77,75,2,2
64548,75,75,0,0
64549,170,155,15,15
64550,138,142,-4,4
64551,74,73,1,1
64552,83,80,3,3
64553,193,188,5,5
64554,95,83,12,12
64555,132,128,4,4
64556,69,70,-1,1
64557,120,130,-10,10
64558,102,98,4,4
64559,87,80,7,7
64560,133,114,19,19
64561,106,102,4,4
64562,90,93,-3,3
64563,61,65,-4,4
64564,87,86,1,1
64565,130,122,8,8
64566,77,79,-2,2
64567,80,99,-19,19
64568,95,83,12,12
64569,64,66,-2,2
64570,57,69,-12,12
64571,70,71,-1,1
64572,111,106,5,5
64573,54,60,-6,6
64574,142,163,-21,21
64575,52,57,-5,5
64576,47,55,-8,8
64577,133,134,-1,1
64578,140,144,-4,4
64579,60,65,-5,5
64580,186,161,25,25
64581,77,76,1,1
64582,101,93,8,8
64583,59,61,-2,2
64584,121,125,-4,4
64585,104,109,-5,5
64586,155,129,26,26
64587,83,79,4,4
64588,77,73,4,4
64589,123,108,15,15
64590,59,59,0,0
64591,105,88,17,17
64592,75,82,-7,7
64593,116,104,12,12
64594,72,75,-3,3
64595,149,154,-5,5
64596,119,113,6,6
64597,63,74,-11,11
64598,87,81,6,6
64599,137,127,10,10
64600,82,74,8,8
64601,125,120,5,5
64602,36,46,-10,10
64603,67,71,-4,4
64604,116,116,0,0
64605,155,141,14,14
64606,103,89,14,14
64607,104,97,7,7
64608,143,139,4,4
64609,123,121,2,2
64610,121,111,10,10
64611,87,78,9,9
64612,72,74,-2,2
64613,49,68,-19,19
64614,69,81,-12,12
64615,72,87,-15,15
64616,116,95,21,21
64617,138,144,-6,6
64618,97,101,-4,4
64619,63,64,-1,1
64620,109,103,6,6
64621,80,80,0,0
64622,96,88,8,8
64623,98,84,14,14
64624,101,105,-4,4
64625,143,138,5,5
64626,90,89,1,1
64627,85,78,7,7
64628,120,126,-6,6
64629,65,64,1,1
64630,161,144,17,17
64631,124,105,19,19
64632,103,101,2,2
64633,99,94,5,5
64634,121,125,-4,4
64635,122,119,3,3
64636,104,110,-6,6
64637,160,167,-7,7
64638,109,86,23,23
64639,63,64,-1,1
64640,112,109,3,3
64641,88,84,4,4
64642,88,86,2,2
64643,101,114,-13,13
64644,50,53,-3,3
64645,170,176,-6,6
64646,64,72,-8,8
64647,102,113,-11,11
64648,93,87,6,6
64649,132,125,7,7
64650,75,83,-8,8
64651,84,75,9,9
64652,60,62,-2,2
64653,103,115,-12,12
64654,58,63,-5,5
64655,153,134,19,19
64656,135,123,12,12
64657,62,75,-13,13
64658,162,149,13,13
64659,74,75,-1,1
64660,90,81,9,9
64661,127,126,1,1
64662,97,100,-3,3
64663,102,97,5,5
64664,117,115,2,2
64665,38,48,-10,10
64666,114,107,7,7
64667,45,36,9,9
64668,100,96,4,4
64669,61,59,2,2
64670,101,88,13,13
64671,120,119,1,1
64672,152,141,11,11
64673,84,85,-1,1
64674,100,87,13,13
64675,108,102,6,6
64676,124,131,-7,7
64677,148,150,-2,2
64678,46,50,-4,4
64679,119,118,1,1
64680,118,106,12,12
64681,52,60,-8,8
64682,104,109,-5,5
64683,82,102,-20,20
64684,100,87,13,13
64685,118,107,11,11
64686,70,75,-5,5
64687,104,86,18,18
64688,141,132,9,9
64689,97,93,4,4
64690,24,30,-6,6
64691,192,167,25,25
64692,71,67,4,4
64693,78,87,-9,9
64694,46,52,-6,6
64695,79,80,-1,1
64696,153,138,15,15
64697,88,100,-12,12
64698,64,72,-8,8
64699,81,75,6,6
64700,81,78,3,3
64701,105,98,7,7
64702,88,93,-5,5
64703,120,124,-4,4
64704,68,67,1,1
64705,84,81,3,3
64706,121,113,8,8
64707,80,74,6,6
64708,138,141,-3,3
64709,90,80,10,10
64710,87,89,-2,2
64711,92,90,2,2
64712,111,118,-7,7
64713,77,72,5,5
64714,74,75,-1,1
64715,170,141,29,29
64716,77,79,-2,2
64717,117,122,-5,5
64718,151,133,18,18
64719,84,85,-1,1
64720,108,116,-8,8
64721,69,76,-7,7
64722,121,124,-3,3
64723,94,101,-7,7
64724,41,44,-3,3
64725,140,136,4,4
64726,76,68,8,8
64727,85,79,6,6
64728,104,107,-3,3
64729,48,57,-9,9
64730,128,133,-5,5
64731,68,68,0,0
64732,70,73,-3,3
64733,93,82,11,11
64734,69,88,-19,19
64735,56,50,6,6
64736,96,96,0,0
64737,50,50,0,0
64738,64,69,-5,5
64739,69,78,-9,9
64740,89,84,5,5
64741,75,80,-5,5
64742,77,79,-2,2
64743,68,66,2,2
64744,59,90,-31,31
64745,140,120,20,20
64746,79,73,6,6
64747,46,43,3,3
64748,54,51,3,3
64749,89,91,-2,2
64750,99,101,-2,2
64751,68,68,0,0
64752,86,92,-6,6
64753,106,91,15,15
64754,82,76,6,6
64755,97,128,-31,31
64756,29,43,-14,14
64757,99,97,2,2
64758,119,121,-2,2
64759,102,102,0,0
64760,104,103,1,1
64761,148,124,24,24
64762,146,138,8,8
64763,107,99,8,8
64764,49,49,0,0
64765,45,46,-1,1
64766,133,127,6,6
64767,102,106,-4,4
64768,110,114,-4,4
64769,100,98,2,2
64770,112,104,8,8
64771,59,69,-10,10
64772,73,63,10,10
64773,115,125,-10,10
64774,88,84,4,4
64775,77,85,-8,8
64776,133,128,5,5
64777,86,84,2,2
64778,74,67,7,7
64779,125,120,5,5
64780,97,99,-2,2
64781,71,64,7,7
64782,42,46,-4,4
64783,140,136,4,4
64784,70,68,2,2
64785,76,79,-3,3
64786,59,59,0,0
64787,87,96,-9,9
64788,134,119,15,15
64789,173,163,10,10
64790,47,50,-3,3
64791,112,99,13,13
64792,94,101,-7,7
64793,81,77,4,4
64794,152,150,2,2
64795,56,61,-5,5
64796,72,74,-2,2
64797,82,79,3,3
64798,68,69,-1,1
64799,87,87,0,0
64800,116,132,-16,16
64801,49,47,2,2
64802,124,121,3,3
64803,146,150,-4,4
64804,151,139,12,12
64805,67,90,-23,23
64806,57,89,-32,32
64807,147,146,1,1
64808,104,105,-1,1
64809,124,123,1,1
64810,46,54,-8,8
64811,118,120,-2,2
64812,110,109,1,1
64813,82,80,2,2
64814,97,86,11,11
64815,104,93,11,11
64816,46,44,2,2
64817,76,81,-5,5
64818,66,68,-2,2
64819,51,50,1,1
64820,63,56,7,7
64821,81,78,3,3
64822,110,110,0,0
64823,160,155,5,5
64824,65,66,-1,1
64825,43,46,-3,3
64826,67,118,-51,51
64827,104,99,5,5
64828,83,86,-3,3
64829,57,72,-15,15
64830,139,133,6,6
64831,78,77,1,1
64832,68,62,6,6
64833,91,84,7,7
64834,117,119,-2,2
64835,117,112,5,5
64836,110,114,-4,4
64837,67,70,-3,3
64838,89,88,1,1
64839,96,103,-7,7
64840,92,100,-8,8
64841,87,84,3,3
64842,92,81,11,11
64843,59,67,-8,8
64844,66,67,-1,1
64845,160,162,-2,2
64846,188,167,21,21
64847,96,95,1,1
64848,75,81,-6,6
64849,140,132,8,8
64850,95,91,4,4
64851,83,81,2,2
64852,103,102,1,1
64853,81,82,-1,1
64854,87,84,3,3
64855,90,89,1,1
64856,66,67,-1,1
64857,100,91,9,9
64858,75,75,0,0
64859,50,50,0,0
64860,68,70,-2,2
64861,82,79,3,3
64862,72,65,7,7
64863,56,60,-4,4
64864,113,110,3,3
64865,41,52,-11,11
64866,56,63,-7,7
64867,92,85,7,7
64868,68,70,-2,2
64869,63,64,-1,1
64870,111,114,-3,3
64871,74,77,-3,3
64872,91,89,2,2
64873,84,134,-50,50
64874,107,114,-7,7
64875,95,91,4,4
64876,80,74,6,6
64877,125,129,-4,4
64878,57,56,1,1
64879,115,122,-7,7
64880,117,111,6,6
64881,71,75,-4,4
64882,72,71,1,1
64883,199,180,19,19
64884,100,104,-4,4
64885,75,68,7,7
64886,78,73,5,5
64887,82,77,5,5
64888,85,86,-1,1
64889,53,63,-10,10
64890,89,85,4,4
64891,111,100,11,11
64892,58,62,-4,4
64893,74,70,4,4
64894,106,119,-13,13
64895,139,135,4,4
64896,94,88,6,6
64897,66,65,1,1
64898,140,122,18,18
64899,100,99,1,1
64900,60,62,-2,2
64901,118,105,13,13
64902,108,95,13,13
64903,131,117,14,14
64904,141,150,-9,9
64905,107,117,-10,10
64906,65,73,-8,8
64907,104,106,-2,2
64908,121,122,-1,1
64909,93,99,-6,6
64910,85,90,-5,5
64911,77,76,1,1
64912,113,106,7,7
64913,44,46,-2,2
64914,110,124,-14,14
64915,75,69,6,6
64916,65,71,-6,6
64917,59,58,1,1
64918,102,89,13,13
64919,93,110,-17,17
64920,85,84,1,1
64921,57,58,-1,1
64922,129,120,9,9
64923,45,60,-15,15
64924,60,77,-17,17
64925,89,96,-7,7
64926,93,93,0,0
64927,104,101,3,3
64928,55,56,-1,1
64929,83,85,-2,2
64930,137,128,9,9
64931,109,99,10,10
64932,69,68,1,1
64933,110,125,-15,15
64934,119,100,19,19
64935,97,89,8,8
64936,81,81,0,0
64937,104,100,4,4
64938,71,78,-7,7
64939,50,60,-10,10
64940,136,126,10,10
64941,70,66,4,4
64942,63,71,-8,8
64943,90,96,-6,6
64944,102,97,5,5
64945,50,53,-3,3
64946,138,123,15,15
64947,103,124,-21,21
64948,127,122,5,5
64949,129,133,-4,4
64950,144,137,7,7
64951,52,59,-7,7
64952,72,74,-2,2
64953,94,95,-1,1
64954,77,71,6,6
64955,62,67,-5,5
64956,91,91,0,0
64957,58,58,0,0
64958,78,77,1,1
64959,63,64,-1,1
64960,111,101,10,10
64961,87,86,1,1
64962,85,81,4,4
64963,224,196,28,28
64964,99,95,4,4
64965,84,77,7,7
64966,101,97,4,4
64967,156,136,20,20
64968,50,52,-2,2
64969,82,79,3,3
64970,190,192,-2,2
64971,127,131,-4,4
64972,61,63,-2,2
64973,100,102,-2,2
64974,81,84,-3,3
64975,141,124,17,17
64976,80,74,6,6
64977,67,68,-1,1
64978,90,91,-1,1
64979,81,76,5,5
64980,55,56,-1,1
64981,85,85,0,0
64982,36,44,-8,8
64983,87,74,13,13
64984,73,81,-8,8
64985,90,89,1,1
64986,69,63,6,6
64987,88,83,5,5
64988,64,68,-4,4
64989,56,58,-2,2
64990,130,119,11,11
64991,59,57,2,2
64992,140,144,-4,4
64993,129,119,10,10
64994,122,119,3,3
64995,69,68,1,1
64996,65,74,-9,9
64997,103,100,3,3
64998,36,34,2,2
64999,193,192,1,1
65000,123,117,6,6
65001,77,78,-1,1
65002,75,70,5,5
65003,85,91,-6,6
65004,124,123,1,1
65005,148,147,1,1
65006,92,94,-2,2
65007,70,69,1,1
65008,129,121,8,8
65009,51,54,-3,3
65010,98,85,13,13
65011,130,120,10,10
65012,134,128,6,6
65013,89,82,7,7
65014,83,88,-5,5
65015,89,88,1,1
65016,101,96,5,5
65017,110,98,12,12
65018,68,71,-3,3
65019,68,64,4,4
65020,72,74,-2,2
65021,77,78,-1,1
65022,147,131,16,16
65023,117,113,4,4
65024,79,96,-17,17
65025,103,105,-2,2
65026,65,72,-7,7
65027,102,98,4,4
65028,66,67,-1,1
65029,101,93,8,8
65030,77,77,0,0
65031,58,65,-7,7
65032,75,77,-2,2
65033,50,62,-12,12
65034,116,112,4,4
65035,78,75,3,3
65036,111,100,11,11
65037,35,43,-8,8
65038,94,87,7,7
65039,136,125,11,11
65040,71,69,2,2
65041,94,104,-10,10
65042,81,77,4,4
65043,54,51,3,3
65044,94,84,10,10
65045,94,95,-1,1
65046,143,138,5,5
65047,82,80,2,2
65048,156,146,10,10
65049,81,84,-3,3
65050,169,162,7,7
65051,104,100,4,4
65052,107,107,0,0
65053,69,82,-13,13
65054,123,104,19,19
65055,51,57,-6,6
65056,88,94,-6,6
65057,41,43,-2,2
65058,56,65,-9,9
65059,138,134,4,4
65060,102,94,8,8
65061,97,96,1,1
65062,124,126,-2,2
65063,124,116,8,8
65064,119,130,-11,11
65065,55,56,-1,1
65066,116,116,0,0
65067,60,59,1,1
65068,134,119,15,15
65069,63,86,-23,23
65070,73,73,0,0
65071,145,143,2,2
65072,111,112,-1,1
65073,110,117,-7,7
65074,194,175,19,19
65075,92,96,-4,4
65076,97,87,10,10
65077,116,117,-1,1
65078,61,56,5,5
65079,150,144,6,6
65080,45,43,2,2
65081,99,86,13,13
65082,79,73,6,6
65083,118,121,-3,3
65084,74,72,2,2
65085,108,104,4,4
65086,85,81,4,4
65087,89,78,11,11
65088,107,108,-1,1
65089,165,169,-4,4
65090,84,80,4,4
65091,132,122,10,10
65092,90,83,7,7
65093,144,118,26,26
65094,87,90,-3,3
65095,103,86,17,17
65096,98,102,-4,4
65097,88,84,4,4
65098,125,119,6,6
65099,112,101,11,11
65100,51,60,-9,9
65101,105,108,-3,3
65102,149,127,22,22
65103,109,105,4,4
65104,74,76,-2,2
65105,83,81,2,2
65106,85,84,1,1
65107,75,69,6,6
65108,78,82,-4,4
65109,67,68,-1,1
65110,48,49,-1,1
65111,109,87,22,22
65112,92,85,7,7
65113,90,90,0,0
65114,90,84,6,6
65115,98,96,2,2
65116,76,74,2,2
65117,83,86,-3,3
65118,148,149,-1,1
65119,99,92,7,7
65120,68,68,0,0
65121,79,71,8,8
65122,98,101,-3,3
65123,194,192,2,2
65124,90,82,8,8
65125,70,66,4,4
65126,88,87,1,1
65127,66,69,-3,3
65128,81,69,12,12
65129,122,121,1,1
65130,96,96,0,0
65131,69,72,-3,3
65132,113,98,15,15
65133,61,70,-9,9
65134,101,83,18,18
65135,178,167,11,11
65136,111,105,6,6
65137,81,74,7,7
65138,147,161,-14,14
65139,121,115,6,6
65140,78,71,7,7
65141,86,81,5,5
65142,54,56,-2,2
65143,46,48,-2,2
65144,62,67,-5,5
65145,94,94,0,0
65146,101,101,0,0
65147,60,67,-7,7
65148,72,66,6,6
65149,75,82,-7,7
65150,148,138,10,10
65151,123,116,7,7
65152,81,92,-11,11
65153,126,125,1,1
65154,163,150,13,13
65155,105,103,2,2
65156,85,80,5,5
65157,102,95,7,7
65158,89,84,5,5
65159,123,126,-3,3
65160,62,59,3,3
65161,78,85,-7,7
65162,98,89,9,9
65163,68,68,0,0
65164,99,102,-3,3
65165,112,103,9,9
65166,89,84,5,5
65167,89,93,-4,4
65168,83,77,6,6
65169,119,119,0,0
65170,92,99,-7,7
65171,77,79,-2,2
65172,74,70,4,4
65173,115,133,-18,18
65174,107,102,5,5
65175,98,86,12,12
65176,136,124,12,12
65177,42,49,-7,7
65178,119,119,0,0
65179,119,123,-4,4
65180,109,101,8,8
65181,113,112,1,1
65182,164,161,3,3
65183,86,80,6,6
65184,97,97,0,0
65185,112,116,-4,4
65186,124,120,4,4
65187,84,97,-13,13
65188,77,78,-1,1
65189,87,88,-1,1
65190,52,54,-2,2
65191,112,106,6,6
65192,78,76,2,2
65193,93,91,2,2
65194,115,125,-10,10
65195,76,73,3,3
65196,209,190,19,19
65197,41,54,-13,13
65198,115,107,8,8
65199,155,141,14,14
65200,53,53,0,0
65201,72,73,-1,1
65202,110,88,22,22
65203,91,94,-3,3
65204,99,93,6,6
65205,88,94,-6,6
65206,100,97,3,3
65207,73,83,-10,10
65208,70,68,2,2
65209,126,122,4,4
65210,102,99,3,3
65211,97,87,10,10
65212,60,67,-7,7
65213,44,50,-6,6
65214,62,71,-9,9
65215,52,59,-7,7
65216,128,123,5,5
65217,168,165,3,3
65218,101,101,0,0
65219,106,108,-2,2
65220,191,175,16,16
65221,51,66,-15,15
65222,196,167,29,29
65223,92,96,-4,4
65224,47,46,1,1
65225,115,105,10,10
65226,70,66,4,4
65227,84,90,-6,6
65228,145,139,6,6
65229,102,105,-3,3
65230,31,30,1,1
65231,65,65,0,0
65232,92,87,5,5
65233,77,81,-4,4
65234,90,89,1,1
65235,30,25,5,5
65236,72,80,-8,8
65237,109,111,-2,2
65238,148,147,1,1
65239,81,77,4,4
65240,75,72,3,3
65241,60,63,-3,3
65242,147,138,9,9
65243,95,79,16,16
65244,71,74,-3,3
65245,145,151,-6,6
65246,91,96,-5,5
65247,48,73,-25,25
65248,94,91,3,3
65249,86,99,-13,13
65250,70,71,-1,1
65251,120,120,0,0
65252,117,115,2,2
65253,118,93,25,25
65254,66,67,-1,1
65255,70,66,4,4
65256,51,49,2,2
65257,80,82,-2,2
65258,78,80,-2,2
65259,136,119,17,17
65260,105,104,1,1
65261,94,83,11,11
65262,119,111,8,8
65263,119,120,-1,1
65264,66,64,2,2
65265,133,123,10,10
65266,106,101,5,5
65267,110,98,12,12
65268,109,102,7,7
65269,97,111,-14,14
65270,54,62,-8,8
65271,143,134,9,9
65272,103,106,-3,3
65273,55,55,0,0
65274,72,72,0,0
65275,300,236,64,64
65276,110,107,3,3
65277,120,121,-1,1
65278,114,122,-8,8
65279,65,67,-2,2
65280,51,57,-6,6
65281,107,99,8,8
65282,86,88,-2,2
65283,91,89,2,2
65284,102,93,9,9
65285,72,65,7,7
65286,82,79,3,3
65287,134,125,9,9
65288,133,123,10,10
65289,79,82,-3,3
65290,146,142,4,4
65291,176,160,16,16
65292,117,114,3,3
65293,82,83,-1,1
65294,105,101,4,4
65295,89,94,-5,5
65296,72,77,-5,5
65297,71,64,7,7
65298,117,120,-3,3
65299,140,130,10,10
65300,80,83,-3,3
65301,53,54,-1,1
65302,185,182,3,3
65303,111,101,10,10
65304,92,95,-3,3
65305,91,84,7,7
65306,112,97,15,15
65307,59,60,-1,1
65308,106,99,7,7
65309,53,61,-8,8
65310,132,128,4,4
65311,80,85,-5,5
65312,163,159,4,4
65313,58,68,-10,10
65314,138,125,13,13
65315,173,168,5,5
65316,64,72,-8,8
65317,78,75,3,3
65318,101,104,-3,3
65319,103,99,4,4
65320,87,76,11,11
65321,105,101,4,4
65322,94,87,7,7
65323,89,97,-8,8
65324,63,72,-9,9
65325,92,84,8,8
65326,139,137,2,2
65327,78,79,-1,1
65328,58,79,-21,21
65329,77,80,-3,3
65330,71,103,-32,32
65331,154,155,-1,1
65332,93,88,5,5
65333,61,60,1,1
65334,168,156,12,12
65335,139,127,12,12
65336,78,78,0,0
65337,132,123,9,9
65338,56,53,3,3
65339,78,82,-4,4
65340,86,84,2,2
65341,68,69,-1,1
65342,31,60,-29,29
65343,60,64,-4,4
65344,150,138,12,12
65345,117,111,6,6
65346,104,100,4,4
65347,102,104,-2,2
65348,77,85,-8,8
65349,64,68,-4,4
65350,103,104,-1,1
65351,113,111,2,2
65352,96,97,-1,1
65353,114,92,22,22
65354,126,120,6,6
65355,106,107,-1,1
65356,59,64,-5,5
65357,81,83,-2,2
65358,109,101,8,8
65359,121,128,-7,7
65360,70,69,1,1
65361,148,144,4,4
65362,94,85,9,9
65363,127,125,2,2
65364,117,119,-2,2
65365,104,98,6,6
65366,46,56,-10,10
65367,106,119,-13,13
65368,94,85,9,9
65369,124,112,12,12
65370,62,68,-6,6
65371,62,76,-14,14
65372,74,83,-9,9
65373,53,57,-4,4
65374,40,45,-5,5
65375,70,71,-1,1
65376,60,64,-4,4
65377,45,40,5,5
65378,111,110,1,1
65379,37,53,-16,16
65380,88,100,-12,12
65381,51,104,-53,53
65382,66,69,-3,3
65383,76,72,4,4
65384,91,84,7,7
65385,121,120,1,1
65386,135,125,10,10
65387,87,92,-5,5
65388,99,96,3,3
65389,106,103,3,3
65390,83,84,-1,1
65391,94,83,11,11
65392,76,76,0,0
65393,69,69,0,0
65394,100,111,-11,11
65395,118,116,2,2
65396,66,81,-15,15
65397,89,87,2,2
65398,104,119,-15,15
65399,110,94,16,16
65400,106,100,6,6
65401,118,117,1,1
65402,83,87,-4,4
65403,85,81,4,4
65404,73,85,-12,12
65405,72,66,6,6
65406,61,65,-4,4
65407,59,62,-3,3
65408,114,118,-4,4
65409,68,74,-6,6
65410,179,175,4,4
65411,70,71,-1,1
65412,91,84,7,7
65413,114,108,6,6
65414,108,103,5,5
65415,79,80,-1,1
65416,79,76,3,3
65417,125,124,1,1
65418,117,98,19,19
65419,68,74,-6,6
65420,79,77,2,2
65421,103,113,-10,10
65422,207,184,23,23
65423,63,68,-5,5
65424,117,114,3,3
65425,63,62,1,1
65426,71,69,2,2
65427,74,85,-11,11
65428,55,55,0,0
65429,170,158,12,12
65430,69,69,0,0
65431,51,61,-10,10
65432,55,56,-1,1
65433,73,75,-2,2
65434,89,106,-17,17
65435,173,156,17,17
65436,119,118,1,1
65437,85,89,-4,4
65438,94,94,0,0
65439,104,97,7,7
65440,96,95,1,1
65441,61,68,-7,7
65442,86,85,1,1
65443,95,93,2,2
65444,161,152,9,9
65445,80,78,2,2
65446,112,104,8,8
65447,75,80,-5,5
65448,141,129,12,12
65449,161,159,2,2
65450,99,98,1,1
65451,94,92,2,2
65452,146,131,15,15
65453,72,71,1,1
65454,105,89,16,16
65455,69,70,-1,1
65456,113,106,7,7
65457,132,111,21,21
65458,121,120,1,1
65459,91,93,-2,2
65460,70,66,4,4
65461,96,93,3,3
65462,155,145,10,10
65463,130,136,-6,6
65464,186,162,24,24
65465,96,96,0,0
65466,146,157,-11,11
65467,113,106,7,7
65468,86,86,0,0
65469,104,100,4,4
65470,66,65,1,1
65471,96,86,10,10
65472,88,77,11,11
65473,111,103,8,8
65474,146,131,15,15
65475,86,72,14,14
65476,46,48,-2,2
65477,72,73,-1,1
65478,170,154,16,16
65479,35,35,0,0
65480,90,87,3,3
65481,143,143,0,0
65482,157,148,9,9
65483,62,70,-8,8
65484,65,62,3,3
65485,75,72,3,3
65486,89,86,3,3
65487,82,74,8,8
65488,80,83,-3,3
65489,56,54,2,2
65490,76,73,3,3
65491,113,111,2,2
65492,104,111,-7,7
65493,99,91,8,8
65494,62,65,-3,3
65495,140,144,-4,4
65496,76,79,-3,3
65497,114,109,5,5
65498,108,112,-4,4
65499,81,72,9,9
65500,63,64,-1,1
65501,125,120,5,5
65502,70,59,11,11
65503,90,89,1,1
65504,37,45,-8,8
65505,92,104,-12,12
65506,96,102,-6,6
65507,85,83,2,2
65508,106,107,-1,1
65509,86,79,7,7
65510,101,86,15,15
65511,101,99,2,2
65512,100,102,-2,2
65513,105,96,9,9
65514,71,76,-5,5
65515,58,56,2,2
65516,179,168,11,11
65517,106,104,2,2
65518,89,90,-1,1
65519,84,79,5,5
65520,113,105,8,8
65521,129,123,6,6
65522,87,95,-8,8
65523,122,123,-1,1
65524,109,108,1,1
65525,78,83,-5,5
65526,96,93,3,3
65527,176,147,29,29
65528,114,109,5,5
65529,89,75,14,14
65530,115,102,13,13
65531,73,65,8,8
65532,68,72,-4,4
65533,148,141,7,7
65534,70,70,0,0
65535,108,101,7,7
65536,60,59,1,1
65537,98,83,15,15
65538,47,48,-1,1
65539,84,87,-3,3
65540,60,55,5,5
65541,119,123,-4,4
65542,66,71,-5,5
65543,115,114,1,1
65544,172,152,20,20
65545,105,96,9,9
65546,83,78,5,5
65547,75,70,5,5
65548,48,48,0,0
65549,100,99,1,1
65550,59,63,-4,4
65551,67,65,2,2
65552,103,109,-6,6
65553,48,49,-1,1
65554,108,116,-8,8
65555,77,63,14,14
65556,126,121,5,5
65557,82,104,-22,22
65558,38,53,-15,15
65559,99,90,9,9
65560,56,63,-7,7
65561,131,109,22,22
65562,96,83,13,13
65563,83,83,0,0
65564,120,110,10,10
65565,102,94,8,8
65566,93,93,0,0
65567,127,122,5,5
65568,67,58,9,9
65569,98,91,7,7
65570,77,69,8,8
65571,84,76,8,8
65572,96,89,7,7
65573,118,112,6,6
65574,84,81,3,3
65575,70,86,-16,16
65576,100,100,0,0
65577,118,110,8,8
65578,54,58,-4,4
65579,170,159,11,11
65580,91,98,-7,7
65581,86,80,6,6
65582,82,83,-1,1
65583,123,122,1,1
65584,94,91,3,3
65585,86,72,14,14
65586,142,147,-5,5
65587,132,118,14,14
65588,140,131,9,9
65589,177,155,22,22
65590,54,64,-10,10
65591,51,57,-6,6
65592,130,121,9,9
65593,71,73,-2,2
65594,61,59,2,2
65595,93,87,6,6
65596,93,100,-7,7
65597,83,75,8,8
65598,104,92,12,12
65599,93,94,-1,1
65600,88,82,6,6
65601,89,89,0,0
65602,154,152,2,2
65603,53,54,-1,1
65604,85,82,3,3
65605,89,96,-7,7
65606,107,107,0,0
65607,102,100,2,2
65608,88,95,-7,7
65609,35,38,-3,3
65610,118,110,8,8
65611,63,63,0,0
65612,56,65,-9,9
65613,41,42,-1,1
65614,108,109,-1,1
65615,137,135,2,2
65616,70,65,5,5
65617,131,143,-12,12
65618,83,75,8,8
65619,87,82,5,5
65620,87,93,-6,6
65621,134,128,6,6
65622,108,88,20,20
65623,73,78,-5,5
65624,110,103,7,7
65625,100,79,21,21
65626,57,79,-22,22
65627,101,98,3,3
65628,124,117,7,7
65629,100,100,0,0
65630,116,121,-5,5
65631,124,107,17,17
65632,119,124,-5,5
65633,95,106,-11,11
65634,131,119,12,12
65635,46,49,-3,3
65636,119,109,10,10
65637,86,79,7,7
65638,148,146,2,2
65639,63,65,-2,2
65640,84,78,6,6
65641,88,83,5,5
65642,125,114,11,11
65643,180,159,21,21
65644,92,95,-3,3
65645,73,76,-3,3
65646,54,58,-4,4
65647,125,128,-3,3
65648,158,151,7,7
65649,115,110,5,5
65650,176,172,4,4
65651,71,86,-15,15
65652,109,117,-8,8
65653,115,108,7,7
65654,135,129,6,6
65655,75,75,0,0
65656,71,74,-3,3
65657,74,82,-8,8
65658,123,132,-9,9
65659,85,84,1,1
65660,124,120,4,4
65661,51,51,0,0
65662,53,62,-9,9
65663,97,102,-5,5
65664,92,91,1,1
65665,122,121,1,1
65666,183,167,16,16
65667,94,102,-8,8
65668,151,138,13,13
65669,65,68,-3,3
65670,146,141,5,5
65671,68,76,-8,8
65672,186,146,40,40
65673,121,107,14,14
65674,77,77,0,0
65675,99,106,-7,7
65676,102,103,-1,1
65677,80,78,2,2
65678,123,120,3,3
65679,90,94,-4,4
65680,96,97,-1,1
65681,119,99,20,20
65682,136,132,4,4
65683,84,75,9,9
65684,135,134,1,1
65685,84,104,-20,20
65686,56,56,0,0
65687,81,82,-1,1
65688,69,62,7,7
65689,89,74,15,15
65690,105,100,5,5
65691,113,112,1,1
65692,79,76,3,3
65693,167,150,17,17
65694,85,77,8,8
65695,80,80,0,0
65696,72,75,-3,3
65697,129,127,2,2
65698,155,135,20,20
65699,53,56,-3,3
65700,48,50,-2,2
65701,45,38,7,7
65702,55,57,-2,2
65703,99,100,-1,1
65704,91,88,3,3
65705,75,68,7,7
65706,84,81,3,3
65707,38,45,-7,7
65708,41,49,-8,8
65709,86,85,1,1
65710,76,71,5,5
65711,53,59,-6,6
65712,63,67,-4,4
65713,79,74,5,5
65714,145,135,10,10
65715,97,98,-1,1
65716,120,117,3,3
65717,74,76,-2,2
65718,96,94,2,2
65719,101,91,10,10
65720,94,101,-7,7
65721,92,82,10,10
65722,83,72,11,11
65723,122,105,17,17
65724,57,58,-1,1
65725,56,62,-6,6
65726,123,122,1,1
65727,104,103,1,1
65728,147,136,11,11
65729,190,193,-3,3
65730,120,112,8,8
65731,173,162,11,11
65732,52,49,3,3
65733,134,126,8,8
65734,110,102,8,8
65735,84,78,6,6
65736,92,92,0,0
65737,112,102,10,10
65738,60,63,-3,3
65739,76,75,1,1
65740,159,144,15,15
65741,61,70,-9,9
65742,141,132,9,9
65743,107,105,2,2
65744,103,90,13,13
65745,129,130,-1,1
65746,61,61,0,0
65747,77,71,6,6
65748,84,84,0,0
65749,78,77,1,1
65750,47,46,1,1
65751,140,129,11,11
65752,56,51,5,5
65753,154,141,13,13
65754,77,84,-7,7
65755,85,72,13,13
65756,104,116,-12,12
65757,70,85,-15,15
65758,71,74,-3,3
65759,63,64,-1,1
65760,84,80,4,4
65761,110,97,13,13
65762,88,89,-1,1
65763,74,77,-3,3
65764,72,85,-13,13
65765,46,48,-2,2
65766,94,91,3,3
65767,93,100,-7,7
65768,63,65,-2,2
65769,100,98,2,2
65770,71,72,-1,1
65771,113,114,-1,1
65772,88,82,6,6
65773,83,70,13,13
65774,76,86,-10,10
65775,83,73,10,10
65776,153,130,23,23
65777,134,134,0,0
65778,91,87,4,4
65779,56,57,-1,1
65780,89,89,0,0
65781,51,55,-4,4
65782,121,117,4,4
65783,107,105,2,2
65784,97,146,-49,49
65785,79,76,3,3
65786,115,106,9,9
65787,60,65,-5,5
65788,105,101,4,4
65789,65,70,-5,5
65790,57,60,-3,3
65791,169,155,14,14
65792,92,88,4,4
65793,104,118,-14,14
65794,68,66,2,2
65795,72,69,3,3
65796,92,89,3,3
65797,124,119,5,5
65798,85,88,-3,3
65799,123,120,3,3
65800,112,104,8,8
65801,138,144,-6,6
65802,205,192,13,13
65803,88,85,3,3
65804,82,81,1,1
65805,77,79,-2,2
65806,68,68,0,0
65807,125,119,6,6
65808,87,82,5,5
65809,112,116,-4,4
65810,66,76,-10,10
65811,132,120,12,12
65812,136,119,17,17
65813,232,212,20,20
65814,63,69,-6,6
65815,77,82,-5,5
65816,121,118,3,3
65817,161,151,10,10
65818,200,159,41,41
65819,65,65,0,0
65820,104,91,13,13
65821,129,114,15,15
65822,129,138,-9,9
65823,123,116,7,7
65824,72,78,-6,6
65825,59,62,-3,3
65826,94,104,-10,10
65827,102,113,-11,11
65828,74,72,2,2
65829,64,67,-3,3
65830,48,53,-5,5
65831,80,80,0,0
65832,112,100,12,12
65833,67,122,-55,55
65834,79,84,-5,5
65835,79,80,-1,1
65836,51,55,-4,4
65837,213,194,19,19
65838,116,119,-3,3
65839,82,84,-2,2
65840,88,87,1,1
65841,154,161,-7,7
65842,93,85,8,8
65843,115,115,0,0
65844,58,55,3,3
65845,89,97,-8,8
65846,69,69,0,0
65847,124,115,9,9
65848,87,82,5,5
65849,114,116,-2,2
65850,75,79,-4,4
65851,46,67,-21,21
65852,54,59,-5,5
65853,63,60,3,3
65854,54,54,0,0
65855,70,67,3,3
65856,98,89,9,9
65857,74,75,-1,1
65858,76,73,3,3
65859,80,75,5,5
65860,73,129,-56,56
65861,108,106,2,2
65862,100,97,3,3
65863,64,59,5,5
65864,101,102,-1,1
65865,75,73,2,2
65866,66,72,-6,6
65867,142,132,10,10
65868,47,47,0,0
65869,71,66,5,5
65870,26,25,1,1
65871,53,61,-8,8
65872,133,132,1,1
65873,96,94,2,2
65874,91,102,-11,11
65875,83,76,7,7
65876,103,104,-1,1
65877,89,79,10,10
65878,90,91,-1,1
65879,95,103,-8,8
65880,32,32,0,0
65881,72,75,-3,3
65882,99,82,17,17
65883,115,113,2,2
65884,86,93,-7,7
65885,93,103,-10,10
65886,129,118,11,11
65887,92,88,4,4
65888,114,115,-1,1
65889,84,83,1,1
65890,93,88,5,5
65891,89,103,-14,14
65892,59,62,-3,3
65893,63,65,-2,2
65894,59,62,-3,3
65895,115,114,1,1
65896,144,121,23,23
65897,76,79,-3,3
65898,112,107,5,5
65899,118,128,-10,10
65900,80,83,-3,3
65901,106,102,4,4
65902,92,98,-6,6
65903,65,69,-4,4
65904,130,136,-6,6
65905,108,102,6,6
65906,44,60,-16,16
65907,101,103,-2,2
65908,72,75,-3,3
65909,67,68,-1,1
65910,73,75,-2,2
65911,184,172,12,12
65912,83,79,4,4
65913,77,76,1,1
65914,113,106,7,7
65915,46,43,3,3
65916,101,108,-7,7
65917,92,91,1,1
65918,122,114,8,8
65919,67,65,2,2
65920,134,124,10,10
65921,82,81,1,1
65922,142,144,-2,2
65923,101,87,14,14
65924,119,125,-6,6
65925,44,46,-2,2
65926,105,105,0,0
65927,99,103,-4,4
65928,127,121,6,6
65929,76,74,2,2
65930,107,93,14,14
65931,104,111,-7,7
65932,104,95,9,9
65933,100,99,1,1
65934,106,98,8,8
65935,66,63,3,3
65936,154,136,18,18
65937,124,126,-2,2
65938,118,116,2,2
65939,79,78,1,1
65940,76,76,0,0
65941,89,84,5,5
65942,67,71,-4,4
65943,104,104,0,0
65944,108,93,15,15
65945,76,75,1,1
65946,47,53,-6,6
65947,98,103,-5,5
65948,137,142,-5,5
65949,111,104,7,7
65950,62,61,1,1
65951,37,37,0,0
65952,69,66,3,3
65953,115,122,-7,7
65954,98,100,-2,2
65955,62,66,-4,4
65956,94,89,5,5
65957,46,70,-24,24
65958,97,86,11,11
65959,108,98,10,10
65960,124,122,2,2
65961,74,86,-12,12
65962,113,110,3,3
65963,96,100,-4,4
65964,135,128,7,7
65965,81,85,-4,4
65966,101,98,3,3
65967,109,114,-5,5
65968,121,117,4,4
65969,62,55,7,7
65970,105,111,-6,6
65971,105,92,13,13
65972,96,84,12,12
65973,90,72,18,18
65974,81,75,6,6
65975,137,127,10,10
65976,86,78,8,8
65977,86,86,0,0
65978,105,109,-4,4
65979,120,114,6,6
65980,70,67,3,3
65981,90,86,4,4
65982,90,85,5,5
65983,79,77,2,2
65984,62,65,-3,3
65985,56,64,-8,8
65986,62,62,0,0
65987,123,109,14,14
65988,108,111,-3,3
65989,73,77,-4,4
65990,92,83,9,9
65991,97,88,9,9
65992,94,84,10,10
65993,119,121,-2,2
65994,125,124,1,1
65995,252,224,28,28
65996,124,126,-2,2
65997,76,83,-7,7
65998,120,118,2,2
65999,83,81,2,2
66000,82,82,0,0
66001,93,94,-1,1
66002,56,62,-6,6
66003,78,88,-10,10
66004,121,149,-28,28
66005,100,90,10,10
66006,91,83,8,8
66007,66,66,0,0
66008,62,62,0,0
66009,72,71,1,1
66010,77,80,-3,3
66011,93,87,6,6
66012,176,160,16,16
66013,55,59,-4,4
66014,75,79,-4,4
66015,60,61,-1,1
66016,143,131,12,12
66017,117,120,-3,3
66018,36,49,-13,13
66019,45,46,-1,1
66020,96,94,2,2
66021,81,86,-5,5
66022,106,99,7,7
66023,83,87,-4,4
66024,105,98,7,7
66025,80,83,-3,3
66026,43,41,2,2
66027,103,104,-1,1
66028,134,124,10,10
66029,53,56,-3,3
66030,115,105,10,10
66031,157,136,21,21
66032,67,75,-8,8
66033,104,118,-14,14
66034,148,150,-2,2
66035,116,106,10,10
66036,100,93,7,7
66037,63,68,-5,5
66038,71,78,-7,7
66039,71,67,4,4
66040,67,76,-9,9
66041,105,111,-6,6
66042,102,98,4,4
66043,53,55,-2,2
66044,71,73,-2,2
66045,115,123,-8,8
66046,105,99,6,6
66047,62,79,-17,17
66048,119,115,4,4
66049,151,139,12,12
66050,55,66,-11,11
66051,76,79,-3,3
66052,37,39,-2,2
66053,126,100,26,26
66054,116,90,26,26
66055,119,117,2,2
66056,86,80,6,6
66057,64,72,-8,8
66058,53,62,-9,9
66059,108,99,9,9
66060,118,111,7,7
66061,126,125,1,1
66062,71,69,2,2
66063,99,101,-2,2
66064,49,56,-7,7
66065,87,87,0,0
66066,75,72,3,3
66067,89,89,0,0
66068,94,85,9,9
66069,100,89,11,11
66070,80,71,9,9
66071,78,77,1,1
66072,65,72,-7,7
66073,104,97,7,7
66074,111,116,-5,5
66075,182,153,29,29
66076,69,70,-1,1
66077,67,68,-1,1
66078,99,116,-17,17
66079,82,73,9,9
66080,99,85,14,14
66081,66,66,0,0
66082,162,154,8,8
66083,142,127,15,15
66084,84,84,0,0
66085,70,83,-13,13
66086,106,102,4,4
66087,57,63,-6,6
66088,89,80,9,9
66089,119,111,8,8
66090,90,82,8,8
66091,59,68,-9,9
66092,80,78,2,2
66093,113,106,7,7
66094,47,50,-3,3
66095,72,74,-2,2
66096,178,185,-7,7
66097,76,85,-9,9
66098,96,101,-5,5
66099,83,81,2,2
66100,63,68,-5,5
66101,144,140,4,4
66102,42,56,-14,14
66103,52,47,5,5
66104,125,111,14,14
66105,63,66,-3,3
66106,69,59,10,10
66107,78,72,6,6
66108,63,78,-15,15
66109,80,84,-4,4
66110,101,100,1,1
66111,187,155,32,32
66112,163,146,17,17
66113,109,114,-5,5
66114,101,113,-12,12
66115,86,85,1,1
66116,72,83,-11,11
66117,142,165,-23,23
66118,99,84,15,15
66119,64,69,-5,5
66120,79,78,1,1
66121,85,69,16,16
66122,107,85,22,22
66123,97,91,6,6
66124,116,112,4,4
66125,67,69,-2,2
66126,89,100,-11,11
66127,122,111,11,11
66128,140,137,3,3
66129,62,60,2,2
66130,119,130,-11,11
66131,117,109,8,8
66132,104,116,-12,12
66133,47,53,-6,6
66134,73,74,-1,1
66135,159,132,27,27
66136,101,102,-1,1
66137,77,67,10,10
66138,58,53,5,5
66139,78,79,-1,1
66140,97,88,9,9
66141,76,73,3,3
66142,88,85,3,3
66143,64,64,0,0
66144,81,92,-11,11
66145,69,69,0,0
66146,115,130,-15,15
66147,65,85,-20,20
66148,76,67,9,9
66149,58,63,-5,5
66150,33,33,0,0
66151,133,128,5,5
66152,45,67,-22,22
66153,123,122,1,1
66154,100,97,3,3
66155,82,82,0,0
66156,83,83,0,0
66157,117,104,13,13
66158,74,71,3,3
66159,103,103,0,0
66160,72,74,-2,2
66161,142,126,16,16
66162,121,108,13,13
66163,82,78,4,4
66164,80,75,5,5
66165,100,102,-2,2
66166,164,161,3,3
66167,95,86,9,9
66168,57,64,-7,7
66169,81,72,9,9
66170,39,39,0,0
66171,123,117,6,6
66172,127,121,6,6
66173,82,79,3,3
66174,105,102,3,3
66175,72,70,2,2
66176,37,40,-3,3
66177,85,84,1,1
66178,152,141,11,11
66179,80,73,7,7
66180,55,59,-4,4
66181,76,87,-11,11
66182,21,41,-20,20
66183,220,201,19,19
66184,159,139,20,20
66185,90,90,0,0
66186,148,146,2,2
66187,102,98,4,4
66188,83,79,4,4
66189,80,91,-11,11
66190,100,87,13,13
66191,111,98,13,13
66192,79,81,-2,2
66193,82,78,4,4
66194,82,78,4,4
66195,197,188,9,9
66196,188,167,21,21
66197,177,179,-2,2
66198,76,75,1,1
66199,157,172,-15,15
66200,49,56,-7,7
66201,44,47,-3,3
66202,66,71,-5,5
66203,156,141,15,15
66204,111,122,-11,11
66205,69,78,-9,9
66206,188,179,9,9
66207,126,108,18,18
66208,73,69,4,4
66209,111,100,11,11
66210,94,83,11,11
66211,57,59,-2,2
66212,132,121,11,11
66213,164,158,6,6
66214,55,61,-6,6
66215,139,127,12,12
66216,77,70,7,7
66217,43,51,-8,8
66218,96,86,10,10
66219,88,84,4,4
66220,74,73,1,1
66221,81,80,1,1
66222,84,82,2,2
66223,100,96,4,4
66224,108,93,15,15
66225,44,60,-16,16
66226,77,82,-5,5
66227,79,80,-1,1
66228,111,111,0,0
66229,86,83,3,3
66230,61,60,1,1
66231,85,81,4,4
66232,45,58,-13,13
66233,81,73,8,8
66234,159,145,14,14
66235,80,76,4,4
66236,94,83,11,11
66237,89,86,3,3
66238,96,90,6,6
66239,95,82,13,13
66240,127,111,16,16
66241,71,65,6,6
66242,68,67,1,1
66243,80,84,-4,4
66244,122,115,7,7
66245,136,130,6,6
66246,95,92,3,3
66247,89,84,5,5
66248,88,89,-1,1
66249,44,44,0,0
66250,121,112,9,9
66251,47,45,2,2
66252,72,70,2,2
66253,72,73,-1,1
66254,145,156,-11,11
66255,77,78,-1,1
66256,129,139,-10,10
66257,65,70,-5,5
66258,121,113,8,8
66259,92,86,6,6
66260,100,103,-3,3
66261,36,41,-5,5
66262,122,117,5,5
66263,112,97,15,15
66264,76,69,7,7
66265,112,122,-10,10
66266,75,79,-4,4
66267,81,79,2,2
66268,102,88,14,14
66269,43,64,-21,21
66270,92,92,0,0
66271,118,101,17,17
66272,73,73,0,0
66273,179,181,-2,2
66274,63,70,-7,7
66275,128,132,-4,4
66276,161,161,0,0
66277,178,153,25,25
66278,90,84,6,6
66279,74,77,-3,3
66280,74,76,-2,2
66281,95,98,-3,3
66282,98,98,0,0
66283,94,87,7,7
66284,115,119,-4,4
66285,131,133,-2,2
66286,99,81,18,18
66287,87,83,4,4
66288,74,76,-2,2
66289,56,61,-5,5
66290,58,63,-5,5
66291,77,81,-4,4
66292,122,107,15,15
66293,70,75,-5,5
66294,40,53,-13,13
66295,106,108,-2,2
66296,100,102,-2,2
66297,73,76,-3,3
66298,72,66,6,6
66299,99,101,-2,2
66300,135,135,0,0
66301,184,162,22,22
66302,50,70,-20,20
66303,77,75,2,2
66304,48,52,-4,4
66305,76,70,6,6
66306,87,93,-6,6
66307,137,125,12,12
66308,110,116,-6,6
66309,84,85,-1,1
66310,74,79,-5,5
66311,83,76,7,7
66312,76,74,2,2
66313,107,133,-26,26
66314,78,70,8,8
66315,87,80,7,7
66316,64,68,-4,4
66317,60,64,-4,4
66318,94,98,-4,4
66319,80,75,5,5
66320,50,46,4,4
66321,54,53,1,1
66322,65,65,0,0
66323,101,110,-9,9
66324,89,83,6,6
66325,127,124,3,3
66326,59,69,-10,10
66327,90,96,-6,6
66328,77,79,-2,2
66329,100,107,-7,7
66330,103,101,2,2
66331,33,54,-21,21
66332,61,61,0,0
66333,63,78,-15,15
66334,47,51,-4,4
66335,51,50,1,1
66336,141,140,1,1
66337,74,73,1,1
66338,74,76,-2,2
66339,85,81,4,4
66340,149,134,15,15
66341,90,95,-5,5
66342,79,84,-5,5
66343,93,103,-10,10
66344,79,76,3,3
66345,146,148,-2,2
66346,81,80,1,1
66347,83,104,-21,21
66348,196,181,15,15
66349,114,102,12,12
66350,102,97,5,5
66351,140,131,9,9
66352,46,43,3,3
66353,189,176,13,13
66354,102,102,0,0
66355,96,86,10,10
66356,73,83,-10,10
66357,131,138,-7,7
66358,143,127,16,16
66359,94,100,-6,6
66360,95,95,0,0
66361,131,121,10,10
66362,138,127,11,11
66363,55,64,-9,9
66364,40,38,2,2
66365,97,87,10,10
66366,70,76,-6,6
66367,95,89,6,6
66368,86,77,9,9
66369,107,100,7,7
66370,45,54,-9,9
66371,107,105,2,2
66372,77,71,6,6
66373,75,72,3,3
66374,85,82,3,3
66375,81,84,-3,3
66376,100,97,3,3
66377,65,75,-10,10
66378,57,61,-4,4
66379,61,55,6,6
66380,79,82,-3,3
66381,104,103,1,1
66382,106,104,2,2
66383,55,56,-1,1
66384,100,93,7,7
66385,89,87,2,2
66386,73,71,2,2
66387,77,81,-4,4
66388,59,59,0,0
66389,71,73,-2,2
66390,52,65,-13,13
66391,58,57,1,1
66392,72,68,4,4
66393,90,82,8,8
66394,57,62,-5,5
66395,82,98,-16,16
66396,92,86,6,6
66397,88,76,12,12
66398,49,56,-7,7
66399,91,82,9,9
66400,171,157,14,14
66401,75,87,-12,12
66402,82,79,3,3
66403,74,70,4,4
66404,116,115,1,1
66405,95,81,14,14
66406,116,103,13,13
66407,74,101,-27,27
66408,100,98,2,2
66409,81,86,-5,5
66410,141,154,-13,13
66411,113,104,9,9
66412,100,91,9,9
66413,80,73,7,7
66414,96,86,10,10
66415,83,82,1,1
66416,68,76,-8,8
66417,66,64,2,2
66418,73,75,-2,2
66419,169,166,3,3
66420,119,102,17,17
66421,82,92,-10,10
66422,85,82,3,3
66423,92,105,-13,13
66424,92,89,3,3
66425,164,154,10,10
66426,131,130,1,1
66427,106,123,-17,17
66428,72,70,2,2
66429,54,58,-4,4
66430,75,77,-2,2
66431,62,65,-3,3
66432,89,80,9,9
66433,63,59,4,4
66434,87,81,6,6
66435,136,122,14,14
66436,79,76,3,3
66437,86,86,0,0
66438,71,75,-4,4
66439,68,66,2,2
66440,127,122,5,5
66441,78,82,-4,4
66442,43,45,-2,2
66443,82,78,4,4
66444,61,68,-7,7
66445,91,100,-9,9
66446,78,79,-1,1
66447,121,118,3,3
66448,83,82,1,1
66449,169,173,-4,4
66450,56,62,-6,6
66451,78,63,15,15
66452,73,77,-4,4
66453,66,70,-4,4
66454,67,61,6,6
66455,69,59,10,10
66456,96,95,1,1
66457,118,107,11,11
66458,67,71,-4,4
66459,58,63,-5,5
66460,77,65,12,12
66461,164,148,16,16
66462,57,63,-6,6
66463,98,98,0,0
66464,97,88,9,9
66465,58,62,-4,4
66466,107,107,0,0
66467,70,74,-4,4
66468,121,119,2,2
66469,144,129,15,15
66470,157,152,5,5
66471,113,111,2,2
66472,66,66,0,0
66473,47,76,-29,29
66474,106,96,10,10
66475,77,76,1,1
66476,180,179,1,1
66477,55,56,-1,1
66478,57,70,-13,13
66479,104,102,2,2
66480,120,116,4,4
66481,124,113,11,11
66482,157,162,-5,5
66483,185,181,4,4
66484,63,64,-1,1
66485,158,138,20,20
66486,161,164,-3,3
66487,61,67,-6,6
66488,104,104,0,0
66489,65,64,1,1
66490,174,167,7,7
66491,52,59,-7,7
66492,118,106,12,12
66493,89,85,4,4
66494,88,84,4,4
66495,88,86,2,2
66496,62,69,-7,7
66497,67,67,0,0
66498,118,112,6,6
66499,113,119,-6,6
66500,99,104,-5,5
66501,68,69,-1,1
66502,50,45,5,5
66503,123,125,-2,2
66504,97,96,1,1
66505,93,108,-15,15
66506,132,107,25,25
66507,70,74,-4,4
66508,65,61,4,4
66509,80,94,-14,14
66510,79,76,3,3
66511,96,98,-2,2
66512,69,77,-8,8
66513,142,137,5,5
66514,126,123,3,3
66515,88,109,-21,21
66516,57,56,1,1
66517,68,64,4,4
66518,97,104,-7,7
66519,128,127,1,1
66520,129,136,-7,7
66521,92,86,6,6
66522,146,126,20,20
66523,83,82,1,1
66524,92,82,10,10
66525,207,180,27,27
66526,40,53,-13,13
66527,92,99,-7,7
66528,95,106,-11,11
66529,107,101,6,6
66530,51,57,-6,6
66531,210,186,24,24
66532,73,72,1,1
66533,103,95,8,8
66534,120,118,2,2
66535,132,114,18,18
66536,112,105,7,7
66537,86,82,4,4
66538,195,189,6,6
66539,69,70,-1,1
66540,91,87,4,4
66541,57,74,-17,17
66542,112,106,6,6
66543,72,80,-8,8
66544,90,82,8,8
66545,99,97,2,2
66546,46,45,1,1
66547,51,56,-5,5
66548,107,104,3,3
66549,156,154,2,2
66550,61,64,-3,3
66551,88,81,7,7
66552,107,100,7,7
66553,121,109,12,12
66554,89,79,10,10
66555,99,103,-4,4
66556,87,89,-2,2
66557,46,55,-9,9
66558,152,153,-1,1
66559,67,68,-1,1
66560,164,163,1,1
66561,68,71,-3,3
66562,94,91,3,3
66563,60,66,-6,6
66564,205,181,24,24
66565,92,86,6,6
66566,95,86,9,9
66567,67,61,6,6
66568,55,60,-5,5
66569,151,135,16,16
66570,160,149,11,11
66571,29,34,-5,5
66572,108,104,4,4
66573,112,122,-10,10
66574,109,157,-48,48
66575,86,78,8,8
66576,75,78,-3,3
66577,60,66,-6,6
66578,64,70,-6,6
66579,64,83,-19,19
66580,110,115,-5,5
66581,81,85,-4,4
66582,79,77,2,2
66583,124,111,13,13
66584,94,96,-2,2
66585,73,88,-15,15
66586,111,103,8,8
66587,107,102,5,5
66588,71,68,3,3
66589,125,123,2,2
66590,123,108,15,15
66591,63,63,0,0
66592,98,98,0,0
66593,101,91,10,10
66594,129,126,3,3
66595,96,94,2,2
66596,58,59,-1,1
66597,162,160,2,2
66598,48,49,-1,1
66599,151,141,10,10
66600,67,66,1,1
66601,122,115,7,7
66602,100,103,-3,3
66603,135,142,-7,7
66604,213,180,33,33
66605,129,137,-8,8
66606,61,68,-7,7
66607,70,75,-5,5
66608,88,86,2,2
66609,75,74,1,1
66610,159,157,2,2
66611,100,105,-5,5
66612,75,70,5,5
66613,120,134,-14,14
66614,70,71,-1,1
66615,129,117,12,12
66616,124,100,24,24
66617,105,100,5,5
66618,60,57,3,3
66619,76,68,8,8
66620,64,75,-11,11
66621,145,135,10,10
66622,95,108,-13,13
66623,104,109,-5,5
66624,148,136,12,12
66625,126,125,1,1
66626,142,133,9,9
66627,67,69,-2,2
66628,96,102,-6,6
66629,114,108,6,6
66630,47,58,-11,11
66631,125,129,-4,4
66632,66,72,-6,6
66633,203,217,-14,14
66634,58,65,-7,7
66635,114,107,7,7
66636,100,122,-22,22
66637,92,98,-6,6
66638,114,121,-7,7
66639,67,70,-3,3
66640,56,54,2,2
66641,78,76,2,2
66642,62,63,-1,1
66643,77,86,-9,9
66644,104,97,7,7
66645,37,39,-2,2
66646,94,89,5,5
66647,108,95,13,13
66648,42,43,-1,1
66649,106,103,3,3
66650,74,74,0,0
66651,116,101,15,15
66652,77,66,11,11
66653,123,128,-5,5
66654,89,93,-4,4
66655,74,71,3,3
66656,118,116,2,2
66657,73,76,-3,3
66658,69,85,-16,16
66659,79,77,2,2
66660,58,67,-9,9
66661,172,145,27,27
66662,118,107,11,11
66663,140,129,11,11
66664,124,124,0,0
66665,111,100,11,11
66666,88,100,-12,12
66667,90,116,-26,26
66668,59,54,5,5
66669,139,138,1,1
66670,125,127,-2,2
66671,64,66,-2,2
66672,147,133,14,14
66673,50,56,-6,6
66674,81,80,1,1
66675,105,100,5,5
66676,63,68,-5,5
66677,87,93,-6,6
66678,90,85,5,5
66679,47,47,0,0
66680,134,126,8,8
66681,61,62,-1,1
66682,73,90,-17,17
66683,73,70,3,3
66684,78,80,-2,2
66685,134,121,13,13
66686,51,48,3,3
66687,108,107,1,1
66688,96,90,6,6
66689,54,76,-22,22
66690,122,120,2,2
66691,129,126,3,3
66692,86,75,11,11
66693,114,112,2,2
66694,70,72,-2,2
66695,79,80,-1,1
66696,56,61,-5,5
66697,66,68,-2,2
66698,89,82,7,7
66699,106,100,6,6
66700,77,79,-2,2
66701,82,80,2,2
66702,63,81,-18,18
66703,87,86,1,1
66704,119,126,-7,7
66705,146,133,13,13
66706,71,64,7,7
66707,70,79,-9,9
66708,82,82,0,0
66709,72,74,-2,2
66710,91,91,0,0
66711,57,71,-14,14
66712,68,68,0,0
66713,92,86,6,6
66714,71,75,-4,4
66715,100,93,7,7
66716,106,96,10,10
66717,64,58,6,6
66718,58,66,-8,8
66719,74,72,2,2
66720,104,114,-10,10
66721,133,123,10,10
66722,59,58,1,1
66723,77,76,1,1
66724,90,84,6,6
66725,116,94,22,22
66726,94,87,7,7
66727,102,103,-1,1
66728,130,124,6,6
66729,115,116,-1,1
66730,79,74,5,5
66731,151,137,14,14
66732,88,98,-10,10
66733,188,171,17,17
66734,91,91,0,0
66735,81,75,6,6
66736,74,78,-4,4
66737,80,79,1,1
66738,125,116,9,9
66739,140,134,6,6
66740,60,65,-5,5
66741,45,53,-8,8
66742,65,72,-7,7
66743,120,119,1,1
66744,105,106,-1,1
66745,136,139,-3,3
66746,31,62,-31,31
66747,77,79,-2,2
66748,79,86,-7,7
66749,96,97,-1,1
66750,40,60,-20,20
66751,54,56,-2,2
66752,94,83,11,11
66753,83,104,-21,21
66754,54,57,-3,3
66755,92,89,3,3
66756,146,127,19,19
66757,172,161,11,11
66758,62,62,0,0
66759,155,152,3,3
66760,111,102,9,9
66761,99,92,7,7
66762,126,111,15,15
66763,55,55,0,0
66764,202,193,9,9
66765,60,63,-3,3
66766,97,94,3,3
66767,111,102,9,9
66768,114,112,2,2
66769,81,73,8,8
66770,35,52,-17,17
66771,88,85,3,3
66772,62,65,-3,3
66773,84,84,0,0
66774,96,83,13,13
66775,105,103,2,2
66776,67,70,-3,3
66777,68,74,-6,6
66778,75,74,1,1
66779,64,69,-5,5
66780,165,142,23,23
66781,92,124,-32,32
66782,136,117,19,19
66783,93,91,2,2
66784,58,54,4,4
66785,72,75,-3,3
66786,87,87,0,0
66787,53,62,-9,9
66788,138,131,7,7
66789,98,103,-5,5
66790,81,80,1,1
66791,82,83,-1,1
66792,140,140,0,0
66793,92,88,4,4
66794,116,115,1,1
66795,169,159,10,10
66796,76,80,-4,4
66797,70,70,0,0
66798,206,183,23,23
66799,118,110,8,8
66800,82,84,-2,2
66801,143,140,3,3
66802,113,103,10,10
66803,82,80,2,2
66804,72,72,0,0
66805,53,52,1,1
66806,38,53,-15,15
66807,102,98,4,4
66808,98,100,-2,2
66809,60,68,-8,8
66810,133,126,7,7
66811,108,101,7,7
66812,103,96,7,7
66813,58,65,-7,7
66814,80,77,3,3
66815,72,71,1,1
66816,103,95,8,8
66817,115,123,-8,8
66818,66,75,-9,9
66819,134,128,6,6
66820,129,121,8,8
66821,82,82,0,0
66822,92,86,6,6
66823,72,69,3,3
66824,156,151,5,5
66825,97,99,-2,2
66826,80,81,-1,1
66827,110,94,16,16
66828,112,101,11,11
66829,73,70,3,3
66830,93,97,-4,4
66831,84,95,-11,11
66832,69,64,5,5
66833,63,77,-14,14
66834,97,96,1,1
66835,51,65,-14,14
66836,117,115,2,2
66837,102,112,-10,10
66838,63,68,-5,5
66839,90,112,-22,22
66840,75,72,3,3
66841,31,78,-47,47
66842,118,121,-3,3
66843,110,124,-14,14
66844,126,121,5,5
66845,132,137,-5,5
66846,94,85,9,9
66847,55,70,-15,15
66848,119,111,8,8
66849,47,51,-4,4
66850,152,135,17,17
66851,38,57,-19,19
66852,96,110,-14,14
66853,79,70,9,9
66854,63,60,3,3
66855,120,121,-1,1
66856,97,84,13,13
66857,65,64,1,1
66858,108,105,3,3
66859,146,143,3,3
66860,99,103,-4,4
66861,50,51,-1,1
66862,98,97,1,1
66863,61,57,4,4
66864,67,72,-5,5
66865,102,96,6,6
66866,98,90,8,8
66867,127,120,7,7
66868,134,125,9,9
66869,107,103,4,4
66870,62,65,-3,3
66871,83,80,3,3
66872,41,37,4,4
66873,65,74,-9,9
66874,73,77,-4,4
66875,81,77,4,4
66876,85,81,4,4
66877,85,73,12,12
66878,117,111,6,6
66879,128,132,-4,4
66880,89,85,4,4
66881,42,40,2,2
66882,125,145,-20,20
66883,68,69,-1,1
66884,72,78,-6,6
66885,96,94,2,2
66886,134,130,4,4
66887,122,121,1,1
66888,87,87,0,0
66889,54,61,-7,7
66890,79,77,2,2
66891,148,132,16,16
66892,66,71,-5,5
66893,142,131,11,11
66894,106,92,14,14
66895,48,49,-1,1
66896,57,70,-13,13
66897,126,120,6,6
66898,51,60,-9,9
66899,109,119,-10,10
66900,106,108,-2,2
66901,102,100,2,2
66902,94,90,4,4
66903,112,108,4,4
66904,140,130,10,10
66905,117,118,-1,1
66906,112,97,15,15
66907,49,66,-17,17
66908,156,144,12,12
66909,89,86,3,3
66910,74,79,-5,5
66911,67,76,-9,9
66912,70,81,-11,11
66913,93,98,-5,5
66914,93,92,1,1
66915,101,102,-1,1
66916,76,85,-9,9
66917,67,70,-3,3
66918,106,100,6,6
66919,72,78,-6,6
66920,65,63,2,2
66921,87,85,2,2
66922,89,83,6,6
66923,257,282,-25,25
66924,175,173,2,2
66925,69,68,1,1
66926,76,69,7,7
66927,65,63,2,2
66928,153,145,8,8
66929,68,70,-2,2
66930,116,105,11,11
66931,114,122,-8,8
66932,76,78,-2,2
66933,65,60,5,5
66934,104,98,6,6
66935,148,135,13,13
66936,43,44,-1,1
66937,90,85,5,5
66938,99,95,4,4
66939,128,130,-2,2
66940,110,111,-1,1
66941,42,56,-14,14
66942,120,119,1,1
66943,135,111,24,24
66944,134,134,0,0
66945,116,122,-6,6
66946,138,122,16,16
66947,125,115,10,10
66948,43,44,-1,1
66949,89,81,8,8
66950,126,110,16,16
66951,90,81,9,9
66952,77,78,-1,1
66953,91,88,3,3
66954,120,107,13,13
66955,63,63,0,0
66956,88,84,4,4
66957,50,54,-4,4
66958,110,110,0,0
66959,71,68,3,3
66960,81,79,2,2
66961,120,116,4,4
66962,94,88,6,6
66963,51,60,-9,9
66964,84,85,-1,1
66965,96,96,0,0
66966,179,162,17,17
66967,57,56,1,1
66968,114,112,2,2
66969,111,115,-4,4
66970,111,102,9,9
66971,101,91,10,10
66972,53,49,4,4
66973,97,95,2,2
66974,98,92,6,6
66975,50,54,-4,4
66976,82,82,0,0
66977,108,100,8,8
66978,59,65,-6,6
66979,69,72,-3,3
66980,68,70,-2,2
66981,69,77,-8,8
66982,73,75,-2,2
66983,28,29,-1,1
66984,75,74,1,1
66985,68,68,0,0
66986,110,111,-1,1
66987,99,103,-4,4
66988,72,72,0,0
66989,74,74,0,0
66990,70,75,-5,5
66991,109,99,10,10
66992,191,186,5,5
66993,54,54,0,0
66994,119,118,1,1
66995,76,74,2,2
66996,174,166,8,8
66997,87,83,4,4
66998,88,84,4,4
66999,53,57,-4,4
67000,75,77,-2,2
67001,68,65,3,3
67002,118,121,-3,3
67003,114,105,9,9
67004,101,101,0,0
67005,102,100,2,2
67006,82,83,-1,1
67007,100,101,-1,1
67008,134,131,3,3
67009,140,143,-3,3
67010,109,116,-7,7
67011,124,120,4,4
67012,157,133,24,24
67013,67,66,1,1
67014,117,116,1,1
67015,64,62,2,2
67016,89,94,-5,5
67017,52,45,7,7
67018,126,122,4,4
67019,99,100,-1,1
67020,82,79,3,3
67021,96,80,16,16
67022,85,76,9,9
67023,68,84,-16,16
67024,132,121,11,11
67025,148,140,8,8
67026,56,57,-1,1
67027,173,172,1,1
67028,115,118,-3,3
67029,99,97,2,2
67030,115,121,-6,6
67031,71,75,-4,4
67032,141,135,6,6
67033,111,106,5,5
67034,53,60,-7,7
67035,279,220,59,59
67036,101,87,14,14
67037,93,87,6,6
67038,71,67,4,4
67039,163,158,5,5
67040,52,48,4,4
67041,109,106,3,3
67042,80,86,-6,6
67043,72,106,-34,34
67044,72,69,3,3
67045,87,82,5,5
67046,82,84,-2,2
67047,74,75,-1,1
67048,156,146,10,10
67049,133,123,10,10
67050,123,114,9,9
67051,63,62,1,1
67052,70,73,-3,3
67053,40,40,0,0
67054,76,84,-8,8
67055,201,191,10,10
67056,76,81,-5,5
67057,109,113,-4,4
67058,116,118,-2,2
67059,45,45,0,0
67060,59,60,-1,1
67061,104,89,15,15
67062,122,147,-25,25
67063,108,95,13,13
67064,59,68,-9,9
67065,111,120,-9,9
67066,47,44,3,3
67067,123,121,2,2
67068,127,116,11,11
67069,98,96,2,2
67070,90,87,3,3
67071,70,75,-5,5
67072,102,99,3,3
67073,101,98,3,3
67074,72,88,-16,16
67075,86,103,-17,17
67076,77,77,0,0
67077,175,154,21,21
67078,85,84,1,1
67079,109,104,5,5
67080,143,131,12,12
67081,79,83,-4,4
67082,81,79,2,2
67083,110,99,11,11
67084,68,74,-6,6
67085,107,103,4,4
67086,115,111,4,4
67087,120,120,0,0
67088,67,69,-2,2
67089,95,85,10,10
67090,116,113,3,3
67091,83,83,0,0
67092,97,86,11,11
67093,85,87,-2,2
67094,91,97,-6,6
67095,147,137,10,10
67096,60,69,-9,9
67097,104,97,7,7
67098,99,95,4,4
67099,142,130,12,12
67100,65,67,-2,2
67101,58,59,-1,1
67102,81,83,-2,2
67103,85,80,5,5
67104,158,153,5,5
67105,57,56,1,1
67106,32,38,-6,6
67107,161,149,12,12
67108,139,131,8,8
67109,123,118,5,5
67110,141,144,-3,3
67111,127,123,4,4
67112,65,68,-3,3
67113,177,161,16,16
67114,131,128,3,3
67115,140,133,7,7
67116,51,58,-7,7
67117,85,84,1,1
67118,75,76,-1,1
67119,103,98,5,5
67120,155,135,20,20
67121,85,80,5,5
67122,72,73,-1,1
67123,80,67,13,13
67124,62,65,-3,3
67125,58,61,-3,3
67126,53,59,-6,6
67127,76,88,-12,12
67128,117,119,-2,2
67129,75,70,5,5
67130,138,127,11,11
67131,82,77,5,5
67132,79,79,0,0
67133,83,90,-7,7
67134,79,73,6,6
67135,141,131,10,10
67136,76,71,5,5
67137,165,155,10,10
67138,150,151,-1,1
67139,65,64,1,1
67140,37,40,-3,3
67141,55,59,-4,4
67142,227,208,19,19
67143,82,84,-2,2
67144,70,71,-1,1
67145,57,59,-2,2
67146,73,69,4,4
67147,78,75,3,3
67148,58,59,-1,1
67149,87,83,4,4
67150,48,58,-10,10
67151,127,129,-2,2
67152,65,58,7,7
67153,111,92,19,19
67154,74,75,-1,1
67155,103,94,9,9
67156,91,82,9,9
67157,188,201,-13,13
67158,98,111,-13,13
67159,86,82,4,4
67160,68,62,6,6
67161,99,97,2,2
67162,68,69,-1,1
67163,87,80,7,7
67164,110,110,0,0
67165,53,62,-9,9
67166,75,75,0,0
67167,113,109,4,4
67168,103,125,-22,22
67169,48,58,-10,10
67170,180,165,15,15
67171,67,77,-10,10
67172,69,73,-4,4
67173,114,122,-8,8
67174,82,74,8,8
67175,152,145,7,7
67176,108,109,-1,1
67177,126,121,5,5
67178,126,136,-10,10
67179,68,73,-5,5
67180,111,104,7,7
67181,127,111,16,16
67182,106,99,7,7
67183,93,101,-8,8
67184,134,137,-3,3
67185,65,69,-4,4
67186,129,116,13,13
67187,84,84,0,0
67188,64,66,-2,2
67189,147,138,9,9
67190,123,115,8,8
67191,102,98,4,4
67192,66,60,6,6
67193,56,61,-5,5
67194,99,106,-7,7
67195,92,86,6,6
67196,96,93,3,3
67197,125,133,-8,8
67198,85,81,4,4
67199,100,93,7,7
67200,77,79,-2,2
67201,69,70,-1,1
67202,95,93,2,2
67203,87,81,6,6
67204,112,108,4,4
67205,124,120,4,4
67206,99,90,9,9
67207,65,63,2,2
67208,119,98,21,21
67209,66,71,-5,5
67210,89,82,7,7
67211,139,123,16,16
67212,111,98,13,13
67213,81,89,-8,8
67214,100,100,0,0
67215,82,77,5,5
67216,145,155,-10,10
67217,91,92,-1,1
67218,187,185,2,2
67219,84,83,1,1
67220,45,48,-3,3
67221,116,121,-5,5
67222,69,68,1,1
67223,80,82,-2,2
67224,44,38,6,6
67225,93,99,-6,6
67226,58,54,4,4
67227,74,78,-4,4
67228,74,75,-1,1
67229,99,110,-11,11
67230,93,96,-3,3
67231,67,63,4,4
67232,108,108,0,0
67233,108,114,-6,6
67234,116,101,15,15
67235,127,113,14,14
67236,98,90,8,8
67237,115,125,-10,10
67238,131,132,-1,1
67239,185,164,21,21
67240,120,104,16,16
67241,75,79,-4,4
67242,165,133,32,32
67243,44,71,-27,27
67244,82,82,0,0
67245,66,81,-15,15
67246,72,75,-3,3
67247,137,128,9,9
67248,66,72,-6,6
67249,79,92,-13,13
67250,48,55,-7,7
67251,76,78,-2,2
67252,87,81,6,6
67253,90,91,-1,1
67254,67,72,-5,5
67255,139,136,3,3
67256,52,55,-3,3
67257,97,86,11,11
67258,135,125,10,10
67259,60,51,9,9
67260,65,70,-5,5
67261,61,55,6,6
67262,175,161,14,14
67263,146,132,14,14
67264,64,77,-13,13
67265,122,119,3,3
67266,66,68,-2,2
67267,62,64,-2,2
67268,97,100,-3,3
67269,117,121,-4,4
67270,72,75,-3,3
67271,66,86,-20,20
67272,147,128,19,19
67273,139,124,15,15
67274,143,149,-6,6
67275,106,107,-1,1
67276,81,93,-12,12
67277,85,76,9,9
67278,112,103,9,9
67279,74,84,-10,10
67280,157,148,9,9
67281,76,71,5,5
67282,69,67,2,2
67283,133,124,9,9
67284,79,86,-7,7
67285,58,63,-5,5
67286,111,112,-1,1
67287,195,180,15,15
67288,129,113,16,16
67289,58,78,-20,20
67290,101,109,-8,8
67291,186,175,11,11
67292,76,69,7,7
67293,72,72,0,0
67294,100,104,-4,4
67295,60,65,-5,5
67296,59,67,-8,8
67297,118,111,7,7
67298,195,173,22,22
67299,92,83,9,9
67300,245,245,0,0
67301,102,111,-9,9
67302,84,87,-3,3
67303,95,90,5,5
67304,126,118,8,8
67305,101,89,12,12
67306,192,173,19,19
67307,118,117,1,1
67308,72,80,-8,8
67309,66,70,-4,4
67310,72,76,-4,4
67311,75,75,0,0
67312,47,51,-4,4
67313,53,57,-4,4
67314,75,82,-7,7
67315,77,88,-11,11
67316,133,135,-2,2
67317,66,67,-1,1
67318,122,124,-2,2
67319,151,148,3,3
67320,95,109,-14,14
67321,70,78,-8,8
67322,66,69,-3,3
67323,101,97,4,4
67324,92,85,7,7
67325,94,85,9,9
67326,80,73,7,7
67327,86,90,-4,4
67328,99,92,7,7
67329,167,148,19,19
67330,104,97,7,7
67331,92,82,10,10
67332,82,87,-5,5
67333,93,86,7,7
67334,57,56,1,1
67335,80,79,1,1
67336,154,132,22,22
67337,92,85,7,7
67338,121,111,10,10
67339,90,97,-7,7
67340,94,90,4,4
67341,100,99,1,1
67342,55,61,-6,6
67343,179,176,3,3
67344,157,143,14,14
67345,58,72,-14,14
67346,94,106,-12,12
67347,85,81,4,4
67348,55,63,-8,8
67349,72,63,9,9
67350,114,110,4,4
67351,99,98,1,1
67352,75,70,5,5
67353,45,44,1,1
67354,58,55,3,3
67355,110,104,6,6
67356,69,76,-7,7
67357,68,67,1,1
67358,102,93,9,9
67359,77,80,-3,3
67360,85,83,2,2
67361,112,108,4,4
67362,40,40,0,0
67363,73,75,-2,2
67364,76,80,-4,4
67365,65,68,-3,3
67366,72,84,-12,12
67367,89,111,-22,22
67368,110,116,-6,6
67369,91,86,5,5
67370,59,83,-24,24
67371,90,81,9,9
67372,84,82,2,2
67373,130,121,9,9
67374,63,60,3,3
67375,63,66,-3,3
67376,87,82,5,5
67377,106,112,-6,6
67378,145,132,13,13
67379,128,127,1,1
67380,81,81,0,0
67381,111,97,14,14
67382,76,81,-5,5
67383,53,67,-14,14
67384,82,77,5,5
67385,100,98,2,2
67386,74,89,-15,15
67387,105,106,-1,1
67388,58,61,-3,3
67389,102,104,-2,2
67390,113,105,8,8
67391,99,102,-3,3
67392,113,110,3,3
67393,55,57,-2,2
67394,98,85,13,13
67395,108,110,-2,2
67396,54,54,0,0
67397,99,94,5,5
67398,78,78,0,0
67399,68,72,-4,4
67400,45,43,2,2
67401,71,77,-6,6
67402,216,195,21,21
67403,103,100,3,3
67404,77,78,-1,1
67405,64,70,-6,6
67406,108,109,-1,1
67407,106,86,20,20
67408,124,106,18,18
67409,71,72,-1,1
67410,91,80,11,11
67411,80,85,-5,5
67412,122,122,0,0
67413,105,105,0,0
67414,80,82,-2,2
67415,142,120,22,22
67416,64,88,-24,24
67417,95,76,19,19
67418,112,121,-9,9
67419,83,75,8,8
67420,147,138,9,9
67421,47,52,-5,5
67422,80,81,-1,1
67423,104,110,-6,6
67424,71,76,-5,5
67425,67,66,1,1
67426,69,76,-7,7
67427,82,81,1,1
67428,85,79,6,6
67429,144,140,4,4
67430,81,86,-5,5
67431,141,140,1,1
67432,86,79,7,7
67433,176,174,2,2
67434,74,68,6,6
67435,91,86,5,5
67436,102,83,19,19
67437,74,69,5,5
67438,97,91,6,6
67439,60,63,-3,3
67440,97,96,1,1
67441,119,116,3,3
67442,97,101,-4,4
67443,70,73,-3,3
67444,102,93,9,9
67445,61,69,-8,8
67446,86,77,9,9
67447,45,49,-4,4
67448,51,56,-5,5
67449,130,132,-2,2
67450,74,78,-4,4
67451,78,80,-2,2
67452,163,162,1,1
67453,52,63,-11,11
67454,99,103,-4,4
67455,84,85,-1,1
67456,109,101,8,8
67457,84,82,2,2
67458,88,96,-8,8
67459,117,110,7,7
67460,186,170,16,16
67461,55,55,0,0
67462,65,79,-14,14
67463,119,136,-17,17
67464,71,75,-4,4
67465,87,81,6,6
67466,51,56,-5,5
67467,46,47,-1,1
67468,61,65,-4,4
67469,103,93,10,10
67470,84,82,2,2
67471,56,61,-5,5
67472,73,77,-4,4
67473,84,80,4,4
67474,127,110,17,17
67475,178,177,1,1
67476,71,73,-2,2
67477,107,102,5,5
67478,111,100,11,11
67479,69,72,-3,3
67480,94,95,-1,1
67481,45,51,-6,6
67482,94,96,-2,2
67483,120,125,-5,5
67484,63,68,-5,5
67485,78,72,6,6
67486,40,47,-7,7
67487,114,110,4,4
67488,112,104,8,8
67489,152,143,9,9
67490,184,158,26,26
67491,84,80,4,4
67492,122,110,12,12
67493,108,98,10,10
67494,64,64,0,0
67495,114,109,5,5
67496,143,142,1,1
67497,97,84,13,13
67498,99,92,7,7
67499,145,150,-5,5
67500,63,64,-1,1
67501,111,111,0,0
67502,68,73,-5,5
67503,108,116,-8,8
67504,94,85,9,9
67505,77,76,1,1
67506,49,59,-10,10
67507,82,79,3,3
67508,66,69,-3,3
67509,74,70,4,4
67510,142,148,-6,6
67511,82,85,-3,3
67512,87,83,4,4
67513,78,78,0,0
67514,58,66,-8,8
67515,108,106,2,2
67516,50,83,-33,33
67517,170,161,9,9
67518,74,76,-2,2
67519,102,100,2,2
67520,95,92,3,3
67521,90,84,6,6
67522,118,114,4,4
67523,70,69,1,1
67524,111,109,2,2
67525,96,104,-8,8
67526,81,80,1,1
67527,110,103,7,7
67528,94,86,8,8
67529,99,103,-4,4
67530,107,106,1,1
67531,129,132,-3,3
67532,135,121,14,14
67533,123,112,11,11
67534,67,72,-5,5
67535,79,78,1,1
67536,91,96,-5,5
67537,72,71,1,1
67538,150,157,-7,7
67539,117,124,-7,7
67540,60,67,-7,7
67541,102,104,-2,2
67542,32,47,-15,15
67543,65,68,-3,3
67544,163,151,12,12
67545,99,99,0,0
67546,76,74,2,2
67547,146,127,19,19
67548,137,126,11,11
67549,131,130,1,1
67550,152,138,14,14
67551,93,104,-11,11
67552,78,76,2,2
67553,83,78,5,5
67554,109,95,14,14
67555,134,139,-5,5
67556,56,74,-18,18
67557,82,76,6,6
67558,50,40,10,10
67559,104,104,0,0
67560,78,78,0,0
67561,60,64,-4,4
67562,137,126,11,11
67563,64,63,1,1
67564,144,142,2,2
67565,49,50,-1,1
67566,104,99,5,5
67567,66,66,0,0
67568,71,69,2,2
67569,128,120,8,8
67570,84,105,-21,21
67571,141,144,-3,3
67572,97,87,10,10
67573,52,53,-1,1
67574,74,76,-2,2
67575,98,112,-14,14
67576,71,70,1,1
67577,56,62,-6,6
67578,71,76,-5,5
67579,123,114,9,9
67580,146,124,22,22
67581,77,78,-1,1
67582,68,74,-6,6
67583,110,96,14,14
67584,85,81,4,4
67585,162,131,31,31
67586,105,95,10,10
67587,68,69,-1,1
67588,100,87,13,13
67589,103,99,4,4
67590,121,108,13,13
67591,96,82,14,14
67592,199,174,25,25
67593,83,82,1,1
67594,91,86,5,5
67595,61,68,-7,7
67596,103,107,-4,4
67597,95,93,2,2
67598,68,72,-4,4
67599,94,86,8,8
67600,54,55,-1,1
67601,160,132,28,28
67602,123,109,14,14
67603,154,136,18,18
67604,48,56,-8,8
67605,66,73,-7,7
67606,81,80,1,1
67607,56,64,-8,8
67608,160,139,21,21
67609,121,145,-24,24
67610,103,86,17,17
67611,126,117,9,9
67612,82,78,4,4
67613,63,75,-12,12
67614,88,88,0,0
67615,111,118,-7,7
67616,139,132,7,7
67617,103,99,4,4
67618,74,77,-3,3
67619,133,121,12,12
67620,49,56,-7,7
67621,93,86,7,7
67622,86,83,3,3
67623,77,71,6,6
67624,56,74,-18,18
67625,66,61,5,5
67626,132,125,7,7
67627,149,130,19,19
67628,39,38,1,1
67629,117,114,3,3
67630,98,94,4,4
67631,59,60,-1,1
67632,146,143,3,3
67633,106,92,14,14
67634,63,68,-5,5
67635,90,88,2,2
67636,73,77,-4,4
67637,80,76,4,4
67638,89,83,6,6
67639,88,84,4,4
67640,51,52,-1,1
67641,85,81,4,4
67642,106,124,-18,18
67643,136,126,10,10
67644,46,46,0,0
67645,107,112,-5,5
67646,154,156,-2,2
67647,109,108,1,1
67648,79,76,3,3
67649,94,81,13,13
67650,64,66,-2,2
67651,63,58,5,5
67652,62,61,1,1
67653,58,66,-8,8
67654,48,53,-5,5
67655,67,72,-5,5
67656,74,75,-1,1
67657,94,88,6,6
67658,75,71,4,4
67659,158,143,15,15
67660,134,121,13,13
67661,189,173,16,16
67662,62,72,-10,10
67663,73,72,1,1
67664,89,92,-3,3
67665,42,45,-3,3
67666,129,117,12,12
67667,65,72,-7,7
67668,49,52,-3,3
67669,163,151,12,12
67670,93,87,6,6
67671,185,169,16,16
67672,91,86,5,5
67673,43,46,-3,3
67674,163,161,2,2
67675,65,69,-4,4
67676,49,36,13,13
67677,62,63,-1,1
67678,123,130,-7,7
67679,78,78,0,0
67680,144,132,12,12
67681,75,100,-25,25
67682,83,79,4,4
67683,122,107,15,15
67684,92,88,4,4
67685,101,99,2,2
67686,75,84,-9,9
67687,130,115,15,15
67688,160,151,9,9
67689,58,64,-6,6
67690,154,143,11,11
67691,101,95,6,6
67692,54,63,-9,9
67693,177,172,5,5
67694,198,178,20,20
67695,98,107,-9,9
67696,87,98,-11,11
67697,116,113,3,3
67698,63,62,1,1
67699,95,88,7,7
67700,57,59,-2,2
67701,64,60,4,4
67702,69,58,11,11
67703,79,76,3,3
67704,89,100,-11,11
67705,53,56,-3,3
67706,94,95,-1,1
67707,85,92,-7,7
67708,85,83,2,2
67709,80,89,-9,9
67710,80,87,-7,7
67711,95,86,9,9
67712,95,87,8,8
67713,72,76,-4,4
67714,59,65,-6,6
67715,122,105,17,17
67716,76,73,3,3
67717,103,93,10,10
67718,80,82,-2,2
67719,84,82,2,2
67720,108,105,3,3
67721,94,90,4,4
67722,128,123,5,5
67723,121,119,2,2
67724,156,137,19,19
67725,120,114,6,6
67726,97,96,1,1
67727,87,100,-13,13
67728,116,109,7,7
67729,48,46,2,2
67730,139,133,6,6
67731,93,83,10,10
67732,184,188,-4,4
67733,62,61,1,1
67734,116,120,-4,4
67735,114,104,10,10
67736,104,99,5,5
67737,94,98,-4,4
67738,169,163,6,6
67739,89,94,-5,5
67740,91,96,-5,5
67741,97,99,-2,2
67742,111,111,0,0
67743,69,69,0,0
67744,120,115,5,5
67745,105,122,-17,17
67746,99,98,1,1
67747,37,67,-30,30
67748,105,89,16,16
67749,69,72,-3,3
67750,67,69,-2,2
67751,31,40,-9,9
67752,60,64,-4,4
67753,90,96,-6,6
67754,74,72,2,2
67755,123,114,9,9
67756,97,97,0,0
67757,55,49,6,6
67758,127,121,6,6
67759,122,119,3,3
67760,103,103,0,0
67761,141,136,5,5
67762,67,67,0,0
67763,113,117,-4,4
67764,135,134,1,1
67765,203,185,18,18
67766,88,86,2,2
67767,94,100,-6,6
67768,103,101,2,2
67769,86,82,4,4
67770,143,143,0,0
67771,52,50,2,2
67772,75,83,-8,8
67773,114,119,-5,5
67774,92,83,9,9
67775,113,106,7,7
67776,123,121,2,2
67777,68,75,-7,7
67778,86,97,-11,11
67779,27,37,-10,10
67780,126,129,-3,3
67781,89,82,7,7
67782,113,101,12,12
67783,106,99,7,7
67784,90,82,8,8
67785,82,74,8,8
67786,88,89,-1,1
67787,97,91,6,6
67788,141,128,13,13
67789,123,109,14,14
67790,188,193,-5,5
67791,108,107,1,1
67792,73,73,0,0
67793,104,104,0,0
67794,87,92,-5,5
67795,78,80,-2,2
67796,75,73,2,2
67797,153,142,11,11
67798,74,70,4,4
67799,129,114,15,15
67800,117,110,7,7
67801,82,83,-1,1
67802,103,98,5,5
67803,93,79,14,14
67804,89,87,2,2
67805,44,56,-12,12
67806,76,74,2,2
67807,79,94,-15,15
67808,87,86,1,1
67809,38,39,-1,1
67810,120,118,2,2
67811,88,88,0,0
67812,155,138,17,17
67813,120,109,11,11
67814,89,83,6,6
67815,100,91,9,9
67816,66,65,1,1
67817,85,89,-4,4
67818,90,75,15,15
67819,126,122,4,4
67820,153,130,23,23
67821,83,80,3,3
67822,113,103,10,10
67823,88,90,-2,2
67824,152,155,-3,3
67825,104,96,8,8
67826,75,73,2,2
67827,48,48,0,0
67828,127,117,10,10
67829,79,75,4,4
67830,117,115,2,2
67831,63,70,-7,7
67832,113,118,-5,5
67833,143,155,-12,12
67834,110,106,4,4
67835,75,83,-8,8
67836,48,51,-3,3
67837,64,93,-29,29
67838,99,99,0,0
67839,91,84,7,7
67840,111,101,10,10
67841,89,84,5,5
67842,141,132,9,9
67843,101,88,13,13
67844,74,71,3,3
67845,124,108,16,16
67846,115,119,-4,4
67847,94,104,-10,10
67848,110,117,-7,7
67849,70,72,-2,2
67850,89,93,-4,4
67851,53,57,-4,4
67852,85,93,-8,8
67853,166,149,17,17
67854,77,75,2,2
67855,76,72,4,4
67856,137,144,-7,7
67857,79,89,-10,10
67858,144,119,25,25
67859,57,50,7,7
67860,102,101,1,1
67861,77,78,-1,1
67862,105,111,-6,6
67863,99,92,7,7
67864,40,43,-3,3
67865,96,88,8,8
67866,99,101,-2,2
67867,69,68,1,1
67868,111,103,8,8
67869,119,123,-4,4
67870,152,143,9,9
67871,138,130,8,8
67872,146,157,-11,11
67873,79,97,-18,18
67874,113,105,8,8
67875,65,72,-7,7
67876,135,119,16,16
67877,58,40,18,18
67878,68,77,-9,9
67879,103,93,10,10
67880,110,113,-3,3
67881,57,61,-4,4
67882,191,174,17,17
67883,87,80,7,7
67884,130,120,10,10
67885,94,92,2,2
67886,101,107,-6,6
67887,52,47,5,5
67888,134,130,4,4
67889,75,76,-1,1
67890,91,93,-2,2
67891,109,107,2,2
67892,96,88,8,8
67893,55,58,-3,3
67894,114,106,8,8
67895,159,143,16,16
67896,74,72,2,2
67897,89,95,-6,6
67898,45,56,-11,11
67899,50,72,-22,22
67900,78,75,3,3
67901,136,139,-3,3
67902,81,79,2,2
67903,104,91,13,13
67904,42,43,-1,1
67905,45,43,2,2
67906,91,80,11,11
67907,81,79,2,2
67908,73,76,-3,3
67909,163,152,11,11
67910,62,60,2,2
67911,62,80,-18,18
67912,117,101,16,16
67913,91,92,-1,1
67914,81,92,-11,11
67915,183,156,27,27
67916,115,114,1,1
67917,45,40,5,5
67918,67,71,-4,4
67919,73,68,5,5
67920,115,116,-1,1
67921,143,131,12,12
67922,122,111,11,11
67923,158,137,21,21
67924,132,124,8,8
67925,56,64,-8,8
67926,138,135,3,3
67927,128,119,9,9
67928,170,159,11,11
67929,101,100,1,1
67930,147,137,10,10
67931,116,117,-1,1
67932,97,113,-16,16
67933,116,119,-3,3
67934,73,73,0,0
67935,58,55,3,3
67936,99,90,9,9
67937,148,151,-3,3
67938,56,55,1,1
67939,144,146,-2,2
67940,73,73,0,0
67941,124,130,-6,6
67942,58,84,-26,26
67943,72,74,-2,2
67944,57,58,-1,1
67945,77,68,9,9
67946,93,87,6,6
67947,136,128,8,8
67948,56,59,-3,3
67949,106,95,11,11
67950,68,64,4,4
67951,107,103,4,4
67952,137,129,8,8
67953,51,58,-7,7
67954,161,156,5,5
67955,75,75,0,0
67956,207,182,25,25
67957,134,139,-5,5
67958,139,137,2,2
67959,85,82,3,3
67960,64,69,-5,5
67961,57,61,-4,4
67962,87,85,2,2
67963,143,133,10,10
67964,89,93,-4,4
67965,78,72,6,6
67966,73,89,-16,16
67967,188,196,-8,8
67968,115,100,15,15
67969,119,92,27,27
67970,74,78,-4,4
67971,96,99,-3,3
67972,64,68,-4,4
67973,117,116,1,1
67974,127,130,-3,3
67975,70,75,-5,5
67976,97,103,-6,6
67977,163,166,-3,3
67978,143,130,13,13
67979,69,78,-9,9
67980,98,103,-5,5
67981,87,82,5,5
67982,100,101,-1,1
67983,111,120,-9,9
67984,129,133,-4,4
67985,94,81,13,13
67986,124,119,5,5
67987,70,75,-5,5
67988,64,65,-1,1
67989,131,120,11,11
67990,81,89,-8,8
67991,121,111,10,10
67992,139,128,11,11
67993,49,55,-6,6
67994,54,61,-7,7
67995,109,111,-2,2
67996,71,78,-7,7
67997,124,111,13,13
67998,110,98,12,12
67999,103,105,-2,2
68000,104,112,-8,8
68001,95,113,-18,18
68002,85,72,13,13
68003,83,76,7,7
68004,111,118,-7,7
68005,68,58,10,10
68006,76,72,4,4
68007,47,47,0,0
68008,143,126,17,17
68009,64,66,-2,2
68010,102,101,1,1
68011,77,78,-1,1
68012,52,62,-10,10
68013,52,58,-6,6
68014,75,79,-4,4
68015,83,84,-1,1
68016,70,67,3,3
68017,44,47,-3,3
68018,41,44,-3,3
68019,77,73,4,4
68020,53,50,3,3
68021,132,130,2,2
68022,112,102,10,10
68023,81,74,7,7
68024,85,82,3,3
68025,90,90,0,0
68026,51,54,-3,3
68027,55,67,-12,12
68028,45,72,-27,27
68029,52,53,-1,1
68030,98,96,2,2
68031,72,72,0,0
68032,239,225,14,14
68033,123,108,15,15
68034,164,150,14,14
68035,75,73,2,2
68036,145,142,3,3
68037,63,68,-5,5
68038,63,100,-37,37
68039,100,105,-5,5
68040,110,114,-4,4
68041,76,85,-9,9
68042,94,100,-6,6
68043,109,96,13,13
68044,59,71,-12,12
68045,140,151,-11,11
68046,83,75,8,8
68047,136,128,8,8
68048,50,50,0,0
68049,85,76,9,9
68050,113,102,11,11
68051,49,58,-9,9
68052,98,82,16,16
68053,80,68,12,12
68054,95,95,0,0
68055,129,131,-2,2
68056,89,81,8,8
68057,115,107,8,8
68058,73,78,-5,5
68059,75,80,-5,5
68060,168,153,15,15
68061,52,60,-8,8
68062,76,73,3,3
68063,104,100,4,4
68064,124,107,17,17
68065,113,117,-4,4
68066,80,75,5,5
68067,79,103,-24,24
68068,89,90,-1,1
68069,90,80,10,10
68070,46,53,-7,7
68071,80,74,6,6
68072,108,119,-11,11
68073,46,45,1,1
68074,106,96,10,10
68075,139,132,7,7
68076,99,100,-1,1
68077,50,51,-1,1
68078,65,67,-2,2
68079,69,71,-2,2
68080,125,121,4,4
68081,97,96,1,1
68082,84,85,-1,1
68083,114,120,-6,6
68084,39,33,6,6
68085,106,97,9,9
68086,88,93,-5,5
68087,80,81,-1,1
68088,178,165,13,13
68089,104,112,-8,8
68090,76,71,5,5
68091,108,95,13,13
68092,82,90,-8,8
68093,44,51,-7,7
68094,67,64,3,3
68095,69,76,-7,7
68096,69,66,3,3
68097,112,105,7,7
68098,151,132,19,19
68099,47,52,-5,5
68100,70,69,1,1
68101,86,81,5,5
68102,95,93,2,2
68103,68,74,-6,6
68104,44,47,-3,3
68105,70,74,-4,4
68106,132,123,9,9
68107,66,70,-4,4
68108,104,100,4,4
68109,155,145,10,10
68110,136,131,5,5
68111,74,75,-1,1
68112,109,106,3,3
68113,88,90,-2,2
68114,156,164,-8,8
68115,153,152,1,1
68116,83,75,8,8
68117,88,80,8,8
68118,167,172,-5,5
68119,44,44,0,0
68120,124,108,16,16
68121,71,69,2,2
68122,131,118,13,13
68123,94,87,7,7
68124,64,66,-2,2
68125,81,80,1,1
68126,69,69,0,0
68127,52,53,-1,1
68128,84,81,3,3
68129,59,61,-2,2
68130,117,116,1,1
68131,115,104,11,11
68132,86,85,1,1
68133,111,103,8,8
68134,69,75,-6,6
68135,119,109,10,10
68136,73,71,2,2
68137,81,78,3,3
68138,79,92,-13,13
68139,89,99,-10,10
68140,51,54,-3,3
68141,63,65,-2,2
68142,87,86,1,1
68143,116,111,5,5
68144,115,104,11,11
68145,111,114,-3,3
68146,38,42,-4,4
68147,130,133,-3,3
68148,100,92,8,8
68149,60,55,5,5
68150,91,81,10,10
68151,67,68,-1,1
68152,73,68,5,5
68153,152,148,4,4
68154,199,183,16,16
68155,156,148,8,8
68156,61,67,-6,6
68157,109,96,13,13
68158,69,71,-2,2
68159,87,85,2,2
68160,65,68,-3,3
68161,83,84,-1,1
68162,94,93,1,1
68163,104,85,19,19
68164,72,78,-6,6
68165,74,85,-11,11
68166,93,82,11,11
68167,88,82,6,6
68168,88,79,9,9
68169,75,82,-7,7
68170,102,101,1,1
68171,72,72,0,0
68172,95,81,14,14
68173,98,94,4,4
68174,86,84,2,2
68175,91,105,-14,14
68176,67,67,0,0
68177,73,76,-3,3
68178,129,130,-1,1
68179,64,64,0,0
68180,94,94,0,0
68181,123,111,12,12
68182,89,87,2,2
68183,45,51,-6,6
68184,95,93,2,2
68185,77,75,2,2
68186,61,70,-9,9
68187,151,154,-3,3
68188,53,59,-6,6
68189,109,102,7,7
68190,84,86,-2,2
68191,86,88,-2,2
68192,105,101,4,4
68193,107,116,-9,9
68194,97,103,-6,6
68195,41,43,-2,2
68196,69,71,-2,2
68197,111,85,26,26
68198,40,46,-6,6
68199,140,132,8,8
68200,65,71,-6,6
68201,149,127,22,22
68202,46,43,3,3
68203,103,100,3,3
68204,80,79,1,1
68205,41,38,3,3
68206,97,130,-33,33
68207,65,65,0,0
68208,124,144,-20,20
68209,65,69,-4,4
68210,85,82,3,3
68211,151,147,4,4
68212,75,73,2,2
68213,92,93,-1,1
68214,96,88,8,8
68215,120,127,-7,7
68216,71,71,0,0
68217,77,79,-2,2
68218,84,92,-8,8
68219,100,106,-6,6
68220,105,114,-9,9
68221,123,116,7,7
68222,53,59,-6,6
68223,178,176,2,2
68224,99,96,3,3
68225,64,64,0,0
68226,78,81,-3,3
68227,108,103,5,5
68228,77,76,1,1
68229,157,148,9,9
68230,72,79,-7,7
68231,68,71,-3,3
68232,87,79,8,8
68233,70,76,-6,6
68234,52,55,-3,3
68235,85,78,7,7
68236,100,105,-5,5
68237,71,68,3,3
68238,109,114,-5,5
68239,154,164,-10,10
68240,96,77,19,19
68241,78,84,-6,6
68242,82,92,-10,10
68243,114,109,5,5
68244,103,106,-3,3
68245,118,121,-3,3
68246,87,87,0,0
68247,121,126,-5,5
68248,94,92,2,2
68249,62,60,2,2
68250,89,85,4,4
68251,105,101,4,4
68252,85,78,7,7
68253,79,84,-5,5
68254,86,82,4,4
68255,100,97,3,3
68256,104,99,5,5
68257,83,85,-2,2
68258,90,82,8,8
68259,112,126,-14,14
68260,69,73,-4,4
68261,121,102,19,19
68262,84,87,-3,3
68263,87,82,5,5
68264,92,94,-2,2
68265,147,144,3,3
68266,86,86,0,0
68267,89,81,8,8
68268,52,67,-15,15
68269,110,105,5,5
68270,145,138,7,7
68271,87,84,3,3
68272,107,91,16,16
68273,145,119,26,26
68274,55,60,-5,5
68275,51,63,-12,12
68276,95,94,1,1
68277,101,98,3,3
68278,72,67,5,5
68279,90,83,7,7
68280,91,79,12,12
68281,94,97,-3,3
68282,60,68,-8,8
68283,59,57,2,2
68284,96,86,10,10
68285,55,57,-2,2
68286,101,85,16,16
68287,95,98,-3,3
68288,113,106,7,7
68289,77,72,5,5
68290,114,125,-11,11
68291,101,110,-9,9
68292,100,106,-6,6
68293,64,70,-6,6
68294,100,90,10,10
68295,158,136,22,22
68296,81,80,1,1
68297,62,66,-4,4
68298,136,129,7,7
68299,156,148,8,8
68300,160,146,14,14
68301,128,127,1,1
68302,49,45,4,4
68303,135,122,13,13
68304,81,83,-2,2
68305,85,83,2,2
68306,74,69,5,5
68307,141,129,12,12
68308,98,93,5,5
68309,140,131,9,9
68310,102,90,12,12
68311,91,101,-10,10
68312,68,67,1,1
68313,117,106,11,11
68314,57,52,5,5
68315,70,72,-2,2
68316,203,169,34,34
68317,96,111,-15,15
68318,128,130,-2,2
68319,81,74,7,7
68320,81,92,-11,11
68321,66,61,5,5
68322,128,121,7,7
68323,150,142,8,8
68324,79,84,-5,5
68325,68,75,-7,7
68326,57,65,-8,8
68327,63,72,-9,9
68328,110,110,0,0
68329,84,80,4,4
68330,84,72,12,12
68331,59,64,-5,5
68332,101,88,13,13
68333,73,76,-3,3
68334,82,82,0,0
68335,163,154,9,9
68336,113,109,4,4
68337,95,74,21,21
68338,73,75,-2,2
68339,83,81,2,2
68340,114,114,0,0
68341,136,121,15,15
68342,86,87,-1,1
68343,81,77,4,4
68344,108,113,-5,5
68345,149,153,-4,4
68346,101,99,2,2
68347,78,80,-2,2
68348,126,115,11,11
68349,122,130,-8,8
68350,112,101,11,11
68351,67,63,4,4
68352,62,61,1,1
68353,112,115,-3,3
68354,171,158,13,13
68355,65,63,2,2
68356,97,85,12,12
68357,43,46,-3,3
68358,71,62,9,9
68359,71,71,0,0
68360,55,45,10,10
68361,72,82,-10,10
68362,85,80,5,5
68363,190,173,17,17
68364,97,96,1,1
68365,100,97,3,3
68366,75,78,-3,3
68367,130,118,12,12
68368,60,63,-3,3
68369,105,102,3,3
68370,85,83,2,2
68371,89,89,0,0
68372,93,90,3,3
68373,39,69,-30,30
68374,74,65,9,9
68375,148,148,0,0
68376,136,124,12,12
68377,61,72,-11,11
68378,181,169,12,12
68379,99,90,9,9
68380,165,156,9,9
68381,97,91,6,6
68382,116,105,11,11
68383,105,110,-5,5
68384,50,48,2,2
68385,71,81,-10,10
68386,115,108,7,7
68387,61,58,3,3
68388,101,102,-1,1
68389,80,79,1,1
68390,100,105,-5,5
68391,79,90,-11,11
68392,121,116,5,5
68393,85,94,-9,9
68394,87,88,-1,1
68395,61,65,-4,4
68396,125,129,-4,4
68397,85,88,-3,3
68398,87,86,1,1
68399,64,71,-7,7
68400,66,68,-2,2
68401,85,85,0,0
68402,159,142,17,17
68403,132,136,-4,4
68404,96,100,-4,4
68405,100,107,-7,7
68406,76,72,4,4
68407,117,120,-3,3
68408,101,114,-13,13
68409,86,86,0,0
68410,117,111,6,6
68411,96,88,8,8
68412,55,59,-4,4
68413,145,130,15,15
68414,68,74,-6,6
68415,71,68,3,3
68416,129,123,6,6
68417,121,119,2,2
68418,92,78,14,14
68419,57,58,-1,1
68420,50,47,3,3
68421,56,62,-6,6
68422,52,54,-2,2
68423,61,60,1,1
68424,164,152,12,12
68425,119,115,4,4
68426,85,76,9,9
68427,83,77,6,6
68428,149,141,8,8
68429,103,89,14,14
68430,61,52,9,9
68431,142,141,1,1
68432,80,82,-2,2
68433,49,54,-5,5
68434,109,95,14,14
68435,101,97,4,4
68436,77,80,-3,3
68437,160,169,-9,9
68438,108,112,-4,4
68439,137,133,4,4
68440,125,121,4,4
68441,76,72,4,4
68442,145,130,15,15
68443,86,94,-8,8
68444,131,122,9,9
68445,99,104,-5,5
68446,97,96,1,1
68447,67,63,4,4
68448,107,127,-20,20
68449,87,83,4,4
68450,104,99,5,5
68451,77,75,2,2
68452,49,55,-6,6
68453,152,139,13,13
68454,138,131,7,7
68455,183,173,10,10
68456,53,57,-4,4
68457,100,90,10,10
68458,71,70,1,1
68459,73,85,-12,12
68460,108,102,6,6
68461,85,87,-2,2
68462,72,75,-3,3
68463,92,87,5,5
68464,127,121,6,6
68465,61,85,-24,24
68466,86,98,-12,12
68467,56,56,0,0
68468,104,93,11,11
68469,86,85,1,1
68470,142,143,-1,1
68471,78,85,-7,7
68472,96,81,15,15
68473,75,84,-9,9
68474,88,85,3,3
68475,69,69,0,0
68476,62,64,-2,2
68477,107,106,1,1
68478,65,66,-1,1
68479,129,135,-6,6
68480,86,90,-4,4
68481,77,72,5,5
68482,115,99,16,16
68483,87,82,5,5
68484,32,29,3,3
68485,80,93,-13,13
68486,107,102,5,5
68487,112,124,-12,12
68488,83,81,2,2
68489,89,90,-1,1
68490,65,65,0,0
68491,63,69,-6,6
68492,56,61,-5,5
68493,99,84,15,15
68494,88,87,1,1
68495,130,130,0,0
68496,59,64,-5,5
68497,157,126,31,31
68498,94,104,-10,10
68499,94,91,3,3
68500,61,65,-4,4
68501,98,100,-2,2
68502,98,92,6,6
68503,108,101,7,7
68504,122,117,5,5
68505,115,116,-1,1
68506,49,52,-3,3
68507,79,79,0,0
68508,96,100,-4,4
68509,81,87,-6,6
68510,54,56,-2,2
68511,70,77,-7,7
68512,141,131,10,10
68513,113,195,-82,82
68514,110,118,-8,8
68515,75,80,-5,5
68516,85,95,-10,10
68517,85,80,5,5
68518,105,102,3,3
68519,62,70,-8,8
68520,39,44,-5,5
68521,83,82,1,1
68522,103,97,6,6
68523,69,73,-4,4
68524,103,98,5,5
68525,82,75,7,7
68526,98,93,5,5
68527,134,122,12,12
68528,51,65,-14,14
68529,98,94,4,4
68530,58,64,-6,6
68531,66,76,-10,10
68532,66,67,-1,1
68533,139,124,15,15
68534,182,169,13,13
68535,118,131,-13,13
68536,69,63,6,6
68537,61,70,-9,9
68538,101,92,9,9
68539,126,99,27,27
68540,87,84,3,3
68541,53,55,-2,2
68542,83,84,-1,1
68543,113,119,-6,6
68544,109,100,9,9
68545,60,62,-2,2
68546,113,115,-2,2
68547,84,90,-6,6
68548,60,56,4,4
68549,56,58,-2,2
68550,52,51,1,1
68551,111,104,7,7
68552,74,78,-4,4
68553,57,58,-1,1
68554,72,74,-2,2
68555,77,79,-2,2
68556,93,88,5,5
68557,167,144,23,23
68558,64,67,-3,3
68559,97,87,10,10
68560,106,106,0,0
68561,165,148,17,17
68562,86,104,-18,18
68563,146,132,14,14
68564,98,93,5,5
68565,88,84,4,4
68566,89,85,4,4
68567,99,94,5,5
68568,86,84,2,2
68569,95,106,-11,11
68570,70,67,3,3
68571,91,98,-7,7
68572,98,96,2,2
68573,92,86,6,6
68574,103,96,7,7
68575,91,82,9,9
68576,58,73,-15,15
68577,61,65,-4,4
68578,53,57,-4,4
68579,83,80,3,3
68580,56,58,-2,2
68581,84,83,1,1
68582,73,80,-7,7
68583,73,72,1,1
68584,81,80,1,1
68585,69,73,-4,4
68586,71,74,-3,3
68587,107,113,-6,6
68588,111,109,2,2
68589,107,99,8,8
68590,115,98,17,17
68591,75,77,-2,2
68592,129,116,13,13
68593,94,86,8,8
68594,52,51,1,1
68595,146,141,5,5
68596,99,102,-3,3
68597,93,108,-15,15
68598,57,61,-4,4
68599,102,107,-5,5
68600,58,68,-10,10
68601,95,132,-37,37
68602,92,86,6,6
68603,99,91,8,8
68604,115,116,-1,1
68605,77,76,1,1
68606,176,174,2,2
68607,97,102,-5,5
68608,153,133,20,20
68609,74,70,4,4
68610,182,165,17,17
68611,91,104,-13,13
68612,67,74,-7,7
68613,85,96,-11,11
68614,109,103,6,6
68615,113,104,9,9
68616,111,111,0,0
68617,95,105,-10,10
68618,74,73,1,1
68619,110,105,5,5
68620,58,58,0,0
68621,135,125,10,10
68622,108,112,-4,4
68623,112,115,-3,3
68624,49,52,-3,3
68625,114,117,-3,3
68626,57,60,-3,3
68627,74,70,4,4
68628,99,98,1,1
68629,96,89,7,7
68630,88,81,7,7
68631,79,85,-6,6
68632,82,72,10,10
68633,99,94,5,5
68634,116,108,8,8
68635,80,79,1,1
68636,120,116,4,4
68637,70,65,5,5
68638,74,75,-1,1
68639,55,67,-12,12
68640,97,90,7,7
68641,74,77,-3,3
68642,92,98,-6,6
68643,71,74,-3,3
68644,86,82,4,4
68645,66,61,5,5
68646,74,68,6,6
68647,90,91,-1,1
68648,110,106,4,4
68649,94,90,4,4
68650,101,96,5,5
68651,115,114,1,1
68652,91,89,2,2
68653,102,102,0,0
68654,116,123,-7,7
68655,130,126,4,4
68656,45,51,-6,6
68657,77,75,2,2
68658,117,128,-11,11
68659,109,107,2,2
68660,94,90,4,4
68661,130,122,8,8
68662,37,43,-6,6
68663,73,78,-5,5
68664,79,71,8,8
68665,80,88,-8,8
68666,143,122,21,21
68667,69,70,-1,1
68668,143,137,6,6
68669,105,103,2,2
68670,150,138,12,12
68671,94,87,7,7
68672,107,99,8,8
68673,64,62,2,2
68674,154,130,24,24
68675,129,125,4,4
68676,118,110,8,8
68677,86,83,3,3
68678,98,98,0,0
68679,134,140,-6,6
68680,96,97,-1,1
68681,90,86,4,4
68682,173,173,0,0
68683,83,83,0,0
68684,168,165,3,3
68685,97,94,3,3
68686,88,85,3,3
68687,54,56,-2,2
68688,142,122,20,20
68689,152,140,12,12
68690,75,82,-7,7
68691,73,73,0,0
68692,170,178,-8,8
68693,82,80,2,2
68694,103,111,-8,8
68695,135,125,10,10
68696,98,98,0,0
68697,190,177,13,13
68698,110,97,13,13
68699,56,67,-11,11
68700,160,144,16,16
68701,86,98,-12,12
68702,105,103,2,2
68703,42,42,0,0
68704,148,156,-8,8
68705,78,70,8,8
68706,108,108,0,0
68707,81,78,3,3
68708,135,128,7,7
68709,84,89,-5,5
68710,115,111,4,4
68711,124,115,9,9
68712,67,77,-10,10
68713,97,90,7,7
68714,90,86,4,4
68715,158,146,12,12
68716,162,151,11,11
68717,165,163,2,2
68718,76,78,-2,2
68719,174,170,4,4
68720,125,117,8,8
68721,155,150,5,5
68722,80,84,-4,4
68723,150,152,-2,2
68724,54,52,2,2
68725,119,104,15,15
68726,83,75,8,8
68727,56,64,-8,8
68728,69,78,-9,9
68729,94,93,1,1
68730,103,108,-5,5
68731,120,111,9,9
68732,119,126,-7,7
68733,92,89,3,3
68734,102,100,2,2
68735,75,75,0,0
68736,64,64,0,0
68737,175,162,13,13
68738,66,66,0,0
68739,69,68,1,1
68740,66,66,0,0
68741,42,47,-5,5
68742,222,207,15,15
68743,161,157,4,4
68744,139,120,19,19
68745,88,86,2,2
68746,81,74,7,7
68747,160,160,0,0
68748,100,100,0,0
68749,64,69,-5,5
68750,26,33,-7,7
68751,126,120,6,6
68752,49,49,0,0
68753,101,101,0,0
68754,78,74,4,4
68755,82,81,1,1
68756,68,69,-1,1
68757,90,95,-5,5
68758,78,77,1,1
68759,114,117,-3,3
68760,160,150,10,10
68761,108,105,3,3
68762,93,91,2,2
68763,52,51,1,1
68764,142,131,11,11
68765,151,157,-6,6
68766,118,120,-2,2
68767,90,86,4,4
68768,103,92,11,11
68769,126,119,7,7
68770,121,117,4,4
68771,111,113,-2,2
68772,87,82,5,5
68773,48,52,-4,4
68774,86,73,13,13
68775,60,101,-41,41
68776,162,140,22,22
68777,98,86,12,12
68778,134,130,4,4
68779,147,143,4,4
68780,113,115,-2,2
68781,79,77,2,2
68782,76,71,5,5
68783,72,80,-8,8
68784,59,68,-9,9
68785,151,142,9,9
68786,114,108,6,6
68787,71,77,-6,6
68788,146,139,7,7
68789,83,80,3,3
68790,65,66,-1,1
68791,60,56,4,4
68792,113,99,14,14
68793,146,130,16,16
68794,103,105,-2,2
68795,123,112,11,11
68796,59,63,-4,4
68797,158,136,22,22
68798,114,100,14,14
68799,133,120,13,13
68800,151,144,7,7
68801,41,40,1,1
68802,80,78,2,2
68803,71,67,4,4
68804,88,88,0,0
68805,94,103,-9,9
68806,41,56,-15,15
68807,129,143,-14,14
68808,126,118,8,8
68809,132,113,19,19
68810,38,50,-12,12
68811,81,81,0,0
68812,97,98,-1,1
68813,99,97,2,2
68814,159,154,5,5
68815,113,117,-4,4
68816,42,57,-15,15
68817,176,161,15,15
68818,96,82,14,14
68819,122,121,1,1
68820,134,136,-2,2
68821,63,68,-5,5
68822,81,78,3,3
68823,94,99,-5,5
68824,122,115,7,7
68825,99,85,14,14
68826,103,106,-3,3
68827,77,98,-21,21
68828,90,99,-9,9
68829,139,121,18,18
68830,74,75,-1,1
68831,83,83,0,0
68832,84,82,2,2
68833,108,100,8,8
68834,80,83,-3,3
68835,117,115,2,2
68836,81,76,5,5
68837,73,75,-2,2
68838,146,136,10,10
68839,83,83,0,0
68840,71,68,3,3
68841,99,106,-7,7
68842,52,56,-4,4
68843,97,105,-8,8
68844,80,74,6,6
68845,112,109,3,3
68846,57,72,-15,15
68847,105,102,3,3
68848,145,146,-1,1
68849,104,90,14,14
68850,94,85,9,9
68851,109,109,0,0
68852,73,75,-2,2
68853,54,60,-6,6
68854,99,95,4,4
68855,204,188,16,16
68856,42,48,-6,6
68857,40,38,2,2
68858,61,55,6,6
68859,98,99,-1,1
68860,88,89,-1,1
68861,107,117,-10,10
68862,101,101,0,0
68863,156,145,11,11
68864,43,48,-5,5
68865,85,79,6,6
68866,130,119,11,11
68867,49,59,-10,10
68868,82,78,4,4
68869,105,103,2,2
68870,141,151,-10,10
68871,124,125,-1,1
68872,149,161,-12,12
68873,61,54,7,7
68874,163,159,4,4
68875,94,98,-4,4
68876,64,69,-5,5
68877,129,142,-13,13
68878,71,76,-5,5
68879,95,102,-7,7
68880,106,111,-5,5
68881,103,83,20,20
68882,81,75,6,6
68883,89,81,8,8
68884,144,130,14,14
68885,64,69,-5,5
68886,37,121,-84,84
68887,87,77,10,10
68888,34,35,-1,1
68889,94,94,0,0
68890,84,86,-2,2
68891,76,73,3,3
68892,79,74,5,5
68893,96,102,-6,6
68894,99,93,6,6
68895,102,101,1,1
68896,66,65,1,1
68897,96,83,13,13
68898,75,77,-2,2
68899,98,87,11,11
68900,75,72,3,3
68901,106,97,9,9
68902,85,82,3,3
68903,104,116,-12,12
68904,83,87,-4,4
68905,92,89,3,3
68906,110,124,-14,14
68907,89,104,-15,15
68908,148,136,12,12
68909,105,101,4,4
68910,90,80,10,10
68911,42,57,-15,15
68912,102,102,0,0
68913,142,135,7,7
68914,122,119,3,3
68915,109,100,9,9
68916,101,104,-3,3
68917,89,95,-6,6
68918,118,119,-1,1
68919,146,133,13,13
68920,100,104,-4,4
68921,99,92,7,7
68922,62,61,1,1
68923,84,75,9,9
68924,62,70,-8,8
68925,190,172,18,18
68926,105,108,-3,3
68927,101,95,6,6
68928,69,76,-7,7
68929,105,100,5,5
68930,135,130,5,5
68931,162,167,-5,5
68932,96,94,2,2
68933,80,74,6,6
68934,83,84,-1,1
68935,133,128,5,5
68936,77,71,6,6
68937,130,123,7,7
68938,143,158,-15,15
68939,83,86,-3,3
68940,77,78,-1,1
68941,148,138,10,10
68942,88,81,7,7
68943,47,44,3,3
68944,66,58,8,8
68945,54,67,-13,13
68946,97,89,8,8
68947,80,89,-9,9
68948,51,68,-17,17
68949,122,127,-5,5
68950,134,121,13,13
68951,152,148,4,4
68952,96,101,-5,5
68953,75,79,-4,4
68954,143,143,0,0
68955,164,161,3,3
68956,99,97,2,2
68957,149,152,-3,3
68958,126,117,9,9
68959,90,80,10,10
68960,102,103,-1,1
68961,18,31,-13,13
68962,103,140,-37,37
68963,130,123,7,7
68964,67,73,-6,6
68965,69,63,6,6
68966,84,80,4,4
68967,122,123,-1,1
68968,103,93,10,10
68969,65,58,7,7
68970,111,116,-5,5
68971,177,175,2,2
68972,64,63,1,1
68973,159,156,3,3
68974,123,127,-4,4
68975,67,69,-2,2
68976,138,141,-3,3
68977,88,87,1,1
68978,94,105,-11,11
68979,114,103,11,11
68980,81,76,5,5
68981,68,66,2,2
68982,214,195,19,19
68983,145,127,18,18
68984,54,58,-4,4
68985,100,93,7,7
68986,146,142,4,4
68987,213,186,27,27
68988,106,115,-9,9
68989,57,52,5,5
68990,128,125,3,3
68991,97,94,3,3
68992,90,96,-6,6
68993,102,98,4,4
68994,153,136,17,17
68995,84,82,2,2
68996,27,33,-6,6
68997,51,48,3,3
68998,73,76,-3,3
68999,86,81,5,5
69000,77,73,4,4
69001,154,135,19,19
69002,107,102,5,5
69003,173,168,5,5
69004,80,79,1,1
69005,92,87,5,5
69006,86,82,4,4
69007,70,73,-3,3
69008,116,121,-5,5
69009,79,78,1,1
69010,101,99,2,2
69011,138,132,6,6
69012,125,109,16,16
69013,65,68,-3,3
69014,82,82,0,0
69015,88,89,-1,1
69016,40,50,-10,10
69017,104,105,-1,1
69018,111,111,0,0
69019,81,77,4,4
69020,67,78,-11,11
69021,91,99,-8,8
69022,135,130,5,5
69023,155,166,-11,11
69024,89,82,7,7
69025,58,68,-10,10
69026,137,126,11,11
69027,69,69,0,0
69028,84,82,2,2
69029,110,95,15,15
69030,68,91,-23,23
69031,126,112,14,14
69032,185,147,38,38
69033,64,56,8,8
69034,119,113,6,6
69035,133,128,5,5
69036,96,88,8,8
69037,54,57,-3,3
69038,90,86,4,4
69039,75,72,3,3
69040,123,126,-3,3
69041,91,89,2,2
69042,114,112,2,2
69043,49,81,-32,32
69044,119,110,9,9
69045,78,73,5,5
69046,105,99,6,6
69047,113,112,1,1
69048,75,72,3,3
69049,162,159,3,3
69050,62,61,1,1
69051,93,80,13,13
69052,67,68,-1,1
69053,118,118,0,0
69054,76,75,1,1
69055,132,124,8,8
69056,43,43,0,0
69057,69,75,-6,6
69058,99,101,-2,2
69059,81,75,6,6
69060,103,101,2,2
69061,87,80,7,7
69062,88,81,7,7
69063,92,86,6,6
69064,102,92,10,10
69065,53,56,-3,3
69066,80,79,1,1
69067,86,79,7,7
69068,107,109,-2,2
69069,165,170,-5,5
69070,43,47,-4,4
69071,84,77,7,7
69072,129,125,4,4
69073,135,129,6,6
69074,32,63,-31,31
69075,49,64,-15,15
69076,91,89,2,2
69077,72,74,-2,2
69078,85,80,5,5
69079,75,80,-5,5
69080,95,114,-19,19
69081,132,123,9,9
69082,98,104,-6,6
69083,34,32,2,2
69084,114,110,4,4
69085,104,97,7,7
69086,111,100,11,11
69087,59,55,4,4
69088,38,46,-8,8
69089,45,45,0,0
69090,160,171,-11,11
69091,87,83,4,4
69092,78,84,-6,6
69093,180,147,33,33
69094,112,117,-5,5
69095,99,101,-2,2
69096,77,80,-3,3
69097,64,85,-21,21
69098,93,79,14,14
69099,135,151,-16,16
69100,80,80,0,0
69101,105,89,16,16
69102,93,93,0,0
69103,97,98,-1,1
69104,93,102,-9,9
69105,126,108,18,18
69106,100,95,5,5
69107,93,90,3,3
69108,116,117,-1,1
69109,89,84,5,5
69110,72,84,-12,12
69111,158,140,18,18
69112,107,90,17,17
69113,57,64,-7,7
69114,95,100,-5,5
69115,199,182,17,17
69116,98,96,2,2
69117,50,53,-3,3
69118,72,69,3,3
69119,86,79,7,7
69120,36,53,-17,17
69121,77,66,11,11
69122,144,145,-1,1
69123,101,117,-16,16
69124,141,138,3,3
69125,136,127,9,9
69126,81,75,6,6
69127,96,116,-20,20
69128,92,87,5,5
69129,37,46,-9,9
69130,117,118,-1,1
69131,96,89,7,7
69132,120,134,-14,14
69133,58,62,-4,4
69134,147,126,21,21
69135,60,66,-6,6
69136,85,80,5,5
69137,71,67,4,4
69138,74,69,5,5
69139,98,98,0,0
69140,59,57,2,2
69141,77,78,-1,1
69142,77,81,-4,4
69143,76,77,-1,1
69144,52,58,-6,6
69145,116,116,0,0
69146,78,84,-6,6
69147,74,76,-2,2
69148,124,120,4,4
69149,58,55,3,3
69150,86,80,6,6
69151,132,120,12,12
69152,108,94,14,14
69153,38,42,-4,4
69154,138,139,-1,1
69155,74,74,0,0
69156,73,76,-3,3
69157,95,81,14,14
69158,129,140,-11,11
69159,102,96,6,6
69160,112,105,7,7
69161,141,138,3,3
69162,76,73,3,3
69163,142,136,6,6
69164,72,71,1,1
69165,163,156,7,7
69166,122,118,4,4
69167,44,39,5,5
69168,104,100,4,4
69169,72,82,-10,10
69170,60,62,-2,2
69171,69,68,1,1
69172,113,104,9,9
69173,89,89,0,0
69174,42,42,0,0
69175,146,138,8,8
69176,147,126,21,21
69177,132,144,-12,12
69178,107,100,7,7
69179,77,79,-2,2
69180,102,101,1,1
69181,153,136,17,17
69182,56,93,-37,37
69183,105,108,-3,3
69184,129,125,4,4
69185,99,92,7,7
69186,55,57,-2,2
69187,102,111,-9,9
69188,102,93,9,9
69189,111,112,-1,1
69190,123,125,-2,2
69191,62,68,-6,6
69192,152,165,-13,13
69193,89,77,12,12
69194,94,85,9,9
69195,35,52,-17,17
69196,94,91,3,3
69197,110,116,-6,6
69198,175,175,0,0
69199,105,96,9,9
69200,42,48,-6,6
69201,152,142,10,10
69202,149,135,14,14
69203,207,184,23,23
69204,152,156,-4,4
69205,88,96,-8,8
69206,94,89,5,5
69207,76,72,4,4
69208,84,81,3,3
69209,87,83,4,4
69210,59,55,4,4
69211,112,106,6,6
69212,110,101,9,9
69213,136,115,21,21
69214,81,93,-12,12
69215,177,159,18,18
69216,120,122,-2,2
69217,86,85,1,1
69218,57,61,-4,4
69219,100,81,19,19
69220,134,127,7,7
69221,75,70,5,5
69222,88,82,6,6
69223,82,87,-5,5
69224,54,62,-8,8
69225,74,70,4,4
69226,50,54,-4,4
69227,125,113,12,12
69228,85,85,0,0
69229,148,142,6,6
69230,88,90,-2,2
69231,58,71,-13,13
69232,124,106,18,18
69233,129,129,0,0
69234,100,98,2,2
69235,76,75,1,1
69236,86,78,8,8
69237,57,70,-13,13
69238,84,80,4,4
69239,103,92,11,11
69240,87,84,3,3
69241,114,117,-3,3
69242,58,64,-6,6
69243,100,91,9,9
69244,92,100,-8,8
69245,78,80,-2,2
69246,73,83,-10,10
69247,73,68,5,5
69248,106,105,1,1
69249,135,133,2,2
69250,95,112,-17,17
69251,75,78,-3,3
69252,116,122,-6,6
69253,58,56,2,2
69254,135,126,9,9
69255,75,76,-1,1
69256,51,58,-7,7
69257,69,69,0,0
69258,97,108,-11,11
69259,73,76,-3,3
69260,91,95,-4,4
69261,156,149,7,7
69262,67,72,-5,5
69263,77,74,3,3
69264,133,136,-3,3
69265,129,143,-14,14
69266,110,105,5,5
69267,121,134,-13,13
69268,150,146,4,4
69269,89,84,5,5
69270,71,68,3,3
69271,119,104,15,15
69272,70,78,-8,8
69273,121,125,-4,4
69274,116,119,-3,3
69275,123,129,-6,6
69276,95,87,8,8
69277,70,68,2,2
69278,111,93,18,18
69279,113,105,8,8
69280,92,79,13,13
69281,52,58,-6,6
69282,114,110,4,4
69283,106,103,3,3
69284,102,116,-14,14
69285,72,81,-9,9
69286,134,121,13,13
69287,101,98,3,3
69288,134,120,14,14
69289,111,113,-2,2
69290,99,98,1,1
69291,98,89,9,9
69292,94,93,1,1
69293,44,46,-2,2
69294,92,93,-1,1
69295,81,79,2,2
69296,74,75,-1,1
69297,51,49,2,2
69298,135,129,6,6
69299,34,39,-5,5
69300,151,148,3,3
69301,64,66,-2,2
69302,105,108,-3,3
69303,117,101,16,16
69304,88,85,3,3
69305,100,102,-2,2
69306,88,83,5,5
69307,84,84,0,0
69308,189,182,7,7
69309,45,49,-4,4
69310,64,69,-5,5
69311,94,92,2,2
69312,199,180,19,19
69313,80,74,6,6
69314,105,105,0,0
69315,112,106,6,6
69316,59,45,14,14
69317,54,61,-7,7
69318,123,115,8,8
69319,59,61,-2,2
69320,186,174,12,12
69321,110,111,-1,1
69322,117,110,7,7
69323,82,81,1,1
69324,202,174,28,28
69325,129,113,16,16
69326,91,92,-1,1
69327,131,110,21,21
69328,117,109,8,8
69329,82,73,9,9
69330,78,88,-10,10
69331,129,124,5,5
69332,46,37,9,9
69333,122,125,-3,3
69334,124,115,9,9
69335,186,190,-4,4
69336,103,101,2,2
69337,112,117,-5,5
69338,135,138,-3,3
69339,68,72,-4,4
69340,110,109,1,1
69341,57,56,1,1
69342,144,139,5,5
69343,115,101,14,14
69344,143,137,6,6
69345,75,82,-7,7
69346,69,64,5,5
69347,140,126,14,14
69348,93,99,-6,6
69349,74,73,1,1
69350,165,162,3,3
69351,77,80,-3,3
69352,57,60,-3,3
69353,87,101,-14,14
69354,123,122,1,1
69355,78,83,-5,5
69356,120,126,-6,6
69357,100,99,1,1
69358,112,110,2,2
69359,87,89,-2,2
69360,98,84,14,14
69361,106,102,4,4
69362,91,97,-6,6
69363,107,105,2,2
69364,67,65,2,2
69365,125,121,4,4
69366,61,58,3,3
69367,96,97,-1,1
69368,73,72,1,1
69369,70,69,1,1
69370,89,81,8,8
69371,114,108,6,6
69372,74,76,-2,2
69373,133,114,19,19
69374,107,113,-6,6
69375,91,87,4,4
69376,83,75,8,8
69377,76,73,3,3
69378,75,79,-4,4
69379,83,78,5,5
69380,62,64,-2,2
69381,71,79,-8,8
69382,40,38,2,2
69383,131,122,9,9
69384,138,139,-1,1
69385,43,52,-9,9
69386,76,82,-6,6
69387,128,154,-26,26
69388,62,63,-1,1
69389,128,121,7,7
69390,79,81,-2,2
69391,140,129,11,11
69392,94,101,-7,7
69393,96,95,1,1
69394,43,38,5,5
69395,159,150,9,9
69396,62,56,6,6
69397,131,122,9,9
69398,65,66,-1,1
69399,63,69,-6,6
69400,116,124,-8,8
69401,65,81,-16,16
69402,70,70,0,0
69403,56,60,-4,4
69404,95,94,1,1
69405,120,112,8,8
69406,93,97,-4,4
69407,92,88,4,4
69408,101,91,10,10
69409,106,109,-3,3
69410,151,142,9,9
69411,98,91,7,7
69412,63,64,-1,1
69413,120,122,-2,2
69414,93,88,5,5
69415,89,84,5,5
69416,47,51,-4,4
69417,92,95,-3,3
69418,95,84,11,11
69419,90,81,9,9
69420,116,106,10,10
69421,88,83,5,5
69422,107,113,-6,6
69423,168,179,-11,11
69424,49,46,3,3
69425,111,102,9,9
69426,76,80,-4,4
69427,89,84,5,5
69428,72,73,-1,1
69429,131,130,1,1
69430,61,74,-13,13
69431,106,96,10,10
69432,65,69,-4,4
69433,76,77,-1,1
69434,62,93,-31,31
69435,63,63,0,0
69436,77,75,2,2
69437,120,110,10,10
69438,109,110,-1,1
69439,93,87,6,6
69440,66,65,1,1
69441,72,66,6,6
69442,94,85,9,9
69443,143,126,17,17
69444,75,79,-4,4
69445,99,98,1,1
69446,112,114,-2,2
69447,66,69,-3,3
69448,72,69,3,3
69449,46,56,-10,10
69450,100,99,1,1
69451,89,80,9,9
69452,101,100,1,1
69453,63,61,2,2
69454,108,104,4,4
69455,89,91,-2,2
69456,101,95,6,6
69457,94,89,5,5
69458,73,77,-4,4
69459,148,122,26,26
69460,142,133,9,9
69461,92,90,2,2
69462,151,142,9,9
69463,119,113,6,6
69464,61,65,-4,4
69465,124,126,-2,2
69466,46,55,-9,9
69467,67,75,-8,8
69468,46,64,-18,18
69469,81,77,4,4
69470,104,106,-2,2
69471,47,49,-2,2
69472,88,84,4,4
69473,115,85,30,30
69474,92,107,-15,15
69475,100,82,18,18
69476,141,134,7,7
69477,107,104,3,3
69478,127,112,15,15
69479,117,123,-6,6
69480,72,71,1,1
69481,81,82,-1,1
69482,100,126,-26,26
69483,84,101,-17,17
69484,70,67,3,3
69485,152,136,16,16
69486,32,38,-6,6
69487,121,123,-2,2
69488,69,70,-1,1
69489,63,69,-6,6
69490,76,76,0,0
69491,81,84,-3,3
69492,106,100,6,6
69493,69,77,-8,8
69494,54,59,-5,5
69495,92,86,6,6
69496,61,67,-6,6
69497,141,126,15,15
69498,78,75,3,3
69499,124,141,-17,17
69500,94,91,3,3
69501,66,70,-4,4
69502,156,158,-2,2
69503,80,101,-21,21
69504,84,85,-1,1
69505,161,161,0,0
69506,106,96,10,10
69507,98,97,1,1
69508,108,105,3,3
69509,109,101,8,8
69510,85,80,5,5
69511,74,84,-10,10
69512,74,73,1,1
69513,88,98,-10,10
69514,128,120,8,8
69515,93,88,5,5
69516,140,138,2,2
69517,109,103,6,6
69518,58,58,0,0
69519,73,63,10,10
69520,86,84,2,2
69521,94,87,7,7
69522,332,298,34,34
69523,112,101,11,11
69524,48,46,2,2
69525,73,77,-4,4
69526,116,111,5,5
69527,105,89,16,16
69528,65,67,-2,2
69529,108,102,6,6
69530,83,92,-9,9
69531,81,84,-3,3
69532,155,159,-4,4
69533,110,95,15,15
69534,120,108,12,12
69535,92,83,9,9
69536,152,137,15,15
69537,131,134,-3,3
69538,48,66,-18,18
69539,68,69,-1,1
69540,74,72,2,2
69541,86,95,-9,9
69542,148,156,-8,8
69543,188,176,12,12
69544,79,86,-7,7
69545,125,117,8,8
69546,95,81,14,14
69547,63,62,1,1
69548,78,73,5,5
69549,116,118,-2,2
69550,83,83,0,0
69551,68,70,-2,2
69552,104,117,-13,13
69553,107,104,3,3
69554,93,83,10,10
69555,115,112,3,3
69556,105,85,20,20
69557,76,92,-16,16
69558,129,116,13,13
69559,53,49,4,4
69560,78,87,-9,9
69561,108,104,4,4
69562,39,43,-4,4
69563,81,76,5,5
69564,122,125,-3,3
69565,74,71,3,3
69566,63,70,-7,7
69567,115,111,4,4
69568,119,121,-2,2
69569,130,125,5,5
69570,103,126,-23,23
69571,107,109,-2,2
69572,69,78,-9,9
69573,130,121,9,9
69574,98,113,-15,15
69575,126,114,12,12
69576,119,104,15,15
69577,86,87,-1,1
69578,211,200,11,11
69579,82,82,0,0
69580,64,65,-1,1
69581,96,75,21,21
69582,63,65,-2,2
69583,102,101,1,1
69584,119,125,-6,6
69585,82,87,-5,5
69586,119,110,9,9
69587,64,63,1,1
69588,48,45,3,3
69589,140,132,8,8
69590,112,106,6,6
69591,93,105,-12,12
69592,88,86,2,2
69593,93,90,3,3
69594,60,58,2,2
69595,66,68,-2,2
69596,48,47,1,1
69597,101,92,9,9
69598,54,58,-4,4
69599,99,90,9,9
69600,81,78,3,3
69601,155,144,11,11
69602,80,71,9,9
69603,69,70,-1,1
69604,65,76,-11,11
69605,81,86,-5,5
69606,100,103,-3,3
69607,89,97,-8,8
69608,86,86,0,0
69609,107,110,-3,3
69610,61,66,-5,5
69611,59,55,4,4
69612,51,58,-7,7
69613,147,148,-1,1
69614,127,114,13,13
69615,130,135,-5,5
69616,53,49,4,4
69617,117,94,23,23
69618,132,127,5,5
69619,119,113,6,6
69620,107,91,16,16
69621,79,92,-13,13
69622,157,152,5,5
69623,125,107,18,18
69624,60,65,-5,5
69625,79,69,10,10
69626,80,82,-2,2
69627,151,133,18,18
69628,109,98,11,11
69629,64,66,-2,2
69630,111,97,14,14
69631,44,54,-10,10
69632,95,82,13,13
69633,137,127,10,10
69634,121,101,20,20
69635,51,60,-9,9
69636,53,64,-11,11
69637,93,88,5,5
69638,91,92,-1,1
69639,125,115,10,10
69640,59,63,-4,4
69641,63,65,-2,2
69642,111,97,14,14
69643,117,119,-2,2
69644,74,74,0,0
69645,117,120,-3,3
69646,65,63,2,2
69647,100,91,9,9
69648,227,215,12,12
69649,145,165,-20,20
69650,82,83,-1,1
69651,93,80,13,13
69652,120,129,-9,9
69653,122,110,12,12
69654,121,116,5,5
69655,106,88,18,18
69656,95,101,-6,6
69657,71,71,0,0
69658,64,73,-9,9
69659,103,99,4,4
69660,66,79,-13,13
69661,60,66,-6,6
69662,85,83,2,2
69663,110,109,1,1
69664,109,108,1,1
69665,80,90,-10,10
69666,80,71,9,9
69667,147,150,-3,3
69668,107,113,-6,6
69669,61,61,0,0
69670,163,162,1,1
69671,60,60,0,0
69672,85,80,5,5
69673,152,157,-5,5
69674,90,86,4,4
69675,81,78,3,3
69676,76,72,4,4
69677,95,87,8,8
69678,70,69,1,1
69679,101,94,7,7
69680,65,61,4,4
69681,78,85,-7,7
69682,94,94,0,0
69683,69,70,-1,1
69684,161,162,-1,1
69685,97,101,-4,4
69686,66,75,-9,9
69687,171,154,17,17
69688,93,80,13,13
69689,98,90,8,8
69690,101,104,-3,3
69691,97,94,3,3
69692,74,79,-5,5
69693,88,77,11,11
69694,184,179,5,5
69695,74,79,-5,5
69696,65,77,-12,12
69697,193,178,15,15
69698,103,96,7,7
69699,57,65,-8,8
69700,113,130,-17,17
69701,145,164,-19,19
69702,60,63,-3,3
69703,128,137,-9,9
69704,89,90,-1,1
69705,80,79,1,1
69706,79,72,7,7
69707,114,108,6,6
69708,200,189,11,11
69709,133,127,6,6
69710,114,106,8,8
69711,125,122,3,3
69712,82,79,3,3
69713,90,81,9,9
69714,95,90,5,5
69715,140,143,-3,3
69716,96,100,-4,4
69717,186,177,9,9
69718,89,99,-10,10
69719,57,57,0,0
69720,76,77,-1,1
69721,64,63,1,1
69722,138,127,11,11
69723,97,97,0,0
69724,95,102,-7,7
69725,157,158,-1,1
69726,76,70,6,6
69727,77,80,-3,3
69728,110,108,2,2
69729,191,176,15,15
69730,70,67,3,3
69731,100,112,-12,12
69732,98,100,-2,2
69733,64,69,-5,5
69734,106,102,4,4
69735,95,94,1,1
69736,70,79,-9,9
69737,132,118,14,14
69738,43,38,5,5
69739,177,158,19,19
69740,59,58,1,1
69741,42,50,-8,8
69742,40,35,5,5
69743,82,59,23,23
69744,79,84,-5,5
69745,62,76,-14,14
69746,108,101,7,7
69747,103,111,-8,8
69748,92,87,5,5
69749,63,69,-6,6
69750,65,69,-4,4
69751,144,146,-2,2
69752,92,88,4,4
69753,129,129,0,0
69754,137,138,-1,1
69755,122,126,-4,4
69756,48,68,-20,20
69757,85,69,16,16
69758,90,94,-4,4
69759,82,72,10,10
69760,112,102,10,10
69761,85,85,0,0
69762,91,82,9,9
69763,78,79,-1,1
69764,69,72,-3,3
69765,121,110,11,11
69766,68,74,-6,6
69767,131,130,1,1
69768,89,85,4,4
69769,93,88,5,5
69770,54,50,4,4
69771,136,135,1,1
69772,35,74,-39,39
69773,178,160,18,18
69774,105,99,6,6
69775,145,144,1,1
69776,75,82,-7,7
69777,117,105,12,12
69778,63,65,-2,2
69779,132,129,3,3
69780,100,101,-1,1
69781,67,69,-2,2
69782,47,54,-7,7
69783,128,114,14,14
69784,119,124,-5,5
69785,119,121,-2,2
69786,93,76,17,17
69787,121,120,1,1
69788,79,73,6,6
69789,166,155,11,11
69790,87,79,8,8
69791,85,84,1,1
69792,80,73,7,7
69793,68,69,-1,1
69794,131,132,-1,1
69795,124,119,5,5
69796,146,150,-4,4
69797,71,67,4,4
69798,89,97,-8,8
69799,60,68,-8,8
69800,64,62,2,2
69801,63,62,1,1
69802,61,63,-2,2
69803,119,105,14,14
69804,83,85,-2,2
69805,96,97,-1,1
69806,116,131,-15,15
69807,122,117,5,5
69808,102,93,9,9
69809,85,84,1,1
69810,129,132,-3,3
69811,109,98,11,11
69812,41,41,0,0
69813,95,98,-3,3
69814,131,108,23,23
69815,98,75,23,23
69816,105,97,8,8
69817,35,47,-12,12
69818,65,63,2,2
69819,69,67,2,2
69820,72,71,1,1
69821,101,104,-3,3
69822,86,82,4,4
69823,103,104,-1,1
69824,110,98,12,12
69825,77,70,7,7
69826,98,73,25,25
69827,107,102,5,5
69828,72,79,-7,7
69829,109,109,0,0
69830,68,64,4,4
69831,64,62,2,2
69832,158,153,5,5
69833,112,118,-6,6
69834,71,81,-10,10
69835,119,112,7,7
69836,63,66,-3,3
69837,66,68,-2,2
69838,90,84,6,6
69839,114,119,-5,5
69840,81,83,-2,2
69841,136,125,11,11
69842,92,86,6,6
69843,46,65,-19,19
69844,48,52,-4,4
69845,99,85,14,14
69846,63,69,-6,6
69847,113,110,3,3
69848,77,79,-2,2
69849,95,106,-11,11
69850,95,92,3,3
69851,92,93,-1,1
69852,77,75,2,2
69853,108,104,4,4
69854,80,78,2,2
69855,106,105,1,1
69856,193,186,7,7
69857,138,124,14,14
69858,146,146,0,0
69859,146,149,-3,3
69860,121,109,12,12
69861,134,120,14,14
69862,92,90,2,2
69863,109,103,6,6
69864,94,100,-6,6
69865,96,100,-4,4
69866,105,118,-13,13
69867,124,127,-3,3
69868,101,92,9,9
69869,63,70,-7,7
69870,91,92,-1,1
69871,75,83,-8,8
69872,89,98,-9,9
69873,134,130,4,4
69874,130,125,5,5
69875,71,80,-9,9
69876,152,149,3,3
69877,79,64,15,15
69878,82,70,12,12
69879,80,81,-1,1
69880,51,56,-5,5
69881,134,129,5,5
69882,120,104,16,16
69883,88,82,6,6
69884,66,73,-7,7
69885,40,47,-7,7
69886,81,72,9,9
69887,125,113,12,12
69888,57,59,-2,2
69889,127,117,10,10
69890,70,65,5,5
69891,144,98,46,46
69892,100,109,-9,9
69893,190,172,18,18
69894,79,79,0,0
69895,95,75,20,20
69896,86,74,12,12
69897,75,66,9,9
69898,108,101,7,7
69899,74,73,1,1
69900,110,118,-8,8
69901,121,111,10,10
69902,75,77,-2,2
69903,193,169,24,24
69904,102,95,7,7
69905,83,85,-2,2
69906,161,156,5,5
69907,43,60,-17,17
69908,157,177,-20,20
69909,152,158,-6,6
69910,166,156,10,10
69911,61,60,1,1
69912,123,117,6,6
69913,77,67,10,10
69914,76,69,7,7
69915,103,108,-5,5
69916,73,72,1,1
69917,94,98,-4,4
69918,71,76,-5,5
69919,69,85,-16,16
69920,46,45,1,1
69921,59,61,-2,2
69922,109,101,8,8
69923,166,169,-3,3
69924,65,67,-2,2
69925,97,88,9,9
69926,170,157,13,13
69927,76,79,-3,3
69928,79,79,0,0
69929,84,91,-7,7
69930,36,30,6,6
69931,149,149,0,0
69932,61,59,2,2
69933,109,107,2,2
69934,160,140,20,20
69935,96,86,10,10
69936,139,140,-1,1
69937,59,61,-2,2
69938,52,45,7,7
69939,148,138,10,10
69940,90,74,16,16
69941,68,60,8,8
69942,60,67,-7,7
69943,110,109,1,1
69944,80,98,-18,18
69945,37,37,0,0
69946,75,84,-9,9
69947,62,70,-8,8
69948,66,67,-1,1
69949,99,105,-6,6
69950,105,102,3,3
69951,165,151,14,14
69952,164,158,6,6
69953,93,90,3,3
69954,58,75,-17,17
69955,93,88,5,5
69956,37,40,-3,3
69957,68,73,-5,5
69958,122,124,-2,2
69959,36,38,-2,2
69960,109,107,2,2
69961,111,102,9,9
69962,39,40,-1,1
69963,139,131,8,8
69964,109,111,-2,2
69965,169,162,7,7
69966,138,137,1,1
69967,104,121,-17,17
69968,170,178,-8,8
69969,66,67,-1,1
69970,154,150,4,4
69971,46,50,-4,4
69972,136,121,15,15
69973,81,79,2,2
69974,390,322,68,68
69975,88,81,7,7
69976,66,76,-10,10
69977,69,69,0,0
69978,48,57,-9,9
69979,136,123,13,13
69980,85,82,3,3
69981,73,72,1,1
69982,128,138,-10,10
69983,90,98,-8,8
69984,105,105,0,0
69985,127,120,7,7
69986,102,102,0,0
69987,111,106,5,5
69988,110,95,15,15
69989,92,85,7,7
69990,66,102,-36,36
69991,103,101,2,2
69992,111,101,10,10
69993,120,118,2,2
69994,96,100,-4,4
69995,141,138,3,3
69996,89,103,-14,14
69997,66,68,-2,2
69998,95,83,12,12
69999,83,87,-4,4
70000,62,62,0,0
70001,136,136,0,0
70002,99,93,6,6
70003,78,70,8,8
70004,79,85,-6,6
70005,86,82,4,4
70006,70,72,-2,2
70007,128,126,2,2
70008,100,84,16,16
70009,116,102,14,14
70010,165,179,-14,14
70011,125,121,4,4
70012,63,69,-6,6
70013,93,100,-7,7
70014,135,121,14,14
70015,61,63,-2,2
70016,55,73,-18,18
70017,95,87,8,8
70018,98,99,-1,1
70019,54,56,-2,2
70020,85,87,-2,2
70021,96,86,10,10
70022,132,139,-7,7
70023,81,83,-2,2
70024,57,64,-7,7
70025,71,67,4,4
70026,92,89,3,3
70027,99,84,15,15
70028,87,82,5,5
70029,116,99,17,17
70030,46,51,-5,5
70031,29,25,4,4
70032,163,171,-8,8
70033,110,102,8,8
70034,68,69,-1,1
70035,62,62,0,0
70036,60,54,6,6
70037,91,95,-4,4
70038,35,36,-1,1
70039,61,68,-7,7
70040,101,93,8,8
70041,135,127,8,8
70042,169,169,0,0
70043,122,112,10,10
70044,182,173,9,9
70045,86,88,-2,2
70046,121,113,8,8
70047,65,61,4,4
70048,84,83,1,1
70049,98,87,11,11
70050,61,66,-5,5
70051,71,74,-3,3
70052,54,58,-4,4
70053,130,120,10,10
70054,47,53,-6,6
70055,78,73,5,5
70056,83,73,10,10
70057,119,105,14,14
70058,86,78,8,8
70059,92,91,1,1
70060,76,76,0,0
70061,80,84,-4,4
70062,103,93,10,10
70063,113,108,5,5
70064,79,82,-3,3
70065,68,70,-2,2
70066,115,110,5,5
70067,62,70,-8,8
70068,107,117,-10,10
70069,115,104,11,11
70070,138,137,1,1
70071,115,121,-6,6
70072,117,104,13,13
70073,92,139,-47,47
70074,122,112,10,10
70075,54,58,-4,4
70076,76,78,-2,2
70077,96,88,8,8
70078,57,62,-5,5
70079,108,108,0,0
70080,104,105,-1,1
70081,107,103,4,4
70082,66,64,2,2
70083,57,67,-10,10
70084,72,70,2,2
70085,63,93,-30,30
70086,119,122,-3,3
70087,123,114,9,9
70088,86,83,3,3
70089,121,103,18,18
70090,72,66,6,6
70091,70,71,-1,1
70092,84,75,9,9
70093,72,77,-5,5
70094,61,59,2,2
70095,128,114,14,14
70096,90,91,-1,1
70097,138,149,-11,11
70098,80,79,1,1
70099,134,104,30,30
70100,135,134,1,1
70101,108,106,2,2
70102,114,105,9,9
70103,87,78,9,9
70104,29,48,-19,19
70105,84,84,0,0
70106,139,136,3,3
70107,126,116,10,10
70108,61,56,5,5
70109,22,23,-1,1
70110,61,75,-14,14
70111,74,81,-7,7
70112,120,112,8,8
70113,69,70,-1,1
70114,61,69,-8,8
70115,88,91,-3,3
70116,102,104,-2,2
70117,107,106,1,1
70118,103,99,4,4
70119,89,92,-3,3
70120,134,135,-1,1
70121,52,62,-10,10
70122,63,96,-33,33
70123,116,107,9,9
70124,123,137,-14,14
70125,101,93,8,8
70126,58,63,-5,5
70127,95,96,-1,1
70128,66,65,1,1
70129,69,68,1,1
70130,107,99,8,8
70131,118,129,-11,11
70132,155,137,18,18
70133,75,75,0,0
70134,103,93,10,10
70135,81,75,6,6
70136,94,89,5,5
70137,64,67,-3,3
70138,135,127,8,8
70139,116,133,-17,17
70140,213,187,26,26
70141,87,85,2,2
70142,109,124,-15,15
70143,149,145,4,4
70144,81,93,-12,12
70145,78,75,3,3
70146,62,61,1,1
70147,73,76,-3,3
70148,68,61,7,7
70149,103,79,24,24
70150,121,106,15,15
70151,165,150,15,15
70152,105,99,6,6
70153,71,68,3,3
70154,139,143,-4,4
70155,75,100,-25,25
70156,146,155,-9,9
70157,88,90,-2,2
70158,184,183,1,1
70159,122,109,13,13
70160,50,69,-19,19
70161,98,99,-1,1
70162,28,60,-32,32
70163,68,62,6,6
70164,34,34,0,0
70165,88,79,9,9
70166,87,89,-2,2
70167,91,84,7,7
70168,97,93,4,4
70169,93,74,19,19
70170,46,43,3,3
70171,63,62,1,1
70172,54,63,-9,9
70173,68,72,-4,4
70174,100,114,-14,14
70175,51,52,-1,1
70176,92,92,0,0
70177,111,110,1,1
70178,66,65,1,1
70179,60,70,-10,10
70180,66,65,1,1
70181,130,113,17,17
70182,125,109,16,16
70183,134,135,-1,1
70184,139,136,3,3
70185,105,106,-1,1
70186,70,73,-3,3
70187,106,99,7,7
70188,146,128,18,18
70189,144,149,-5,5
70190,108,125,-17,17
70191,77,79,-2,2
70192,99,90,9,9
70193,79,78,1,1
70194,65,68,-3,3
70195,65,77,-12,12
70196,89,98,-9,9
70197,128,115,13,13
70198,95,118,-23,23
70199,131,144,-13,13
70200,48,47,1,1
70201,127,115,12,12
70202,102,104,-2,2
70203,127,124,3,3
70204,53,59,-6,6
70205,148,130,18,18
70206,173,159,14,14
70207,110,105,5,5
70208,61,64,-3,3
70209,65,66,-1,1
70210,83,75,8,8
70211,125,125,0,0
70212,94,87,7,7
70213,82,77,5,5
70214,95,87,8,8
70215,48,55,-7,7
70216,112,109,3,3
70217,74,75,-1,1
70218,114,105,9,9
70219,64,70,-6,6
70220,109,100,9,9
70221,163,152,11,11
70222,136,131,5,5
70223,218,193,25,25
70224,114,103,11,11
70225,152,146,6,6
70226,115,117,-2,2
70227,70,75,-5,5
70228,76,76,0,0
70229,101,99,2,2
70230,122,110,12,12
70231,95,87,8,8
70232,112,143,-31,31
70233,114,112,2,2
70234,93,90,3,3
70235,56,68,-12,12
70236,110,121,-11,11
70237,97,94,3,3
70238,86,96,-10,10
70239,87,82,5,5
70240,55,70,-15,15
70241,183,197,-14,14
70242,99,98,1,1
70243,102,100,2,2
70244,113,108,5,5
70245,95,91,4,4
70246,191,171,20,20
70247,82,82,0,0
70248,55,53,2,2
70249,60,65,-5,5
70250,81,73,8,8
70251,87,84,3,3
70252,142,143,-1,1
70253,97,83,14,14
70254,116,100,16,16
70255,73,73,0,0
70256,87,90,-3,3
70257,102,92,10,10
70258,57,64,-7,7
70259,56,64,-8,8
70260,193,159,34,34
70261,99,100,-1,1
70262,61,68,-7,7
70263,90,84,6,6
70264,129,134,-5,5
70265,86,84,2,2
70266,68,76,-8,8
70267,106,96,10,10
70268,101,107,-6,6
70269,139,129,10,10
70270,97,104,-7,7
70271,79,84,-5,5
70272,54,62,-8,8
70273,47,53,-6,6
70274,119,108,11,11
70275,93,83,10,10
70276,70,71,-1,1
70277,109,107,2,2
70278,55,69,-14,14
70279,127,132,-5,5
70280,76,77,-1,1
70281,35,41,-6,6
70282,66,65,1,1
70283,72,73,-1,1
70284,91,101,-10,10
70285,128,134,-6,6
70286,123,122,1,1
70287,129,124,5,5
70288,106,98,8,8
70289,84,88,-4,4
70290,99,84,15,15
70291,59,58,1,1
70292,54,62,-8,8
70293,120,117,3,3
70294,188,171,17,17
70295,83,80,3,3
70296,146,130,16,16
70297,69,70,-1,1
70298,58,62,-4,4
70299,173,148,25,25
70300,131,119,12,12
70301,150,141,9,9
70302,115,109,6,6
70303,107,98,9,9
70304,131,132,-1,1
70305,101,99,2,2
70306,105,91,14,14
70307,104,102,2,2
70308,138,124,14,14
70309,62,61,1,1
70310,88,92,-4,4
70311,44,44,0,0
70312,116,118,-2,2
70313,84,80,4,4
70314,80,100,-20,20
70315,112,110,2,2
70316,85,81,4,4
70317,82,75,7,7
70318,101,102,-1,1
70319,123,132,-9,9
70320,137,128,9,9
70321,112,100,12,12
70322,72,76,-4,4
70323,100,93,7,7
70324,106,98,8,8
70325,64,56,8,8
70326,115,104,11,11
70327,44,49,-5,5
70328,112,107,5,5
70329,113,103,10,10
70330,203,183,20,20
70331,113,101,12,12
70332,154,153,1,1
70333,88,91,-3,3
70334,88,99,-11,11
70335,56,61,-5,5
70336,116,114,2,2
70337,104,100,4,4
70338,96,90,6,6
70339,99,98,1,1
70340,98,104,-6,6
70341,128,136,-8,8
70342,79,73,6,6
70343,97,106,-9,9
70344,68,72,-4,4
70345,93,79,14,14
70346,99,97,2,2
70347,68,69,-1,1
70348,83,77,6,6
70349,85,85,0,0
70350,89,94,-5,5
70351,95,89,6,6
70352,133,130,3,3
70353,86,82,4,4
70354,94,90,4,4
70355,63,72,-9,9
70356,134,127,7,7
70357,79,81,-2,2
70358,55,54,1,1
70359,82,84,-2,2
70360,60,67,-7,7
70361,63,72,-9,9
70362,179,162,17,17
70363,127,124,3,3
70364,65,63,2,2
70365,101,101,0,0
70366,112,105,7,7
70367,66,70,-4,4
70368,104,100,4,4
70369,80,98,-18,18
70370,84,74,10,10
70371,57,60,-3,3
70372,55,56,-1,1
70373,134,129,5,5
70374,125,117,8,8
70375,83,81,2,2
70376,66,65,1,1
70377,59,81,-22,22
70378,117,117,0,0
70379,103,125,-22,22
70380,101,89,12,12
70381,128,126,2,2
70382,92,96,-4,4
70383,167,157,10,10
70384,79,77,2,2
70385,121,114,7,7
70386,85,77,8,8
70387,80,63,17,17
70388,26,25,1,1
70389,52,57,-5,5
70390,58,69,-11,11
70391,137,131,6,6
70392,48,51,-3,3
70393,138,129,9,9
70394,81,68,13,13
70395,132,127,5,5
70396,111,105,6,6
70397,115,115,0,0
70398,129,126,3,3
70399,125,122,3,3
70400,138,162,-24,24
70401,51,58,-7,7
70402,131,141,-10,10
70403,164,171,-7,7
70404,107,92,15,15
70405,102,99,3,3
70406,66,69,-3,3
70407,59,62,-3,3
70408,60,61,-1,1
70409,145,137,8,8
70410,143,136,7,7
70411,121,120,1,1
70412,98,103,-5,5
70413,107,90,17,17
70414,69,68,1,1
70415,154,154,0,0
70416,93,96,-3,3
70417,93,91,2,2
70418,41,39,2,2
70419,103,105,-2,2
70420,81,81,0,0
70421,105,94,11,11
70422,60,57,3,3
70423,90,95,-5,5
70424,76,75,1,1
70425,98,97,1,1
70426,70,68,2,2
70427,49,59,-10,10
70428,113,106,7,7
70429,45,63,-18,18
70430,109,102,7,7
70431,53,57,-4,4
70432,98,82,16,16
70433,70,69,1,1
70434,91,85,6,6
70435,126,117,9,9
70436,68,61,7,7
70437,54,75,-21,21
70438,99,88,11,11
70439,85,85,0,0
70440,85,78,7,7
70441,93,93,0,0
70442,69,69,0,0
70443,59,60,-1,1
70444,47,60,-13,13
70445,83,81,2,2
70446,103,108,-5,5
70447,93,83,10,10
70448,125,130,-5,5
70449,97,94,3,3
70450,103,107,-4,4
70451,79,78,1,1
70452,103,113,-10,10
70453,132,122,10,10
70454,165,169,-4,4
70455,132,129,3,3
70456,88,84,4,4
70457,92,85,7,7
70458,75,73,2,2
70459,108,99,9,9
70460,98,91,7,7
70461,133,151,-18,18
70462,75,70,5,5
70463,187,186,1,1
70464,123,118,5,5
70465,63,82,-19,19
70466,92,102,-10,10
70467,117,116,1,1
70468,98,84,14,14
70469,247,227,20,20
70470,98,100,-2,2
70471,102,86,16,16
70472,66,72,-6,6
70473,62,60,2,2
70474,84,82,2,2
70475,52,51,1,1
70476,107,101,6,6
70477,155,142,13,13
70478,118,117,1,1
70479,150,152,-2,2
70480,112,104,8,8
70481,106,104,2,2
70482,61,63,-2,2
70483,101,101,0,0
70484,80,70,10,10
70485,65,79,-14,14
70486,86,81,5,5
70487,74,69,5,5
70488,163,148,15,15
70489,100,104,-4,4
70490,44,50,-6,6
70491,86,72,14,14
70492,119,113,6,6
70493,80,74,6,6
70494,57,65,-8,8
70495,136,128,8,8
70496,113,115,-2,2
70497,75,74,1,1
70498,41,54,-13,13
70499,125,138,-13,13
70500,77,74,3,3
70501,97,87,10,10
70502,159,160,-1,1
70503,43,47,-4,4
70504,47,52,-5,5
70505,53,55,-2,2
70506,141,126,15,15
70507,79,83,-4,4
70508,74,73,1,1
70509,117,116,1,1
70510,39,47,-8,8
70511,74,80,-6,6
70512,131,132,-1,1
70513,95,94,1,1
70514,152,137,15,15
70515,80,82,-2,2
70516,125,106,19,19
70517,114,116,-2,2
70518,113,106,7,7
70519,58,71,-13,13
70520,98,88,10,10
70521,135,126,9,9
70522,88,96,-8,8
70523,147,145,2,2
70524,83,80,3,3
70525,145,141,4,4
70526,144,141,3,3
70527,142,130,12,12
70528,65,68,-3,3
70529,59,65,-6,6
70530,116,112,4,4
70531,51,59,-8,8
70532,48,50,-2,2
70533,113,118,-5,5
70534,87,64,23,23
70535,72,78,-6,6
70536,100,97,3,3
70537,66,68,-2,2
70538,106,110,-4,4
70539,128,115,13,13
70540,71,67,4,4
70541,69,76,-7,7
70542,117,130,-13,13
70543,125,123,2,2
70544,105,98,7,7
70545,43,48,-5,5
70546,154,158,-4,4
70547,77,78,-1,1
70548,104,103,1,1
70549,112,106,6,6
70550,84,80,4,4
70551,69,68,1,1
70552,135,123,12,12
70553,130,121,9,9
70554,117,123,-6,6
70555,47,58,-11,11
70556,114,118,-4,4
70557,100,103,-3,3
70558,129,133,-4,4
70559,59,63,-4,4
70560,159,150,9,9
70561,61,62,-1,1
70562,51,59,-8,8
70563,92,91,1,1
70564,73,76,-3,3
70565,98,80,18,18
70566,117,111,6,6
70567,100,107,-7,7
70568,54,70,-16,16
70569,76,69,7,7
70570,132,128,4,4
70571,178,139,39,39
70572,91,92,-1,1
70573,127,114,13,13
70574,75,71,4,4
70575,70,72,-2,2
70576,124,121,3,3
70577,125,126,-1,1
70578,80,80,0,0
70579,59,61,-2,2
70580,82,86,-4,4
70581,130,128,2,2
70582,82,86,-4,4
70583,93,82,11,11
70584,82,84,-2,2
70585,160,144,16,16
70586,83,79,4,4
70587,128,113,15,15
70588,123,110,13,13
70589,98,87,11,11
70590,104,95,9,9
70591,109,102,7,7
70592,48,47,1,1
70593,62,60,2,2
70594,63,63,0,0
70595,63,68,-5,5
70596,115,105,10,10
70597,94,85,9,9
70598,94,98,-4,4
70599,91,86,5,5
70600,141,145,-4,4
70601,162,157,5,5
70602,91,91,0,0
70603,88,89,-1,1
70604,117,123,-6,6
70605,52,55,-3,3
70606,57,63,-6,6
70607,106,87,19,19
70608,77,82,-5,5
70609,58,64,-6,6
70610,85,78,7,7
70611,110,103,7,7
70612,74,80,-6,6
70613,97,85,12,12
70614,58,62,-4,4
70615,92,95,-3,3
70616,97,95,2,2
70617,73,76,-3,3
70618,89,90,-1,1
70619,108,101,7,7
70620,129,119,10,10
70621,83,78,5,5
70622,97,89,8,8
70623,88,84,4,4
70624,88,79,9,9
70625,74,78,-4,4
70626,103,104,-1,1
70627,93,83,10,10
70628,39,44,-5,5
70629,168,155,13,13
70630,102,89,13,13
70631,77,81,-4,4
70632,209,209,0,0
70633,88,82,6,6
70634,88,89,-1,1
70635,95,99,-4,4
70636,113,103,10,10
70637,109,111,-2,2
70638,93,95,-2,2
70639,167,154,13,13
70640,55,73,-18,18
70641,115,112,3,3
70642,101,103,-2,2
70643,52,64,-12,12
70644,155,157,-2,2
70645,47,55,-8,8
70646,123,124,-1,1
70647,71,70,1,1
70648,109,112,-3,3
70649,63,72,-9,9
70650,132,143,-11,11
70651,74,78,-4,4
70652,89,98,-9,9
70653,131,127,4,4
70654,71,74,-3,3
70655,100,88,12,12
70656,76,85,-9,9
70657,67,68,-1,1
70658,121,108,13,13
70659,45,59,-14,14
70660,79,66,13,13
70661,145,142,3,3
70662,242,207,35,35
70663,64,73,-9,9
70664,146,136,10,10
70665,80,78,2,2
70666,135,135,0,0
70667,94,87,7,7
70668,88,80,8,8
70669,119,123,-4,4
70670,129,122,7,7
70671,86,81,5,5
70672,60,56,4,4
70673,148,153,-5,5
70674,43,56,-13,13
70675,41,46,-5,5
70676,272,241,31,31
70677,116,100,16,16
70678,86,81,5,5
70679,69,73,-4,4
70680,51,53,-2,2
70681,80,79,1,1
70682,83,79,4,4
70683,108,102,6,6
70684,66,64,2,2
70685,178,180,-2,2
70686,138,137,1,1
70687,124,109,15,15
70688,58,60,-2,2
70689,93,90,3,3
70690,135,125,10,10
70691,98,81,17,17
70692,91,81,10,10
70693,83,74,9,9
70694,192,183,9,9
70695,119,103,16,16
70696,44,58,-14,14
70697,83,84,-1,1
70698,75,78,-3,3
70699,216,204,12,12
70700,178,173,5,5
70701,81,81,0,0
70702,56,67,-11,11
70703,85,82,3,3
70704,87,81,6,6
70705,77,75,2,2
70706,73,77,-4,4
70707,122,120,2,2
70708,169,148,21,21
70709,155,142,13,13
70710,111,109,2,2
70711,37,43,-6,6
70712,116,117,-1,1
70713,107,103,4,4
70714,63,70,-7,7
70715,97,86,11,11
70716,108,90,18,18
70717,94,92,2,2
70718,56,59,-3,3
70719,49,44,5,5
70720,87,89,-2,2
70721,110,109,1,1
70722,89,91,-2,2
70723,87,78,9,9
70724,127,127,0,0
70725,82,82,0,0
70726,58,58,0,0
70727,69,71,-2,2
70728,66,64,2,2
70729,62,79,-17,17
70730,80,81,-1,1
70731,62,64,-2,2
70732,46,47,-1,1
70733,48,69,-21,21
70734,77,73,4,4
70735,99,114,-15,15
70736,98,98,0,0
70737,87,85,2,2
70738,63,69,-6,6
70739,114,116,-2,2
70740,121,126,-5,5
70741,70,71,-1,1
70742,118,105,13,13
70743,116,114,2,2
70744,89,93,-4,4
70745,100,97,3,3
70746,249,256,-7,7
70747,202,182,20,20
70748,152,144,8,8
70749,140,132,8,8
70750,162,152,10,10
70751,90,84,6,6
70752,132,117,15,15
70753,79,70,9,9
70754,73,70,3,3
70755,115,103,12,12
70756,188,178,10,10
70757,72,74,-2,2
70758,112,115,-3,3
70759,131,121,10,10
70760,128,127,1,1
70761,125,122,3,3
70762,133,124,9,9
70763,159,148,11,11
70764,96,97,-1,1
70765,85,84,1,1
70766,103,100,3,3
70767,74,69,5,5
70768,139,138,1,1
70769,114,109,5,5
70770,35,37,-2,2
70771,56,59,-3,3
70772,85,87,-2,2
70773,111,96,15,15
70774,107,106,1,1
70775,138,137,1,1
70776,79,75,4,4
70777,89,86,3,3
70778,97,87,10,10
70779,88,81,7,7
70780,77,81,-4,4
70781,83,76,7,7
70782,138,138,0,0
70783,109,108,1,1
70784,58,68,-10,10
70785,65,69,-4,4
70786,97,104,-7,7
70787,95,98,-3,3
70788,93,88,5,5
70789,80,83,-3,3
70790,88,77,11,11
70791,104,107,-3,3
70792,72,76,-4,4
70793,75,72,3,3
70794,88,85,3,3
70795,104,110,-6,6
70796,70,70,0,0
70797,83,84,-1,1
70798,108,98,10,10
70799,84,76,8,8
70800,91,94,-3,3
70801,115,114,1,1
70802,80,83,-3,3
70803,122,125,-3,3
70804,116,115,1,1
70805,119,114,5,5
70806,105,99,6,6
70807,80,82,-2,2
70808,63,81,-18,18
70809,108,115,-7,7
70810,73,71,2,2
70811,116,118,-2,2
70812,101,88,13,13
70813,78,80,-2,2
70814,137,137,0,0
70815,94,97,-3,3
70816,63,58,5,5
70817,122,132,-10,10
70818,145,134,11,11
70819,110,99,11,11
70820,86,79,7,7
70821,160,153,7,7
70822,149,137,12,12
70823,93,85,8,8
70824,77,70,7,7
70825,43,50,-7,7
70826,85,88,-3,3
70827,85,77,8,8
70828,71,69,2,2
70829,68,76,-8,8
70830,85,85,0,0
70831,74,81,-7,7
70832,152,164,-12,12
70833,161,147,14,14
70834,130,135,-5,5
70835,83,78,5,5
70836,102,101,1,1
70837,96,104,-8,8
70838,111,114,-3,3
70839,41,45,-4,4
70840,54,63,-9,9
70841,119,114,5,5
70842,89,77,12,12
70843,105,93,12,12
70844,163,155,8,8
70845,102,99,3,3
70846,90,85,5,5
70847,52,63,-11,11
70848,61,61,0,0
70849,84,94,-10,10
70850,87,87,0,0
70851,56,73,-17,17
70852,86,95,-9,9
70853,153,143,10,10
70854,130,122,8,8
70855,171,156,15,15
70856,81,80,1,1
70857,76,72,4,4
70858,82,87,-5,5
70859,114,119,-5,5
70860,103,105,-2,2
70861,98,98,0,0
70862,130,127,3,3
70863,145,126,19,19
70864,66,79,-13,13
70865,136,112,24,24
70866,96,106,-10,10
70867,35,47,-12,12
70868,77,74,3,3
70869,108,103,5,5
70870,91,103,-12,12
70871,68,74,-6,6
70872,114,115,-1,1
70873,38,40,-2,2
70874,123,102,21,21
70875,81,79,2,2
70876,96,86,10,10
70877,89,90,-1,1
70878,129,141,-12,12
70879,93,88,5,5
70880,57,59,-2,2
70881,81,76,5,5
70882,137,126,11,11
70883,83,73,10,10
70884,97,95,2,2
70885,100,98,2,2
70886,83,83,0,0
70887,94,85,9,9
70888,87,98,-11,11
70889,154,145,9,9
70890,126,110,16,16
70891,74,73,1,1
70892,87,91,-4,4
70893,62,73,-11,11
70894,61,62,-1,1
70895,94,82,12,12
70896,91,81,10,10
70897,67,68,-1,1
70898,87,80,7,7
70899,58,65,-7,7
70900,126,118,8,8
70901,102,94,8,8
70902,97,98,-1,1
70903,60,66,-6,6
70904,84,83,1,1
70905,168,131,37,37
70906,89,86,3,3
70907,60,63,-3,3
70908,99,100,-1,1
70909,119,109,10,10
70910,90,86,4,4
70911,150,150,0,0
70912,95,94,1,1
70913,79,79,0,0
70914,45,46,-1,1
70915,101,93,8,8
70916,123,118,5,5
70917,145,142,3,3
70918,56,60,-4,4
70919,83,83,0,0
70920,48,54,-6,6
70921,65,64,1,1
70922,102,106,-4,4
70923,75,74,1,1
70924,194,204,-10,10
70925,55,61,-6,6
70926,61,62,-1,1
70927,97,90,7,7
70928,123,126,-3,3
70929,47,54,-7,7
70930,99,112,-13,13
70931,88,84,4,4
70932,65,66,-1,1
70933,71,73,-2,2
70934,140,133,7,7
70935,113,109,4,4
70936,70,74,-4,4
70937,123,121,2,2
70938,113,100,13,13
70939,170,154,16,16
70940,101,108,-7,7
70941,113,103,10,10
70942,102,97,5,5
70943,74,76,-2,2
70944,73,80,-7,7
70945,90,95,-5,5
70946,62,61,1,1
70947,104,120,-16,16
70948,119,115,4,4
70949,71,66,5,5
70950,129,136,-7,7
70951,48,55,-7,7
70952,149,153,-4,4
70953,63,62,1,1
70954,115,111,4,4
70955,110,111,-1,1
70956,93,118,-25,25
70957,100,101,-1,1
70958,90,88,2,2
70959,46,52,-6,6
70960,126,119,7,7
70961,99,95,4,4
70962,65,64,1,1
70963,77,74,3,3
70964,70,68,2,2
70965,82,88,-6,6
70966,91,89,2,2
70967,142,132,10,10
70968,73,69,4,4
70969,146,135,11,11
70970,106,103,3,3
70971,185,182,3,3
70972,72,74,-2,2
70973,119,105,14,14
70974,56,62,-6,6
70975,110,102,8,8
70976,94,88,6,6
70977,79,85,-6,6
70978,50,51,-1,1
70979,86,81,5,5
70980,73,73,0,0
70981,81,78,3,3
70982,68,72,-4,4
70983,69,74,-5,5
70984,135,122,13,13
70985,162,139,23,23
70986,107,100,7,7
70987,74,77,-3,3
70988,61,66,-5,5
70989,101,88,13,13
70990,70,66,4,4
70991,101,121,-20,20
70992,61,64,-3,3
70993,103,100,3,3
70994,47,109,-62,62
70995,87,83,4,4
70996,73,74,-1,1
70997,100,85,15,15
70998,97,84,13,13
70999,75,78,-3,3
71000,77,74,3,3
71001,59,56,3,3
71002,136,136,0,0
71003,44,46,-2,2
71004,149,135,14,14
71005,85,86,-1,1
71006,132,130,2,2
71007,54,61,-7,7
71008,98,90,8,8
71009,102,109,-7,7
71010,122,119,3,3
71011,70,67,3,3
71012,121,124,-3,3
71013,86,84,2,2
71014,99,95,4,4
71015,71,70,1,1
71016,113,106,7,7
71017,100,98,2,2
71018,61,60,1,1
71019,69,73,-4,4
71020,103,113,-10,10
71021,122,140,-18,18
71022,90,80,10,10
71023,113,100,13,13
71024,99,107,-8,8
71025,100,85,15,15
71026,77,80,-3,3
71027,84,78,6,6
71028,101,96,5,5
71029,86,83,3,3
71030,43,44,-1,1
71031,73,76,-3,3
71032,128,121,7,7
71033,81,72,9,9
71034,67,60,7,7
71035,137,131,6,6
71036,77,74,3,3
71037,52,59,-7,7
71038,103,112,-9,9
71039,107,103,4,4
71040,101,91,10,10
71041,80,79,1,1
71042,114,113,1,1
71043,112,117,-5,5
71044,118,102,16,16
71045,110,108,2,2
71046,88,83,5,5
71047,63,91,-28,28
71048,125,113,12,12
71049,126,112,14,14
71050,68,86,-18,18
71051,59,64,-5,5
71052,69,73,-4,4
71053,90,82,8,8
71054,108,110,-2,2
71055,80,81,-1,1
71056,63,64,-1,1
71057,52,53,-1,1
71058,72,78,-6,6
71059,76,78,-2,2
71060,92,86,6,6
71061,133,156,-23,23
71062,65,72,-7,7
71063,69,67,2,2
71064,121,109,12,12
71065,92,84,8,8
71066,67,69,-2,2
71067,134,129,5,5
71068,81,75,6,6
71069,68,78,-10,10
71070,67,70,-3,3
71071,52,55,-3,3
71072,107,104,3,3
71073,120,114,6,6
71074,133,130,3,3
71075,150,132,18,18
71076,124,138,-14,14
71077,86,85,1,1
71078,29,30,-1,1
71079,170,152,18,18
71080,88,90,-2,2
71081,158,149,9,9
71082,58,61,-3,3
71083,129,121,8,8
71084,94,92,2,2
71085,116,113,3,3
71086,159,153,6,6
71087,86,79,7,7
71088,174,174,0,0
71089,104,95,9,9
71090,90,82,8,8
71091,101,95,6,6
71092,107,107,0,0
71093,133,116,17,17
71094,70,65,5,5
71095,100,98,2,2
71096,174,170,4,4
71097,41,42,-1,1
71098,85,83,2,2
71099,76,74,2,2
71100,73,76,-3,3
71101,131,126,5,5
71102,83,80,3,3
71103,88,91,-3,3
71104,128,127,1,1
71105,86,85,1,1
71106,163,158,5,5
71107,104,103,1,1
71108,50,51,-1,1
71109,114,95,19,19
71110,108,109,-1,1
71111,72,76,-4,4
71112,63,64,-1,1
71113,51,57,-6,6
71114,94,90,4,4
71115,76,70,6,6
71116,39,41,-2,2
71117,100,98,2,2
71118,64,67,-3,3
71119,87,83,4,4
71120,112,104,8,8
71121,105,104,1,1
71122,84,85,-1,1
71123,135,127,8,8
71124,66,62,4,4
71125,164,159,5,5
71126,53,59,-6,6
71127,131,118,13,13
71128,97,91,6,6
71129,44,58,-14,14
71130,85,85,0,0
71131,58,53,5,5
71132,105,113,-8,8
71133,51,55,-4,4
71134,67,67,0,0
71135,82,91,-9,9
71136,100,90,10,10
71137,154,135,19,19
71138,89,93,-4,4
71139,88,79,9,9
71140,104,88,16,16
71141,82,71,11,11
71142,97,92,5,5
71143,87,102,-15,15
71144,71,62,9,9
71145,87,90,-3,3
71146,71,71,0,0
71147,168,158,10,10
71148,124,113,11,11
71149,75,68,7,7
71150,137,108,29,29
71151,131,123,8,8
71152,161,164,-3,3
71153,80,77,3,3
71154,109,105,4,4
71155,65,67,-2,2
71156,152,153,-1,1
71157,120,113,7,7
71158,116,116,0,0
71159,82,99,-17,17
71160,214,194,20,20
71161,75,72,3,3
71162,95,84,11,11
71163,120,112,8,8
71164,126,124,2,2
71165,112,106,6,6
71166,115,124,-9,9
71167,94,88,6,6
71168,84,84,0,0
71169,99,101,-2,2
71170,69,65,4,4
71171,62,59,3,3
71172,106,105,1,1
71173,110,101,9,9
71174,78,79,-1,1
71175,161,188,-27,27
71176,140,102,38,38
71177,83,97,-14,14
71178,110,100,10,10
71179,50,54,-4,4
71180,160,147,13,13
71181,93,83,10,10
71182,161,157,4,4
71183,37,44,-7,7
71184,58,51,7,7
71185,109,121,-12,12
71186,99,102,-3,3
71187,124,144,-20,20
71188,65,65,0,0
71189,113,105,8,8
71190,114,123,-9,9
71191,127,117,10,10
71192,99,87,12,12
71193,83,78,5,5
71194,74,79,-5,5
71195,112,116,-4,4
71196,76,74,2,2
71197,86,81,5,5
71198,59,69,-10,10
71199,185,163,22,22
71200,113,91,22,22
71201,90,91,-1,1
71202,60,66,-6,6
71203,136,118,18,18
71204,94,95,-1,1
71205,100,91,9,9
71206,93,87,6,6
71207,80,80,0,0
71208,138,124,14,14
71209,123,116,7,7
71210,84,89,-5,5
71211,96,100,-4,4
71212,123,118,5,5
71213,46,88,-42,42
71214,54,54,0,0
71215,135,132,3,3
71216,135,123,12,12
71217,79,81,-2,2
71218,127,117,10,10
71219,75,78,-3,3
71220,43,66,-23,23
71221,107,89,18,18
71222,86,78,8,8
71223,114,115,-1,1
71224,56,55,1,1
71225,80,77,3,3
71226,86,83,3,3
71227,62,57,5,5
71228,78,69,9,9
71229,158,160,-2,2
71230,96,112,-16,16
71231,88,85,3,3
71232,62,59,3,3
71233,116,105,11,11
71234,103,103,0,0
71235,108,119,-11,11
71236,96,94,2,2
71237,65,68,-3,3
71238,64,70,-6,6
71239,136,125,11,11
71240,92,95,-3,3
71241,66,61,5,5
71242,106,106,0,0
71243,168,152,16,16
71244,91,86,5,5
71245,90,96,-6,6
71246,83,82,1,1
71247,198,186,12,12
71248,98,96,2,2
71249,116,98,18,18
71250,77,80,-3,3
71251,95,89,6,6
71252,113,111,2,2
71253,102,98,4,4
71254,54,54,0,0
71255,138,142,-4,4
71256,76,76,0,0
71257,58,56,2,2
71258,74,72,2,2
71259,93,92,1,1
71260,56,77,-21,21
71261,139,141,-2,2
71262,169,169,0,0
71263,131,129,2,2
71264,64,51,13,13
71265,89,93,-4,4
71266,111,104,7,7
71267,149,140,9,9
71268,86,79,7,7
71269,67,94,-27,27
71270,54,56,-2,2
71271,47,55,-8,8
71272,43,48,-5,5
71273,90,89,1,1
71274,139,125,14,14
71275,62,66,-4,4
71276,67,75,-8,8
71277,75,79,-4,4
71278,87,82,5,5
71279,82,79,3,3
71280,41,51,-10,10
71281,86,85,1,1
71282,151,139,12,12
71283,87,81,6,6
71284,107,105,2,2
71285,67,67,0,0
71286,90,99,-9,9
71287,133,129,4,4
71288,42,43,-1,1
71289,124,113,11,11
71290,66,66,0,0
71291,74,76,-2,2
71292,54,56,-2,2
71293,123,116,7,7
71294,137,135,2,2
71295,67,65,2,2
71296,113,116,-3,3
71297,103,90,13,13
71298,161,144,17,17
71299,114,105,9,9
71300,112,111,1,1
71301,103,103,0,0
71302,112,113,-1,1
71303,123,127,-4,4
71304,65,69,-4,4
71305,97,86,11,11
71306,68,62,6,6
71307,69,77,-8,8
71308,69,63,6,6
71309,143,131,12,12
71310,107,103,4,4
71311,59,80,-21,21
71312,125,116,9,9
71313,57,66,-9,9
71314,108,110,-2,2
71315,86,84,2,2
71316,98,94,4,4
71317,82,80,2,2
71318,87,118,-31,31
71319,65,68,-3,3
71320,96,86,10,10
71321,60,56,4,4
71322,77,75,2,2
71323,81,75,6,6
71324,147,143,4,4
71325,75,68,7,7
71326,75,71,4,4
71327,85,91,-6,6
71328,94,88,6,6
71329,158,158,0,0
71330,103,82,21,21
71331,125,114,11,11
71332,119,142,-23,23
71333,109,105,4,4
71334,64,61,3,3
71335,74,77,-3,3
71336,33,32,1,1
71337,104,100,4,4
71338,73,89,-16,16
71339,148,124,24,24
71340,57,66,-9,9
71341,62,62,0,0
71342,143,134,9,9
71343,96,110,-14,14
71344,61,66,-5,5
71345,126,122,4,4
71346,66,80,-14,14
71347,97,102,-5,5
71348,58,65,-7,7
71349,85,84,1,1
71350,207,181,26,26
71351,114,106,8,8
71352,105,100,5,5
71353,92,89,3,3
71354,80,78,2,2
71355,97,97,0,0
71356,93,91,2,2
71357,55,59,-4,4
71358,89,81,8,8
71359,116,113,3,3
71360,98,99,-1,1
71361,79,73,6,6
71362,127,126,1,1
71363,112,105,7,7
71364,131,113,18,18
71365,92,93,-1,1
71366,81,78,3,3
71367,236,214,22,22
71368,110,122,-12,12
71369,66,73,-7,7
71370,100,105,-5,5
71371,98,98,0,0
71372,118,115,3,3
71373,91,97,-6,6
71374,162,143,19,19
71375,77,73,4,4
71376,67,68,-1,1
71377,131,128,3,3
71378,103,104,-1,1
71379,57,62,-5,5
71380,93,80,13,13
71381,72,79,-7,7
71382,67,61,6,6
71383,49,62,-13,13
71384,72,70,2,2
71385,56,53,3,3
71386,154,172,-18,18
71387,72,78,-6,6
71388,44,53,-9,9
71389,97,96,1,1
71390,173,141,32,32
71391,151,141,10,10
71392,92,85,7,7
71393,41,58,-17,17
71394,101,106,-5,5
71395,151,131,20,20
71396,112,99,13,13
71397,82,83,-1,1
71398,147,136,11,11
71399,104,87,17,17
71400,156,140,16,16
71401,69,68,1,1
71402,88,88,0,0
71403,49,59,-10,10
71404,72,73,-1,1
71405,87,83,4,4
71406,83,79,4,4
71407,78,69,9,9
71408,109,108,1,1
71409,118,126,-8,8
71410,146,187,-41,41
71411,95,86,9,9
71412,139,130,9,9
71413,112,117,-5,5
71414,74,80,-6,6
71415,101,105,-4,4
71416,69,68,1,1
71417,60,59,1,1
71418,52,55,-3,3
71419,70,74,-4,4
71420,52,52,0,0
71421,93,96,-3,3
71422,75,77,-2,2
71423,50,62,-12,12
71424,64,68,-4,4
71425,167,142,25,25
71426,59,63,-4,4
71427,117,118,-1,1
71428,97,94,3,3
71429,93,96,-3,3
71430,70,74,-4,4
71431,91,79,12,12
71432,52,56,-4,4
71433,97,100,-3,3
71434,66,55,11,11
71435,91,86,5,5
71436,72,106,-34,34
71437,113,104,9,9
71438,91,84,7,7
71439,50,65,-15,15
71440,85,103,-18,18
71441,167,156,11,11
71442,78,80,-2,2
71443,149,139,10,10
71444,102,92,10,10
71445,116,114,2,2
71446,69,77,-8,8
71447,63,65,-2,2
71448,108,113,-5,5
71449,81,76,5,5
71450,82,79,3,3
71451,113,111,2,2
71452,83,83,0,0
71453,97,86,11,11
71454,78,91,-13,13
71455,102,101,1,1
71456,109,115,-6,6
71457,64,73,-9,9
71458,98,95,3,3
71459,156,135,21,21
71460,126,123,3,3
71461,90,87,3,3
71462,122,117,5,5
71463,67,73,-6,6
71464,60,61,-1,1
71465,60,67,-7,7
71466,73,71,2,2
71467,135,138,-3,3
71468,116,111,5,5
71469,92,85,7,7
71470,116,114,2,2
71471,76,77,-1,1
71472,137,135,2,2
71473,38,50,-12,12
71474,212,189,23,23
71475,115,110,5,5
71476,170,159,11,11
71477,140,155,-15,15
71478,194,164,30,30
71479,119,113,6,6
71480,46,52,-6,6
71481,67,67,0,0
71482,114,107,7,7
71483,107,122,-15,15
71484,83,99,-16,16
71485,103,94,9,9
71486,75,83,-8,8
71487,117,152,-35,35
71488,59,57,2,2
71489,68,93,-25,25
71490,117,118,-1,1
71491,142,128,14,14
71492,50,48,2,2
71493,72,74,-2,2
71494,114,124,-10,10
71495,161,158,3,3
71496,104,99,5,5
71497,241,221,20,20
71498,72,72,0,0
71499,89,92,-3,3
71500,76,77,-1,1
71501,97,98,-1,1
71502,93,84,9,9
71503,73,67,6,6
71504,67,55,12,12
71505,89,89,0,0
71506,91,91,0,0
71507,112,113,-1,1
71508,156,157,-1,1
71509,59,65,-6,6
71510,71,77,-6,6
71511,35,37,-2,2
71512,60,60,0,0
71513,151,155,-4,4
71514,83,83,0,0
71515,114,117,-3,3
71516,66,63,3,3
71517,68,74,-6,6
71518,128,122,6,6
71519,168,143,25,25
71520,84,82,2,2
71521,87,84,3,3
71522,94,89,5,5
71523,44,55,-11,11
71524,93,96,-3,3
71525,135,124,11,11
71526,80,76,4,4
71527,105,95,10,10
71528,86,86,0,0
71529,115,113,2,2
71530,183,166,17,17
71531,120,112,8,8
71532,25,36,-11,11
71533,53,56,-3,3
71534,131,113,18,18
71535,164,154,10,10
71536,74,74,0,0
71537,125,121,4,4
71538,91,98,-7,7
71539,106,90,16,16
71540,95,89,6,6
71541,75,71,4,4
71542,114,105,9,9
71543,70,66,4,4
71544,89,80,9,9
71545,37,28,9,9
71546,90,83,7,7
71547,60,66,-6,6
71548,106,107,-1,1
71549,59,66,-7,7
71550,114,120,-6,6
71551,69,65,4,4
71552,96,99,-3,3
71553,90,91,-1,1
71554,132,138,-6,6
71555,117,119,-2,2
71556,78,79,-1,1
71557,63,70,-7,7
71558,96,103,-7,7
71559,132,105,27,27
71560,83,79,4,4
71561,114,107,7,7
71562,109,103,6,6
71563,97,86,11,11
71564,81,80,1,1
71565,95,89,6,6
71566,82,83,-1,1
71567,127,129,-2,2
71568,108,111,-3,3
71569,91,104,-13,13
71570,87,81,6,6
71571,92,85,7,7
71572,165,155,10,10
71573,85,83,2,2
71574,50,59,-9,9
71575,62,59,3,3
71576,97,96,1,1
71577,87,86,1,1
71578,66,62,4,4
71579,76,75,1,1
71580,75,78,-3,3
71581,172,161,11,11
71582,45,53,-8,8
71583,86,86,0,0
71584,73,83,-10,10
71585,189,164,25,25
71586,65,69,-4,4
71587,76,75,1,1
71588,95,94,1,1
71589,95,85,10,10
71590,87,86,1,1
71591,108,105,3,3
71592,91,80,11,11
71593,69,76,-7,7
71594,141,147,-6,6
71595,75,75,0,0
71596,82,84,-2,2
71597,55,56,-1,1
71598,55,68,-13,13
71599,121,118,3,3
71600,55,54,1,1
71601,131,117,14,14
71602,111,102,9,9
71603,52,62,-10,10
71604,141,129,12,12
71605,82,81,1,1
71606,49,53,-4,4
71607,67,79,-12,12
71608,65,67,-2,2
71609,116,117,-1,1
71610,112,112,0,0
71611,117,111,6,6
71612,137,131,6,6
71613,95,102,-7,7
71614,59,66,-7,7
71615,84,90,-6,6
71616,89,78,11,11
71617,137,136,1,1
71618,194,162,32,32
71619,144,129,15,15
71620,106,95,11,11
71621,122,107,15,15
71622,67,75,-8,8
71623,104,106,-2,2
71624,114,111,3,3
71625,84,92,-8,8
71626,49,65,-16,16
71627,232,198,34,34
71628,79,75,4,4
71629,101,102,-1,1
71630,105,102,3,3
71631,104,104,0,0
71632,221,192,29,29
71633,124,107,17,17
71634,154,142,12,12
71635,110,103,7,7
71636,75,76,-1,1
71637,175,164,11,11
71638,162,163,-1,1
71639,169,148,21,21
71640,82,96,-14,14
71641,69,68,1,1
71642,63,67,-4,4
71643,101,104,-3,3
71644,59,58,1,1
71645,123,123,0,0
71646,105,108,-3,3
71647,99,85,14,14
71648,58,66,-8,8
71649,103,97,6,6
71650,77,82,-5,5
71651,64,60,4,4
71652,49,48,1,1
71653,96,94,2,2
71654,78,84,-6,6
71655,124,128,-4,4
71656,66,91,-25,25
71657,163,150,13,13
71658,140,149,-9,9
71659,77,78,-1,1
71660,55,65,-10,10
71661,64,62,2,2
71662,73,76,-3,3
71663,86,86,0,0
71664,87,84,3,3
71665,80,83,-3,3
71666,74,79,-5,5
71667,69,64,5,5
71668,118,117,1,1
71669,74,79,-5,5
71670,162,156,6,6
71671,63,70,-7,7
71672,88,84,4,4
71673,105,103,2,2
71674,70,60,10,10
71675,86,87,-1,1
71676,82,79,3,3
71677,181,180,1,1
71678,60,63,-3,3
71679,139,136,3,3
71680,45,39,6,6
71681,84,81,3,3
71682,87,80,7,7
71683,94,82,12,12
71684,94,92,2,2
71685,102,123,-21,21
71686,82,81,1,1
71687,102,86,16,16
71688,51,52,-1,1
71689,91,85,6,6
71690,92,89,3,3
71691,119,117,2,2
71692,98,102,-4,4
71693,92,84,8,8
71694,144,135,9,9
71695,117,121,-4,4
71696,61,57,4,4
71697,55,51,4,4
71698,89,81,8,8
71699,83,82,1,1
71700,122,110,12,12
71701,101,102,-1,1
71702,71,74,-3,3
71703,183,181,2,2
71704,79,80,-1,1
71705,68,79,-11,11
71706,124,119,5,5
71707,96,88,8,8
71708,82,80,2,2
71709,99,106,-7,7
71710,145,124,21,21
71711,143,138,5,5
71712,131,134,-3,3
71713,83,79,4,4
71714,118,131,-13,13
71715,65,70,-5,5
71716,52,61,-9,9
71717,78,74,4,4
71718,76,75,1,1
71719,142,129,13,13
71720,90,81,9,9
71721,64,69,-5,5
71722,70,68,2,2
71723,81,89,-8,8
71724,155,148,7,7
71725,94,109,-15,15
71726,64,65,-1,1
71727,83,79,4,4
71728,112,108,4,4
71729,112,93,19,19
71730,132,127,5,5
71731,84,77,7,7
71732,63,68,-5,5
71733,78,81,-3,3
71734,143,132,11,11
71735,71,75,-4,4
71736,94,90,4,4
71737,75,74,1,1
71738,54,66,-12,12
71739,81,71,10,10
71740,72,77,-5,5
71741,95,87,8,8
71742,136,125,11,11
71743,89,84,5,5
71744,66,72,-6,6
71745,95,86,9,9
71746,85,82,3,3
71747,114,113,1,1
71748,70,66,4,4
71749,70,72,-2,2
71750,115,118,-3,3
71751,139,135,4,4
71752,104,99,5,5
71753,65,66,-1,1
71754,145,132,13,13
71755,108,102,6,6
71756,81,81,0,0
71757,85,73,12,12
71758,59,68,-9,9
71759,146,154,-8,8
71760,89,102,-13,13
71761,94,92,2,2
71762,82,80,2,2
71763,58,65,-7,7
71764,78,78,0,0
71765,92,84,8,8
71766,65,67,-2,2
71767,100,92,8,8
71768,126,119,7,7
71769,115,106,9,9
71770,64,61,3,3
71771,67,73,-6,6
71772,114,104,10,10
71773,73,73,0,0
71774,86,83,3,3
71775,92,83,9,9
71776,393,367,26,26
71777,121,134,-13,13
71778,77,83,-6,6
71779,106,95,11,11
71780,81,80,1,1
71781,99,89,10,10
71782,150,149,1,1
71783,98,97,1,1
71784,107,108,-1,1
71785,59,56,3,3
71786,53,45,8,8
71787,99,92,7,7
71788,138,133,5,5
71789,58,64,-6,6
71790,85,82,3,3
71791,129,123,6,6
71792,60,62,-2,2
71793,67,65,2,2
71794,107,100,7,7
71795,42,51,-9,9
71796,73,72,1,1
71797,81,85,-4,4
71798,154,129,25,25
71799,84,80,4,4
71800,67,72,-5,5
71801,62,58,4,4
71802,93,83,10,10
71803,119,113,6,6
71804,112,105,7,7
71805,146,140,6,6
71806,45,43,2,2
71807,127,119,8,8
71808,87,83,4,4
71809,122,119,3,3
71810,83,77,6,6
71811,116,110,6,6
71812,95,100,-5,5
71813,101,103,-2,2
71814,132,126,6,6
71815,116,106,10,10
71816,79,70,9,9
71817,94,87,7,7
71818,131,121,10,10
71819,61,60,1,1
71820,66,68,-2,2
71821,78,80,-2,2
71822,145,146,-1,1
71823,166,164,2,2
71824,88,80,8,8
71825,99,89,10,10
71826,85,86,-1,1
71827,62,63,-1,1
71828,85,85,0,0
71829,103,101,2,2
71830,123,146,-23,23
71831,43,53,-10,10
71832,89,95,-6,6
71833,61,67,-6,6
71834,65,67,-2,2
71835,81,79,2,2
71836,77,73,4,4
71837,118,117,1,1
71838,53,52,1,1
71839,90,80,10,10
71840,101,116,-15,15
71841,88,86,2,2
71842,136,134,2,2
71843,142,132,10,10
71844,79,73,6,6
71845,124,122,2,2
71846,69,69,0,0
71847,55,58,-3,3
71848,84,83,1,1
71849,34,38,-4,4
71850,86,78,8,8
71851,67,72,-5,5
71852,234,208,26,26
71853,175,170,5,5
71854,50,48,2,2
71855,75,69,6,6
71856,61,63,-2,2
71857,103,96,7,7
71858,59,58,1,1
71859,83,92,-9,9
71860,50,47,3,3
71861,89,87,2,2
71862,65,74,-9,9
71863,140,122,18,18
71864,158,152,6,6
71865,113,104,9,9
71866,118,119,-1,1
71867,172,155,17,17
71868,119,120,-1,1
71869,106,104,2,2
71870,146,142,4,4
71871,72,75,-3,3
71872,84,81,3,3
71873,78,80,-2,2
71874,58,56,2,2
71875,85,76,9,9
71876,137,126,11,11
71877,86,115,-29,29
71878,78,74,4,4
71879,88,90,-2,2
71880,108,102,6,6
71881,104,92,12,12
71882,77,87,-10,10
71883,101,100,1,1
71884,109,106,3,3
71885,84,78,6,6
71886,70,67,3,3
71887,134,139,-5,5
71888,51,46,5,5
71889,128,127,1,1
71890,103,113,-10,10
71891,76,78,-2,2
71892,101,110,-9,9
71893,92,91,1,1
71894,72,77,-5,5
71895,68,72,-4,4
71896,84,84,0,0
71897,88,85,3,3
71898,119,124,-5,5
71899,56,52,4,4
71900,31,36,-5,5
71901,91,91,0,0
71902,163,156,7,7
71903,124,114,10,10
71904,71,68,3,3
71905,101,91,10,10
71906,112,140,-28,28
71907,103,101,2,2
71908,74,71,3,3
71909,57,64,-7,7
71910,137,133,4,4
71911,124,109,15,15
71912,77,87,-10,10
71913,83,78,5,5
71914,66,79,-13,13
71915,110,98,12,12
71916,65,69,-4,4
71917,98,102,-4,4
71918,87,82,5,5
71919,90,80,10,10
71920,140,138,2,2
71921,116,111,5,5
71922,128,117,11,11
71923,73,69,4,4
71924,155,174,-19,19
71925,96,102,-6,6
71926,115,116,-1,1
71927,63,64,-1,1
71928,57,53,4,4
71929,113,119,-6,6
71930,104,92,12,12
71931,53,62,-9,9
71932,62,63,-1,1
71933,53,59,-6,6
71934,71,66,5,5
71935,76,77,-1,1
71936,117,109,8,8
71937,57,63,-6,6
71938,79,69,10,10
71939,69,82,-13,13
71940,78,75,3,3
71941,40,62,-22,22
71942,58,73,-15,15
71943,105,95,10,10
71944,87,99,-12,12
71945,118,102,16,16
71946,101,113,-12,12
71947,32,33,-1,1
71948,75,77,-2,2
71949,112,110,2,2
71950,112,99,13,13
71951,124,130,-6,6
71952,68,67,1,1
71953,72,69,3,3
71954,52,51,1,1
71955,84,80,4,4
71956,78,74,4,4
71957,106,90,16,16
71958,126,125,1,1
71959,103,103,0,0
71960,110,100,10,10
71961,91,82,9,9
71962,149,134,15,15
71963,55,55,0,0
71964,113,107,6,6
71965,72,71,1,1
71966,79,80,-1,1
71967,125,121,4,4
71968,126,116,10,10
71969,156,161,-5,5
71970,69,69,0,0
71971,59,48,11,11
71972,92,109,-17,17
71973,65,67,-2,2
71974,94,96,-2,2
71975,76,85,-9,9
71976,145,138,7,7
71977,141,136,5,5
71978,71,73,-2,2
71979,91,86,5,5
71980,56,65,-9,9
71981,107,112,-5,5
71982,73,66,7,7
71983,120,132,-12,12
71984,109,80,29,29
71985,125,117,8,8
71986,80,77,3,3
71987,55,58,-3,3
71988,92,93,-1,1
71989,125,118,7,7
71990,74,73,1,1
71991,65,75,-10,10
71992,85,84,1,1
71993,41,42,-1,1
71994,73,81,-8,8
71995,133,103,30,30
71996,48,48,0,0
71997,81,78,3,3
71998,109,119,-10,10
71999,98,95,3,3
72000,123,119,4,4
72001,103,106,-3,3
72002,79,79,0,0
72003,60,66,-6,6
72004,93,89,4,4
72005,162,131,31,31
72006,121,112,9,9
72007,113,121,-8,8
72008,64,70,-6,6
72009,61,68,-7,7
72010,110,104,6,6
72011,106,100,6,6
72012,111,103,8,8
72013,72,80,-8,8
72014,50,46,4,4
72015,58,52,6,6
72016,112,120,-8,8
72017,86,98,-12,12
72018,77,72,5,5
72019,116,114,2,2
72020,77,79,-2,2
72021,156,138,18,18
72022,94,95,-1,1
72023,152,138,14,14
72024,153,148,5,5
72025,91,87,4,4
72026,114,107,7,7
72027,54,59,-5,5
72028,68,68,0,0
72029,108,124,-16,16
72030,144,137,7,7
72031,122,114,8,8
72032,94,97,-3,3
72033,100,91,9,9
72034,63,69,-6,6
72035,109,102,7,7
72036,92,76,16,16
72037,104,95,9,9
72038,80,71,9,9
72039,83,81,2,2
72040,115,118,-3,3
72041,149,150,-1,1
72042,111,115,-4,4
72043,64,73,-9,9
72044,117,103,14,14
72045,68,69,-1,1
72046,98,89,9,9
72047,58,63,-5,5
72048,109,100,9,9
72049,84,80,4,4
72050,59,67,-8,8
72051,122,108,14,14
72052,67,70,-3,3
72053,74,69,5,5
72054,65,69,-4,4
72055,95,86,9,9
72056,90,88,2,2
72057,71,71,0,0
72058,46,44,2,2
72059,37,59,-22,22
72060,128,120,8,8
72061,110,105,5,5
72062,98,105,-7,7
72063,55,52,3,3
72064,118,107,11,11
72065,28,32,-4,4
72066,164,158,6,6
72067,97,98,-1,1
72068,149,134,15,15
72069,100,89,11,11
72070,102,108,-6,6
72071,99,98,1,1
72072,170,147,23,23
72073,124,126,-2,2
72074,109,120,-11,11
72075,146,137,9,9
72076,170,170,0,0
72077,85,65,20,20
72078,106,99,7,7
72079,96,94,2,2
72080,105,105,0,0
72081,116,103,13,13
72082,61,66,-5,5
72083,114,113,1,1
72084,105,102,3,3
72085,163,168,-5,5
72086,50,53,-3,3
72087,141,120,21,21
72088,79,84,-5,5
72089,129,120,9,9
72090,82,79,3,3
72091,61,64,-3,3
72092,69,72,-3,3
72093,62,73,-11,11
72094,93,87,6,6
72095,92,96,-4,4
72096,91,102,-11,11
72097,45,45,0,0
72098,167,156,11,11
72099,71,70,1,1
72100,43,49,-6,6
72101,122,123,-1,1
72102,73,64,9,9
72103,99,93,6,6
72104,82,79,3,3
72105,119,107,12,12
72106,135,122,13,13
72107,46,44,2,2
72108,102,92,10,10
72109,66,66,0,0
72110,159,158,1,1
72111,93,91,2,2
72112,93,82,11,11
72113,71,69,2,2
72114,106,84,22,22
72115,99,90,9,9
72116,145,157,-12,12
72117,102,110,-8,8
72118,146,139,7,7
72119,129,124,5,5
72120,105,113,-8,8
72121,119,108,11,11
72122,49,54,-5,5
72123,114,105,9,9
72124,137,136,1,1
72125,84,81,3,3
72126,63,64,-1,1
72127,120,110,10,10
72128,63,60,3,3
72129,153,138,15,15
72130,73,79,-6,6
72131,110,98,12,12
72132,178,169,9,9
72133,73,98,-25,25
72134,80,70,10,10
72135,98,93,5,5
72136,122,121,1,1
72137,122,119,3,3
72138,95,94,1,1
72139,100,103,-3,3
72140,107,110,-3,3
72141,86,79,7,7
72142,62,59,3,3
72143,77,77,0,0
72144,49,56,-7,7
72145,68,73,-5,5
72146,25,23,2,2
72147,83,77,6,6
72148,54,46,8,8
72149,122,121,1,1
72150,115,120,-5,5
72151,92,82,10,10
72152,120,128,-8,8
72153,161,149,12,12
72154,100,100,0,0
72155,127,126,1,1
72156,56,61,-5,5
72157,120,117,3,3
72158,319,289,30,30
72159,161,146,15,15
72160,120,109,11,11
72161,119,105,14,14
72162,119,103,16,16
72163,155,133,22,22
72164,90,90,0,0
72165,43,53,-10,10
72166,67,62,5,5
72167,75,67,8,8
72168,86,81,5,5
72169,107,100,7,7
72170,109,106,3,3
72171,105,112,-7,7
72172,120,122,-2,2
72173,57,58,-1,1
72174,81,83,-2,2
72175,114,109,5,5
72176,101,97,4,4
72177,104,93,11,11
72178,105,93,12,12
72179,93,92,1,1
72180,117,114,3,3
72181,93,84,9,9
72182,60,63,-3,3
72183,81,65,16,16
72184,96,92,4,4
72185,99,101,-2,2
72186,88,80,8,8
72187,113,117,-4,4
72188,91,98,-7,7
72189,142,130,12,12
72190,95,94,1,1
72191,79,81,-2,2
72192,80,92,-12,12
72193,54,56,-2,2
72194,124,113,11,11
72195,86,89,-3,3
72196,154,131,23,23
72197,77,79,-2,2
72198,129,111,18,18
72199,196,167,29,29
72200,78,77,1,1
72201,63,70,-7,7
72202,176,163,13,13
72203,102,100,2,2
72204,102,104,-2,2
72205,92,86,6,6
72206,145,132,13,13
72207,64,65,-1,1
72208,100,90,10,10
72209,96,111,-15,15
72210,96,83,13,13
72211,51,53,-2,2
72212,61,73,-12,12
72213,129,121,8,8
72214,196,180,16,16
72215,61,63,-2,2
72216,86,84,2,2
72217,69,78,-9,9
72218,121,111,10,10
72219,87,91,-4,4
72220,105,95,10,10
72221,67,78,-11,11
72222,71,85,-14,14
72223,165,151,14,14
72224,132,123,9,9
72225,171,163,8,8
72226,81,75,6,6
72227,142,137,5,5
72228,75,76,-1,1
72229,102,93,9,9
72230,86,88,-2,2
72231,136,126,10,10
72232,63,61,2,2
72233,122,124,-2,2
72234,89,91,-2,2
72235,97,103,-6,6
72236,67,69,-2,2
72237,105,100,5,5
72238,64,61,3,3
72239,85,93,-8,8
72240,99,102,-3,3
72241,80,66,14,14
72242,115,106,9,9
72243,65,66,-1,1
72244,104,91,13,13
72245,115,110,5,5
72246,147,141,6,6
72247,105,101,4,4
72248,141,132,9,9
72249,163,156,7,7
72250,129,120,9,9
72251,90,91,-1,1
72252,73,77,-4,4
72253,101,89,12,12
72254,103,103,0,0
72255,53,61,-8,8
72256,67,75,-8,8
72257,78,79,-1,1
72258,75,71,4,4
72259,76,76,0,0
72260,105,103,2,2
72261,103,93,10,10
72262,108,110,-2,2
72263,154,137,17,17
72264,84,85,-1,1
72265,125,119,6,6
72266,71,70,1,1
72267,84,87,-3,3
72268,81,79,2,2
72269,95,95,0,0
72270,249,213,36,36
72271,101,99,2,2
72272,69,71,-2,2
72273,109,113,-4,4
72274,76,76,0,0
72275,92,93,-1,1
72276,56,65,-9,9
72277,85,92,-7,7
72278,51,56,-5,5
72279,117,102,15,15
72280,74,76,-2,2
72281,184,168,16,16
72282,82,83,-1,1
72283,93,100,-7,7
72284,87,80,7,7
72285,56,57,-1,1
72286,65,62,3,3
72287,95,85,10,10
72288,112,116,-4,4
72289,110,109,1,1
72290,137,132,5,5
72291,73,74,-1,1
72292,128,116,12,12
72293,99,84,15,15
72294,133,128,5,5
72295,109,105,4,4
72296,74,84,-10,10
72297,99,87,12,12
72298,23,32,-9,9
72299,87,93,-6,6
72300,175,165,10,10
72301,71,77,-6,6
72302,64,69,-5,5
72303,74,81,-7,7
72304,127,124,3,3
72305,136,141,-5,5
72306,114,111,3,3
72307,143,137,6,6
72308,115,111,4,4
72309,83,86,-3,3
72310,118,112,6,6
72311,64,68,-4,4
72312,94,93,1,1
72313,69,61,8,8
72314,142,131,11,11
72315,75,73,2,2
72316,58,61,-3,3
72317,19,23,-4,4
72318,83,85,-2,2
72319,59,63,-4,4
72320,99,97,2,2
72321,69,70,-1,1
72322,95,87,8,8
72323,248,205,43,43
72324,129,122,7,7
72325,45,53,-8,8
72326,129,128,1,1
72327,99,90,9,9
72328,98,94,4,4
72329,115,118,-3,3
72330,136,138,-2,2
72331,111,102,9,9
72332,98,100,-2,2
72333,85,91,-6,6
72334,141,134,7,7
72335,94,100,-6,6
72336,94,96,-2,2
72337,112,119,-7,7
72338,107,106,1,1
72339,127,124,3,3
72340,113,100,13,13
72341,131,115,16,16
72342,69,76,-7,7
72343,51,55,-4,4
72344,148,136,12,12
72345,79,69,10,10
72346,108,102,6,6
72347,105,114,-9,9
72348,82,99,-17,17
72349,152,162,-10,10
72350,77,81,-4,4
72351,96,103,-7,7
72352,118,130,-12,12
72353,176,172,4,4
72354,161,166,-5,5
72355,74,70,4,4
72356,89,95,-6,6
72357,126,133,-7,7
72358,105,102,3,3
72359,102,101,1,1
72360,74,80,-6,6
72361,122,117,5,5
72362,80,81,-1,1
72363,75,74,1,1
72364,148,144,4,4
72365,129,124,5,5
72366,68,68,0,0
72367,74,84,-10,10
72368,96,83,13,13
72369,88,82,6,6
72370,53,69,-16,16
72371,79,77,2,2
72372,78,76,2,2
72373,69,72,-3,3
72374,134,122,12,12
72375,77,76,1,1
72376,144,126,18,18
72377,102,102,0,0
72378,112,126,-14,14
72379,122,115,7,7
72380,87,84,3,3
72381,111,115,-4,4
72382,102,103,-1,1
72383,73,76,-3,3
72384,86,84,2,2
72385,74,73,1,1
72386,132,119,13,13
72387,128,129,-1,1
72388,130,124,6,6
72389,62,65,-3,3
72390,44,50,-6,6
72391,78,81,-3,3
72392,95,90,5,5
72393,95,82,13,13
72394,116,115,1,1
72395,80,78,2,2
72396,57,62,-5,5
72397,84,97,-13,13
72398,122,113,9,9
72399,115,118,-3,3
72400,185,160,25,25
72401,144,122,22,22
72402,54,58,-4,4
72403,125,120,5,5
72404,107,113,-6,6
72405,140,145,-5,5
72406,59,64,-5,5
72407,64,68,-4,4
72408,83,82,1,1
72409,56,57,-1,1
72410,79,72,7,7
72411,58,57,1,1
72412,92,93,-1,1
72413,138,134,4,4
72414,110,103,7,7
72415,197,177,20,20
72416,102,97,5,5
72417,75,73,2,2
72418,127,117,10,10
72419,95,101,-6,6
72420,64,58,6,6
72421,68,75,-7,7
72422,174,165,9,9
72423,61,64,-3,3
72424,74,71,3,3
72425,106,105,1,1
72426,60,63,-3,3
72427,73,84,-11,11
72428,92,84,8,8
72429,189,159,30,30
72430,99,89,10,10
72431,147,137,10,10
72432,120,114,6,6
72433,75,75,0,0
72434,57,58,-1,1
72435,56,56,0,0
72436,73,73,0,0
72437,67,66,1,1
72438,176,159,17,17
72439,131,128,3,3
72440,101,98,3,3
72441,77,74,3,3
72442,90,112,-22,22
72443,106,109,-3,3
72444,120,117,3,3
72445,82,79,3,3
72446,117,116,1,1
72447,57,80,-23,23
72448,57,70,-13,13
72449,104,98,6,6
72450,85,81,4,4
72451,112,113,-1,1
72452,89,88,1,1
72453,88,101,-13,13
72454,87,77,10,10
72455,103,122,-19,19
72456,151,134,17,17
72457,92,93,-1,1
72458,98,88,10,10
72459,63,73,-10,10
72460,88,86,2,2
72461,85,80,5,5
72462,29,34,-5,5
72463,88,98,-10,10
72464,105,110,-5,5
72465,108,102,6,6
72466,69,67,2,2
72467,100,96,4,4
72468,67,73,-6,6
72469,78,68,10,10
72470,97,99,-2,2
72471,84,73,11,11
72472,57,67,-10,10
72473,124,115,9,9
72474,117,111,6,6
72475,101,92,9,9
72476,104,106,-2,2
72477,97,105,-8,8
72478,69,68,1,1
72479,105,102,3,3
72480,78,83,-5,5
72481,75,69,6,6
72482,67,63,4,4
72483,182,163,19,19
72484,49,54,-5,5
72485,89,88,1,1
72486,72,71,1,1
72487,97,99,-2,2
72488,72,71,1,1
72489,66,65,1,1
72490,118,123,-5,5
72491,49,59,-10,10
72492,87,81,6,6
72493,157,139,18,18
72494,63,68,-5,5
72495,69,77,-8,8
72496,163,166,-3,3
72497,221,213,8,8
72498,60,70,-10,10
72499,97,100,-3,3
72500,64,54,10,10
72501,87,99,-12,12
72502,101,102,-1,1
72503,96,96,0,0
72504,111,120,-9,9
72505,67,67,0,0
72506,112,112,0,0
72507,92,85,7,7
72508,90,99,-9,9
72509,127,131,-4,4
72510,62,69,-7,7
72511,82,85,-3,3
72512,131,113,18,18
72513,66,63,3,3
72514,122,127,-5,5
72515,80,90,-10,10
72516,83,84,-1,1
72517,71,78,-7,7
72518,76,71,5,5
72519,130,135,-5,5
72520,72,62,10,10
72521,51,50,1,1
72522,114,118,-4,4
72523,62,69,-7,7
72524,46,44,2,2
72525,58,65,-7,7
72526,84,93,-9,9
72527,69,69,0,0
72528,59,112,-53,53
72529,65,69,-4,4
72530,175,170,5,5
72531,135,130,5,5
72532,106,103,3,3
72533,72,79,-7,7
72534,124,120,4,4
72535,126,119,7,7
72536,120,118,2,2
72537,92,87,5,5
72538,68,67,1,1
72539,109,102,7,7
72540,74,84,-10,10
72541,61,67,-6,6
72542,96,91,5,5
72543,115,124,-9,9
72544,88,92,-4,4
72545,112,108,4,4
72546,182,164,18,18
72547,156,144,12,12
72548,156,147,9,9
72549,103,85,18,18
72550,89,84,5,5
72551,114,103,11,11
72552,106,93,13,13
72553,85,74,11,11
72554,107,98,9,9
72555,75,74,1,1
72556,84,84,0,0
72557,120,117,3,3
72558,95,84,11,11
72559,48,51,-3,3
72560,65,61,4,4
72561,59,69,-10,10
72562,85,83,2,2
72563,125,118,7,7
72564,89,84,5,5
72565,92,84,8,8
72566,131,132,-1,1
72567,83,83,0,0
72568,81,75,6,6
72569,82,76,6,6
72570,66,66,0,0
72571,126,127,-1,1
72572,167,153,14,14
72573,103,103,0,0
72574,119,110,9,9
72575,133,129,4,4
72576,138,138,0,0
72577,136,128,8,8
72578,57,61,-4,4
72579,111,106,5,5
72580,75,80,-5,5
72581,64,63,1,1
72582,111,115,-4,4
72583,126,124,2,2
72584,147,135,12,12
72585,188,163,25,25
72586,123,69,54,54
72587,87,95,-8,8
72588,77,77,0,0
72589,82,77,5,5
72590,83,81,2,2
72591,69,77,-8,8
72592,136,139,-3,3
72593,53,63,-10,10
72594,81,78,3,3
72595,124,125,-1,1
72596,111,104,7,7
72597,120,119,1,1
72598,66,74,-8,8
72599,68,69,-1,1
72600,147,150,-3,3
72601,193,171,22,22
72602,62,64,-2,2
72603,113,114,-1,1
72604,83,82,1,1
72605,114,118,-4,4
72606,138,135,3,3
72607,63,73,-10,10
72608,153,134,19,19
72609,75,79,-4,4
72610,104,96,8,8
72611,138,141,-3,3
72612,86,75,11,11
72613,85,84,1,1
72614,132,130,2,2
72615,86,84,2,2
72616,60,70,-10,10
72617,119,112,7,7
72618,233,205,28,28
72619,125,132,-7,7
72620,128,122,6,6
72621,135,135,0,0
72622,92,83,9,9
72623,134,125,9,9
72624,108,103,5,5
72625,154,138,16,16
72626,149,147,2,2
72627,112,102,10,10
72628,117,115,2,2
72629,158,153,5,5
72630,83,78,5,5
72631,92,88,4,4
72632,80,75,5,5
72633,86,87,-1,1
72634,23,23,0,0
72635,90,87,3,3
72636,129,130,-1,1
72637,122,119,3,3
72638,49,60,-11,11
72639,58,67,-9,9
72640,115,105,10,10
72641,92,88,4,4
72642,146,164,-18,18
72643,69,84,-15,15
72644,107,114,-7,7
72645,152,140,12,12
72646,106,98,8,8
72647,78,77,1,1
72648,122,107,15,15
72649,97,103,-6,6
72650,62,66,-4,4
72651,125,124,1,1
72652,172,158,14,14
72653,73,76,-3,3
72654,88,85,3,3
72655,69,73,-4,4
72656,72,67,5,5
72657,87,86,1,1
72658,53,55,-2,2
72659,65,66,-1,1
72660,117,115,2,2
72661,105,106,-1,1
72662,168,156,12,12
72663,83,93,-10,10
72664,65,68,-3,3
72665,108,102,6,6
72666,45,52,-7,7
72667,123,110,13,13
72668,62,69,-7,7
72669,69,73,-4,4
72670,65,69,-4,4
72671,88,99,-11,11
72672,70,74,-4,4
72673,115,110,5,5
72674,68,65,3,3
72675,109,110,-1,1
72676,117,117,0,0
72677,68,69,-1,1
72678,93,86,7,7
72679,76,73,3,3
72680,147,135,12,12
72681,124,118,6,6
72682,146,140,6,6
72683,104,116,-12,12
72684,85,85,0,0
72685,107,95,12,12
72686,131,117,14,14
72687,71,69,2,2
72688,78,72,6,6
72689,69,75,-6,6
72690,124,128,-4,4
72691,101,95,6,6
72692,64,60,4,4
72693,69,70,-1,1
72694,60,69,-9,9
72695,97,89,8,8
72696,78,76,2,2
72697,106,126,-20,20
72698,102,95,7,7
72699,102,98,4,4
72700,135,132,3,3
72701,84,92,-8,8
72702,132,121,11,11
72703,81,76,5,5
72704,55,50,5,5
72705,80,73,7,7
72706,89,101,-12,12
72707,218,373,-155,155
72708,68,66,2,2
72709,136,113,23,23
72710,78,74,4,4
72711,66,73,-7,7
72712,115,114,1,1
72713,102,90,12,12
72714,64,70,-6,6
72715,32,31,1,1
72716,61,59,2,2
72717,98,99,-1,1
72718,87,74,13,13
72719,75,65,10,10
72720,131,121,10,10
72721,82,88,-6,6
72722,102,93,9,9
72723,68,64,4,4
72724,129,125,4,4
72725,147,139,8,8
72726,54,56,-2,2
72727,95,97,-2,2
72728,181,171,10,10
72729,102,106,-4,4
72730,49,57,-8,8
72731,100,90,10,10
72732,72,75,-3,3
72733,137,142,-5,5
72734,57,56,1,1
72735,85,78,7,7
72736,69,70,-1,1
72737,44,37,7,7
72738,102,101,1,1
72739,140,138,2,2
72740,59,61,-2,2
72741,59,69,-10,10
72742,67,64,3,3
72743,96,98,-2,2
72744,54,49,5,5
72745,81,75,6,6
72746,154,149,5,5
72747,134,143,-9,9
72748,100,85,15,15
72749,104,95,9,9
72750,92,101,-9,9
72751,63,67,-4,4
72752,115,96,19,19
72753,55,58,-3,3
72754,163,153,10,10
72755,122,124,-2,2
72756,106,102,4,4
72757,90,93,-3,3
72758,97,90,7,7
72759,69,70,-1,1
72760,86,82,4,4
72761,87,84,3,3
72762,134,119,15,15
72763,83,87,-4,4
72764,96,99,-3,3
72765,75,72,3,3
72766,91,80,11,11
72767,74,70,4,4
72768,105,104,1,1
72769,109,103,6,6
72770,50,69,-19,19
72771,83,69,14,14
72772,101,98,3,3
72773,98,102,-4,4
72774,78,78,0,0
72775,115,101,14,14
72776,151,139,12,12
72777,50,45,5,5
72778,111,111,0,0
72779,75,82,-7,7
72780,191,179,12,12
72781,82,78,4,4
72782,133,121,12,12
72783,131,128,3,3
72784,69,68,1,1
72785,112,104,8,8
72786,52,58,-6,6
72787,109,118,-9,9
72788,82,83,-1,1
72789,106,110,-4,4
72790,36,38,-2,2
72791,84,82,2,2
72792,103,98,5,5
72793,56,60,-4,4
72794,78,77,1,1
72795,69,71,-2,2
72796,67,69,-2,2
72797,83,89,-6,6
72798,103,103,0,0
72799,84,82,2,2
72800,68,74,-6,6
72801,78,77,1,1
72802,118,109,9,9
72803,112,107,5,5
72804,108,109,-1,1
72805,113,108,5,5
72806,116,100,16,16
72807,67,67,0,0
72808,110,110,0,0
72809,100,89,11,11
72810,111,99,12,12
72811,82,85,-3,3
72812,157,153,4,4
72813,75,75,0,0
72814,102,101,1,1
72815,90,89,1,1
72816,60,65,-5,5
72817,88,89,-1,1
72818,96,94,2,2
72819,117,135,-18,18
72820,76,81,-5,5
72821,166,145,21,21
72822,187,153,34,34
72823,73,67,6,6
72824,91,97,-6,6
72825,125,124,1,1
72826,60,67,-7,7
72827,91,84,7,7
72828,99,112,-13,13
72829,80,69,11,11
72830,125,121,4,4
72831,111,117,-6,6
72832,54,59,-5,5
72833,192,176,16,16
72834,159,147,12,12
72835,71,70,1,1
72836,80,82,-2,2
72837,58,62,-4,4
72838,78,72,6,6
72839,146,131,15,15
72840,73,71,2,2
72841,178,154,24,24
72842,94,94,0,0
72843,131,120,11,11
72844,70,60,10,10
72845,126,127,-1,1
72846,84,80,4,4
72847,80,82,-2,2
72848,214,188,26,26
72849,111,107,4,4
72850,134,137,-3,3
72851,89,88,1,1
72852,124,136,-12,12
72853,112,103,9,9
72854,94,102,-8,8
72855,110,105,5,5
72856,143,139,4,4
72857,70,73,-3,3
72858,112,114,-2,2
72859,88,83,5,5
72860,89,81,8,8
72861,78,73,5,5
72862,121,112,9,9
72863,69,70,-1,1
72864,82,79,3,3
72865,137,165,-28,28
72866,116,115,1,1
72867,169,155,14,14
72868,108,98,10,10
72869,62,60,2,2
72870,66,81,-15,15
72871,126,117,9,9
72872,77,70,7,7
72873,170,160,10,10
72874,48,57,-9,9
72875,123,111,12,12
72876,135,129,6,6
72877,128,126,2,2
72878,108,106,2,2
72879,102,93,9,9
72880,89,86,3,3
72881,68,70,-2,2
72882,83,74,9,9
72883,174,170,4,4
72884,130,108,22,22
72885,176,161,15,15
72886,87,94,-7,7
72887,69,64,5,5
72888,69,73,-4,4
72889,100,85,15,15
72890,164,157,7,7
72891,94,100,-6,6
72892,82,78,4,4
72893,191,185,6,6
72894,99,101,-2,2
72895,78,80,-2,2
72896,68,70,-2,2
72897,121,104,17,17
72898,128,119,9,9
72899,149,141,8,8
72900,164,151,13,13
72901,74,76,-2,2
72902,67,60,7,7
72903,59,67,-8,8
72904,100,116,-16,16
72905,62,75,-13,13
72906,100,101,-1,1
72907,79,80,-1,1
72908,137,153,-16,16
72909,74,74,0,0
72910,94,90,4,4
72911,119,100,19,19
72912,103,94,9,9
72913,95,90,5,5
72914,60,56,4,4
72915,111,104,7,7
72916,34,37,-3,3
72917,78,84,-6,6
72918,97,94,3,3
72919,111,109,2,2
72920,85,88,-3,3
72921,149,137,12,12
72922,90,81,9,9
72923,49,53,-4,4
72924,138,129,9,9
72925,69,66,3,3
72926,79,71,8,8
72927,70,69,1,1
72928,82,83,-1,1
72929,79,80,-1,1
72930,85,93,-8,8
72931,89,81,8,8
72932,67,71,-4,4
72933,106,116,-10,10
72934,70,78,-8,8
72935,74,81,-7,7
72936,55,64,-9,9
72937,164,160,4,4
72938,77,74,3,3
72939,57,57,0,0
72940,97,108,-11,11
72941,136,142,-6,6
72942,83,80,3,3
72943,66,68,-2,2
72944,92,93,-1,1
72945,92,92,0,0
72946,71,65,6,6
72947,67,74,-7,7
72948,150,136,14,14
72949,69,73,-4,4
72950,132,122,10,10
72951,194,182,12,12
72952,137,135,2,2
72953,68,71,-3,3
72954,90,94,-4,4
72955,113,110,3,3
72956,61,56,5,5
72957,160,146,14,14
72958,149,147,2,2
72959,48,58,-10,10
72960,128,126,2,2
72961,102,100,2,2
72962,95,96,-1,1
72963,68,63,5,5
72964,164,154,10,10
72965,92,99,-7,7
72966,100,88,12,12
72967,68,76,-8,8
72968,81,80,1,1
72969,87,80,7,7
72970,121,104,17,17
72971,95,96,-1,1
72972,99,78,21,21
72973,59,69,-10,10
72974,140,128,12,12
72975,109,87,22,22
72976,147,134,13,13
72977,84,83,1,1
72978,111,107,4,4
72979,85,86,-1,1
72980,63,70,-7,7
72981,64,64,0,0
72982,75,71,4,4
72983,136,117,19,19
72984,140,142,-2,2
72985,45,49,-4,4
72986,159,157,2,2
72987,110,100,10,10
72988,54,66,-12,12
72989,129,128,1,1
72990,170,176,-6,6
72991,111,108,3,3
72992,72,70,2,2
72993,129,125,4,4
72994,67,69,-2,2
72995,159,169,-10,10
72996,60,67,-7,7
72997,91,89,2,2
72998,126,112,14,14
72999,240,199,41,41
73000,113,109,4,4
73001,85,77,8,8
73002,54,59,-5,5
73003,68,69,-1,1
73004,89,82,7,7
73005,142,131,11,11
73006,146,134,12,12
73007,87,84,3,3
73008,122,123,-1,1
73009,81,61,20,20
73010,77,76,1,1
73011,113,102,11,11
73012,182,183,-1,1
73013,111,103,8,8
73014,97,85,12,12
73015,90,83,7,7
73016,149,140,9,9
73017,62,75,-13,13
73018,121,118,3,3
73019,90,84,6,6
73020,64,59,5,5
73021,158,150,8,8
73022,89,85,4,4
73023,93,87,6,6
73024,82,75,7,7
73025,80,85,-5,5
73026,231,222,9,9
73027,52,58,-6,6
73028,185,165,20,20
73029,125,129,-4,4
73030,116,106,10,10
73031,70,72,-2,2
73032,92,84,8,8
73033,135,137,-2,2
73034,83,88,-5,5
73035,78,82,-4,4
73036,89,84,5,5
73037,98,92,6,6
73038,74,78,-4,4
73039,117,117,0,0
73040,65,201,-136,136
73041,80,78,2,2
73042,82,79,3,3
73043,144,149,-5,5
73044,64,63,1,1
73045,144,136,8,8
73046,46,43,3,3
73047,29,33,-4,4
73048,81,79,2,2
73049,115,111,4,4
73050,99,90,9,9
73051,80,75,5,5
73052,111,105,6,6
73053,113,110,3,3
73054,119,101,18,18
73055,49,45,4,4
73056,128,123,5,5
73057,168,155,13,13
73058,52,55,-3,3
73059,115,114,1,1
73060,230,199,31,31
73061,113,128,-15,15
73062,66,60,6,6
73063,102,99,3,3
73064,52,52,0,0
73065,94,88,6,6
73066,69,72,-3,3
73067,146,155,-9,9
73068,130,123,7,7
73069,82,73,9,9
73070,51,52,-1,1
73071,114,105,9,9
73072,58,70,-12,12
73073,70,76,-6,6
73074,74,71,3,3
73075,75,67,8,8
73076,54,51,3,3
73077,134,136,-2,2
73078,46,44,2,2
73079,79,74,5,5
73080,66,75,-9,9
73081,114,115,-1,1
73082,76,83,-7,7
73083,149,139,10,10
73084,126,117,9,9
73085,91,97,-6,6
73086,56,55,1,1
73087,131,127,4,4
73088,119,129,-10,10
73089,119,116,3,3
73090,124,122,2,2
73091,142,138,4,4
73092,215,189,26,26
73093,59,61,-2,2
73094,60,60,0,0
73095,76,80,-4,4
73096,54,50,4,4
73097,78,86,-8,8
73098,133,140,-7,7
73099,56,55,1,1
73100,79,80,-1,1
73101,74,69,5,5
73102,55,68,-13,13
73103,62,54,8,8
73104,47,44,3,3
73105,112,115,-3,3
73106,112,103,9,9
73107,122,114,8,8
73108,104,102,2,2
73109,81,98,-17,17
73110,76,82,-6,6
73111,61,60,1,1
73112,230,183,47,47
73113,87,82,5,5
73114,94,87,7,7
73115,83,78,5,5
73116,154,133,21,21
73117,140,127,13,13
73118,81,82,-1,1
73119,78,75,3,3
73120,112,103,9,9
73121,133,121,12,12
73122,72,76,-4,4
73123,150,123,27,27
73124,133,125,8,8
73125,74,66,8,8
73126,122,120,2,2
73127,90,87,3,3
73128,69,66,3,3
73129,75,79,-4,4
73130,50,46,4,4
73131,135,128,7,7
73132,126,119,7,7
73133,68,92,-24,24
73134,88,86,2,2
73135,78,83,-5,5
73136,55,60,-5,5
73137,94,101,-7,7
73138,57,69,-12,12
73139,70,73,-3,3
73140,150,142,8,8
73141,67,74,-7,7
73142,78,82,-4,4
73143,82,79,3,3
73144,123,125,-2,2
73145,75,69,6,6
73146,151,152,-1,1
73147,79,74,5,5
73148,116,106,10,10
73149,89,82,7,7
73150,143,135,8,8
73151,94,93,1,1
73152,94,100,-6,6
73153,81,83,-2,2
73154,77,84,-7,7
73155,85,86,-1,1
73156,104,109,-5,5
73157,58,63,-5,5
73158,76,81,-5,5
73159,72,74,-2,2
73160,90,84,6,6
73161,126,133,-7,7
73162,81,79,2,2
73163,113,111,2,2
73164,72,78,-6,6
73165,111,114,-3,3
73166,94,86,8,8
73167,77,73,4,4
73168,76,70,6,6
73169,91,84,7,7
73170,84,85,-1,1
73171,50,62,-12,12
73172,111,114,-3,3
73173,160,153,7,7
73174,90,80,10,10
73175,165,172,-7,7
73176,153,134,19,19
73177,38,40,-2,2
73178,76,89,-13,13
73179,73,73,0,0
73180,99,102,-3,3
73181,64,68,-4,4
73182,148,139,9,9
73183,146,141,5,5
73184,86,84,2,2
73185,70,75,-5,5
73186,74,71,3,3
73187,102,95,7,7
73188,76,67,9,9
73189,115,103,12,12
73190,111,105,6,6
73191,67,71,-4,4
73192,120,128,-8,8
73193,72,73,-1,1
73194,93,87,6,6
73195,256,241,15,15
73196,157,149,8,8
73197,70,69,1,1
73198,95,103,-8,8
73199,99,100,-1,1
73200,94,90,4,4
73201,81,77,4,4
73202,102,94,8,8
73203,107,107,0,0
73204,137,124,13,13
73205,91,89,2,2
73206,90,99,-9,9
73207,68,68,0,0
73208,59,65,-6,6
73209,86,86,0,0
73210,118,127,-9,9
73211,197,188,9,9
73212,55,63,-8,8
73213,82,76,6,6
73214,96,100,-4,4
73215,88,98,-10,10
73216,72,86,-14,14
73217,56,65,-9,9
73218,110,104,6,6
73219,75,69,6,6
73220,107,116,-9,9
73221,100,104,-4,4
73222,137,122,15,15
73223,76,77,-1,1
73224,174,168,6,6
73225,101,103,-2,2
73226,85,83,2,2
73227,53,60,-7,7
73228,108,97,11,11
73229,82,78,4,4
73230,84,89,-5,5
73231,92,92,0,0
73232,125,135,-10,10
73233,93,101,-8,8
73234,54,60,-6,6
73235,113,103,10,10
73236,196,190,6,6
73237,71,69,2,2
73238,75,72,3,3
73239,46,50,-4,4
73240,107,108,-1,1
73241,82,86,-4,4
73242,88,101,-13,13
73243,57,55,2,2
73244,153,139,14,14
73245,131,133,-2,2
73246,111,124,-13,13
73247,136,138,-2,2
73248,58,64,-6,6
73249,85,84,1,1
73250,98,87,11,11
73251,80,80,0,0
73252,82,87,-5,5
73253,74,71,3,3
73254,135,121,14,14
73255,88,85,3,3
73256,27,39,-12,12
73257,60,68,-8,8
73258,82,79,3,3
73259,176,172,4,4
73260,163,140,23,23
73261,130,131,-1,1
73262,120,112,8,8
73263,143,125,18,18
73264,138,139,-1,1
73265,88,82,6,6
73266,125,124,1,1
73267,81,79,2,2
73268,56,57,-1,1
73269,70,72,-2,2
73270,59,65,-6,6
73271,117,131,-14,14
73272,35,39,-4,4
73273,115,104,11,11
73274,59,64,-5,5
73275,88,80,8,8
73276,124,128,-4,4
73277,110,95,15,15
73278,118,110,8,8
73279,103,90,13,13
73280,121,120,1,1
73281,78,75,3,3
73282,69,72,-3,3
73283,129,122,7,7
73284,75,69,6,6
73285,54,54,0,0
73286,185,169,16,16
73287,105,98,7,7
73288,65,62,3,3
73289,145,128,17,17
73290,134,122,12,12
73291,102,96,6,6
73292,75,75,0,0
73293,106,98,8,8
73294,122,120,2,2
73295,42,49,-7,7
73296,144,147,-3,3
73297,104,97,7,7
73298,117,108,9,9
73299,69,71,-2,2
73300,63,73,-10,10
73301,184,152,32,32
73302,96,93,3,3
73303,86,77,9,9
73304,98,98,0,0
73305,78,75,3,3
73306,91,87,4,4
73307,53,52,1,1
73308,79,76,3,3
73309,141,132,9,9
73310,82,78,4,4
73311,49,52,-3,3
73312,109,98,11,11
73313,61,65,-4,4
73314,90,91,-1,1
73315,61,58,3,3
73316,94,103,-9,9
73317,134,135,-1,1
73318,65,71,-6,6
73319,136,130,6,6
73320,164,158,6,6
73321,98,103,-5,5
73322,83,80,3,3
73323,40,44,-4,4
73324,67,79,-12,12
73325,90,86,4,4
73326,62,55,7,7
73327,60,59,1,1
73328,115,102,13,13
73329,135,133,2,2
73330,75,74,1,1
73331,35,62,-27,27
73332,94,104,-10,10
73333,113,104,9,9
73334,133,127,6,6
73335,103,82,21,21
73336,108,100,8,8
73337,65,67,-2,2
73338,67,61,6,6
73339,121,116,5,5
73340,89,100,-11,11
73341,69,72,-3,3
73342,128,125,3,3
73343,99,87,12,12
73344,100,97,3,3
73345,88,75,13,13
73346,160,148,12,12
73347,94,87,7,7
73348,111,111,0,0
73349,83,77,6,6
73350,51,64,-13,13
73351,126,119,7,7
73352,150,133,17,17
73353,57,58,-1,1
73354,63,69,-6,6
73355,112,112,0,0
73356,196,184,12,12
73357,71,74,-3,3
73358,152,144,8,8
73359,87,84,3,3
73360,59,63,-4,4
73361,144,137,7,7
73362,122,112,10,10
73363,61,69,-8,8
73364,99,107,-8,8
73365,74,68,6,6
73366,68,70,-2,2
73367,92,95,-3,3
73368,147,149,-2,2
73369,114,111,3,3
73370,64,64,0,0
73371,92,78,14,14
73372,85,80,5,5
73373,100,89,11,11
73374,142,130,12,12
73375,34,35,-1,1
73376,107,93,14,14
73377,110,102,8,8
73378,154,146,8,8
73379,69,70,-1,1
73380,91,101,-10,10
73381,124,115,9,9
73382,71,65,6,6
73383,61,57,4,4
73384,110,104,6,6
73385,86,96,-10,10
73386,143,131,12,12
73387,65,67,-2,2
73388,82,76,6,6
73389,90,95,-5,5
73390,156,157,-1,1
73391,177,170,7,7
73392,108,104,4,4
73393,100,108,-8,8
73394,60,70,-10,10
73395,81,91,-10,10
73396,99,100,-1,1
73397,63,87,-24,24
73398,87,100,-13,13
73399,53,50,3,3
73400,47,49,-2,2
73401,65,74,-9,9
73402,79,75,4,4
73403,65,69,-4,4
73404,99,102,-3,3
73405,61,64,-3,3
73406,101,107,-6,6
73407,75,68,7,7
73408,99,105,-6,6
73409,84,81,3,3
73410,130,121,9,9
73411,147,132,15,15
73412,103,102,1,1
73413,48,46,2,2
73414,88,85,3,3
73415,115,107,8,8
73416,81,82,-1,1
73417,69,78,-9,9
73418,144,144,0,0
73419,103,96,7,7
73420,84,79,5,5
73421,175,172,3,3
73422,133,117,16,16
73423,88,86,2,2
73424,112,109,3,3
73425,98,99,-1,1
73426,79,76,3,3
73427,65,65,0,0
73428,75,85,-10,10
73429,101,103,-2,2
73430,44,49,-5,5
73431,89,88,1,1
73432,107,105,2,2
73433,85,84,1,1
73434,42,49,-7,7
73435,86,91,-5,5
73436,92,84,8,8
73437,70,72,-2,2
73438,79,78,1,1
73439,39,55,-16,16
73440,90,85,5,5
73441,126,116,10,10
73442,116,111,5,5
73443,69,72,-3,3
73444,51,58,-7,7
73445,107,99,8,8
73446,88,83,5,5
73447,104,94,10,10
73448,81,71,10,10
73449,78,76,2,2
73450,87,85,2,2
73451,63,75,-12,12
73452,92,90,2,2
73453,125,128,-3,3
73454,113,107,6,6
73455,50,50,0,0
73456,71,69,2,2
73457,78,79,-1,1
73458,65,65,0,0
73459,145,134,11,11
73460,64,60,4,4
73461,83,81,2,2
73462,162,142,20,20
73463,84,82,2,2
73464,149,148,1,1
73465,68,72,-4,4
73466,84,84,0,0
73467,74,68,6,6
73468,106,104,2,2
73469,87,88,-1,1
73470,102,116,-14,14
73471,142,125,17,17
73472,159,151,8,8
73473,49,50,-1,1
73474,133,137,-4,4
73475,89,84,5,5
73476,47,52,-5,5
73477,111,112,-1,1
73478,79,76,3,3
73479,108,118,-10,10
73480,58,61,-3,3
73481,111,117,-6,6
73482,46,50,-4,4
73483,69,72,-3,3
73484,144,143,1,1
73485,122,117,5,5
73486,114,109,5,5
73487,60,59,1,1
73488,75,80,-5,5
73489,79,79,0,0
73490,97,100,-3,3
73491,177,175,2,2
73492,111,102,9,9
73493,35,44,-9,9
73494,133,117,16,16
73495,58,56,2,2
73496,114,99,15,15
73497,80,81,-1,1
73498,133,115,18,18
73499,116,118,-2,2
73500,88,70,18,18
73501,126,117,9,9
73502,135,124,11,11
73503,85,87,-2,2
73504,154,152,2,2
73505,118,113,5,5
73506,92,86,6,6
73507,146,150,-4,4
73508,63,67,-4,4
73509,77,79,-2,2
73510,113,106,7,7
73511,110,121,-11,11
73512,63,69,-6,6
73513,78,72,6,6
73514,130,122,8,8
73515,64,60,4,4
73516,81,83,-2,2
73517,75,67,8,8
73518,41,48,-7,7
73519,139,133,6,6
73520,60,62,-2,2
73521,81,81,0,0
73522,108,102,6,6
73523,102,98,4,4
73524,63,64,-1,1
73525,111,102,9,9
73526,42,43,-1,1
73527,93,91,2,2
73528,106,111,-5,5
73529,92,83,9,9
73530,87,83,4,4
73531,100,101,-1,1
73532,73,72,1,1
73533,65,64,1,1
73534,84,90,-6,6
73535,158,155,3,3
73536,73,73,0,0
73537,116,125,-9,9
73538,79,86,-7,7
73539,114,105,9,9
73540,108,106,2,2
73541,89,83,6,6
73542,65,74,-9,9
73543,123,117,6,6
73544,70,75,-5,5
73545,58,61,-3,3
73546,61,69,-8,8
73547,118,129,-11,11
73548,91,96,-5,5
73549,82,86,-4,4
73550,42,55,-13,13
73551,43,46,-3,3
73552,144,130,14,14
73553,60,72,-12,12
73554,29,63,-34,34
73555,111,98,13,13
73556,69,69,0,0
73557,192,170,22,22
73558,88,103,-15,15
73559,64,67,-3,3
73560,131,131,0,0
73561,107,111,-4,4
73562,95,103,-8,8
73563,70,74,-4,4
73564,51,48,3,3
73565,195,180,15,15
73566,77,78,-1,1
73567,117,120,-3,3
73568,87,78,9,9
73569,46,44,2,2
73570,71,70,1,1
73571,65,63,2,2
73572,171,180,-9,9
73573,106,104,2,2
73574,82,81,1,1
73575,130,120,10,10
73576,58,66,-8,8
73577,105,108,-3,3
73578,121,121,0,0
73579,148,153,-5,5
73580,87,83,4,4
73581,98,103,-5,5
73582,74,86,-12,12
73583,138,134,4,4
73584,95,98,-3,3
73585,104,102,2,2
73586,64,61,3,3
73587,74,75,-1,1
73588,126,104,22,22
73589,93,98,-5,5
73590,80,78,2,2
73591,62,67,-5,5
73592,56,61,-5,5
73593,91,91,0,0
73594,202,183,19,19
73595,97,99,-2,2
73596,109,118,-9,9
73597,62,48,14,14
73598,156,153,3,3
73599,62,61,1,1
73600,156,153,3,3
73601,60,64,-4,4
73602,67,65,2,2
73603,109,112,-3,3
73604,129,119,10,10
73605,126,118,8,8
73606,141,132,9,9
73607,117,103,14,14
73608,167,160,7,7
73609,123,127,-4,4
73610,127,115,12,12
73611,70,68,2,2
73612,67,69,-2,2
73613,93,88,5,5
73614,79,75,4,4
73615,80,79,1,1
73616,81,86,-5,5
73617,77,75,2,2
73618,57,62,-5,5
73619,125,131,-6,6
73620,137,123,14,14
73621,98,102,-4,4
73622,76,74,2,2
73623,99,92,7,7
73624,88,87,1,1
73625,71,72,-1,1
73626,85,80,5,5
73627,93,96,-3,3
73628,112,101,11,11
73629,63,69,-6,6
73630,79,90,-11,11
73631,90,90,0,0
73632,71,70,1,1
73633,67,83,-16,16
73634,147,127,20,20
73635,57,75,-18,18
73636,61,62,-1,1
73637,100,91,9,9
73638,79,75,4,4
73639,136,116,20,20
73640,88,89,-1,1
73641,67,67,0,0
73642,173,166,7,7
73643,111,100,11,11
73644,96,79,17,17
73645,91,82,9,9
73646,90,83,7,7
73647,93,87,6,6
73648,99,100,-1,1
73649,57,56,1,1
73650,71,68,3,3
73651,165,155,10,10
73652,91,102,-11,11
73653,59,58,1,1
73654,103,101,2,2
73655,72,72,0,0
73656,95,89,6,6
73657,86,77,9,9
73658,142,118,24,24
73659,92,88,4,4
73660,86,87,-1,1
73661,143,132,11,11
73662,37,42,-5,5
73663,66,71,-5,5
73664,121,114,7,7
73665,89,86,3,3
73666,54,71,-17,17
73667,64,66,-2,2
73668,48,46,2,2
73669,33,36,-3,3
73670,154,149,5,5
73671,55,58,-3,3
73672,85,76,9,9
73673,68,67,1,1
73674,88,86,2,2
73675,61,65,-4,4
73676,123,114,9,9
73677,98,100,-2,2
73678,161,156,5,5
73679,53,57,-4,4
73680,68,75,-7,7
73681,131,121,10,10
73682,100,99,1,1
73683,64,64,0,0
73684,109,118,-9,9
73685,87,83,4,4
73686,78,79,-1,1
73687,56,60,-4,4
73688,96,87,9,9
73689,104,100,4,4
73690,94,92,2,2
73691,66,65,1,1
73692,106,97,9,9
73693,132,141,-9,9
73694,142,119,23,23
73695,112,117,-5,5
73696,104,77,27,27
73697,129,134,-5,5
73698,107,102,5,5
73699,137,141,-4,4
73700,81,84,-3,3
73701,57,57,0,0
73702,126,117,9,9
73703,57,72,-15,15
73704,141,128,13,13
73705,94,87,7,7
73706,56,68,-12,12
73707,100,88,12,12
73708,65,72,-7,7
73709,153,145,8,8
73710,106,113,-7,7
73711,65,65,0,0
73712,89,88,1,1
73713,69,62,7,7
73714,172,163,9,9
73715,74,74,0,0
73716,55,65,-10,10
73717,95,89,6,6
73718,80,81,-1,1
73719,72,76,-4,4
73720,69,69,0,0
73721,77,83,-6,6
73722,136,127,9,9
73723,60,59,1,1
73724,106,100,6,6
73725,98,90,8,8
73726,113,111,2,2
73727,66,68,-2,2
73728,117,108,9,9
73729,75,74,1,1
73730,123,120,3,3
73731,54,53,1,1
73732,157,165,-8,8
73733,100,93,7,7
73734,74,77,-3,3
73735,61,65,-4,4
73736,72,76,-4,4
73737,81,75,6,6
73738,138,146,-8,8
73739,137,137,0,0
73740,163,144,19,19
73741,65,80,-15,15
73742,130,130,0,0
73743,68,76,-8,8
73744,97,88,9,9
73745,167,160,7,7
73746,93,78,15,15
73747,63,70,-7,7
73748,91,84,7,7
73749,174,158,16,16
73750,138,120,18,18
73751,75,77,-2,2
73752,129,133,-4,4
73753,116,103,13,13
73754,47,41,6,6
73755,116,104,12,12
73756,103,96,7,7
73757,112,103,9,9
73758,133,122,11,11
73759,55,64,-9,9
73760,75,82,-7,7
73761,53,55,-2,2
73762,88,97,-9,9
73763,132,126,6,6
73764,35,34,1,1
73765,45,49,-4,4
73766,67,69,-2,2
73767,124,108,16,16
73768,148,136,12,12
73769,138,123,15,15
73770,98,92,6,6
73771,81,79,2,2
73772,54,57,-3,3
73773,35,35,0,0
73774,69,66,3,3
73775,66,65,1,1
73776,116,107,9,9
73777,86,81,5,5
73778,95,95,0,0
73779,95,99,-4,4
73780,61,62,-1,1
73781,79,78,1,1
73782,74,94,-20,20
73783,117,112,5,5
73784,63,65,-2,2
73785,138,119,19,19
73786,125,122,3,3
73787,95,93,2,2
73788,66,70,-4,4
73789,53,54,-1,1
73790,83,80,3,3
73791,60,69,-9,9
73792,52,55,-3,3
73793,55,53,2,2
73794,100,104,-4,4
73795,91,105,-14,14
73796,87,84,3,3
73797,63,56,7,7
73798,122,98,24,24
73799,75,73,2,2
73800,57,69,-12,12
73801,55,62,-7,7
73802,110,99,11,11
73803,88,89,-1,1
73804,155,163,-8,8
73805,96,99,-3,3
73806,81,79,2,2
73807,102,96,6,6
73808,141,124,17,17
73809,105,101,4,4
73810,68,66,2,2
73811,80,74,6,6
73812,94,100,-6,6
73813,60,63,-3,3
73814,107,90,17,17
73815,112,110,2,2
73816,92,92,0,0
73817,86,76,10,10
73818,131,115,16,16
73819,62,58,4,4
73820,146,143,3,3
73821,67,78,-11,11
73822,77,79,-2,2
73823,101,102,-1,1
73824,80,72,8,8
73825,97,81,16,16
73826,140,126,14,14
73827,128,136,-8,8
73828,108,108,0,0
73829,91,87,4,4
73830,91,94,-3,3
73831,87,80,7,7
73832,151,129,22,22
73833,91,94,-3,3
73834,161,146,15,15
73835,60,62,-2,2
73836,135,123,12,12
73837,73,89,-16,16
73838,88,99,-11,11
73839,71,69,2,2
73840,80,81,-1,1
73841,50,51,-1,1
73842,106,100,6,6
73843,66,66,0,0
73844,90,95,-5,5
73845,122,128,-6,6
73846,99,92,7,7
73847,73,74,-1,1
73848,60,60,0,0
73849,63,82,-19,19
73850,105,120,-15,15
73851,34,38,-4,4
73852,74,82,-8,8
73853,122,115,7,7
73854,123,108,15,15
73855,66,64,2,2
73856,122,114,8,8
73857,114,105,9,9
73858,165,162,3,3
73859,139,149,-10,10
73860,58,50,8,8
73861,70,71,-1,1
73862,71,66,5,5
73863,158,179,-21,21
73864,66,67,-1,1
73865,166,129,37,37
73866,129,128,1,1
73867,91,88,3,3
73868,109,129,-20,20
73869,118,130,-12,12
73870,90,89,1,1
73871,125,120,5,5
73872,94,86,8,8
73873,107,99,8,8
73874,144,123,21,21
73875,83,77,6,6
73876,71,75,-4,4
73877,93,91,2,2
73878,103,101,2,2
73879,78,78,0,0
73880,33,75,-42,42
73881,44,81,-37,37
73882,129,122,7,7
73883,210,193,17,17
73884,98,87,11,11
73885,60,77,-17,17
73886,110,101,9,9
73887,56,64,-8,8
73888,149,135,14,14
73889,86,84,2,2
73890,101,98,3,3
73891,80,76,4,4
73892,96,93,3,3
73893,66,66,0,0
73894,73,73,0,0
73895,87,74,13,13
73896,73,69,4,4
73897,96,89,7,7
73898,36,45,-9,9
73899,171,193,-22,22
73900,125,121,4,4
73901,82,83,-1,1
73902,79,72,7,7
73903,148,137,11,11
73904,137,128,9,9
73905,82,82,0,0
73906,72,94,-22,22
73907,57,62,-5,5
73908,162,159,3,3
73909,148,132,16,16
73910,82,75,7,7
73911,76,74,2,2
73912,72,68,4,4
73913,42,37,5,5
73914,102,107,-5,5
73915,61,66,-5,5
73916,107,106,1,1
73917,72,68,4,4
73918,117,125,-8,8
73919,70,68,2,2
73920,60,61,-1,1
73921,110,94,16,16
73922,94,93,1,1
73923,121,126,-5,5
73924,102,101,1,1
73925,61,65,-4,4
73926,69,70,-1,1
73927,51,64,-13,13
73928,113,122,-9,9
73929,148,165,-17,17
73930,129,125,4,4
73931,60,59,1,1
73932,82,100,-18,18
73933,149,136,13,13
73934,64,60,4,4
73935,95,95,0,0
73936,105,99,6,6
73937,129,126,3,3
73938,140,138,2,2
73939,143,146,-3,3
73940,67,64,3,3
73941,81,79,2,2
73942,131,118,13,13
73943,61,59,2,2
73944,95,90,5,5
73945,121,116,5,5
73946,96,83,13,13
73947,159,131,28,28
73948,51,54,-3,3
73949,72,75,-3,3
73950,83,82,1,1
73951,114,107,7,7
73952,90,91,-1,1
73953,72,70,2,2
73954,88,80,8,8
73955,149,134,15,15
73956,69,68,1,1
73957,67,73,-6,6
73958,65,73,-8,8
73959,119,122,-3,3
73960,146,129,17,17
73961,75,83,-8,8
73962,175,158,17,17
73963,109,114,-5,5
73964,80,79,1,1
73965,99,89,10,10
73966,137,134,3,3
73967,77,92,-15,15
73968,44,70,-26,26
73969,96,93,3,3
73970,55,55,0,0
73971,113,103,10,10
73972,108,105,3,3
73973,55,53,2,2
73974,138,118,20,20
73975,74,72,2,2
73976,69,72,-3,3
73977,131,126,5,5
73978,129,156,-27,27
73979,103,104,-1,1
73980,50,52,-2,2
73981,90,91,-1,1
73982,42,43,-1,1
73983,140,151,-11,11
73984,76,88,-12,12
73985,113,106,7,7
73986,43,51,-8,8
73987,73,83,-10,10
73988,116,116,0,0
73989,112,118,-6,6
73990,126,128,-2,2
73991,98,103,-5,5
73992,83,80,3,3
73993,51,57,-6,6
73994,73,90,-17,17
73995,220,187,33,33
73996,72,80,-8,8
73997,63,65,-2,2
73998,107,106,1,1
73999,90,82,8,8
74000,50,59,-9,9
74001,100,95,5,5
74002,126,116,10,10
74003,73,73,0,0
74004,88,90,-2,2
74005,65,77,-12,12
74006,73,70,3,3
74007,83,81,2,2
74008,118,120,-2,2
74009,77,72,5,5
74010,175,167,8,8
74011,101,94,7,7
74012,72,72,0,0
74013,84,84,0,0
74014,320,366,-46,46
74015,86,99,-13,13
74016,48,51,-3,3
74017,82,75,7,7
74018,111,101,10,10
74019,83,82,1,1
74020,105,120,-15,15
74021,87,91,-4,4
74022,92,90,2,2
74023,106,102,4,4
74024,179,174,5,5
74025,123,115,8,8
74026,68,76,-8,8
74027,52,49,3,3
74028,155,130,25,25
74029,97,108,-11,11
74030,78,80,-2,2
74031,52,51,1,1
74032,62,63,-1,1
74033,92,90,2,2
74034,113,104,9,9
74035,141,134,7,7
74036,66,72,-6,6
74037,97,85,12,12
74038,80,100,-20,20
74039,71,92,-21,21
74040,117,111,6,6
74041,202,186,16,16
74042,89,81,8,8
74043,65,72,-7,7
74044,83,87,-4,4
74045,151,139,12,12
74046,68,64,4,4
74047,84,92,-8,8
74048,114,106,8,8
74049,67,68,-1,1
74050,48,45,3,3
74051,108,108,0,0
74052,159,139,20,20
74053,84,79,5,5
74054,153,139,14,14
74055,52,69,-17,17
74056,159,152,7,7
74057,118,118,0,0
74058,83,86,-3,3
74059,50,52,-2,2
74060,125,116,9,9
74061,41,90,-49,49
74062,62,74,-12,12
74063,85,76,9,9
74064,133,131,2,2
74065,129,119,10,10
74066,97,101,-4,4
74067,102,105,-3,3
74068,23,32,-9,9
74069,74,77,-3,3
74070,41,51,-10,10
74071,108,114,-6,6
74072,104,102,2,2
74073,108,92,16,16
74074,97,95,2,2
74075,74,76,-2,2
74076,94,91,3,3
74077,78,75,3,3
74078,117,119,-2,2
74079,119,118,1,1
74080,60,53,7,7
74081,86,79,7,7
74082,84,84,0,0
74083,72,72,0,0
74084,93,99,-6,6
74085,72,73,-1,1
74086,156,137,19,19
74087,73,76,-3,3
74088,108,103,5,5
74089,126,134,-8,8
74090,93,94,-1,1
74091,79,69,10,10
74092,181,152,29,29
74093,83,77,6,6
74094,119,118,1,1
74095,71,70,1,1
74096,77,70,7,7
74097,104,122,-18,18
74098,72,76,-4,4
74099,68,69,-1,1
74100,98,97,1,1
74101,57,77,-20,20
74102,80,105,-25,25
74103,73,74,-1,1
74104,191,170,21,21
74105,100,90,10,10
74106,132,117,15,15
74107,40,37,3,3
74108,54,55,-1,1
74109,154,147,7,7
74110,139,131,8,8
74111,107,103,4,4
74112,128,117,11,11
74113,133,122,11,11
74114,83,72,11,11
74115,63,90,-27,27
74116,81,81,0,0
74117,163,153,10,10
74118,109,106,3,3
74119,63,63,0,0
74120,90,87,3,3
74121,81,90,-9,9
74122,66,66,0,0
74123,120,123,-3,3
74124,89,81,8,8
74125,67,72,-5,5
74126,85,91,-6,6
74127,78,78,0,0
74128,75,79,-4,4
74129,198,185,13,13
74130,92,90,2,2
74131,118,106,12,12
74132,57,62,-5,5
74133,155,147,8,8
74134,86,81,5,5
74135,67,65,2,2
74136,178,146,32,32
74137,68,70,-2,2
74138,85,83,2,2
74139,79,81,-2,2
74140,93,82,11,11
74141,50,58,-8,8
74142,58,59,-1,1
74143,104,104,0,0
74144,100,93,7,7
74145,201,185,16,16
74146,105,106,-1,1
74147,105,108,-3,3
74148,90,89,1,1
74149,68,75,-7,7
74150,74,78,-4,4
74151,60,60,0,0
74152,59,71,-12,12
74153,97,103,-6,6
74154,87,81,6,6
74155,55,67,-12,12
74156,111,101,10,10
74157,119,103,16,16
74158,115,117,-2,2
74159,59,52,7,7
74160,61,63,-2,2
74161,30,60,-30,30
74162,96,88,8,8
74163,131,113,18,18
74164,183,174,9,9
74165,161,166,-5,5
74166,146,143,3,3
74167,200,183,17,17
74168,100,100,0,0
74169,114,110,4,4
74170,108,105,3,3
74171,73,72,1,1
74172,75,70,5,5
74173,72,72,0,0
74174,143,150,-7,7
74175,101,90,11,11
74176,66,70,-4,4
74177,164,145,19,19
74178,85,83,2,2
74179,88,85,3,3
74180,98,99,-1,1
74181,54,97,-43,43
74182,95,97,-2,2
74183,64,69,-5,5
74184,144,139,5,5
74185,105,102,3,3
74186,102,109,-7,7
74187,114,94,20,20
74188,54,62,-8,8
74189,112,102,10,10
74190,181,163,18,18
74191,110,101,9,9
74192,75,69,6,6
74193,51,63,-12,12
74194,98,93,5,5
74195,85,85,0,0
74196,54,67,-13,13
74197,57,62,-5,5
74198,77,85,-8,8
74199,66,75,-9,9
74200,84,75,9,9
74201,102,104,-2,2
74202,124,125,-1,1
74203,129,123,6,6
74204,195,187,8,8
74205,111,109,2,2
74206,109,121,-12,12
74207,68,67,1,1
74208,57,57,0,0
74209,76,86,-10,10
74210,99,93,6,6
74211,78,83,-5,5
74212,124,123,1,1
74213,83,75,8,8
74214,82,76,6,6
74215,73,70,3,3
74216,66,70,-4,4
74217,102,102,0,0
74218,107,114,-7,7
74219,101,95,6,6
74220,119,119,0,0
74221,120,128,-8,8
74222,69,73,-4,4
74223,80,95,-15,15
74224,113,109,4,4
74225,63,70,-7,7
74226,94,82,12,12
74227,146,144,2,2
74228,109,104,5,5
74229,117,105,12,12
74230,66,72,-6,6
74231,151,131,20,20
74232,60,57,3,3
74233,146,157,-11,11
74234,135,128,7,7
74235,90,79,11,11
74236,48,58,-10,10
74237,71,69,2,2
74238,155,153,2,2
74239,86,74,12,12
74240,111,121,-10,10
74241,96,90,6,6
74242,137,152,-15,15
74243,81,84,-3,3
74244,60,65,-5,5
74245,83,96,-13,13
74246,106,103,3,3
74247,67,72,-5,5
74248,52,53,-1,1
74249,104,99,5,5
74250,73,80,-7,7
74251,87,85,2,2
74252,148,148,0,0
74253,77,71,6,6
74254,92,89,3,3
74255,201,188,13,13
74256,50,52,-2,2
74257,149,143,6,6
74258,150,132,18,18
74259,89,98,-9,9
74260,131,121,10,10
74261,73,68,5,5
74262,83,88,-5,5
74263,155,151,4,4
74264,80,60,20,20
74265,128,127,1,1
74266,59,59,0,0
74267,85,91,-6,6
74268,87,102,-15,15
74269,85,79,6,6
74270,72,71,1,1
74271,72,78,-6,6
74272,56,58,-2,2
74273,127,123,4,4
74274,73,69,4,4
74275,94,79,15,15
74276,72,70,2,2
74277,48,45,3,3
74278,130,114,16,16
74279,103,90,13,13
74280,96,80,16,16
74281,140,144,-4,4
74282,63,69,-6,6
74283,61,59,2,2
74284,78,76,2,2
74285,75,68,7,7
74286,81,86,-5,5
74287,79,82,-3,3
74288,94,97,-3,3
74289,117,114,3,3
74290,59,57,2,2
74291,84,80,4,4
74292,149,145,4,4
74293,109,111,-2,2
74294,46,57,-11,11
74295,131,120,11,11
74296,118,108,10,10
74297,83,91,-8,8
74298,68,85,-17,17
74299,70,85,-15,15
74300,49,55,-6,6
74301,73,70,3,3
74302,132,131,1,1
74303,93,82,11,11
74304,159,158,1,1
74305,107,108,-1,1
74306,185,168,17,17
74307,143,140,3,3
74308,60,69,-9,9
74309,78,69,9,9
74310,106,108,-2,2
74311,98,85,13,13
74312,101,86,15,15
74313,39,59,-20,20
74314,104,104,0,0
74315,51,66,-15,15
74316,88,79,9,9
74317,83,82,1,1
74318,116,130,-14,14
74319,59,58,1,1
74320,88,84,4,4
74321,206,174,32,32
74322,147,123,24,24
74323,40,50,-10,10
74324,45,46,-1,1
74325,89,88,1,1
74326,146,137,9,9
74327,76,83,-7,7
74328,92,73,19,19
74329,35,43,-8,8
74330,77,94,-17,17
74331,104,109,-5,5
74332,97,87,10,10
74333,135,127,8,8
74334,63,61,2,2
74335,54,57,-3,3
74336,117,119,-2,2
74337,79,75,4,4
74338,64,69,-5,5
74339,63,66,-3,3
74340,63,65,-2,2
74341,80,79,1,1
74342,136,132,4,4
74343,106,96,10,10
74344,76,71,5,5
74345,80,78,2,2
74346,126,121,5,5
74347,96,88,8,8
74348,56,55,1,1
74349,124,126,-2,2
74350,137,132,5,5
74351,63,67,-4,4
74352,59,66,-7,7
74353,102,97,5,5
74354,41,38,3,3
74355,84,85,-1,1
74356,99,100,-1,1
74357,108,115,-7,7
74358,125,124,1,1
74359,115,110,5,5
74360,84,81,3,3
74361,100,106,-6,6
74362,128,128,0,0
74363,60,63,-3,3
74364,77,80,-3,3
74365,63,61,2,2
74366,90,101,-11,11
74367,64,74,-10,10
74368,61,53,8,8
74369,99,103,-4,4
74370,97,100,-3,3
74371,65,59,6,6
74372,99,100,-1,1
74373,181,165,16,16
74374,83,86,-3,3
74375,102,99,3,3
74376,136,143,-7,7
74377,56,54,2,2
74378,132,125,7,7
74379,76,76,0,0
74380,101,94,7,7
74381,110,90,20,20
74382,51,49,2,2
74383,60,69,-9,9
74384,127,126,1,1
74385,81,107,-26,26
74386,59,62,-3,3
74387,82,79,3,3
74388,103,95,8,8
74389,99,93,6,6
74390,50,43,7,7
74391,85,98,-13,13
74392,67,63,4,4
74393,125,117,8,8
74394,93,85,8,8
74395,116,112,4,4
74396,68,75,-7,7
74397,77,77,0,0
74398,95,94,1,1
74399,59,67,-8,8
74400,111,98,13,13
74401,79,81,-2,2
74402,84,86,-2,2
74403,89,94,-5,5
74404,164,156,8,8
74405,72,71,1,1
74406,78,80,-2,2
74407,149,155,-6,6
74408,95,78,17,17
74409,85,75,10,10
74410,96,95,1,1
74411,72,65,7,7
74412,112,99,13,13
74413,77,73,4,4
74414,40,42,-2,2
74415,110,109,1,1
74416,59,70,-11,11
74417,107,103,4,4
74418,66,81,-15,15
74419,87,81,6,6
74420,72,73,-1,1
74421,85,90,-5,5
74422,49,52,-3,3
74423,72,76,-4,4
74424,156,164,-8,8
74425,75,60,15,15
74426,83,75,8,8
74427,107,105,2,2
74428,97,86,11,11
74429,108,102,6,6
74430,89,78,11,11
74431,103,115,-12,12
74432,133,132,1,1
74433,56,53,3,3
74434,77,77,0,0
74435,88,85,3,3
74436,106,111,-5,5
74437,134,135,-1,1
74438,81,84,-3,3
74439,126,124,2,2
74440,69,71,-2,2
74441,120,161,-41,41
74442,121,107,14,14
74443,62,66,-4,4
74444,85,79,6,6
74445,93,89,4,4
74446,111,107,4,4
74447,99,117,-18,18
74448,50,54,-4,4
74449,98,108,-10,10
74450,83,73,10,10
74451,94,101,-7,7
74452,144,142,2,2
74453,49,51,-2,2
74454,46,46,0,0
74455,87,92,-5,5
74456,80,83,-3,3
74457,150,126,24,24
74458,67,74,-7,7
74459,39,37,2,2
74460,82,76,6,6
74461,76,74,2,2
74462,56,58,-2,2
74463,33,43,-10,10
74464,95,87,8,8
74465,67,57,10,10
74466,87,89,-2,2
74467,101,95,6,6
74468,62,65,-3,3
74469,62,70,-8,8
74470,93,82,11,11
74471,71,62,9,9
74472,79,80,-1,1
74473,86,79,7,7
74474,70,76,-6,6
74475,117,110,7,7
74476,51,62,-11,11
74477,168,157,11,11
74478,120,106,14,14
74479,99,92,7,7
74480,73,79,-6,6
74481,120,120,0,0
74482,136,127,9,9
74483,57,61,-4,4
74484,89,82,7,7
74485,89,94,-5,5
74486,81,84,-3,3
74487,72,60,12,12
74488,104,100,4,4
74489,141,130,11,11
74490,79,78,1,1
74491,167,158,9,9
74492,86,82,4,4
74493,138,121,17,17
74494,66,67,-1,1
74495,59,57,2,2
74496,110,122,-12,12
74497,82,76,6,6
74498,92,89,3,3
74499,62,62,0,0
74500,82,71,11,11
74501,62,67,-5,5
74502,94,86,8,8
74503,135,154,-19,19
74504,227,235,-8,8
74505,85,82,3,3
74506,74,83,-9,9
74507,106,138,-32,32
74508,52,55,-3,3
74509,96,107,-11,11
74510,97,98,-1,1
74511,143,140,3,3
74512,84,71,13,13
74513,77,70,7,7
74514,49,50,-1,1
74515,116,111,5,5
74516,67,94,-27,27
74517,74,81,-7,7
74518,83,81,2,2
74519,77,74,3,3
74520,113,109,4,4
74521,125,119,6,6
74522,59,61,-2,2
74523,62,67,-5,5
74524,148,144,4,4
74525,56,68,-12,12
74526,85,97,-12,12
74527,158,139,19,19
74528,79,83,-4,4
74529,87,79,8,8
74530,115,144,-29,29
74531,62,62,0,0
74532,78,76,2,2
74533,107,97,10,10
74534,129,124,5,5
74535,109,101,8,8
74536,46,52,-6,6
74537,73,70,3,3
74538,47,44,3,3
74539,57,57,0,0
74540,136,139,-3,3
74541,74,72,2,2
74542,73,70,3,3
74543,117,113,4,4
74544,64,61,3,3
74545,65,74,-9,9
74546,61,62,-1,1
74547,40,51,-11,11
74548,84,80,4,4
74549,96,95,1,1
74550,108,98,10,10
74551,148,145,3,3
74552,111,108,3,3
74553,131,133,-2,2
74554,55,63,-8,8
74555,132,123,9,9
74556,156,124,32,32
74557,68,66,2,2
74558,109,102,7,7
74559,65,63,2,2
74560,78,70,8,8
74561,136,128,8,8
74562,190,191,-1,1
74563,157,155,2,2
74564,110,111,-1,1
74565,50,57,-7,7
74566,123,130,-7,7
74567,127,127,0,0
74568,88,86,2,2
74569,116,111,5,5
74570,85,87,-2,2
74571,116,107,9,9
74572,181,171,10,10
74573,87,89,-2,2
74574,135,135,0,0
74575,64,75,-11,11
74576,92,87,5,5
74577,59,62,-3,3
74578,81,72,9,9
74579,71,70,1,1
74580,130,135,-5,5
74581,96,85,11,11
74582,86,79,7,7
74583,107,123,-16,16
74584,118,111,7,7
74585,93,91,2,2
74586,88,91,-3,3
74587,54,63,-9,9
74588,101,102,-1,1
74589,58,63,-5,5
74590,109,100,9,9
74591,106,111,-5,5
74592,139,133,6,6
74593,50,55,-5,5
74594,168,166,2,2
74595,115,124,-9,9
74596,70,75,-5,5
74597,92,85,7,7
74598,133,126,7,7
74599,74,75,-1,1
74600,159,163,-4,4
74601,120,120,0,0
74602,84,101,-17,17
74603,103,106,-3,3
74604,183,151,32,32
74605,139,127,12,12
74606,86,89,-3,3
74607,82,82,0,0
74608,61,72,-11,11
74609,123,100,23,23
74610,87,87,0,0
74611,135,132,3,3
74612,99,89,10,10
74613,74,70,4,4
74614,74,78,-4,4
74615,139,139,0,0
74616,85,81,4,4
74617,70,74,-4,4
74618,106,102,4,4
74619,123,120,3,3
74620,100,100,0,0
74621,61,62,-1,1
74622,92,90,2,2
74623,132,134,-2,2
74624,59,64,-5,5
74625,226,203,23,23
74626,84,74,10,10
74627,165,170,-5,5
74628,83,87,-4,4
74629,115,110,5,5
74630,159,144,15,15
74631,93,87,6,6
74632,126,131,-5,5
74633,51,51,0,0
74634,118,115,3,3
74635,80,69,11,11
74636,161,145,16,16
74637,91,86,5,5
74638,83,81,2,2
74639,91,84,7,7
74640,234,209,25,25
74641,78,74,4,4
74642,101,93,8,8
74643,72,72,0,0
74644,92,72,20,20
74645,44,62,-18,18
74646,76,77,-1,1
74647,106,101,5,5
74648,119,106,13,13
74649,111,93,18,18
74650,111,116,-5,5
74651,105,97,8,8
74652,62,66,-4,4
74653,113,118,-5,5
74654,94,99,-5,5
74655,155,143,12,12
74656,59,59,0,0
74657,86,96,-10,10
74658,61,58,3,3
74659,198,178,20,20
74660,83,80,3,3
74661,50,61,-11,11
74662,126,121,5,5
74663,95,86,9,9
74664,95,85,10,10
74665,24,29,-5,5
74666,90,92,-2,2
74667,47,46,1,1
74668,64,74,-10,10
74669,107,111,-4,4
74670,94,82,12,12
74671,77,76,1,1
74672,111,124,-13,13
74673,107,107,0,0
74674,33,37,-4,4
74675,73,71,2,2
74676,63,68,-5,5
74677,90,92,-2,2
74678,89,172,-83,83
74679,79,75,4,4
74680,128,125,3,3
74681,91,87,4,4
74682,114,108,6,6
74683,103,93,10,10
74684,61,47,14,14
74685,122,131,-9,9
74686,114,110,4,4
74687,143,137,6,6
74688,75,76,-1,1
74689,66,65,1,1
74690,90,89,1,1
74691,108,98,10,10
74692,74,76,-2,2
74693,137,134,3,3
74694,121,107,14,14
74695,85,102,-17,17
74696,47,51,-4,4
74697,51,62,-11,11
74698,79,73,6,6
74699,80,75,5,5
74700,111,108,3,3
74701,126,132,-6,6
74702,37,37,0,0
74703,87,83,4,4
74704,102,101,1,1
74705,73,74,-1,1
74706,81,93,-12,12
74707,85,75,10,10
74708,127,119,8,8
74709,127,110,17,17
74710,93,104,-11,11
74711,122,122,0,0
74712,175,152,23,23
74713,96,94,2,2
74714,88,81,7,7
74715,162,140,22,22
74716,124,136,-12,12
74717,42,39,3,3
74718,90,87,3,3
74719,91,89,2,2
74720,129,124,5,5
74721,53,57,-4,4
74722,75,76,-1,1
74723,88,93,-5,5
74724,70,66,4,4
74725,185,176,9,9
74726,105,100,5,5
74727,128,119,9,9
74728,103,98,5,5
74729,100,103,-3,3
74730,71,73,-2,2
74731,157,139,18,18
74732,103,107,-4,4
74733,118,117,1,1
74734,140,171,-31,31
74735,102,102,0,0
74736,71,68,3,3
74737,143,146,-3,3
74738,58,66,-8,8
74739,96,100,-4,4
74740,112,109,3,3
74741,85,83,2,2
74742,92,101,-9,9
74743,81,84,-3,3
74744,102,99,3,3
74745,43,63,-20,20
74746,87,81,6,6
74747,118,116,2,2
74748,85,76,9,9
74749,100,102,-2,2
74750,83,90,-7,7
74751,83,67,16,16
74752,89,85,4,4
74753,50,54,-4,4
74754,134,127,7,7
74755,65,57,8,8
74756,72,79,-7,7
74757,75,69,6,6
74758,78,78,0,0
74759,81,85,-4,4
74760,105,115,-10,10
74761,67,66,1,1
74762,136,70,66,66
74763,86,99,-13,13
74764,139,132,7,7
74765,78,73,5,5
74766,38,43,-5,5
74767,78,73,5,5
74768,59,55,4,4
74769,91,83,8,8
74770,152,145,7,7
74771,148,155,-7,7
74772,108,103,5,5
74773,77,71,6,6
74774,83,76,7,7
74775,89,82,7,7
74776,104,93,11,11
74777,117,121,-4,4
74778,151,145,6,6
74779,45,55,-10,10
74780,60,55,5,5
74781,125,124,1,1
74782,41,41,0,0
74783,49,51,-2,2
74784,140,132,8,8
74785,90,91,-1,1
74786,93,94,-1,1
74787,100,84,16,16
74788,125,118,7,7
74789,114,116,-2,2
74790,128,126,2,2
74791,60,62,-2,2
74792,191,179,12,12
74793,140,138,2,2
74794,82,100,-18,18
74795,76,71,5,5
74796,117,116,1,1
74797,83,86,-3,3
74798,82,79,3,3
74799,122,128,-6,6
74800,60,66,-6,6
74801,117,115,2,2
74802,96,82,14,14
74803,115,115,0,0
74804,134,129,5,5
74805,109,107,2,2
74806,91,80,11,11
74807,72,74,-2,2
74808,96,87,9,9
74809,80,81,-1,1
74810,71,75,-4,4
74811,95,83,12,12
74812,101,101,0,0
74813,67,68,-1,1
74814,87,92,-5,5
74815,89,86,3,3
74816,62,65,-3,3
74817,126,151,-25,25
74818,78,84,-6,6
74819,100,105,-5,5
74820,96,89,7,7
74821,100,99,1,1
74822,59,61,-2,2
74823,93,87,6,6
74824,120,117,3,3
74825,70,75,-5,5
74826,46,48,-2,2
74827,153,145,8,8
74828,91,87,4,4
74829,94,94,0,0
74830,74,87,-13,13
74831,87,75,12,12
74832,76,77,-1,1
74833,56,62,-6,6
74834,104,122,-18,18
74835,126,124,2,2
74836,115,113,2,2
74837,107,113,-6,6
74838,41,52,-11,11
74839,75,69,6,6
74840,76,81,-5,5
74841,75,77,-2,2
74842,50,55,-5,5
74843,118,118,0,0
74844,131,126,5,5
74845,92,135,-43,43
74846,113,106,7,7
74847,126,112,14,14
74848,65,74,-9,9
74849,128,122,6,6
74850,89,89,0,0
74851,100,91,9,9
74852,85,80,5,5
74853,166,151,15,15
74854,100,112,-12,12
74855,119,118,1,1
74856,72,65,7,7
74857,78,78,0,0
74858,70,65,5,5
74859,84,81,3,3
74860,56,50,6,6
74861,18,28,-10,10
74862,75,77,-2,2
74863,107,117,-10,10
74864,86,80,6,6
74865,128,127,1,1
74866,99,102,-3,3
74867,69,74,-5,5
74868,130,120,10,10
74869,127,126,1,1
74870,188,176,12,12
74871,99,101,-2,2
74872,83,79,4,4
74873,105,97,8,8
74874,56,59,-3,3
74875,84,81,3,3
74876,43,52,-9,9
74877,104,115,-11,11
74878,93,93,0,0
74879,111,118,-7,7
74880,106,119,-13,13
74881,77,73,4,4
74882,74,70,4,4
74883,138,136,2,2
74884,47,44,3,3
74885,158,152,6,6
74886,111,110,1,1
74887,84,84,0,0
74888,129,131,-2,2
74889,76,79,-3,3
74890,84,81,3,3
74891,67,69,-2,2
74892,61,52,9,9
74893,107,98,9,9
74894,79,71,8,8
74895,112,119,-7,7
74896,53,55,-2,2
74897,84,80,4,4
74898,46,48,-2,2
74899,115,107,8,8
74900,48,44,4,4
74901,51,52,-1,1
74902,73,84,-11,11
74903,81,99,-18,18
74904,53,56,-3,3
74905,144,136,8,8
74906,93,85,8,8
74907,63,75,-12,12
74908,47,44,3,3
74909,117,102,15,15
74910,172,136,36,36
74911,57,63,-6,6
74912,143,139,4,4
74913,108,113,-5,5
74914,140,133,7,7
74915,70,74,-4,4
74916,96,94,2,2
74917,107,108,-1,1
74918,116,108,8,8
74919,120,118,2,2
74920,60,52,8,8
74921,77,82,-5,5
74922,112,113,-1,1
74923,97,108,-11,11
74924,183,187,-4,4
74925,95,93,2,2
74926,92,85,7,7
74927,76,87,-11,11
74928,99,100,-1,1
74929,85,77,8,8
74930,76,78,-2,2
74931,93,95,-2,2
74932,50,55,-5,5
74933,55,58,-3,3
74934,88,87,1,1
74935,97,106,-9,9
74936,83,82,1,1
74937,54,51,3,3
74938,86,80,6,6
74939,77,83,-6,6
74940,282,331,-49,49
74941,136,126,10,10
74942,91,83,8,8
74943,150,161,-11,11
74944,66,71,-5,5
74945,71,78,-7,7
74946,87,82,5,5
74947,87,91,-4,4
74948,119,120,-1,1
74949,148,136,12,12
74950,117,111,6,6
74951,85,85,0,0
74952,97,91,6,6
74953,49,57,-8,8
74954,103,109,-6,6
74955,38,37,1,1
74956,86,97,-11,11
74957,49,47,2,2
74958,103,97,6,6
74959,103,127,-24,24
74960,45,47,-2,2
74961,103,99,4,4
74962,83,77,6,6
74963,95,85,10,10
74964,60,70,-10,10
74965,102,104,-2,2
74966,138,149,-11,11
74967,83,80,3,3
74968,95,98,-3,3
74969,96,93,3,3
74970,150,151,-1,1
74971,53,53,0,0
74972,133,117,16,16
74973,45,49,-4,4
74974,50,48,2,2
74975,35,86,-51,51
74976,103,91,12,12
74977,58,58,0,0
74978,72,75,-3,3
74979,100,104,-4,4
74980,95,87,8,8
74981,109,99,10,10
74982,57,68,-11,11
74983,68,85,-17,17
74984,89,84,5,5
74985,129,122,7,7
74986,118,114,4,4
74987,114,111,3,3
74988,112,107,5,5
74989,103,95,8,8
74990,95,92,3,3
74991,130,138,-8,8
74992,95,82,13,13
74993,129,126,3,3
74994,84,80,4,4
74995,103,107,-4,4
74996,146,143,3,3
74997,84,92,-8,8
74998,143,134,9,9
74999,84,86,-2,2
75000,69,77,-8,8
75001,94,101,-7,7
75002,56,73,-17,17
75003,133,131,2,2
75004,49,61,-12,12
75005,58,54,4,4
75006,122,108,14,14
75007,117,114,3,3
75008,87,81,6,6
75009,113,115,-2,2
75010,60,64,-4,4
75011,65,68,-3,3
75012,103,99,4,4
75013,152,138,14,14
75014,121,118,3,3
75015,119,114,5,5
75016,47,52,-5,5
75017,113,103,10,10
75018,101,101,0,0
75019,73,83,-10,10
75020,88,95,-7,7
75021,156,141,15,15
75022,99,88,11,11
75023,86,85,1,1
75024,101,105,-4,4
75025,91,86,5,5
75026,59,63,-4,4
75027,72,73,-1,1
75028,111,97,14,14
75029,108,106,2,2
75030,78,79,-1,1
75031,63,69,-6,6
75032,97,99,-2,2
75033,76,76,0,0
75034,94,107,-13,13
75035,83,80,3,3
75036,72,70,2,2
75037,113,99,14,14
75038,126,120,6,6
75039,86,98,-12,12
75040,67,61,6,6
75041,149,142,7,7
75042,89,81,8,8
75043,115,109,6,6
75044,111,97,14,14
75045,135,140,-5,5
75046,54,60,-6,6
75047,123,126,-3,3
75048,82,87,-5,5
75049,26,37,-11,11
75050,66,67,-1,1
75051,117,108,9,9
75052,135,142,-7,7
75053,70,68,2,2
75054,59,59,0,0
75055,141,140,1,1
75056,64,60,4,4
75057,126,128,-2,2
75058,97,93,4,4
75059,54,55,-1,1
75060,99,94,5,5
75061,138,124,14,14
75062,130,133,-3,3
75063,111,92,19,19
75064,81,80,1,1
75065,97,93,4,4
75066,146,142,4,4
75067,92,84,8,8
75068,68,57,11,11
75069,70,73,-3,3
75070,79,72,7,7
75071,57,66,-9,9
75072,70,63,7,7
75073,52,58,-6,6
75074,82,88,-6,6
75075,72,75,-3,3
75076,86,79,7,7
75077,124,110,14,14
75078,71,70,1,1
75079,75,60,15,15
75080,111,102,9,9
75081,85,73,12,12
75082,77,75,2,2
75083,116,118,-2,2
75084,121,129,-8,8
75085,63,60,3,3
75086,65,66,-1,1
75087,92,94,-2,2
75088,115,109,6,6
75089,62,60,2,2
75090,90,84,6,6
75091,50,53,-3,3
75092,81,86,-5,5
75093,33,41,-8,8
75094,141,132,9,9
75095,51,52,-1,1
75096,32,43,-11,11
75097,89,103,-14,14
75098,117,117,0,0
75099,97,103,-6,6
75100,92,82,10,10
75101,71,72,-1,1
75102,76,77,-1,1
75103,42,43,-1,1
75104,84,90,-6,6
75105,87,92,-5,5
75106,153,141,12,12
75107,91,88,3,3
75108,59,84,-25,25
75109,69,68,1,1
75110,109,99,10,10
75111,115,106,9,9
75112,169,168,1,1
75113,67,70,-3,3
75114,96,94,2,2
75115,94,93,1,1
75116,173,140,33,33
75117,96,89,7,7
75118,127,105,22,22
75119,58,59,-1,1
75120,69,68,1,1
75121,68,68,0,0
75122,141,138,3,3
75123,110,132,-22,22
75124,46,89,-43,43
75125,56,118,-62,62
75126,99,110,-11,11
75127,117,114,3,3
75128,53,55,-2,2
75129,92,88,4,4
75130,100,109,-9,9
75131,100,87,13,13
75132,92,99,-7,7
75133,67,64,3,3
75134,148,130,18,18
75135,122,122,0,0
75136,162,155,7,7
75137,86,84,2,2
75138,165,144,21,21
75139,106,94,12,12
75140,84,98,-14,14
75141,97,93,4,4
75142,61,59,2,2
75143,187,188,-1,1
75144,153,160,-7,7
75145,57,63,-6,6
75146,101,100,1,1
75147,154,126,28,28
75148,108,104,4,4
75149,55,52,3,3
75150,113,99,14,14
75151,55,56,-1,1
75152,101,84,17,17
75153,91,95,-4,4
75154,89,89,0,0
75155,96,87,9,9
75156,52,66,-14,14
75157,54,58,-4,4
75158,69,72,-3,3
75159,95,107,-12,12
75160,88,80,8,8
75161,126,123,3,3
75162,82,90,-8,8
75163,76,79,-3,3
75164,112,103,9,9
75165,117,110,7,7
75166,113,110,3,3
75167,97,89,8,8
75168,98,96,2,2
75169,83,79,4,4
75170,76,70,6,6
75171,80,72,8,8
75172,111,104,7,7
75173,135,125,10,10
75174,62,68,-6,6
75175,140,136,4,4
75176,68,69,-1,1
75177,141,142,-1,1
75178,53,63,-10,10
75179,140,139,1,1
75180,74,72,2,2
75181,70,70,0,0
75182,78,85,-7,7
75183,103,95,8,8
75184,97,92,5,5
75185,75,76,-1,1
75186,143,143,0,0
75187,163,155,8,8
75188,71,71,0,0
75189,58,59,-1,1
75190,69,72,-3,3
75191,72,73,-1,1
75192,158,156,2,2
75193,93,102,-9,9
75194,80,80,0,0
75195,142,131,11,11
75196,46,64,-18,18
75197,76,69,7,7
75198,129,167,-38,38
75199,82,79,3,3
75200,146,135,11,11
75201,93,91,2,2
75202,113,105,8,8
75203,142,147,-5,5
75204,72,70,2,2
75205,74,74,0,0
75206,88,104,-16,16
75207,105,115,-10,10
75208,110,116,-6,6
75209,83,80,3,3
75210,27,52,-25,25
75211,136,131,5,5
75212,81,79,2,2
75213,98,90,8,8
75214,120,117,3,3
75215,92,74,18,18
75216,145,140,5,5
75217,137,135,2,2
75218,103,107,-4,4
75219,121,133,-12,12
75220,54,72,-18,18
75221,112,108,4,4
75222,76,77,-1,1
75223,89,82,7,7
75224,160,120,40,40
75225,28,43,-15,15
75226,76,68,8,8
75227,165,160,5,5
75228,100,88,12,12
75229,152,142,10,10
75230,82,85,-3,3
75231,94,83,11,11
75232,60,63,-3,3
75233,125,123,2,2
75234,69,72,-3,3
75235,120,99,21,21
75236,91,85,6,6
75237,96,88,8,8
75238,45,46,-1,1
75239,56,62,-6,6
75240,76,73,3,3
75241,75,77,-2,2
75242,79,81,-2,2
75243,124,112,12,12
75244,106,97,9,9
75245,122,119,3,3
75246,51,59,-8,8
75247,69,70,-1,1
75248,85,91,-6,6
75249,115,147,-32,32
75250,115,106,9,9
75251,115,107,8,8
75252,60,69,-9,9
75253,76,76,0,0
75254,32,39,-7,7
75255,79,79,0,0
75256,44,45,-1,1
75257,58,61,-3,3
75258,130,126,4,4
75259,132,125,7,7
75260,79,79,0,0
75261,92,93,-1,1
75262,144,143,1,1
75263,54,60,-6,6
75264,133,118,15,15
75265,64,74,-10,10
75266,92,90,2,2
75267,156,150,6,6
75268,58,56,2,2
75269,82,72,10,10
75270,86,84,2,2
75271,173,167,6,6
75272,94,87,7,7
75273,60,68,-8,8
75274,108,102,6,6
75275,126,125,1,1
75276,56,59,-3,3
75277,98,100,-2,2
75278,92,80,12,12
75279,117,106,11,11
75280,52,49,3,3
75281,94,86,8,8
75282,78,75,3,3
75283,76,100,-24,24
75284,67,68,-1,1
75285,124,128,-4,4
75286,128,125,3,3
75287,73,68,5,5
75288,62,60,2,2
75289,100,106,-6,6
75290,130,128,2,2
75291,61,63,-2,2
75292,262,229,33,33
75293,60,58,2,2
75294,102,113,-11,11
75295,57,60,-3,3
75296,97,104,-7,7
75297,84,85,-1,1
75298,61,88,-27,27
75299,135,125,10,10
75300,104,86,18,18
75301,79,78,1,1
75302,187,162,25,25
75303,62,60,2,2
75304,94,89,5,5
75305,94,104,-10,10
75306,94,85,9,9
75307,126,115,11,11
75308,126,112,14,14
75309,108,100,8,8
75310,60,53,7,7
75311,93,105,-12,12
75312,53,58,-5,5
75313,61,65,-4,4
75314,79,79,0,0
75315,74,71,3,3
75316,50,45,5,5
75317,75,64,11,11
75318,40,51,-11,11
75319,47,50,-3,3
75320,78,78,0,0
75321,51,55,-4,4
75322,97,95,2,2
75323,54,50,4,4
75324,100,101,-1,1
75325,91,84,7,7
75326,48,55,-7,7
75327,46,47,-1,1
75328,153,147,6,6
75329,123,120,3,3
75330,52,61,-9,9
75331,92,82,10,10
75332,71,79,-8,8
75333,141,126,15,15
75334,46,40,6,6
75335,72,74,-2,2
75336,84,80,4,4
75337,82,87,-5,5
75338,78,75,3,3
75339,77,70,7,7
75340,93,82,11,11
75341,47,50,-3,3
75342,67,67,0,0
75343,67,68,-1,1
75344,113,103,10,10
75345,179,169,10,10
75346,95,96,-1,1
75347,164,157,7,7
75348,45,46,-1,1
75349,127,117,10,10
75350,118,123,-5,5
75351,96,87,9,9
75352,57,54,3,3
75353,151,145,6,6
75354,69,80,-11,11
75355,79,77,2,2
75356,86,82,4,4
75357,186,177,9,9
75358,147,133,14,14
75359,109,112,-3,3
75360,97,88,9,9
75361,110,104,6,6
75362,69,68,1,1
75363,65,70,-5,5
75364,119,112,7,7
75365,58,66,-8,8
75366,77,75,2,2
75367,97,99,-2,2
75368,95,92,3,3
75369,123,125,-2,2
75370,107,127,-20,20
75371,117,112,5,5
75372,72,82,-10,10
75373,119,110,9,9
75374,103,100,3,3
75375,129,130,-1,1
75376,83,76,7,7
75377,248,243,5,5
75378,93,79,14,14
75379,129,128,1,1
75380,68,77,-9,9
75381,117,114,3,3
75382,87,87,0,0
75383,118,111,7,7
75384,98,92,6,6
75385,103,106,-3,3
75386,69,70,-1,1
75387,110,103,7,7
75388,125,117,8,8
75389,113,110,3,3
75390,112,105,7,7
75391,81,74,7,7
75392,86,86,0,0
75393,148,138,10,10
75394,102,94,8,8
75395,31,35,-4,4
75396,64,69,-5,5
75397,114,116,-2,2
75398,87,86,1,1
75399,127,121,6,6
75400,91,96,-5,5
75401,74,70,4,4
75402,175,157,18,18
75403,223,171,52,52
75404,87,78,9,9
75405,67,64,3,3
75406,59,55,4,4
75407,104,88,16,16
75408,64,86,-22,22
75409,149,158,-9,9
75410,125,118,7,7
75411,45,45,0,0
75412,93,94,-1,1
75413,86,85,1,1
75414,80,74,6,6
75415,73,59,14,14
75416,92,84,8,8
75417,120,137,-17,17
75418,126,117,9,9
75419,73,73,0,0
75420,54,59,-5,5
75421,65,70,-5,5
75422,100,99,1,1
75423,105,99,6,6
75424,85,79,6,6
75425,100,90,10,10
75426,81,85,-4,4
75427,67,68,-1,1
75428,174,168,6,6
75429,132,125,7,7
75430,127,102,25,25
75431,96,102,-6,6
75432,73,71,2,2
75433,86,81,5,5
75434,73,73,0,0
75435,124,121,3,3
75436,75,70,5,5
75437,49,61,-12,12
75438,99,127,-28,28
75439,55,57,-2,2
75440,141,116,25,25
75441,62,68,-6,6
75442,75,72,3,3
75443,99,93,6,6
75444,97,91,6,6
75445,104,102,2,2
75446,96,85,11,11
75447,122,120,2,2
75448,101,88,13,13
75449,109,111,-2,2
75450,111,109,2,2
75451,99,88,11,11
75452,77,84,-7,7
75453,118,122,-4,4
75454,89,78,11,11
75455,75,80,-5,5
75456,59,60,-1,1
75457,57,63,-6,6
75458,99,89,10,10
75459,88,74,14,14
75460,106,97,9,9
75461,101,104,-3,3
75462,131,123,8,8
75463,127,123,4,4
75464,65,63,2,2
75465,101,88,13,13
75466,140,130,10,10
75467,122,117,5,5
75468,80,80,0,0
75469,128,132,-4,4
75470,85,84,1,1
75471,111,114,-3,3
75472,78,86,-8,8
75473,93,90,3,3
75474,42,39,3,3
75475,66,53,13,13
75476,95,99,-4,4
75477,90,75,15,15
75478,100,105,-5,5
75479,82,80,2,2
75480,67,78,-11,11
75481,105,98,7,7
75482,110,101,9,9
75483,56,59,-3,3
75484,37,36,1,1
75485,65,71,-6,6
75486,72,74,-2,2
75487,106,105,1,1
75488,99,97,2,2
75489,104,101,3,3
75490,87,85,2,2
75491,76,81,-5,5
75492,53,47,6,6
75493,57,62,-5,5
75494,69,66,3,3
75495,83,76,7,7
75496,56,61,-5,5
75497,78,79,-1,1
75498,95,103,-8,8
75499,78,78,0,0
75500,74,72,2,2
75501,82,104,-22,22
75502,95,86,9,9
75503,85,79,6,6
75504,63,70,-7,7
75505,124,123,1,1
75506,67,63,4,4
75507,112,109,3,3
75508,94,93,1,1
75509,69,66,3,3
75510,121,127,-6,6
75511,82,83,-1,1
75512,111,106,5,5
75513,126,126,0,0
75514,74,67,7,7
75515,81,76,5,5
75516,100,101,-1,1
75517,148,136,12,12
75518,88,85,3,3
75519,70,69,1,1
75520,150,131,19,19
75521,88,82,6,6
75522,28,32,-4,4
75523,93,87,6,6
75524,96,104,-8,8
75525,90,84,6,6
75526,150,161,-11,11
75527,75,78,-3,3
75528,93,101,-8,8
75529,150,143,7,7
75530,123,98,25,25
75531,133,132,1,1
75532,69,84,-15,15
75533,167,138,29,29
75534,46,41,5,5
75535,92,97,-5,5
75536,54,58,-4,4
75537,154,137,17,17
75538,45,49,-4,4
75539,137,131,6,6
75540,115,106,9,9
75541,99,86,13,13
75542,93,84,9,9
75543,83,76,7,7
75544,115,102,13,13
75545,23,55,-32,32
75546,92,91,1,1
75547,85,87,-2,2
75548,80,74,6,6
75549,190,189,1,1
75550,95,87,8,8
75551,153,130,23,23
75552,83,85,-2,2
75553,51,52,-1,1
75554,85,81,4,4
75555,85,86,-1,1
75556,59,68,-9,9
75557,172,160,12,12
75558,53,59,-6,6
75559,128,115,13,13
75560,72,73,-1,1
75561,130,120,10,10
75562,54,60,-6,6
75563,145,119,26,26
75564,94,100,-6,6
75565,111,108,3,3
75566,35,55,-20,20
75567,74,77,-3,3
75568,85,92,-7,7
75569,129,123,6,6
75570,49,58,-9,9
75571,56,66,-10,10
75572,99,92,7,7
75573,79,96,-17,17
75574,129,123,6,6
75575,74,74,0,0
75576,78,90,-12,12
75577,70,75,-5,5
75578,157,172,-15,15
75579,98,99,-1,1
75580,66,70,-4,4
75581,75,78,-3,3
75582,76,72,4,4
75583,94,101,-7,7
75584,100,89,11,11
75585,50,52,-2,2
75586,98,97,1,1
75587,96,99,-3,3
75588,134,132,2,2
75589,108,95,13,13
75590,212,201,11,11
75591,138,136,2,2
75592,88,82,6,6
75593,12,25,-13,13
75594,66,67,-1,1
75595,98,88,10,10
75596,110,103,7,7
75597,75,75,0,0
75598,146,144,2,2
75599,176,178,-2,2
75600,91,81,10,10
75601,88,83,5,5
75602,51,52,-1,1
75603,190,172,18,18
75604,128,126,2,2
75605,74,74,0,0
75606,83,84,-1,1
75607,64,63,1,1
75608,127,127,0,0
75609,130,119,11,11
75610,95,85,10,10
75611,66,137,-71,71
75612,46,37,9,9
75613,79,79,0,0
75614,110,106,4,4
75615,116,113,3,3
75616,68,72,-4,4
75617,70,90,-20,20
75618,59,71,-12,12
75619,107,96,11,11
75620,77,85,-8,8
75621,97,120,-23,23
75622,160,151,9,9
75623,130,141,-11,11
75624,60,61,-1,1
75625,104,99,5,5
75626,91,89,2,2
75627,89,97,-8,8
75628,49,55,-6,6
75629,155,149,6,6
75630,94,88,6,6
75631,146,143,3,3
75632,87,91,-4,4
75633,127,121,6,6
75634,79,83,-4,4
75635,93,91,2,2
75636,121,124,-3,3
75637,74,69,5,5
75638,113,111,2,2
75639,163,145,18,18
75640,122,106,16,16
75641,118,121,-3,3
75642,56,60,-4,4
75643,129,120,9,9
75644,128,121,7,7
75645,159,145,14,14
75646,62,64,-2,2
75647,108,107,1,1
75648,72,69,3,3
75649,79,81,-2,2
75650,166,157,9,9
75651,62,72,-10,10
75652,144,145,-1,1
75653,129,120,9,9
75654,72,73,-1,1
75655,93,82,11,11
75656,86,94,-8,8
75657,126,122,4,4
75658,86,82,4,4
75659,87,85,2,2
75660,183,171,12,12
75661,68,66,2,2
75662,80,75,5,5
75663,63,70,-7,7
75664,61,67,-6,6
75665,103,103,0,0
75666,46,49,-3,3
75667,107,96,11,11
75668,127,125,2,2
75669,89,83,6,6
75670,104,103,1,1
75671,82,85,-3,3
75672,114,117,-3,3
75673,82,79,3,3
75674,109,111,-2,2
75675,105,102,3,3
75676,67,73,-6,6
75677,64,66,-2,2
75678,109,103,6,6
75679,50,52,-2,2
75680,49,51,-2,2
75681,89,89,0,0
75682,163,158,5,5
75683,64,73,-9,9
75684,180,165,15,15
75685,73,120,-47,47
75686,155,145,10,10
75687,106,105,1,1
75688,102,94,8,8
75689,142,138,4,4
75690,62,65,-3,3
75691,93,93,0,0
75692,125,105,20,20
75693,71,71,0,0
75694,62,71,-9,9
75695,129,122,7,7
75696,109,120,-11,11
75697,174,163,11,11
75698,103,105,-2,2
75699,124,111,13,13
75700,74,79,-5,5
75701,96,87,9,9
75702,112,107,5,5
75703,78,79,-1,1
75704,59,59,0,0
75705,54,60,-6,6
75706,86,79,7,7
75707,99,111,-12,12
75708,120,135,-15,15
75709,134,123,11,11
75710,141,129,12,12
75711,99,102,-3,3
75712,92,90,2,2
75713,121,119,2,2
75714,74,73,1,1
75715,101,86,15,15
75716,14,93,-79,79
75717,80,76,4,4
75718,88,82,6,6
75719,60,67,-7,7
75720,112,112,0,0
75721,153,132,21,21
75722,108,104,4,4
75723,98,99,-1,1
75724,78,96,-18,18
75725,115,140,-25,25
75726,71,69,2,2
75727,129,127,2,2
75728,56,60,-4,4
75729,68,68,0,0
75730,80,78,2,2
75731,110,120,-10,10
75732,86,93,-7,7
75733,139,132,7,7
75734,125,121,4,4
75735,73,73,0,0
75736,122,114,8,8
75737,99,99,0,0
75738,78,77,1,1
75739,150,135,15,15
75740,112,91,21,21
75741,95,97,-2,2
75742,85,79,6,6
75743,67,72,-5,5
75744,91,83,8,8
75745,110,99,11,11
75746,88,75,13,13
75747,115,127,-12,12
75748,78,77,1,1
75749,89,97,-8,8
75750,71,70,1,1
75751,65,61,4,4
75752,67,81,-14,14
75753,144,131,13,13
75754,98,101,-3,3
75755,78,74,4,4
75756,130,132,-2,2
75757,75,76,-1,1
75758,83,79,4,4
75759,72,68,4,4
75760,106,101,5,5
75761,44,43,1,1
75762,108,104,4,4
75763,80,69,11,11
75764,98,103,-5,5
75765,97,92,5,5
75766,124,133,-9,9
75767,96,85,11,11
75768,71,73,-2,2
75769,118,121,-3,3
75770,115,107,8,8
75771,88,85,3,3
75772,104,102,2,2
75773,75,70,5,5
75774,115,108,7,7
75775,94,82,12,12
75776,97,98,-1,1
75777,71,70,1,1
75778,73,83,-10,10
75779,64,69,-5,5
75780,61,67,-6,6
75781,46,46,0,0
75782,81,77,4,4
75783,56,62,-6,6
75784,99,96,3,3
75785,131,138,-7,7
75786,75,95,-20,20
75787,74,70,4,4
75788,111,108,3,3
75789,136,132,4,4
75790,81,78,3,3
75791,50,54,-4,4
75792,95,89,6,6
75793,108,119,-11,11
75794,62,104,-42,42
75795,78,79,-1,1
75796,92,86,6,6
75797,42,45,-3,3
75798,102,109,-7,7
75799,104,106,-2,2
75800,55,64,-9,9
75801,69,75,-6,6
75802,90,90,0,0
75803,63,72,-9,9
75804,101,102,-1,1
75805,43,42,1,1
75806,69,74,-5,5
75807,109,104,5,5
75808,142,143,-1,1
75809,140,131,9,9
75810,67,70,-3,3
75811,62,67,-5,5
75812,114,102,12,12
75813,107,103,4,4
75814,85,98,-13,13
75815,167,161,6,6
75816,163,165,-2,2
75817,85,84,1,1
75818,73,79,-6,6
75819,109,103,6,6
75820,61,66,-5,5
75821,77,77,0,0
75822,207,180,27,27
75823,99,98,1,1
75824,182,166,16,16
75825,99,95,4,4
75826,83,83,0,0
75827,75,76,-1,1
75828,139,135,4,4
75829,47,43,4,4
75830,65,80,-15,15
75831,143,119,24,24
75832,73,75,-2,2
75833,79,80,-1,1
75834,85,78,7,7
75835,88,90,-2,2
75836,141,132,9,9
75837,71,96,-25,25
75838,96,88,8,8
75839,153,143,10,10
75840,133,120,13,13
75841,80,83,-3,3
75842,171,175,-4,4
75843,125,128,-3,3
75844,91,85,6,6
75845,61,63,-2,2
75846,131,119,12,12
75847,136,115,21,21
75848,58,58,0,0
75849,93,85,8,8
75850,88,84,4,4
75851,68,70,-2,2
75852,129,126,3,3
75853,127,113,14,14
75854,98,142,-44,44
75855,87,84,3,3
75856,84,81,3,3
75857,51,83,-32,32
75858,72,72,0,0
75859,144,137,7,7
75860,96,95,1,1
75861,61,56,5,5
75862,86,83,3,3
75863,78,73,5,5
75864,51,57,-6,6
75865,151,143,8,8
75866,109,101,8,8
75867,108,116,-8,8
75868,80,75,5,5
75869,67,60,7,7
75870,125,137,-12,12
75871,75,69,6,6
75872,176,171,5,5
75873,105,106,-1,1
75874,82,85,-3,3
75875,146,142,4,4
75876,49,94,-45,45
75877,68,82,-14,14
75878,119,120,-1,1
75879,40,37,3,3
75880,118,117,1,1
75881,65,64,1,1
75882,92,99,-7,7
75883,69,65,4,4
75884,110,104,6,6
75885,94,87,7,7
75886,152,174,-22,22
75887,118,116,2,2
75888,72,73,-1,1
75889,141,131,10,10
75890,43,47,-4,4
75891,122,114,8,8
75892,73,73,0,0
75893,92,84,8,8
75894,101,113,-12,12
75895,66,61,5,5
75896,70,66,4,4
75897,43,47,-4,4
75898,84,77,7,7
75899,83,95,-12,12
75900,71,69,2,2
75901,97,84,13,13
75902,116,113,3,3
75903,107,117,-10,10
75904,152,144,8,8
75905,130,146,-16,16
75906,49,47,2,2
75907,111,104,7,7
75908,124,107,17,17
75909,75,74,1,1
75910,112,128,-16,16
75911,111,115,-4,4
75912,97,94,3,3
75913,47,41,6,6
75914,114,98,16,16
75915,107,111,-4,4
75916,93,91,2,2
75917,107,103,4,4
75918,114,112,2,2
75919,124,130,-6,6
75920,133,120,13,13
75921,64,63,1,1
75922,80,80,0,0
75923,155,138,17,17
75924,98,106,-8,8
75925,82,69,13,13
75926,50,54,-4,4
75927,64,61,3,3
75928,97,102,-5,5
75929,123,111,12,12
75930,46,54,-8,8
75931,78,71,7,7
75932,122,119,3,3
75933,181,162,19,19
75934,64,70,-6,6
75935,56,61,-5,5
75936,72,78,-6,6
75937,141,131,10,10
75938,126,119,7,7
75939,71,64,7,7
75940,81,69,12,12
75941,137,125,12,12
75942,91,87,4,4
75943,117,107,10,10
75944,160,158,2,2
75945,101,86,15,15
75946,55,65,-10,10
75947,104,105,-1,1
75948,72,73,-1,1
75949,165,158,7,7
75950,74,68,6,6
75951,72,73,-1,1
75952,138,115,23,23
75953,87,91,-4,4
75954,66,65,1,1
75955,78,80,-2,2
75956,80,74,6,6
75957,111,116,-5,5
75958,132,128,4,4
75959,70,70,0,0
75960,96,92,4,4
75961,127,124,3,3
75962,121,119,2,2
75963,57,56,1,1
75964,203,196,7,7
75965,94,91,3,3
75966,81,94,-13,13
75967,52,53,-1,1
75968,150,136,14,14
75969,83,110,-27,27
75970,99,91,8,8
75971,64,67,-3,3
75972,79,78,1,1
75973,81,83,-2,2
75974,47,52,-5,5
75975,54,57,-3,3
75976,152,140,12,12
75977,44,49,-5,5
75978,87,84,3,3
75979,161,153,8,8
75980,83,80,3,3
75981,75,76,-1,1
75982,111,116,-5,5
75983,60,57,3,3
75984,98,87,11,11
75985,74,80,-6,6
75986,81,75,6,6
75987,113,111,2,2
75988,110,101,9,9
75989,84,82,2,2
75990,57,58,-1,1
75991,70,69,1,1
75992,175,158,17,17
75993,95,95,0,0
75994,94,92,2,2
75995,107,103,4,4
75996,75,74,1,1
75997,85,92,-7,7
75998,162,139,23,23
75999,93,91,2,2
76000,73,76,-3,3
76001,86,84,2,2
76002,179,170,9,9
76003,202,193,9,9
76004,98,100,-2,2
76005,85,89,-4,4
76006,37,47,-10,10
76007,121,112,9,9
76008,128,120,8,8
76009,87,92,-5,5
76010,141,142,-1,1
76011,70,63,7,7
76012,151,156,-5,5
76013,116,117,-1,1
76014,81,75,6,6
76015,81,75,6,6
76016,89,87,2,2
76017,124,104,20,20
76018,94,97,-3,3
76019,56,67,-11,11
76020,151,145,6,6
76021,157,150,7,7
76022,70,74,-4,4
76023,154,148,6,6
76024,130,124,6,6
76025,121,113,8,8
76026,119,121,-2,2
76027,94,95,-1,1
76028,62,70,-8,8
76029,99,88,11,11
76030,82,73,9,9
76031,145,143,2,2
76032,107,118,-11,11
76033,107,108,-1,1
76034,128,117,11,11
76035,52,53,-1,1
76036,103,99,4,4
76037,70,70,0,0
76038,161,162,-1,1
76039,74,76,-2,2
76040,70,66,4,4
76041,114,103,11,11
76042,150,148,2,2
76043,105,116,-11,11
76044,119,127,-8,8
76045,71,76,-5,5
76046,102,92,10,10
76047,43,55,-12,12
76048,84,82,2,2
76049,70,76,-6,6
76050,82,80,2,2
76051,74,65,9,9
76052,98,96,2,2
76053,55,62,-7,7
76054,110,110,0,0
76055,145,152,-7,7
76056,80,78,2,2
76057,137,128,9,9
76058,77,87,-10,10
76059,80,73,7,7
76060,73,67,6,6
76061,83,76,7,7
76062,100,88,12,12
76063,85,81,4,4
76064,101,101,0,0
76065,79,80,-1,1
76066,89,95,-6,6
76067,60,65,-5,5
76068,112,94,18,18
76069,173,166,7,7
76070,60,60,0,0
76071,41,42,-1,1
76072,57,64,-7,7
76073,88,88,0,0
76074,101,91,10,10
76075,82,71,11,11
76076,100,96,4,4
76077,85,84,1,1
76078,117,101,16,16
76079,83,83,0,0
76080,162,144,18,18
76081,59,60,-1,1
76082,127,119,8,8
76083,170,153,17,17
76084,114,105,9,9
76085,111,106,5,5
76086,44,47,-3,3
76087,91,97,-6,6
76088,76,82,-6,6
76089,64,71,-7,7
76090,67,66,1,1
76091,135,128,7,7
76092,75,75,0,0
76093,110,104,6,6
76094,84,78,6,6
76095,77,74,3,3
76096,97,96,1,1
76097,85,88,-3,3
76098,61,57,4,4
76099,86,85,1,1
76100,75,75,0,0
76101,83,110,-27,27
76102,168,160,8,8
76103,97,97,0,0
76104,64,68,-4,4
76105,126,115,11,11
76106,85,86,-1,1
76107,111,112,-1,1
76108,87,81,6,6
76109,101,114,-13,13
76110,162,115,47,47
76111,143,144,-1,1
76112,123,115,8,8
76113,82,76,6,6
76114,101,96,5,5
76115,92,101,-9,9
76116,87,98,-11,11
76117,93,81,12,12
76118,100,107,-7,7
76119,92,84,8,8
76120,85,76,9,9
76121,49,46,3,3
76122,79,90,-11,11
76123,58,58,0,0
76124,85,90,-5,5
76125,61,62,-1,1
76126,140,136,4,4
76127,127,131,-4,4
76128,152,147,5,5
76129,67,66,1,1
76130,64,66,-2,2
76131,136,132,4,4
76132,74,69,5,5
76133,100,90,10,10
76134,158,141,17,17
76135,80,83,-3,3
76136,88,83,5,5
76137,110,116,-6,6
76138,74,66,8,8
76139,116,119,-3,3
76140,82,77,5,5
76141,117,109,8,8
76142,81,78,3,3
76143,74,74,0,0
76144,104,104,0,0
76145,147,130,17,17
76146,82,78,4,4
76147,50,47,3,3
76148,180,168,12,12
76149,182,184,-2,2
76150,63,75,-12,12
76151,190,166,24,24
76152,122,136,-14,14
76153,99,93,6,6
76154,66,70,-4,4
76155,53,70,-17,17
76156,63,67,-4,4
76157,125,136,-11,11
76158,112,102,10,10
76159,85,85,0,0
76160,56,63,-7,7
76161,85,80,5,5
76162,70,76,-6,6
76163,83,85,-2,2
76164,135,131,4,4
76165,57,57,0,0
76166,84,81,3,3
76167,90,101,-11,11
76168,59,71,-12,12
76169,77,74,3,3
76170,64,61,3,3
76171,99,102,-3,3
76172,109,103,6,6
76173,97,99,-2,2
76174,92,85,7,7
76175,87,89,-2,2
76176,42,44,-2,2
76177,74,81,-7,7
76178,162,176,-14,14
76179,125,117,8,8
76180,178,181,-3,3
76181,98,111,-13,13
76182,89,97,-8,8
76183,72,65,7,7
76184,78,76,2,2
76185,53,59,-6,6
76186,85,78,7,7
76187,122,117,5,5
76188,101,105,-4,4
76189,81,78,3,3
76190,128,97,31,31
76191,98,97,1,1
76192,154,161,-7,7
76193,122,126,-4,4
76194,63,61,2,2
76195,83,87,-4,4
76196,98,97,1,1
76197,70,73,-3,3
76198,89,102,-13,13
76199,111,118,-7,7
76200,44,55,-11,11
76201,48,55,-7,7
76202,104,100,4,4
76203,106,103,3,3
76204,148,129,19,19
76205,128,129,-1,1
76206,118,112,6,6
76207,105,88,17,17
76208,141,147,-6,6
76209,115,104,11,11
76210,161,155,6,6
76211,71,90,-19,19
76212,149,141,8,8
76213,77,75,2,2
76214,117,109,8,8
76215,119,114,5,5
76216,116,104,12,12
76217,88,84,4,4
76218,107,110,-3,3
76219,72,81,-9,9
76220,137,150,-13,13
76221,122,124,-2,2
76222,126,123,3,3
76223,50,60,-10,10
76224,119,104,15,15
76225,79,74,5,5
76226,124,125,-1,1
76227,128,127,1,1
76228,132,118,14,14
76229,90,83,7,7
76230,95,95,0,0
76231,97,88,9,9
76232,63,68,-5,5
76233,109,102,7,7
76234,133,140,-7,7
76235,104,102,2,2
76236,35,76,-41,41
76237,72,72,0,0
76238,65,70,-5,5
76239,120,108,12,12
76240,135,158,-23,23
76241,130,119,11,11
76242,137,138,-1,1
76243,81,76,5,5
76244,83,83,0,0
76245,51,56,-5,5
76246,77,81,-4,4
76247,116,106,10,10
76248,72,78,-6,6
76249,97,103,-6,6
76250,78,72,6,6
76251,63,64,-1,1
76252,130,134,-4,4
76253,158,153,5,5
76254,75,80,-5,5
76255,76,75,1,1
76256,101,99,2,2
76257,44,53,-9,9
76258,74,71,3,3
76259,98,88,10,10
76260,134,146,-12,12
76261,104,100,4,4
76262,88,85,3,3
76263,179,166,13,13
76264,46,53,-7,7
76265,141,140,1,1
76266,91,80,11,11
76267,72,75,-3,3
76268,82,78,4,4
76269,73,70,3,3
76270,139,129,10,10
76271,124,120,4,4
76272,100,94,6,6
76273,98,92,6,6
76274,80,79,1,1
76275,97,114,-17,17
76276,62,68,-6,6
76277,136,132,4,4
76278,93,85,8,8
76279,104,103,1,1
76280,158,153,5,5
76281,105,99,6,6
76282,82,66,16,16
76283,150,145,5,5
76284,161,149,12,12
76285,68,68,0,0
76286,97,99,-2,2
76287,106,100,6,6
76288,75,73,2,2
76289,95,92,3,3
76290,84,81,3,3
76291,144,132,12,12
76292,115,116,-1,1
76293,45,53,-8,8
76294,99,93,6,6
76295,91,86,5,5
76296,75,69,6,6
76297,134,119,15,15
76298,69,67,2,2
76299,74,71,3,3
76300,53,59,-6,6
76301,74,79,-5,5
76302,95,93,2,2
76303,54,60,-6,6
76304,96,90,6,6
76305,93,90,3,3
76306,108,105,3,3
76307,104,118,-14,14
76308,80,78,2,2
76309,87,77,10,10
76310,98,103,-5,5
76311,60,63,-3,3
76312,65,67,-2,2
76313,75,82,-7,7
76314,80,87,-7,7
76315,81,88,-7,7
76316,123,114,9,9
76317,89,94,-5,5
76318,142,135,7,7
76319,64,61,3,3
76320,100,103,-3,3
76321,45,55,-10,10
76322,118,107,11,11
76323,73,75,-2,2
76324,74,75,-1,1
76325,102,104,-2,2
76326,66,78,-12,12
76327,120,125,-5,5
76328,57,57,0,0
76329,149,131,18,18
76330,131,133,-2,2
76331,81,76,5,5
76332,61,62,-1,1
76333,89,90,-1,1
76334,66,64,2,2
76335,64,66,-2,2
76336,76,79,-3,3
76337,124,117,7,7
76338,48,59,-11,11
76339,68,67,1,1
76340,100,102,-2,2
76341,96,93,3,3
76342,50,47,3,3
76343,85,86,-1,1
76344,85,84,1,1
76345,61,67,-6,6
76346,91,79,12,12
76347,72,72,0,0
76348,129,117,12,12
76349,104,97,7,7
76350,54,66,-12,12
76351,53,55,-2,2
76352,105,111,-6,6
76353,91,105,-14,14
76354,66,75,-9,9
76355,59,60,-1,1
76356,118,115,3,3
76357,109,116,-7,7
76358,63,65,-2,2
76359,63,54,9,9
76360,68,67,1,1
76361,166,177,-11,11
76362,84,78,6,6
76363,66,65,1,1
76364,100,108,-8,8
76365,104,99,5,5
76366,65,65,0,0
76367,57,59,-2,2
76368,99,94,5,5
76369,96,113,-17,17
76370,71,70,1,1
76371,57,63,-6,6
76372,105,111,-6,6
76373,88,80,8,8
76374,54,58,-4,4
76375,181,164,17,17
76376,100,95,5,5
76377,103,100,3,3
76378,138,125,13,13
76379,65,70,-5,5
76380,71,74,-3,3
76381,70,69,1,1
76382,72,70,2,2
76383,66,62,4,4
76384,79,77,2,2
76385,169,162,7,7
76386,129,120,9,9
76387,129,106,23,23
76388,63,64,-1,1
76389,92,86,6,6
76390,109,110,-1,1
76391,58,64,-6,6
76392,108,99,9,9
76393,107,97,10,10
76394,162,153,9,9
76395,57,61,-4,4
76396,109,115,-6,6
76397,86,85,1,1
76398,91,83,8,8
76399,89,82,7,7
76400,93,96,-3,3
76401,70,67,3,3
76402,73,72,1,1
76403,71,70,1,1
76404,59,52,7,7
76405,166,161,5,5
76406,71,65,6,6
76407,71,63,8,8
76408,132,116,16,16
76409,103,109,-6,6
76410,114,102,12,12
76411,103,109,-6,6
76412,98,94,4,4
76413,92,82,10,10
76414,102,111,-9,9
76415,113,118,-5,5
76416,130,152,-22,22
76417,56,64,-8,8
76418,127,119,8,8
76419,53,68,-15,15
76420,129,123,6,6
76421,93,88,5,5
76422,133,121,12,12
76423,93,87,6,6
76424,92,91,1,1
76425,45,56,-11,11
76426,96,83,13,13
76427,104,127,-23,23
76428,65,64,1,1
76429,114,108,6,6
76430,52,52,0,0
76431,80,82,-2,2
76432,135,130,5,5
76433,78,100,-22,22
76434,69,68,1,1
76435,61,55,6,6
76436,75,69,6,6
76437,131,133,-2,2
76438,108,115,-7,7
76439,96,95,1,1
76440,178,162,16,16
76441,171,172,-1,1
76442,81,74,7,7
76443,91,82,9,9
76444,69,75,-6,6
76445,146,136,10,10
76446,111,100,11,11
76447,65,65,0,0
76448,86,81,5,5
76449,79,93,-14,14
76450,108,97,11,11
76451,94,91,3,3
76452,107,106,1,1
76453,100,92,8,8
76454,121,109,12,12
76455,144,154,-10,10
76456,66,68,-2,2
76457,40,45,-5,5
76458,99,101,-2,2
76459,32,42,-10,10
76460,69,64,5,5
76461,145,142,3,3
76462,76,79,-3,3
76463,85,81,4,4
76464,53,57,-4,4
76465,27,33,-6,6
76466,55,72,-17,17
76467,41,37,4,4
76468,57,63,-6,6
76469,83,74,9,9
76470,77,73,4,4
76471,85,101,-16,16
76472,118,104,14,14
76473,55,59,-4,4
76474,62,60,2,2
76475,111,106,5,5
76476,108,104,4,4
76477,89,90,-1,1
76478,97,87,10,10
76479,94,98,-4,4
76480,61,65,-4,4
76481,82,87,-5,5
76482,83,85,-2,2
76483,140,125,15,15
76484,152,131,21,21
76485,86,81,5,5
76486,33,39,-6,6
76487,88,82,6,6
76488,71,70,1,1
76489,97,112,-15,15
76490,81,83,-2,2
76491,129,122,7,7
76492,55,60,-5,5
76493,122,122,0,0
76494,103,110,-7,7
76495,98,90,8,8
76496,89,82,7,7
76497,87,80,7,7
76498,79,82,-3,3
76499,98,106,-8,8
76500,49,63,-14,14
76501,82,80,2,2
76502,120,119,1,1
76503,108,106,2,2
76504,169,156,13,13
76505,161,156,5,5
76506,134,134,0,0
76507,96,98,-2,2
76508,56,59,-3,3
76509,101,103,-2,2
76510,86,91,-5,5
76511,82,84,-2,2
76512,85,90,-5,5
76513,79,74,5,5
76514,78,80,-2,2
76515,105,95,10,10
76516,142,136,6,6
76517,65,77,-12,12
76518,57,65,-8,8
76519,81,80,1,1
76520,139,111,28,28
76521,84,79,5,5
76522,81,80,1,1
76523,154,132,22,22
76524,147,134,13,13
76525,153,139,14,14
76526,73,76,-3,3
76527,141,129,12,12
76528,43,51,-8,8
76529,101,98,3,3
76530,42,51,-9,9
76531,78,78,0,0
76532,97,109,-12,12
76533,65,69,-4,4
76534,58,61,-3,3
76535,79,87,-8,8
76536,95,91,4,4
76537,105,118,-13,13
76538,37,48,-11,11
76539,82,82,0,0
76540,130,124,6,6
76541,99,107,-8,8
76542,125,104,21,21
76543,51,66,-15,15
76544,87,83,4,4
76545,147,149,-2,2
76546,61,55,6,6
76547,122,120,2,2
76548,70,78,-8,8
76549,81,73,8,8
76550,93,87,6,6
76551,136,132,4,4
76552,61,64,-3,3
76553,75,82,-7,7
76554,118,103,15,15
76555,110,116,-6,6
76556,153,160,-7,7
76557,57,57,0,0
76558,128,115,13,13
76559,118,106,12,12
76560,81,86,-5,5
76561,82,79,3,3
76562,126,120,6,6
76563,110,105,5,5
76564,91,92,-1,1
76565,106,83,23,23
76566,92,84,8,8
76567,74,79,-5,5
76568,119,116,3,3
76569,47,50,-3,3
76570,81,87,-6,6
76571,101,93,8,8
76572,91,86,5,5
76573,68,70,-2,2
76574,119,112,7,7
76575,90,84,6,6
76576,104,105,-1,1
76577,80,82,-2,2
76578,84,91,-7,7
76579,132,119,13,13
76580,32,69,-37,37
76581,139,130,9,9
76582,85,77,8,8
76583,83,83,0,0
76584,55,57,-2,2
76585,98,107,-9,9
76586,177,170,7,7
76587,81,83,-2,2
76588,90,96,-6,6
76589,133,120,13,13
76590,85,68,17,17
76591,58,55,3,3
76592,133,127,6,6
76593,81,78,3,3
76594,149,138,11,11
76595,107,103,4,4
76596,113,93,20,20
76597,108,99,9,9
76598,93,87,6,6
76599,100,86,14,14
76600,66,70,-4,4
76601,109,100,9,9
76602,77,84,-7,7
76603,208,180,28,28
76604,79,84,-5,5
76605,74,67,7,7
76606,74,71,3,3
76607,131,122,9,9
76608,127,114,13,13
76609,77,69,8,8
76610,100,74,26,26
76611,82,113,-31,31
76612,100,103,-3,3
76613,65,72,-7,7
76614,97,100,-3,3
76615,146,128,18,18
76616,99,83,16,16
76617,117,107,10,10
76618,71,73,-2,2
76619,60,60,0,0
76620,75,75,0,0
76621,46,45,1,1
76622,121,105,16,16
76623,55,57,-2,2
76624,119,121,-2,2
76625,178,171,7,7
76626,131,125,6,6
76627,123,117,6,6
76628,99,98,1,1
76629,164,170,-6,6
76630,69,70,-1,1
76631,55,59,-4,4
76632,148,149,-1,1
76633,67,65,2,2
76634,138,133,5,5
76635,115,106,9,9
76636,134,125,9,9
76637,91,98,-7,7
76638,94,88,6,6
76639,114,107,7,7
76640,92,87,5,5
76641,98,106,-8,8
76642,41,39,2,2
76643,49,57,-8,8
76644,59,70,-11,11
76645,90,84,6,6
76646,165,154,11,11
76647,53,58,-5,5
76648,67,71,-4,4
76649,77,73,4,4
76650,87,81,6,6
76651,65,64,1,1
76652,133,127,6,6
76653,98,94,4,4
76654,103,102,1,1
76655,85,81,4,4
76656,153,141,12,12
76657,85,74,11,11
76658,126,130,-4,4
76659,102,111,-9,9
76660,115,110,5,5
76661,78,78,0,0
76662,152,153,-1,1
76663,72,70,2,2
76664,65,67,-2,2
76665,71,71,0,0
76666,134,135,-1,1
76667,104,103,1,1
76668,54,62,-8,8
76669,133,121,12,12
76670,99,87,12,12
76671,69,73,-4,4
76672,169,166,3,3
76673,94,96,-2,2
76674,106,110,-4,4
76675,86,85,1,1
76676,107,101,6,6
76677,52,56,-4,4
76678,71,76,-5,5
76679,87,79,8,8
76680,155,159,-4,4
76681,58,63,-5,5
76682,144,131,13,13
76683,111,103,8,8
76684,90,86,4,4
76685,74,65,9,9
76686,100,89,11,11
76687,112,109,3,3
76688,117,115,2,2
76689,48,88,-40,40
76690,107,91,16,16
76691,144,137,7,7
76692,86,77,9,9
76693,101,91,10,10
76694,94,95,-1,1
76695,129,113,16,16
76696,132,130,2,2
76697,61,64,-3,3
76698,103,107,-4,4
76699,104,96,8,8
76700,135,118,17,17
76701,76,80,-4,4
76702,112,115,-3,3
76703,114,100,14,14
76704,69,64,5,5
76705,92,81,11,11
76706,80,82,-2,2
76707,139,125,14,14
76708,76,73,3,3
76709,71,66,5,5
76710,100,101,-1,1
76711,106,96,10,10
76712,145,139,6,6
76713,76,83,-7,7
76714,92,100,-8,8
76715,49,47,2,2
76716,110,103,7,7
76717,92,90,2,2
76718,173,144,29,29
76719,98,97,1,1
76720,175,151,24,24
76721,75,82,-7,7
76722,103,87,16,16
76723,111,126,-15,15
76724,215,207,8,8
76725,131,123,8,8
76726,67,74,-7,7
76727,127,136,-9,9
76728,72,74,-2,2
76729,43,67,-24,24
76730,65,65,0,0
76731,69,68,1,1
76732,149,155,-6,6
76733,75,71,4,4
76734,81,81,0,0
76735,76,68,8,8
76736,53,63,-10,10
76737,79,86,-7,7
76738,152,136,16,16
76739,97,97,0,0
76740,48,51,-3,3
76741,107,107,0,0
76742,118,117,1,1
76743,78,77,1,1
76744,98,97,1,1
76745,121,112,9,9
76746,108,99,9,9
76747,59,57,2,2
76748,95,99,-4,4
76749,98,99,-1,1
76750,71,69,2,2
76751,76,76,0,0
76752,100,107,-7,7
76753,70,69,1,1
76754,71,62,9,9
76755,94,77,17,17
76756,86,89,-3,3
76757,102,104,-2,2
76758,106,102,4,4
76759,74,81,-7,7
76760,49,57,-8,8
76761,103,96,7,7
76762,70,72,-2,2
76763,168,166,2,2
76764,66,73,-7,7
76765,128,130,-2,2
76766,110,106,4,4
76767,82,74,8,8
76768,92,81,11,11
76769,187,181,6,6
76770,101,116,-15,15
76771,47,46,1,1
76772,72,73,-1,1
76773,77,77,0,0
76774,30,35,-5,5
76775,124,122,2,2
76776,218,188,30,30
76777,110,113,-3,3
76778,106,108,-2,2
76779,133,119,14,14
76780,88,77,11,11
76781,58,58,0,0
76782,184,164,20,20
76783,152,133,19,19
76784,87,91,-4,4
76785,167,150,17,17
76786,93,96,-3,3
76787,130,108,22,22
76788,96,83,13,13
76789,119,122,-3,3
76790,81,77,4,4
76791,52,50,2,2
76792,66,62,4,4
76793,102,107,-5,5
76794,76,72,4,4
76795,117,102,15,15
76796,98,88,10,10
76797,81,79,2,2
76798,99,103,-4,4
76799,81,75,6,6
76800,64,70,-6,6
76801,139,141,-2,2
76802,84,83,1,1
76803,68,68,0,0
76804,42,40,2,2
76805,73,64,9,9
76806,158,120,38,38
76807,101,103,-2,2
76808,122,114,8,8
76809,76,84,-8,8
76810,129,153,-24,24
76811,99,86,13,13
76812,71,67,4,4
76813,80,78,2,2
76814,141,127,14,14
76815,48,48,0,0
76816,146,133,13,13
76817,83,85,-2,2
76818,102,100,2,2
76819,87,85,2,2
76820,83,76,7,7
76821,63,72,-9,9
76822,89,85,4,4
76823,142,131,11,11
76824,90,95,-5,5
76825,97,90,7,7
76826,130,124,6,6
76827,88,83,5,5
76828,146,148,-2,2
76829,118,107,11,11
76830,124,120,4,4
76831,108,118,-10,10
76832,53,60,-7,7
76833,78,80,-2,2
76834,54,57,-3,3
76835,121,110,11,11
76836,105,115,-10,10
76837,47,61,-14,14
76838,58,58,0,0
76839,126,117,9,9
76840,165,146,19,19
76841,118,110,8,8
76842,54,58,-4,4
76843,98,90,8,8
76844,39,34,5,5
76845,88,92,-4,4
76846,85,90,-5,5
76847,92,101,-9,9
76848,101,102,-1,1
76849,69,77,-8,8
76850,70,65,5,5
76851,57,93,-36,36
76852,89,86,3,3
76853,165,156,9,9
76854,88,86,2,2
76855,142,132,10,10
76856,109,112,-3,3
76857,105,102,3,3
76858,94,96,-2,2
76859,124,120,4,4
76860,119,114,5,5
76861,41,40,1,1
76862,102,100,2,2
76863,90,73,17,17
76864,126,127,-1,1
76865,59,73,-14,14
76866,74,73,1,1
76867,104,108,-4,4
76868,101,99,2,2
76869,102,99,3,3
76870,123,126,-3,3
76871,90,87,3,3
76872,85,78,7,7
76873,85,90,-5,5
76874,57,58,-1,1
76875,73,74,-1,1
76876,73,76,-3,3
76877,106,114,-8,8
76878,47,45,2,2
76879,91,94,-3,3
76880,93,81,12,12
76881,63,72,-9,9
76882,80,76,4,4
76883,71,70,1,1
76884,92,84,8,8
76885,125,118,7,7
76886,82,90,-8,8
76887,97,101,-4,4
76888,59,54,5,5
76889,125,135,-10,10
76890,115,104,11,11
76891,103,100,3,3
76892,97,97,0,0
76893,89,86,3,3
76894,78,78,0,0
76895,159,143,16,16
76896,117,123,-6,6
76897,100,93,7,7
76898,104,103,1,1
76899,97,107,-10,10
76900,114,104,10,10
76901,118,124,-6,6
76902,99,83,16,16
76903,98,93,5,5
76904,114,115,-1,1
76905,99,99,0,0
76906,95,91,4,4
76907,68,75,-7,7
76908,119,113,6,6
76909,125,115,10,10
76910,74,75,-1,1
76911,97,88,9,9
76912,101,96,5,5
76913,157,155,2,2
76914,141,131,10,10
76915,132,135,-3,3
76916,104,103,1,1
76917,85,85,0,0
76918,110,108,2,2
76919,91,97,-6,6
76920,53,52,1,1
76921,81,80,1,1
76922,78,79,-1,1
76923,79,89,-10,10
76924,73,73,0,0
76925,81,81,0,0
76926,89,83,6,6
76927,78,75,3,3
76928,122,108,14,14
76929,64,69,-5,5
76930,52,53,-1,1
76931,87,89,-2,2
76932,134,130,4,4
76933,104,95,9,9
76934,116,120,-4,4
76935,102,105,-3,3
76936,160,135,25,25
76937,83,76,7,7
76938,159,165,-6,6
76939,130,136,-6,6
76940,92,85,7,7
76941,95,95,0,0
76942,179,184,-5,5
76943,132,110,22,22
76944,53,54,-1,1
76945,100,101,-1,1
76946,105,94,11,11
76947,77,79,-2,2
76948,115,113,2,2
76949,126,125,1,1
76950,91,90,1,1
76951,79,79,0,0
76952,40,45,-5,5
76953,128,121,7,7
76954,145,143,2,2
76955,153,140,13,13
76956,81,75,6,6
76957,113,121,-8,8
76958,138,120,18,18
76959,100,104,-4,4
76960,77,70,7,7
76961,71,74,-3,3
76962,110,110,0,0
76963,118,114,4,4
76964,137,137,0,0
76965,94,97,-3,3
76966,65,65,0,0
76967,52,72,-20,20
76968,74,76,-2,2
76969,68,66,2,2
76970,101,102,-1,1
76971,104,100,4,4
76972,138,128,10,10
76973,71,71,0,0
76974,140,123,17,17
76975,83,81,2,2
76976,91,88,3,3
76977,125,114,11,11
76978,77,82,-5,5
76979,63,57,6,6
76980,116,109,7,7
76981,102,100,2,2
76982,121,128,-7,7
76983,116,110,6,6
76984,181,174,7,7
76985,112,121,-9,9
76986,151,156,-5,5
76987,127,120,7,7
76988,87,84,3,3
76989,123,123,0,0
76990,74,85,-11,11
76991,161,155,6,6
76992,48,51,-3,3
76993,207,194,13,13
76994,124,122,2,2
76995,91,98,-7,7
76996,104,101,3,3
76997,118,121,-3,3
76998,112,108,4,4
76999,70,70,0,0
77000,76,71,5,5
77001,133,122,11,11
77002,79,72,7,7
77003,56,66,-10,10
77004,111,132,-21,21
77005,48,57,-9,9
77006,80,68,12,12
77007,144,141,3,3
77008,39,34,5,5
77009,91,91,0,0
77010,97,94,3,3
77011,93,83,10,10
77012,142,129,13,13
77013,116,111,5,5
77014,86,92,-6,6
77015,128,131,-3,3
77016,101,109,-8,8
77017,53,62,-9,9
77018,153,144,9,9
77019,69,78,-9,9
77020,101,91,10,10
77021,146,148,-2,2
77022,107,105,2,2
77023,86,84,2,2
77024,44,50,-6,6
77025,64,71,-7,7
77026,90,69,21,21
77027,69,72,-3,3
77028,78,89,-11,11
77029,141,135,6,6
77030,54,50,4,4
77031,61,57,4,4
77032,140,124,16,16
77033,158,133,25,25
77034,96,88,8,8
77035,159,152,7,7
77036,155,132,23,23
77037,152,139,13,13
77038,62,55,7,7
77039,84,78,6,6
77040,197,184,13,13
77041,123,120,3,3
77042,80,81,-1,1
77043,25,28,-3,3
77044,140,142,-2,2
77045,65,73,-8,8
77046,67,95,-28,28
77047,62,69,-7,7
77048,71,70,1,1
77049,138,135,3,3
77050,73,73,0,0
77051,84,87,-3,3
77052,227,196,31,31
77053,97,88,9,9
77054,47,48,-1,1
77055,74,76,-2,2
77056,75,78,-3,3
77057,64,67,-3,3
77058,107,107,0,0
77059,60,61,-1,1
77060,70,72,-2,2
77061,117,99,18,18
77062,110,118,-8,8
77063,118,118,0,0
77064,86,83,3,3
77065,61,72,-11,11
77066,72,71,1,1
77067,153,139,14,14
77068,92,93,-1,1
77069,117,117,0,0
77070,79,77,2,2
77071,111,99,12,12
77072,48,50,-2,2
77073,71,65,6,6
77074,100,99,1,1
77075,90,82,8,8
77076,67,71,-4,4
77077,111,107,4,4
77078,68,68,0,0
77079,113,103,10,10
77080,78,90,-12,12
77081,94,89,5,5
77082,86,87,-1,1
77083,131,129,2,2
77084,142,126,16,16
77085,83,89,-6,6
77086,62,79,-17,17
77087,74,68,6,6
77088,143,135,8,8
77089,163,161,2,2
77090,78,73,5,5
77091,42,43,-1,1
77092,69,71,-2,2
77093,68,71,-3,3
77094,132,122,10,10
77095,59,57,2,2
77096,107,104,3,3
77097,107,108,-1,1
77098,49,49,0,0
77099,114,112,2,2
77100,87,81,6,6
77101,103,85,18,18
77102,122,113,9,9
77103,114,113,1,1
77104,172,159,13,13
77105,69,72,-3,3
77106,57,66,-9,9
77107,108,107,1,1
77108,80,99,-19,19
77109,70,73,-3,3
77110,126,124,2,2
77111,102,95,7,7
77112,45,52,-7,7
77113,72,70,2,2
77114,174,157,17,17
77115,101,106,-5,5
77116,53,55,-2,2
77117,71,70,1,1
77118,157,165,-8,8
77119,139,130,9,9
77120,116,102,14,14
77121,86,76,10,10
77122,96,85,11,11
77123,107,108,-1,1
77124,98,107,-9,9
77125,89,90,-1,1
77126,117,124,-7,7
77127,108,105,3,3
77128,54,54,0,0
77129,116,117,-1,1
77130,111,110,1,1
77131,139,141,-2,2
77132,74,71,3,3
77133,117,121,-4,4
77134,106,112,-6,6
77135,158,136,22,22
77136,97,96,1,1
77137,70,65,5,5
77138,106,107,-1,1
77139,82,76,6,6
77140,141,126,15,15
77141,132,124,8,8
77142,114,103,11,11
77143,145,132,13,13
77144,56,60,-4,4
77145,109,96,13,13
77146,131,118,13,13
77147,154,121,33,33
77148,73,70,3,3
77149,63,71,-8,8
77150,134,148,-14,14
77151,91,81,10,10
77152,127,121,6,6
77153,42,43,-1,1
77154,101,105,-4,4
77155,52,49,3,3
77156,143,143,0,0
77157,92,84,8,8
77158,84,79,5,5
77159,101,117,-16,16
77160,117,117,0,0
77161,85,84,1,1
77162,52,58,-6,6
77163,74,67,7,7
77164,78,66,12,12
77165,64,66,-2,2
77166,90,90,0,0
77167,59,68,-9,9
77168,53,64,-11,11
77169,94,97,-3,3
77170,77,77,0,0
77171,108,96,12,12
77172,138,127,11,11
77173,83,83,0,0
77174,150,134,16,16
77175,108,102,6,6
77176,64,68,-4,4
77177,101,113,-12,12
77178,92,83,9,9
77179,150,141,9,9
77180,133,130,3,3
77181,42,50,-8,8
77182,43,48,-5,5
77183,63,61,2,2
77184,82,82,0,0
77185,56,51,5,5
77186,101,112,-11,11
77187,65,74,-9,9
77188,112,108,4,4
77189,50,51,-1,1
77190,130,121,9,9
77191,88,98,-10,10
77192,74,64,10,10
77193,129,131,-2,2
77194,57,67,-10,10
77195,110,106,4,4
77196,99,101,-2,2
77197,77,71,6,6
77198,117,113,4,4
77199,107,99,8,8
77200,62,61,1,1
77201,75,80,-5,5
77202,97,103,-6,6
77203,54,57,-3,3
77204,80,76,4,4
77205,84,80,4,4
77206,52,53,-1,1
77207,106,104,2,2
77208,99,113,-14,14
77209,92,85,7,7
77210,53,58,-5,5
77211,135,132,3,3
77212,116,99,17,17
77213,96,101,-5,5
77214,116,111,5,5
77215,90,84,6,6
77216,187,155,32,32
77217,55,90,-35,35
77218,48,52,-4,4
77219,77,80,-3,3
77220,74,79,-5,5
77221,97,105,-8,8
77222,159,152,7,7
77223,127,121,6,6
77224,83,80,3,3
77225,67,70,-3,3
77226,103,94,9,9
77227,68,62,6,6
77228,75,72,3,3
77229,88,87,1,1
77230,82,111,-29,29
77231,128,116,12,12
77232,177,162,15,15
77233,140,129,11,11
77234,108,86,22,22
77235,59,55,4,4
77236,97,96,1,1
77237,105,103,2,2
77238,59,58,1,1
77239,74,73,1,1
77240,63,60,3,3
77241,53,56,-3,3
77242,67,70,-3,3
77243,88,81,7,7
77244,116,113,3,3
77245,141,142,-1,1
77246,123,122,1,1
77247,111,110,1,1
77248,89,91,-2,2
77249,112,113,-1,1
77250,118,115,3,3
77251,51,57,-6,6
77252,165,149,16,16
77253,70,74,-4,4
77254,92,81,11,11
77255,156,131,25,25
77256,160,141,19,19
77257,64,68,-4,4
77258,137,137,0,0
77259,93,84,9,9
77260,124,124,0,0
77261,77,79,-2,2
77262,128,125,3,3
77263,79,67,12,12
77264,61,60,1,1
77265,112,102,10,10
77266,45,45,0,0
77267,67,65,2,2
77268,126,123,3,3
77269,92,86,6,6
77270,74,75,-1,1
77271,67,76,-9,9
77272,105,99,6,6
77273,167,167,0,0
77274,131,126,5,5
77275,84,126,-42,42
77276,110,120,-10,10
77277,72,78,-6,6
77278,71,121,-50,50
77279,115,117,-2,2
77280,159,154,5,5
77281,82,92,-10,10
77282,100,111,-11,11
77283,70,63,7,7
77284,104,104,0,0
77285,49,48,1,1
77286,104,104,0,0
77287,101,106,-5,5
77288,66,74,-8,8
77289,87,85,2,2
77290,85,92,-7,7
77291,124,131,-7,7
77292,121,110,11,11
77293,97,88,9,9
77294,63,64,-1,1
77295,93,95,-2,2
77296,79,73,6,6
77297,49,49,0,0
77298,95,93,2,2
77299,76,81,-5,5
77300,133,129,4,4
77301,66,68,-2,2
77302,85,94,-9,9
77303,228,253,-25,25
77304,124,128,-4,4
77305,90,81,9,9
77306,95,98,-3,3
77307,54,61,-7,7
77308,82,99,-17,17
77309,155,140,15,15
77310,173,165,8,8
77311,171,156,15,15
77312,42,55,-13,13
77313,141,138,3,3
77314,92,83,9,9
77315,94,87,7,7
77316,82,83,-1,1
77317,132,122,10,10
77318,124,116,8,8
77319,94,85,9,9
77320,60,61,-1,1
77321,58,66,-8,8
77322,102,108,-6,6
77323,112,107,5,5
77324,121,118,3,3
77325,133,138,-5,5
77326,54,68,-14,14
77327,105,109,-4,4
77328,82,82,0,0
77329,104,95,9,9
77330,91,87,4,4
77331,103,108,-5,5
77332,96,104,-8,8
77333,147,158,-11,11
77334,95,94,1,1
77335,111,119,-8,8
77336,106,108,-2,2
77337,59,59,0,0
77338,77,75,2,2
77339,97,84,13,13
77340,73,59,14,14
77341,105,98,7,7
77342,122,113,9,9
77343,55,67,-12,12
77344,108,107,1,1
77345,59,56,3,3
77346,124,123,1,1
77347,116,120,-4,4
77348,100,92,8,8
77349,76,78,-2,2
77350,102,93,9,9
77351,95,101,-6,6
77352,138,128,10,10
77353,119,117,2,2
77354,78,80,-2,2
77355,108,108,0,0
77356,34,38,-4,4
77357,105,106,-1,1
77358,120,112,8,8
77359,91,87,4,4
77360,103,114,-11,11
77361,75,73,2,2
77362,176,160,16,16
77363,85,78,7,7
77364,75,73,2,2
77365,103,104,-1,1
77366,81,82,-1,1
77367,105,112,-7,7
77368,50,62,-12,12
77369,118,116,2,2
77370,163,156,7,7
77371,137,127,10,10
77372,167,165,2,2
77373,116,115,1,1
77374,52,59,-7,7
77375,115,106,9,9
77376,188,189,-1,1
77377,187,171,16,16
77378,84,80,4,4
77379,124,118,6,6
77380,95,92,3,3
77381,79,86,-7,7
77382,72,66,6,6
77383,68,69,-1,1
77384,116,113,3,3
77385,83,96,-13,13
77386,94,86,8,8
77387,63,66,-3,3
77388,200,199,1,1
77389,61,67,-6,6
77390,148,134,14,14
77391,56,58,-2,2
77392,110,111,-1,1
77393,94,98,-4,4
77394,59,73,-14,14
77395,76,71,5,5
77396,67,74,-7,7
77397,102,106,-4,4
77398,165,145,20,20
77399,79,79,0,0
77400,74,69,5,5
77401,136,126,10,10
77402,116,108,8,8
77403,95,101,-6,6
77404,112,112,0,0
77405,65,71,-6,6
77406,43,45,-2,2
77407,92,87,5,5
77408,48,54,-6,6
77409,75,77,-2,2
77410,118,118,0,0
77411,99,97,2,2
77412,101,96,5,5
77413,41,64,-23,23
77414,78,84,-6,6
77415,129,113,16,16
77416,109,115,-6,6
77417,81,77,4,4
77418,167,154,13,13
77419,55,79,-24,24
77420,202,181,21,21
77421,118,112,6,6
77422,122,122,0,0
77423,67,68,-1,1
77424,67,67,0,0
77425,54,54,0,0
77426,54,61,-7,7
77427,89,90,-1,1
77428,107,102,5,5
77429,94,90,4,4
77430,72,67,5,5
77431,127,128,-1,1
77432,84,95,-11,11
77433,64,67,-3,3
77434,96,95,1,1
77435,116,110,6,6
77436,127,124,3,3
77437,128,120,8,8
77438,118,129,-11,11
77439,62,67,-5,5
77440,73,68,5,5
77441,36,39,-3,3
77442,165,142,23,23
77443,100,104,-4,4
77444,65,68,-3,3
77445,75,77,-2,2
77446,75,85,-10,10
77447,97,102,-5,5
77448,93,104,-11,11
77449,57,62,-5,5
77450,59,59,0,0
77451,85,79,6,6
77452,99,113,-14,14
77453,87,86,1,1
77454,102,111,-9,9
77455,75,81,-6,6
77456,92,88,4,4
77457,79,87,-8,8
77458,50,55,-5,5
77459,48,56,-8,8
77460,217,186,31,31
77461,132,119,13,13
77462,101,100,1,1
77463,82,80,2,2
77464,116,118,-2,2
77465,112,100,12,12
77466,66,78,-12,12
77467,81,85,-4,4
77468,56,59,-3,3
77469,97,84,13,13
77470,84,74,10,10
77471,37,42,-5,5
77472,74,73,1,1
77473,127,121,6,6
77474,54,56,-2,2
77475,80,76,4,4
77476,57,50,7,7
77477,106,84,22,22
77478,91,88,3,3
77479,103,103,0,0
77480,114,100,14,14
77481,131,130,1,1
77482,85,79,6,6
77483,85,85,0,0
77484,93,91,2,2
77485,74,64,10,10
77486,88,87,1,1
77487,52,50,2,2
77488,41,37,4,4
77489,82,80,2,2
77490,112,108,4,4
77491,67,60,7,7
77492,69,80,-11,11
77493,150,139,11,11
77494,93,93,0,0
77495,63,60,3,3
77496,95,83,12,12
77497,46,51,-5,5
77498,72,70,2,2
77499,77,85,-8,8
77500,87,87,0,0
77501,121,121,0,0
77502,149,136,13,13
77503,82,71,11,11
77504,57,56,1,1
77505,127,114,13,13
77506,103,93,10,10
77507,96,93,3,3
77508,82,76,6,6
77509,161,153,8,8
77510,133,127,6,6
77511,73,71,2,2
77512,71,61,10,10
77513,168,161,7,7
77514,137,134,3,3
77515,72,71,1,1
77516,77,81,-4,4
77517,114,117,-3,3
77518,115,112,3,3
77519,70,67,3,3
77520,78,81,-3,3
77521,118,120,-2,2
77522,88,84,4,4
77523,81,76,5,5
77524,118,121,-3,3
77525,60,57,3,3
77526,98,99,-1,1
77527,99,85,14,14
77528,55,56,-1,1
77529,100,96,4,4
77530,75,78,-3,3
77531,77,72,5,5
77532,139,138,1,1
77533,99,89,10,10
77534,106,108,-2,2
77535,92,99,-7,7
77536,87,84,3,3
77537,55,64,-9,9
77538,89,97,-8,8
77539,106,113,-7,7
77540,161,158,3,3
77541,72,73,-1,1
77542,119,103,16,16
77543,90,81,9,9
77544,110,105,5,5
77545,51,56,-5,5
77546,63,68,-5,5
77547,42,44,-2,2
77548,85,78,7,7
77549,144,137,7,7
77550,69,75,-6,6
77551,43,45,-2,2
77552,94,97,-3,3
77553,178,186,-8,8
77554,80,78,2,2
77555,65,67,-2,2
77556,62,64,-2,2
77557,62,60,2,2
77558,144,144,0,0
77559,102,96,6,6
77560,104,101,3,3
77561,45,56,-11,11
77562,57,59,-2,2
77563,132,113,19,19
77564,105,98,7,7
77565,99,96,3,3
77566,60,70,-10,10
77567,72,75,-3,3
77568,122,125,-3,3
77569,141,139,2,2
77570,94,87,7,7
77571,89,97,-8,8
77572,43,52,-9,9
77573,160,148,12,12
77574,84,73,11,11
77575,84,78,6,6
77576,90,91,-1,1
77577,68,69,-1,1
77578,189,178,11,11
77579,77,84,-7,7
77580,59,64,-5,5
77581,139,138,1,1
77582,98,95,3,3
77583,147,135,12,12
77584,158,131,27,27
77585,97,89,8,8
77586,109,109,0,0
77587,112,107,5,5
77588,74,73,1,1
77589,155,140,15,15
77590,75,72,3,3
77591,129,118,11,11
77592,189,184,5,5
77593,98,101,-3,3
77594,68,71,-3,3
77595,100,99,1,1
77596,136,122,14,14
77597,144,138,6,6
77598,123,126,-3,3
77599,60,59,1,1
77600,131,123,8,8
77601,74,79,-5,5
77602,148,118,30,30
77603,112,103,9,9
77604,60,67,-7,7
77605,89,82,7,7
77606,83,88,-5,5
77607,100,90,10,10
77608,70,72,-2,2
77609,119,128,-9,9
77610,52,60,-8,8
77611,72,74,-2,2
77612,127,126,1,1
77613,82,84,-2,2
77614,65,62,3,3
77615,75,68,7,7
77616,65,65,0,0
77617,80,98,-18,18
77618,95,120,-25,25
77619,74,80,-6,6
77620,107,103,4,4
77621,63,66,-3,3
77622,117,114,3,3
77623,83,71,12,12
77624,74,70,4,4
77625,56,50,6,6
77626,143,148,-5,5
77627,61,69,-8,8
77628,92,95,-3,3
77629,147,159,-12,12
77630,68,77,-9,9
77631,95,89,6,6
77632,80,83,-3,3
77633,129,117,12,12
77634,133,147,-14,14
77635,47,44,3,3
77636,65,58,7,7
77637,85,79,6,6
77638,100,93,7,7
77639,113,109,4,4
77640,104,97,7,7
77641,70,68,2,2
77642,16,21,-5,5
77643,102,94,8,8
77644,125,114,11,11
77645,83,82,1,1
77646,114,99,15,15
77647,150,146,4,4
77648,164,150,14,14
77649,97,97,0,0
77650,71,68,3,3
77651,78,78,0,0
77652,128,126,2,2
77653,111,103,8,8
77654,78,73,5,5
77655,83,81,2,2
77656,84,78,6,6
77657,81,80,1,1
77658,103,112,-9,9
77659,91,92,-1,1
77660,79,76,3,3
77661,84,82,2,2
77662,143,121,22,22
77663,97,95,2,2
77664,85,82,3,3
77665,120,108,12,12
77666,88,101,-13,13
77667,114,100,14,14
77668,116,107,9,9
77669,72,80,-8,8
77670,101,93,8,8
77671,129,126,3,3
77672,119,105,14,14
77673,86,86,0,0
77674,75,79,-4,4
77675,76,72,4,4
77676,84,75,9,9
77677,75,76,-1,1
77678,124,121,3,3
77679,177,186,-9,9
77680,75,73,2,2
77681,117,117,0,0
77682,99,128,-29,29
77683,50,50,0,0
77684,70,82,-12,12
77685,115,110,5,5
77686,60,62,-2,2
77687,96,87,9,9
77688,142,138,4,4
77689,87,79,8,8
77690,112,114,-2,2
77691,116,101,15,15
77692,56,60,-4,4
77693,158,159,-1,1
77694,188,180,8,8
77695,181,166,15,15
77696,104,88,16,16
77697,159,154,5,5
77698,122,131,-9,9
77699,69,74,-5,5
77700,105,99,6,6
77701,84,88,-4,4
77702,80,81,-1,1
77703,62,60,2,2
77704,75,72,3,3
77705,72,78,-6,6
77706,86,81,5,5
77707,99,115,-16,16
77708,59,62,-3,3
77709,104,98,6,6
77710,78,76,2,2
77711,97,100,-3,3
77712,129,120,9,9
77713,64,74,-10,10
77714,105,98,7,7
77715,93,83,10,10
77716,92,89,3,3
77717,40,37,3,3
77718,98,103,-5,5
77719,132,133,-1,1
77720,67,75,-8,8
77721,51,79,-28,28
77722,81,90,-9,9
77723,142,144,-2,2
77724,145,135,10,10
77725,72,68,4,4
77726,102,98,4,4
77727,87,80,7,7
77728,111,107,4,4
77729,80,74,6,6
77730,85,80,5,5
77731,144,132,12,12
77732,66,75,-9,9
77733,98,89,9,9
77734,91,90,1,1
77735,61,66,-5,5
77736,46,56,-10,10
77737,89,97,-8,8
77738,105,94,11,11
77739,102,90,12,12
77740,100,101,-1,1
77741,58,67,-9,9
77742,116,116,0,0
77743,73,77,-4,4
77744,96,94,2,2
77745,89,83,6,6
77746,79,81,-2,2
77747,74,74,0,0
77748,100,86,14,14
77749,35,48,-13,13
77750,49,52,-3,3
77751,79,74,5,5
77752,102,91,11,11
77753,104,84,20,20
77754,198,176,22,22
77755,136,125,11,11
77756,62,72,-10,10
77757,100,99,1,1
77758,89,84,5,5
77759,131,125,6,6
77760,82,80,2,2
77761,157,149,8,8
77762,71,73,-2,2
77763,54,55,-1,1
77764,115,120,-5,5
77765,80,79,1,1
77766,69,67,2,2
77767,80,73,7,7
77768,89,86,3,3
77769,91,86,5,5
77770,171,145,26,26
77771,86,81,5,5
77772,120,121,-1,1
77773,72,72,0,0
77774,67,64,3,3
77775,122,139,-17,17
77776,71,75,-4,4
77777,119,117,2,2
77778,80,78,2,2
77779,110,100,10,10
77780,47,49,-2,2
77781,193,172,21,21
77782,80,76,4,4
77783,52,55,-3,3
77784,61,64,-3,3
77785,90,97,-7,7
77786,85,81,4,4
77787,74,74,0,0
77788,85,84,1,1
77789,125,146,-21,21
77790,150,138,12,12
77791,89,85,4,4
77792,93,87,6,6
77793,131,132,-1,1
77794,66,71,-5,5
77795,78,73,5,5
77796,151,149,2,2
77797,91,91,0,0
77798,75,82,-7,7
77799,39,38,1,1
77800,54,52,2,2
77801,106,99,7,7
77802,128,129,-1,1
77803,49,59,-10,10
77804,124,121,3,3
77805,76,75,1,1
77806,89,82,7,7
77807,48,44,4,4
77808,135,153,-18,18
77809,108,111,-3,3
77810,113,101,12,12
77811,97,91,6,6
77812,155,155,0,0
77813,154,139,15,15
77814,118,105,13,13
77815,87,78,9,9
77816,56,60,-4,4
77817,56,75,-19,19
77818,70,78,-8,8
77819,45,51,-6,6
77820,49,69,-20,20
77821,91,80,11,11
77822,76,72,4,4
77823,81,100,-19,19
77824,121,120,1,1
77825,109,105,4,4
77826,72,81,-9,9
77827,75,74,1,1
77828,35,46,-11,11
77829,90,94,-4,4
77830,132,129,3,3
77831,140,151,-11,11
77832,75,78,-3,3
77833,76,74,2,2
77834,111,131,-20,20
77835,92,97,-5,5
77836,120,131,-11,11
77837,119,115,4,4
77838,78,83,-5,5
77839,86,81,5,5
77840,60,68,-8,8
77841,158,146,12,12
77842,94,89,5,5
77843,126,119,7,7
77844,112,101,11,11
77845,112,103,9,9
77846,73,76,-3,3
77847,94,97,-3,3
77848,133,126,7,7
77849,70,67,3,3
77850,83,76,7,7
77851,117,117,0,0
77852,104,101,3,3
77853,109,104,5,5
77854,173,148,25,25
77855,55,70,-15,15
77856,46,52,-6,6
77857,36,41,-5,5
77858,76,77,-1,1
77859,136,128,8,8
77860,102,99,3,3
77861,110,106,4,4
77862,94,86,8,8
77863,80,78,2,2
77864,149,139,10,10
77865,249,225,24,24
77866,150,153,-3,3
77867,49,58,-9,9
77868,58,58,0,0
77869,54,53,1,1
77870,83,71,12,12
77871,119,106,13,13
77872,58,61,-3,3
77873,123,110,13,13
77874,125,117,8,8
77875,115,121,-6,6
77876,74,86,-12,12
77877,71,67,4,4
77878,162,141,21,21
77879,96,97,-1,1
77880,63,65,-2,2
77881,87,89,-2,2
77882,74,67,7,7
77883,70,87,-17,17
77884,114,117,-3,3
77885,72,71,1,1
77886,58,68,-10,10
77887,117,107,10,10
77888,77,96,-19,19
77889,57,68,-11,11
77890,142,134,8,8
77891,57,65,-8,8
77892,77,76,1,1
77893,100,119,-19,19
77894,92,107,-15,15
77895,53,60,-7,7
77896,98,87,11,11
77897,96,93,3,3
77898,67,64,3,3
77899,69,70,-1,1
77900,108,107,1,1
77901,97,88,9,9
77902,75,72,3,3
77903,97,100,-3,3
77904,127,117,10,10
77905,87,81,6,6
77906,86,81,5,5
77907,84,74,10,10
77908,86,83,3,3
77909,88,85,3,3
77910,97,96,1,1
77911,86,81,5,5
77912,79,84,-5,5
77913,183,176,7,7
77914,97,95,2,2
77915,136,129,7,7
77916,78,77,1,1
77917,128,127,1,1
77918,116,109,7,7
77919,167,161,6,6
77920,143,147,-4,4
77921,72,75,-3,3
77922,101,98,3,3
77923,89,88,1,1
77924,63,58,5,5
77925,136,127,9,9
77926,129,126,3,3
77927,77,77,0,0
77928,70,79,-9,9
77929,114,107,7,7
77930,100,111,-11,11
77931,133,123,10,10
77932,130,126,4,4
77933,64,62,2,2
77934,105,99,6,6
77935,171,154,17,17
77936,120,114,6,6
77937,95,97,-2,2
77938,72,73,-1,1
77939,75,69,6,6
77940,110,98,12,12
77941,119,109,10,10
77942,184,170,14,14
77943,132,126,6,6
77944,128,133,-5,5
77945,78,96,-18,18
77946,124,121,3,3
77947,123,124,-1,1
77948,105,91,14,14
77949,51,63,-12,12
77950,89,101,-12,12
77951,58,63,-5,5
77952,112,104,8,8
77953,97,94,3,3
77954,95,96,-1,1
77955,79,79,0,0
77956,85,82,3,3
77957,135,119,16,16
77958,127,133,-6,6
77959,95,82,13,13
77960,141,146,-5,5
77961,76,78,-2,2
77962,63,64,-1,1
77963,106,101,5,5
77964,95,86,9,9
77965,91,87,4,4
77966,147,142,5,5
77967,124,115,9,9
77968,88,78,10,10
77969,70,74,-4,4
77970,80,88,-8,8
77971,41,46,-5,5
77972,59,60,-1,1
77973,97,102,-5,5
77974,61,63,-2,2
77975,148,131,17,17
77976,106,98,8,8
77977,102,112,-10,10
77978,66,67,-1,1
77979,75,72,3,3
77980,98,88,10,10
77981,58,56,2,2
77982,59,60,-1,1
77983,53,53,0,0
77984,53,77,-24,24
77985,121,105,16,16
77986,101,84,17,17
77987,145,131,14,14
77988,57,59,-2,2
77989,74,70,4,4
77990,65,67,-2,2
77991,79,86,-7,7
77992,117,118,-1,1
77993,65,66,-1,1
77994,64,71,-7,7
77995,81,75,6,6
77996,125,105,20,20
77997,67,68,-1,1
77998,69,71,-2,2
77999,59,53,6,6
78000,126,118,8,8
78001,106,106,0,0
78002,63,66,-3,3
78003,89,95,-6,6
78004,120,100,20,20
78005,97,98,-1,1
78006,70,69,1,1
78007,116,121,-5,5
78008,77,70,7,7
78009,49,55,-6,6
78010,71,68,3,3
78011,64,74,-10,10
78012,72,64,8,8
78013,128,111,17,17
78014,98,90,8,8
78015,66,69,-3,3
78016,112,114,-2,2
78017,51,50,1,1
78018,85,81,4,4
78019,100,89,11,11
78020,92,85,7,7
78021,111,110,1,1
78022,100,117,-17,17
78023,96,93,3,3
78024,166,148,18,18
78025,137,144,-7,7
78026,72,71,1,1
78027,115,118,-3,3
78028,88,81,7,7
78029,91,90,1,1
78030,103,98,5,5
78031,47,59,-12,12
78032,86,99,-13,13
78033,136,123,13,13
78034,157,158,-1,1
78035,124,122,2,2
78036,137,134,3,3
78037,101,102,-1,1
78038,74,70,4,4
78039,85,75,10,10
78040,45,41,4,4
78041,168,158,10,10
78042,115,102,13,13
78043,116,126,-10,10
78044,84,88,-4,4
78045,102,100,2,2
78046,59,74,-15,15
78047,106,110,-4,4
78048,60,72,-12,12
78049,123,116,7,7
78050,85,74,11,11
78051,60,68,-8,8
78052,82,71,11,11
78053,160,144,16,16
78054,82,81,1,1
78055,83,82,1,1
78056,73,77,-4,4
78057,113,117,-4,4
78058,95,82,13,13
78059,100,92,8,8
78060,40,42,-2,2
78061,80,80,0,0
78062,110,105,5,5
78063,144,145,-1,1
78064,115,104,11,11
78065,64,72,-8,8
78066,119,108,11,11
78067,102,103,-1,1
78068,159,136,23,23
78069,104,96,8,8
78070,91,87,4,4
78071,133,132,1,1
78072,98,94,4,4
78073,96,101,-5,5
78074,134,125,9,9
78075,160,150,10,10
78076,59,70,-11,11
78077,74,81,-7,7
78078,106,94,12,12
78079,64,62,2,2
78080,90,95,-5,5
78081,67,68,-1,1
78082,100,99,1,1
78083,68,70,-2,2
78084,159,152,7,7
78085,87,85,2,2
78086,123,131,-8,8
78087,78,77,1,1
78088,95,85,10,10
78089,56,71,-15,15
78090,102,103,-1,1
78091,108,91,17,17
78092,73,70,3,3
78093,111,111,0,0
78094,137,130,7,7
78095,84,86,-2,2
78096,89,80,9,9
78097,70,80,-10,10
78098,78,80,-2,2
78099,152,145,7,7
78100,81,82,-1,1
78101,49,52,-3,3
78102,69,73,-4,4
78103,102,87,15,15
78104,62,68,-6,6
78105,91,87,4,4
78106,72,55,17,17
78107,47,45,2,2
78108,184,159,25,25
78109,103,90,13,13
78110,69,74,-5,5
78111,51,61,-10,10
78112,120,130,-10,10
78113,105,83,22,22
78114,46,56,-10,10
78115,75,74,1,1
78116,71,69,2,2
78117,45,54,-9,9
78118,80,85,-5,5
78119,79,86,-7,7
78120,78,77,1,1
78121,62,71,-9,9
78122,86,80,6,6
78123,122,121,1,1
78124,101,93,8,8
78125,72,73,-1,1
78126,141,137,4,4
78127,69,72,-3,3
78128,93,85,8,8
78129,55,49,6,6
78130,121,115,6,6
78131,105,110,-5,5
78132,99,87,12,12
78133,195,173,22,22
78134,76,76,0,0
78135,124,115,9,9
78136,100,81,19,19
78137,152,152,0,0
78138,108,103,5,5
78139,49,49,0,0
78140,176,165,11,11
78141,104,191,-87,87
78142,81,69,12,12
78143,97,86,11,11
78144,58,58,0,0
78145,110,103,7,7
78146,55,64,-9,9
78147,69,69,0,0
78148,107,130,-23,23
78149,71,68,3,3
78150,88,86,2,2
78151,43,54,-11,11
78152,117,118,-1,1
78153,81,69,12,12
78154,75,79,-4,4
78155,108,107,1,1
78156,63,66,-3,3
78157,74,77,-3,3
78158,68,71,-3,3
78159,62,63,-1,1
78160,52,51,1,1
78161,78,82,-4,4
78162,108,116,-8,8
78163,188,165,23,23
78164,61,65,-4,4
78165,77,74,3,3
78166,97,87,10,10
78167,67,74,-7,7
78168,77,103,-26,26
78169,91,93,-2,2
78170,69,72,-3,3
78171,131,132,-1,1
78172,56,57,-1,1
78173,49,57,-8,8
78174,126,123,3,3
78175,114,110,4,4
78176,90,88,2,2
78177,75,82,-7,7
78178,83,73,10,10
78179,92,99,-7,7
78180,83,82,1,1
78181,89,77,12,12
78182,85,83,2,2
78183,70,67,3,3
78184,108,103,5,5
78185,71,74,-3,3
78186,68,64,4,4
78187,70,73,-3,3
78188,107,112,-5,5
78189,58,63,-5,5
78190,51,53,-2,2
78191,55,66,-11,11
78192,161,161,0,0
78193,46,58,-12,12
78194,92,87,5,5
78195,154,146,8,8
78196,83,82,1,1
78197,128,123,5,5
78198,73,75,-2,2
78199,87,83,4,4
78200,122,111,11,11
78201,108,91,17,17
78202,76,88,-12,12
78203,59,69,-10,10
78204,83,84,-1,1
78205,92,90,2,2
78206,96,94,2,2
78207,105,95,10,10
78208,58,66,-8,8
78209,81,76,5,5
78210,110,98,12,12
78211,44,53,-9,9
78212,81,76,5,5
78213,63,71,-8,8
78214,78,77,1,1
78215,68,73,-5,5
78216,120,126,-6,6
78217,181,166,15,15
78218,141,135,6,6
78219,178,164,14,14
78220,64,62,2,2
78221,72,74,-2,2
78222,45,40,5,5
78223,143,126,17,17
78224,145,129,16,16
78225,111,111,0,0
78226,86,85,1,1
78227,125,133,-8,8
78228,79,80,-1,1
78229,67,74,-7,7
78230,173,159,14,14
78231,81,82,-1,1
78232,88,93,-5,5
78233,63,66,-3,3
78234,66,90,-24,24
78235,96,91,5,5
78236,100,77,23,23
78237,57,55,2,2
78238,125,114,11,11
78239,156,149,7,7
78240,125,118,7,7
78241,133,130,3,3
78242,66,68,-2,2
78243,159,163,-4,4
78244,44,64,-20,20
78245,67,62,5,5
78246,105,102,3,3
78247,77,77,0,0
78248,64,71,-7,7
78249,62,85,-23,23
78250,69,67,2,2
78251,163,151,12,12
78252,62,64,-2,2
78253,50,51,-1,1
78254,100,100,0,0
78255,108,101,7,7
78256,70,70,0,0
78257,97,89,8,8
78258,83,77,6,6
78259,137,143,-6,6
78260,70,67,3,3
78261,122,99,23,23
78262,79,84,-5,5
78263,52,74,-22,22
78264,86,89,-3,3
78265,93,83,10,10
78266,93,106,-13,13
78267,62,64,-2,2
78268,109,93,16,16
78269,107,107,0,0
78270,83,82,1,1
78271,57,62,-5,5
78272,61,69,-8,8
78273,43,48,-5,5
78274,156,136,20,20
78275,102,93,9,9
78276,56,67,-11,11
78277,199,180,19,19
78278,103,107,-4,4
78279,77,78,-1,1
78280,147,155,-8,8
78281,99,110,-11,11
78282,74,106,-32,32
78283,71,66,5,5
78284,142,138,4,4
78285,72,66,6,6
78286,28,62,-34,34
78287,99,108,-9,9
78288,145,151,-6,6
78289,51,51,0,0
78290,132,132,0,0
78291,102,101,1,1
78292,69,73,-4,4
78293,142,136,6,6
78294,52,51,1,1
78295,87,91,-4,4
78296,122,124,-2,2
78297,93,101,-8,8
78298,85,87,-2,2
78299,101,96,5,5
78300,88,88,0,0
78301,64,62,2,2
78302,131,126,5,5
78303,91,87,4,4
78304,174,156,18,18
78305,50,53,-3,3
78306,78,83,-5,5
78307,76,80,-4,4
78308,118,115,3,3
78309,56,62,-6,6
78310,53,52,1,1
78311,98,102,-4,4
78312,119,122,-3,3
78313,133,129,4,4
78314,66,66,0,0
78315,117,121,-4,4
78316,94,88,6,6
78317,79,82,-3,3
78318,114,115,-1,1
78319,96,82,14,14
78320,81,81,0,0
78321,83,84,-1,1
78322,74,78,-4,4
78323,89,84,5,5
78324,73,80,-7,7
78325,160,156,4,4
78326,120,113,7,7
78327,52,50,2,2
78328,127,127,0,0
78329,93,87,6,6
78330,108,118,-10,10
78331,95,93,2,2
78332,75,74,1,1
78333,124,110,14,14
78334,90,90,0,0
78335,101,104,-3,3
78336,44,50,-6,6
78337,113,105,8,8
78338,64,72,-8,8
78339,135,127,8,8
78340,147,135,12,12
78341,112,116,-4,4
78342,63,66,-3,3
78343,91,102,-11,11
78344,93,75,18,18
78345,116,110,6,6
78346,124,129,-5,5
78347,127,127,0,0
78348,114,120,-6,6
78349,137,115,22,22
78350,56,60,-4,4
78351,54,54,0,0
78352,78,81,-3,3
78353,71,74,-3,3
78354,72,74,-2,2
78355,67,74,-7,7
78356,48,48,0,0
78357,115,133,-18,18
78358,53,56,-3,3
78359,95,92,3,3
78360,56,71,-15,15
78361,45,36,9,9
78362,209,193,16,16
78363,85,95,-10,10
78364,80,76,4,4
78365,139,145,-6,6
78366,64,66,-2,2
78367,83,86,-3,3
78368,121,115,6,6
78369,102,110,-8,8
78370,94,87,7,7
78371,119,113,6,6
78372,59,66,-7,7
78373,61,89,-28,28
78374,74,70,4,4
78375,76,76,0,0
78376,91,91,0,0
78377,132,116,16,16
78378,54,60,-6,6
78379,74,72,2,2
78380,96,86,10,10
78381,60,69,-9,9
78382,91,95,-4,4
78383,102,103,-1,1
78384,131,128,3,3
78385,95,89,6,6
78386,35,33,2,2
78387,70,76,-6,6
78388,115,103,12,12
78389,63,64,-1,1
78390,70,80,-10,10
78391,73,72,1,1
78392,79,79,0,0
78393,114,117,-3,3
78394,75,85,-10,10
78395,103,101,2,2
78396,111,105,6,6
78397,110,116,-6,6
78398,55,54,1,1
78399,89,93,-4,4
78400,53,66,-13,13
78401,114,101,13,13
78402,104,105,-1,1
78403,45,47,-2,2
78404,122,115,7,7
78405,72,75,-3,3
78406,140,132,8,8
78407,132,118,14,14
78408,127,153,-26,26
78409,133,128,5,5
78410,66,65,1,1
78411,99,97,2,2
78412,112,111,1,1
78413,104,86,18,18
78414,143,136,7,7
78415,107,99,8,8
78416,122,120,2,2
78417,166,163,3,3
78418,169,165,4,4
78419,165,169,-4,4
78420,147,125,22,22
78421,63,63,0,0
78422,71,75,-4,4
78423,59,55,4,4
78424,127,128,-1,1
78425,168,153,15,15
78426,43,46,-3,3
78427,103,98,5,5
78428,109,101,8,8
78429,99,103,-4,4
78430,71,72,-1,1
78431,94,93,1,1
78432,104,100,4,4
78433,96,97,-1,1
78434,85,78,7,7
78435,122,105,17,17
78436,85,84,1,1
78437,49,55,-6,6
78438,44,66,-22,22
78439,65,62,3,3
78440,78,79,-1,1
78441,117,113,4,4
78442,103,95,8,8
78443,106,89,17,17
78444,97,103,-6,6
78445,167,181,-14,14
78446,50,54,-4,4
78447,134,123,11,11
78448,100,108,-8,8
78449,81,81,0,0
78450,108,112,-4,4
78451,55,62,-7,7
78452,82,85,-3,3
78453,94,110,-16,16
78454,94,85,9,9
78455,61,61,0,0
78456,141,138,3,3
78457,79,78,1,1
78458,71,80,-9,9
78459,48,57,-9,9
78460,140,140,0,0
78461,70,68,2,2
78462,63,63,0,0
78463,137,126,11,11
78464,40,40,0,0
78465,103,96,7,7
78466,67,74,-7,7
78467,82,77,5,5
78468,119,122,-3,3
78469,131,127,4,4
78470,77,89,-12,12
78471,98,91,7,7
78472,148,154,-6,6
78473,91,85,6,6
78474,95,97,-2,2
78475,60,58,2,2
78476,72,74,-2,2
78477,123,117,6,6
78478,68,68,0,0
78479,124,128,-4,4
78480,128,125,3,3
78481,114,118,-4,4
78482,90,88,2,2
78483,108,108,0,0
78484,114,107,7,7
78485,33,54,-21,21
78486,95,96,-1,1
78487,113,108,5,5
78488,57,59,-2,2
78489,71,69,2,2
78490,110,109,1,1
78491,67,73,-6,6
78492,59,64,-5,5
78493,105,106,-1,1
78494,132,120,12,12
78495,93,100,-7,7
78496,90,94,-4,4
78497,134,122,12,12
78498,32,39,-7,7
78499,108,143,-35,35
78500,81,72,9,9
78501,94,91,3,3
78502,116,120,-4,4
78503,131,127,4,4
78504,63,73,-10,10
78505,96,93,3,3
78506,71,65,6,6
78507,71,65,6,6
78508,79,80,-1,1
78509,115,109,6,6
78510,48,70,-22,22
78511,85,79,6,6
78512,113,104,9,9
78513,89,87,2,2
78514,131,126,5,5
78515,91,96,-5,5
78516,72,69,3,3
78517,169,155,14,14
78518,133,132,1,1
78519,176,151,25,25
78520,118,122,-4,4
78521,71,78,-7,7
78522,65,74,-9,9
78523,144,124,20,20
78524,72,86,-14,14
78525,70,76,-6,6
78526,70,72,-2,2
78527,117,104,13,13
78528,97,96,1,1
78529,57,60,-3,3
78530,61,81,-20,20
78531,80,78,2,2
78532,92,87,5,5
78533,85,91,-6,6
78534,125,111,14,14
78535,90,100,-10,10
78536,80,74,6,6
78537,71,77,-6,6
78538,149,134,15,15
78539,69,66,3,3
78540,104,97,7,7
78541,95,88,7,7
78542,129,110,19,19
78543,144,123,21,21
78544,61,63,-2,2
78545,130,120,10,10
78546,144,132,12,12
78547,39,44,-5,5
78548,114,112,2,2
78549,48,49,-1,1
78550,94,84,10,10
78551,92,84,8,8
78552,101,87,14,14
78553,79,83,-4,4
78554,113,101,12,12
78555,69,75,-6,6
78556,41,48,-7,7
78557,69,76,-7,7
78558,108,104,4,4
78559,66,67,-1,1
78560,93,80,13,13
78561,86,79,7,7
78562,79,73,6,6
78563,80,84,-4,4
78564,87,76,11,11
78565,179,164,15,15
78566,67,65,2,2
78567,71,78,-7,7
78568,86,77,9,9
78569,92,95,-3,3
78570,109,110,-1,1
78571,45,55,-10,10
78572,84,83,1,1
78573,158,152,6,6
78574,92,83,9,9
78575,75,73,2,2
78576,84,81,3,3
78577,65,75,-10,10
78578,104,90,14,14
78579,44,43,1,1
78580,198,161,37,37
78581,124,117,7,7
78582,134,119,15,15
78583,122,110,12,12
78584,77,75,2,2
78585,103,99,4,4
78586,98,89,9,9
78587,59,55,4,4
78588,87,68,19,19
78589,74,68,6,6
78590,67,75,-8,8
78591,85,82,3,3
78592,79,72,7,7
78593,96,99,-3,3
78594,121,120,1,1
78595,98,109,-11,11
78596,145,129,16,16
78597,110,103,7,7
78598,144,147,-3,3
78599,85,79,6,6
78600,114,122,-8,8
78601,95,90,5,5
78602,51,60,-9,9
78603,97,90,7,7
78604,81,72,9,9
78605,81,79,2,2
78606,85,82,3,3
78607,154,154,0,0
78608,125,123,2,2
78609,97,101,-4,4
78610,161,148,13,13
78611,144,125,19,19
78612,127,118,9,9
78613,88,85,3,3
78614,180,170,10,10
78615,90,96,-6,6
78616,66,73,-7,7
78617,95,88,7,7
78618,94,101,-7,7
78619,75,77,-2,2
78620,65,74,-9,9
78621,111,121,-10,10
78622,67,63,4,4
78623,86,89,-3,3
78624,141,127,14,14
78625,102,98,4,4
78626,142,142,0,0
78627,188,184,4,4
78628,62,54,8,8
78629,104,109,-5,5
78630,63,63,0,0
78631,100,90,10,10
78632,148,137,11,11
78633,103,106,-3,3
78634,122,127,-5,5
78635,69,71,-2,2
78636,89,84,5,5
78637,113,91,22,22
78638,135,131,4,4
78639,158,140,18,18
78640,74,68,6,6
78641,54,55,-1,1
78642,106,103,3,3
78643,56,90,-34,34
78644,113,106,7,7
78645,95,86,9,9
78646,134,131,3,3
78647,73,75,-2,2
78648,51,53,-2,2
78649,50,44,6,6
78650,33,34,-1,1
78651,130,118,12,12
78652,111,127,-16,16
78653,58,60,-2,2
78654,103,101,2,2
78655,136,141,-5,5
78656,99,96,3,3
78657,99,91,8,8
78658,116,108,8,8
78659,149,140,9,9
78660,69,72,-3,3
78661,81,90,-9,9
78662,57,60,-3,3
78663,85,79,6,6
78664,78,96,-18,18
78665,94,90,4,4
78666,112,104,8,8
78667,141,118,23,23
78668,133,119,14,14
78669,85,92,-7,7
78670,100,104,-4,4
78671,62,61,1,1
78672,121,117,4,4
78673,54,60,-6,6
78674,154,148,6,6
78675,142,126,16,16
78676,104,118,-14,14
78677,103,99,4,4
78678,70,66,4,4
78679,118,115,3,3
78680,115,113,2,2
78681,145,139,6,6
78682,106,108,-2,2
78683,114,112,2,2
78684,87,81,6,6
78685,155,136,19,19
78686,142,129,13,13
78687,132,121,11,11
78688,94,88,6,6
78689,142,139,3,3
78690,150,141,9,9
78691,53,61,-8,8
78692,94,87,7,7
78693,85,96,-11,11
78694,62,70,-8,8
78695,53,49,4,4
78696,81,85,-4,4
78697,175,170,5,5
78698,55,51,4,4
78699,72,81,-9,9
78700,93,86,7,7
78701,73,81,-8,8
78702,47,57,-10,10
78703,67,72,-5,5
78704,117,109,8,8
78705,104,102,2,2
78706,76,74,2,2
78707,99,85,14,14
78708,131,121,10,10
78709,84,88,-4,4
78710,105,116,-11,11
78711,157,134,23,23
78712,111,119,-8,8
78713,91,90,1,1
78714,74,83,-9,9
78715,79,78,1,1
78716,103,92,11,11
78717,119,112,7,7
78718,163,144,19,19
78719,69,72,-3,3
78720,112,106,6,6
78721,55,66,-11,11
78722,97,100,-3,3
78723,99,85,14,14
78724,58,71,-13,13
78725,125,109,16,16
78726,88,80,8,8
78727,81,80,1,1
78728,158,160,-2,2
78729,55,70,-15,15
78730,114,117,-3,3
78731,95,94,1,1
78732,87,104,-17,17
78733,139,124,15,15
78734,79,76,3,3
78735,75,68,7,7
78736,56,61,-5,5
78737,113,131,-18,18
78738,148,135,13,13
78739,160,140,20,20
78740,97,97,0,0
78741,88,87,1,1
78742,89,86,3,3
78743,101,98,3,3
78744,53,59,-6,6
78745,97,109,-12,12
78746,67,69,-2,2
78747,117,109,8,8
78748,72,67,5,5
78749,40,46,-6,6
78750,48,47,1,1
78751,88,81,7,7
78752,95,77,18,18
78753,132,126,6,6
78754,63,61,2,2
78755,95,90,5,5
78756,84,81,3,3
78757,33,38,-5,5
78758,70,71,-1,1
78759,154,150,4,4
78760,163,151,12,12
78761,175,160,15,15
78762,92,85,7,7
78763,150,147,3,3
78764,67,71,-4,4
78765,127,129,-2,2
78766,131,129,2,2
78767,194,173,21,21
78768,113,106,7,7
78769,106,102,4,4
78770,88,80,8,8
78771,75,75,0,0
78772,56,73,-17,17
78773,86,97,-11,11
78774,66,65,1,1
78775,171,163,8,8
78776,127,123,4,4
78777,110,107,3,3
78778,93,93,0,0
78779,89,90,-1,1
78780,72,80,-8,8
78781,98,87,11,11
78782,77,78,-1,1
78783,93,89,4,4
78784,112,94,18,18
78785,68,68,0,0
78786,104,112,-8,8
78787,78,76,2,2
78788,69,78,-9,9
78789,48,49,-1,1
78790,65,73,-8,8
78791,109,110,-1,1
78792,90,104,-14,14
78793,141,136,5,5
78794,100,102,-2,2
78795,133,135,-2,2
78796,110,100,10,10
78797,54,54,0,0
78798,71,70,1,1
78799,144,137,7,7
78800,57,70,-13,13
78801,88,89,-1,1
78802,107,98,9,9
78803,128,122,6,6
78804,93,95,-2,2
78805,136,137,-1,1
78806,107,89,18,18
78807,151,138,13,13
78808,114,109,5,5
78809,67,67,0,0
78810,94,90,4,4
78811,90,80,10,10
78812,105,94,11,11
78813,132,119,13,13
78814,90,85,5,5
78815,120,123,-3,3
78816,91,96,-5,5
78817,155,150,5,5
78818,62,64,-2,2
78819,109,101,8,8
78820,100,105,-5,5
78821,160,139,21,21
78822,96,94,2,2
78823,104,111,-7,7
78824,93,90,3,3
78825,72,72,0,0
78826,59,75,-16,16
78827,74,72,2,2
78828,83,73,10,10
78829,92,82,10,10
78830,100,104,-4,4
78831,87,81,6,6
78832,122,121,1,1
78833,78,75,3,3
78834,79,71,8,8
78835,138,121,17,17
78836,158,151,7,7
78837,75,76,-1,1
78838,100,95,5,5
78839,134,122,12,12
78840,138,152,-14,14
78841,82,90,-8,8
78842,52,50,2,2
78843,74,77,-3,3
78844,60,59,1,1
78845,49,51,-2,2
78846,45,49,-4,4
78847,83,78,5,5
78848,55,63,-8,8
78849,74,70,4,4
78850,96,86,10,10
78851,71,75,-4,4
78852,73,71,2,2
78853,104,116,-12,12
78854,57,55,2,2
78855,79,82,-3,3
78856,109,112,-3,3
78857,65,65,0,0
78858,129,138,-9,9
78859,75,72,3,3
78860,209,187,22,22
78861,102,94,8,8
78862,102,105,-3,3
78863,142,128,14,14
78864,140,118,22,22
78865,44,48,-4,4
78866,102,106,-4,4
78867,89,78,11,11
78868,86,80,6,6
78869,85,81,4,4
78870,88,81,7,7
78871,77,83,-6,6
78872,123,128,-5,5
78873,62,73,-11,11
78874,163,159,4,4
78875,114,115,-1,1
78876,55,63,-8,8
78877,112,114,-2,2
78878,125,121,4,4
78879,123,122,1,1
78880,96,90,6,6
78881,111,105,6,6
78882,136,122,14,14
78883,75,76,-1,1
78884,134,133,1,1
78885,77,81,-4,4
78886,98,99,-1,1
78887,94,87,7,7
78888,77,78,-1,1
78889,83,79,4,4
78890,97,84,13,13
78891,82,80,2,2
78892,126,120,6,6
78893,159,154,5,5
78894,100,110,-10,10
78895,100,113,-13,13
78896,121,119,2,2
78897,117,99,18,18
78898,81,89,-8,8
78899,90,86,4,4
78900,68,68,0,0
78901,110,110,0,0
78902,118,128,-10,10
78903,97,92,5,5
78904,81,72,9,9
78905,105,103,2,2
78906,95,84,11,11
78907,66,82,-16,16
78908,109,109,0,0
78909,141,140,1,1
78910,52,56,-4,4
78911,80,73,7,7
78912,93,86,7,7
78913,76,76,0,0
78914,111,112,-1,1
78915,107,99,8,8
78916,132,124,8,8
78917,100,100,0,0
78918,138,127,11,11
78919,122,113,9,9
78920,105,104,1,1
78921,85,83,2,2
78922,96,87,9,9
78923,60,60,0,0
78924,106,102,4,4
78925,47,67,-20,20
78926,97,89,8,8
78927,36,37,-1,1
78928,111,97,14,14
78929,121,131,-10,10
78930,85,76,9,9
78931,95,86,9,9
78932,78,79,-1,1
78933,113,118,-5,5
78934,72,70,2,2
78935,110,118,-8,8
78936,38,46,-8,8
78937,133,127,6,6
78938,52,82,-30,30
78939,49,52,-3,3
78940,57,60,-3,3
78941,209,166,43,43
78942,93,99,-6,6
78943,62,64,-2,2
78944,51,57,-6,6
78945,82,103,-21,21
78946,77,73,4,4
78947,165,148,17,17
78948,58,62,-4,4
78949,108,102,6,6
78950,43,51,-8,8
78951,83,82,1,1
78952,92,86,6,6
78953,127,119,8,8
78954,47,50,-3,3
78955,78,75,3,3
78956,62,62,0,0
78957,136,123,13,13
78958,121,123,-2,2
78959,79,81,-2,2
78960,83,90,-7,7
78961,100,102,-2,2
78962,86,103,-17,17
78963,89,90,-1,1
78964,74,67,7,7
78965,133,129,4,4
78966,107,104,3,3
78967,89,81,8,8
78968,72,69,3,3
78969,78,95,-17,17
78970,52,53,-1,1
78971,94,87,7,7
78972,107,104,3,3
78973,61,58,3,3
78974,224,198,26,26
78975,75,68,7,7
78976,53,61,-8,8
78977,95,97,-2,2
78978,63,62,1,1
78979,133,131,2,2
78980,45,43,2,2
78981,65,63,2,2
78982,93,87,6,6
78983,68,76,-8,8
78984,86,85,1,1
78985,116,111,5,5
78986,112,114,-2,2
78987,79,72,7,7
78988,83,76,7,7
78989,136,146,-10,10
78990,58,61,-3,3
78991,98,89,9,9
78992,216,213,3,3
78993,135,128,7,7
78994,87,83,4,4
78995,99,91,8,8
78996,85,82,3,3
78997,57,57,0,0
78998,69,65,4,4
78999,72,70,2,2
79000,42,46,-4,4
79001,50,49,1,1
79002,120,114,6,6
79003,43,45,-2,2
79004,58,57,1,1
79005,64,74,-10,10
79006,47,52,-5,5
79007,118,106,12,12
79008,91,115,-24,24
79009,115,115,0,0
79010,132,131,1,1
79011,124,118,6,6
79012,127,141,-14,14
79013,90,82,8,8
79014,142,141,1,1
79015,72,75,-3,3
79016,91,95,-4,4
79017,93,96,-3,3
79018,159,160,-1,1
79019,76,80,-4,4
79020,89,95,-6,6
79021,127,106,21,21
79022,76,78,-2,2
79023,101,92,9,9
79024,95,92,3,3
79025,82,80,2,2
79026,109,107,2,2
79027,108,100,8,8
79028,84,85,-1,1
79029,184,175,9,9
79030,77,74,3,3
79031,92,79,13,13
79032,57,63,-6,6
79033,104,99,5,5
79034,118,118,0,0
79035,111,102,9,9
79036,78,67,11,11
79037,122,115,7,7
79038,72,71,1,1
79039,106,92,14,14
79040,61,59,2,2
79041,106,106,0,0
79042,122,123,-1,1
79043,119,116,3,3
79044,141,123,18,18
79045,114,109,5,5
79046,124,113,11,11
79047,86,78,8,8
79048,43,57,-14,14
79049,177,175,2,2
79050,169,187,-18,18
79051,100,102,-2,2
79052,70,72,-2,2
79053,80,80,0,0
79054,82,82,0,0
79055,97,87,10,10
79056,112,102,10,10
79057,122,114,8,8
79058,62,62,0,0
79059,146,125,21,21
79060,77,85,-8,8
79061,95,96,-1,1
79062,167,147,20,20
79063,62,90,-28,28
79064,112,134,-22,22
79065,56,62,-6,6
79066,126,106,20,20
79067,127,115,12,12
79068,221,203,18,18
79069,180,166,14,14
79070,73,65,8,8
79071,53,59,-6,6
79072,82,86,-4,4
79073,58,59,-1,1
79074,78,75,3,3
79075,130,124,6,6
79076,39,38,1,1
79077,93,116,-23,23
79078,87,79,8,8
79079,82,75,7,7
79080,130,132,-2,2
79081,74,73,1,1
79082,93,87,6,6
79083,69,76,-7,7
79084,57,62,-5,5
79085,79,75,4,4
79086,120,114,6,6
79087,91,80,11,11
79088,99,107,-8,8
79089,100,92,8,8
79090,93,87,6,6
79091,78,81,-3,3
79092,82,82,0,0
79093,242,213,29,29
79094,154,148,6,6
79095,63,64,-1,1
79096,52,57,-5,5
79097,106,101,5,5
79098,87,105,-18,18
79099,106,108,-2,2
79100,36,35,1,1
79101,108,126,-18,18
79102,153,188,-35,35
79103,44,62,-18,18
79104,119,116,3,3
79105,51,52,-1,1
79106,156,137,19,19
79107,114,129,-15,15
79108,123,120,3,3
79109,149,139,10,10
79110,90,80,10,10
79111,67,71,-4,4
79112,179,173,6,6
79113,123,121,2,2
79114,88,88,0,0
79115,211,203,8,8
79116,149,138,11,11
79117,58,58,0,0
79118,85,82,3,3
79119,94,87,7,7
79120,125,129,-4,4
79121,50,56,-6,6
79122,78,72,6,6
79123,91,84,7,7
79124,166,160,6,6
79125,89,81,8,8
79126,55,66,-11,11
79127,140,132,8,8
79128,122,125,-3,3
79129,92,77,15,15
79130,59,66,-7,7
79131,112,119,-7,7
79132,97,98,-1,1
79133,109,113,-4,4
79134,121,143,-22,22
79135,75,75,0,0
79136,80,75,5,5
79137,104,102,2,2
79138,130,128,2,2
79139,148,147,1,1
79140,54,50,4,4
79141,121,108,13,13
79142,65,81,-16,16
79143,51,58,-7,7
79144,142,121,21,21
79145,40,38,2,2
79146,58,65,-7,7
79147,92,87,5,5
79148,71,74,-3,3
79149,96,91,5,5
79150,118,109,9,9
79151,54,65,-11,11
79152,91,96,-5,5
79153,70,69,1,1
79154,85,81,4,4
79155,47,55,-8,8
79156,137,134,3,3
79157,88,94,-6,6
79158,73,75,-2,2
79159,99,92,7,7
79160,68,73,-5,5
79161,174,176,-2,2
79162,119,124,-5,5
79163,84,83,1,1
79164,103,119,-16,16
79165,174,171,3,3
79166,98,92,6,6
79167,86,75,11,11
79168,101,102,-1,1
79169,88,76,12,12
79170,78,71,7,7
79171,94,88,6,6
79172,131,124,7,7
79173,104,93,11,11
79174,89,97,-8,8
79175,104,120,-16,16
79176,43,52,-9,9
79177,85,81,4,4
79178,66,70,-4,4
79179,108,116,-8,8
79180,89,102,-13,13
79181,54,61,-7,7
79182,75,75,0,0
79183,85,91,-6,6
79184,94,89,5,5
79185,58,64,-6,6
79186,191,181,10,10
79187,63,63,0,0
79188,73,69,4,4
79189,92,89,3,3
79190,125,114,11,11
79191,90,93,-3,3
79192,128,127,1,1
79193,38,45,-7,7
79194,84,76,8,8
79195,85,79,6,6
79196,147,137,10,10
79197,54,54,0,0
79198,78,78,0,0
79199,117,106,11,11
79200,78,81,-3,3
79201,83,75,8,8
79202,125,150,-25,25
79203,108,104,4,4
79204,94,92,2,2
79205,45,45,0,0
79206,120,118,2,2
79207,86,82,4,4
79208,85,83,2,2
79209,50,49,1,1
79210,89,82,7,7
79211,90,82,8,8
79212,75,73,2,2
79213,110,114,-4,4
79214,82,79,3,3
79215,140,136,4,4
79216,102,103,-1,1
79217,78,81,-3,3
79218,90,88,2,2
79219,49,52,-3,3
79220,60,63,-3,3
79221,128,143,-15,15
79222,91,96,-5,5
79223,94,90,4,4
79224,101,92,9,9
79225,90,88,2,2
79226,115,110,5,5
79227,111,94,17,17
79228,110,120,-10,10
79229,64,70,-6,6
79230,112,97,15,15
79231,88,93,-5,5
79232,108,96,12,12
79233,100,99,1,1
79234,66,67,-1,1
79235,142,123,19,19
79236,64,67,-3,3
79237,140,133,7,7
79238,124,120,4,4
79239,66,66,0,0
79240,99,89,10,10
79241,78,72,6,6
79242,103,109,-6,6
79243,121,119,2,2
79244,96,87,9,9
79245,30,36,-6,6
79246,69,64,5,5
79247,97,86,11,11
79248,81,75,6,6
79249,72,72,0,0
79250,93,83,10,10
79251,84,92,-8,8
79252,84,88,-4,4
79253,98,98,0,0
79254,57,70,-13,13
79255,81,81,0,0
79256,88,91,-3,3
79257,98,94,4,4
79258,171,160,11,11
79259,76,75,1,1
79260,126,131,-5,5
79261,90,86,4,4
79262,91,79,12,12
79263,94,82,12,12
79264,91,81,10,10
79265,122,120,2,2
79266,81,88,-7,7
79267,86,103,-17,17
79268,79,78,1,1
79269,76,84,-8,8
79270,97,104,-7,7
79271,125,149,-24,24
79272,125,128,-3,3
79273,62,64,-2,2
79274,63,69,-6,6
79275,81,81,0,0
79276,115,99,16,16
79277,162,162,0,0
79278,103,96,7,7
79279,64,68,-4,4
79280,153,137,16,16
79281,69,78,-9,9
79282,132,122,10,10
79283,76,71,5,5
79284,63,77,-14,14
79285,65,68,-3,3
79286,89,77,12,12
79287,165,138,27,27
79288,84,79,5,5
79289,89,80,9,9
79290,130,124,6,6
79291,73,67,6,6
79292,110,120,-10,10
79293,157,138,19,19
79294,82,84,-2,2
79295,100,98,2,2
79296,128,123,5,5
79297,122,120,2,2
79298,102,101,1,1
79299,102,90,12,12
79300,86,74,12,12
79301,124,125,-1,1
79302,157,146,11,11
79303,104,101,3,3
79304,94,94,0,0
79305,59,60,-1,1
79306,103,96,7,7
79307,78,72,6,6
79308,73,75,-2,2
79309,76,78,-2,2
79310,112,125,-13,13
79311,103,118,-15,15
79312,159,132,27,27
79313,42,48,-6,6
79314,83,77,6,6
79315,108,108,0,0
79316,129,120,9,9
79317,129,128,1,1
79318,145,134,11,11
79319,70,72,-2,2
79320,71,69,2,2
79321,60,63,-3,3
79322,100,94,6,6
79323,173,167,6,6
79324,156,142,14,14
79325,101,97,4,4
79326,99,99,0,0
79327,130,125,5,5
79328,68,124,-56,56
79329,138,125,13,13
79330,138,136,2,2
79331,126,124,2,2
79332,74,70,4,4
79333,75,71,4,4
79334,79,75,4,4
79335,67,71,-4,4
79336,80,121,-41,41
79337,86,76,10,10
79338,57,60,-3,3
79339,111,119,-8,8
79340,95,96,-1,1
79341,85,79,6,6
79342,88,83,5,5
79343,72,68,4,4
79344,22,75,-53,53
79345,97,83,14,14
79346,130,117,13,13
79347,55,59,-4,4
79348,95,85,10,10
79349,86,84,2,2
79350,53,56,-3,3
79351,66,67,-1,1
79352,122,130,-8,8
79353,130,129,1,1
79354,135,128,7,7
79355,47,50,-3,3
79356,65,101,-36,36
79357,46,40,6,6
79358,155,136,19,19
79359,60,65,-5,5
79360,75,78,-3,3
79361,97,86,11,11
79362,142,120,22,22
79363,57,66,-9,9
79364,80,81,-1,1
79365,44,42,2,2
79366,107,107,0,0
79367,39,57,-18,18
79368,163,163,0,0
79369,152,164,-12,12
79370,119,116,3,3
79371,98,81,17,17
79372,67,75,-8,8
79373,61,58,3,3
79374,99,98,1,1
79375,62,67,-5,5
79376,68,67,1,1
79377,72,76,-4,4
79378,83,86,-3,3
79379,103,94,9,9
79380,116,126,-10,10
79381,122,122,0,0
79382,88,90,-2,2
79383,129,122,7,7
79384,86,81,5,5
79385,82,84,-2,2
79386,83,83,0,0
79387,71,80,-9,9
79388,77,75,2,2
79389,100,104,-4,4
79390,206,195,11,11
79391,152,173,-21,21
79392,58,58,0,0
79393,141,136,5,5
79394,96,84,12,12
79395,149,128,21,21
79396,80,74,6,6
79397,48,47,1,1
79398,75,77,-2,2
79399,95,86,9,9
79400,126,129,-3,3
79401,74,74,0,0
79402,95,88,7,7
79403,59,69,-10,10
79404,164,160,4,4
79405,95,88,7,7
79406,46,59,-13,13
79407,88,83,5,5
79408,135,142,-7,7
79409,140,128,12,12
79410,103,102,1,1
79411,69,68,1,1
79412,144,129,15,15
79413,147,135,12,12
79414,105,111,-6,6
79415,154,124,30,30
79416,77,76,1,1
79417,74,77,-3,3
79418,132,123,9,9
79419,56,59,-3,3
79420,48,52,-4,4
79421,77,74,3,3
79422,20,34,-14,14
79423,94,98,-4,4
79424,66,72,-6,6
79425,72,71,1,1
79426,130,118,12,12
79427,282,250,32,32
79428,139,119,20,20
79429,99,112,-13,13
79430,67,71,-4,4
79431,72,75,-3,3
79432,96,108,-12,12
79433,76,78,-2,2
79434,119,112,7,7
79435,93,83,10,10
79436,61,68,-7,7
79437,79,72,7,7
79438,107,100,7,7
79439,152,158,-6,6
79440,85,75,10,10
79441,62,74,-12,12
79442,103,91,12,12
79443,59,58,1,1
79444,109,114,-5,5
79445,84,91,-7,7
79446,85,76,9,9
79447,77,86,-9,9
79448,182,172,10,10
79449,105,108,-3,3
79450,165,162,3,3
79451,101,96,5,5
79452,91,84,7,7
79453,93,88,5,5
79454,105,108,-3,3
79455,98,102,-4,4
79456,140,140,0,0
79457,150,138,12,12
79458,168,153,15,15
79459,155,145,10,10
79460,75,68,7,7
79461,56,57,-1,1
79462,41,55,-14,14
79463,84,80,4,4
79464,46,52,-6,6
79465,168,163,5,5
79466,148,136,12,12
79467,92,92,0,0
79468,93,87,6,6
79469,108,98,10,10
79470,52,55,-3,3
79471,100,93,7,7
79472,77,82,-5,5
79473,95,85,10,10
79474,67,68,-1,1
79475,84,72,12,12
79476,107,103,4,4
79477,80,77,3,3
79478,104,100,4,4
79479,86,83,3,3
79480,90,79,11,11
79481,70,78,-8,8
79482,125,133,-8,8
79483,68,67,1,1
79484,125,123,2,2
79485,133,131,2,2
79486,77,75,2,2
79487,70,74,-4,4
79488,182,168,14,14
79489,114,99,15,15
79490,114,111,3,3
79491,183,177,6,6
79492,57,64,-7,7
79493,111,111,0,0
79494,49,55,-6,6
79495,58,61,-3,3
79496,97,106,-9,9
79497,141,145,-4,4
79498,133,132,1,1
79499,115,101,14,14
79500,142,132,10,10
79501,53,55,-2,2
79502,69,67,2,2
79503,152,130,22,22
79504,52,50,2,2
79505,145,139,6,6
79506,90,86,4,4
79507,125,114,11,11
79508,73,66,7,7
79509,72,70,2,2
79510,69,79,-10,10
79511,146,133,13,13
79512,149,148,1,1
79513,79,78,1,1
79514,105,112,-7,7
79515,65,64,1,1
79516,139,124,15,15
79517,123,117,6,6
79518,105,83,22,22
79519,40,43,-3,3
79520,65,68,-3,3
79521,134,127,7,7
79522,123,116,7,7
79523,127,115,12,12
79524,39,69,-30,30
79525,104,112,-8,8
79526,48,51,-3,3
79527,78,83,-5,5
79528,102,99,3,3
79529,72,63,9,9
79530,130,129,1,1
79531,107,105,2,2
79532,90,89,1,1
79533,85,80,5,5
79534,103,103,0,0
79535,118,111,7,7
79536,67,77,-10,10
79537,101,84,17,17
79538,108,100,8,8
79539,134,150,-16,16
79540,83,76,7,7
79541,103,98,5,5
79542,43,63,-20,20
79543,154,137,17,17
79544,137,136,1,1
79545,133,123,10,10
79546,165,141,24,24
79547,68,71,-3,3
79548,144,139,5,5
79549,112,111,1,1
79550,96,94,2,2
79551,84,74,10,10
79552,131,114,17,17
79553,95,88,7,7
79554,166,149,17,17
79555,56,63,-7,7
79556,112,108,4,4
79557,55,57,-2,2
79558,88,84,4,4
79559,81,75,6,6
79560,79,76,3,3
79561,105,105,0,0
79562,52,57,-5,5
79563,131,124,7,7
79564,101,101,0,0
79565,98,82,16,16
79566,60,58,2,2
79567,66,70,-4,4
79568,85,76,9,9
79569,81,76,5,5
79570,117,122,-5,5
79571,61,60,1,1
79572,74,76,-2,2
79573,64,69,-5,5
79574,61,63,-2,2
79575,106,102,4,4
79576,82,80,2,2
79577,68,84,-16,16
79578,100,103,-3,3
79579,111,94,17,17
79580,73,79,-6,6
79581,110,107,3,3
79582,110,114,-4,4
79583,150,142,8,8
79584,119,120,-1,1
79585,140,137,3,3
79586,107,101,6,6
79587,31,44,-13,13
79588,111,105,6,6
79589,93,95,-2,2
79590,73,75,-2,2
79591,75,79,-4,4
79592,106,119,-13,13
79593,46,55,-9,9
79594,169,159,10,10
79595,128,122,6,6
79596,189,184,5,5
79597,119,115,4,4
79598,61,55,6,6
79599,109,108,1,1
79600,129,117,12,12
79601,118,121,-3,3
79602,91,88,3,3
79603,95,92,3,3
79604,106,88,18,18
79605,188,176,12,12
79606,78,78,0,0
79607,59,73,-14,14
79608,66,64,2,2
79609,62,66,-4,4
79610,137,132,5,5
79611,82,81,1,1
79612,115,119,-4,4
79613,102,113,-11,11
79614,50,82,-32,32
79615,119,116,3,3
79616,159,159,0,0
79617,146,144,2,2
79618,62,62,0,0
79619,72,67,5,5
79620,82,80,2,2
79621,64,64,0,0
79622,74,75,-1,1
79623,104,92,12,12
79624,169,131,38,38
79625,86,87,-1,1
79626,178,185,-7,7
79627,83,78,5,5
79628,115,115,0,0
79629,124,124,0,0
79630,123,148,-25,25
79631,90,88,2,2
79632,51,53,-2,2
79633,99,92,7,7
79634,99,121,-22,22
79635,108,94,14,14
79636,124,108,16,16
79637,144,143,1,1
79638,128,134,-6,6
79639,70,71,-1,1
79640,74,79,-5,5
79641,134,135,-1,1
79642,119,123,-4,4
79643,41,46,-5,5
79644,101,106,-5,5
79645,149,136,13,13
79646,121,111,10,10
79647,56,53,3,3
79648,108,102,6,6
79649,72,77,-5,5
79650,98,87,11,11
79651,67,66,1,1
79652,69,70,-1,1
79653,89,84,5,5
79654,122,132,-10,10
79655,75,75,0,0
79656,80,82,-2,2
79657,184,183,1,1
79658,80,78,2,2
79659,136,131,5,5
79660,85,83,2,2
79661,86,81,5,5
79662,99,103,-4,4
79663,161,160,1,1
79664,106,113,-7,7
79665,86,84,2,2
79666,160,148,12,12
79667,140,145,-5,5
79668,157,158,-1,1
79669,121,121,0,0
79670,61,69,-8,8
79671,108,104,4,4
79672,110,106,4,4
79673,101,94,7,7
79674,85,83,2,2
79675,125,121,4,4
79676,67,68,-1,1
79677,64,66,-2,2
79678,47,65,-18,18
79679,111,118,-7,7
79680,45,52,-7,7
79681,79,68,11,11
79682,102,95,7,7
79683,99,82,17,17
79684,121,117,4,4
79685,75,82,-7,7
79686,172,165,7,7
79687,67,71,-4,4
79688,111,100,11,11
79689,119,126,-7,7
79690,134,121,13,13
79691,139,131,8,8
79692,67,70,-3,3
79693,100,121,-21,21
79694,64,69,-5,5
79695,105,104,1,1
79696,106,102,4,4
79697,41,41,0,0
79698,122,116,6,6
79699,96,98,-2,2
79700,74,75,-1,1
79701,97,88,9,9
79702,106,101,5,5
79703,58,55,3,3
79704,61,62,-1,1
79705,72,69,3,3
79706,97,97,0,0
79707,104,104,0,0
79708,90,88,2,2
79709,190,177,13,13
79710,113,122,-9,9
79711,72,93,-21,21
79712,102,94,8,8
79713,143,119,24,24
79714,71,71,0,0
79715,80,83,-3,3
79716,45,44,1,1
79717,57,61,-4,4
79718,109,106,3,3
79719,80,78,2,2
79720,54,58,-4,4
79721,75,79,-4,4
79722,80,82,-2,2
79723,73,74,-1,1
79724,216,195,21,21
79725,73,78,-5,5
79726,124,121,3,3
79727,160,127,33,33
79728,140,132,8,8
79729,136,128,8,8
79730,68,64,4,4
79731,91,87,4,4
79732,69,60,9,9
79733,93,101,-8,8
79734,103,98,5,5
79735,93,90,3,3
79736,53,62,-9,9
79737,116,111,5,5
79738,57,69,-12,12
79739,89,85,4,4
79740,58,57,1,1
79741,136,137,-1,1
79742,95,96,-1,1
79743,59,68,-9,9
79744,169,154,15,15
79745,105,106,-1,1
79746,119,105,14,14
79747,89,84,5,5
79748,132,121,11,11
79749,81,74,7,7
79750,52,45,7,7
79751,139,117,22,22
79752,60,61,-1,1
79753,128,120,8,8
79754,54,51,3,3
79755,123,122,1,1
79756,99,96,3,3
79757,36,41,-5,5
79758,40,44,-4,4
79759,114,112,2,2
79760,89,78,11,11
79761,68,71,-3,3
79762,96,87,9,9
79763,120,115,5,5
79764,85,83,2,2
79765,67,65,2,2
79766,90,87,3,3
79767,59,58,1,1
79768,86,78,8,8
79769,187,176,11,11
79770,117,109,8,8
79771,50,62,-12,12
79772,90,83,7,7
79773,92,85,7,7
79774,57,63,-6,6
79775,55,56,-1,1
79776,51,61,-10,10
79777,84,83,1,1
79778,110,110,0,0
79779,52,68,-16,16
79780,56,68,-12,12
79781,82,80,2,2
79782,141,139,2,2
79783,104,99,5,5
79784,113,118,-5,5
79785,119,110,9,9
79786,124,120,4,4
79787,79,78,1,1
79788,99,89,10,10
79789,133,118,15,15
79790,53,54,-1,1
79791,88,85,3,3
79792,58,58,0,0
79793,90,90,0,0
79794,89,96,-7,7
79795,91,99,-8,8
79796,110,106,4,4
79797,77,77,0,0
79798,71,72,-1,1
79799,77,79,-2,2
79800,115,119,-4,4
79801,62,73,-11,11
79802,167,164,3,3
79803,105,108,-3,3
79804,100,93,7,7
79805,100,105,-5,5
79806,111,116,-5,5
79807,92,85,7,7
79808,162,157,5,5
79809,109,110,-1,1
79810,164,156,8,8
79811,63,57,6,6
79812,67,72,-5,5
79813,158,162,-4,4
79814,82,80,2,2
79815,65,61,4,4
79816,118,107,11,11
79817,87,92,-5,5
79818,159,157,2,2
79819,122,111,11,11
79820,102,101,1,1
79821,63,67,-4,4
79822,94,91,3,3
79823,100,101,-1,1
79824,87,73,14,14
79825,98,88,10,10
79826,79,74,5,5
79827,104,95,9,9
79828,115,106,9,9
79829,118,136,-18,18
79830,82,80,2,2
79831,130,119,11,11
79832,98,102,-4,4
79833,141,143,-2,2
79834,197,179,18,18
79835,141,140,1,1
79836,91,90,1,1
79837,80,76,4,4
79838,104,91,13,13
79839,171,162,9,9
79840,292,240,52,52
79841,113,116,-3,3
79842,111,104,7,7
79843,116,114,2,2
79844,66,63,3,3
79845,146,141,5,5
79846,62,63,-1,1
79847,105,100,5,5
79848,66,67,-1,1
79849,59,59,0,0
79850,74,77,-3,3
79851,91,81,10,10
79852,117,112,5,5
79853,101,104,-3,3
79854,167,172,-5,5
79855,69,68,1,1
79856,120,118,2,2
79857,119,112,7,7
79858,130,119,11,11
79859,69,68,1,1
79860,97,101,-4,4
79861,76,78,-2,2
79862,183,175,8,8
79863,65,74,-9,9
79864,155,142,13,13
79865,80,75,5,5
79866,107,109,-2,2
79867,46,63,-17,17
79868,95,87,8,8
79869,72,75,-3,3
79870,74,79,-5,5
79871,73,72,1,1
79872,66,65,1,1
79873,76,78,-2,2
79874,75,78,-3,3
79875,36,61,-25,25
79876,82,81,1,1
79877,150,138,12,12
79878,88,92,-4,4
79879,40,43,-3,3
79880,82,81,1,1
79881,166,157,9,9
79882,113,110,3,3
79883,120,123,-3,3
79884,136,129,7,7
79885,53,61,-8,8
79886,233,216,17,17
79887,78,74,4,4
79888,112,106,6,6
79889,103,113,-10,10
79890,100,93,7,7
79891,86,88,-2,2
79892,69,73,-4,4
79893,109,107,2,2
79894,105,100,5,5
79895,51,87,-36,36
79896,99,108,-9,9
79897,138,140,-2,2
79898,42,91,-49,49
79899,87,81,6,6
79900,141,136,5,5
79901,75,84,-9,9
79902,96,89,7,7
79903,56,59,-3,3
79904,122,115,7,7
79905,65,66,-1,1
79906,113,100,13,13
79907,67,64,3,3
79908,83,80,3,3
79909,91,78,13,13
79910,136,137,-1,1
79911,85,76,9,9
79912,66,69,-3,3
79913,79,63,16,16
79914,73,67,6,6
79915,106,102,4,4
79916,76,73,3,3
79917,149,138,11,11
79918,38,51,-13,13
79919,108,101,7,7
79920,91,91,0,0
79921,105,102,3,3
79922,85,86,-1,1
79923,62,74,-12,12
79924,117,132,-15,15
79925,62,69,-7,7
79926,115,105,10,10
79927,85,71,14,14
79928,150,152,-2,2
79929,132,142,-10,10
79930,74,77,-3,3
79931,44,67,-23,23
79932,152,153,-1,1
79933,142,145,-3,3
79934,106,109,-3,3
79935,97,100,-3,3
79936,97,87,10,10
79937,53,63,-10,10
79938,116,118,-2,2
79939,141,136,5,5
79940,109,108,1,1
79941,90,84,6,6
79942,111,111,0,0
79943,186,186,0,0
79944,133,127,6,6
79945,83,75,8,8
79946,69,79,-10,10
79947,73,76,-3,3
79948,154,138,16,16
79949,93,103,-10,10
79950,87,83,4,4
79951,126,125,1,1
79952,91,90,1,1
79953,79,79,0,0
79954,82,84,-2,2
79955,112,88,24,24
79956,72,66,6,6
79957,179,176,3,3
79958,67,73,-6,6
79959,61,78,-17,17
79960,134,124,10,10
79961,129,118,11,11
79962,79,75,4,4
79963,95,95,0,0
79964,147,137,10,10
79965,86,89,-3,3
79966,64,69,-5,5
79967,73,75,-2,2
79968,60,64,-4,4
79969,122,125,-3,3
79970,91,94,-3,3
79971,78,87,-9,9
79972,69,75,-6,6
79973,64,85,-21,21
79974,120,112,8,8
79975,101,100,1,1
79976,51,52,-1,1
79977,80,83,-3,3
79978,100,133,-33,33
79979,104,104,0,0
79980,69,76,-7,7
79981,94,90,4,4
79982,110,119,-9,9
79983,157,156,1,1
79984,56,62,-6,6
79985,118,118,0,0
79986,29,19,10,10
79987,110,136,-26,26
79988,102,102,0,0
79989,78,77,1,1
79990,116,126,-10,10
79991,129,128,1,1
79992,124,132,-8,8
79993,69,83,-14,14
79994,94,95,-1,1
79995,105,96,9,9
79996,127,140,-13,13
79997,99,98,1,1
79998,106,94,12,12
79999,45,42,3,3
80000,73,72,1,1
80001,57,55,2,2
80002,71,71,0,0
80003,84,84,0,0
80004,91,89,2,2
80005,93,92,1,1
80006,75,78,-3,3
80007,98,88,10,10
80008,76,73,3,3
80009,87,84,3,3
80010,100,105,-5,5
80011,101,95,6,6
80012,63,73,-10,10
80013,94,84,10,10
80014,58,63,-5,5
80015,77,67,10,10
80016,136,123,13,13
80017,86,85,1,1
80018,109,101,8,8
80019,77,76,1,1
80020,146,136,10,10
80021,128,126,2,2
80022,164,157,7,7
80023,71,73,-2,2
80024,147,149,-2,2
80025,96,88,8,8
80026,65,64,1,1
80027,95,90,5,5
80028,84,83,1,1
80029,104,99,5,5
80030,75,76,-1,1
80031,168,162,6,6
80032,200,180,20,20
80033,153,159,-6,6
80034,171,171,0,0
80035,111,119,-8,8
80036,65,75,-10,10
80037,85,94,-9,9
80038,98,83,15,15
80039,111,110,1,1
80040,112,109,3,3
80041,113,106,7,7
80042,148,131,17,17
80043,115,114,1,1
80044,63,70,-7,7
80045,95,85,10,10
80046,98,98,0,0
80047,117,118,-1,1
80048,144,134,10,10
80049,115,122,-7,7
80050,124,117,7,7
80051,115,118,-3,3
80052,93,97,-4,4
80053,83,84,-1,1
80054,83,81,2,2
80055,106,105,1,1
80056,104,102,2,2
80057,149,166,-17,17
80058,94,99,-5,5
80059,61,63,-2,2
80060,63,74,-11,11
80061,98,100,-2,2
80062,70,76,-6,6
80063,96,100,-4,4
80064,89,83,6,6
80065,120,138,-18,18
80066,85,75,10,10
80067,159,133,26,26
80068,144,141,3,3
80069,63,67,-4,4
80070,102,101,1,1
80071,119,107,12,12
80072,106,108,-2,2
80073,88,75,13,13
80074,54,57,-3,3
80075,58,61,-3,3
80076,130,121,9,9
80077,168,152,16,16
80078,73,71,2,2
80079,133,134,-1,1
80080,98,101,-3,3
80081,86,79,7,7
80082,81,81,0,0
80083,83,81,2,2
80084,59,65,-6,6
80085,43,48,-5,5
80086,80,80,0,0
80087,73,77,-4,4
80088,86,85,1,1
80089,89,112,-23,23
80090,77,77,0,0
80091,59,54,5,5
80092,64,97,-33,33
80093,82,75,7,7
80094,47,49,-2,2
80095,99,80,19,19
80096,104,102,2,2
80097,62,68,-6,6
80098,70,76,-6,6
80099,65,69,-4,4
80100,79,76,3,3
80101,86,84,2,2
80102,105,100,5,5
80103,91,93,-2,2
80104,117,104,13,13
80105,43,46,-3,3
80106,171,160,11,11
80107,115,111,4,4
80108,111,113,-2,2
80109,73,74,-1,1
80110,118,111,7,7
80111,84,79,5,5
80112,96,100,-4,4
80113,115,115,0,0
80114,172,162,10,10
80115,138,131,7,7
80116,130,119,11,11
80117,142,134,8,8
80118,92,91,1,1
80119,71,69,2,2
80120,42,44,-2,2
80121,93,85,8,8
80122,116,103,13,13
80123,90,78,12,12
80124,74,76,-2,2
80125,56,63,-7,7
80126,139,122,17,17
80127,76,83,-7,7
80128,97,101,-4,4
80129,88,89,-1,1
80130,70,70,0,0
80131,148,140,8,8
80132,70,69,1,1
80133,112,111,1,1
80134,81,68,13,13
80135,52,57,-5,5
80136,95,99,-4,4
80137,80,80,0,0
80138,46,51,-5,5
80139,50,52,-2,2
80140,129,125,4,4
80141,90,87,3,3
80142,132,113,19,19
80143,143,136,7,7
80144,130,146,-16,16
80145,147,136,11,11
80146,103,96,7,7
80147,61,56,5,5
80148,88,93,-5,5
80149,158,149,9,9
80150,50,57,-7,7
80151,115,114,1,1
80152,86,94,-8,8
80153,95,87,8,8
80154,135,140,-5,5
80155,84,85,-1,1
80156,116,130,-14,14
80157,31,38,-7,7
80158,86,85,1,1
80159,87,77,10,10
80160,99,88,11,11
80161,61,68,-7,7
80162,66,65,1,1
80163,99,97,2,2
80164,83,72,11,11
80165,63,66,-3,3
80166,85,75,10,10
80167,90,89,1,1
80168,114,109,5,5
80169,77,76,1,1
80170,74,79,-5,5
80171,85,81,4,4
80172,49,85,-36,36
80173,29,36,-7,7
80174,77,69,8,8
80175,70,69,1,1
80176,72,77,-5,5
80177,67,86,-19,19
80178,73,74,-1,1
80179,112,102,10,10
80180,153,154,-1,1
80181,120,118,2,2
80182,96,95,1,1
80183,104,101,3,3
80184,74,75,-1,1
80185,50,55,-5,5
80186,74,72,2,2
80187,91,84,7,7
80188,100,100,0,0
80189,45,57,-12,12
80190,96,100,-4,4
80191,57,57,0,0
80192,117,109,8,8
80193,116,117,-1,1
80194,117,118,-1,1
80195,85,90,-5,5
80196,90,90,0,0
80197,120,103,17,17
80198,63,70,-7,7
80199,131,146,-15,15
80200,55,59,-4,4
80201,159,163,-4,4
80202,95,84,11,11
80203,91,88,3,3
80204,52,54,-2,2
80205,73,70,3,3
80206,107,100,7,7
80207,73,78,-5,5
80208,144,132,12,12
80209,101,107,-6,6
80210,84,76,8,8
80211,72,78,-6,6
80212,100,113,-13,13
80213,57,60,-3,3
80214,89,82,7,7
80215,85,80,5,5
80216,136,132,4,4
80217,104,105,-1,1
80218,180,167,13,13
80219,88,82,6,6
80220,81,88,-7,7
80221,98,93,5,5
80222,63,59,4,4
80223,81,88,-7,7
80224,132,139,-7,7
80225,139,137,2,2
80226,156,141,15,15
80227,94,92,2,2
80228,113,116,-3,3
80229,155,172,-17,17
80230,106,94,12,12
80231,71,71,0,0
80232,98,103,-5,5
80233,48,132,-84,84
80234,54,55,-1,1
80235,86,79,7,7
80236,103,102,1,1
80237,148,135,13,13
80238,73,69,4,4
80239,135,139,-4,4
80240,93,88,5,5
80241,137,137,0,0
80242,82,77,5,5
80243,78,74,4,4
80244,95,97,-2,2
80245,74,73,1,1
80246,95,91,4,4
80247,64,67,-3,3
80248,100,104,-4,4
80249,95,99,-4,4
80250,28,38,-10,10
80251,38,41,-3,3
80252,92,86,6,6
80253,134,134,0,0
80254,68,71,-3,3
80255,117,111,6,6
80256,118,109,9,9
80257,79,75,4,4
80258,61,65,-4,4
80259,132,120,12,12
80260,98,106,-8,8
80261,70,74,-4,4
80262,117,110,7,7
80263,61,58,3,3
80264,69,70,-1,1
80265,76,68,8,8
80266,56,62,-6,6
80267,108,102,6,6
80268,70,68,2,2
80269,53,55,-2,2
80270,94,94,0,0
80271,158,154,4,4
80272,146,139,7,7
80273,94,97,-3,3
80274,48,50,-2,2
80275,85,88,-3,3
80276,117,103,14,14
80277,119,107,12,12
80278,72,77,-5,5
80279,103,100,3,3
80280,85,80,5,5
80281,121,107,14,14
80282,66,75,-9,9
80283,177,189,-12,12
80284,85,79,6,6
80285,151,154,-3,3
80286,57,57,0,0
80287,83,71,12,12
80288,68,66,2,2
80289,118,119,-1,1
80290,70,68,2,2
80291,30,52,-22,22
80292,94,103,-9,9
80293,68,71,-3,3
80294,153,156,-3,3
80295,81,76,5,5
80296,106,102,4,4
80297,93,83,10,10
80298,152,152,0,0
80299,117,118,-1,1
80300,121,115,6,6
80301,104,108,-4,4
80302,130,119,11,11
80303,113,107,6,6
80304,108,100,8,8
80305,110,101,9,9
80306,76,86,-10,10
80307,119,116,3,3
80308,79,70,9,9
80309,96,93,3,3
80310,74,95,-21,21
80311,71,68,3,3
80312,79,71,8,8
80313,62,69,-7,7
80314,67,70,-3,3
80315,149,128,21,21
80316,70,72,-2,2
80317,87,84,3,3
80318,302,266,36,36
80319,51,57,-6,6
80320,73,71,2,2
80321,47,49,-2,2
80322,138,125,13,13
80323,155,146,9,9
80324,67,75,-8,8
80325,118,122,-4,4
80326,73,72,1,1
80327,67,70,-3,3
80328,43,59,-16,16
80329,101,106,-5,5
80330,89,82,7,7
80331,67,72,-5,5
80332,148,145,3,3
80333,131,126,5,5
80334,73,65,8,8
80335,135,139,-4,4
80336,71,77,-6,6
80337,71,70,1,1
80338,108,93,15,15
80339,131,121,10,10
80340,115,126,-11,11
80341,56,60,-4,4
80342,84,79,5,5
80343,92,98,-6,6
80344,38,39,-1,1
80345,134,118,16,16
80346,75,77,-2,2
80347,124,110,14,14
80348,126,125,1,1
80349,103,115,-12,12
80350,57,57,0,0
80351,82,87,-5,5
80352,113,113,0,0
80353,103,115,-12,12
80354,119,103,16,16
80355,259,273,-14,14
80356,87,83,4,4
80357,180,150,30,30
80358,84,94,-10,10
80359,110,118,-8,8
80360,116,105,11,11
80361,114,117,-3,3
80362,124,131,-7,7
80363,92,82,10,10
80364,86,91,-5,5
80365,85,85,0,0
80366,65,65,0,0
80367,73,72,1,1
80368,72,73,-1,1
80369,108,109,-1,1
80370,47,45,2,2
80371,96,96,0,0
80372,66,73,-7,7
80373,70,77,-7,7
80374,134,126,8,8
80375,47,55,-8,8
80376,50,57,-7,7
80377,69,76,-7,7
80378,82,83,-1,1
80379,103,99,4,4
80380,79,77,2,2
80381,82,82,0,0
80382,77,84,-7,7
80383,77,80,-3,3
80384,99,95,4,4
80385,99,100,-1,1
80386,156,165,-9,9
80387,82,75,7,7
80388,123,113,10,10
80389,75,70,5,5
80390,47,54,-7,7
80391,32,35,-3,3
80392,72,77,-5,5
80393,92,88,4,4
80394,128,105,23,23
80395,100,103,-3,3
80396,78,83,-5,5
80397,141,132,9,9
80398,361,268,93,93
80399,142,130,12,12
80400,28,61,-33,33
80401,53,55,-2,2
80402,80,80,0,0
80403,81,81,0,0
80404,181,155,26,26
80405,55,61,-6,6
80406,81,78,3,3
80407,58,63,-5,5
80408,28,30,-2,2
80409,76,80,-4,4
80410,77,82,-5,5
80411,125,120,5,5
80412,89,98,-9,9
80413,91,88,3,3
80414,103,107,-4,4
80415,97,95,2,2
80416,90,79,11,11
80417,69,72,-3,3
80418,140,137,3,3
80419,59,56,3,3
80420,140,137,3,3
80421,119,120,-1,1
80422,86,89,-3,3
80423,71,72,-1,1
80424,179,170,9,9
80425,119,103,16,16
80426,115,105,10,10
80427,61,68,-7,7
80428,160,161,-1,1
80429,127,128,-1,1
80430,186,189,-3,3
80431,95,98,-3,3
80432,73,79,-6,6
80433,86,82,4,4
80434,64,69,-5,5
80435,164,154,10,10
80436,80,76,4,4
80437,107,128,-21,21
80438,138,129,9,9
80439,95,92,3,3
80440,161,147,14,14
80441,81,77,4,4
80442,118,116,2,2
80443,102,100,2,2
80444,79,78,1,1
80445,83,80,3,3
80446,96,81,15,15
80447,99,101,-2,2
80448,101,98,3,3
80449,73,74,-1,1
80450,151,143,8,8
80451,86,90,-4,4
80452,107,99,8,8
80453,102,92,10,10
80454,87,83,4,4
80455,110,103,7,7
80456,75,85,-10,10
80457,68,90,-22,22
80458,88,89,-1,1
80459,84,82,2,2
80460,81,76,5,5
80461,78,78,0,0
80462,73,73,0,0
80463,103,93,10,10
80464,175,162,13,13
80465,122,118,4,4
80466,106,102,4,4
80467,53,49,4,4
80468,120,117,3,3
80469,135,133,2,2
80470,96,92,4,4
80471,69,71,-2,2
80472,86,86,0,0
80473,94,98,-4,4
80474,46,51,-5,5
80475,93,90,3,3
80476,111,113,-2,2
80477,54,57,-3,3
80478,63,63,0,0
80479,59,66,-7,7
80480,61,65,-4,4
80481,68,77,-9,9
80482,140,122,18,18
80483,79,73,6,6
80484,148,152,-4,4
80485,114,112,2,2
80486,77,81,-4,4
80487,95,84,11,11
80488,53,51,2,2
80489,102,105,-3,3
80490,150,154,-4,4
80491,142,122,20,20
80492,123,129,-6,6
80493,85,79,6,6
80494,86,76,10,10
80495,106,96,10,10
80496,123,115,8,8
80497,99,94,5,5
80498,78,71,7,7
80499,74,70,4,4
80500,83,77,6,6
80501,68,98,-30,30
80502,100,103,-3,3
80503,71,63,8,8
80504,85,71,14,14
80505,105,100,5,5
80506,132,128,4,4
80507,109,95,14,14
80508,95,89,6,6
80509,101,95,6,6
80510,49,57,-8,8
80511,37,41,-4,4
80512,80,85,-5,5
80513,66,56,10,10
80514,70,73,-3,3
80515,93,83,10,10
80516,54,61,-7,7
80517,99,106,-7,7
80518,100,97,3,3
80519,143,139,4,4
80520,67,63,4,4
80521,69,70,-1,1
80522,72,87,-15,15
80523,88,91,-3,3
80524,116,91,25,25
80525,103,104,-1,1
80526,129,130,-1,1
80527,112,108,4,4
80528,47,50,-3,3
80529,80,77,3,3
80530,87,81,6,6
80531,102,105,-3,3
80532,111,110,1,1
80533,113,117,-4,4
80534,85,79,6,6
80535,57,64,-7,7
80536,110,103,7,7
80537,91,89,2,2
80538,127,121,6,6
80539,71,68,3,3
80540,110,101,9,9
80541,143,139,4,4
80542,90,89,1,1
80543,122,109,13,13
80544,124,113,11,11
80545,53,55,-2,2
80546,77,80,-3,3
80547,35,35,0,0
80548,63,75,-12,12
80549,115,108,7,7
80550,128,125,3,3
80551,99,99,0,0
80552,90,96,-6,6
80553,80,75,5,5
80554,98,95,3,3
80555,95,90,5,5
80556,138,136,2,2
80557,84,81,3,3
80558,129,133,-4,4
80559,101,88,13,13
80560,109,95,14,14
80561,142,140,2,2
80562,72,59,13,13
80563,110,107,3,3
80564,52,51,1,1
80565,66,81,-15,15
80566,69,70,-1,1
80567,79,75,4,4
80568,69,73,-4,4
80569,97,94,3,3
80570,96,88,8,8
80571,105,98,7,7
80572,144,135,9,9
80573,129,120,9,9
80574,75,78,-3,3
80575,111,102,9,9
80576,149,144,5,5
80577,110,107,3,3
80578,73,73,0,0
80579,58,63,-5,5
80580,47,48,-1,1
80581,82,89,-7,7
80582,70,69,1,1
80583,124,107,17,17
80584,78,78,0,0
80585,136,125,11,11
80586,147,154,-7,7
80587,84,99,-15,15
80588,121,114,7,7
80589,63,60,3,3
80590,94,91,3,3
80591,125,129,-4,4
80592,82,86,-4,4
80593,158,139,19,19
80594,67,69,-2,2
80595,61,68,-7,7
80596,119,116,3,3
80597,65,70,-5,5
80598,86,87,-1,1
80599,98,81,17,17
80600,143,139,4,4
80601,105,105,0,0
80602,113,126,-13,13
80603,77,73,4,4
80604,107,112,-5,5
80605,58,65,-7,7
80606,145,140,5,5
80607,52,68,-16,16
80608,109,100,9,9
80609,71,72,-1,1
80610,64,70,-6,6
80611,129,119,10,10
80612,83,86,-3,3
80613,40,60,-20,20
80614,102,107,-5,5
80615,65,64,1,1
80616,100,84,16,16
80617,131,125,6,6
80618,90,83,7,7
80619,92,96,-4,4
80620,67,78,-11,11
80621,121,116,5,5
80622,126,113,13,13
80623,93,94,-1,1
80624,157,151,6,6
80625,89,84,5,5
80626,53,59,-6,6
80627,96,89,7,7
80628,111,102,9,9
80629,121,116,5,5
80630,67,78,-11,11
80631,59,59,0,0
80632,88,86,2,2
80633,71,81,-10,10
80634,57,60,-3,3
80635,118,112,6,6
80636,78,72,6,6
80637,118,113,5,5
80638,85,82,3,3
80639,102,101,1,1
80640,69,76,-7,7
80641,179,182,-3,3
80642,94,108,-14,14
80643,100,99,1,1
80644,91,82,9,9
80645,139,146,-7,7
80646,77,81,-4,4
80647,64,66,-2,2
80648,64,64,0,0
80649,137,134,3,3
80650,113,113,0,0
80651,93,83,10,10
80652,100,103,-3,3
80653,88,83,5,5
80654,87,82,5,5
80655,144,136,8,8
80656,41,52,-11,11
80657,51,61,-10,10
80658,78,75,3,3
80659,72,70,2,2
80660,66,68,-2,2
80661,58,67,-9,9
80662,123,124,-1,1
80663,90,82,8,8
80664,56,54,2,2
80665,98,83,15,15
80666,91,85,6,6
80667,126,117,9,9
80668,68,56,12,12
80669,117,106,11,11
80670,46,51,-5,5
80671,71,74,-3,3
80672,111,103,8,8
80673,89,82,7,7
80674,58,64,-6,6
80675,104,102,2,2
80676,110,101,9,9
80677,101,99,2,2
80678,203,220,-17,17
80679,90,90,0,0
80680,82,78,4,4
80681,133,119,14,14
80682,67,65,2,2
80683,75,75,0,0
80684,90,85,5,5
80685,91,81,10,10
80686,91,91,0,0
80687,67,64,3,3
80688,122,117,5,5
80689,59,63,-4,4
80690,40,42,-2,2
80691,104,97,7,7
80692,118,120,-2,2
80693,92,81,11,11
80694,157,165,-8,8
80695,65,69,-4,4
80696,60,65,-5,5
80697,100,95,5,5
80698,31,33,-2,2
80699,94,86,8,8
80700,45,48,-3,3
80701,109,100,9,9
80702,85,75,10,10
80703,86,91,-5,5
80704,185,172,13,13
80705,97,90,7,7
80706,69,62,7,7
80707,194,186,8,8
80708,63,77,-14,14
80709,141,138,3,3
80710,87,73,14,14
80711,131,124,7,7
80712,152,139,13,13
80713,96,90,6,6
80714,111,108,3,3
80715,92,83,9,9
80716,108,100,8,8
80717,83,77,6,6
80718,52,58,-6,6
80719,103,102,1,1
80720,189,177,12,12
80721,80,68,12,12
80722,149,138,11,11
80723,146,130,16,16
80724,66,65,1,1
80725,38,43,-5,5
80726,124,131,-7,7
80727,55,61,-6,6
80728,141,122,19,19
80729,83,117,-34,34
80730,144,147,-3,3
80731,127,131,-4,4
80732,80,70,10,10
80733,125,119,6,6
80734,115,108,7,7
80735,79,77,2,2
80736,73,75,-2,2
80737,92,71,21,21
80738,84,84,0,0
80739,103,102,1,1
80740,104,111,-7,7
80741,101,103,-2,2
80742,92,97,-5,5
80743,169,152,17,17
80744,53,56,-3,3
80745,114,102,12,12
80746,138,139,-1,1
80747,86,80,6,6
80748,85,82,3,3
80749,147,143,4,4
80750,58,67,-9,9
80751,128,125,3,3
80752,65,68,-3,3
80753,89,84,5,5
80754,95,97,-2,2
80755,84,80,4,4
80756,115,104,11,11
80757,142,133,9,9
80758,120,112,8,8
80759,102,98,4,4
80760,121,140,-19,19
80761,48,56,-8,8
80762,127,105,22,22
80763,76,70,6,6
80764,133,122,11,11
80765,108,101,7,7
80766,67,67,0,0
80767,33,37,-4,4
80768,148,132,16,16
80769,115,102,13,13
80770,68,101,-33,33
80771,132,141,-9,9
80772,167,154,13,13
80773,145,151,-6,6
80774,126,124,2,2
80775,72,65,7,7
80776,108,112,-4,4
80777,75,81,-6,6
80778,66,73,-7,7
80779,72,67,5,5
80780,99,90,9,9
80781,67,67,0,0
80782,113,111,2,2
80783,108,99,9,9
80784,94,90,4,4
80785,57,65,-8,8
80786,97,86,11,11
80787,64,69,-5,5
80788,127,127,0,0
80789,90,81,9,9
80790,185,181,4,4
80791,110,98,12,12
80792,59,66,-7,7
80793,119,107,12,12
80794,88,98,-10,10
80795,196,183,13,13
80796,95,95,0,0
80797,69,77,-8,8
80798,159,165,-6,6
80799,66,90,-24,24
80800,100,87,13,13
80801,90,95,-5,5
80802,71,69,2,2
80803,63,64,-1,1
80804,104,91,13,13
80805,64,72,-8,8
80806,67,77,-10,10
80807,71,74,-3,3
80808,155,144,11,11
80809,89,79,10,10
80810,128,121,7,7
80811,95,99,-4,4
80812,51,53,-2,2
80813,118,112,6,6
80814,102,100,2,2
80815,124,123,1,1
80816,68,72,-4,4
80817,50,52,-2,2
80818,86,87,-1,1
80819,89,87,2,2
80820,113,99,14,14
80821,126,121,5,5
80822,64,77,-13,13
80823,120,119,1,1
80824,62,67,-5,5
80825,73,85,-12,12
80826,145,138,7,7
80827,63,63,0,0
80828,80,86,-6,6
80829,82,80,2,2
80830,41,40,1,1
80831,93,94,-1,1
80832,107,103,4,4
80833,60,61,-1,1
80834,93,86,7,7
80835,97,94,3,3
80836,90,87,3,3
80837,111,117,-6,6
80838,57,58,-1,1
80839,75,71,4,4
80840,54,62,-8,8
80841,55,72,-17,17
80842,84,84,0,0
80843,95,92,3,3
80844,101,87,14,14
80845,91,86,5,5
80846,65,65,0,0
80847,59,62,-3,3
80848,112,106,6,6
80849,164,162,2,2
80850,61,67,-6,6
80851,75,77,-2,2
80852,149,140,9,9
80853,152,139,13,13
80854,65,70,-5,5
80855,90,85,5,5
80856,96,98,-2,2
80857,105,101,4,4
80858,75,84,-9,9
80859,61,64,-3,3
80860,102,97,5,5
80861,96,85,11,11
80862,96,83,13,13
80863,89,82,7,7
80864,100,95,5,5
80865,96,86,10,10
80866,57,60,-3,3
80867,67,74,-7,7
80868,148,143,5,5
80869,108,102,6,6
80870,50,51,-1,1
80871,151,140,11,11
80872,72,80,-8,8
80873,55,63,-8,8
80874,166,141,25,25
80875,75,78,-3,3
80876,154,137,17,17
80877,71,76,-5,5
80878,77,78,-1,1
80879,72,66,6,6
80880,79,78,1,1
80881,166,154,12,12
80882,72,75,-3,3
80883,91,85,6,6
80884,80,81,-1,1
80885,111,87,24,24
80886,81,89,-8,8
80887,74,77,-3,3
80888,129,122,7,7
80889,120,109,11,11
80890,79,75,4,4
80891,95,83,12,12
80892,82,84,-2,2
80893,124,115,9,9
80894,73,70,3,3
80895,328,403,-75,75
80896,95,85,10,10
80897,90,82,8,8
80898,105,103,2,2
80899,131,127,4,4
80900,96,90,6,6
80901,64,52,12,12
80902,129,107,22,22
80903,84,74,10,10
80904,126,119,7,7
80905,132,124,8,8
80906,108,109,-1,1
80907,74,73,1,1
80908,122,116,6,6
80909,96,108,-12,12
80910,172,180,-8,8
80911,150,136,14,14
80912,82,80,2,2
80913,119,120,-1,1
80914,42,47,-5,5
80915,125,113,12,12
80916,47,45,2,2
80917,78,71,7,7
80918,51,55,-4,4
80919,56,63,-7,7
80920,100,106,-6,6
80921,105,100,5,5
80922,241,195,46,46
80923,148,135,13,13
80924,49,50,-1,1
80925,116,111,5,5
80926,45,39,6,6
80927,89,80,9,9
80928,83,87,-4,4
80929,106,106,0,0
80930,84,98,-14,14
80931,82,76,6,6
80932,69,72,-3,3
80933,87,86,1,1
80934,85,101,-16,16
80935,75,69,6,6
80936,142,142,0,0
80937,84,82,2,2
80938,112,97,15,15
80939,74,77,-3,3
80940,82,84,-2,2
80941,96,96,0,0
80942,106,101,5,5
80943,41,52,-11,11
80944,70,65,5,5
80945,62,65,-3,3
80946,108,108,0,0
80947,115,102,13,13
80948,79,76,3,3
80949,101,100,1,1
80950,73,71,2,2
80951,69,73,-4,4
80952,42,44,-2,2
80953,130,122,8,8
80954,74,66,8,8
80955,69,71,-2,2
80956,112,104,8,8
80957,95,97,-2,2
80958,56,56,0,0
80959,98,92,6,6
80960,93,95,-2,2
80961,93,86,7,7
80962,99,100,-1,1
80963,137,127,10,10
80964,127,125,2,2
80965,82,78,4,4
80966,58,70,-12,12
80967,83,76,7,7
80968,130,120,10,10
80969,99,85,14,14
80970,134,131,3,3
80971,134,122,12,12
80972,73,71,2,2
80973,98,111,-13,13
80974,56,58,-2,2
80975,106,107,-1,1
80976,157,148,9,9
80977,70,72,-2,2
80978,105,102,3,3
80979,108,116,-8,8
80980,65,68,-3,3
80981,82,75,7,7
80982,75,71,4,4
80983,88,88,0,0
80984,79,79,0,0
80985,85,90,-5,5
80986,98,90,8,8
80987,70,71,-1,1
80988,132,137,-5,5
80989,121,105,16,16
80990,120,133,-13,13
80991,131,119,12,12
80992,100,101,-1,1
80993,103,101,2,2
80994,89,82,7,7
80995,87,87,0,0
80996,63,68,-5,5
80997,101,92,9,9
80998,80,73,7,7
80999,60,60,0,0
81000,53,57,-4,4
81001,147,133,14,14
81002,83,82,1,1
81003,91,88,3,3
81004,120,112,8,8
81005,79,77,2,2
81006,66,62,4,4
81007,126,103,23,23
81008,155,138,17,17
81009,73,75,-2,2
81010,75,75,0,0
81011,110,110,0,0
81012,87,84,3,3
81013,92,86,6,6
81014,133,134,-1,1
81015,100,89,11,11
81016,89,85,4,4
81017,73,77,-4,4
81018,56,56,0,0
81019,117,105,12,12
81020,77,62,15,15
81021,58,56,2,2
81022,132,133,-1,1
81023,149,127,22,22
81024,60,57,3,3
81025,88,81,7,7
81026,118,105,13,13
81027,71,76,-5,5
81028,158,153,5,5
81029,143,127,16,16
81030,63,73,-10,10
81031,49,59,-10,10
81032,111,105,6,6
81033,121,122,-1,1
81034,97,85,12,12
81035,116,113,3,3
81036,58,56,2,2
81037,66,64,2,2
81038,63,64,-1,1
81039,54,47,7,7
81040,83,83,0,0
81041,66,70,-4,4
81042,48,52,-4,4
81043,69,77,-8,8
81044,39,67,-28,28
81045,158,124,34,34
81046,48,51,-3,3
81047,63,62,1,1
81048,93,96,-3,3
81049,87,86,1,1
81050,64,75,-11,11
81051,148,122,26,26
81052,58,60,-2,2
81053,51,55,-4,4
81054,53,61,-8,8
81055,138,135,3,3
81056,75,77,-2,2
81057,94,92,2,2
81058,49,61,-12,12
81059,132,138,-6,6
81060,98,94,4,4
81061,97,103,-6,6
81062,100,90,10,10
81063,107,100,7,7
81064,65,64,1,1
81065,67,67,0,0
81066,54,55,-1,1
81067,123,119,4,4
81068,133,120,13,13
81069,105,125,-20,20
81070,91,91,0,0
81071,121,120,1,1
81072,81,86,-5,5
81073,59,67,-8,8
81074,154,135,19,19
81075,85,83,2,2
81076,80,92,-12,12
81077,181,171,10,10
81078,112,105,7,7
81079,80,77,3,3
81080,140,126,14,14
81081,92,78,14,14
81082,87,77,10,10
81083,62,78,-16,16
81084,136,124,12,12
81085,74,72,2,2
81086,74,72,2,2
81087,45,46,-1,1
81088,87,83,4,4
81089,81,77,4,4
81090,37,36,1,1
81091,73,72,1,1
81092,81,80,1,1
81093,119,115,4,4
81094,139,136,3,3
81095,106,108,-2,2
81096,105,103,2,2
81097,129,123,6,6
81098,97,101,-4,4
81099,94,118,-24,24
81100,89,111,-22,22
81101,84,82,2,2
81102,182,163,19,19
81103,44,50,-6,6
81104,98,89,9,9
81105,83,77,6,6
81106,159,151,8,8
81107,61,62,-1,1
81108,145,127,18,18
81109,113,132,-19,19
81110,74,75,-1,1
81111,44,45,-1,1
81112,70,78,-8,8
81113,87,105,-18,18
81114,156,140,16,16
81115,78,76,2,2
81116,99,91,8,8
81117,120,109,11,11
81118,100,111,-11,11
81119,90,82,8,8
81120,90,91,-1,1
81121,126,126,0,0
81122,59,49,10,10
81123,82,79,3,3
81124,71,74,-3,3
81125,87,83,4,4
81126,72,77,-5,5
81127,112,104,8,8
81128,65,64,1,1
81129,68,71,-3,3
81130,62,65,-3,3
81131,130,130,0,0
81132,60,61,-1,1
81133,100,104,-4,4
81134,48,53,-5,5
81135,97,93,4,4
81136,85,76,9,9
81137,143,120,23,23
81138,112,112,0,0
81139,70,73,-3,3
81140,107,118,-11,11
81141,103,98,5,5
81142,79,74,5,5
81143,65,61,4,4
81144,74,70,4,4
81145,62,67,-5,5
81146,146,143,3,3
81147,138,133,5,5
81148,109,105,4,4
81149,57,58,-1,1
81150,81,82,-1,1
81151,100,96,4,4
81152,55,61,-6,6
81153,71,74,-3,3
81154,137,122,15,15
81155,173,168,5,5
81156,53,63,-10,10
81157,69,69,0,0
81158,115,99,16,16
81159,71,76,-5,5
81160,129,120,9,9
81161,142,128,14,14
81162,48,51,-3,3
81163,77,78,-1,1
81164,81,88,-7,7
81165,103,97,6,6
81166,75,74,1,1
81167,86,80,6,6
81168,105,107,-2,2
81169,61,55,6,6
81170,109,101,8,8
81171,98,90,8,8
81172,153,151,2,2
81173,50,58,-8,8
81174,178,162,16,16
81175,85,77,8,8
81176,118,118,0,0
81177,94,82,12,12
81178,116,96,20,20
81179,92,84,8,8
81180,96,92,4,4
81181,44,47,-3,3
81182,96,91,5,5
81183,146,122,24,24
81184,90,78,12,12
81185,86,83,3,3
81186,112,114,-2,2
81187,102,112,-10,10
81188,47,49,-2,2
81189,107,97,10,10
81190,52,65,-13,13
81191,122,122,0,0
81192,84,76,8,8
81193,76,76,0,0
81194,72,74,-2,2
81195,181,175,6,6
81196,71,75,-4,4
81197,92,95,-3,3
81198,152,145,7,7
81199,133,133,0,0
81200,97,99,-2,2
81201,135,135,0,0
81202,75,78,-3,3
81203,99,103,-4,4
81204,92,118,-26,26
81205,113,118,-5,5
81206,65,64,1,1
81207,100,102,-2,2
81208,124,124,0,0
81209,82,81,1,1
81210,111,116,-5,5
81211,101,96,5,5
81212,60,64,-4,4
81213,141,127,14,14
81214,69,72,-3,3
81215,141,140,1,1
81216,111,99,12,12
81217,169,166,3,3
81218,126,119,7,7
81219,75,77,-2,2
81220,120,110,10,10
81221,141,146,-5,5
81222,104,120,-16,16
81223,48,55,-7,7
81224,93,90,3,3
81225,140,132,8,8
81226,97,83,14,14
81227,110,102,8,8
81228,45,42,3,3
81229,92,91,1,1
81230,87,76,11,11
81231,90,80,10,10
81232,68,70,-2,2
81233,64,73,-9,9
81234,59,55,4,4
81235,135,128,7,7
81236,52,60,-8,8
81237,121,127,-6,6
81238,78,80,-2,2
81239,97,90,7,7
81240,64,87,-23,23
81241,113,114,-1,1
81242,83,82,1,1
81243,79,75,4,4
81244,77,80,-3,3
81245,56,63,-7,7
81246,156,151,5,5
81247,134,126,8,8
81248,66,69,-3,3
81249,113,114,-1,1
81250,89,83,6,6
81251,95,100,-5,5
81252,98,98,0,0
81253,137,143,-6,6
81254,113,102,11,11
81255,173,159,14,14
81256,122,118,4,4
81257,92,85,7,7
81258,142,132,10,10
81259,82,80,2,2
81260,42,44,-2,2
81261,116,137,-21,21
81262,89,88,1,1
81263,140,134,6,6
81264,130,105,25,25
81265,80,75,5,5
81266,113,118,-5,5
81267,60,61,-1,1
81268,143,171,-28,28
81269,86,80,6,6
81270,126,118,8,8
81271,75,70,5,5
81272,120,112,8,8
81273,125,115,10,10
81274,195,184,11,11
81275,71,73,-2,2
81276,131,127,4,4
81277,111,109,2,2
81278,89,93,-4,4
81279,93,87,6,6
81280,80,79,1,1
81281,80,76,4,4
81282,46,46,0,0
81283,134,127,7,7
81284,83,78,5,5
81285,145,139,6,6
81286,80,80,0,0
81287,82,73,9,9
81288,86,75,11,11
81289,62,71,-9,9
81290,46,52,-6,6
81291,112,105,7,7
81292,99,98,1,1
81293,145,132,13,13
81294,166,165,1,1
81295,45,51,-6,6
81296,126,107,19,19
81297,89,84,5,5
81298,99,104,-5,5
81299,77,75,2,2
81300,119,105,14,14
81301,93,109,-16,16
81302,102,106,-4,4
81303,62,62,0,0
81304,57,59,-2,2
81305,63,68,-5,5
81306,56,62,-6,6
81307,137,134,3,3
81308,101,97,4,4
81309,90,80,10,10
81310,136,128,8,8
81311,70,68,2,2
81312,81,80,1,1
81313,66,66,0,0
81314,93,89,4,4
81315,73,72,1,1
81316,90,83,7,7
81317,83,82,1,1
81318,89,84,5,5
81319,103,106,-3,3
81320,105,96,9,9
81321,83,102,-19,19
81322,115,116,-1,1
81323,99,102,-3,3
81324,85,86,-1,1
81325,73,79,-6,6
81326,80,84,-4,4
81327,49,61,-12,12
81328,80,76,4,4
81329,63,67,-4,4
81330,33,39,-6,6
81331,178,182,-4,4
81332,105,126,-21,21
81333,41,58,-17,17
81334,92,94,-2,2
81335,98,95,3,3
81336,71,73,-2,2
81337,30,32,-2,2
81338,62,65,-3,3
81339,126,141,-15,15
81340,102,101,1,1
81341,122,120,2,2
81342,79,79,0,0
81343,152,141,11,11
81344,159,143,16,16
81345,161,162,-1,1
81346,71,65,6,6
81347,84,84,0,0
81348,118,103,15,15
81349,73,74,-1,1
81350,118,117,1,1
81351,102,87,15,15
81352,69,78,-9,9
81353,101,95,6,6
81354,127,119,8,8
81355,84,75,9,9
81356,40,40,0,0
81357,70,69,1,1
81358,135,123,12,12
81359,77,78,-1,1
81360,78,76,2,2
81361,70,72,-2,2
81362,73,79,-6,6
81363,85,80,5,5
81364,106,99,7,7
81365,151,144,7,7
81366,153,153,0,0
81367,133,118,15,15
81368,121,119,2,2
81369,110,106,4,4
81370,71,80,-9,9
81371,98,95,3,3
81372,126,128,-2,2
81373,86,86,0,0
81374,77,77,0,0
81375,198,183,15,15
81376,133,130,3,3
81377,124,127,-3,3
81378,90,82,8,8
81379,60,64,-4,4
81380,80,90,-10,10
81381,47,53,-6,6
81382,82,74,8,8
81383,119,97,22,22
81384,66,69,-3,3
81385,136,120,16,16
81386,141,128,13,13
81387,50,64,-14,14
81388,71,77,-6,6
81389,98,96,2,2
81390,121,105,16,16
81391,81,87,-6,6
81392,117,114,3,3
81393,112,109,3,3
81394,94,90,4,4
81395,55,74,-19,19
81396,97,107,-10,10
81397,92,97,-5,5
81398,137,135,2,2
81399,54,54,0,0
81400,140,138,2,2
81401,138,125,13,13
81402,85,81,4,4
81403,84,88,-4,4
81404,104,101,3,3
81405,113,111,2,2
81406,109,114,-5,5
81407,76,90,-14,14
81408,79,84,-5,5
81409,65,64,1,1
81410,81,78,3,3
81411,131,116,15,15
81412,204,178,26,26
81413,77,72,5,5
81414,161,145,16,16
81415,97,98,-1,1
81416,110,97,13,13
81417,76,77,-1,1
81418,70,69,1,1
81419,122,123,-1,1
81420,52,55,-3,3
81421,121,119,2,2
81422,89,86,3,3
81423,99,85,14,14
81424,62,64,-2,2
81425,117,110,7,7
81426,92,97,-5,5
81427,169,160,9,9
81428,122,114,8,8
81429,88,101,-13,13
81430,94,87,7,7
81431,163,132,31,31
81432,72,70,2,2
81433,87,91,-4,4
81434,104,112,-8,8
81435,51,56,-5,5
81436,57,54,3,3
81437,149,141,8,8
81438,87,85,2,2
81439,109,109,0,0
81440,120,110,10,10
81441,79,74,5,5
81442,129,123,6,6
81443,162,147,15,15
81444,133,130,3,3
81445,82,78,4,4
81446,110,108,2,2
81447,180,164,16,16
81448,104,100,4,4
81449,134,126,8,8
81450,114,105,9,9
81451,130,140,-10,10
81452,94,96,-2,2
81453,182,165,17,17
81454,93,95,-2,2
81455,74,79,-5,5
81456,66,68,-2,2
81457,164,260,-96,96
81458,125,165,-40,40
81459,74,80,-6,6
81460,148,146,2,2
81461,69,69,0,0
81462,98,91,7,7
81463,71,74,-3,3
81464,107,101,6,6
81465,133,120,13,13
81466,72,69,3,3
81467,68,69,-1,1
81468,97,89,8,8
81469,185,161,24,24
81470,184,177,7,7
81471,106,114,-8,8
81472,143,142,1,1
81473,82,95,-13,13
81474,47,58,-11,11
81475,82,73,9,9
81476,97,82,15,15
81477,58,62,-4,4
81478,115,104,11,11
81479,137,119,18,18
81480,112,109,3,3
81481,101,96,5,5
81482,56,56,0,0
81483,80,75,5,5
81484,79,78,1,1
81485,186,165,21,21
81486,79,69,10,10
81487,80,72,8,8
81488,85,78,7,7
81489,123,110,13,13
81490,94,88,6,6
81491,71,81,-10,10
81492,83,81,2,2
81493,45,47,-2,2
81494,120,144,-24,24
81495,165,157,8,8
81496,73,75,-2,2
81497,87,81,6,6
81498,80,80,0,0
81499,132,137,-5,5
81500,82,76,6,6
81501,77,75,2,2
81502,62,67,-5,5
81503,74,75,-1,1
81504,87,91,-4,4
81505,142,134,8,8
81506,119,112,7,7
81507,62,60,2,2
