,original,predict,differ,abs
0,67,65,2,2
1,58,56,2,2
2,88,77,11,11
3,183,158,25,25
4,81,71,10,10
5,88,79,9,9
6,83,77,6,6
7,183,145,38,38
8,81,74,7,7
9,117,104,13,13
10,64,52,12,12
11,59,60,-1,1
12,74,64,10,10
13,100,98,2,2
14,103,89,14,14
15,66,60,6,6
16,97,84,13,13
17,120,95,25,25
18,79,69,10,10
19,110,107,3,3
20,217,180,37,37
21,156,141,15,15
22,97,79,18,18
23,101,109,-8,8
24,82,67,15,15
25,127,108,19,19
26,112,100,12,12
27,191,157,34,34
28,48,39,9,9
29,106,103,3,3
30,133,120,13,13
31,57,55,2,2
32,108,96,12,12
33,89,73,16,16
34,50,51,-1,1
35,62,37,25,25
36,102,90,12,12
37,55,46,9,9
38,89,89,0,0
39,96,95,1,1
40,70,62,8,8
41,115,107,8,8
42,82,74,8,8
43,102,90,12,12
44,167,131,36,36
45,82,80,2,2
46,118,116,2,2
47,85,72,13,13
48,93,84,9,9
49,111,88,23,23
50,77,65,12,12
51,136,120,16,16
52,109,87,22,22
53,85,82,3,3
54,133,114,19,19
55,138,115,23,23
56,100,108,-8,8
57,130,114,16,16
58,96,92,4,4
59,58,51,7,7
60,115,103,12,12
61,73,67,6,6
62,135,110,25,25
63,177,156,21,21
64,96,90,6,6
65,77,71,6,6
66,84,77,7,7
67,105,83,22,22
68,193,172,21,21
69,143,133,10,10
70,111,97,14,14
71,104,86,18,18
72,265,233,32,32
73,88,81,7,7
74,78,73,5,5
75,58,53,5,5
76,86,73,13,13
77,59,56,3,3
78,139,123,16,16
79,96,84,12,12
80,90,75,15,15
81,83,73,10,10
82,133,120,13,13
83,141,126,15,15
84,72,61,11,11
85,75,67,8,8
86,43,37,6,6
87,68,62,6,6
88,170,124,46,46
89,92,83,9,9
90,64,77,-13,13
91,101,98,3,3
92,82,68,14,14
93,81,69,12,12
94,75,66,9,9
95,99,85,14,14
96,45,47,-2,2
97,186,172,14,14
98,127,132,-5,5
99,100,93,7,7
100,66,58,8,8
101,129,98,31,31
102,107,104,3,3
103,128,113,15,15
104,90,71,19,19
105,68,62,6,6
106,107,97,10,10
107,90,75,15,15
108,89,81,8,8
109,70,67,3,3
110,174,136,38,38
111,90,71,19,19
112,76,67,9,9
113,67,57,10,10
114,76,78,-2,2
115,168,152,16,16
116,91,77,14,14
117,103,91,12,12
118,91,80,11,11
119,67,64,3,3
120,118,114,4,4
121,51,44,7,7
122,76,71,5,5
123,110,105,5,5
124,99,81,18,18
125,96,86,10,10
126,169,152,17,17
127,89,87,2,2
128,94,89,5,5
129,123,120,3,3
130,186,155,31,31
131,132,116,16,16
132,102,81,21,21
133,78,73,5,5
134,129,105,24,24
135,116,93,23,23
136,136,115,21,21
137,131,120,11,11
138,105,97,8,8
139,69,61,8,8
140,66,56,10,10
141,127,110,17,17
142,127,113,14,14
143,66,71,-5,5
144,112,109,3,3
145,115,96,19,19
146,98,80,18,18
147,69,57,12,12
148,93,74,19,19
149,121,114,7,7
150,92,87,5,5
151,73,63,10,10
152,139,122,17,17
153,80,75,5,5
154,89,82,7,7
155,67,55,12,12
156,66,55,11,11
157,81,76,5,5
158,59,53,6,6
159,128,120,8,8
160,109,102,7,7
161,50,43,7,7
162,74,62,12,12
163,80,75,5,5
164,132,110,22,22
165,51,43,8,8
166,115,102,13,13
167,70,80,-10,10
168,159,129,30,30
169,151,143,8,8
170,94,84,10,10
171,81,83,-2,2
172,77,75,2,2
173,42,38,4,4
174,135,120,15,15
175,106,93,13,13
176,50,44,6,6
177,162,134,28,28
178,130,103,27,27
179,120,94,26,26
180,84,76,8,8
181,76,66,10,10
182,67,60,7,7
183,75,65,10,10
184,39,32,7,7
185,119,96,23,23
186,55,51,4,4
187,90,78,12,12
188,124,118,6,6
189,171,154,17,17
190,70,62,8,8
191,137,124,13,13
192,127,122,5,5
193,143,141,2,2
194,195,152,43,43
195,112,101,11,11
196,43,40,3,3
197,114,101,13,13
198,111,97,14,14
199,80,73,7,7
200,128,100,28,28
201,176,158,18,18
202,64,53,11,11
203,142,126,16,16
204,100,83,17,17
205,63,48,15,15
206,145,122,23,23
207,101,87,14,14
208,78,67,11,11
209,98,83,15,15
210,147,135,12,12
211,50,46,4,4
212,70,63,7,7
213,175,157,18,18
214,87,84,3,3
215,87,70,17,17
216,108,118,-10,10
217,67,57,10,10
218,95,89,6,6
219,89,85,4,4
220,135,129,6,6
221,79,80,-1,1
222,43,42,1,1
223,195,145,50,50
224,83,78,5,5
225,81,78,3,3
226,63,62,1,1
227,119,105,14,14
228,98,86,12,12
229,44,44,0,0
230,47,45,2,2
231,87,61,26,26
232,90,69,21,21
233,62,53,9,9
234,103,89,14,14
235,140,127,13,13
236,114,104,10,10
237,57,61,-4,4
238,81,71,10,10
239,74,86,-12,12
240,61,61,0,0
241,43,34,9,9
242,55,51,4,4
243,100,82,18,18
244,124,102,22,22
245,107,97,10,10
246,121,115,6,6
247,86,84,2,2
248,146,125,21,21
249,147,135,12,12
250,47,39,8,8
251,124,105,19,19
252,89,79,10,10
253,50,50,0,0
254,110,101,9,9
255,158,141,17,17
256,86,72,14,14
257,102,97,5,5
258,107,100,7,7
259,64,60,4,4
260,136,117,19,19
261,125,98,27,27
262,115,94,21,21
263,71,60,11,11
264,80,71,9,9
265,82,79,3,3
266,79,74,5,5
267,102,87,15,15
268,49,50,-1,1
269,109,103,6,6
270,52,45,7,7
271,72,60,12,12
272,68,60,8,8
273,151,140,11,11
274,112,98,14,14
275,97,93,4,4
276,82,82,0,0
277,72,68,4,4
278,125,126,-1,1
279,128,118,10,10
280,94,87,7,7
281,76,62,14,14
282,71,65,6,6
283,112,102,10,10
284,75,63,12,12
285,77,66,11,11
286,78,65,13,13
287,89,74,15,15
288,88,74,14,14
289,97,84,13,13
290,80,71,9,9
291,67,64,3,3
292,83,77,6,6
293,85,71,14,14
294,76,64,12,12
295,64,55,9,9
296,107,99,8,8
297,141,132,9,9
298,130,112,18,18
299,51,50,1,1
300,66,57,9,9
301,75,70,5,5
302,186,157,29,29
303,86,68,18,18
304,141,133,8,8
305,83,71,12,12
306,85,73,12,12
307,148,119,29,29
308,87,78,9,9
309,77,61,16,16
310,27,29,-2,2
311,88,80,8,8
312,92,77,15,15
313,86,83,3,3
314,135,122,13,13
315,77,66,11,11
316,73,63,10,10
317,133,125,8,8
318,51,44,7,7
319,125,108,17,17
320,98,99,-1,1
321,143,124,19,19
322,140,123,17,17
323,87,82,5,5
324,89,64,25,25
325,69,67,2,2
326,96,65,31,31
327,127,106,21,21
328,79,67,12,12
329,137,118,19,19
330,85,78,7,7
331,84,81,3,3
332,52,52,0,0
333,77,64,13,13
334,78,74,4,4
335,104,86,18,18
336,89,87,2,2
337,89,35,54,54
338,56,43,13,13
339,106,80,26,26
340,71,58,13,13
341,132,110,22,22
342,82,68,14,14
343,100,84,16,16
344,51,52,-1,1
345,66,60,6,6
346,85,69,16,16
347,112,103,9,9
348,34,44,-10,10
349,134,111,23,23
350,93,92,1,1
351,114,122,-8,8
352,137,117,20,20
353,88,80,8,8
354,108,104,4,4
355,106,89,17,17
356,146,162,-16,16
357,54,59,-5,5
358,170,125,45,45
359,86,68,18,18
360,110,85,25,25
361,82,73,9,9
362,101,86,15,15
363,64,59,5,5
364,44,45,-1,1
365,84,75,9,9
366,60,50,10,10
367,101,94,7,7
368,120,97,23,23
369,60,53,7,7
370,130,115,15,15
371,41,39,2,2
372,116,95,21,21
373,58,49,9,9
374,77,64,13,13
375,96,91,5,5
376,88,85,3,3
377,103,89,14,14
378,35,4,31,31
379,64,55,9,9
380,86,69,17,17
381,89,82,7,7
382,108,93,15,15
383,116,97,19,19
384,82,74,8,8
385,65,58,7,7
386,64,61,3,3
387,134,119,15,15
388,65,58,7,7
389,77,67,10,10
390,120,109,11,11
391,54,48,6,6
392,90,79,11,11
393,87,81,6,6
394,97,85,12,12
395,17,9,8,8
396,69,78,-9,9
397,31,32,-1,1
398,90,80,10,10
399,104,94,10,10
400,97,84,13,13
401,52,51,1,1
402,81,73,8,8
403,88,76,12,12
404,150,136,14,14
405,103,103,0,0
406,47,38,9,9
407,119,106,13,13
408,107,103,4,4
409,88,55,33,33
410,85,75,10,10
411,95,87,8,8
412,89,74,15,15
413,87,81,6,6
414,148,124,24,24
415,98,84,14,14
416,148,137,11,11
417,77,74,3,3
418,70,65,5,5
419,64,55,9,9
420,110,122,-12,12
421,143,139,4,4
422,122,155,-33,33
423,82,73,9,9
424,112,100,12,12
425,128,115,13,13
426,148,138,10,10
427,80,69,11,11
428,56,53,3,3
429,90,79,11,11
430,110,97,13,13
431,88,89,-1,1
432,91,81,10,10
433,99,86,13,13
434,122,103,19,19
435,66,60,6,6
436,106,87,19,19
437,65,54,11,11
438,164,141,23,23
439,68,57,11,11
440,48,60,-12,12
441,88,70,18,18
442,107,104,3,3
443,58,57,1,1
444,91,79,12,12
445,113,95,18,18
446,107,91,16,16
447,101,86,15,15
448,72,71,1,1
449,134,117,17,17
450,87,78,9,9
451,64,58,6,6
452,72,60,12,12
453,146,139,7,7
454,110,100,10,10
455,104,92,12,12
456,129,123,6,6
457,134,130,4,4
458,123,112,11,11
459,62,53,9,9
460,71,66,5,5
461,58,57,1,1
462,88,75,13,13
463,134,121,13,13
464,81,75,6,6
465,77,79,-2,2
466,118,104,14,14
467,131,115,16,16
468,66,57,9,9
469,61,58,3,3
470,43,35,8,8
471,121,107,14,14
472,101,99,2,2
473,112,91,21,21
474,67,57,10,10
475,88,74,14,14
476,57,43,14,14
477,93,76,17,17
478,77,56,21,21
479,57,51,6,6
480,55,60,-5,5
481,68,58,10,10
482,118,105,13,13
483,63,57,6,6
484,110,106,4,4
485,58,48,10,10
486,119,95,24,24
487,110,127,-17,17
488,146,129,17,17
489,50,39,11,11
490,104,89,15,15
491,136,116,20,20
492,145,137,8,8
493,110,92,18,18
494,124,120,4,4
495,117,101,16,16
496,134,116,18,18
497,98,77,21,21
498,104,110,-6,6
499,78,64,14,14
500,100,83,17,17
501,45,43,2,2
502,108,106,2,2
503,50,50,0,0
504,69,65,4,4
505,106,93,13,13
506,66,54,12,12
507,61,57,4,4
508,96,83,13,13
509,96,86,10,10
510,53,48,5,5
511,93,87,6,6
512,80,65,15,15
513,73,65,8,8
514,70,69,1,1
515,100,82,18,18
516,137,124,13,13
517,114,109,5,5
518,70,62,8,8
519,55,56,-1,1
520,108,83,25,25
521,138,128,10,10
522,95,87,8,8
523,142,129,13,13
524,83,72,11,11
525,122,104,18,18
526,97,91,6,6
527,56,51,5,5
528,122,108,14,14
529,73,68,5,5
530,69,53,16,16
531,95,87,8,8
532,68,65,3,3
533,95,83,12,12
534,78,82,-4,4
535,90,80,10,10
536,106,98,8,8
537,42,39,3,3
538,76,70,6,6
539,157,154,3,3
540,119,105,14,14
541,99,91,8,8
542,61,60,1,1
543,102,88,14,14
544,92,84,8,8
545,124,102,22,22
546,82,76,6,6
547,76,71,5,5
548,67,64,3,3
549,148,129,19,19
550,74,67,7,7
551,66,63,3,3
552,108,96,12,12
553,64,55,9,9
554,102,90,12,12
555,63,53,10,10
556,66,53,13,13
557,74,63,11,11
558,74,70,4,4
559,67,61,6,6
560,86,85,1,1
561,81,84,-3,3
562,90,82,8,8
563,47,44,3,3
564,68,67,1,1
565,88,69,19,19
566,83,71,12,12
567,76,66,10,10
568,55,49,6,6
569,100,97,3,3
570,108,108,0,0
571,178,152,26,26
572,80,70,10,10
573,82,76,6,6
574,149,119,30,30
575,69,65,4,4
576,70,67,3,3
577,90,95,-5,5
578,91,79,12,12
579,75,65,10,10
580,88,77,11,11
581,134,112,22,22
582,49,50,-1,1
583,51,46,5,5
584,113,101,12,12
585,88,78,10,10
586,53,49,4,4
587,84,59,25,25
588,105,88,17,17
589,85,75,10,10
590,105,89,16,16
591,75,67,8,8
592,139,124,15,15
593,103,88,15,15
594,87,81,6,6
595,65,69,-4,4
596,74,62,12,12
597,98,96,2,2
598,110,93,17,17
599,112,94,18,18
600,88,75,13,13
601,85,74,11,11
602,55,46,9,9
603,86,76,10,10
604,124,114,10,10
605,114,103,11,11
606,57,50,7,7
607,56,51,5,5
608,78,64,14,14
609,122,122,0,0
610,79,64,15,15
611,81,65,16,16
612,117,101,16,16
613,112,110,2,2
614,95,89,6,6
615,195,164,31,31
616,76,77,-1,1
617,104,87,17,17
618,112,92,20,20
619,103,96,7,7
620,91,88,3,3
621,105,90,15,15
622,127,98,29,29
623,60,57,3,3
624,111,103,8,8
625,106,95,11,11
626,109,98,11,11
627,85,74,11,11
628,67,63,4,4
629,81,76,5,5
630,83,77,6,6
631,56,58,-2,2
632,92,81,11,11
633,71,72,-1,1
634,95,81,14,14
635,93,86,7,7
636,144,132,12,12
637,53,47,6,6
638,77,78,-1,1
639,71,64,7,7
640,95,89,6,6
641,95,92,3,3
642,61,51,10,10
643,141,117,24,24
644,133,116,17,17
645,94,78,16,16
646,112,104,8,8
647,84,78,6,6
648,92,83,9,9
649,84,74,10,10
650,94,87,7,7
651,72,63,9,9
652,102,107,-5,5
653,61,57,4,4
654,108,103,5,5
655,105,96,9,9
656,85,78,7,7
657,74,70,4,4
658,50,45,5,5
659,101,86,15,15
660,82,68,14,14
661,108,81,27,27
662,148,128,20,20
663,126,108,18,18
664,136,138,-2,2
665,75,66,9,9
666,36,29,7,7
667,42,48,-6,6
668,69,57,12,12
669,126,109,17,17
670,109,92,17,17
671,90,77,13,13
672,116,97,19,19
673,151,168,-17,17
674,147,129,18,18
675,52,85,-33,33
676,107,99,8,8
677,90,80,10,10
678,162,140,22,22
679,103,95,8,8
680,150,125,25,25
681,62,65,-3,3
682,111,100,11,11
683,77,74,3,3
684,166,154,12,12
685,151,145,6,6
686,116,106,10,10
687,79,70,9,9
688,94,106,-12,12
689,110,103,7,7
690,152,121,31,31
691,176,147,29,29
692,92,84,8,8
693,156,141,15,15
694,92,89,3,3
695,77,62,15,15
696,32,41,-9,9
697,87,80,7,7
698,108,97,11,11
699,104,83,21,21
700,70,60,10,10
701,66,47,19,19
702,118,103,15,15
703,65,57,8,8
704,111,92,19,19
705,74,61,13,13
706,81,80,1,1
707,88,71,17,17
708,87,76,11,11
709,116,112,4,4
710,47,39,8,8
711,95,88,7,7
712,44,41,3,3
713,91,91,0,0
714,83,76,7,7
715,137,117,20,20
716,80,74,6,6
717,147,125,22,22
718,119,114,5,5
719,137,103,34,34
720,133,128,5,5
721,89,84,5,5
722,150,128,22,22
723,108,96,12,12
724,96,72,24,24
725,88,74,14,14
726,140,119,21,21
727,128,121,7,7
728,53,49,4,4
729,100,103,-3,3
730,58,58,0,0
731,110,95,15,15
732,125,112,13,13
733,124,100,24,24
734,109,105,4,4
735,122,113,9,9
736,95,85,10,10
737,93,85,8,8
738,85,72,13,13
739,98,73,25,25
740,68,66,2,2
741,48,43,5,5
742,97,90,7,7
743,81,72,9,9
744,88,73,15,15
745,91,98,-7,7
746,64,53,11,11
747,204,171,33,33
748,114,98,16,16
749,185,144,41,41
750,75,65,10,10
751,70,58,12,12
752,145,133,12,12
753,87,75,12,12
754,45,45,0,0
755,73,61,12,12
756,125,120,5,5
757,60,59,1,1
758,95,83,12,12
759,119,91,28,28
760,76,63,13,13
761,56,51,5,5
762,44,49,-5,5
763,98,89,9,9
764,86,68,18,18
765,161,131,30,30
766,102,111,-9,9
767,103,92,11,11
768,69,63,6,6
769,151,141,10,10
770,92,65,27,27
771,80,79,1,1
772,87,79,8,8
773,108,91,17,17
774,51,48,3,3
775,110,97,13,13
776,64,54,10,10
777,73,63,10,10
778,92,77,15,15
779,93,82,11,11
780,103,91,12,12
781,49,38,11,11
782,71,68,3,3
783,70,60,10,10
784,67,58,9,9
785,100,86,14,14
786,93,88,5,5
787,75,68,7,7
788,97,88,9,9
789,84,78,6,6
790,140,118,22,22
791,151,127,24,24
792,78,71,7,7
793,79,71,8,8
794,108,111,-3,3
795,95,84,11,11
796,98,81,17,17
797,119,111,8,8
798,83,87,-4,4
799,67,59,8,8
800,64,56,8,8
801,102,86,16,16
802,75,66,9,9
803,68,71,-3,3
804,78,67,11,11
805,53,46,7,7
806,126,115,11,11
807,89,82,7,7
808,85,86,-1,1
809,64,61,3,3
810,85,72,13,13
811,74,61,13,13
812,66,56,10,10
813,79,64,15,15
814,125,95,30,30
815,119,103,16,16
816,26,40,-14,14
817,66,58,8,8
818,88,72,16,16
819,111,86,25,25
820,86,72,14,14
821,76,75,1,1
822,86,72,14,14
823,145,122,23,23
824,46,42,4,4
825,107,90,17,17
826,99,81,18,18
827,63,60,3,3
828,68,61,7,7
829,100,82,18,18
830,110,107,3,3
831,77,69,8,8
832,66,62,4,4
833,64,54,10,10
834,77,78,-1,1
835,144,135,9,9
836,106,92,14,14
837,93,92,1,1
838,73,73,0,0
839,103,94,9,9
840,105,96,9,9
841,75,70,5,5
842,83,70,13,13
843,112,101,11,11
844,156,135,21,21
845,156,134,22,22
846,77,73,4,4
847,76,66,10,10
848,95,84,11,11
849,41,45,-4,4
850,106,104,2,2
851,135,119,16,16
852,92,90,2,2
853,91,87,4,4
854,112,98,14,14
855,84,78,6,6
856,77,64,13,13
857,29,49,-20,20
858,64,59,5,5
859,143,119,24,24
860,59,48,11,11
861,155,137,18,18
862,207,156,51,51
863,129,108,21,21
864,115,95,20,20
865,108,89,19,19
866,162,131,31,31
867,69,66,3,3
868,62,66,-4,4
869,79,84,-5,5
870,57,52,5,5
871,90,79,11,11
872,98,83,15,15
873,108,96,12,12
874,80,89,-9,9
875,114,94,20,20
876,57,50,7,7
877,41,94,-53,53
878,90,78,12,12
879,84,64,20,20
880,87,80,7,7
881,70,70,0,0
882,109,96,13,13
883,76,66,10,10
884,62,38,24,24
885,83,70,13,13
886,124,123,1,1
887,122,116,6,6
888,55,50,5,5
889,108,107,1,1
890,109,103,6,6
891,52,61,-9,9
892,134,106,28,28
893,60,47,13,13
894,71,68,3,3
895,123,105,18,18
896,60,54,6,6
897,140,122,18,18
898,109,86,23,23
899,150,154,-4,4
900,74,68,6,6
901,94,76,18,18
902,71,66,5,5
903,139,117,22,22
904,87,90,-3,3
905,72,65,7,7
906,53,42,11,11
907,163,133,30,30
908,111,83,28,28
909,70,55,15,15
910,46,41,5,5
911,138,122,16,16
912,127,111,16,16
913,70,70,0,0
914,107,107,0,0
915,64,54,10,10
916,69,72,-3,3
917,196,175,21,21
918,136,125,11,11
919,52,44,8,8
920,79,74,5,5
921,109,107,2,2
922,78,74,4,4
923,115,102,13,13
924,77,74,3,3
925,110,97,13,13
926,74,60,14,14
927,49,42,7,7
928,55,50,5,5
929,145,122,23,23
930,119,105,14,14
931,96,83,13,13
932,196,175,21,21
933,72,69,3,3
934,90,90,0,0
935,62,92,-30,30
936,118,98,20,20
937,137,129,8,8
938,79,72,7,7
939,152,128,24,24
940,87,87,0,0
941,112,100,12,12
942,62,56,6,6
943,72,68,4,4
944,109,97,12,12
945,83,67,16,16
946,68,60,8,8
947,97,86,11,11
948,59,53,6,6
949,173,139,34,34
950,73,61,12,12
951,85,82,3,3
952,62,55,7,7
953,75,64,11,11
954,90,86,4,4
955,93,86,7,7
956,98,88,10,10
957,116,100,16,16
958,50,42,8,8
959,106,100,6,6
960,114,101,13,13
961,98,82,16,16
962,184,165,19,19
963,69,64,5,5
964,147,125,22,22
965,29,48,-19,19
966,108,106,2,2
967,65,62,3,3
968,96,82,14,14
969,84,78,6,6
970,70,58,12,12
971,162,142,20,20
972,112,103,9,9
973,71,62,9,9
974,139,116,23,23
975,72,71,1,1
976,68,62,6,6
977,76,74,2,2
978,87,69,18,18
979,52,42,10,10
980,115,100,15,15
981,161,141,20,20
982,88,70,18,18
983,107,95,12,12
984,84,67,17,17
985,90,77,13,13
986,55,49,6,6
987,138,117,21,21
988,90,75,15,15
989,114,97,17,17
990,111,118,-7,7
991,44,38,6,6
992,111,106,5,5
993,128,99,29,29
994,98,85,13,13
995,93,76,17,17
996,74,64,10,10
997,130,116,14,14
998,82,83,-1,1
999,178,141,37,37
1000,42,37,5,5
1001,96,82,14,14
1002,39,42,-3,3
1003,75,67,8,8
1004,147,129,18,18
1005,102,95,7,7
1006,212,177,35,35
1007,64,57,7,7
1008,91,79,12,12
1009,39,35,4,4
1010,92,91,1,1
1011,159,133,26,26
1012,119,101,18,18
1013,128,112,16,16
1014,125,114,11,11
1015,63,59,4,4
1016,117,101,16,16
1017,117,111,6,6
1018,35,35,0,0
1019,108,99,9,9
1020,108,92,16,16
1021,77,67,10,10
1022,88,79,9,9
1023,45,43,2,2
1024,88,86,2,2
1025,110,91,19,19
1026,93,77,16,16
1027,77,72,5,5
1028,144,127,17,17
1029,63,64,-1,1
1030,56,45,11,11
1031,143,120,23,23
1032,119,122,-3,3
1033,85,70,15,15
1034,94,82,12,12
1035,115,109,6,6
1036,117,108,9,9
1037,71,60,11,11
1038,79,73,6,6
1039,119,79,40,40
1040,78,68,10,10
1041,101,101,0,0
1042,89,84,5,5
1043,91,87,4,4
1044,112,100,12,12
1045,131,121,10,10
1046,43,38,5,5
1047,162,145,17,17
1048,55,51,4,4
1049,116,106,10,10
1050,49,44,5,5
1051,88,70,18,18
1052,108,96,12,12
1053,72,58,14,14
1054,115,101,14,14
1055,55,49,6,6
1056,146,120,26,26
1057,97,70,27,27
1058,81,71,10,10
1059,146,126,20,20
1060,133,113,20,20
1061,62,57,5,5
1062,148,131,17,17
1063,98,79,19,19
1064,81,64,17,17
1065,73,65,8,8
1066,81,65,16,16
1067,148,130,18,18
1068,141,115,26,26
1069,56,50,6,6
1070,123,109,14,14
1071,83,71,12,12
1072,117,111,6,6
1073,99,90,9,9
1074,99,94,5,5
1075,64,57,7,7
1076,92,74,18,18
1077,40,34,6,6
1078,183,152,31,31
1079,44,51,-7,7
1080,115,101,14,14
1081,49,50,-1,1
1082,127,108,19,19
1083,155,128,27,27
1084,81,79,2,2
1085,92,75,17,17
1086,74,55,19,19
1087,108,100,8,8
1088,57,51,6,6
1089,61,58,3,3
1090,125,101,24,24
1091,97,80,17,17
1092,60,84,-24,24
1093,78,68,10,10
1094,71,73,-2,2
1095,84,76,8,8
1096,177,145,32,32
1097,80,69,11,11
1098,130,124,6,6
1099,81,72,9,9
1100,88,74,14,14
1101,56,47,9,9
1102,149,126,23,23
1103,92,74,18,18
1104,90,80,10,10
1105,45,46,-1,1
1106,63,64,-1,1
1107,92,83,9,9
1108,124,113,11,11
1109,140,129,11,11
1110,122,124,-2,2
1111,47,43,4,4
1112,67,64,3,3
1113,199,168,31,31
1114,110,122,-12,12
1115,78,74,4,4
1116,42,35,7,7
1117,51,48,3,3
1118,183,141,42,42
1119,160,150,10,10
1120,117,105,12,12
1121,70,65,5,5
1122,90,78,12,12
1123,101,99,2,2
1124,73,64,9,9
1125,64,58,6,6
1126,69,64,5,5
1127,98,87,11,11
1128,121,111,10,10
1129,83,72,11,11
1130,170,155,15,15
1131,80,70,10,10
1132,68,60,8,8
1133,130,125,5,5
1134,66,64,2,2
1135,65,76,-11,11
1136,95,84,11,11
1137,99,88,11,11
1138,95,106,-11,11
1139,174,153,21,21
1140,154,123,31,31
1141,121,98,23,23
1142,109,88,21,21
1143,87,92,-5,5
1144,61,46,15,15
1145,96,86,10,10
1146,96,86,10,10
1147,118,105,13,13
1148,97,80,17,17
1149,105,91,14,14
1150,87,74,13,13
1151,104,82,22,22
1152,80,77,3,3
1153,54,51,3,3
1154,92,80,12,12
1155,48,43,5,5
1156,78,75,3,3
1157,136,110,26,26
1158,139,113,26,26
1159,61,94,-33,33
1160,83,76,7,7
1161,103,101,2,2
1162,128,108,20,20
1163,131,115,16,16
1164,76,63,13,13
1165,74,61,13,13
1166,135,120,15,15
1167,73,67,6,6
1168,115,109,6,6
1169,81,79,2,2
1170,140,123,17,17
1171,69,67,2,2
1172,46,44,2,2
1173,109,97,12,12
1174,197,164,33,33
1175,111,109,2,2
1176,100,87,13,13
1177,77,64,13,13
1178,66,59,7,7
1179,67,60,7,7
1180,120,124,-4,4
1181,349,328,21,21
1182,78,66,12,12
1183,118,110,8,8
1184,51,57,-6,6
1185,82,76,6,6
1186,49,40,9,9
1187,72,65,7,7
1188,112,237,-125,125
1189,140,108,32,32
1190,69,56,13,13
1191,94,84,10,10
1192,69,62,7,7
1193,96,91,5,5
1194,77,104,-27,27
1195,92,92,0,0
1196,141,129,12,12
1197,94,81,13,13
1198,92,72,20,20
1199,96,103,-7,7
1200,69,55,14,14
1201,35,39,-4,4
1202,78,67,11,11
1203,113,99,14,14
1204,99,82,17,17
1205,108,95,13,13
1206,118,99,19,19
1207,95,84,11,11
1208,106,99,7,7
1209,101,78,23,23
1210,77,80,-3,3
1211,97,85,12,12
1212,86,72,14,14
1213,60,56,4,4
1214,101,99,2,2
1215,105,86,19,19
1216,73,67,6,6
1217,90,77,13,13
1218,121,101,20,20
1219,80,75,5,5
1220,85,82,3,3
1221,158,149,9,9
1222,75,69,6,6
1223,70,69,1,1
1224,66,61,5,5
1225,107,93,14,14
1226,182,165,17,17
1227,134,116,18,18
1228,103,88,15,15
1229,69,68,1,1
1230,95,82,13,13
1231,33,30,3,3
1232,58,52,6,6
1233,63,62,1,1
1234,115,89,26,26
1235,111,91,20,20
1236,128,109,19,19
1237,141,116,25,25
1238,50,48,2,2
1239,129,102,27,27
1240,49,49,0,0
1241,91,75,16,16
1242,131,110,21,21
1243,120,93,27,27
1244,91,81,10,10
1245,108,99,9,9
1246,70,65,5,5
1247,51,43,8,8
1248,92,91,1,1
1249,77,66,11,11
1250,149,127,22,22
1251,117,98,19,19
1252,144,128,16,16
1253,82,63,19,19
1254,107,100,7,7
1255,51,45,6,6
1256,55,50,5,5
1257,101,93,8,8
1258,99,84,15,15
1259,114,95,19,19
1260,55,55,0,0
1261,83,72,11,11
1262,174,156,18,18
1263,136,118,18,18
1264,89,82,7,7
1265,67,68,-1,1
1266,81,72,9,9
1267,122,113,9,9
1268,74,70,4,4
1269,149,149,0,0
1270,62,57,5,5
1271,64,63,1,1
1272,85,81,4,4
1273,163,129,34,34
1274,72,67,5,5
1275,62,50,12,12
1276,50,48,2,2
1277,57,58,-1,1
1278,82,83,-1,1
1279,58,51,7,7
1280,51,43,8,8
1281,63,62,1,1
1282,125,92,33,33
1283,78,75,3,3
1284,57,47,10,10
1285,65,57,8,8
1286,111,106,5,5
1287,90,76,14,14
1288,107,96,11,11
1289,81,65,16,16
1290,133,102,31,31
1291,111,111,0,0
1292,64,65,-1,1
1293,56,66,-10,10
1294,51,50,1,1
1295,64,60,4,4
1296,156,134,22,22
1297,96,95,1,1
1298,94,74,20,20
1299,65,86,-21,21
1300,167,142,25,25
1301,44,39,5,5
1302,255,202,53,53
1303,80,67,13,13
1304,142,121,21,21
1305,73,55,18,18
1306,114,97,17,17
1307,81,66,15,15
1308,66,59,7,7
1309,91,83,8,8
1310,106,86,20,20
1311,84,79,5,5
1312,120,114,6,6
1313,115,101,14,14
1314,130,113,17,17
1315,192,183,9,9
1316,150,123,27,27
1317,87,71,16,16
1318,69,64,5,5
1319,170,158,12,12
1320,99,85,14,14
1321,72,71,1,1
1322,106,90,16,16
1323,142,109,33,33
1324,44,41,3,3
1325,87,82,5,5
1326,72,69,3,3
1327,116,99,17,17
1328,66,58,8,8
1329,43,36,7,7
1330,145,123,22,22
1331,92,81,11,11
1332,86,82,4,4
1333,87,86,1,1
1334,71,60,11,11
1335,136,115,21,21
1336,73,70,3,3
1337,81,79,2,2
1338,65,53,12,12
1339,97,79,18,18
1340,61,54,7,7
1341,76,61,15,15
1342,55,49,6,6
1343,100,85,15,15
1344,120,107,13,13
1345,110,112,-2,2
1346,103,92,11,11
1347,57,51,6,6
1348,95,73,22,22
1349,82,77,5,5
1350,105,102,3,3
1351,68,63,5,5
1352,177,151,26,26
1353,97,86,11,11
1354,150,119,31,31
1355,38,32,6,6
1356,85,73,12,12
1357,79,72,7,7
1358,78,72,6,6
1359,98,88,10,10
1360,138,121,17,17
1361,92,73,19,19
1362,110,93,17,17
1363,135,130,5,5
1364,96,88,8,8
1365,107,88,19,19
1366,84,80,4,4
1367,82,70,12,12
1368,87,96,-9,9
1369,58,52,6,6
1370,55,44,11,11
1371,69,66,3,3
1372,193,164,29,29
1373,102,97,5,5
1374,105,87,18,18
1375,74,79,-5,5
1376,122,125,-3,3
1377,85,74,11,11
1378,103,89,14,14
1379,139,114,25,25
1380,91,77,14,14
1381,84,86,-2,2
1382,155,127,28,28
1383,73,62,11,11
1384,141,116,25,25
1385,70,60,10,10
1386,93,74,19,19
1387,100,82,18,18
1388,96,81,15,15
1389,56,51,5,5
1390,93,106,-13,13
1391,97,106,-9,9
1392,43,38,5,5
1393,58,51,7,7
1394,107,90,17,17
1395,118,103,15,15
1396,64,49,15,15
1397,114,89,25,25
1398,84,71,13,13
1399,68,65,3,3
1400,170,136,34,34
1401,121,108,13,13
1402,180,161,19,19
1403,81,70,11,11
1404,131,112,19,19
1405,166,142,24,24
1406,83,75,8,8
1407,107,87,20,20
1408,95,84,11,11
1409,88,73,15,15
1410,149,126,23,23
1411,160,142,18,18
1412,112,101,11,11
1413,145,132,13,13
1414,38,31,7,7
1415,104,88,16,16
1416,125,115,10,10
1417,86,75,11,11
1418,105,90,15,15
1419,44,42,2,2
1420,116,97,19,19
1421,136,120,16,16
1422,149,129,20,20
1423,135,94,41,41
1424,51,39,12,12
1425,94,94,0,0
1426,88,88,0,0
1427,128,119,9,9
1428,148,129,19,19
1429,103,102,1,1
1430,59,53,6,6
1431,75,66,9,9
1432,83,73,10,10
1433,73,63,10,10
1434,75,90,-15,15
1435,74,71,3,3
1436,85,78,7,7
1437,74,59,15,15
1438,99,88,11,11
1439,122,112,10,10
1440,130,122,8,8
1441,61,58,3,3
1442,48,43,5,5
1443,111,106,5,5
1444,58,48,10,10
1445,61,67,-6,6
1446,129,118,11,11
1447,55,48,7,7
1448,159,138,21,21
1449,81,69,12,12
1450,44,43,1,1
1451,64,54,10,10
1452,105,88,17,17
1453,131,117,14,14
1454,188,161,27,27
1455,107,91,16,16
1456,74,65,9,9
1457,155,151,4,4
1458,93,79,14,14
1459,125,112,13,13
1460,113,106,7,7
1461,81,71,10,10
1462,73,60,13,13
1463,78,67,11,11
1464,124,99,25,25
1465,68,67,1,1
1466,90,84,6,6
1467,108,88,20,20
1468,73,60,13,13
1469,92,81,11,11
1470,118,108,10,10
1471,70,57,13,13
1472,98,93,5,5
1473,70,58,12,12
1474,72,64,8,8
1475,107,84,23,23
1476,112,99,13,13
1477,118,104,14,14
1478,86,72,14,14
1479,114,86,28,28
1480,121,102,19,19
1481,120,99,21,21
1482,275,207,68,68
1483,98,79,19,19
1484,95,96,-1,1
1485,80,65,15,15
1486,126,118,8,8
1487,98,90,8,8
1488,133,136,-3,3
1489,61,53,8,8
1490,129,110,19,19
1491,117,103,14,14
1492,54,66,-12,12
1493,54,51,3,3
1494,48,46,2,2
1495,85,72,13,13
1496,56,68,-12,12
1497,77,79,-2,2
1498,140,116,24,24
1499,69,65,4,4
1500,88,78,10,10
1501,107,95,12,12
1502,81,72,9,9
1503,134,112,22,22
1504,80,71,9,9
1505,121,104,17,17
1506,111,93,18,18
1507,72,67,5,5
1508,155,144,11,11
1509,61,55,6,6
1510,70,66,4,4
1511,55,49,6,6
1512,74,67,7,7
1513,151,140,11,11
1514,38,38,0,0
1515,164,173,-9,9
1516,66,68,-2,2
1517,58,51,7,7
1518,66,60,6,6
1519,116,92,24,24
1520,71,78,-7,7
1521,99,88,11,11
1522,108,107,1,1
1523,77,72,5,5
1524,56,54,2,2
1525,126,101,25,25
1526,117,103,14,14
1527,71,57,14,14
1528,80,67,13,13
1529,69,64,5,5
1530,76,56,20,20
1531,137,125,12,12
1532,184,156,28,28
1533,131,109,22,22
1534,149,128,21,21
1535,95,84,11,11
1536,122,110,12,12
1537,54,48,6,6
1538,88,80,8,8
1539,83,76,7,7
1540,69,68,1,1
1541,87,92,-5,5
1542,156,139,17,17
1543,118,112,6,6
1544,55,53,2,2
1545,83,77,6,6
1546,81,84,-3,3
1547,101,101,0,0
1548,73,64,9,9
1549,105,95,10,10
1550,82,79,3,3
1551,65,61,4,4
1552,78,70,8,8
1553,115,102,13,13
1554,133,108,25,25
1555,58,57,1,1
1556,108,101,7,7
1557,128,120,8,8
1558,136,111,25,25
1559,37,38,-1,1
1560,95,92,3,3
1561,121,107,14,14
1562,87,75,12,12
1563,100,107,-7,7
1564,89,73,16,16
1565,126,118,8,8
1566,109,110,-1,1
1567,103,90,13,13
1568,150,124,26,26
1569,94,111,-17,17
1570,148,142,6,6
1571,60,56,4,4
1572,70,64,6,6
1573,131,123,8,8
1574,70,61,9,9
1575,95,92,3,3
1576,66,66,0,0
1577,86,69,17,17
1578,91,80,11,11
1579,75,73,2,2
1580,46,43,3,3
1581,100,91,9,9
1582,98,82,16,16
1583,92,75,17,17
1584,112,92,20,20
1585,167,143,24,24
1586,90,87,3,3
1587,109,93,16,16
1588,93,97,-4,4
1589,61,55,6,6
1590,123,107,16,16
1591,93,86,7,7
1592,74,62,12,12
1593,36,36,0,0
1594,89,75,14,14
1595,144,139,5,5
1596,80,70,10,10
1597,114,99,15,15
1598,106,99,7,7
1599,57,52,5,5
1600,70,71,-1,1
1601,112,101,11,11
1602,92,78,14,14
1603,106,91,15,15
1604,122,114,8,8
1605,128,105,23,23
1606,109,102,7,7
1607,75,66,9,9
1608,120,97,23,23
1609,60,48,12,12
1610,137,114,23,23
1611,78,72,6,6
1612,93,85,8,8
1613,91,78,13,13
1614,84,73,11,11
1615,137,122,15,15
1616,43,42,1,1
1617,74,47,27,27
1618,77,69,8,8
1619,114,101,13,13
1620,104,82,22,22
1621,101,97,4,4
1622,43,35,8,8
1623,106,96,10,10
1624,90,78,12,12
1625,114,107,7,7
1626,82,64,18,18
1627,62,62,0,0
1628,112,97,15,15
1629,46,46,0,0
1630,104,85,19,19
1631,106,93,13,13
1632,62,53,9,9
1633,123,112,11,11
1634,95,84,11,11
1635,64,61,3,3
1636,76,75,1,1
1637,104,94,10,10
1638,126,112,14,14
1639,144,124,20,20
1640,119,110,9,9
1641,74,63,11,11
1642,51,50,1,1
1643,91,84,7,7
1644,86,86,0,0
1645,95,80,15,15
1646,72,67,5,5
1647,162,138,24,24
1648,87,71,16,16
1649,91,83,8,8
1650,122,123,-1,1
1651,70,65,5,5
1652,106,102,4,4
1653,89,86,3,3
1654,59,48,11,11
1655,44,39,5,5
1656,74,57,17,17
1657,77,72,5,5
1658,135,115,20,20
1659,107,97,10,10
1660,64,55,9,9
1661,52,60,-8,8
1662,61,56,5,5
1663,74,67,7,7
1664,87,87,0,0
1665,106,88,18,18
1666,64,56,8,8
1667,70,68,2,2
1668,77,71,6,6
1669,62,57,5,5
1670,67,60,7,7
1671,109,95,14,14
1672,118,105,13,13
1673,74,74,0,0
1674,100,87,13,13
1675,83,90,-7,7
1676,83,66,17,17
1677,121,103,18,18
1678,79,77,2,2
1679,46,41,5,5
1680,92,76,16,16
1681,102,88,14,14
1682,103,85,18,18
1683,64,51,13,13
1684,101,85,16,16
1685,105,89,16,16
1686,55,51,4,4
1687,66,56,10,10
1688,60,54,6,6
1689,62,58,4,4
1690,150,137,13,13
1691,84,83,1,1
1692,98,97,1,1
1693,59,56,3,3
1694,57,52,5,5
1695,88,116,-28,28
1696,146,135,11,11
1697,58,53,5,5
1698,73,59,14,14
1699,192,161,31,31
1700,58,48,10,10
1701,97,81,16,16
1702,84,74,10,10
1703,149,125,24,24
1704,162,127,35,35
1705,53,58,-5,5
1706,48,49,-1,1
1707,103,102,1,1
1708,64,53,11,11
1709,85,69,16,16
1710,64,58,6,6
1711,73,65,8,8
1712,72,58,14,14
1713,136,102,34,34
1714,103,90,13,13
1715,161,137,24,24
1716,89,77,12,12
1717,102,84,18,18
1718,66,99,-33,33
1719,87,75,12,12
1720,101,90,11,11
1721,90,86,4,4
1722,108,101,7,7
1723,59,56,3,3
1724,118,102,16,16
1725,56,49,7,7
1726,195,170,25,25
1727,70,59,11,11
1728,90,80,10,10
1729,108,100,8,8
1730,118,123,-5,5
1731,74,69,5,5
1732,115,98,17,17
1733,31,32,-1,1
1734,121,112,9,9
1735,43,41,2,2
1736,78,69,9,9
1737,63,59,4,4
1738,57,48,9,9
1739,53,52,1,1
1740,63,57,6,6
1741,88,79,9,9
1742,80,80,0,0
1743,133,125,8,8
1744,90,74,16,16
1745,130,118,12,12
1746,70,62,8,8
1747,169,139,30,30
1748,45,45,0,0
1749,171,149,22,22
1750,84,73,11,11
1751,95,87,8,8
1752,73,71,2,2
1753,59,53,6,6
1754,82,82,0,0
1755,101,84,17,17
1756,77,75,2,2
1757,57,58,-1,1
1758,97,83,14,14
1759,69,62,7,7
1760,82,64,18,18
1761,60,70,-10,10
1762,70,64,6,6
1763,79,74,5,5
1764,127,111,16,16
1765,92,93,-1,1
1766,119,110,9,9
1767,59,53,6,6
1768,66,62,4,4
1769,44,41,3,3
1770,46,37,9,9
1771,129,103,26,26
1772,93,77,16,16
1773,98,114,-16,16
1774,89,77,12,12
1775,74,62,12,12
1776,96,87,9,9
1777,103,83,20,20
1778,84,82,2,2
1779,75,63,12,12
1780,167,139,28,28
1781,85,78,7,7
1782,108,110,-2,2
1783,59,52,7,7
1784,101,91,10,10
1785,76,68,8,8
1786,118,101,17,17
1787,67,62,5,5
1788,53,59,-6,6
1789,108,97,11,11
1790,103,93,10,10
1791,130,132,-2,2
1792,83,73,10,10
1793,52,55,-3,3
1794,79,72,7,7
1795,80,77,3,3
1796,88,59,29,29
1797,55,53,2,2
1798,53,46,7,7
1799,116,99,17,17
1800,103,89,14,14
1801,73,72,1,1
1802,72,67,5,5
1803,155,129,26,26
1804,205,191,14,14
1805,55,49,6,6
1806,119,104,15,15
1807,93,77,16,16
1808,81,71,10,10
1809,93,81,12,12
1810,121,112,9,9
1811,62,55,7,7
1812,61,56,5,5
1813,113,100,13,13
1814,79,67,12,12
1815,130,121,9,9
1816,68,68,0,0
1817,81,72,9,9
1818,114,91,23,23
1819,101,79,22,22
1820,63,50,13,13
1821,87,89,-2,2
1822,117,104,13,13
1823,114,104,10,10
1824,109,94,15,15
1825,96,82,14,14
1826,54,52,2,2
1827,132,118,14,14
1828,85,84,1,1
1829,70,59,11,11
1830,60,47,13,13
1831,68,63,5,5
1832,48,39,9,9
1833,75,72,3,3
1834,126,111,15,15
1835,106,90,16,16
1836,60,52,8,8
1837,70,57,13,13
1838,52,43,9,9
1839,86,72,14,14
1840,74,61,13,13
1841,118,101,17,17
1842,43,40,3,3
1843,207,179,28,28
1844,97,83,14,14
1845,78,68,10,10
1846,100,93,7,7
1847,108,84,24,24
1848,73,65,8,8
1849,151,129,22,22
1850,45,42,3,3
1851,81,67,14,14
1852,68,59,9,9
1853,140,136,4,4
1854,121,102,19,19
1855,88,96,-8,8
1856,42,40,2,2
1857,76,71,5,5
1858,89,78,11,11
1859,61,51,10,10
1860,98,81,17,17
1861,78,73,5,5
1862,54,52,2,2
1863,128,134,-6,6
1864,160,141,19,19
1865,65,61,4,4
1866,109,95,14,14
1867,149,144,5,5
1868,112,92,20,20
1869,78,68,10,10
1870,61,50,11,11
1871,82,72,10,10
1872,54,47,7,7
1873,45,44,1,1
1874,102,85,17,17
1875,92,82,10,10
1876,121,112,9,9
1877,119,104,15,15
1878,84,70,14,14
1879,99,91,8,8
1880,116,108,8,8
1881,119,102,17,17
1882,157,142,15,15
1883,119,99,20,20
1884,92,78,14,14
1885,60,59,1,1
1886,101,92,9,9
1887,90,83,7,7
1888,132,126,6,6
1889,156,135,21,21
1890,101,89,12,12
1891,88,79,9,9
1892,141,106,35,35
1893,56,52,4,4
1894,85,69,16,16
1895,182,149,33,33
1896,127,103,24,24
1897,76,64,12,12
1898,83,70,13,13
1899,59,51,8,8
1900,33,31,2,2
1901,38,29,9,9
1902,90,72,18,18
1903,87,90,-3,3
1904,81,77,4,4
1905,123,114,9,9
1906,111,98,13,13
1907,207,195,12,12
1908,140,124,16,16
1909,90,77,13,13
1910,67,64,3,3
1911,102,125,-23,23
1912,65,60,5,5
1913,81,76,5,5
1914,75,65,10,10
1915,93,86,7,7
1916,87,93,-6,6
1917,183,154,29,29
1918,95,84,11,11
1919,200,173,27,27
1920,95,83,12,12
1921,199,174,25,25
1922,87,72,15,15
1923,56,48,8,8
1924,55,59,-4,4
1925,90,87,3,3
1926,64,60,4,4
1927,57,50,7,7
1928,179,175,4,4
1929,78,67,11,11
1930,54,53,1,1
1931,112,95,17,17
1932,69,78,-9,9
1933,73,72,1,1
1934,64,58,6,6
1935,65,65,0,0
1936,63,58,5,5
1937,159,138,21,21
1938,71,68,3,3
1939,90,76,14,14
1940,116,101,15,15
1941,110,99,11,11
1942,80,76,4,4
1943,116,111,5,5
1944,101,99,2,2
1945,145,123,22,22
1946,144,134,10,10
1947,163,134,29,29
1948,115,114,1,1
1949,115,111,4,4
1950,102,93,9,9
1951,105,88,17,17
1952,61,52,9,9
1953,74,63,11,11
1954,88,76,12,12
1955,86,66,20,20
1956,98,88,10,10
1957,113,100,13,13
1958,82,61,21,21
1959,124,96,28,28
1960,76,62,14,14
1961,137,122,15,15
1962,88,88,0,0
1963,130,111,19,19
1964,75,59,16,16
1965,97,74,23,23
1966,114,113,1,1
1967,92,83,9,9
1968,106,95,11,11
1969,89,83,6,6
1970,72,79,-7,7
1971,92,80,12,12
1972,66,57,9,9
1973,26,27,-1,1
1974,106,90,16,16
1975,82,74,8,8
1976,112,104,8,8
1977,94,80,14,14
1978,106,94,12,12
1979,114,98,16,16
1980,85,95,-10,10
1981,144,142,2,2
1982,137,117,20,20
1983,56,57,-1,1
1984,62,45,17,17
1985,65,64,1,1
1986,71,67,4,4
1987,78,79,-1,1
1988,66,54,12,12
1989,106,96,10,10
1990,74,88,-14,14
1991,46,114,-68,68
1992,140,119,21,21
1993,129,110,19,19
1994,83,76,7,7
1995,81,73,8,8
1996,49,41,8,8
1997,124,111,13,13
1998,42,36,6,6
1999,89,76,13,13
2000,101,84,17,17
2001,184,187,-3,3
2002,113,99,14,14
2003,212,185,27,27
2004,120,101,19,19
2005,95,86,9,9
2006,120,110,10,10
2007,97,86,11,11
2008,72,65,7,7
2009,80,59,21,21
2010,87,87,0,0
2011,100,87,13,13
2012,185,159,26,26
2013,90,80,10,10
2014,77,72,5,5
2015,67,64,3,3
2016,63,57,6,6
2017,74,67,7,7
2018,104,88,16,16
2019,129,116,13,13
2020,73,64,9,9
2021,128,110,18,18
2022,64,58,6,6
2023,88,74,14,14
2024,47,45,2,2
2025,68,59,9,9
2026,75,63,12,12
2027,75,66,9,9
2028,80,75,5,5
2029,61,58,3,3
2030,74,68,6,6
2031,79,74,5,5
2032,62,61,1,1
2033,121,114,7,7
2034,77,68,9,9
2035,104,90,14,14
2036,116,102,14,14
2037,61,67,-6,6
2038,86,73,13,13
2039,83,82,1,1
2040,119,106,13,13
2041,109,105,4,4
2042,83,85,-2,2
2043,66,65,1,1
2044,112,101,11,11
2045,110,101,9,9
2046,115,115,0,0
2047,97,89,8,8
2048,115,104,11,11
2049,78,72,6,6
2050,58,49,9,9
2051,98,94,4,4
2052,104,91,13,13
2053,109,91,18,18
2054,143,124,19,19
2055,98,85,13,13
2056,56,59,-3,3
2057,61,57,4,4
2058,86,71,15,15
2059,73,66,7,7
2060,101,87,14,14
2061,165,142,23,23
2062,64,44,20,20
2063,62,53,9,9
2064,68,57,11,11
2065,101,94,7,7
2066,72,72,0,0
2067,56,49,7,7
2068,109,90,19,19
2069,63,52,11,11
2070,48,46,2,2
2071,134,123,11,11
2072,91,89,2,2
2073,80,76,4,4
2074,112,96,16,16
2075,49,43,6,6
2076,91,78,13,13
2077,75,73,2,2
2078,86,72,14,14
2079,142,120,22,22
2080,79,67,12,12
2081,122,116,6,6
2082,139,124,15,15
2083,79,60,19,19
2084,184,154,30,30
2085,134,146,-12,12
2086,99,83,16,16
2087,59,57,2,2
2088,77,72,5,5
2089,84,72,12,12
2090,116,108,8,8
2091,41,40,1,1
2092,70,64,6,6
2093,39,34,5,5
2094,82,77,5,5
2095,58,53,5,5
2096,166,138,28,28
2097,71,66,5,5
2098,119,102,17,17
2099,92,88,4,4
2100,116,107,9,9
2101,121,101,20,20
2102,106,91,15,15
2103,82,71,11,11
2104,137,123,14,14
2105,113,105,8,8
2106,84,78,6,6
2107,136,115,21,21
2108,57,53,4,4
2109,142,122,20,20
2110,55,45,10,10
2111,82,71,11,11
2112,208,183,25,25
2113,101,80,21,21
2114,156,148,8,8
2115,175,149,26,26
2116,137,111,26,26
2117,105,112,-7,7
2118,84,78,6,6
2119,78,72,6,6
2120,115,93,22,22
2121,74,66,8,8
2122,67,59,8,8
2123,46,43,3,3
2124,123,109,14,14
2125,68,56,12,12
2126,110,103,7,7
2127,95,82,13,13
2128,77,75,2,2
2129,86,83,3,3
2130,62,49,13,13
2131,91,72,19,19
2132,76,69,7,7
2133,92,73,19,19
2134,98,82,16,16
2135,108,95,13,13
2136,142,131,11,11
2137,111,76,35,35
2138,96,89,7,7
2139,86,76,10,10
2140,138,120,18,18
2141,89,84,5,5
2142,149,122,27,27
2143,82,77,5,5
2144,135,126,9,9
2145,94,82,12,12
2146,79,73,6,6
2147,84,75,9,9
2148,44,73,-29,29
2149,46,56,-10,10
2150,96,83,13,13
2151,114,100,14,14
2152,57,53,4,4
2153,79,68,11,11
2154,78,75,3,3
2155,117,124,-7,7
2156,98,78,20,20
2157,57,45,12,12
2158,99,79,20,20
2159,97,82,15,15
2160,98,79,19,19
2161,70,57,13,13
2162,102,98,4,4
2163,82,78,4,4
2164,81,74,7,7
2165,69,62,7,7
2166,66,52,14,14
2167,97,76,21,21
2168,86,79,7,7
2169,58,51,7,7
2170,83,81,2,2
2171,78,69,9,9
2172,64,53,11,11
2173,127,96,31,31
2174,73,57,16,16
2175,70,72,-2,2
2176,93,82,11,11
2177,116,108,8,8
2178,103,80,23,23
2179,44,42,2,2
2180,84,81,3,3
2181,116,87,29,29
2182,102,93,9,9
2183,56,45,11,11
2184,117,104,13,13
2185,111,103,8,8
2186,82,81,1,1
2187,115,96,19,19
2188,96,97,-1,1
2189,137,102,35,35
2190,111,99,12,12
2191,63,61,2,2
2192,65,56,9,9
2193,57,48,9,9
2194,82,64,18,18
2195,64,77,-13,13
2196,100,90,10,10
2197,68,58,10,10
2198,57,55,2,2
2199,76,63,13,13
2200,138,121,17,17
2201,61,63,-2,2
2202,80,79,1,1
2203,98,92,6,6
2204,137,122,15,15
2205,101,86,15,15
2206,122,116,6,6
2207,75,74,1,1
2208,118,102,16,16
2209,87,80,7,7
2210,116,105,11,11
2211,97,86,11,11
2212,147,145,2,2
2213,74,64,10,10
2214,55,51,4,4
2215,110,88,22,22
2216,93,85,8,8
2217,64,63,1,1
2218,105,103,2,2
2219,70,88,-18,18
2220,92,75,17,17
2221,63,57,6,6
2222,93,85,8,8
2223,60,51,9,9
2224,82,74,8,8
2225,108,96,12,12
2226,118,107,11,11
2227,167,146,21,21
2228,112,101,11,11
2229,85,74,11,11
2230,77,81,-4,4
2231,105,98,7,7
2232,144,130,14,14
2233,159,153,6,6
2234,68,61,7,7
2235,42,34,8,8
2236,111,119,-8,8
2237,67,70,-3,3
2238,135,115,20,20
2239,45,40,5,5
2240,79,66,13,13
2241,117,111,6,6
2242,94,83,11,11
2243,44,61,-17,17
2244,94,92,2,2
2245,140,115,25,25
2246,98,84,14,14
2247,66,65,1,1
2248,63,61,2,2
2249,65,67,-2,2
2250,104,98,6,6
2251,92,87,5,5
2252,86,79,7,7
2253,81,77,4,4
2254,77,76,1,1
2255,78,69,9,9
2256,48,47,1,1
2257,39,36,3,3
2258,47,34,13,13
2259,94,92,2,2
2260,161,138,23,23
2261,72,51,21,21
2262,35,36,-1,1
2263,89,84,5,5
2264,69,84,-15,15
2265,102,97,5,5
2266,79,89,-10,10
2267,107,89,18,18
2268,111,112,-1,1
2269,95,92,3,3
2270,102,92,10,10
2271,89,86,3,3
2272,65,56,9,9
2273,108,96,12,12
2274,57,62,-5,5
2275,103,91,12,12
2276,151,116,35,35
2277,184,151,33,33
2278,78,69,9,9
2279,185,145,40,40
2280,63,63,0,0
2281,131,117,14,14
2282,155,128,27,27
2283,87,70,17,17
2284,136,120,16,16
2285,104,95,9,9
2286,54,49,5,5
2287,107,98,9,9
2288,64,53,11,11
2289,68,63,5,5
2290,90,81,9,9
2291,65,66,-1,1
2292,86,83,3,3
2293,78,69,9,9
2294,72,60,12,12
2295,50,51,-1,1
2296,107,95,12,12
2297,101,201,-100,100
2298,104,90,14,14
2299,47,41,6,6
2300,87,75,12,12
2301,102,94,8,8
2302,103,87,16,16
2303,62,52,10,10
2304,57,52,5,5
2305,68,64,4,4
2306,109,100,9,9
2307,80,78,2,2
2308,76,76,0,0
2309,97,90,7,7
2310,83,69,14,14
2311,116,100,16,16
2312,72,60,12,12
2313,49,46,3,3
2314,108,102,6,6
2315,106,83,23,23
2316,135,116,19,19
2317,115,106,9,9
2318,111,92,19,19
2319,95,77,18,18
2320,56,56,0,0
2321,154,125,29,29
2322,106,97,9,9
2323,71,67,4,4
2324,92,79,13,13
2325,96,74,22,22
2326,75,70,5,5
2327,127,100,27,27
2328,66,62,4,4
2329,78,70,8,8
2330,148,132,16,16
2331,95,81,14,14
2332,145,114,31,31
2333,80,77,3,3
2334,48,40,8,8
2335,73,73,0,0
2336,128,125,3,3
2337,38,40,-2,2
2338,180,163,17,17
2339,63,56,7,7
2340,60,51,9,9
2341,149,132,17,17
2342,97,91,6,6
2343,57,55,2,2
2344,158,129,29,29
2345,85,82,3,3
2346,83,66,17,17
2347,145,123,22,22
2348,76,66,10,10
2349,107,91,16,16
2350,177,158,19,19
2351,106,84,22,22
2352,73,66,7,7
2353,43,40,3,3
2354,141,112,29,29
2355,100,95,5,5
2356,81,89,-8,8
2357,267,198,69,69
2358,69,64,5,5
2359,114,104,10,10
2360,110,98,12,12
2361,107,99,8,8
2362,95,77,18,18
2363,92,74,18,18
2364,166,133,33,33
2365,83,79,4,4
2366,140,113,27,27
2367,102,85,17,17
2368,82,78,4,4
2369,88,82,6,6
2370,129,103,26,26
2371,171,158,13,13
2372,53,46,7,7
2373,139,110,29,29
2374,131,109,22,22
2375,137,111,26,26
2376,65,60,5,5
2377,83,77,6,6
2378,191,174,17,17
2379,65,51,14,14
2380,197,169,28,28
2381,101,90,11,11
2382,147,133,14,14
2383,159,146,13,13
2384,46,40,6,6
2385,151,130,21,21
2386,104,88,16,16
2387,132,125,7,7
2388,67,59,8,8
2389,80,71,9,9
2390,198,169,29,29
2391,116,120,-4,4
2392,72,96,-24,24
2393,152,129,23,23
2394,63,63,0,0
2395,61,58,3,3
2396,112,100,12,12
2397,96,79,17,17
2398,90,78,12,12
2399,118,107,11,11
2400,102,94,8,8
2401,65,57,8,8
2402,93,88,5,5
2403,64,54,10,10
2404,88,107,-19,19
2405,116,103,13,13
2406,94,98,-4,4
2407,96,96,0,0
2408,83,85,-2,2
2409,125,112,13,13
2410,71,57,14,14
2411,147,140,7,7
2412,117,108,9,9
2413,125,107,18,18
2414,65,53,12,12
2415,69,69,0,0
2416,72,65,7,7
2417,80,76,4,4
2418,73,60,13,13
2419,62,58,4,4
2420,126,113,13,13
2421,56,48,8,8
2422,90,88,2,2
2423,95,92,3,3
2424,67,64,3,3
2425,37,38,-1,1
2426,128,110,18,18
2427,63,52,11,11
2428,32,27,5,5
2429,63,53,10,10
2430,42,46,-4,4
2431,90,82,8,8
2432,58,54,4,4
2433,159,128,31,31
2434,114,112,2,2
2435,76,67,9,9
2436,71,62,9,9
2437,91,80,11,11
2438,144,124,20,20
2439,71,58,13,13
2440,70,67,3,3
2441,109,102,7,7
2442,86,77,9,9
2443,114,107,7,7
2444,66,49,17,17
2445,92,76,16,16
2446,71,61,10,10
2447,92,76,16,16
2448,137,136,1,1
2449,73,77,-4,4
2450,73,61,12,12
2451,101,84,17,17
2452,119,104,15,15
2453,97,87,10,10
2454,110,92,18,18
2455,69,61,8,8
2456,81,68,13,13
2457,67,65,2,2
2458,139,119,20,20
2459,88,75,13,13
2460,114,99,15,15
2461,64,52,12,12
2462,86,79,7,7
2463,122,105,17,17
2464,122,104,18,18
2465,94,81,13,13
2466,128,123,5,5
2467,83,70,13,13
2468,92,81,11,11
2469,175,158,17,17
2470,141,129,12,12
2471,72,69,3,3
2472,135,127,8,8
2473,84,73,11,11
2474,123,105,18,18
2475,113,106,7,7
2476,135,117,18,18
2477,83,78,5,5
2478,58,57,1,1
2479,146,132,14,14
2480,123,111,12,12
2481,50,43,7,7
2482,67,69,-2,2
2483,80,75,5,5
2484,136,119,17,17
2485,165,146,19,19
2486,84,68,16,16
2487,107,92,15,15
2488,151,141,10,10
2489,111,101,10,10
2490,51,49,2,2
2491,78,71,7,7
2492,145,112,33,33
2493,54,51,3,3
2494,86,73,13,13
2495,93,81,12,12
2496,117,98,19,19
2497,52,47,5,5
2498,84,80,4,4
2499,196,185,11,11
2500,70,52,18,18
2501,166,150,16,16
2502,103,83,20,20
2503,67,73,-6,6
2504,54,48,6,6
2505,91,82,9,9
2506,124,109,15,15
2507,80,70,10,10
2508,111,102,9,9
2509,108,86,22,22
2510,134,125,9,9
2511,98,89,9,9
2512,64,79,-15,15
2513,73,64,9,9
2514,94,88,6,6
2515,61,66,-5,5
2516,90,86,4,4
2517,102,89,13,13
2518,150,129,21,21
2519,97,89,8,8
2520,76,67,9,9
2521,58,53,5,5
2522,90,69,21,21
2523,70,63,7,7
2524,65,61,4,4
2525,78,70,8,8
2526,53,53,0,0
2527,83,68,15,15
2528,103,58,45,45
2529,74,64,10,10
2530,173,153,20,20
2531,63,59,4,4
2532,104,90,14,14
2533,96,89,7,7
2534,110,109,1,1
2535,83,72,11,11
2536,89,82,7,7
2537,95,93,2,2
2538,74,73,1,1
2539,55,44,11,11
2540,117,106,11,11
2541,32,25,7,7
2542,64,66,-2,2
2543,103,80,23,23
2544,121,108,13,13
2545,129,106,23,23
2546,90,82,8,8
2547,119,131,-12,12
2548,105,85,20,20
2549,78,64,14,14
2550,159,129,30,30
2551,73,68,5,5
2552,128,113,15,15
2553,149,137,12,12
2554,129,101,28,28
2555,87,81,6,6
2556,69,70,-1,1
2557,120,102,18,18
2558,57,48,9,9
2559,107,103,4,4
2560,56,49,7,7
2561,128,78,50,50
2562,153,121,32,32
2563,114,113,1,1
2564,96,93,3,3
2565,111,96,15,15
2566,130,119,11,11
2567,88,82,6,6
2568,75,67,8,8
2569,85,82,3,3
2570,105,93,12,12
2571,48,42,6,6
2572,98,86,12,12
2573,62,62,0,0
2574,142,127,15,15
2575,91,59,32,32
2576,85,77,8,8
2577,67,57,10,10
2578,116,99,17,17
2579,82,82,0,0
2580,136,126,10,10
2581,145,118,27,27
2582,76,72,4,4
2583,46,45,1,1
2584,112,115,-3,3
2585,119,112,7,7
2586,75,84,-9,9
2587,58,59,-1,1
2588,90,90,0,0
2589,106,105,1,1
2590,117,108,9,9
2591,97,83,14,14
2592,142,136,6,6
2593,156,140,16,16
2594,136,83,53,53
2595,73,71,2,2
2596,98,80,18,18
2597,79,74,5,5
2598,130,121,9,9
2599,114,107,7,7
2600,122,106,16,16
2601,87,70,17,17
2602,136,114,22,22
2603,157,131,26,26
2604,53,46,7,7
2605,106,94,12,12
2606,62,57,5,5
2607,87,83,4,4
2608,75,64,11,11
2609,71,65,6,6
2610,87,79,8,8
2611,81,75,6,6
2612,110,95,15,15
2613,119,106,13,13
2614,103,90,13,13
2615,65,52,13,13
2616,137,108,29,29
2617,66,65,1,1
2618,78,63,15,15
2619,93,89,4,4
2620,117,101,16,16
2621,95,84,11,11
2622,88,73,15,15
2623,102,83,19,19
2624,49,47,2,2
2625,82,70,12,12
2626,70,63,7,7
2627,78,76,2,2
2628,75,65,10,10
2629,80,69,11,11
2630,133,113,20,20
2631,82,75,7,7
2632,147,98,49,49
2633,174,150,24,24
2634,65,58,7,7
2635,95,87,8,8
2636,105,83,22,22
2637,72,60,12,12
2638,78,71,7,7
2639,137,125,12,12
2640,153,130,23,23
2641,131,133,-2,2
2642,53,49,4,4
2643,88,75,13,13
2644,74,68,6,6
2645,62,56,6,6
2646,97,95,2,2
2647,121,105,16,16
2648,106,97,9,9
2649,76,95,-19,19
2650,103,93,10,10
2651,87,70,17,17
2652,67,55,12,12
2653,68,80,-12,12
2654,123,103,20,20
2655,68,55,13,13
2656,115,104,11,11
2657,116,95,21,21
2658,95,81,14,14
2659,57,56,1,1
2660,106,91,15,15
2661,85,76,9,9
2662,106,84,22,22
2663,87,76,11,11
2664,86,80,6,6
2665,84,76,8,8
2666,60,52,8,8
2667,99,93,6,6
2668,84,86,-2,2
2669,60,54,6,6
2670,134,111,23,23
2671,130,120,10,10
2672,78,65,13,13
2673,62,55,7,7
2674,90,69,21,21
2675,105,100,5,5
2676,104,94,10,10
2677,102,92,10,10
2678,125,115,10,10
2679,74,54,20,20
2680,100,90,10,10
2681,103,97,6,6
2682,77,62,15,15
2683,86,73,13,13
2684,97,93,4,4
2685,81,78,3,3
2686,88,85,3,3
2687,52,50,2,2
2688,59,61,-2,2
2689,89,73,16,16
2690,51,56,-5,5
2691,45,45,0,0
2692,103,107,-4,4
2693,70,67,3,3
2694,148,129,19,19
2695,91,87,4,4
2696,45,39,6,6
2697,146,133,13,13
2698,119,109,10,10
2699,107,102,5,5
2700,170,142,28,28
2701,62,54,8,8
2702,130,102,28,28
2703,40,52,-12,12
2704,91,78,13,13
2705,61,55,6,6
2706,72,61,11,11
2707,113,101,12,12
2708,120,89,31,31
2709,52,49,3,3
2710,43,46,-3,3
2711,63,53,10,10
2712,106,95,11,11
2713,109,100,9,9
2714,136,120,16,16
2715,100,89,11,11
2716,58,56,2,2
2717,64,57,7,7
2718,135,128,7,7
2719,125,113,12,12
2720,91,95,-4,4
2721,81,78,3,3
2722,53,46,7,7
2723,120,108,12,12
2724,96,89,7,7
2725,42,34,8,8
2726,122,111,11,11
2727,67,55,12,12
2728,97,79,18,18
2729,65,58,7,7
2730,86,81,5,5
2731,72,61,11,11
2732,62,54,8,8
2733,72,61,11,11
2734,83,65,18,18
2735,129,119,10,10
2736,109,93,16,16
2737,72,76,-4,4
2738,78,76,2,2
2739,175,166,9,9
2740,125,112,13,13
2741,65,53,12,12
2742,122,109,13,13
2743,79,74,5,5
2744,35,41,-6,6
2745,86,81,5,5
2746,120,102,18,18
2747,96,87,9,9
2748,152,139,13,13
2749,114,110,4,4
2750,94,87,7,7
2751,67,59,8,8
2752,94,89,5,5
2753,145,114,31,31
2754,52,47,5,5
2755,108,99,9,9
2756,86,85,1,1
2757,91,84,7,7
2758,132,118,14,14
2759,160,144,16,16
2760,94,71,23,23
2761,136,111,25,25
2762,46,38,8,8
2763,76,62,14,14
2764,66,65,1,1
2765,72,64,8,8
2766,102,94,8,8
2767,77,71,6,6
2768,56,54,2,2
2769,139,132,7,7
2770,217,184,33,33
2771,105,99,6,6
2772,86,72,14,14
2773,172,144,28,28
2774,131,124,7,7
2775,141,122,19,19
2776,85,85,0,0
2777,68,54,14,14
2778,90,84,6,6
2779,75,70,5,5
2780,82,77,5,5
2781,76,59,17,17
2782,92,83,9,9
2783,76,67,9,9
2784,108,94,14,14
2785,99,87,12,12
2786,65,61,4,4
2787,101,98,3,3
2788,196,168,28,28
2789,80,77,3,3
2790,130,121,9,9
2791,57,66,-9,9
2792,105,88,17,17
2793,83,75,8,8
2794,75,81,-6,6
2795,37,35,2,2
2796,92,92,0,0
2797,70,59,11,11
2798,35,35,0,0
2799,120,99,21,21
2800,87,66,21,21
2801,56,42,14,14
2802,84,75,9,9
2803,185,164,21,21
2804,95,70,25,25
2805,76,67,9,9
2806,60,52,8,8
2807,84,78,6,6
2808,67,58,9,9
2809,79,70,9,9
2810,106,95,11,11
2811,121,106,15,15
2812,81,83,-2,2
2813,93,83,10,10
2814,150,128,22,22
2815,104,100,4,4
2816,95,82,13,13
2817,120,103,17,17
2818,140,137,3,3
2819,106,107,-1,1
2820,92,71,21,21
2821,75,67,8,8
2822,69,72,-3,3
2823,78,70,8,8
2824,57,54,3,3
2825,71,58,13,13
2826,110,96,14,14
2827,90,80,10,10
2828,58,49,9,9
2829,52,49,3,3
2830,108,98,10,10
2831,53,54,-1,1
2832,102,91,11,11
2833,89,84,5,5
2834,158,131,27,27
2835,81,66,15,15
2836,93,92,1,1
2837,127,108,19,19
2838,117,104,13,13
2839,105,90,15,15
2840,133,117,16,16
2841,106,87,19,19
2842,149,127,22,22
2843,117,104,13,13
2844,92,83,9,9
2845,74,62,12,12
2846,156,135,21,21
2847,90,78,12,12
2848,116,105,11,11
2849,118,101,17,17
2850,109,97,12,12
2851,110,98,12,12
2852,84,82,2,2
2853,120,96,24,24
2854,145,132,13,13
2855,64,59,5,5
2856,95,102,-7,7
2857,54,52,2,2
2858,109,96,13,13
2859,81,70,11,11
2860,74,71,3,3
2861,123,116,7,7
2862,88,78,10,10
2863,153,143,10,10
2864,119,116,3,3
2865,100,89,11,11
2866,91,77,14,14
2867,85,66,19,19
2868,72,62,10,10
2869,137,116,21,21
2870,120,131,-11,11
2871,58,55,3,3
2872,106,94,12,12
2873,100,86,14,14
2874,75,68,7,7
2875,71,63,8,8
2876,90,74,16,16
2877,56,51,5,5
2878,109,97,12,12
2879,97,92,5,5
2880,95,78,17,17
2881,84,71,13,13
2882,64,55,9,9
2883,79,68,11,11
2884,66,59,7,7
2885,65,61,4,4
2886,117,105,12,12
2887,143,127,16,16
2888,65,56,9,9
2889,80,71,9,9
2890,111,105,6,6
2891,116,105,11,11
2892,80,122,-42,42
2893,89,82,7,7
2894,181,154,27,27
2895,95,81,14,14
2896,81,71,10,10
2897,172,142,30,30
2898,137,112,25,25
2899,83,77,6,6
2900,98,89,9,9
2901,131,113,18,18
2902,75,67,8,8
2903,160,141,19,19
2904,115,94,21,21
2905,124,119,5,5
2906,121,103,18,18
2907,113,99,14,14
2908,116,99,17,17
2909,62,63,-1,1
2910,94,76,18,18
2911,92,83,9,9
2912,144,127,17,17
2913,37,73,-36,36
2914,65,64,1,1
2915,159,160,-1,1
2916,76,65,11,11
2917,116,105,11,11
2918,79,66,13,13
2919,89,91,-2,2
2920,79,69,10,10
2921,100,97,3,3
2922,92,74,18,18
2923,90,80,10,10
2924,53,48,5,5
2925,97,94,3,3
2926,148,133,15,15
2927,104,97,7,7
2928,57,46,11,11
2929,71,62,9,9
2930,116,116,0,0
2931,191,170,21,21
2932,122,106,16,16
2933,60,54,6,6
2934,125,138,-13,13
2935,69,72,-3,3
2936,98,88,10,10
2937,131,107,24,24
2938,105,100,5,5
2939,103,88,15,15
2940,60,59,1,1
2941,67,62,5,5
2942,118,105,13,13
2943,58,69,-11,11
2944,76,69,7,7
2945,109,84,25,25
2946,72,64,8,8
2947,87,76,11,11
2948,57,57,0,0
2949,85,79,6,6
2950,78,75,3,3
2951,88,72,16,16
2952,75,62,13,13
2953,124,107,17,17
2954,84,79,5,5
2955,112,95,17,17
2956,98,83,15,15
2957,152,134,18,18
2958,54,49,5,5
2959,121,110,11,11
2960,164,141,23,23
2961,58,51,7,7
2962,164,145,19,19
2963,47,49,-2,2
2964,163,155,8,8
2965,104,92,12,12
2966,66,63,3,3
2967,111,100,11,11
2968,60,57,3,3
2969,45,41,4,4
2970,98,79,19,19
2971,129,108,21,21
2972,94,83,11,11
2973,100,93,7,7
2974,88,81,7,7
2975,79,71,8,8
2976,73,67,6,6
2977,125,108,17,17
2978,91,88,3,3
2979,102,93,9,9
2980,137,119,18,18
2981,186,167,19,19
2982,67,65,2,2
2983,59,56,3,3
2984,36,36,0,0
2985,128,109,19,19
2986,80,66,14,14
2987,102,107,-5,5
2988,137,103,34,34
2989,58,45,13,13
2990,94,86,8,8
2991,90,70,20,20
2992,110,91,19,19
2993,101,100,1,1
2994,78,69,9,9
2995,121,96,25,25
2996,87,72,15,15
2997,81,65,16,16
2998,70,67,3,3
2999,142,124,18,18
3000,93,87,6,6
3001,98,78,20,20
3002,125,112,13,13
3003,65,56,9,9
3004,126,119,7,7
3005,77,66,11,11
3006,79,73,6,6
3007,85,82,3,3
3008,65,52,13,13
3009,74,74,0,0
3010,124,114,10,10
3011,112,88,24,24
3012,99,94,5,5
3013,73,63,10,10
3014,97,99,-2,2
3015,73,69,4,4
3016,58,50,8,8
3017,172,157,15,15
3018,91,81,10,10
3019,67,64,3,3
3020,100,92,8,8
3021,110,99,11,11
3022,58,56,2,2
3023,96,95,1,1
3024,69,67,2,2
3025,91,83,8,8
3026,64,61,3,3
3027,71,67,4,4
3028,49,59,-10,10
3029,88,84,4,4
3030,147,114,33,33
3031,71,60,11,11
3032,117,98,19,19
3033,89,84,5,5
3034,95,84,11,11
3035,78,74,4,4
3036,82,84,-2,2
3037,72,66,6,6
3038,137,104,33,33
3039,122,112,10,10
3040,115,97,18,18
3041,120,103,17,17
3042,119,108,11,11
3043,84,76,8,8
3044,88,74,14,14
3045,60,56,4,4
3046,115,103,12,12
3047,81,68,13,13
3048,136,133,3,3
3049,85,83,2,2
3050,100,95,5,5
3051,118,111,7,7
3052,109,93,16,16
3053,61,67,-6,6
3054,105,93,12,12
3055,206,172,34,34
3056,112,100,12,12
3057,83,76,7,7
3058,181,169,12,12
3059,151,129,22,22
3060,104,94,10,10
3061,83,89,-6,6
3062,109,91,18,18
3063,62,56,6,6
3064,76,69,7,7
3065,86,84,2,2
3066,127,103,24,24
3067,83,74,9,9
3068,122,98,24,24
3069,103,98,5,5
3070,107,95,12,12
3071,94,80,14,14
3072,103,82,21,21
3073,72,57,15,15
3074,66,64,2,2
3075,70,75,-5,5
3076,54,44,10,10
3077,57,61,-4,4
3078,165,149,16,16
3079,125,110,15,15
3080,125,122,3,3
3081,92,79,13,13
3082,53,43,10,10
3083,106,113,-7,7
3084,95,83,12,12
3085,94,77,17,17
3086,72,65,7,7
3087,78,70,8,8
3088,113,102,11,11
3089,106,85,21,21
3090,101,88,13,13
3091,102,100,2,2
3092,95,82,13,13
3093,69,62,7,7
3094,74,61,13,13
3095,104,86,18,18
3096,78,72,6,6
3097,86,77,9,9
3098,41,36,5,5
3099,86,77,9,9
3100,80,68,12,12
3101,182,155,27,27
3102,83,77,6,6
3103,65,53,12,12
3104,81,67,14,14
3105,159,142,17,17
3106,103,92,11,11
3107,102,85,17,17
3108,60,49,11,11
3109,142,116,26,26
3110,62,56,6,6
3111,129,113,16,16
3112,79,75,4,4
3113,87,78,9,9
3114,127,103,24,24
3115,56,54,2,2
3116,94,97,-3,3
3117,90,78,12,12
3118,62,62,0,0
3119,60,60,0,0
3120,110,120,-10,10
3121,98,92,6,6
3122,58,55,3,3
3123,88,80,8,8
3124,35,30,5,5
3125,138,124,14,14
3126,73,67,6,6
3127,99,75,24,24
3128,87,74,13,13
3129,69,62,7,7
3130,102,82,20,20
3131,89,81,8,8
3132,106,87,19,19
3133,116,100,16,16
3134,69,66,3,3
3135,75,63,12,12
3136,91,76,15,15
3137,67,59,8,8
3138,133,128,5,5
3139,76,71,5,5
3140,103,85,18,18
3141,71,55,16,16
3142,135,121,14,14
3143,99,93,6,6
3144,104,88,16,16
3145,146,115,31,31
3146,57,44,13,13
3147,108,107,1,1
3148,82,65,17,17
3149,106,86,20,20
3150,110,99,11,11
3151,98,87,11,11
3152,62,50,12,12
3153,102,93,9,9
3154,130,120,10,10
3155,108,87,21,21
3156,61,56,5,5
3157,73,75,-2,2
3158,54,46,8,8
3159,63,51,12,12
3160,140,109,31,31
3161,47,111,-64,64
3162,68,66,2,2
3163,134,113,21,21
3164,106,92,14,14
3165,72,64,8,8
3166,107,97,10,10
3167,107,94,13,13
3168,53,47,6,6
3169,112,94,18,18
3170,124,110,14,14
3171,103,88,15,15
3172,76,72,4,4
3173,103,92,11,11
3174,92,85,7,7
3175,40,34,6,6
3176,79,69,10,10
3177,83,80,3,3
3178,77,65,12,12
3179,75,64,11,11
3180,63,50,13,13
3181,134,120,14,14
3182,66,62,4,4
3183,173,158,15,15
3184,100,80,20,20
3185,119,94,25,25
3186,143,131,12,12
3187,61,62,-1,1
3188,59,55,4,4
3189,91,90,1,1
3190,61,59,2,2
3191,127,111,16,16
3192,164,144,20,20
3193,81,72,9,9
3194,136,118,18,18
3195,73,72,1,1
3196,72,67,5,5
3197,82,71,11,11
3198,79,71,8,8
3199,70,66,4,4
3200,95,83,12,12
3201,63,53,10,10
3202,67,59,8,8
3203,127,116,11,11
3204,107,94,13,13
3205,58,54,4,4
3206,91,84,7,7
3207,60,52,8,8
3208,94,93,1,1
3209,90,69,21,21
3210,49,43,6,6
3211,94,104,-10,10
3212,68,56,12,12
3213,86,69,17,17
3214,107,85,22,22
3215,54,46,8,8
3216,88,70,18,18
3217,69,67,2,2
3218,85,73,12,12
3219,99,85,14,14
3220,116,115,1,1
3221,113,100,13,13
3222,42,48,-6,6
3223,36,34,2,2
3224,52,50,2,2
3225,88,71,17,17
3226,62,59,3,3
3227,87,69,18,18
3228,97,101,-4,4
3229,94,89,5,5
3230,113,98,15,15
3231,168,141,27,27
3232,107,90,17,17
3233,130,116,14,14
3234,169,149,20,20
3235,84,78,6,6
3236,151,111,40,40
3237,75,59,16,16
3238,73,64,9,9
3239,64,65,-1,1
3240,144,139,5,5
3241,86,80,6,6
3242,91,77,14,14
3243,76,64,12,12
3244,112,105,7,7
3245,46,55,-9,9
3246,51,47,4,4
3247,116,96,20,20
3248,106,110,-4,4
3249,63,63,0,0
3250,115,98,17,17
3251,151,149,2,2
3252,70,55,15,15
3253,153,140,13,13
3254,66,56,10,10
3255,95,90,5,5
3256,71,63,8,8
3257,75,67,8,8
3258,83,72,11,11
3259,75,62,13,13
3260,111,89,22,22
3261,95,83,12,12
3262,133,111,22,22
3263,56,42,14,14
3264,42,43,-1,1
3265,61,56,5,5
3266,72,66,6,6
3267,60,56,4,4
3268,95,79,16,16
3269,115,114,1,1
3270,101,98,3,3
3271,65,61,4,4
3272,100,97,3,3
3273,69,63,6,6
3274,81,74,7,7
3275,82,73,9,9
3276,107,93,14,14
3277,112,106,6,6
3278,99,90,9,9
3279,75,68,7,7
3280,161,139,22,22
3281,76,66,10,10
3282,142,127,15,15
3283,111,93,18,18
3284,78,72,6,6
3285,137,119,18,18
3286,40,37,3,3
3287,65,57,8,8
3288,88,83,5,5
3289,103,83,20,20
3290,143,147,-4,4
3291,37,26,11,11
3292,65,54,11,11
3293,90,77,13,13
3294,97,75,22,22
3295,107,92,15,15
3296,104,97,7,7
3297,151,131,20,20
3298,98,88,10,10
3299,91,88,3,3
3300,90,79,11,11
3301,79,75,4,4
3302,62,51,11,11
3303,83,69,14,14
3304,102,97,5,5
3305,92,88,4,4
3306,48,46,2,2
3307,103,94,9,9
3308,65,52,13,13
3309,84,75,9,9
3310,57,49,8,8
3311,108,102,6,6
3312,80,71,9,9
3313,66,73,-7,7
3314,106,99,7,7
3315,52,47,5,5
3316,107,109,-2,2
3317,107,90,17,17
3318,57,53,4,4
3319,137,123,14,14
3320,69,60,9,9
3321,90,73,17,17
3322,65,60,5,5
3323,49,44,5,5
3324,153,133,20,20
3325,119,102,17,17
3326,75,69,6,6
3327,160,142,18,18
3328,140,127,13,13
3329,146,135,11,11
3330,104,81,23,23
3331,94,87,7,7
3332,60,48,12,12
3333,118,94,24,24
3334,71,65,6,6
3335,66,61,5,5
3336,183,151,32,32
3337,103,84,19,19
3338,119,105,14,14
3339,107,109,-2,2
3340,92,77,15,15
3341,89,87,2,2
3342,116,93,23,23
3343,84,69,15,15
3344,118,113,5,5
3345,52,48,4,4
3346,75,73,2,2
3347,163,143,20,20
3348,96,86,10,10
3349,104,101,3,3
3350,135,125,10,10
3351,78,72,6,6
3352,127,109,18,18
3353,96,85,11,11
3354,123,96,27,27
3355,119,100,19,19
3356,83,75,8,8
3357,107,98,9,9
3358,96,76,20,20
3359,105,93,12,12
3360,142,114,28,28
3361,67,63,4,4
3362,67,65,2,2
3363,126,112,14,14
3364,59,56,3,3
3365,59,54,5,5
3366,74,67,7,7
3367,87,79,8,8
3368,69,65,4,4
3369,66,59,7,7
3370,117,94,23,23
3371,186,165,21,21
3372,63,57,6,6
3373,125,113,12,12
3374,87,71,16,16
3375,97,91,6,6
3376,96,80,16,16
3377,49,40,9,9
3378,105,99,6,6
3379,48,41,7,7
3380,111,97,14,14
3381,98,93,5,5
3382,123,100,23,23
3383,74,58,16,16
3384,55,48,7,7
3385,124,109,15,15
3386,151,131,20,20
3387,54,49,5,5
3388,44,40,4,4
3389,78,76,2,2
3390,141,134,7,7
3391,85,73,12,12
3392,40,46,-6,6
3393,77,67,10,10
3394,104,89,15,15
3395,71,56,15,15
3396,94,90,4,4
3397,98,95,3,3
3398,56,51,5,5
3399,64,65,-1,1
3400,107,94,13,13
3401,58,53,5,5
3402,40,37,3,3
3403,107,82,25,25
3404,110,96,14,14
3405,124,102,22,22
3406,100,81,19,19
3407,88,83,5,5
3408,131,97,34,34
3409,93,74,19,19
3410,134,117,17,17
3411,81,81,0,0
3412,81,75,6,6
3413,84,79,5,5
3414,86,77,9,9
3415,152,139,13,13
3416,64,57,7,7
3417,73,72,1,1
3418,118,103,15,15
3419,73,63,10,10
3420,88,69,19,19
3421,112,108,4,4
3422,141,129,12,12
3423,150,141,9,9
3424,105,92,13,13
3425,163,141,22,22
3426,29,31,-2,2
3427,94,85,9,9
3428,67,66,1,1
3429,98,102,-4,4
3430,89,81,8,8
3431,106,94,12,12
3432,100,88,12,12
3433,107,82,25,25
3434,64,59,5,5
3435,45,46,-1,1
3436,77,74,3,3
3437,144,117,27,27
3438,103,93,10,10
3439,67,99,-32,32
3440,38,34,4,4
3441,116,103,13,13
3442,102,93,9,9
3443,119,104,15,15
3444,88,80,8,8
3445,111,97,14,14
3446,48,42,6,6
3447,131,106,25,25
3448,86,77,9,9
3449,76,69,7,7
3450,80,74,6,6
3451,99,84,15,15
3452,132,116,16,16
3453,91,95,-4,4
3454,105,91,14,14
3455,159,149,10,10
3456,117,103,14,14
3457,142,135,7,7
3458,69,56,13,13
3459,79,65,14,14
3460,134,129,5,5
3461,101,82,19,19
3462,94,82,12,12
3463,97,108,-11,11
3464,112,89,23,23
3465,70,61,9,9
3466,139,117,22,22
3467,120,99,21,21
3468,93,89,4,4
3469,70,64,6,6
3470,77,64,13,13
3471,91,80,11,11
3472,57,46,11,11
3473,75,74,1,1
3474,64,55,9,9
3475,88,78,10,10
3476,90,83,7,7
3477,82,77,5,5
3478,54,49,5,5
3479,101,91,10,10
3480,102,96,6,6
3481,92,84,8,8
3482,77,69,8,8
3483,76,73,3,3
3484,109,100,9,9
3485,48,45,3,3
3486,86,74,12,12
3487,91,81,10,10
3488,60,48,12,12
3489,117,106,11,11
3490,121,112,9,9
3491,129,122,7,7
3492,90,86,4,4
3493,106,76,30,30
3494,80,63,17,17
3495,129,100,29,29
3496,65,58,7,7
3497,48,46,2,2
3498,104,90,14,14
3499,72,62,10,10
3500,69,62,7,7
3501,115,100,15,15
3502,147,151,-4,4
3503,83,78,5,5
3504,96,87,9,9
3505,83,73,10,10
3506,106,96,10,10
3507,83,79,4,4
3508,94,73,21,21
3509,101,77,24,24
3510,112,103,9,9
3511,56,55,1,1
3512,106,96,10,10
3513,93,77,16,16
3514,83,79,4,4
3515,60,56,4,4
3516,116,104,12,12
3517,127,101,26,26
3518,65,64,1,1
3519,134,129,5,5
3520,45,50,-5,5
3521,74,72,2,2
3522,107,99,8,8
3523,97,87,10,10
3524,145,130,15,15
3525,101,92,9,9
3526,104,74,30,30
3527,90,84,6,6
3528,98,81,17,17
3529,107,103,4,4
3530,66,60,6,6
3531,76,77,-1,1
3532,39,35,4,4
3533,89,78,11,11
3534,47,47,0,0
3535,68,70,-2,2
3536,47,42,5,5
3537,194,153,41,41
3538,107,105,2,2
3539,155,138,17,17
3540,163,143,20,20
3541,93,71,22,22
3542,124,115,9,9
3543,28,24,4,4
3544,101,97,4,4
3545,70,63,7,7
3546,61,59,2,2
3547,92,75,17,17
3548,78,74,4,4
3549,51,49,2,2
3550,99,91,8,8
3551,95,83,12,12
3552,137,106,31,31
3553,90,80,10,10
3554,84,80,4,4
3555,72,69,3,3
3556,83,80,3,3
3557,94,84,10,10
3558,86,72,14,14
3559,86,70,16,16
3560,87,81,6,6
3561,104,101,3,3
3562,58,52,6,6
3563,50,57,-7,7
3564,44,41,3,3
3565,83,73,10,10
3566,97,86,11,11
3567,146,121,25,25
3568,147,116,31,31
3569,107,93,14,14
3570,117,95,22,22
3571,152,143,9,9
3572,130,107,23,23
3573,157,133,24,24
3574,268,218,50,50
3575,90,74,16,16
3576,101,93,8,8
3577,73,64,9,9
3578,120,108,12,12
3579,86,76,10,10
3580,144,115,29,29
3581,97,84,13,13
3582,93,78,15,15
3583,49,44,5,5
3584,97,89,8,8
3585,99,79,20,20
3586,63,55,8,8
3587,135,114,21,21
3588,66,63,3,3
3589,71,64,7,7
3590,74,63,11,11
3591,160,133,27,27
3592,52,51,1,1
3593,84,71,13,13
3594,127,122,5,5
3595,82,69,13,13
3596,80,74,6,6
3597,108,98,10,10
3598,104,101,3,3
3599,106,86,20,20
3600,154,134,20,20
3601,54,50,4,4
3602,91,91,0,0
3603,115,117,-2,2
3604,98,95,3,3
3605,117,109,8,8
3606,46,42,4,4
3607,93,85,8,8
3608,50,43,7,7
3609,110,141,-31,31
3610,101,87,14,14
3611,121,96,25,25
3612,129,125,4,4
3613,123,99,24,24
3614,55,57,-2,2
3615,97,74,23,23
3616,102,93,9,9
3617,127,123,4,4
3618,66,59,7,7
3619,75,67,8,8
3620,125,124,1,1
3621,75,62,13,13
3622,137,132,5,5
3623,76,67,9,9
3624,80,60,20,20
3625,93,81,12,12
3626,213,198,15,15
3627,73,65,8,8
3628,99,85,14,14
3629,152,137,15,15
3630,110,102,8,8
3631,53,51,2,2
3632,83,72,11,11
3633,94,88,6,6
3634,60,56,4,4
3635,150,130,20,20
3636,146,123,23,23
3637,156,153,3,3
3638,99,87,12,12
3639,66,59,7,7
3640,85,71,14,14
3641,68,77,-9,9
3642,174,154,20,20
3643,112,90,22,22
3644,102,93,9,9
3645,96,85,11,11
3646,123,107,16,16
3647,62,63,-1,1
3648,42,39,3,3
3649,84,68,16,16
3650,99,103,-4,4
3651,96,91,5,5
3652,94,76,18,18
3653,88,75,13,13
3654,113,94,19,19
3655,136,129,7,7
3656,51,49,2,2
3657,82,80,2,2
3658,103,82,21,21
3659,109,94,15,15
3660,39,39,0,0
3661,66,54,12,12
3662,68,56,12,12
3663,97,81,16,16
3664,85,74,11,11
3665,123,106,17,17
3666,134,124,10,10
3667,171,149,22,22
3668,88,79,9,9
3669,83,69,14,14
3670,52,49,3,3
3671,90,81,9,9
3672,75,69,6,6
3673,80,73,7,7
3674,85,71,14,14
3675,113,113,0,0
3676,85,63,22,22
3677,124,108,16,16
3678,126,108,18,18
3679,136,108,28,28
3680,111,104,7,7
3681,122,101,21,21
3682,84,76,8,8
3683,53,44,9,9
3684,83,73,10,10
3685,132,118,14,14
3686,133,124,9,9
3687,96,81,15,15
3688,53,47,6,6
3689,87,88,-1,1
3690,63,54,9,9
3691,92,72,20,20
3692,73,72,1,1
3693,142,121,21,21
3694,93,69,24,24
3695,69,61,8,8
3696,59,50,9,9
3697,120,113,7,7
3698,52,46,6,6
3699,50,45,5,5
3700,80,78,2,2
3701,68,63,5,5
3702,73,63,10,10
3703,245,181,64,64
3704,147,135,12,12
3705,75,65,10,10
3706,59,57,2,2
3707,84,73,11,11
3708,92,79,13,13
3709,146,127,19,19
3710,183,165,18,18
3711,64,60,4,4
3712,101,80,21,21
3713,102,90,12,12
3714,117,103,14,14
3715,178,154,24,24
3716,143,109,34,34
3717,68,69,-1,1
3718,90,75,15,15
3719,48,41,7,7
3720,74,66,8,8
3721,63,53,10,10
3722,74,69,5,5
3723,83,79,4,4
3724,89,85,4,4
3725,112,95,17,17
3726,89,85,4,4
3727,71,61,10,10
3728,72,68,4,4
3729,66,57,9,9
3730,173,160,13,13
3731,139,130,9,9
3732,94,90,4,4
3733,48,45,3,3
3734,102,93,9,9
3735,69,63,6,6
3736,67,56,11,11
3737,91,81,10,10
3738,109,101,8,8
3739,39,38,1,1
3740,146,126,20,20
3741,103,96,7,7
3742,149,136,13,13
3743,78,62,16,16
3744,78,72,6,6
3745,76,61,15,15
3746,81,75,6,6
3747,155,147,8,8
3748,76,71,5,5
3749,113,99,14,14
3750,87,78,9,9
3751,81,66,15,15
3752,82,77,5,5
3753,107,102,5,5
3754,148,133,15,15
3755,57,56,1,1
3756,73,64,9,9
3757,112,95,17,17
3758,48,42,6,6
3759,77,78,-1,1
3760,142,117,25,25
3761,142,118,24,24
3762,122,113,9,9
3763,67,54,13,13
3764,132,104,28,28
3765,134,140,-6,6
3766,96,77,19,19
3767,70,61,9,9
3768,84,72,12,12
3769,108,89,19,19
3770,159,140,19,19
3771,114,115,-1,1
3772,71,66,5,5
3773,88,87,1,1
3774,95,81,14,14
3775,36,30,6,6
3776,99,93,6,6
3777,54,53,1,1
3778,148,124,24,24
3779,75,62,13,13
3780,64,65,-1,1
3781,170,151,19,19
3782,176,148,28,28
3783,143,113,30,30
3784,108,88,20,20
3785,94,156,-62,62
3786,102,106,-4,4
3787,92,88,4,4
3788,132,125,7,7
3789,84,77,7,7
3790,152,133,19,19
3791,94,75,19,19
3792,103,97,6,6
3793,122,113,9,9
3794,79,74,5,5
3795,81,60,21,21
3796,81,74,7,7
3797,65,52,13,13
3798,90,71,19,19
3799,85,79,6,6
3800,74,70,4,4
3801,110,93,17,17
3802,62,59,3,3
3803,132,121,11,11
3804,94,85,9,9
3805,77,67,10,10
3806,69,69,0,0
3807,90,81,9,9
3808,58,52,6,6
3809,101,96,5,5
3810,72,70,2,2
3811,49,57,-8,8
3812,120,111,9,9
3813,60,62,-2,2
3814,140,142,-2,2
3815,53,46,7,7
3816,66,59,7,7
3817,60,53,7,7
3818,103,98,5,5
3819,92,84,8,8
3820,158,125,33,33
3821,71,77,-6,6
3822,73,69,4,4
3823,66,63,3,3
3824,149,133,16,16
3825,146,127,19,19
3826,68,54,14,14
3827,108,96,12,12
3828,54,51,3,3
3829,70,61,9,9
3830,98,86,12,12
3831,112,99,13,13
3832,64,56,8,8
3833,96,86,10,10
3834,124,121,3,3
3835,73,68,5,5
3836,75,69,6,6
3837,97,83,14,14
3838,100,88,12,12
3839,153,157,-4,4
3840,145,134,11,11
3841,98,80,18,18
3842,114,92,22,22
3843,111,88,23,23
3844,68,66,2,2
3845,60,57,3,3
3846,87,93,-6,6
3847,74,57,17,17
3848,54,55,-1,1
3849,77,66,11,11
3850,63,55,8,8
3851,120,103,17,17
3852,107,85,22,22
3853,75,73,2,2
3854,96,88,8,8
3855,50,40,10,10
3856,152,121,31,31
3857,133,117,16,16
3858,140,132,8,8
3859,63,55,8,8
3860,82,78,4,4
3861,101,100,1,1
3862,78,67,11,11
3863,101,83,18,18
3864,74,65,9,9
3865,104,91,13,13
3866,97,86,11,11
3867,55,60,-5,5
3868,166,144,22,22
3869,110,92,18,18
3870,76,88,-12,12
3871,81,76,5,5
3872,128,113,15,15
3873,108,94,14,14
3874,68,60,8,8
3875,86,78,8,8
3876,79,71,8,8
3877,65,59,6,6
3878,148,132,16,16
3879,165,136,29,29
3880,96,91,5,5
3881,61,53,8,8
3882,86,70,16,16
3883,65,56,9,9
3884,124,123,1,1
3885,94,82,12,12
3886,55,50,5,5
3887,71,60,11,11
3888,132,109,23,23
3889,55,50,5,5
3890,97,99,-2,2
3891,96,91,5,5
3892,101,86,15,15
3893,100,77,23,23
3894,78,67,11,11
3895,132,126,6,6
3896,73,66,7,7
3897,93,72,21,21
3898,51,41,10,10
3899,136,121,15,15
3900,80,63,17,17
3901,159,152,7,7
3902,151,134,17,17
3903,64,55,9,9
3904,75,66,9,9
3905,151,117,34,34
3906,72,69,3,3
3907,113,84,29,29
3908,88,82,6,6
3909,93,84,9,9
3910,62,62,0,0
3911,59,61,-2,2
3912,104,91,13,13
3913,133,114,19,19
3914,66,68,-2,2
3915,90,88,2,2
3916,98,85,13,13
3917,181,132,49,49
3918,68,56,12,12
3919,81,69,12,12
3920,148,132,16,16
3921,92,74,18,18
3922,109,93,16,16
3923,176,163,13,13
3924,236,193,43,43
3925,112,95,17,17
3926,74,68,6,6
3927,82,65,17,17
3928,78,70,8,8
3929,83,76,7,7
3930,89,81,8,8
3931,95,84,11,11
3932,177,156,21,21
3933,53,56,-3,3
3934,94,93,1,1
3935,104,93,11,11
3936,63,59,4,4
3937,94,83,11,11
3938,95,86,9,9
3939,122,101,21,21
3940,135,114,21,21
3941,170,138,32,32
3942,104,104,0,0
3943,153,135,18,18
3944,70,84,-14,14
3945,124,101,23,23
3946,81,69,12,12
3947,143,126,17,17
3948,86,86,0,0
3949,87,73,14,14
3950,92,85,7,7
3951,111,97,14,14
3952,73,68,5,5
3953,83,65,18,18
3954,117,100,17,17
3955,92,81,11,11
3956,70,69,1,1
3957,107,93,14,14
3958,62,61,1,1
3959,96,83,13,13
3960,93,82,11,11
3961,50,48,2,2
3962,61,51,10,10
3963,118,112,6,6
3964,117,102,15,15
3965,116,97,19,19
3966,183,155,28,28
3967,56,59,-3,3
3968,67,58,9,9
3969,81,66,15,15
3970,117,97,20,20
3971,98,83,15,15
3972,63,56,7,7
3973,62,51,11,11
3974,84,84,0,0
3975,156,136,20,20
3976,105,85,20,20
3977,89,75,14,14
3978,132,124,8,8
3979,106,100,6,6
3980,111,99,12,12
3981,150,140,10,10
3982,95,92,3,3
3983,20,29,-9,9
3984,99,87,12,12
3985,103,93,10,10
3986,73,79,-6,6
3987,83,69,14,14
3988,69,62,7,7
3989,130,115,15,15
3990,106,93,13,13
3991,104,84,20,20
3992,125,119,6,6
3993,121,92,29,29
3994,190,167,23,23
3995,116,109,7,7
3996,87,94,-7,7
3997,71,65,6,6
3998,71,69,2,2
3999,146,139,7,7
4000,97,90,7,7
4001,98,85,13,13
4002,127,116,11,11
4003,74,65,9,9
4004,47,44,3,3
4005,92,81,11,11
4006,82,70,12,12
4007,118,100,18,18
4008,137,107,30,30
4009,101,85,16,16
4010,51,48,3,3
4011,88,85,3,3
4012,177,144,33,33
4013,82,69,13,13
4014,90,84,6,6
4015,99,84,15,15
4016,83,76,7,7
4017,104,91,13,13
4018,83,69,14,14
4019,57,59,-2,2
4020,155,139,16,16
4021,107,88,19,19
4022,72,67,5,5
4023,72,63,9,9
4024,102,92,10,10
4025,90,78,12,12
4026,111,91,20,20
4027,123,99,24,24
4028,46,41,5,5
4029,81,70,11,11
4030,95,71,24,24
4031,125,109,16,16
4032,105,88,17,17
4033,74,66,8,8
4034,166,142,24,24
4035,96,88,8,8
4036,70,58,12,12
4037,56,40,16,16
4038,66,56,10,10
4039,85,77,8,8
4040,46,42,4,4
4041,47,57,-10,10
4042,68,67,1,1
4043,130,118,12,12
4044,141,130,11,11
4045,95,86,9,9
4046,111,89,22,22
4047,50,45,5,5
4048,111,105,6,6
4049,100,94,6,6
4050,72,62,10,10
4051,80,73,7,7
4052,120,96,24,24
4053,180,159,21,21
4054,39,40,-1,1
4055,103,104,-1,1
4056,95,84,11,11
4057,146,144,2,2
4058,110,99,11,11
4059,48,32,16,16
4060,83,89,-6,6
4061,66,71,-5,5
4062,86,81,5,5
4063,79,69,10,10
4064,113,106,7,7
4065,114,98,16,16
4066,86,70,16,16
4067,165,147,18,18
4068,69,71,-2,2
4069,124,114,10,10
4070,103,100,3,3
4071,76,40,36,36
4072,118,106,12,12
4073,157,137,20,20
4074,107,95,12,12
4075,170,131,39,39
4076,58,54,4,4
4077,59,53,6,6
4078,124,101,23,23
4079,142,114,28,28
4080,105,108,-3,3
4081,116,102,14,14
4082,140,123,17,17
4083,92,79,13,13
4084,130,119,11,11
4085,113,99,14,14
4086,129,128,1,1
4087,73,73,0,0
4088,100,91,9,9
4089,87,89,-2,2
4090,75,61,14,14
4091,87,81,6,6
4092,113,89,24,24
4093,64,56,8,8
4094,83,70,13,13
4095,75,67,8,8
4096,124,117,7,7
4097,87,71,16,16
4098,63,58,5,5
4099,78,66,12,12
4100,86,77,9,9
4101,104,101,3,3
4102,95,88,7,7
4103,119,113,6,6
4104,99,95,4,4
4105,54,53,1,1
4106,73,61,12,12
4107,71,63,8,8
4108,83,72,11,11
4109,182,140,42,42
4110,74,78,-4,4
4111,133,118,15,15
4112,80,68,12,12
4113,98,94,4,4
4114,98,91,7,7
4115,96,82,14,14
4116,84,65,19,19
4117,199,191,8,8
4118,153,129,24,24
4119,121,121,0,0
4120,104,102,2,2
4121,79,75,4,4
4122,109,87,22,22
4123,74,70,4,4
4124,48,48,0,0
4125,127,113,14,14
4126,77,70,7,7
4127,57,57,0,0
4128,88,76,12,12
4129,76,60,16,16
4130,120,109,11,11
4131,86,82,4,4
4132,62,63,-1,1
4133,60,53,7,7
4134,83,71,12,12
4135,90,78,12,12
4136,69,63,6,6
4137,65,58,7,7
4138,97,86,11,11
4139,107,90,17,17
4140,131,126,5,5
4141,118,100,18,18
4142,107,122,-15,15
4143,72,68,4,4
4144,153,140,13,13
4145,83,72,11,11
4146,55,50,5,5
4147,106,93,13,13
4148,97,98,-1,1
4149,176,153,23,23
4150,139,120,19,19
4151,84,87,-3,3
4152,112,92,20,20
4153,58,62,-4,4
4154,119,103,16,16
4155,75,70,5,5
4156,155,145,10,10
4157,71,55,16,16
4158,150,123,27,27
4159,94,87,7,7
4160,54,55,-1,1
4161,70,64,6,6
4162,125,105,20,20
4163,36,25,11,11
4164,78,72,6,6
4165,96,82,14,14
4166,100,88,12,12
4167,106,92,14,14
4168,129,106,23,23
4169,39,37,2,2
4170,44,38,6,6
4171,97,81,16,16
4172,80,78,2,2
4173,52,44,8,8
4174,102,91,11,11
4175,101,84,17,17
4176,90,81,9,9
4177,151,132,19,19
4178,82,72,10,10
4179,117,100,17,17
4180,63,66,-3,3
4181,135,120,15,15
4182,71,60,11,11
4183,96,94,2,2
4184,123,111,12,12
4185,75,64,11,11
4186,60,58,2,2
4187,103,95,8,8
4188,59,52,7,7
4189,116,112,4,4
4190,92,82,10,10
4191,76,56,20,20
4192,53,42,11,11
4193,107,103,4,4
4194,70,64,6,6
4195,101,87,14,14
4196,88,75,13,13
4197,84,74,10,10
4198,26,45,-19,19
4199,107,101,6,6
4200,121,108,13,13
4201,66,62,4,4
4202,75,74,1,1
4203,140,137,3,3
4204,87,75,12,12
4205,57,47,10,10
4206,100,89,11,11
4207,183,148,35,35
4208,131,120,11,11
4209,98,116,-18,18
4210,70,66,4,4
4211,80,67,13,13
4212,112,105,7,7
4213,164,154,10,10
4214,112,90,22,22
4215,49,43,6,6
4216,69,67,2,2
4217,64,62,2,2
4218,78,75,3,3
4219,116,111,5,5
4220,113,95,18,18
4221,123,116,7,7
4222,101,94,7,7
4223,100,96,4,4
4224,84,72,12,12
4225,114,101,13,13
4226,109,90,19,19
4227,52,43,9,9
4228,115,98,17,17
4229,106,95,11,11
4230,93,80,13,13
4231,69,69,0,0
4232,149,133,16,16
4233,87,77,10,10
4234,103,90,13,13
4235,106,97,9,9
4236,76,85,-9,9
4237,124,120,4,4
4238,115,110,5,5
4239,82,73,9,9
4240,152,149,3,3
4241,138,121,17,17
4242,196,168,28,28
4243,133,102,31,31
4244,146,129,17,17
4245,105,99,6,6
4246,92,90,2,2
4247,71,58,13,13
4248,97,91,6,6
4249,70,66,4,4
4250,107,105,2,2
4251,80,73,7,7
4252,63,72,-9,9
4253,75,64,11,11
4254,75,67,8,8
4255,75,68,7,7
4256,104,81,23,23
4257,152,128,24,24
4258,71,61,10,10
4259,107,92,15,15
4260,161,138,23,23
4261,71,69,2,2
4262,91,75,16,16
4263,98,81,17,17
4264,108,99,9,9
4265,78,66,12,12
4266,116,109,7,7
4267,108,86,22,22
4268,81,73,8,8
4269,65,63,2,2
4270,111,104,7,7
4271,70,64,6,6
4272,55,50,5,5
4273,102,87,15,15
4274,102,91,11,11
4275,56,51,5,5
4276,100,77,23,23
4277,47,39,8,8
4278,145,130,15,15
4279,108,92,16,16
4280,143,126,17,17
4281,123,108,15,15
4282,172,150,22,22
4283,60,60,0,0
4284,105,90,15,15
4285,46,23,23,23
4286,80,59,21,21
4287,114,108,6,6
4288,189,168,21,21
4289,82,69,13,13
4290,126,113,13,13
4291,157,131,26,26
4292,147,159,-12,12
4293,27,40,-13,13
4294,79,67,12,12
4295,75,68,7,7
4296,65,55,10,10
4297,68,60,8,8
4298,126,112,14,14
4299,133,118,15,15
4300,101,77,24,24
4301,80,70,10,10
4302,103,86,17,17
4303,95,81,14,14
4304,103,96,7,7
4305,113,99,14,14
4306,42,35,7,7
4307,85,79,6,6
4308,82,76,6,6
4309,104,93,11,11
4310,85,68,17,17
4311,107,80,27,27
4312,78,64,14,14
4313,66,56,10,10
4314,108,97,11,11
4315,90,88,2,2
4316,88,80,8,8
4317,59,51,8,8
4318,79,67,12,12
4319,69,65,4,4
4320,135,123,12,12
4321,96,100,-4,4
4322,148,134,14,14
4323,31,31,0,0
4324,65,69,-4,4
4325,86,77,9,9
4326,47,40,7,7
4327,83,67,16,16
4328,170,158,12,12
4329,63,57,6,6
4330,110,94,16,16
4331,182,155,27,27
4332,141,132,9,9
4333,94,89,5,5
4334,81,74,7,7
4335,87,78,9,9
4336,131,115,16,16
4337,117,97,20,20
4338,64,50,14,14
4339,150,152,-2,2
4340,93,89,4,4
4341,88,78,10,10
4342,90,84,6,6
4343,86,79,7,7
4344,96,100,-4,4
4345,173,143,30,30
4346,104,88,16,16
4347,44,46,-2,2
4348,81,63,18,18
4349,71,56,15,15
4350,77,59,18,18
4351,82,64,18,18
4352,196,169,27,27
4353,126,109,17,17
4354,100,90,10,10
4355,159,138,21,21
4356,61,59,2,2
4357,54,49,5,5
4358,73,60,13,13
4359,73,69,4,4
4360,88,71,17,17
4361,136,122,14,14
4362,94,85,9,9
4363,164,166,-2,2
4364,100,93,7,7
4365,126,107,19,19
4366,50,46,4,4
4367,79,74,5,5
4368,94,105,-11,11
4369,110,106,4,4
4370,144,124,20,20
4371,62,52,10,10
4372,92,85,7,7
4373,59,56,3,3
4374,279,224,55,55
4375,149,131,18,18
4376,61,68,-7,7
4377,72,81,-9,9
4378,64,60,4,4
4379,142,127,15,15
4380,56,49,7,7
4381,140,132,8,8
4382,221,184,37,37
4383,111,92,19,19
4384,93,80,13,13
4385,110,100,10,10
4386,83,64,19,19
4387,65,67,-2,2
4388,154,140,14,14
4389,92,80,12,12
4390,144,126,18,18
4391,102,93,9,9
4392,131,115,16,16
4393,98,82,16,16
4394,104,90,14,14
4395,95,85,10,10
4396,108,102,6,6
4397,89,77,12,12
4398,139,132,7,7
4399,116,97,19,19
4400,58,55,3,3
4401,140,130,10,10
4402,89,80,9,9
4403,103,91,12,12
4404,67,75,-8,8
4405,62,53,9,9
4406,162,148,14,14
4407,77,65,12,12
4408,99,92,7,7
4409,92,71,21,21
4410,105,95,10,10
4411,99,86,13,13
4412,82,85,-3,3
4413,139,117,22,22
4414,99,89,10,10
4415,82,77,5,5
4416,95,87,8,8
4417,101,87,14,14
4418,85,81,4,4
4419,102,86,16,16
4420,133,122,11,11
4421,76,68,8,8
4422,126,114,12,12
4423,101,89,12,12
4424,119,96,23,23
4425,152,145,7,7
4426,136,110,26,26
4427,87,78,9,9
4428,116,92,24,24
4429,60,57,3,3
4430,96,85,11,11
4431,76,71,5,5
4432,128,112,16,16
4433,85,75,10,10
4434,84,81,3,3
4435,153,130,23,23
4436,72,57,15,15
4437,73,59,14,14
4438,108,87,21,21
4439,73,65,8,8
4440,94,81,13,13
4441,86,74,12,12
4442,89,75,14,14
4443,56,50,6,6
4444,195,168,27,27
4445,70,63,7,7
4446,64,58,6,6
4447,96,79,17,17
4448,103,100,3,3
4449,131,113,18,18
4450,93,80,13,13
4451,122,113,9,9
4452,54,52,2,2
4453,67,69,-2,2
4454,66,55,11,11
4455,110,101,9,9
4456,108,94,14,14
4457,119,114,5,5
4458,80,59,21,21
4459,60,60,0,0
4460,88,74,14,14
4461,123,97,26,26
4462,59,54,5,5
4463,103,84,19,19
4464,93,82,11,11
4465,90,80,10,10
4466,157,139,18,18
4467,94,82,12,12
4468,79,65,14,14
4469,131,118,13,13
4470,50,48,2,2
4471,111,99,12,12
4472,106,102,4,4
4473,104,93,11,11
4474,94,90,4,4
4475,71,58,13,13
4476,168,137,31,31
4477,102,104,-2,2
4478,58,58,0,0
4479,49,44,5,5
4480,96,81,15,15
4481,74,71,3,3
4482,135,124,11,11
4483,171,149,22,22
4484,70,65,5,5
4485,118,113,5,5
4486,90,72,18,18
4487,101,110,-9,9
4488,97,85,12,12
4489,107,91,16,16
4490,87,75,12,12
4491,43,38,5,5
4492,79,68,11,11
4493,106,88,18,18
4494,39,33,6,6
4495,178,150,28,28
4496,74,72,2,2
4497,36,35,1,1
4498,68,61,7,7
4499,114,97,17,17
4500,80,72,8,8
4501,109,108,1,1
4502,128,111,17,17
4503,87,82,5,5
4504,110,98,12,12
4505,100,81,19,19
4506,128,120,8,8
4507,136,124,12,12
4508,129,117,12,12
4509,122,114,8,8
4510,102,92,10,10
4511,109,97,12,12
4512,58,56,2,2
4513,122,104,18,18
4514,90,79,11,11
4515,57,45,12,12
4516,107,91,16,16
4517,168,151,17,17
4518,98,88,10,10
4519,120,101,19,19
4520,74,67,7,7
4521,88,76,12,12
4522,96,76,20,20
4523,64,63,1,1
4524,55,51,4,4
4525,94,82,12,12
4526,148,128,20,20
4527,92,94,-2,2
4528,95,95,0,0
4529,110,97,13,13
4530,83,65,18,18
4531,139,119,20,20
4532,108,87,21,21
4533,78,72,6,6
4534,78,72,6,6
4535,98,86,12,12
4536,104,90,14,14
4537,68,56,12,12
4538,103,94,9,9
4539,66,51,15,15
4540,100,87,13,13
4541,123,113,10,10
4542,74,66,8,8
4543,136,114,22,22
4544,47,41,6,6
4545,92,81,11,11
4546,122,105,17,17
4547,125,121,4,4
4548,122,97,25,25
4549,61,55,6,6
4550,82,91,-9,9
4551,112,98,14,14
4552,48,49,-1,1
4553,146,137,9,9
4554,67,49,18,18
4555,115,101,14,14
4556,165,154,11,11
4557,87,84,3,3
4558,40,36,4,4
4559,55,44,11,11
4560,127,108,19,19
4561,70,63,7,7
4562,99,94,5,5
4563,45,43,2,2
4564,95,82,13,13
4565,80,73,7,7
4566,47,46,1,1
4567,99,101,-2,2
4568,118,107,11,11
4569,104,98,6,6
4570,75,68,7,7
4571,90,78,12,12
4572,82,72,10,10
4573,163,138,25,25
4574,93,82,11,11
4575,166,164,2,2
4576,69,65,4,4
4577,122,123,-1,1
4578,148,135,13,13
4579,56,50,6,6
4580,66,53,13,13
4581,83,82,1,1
4582,63,53,10,10
4583,108,91,17,17
4584,123,95,28,28
4585,161,153,8,8
4586,83,92,-9,9
4587,49,40,9,9
4588,78,70,8,8
4589,101,91,10,10
4590,38,30,8,8
4591,98,86,12,12
4592,174,140,34,34
4593,75,77,-2,2
4594,56,51,5,5
4595,138,112,26,26
4596,38,31,7,7
4597,51,43,8,8
4598,69,56,13,13
4599,98,91,7,7
4600,87,79,8,8
4601,88,77,11,11
4602,156,143,13,13
4603,140,124,16,16
4604,92,85,7,7
4605,49,47,2,2
4606,82,79,3,3
4607,217,229,-12,12
4608,99,91,8,8
4609,110,89,21,21
4610,79,73,6,6
4611,69,58,11,11
4612,87,66,21,21
4613,84,71,13,13
4614,77,62,15,15
4615,78,66,12,12
4616,100,93,7,7
4617,112,99,13,13
4618,130,111,19,19
4619,137,107,30,30
4620,125,104,21,21
4621,86,80,6,6
4622,152,132,20,20
4623,96,95,1,1
4624,111,105,6,6
4625,99,96,3,3
4626,56,47,9,9
4627,211,191,20,20
4628,109,106,3,3
4629,137,122,15,15
4630,74,71,3,3
4631,120,111,9,9
4632,81,77,4,4
4633,71,64,7,7
4634,88,75,13,13
4635,111,95,16,16
4636,197,175,22,22
4637,85,75,10,10
4638,112,104,8,8
4639,44,52,-8,8
4640,86,78,8,8
4641,72,74,-2,2
4642,59,54,5,5
4643,82,85,-3,3
4644,69,58,11,11
4645,91,77,14,14
4646,142,126,16,16
4647,84,58,26,26
4648,81,73,8,8
4649,101,88,13,13
4650,190,156,34,34
4651,107,92,15,15
4652,119,112,7,7
4653,77,67,10,10
4654,152,136,16,16
4655,64,49,15,15
4656,77,70,7,7
4657,51,41,10,10
4658,77,69,8,8
4659,84,79,5,5
4660,60,54,6,6
4661,107,93,14,14
4662,87,93,-6,6
4663,116,114,2,2
4664,160,130,30,30
4665,116,105,11,11
4666,84,71,13,13
4667,113,104,9,9
4668,105,95,10,10
4669,55,43,12,12
4670,91,85,6,6
4671,113,93,20,20
4672,62,51,11,11
4673,75,66,9,9
4674,45,40,5,5
4675,177,150,27,27
4676,131,127,4,4
4677,112,100,12,12
4678,127,120,7,7
4679,146,114,32,32
4680,138,124,14,14
4681,93,87,6,6
4682,65,61,4,4
4683,168,157,11,11
4684,112,112,0,0
4685,149,125,24,24
4686,140,132,8,8
4687,94,86,8,8
4688,141,124,17,17
4689,75,72,3,3
4690,134,115,19,19
4691,95,78,17,17
4692,119,93,26,26
4693,95,91,4,4
4694,65,59,6,6
4695,95,89,6,6
4696,97,89,8,8
4697,132,123,9,9
4698,87,76,11,11
4699,124,91,33,33
4700,115,106,9,9
4701,45,38,7,7
4702,110,93,17,17
4703,57,56,1,1
4704,126,93,33,33
4705,50,43,7,7
4706,132,121,11,11
4707,71,59,12,12
4708,88,72,16,16
4709,91,90,1,1
4710,79,71,8,8
4711,47,38,9,9
4712,103,101,2,2
4713,38,35,3,3
4714,68,57,11,11
4715,130,111,19,19
4716,157,141,16,16
4717,99,85,14,14
4718,62,51,11,11
4719,79,71,8,8
4720,74,69,5,5
4721,154,127,27,27
4722,36,50,-14,14
4723,81,73,8,8
4724,69,61,8,8
4725,39,37,2,2
4726,106,94,12,12
4727,141,116,25,25
4728,71,65,6,6
4729,108,96,12,12
4730,142,124,18,18
4731,43,39,4,4
4732,109,106,3,3
4733,72,65,7,7
4734,110,94,16,16
4735,84,85,-1,1
4736,88,72,16,16
4737,156,131,25,25
4738,106,100,6,6
4739,160,144,16,16
4740,105,92,13,13
4741,231,199,32,32
4742,111,94,17,17
4743,53,51,2,2
4744,124,122,2,2
4745,105,96,9,9
4746,144,136,8,8
4747,83,82,1,1
4748,81,73,8,8
4749,96,86,10,10
4750,143,124,19,19
4751,118,94,24,24
4752,77,70,7,7
4753,116,108,8,8
4754,116,73,43,43
4755,76,69,7,7
4756,73,69,4,4
4757,92,78,14,14
4758,89,75,14,14
4759,58,48,10,10
4760,70,61,9,9
4761,134,123,11,11
4762,73,72,1,1
4763,139,117,22,22
4764,59,57,2,2
4765,59,54,5,5
4766,72,66,6,6
4767,81,75,6,6
4768,96,85,11,11
4769,190,163,27,27
4770,131,111,20,20
4771,188,177,11,11
4772,141,137,4,4
4773,103,91,12,12
4774,65,70,-5,5
4775,86,77,9,9
4776,64,58,6,6
4777,115,108,7,7
4778,58,60,-2,2
4779,150,131,19,19
4780,70,66,4,4
4781,91,80,11,11
4782,104,89,15,15
4783,78,71,7,7
4784,57,50,7,7
4785,117,98,19,19
4786,82,72,10,10
4787,50,48,2,2
4788,76,71,5,5
4789,64,56,8,8
4790,140,128,12,12
4791,88,82,6,6
4792,41,38,3,3
4793,56,63,-7,7
4794,161,153,8,8
4795,107,70,37,37
4796,94,89,5,5
4797,71,54,17,17
4798,163,137,26,26
4799,99,80,19,19
4800,30,26,4,4
4801,99,79,20,20
4802,161,129,32,32
4803,82,73,9,9
4804,92,81,11,11
4805,152,123,29,29
4806,131,103,28,28
4807,99,83,16,16
4808,50,42,8,8
4809,80,76,4,4
4810,99,85,14,14
4811,69,61,8,8
4812,67,67,0,0
4813,143,112,31,31
4814,68,61,7,7
4815,65,65,0,0
4816,94,86,8,8
4817,55,48,7,7
4818,94,81,13,13
4819,45,42,3,3
4820,140,127,13,13
4821,65,54,11,11
4822,62,53,9,9
4823,94,86,8,8
4824,129,112,17,17
4825,123,116,7,7
4826,80,78,2,2
4827,86,69,17,17
4828,112,104,8,8
4829,89,78,11,11
4830,72,62,10,10
4831,65,61,4,4
4832,90,80,10,10
4833,71,73,-2,2
4834,107,101,6,6
4835,140,127,13,13
4836,57,55,2,2
4837,104,94,10,10
4838,56,58,-2,2
4839,103,88,15,15
4840,104,92,12,12
4841,78,71,7,7
4842,126,111,15,15
4843,101,87,14,14
4844,85,83,2,2
4845,72,57,15,15
4846,57,53,4,4
4847,51,57,-6,6
4848,102,94,8,8
4849,85,76,9,9
4850,71,61,10,10
4851,87,72,15,15
4852,74,67,7,7
4853,104,91,13,13
4854,102,90,12,12
4855,181,153,28,28
4856,130,115,15,15
4857,75,78,-3,3
4858,102,90,12,12
4859,56,54,2,2
4860,72,68,4,4
4861,90,87,3,3
4862,66,65,1,1
4863,82,71,11,11
4864,139,142,-3,3
4865,97,69,28,28
4866,83,76,7,7
4867,71,73,-2,2
4868,81,68,13,13
4869,80,62,18,18
4870,152,140,12,12
4871,54,48,6,6
4872,51,44,7,7
4873,142,115,27,27
4874,134,129,5,5
4875,253,259,-6,6
4876,85,92,-7,7
4877,274,209,65,65
4878,180,147,33,33
4879,85,81,4,4
4880,68,70,-2,2
4881,126,112,14,14
4882,147,128,19,19
4883,67,61,6,6
4884,58,56,2,2
4885,146,131,15,15
4886,170,159,11,11
4887,80,78,2,2
4888,117,106,11,11
4889,72,66,6,6
4890,52,50,2,2
4891,92,83,9,9
4892,88,76,12,12
4893,106,96,10,10
4894,93,80,13,13
4895,151,133,18,18
4896,90,76,14,14
4897,71,62,9,9
4898,63,58,5,5
4899,171,140,31,31
4900,83,66,17,17
4901,125,104,21,21
4902,123,104,19,19
4903,119,99,20,20
4904,100,87,13,13
4905,97,99,-2,2
4906,82,64,18,18
4907,104,99,5,5
4908,84,71,13,13
4909,133,127,6,6
4910,66,60,6,6
4911,328,265,63,63
4912,66,63,3,3
4913,129,110,19,19
4914,60,55,5,5
4915,107,109,-2,2
4916,88,72,16,16
4917,92,97,-5,5
4918,97,70,27,27
4919,95,86,9,9
4920,176,145,31,31
4921,93,82,11,11
4922,124,121,3,3
4923,80,68,12,12
4924,117,103,14,14
4925,92,79,13,13
4926,137,107,30,30
4927,160,143,17,17
4928,114,103,11,11
4929,78,64,14,14
4930,73,70,3,3
4931,62,52,10,10
4932,85,80,5,5
4933,52,48,4,4
4934,53,47,6,6
4935,98,70,28,28
4936,92,81,11,11
4937,100,89,11,11
4938,114,101,13,13
4939,139,126,13,13
4940,76,69,7,7
4941,119,102,17,17
4942,41,40,1,1
4943,53,43,10,10
4944,268,257,11,11
4945,66,58,8,8
4946,130,110,20,20
4947,115,101,14,14
4948,157,149,8,8
4949,50,50,0,0
4950,75,64,11,11
4951,79,65,14,14
4952,85,75,10,10
4953,42,59,-17,17
4954,85,71,14,14
4955,95,84,11,11
4956,72,68,4,4
4957,90,91,-1,1
4958,81,71,10,10
4959,109,101,8,8
4960,146,143,3,3
4961,131,111,20,20
4962,138,117,21,21
4963,32,35,-3,3
4964,86,76,10,10
4965,76,76,0,0
4966,73,75,-2,2
4967,132,121,11,11
4968,136,124,12,12
4969,36,35,1,1
4970,40,41,-1,1
4971,62,54,8,8
4972,99,96,3,3
4973,63,65,-2,2
4974,90,72,18,18
4975,63,69,-6,6
4976,63,62,1,1
4977,73,76,-3,3
4978,73,66,7,7
4979,120,116,4,4
4980,161,138,23,23
4981,74,62,12,12
4982,74,62,12,12
4983,49,45,4,4
4984,157,129,28,28
4985,123,106,17,17
4986,91,76,15,15
4987,115,92,23,23
4988,85,77,8,8
4989,66,58,8,8
4990,102,86,16,16
4991,98,86,12,12
4992,100,84,16,16
4993,105,109,-4,4
4994,84,84,0,0
4995,95,78,17,17
4996,108,89,19,19
4997,62,52,10,10
4998,116,112,4,4
4999,79,67,12,12
5000,73,57,16,16
5001,50,54,-4,4
5002,97,83,14,14
5003,145,117,28,28
5004,152,131,21,21
5005,134,111,23,23
5006,110,92,18,18
5007,114,98,16,16
5008,72,57,15,15
5009,113,96,17,17
5010,58,59,-1,1
5011,50,45,5,5
5012,29,29,0,0
5013,71,63,8,8
5014,90,87,3,3
5015,140,118,22,22
5016,123,109,14,14
5017,131,113,18,18
5018,50,43,7,7
5019,82,70,12,12
5020,77,75,2,2
5021,98,81,17,17
5022,83,66,17,17
5023,88,70,18,18
5024,122,103,19,19
5025,87,75,12,12
5026,107,95,12,12
5027,75,71,4,4
5028,89,84,5,5
5029,124,112,12,12
5030,105,92,13,13
5031,62,53,9,9
5032,125,104,21,21
5033,94,86,8,8
5034,91,83,8,8
5035,74,76,-2,2
5036,82,83,-1,1
5037,60,51,9,9
5038,69,61,8,8
5039,132,117,15,15
5040,76,68,8,8
5041,169,158,11,11
5042,101,89,12,12
5043,167,154,13,13
5044,79,76,3,3
5045,78,81,-3,3
5046,61,55,6,6
5047,137,110,27,27
5048,116,94,22,22
5049,77,76,1,1
5050,76,66,10,10
5051,157,151,6,6
5052,90,89,1,1
5053,79,66,13,13
5054,131,108,23,23
5055,118,101,17,17
5056,110,88,22,22
5057,151,121,30,30
5058,159,149,10,10
5059,95,89,6,6
5060,78,67,11,11
5061,107,103,4,4
5062,131,114,17,17
5063,87,80,7,7
5064,42,40,2,2
5065,66,63,3,3
5066,101,94,7,7
5067,140,122,18,18
5068,66,56,10,10
5069,43,38,5,5
5070,100,90,10,10
5071,120,99,21,21
5072,76,58,18,18
5073,121,121,0,0
5074,78,68,10,10
5075,121,108,13,13
5076,51,47,4,4
5077,101,94,7,7
5078,136,122,14,14
5079,107,110,-3,3
5080,106,98,8,8
5081,116,97,19,19
5082,89,77,12,12
5083,65,60,5,5
5084,154,130,24,24
5085,130,109,21,21
5086,98,78,20,20
5087,75,80,-5,5
5088,81,74,7,7
5089,82,78,4,4
5090,86,83,3,3
5091,93,87,6,6
5092,73,70,3,3
5093,76,71,5,5
5094,166,150,16,16
5095,98,90,8,8
5096,120,89,31,31
5097,67,61,6,6
5098,81,70,11,11
5099,170,154,16,16
5100,40,44,-4,4
5101,101,89,12,12
5102,80,71,9,9
5103,121,94,27,27
5104,58,47,11,11
5105,115,98,17,17
5106,63,57,6,6
5107,87,81,6,6
5108,148,141,7,7
5109,102,90,12,12
5110,79,70,9,9
5111,118,96,22,22
5112,92,86,6,6
5113,110,99,11,11
5114,131,119,12,12
5115,139,137,2,2
5116,68,63,5,5
5117,122,113,9,9
5118,140,119,21,21
5119,124,107,17,17
5120,103,85,18,18
5121,59,66,-7,7
5122,80,76,4,4
5123,131,112,19,19
5124,104,90,14,14
5125,155,135,20,20
5126,89,80,9,9
5127,68,72,-4,4
5128,79,71,8,8
5129,110,96,14,14
5130,54,51,3,3
5131,121,123,-2,2
5132,101,92,9,9
5133,109,105,4,4
5134,100,87,13,13
5135,132,118,14,14
5136,71,65,6,6
5137,89,80,9,9
5138,92,81,11,11
5139,91,82,9,9
5140,117,96,21,21
5141,100,89,11,11
5142,118,97,21,21
5143,160,117,43,43
5144,121,97,24,24
5145,88,86,2,2
5146,152,137,15,15
5147,56,47,9,9
5148,51,63,-12,12
5149,110,86,24,24
5150,79,74,5,5
5151,68,63,5,5
5152,52,47,5,5
5153,129,121,8,8
5154,81,67,14,14
5155,39,35,4,4
5156,55,99,-44,44
5157,53,50,3,3
5158,92,83,9,9
5159,72,68,4,4
5160,103,94,9,9
5161,141,119,22,22
5162,82,78,4,4
5163,69,66,3,3
5164,168,150,18,18
5165,65,61,4,4
5166,76,73,3,3
5167,104,94,10,10
5168,89,81,8,8
5169,101,96,5,5
5170,53,50,3,3
5171,105,91,14,14
5172,90,76,14,14
5173,116,98,18,18
5174,137,120,17,17
5175,126,101,25,25
5176,43,32,11,11
5177,65,63,2,2
5178,76,65,11,11
5179,104,89,15,15
5180,88,70,18,18
5181,75,64,11,11
5182,82,72,10,10
5183,40,45,-5,5
5184,77,70,7,7
5185,66,57,9,9
5186,154,128,26,26
5187,86,72,14,14
5188,112,106,6,6
5189,93,84,9,9
5190,130,135,-5,5
5191,177,157,20,20
5192,148,127,21,21
5193,80,74,6,6
5194,58,47,11,11
5195,115,97,18,18
5196,118,99,19,19
5197,66,57,9,9
5198,161,144,17,17
5199,80,74,6,6
5200,105,90,15,15
5201,56,47,9,9
5202,66,61,5,5
5203,93,80,13,13
5204,105,91,14,14
5205,96,85,11,11
5206,62,55,7,7
5207,68,69,-1,1
5208,83,71,12,12
5209,110,97,13,13
5210,109,98,11,11
5211,147,126,21,21
5212,68,53,15,15
5213,121,100,21,21
5214,128,124,4,4
5215,136,122,14,14
5216,110,90,20,20
5217,84,65,19,19
5218,93,80,13,13
5219,68,63,5,5
5220,88,83,5,5
5221,89,84,5,5
5222,134,124,10,10
5223,128,118,10,10
5224,79,69,10,10
5225,66,63,3,3
5226,58,47,11,11
5227,58,68,-10,10
5228,69,63,6,6
5229,56,53,3,3
5230,85,78,7,7
5231,73,67,6,6
5232,97,82,15,15
5233,100,75,25,25
5234,82,62,20,20
5235,65,58,7,7
5236,90,88,2,2
5237,66,74,-8,8
5238,58,52,6,6
5239,62,95,-33,33
5240,50,43,7,7
5241,84,66,18,18
5242,82,72,10,10
5243,147,141,6,6
5244,91,75,16,16
5245,95,84,11,11
5246,121,106,15,15
5247,56,52,4,4
5248,54,41,13,13
5249,103,93,10,10
5250,86,64,22,22
5251,85,74,11,11
5252,97,70,27,27
5253,92,70,22,22
5254,59,55,4,4
5255,115,104,11,11
5256,116,102,14,14
5257,101,89,12,12
5258,120,88,32,32
5259,164,134,30,30
5260,55,42,13,13
5261,91,82,9,9
5262,75,71,4,4
5263,121,110,11,11
5264,57,54,3,3
5265,38,45,-7,7
5266,92,75,17,17
5267,67,60,7,7
5268,120,107,13,13
5269,83,74,9,9
5270,138,130,8,8
5271,169,143,26,26
5272,59,61,-2,2
5273,47,45,2,2
5274,46,40,6,6
5275,123,120,3,3
5276,142,125,17,17
5277,80,78,2,2
5278,31,34,-3,3
5279,128,119,9,9
5280,112,90,22,22
5281,98,94,4,4
5282,55,52,3,3
5283,110,89,21,21
5284,91,87,4,4
5285,112,84,28,28
5286,115,102,13,13
5287,73,63,10,10
5288,106,96,10,10
5289,93,85,8,8
5290,166,150,16,16
5291,128,125,3,3
5292,112,97,15,15
5293,89,74,15,15
5294,74,67,7,7
5295,106,111,-5,5
5296,72,64,8,8
5297,78,69,9,9
5298,92,84,8,8
5299,140,120,20,20
5300,103,90,13,13
5301,102,103,-1,1
5302,63,68,-5,5
5303,169,148,21,21
5304,78,70,8,8
5305,132,115,17,17
5306,50,29,21,21
5307,127,103,24,24
5308,138,101,37,37
5309,61,47,14,14
5310,87,78,9,9
5311,109,103,6,6
5312,77,70,7,7
5313,92,94,-2,2
5314,84,74,10,10
5315,140,111,29,29
5316,79,77,2,2
5317,87,69,18,18
5318,76,68,8,8
5319,54,47,7,7
5320,77,75,2,2
5321,28,52,-24,24
5322,85,62,23,23
5323,41,35,6,6
5324,78,75,3,3
5325,117,96,21,21
5326,99,90,9,9
5327,130,115,15,15
5328,58,54,4,4
5329,76,63,13,13
5330,72,68,4,4
5331,72,65,7,7
5332,130,107,23,23
5333,85,83,2,2
5334,74,70,4,4
5335,117,92,25,25
5336,105,101,4,4
5337,114,101,13,13
5338,94,75,19,19
5339,127,115,12,12
5340,100,84,16,16
5341,100,93,7,7
5342,114,99,15,15
5343,137,132,5,5
5344,141,121,20,20
5345,186,159,27,27
5346,49,47,2,2
5347,71,62,9,9
5348,144,130,14,14
5349,108,80,28,28
5350,102,81,21,21
5351,129,116,13,13
5352,123,108,15,15
5353,48,46,2,2
5354,70,59,11,11
5355,81,75,6,6
5356,72,68,4,4
5357,76,68,8,8
5358,114,110,4,4
5359,130,115,15,15
5360,113,107,6,6
5361,57,50,7,7
5362,77,70,7,7
5363,117,104,13,13
5364,79,68,11,11
5365,87,82,5,5
5366,99,89,10,10
5367,211,184,27,27
5368,92,72,20,20
5369,119,100,19,19
5370,54,55,-1,1
5371,111,95,16,16
5372,67,57,10,10
5373,185,173,12,12
5374,68,67,1,1
5375,190,153,37,37
5376,124,110,14,14
5377,80,79,1,1
5378,78,71,7,7
5379,92,91,1,1
5380,70,61,9,9
5381,51,56,-5,5
5382,89,83,6,6
5383,82,81,1,1
5384,83,71,12,12
5385,204,180,24,24
5386,114,98,16,16
5387,62,55,7,7
5388,100,81,19,19
5389,143,148,-5,5
5390,89,80,9,9
5391,123,120,3,3
5392,150,132,18,18
5393,135,99,36,36
5394,114,109,5,5
5395,94,94,0,0
5396,158,136,22,22
5397,58,62,-4,4
5398,94,82,12,12
5399,59,50,9,9
5400,81,88,-7,7
5401,70,63,7,7
5402,79,71,8,8
5403,49,48,1,1
5404,85,72,13,13
5405,85,73,12,12
5406,55,49,6,6
5407,97,89,8,8
5408,95,85,10,10
5409,129,110,19,19
5410,53,49,4,4
5411,109,103,6,6
5412,92,84,8,8
5413,122,85,37,37
5414,102,92,10,10
5415,98,100,-2,2
5416,68,68,0,0
5417,108,94,14,14
5418,92,78,14,14
5419,95,85,10,10
5420,65,55,10,10
5421,27,27,0,0
5422,62,53,9,9
5423,109,96,13,13
5424,72,68,4,4
5425,58,52,6,6
5426,121,100,21,21
5427,101,85,16,16
5428,63,60,3,3
5429,38,31,7,7
5430,145,125,20,20
5431,103,96,7,7
5432,215,216,-1,1
5433,122,103,19,19
5434,90,84,6,6
5435,67,59,8,8
5436,98,93,5,5
5437,106,104,2,2
5438,119,109,10,10
5439,93,84,9,9
5440,48,52,-4,4
5441,87,78,9,9
5442,108,104,4,4
5443,72,59,13,13
5444,124,110,14,14
5445,114,101,13,13
5446,43,34,9,9
5447,109,95,14,14
5448,99,95,4,4
5449,116,98,18,18
5450,72,84,-12,12
5451,122,118,4,4
5452,98,89,9,9
5453,144,139,5,5
5454,78,64,14,14
5455,70,59,11,11
5456,114,96,18,18
5457,137,123,14,14
5458,113,94,19,19
5459,115,93,22,22
5460,85,74,11,11
5461,63,55,8,8
5462,114,106,8,8
5463,88,76,12,12
5464,125,102,23,23
5465,116,103,13,13
5466,150,111,39,39
5467,78,66,12,12
5468,75,64,11,11
5469,81,77,4,4
5470,116,119,-3,3
5471,64,55,9,9
5472,93,83,10,10
5473,96,78,18,18
5474,147,137,10,10
5475,77,64,13,13
5476,139,127,12,12
5477,64,52,12,12
5478,82,71,11,11
5479,70,62,8,8
5480,142,124,18,18
5481,99,84,15,15
5482,64,58,6,6
5483,80,80,0,0
5484,69,55,14,14
5485,64,57,7,7
5486,99,89,10,10
5487,120,100,20,20
5488,80,68,12,12
5489,145,132,13,13
5490,161,142,19,19
5491,86,84,2,2
5492,123,114,9,9
5493,91,80,11,11
5494,147,127,20,20
5495,92,77,15,15
5496,79,71,8,8
5497,144,120,24,24
5498,72,63,9,9
5499,91,91,0,0
5500,162,149,13,13
5501,76,76,0,0
5502,82,76,6,6
5503,63,64,-1,1
5504,71,64,7,7
5505,74,63,11,11
5506,152,131,21,21
5507,102,95,7,7
5508,70,59,11,11
5509,46,43,3,3
5510,85,87,-2,2
5511,81,71,10,10
5512,85,77,8,8
5513,108,91,17,17
5514,124,105,19,19
5515,81,77,4,4
5516,97,114,-17,17
5517,137,126,11,11
5518,125,104,21,21
5519,90,86,4,4
5520,83,68,15,15
5521,89,80,9,9
5522,124,103,21,21
5523,101,80,21,21
5524,103,93,10,10
5525,61,53,8,8
5526,85,69,16,16
5527,102,92,10,10
5528,83,86,-3,3
5529,91,85,6,6
5530,131,93,38,38
5531,150,125,25,25
5532,107,94,13,13
5533,115,103,12,12
5534,126,110,16,16
5535,129,114,15,15
5536,95,80,15,15
5537,143,119,24,24
5538,115,105,10,10
5539,85,73,12,12
5540,164,142,22,22
5541,95,84,11,11
5542,137,135,2,2
5543,121,102,19,19
5544,83,73,10,10
5545,115,111,4,4
5546,154,145,9,9
5547,115,104,11,11
5548,88,73,15,15
5549,116,107,9,9
5550,119,93,26,26
5551,30,29,1,1
5552,100,84,16,16
5553,132,127,5,5
5554,186,160,26,26
5555,82,76,6,6
5556,176,130,46,46
5557,107,91,16,16
5558,89,72,17,17
5559,94,87,7,7
5560,51,41,10,10
5561,138,127,11,11
5562,78,70,8,8
5563,59,55,4,4
5564,58,50,8,8
5565,67,58,9,9
5566,79,66,13,13
5567,54,49,5,5
5568,62,56,6,6
5569,83,75,8,8
5570,75,74,1,1
5571,115,103,12,12
5572,114,102,12,12
5573,126,101,25,25
5574,88,90,-2,2
5575,69,56,13,13
5576,38,46,-8,8
5577,71,59,12,12
5578,66,56,10,10
5579,62,55,7,7
5580,75,60,15,15
5581,59,51,8,8
5582,97,94,3,3
5583,81,77,4,4
5584,69,71,-2,2
5585,81,66,15,15
5586,101,94,7,7
5587,97,82,15,15
5588,60,64,-4,4
5589,119,102,17,17
5590,113,121,-8,8
5591,130,104,26,26
5592,61,61,0,0
5593,166,142,24,24
5594,51,50,1,1
5595,140,122,18,18
5596,109,102,7,7
5597,115,107,8,8
5598,112,96,16,16
5599,89,80,9,9
5600,65,60,5,5
5601,97,91,6,6
5602,81,77,4,4
5603,59,52,7,7
5604,52,46,6,6
5605,74,76,-2,2
5606,76,69,7,7
5607,111,70,41,41
5608,112,101,11,11
5609,66,60,6,6
5610,96,81,15,15
5611,61,57,4,4
5612,162,141,21,21
5613,120,102,18,18
5614,68,72,-4,4
5615,61,65,-4,4
5616,110,98,12,12
5617,114,109,5,5
5618,41,35,6,6
5619,63,49,14,14
5620,77,65,12,12
5621,92,76,16,16
5622,80,67,13,13
5623,40,38,2,2
5624,56,51,5,5
5625,72,64,8,8
5626,123,102,21,21
5627,77,66,11,11
5628,107,98,9,9
5629,112,101,11,11
5630,72,69,3,3
5631,99,95,4,4
5632,118,103,15,15
5633,77,67,10,10
5634,139,124,15,15
5635,84,71,13,13
5636,62,61,1,1
5637,100,90,10,10
5638,80,69,11,11
5639,91,84,7,7
5640,113,99,14,14
5641,45,36,9,9
5642,71,58,13,13
5643,122,94,28,28
5644,53,46,7,7
5645,78,81,-3,3
5646,65,51,14,14
5647,40,45,-5,5
5648,136,117,19,19
5649,120,100,20,20
5650,104,101,3,3
5651,85,73,12,12
5652,89,76,13,13
5653,84,80,4,4
5654,80,82,-2,2
5655,119,115,4,4
5656,105,92,13,13
5657,61,66,-5,5
5658,53,54,-1,1
5659,69,66,3,3
5660,83,71,12,12
5661,122,95,27,27
5662,88,76,12,12
5663,88,74,14,14
5664,104,98,6,6
5665,94,80,14,14
5666,133,115,18,18
5667,53,47,6,6
5668,73,70,3,3
5669,92,81,11,11
5670,92,80,12,12
5671,91,82,9,9
5672,82,74,8,8
5673,87,80,7,7
5674,135,116,19,19
5675,126,115,11,11
5676,94,80,14,14
5677,55,47,8,8
5678,104,87,17,17
5679,127,117,10,10
5680,135,120,15,15
5681,145,119,26,26
5682,99,89,10,10
5683,96,90,6,6
5684,103,81,22,22
5685,32,29,3,3
5686,74,66,8,8
5687,109,86,23,23
5688,59,55,4,4
5689,101,88,13,13
5690,69,61,8,8
5691,71,76,-5,5
5692,101,84,17,17
5693,129,117,12,12
5694,114,102,12,12
5695,73,70,3,3
5696,179,143,36,36
5697,81,75,6,6
5698,127,108,19,19
5699,129,118,11,11
5700,57,45,12,12
5701,50,47,3,3
5702,80,59,21,21
5703,116,102,14,14
5704,93,76,17,17
5705,164,125,39,39
5706,43,37,6,6
5707,96,94,2,2
5708,88,70,18,18
5709,66,54,12,12
5710,97,89,8,8
5711,86,80,6,6
5712,83,84,-1,1
5713,87,76,11,11
5714,61,57,4,4
5715,81,72,9,9
5716,164,146,18,18
5717,138,123,15,15
5718,115,107,8,8
5719,86,78,8,8
5720,118,128,-10,10
5721,67,58,9,9
5722,87,82,5,5
5723,74,62,12,12
5724,51,37,14,14
5725,67,60,7,7
5726,84,71,13,13
5727,94,86,8,8
5728,69,61,8,8
5729,115,110,5,5
5730,48,42,6,6
5731,77,65,12,12
5732,81,69,12,12
5733,110,105,5,5
5734,74,80,-6,6
5735,54,56,-2,2
5736,84,77,7,7
5737,70,66,4,4
5738,64,60,4,4
5739,80,76,4,4
5740,78,63,15,15
5741,83,83,0,0
5742,81,71,10,10
5743,34,29,5,5
5744,149,148,1,1
5745,50,47,3,3
5746,57,52,5,5
5747,75,67,8,8
5748,139,118,21,21
5749,48,41,7,7
5750,61,58,3,3
5751,96,81,15,15
5752,64,52,12,12
5753,90,81,9,9
5754,81,74,7,7
5755,119,116,3,3
5756,129,114,15,15
5757,111,104,7,7
5758,79,75,4,4
5759,107,91,16,16
5760,77,75,2,2
5761,67,57,10,10
5762,103,86,17,17
5763,60,53,7,7
5764,115,105,10,10
5765,62,50,12,12
5766,71,66,5,5
5767,67,68,-1,1
5768,46,41,5,5
5769,52,46,6,6
5770,55,51,4,4
5771,95,80,15,15
5772,119,96,23,23
5773,156,151,5,5
5774,89,73,16,16
5775,130,102,28,28
5776,149,131,18,18
5777,53,59,-6,6
5778,103,90,13,13
5779,181,147,34,34
5780,88,80,8,8
5781,91,81,10,10
5782,79,66,13,13
5783,64,70,-6,6
5784,85,82,3,3
5785,45,40,5,5
5786,72,63,9,9
5787,118,103,15,15
5788,54,44,10,10
5789,98,91,7,7
5790,79,74,5,5
5791,63,56,7,7
5792,27,32,-5,5
5793,142,126,16,16
5794,67,57,10,10
5795,146,129,17,17
5796,80,77,3,3
5797,68,71,-3,3
5798,92,86,6,6
5799,48,43,5,5
5800,117,90,27,27
5801,98,87,11,11
5802,73,70,3,3
5803,84,76,8,8
5804,95,87,8,8
5805,120,111,9,9
5806,151,146,5,5
5807,50,42,8,8
5808,93,84,9,9
5809,150,137,13,13
5810,65,72,-7,7
5811,76,72,4,4
5812,69,63,6,6
5813,91,76,15,15
5814,81,76,5,5
5815,92,81,11,11
5816,127,129,-2,2
5817,100,87,13,13
5818,98,86,12,12
5819,109,95,14,14
5820,69,63,6,6
5821,94,88,6,6
5822,156,128,28,28
5823,82,83,-1,1
5824,62,61,1,1
5825,56,50,6,6
5826,44,40,4,4
5827,134,91,43,43
5828,75,64,11,11
5829,88,80,8,8
5830,63,61,2,2
5831,106,97,9,9
5832,121,98,23,23
5833,94,91,3,3
5834,89,90,-1,1
5835,45,43,2,2
5836,76,73,3,3
5837,85,76,9,9
5838,129,123,6,6
5839,113,100,13,13
5840,127,111,16,16
5841,129,135,-6,6
5842,92,79,13,13
5843,60,50,10,10
5844,91,68,23,23
5845,90,78,12,12
5846,143,130,13,13
5847,79,70,9,9
5848,118,149,-31,31
5849,65,59,6,6
5850,88,66,22,22
5851,102,94,8,8
5852,67,58,9,9
5853,104,90,14,14
5854,164,144,20,20
5855,145,127,18,18
5856,51,42,9,9
5857,35,32,3,3
5858,125,110,15,15
5859,78,72,6,6
5860,110,97,13,13
5861,133,121,12,12
5862,92,83,9,9
5863,89,86,3,3
5864,66,60,6,6
5865,96,88,8,8
5866,74,66,8,8
5867,21,22,-1,1
5868,52,46,6,6
5869,49,41,8,8
5870,133,130,3,3
5871,56,50,6,6
5872,48,44,4,4
5873,53,42,11,11
5874,86,83,3,3
5875,81,85,-4,4
5876,139,129,10,10
5877,111,110,1,1
5878,118,111,7,7
5879,61,54,7,7
5880,88,87,1,1
5881,58,52,6,6
5882,91,78,13,13
5883,110,97,13,13
5884,118,78,40,40
5885,109,92,17,17
5886,52,47,5,5
5887,69,62,7,7
5888,144,119,25,25
5889,87,77,10,10
5890,153,118,35,35
5891,49,45,4,4
5892,106,102,4,4
5893,85,76,9,9
5894,95,83,12,12
5895,99,90,9,9
5896,154,138,16,16
5897,64,70,-6,6
5898,74,60,14,14
5899,94,77,17,17
5900,83,59,24,24
5901,66,56,10,10
5902,48,49,-1,1
5903,87,88,-1,1
5904,28,41,-13,13
5905,63,53,10,10
5906,117,102,15,15
5907,169,152,17,17
5908,54,46,8,8
5909,118,106,12,12
5910,77,66,11,11
5911,87,82,5,5
5912,259,216,43,43
5913,116,111,5,5
5914,141,124,17,17
5915,63,62,1,1
5916,194,162,32,32
5917,58,66,-8,8
5918,117,102,15,15
5919,101,89,12,12
5920,128,115,13,13
5921,99,80,19,19
5922,122,99,23,23
5923,146,129,17,17
5924,117,96,21,21
5925,85,79,6,6
5926,156,142,14,14
5927,85,75,10,10
5928,149,145,4,4
5929,62,60,2,2
5930,133,122,11,11
5931,76,69,7,7
5932,67,60,7,7
5933,125,132,-7,7
5934,73,63,10,10
5935,106,87,19,19
5936,98,88,10,10
5937,113,102,11,11
5938,151,140,11,11
5939,91,78,13,13
5940,115,113,2,2
5941,99,92,7,7
5942,51,49,2,2
5943,102,100,2,2
5944,123,102,21,21
5945,71,58,13,13
5946,116,105,11,11
5947,118,106,12,12
5948,151,151,0,0
5949,93,75,18,18
5950,77,73,4,4
5951,52,41,11,11
5952,88,79,9,9
5953,56,47,9,9
5954,152,148,4,4
5955,129,121,8,8
5956,75,72,3,3
5957,98,83,15,15
5958,149,136,13,13
5959,73,62,11,11
5960,96,99,-3,3
5961,145,127,18,18
5962,88,75,13,13
5963,159,134,25,25
5964,178,151,27,27
5965,81,80,1,1
5966,142,119,23,23
5967,97,86,11,11
5968,145,133,12,12
5969,91,80,11,11
5970,85,62,23,23
5971,87,65,22,22
5972,90,71,19,19
5973,68,63,5,5
5974,94,81,13,13
5975,101,86,15,15
5976,92,74,18,18
5977,71,68,3,3
5978,113,103,10,10
5979,102,89,13,13
5980,114,104,10,10
5981,97,84,13,13
5982,47,47,0,0
5983,60,54,6,6
5984,135,121,14,14
5985,58,50,8,8
5986,206,168,38,38
5987,68,64,4,4
5988,42,40,2,2
5989,73,54,19,19
5990,83,70,13,13
5991,72,59,13,13
5992,111,73,38,38
5993,58,46,12,12
5994,130,125,5,5
5995,111,98,13,13
5996,140,137,3,3
5997,95,88,7,7
5998,96,83,13,13
5999,91,77,14,14
6000,79,72,7,7
6001,74,67,7,7
6002,169,140,29,29
6003,117,104,13,13
6004,78,52,26,26
6005,115,107,8,8
6006,44,35,9,9
6007,103,103,0,0
6008,78,87,-9,9
6009,49,45,4,4
6010,126,120,6,6
6011,93,75,18,18
6012,140,129,11,11
6013,85,81,4,4
6014,116,113,3,3
6015,83,67,16,16
6016,96,94,2,2
6017,143,119,24,24
6018,74,70,4,4
6019,92,85,7,7
6020,63,53,10,10
6021,49,51,-2,2
6022,144,133,11,11
6023,54,46,8,8
6024,116,150,-34,34
6025,66,68,-2,2
6026,56,55,1,1
6027,56,87,-31,31
6028,107,100,7,7
6029,140,119,21,21
6030,92,94,-2,2
6031,76,76,0,0
6032,90,86,4,4
6033,138,127,11,11
6034,71,57,14,14
6035,89,93,-4,4
6036,66,51,15,15
6037,60,53,7,7
6038,116,114,2,2
6039,179,166,13,13
6040,90,75,15,15
6041,116,114,2,2
6042,89,80,9,9
6043,95,82,13,13
6044,85,65,20,20
6045,53,50,3,3
6046,166,150,16,16
6047,43,38,5,5
6048,119,113,6,6
6049,105,106,-1,1
6050,121,101,20,20
6051,73,65,8,8
6052,67,61,6,6
6053,119,109,10,10
6054,106,96,10,10
6055,72,59,13,13
6056,75,65,10,10
6057,70,69,1,1
6058,143,120,23,23
6059,83,73,10,10
6060,83,72,11,11
6061,46,52,-6,6
6062,47,38,9,9
6063,119,106,13,13
6064,108,87,21,21
6065,43,44,-1,1
6066,64,52,12,12
6067,83,79,4,4
6068,141,122,19,19
6069,107,95,12,12
6070,35,47,-12,12
6071,119,109,10,10
6072,88,72,16,16
6073,77,75,2,2
6074,75,66,9,9
6075,140,124,16,16
6076,66,58,8,8
6077,121,117,4,4
6078,47,51,-4,4
6079,68,64,4,4
6080,112,96,16,16
6081,178,152,26,26
6082,87,82,5,5
6083,164,138,26,26
6084,79,75,4,4
6085,71,61,10,10
6086,111,116,-5,5
6087,78,73,5,5
6088,160,150,10,10
6089,98,89,9,9
6090,115,147,-32,32
6091,95,98,-3,3
6092,65,56,9,9
6093,159,148,11,11
6094,85,78,7,7
6095,69,58,11,11
6096,116,106,10,10
6097,55,51,4,4
6098,96,89,7,7
6099,94,79,15,15
6100,72,65,7,7
6101,94,78,16,16
6102,124,122,2,2
6103,62,53,9,9
6104,79,63,16,16
6105,146,124,22,22
6106,42,40,2,2
6107,85,74,11,11
6108,100,77,23,23
6109,131,103,28,28
6110,72,69,3,3
6111,49,43,6,6
6112,116,99,17,17
6113,102,87,15,15
6114,135,123,12,12
6115,138,116,22,22
6116,40,51,-11,11
6117,104,91,13,13
6118,99,87,12,12
6119,50,40,10,10
6120,108,92,16,16
6121,106,95,11,11
6122,93,79,14,14
6123,155,144,11,11
6124,127,108,19,19
6125,78,69,9,9
6126,87,79,8,8
6127,73,70,3,3
6128,92,85,7,7
6129,86,76,10,10
6130,117,104,13,13
6131,65,52,13,13
6132,44,38,6,6
6133,142,124,18,18
6134,83,81,2,2
6135,104,89,15,15
6136,119,98,21,21
6137,112,98,14,14
6138,96,78,18,18
6139,58,54,4,4
6140,44,40,4,4
6141,107,100,7,7
6142,115,101,14,14
6143,87,82,5,5
6144,102,91,11,11
6145,89,79,10,10
6146,119,107,12,12
6147,101,88,13,13
6148,55,51,4,4
6149,92,77,15,15
6150,108,89,19,19
6151,57,49,8,8
6152,119,102,17,17
6153,133,119,14,14
6154,80,73,7,7
6155,66,63,3,3
6156,114,95,19,19
6157,111,107,4,4
6158,140,119,21,21
6159,108,78,30,30
6160,89,89,0,0
6161,88,69,19,19
6162,76,72,4,4
6163,80,74,6,6
6164,98,82,16,16
6165,73,69,4,4
6166,136,118,18,18
6167,50,43,7,7
6168,88,88,0,0
6169,69,63,6,6
6170,151,133,18,18
6171,66,52,14,14
6172,73,65,8,8
6173,65,53,12,12
6174,72,65,7,7
6175,52,48,4,4
6176,108,80,28,28
6177,86,73,13,13
6178,34,50,-16,16
6179,183,165,18,18
6180,54,42,12,12
6181,122,114,8,8
6182,64,58,6,6
6183,75,72,3,3
6184,105,87,18,18
6185,65,60,5,5
6186,84,82,2,2
6187,101,89,12,12
6188,117,103,14,14
6189,148,135,13,13
6190,66,57,9,9
6191,106,103,3,3
6192,147,117,30,30
6193,108,101,7,7
6194,133,94,39,39
6195,42,38,4,4
6196,67,55,12,12
6197,117,100,17,17
6198,127,121,6,6
6199,84,74,10,10
6200,72,61,11,11
6201,77,67,10,10
6202,83,69,14,14
6203,77,82,-5,5
6204,133,121,12,12
6205,61,61,0,0
6206,75,72,3,3
6207,81,68,13,13
6208,95,85,10,10
6209,115,99,16,16
6210,106,85,21,21
6211,85,67,18,18
6212,89,81,8,8
6213,103,92,11,11
6214,78,68,10,10
6215,83,70,13,13
6216,128,101,27,27
6217,64,61,3,3
6218,87,76,11,11
6219,108,86,22,22
6220,108,97,11,11
6221,77,67,10,10
6222,65,65,0,0
6223,56,49,7,7
6224,69,56,13,13
6225,83,74,9,9
6226,93,88,5,5
6227,85,73,12,12
6228,177,164,13,13
6229,52,46,6,6
6230,35,32,3,3
6231,128,106,22,22
6232,98,87,11,11
6233,83,69,14,14
6234,67,56,11,11
6235,102,91,11,11
6236,115,103,12,12
6237,103,89,14,14
6238,99,91,8,8
6239,100,88,12,12
6240,148,119,29,29
6241,67,58,9,9
6242,131,120,11,11
6243,76,66,10,10
6244,91,84,7,7
6245,110,84,26,26
6246,133,122,11,11
6247,77,80,-3,3
6248,151,138,13,13
6249,130,124,6,6
6250,80,75,5,5
6251,86,79,7,7
6252,117,112,5,5
6253,72,63,9,9
6254,104,93,11,11
6255,108,92,16,16
6256,103,94,9,9
6257,57,55,2,2
6258,30,33,-3,3
6259,70,65,5,5
6260,93,98,-5,5
6261,75,61,14,14
6262,46,42,4,4
6263,169,124,45,45
6264,88,77,11,11
6265,71,69,2,2
6266,97,91,6,6
6267,133,111,22,22
6268,77,70,7,7
6269,93,86,7,7
6270,52,55,-3,3
6271,124,127,-3,3
6272,60,79,-19,19
6273,53,52,1,1
6274,98,86,12,12
6275,105,82,23,23
6276,92,77,15,15
6277,106,91,15,15
6278,55,50,5,5
6279,94,88,6,6
6280,94,70,24,24
6281,67,65,2,2
6282,109,91,18,18
6283,61,58,3,3
6284,49,50,-1,1
6285,99,83,16,16
6286,109,88,21,21
6287,73,59,14,14
6288,107,91,16,16
6289,82,71,11,11
6290,122,106,16,16
6291,50,44,6,6
6292,102,85,17,17
6293,99,86,13,13
6294,40,34,6,6
6295,61,57,4,4
6296,94,87,7,7
6297,55,52,3,3
6298,66,55,11,11
6299,58,57,1,1
6300,139,137,2,2
6301,104,81,23,23
6302,74,62,12,12
6303,77,61,16,16
6304,77,64,13,13
6305,91,84,7,7
6306,74,63,11,11
6307,63,55,8,8
6308,56,48,8,8
6309,103,102,1,1
6310,83,74,9,9
6311,69,69,0,0
6312,165,141,24,24
6313,109,102,7,7
6314,93,73,20,20
6315,123,112,11,11
6316,142,129,13,13
6317,71,56,15,15
6318,102,92,10,10
6319,81,74,7,7
6320,178,143,35,35
6321,75,62,13,13
6322,68,64,4,4
6323,135,118,17,17
6324,103,93,10,10
6325,108,99,9,9
6326,62,69,-7,7
6327,95,91,4,4
6328,114,99,15,15
6329,120,109,11,11
6330,124,115,9,9
6331,90,82,8,8
6332,29,29,0,0
6333,69,65,4,4
6334,61,64,-3,3
6335,85,72,13,13
6336,83,81,2,2
6337,122,102,20,20
6338,148,128,20,20
6339,108,88,20,20
6340,96,89,7,7
6341,75,69,6,6
6342,101,102,-1,1
6343,81,69,12,12
6344,98,92,6,6
6345,95,82,13,13
6346,100,88,12,12
6347,96,89,7,7
6348,161,161,0,0
6349,84,77,7,7
6350,55,47,8,8
6351,59,55,4,4
6352,124,112,12,12
6353,137,125,12,12
6354,118,104,14,14
6355,144,111,33,33
6356,182,165,17,17
6357,126,108,18,18
6358,127,97,30,30
6359,111,96,15,15
6360,92,82,10,10
6361,106,95,11,11
6362,74,70,4,4
6363,68,73,-5,5
6364,108,106,2,2
6365,95,82,13,13
6366,103,96,7,7
6367,81,73,8,8
6368,86,85,1,1
6369,170,144,26,26
6370,50,43,7,7
6371,51,46,5,5
6372,94,79,15,15
6373,146,150,-4,4
6374,74,66,8,8
6375,100,83,17,17
6376,128,101,27,27
6377,74,59,15,15
6378,108,92,16,16
6379,77,74,3,3
6380,63,56,7,7
6381,50,38,12,12
6382,109,94,15,15
6383,52,48,4,4
6384,68,70,-2,2
6385,90,86,4,4
6386,80,78,2,2
6387,55,56,-1,1
6388,103,86,17,17
6389,84,79,5,5
6390,90,71,19,19
6391,66,65,1,1
6392,167,148,19,19
6393,82,77,5,5
6394,73,65,8,8
6395,86,83,3,3
6396,71,66,5,5
6397,80,77,3,3
6398,92,86,6,6
6399,117,97,20,20
6400,51,49,2,2
6401,94,82,12,12
6402,84,73,11,11
6403,135,127,8,8
6404,66,65,1,1
6405,151,137,14,14
6406,92,86,6,6
6407,102,90,12,12
6408,116,94,22,22
6409,50,52,-2,2
6410,88,82,6,6
6411,119,101,18,18
6412,107,97,10,10
6413,93,91,2,2
6414,142,123,19,19
6415,52,44,8,8
6416,115,107,8,8
6417,52,46,6,6
6418,56,47,9,9
6419,152,119,33,33
6420,83,68,15,15
6421,62,56,6,6
6422,64,65,-1,1
6423,119,100,19,19
6424,157,126,31,31
6425,51,52,-1,1
6426,118,107,11,11
6427,58,58,0,0
6428,94,80,14,14
6429,45,43,2,2
6430,120,99,21,21
6431,88,78,10,10
6432,84,82,2,2
6433,131,117,14,14
6434,98,84,14,14
6435,50,43,7,7
6436,88,81,7,7
6437,101,101,0,0
6438,78,67,11,11
6439,40,52,-12,12
6440,103,101,2,2
6441,96,78,18,18
6442,83,74,9,9
6443,93,82,11,11
6444,82,63,19,19
6445,103,89,14,14
6446,41,57,-16,16
6447,39,40,-1,1
6448,60,49,11,11
6449,137,116,21,21
6450,46,41,5,5
6451,51,44,7,7
6452,82,78,4,4
6453,131,111,20,20
6454,66,67,-1,1
6455,76,65,11,11
6456,204,178,26,26
6457,106,96,10,10
6458,72,63,9,9
6459,145,131,14,14
6460,80,69,11,11
6461,89,81,8,8
6462,148,134,14,14
6463,141,116,25,25
6464,59,54,5,5
6465,51,39,12,12
6466,88,75,13,13
6467,77,67,10,10
6468,103,89,14,14
6469,94,75,19,19
6470,92,74,18,18
6471,82,69,13,13
6472,89,86,3,3
6473,72,65,7,7
6474,135,117,18,18
6475,135,117,18,18
6476,85,73,12,12
6477,63,61,2,2
6478,173,148,25,25
6479,108,99,9,9
6480,141,109,32,32
6481,85,84,1,1
6482,144,128,16,16
6483,66,59,7,7
6484,86,80,6,6
6485,84,66,18,18
6486,107,92,15,15
6487,60,54,6,6
6488,62,61,1,1
6489,174,160,14,14
6490,68,52,16,16
6491,74,71,3,3
6492,67,59,8,8
6493,72,57,15,15
6494,117,100,17,17
6495,93,104,-11,11
6496,69,68,1,1
6497,75,66,9,9
6498,84,71,13,13
6499,101,94,7,7
6500,78,70,8,8
6501,202,181,21,21
6502,97,97,0,0
6503,79,72,7,7
6504,97,93,4,4
6505,60,60,0,0
6506,58,51,7,7
6507,113,108,5,5
6508,63,54,9,9
6509,79,71,8,8
6510,94,82,12,12
6511,129,115,14,14
6512,142,127,15,15
6513,96,85,11,11
6514,83,68,15,15
6515,137,118,19,19
6516,99,83,16,16
6517,92,81,11,11
6518,92,94,-2,2
6519,69,60,9,9
6520,126,126,0,0
6521,148,144,4,4
6522,90,80,10,10
6523,94,79,15,15
6524,111,100,11,11
6525,86,85,1,1
6526,49,50,-1,1
6527,124,105,19,19
6528,107,99,8,8
6529,129,116,13,13
6530,58,44,14,14
6531,70,62,8,8
6532,70,68,2,2
6533,91,75,16,16
6534,86,64,22,22
6535,102,92,10,10
6536,83,76,7,7
6537,119,110,9,9
6538,76,62,14,14
6539,49,41,8,8
6540,94,72,22,22
6541,124,93,31,31
6542,65,55,10,10
6543,96,97,-1,1
6544,170,156,14,14
6545,68,66,2,2
6546,28,23,5,5
6547,135,124,11,11
6548,151,118,33,33
6549,80,74,6,6
6550,79,83,-4,4
6551,68,73,-5,5
6552,118,96,22,22
6553,73,65,8,8
6554,104,102,2,2
6555,147,121,26,26
6556,91,85,6,6
6557,147,122,25,25
6558,55,55,0,0
6559,66,59,7,7
6560,121,100,21,21
6561,70,63,7,7
6562,107,94,13,13
6563,153,140,13,13
6564,124,112,12,12
6565,59,63,-4,4
6566,90,77,13,13
6567,57,56,1,1
6568,129,106,23,23
6569,98,92,6,6
6570,152,129,23,23
6571,55,55,0,0
6572,93,56,37,37
6573,61,50,11,11
6574,135,118,17,17
6575,72,59,13,13
6576,105,100,5,5
6577,65,86,-21,21
6578,91,80,11,11
6579,117,98,19,19
6580,85,80,5,5
6581,125,106,19,19
6582,57,51,6,6
6583,151,128,23,23
6584,68,62,6,6
6585,104,102,2,2
6586,53,53,0,0
6587,88,79,9,9
6588,91,74,17,17
6589,184,142,42,42
6590,99,87,12,12
6591,189,156,33,33
6592,186,156,30,30
6593,125,105,20,20
6594,62,65,-3,3
6595,103,94,9,9
6596,183,170,13,13
6597,62,48,14,14
6598,66,59,7,7
6599,73,62,11,11
6600,114,100,14,14
6601,123,114,9,9
6602,108,84,24,24
6603,115,98,17,17
6604,124,104,20,20
6605,66,69,-3,3
6606,104,73,31,31
6607,75,65,10,10
6608,108,103,5,5
6609,81,77,4,4
6610,82,65,17,17
6611,80,66,14,14
6612,30,31,-1,1
6613,90,80,10,10
6614,62,55,7,7
6615,86,74,12,12
6616,56,50,6,6
6617,95,88,7,7
6618,100,92,8,8
6619,102,89,13,13
6620,102,91,11,11
6621,59,49,10,10
6622,152,124,28,28
6623,163,151,12,12
6624,143,126,17,17
6625,162,146,16,16
6626,84,75,9,9
6627,78,73,5,5
6628,92,90,2,2
6629,79,76,3,3
6630,78,66,12,12
6631,120,95,25,25
6632,99,82,17,17
6633,103,78,25,25
6634,76,77,-1,1
6635,80,71,9,9
6636,66,59,7,7
6637,128,114,14,14
6638,85,66,19,19
6639,100,93,7,7
6640,46,45,1,1
6641,125,114,11,11
6642,111,102,9,9
6643,119,104,15,15
6644,59,55,4,4
6645,55,48,7,7
6646,158,141,17,17
6647,106,103,3,3
6648,136,124,12,12
6649,108,91,17,17
6650,124,109,15,15
6651,106,94,12,12
6652,92,71,21,21
6653,118,113,5,5
6654,108,95,13,13
6655,114,97,17,17
6656,51,49,2,2
6657,85,74,11,11
6658,61,81,-20,20
6659,74,67,7,7
6660,67,59,8,8
6661,108,96,12,12
6662,132,115,17,17
6663,78,65,13,13
6664,102,102,0,0
6665,175,138,37,37
6666,140,124,16,16
6667,93,83,10,10
6668,75,73,2,2
6669,98,87,11,11
6670,98,84,14,14
6671,119,98,21,21
6672,121,131,-10,10
6673,94,84,10,10
6674,117,89,28,28
6675,108,100,8,8
6676,87,95,-8,8
6677,100,84,16,16
6678,88,77,11,11
6679,86,64,22,22
6680,65,57,8,8
6681,81,68,13,13
6682,89,79,10,10
6683,114,97,17,17
6684,108,97,11,11
6685,95,77,18,18
6686,100,89,11,11
6687,98,92,6,6
6688,88,76,12,12
6689,95,83,12,12
6690,92,85,7,7
6691,161,140,21,21
6692,57,46,11,11
6693,89,79,10,10
6694,67,46,21,21
6695,101,93,8,8
6696,102,100,2,2
6697,84,74,10,10
6698,64,58,6,6
6699,127,116,11,11
6700,97,87,10,10
6701,101,91,10,10
6702,65,64,1,1
6703,89,73,16,16
6704,70,61,9,9
6705,67,62,5,5
6706,169,146,23,23
6707,59,60,-1,1
6708,163,138,25,25
6709,38,38,0,0
6710,117,101,16,16
6711,53,48,5,5
6712,52,48,4,4
6713,120,107,13,13
6714,80,60,20,20
6715,52,51,1,1
6716,127,134,-7,7
6717,87,83,4,4
6718,54,65,-11,11
6719,66,53,13,13
6720,98,86,12,12
6721,112,104,8,8
6722,56,53,3,3
6723,114,104,10,10
6724,90,77,13,13
6725,87,77,10,10
6726,58,51,7,7
6727,118,103,15,15
6728,96,87,9,9
6729,102,100,2,2
6730,84,81,3,3
6731,111,95,16,16
6732,62,62,0,0
6733,73,59,14,14
6734,69,64,5,5
6735,133,113,20,20
6736,87,75,12,12
6737,64,59,5,5
6738,85,80,5,5
6739,103,87,16,16
6740,86,77,9,9
6741,68,58,10,10
6742,145,131,14,14
6743,74,61,13,13
6744,91,86,5,5
6745,102,83,19,19
6746,128,116,12,12
6747,104,100,4,4
6748,110,106,4,4
6749,56,48,8,8
6750,83,74,9,9
6751,109,106,3,3
6752,77,68,9,9
6753,164,137,27,27
6754,137,121,16,16
6755,134,110,24,24
6756,172,149,23,23
6757,116,107,9,9
6758,80,69,11,11
6759,50,49,1,1
6760,168,139,29,29
6761,68,66,2,2
6762,88,83,5,5
6763,48,41,7,7
6764,60,50,10,10
6765,135,125,10,10
6766,75,61,14,14
6767,187,166,21,21
6768,78,64,14,14
6769,117,88,29,29
6770,109,102,7,7
6771,79,65,14,14
6772,80,74,6,6
6773,72,65,7,7
6774,105,95,10,10
6775,130,125,5,5
6776,108,104,4,4
6777,39,40,-1,1
6778,94,91,3,3
6779,76,78,-2,2
6780,84,78,6,6
6781,110,111,-1,1
6782,79,70,9,9
6783,129,100,29,29
6784,66,61,5,5
6785,73,68,5,5
6786,90,74,16,16
6787,69,61,8,8
6788,76,61,15,15
6789,96,103,-7,7
6790,113,103,10,10
6791,118,108,10,10
6792,78,68,10,10
6793,92,77,15,15
6794,96,82,14,14
6795,111,108,3,3
6796,143,140,3,3
6797,101,89,12,12
6798,99,93,6,6
6799,110,108,2,2
6800,105,97,8,8
6801,79,72,7,7
6802,80,80,0,0
6803,54,47,7,7
6804,86,73,13,13
6805,66,68,-2,2
6806,96,83,13,13
6807,151,137,14,14
6808,78,90,-12,12
6809,82,81,1,1
6810,93,81,12,12
6811,57,59,-2,2
6812,129,111,18,18
6813,89,79,10,10
6814,83,70,13,13
6815,72,74,-2,2
6816,85,77,8,8
6817,58,52,6,6
6818,69,61,8,8
6819,69,76,-7,7
6820,55,47,8,8
6821,114,91,23,23
6822,145,117,28,28
6823,81,77,4,4
6824,41,46,-5,5
6825,88,94,-6,6
6826,108,100,8,8
6827,104,90,14,14
6828,74,60,14,14
6829,111,99,12,12
6830,74,63,11,11
6831,82,71,11,11
6832,129,115,14,14
6833,75,71,4,4
6834,137,117,20,20
6835,135,123,12,12
6836,93,76,17,17
6837,73,75,-2,2
6838,125,114,11,11
6839,110,108,2,2
6840,147,146,1,1
6841,86,83,3,3
6842,96,81,15,15
6843,104,90,14,14
6844,110,102,8,8
6845,80,69,11,11
6846,66,65,1,1
6847,168,150,18,18
6848,123,125,-2,2
6849,138,127,11,11
6850,66,58,8,8
6851,66,53,13,13
6852,143,117,26,26
6853,88,68,20,20
6854,76,75,1,1
6855,143,139,4,4
6856,108,90,18,18
6857,74,65,9,9
6858,76,65,11,11
6859,59,58,1,1
6860,87,74,13,13
6861,113,97,16,16
6862,57,49,8,8
6863,56,59,-3,3
6864,102,83,19,19
6865,74,63,11,11
6866,89,82,7,7
6867,75,71,4,4
6868,128,119,9,9
6869,106,101,5,5
6870,92,77,15,15
6871,138,128,10,10
6872,75,63,12,12
6873,103,91,12,12
6874,120,100,20,20
6875,136,114,22,22
6876,72,66,6,6
6877,128,122,6,6
6878,128,113,15,15
6879,150,130,20,20
6880,86,73,13,13
6881,85,74,11,11
6882,62,53,9,9
6883,76,66,10,10
6884,123,111,12,12
6885,64,57,7,7
6886,116,108,8,8
6887,62,59,3,3
6888,81,74,7,7
6889,118,99,19,19
6890,117,103,14,14
6891,123,101,22,22
6892,144,116,28,28
6893,109,98,11,11
6894,79,70,9,9
6895,97,91,6,6
6896,87,71,16,16
6897,55,46,9,9
6898,65,60,5,5
6899,103,93,10,10
6900,90,68,22,22
6901,87,72,15,15
6902,43,40,3,3
6903,92,81,11,11
6904,147,136,11,11
6905,106,91,15,15
6906,68,66,2,2
6907,71,59,12,12
6908,97,87,10,10
6909,93,88,5,5
6910,69,74,-5,5
6911,92,90,2,2
6912,77,74,3,3
6913,132,115,17,17
6914,87,81,6,6
6915,118,102,16,16
6916,58,51,7,7
6917,43,39,4,4
6918,80,79,1,1
6919,118,97,21,21
6920,107,108,-1,1
6921,132,121,11,11
6922,86,82,4,4
6923,114,96,18,18
6924,85,72,13,13
6925,66,61,5,5
6926,65,57,8,8
6927,84,79,5,5
6928,122,109,13,13
6929,74,73,1,1
6930,154,150,4,4
6931,93,81,12,12
6932,40,61,-21,21
6933,88,75,13,13
6934,84,81,3,3
6935,67,58,9,9
6936,113,105,8,8
6937,110,102,8,8
6938,217,183,34,34
6939,99,91,8,8
6940,107,101,6,6
6941,120,107,13,13
6942,116,97,19,19
6943,70,72,-2,2
6944,86,74,12,12
6945,89,84,5,5
6946,75,66,9,9
6947,72,64,8,8
6948,75,66,9,9
6949,55,57,-2,2
6950,196,176,20,20
6951,114,96,18,18
6952,142,77,65,65
6953,76,72,4,4
6954,71,55,16,16
6955,80,77,3,3
6956,81,70,11,11
6957,106,86,20,20
6958,126,112,14,14
6959,114,105,9,9
6960,90,82,8,8
6961,134,119,15,15
6962,112,102,10,10
6963,86,77,9,9
6964,109,105,4,4
6965,98,99,-1,1
6966,123,111,12,12
6967,48,45,3,3
6968,89,77,12,12
6969,141,131,10,10
6970,122,109,13,13
6971,65,58,7,7
6972,163,144,19,19
6973,106,94,12,12
6974,145,139,6,6
6975,65,54,11,11
6976,111,84,27,27
6977,110,101,9,9
6978,40,34,6,6
6979,77,70,7,7
6980,81,70,11,11
6981,136,119,17,17
6982,124,120,4,4
6983,107,101,6,6
6984,83,72,11,11
6985,137,120,17,17
6986,93,87,6,6
6987,95,83,12,12
6988,82,85,-3,3
6989,91,84,7,7
6990,139,112,27,27
6991,49,42,7,7
6992,36,29,7,7
6993,76,60,16,16
6994,57,54,3,3
6995,128,118,10,10
6996,77,80,-3,3
6997,86,78,8,8
6998,144,131,13,13
6999,72,71,1,1
7000,48,44,4,4
7001,86,72,14,14
7002,96,80,16,16
7003,67,58,9,9
7004,65,54,11,11
7005,132,109,23,23
7006,128,110,18,18
7007,115,99,16,16
7008,109,96,13,13
7009,63,56,7,7
7010,55,55,0,0
7011,119,87,32,32
7012,70,58,12,12
7013,125,109,16,16
7014,146,123,23,23
7015,84,74,10,10
7016,120,114,6,6
7017,83,79,4,4
7018,68,60,8,8
7019,106,88,18,18
7020,147,111,36,36
7021,81,70,11,11
7022,87,81,6,6
7023,86,75,11,11
7024,67,65,2,2
7025,100,85,15,15
7026,81,78,3,3
7027,70,69,1,1
7028,94,80,14,14
7029,123,103,20,20
7030,121,100,21,21
7031,71,65,6,6
7032,73,64,9,9
7033,79,72,7,7
7034,98,96,2,2
7035,147,104,43,43
7036,86,75,11,11
7037,83,68,15,15
7038,117,98,19,19
7039,93,87,6,6
7040,44,40,4,4
7041,68,65,3,3
7042,74,68,6,6
7043,76,86,-10,10
7044,96,80,16,16
7045,80,60,20,20
7046,73,74,-1,1
7047,93,78,15,15
7048,48,47,1,1
7049,85,75,10,10
7050,140,127,13,13
7051,81,75,6,6
7052,57,47,10,10
7053,93,81,12,12
7054,119,106,13,13
7055,129,126,3,3
7056,88,72,16,16
7057,101,92,9,9
7058,91,80,11,11
7059,59,48,11,11
7060,109,104,5,5
7061,89,70,19,19
7062,101,82,19,19
7063,116,96,20,20
7064,86,80,6,6
7065,113,100,13,13
7066,101,87,14,14
7067,110,104,6,6
7068,115,129,-14,14
7069,137,133,4,4
7070,64,65,-1,1
7071,133,109,24,24
7072,80,78,2,2
7073,61,48,13,13
7074,116,107,9,9
7075,154,137,17,17
7076,69,63,6,6
7077,123,114,9,9
7078,63,59,4,4
7079,99,105,-6,6
7080,52,41,11,11
7081,86,73,13,13
7082,79,69,10,10
7083,97,95,2,2
7084,68,65,3,3
7085,79,77,2,2
7086,82,68,14,14
7087,66,55,11,11
7088,28,21,7,7
7089,54,56,-2,2
7090,76,65,11,11
7091,74,76,-2,2
7092,97,91,6,6
7093,82,71,11,11
7094,103,92,11,11
7095,61,51,10,10
7096,69,54,15,15
7097,60,57,3,3
7098,61,77,-16,16
7099,100,95,5,5
7100,100,93,7,7
7101,129,112,17,17
7102,184,155,29,29
7103,119,111,8,8
7104,91,74,17,17
7105,99,96,3,3
7106,100,87,13,13
7107,58,59,-1,1
7108,70,63,7,7
7109,76,76,0,0
7110,77,70,7,7
7111,70,59,11,11
7112,116,101,15,15
7113,149,136,13,13
7114,124,114,10,10
7115,139,107,32,32
7116,142,141,1,1
7117,77,75,2,2
7118,96,76,20,20
7119,215,174,41,41
7120,70,65,5,5
7121,118,110,8,8
7122,89,80,9,9
7123,106,90,16,16
7124,117,106,11,11
7125,60,57,3,3
7126,67,64,3,3
7127,149,138,11,11
7128,364,387,-23,23
7129,110,96,14,14
7130,106,86,20,20
7131,161,149,12,12
7132,119,121,-2,2
7133,113,131,-18,18
7134,100,94,6,6
7135,51,49,2,2
7136,121,107,14,14
7137,108,100,8,8
7138,107,100,7,7
7139,62,54,8,8
7140,84,77,7,7
7141,93,72,21,21
7142,143,132,11,11
7143,136,119,17,17
7144,53,55,-2,2
7145,97,91,6,6
7146,139,133,6,6
7147,126,117,9,9
7148,46,46,0,0
7149,172,159,13,13
7150,101,92,9,9
7151,89,83,6,6
7152,118,100,18,18
7153,71,69,2,2
7154,120,114,6,6
7155,77,69,8,8
7156,145,119,26,26
7157,45,35,10,10
7158,80,67,13,13
7159,58,54,4,4
7160,117,99,18,18
7161,91,80,11,11
7162,192,168,24,24
7163,68,57,11,11
7164,71,55,16,16
7165,82,72,10,10
7166,84,75,9,9
7167,70,69,1,1
7168,47,45,2,2
7169,95,78,17,17
7170,59,54,5,5
7171,154,131,23,23
7172,131,114,17,17
7173,98,93,5,5
7174,38,39,-1,1
7175,86,82,4,4
7176,55,51,4,4
7177,40,34,6,6
7178,119,104,15,15
7179,247,196,51,51
7180,96,90,6,6
7181,69,68,1,1
7182,87,84,3,3
7183,93,89,4,4
7184,84,73,11,11
7185,127,123,4,4
7186,106,91,15,15
7187,62,56,6,6
7188,84,78,6,6
7189,48,47,1,1
7190,116,112,4,4
7191,83,70,13,13
7192,123,113,10,10
7193,97,80,17,17
7194,119,96,23,23
7195,113,105,8,8
7196,70,64,6,6
7197,123,113,10,10
7198,86,71,15,15
7199,49,50,-1,1
7200,113,104,9,9
7201,100,88,12,12
7202,131,118,13,13
7203,93,83,10,10
7204,92,76,16,16
7205,73,65,8,8
7206,61,56,5,5
7207,72,58,14,14
7208,91,79,12,12
7209,86,77,9,9
7210,82,69,13,13
7211,179,164,15,15
7212,121,98,23,23
7213,58,51,7,7
7214,83,69,14,14
7215,100,73,27,27
7216,84,72,12,12
7217,76,64,12,12
7218,83,65,18,18
7219,81,72,9,9
7220,119,106,13,13
7221,160,139,21,21
7222,97,90,7,7
7223,143,147,-4,4
7224,49,31,18,18
7225,188,161,27,27
7226,79,73,6,6
7227,62,57,5,5
7228,71,56,15,15
7229,114,113,1,1
7230,167,158,9,9
7231,100,81,19,19
7232,90,75,15,15
7233,106,98,8,8
7234,129,122,7,7
7235,81,69,12,12
7236,52,46,6,6
7237,86,74,12,12
7238,92,96,-4,4
7239,59,55,4,4
7240,98,94,4,4
7241,94,80,14,14
7242,173,157,16,16
7243,82,83,-1,1
7244,121,104,17,17
7245,84,69,15,15
7246,44,35,9,9
7247,88,86,2,2
7248,91,76,15,15
7249,97,84,13,13
7250,46,38,8,8
7251,114,100,14,14
7252,108,92,16,16
7253,66,58,8,8
7254,71,64,7,7
7255,76,68,8,8
7256,159,145,14,14
7257,39,27,12,12
7258,47,48,-1,1
7259,142,114,28,28
7260,124,119,5,5
7261,109,101,8,8
7262,110,104,6,6
7263,59,49,10,10
7264,107,86,21,21
7265,59,48,11,11
7266,93,86,7,7
7267,96,90,6,6
7268,40,40,0,0
7269,124,106,18,18
7270,90,68,22,22
7271,52,47,5,5
7272,95,80,15,15
7273,81,67,14,14
7274,171,146,25,25
7275,78,59,19,19
7276,97,80,17,17
7277,82,81,1,1
7278,93,72,21,21
7279,106,98,8,8
7280,129,108,21,21
7281,110,109,1,1
7282,28,46,-18,18
7283,152,145,7,7
7284,113,93,20,20
7285,62,56,6,6
7286,51,46,5,5
7287,167,155,12,12
7288,60,47,13,13
7289,176,154,22,22
7290,139,124,15,15
7291,193,174,19,19
7292,78,76,2,2
7293,76,62,14,14
7294,80,71,9,9
7295,86,91,-5,5
7296,102,83,19,19
7297,51,43,8,8
7298,32,25,7,7
7299,133,100,33,33
7300,160,135,25,25
7301,75,64,11,11
7302,84,69,15,15
7303,85,74,11,11
7304,89,82,7,7
7305,69,59,10,10
7306,113,100,13,13
7307,69,59,10,10
7308,76,71,5,5
7309,56,69,-13,13
7310,86,68,18,18
7311,92,90,2,2
7312,54,51,3,3
7313,100,80,20,20
7314,37,37,0,0
7315,140,129,11,11
7316,57,64,-7,7
7317,83,76,7,7
7318,75,61,14,14
7319,59,53,6,6
7320,99,106,-7,7
7321,108,93,15,15
7322,93,88,5,5
7323,78,75,3,3
7324,166,151,15,15
7325,81,71,10,10
7326,80,69,11,11
7327,166,135,31,31
7328,56,50,6,6
7329,108,96,12,12
7330,88,79,9,9
7331,124,121,3,3
7332,71,65,6,6
7333,111,90,21,21
7334,77,82,-5,5
7335,84,70,14,14
7336,85,77,8,8
7337,103,84,19,19
7338,67,67,0,0
7339,128,109,19,19
7340,54,41,13,13
7341,98,84,14,14
7342,115,119,-4,4
7343,80,71,9,9
7344,66,57,9,9
7345,84,71,13,13
7346,179,155,24,24
7347,70,64,6,6
7348,93,85,8,8
7349,139,140,-1,1
7350,136,116,20,20
7351,173,158,15,15
7352,112,91,21,21
7353,76,76,0,0
7354,112,103,9,9
7355,118,119,-1,1
7356,109,90,19,19
7357,101,98,3,3
7358,105,87,18,18
7359,67,62,5,5
7360,131,112,19,19
7361,41,44,-3,3
7362,49,41,8,8
7363,113,103,10,10
7364,137,127,10,10
7365,96,91,5,5
7366,68,60,8,8
7367,110,104,6,6
7368,70,65,5,5
7369,155,146,9,9
7370,58,47,11,11
7371,140,138,2,2
7372,119,113,6,6
7373,67,63,4,4
7374,79,73,6,6
7375,68,63,5,5
7376,62,52,10,10
7377,48,46,2,2
7378,104,98,6,6
7379,67,63,4,4
7380,63,57,6,6
7381,70,60,10,10
7382,83,78,5,5
7383,66,58,8,8
7384,67,70,-3,3
7385,54,48,6,6
7386,144,134,10,10
7387,68,61,7,7
7388,76,72,4,4
7389,62,52,10,10
7390,147,122,25,25
7391,80,88,-8,8
7392,53,49,4,4
7393,73,50,23,23
7394,74,63,11,11
7395,63,59,4,4
7396,111,100,11,11
7397,199,166,33,33
7398,90,76,14,14
7399,65,59,6,6
7400,68,55,13,13
7401,81,73,8,8
7402,95,85,10,10
7403,83,75,8,8
7404,99,80,19,19
7405,64,60,4,4
7406,70,65,5,5
7407,62,49,13,13
7408,60,58,2,2
7409,84,79,5,5
7410,63,55,8,8
7411,91,88,3,3
7412,53,60,-7,7
7413,114,99,15,15
7414,102,88,14,14
7415,80,58,22,22
7416,85,83,2,2
7417,112,106,6,6
7418,86,76,10,10
7419,61,59,2,2
7420,118,100,18,18
7421,108,84,24,24
7422,179,145,34,34
7423,87,80,7,7
7424,185,158,27,27
7425,91,76,15,15
7426,73,69,4,4
7427,63,48,15,15
7428,159,132,27,27
7429,146,135,11,11
7430,75,74,1,1
7431,73,70,3,3
7432,107,88,19,19
7433,93,84,9,9
7434,89,86,3,3
7435,82,85,-3,3
7436,79,66,13,13
7437,50,46,4,4
7438,69,64,5,5
7439,89,84,5,5
7440,145,139,6,6
7441,84,80,4,4
7442,115,111,4,4
7443,103,108,-5,5
7444,90,85,5,5
7445,57,48,9,9
7446,118,93,25,25
7447,99,91,8,8
7448,124,106,18,18
7449,102,103,-1,1
7450,97,87,10,10
7451,64,56,8,8
7452,78,64,14,14
7453,121,111,10,10
7454,163,144,19,19
7455,63,54,9,9
7456,53,52,1,1
7457,71,62,9,9
7458,79,70,9,9
7459,102,94,8,8
7460,130,112,18,18
7461,114,100,14,14
7462,118,116,2,2
7463,93,86,7,7
7464,78,60,18,18
7465,87,80,7,7
7466,107,88,19,19
7467,105,89,16,16
7468,135,127,8,8
7469,64,53,11,11
7470,80,66,14,14
7471,79,79,0,0
7472,156,149,7,7
7473,123,118,5,5
7474,81,81,0,0
7475,91,82,9,9
7476,184,157,27,27
7477,62,61,1,1
7478,76,72,4,4
7479,112,97,15,15
7480,60,59,1,1
7481,103,87,16,16
7482,83,76,7,7
7483,69,62,7,7
7484,206,182,24,24
7485,78,75,3,3
7486,82,65,17,17
7487,81,75,6,6
7488,39,33,6,6
7489,109,99,10,10
7490,32,42,-10,10
7491,65,67,-2,2
7492,88,78,10,10
7493,94,88,6,6
7494,87,83,4,4
7495,74,64,10,10
7496,88,74,14,14
7497,103,101,2,2
7498,72,54,18,18
7499,83,75,8,8
7500,197,193,4,4
7501,41,38,3,3
7502,76,68,8,8
7503,129,100,29,29
7504,40,54,-14,14
7505,136,126,10,10
7506,62,54,8,8
7507,66,54,12,12
7508,106,108,-2,2
7509,62,55,7,7
7510,109,92,17,17
7511,136,118,18,18
7512,100,86,14,14
7513,160,140,20,20
7514,105,92,13,13
7515,122,104,18,18
7516,98,91,7,7
7517,78,68,10,10
7518,75,72,3,3
7519,67,61,6,6
7520,56,52,4,4
7521,60,52,8,8
7522,38,33,5,5
7523,53,51,2,2
7524,57,61,-4,4
7525,113,98,15,15
7526,83,70,13,13
7527,81,67,14,14
7528,136,129,7,7
7529,78,62,16,16
7530,89,74,15,15
7531,86,77,9,9
7532,68,63,5,5
7533,156,142,14,14
7534,85,73,12,12
7535,126,114,12,12
7536,57,58,-1,1
7537,114,111,3,3
7538,113,92,21,21
7539,75,74,1,1
7540,130,110,20,20
7541,79,58,21,21
7542,112,97,15,15
7543,120,111,9,9
7544,76,69,7,7
7545,86,71,15,15
7546,60,54,6,6
7547,52,50,2,2
7548,80,64,16,16
7549,136,115,21,21
7550,71,66,5,5
7551,152,139,13,13
7552,59,57,2,2
7553,88,71,17,17
7554,71,58,13,13
7555,71,60,11,11
7556,88,82,6,6
7557,44,44,0,0
7558,95,89,6,6
7559,99,88,11,11
7560,74,75,-1,1
7561,148,128,20,20
7562,74,64,10,10
7563,103,84,19,19
7564,70,57,13,13
7565,128,107,21,21
7566,70,63,7,7
7567,69,66,3,3
7568,95,65,30,30
7569,125,111,14,14
7570,87,84,3,3
7571,130,121,9,9
7572,105,110,-5,5
7573,96,81,15,15
7574,90,81,9,9
7575,52,45,7,7
7576,77,80,-3,3
7577,143,126,17,17
7578,97,96,1,1
7579,81,71,10,10
7580,55,44,11,11
7581,122,117,5,5
7582,59,55,4,4
7583,106,96,10,10
7584,146,119,27,27
7585,62,54,8,8
7586,122,106,16,16
7587,166,143,23,23
7588,76,62,14,14
7589,82,81,1,1
7590,114,102,12,12
7591,113,115,-2,2
7592,94,85,9,9
7593,113,106,7,7
7594,79,74,5,5
7595,106,92,14,14
7596,123,109,14,14
7597,118,100,18,18
7598,80,69,11,11
7599,94,81,13,13
7600,89,74,15,15
7601,64,51,13,13
7602,113,105,8,8
7603,137,119,18,18
7604,53,94,-41,41
7605,133,119,14,14
7606,65,72,-7,7
7607,78,74,4,4
7608,40,38,2,2
7609,60,58,2,2
7610,52,48,4,4
7611,136,116,20,20
7612,155,144,11,11
7613,94,89,5,5
7614,75,69,6,6
7615,36,36,0,0
7616,132,114,18,18
7617,117,105,12,12
7618,136,137,-1,1
7619,141,112,29,29
7620,65,58,7,7
7621,96,70,26,26
7622,68,53,15,15
7623,144,118,26,26
7624,148,130,18,18
7625,117,107,10,10
7626,60,60,0,0
7627,98,85,13,13
7628,114,99,15,15
7629,139,109,30,30
7630,109,91,18,18
7631,69,67,2,2
7632,105,90,15,15
7633,116,92,24,24
7634,72,59,13,13
7635,74,69,5,5
7636,102,97,5,5
7637,62,44,18,18
7638,36,26,10,10
7639,94,81,13,13
7640,78,68,10,10
7641,150,124,26,26
7642,81,70,11,11
7643,154,142,12,12
7644,115,111,4,4
7645,44,48,-4,4
7646,88,82,6,6
7647,80,68,12,12
7648,75,64,11,11
7649,58,52,6,6
7650,124,112,12,12
7651,90,78,12,12
7652,117,100,17,17
7653,93,79,14,14
7654,133,119,14,14
7655,71,59,12,12
7656,82,76,6,6
7657,66,61,5,5
7658,69,63,6,6
7659,112,95,17,17
7660,114,96,18,18
7661,81,62,19,19
7662,110,103,7,7
7663,76,63,13,13
7664,97,89,8,8
7665,83,74,9,9
7666,73,68,5,5
7667,109,97,12,12
7668,67,56,11,11
7669,101,97,4,4
7670,74,63,11,11
7671,122,106,16,16
7672,51,51,0,0
7673,80,83,-3,3
7674,118,102,16,16
7675,87,73,14,14
7676,84,68,16,16
7677,135,116,19,19
7678,51,89,-38,38
7679,121,95,26,26
7680,60,53,7,7
7681,150,135,15,15
7682,41,36,5,5
7683,55,47,8,8
7684,149,117,32,32
7685,136,119,17,17
7686,121,97,24,24
7687,121,107,14,14
7688,50,55,-5,5
7689,61,51,10,10
7690,129,112,17,17
7691,83,88,-5,5
7692,83,86,-3,3
7693,77,63,14,14
7694,110,93,17,17
7695,110,88,22,22
7696,108,107,1,1
7697,95,89,6,6
7698,91,76,15,15
7699,99,83,16,16
7700,105,94,11,11
7701,104,116,-12,12
7702,82,77,5,5
7703,68,63,5,5
7704,77,68,9,9
7705,103,88,15,15
7706,87,77,10,10
7707,55,46,9,9
7708,94,83,11,11
7709,67,61,6,6
7710,75,83,-8,8
7711,137,127,10,10
7712,69,61,8,8
7713,67,59,8,8
7714,77,79,-2,2
7715,68,61,7,7
7716,117,103,14,14
7717,109,100,9,9
7718,164,136,28,28
7719,102,104,-2,2
7720,77,76,1,1
7721,71,81,-10,10
7722,71,67,4,4
7723,146,116,30,30
7724,40,31,9,9
7725,121,104,17,17
7726,86,68,18,18
7727,99,86,13,13
7728,68,65,3,3
7729,89,68,21,21
7730,71,68,3,3
7731,72,65,7,7
7732,49,44,5,5
7733,155,110,45,45
7734,145,136,9,9
7735,102,100,2,2
7736,131,118,13,13
7737,101,78,23,23
7738,61,58,3,3
7739,108,101,7,7
7740,62,60,2,2
7741,93,80,13,13
7742,84,74,10,10
7743,56,80,-24,24
7744,143,123,20,20
7745,145,125,20,20
7746,103,83,20,20
7747,88,79,9,9
7748,96,86,10,10
7749,63,61,2,2
7750,88,76,12,12
7751,50,54,-4,4
7752,106,98,8,8
7753,89,66,23,23
7754,101,101,0,0
7755,134,112,22,22
7756,91,75,16,16
7757,134,138,-4,4
7758,79,75,4,4
7759,161,141,20,20
7760,127,115,12,12
7761,88,81,7,7
7762,61,60,1,1
7763,60,62,-2,2
7764,102,85,17,17
7765,140,132,8,8
7766,69,62,7,7
7767,101,101,0,0
7768,175,157,18,18
7769,129,136,-7,7
7770,115,107,8,8
7771,88,90,-2,2
7772,79,71,8,8
7773,102,94,8,8
7774,43,38,5,5
7775,97,89,8,8
7776,132,127,5,5
7777,58,49,9,9
7778,89,85,4,4
7779,90,87,3,3
7780,98,94,4,4
7781,102,91,11,11
7782,88,80,8,8
7783,106,96,10,10
7784,99,89,10,10
7785,151,134,17,17
7786,111,87,24,24
7787,65,57,8,8
7788,71,64,7,7
7789,79,86,-7,7
7790,65,56,9,9
7791,136,119,17,17
7792,151,142,9,9
7793,108,96,12,12
7794,121,99,22,22
7795,54,56,-2,2
7796,96,92,4,4
7797,98,81,17,17
7798,62,59,3,3
7799,78,73,5,5
7800,97,91,6,6
7801,80,69,11,11
7802,65,61,4,4
7803,74,71,3,3
7804,118,109,9,9
7805,109,91,18,18
7806,99,87,12,12
7807,78,78,0,0
7808,59,63,-4,4
7809,84,86,-2,2
7810,108,101,7,7
7811,89,85,4,4
7812,119,97,22,22
7813,182,149,33,33
7814,133,104,29,29
7815,90,87,3,3
7816,144,145,-1,1
7817,109,97,12,12
7818,154,126,28,28
7819,54,47,7,7
7820,59,57,2,2
7821,120,109,11,11
7822,113,109,4,4
7823,90,79,11,11
7824,119,98,21,21
7825,72,64,8,8
7826,173,152,21,21
7827,252,218,34,34
7828,123,124,-1,1
7829,178,154,24,24
7830,207,170,37,37
7831,86,80,6,6
7832,61,50,11,11
7833,82,79,3,3
7834,77,67,10,10
7835,90,79,11,11
7836,85,92,-7,7
7837,133,135,-2,2
7838,67,62,5,5
7839,71,69,2,2
7840,118,116,2,2
7841,168,152,16,16
7842,101,94,7,7
7843,126,105,21,21
7844,127,113,14,14
7845,197,170,27,27
7846,67,58,9,9
7847,59,51,8,8
7848,139,122,17,17
7849,84,76,8,8
7850,75,69,6,6
7851,124,111,13,13
7852,61,56,5,5
7853,78,69,9,9
7854,102,82,20,20
7855,50,39,11,11
7856,72,76,-4,4
7857,98,96,2,2
7858,109,95,14,14
7859,97,81,16,16
7860,79,66,13,13
7861,73,63,10,10
7862,114,99,15,15
7863,118,104,14,14
7864,101,91,10,10
7865,103,94,9,9
7866,49,46,3,3
7867,49,49,0,0
7868,37,37,0,0
7869,121,108,13,13
7870,69,63,6,6
7871,126,116,10,10
7872,91,78,13,13
7873,119,102,17,17
7874,105,93,12,12
7875,129,116,13,13
7876,83,70,13,13
7877,99,87,12,12
7878,106,104,2,2
7879,67,59,8,8
7880,132,120,12,12
7881,110,87,23,23
7882,72,61,11,11
7883,126,113,13,13
7884,129,132,-3,3
7885,74,68,6,6
7886,131,117,14,14
7887,97,91,6,6
7888,118,113,5,5
7889,124,109,15,15
7890,66,65,1,1
7891,99,96,3,3
7892,93,82,11,11
7893,169,153,16,16
7894,109,106,3,3
7895,194,164,30,30
7896,131,111,20,20
7897,67,60,7,7
7898,102,92,10,10
7899,126,113,13,13
7900,166,157,9,9
7901,52,51,1,1
7902,129,132,-3,3
7903,175,157,18,18
7904,77,62,15,15
7905,52,42,10,10
7906,73,60,13,13
7907,97,91,6,6
7908,49,43,6,6
7909,112,101,11,11
7910,108,102,6,6
7911,91,74,17,17
7912,84,97,-13,13
7913,35,39,-4,4
7914,182,177,5,5
7915,61,54,7,7
7916,61,46,15,15
7917,79,72,7,7
7918,55,49,6,6
7919,64,56,8,8
7920,142,120,22,22
7921,66,57,9,9
7922,74,72,2,2
7923,150,129,21,21
7924,99,87,12,12
7925,106,102,4,4
7926,72,71,1,1
7927,121,102,19,19
7928,114,103,11,11
7929,75,65,10,10
7930,65,64,1,1
7931,116,108,8,8
7932,99,86,13,13
7933,199,175,24,24
7934,60,50,10,10
7935,67,57,10,10
7936,81,71,10,10
7937,178,123,55,55
7938,70,70,0,0
7939,131,108,23,23
7940,149,128,21,21
7941,70,63,7,7
7942,97,94,3,3
7943,104,81,23,23
7944,73,65,8,8
7945,74,71,3,3
7946,87,88,-1,1
7947,112,100,12,12
7948,126,109,17,17
7949,86,97,-11,11
7950,134,117,17,17
7951,117,88,29,29
7952,61,54,7,7
7953,71,72,-1,1
7954,80,78,2,2
7955,63,57,6,6
7956,70,57,13,13
7957,63,68,-5,5
7958,46,44,2,2
7959,59,56,3,3
7960,89,81,8,8
7961,134,119,15,15
7962,113,102,11,11
7963,73,78,-5,5
7964,122,103,19,19
7965,59,53,6,6
7966,142,137,5,5
7967,175,157,18,18
7968,61,49,12,12
7969,142,141,1,1
7970,68,52,16,16
7971,51,49,2,2
7972,94,92,2,2
7973,104,89,15,15
7974,85,78,7,7
7975,155,148,7,7
7976,157,158,-1,1
7977,115,100,15,15
7978,94,90,4,4
7979,86,83,3,3
7980,115,111,4,4
7981,85,74,11,11
7982,106,93,13,13
7983,64,57,7,7
7984,38,69,-31,31
7985,51,46,5,5
7986,106,96,10,10
7987,101,96,5,5
7988,46,47,-1,1
7989,85,62,23,23
7990,104,94,10,10
7991,95,88,7,7
7992,130,113,17,17
7993,151,132,19,19
7994,57,49,8,8
7995,93,88,5,5
7996,69,60,9,9
7997,39,31,8,8
7998,76,70,6,6
7999,84,68,16,16
8000,41,40,1,1
8001,45,45,0,0
8002,68,62,6,6
8003,82,74,8,8
8004,68,65,3,3
8005,73,61,12,12
8006,49,47,2,2
8007,93,81,12,12
8008,75,63,12,12
8009,85,69,16,16
8010,103,93,10,10
8011,129,115,14,14
8012,116,110,6,6
8013,77,67,10,10
8014,83,73,10,10
8015,104,82,22,22
8016,124,100,24,24
8017,89,80,9,9
8018,88,90,-2,2
8019,49,55,-6,6
8020,104,97,7,7
8021,107,94,13,13
8022,125,116,9,9
8023,57,53,4,4
8024,104,89,15,15
8025,51,62,-11,11
8026,86,73,13,13
8027,96,87,9,9
8028,190,180,10,10
8029,84,77,7,7
8030,105,96,9,9
8031,94,78,16,16
8032,74,61,13,13
8033,100,81,19,19
8034,126,108,18,18
8035,73,67,6,6
8036,83,78,5,5
8037,141,122,19,19
8038,124,114,10,10
8039,79,73,6,6
8040,135,118,17,17
8041,81,66,15,15
8042,137,126,11,11
8043,75,70,5,5
8044,54,58,-4,4
8045,102,93,9,9
8046,157,125,32,32
8047,93,84,9,9
8048,155,130,25,25
8049,71,60,11,11
8050,109,94,15,15
8051,60,55,5,5
8052,57,61,-4,4
8053,113,99,14,14
8054,130,121,9,9
8055,71,71,0,0
8056,92,79,13,13
8057,148,114,34,34
8058,117,94,23,23
8059,68,62,6,6
8060,161,138,23,23
8061,85,73,12,12
8062,65,54,11,11
8063,43,37,6,6
8064,102,89,13,13
8065,69,55,14,14
8066,185,165,20,20
8067,133,119,14,14
8068,104,91,13,13
8069,105,95,10,10
8070,120,100,20,20
8071,85,76,9,9
8072,73,51,22,22
8073,158,158,0,0
8074,76,66,10,10
8075,87,65,22,22
8076,148,118,30,30
8077,85,78,7,7
8078,98,75,23,23
8079,66,64,2,2
8080,100,93,7,7
8081,110,100,10,10
8082,86,82,4,4
8083,119,114,5,5
8084,75,66,9,9
8085,110,112,-2,2
8086,69,68,1,1
8087,127,101,26,26
8088,98,83,15,15
8089,116,111,5,5
8090,65,60,5,5
8091,94,86,8,8
8092,58,51,7,7
8093,68,80,-12,12
8094,118,104,14,14
8095,27,30,-3,3
8096,74,61,13,13
8097,81,75,6,6
8098,98,84,14,14
8099,56,54,2,2
8100,101,88,13,13
8101,128,111,17,17
8102,104,96,8,8
8103,69,59,10,10
8104,130,105,25,25
8105,121,111,10,10
8106,42,75,-33,33
8107,89,86,3,3
8108,71,61,10,10
8109,129,109,20,20
8110,59,59,0,0
8111,101,93,8,8
8112,102,93,9,9
8113,109,105,4,4
8114,94,79,15,15
8115,108,103,5,5
8116,102,86,16,16
8117,89,82,7,7
8118,121,114,7,7
8119,122,121,1,1
8120,67,62,5,5
8121,51,56,-5,5
8122,89,79,10,10
8123,88,85,3,3
8124,131,97,34,34
8125,103,94,9,9
8126,151,162,-11,11
8127,134,127,7,7
8128,108,100,8,8
8129,92,81,11,11
8130,65,54,11,11
8131,81,73,8,8
8132,68,73,-5,5
8133,91,81,10,10
8134,114,95,19,19
8135,48,53,-5,5
8136,102,95,7,7
8137,149,139,10,10
8138,108,98,10,10
8139,60,55,5,5
8140,103,99,4,4
8141,65,60,5,5
8142,119,111,8,8
8143,104,99,5,5
8144,64,53,11,11
8145,48,43,5,5
8146,55,47,8,8
8147,75,72,3,3
8148,44,54,-10,10
8149,73,75,-2,2
8150,54,47,7,7
8151,54,52,2,2
8152,52,49,3,3
8153,95,80,15,15
8154,66,65,1,1
8155,85,91,-6,6
8156,75,56,19,19
8157,95,95,0,0
8158,95,78,17,17
8159,36,35,1,1
8160,79,74,5,5
8161,123,111,12,12
8162,81,63,18,18
8163,176,143,33,33
8164,60,45,15,15
8165,61,64,-3,3
8166,140,114,26,26
8167,127,109,18,18
8168,96,89,7,7
8169,99,81,18,18
8170,108,90,18,18
8171,58,51,7,7
8172,51,51,0,0
8173,95,82,13,13
8174,58,63,-5,5
8175,76,64,12,12
8176,116,97,19,19
8177,108,88,20,20
8178,168,143,25,25
8179,27,29,-2,2
8180,145,118,27,27
8181,53,50,3,3
8182,67,58,9,9
8183,92,81,11,11
8184,78,68,10,10
8185,113,105,8,8
8186,141,131,10,10
8187,136,114,22,22
8188,103,98,5,5
8189,86,80,6,6
8190,195,184,11,11
8191,75,65,10,10
8192,63,57,6,6
8193,66,61,5,5
8194,127,116,11,11
8195,122,105,17,17
8196,54,91,-37,37
8197,101,93,8,8
8198,93,72,21,21
8199,64,60,4,4
8200,108,97,11,11
8201,111,96,15,15
8202,77,61,16,16
8203,154,142,12,12
8204,94,76,18,18
8205,84,75,9,9
8206,76,78,-2,2
8207,87,74,13,13
8208,126,101,25,25
8209,82,71,11,11
8210,82,79,3,3
8211,80,70,10,10
8212,126,114,12,12
8213,64,59,5,5
8214,142,112,30,30
8215,143,129,14,14
8216,127,129,-2,2
8217,76,71,5,5
8218,57,62,-5,5
8219,109,90,19,19
8220,141,123,18,18
8221,129,110,19,19
8222,114,96,18,18
8223,83,75,8,8
8224,149,133,16,16
8225,47,50,-3,3
8226,88,81,7,7
8227,88,75,13,13
8228,105,95,10,10
8229,93,93,0,0
8230,109,80,29,29
8231,87,75,12,12
8232,43,32,11,11
8233,81,69,12,12
8234,101,73,28,28
8235,80,64,16,16
8236,112,100,12,12
8237,92,88,4,4
8238,102,91,11,11
8239,71,60,11,11
8240,166,146,20,20
8241,98,82,16,16
8242,129,106,23,23
8243,79,77,2,2
8244,109,94,15,15
8245,145,126,19,19
8246,166,145,21,21
8247,76,72,4,4
8248,46,42,4,4
8249,113,98,15,15
8250,75,76,-1,1
8251,86,69,17,17
8252,76,67,9,9
8253,88,84,4,4
8254,67,67,0,0
8255,100,88,12,12
8256,71,70,1,1
8257,59,56,3,3
8258,181,152,29,29
8259,56,48,8,8
8260,114,87,27,27
8261,92,86,6,6
8262,100,88,12,12
8263,75,84,-9,9
8264,188,160,28,28
8265,51,44,7,7
8266,84,82,2,2
8267,171,173,-2,2
8268,66,54,12,12
8269,92,76,16,16
8270,122,111,11,11
8271,40,47,-7,7
8272,87,77,10,10
8273,122,107,15,15
8274,98,81,17,17
8275,96,82,14,14
8276,120,101,19,19
8277,82,76,6,6
8278,88,74,14,14
8279,60,55,5,5
8280,83,72,11,11
8281,81,61,20,20
8282,151,140,11,11
8283,187,165,22,22
8284,98,97,1,1
8285,95,79,16,16
8286,77,70,7,7
8287,144,130,14,14
8288,81,72,9,9
8289,91,85,6,6
8290,149,135,14,14
8291,99,105,-6,6
8292,96,77,19,19
8293,129,119,10,10
8294,63,55,8,8
8295,86,73,13,13
8296,64,63,1,1
8297,74,57,17,17
8298,93,86,7,7
8299,85,73,12,12
8300,248,207,41,41
8301,91,83,8,8
8302,58,53,5,5
8303,93,73,20,20
8304,93,85,8,8
8305,55,50,5,5
8306,102,94,8,8
8307,107,89,18,18
8308,79,72,7,7
8309,84,71,13,13
8310,95,84,11,11
8311,110,97,13,13
8312,80,69,11,11
8313,44,25,19,19
8314,96,86,10,10
8315,59,57,2,2
8316,109,99,10,10
8317,198,180,18,18
8318,81,81,0,0
8319,119,103,16,16
8320,106,97,9,9
8321,114,90,24,24
8322,51,49,2,2
8323,110,99,11,11
8324,112,105,7,7
8325,99,91,8,8
8326,80,68,12,12
8327,59,61,-2,2
8328,110,103,7,7
8329,125,102,23,23
8330,137,113,24,24
8331,73,69,4,4
8332,190,170,20,20
8333,137,132,5,5
8334,46,39,7,7
8335,124,113,11,11
8336,87,72,15,15
8337,114,96,18,18
8338,83,74,9,9
8339,85,76,9,9
8340,142,145,-3,3
8341,108,88,20,20
8342,129,120,9,9
8343,107,89,18,18
8344,109,103,6,6
8345,144,137,7,7
8346,76,68,8,8
8347,38,51,-13,13
8348,157,146,11,11
8349,55,48,7,7
8350,99,93,6,6
8351,153,131,22,22
8352,74,64,10,10
8353,74,68,6,6
8354,78,67,11,11
8355,74,76,-2,2
8356,94,84,10,10
8357,112,94,18,18
8358,141,133,8,8
8359,82,69,13,13
8360,160,149,11,11
8361,103,91,12,12
8362,110,96,14,14
8363,42,41,1,1
8364,69,63,6,6
8365,59,46,13,13
8366,98,87,11,11
8367,75,57,18,18
8368,58,51,7,7
8369,74,59,15,15
8370,108,99,9,9
8371,66,67,-1,1
8372,105,93,12,12
8373,46,51,-5,5
8374,55,48,7,7
8375,71,61,10,10
8376,115,103,12,12
8377,88,72,16,16
8378,47,38,9,9
8379,174,152,22,22
8380,94,78,16,16
8381,74,66,8,8
8382,84,75,9,9
8383,85,68,17,17
8384,65,52,13,13
8385,39,30,9,9
8386,118,97,21,21
8387,101,87,14,14
8388,78,74,4,4
8389,97,100,-3,3
8390,104,89,15,15
8391,98,84,14,14
8392,81,85,-4,4
8393,112,100,12,12
8394,98,85,13,13
8395,96,92,4,4
8396,53,42,11,11
8397,67,73,-6,6
8398,70,67,3,3
8399,114,93,21,21
8400,104,96,8,8
8401,65,63,2,2
8402,80,61,19,19
8403,96,72,24,24
8404,70,59,11,11
8405,105,93,12,12
8406,100,79,21,21
8407,160,133,27,27
8408,91,94,-3,3
8409,100,92,8,8
8410,119,88,31,31
8411,65,58,7,7
8412,99,93,6,6
8413,172,128,44,44
8414,83,71,12,12
8415,85,67,18,18
8416,69,59,10,10
8417,59,59,0,0
8418,93,85,8,8
8419,81,73,8,8
8420,75,68,7,7
8421,62,53,9,9
8422,115,95,20,20
8423,107,128,-21,21
8424,105,92,13,13
8425,51,48,3,3
8426,76,71,5,5
8427,88,82,6,6
8428,145,133,12,12
8429,114,106,8,8
8430,38,34,4,4
8431,133,118,15,15
8432,74,67,7,7
8433,119,106,13,13
8434,96,80,16,16
8435,143,116,27,27
8436,60,53,7,7
8437,130,105,25,25
8438,120,96,24,24
8439,122,126,-4,4
8440,113,99,14,14
8441,68,67,1,1
8442,98,85,13,13
8443,143,112,31,31
8444,77,63,14,14
8445,92,85,7,7
8446,61,53,8,8
8447,74,72,2,2
8448,94,68,26,26
8449,102,88,14,14
8450,118,102,16,16
8451,119,106,13,13
8452,193,167,26,26
8453,95,85,10,10
8454,89,81,8,8
8455,129,110,19,19
8456,124,105,19,19
8457,84,70,14,14
8458,76,69,7,7
8459,55,49,6,6
8460,143,123,20,20
8461,134,106,28,28
8462,88,82,6,6
8463,132,122,10,10
8464,114,88,26,26
8465,71,61,10,10
8466,79,63,16,16
8467,101,87,14,14
8468,134,125,9,9
8469,61,26,35,35
8470,81,69,12,12
8471,107,102,5,5
8472,86,73,13,13
8473,83,74,9,9
8474,94,87,7,7
8475,102,93,9,9
8476,110,114,-4,4
8477,137,131,6,6
8478,56,63,-7,7
8479,134,114,20,20
8480,80,78,2,2
8481,46,46,0,0
8482,111,102,9,9
8483,112,97,15,15
8484,121,108,13,13
8485,113,100,13,13
8486,91,87,4,4
8487,47,45,2,2
8488,65,59,6,6
8489,56,60,-4,4
8490,83,79,4,4
8491,85,81,4,4
8492,102,86,16,16
8493,80,79,1,1
8494,110,97,13,13
8495,141,135,6,6
8496,90,80,10,10
8497,73,64,9,9
8498,60,54,6,6
8499,178,135,43,43
8500,124,120,4,4
8501,108,88,20,20
8502,100,89,11,11
8503,78,70,8,8
8504,115,112,3,3
8505,127,123,4,4
8506,47,36,11,11
8507,58,48,10,10
8508,151,128,23,23
8509,104,85,19,19
8510,56,58,-2,2
8511,79,79,0,0
8512,67,59,8,8
8513,109,100,9,9
8514,83,61,22,22
8515,101,74,27,27
8516,78,76,2,2
8517,101,117,-16,16
8518,64,64,0,0
8519,69,59,10,10
8520,81,68,13,13
8521,185,169,16,16
8522,89,72,17,17
8523,137,108,29,29
8524,98,83,15,15
8525,185,160,25,25
8526,62,68,-6,6
8527,135,118,17,17
8528,140,119,21,21
8529,166,159,7,7
8530,68,61,7,7
8531,100,97,3,3
8532,122,122,0,0
8533,105,93,12,12
8534,129,116,13,13
8535,117,102,15,15
8536,74,70,4,4
8537,91,80,11,11
8538,96,86,10,10
8539,96,86,10,10
8540,76,75,1,1
8541,106,87,19,19
8542,71,60,11,11
8543,43,37,6,6
8544,88,74,14,14
8545,79,83,-4,4
8546,104,87,17,17
8547,82,73,9,9
8548,112,106,6,6
8549,104,98,6,6
8550,55,49,6,6
8551,90,82,8,8
8552,47,52,-5,5
8553,111,88,23,23
8554,127,112,15,15
8555,67,63,4,4
8556,163,136,27,27
8557,154,143,11,11
8558,63,55,8,8
8559,50,52,-2,2
8560,56,60,-4,4
8561,104,102,2,2
8562,80,76,4,4
8563,83,69,14,14
8564,64,57,7,7
8565,55,47,8,8
8566,84,62,22,22
8567,130,113,17,17
8568,85,77,8,8
8569,109,99,10,10
8570,153,126,27,27
8571,104,95,9,9
8572,129,115,14,14
8573,106,88,18,18
8574,173,167,6,6
8575,93,84,9,9
8576,93,79,14,14
8577,99,85,14,14
8578,66,61,5,5
8579,98,84,14,14
8580,110,125,-15,15
8581,50,56,-6,6
8582,104,92,12,12
8583,110,93,17,17
8584,60,64,-4,4
8585,102,86,16,16
8586,87,75,12,12
8587,133,120,13,13
8588,133,120,13,13
8589,122,98,24,24
8590,92,79,13,13
8591,139,121,18,18
8592,52,46,6,6
8593,83,86,-3,3
8594,91,79,12,12
8595,65,59,6,6
8596,113,106,7,7
8597,77,72,5,5
8598,161,133,28,28
8599,92,81,11,11
8600,180,144,36,36
8601,77,69,8,8
8602,109,95,14,14
8603,81,74,7,7
8604,98,92,6,6
8605,54,46,8,8
8606,126,110,16,16
8607,91,83,8,8
8608,77,70,7,7
8609,124,110,14,14
8610,78,74,4,4
8611,189,148,41,41
8612,80,70,10,10
8613,159,130,29,29
8614,73,71,2,2
8615,90,89,1,1
8616,62,55,7,7
8617,90,79,11,11
8618,134,129,5,5
8619,121,92,29,29
8620,87,77,10,10
8621,59,53,6,6
8622,89,91,-2,2
8623,105,97,8,8
8624,97,80,17,17
8625,110,92,18,18
8626,141,112,29,29
8627,85,77,8,8
8628,132,119,13,13
8629,89,79,10,10
8630,75,70,5,5
8631,81,69,12,12
8632,77,58,19,19
8633,104,90,14,14
8634,132,134,-2,2
8635,136,113,23,23
8636,82,73,9,9
8637,85,81,4,4
8638,76,69,7,7
8639,109,115,-6,6
8640,51,48,3,3
8641,85,81,4,4
8642,58,53,5,5
8643,161,149,12,12
8644,85,80,5,5
8645,61,53,8,8
8646,82,75,7,7
8647,114,105,9,9
8648,113,96,17,17
8649,82,74,8,8
8650,128,109,19,19
8651,113,101,12,12
8652,61,60,1,1
8653,85,71,14,14
8654,112,97,15,15
8655,76,59,17,17
8656,89,78,11,11
8657,142,118,24,24
8658,81,71,10,10
8659,143,123,20,20
8660,94,82,12,12
8661,134,95,39,39
8662,59,49,10,10
8663,55,56,-1,1
8664,75,72,3,3
8665,87,84,3,3
8666,69,51,18,18
8667,104,89,15,15
8668,57,47,10,10
8669,68,57,11,11
8670,169,145,24,24
8671,114,106,8,8
8672,92,81,11,11
8673,97,77,20,20
8674,121,107,14,14
8675,89,66,23,23
8676,116,108,8,8
8677,93,90,3,3
8678,116,96,20,20
8679,125,117,8,8
8680,82,97,-15,15
8681,50,41,9,9
8682,46,44,2,2
8683,45,44,1,1
8684,120,108,12,12
8685,93,78,15,15
8686,102,93,9,9
8687,126,110,16,16
8688,108,115,-7,7
8689,110,102,8,8
8690,101,90,11,11
8691,73,68,5,5
8692,58,49,9,9
8693,113,97,16,16
8694,136,130,6,6
8695,64,60,4,4
8696,125,146,-21,21
8697,88,70,18,18
8698,92,77,15,15
8699,106,92,14,14
8700,90,94,-4,4
8701,85,76,9,9
8702,80,72,8,8
8703,110,95,15,15
8704,80,71,9,9
8705,117,100,17,17
8706,47,51,-4,4
8707,112,95,17,17
8708,84,78,6,6
8709,116,104,12,12
8710,61,57,4,4
8711,82,69,13,13
8712,164,130,34,34
8713,125,114,11,11
8714,80,74,6,6
8715,66,62,4,4
8716,61,58,3,3
8717,82,92,-10,10
8718,81,77,4,4
8719,143,117,26,26
8720,145,115,30,30
8721,75,62,13,13
8722,60,78,-18,18
8723,86,80,6,6
8724,99,93,6,6
8725,112,100,12,12
8726,98,84,14,14
8727,96,86,10,10
8728,64,63,1,1
8729,62,55,7,7
8730,123,122,1,1
8731,83,82,1,1
8732,101,89,12,12
8733,27,21,6,6
8734,167,145,22,22
8735,149,140,9,9
8736,94,84,10,10
8737,155,138,17,17
8738,39,32,7,7
8739,62,57,5,5
8740,81,65,16,16
8741,58,50,8,8
8742,74,74,0,0
8743,139,129,10,10
8744,74,65,9,9
8745,84,82,2,2
8746,155,108,47,47
8747,114,104,10,10
8748,152,202,-50,50
8749,104,86,18,18
8750,92,91,1,1
8751,55,55,0,0
8752,91,80,11,11
8753,90,74,16,16
8754,86,75,11,11
8755,76,71,5,5
8756,86,81,5,5
8757,49,40,9,9
8758,105,97,8,8
8759,67,61,6,6
8760,96,111,-15,15
8761,105,95,10,10
8762,98,71,27,27
8763,114,100,14,14
8764,114,107,7,7
8765,103,106,-3,3
8766,128,112,16,16
8767,110,92,18,18
8768,89,70,19,19
8769,67,54,13,13
8770,136,109,27,27
8771,154,129,25,25
8772,62,65,-3,3
8773,109,98,11,11
8774,91,82,9,9
8775,63,54,9,9
8776,172,154,18,18
8777,93,77,16,16
8778,81,68,13,13
8779,87,84,3,3
8780,49,57,-8,8
8781,157,151,6,6
8782,87,77,10,10
8783,61,76,-15,15
8784,60,52,8,8
8785,129,116,13,13
8786,75,62,13,13
8787,86,88,-2,2
8788,37,32,5,5
8789,110,98,12,12
8790,124,107,17,17
8791,65,60,5,5
8792,148,142,6,6
8793,73,76,-3,3
8794,105,101,4,4
8795,70,71,-1,1
8796,63,65,-2,2
8797,71,59,12,12
8798,71,66,5,5
8799,68,61,7,7
8800,96,79,17,17
8801,87,74,13,13
8802,88,80,8,8
8803,69,59,10,10
8804,83,76,7,7
8805,72,71,1,1
8806,98,92,6,6
8807,126,111,15,15
8808,45,49,-4,4
8809,52,44,8,8
8810,103,97,6,6
8811,77,65,12,12
8812,83,69,14,14
8813,73,55,18,18
8814,108,96,12,12
8815,73,70,3,3
8816,80,71,9,9
8817,57,50,7,7
8818,63,57,6,6
8819,24,21,3,3
8820,89,66,23,23
8821,61,55,6,6
8822,97,89,8,8
8823,85,79,6,6
8824,143,131,12,12
8825,129,108,21,21
8826,75,73,2,2
8827,71,66,5,5
8828,92,78,14,14
8829,72,59,13,13
8830,91,74,17,17
8831,83,63,20,20
8832,75,78,-3,3
8833,66,59,7,7
8834,43,45,-2,2
8835,127,109,18,18
8836,125,123,2,2
8837,44,41,3,3
8838,51,50,1,1
8839,54,47,7,7
8840,203,206,-3,3
8841,127,110,17,17
8842,102,90,12,12
8843,81,68,13,13
8844,69,54,15,15
8845,121,107,14,14
8846,85,70,15,15
8847,125,105,20,20
8848,138,116,22,22
8849,191,147,44,44
8850,92,90,2,2
8851,94,80,14,14
8852,128,116,12,12
8853,35,43,-8,8
8854,104,91,13,13
8855,86,74,12,12
8856,132,114,18,18
8857,89,80,9,9
8858,48,43,5,5
8859,75,61,14,14
8860,80,61,19,19
8861,100,83,17,17
8862,115,102,13,13
8863,135,121,14,14
8864,88,82,6,6
8865,108,93,15,15
8866,141,134,7,7
8867,81,69,12,12
8868,147,133,14,14
8869,94,79,15,15
8870,86,76,10,10
8871,125,112,13,13
8872,62,58,4,4
8873,82,75,7,7
8874,123,105,18,18
8875,80,69,11,11
8876,108,90,18,18
8877,91,72,19,19
8878,124,111,13,13
8879,93,96,-3,3
8880,141,146,-5,5
8881,97,52,45,45
8882,177,153,24,24
8883,80,74,6,6
8884,133,141,-8,8
8885,98,95,3,3
8886,104,84,20,20
8887,64,59,5,5
8888,170,146,24,24
8889,91,85,6,6
8890,98,86,12,12
8891,125,106,19,19
8892,65,61,4,4
8893,86,78,8,8
8894,75,60,15,15
8895,72,69,3,3
8896,53,61,-8,8
8897,93,76,17,17
8898,69,63,6,6
8899,95,77,18,18
8900,76,67,9,9
8901,73,64,9,9
8902,56,48,8,8
8903,92,81,11,11
8904,43,42,1,1
8905,60,53,7,7
8906,74,72,2,2
8907,85,79,6,6
8908,91,81,10,10
8909,92,77,15,15
8910,91,79,12,12
8911,60,61,-1,1
8912,142,137,5,5
8913,127,124,3,3
8914,87,78,9,9
8915,130,130,0,0
8916,104,90,14,14
8917,62,52,10,10
8918,125,116,9,9
8919,96,168,-72,72
8920,170,135,35,35
8921,103,107,-4,4
8922,185,153,32,32
8923,80,67,13,13
8924,56,56,0,0
8925,105,107,-2,2
8926,63,58,5,5
8927,88,80,8,8
8928,79,75,4,4
8929,60,65,-5,5
8930,84,75,9,9
8931,123,117,6,6
8932,107,93,14,14
8933,94,86,8,8
8934,70,65,5,5
8935,141,112,29,29
8936,56,40,16,16
8937,166,152,14,14
8938,120,96,24,24
8939,137,112,25,25
8940,88,79,9,9
8941,127,95,32,32
8942,157,139,18,18
8943,130,123,7,7
8944,106,99,7,7
8945,131,121,10,10
8946,54,47,7,7
8947,132,115,17,17
8948,80,69,11,11
8949,81,78,3,3
8950,128,101,27,27
8951,36,35,1,1
8952,106,101,5,5
8953,85,77,8,8
8954,64,60,4,4
8955,81,73,8,8
8956,120,102,18,18
8957,130,110,20,20
8958,99,82,17,17
8959,70,59,11,11
8960,78,65,13,13
8961,112,109,3,3
8962,82,70,12,12
8963,184,150,34,34
8964,129,125,4,4
8965,111,94,17,17
8966,99,103,-4,4
8967,51,52,-1,1
8968,102,89,13,13
8969,66,62,4,4
8970,74,69,5,5
8971,129,120,9,9
8972,54,53,1,1
8973,117,122,-5,5
8974,120,105,15,15
8975,73,72,1,1
8976,177,155,22,22
8977,157,138,19,19
8978,77,70,7,7
8979,55,52,3,3
8980,132,113,19,19
8981,180,154,26,26
8982,72,63,9,9
8983,88,84,4,4
8984,71,67,4,4
8985,85,74,11,11
8986,51,44,7,7
8987,61,59,2,2
8988,76,65,11,11
8989,90,83,7,7
8990,64,62,2,2
8991,67,79,-12,12
8992,95,85,10,10
8993,46,40,6,6
8994,92,76,16,16
8995,121,125,-4,4
8996,93,85,8,8
8997,92,85,7,7
8998,52,46,6,6
8999,112,109,3,3
9000,66,95,-29,29
9001,76,65,11,11
9002,157,139,18,18
9003,75,64,11,11
9004,68,62,6,6
9005,64,62,2,2
9006,135,112,23,23
9007,107,94,13,13
9008,79,70,9,9
9009,82,73,9,9
9010,101,82,19,19
9011,142,152,-10,10
9012,108,97,11,11
9013,93,85,8,8
9014,111,107,4,4
9015,111,96,15,15
9016,101,82,19,19
9017,67,58,9,9
9018,58,51,7,7
9019,117,99,18,18
9020,100,89,11,11
9021,96,80,16,16
9022,106,96,10,10
9023,82,74,8,8
9024,57,52,5,5
9025,95,76,19,19
9026,92,78,14,14
9027,78,71,7,7
9028,85,73,12,12
9029,46,40,6,6
9030,60,61,-1,1
9031,68,66,2,2
9032,90,79,11,11
9033,106,99,7,7
9034,72,62,10,10
9035,91,79,12,12
9036,142,127,15,15
9037,63,52,11,11
9038,55,46,9,9
9039,112,98,14,14
9040,165,147,18,18
9041,80,70,10,10
9042,58,48,10,10
9043,96,91,5,5
9044,69,60,9,9
9045,85,89,-4,4
9046,74,71,3,3
9047,148,126,22,22
9048,61,52,9,9
9049,114,106,8,8
9050,117,103,14,14
9051,87,79,8,8
9052,148,133,15,15
9053,129,110,19,19
9054,100,81,19,19
9055,79,69,10,10
9056,84,72,12,12
9057,75,67,8,8
9058,101,91,10,10
9059,74,68,6,6
9060,98,78,20,20
9061,97,88,9,9
9062,58,47,11,11
9063,104,89,15,15
9064,122,104,18,18
9065,33,33,0,0
9066,62,46,16,16
9067,59,57,2,2
9068,66,66,0,0
9069,112,98,14,14
9070,109,91,18,18
9071,67,63,4,4
9072,157,164,-7,7
9073,147,134,13,13
9074,114,100,14,14
9075,45,35,10,10
9076,71,69,2,2
9077,135,115,20,20
9078,64,49,15,15
9079,101,98,3,3
9080,93,86,7,7
9081,92,78,14,14
9082,128,114,14,14
9083,90,74,16,16
9084,113,88,25,25
9085,62,52,10,10
9086,66,54,12,12
9087,69,64,5,5
9088,90,77,13,13
9089,69,58,11,11
9090,87,80,7,7
9091,70,74,-4,4
9092,88,82,6,6
9093,60,59,1,1
9094,172,144,28,28
9095,94,81,13,13
9096,53,52,1,1
9097,81,70,11,11
9098,103,91,12,12
9099,146,128,18,18
9100,93,81,12,12
9101,106,100,6,6
9102,115,98,17,17
9103,171,149,22,22
9104,80,75,5,5
9105,89,73,16,16
9106,75,73,2,2
9107,197,167,30,30
9108,52,53,-1,1
9109,56,54,2,2
9110,76,68,8,8
9111,136,126,10,10
9112,127,116,11,11
9113,102,96,6,6
9114,100,91,9,9
9115,154,137,17,17
9116,127,125,2,2
9117,115,99,16,16
9118,69,64,5,5
9119,113,91,22,22
9120,116,104,12,12
9121,92,84,8,8
9122,95,90,5,5
9123,81,65,16,16
9124,81,74,7,7
9125,148,135,13,13
9126,94,81,13,13
9127,117,107,10,10
9128,47,45,2,2
9129,100,83,17,17
9130,133,116,17,17
9131,79,86,-7,7
9132,147,130,17,17
9133,62,60,2,2
9134,77,73,4,4
9135,154,130,24,24
9136,112,104,8,8
9137,65,58,7,7
9138,42,40,2,2
9139,114,100,14,14
9140,114,99,15,15
9141,77,62,15,15
9142,68,66,2,2
9143,84,80,4,4
9144,120,113,7,7
9145,132,117,15,15
9146,113,113,0,0
9147,86,76,10,10
9148,78,70,8,8
9149,73,81,-8,8
9150,68,54,14,14
9151,93,86,7,7
9152,113,110,3,3
9153,58,54,4,4
9154,63,57,6,6
9155,54,44,10,10
9156,123,99,24,24
9157,43,34,9,9
9158,82,69,13,13
9159,144,130,14,14
9160,73,78,-5,5
9161,49,48,1,1
9162,103,88,15,15
9163,179,167,12,12
9164,106,94,12,12
9165,93,95,-2,2
9166,135,133,2,2
9167,120,109,11,11
9168,130,114,16,16
9169,79,83,-4,4
9170,82,72,10,10
9171,55,49,6,6
9172,74,61,13,13
9173,153,142,11,11
9174,93,84,9,9
9175,107,92,15,15
9176,136,139,-3,3
9177,88,82,6,6
9178,56,59,-3,3
9179,171,143,28,28
9180,115,101,14,14
9181,53,53,0,0
9182,124,116,8,8
9183,117,97,20,20
9184,76,67,9,9
9185,168,143,25,25
9186,78,68,10,10
9187,42,36,6,6
9188,74,65,9,9
9189,156,124,32,32
9190,81,73,8,8
9191,88,73,15,15
9192,169,146,23,23
9193,74,65,9,9
9194,108,96,12,12
9195,98,79,19,19
9196,175,177,-2,2
9197,39,37,2,2
9198,47,43,4,4
9199,100,77,23,23
9200,105,84,21,21
9201,103,91,12,12
9202,114,102,12,12
9203,65,63,2,2
9204,70,58,12,12
9205,79,63,16,16
9206,96,89,7,7
9207,123,118,5,5
9208,94,83,11,11
9209,124,118,6,6
9210,102,84,18,18
9211,108,93,15,15
9212,78,73,5,5
9213,111,99,12,12
9214,84,83,1,1
9215,58,47,11,11
9216,124,109,15,15
9217,92,79,13,13
9218,75,71,4,4
9219,64,45,19,19
9220,89,73,16,16
9221,88,83,5,5
9222,58,62,-4,4
9223,116,104,12,12
9224,57,53,4,4
9225,98,85,13,13
9226,138,131,7,7
9227,87,82,5,5
9228,58,47,11,11
9229,141,120,21,21
9230,72,63,9,9
9231,63,64,-1,1
9232,173,152,21,21
9233,113,98,15,15
9234,114,97,17,17
9235,95,79,16,16
9236,80,77,3,3
9237,75,66,9,9
9238,113,101,12,12
9239,86,86,0,0
9240,54,50,4,4
9241,99,83,16,16
9242,149,129,20,20
9243,73,55,18,18
9244,86,68,18,18
9245,108,94,14,14
9246,74,65,9,9
9247,59,55,4,4
9248,106,100,6,6
9249,158,127,31,31
9250,45,59,-14,14
9251,77,69,8,8
9252,116,117,-1,1
9253,52,47,5,5
9254,93,92,1,1
9255,129,109,20,20
9256,63,55,8,8
9257,41,36,5,5
9258,62,51,11,11
9259,168,151,17,17
9260,117,106,11,11
9261,142,125,17,17
9262,112,93,19,19
9263,101,86,15,15
9264,86,74,12,12
9265,77,72,5,5
9266,141,120,21,21
9267,80,84,-4,4
9268,107,110,-3,3
9269,90,80,10,10
9270,65,65,0,0
9271,57,47,10,10
9272,89,74,15,15
9273,63,55,8,8
9274,121,105,16,16
9275,108,93,15,15
9276,83,76,7,7
9277,116,101,15,15
9278,66,63,3,3
9279,128,121,7,7
9280,98,88,10,10
9281,76,71,5,5
9282,130,109,21,21
9283,55,49,6,6
9284,64,59,5,5
9285,107,106,1,1
9286,117,97,20,20
9287,124,109,15,15
9288,88,76,12,12
9289,44,40,4,4
9290,89,80,9,9
9291,82,77,5,5
9292,78,67,11,11
9293,63,58,5,5
9294,60,49,11,11
9295,55,51,4,4
9296,80,74,6,6
9297,56,52,4,4
9298,68,63,5,5
9299,177,166,11,11
9300,69,62,7,7
9301,63,59,4,4
9302,116,103,13,13
9303,96,91,5,5
9304,142,110,32,32
9305,85,74,11,11
9306,56,57,-1,1
9307,91,77,14,14
9308,72,68,4,4
9309,69,71,-2,2
9310,114,94,20,20
9311,131,119,12,12
9312,70,67,3,3
9313,138,122,16,16
9314,103,91,12,12
9315,69,64,5,5
9316,97,85,12,12
9317,98,104,-6,6
9318,117,99,18,18
9319,95,93,2,2
9320,130,112,18,18
9321,174,143,31,31
9322,114,109,5,5
9323,87,87,0,0
9324,92,82,10,10
9325,57,53,4,4
9326,93,80,13,13
9327,90,79,11,11
9328,87,84,3,3
9329,87,80,7,7
9330,115,105,10,10
9331,103,96,7,7
9332,66,59,7,7
9333,95,81,14,14
9334,98,87,11,11
9335,82,71,11,11
9336,63,49,14,14
9337,39,36,3,3
9338,60,57,3,3
9339,112,95,17,17
9340,159,139,20,20
9341,41,42,-1,1
9342,96,85,11,11
9343,117,101,16,16
9344,69,61,8,8
9345,82,75,7,7
9346,125,105,20,20
9347,82,71,11,11
9348,65,63,2,2
9349,92,75,17,17
9350,91,86,5,5
9351,91,81,10,10
9352,95,92,3,3
9353,28,28,0,0
9354,64,55,9,9
9355,73,62,11,11
9356,122,99,23,23
9357,76,71,5,5
9358,82,70,12,12
9359,134,116,18,18
9360,118,97,21,21
9361,72,68,4,4
9362,96,113,-17,17
9363,176,155,21,21
9364,156,138,18,18
9365,64,75,-11,11
9366,99,97,2,2
9367,94,80,14,14
9368,84,70,14,14
9369,88,80,8,8
9370,144,133,11,11
9371,123,103,20,20
9372,99,95,4,4
9373,63,75,-12,12
9374,64,60,4,4
9375,141,117,24,24
9376,71,79,-8,8
9377,166,141,25,25
9378,118,98,20,20
9379,120,96,24,24
9380,145,127,18,18
9381,87,78,9,9
9382,90,84,6,6
9383,80,79,1,1
9384,125,113,12,12
9385,59,46,13,13
9386,171,148,23,23
9387,72,61,11,11
9388,121,95,26,26
9389,47,36,11,11
9390,73,76,-3,3
9391,124,94,30,30
9392,87,81,6,6
9393,95,83,12,12
9394,77,67,10,10
9395,167,149,18,18
9396,53,35,18,18
9397,89,75,14,14
9398,83,67,16,16
9399,77,79,-2,2
9400,127,114,13,13
9401,94,90,4,4
9402,95,74,21,21
9403,93,87,6,6
9404,74,59,15,15
9405,112,105,7,7
9406,117,98,19,19
9407,69,63,6,6
9408,88,75,13,13
9409,71,67,4,4
9410,57,43,14,14
9411,89,74,15,15
9412,98,99,-1,1
9413,123,114,9,9
9414,88,75,13,13
9415,136,111,25,25
9416,85,67,18,18
9417,93,79,14,14
9418,150,141,9,9
9419,50,46,4,4
9420,77,72,5,5
9421,87,84,3,3
9422,123,108,15,15
9423,71,67,4,4
9424,142,129,13,13
9425,78,73,5,5
9426,111,103,8,8
9427,54,66,-12,12
9428,66,62,4,4
9429,110,86,24,24
9430,96,86,10,10
9431,56,51,5,5
9432,17,22,-5,5
9433,84,72,12,12
9434,108,98,10,10
9435,103,81,22,22
9436,102,90,12,12
9437,81,71,10,10
9438,125,116,9,9
9439,120,119,1,1
9440,89,77,12,12
9441,73,63,10,10
9442,110,96,14,14
9443,86,76,10,10
9444,94,84,10,10
9445,76,64,12,12
9446,72,63,9,9
9447,41,40,1,1
9448,129,113,16,16
9449,80,70,10,10
9450,92,76,16,16
9451,208,167,41,41
9452,170,156,14,14
9453,88,79,9,9
9454,43,41,2,2
9455,65,54,11,11
9456,52,47,5,5
9457,44,42,2,2
9458,96,92,4,4
9459,165,149,16,16
9460,92,78,14,14
9461,104,80,24,24
9462,131,115,16,16
9463,73,69,4,4
9464,131,109,22,22
9465,51,62,-11,11
9466,63,60,3,3
9467,107,100,7,7
9468,109,118,-9,9
9469,131,106,25,25
9470,96,81,15,15
9471,90,70,20,20
9472,60,59,1,1
9473,106,98,8,8
9474,101,78,23,23
9475,67,62,5,5
9476,117,105,12,12
9477,76,71,5,5
9478,78,63,15,15
9479,94,81,13,13
9480,95,86,9,9
9481,78,60,18,18
9482,133,121,12,12
9483,41,47,-6,6
9484,105,94,11,11
9485,102,87,15,15
9486,88,88,0,0
9487,106,99,7,7
9488,89,77,12,12
9489,98,106,-8,8
9490,128,112,16,16
9491,102,95,7,7
9492,132,127,5,5
9493,101,90,11,11
9494,144,129,15,15
9495,61,58,3,3
9496,61,54,7,7
9497,114,110,4,4
9498,125,112,13,13
9499,70,60,10,10
9500,83,75,8,8
9501,147,131,16,16
9502,97,88,9,9
9503,82,76,6,6
9504,87,72,15,15
9505,94,79,15,15
9506,54,53,1,1
9507,71,69,2,2
9508,105,87,18,18
9509,87,79,8,8
9510,95,94,1,1
9511,71,69,2,2
9512,76,72,4,4
9513,123,108,15,15
9514,127,113,14,14
9515,84,84,0,0
9516,48,46,2,2
9517,108,82,26,26
9518,157,122,35,35
9519,54,49,5,5
9520,100,82,18,18
9521,118,102,16,16
9522,57,51,6,6
9523,137,121,16,16
9524,80,77,3,3
9525,48,43,5,5
9526,49,37,12,12
9527,94,86,8,8
9528,101,85,16,16
9529,64,60,4,4
9530,114,114,0,0
9531,82,69,13,13
9532,62,59,3,3
9533,57,60,-3,3
9534,88,84,4,4
9535,92,87,5,5
9536,66,72,-6,6
9537,76,71,5,5
9538,59,50,9,9
9539,89,79,10,10
9540,63,58,5,5
9541,51,41,10,10
9542,123,110,13,13
9543,88,80,8,8
9544,59,58,1,1
9545,66,58,8,8
9546,135,109,26,26
9547,54,52,2,2
9548,24,24,0,0
9549,91,74,17,17
9550,166,149,17,17
9551,45,38,7,7
9552,95,77,18,18
9553,99,91,8,8
9554,70,70,0,0
9555,81,66,15,15
9556,97,79,18,18
9557,75,77,-2,2
9558,55,56,-1,1
9559,86,85,1,1
9560,172,149,23,23
9561,65,70,-5,5
9562,174,144,30,30
9563,78,71,7,7
9564,81,78,3,3
9565,68,56,12,12
9566,74,58,16,16
9567,46,41,5,5
9568,119,117,2,2
9569,48,45,3,3
9570,112,103,9,9
9571,135,139,-4,4
9572,91,71,20,20
9573,103,84,19,19
9574,95,106,-11,11
9575,91,70,21,21
9576,201,164,37,37
9577,89,78,11,11
9578,71,63,8,8
9579,198,174,24,24
9580,93,77,16,16
9581,82,71,11,11
9582,132,112,20,20
9583,79,85,-6,6
9584,60,56,4,4
9585,72,74,-2,2
9586,107,104,3,3
9587,112,99,13,13
9588,99,92,7,7
9589,104,106,-2,2
9590,68,60,8,8
9591,57,50,7,7
9592,47,47,0,0
9593,96,83,13,13
9594,95,95,0,0
9595,43,39,4,4
9596,116,96,20,20
9597,65,62,3,3
9598,106,84,22,22
9599,117,117,0,0
9600,96,81,15,15
9601,67,55,12,12
9602,100,81,19,19
9603,108,96,12,12
9604,103,90,13,13
9605,58,52,6,6
9606,88,78,10,10
9607,133,115,18,18
9608,161,144,17,17
9609,95,81,14,14
9610,99,78,21,21
9611,69,62,7,7
9612,112,97,15,15
9613,127,110,17,17
9614,66,58,8,8
9615,116,109,7,7
9616,105,100,5,5
9617,100,84,16,16
9618,93,83,10,10
9619,79,75,4,4
9620,121,101,20,20
9621,86,84,2,2
9622,88,72,16,16
9623,177,142,35,35
9624,67,56,11,11
9625,73,62,11,11
9626,105,90,15,15
9627,115,104,11,11
9628,141,128,13,13
9629,75,68,7,7
9630,58,52,6,6
9631,86,78,8,8
9632,137,120,17,17
9633,113,106,7,7
9634,92,80,12,12
9635,83,81,2,2
9636,103,102,1,1
9637,145,123,22,22
9638,84,74,10,10
9639,123,120,3,3
9640,104,90,14,14
9641,61,53,8,8
9642,79,78,1,1
9643,90,101,-11,11
9644,115,107,8,8
9645,138,133,5,5
9646,80,70,10,10
9647,92,90,2,2
9648,126,112,14,14
9649,62,42,20,20
9650,81,79,2,2
9651,88,79,9,9
9652,90,84,6,6
9653,70,62,8,8
9654,113,96,17,17
9655,81,76,5,5
9656,70,72,-2,2
9657,87,76,11,11
9658,62,62,0,0
9659,54,51,3,3
9660,85,78,7,7
9661,76,64,12,12
9662,44,42,2,2
9663,106,86,20,20
9664,116,104,12,12
9665,114,98,16,16
9666,156,141,15,15
9667,127,105,22,22
9668,61,55,6,6
9669,57,47,10,10
9670,128,114,14,14
9671,90,74,16,16
9672,113,98,15,15
9673,81,69,12,12
9674,48,51,-3,3
9675,47,45,2,2
9676,139,118,21,21
9677,154,138,16,16
9678,104,102,2,2
9679,97,87,10,10
9680,123,111,12,12
9681,68,52,16,16
9682,94,86,8,8
9683,77,78,-1,1
9684,45,39,6,6
9685,78,68,10,10
9686,75,70,5,5
9687,79,67,12,12
9688,175,166,9,9
9689,117,103,14,14
9690,108,91,17,17
9691,106,98,8,8
9692,82,64,18,18
9693,112,93,19,19
9694,74,68,6,6
9695,117,107,10,10
9696,94,89,5,5
9697,226,194,32,32
9698,120,99,21,21
9699,40,36,4,4
9700,40,92,-52,52
9701,119,108,11,11
9702,51,48,3,3
9703,61,50,11,11
9704,119,104,15,15
9705,97,81,16,16
9706,70,67,3,3
9707,101,83,18,18
9708,160,142,18,18
9709,88,72,16,16
9710,41,44,-3,3
9711,86,74,12,12
9712,76,71,5,5
9713,66,66,0,0
9714,110,99,11,11
9715,120,105,15,15
9716,97,90,7,7
9717,89,87,2,2
9718,117,103,14,14
9719,59,59,0,0
9720,145,127,18,18
9721,84,68,16,16
9722,78,76,2,2
9723,65,57,8,8
9724,62,58,4,4
9725,114,103,11,11
9726,76,72,4,4
9727,51,49,2,2
9728,131,130,1,1
9729,162,159,3,3
9730,90,88,2,2
9731,95,87,8,8
9732,49,51,-2,2
9733,81,75,6,6
9734,103,92,11,11
9735,136,128,8,8
9736,116,102,14,14
9737,74,65,9,9
9738,54,58,-4,4
9739,110,106,4,4
9740,113,90,23,23
9741,142,108,34,34
9742,130,97,33,33
9743,156,134,22,22
9744,186,169,17,17
9745,70,62,8,8
9746,115,95,20,20
9747,149,120,29,29
9748,135,114,21,21
9749,72,59,13,13
9750,143,129,14,14
9751,190,162,28,28
9752,117,115,2,2
9753,124,100,24,24
9754,78,78,0,0
9755,90,84,6,6
9756,49,39,10,10
9757,52,51,1,1
9758,48,51,-3,3
9759,69,61,8,8
9760,69,65,4,4
9761,40,44,-4,4
9762,89,83,6,6
9763,85,77,8,8
9764,104,102,2,2
9765,130,110,20,20
9766,110,81,29,29
9767,136,116,20,20
9768,91,73,18,18
9769,83,78,5,5
9770,50,44,6,6
9771,104,94,10,10
9772,83,72,11,11
9773,114,103,11,11
9774,119,121,-2,2
9775,88,78,10,10
9776,68,82,-14,14
9777,84,95,-11,11
9778,93,69,24,24
9779,56,48,8,8
9780,66,61,5,5
9781,60,54,6,6
9782,58,53,5,5
9783,142,128,14,14
9784,197,165,32,32
9785,53,48,5,5
9786,86,90,-4,4
9787,85,76,9,9
9788,153,125,28,28
9789,58,51,7,7
9790,78,70,8,8
9791,159,137,22,22
9792,129,114,15,15
9793,115,103,12,12
9794,64,54,10,10
9795,142,129,13,13
9796,83,73,10,10
9797,171,161,10,10
9798,137,118,19,19
9799,107,99,8,8
9800,101,84,17,17
9801,75,59,16,16
9802,103,90,13,13
9803,80,71,9,9
9804,51,52,-1,1
9805,92,75,17,17
9806,88,76,12,12
9807,96,89,7,7
9808,140,116,24,24
9809,107,97,10,10
9810,59,54,5,5
9811,128,104,24,24
9812,80,69,11,11
9813,40,35,5,5
9814,139,126,13,13
9815,79,65,14,14
9816,89,77,12,12
9817,127,114,13,13
9818,132,110,22,22
9819,104,98,6,6
9820,100,78,22,22
9821,76,70,6,6
9822,182,136,46,46
9823,43,35,8,8
9824,56,49,7,7
9825,140,118,22,22
9826,98,88,10,10
9827,66,71,-5,5
9828,52,39,13,13
9829,100,86,14,14
9830,131,106,25,25
9831,47,18,29,29
9832,57,49,8,8
9833,58,55,3,3
9834,100,86,14,14
9835,143,136,7,7
9836,81,67,14,14
9837,130,96,34,34
9838,63,64,-1,1
9839,84,90,-6,6
9840,86,75,11,11
9841,118,103,15,15
9842,109,89,20,20
9843,176,166,10,10
9844,68,61,7,7
9845,102,94,8,8
9846,65,59,6,6
9847,88,81,7,7
9848,127,107,20,20
9849,56,49,7,7
9850,104,94,10,10
9851,105,84,21,21
9852,84,75,9,9
9853,27,59,-32,32
9854,95,88,7,7
9855,77,69,8,8
9856,192,178,14,14
9857,78,62,16,16
9858,122,112,10,10
9859,80,76,4,4
9860,94,75,19,19
9861,126,110,16,16
9862,44,42,2,2
9863,73,70,3,3
9864,104,75,29,29
9865,71,61,10,10
9866,65,66,-1,1
9867,96,71,25,25
9868,116,86,30,30
9869,103,95,8,8
9870,129,115,14,14
9871,143,129,14,14
9872,100,107,-7,7
9873,133,110,23,23
9874,64,56,8,8
9875,121,111,10,10
9876,61,56,5,5
9877,55,54,1,1
9878,49,41,8,8
9879,86,76,10,10
9880,85,72,13,13
9881,61,52,9,9
9882,128,123,5,5
9883,91,71,20,20
9884,99,75,24,24
9885,92,81,11,11
9886,179,159,20,20
9887,114,91,23,23
9888,66,54,12,12
9889,78,74,4,4
9890,69,62,7,7
9891,121,105,16,16
9892,85,63,22,22
9893,110,112,-2,2
9894,92,89,3,3
9895,117,95,22,22
9896,174,151,23,23
9897,135,121,14,14
9898,64,53,11,11
9899,75,65,10,10
9900,97,98,-1,1
9901,120,111,9,9
9902,102,87,15,15
9903,91,80,11,11
9904,70,68,2,2
9905,64,63,1,1
9906,49,43,6,6
9907,94,87,7,7
9908,71,69,2,2
9909,136,142,-6,6
9910,68,62,6,6
9911,122,110,12,12
9912,73,64,9,9
9913,114,102,12,12
9914,98,87,11,11
9915,104,94,10,10
9916,103,85,18,18
9917,108,91,17,17
9918,127,111,16,16
9919,130,122,8,8
9920,95,85,10,10
9921,89,74,15,15
9922,73,69,4,4
9923,157,131,26,26
9924,103,86,17,17
9925,105,91,14,14
9926,112,95,17,17
9927,109,93,16,16
9928,79,67,12,12
9929,92,100,-8,8
9930,72,57,15,15
9931,48,49,-1,1
9932,98,82,16,16
9933,111,99,12,12
9934,119,102,17,17
9935,139,112,27,27
9936,55,59,-4,4
9937,107,101,6,6
9938,135,135,0,0
9939,102,89,13,13
9940,88,84,4,4
9941,105,105,0,0
9942,136,109,27,27
9943,82,76,6,6
9944,67,60,7,7
9945,123,109,14,14
9946,120,112,8,8
9947,94,92,2,2
9948,51,44,7,7
9949,95,77,18,18
9950,92,81,11,11
9951,154,121,33,33
9952,76,73,3,3
9953,59,49,10,10
9954,153,130,23,23
9955,66,68,-2,2
9956,96,91,5,5
9957,131,119,12,12
9958,81,73,8,8
9959,80,75,5,5
9960,59,52,7,7
9961,72,70,2,2
9962,148,127,21,21
9963,123,124,-1,1
9964,72,63,9,9
9965,59,55,4,4
9966,145,132,13,13
9967,95,87,8,8
9968,125,113,12,12
9969,79,67,12,12
9970,79,71,8,8
9971,68,66,2,2
9972,135,130,5,5
9973,96,86,10,10
9974,64,56,8,8
9975,62,48,14,14
9976,102,88,14,14
9977,141,123,18,18
9978,82,66,16,16
9979,84,67,17,17
9980,85,76,9,9
9981,77,70,7,7
9982,107,90,17,17
9983,94,81,13,13
9984,84,65,19,19
9985,90,78,12,12
9986,127,113,14,14
9987,94,82,12,12
9988,142,153,-11,11
9989,88,85,3,3
9990,104,88,16,16
9991,66,61,5,5
9992,48,43,5,5
9993,76,62,14,14
9994,105,95,10,10
9995,62,50,12,12
9996,82,75,7,7
9997,123,115,8,8
9998,88,84,4,4
9999,68,56,12,12
10000,171,136,35,35
10001,134,115,19,19
10002,81,69,12,12
10003,66,63,3,3
10004,49,45,4,4
10005,92,84,8,8
10006,121,110,11,11
10007,133,114,19,19
10008,147,125,22,22
10009,81,73,8,8
10010,69,63,6,6
10011,83,74,9,9
10012,88,78,10,10
10013,59,46,13,13
10014,91,84,7,7
10015,153,147,6,6
10016,114,99,15,15
10017,77,76,1,1
10018,85,68,17,17
10019,80,69,11,11
10020,74,66,8,8
10021,169,146,23,23
10022,108,97,11,11
10023,121,113,8,8
10024,83,81,2,2
10025,56,47,9,9
10026,74,68,6,6
10027,53,54,-1,1
10028,80,77,3,3
10029,79,75,4,4
10030,117,105,12,12
10031,174,148,26,26
10032,77,67,10,10
10033,114,91,23,23
10034,79,70,9,9
10035,158,132,26,26
10036,80,72,8,8
10037,90,106,-16,16
10038,111,96,15,15
10039,155,130,25,25
10040,55,54,1,1
10041,74,68,6,6
10042,62,57,5,5
10043,138,125,13,13
10044,143,139,4,4
10045,113,107,6,6
10046,100,94,6,6
10047,115,87,28,28
10048,49,41,8,8
10049,139,130,9,9
10050,114,109,5,5
10051,125,115,10,10
10052,61,57,4,4
10053,136,116,20,20
10054,77,67,10,10
10055,211,175,36,36
10056,66,51,15,15
10057,111,93,18,18
10058,122,116,6,6
10059,139,123,16,16
10060,121,99,22,22
10061,108,103,5,5
10062,85,84,1,1
10063,110,99,11,11
10064,62,65,-3,3
10065,107,90,17,17
10066,49,42,7,7
10067,82,72,10,10
10068,92,82,10,10
10069,59,56,3,3
10070,56,49,7,7
10071,105,87,18,18
10072,61,62,-1,1
10073,95,92,3,3
10074,56,55,1,1
10075,148,136,12,12
10076,123,117,6,6
10077,111,108,3,3
10078,75,65,10,10
10079,139,136,3,3
10080,68,64,4,4
10081,90,76,14,14
10082,150,143,7,7
10083,133,105,28,28
10084,49,48,1,1
10085,62,55,7,7
10086,111,93,18,18
10087,117,103,14,14
10088,151,143,8,8
10089,100,87,13,13
10090,42,45,-3,3
10091,78,67,11,11
10092,48,47,1,1
10093,118,99,19,19
10094,70,57,13,13
10095,117,117,0,0
10096,61,67,-6,6
10097,94,91,3,3
10098,78,69,9,9
10099,170,148,22,22
10100,68,59,9,9
10101,78,65,13,13
10102,47,40,7,7
10103,130,101,29,29
10104,80,69,11,11
10105,70,70,0,0
10106,49,47,2,2
10107,117,102,15,15
10108,86,81,5,5
10109,82,70,12,12
10110,54,47,7,7
10111,160,140,20,20
10112,78,83,-5,5
10113,82,75,7,7
10114,59,51,8,8
10115,115,99,16,16
10116,86,79,7,7
10117,119,98,21,21
10118,116,105,11,11
10119,90,87,3,3
10120,75,70,5,5
10121,81,72,9,9
10122,87,80,7,7
10123,108,94,14,14
10124,50,45,5,5
10125,53,48,5,5
10126,130,131,-1,1
10127,125,105,20,20
10128,118,103,15,15
10129,112,100,12,12
10130,62,62,0,0
10131,105,96,9,9
10132,90,87,3,3
10133,143,134,9,9
10134,58,51,7,7
10135,64,59,5,5
10136,108,89,19,19
10137,98,77,21,21
10138,136,117,19,19
10139,101,106,-5,5
10140,85,79,6,6
10141,92,86,6,6
10142,144,121,23,23
10143,80,74,6,6
10144,110,87,23,23
10145,66,54,12,12
10146,73,64,9,9
10147,59,51,8,8
10148,88,79,9,9
10149,74,73,1,1
10150,61,55,6,6
10151,125,102,23,23
10152,55,47,8,8
10153,115,101,14,14
10154,58,58,0,0
10155,76,71,5,5
10156,137,131,6,6
10157,81,68,13,13
10158,116,104,12,12
10159,81,72,9,9
10160,94,79,15,15
10161,78,84,-6,6
10162,80,66,14,14
10163,99,85,14,14
10164,118,104,14,14
10165,137,114,23,23
10166,98,93,5,5
10167,71,60,11,11
10168,83,75,8,8
10169,132,132,0,0
10170,69,61,8,8
10171,119,110,9,9
10172,101,100,1,1
10173,92,83,9,9
10174,74,64,10,10
10175,95,87,8,8
10176,67,62,5,5
10177,50,48,2,2
10178,106,92,14,14
10179,102,83,19,19
10180,359,254,105,105
10181,58,55,3,3
10182,94,80,14,14
10183,90,73,17,17
10184,88,75,13,13
10185,105,84,21,21
10186,75,68,7,7
10187,89,78,11,11
10188,86,72,14,14
10189,133,116,17,17
10190,35,33,2,2
10191,88,73,15,15
10192,177,149,28,28
10193,100,87,13,13
10194,65,57,8,8
10195,104,90,14,14
10196,67,52,15,15
10197,86,76,10,10
10198,123,101,22,22
10199,108,90,18,18
10200,84,73,11,11
10201,54,52,2,2
10202,95,84,11,11
10203,86,76,10,10
10204,70,76,-6,6
10205,84,71,13,13
10206,107,93,14,14
10207,45,41,4,4
10208,85,80,5,5
10209,79,66,13,13
10210,125,112,13,13
10211,92,82,10,10
10212,74,70,4,4
10213,139,130,9,9
10214,84,71,13,13
10215,103,107,-4,4
10216,60,64,-4,4
10217,78,72,6,6
10218,69,40,29,29
10219,131,122,9,9
10220,102,86,16,16
10221,69,65,4,4
10222,58,55,3,3
10223,43,42,1,1
10224,29,26,3,3
10225,86,78,8,8
10226,114,103,11,11
10227,38,43,-5,5
10228,113,108,5,5
10229,74,75,-1,1
10230,67,61,6,6
10231,221,188,33,33
10232,103,89,14,14
10233,224,197,27,27
10234,82,86,-4,4
10235,104,90,14,14
10236,115,94,21,21
10237,70,77,-7,7
10238,92,81,11,11
10239,118,105,13,13
10240,159,129,30,30
10241,124,104,20,20
10242,165,125,40,40
10243,118,112,6,6
10244,79,66,13,13
10245,113,97,16,16
10246,61,56,5,5
10247,112,99,13,13
10248,68,59,9,9
10249,71,67,4,4
10250,127,112,15,15
10251,82,73,9,9
10252,63,57,6,6
10253,189,181,8,8
10254,73,70,3,3
10255,76,63,13,13
10256,99,99,0,0
10257,131,119,12,12
10258,88,82,6,6
10259,61,57,4,4
10260,135,119,16,16
10261,52,52,0,0
10262,114,104,10,10
10263,82,75,7,7
10264,106,93,13,13
10265,102,106,-4,4
10266,105,105,0,0
10267,77,75,2,2
10268,66,53,13,13
10269,129,109,20,20
10270,73,65,8,8
10271,77,68,9,9
10272,70,58,12,12
10273,40,33,7,7
10274,55,59,-4,4
10275,130,120,10,10
10276,168,144,24,24
10277,76,59,17,17
10278,136,117,19,19
10279,104,102,2,2
10280,52,50,2,2
10281,151,136,15,15
10282,74,69,5,5
10283,60,58,2,2
10284,90,74,16,16
10285,81,65,16,16
10286,118,108,10,10
10287,96,86,10,10
10288,96,78,18,18
10289,151,142,9,9
10290,125,107,18,18
10291,73,62,11,11
10292,107,90,17,17
10293,113,105,8,8
10294,118,112,6,6
10295,71,71,0,0
10296,68,61,7,7
10297,65,60,5,5
10298,48,47,1,1
10299,73,68,5,5
10300,86,97,-11,11
10301,45,40,5,5
10302,87,76,11,11
10303,113,99,14,14
10304,137,120,17,17
10305,114,105,9,9
10306,61,56,5,5
10307,106,83,23,23
10308,128,113,15,15
10309,111,104,7,7
10310,100,87,13,13
10311,100,86,14,14
10312,133,127,6,6
10313,96,86,10,10
10314,133,124,9,9
10315,130,115,15,15
10316,78,72,6,6
10317,130,103,27,27
10318,110,111,-1,1
10319,75,74,1,1
10320,144,131,13,13
10321,81,77,4,4
10322,63,61,2,2
10323,122,114,8,8
10324,119,115,4,4
10325,99,88,11,11
10326,111,98,13,13
10327,143,117,26,26
10328,104,107,-3,3
10329,93,78,15,15
10330,72,72,0,0
10331,79,77,2,2
10332,128,118,10,10
10333,99,85,14,14
10334,76,76,0,0
10335,100,92,8,8
10336,70,62,8,8
10337,148,141,7,7
10338,68,57,11,11
10339,100,100,0,0
10340,74,75,-1,1
10341,86,72,14,14
10342,93,78,15,15
10343,138,110,28,28
10344,149,148,1,1
10345,65,53,12,12
10346,89,83,6,6
10347,117,77,40,40
10348,98,80,18,18
10349,127,117,10,10
10350,106,91,15,15
10351,68,57,11,11
10352,160,129,31,31
10353,83,82,1,1
10354,129,103,26,26
10355,117,92,25,25
10356,74,77,-3,3
10357,101,89,12,12
10358,113,96,17,17
10359,121,105,16,16
10360,122,118,4,4
10361,117,102,15,15
10362,131,123,8,8
10363,68,55,13,13
10364,86,85,1,1
10365,97,80,17,17
10366,125,107,18,18
10367,65,63,2,2
10368,49,42,7,7
10369,81,73,8,8
10370,103,95,8,8
10371,110,91,19,19
10372,86,81,5,5
10373,103,89,14,14
10374,103,95,8,8
10375,59,52,7,7
10376,119,98,21,21
10377,40,31,9,9
10378,102,92,10,10
10379,120,98,22,22
10380,103,95,8,8
10381,101,87,14,14
10382,106,94,12,12
10383,110,100,10,10
10384,82,70,12,12
10385,88,73,15,15
10386,174,162,12,12
10387,99,81,18,18
10388,66,61,5,5
10389,105,100,5,5
10390,59,52,7,7
10391,128,102,26,26
10392,53,55,-2,2
10393,123,115,8,8
10394,88,84,4,4
10395,80,72,8,8
10396,72,75,-3,3
10397,73,70,3,3
10398,60,54,6,6
10399,88,78,10,10
10400,82,70,12,12
10401,156,133,23,23
10402,163,132,31,31
10403,73,62,11,11
10404,105,85,20,20
10405,137,112,25,25
10406,74,70,4,4
10407,85,71,14,14
10408,71,69,2,2
10409,56,54,2,2
10410,95,83,12,12
10411,48,42,6,6
10412,113,104,9,9
10413,96,84,12,12
10414,111,100,11,11
10415,80,102,-22,22
10416,44,40,4,4
10417,73,63,10,10
10418,132,100,32,32
10419,100,78,22,22
10420,126,108,18,18
10421,77,76,1,1
10422,81,82,-1,1
10423,68,56,12,12
10424,73,84,-11,11
10425,100,93,7,7
10426,98,79,19,19
10427,60,53,7,7
10428,110,99,11,11
10429,102,91,11,11
10430,75,66,9,9
10431,138,128,10,10
10432,81,69,12,12
10433,108,109,-1,1
10434,148,121,27,27
10435,59,49,10,10
10436,88,84,4,4
10437,104,78,26,26
10438,72,58,14,14
10439,82,75,7,7
10440,93,84,9,9
10441,93,78,15,15
10442,160,142,18,18
10443,129,118,11,11
10444,113,107,6,6
10445,116,91,25,25
10446,119,106,13,13
10447,86,77,9,9
10448,44,30,14,14
10449,76,61,15,15
10450,61,58,3,3
10451,80,79,1,1
10452,99,78,21,21
10453,87,89,-2,2
10454,117,104,13,13
10455,50,64,-14,14
10456,150,126,24,24
10457,123,100,23,23
10458,100,69,31,31
10459,147,128,19,19
10460,185,171,14,14
10461,59,53,6,6
10462,81,67,14,14
10463,61,68,-7,7
10464,126,111,15,15
10465,82,74,8,8
10466,100,89,11,11
10467,81,70,11,11
10468,39,37,2,2
10469,77,66,11,11
10470,51,42,9,9
10471,98,96,2,2
10472,133,132,1,1
10473,80,74,6,6
10474,151,120,31,31
10475,88,70,18,18
10476,55,47,8,8
10477,72,68,4,4
10478,75,76,-1,1
10479,77,65,12,12
10480,81,65,16,16
10481,144,127,17,17
10482,121,92,29,29
10483,57,50,7,7
10484,69,65,4,4
10485,99,89,10,10
10486,64,65,-1,1
10487,130,100,30,30
10488,106,96,10,10
10489,72,66,6,6
10490,67,68,-1,1
10491,68,60,8,8
10492,79,77,2,2
10493,81,75,6,6
10494,69,64,5,5
10495,67,59,8,8
10496,73,65,8,8
10497,39,40,-1,1
10498,112,106,6,6
10499,71,66,5,5
10500,132,113,19,19
10501,133,125,8,8
10502,95,83,12,12
10503,112,95,17,17
10504,112,86,26,26
10505,99,105,-6,6
10506,71,72,-1,1
10507,127,129,-2,2
10508,89,85,4,4
10509,87,73,14,14
10510,124,105,19,19
10511,66,62,4,4
10512,92,88,4,4
10513,80,66,14,14
10514,94,84,10,10
10515,146,138,8,8
10516,139,125,14,14
10517,136,122,14,14
10518,63,54,9,9
10519,54,50,4,4
10520,171,146,25,25
10521,91,76,15,15
10522,170,138,32,32
10523,147,127,20,20
10524,70,60,10,10
10525,140,134,6,6
10526,117,109,8,8
10527,72,63,9,9
10528,132,117,15,15
10529,63,55,8,8
10530,102,96,6,6
10531,81,76,5,5
10532,90,73,17,17
10533,87,78,9,9
10534,127,113,14,14
10535,56,52,4,4
10536,44,41,3,3
10537,122,107,15,15
10538,111,96,15,15
10539,66,62,4,4
10540,110,104,6,6
10541,101,93,8,8
10542,119,113,6,6
10543,75,74,1,1
10544,65,56,9,9
10545,55,49,6,6
10546,76,75,1,1
10547,70,66,4,4
10548,157,166,-9,9
10549,27,21,6,6
10550,83,71,12,12
10551,125,110,15,15
10552,95,89,6,6
10553,86,69,17,17
10554,116,106,10,10
10555,66,58,8,8
10556,144,149,-5,5
10557,96,92,4,4
10558,94,84,10,10
10559,37,34,3,3
10560,195,167,28,28
10561,108,101,7,7
10562,130,118,12,12
10563,78,71,7,7
10564,57,51,6,6
10565,72,58,14,14
10566,57,62,-5,5
10567,90,93,-3,3
10568,67,54,13,13
10569,157,145,12,12
10570,57,56,1,1
10571,94,85,9,9
10572,69,65,4,4
10573,86,77,9,9
10574,58,52,6,6
10575,105,97,8,8
10576,74,70,4,4
10577,116,100,16,16
10578,78,65,13,13
10579,115,98,17,17
10580,64,56,8,8
10581,127,106,21,21
10582,77,69,8,8
10583,99,81,18,18
10584,68,66,2,2
10585,101,100,1,1
10586,88,76,12,12
10587,121,108,13,13
10588,100,90,10,10
10589,87,65,22,22
10590,80,66,14,14
10591,43,39,4,4
10592,103,100,3,3
10593,149,123,26,26
10594,67,66,1,1
10595,110,102,8,8
10596,127,108,19,19
10597,55,51,4,4
10598,133,115,18,18
10599,82,75,7,7
10600,45,36,9,9
10601,59,52,7,7
10602,120,107,13,13
10603,103,100,3,3
10604,145,135,10,10
10605,119,112,7,7
10606,75,72,3,3
10607,74,63,11,11
10608,109,101,8,8
10609,148,136,12,12
10610,80,71,9,9
10611,68,58,10,10
10612,116,107,9,9
10613,114,96,18,18
10614,100,91,9,9
10615,72,65,7,7
10616,119,117,2,2
10617,96,77,19,19
10618,58,55,3,3
10619,132,130,2,2
10620,169,158,11,11
10621,70,61,9,9
10622,90,77,13,13
10623,93,79,14,14
10624,107,118,-11,11
10625,124,105,19,19
10626,43,40,3,3
10627,102,88,14,14
10628,107,95,12,12
10629,61,59,2,2
10630,62,56,6,6
10631,72,61,11,11
10632,129,109,20,20
10633,74,65,9,9
10634,81,71,10,10
10635,107,88,19,19
10636,79,68,11,11
10637,43,33,10,10
10638,72,65,7,7
10639,102,78,24,24
10640,93,79,14,14
10641,90,80,10,10
10642,66,52,14,14
10643,125,108,17,17
10644,73,63,10,10
10645,78,63,15,15
10646,49,44,5,5
10647,81,66,15,15
10648,74,71,3,3
10649,78,68,10,10
10650,82,72,10,10
10651,92,104,-12,12
10652,110,77,33,33
10653,96,83,13,13
10654,83,79,4,4
10655,143,129,14,14
10656,88,70,18,18
10657,111,97,14,14
10658,54,47,7,7
10659,66,62,4,4
10660,68,73,-5,5
10661,57,57,0,0
10662,169,139,30,30
10663,63,65,-2,2
10664,131,133,-2,2
10665,102,90,12,12
10666,47,42,5,5
10667,58,53,5,5
10668,127,112,15,15
10669,100,83,17,17
10670,109,101,8,8
10671,109,92,17,17
10672,92,80,12,12
10673,93,79,14,14
10674,64,58,6,6
10675,95,88,7,7
10676,97,81,16,16
10677,87,81,6,6
10678,65,65,0,0
10679,84,74,10,10
10680,140,110,30,30
10681,88,76,12,12
10682,56,45,11,11
10683,131,116,15,15
10684,107,93,14,14
10685,93,74,19,19
10686,125,110,15,15
10687,204,174,30,30
10688,128,109,19,19
10689,80,69,11,11
10690,161,159,2,2
10691,114,102,12,12
10692,96,71,25,25
10693,79,72,7,7
10694,60,52,8,8
10695,176,154,22,22
10696,41,35,6,6
10697,50,48,2,2
10698,45,39,6,6
10699,168,120,48,48
10700,65,59,6,6
10701,57,41,16,16
10702,98,91,7,7
10703,77,69,8,8
10704,84,74,10,10
10705,76,71,5,5
10706,75,77,-2,2
10707,93,82,11,11
10708,71,89,-18,18
10709,87,73,14,14
10710,65,61,4,4
10711,130,108,22,22
10712,74,58,16,16
10713,34,34,0,0
10714,129,100,29,29
10715,114,110,4,4
10716,70,59,11,11
10717,50,52,-2,2
10718,93,73,20,20
10719,55,49,6,6
10720,94,73,21,21
10721,46,31,15,15
10722,50,41,9,9
10723,104,84,20,20
10724,118,107,11,11
10725,102,91,11,11
10726,84,77,7,7
10727,165,156,9,9
10728,97,87,10,10
10729,92,84,8,8
10730,89,69,20,20
10731,76,70,6,6
10732,75,85,-10,10
10733,142,132,10,10
10734,96,89,7,7
10735,145,138,7,7
10736,87,78,9,9
10737,64,54,10,10
10738,48,52,-4,4
10739,94,83,11,11
10740,69,58,11,11
10741,66,54,12,12
10742,131,107,24,24
10743,98,87,11,11
10744,94,89,5,5
10745,65,59,6,6
10746,89,84,5,5
10747,128,108,20,20
10748,144,119,25,25
10749,53,53,0,0
10750,108,103,5,5
10751,29,34,-5,5
10752,58,51,7,7
10753,94,93,1,1
10754,74,62,12,12
10755,133,121,12,12
10756,75,67,8,8
10757,87,72,15,15
10758,133,117,16,16
10759,74,55,19,19
10760,80,70,10,10
10761,52,45,7,7
10762,116,103,13,13
10763,158,141,17,17
10764,224,186,38,38
10765,97,90,7,7
10766,128,110,18,18
10767,102,90,12,12
10768,114,93,21,21
10769,41,40,1,1
10770,86,78,8,8
10771,42,43,-1,1
10772,111,95,16,16
10773,142,136,6,6
10774,68,69,-1,1
10775,65,60,5,5
10776,116,109,7,7
10777,91,80,11,11
10778,157,143,14,14
10779,140,127,13,13
10780,126,106,20,20
10781,77,65,12,12
10782,86,78,8,8
10783,102,94,8,8
10784,95,82,13,13
10785,64,55,9,9
10786,103,97,6,6
10787,55,55,0,0
10788,77,73,4,4
10789,160,139,21,21
10790,58,54,4,4
10791,191,175,16,16
10792,121,116,5,5
10793,77,60,17,17
10794,161,139,22,22
10795,65,57,8,8
10796,80,84,-4,4
10797,77,73,4,4
10798,67,67,0,0
10799,51,50,1,1
10800,76,68,8,8
10801,155,128,27,27
10802,96,77,19,19
10803,65,56,9,9
10804,98,83,15,15
10805,101,87,14,14
10806,49,42,7,7
10807,112,100,12,12
10808,81,59,22,22
10809,49,44,5,5
10810,65,56,9,9
10811,90,78,12,12
10812,126,104,22,22
10813,48,43,5,5
10814,120,107,13,13
10815,55,48,7,7
10816,75,80,-5,5
10817,83,88,-5,5
10818,135,114,21,21
10819,131,122,9,9
10820,117,114,3,3
10821,88,71,17,17
10822,92,84,8,8
10823,90,91,-1,1
10824,98,93,5,5
10825,101,84,17,17
10826,138,128,10,10
10827,84,78,6,6
10828,104,94,10,10
10829,98,105,-7,7
10830,87,82,5,5
10831,102,97,5,5
10832,81,74,7,7
10833,75,68,7,7
10834,145,127,18,18
10835,114,101,13,13
10836,63,57,6,6
10837,51,47,4,4
10838,109,96,13,13
10839,69,62,7,7
10840,87,86,1,1
10841,72,61,11,11
10842,114,101,13,13
10843,96,74,22,22
10844,140,138,2,2
10845,171,149,22,22
10846,97,85,12,12
10847,77,73,4,4
10848,125,96,29,29
10849,75,67,8,8
10850,98,92,6,6
10851,118,103,15,15
10852,120,105,15,15
10853,69,63,6,6
10854,57,44,13,13
10855,129,106,23,23
10856,127,110,17,17
10857,81,74,7,7
10858,102,93,9,9
10859,154,130,24,24
10860,116,102,14,14
10861,47,42,5,5
10862,124,106,18,18
10863,124,105,19,19
10864,138,116,22,22
10865,82,74,8,8
10866,120,105,15,15
10867,114,96,18,18
10868,90,81,9,9
10869,88,76,12,12
10870,53,47,6,6
10871,84,72,12,12
10872,80,72,8,8
10873,147,131,16,16
10874,79,77,2,2
10875,115,98,17,17
10876,80,72,8,8
10877,117,100,17,17
10878,123,108,15,15
10879,54,55,-1,1
10880,93,83,10,10
10881,145,129,16,16
10882,128,125,3,3
10883,73,64,9,9
10884,51,41,10,10
10885,65,58,7,7
10886,102,102,0,0
10887,95,95,0,0
10888,58,52,6,6
10889,49,52,-3,3
10890,113,105,8,8
10891,121,113,8,8
10892,148,131,17,17
10893,139,132,7,7
10894,96,101,-5,5
10895,143,124,19,19
10896,92,87,5,5
10897,78,66,12,12
10898,11,17,-6,6
10899,66,64,2,2
10900,79,67,12,12
10901,70,64,6,6
10902,67,65,2,2
10903,77,67,10,10
10904,144,132,12,12
10905,84,78,6,6
10906,50,42,8,8
10907,79,66,13,13
10908,90,90,0,0
10909,62,51,11,11
10910,134,132,2,2
10911,110,95,15,15
10912,78,92,-14,14
10913,142,116,26,26
10914,79,75,4,4
10915,143,121,22,22
10916,80,76,4,4
10917,37,33,4,4
10918,70,59,11,11
10919,96,90,6,6
10920,135,131,4,4
10921,76,65,11,11
10922,181,157,24,24
10923,105,98,7,7
10924,49,42,7,7
10925,65,63,2,2
10926,139,120,19,19
10927,38,33,5,5
10928,83,67,16,16
10929,56,51,5,5
10930,120,95,25,25
10931,109,101,8,8
10932,160,136,24,24
10933,117,118,-1,1
10934,92,88,4,4
10935,99,87,12,12
10936,114,103,11,11
10937,70,54,16,16
10938,93,86,7,7
10939,112,93,19,19
10940,118,103,15,15
10941,72,60,12,12
10942,51,51,0,0
10943,119,94,25,25
10944,85,71,14,14
10945,101,102,-1,1
10946,78,74,4,4
10947,75,67,8,8
10948,69,71,-2,2
10949,120,104,16,16
10950,72,62,10,10
10951,64,70,-6,6
10952,80,69,11,11
10953,80,77,3,3
10954,75,66,9,9
10955,76,65,11,11
10956,157,130,27,27
10957,80,88,-8,8
10958,117,106,11,11
10959,103,84,19,19
10960,129,99,30,30
10961,139,122,17,17
10962,98,82,16,16
10963,87,71,16,16
10964,165,137,28,28
10965,73,70,3,3
10966,137,123,14,14
10967,150,141,9,9
10968,74,74,0,0
10969,157,137,20,20
10970,82,88,-6,6
10971,74,61,13,13
10972,37,34,3,3
10973,95,88,7,7
10974,104,88,16,16
10975,124,115,9,9
10976,37,42,-5,5
10977,80,89,-9,9
10978,80,83,-3,3
10979,88,76,12,12
10980,147,111,36,36
10981,65,64,1,1
10982,101,90,11,11
10983,93,82,11,11
10984,71,64,7,7
10985,64,50,14,14
10986,71,67,4,4
10987,60,62,-2,2
10988,64,67,-3,3
10989,55,48,7,7
10990,48,66,-18,18
10991,141,118,23,23
10992,95,83,12,12
10993,58,56,2,2
10994,95,82,13,13
10995,71,66,5,5
10996,89,78,11,11
10997,125,111,14,14
10998,170,162,8,8
10999,153,139,14,14
11000,84,71,13,13
11001,137,123,14,14
11002,81,66,15,15
11003,77,78,-1,1
11004,75,73,2,2
11005,110,99,11,11
11006,53,46,7,7
11007,92,77,15,15
11008,105,105,0,0
11009,55,53,2,2
11010,85,93,-8,8
11011,141,112,29,29
11012,126,119,7,7
11013,82,73,9,9
11014,124,106,18,18
11015,76,82,-6,6
11016,126,98,28,28
11017,56,51,5,5
11018,65,57,8,8
11019,91,85,6,6
11020,65,63,2,2
11021,84,79,5,5
11022,95,84,11,11
11023,109,89,20,20
11024,74,58,16,16
11025,60,48,12,12
11026,65,54,11,11
11027,77,69,8,8
11028,79,70,9,9
11029,65,56,9,9
11030,110,100,10,10
11031,116,113,3,3
11032,67,61,6,6
11033,83,74,9,9
11034,120,101,19,19
11035,157,123,34,34
11036,123,109,14,14
11037,80,70,10,10
11038,99,99,0,0
11039,88,73,15,15
11040,67,73,-6,6
11041,134,119,15,15
11042,76,66,10,10
11043,96,94,2,2
11044,83,78,5,5
11045,57,54,3,3
11046,93,82,11,11
11047,60,55,5,5
11048,85,74,11,11
11049,62,63,-1,1
11050,110,103,7,7
11051,108,103,5,5
11052,66,58,8,8
11053,67,71,-4,4
11054,71,56,15,15
11055,79,67,12,12
11056,145,134,11,11
11057,62,64,-2,2
11058,60,61,-1,1
11059,126,117,9,9
11060,120,111,9,9
11061,67,59,8,8
11062,96,83,13,13
11063,54,44,10,10
11064,66,55,11,11
11065,101,89,12,12
11066,83,68,15,15
11067,120,99,21,21
11068,186,168,18,18
11069,72,64,8,8
11070,91,79,12,12
11071,158,132,26,26
11072,67,62,5,5
11073,118,92,26,26
11074,63,53,10,10
11075,105,91,14,14
11076,124,94,30,30
11077,108,80,28,28
11078,121,104,17,17
11079,39,34,5,5
11080,90,83,7,7
11081,218,211,7,7
11082,71,75,-4,4
11083,81,76,5,5
11084,61,49,12,12
11085,86,72,14,14
11086,59,50,9,9
11087,168,153,15,15
11088,86,86,0,0
11089,104,101,3,3
11090,89,82,7,7
11091,80,72,8,8
11092,81,70,11,11
11093,87,71,16,16
11094,119,98,21,21
11095,136,115,21,21
11096,113,95,18,18
11097,68,71,-3,3
11098,86,67,19,19
11099,103,92,11,11
11100,72,72,0,0
11101,142,135,7,7
11102,172,175,-3,3
11103,166,148,18,18
11104,96,99,-3,3
11105,106,96,10,10
11106,125,105,20,20
11107,125,109,16,16
11108,75,95,-20,20
11109,94,80,14,14
11110,103,94,9,9
11111,58,49,9,9
11112,81,66,15,15
11113,133,110,23,23
11114,122,107,15,15
11115,99,94,5,5
11116,67,58,9,9
11117,126,108,18,18
11118,91,77,14,14
11119,73,67,6,6
11120,89,83,6,6
11121,124,128,-4,4
11122,68,49,19,19
11123,126,110,16,16
11124,76,74,2,2
11125,167,136,31,31
11126,36,35,1,1
11127,137,121,16,16
11128,93,81,12,12
11129,115,102,13,13
11130,125,107,18,18
11131,79,71,8,8
11132,59,52,7,7
11133,90,83,7,7
11134,73,66,7,7
11135,74,62,12,12
11136,111,94,17,17
11137,129,111,18,18
11138,80,70,10,10
11139,97,83,14,14
11140,83,71,12,12
11141,129,111,18,18
11142,120,104,16,16
11143,93,76,17,17
11144,95,95,0,0
11145,101,89,12,12
11146,93,82,11,11
11147,112,112,0,0
11148,103,95,8,8
11149,60,57,3,3
11150,95,96,-1,1
11151,62,54,8,8
11152,69,64,5,5
11153,83,89,-6,6
11154,53,42,11,11
11155,98,81,17,17
11156,101,98,3,3
11157,73,77,-4,4
11158,94,95,-1,1
11159,55,48,7,7
11160,93,94,-1,1
11161,70,64,6,6
11162,102,97,5,5
11163,75,62,13,13
11164,77,58,19,19
11165,96,85,11,11
11166,93,92,1,1
11167,78,77,1,1
11168,155,134,21,21
11169,94,86,8,8
11170,66,59,7,7
11171,71,74,-3,3
11172,96,85,11,11
11173,143,131,12,12
11174,60,50,10,10
11175,79,74,5,5
11176,93,82,11,11
11177,126,111,15,15
11178,128,108,20,20
11179,103,84,19,19
11180,95,81,14,14
11181,86,89,-3,3
11182,95,79,16,16
11183,68,58,10,10
11184,102,96,6,6
11185,74,67,7,7
11186,94,109,-15,15
11187,83,59,24,24
11188,107,93,14,14
11189,65,55,10,10
11190,66,63,3,3
11191,113,102,11,11
11192,164,133,31,31
11193,60,58,2,2
11194,139,142,-3,3
11195,96,90,6,6
11196,87,68,19,19
11197,113,100,13,13
11198,180,161,19,19
11199,106,91,15,15
11200,73,67,6,6
11201,121,114,7,7
11202,125,111,14,14
11203,62,58,4,4
11204,56,46,10,10
11205,81,71,10,10
11206,103,86,17,17
11207,107,92,15,15
11208,70,57,13,13
11209,107,93,14,14
11210,167,190,-23,23
11211,72,51,21,21
11212,123,101,22,22
11213,178,173,5,5
11214,142,137,5,5
11215,138,117,21,21
11216,148,124,24,24
11217,141,126,15,15
11218,119,117,2,2
11219,67,61,6,6
11220,126,130,-4,4
11221,35,50,-15,15
11222,86,81,5,5
11223,82,86,-4,4
11224,135,149,-14,14
11225,111,91,20,20
11226,145,131,14,14
11227,99,74,25,25
11228,69,69,0,0
11229,81,87,-6,6
11230,58,50,8,8
11231,58,58,0,0
11232,141,112,29,29
11233,75,64,11,11
11234,108,108,0,0
11235,128,125,3,3
11236,87,89,-2,2
11237,90,84,6,6
11238,133,121,12,12
11239,73,62,11,11
11240,63,57,6,6
11241,73,68,5,5
11242,136,126,10,10
11243,105,88,17,17
11244,60,56,4,4
11245,102,88,14,14
11246,100,88,12,12
11247,57,54,3,3
11248,71,62,9,9
11249,76,67,9,9
11250,58,54,4,4
11251,204,180,24,24
11252,96,84,12,12
11253,113,94,19,19
11254,114,87,27,27
11255,138,120,18,18
11256,79,77,2,2
11257,142,119,23,23
11258,109,94,15,15
11259,141,128,13,13
11260,73,64,9,9
11261,89,71,18,18
11262,85,80,5,5
11263,159,133,26,26
11264,107,94,13,13
11265,68,68,0,0
11266,79,74,5,5
11267,109,100,9,9
11268,78,65,13,13
11269,61,59,2,2
11270,102,95,7,7
11271,140,128,12,12
11272,156,137,19,19
11273,155,137,18,18
11274,118,98,20,20
11275,85,70,15,15
11276,162,142,20,20
11277,105,97,8,8
11278,100,89,11,11
11279,102,85,17,17
11280,130,110,20,20
11281,55,51,4,4
11282,69,69,0,0
11283,89,73,16,16
11284,39,42,-3,3
11285,139,116,23,23
11286,94,83,11,11
11287,79,64,15,15
11288,171,153,18,18
11289,139,120,19,19
11290,85,83,2,2
11291,86,77,9,9
11292,114,95,19,19
11293,134,113,21,21
11294,51,44,7,7
11295,47,46,1,1
11296,56,54,2,2
11297,72,67,5,5
11298,96,92,4,4
11299,143,130,13,13
11300,115,88,27,27
11301,99,100,-1,1
11302,91,89,2,2
11303,85,82,3,3
11304,151,120,31,31
11305,42,46,-4,4
11306,125,106,19,19
11307,41,57,-16,16
11308,137,105,32,32
11309,100,84,16,16
11310,143,111,32,32
11311,174,158,16,16
11312,81,71,10,10
11313,106,96,10,10
11314,150,125,25,25
11315,66,64,2,2
11316,119,105,14,14
11317,133,108,25,25
11318,58,56,2,2
11319,90,86,4,4
11320,111,100,11,11
11321,157,131,26,26
11322,106,97,9,9
11323,121,106,15,15
11324,61,58,3,3
11325,111,100,11,11
11326,88,82,6,6
11327,81,74,7,7
11328,93,81,12,12
11329,77,68,9,9
11330,163,129,34,34
11331,104,94,10,10
11332,76,63,13,13
11333,52,46,6,6
11334,87,88,-1,1
11335,104,90,14,14
11336,62,52,10,10
11337,112,107,5,5
11338,76,73,3,3
11339,129,117,12,12
11340,106,106,0,0
11341,63,58,5,5
11342,87,79,8,8
11343,106,101,5,5
11344,86,70,16,16
11345,88,70,18,18
11346,89,81,8,8
11347,71,70,1,1
11348,116,95,21,21
11349,55,54,1,1
11350,83,83,0,0
11351,64,58,6,6
11352,71,63,8,8
11353,128,107,21,21
11354,57,52,5,5
11355,127,117,10,10
11356,47,37,10,10
11357,94,78,16,16
11358,60,49,11,11
11359,60,61,-1,1
11360,55,53,2,2
11361,97,91,6,6
11362,82,75,7,7
11363,109,96,13,13
11364,111,96,15,15
11365,61,52,9,9
11366,70,63,7,7
11367,79,68,11,11
11368,107,94,13,13
11369,89,76,13,13
11370,60,51,9,9
11371,147,136,11,11
11372,83,74,9,9
11373,104,90,14,14
11374,134,124,10,10
11375,88,77,11,11
11376,35,34,1,1
11377,117,116,1,1
11378,78,69,9,9
11379,149,127,22,22
11380,85,77,8,8
11381,97,88,9,9
11382,115,110,5,5
11383,109,86,23,23
11384,81,70,11,11
11385,81,75,6,6
11386,93,87,6,6
11387,123,117,6,6
11388,95,84,11,11
11389,102,86,16,16
11390,57,47,10,10
11391,179,165,14,14
11392,126,116,10,10
11393,62,56,6,6
11394,65,67,-2,2
11395,109,93,16,16
11396,74,67,7,7
11397,113,99,14,14
11398,121,104,17,17
11399,114,100,14,14
11400,63,56,7,7
11401,103,87,16,16
11402,80,67,13,13
11403,45,68,-23,23
11404,93,86,7,7
11405,121,102,19,19
11406,166,150,16,16
11407,63,67,-4,4
11408,66,54,12,12
11409,55,68,-13,13
11410,116,106,10,10
11411,96,82,14,14
11412,76,67,9,9
11413,54,56,-2,2
11414,108,95,13,13
11415,51,47,4,4
11416,109,96,13,13
11417,75,67,8,8
11418,86,82,4,4
11419,82,83,-1,1
11420,36,34,2,2
11421,64,66,-2,2
11422,119,99,20,20
11423,53,54,-1,1
11424,73,65,8,8
11425,58,48,10,10
11426,41,36,5,5
11427,58,57,1,1
11428,118,109,9,9
11429,134,113,21,21
11430,75,69,6,6
11431,50,48,2,2
11432,98,91,7,7
11433,33,28,5,5
11434,109,93,16,16
11435,79,75,4,4
11436,60,52,8,8
11437,100,94,6,6
11438,85,67,18,18
11439,75,71,4,4
11440,82,71,11,11
11441,57,53,4,4
11442,164,156,8,8
11443,157,139,18,18
11444,76,65,11,11
11445,72,70,2,2
11446,57,69,-12,12
11447,96,99,-3,3
11448,90,76,14,14
11449,100,92,8,8
11450,129,111,18,18
11451,91,78,13,13
11452,98,84,14,14
11453,102,89,13,13
11454,198,184,14,14
11455,78,67,11,11
11456,60,55,5,5
11457,173,156,17,17
11458,98,87,11,11
11459,72,62,10,10
11460,90,111,-21,21
11461,170,149,21,21
11462,163,140,23,23
11463,77,70,7,7
11464,66,59,7,7
11465,67,51,16,16
11466,66,82,-16,16
11467,99,81,18,18
11468,86,75,11,11
11469,85,78,7,7
11470,71,64,7,7
11471,136,113,23,23
11472,86,71,15,15
11473,60,56,4,4
11474,119,107,12,12
11475,132,114,18,18
11476,114,109,5,5
11477,66,58,8,8
11478,147,127,20,20
11479,90,84,6,6
11480,112,99,13,13
11481,68,55,13,13
11482,119,99,20,20
11483,121,103,18,18
11484,70,86,-16,16
11485,124,104,20,20
11486,47,45,2,2
11487,70,73,-3,3
11488,80,69,11,11
11489,44,39,5,5
11490,75,72,3,3
11491,65,61,4,4
11492,80,62,18,18
11493,95,87,8,8
11494,124,107,17,17
11495,50,54,-4,4
11496,133,113,20,20
11497,77,70,7,7
11498,105,98,7,7
11499,70,62,8,8
11500,86,81,5,5
11501,97,78,19,19
11502,80,66,14,14
11503,98,95,3,3
11504,106,100,6,6
11505,74,62,12,12
11506,66,62,4,4
11507,118,108,10,10
11508,110,88,22,22
11509,156,138,18,18
11510,67,57,10,10
11511,170,127,43,43
11512,117,94,23,23
11513,101,90,11,11
11514,130,111,19,19
11515,93,90,3,3
11516,105,90,15,15
11517,41,54,-13,13
11518,84,62,22,22
11519,59,52,7,7
11520,141,123,18,18
11521,47,55,-8,8
11522,114,86,28,28
11523,137,118,19,19
11524,126,126,0,0
11525,62,56,6,6
11526,111,101,10,10
11527,74,65,9,9
11528,81,72,9,9
11529,160,145,15,15
11530,102,91,11,11
11531,91,75,16,16
11532,83,77,6,6
11533,72,58,14,14
11534,68,66,2,2
11535,126,102,24,24
11536,77,74,3,3
11537,160,125,35,35
11538,106,96,10,10
11539,81,73,8,8
11540,170,130,40,40
11541,131,113,18,18
11542,50,55,-5,5
11543,115,99,16,16
11544,70,69,1,1
11545,109,106,3,3
11546,72,57,15,15
11547,74,68,6,6
11548,67,61,6,6
11549,81,66,15,15
11550,83,74,9,9
11551,105,91,14,14
11552,95,92,3,3
11553,133,114,19,19
11554,115,112,3,3
11555,98,82,16,16
11556,55,32,23,23
11557,109,98,11,11
11558,50,52,-2,2
11559,145,122,23,23
11560,89,72,17,17
11561,85,75,10,10
11562,85,77,8,8
11563,65,78,-13,13
11564,86,77,9,9
11565,105,82,23,23
11566,53,46,7,7
11567,60,56,4,4
11568,121,104,17,17
11569,52,56,-4,4
11570,53,50,3,3
11571,164,147,17,17
11572,92,87,5,5
11573,100,90,10,10
11574,111,95,16,16
11575,67,59,8,8
11576,169,150,19,19
11577,86,73,13,13
11578,51,39,12,12
11579,96,86,10,10
11580,97,74,23,23
11581,82,65,17,17
11582,75,69,6,6
11583,103,88,15,15
11584,91,75,16,16
11585,108,100,8,8
11586,85,82,3,3
11587,137,124,13,13
11588,88,82,6,6
11589,167,140,27,27
11590,65,62,3,3
11591,92,78,14,14
11592,98,84,14,14
11593,68,62,6,6
11594,65,52,13,13
11595,60,53,7,7
11596,71,60,11,11
11597,50,44,6,6
11598,79,72,7,7
11599,102,88,14,14
11600,85,68,17,17
11601,69,58,11,11
11602,105,95,10,10
11603,114,95,19,19
11604,77,70,7,7
11605,70,52,18,18
11606,80,72,8,8
11607,137,129,8,8
11608,105,92,13,13
11609,83,81,2,2
11610,95,84,11,11
11611,70,70,0,0
11612,183,164,19,19
11613,50,51,-1,1
11614,164,146,18,18
11615,125,106,19,19
11616,90,79,11,11
11617,108,96,12,12
11618,150,136,14,14
11619,90,71,19,19
11620,73,66,7,7
11621,86,85,1,1
11622,91,90,1,1
11623,108,96,12,12
11624,120,101,19,19
11625,127,99,28,28
11626,65,53,12,12
11627,121,86,35,35
11628,80,67,13,13
11629,89,65,24,24
11630,81,68,13,13
11631,96,68,28,28
11632,119,103,16,16
11633,118,110,8,8
11634,128,118,10,10
11635,56,64,-8,8
11636,56,55,1,1
11637,86,76,10,10
11638,79,70,9,9
11639,116,95,21,21
11640,69,64,5,5
11641,111,84,27,27
11642,81,85,-4,4
11643,56,50,6,6
11644,119,111,8,8
11645,82,65,17,17
11646,81,68,13,13
11647,136,109,27,27
11648,127,118,9,9
11649,108,105,3,3
11650,129,116,13,13
11651,74,87,-13,13
11652,63,68,-5,5
11653,168,141,27,27
11654,100,94,6,6
11655,66,61,5,5
11656,70,74,-4,4
11657,101,89,12,12
11658,112,91,21,21
11659,102,81,21,21
11660,124,104,20,20
11661,82,75,7,7
11662,94,86,8,8
11663,70,71,-1,1
11664,72,70,2,2
11665,67,60,7,7
11666,117,116,1,1
11667,47,39,8,8
11668,110,86,24,24
11669,93,80,13,13
11670,64,53,11,11
11671,134,123,11,11
11672,66,60,6,6
11673,69,58,11,11
11674,99,93,6,6
11675,137,119,18,18
11676,58,55,3,3
11677,85,69,16,16
11678,94,76,18,18
11679,104,93,11,11
11680,108,95,13,13
11681,89,75,14,14
11682,176,149,27,27
11683,88,80,8,8
11684,46,42,4,4
11685,94,86,8,8
11686,162,145,17,17
11687,92,82,10,10
11688,96,86,10,10
11689,124,116,8,8
11690,74,74,0,0
11691,68,67,1,1
11692,67,62,5,5
11693,90,86,4,4
11694,87,63,24,24
11695,86,73,13,13
11696,68,64,4,4
11697,90,77,13,13
11698,77,74,3,3
11699,126,95,31,31
11700,126,108,18,18
11701,94,87,7,7
11702,172,151,21,21
11703,63,79,-16,16
11704,101,85,16,16
11705,148,132,16,16
11706,87,86,1,1
11707,127,103,24,24
11708,121,94,27,27
11709,142,129,13,13
11710,73,66,7,7
11711,71,66,5,5
11712,103,116,-13,13
11713,39,35,4,4
11714,99,98,1,1
11715,69,60,9,9
11716,182,156,26,26
11717,138,148,-10,10
11718,142,130,12,12
11719,114,110,4,4
11720,54,50,4,4
11721,93,79,14,14
11722,110,93,17,17
11723,38,37,1,1
11724,133,126,7,7
11725,143,119,24,24
11726,125,115,10,10
11727,69,61,8,8
11728,120,110,10,10
11729,121,115,6,6
11730,71,62,9,9
11731,97,87,10,10
11732,104,86,18,18
11733,97,86,11,11
11734,47,42,5,5
11735,184,157,27,27
11736,110,110,0,0
11737,67,58,9,9
11738,106,94,12,12
11739,66,72,-6,6
11740,118,99,19,19
11741,81,73,8,8
11742,83,75,8,8
11743,64,66,-2,2
11744,70,52,18,18
11745,50,45,5,5
11746,93,77,16,16
11747,157,129,28,28
11748,51,44,7,7
11749,77,67,10,10
11750,87,75,12,12
11751,119,99,20,20
11752,115,99,16,16
11753,85,67,18,18
11754,63,70,-7,7
11755,91,85,6,6
11756,67,57,10,10
11757,64,64,0,0
11758,127,124,3,3
11759,67,60,7,7
11760,71,65,6,6
11761,96,80,16,16
11762,111,100,11,11
11763,62,53,9,9
11764,77,64,13,13
11765,174,162,12,12
11766,138,113,25,25
11767,65,59,6,6
11768,116,95,21,21
11769,47,44,3,3
11770,119,106,13,13
11771,94,77,17,17
11772,122,110,12,12
11773,92,89,3,3
11774,148,115,33,33
11775,67,63,4,4
11776,101,93,8,8
11777,86,78,8,8
11778,53,39,14,14
11779,77,73,4,4
11780,126,105,21,21
11781,74,63,11,11
11782,91,84,7,7
11783,81,76,5,5
11784,43,40,3,3
11785,114,98,16,16
11786,79,69,10,10
11787,96,86,10,10
11788,106,86,20,20
11789,79,77,2,2
11790,120,120,0,0
11791,107,93,14,14
11792,98,88,10,10
11793,47,40,7,7
11794,76,71,5,5
11795,85,72,13,13
11796,67,69,-2,2
11797,79,68,11,11
11798,90,95,-5,5
11799,84,69,15,15
11800,152,129,23,23
11801,152,130,22,22
11802,87,74,13,13
11803,65,57,8,8
11804,83,73,10,10
11805,205,178,27,27
11806,151,135,16,16
11807,114,91,23,23
11808,83,74,9,9
11809,66,66,0,0
11810,66,64,2,2
11811,105,92,13,13
11812,176,152,24,24
11813,166,148,18,18
11814,185,154,31,31
11815,108,96,12,12
11816,95,83,12,12
11817,67,73,-6,6
11818,87,81,6,6
11819,82,78,4,4
11820,121,103,18,18
11821,71,69,2,2
11822,62,61,1,1
11823,113,75,38,38
11824,104,92,12,12
11825,68,64,4,4
11826,93,90,3,3
11827,74,58,16,16
11828,60,55,5,5
11829,80,81,-1,1
11830,70,65,5,5
11831,75,70,5,5
11832,76,63,13,13
11833,75,64,11,11
11834,80,64,16,16
11835,45,46,-1,1
11836,93,92,1,1
11837,99,101,-2,2
11838,77,61,16,16
11839,89,74,15,15
11840,143,138,5,5
11841,83,83,0,0
11842,102,92,10,10
11843,122,111,11,11
11844,118,97,21,21
11845,132,98,34,34
11846,102,97,5,5
11847,75,63,12,12
11848,105,96,9,9
11849,124,106,18,18
11850,75,63,12,12
11851,47,48,-1,1
11852,130,122,8,8
11853,147,128,19,19
11854,134,113,21,21
11855,71,63,8,8
11856,72,63,9,9
11857,42,40,2,2
11858,97,82,15,15
11859,99,98,1,1
11860,147,137,10,10
11861,127,114,13,13
11862,65,56,9,9
11863,73,81,-8,8
11864,54,51,3,3
11865,87,77,10,10
11866,125,120,5,5
11867,120,114,6,6
11868,75,65,10,10
11869,101,94,7,7
11870,139,122,17,17
11871,93,79,14,14
11872,85,78,7,7
11873,162,142,20,20
11874,158,139,19,19
11875,234,187,47,47
11876,76,67,9,9
11877,68,55,13,13
11878,60,52,8,8
11879,115,97,18,18
11880,92,81,11,11
11881,99,68,31,31
11882,95,81,14,14
11883,69,71,-2,2
11884,53,50,3,3
11885,100,87,13,13
11886,157,141,16,16
11887,103,87,16,16
11888,117,106,11,11
11889,100,89,11,11
11890,95,75,20,20
11891,146,122,24,24
11892,97,83,14,14
11893,49,42,7,7
11894,83,78,5,5
11895,89,73,16,16
11896,97,92,5,5
11897,98,91,7,7
11898,99,85,14,14
11899,52,52,0,0
11900,92,86,6,6
11901,128,124,4,4
11902,60,50,10,10
11903,47,42,5,5
11904,106,88,18,18
11905,78,64,14,14
11906,143,133,10,10
11907,90,77,13,13
11908,125,109,16,16
11909,80,77,3,3
11910,114,98,16,16
11911,161,139,22,22
11912,120,105,15,15
11913,41,51,-10,10
11914,38,39,-1,1
11915,105,101,4,4
11916,48,41,7,7
11917,58,52,6,6
11918,112,95,17,17
11919,59,54,5,5
11920,76,70,6,6
11921,118,103,15,15
11922,77,65,12,12
11923,51,49,2,2
11924,76,60,16,16
11925,56,50,6,6
11926,40,40,0,0
11927,69,62,7,7
11928,77,68,9,9
11929,91,83,8,8
11930,149,132,17,17
11931,110,95,15,15
11932,115,111,4,4
11933,117,102,15,15
11934,93,83,10,10
11935,31,30,1,1
11936,111,114,-3,3
11937,79,76,3,3
11938,72,64,8,8
11939,44,43,1,1
11940,89,79,10,10
11941,51,44,7,7
11942,186,172,14,14
11943,144,119,25,25
11944,98,81,17,17
11945,68,62,6,6
11946,82,75,7,7
11947,110,99,11,11
11948,101,73,28,28
11949,73,67,6,6
11950,106,97,9,9
11951,50,42,8,8
11952,128,115,13,13
11953,82,73,9,9
11954,39,53,-14,14
11955,57,54,3,3
11956,100,90,10,10
11957,132,119,13,13
11958,58,54,4,4
11959,65,55,10,10
11960,46,42,4,4
11961,90,80,10,10
11962,132,117,15,15
11963,84,75,9,9
11964,95,83,12,12
11965,152,143,9,9
11966,67,62,5,5
11967,96,95,1,1
11968,78,71,7,7
11969,99,77,22,22
11970,71,71,0,0
11971,116,99,17,17
11972,122,115,7,7
11973,81,72,9,9
11974,42,41,1,1
11975,121,110,11,11
11976,144,133,11,11
11977,190,175,15,15
11978,132,116,16,16
11979,112,90,22,22
11980,106,74,32,32
11981,104,84,20,20
11982,79,69,10,10
11983,81,73,8,8
11984,92,99,-7,7
11985,55,53,2,2
11986,85,72,13,13
11987,72,66,6,6
11988,48,41,7,7
11989,92,92,0,0
11990,44,40,4,4
11991,112,98,14,14
11992,118,103,15,15
11993,74,71,3,3
11994,102,83,19,19
11995,93,93,0,0
11996,113,93,20,20
11997,89,82,7,7
11998,133,118,15,15
11999,45,39,6,6
12000,53,47,6,6
12001,139,126,13,13
12002,61,54,7,7
12003,85,92,-7,7
12004,67,59,8,8
12005,81,70,11,11
12006,33,30,3,3
12007,74,69,5,5
12008,81,71,10,10
12009,81,80,1,1
12010,114,98,16,16
12011,158,149,9,9
12012,59,60,-1,1
12013,60,59,1,1
12014,111,96,15,15
12015,102,89,13,13
12016,89,74,15,15
12017,80,68,12,12
12018,73,69,4,4
12019,53,46,7,7
12020,124,108,16,16
12021,108,95,13,13
12022,101,79,22,22
12023,93,86,7,7
12024,69,63,6,6
12025,111,106,5,5
12026,74,68,6,6
12027,80,68,12,12
12028,101,82,19,19
12029,127,132,-5,5
12030,78,66,12,12
12031,143,135,8,8
12032,114,112,2,2
12033,49,65,-16,16
12034,115,107,8,8
12035,103,82,21,21
12036,84,78,6,6
12037,88,78,10,10
12038,92,78,14,14
12039,108,101,7,7
12040,90,78,12,12
12041,65,64,1,1
12042,60,54,6,6
12043,72,62,10,10
12044,129,130,-1,1
12045,76,68,8,8
12046,109,104,5,5
12047,88,89,-1,1
12048,60,52,8,8
12049,47,33,14,14
12050,100,84,16,16
12051,117,111,6,6
12052,125,102,23,23
12053,113,92,21,21
12054,54,48,6,6
12055,111,100,11,11
12056,156,131,25,25
12057,110,96,14,14
12058,82,86,-4,4
12059,114,95,19,19
12060,68,67,1,1
12061,66,68,-2,2
12062,90,84,6,6
12063,63,56,7,7
12064,100,89,11,11
12065,66,60,6,6
12066,141,127,14,14
12067,79,69,10,10
12068,104,84,20,20
12069,140,119,21,21
12070,72,67,5,5
12071,39,36,3,3
12072,118,99,19,19
12073,97,76,21,21
12074,95,94,1,1
12075,86,79,7,7
12076,90,76,14,14
12077,86,89,-3,3
12078,95,85,10,10
12079,118,96,22,22
12080,94,81,13,13
12081,130,121,9,9
12082,58,51,7,7
12083,121,115,6,6
12084,125,116,9,9
12085,150,141,9,9
12086,102,91,11,11
12087,122,103,19,19
12088,109,95,14,14
12089,74,69,5,5
12090,93,74,19,19
12091,53,50,3,3
12092,117,109,8,8
12093,93,83,10,10
12094,191,182,9,9
12095,142,111,31,31
12096,123,101,22,22
12097,83,77,6,6
12098,127,112,15,15
12099,83,78,5,5
12100,85,72,13,13
12101,83,75,8,8
12102,94,78,16,16
12103,164,144,20,20
12104,72,57,15,15
12105,76,39,37,37
12106,122,98,24,24
12107,59,35,24,24
12108,87,76,11,11
12109,88,43,45,45
12110,61,52,9,9
12111,154,134,20,20
12112,159,135,24,24
12113,163,135,28,28
12114,104,91,13,13
12115,121,116,5,5
12116,116,97,19,19
12117,98,88,10,10
12118,84,77,7,7
12119,42,37,5,5
12120,78,69,9,9
12121,99,102,-3,3
12122,77,81,-4,4
12123,189,160,29,29
12124,66,71,-5,5
12125,144,133,11,11
12126,196,172,24,24
12127,107,92,15,15
12128,68,65,3,3
12129,88,75,13,13
12130,36,35,1,1
12131,107,97,10,10
12132,123,102,21,21
12133,62,55,7,7
12134,207,181,26,26
12135,89,76,13,13
12136,74,67,7,7
12137,87,79,8,8
12138,135,114,21,21
12139,72,61,11,11
12140,183,127,56,56
12141,118,116,2,2
12142,110,78,32,32
12143,111,100,11,11
12144,122,101,21,21
12145,90,84,6,6
12146,121,109,12,12
12147,58,48,10,10
12148,126,108,18,18
12149,105,90,15,15
12150,109,98,11,11
12151,71,64,7,7
12152,148,134,14,14
12153,95,87,8,8
12154,103,91,12,12
12155,90,83,7,7
12156,77,72,5,5
12157,126,104,22,22
12158,141,124,17,17
12159,134,112,22,22
12160,49,41,8,8
12161,99,90,9,9
12162,130,111,19,19
12163,74,61,13,13
12164,64,57,7,7
12165,196,169,27,27
12166,106,100,6,6
12167,100,94,6,6
12168,88,77,11,11
12169,116,102,14,14
12170,107,99,8,8
12171,128,118,10,10
12172,93,79,14,14
12173,150,118,32,32
12174,92,72,20,20
12175,96,79,17,17
12176,115,101,14,14
12177,111,97,14,14
12178,87,83,4,4
12179,69,66,3,3
12180,139,137,2,2
12181,104,92,12,12
12182,115,107,8,8
12183,114,97,17,17
12184,58,50,8,8
12185,77,69,8,8
12186,79,74,5,5
12187,114,104,10,10
12188,111,105,6,6
12189,102,89,13,13
12190,161,144,17,17
12191,197,174,23,23
12192,72,66,6,6
12193,142,126,16,16
12194,49,39,10,10
12195,63,58,5,5
12196,135,123,12,12
12197,192,158,34,34
12198,47,45,2,2
12199,110,99,11,11
12200,71,62,9,9
12201,108,95,13,13
12202,137,128,9,9
12203,128,111,17,17
12204,137,122,15,15
12205,148,132,16,16
12206,82,74,8,8
12207,70,71,-1,1
12208,60,46,14,14
12209,115,98,17,17
12210,76,65,11,11
12211,86,76,10,10
12212,97,86,11,11
12213,122,105,17,17
12214,104,86,18,18
12215,149,144,5,5
12216,73,62,11,11
12217,88,76,12,12
12218,93,78,15,15
12219,94,82,12,12
12220,110,96,14,14
12221,56,58,-2,2
12222,66,63,3,3
12223,73,71,2,2
12224,96,88,8,8
12225,121,104,17,17
12226,122,114,8,8
12227,94,84,10,10
12228,88,87,1,1
12229,130,120,10,10
12230,63,51,12,12
12231,141,115,26,26
12232,54,55,-1,1
12233,73,67,6,6
12234,71,63,8,8
12235,95,79,16,16
12236,121,99,22,22
12237,73,67,6,6
12238,125,114,11,11
12239,67,67,0,0
12240,121,106,15,15
12241,109,97,12,12
12242,64,59,5,5
12243,96,80,16,16
12244,119,122,-3,3
12245,93,88,5,5
12246,75,67,8,8
12247,95,85,10,10
12248,66,64,2,2
12249,99,89,10,10
12250,47,44,3,3
12251,84,89,-5,5
12252,165,190,-25,25
12253,97,83,14,14
12254,73,68,5,5
12255,37,40,-3,3
12256,104,86,18,18
12257,71,64,7,7
12258,65,58,7,7
12259,66,53,13,13
12260,63,55,8,8
12261,96,87,9,9
12262,130,113,17,17
12263,141,122,19,19
12264,86,87,-1,1
12265,108,101,7,7
12266,128,104,24,24
12267,118,102,16,16
12268,83,70,13,13
12269,68,61,7,7
12270,84,76,8,8
12271,105,90,15,15
12272,61,66,-5,5
12273,73,70,3,3
12274,65,59,6,6
12275,131,101,30,30
12276,118,100,18,18
12277,93,85,8,8
12278,76,63,13,13
12279,75,65,10,10
12280,65,61,4,4
12281,70,60,10,10
12282,140,129,11,11
12283,95,79,16,16
12284,145,117,28,28
12285,82,62,20,20
12286,185,151,34,34
12287,71,65,6,6
12288,100,97,3,3
12289,99,81,18,18
12290,64,58,6,6
12291,65,62,3,3
12292,51,43,8,8
12293,79,81,-2,2
12294,50,50,0,0
12295,128,124,4,4
12296,109,93,16,16
12297,106,83,23,23
12298,50,47,3,3
12299,126,107,19,19
12300,105,91,14,14
12301,39,39,0,0
12302,70,63,7,7
12303,134,92,42,42
12304,46,45,1,1
12305,81,75,6,6
12306,115,101,14,14
12307,56,55,1,1
12308,90,80,10,10
12309,107,93,14,14
12310,38,34,4,4
12311,112,99,13,13
12312,86,76,10,10
12313,102,90,12,12
12314,81,77,4,4
12315,133,111,22,22
12316,65,58,7,7
12317,67,71,-4,4
12318,63,61,2,2
12319,105,88,17,17
12320,81,74,7,7
12321,97,93,4,4
12322,96,91,5,5
12323,113,116,-3,3
12324,91,83,8,8
12325,67,71,-4,4
12326,85,73,12,12
12327,102,91,11,11
12328,76,64,12,12
12329,190,183,7,7
12330,63,60,3,3
12331,87,66,21,21
12332,140,122,18,18
12333,113,90,23,23
12334,102,91,11,11
12335,62,48,14,14
12336,57,49,8,8
12337,48,42,6,6
12338,62,52,10,10
12339,94,103,-9,9
12340,95,94,1,1
12341,183,167,16,16
12342,80,72,8,8
12343,164,146,18,18
12344,66,59,7,7
12345,67,72,-5,5
12346,103,93,10,10
12347,69,72,-3,3
12348,118,110,8,8
12349,78,64,14,14
12350,66,57,9,9
12351,94,81,13,13
12352,92,84,8,8
12353,142,125,17,17
12354,55,61,-6,6
12355,101,93,8,8
12356,79,64,15,15
12357,122,119,3,3
12358,123,95,28,28
12359,38,28,10,10
12360,65,69,-4,4
12361,138,110,28,28
12362,76,67,9,9
12363,114,106,8,8
12364,79,75,4,4
12365,114,96,18,18
12366,68,61,7,7
12367,78,69,9,9
12368,93,88,5,5
12369,103,94,9,9
12370,163,126,37,37
12371,101,97,4,4
12372,126,113,13,13
12373,67,56,11,11
12374,78,68,10,10
12375,116,101,15,15
12376,128,116,12,12
12377,91,78,13,13
12378,142,118,24,24
12379,65,60,5,5
12380,145,147,-2,2
12381,61,53,8,8
12382,136,109,27,27
12383,84,69,15,15
12384,98,82,16,16
12385,87,78,9,9
12386,107,99,8,8
12387,115,116,-1,1
12388,106,90,16,16
12389,93,87,6,6
12390,80,64,16,16
12391,130,106,24,24
12392,115,97,18,18
12393,97,100,-3,3
12394,92,83,9,9
12395,88,77,11,11
12396,66,55,11,11
12397,66,56,10,10
12398,87,79,8,8
12399,106,92,14,14
12400,70,69,1,1
12401,180,152,28,28
12402,87,90,-3,3
12403,89,72,17,17
12404,92,90,2,2
12405,125,103,22,22
12406,88,89,-1,1
12407,109,94,15,15
12408,35,35,0,0
12409,67,62,5,5
12410,117,101,16,16
12411,190,162,28,28
12412,114,103,11,11
12413,137,120,17,17
12414,138,143,-5,5
12415,129,122,7,7
12416,106,80,26,26
12417,63,62,1,1
12418,58,53,5,5
12419,57,52,5,5
12420,86,84,2,2
12421,104,89,15,15
12422,97,84,13,13
12423,101,93,8,8
12424,137,116,21,21
12425,64,47,17,17
12426,176,181,-5,5
12427,93,79,14,14
12428,120,103,17,17
12429,108,94,14,14
12430,70,65,5,5
12431,97,81,16,16
12432,83,82,1,1
12433,83,69,14,14
12434,150,150,0,0
12435,64,62,2,2
12436,89,77,12,12
12437,96,86,10,10
12438,114,101,13,13
12439,119,102,17,17
12440,61,48,13,13
12441,96,88,8,8
12442,105,95,10,10
12443,61,48,13,13
12444,141,124,17,17
12445,86,74,12,12
12446,87,74,13,13
12447,90,73,17,17
12448,105,95,10,10
12449,91,74,17,17
12450,111,102,9,9
12451,76,69,7,7
12452,87,77,10,10
12453,91,82,9,9
12454,107,105,2,2
12455,110,96,14,14
12456,124,120,4,4
12457,128,110,18,18
12458,109,96,13,13
12459,71,62,9,9
12460,87,73,14,14
12461,148,132,16,16
12462,107,90,17,17
12463,134,124,10,10
12464,23,25,-2,2
12465,119,124,-5,5
12466,91,71,20,20
12467,25,37,-12,12
12468,61,68,-7,7
12469,101,89,12,12
12470,72,61,11,11
12471,95,88,7,7
12472,47,39,8,8
12473,97,86,11,11
12474,81,74,7,7
12475,59,49,10,10
12476,77,65,12,12
12477,138,113,25,25
12478,120,118,2,2
12479,136,131,5,5
12480,79,73,6,6
12481,63,56,7,7
12482,102,91,11,11
12483,158,134,24,24
12484,73,69,4,4
12485,53,43,10,10
12486,83,78,5,5
12487,155,124,31,31
12488,139,111,28,28
12489,93,75,18,18
12490,128,120,8,8
12491,98,98,0,0
12492,96,82,14,14
12493,153,131,22,22
12494,104,93,11,11
12495,115,93,22,22
12496,72,64,8,8
12497,90,77,13,13
12498,127,125,2,2
12499,112,114,-2,2
12500,64,61,3,3
12501,73,61,12,12
12502,72,69,3,3
12503,73,79,-6,6
12504,56,51,5,5
12505,106,91,15,15
12506,144,121,23,23
12507,47,58,-11,11
12508,147,129,18,18
12509,95,84,11,11
12510,76,73,3,3
12511,128,120,8,8
12512,81,63,18,18
12513,79,72,7,7
12514,86,73,13,13
12515,44,44,0,0
12516,87,81,6,6
12517,102,93,9,9
12518,116,106,10,10
12519,105,93,12,12
12520,113,112,1,1
12521,152,130,22,22
12522,175,157,18,18
12523,70,62,8,8
12524,173,150,23,23
12525,87,70,17,17
12526,102,85,17,17
12527,88,80,8,8
12528,76,67,9,9
12529,110,90,20,20
12530,99,90,9,9
12531,71,63,8,8
12532,75,66,9,9
12533,105,94,11,11
12534,153,142,11,11
12535,100,102,-2,2
12536,90,77,13,13
12537,83,89,-6,6
12538,82,72,10,10
12539,49,46,3,3
12540,69,59,10,10
12541,113,101,12,12
12542,63,55,8,8
12543,58,53,5,5
12544,65,55,10,10
12545,145,129,16,16
12546,50,44,6,6
12547,83,79,4,4
12548,100,86,14,14
12549,76,67,9,9
12550,72,69,3,3
12551,71,77,-6,6
12552,106,91,15,15
12553,127,124,3,3
12554,96,83,13,13
12555,67,59,8,8
12556,140,125,15,15
12557,56,49,7,7
12558,108,94,14,14
12559,94,79,15,15
12560,59,51,8,8
12561,84,77,7,7
12562,96,89,7,7
12563,92,86,6,6
12564,186,168,18,18
12565,62,55,7,7
12566,164,135,29,29
12567,49,44,5,5
12568,62,55,7,7
12569,50,51,-1,1
12570,128,115,13,13
12571,57,55,2,2
12572,69,62,7,7
12573,48,49,-1,1
12574,132,115,17,17
12575,140,131,9,9
12576,107,94,13,13
12577,80,73,7,7
12578,78,69,9,9
12579,140,111,29,29
12580,78,73,5,5
12581,123,101,22,22
12582,87,81,6,6
12583,91,97,-6,6
12584,119,117,2,2
12585,107,92,15,15
12586,52,49,3,3
12587,61,61,0,0
12588,102,86,16,16
12589,79,66,13,13
12590,81,75,6,6
12591,72,63,9,9
12592,74,75,-1,1
12593,73,58,15,15
12594,114,81,33,33
12595,127,113,14,14
12596,92,72,20,20
12597,118,111,7,7
12598,115,170,-55,55
12599,73,64,9,9
12600,93,84,9,9
12601,70,59,11,11
12602,73,64,9,9
12603,107,108,-1,1
12604,96,92,4,4
12605,101,76,25,25
12606,76,80,-4,4
12607,85,69,16,16
12608,111,95,16,16
12609,42,42,0,0
12610,69,61,8,8
12611,97,76,21,21
12612,90,77,13,13
12613,96,82,14,14
12614,114,119,-5,5
12615,121,101,20,20
12616,68,64,4,4
12617,45,40,5,5
12618,73,67,6,6
12619,109,95,14,14
12620,175,158,17,17
12621,90,72,18,18
12622,70,62,8,8
12623,85,79,6,6
12624,62,59,3,3
12625,89,86,3,3
12626,132,115,17,17
12627,155,131,24,24
12628,99,92,7,7
12629,60,50,10,10
12630,110,94,16,16
12631,87,77,10,10
12632,98,96,2,2
12633,80,83,-3,3
12634,127,113,14,14
12635,172,139,33,33
12636,181,157,24,24
12637,130,109,21,21
12638,76,68,8,8
12639,86,76,10,10
12640,105,89,16,16
12641,105,103,2,2
12642,56,57,-1,1
12643,65,62,3,3
12644,42,37,5,5
12645,120,101,19,19
12646,65,57,8,8
12647,76,74,2,2
12648,134,114,20,20
12649,28,62,-34,34
12650,96,84,12,12
12651,92,84,8,8
12652,53,44,9,9
12653,66,54,12,12
12654,79,67,12,12
12655,101,104,-3,3
12656,78,86,-8,8
12657,88,85,3,3
12658,136,119,17,17
12659,142,125,17,17
12660,73,62,11,11
12661,97,82,15,15
12662,80,67,13,13
12663,51,49,2,2
12664,69,70,-1,1
12665,52,42,10,10
12666,57,49,8,8
12667,100,98,2,2
12668,147,131,16,16
12669,129,119,10,10
12670,92,92,0,0
12671,107,84,23,23
12672,99,94,5,5
12673,89,83,6,6
12674,58,51,7,7
12675,103,81,22,22
12676,33,32,1,1
12677,103,82,21,21
12678,88,83,5,5
12679,81,76,5,5
12680,53,50,3,3
12681,70,72,-2,2
12682,32,37,-5,5
12683,88,80,8,8
12684,99,104,-5,5
12685,110,94,16,16
12686,78,70,8,8
12687,99,88,11,11
12688,46,42,4,4
12689,136,110,26,26
12690,75,64,11,11
12691,117,92,25,25
12692,93,74,19,19
12693,132,117,15,15
12694,70,64,6,6
12695,69,64,5,5
12696,49,33,16,16
12697,71,61,10,10
12698,118,103,15,15
12699,97,88,9,9
12700,76,78,-2,2
12701,195,135,60,60
12702,128,111,17,17
12703,66,52,14,14
12704,120,108,12,12
12705,73,68,5,5
12706,62,60,2,2
12707,104,83,21,21
12708,94,84,10,10
12709,94,80,14,14
12710,110,89,21,21
12711,96,82,14,14
12712,107,93,14,14
12713,77,76,1,1
12714,91,90,1,1
12715,63,52,11,11
12716,128,100,28,28
12717,77,68,9,9
12718,67,66,1,1
12719,124,105,19,19
12720,94,81,13,13
12721,64,58,6,6
12722,74,69,5,5
12723,88,79,9,9
12724,70,66,4,4
12725,78,68,10,10
12726,66,67,-1,1
12727,104,97,7,7
12728,134,130,4,4
12729,92,77,15,15
12730,74,63,11,11
12731,93,82,11,11
12732,98,86,12,12
12733,100,80,20,20
12734,87,80,7,7
12735,101,84,17,17
12736,49,47,2,2
12737,121,103,18,18
12738,84,85,-1,1
12739,158,144,14,14
12740,115,94,21,21
12741,125,102,23,23
12742,53,42,11,11
12743,80,77,3,3
12744,68,56,12,12
12745,103,86,17,17
12746,107,96,11,11
12747,77,83,-6,6
12748,100,97,3,3
12749,120,114,6,6
12750,91,81,10,10
12751,77,57,20,20
12752,132,112,20,20
12753,131,115,16,16
12754,43,54,-11,11
12755,45,39,6,6
12756,124,101,23,23
12757,86,71,15,15
12758,107,89,18,18
12759,82,78,4,4
12760,204,172,32,32
12761,107,92,15,15
12762,120,108,12,12
12763,140,126,14,14
12764,153,128,25,25
12765,83,73,10,10
12766,47,36,11,11
12767,91,73,18,18
12768,68,49,19,19
12769,56,49,7,7
12770,77,75,2,2
12771,37,38,-1,1
12772,117,100,17,17
12773,85,73,12,12
12774,101,85,16,16
12775,67,63,4,4
12776,118,120,-2,2
12777,56,56,0,0
12778,68,61,7,7
12779,65,54,11,11
12780,105,93,12,12
12781,102,98,4,4
12782,116,96,20,20
12783,69,60,9,9
12784,79,68,11,11
12785,105,92,13,13
12786,101,72,29,29
12787,106,84,22,22
12788,89,75,14,14
12789,77,71,6,6
12790,116,105,11,11
12791,111,94,17,17
12792,91,71,20,20
12793,74,59,15,15
12794,96,85,11,11
12795,119,112,7,7
12796,124,103,21,21
12797,83,69,14,14
12798,59,56,3,3
12799,87,72,15,15
12800,55,51,4,4
12801,121,109,12,12
12802,94,81,13,13
12803,90,77,13,13
12804,181,158,23,23
12805,93,82,11,11
12806,72,68,4,4
12807,92,82,10,10
12808,153,128,25,25
12809,55,49,6,6
12810,61,60,1,1
12811,99,85,14,14
12812,82,75,7,7
12813,102,86,16,16
12814,148,132,16,16
12815,112,99,13,13
12816,172,158,14,14
12817,133,122,11,11
12818,97,90,7,7
12819,70,67,3,3
12820,70,70,0,0
12821,98,78,20,20
12822,96,96,0,0
12823,69,59,10,10
12824,90,76,14,14
12825,138,120,18,18
12826,132,114,18,18
12827,153,143,10,10
12828,86,64,22,22
12829,108,90,18,18
12830,80,81,-1,1
12831,154,123,31,31
12832,116,109,7,7
12833,103,88,15,15
12834,104,102,2,2
12835,116,101,15,15
12836,107,83,24,24
12837,96,79,17,17
12838,90,83,7,7
12839,50,49,1,1
12840,104,91,13,13
12841,72,57,15,15
12842,106,91,15,15
12843,87,78,9,9
12844,124,110,14,14
12845,27,24,3,3
12846,133,117,16,16
12847,122,99,23,23
12848,124,130,-6,6
12849,89,85,4,4
12850,97,113,-16,16
12851,84,80,4,4
12852,140,131,9,9
12853,136,119,17,17
12854,20,21,-1,1
12855,93,84,9,9
12856,85,78,7,7
12857,74,68,6,6
12858,103,81,22,22
12859,75,67,8,8
12860,46,41,5,5
12861,84,92,-8,8
12862,75,68,7,7
12863,53,48,5,5
12864,52,71,-19,19
12865,87,82,5,5
12866,109,87,22,22
12867,105,85,20,20
12868,67,60,7,7
12869,154,121,33,33
12870,84,78,6,6
12871,128,108,20,20
12872,113,107,6,6
12873,87,71,16,16
12874,101,99,2,2
12875,96,91,5,5
12876,39,38,1,1
12877,133,122,11,11
12878,191,179,12,12
12879,60,54,6,6
12880,125,109,16,16
12881,75,70,5,5
12882,40,39,1,1
12883,103,86,17,17
12884,79,69,10,10
12885,185,169,16,16
12886,124,104,20,20
12887,109,102,7,7
12888,89,89,0,0
12889,67,61,6,6
12890,47,42,5,5
12891,76,62,14,14
12892,122,113,9,9
12893,106,87,19,19
12894,142,116,26,26
12895,96,71,25,25
12896,52,45,7,7
12897,96,85,11,11
12898,117,112,5,5
12899,69,67,2,2
12900,89,74,15,15
12901,72,62,10,10
12902,180,162,18,18
12903,94,78,16,16
12904,53,51,2,2
12905,93,90,3,3
12906,161,130,31,31
12907,137,122,15,15
12908,129,117,12,12
12909,89,71,18,18
12910,102,85,17,17
12911,159,146,13,13
12912,67,61,6,6
12913,67,65,2,2
12914,97,88,9,9
12915,71,64,7,7
12916,153,136,17,17
12917,100,90,10,10
12918,92,88,4,4
12919,79,80,-1,1
12920,79,71,8,8
12921,73,65,8,8
12922,133,122,11,11
12923,51,48,3,3
12924,139,119,20,20
12925,115,109,6,6
12926,89,80,9,9
12927,124,115,9,9
12928,90,79,11,11
12929,128,115,13,13
12930,131,116,15,15
12931,71,62,9,9
12932,113,97,16,16
12933,127,120,7,7
12934,61,59,2,2
12935,113,101,12,12
12936,112,78,34,34
12937,75,66,9,9
12938,125,96,29,29
12939,73,66,7,7
12940,100,101,-1,1
12941,187,162,25,25
12942,101,89,12,12
12943,103,84,19,19
12944,99,96,3,3
12945,65,58,7,7
12946,116,100,16,16
12947,97,103,-6,6
12948,83,77,6,6
12949,90,86,4,4
12950,101,92,9,9
12951,97,92,5,5
12952,107,94,13,13
12953,119,118,1,1
12954,78,66,12,12
12955,79,72,7,7
12956,74,71,3,3
12957,150,130,20,20
12958,83,84,-1,1
12959,131,131,0,0
12960,68,64,4,4
12961,222,170,52,52
12962,88,76,12,12
12963,109,92,17,17
12964,149,140,9,9
12965,82,81,1,1
12966,33,28,5,5
12967,97,95,2,2
12968,88,79,9,9
12969,127,119,8,8
12970,70,64,6,6
12971,86,79,7,7
12972,63,55,8,8
12973,101,89,12,12
12974,85,78,7,7
12975,97,77,20,20
12976,68,64,4,4
12977,79,80,-1,1
12978,182,161,21,21
12979,68,65,3,3
12980,68,61,7,7
12981,81,69,12,12
12982,118,99,19,19
12983,93,84,9,9
12984,117,91,26,26
12985,144,125,19,19
12986,134,109,25,25
12987,69,64,5,5
12988,133,115,18,18
12989,88,82,6,6
12990,63,51,12,12
12991,116,109,7,7
12992,113,111,2,2
12993,103,84,19,19
12994,127,110,17,17
12995,116,108,8,8
12996,114,94,20,20
12997,123,104,19,19
12998,72,60,12,12
12999,107,89,18,18
13000,121,98,23,23
13001,100,79,21,21
13002,87,78,9,9
13003,102,84,18,18
13004,155,147,8,8
13005,72,71,1,1
13006,84,73,11,11
13007,86,85,1,1
13008,115,110,5,5
13009,100,91,9,9
13010,81,65,16,16
13011,51,47,4,4
13012,54,47,7,7
13013,86,75,11,11
13014,92,84,8,8
13015,60,57,3,3
13016,112,101,11,11
13017,92,76,16,16
13018,87,77,10,10
13019,95,86,9,9
13020,80,70,10,10
13021,139,126,13,13
13022,103,85,18,18
13023,120,119,1,1
13024,75,77,-2,2
13025,51,39,12,12
13026,76,69,7,7
13027,67,63,4,4
13028,165,148,17,17
13029,84,78,6,6
13030,83,78,5,5
13031,61,53,8,8
13032,159,138,21,21
13033,64,65,-1,1
13034,140,131,9,9
13035,65,69,-4,4
13036,68,65,3,3
13037,67,55,12,12
13038,87,79,8,8
13039,109,99,10,10
13040,116,105,11,11
13041,94,98,-4,4
13042,135,114,21,21
13043,77,68,9,9
13044,55,46,9,9
13045,61,52,9,9
13046,73,68,5,5
13047,139,109,30,30
13048,106,103,3,3
13049,78,75,3,3
13050,74,57,17,17
13051,99,84,15,15
13052,88,82,6,6
13053,93,74,19,19
13054,69,57,12,12
13055,235,200,35,35
13056,83,76,7,7
13057,101,75,26,26
13058,66,64,2,2
13059,58,48,10,10
13060,119,109,10,10
13061,129,116,13,13
13062,82,74,8,8
13063,168,145,23,23
13064,72,68,4,4
13065,125,108,17,17
13066,82,67,15,15
13067,97,84,13,13
13068,56,55,1,1
13069,123,124,-1,1
13070,79,63,16,16
13071,84,73,11,11
13072,112,97,15,15
13073,80,76,4,4
13074,106,96,10,10
13075,60,56,4,4
13076,72,67,5,5
13077,96,94,2,2
13078,60,46,14,14
13079,117,90,27,27
13080,66,63,3,3
13081,78,72,6,6
13082,55,51,4,4
13083,164,130,34,34
13084,184,161,23,23
13085,78,74,4,4
13086,61,62,-1,1
13087,109,115,-6,6
13088,101,91,10,10
13089,79,70,9,9
13090,51,47,4,4
13091,64,52,12,12
13092,62,59,3,3
13093,144,129,15,15
13094,57,51,6,6
13095,50,44,6,6
13096,81,70,11,11
13097,99,89,10,10
13098,97,89,8,8
13099,129,102,27,27
13100,104,90,14,14
13101,93,90,3,3
13102,84,69,15,15
13103,90,81,9,9
13104,112,107,5,5
13105,69,63,6,6
13106,69,64,5,5
13107,107,81,26,26
13108,145,117,28,28
13109,84,67,17,17
13110,51,47,4,4
13111,100,84,16,16
13112,82,79,3,3
13113,71,74,-3,3
13114,104,87,17,17
13115,67,68,-1,1
13116,89,82,7,7
13117,61,69,-8,8
13118,74,70,4,4
13119,101,96,5,5
13120,67,68,-1,1
13121,72,70,2,2
13122,70,62,8,8
13123,158,149,9,9
13124,94,84,10,10
13125,84,73,11,11
13126,120,110,10,10
13127,152,141,11,11
13128,137,119,18,18
13129,82,83,-1,1
13130,116,103,13,13
13131,112,93,19,19
13132,99,83,16,16
13133,150,143,7,7
13134,66,51,15,15
13135,81,61,20,20
13136,50,47,3,3
13137,133,125,8,8
13138,65,61,4,4
13139,65,56,9,9
13140,80,69,11,11
13141,53,39,14,14
13142,108,89,19,19
13143,80,58,22,22
13144,126,121,5,5
13145,73,68,5,5
13146,58,48,10,10
13147,80,70,10,10
13148,62,55,7,7
13149,64,59,5,5
13150,55,49,6,6
13151,81,73,8,8
13152,97,90,7,7
13153,78,63,15,15
13154,101,87,14,14
13155,72,73,-1,1
13156,112,99,13,13
13157,84,77,7,7
13158,68,65,3,3
13159,102,94,8,8
13160,117,117,0,0
13161,88,74,14,14
13162,127,101,26,26
13163,64,52,12,12
13164,87,81,6,6
13165,80,71,9,9
13166,101,80,21,21
13167,122,102,20,20
13168,67,54,13,13
13169,131,113,18,18
13170,97,76,21,21
13171,135,110,25,25
13172,88,79,9,9
13173,115,117,-2,2
13174,134,108,26,26
13175,116,106,10,10
13176,79,71,8,8
13177,45,42,3,3
13178,100,90,10,10
13179,85,93,-8,8
13180,63,60,3,3
13181,89,79,10,10
13182,76,72,4,4
13183,138,117,21,21
13184,123,112,11,11
13185,74,71,3,3
13186,43,44,-1,1
13187,66,67,-1,1
13188,86,97,-11,11
13189,115,117,-2,2
13190,30,35,-5,5
13191,66,62,4,4
13192,208,161,47,47
13193,90,80,10,10
13194,71,57,14,14
13195,94,75,19,19
13196,171,154,17,17
13197,55,48,7,7
13198,43,38,5,5
13199,67,63,4,4
13200,143,111,32,32
13201,98,86,12,12
13202,100,87,13,13
13203,108,94,14,14
13204,91,71,20,20
13205,131,118,13,13
13206,79,63,16,16
13207,153,145,8,8
13208,37,32,5,5
13209,46,37,9,9
13210,241,203,38,38
13211,89,77,12,12
13212,72,60,12,12
13213,100,86,14,14
13214,83,69,14,14
13215,98,92,6,6
13216,128,113,15,15
13217,162,109,53,53
13218,81,70,11,11
13219,98,88,10,10
13220,70,70,0,0
13221,182,153,29,29
13222,71,63,8,8
13223,173,158,15,15
13224,54,49,5,5
13225,66,62,4,4
13226,85,70,15,15
13227,93,84,9,9
13228,71,101,-30,30
13229,163,147,16,16
13230,86,72,14,14
13231,74,66,8,8
13232,148,136,12,12
13233,112,101,11,11
13234,90,70,20,20
13235,64,51,13,13
13236,78,83,-5,5
13237,115,108,7,7
13238,105,88,17,17
13239,90,80,10,10
13240,117,100,17,17
13241,103,85,18,18
13242,139,147,-8,8
13243,107,102,5,5
13244,118,118,0,0
13245,94,74,20,20
13246,56,47,9,9
13247,97,84,13,13
13248,77,63,14,14
13249,117,82,35,35
13250,125,115,10,10
13251,67,65,2,2
13252,73,64,9,9
13253,152,130,22,22
13254,73,61,12,12
13255,121,106,15,15
13256,166,151,15,15
13257,90,78,12,12
13258,96,94,2,2
13259,149,145,4,4
13260,61,57,4,4
13261,144,123,21,21
13262,121,111,10,10
13263,131,110,21,21
13264,58,43,15,15
13265,51,48,3,3
13266,54,57,-3,3
13267,72,65,7,7
13268,99,91,8,8
13269,124,98,26,26
13270,105,93,12,12
13271,100,87,13,13
13272,153,140,13,13
13273,76,70,6,6
13274,120,99,21,21
13275,94,86,8,8
13276,85,70,15,15
13277,84,77,7,7
13278,53,60,-7,7
13279,106,100,6,6
13280,108,102,6,6
13281,140,119,21,21
13282,113,95,18,18
13283,57,61,-4,4
13284,108,97,11,11
13285,123,101,22,22
13286,108,90,18,18
13287,83,74,9,9
13288,99,74,25,25
13289,78,66,12,12
13290,96,89,7,7
13291,58,50,8,8
13292,82,72,10,10
13293,148,134,14,14
13294,86,84,2,2
13295,81,65,16,16
13296,119,109,10,10
13297,97,93,4,4
13298,118,107,11,11
13299,92,81,11,11
13300,102,101,1,1
13301,72,64,8,8
13302,64,53,11,11
13303,86,77,9,9
13304,57,58,-1,1
13305,102,89,13,13
13306,67,54,13,13
13307,88,77,11,11
13308,139,111,28,28
13309,61,59,2,2
13310,77,67,10,10
13311,158,145,13,13
13312,130,108,22,22
13313,132,124,8,8
13314,187,162,25,25
13315,79,65,14,14
13316,96,95,1,1
13317,76,70,6,6
13318,71,63,8,8
13319,78,75,3,3
13320,209,190,19,19
13321,75,68,7,7
13322,146,120,26,26
13323,100,85,15,15
13324,80,81,-1,1
13325,70,63,7,7
13326,65,60,5,5
13327,95,90,5,5
13328,80,71,9,9
13329,69,61,8,8
13330,132,123,9,9
13331,77,64,13,13
13332,98,81,17,17
13333,94,87,7,7
13334,86,77,9,9
13335,90,76,14,14
13336,75,64,11,11
13337,130,89,41,41
13338,87,85,2,2
13339,141,115,26,26
13340,161,134,27,27
13341,68,69,-1,1
13342,97,81,16,16
13343,125,108,17,17
13344,36,36,0,0
13345,115,100,15,15
13346,68,54,14,14
13347,106,91,15,15
13348,96,98,-2,2
13349,82,72,10,10
13350,73,59,14,14
13351,89,69,20,20
13352,75,64,11,11
13353,85,87,-2,2
13354,134,131,3,3
13355,90,73,17,17
13356,83,76,7,7
13357,129,98,31,31
13358,140,127,13,13
13359,60,62,-2,2
13360,82,67,15,15
13361,153,131,22,22
13362,80,80,0,0
13363,119,109,10,10
13364,108,92,16,16
13365,54,49,5,5
13366,99,93,6,6
13367,130,142,-12,12
13368,100,89,11,11
13369,59,48,11,11
13370,84,83,1,1
13371,117,106,11,11
13372,60,58,2,2
13373,55,47,8,8
13374,96,90,6,6
13375,73,74,-1,1
13376,64,69,-5,5
13377,75,66,9,9
13378,55,46,9,9
13379,90,78,12,12
13380,142,136,6,6
13381,139,125,14,14
13382,118,98,20,20
13383,120,101,19,19
13384,112,103,9,9
13385,43,40,3,3
13386,106,95,11,11
13387,187,162,25,25
13388,117,108,9,9
13389,111,98,13,13
13390,188,171,17,17
13391,156,125,31,31
13392,136,130,6,6
13393,88,82,6,6
13394,29,27,2,2
13395,107,84,23,23
13396,113,86,27,27
13397,93,81,12,12
13398,81,74,7,7
13399,22,22,0,0
13400,69,63,6,6
13401,168,149,19,19
13402,147,126,21,21
13403,105,101,4,4
13404,145,125,20,20
13405,58,56,2,2
13406,60,59,1,1
13407,150,144,6,6
13408,70,59,11,11
13409,69,62,7,7
13410,140,128,12,12
13411,88,72,16,16
13412,120,109,11,11
13413,63,56,7,7
13414,81,83,-2,2
13415,66,53,13,13
13416,91,79,12,12
13417,131,128,3,3
13418,126,95,31,31
13419,138,123,15,15
13420,103,97,6,6
13421,103,90,13,13
13422,50,53,-3,3
13423,64,61,3,3
13424,75,72,3,3
13425,67,58,9,9
13426,97,82,15,15
13427,109,101,8,8
13428,137,121,16,16
13429,71,60,11,11
13430,98,79,19,19
13431,82,89,-7,7
13432,65,62,3,3
13433,117,92,25,25
13434,148,144,4,4
13435,190,152,38,38
13436,84,75,9,9
13437,110,90,20,20
13438,138,123,15,15
13439,74,65,9,9
13440,130,104,26,26
13441,79,69,10,10
13442,92,97,-5,5
13443,137,129,8,8
13444,104,81,23,23
13445,160,125,35,35
13446,90,79,11,11
13447,101,91,10,10
13448,123,118,5,5
13449,73,65,8,8
13450,66,59,7,7
13451,124,110,14,14
13452,173,136,37,37
13453,142,120,22,22
13454,32,35,-3,3
13455,104,91,13,13
13456,65,74,-9,9
13457,60,51,9,9
13458,71,69,2,2
13459,56,47,9,9
13460,122,110,12,12
13461,135,135,0,0
13462,162,149,13,13
13463,96,99,-3,3
13464,126,119,7,7
13465,74,70,4,4
13466,102,96,6,6
13467,80,70,10,10
13468,88,72,16,16
13469,92,72,20,20
13470,107,105,2,2
13471,87,70,17,17
13472,58,51,7,7
13473,80,63,17,17
13474,79,64,15,15
13475,114,109,5,5
13476,78,78,0,0
13477,75,70,5,5
13478,168,156,12,12
13479,114,101,13,13
13480,59,61,-2,2
13481,152,143,9,9
13482,66,61,5,5
13483,98,80,18,18
13484,70,63,7,7
13485,101,80,21,21
13486,130,119,11,11
13487,114,96,18,18
13488,63,58,5,5
13489,181,157,24,24
13490,86,75,11,11
13491,107,111,-4,4
13492,59,50,9,9
13493,74,64,10,10
13494,134,125,9,9
13495,199,154,45,45
13496,58,54,4,4
13497,99,88,11,11
13498,103,97,6,6
13499,183,148,35,35
13500,96,88,8,8
13501,99,93,6,6
13502,113,92,21,21
13503,88,69,19,19
13504,88,83,5,5
13505,128,114,14,14
13506,82,81,1,1
13507,80,69,11,11
13508,53,50,3,3
13509,47,42,5,5
13510,102,80,22,22
13511,97,86,11,11
13512,68,61,7,7
13513,125,103,22,22
13514,110,108,2,2
13515,77,65,12,12
13516,127,107,20,20
13517,87,78,9,9
13518,107,85,22,22
13519,105,99,6,6
13520,153,115,38,38
13521,61,60,1,1
13522,33,70,-37,37
13523,146,130,16,16
13524,100,98,2,2
13525,170,140,30,30
13526,134,112,22,22
13527,78,88,-10,10
13528,73,57,16,16
13529,60,51,9,9
13530,64,55,9,9
13531,99,83,16,16
13532,80,81,-1,1
13533,65,58,7,7
13534,67,53,14,14
13535,141,116,25,25
13536,60,55,5,5
13537,138,133,5,5
13538,154,141,13,13
13539,58,54,4,4
13540,114,114,0,0
13541,132,111,21,21
13542,98,89,9,9
13543,80,77,3,3
13544,105,99,6,6
13545,84,83,1,1
13546,78,73,5,5
13547,154,133,21,21
13548,67,63,4,4
13549,95,94,1,1
13550,125,106,19,19
13551,128,111,17,17
13552,42,35,7,7
13553,204,178,26,26
13554,98,87,11,11
13555,112,100,12,12
13556,132,110,22,22
13557,139,116,23,23
13558,93,78,15,15
13559,146,126,20,20
13560,56,51,5,5
13561,65,55,10,10
13562,124,105,19,19
13563,103,93,10,10
13564,86,73,13,13
13565,60,60,0,0
13566,98,90,8,8
13567,80,111,-31,31
13568,89,90,-1,1
13569,148,118,30,30
13570,40,38,2,2
13571,80,79,1,1
13572,70,70,0,0
13573,82,66,16,16
13574,133,135,-2,2
13575,75,72,3,3
13576,75,63,12,12
13577,120,91,29,29
13578,50,47,3,3
13579,111,114,-3,3
13580,86,77,9,9
13581,115,108,7,7
13582,63,52,11,11
13583,93,85,8,8
13584,104,85,19,19
13585,153,142,11,11
13586,51,44,7,7
13587,128,104,24,24
13588,92,80,12,12
13589,51,50,1,1
13590,84,76,8,8
13591,104,91,13,13
13592,101,83,18,18
13593,83,80,3,3
13594,69,66,3,3
13595,96,84,12,12
13596,83,72,11,11
13597,54,66,-12,12
13598,83,64,19,19
13599,54,45,9,9
13600,61,50,11,11
13601,116,99,17,17
13602,113,92,21,21
13603,76,66,10,10
13604,87,74,13,13
13605,59,52,7,7
13606,141,126,15,15
13607,97,90,7,7
13608,89,75,14,14
13609,131,120,11,11
13610,71,61,10,10
13611,60,49,11,11
13612,39,40,-1,1
13613,68,66,2,2
13614,61,53,8,8
13615,107,93,14,14
13616,95,84,11,11
13617,94,100,-6,6
13618,82,79,3,3
13619,110,101,9,9
13620,113,105,8,8
13621,107,90,17,17
13622,161,131,30,30
13623,180,145,35,35
13624,101,92,9,9
13625,88,79,9,9
13626,87,81,6,6
13627,115,107,8,8
13628,121,106,15,15
13629,139,126,13,13
13630,123,111,12,12
13631,63,55,8,8
13632,122,105,17,17
13633,68,62,6,6
13634,110,92,18,18
13635,57,69,-12,12
13636,82,65,17,17
13637,95,85,10,10
13638,134,123,11,11
13639,98,82,16,16
13640,128,114,14,14
13641,95,86,9,9
13642,104,115,-11,11
13643,175,149,26,26
13644,109,90,19,19
13645,164,134,30,30
13646,118,101,17,17
13647,70,65,5,5
13648,54,56,-2,2
13649,145,133,12,12
13650,68,58,10,10
13651,82,65,17,17
13652,61,52,9,9
13653,92,85,7,7
13654,89,74,15,15
13655,96,82,14,14
13656,122,105,17,17
13657,79,69,10,10
13658,75,66,9,9
13659,108,95,13,13
13660,43,38,5,5
13661,67,62,5,5
13662,75,70,5,5
13663,67,59,8,8
13664,88,83,5,5
13665,55,48,7,7
13666,96,95,1,1
13667,60,54,6,6
13668,125,102,23,23
13669,56,58,-2,2
13670,111,98,13,13
13671,105,108,-3,3
13672,77,88,-11,11
13673,89,83,6,6
13674,79,73,6,6
13675,107,101,6,6
13676,124,107,17,17
13677,119,105,14,14
13678,57,70,-13,13
13679,127,116,11,11
13680,64,64,0,0
13681,96,87,9,9
13682,89,71,18,18
13683,71,64,7,7
13684,76,67,9,9
13685,110,102,8,8
13686,120,119,1,1
13687,98,83,15,15
13688,84,81,3,3
13689,233,203,30,30
13690,75,61,14,14
13691,107,82,25,25
13692,76,69,7,7
13693,84,76,8,8
13694,86,76,10,10
13695,103,84,19,19
13696,106,87,19,19
13697,150,120,30,30
13698,73,63,10,10
13699,130,134,-4,4
13700,132,108,24,24
13701,139,125,14,14
13702,115,102,13,13
13703,155,139,16,16
13704,75,74,1,1
13705,70,61,9,9
13706,127,106,21,21
13707,65,57,8,8
13708,100,97,3,3
13709,170,153,17,17
13710,135,124,11,11
13711,75,69,6,6
13712,164,160,4,4
13713,125,99,26,26
13714,104,98,6,6
13715,53,45,8,8
13716,146,130,16,16
13717,102,79,23,23
13718,70,66,4,4
13719,54,50,4,4
13720,108,100,8,8
13721,97,89,8,8
13722,104,90,14,14
13723,140,127,13,13
13724,94,95,-1,1
13725,62,68,-6,6
13726,105,85,20,20
13727,48,41,7,7
13728,63,61,2,2
13729,64,50,14,14
13730,51,45,6,6
13731,63,54,9,9
13732,121,109,12,12
13733,120,101,19,19
13734,86,77,9,9
13735,91,82,9,9
13736,55,55,0,0
13737,98,90,8,8
13738,69,57,12,12
13739,45,38,7,7
13740,126,127,-1,1
13741,169,152,17,17
13742,95,78,17,17
13743,106,99,7,7
13744,91,75,16,16
13745,126,104,22,22
13746,67,63,4,4
13747,55,52,3,3
13748,74,70,4,4
13749,87,66,21,21
13750,87,77,10,10
13751,83,64,19,19
13752,114,116,-2,2
13753,125,117,8,8
13754,120,106,14,14
13755,86,74,12,12
13756,66,64,2,2
13757,106,92,14,14
13758,62,52,10,10
13759,87,97,-10,10
13760,68,54,14,14
13761,77,69,8,8
13762,106,90,16,16
13763,101,87,14,14
13764,93,74,19,19
13765,63,73,-10,10
13766,53,50,3,3
13767,116,106,10,10
13768,116,107,9,9
13769,92,104,-12,12
13770,80,72,8,8
13771,93,83,10,10
13772,129,109,20,20
13773,97,86,11,11
13774,51,53,-2,2
13775,98,81,17,17
13776,80,94,-14,14
13777,74,67,7,7
13778,157,132,25,25
13779,163,153,10,10
13780,62,56,6,6
13781,107,98,9,9
13782,107,86,21,21
13783,107,91,16,16
13784,83,73,10,10
13785,117,92,25,25
13786,94,90,4,4
13787,65,60,5,5
13788,61,58,3,3
13789,79,74,5,5
13790,137,126,11,11
13791,141,119,22,22
13792,95,87,8,8
13793,101,91,10,10
13794,95,87,8,8
13795,142,118,24,24
13796,107,87,20,20
13797,80,69,11,11
13798,91,84,7,7
13799,71,62,9,9
13800,81,72,9,9
13801,96,80,16,16
13802,151,132,19,19
13803,75,74,1,1
13804,69,65,4,4
13805,70,62,8,8
13806,66,61,5,5
13807,100,92,8,8
13808,107,93,14,14
13809,116,103,13,13
13810,59,56,3,3
13811,90,82,8,8
13812,60,47,13,13
13813,55,48,7,7
13814,66,63,3,3
13815,90,86,4,4
13816,80,78,2,2
13817,151,62,89,89
13818,91,82,9,9
13819,59,59,0,0
13820,73,65,8,8
13821,51,50,1,1
13822,95,87,8,8
13823,92,79,13,13
13824,61,54,7,7
13825,80,69,11,11
13826,107,112,-5,5
13827,79,71,8,8
13828,167,139,28,28
13829,58,55,3,3
13830,104,90,14,14
13831,106,105,1,1
13832,61,47,14,14
13833,111,107,4,4
13834,97,102,-5,5
13835,101,88,13,13
13836,67,63,4,4
13837,56,53,3,3
13838,57,49,8,8
13839,82,57,25,25
13840,95,85,10,10
13841,69,67,2,2
13842,58,55,3,3
13843,105,91,14,14
13844,163,127,36,36
13845,61,58,3,3
13846,90,68,22,22
13847,220,190,30,30
13848,96,73,23,23
13849,44,40,4,4
13850,59,56,3,3
13851,60,55,5,5
13852,64,61,3,3
13853,94,82,12,12
13854,151,132,19,19
13855,75,65,10,10
13856,75,66,9,9
13857,79,64,15,15
13858,70,67,3,3
13859,107,100,7,7
13860,145,125,20,20
13861,70,62,8,8
13862,75,61,14,14
13863,141,124,17,17
13864,66,61,5,5
13865,79,62,17,17
13866,111,91,20,20
13867,112,93,19,19
13868,125,121,4,4
13869,121,115,6,6
13870,108,91,17,17
13871,74,75,-1,1
13872,106,98,8,8
13873,118,107,11,11
13874,162,133,29,29
13875,142,98,44,44
13876,65,60,5,5
13877,59,52,7,7
13878,91,76,15,15
13879,75,66,9,9
13880,125,105,20,20
13881,146,128,18,18
13882,84,71,13,13
13883,95,84,11,11
13884,88,73,15,15
13885,95,80,15,15
13886,54,53,1,1
13887,68,51,17,17
13888,250,231,19,19
13889,64,52,12,12
13890,89,76,13,13
13891,63,58,5,5
13892,47,55,-8,8
13893,113,103,10,10
13894,118,102,16,16
13895,77,67,10,10
13896,175,146,29,29
13897,87,78,9,9
13898,85,77,8,8
13899,107,87,20,20
13900,77,58,19,19
13901,112,110,2,2
13902,67,65,2,2
13903,124,123,1,1
13904,69,59,10,10
13905,170,155,15,15
13906,91,73,18,18
13907,69,62,7,7
13908,69,55,14,14
13909,102,91,11,11
13910,87,88,-1,1
13911,61,55,6,6
13912,140,108,32,32
13913,56,49,7,7
13914,50,46,4,4
13915,71,61,10,10
13916,46,46,0,0
13917,102,92,10,10
13918,72,61,11,11
13919,102,97,5,5
13920,98,88,10,10
13921,114,107,7,7
13922,83,77,6,6
13923,75,70,5,5
13924,92,75,17,17
13925,107,99,8,8
13926,166,143,23,23
13927,72,67,5,5
13928,43,49,-6,6
13929,98,77,21,21
13930,141,122,19,19
13931,112,88,24,24
13932,149,130,19,19
13933,17,30,-13,13
13934,63,64,-1,1
13935,127,114,13,13
13936,128,118,10,10
13937,64,57,7,7
13938,59,54,5,5
13939,45,52,-7,7
13940,104,91,13,13
13941,82,70,12,12
13942,52,41,11,11
13943,96,76,20,20
13944,108,94,14,14
13945,122,109,13,13
13946,105,92,13,13
13947,72,67,5,5
13948,75,64,11,11
13949,111,99,12,12
13950,86,73,13,13
13951,121,108,13,13
13952,86,72,14,14
13953,66,57,9,9
13954,93,84,9,9
13955,128,128,0,0
13956,142,121,21,21
13957,87,65,22,22
13958,84,71,13,13
13959,103,93,10,10
13960,113,95,18,18
13961,136,125,11,11
13962,74,64,10,10
13963,108,111,-3,3
13964,89,81,8,8
13965,84,75,9,9
13966,98,86,12,12
13967,51,51,0,0
13968,53,41,12,12
13969,88,78,10,10
13970,96,79,17,17
13971,105,101,4,4
13972,95,82,13,13
13973,119,74,45,45
13974,79,65,14,14
13975,110,83,27,27
13976,68,56,12,12
13977,98,90,8,8
13978,162,154,8,8
13979,124,114,10,10
13980,54,45,9,9
13981,89,85,4,4
13982,55,46,9,9
13983,147,115,32,32
13984,118,95,23,23
13985,28,30,-2,2
13986,115,104,11,11
13987,87,78,9,9
13988,129,114,15,15
13989,100,84,16,16
13990,119,108,11,11
13991,95,88,7,7
13992,130,115,15,15
13993,57,44,13,13
13994,103,81,22,22
13995,100,86,14,14
13996,95,84,11,11
13997,61,54,7,7
13998,59,54,5,5
13999,126,103,23,23
14000,162,154,8,8
14001,98,94,4,4
14002,134,101,33,33
14003,118,105,13,13
14004,57,54,3,3
14005,84,79,5,5
14006,84,71,13,13
14007,120,118,2,2
14008,163,149,14,14
14009,64,59,5,5
14010,83,68,15,15
14011,69,73,-4,4
14012,135,86,49,49
14013,86,73,13,13
14014,60,45,15,15
14015,77,72,5,5
14016,92,83,9,9
14017,85,71,14,14
14018,161,141,20,20
14019,126,95,31,31
14020,63,56,7,7
14021,93,93,0,0
14022,73,60,13,13
14023,107,96,11,11
14024,74,68,6,6
14025,73,58,15,15
14026,108,83,25,25
14027,182,165,17,17
14028,134,111,23,23
14029,67,63,4,4
14030,91,77,14,14
14031,131,146,-15,15
14032,146,127,19,19
14033,80,68,12,12
14034,139,118,21,21
14035,188,171,17,17
14036,150,133,17,17
14037,74,65,9,9
14038,115,107,8,8
14039,87,72,15,15
14040,83,61,22,22
14041,71,63,8,8
14042,95,84,11,11
14043,110,93,17,17
14044,91,79,12,12
14045,108,95,13,13
14046,51,43,8,8
14047,71,67,4,4
14048,50,43,7,7
14049,66,63,3,3
14050,56,57,-1,1
14051,108,99,9,9
14052,114,100,14,14
14053,86,64,22,22
14054,88,78,10,10
14055,66,52,14,14
14056,111,101,10,10
14057,53,50,3,3
14058,94,83,11,11
14059,74,65,9,9
14060,129,124,5,5
14061,75,73,2,2
14062,198,165,33,33
14063,76,62,14,14
14064,94,83,11,11
14065,70,60,10,10
14066,172,141,31,31
14067,61,54,7,7
14068,80,71,9,9
14069,102,87,15,15
14070,114,103,11,11
14071,70,66,4,4
14072,75,75,0,0
14073,112,96,16,16
14074,44,40,4,4
14075,145,154,-9,9
14076,68,85,-17,17
14077,148,131,17,17
14078,56,51,5,5
14079,81,75,6,6
14080,73,67,6,6
14081,122,114,8,8
14082,75,75,0,0
14083,121,119,2,2
14084,139,133,6,6
14085,63,55,8,8
14086,125,116,9,9
14087,85,69,16,16
14088,112,103,9,9
14089,114,100,14,14
14090,134,115,19,19
14091,98,96,2,2
14092,75,72,3,3
14093,135,105,30,30
14094,96,89,7,7
14095,102,90,12,12
14096,150,141,9,9
14097,186,153,33,33
14098,63,54,9,9
14099,116,98,18,18
14100,83,62,21,21
14101,110,84,26,26
14102,104,89,15,15
14103,71,63,8,8
14104,111,109,2,2
14105,106,100,6,6
14106,147,141,6,6
14107,67,65,2,2
14108,212,181,31,31
14109,83,75,8,8
14110,174,136,38,38
14111,113,113,0,0
14112,68,71,-3,3
14113,159,150,9,9
14114,52,54,-2,2
14115,123,112,11,11
14116,112,101,11,11
14117,69,68,1,1
14118,61,57,4,4
14119,63,59,4,4
14120,70,65,5,5
14121,65,64,1,1
14122,145,136,9,9
14123,121,112,9,9
14124,60,47,13,13
14125,187,157,30,30
14126,24,25,-1,1
14127,136,121,15,15
14128,65,66,-1,1
14129,67,58,9,9
14130,189,171,18,18
14131,83,92,-9,9
14132,76,69,7,7
14133,91,79,12,12
14134,74,77,-3,3
14135,55,56,-1,1
14136,107,91,16,16
14137,160,137,23,23
14138,149,128,21,21
14139,96,83,13,13
14140,88,79,9,9
14141,118,106,12,12
14142,91,80,11,11
14143,92,84,8,8
14144,74,66,8,8
14145,118,110,8,8
14146,81,88,-7,7
14147,95,83,12,12
14148,68,65,3,3
14149,132,110,22,22
14150,49,39,10,10
14151,115,106,9,9
14152,148,134,14,14
14153,109,114,-5,5
14154,104,89,15,15
14155,159,150,9,9
14156,83,66,17,17
14157,47,38,9,9
14158,92,80,12,12
14159,101,93,8,8
14160,57,49,8,8
14161,40,44,-4,4
14162,153,129,24,24
14163,163,126,37,37
14164,66,60,6,6
14165,90,77,13,13
14166,55,42,13,13
14167,52,55,-3,3
14168,96,86,10,10
14169,115,106,9,9
14170,47,37,10,10
14171,77,81,-4,4
14172,76,71,5,5
14173,115,108,7,7
14174,93,87,6,6
14175,120,86,34,34
14176,83,81,2,2
14177,119,105,14,14
14178,40,42,-2,2
14179,47,45,2,2
14180,55,46,9,9
14181,96,87,9,9
14182,88,82,6,6
14183,74,75,-1,1
14184,80,76,4,4
14185,68,58,10,10
14186,144,123,21,21
14187,101,87,14,14
14188,116,104,12,12
14189,63,56,7,7
14190,51,44,7,7
14191,123,117,6,6
14192,145,131,14,14
14193,107,87,20,20
14194,109,99,10,10
14195,115,104,11,11
14196,59,50,9,9
14197,63,62,1,1
14198,190,171,19,19
14199,69,60,9,9
14200,77,68,9,9
14201,78,77,1,1
14202,85,85,0,0
14203,112,85,27,27
14204,82,76,6,6
14205,150,135,15,15
14206,72,69,3,3
14207,105,98,7,7
14208,80,72,8,8
14209,39,38,1,1
14210,102,101,1,1
14211,68,62,6,6
14212,95,85,10,10
14213,24,25,-1,1
14214,50,44,6,6
14215,66,51,15,15
14216,69,66,3,3
14217,120,105,15,15
14218,140,110,30,30
14219,69,66,3,3
14220,187,135,52,52
14221,107,93,14,14
14222,67,58,9,9
14223,126,119,7,7
14224,112,110,2,2
14225,93,94,-1,1
14226,89,86,3,3
14227,93,90,3,3
14228,48,36,12,12
14229,153,134,19,19
14230,67,57,10,10
14231,48,47,1,1
14232,58,60,-2,2
14233,179,154,25,25
14234,91,81,10,10
14235,123,115,8,8
14236,70,67,3,3
14237,32,34,-2,2
14238,96,75,21,21
14239,53,43,10,10
14240,99,91,8,8
14241,133,108,25,25
14242,77,78,-1,1
14243,47,46,1,1
14244,55,49,6,6
14245,85,71,14,14
14246,135,120,15,15
14247,103,87,16,16
14248,62,63,-1,1
14249,73,65,8,8
14250,117,122,-5,5
14251,112,98,14,14
14252,34,26,8,8
14253,46,43,3,3
14254,68,56,12,12
14255,42,36,6,6
14256,88,95,-7,7
14257,88,81,7,7
14258,78,74,4,4
14259,74,71,3,3
14260,145,125,20,20
14261,144,128,16,16
14262,146,136,10,10
14263,50,47,3,3
14264,134,106,28,28
14265,81,66,15,15
14266,81,66,15,15
14267,64,57,7,7
14268,134,119,15,15
14269,177,159,18,18
14270,115,96,19,19
14271,105,99,6,6
14272,142,122,20,20
14273,104,91,13,13
14274,74,74,0,0
14275,177,147,30,30
14276,47,40,7,7
14277,127,122,5,5
14278,186,155,31,31
14279,81,84,-3,3
14280,78,68,10,10
14281,155,128,27,27
14282,170,116,54,54
14283,97,83,14,14
14284,94,83,11,11
14285,77,71,6,6
14286,83,73,10,10
14287,109,99,10,10
14288,92,82,10,10
14289,93,83,10,10
14290,63,80,-17,17
14291,85,77,8,8
14292,92,89,3,3
14293,68,55,13,13
14294,111,106,5,5
14295,181,160,21,21
14296,57,50,7,7
14297,93,91,2,2
14298,68,69,-1,1
14299,95,90,5,5
14300,123,97,26,26
14301,58,56,2,2
14302,159,134,25,25
14303,97,76,21,21
14304,82,75,7,7
14305,70,57,13,13
14306,87,66,21,21
14307,63,56,7,7
14308,138,121,17,17
14309,124,114,10,10
14310,90,78,12,12
14311,72,59,13,13
14312,82,82,0,0
14313,102,108,-6,6
14314,149,119,30,30
14315,127,108,19,19
14316,127,94,33,33
14317,80,68,12,12
14318,79,61,18,18
14319,126,118,8,8
14320,160,147,13,13
14321,88,81,7,7
14322,57,42,15,15
14323,117,105,12,12
14324,88,71,17,17
14325,117,109,8,8
14326,108,96,12,12
14327,122,121,1,1
14328,126,104,22,22
14329,137,122,15,15
14330,119,94,25,25
14331,94,87,7,7
14332,89,62,27,27
14333,65,55,10,10
14334,80,73,7,7
14335,73,67,6,6
14336,137,107,30,30
14337,112,97,15,15
14338,93,88,5,5
14339,121,91,30,30
14340,94,87,7,7
14341,74,69,5,5
14342,126,109,17,17
14343,102,84,18,18
14344,61,53,8,8
14345,107,103,4,4
14346,187,159,28,28
14347,129,113,16,16
14348,96,92,4,4
14349,85,66,19,19
14350,89,83,6,6
14351,65,52,13,13
14352,67,70,-3,3
14353,95,79,16,16
14354,90,74,16,16
14355,70,76,-6,6
14356,51,50,1,1
14357,67,66,1,1
14358,105,84,21,21
14359,72,79,-7,7
14360,73,59,14,14
14361,90,81,9,9
14362,60,50,10,10
14363,125,107,18,18
14364,128,107,21,21
14365,114,99,15,15
14366,80,52,28,28
14367,130,105,25,25
14368,170,172,-2,2
14369,163,141,22,22
14370,121,96,25,25
14371,65,62,3,3
14372,110,100,10,10
14373,86,76,10,10
14374,136,124,12,12
14375,95,85,10,10
14376,82,70,12,12
14377,117,100,17,17
14378,122,111,11,11
14379,61,52,9,9
14380,49,42,7,7
14381,188,154,34,34
14382,61,59,2,2
14383,164,148,16,16
14384,64,62,2,2
14385,100,86,14,14
14386,75,67,8,8
14387,90,77,13,13
14388,83,69,14,14
14389,74,74,0,0
14390,88,77,11,11
14391,110,86,24,24
14392,104,91,13,13
14393,61,58,3,3
14394,80,77,3,3
14395,121,100,21,21
14396,72,67,5,5
14397,80,72,8,8
14398,38,33,5,5
14399,136,107,29,29
14400,85,82,3,3
14401,86,77,9,9
14402,129,113,16,16
14403,58,52,6,6
14404,73,71,2,2
14405,135,127,8,8
14406,106,105,1,1
14407,53,48,5,5
14408,54,56,-2,2
14409,62,67,-5,5
14410,91,88,3,3
14411,61,53,8,8
14412,56,55,1,1
14413,53,48,5,5
14414,67,61,6,6
14415,81,76,5,5
14416,77,75,2,2
14417,92,84,8,8
14418,181,156,25,25
14419,68,64,4,4
14420,73,67,6,6
14421,102,85,17,17
14422,85,78,7,7
14423,78,72,6,6
14424,85,70,15,15
14425,86,82,4,4
14426,61,49,12,12
14427,60,56,4,4
14428,70,73,-3,3
14429,63,60,3,3
14430,141,136,5,5
14431,82,69,13,13
14432,125,101,24,24
14433,25,24,1,1
14434,124,102,22,22
14435,42,41,1,1
14436,123,118,5,5
14437,50,49,1,1
14438,94,89,5,5
14439,175,151,24,24
14440,119,111,8,8
14441,97,89,8,8
14442,112,98,14,14
14443,105,95,10,10
14444,85,70,15,15
14445,117,112,5,5
14446,140,123,17,17
14447,117,97,20,20
14448,45,42,3,3
14449,73,68,5,5
14450,71,74,-3,3
14451,41,37,4,4
14452,134,116,18,18
14453,102,94,8,8
14454,69,64,5,5
14455,98,90,8,8
14456,113,95,18,18
14457,90,81,9,9
14458,67,58,9,9
14459,83,79,4,4
14460,64,57,7,7
14461,192,149,43,43
14462,93,72,21,21
14463,111,102,9,9
14464,122,116,6,6
14465,89,88,1,1
14466,77,87,-10,10
14467,66,61,5,5
14468,57,53,4,4
14469,84,77,7,7
14470,90,83,7,7
14471,103,92,11,11
14472,144,130,14,14
14473,120,101,19,19
14474,105,89,16,16
14475,121,112,9,9
14476,51,88,-37,37
14477,91,73,18,18
14478,73,75,-2,2
14479,60,55,5,5
14480,50,42,8,8
14481,94,93,1,1
14482,107,87,20,20
14483,62,50,12,12
14484,77,68,9,9
14485,109,93,16,16
14486,113,96,17,17
14487,95,83,12,12
14488,153,138,15,15
14489,146,120,26,26
14490,75,66,9,9
14491,97,89,8,8
14492,96,88,8,8
14493,112,118,-6,6
14494,93,93,0,0
14495,88,81,7,7
14496,143,119,24,24
14497,131,118,13,13
14498,92,86,6,6
14499,77,66,11,11
14500,94,83,11,11
14501,60,61,-1,1
14502,70,63,7,7
14503,73,68,5,5
14504,115,99,16,16
14505,111,102,9,9
14506,41,37,4,4
14507,49,42,7,7
14508,141,120,21,21
14509,85,71,14,14
14510,89,78,11,11
14511,84,65,19,19
14512,102,89,13,13
14513,100,93,7,7
14514,72,65,7,7
14515,99,84,15,15
14516,68,57,11,11
14517,63,51,12,12
14518,156,152,4,4
14519,113,99,14,14
14520,109,90,19,19
14521,141,122,19,19
14522,173,158,15,15
14523,95,93,2,2
14524,89,85,4,4
14525,103,89,14,14
14526,71,64,7,7
14527,81,73,8,8
14528,93,83,10,10
14529,138,135,3,3
14530,94,74,20,20
14531,168,134,34,34
14532,56,53,3,3
14533,70,57,13,13
14534,143,110,33,33
14535,115,105,10,10
14536,78,67,11,11
14537,71,59,12,12
14538,61,52,9,9
14539,174,154,20,20
14540,136,125,11,11
14541,137,130,7,7
14542,64,53,11,11
14543,98,85,13,13
14544,61,58,3,3
14545,79,71,8,8
14546,58,52,6,6
14547,88,79,9,9
14548,83,74,9,9
14549,58,58,0,0
14550,113,86,27,27
14551,65,57,8,8
14552,98,91,7,7
14553,98,83,15,15
14554,119,95,24,24
14555,81,74,7,7
14556,107,100,7,7
14557,69,58,11,11
14558,102,96,6,6
14559,64,59,5,5
14560,92,89,3,3
14561,91,73,18,18
14562,76,59,17,17
14563,120,107,13,13
14564,131,116,15,15
14565,73,57,16,16
14566,113,84,29,29
14567,46,41,5,5
14568,31,26,5,5
14569,86,85,1,1
14570,124,119,5,5
14571,69,60,9,9
14572,103,89,14,14
14573,78,74,4,4
14574,85,71,14,14
14575,43,36,7,7
14576,102,91,11,11
14577,64,63,1,1
14578,112,108,4,4
14579,104,91,13,13
14580,116,108,8,8
14581,72,64,8,8
14582,86,84,2,2
14583,45,42,3,3
14584,90,86,4,4
14585,204,173,31,31
14586,38,38,0,0
14587,95,70,25,25
14588,102,100,2,2
14589,193,172,21,21
14590,130,113,17,17
14591,47,41,6,6
14592,132,122,10,10
14593,176,135,41,41
14594,67,64,3,3
14595,100,97,3,3
14596,73,60,13,13
14597,44,42,2,2
14598,65,64,1,1
14599,34,39,-5,5
14600,56,54,2,2
14601,87,80,7,7
14602,87,95,-8,8
14603,44,47,-3,3
14604,115,95,20,20
14605,82,69,13,13
14606,134,129,5,5
14607,161,139,22,22
14608,61,50,11,11
14609,150,135,15,15
14610,106,92,14,14
14611,68,59,9,9
14612,106,86,20,20
14613,96,85,11,11
14614,142,137,5,5
14615,74,60,14,14
14616,47,45,2,2
14617,130,122,8,8
14618,121,111,10,10
14619,104,90,14,14
14620,79,71,8,8
14621,85,69,16,16
14622,92,83,9,9
14623,52,88,-36,36
14624,144,146,-2,2
14625,92,72,20,20
14626,58,48,10,10
14627,116,114,2,2
14628,71,70,1,1
14629,65,51,14,14
14630,86,70,16,16
14631,51,49,2,2
14632,51,50,1,1
14633,169,145,24,24
14634,117,113,4,4
14635,94,84,10,10
14636,77,67,10,10
14637,61,52,9,9
14638,64,55,9,9
14639,38,44,-6,6
14640,54,46,8,8
14641,70,64,6,6
14642,77,73,4,4
14643,127,105,22,22
14644,58,54,4,4
14645,84,75,9,9
14646,89,85,4,4
14647,52,46,6,6
14648,73,65,8,8
14649,64,65,-1,1
14650,53,54,-1,1
14651,112,95,17,17
14652,92,85,7,7
14653,90,69,21,21
14654,72,63,9,9
14655,99,96,3,3
14656,84,70,14,14
14657,90,84,6,6
14658,135,125,10,10
14659,91,76,15,15
14660,81,79,2,2
14661,119,100,19,19
14662,70,65,5,5
14663,62,55,7,7
14664,80,73,7,7
14665,69,58,11,11
14666,107,105,2,2
14667,145,125,20,20
14668,137,120,17,17
14669,94,86,8,8
14670,158,124,34,34
14671,174,157,17,17
14672,100,94,6,6
14673,141,122,19,19
14674,131,117,14,14
14675,168,148,20,20
14676,98,83,15,15
14677,116,117,-1,1
14678,101,85,16,16
14679,89,93,-4,4
14680,119,103,16,16
14681,139,124,15,15
14682,25,22,3,3
14683,106,97,9,9
14684,161,147,14,14
14685,123,108,15,15
14686,87,75,12,12
14687,58,54,4,4
14688,62,56,6,6
14689,89,76,13,13
14690,81,69,12,12
14691,70,55,15,15
14692,78,70,8,8
14693,163,150,13,13
14694,46,58,-12,12
14695,57,49,8,8
14696,108,93,15,15
14697,148,106,42,42
14698,74,70,4,4
14699,54,55,-1,1
14700,64,64,0,0
14701,162,132,30,30
14702,124,105,19,19
14703,75,70,5,5
14704,76,67,9,9
14705,81,81,0,0
14706,56,53,3,3
14707,90,79,11,11
14708,70,69,1,1
14709,66,72,-6,6
14710,75,66,9,9
14711,95,103,-8,8
14712,123,111,12,12
14713,125,105,20,20
14714,44,39,5,5
14715,141,126,15,15
14716,53,49,4,4
14717,97,88,9,9
14718,100,86,14,14
14719,78,88,-10,10
14720,199,172,27,27
14721,124,104,20,20
14722,56,60,-4,4
14723,62,49,13,13
14724,109,92,17,17
14725,149,123,26,26
14726,101,94,7,7
14727,129,111,18,18
14728,138,109,29,29
14729,118,111,7,7
14730,151,129,22,22
14731,58,45,13,13
14732,148,136,12,12
14733,89,82,7,7
14734,93,84,9,9
14735,111,87,24,24
14736,131,117,14,14
14737,106,96,10,10
14738,123,108,15,15
14739,119,127,-8,8
14740,106,96,10,10
14741,121,105,16,16
14742,74,57,17,17
14743,94,88,6,6
14744,83,69,14,14
14745,159,134,25,25
14746,126,103,23,23
14747,71,63,8,8
14748,52,45,7,7
14749,139,128,11,11
14750,98,84,14,14
14751,94,81,13,13
14752,58,48,10,10
14753,126,118,8,8
14754,65,56,9,9
14755,98,77,21,21
14756,170,151,19,19
14757,71,69,2,2
14758,63,65,-2,2
14759,74,69,5,5
14760,119,99,20,20
14761,73,78,-5,5
14762,88,78,10,10
14763,96,88,8,8
14764,125,117,8,8
14765,119,107,12,12
14766,88,77,11,11
14767,98,81,17,17
14768,103,107,-4,4
14769,95,80,15,15
14770,80,74,6,6
14771,88,78,10,10
14772,50,44,6,6
14773,81,68,13,13
14774,72,60,12,12
14775,56,41,15,15
14776,54,48,6,6
14777,70,69,1,1
14778,92,72,20,20
14779,79,71,8,8
14780,64,60,4,4
14781,121,101,20,20
14782,55,48,7,7
14783,110,97,13,13
14784,142,127,15,15
14785,160,139,21,21
14786,61,54,7,7
14787,59,56,3,3
14788,102,97,5,5
14789,95,79,16,16
14790,62,58,4,4
14791,142,127,15,15
14792,91,71,20,20
14793,114,98,16,16
14794,54,48,6,6
14795,93,89,4,4
14796,96,85,11,11
14797,75,66,9,9
14798,95,82,13,13
14799,59,54,5,5
14800,87,66,21,21
14801,121,98,23,23
14802,85,80,5,5
14803,74,66,8,8
14804,94,88,6,6
14805,117,109,8,8
14806,136,122,14,14
14807,51,41,10,10
14808,143,124,19,19
14809,110,98,12,12
14810,112,95,17,17
14811,59,47,12,12
14812,69,55,14,14
14813,92,78,14,14
14814,92,90,2,2
14815,125,105,20,20
14816,93,74,19,19
14817,94,77,17,17
14818,183,152,31,31
14819,158,149,9,9
14820,126,113,13,13
14821,201,165,36,36
14822,96,77,19,19
14823,69,80,-11,11
14824,112,112,0,0
14825,60,57,3,3
14826,81,67,14,14
14827,229,198,31,31
14828,81,68,13,13
14829,49,47,2,2
14830,98,80,18,18
14831,104,87,17,17
14832,117,99,18,18
14833,91,85,6,6
14834,96,80,16,16
14835,82,73,9,9
14836,193,153,40,40
14837,75,69,6,6
14838,101,91,10,10
14839,128,100,28,28
14840,103,92,11,11
14841,84,70,14,14
14842,162,136,26,26
14843,117,104,13,13
14844,104,110,-6,6
14845,85,75,10,10
14846,90,83,7,7
14847,67,62,5,5
14848,91,74,17,17
14849,152,135,17,17
14850,60,50,10,10
14851,107,93,14,14
14852,114,119,-5,5
14853,95,86,9,9
14854,85,77,8,8
14855,72,95,-23,23
14856,66,68,-2,2
14857,81,78,3,3
14858,112,96,16,16
14859,39,36,3,3
14860,125,125,0,0
14861,67,59,8,8
14862,103,85,18,18
14863,44,52,-8,8
14864,52,42,10,10
14865,58,55,3,3
14866,105,97,8,8
14867,55,57,-2,2
14868,107,113,-6,6
14869,102,99,3,3
14870,61,69,-8,8
14871,129,118,11,11
14872,72,63,9,9
14873,144,131,13,13
14874,67,64,3,3
14875,131,111,20,20
14876,59,55,4,4
14877,142,124,18,18
14878,80,72,8,8
14879,95,81,14,14
14880,62,62,0,0
14881,99,91,8,8
14882,69,70,-1,1
14883,36,33,3,3
14884,53,49,4,4
14885,174,139,35,35
14886,120,106,14,14
14887,60,60,0,0
14888,44,35,9,9
14889,104,98,6,6
14890,70,57,13,13
14891,80,69,11,11
14892,72,59,13,13
14893,114,115,-1,1
14894,110,99,11,11
14895,69,57,12,12
14896,108,93,15,15
14897,136,121,15,15
14898,62,59,3,3
14899,170,156,14,14
14900,109,91,18,18
14901,85,78,7,7
14902,93,73,20,20
14903,117,105,12,12
14904,102,74,28,28
14905,123,105,18,18
14906,91,96,-5,5
14907,65,57,8,8
14908,52,49,3,3
14909,139,117,22,22
14910,88,82,6,6
14911,67,72,-5,5
14912,143,130,13,13
14913,153,143,10,10
14914,65,57,8,8
14915,84,76,8,8
14916,101,100,1,1
14917,90,104,-14,14
14918,75,64,11,11
14919,95,82,13,13
14920,197,158,39,39
14921,60,54,6,6
14922,152,139,13,13
14923,69,57,12,12
14924,79,72,7,7
14925,63,53,10,10
14926,114,102,12,12
14927,94,77,17,17
14928,107,90,17,17
14929,94,84,10,10
14930,68,60,8,8
14931,95,83,12,12
14932,123,103,20,20
14933,81,71,10,10
14934,141,115,26,26
14935,78,70,8,8
14936,100,97,3,3
14937,120,106,14,14
14938,36,57,-21,21
14939,81,78,3,3
14940,118,89,29,29
14941,122,112,10,10
14942,80,66,14,14
14943,130,109,21,21
14944,44,39,5,5
14945,170,158,12,12
14946,74,80,-6,6
14947,66,64,2,2
14948,192,169,23,23
14949,84,77,7,7
14950,116,124,-8,8
14951,81,71,10,10
14952,43,36,7,7
14953,69,63,6,6
14954,63,51,12,12
14955,94,84,10,10
14956,84,72,12,12
14957,56,44,12,12
14958,106,100,6,6
14959,152,113,39,39
14960,92,79,13,13
14961,68,59,9,9
14962,87,83,4,4
14963,88,91,-3,3
14964,78,72,6,6
14965,64,67,-3,3
14966,147,129,18,18
14967,57,47,10,10
14968,81,78,3,3
14969,59,56,3,3
14970,70,61,9,9
14971,87,85,2,2
14972,90,72,18,18
14973,87,71,16,16
14974,49,44,5,5
14975,160,126,34,34
14976,131,104,27,27
14977,83,78,5,5
14978,44,39,5,5
14979,44,45,-1,1
14980,52,44,8,8
14981,102,98,4,4
14982,69,63,6,6
14983,99,84,15,15
14984,81,81,0,0
14985,91,87,4,4
14986,87,74,13,13
14987,57,49,8,8
14988,82,81,1,1
14989,56,49,7,7
14990,76,65,11,11
14991,79,70,9,9
14992,78,65,13,13
14993,121,100,21,21
14994,119,88,31,31
14995,68,67,1,1
14996,146,122,24,24
14997,106,81,25,25
14998,132,110,22,22
14999,47,46,1,1
15000,70,61,9,9
15001,114,88,26,26
15002,71,60,11,11
15003,85,86,-1,1
15004,132,112,20,20
15005,33,26,7,7
15006,16,35,-19,19
15007,68,63,5,5
15008,62,56,6,6
15009,84,80,4,4
15010,50,48,2,2
15011,91,85,6,6
15012,116,104,12,12
15013,97,82,15,15
15014,126,116,10,10
15015,102,98,4,4
15016,111,90,21,21
15017,113,97,16,16
15018,149,123,26,26
15019,87,67,20,20
15020,120,99,21,21
15021,124,110,14,14
15022,145,118,27,27
15023,78,69,9,9
15024,158,147,11,11
15025,47,48,-1,1
15026,228,187,41,41
15027,86,83,3,3
15028,97,85,12,12
15029,105,90,15,15
15030,59,56,3,3
15031,134,95,39,39
15032,122,113,9,9
15033,116,120,-4,4
15034,72,67,5,5
15035,95,98,-3,3
15036,48,42,6,6
15037,71,62,9,9
15038,164,154,10,10
15039,80,72,8,8
15040,96,78,18,18
15041,133,111,22,22
15042,121,118,3,3
15043,122,112,10,10
15044,99,79,20,20
15045,96,79,17,17
15046,41,41,0,0
15047,157,121,36,36
15048,104,77,27,27
15049,65,63,2,2
15050,103,98,5,5
15051,118,102,16,16
15052,99,86,13,13
15053,126,102,24,24
15054,106,95,11,11
15055,55,42,13,13
15056,75,65,10,10
15057,69,65,4,4
15058,107,98,9,9
15059,122,107,15,15
15060,63,60,3,3
15061,107,91,16,16
15062,96,103,-7,7
15063,62,63,-1,1
15064,72,62,10,10
15065,152,125,27,27
15066,65,60,5,5
15067,78,66,12,12
15068,115,101,14,14
15069,113,96,17,17
15070,113,87,26,26
15071,105,89,16,16
15072,116,106,10,10
15073,158,139,19,19
15074,57,55,2,2
15075,141,132,9,9
15076,82,69,13,13
15077,106,95,11,11
15078,96,78,18,18
15079,104,90,14,14
15080,98,82,16,16
15081,83,83,0,0
15082,138,118,20,20
15083,148,129,19,19
15084,71,60,11,11
15085,90,91,-1,1
15086,134,111,23,23
15087,129,129,0,0
15088,127,119,8,8
15089,77,70,7,7
15090,69,67,2,2
15091,102,89,13,13
15092,69,65,4,4
15093,65,55,10,10
15094,102,100,2,2
15095,56,63,-7,7
15096,123,102,21,21
15097,73,61,12,12
15098,61,61,0,0
15099,102,107,-5,5
15100,98,89,9,9
15101,80,63,17,17
15102,85,78,7,7
15103,61,54,7,7
15104,127,120,7,7
15105,68,59,9,9
15106,127,122,5,5
15107,71,62,9,9
15108,71,53,18,18
15109,149,130,19,19
15110,91,74,17,17
15111,98,93,5,5
15112,51,48,3,3
15113,90,76,14,14
15114,105,106,-1,1
15115,84,75,9,9
15116,98,81,17,17
15117,188,175,13,13
15118,57,49,8,8
15119,135,101,34,34
15120,107,94,13,13
15121,166,147,19,19
15122,102,84,18,18
15123,162,143,19,19
15124,74,62,12,12
15125,81,75,6,6
15126,58,51,7,7
15127,93,69,24,24
15128,67,55,12,12
15129,136,130,6,6
15130,122,111,11,11
15131,114,108,6,6
15132,66,55,11,11
15133,121,101,20,20
15134,82,80,2,2
15135,110,94,16,16
15136,63,61,2,2
15137,108,95,13,13
15138,77,68,9,9
15139,86,72,14,14
15140,74,62,12,12
15141,101,90,11,11
15142,114,112,2,2
15143,105,89,16,16
15144,106,94,12,12
15145,83,72,11,11
15146,169,149,20,20
15147,71,63,8,8
15148,87,80,7,7
15149,67,60,7,7
15150,86,99,-13,13
15151,244,213,31,31
15152,96,72,24,24
15153,136,119,17,17
15154,64,57,7,7
15155,131,128,3,3
15156,142,135,7,7
15157,63,63,0,0
15158,56,52,4,4
15159,65,54,11,11
15160,116,97,19,19
15161,57,46,11,11
15162,109,104,5,5
15163,114,113,1,1
15164,68,56,12,12
15165,114,101,13,13
15166,64,75,-11,11
15167,112,110,2,2
15168,47,45,2,2
15169,66,55,11,11
15170,81,79,2,2
15171,127,118,9,9
15172,109,96,13,13
15173,72,59,13,13
15174,94,85,9,9
15175,46,44,2,2
15176,113,71,42,42
15177,70,65,5,5
15178,80,76,4,4
15179,64,58,6,6
15180,113,91,22,22
15181,56,54,2,2
15182,112,93,19,19
15183,50,57,-7,7
15184,101,87,14,14
15185,173,155,18,18
15186,57,45,12,12
15187,104,86,18,18
15188,90,74,16,16
15189,76,69,7,7
15190,94,81,13,13
15191,105,109,-4,4
15192,121,110,11,11
15193,126,125,1,1
15194,127,102,25,25
15195,116,104,12,12
15196,88,69,19,19
15197,62,64,-2,2
15198,190,174,16,16
15199,91,90,1,1
15200,68,65,3,3
15201,102,87,15,15
15202,150,108,42,42
15203,85,81,4,4
15204,45,40,5,5
15205,106,98,8,8
15206,64,55,9,9
15207,152,145,7,7
15208,124,117,7,7
15209,77,72,5,5
15210,80,79,1,1
15211,68,53,15,15
15212,131,117,14,14
15213,141,120,21,21
15214,138,108,30,30
15215,139,140,-1,1
15216,54,52,2,2
15217,81,74,7,7
15218,131,117,14,14
15219,105,93,12,12
15220,88,69,19,19
15221,97,88,9,9
15222,132,112,20,20
15223,80,78,2,2
15224,83,73,10,10
15225,56,54,2,2
15226,68,69,-1,1
15227,88,76,12,12
15228,101,94,7,7
15229,123,107,16,16
15230,123,118,5,5
15231,56,63,-7,7
15232,139,128,11,11
15233,102,96,6,6
15234,53,46,7,7
15235,145,130,15,15
15236,94,86,8,8
15237,126,113,13,13
15238,92,73,19,19
15239,82,73,9,9
15240,74,75,-1,1
15241,165,125,40,40
15242,99,95,4,4
15243,139,135,4,4
15244,84,68,16,16
15245,85,73,12,12
15246,63,57,6,6
15247,174,141,33,33
15248,127,95,32,32
15249,93,91,2,2
15250,106,94,12,12
15251,108,124,-16,16
15252,93,83,10,10
15253,98,74,24,24
15254,91,78,13,13
15255,68,55,13,13
15256,98,85,13,13
15257,264,215,49,49
15258,105,83,22,22
15259,71,68,3,3
15260,57,45,12,12
15261,99,87,12,12
15262,87,73,14,14
15263,109,97,12,12
15264,132,119,13,13
15265,66,66,0,0
15266,99,92,7,7
15267,70,60,10,10
15268,111,99,12,12
15269,124,113,11,11
15270,53,53,0,0
15271,113,92,21,21
15272,69,55,14,14
15273,69,70,-1,1
15274,80,71,9,9
15275,87,79,8,8
15276,117,97,20,20
15277,105,86,19,19
15278,64,51,13,13
15279,41,41,0,0
15280,60,52,8,8
15281,93,81,12,12
15282,74,60,14,14
15283,100,84,16,16
15284,75,64,11,11
15285,117,94,23,23
15286,129,119,10,10
15287,145,133,12,12
15288,102,94,8,8
15289,147,131,16,16
15290,55,49,6,6
15291,91,77,14,14
15292,46,48,-2,2
15293,211,160,51,51
15294,125,117,8,8
15295,76,66,10,10
15296,84,75,9,9
15297,104,92,12,12
15298,62,61,1,1
15299,77,70,7,7
15300,100,83,17,17
15301,83,80,3,3
15302,90,82,8,8
15303,181,151,30,30
15304,132,131,1,1
15305,88,77,11,11
15306,85,77,8,8
15307,69,63,6,6
15308,59,48,11,11
15309,42,30,12,12
15310,138,119,19,19
15311,75,60,15,15
15312,116,107,9,9
15313,76,80,-4,4
15314,85,77,8,8
15315,60,55,5,5
15316,101,92,9,9
15317,117,112,5,5
15318,73,72,1,1
15319,65,58,7,7
15320,136,126,10,10
15321,40,39,1,1
15322,61,52,9,9
15323,138,124,14,14
15324,55,54,1,1
15325,87,74,13,13
15326,60,49,11,11
15327,42,35,7,7
15328,184,175,9,9
15329,136,130,6,6
15330,46,44,2,2
15331,157,108,49,49
15332,99,92,7,7
15333,64,52,12,12
15334,95,83,12,12
15335,138,124,14,14
15336,63,58,5,5
15337,72,59,13,13
15338,52,49,3,3
15339,90,70,20,20
15340,78,76,2,2
15341,97,92,5,5
15342,118,103,15,15
15343,89,80,9,9
15344,55,53,2,2
15345,109,95,14,14
15346,64,62,2,2
15347,103,87,16,16
15348,96,88,8,8
15349,101,86,15,15
15350,130,117,13,13
15351,67,72,-5,5
15352,65,55,10,10
15353,80,72,8,8
15354,90,78,12,12
15355,86,73,13,13
15356,62,54,8,8
15357,162,147,15,15
15358,107,102,5,5
15359,42,40,2,2
15360,104,94,10,10
15361,125,113,12,12
15362,93,89,4,4
15363,163,164,-1,1
15364,42,48,-6,6
15365,127,108,19,19
15366,94,94,0,0
15367,88,79,9,9
15368,147,131,16,16
15369,155,141,14,14
15370,107,88,19,19
15371,65,56,9,9
15372,94,98,-4,4
15373,77,76,1,1
15374,128,120,8,8
15375,70,66,4,4
15376,51,53,-2,2
15377,101,96,5,5
15378,108,83,25,25
15379,169,143,26,26
15380,56,52,4,4
15381,114,86,28,28
15382,129,130,-1,1
15383,98,85,13,13
15384,62,45,17,17
15385,52,45,7,7
15386,125,102,23,23
15387,123,105,18,18
15388,107,95,12,12
15389,100,92,8,8
15390,153,155,-2,2
15391,81,76,5,5
15392,82,76,6,6
15393,97,87,10,10
15394,28,30,-2,2
15395,123,115,8,8
15396,66,68,-2,2
15397,91,82,9,9
15398,95,86,9,9
15399,66,64,2,2
15400,105,96,9,9
15401,64,57,7,7
15402,106,93,13,13
15403,136,113,23,23
15404,87,78,9,9
15405,71,58,13,13
15406,116,108,8,8
15407,88,82,6,6
15408,53,49,4,4
15409,126,102,24,24
15410,144,117,27,27
15411,74,67,7,7
15412,63,57,6,6
15413,72,63,9,9
15414,73,56,17,17
15415,76,72,4,4
15416,88,76,12,12
15417,78,69,9,9
15418,103,91,12,12
15419,76,59,17,17
15420,41,77,-36,36
15421,231,192,39,39
15422,134,124,10,10
15423,126,97,29,29
15424,138,120,18,18
15425,103,102,1,1
15426,90,84,6,6
15427,73,61,12,12
15428,63,65,-2,2
15429,81,81,0,0
15430,120,96,24,24
15431,92,86,6,6
15432,100,92,8,8
15433,51,51,0,0
15434,116,105,11,11
15435,97,85,12,12
15436,87,63,24,24
15437,138,114,24,24
15438,52,53,-1,1
15439,36,36,0,0
15440,167,157,10,10
15441,80,79,1,1
15442,117,106,11,11
15443,91,73,18,18
15444,163,142,21,21
15445,112,113,-1,1
15446,75,70,5,5
15447,119,102,17,17
15448,61,60,1,1
15449,71,57,14,14
15450,117,106,11,11
15451,115,119,-4,4
15452,99,95,4,4
15453,125,111,14,14
15454,100,90,10,10
15455,153,126,27,27
15456,146,137,9,9
15457,157,134,23,23
15458,104,97,7,7
15459,130,113,17,17
15460,137,130,7,7
15461,105,101,4,4
15462,101,84,17,17
15463,110,103,7,7
15464,97,81,16,16
15465,87,68,19,19
15466,107,96,11,11
15467,87,78,9,9
15468,90,66,24,24
15469,90,76,14,14
15470,118,108,10,10
15471,57,56,1,1
15472,108,104,4,4
15473,51,50,1,1
15474,56,63,-7,7
15475,53,60,-7,7
15476,55,53,2,2
15477,68,67,1,1
15478,61,57,4,4
15479,142,128,14,14
15480,83,71,12,12
15481,56,53,3,3
15482,60,63,-3,3
15483,59,56,3,3
15484,119,108,11,11
15485,60,61,-1,1
15486,60,56,4,4
15487,106,93,13,13
15488,78,69,9,9
15489,83,69,14,14
15490,63,58,5,5
15491,147,136,11,11
15492,182,155,27,27
15493,129,111,18,18
15494,97,90,7,7
15495,115,100,15,15
15496,105,100,5,5
15497,102,98,4,4
15498,127,123,4,4
15499,157,137,20,20
15500,84,71,13,13
15501,152,129,23,23
15502,74,68,6,6
15503,79,73,6,6
15504,123,116,7,7
15505,135,127,8,8
15506,82,74,8,8
15507,111,102,9,9
15508,62,77,-15,15
15509,59,58,1,1
15510,77,81,-4,4
15511,63,62,1,1
15512,81,74,7,7
15513,56,50,6,6
15514,69,63,6,6
15515,65,62,3,3
15516,82,70,12,12
15517,91,79,12,12
15518,190,148,42,42
15519,185,159,26,26
15520,131,111,20,20
15521,65,55,10,10
15522,158,137,21,21
15523,144,142,2,2
15524,73,74,-1,1
15525,80,73,7,7
15526,152,129,23,23
15527,62,60,2,2
15528,64,59,5,5
15529,65,60,5,5
15530,146,126,20,20
15531,124,107,17,17
15532,108,91,17,17
15533,131,114,17,17
15534,107,103,4,4
15535,104,93,11,11
15536,78,64,14,14
15537,115,109,6,6
15538,159,138,21,21
15539,103,99,4,4
15540,101,95,6,6
15541,63,52,11,11
15542,160,144,16,16
15543,61,58,3,3
15544,60,50,10,10
15545,130,123,7,7
15546,96,84,12,12
15547,84,74,10,10
15548,93,79,14,14
15549,110,103,7,7
15550,66,54,12,12
15551,77,66,11,11
15552,103,93,10,10
15553,78,72,6,6
15554,147,132,15,15
15555,87,83,4,4
15556,84,69,15,15
15557,83,71,12,12
15558,69,58,11,11
15559,180,158,22,22
15560,140,125,15,15
15561,57,54,3,3
15562,120,104,16,16
15563,62,57,5,5
15564,79,69,10,10
15565,127,121,6,6
15566,64,60,4,4
15567,81,65,16,16
15568,100,86,14,14
15569,118,108,10,10
15570,85,67,18,18
15571,77,77,0,0
15572,104,87,17,17
15573,72,63,9,9
15574,101,92,9,9
15575,95,89,6,6
15576,98,85,13,13
15577,62,52,10,10
15578,98,81,17,17
15579,113,116,-3,3
15580,62,55,7,7
15581,52,51,1,1
15582,112,89,23,23
15583,80,72,8,8
15584,106,107,-1,1
15585,63,57,6,6
15586,49,54,-5,5
15587,72,65,7,7
15588,117,98,19,19
15589,116,100,16,16
15590,94,80,14,14
15591,95,86,9,9
15592,83,84,-1,1
15593,119,106,13,13
15594,106,97,9,9
15595,92,75,17,17
15596,70,69,1,1
15597,133,118,15,15
15598,64,55,9,9
15599,169,147,22,22
15600,93,78,15,15
15601,102,96,6,6
15602,87,74,13,13
15603,71,65,6,6
15604,62,59,3,3
15605,59,45,14,14
15606,85,76,9,9
15607,72,65,7,7
15608,50,45,5,5
15609,92,83,9,9
15610,127,110,17,17
15611,57,47,10,10
15612,107,91,16,16
15613,65,53,12,12
15614,82,75,7,7
15615,81,79,2,2
15616,98,89,9,9
15617,82,70,12,12
15618,110,116,-6,6
15619,166,146,20,20
15620,107,94,13,13
15621,50,47,3,3
15622,148,125,23,23
15623,70,63,7,7
15624,100,81,19,19
15625,108,93,15,15
15626,113,102,11,11
15627,53,55,-2,2
15628,126,117,9,9
15629,72,65,7,7
15630,197,167,30,30
15631,47,39,8,8
15632,89,75,14,14
15633,143,118,25,25
15634,119,107,12,12
15635,76,73,3,3
15636,73,72,1,1
15637,68,63,5,5
15638,111,96,15,15
15639,121,95,26,26
15640,92,88,4,4
15641,113,96,17,17
15642,98,86,12,12
15643,152,148,4,4
15644,80,71,9,9
15645,82,73,9,9
15646,128,108,20,20
15647,49,49,0,0
15648,128,116,12,12
15649,63,57,6,6
15650,52,47,5,5
15651,89,79,10,10
15652,68,56,12,12
15653,109,94,15,15
15654,83,77,6,6
15655,97,89,8,8
15656,73,67,6,6
15657,75,63,12,12
15658,127,110,17,17
15659,52,69,-17,17
15660,69,52,17,17
15661,152,134,18,18
15662,87,75,12,12
15663,130,101,29,29
15664,72,74,-2,2
15665,114,107,7,7
15666,75,62,13,13
15667,136,114,22,22
15668,77,64,13,13
15669,88,75,13,13
15670,64,64,0,0
15671,90,70,20,20
15672,174,159,15,15
15673,57,58,-1,1
15674,56,55,1,1
15675,78,69,9,9
15676,81,69,12,12
15677,67,52,15,15
15678,123,106,17,17
15679,146,135,11,11
15680,123,117,6,6
15681,98,93,5,5
15682,61,53,8,8
15683,109,100,9,9
15684,76,72,4,4
15685,121,108,13,13
15686,81,74,7,7
15687,38,46,-8,8
15688,70,68,2,2
15689,83,74,9,9
15690,100,89,11,11
15691,79,80,-1,1
15692,98,91,7,7
15693,79,65,14,14
15694,196,167,29,29
15695,137,125,12,12
15696,67,63,4,4
15697,87,79,8,8
15698,79,69,10,10
15699,84,79,5,5
15700,104,110,-6,6
15701,105,104,1,1
15702,113,93,20,20
15703,54,46,8,8
15704,77,66,11,11
15705,124,110,14,14
15706,103,91,12,12
15707,175,144,31,31
15708,67,56,11,11
15709,86,78,8,8
15710,65,60,5,5
15711,74,65,9,9
15712,85,51,34,34
15713,77,68,9,9
15714,94,84,10,10
15715,163,131,32,32
15716,107,95,12,12
15717,126,112,14,14
15718,97,82,15,15
15719,80,72,8,8
15720,150,141,9,9
15721,67,65,2,2
15722,120,93,27,27
15723,86,84,2,2
15724,80,70,10,10
15725,79,68,11,11
15726,98,87,11,11
15727,100,92,8,8
15728,105,97,8,8
15729,140,142,-2,2
15730,110,91,19,19
15731,101,84,17,17
15732,50,43,7,7
15733,132,114,18,18
15734,160,147,13,13
15735,119,98,21,21
15736,94,80,14,14
15737,83,72,11,11
15738,92,78,14,14
15739,76,63,13,13
15740,103,94,9,9
15741,93,86,7,7
15742,67,58,9,9
15743,104,107,-3,3
15744,123,111,12,12
15745,90,73,17,17
15746,75,71,4,4
15747,120,109,11,11
15748,66,52,14,14
15749,106,98,8,8
15750,120,103,17,17
15751,98,78,20,20
15752,105,98,7,7
15753,97,88,9,9
15754,101,87,14,14
15755,80,72,8,8
15756,87,75,12,12
15757,68,59,9,9
15758,160,135,25,25
15759,77,69,8,8
15760,65,62,3,3
15761,90,82,8,8
15762,34,29,5,5
15763,90,86,4,4
15764,83,70,13,13
15765,47,38,9,9
15766,47,59,-12,12
15767,106,105,1,1
15768,63,59,4,4
15769,96,87,9,9
15770,108,103,5,5
15771,85,70,15,15
15772,157,128,29,29
15773,90,64,26,26
15774,116,105,11,11
15775,132,123,9,9
15776,123,107,16,16
15777,118,105,13,13
15778,45,47,-2,2
15779,60,54,6,6
15780,179,147,32,32
15781,111,102,9,9
15782,118,109,9,9
15783,87,87,0,0
15784,51,55,-4,4
15785,37,41,-4,4
15786,91,79,12,12
15787,69,62,7,7
15788,130,109,21,21
15789,102,100,2,2
15790,93,91,2,2
15791,129,114,15,15
15792,54,46,8,8
15793,70,61,9,9
15794,125,99,26,26
15795,59,53,6,6
15796,46,34,12,12
15797,64,58,6,6
15798,113,91,22,22
15799,110,85,25,25
15800,46,44,2,2
15801,134,131,3,3
15802,71,76,-5,5
15803,143,132,11,11
15804,63,59,4,4
15805,120,113,7,7
15806,86,70,16,16
15807,74,71,3,3
15808,118,111,7,7
15809,61,58,3,3
15810,65,56,9,9
15811,136,109,27,27
15812,85,78,7,7
15813,105,77,28,28
15814,146,126,20,20
15815,98,96,2,2
15816,30,34,-4,4
15817,76,70,6,6
15818,148,135,13,13
15819,126,103,23,23
15820,121,106,15,15
15821,173,110,63,63
15822,68,74,-6,6
15823,100,93,7,7
15824,109,99,10,10
15825,73,69,4,4
15826,97,86,11,11
15827,92,78,14,14
15828,97,84,13,13
15829,88,88,0,0
15830,159,133,26,26
15831,104,90,14,14
15832,65,60,5,5
15833,84,70,14,14
15834,82,74,8,8
15835,100,101,-1,1
15836,105,92,13,13
15837,70,71,-1,1
15838,77,64,13,13
15839,111,99,12,12
15840,96,78,18,18
15841,98,95,3,3
15842,89,82,7,7
15843,62,58,4,4
15844,144,119,25,25
15845,134,114,20,20
15846,96,84,12,12
15847,64,66,-2,2
15848,74,66,8,8
15849,113,95,18,18
15850,125,119,6,6
15851,122,104,18,18
15852,66,68,-2,2
15853,46,41,5,5
15854,115,108,7,7
15855,59,52,7,7
15856,76,67,9,9
15857,97,84,13,13
15858,125,116,9,9
15859,138,91,47,47
15860,24,20,4,4
15861,34,29,5,5
15862,77,70,7,7
15863,112,110,2,2
15864,123,110,13,13
15865,88,79,9,9
15866,130,114,16,16
15867,108,103,5,5
15868,52,44,8,8
15869,112,107,5,5
15870,41,36,5,5
15871,68,67,1,1
15872,111,98,13,13
15873,97,93,4,4
15874,73,67,6,6
15875,75,65,10,10
15876,79,84,-5,5
15877,62,61,1,1
15878,75,79,-4,4
15879,128,111,17,17
15880,113,107,6,6
15881,49,40,9,9
15882,65,53,12,12
15883,64,60,4,4
15884,97,92,5,5
15885,117,97,20,20
15886,62,55,7,7
15887,75,85,-10,10
15888,80,75,5,5
15889,63,63,0,0
15890,50,52,-2,2
15891,112,98,14,14
15892,129,116,13,13
15893,78,67,11,11
15894,102,90,12,12
15895,101,82,19,19
15896,67,65,2,2
15897,49,43,6,6
15898,184,154,30,30
15899,81,73,8,8
15900,70,62,8,8
15901,95,78,17,17
15902,111,94,17,17
15903,141,120,21,21
15904,105,98,7,7
15905,54,43,11,11
15906,78,67,11,11
15907,155,132,23,23
15908,134,115,19,19
15909,88,73,15,15
15910,66,68,-2,2
15911,64,62,2,2
15912,60,63,-3,3
15913,94,81,13,13
15914,103,84,19,19
15915,146,133,13,13
15916,74,76,-2,2
15917,73,62,11,11
15918,62,56,6,6
15919,103,92,11,11
15920,126,111,15,15
15921,96,80,16,16
15922,160,136,24,24
15923,118,105,13,13
15924,128,107,21,21
15925,191,171,20,20
15926,123,103,20,20
15927,107,91,16,16
15928,55,47,8,8
15929,47,37,10,10
15930,55,47,8,8
15931,58,55,3,3
15932,107,101,6,6
15933,76,64,12,12
15934,96,75,21,21
15935,57,49,8,8
15936,110,106,4,4
15937,79,66,13,13
15938,65,60,5,5
15939,123,102,21,21
15940,61,46,15,15
15941,65,63,2,2
15942,113,95,18,18
15943,49,40,9,9
15944,82,80,2,2
15945,98,93,5,5
15946,75,70,5,5
15947,112,109,3,3
15948,113,93,20,20
15949,94,83,11,11
15950,58,46,12,12
15951,64,60,4,4
15952,105,101,4,4
15953,101,92,9,9
15954,68,65,3,3
15955,101,84,17,17
15956,52,44,8,8
15957,70,55,15,15
15958,97,117,-20,20
15959,117,96,21,21
15960,68,62,6,6
15961,127,101,26,26
15962,69,68,1,1
15963,90,87,3,3
15964,40,38,2,2
15965,114,94,20,20
15966,98,89,9,9
15967,66,60,6,6
15968,67,72,-5,5
15969,190,174,16,16
15970,104,92,12,12
15971,74,77,-3,3
15972,69,49,20,20
15973,86,81,5,5
15974,102,83,19,19
15975,122,103,19,19
15976,142,118,24,24
15977,103,83,20,20
15978,164,137,27,27
15979,110,114,-4,4
15980,64,57,7,7
15981,74,64,10,10
15982,61,48,13,13
15983,63,60,3,3
15984,100,81,19,19
15985,107,96,11,11
15986,102,87,15,15
15987,31,34,-3,3
15988,147,123,24,24
15989,60,54,6,6
15990,86,74,12,12
15991,114,115,-1,1
15992,103,104,-1,1
15993,75,68,7,7
15994,95,93,2,2
15995,87,72,15,15
15996,99,81,18,18
15997,114,104,10,10
15998,76,74,2,2
15999,120,112,8,8
16000,90,75,15,15
16001,64,54,10,10
16002,113,101,12,12
16003,66,56,10,10
16004,123,98,25,25
16005,132,109,23,23
16006,124,97,27,27
16007,56,51,5,5
16008,125,125,0,0
16009,101,93,8,8
16010,89,75,14,14
16011,57,59,-2,2
16012,98,81,17,17
16013,101,90,11,11
16014,82,78,4,4
16015,128,124,4,4
16016,56,53,3,3
16017,162,151,11,11
16018,84,82,2,2
16019,79,65,14,14
16020,53,47,6,6
16021,55,53,2,2
16022,62,55,7,7
16023,73,68,5,5
16024,42,38,4,4
16025,127,127,0,0
16026,52,51,1,1
16027,121,115,6,6
16028,75,75,0,0
16029,89,74,15,15
16030,64,58,6,6
16031,36,28,8,8
16032,89,75,14,14
16033,72,61,11,11
16034,148,133,15,15
16035,106,92,14,14
16036,158,152,6,6
16037,131,112,19,19
16038,130,121,9,9
16039,77,64,13,13
16040,136,119,17,17
16041,102,93,9,9
16042,86,78,8,8
16043,89,74,15,15
16044,101,82,19,19
16045,99,89,10,10
16046,100,82,18,18
16047,69,64,5,5
16048,92,71,21,21
16049,69,63,6,6
16050,128,114,14,14
16051,151,128,23,23
16052,39,30,9,9
16053,44,43,1,1
16054,74,75,-1,1
16055,82,67,15,15
16056,140,122,18,18
16057,120,98,22,22
16058,79,59,20,20
16059,89,81,8,8
16060,158,174,-16,16
16061,105,116,-11,11
16062,113,102,11,11
16063,58,46,12,12
16064,95,82,13,13
16065,82,79,3,3
16066,140,122,18,18
16067,66,68,-2,2
16068,94,82,12,12
16069,116,110,6,6
16070,70,70,0,0
16071,90,81,9,9
16072,73,73,0,0
16073,62,92,-30,30
16074,55,50,5,5
16075,87,78,9,9
16076,97,89,8,8
16077,75,65,10,10
16078,113,96,17,17
16079,148,118,30,30
16080,144,152,-8,8
16081,64,53,11,11
16082,117,96,21,21
16083,89,78,11,11
16084,106,92,14,14
16085,130,96,34,34
16086,91,90,1,1
16087,52,46,6,6
16088,54,54,0,0
16089,117,94,23,23
16090,127,126,1,1
16091,104,81,23,23
16092,122,103,19,19
16093,67,52,15,15
16094,73,70,3,3
16095,84,73,11,11
16096,63,54,9,9
16097,199,180,19,19
16098,138,140,-2,2
16099,85,70,15,15
16100,112,103,9,9
16101,100,93,7,7
16102,184,177,7,7
16103,90,78,12,12
16104,55,49,6,6
16105,142,121,21,21
16106,124,111,13,13
16107,83,86,-3,3
16108,79,79,0,0
16109,52,63,-11,11
16110,92,83,9,9
16111,71,66,5,5
16112,47,38,9,9
16113,83,71,12,12
16114,68,60,8,8
16115,65,64,1,1
16116,99,87,12,12
16117,114,108,6,6
16118,98,92,6,6
16119,84,95,-11,11
16120,181,147,34,34
16121,51,41,10,10
16122,95,74,21,21
16123,77,69,8,8
16124,70,69,1,1
16125,103,85,18,18
16126,106,86,20,20
16127,70,68,2,2
16128,92,82,10,10
16129,104,88,16,16
16130,49,51,-2,2
16131,62,65,-3,3
16132,52,47,5,5
16133,88,75,13,13
16134,84,70,14,14
16135,80,77,3,3
16136,55,54,1,1
16137,84,70,14,14
16138,158,122,36,36
16139,76,63,13,13
16140,58,55,3,3
16141,94,76,18,18
16142,44,38,6,6
16143,96,82,14,14
16144,134,120,14,14
16145,124,112,12,12
16146,137,127,10,10
16147,139,119,20,20
16148,40,36,4,4
16149,64,61,3,3
16150,100,89,11,11
16151,90,83,7,7
16152,88,82,6,6
16153,80,71,9,9
16154,67,57,10,10
16155,96,81,15,15
16156,74,58,16,16
16157,80,59,21,21
16158,54,52,2,2
16159,133,119,14,14
16160,71,61,10,10
16161,151,126,25,25
16162,150,138,12,12
16163,107,97,10,10
16164,104,96,8,8
16165,96,83,13,13
16166,164,143,21,21
16167,61,65,-4,4
16168,95,84,11,11
16169,120,107,13,13
16170,107,101,6,6
16171,116,94,22,22
16172,89,76,13,13
16173,42,35,7,7
16174,74,64,10,10
16175,100,96,4,4
16176,66,58,8,8
16177,105,97,8,8
16178,108,88,20,20
16179,144,130,14,14
16180,118,113,5,5
16181,82,69,13,13
16182,164,132,32,32
16183,125,119,6,6
16184,68,60,8,8
16185,102,91,11,11
16186,109,110,-1,1
16187,111,88,23,23
16188,115,94,21,21
16189,58,46,12,12
16190,109,91,18,18
16191,90,81,9,9
16192,99,85,14,14
16193,124,124,0,0
16194,147,105,42,42
16195,67,62,5,5
16196,89,81,8,8
16197,77,63,14,14
16198,106,115,-9,9
16199,78,71,7,7
16200,58,61,-3,3
16201,119,105,14,14
16202,74,72,2,2
16203,80,76,4,4
16204,143,124,19,19
16205,160,131,29,29
16206,117,101,16,16
16207,79,65,14,14
16208,103,96,7,7
16209,88,64,24,24
16210,74,70,4,4
16211,96,90,6,6
16212,94,99,-5,5
16213,66,56,10,10
16214,43,44,-1,1
16215,137,122,15,15
16216,89,76,13,13
16217,95,88,7,7
16218,172,163,9,9
16219,37,36,1,1
16220,75,69,6,6
16221,112,101,11,11
16222,98,91,7,7
16223,137,125,12,12
16224,122,101,21,21
16225,55,44,11,11
16226,65,55,10,10
16227,105,98,7,7
16228,67,63,4,4
16229,115,98,17,17
16230,35,49,-14,14
16231,95,81,14,14
16232,62,50,12,12
16233,60,52,8,8
16234,142,118,24,24
16235,74,77,-3,3
16236,100,83,17,17
16237,179,85,94,94
16238,173,144,29,29
16239,161,149,12,12
16240,76,68,8,8
16241,79,79,0,0
16242,116,87,29,29
16243,58,57,1,1
16244,83,72,11,11
16245,48,48,0,0
16246,74,62,12,12
16247,57,59,-2,2
16248,84,72,12,12
16249,114,95,19,19
16250,72,56,16,16
16251,96,90,6,6
16252,113,130,-17,17
16253,105,87,18,18
16254,149,124,25,25
16255,62,58,4,4
16256,72,58,14,14
16257,77,68,9,9
16258,152,135,17,17
16259,94,79,15,15
16260,115,100,15,15
16261,56,46,10,10
16262,65,59,6,6
16263,111,97,14,14
16264,73,70,3,3
16265,75,61,14,14
16266,90,83,7,7
16267,121,115,6,6
16268,111,96,15,15
16269,179,156,23,23
16270,136,127,9,9
16271,111,101,10,10
16272,35,54,-19,19
16273,90,75,15,15
16274,58,49,9,9
16275,172,145,27,27
16276,77,71,6,6
16277,81,65,16,16
16278,31,30,1,1
16279,87,82,5,5
16280,63,71,-8,8
16281,114,94,20,20
16282,96,87,9,9
16283,83,70,13,13
16284,117,112,5,5
16285,121,95,26,26
16286,89,82,7,7
16287,106,96,10,10
16288,108,92,16,16
16289,121,109,12,12
16290,160,135,25,25
16291,110,97,13,13
16292,87,68,19,19
16293,107,97,10,10
16294,117,109,8,8
16295,74,69,5,5
16296,96,86,10,10
16297,133,116,17,17
16298,81,82,-1,1
16299,81,74,7,7
16300,76,70,6,6
16301,57,57,0,0
16302,131,124,7,7
16303,91,73,18,18
16304,39,38,1,1
16305,119,99,20,20
16306,138,117,21,21
16307,105,99,6,6
16308,77,60,17,17
16309,132,122,10,10
16310,58,58,0,0
16311,42,34,8,8
16312,67,60,7,7
16313,54,45,9,9
16314,74,65,9,9
16315,95,85,10,10
16316,73,57,16,16
16317,75,79,-4,4
16318,58,52,6,6
16319,112,94,18,18
16320,114,92,22,22
16321,118,111,7,7
16322,63,57,6,6
16323,59,63,-4,4
16324,56,50,6,6
16325,66,55,11,11
16326,64,58,6,6
16327,100,80,20,20
16328,97,89,8,8
16329,155,135,20,20
16330,93,73,20,20
16331,123,114,9,9
16332,89,67,22,22
16333,76,72,4,4
16334,178,169,9,9
16335,67,56,11,11
16336,112,95,17,17
16337,105,94,11,11
16338,95,80,15,15
16339,81,78,3,3
16340,67,70,-3,3
16341,79,65,14,14
16342,117,111,6,6
16343,72,72,0,0
16344,103,90,13,13
16345,109,94,15,15
16346,59,55,4,4
16347,101,87,14,14
16348,112,102,10,10
16349,158,134,24,24
16350,119,110,9,9
16351,92,79,13,13
16352,38,37,1,1
16353,66,65,1,1
16354,69,72,-3,3
16355,51,49,2,2
16356,200,153,47,47
16357,93,79,14,14
16358,97,85,12,12
16359,171,127,44,44
16360,65,65,0,0
16361,102,88,14,14
16362,72,64,8,8
16363,55,53,2,2
16364,118,89,29,29
16365,86,75,11,11
16366,135,113,22,22
16367,78,63,15,15
16368,115,108,7,7
16369,140,135,5,5
16370,61,58,3,3
16371,48,48,0,0
16372,78,70,8,8
16373,195,176,19,19
16374,48,52,-4,4
16375,71,56,15,15
16376,126,111,15,15
16377,207,177,30,30
16378,111,89,22,22
16379,75,77,-2,2
16380,106,92,14,14
16381,84,71,13,13
16382,140,128,12,12
16383,77,86,-9,9
16384,88,79,9,9
16385,63,53,10,10
16386,146,124,22,22
16387,43,39,4,4
16388,87,76,11,11
16389,63,52,11,11
16390,92,91,1,1
16391,64,60,4,4
16392,107,85,22,22
16393,114,96,18,18
16394,76,60,16,16
16395,108,111,-3,3
16396,61,52,9,9
16397,157,143,14,14
16398,161,136,25,25
16399,81,71,10,10
16400,42,39,3,3
16401,120,83,37,37
16402,118,94,24,24
16403,99,80,19,19
16404,78,67,11,11
16405,39,35,4,4
16406,62,57,5,5
16407,93,76,17,17
16408,51,48,3,3
16409,63,75,-12,12
16410,131,133,-2,2
16411,117,90,27,27
16412,96,80,16,16
16413,158,140,18,18
16414,88,80,8,8
16415,77,74,3,3
16416,84,76,8,8
16417,123,108,15,15
16418,84,70,14,14
16419,122,112,10,10
16420,88,81,7,7
16421,73,56,17,17
16422,198,174,24,24
16423,87,70,17,17
16424,76,72,4,4
16425,85,79,6,6
16426,86,85,1,1
16427,161,152,9,9
16428,132,100,32,32
16429,65,52,13,13
16430,65,51,14,14
16431,155,132,23,23
16432,94,90,4,4
16433,91,77,14,14
16434,94,97,-3,3
16435,132,115,17,17
16436,74,70,4,4
16437,134,118,16,16
16438,186,170,16,16
16439,117,100,17,17
16440,128,114,14,14
16441,49,45,4,4
16442,52,48,4,4
16443,54,44,10,10
16444,49,51,-2,2
16445,61,61,0,0
16446,87,77,10,10
16447,121,116,5,5
16448,110,98,12,12
16449,29,29,0,0
16450,75,63,12,12
16451,119,113,6,6
16452,100,85,15,15
16453,73,81,-8,8
16454,71,68,3,3
16455,61,67,-6,6
16456,91,96,-5,5
16457,68,75,-7,7
16458,79,70,9,9
16459,141,135,6,6
16460,89,79,10,10
16461,132,119,13,13
16462,110,99,11,11
16463,70,67,3,3
16464,49,44,5,5
16465,99,93,6,6
16466,60,50,10,10
16467,94,86,8,8
16468,89,78,11,11
16469,149,132,17,17
16470,78,64,14,14
16471,133,129,4,4
16472,134,129,5,5
16473,65,62,3,3
16474,117,95,22,22
16475,96,82,14,14
16476,130,104,26,26
16477,138,124,14,14
16478,85,80,5,5
16479,128,113,15,15
16480,84,76,8,8
16481,127,105,22,22
16482,67,65,2,2
16483,149,140,9,9
16484,77,64,13,13
16485,91,82,9,9
16486,137,119,18,18
16487,142,125,17,17
16488,68,62,6,6
16489,129,119,10,10
16490,120,104,16,16
16491,38,34,4,4
16492,109,97,12,12
16493,101,82,19,19
16494,66,88,-22,22
16495,61,57,4,4
16496,107,96,11,11
16497,112,89,23,23
16498,114,114,0,0
16499,96,87,9,9
16500,136,123,13,13
16501,60,55,5,5
16502,108,90,18,18
16503,109,98,11,11
16504,98,85,13,13
16505,53,61,-8,8
16506,68,53,15,15
16507,114,102,12,12
16508,181,173,8,8
16509,121,102,19,19
16510,67,61,6,6
16511,78,61,17,17
16512,74,64,10,10
16513,47,39,8,8
16514,113,111,2,2
16515,41,39,2,2
16516,57,52,5,5
16517,68,55,13,13
16518,88,84,4,4
16519,76,82,-6,6
16520,96,86,10,10
16521,45,43,2,2
16522,119,105,14,14
16523,104,100,4,4
16524,111,97,14,14
16525,62,49,13,13
16526,94,86,8,8
16527,86,72,14,14
16528,78,78,0,0
16529,132,118,14,14
16530,105,92,13,13
16531,141,114,27,27
16532,59,56,3,3
16533,205,156,49,49
16534,91,80,11,11
16535,87,94,-7,7
16536,87,78,9,9
16537,102,77,25,25
16538,94,79,15,15
16539,77,69,8,8
16540,61,53,8,8
16541,152,121,31,31
16542,85,75,10,10
16543,120,103,17,17
16544,83,79,4,4
16545,135,121,14,14
16546,52,46,6,6
16547,79,68,11,11
16548,50,53,-3,3
16549,152,132,20,20
16550,80,65,15,15
16551,83,78,5,5
16552,163,149,14,14
16553,75,75,0,0
16554,72,69,3,3
16555,93,82,11,11
16556,118,101,17,17
16557,84,78,6,6
16558,72,63,9,9
16559,75,70,5,5
16560,79,72,7,7
16561,84,79,5,5
16562,88,79,9,9
16563,99,85,14,14
16564,59,53,6,6
16565,112,100,12,12
16566,128,104,24,24
16567,115,94,21,21
16568,101,105,-4,4
16569,60,53,7,7
16570,80,77,3,3
16571,134,127,7,7
16572,72,62,10,10
16573,160,134,26,26
16574,123,110,13,13
16575,111,94,17,17
16576,61,59,2,2
16577,68,64,4,4
16578,131,127,4,4
16579,135,113,22,22
16580,217,210,7,7
16581,56,45,11,11
16582,86,81,5,5
16583,104,88,16,16
16584,87,86,1,1
16585,76,68,8,8
16586,137,115,22,22
16587,86,77,9,9
16588,53,47,6,6
16589,82,75,7,7
16590,52,41,11,11
16591,85,75,10,10
16592,110,96,14,14
16593,58,49,9,9
16594,103,96,7,7
16595,40,32,8,8
16596,70,57,13,13
16597,50,41,9,9
16598,69,63,6,6
16599,108,101,7,7
16600,82,66,16,16
16601,138,112,26,26
16602,103,94,9,9
16603,119,101,18,18
16604,111,90,21,21
16605,154,136,18,18
16606,131,114,17,17
16607,67,63,4,4
16608,76,65,11,11
16609,104,96,8,8
16610,134,111,23,23
16611,41,43,-2,2
16612,54,45,9,9
16613,116,101,15,15
16614,58,52,6,6
16615,74,74,0,0
16616,101,91,10,10
16617,62,51,11,11
16618,141,127,14,14
16619,93,77,16,16
16620,98,86,12,12
16621,88,89,-1,1
16622,33,32,1,1
16623,115,110,5,5
16624,86,74,12,12
16625,156,132,24,24
16626,66,56,10,10
16627,93,77,16,16
16628,61,52,9,9
16629,128,113,15,15
16630,161,132,29,29
16631,51,47,4,4
16632,59,51,8,8
16633,97,84,13,13
16634,157,132,25,25
16635,91,92,-1,1
16636,67,50,17,17
16637,90,84,6,6
16638,82,72,10,10
16639,104,89,15,15
16640,96,84,12,12
16641,122,113,9,9
16642,86,72,14,14
16643,126,110,16,16
16644,87,72,15,15
16645,77,75,2,2
16646,117,97,20,20
16647,144,122,22,22
16648,86,67,19,19
16649,61,51,10,10
16650,79,90,-11,11
16651,96,79,17,17
16652,89,86,3,3
16653,89,86,3,3
16654,110,96,14,14
16655,87,72,15,15
16656,39,38,1,1
16657,98,84,14,14
16658,151,130,21,21
16659,89,82,7,7
16660,67,58,9,9
16661,71,59,12,12
16662,119,97,22,22
16663,86,76,10,10
16664,147,126,21,21
16665,51,43,8,8
16666,83,85,-2,2
16667,83,73,10,10
16668,54,48,6,6
16669,138,104,34,34
16670,64,60,4,4
16671,80,75,5,5
16672,58,51,7,7
16673,92,79,13,13
16674,56,66,-10,10
16675,114,114,0,0
16676,58,53,5,5
16677,51,48,3,3
16678,111,97,14,14
16679,66,67,-1,1
16680,64,57,7,7
16681,99,96,3,3
16682,73,61,12,12
16683,110,87,23,23
16684,99,98,1,1
16685,92,78,14,14
16686,57,49,8,8
16687,138,123,15,15
16688,156,144,12,12
16689,113,100,13,13
16690,37,35,2,2
16691,119,103,16,16
16692,109,101,8,8
16693,137,124,13,13
16694,187,138,49,49
16695,77,74,3,3
16696,78,64,14,14
16697,89,83,6,6
16698,144,135,9,9
16699,111,101,10,10
16700,46,47,-1,1
16701,119,104,15,15
16702,89,68,21,21
16703,85,70,15,15
16704,155,126,29,29
16705,164,156,8,8
16706,176,155,21,21
16707,61,57,4,4
16708,143,140,3,3
16709,66,48,18,18
16710,138,115,23,23
16711,107,95,12,12
16712,80,69,11,11
16713,95,79,16,16
16714,94,94,0,0
16715,90,78,12,12
16716,65,60,5,5
16717,75,64,11,11
16718,54,49,5,5
16719,84,75,9,9
16720,129,107,22,22
16721,142,114,28,28
16722,96,93,3,3
16723,112,100,12,12
16724,93,73,20,20
16725,57,53,4,4
16726,36,44,-8,8
16727,46,47,-1,1
16728,94,88,6,6
16729,57,50,7,7
16730,106,100,6,6
16731,130,120,10,10
16732,62,56,6,6
16733,89,81,8,8
16734,137,122,15,15
16735,107,104,3,3
16736,58,47,11,11
16737,73,61,12,12
16738,86,78,8,8
16739,103,92,11,11
16740,121,108,13,13
16741,66,54,12,12
16742,87,84,3,3
16743,59,46,13,13
16744,109,99,10,10
16745,79,78,1,1
16746,68,61,7,7
16747,66,61,5,5
16748,72,65,7,7
16749,100,90,10,10
16750,102,92,10,10
16751,55,51,4,4
16752,98,86,12,12
16753,107,96,11,11
16754,77,57,20,20
16755,76,75,1,1
16756,65,55,10,10
16757,134,109,25,25
16758,39,42,-3,3
16759,123,116,7,7
16760,64,55,9,9
16761,105,92,13,13
16762,66,59,7,7
16763,203,181,22,22
16764,144,102,42,42
16765,75,69,6,6
16766,106,90,16,16
16767,104,92,12,12
16768,73,73,0,0
16769,83,63,20,20
16770,81,86,-5,5
16771,83,75,8,8
16772,100,95,5,5
16773,103,88,15,15
16774,76,68,8,8
16775,66,59,7,7
16776,72,64,8,8
16777,87,89,-2,2
16778,81,74,7,7
16779,109,97,12,12
16780,103,83,20,20
16781,112,112,0,0
16782,170,147,23,23
16783,89,78,11,11
16784,73,70,3,3
16785,59,54,5,5
16786,135,121,14,14
16787,61,61,0,0
16788,78,72,6,6
16789,125,105,20,20
16790,64,61,3,3
16791,54,50,4,4
16792,119,104,15,15
16793,92,88,4,4
16794,117,103,14,14
16795,88,70,18,18
16796,99,85,14,14
16797,48,44,4,4
16798,123,112,11,11
16799,113,106,7,7
16800,98,88,10,10
16801,66,55,11,11
16802,82,68,14,14
16803,38,10,28,28
16804,86,82,4,4
16805,135,132,3,3
16806,140,122,18,18
16807,73,65,8,8
16808,95,86,9,9
16809,40,36,4,4
16810,67,79,-12,12
16811,160,142,18,18
16812,121,101,20,20
16813,104,78,26,26
16814,98,86,12,12
16815,125,105,20,20
16816,119,93,26,26
16817,109,101,8,8
16818,73,63,10,10
16819,212,175,37,37
16820,81,70,11,11
16821,104,91,13,13
16822,44,41,3,3
16823,82,61,21,21
16824,181,143,38,38
16825,50,42,8,8
16826,90,91,-1,1
16827,87,74,13,13
16828,76,80,-4,4
16829,211,182,29,29
16830,104,91,13,13
16831,114,99,15,15
16832,143,133,10,10
16833,142,127,15,15
16834,153,153,0,0
16835,60,51,9,9
16836,60,53,7,7
16837,111,84,27,27
16838,143,141,2,2
16839,76,71,5,5
16840,73,63,10,10
16841,76,61,15,15
16842,75,66,9,9
16843,58,55,3,3
16844,57,45,12,12
16845,112,100,12,12
16846,151,127,24,24
16847,51,44,7,7
16848,64,59,5,5
16849,80,73,7,7
16850,89,74,15,15
16851,155,137,18,18
16852,97,84,13,13
16853,82,77,5,5
16854,122,105,17,17
16855,110,102,8,8
16856,91,76,15,15
16857,27,54,-27,27
16858,55,46,9,9
16859,107,91,16,16
16860,61,57,4,4
16861,67,67,0,0
16862,111,105,6,6
16863,95,82,13,13
16864,129,118,11,11
16865,165,167,-2,2
16866,139,123,16,16
16867,97,123,-26,26
16868,88,77,11,11
16869,64,67,-3,3
16870,83,69,14,14
16871,118,101,17,17
16872,81,72,9,9
16873,78,69,9,9
16874,164,151,13,13
16875,60,51,9,9
16876,23,28,-5,5
16877,60,54,6,6
16878,58,59,-1,1
16879,102,93,9,9
16880,100,88,12,12
16881,103,93,10,10
16882,98,81,17,17
16883,136,127,9,9
16884,110,99,11,11
16885,95,82,13,13
16886,113,102,11,11
16887,143,142,1,1
16888,141,128,13,13
16889,117,99,18,18
16890,63,62,1,1
16891,83,67,16,16
16892,52,49,3,3
16893,95,95,0,0
16894,85,83,2,2
16895,75,74,1,1
16896,137,121,16,16
16897,81,71,10,10
16898,55,34,21,21
16899,128,99,29,29
16900,135,105,30,30
16901,107,92,15,15
16902,68,64,4,4
16903,95,88,7,7
16904,131,112,19,19
16905,106,95,11,11
16906,84,89,-5,5
16907,120,110,10,10
16908,69,62,7,7
16909,93,92,1,1
16910,100,90,10,10
16911,152,135,17,17
16912,139,135,4,4
16913,109,97,12,12
16914,122,105,17,17
16915,70,61,9,9
16916,89,74,15,15
16917,81,63,18,18
16918,59,52,7,7
16919,74,69,5,5
16920,121,97,24,24
16921,88,74,14,14
16922,72,83,-11,11
16923,107,94,13,13
16924,47,50,-3,3
16925,105,89,16,16
16926,61,62,-1,1
16927,116,99,17,17
16928,110,93,17,17
16929,63,53,10,10
16930,121,104,17,17
16931,52,45,7,7
16932,92,72,20,20
16933,102,104,-2,2
16934,86,77,9,9
16935,171,172,-1,1
16936,97,90,7,7
16937,105,84,21,21
16938,127,106,21,21
16939,84,82,2,2
16940,99,81,18,18
16941,65,55,10,10
16942,86,67,19,19
16943,107,87,20,20
16944,84,77,7,7
16945,136,113,23,23
16946,82,69,13,13
16947,52,50,2,2
16948,103,105,-2,2
16949,102,90,12,12
16950,126,107,19,19
16951,185,159,26,26
16952,143,125,18,18
16953,48,57,-9,9
16954,142,108,34,34
16955,58,57,1,1
16956,164,151,13,13
16957,95,85,10,10
16958,191,173,18,18
16959,115,105,10,10
16960,58,51,7,7
16961,121,106,15,15
16962,101,85,16,16
16963,79,73,6,6
16964,84,79,5,5
16965,69,61,8,8
16966,153,138,15,15
16967,67,69,-2,2
16968,69,74,-5,5
16969,71,68,3,3
16970,94,88,6,6
16971,110,100,10,10
16972,105,93,12,12
16973,88,84,4,4
16974,93,84,9,9
16975,70,60,10,10
16976,65,64,1,1
16977,62,58,4,4
16978,120,104,16,16
16979,55,42,13,13
16980,73,68,5,5
16981,102,89,13,13
16982,71,64,7,7
16983,111,117,-6,6
16984,156,142,14,14
16985,89,84,5,5
16986,67,60,7,7
16987,71,65,6,6
16988,71,65,6,6
16989,108,87,21,21
16990,72,64,8,8
16991,80,67,13,13
16992,104,80,24,24
16993,111,100,11,11
16994,58,49,9,9
16995,68,57,11,11
16996,92,81,11,11
16997,161,143,18,18
16998,107,86,21,21
16999,66,70,-4,4
17000,76,73,3,3
17001,105,91,14,14
17002,140,116,24,24
17003,77,67,10,10
17004,70,68,2,2
17005,133,116,17,17
17006,50,47,3,3
17007,66,59,7,7
17008,60,64,-4,4
17009,72,66,6,6
17010,123,98,25,25
17011,88,77,11,11
17012,110,96,14,14
17013,94,83,11,11
17014,88,76,12,12
17015,82,67,15,15
17016,107,111,-4,4
17017,69,58,11,11
17018,85,81,4,4
17019,81,74,7,7
17020,57,55,2,2
17021,124,101,23,23
17022,126,118,8,8
17023,59,42,17,17
17024,78,69,9,9
17025,112,104,8,8
17026,87,89,-2,2
17027,101,84,17,17
17028,101,88,13,13
17029,150,135,15,15
17030,135,112,23,23
17031,146,129,17,17
17032,61,55,6,6
17033,103,92,11,11
17034,134,117,17,17
17035,68,61,7,7
17036,84,68,16,16
17037,59,55,4,4
17038,115,99,16,16
17039,98,74,24,24
17040,118,119,-1,1
17041,97,89,8,8
17042,94,92,2,2
17043,143,122,21,21
17044,119,105,14,14
17045,82,81,1,1
17046,86,82,4,4
17047,79,73,6,6
17048,178,170,8,8
17049,151,123,28,28
17050,133,117,16,16
17051,71,69,2,2
17052,56,44,12,12
17053,61,54,7,7
17054,69,67,2,2
17055,95,86,9,9
17056,98,84,14,14
17057,88,83,5,5
17058,86,82,4,4
17059,79,74,5,5
17060,77,66,11,11
17061,88,93,-5,5
17062,110,94,16,16
17063,138,127,11,11
17064,98,95,3,3
17065,99,83,16,16
17066,73,67,6,6
17067,143,129,14,14
17068,44,38,6,6
17069,136,112,24,24
17070,150,129,21,21
17071,125,113,12,12
17072,134,113,21,21
17073,93,89,4,4
17074,107,93,14,14
17075,38,37,1,1
17076,133,134,-1,1
17077,151,138,13,13
17078,104,99,5,5
17079,83,72,11,11
17080,124,98,26,26
17081,161,148,13,13
17082,72,62,10,10
17083,77,75,2,2
17084,111,98,13,13
17085,107,94,13,13
17086,107,99,8,8
17087,98,90,8,8
17088,168,149,19,19
17089,100,84,16,16
17090,70,65,5,5
17091,68,59,9,9
17092,74,59,15,15
17093,129,120,9,9
17094,121,109,12,12
17095,69,57,12,12
17096,121,112,9,9
17097,103,95,8,8
17098,187,162,25,25
17099,61,52,9,9
17100,81,70,11,11
17101,117,117,0,0
17102,46,47,-1,1
17103,77,71,6,6
17104,85,78,7,7
17105,47,45,2,2
17106,81,73,8,8
17107,99,79,20,20
17108,152,144,8,8
17109,58,61,-3,3
17110,45,47,-2,2
17111,87,77,10,10
17112,100,75,25,25
17113,41,37,4,4
17114,184,149,35,35
17115,72,66,6,6
17116,38,36,2,2
17117,79,89,-10,10
17118,98,78,20,20
17119,71,65,6,6
17120,62,58,4,4
17121,90,73,17,17
17122,97,75,22,22
17123,52,45,7,7
17124,74,61,13,13
17125,154,135,19,19
17126,99,85,14,14
17127,44,34,10,10
17128,85,72,13,13
17129,128,114,14,14
17130,128,101,27,27
17131,78,83,-5,5
17132,62,56,6,6
17133,112,113,-1,1
17134,63,60,3,3
17135,88,76,12,12
17136,51,42,9,9
17137,129,114,15,15
17138,65,58,7,7
17139,56,50,6,6
17140,102,88,14,14
17141,87,73,14,14
17142,129,113,16,16
17143,61,57,4,4
17144,79,72,7,7
17145,57,60,-3,3
17146,171,139,32,32
17147,90,79,11,11
17148,96,81,15,15
17149,91,80,11,11
17150,47,47,0,0
17151,87,90,-3,3
17152,86,88,-2,2
17153,133,123,10,10
17154,133,119,14,14
17155,89,86,3,3
17156,64,50,14,14
17157,54,50,4,4
17158,99,102,-3,3
17159,91,82,9,9
17160,76,73,3,3
17161,75,65,10,10
17162,72,59,13,13
17163,107,102,5,5
17164,39,35,4,4
17165,99,84,15,15
17166,121,103,18,18
17167,89,78,11,11
17168,132,121,11,11
17169,108,105,3,3
17170,84,67,17,17
17171,104,91,13,13
17172,68,61,7,7
17173,55,51,4,4
17174,74,60,14,14
17175,85,80,5,5
17176,63,56,7,7
17177,77,72,5,5
17178,103,92,11,11
17179,66,60,6,6
17180,77,61,16,16
17181,112,92,20,20
17182,127,127,0,0
17183,100,93,7,7
17184,59,60,-1,1
17185,111,91,20,20
17186,29,31,-2,2
17187,77,67,10,10
17188,98,91,7,7
17189,108,97,11,11
17190,196,173,23,23
17191,79,70,9,9
17192,150,137,13,13
17193,99,84,15,15
17194,73,62,11,11
17195,75,67,8,8
17196,62,65,-3,3
17197,77,70,7,7
17198,100,79,21,21
17199,139,125,14,14
17200,80,72,8,8
17201,151,111,40,40
17202,125,112,13,13
17203,70,69,1,1
17204,141,121,20,20
17205,76,76,0,0
17206,74,75,-1,1
17207,108,89,19,19
17208,146,113,33,33
17209,65,54,11,11
17210,92,91,1,1
17211,98,85,13,13
17212,112,108,4,4
17213,155,125,30,30
17214,109,96,13,13
17215,127,112,15,15
17216,40,44,-4,4
17217,106,108,-2,2
17218,106,106,0,0
17219,68,57,11,11
17220,73,69,4,4
17221,69,61,8,8
17222,93,84,9,9
17223,95,85,10,10
17224,99,86,13,13
17225,108,94,14,14
17226,77,65,12,12
17227,76,69,7,7
17228,102,95,7,7
17229,117,102,15,15
17230,88,76,12,12
17231,82,73,9,9
17232,99,84,15,15
17233,147,121,26,26
17234,66,57,9,9
17235,79,63,16,16
17236,62,65,-3,3
17237,175,153,22,22
17238,101,90,11,11
17239,64,59,5,5
17240,74,64,10,10
17241,72,79,-7,7
17242,64,61,3,3
17243,73,64,9,9
17244,48,52,-4,4
17245,186,162,24,24
17246,100,110,-10,10
17247,120,103,17,17
17248,53,57,-4,4
17249,120,97,23,23
17250,98,94,4,4
17251,34,37,-3,3
17252,97,78,19,19
17253,118,100,18,18
17254,128,103,25,25
17255,90,75,15,15
17256,63,60,3,3
17257,160,129,31,31
17258,177,136,41,41
17259,185,165,20,20
17260,104,95,9,9
17261,68,59,9,9
17262,119,111,8,8
17263,110,91,19,19
17264,67,55,12,12
17265,56,53,3,3
17266,160,136,24,24
17267,103,106,-3,3
17268,68,58,10,10
17269,112,105,7,7
17270,75,66,9,9
17271,101,93,8,8
17272,89,99,-10,10
17273,57,61,-4,4
17274,65,59,6,6
17275,95,92,3,3
17276,93,85,8,8
17277,100,86,14,14
17278,127,118,9,9
17279,105,86,19,19
17280,58,44,14,14
17281,70,63,7,7
17282,146,132,14,14
17283,90,79,11,11
17284,75,65,10,10
17285,92,82,10,10
17286,122,106,16,16
17287,77,69,8,8
17288,50,47,3,3
17289,69,62,7,7
17290,36,35,1,1
17291,97,79,18,18
17292,81,77,4,4
17293,127,123,4,4
17294,142,130,12,12
17295,98,94,4,4
17296,91,71,20,20
17297,84,76,8,8
17298,94,91,3,3
17299,71,76,-5,5
17300,87,69,18,18
17301,109,95,14,14
17302,58,50,8,8
17303,63,58,5,5
17304,65,58,7,7
17305,45,38,7,7
17306,87,66,21,21
17307,64,64,0,0
17308,82,74,8,8
17309,156,140,16,16
17310,138,104,34,34
17311,76,73,3,3
17312,134,115,19,19
17313,115,102,13,13
17314,92,83,9,9
17315,126,118,8,8
17316,103,97,6,6
17317,56,51,5,5
17318,125,125,0,0
17319,108,87,21,21
17320,69,64,5,5
17321,151,130,21,21
17322,88,83,5,5
17323,101,90,11,11
17324,165,154,11,11
17325,151,120,31,31
17326,82,71,11,11
17327,65,55,10,10
17328,93,87,6,6
17329,102,94,8,8
17330,71,67,4,4
17331,66,65,1,1
17332,101,93,8,8
17333,109,90,19,19
17334,67,53,14,14
17335,150,136,14,14
17336,71,50,21,21
17337,93,89,4,4
17338,106,98,8,8
17339,127,109,18,18
17340,167,147,20,20
17341,67,64,3,3
17342,137,123,14,14
17343,90,79,11,11
17344,48,46,2,2
17345,79,66,13,13
17346,72,69,3,3
17347,139,121,18,18
17348,81,76,5,5
17349,124,113,11,11
17350,114,95,19,19
17351,75,71,4,4
17352,73,64,9,9
17353,90,75,15,15
17354,156,142,14,14
17355,107,99,8,8
17356,88,75,13,13
17357,135,131,4,4
17358,120,97,23,23
17359,55,63,-8,8
17360,58,56,2,2
17361,104,100,4,4
17362,53,46,7,7
17363,65,55,10,10
17364,71,64,7,7
17365,36,36,0,0
17366,135,115,20,20
17367,159,148,11,11
17368,118,95,23,23
17369,93,87,6,6
17370,91,83,8,8
17371,66,64,2,2
17372,68,54,14,14
17373,81,71,10,10
17374,138,134,4,4
17375,68,62,6,6
17376,128,120,8,8
17377,97,97,0,0
17378,83,78,5,5
17379,194,164,30,30
17380,63,55,8,8
17381,68,56,12,12
17382,68,63,5,5
17383,89,86,3,3
17384,103,84,19,19
17385,113,110,3,3
17386,95,81,14,14
17387,93,73,20,20
17388,68,58,10,10
17389,57,44,13,13
17390,58,58,0,0
17391,174,148,26,26
17392,71,64,7,7
17393,106,86,20,20
17394,63,55,8,8
17395,63,49,14,14
17396,126,104,22,22
17397,104,92,12,12
17398,83,75,8,8
17399,80,75,5,5
17400,175,155,20,20
17401,77,85,-8,8
17402,146,130,16,16
17403,78,66,12,12
17404,114,95,19,19
17405,86,89,-3,3
17406,149,136,13,13
17407,170,155,15,15
17408,121,106,15,15
17409,61,54,7,7
17410,64,51,13,13
17411,67,56,11,11
17412,99,96,3,3
17413,185,160,25,25
17414,56,58,-2,2
17415,99,87,12,12
17416,75,78,-3,3
17417,85,69,16,16
17418,92,78,14,14
17419,91,78,13,13
17420,80,66,14,14
17421,56,60,-4,4
17422,80,69,11,11
17423,135,114,21,21
17424,98,110,-12,12
17425,150,140,10,10
17426,53,57,-4,4
17427,106,92,14,14
17428,74,68,6,6
17429,196,153,43,43
17430,88,73,15,15
17431,47,46,1,1
17432,101,102,-1,1
17433,110,96,14,14
17434,116,103,13,13
17435,96,93,3,3
17436,65,57,8,8
17437,55,43,12,12
17438,140,128,12,12
17439,94,78,16,16
17440,89,72,17,17
17441,101,85,16,16
17442,80,65,15,15
17443,112,96,16,16
17444,106,102,4,4
17445,103,100,3,3
17446,60,58,2,2
17447,95,89,6,6
17448,87,81,6,6
17449,45,39,6,6
17450,92,84,8,8
17451,108,93,15,15
17452,98,84,14,14
17453,62,59,3,3
17454,107,94,13,13
17455,74,62,12,12
17456,137,110,27,27
17457,75,66,9,9
17458,66,60,6,6
17459,100,80,20,20
17460,129,127,2,2
17461,79,66,13,13
17462,111,91,20,20
17463,88,84,4,4
17464,63,58,5,5
17465,95,88,7,7
17466,74,65,9,9
17467,108,94,14,14
17468,115,96,19,19
17469,96,86,10,10
17470,146,123,23,23
17471,178,157,21,21
17472,171,149,22,22
17473,171,142,29,29
17474,151,137,14,14
17475,90,81,9,9
17476,94,73,21,21
17477,89,68,21,21
17478,71,63,8,8
17479,223,195,28,28
17480,66,59,7,7
17481,116,101,15,15
17482,69,60,9,9
17483,153,131,22,22
17484,48,50,-2,2
17485,83,75,8,8
17486,177,152,25,25
17487,70,67,3,3
17488,80,75,5,5
17489,77,71,6,6
17490,69,58,11,11
17491,81,67,14,14
17492,115,106,9,9
17493,96,91,5,5
17494,94,77,17,17
17495,46,43,3,3
17496,88,92,-4,4
17497,90,72,18,18
17498,89,80,9,9
17499,65,55,10,10
17500,78,68,10,10
17501,76,69,7,7
17502,116,93,23,23
17503,127,108,19,19
17504,146,132,14,14
17505,89,87,2,2
17506,42,49,-7,7
17507,73,60,13,13
17508,61,56,5,5
17509,79,65,14,14
17510,105,93,12,12
17511,64,59,5,5
17512,115,110,5,5
17513,66,63,3,3
17514,75,67,8,8
17515,82,73,9,9
17516,46,50,-4,4
17517,106,97,9,9
17518,74,70,4,4
17519,58,60,-2,2
17520,89,80,9,9
17521,76,63,13,13
17522,90,72,18,18
17523,108,93,15,15
17524,89,88,1,1
17525,75,64,11,11
17526,98,85,13,13
17527,87,74,13,13
17528,65,61,4,4
17529,121,97,24,24
17530,63,59,4,4
17531,139,134,5,5
17532,80,71,9,9
17533,75,62,13,13
17534,64,60,4,4
17535,48,38,10,10
17536,115,100,15,15
17537,82,73,9,9
17538,120,107,13,13
17539,141,129,12,12
17540,67,62,5,5
17541,48,55,-7,7
17542,117,98,19,19
17543,173,154,19,19
17544,74,71,3,3
17545,53,49,4,4
17546,33,29,4,4
17547,79,74,5,5
17548,76,64,12,12
17549,119,97,22,22
17550,139,123,16,16
17551,77,65,12,12
17552,115,105,10,10
17553,67,67,0,0
17554,105,84,21,21
17555,127,119,8,8
17556,84,74,10,10
17557,106,99,7,7
17558,79,77,2,2
17559,96,91,5,5
17560,82,71,11,11
17561,146,126,20,20
17562,98,90,8,8
17563,116,112,4,4
17564,42,38,4,4
17565,82,77,5,5
17566,71,62,9,9
17567,103,83,20,20
17568,60,57,3,3
17569,86,77,9,9
17570,137,115,22,22
17571,105,87,18,18
17572,68,67,1,1
17573,94,89,5,5
17574,190,166,24,24
17575,61,54,7,7
17576,112,95,17,17
17577,72,58,14,14
17578,137,115,22,22
17579,85,78,7,7
17580,190,167,23,23
17581,145,140,5,5
17582,100,91,9,9
17583,143,121,22,22
17584,81,74,7,7
17585,58,56,2,2
17586,79,82,-3,3
17587,119,103,16,16
17588,63,59,4,4
17589,106,90,16,16
17590,111,93,18,18
17591,90,83,7,7
17592,134,127,7,7
17593,129,106,23,23
17594,67,58,9,9
17595,128,120,8,8
17596,43,40,3,3
17597,58,52,6,6
17598,123,112,11,11
17599,63,54,9,9
17600,61,59,2,2
17601,74,56,18,18
17602,117,94,23,23
17603,132,100,32,32
17604,73,55,18,18
17605,127,113,14,14
17606,170,156,14,14
17607,101,92,9,9
17608,118,96,22,22
17609,73,59,14,14
17610,82,75,7,7
17611,100,90,10,10
17612,62,59,3,3
17613,80,65,15,15
17614,50,45,5,5
17615,68,65,3,3
17616,163,136,27,27
17617,49,42,7,7
17618,75,69,6,6
17619,133,110,23,23
17620,115,108,7,7
17621,102,96,6,6
17622,74,66,8,8
17623,161,140,21,21
17624,130,122,8,8
17625,122,107,15,15
17626,109,92,17,17
17627,120,119,1,1
17628,72,46,26,26
17629,90,83,7,7
17630,80,80,0,0
17631,103,102,1,1
17632,134,117,17,17
17633,93,85,8,8
17634,82,72,10,10
17635,184,150,34,34
17636,84,73,11,11
17637,62,52,10,10
17638,65,58,7,7
17639,68,65,3,3
17640,118,106,12,12
17641,81,74,7,7
17642,116,107,9,9
17643,116,105,11,11
17644,85,71,14,14
17645,55,54,1,1
17646,91,81,10,10
17647,79,74,5,5
17648,24,38,-14,14
17649,155,133,22,22
17650,97,76,21,21
17651,69,65,4,4
17652,105,95,10,10
17653,158,146,12,12
17654,129,119,10,10
17655,115,97,18,18
17656,92,90,2,2
17657,82,77,5,5
17658,100,89,11,11
17659,66,52,14,14
17660,46,41,5,5
17661,141,134,7,7
17662,128,113,15,15
17663,101,73,28,28
17664,103,86,17,17
17665,75,67,8,8
17666,125,110,15,15
17667,50,41,9,9
17668,67,59,8,8
17669,91,88,3,3
17670,95,85,10,10
17671,133,113,20,20
17672,124,107,17,17
17673,59,46,13,13
17674,138,116,22,22
17675,132,118,14,14
17676,109,96,13,13
17677,72,69,3,3
17678,84,77,7,7
17679,107,98,9,9
17680,73,73,0,0
17681,76,66,10,10
17682,122,97,25,25
17683,107,102,5,5
17684,38,35,3,3
17685,127,106,21,21
17686,82,69,13,13
17687,189,159,30,30
17688,115,103,12,12
17689,100,87,13,13
17690,70,59,11,11
17691,81,62,19,19
17692,150,151,-1,1
17693,94,79,15,15
17694,88,73,15,15
17695,81,77,4,4
17696,148,132,16,16
17697,75,77,-2,2
17698,90,76,14,14
17699,124,110,14,14
17700,46,39,7,7
17701,103,99,4,4
17702,101,84,17,17
17703,93,83,10,10
17704,105,97,8,8
17705,91,84,7,7
17706,138,124,14,14
17707,85,79,6,6
17708,102,88,14,14
17709,72,77,-5,5
17710,81,72,9,9
17711,118,104,14,14
17712,114,111,3,3
17713,118,104,14,14
17714,79,71,8,8
17715,149,127,22,22
17716,74,69,5,5
17717,46,43,3,3
17718,76,63,13,13
17719,80,73,7,7
17720,124,124,0,0
17721,126,123,3,3
17722,57,46,11,11
17723,91,91,0,0
17724,206,169,37,37
17725,122,99,23,23
17726,89,83,6,6
17727,108,96,12,12
17728,170,142,28,28
17729,89,78,11,11
17730,90,75,15,15
17731,85,79,6,6
17732,80,63,17,17
17733,105,81,24,24
17734,84,65,19,19
17735,97,85,12,12
17736,60,58,2,2
17737,39,39,0,0
17738,103,88,15,15
17739,122,113,9,9
17740,105,98,7,7
17741,72,71,1,1
17742,72,70,2,2
17743,126,110,16,16
17744,113,95,18,18
17745,88,75,13,13
17746,121,110,11,11
17747,88,81,7,7
17748,72,62,10,10
17749,65,67,-2,2
17750,74,69,5,5
17751,112,107,5,5
17752,53,47,6,6
17753,138,119,19,19
17754,108,100,8,8
17755,65,57,8,8
17756,72,68,4,4
17757,122,100,22,22
17758,48,50,-2,2
17759,93,81,12,12
17760,124,108,16,16
17761,92,83,9,9
17762,66,62,4,4
17763,69,61,8,8
17764,144,140,4,4
17765,103,95,8,8
17766,96,82,14,14
17767,107,95,12,12
17768,129,112,17,17
17769,60,53,7,7
17770,72,64,8,8
17771,53,46,7,7
17772,117,89,28,28
17773,109,100,9,9
17774,73,65,8,8
17775,121,102,19,19
17776,193,172,21,21
17777,69,69,0,0
17778,80,62,18,18
17779,135,107,28,28
17780,47,40,7,7
17781,75,63,12,12
17782,135,132,3,3
17783,97,85,12,12
17784,76,70,6,6
17785,108,95,13,13
17786,110,104,6,6
17787,87,85,2,2
17788,59,51,8,8
17789,163,142,21,21
17790,80,72,8,8
17791,169,144,25,25
17792,91,85,6,6
17793,122,105,17,17
17794,97,87,10,10
17795,63,60,3,3
17796,139,129,10,10
17797,76,64,12,12
17798,80,71,9,9
17799,79,68,11,11
17800,112,101,11,11
17801,94,84,10,10
17802,103,99,4,4
17803,53,51,2,2
17804,70,64,6,6
17805,156,143,13,13
17806,29,47,-18,18
17807,128,121,7,7
17808,125,113,12,12
17809,126,95,31,31
17810,50,65,-15,15
17811,152,137,15,15
17812,195,150,45,45
17813,76,73,3,3
17814,87,72,15,15
17815,80,66,14,14
17816,66,58,8,8
17817,72,63,9,9
17818,104,100,4,4
17819,67,58,9,9
17820,109,97,12,12
17821,146,128,18,18
17822,59,61,-2,2
17823,78,64,14,14
17824,73,64,9,9
17825,139,120,19,19
17826,103,88,15,15
17827,112,106,6,6
17828,99,82,17,17
17829,68,67,1,1
17830,53,50,3,3
17831,152,115,37,37
17832,55,46,9,9
17833,96,90,6,6
17834,78,70,8,8
17835,69,81,-12,12
17836,54,46,8,8
17837,118,93,25,25
17838,120,96,24,24
17839,45,49,-4,4
17840,94,81,13,13
17841,141,128,13,13
17842,81,79,2,2
17843,85,84,1,1
17844,100,93,7,7
17845,104,94,10,10
17846,189,152,37,37
17847,79,69,10,10
17848,98,87,11,11
17849,53,45,8,8
17850,139,118,21,21
17851,96,103,-7,7
17852,75,67,8,8
17853,74,71,3,3
17854,142,134,8,8
17855,135,141,-6,6
17856,40,33,7,7
17857,176,147,29,29
17858,55,51,4,4
17859,70,72,-2,2
17860,71,65,6,6
17861,55,57,-2,2
17862,168,154,14,14
17863,146,121,25,25
17864,111,105,6,6
17865,117,89,28,28
17866,64,58,6,6
17867,106,87,19,19
17868,110,87,23,23
17869,79,70,9,9
17870,95,80,15,15
17871,121,105,16,16
17872,129,122,7,7
17873,98,79,19,19
17874,60,50,10,10
17875,53,48,5,5
17876,121,102,19,19
17877,112,120,-8,8
17878,54,50,4,4
17879,76,68,8,8
17880,126,127,-1,1
17881,131,114,17,17
17882,45,44,1,1
17883,135,121,14,14
17884,95,76,19,19
17885,80,64,16,16
17886,96,86,10,10
17887,143,124,19,19
17888,59,55,4,4
17889,140,127,13,13
17890,73,65,8,8
17891,109,104,5,5
17892,116,114,2,2
17893,42,39,3,3
17894,44,35,9,9
17895,151,134,17,17
17896,109,104,5,5
17897,106,82,24,24
17898,131,95,36,36
17899,139,123,16,16
17900,77,63,14,14
17901,127,111,16,16
17902,79,80,-1,1
17903,140,126,14,14
17904,63,53,10,10
17905,121,112,9,9
17906,65,55,10,10
17907,146,128,18,18
17908,110,89,21,21
17909,101,97,4,4
17910,35,37,-2,2
17911,105,92,13,13
17912,154,149,5,5
17913,72,60,12,12
17914,98,93,5,5
17915,126,124,2,2
17916,142,121,21,21
17917,98,103,-5,5
17918,82,78,4,4
17919,86,82,4,4
17920,79,65,14,14
17921,111,87,24,24
17922,74,64,10,10
17923,58,50,8,8
17924,48,44,4,4
17925,74,66,8,8
17926,123,107,16,16
17927,40,37,3,3
17928,80,58,22,22
17929,63,44,19,19
17930,115,90,25,25
17931,107,101,6,6
17932,80,66,14,14
17933,85,76,9,9
17934,166,143,23,23
17935,71,68,3,3
17936,56,57,-1,1
17937,48,49,-1,1
17938,96,79,17,17
17939,54,48,6,6
17940,124,111,13,13
17941,92,84,8,8
17942,51,48,3,3
17943,62,59,3,3
17944,89,75,14,14
17945,141,118,23,23
17946,87,62,25,25
17947,75,75,0,0
17948,81,69,12,12
17949,65,72,-7,7
17950,90,72,18,18
17951,85,73,12,12
17952,71,66,5,5
17953,61,60,1,1
17954,104,92,12,12
17955,98,94,4,4
17956,68,62,6,6
17957,77,59,18,18
17958,90,76,14,14
17959,71,75,-4,4
17960,59,64,-5,5
17961,109,89,20,20
17962,105,96,9,9
17963,175,152,23,23
17964,83,82,1,1
17965,139,116,23,23
17966,68,62,6,6
17967,88,83,5,5
17968,75,65,10,10
17969,104,99,5,5
17970,126,103,23,23
17971,91,82,9,9
17972,94,88,6,6
17973,89,79,10,10
17974,41,40,1,1
17975,91,97,-6,6
17976,81,79,2,2
17977,72,62,10,10
17978,146,118,28,28
17979,80,72,8,8
17980,141,106,35,35
17981,104,87,17,17
17982,111,93,18,18
17983,115,104,11,11
17984,67,57,10,10
17985,132,115,17,17
17986,118,106,12,12
17987,79,65,14,14
17988,67,70,-3,3
17989,158,126,32,32
17990,90,72,18,18
17991,78,70,8,8
17992,52,48,4,4
17993,67,62,5,5
17994,57,62,-5,5
17995,93,85,8,8
17996,73,62,11,11
17997,100,92,8,8
17998,150,127,23,23
17999,68,58,10,10
18000,74,69,5,5
18001,100,90,10,10
18002,92,91,1,1
18003,101,96,5,5
18004,96,77,19,19
18005,161,140,21,21
18006,71,66,5,5
18007,97,86,11,11
18008,62,53,9,9
18009,70,62,8,8
18010,106,89,17,17
18011,67,65,2,2
18012,56,56,0,0
18013,75,64,11,11
18014,47,40,7,7
18015,78,66,12,12
18016,62,51,11,11
18017,68,60,8,8
18018,106,87,19,19
18019,125,103,22,22
18020,84,89,-5,5
18021,107,94,13,13
18022,63,52,11,11
18023,76,78,-2,2
18024,98,79,19,19
18025,139,108,31,31
18026,94,85,9,9
18027,142,123,19,19
18028,121,107,14,14
18029,79,70,9,9
18030,123,111,12,12
18031,82,73,9,9
18032,174,156,18,18
18033,116,109,7,7
18034,51,47,4,4
18035,157,129,28,28
18036,57,50,7,7
18037,71,55,16,16
18038,30,30,0,0
18039,102,91,11,11
18040,140,115,25,25
18041,156,146,10,10
18042,44,38,6,6
18043,157,136,21,21
18044,91,84,7,7
18045,111,106,5,5
18046,107,98,9,9
18047,83,78,5,5
18048,83,73,10,10
18049,103,88,15,15
18050,84,68,16,16
18051,79,69,10,10
18052,119,93,26,26
18053,66,65,1,1
18054,34,35,-1,1
18055,134,116,18,18
18056,108,94,14,14
18057,60,59,1,1
18058,33,29,4,4
18059,105,98,7,7
18060,71,67,4,4
18061,92,87,5,5
18062,62,58,4,4
18063,54,52,2,2
18064,85,78,7,7
18065,154,127,27,27
18066,109,93,16,16
18067,120,120,0,0
18068,55,45,10,10
18069,102,104,-2,2
18070,58,45,13,13
18071,34,33,1,1
18072,91,81,10,10
18073,110,95,15,15
18074,117,96,21,21
18075,102,115,-13,13
18076,95,80,15,15
18077,38,37,1,1
18078,88,79,9,9
18079,107,93,14,14
18080,113,102,11,11
18081,58,52,6,6
18082,56,56,0,0
18083,68,64,4,4
18084,59,50,9,9
18085,169,163,6,6
18086,70,55,15,15
18087,117,99,18,18
18088,84,72,12,12
18089,150,143,7,7
18090,123,118,5,5
18091,72,66,6,6
18092,108,101,7,7
18093,87,76,11,11
18094,123,133,-10,10
18095,79,72,7,7
18096,112,115,-3,3
18097,77,68,9,9
18098,123,101,22,22
18099,109,108,1,1
18100,82,66,16,16
18101,57,44,13,13
18102,120,101,19,19
18103,117,112,5,5
18104,53,46,7,7
18105,72,69,3,3
18106,90,76,14,14
18107,92,97,-5,5
18108,88,72,16,16
18109,55,62,-7,7
18110,62,49,13,13
18111,108,101,7,7
18112,85,69,16,16
18113,66,70,-4,4
18114,165,154,11,11
18115,124,120,4,4
18116,75,74,1,1
18117,54,48,6,6
18118,141,129,12,12
18119,67,60,7,7
18120,94,90,4,4
18121,102,98,4,4
18122,119,110,9,9
18123,53,50,3,3
18124,122,121,1,1
18125,60,56,4,4
18126,88,81,7,7
18127,101,92,9,9
18128,64,58,6,6
18129,48,59,-11,11
18130,75,62,13,13
18131,53,63,-10,10
18132,123,99,24,24
18133,90,80,10,10
18134,137,129,8,8
18135,95,88,7,7
18136,88,95,-7,7
18137,106,98,8,8
18138,155,134,21,21
18139,75,56,19,19
18140,62,57,5,5
18141,91,74,17,17
18142,58,48,10,10
18143,51,52,-1,1
18144,120,112,8,8
18145,94,88,6,6
18146,112,98,14,14
18147,84,90,-6,6
18148,67,63,4,4
18149,83,75,8,8
18150,162,141,21,21
18151,122,109,13,13
18152,36,34,2,2
18153,127,108,19,19
18154,75,80,-5,5
18155,119,93,26,26
18156,147,129,18,18
18157,105,92,13,13
18158,55,51,4,4
18159,90,76,14,14
18160,57,51,6,6
18161,100,90,10,10
18162,63,48,15,15
18163,58,55,3,3
18164,140,133,7,7
18165,107,93,14,14
18166,71,70,1,1
18167,145,136,9,9
18168,64,63,1,1
18169,94,73,21,21
18170,71,64,7,7
18171,68,63,5,5
18172,109,92,17,17
18173,67,60,7,7
18174,81,70,11,11
18175,101,84,17,17
18176,135,111,24,24
18177,60,47,13,13
18178,154,130,24,24
18179,131,108,23,23
18180,97,83,14,14
18181,65,59,6,6
18182,132,114,18,18
18183,95,86,9,9
18184,97,79,18,18
18185,122,102,20,20
18186,80,73,7,7
18187,89,73,16,16
18188,97,76,21,21
18189,106,97,9,9
18190,101,94,7,7
18191,116,113,3,3
18192,70,78,-8,8
18193,44,41,3,3
18194,149,129,20,20
18195,95,87,8,8
18196,79,70,9,9
18197,114,100,14,14
18198,77,62,15,15
18199,121,104,17,17
18200,80,72,8,8
18201,117,98,19,19
18202,150,129,21,21
18203,85,70,15,15
18204,72,74,-2,2
18205,112,94,18,18
18206,91,79,12,12
18207,61,51,10,10
18208,126,107,19,19
18209,78,69,9,9
18210,129,112,17,17
18211,71,65,6,6
18212,72,68,4,4
18213,166,147,19,19
18214,134,117,17,17
18215,36,31,5,5
18216,63,61,2,2
18217,73,63,10,10
18218,88,79,9,9
18219,88,85,3,3
18220,113,111,2,2
18221,138,122,16,16
18222,88,61,27,27
18223,127,115,12,12
18224,216,195,21,21
18225,108,97,11,11
18226,137,126,11,11
18227,66,75,-9,9
18228,68,66,2,2
18229,100,86,14,14
18230,50,45,5,5
18231,130,118,12,12
18232,100,95,5,5
18233,201,159,42,42
18234,53,46,7,7
18235,65,60,5,5
18236,60,51,9,9
18237,177,158,19,19
18238,88,72,16,16
18239,64,58,6,6
18240,141,136,5,5
18241,87,83,4,4
18242,144,125,19,19
18243,118,95,23,23
18244,84,77,7,7
18245,80,76,4,4
18246,131,123,8,8
18247,61,56,5,5
18248,93,81,12,12
18249,78,79,-1,1
18250,58,49,9,9
18251,99,80,19,19
18252,107,90,17,17
18253,119,107,12,12
18254,104,104,0,0
18255,87,82,5,5
18256,88,73,15,15
18257,131,118,13,13
18258,126,111,15,15
18259,125,103,22,22
18260,99,97,2,2
18261,127,112,15,15
18262,34,45,-11,11
18263,77,60,17,17
18264,88,78,10,10
18265,106,110,-4,4
18266,104,89,15,15
18267,78,78,0,0
18268,78,71,7,7
18269,211,172,39,39
18270,68,46,22,22
18271,110,97,13,13
18272,86,77,9,9
18273,102,93,9,9
18274,82,69,13,13
18275,57,49,8,8
18276,106,95,11,11
18277,52,51,1,1
18278,60,52,8,8
18279,78,73,5,5
18280,66,52,14,14
18281,134,117,17,17
18282,61,56,5,5
18283,88,76,12,12
18284,95,86,9,9
18285,79,73,6,6
18286,109,101,8,8
18287,74,71,3,3
18288,82,68,14,14
18289,77,69,8,8
18290,89,78,11,11
18291,115,100,15,15
18292,64,60,4,4
18293,143,124,19,19
18294,189,164,25,25
18295,27,26,1,1
18296,82,82,0,0
18297,127,124,3,3
18298,121,100,21,21
18299,103,93,10,10
18300,55,51,4,4
18301,163,148,15,15
18302,93,85,8,8
18303,95,85,10,10
18304,123,115,8,8
18305,59,53,6,6
18306,112,91,21,21
18307,76,69,7,7
18308,77,77,0,0
18309,62,56,6,6
18310,71,66,5,5
18311,60,51,9,9
18312,141,135,6,6
18313,91,85,6,6
18314,96,83,13,13
18315,58,54,4,4
18316,93,83,10,10
18317,165,156,9,9
18318,199,179,20,20
18319,98,87,11,11
18320,152,138,14,14
18321,81,64,17,17
18322,93,79,14,14
18323,122,104,18,18
18324,83,75,8,8
18325,82,80,2,2
18326,61,55,6,6
18327,87,80,7,7
18328,44,50,-6,6
18329,90,90,0,0
18330,50,49,1,1
18331,122,104,18,18
18332,82,74,8,8
18333,101,94,7,7
18334,93,86,7,7
18335,132,109,23,23
18336,111,106,5,5
18337,96,74,22,22
18338,47,42,5,5
18339,113,104,9,9
18340,182,169,13,13
18341,107,115,-8,8
18342,99,97,2,2
18343,72,66,6,6
18344,84,83,1,1
18345,55,49,6,6
18346,154,141,13,13
18347,39,37,2,2
18348,107,93,14,14
18349,89,86,3,3
18350,114,102,12,12
18351,99,93,6,6
18352,76,69,7,7
18353,61,56,5,5
18354,112,90,22,22
18355,79,70,9,9
18356,81,73,8,8
18357,80,77,3,3
18358,49,54,-5,5
18359,48,23,25,25
18360,113,98,15,15
18361,91,83,8,8
18362,76,68,8,8
18363,144,134,10,10
18364,67,59,8,8
18365,81,64,17,17
18366,111,96,15,15
18367,78,64,14,14
18368,53,51,2,2
18369,77,70,7,7
18370,71,71,0,0
18371,76,58,18,18
18372,65,57,8,8
18373,90,82,8,8
18374,165,146,19,19
18375,188,171,17,17
18376,58,142,-84,84
18377,81,73,8,8
18378,65,61,4,4
18379,91,86,5,5
18380,116,107,9,9
18381,145,121,24,24
18382,111,97,14,14
18383,146,129,17,17
18384,119,100,19,19
18385,91,84,7,7
18386,116,104,12,12
18387,48,40,8,8
18388,107,105,2,2
18389,63,61,2,2
18390,120,99,21,21
18391,86,74,12,12
18392,93,83,10,10
18393,89,83,6,6
18394,95,89,6,6
18395,90,75,15,15
18396,104,91,13,13
18397,144,131,13,13
18398,119,100,19,19
18399,82,72,10,10
18400,61,62,-1,1
18401,93,92,1,1
18402,142,123,19,19
18403,73,65,8,8
18404,133,105,28,28
18405,128,125,3,3
18406,104,92,12,12
18407,90,79,11,11
18408,88,84,4,4
18409,65,68,-3,3
18410,102,87,15,15
18411,176,144,32,32
18412,90,86,4,4
18413,241,199,42,42
18414,115,90,25,25
18415,69,59,10,10
18416,94,77,17,17
18417,123,109,14,14
18418,96,100,-4,4
18419,90,84,6,6
18420,59,56,3,3
18421,76,69,7,7
18422,72,64,8,8
18423,70,63,7,7
18424,67,55,12,12
18425,83,77,6,6
18426,205,173,32,32
18427,62,60,2,2
18428,214,188,26,26
18429,79,64,15,15
18430,142,124,18,18
18431,88,74,14,14
18432,107,103,4,4
18433,120,103,17,17
18434,108,97,11,11
18435,102,85,17,17
18436,64,61,3,3
18437,86,83,3,3
18438,70,64,6,6
18439,130,95,35,35
18440,97,78,19,19
18441,85,78,7,7
18442,67,55,12,12
18443,142,106,36,36
18444,48,46,2,2
18445,88,73,15,15
18446,123,114,9,9
18447,69,67,2,2
18448,92,82,10,10
18449,69,64,5,5
18450,45,40,5,5
18451,64,56,8,8
18452,84,64,20,20
18453,131,116,15,15
18454,78,71,7,7
18455,32,32,0,0
18456,85,71,14,14
18457,100,84,16,16
18458,99,76,23,23
18459,125,106,19,19
18460,91,73,18,18
18461,196,172,24,24
18462,94,107,-13,13
18463,54,46,8,8
18464,134,118,16,16
18465,168,137,31,31
18466,64,53,11,11
18467,73,68,5,5
18468,96,82,14,14
18469,82,63,19,19
18470,48,47,1,1
18471,65,61,4,4
18472,121,109,12,12
18473,102,93,9,9
18474,69,55,14,14
18475,92,81,11,11
18476,79,69,10,10
18477,107,99,8,8
18478,76,81,-5,5
18479,73,68,5,5
18480,75,63,12,12
18481,150,141,9,9
18482,149,131,18,18
18483,144,122,22,22
18484,113,101,12,12
18485,62,61,1,1
18486,108,99,9,9
18487,103,97,6,6
18488,58,73,-15,15
18489,42,48,-6,6
18490,115,91,24,24
18491,58,82,-24,24
18492,115,93,22,22
18493,109,91,18,18
18494,51,40,11,11
18495,70,61,9,9
18496,68,79,-11,11
18497,143,125,18,18
18498,83,65,18,18
18499,116,98,18,18
18500,45,41,4,4
18501,90,78,12,12
18502,67,61,6,6
18503,100,91,9,9
18504,113,103,10,10
18505,30,39,-9,9
18506,98,92,6,6
18507,67,61,6,6
18508,53,52,1,1
18509,105,93,12,12
18510,123,117,6,6
18511,57,52,5,5
18512,125,101,24,24
18513,98,85,13,13
18514,111,99,12,12
18515,122,104,18,18
18516,117,106,11,11
18517,74,66,8,8
18518,84,73,11,11
18519,143,130,13,13
18520,121,104,17,17
18521,121,109,12,12
18522,99,89,10,10
18523,103,83,20,20
18524,104,73,31,31
18525,63,52,11,11
18526,222,178,44,44
18527,113,95,18,18
18528,88,82,6,6
18529,122,93,29,29
18530,109,108,1,1
18531,72,62,10,10
18532,64,55,9,9
18533,144,121,23,23
18534,82,73,9,9
18535,82,79,3,3
18536,162,141,21,21
18537,112,110,2,2
18538,62,54,8,8
18539,78,85,-7,7
18540,48,39,9,9
18541,90,80,10,10
18542,130,108,22,22
18543,70,63,7,7
18544,141,139,2,2
18545,138,126,12,12
18546,126,89,37,37
18547,71,66,5,5
18548,89,84,5,5
18549,138,126,12,12
18550,70,57,13,13
18551,123,102,21,21
18552,72,65,7,7
18553,107,98,9,9
18554,58,46,12,12
18555,90,76,14,14
18556,136,127,9,9
18557,163,148,15,15
18558,108,91,17,17
18559,83,59,24,24
18560,117,105,12,12
18561,142,125,17,17
18562,69,62,7,7
18563,100,79,21,21
18564,211,177,34,34
18565,148,140,8,8
18566,82,70,12,12
18567,86,81,5,5
18568,201,176,25,25
18569,113,108,5,5
18570,126,115,11,11
18571,64,53,11,11
18572,98,85,13,13
18573,51,46,5,5
18574,93,94,-1,1
18575,60,53,7,7
18576,82,69,13,13
18577,95,103,-8,8
18578,94,76,18,18
18579,81,72,9,9
18580,111,100,11,11
18581,63,63,0,0
18582,55,48,7,7
18583,142,125,17,17
18584,139,115,24,24
18585,118,102,16,16
18586,209,162,47,47
18587,73,65,8,8
18588,103,95,8,8
18589,118,111,7,7
18590,124,106,18,18
18591,79,83,-4,4
18592,124,107,17,17
18593,129,115,14,14
18594,91,75,16,16
18595,83,81,2,2
18596,120,98,22,22
18597,91,74,17,17
18598,101,88,13,13
18599,117,99,18,18
18600,154,130,24,24
18601,83,73,10,10
18602,113,97,16,16
18603,83,77,6,6
18604,106,102,4,4
18605,47,43,4,4
18606,63,58,5,5
18607,99,85,14,14
18608,47,58,-11,11
18609,111,93,18,18
18610,111,94,17,17
18611,152,133,19,19
18612,91,96,-5,5
18613,111,100,11,11
18614,103,109,-6,6
18615,80,77,3,3
18616,133,114,19,19
18617,83,72,11,11
18618,67,54,13,13
18619,124,118,6,6
18620,93,93,0,0
18621,80,70,10,10
18622,64,64,0,0
18623,74,75,-1,1
18624,92,84,8,8
18625,122,104,18,18
18626,92,98,-6,6
18627,111,102,9,9
18628,148,114,34,34
18629,102,90,12,12
18630,101,91,10,10
18631,89,78,11,11
18632,94,92,2,2
18633,78,69,9,9
18634,88,71,17,17
18635,87,82,5,5
18636,59,44,15,15
18637,75,68,7,7
18638,101,94,7,7
18639,96,91,5,5
18640,64,59,5,5
18641,106,86,20,20
18642,90,80,10,10
18643,95,88,7,7
18644,107,99,8,8
18645,95,87,8,8
18646,78,77,1,1
18647,124,141,-17,17
18648,142,130,12,12
18649,73,59,14,14
18650,111,102,9,9
18651,92,69,23,23
18652,205,169,36,36
18653,93,74,19,19
18654,87,87,0,0
18655,43,39,4,4
18656,51,49,2,2
18657,102,92,10,10
18658,85,87,-2,2
18659,152,135,17,17
18660,69,65,4,4
18661,47,46,1,1
18662,52,51,1,1
18663,94,89,5,5
18664,149,130,19,19
18665,81,63,18,18
18666,96,77,19,19
18667,88,76,12,12
18668,81,70,11,11
18669,129,112,17,17
18670,107,116,-9,9
18671,93,74,19,19
18672,90,81,9,9
18673,72,68,4,4
18674,82,74,8,8
18675,73,65,8,8
18676,102,93,9,9
18677,52,47,5,5
18678,79,79,0,0
18679,131,114,17,17
18680,56,48,8,8
18681,58,46,12,12
18682,66,54,12,12
18683,58,55,3,3
18684,76,72,4,4
18685,83,70,13,13
18686,84,75,9,9
18687,100,100,0,0
18688,114,95,19,19
18689,112,103,9,9
18690,104,87,17,17
18691,110,103,7,7
18692,160,156,4,4
18693,98,86,12,12
18694,122,113,9,9
18695,39,35,4,4
18696,120,111,9,9
18697,84,75,9,9
18698,64,75,-11,11
18699,87,84,3,3
18700,102,89,13,13
18701,87,80,7,7
18702,76,61,15,15
18703,132,118,14,14
18704,65,54,11,11
18705,136,108,28,28
18706,87,68,19,19
18707,93,77,16,16
18708,130,112,18,18
18709,96,86,10,10
18710,93,81,12,12
18711,67,67,0,0
18712,116,102,14,14
18713,81,79,2,2
18714,107,103,4,4
18715,70,50,20,20
18716,113,96,17,17
18717,78,74,4,4
18718,93,78,15,15
18719,62,61,1,1
18720,43,37,6,6
18721,81,71,10,10
18722,85,79,6,6
18723,128,108,20,20
18724,110,104,6,6
18725,37,30,7,7
18726,66,65,1,1
18727,56,47,9,9
18728,95,88,7,7
18729,95,87,8,8
18730,92,82,10,10
18731,99,93,6,6
18732,75,73,2,2
18733,186,150,36,36
18734,30,28,2,2
18735,63,57,6,6
18736,60,47,13,13
18737,38,34,4,4
18738,70,68,2,2
18739,85,76,9,9
18740,71,45,26,26
18741,122,117,5,5
18742,45,27,18,18
18743,94,80,14,14
18744,133,113,20,20
18745,89,76,13,13
18746,85,70,15,15
18747,80,72,8,8
18748,141,119,22,22
18749,108,97,11,11
18750,39,48,-9,9
18751,85,90,-5,5
18752,99,91,8,8
18753,81,69,12,12
18754,123,114,9,9
18755,98,88,10,10
18756,81,76,5,5
18757,110,103,7,7
18758,64,64,0,0
18759,75,75,0,0
18760,59,47,12,12
18761,66,63,3,3
18762,81,53,28,28
18763,92,81,11,11
18764,115,100,15,15
18765,129,118,11,11
18766,99,86,13,13
18767,72,70,2,2
18768,91,85,6,6
18769,69,63,6,6
18770,80,65,15,15
18771,89,84,5,5
18772,92,90,2,2
18773,95,85,10,10
18774,166,139,27,27
18775,61,53,8,8
18776,59,43,16,16
18777,42,47,-5,5
18778,53,50,3,3
18779,101,88,13,13
18780,90,78,12,12
18781,116,98,18,18
18782,83,65,18,18
18783,89,80,9,9
18784,121,108,13,13
18785,74,50,24,24
18786,113,94,19,19
18787,85,79,6,6
18788,137,124,13,13
18789,72,73,-1,1
18790,78,60,18,18
18791,113,111,2,2
18792,144,105,39,39
18793,54,48,6,6
18794,74,63,11,11
18795,72,62,10,10
18796,73,65,8,8
18797,163,130,33,33
18798,96,89,7,7
18799,90,81,9,9
18800,64,56,8,8
18801,61,53,8,8
18802,79,68,11,11
18803,118,111,7,7
18804,70,63,7,7
18805,108,98,10,10
18806,83,96,-13,13
18807,55,45,10,10
18808,139,126,13,13
18809,49,43,6,6
18810,159,138,21,21
18811,30,36,-6,6
18812,111,105,6,6
18813,112,98,14,14
18814,149,144,5,5
18815,104,93,11,11
18816,166,129,37,37
18817,76,64,12,12
18818,128,124,4,4
18819,54,54,0,0
18820,99,91,8,8
18821,53,44,9,9
18822,98,86,12,12
18823,94,88,6,6
18824,144,128,16,16
18825,47,41,6,6
18826,124,118,6,6
18827,137,137,0,0
18828,55,43,12,12
18829,79,60,19,19
18830,103,93,10,10
18831,67,67,0,0
18832,45,38,7,7
18833,129,106,23,23
18834,33,45,-12,12
18835,108,100,8,8
18836,68,60,8,8
18837,165,141,24,24
18838,108,89,19,19
18839,142,110,32,32
18840,108,102,6,6
18841,56,56,0,0
18842,73,67,6,6
18843,121,111,10,10
18844,139,133,6,6
18845,124,110,14,14
18846,59,52,7,7
18847,98,105,-7,7
18848,42,35,7,7
18849,94,92,2,2
18850,120,98,22,22
18851,64,61,3,3
18852,52,52,0,0
18853,193,170,23,23
18854,99,86,13,13
18855,73,70,3,3
18856,166,126,40,40
18857,116,102,14,14
18858,69,76,-7,7
18859,67,61,6,6
18860,81,60,21,21
18861,112,93,19,19
18862,120,93,27,27
18863,67,53,14,14
18864,105,81,24,24
18865,146,121,25,25
18866,110,92,18,18
18867,90,79,11,11
18868,94,76,18,18
18869,106,109,-3,3
18870,95,83,12,12
18871,112,102,10,10
18872,104,86,18,18
18873,60,62,-2,2
18874,93,69,24,24
18875,171,158,13,13
18876,57,45,12,12
18877,106,89,17,17
18878,83,80,3,3
18879,65,50,15,15
18880,111,101,10,10
18881,117,108,9,9
18882,71,67,4,4
18883,46,44,2,2
18884,87,93,-6,6
18885,80,67,13,13
18886,58,54,4,4
18887,47,5,42,42
18888,196,164,32,32
18889,100,93,7,7
18890,122,116,6,6
18891,126,112,14,14
18892,61,57,4,4
18893,68,66,2,2
18894,90,88,2,2
18895,96,89,7,7
18896,154,148,6,6
18897,153,139,14,14
18898,83,73,10,10
18899,130,113,17,17
18900,110,91,19,19
18901,122,112,10,10
18902,85,70,15,15
18903,55,48,7,7
18904,85,74,11,11
18905,122,112,10,10
18906,71,61,10,10
18907,149,130,19,19
18908,101,90,11,11
18909,81,85,-4,4
18910,95,90,5,5
18911,120,103,17,17
18912,137,131,6,6
18913,132,131,1,1
18914,83,67,16,16
18915,121,100,21,21
18916,121,108,13,13
18917,125,126,-1,1
18918,81,75,6,6
18919,137,126,11,11
18920,89,79,10,10
18921,113,98,15,15
18922,23,31,-8,8
18923,123,95,28,28
18924,172,155,17,17
18925,64,54,10,10
18926,122,119,3,3
18927,67,60,7,7
18928,86,77,9,9
18929,42,43,-1,1
18930,126,109,17,17
18931,148,121,27,27
18932,81,64,17,17
18933,78,72,6,6
18934,74,63,11,11
18935,52,50,2,2
18936,67,60,7,7
18937,69,60,9,9
18938,76,76,0,0
18939,56,49,7,7
18940,103,104,-1,1
18941,86,86,0,0
18942,67,61,6,6
18943,74,73,1,1
18944,61,54,7,7
18945,42,48,-6,6
18946,106,93,13,13
18947,59,53,6,6
18948,65,53,12,12
18949,148,145,3,3
18950,161,143,18,18
18951,140,123,17,17
18952,140,120,20,20
18953,70,67,3,3
18954,157,134,23,23
18955,70,71,-1,1
18956,110,106,4,4
18957,132,146,-14,14
18958,40,42,-2,2
18959,115,96,19,19
18960,165,147,18,18
18961,46,51,-5,5
18962,108,107,1,1
18963,145,131,14,14
18964,153,126,27,27
18965,64,57,7,7
18966,104,97,7,7
18967,104,82,22,22
18968,103,83,20,20
18969,99,97,2,2
18970,58,55,3,3
18971,78,68,10,10
18972,116,104,12,12
18973,95,98,-3,3
18974,77,65,12,12
18975,100,85,15,15
18976,147,128,19,19
18977,73,66,7,7
18978,90,85,5,5
18979,91,83,8,8
18980,136,120,16,16
18981,156,128,28,28
18982,71,64,7,7
18983,65,57,8,8
18984,82,72,10,10
18985,116,103,13,13
18986,134,114,20,20
18987,70,65,5,5
18988,98,86,12,12
18989,194,167,27,27
18990,58,55,3,3
18991,111,138,-27,27
18992,55,50,5,5
18993,105,95,10,10
18994,85,76,9,9
18995,105,86,19,19
18996,83,80,3,3
18997,96,78,18,18
18998,83,72,11,11
18999,153,139,14,14
19000,81,75,6,6
19001,60,54,6,6
19002,137,127,10,10
19003,140,121,19,19
19004,88,83,5,5
19005,124,114,10,10
19006,101,88,13,13
19007,84,70,14,14
19008,99,84,15,15
19009,59,46,13,13
19010,83,83,0,0
19011,113,109,4,4
19012,83,77,6,6
19013,65,60,5,5
19014,52,50,2,2
19015,120,115,5,5
19016,102,84,18,18
19017,50,66,-16,16
19018,134,126,8,8
19019,90,79,11,11
19020,79,67,12,12
19021,78,73,5,5
19022,122,104,18,18
19023,69,64,5,5
19024,72,62,10,10
19025,71,66,5,5
19026,112,82,30,30
19027,111,90,21,21
19028,96,90,6,6
19029,96,84,12,12
19030,67,62,5,5
19031,102,96,6,6
19032,71,67,4,4
19033,147,132,15,15
19034,123,117,6,6
19035,89,64,25,25
19036,72,70,2,2
19037,81,76,5,5
19038,61,53,8,8
19039,79,73,6,6
19040,112,94,18,18
19041,167,158,9,9
19042,74,69,5,5
19043,122,102,20,20
19044,78,79,-1,1
19045,64,59,5,5
19046,72,70,2,2
19047,90,74,16,16
19048,86,72,14,14
19049,122,104,18,18
19050,70,57,13,13
19051,80,71,9,9
19052,55,51,4,4
19053,86,68,18,18
19054,117,107,10,10
19055,95,85,10,10
19056,88,80,8,8
19057,123,99,24,24
19058,102,85,17,17
19059,73,59,14,14
19060,33,30,3,3
19061,133,111,22,22
19062,65,65,0,0
19063,75,55,20,20
19064,39,31,8,8
19065,119,101,18,18
19066,88,81,7,7
19067,110,88,22,22
19068,59,56,3,3
19069,94,91,3,3
19070,90,76,14,14
19071,64,56,8,8
19072,111,99,12,12
19073,95,87,8,8
19074,77,67,10,10
19075,60,53,7,7
19076,151,134,17,17
19077,90,75,15,15
19078,65,61,4,4
19079,100,105,-5,5
19080,59,54,5,5
19081,89,79,10,10
19082,91,93,-2,2
19083,152,132,20,20
19084,58,50,8,8
19085,98,96,2,2
19086,111,97,14,14
19087,94,80,14,14
19088,98,93,5,5
19089,99,82,17,17
19090,132,118,14,14
19091,99,103,-4,4
19092,163,160,3,3
19093,105,88,17,17
19094,109,102,7,7
19095,49,44,5,5
19096,97,101,-4,4
19097,153,127,26,26
19098,73,83,-10,10
19099,71,66,5,5
19100,89,76,13,13
19101,110,91,19,19
19102,73,68,5,5
19103,151,118,33,33
19104,146,127,19,19
19105,74,66,8,8
19106,76,62,14,14
19107,57,101,-44,44
19108,96,78,18,18
19109,143,116,27,27
19110,98,78,20,20
19111,74,68,6,6
19112,78,66,12,12
19113,139,142,-3,3
19114,81,76,5,5
19115,74,73,1,1
19116,81,70,11,11
19117,149,150,-1,1
19118,59,61,-2,2
19119,92,86,6,6
19120,88,76,12,12
19121,94,85,9,9
19122,106,94,12,12
19123,143,115,28,28
19124,61,61,0,0
19125,84,73,11,11
19126,107,100,7,7
19127,129,119,10,10
19128,80,73,7,7
19129,89,82,7,7
19130,159,140,19,19
19131,44,42,2,2
19132,116,110,6,6
19133,79,74,5,5
19134,82,67,15,15
19135,77,68,9,9
19136,124,103,21,21
19137,97,91,6,6
19138,62,60,2,2
19139,65,61,4,4
19140,78,62,16,16
19141,105,96,9,9
19142,107,103,4,4
19143,60,55,5,5
19144,63,51,12,12
19145,71,63,8,8
19146,122,113,9,9
19147,76,66,10,10
19148,137,127,10,10
19149,89,82,7,7
19150,87,85,2,2
19151,147,139,8,8
19152,121,122,-1,1
19153,91,75,16,16
19154,62,54,8,8
19155,77,77,0,0
19156,95,81,14,14
19157,71,66,5,5
19158,129,127,2,2
19159,114,103,11,11
19160,196,168,28,28
19161,113,103,10,10
19162,122,102,20,20
19163,120,101,19,19
19164,104,105,-1,1
19165,99,87,12,12
19166,80,72,8,8
19167,69,67,2,2
19168,100,95,5,5
19169,63,59,4,4
19170,145,122,23,23
19171,55,43,12,12
19172,91,77,14,14
19173,148,126,22,22
19174,75,61,14,14
19175,106,94,12,12
19176,179,151,28,28
19177,86,87,-1,1
19178,72,63,9,9
19179,127,119,8,8
19180,68,56,12,12
19181,69,79,-10,10
19182,136,126,10,10
19183,91,79,12,12
19184,102,96,6,6
19185,128,106,22,22
19186,94,80,14,14
19187,105,92,13,13
19188,146,125,21,21
19189,72,58,14,14
19190,105,92,13,13
19191,137,120,17,17
19192,169,147,22,22
19193,130,141,-11,11
19194,126,117,9,9
19195,125,106,19,19
19196,102,93,9,9
19197,74,66,8,8
19198,74,73,1,1
19199,97,87,10,10
19200,113,99,14,14
19201,54,49,5,5
19202,127,100,27,27
19203,73,71,2,2
19204,145,141,4,4
19205,117,100,17,17
19206,123,108,15,15
19207,188,151,37,37
19208,75,75,0,0
19209,76,76,0,0
19210,45,47,-2,2
19211,86,77,9,9
19212,74,68,6,6
19213,103,103,0,0
19214,140,114,26,26
19215,95,86,9,9
19216,102,96,6,6
19217,34,32,2,2
19218,101,86,15,15
19219,62,65,-3,3
19220,81,79,2,2
19221,84,75,9,9
19222,114,116,-2,2
19223,90,74,16,16
19224,66,86,-20,20
19225,98,91,7,7
19226,68,65,3,3
19227,115,99,16,16
19228,101,62,39,39
19229,137,117,20,20
19230,125,115,10,10
19231,84,78,6,6
19232,43,50,-7,7
19233,99,82,17,17
19234,126,114,12,12
19235,97,88,9,9
19236,105,88,17,17
19237,74,70,4,4
19238,108,97,11,11
19239,70,62,8,8
19240,49,45,4,4
19241,133,120,13,13
19242,105,89,16,16
19243,147,136,11,11
19244,98,87,11,11
19245,124,107,17,17
19246,73,67,6,6
19247,78,67,11,11
19248,106,98,8,8
19249,63,54,9,9
19250,87,82,5,5
19251,80,67,13,13
19252,101,89,12,12
19253,80,72,8,8
19254,107,86,21,21
19255,65,63,2,2
19256,62,49,13,13
19257,124,117,7,7
19258,37,33,4,4
19259,109,96,13,13
19260,48,50,-2,2
19261,152,128,24,24
19262,163,147,16,16
19263,126,113,13,13
19264,62,75,-13,13
19265,128,125,3,3
19266,104,92,12,12
19267,110,115,-5,5
19268,79,74,5,5
19269,79,73,6,6
19270,145,130,15,15
19271,74,72,2,2
19272,59,57,2,2
19273,107,98,9,9
19274,88,84,4,4
19275,47,49,-2,2
19276,111,107,4,4
19277,108,91,17,17
19278,133,108,25,25
19279,155,148,7,7
19280,85,76,9,9
19281,135,112,23,23
19282,104,90,14,14
19283,149,139,10,10
19284,78,71,7,7
19285,76,68,8,8
19286,96,89,7,7
19287,130,106,24,24
19288,90,77,13,13
19289,55,69,-14,14
19290,123,120,3,3
19291,65,59,6,6
19292,69,43,26,26
19293,50,48,2,2
19294,51,55,-4,4
19295,81,66,15,15
19296,108,101,7,7
19297,81,74,7,7
19298,42,35,7,7
19299,141,111,30,30
19300,66,66,0,0
19301,103,91,12,12
19302,147,125,22,22
19303,105,82,23,23
19304,136,104,32,32
19305,58,53,5,5
19306,108,80,28,28
19307,63,55,8,8
19308,116,107,9,9
19309,147,129,18,18
19310,73,60,13,13
19311,92,87,5,5
19312,63,56,7,7
19313,98,88,10,10
19314,153,134,19,19
19315,98,86,12,12
19316,68,68,0,0
19317,70,51,19,19
19318,69,118,-49,49
19319,68,60,8,8
19320,66,58,8,8
19321,83,72,11,11
19322,113,94,19,19
19323,123,103,20,20
19324,39,36,3,3
19325,127,106,21,21
19326,119,111,8,8
19327,80,70,10,10
19328,202,204,-2,2
19329,71,70,1,1
19330,49,48,1,1
19331,73,75,-2,2
19332,90,89,1,1
19333,86,77,9,9
19334,71,74,-3,3
19335,62,60,2,2
19336,89,76,13,13
19337,205,170,35,35
19338,157,115,42,42
19339,95,99,-4,4
19340,54,54,0,0
19341,86,76,10,10
19342,105,100,5,5
19343,51,52,-1,1
19344,56,48,8,8
19345,142,135,7,7
19346,151,127,24,24
19347,72,60,12,12
19348,71,70,1,1
19349,73,64,9,9
19350,58,53,5,5
19351,175,184,-9,9
19352,132,118,14,14
19353,102,94,8,8
19354,115,101,14,14
19355,92,91,1,1
19356,77,67,10,10
19357,113,101,12,12
19358,103,95,8,8
19359,147,147,0,0
19360,93,95,-2,2
19361,105,99,6,6
19362,95,79,16,16
19363,158,137,21,21
19364,117,106,11,11
19365,113,111,2,2
19366,84,67,17,17
19367,64,63,1,1
19368,98,86,12,12
19369,91,89,2,2
19370,106,86,20,20
19371,57,55,2,2
19372,130,118,12,12
19373,67,65,2,2
19374,60,56,4,4
19375,80,67,13,13
19376,109,98,11,11
19377,56,74,-18,18
19378,61,64,-3,3
19379,162,144,18,18
19380,105,91,14,14
19381,118,101,17,17
19382,88,76,12,12
19383,61,46,15,15
19384,101,88,13,13
19385,130,121,9,9
19386,116,98,18,18
19387,66,58,8,8
19388,67,63,4,4
19389,68,65,3,3
19390,54,45,9,9
19391,76,66,10,10
19392,91,82,9,9
19393,48,40,8,8
19394,108,97,11,11
19395,50,45,5,5
19396,121,117,4,4
19397,55,48,7,7
19398,99,76,23,23
19399,109,97,12,12
19400,129,108,21,21
19401,59,48,11,11
19402,193,171,22,22
19403,115,101,14,14
19404,168,155,13,13
19405,109,100,9,9
19406,79,82,-3,3
19407,69,58,11,11
19408,124,114,10,10
19409,86,86,0,0
19410,108,94,14,14
19411,57,51,6,6
19412,69,58,11,11
19413,73,69,4,4
19414,93,94,-1,1
19415,108,93,15,15
19416,47,41,6,6
19417,96,84,12,12
19418,136,131,5,5
19419,62,44,18,18
19420,35,39,-4,4
19421,168,160,8,8
19422,72,57,15,15
19423,53,45,8,8
19424,181,161,20,20
19425,106,91,15,15
19426,110,111,-1,1
19427,71,71,0,0
19428,81,81,0,0
19429,66,61,5,5
19430,96,94,2,2
19431,94,78,16,16
19432,101,80,21,21
19433,56,49,7,7
19434,161,135,26,26
19435,120,102,18,18
19436,90,83,7,7
19437,74,67,7,7
19438,119,102,17,17
19439,120,107,13,13
19440,116,127,-11,11
19441,72,62,10,10
19442,100,84,16,16
19443,72,63,9,9
19444,152,138,14,14
19445,65,66,-1,1
19446,84,73,11,11
19447,100,90,10,10
19448,116,92,24,24
19449,88,82,6,6
19450,94,93,1,1
19451,76,67,9,9
19452,70,69,1,1
19453,72,77,-5,5
19454,114,101,13,13
19455,95,88,7,7
19456,88,73,15,15
19457,103,104,-1,1
19458,82,74,8,8
19459,66,66,0,0
19460,126,105,21,21
19461,215,210,5,5
19462,127,112,15,15
19463,71,63,8,8
19464,106,84,22,22
19465,125,114,11,11
19466,98,82,16,16
19467,80,84,-4,4
19468,76,71,5,5
19469,126,113,13,13
19470,45,43,2,2
19471,98,89,9,9
19472,75,65,10,10
19473,76,62,14,14
19474,103,97,6,6
19475,149,125,24,24
19476,110,101,9,9
19477,71,65,6,6
19478,121,114,7,7
19479,86,79,7,7
19480,44,36,8,8
19481,126,117,9,9
19482,145,117,28,28
19483,94,94,0,0
19484,49,50,-1,1
19485,99,86,13,13
19486,75,75,0,0
19487,77,84,-7,7
19488,65,65,0,0
19489,117,104,13,13
19490,87,75,12,12
19491,87,88,-1,1
19492,138,129,9,9
19493,66,60,6,6
19494,100,80,20,20
19495,107,90,17,17
19496,82,96,-14,14
19497,76,75,1,1
19498,67,66,1,1
19499,40,42,-2,2
19500,88,85,3,3
19501,184,157,27,27
19502,92,73,19,19
19503,134,122,12,12
19504,105,92,13,13
19505,112,103,9,9
19506,70,62,8,8
19507,70,66,4,4
19508,57,57,0,0
19509,120,108,12,12
19510,98,94,4,4
19511,115,97,18,18
19512,84,85,-1,1
19513,97,83,14,14
19514,85,78,7,7
19515,67,65,2,2
19516,93,75,18,18
19517,123,108,15,15
19518,52,89,-37,37
19519,113,98,15,15
19520,63,56,7,7
19521,97,82,15,15
19522,103,89,14,14
19523,91,92,-1,1
19524,74,68,6,6
19525,110,108,2,2
19526,162,141,21,21
19527,98,87,11,11
19528,103,88,15,15
19529,96,101,-5,5
19530,35,33,2,2
19531,85,80,5,5
19532,69,62,7,7
19533,80,63,17,17
19534,60,51,9,9
19535,87,93,-6,6
19536,77,69,8,8
19537,139,122,17,17
19538,51,47,4,4
19539,122,104,18,18
19540,125,106,19,19
19541,63,50,13,13
19542,125,106,19,19
19543,85,85,0,0
19544,112,99,13,13
19545,58,52,6,6
19546,104,92,12,12
19547,120,102,18,18
19548,43,41,2,2
19549,90,93,-3,3
19550,29,25,4,4
19551,92,77,15,15
19552,99,75,24,24
19553,55,52,3,3
19554,66,54,12,12
19555,78,67,11,11
19556,67,55,12,12
19557,91,70,21,21
19558,143,119,24,24
19559,86,85,1,1
19560,57,64,-7,7
19561,96,78,18,18
19562,101,103,-2,2
19563,58,47,11,11
19564,113,95,18,18
19565,44,36,8,8
19566,140,111,29,29
19567,150,138,12,12
19568,117,111,6,6
19569,86,79,7,7
19570,99,79,20,20
19571,114,93,21,21
19572,81,69,12,12
19573,64,51,13,13
19574,132,122,10,10
19575,82,74,8,8
19576,141,126,15,15
19577,68,74,-6,6
19578,137,116,21,21
19579,75,61,14,14
19580,71,65,6,6
19581,59,35,24,24
19582,45,35,10,10
19583,70,57,13,13
19584,107,95,12,12
19585,59,53,6,6
19586,41,36,5,5
19587,65,63,2,2
19588,50,44,6,6
19589,88,81,7,7
19590,114,103,11,11
19591,64,50,14,14
19592,154,139,15,15
19593,64,61,3,3
19594,46,57,-11,11
19595,120,106,14,14
19596,80,74,6,6
19597,52,45,7,7
19598,88,98,-10,10
19599,65,82,-17,17
19600,49,48,1,1
19601,82,85,-3,3
19602,108,106,2,2
19603,59,56,3,3
19604,68,61,7,7
19605,99,80,19,19
19606,100,89,11,11
19607,100,82,18,18
19608,156,138,18,18
19609,91,87,4,4
19610,152,134,18,18
19611,125,102,23,23
19612,60,55,5,5
19613,43,43,0,0
19614,48,44,4,4
19615,94,89,5,5
19616,70,59,11,11
19617,52,45,7,7
19618,70,61,9,9
19619,154,133,21,21
19620,133,124,9,9
19621,72,64,8,8
19622,79,77,2,2
19623,111,105,6,6
19624,72,63,9,9
19625,147,139,8,8
19626,94,81,13,13
19627,41,37,4,4
19628,79,78,1,1
19629,61,55,6,6
19630,68,65,3,3
19631,70,61,9,9
19632,80,75,5,5
19633,58,57,1,1
19634,45,39,6,6
19635,187,156,31,31
19636,84,72,12,12
19637,76,69,7,7
19638,154,134,20,20
19639,139,119,20,20
19640,173,152,21,21
19641,75,62,13,13
19642,148,131,17,17
19643,174,155,19,19
19644,100,98,2,2
19645,29,24,5,5
19646,102,81,21,21
19647,67,65,2,2
19648,51,44,7,7
19649,133,99,34,34
19650,36,29,7,7
19651,66,56,10,10
19652,65,53,12,12
19653,73,69,4,4
19654,151,119,32,32
19655,87,71,16,16
19656,138,134,4,4
19657,65,59,6,6
19658,97,83,14,14
19659,84,75,9,9
19660,171,150,21,21
19661,110,97,13,13
19662,120,100,20,20
19663,99,86,13,13
19664,135,132,3,3
19665,90,79,11,11
19666,70,60,10,10
19667,99,93,6,6
19668,58,52,6,6
19669,109,122,-13,13
19670,77,69,8,8
19671,74,62,12,12
19672,134,123,11,11
19673,130,104,26,26
19674,65,61,4,4
19675,109,94,15,15
19676,75,72,3,3
19677,125,117,8,8
19678,99,88,11,11
19679,147,132,15,15
19680,160,130,30,30
19681,49,41,8,8
19682,62,60,2,2
19683,332,278,54,54
19684,127,113,14,14
19685,34,30,4,4
19686,145,129,16,16
19687,108,95,13,13
19688,66,64,2,2
19689,65,62,3,3
19690,157,132,25,25
19691,89,73,16,16
19692,97,94,3,3
19693,116,101,15,15
19694,102,91,11,11
19695,118,114,4,4
19696,161,143,18,18
19697,97,88,9,9
19698,40,37,3,3
19699,63,57,6,6
19700,70,72,-2,2
19701,83,71,12,12
19702,100,93,7,7
19703,76,68,8,8
19704,105,92,13,13
19705,72,73,-1,1
19706,69,75,-6,6
19707,136,125,11,11
19708,126,100,26,26
19709,130,125,5,5
19710,116,105,11,11
19711,87,77,10,10
19712,100,93,7,7
19713,100,88,12,12
19714,55,48,7,7
19715,92,84,8,8
19716,101,90,11,11
19717,149,139,10,10
19718,98,80,18,18
19719,89,80,9,9
19720,40,38,2,2
19721,91,77,14,14
19722,103,94,9,9
19723,88,73,15,15
19724,76,81,-5,5
19725,43,46,-3,3
19726,60,56,4,4
19727,165,139,26,26
19728,148,134,14,14
19729,114,101,13,13
19730,97,79,18,18
19731,141,131,10,10
19732,82,79,3,3
19733,89,76,13,13
19734,141,131,10,10
19735,31,37,-6,6
19736,87,89,-2,2
19737,83,80,3,3
19738,64,59,5,5
19739,68,68,0,0
19740,75,62,13,13
19741,102,92,10,10
19742,54,52,2,2
19743,108,102,6,6
19744,104,82,22,22
19745,132,123,9,9
19746,77,68,9,9
19747,130,120,10,10
19748,46,38,8,8
19749,83,31,52,52
19750,79,75,4,4
19751,180,153,27,27
19752,118,115,3,3
19753,105,105,0,0
19754,93,86,7,7
19755,81,65,16,16
19756,61,60,1,1
19757,142,131,11,11
19758,93,87,6,6
19759,100,91,9,9
19760,146,123,23,23
19761,64,61,3,3
19762,116,101,15,15
19763,55,38,17,17
19764,55,55,0,0
19765,86,90,-4,4
19766,90,77,13,13
19767,146,131,15,15
19768,55,46,9,9
19769,76,67,9,9
19770,48,49,-1,1
19771,84,67,17,17
19772,62,55,7,7
19773,93,79,14,14
19774,104,91,13,13
19775,108,96,12,12
19776,83,81,2,2
19777,57,46,11,11
19778,76,66,10,10
19779,100,116,-16,16
19780,96,89,7,7
19781,124,86,38,38
19782,55,60,-5,5
19783,61,55,6,6
19784,104,94,10,10
19785,70,64,6,6
19786,94,78,16,16
19787,64,64,0,0
19788,113,108,5,5
19789,92,85,7,7
19790,136,133,3,3
19791,115,89,26,26
19792,103,102,1,1
19793,84,80,4,4
19794,60,57,3,3
19795,83,102,-19,19
19796,127,117,10,10
19797,137,119,18,18
19798,64,48,16,16
19799,180,156,24,24
19800,144,120,24,24
19801,82,69,13,13
19802,89,74,15,15
19803,122,121,1,1
19804,85,80,5,5
19805,127,105,22,22
19806,86,71,15,15
19807,81,76,5,5
19808,102,83,19,19
19809,104,71,33,33
19810,47,41,6,6
19811,163,135,28,28
19812,102,89,13,13
19813,152,122,30,30
19814,139,117,22,22
19815,88,68,20,20
19816,57,45,12,12
19817,79,66,13,13
19818,60,43,17,17
19819,104,87,17,17
19820,92,81,11,11
19821,74,64,10,10
19822,94,82,12,12
19823,102,99,3,3
19824,109,93,16,16
19825,86,74,12,12
19826,85,68,17,17
19827,86,73,13,13
19828,158,132,26,26
19829,78,67,11,11
19830,72,63,9,9
19831,127,116,11,11
19832,81,75,6,6
19833,99,90,9,9
19834,64,61,3,3
19835,137,130,7,7
19836,99,92,7,7
19837,74,72,2,2
19838,80,80,0,0
19839,99,100,-1,1
19840,95,92,3,3
19841,48,43,5,5
19842,77,71,6,6
19843,88,85,3,3
19844,99,90,9,9
19845,87,70,17,17
19846,75,71,4,4
19847,103,98,5,5
19848,190,170,20,20
19849,88,42,46,46
19850,85,80,5,5
19851,59,46,13,13
19852,63,72,-9,9
19853,85,76,9,9
19854,67,79,-12,12
19855,76,76,0,0
19856,115,101,14,14
19857,62,56,6,6
19858,61,59,2,2
19859,147,131,16,16
19860,153,135,18,18
19861,68,54,14,14
19862,106,103,3,3
19863,79,70,9,9
19864,165,141,24,24
19865,63,52,11,11
19866,106,97,9,9
19867,74,70,4,4
19868,135,120,15,15
19869,76,73,3,3
19870,113,109,4,4
19871,77,73,4,4
19872,67,63,4,4
19873,93,97,-4,4
19874,170,153,17,17
19875,77,76,1,1
19876,88,75,13,13
19877,103,91,12,12
19878,85,77,8,8
19879,82,67,15,15
19880,70,70,0,0
19881,94,98,-4,4
19882,44,45,-1,1
19883,103,83,20,20
19884,99,89,10,10
19885,67,59,8,8
19886,56,57,-1,1
19887,94,84,10,10
19888,77,70,7,7
19889,68,63,5,5
19890,125,102,23,23
19891,110,98,12,12
19892,102,79,23,23
19893,57,43,14,14
19894,68,78,-10,10
19895,75,68,7,7
19896,101,87,14,14
19897,57,49,8,8
19898,93,98,-5,5
19899,52,31,21,21
19900,57,53,4,4
19901,123,102,21,21
19902,111,109,2,2
19903,62,59,3,3
19904,89,91,-2,2
19905,114,98,16,16
19906,45,45,0,0
19907,79,69,10,10
19908,134,113,21,21
19909,101,86,15,15
19910,92,82,10,10
19911,74,65,9,9
19912,95,82,13,13
19913,49,49,0,0
19914,86,72,14,14
19915,50,61,-11,11
19916,55,48,7,7
19917,49,41,8,8
19918,87,81,6,6
19919,59,58,1,1
19920,108,102,6,6
19921,88,82,6,6
19922,118,114,4,4
19923,108,93,15,15
19924,38,58,-20,20
19925,94,81,13,13
19926,35,39,-4,4
19927,114,106,8,8
19928,124,104,20,20
19929,108,104,4,4
19930,129,129,0,0
19931,69,65,4,4
19932,108,104,4,4
19933,66,63,3,3
19934,62,55,7,7
19935,107,98,9,9
19936,65,58,7,7
19937,169,138,31,31
19938,115,101,14,14
19939,116,106,10,10
19940,87,79,8,8
19941,62,57,5,5
19942,128,109,19,19
19943,126,120,6,6
19944,139,131,8,8
19945,217,179,38,38
19946,147,133,14,14
19947,117,98,19,19
19948,181,167,14,14
19949,101,109,-8,8
19950,66,64,2,2
19951,77,65,12,12
19952,110,102,8,8
19953,186,168,18,18
19954,60,51,9,9
19955,68,62,6,6
19956,125,117,8,8
19957,52,44,8,8
19958,75,67,8,8
19959,109,103,6,6
19960,44,53,-9,9
19961,123,115,8,8
19962,123,107,16,16
19963,69,58,11,11
19964,51,46,5,5
19965,148,125,23,23
19966,104,85,19,19
19967,64,58,6,6
19968,82,83,-1,1
19969,82,69,13,13
19970,135,127,8,8
19971,54,51,3,3
19972,88,69,19,19
19973,88,74,14,14
19974,102,88,14,14
19975,45,43,2,2
19976,85,75,10,10
19977,117,95,22,22
19978,124,106,18,18
19979,60,54,6,6
19980,40,51,-11,11
19981,133,120,13,13
19982,101,89,12,12
19983,80,69,11,11
19984,90,98,-8,8
19985,85,80,5,5
19986,68,60,8,8
19987,150,138,12,12
19988,86,71,15,15
19989,105,99,6,6
19990,45,42,3,3
19991,149,149,0,0
19992,74,68,6,6
19993,40,40,0,0
19994,75,73,2,2
19995,47,45,2,2
19996,70,65,5,5
19997,56,49,7,7
19998,46,43,3,3
19999,98,94,4,4
20000,107,92,15,15
20001,121,102,19,19
20002,192,176,16,16
20003,50,47,3,3
20004,62,70,-8,8
20005,93,83,10,10
20006,96,75,21,21
20007,72,62,10,10
20008,134,127,7,7
20009,98,86,12,12
20010,159,127,32,32
20011,115,99,16,16
20012,54,48,6,6
20013,60,54,6,6
20014,80,71,9,9
20015,103,94,9,9
20016,89,74,15,15
20017,118,107,11,11
20018,109,95,14,14
20019,65,66,-1,1
20020,62,63,-1,1
20021,100,90,10,10
20022,127,122,5,5
20023,54,50,4,4
20024,113,93,20,20
20025,122,105,17,17
20026,140,117,23,23
20027,71,59,12,12
20028,86,82,4,4
20029,94,89,5,5
20030,124,108,16,16
20031,59,53,6,6
20032,115,100,15,15
20033,61,51,10,10
20034,65,51,14,14
20035,79,74,5,5
20036,122,101,21,21
20037,97,93,4,4
20038,64,62,2,2
20039,107,92,15,15
20040,109,98,11,11
20041,70,62,8,8
20042,63,53,10,10
20043,104,93,11,11
20044,88,68,20,20
20045,91,84,7,7
20046,136,125,11,11
20047,67,59,8,8
20048,65,57,8,8
20049,97,90,7,7
20050,114,108,6,6
20051,122,127,-5,5
20052,76,63,13,13
20053,96,89,7,7
20054,90,71,19,19
20055,68,59,9,9
20056,78,71,7,7
20057,158,130,28,28
20058,77,73,4,4
20059,65,56,9,9
20060,126,106,20,20
20061,102,85,17,17
20062,96,79,17,17
20063,120,115,5,5
20064,44,41,3,3
20065,68,65,3,3
20066,170,157,13,13
20067,40,34,6,6
20068,43,46,-3,3
20069,95,78,17,17
20070,114,98,16,16
20071,60,54,6,6
20072,35,35,0,0
20073,70,59,11,11
20074,126,115,11,11
20075,68,60,8,8
20076,137,133,4,4
20077,154,116,38,38
20078,139,127,12,12
20079,103,89,14,14
20080,82,65,17,17
20081,94,93,1,1
20082,136,116,20,20
20083,81,65,16,16
20084,51,41,10,10
20085,126,115,11,11
20086,89,114,-25,25
20087,88,83,5,5
20088,77,59,18,18
20089,83,78,5,5
20090,77,61,16,16
20091,84,75,9,9
20092,82,61,21,21
20093,65,58,7,7
20094,113,91,22,22
20095,78,82,-4,4
20096,54,49,5,5
20097,94,94,0,0
20098,59,58,1,1
20099,117,113,4,4
20100,78,60,18,18
20101,48,34,14,14
20102,54,55,-1,1
20103,99,94,5,5
20104,71,63,8,8
20105,136,119,17,17
20106,45,44,1,1
20107,84,78,6,6
20108,82,74,8,8
20109,45,44,1,1
20110,125,93,32,32
20111,50,46,4,4
20112,71,67,4,4
20113,89,73,16,16
20114,61,62,-1,1
20115,105,87,18,18
20116,143,129,14,14
20117,185,156,29,29
20118,48,39,9,9
20119,98,89,9,9
20120,38,39,-1,1
20121,92,76,16,16
20122,139,125,14,14
20123,99,80,19,19
20124,106,96,10,10
20125,60,68,-8,8
20126,96,71,25,25
20127,138,131,7,7
20128,83,78,5,5
20129,152,109,43,43
20130,115,108,7,7
20131,84,84,0,0
20132,133,116,17,17
20133,128,115,13,13
20134,78,70,8,8
20135,93,84,9,9
20136,105,94,11,11
20137,90,84,6,6
20138,205,165,40,40
20139,80,72,8,8
20140,80,72,8,8
20141,118,91,27,27
20142,60,63,-3,3
20143,101,88,13,13
20144,95,84,11,11
20145,130,130,0,0
20146,113,98,15,15
20147,79,79,0,0
20148,88,80,8,8
20149,109,94,15,15
20150,98,104,-6,6
20151,70,59,11,11
20152,92,83,9,9
20153,157,153,4,4
20154,44,48,-4,4
20155,95,81,14,14
20156,87,72,15,15
20157,109,85,24,24
20158,111,100,11,11
20159,86,72,14,14
20160,149,138,11,11
20161,111,94,17,17
20162,45,41,4,4
20163,150,136,14,14
20164,89,71,18,18
20165,67,69,-2,2
20166,87,84,3,3
20167,150,125,25,25
20168,124,95,29,29
20169,96,85,11,11
20170,125,114,11,11
20171,116,117,-1,1
20172,80,73,7,7
20173,156,121,35,35
20174,159,150,9,9
20175,108,97,11,11
20176,90,80,10,10
20177,117,97,20,20
20178,139,119,20,20
20179,87,78,9,9
20180,79,63,16,16
20181,103,94,9,9
20182,157,131,26,26
20183,159,156,3,3
20184,46,71,-25,25
20185,84,78,6,6
20186,62,63,-1,1
20187,99,92,7,7
20188,62,56,6,6
20189,87,92,-5,5
20190,186,171,15,15
20191,104,86,18,18
20192,83,73,10,10
20193,82,73,9,9
20194,82,76,6,6
20195,116,108,8,8
20196,48,41,7,7
20197,72,73,-1,1
20198,81,74,7,7
20199,89,87,2,2
20200,66,62,4,4
20201,99,90,9,9
20202,97,84,13,13
20203,83,71,12,12
20204,57,48,9,9
20205,95,84,11,11
20206,81,75,6,6
20207,77,79,-2,2
20208,65,57,8,8
20209,109,98,11,11
20210,58,51,7,7
20211,38,35,3,3
20212,109,98,11,11
20213,128,114,14,14
20214,68,54,14,14
20215,134,122,12,12
20216,80,77,3,3
20217,197,174,23,23
20218,105,96,9,9
20219,78,69,9,9
20220,99,104,-5,5
20221,88,80,8,8
20222,105,91,14,14
20223,63,69,-6,6
20224,76,93,-17,17
20225,80,75,5,5
20226,68,67,1,1
20227,97,86,11,11
20228,107,92,15,15
20229,96,72,24,24
20230,120,119,1,1
20231,110,92,18,18
20232,67,62,5,5
20233,154,130,24,24
20234,133,107,26,26
20235,98,84,14,14
20236,93,82,11,11
20237,93,82,11,11
20238,95,89,6,6
20239,96,81,15,15
20240,66,57,9,9
20241,54,48,6,6
20242,89,78,11,11
20243,165,140,25,25
20244,189,168,21,21
20245,62,62,0,0
20246,49,45,4,4
20247,59,52,7,7
20248,82,71,11,11
20249,75,68,7,7
20250,121,103,18,18
20251,116,97,19,19
20252,185,168,17,17
20253,139,125,14,14
20254,73,68,5,5
20255,147,136,11,11
20256,109,106,3,3
20257,119,106,13,13
20258,83,67,16,16
20259,122,114,8,8
20260,84,83,1,1
20261,130,111,19,19
20262,137,132,5,5
20263,96,89,7,7
20264,81,73,8,8
20265,123,104,19,19
20266,83,63,20,20
20267,104,90,14,14
20268,121,95,26,26
20269,130,107,23,23
20270,104,90,14,14
20271,107,91,16,16
20272,121,103,18,18
20273,76,70,6,6
20274,59,52,7,7
20275,127,118,9,9
20276,179,169,10,10
20277,70,67,3,3
20278,83,76,7,7
20279,83,81,2,2
20280,52,58,-6,6
20281,58,58,0,0
20282,116,110,6,6
20283,57,57,0,0
20284,107,92,15,15
20285,164,154,10,10
20286,110,93,17,17
20287,101,91,10,10
20288,159,139,20,20
20289,103,101,2,2
20290,133,128,5,5
20291,59,69,-10,10
20292,93,96,-3,3
20293,129,110,19,19
20294,49,57,-8,8
20295,98,89,9,9
20296,100,86,14,14
20297,131,123,8,8
20298,140,129,11,11
20299,87,81,6,6
20300,138,118,20,20
20301,145,132,13,13
20302,124,106,18,18
20303,111,100,11,11
20304,128,108,20,20
20305,83,65,18,18
20306,90,90,0,0
20307,96,88,8,8
20308,160,142,18,18
20309,75,71,4,4
20310,83,81,2,2
20311,115,101,14,14
20312,78,75,3,3
20313,91,83,8,8
20314,60,51,9,9
20315,92,83,9,9
20316,107,88,19,19
20317,94,93,1,1
20318,75,97,-22,22
20319,60,51,9,9
20320,58,61,-3,3
20321,103,97,6,6
20322,68,60,8,8
20323,141,119,22,22
20324,89,89,0,0
20325,172,139,33,33
20326,147,134,13,13
20327,94,77,17,17
20328,128,115,13,13
20329,76,67,9,9
20330,97,81,16,16
20331,110,101,9,9
20332,89,81,8,8
20333,72,60,12,12
20334,104,101,3,3
20335,82,92,-10,10
20336,87,77,10,10
20337,96,88,8,8
20338,94,96,-2,2
20339,158,146,12,12
20340,102,88,14,14
20341,62,61,1,1
20342,53,53,0,0
20343,98,84,14,14
20344,96,82,14,14
20345,79,76,3,3
20346,131,110,21,21
20347,44,45,-1,1
20348,102,83,19,19
20349,69,67,2,2
20350,106,102,4,4
20351,128,124,4,4
20352,49,47,2,2
20353,123,105,18,18
20354,191,157,34,34
20355,116,94,22,22
20356,127,111,16,16
20357,42,37,5,5
20358,124,93,31,31
20359,92,94,-2,2
20360,143,120,23,23
20361,68,59,9,9
20362,111,96,15,15
20363,120,121,-1,1
20364,93,81,12,12
20365,46,47,-1,1
20366,116,103,13,13
20367,84,74,10,10
20368,39,38,1,1
20369,70,57,13,13
20370,59,66,-7,7
20371,107,117,-10,10
20372,59,48,11,11
20373,115,99,16,16
20374,92,94,-2,2
20375,105,106,-1,1
20376,110,90,20,20
20377,60,52,8,8
20378,119,96,23,23
20379,106,100,6,6
20380,90,82,8,8
20381,63,59,4,4
20382,103,87,16,16
20383,105,102,3,3
20384,98,93,5,5
20385,48,45,3,3
20386,110,122,-12,12
20387,119,97,22,22
20388,86,80,6,6
20389,82,90,-8,8
20390,65,56,9,9
20391,89,79,10,10
20392,118,113,5,5
20393,146,120,26,26
20394,65,65,0,0
20395,125,114,11,11
20396,87,78,9,9
20397,89,85,4,4
20398,75,67,8,8
20399,87,74,13,13
20400,130,121,9,9
20401,51,44,7,7
20402,129,121,8,8
20403,81,68,13,13
20404,80,67,13,13
20405,66,63,3,3
20406,47,45,2,2
20407,103,98,5,5
20408,77,81,-4,4
20409,60,60,0,0
20410,133,120,13,13
20411,66,58,8,8
20412,161,138,23,23
20413,101,96,5,5
20414,80,79,1,1
20415,124,121,3,3
20416,140,125,15,15
20417,120,100,20,20
20418,141,123,18,18
20419,90,81,9,9
20420,54,54,0,0
20421,63,52,11,11
20422,115,108,7,7
20423,59,61,-2,2
20424,68,65,3,3
20425,51,48,3,3
20426,56,56,0,0
20427,69,73,-4,4
20428,71,67,4,4
20429,103,97,6,6
20430,94,91,3,3
20431,157,156,1,1
20432,122,104,18,18
20433,111,101,10,10
20434,120,116,4,4
20435,103,83,20,20
20436,62,59,3,3
20437,130,120,10,10
20438,81,70,11,11
20439,166,137,29,29
20440,79,77,2,2
20441,90,88,2,2
20442,91,84,7,7
20443,44,41,3,3
20444,87,84,3,3
20445,117,104,13,13
20446,101,98,3,3
20447,106,104,2,2
20448,102,85,17,17
20449,74,65,9,9
20450,175,149,26,26
20451,71,72,-1,1
20452,122,107,15,15
20453,165,147,18,18
20454,134,119,15,15
20455,192,159,33,33
20456,80,65,15,15
20457,65,56,9,9
20458,105,99,6,6
20459,121,104,17,17
20460,84,77,7,7
20461,106,96,10,10
20462,91,77,14,14
20463,174,163,11,11
20464,64,53,11,11
20465,58,56,2,2
20466,76,60,16,16
20467,70,70,0,0
20468,143,128,15,15
20469,92,82,10,10
20470,94,85,9,9
20471,95,81,14,14
20472,119,102,17,17
20473,101,86,15,15
20474,110,98,12,12
20475,144,141,3,3
20476,129,128,1,1
20477,79,69,10,10
20478,99,94,5,5
20479,85,74,11,11
20480,142,118,24,24
20481,77,78,-1,1
20482,62,58,4,4
20483,122,113,9,9
20484,106,99,7,7
20485,52,41,11,11
20486,79,68,11,11
20487,95,78,17,17
20488,77,74,3,3
20489,89,80,9,9
20490,70,67,3,3
20491,97,86,11,11
20492,100,100,0,0
20493,79,63,16,16
20494,138,129,9,9
20495,123,103,20,20
20496,152,118,34,34
20497,135,119,16,16
20498,83,77,6,6
20499,118,95,23,23
20500,91,78,13,13
20501,83,75,8,8
20502,77,72,5,5
20503,69,60,9,9
20504,68,63,5,5
20505,139,123,16,16
20506,171,155,16,16
20507,80,70,10,10
20508,83,68,15,15
20509,108,93,15,15
20510,92,85,7,7
20511,59,52,7,7
20512,74,65,9,9
20513,62,54,8,8
20514,138,122,16,16
20515,55,47,8,8
20516,85,73,12,12
20517,77,69,8,8
20518,39,33,6,6
20519,65,59,6,6
20520,109,104,5,5
20521,91,84,7,7
20522,74,63,11,11
20523,74,72,2,2
20524,154,135,19,19
20525,153,133,20,20
20526,40,32,8,8
20527,110,99,11,11
20528,63,54,9,9
20529,114,98,16,16
20530,114,113,1,1
20531,62,64,-2,2
20532,81,64,17,17
20533,49,49,0,0
20534,63,56,7,7
20535,93,82,11,11
20536,76,64,12,12
20537,146,131,15,15
20538,87,73,14,14
20539,162,140,22,22
20540,91,91,0,0
20541,107,113,-6,6
20542,82,80,2,2
20543,97,83,14,14
20544,42,36,6,6
20545,81,72,9,9
20546,115,98,17,17
20547,120,105,15,15
20548,62,57,5,5
20549,131,128,3,3
20550,82,77,5,5
20551,59,55,4,4
20552,127,122,5,5
20553,100,80,20,20
20554,92,78,14,14
20555,55,55,0,0
20556,111,96,15,15
20557,92,82,10,10
20558,111,104,7,7
20559,189,154,35,35
20560,93,74,19,19
20561,61,52,9,9
20562,50,39,11,11
20563,62,57,5,5
20564,46,46,0,0
20565,145,138,7,7
20566,82,76,6,6
20567,83,73,10,10
20568,78,68,10,10
20569,69,58,11,11
20570,117,92,25,25
20571,142,123,19,19
20572,111,103,8,8
20573,72,60,12,12
20574,95,79,16,16
20575,141,114,27,27
20576,179,152,27,27
20577,85,82,3,3
20578,286,222,64,64
20579,87,71,16,16
20580,93,82,11,11
20581,87,75,12,12
20582,49,45,4,4
20583,87,79,8,8
20584,143,105,38,38
20585,98,91,7,7
20586,70,62,8,8
20587,112,100,12,12
20588,53,51,2,2
20589,55,52,3,3
20590,88,76,12,12
20591,113,105,8,8
20592,86,79,7,7
20593,59,42,17,17
20594,62,54,8,8
20595,71,71,0,0
20596,102,111,-9,9
20597,69,67,2,2
20598,117,106,11,11
20599,79,71,8,8
20600,131,121,10,10
20601,45,42,3,3
20602,81,72,9,9
20603,62,65,-3,3
20604,82,79,3,3
20605,86,76,10,10
20606,52,42,10,10
20607,79,74,5,5
20608,108,91,17,17
20609,62,61,1,1
20610,94,86,8,8
20611,74,78,-4,4
20612,136,116,20,20
20613,151,125,26,26
20614,145,143,2,2
20615,99,88,11,11
20616,169,163,6,6
20617,69,65,4,4
20618,54,48,6,6
20619,93,77,16,16
20620,106,93,13,13
20621,77,69,8,8
20622,100,101,-1,1
20623,96,95,1,1
20624,56,49,7,7
20625,99,84,15,15
20626,115,108,7,7
20627,90,80,10,10
20628,56,55,1,1
20629,83,67,16,16
20630,117,99,18,18
20631,75,73,2,2
20632,88,76,12,12
20633,80,71,9,9
20634,150,119,31,31
20635,126,99,27,27
20636,92,78,14,14
20637,117,102,15,15
20638,75,70,5,5
20639,92,76,16,16
20640,72,68,4,4
20641,45,45,0,0
20642,55,63,-8,8
20643,123,122,1,1
20644,127,107,20,20
20645,128,119,9,9
20646,161,143,18,18
20647,130,112,18,18
20648,87,71,16,16
20649,223,168,55,55
20650,79,73,6,6
20651,155,130,25,25
20652,77,72,5,5
20653,82,66,16,16
20654,101,96,5,5
20655,89,83,6,6
20656,106,100,6,6
20657,68,50,18,18
20658,98,89,9,9
20659,102,97,5,5
20660,88,70,18,18
20661,102,91,11,11
20662,173,146,27,27
20663,52,57,-5,5
20664,114,104,10,10
20665,85,67,18,18
20666,86,77,9,9
20667,77,64,13,13
20668,81,72,9,9
20669,89,75,14,14
20670,149,125,24,24
20671,68,69,-1,1
20672,77,68,9,9
20673,83,75,8,8
20674,71,63,8,8
20675,71,67,4,4
20676,91,87,4,4
20677,56,56,0,0
20678,80,76,4,4
20679,129,109,20,20
20680,95,83,12,12
20681,114,92,22,22
20682,149,125,24,24
20683,74,66,8,8
20684,84,66,18,18
20685,72,63,9,9
20686,119,106,13,13
20687,82,66,16,16
20688,94,106,-12,12
20689,89,90,-1,1
20690,45,42,3,3
20691,77,60,17,17
20692,169,158,11,11
20693,100,77,23,23
20694,114,96,18,18
20695,95,83,12,12
20696,97,103,-6,6
20697,224,196,28,28
20698,96,87,9,9
20699,66,60,6,6
20700,97,87,10,10
20701,113,99,14,14
20702,107,101,6,6
20703,59,63,-4,4
20704,148,142,6,6
20705,66,48,18,18
20706,151,145,6,6
20707,87,75,12,12
20708,119,98,21,21
20709,63,52,11,11
20710,122,105,17,17
20711,75,65,10,10
20712,142,128,14,14
20713,33,32,1,1
20714,86,80,6,6
20715,33,34,-1,1
20716,144,110,34,34
20717,124,108,16,16
20718,77,70,7,7
20719,144,129,15,15
20720,88,85,3,3
20721,87,84,3,3
20722,45,38,7,7
20723,104,81,23,23
20724,70,65,5,5
20725,87,77,10,10
20726,139,127,12,12
20727,136,125,11,11
20728,85,67,18,18
20729,106,99,7,7
20730,134,117,17,17
20731,98,85,13,13
20732,77,73,4,4
20733,131,121,10,10
20734,125,133,-8,8
20735,76,66,10,10
20736,110,95,15,15
20737,123,103,20,20
20738,56,42,14,14
20739,62,58,4,4
20740,59,52,7,7
20741,96,94,2,2
20742,107,90,17,17
20743,126,122,4,4
20744,114,105,9,9
20745,85,84,1,1
20746,63,51,12,12
20747,59,67,-8,8
20748,80,66,14,14
20749,93,79,14,14
20750,82,82,0,0
20751,73,63,10,10
20752,133,119,14,14
20753,145,119,26,26
20754,78,70,8,8
20755,89,81,8,8
20756,81,71,10,10
20757,100,90,10,10
20758,129,126,3,3
20759,80,76,4,4
20760,122,108,14,14
20761,26,35,-9,9
20762,151,134,17,17
20763,118,117,1,1
20764,146,121,25,25
20765,75,68,7,7
20766,80,94,-14,14
20767,52,55,-3,3
20768,128,105,23,23
20769,76,83,-7,7
20770,73,68,5,5
20771,55,51,4,4
20772,94,86,8,8
20773,115,97,18,18
20774,70,64,6,6
20775,125,104,21,21
20776,50,41,9,9
20777,90,84,6,6
20778,110,96,14,14
20779,120,112,8,8
20780,62,58,4,4
20781,78,80,-2,2
20782,132,119,13,13
20783,46,40,6,6
20784,140,140,0,0
20785,97,83,14,14
20786,53,47,6,6
20787,93,86,7,7
20788,145,123,22,22
20789,84,82,2,2
20790,121,114,7,7
20791,124,112,12,12
20792,65,58,7,7
20793,129,124,5,5
20794,111,98,13,13
20795,81,62,19,19
20796,87,65,22,22
20797,64,62,2,2
20798,92,80,12,12
20799,74,65,9,9
20800,78,68,10,10
20801,72,71,1,1
20802,101,93,8,8
20803,35,35,0,0
20804,171,147,24,24
20805,54,43,11,11
20806,155,154,1,1
20807,151,136,15,15
20808,45,39,6,6
20809,87,76,11,11
20810,115,99,16,16
20811,75,61,14,14
20812,89,82,7,7
20813,134,111,23,23
20814,65,61,4,4
20815,51,45,6,6
20816,33,31,2,2
20817,85,86,-1,1
20818,114,100,14,14
20819,120,106,14,14
20820,83,77,6,6
20821,106,98,8,8
20822,41,40,1,1
20823,101,107,-6,6
20824,134,114,20,20
20825,132,121,11,11
20826,53,53,0,0
20827,89,77,12,12
20828,120,114,6,6
20829,106,104,2,2
20830,165,140,25,25
20831,59,61,-2,2
20832,77,68,9,9
20833,105,89,16,16
20834,113,107,6,6
20835,85,78,7,7
20836,57,49,8,8
20837,101,100,1,1
20838,109,96,13,13
20839,129,120,9,9
20840,75,79,-4,4
20841,143,129,14,14
20842,48,46,2,2
20843,115,110,5,5
20844,57,96,-39,39
20845,76,66,10,10
20846,79,70,9,9
20847,107,96,11,11
20848,61,62,-1,1
20849,134,125,9,9
20850,93,80,13,13
20851,141,127,14,14
20852,81,65,16,16
20853,65,65,0,0
20854,148,130,18,18
20855,70,70,0,0
20856,78,78,0,0
20857,46,41,5,5
20858,108,101,7,7
20859,94,87,7,7
20860,165,150,15,15
20861,83,84,-1,1
20862,131,120,11,11
20863,91,78,13,13
20864,86,105,-19,19
20865,99,91,8,8
20866,111,88,23,23
20867,93,82,11,11
20868,82,65,17,17
20869,60,63,-3,3
20870,89,78,11,11
20871,153,141,12,12
20872,102,92,10,10
20873,92,91,1,1
20874,102,89,13,13
20875,118,109,9,9
20876,75,65,10,10
20877,176,156,20,20
20878,129,113,16,16
20879,69,73,-4,4
20880,83,72,11,11
20881,124,108,16,16
20882,68,55,13,13
20883,102,89,13,13
20884,63,56,7,7
20885,96,102,-6,6
20886,120,117,3,3
20887,75,74,1,1
20888,111,102,9,9
20889,181,150,31,31
20890,82,73,9,9
20891,132,117,15,15
20892,48,66,-18,18
20893,75,69,6,6
20894,64,56,8,8
20895,41,39,2,2
20896,64,70,-6,6
20897,97,87,10,10
20898,77,74,3,3
20899,91,76,15,15
20900,51,46,5,5
20901,68,63,5,5
20902,121,121,0,0
20903,86,73,13,13
20904,59,55,4,4
20905,107,97,10,10
20906,84,82,2,2
20907,55,48,7,7
20908,76,81,-5,5
20909,93,77,16,16
20910,40,34,6,6
20911,118,92,26,26
20912,156,146,10,10
20913,126,111,15,15
20914,74,65,9,9
20915,96,88,8,8
20916,121,110,11,11
20917,76,62,14,14
20918,122,125,-3,3
20919,89,74,15,15
20920,59,50,9,9
20921,84,63,21,21
20922,83,72,11,11
20923,73,63,10,10
20924,63,56,7,7
20925,64,63,1,1
20926,125,102,23,23
20927,101,80,21,21
20928,122,122,0,0
20929,63,57,6,6
20930,107,100,7,7
20931,68,59,9,9
20932,74,63,11,11
20933,102,96,6,6
20934,119,110,9,9
20935,106,86,20,20
20936,66,60,6,6
20937,87,78,9,9
20938,85,75,10,10
20939,66,53,13,13
20940,145,131,14,14
20941,180,150,30,30
20942,75,69,6,6
20943,63,67,-4,4
20944,144,135,9,9
20945,66,62,4,4
20946,49,41,8,8
20947,98,88,10,10
20948,77,58,19,19
20949,105,92,13,13
20950,81,92,-11,11
20951,92,75,17,17
20952,104,100,4,4
20953,151,139,12,12
20954,51,46,5,5
20955,124,120,4,4
20956,84,74,10,10
20957,58,53,5,5
20958,108,93,15,15
20959,41,36,5,5
20960,151,128,23,23
20961,113,91,22,22
20962,138,121,17,17
20963,70,69,1,1
20964,106,97,9,9
20965,95,93,2,2
20966,121,111,10,10
20967,66,57,9,9
20968,98,86,12,12
20969,70,66,4,4
20970,142,125,17,17
20971,139,129,10,10
20972,62,54,8,8
20973,138,132,6,6
20974,70,63,7,7
20975,138,104,34,34
20976,105,89,16,16
20977,61,54,7,7
20978,113,109,4,4
20979,173,139,34,34
20980,94,81,13,13
20981,90,77,13,13
20982,112,100,12,12
20983,43,38,5,5
20984,140,132,8,8
20985,197,187,10,10
20986,116,97,19,19
20987,229,189,40,40
20988,119,104,15,15
20989,80,60,20,20
20990,115,108,7,7
20991,61,61,0,0
20992,41,40,1,1
20993,101,84,17,17
20994,185,171,14,14
20995,46,39,7,7
20996,221,193,28,28
20997,113,98,15,15
20998,60,57,3,3
20999,116,89,27,27
21000,125,109,16,16
21001,99,88,11,11
21002,97,102,-5,5
21003,171,144,27,27
21004,79,74,5,5
21005,73,66,7,7
21006,80,80,0,0
21007,148,124,24,24
21008,111,114,-3,3
21009,110,106,4,4
21010,84,83,1,1
21011,60,61,-1,1
21012,94,78,16,16
21013,57,54,3,3
21014,118,105,13,13
21015,115,102,13,13
21016,118,120,-2,2
21017,133,112,21,21
21018,67,62,5,5
21019,148,134,14,14
21020,34,83,-49,49
21021,59,50,9,9
21022,71,62,9,9
21023,59,50,9,9
21024,58,64,-6,6
21025,61,46,15,15
21026,105,92,13,13
21027,144,126,18,18
21028,135,122,13,13
21029,120,107,13,13
21030,180,160,20,20
21031,177,145,32,32
21032,115,116,-1,1
21033,138,119,19,19
21034,113,89,24,24
21035,97,84,13,13
21036,88,73,15,15
21037,108,110,-2,2
21038,106,93,13,13
21039,81,70,11,11
21040,105,93,12,12
21041,30,32,-2,2
21042,97,88,9,9
21043,39,31,8,8
21044,57,49,8,8
21045,92,103,-11,11
21046,85,70,15,15
21047,94,78,16,16
21048,165,139,26,26
21049,119,116,3,3
21050,120,105,15,15
21051,139,118,21,21
21052,42,38,4,4
21053,78,71,7,7
21054,78,73,5,5
21055,73,59,14,14
21056,84,75,9,9
21057,159,139,20,20
21058,84,76,8,8
21059,133,117,16,16
21060,87,81,6,6
21061,147,123,24,24
21062,83,73,10,10
21063,51,44,7,7
21064,107,96,11,11
21065,62,53,9,9
21066,94,81,13,13
21067,62,55,7,7
21068,79,73,6,6
21069,177,142,35,35
21070,104,77,27,27
21071,85,85,0,0
21072,100,87,13,13
21073,69,60,9,9
21074,119,111,8,8
21075,90,71,19,19
21076,82,71,11,11
21077,54,44,10,10
21078,115,91,24,24
21079,74,60,14,14
21080,113,99,14,14
21081,56,49,7,7
21082,68,69,-1,1
21083,195,171,24,24
21084,150,125,25,25
21085,62,66,-4,4
21086,71,65,6,6
21087,81,70,11,11
21088,131,117,14,14
21089,90,76,14,14
21090,86,86,0,0
21091,168,163,5,5
21092,101,87,14,14
21093,109,95,14,14
21094,71,95,-24,24
21095,67,59,8,8
21096,115,101,14,14
21097,95,84,11,11
21098,84,69,15,15
21099,74,75,-1,1
21100,69,56,13,13
21101,63,64,-1,1
21102,127,109,18,18
21103,82,78,4,4
21104,78,68,10,10
21105,78,71,7,7
21106,147,126,21,21
21107,96,84,12,12
21108,72,71,1,1
21109,65,58,7,7
21110,107,99,8,8
21111,119,101,18,18
21112,101,85,16,16
21113,162,136,26,26
21114,119,106,13,13
21115,93,87,6,6
21116,102,92,10,10
21117,145,128,17,17
21118,94,80,14,14
21119,83,78,5,5
21120,166,145,21,21
21121,63,62,1,1
21122,90,81,9,9
21123,53,47,6,6
21124,103,95,8,8
21125,117,100,17,17
21126,99,87,12,12
21127,44,37,7,7
21128,149,130,19,19
21129,104,93,11,11
21130,225,203,22,22
21131,101,90,11,11
21132,101,90,11,11
21133,76,63,13,13
21134,80,67,13,13
21135,70,59,11,11
21136,130,97,33,33
21137,148,124,24,24
21138,70,74,-4,4
21139,137,137,0,0
21140,59,50,9,9
21141,71,67,4,4
21142,134,118,16,16
21143,116,97,19,19
21144,104,92,12,12
21145,63,60,3,3
21146,61,55,6,6
21147,89,102,-13,13
21148,61,51,10,10
21149,97,85,12,12
21150,102,89,13,13
21151,63,56,7,7
21152,165,144,21,21
21153,88,87,1,1
21154,112,92,20,20
21155,90,79,11,11
21156,179,160,19,19
21157,89,83,6,6
21158,19,20,-1,1
21159,123,106,17,17
21160,111,125,-14,14
21161,89,77,12,12
21162,86,84,2,2
21163,92,87,5,5
21164,93,79,14,14
21165,91,79,12,12
21166,70,63,7,7
21167,105,96,9,9
21168,85,72,13,13
21169,78,63,15,15
21170,112,102,10,10
21171,96,87,9,9
21172,54,52,2,2
21173,121,102,19,19
21174,131,117,14,14
21175,66,62,4,4
21176,61,57,4,4
21177,80,73,7,7
21178,89,78,11,11
21179,74,58,16,16
21180,65,67,-2,2
21181,101,97,4,4
21182,97,80,17,17
21183,108,102,6,6
21184,96,91,5,5
21185,132,115,17,17
21186,62,53,9,9
21187,82,63,19,19
21188,154,129,25,25
21189,82,74,8,8
21190,50,47,3,3
21191,68,56,12,12
21192,124,117,7,7
21193,74,63,11,11
21194,149,136,13,13
21195,59,58,1,1
21196,56,47,9,9
21197,58,53,5,5
21198,151,145,6,6
21199,113,99,14,14
21200,74,89,-15,15
21201,71,60,11,11
21202,86,76,10,10
21203,65,56,9,9
21204,69,72,-3,3
21205,161,145,16,16
21206,89,83,6,6
21207,36,36,0,0
21208,55,45,10,10
21209,97,84,13,13
21210,89,71,18,18
21211,64,54,10,10
21212,98,92,6,6
21213,89,75,14,14
21214,44,37,7,7
21215,162,146,16,16
21216,126,122,4,4
21217,82,73,9,9
21218,77,80,-3,3
21219,81,73,8,8
21220,137,127,10,10
21221,69,63,6,6
21222,86,73,13,13
21223,67,64,3,3
21224,101,89,12,12
21225,74,69,5,5
21226,71,62,9,9
21227,66,59,7,7
21228,104,98,6,6
21229,111,116,-5,5
21230,86,80,6,6
21231,96,87,9,9
21232,79,70,9,9
21233,183,176,7,7
21234,89,74,15,15
21235,133,114,19,19
21236,80,72,8,8
21237,72,64,8,8
21238,109,86,23,23
21239,107,93,14,14
21240,84,71,13,13
21241,67,56,11,11
21242,102,88,14,14
21243,66,172,-106,106
21244,132,124,8,8
21245,103,93,10,10
21246,91,85,6,6
21247,111,105,6,6
21248,110,95,15,15
21249,156,146,10,10
21250,44,33,11,11
21251,48,40,8,8
21252,79,78,1,1
21253,58,46,12,12
21254,134,113,21,21
21255,105,96,9,9
21256,79,66,13,13
21257,124,154,-30,30
21258,109,82,27,27
21259,79,65,14,14
21260,66,64,2,2
21261,93,78,15,15
21262,93,82,11,11
21263,85,87,-2,2
21264,92,80,12,12
21265,103,97,6,6
21266,104,89,15,15
21267,108,98,10,10
21268,82,71,11,11
21269,92,88,4,4
21270,41,36,5,5
21271,47,44,3,3
21272,79,73,6,6
21273,101,99,2,2
21274,66,65,1,1
21275,83,71,12,12
21276,89,71,18,18
21277,55,51,4,4
21278,137,123,14,14
21279,92,76,16,16
21280,131,118,13,13
21281,99,85,14,14
21282,100,95,5,5
21283,82,68,14,14
21284,57,54,3,3
21285,74,72,2,2
21286,79,72,7,7
21287,83,71,12,12
21288,118,103,15,15
21289,133,145,-12,12
21290,129,112,17,17
21291,70,76,-6,6
21292,145,128,17,17
21293,149,108,41,41
21294,113,113,0,0
21295,56,53,3,3
21296,44,38,6,6
21297,89,88,1,1
21298,90,82,8,8
21299,74,58,16,16
21300,117,93,24,24
21301,65,52,13,13
21302,48,45,3,3
21303,92,78,14,14
21304,72,63,9,9
21305,83,78,5,5
21306,63,59,4,4
21307,135,111,24,24
21308,147,143,4,4
21309,142,137,5,5
21310,122,103,19,19
21311,77,68,9,9
21312,106,94,12,12
21313,65,63,2,2
21314,70,60,10,10
21315,124,104,20,20
21316,100,87,13,13
21317,56,49,7,7
21318,72,58,14,14
21319,83,71,12,12
21320,66,59,7,7
21321,45,41,4,4
21322,162,152,10,10
21323,85,76,9,9
21324,115,105,10,10
21325,122,111,11,11
21326,72,61,11,11
21327,68,63,5,5
21328,65,59,6,6
21329,84,74,10,10
21330,161,129,32,32
21331,149,128,21,21
21332,109,96,13,13
21333,57,57,0,0
21334,85,72,13,13
21335,100,88,12,12
21336,171,124,47,47
21337,73,71,2,2
21338,78,69,9,9
21339,67,70,-3,3
21340,122,120,2,2
21341,84,69,15,15
21342,171,143,28,28
21343,87,81,6,6
21344,140,114,26,26
21345,86,87,-1,1
21346,85,85,0,0
21347,50,42,8,8
21348,78,72,6,6
21349,67,52,15,15
21350,81,68,13,13
21351,75,68,7,7
21352,91,83,8,8
21353,119,106,13,13
21354,138,121,17,17
21355,58,48,10,10
21356,137,119,18,18
21357,88,86,2,2
21358,122,106,16,16
21359,106,89,17,17
21360,101,90,11,11
21361,88,82,6,6
21362,83,69,14,14
21363,80,69,11,11
21364,111,101,10,10
21365,183,168,15,15
21366,73,62,11,11
21367,97,83,14,14
21368,55,54,1,1
21369,116,113,3,3
21370,78,69,9,9
21371,99,88,11,11
21372,141,119,22,22
21373,56,49,7,7
21374,65,60,5,5
21375,72,61,11,11
21376,99,64,35,35
21377,96,80,16,16
21378,69,68,1,1
21379,94,98,-4,4
21380,98,79,19,19
21381,55,55,0,0
21382,107,97,10,10
21383,68,64,4,4
21384,84,81,3,3
21385,65,57,8,8
21386,177,146,31,31
21387,62,53,9,9
21388,182,149,33,33
21389,72,43,29,29
21390,151,133,18,18
21391,80,68,12,12
21392,122,113,9,9
21393,136,114,22,22
21394,141,121,20,20
21395,88,74,14,14
21396,88,71,17,17
21397,127,116,11,11
21398,92,86,6,6
21399,74,59,15,15
21400,111,97,14,14
21401,204,179,25,25
21402,111,92,19,19
21403,59,50,9,9
21404,129,105,24,24
21405,107,89,18,18
21406,104,85,19,19
21407,76,72,4,4
21408,113,108,5,5
21409,110,99,11,11
21410,69,55,14,14
21411,67,63,4,4
21412,85,74,11,11
21413,94,83,11,11
21414,93,77,16,16
21415,90,80,10,10
21416,61,46,15,15
21417,56,45,11,11
21418,114,96,18,18
21419,71,57,14,14
21420,86,78,8,8
21421,114,107,7,7
21422,50,43,7,7
21423,155,140,15,15
21424,108,108,0,0
21425,104,79,25,25
21426,89,74,15,15
21427,75,63,12,12
21428,149,143,6,6
21429,94,77,17,17
21430,63,69,-6,6
21431,127,123,4,4
21432,103,96,7,7
21433,90,71,19,19
21434,64,62,2,2
21435,144,123,21,21
21436,119,99,20,20
21437,45,46,-1,1
21438,78,69,9,9
21439,45,46,-1,1
21440,113,104,9,9
21441,89,84,5,5
21442,122,114,8,8
21443,93,86,7,7
21444,54,49,5,5
21445,89,71,18,18
21446,85,72,13,13
21447,101,94,7,7
21448,132,133,-1,1
21449,47,38,9,9
21450,83,70,13,13
21451,89,71,18,18
21452,77,62,15,15
21453,150,123,27,27
21454,130,105,25,25
21455,85,78,7,7
21456,114,100,14,14
21457,155,144,11,11
21458,63,54,9,9
21459,94,87,7,7
21460,42,35,7,7
21461,138,130,8,8
21462,78,79,-1,1
21463,79,72,7,7
21464,95,85,10,10
21465,80,60,20,20
21466,80,82,-2,2
21467,39,38,1,1
21468,143,120,23,23
21469,88,73,15,15
21470,47,44,3,3
21471,70,61,9,9
21472,174,151,23,23
21473,148,132,16,16
21474,185,153,32,32
21475,122,120,2,2
21476,138,128,10,10
21477,99,85,14,14
21478,50,45,5,5
21479,104,85,19,19
21480,69,58,11,11
21481,127,113,14,14
21482,59,58,1,1
21483,89,80,9,9
21484,81,76,5,5
21485,64,63,1,1
21486,124,114,10,10
21487,75,75,0,0
21488,102,88,14,14
21489,156,134,22,22
21490,81,72,9,9
21491,90,76,14,14
21492,58,65,-7,7
21493,153,128,25,25
21494,100,85,15,15
21495,133,113,20,20
21496,133,114,19,19
21497,68,63,5,5
21498,104,92,12,12
21499,74,66,8,8
21500,138,114,24,24
21501,83,78,5,5
21502,125,131,-6,6
21503,98,88,10,10
21504,92,79,13,13
21505,39,33,6,6
21506,93,86,7,7
21507,47,51,-4,4
21508,72,61,11,11
21509,138,117,21,21
21510,81,74,7,7
21511,102,92,10,10
21512,146,130,16,16
21513,80,70,10,10
21514,76,61,15,15
21515,130,128,2,2
21516,138,116,22,22
21517,69,69,0,0
21518,134,113,21,21
21519,73,68,5,5
21520,55,54,1,1
21521,68,66,2,2
21522,78,85,-7,7
21523,85,74,11,11
21524,118,106,12,12
21525,80,71,9,9
21526,153,147,6,6
21527,81,71,10,10
21528,85,74,11,11
21529,117,106,11,11
21530,126,117,9,9
21531,34,30,4,4
21532,72,57,15,15
21533,138,117,21,21
21534,82,75,7,7
21535,113,105,8,8
21536,63,63,0,0
21537,80,64,16,16
21538,67,58,9,9
21539,117,121,-4,4
21540,120,100,20,20
21541,75,68,7,7
21542,117,103,14,14
21543,103,96,7,7
21544,149,146,3,3
21545,169,156,13,13
21546,85,85,0,0
21547,91,75,16,16
21548,121,115,6,6
21549,95,102,-7,7
21550,123,118,5,5
21551,36,39,-3,3
21552,71,60,11,11
21553,106,94,12,12
21554,101,82,19,19
21555,60,71,-11,11
21556,68,58,10,10
21557,76,66,10,10
21558,91,77,14,14
21559,84,75,9,9
21560,97,89,8,8
21561,75,69,6,6
21562,44,39,5,5
21563,78,55,23,23
21564,55,50,5,5
21565,106,107,-1,1
21566,125,109,16,16
21567,185,152,33,33
21568,148,155,-7,7
21569,156,131,25,25
21570,128,115,13,13
21571,96,83,13,13
21572,99,85,14,14
21573,63,61,2,2
21574,78,76,2,2
21575,162,126,36,36
21576,75,65,10,10
21577,103,92,11,11
21578,110,93,17,17
21579,116,103,13,13
21580,51,50,1,1
21581,126,116,10,10
21582,37,42,-5,5
21583,109,92,17,17
21584,115,109,6,6
21585,70,59,11,11
21586,94,97,-3,3
21587,113,99,14,14
21588,91,81,10,10
21589,71,69,2,2
21590,55,50,5,5
21591,63,62,1,1
21592,59,52,7,7
21593,81,72,9,9
21594,135,130,5,5
21595,95,82,13,13
21596,67,69,-2,2
21597,80,73,7,7
21598,73,75,-2,2
21599,98,80,18,18
21600,104,88,16,16
21601,63,49,14,14
21602,60,52,8,8
21603,117,103,14,14
21604,60,53,7,7
21605,127,115,12,12
21606,121,92,29,29
21607,118,105,13,13
21608,80,71,9,9
21609,77,71,6,6
21610,104,86,18,18
21611,182,188,-6,6
21612,90,83,7,7
21613,49,41,8,8
21614,86,76,10,10
21615,88,76,12,12
21616,114,94,20,20
21617,56,47,9,9
21618,66,52,14,14
21619,68,76,-8,8
21620,88,78,10,10
21621,45,64,-19,19
21622,231,201,30,30
21623,136,116,20,20
21624,69,58,11,11
21625,123,117,6,6
21626,60,49,11,11
21627,72,64,8,8
21628,84,80,4,4
21629,123,112,11,11
21630,58,58,0,0
21631,58,49,9,9
21632,71,68,3,3
21633,97,80,17,17
21634,61,56,5,5
21635,57,55,2,2
21636,172,152,20,20
21637,62,59,3,3
21638,112,102,10,10
21639,126,113,13,13
21640,85,74,11,11
21641,105,103,2,2
21642,100,88,12,12
21643,117,119,-2,2
21644,76,77,-1,1
21645,85,76,9,9
21646,187,148,39,39
21647,145,128,17,17
21648,64,64,0,0
21649,107,93,14,14
21650,140,121,19,19
21651,46,46,0,0
21652,63,52,11,11
21653,93,82,11,11
21654,111,99,12,12
21655,60,50,10,10
21656,120,104,16,16
21657,67,63,4,4
21658,157,140,17,17
21659,133,121,12,12
21660,112,108,4,4
21661,119,118,1,1
21662,86,76,10,10
21663,128,120,8,8
21664,109,94,15,15
21665,133,117,16,16
21666,62,50,12,12
21667,167,150,17,17
21668,122,102,20,20
21669,42,34,8,8
21670,66,56,10,10
21671,110,100,10,10
21672,84,86,-2,2
21673,115,106,9,9
21674,174,150,24,24
21675,85,72,13,13
21676,100,87,13,13
21677,56,54,2,2
21678,72,60,12,12
21679,87,78,9,9
21680,70,84,-14,14
21681,76,63,13,13
21682,89,78,11,11
21683,69,62,7,7
21684,175,148,27,27
21685,191,161,30,30
21686,66,56,10,10
21687,145,134,11,11
21688,127,105,22,22
21689,54,45,9,9
21690,70,59,11,11
21691,67,59,8,8
21692,77,66,11,11
21693,119,115,4,4
21694,38,43,-5,5
21695,77,70,7,7
21696,49,43,6,6
21697,63,70,-7,7
21698,40,33,7,7
21699,69,66,3,3
21700,35,35,0,0
21701,93,78,15,15
21702,61,69,-8,8
21703,50,40,10,10
21704,113,104,9,9
21705,123,99,24,24
21706,75,67,8,8
21707,94,83,11,11
21708,71,72,-1,1
21709,114,103,11,11
21710,68,57,11,11
21711,129,126,3,3
21712,61,49,12,12
21713,92,80,12,12
21714,76,59,17,17
21715,106,84,22,22
21716,123,106,17,17
21717,89,81,8,8
21718,88,84,4,4
21719,48,48,0,0
21720,87,81,6,6
21721,53,55,-2,2
21722,120,102,18,18
21723,105,98,7,7
21724,117,99,18,18
21725,128,110,18,18
21726,173,145,28,28
21727,85,76,9,9
21728,97,80,17,17
21729,101,85,16,16
21730,67,63,4,4
21731,71,67,4,4
21732,89,73,16,16
21733,85,85,0,0
21734,83,72,11,11
21735,78,63,15,15
21736,76,69,7,7
21737,115,103,12,12
21738,68,57,11,11
21739,75,61,14,14
21740,106,82,24,24
21741,76,66,10,10
21742,123,106,17,17
21743,82,76,6,6
21744,82,78,4,4
21745,162,147,15,15
21746,64,62,2,2
21747,66,52,14,14
21748,48,36,12,12
21749,86,79,7,7
21750,59,59,0,0
21751,118,101,17,17
21752,75,65,10,10
21753,138,118,20,20
21754,50,43,7,7
21755,96,75,21,21
21756,68,63,5,5
21757,83,80,3,3
21758,93,99,-6,6
21759,78,76,2,2
21760,45,37,8,8
21761,85,75,10,10
21762,123,104,19,19
21763,42,43,-1,1
21764,84,71,13,13
21765,123,107,16,16
21766,45,47,-2,2
21767,88,78,10,10
21768,85,72,13,13
21769,79,61,18,18
21770,75,67,8,8
21771,125,116,9,9
21772,33,32,1,1
21773,84,77,7,7
21774,117,112,5,5
21775,79,70,9,9
21776,190,169,21,21
21777,112,104,8,8
21778,86,81,5,5
21779,115,98,17,17
21780,74,64,10,10
21781,85,76,9,9
21782,28,24,4,4
21783,45,44,1,1
21784,115,104,11,11
21785,92,77,15,15
21786,78,65,13,13
21787,129,118,11,11
21788,119,98,21,21
21789,78,70,8,8
21790,78,60,18,18
21791,211,177,34,34
21792,95,92,3,3
21793,101,93,8,8
21794,163,140,23,23
21795,168,142,26,26
21796,109,96,13,13
21797,98,95,3,3
21798,61,54,7,7
21799,131,124,7,7
21800,74,66,8,8
21801,66,63,3,3
21802,130,112,18,18
21803,71,64,7,7
21804,135,126,9,9
21805,88,73,15,15
21806,150,153,-3,3
21807,152,114,38,38
21808,117,90,27,27
21809,133,119,14,14
21810,77,68,9,9
21811,75,61,14,14
21812,63,53,10,10
21813,73,59,14,14
21814,72,66,6,6
21815,62,71,-9,9
21816,98,92,6,6
21817,103,87,16,16
21818,167,170,-3,3
21819,73,71,2,2
21820,68,55,13,13
21821,104,92,12,12
21822,96,89,7,7
21823,165,148,17,17
21824,128,118,10,10
21825,147,128,19,19
21826,139,126,13,13
21827,156,131,25,25
21828,86,80,6,6
21829,78,69,9,9
21830,78,68,10,10
21831,89,75,14,14
21832,115,96,19,19
21833,122,107,15,15
21834,47,55,-8,8
21835,60,62,-2,2
21836,87,90,-3,3
21837,77,69,8,8
21838,115,92,23,23
21839,105,86,19,19
21840,120,105,15,15
21841,95,90,5,5
21842,103,89,14,14
21843,57,47,10,10
21844,132,113,19,19
21845,118,107,11,11
21846,134,107,27,27
21847,85,84,1,1
21848,130,127,3,3
21849,107,102,5,5
21850,112,97,15,15
21851,63,56,7,7
21852,176,152,24,24
21853,83,71,12,12
21854,88,88,0,0
21855,141,111,30,30
21856,121,103,18,18
21857,119,98,21,21
21858,51,52,-1,1
21859,60,54,6,6
21860,103,80,23,23
21861,122,106,16,16
21862,79,70,9,9
21863,103,84,19,19
21864,86,68,18,18
21865,58,58,0,0
21866,103,94,9,9
21867,89,76,13,13
21868,94,77,17,17
21869,115,107,8,8
21870,151,150,1,1
21871,97,86,11,11
21872,88,75,13,13
21873,78,71,7,7
21874,79,64,15,15
21875,51,46,5,5
21876,77,79,-2,2
21877,98,79,19,19
21878,160,129,31,31
21879,114,103,11,11
21880,95,91,4,4
21881,77,75,2,2
21882,75,68,7,7
21883,142,124,18,18
21884,72,66,6,6
21885,150,124,26,26
21886,67,65,2,2
21887,104,92,12,12
21888,95,88,7,7
21889,116,98,18,18
21890,43,65,-22,22
21891,98,94,4,4
21892,85,68,17,17
21893,93,78,15,15
21894,106,92,14,14
21895,99,86,13,13
21896,179,154,25,25
21897,61,69,-8,8
21898,77,69,8,8
21899,64,54,10,10
21900,90,84,6,6
21901,106,105,1,1
21902,67,60,7,7
21903,102,92,10,10
21904,94,46,48,48
21905,92,77,15,15
21906,81,65,16,16
21907,84,72,12,12
21908,131,123,8,8
21909,96,90,6,6
21910,89,75,14,14
21911,107,94,13,13
21912,73,71,2,2
21913,81,69,12,12
21914,69,68,1,1
21915,73,63,10,10
21916,150,138,12,12
21917,115,92,23,23
21918,90,77,13,13
21919,63,63,0,0
21920,138,116,22,22
21921,125,114,11,11
21922,111,97,14,14
21923,124,101,23,23
21924,37,35,2,2
21925,114,101,13,13
21926,67,56,11,11
21927,116,107,9,9
21928,134,133,1,1
21929,58,55,3,3
21930,75,64,11,11
21931,119,105,14,14
21932,94,77,17,17
21933,72,61,11,11
21934,144,131,13,13
21935,86,73,13,13
21936,112,101,11,11
21937,57,50,7,7
21938,121,119,2,2
21939,118,104,14,14
21940,79,71,8,8
21941,53,45,8,8
21942,61,47,14,14
21943,90,83,7,7
21944,114,107,7,7
21945,101,96,5,5
21946,180,162,18,18
21947,136,138,-2,2
21948,100,90,10,10
21949,107,97,10,10
21950,95,89,6,6
21951,75,68,7,7
21952,86,84,2,2
21953,71,69,2,2
21954,126,118,8,8
21955,125,111,14,14
21956,162,144,18,18
21957,71,68,3,3
21958,60,49,11,11
21959,118,113,5,5
21960,104,70,34,34
21961,117,104,13,13
21962,144,123,21,21
21963,78,75,3,3
21964,95,83,12,12
21965,157,142,15,15
21966,70,65,5,5
21967,68,65,3,3
21968,125,112,13,13
21969,111,87,24,24
21970,112,94,18,18
21971,118,98,20,20
21972,71,52,19,19
21973,126,103,23,23
21974,96,83,13,13
21975,59,55,4,4
21976,82,83,-1,1
21977,101,98,3,3
21978,80,76,4,4
21979,61,55,6,6
21980,89,88,1,1
21981,107,83,24,24
21982,55,53,2,2
21983,99,85,14,14
21984,131,123,8,8
21985,80,67,13,13
21986,110,84,26,26
21987,94,86,8,8
21988,32,27,5,5
21989,105,92,13,13
21990,103,98,5,5
21991,152,139,13,13
21992,136,111,25,25
21993,78,65,13,13
21994,68,59,9,9
21995,68,70,-2,2
21996,36,34,2,2
21997,111,102,9,9
21998,64,52,12,12
21999,70,61,9,9
22000,89,77,12,12
22001,103,90,13,13
22002,79,71,8,8
22003,175,164,11,11
22004,103,100,3,3
22005,84,74,10,10
22006,79,66,13,13
22007,93,89,4,4
22008,124,107,17,17
22009,106,93,13,13
22010,144,118,26,26
22011,100,87,13,13
22012,70,64,6,6
22013,122,116,6,6
22014,101,90,11,11
22015,125,110,15,15
22016,94,83,11,11
22017,134,129,5,5
22018,69,64,5,5
22019,119,99,20,20
22020,106,89,17,17
22021,122,110,12,12
22022,54,49,5,5
22023,89,77,12,12
22024,76,81,-5,5
22025,86,80,6,6
22026,144,117,27,27
22027,93,78,15,15
22028,105,97,8,8
22029,101,93,8,8
22030,81,82,-1,1
22031,85,73,12,12
22032,157,122,35,35
22033,112,108,4,4
22034,76,70,6,6
22035,85,86,-1,1
22036,141,111,30,30
22037,87,82,5,5
22038,71,70,1,1
22039,104,101,3,3
22040,73,68,5,5
22041,143,124,19,19
22042,92,90,2,2
22043,80,74,6,6
22044,98,89,9,9
22045,80,68,12,12
22046,54,52,2,2
22047,134,134,0,0
22048,70,61,9,9
22049,114,105,9,9
22050,80,62,18,18
22051,90,77,13,13
22052,82,81,1,1
22053,103,89,14,14
22054,82,72,10,10
22055,92,79,13,13
22056,82,72,10,10
22057,66,59,7,7
22058,124,145,-21,21
22059,61,61,0,0
22060,63,64,-1,1
22061,91,83,8,8
22062,72,60,12,12
22063,54,59,-5,5
22064,87,76,11,11
22065,104,103,1,1
22066,61,55,6,6
22067,125,102,23,23
22068,129,119,10,10
22069,33,37,-4,4
22070,97,88,9,9
22071,73,75,-2,2
22072,154,130,24,24
22073,74,65,9,9
22074,125,116,9,9
22075,54,49,5,5
22076,68,65,3,3
22077,91,79,12,12
22078,68,57,11,11
22079,92,99,-7,7
22080,117,92,25,25
22081,98,98,0,0
22082,124,103,21,21
22083,71,68,3,3
22084,66,57,9,9
22085,37,33,4,4
22086,108,92,16,16
22087,59,52,7,7
22088,84,77,7,7
22089,162,137,25,25
22090,108,100,8,8
22091,120,104,16,16
22092,102,99,3,3
22093,68,72,-4,4
22094,146,112,34,34
22095,116,105,11,11
22096,66,59,7,7
22097,67,64,3,3
22098,46,48,-2,2
22099,92,75,17,17
22100,150,126,24,24
22101,58,47,11,11
22102,103,96,7,7
22103,112,90,22,22
22104,90,89,1,1
22105,98,90,8,8
22106,54,52,2,2
22107,76,72,4,4
22108,77,74,3,3
22109,111,95,16,16
22110,118,111,7,7
22111,125,112,13,13
22112,94,89,5,5
22113,73,68,5,5
22114,173,153,20,20
22115,155,141,14,14
22116,120,117,3,3
22117,86,68,18,18
22118,115,99,16,16
22119,149,127,22,22
22120,68,78,-10,10
22121,130,103,27,27
22122,65,63,2,2
22123,63,46,17,17
22124,39,37,2,2
22125,82,72,10,10
22126,74,56,18,18
22127,57,62,-5,5
22128,105,98,7,7
22129,106,95,11,11
22130,126,135,-9,9
22131,113,99,14,14
22132,109,99,10,10
22133,95,89,6,6
22134,86,70,16,16
22135,99,88,11,11
22136,65,54,11,11
22137,70,64,6,6
22138,66,57,9,9
22139,45,42,3,3
22140,77,68,9,9
22141,50,50,0,0
22142,105,96,9,9
22143,101,98,3,3
22144,62,61,1,1
22145,82,77,5,5
22146,69,54,15,15
22147,122,129,-7,7
22148,147,132,15,15
22149,220,213,7,7
22150,69,61,8,8
22151,93,82,11,11
22152,111,99,12,12
22153,152,141,11,11
22154,124,113,11,11
22155,43,39,4,4
22156,112,86,26,26
22157,83,74,9,9
22158,140,129,11,11
22159,110,99,11,11
22160,71,69,2,2
22161,96,97,-1,1
22162,148,136,12,12
22163,53,39,14,14
22164,120,101,19,19
22165,188,173,15,15
22166,29,32,-3,3
22167,117,104,13,13
22168,104,93,11,11
22169,81,71,10,10
22170,124,112,12,12
22171,103,103,0,0
22172,139,124,15,15
22173,79,60,19,19
22174,133,115,18,18
22175,112,106,6,6
22176,99,97,2,2
22177,101,86,15,15
22178,75,64,11,11
22179,110,96,14,14
22180,121,109,12,12
22181,110,97,13,13
22182,68,72,-4,4
22183,99,88,11,11
22184,67,68,-1,1
22185,72,72,0,0
22186,151,122,29,29
22187,87,83,4,4
22188,83,79,4,4
22189,58,63,-5,5
22190,56,49,7,7
22191,72,62,10,10
22192,91,81,10,10
22193,61,52,9,9
22194,95,72,23,23
22195,101,86,15,15
22196,98,85,13,13
22197,128,123,5,5
22198,183,162,21,21
22199,68,61,7,7
22200,97,85,12,12
22201,74,68,6,6
22202,127,119,8,8
22203,91,80,11,11
22204,95,83,12,12
22205,83,69,14,14
22206,130,117,13,13
22207,143,67,76,76
22208,68,67,1,1
22209,72,64,8,8
22210,81,70,11,11
22211,63,58,5,5
22212,92,79,13,13
22213,70,74,-4,4
22214,114,111,3,3
22215,119,81,38,38
22216,130,120,10,10
22217,94,88,6,6
22218,104,97,7,7
22219,99,96,3,3
22220,55,55,0,0
22221,111,103,8,8
22222,101,85,16,16
22223,86,80,6,6
22224,89,83,6,6
22225,91,96,-5,5
22226,140,128,12,12
22227,74,68,6,6
22228,82,73,9,9
22229,103,71,32,32
22230,104,84,20,20
22231,75,74,1,1
22232,92,90,2,2
22233,53,49,4,4
22234,74,75,-1,1
22235,38,33,5,5
22236,141,124,17,17
22237,91,80,11,11
22238,97,83,14,14
22239,115,102,13,13
22240,141,133,8,8
22241,72,74,-2,2
22242,87,84,3,3
22243,114,102,12,12
22244,96,80,16,16
22245,68,70,-2,2
22246,123,117,6,6
22247,91,77,14,14
22248,91,79,12,12
22249,116,113,3,3
22250,49,63,-14,14
22251,57,48,9,9
22252,124,114,10,10
22253,88,87,1,1
22254,129,115,14,14
22255,55,47,8,8
22256,188,158,30,30
22257,64,58,6,6
22258,71,63,8,8
22259,45,43,2,2
22260,93,91,2,2
22261,68,57,11,11
22262,161,158,3,3
22263,69,69,0,0
22264,113,108,5,5
22265,74,75,-1,1
22266,58,55,3,3
22267,149,144,5,5
22268,49,43,6,6
22269,96,86,10,10
22270,122,106,16,16
22271,92,75,17,17
22272,124,112,12,12
22273,93,86,7,7
22274,149,138,11,11
22275,179,155,24,24
22276,147,133,14,14
22277,121,109,12,12
22278,62,57,5,5
22279,50,44,6,6
22280,54,47,7,7
22281,104,86,18,18
22282,73,65,8,8
22283,101,91,10,10
22284,71,70,1,1
22285,90,79,11,11
22286,71,61,10,10
22287,72,68,4,4
22288,61,76,-15,15
22289,65,58,7,7
22290,81,70,11,11
22291,37,41,-4,4
22292,65,62,3,3
22293,128,112,16,16
22294,55,71,-16,16
22295,55,60,-5,5
22296,131,103,28,28
22297,67,56,11,11
22298,138,121,17,17
22299,66,57,9,9
22300,62,55,7,7
22301,187,167,20,20
22302,127,107,20,20
22303,105,100,5,5
22304,78,69,9,9
22305,94,81,13,13
22306,94,87,7,7
22307,108,98,10,10
22308,135,117,18,18
22309,78,67,11,11
22310,87,85,2,2
22311,59,53,6,6
22312,134,130,4,4
22313,89,74,15,15
22314,79,73,6,6
22315,27,35,-8,8
22316,74,56,18,18
22317,56,55,1,1
22318,121,117,4,4
22319,88,84,4,4
22320,145,142,3,3
22321,99,91,8,8
22322,127,107,20,20
22323,85,74,11,11
22324,91,68,23,23
22325,184,174,10,10
22326,76,67,9,9
22327,86,74,12,12
22328,88,73,15,15
22329,156,137,19,19
22330,106,99,7,7
22331,102,80,22,22
22332,106,90,16,16
22333,87,79,8,8
22334,60,56,4,4
22335,82,72,10,10
22336,112,95,17,17
22337,118,115,3,3
22338,75,59,16,16
22339,94,85,9,9
22340,57,56,1,1
22341,96,83,13,13
22342,67,63,4,4
22343,78,82,-4,4
22344,114,94,20,20
22345,70,62,8,8
22346,60,55,5,5
22347,91,81,10,10
22348,86,70,16,16
22349,84,74,10,10
22350,75,66,9,9
22351,133,129,4,4
22352,193,160,33,33
22353,68,63,5,5
22354,139,124,15,15
22355,57,66,-9,9
22356,110,102,8,8
22357,83,83,0,0
22358,159,119,40,40
22359,110,97,13,13
22360,150,121,29,29
22361,95,92,3,3
22362,139,116,23,23
22363,72,61,11,11
22364,147,121,26,26
22365,89,74,15,15
22366,136,124,12,12
22367,47,36,11,11
22368,158,145,13,13
22369,111,102,9,9
22370,99,80,19,19
22371,112,101,11,11
22372,82,81,1,1
22373,38,33,5,5
22374,82,71,11,11
22375,80,71,9,9
22376,119,99,20,20
22377,68,66,2,2
22378,117,105,12,12
22379,76,69,7,7
22380,94,85,9,9
22381,68,62,6,6
22382,49,38,11,11
22383,59,53,6,6
22384,135,130,5,5
22385,111,103,8,8
22386,102,86,16,16
22387,118,106,12,12
22388,90,75,15,15
22389,62,58,4,4
22390,104,96,8,8
22391,120,101,19,19
22392,105,95,10,10
22393,131,113,18,18
22394,103,100,3,3
22395,117,105,12,12
22396,92,80,12,12
22397,70,65,5,5
22398,108,100,8,8
22399,71,63,8,8
22400,58,57,1,1
22401,91,69,22,22
22402,98,82,16,16
22403,40,40,0,0
22404,92,72,20,20
22405,100,97,3,3
22406,138,134,4,4
22407,132,109,23,23
22408,101,95,6,6
22409,71,72,-1,1
22410,86,76,10,10
22411,107,94,13,13
22412,85,75,10,10
22413,68,64,4,4
22414,80,68,12,12
22415,125,109,16,16
22416,99,81,18,18
22417,122,105,17,17
22418,190,159,31,31
22419,109,84,25,25
22420,83,63,20,20
22421,121,133,-12,12
22422,79,80,-1,1
22423,142,142,0,0
22424,63,56,7,7
22425,66,58,8,8
22426,114,89,25,25
22427,80,70,10,10
22428,72,61,11,11
22429,190,171,19,19
22430,91,80,11,11
22431,152,129,23,23
22432,74,55,19,19
22433,88,84,4,4
22434,181,177,4,4
22435,118,108,10,10
22436,131,113,18,18
22437,64,96,-32,32
22438,86,79,7,7
22439,74,77,-3,3
22440,79,70,9,9
22441,99,90,9,9
22442,169,153,16,16
22443,68,52,16,16
22444,79,65,14,14
22445,181,152,29,29
22446,119,98,21,21
22447,120,101,19,19
22448,67,64,3,3
22449,67,68,-1,1
22450,76,64,12,12
22451,87,74,13,13
22452,91,82,9,9
22453,161,139,22,22
22454,58,48,10,10
22455,57,50,7,7
22456,95,79,16,16
22457,63,58,5,5
22458,64,56,8,8
22459,55,52,3,3
22460,136,130,6,6
22461,107,93,14,14
22462,83,80,3,3
22463,52,55,-3,3
22464,127,125,2,2
22465,90,83,7,7
22466,141,121,20,20
22467,87,83,4,4
22468,99,89,10,10
22469,67,63,4,4
22470,79,68,11,11
22471,102,93,9,9
22472,168,153,15,15
22473,154,142,12,12
22474,118,106,12,12
22475,68,70,-2,2
22476,109,98,11,11
22477,41,37,4,4
22478,65,63,2,2
22479,108,91,17,17
22480,26,33,-7,7
22481,99,102,-3,3
22482,137,124,13,13
22483,180,166,14,14
22484,223,166,57,57
22485,103,91,12,12
22486,91,80,11,11
22487,120,105,15,15
22488,73,63,10,10
22489,69,68,1,1
22490,76,82,-6,6
22491,73,56,17,17
22492,41,34,7,7
22493,143,134,9,9
22494,121,123,-2,2
22495,97,97,0,0
22496,86,85,1,1
22497,80,76,4,4
22498,105,103,2,2
22499,111,85,26,26
22500,133,129,4,4
22501,120,108,12,12
22502,156,152,4,4
22503,100,96,4,4
22504,41,39,2,2
22505,94,93,1,1
22506,59,48,11,11
22507,71,64,7,7
22508,68,60,8,8
22509,102,83,19,19
22510,134,116,18,18
22511,60,46,14,14
22512,169,133,36,36
22513,80,73,7,7
22514,126,136,-10,10
22515,146,121,25,25
22516,128,124,4,4
22517,67,61,6,6
22518,92,87,5,5
22519,72,67,5,5
22520,79,72,7,7
22521,102,88,14,14
22522,62,55,7,7
22523,59,55,4,4
22524,116,92,24,24
22525,96,84,12,12
22526,86,73,13,13
22527,68,68,0,0
22528,90,87,3,3
22529,90,75,15,15
22530,141,121,20,20
22531,109,98,11,11
22532,51,59,-8,8
22533,107,93,14,14
22534,130,113,17,17
22535,103,94,9,9
22536,49,51,-2,2
22537,106,88,18,18
22538,87,76,11,11
22539,68,60,8,8
22540,88,80,8,8
22541,79,73,6,6
22542,104,84,20,20
22543,94,83,11,11
22544,123,103,20,20
22545,98,80,18,18
22546,123,108,15,15
22547,104,95,9,9
22548,60,57,3,3
22549,70,71,-1,1
22550,89,77,12,12
22551,122,103,19,19
22552,55,48,7,7
22553,141,124,17,17
22554,80,71,9,9
22555,97,89,8,8
22556,126,102,24,24
22557,73,70,3,3
22558,63,66,-3,3
22559,151,122,29,29
22560,109,94,15,15
22561,161,146,15,15
22562,80,71,9,9
22563,126,99,27,27
22564,89,75,14,14
22565,95,80,15,15
22566,163,137,26,26
22567,121,99,22,22
22568,80,75,5,5
22569,79,64,15,15
22570,94,78,16,16
22571,143,123,20,20
22572,95,80,15,15
22573,108,98,10,10
22574,94,88,6,6
22575,102,86,16,16
22576,84,82,2,2
22577,80,70,10,10
22578,135,117,18,18
22579,98,75,23,23
22580,113,104,9,9
22581,85,96,-11,11
22582,97,83,14,14
22583,67,64,3,3
22584,135,120,15,15
22585,31,25,6,6
22586,154,141,13,13
22587,136,122,14,14
22588,35,27,8,8
22589,145,126,19,19
22590,76,63,13,13
22591,89,87,2,2
22592,84,83,1,1
22593,82,88,-6,6
22594,76,65,11,11
22595,88,83,5,5
22596,85,71,14,14
22597,109,110,-1,1
22598,165,143,22,22
22599,88,80,8,8
22600,54,51,3,3
22601,93,74,19,19
22602,66,63,3,3
22603,75,72,3,3
22604,55,48,7,7
22605,72,67,5,5
22606,113,98,15,15
22607,127,114,13,13
22608,53,47,6,6
22609,94,88,6,6
22610,90,80,10,10
22611,65,68,-3,3
22612,60,58,2,2
22613,59,40,19,19
22614,107,94,13,13
22615,93,95,-2,2
22616,128,108,20,20
22617,55,53,2,2
22618,93,84,9,9
22619,79,69,10,10
22620,148,122,26,26
22621,129,109,20,20
22622,51,55,-4,4
22623,92,83,9,9
22624,93,98,-5,5
22625,114,106,8,8
22626,72,68,4,4
22627,92,90,2,2
22628,81,67,14,14
22629,69,68,1,1
22630,93,81,12,12
22631,189,168,21,21
22632,71,66,5,5
22633,87,74,13,13
22634,48,68,-20,20
22635,94,81,13,13
22636,116,121,-5,5
22637,62,62,0,0
22638,240,205,35,35
22639,104,92,12,12
22640,80,82,-2,2
22641,66,49,17,17
22642,100,84,16,16
22643,133,119,14,14
22644,103,88,15,15
22645,137,130,7,7
22646,165,141,24,24
22647,125,109,16,16
22648,86,71,15,15
22649,95,80,15,15
22650,103,102,1,1
22651,140,112,28,28
22652,95,87,8,8
22653,68,63,5,5
22654,52,49,3,3
22655,77,66,11,11
22656,121,105,16,16
22657,107,99,8,8
22658,98,85,13,13
22659,100,84,16,16
22660,81,73,8,8
22661,46,37,9,9
22662,162,148,14,14
22663,136,113,23,23
22664,85,80,5,5
22665,83,67,16,16
22666,135,114,21,21
22667,39,34,5,5
22668,61,54,7,7
22669,73,54,19,19
22670,87,66,21,21
22671,76,69,7,7
22672,84,93,-9,9
22673,94,75,19,19
22674,163,156,7,7
22675,80,78,2,2
22676,86,96,-10,10
22677,152,125,27,27
22678,100,102,-2,2
22679,75,65,10,10
22680,92,80,12,12
22681,84,69,15,15
22682,144,125,19,19
22683,69,60,9,9
22684,109,104,5,5
22685,109,84,25,25
22686,88,66,22,22
22687,67,62,5,5
22688,115,97,18,18
22689,125,119,6,6
22690,95,92,3,3
22691,87,74,13,13
22692,98,93,5,5
22693,83,85,-2,2
22694,101,90,11,11
22695,51,40,11,11
22696,108,97,11,11
22697,136,128,8,8
22698,208,203,5,5
22699,121,110,11,11
22700,84,69,15,15
22701,86,72,14,14
22702,148,140,8,8
22703,110,110,0,0
22704,117,102,15,15
22705,96,88,8,8
22706,69,61,8,8
22707,137,118,19,19
22708,66,55,11,11
22709,89,68,21,21
22710,44,44,0,0
22711,136,117,19,19
22712,128,103,25,25
22713,73,72,1,1
22714,155,147,8,8
22715,89,65,24,24
22716,87,65,22,22
22717,147,126,21,21
22718,64,57,7,7
22719,37,35,2,2
22720,122,104,18,18
22721,44,45,-1,1
22722,126,114,12,12
22723,60,61,-1,1
22724,148,135,13,13
22725,134,123,11,11
22726,87,72,15,15
22727,135,128,7,7
22728,90,75,15,15
22729,60,51,9,9
22730,86,66,20,20
22731,150,140,10,10
22732,59,66,-7,7
22733,111,92,19,19
22734,54,46,8,8
22735,158,132,26,26
22736,135,110,25,25
22737,32,29,3,3
22738,63,57,6,6
22739,117,93,24,24
22740,83,78,5,5
22741,54,51,3,3
22742,151,136,15,15
22743,64,59,5,5
22744,44,40,4,4
22745,138,121,17,17
22746,48,52,-4,4
22747,123,103,20,20
22748,97,88,9,9
22749,59,55,4,4
22750,96,91,5,5
22751,19,19,0,0
22752,112,103,9,9
22753,131,132,-1,1
22754,153,139,14,14
22755,100,90,10,10
22756,183,168,15,15
22757,121,105,16,16
22758,129,114,15,15
22759,93,94,-1,1
22760,89,83,6,6
22761,92,79,13,13
22762,81,89,-8,8
22763,133,116,17,17
22764,77,75,2,2
22765,63,56,7,7
22766,66,53,13,13
22767,74,72,2,2
22768,150,145,5,5
22769,76,76,0,0
22770,68,51,17,17
22771,73,61,12,12
22772,93,80,13,13
22773,90,74,16,16
22774,81,88,-7,7
22775,59,47,12,12
22776,160,130,30,30
22777,47,38,9,9
22778,109,119,-10,10
22779,133,117,16,16
22780,114,108,6,6
22781,89,70,19,19
22782,86,72,14,14
22783,95,78,17,17
22784,149,144,5,5
22785,86,74,12,12
22786,112,100,12,12
22787,61,94,-33,33
22788,32,32,0,0
22789,141,126,15,15
22790,106,92,14,14
22791,62,60,2,2
22792,98,91,7,7
22793,169,126,43,43
22794,75,79,-4,4
22795,113,98,15,15
22796,69,62,7,7
22797,54,53,1,1
22798,72,70,2,2
22799,140,137,3,3
22800,86,81,5,5
22801,106,96,10,10
22802,81,75,6,6
22803,109,91,18,18
22804,120,97,23,23
22805,103,87,16,16
22806,201,166,35,35
22807,115,120,-5,5
22808,94,73,21,21
22809,110,110,0,0
22810,90,80,10,10
22811,117,100,17,17
22812,80,68,12,12
22813,136,118,18,18
22814,95,87,8,8
22815,121,97,24,24
22816,38,36,2,2
22817,100,81,19,19
22818,83,79,4,4
22819,102,90,12,12
22820,100,88,12,12
22821,67,63,4,4
22822,88,113,-25,25
22823,68,56,12,12
22824,145,129,16,16
22825,86,75,11,11
22826,107,90,17,17
22827,85,87,-2,2
22828,102,97,5,5
22829,132,121,11,11
22830,61,52,9,9
22831,70,59,11,11
22832,91,79,12,12
22833,139,131,8,8
22834,51,45,6,6
22835,39,34,5,5
22836,100,79,21,21
22837,93,83,10,10
22838,89,86,3,3
22839,92,88,4,4
22840,35,31,4,4
22841,93,79,14,14
22842,64,55,9,9
22843,62,48,14,14
22844,102,77,25,25
22845,101,89,12,12
22846,93,83,10,10
22847,63,57,6,6
22848,88,79,9,9
22849,80,75,5,5
22850,134,84,50,50
22851,77,69,8,8
22852,73,67,6,6
22853,57,52,5,5
22854,118,77,41,41
22855,134,119,15,15
22856,127,115,12,12
22857,88,77,11,11
22858,91,80,11,11
22859,110,98,12,12
22860,46,41,5,5
22861,105,94,11,11
22862,103,95,8,8
22863,108,89,19,19
22864,93,88,5,5
22865,75,71,4,4
22866,131,123,8,8
22867,130,120,10,10
22868,89,77,12,12
22869,49,91,-42,42
22870,120,111,9,9
22871,151,150,1,1
22872,92,78,14,14
22873,77,72,5,5
22874,126,121,5,5
22875,100,93,7,7
22876,54,53,1,1
22877,110,92,18,18
22878,133,126,7,7
22879,119,111,8,8
22880,126,106,20,20
22881,42,35,7,7
22882,63,56,7,7
22883,170,155,15,15
22884,68,69,-1,1
22885,114,100,14,14
22886,115,89,26,26
22887,64,63,1,1
22888,90,81,9,9
22889,126,101,25,25
22890,72,76,-4,4
22891,116,125,-9,9
22892,151,145,6,6
22893,98,74,24,24
22894,135,116,19,19
22895,132,110,22,22
22896,166,145,21,21
22897,109,93,16,16
22898,73,63,10,10
22899,43,38,5,5
22900,60,55,5,5
22901,95,90,5,5
22902,185,157,28,28
22903,116,106,10,10
22904,120,108,12,12
22905,117,100,17,17
22906,80,79,1,1
22907,54,53,1,1
22908,94,84,10,10
22909,104,99,5,5
22910,167,160,7,7
22911,183,170,13,13
22912,125,117,8,8
22913,67,60,7,7
22914,127,104,23,23
22915,108,96,12,12
22916,110,96,14,14
22917,72,61,11,11
22918,76,68,8,8
22919,60,50,10,10
22920,127,103,24,24
22921,60,52,8,8
22922,117,100,17,17
22923,62,55,7,7
22924,98,81,17,17
22925,64,59,5,5
22926,90,77,13,13
22927,155,138,17,17
22928,69,60,9,9
22929,91,76,15,15
22930,91,73,18,18
22931,97,78,19,19
22932,116,97,19,19
22933,100,89,11,11
22934,81,78,3,3
22935,77,66,11,11
22936,46,38,8,8
22937,86,88,-2,2
22938,98,81,17,17
22939,128,95,33,33
22940,53,46,7,7
22941,86,76,10,10
22942,106,98,8,8
22943,118,104,14,14
22944,132,124,8,8
22945,179,168,11,11
22946,72,61,11,11
22947,57,50,7,7
22948,159,135,24,24
22949,56,54,2,2
22950,90,89,1,1
22951,84,79,5,5
22952,120,117,3,3
22953,99,80,19,19
22954,121,101,20,20
22955,96,86,10,10
22956,46,48,-2,2
22957,84,81,3,3
22958,79,70,9,9
22959,165,145,20,20
22960,72,66,6,6
22961,75,70,5,5
22962,116,107,9,9
22963,117,106,11,11
22964,95,79,16,16
22965,138,125,13,13
22966,64,59,5,5
22967,70,67,3,3
22968,51,46,5,5
22969,74,75,-1,1
22970,105,96,9,9
22971,137,123,14,14
22972,93,81,12,12
22973,72,68,4,4
22974,83,72,11,11
22975,113,95,18,18
22976,97,83,14,14
22977,76,69,7,7
22978,65,54,11,11
22979,159,141,18,18
22980,72,63,9,9
22981,127,106,21,21
22982,94,82,12,12
22983,83,72,11,11
22984,84,79,5,5
22985,60,56,4,4
22986,100,93,7,7
22987,108,99,9,9
22988,118,107,11,11
22989,76,67,9,9
22990,87,64,23,23
22991,50,45,5,5
22992,38,38,0,0
22993,146,117,29,29
22994,114,103,11,11
22995,52,47,5,5
22996,84,78,6,6
22997,122,114,8,8
22998,102,87,15,15
22999,181,155,26,26
23000,98,82,16,16
23001,39,39,0,0
23002,84,64,20,20
23003,145,103,42,42
23004,124,115,9,9
23005,110,111,-1,1
23006,57,51,6,6
23007,88,76,12,12
23008,64,60,4,4
23009,195,167,28,28
23010,131,128,3,3
23011,124,115,9,9
23012,79,87,-8,8
23013,66,58,8,8
23014,100,96,4,4
23015,82,68,14,14
23016,81,75,6,6
23017,85,72,13,13
23018,192,177,15,15
23019,112,101,11,11
23020,166,146,20,20
23021,101,90,11,11
23022,82,63,19,19
23023,89,71,18,18
23024,94,79,15,15
23025,79,81,-2,2
23026,108,104,4,4
23027,117,100,17,17
23028,123,105,18,18
23029,81,70,11,11
23030,87,71,16,16
23031,66,60,6,6
23032,35,31,4,4
23033,102,86,16,16
23034,145,124,21,21
23035,62,54,8,8
23036,121,105,16,16
23037,69,63,6,6
23038,142,124,18,18
23039,74,58,16,16
23040,92,78,14,14
23041,63,51,12,12
23042,71,67,4,4
23043,148,124,24,24
23044,72,70,2,2
23045,75,67,8,8
23046,118,110,8,8
23047,103,94,9,9
23048,136,109,27,27
23049,126,125,1,1
23050,93,90,3,3
23051,101,93,8,8
23052,133,112,21,21
23053,83,81,2,2
23054,91,83,8,8
23055,52,48,4,4
23056,100,88,12,12
23057,88,77,11,11
23058,80,77,3,3
23059,83,83,0,0
23060,90,76,14,14
23061,69,87,-18,18
23062,85,73,12,12
23063,107,87,20,20
23064,103,86,17,17
23065,60,54,6,6
23066,152,142,10,10
23067,40,35,5,5
23068,87,72,15,15
23069,78,64,14,14
23070,145,137,8,8
23071,47,45,2,2
23072,139,114,25,25
23073,94,83,11,11
23074,138,143,-5,5
23075,115,89,26,26
23076,94,85,9,9
23077,106,95,11,11
23078,85,70,15,15
23079,82,71,11,11
23080,61,53,8,8
23081,160,135,25,25
23082,157,147,10,10
23083,87,80,7,7
23084,135,114,21,21
23085,120,101,19,19
23086,104,90,14,14
23087,165,133,32,32
23088,88,78,10,10
23089,67,64,3,3
23090,87,73,14,14
23091,66,63,3,3
23092,74,64,10,10
23093,76,68,8,8
23094,62,58,4,4
23095,79,74,5,5
23096,91,82,9,9
23097,70,59,11,11
23098,148,128,20,20
23099,135,113,22,22
23100,74,73,1,1
23101,78,68,10,10
23102,93,82,11,11
23103,124,103,21,21
23104,129,120,9,9
23105,98,82,16,16
23106,72,61,11,11
23107,53,51,2,2
23108,138,120,18,18
23109,184,143,41,41
23110,85,78,7,7
23111,82,71,11,11
23112,105,100,5,5
23113,99,86,13,13
23114,65,59,6,6
23115,73,58,15,15
23116,66,56,10,10
23117,102,94,8,8
23118,85,69,16,16
23119,188,178,10,10
23120,81,184,-103,103
23121,124,113,11,11
23122,59,53,6,6
23123,108,96,12,12
23124,92,87,5,5
23125,100,86,14,14
23126,105,97,8,8
23127,93,85,8,8
23128,155,145,10,10
23129,71,60,11,11
23130,65,50,15,15
23131,94,80,14,14
23132,122,118,4,4
23133,70,62,8,8
23134,65,58,7,7
23135,160,140,20,20
23136,115,106,9,9
23137,134,125,9,9
23138,101,93,8,8
23139,105,91,14,14
23140,93,88,5,5
23141,94,78,16,16
23142,82,68,14,14
23143,90,79,11,11
23144,78,62,16,16
23145,145,129,16,16
23146,120,107,13,13
23147,94,84,10,10
23148,95,75,20,20
23149,115,118,-3,3
23150,49,42,7,7
23151,134,124,10,10
23152,88,73,15,15
23153,82,76,6,6
23154,67,50,17,17
23155,71,58,13,13
23156,56,58,-2,2
23157,88,74,14,14
23158,34,31,3,3
23159,62,69,-7,7
23160,82,77,5,5
23161,111,108,3,3
23162,48,43,5,5
23163,102,96,6,6
23164,143,125,18,18
23165,47,43,4,4
23166,76,66,10,10
23167,119,105,14,14
23168,64,53,11,11
23169,72,59,13,13
23170,141,127,14,14
23171,64,50,14,14
23172,127,106,21,21
23173,72,66,6,6
23174,111,96,15,15
23175,104,78,26,26
23176,77,73,4,4
23177,133,129,4,4
23178,113,100,13,13
23179,110,99,11,11
23180,89,80,9,9
23181,125,113,12,12
23182,127,99,28,28
23183,68,59,9,9
23184,99,97,2,2
23185,86,82,4,4
23186,111,99,12,12
23187,118,97,21,21
23188,74,68,6,6
23189,132,109,23,23
23190,99,85,14,14
23191,139,126,13,13
23192,107,101,6,6
23193,70,70,0,0
23194,77,61,16,16
23195,101,96,5,5
23196,103,93,10,10
23197,86,77,9,9
23198,104,84,20,20
23199,100,95,5,5
23200,150,126,24,24
23201,69,58,11,11
23202,129,115,14,14
23203,162,151,11,11
23204,111,110,1,1
23205,133,119,14,14
23206,87,77,10,10
23207,74,74,0,0
23208,95,94,1,1
23209,110,109,1,1
23210,124,117,7,7
23211,155,134,21,21
23212,74,57,17,17
23213,80,67,13,13
23214,90,75,15,15
23215,100,86,14,14
23216,112,86,26,26
23217,81,60,21,21
23218,73,70,3,3
23219,122,105,17,17
23220,130,116,14,14
23221,129,112,17,17
23222,123,106,17,17
23223,84,77,7,7
23224,63,58,5,5
23225,144,120,24,24
23226,91,148,-57,57
23227,66,65,1,1
23228,95,82,13,13
23229,129,109,20,20
23230,75,68,7,7
23231,152,174,-22,22
23232,119,88,31,31
23233,107,95,12,12
23234,184,157,27,27
23235,84,80,4,4
23236,123,107,16,16
23237,167,133,34,34
23238,59,49,10,10
23239,68,64,4,4
23240,119,95,24,24
23241,77,57,20,20
23242,70,71,-1,1
23243,79,65,14,14
23244,114,107,7,7
23245,75,64,11,11
23246,64,50,14,14
23247,127,109,18,18
23248,52,49,3,3
23249,67,54,13,13
23250,73,69,4,4
23251,85,71,14,14
23252,63,59,4,4
23253,88,68,20,20
23254,89,95,-6,6
23255,133,105,28,28
23256,82,73,9,9
23257,115,92,23,23
23258,97,90,7,7
23259,81,81,0,0
23260,102,83,19,19
23261,68,54,14,14
23262,64,56,8,8
23263,70,61,9,9
23264,73,69,4,4
23265,59,59,0,0
23266,136,123,13,13
23267,103,96,7,7
23268,137,110,27,27
23269,73,67,6,6
23270,83,74,9,9
23271,95,76,19,19
23272,138,118,20,20
23273,86,68,18,18
23274,66,75,-9,9
23275,134,149,-15,15
23276,116,102,14,14
23277,70,64,6,6
23278,118,103,15,15
23279,131,114,17,17
23280,40,56,-16,16
23281,82,73,9,9
23282,78,65,13,13
23283,97,78,19,19
23284,89,84,5,5
23285,133,118,15,15
23286,76,65,11,11
23287,152,122,30,30
23288,92,80,12,12
23289,62,56,6,6
23290,179,142,37,37
23291,127,105,22,22
23292,115,101,14,14
23293,54,59,-5,5
23294,136,110,26,26
23295,76,75,1,1
23296,62,63,-1,1
23297,78,70,8,8
23298,182,149,33,33
23299,67,59,8,8
23300,110,88,22,22
23301,92,75,17,17
23302,150,130,20,20
23303,122,115,7,7
23304,62,63,-1,1
23305,109,91,18,18
23306,123,106,17,17
23307,107,99,8,8
23308,50,52,-2,2
23309,62,58,4,4
23310,115,101,14,14
23311,41,39,2,2
23312,106,93,13,13
23313,58,49,9,9
23314,67,57,10,10
23315,64,51,13,13
23316,71,79,-8,8
23317,83,84,-1,1
23318,157,158,-1,1
23319,90,82,8,8
23320,100,99,1,1
23321,92,87,5,5
23322,87,93,-6,6
23323,76,80,-4,4
23324,101,97,4,4
23325,56,44,12,12
23326,65,62,3,3
23327,70,66,4,4
23328,57,53,4,4
23329,112,129,-17,17
23330,50,66,-16,16
23331,47,47,0,0
23332,140,143,-3,3
23333,51,45,6,6
23334,61,61,0,0
23335,78,71,7,7
23336,70,59,11,11
23337,98,82,16,16
23338,152,129,23,23
23339,99,92,7,7
23340,93,90,3,3
23341,90,77,13,13
23342,51,50,1,1
23343,94,79,15,15
23344,82,75,7,7
23345,137,130,7,7
23346,85,82,3,3
23347,131,127,4,4
23348,110,89,21,21
23349,70,58,12,12
23350,99,95,4,4
23351,146,124,22,22
23352,37,36,1,1
23353,94,79,15,15
23354,124,111,13,13
23355,91,97,-6,6
23356,85,78,7,7
23357,58,55,3,3
23358,78,78,0,0
23359,62,58,4,4
23360,51,48,3,3
23361,85,84,1,1
23362,64,59,5,5
23363,108,106,2,2
23364,89,82,7,7
23365,120,110,10,10
23366,131,107,24,24
23367,50,45,5,5
23368,109,95,14,14
23369,82,68,14,14
23370,115,98,17,17
23371,121,107,14,14
23372,193,166,27,27
23373,66,59,7,7
23374,125,107,18,18
23375,64,58,6,6
23376,105,87,18,18
23377,47,44,3,3
23378,57,61,-4,4
23379,105,86,19,19
23380,124,112,12,12
23381,90,90,0,0
23382,126,104,22,22
23383,89,89,0,0
23384,122,104,18,18
23385,116,102,14,14
23386,80,62,18,18
23387,92,77,15,15
23388,62,73,-11,11
23389,144,134,10,10
23390,45,48,-3,3
23391,139,126,13,13
23392,117,102,15,15
23393,99,89,10,10
23394,98,87,11,11
23395,87,81,6,6
23396,171,132,39,39
23397,127,98,29,29
23398,114,99,15,15
23399,100,95,5,5
23400,71,72,-1,1
23401,143,118,25,25
23402,84,78,6,6
23403,89,74,15,15
23404,85,75,10,10
23405,69,59,10,10
23406,145,140,5,5
23407,115,104,11,11
23408,116,106,10,10
23409,114,106,8,8
23410,58,45,13,13
23411,79,66,13,13
23412,73,68,5,5
23413,114,108,6,6
23414,140,131,9,9
23415,92,88,4,4
23416,111,102,9,9
23417,131,126,5,5
23418,76,69,7,7
23419,94,87,7,7
23420,91,90,1,1
23421,76,65,11,11
23422,115,98,17,17
23423,65,57,8,8
23424,113,108,5,5
23425,85,81,4,4
23426,214,218,-4,4
23427,211,187,24,24
23428,41,39,2,2
23429,78,68,10,10
23430,161,144,17,17
23431,79,71,8,8
23432,51,49,2,2
23433,103,95,8,8
23434,73,69,4,4
23435,55,56,-1,1
23436,136,104,32,32
23437,131,122,9,9
23438,77,69,8,8
23439,80,68,12,12
23440,110,103,7,7
23441,54,49,5,5
23442,111,103,8,8
23443,84,77,7,7
23444,70,57,13,13
23445,70,59,11,11
23446,106,90,16,16
23447,97,87,10,10
23448,100,85,15,15
23449,135,119,16,16
23450,86,77,9,9
23451,42,33,9,9
23452,132,129,3,3
23453,73,66,7,7
23454,125,114,11,11
23455,83,78,5,5
23456,125,115,10,10
23457,120,108,12,12
23458,110,96,14,14
23459,197,173,24,24
23460,111,98,13,13
23461,86,85,1,1
23462,76,63,13,13
23463,150,129,21,21
23464,115,105,10,10
23465,89,86,3,3
23466,176,144,32,32
23467,64,63,1,1
23468,120,105,15,15
23469,121,106,15,15
23470,64,71,-7,7
23471,49,58,-9,9
23472,70,57,13,13
23473,112,97,15,15
23474,89,86,3,3
23475,107,94,13,13
23476,155,143,12,12
23477,73,68,5,5
23478,129,123,6,6
23479,161,137,24,24
23480,89,79,10,10
23481,113,103,10,10
23482,99,81,18,18
23483,127,115,12,12
23484,115,105,10,10
23485,78,68,10,10
23486,155,151,4,4
23487,54,44,10,10
23488,89,81,8,8
23489,115,98,17,17
23490,82,73,9,9
23491,165,145,20,20
23492,90,76,14,14
23493,87,76,11,11
23494,115,101,14,14
23495,70,63,7,7
23496,85,70,15,15
23497,101,87,14,14
23498,118,121,-3,3
23499,135,104,31,31
23500,74,69,5,5
23501,108,109,-1,1
23502,134,121,13,13
23503,109,95,14,14
23504,77,70,7,7
23505,71,57,14,14
23506,78,66,12,12
23507,125,97,28,28
23508,90,76,14,14
23509,47,42,5,5
23510,89,75,14,14
23511,102,88,14,14
23512,94,85,9,9
23513,137,130,7,7
23514,110,93,17,17
23515,100,89,11,11
23516,125,108,17,17
23517,57,79,-22,22
23518,120,109,11,11
23519,149,131,18,18
23520,69,69,0,0
23521,91,88,3,3
23522,69,61,8,8
23523,143,126,17,17
23524,112,94,18,18
23525,108,87,21,21
23526,83,82,1,1
23527,102,96,6,6
23528,55,48,7,7
23529,101,86,15,15
23530,39,37,2,2
23531,173,161,12,12
23532,98,84,14,14
23533,136,120,16,16
23534,62,54,8,8
23535,188,145,43,43
23536,98,89,9,9
23537,132,113,19,19
23538,89,94,-5,5
23539,106,100,6,6
23540,101,100,1,1
23541,150,125,25,25
23542,194,162,32,32
23543,108,101,7,7
23544,78,78,0,0
23545,70,61,9,9
23546,93,90,3,3
23547,65,65,0,0
23548,113,91,22,22
23549,129,114,15,15
23550,94,90,4,4
23551,108,94,14,14
23552,90,82,8,8
23553,68,64,4,4
23554,98,90,8,8
23555,96,96,0,0
23556,85,87,-2,2
23557,137,127,10,10
23558,112,100,12,12
23559,168,144,24,24
23560,87,81,6,6
23561,134,116,18,18
23562,75,71,4,4
23563,135,117,18,18
23564,81,73,8,8
23565,96,94,2,2
23566,91,88,3,3
23567,104,84,20,20
23568,105,89,16,16
23569,56,48,8,8
23570,111,97,14,14
23571,56,57,-1,1
23572,62,55,7,7
23573,103,92,11,11
23574,144,135,9,9
23575,101,89,12,12
23576,79,63,16,16
23577,102,84,18,18
23578,121,110,11,11
23579,140,123,17,17
23580,135,122,13,13
23581,80,69,11,11
23582,51,51,0,0
23583,152,135,17,17
23584,94,86,8,8
23585,52,40,12,12
23586,78,74,4,4
23587,82,75,7,7
23588,75,62,13,13
23589,117,102,15,15
23590,136,119,17,17
23591,92,79,13,13
23592,55,41,14,14
23593,126,104,22,22
23594,55,53,2,2
23595,43,38,5,5
23596,83,81,2,2
23597,116,111,5,5
23598,113,101,12,12
23599,60,53,7,7
23600,100,89,11,11
23601,100,96,4,4
23602,113,99,14,14
23603,123,128,-5,5
23604,69,66,3,3
23605,113,117,-4,4
23606,71,67,4,4
23607,132,111,21,21
23608,151,135,16,16
23609,57,51,6,6
23610,105,93,12,12
23611,188,142,46,46
23612,79,64,15,15
23613,151,137,14,14
23614,137,127,10,10
23615,42,41,1,1
23616,144,131,13,13
23617,41,42,-1,1
23618,82,72,10,10
23619,91,76,15,15
23620,65,63,2,2
23621,65,56,9,9
23622,103,94,9,9
23623,116,104,12,12
23624,149,137,12,12
23625,202,172,30,30
23626,61,53,8,8
23627,78,70,8,8
23628,154,124,30,30
23629,87,80,7,7
23630,93,76,17,17
23631,134,121,13,13
23632,116,109,7,7
23633,124,119,5,5
23634,148,133,15,15
23635,140,129,11,11
23636,69,56,13,13
23637,107,95,12,12
23638,99,84,15,15
23639,137,118,19,19
23640,165,129,36,36
23641,102,86,16,16
23642,116,97,19,19
23643,95,71,24,24
23644,86,94,-8,8
23645,88,89,-1,1
23646,108,99,9,9
23647,153,144,9,9
23648,69,59,10,10
23649,76,65,11,11
23650,103,91,12,12
23651,79,82,-3,3
23652,129,105,24,24
23653,87,79,8,8
23654,67,60,7,7
23655,81,73,8,8
23656,118,103,15,15
23657,69,57,12,12
23658,63,60,3,3
23659,77,67,10,10
23660,113,99,14,14
23661,143,129,14,14
23662,57,53,4,4
23663,86,79,7,7
23664,36,42,-6,6
23665,128,95,33,33
23666,111,98,13,13
23667,68,66,2,2
23668,60,59,1,1
23669,90,81,9,9
23670,99,89,10,10
23671,80,67,13,13
23672,79,80,-1,1
23673,84,78,6,6
23674,77,63,14,14
23675,132,119,13,13
23676,94,60,34,34
23677,95,88,7,7
23678,67,62,5,5
23679,134,112,22,22
23680,148,135,13,13
23681,92,80,12,12
23682,85,68,17,17
23683,69,69,0,0
23684,107,106,1,1
23685,113,116,-3,3
23686,49,46,3,3
23687,31,30,1,1
23688,72,69,3,3
23689,135,125,10,10
23690,126,101,25,25
23691,67,60,7,7
23692,70,70,0,0
23693,64,59,5,5
23694,70,85,-15,15
23695,88,70,18,18
23696,66,64,2,2
23697,80,81,-1,1
23698,82,84,-2,2
23699,85,79,6,6
23700,128,116,12,12
23701,116,104,12,12
23702,74,59,15,15
23703,107,94,13,13
23704,74,64,10,10
23705,133,105,28,28
23706,91,78,13,13
23707,100,91,9,9
23708,90,73,17,17
23709,41,42,-1,1
23710,117,102,15,15
23711,91,82,9,9
23712,108,111,-3,3
23713,61,54,7,7
23714,201,177,24,24
23715,112,99,13,13
23716,62,54,8,8
23717,70,62,8,8
23718,79,70,9,9
23719,85,71,14,14
23720,138,118,20,20
23721,132,118,14,14
23722,46,47,-1,1
23723,172,160,12,12
23724,120,100,20,20
23725,120,104,16,16
23726,96,90,6,6
23727,108,93,15,15
23728,125,118,7,7
23729,72,73,-1,1
23730,110,89,21,21
23731,51,54,-3,3
23732,127,115,12,12
23733,109,99,10,10
23734,70,60,10,10
23735,91,81,10,10
23736,53,55,-2,2
23737,195,179,16,16
23738,63,58,5,5
23739,97,92,5,5
23740,109,92,17,17
23741,116,106,10,10
23742,52,55,-3,3
23743,66,69,-3,3
23744,70,59,11,11
23745,143,133,10,10
23746,61,82,-21,21
23747,105,86,19,19
23748,58,48,10,10
23749,141,130,11,11
23750,64,56,8,8
23751,126,114,12,12
23752,154,139,15,15
23753,103,84,19,19
23754,54,50,4,4
23755,100,90,10,10
23756,99,90,9,9
23757,84,79,5,5
23758,67,63,4,4
23759,51,57,-6,6
23760,118,108,10,10
23761,139,114,25,25
23762,83,73,10,10
23763,127,116,11,11
23764,98,83,15,15
23765,86,74,12,12
23766,53,48,5,5
23767,111,104,7,7
23768,82,74,8,8
23769,101,82,19,19
23770,79,73,6,6
23771,82,82,0,0
23772,101,81,20,20
23773,172,146,26,26
23774,49,55,-6,6
23775,144,125,19,19
23776,79,68,11,11
23777,71,69,2,2
23778,109,101,8,8
23779,97,84,13,13
23780,134,115,19,19
23781,139,146,-7,7
23782,103,86,17,17
23783,104,89,15,15
23784,45,46,-1,1
23785,124,121,3,3
23786,77,73,4,4
23787,92,89,3,3
23788,54,49,5,5
23789,96,88,8,8
23790,77,60,17,17
23791,99,83,16,16
23792,46,43,3,3
23793,128,115,13,13
23794,114,109,5,5
23795,183,163,20,20
23796,74,68,6,6
23797,152,129,23,23
23798,95,78,17,17
23799,84,66,18,18
23800,103,90,13,13
23801,118,101,17,17
23802,82,87,-5,5
23803,161,153,8,8
23804,93,78,15,15
23805,91,75,16,16
23806,106,89,17,17
23807,91,78,13,13
23808,52,48,4,4
23809,89,78,11,11
23810,80,75,5,5
23811,112,107,5,5
23812,69,56,13,13
23813,68,59,9,9
23814,219,189,30,30
23815,89,83,6,6
23816,127,109,18,18
23817,84,78,6,6
23818,85,72,13,13
23819,28,42,-14,14
23820,141,117,24,24
23821,92,87,5,5
23822,130,110,20,20
23823,59,58,1,1
23824,143,121,22,22
23825,145,123,22,22
23826,73,66,7,7
23827,177,159,18,18
23828,169,144,25,25
23829,54,45,9,9
23830,128,105,23,23
23831,52,49,3,3
23832,129,118,11,11
23833,99,91,8,8
23834,119,94,25,25
23835,75,71,4,4
23836,119,98,21,21
23837,103,86,17,17
23838,130,120,10,10
23839,119,101,18,18
23840,100,84,16,16
23841,159,152,7,7
23842,75,60,15,15
23843,86,82,4,4
23844,123,110,13,13
23845,74,70,4,4
23846,50,54,-4,4
23847,57,44,13,13
23848,50,49,1,1
23849,71,67,4,4
23850,96,85,11,11
23851,76,63,13,13
23852,130,112,18,18
23853,62,64,-2,2
23854,92,74,18,18
23855,98,97,1,1
23856,67,54,13,13
23857,231,207,24,24
23858,68,51,17,17
23859,59,48,11,11
23860,82,64,18,18
23861,67,62,5,5
23862,88,72,16,16
23863,138,113,25,25
23864,81,61,20,20
23865,117,107,10,10
23866,67,66,1,1
23867,57,54,3,3
23868,53,45,8,8
23869,87,79,8,8
23870,123,114,9,9
23871,128,113,15,15
23872,80,75,5,5
23873,95,84,11,11
23874,105,95,10,10
23875,92,83,9,9
23876,97,81,16,16
23877,96,92,4,4
23878,114,92,22,22
23879,57,53,4,4
23880,174,144,30,30
23881,98,84,14,14
23882,96,79,17,17
23883,34,46,-12,12
23884,53,47,6,6
23885,70,62,8,8
23886,100,96,4,4
23887,112,105,7,7
23888,86,83,3,3
23889,106,91,15,15
23890,75,71,4,4
23891,97,101,-4,4
23892,93,86,7,7
23893,105,73,32,32
23894,108,97,11,11
23895,137,126,11,11
23896,99,93,6,6
23897,71,63,8,8
23898,157,152,5,5
23899,111,94,17,17
23900,102,83,19,19
23901,144,125,19,19
23902,86,74,12,12
23903,63,68,-5,5
23904,97,80,17,17
23905,30,33,-3,3
23906,77,70,7,7
23907,111,95,16,16
23908,77,63,14,14
23909,41,34,7,7
23910,82,78,4,4
23911,144,126,18,18
23912,117,107,10,10
23913,94,79,15,15
23914,58,46,12,12
23915,101,87,14,14
23916,105,86,19,19
23917,99,97,2,2
23918,88,74,14,14
23919,69,69,0,0
23920,67,54,13,13
23921,51,54,-3,3
23922,120,105,15,15
23923,60,54,6,6
23924,90,76,14,14
23925,81,70,11,11
23926,163,159,4,4
23927,142,119,23,23
23928,65,59,6,6
23929,156,144,12,12
23930,52,43,9,9
23931,74,58,16,16
23932,115,102,13,13
23933,126,123,3,3
23934,48,41,7,7
23935,129,121,8,8
23936,160,140,20,20
23937,110,107,3,3
23938,121,116,5,5
23939,97,83,14,14
23940,110,126,-16,16
23941,135,119,16,16
23942,153,141,12,12
23943,103,113,-10,10
23944,103,89,14,14
23945,119,100,19,19
23946,76,75,1,1
23947,195,190,5,5
23948,57,53,4,4
23949,59,62,-3,3
23950,146,137,9,9
23951,91,70,21,21
23952,101,86,15,15
23953,240,187,53,53
23954,88,82,6,6
23955,83,66,17,17
23956,77,69,8,8
23957,82,76,6,6
23958,82,84,-2,2
23959,119,97,22,22
23960,106,88,18,18
23961,101,101,0,0
23962,78,74,4,4
23963,82,69,13,13
23964,82,73,9,9
23965,126,103,23,23
23966,87,85,2,2
23967,96,87,9,9
23968,68,60,8,8
23969,100,84,16,16
23970,71,67,4,4
23971,91,90,1,1
23972,118,104,14,14
23973,93,85,8,8
23974,87,78,9,9
23975,75,72,3,3
23976,64,55,9,9
23977,94,84,10,10
23978,45,43,2,2
23979,97,79,18,18
23980,115,99,16,16
23981,84,65,19,19
23982,139,115,24,24
23983,155,146,9,9
23984,65,60,5,5
23985,72,67,5,5
23986,65,61,4,4
23987,45,40,5,5
23988,92,81,11,11
23989,148,134,14,14
23990,163,131,32,32
23991,80,65,15,15
23992,131,107,24,24
23993,74,65,9,9
23994,62,59,3,3
23995,65,53,12,12
23996,110,89,21,21
23997,119,84,35,35
23998,110,94,16,16
23999,89,85,4,4
24000,104,104,0,0
24001,110,108,2,2
24002,83,69,14,14
24003,134,121,13,13
24004,110,100,10,10
24005,74,76,-2,2
24006,152,141,11,11
24007,103,92,11,11
24008,47,43,4,4
24009,104,87,17,17
24010,59,56,3,3
24011,76,57,19,19
24012,82,79,3,3
24013,100,91,9,9
24014,127,116,11,11
24015,70,59,11,11
24016,71,70,1,1
24017,83,84,-1,1
24018,80,75,5,5
24019,102,93,9,9
24020,70,71,-1,1
24021,89,76,13,13
24022,75,66,9,9
24023,104,90,14,14
24024,84,64,20,20
24025,56,51,5,5
24026,55,57,-2,2
24027,141,145,-4,4
24028,82,77,5,5
24029,182,153,29,29
24030,154,142,12,12
24031,86,78,8,8
24032,78,71,7,7
24033,91,82,9,9
24034,115,108,7,7
24035,112,109,3,3
24036,98,104,-6,6
24037,83,68,15,15
24038,58,52,6,6
24039,72,64,8,8
24040,46,50,-4,4
24041,54,51,3,3
24042,99,89,10,10
24043,100,113,-13,13
24044,114,105,9,9
24045,56,46,10,10
24046,49,48,1,1
24047,63,52,11,11
24048,63,55,8,8
24049,72,61,11,11
24050,97,86,11,11
24051,59,55,4,4
24052,123,115,8,8
24053,109,105,4,4
24054,108,93,15,15
24055,95,91,4,4
24056,94,81,13,13
24057,59,56,3,3
24058,80,74,6,6
24059,140,124,16,16
24060,102,92,10,10
24061,65,63,2,2
24062,117,102,15,15
24063,63,52,11,11
24064,77,76,1,1
24065,137,89,48,48
24066,114,103,11,11
24067,78,61,17,17
24068,45,41,4,4
24069,84,79,5,5
24070,96,92,4,4
24071,62,57,5,5
24072,67,67,0,0
24073,178,146,32,32
24074,78,78,0,0
24075,112,100,12,12
24076,99,74,25,25
24077,94,92,2,2
24078,86,66,20,20
24079,116,99,17,17
24080,64,51,13,13
24081,51,43,8,8
24082,176,135,41,41
24083,120,98,22,22
24084,121,97,24,24
24085,84,75,9,9
24086,108,96,12,12
24087,97,86,11,11
24088,91,83,8,8
24089,117,105,12,12
24090,102,79,23,23
24091,53,44,9,9
24092,82,68,14,14
24093,63,60,3,3
24094,50,78,-28,28
24095,121,99,22,22
24096,33,40,-7,7
24097,75,65,10,10
24098,98,92,6,6
24099,95,83,12,12
24100,94,84,10,10
24101,43,41,2,2
24102,88,90,-2,2
24103,72,66,6,6
24104,118,99,19,19
24105,76,71,5,5
24106,58,51,7,7
24107,104,78,26,26
24108,115,99,16,16
24109,63,51,12,12
24110,105,101,4,4
24111,59,49,10,10
24112,58,50,8,8
24113,146,126,20,20
24114,82,76,6,6
24115,114,111,3,3
24116,95,81,14,14
24117,46,43,3,3
24118,122,98,24,24
24119,78,69,9,9
24120,97,84,13,13
24121,111,101,10,10
24122,161,135,26,26
24123,157,146,11,11
24124,90,88,2,2
24125,69,57,12,12
24126,78,68,10,10
24127,111,94,17,17
24128,56,46,10,10
24129,83,64,19,19
24130,186,162,24,24
24131,76,73,3,3
24132,76,73,3,3
24133,136,123,13,13
24134,87,76,11,11
24135,87,72,15,15
24136,72,43,29,29
24137,64,67,-3,3
24138,162,147,15,15
24139,59,57,2,2
24140,77,64,13,13
24141,58,52,6,6
24142,65,53,12,12
24143,103,81,22,22
24144,74,67,7,7
24145,83,64,19,19
24146,62,52,10,10
24147,115,94,21,21
24148,88,84,4,4
24149,79,75,4,4
24150,102,89,13,13
24151,76,67,9,9
24152,72,68,4,4
24153,127,120,7,7
24154,57,53,4,4
24155,123,114,9,9
24156,108,95,13,13
24157,179,150,29,29
24158,56,71,-15,15
24159,129,126,3,3
24160,76,72,4,4
24161,160,129,31,31
24162,108,87,21,21
24163,65,61,4,4
24164,80,66,14,14
24165,68,72,-4,4
24166,125,141,-16,16
24167,55,49,6,6
24168,101,96,5,5
24169,102,89,13,13
24170,151,142,9,9
24171,98,112,-14,14
24172,72,72,0,0
24173,124,110,14,14
24174,113,96,17,17
24175,84,69,15,15
24176,51,49,2,2
24177,73,65,8,8
24178,58,46,12,12
24179,103,96,7,7
24180,89,67,22,22
24181,103,97,6,6
24182,122,108,14,14
24183,62,57,5,5
24184,152,127,25,25
24185,49,46,3,3
24186,76,70,6,6
24187,107,93,14,14
24188,63,71,-8,8
24189,132,118,14,14
24190,167,96,71,71
24191,105,90,15,15
24192,160,147,13,13
24193,86,75,11,11
24194,105,89,16,16
24195,88,80,8,8
24196,102,89,13,13
24197,102,102,0,0
24198,101,106,-5,5
24199,48,47,1,1
24200,131,119,12,12
24201,45,36,9,9
24202,100,90,10,10
24203,77,67,10,10
24204,131,127,4,4
24205,106,96,10,10
24206,115,101,14,14
24207,140,117,23,23
24208,111,104,7,7
24209,100,96,4,4
24210,55,53,2,2
24211,80,68,12,12
24212,98,90,8,8
24213,61,47,14,14
24214,106,90,16,16
24215,91,84,7,7
24216,96,81,15,15
24217,88,76,12,12
24218,79,72,7,7
24219,108,106,2,2
24220,108,101,7,7
24221,137,108,29,29
24222,110,93,17,17
24223,67,59,8,8
24224,81,70,11,11
24225,74,65,9,9
24226,95,93,2,2
24227,36,26,10,10
24228,96,86,10,10
24229,80,75,5,5
24230,86,70,16,16
24231,145,142,3,3
24232,163,149,14,14
24233,57,47,10,10
24234,91,89,2,2
24235,100,96,4,4
24236,55,47,8,8
24237,118,103,15,15
24238,183,170,13,13
24239,79,75,4,4
24240,82,61,21,21
24241,107,94,13,13
24242,47,42,5,5
24243,103,98,5,5
24244,78,67,11,11
24245,114,105,9,9
24246,127,107,20,20
24247,65,60,5,5
24248,149,145,4,4
24249,72,60,12,12
24250,75,67,8,8
24251,99,89,10,10
24252,91,83,8,8
24253,50,52,-2,2
24254,116,102,14,14
24255,150,127,23,23
24256,136,132,4,4
24257,145,94,51,51
24258,64,62,2,2
24259,81,72,9,9
24260,76,65,11,11
24261,91,74,17,17
24262,64,52,12,12
24263,52,42,10,10
24264,85,80,5,5
24265,93,85,8,8
24266,80,79,1,1
24267,84,78,6,6
24268,71,62,9,9
24269,73,62,11,11
24270,54,52,2,2
24271,87,71,16,16
24272,88,86,2,2
24273,50,49,1,1
24274,122,105,17,17
24275,98,88,10,10
24276,82,65,17,17
24277,173,148,25,25
24278,78,70,8,8
24279,106,86,20,20
24280,103,103,0,0
24281,78,64,14,14
24282,57,54,3,3
24283,125,122,3,3
24284,103,95,8,8
24285,100,89,11,11
24286,78,74,4,4
24287,122,100,22,22
24288,122,121,1,1
24289,135,115,20,20
24290,110,86,24,24
24291,174,146,28,28
24292,54,47,7,7
24293,43,38,5,5
24294,82,69,13,13
24295,91,75,16,16
24296,104,85,19,19
24297,148,128,20,20
24298,30,29,1,1
24299,115,97,18,18
24300,122,104,18,18
24301,126,107,19,19
24302,68,69,-1,1
24303,119,90,29,29
24304,124,122,2,2
24305,81,61,20,20
24306,74,59,15,15
24307,75,68,7,7
24308,57,53,4,4
24309,92,60,32,32
24310,79,64,15,15
24311,118,113,5,5
24312,62,59,3,3
24313,86,68,18,18
24314,57,40,17,17
24315,93,97,-4,4
24316,111,90,21,21
24317,77,68,9,9
24318,66,64,2,2
24319,142,97,45,45
24320,117,94,23,23
24321,48,43,5,5
24322,195,164,31,31
24323,100,90,10,10
24324,103,79,24,24
24325,59,61,-2,2
24326,76,67,9,9
24327,108,98,10,10
24328,127,116,11,11
24329,91,67,24,24
24330,67,65,2,2
24331,157,134,23,23
24332,120,122,-2,2
24333,79,71,8,8
24334,95,85,10,10
24335,103,93,10,10
24336,126,106,20,20
24337,73,84,-11,11
24338,53,54,-1,1
24339,126,115,11,11
24340,78,67,11,11
24341,128,118,10,10
24342,51,49,2,2
24343,76,67,9,9
24344,130,121,9,9
24345,87,81,6,6
24346,76,75,1,1
24347,71,61,10,10
24348,115,106,9,9
24349,119,107,12,12
24350,75,67,8,8
24351,75,73,2,2
24352,93,80,13,13
24353,128,125,3,3
24354,127,140,-13,13
24355,94,83,11,11
24356,133,112,21,21
24357,53,41,12,12
24358,146,125,21,21
24359,117,118,-1,1
24360,74,65,9,9
24361,126,111,15,15
24362,41,45,-4,4
24363,143,132,11,11
24364,90,80,10,10
24365,73,70,3,3
24366,156,140,16,16
24367,72,63,9,9
24368,59,52,7,7
24369,27,25,2,2
24370,93,88,5,5
24371,87,82,5,5
24372,44,43,1,1
24373,182,167,15,15
24374,90,83,7,7
24375,170,145,25,25
24376,128,117,11,11
24377,102,84,18,18
24378,99,87,12,12
24379,106,92,14,14
24380,86,74,12,12
24381,127,105,22,22
24382,99,77,22,22
24383,101,94,7,7
24384,155,129,26,26
24385,184,150,34,34
24386,98,85,13,13
24387,95,83,12,12
24388,108,124,-16,16
24389,103,97,6,6
24390,147,131,16,16
24391,100,83,17,17
24392,76,88,-12,12
24393,308,219,89,89
24394,71,45,26,26
24395,80,75,5,5
24396,88,74,14,14
24397,92,93,-1,1
24398,105,102,3,3
24399,63,64,-1,1
24400,89,73,16,16
24401,77,79,-2,2
24402,94,85,9,9
24403,72,77,-5,5
24404,65,56,9,9
24405,132,117,15,15
24406,90,79,11,11
24407,83,74,9,9
24408,35,65,-30,30
24409,163,144,19,19
24410,73,64,9,9
24411,117,105,12,12
24412,87,75,12,12
24413,70,68,2,2
24414,189,161,28,28
24415,81,69,12,12
24416,59,64,-5,5
24417,110,109,1,1
24418,103,100,3,3
24419,89,84,5,5
24420,90,69,21,21
24421,475,347,128,128
24422,66,55,11,11
24423,97,90,7,7
24424,89,72,17,17
24425,106,93,13,13
24426,81,70,11,11
24427,143,131,12,12
24428,113,101,12,12
24429,83,78,5,5
24430,276,247,29,29
24431,88,73,15,15
24432,91,87,4,4
24433,179,147,32,32
24434,175,122,53,53
24435,86,77,9,9
24436,60,54,6,6
24437,86,79,7,7
24438,104,92,12,12
24439,144,125,19,19
24440,93,82,11,11
24441,98,87,11,11
24442,59,61,-2,2
24443,112,132,-20,20
24444,98,99,-1,1
24445,60,54,6,6
24446,72,62,10,10
24447,42,43,-1,1
24448,57,48,9,9
24449,138,119,19,19
24450,99,85,14,14
24451,134,124,10,10
24452,96,73,23,23
24453,101,82,19,19
24454,88,86,2,2
24455,79,77,2,2
24456,61,49,12,12
24457,77,57,20,20
24458,119,105,14,14
24459,124,103,21,21
24460,77,74,3,3
24461,81,76,5,5
24462,70,62,8,8
24463,120,119,1,1
24464,90,88,2,2
24465,88,84,4,4
24466,49,41,8,8
24467,70,61,9,9
24468,90,78,12,12
24469,70,59,11,11
24470,119,97,22,22
24471,99,91,8,8
24472,79,77,2,2
24473,112,98,14,14
24474,63,62,1,1
24475,40,39,1,1
24476,145,126,19,19
24477,82,68,14,14
24478,87,78,9,9
24479,75,58,17,17
24480,71,64,7,7
24481,84,71,13,13
24482,85,67,18,18
24483,101,85,16,16
24484,111,89,22,22
24485,90,82,8,8
24486,63,58,5,5
24487,174,165,9,9
24488,106,99,7,7
24489,64,65,-1,1
24490,33,29,4,4
24491,100,100,0,0
24492,185,150,35,35
24493,68,61,7,7
24494,29,27,2,2
24495,45,45,0,0
24496,58,55,3,3
24497,120,101,19,19
24498,124,102,22,22
24499,70,59,11,11
24500,104,99,5,5
24501,101,85,16,16
24502,92,84,8,8
24503,81,67,14,14
24504,59,53,6,6
24505,84,74,10,10
24506,67,65,2,2
24507,105,86,19,19
24508,81,73,8,8
24509,56,52,4,4
24510,115,108,7,7
24511,117,102,15,15
24512,95,81,14,14
24513,134,112,22,22
24514,89,82,7,7
24515,136,122,14,14
24516,100,90,10,10
24517,95,98,-3,3
24518,73,69,4,4
24519,58,60,-2,2
24520,157,135,22,22
24521,77,68,9,9
24522,54,38,16,16
24523,90,91,-1,1
24524,85,81,4,4
24525,71,69,2,2
24526,73,64,9,9
24527,87,77,10,10
24528,57,54,3,3
24529,64,57,7,7
24530,72,63,9,9
24531,184,146,38,38
24532,152,108,44,44
24533,88,80,8,8
24534,90,77,13,13
24535,96,94,2,2
24536,117,94,23,23
24537,65,54,11,11
24538,101,84,17,17
24539,130,122,8,8
24540,189,157,32,32
24541,80,73,7,7
24542,72,66,6,6
24543,99,90,9,9
24544,131,112,19,19
24545,120,119,1,1
24546,64,61,3,3
24547,59,42,17,17
24548,69,67,2,2
24549,44,43,1,1
24550,85,84,1,1
24551,51,60,-9,9
24552,70,68,2,2
24553,61,62,-1,1
24554,110,113,-3,3
24555,69,66,3,3
24556,56,51,5,5
24557,125,131,-6,6
24558,91,76,15,15
24559,53,55,-2,2
24560,91,84,7,7
24561,42,41,1,1
24562,85,78,7,7
24563,33,30,3,3
24564,94,76,18,18
24565,143,127,16,16
24566,72,58,14,14
24567,85,75,10,10
24568,132,124,8,8
24569,103,86,17,17
24570,131,100,31,31
24571,72,66,6,6
24572,109,99,10,10
24573,104,96,8,8
24574,128,108,20,20
24575,147,129,18,18
24576,90,80,10,10
24577,44,44,0,0
24578,84,77,7,7
24579,129,123,6,6
24580,76,82,-6,6
24581,82,81,1,1
24582,155,120,35,35
24583,141,118,23,23
24584,110,107,3,3
24585,117,109,8,8
24586,112,102,10,10
24587,109,104,5,5
24588,63,46,17,17
24589,68,61,7,7
24590,140,117,23,23
24591,42,43,-1,1
24592,97,97,0,0
24593,73,64,9,9
24594,49,40,9,9
24595,163,127,36,36
24596,116,105,11,11
24597,98,102,-4,4
24598,97,86,11,11
24599,76,68,8,8
24600,84,75,9,9
24601,52,40,12,12
24602,134,116,18,18
24603,62,51,11,11
24604,123,112,11,11
24605,55,48,7,7
24606,80,75,5,5
24607,77,68,9,9
24608,121,119,2,2
24609,45,44,1,1
24610,66,62,4,4
24611,59,43,16,16
24612,45,45,0,0
24613,63,56,7,7
24614,65,68,-3,3
24615,95,83,12,12
24616,84,73,11,11
24617,110,112,-2,2
24618,83,74,9,9
24619,133,107,26,26
24620,111,98,13,13
24621,69,62,7,7
24622,43,34,9,9
24623,97,92,5,5
24624,78,81,-3,3
24625,75,67,8,8
24626,130,110,20,20
24627,73,67,6,6
24628,156,143,13,13
24629,110,86,24,24
24630,132,122,10,10
24631,108,102,6,6
24632,97,90,7,7
24633,139,123,16,16
24634,88,76,12,12
24635,136,114,22,22
24636,115,98,17,17
24637,141,121,20,20
24638,125,111,14,14
24639,114,99,15,15
24640,127,112,15,15
24641,87,80,7,7
24642,126,115,11,11
24643,83,83,0,0
24644,68,55,13,13
24645,100,88,12,12
24646,67,64,3,3
24647,79,62,17,17
24648,123,106,17,17
24649,49,44,5,5
24650,73,79,-6,6
24651,105,89,16,16
24652,86,75,11,11
24653,78,78,0,0
24654,97,83,14,14
24655,95,91,4,4
24656,46,46,0,0
24657,105,101,4,4
24658,157,134,23,23
24659,97,100,-3,3
24660,130,112,18,18
24661,114,117,-3,3
24662,56,53,3,3
24663,37,38,-1,1
24664,133,120,13,13
24665,80,89,-9,9
24666,56,49,7,7
24667,64,56,8,8
24668,78,71,7,7
24669,96,80,16,16
24670,90,79,11,11
24671,126,105,21,21
24672,85,79,6,6
24673,60,46,14,14
24674,92,77,15,15
24675,105,94,11,11
24676,92,83,9,9
24677,85,75,10,10
24678,187,148,39,39
24679,108,107,1,1
24680,64,50,14,14
24681,99,85,14,14
24682,92,82,10,10
24683,111,100,11,11
24684,83,67,16,16
24685,92,77,15,15
24686,68,53,15,15
24687,158,126,32,32
24688,54,47,7,7
24689,86,68,18,18
24690,94,85,9,9
24691,102,92,10,10
24692,55,50,5,5
24693,52,56,-4,4
24694,69,68,1,1
24695,97,84,13,13
24696,59,59,0,0
24697,86,75,11,11
24698,104,98,6,6
24699,119,115,4,4
24700,124,100,24,24
24701,99,90,9,9
24702,94,82,12,12
24703,129,124,5,5
24704,134,103,31,31
24705,58,55,3,3
24706,131,108,23,23
24707,100,83,17,17
24708,97,78,19,19
24709,75,60,15,15
24710,133,118,15,15
24711,87,70,17,17
24712,76,68,8,8
24713,55,49,6,6
24714,167,154,13,13
24715,108,102,6,6
24716,64,56,8,8
24717,56,58,-2,2
24718,49,51,-2,2
24719,55,44,11,11
24720,80,86,-6,6
24721,55,49,6,6
24722,169,148,21,21
24723,156,138,18,18
24724,102,87,15,15
24725,94,82,12,12
24726,92,81,11,11
24727,116,121,-5,5
24728,120,115,5,5
24729,107,93,14,14
24730,113,102,11,11
24731,75,70,5,5
24732,67,52,15,15
24733,98,79,19,19
24734,193,162,31,31
24735,165,147,18,18
24736,92,72,20,20
24737,53,45,8,8
24738,82,84,-2,2
24739,113,109,4,4
24740,89,86,3,3
24741,93,78,15,15
24742,94,83,11,11
24743,87,75,12,12
24744,145,114,31,31
24745,142,121,21,21
24746,115,100,15,15
24747,82,78,4,4
24748,87,83,4,4
24749,74,59,15,15
24750,61,52,9,9
24751,125,105,20,20
24752,74,66,8,8
24753,129,114,15,15
24754,88,74,14,14
24755,93,85,8,8
24756,83,76,7,7
24757,123,101,22,22
24758,103,95,8,8
24759,136,127,9,9
24760,88,77,11,11
24761,94,81,13,13
24762,71,67,4,4
24763,80,80,0,0
24764,73,64,9,9
24765,90,74,16,16
24766,81,74,7,7
24767,85,84,1,1
24768,48,49,-1,1
24769,122,120,2,2
24770,120,106,14,14
24771,100,94,6,6
24772,123,100,23,23
24773,154,128,26,26
24774,49,50,-1,1
24775,110,86,24,24
24776,90,83,7,7
24777,103,89,14,14
24778,69,70,-1,1
24779,113,95,18,18
24780,102,93,9,9
24781,80,97,-17,17
24782,45,40,5,5
24783,154,139,15,15
24784,116,96,20,20
24785,125,109,16,16
24786,182,149,33,33
24787,68,58,10,10
24788,82,61,21,21
24789,78,72,6,6
24790,60,64,-4,4
24791,119,98,21,21
24792,76,69,7,7
24793,102,92,10,10
24794,94,96,-2,2
24795,76,75,1,1
24796,52,45,7,7
24797,82,66,16,16
24798,117,110,7,7
24799,110,94,16,16
24800,165,139,26,26
24801,79,65,14,14
24802,132,115,17,17
24803,118,94,24,24
24804,95,79,16,16
24805,74,70,4,4
24806,52,56,-4,4
24807,104,99,5,5
24808,103,116,-13,13
24809,119,109,10,10
24810,99,88,11,11
24811,141,120,21,21
24812,62,50,12,12
24813,95,83,12,12
24814,115,101,14,14
24815,97,99,-2,2
24816,46,43,3,3
24817,122,117,5,5
24818,121,110,11,11
24819,102,96,6,6
24820,148,131,17,17
24821,71,60,11,11
24822,114,95,19,19
24823,126,110,16,16
24824,84,73,11,11
24825,83,73,10,10
24826,101,73,28,28
24827,98,86,12,12
24828,121,103,18,18
24829,84,83,1,1
24830,56,56,0,0
24831,90,68,22,22
24832,85,72,13,13
24833,87,73,14,14
24834,113,105,8,8
24835,140,126,14,14
24836,116,104,12,12
24837,120,117,3,3
24838,82,69,13,13
24839,150,126,24,24
24840,89,76,13,13
24841,72,63,9,9
24842,106,99,7,7
24843,66,63,3,3
24844,67,62,5,5
24845,78,66,12,12
24846,118,101,17,17
24847,83,88,-5,5
24848,133,123,10,10
24849,127,115,12,12
24850,178,154,24,24
24851,70,62,8,8
24852,50,46,4,4
24853,121,104,17,17
24854,127,111,16,16
24855,62,46,16,16
24856,74,66,8,8
24857,79,70,9,9
24858,95,82,13,13
24859,103,96,7,7
24860,113,90,23,23
24861,58,65,-7,7
24862,162,111,51,51
24863,43,39,4,4
24864,73,62,11,11
24865,60,55,5,5
24866,134,115,19,19
24867,66,60,6,6
24868,42,49,-7,7
24869,89,75,14,14
24870,82,61,21,21
24871,133,119,14,14
24872,28,24,4,4
24873,120,101,19,19
24874,60,51,9,9
24875,59,60,-1,1
24876,54,48,6,6
24877,81,77,4,4
24878,102,88,14,14
24879,47,47,0,0
24880,90,66,24,24
24881,123,99,24,24
24882,83,71,12,12
24883,92,97,-5,5
24884,105,91,14,14
24885,108,84,24,24
24886,114,112,2,2
24887,57,55,2,2
24888,67,60,7,7
24889,85,83,2,2
24890,68,61,7,7
24891,55,48,7,7
24892,93,80,13,13
24893,61,58,3,3
24894,61,54,7,7
24895,87,80,7,7
24896,85,76,9,9
24897,88,83,5,5
24898,57,48,9,9
24899,65,60,5,5
24900,58,55,3,3
24901,118,105,13,13
24902,94,88,6,6
24903,164,148,16,16
24904,74,68,6,6
24905,106,138,-32,32
24906,97,104,-7,7
24907,117,100,17,17
24908,123,111,12,12
24909,72,72,0,0
24910,73,61,12,12
24911,105,135,-30,30
24912,53,48,5,5
24913,63,56,7,7
24914,85,74,11,11
24915,136,129,7,7
24916,113,94,19,19
24917,92,93,-1,1
24918,97,90,7,7
24919,95,94,1,1
24920,106,92,14,14
24921,167,147,20,20
24922,121,119,2,2
24923,42,36,6,6
24924,80,77,3,3
24925,48,51,-3,3
24926,116,103,13,13
24927,117,102,15,15
24928,67,57,10,10
24929,69,63,6,6
24930,114,94,20,20
24931,134,109,25,25
24932,91,76,15,15
24933,88,75,13,13
24934,130,118,12,12
24935,187,168,19,19
24936,99,94,5,5
24937,95,96,-1,1
24938,151,136,15,15
24939,97,87,10,10
24940,66,59,7,7
24941,39,32,7,7
24942,114,103,11,11
24943,124,107,17,17
24944,109,98,11,11
24945,92,97,-5,5
24946,50,46,4,4
24947,139,118,21,21
24948,116,107,9,9
24949,79,69,10,10
24950,69,76,-7,7
24951,95,89,6,6
24952,112,103,9,9
24953,57,58,-1,1
24954,57,52,5,5
24955,112,111,1,1
24956,77,72,5,5
24957,79,77,2,2
24958,115,100,15,15
24959,52,52,0,0
24960,121,94,27,27
24961,93,85,8,8
24962,51,39,12,12
24963,71,65,6,6
24964,126,116,10,10
24965,149,130,19,19
24966,91,98,-7,7
24967,142,127,15,15
24968,55,56,-1,1
24969,110,100,10,10
24970,197,181,16,16
24971,85,72,13,13
24972,115,102,13,13
24973,111,94,17,17
24974,136,111,25,25
24975,57,52,5,5
24976,100,80,20,20
24977,121,103,18,18
24978,105,88,17,17
24979,145,144,1,1
24980,93,80,13,13
24981,104,94,10,10
24982,104,85,19,19
24983,89,74,15,15
24984,82,74,8,8
24985,137,112,25,25
24986,112,91,21,21
24987,99,79,20,20
24988,94,85,9,9
24989,140,118,22,22
24990,75,69,6,6
24991,114,108,6,6
24992,71,64,7,7
24993,155,123,32,32
24994,71,64,7,7
24995,61,53,8,8
24996,84,85,-1,1
24997,75,63,12,12
24998,128,124,4,4
24999,247,230,17,17
25000,101,97,4,4
25001,113,91,22,22
25002,116,103,13,13
25003,112,98,14,14
25004,83,78,5,5
25005,52,47,5,5
25006,73,53,20,20
25007,43,50,-7,7
25008,96,88,8,8
25009,49,52,-3,3
25010,57,58,-1,1
25011,104,112,-8,8
25012,86,76,10,10
25013,66,60,6,6
25014,69,71,-2,2
25015,92,88,4,4
25016,120,112,8,8
25017,124,114,10,10
25018,109,94,15,15
25019,90,90,0,0
25020,88,81,7,7
25021,60,54,6,6
25022,100,92,8,8
25023,171,189,-18,18
25024,55,52,3,3
25025,143,128,15,15
25026,104,91,13,13
25027,120,109,11,11
25028,132,117,15,15
25029,142,132,10,10
25030,68,61,7,7
25031,74,62,12,12
25032,107,92,15,15
25033,82,69,13,13
25034,48,43,5,5
25035,83,72,11,11
25036,66,59,7,7
25037,90,80,10,10
25038,114,107,7,7
25039,123,95,28,28
25040,140,114,26,26
25041,71,56,15,15
25042,112,95,17,17
25043,175,166,9,9
25044,148,120,28,28
25045,87,74,13,13
25046,156,142,14,14
25047,44,39,5,5
25048,105,92,13,13
25049,120,112,8,8
25050,65,59,6,6
25051,120,109,11,11
25052,69,60,9,9
25053,91,90,1,1
25054,135,104,31,31
25055,133,122,11,11
25056,81,77,4,4
25057,74,59,15,15
25058,144,130,14,14
25059,146,130,16,16
25060,95,77,18,18
25061,223,176,47,47
25062,126,99,27,27
25063,49,43,6,6
25064,102,91,11,11
25065,116,102,14,14
25066,60,54,6,6
25067,154,136,18,18
25068,134,101,33,33
25069,100,89,11,11
25070,76,61,15,15
25071,74,64,10,10
25072,77,61,16,16
25073,88,80,8,8
25074,76,73,3,3
25075,81,73,8,8
25076,165,144,21,21
25077,108,97,11,11
25078,53,7,46,46
25079,59,57,2,2
25080,85,91,-6,6
25081,98,87,11,11
25082,58,52,6,6
25083,105,96,9,9
25084,148,127,21,21
25085,159,125,34,34
25086,163,152,11,11
25087,102,89,13,13
25088,71,74,-3,3
25089,156,131,25,25
25090,97,82,15,15
25091,97,81,16,16
25092,72,63,9,9
25093,83,99,-16,16
25094,81,60,21,21
25095,103,90,13,13
25096,95,84,11,11
25097,82,85,-3,3
25098,121,109,12,12
25099,78,72,6,6
25100,98,84,14,14
25101,145,135,10,10
25102,122,105,17,17
25103,123,105,18,18
25104,76,67,9,9
25105,195,163,32,32
25106,48,35,13,13
25107,59,65,-6,6
25108,73,66,7,7
25109,73,67,6,6
25110,63,50,13,13
25111,178,141,37,37
25112,69,62,7,7
25113,96,84,12,12
25114,67,58,9,9
25115,46,37,9,9
25116,88,82,6,6
25117,47,49,-2,2
25118,45,43,2,2
25119,47,40,7,7
25120,123,107,16,16
25121,124,110,14,14
25122,167,144,23,23
25123,136,113,23,23
25124,72,68,4,4
25125,109,99,10,10
25126,74,69,5,5
25127,80,68,12,12
25128,126,113,13,13
25129,119,99,20,20
25130,60,57,3,3
25131,98,89,9,9
25132,128,105,23,23
25133,96,80,16,16
25134,109,96,13,13
25135,135,116,19,19
25136,86,72,14,14
25137,125,111,14,14
25138,71,70,1,1
25139,137,120,17,17
25140,86,82,4,4
25141,150,141,9,9
25142,83,83,0,0
25143,57,49,8,8
25144,87,81,6,6
25145,58,60,-2,2
25146,74,73,1,1
25147,168,133,35,35
25148,145,119,26,26
25149,65,59,6,6
25150,76,70,6,6
25151,114,102,12,12
25152,151,136,15,15
25153,146,147,-1,1
25154,65,59,6,6
25155,77,80,-3,3
25156,165,138,27,27
25157,89,97,-8,8
25158,107,91,16,16
25159,96,101,-5,5
25160,115,103,12,12
25161,74,62,12,12
25162,160,143,17,17
25163,82,77,5,5
25164,80,68,12,12
25165,94,89,5,5
25166,97,86,11,11
25167,48,58,-10,10
25168,79,61,18,18
25169,16,22,-6,6
25170,100,91,9,9
25171,51,62,-11,11
25172,86,75,11,11
25173,108,97,11,11
25174,46,35,11,11
25175,55,51,4,4
25176,112,114,-2,2
25177,84,75,9,9
25178,100,90,10,10
25179,150,125,25,25
25180,138,118,20,20
25181,92,80,12,12
25182,66,60,6,6
25183,103,90,13,13
25184,96,85,11,11
25185,148,140,8,8
25186,81,72,9,9
25187,45,59,-14,14
25188,126,111,15,15
25189,168,147,21,21
25190,76,68,8,8
25191,134,131,3,3
25192,83,75,8,8
25193,118,102,16,16
25194,117,99,18,18
25195,100,98,2,2
25196,96,90,6,6
25197,122,106,16,16
25198,76,73,3,3
25199,96,98,-2,2
25200,103,88,15,15
25201,70,64,6,6
25202,209,168,41,41
25203,75,69,6,6
25204,54,62,-8,8
25205,111,100,11,11
25206,70,58,12,12
25207,100,93,7,7
25208,108,89,19,19
25209,56,57,-1,1
25210,172,166,6,6
25211,67,59,8,8
25212,118,97,21,21
25213,47,47,0,0
25214,69,61,8,8
25215,85,80,5,5
25216,63,50,13,13
25217,267,210,57,57
25218,101,89,12,12
25219,126,110,16,16
25220,99,93,6,6
25221,124,121,3,3
25222,145,118,27,27
25223,83,73,10,10
25224,96,77,19,19
25225,149,149,0,0
25226,65,59,6,6
25227,83,70,13,13
25228,51,44,7,7
25229,73,76,-3,3
25230,164,127,37,37
25231,76,72,4,4
25232,86,77,9,9
25233,128,103,25,25
25234,126,98,28,28
25235,75,67,8,8
25236,85,76,9,9
25237,59,49,10,10
25238,80,65,15,15
25239,115,98,17,17
25240,96,85,11,11
25241,57,54,3,3
25242,78,65,13,13
25243,92,74,18,18
25244,114,102,12,12
25245,97,78,19,19
25246,67,55,12,12
25247,68,81,-13,13
25248,88,78,10,10
25249,58,53,5,5
25250,86,83,3,3
25251,81,72,9,9
25252,80,74,6,6
25253,107,103,4,4
25254,65,60,5,5
25255,77,66,11,11
25256,30,34,-4,4
25257,81,74,7,7
25258,91,90,1,1
25259,62,62,0,0
25260,78,80,-2,2
25261,103,89,14,14
25262,113,97,16,16
25263,121,106,15,15
25264,75,63,12,12
25265,113,101,12,12
25266,52,51,1,1
25267,93,94,-1,1
25268,51,54,-3,3
25269,128,106,22,22
25270,86,67,19,19
25271,107,99,8,8
25272,105,93,12,12
25273,195,170,25,25
25274,64,54,10,10
25275,56,64,-8,8
25276,38,55,-17,17
25277,111,121,-10,10
25278,72,66,6,6
25279,103,93,10,10
25280,93,82,11,11
25281,90,87,3,3
25282,64,62,2,2
25283,142,120,22,22
25284,96,81,15,15
25285,85,79,6,6
25286,99,88,11,11
25287,52,48,4,4
25288,117,128,-11,11
25289,76,69,7,7
25290,80,73,7,7
25291,99,81,18,18
25292,103,87,16,16
25293,60,60,0,0
25294,96,88,8,8
25295,112,104,8,8
25296,77,64,13,13
25297,126,99,27,27
25298,125,115,10,10
25299,132,124,8,8
25300,79,77,2,2
25301,106,96,10,10
25302,35,37,-2,2
25303,85,66,19,19
25304,63,52,11,11
25305,65,63,2,2
25306,23,49,-26,26
25307,73,67,6,6
25308,103,97,6,6
25309,79,70,9,9
25310,81,76,5,5
25311,54,45,9,9
25312,77,69,8,8
25313,90,79,11,11
25314,92,82,10,10
25315,54,52,2,2
25316,101,93,8,8
25317,102,82,20,20
25318,77,73,4,4
25319,113,112,1,1
25320,166,140,26,26
25321,74,71,3,3
25322,116,110,6,6
25323,127,125,2,2
25324,89,79,10,10
25325,101,90,11,11
25326,103,97,6,6
25327,127,112,15,15
25328,83,71,12,12
25329,123,116,7,7
25330,118,109,9,9
25331,160,147,13,13
25332,79,73,6,6
25333,76,62,14,14
25334,51,42,9,9
25335,110,101,9,9
25336,112,118,-6,6
25337,73,61,12,12
25338,90,75,15,15
25339,87,80,7,7
25340,97,88,9,9
25341,51,44,7,7
25342,175,156,19,19
25343,51,49,2,2
25344,96,85,11,11
25345,96,72,24,24
25346,87,80,7,7
25347,98,85,13,13
25348,195,165,30,30
25349,74,63,11,11
25350,111,92,19,19
25351,62,52,10,10
25352,62,60,2,2
25353,50,45,5,5
25354,77,67,10,10
25355,68,50,18,18
25356,72,69,3,3
25357,82,67,15,15
25358,69,63,6,6
25359,133,120,13,13
25360,57,52,5,5
25361,87,90,-3,3
25362,86,74,12,12
25363,53,76,-23,23
25364,111,126,-15,15
25365,85,84,1,1
25366,68,61,7,7
25367,82,80,2,2
25368,125,104,21,21
25369,127,106,21,21
25370,46,76,-30,30
25371,125,121,4,4
25372,133,111,22,22
25373,84,81,3,3
25374,70,61,9,9
25375,130,103,27,27
25376,86,81,5,5
25377,161,139,22,22
25378,100,116,-16,16
25379,107,96,11,11
25380,89,85,4,4
25381,62,45,17,17
25382,75,67,8,8
25383,82,76,6,6
25384,104,98,6,6
25385,83,86,-3,3
25386,109,93,16,16
25387,57,43,14,14
25388,125,111,14,14
25389,87,68,19,19
25390,201,156,45,45
25391,75,67,8,8
25392,80,73,7,7
25393,143,144,-1,1
25394,120,110,10,10
25395,146,135,11,11
25396,70,61,9,9
25397,93,85,8,8
25398,110,101,9,9
25399,43,41,2,2
25400,97,82,15,15
25401,70,55,15,15
25402,85,76,9,9
25403,91,89,2,2
25404,85,79,6,6
25405,120,105,15,15
25406,70,63,7,7
25407,61,58,3,3
25408,67,61,6,6
25409,156,138,18,18
25410,45,36,9,9
25411,121,119,2,2
25412,93,95,-2,2
25413,111,110,1,1
25414,72,70,2,2
25415,44,42,2,2
25416,140,133,7,7
25417,52,52,0,0
25418,70,64,6,6
25419,117,105,12,12
25420,60,44,16,16
25421,73,81,-8,8
25422,107,92,15,15
25423,90,77,13,13
25424,59,59,0,0
25425,102,96,6,6
25426,73,65,8,8
25427,86,80,6,6
25428,58,51,7,7
25429,66,60,6,6
25430,62,90,-28,28
25431,130,113,17,17
25432,121,96,25,25
25433,114,96,18,18
25434,128,114,14,14
25435,106,99,7,7
25436,94,78,16,16
25437,139,126,13,13
25438,57,48,9,9
25439,62,67,-5,5
25440,59,56,3,3
25441,134,107,27,27
25442,88,78,10,10
25443,67,62,5,5
25444,91,83,8,8
25445,79,67,12,12
25446,99,92,7,7
25447,135,137,-2,2
25448,118,110,8,8
25449,97,86,11,11
25450,96,78,18,18
25451,81,75,6,6
25452,93,86,7,7
25453,108,97,11,11
25454,69,60,9,9
25455,106,100,6,6
25456,80,76,4,4
25457,108,97,11,11
25458,95,79,16,16
25459,41,35,6,6
25460,97,86,11,11
25461,161,123,38,38
25462,96,89,7,7
25463,86,86,0,0
25464,123,100,23,23
25465,84,69,15,15
25466,81,75,6,6
25467,99,89,10,10
25468,108,92,16,16
25469,57,57,0,0
25470,82,75,7,7
25471,117,131,-14,14
25472,78,81,-3,3
25473,206,185,21,21
25474,70,62,8,8
25475,66,61,5,5
25476,132,111,21,21
25477,73,62,11,11
25478,53,54,-1,1
25479,47,47,0,0
25480,73,73,0,0
25481,72,67,5,5
25482,96,83,13,13
25483,182,160,22,22
25484,80,66,14,14
25485,98,86,12,12
25486,103,95,8,8
25487,182,167,15,15
25488,136,131,5,5
25489,101,85,16,16
25490,81,69,12,12
25491,161,135,26,26
25492,83,81,2,2
25493,57,61,-4,4
25494,119,96,23,23
25495,103,85,18,18
25496,143,120,23,23
25497,61,92,-31,31
25498,117,94,23,23
25499,113,100,13,13
25500,94,86,8,8
25501,70,63,7,7
25502,116,110,6,6
25503,102,83,19,19
25504,154,142,12,12
25505,91,75,16,16
25506,105,103,2,2
25507,114,114,0,0
25508,160,151,9,9
25509,94,84,10,10
25510,151,120,31,31
25511,170,148,22,22
25512,76,63,13,13
25513,74,63,11,11
25514,101,92,9,9
25515,62,52,10,10
25516,84,74,10,10
25517,109,102,7,7
25518,106,90,16,16
25519,119,98,21,21
25520,89,83,6,6
25521,53,44,9,9
25522,37,31,6,6
25523,97,86,11,11
25524,91,78,13,13
25525,94,77,17,17
25526,111,86,25,25
25527,203,184,19,19
25528,71,60,11,11
25529,63,59,4,4
25530,55,51,4,4
25531,87,71,16,16
25532,125,128,-3,3
25533,101,94,7,7
25534,98,77,21,21
25535,116,109,7,7
25536,79,74,5,5
25537,206,180,26,26
25538,102,92,10,10
25539,153,131,22,22
25540,86,83,3,3
25541,60,53,7,7
25542,95,96,-1,1
25543,156,134,22,22
25544,90,76,14,14
25545,131,110,21,21
25546,107,90,17,17
25547,56,53,3,3
25548,96,86,10,10
25549,67,66,1,1
25550,66,60,6,6
25551,116,107,9,9
25552,97,91,6,6
25553,132,115,17,17
25554,87,81,6,6
25555,94,88,6,6
25556,50,45,5,5
25557,104,84,20,20
25558,179,172,7,7
25559,121,93,28,28
25560,54,52,2,2
25561,86,71,15,15
25562,29,23,6,6
25563,109,95,14,14
25564,81,78,3,3
25565,75,76,-1,1
25566,179,147,32,32
25567,59,46,13,13
25568,122,103,19,19
25569,209,174,35,35
25570,53,52,1,1
25571,79,65,14,14
25572,97,84,13,13
25573,99,92,7,7
25574,50,45,5,5
25575,81,76,5,5
25576,77,67,10,10
25577,179,155,24,24
25578,100,95,5,5
25579,57,58,-1,1
25580,88,81,7,7
25581,47,44,3,3
25582,92,86,6,6
25583,94,79,15,15
25584,49,62,-13,13
25585,155,124,31,31
25586,93,91,2,2
25587,160,134,26,26
25588,34,32,2,2
25589,109,95,14,14
25590,112,98,14,14
25591,65,55,10,10
25592,76,60,16,16
25593,82,82,0,0
25594,97,74,23,23
25595,72,66,6,6
25596,95,91,4,4
25597,59,58,1,1
25598,52,46,6,6
25599,81,65,16,16
25600,87,74,13,13
25601,129,109,20,20
25602,57,65,-8,8
25603,54,52,2,2
25604,122,94,28,28
25605,90,82,8,8
25606,136,117,19,19
25607,55,45,10,10
25608,69,70,-1,1
25609,118,101,17,17
25610,103,92,11,11
25611,70,61,9,9
25612,43,41,2,2
25613,66,62,4,4
25614,140,129,11,11
25615,89,88,1,1
25616,147,108,39,39
25617,112,102,10,10
25618,78,60,18,18
25619,40,37,3,3
25620,55,49,6,6
25621,77,68,9,9
25622,80,86,-6,6
25623,71,67,4,4
25624,82,73,9,9
25625,82,78,4,4
25626,93,93,0,0
25627,68,60,8,8
25628,96,77,19,19
25629,116,101,15,15
25630,53,52,1,1
25631,87,72,15,15
25632,116,102,14,14
25633,102,85,17,17
25634,89,75,14,14
25635,121,107,14,14
25636,92,80,12,12
25637,29,46,-17,17
25638,98,80,18,18
25639,70,56,14,14
25640,127,106,21,21
25641,208,179,29,29
25642,85,70,15,15
25643,84,81,3,3
25644,92,85,7,7
25645,118,123,-5,5
25646,66,63,3,3
25647,79,70,9,9
25648,167,139,28,28
25649,174,157,17,17
25650,92,79,13,13
25651,90,87,3,3
25652,103,89,14,14
25653,85,72,13,13
25654,43,40,3,3
25655,144,132,12,12
25656,66,57,9,9
25657,33,47,-14,14
25658,50,49,1,1
25659,68,58,10,10
25660,152,148,4,4
25661,102,86,16,16
25662,45,40,5,5
25663,67,57,10,10
25664,59,56,3,3
25665,92,89,3,3
25666,138,123,15,15
25667,152,134,18,18
25668,79,65,14,14
25669,122,115,7,7
25670,122,111,11,11
25671,59,62,-3,3
25672,164,135,29,29
25673,93,134,-41,41
25674,86,84,2,2
25675,133,113,20,20
25676,95,95,0,0
25677,86,82,4,4
25678,76,67,9,9
25679,152,135,17,17
25680,99,83,16,16
25681,62,52,10,10
25682,92,87,5,5
25683,105,88,17,17
25684,95,80,15,15
25685,103,72,31,31
25686,64,59,5,5
25687,113,118,-5,5
25688,139,133,6,6
25689,116,99,17,17
25690,109,106,3,3
25691,110,99,11,11
25692,102,91,11,11
25693,108,103,5,5
25694,83,60,23,23
25695,151,137,14,14
25696,84,84,0,0
25697,109,93,16,16
25698,136,117,19,19
25699,109,93,16,16
25700,136,106,30,30
25701,109,92,17,17
25702,68,65,3,3
25703,76,66,10,10
25704,81,73,8,8
25705,102,88,14,14
25706,139,121,18,18
25707,86,80,6,6
25708,105,90,15,15
25709,58,58,0,0
25710,35,41,-6,6
25711,49,50,-1,1
25712,82,71,11,11
25713,70,68,2,2
25714,79,73,6,6
25715,66,57,9,9
25716,122,106,16,16
25717,77,64,13,13
25718,120,106,14,14
25719,155,124,31,31
25720,123,112,11,11
25721,74,73,1,1
25722,88,74,14,14
25723,143,127,16,16
25724,88,69,19,19
25725,57,52,5,5
25726,130,112,18,18
25727,81,79,2,2
25728,83,79,4,4
25729,173,139,34,34
25730,66,63,3,3
25731,91,83,8,8
25732,70,59,11,11
25733,73,57,16,16
25734,72,69,3,3
25735,73,64,9,9
25736,109,107,2,2
25737,106,54,52,52
25738,72,58,14,14
25739,80,78,2,2
25740,188,158,30,30
25741,112,98,14,14
25742,116,102,14,14
25743,115,93,22,22
25744,97,88,9,9
25745,171,160,11,11
25746,96,92,4,4
25747,97,82,15,15
25748,60,53,7,7
25749,119,95,24,24
25750,144,124,20,20
25751,64,59,5,5
25752,55,51,4,4
25753,92,81,11,11
25754,92,81,11,11
25755,133,127,6,6
25756,62,57,5,5
25757,143,131,12,12
25758,92,88,4,4
25759,95,104,-9,9
25760,43,38,5,5
25761,110,96,14,14
25762,94,76,18,18
25763,68,62,6,6
25764,81,75,6,6
25765,150,123,27,27
25766,129,110,19,19
25767,133,109,24,24
25768,105,91,14,14
25769,66,76,-10,10
25770,91,84,7,7
25771,90,68,22,22
25772,117,91,26,26
25773,140,124,16,16
25774,165,153,12,12
25775,95,85,10,10
25776,85,71,14,14
25777,158,129,29,29
25778,138,127,11,11
25779,96,88,8,8
25780,122,110,12,12
25781,65,55,10,10
25782,63,58,5,5
25783,111,100,11,11
25784,80,87,-7,7
25785,79,71,8,8
25786,100,80,20,20
25787,81,77,4,4
25788,92,83,9,9
25789,75,84,-9,9
25790,82,75,7,7
25791,79,79,0,0
25792,57,58,-1,1
25793,148,108,40,40
25794,79,71,8,8
25795,122,106,16,16
25796,82,76,6,6
25797,61,55,6,6
25798,38,38,0,0
25799,94,96,-2,2
25800,101,77,24,24
25801,89,77,12,12
25802,68,56,12,12
25803,47,46,1,1
25804,90,77,13,13
25805,60,53,7,7
25806,114,96,18,18
25807,80,79,1,1
25808,127,101,26,26
25809,102,97,5,5
25810,69,58,11,11
25811,53,59,-6,6
25812,59,57,2,2
25813,95,88,7,7
25814,64,55,9,9
25815,144,138,6,6
25816,71,45,26,26
25817,100,93,7,7
25818,116,106,10,10
25819,104,89,15,15
25820,177,164,13,13
25821,108,96,12,12
25822,132,113,19,19
25823,118,96,22,22
25824,135,136,-1,1
25825,115,101,14,14
25826,73,66,7,7
25827,133,111,22,22
25828,95,81,14,14
25829,80,70,10,10
25830,48,63,-15,15
25831,158,139,19,19
25832,73,71,2,2
25833,94,80,14,14
25834,74,84,-10,10
25835,154,142,12,12
25836,127,118,9,9
25837,73,66,7,7
25838,89,77,12,12
25839,61,61,0,0
25840,87,75,12,12
25841,65,71,-6,6
25842,81,76,5,5
25843,99,86,13,13
25844,83,78,5,5
25845,90,83,7,7
25846,82,72,10,10
25847,115,98,17,17
25848,137,131,6,6
25849,78,69,9,9
25850,94,76,18,18
25851,101,94,7,7
25852,96,85,11,11
25853,77,68,9,9
25854,112,94,18,18
25855,138,126,12,12
25856,98,85,13,13
25857,91,85,6,6
25858,143,123,20,20
25859,153,143,10,10
25860,40,37,3,3
25861,69,61,8,8
25862,67,62,5,5
25863,43,43,0,0
25864,104,100,4,4
25865,117,100,17,17
25866,84,69,15,15
25867,84,83,1,1
25868,74,62,12,12
25869,75,65,10,10
25870,147,141,6,6
25871,94,86,8,8
25872,92,80,12,12
25873,71,66,5,5
25874,84,72,12,12
25875,78,91,-13,13
25876,83,73,10,10
25877,84,82,2,2
25878,42,49,-7,7
25879,149,138,11,11
25880,95,89,6,6
25881,132,108,24,24
25882,83,76,7,7
25883,131,123,8,8
25884,62,63,-1,1
25885,87,81,6,6
25886,91,77,14,14
25887,155,157,-2,2
25888,73,72,1,1
25889,98,91,7,7
25890,72,62,10,10
25891,75,78,-3,3
25892,147,130,17,17
25893,54,55,-1,1
25894,128,111,17,17
25895,98,88,10,10
25896,111,100,11,11
25897,81,74,7,7
25898,87,71,16,16
25899,28,56,-28,28
25900,123,110,13,13
25901,82,69,13,13
25902,82,68,14,14
25903,113,97,16,16
25904,121,120,1,1
25905,124,111,13,13
25906,85,72,13,13
25907,82,74,8,8
25908,107,100,7,7
25909,113,102,11,11
25910,74,74,0,0
25911,97,83,14,14
25912,56,55,1,1
25913,89,77,12,12
25914,132,116,16,16
25915,134,117,17,17
25916,93,86,7,7
25917,128,125,3,3
25918,121,113,8,8
25919,132,130,2,2
25920,114,102,12,12
25921,93,80,13,13
25922,132,117,15,15
25923,139,115,24,24
25924,59,55,4,4
25925,185,152,33,33
25926,47,48,-1,1
25927,68,59,9,9
25928,122,116,6,6
25929,130,126,4,4
25930,98,89,9,9
25931,42,37,5,5
25932,125,113,12,12
25933,56,52,4,4
25934,129,120,9,9
25935,60,77,-17,17
25936,51,49,2,2
25937,78,70,8,8
25938,62,62,0,0
25939,80,83,-3,3
25940,39,39,0,0
25941,120,116,4,4
25942,100,86,14,14
25943,112,110,2,2
25944,85,75,10,10
25945,118,103,15,15
25946,124,120,4,4
25947,56,49,7,7
25948,97,89,8,8
25949,83,80,3,3
25950,91,86,5,5
25951,68,62,6,6
25952,108,103,5,5
25953,87,81,6,6
25954,57,56,1,1
25955,70,56,14,14
25956,87,80,7,7
25957,111,98,13,13
25958,79,77,2,2
25959,117,93,24,24
25960,95,91,4,4
25961,139,121,18,18
25962,52,41,11,11
25963,47,87,-40,40
25964,104,94,10,10
25965,89,74,15,15
25966,86,83,3,3
25967,90,77,13,13
25968,113,100,13,13
25969,89,79,10,10
25970,94,87,7,7
25971,134,118,16,16
25972,63,53,10,10
25973,102,87,15,15
25974,146,126,20,20
25975,140,126,14,14
25976,73,67,6,6
25977,127,115,12,12
25978,47,47,0,0
25979,90,95,-5,5
25980,77,69,8,8
25981,136,115,21,21
25982,121,112,9,9
25983,82,67,15,15
25984,114,113,1,1
25985,114,97,17,17
25986,80,70,10,10
25987,82,69,13,13
25988,79,71,8,8
25989,107,102,5,5
25990,113,88,25,25
25991,114,100,14,14
25992,52,52,0,0
25993,67,60,7,7
25994,74,69,5,5
25995,113,103,10,10
25996,77,64,13,13
25997,125,118,7,7
25998,60,49,11,11
25999,78,67,11,11
26000,94,85,9,9
26001,102,86,16,16
26002,115,97,18,18
26003,114,99,15,15
26004,115,110,5,5
26005,109,96,13,13
26006,107,101,6,6
26007,80,68,12,12
26008,111,94,17,17
26009,36,47,-11,11
26010,78,70,8,8
26011,87,76,11,11
26012,74,66,8,8
26013,70,71,-1,1
26014,64,56,8,8
26015,51,43,8,8
26016,97,89,8,8
26017,106,93,13,13
26018,150,133,17,17
26019,105,93,12,12
26020,80,75,5,5
26021,81,74,7,7
26022,78,72,6,6
26023,103,96,7,7
26024,68,62,6,6
26025,69,59,10,10
26026,100,107,-7,7
26027,100,77,23,23
26028,171,151,20,20
26029,102,86,16,16
26030,98,78,20,20
26031,81,78,3,3
26032,86,69,17,17
26033,47,46,1,1
26034,83,73,10,10
26035,139,125,14,14
26036,71,67,4,4
26037,142,128,14,14
26038,65,56,9,9
26039,68,58,10,10
26040,63,56,7,7
26041,105,85,20,20
26042,53,55,-2,2
26043,126,108,18,18
26044,137,125,12,12
26045,64,54,10,10
26046,126,127,-1,1
26047,117,99,18,18
26048,65,75,-10,10
26049,133,127,6,6
26050,64,56,8,8
26051,96,80,16,16
26052,92,82,10,10
26053,99,91,8,8
26054,148,140,8,8
26055,54,50,4,4
26056,99,72,27,27
26057,89,84,5,5
26058,63,53,10,10
26059,90,78,12,12
26060,71,67,4,4
26061,82,65,17,17
26062,89,73,16,16
26063,58,50,8,8
26064,88,84,4,4
26065,91,88,3,3
26066,29,28,1,1
26067,63,51,12,12
26068,73,66,7,7
26069,68,56,12,12
26070,76,75,1,1
26071,73,60,13,13
26072,152,126,26,26
26073,113,91,22,22
26074,57,47,10,10
26075,81,72,9,9
26076,102,101,1,1
26077,87,101,-14,14
26078,106,97,9,9
26079,83,78,5,5
26080,164,141,23,23
26081,122,93,29,29
26082,68,68,0,0
26083,79,67,12,12
26084,57,51,6,6
26085,116,109,7,7
26086,57,53,4,4
26087,105,84,21,21
26088,95,81,14,14
26089,164,150,14,14
26090,159,154,5,5
26091,92,76,16,16
26092,100,98,2,2
26093,64,52,12,12
26094,121,146,-25,25
26095,157,135,22,22
26096,116,102,14,14
26097,46,43,3,3
26098,106,90,16,16
26099,67,66,1,1
26100,83,79,4,4
26101,66,57,9,9
26102,105,99,6,6
26103,166,158,8,8
26104,109,83,26,26
26105,75,65,10,10
26106,86,77,9,9
26107,91,76,15,15
26108,76,65,11,11
26109,149,144,5,5
26110,102,84,18,18
26111,76,71,5,5
26112,64,54,10,10
26113,108,92,16,16
26114,99,86,13,13
26115,104,94,10,10
26116,136,127,9,9
26117,72,79,-7,7
26118,92,73,19,19
26119,70,59,11,11
26120,69,61,8,8
26121,154,135,19,19
26122,129,113,16,16
26123,102,89,13,13
26124,107,95,12,12
26125,107,96,11,11
26126,75,62,13,13
26127,108,95,13,13
26128,96,80,16,16
26129,80,75,5,5
26130,73,68,5,5
26131,129,114,15,15
26132,57,50,7,7
26133,92,81,11,11
26134,70,73,-3,3
26135,61,59,2,2
26136,52,57,-5,5
26137,145,127,18,18
26138,74,70,4,4
26139,75,66,9,9
26140,134,123,11,11
26141,105,98,7,7
26142,108,84,24,24
26143,98,89,9,9
26144,96,79,17,17
26145,135,123,12,12
26146,103,92,11,11
26147,84,76,8,8
26148,132,111,21,21
26149,114,91,23,23
26150,87,74,13,13
26151,55,54,1,1
26152,65,50,15,15
26153,48,45,3,3
26154,64,58,6,6
26155,113,90,23,23
26156,137,116,21,21
26157,124,114,10,10
26158,47,47,0,0
26159,103,86,17,17
26160,136,121,15,15
26161,80,69,11,11
26162,65,71,-6,6
26163,117,97,20,20
26164,113,106,7,7
26165,71,55,16,16
26166,132,129,3,3
26167,102,80,22,22
26168,191,168,23,23
26169,127,103,24,24
26170,102,92,10,10
26171,104,82,22,22
26172,113,100,13,13
26173,74,80,-6,6
26174,143,133,10,10
26175,73,61,12,12
26176,143,127,16,16
26177,120,101,19,19
26178,95,84,11,11
26179,84,78,6,6
26180,146,129,17,17
26181,70,61,9,9
26182,125,96,29,29
26183,79,69,10,10
26184,77,75,2,2
26185,69,59,10,10
26186,100,86,14,14
26187,190,160,30,30
26188,90,85,5,5
26189,67,74,-7,7
26190,179,159,20,20
26191,68,69,-1,1
26192,79,83,-4,4
26193,149,128,21,21
26194,87,59,28,28
26195,58,70,-12,12
26196,176,171,5,5
26197,67,58,9,9
26198,76,69,7,7
26199,127,112,15,15
26200,73,59,14,14
26201,68,63,5,5
26202,70,61,9,9
26203,101,78,23,23
26204,122,118,4,4
26205,95,81,14,14
26206,90,82,8,8
26207,85,78,7,7
26208,138,120,18,18
26209,115,108,7,7
26210,122,104,18,18
26211,59,52,7,7
26212,51,45,6,6
26213,106,89,17,17
26214,110,101,9,9
26215,111,104,7,7
26216,62,73,-11,11
26217,93,70,23,23
26218,46,42,4,4
26219,107,100,7,7
26220,144,120,24,24
26221,92,72,20,20
26222,92,83,9,9
26223,95,95,0,0
26224,154,137,17,17
26225,54,46,8,8
26226,102,97,5,5
26227,61,62,-1,1
26228,109,103,6,6
26229,155,118,37,37
26230,83,65,18,18
26231,79,68,11,11
26232,102,92,10,10
26233,133,107,26,26
26234,134,127,7,7
26235,81,69,12,12
26236,151,135,16,16
26237,46,43,3,3
26238,97,85,12,12
26239,62,57,5,5
26240,114,101,13,13
26241,83,80,3,3
26242,114,100,14,14
26243,87,90,-3,3
26244,110,86,24,24
26245,232,213,19,19
26246,35,38,-3,3
26247,96,81,15,15
26248,87,85,2,2
26249,52,50,2,2
26250,89,75,14,14
26251,84,67,17,17
26252,84,75,9,9
26253,151,135,16,16
26254,51,47,4,4
26255,112,90,22,22
26256,189,165,24,24
26257,68,56,12,12
26258,77,65,12,12
26259,62,58,4,4
26260,112,100,12,12
26261,95,82,13,13
26262,81,76,5,5
26263,108,86,22,22
26264,96,85,11,11
26265,58,52,6,6
26266,84,75,9,9
26267,116,95,21,21
26268,97,92,5,5
26269,92,85,7,7
26270,101,100,1,1
26271,56,45,11,11
26272,74,71,3,3
26273,115,98,17,17
26274,74,71,3,3
26275,58,51,7,7
26276,129,121,8,8
26277,91,84,7,7
26278,59,51,8,8
26279,52,41,11,11
26280,73,69,4,4
26281,69,51,18,18
26282,119,88,31,31
26283,126,108,18,18
26284,114,86,28,28
26285,100,96,4,4
26286,86,79,7,7
26287,116,120,-4,4
26288,72,62,10,10
26289,61,57,4,4
26290,83,62,21,21
26291,94,88,6,6
26292,90,86,4,4
26293,93,89,4,4
26294,31,28,3,3
26295,163,144,19,19
26296,99,83,16,16
26297,46,46,0,0
26298,55,45,10,10
26299,75,70,5,5
26300,72,64,8,8
26301,107,86,21,21
26302,89,84,5,5
26303,66,46,20,20
26304,67,67,0,0
26305,145,130,15,15
26306,151,132,19,19
26307,153,119,34,34
26308,56,45,11,11
26309,97,89,8,8
26310,162,142,20,20
26311,90,80,10,10
26312,106,90,16,16
26313,27,27,0,0
26314,93,76,17,17
26315,105,94,11,11
26316,123,126,-3,3
26317,61,58,3,3
26318,64,53,11,11
26319,109,98,11,11
26320,153,142,11,11
26321,81,70,11,11
26322,167,138,29,29
26323,100,83,17,17
26324,40,47,-7,7
26325,84,83,1,1
26326,126,110,16,16
26327,69,66,3,3
26328,54,38,16,16
26329,41,38,3,3
26330,86,82,4,4
26331,71,58,13,13
26332,97,86,11,11
26333,131,122,9,9
26334,42,38,4,4
26335,102,88,14,14
26336,83,78,5,5
26337,187,161,26,26
26338,180,164,16,16
26339,73,65,8,8
26340,108,120,-12,12
26341,57,53,4,4
26342,121,112,9,9
26343,88,83,5,5
26344,105,94,11,11
26345,80,82,-2,2
26346,86,86,0,0
26347,124,107,17,17
26348,117,102,15,15
26349,112,99,13,13
26350,66,56,10,10
26351,94,92,2,2
26352,107,99,8,8
26353,45,40,5,5
26354,121,106,15,15
26355,82,71,11,11
26356,69,62,7,7
26357,160,133,27,27
26358,119,99,20,20
26359,58,50,8,8
26360,100,89,11,11
26361,72,63,9,9
26362,67,58,9,9
26363,66,58,8,8
26364,119,104,15,15
26365,138,134,4,4
26366,65,53,12,12
26367,105,99,6,6
26368,36,43,-7,7
26369,69,63,6,6
26370,78,67,11,11
26371,131,108,23,23
26372,109,107,2,2
26373,75,62,13,13
26374,63,48,15,15
26375,53,58,-5,5
26376,105,99,6,6
26377,64,60,4,4
26378,70,68,2,2
26379,26,29,-3,3
26380,181,163,18,18
26381,66,61,5,5
26382,130,128,2,2
26383,122,110,12,12
26384,94,79,15,15
26385,124,114,10,10
26386,70,66,4,4
26387,114,108,6,6
26388,93,76,17,17
26389,106,102,4,4
26390,96,85,11,11
26391,90,86,4,4
26392,118,111,7,7
26393,63,81,-18,18
26394,79,74,5,5
26395,43,47,-4,4
26396,112,107,5,5
26397,45,39,6,6
26398,114,113,1,1
26399,107,88,19,19
26400,83,70,13,13
26401,40,38,2,2
26402,98,90,8,8
26403,115,104,11,11
26404,92,90,2,2
26405,131,125,6,6
26406,106,81,25,25
26407,99,86,13,13
26408,67,61,6,6
26409,171,151,20,20
26410,128,98,30,30
26411,88,75,13,13
26412,56,52,4,4
26413,113,97,16,16
26414,62,45,17,17
26415,81,66,15,15
26416,83,77,6,6
26417,113,94,19,19
26418,100,94,6,6
26419,91,80,11,11
26420,79,77,2,2
26421,156,138,18,18
26422,113,110,3,3
26423,67,71,-4,4
26424,129,112,17,17
26425,89,84,5,5
26426,66,58,8,8
26427,102,98,4,4
26428,131,121,10,10
26429,111,98,13,13
26430,47,37,10,10
26431,37,42,-5,5
26432,92,86,6,6
26433,91,82,9,9
26434,101,85,16,16
26435,43,49,-6,6
26436,78,65,13,13
26437,102,92,10,10
26438,92,82,10,10
26439,96,93,3,3
26440,109,98,11,11
26441,98,95,3,3
26442,131,107,24,24
26443,104,103,1,1
26444,96,110,-14,14
26445,98,86,12,12
26446,66,61,5,5
26447,75,66,9,9
26448,70,63,7,7
26449,49,46,3,3
26450,110,88,22,22
26451,128,104,24,24
26452,50,42,8,8
26453,85,77,8,8
26454,59,48,11,11
26455,41,41,0,0
26456,71,64,7,7
26457,117,100,17,17
26458,91,80,11,11
26459,64,58,6,6
26460,118,109,9,9
26461,43,40,3,3
26462,134,123,11,11
26463,101,84,17,17
26464,109,87,22,22
26465,114,102,12,12
26466,118,114,4,4
26467,70,68,2,2
26468,102,92,10,10
26469,157,145,12,12
26470,308,253,55,55
26471,104,107,-3,3
26472,106,87,19,19
26473,74,65,9,9
26474,148,130,18,18
26475,106,94,12,12
26476,74,69,5,5
26477,118,103,15,15
26478,114,105,9,9
26479,60,52,8,8
26480,135,111,24,24
26481,60,49,11,11
26482,62,57,5,5
26483,120,113,7,7
26484,150,150,0,0
26485,112,92,20,20
26486,87,78,9,9
26487,100,93,7,7
26488,52,51,1,1
26489,82,74,8,8
26490,136,134,2,2
26491,65,61,4,4
26492,104,86,18,18
26493,134,116,18,18
26494,104,82,22,22
26495,119,110,9,9
26496,119,102,17,17
26497,60,62,-2,2
26498,155,143,12,12
26499,129,121,8,8
26500,46,46,0,0
26501,58,58,0,0
26502,73,59,14,14
26503,114,91,23,23
26504,85,85,0,0
26505,77,66,11,11
26506,89,76,13,13
26507,186,159,27,27
26508,74,64,10,10
26509,80,60,20,20
26510,108,99,9,9
26511,112,77,35,35
26512,38,40,-2,2
26513,61,47,14,14
26514,109,92,17,17
26515,46,34,12,12
26516,139,115,24,24
26517,85,78,7,7
26518,97,80,17,17
26519,60,64,-4,4
26520,36,39,-3,3
26521,89,89,0,0
26522,147,130,17,17
26523,94,75,19,19
26524,88,71,17,17
26525,120,102,18,18
26526,75,74,1,1
26527,95,86,9,9
26528,90,77,13,13
26529,46,44,2,2
26530,49,47,2,2
26531,145,127,18,18
26532,93,74,19,19
26533,48,39,9,9
26534,93,83,10,10
26535,76,59,17,17
26536,51,42,9,9
26537,102,90,12,12
26538,86,75,11,11
26539,88,74,14,14
26540,97,92,5,5
26541,139,120,19,19
26542,163,142,21,21
26543,91,93,-2,2
26544,139,118,21,21
26545,56,60,-4,4
26546,56,59,-3,3
26547,84,75,9,9
26548,85,77,8,8
26549,55,54,1,1
26550,82,73,9,9
26551,90,73,17,17
26552,102,81,21,21
26553,46,44,2,2
26554,151,136,15,15
26555,90,77,13,13
26556,78,99,-21,21
26557,70,56,14,14
26558,126,105,21,21
26559,114,106,8,8
26560,135,110,25,25
26561,209,177,32,32
26562,163,141,22,22
26563,62,53,9,9
26564,79,78,1,1
26565,90,77,13,13
26566,126,108,18,18
26567,161,136,25,25
26568,119,102,17,17
26569,65,71,-6,6
26570,75,93,-18,18
26571,94,81,13,13
26572,57,50,7,7
26573,60,53,7,7
26574,62,53,9,9
26575,61,56,5,5
26576,174,153,21,21
26577,65,60,5,5
26578,122,112,10,10
26579,103,111,-8,8
26580,66,58,8,8
26581,110,89,21,21
26582,59,55,4,4
26583,120,102,18,18
26584,101,90,11,11
26585,94,82,12,12
26586,125,111,14,14
26587,76,67,9,9
26588,66,68,-2,2
26589,85,82,3,3
26590,101,96,5,5
26591,79,70,9,9
26592,179,147,32,32
26593,73,73,0,0
26594,97,92,5,5
26595,40,50,-10,10
26596,75,62,13,13
26597,157,143,14,14
26598,77,71,6,6
26599,108,104,4,4
26600,129,111,18,18
26601,100,85,15,15
26602,76,81,-5,5
26603,40,38,2,2
26604,72,67,5,5
26605,81,67,14,14
26606,122,100,22,22
26607,77,63,14,14
26608,162,147,15,15
26609,52,46,6,6
26610,86,71,15,15
26611,61,51,10,10
26612,139,120,19,19
26613,122,105,17,17
26614,129,124,5,5
26615,64,53,11,11
26616,53,47,6,6
26617,163,143,20,20
26618,76,81,-5,5
26619,47,42,5,5
26620,57,52,5,5
26621,142,122,20,20
26622,89,68,21,21
26623,100,93,7,7
26624,126,121,5,5
26625,149,127,22,22
26626,102,83,19,19
26627,51,48,3,3
26628,131,101,30,30
26629,113,100,13,13
26630,128,109,19,19
26631,84,67,17,17
26632,88,75,13,13
26633,96,83,13,13
26634,131,105,26,26
26635,142,123,19,19
26636,139,124,15,15
26637,62,58,4,4
26638,162,158,4,4
26639,100,91,9,9
26640,94,81,13,13
26641,118,101,17,17
26642,140,112,28,28
26643,105,93,12,12
26644,54,51,3,3
26645,80,71,9,9
26646,54,48,6,6
26647,82,76,6,6
26648,78,73,5,5
26649,81,73,8,8
26650,55,47,8,8
26651,142,134,8,8
26652,152,131,21,21
26653,121,106,15,15
26654,109,94,15,15
26655,80,77,3,3
26656,73,66,7,7
26657,154,103,51,51
26658,122,116,6,6
26659,85,73,12,12
26660,65,59,6,6
26661,127,105,22,22
26662,44,38,6,6
26663,90,87,3,3
26664,115,106,9,9
26665,124,111,13,13
26666,148,138,10,10
26667,49,39,10,10
26668,77,68,9,9
26669,173,155,18,18
26670,68,58,10,10
26671,149,139,10,10
26672,73,65,8,8
26673,54,47,7,7
26674,90,74,16,16
26675,73,62,11,11
26676,74,69,5,5
26677,49,42,7,7
26678,79,66,13,13
26679,117,114,3,3
26680,57,59,-2,2
26681,123,99,24,24
26682,94,82,12,12
26683,124,90,34,34
26684,74,67,7,7
26685,63,55,8,8
26686,116,96,20,20
26687,93,77,16,16
26688,115,109,6,6
26689,64,58,6,6
26690,117,112,5,5
26691,74,68,6,6
26692,49,42,7,7
26693,72,61,11,11
26694,86,78,8,8
26695,52,45,7,7
26696,87,75,12,12
26697,152,136,16,16
26698,61,57,4,4
26699,67,62,5,5
26700,64,66,-2,2
26701,100,91,9,9
26702,135,106,29,29
26703,120,110,10,10
26704,124,102,22,22
26705,105,101,4,4
26706,144,131,13,13
26707,100,91,9,9
26708,80,73,7,7
26709,73,78,-5,5
26710,82,77,5,5
26711,76,66,10,10
26712,115,102,13,13
26713,106,100,6,6
26714,125,114,11,11
26715,86,74,12,12
26716,94,83,11,11
26717,80,77,3,3
26718,145,119,26,26
26719,122,104,18,18
26720,122,109,13,13
26721,115,98,17,17
26722,66,61,5,5
26723,85,72,13,13
26724,95,91,4,4
26725,110,87,23,23
26726,49,54,-5,5
26727,80,83,-3,3
26728,101,85,16,16
26729,77,67,10,10
26730,89,90,-1,1
26731,130,107,23,23
26732,106,102,4,4
26733,56,47,9,9
26734,68,54,14,14
26735,152,134,18,18
26736,113,105,8,8
26737,98,87,11,11
26738,125,107,18,18
26739,71,64,7,7
26740,123,96,27,27
26741,97,68,29,29
26742,77,70,7,7
26743,56,52,4,4
26744,127,111,16,16
26745,49,52,-3,3
26746,115,99,16,16
26747,61,57,4,4
26748,97,81,16,16
26749,101,93,8,8
26750,77,74,3,3
26751,117,116,1,1
26752,90,89,1,1
26753,120,104,16,16
26754,80,72,8,8
26755,71,60,11,11
26756,54,49,5,5
26757,80,75,5,5
26758,110,98,12,12
26759,71,80,-9,9
26760,82,77,5,5
26761,68,68,0,0
26762,78,79,-1,1
26763,69,59,10,10
26764,87,75,12,12
26765,94,80,14,14
26766,137,119,18,18
26767,57,52,5,5
26768,56,46,10,10
26769,57,58,-1,1
26770,62,55,7,7
26771,63,60,3,3
26772,165,146,19,19
26773,115,98,17,17
26774,133,119,14,14
26775,94,75,19,19
26776,107,99,8,8
26777,106,92,14,14
26778,112,107,5,5
26779,93,80,13,13
26780,55,56,-1,1
26781,85,76,9,9
26782,41,34,7,7
26783,120,97,23,23
26784,99,87,12,12
26785,83,68,15,15
26786,84,78,6,6
26787,110,95,15,15
26788,124,115,9,9
26789,122,102,20,20
26790,38,39,-1,1
26791,120,105,15,15
26792,97,86,11,11
26793,61,55,6,6
26794,113,106,7,7
26795,74,63,11,11
26796,79,68,11,11
26797,125,101,24,24
26798,81,71,10,10
26799,125,107,18,18
26800,123,111,12,12
26801,90,85,5,5
26802,48,50,-2,2
26803,55,50,5,5
26804,62,62,0,0
26805,64,66,-2,2
26806,91,86,5,5
26807,145,133,12,12
26808,86,72,14,14
26809,66,65,1,1
26810,116,112,4,4
26811,76,69,7,7
26812,88,85,3,3
26813,103,100,3,3
26814,97,92,5,5
26815,138,119,19,19
26816,75,66,9,9
26817,92,74,18,18
26818,149,136,13,13
26819,60,54,6,6
26820,108,102,6,6
26821,30,31,-1,1
26822,89,77,12,12
26823,49,49,0,0
26824,97,81,16,16
26825,128,104,24,24
26826,96,84,12,12
26827,96,83,13,13
26828,63,50,13,13
26829,76,68,8,8
26830,106,93,13,13
26831,79,79,0,0
26832,127,105,22,22
26833,45,44,1,1
26834,105,99,6,6
26835,90,79,11,11
26836,43,39,4,4
26837,235,149,86,86
26838,50,49,1,1
26839,111,92,19,19
26840,69,59,10,10
26841,52,118,-66,66
26842,105,92,13,13
26843,49,42,7,7
26844,66,63,3,3
26845,64,59,5,5
26846,75,61,14,14
26847,70,66,4,4
26848,96,80,16,16
26849,86,82,4,4
26850,109,96,13,13
26851,357,211,146,146
26852,74,65,9,9
26853,96,91,5,5
26854,101,93,8,8
26855,86,80,6,6
26856,97,77,20,20
26857,47,38,9,9
26858,76,78,-2,2
26859,139,118,21,21
26860,127,114,13,13
26861,119,98,21,21
26862,133,113,20,20
26863,190,174,16,16
26864,119,102,17,17
26865,96,86,10,10
26866,31,29,2,2
26867,94,98,-4,4
26868,112,115,-3,3
26869,104,89,15,15
26870,162,138,24,24
26871,128,110,18,18
26872,142,136,6,6
26873,107,71,36,36
26874,120,99,21,21
26875,57,53,4,4
26876,157,136,21,21
26877,94,84,10,10
26878,109,107,2,2
26879,58,58,0,0
26880,108,84,24,24
26881,88,73,15,15
26882,123,119,4,4
26883,85,76,9,9
26884,136,120,16,16
26885,72,67,5,5
26886,77,64,13,13
26887,59,52,7,7
26888,154,131,23,23
26889,63,70,-7,7
26890,40,33,7,7
26891,142,135,7,7
26892,160,137,23,23
26893,68,58,10,10
26894,91,74,17,17
26895,77,76,1,1
26896,135,123,12,12
26897,134,184,-50,50
26898,172,160,12,12
26899,131,143,-12,12
26900,86,81,5,5
26901,67,65,2,2
26902,55,48,7,7
26903,148,130,18,18
26904,66,61,5,5
26905,120,97,23,23
26906,83,74,9,9
26907,101,88,13,13
26908,83,63,20,20
26909,106,115,-9,9
26910,99,89,10,10
26911,67,62,5,5
26912,130,117,13,13
26913,79,71,8,8
26914,43,42,1,1
26915,146,121,25,25
26916,57,53,4,4
26917,100,97,3,3
26918,139,110,29,29
26919,114,91,23,23
26920,61,54,7,7
26921,77,83,-6,6
26922,102,95,7,7
26923,104,87,17,17
26924,145,134,11,11
26925,81,78,3,3
26926,87,82,5,5
26927,135,132,3,3
26928,117,104,13,13
26929,82,68,14,14
26930,118,112,6,6
26931,106,103,3,3
26932,123,110,13,13
26933,109,100,9,9
26934,66,58,8,8
26935,86,75,11,11
26936,104,96,8,8
26937,61,67,-6,6
26938,59,75,-16,16
26939,68,62,6,6
26940,68,64,4,4
26941,63,59,4,4
26942,85,72,13,13
26943,135,125,10,10
26944,117,113,4,4
26945,134,111,23,23
26946,104,95,9,9
26947,73,67,6,6
26948,79,72,7,7
26949,137,123,14,14
26950,106,85,21,21
26951,80,58,22,22
26952,175,151,24,24
26953,96,91,5,5
26954,137,112,25,25
26955,119,106,13,13
26956,118,101,17,17
26957,135,125,10,10
26958,127,94,33,33
26959,103,95,8,8
26960,87,79,8,8
26961,90,63,27,27
26962,50,48,2,2
26963,68,61,7,7
26964,75,66,9,9
26965,150,137,13,13
26966,107,87,20,20
26967,122,112,10,10
26968,48,41,7,7
26969,141,132,9,9
26970,96,83,13,13
26971,93,84,9,9
26972,85,73,12,12
26973,55,49,6,6
26974,51,46,5,5
26975,99,86,13,13
26976,52,52,0,0
26977,79,63,16,16
26978,110,97,13,13
26979,121,103,18,18
26980,37,32,5,5
26981,92,82,10,10
26982,66,49,17,17
26983,148,113,35,35
26984,83,71,12,12
26985,175,155,20,20
26986,88,75,13,13
26987,110,96,14,14
26988,79,75,4,4
26989,64,51,13,13
26990,124,101,23,23
26991,129,110,19,19
26992,91,78,13,13
26993,59,49,10,10
26994,49,59,-10,10
26995,132,117,15,15
26996,76,100,-24,24
26997,110,93,17,17
26998,61,55,6,6
26999,90,81,9,9
27000,126,115,11,11
27001,98,92,6,6
27002,59,50,9,9
27003,93,88,5,5
27004,76,59,17,17
27005,75,62,13,13
27006,85,79,6,6
27007,149,127,22,22
27008,89,78,11,11
27009,112,99,13,13
27010,88,69,19,19
27011,65,55,10,10
27012,86,76,10,10
27013,64,52,12,12
27014,81,82,-1,1
27015,86,80,6,6
27016,70,57,13,13
27017,150,120,30,30
27018,102,84,18,18
27019,92,75,17,17
27020,47,47,0,0
27021,92,87,5,5
27022,108,95,13,13
27023,85,76,9,9
27024,127,112,15,15
27025,114,98,16,16
27026,89,74,15,15
27027,98,89,9,9
27028,47,38,9,9
27029,95,95,0,0
27030,174,163,11,11
27031,74,66,8,8
27032,214,194,20,20
27033,35,36,-1,1
27034,202,185,17,17
27035,83,70,13,13
27036,125,106,19,19
27037,109,86,23,23
27038,54,51,3,3
27039,56,51,5,5
27040,71,64,7,7
27041,81,71,10,10
27042,78,72,6,6
27043,61,51,10,10
27044,77,65,12,12
27045,114,100,14,14
27046,59,53,6,6
27047,116,112,4,4
27048,49,52,-3,3
27049,66,74,-8,8
27050,91,73,18,18
27051,98,89,9,9
27052,73,67,6,6
27053,78,69,9,9
27054,105,101,4,4
27055,112,96,16,16
27056,84,76,8,8
27057,78,63,15,15
27058,112,109,3,3
27059,178,141,37,37
27060,134,124,10,10
27061,93,80,13,13
27062,99,91,8,8
27063,67,61,6,6
27064,76,71,5,5
27065,80,67,13,13
27066,74,64,10,10
27067,83,73,10,10
27068,99,101,-2,2
27069,70,52,18,18
27070,64,61,3,3
27071,128,113,15,15
27072,93,70,23,23
27073,65,55,10,10
27074,40,36,4,4
27075,133,113,20,20
27076,97,92,5,5
27077,89,87,2,2
27078,73,63,10,10
27079,102,81,21,21
27080,62,57,5,5
27081,91,85,6,6
27082,147,129,18,18
27083,70,61,9,9
27084,71,64,7,7
27085,86,75,11,11
27086,62,56,6,6
27087,104,78,26,26
27088,72,62,10,10
27089,52,47,5,5
27090,38,38,0,0
27091,67,63,4,4
27092,196,172,24,24
27093,47,40,7,7
27094,51,48,3,3
27095,88,80,8,8
27096,96,86,10,10
27097,42,39,3,3
27098,101,92,9,9
27099,105,89,16,16
27100,70,61,9,9
27101,87,88,-1,1
27102,120,111,9,9
27103,71,61,10,10
27104,118,98,20,20
27105,71,77,-6,6
27106,101,100,1,1
27107,80,65,15,15
27108,107,87,20,20
27109,87,71,16,16
27110,60,65,-5,5
27111,56,47,9,9
27112,79,70,9,9
27113,148,131,17,17
27114,75,66,9,9
27115,53,47,6,6
27116,88,79,9,9
27117,104,117,-13,13
27118,77,59,18,18
27119,53,47,6,6
27120,114,102,12,12
27121,74,61,13,13
27122,73,74,-1,1
27123,127,109,18,18
27124,81,67,14,14
27125,127,116,11,11
27126,139,113,26,26
27127,78,68,10,10
27128,79,67,12,12
27129,115,96,19,19
27130,125,97,28,28
27131,141,128,13,13
27132,127,101,26,26
27133,105,96,9,9
27134,57,56,1,1
27135,99,93,6,6
27136,91,78,13,13
27137,98,82,16,16
27138,114,118,-4,4
27139,74,65,9,9
27140,143,114,29,29
27141,68,62,6,6
27142,159,137,22,22
27143,69,58,11,11
27144,72,56,16,16
27145,48,44,4,4
27146,110,99,11,11
27147,86,74,12,12
27148,72,66,6,6
27149,80,69,11,11
27150,70,69,1,1
27151,37,36,1,1
27152,79,69,10,10
27153,53,40,13,13
27154,82,77,5,5
27155,55,53,2,2
27156,72,69,3,3
27157,104,94,10,10
27158,81,75,6,6
27159,131,126,5,5
27160,110,109,1,1
27161,70,67,3,3
27162,96,92,4,4
27163,56,57,-1,1
27164,76,65,11,11
27165,87,80,7,7
27166,100,84,16,16
27167,51,51,0,0
27168,67,58,9,9
27169,50,46,4,4
27170,72,75,-3,3
27171,69,60,9,9
27172,96,91,5,5
27173,90,76,14,14
27174,84,79,5,5
27175,136,130,6,6
27176,83,71,12,12
27177,93,88,5,5
27178,130,135,-5,5
27179,111,104,7,7
27180,107,106,1,1
27181,112,107,5,5
27182,27,29,-2,2
27183,156,130,26,26
27184,102,86,16,16
27185,122,110,12,12
27186,114,94,20,20
27187,39,34,5,5
27188,137,120,17,17
27189,86,75,11,11
27190,83,66,17,17
27191,148,129,19,19
27192,108,98,10,10
27193,102,85,17,17
27194,95,89,6,6
27195,52,51,1,1
27196,78,73,5,5
27197,99,89,10,10
27198,124,114,10,10
27199,94,91,3,3
27200,120,111,9,9
27201,102,96,6,6
27202,128,117,11,11
27203,64,47,17,17
27204,78,67,11,11
27205,65,66,-1,1
27206,128,120,8,8
27207,88,72,16,16
27208,63,62,1,1
27209,86,83,3,3
27210,102,94,8,8
27211,120,90,30,30
27212,95,91,4,4
27213,83,72,11,11
27214,96,94,2,2
27215,75,70,5,5
27216,50,45,5,5
27217,69,61,8,8
27218,118,95,23,23
27219,103,99,4,4
27220,88,86,2,2
27221,83,76,7,7
27222,113,93,20,20
27223,89,73,16,16
27224,92,81,11,11
27225,96,88,8,8
27226,97,108,-11,11
27227,57,49,8,8
27228,70,63,7,7
27229,79,77,2,2
27230,81,74,7,7
27231,106,93,13,13
27232,178,152,26,26
27233,141,127,14,14
27234,97,85,12,12
27235,152,142,10,10
27236,82,71,11,11
27237,62,50,12,12
27238,69,66,3,3
27239,145,133,12,12
27240,80,70,10,10
27241,124,109,15,15
27242,128,115,13,13
27243,147,117,30,30
27244,181,168,13,13
27245,92,82,10,10
27246,48,44,4,4
27247,144,128,16,16
27248,54,57,-3,3
27249,116,100,16,16
27250,106,94,12,12
27251,72,61,11,11
27252,139,119,20,20
27253,153,142,11,11
27254,105,85,20,20
27255,152,133,19,19
27256,137,103,34,34
27257,123,115,8,8
27258,49,49,0,0
27259,80,67,13,13
27260,63,46,17,17
27261,35,55,-20,20
27262,53,49,4,4
27263,80,75,5,5
27264,56,44,12,12
27265,143,137,6,6
27266,160,138,22,22
27267,98,87,11,11
27268,98,83,15,15
27269,83,80,3,3
27270,117,117,0,0
27271,143,131,12,12
27272,91,87,4,4
27273,60,59,1,1
27274,106,86,20,20
27275,33,37,-4,4
27276,65,57,8,8
27277,79,66,13,13
27278,47,39,8,8
27279,78,71,7,7
27280,108,99,9,9
27281,59,56,3,3
27282,75,73,2,2
27283,130,119,11,11
27284,75,76,-1,1
27285,89,81,8,8
27286,85,70,15,15
27287,127,112,15,15
27288,71,69,2,2
27289,103,93,10,10
27290,40,33,7,7
27291,57,62,-5,5
27292,142,125,17,17
27293,61,64,-3,3
27294,77,63,14,14
27295,95,89,6,6
27296,90,64,26,26
27297,101,93,8,8
27298,64,53,11,11
27299,154,118,36,36
27300,90,76,14,14
27301,103,91,12,12
27302,134,120,14,14
27303,96,70,26,26
27304,48,40,8,8
27305,88,73,15,15
27306,126,112,14,14
27307,80,66,14,14
27308,66,57,9,9
27309,43,38,5,5
27310,71,60,11,11
27311,102,88,14,14
27312,78,66,12,12
27313,99,88,11,11
27314,110,95,15,15
27315,105,96,9,9
27316,103,101,2,2
27317,103,93,10,10
27318,62,78,-16,16
27319,92,85,7,7
27320,68,66,2,2
27321,94,86,8,8
27322,97,90,7,7
27323,50,54,-4,4
27324,46,50,-4,4
27325,76,65,11,11
27326,127,96,31,31
27327,55,50,5,5
27328,62,52,10,10
27329,114,102,12,12
27330,70,59,11,11
27331,110,99,11,11
27332,115,101,14,14
27333,102,84,18,18
27334,105,102,3,3
27335,99,87,12,12
27336,122,110,12,12
27337,69,64,5,5
27338,69,54,15,15
27339,79,71,8,8
27340,67,63,4,4
27341,76,68,8,8
27342,54,47,7,7
27343,96,82,14,14
27344,90,80,10,10
27345,73,61,12,12
27346,76,70,6,6
27347,48,48,0,0
27348,104,97,7,7
27349,64,58,6,6
27350,76,67,9,9
27351,106,94,12,12
27352,58,54,4,4
27353,118,112,6,6
27354,78,74,4,4
27355,119,110,9,9
27356,64,61,3,3
27357,144,105,39,39
27358,112,92,20,20
27359,60,51,9,9
27360,58,75,-17,17
27361,148,153,-5,5
27362,70,62,8,8
27363,193,161,32,32
27364,90,84,6,6
27365,50,46,4,4
27366,94,79,15,15
27367,114,97,17,17
27368,57,56,1,1
27369,72,78,-6,6
27370,97,72,25,25
27371,121,105,16,16
27372,96,83,13,13
27373,78,73,5,5
27374,124,120,4,4
27375,156,142,14,14
27376,103,86,17,17
27377,117,104,13,13
27378,75,56,19,19
27379,101,94,7,7
27380,45,36,9,9
27381,60,53,7,7
27382,124,116,8,8
27383,129,113,16,16
27384,90,81,9,9
27385,79,77,2,2
27386,64,58,6,6
27387,87,86,1,1
27388,138,123,15,15
27389,106,97,9,9
27390,96,88,8,8
27391,124,108,16,16
27392,78,67,11,11
27393,99,86,13,13
27394,208,160,48,48
27395,111,98,13,13
27396,107,89,18,18
27397,92,77,15,15
27398,87,71,16,16
27399,108,108,0,0
27400,70,60,10,10
27401,115,104,11,11
27402,86,82,4,4
27403,86,74,12,12
27404,165,154,11,11
27405,59,88,-29,29
27406,111,106,5,5
27407,196,161,35,35
27408,99,92,7,7
27409,121,91,30,30
27410,57,47,10,10
27411,78,63,15,15
27412,98,93,5,5
27413,90,72,18,18
27414,89,80,9,9
27415,97,83,14,14
27416,77,68,9,9
27417,78,67,11,11
27418,95,99,-4,4
27419,98,87,11,11
27420,126,106,20,20
27421,107,100,7,7
27422,83,73,10,10
27423,129,119,10,10
27424,93,87,6,6
27425,210,168,42,42
27426,112,102,10,10
27427,51,46,5,5
27428,93,76,17,17
27429,61,63,-2,2
27430,76,75,1,1
27431,107,93,14,14
27432,115,89,26,26
27433,106,94,12,12
27434,77,73,4,4
27435,102,99,3,3
27436,54,53,1,1
27437,81,66,15,15
27438,64,65,-1,1
27439,134,121,13,13
27440,124,105,19,19
27441,49,51,-2,2
27442,90,91,-1,1
27443,72,57,15,15
27444,76,69,7,7
27445,114,98,16,16
27446,59,62,-3,3
27447,97,102,-5,5
27448,96,79,17,17
27449,177,130,47,47
27450,111,98,13,13
27451,105,101,4,4
27452,78,81,-3,3
27453,85,84,1,1
27454,71,64,7,7
27455,114,102,12,12
27456,78,75,3,3
27457,164,144,20,20
27458,75,68,7,7
27459,128,112,16,16
27460,105,109,-4,4
27461,75,65,10,10
27462,87,83,4,4
27463,104,90,14,14
27464,130,110,20,20
27465,101,95,6,6
27466,81,73,8,8
27467,75,64,11,11
27468,115,101,14,14
27469,80,65,15,15
27470,54,59,-5,5
27471,93,87,6,6
27472,142,109,33,33
27473,41,41,0,0
27474,78,70,8,8
27475,62,54,8,8
27476,68,67,1,1
27477,45,46,-1,1
27478,99,86,13,13
27479,92,77,15,15
27480,88,71,17,17
27481,134,128,6,6
27482,112,93,19,19
27483,97,92,5,5
27484,131,124,7,7
27485,71,60,11,11
27486,39,36,3,3
27487,68,67,1,1
27488,47,51,-4,4
27489,60,50,10,10
27490,151,116,35,35
27491,81,61,20,20
27492,104,88,16,16
27493,99,96,3,3
27494,103,87,16,16
27495,84,71,13,13
27496,92,82,10,10
27497,108,97,11,11
27498,124,110,14,14
27499,68,67,1,1
27500,107,99,8,8
27501,97,71,26,26
27502,108,93,15,15
27503,54,56,-2,2
27504,75,66,9,9
27505,43,43,0,0
27506,105,99,6,6
27507,103,100,3,3
27508,85,81,4,4
27509,121,108,13,13
27510,85,78,7,7
27511,102,85,17,17
27512,113,111,2,2
27513,70,66,4,4
27514,120,102,18,18
27515,106,86,20,20
27516,72,65,7,7
27517,89,81,8,8
27518,90,74,16,16
27519,52,44,8,8
27520,78,71,7,7
27521,88,84,4,4
27522,290,222,68,68
27523,98,87,11,11
27524,94,87,7,7
27525,130,107,23,23
27526,50,56,-6,6
27527,102,89,13,13
27528,72,63,9,9
27529,79,67,12,12
27530,101,90,11,11
27531,88,73,15,15
27532,75,69,6,6
27533,109,109,0,0
27534,68,59,9,9
27535,117,105,12,12
27536,112,97,15,15
27537,149,133,16,16
27538,94,89,5,5
27539,73,62,11,11
27540,86,74,12,12
27541,68,62,6,6
27542,94,84,10,10
27543,96,88,8,8
27544,86,103,-17,17
27545,84,78,6,6
27546,98,83,15,15
27547,149,129,20,20
27548,92,82,10,10
27549,72,59,13,13
27550,108,98,10,10
27551,85,87,-2,2
27552,92,83,9,9
27553,72,66,6,6
27554,73,71,2,2
27555,91,82,9,9
27556,167,159,8,8
27557,78,77,1,1
27558,50,55,-5,5
27559,96,68,28,28
27560,105,98,7,7
27561,102,92,10,10
27562,106,92,14,14
27563,138,114,24,24
27564,123,112,11,11
27565,76,66,10,10
27566,95,84,11,11
27567,87,79,8,8
27568,154,138,16,16
27569,75,64,11,11
27570,137,116,21,21
27571,98,76,22,22
27572,96,87,9,9
27573,68,64,4,4
27574,66,65,1,1
27575,96,89,7,7
27576,99,92,7,7
27577,53,56,-3,3
27578,36,55,-19,19
27579,79,73,6,6
27580,108,96,12,12
27581,20,23,-3,3
27582,95,84,11,11
27583,78,72,6,6
27584,114,102,12,12
27585,89,88,1,1
27586,118,123,-5,5
27587,163,135,28,28
27588,64,54,10,10
27589,50,39,11,11
27590,65,59,6,6
27591,91,78,13,13
27592,126,118,8,8
27593,96,84,12,12
27594,115,100,15,15
27595,114,103,11,11
27596,139,108,31,31
27597,45,48,-3,3
27598,155,146,9,9
27599,77,61,16,16
27600,105,84,21,21
27601,156,120,36,36
27602,90,82,8,8
27603,105,86,19,19
27604,36,36,0,0
27605,134,128,6,6
27606,111,110,1,1
27607,61,48,13,13
27608,97,86,11,11
27609,76,68,8,8
27610,81,75,6,6
27611,71,62,9,9
27612,99,83,16,16
27613,98,88,10,10
27614,89,74,15,15
27615,153,134,19,19
27616,110,104,6,6
27617,61,52,9,9
27618,72,68,4,4
27619,107,96,11,11
27620,107,96,11,11
27621,116,99,17,17
27622,116,99,17,17
27623,71,61,10,10
27624,95,83,12,12
27625,99,88,11,11
27626,59,50,9,9
27627,107,116,-9,9
27628,130,115,15,15
27629,95,69,26,26
27630,165,135,30,30
27631,171,145,26,26
27632,93,92,1,1
27633,79,76,3,3
27634,175,147,28,28
27635,121,111,10,10
27636,155,138,17,17
27637,174,159,15,15
27638,81,64,17,17
27639,57,48,9,9
27640,180,141,39,39
27641,116,100,16,16
27642,162,148,14,14
27643,77,70,7,7
27644,78,69,9,9
27645,111,96,15,15
27646,87,68,19,19
27647,37,38,-1,1
27648,176,160,16,16
27649,69,71,-2,2
27650,72,68,4,4
27651,91,79,12,12
27652,102,94,8,8
27653,81,75,6,6
27654,142,127,15,15
27655,189,154,35,35
27656,200,170,30,30
27657,61,58,3,3
27658,89,81,8,8
27659,94,88,6,6
27660,88,79,9,9
27661,85,69,16,16
27662,88,75,13,13
27663,52,49,3,3
27664,61,73,-12,12
27665,79,69,10,10
27666,141,124,17,17
27667,83,72,11,11
27668,112,135,-23,23
27669,123,106,17,17
27670,54,45,9,9
27671,66,58,8,8
27672,117,104,13,13
27673,73,64,9,9
27674,70,76,-6,6
27675,66,54,12,12
27676,105,112,-7,7
27677,77,71,6,6
27678,100,87,13,13
27679,167,132,35,35
27680,73,63,10,10
27681,130,113,17,17
27682,87,66,21,21
27683,85,68,17,17
27684,69,58,11,11
27685,73,68,5,5
27686,77,71,6,6
27687,138,125,13,13
27688,80,77,3,3
27689,55,49,6,6
27690,117,96,21,21
27691,110,97,13,13
27692,60,51,9,9
27693,96,80,16,16
27694,85,73,12,12
27695,106,100,6,6
27696,94,84,10,10
27697,69,69,0,0
27698,125,119,6,6
27699,179,148,31,31
27700,86,75,11,11
27701,129,114,15,15
27702,82,75,7,7
27703,91,71,20,20
27704,150,138,12,12
27705,57,55,2,2
27706,70,60,10,10
27707,134,121,13,13
27708,71,67,4,4
27709,74,70,4,4
27710,83,75,8,8
27711,82,88,-6,6
27712,70,62,8,8
27713,82,81,1,1
27714,52,48,4,4
27715,93,77,16,16
27716,54,51,3,3
27717,136,123,13,13
27718,72,62,10,10
27719,86,99,-13,13
27720,108,105,3,3
27721,93,79,14,14
27722,57,67,-10,10
27723,78,69,9,9
27724,130,111,19,19
27725,83,77,6,6
27726,116,89,27,27
27727,103,82,21,21
27728,79,73,6,6
27729,43,41,2,2
27730,100,92,8,8
27731,77,67,10,10
27732,127,112,15,15
27733,83,71,12,12
27734,134,138,-4,4
27735,108,86,22,22
27736,122,103,19,19
27737,86,79,7,7
27738,71,62,9,9
27739,111,99,12,12
27740,132,110,22,22
27741,200,175,25,25
27742,77,67,10,10
27743,131,104,27,27
27744,75,71,4,4
27745,66,57,9,9
27746,83,73,10,10
27747,155,134,21,21
27748,104,80,24,24
27749,85,69,16,16
27750,149,123,26,26
27751,198,227,-29,29
27752,68,71,-3,3
27753,143,101,42,42
27754,118,91,27,27
27755,75,63,12,12
27756,150,154,-4,4
27757,52,48,4,4
27758,153,139,14,14
27759,88,86,2,2
27760,101,99,2,2
27761,74,62,12,12
27762,102,96,6,6
27763,140,124,16,16
27764,71,56,15,15
27765,110,85,25,25
27766,110,102,8,8
27767,63,58,5,5
27768,66,58,8,8
27769,49,49,0,0
27770,54,45,9,9
27771,86,78,8,8
27772,58,50,8,8
27773,54,49,5,5
27774,60,60,0,0
27775,77,68,9,9
27776,70,69,1,1
27777,91,81,10,10
27778,112,102,10,10
27779,89,73,16,16
27780,80,70,10,10
27781,95,85,10,10
27782,98,83,15,15
27783,91,81,10,10
27784,117,106,11,11
27785,76,72,4,4
27786,126,140,-14,14
27787,131,105,26,26
27788,65,60,5,5
27789,90,74,16,16
27790,77,66,11,11
27791,114,104,10,10
27792,88,77,11,11
27793,90,78,12,12
27794,84,82,2,2
27795,135,110,25,25
27796,95,80,15,15
27797,94,94,0,0
27798,106,95,11,11
27799,75,65,10,10
27800,115,101,14,14
27801,143,132,11,11
27802,60,53,7,7
27803,68,56,12,12
27804,73,62,11,11
27805,168,133,35,35
27806,99,94,5,5
27807,108,94,14,14
27808,77,77,0,0
27809,60,49,11,11
27810,79,68,11,11
27811,103,111,-8,8
27812,120,112,8,8
27813,137,137,0,0
27814,80,81,-1,1
27815,78,72,6,6
27816,49,47,2,2
27817,97,93,4,4
27818,104,96,8,8
27819,172,148,24,24
27820,154,136,18,18
27821,93,91,2,2
27822,103,85,18,18
27823,51,44,7,7
27824,72,62,10,10
27825,81,74,7,7
27826,69,58,11,11
27827,111,92,19,19
27828,106,93,13,13
27829,143,119,24,24
27830,46,37,9,9
27831,118,109,9,9
27832,136,107,29,29
27833,103,90,13,13
27834,115,108,7,7
27835,100,86,14,14
27836,130,110,20,20
27837,146,124,22,22
27838,106,93,13,13
27839,160,145,15,15
27840,151,108,43,43
27841,111,97,14,14
27842,132,111,21,21
27843,70,54,16,16
27844,95,85,10,10
27845,113,100,13,13
27846,100,113,-13,13
27847,84,72,12,12
27848,144,111,33,33
27849,75,71,4,4
27850,127,115,12,12
27851,35,33,2,2
27852,48,52,-4,4
27853,52,45,7,7
27854,110,99,11,11
27855,109,94,15,15
27856,72,63,9,9
27857,99,86,13,13
27858,58,45,13,13
27859,81,65,16,16
27860,96,76,20,20
27861,71,63,8,8
27862,122,91,31,31
27863,151,132,19,19
27864,92,80,12,12
27865,69,60,9,9
27866,111,98,13,13
27867,106,88,18,18
27868,122,108,14,14
27869,100,76,24,24
27870,62,55,7,7
27871,77,66,11,11
27872,111,98,13,13
27873,68,67,1,1
27874,97,82,15,15
27875,118,81,37,37
27876,118,106,12,12
27877,97,93,4,4
27878,78,75,3,3
27879,146,132,14,14
27880,99,89,10,10
27881,76,65,11,11
27882,64,51,13,13
27883,48,41,7,7
27884,89,77,12,12
27885,59,53,6,6
27886,74,67,7,7
27887,72,67,5,5
27888,83,74,9,9
27889,83,59,24,24
27890,97,90,7,7
27891,100,85,15,15
27892,181,170,11,11
27893,37,31,6,6
27894,64,57,7,7
27895,84,65,19,19
27896,68,54,14,14
27897,54,46,8,8
27898,85,74,11,11
27899,75,69,6,6
27900,98,86,12,12
27901,147,130,17,17
27902,138,125,13,13
27903,61,52,9,9
27904,83,80,3,3
27905,158,132,26,26
27906,119,100,19,19
27907,88,73,15,15
27908,119,106,13,13
27909,118,95,23,23
27910,68,59,9,9
27911,49,47,2,2
27912,112,92,20,20
27913,113,94,19,19
27914,83,78,5,5
27915,81,79,2,2
27916,31,31,0,0
27917,87,70,17,17
27918,144,130,14,14
27919,133,128,5,5
27920,137,123,14,14
27921,95,88,7,7
27922,80,73,7,7
27923,109,96,13,13
27924,90,86,4,4
27925,70,63,7,7
27926,66,63,3,3
27927,81,63,18,18
27928,156,140,16,16
27929,70,68,2,2
27930,95,95,0,0
27931,109,92,17,17
27932,61,98,-37,37
27933,40,35,5,5
27934,138,130,8,8
27935,96,79,17,17
27936,53,59,-6,6
27937,85,85,0,0
27938,137,114,23,23
27939,113,99,14,14
27940,127,112,15,15
27941,77,65,12,12
27942,66,62,4,4
27943,36,35,1,1
27944,83,80,3,3
27945,120,95,25,25
27946,55,54,1,1
27947,61,58,3,3
27948,68,55,13,13
27949,93,86,7,7
27950,173,153,20,20
27951,58,58,0,0
27952,75,69,6,6
27953,83,66,17,17
27954,141,136,5,5
27955,67,59,8,8
27956,35,41,-6,6
27957,63,61,2,2
27958,52,49,3,3
27959,183,158,25,25
27960,52,45,7,7
27961,72,62,10,10
27962,77,71,6,6
27963,61,52,9,9
27964,124,105,19,19
27965,78,75,3,3
27966,123,109,14,14
27967,122,111,11,11
27968,88,83,5,5
27969,74,72,2,2
27970,66,62,4,4
27971,69,71,-2,2
27972,92,85,7,7
27973,79,67,12,12
27974,45,61,-16,16
27975,115,105,10,10
27976,143,128,15,15
27977,99,92,7,7
27978,129,125,4,4
27979,103,91,12,12
27980,90,90,0,0
27981,88,75,13,13
27982,123,118,5,5
27983,175,139,36,36
27984,95,82,13,13
27985,105,99,6,6
27986,65,62,3,3
27987,66,54,12,12
27988,137,115,22,22
27989,84,76,8,8
27990,110,91,19,19
27991,118,95,23,23
27992,114,102,12,12
27993,97,97,0,0
27994,90,75,15,15
27995,124,115,9,9
27996,158,145,13,13
27997,67,81,-14,14
27998,96,85,11,11
27999,97,83,14,14
28000,108,94,14,14
28001,106,92,14,14
28002,56,47,9,9
28003,69,63,6,6
28004,41,42,-1,1
28005,67,57,10,10
28006,172,156,16,16
28007,53,44,9,9
28008,94,76,18,18
28009,121,106,15,15
28010,97,73,24,24
28011,91,80,11,11
28012,117,85,32,32
28013,125,134,-9,9
28014,59,52,7,7
28015,114,92,22,22
28016,87,72,15,15
28017,106,97,9,9
28018,77,71,6,6
28019,135,109,26,26
28020,145,116,29,29
28021,72,64,8,8
28022,53,53,0,0
28023,149,126,23,23
28024,101,93,8,8
28025,76,51,25,25
28026,87,83,4,4
28027,73,59,14,14
28028,107,94,13,13
28029,67,53,14,14
28030,67,65,2,2
28031,80,73,7,7
28032,91,80,11,11
28033,91,76,15,15
28034,104,104,0,0
28035,66,50,16,16
28036,90,77,13,13
28037,71,75,-4,4
28038,118,94,24,24
28039,87,84,3,3
28040,68,60,8,8
28041,114,109,5,5
28042,117,108,9,9
28043,130,109,21,21
28044,134,130,4,4
28045,125,112,13,13
28046,74,61,13,13
28047,88,76,12,12
28048,56,64,-8,8
28049,116,93,23,23
28050,145,131,14,14
28051,75,58,17,17
28052,71,76,-5,5
28053,50,48,2,2
28054,97,86,11,11
28055,55,43,12,12
28056,52,42,10,10
28057,154,115,39,39
28058,132,115,17,17
28059,180,148,32,32
28060,68,67,1,1
28061,86,77,9,9
28062,147,135,12,12
28063,68,74,-6,6
28064,80,68,12,12
28065,98,80,18,18
28066,109,103,6,6
28067,88,81,7,7
28068,78,76,2,2
28069,86,70,16,16
28070,42,38,4,4
28071,74,79,-5,5
28072,137,121,16,16
28073,110,95,15,15
28074,76,78,-2,2
28075,64,59,5,5
28076,150,123,27,27
28077,116,94,22,22
28078,74,68,6,6
28079,69,59,10,10
28080,55,47,8,8
28081,114,113,1,1
28082,178,168,10,10
28083,78,68,10,10
28084,71,60,11,11
28085,80,76,4,4
28086,119,118,1,1
28087,59,55,4,4
28088,75,61,14,14
28089,77,80,-3,3
28090,64,65,-1,1
28091,118,100,18,18
28092,141,126,15,15
28093,144,135,9,9
28094,118,105,13,13
28095,90,68,22,22
28096,96,90,6,6
28097,107,93,14,14
28098,141,136,5,5
28099,71,53,18,18
28100,94,78,16,16
28101,196,163,33,33
28102,93,91,2,2
28103,122,91,31,31
28104,78,76,2,2
28105,83,92,-9,9
28106,84,69,15,15
28107,65,54,11,11
28108,165,155,10,10
28109,116,118,-2,2
28110,91,71,20,20
28111,69,57,12,12
28112,87,73,14,14
28113,94,90,4,4
28114,113,100,13,13
28115,169,155,14,14
28116,112,91,21,21
28117,85,81,4,4
28118,113,94,19,19
28119,145,120,25,25
28120,53,52,1,1
28121,97,86,11,11
28122,102,98,4,4
28123,107,103,4,4
28124,88,73,15,15
28125,76,66,10,10
28126,46,42,4,4
28127,83,75,8,8
28128,99,82,17,17
28129,118,105,13,13
28130,85,71,14,14
28131,112,103,9,9
28132,120,103,17,17
28133,246,200,46,46
28134,124,102,22,22
28135,64,61,3,3
28136,118,96,22,22
28137,118,97,21,21
28138,78,72,6,6
28139,74,71,3,3
28140,86,75,11,11
28141,90,67,23,23
28142,132,129,3,3
28143,125,110,15,15
28144,70,60,10,10
28145,69,59,10,10
28146,119,101,18,18
28147,144,122,22,22
28148,172,149,23,23
28149,83,72,11,11
28150,99,84,15,15
28151,104,91,13,13
28152,127,107,20,20
28153,78,65,13,13
28154,110,88,22,22
28155,53,48,5,5
28156,79,78,1,1
28157,47,38,9,9
28158,123,113,10,10
28159,132,119,13,13
28160,104,94,10,10
28161,127,111,16,16
28162,105,85,20,20
28163,65,64,1,1
28164,100,92,8,8
28165,192,155,37,37
28166,61,82,-21,21
28167,106,103,3,3
28168,38,65,-27,27
28169,186,152,34,34
28170,166,138,28,28
28171,122,104,18,18
28172,141,125,16,16
28173,122,119,3,3
28174,39,55,-16,16
28175,117,110,7,7
28176,128,111,17,17
28177,148,130,18,18
28178,118,108,10,10
28179,96,84,12,12
28180,72,68,4,4
28181,76,60,16,16
28182,63,55,8,8
28183,84,86,-2,2
28184,102,91,11,11
28185,75,66,9,9
28186,92,83,9,9
28187,69,59,10,10
28188,94,74,20,20
28189,70,58,12,12
28190,112,92,20,20
28191,87,71,16,16
28192,68,63,5,5
28193,123,125,-2,2
28194,81,61,20,20
28195,116,117,-1,1
28196,82,76,6,6
28197,149,119,30,30
28198,60,68,-8,8
28199,59,60,-1,1
28200,110,90,20,20
28201,89,110,-21,21
28202,114,102,12,12
28203,128,112,16,16
28204,57,56,1,1
28205,77,76,1,1
28206,85,76,9,9
28207,194,178,16,16
28208,72,75,-3,3
28209,75,72,3,3
28210,57,74,-17,17
28211,165,140,25,25
28212,99,89,10,10
28213,84,74,10,10
28214,89,86,3,3
28215,64,60,4,4
28216,115,111,4,4
28217,81,79,2,2
28218,96,97,-1,1
28219,134,119,15,15
28220,74,62,12,12
28221,121,129,-8,8
28222,81,84,-3,3
28223,58,50,8,8
28224,77,63,14,14
28225,97,86,11,11
28226,66,55,11,11
28227,104,92,12,12
28228,112,105,7,7
28229,59,52,7,7
28230,151,130,21,21
28231,111,91,20,20
28232,133,120,13,13
28233,76,67,9,9
28234,93,85,8,8
28235,76,61,15,15
28236,85,72,13,13
28237,151,140,11,11
28238,76,71,5,5
28239,79,67,12,12
28240,172,171,1,1
28241,148,125,23,23
28242,89,82,7,7
28243,87,70,17,17
28244,128,117,11,11
28245,71,55,16,16
28246,72,60,12,12
28247,77,71,6,6
28248,100,84,16,16
28249,107,100,7,7
28250,86,77,9,9
28251,81,66,15,15
28252,93,83,10,10
28253,56,46,10,10
28254,138,119,19,19
28255,77,72,5,5
28256,175,158,17,17
28257,72,66,6,6
28258,93,82,11,11
28259,92,78,14,14
28260,104,106,-2,2
28261,132,103,29,29
28262,81,77,4,4
28263,71,68,3,3
28264,140,129,11,11
28265,102,82,20,20
28266,53,47,6,6
28267,87,82,5,5
28268,147,131,16,16
28269,93,91,2,2
28270,65,60,5,5
28271,154,134,20,20
28272,222,184,38,38
28273,107,93,14,14
28274,81,68,13,13
28275,59,53,6,6
28276,63,55,8,8
28277,100,90,10,10
28278,89,73,16,16
28279,70,57,13,13
28280,90,83,7,7
28281,135,125,10,10
28282,112,98,14,14
28283,102,88,14,14
28284,126,117,9,9
28285,87,82,5,5
28286,98,88,10,10
28287,128,103,25,25
28288,54,48,6,6
28289,88,80,8,8
28290,79,71,8,8
28291,177,156,21,21
28292,110,98,12,12
28293,68,66,2,2
28294,126,115,11,11
28295,115,102,13,13
28296,105,98,7,7
28297,86,73,13,13
28298,66,87,-21,21
28299,65,52,13,13
28300,78,78,0,0
28301,87,80,7,7
28302,108,96,12,12
28303,46,49,-3,3
28304,106,95,11,11
28305,127,107,20,20
28306,137,127,10,10
28307,84,67,17,17
28308,73,70,3,3
28309,70,61,9,9
28310,76,68,8,8
28311,84,74,10,10
28312,125,86,39,39
28313,73,70,3,3
28314,176,161,15,15
28315,97,81,16,16
28316,128,114,14,14
28317,74,69,5,5
28318,145,127,18,18
28319,93,87,6,6
28320,70,65,5,5
28321,67,70,-3,3
28322,84,75,9,9
28323,59,51,8,8
28324,92,82,10,10
28325,112,94,18,18
28326,51,47,4,4
28327,56,49,7,7
28328,92,81,11,11
28329,49,50,-1,1
28330,98,89,9,9
28331,71,67,4,4
28332,72,63,9,9
28333,68,68,0,0
28334,87,82,5,5
28335,121,103,18,18
28336,94,85,9,9
28337,76,73,3,3
28338,112,93,19,19
28339,69,55,14,14
28340,113,101,12,12
28341,129,121,8,8
28342,105,99,6,6
28343,99,98,1,1
28344,58,54,4,4
28345,130,109,21,21
28346,85,73,12,12
28347,73,55,18,18
28348,56,42,14,14
28349,97,95,2,2
28350,104,92,12,12
28351,73,67,6,6
28352,111,92,19,19
28353,73,58,15,15
28354,98,80,18,18
28355,102,98,4,4
28356,80,66,14,14
28357,47,39,8,8
28358,102,100,2,2
28359,76,69,7,7
28360,69,71,-2,2
28361,85,82,3,3
28362,111,106,5,5
28363,34,29,5,5
28364,137,128,9,9
28365,79,69,10,10
28366,72,70,2,2
28367,62,61,1,1
28368,91,82,9,9
28369,82,75,7,7
28370,120,120,0,0
28371,92,89,3,3
28372,110,104,6,6
28373,122,110,12,12
28374,119,103,16,16
28375,183,160,23,23
28376,61,59,2,2
28377,97,79,18,18
28378,117,107,10,10
28379,71,67,4,4
28380,100,80,20,20
28381,119,102,17,17
28382,94,74,20,20
28383,94,87,7,7
28384,97,75,22,22
28385,62,51,11,11
28386,74,68,6,6
28387,104,95,9,9
28388,143,136,7,7
28389,74,69,5,5
28390,126,114,12,12
28391,64,61,3,3
28392,97,81,16,16
28393,82,72,10,10
28394,56,58,-2,2
28395,98,92,6,6
28396,139,122,17,17
28397,102,94,8,8
28398,100,93,7,7
28399,115,86,29,29
28400,138,113,25,25
28401,39,36,3,3
28402,132,125,7,7
28403,127,118,9,9
28404,98,82,16,16
28405,83,65,18,18
28406,106,101,5,5
28407,161,140,21,21
28408,77,57,20,20
28409,76,77,-1,1
28410,96,82,14,14
28411,107,97,10,10
28412,85,222,-137,137
28413,79,74,5,5
28414,102,87,15,15
28415,57,49,8,8
28416,79,70,9,9
28417,76,77,-1,1
28418,82,77,5,5
28419,56,48,8,8
28420,84,72,12,12
28421,110,90,20,20
28422,183,154,29,29
28423,118,113,5,5
28424,100,82,18,18
28425,109,89,20,20
28426,101,86,15,15
28427,57,58,-1,1
28428,89,96,-7,7
28429,148,124,24,24
28430,202,183,19,19
28431,137,133,4,4
28432,91,80,11,11
28433,112,96,16,16
28434,68,65,3,3
28435,83,72,11,11
28436,72,64,8,8
28437,79,67,12,12
28438,116,104,12,12
28439,54,50,4,4
28440,87,81,6,6
28441,82,74,8,8
28442,104,92,12,12
28443,126,114,12,12
28444,106,100,6,6
28445,116,102,14,14
28446,91,86,5,5
28447,77,65,12,12
28448,123,133,-10,10
28449,145,127,18,18
28450,88,74,14,14
28451,95,99,-4,4
28452,79,77,2,2
28453,91,87,4,4
28454,133,110,23,23
28455,165,166,-1,1
28456,61,54,7,7
28457,63,60,3,3
28458,120,107,13,13
28459,54,42,12,12
28460,145,134,11,11
28461,130,116,14,14
28462,68,65,3,3
28463,55,50,5,5
28464,90,76,14,14
28465,102,81,21,21
28466,52,46,6,6
28467,102,92,10,10
28468,162,148,14,14
28469,85,82,3,3
28470,81,71,10,10
28471,57,47,10,10
28472,82,68,14,14
28473,135,86,49,49
28474,43,41,2,2
28475,82,69,13,13
28476,66,62,4,4
28477,102,92,10,10
28478,70,61,9,9
28479,151,134,17,17
28480,127,115,12,12
28481,77,51,26,26
28482,137,110,27,27
28483,83,69,14,14
28484,183,157,26,26
28485,43,35,8,8
28486,129,116,13,13
28487,58,47,11,11
28488,73,68,5,5
28489,67,54,13,13
28490,57,53,4,4
28491,133,133,0,0
28492,76,71,5,5
28493,87,77,10,10
28494,76,70,6,6
28495,99,79,20,20
28496,95,87,8,8
28497,56,50,6,6
28498,146,123,23,23
28499,123,98,25,25
28500,93,104,-11,11
28501,71,67,4,4
28502,97,80,17,17
28503,122,98,24,24
28504,97,90,7,7
28505,86,74,12,12
28506,87,80,7,7
28507,134,113,21,21
28508,99,97,2,2
28509,135,120,15,15
28510,85,75,10,10
28511,132,118,14,14
28512,54,47,7,7
28513,77,76,1,1
28514,63,61,2,2
28515,138,130,8,8
28516,58,50,8,8
28517,141,120,21,21
28518,161,146,15,15
28519,105,107,-2,2
28520,107,103,4,4
28521,153,149,4,4
28522,90,83,7,7
28523,147,134,13,13
28524,92,87,5,5
28525,34,25,9,9
28526,90,86,4,4
28527,50,50,0,0
28528,83,72,11,11
28529,127,125,2,2
28530,59,46,13,13
28531,57,54,3,3
28532,115,107,8,8
28533,91,90,1,1
28534,143,120,23,23
28535,119,101,18,18
28536,97,89,8,8
28537,155,137,18,18
28538,128,108,20,20
28539,67,63,4,4
28540,60,54,6,6
28541,103,87,16,16
28542,128,108,20,20
28543,100,88,12,12
28544,71,62,9,9
28545,85,79,6,6
28546,74,65,9,9
28547,172,130,42,42
28548,73,65,8,8
28549,51,46,5,5
28550,76,71,5,5
28551,110,98,12,12
28552,125,99,26,26
28553,49,50,-1,1
28554,145,122,23,23
28555,81,68,13,13
28556,79,85,-6,6
28557,108,96,12,12
28558,95,83,12,12
28559,66,52,14,14
28560,78,69,9,9
28561,41,42,-1,1
28562,89,71,18,18
28563,60,56,4,4
28564,88,73,15,15
28565,54,55,-1,1
28566,112,93,19,19
28567,135,111,24,24
28568,123,107,16,16
28569,76,87,-11,11
28570,82,70,12,12
28571,38,34,4,4
28572,51,47,4,4
28573,33,39,-6,6
28574,100,87,13,13
28575,64,63,1,1
28576,98,92,6,6
28577,104,87,17,17
28578,108,99,9,9
28579,112,98,14,14
28580,54,50,4,4
28581,75,70,5,5
28582,89,86,3,3
28583,137,115,22,22
28584,66,55,11,11
28585,81,73,8,8
28586,91,88,3,3
28587,84,75,9,9
28588,52,43,9,9
28589,64,67,-3,3
28590,176,161,15,15
28591,59,54,5,5
28592,70,62,8,8
28593,69,56,13,13
28594,83,97,-14,14
28595,71,69,2,2
28596,61,59,2,2
28597,65,57,8,8
28598,94,105,-11,11
28599,53,45,8,8
28600,66,51,15,15
28601,93,82,11,11
28602,66,58,8,8
28603,75,63,12,12
28604,96,90,6,6
28605,66,59,7,7
28606,158,118,40,40
28607,80,57,23,23
28608,67,56,11,11
28609,67,61,6,6
28610,79,69,10,10
28611,57,53,4,4
28612,66,61,5,5
28613,44,39,5,5
28614,59,53,6,6
28615,150,130,20,20
28616,128,114,14,14
28617,74,66,8,8
28618,38,46,-8,8
28619,51,42,9,9
28620,123,113,10,10
28621,61,50,11,11
28622,77,58,19,19
28623,61,57,4,4
28624,94,84,10,10
28625,104,97,7,7
28626,62,64,-2,2
28627,115,96,19,19
28628,122,94,28,28
28629,96,88,8,8
28630,84,75,9,9
28631,119,100,19,19
28632,99,86,13,13
28633,85,76,9,9
28634,118,99,19,19
28635,144,121,23,23
28636,54,49,5,5
28637,152,127,25,25
28638,47,46,1,1
28639,67,57,10,10
28640,81,73,8,8
28641,125,110,15,15
28642,104,87,17,17
28643,63,64,-1,1
28644,71,56,15,15
28645,56,57,-1,1
28646,144,128,16,16
28647,125,122,3,3
28648,64,51,13,13
28649,108,82,26,26
28650,87,70,17,17
28651,66,66,0,0
28652,83,79,4,4
28653,102,89,13,13
28654,120,109,11,11
28655,114,102,12,12
28656,114,101,13,13
28657,148,133,15,15
28658,100,87,13,13
28659,76,67,9,9
28660,53,52,1,1
28661,104,97,7,7
28662,101,96,5,5
28663,93,84,9,9
28664,50,41,9,9
28665,47,43,4,4
28666,137,122,15,15
28667,109,92,17,17
28668,83,85,-2,2
28669,32,30,2,2
28670,69,56,13,13
28671,92,81,11,11
28672,78,76,2,2
28673,96,99,-3,3
28674,92,72,20,20
28675,53,46,7,7
28676,144,128,16,16
28677,107,87,20,20
28678,112,99,13,13
28679,72,54,18,18
28680,108,88,20,20
28681,84,72,12,12
28682,54,47,7,7
28683,82,97,-15,15
28684,98,80,18,18
28685,73,72,1,1
28686,50,51,-1,1
28687,89,82,7,7
28688,66,55,11,11
28689,140,134,6,6
28690,97,84,13,13
28691,77,74,3,3
28692,106,68,38,38
28693,73,68,5,5
28694,122,108,14,14
28695,80,71,9,9
28696,60,52,8,8
28697,90,74,16,16
28698,83,75,8,8
28699,86,76,10,10
28700,33,29,4,4
28701,134,119,15,15
28702,117,108,9,9
28703,60,51,9,9
28704,116,103,13,13
28705,110,107,3,3
28706,129,119,10,10
28707,88,77,11,11
28708,76,66,10,10
28709,171,154,17,17
28710,98,75,23,23
28711,100,85,15,15
28712,66,56,10,10
28713,140,120,20,20
28714,101,78,23,23
28715,61,52,9,9
28716,89,79,10,10
28717,93,84,9,9
28718,101,81,20,20
28719,63,66,-3,3
28720,85,80,5,5
28721,94,89,5,5
28722,114,121,-7,7
28723,104,100,4,4
28724,78,67,11,11
28725,108,115,-7,7
28726,57,50,7,7
28727,38,43,-5,5
28728,69,67,2,2
28729,106,100,6,6
28730,77,68,9,9
28731,235,215,20,20
28732,98,91,7,7
28733,111,100,11,11
28734,70,77,-7,7
28735,102,91,11,11
28736,92,86,6,6
28737,67,63,4,4
28738,83,80,3,3
28739,71,63,8,8
28740,92,69,23,23
28741,59,53,6,6
28742,90,80,10,10
28743,71,60,11,11
28744,52,49,3,3
28745,109,85,24,24
28746,105,103,2,2
28747,79,68,11,11
28748,81,65,16,16
28749,84,77,7,7
28750,80,62,18,18
28751,56,59,-3,3
28752,84,71,13,13
28753,44,44,0,0
28754,85,74,11,11
28755,62,60,2,2
28756,83,69,14,14
28757,59,67,-8,8
28758,92,77,15,15
28759,99,94,5,5
28760,131,132,-1,1
28761,58,52,6,6
28762,164,138,26,26
28763,132,108,24,24
28764,73,61,12,12
28765,82,73,9,9
28766,57,54,3,3
28767,97,97,0,0
28768,26,32,-6,6
28769,107,88,19,19
28770,88,75,13,13
28771,84,75,9,9
28772,82,77,5,5
28773,141,136,5,5
28774,78,66,12,12
28775,146,131,15,15
28776,84,69,15,15
28777,93,79,14,14
28778,74,65,9,9
28779,139,121,18,18
28780,125,115,10,10
28781,65,59,6,6
28782,101,99,2,2
28783,114,112,2,2
28784,54,51,3,3
28785,99,82,17,17
28786,83,64,19,19
28787,128,111,17,17
28788,90,84,6,6
28789,77,68,9,9
28790,68,51,17,17
28791,78,86,-8,8
28792,76,68,8,8
28793,85,75,10,10
28794,106,99,7,7
28795,207,163,44,44
28796,105,93,12,12
28797,110,102,8,8
28798,86,72,14,14
28799,166,123,43,43
28800,118,111,7,7
28801,99,84,15,15
28802,80,81,-1,1
28803,27,37,-10,10
28804,125,102,23,23
28805,92,83,9,9
28806,85,70,15,15
28807,91,85,6,6
28808,61,52,9,9
28809,86,73,13,13
28810,50,47,3,3
28811,101,92,9,9
28812,79,60,19,19
28813,82,88,-6,6
28814,63,51,12,12
28815,100,83,17,17
28816,103,76,27,27
28817,150,131,19,19
28818,86,66,20,20
28819,72,71,1,1
28820,54,48,6,6
28821,136,124,12,12
28822,60,48,12,12
28823,118,101,17,17
28824,64,50,14,14
28825,78,64,14,14
28826,76,62,14,14
28827,145,128,17,17
28828,62,62,0,0
28829,98,91,7,7
28830,100,90,10,10
28831,142,122,20,20
28832,77,78,-1,1
28833,81,77,4,4
28834,79,70,9,9
28835,78,68,10,10
28836,84,82,2,2
28837,63,53,10,10
28838,94,83,11,11
28839,89,75,14,14
28840,78,67,11,11
28841,132,125,7,7
28842,151,128,23,23
28843,156,139,17,17
28844,41,48,-7,7
28845,106,98,8,8
28846,99,89,10,10
28847,42,41,1,1
28848,79,67,12,12
28849,60,70,-10,10
28850,136,122,14,14
28851,130,118,12,12
28852,136,133,3,3
28853,81,63,18,18
28854,112,99,13,13
28855,60,55,5,5
28856,93,73,20,20
28857,103,97,6,6
28858,180,155,25,25
28859,93,83,10,10
28860,172,151,21,21
28861,95,92,3,3
28862,79,78,1,1
28863,55,53,2,2
28864,105,95,10,10
28865,118,101,17,17
28866,111,102,9,9
28867,66,64,2,2
28868,146,118,28,28
28869,81,101,-20,20
28870,75,62,13,13
28871,79,77,2,2
28872,64,55,9,9
28873,97,89,8,8
28874,103,91,12,12
28875,68,62,6,6
28876,74,69,5,5
28877,80,64,16,16
28878,90,64,26,26
28879,59,49,10,10
28880,109,103,6,6
28881,90,78,12,12
28882,71,69,2,2
28883,108,96,12,12
28884,83,70,13,13
28885,130,112,18,18
28886,85,80,5,5
28887,49,52,-3,3
28888,73,67,6,6
28889,104,96,8,8
28890,131,116,15,15
28891,69,62,7,7
28892,102,87,15,15
28893,74,65,9,9
28894,58,51,7,7
28895,167,141,26,26
28896,144,129,15,15
28897,108,98,10,10
28898,70,63,7,7
28899,84,76,8,8
28900,50,46,4,4
28901,68,65,3,3
28902,128,122,6,6
28903,106,96,10,10
28904,63,59,4,4
28905,61,67,-6,6
28906,82,72,10,10
28907,100,96,4,4
28908,92,84,8,8
28909,75,72,3,3
28910,132,118,14,14
28911,85,83,2,2
28912,183,158,25,25
28913,115,99,16,16
28914,125,109,16,16
28915,99,86,13,13
28916,102,89,13,13
28917,125,120,5,5
28918,75,66,9,9
28919,173,156,17,17
28920,66,64,2,2
28921,90,75,15,15
28922,88,79,9,9
28923,124,112,12,12
28924,70,61,9,9
28925,93,76,17,17
28926,64,52,12,12
28927,60,48,12,12
28928,134,124,10,10
28929,104,87,17,17
28930,44,42,2,2
28931,109,88,21,21
28932,68,59,9,9
28933,81,75,6,6
28934,103,94,9,9
28935,99,93,6,6
28936,80,71,9,9
28937,104,99,5,5
28938,67,64,3,3
28939,126,112,14,14
28940,53,47,6,6
28941,135,116,19,19
28942,95,72,23,23
28943,95,90,5,5
28944,63,59,4,4
28945,140,114,26,26
28946,71,73,-2,2
28947,79,69,10,10
28948,47,65,-18,18
28949,87,91,-4,4
28950,57,52,5,5
28951,81,73,8,8
28952,53,46,7,7
28953,88,88,0,0
28954,109,101,8,8
28955,85,77,8,8
28956,114,101,13,13
28957,81,79,2,2
28958,85,86,-1,1
28959,95,85,10,10
28960,61,64,-3,3
28961,65,57,8,8
28962,47,43,4,4
28963,57,49,8,8
28964,66,67,-1,1
28965,86,81,5,5
28966,76,68,8,8
28967,143,119,24,24
28968,79,86,-7,7
28969,87,72,15,15
28970,99,87,12,12
28971,103,105,-2,2
28972,83,68,15,15
28973,116,103,13,13
28974,128,113,15,15
28975,159,144,15,15
28976,113,92,21,21
28977,124,105,19,19
28978,81,78,3,3
28979,66,48,18,18
28980,82,58,24,24
28981,58,56,2,2
28982,101,98,3,3
28983,67,70,-3,3
28984,97,75,22,22
28985,78,73,5,5
28986,104,97,7,7
28987,117,104,13,13
28988,82,86,-4,4
28989,125,114,11,11
28990,152,139,13,13
28991,92,85,7,7
28992,128,108,20,20
28993,68,62,6,6
28994,101,85,16,16
28995,96,90,6,6
28996,98,85,13,13
28997,134,115,19,19
28998,106,99,7,7
28999,54,44,10,10
29000,88,88,0,0
29001,66,52,14,14
29002,99,86,13,13
29003,82,75,7,7
29004,118,113,5,5
29005,66,56,10,10
29006,96,81,15,15
29007,139,126,13,13
29008,25,29,-4,4
29009,123,107,16,16
29010,130,116,14,14
29011,92,80,12,12
29012,80,70,10,10
29013,67,55,12,12
29014,71,61,10,10
29015,92,82,10,10
29016,113,93,20,20
29017,67,73,-6,6
29018,58,54,4,4
29019,39,78,-39,39
29020,78,74,4,4
29021,113,87,26,26
29022,50,46,4,4
29023,66,60,6,6
29024,88,79,9,9
29025,88,83,5,5
29026,131,109,22,22
29027,64,70,-6,6
29028,91,81,10,10
29029,101,81,20,20
29030,110,96,14,14
29031,56,56,0,0
29032,77,68,9,9
29033,129,115,14,14
29034,91,94,-3,3
29035,97,91,6,6
29036,98,87,11,11
29037,75,68,7,7
29038,109,84,25,25
29039,64,63,1,1
29040,71,65,6,6
29041,54,48,6,6
29042,59,54,5,5
29043,145,130,15,15
29044,86,71,15,15
29045,56,47,9,9
29046,79,77,2,2
29047,114,104,10,10
29048,65,65,0,0
29049,104,85,19,19
29050,61,63,-2,2
29051,155,142,13,13
29052,106,92,14,14
29053,48,54,-6,6
29054,173,134,39,39
29055,31,41,-10,10
29056,87,79,8,8
29057,147,131,16,16
29058,79,76,3,3
29059,92,92,0,0
29060,100,83,17,17
29061,118,119,-1,1
29062,83,72,11,11
29063,72,63,9,9
29064,101,87,14,14
29065,83,77,6,6
29066,94,85,9,9
29067,103,97,6,6
29068,73,63,10,10
29069,179,160,19,19
29070,115,98,17,17
29071,85,75,10,10
29072,101,88,13,13
29073,130,119,11,11
29074,155,149,6,6
29075,65,58,7,7
29076,116,112,4,4
29077,71,63,8,8
29078,78,73,5,5
29079,129,119,10,10
29080,78,65,13,13
29081,141,118,23,23
29082,139,112,27,27
29083,90,79,11,11
29084,174,154,20,20
29085,92,79,13,13
29086,76,67,9,9
29087,40,40,0,0
29088,36,28,8,8
29089,78,66,12,12
29090,89,85,4,4
29091,63,62,1,1
29092,79,67,12,12
29093,127,105,22,22
29094,61,56,5,5
29095,118,55,63,63
29096,112,91,21,21
29097,131,114,17,17
29098,78,69,9,9
29099,95,84,11,11
29100,75,65,10,10
29101,170,148,22,22
29102,97,89,8,8
29103,62,55,7,7
29104,130,113,17,17
29105,116,120,-4,4
29106,72,69,3,3
29107,89,76,13,13
29108,95,90,5,5
29109,82,73,9,9
29110,54,53,1,1
29111,102,90,12,12
29112,106,93,13,13
29113,138,122,16,16
29114,90,83,7,7
29115,53,56,-3,3
29116,111,87,24,24
29117,91,78,13,13
29118,84,80,4,4
29119,116,93,23,23
29120,119,103,16,16
29121,82,75,7,7
29122,102,86,16,16
29123,64,57,7,7
29124,40,48,-8,8
29125,104,98,6,6
29126,73,65,8,8
29127,92,80,12,12
29128,127,101,26,26
29129,155,137,18,18
29130,82,74,8,8
29131,86,77,9,9
29132,61,49,12,12
29133,136,114,22,22
29134,123,117,6,6
29135,40,45,-5,5
29136,103,85,18,18
29137,145,136,9,9
29138,92,90,2,2
29139,60,71,-11,11
29140,71,62,9,9
29141,63,56,7,7
29142,51,44,7,7
29143,92,83,9,9
29144,48,45,3,3
29145,66,35,31,31
29146,165,141,24,24
29147,114,97,17,17
29148,48,46,2,2
29149,121,100,21,21
29150,134,117,17,17
29151,68,60,8,8
29152,34,41,-7,7
29153,68,57,11,11
29154,72,67,5,5
29155,63,54,9,9
29156,59,59,0,0
29157,94,86,8,8
29158,59,52,7,7
29159,77,77,0,0
29160,119,99,20,20
29161,134,125,9,9
29162,120,109,11,11
29163,90,76,14,14
29164,79,70,9,9
29165,70,57,13,13
29166,103,88,15,15
29167,111,86,25,25
29168,62,56,6,6
29169,139,114,25,25
29170,138,130,8,8
29171,213,195,18,18
29172,73,64,9,9
29173,116,105,11,11
29174,135,124,11,11
29175,77,65,12,12
29176,89,72,17,17
29177,40,35,5,5
29178,82,66,16,16
29179,101,98,3,3
29180,81,88,-7,7
29181,159,141,18,18
29182,89,84,5,5
29183,74,75,-1,1
29184,106,90,16,16
29185,53,53,0,0
29186,98,109,-11,11
29187,96,85,11,11
29188,116,112,4,4
29189,68,64,4,4
29190,74,65,9,9
29191,167,156,11,11
29192,90,89,1,1
29193,106,90,16,16
29194,62,49,13,13
29195,46,44,2,2
29196,68,69,-1,1
29197,73,62,11,11
29198,78,69,9,9
29199,58,49,9,9
29200,129,111,18,18
29201,79,82,-3,3
29202,92,80,12,12
29203,34,41,-7,7
29204,81,43,38,38
29205,73,58,15,15
29206,171,158,13,13
29207,90,88,2,2
29208,70,73,-3,3
29209,199,187,12,12
29210,68,57,11,11
29211,161,146,15,15
29212,46,40,6,6
29213,61,56,5,5
29214,112,96,16,16
29215,133,111,22,22
29216,91,74,17,17
29217,80,82,-2,2
29218,160,124,36,36
29219,90,79,11,11
29220,103,82,21,21
29221,87,70,17,17
29222,148,127,21,21
29223,183,117,66,66
29224,87,75,12,12
29225,161,138,23,23
29226,80,67,13,13
29227,128,119,9,9
29228,123,109,14,14
29229,159,135,24,24
29230,48,39,9,9
29231,77,72,5,5
29232,87,78,9,9
29233,53,47,6,6
29234,118,103,15,15
29235,89,57,32,32
29236,76,70,6,6
29237,145,122,23,23
29238,125,99,26,26
29239,97,95,2,2
29240,49,49,0,0
29241,62,68,-6,6
29242,81,76,5,5
29243,136,128,8,8
29244,100,93,7,7
29245,187,179,8,8
29246,105,102,3,3
29247,176,156,20,20
29248,113,101,12,12
29249,115,112,3,3
29250,86,81,5,5
29251,120,102,18,18
29252,74,72,2,2
29253,86,89,-3,3
29254,99,101,-2,2
29255,70,60,10,10
29256,109,102,7,7
29257,110,93,17,17
29258,102,92,10,10
29259,156,138,18,18
29260,107,98,9,9
29261,53,47,6,6
29262,121,102,19,19
29263,97,89,8,8
29264,103,103,0,0
29265,66,53,13,13
29266,108,116,-8,8
29267,59,56,3,3
29268,64,62,2,2
29269,70,63,7,7
29270,86,73,13,13
29271,118,101,17,17
29272,61,61,0,0
29273,120,101,19,19
29274,112,94,18,18
29275,176,139,37,37
29276,61,53,8,8
29277,89,92,-3,3
29278,115,92,23,23
29279,112,91,21,21
29280,110,95,15,15
29281,92,79,13,13
29282,124,104,20,20
29283,60,52,8,8
29284,70,58,12,12
29285,98,79,19,19
29286,77,69,8,8
29287,60,49,11,11
29288,149,133,16,16
29289,135,122,13,13
29290,71,64,7,7
29291,47,47,0,0
29292,141,119,22,22
29293,76,78,-2,2
29294,85,72,13,13
29295,66,60,6,6
29296,86,78,8,8
29297,144,127,17,17
29298,74,72,2,2
29299,181,158,23,23
29300,79,72,7,7
29301,106,89,17,17
29302,138,117,21,21
29303,91,68,23,23
29304,76,66,10,10
29305,140,120,20,20
29306,77,70,7,7
29307,54,56,-2,2
29308,71,69,2,2
29309,110,85,25,25
29310,90,75,15,15
29311,116,111,5,5
29312,83,70,13,13
29313,59,58,1,1
29314,92,81,11,11
29315,144,122,22,22
29316,67,52,15,15
29317,105,90,15,15
29318,62,52,10,10
29319,136,120,16,16
29320,111,101,10,10
29321,64,62,2,2
29322,73,52,21,21
29323,86,83,3,3
29324,84,74,10,10
29325,74,69,5,5
29326,135,118,17,17
29327,119,103,16,16
29328,83,79,4,4
29329,102,90,12,12
29330,84,81,3,3
29331,66,107,-41,41
29332,47,39,8,8
29333,97,82,15,15
29334,106,96,10,10
29335,75,68,7,7
29336,108,112,-4,4
29337,154,134,20,20
29338,91,77,14,14
29339,75,72,3,3
29340,155,130,25,25
29341,75,77,-2,2
29342,211,174,37,37
29343,69,57,12,12
29344,52,46,6,6
29345,84,57,27,27
29346,89,78,11,11
29347,79,69,10,10
29348,78,72,6,6
29349,90,76,14,14
29350,305,248,57,57
29351,83,75,8,8
29352,193,174,19,19
29353,124,115,9,9
29354,46,40,6,6
29355,85,73,12,12
29356,84,80,4,4
29357,98,85,13,13
29358,72,65,7,7
29359,60,54,6,6
29360,102,88,14,14
29361,92,78,14,14
29362,102,92,10,10
29363,74,73,1,1
29364,114,95,19,19
29365,86,84,2,2
29366,114,104,10,10
29367,151,147,4,4
29368,91,82,9,9
29369,78,64,14,14
29370,153,134,19,19
29371,80,86,-6,6
29372,108,100,8,8
29373,88,71,17,17
29374,153,129,24,24
29375,71,70,1,1
29376,95,90,5,5
29377,127,106,21,21
29378,139,132,7,7
29379,46,44,2,2
29380,124,112,12,12
29381,93,83,10,10
29382,114,96,18,18
29383,93,80,13,13
29384,67,56,11,11
29385,110,98,12,12
29386,63,55,8,8
29387,70,58,12,12
29388,87,75,12,12
29389,122,110,12,12
29390,107,102,5,5
29391,153,132,21,21
29392,94,84,10,10
29393,101,90,11,11
29394,78,75,3,3
29395,82,83,-1,1
29396,88,75,13,13
29397,94,74,20,20
29398,37,43,-6,6
29399,67,57,10,10
29400,85,73,12,12
29401,105,82,23,23
29402,40,44,-4,4
29403,194,161,33,33
29404,123,114,9,9
29405,87,72,15,15
29406,102,88,14,14
29407,145,124,21,21
29408,68,58,10,10
29409,159,124,35,35
29410,82,72,10,10
29411,83,67,16,16
29412,82,71,11,11
29413,69,57,12,12
29414,103,87,16,16
29415,105,95,10,10
29416,100,105,-5,5
29417,55,46,9,9
29418,80,70,10,10
29419,73,70,3,3
29420,51,2,49,49
29421,124,112,12,12
29422,52,46,6,6
29423,115,118,-3,3
29424,116,100,16,16
29425,101,94,7,7
29426,63,43,20,20
29427,52,52,0,0
29428,84,68,16,16
29429,142,127,15,15
29430,71,67,4,4
29431,82,83,-1,1
29432,85,85,0,0
29433,74,65,9,9
29434,61,50,11,11
29435,107,101,6,6
29436,98,87,11,11
29437,80,72,8,8
29438,69,68,1,1
29439,64,59,5,5
29440,137,121,16,16
29441,77,71,6,6
29442,94,95,-1,1
29443,86,76,10,10
29444,60,57,3,3
29445,54,58,-4,4
29446,62,57,5,5
29447,86,83,3,3
29448,60,53,7,7
29449,64,55,9,9
29450,91,85,6,6
29451,71,57,14,14
29452,78,78,0,0
29453,104,90,14,14
29454,103,96,7,7
29455,167,163,4,4
29456,129,103,26,26
29457,125,130,-5,5
29458,108,104,4,4
29459,77,71,6,6
29460,121,114,7,7
29461,77,66,11,11
29462,61,59,2,2
29463,67,59,8,8
29464,96,84,12,12
29465,113,115,-2,2
29466,70,66,4,4
29467,79,67,12,12
29468,91,85,6,6
29469,86,86,0,0
29470,74,65,9,9
29471,78,75,3,3
29472,117,93,24,24
29473,82,61,21,21
29474,79,72,7,7
29475,138,137,1,1
29476,92,76,16,16
29477,69,59,10,10
29478,81,78,3,3
29479,73,68,5,5
29480,100,92,8,8
29481,51,42,9,9
29482,60,54,6,6
29483,109,92,17,17
29484,131,118,13,13
29485,71,66,5,5
29486,77,78,-1,1
29487,97,95,2,2
29488,69,64,5,5
29489,124,104,20,20
29490,69,62,7,7
29491,131,112,19,19
29492,87,81,6,6
29493,178,163,15,15
29494,111,100,11,11
29495,122,99,23,23
29496,155,133,22,22
29497,136,106,30,30
29498,113,116,-3,3
29499,64,61,3,3
29500,111,99,12,12
29501,94,83,11,11
29502,58,56,2,2
29503,89,74,15,15
29504,82,71,11,11
29505,87,85,2,2
29506,50,51,-1,1
29507,79,66,13,13
29508,140,117,23,23
29509,134,189,-55,55
29510,119,98,21,21
29511,140,130,10,10
29512,119,107,12,12
29513,52,50,2,2
29514,124,125,-1,1
29515,131,97,34,34
29516,45,44,1,1
29517,70,58,12,12
29518,99,90,9,9
29519,82,71,11,11
29520,73,61,12,12
29521,120,119,1,1
29522,107,103,4,4
29523,88,79,9,9
29524,82,73,9,9
29525,59,50,9,9
29526,90,91,-1,1
29527,56,56,0,0
29528,113,101,12,12
29529,78,61,17,17
29530,61,63,-2,2
29531,89,79,10,10
29532,44,43,1,1
29533,62,51,11,11
29534,111,102,9,9
29535,75,68,7,7
29536,74,63,11,11
29537,79,63,16,16
29538,89,80,9,9
29539,94,83,11,11
29540,116,98,18,18
29541,120,103,17,17
29542,180,159,21,21
29543,48,38,10,10
29544,85,76,9,9
29545,112,95,17,17
29546,114,89,25,25
29547,78,70,8,8
29548,111,113,-2,2
29549,71,65,6,6
29550,64,61,3,3
29551,47,39,8,8
29552,85,80,5,5
29553,90,88,2,2
29554,137,113,24,24
29555,138,129,9,9
29556,64,54,10,10
29557,78,68,10,10
29558,42,36,6,6
29559,98,84,14,14
29560,59,45,14,14
29561,76,75,1,1
29562,106,89,17,17
29563,33,29,4,4
29564,121,112,9,9
29565,108,91,17,17
29566,76,69,7,7
29567,64,53,11,11
29568,73,56,17,17
29569,112,100,12,12
29570,105,89,16,16
29571,59,60,-1,1
29572,205,164,41,41
29573,78,77,1,1
29574,79,77,2,2
29575,123,111,12,12
29576,83,78,5,5
29577,115,107,8,8
29578,75,67,8,8
29579,86,80,6,6
29580,111,113,-2,2
29581,82,100,-18,18
29582,157,143,14,14
29583,58,51,7,7
29584,101,87,14,14
29585,99,90,9,9
29586,96,88,8,8
29587,133,127,6,6
29588,93,83,10,10
29589,79,68,11,11
29590,87,65,22,22
29591,101,98,3,3
29592,73,67,6,6
29593,76,68,8,8
29594,110,89,21,21
29595,100,88,12,12
29596,87,80,7,7
29597,126,120,6,6
29598,81,65,16,16
29599,70,74,-4,4
29600,139,126,13,13
29601,74,66,8,8
29602,147,112,35,35
29603,92,77,15,15
29604,133,105,28,28
29605,87,77,10,10
29606,96,90,6,6
29607,70,89,-19,19
29608,75,73,2,2
29609,121,105,16,16
29610,88,78,10,10
29611,96,91,5,5
29612,196,125,71,71
29613,90,85,5,5
29614,110,100,10,10
29615,59,50,9,9
29616,131,117,14,14
29617,56,48,8,8
29618,98,93,5,5
29619,94,81,13,13
29620,73,68,5,5
29621,52,43,9,9
29622,97,80,17,17
29623,119,104,15,15
29624,94,74,20,20
29625,144,131,13,13
29626,128,111,17,17
29627,81,67,14,14
29628,101,85,16,16
29629,138,121,17,17
29630,68,57,11,11
29631,124,96,28,28
29632,61,67,-6,6
29633,118,94,24,24
29634,69,62,7,7
29635,84,78,6,6
29636,175,150,25,25
29637,54,46,8,8
29638,72,74,-2,2
29639,82,64,18,18
29640,102,85,17,17
29641,107,98,9,9
29642,110,98,12,12
29643,128,112,16,16
29644,132,124,8,8
29645,80,67,13,13
29646,60,55,5,5
29647,54,48,6,6
29648,89,83,6,6
29649,90,84,6,6
29650,62,67,-5,5
29651,64,72,-8,8
29652,74,59,15,15
29653,123,187,-64,64
29654,77,66,11,11
29655,79,67,12,12
29656,88,80,8,8
29657,77,73,4,4
29658,96,93,3,3
29659,80,71,9,9
29660,104,92,12,12
29661,46,43,3,3
29662,70,71,-1,1
29663,93,90,3,3
29664,103,89,14,14
29665,117,97,20,20
29666,80,75,5,5
29667,93,83,10,10
29668,88,81,7,7
29669,101,84,17,17
29670,69,64,5,5
29671,97,83,14,14
29672,56,47,9,9
29673,101,88,13,13
29674,122,108,14,14
29675,95,85,10,10
29676,113,98,15,15
29677,150,126,24,24
29678,164,155,9,9
29679,87,79,8,8
29680,128,109,19,19
29681,66,60,6,6
29682,68,54,14,14
29683,120,102,18,18
29684,151,140,11,11
29685,72,57,15,15
29686,89,86,3,3
29687,231,206,25,25
29688,49,55,-6,6
29689,68,58,10,10
29690,81,72,9,9
29691,96,89,7,7
29692,123,102,21,21
29693,88,76,12,12
29694,188,170,18,18
29695,78,62,16,16
29696,78,71,7,7
29697,105,99,6,6
29698,102,89,13,13
29699,74,73,1,1
29700,74,69,5,5
29701,63,56,7,7
29702,106,94,12,12
29703,90,80,10,10
29704,100,87,13,13
29705,106,94,12,12
29706,74,70,4,4
29707,75,72,3,3
29708,119,116,3,3
29709,115,101,14,14
29710,125,102,23,23
29711,106,93,13,13
29712,113,106,7,7
29713,81,69,12,12
29714,84,72,12,12
29715,79,79,0,0
29716,129,113,16,16
29717,55,47,8,8
29718,99,92,7,7
29719,88,87,1,1
29720,129,103,26,26
29721,92,83,9,9
29722,113,105,8,8
29723,67,60,7,7
29724,96,98,-2,2
29725,64,61,3,3
29726,132,129,3,3
29727,172,142,30,30
29728,104,99,5,5
29729,83,67,16,16
29730,70,75,-5,5
29731,104,93,11,11
29732,78,64,14,14
29733,66,74,-8,8
29734,81,73,8,8
29735,63,59,4,4
29736,74,70,4,4
29737,109,85,24,24
29738,70,61,9,9
29739,91,75,16,16
29740,95,84,11,11
29741,76,73,3,3
29742,68,59,9,9
29743,92,81,11,11
29744,65,57,8,8
29745,36,36,0,0
29746,105,94,11,11
29747,110,97,13,13
29748,121,102,19,19
29749,49,39,10,10
29750,98,76,22,22
29751,117,101,16,16
29752,52,89,-37,37
29753,84,77,7,7
29754,148,130,18,18
29755,63,55,8,8
29756,63,63,0,0
29757,92,85,7,7
29758,85,70,15,15
29759,93,83,10,10
29760,88,68,20,20
29761,80,72,8,8
29762,83,74,9,9
29763,61,60,1,1
29764,76,71,5,5
29765,81,81,0,0
29766,75,59,16,16
29767,61,47,14,14
29768,110,98,12,12
29769,91,79,12,12
29770,63,51,12,12
29771,126,120,6,6
29772,102,85,17,17
29773,102,89,13,13
29774,107,92,15,15
29775,49,46,3,3
29776,71,68,3,3
29777,70,80,-10,10
29778,94,87,7,7
29779,201,176,25,25
29780,80,75,5,5
29781,62,54,8,8
29782,97,85,12,12
29783,77,70,7,7
29784,74,78,-4,4
29785,55,52,3,3
29786,88,77,11,11
29787,27,39,-12,12
29788,64,55,9,9
29789,95,96,-1,1
29790,74,70,4,4
29791,99,97,2,2
29792,68,61,7,7
29793,65,62,3,3
29794,97,93,4,4
29795,73,61,12,12
29796,88,81,7,7
29797,121,112,9,9
29798,102,85,17,17
29799,101,96,5,5
29800,78,77,1,1
29801,156,134,22,22
29802,76,74,2,2
29803,66,56,10,10
29804,91,90,1,1
29805,82,67,15,15
29806,150,135,15,15
29807,46,42,4,4
29808,164,153,11,11
29809,134,122,12,12
29810,124,108,16,16
29811,75,67,8,8
29812,64,63,1,1
29813,207,181,26,26
29814,125,118,7,7
29815,143,120,23,23
29816,79,64,15,15
29817,62,58,4,4
29818,149,142,7,7
29819,136,121,15,15
29820,48,44,4,4
29821,117,101,16,16
29822,50,47,3,3
29823,88,76,12,12
29824,62,57,5,5
29825,37,31,6,6
29826,142,115,27,27
29827,59,53,6,6
29828,123,109,14,14
29829,78,68,10,10
29830,117,99,18,18
29831,84,79,5,5
29832,191,166,25,25
29833,176,146,30,30
29834,68,41,27,27
29835,58,50,8,8
29836,74,65,9,9
29837,166,145,21,21
29838,178,154,24,24
29839,102,93,9,9
29840,106,90,16,16
29841,121,113,8,8
29842,157,140,17,17
29843,60,48,12,12
29844,116,101,15,15
29845,133,121,12,12
29846,50,45,5,5
29847,90,83,7,7
29848,138,115,23,23
29849,216,193,23,23
29850,114,102,12,12
29851,107,100,7,7
29852,68,51,17,17
29853,52,51,1,1
29854,139,119,20,20
29855,98,80,18,18
29856,143,122,21,21
29857,97,78,19,19
29858,80,75,5,5
29859,60,48,12,12
29860,104,91,13,13
29861,102,91,11,11
29862,155,139,16,16
29863,157,135,22,22
29864,122,95,27,27
29865,89,78,11,11
29866,68,62,6,6
29867,68,60,8,8
29868,102,97,5,5
29869,107,103,4,4
29870,62,55,7,7
29871,145,135,10,10
29872,92,81,11,11
29873,113,96,17,17
29874,72,57,15,15
29875,67,60,7,7
29876,86,79,7,7
29877,78,70,8,8
29878,94,86,8,8
29879,103,81,22,22
29880,145,139,6,6
29881,74,74,0,0
29882,128,125,3,3
29883,146,108,38,38
29884,54,51,3,3
29885,162,139,23,23
29886,150,137,13,13
29887,57,57,0,0
29888,118,110,8,8
29889,37,35,2,2
29890,121,101,20,20
29891,130,109,21,21
29892,62,58,4,4
29893,66,60,6,6
29894,119,89,30,30
29895,120,100,20,20
29896,100,90,10,10
29897,121,117,4,4
29898,85,82,3,3
29899,99,84,15,15
29900,63,60,3,3
29901,98,81,17,17
29902,62,53,9,9
29903,78,69,9,9
29904,61,54,7,7
29905,110,91,19,19
29906,90,82,8,8
29907,125,90,35,35
29908,59,45,14,14
29909,83,72,11,11
29910,103,102,1,1
29911,66,57,9,9
29912,131,121,10,10
29913,72,69,3,3
29914,56,53,3,3
29915,110,97,13,13
29916,72,69,3,3
29917,120,111,9,9
29918,82,77,5,5
29919,79,76,3,3
29920,169,154,15,15
29921,140,136,4,4
29922,139,121,18,18
29923,53,51,2,2
29924,93,93,0,0
29925,95,78,17,17
29926,91,80,11,11
29927,96,81,15,15
29928,115,102,13,13
29929,80,64,16,16
29930,61,57,4,4
29931,125,122,3,3
29932,79,67,12,12
29933,113,95,18,18
29934,113,110,3,3
29935,79,72,7,7
29936,143,121,22,22
29937,69,76,-7,7
29938,71,88,-17,17
29939,67,60,7,7
29940,53,46,7,7
29941,132,128,4,4
29942,129,110,19,19
29943,85,75,10,10
29944,107,96,11,11
29945,143,130,13,13
29946,57,48,9,9
29947,99,86,13,13
29948,54,52,2,2
29949,102,99,3,3
29950,64,55,9,9
29951,86,89,-3,3
29952,88,79,9,9
29953,170,140,30,30
29954,71,65,6,6
29955,127,117,10,10
29956,61,54,7,7
29957,63,62,1,1
29958,46,44,2,2
29959,78,64,14,14
29960,85,84,1,1
29961,86,66,20,20
29962,91,75,16,16
29963,75,65,10,10
29964,75,69,6,6
29965,73,87,-14,14
29966,74,61,13,13
29967,69,65,4,4
29968,77,66,11,11
29969,119,106,13,13
29970,77,81,-4,4
29971,143,128,15,15
29972,132,125,7,7
29973,89,81,8,8
29974,60,53,7,7
29975,131,125,6,6
29976,83,67,16,16
29977,80,70,10,10
29978,92,77,15,15
29979,187,174,13,13
29980,128,116,12,12
29981,151,133,18,18
29982,44,39,5,5
29983,83,74,9,9
29984,78,66,12,12
29985,81,74,7,7
29986,73,64,9,9
29987,138,126,12,12
29988,45,39,6,6
29989,58,54,4,4
29990,105,95,10,10
29991,103,92,11,11
29992,91,81,10,10
29993,48,45,3,3
29994,74,72,2,2
29995,104,80,24,24
29996,69,63,6,6
29997,62,59,3,3
29998,140,146,-6,6
29999,129,139,-10,10
30000,98,84,14,14
30001,99,85,14,14
30002,71,61,10,10
30003,149,149,0,0
30004,101,93,8,8
30005,114,113,1,1
30006,181,159,22,22
30007,112,105,7,7
30008,112,101,11,11
30009,95,89,6,6
30010,133,118,15,15
30011,168,141,27,27
30012,24,39,-15,15
30013,119,102,17,17
30014,102,89,13,13
30015,84,72,12,12
30016,134,115,19,19
30017,69,55,14,14
30018,66,55,11,11
30019,74,58,16,16
30020,113,97,16,16
30021,64,63,1,1
30022,79,69,10,10
30023,103,79,24,24
30024,107,94,13,13
30025,66,65,1,1
30026,88,79,9,9
30027,158,151,7,7
30028,123,101,22,22
30029,73,70,3,3
30030,105,92,13,13
30031,65,58,7,7
30032,119,113,6,6
30033,68,60,8,8
30034,64,58,6,6
30035,74,65,9,9
30036,23,22,1,1
30037,97,85,12,12
30038,124,107,17,17
30039,72,67,5,5
30040,132,119,13,13
30041,42,46,-4,4
30042,121,102,19,19
30043,89,76,13,13
30044,113,98,15,15
30045,114,98,16,16
30046,57,48,9,9
30047,63,56,7,7
30048,121,108,13,13
30049,144,126,18,18
30050,118,106,12,12
30051,64,55,9,9
30052,121,104,17,17
30053,135,117,18,18
30054,80,75,5,5
30055,110,94,16,16
30056,100,89,11,11
30057,94,89,5,5
30058,83,73,10,10
30059,87,85,2,2
30060,67,59,8,8
30061,95,93,2,2
30062,88,73,15,15
30063,93,83,10,10
30064,91,67,24,24
30065,133,118,15,15
30066,77,88,-11,11
30067,106,101,5,5
30068,53,50,3,3
30069,89,87,2,2
30070,154,115,39,39
30071,98,94,4,4
30072,54,51,3,3
30073,79,74,5,5
30074,115,101,14,14
30075,135,123,12,12
30076,81,72,9,9
30077,56,51,5,5
30078,54,58,-4,4
30079,73,57,16,16
30080,80,76,4,4
30081,114,97,17,17
30082,170,161,9,9
30083,124,108,16,16
30084,63,53,10,10
30085,93,98,-5,5
30086,77,65,12,12
30087,178,159,19,19
30088,67,60,7,7
30089,72,53,19,19
30090,60,56,4,4
30091,64,56,8,8
30092,85,75,10,10
30093,158,136,22,22
30094,124,102,22,22
30095,70,103,-33,33
30096,61,58,3,3
30097,110,109,1,1
30098,94,92,2,2
30099,161,131,30,30
30100,98,91,7,7
30101,165,142,23,23
30102,82,78,4,4
30103,102,94,8,8
30104,105,91,14,14
30105,85,88,-3,3
30106,106,99,7,7
30107,91,74,17,17
30108,86,80,6,6
30109,44,40,4,4
30110,96,91,5,5
30111,114,96,18,18
30112,83,74,9,9
30113,24,17,7,7
30114,75,75,0,0
30115,140,131,9,9
30116,46,40,6,6
30117,80,68,12,12
30118,82,91,-9,9
30119,125,112,13,13
30120,56,49,7,7
30121,76,66,10,10
30122,44,38,6,6
30123,102,81,21,21
30124,146,129,17,17
30125,46,42,4,4
30126,80,75,5,5
30127,117,115,2,2
30128,85,66,19,19
30129,60,49,11,11
30130,81,81,0,0
30131,42,31,11,11
30132,79,80,-1,1
30133,98,85,13,13
30134,110,95,15,15
30135,74,62,12,12
30136,54,45,9,9
30137,113,108,5,5
30138,78,80,-2,2
30139,52,44,8,8
30140,449,435,14,14
30141,121,109,12,12
30142,68,55,13,13
30143,35,34,1,1
30144,36,31,5,5
30145,81,77,4,4
30146,155,135,20,20
30147,207,168,39,39
30148,105,99,6,6
30149,66,64,2,2
30150,105,83,22,22
30151,63,50,13,13
30152,97,83,14,14
30153,114,93,21,21
30154,69,61,8,8
30155,181,166,15,15
30156,58,55,3,3
30157,56,52,4,4
30158,41,38,3,3
30159,61,59,2,2
30160,108,107,1,1
30161,113,94,19,19
30162,46,36,10,10
30163,85,71,14,14
30164,109,100,9,9
30165,144,132,12,12
30166,45,68,-23,23
30167,56,48,8,8
30168,71,56,15,15
30169,83,68,15,15
30170,72,67,5,5
30171,92,76,16,16
30172,97,105,-8,8
30173,52,51,1,1
30174,135,127,8,8
30175,69,64,5,5
30176,88,83,5,5
30177,79,67,12,12
30178,74,64,10,10
30179,74,66,8,8
30180,102,95,7,7
30181,154,128,26,26
30182,225,198,27,27
30183,98,93,5,5
30184,77,71,6,6
30185,164,134,30,30
30186,144,102,42,42
30187,75,62,13,13
30188,142,142,0,0
30189,115,106,9,9
30190,81,71,10,10
30191,103,98,5,5
30192,94,93,1,1
30193,76,77,-1,1
30194,50,46,4,4
30195,108,108,0,0
30196,146,125,21,21
30197,90,80,10,10
30198,129,116,13,13
30199,74,80,-6,6
30200,105,90,15,15
30201,91,80,11,11
30202,121,117,4,4
30203,109,86,23,23
30204,85,90,-5,5
30205,111,107,4,4
30206,136,122,14,14
30207,74,66,8,8
30208,89,87,2,2
30209,102,88,14,14
30210,63,48,15,15
30211,113,102,11,11
30212,92,71,21,21
30213,87,81,6,6
30214,98,85,13,13
30215,111,99,12,12
30216,116,94,22,22
30217,133,122,11,11
30218,160,134,26,26
30219,86,74,12,12
30220,132,117,15,15
30221,110,98,12,12
30222,53,48,5,5
30223,95,85,10,10
30224,88,77,11,11
30225,56,49,7,7
30226,75,70,5,5
30227,76,68,8,8
30228,47,40,7,7
30229,96,79,17,17
30230,39,55,-16,16
30231,159,135,24,24
30232,61,56,5,5
30233,53,44,9,9
30234,84,78,6,6
30235,85,72,13,13
30236,82,78,4,4
30237,88,82,6,6
30238,87,74,13,13
30239,111,100,11,11
30240,161,138,23,23
30241,131,119,12,12
30242,89,70,19,19
30243,156,138,18,18
30244,61,52,9,9
30245,94,90,4,4
30246,102,78,24,24
30247,167,158,9,9
30248,182,156,26,26
30249,59,46,13,13
30250,162,137,25,25
30251,132,117,15,15
30252,66,54,12,12
30253,88,78,10,10
30254,106,80,26,26
30255,59,55,4,4
30256,86,81,5,5
30257,45,46,-1,1
30258,42,43,-1,1
30259,54,46,8,8
30260,79,73,6,6
30261,139,128,11,11
30262,98,93,5,5
30263,113,105,8,8
30264,87,74,13,13
30265,55,52,3,3
30266,47,44,3,3
30267,93,90,3,3
30268,55,51,4,4
30269,113,129,-16,16
30270,87,73,14,14
30271,138,127,11,11
30272,106,87,19,19
30273,76,71,5,5
30274,89,78,11,11
30275,90,77,13,13
30276,119,105,14,14
30277,106,94,12,12
30278,89,80,9,9
30279,80,74,6,6
30280,77,71,6,6
30281,138,115,23,23
30282,99,86,13,13
30283,70,68,2,2
30284,107,95,12,12
30285,64,58,6,6
30286,123,110,13,13
30287,75,73,2,2
30288,46,47,-1,1
30289,94,84,10,10
30290,68,59,9,9
30291,116,115,1,1
30292,68,70,-2,2
30293,42,32,10,10
30294,74,57,17,17
30295,102,95,7,7
30296,111,94,17,17
30297,102,99,3,3
30298,155,159,-4,4
30299,97,92,5,5
30300,75,67,8,8
30301,158,156,2,2
30302,66,49,17,17
30303,72,62,10,10
30304,197,152,45,45
30305,133,105,28,28
30306,103,99,4,4
30307,119,104,15,15
30308,88,82,6,6
30309,56,57,-1,1
30310,59,60,-1,1
30311,73,77,-4,4
30312,100,86,14,14
30313,83,68,15,15
30314,104,93,11,11
30315,91,85,6,6
30316,86,78,8,8
30317,62,52,10,10
30318,90,89,1,1
30319,79,67,12,12
30320,127,115,12,12
30321,108,108,0,0
30322,38,52,-14,14
30323,63,64,-1,1
30324,55,50,5,5
30325,111,84,27,27
30326,53,53,0,0
30327,77,68,9,9
30328,143,136,7,7
30329,136,118,18,18
30330,47,47,0,0
30331,85,70,15,15
30332,96,85,11,11
30333,87,74,13,13
30334,87,74,13,13
30335,144,121,23,23
30336,105,87,18,18
30337,96,94,2,2
30338,78,70,8,8
30339,140,144,-4,4
30340,69,60,9,9
30341,41,43,-2,2
30342,73,72,1,1
30343,75,68,7,7
30344,54,54,0,0
30345,71,70,1,1
30346,92,87,5,5
30347,78,68,10,10
30348,106,93,13,13
30349,77,68,9,9
30350,74,66,8,8
30351,59,51,8,8
30352,94,97,-3,3
30353,86,74,12,12
30354,102,103,-1,1
30355,87,81,6,6
30356,121,112,9,9
30357,75,62,13,13
30358,108,97,11,11
30359,174,145,29,29
30360,119,102,17,17
30361,84,83,1,1
30362,98,89,9,9
30363,84,81,3,3
30364,89,72,17,17
30365,87,70,17,17
30366,43,45,-2,2
30367,95,92,3,3
30368,62,57,5,5
30369,97,94,3,3
30370,110,99,11,11
30371,102,98,4,4
30372,95,88,7,7
30373,84,79,5,5
30374,88,81,7,7
30375,101,90,11,11
30376,154,143,11,11
30377,159,138,21,21
30378,103,90,13,13
30379,75,67,8,8
30380,119,97,22,22
30381,27,28,-1,1
30382,77,74,3,3
30383,169,137,32,32
30384,151,143,8,8
30385,72,56,16,16
30386,145,111,34,34
30387,62,60,2,2
30388,52,60,-8,8
30389,69,69,0,0
30390,74,68,6,6
30391,102,65,37,37
30392,91,85,6,6
30393,93,82,11,11
30394,81,72,9,9
30395,137,120,17,17
30396,157,143,14,14
30397,48,44,4,4
30398,122,111,11,11
30399,64,56,8,8
30400,175,157,18,18
30401,74,58,16,16
30402,47,45,2,2
30403,103,89,14,14
30404,88,82,6,6
30405,64,63,1,1
30406,94,83,11,11
30407,111,98,13,13
30408,209,169,40,40
30409,80,72,8,8
30410,108,99,9,9
30411,103,91,12,12
30412,93,107,-14,14
30413,86,78,8,8
30414,105,92,13,13
30415,110,94,16,16
30416,82,77,5,5
30417,69,53,16,16
30418,43,35,8,8
30419,74,70,4,4
30420,131,104,27,27
30421,137,130,7,7
30422,110,110,0,0
30423,61,58,3,3
30424,90,81,9,9
30425,78,68,10,10
30426,82,78,4,4
30427,82,76,6,6
30428,66,57,9,9
30429,136,130,6,6
30430,112,92,20,20
30431,71,64,7,7
30432,114,104,10,10
30433,105,142,-37,37
30434,93,73,20,20
30435,122,114,8,8
30436,167,158,9,9
30437,67,55,12,12
30438,62,66,-4,4
30439,116,101,15,15
30440,120,98,22,22
30441,126,113,13,13
30442,110,95,15,15
30443,85,79,6,6
30444,124,107,17,17
30445,129,123,6,6
30446,99,107,-8,8
30447,172,148,24,24
30448,76,71,5,5
30449,64,53,11,11
30450,138,113,25,25
30451,59,52,7,7
30452,123,105,18,18
30453,140,94,46,46
30454,67,61,6,6
30455,211,181,30,30
30456,155,132,23,23
30457,84,88,-4,4
30458,125,113,12,12
30459,72,65,7,7
30460,121,116,5,5
30461,121,118,3,3
30462,141,138,3,3
30463,67,58,9,9
30464,73,87,-14,14
30465,107,97,10,10
30466,72,56,16,16
30467,65,61,4,4
30468,82,71,11,11
30469,87,70,17,17
30470,87,77,10,10
30471,52,51,1,1
30472,84,70,14,14
30473,81,68,13,13
30474,75,74,1,1
30475,126,115,11,11
30476,45,41,4,4
30477,48,46,2,2
30478,77,73,4,4
30479,150,119,31,31
30480,100,91,9,9
30481,128,123,5,5
30482,86,76,10,10
30483,72,57,15,15
30484,108,94,14,14
30485,61,38,23,23
30486,121,113,8,8
30487,132,117,15,15
30488,112,104,8,8
30489,148,134,14,14
30490,89,92,-3,3
30491,47,48,-1,1
30492,75,68,7,7
30493,113,115,-2,2
30494,82,78,4,4
30495,82,74,8,8
30496,155,127,28,28
30497,114,95,19,19
30498,85,83,2,2
30499,97,90,7,7
30500,117,97,20,20
30501,57,49,8,8
30502,121,109,12,12
30503,50,44,6,6
30504,32,33,-1,1
30505,126,113,13,13
30506,85,82,3,3
30507,45,48,-3,3
30508,105,89,16,16
30509,84,78,6,6
30510,99,85,14,14
30511,129,88,41,41
30512,115,103,12,12
30513,127,116,11,11
30514,42,58,-16,16
30515,86,84,2,2
30516,106,94,12,12
30517,108,97,11,11
30518,143,132,11,11
30519,98,97,1,1
30520,131,95,36,36
30521,117,107,10,10
30522,82,62,20,20
30523,79,71,8,8
30524,58,52,6,6
30525,96,81,15,15
30526,105,83,22,22
30527,103,93,10,10
30528,72,79,-7,7
30529,108,105,3,3
30530,155,135,20,20
30531,164,140,24,24
30532,60,51,9,9
30533,130,113,17,17
30534,123,106,17,17
30535,104,99,5,5
30536,79,68,11,11
30537,136,123,13,13
30538,130,118,12,12
30539,135,111,24,24
30540,77,66,11,11
30541,136,117,19,19
30542,107,77,30,30
30543,127,107,20,20
30544,116,108,8,8
30545,132,117,15,15
30546,88,73,15,15
30547,74,64,10,10
30548,71,70,1,1
30549,53,47,6,6
30550,57,48,9,9
30551,189,168,21,21
30552,49,40,9,9
30553,124,118,6,6
30554,127,110,17,17
30555,45,56,-11,11
30556,110,107,3,3
30557,104,98,6,6
30558,82,72,10,10
30559,133,119,14,14
30560,229,191,38,38
30561,64,60,4,4
30562,107,85,22,22
30563,109,99,10,10
30564,174,149,25,25
30565,176,156,20,20
30566,101,82,19,19
30567,113,96,17,17
30568,139,119,20,20
30569,56,50,6,6
30570,75,64,11,11
30571,89,78,11,11
30572,34,34,0,0
30573,130,117,13,13
30574,81,68,13,13
30575,103,103,0,0
30576,99,93,6,6
30577,136,129,7,7
30578,37,36,1,1
30579,82,72,10,10
30580,125,114,11,11
30581,121,107,14,14
30582,94,80,14,14
30583,67,59,8,8
30584,110,108,2,2
30585,82,73,9,9
30586,106,105,1,1
30587,154,129,25,25
30588,97,88,9,9
30589,65,58,7,7
30590,81,78,3,3
30591,53,46,7,7
30592,123,105,18,18
30593,123,104,19,19
30594,60,45,15,15
30595,59,58,1,1
30596,71,88,-17,17
30597,154,136,18,18
30598,89,76,13,13
30599,89,74,15,15
30600,95,79,16,16
30601,78,72,6,6
30602,79,72,7,7
30603,132,122,10,10
30604,124,115,9,9
30605,125,110,15,15
30606,73,68,5,5
30607,109,101,8,8
30608,84,77,7,7
30609,114,106,8,8
30610,98,89,9,9
30611,229,198,31,31
30612,118,109,9,9
30613,105,95,10,10
30614,56,52,4,4
30615,86,75,11,11
30616,72,66,6,6
30617,144,154,-10,10
30618,151,130,21,21
30619,91,79,12,12
30620,134,124,10,10
30621,142,126,16,16
30622,119,110,9,9
30623,115,100,15,15
30624,122,115,7,7
30625,121,101,20,20
30626,145,146,-1,1
30627,151,131,20,20
30628,99,69,30,30
30629,90,81,9,9
30630,115,128,-13,13
30631,65,70,-5,5
30632,90,80,10,10
30633,78,70,8,8
30634,65,62,3,3
30635,77,70,7,7
30636,64,56,8,8
30637,204,175,29,29
30638,134,127,7,7
30639,144,125,19,19
30640,127,120,7,7
30641,88,74,14,14
30642,61,57,4,4
30643,118,109,9,9
30644,91,82,9,9
30645,143,111,32,32
30646,166,137,29,29
30647,77,68,9,9
30648,97,83,14,14
30649,97,91,6,6
30650,98,78,20,20
30651,71,61,10,10
30652,77,65,12,12
30653,145,128,17,17
30654,127,114,13,13
30655,144,129,15,15
30656,128,109,19,19
30657,148,131,17,17
30658,67,59,8,8
30659,147,140,7,7
30660,85,86,-1,1
30661,98,89,9,9
30662,72,65,7,7
30663,74,71,3,3
30664,111,104,7,7
30665,80,68,12,12
30666,73,62,11,11
30667,79,75,4,4
30668,90,69,21,21
30669,104,86,18,18
30670,70,62,8,8
30671,99,93,6,6
30672,64,58,6,6
30673,68,63,5,5
30674,96,83,13,13
30675,44,43,1,1
30676,84,74,10,10
30677,81,68,13,13
30678,152,131,21,21
30679,69,64,5,5
30680,86,89,-3,3
30681,89,83,6,6
30682,151,133,18,18
30683,80,79,1,1
30684,97,91,6,6
30685,55,46,9,9
30686,126,107,19,19
30687,110,109,1,1
30688,112,114,-2,2
30689,156,128,28,28
30690,52,48,4,4
30691,88,82,6,6
30692,98,92,6,6
30693,131,112,19,19
30694,114,98,16,16
30695,154,145,9,9
30696,52,46,6,6
30697,134,124,10,10
30698,60,50,10,10
30699,68,61,7,7
30700,119,108,11,11
30701,61,54,7,7
30702,94,94,0,0
30703,98,94,4,4
30704,103,98,5,5
30705,120,114,6,6
30706,97,86,11,11
30707,126,103,23,23
30708,103,91,12,12
30709,97,88,9,9
30710,89,77,12,12
30711,69,59,10,10
30712,58,51,7,7
30713,109,92,17,17
30714,91,73,18,18
30715,76,67,9,9
30716,206,179,27,27
30717,109,90,19,19
30718,167,152,15,15
30719,124,107,17,17
30720,68,57,11,11
30721,162,127,35,35
30722,92,80,12,12
30723,160,152,8,8
30724,107,94,13,13
30725,104,82,22,22
30726,72,60,12,12
30727,59,56,3,3
30728,102,87,15,15
30729,110,109,1,1
30730,71,64,7,7
30731,96,80,16,16
30732,117,101,16,16
30733,67,62,5,5
30734,64,63,1,1
30735,111,97,14,14
30736,54,42,12,12
30737,70,64,6,6
30738,89,76,13,13
30739,125,121,4,4
30740,81,80,1,1
30741,132,110,22,22
30742,122,113,9,9
30743,83,78,5,5
30744,49,54,-5,5
30745,134,108,26,26
30746,86,77,9,9
30747,87,74,13,13
30748,113,101,12,12
30749,147,137,10,10
30750,57,56,1,1
30751,81,71,10,10
30752,84,84,0,0
30753,130,113,17,17
30754,103,89,14,14
30755,57,52,5,5
30756,58,52,6,6
30757,147,116,31,31
30758,136,124,12,12
30759,78,74,4,4
30760,92,81,11,11
30761,69,66,3,3
30762,151,125,26,26
30763,155,146,9,9
30764,80,75,5,5
30765,71,63,8,8
30766,113,154,-41,41
30767,129,99,30,30
30768,113,105,8,8
30769,82,78,4,4
30770,69,51,18,18
30771,95,86,9,9
30772,86,77,9,9
30773,86,73,13,13
30774,73,62,11,11
30775,84,78,6,6
30776,99,88,11,11
30777,159,132,27,27
30778,94,86,8,8
30779,93,86,7,7
30780,52,47,5,5
30781,92,84,8,8
30782,77,78,-1,1
30783,83,77,6,6
30784,145,133,12,12
30785,89,76,13,13
30786,98,83,15,15
30787,128,125,3,3
30788,70,73,-3,3
30789,85,74,11,11
30790,94,84,10,10
30791,63,61,2,2
30792,120,97,23,23
30793,93,92,1,1
30794,113,97,16,16
30795,164,152,12,12
30796,121,106,15,15
30797,61,49,12,12
30798,100,76,24,24
30799,67,51,16,16
30800,107,99,8,8
30801,56,46,10,10
30802,79,73,6,6
30803,116,133,-17,17
30804,139,121,18,18
30805,112,113,-1,1
30806,92,82,10,10
30807,108,94,14,14
30808,124,118,6,6
30809,158,150,8,8
30810,106,92,14,14
30811,132,117,15,15
30812,100,85,15,15
30813,64,88,-24,24
30814,128,112,16,16
30815,53,46,7,7
30816,54,44,10,10
30817,81,72,9,9
30818,67,58,9,9
30819,97,102,-5,5
30820,129,109,20,20
30821,122,97,25,25
30822,139,125,14,14
30823,44,37,7,7
30824,131,115,16,16
30825,67,63,4,4
30826,115,104,11,11
30827,53,46,7,7
30828,84,73,11,11
30829,124,112,12,12
30830,74,58,16,16
30831,104,99,5,5
30832,70,68,2,2
30833,112,101,11,11
30834,90,70,20,20
30835,83,92,-9,9
30836,71,64,7,7
30837,81,69,12,12
30838,124,131,-7,7
30839,161,151,10,10
30840,52,46,6,6
30841,78,77,1,1
30842,57,44,13,13
30843,113,99,14,14
30844,105,86,19,19
30845,119,101,18,18
30846,48,49,-1,1
30847,123,114,9,9
30848,96,85,11,11
30849,124,101,23,23
30850,129,114,15,15
30851,125,116,9,9
30852,104,98,6,6
30853,117,107,10,10
30854,151,136,15,15
30855,125,114,11,11
30856,87,86,1,1
30857,71,64,7,7
30858,58,49,9,9
30859,127,117,10,10
30860,143,117,26,26
30861,78,69,9,9
30862,114,117,-3,3
30863,49,43,6,6
30864,86,77,9,9
30865,81,83,-2,2
30866,85,76,9,9
30867,158,126,32,32
30868,57,45,12,12
30869,109,99,10,10
30870,95,82,13,13
30871,45,41,4,4
30872,76,80,-4,4
30873,83,71,12,12
30874,100,103,-3,3
30875,65,70,-5,5
30876,76,71,5,5
30877,47,47,0,0
30878,70,63,7,7
30879,157,146,11,11
30880,204,164,40,40
30881,88,76,12,12
30882,93,78,15,15
30883,53,54,-1,1
30884,97,90,7,7
30885,84,75,9,9
30886,66,65,1,1
30887,73,68,5,5
30888,64,62,2,2
30889,102,86,16,16
30890,56,47,9,9
30891,73,66,7,7
30892,78,74,4,4
30893,64,68,-4,4
30894,89,83,6,6
30895,108,98,10,10
30896,79,67,12,12
30897,99,90,9,9
30898,104,94,10,10
30899,174,147,27,27
30900,76,72,4,4
30901,67,65,2,2
30902,103,89,14,14
30903,72,61,11,11
30904,65,69,-4,4
30905,79,74,5,5
30906,39,62,-23,23
30907,42,37,5,5
30908,43,44,-1,1
30909,130,116,14,14
30910,56,47,9,9
30911,67,64,3,3
30912,61,56,5,5
30913,79,58,21,21
30914,122,93,29,29
30915,121,107,14,14
30916,87,69,18,18
30917,95,90,5,5
30918,76,66,10,10
30919,98,78,20,20
30920,149,136,13,13
30921,37,35,2,2
30922,91,73,18,18
30923,99,84,15,15
30924,64,64,0,0
30925,113,101,12,12
30926,82,75,7,7
30927,71,66,5,5
30928,103,98,5,5
30929,58,52,6,6
30930,112,97,15,15
30931,61,58,3,3
30932,60,58,2,2
30933,118,111,7,7
30934,48,47,1,1
30935,86,66,20,20
30936,61,62,-1,1
30937,123,102,21,21
30938,151,132,19,19
30939,50,44,6,6
30940,123,120,3,3
30941,186,162,24,24
30942,59,57,2,2
30943,141,127,14,14
30944,130,137,-7,7
30945,83,67,16,16
30946,63,57,6,6
30947,168,138,30,30
30948,88,78,10,10
30949,49,51,-2,2
30950,47,44,3,3
30951,81,76,5,5
30952,176,140,36,36
30953,58,52,6,6
30954,48,35,13,13
30955,117,107,10,10
30956,115,93,22,22
30957,120,101,19,19
30958,90,78,12,12
30959,46,47,-1,1
30960,113,112,1,1
30961,64,62,2,2
30962,126,105,21,21
30963,153,127,26,26
30964,114,97,17,17
30965,182,168,14,14
30966,114,106,8,8
30967,91,82,9,9
30968,116,96,20,20
30969,135,115,20,20
30970,70,64,6,6
30971,80,66,14,14
30972,50,55,-5,5
30973,90,80,10,10
30974,50,49,1,1
30975,144,115,29,29
30976,77,65,12,12
30977,81,66,15,15
30978,41,36,5,5
30979,80,75,5,5
30980,97,85,12,12
30981,65,59,6,6
30982,70,63,7,7
30983,176,168,8,8
30984,143,131,12,12
30985,79,72,7,7
30986,122,106,16,16
30987,135,120,15,15
30988,85,80,5,5
30989,50,51,-1,1
30990,88,76,12,12
30991,120,99,21,21
30992,134,122,12,12
30993,74,64,10,10
30994,86,81,5,5
30995,95,82,13,13
30996,56,53,3,3
30997,92,81,11,11
30998,86,78,8,8
30999,70,79,-9,9
31000,81,69,12,12
31001,113,105,8,8
31002,99,86,13,13
31003,77,73,4,4
31004,31,22,9,9
31005,99,87,12,12
31006,85,75,10,10
31007,80,76,4,4
31008,92,81,11,11
31009,56,51,5,5
31010,139,135,4,4
31011,51,40,11,11
31012,36,28,8,8
31013,126,107,19,19
31014,76,69,7,7
31015,96,100,-4,4
31016,87,81,6,6
31017,117,104,13,13
31018,102,95,7,7
31019,89,82,7,7
31020,107,80,27,27
31021,79,72,7,7
31022,89,81,8,8
31023,67,54,13,13
31024,114,100,14,14
31025,69,66,3,3
31026,115,89,26,26
31027,168,155,13,13
31028,84,76,8,8
31029,79,43,36,36
31030,133,123,10,10
31031,123,98,25,25
31032,102,101,1,1
31033,123,103,20,20
31034,97,80,17,17
31035,89,81,8,8
31036,92,88,4,4
31037,171,139,32,32
31038,72,60,12,12
31039,92,89,3,3
31040,54,53,1,1
31041,113,104,9,9
31042,110,87,23,23
31043,64,57,7,7
31044,64,55,9,9
31045,69,56,13,13
31046,81,70,11,11
31047,101,92,9,9
31048,92,83,9,9
31049,85,84,1,1
31050,58,53,5,5
31051,124,107,17,17
31052,81,70,11,11
31053,108,89,19,19
31054,93,77,16,16
31055,70,54,16,16
31056,119,87,32,32
31057,65,55,10,10
31058,90,72,18,18
31059,53,44,9,9
31060,73,71,2,2
31061,52,52,0,0
31062,97,90,7,7
31063,118,89,29,29
31064,95,85,10,10
31065,89,79,10,10
31066,66,55,11,11
31067,75,72,3,3
31068,107,90,17,17
31069,63,53,10,10
31070,148,121,27,27
31071,110,100,10,10
31072,96,96,0,0
31073,123,108,15,15
31074,123,102,21,21
31075,106,81,25,25
31076,101,86,15,15
31077,105,94,11,11
31078,94,92,2,2
31079,53,62,-9,9
31080,53,57,-4,4
31081,116,105,11,11
31082,122,113,9,9
31083,96,90,6,6
31084,117,100,17,17
31085,105,89,16,16
31086,74,69,5,5
31087,43,45,-2,2
31088,110,99,11,11
31089,71,65,6,6
31090,72,60,12,12
31091,109,96,13,13
31092,142,129,13,13
31093,69,57,12,12
31094,127,122,5,5
31095,113,110,3,3
31096,61,55,6,6
31097,108,96,12,12
31098,83,71,12,12
31099,58,56,2,2
31100,107,93,14,14
31101,108,114,-6,6
31102,97,83,14,14
31103,101,84,17,17
31104,101,97,4,4
31105,123,103,20,20
31106,68,64,4,4
31107,89,77,12,12
31108,47,42,5,5
31109,128,103,25,25
31110,117,103,14,14
31111,94,78,16,16
31112,111,94,17,17
31113,51,44,7,7
31114,65,66,-1,1
31115,79,86,-7,7
31116,140,129,11,11
31117,152,124,28,28
31118,108,99,9,9
31119,115,95,20,20
31120,78,82,-4,4
31121,100,90,10,10
31122,69,64,5,5
31123,127,113,14,14
31124,64,51,13,13
31125,148,135,13,13
31126,105,90,15,15
31127,123,107,16,16
31128,56,50,6,6
31129,60,63,-3,3
31130,100,83,17,17
31131,77,87,-10,10
31132,89,100,-11,11
31133,63,62,1,1
31134,70,63,7,7
31135,74,63,11,11
31136,74,77,-3,3
31137,149,119,30,30
31138,60,56,4,4
31139,115,150,-35,35
31140,65,62,3,3
31141,95,81,14,14
31142,126,128,-2,2
31143,84,82,2,2
31144,114,92,22,22
31145,130,113,17,17
31146,117,99,18,18
31147,135,127,8,8
31148,110,102,8,8
31149,74,61,13,13
31150,91,73,18,18
31151,102,86,16,16
31152,76,73,3,3
31153,81,83,-2,2
31154,117,101,16,16
31155,58,54,4,4
31156,52,62,-10,10
31157,44,55,-11,11
31158,126,121,5,5
31159,102,91,11,11
31160,68,56,12,12
31161,96,100,-4,4
31162,116,93,23,23
31163,96,81,15,15
31164,44,46,-2,2
31165,49,39,10,10
31166,109,98,11,11
31167,40,42,-2,2
31168,84,103,-19,19
31169,57,51,6,6
31170,85,84,1,1
31171,44,40,4,4
31172,77,67,10,10
31173,70,73,-3,3
31174,63,61,2,2
31175,75,64,11,11
31176,88,79,9,9
31177,98,85,13,13
31178,66,76,-10,10
31179,78,64,14,14
31180,95,93,2,2
31181,99,115,-16,16
31182,20,83,-63,63
31183,88,83,5,5
31184,165,144,21,21
31185,127,111,16,16
31186,55,51,4,4
31187,145,130,15,15
31188,72,64,8,8
31189,84,68,16,16
31190,62,57,5,5
31191,107,86,21,21
31192,113,85,28,28
31193,64,60,4,4
31194,132,103,29,29
31195,80,70,10,10
31196,64,61,3,3
31197,58,60,-2,2
31198,53,56,-3,3
31199,101,87,14,14
31200,97,80,17,17
31201,93,85,8,8
31202,87,69,18,18
31203,78,67,11,11
31204,70,56,14,14
31205,119,74,45,45
31206,66,59,7,7
31207,82,85,-3,3
31208,117,93,24,24
31209,106,92,14,14
31210,79,68,11,11
31211,129,147,-18,18
31212,95,77,18,18
31213,66,68,-2,2
31214,63,53,10,10
31215,128,110,18,18
31216,86,68,18,18
31217,87,81,6,6
31218,115,101,14,14
31219,126,114,12,12
31220,66,94,-28,28
31221,138,128,10,10
31222,118,93,25,25
31223,105,95,10,10
31224,59,58,1,1
31225,51,52,-1,1
31226,45,53,-8,8
31227,79,72,7,7
31228,103,82,21,21
31229,86,96,-10,10
31230,63,52,11,11
31231,104,91,13,13
31232,144,128,16,16
31233,160,133,27,27
31234,55,51,4,4
31235,83,75,8,8
31236,104,94,10,10
31237,61,59,2,2
31238,92,86,6,6
31239,72,68,4,4
31240,103,86,17,17
31241,192,155,37,37
31242,89,76,13,13
31243,76,67,9,9
31244,70,70,0,0
31245,81,66,15,15
31246,96,84,12,12
31247,120,104,16,16
31248,88,82,6,6
31249,81,65,16,16
31250,91,83,8,8
31251,104,86,18,18
31252,71,65,6,6
31253,51,42,9,9
31254,138,116,22,22
31255,88,62,26,26
31256,64,68,-4,4
31257,108,101,7,7
31258,120,104,16,16
31259,78,89,-11,11
31260,158,128,30,30
31261,185,154,31,31
31262,168,161,7,7
31263,96,90,6,6
31264,100,72,28,28
31265,48,96,-48,48
31266,80,73,7,7
31267,49,45,4,4
31268,108,97,11,11
31269,71,67,4,4
31270,111,98,13,13
31271,75,64,11,11
31272,117,103,14,14
31273,156,127,29,29
31274,111,93,18,18
31275,108,102,6,6
31276,54,52,2,2
31277,83,79,4,4
31278,91,76,15,15
31279,53,52,1,1
31280,46,40,6,6
31281,39,41,-2,2
31282,97,94,3,3
31283,97,99,-2,2
31284,93,76,17,17
31285,173,149,24,24
31286,76,66,10,10
31287,146,126,20,20
31288,128,124,4,4
31289,81,67,14,14
31290,90,82,8,8
31291,109,101,8,8
31292,123,98,25,25
31293,100,89,11,11
31294,77,73,4,4
31295,77,71,6,6
31296,109,109,0,0
31297,85,73,12,12
31298,94,82,12,12
31299,57,48,9,9
31300,51,45,6,6
31301,50,51,-1,1
31302,80,70,10,10
31303,73,60,13,13
31304,68,67,1,1
31305,153,128,25,25
31306,120,116,4,4
31307,99,90,9,9
31308,97,84,13,13
31309,82,71,11,11
31310,85,81,4,4
31311,84,76,8,8
31312,93,94,-1,1
31313,55,50,5,5
31314,53,48,5,5
31315,148,127,21,21
31316,115,109,6,6
31317,116,104,12,12
31318,109,89,20,20
31319,72,67,5,5
31320,85,79,6,6
31321,78,59,19,19
31322,133,117,16,16
31323,89,77,12,12
31324,53,57,-4,4
31325,145,144,1,1
31326,75,61,14,14
31327,60,55,5,5
31328,71,64,7,7
31329,62,56,6,6
31330,165,142,23,23
31331,51,46,5,5
31332,146,141,5,5
31333,64,58,6,6
31334,75,74,1,1
31335,79,66,13,13
31336,85,78,7,7
31337,100,90,10,10
31338,119,100,19,19
31339,106,105,1,1
31340,79,69,10,10
31341,163,141,22,22
31342,121,115,6,6
31343,66,61,5,5
31344,114,104,10,10
31345,77,73,4,4
31346,57,53,4,4
31347,87,83,4,4
31348,86,73,13,13
31349,71,70,1,1
31350,124,110,14,14
31351,65,53,12,12
31352,111,96,15,15
31353,62,64,-2,2
31354,94,76,18,18
31355,76,70,6,6
31356,122,125,-3,3
31357,136,138,-2,2
31358,76,63,13,13
31359,82,90,-8,8
31360,62,51,11,11
31361,65,54,11,11
31362,63,62,1,1
31363,50,43,7,7
31364,56,65,-9,9
31365,80,78,2,2
31366,95,80,15,15
31367,94,89,5,5
31368,90,71,19,19
31369,116,91,25,25
31370,113,94,19,19
31371,70,61,9,9
31372,31,29,2,2
31373,70,66,4,4
31374,72,59,13,13
31375,92,74,18,18
31376,82,69,13,13
31377,58,58,0,0
31378,104,102,2,2
31379,75,68,7,7
31380,90,83,7,7
31381,130,116,14,14
31382,126,116,10,10
31383,89,77,12,12
31384,108,97,11,11
31385,51,49,2,2
31386,132,120,12,12
31387,91,85,6,6
31388,109,105,4,4
31389,103,108,-5,5
31390,87,70,17,17
31391,123,113,10,10
31392,109,91,18,18
31393,77,81,-4,4
31394,96,88,8,8
31395,82,74,8,8
31396,111,100,11,11
31397,72,62,10,10
31398,117,98,19,19
31399,117,103,14,14
31400,137,119,18,18
31401,107,87,20,20
31402,91,83,8,8
31403,110,102,8,8
31404,76,73,3,3
31405,83,67,16,16
31406,142,133,9,9
31407,97,85,12,12
31408,54,45,9,9
31409,71,64,7,7
31410,91,88,3,3
31411,100,93,7,7
31412,47,42,5,5
31413,114,93,21,21
31414,65,49,16,16
31415,33,34,-1,1
31416,88,79,9,9
31417,102,97,5,5
31418,72,76,-4,4
31419,95,88,7,7
31420,100,87,13,13
31421,200,179,21,21
31422,147,122,25,25
31423,98,97,1,1
31424,111,97,14,14
31425,105,97,8,8
31426,89,82,7,7
31427,108,97,11,11
31428,35,58,-23,23
31429,54,53,1,1
31430,124,108,16,16
31431,90,73,17,17
31432,130,117,13,13
31433,138,117,21,21
31434,143,118,25,25
31435,74,68,6,6
31436,47,49,-2,2
31437,64,58,6,6
31438,174,163,11,11
31439,96,82,14,14
31440,132,122,10,10
31441,66,64,2,2
31442,105,96,9,9
31443,128,121,7,7
31444,99,87,12,12
31445,70,62,8,8
31446,62,49,13,13
31447,78,69,9,9
31448,93,86,7,7
31449,89,64,25,25
31450,104,101,3,3
31451,74,64,10,10
31452,102,76,26,26
31453,58,48,10,10
31454,89,78,11,11
31455,84,68,16,16
31456,128,104,24,24
31457,91,82,9,9
31458,80,61,19,19
31459,84,85,-1,1
31460,100,94,6,6
31461,115,102,13,13
31462,92,86,6,6
31463,155,142,13,13
31464,175,141,34,34
31465,79,68,11,11
31466,70,56,14,14
31467,64,68,-4,4
31468,111,107,4,4
31469,83,71,12,12
31470,92,83,9,9
31471,153,135,18,18
31472,138,122,16,16
31473,90,98,-8,8
31474,104,101,3,3
31475,52,43,9,9
31476,72,68,4,4
31477,76,72,4,4
31478,69,60,9,9
31479,145,121,24,24
31480,67,59,8,8
31481,79,66,13,13
31482,103,84,19,19
31483,145,138,7,7
31484,86,79,7,7
31485,112,95,17,17
31486,130,113,17,17
31487,173,150,23,23
31488,75,66,9,9
31489,195,155,40,40
31490,93,81,12,12
31491,102,90,12,12
31492,64,53,11,11
31493,68,58,10,10
31494,58,54,4,4
31495,93,72,21,21
31496,119,92,27,27
31497,54,47,7,7
31498,72,79,-7,7
31499,82,74,8,8
31500,130,116,14,14
31501,75,69,6,6
31502,73,70,3,3
31503,72,70,2,2
31504,243,248,-5,5
31505,62,68,-6,6
31506,79,58,21,21
31507,129,123,6,6
31508,119,103,16,16
31509,121,111,10,10
31510,135,120,15,15
31511,64,48,16,16
31512,84,75,9,9
31513,68,64,4,4
31514,89,77,12,12
31515,59,48,11,11
31516,67,67,0,0
31517,108,102,6,6
31518,55,51,4,4
31519,161,132,29,29
31520,75,70,5,5
31521,113,98,15,15
31522,102,87,15,15
31523,116,103,13,13
31524,134,122,12,12
31525,161,124,37,37
31526,122,96,26,26
31527,103,91,12,12
31528,75,66,9,9
31529,162,130,32,32
31530,76,75,1,1
31531,57,51,6,6
31532,74,68,6,6
31533,78,61,17,17
31534,68,58,10,10
31535,101,84,17,17
31536,66,62,4,4
31537,61,57,4,4
31538,120,103,17,17
31539,62,52,10,10
31540,149,120,29,29
31541,85,85,0,0
31542,126,106,20,20
31543,192,172,20,20
31544,94,81,13,13
31545,69,62,7,7
31546,99,77,22,22
31547,114,95,19,19
31548,75,68,7,7
31549,113,113,0,0
31550,165,138,27,27
31551,133,114,19,19
31552,86,86,0,0
31553,72,57,15,15
31554,97,86,11,11
31555,113,137,-24,24
31556,110,105,5,5
31557,119,112,7,7
31558,60,54,6,6
31559,72,78,-6,6
31560,110,96,14,14
31561,151,125,26,26
31562,70,49,21,21
31563,89,81,8,8
31564,112,97,15,15
31565,70,63,7,7
31566,64,56,8,8
31567,155,144,11,11
31568,103,91,12,12
31569,115,99,16,16
31570,57,48,9,9
31571,92,90,2,2
31572,96,80,16,16
31573,61,56,5,5
31574,144,119,25,25
31575,75,70,5,5
31576,138,120,18,18
31577,103,96,7,7
31578,118,93,25,25
31579,80,78,2,2
31580,107,89,18,18
31581,84,74,10,10
31582,87,71,16,16
31583,56,41,15,15
31584,129,111,18,18
31585,94,80,14,14
31586,72,74,-2,2
31587,193,157,36,36
31588,141,115,26,26
31589,98,89,9,9
31590,116,114,2,2
31591,154,135,19,19
31592,116,112,4,4
31593,75,72,3,3
31594,107,90,17,17
31595,83,66,17,17
31596,103,101,2,2
31597,99,87,12,12
31598,109,103,6,6
31599,95,82,13,13
31600,85,70,15,15
31601,81,73,8,8
31602,112,85,27,27
31603,82,72,10,10
31604,56,48,8,8
31605,64,60,4,4
31606,105,110,-5,5
31607,118,106,12,12
31608,82,77,5,5
31609,96,85,11,11
31610,69,59,10,10
31611,128,116,12,12
31612,88,85,3,3
31613,90,79,11,11
31614,141,122,19,19
31615,75,76,-1,1
31616,108,93,15,15
31617,153,132,21,21
31618,101,86,15,15
31619,76,72,4,4
31620,86,83,3,3
31621,49,39,10,10
31622,130,117,13,13
31623,95,84,11,11
31624,33,39,-6,6
31625,156,150,6,6
31626,49,42,7,7
31627,89,73,16,16
31628,86,68,18,18
31629,80,68,12,12
31630,97,83,14,14
31631,59,56,3,3
31632,153,133,20,20
31633,51,44,7,7
31634,88,68,20,20
31635,145,145,0,0
31636,165,163,2,2
31637,74,71,3,3
31638,80,80,0,0
31639,101,85,16,16
31640,46,44,2,2
31641,62,57,5,5
31642,107,86,21,21
31643,66,59,7,7
31644,153,137,16,16
31645,75,68,7,7
31646,49,45,4,4
31647,120,111,9,9
31648,131,115,16,16
31649,106,99,7,7
31650,147,128,19,19
31651,81,76,5,5
31652,94,85,9,9
31653,57,49,8,8
31654,61,62,-1,1
31655,47,42,5,5
31656,53,45,8,8
31657,117,97,20,20
31658,98,69,29,29
31659,48,42,6,6
31660,190,170,20,20
31661,68,66,2,2
31662,106,90,16,16
31663,57,58,-1,1
31664,131,123,8,8
31665,132,112,20,20
31666,74,70,4,4
31667,125,118,7,7
31668,86,77,9,9
31669,49,43,6,6
31670,95,73,22,22
31671,67,57,10,10
31672,82,78,4,4
31673,93,91,2,2
31674,52,50,2,2
31675,55,50,5,5
31676,111,98,13,13
31677,73,62,11,11
31678,72,69,3,3
31679,160,146,14,14
31680,97,93,4,4
31681,95,80,15,15
31682,117,83,34,34
31683,67,53,14,14
31684,55,55,0,0
31685,103,87,16,16
31686,108,103,5,5
31687,82,64,18,18
31688,155,129,26,26
31689,87,76,11,11
31690,88,77,11,11
31691,84,88,-4,4
31692,66,69,-3,3
31693,59,53,6,6
31694,80,69,11,11
31695,120,115,5,5
31696,92,83,9,9
31697,36,30,6,6
31698,89,71,18,18
31699,113,87,26,26
31700,86,85,1,1
31701,117,127,-10,10
31702,78,65,13,13
31703,72,70,2,2
31704,76,59,17,17
31705,76,70,6,6
31706,87,81,6,6
31707,76,86,-10,10
31708,79,54,25,25
31709,51,39,12,12
31710,121,114,7,7
31711,100,83,17,17
31712,83,76,7,7
31713,84,65,19,19
31714,100,98,2,2
31715,125,106,19,19
31716,73,59,14,14
31717,59,53,6,6
31718,79,73,6,6
31719,76,71,5,5
31720,108,100,8,8
31721,64,65,-1,1
31722,101,84,17,17
31723,140,114,26,26
31724,89,80,9,9
31725,72,60,12,12
31726,82,79,3,3
31727,68,65,3,3
31728,41,43,-2,2
31729,77,70,7,7
31730,150,129,21,21
31731,121,107,14,14
31732,96,102,-6,6
31733,50,46,4,4
31734,45,43,2,2
31735,118,114,4,4
31736,108,94,14,14
31737,74,66,8,8
31738,148,127,21,21
31739,109,96,13,13
31740,53,50,3,3
31741,69,58,11,11
31742,75,72,3,3
31743,75,80,-5,5
31744,93,83,10,10
31745,36,32,4,4
31746,62,61,1,1
31747,139,124,15,15
31748,67,60,7,7
31749,199,181,18,18
31750,61,52,9,9
31751,66,59,7,7
31752,58,52,6,6
31753,58,54,4,4
31754,98,93,5,5
31755,65,56,9,9
31756,96,86,10,10
31757,105,95,10,10
31758,44,40,4,4
31759,116,102,14,14
31760,87,70,17,17
31761,94,89,5,5
31762,130,123,7,7
31763,103,95,8,8
31764,85,72,13,13
31765,94,93,1,1
31766,78,69,9,9
31767,120,105,15,15
31768,48,45,3,3
31769,107,88,19,19
31770,87,81,6,6
31771,115,105,10,10
31772,122,112,10,10
31773,137,112,25,25
31774,19,22,-3,3
31775,90,86,4,4
31776,45,36,9,9
31777,53,56,-3,3
31778,132,108,24,24
31779,54,46,8,8
31780,123,122,1,1
31781,88,92,-4,4
31782,90,77,13,13
31783,112,99,13,13
31784,67,54,13,13
31785,50,52,-2,2
31786,65,58,7,7
31787,44,40,4,4
31788,86,85,1,1
31789,65,59,6,6
31790,80,86,-6,6
31791,128,107,21,21
31792,166,125,41,41
31793,105,86,19,19
31794,77,70,7,7
31795,113,107,6,6
31796,82,74,8,8
31797,94,87,7,7
31798,123,109,14,14
31799,118,105,13,13
31800,159,138,21,21
31801,100,76,24,24
31802,95,75,20,20
31803,128,117,11,11
31804,67,72,-5,5
31805,131,106,25,25
31806,78,70,8,8
31807,58,54,4,4
31808,126,107,19,19
31809,136,131,5,5
31810,75,61,14,14
31811,100,86,14,14
31812,52,47,5,5
31813,94,82,12,12
31814,64,60,4,4
31815,65,62,3,3
31816,85,77,8,8
31817,100,90,10,10
31818,134,121,13,13
31819,88,82,6,6
31820,87,79,8,8
31821,112,102,10,10
31822,222,191,31,31
31823,103,88,15,15
31824,131,137,-6,6
31825,143,124,19,19
31826,89,83,6,6
31827,144,118,26,26
31828,90,80,10,10
31829,117,104,13,13
31830,41,36,5,5
31831,161,145,16,16
31832,87,84,3,3
31833,67,62,5,5
31834,89,87,2,2
31835,58,46,12,12
31836,54,48,6,6
31837,66,55,11,11
31838,62,57,5,5
31839,46,42,4,4
31840,116,102,14,14
31841,146,137,9,9
31842,153,146,7,7
31843,110,87,23,23
31844,83,65,18,18
31845,138,119,19,19
31846,117,101,16,16
31847,86,74,12,12
31848,170,150,20,20
31849,96,92,4,4
31850,57,46,11,11
31851,102,84,18,18
31852,96,87,9,9
31853,88,75,13,13
31854,117,107,10,10
31855,83,87,-4,4
31856,94,93,1,1
31857,68,72,-4,4
31858,81,67,14,14
31859,165,150,15,15
31860,93,77,16,16
31861,169,152,17,17
31862,79,72,7,7
31863,91,75,16,16
31864,96,85,11,11
31865,107,83,24,24
31866,98,84,14,14
31867,81,68,13,13
31868,125,118,7,7
31869,111,95,16,16
31870,50,49,1,1
31871,102,93,9,9
31872,94,79,15,15
31873,57,52,5,5
31874,110,96,14,14
31875,89,78,11,11
31876,69,60,9,9
31877,116,108,8,8
31878,135,107,28,28
31879,76,63,13,13
31880,98,79,19,19
31881,72,60,12,12
31882,68,66,2,2
31883,77,66,11,11
31884,125,126,-1,1
31885,115,96,19,19
31886,136,114,22,22
31887,80,70,10,10
31888,82,76,6,6
31889,76,70,6,6
31890,82,69,13,13
31891,138,118,20,20
31892,108,91,17,17
31893,153,136,17,17
31894,76,67,9,9
31895,100,81,19,19
31896,97,90,7,7
31897,119,107,12,12
31898,35,34,1,1
31899,39,35,4,4
31900,102,89,13,13
31901,93,95,-2,2
31902,122,107,15,15
31903,88,75,13,13
31904,84,73,11,11
31905,207,179,28,28
31906,67,61,6,6
31907,111,101,10,10
31908,75,66,9,9
31909,112,94,18,18
31910,59,56,3,3
31911,66,59,7,7
31912,161,143,18,18
31913,80,78,2,2
31914,64,63,1,1
31915,123,71,52,52
31916,123,104,19,19
31917,144,132,12,12
31918,61,56,5,5
31919,85,67,18,18
31920,100,82,18,18
31921,100,86,14,14
31922,65,50,15,15
31923,75,64,11,11
31924,104,84,20,20
31925,112,104,8,8
31926,93,80,13,13
31927,69,59,10,10
31928,58,51,7,7
31929,120,93,27,27
31930,131,111,20,20
31931,101,82,19,19
31932,156,145,11,11
31933,83,70,13,13
31934,62,57,5,5
31935,94,85,9,9
31936,87,82,5,5
31937,182,153,29,29
31938,132,116,16,16
31939,100,94,6,6
31940,74,67,7,7
31941,57,54,3,3
31942,95,86,9,9
31943,64,48,16,16
31944,99,84,15,15
31945,102,100,2,2
31946,144,115,29,29
31947,152,128,24,24
31948,66,56,10,10
31949,57,52,5,5
31950,73,71,2,2
31951,85,73,12,12
31952,111,96,15,15
31953,78,71,7,7
31954,87,75,12,12
31955,58,56,2,2
31956,125,108,17,17
31957,98,86,12,12
31958,127,112,15,15
31959,125,105,20,20
31960,107,97,10,10
31961,57,54,3,3
31962,161,139,22,22
31963,109,92,17,17
31964,110,90,20,20
31965,64,56,8,8
31966,304,309,-5,5
31967,75,67,8,8
31968,161,150,11,11
31969,85,84,1,1
31970,124,95,29,29
31971,53,47,6,6
31972,98,91,7,7
31973,124,109,15,15
31974,67,59,8,8
31975,59,52,7,7
31976,115,95,20,20
31977,91,76,15,15
31978,108,98,10,10
31979,82,75,7,7
31980,104,85,19,19
31981,65,64,1,1
31982,107,94,13,13
31983,140,130,10,10
31984,83,74,9,9
31985,128,124,4,4
31986,65,51,14,14
31987,70,64,6,6
31988,160,151,9,9
31989,94,84,10,10
31990,74,63,11,11
31991,99,90,9,9
31992,105,91,14,14
31993,65,64,1,1
31994,46,40,6,6
31995,72,66,6,6
31996,53,44,9,9
31997,110,97,13,13
31998,100,81,19,19
31999,65,62,3,3
32000,102,87,15,15
32001,128,114,14,14
32002,90,76,14,14
32003,139,138,1,1
32004,145,118,27,27
32005,89,77,12,12
32006,68,68,0,0
32007,64,57,7,7
32008,79,78,1,1
32009,86,69,17,17
32010,60,59,1,1
32011,101,85,16,16
32012,36,37,-1,1
32013,103,92,11,11
32014,52,42,10,10
32015,152,137,15,15
32016,80,80,0,0
32017,142,117,25,25
32018,129,106,23,23
32019,140,108,32,32
32020,49,48,1,1
32021,147,136,11,11
32022,100,80,20,20
32023,59,62,-3,3
32024,106,98,8,8
32025,88,78,10,10
32026,86,78,8,8
32027,106,86,20,20
32028,110,98,12,12
32029,43,34,9,9
32030,114,115,-1,1
32031,77,67,10,10
32032,103,92,11,11
32033,125,114,11,11
32034,65,58,7,7
32035,105,92,13,13
32036,98,103,-5,5
32037,132,132,0,0
32038,119,102,17,17
32039,80,71,9,9
32040,107,97,10,10
32041,94,77,17,17
32042,59,57,2,2
32043,109,101,8,8
32044,144,135,9,9
32045,45,41,4,4
32046,66,43,23,23
32047,122,115,7,7
32048,88,79,9,9
32049,53,44,9,9
32050,58,57,1,1
32051,68,63,5,5
32052,104,88,16,16
32053,129,120,9,9
32054,55,50,5,5
32055,80,66,14,14
32056,100,93,7,7
32057,64,67,-3,3
32058,150,134,16,16
32059,80,71,9,9
32060,96,81,15,15
32061,83,74,9,9
32062,39,35,4,4
32063,112,87,25,25
32064,146,129,17,17
32065,91,87,4,4
32066,77,74,3,3
32067,121,113,8,8
32068,113,100,13,13
32069,132,127,5,5
32070,102,94,8,8
32071,71,58,13,13
32072,81,71,10,10
32073,60,65,-5,5
32074,112,92,20,20
32075,95,79,16,16
32076,116,101,15,15
32077,85,78,7,7
32078,116,115,1,1
32079,107,99,8,8
32080,156,127,29,29
32081,84,77,7,7
32082,77,68,9,9
32083,111,94,17,17
32084,61,77,-16,16
32085,124,118,6,6
32086,106,86,20,20
32087,116,103,13,13
32088,64,67,-3,3
32089,108,93,15,15
32090,76,66,10,10
32091,72,67,5,5
32092,75,66,9,9
32093,66,56,10,10
32094,128,128,0,0
32095,189,151,38,38
32096,120,109,11,11
32097,64,57,7,7
32098,141,131,10,10
32099,96,85,11,11
32100,170,155,15,15
32101,83,75,8,8
32102,101,95,6,6
32103,81,80,1,1
32104,43,41,2,2
32105,150,131,19,19
32106,70,57,13,13
32107,89,75,14,14
32108,115,91,24,24
32109,103,90,13,13
32110,54,47,7,7
32111,63,54,9,9
32112,127,126,1,1
32113,96,74,22,22
32114,79,84,-5,5
32115,83,77,6,6
32116,108,88,20,20
32117,116,102,14,14
32118,121,107,14,14
32119,127,102,25,25
32120,109,102,7,7
32121,96,88,8,8
32122,82,73,9,9
32123,103,121,-18,18
32124,142,136,6,6
32125,161,137,24,24
32126,126,114,12,12
32127,78,65,13,13
32128,157,144,13,13
32129,63,61,2,2
32130,64,59,5,5
32131,90,80,10,10
32132,95,89,6,6
32133,146,132,14,14
32134,56,51,5,5
32135,48,40,8,8
32136,68,61,7,7
32137,94,87,7,7
32138,87,75,12,12
32139,122,100,22,22
32140,126,100,26,26
32141,55,51,4,4
32142,61,59,2,2
32143,89,85,4,4
32144,62,65,-3,3
32145,71,64,7,7
32146,87,81,6,6
32147,39,34,5,5
32148,123,106,17,17
32149,79,73,6,6
32150,109,95,14,14
32151,101,97,4,4
32152,107,91,16,16
32153,114,101,13,13
32154,81,81,0,0
32155,167,150,17,17
32156,71,66,5,5
32157,65,59,6,6
32158,76,64,12,12
32159,94,83,11,11
32160,162,136,26,26
32161,86,89,-3,3
32162,162,150,12,12
32163,50,40,10,10
32164,109,94,15,15
32165,70,61,9,9
32166,69,60,9,9
32167,36,31,5,5
32168,117,96,21,21
32169,104,82,22,22
32170,107,100,7,7
32171,66,60,6,6
32172,98,88,10,10
32173,113,108,5,5
32174,57,56,1,1
32175,117,102,15,15
32176,79,85,-6,6
32177,88,78,10,10
32178,101,90,11,11
32179,98,89,9,9
32180,164,165,-1,1
32181,108,95,13,13
32182,79,71,8,8
32183,77,74,3,3
32184,81,72,9,9
32185,111,94,17,17
32186,108,96,12,12
32187,104,91,13,13
32188,51,39,12,12
32189,79,76,3,3
32190,141,122,19,19
32191,105,92,13,13
32192,79,74,5,5
32193,121,100,21,21
32194,85,84,1,1
32195,60,56,4,4
32196,76,65,11,11
32197,66,57,9,9
32198,140,120,20,20
32199,115,86,29,29
32200,135,108,27,27
32201,137,137,0,0
32202,108,105,3,3
32203,56,55,1,1
32204,145,126,19,19
32205,107,90,17,17
32206,75,59,16,16
32207,73,61,12,12
32208,58,53,5,5
32209,73,62,11,11
32210,100,85,15,15
32211,154,133,21,21
32212,89,77,12,12
32213,86,72,14,14
32214,218,175,43,43
32215,96,84,12,12
32216,72,66,6,6
32217,136,135,1,1
32218,197,175,22,22
32219,75,75,0,0
32220,138,122,16,16
32221,112,107,5,5
32222,97,93,4,4
32223,50,48,2,2
32224,144,123,21,21
32225,62,55,7,7
32226,91,87,4,4
32227,108,100,8,8
32228,111,100,11,11
32229,154,136,18,18
32230,84,76,8,8
32231,181,167,14,14
32232,80,71,9,9
32233,134,117,17,17
32234,78,79,-1,1
32235,243,203,40,40
32236,59,46,13,13
32237,83,65,18,18
32238,76,59,17,17
32239,88,77,11,11
32240,62,54,8,8
32241,81,74,7,7
32242,127,116,11,11
32243,119,104,15,15
32244,70,68,2,2
32245,114,96,18,18
32246,91,77,14,14
32247,120,98,22,22
32248,61,52,9,9
32249,73,64,9,9
32250,77,73,4,4
32251,175,164,11,11
32252,86,73,13,13
32253,125,106,19,19
32254,109,90,19,19
32255,90,89,1,1
32256,71,65,6,6
32257,64,59,5,5
32258,91,74,17,17
32259,116,101,15,15
32260,63,51,12,12
32261,79,72,7,7
32262,56,47,9,9
32263,144,126,18,18
32264,130,103,27,27
32265,73,66,7,7
32266,64,47,17,17
32267,146,120,26,26
32268,30,40,-10,10
32269,107,99,8,8
32270,80,78,2,2
32271,94,101,-7,7
32272,57,49,8,8
32273,85,77,8,8
32274,157,135,22,22
32275,131,121,10,10
32276,170,139,31,31
32277,115,114,1,1
32278,124,99,25,25
32279,83,72,11,11
32280,139,120,19,19
32281,104,96,8,8
32282,54,46,8,8
32283,117,102,15,15
32284,84,83,1,1
32285,97,82,15,15
32286,50,38,12,12
32287,57,62,-5,5
32288,84,77,7,7
32289,70,65,5,5
32290,75,71,4,4
32291,33,35,-2,2
32292,110,114,-4,4
32293,60,54,6,6
32294,66,62,4,4
32295,121,101,20,20
32296,97,87,10,10
32297,128,106,22,22
32298,82,71,11,11
32299,110,95,15,15
32300,135,123,12,12
32301,96,87,9,9
32302,79,64,15,15
32303,82,65,17,17
32304,112,92,20,20
32305,119,112,7,7
32306,113,82,31,31
32307,129,115,14,14
32308,30,25,5,5
32309,143,136,7,7
32310,48,45,3,3
32311,70,64,6,6
32312,66,89,-23,23
32313,117,112,5,5
32314,49,47,2,2
32315,73,68,5,5
32316,104,102,2,2
32317,78,82,-4,4
32318,94,88,6,6
32319,39,32,7,7
32320,163,140,23,23
32321,131,120,11,11
32322,78,78,0,0
32323,107,102,5,5
32324,40,38,2,2
32325,83,75,8,8
32326,88,88,0,0
32327,104,92,12,12
32328,116,98,18,18
32329,144,118,26,26
32330,93,87,6,6
32331,89,79,10,10
32332,110,97,13,13
32333,62,75,-13,13
32334,100,88,12,12
32335,79,72,7,7
32336,80,70,10,10
32337,120,109,11,11
32338,84,93,-9,9
32339,88,82,6,6
32340,132,118,14,14
32341,93,77,16,16
32342,79,76,3,3
32343,27,31,-4,4
32344,97,90,7,7
32345,167,144,23,23
32346,146,138,8,8
32347,45,37,8,8
32348,53,44,9,9
32349,57,52,5,5
32350,40,36,4,4
32351,77,70,7,7
32352,120,103,17,17
32353,87,91,-4,4
32354,189,158,31,31
32355,84,77,7,7
32356,68,61,7,7
32357,85,81,4,4
32358,75,74,1,1
32359,58,52,6,6
32360,67,60,7,7
32361,58,50,8,8
32362,38,36,2,2
32363,63,60,3,3
32364,82,84,-2,2
32365,111,114,-3,3
32366,168,143,25,25
32367,67,60,7,7
32368,92,81,11,11
32369,43,36,7,7
32370,126,104,22,22
32371,94,86,8,8
32372,108,107,1,1
32373,80,78,2,2
32374,159,133,26,26
32375,101,75,26,26
32376,71,60,11,11
32377,77,76,1,1
32378,53,53,0,0
32379,96,90,6,6
32380,144,115,29,29
32381,96,90,6,6
32382,120,111,9,9
32383,91,82,9,9
32384,57,56,1,1
32385,95,90,5,5
32386,114,103,11,11
32387,115,110,5,5
32388,63,48,15,15
32389,103,87,16,16
32390,213,184,29,29
32391,82,82,0,0
32392,113,93,20,20
32393,75,70,5,5
32394,122,116,6,6
32395,82,59,23,23
32396,112,92,20,20
32397,114,101,13,13
32398,62,48,14,14
32399,145,122,23,23
32400,153,147,6,6
32401,102,66,36,36
32402,65,61,4,4
32403,79,57,22,22
32404,85,79,6,6
32405,69,57,12,12
32406,69,68,1,1
32407,106,105,1,1
32408,73,63,10,10
32409,95,78,17,17
32410,68,66,2,2
32411,72,65,7,7
32412,71,69,2,2
32413,135,122,13,13
32414,115,101,14,14
32415,75,68,7,7
32416,57,52,5,5
32417,33,31,2,2
32418,73,66,7,7
32419,147,134,13,13
32420,100,90,10,10
32421,81,73,8,8
32422,130,118,12,12
32423,63,55,8,8
32424,75,72,3,3
32425,97,94,3,3
32426,80,75,5,5
32427,67,59,8,8
32428,135,124,11,11
32429,48,40,8,8
32430,113,110,3,3
32431,62,53,9,9
32432,66,53,13,13
32433,62,49,13,13
32434,140,140,0,0
32435,82,76,6,6
32436,86,76,10,10
32437,123,112,11,11
32438,134,118,16,16
32439,63,59,4,4
32440,142,122,20,20
32441,63,58,5,5
32442,94,78,16,16
32443,72,66,6,6
32444,146,128,18,18
32445,90,58,32,32
32446,57,52,5,5
32447,51,53,-2,2
32448,64,59,5,5
32449,80,78,2,2
32450,105,101,4,4
32451,109,99,10,10
32452,99,97,2,2
32453,209,179,30,30
32454,82,67,15,15
32455,49,47,2,2
32456,72,61,11,11
32457,62,54,8,8
32458,50,49,1,1
32459,153,143,10,10
32460,140,121,19,19
32461,95,81,14,14
32462,81,69,12,12
32463,114,93,21,21
32464,130,117,13,13
32465,31,33,-2,2
32466,86,82,4,4
32467,100,96,4,4
32468,58,54,4,4
32469,58,50,8,8
32470,95,77,18,18
32471,121,115,6,6
32472,83,75,8,8
32473,152,128,24,24
32474,138,131,7,7
32475,128,118,10,10
32476,92,90,2,2
32477,64,58,6,6
32478,72,69,3,3
32479,110,102,8,8
32480,57,50,7,7
32481,99,84,15,15
32482,98,85,13,13
32483,73,80,-7,7
32484,53,47,6,6
32485,55,53,2,2
32486,61,52,9,9
32487,239,193,46,46
32488,86,78,8,8
32489,133,106,27,27
32490,80,71,9,9
32491,76,62,14,14
32492,79,62,17,17
32493,140,112,28,28
32494,97,91,6,6
32495,74,55,19,19
32496,142,120,22,22
32497,82,75,7,7
32498,62,56,6,6
32499,101,99,2,2
32500,69,75,-6,6
32501,171,152,19,19
32502,69,69,0,0
32503,72,63,9,9
32504,93,83,10,10
32505,78,79,-1,1
32506,68,61,7,7
32507,54,48,6,6
32508,110,102,8,8
32509,69,69,0,0
32510,92,81,11,11
32511,65,57,8,8
32512,28,25,3,3
32513,65,61,4,4
32514,69,56,13,13
32515,119,96,23,23
32516,78,65,13,13
32517,75,65,10,10
32518,70,61,9,9
32519,57,63,-6,6
32520,88,81,7,7
32521,80,66,14,14
32522,113,104,9,9
32523,63,58,5,5
32524,91,80,11,11
32525,141,113,28,28
32526,88,77,11,11
32527,46,44,2,2
32528,109,98,11,11
32529,98,87,11,11
32530,177,158,19,19
32531,142,126,16,16
32532,56,52,4,4
32533,166,130,36,36
32534,70,61,9,9
32535,64,57,7,7
32536,70,66,4,4
32537,66,68,-2,2
32538,104,84,20,20
32539,131,109,22,22
32540,82,75,7,7
32541,65,56,9,9
32542,95,83,12,12
32543,79,64,15,15
32544,86,74,12,12
32545,84,75,9,9
32546,103,76,27,27
32547,77,68,9,9
32548,125,109,16,16
32549,122,113,9,9
32550,64,53,11,11
32551,95,94,1,1
32552,79,74,5,5
32553,67,57,10,10
32554,160,139,21,21
32555,103,92,11,11
32556,114,99,15,15
32557,74,71,3,3
32558,123,110,13,13
32559,50,49,1,1
32560,53,49,4,4
32561,195,181,14,14
32562,71,64,7,7
32563,171,137,34,34
32564,90,86,4,4
32565,75,67,8,8
32566,84,78,6,6
32567,86,97,-11,11
32568,101,92,9,9
32569,131,105,26,26
32570,159,131,28,28
32571,52,52,0,0
32572,119,104,15,15
32573,85,73,12,12
32574,97,86,11,11
32575,73,69,4,4
32576,54,52,2,2
32577,73,58,15,15
32578,127,107,20,20
32579,164,146,18,18
32580,104,81,23,23
32581,57,51,6,6
32582,40,42,-2,2
32583,103,97,6,6
32584,149,126,23,23
32585,105,88,17,17
32586,184,157,27,27
32587,74,64,10,10
32588,145,119,26,26
32589,74,72,2,2
32590,83,85,-2,2
32591,82,70,12,12
32592,85,89,-4,4
32593,133,130,3,3
32594,68,59,9,9
32595,56,56,0,0
32596,183,161,22,22
32597,66,57,9,9
32598,115,117,-2,2
32599,86,75,11,11
32600,64,55,9,9
32601,41,37,4,4
32602,97,103,-6,6
32603,76,67,9,9
32604,64,58,6,6
32605,67,61,6,6
32606,92,77,15,15
32607,86,77,9,9
32608,86,77,9,9
32609,114,101,13,13
32610,134,107,27,27
32611,80,64,16,16
32612,151,153,-2,2
32613,99,88,11,11
32614,144,132,12,12
32615,118,102,16,16
32616,74,67,7,7
32617,85,72,13,13
32618,51,52,-1,1
32619,57,51,6,6
32620,152,130,22,22
32621,80,74,6,6
32622,83,67,16,16
32623,69,57,12,12
32624,126,127,-1,1
32625,178,156,22,22
32626,101,100,1,1
32627,110,101,9,9
32628,53,51,2,2
32629,89,86,3,3
32630,97,89,8,8
32631,81,69,12,12
32632,87,72,15,15
32633,52,42,10,10
32634,98,85,13,13
32635,109,94,15,15
32636,103,90,13,13
32637,90,67,23,23
32638,73,64,9,9
32639,157,140,17,17
32640,106,90,16,16
32641,144,129,15,15
32642,105,97,8,8
32643,191,157,34,34
32644,79,69,10,10
32645,113,93,20,20
32646,66,56,10,10
32647,62,74,-12,12
32648,71,72,-1,1
32649,93,88,5,5
32650,90,72,18,18
32651,81,70,11,11
32652,97,91,6,6
32653,43,50,-7,7
32654,150,124,26,26
32655,78,65,13,13
32656,122,100,22,22
32657,76,65,11,11
32658,50,51,-1,1
32659,78,84,-6,6
32660,68,70,-2,2
32661,92,76,16,16
32662,65,66,-1,1
32663,112,95,17,17
32664,69,63,6,6
32665,86,75,11,11
32666,73,63,10,10
32667,99,87,12,12
32668,99,83,16,16
32669,70,66,4,4
32670,88,74,14,14
32671,66,56,10,10
32672,123,102,21,21
32673,72,53,19,19
32674,120,117,3,3
32675,51,52,-1,1
32676,68,55,13,13
32677,103,97,6,6
32678,76,66,10,10
32679,77,77,0,0
32680,143,142,1,1
32681,128,116,12,12
32682,87,72,15,15
32683,47,40,7,7
32684,119,105,14,14
32685,119,104,15,15
32686,52,48,4,4
32687,123,92,31,31
32688,78,70,8,8
32689,135,127,8,8
32690,65,59,6,6
32691,50,43,7,7
32692,59,73,-14,14
32693,95,75,20,20
32694,74,77,-3,3
32695,127,100,27,27
32696,135,103,32,32
32697,80,69,11,11
32698,81,81,0,0
32699,102,91,11,11
32700,131,119,12,12
32701,96,79,17,17
32702,100,95,5,5
32703,104,95,9,9
32704,112,105,7,7
32705,103,84,19,19
32706,96,85,11,11
32707,86,71,15,15
32708,130,120,10,10
32709,47,41,6,6
32710,118,101,17,17
32711,81,71,10,10
32712,117,89,28,28
32713,77,70,7,7
32714,129,113,16,16
32715,111,80,31,31
32716,131,114,17,17
32717,67,62,5,5
32718,66,59,7,7
32719,111,106,5,5
32720,71,75,-4,4
32721,58,48,10,10
32722,61,67,-6,6
32723,65,55,10,10
32724,91,89,2,2
32725,126,114,12,12
32726,79,60,19,19
32727,98,82,16,16
32728,83,93,-10,10
32729,46,40,6,6
32730,71,65,6,6
32731,56,59,-3,3
32732,74,63,11,11
32733,86,75,11,11
32734,125,106,19,19
32735,71,56,15,15
32736,62,54,8,8
32737,96,56,40,40
32738,145,116,29,29
32739,73,62,11,11
32740,67,65,2,2
32741,87,76,11,11
32742,79,62,17,17
32743,93,84,9,9
32744,72,65,7,7
32745,68,61,7,7
32746,72,63,9,9
32747,132,110,22,22
32748,75,62,13,13
32749,86,82,4,4
32750,101,85,16,16
32751,193,182,11,11
32752,124,110,14,14
32753,96,74,22,22
32754,102,94,8,8
32755,48,39,9,9
32756,95,79,16,16
32757,172,154,18,18
32758,174,156,18,18
32759,171,142,29,29
32760,64,53,11,11
32761,90,81,9,9
32762,77,72,5,5
32763,79,69,10,10
32764,82,71,11,11
32765,128,113,15,15
32766,96,88,8,8
32767,88,79,9,9
32768,78,68,10,10
32769,115,110,5,5
32770,75,74,1,1
32771,132,117,15,15
32772,161,138,23,23
32773,117,101,16,16
32774,61,49,12,12
32775,84,68,16,16
32776,102,95,7,7
32777,108,98,10,10
32778,108,108,0,0
32779,156,131,25,25
32780,107,93,14,14
32781,74,63,11,11
32782,185,183,2,2
32783,61,68,-7,7
32784,106,94,12,12
32785,73,70,3,3
32786,83,65,18,18
32787,53,50,3,3
32788,216,186,30,30
32789,90,77,13,13
32790,94,94,0,0
32791,113,107,6,6
32792,48,42,6,6
32793,125,129,-4,4
32794,58,51,7,7
32795,112,98,14,14
32796,91,78,13,13
32797,90,90,0,0
32798,104,87,17,17
32799,59,56,3,3
32800,74,69,5,5
32801,99,98,1,1
32802,76,72,4,4
32803,101,89,12,12
32804,143,128,15,15
32805,66,61,5,5
32806,108,89,19,19
32807,126,111,15,15
32808,102,84,18,18
32809,106,99,7,7
32810,84,73,11,11
32811,133,118,15,15
32812,68,62,6,6
32813,133,121,12,12
32814,91,80,11,11
32815,148,134,14,14
32816,131,111,20,20
32817,105,88,17,17
32818,111,112,-1,1
32819,50,43,7,7
32820,118,95,23,23
32821,56,56,0,0
32822,76,67,9,9
32823,141,118,23,23
32824,162,139,23,23
32825,144,137,7,7
32826,131,130,1,1
32827,57,46,11,11
32828,105,95,10,10
32829,74,63,11,11
32830,118,130,-12,12
32831,157,142,15,15
32832,105,93,12,12
32833,90,81,9,9
32834,96,93,3,3
32835,161,148,13,13
32836,83,73,10,10
32837,145,124,21,21
32838,55,48,7,7
32839,113,114,-1,1
32840,72,68,4,4
32841,199,179,20,20
32842,57,63,-6,6
32843,86,80,6,6
32844,124,104,20,20
32845,59,67,-8,8
32846,65,44,21,21
32847,82,74,8,8
32848,127,113,14,14
32849,82,79,3,3
32850,101,82,19,19
32851,105,89,16,16
32852,94,87,7,7
32853,125,104,21,21
32854,96,72,24,24
32855,48,45,3,3
32856,68,68,0,0
32857,98,90,8,8
32858,152,132,20,20
32859,139,106,33,33
32860,80,76,4,4
32861,113,98,15,15
32862,102,105,-3,3
32863,94,82,12,12
32864,56,56,0,0
32865,112,99,13,13
32866,71,60,11,11
32867,163,147,16,16
32868,95,90,5,5
32869,165,148,17,17
32870,100,94,6,6
32871,104,88,16,16
32872,68,71,-3,3
32873,152,131,21,21
32874,62,61,1,1
32875,56,51,5,5
32876,87,78,9,9
32877,48,45,3,3
32878,85,75,10,10
32879,82,87,-5,5
32880,70,81,-11,11
32881,80,71,9,9
32882,100,95,5,5
32883,158,138,20,20
32884,143,123,20,20
32885,76,67,9,9
32886,64,58,6,6
32887,121,108,13,13
32888,72,70,2,2
32889,53,47,6,6
32890,202,174,28,28
32891,54,48,6,6
32892,58,51,7,7
32893,125,105,20,20
32894,74,57,17,17
32895,58,90,-32,32
32896,144,131,13,13
32897,124,111,13,13
32898,84,75,9,9
32899,27,56,-29,29
32900,84,71,13,13
32901,176,141,35,35
32902,44,43,1,1
32903,66,60,6,6
32904,73,75,-2,2
32905,71,78,-7,7
32906,42,63,-21,21
32907,61,70,-9,9
32908,71,59,12,12
32909,90,90,0,0
32910,74,63,11,11
32911,109,86,23,23
32912,124,105,19,19
32913,94,81,13,13
32914,158,156,2,2
32915,97,76,21,21
32916,73,60,13,13
32917,90,90,0,0
32918,64,52,12,12
32919,144,135,9,9
32920,104,97,7,7
32921,186,156,30,30
32922,102,87,15,15
32923,85,76,9,9
32924,96,92,4,4
32925,122,108,14,14
32926,97,82,15,15
32927,96,84,12,12
32928,50,42,8,8
32929,110,117,-7,7
32930,89,77,12,12
32931,98,85,13,13
32932,123,121,2,2
32933,53,49,4,4
32934,114,97,17,17
32935,152,142,10,10
32936,146,137,9,9
32937,134,117,17,17
32938,105,101,4,4
32939,38,61,-23,23
32940,99,84,15,15
32941,107,94,13,13
32942,92,74,18,18
32943,120,109,11,11
32944,129,118,11,11
32945,95,80,15,15
32946,90,80,10,10
32947,103,93,10,10
32948,114,97,17,17
32949,59,55,4,4
32950,36,3,33,33
32951,99,87,12,12
32952,76,66,10,10
32953,149,110,39,39
32954,106,82,24,24
32955,61,62,-1,1
32956,47,54,-7,7
32957,158,152,6,6
32958,54,44,10,10
32959,50,50,0,0
32960,98,84,14,14
32961,94,78,16,16
32962,67,59,8,8
32963,49,42,7,7
32964,146,130,16,16
32965,135,110,25,25
32966,87,69,18,18
32967,98,91,7,7
32968,59,52,7,7
32969,86,74,12,12
32970,62,57,5,5
32971,113,95,18,18
32972,93,84,9,9
32973,75,72,3,3
32974,83,72,11,11
32975,138,124,14,14
32976,67,60,7,7
32977,84,67,17,17
32978,117,110,7,7
32979,64,59,5,5
32980,80,71,9,9
32981,85,79,6,6
32982,67,63,4,4
32983,96,89,7,7
32984,72,65,7,7
32985,63,70,-7,7
32986,151,121,30,30
32987,49,48,1,1
32988,103,70,33,33
32989,32,28,4,4
32990,70,56,14,14
32991,135,126,9,9
32992,55,52,3,3
32993,99,90,9,9
32994,114,105,9,9
32995,82,69,13,13
32996,119,110,9,9
32997,104,95,9,9
32998,123,109,14,14
32999,113,110,3,3
33000,153,140,13,13
33001,89,83,6,6
33002,48,63,-15,15
33003,113,95,18,18
33004,83,78,5,5
33005,129,107,22,22
33006,67,68,-1,1
33007,96,84,12,12
33008,92,80,12,12
33009,103,86,17,17
33010,121,98,23,23
33011,48,46,2,2
33012,98,83,15,15
33013,112,96,16,16
33014,107,98,9,9
33015,92,73,19,19
33016,72,69,3,3
33017,86,74,12,12
33018,86,74,12,12
33019,120,101,19,19
33020,65,62,3,3
33021,86,74,12,12
33022,138,118,20,20
33023,74,74,0,0
33024,60,54,6,6
33025,125,103,22,22
33026,61,60,1,1
33027,99,85,14,14
33028,150,129,21,21
33029,69,61,8,8
33030,41,38,3,3
33031,108,90,18,18
33032,163,150,13,13
33033,121,101,20,20
33034,72,67,5,5
33035,109,94,15,15
33036,133,125,8,8
33037,74,67,7,7
33038,119,107,12,12
33039,77,68,9,9
33040,97,101,-4,4
33041,76,71,5,5
33042,102,91,11,11
33043,88,72,16,16
33044,139,124,15,15
33045,93,80,13,13
33046,171,144,27,27
33047,115,122,-7,7
33048,73,65,8,8
33049,102,88,14,14
33050,97,86,11,11
33051,107,100,7,7
33052,180,166,14,14
33053,78,73,5,5
33054,279,246,33,33
33055,86,83,3,3
33056,80,68,12,12
33057,131,130,1,1
33058,49,47,2,2
33059,100,86,14,14
33060,53,57,-4,4
33061,116,99,17,17
33062,61,55,6,6
33063,73,60,13,13
33064,70,60,10,10
33065,56,50,6,6
33066,69,63,6,6
33067,76,64,12,12
33068,57,53,4,4
33069,36,33,3,3
33070,75,75,0,0
33071,62,53,9,9
33072,78,68,10,10
33073,112,103,9,9
33074,85,70,15,15
33075,164,135,29,29
33076,52,56,-4,4
33077,102,91,11,11
33078,34,29,5,5
33079,52,50,2,2
33080,63,70,-7,7
33081,60,51,9,9
33082,145,128,17,17
33083,74,70,4,4
33084,106,102,4,4
33085,53,47,6,6
33086,114,109,5,5
33087,135,128,7,7
33088,119,103,16,16
33089,84,88,-4,4
33090,62,55,7,7
33091,150,137,13,13
33092,178,182,-4,4
33093,125,113,12,12
33094,125,113,12,12
33095,56,52,4,4
33096,83,77,6,6
33097,79,86,-7,7
33098,66,60,6,6
33099,62,55,7,7
33100,77,70,7,7
33101,113,104,9,9
33102,119,110,9,9
33103,100,81,19,19
33104,121,111,10,10
33105,102,88,14,14
33106,106,110,-4,4
33107,67,59,8,8
33108,104,87,17,17
33109,133,123,10,10
33110,138,117,21,21
33111,62,64,-2,2
33112,110,110,0,0
33113,140,121,19,19
33114,80,66,14,14
33115,103,96,7,7
33116,114,100,14,14
33117,55,49,6,6
33118,91,82,9,9
33119,38,33,5,5
33120,89,69,20,20
33121,129,111,18,18
33122,30,58,-28,28
33123,103,90,13,13
33124,100,96,4,4
33125,87,81,6,6
33126,99,85,14,14
33127,87,75,12,12
33128,91,84,7,7
33129,105,91,14,14
33130,104,91,13,13
33131,46,40,6,6
33132,86,69,17,17
33133,59,66,-7,7
33134,135,130,5,5
33135,47,41,6,6
33136,108,83,25,25
33137,108,91,17,17
33138,120,111,9,9
33139,50,68,-18,18
33140,102,110,-8,8
33141,129,127,2,2
33142,82,112,-30,30
33143,141,117,24,24
33144,87,73,14,14
33145,108,92,16,16
33146,113,114,-1,1
33147,166,147,19,19
33148,82,70,12,12
33149,34,57,-23,23
33150,57,53,4,4
33151,128,127,1,1
33152,86,84,2,2
33153,70,60,10,10
33154,106,94,12,12
33155,111,102,9,9
33156,89,90,-1,1
33157,28,23,5,5
33158,102,93,9,9
33159,159,126,33,33
33160,170,145,25,25
33161,98,90,8,8
33162,77,70,7,7
33163,118,109,9,9
33164,96,83,13,13
33165,51,53,-2,2
33166,63,52,11,11
33167,70,61,9,9
33168,99,100,-1,1
33169,58,50,8,8
33170,60,53,7,7
33171,78,72,6,6
33172,45,51,-6,6
33173,89,91,-2,2
33174,69,64,5,5
33175,84,79,5,5
33176,73,64,9,9
33177,178,153,25,25
33178,63,62,1,1
33179,108,94,14,14
33180,105,102,3,3
33181,43,39,4,4
33182,82,72,10,10
33183,76,70,6,6
33184,143,117,26,26
33185,91,79,12,12
33186,63,58,5,5
33187,136,119,17,17
33188,83,66,17,17
33189,128,106,22,22
33190,63,60,3,3
33191,72,69,3,3
33192,96,89,7,7
33193,66,50,16,16
33194,89,95,-6,6
33195,74,61,13,13
33196,69,62,7,7
33197,86,76,10,10
33198,105,90,15,15
33199,92,85,7,7
33200,49,50,-1,1
33201,151,123,28,28
33202,87,87,0,0
33203,86,79,7,7
33204,55,47,8,8
33205,113,113,0,0
33206,96,85,11,11
33207,84,74,10,10
33208,102,91,11,11
33209,85,81,4,4
33210,141,131,10,10
33211,90,70,20,20
33212,57,52,5,5
33213,80,78,2,2
33214,111,94,17,17
33215,82,110,-28,28
33216,85,77,8,8
33217,85,70,15,15
33218,67,58,9,9
33219,86,74,12,12
33220,102,84,18,18
33221,71,65,6,6
33222,130,140,-10,10
33223,76,71,5,5
33224,70,68,2,2
33225,86,82,4,4
33226,55,42,13,13
33227,97,88,9,9
33228,98,104,-6,6
33229,70,55,15,15
33230,102,85,17,17
33231,79,65,14,14
33232,104,90,14,14
33233,70,57,13,13
33234,94,82,12,12
33235,103,95,8,8
33236,102,94,8,8
33237,102,87,15,15
33238,67,58,9,9
33239,165,146,19,19
33240,73,81,-8,8
33241,149,125,24,24
33242,92,81,11,11
33243,57,57,0,0
33244,76,59,17,17
33245,129,110,19,19
33246,66,63,3,3
33247,132,112,20,20
33248,108,92,16,16
33249,162,137,25,25
33250,104,90,14,14
33251,98,93,5,5
33252,81,67,14,14
33253,106,104,2,2
33254,134,128,6,6
33255,118,112,6,6
33256,156,127,29,29
33257,73,62,11,11
33258,106,97,9,9
33259,64,54,10,10
33260,66,53,13,13
33261,126,99,27,27
33262,103,92,11,11
33263,57,50,7,7
33264,158,149,9,9
33265,103,91,12,12
33266,103,92,11,11
33267,172,147,25,25
33268,137,126,11,11
33269,95,79,16,16
33270,127,108,19,19
33271,87,76,11,11
33272,136,106,30,30
33273,51,47,4,4
33274,95,83,12,12
33275,100,92,8,8
33276,140,124,16,16
33277,102,91,11,11
33278,69,62,7,7
33279,148,133,15,15
33280,121,126,-5,5
33281,133,123,10,10
33282,106,97,9,9
33283,95,80,15,15
33284,71,77,-6,6
33285,148,136,12,12
33286,188,166,22,22
33287,111,99,12,12
33288,88,80,8,8
33289,71,76,-5,5
33290,83,78,5,5
33291,44,39,5,5
33292,69,58,11,11
33293,44,39,5,5
33294,111,96,15,15
33295,105,101,4,4
33296,76,68,8,8
33297,95,85,10,10
33298,181,159,22,22
33299,128,107,21,21
33300,81,74,7,7
33301,175,143,32,32
33302,57,50,7,7
33303,70,61,9,9
33304,77,63,14,14
33305,61,55,6,6
33306,108,100,8,8
33307,69,62,7,7
33308,61,55,6,6
33309,116,101,15,15
33310,50,47,3,3
33311,95,80,15,15
33312,62,62,0,0
33313,161,137,24,24
33314,101,95,6,6
33315,84,68,16,16
33316,87,85,2,2
33317,71,61,10,10
33318,56,53,3,3
33319,77,67,10,10
33320,100,107,-7,7
33321,74,69,5,5
33322,59,59,0,0
33323,117,106,11,11
33324,102,90,12,12
33325,97,86,11,11
33326,77,69,8,8
33327,128,125,3,3
33328,89,77,12,12
33329,67,61,6,6
33330,69,64,5,5
33331,104,96,8,8
33332,55,53,2,2
33333,62,55,7,7
33334,101,88,13,13
33335,78,71,7,7
33336,86,67,19,19
33337,81,70,11,11
33338,104,85,19,19
33339,57,47,10,10
33340,101,83,18,18
33341,84,71,13,13
33342,73,73,0,0
33343,106,99,7,7
33344,102,96,6,6
33345,71,66,5,5
33346,144,134,10,10
33347,131,103,28,28
33348,82,63,19,19
33349,83,66,17,17
33350,169,151,18,18
33351,70,58,12,12
33352,158,136,22,22
33353,162,124,38,38
33354,104,87,17,17
33355,52,41,11,11
33356,59,49,10,10
33357,70,65,5,5
33358,112,109,3,3
33359,106,87,19,19
33360,130,111,19,19
33361,111,93,18,18
33362,117,96,21,21
33363,118,115,3,3
33364,74,72,2,2
33365,52,46,6,6
33366,97,99,-2,2
33367,72,64,8,8
33368,84,71,13,13
33369,50,47,3,3
33370,101,87,14,14
33371,52,50,2,2
33372,85,80,5,5
33373,90,79,11,11
33374,66,64,2,2
33375,132,109,23,23
33376,91,83,8,8
33377,46,42,4,4
33378,36,34,2,2
33379,94,87,7,7
33380,65,57,8,8
33381,85,76,9,9
33382,78,66,12,12
33383,140,136,4,4
33384,79,71,8,8
33385,108,98,10,10
33386,84,72,12,12
33387,89,80,9,9
33388,119,100,19,19
33389,52,43,9,9
33390,130,109,21,21
33391,57,44,13,13
33392,128,111,17,17
33393,106,90,16,16
33394,65,50,15,15
33395,75,74,1,1
33396,153,142,11,11
33397,42,38,4,4
33398,70,61,9,9
33399,157,141,16,16
33400,153,135,18,18
33401,93,79,14,14
33402,85,73,12,12
33403,70,74,-4,4
33404,84,81,3,3
33405,61,54,7,7
33406,80,72,8,8
33407,60,50,10,10
33408,60,55,5,5
33409,122,108,14,14
33410,87,80,7,7
33411,207,152,55,55
33412,102,98,4,4
33413,52,53,-1,1
33414,75,71,4,4
33415,62,56,6,6
33416,82,80,2,2
33417,144,112,32,32
33418,130,124,6,6
33419,90,73,17,17
33420,71,67,4,4
33421,77,64,13,13
33422,72,62,10,10
33423,46,41,5,5
33424,55,59,-4,4
33425,64,85,-21,21
33426,73,63,10,10
33427,76,73,3,3
33428,100,91,9,9
33429,108,90,18,18
33430,130,112,18,18
33431,136,119,17,17
33432,89,78,11,11
33433,79,74,5,5
33434,110,95,15,15
33435,125,119,6,6
33436,79,78,1,1
33437,32,21,11,11
33438,97,116,-19,19
33439,135,120,15,15
33440,93,86,7,7
33441,111,99,12,12
33442,87,88,-1,1
33443,131,106,25,25
33444,72,60,12,12
33445,72,73,-1,1
33446,192,151,41,41
33447,129,108,21,21
33448,102,88,14,14
33449,86,71,15,15
33450,134,114,20,20
33451,157,142,15,15
33452,75,67,8,8
33453,93,83,10,10
33454,96,85,11,11
33455,105,92,13,13
33456,110,95,15,15
33457,137,120,17,17
33458,194,177,17,17
33459,82,70,12,12
33460,102,103,-1,1
33461,92,84,8,8
33462,119,91,28,28
33463,113,98,15,15
33464,85,78,7,7
33465,66,59,7,7
33466,145,133,12,12
33467,112,101,11,11
33468,133,122,11,11
33469,113,93,20,20
33470,175,136,39,39
33471,113,107,6,6
33472,59,51,8,8
33473,97,91,6,6
33474,74,67,7,7
33475,53,47,6,6
33476,108,98,10,10
33477,133,116,17,17
33478,46,40,6,6
33479,135,107,28,28
33480,111,95,16,16
33481,117,101,16,16
33482,69,61,8,8
33483,175,149,26,26
33484,83,71,12,12
33485,80,75,5,5
33486,95,92,3,3
33487,80,73,7,7
33488,71,65,6,6
33489,61,51,10,10
33490,83,75,8,8
33491,168,145,23,23
33492,78,69,9,9
33493,79,76,3,3
33494,112,106,6,6
33495,73,63,10,10
33496,71,78,-7,7
33497,86,78,8,8
33498,105,107,-2,2
33499,103,88,15,15
33500,81,72,9,9
33501,70,62,8,8
33502,107,88,19,19
33503,150,140,10,10
33504,70,55,15,15
33505,80,76,4,4
33506,48,50,-2,2
33507,100,98,2,2
33508,52,55,-3,3
33509,97,86,11,11
33510,172,157,15,15
33511,28,29,-1,1
33512,42,65,-23,23
33513,120,105,15,15
33514,60,56,4,4
33515,118,84,34,34
33516,175,149,26,26
33517,69,61,8,8
33518,50,43,7,7
33519,90,83,7,7
33520,109,98,11,11
33521,63,66,-3,3
33522,63,57,6,6
33523,54,48,6,6
33524,115,107,8,8
33525,61,57,4,4
33526,91,85,6,6
33527,76,82,-6,6
33528,72,72,0,0
33529,64,59,5,5
33530,47,41,6,6
33531,67,56,11,11
33532,111,95,16,16
33533,102,122,-20,20
33534,68,56,12,12
33535,101,80,21,21
33536,154,124,30,30
33537,71,65,6,6
33538,77,66,11,11
33539,74,67,7,7
33540,95,87,8,8
33541,98,88,10,10
33542,87,70,17,17
33543,134,124,10,10
33544,118,105,13,13
33545,146,130,16,16
33546,82,85,-3,3
33547,85,65,20,20
33548,68,80,-12,12
33549,62,57,5,5
33550,79,61,18,18
33551,33,30,3,3
33552,130,111,19,19
33553,88,64,24,24
33554,132,122,10,10
33555,69,68,1,1
33556,98,80,18,18
33557,113,88,25,25
33558,84,75,9,9
33559,78,68,10,10
33560,121,99,22,22
33561,69,60,9,9
33562,70,76,-6,6
33563,89,87,2,2
33564,97,87,10,10
33565,89,78,11,11
33566,128,113,15,15
33567,149,133,16,16
33568,115,103,12,12
33569,68,55,13,13
33570,44,35,9,9
33571,36,34,2,2
33572,64,71,-7,7
33573,75,61,14,14
33574,85,76,9,9
33575,90,81,9,9
33576,98,100,-2,2
33577,110,90,20,20
33578,91,86,5,5
33579,179,148,31,31
33580,97,78,19,19
33581,65,61,4,4
33582,111,107,4,4
33583,191,153,38,38
33584,181,143,38,38
33585,58,57,1,1
33586,90,70,20,20
33587,101,82,19,19
33588,164,129,35,35
33589,117,97,20,20
33590,84,81,3,3
33591,112,95,17,17
33592,117,96,21,21
33593,80,72,8,8
33594,150,132,18,18
33595,94,84,10,10
33596,115,110,5,5
33597,157,128,29,29
33598,69,66,3,3
33599,61,53,8,8
33600,97,88,9,9
33601,74,71,3,3
33602,90,85,5,5
33603,59,47,12,12
33604,121,99,22,22
33605,102,83,19,19
33606,107,104,3,3
33607,102,98,4,4
33608,256,246,10,10
33609,75,71,4,4
33610,80,71,9,9
33611,67,62,5,5
33612,122,108,14,14
33613,65,53,12,12
33614,74,74,0,0
33615,86,79,7,7
33616,206,184,22,22
33617,139,129,10,10
33618,76,69,7,7
33619,186,158,28,28
33620,111,101,10,10
33621,80,65,15,15
33622,148,133,15,15
33623,76,74,2,2
33624,123,129,-6,6
33625,79,86,-7,7
33626,118,101,17,17
33627,51,47,4,4
33628,88,92,-4,4
33629,157,144,13,13
33630,84,80,4,4
33631,129,107,22,22
33632,131,108,23,23
33633,74,82,-8,8
33634,93,83,10,10
33635,88,81,7,7
33636,74,76,-2,2
33637,102,89,13,13
33638,143,125,18,18
33639,67,56,11,11
33640,197,172,25,25
33641,98,81,17,17
33642,117,97,20,20
33643,120,111,9,9
33644,118,113,5,5
33645,63,47,16,16
33646,139,126,13,13
33647,144,136,8,8
33648,96,82,14,14
33649,110,82,28,28
33650,121,111,10,10
33651,68,72,-4,4
33652,84,98,-14,14
33653,118,106,12,12
33654,96,88,8,8
33655,78,72,6,6
33656,27,28,-1,1
33657,157,133,24,24
33658,137,118,19,19
33659,107,95,12,12
33660,95,85,10,10
33661,45,48,-3,3
33662,69,90,-21,21
33663,196,160,36,36
33664,108,87,21,21
33665,88,76,12,12
33666,199,168,31,31
33667,111,106,5,5
33668,179,146,33,33
33669,157,142,15,15
33670,82,65,17,17
33671,77,64,13,13
33672,56,45,11,11
33673,63,61,2,2
33674,196,169,27,27
33675,89,84,5,5
33676,126,109,17,17
33677,39,36,3,3
33678,80,79,1,1
33679,97,86,11,11
33680,85,71,14,14
33681,58,51,7,7
33682,132,116,16,16
33683,54,61,-7,7
33684,99,86,13,13
33685,91,84,7,7
33686,75,61,14,14
33687,57,58,-1,1
33688,66,66,0,0
33689,105,103,2,2
33690,51,46,5,5
33691,134,111,23,23
33692,27,21,6,6
33693,71,56,15,15
33694,65,54,11,11
33695,112,84,28,28
33696,100,94,6,6
33697,56,52,4,4
33698,74,69,5,5
33699,137,122,15,15
33700,96,90,6,6
33701,113,111,2,2
33702,56,49,7,7
33703,91,84,7,7
33704,179,160,19,19
33705,54,44,10,10
33706,90,83,7,7
33707,92,80,12,12
33708,87,74,13,13
33709,122,101,21,21
33710,150,124,26,26
33711,90,77,13,13
33712,98,84,14,14
33713,59,52,7,7
33714,122,111,11,11
33715,150,142,8,8
33716,74,65,9,9
33717,65,61,4,4
33718,53,52,1,1
33719,93,84,9,9
33720,108,92,16,16
33721,70,71,-1,1
33722,135,121,14,14
33723,87,82,5,5
33724,65,65,0,0
33725,55,41,14,14
33726,40,35,5,5
33727,88,75,13,13
33728,168,141,27,27
33729,37,34,3,3
33730,80,63,17,17
33731,92,72,20,20
33732,157,129,28,28
33733,121,109,12,12
33734,119,114,5,5
33735,131,97,34,34
33736,112,93,19,19
33737,71,74,-3,3
33738,73,66,7,7
33739,99,84,15,15
33740,81,64,17,17
33741,70,63,7,7
33742,91,81,10,10
33743,63,54,9,9
33744,65,56,9,9
33745,92,91,1,1
33746,83,70,13,13
33747,62,61,1,1
33748,137,122,15,15
33749,194,163,31,31
33750,104,88,16,16
33751,136,122,14,14
33752,149,135,14,14
33753,109,99,10,10
33754,70,59,11,11
33755,121,104,17,17
33756,73,68,5,5
33757,97,79,18,18
33758,105,88,17,17
33759,131,115,16,16
33760,118,102,16,16
33761,97,84,13,13
33762,49,44,5,5
33763,110,99,11,11
33764,87,83,4,4
33765,107,97,10,10
33766,72,62,10,10
33767,173,153,20,20
33768,117,109,8,8
33769,91,86,5,5
33770,93,69,24,24
33771,34,20,14,14
33772,75,60,15,15
33773,110,105,5,5
33774,76,76,0,0
33775,122,144,-22,22
33776,94,88,6,6
33777,60,56,4,4
33778,96,89,7,7
33779,92,84,8,8
33780,155,131,24,24
33781,116,95,21,21
33782,113,101,12,12
33783,70,55,15,15
33784,127,121,6,6
33785,104,105,-1,1
33786,103,96,7,7
33787,66,51,15,15
33788,58,52,6,6
33789,47,51,-4,4
33790,124,114,10,10
33791,47,37,10,10
33792,134,107,27,27
33793,126,106,20,20
33794,133,126,7,7
33795,101,92,9,9
33796,48,43,5,5
33797,69,57,12,12
33798,62,51,11,11
33799,112,92,20,20
33800,124,117,7,7
33801,68,59,9,9
33802,70,61,9,9
33803,98,88,10,10
33804,61,67,-6,6
33805,98,93,5,5
33806,128,103,25,25
33807,112,98,14,14
33808,62,57,5,5
33809,106,86,20,20
33810,90,74,16,16
33811,57,49,8,8
33812,127,114,13,13
33813,83,71,12,12
33814,123,107,16,16
33815,99,83,16,16
33816,114,109,5,5
33817,124,117,7,7
33818,63,57,6,6
33819,169,147,22,22
33820,86,78,8,8
33821,97,87,10,10
33822,95,79,16,16
33823,97,88,9,9
33824,120,99,21,21
33825,100,86,14,14
33826,127,124,3,3
33827,65,59,6,6
33828,74,67,7,7
33829,146,131,15,15
33830,93,85,8,8
33831,76,64,12,12
33832,127,113,14,14
33833,61,52,9,9
33834,81,75,6,6
33835,132,92,40,40
33836,69,52,17,17
33837,56,61,-5,5
33838,103,89,14,14
33839,110,105,5,5
33840,102,91,11,11
33841,74,60,14,14
33842,111,101,10,10
33843,74,63,11,11
33844,58,50,8,8
33845,96,95,1,1
33846,67,62,5,5
33847,57,51,6,6
33848,104,89,15,15
33849,60,59,1,1
33850,50,48,2,2
33851,120,106,14,14
33852,73,66,7,7
33853,45,38,7,7
33854,95,89,6,6
33855,125,120,5,5
33856,106,95,11,11
33857,80,65,15,15
33858,138,126,12,12
33859,105,98,7,7
33860,100,93,7,7
33861,89,79,10,10
33862,161,122,39,39
33863,115,110,5,5
33864,109,94,15,15
33865,120,101,19,19
33866,64,57,7,7
33867,85,78,7,7
33868,139,124,15,15
33869,56,56,0,0
33870,100,91,9,9
33871,61,53,8,8
33872,87,83,4,4
33873,78,62,16,16
33874,135,114,21,21
33875,149,137,12,12
33876,123,102,21,21
33877,114,86,28,28
33878,106,99,7,7
33879,121,96,25,25
33880,103,105,-2,2
33881,133,123,10,10
33882,83,73,10,10
33883,90,75,15,15
33884,43,36,7,7
33885,195,166,29,29
33886,82,67,15,15
33887,121,106,15,15
33888,77,70,7,7
33889,80,74,6,6
33890,56,50,6,6
33891,70,58,12,12
33892,57,50,7,7
33893,98,89,9,9
33894,85,77,8,8
33895,102,91,11,11
33896,114,91,23,23
33897,153,130,23,23
33898,61,50,11,11
33899,99,89,10,10
33900,77,66,11,11
33901,89,66,23,23
33902,79,65,14,14
33903,108,106,2,2
33904,102,78,24,24
33905,54,53,1,1
33906,101,86,15,15
33907,131,112,19,19
33908,56,57,-1,1
33909,110,92,18,18
33910,78,64,14,14
33911,153,131,22,22
33912,73,68,5,5
33913,105,90,15,15
33914,57,59,-2,2
33915,95,98,-3,3
33916,56,56,0,0
33917,107,91,16,16
33918,62,71,-9,9
33919,157,139,18,18
33920,94,82,12,12
33921,84,64,20,20
33922,131,115,16,16
33923,75,66,9,9
33924,122,109,13,13
33925,114,112,2,2
33926,61,50,11,11
33927,137,128,9,9
33928,72,65,7,7
33929,115,90,25,25
33930,49,75,-26,26
33931,98,81,17,17
33932,114,104,10,10
33933,79,73,6,6
33934,75,61,14,14
33935,111,86,25,25
33936,84,75,9,9
33937,61,55,6,6
33938,70,68,2,2
33939,103,98,5,5
33940,119,97,22,22
33941,62,58,4,4
33942,94,76,18,18
33943,161,140,21,21
33944,253,205,48,48
33945,112,107,5,5
33946,63,66,-3,3
33947,90,76,14,14
33948,124,108,16,16
33949,85,67,18,18
33950,167,149,18,18
33951,115,84,31,31
33952,113,91,22,22
33953,95,87,8,8
33954,93,86,7,7
33955,138,111,27,27
33956,74,67,7,7
33957,52,51,1,1
33958,104,93,11,11
33959,143,123,20,20
33960,74,72,2,2
33961,69,62,7,7
33962,133,126,7,7
33963,82,74,8,8
33964,98,81,17,17
33965,77,67,10,10
33966,142,131,11,11
33967,84,78,6,6
33968,95,92,3,3
33969,83,73,10,10
33970,114,93,21,21
33971,53,67,-14,14
33972,91,78,13,13
33973,122,118,4,4
33974,89,100,-11,11
33975,81,77,4,4
33976,110,105,5,5
33977,96,82,14,14
33978,119,101,18,18
33979,80,77,3,3
33980,108,89,19,19
33981,71,59,12,12
33982,80,66,14,14
33983,157,148,9,9
33984,85,63,22,22
33985,47,49,-2,2
33986,68,56,12,12
33987,86,64,22,22
33988,71,63,8,8
33989,64,55,9,9
33990,65,60,5,5
33991,155,148,7,7
33992,108,105,3,3
33993,188,158,30,30
33994,109,100,9,9
33995,64,60,4,4
33996,120,126,-6,6
33997,72,66,6,6
33998,55,51,4,4
33999,69,58,11,11
34000,186,154,32,32
34001,96,101,-5,5
34002,77,71,6,6
34003,83,75,8,8
34004,79,67,12,12
34005,55,58,-3,3
34006,155,140,15,15
34007,91,79,12,12
34008,48,49,-1,1
34009,122,109,13,13
34010,75,80,-5,5
34011,109,103,6,6
34012,110,96,14,14
34013,79,68,11,11
34014,69,61,8,8
34015,78,75,3,3
34016,129,120,9,9
34017,131,118,13,13
34018,45,40,5,5
34019,96,80,16,16
34020,105,110,-5,5
34021,128,118,10,10
34022,139,130,9,9
34023,116,94,22,22
34024,81,74,7,7
34025,77,70,7,7
34026,100,87,13,13
34027,68,58,10,10
34028,70,66,4,4
34029,222,221,1,1
34030,22,30,-8,8
34031,121,107,14,14
34032,67,63,4,4
34033,87,71,16,16
34034,58,52,6,6
34035,69,74,-5,5
34036,71,71,0,0
34037,54,58,-4,4
34038,60,49,11,11
34039,87,76,11,11
34040,101,87,14,14
34041,61,57,4,4
34042,141,117,24,24
34043,121,118,3,3
34044,102,86,16,16
34045,78,71,7,7
34046,96,99,-3,3
34047,56,46,10,10
34048,101,73,28,28
34049,64,61,3,3
34050,55,57,-2,2
34051,89,72,17,17
34052,84,66,18,18
34053,90,79,11,11
34054,166,140,26,26
34055,85,101,-16,16
34056,94,83,11,11
34057,130,130,0,0
34058,146,138,8,8
34059,77,84,-7,7
34060,97,82,15,15
34061,102,88,14,14
34062,150,142,8,8
34063,104,92,12,12
34064,90,80,10,10
34065,70,61,9,9
34066,45,40,5,5
34067,76,62,14,14
34068,90,97,-7,7
34069,63,49,14,14
34070,123,105,18,18
34071,91,71,20,20
34072,102,76,26,26
34073,120,100,20,20
34074,48,62,-14,14
34075,42,39,3,3
34076,85,79,6,6
34077,67,55,12,12
34078,73,53,20,20
34079,67,58,9,9
34080,87,79,8,8
34081,172,141,31,31
34082,128,122,6,6
34083,116,110,6,6
34084,102,84,18,18
34085,134,124,10,10
34086,94,91,3,3
34087,55,49,6,6
34088,175,166,9,9
34089,71,64,7,7
34090,53,55,-2,2
34091,92,91,1,1
34092,111,96,15,15
34093,120,110,10,10
34094,107,107,0,0
34095,48,38,10,10
34096,85,69,16,16
34097,122,133,-11,11
34098,90,86,4,4
34099,70,60,10,10
34100,63,58,5,5
34101,110,93,17,17
34102,56,52,4,4
34103,96,91,5,5
34104,79,73,6,6
34105,56,49,7,7
34106,115,93,22,22
34107,60,59,1,1
34108,59,54,5,5
34109,74,65,9,9
34110,110,108,2,2
34111,99,97,2,2
34112,106,95,11,11
34113,62,48,14,14
34114,93,82,11,11
34115,59,50,9,9
34116,88,73,15,15
34117,75,79,-4,4
34118,78,62,16,16
34119,67,62,5,5
34120,118,99,19,19
34121,66,56,10,10
34122,69,63,6,6
34123,110,91,19,19
34124,102,93,9,9
34125,127,116,11,11
34126,99,92,7,7
34127,127,121,6,6
34128,97,78,19,19
34129,52,45,7,7
34130,56,54,2,2
34131,64,55,9,9
34132,111,91,20,20
34133,114,104,10,10
34134,162,134,28,28
34135,56,59,-3,3
34136,35,30,5,5
34137,83,78,5,5
34138,151,140,11,11
34139,77,66,11,11
34140,65,61,4,4
34141,67,58,9,9
34142,81,69,12,12
34143,56,48,8,8
34144,67,61,6,6
34145,59,50,9,9
34146,142,113,29,29
34147,79,73,6,6
34148,104,92,12,12
34149,68,62,6,6
34150,67,67,0,0
34151,56,49,7,7
34152,66,56,10,10
34153,31,22,9,9
34154,121,102,19,19
34155,115,103,12,12
34156,68,58,10,10
34157,103,94,9,9
34158,71,64,7,7
34159,115,111,4,4
34160,122,103,19,19
34161,99,82,17,17
34162,112,99,13,13
34163,215,207,8,8
34164,68,64,4,4
34165,84,74,10,10
34166,82,72,10,10
34167,82,72,10,10
34168,95,82,13,13
34169,80,73,7,7
34170,121,99,22,22
34171,103,86,17,17
34172,74,69,5,5
34173,59,52,7,7
34174,106,88,18,18
34175,62,51,11,11
34176,49,46,3,3
34177,62,57,5,5
34178,151,137,14,14
34179,178,142,36,36
34180,96,86,10,10
34181,91,82,9,9
34182,74,65,9,9
34183,78,74,4,4
34184,95,105,-10,10
34185,109,97,12,12
34186,59,51,8,8
34187,64,49,15,15
34188,122,96,26,26
34189,106,99,7,7
34190,137,120,17,17
34191,79,69,10,10
34192,45,44,1,1
34193,96,80,16,16
34194,53,45,8,8
34195,121,101,20,20
34196,138,128,10,10
34197,107,90,17,17
34198,90,78,12,12
34199,83,76,7,7
34200,65,57,8,8
34201,68,69,-1,1
34202,50,44,6,6
34203,44,60,-16,16
34204,78,73,5,5
34205,74,67,7,7
34206,67,61,6,6
34207,116,97,19,19
34208,50,40,10,10
34209,100,83,17,17
34210,52,45,7,7
34211,70,57,13,13
34212,92,85,7,7
34213,130,110,20,20
34214,139,130,9,9
34215,96,78,18,18
34216,98,82,16,16
34217,49,41,8,8
34218,90,71,19,19
34219,103,102,1,1
34220,39,41,-2,2
34221,172,140,32,32
34222,104,89,15,15
34223,63,56,7,7
34224,78,68,10,10
34225,65,61,4,4
34226,58,51,7,7
34227,140,135,5,5
34228,95,93,2,2
34229,77,63,14,14
34230,122,105,17,17
34231,63,46,17,17
34232,26,23,3,3
34233,78,69,9,9
34234,60,57,3,3
34235,80,72,8,8
34236,96,88,8,8
34237,62,58,4,4
34238,77,73,4,4
34239,101,86,15,15
34240,103,94,9,9
34241,87,84,3,3
34242,132,118,14,14
34243,223,183,40,40
34244,117,97,20,20
34245,151,133,18,18
34246,87,86,1,1
34247,103,90,13,13
34248,59,56,3,3
34249,150,115,35,35
34250,100,84,16,16
34251,92,72,20,20
34252,65,69,-4,4
34253,72,61,11,11
34254,48,40,8,8
34255,114,97,17,17
34256,63,51,12,12
34257,139,126,13,13
34258,86,75,11,11
34259,96,80,16,16
34260,80,70,10,10
34261,126,107,19,19
34262,112,96,16,16
34263,99,101,-2,2
34264,83,66,17,17
34265,62,53,9,9
34266,53,57,-4,4
34267,40,37,3,3
34268,103,91,12,12
34269,87,81,6,6
34270,66,61,5,5
34271,116,95,21,21
34272,107,86,21,21
34273,121,110,11,11
34274,114,91,23,23
34275,111,100,11,11
34276,105,95,10,10
34277,103,95,8,8
34278,106,84,22,22
34279,126,109,17,17
34280,104,89,15,15
34281,77,66,11,11
34282,114,107,7,7
34283,77,68,9,9
34284,83,76,7,7
34285,78,79,-1,1
34286,81,75,6,6
34287,64,57,7,7
34288,134,119,15,15
34289,78,70,8,8
34290,137,120,17,17
34291,80,70,10,10
34292,145,120,25,25
34293,103,92,11,11
34294,101,90,11,11
34295,87,72,15,15
34296,83,75,8,8
34297,98,79,19,19
34298,133,120,13,13
34299,114,106,8,8
34300,119,97,22,22
34301,94,83,11,11
34302,85,82,3,3
34303,162,151,11,11
34304,85,65,20,20
34305,62,51,11,11
34306,83,70,13,13
34307,99,84,15,15
34308,79,76,3,3
34309,95,87,8,8
34310,140,127,13,13
34311,165,143,22,22
34312,104,88,16,16
34313,110,113,-3,3
34314,138,165,-27,27
34315,117,119,-2,2
34316,120,105,15,15
34317,67,68,-1,1
34318,82,72,10,10
34319,110,92,18,18
34320,110,92,18,18
34321,63,61,2,2
34322,54,48,6,6
34323,128,119,9,9
34324,90,75,15,15
34325,99,93,6,6
34326,121,130,-9,9
34327,47,49,-2,2
34328,88,71,17,17
34329,96,78,18,18
34330,83,92,-9,9
34331,91,71,20,20
34332,100,91,9,9
34333,68,65,3,3
34334,44,40,4,4
34335,94,81,13,13
34336,48,46,2,2
34337,63,54,9,9
34338,114,102,12,12
34339,88,73,15,15
34340,105,88,17,17
34341,67,62,5,5
34342,61,47,14,14
34343,120,107,13,13
34344,111,91,20,20
34345,102,84,18,18
34346,111,97,14,14
34347,48,41,7,7
34348,102,100,2,2
34349,101,90,11,11
34350,88,84,4,4
34351,58,56,2,2
34352,64,57,7,7
34353,65,61,4,4
34354,156,137,19,19
34355,84,74,10,10
34356,169,136,33,33
34357,130,101,29,29
34358,51,55,-4,4
34359,60,50,10,10
34360,109,84,25,25
34361,107,97,10,10
34362,133,134,-1,1
34363,73,66,7,7
34364,117,106,11,11
34365,105,92,13,13
34366,118,126,-8,8
34367,107,94,13,13
34368,89,74,15,15
34369,130,113,17,17
34370,107,99,8,8
34371,86,80,6,6
34372,87,81,6,6
34373,166,145,21,21
34374,91,83,8,8
34375,83,67,16,16
34376,90,88,2,2
34377,60,62,-2,2
34378,73,68,5,5
34379,133,111,22,22
34380,131,119,12,12
34381,128,139,-11,11
34382,93,79,14,14
34383,48,45,3,3
34384,126,96,30,30
34385,62,64,-2,2
34386,50,51,-1,1
34387,70,61,9,9
34388,111,100,11,11
34389,89,72,17,17
34390,94,88,6,6
34391,38,38,0,0
34392,76,78,-2,2
34393,92,84,8,8
34394,66,58,8,8
34395,84,74,10,10
34396,72,65,7,7
34397,79,69,10,10
34398,78,71,7,7
34399,61,54,7,7
34400,68,59,9,9
34401,114,96,18,18
34402,84,79,5,5
34403,51,55,-4,4
34404,96,81,15,15
34405,74,63,11,11
34406,64,65,-1,1
34407,79,70,9,9
34408,89,75,14,14
34409,150,138,12,12
34410,137,106,31,31
34411,62,57,5,5
34412,120,102,18,18
34413,75,49,26,26
34414,63,57,6,6
34415,144,136,8,8
34416,83,69,14,14
34417,71,90,-19,19
34418,125,117,8,8
34419,71,62,9,9
34420,90,85,5,5
34421,57,51,6,6
34422,68,66,2,2
34423,117,96,21,21
34424,142,126,16,16
34425,95,80,15,15
34426,91,87,4,4
34427,86,80,6,6
34428,119,112,7,7
34429,71,68,3,3
34430,97,79,18,18
34431,92,84,8,8
34432,86,74,12,12
34433,48,49,-1,1
34434,50,37,13,13
34435,105,131,-26,26
34436,105,97,8,8
34437,127,102,25,25
34438,108,98,10,10
34439,71,62,9,9
34440,73,67,6,6
34441,68,68,0,0
34442,147,124,23,23
34443,142,131,11,11
34444,39,38,1,1
34445,91,70,21,21
34446,79,76,3,3
34447,84,70,14,14
34448,123,118,5,5
34449,63,56,7,7
34450,196,174,22,22
34451,161,146,15,15
34452,152,114,38,38
34453,144,121,23,23
34454,96,88,8,8
34455,125,112,13,13
34456,82,69,13,13
34457,128,104,24,24
34458,160,150,10,10
34459,43,40,3,3
34460,68,60,8,8
34461,108,77,31,31
34462,74,65,9,9
34463,52,45,7,7
34464,107,107,0,0
34465,64,62,2,2
34466,89,77,12,12
34467,85,65,20,20
34468,73,72,1,1
34469,177,169,8,8
34470,111,98,13,13
34471,67,67,0,0
34472,76,64,12,12
34473,152,123,29,29
34474,90,85,5,5
34475,79,68,11,11
34476,99,91,8,8
34477,78,65,13,13
34478,131,118,13,13
34479,100,88,12,12
34480,74,73,1,1
34481,99,88,11,11
34482,135,121,14,14
34483,104,96,8,8
34484,67,55,12,12
34485,102,82,20,20
34486,48,43,5,5
34487,243,213,30,30
34488,97,86,11,11
34489,112,99,13,13
34490,118,112,6,6
34491,77,75,2,2
34492,73,57,16,16
34493,99,93,6,6
34494,60,73,-13,13
34495,155,138,17,17
34496,125,112,13,13
34497,202,158,44,44
34498,82,82,0,0
34499,100,83,17,17
34500,78,70,8,8
34501,59,57,2,2
34502,48,50,-2,2
34503,121,111,10,10
34504,128,112,16,16
34505,96,94,2,2
34506,133,111,22,22
34507,107,93,14,14
34508,106,89,17,17
34509,111,114,-3,3
34510,48,55,-7,7
34511,79,76,3,3
34512,121,100,21,21
34513,147,130,17,17
34514,113,104,9,9
34515,58,52,6,6
34516,93,73,20,20
34517,109,97,12,12
34518,85,79,6,6
34519,69,67,2,2
34520,70,62,8,8
34521,81,78,3,3
34522,47,38,9,9
34523,121,103,18,18
34524,151,124,27,27
34525,80,74,6,6
34526,60,51,9,9
34527,133,115,18,18
34528,65,64,1,1
34529,162,139,23,23
34530,73,59,14,14
34531,108,91,17,17
34532,87,74,13,13
34533,101,96,5,5
34534,90,84,6,6
34535,130,133,-3,3
34536,133,115,18,18
34537,139,126,13,13
34538,95,92,3,3
34539,96,84,12,12
34540,66,62,4,4
34541,69,66,3,3
34542,69,63,6,6
34543,86,73,13,13
34544,95,86,9,9
34545,91,78,13,13
34546,189,154,35,35
34547,109,99,10,10
34548,63,55,8,8
34549,156,143,13,13
34550,64,57,7,7
34551,117,104,13,13
34552,55,48,7,7
34553,115,111,4,4
34554,103,85,18,18
34555,155,133,22,22
34556,78,74,4,4
34557,159,149,10,10
34558,73,57,16,16
34559,188,166,22,22
34560,150,137,13,13
34561,103,88,15,15
34562,80,72,8,8
34563,92,84,8,8
34564,121,111,10,10
34565,113,103,10,10
34566,106,93,13,13
34567,72,58,14,14
34568,120,110,10,10
34569,49,47,2,2
34570,124,118,6,6
34571,82,74,8,8
34572,145,147,-2,2
34573,61,50,11,11
34574,108,94,14,14
34575,53,48,5,5
34576,117,100,17,17
34577,88,79,9,9
34578,122,87,35,35
34579,56,51,5,5
34580,161,135,26,26
34581,115,99,16,16
34582,100,92,8,8
34583,149,141,8,8
34584,126,108,18,18
34585,74,63,11,11
34586,124,107,17,17
34587,101,87,14,14
34588,83,83,0,0
34589,105,90,15,15
34590,143,127,16,16
34591,153,133,20,20
34592,54,47,7,7
34593,52,33,19,19
34594,87,77,10,10
34595,63,56,7,7
34596,84,80,4,4
34597,96,86,10,10
34598,59,54,5,5
34599,141,121,20,20
34600,121,102,19,19
34601,21,22,-1,1
34602,93,80,13,13
34603,126,119,7,7
34604,91,81,10,10
34605,126,114,12,12
34606,79,68,11,11
34607,133,124,9,9
34608,72,67,5,5
34609,117,92,25,25
34610,51,51,0,0
34611,92,82,10,10
34612,78,73,5,5
34613,70,66,4,4
34614,77,68,9,9
34615,94,76,18,18
34616,75,70,5,5
34617,93,87,6,6
34618,75,60,15,15
34619,149,134,15,15
34620,99,90,9,9
34621,94,97,-3,3
34622,98,81,17,17
34623,68,61,7,7
34624,101,131,-30,30
34625,115,94,21,21
34626,87,74,13,13
34627,100,104,-4,4
34628,80,78,2,2
34629,133,112,21,21
34630,54,49,5,5
34631,164,146,18,18
34632,98,86,12,12
34633,75,70,5,5
34634,77,63,14,14
34635,126,110,16,16
34636,124,107,17,17
34637,89,81,8,8
34638,77,69,8,8
34639,162,133,29,29
34640,129,103,26,26
34641,126,115,11,11
34642,90,77,13,13
34643,145,132,13,13
34644,59,59,0,0
34645,79,64,15,15
34646,100,82,18,18
34647,136,121,15,15
34648,53,54,-1,1
34649,109,93,16,16
34650,79,70,9,9
34651,111,99,12,12
34652,172,128,44,44
34653,142,126,16,16
34654,81,72,9,9
34655,100,88,12,12
34656,71,62,9,9
34657,37,37,0,0
34658,91,79,12,12
34659,85,74,11,11
34660,96,85,11,11
34661,96,86,10,10
34662,72,58,14,14
34663,58,50,8,8
34664,128,123,5,5
34665,90,72,18,18
34666,79,71,8,8
34667,57,47,10,10
34668,164,127,37,37
34669,147,105,42,42
34670,42,44,-2,2
34671,92,94,-2,2
34672,73,67,6,6
34673,80,73,7,7
34674,82,71,11,11
34675,82,75,7,7
34676,124,109,15,15
34677,87,85,2,2
34678,93,85,8,8
34679,151,126,25,25
34680,88,76,12,12
34681,99,83,16,16
34682,104,93,11,11
34683,80,74,6,6
34684,91,74,17,17
34685,116,121,-5,5
34686,136,113,23,23
34687,76,100,-24,24
34688,125,121,4,4
34689,99,75,24,24
34690,112,112,0,0
34691,103,106,-3,3
34692,152,137,15,15
34693,122,105,17,17
34694,74,54,20,20
34695,106,99,7,7
34696,76,65,11,11
34697,59,53,6,6
34698,100,107,-7,7
34699,58,54,4,4
34700,69,64,5,5
34701,120,117,3,3
34702,74,66,8,8
34703,55,52,3,3
34704,89,79,10,10
34705,79,70,9,9
34706,137,128,9,9
34707,81,71,10,10
34708,64,68,-4,4
34709,170,152,18,18
34710,69,61,8,8
34711,72,58,14,14
34712,73,64,9,9
34713,66,66,0,0
34714,114,99,15,15
34715,96,94,2,2
34716,67,61,6,6
34717,83,73,10,10
34718,72,62,10,10
34719,150,135,15,15
34720,56,43,13,13
34721,66,60,6,6
34722,53,54,-1,1
34723,169,141,28,28
34724,66,60,6,6
34725,105,100,5,5
34726,101,88,13,13
34727,78,74,4,4
34728,130,115,15,15
34729,140,121,19,19
34730,91,96,-5,5
34731,89,71,18,18
34732,73,64,9,9
34733,111,100,11,11
34734,111,104,7,7
34735,154,133,21,21
34736,56,49,7,7
34737,136,115,21,21
34738,101,84,17,17
34739,120,112,8,8
34740,62,48,14,14
34741,105,92,13,13
34742,76,69,7,7
34743,161,149,12,12
34744,88,83,5,5
34745,51,48,3,3
34746,108,100,8,8
34747,101,89,12,12
34748,74,66,8,8
34749,189,150,39,39
34750,46,39,7,7
34751,58,55,3,3
34752,100,79,21,21
34753,171,135,36,36
34754,45,40,5,5
34755,87,58,29,29
34756,57,49,8,8
34757,137,110,27,27
34758,72,64,8,8
34759,115,99,16,16
34760,98,85,13,13
34761,58,53,5,5
34762,87,95,-8,8
34763,79,70,9,9
34764,79,70,9,9
34765,67,56,11,11
34766,32,34,-2,2
34767,76,69,7,7
34768,80,64,16,16
34769,106,85,21,21
34770,54,53,1,1
34771,75,72,3,3
34772,149,131,18,18
34773,110,91,19,19
34774,106,98,8,8
34775,130,119,11,11
34776,49,43,6,6
34777,119,110,9,9
34778,75,71,4,4
34779,89,78,11,11
34780,63,51,12,12
34781,64,52,12,12
34782,116,103,13,13
34783,79,61,18,18
34784,92,86,6,6
34785,70,66,4,4
34786,120,105,15,15
34787,165,145,20,20
34788,187,171,16,16
34789,82,69,13,13
34790,53,64,-11,11
34791,88,76,12,12
34792,75,63,12,12
34793,66,55,11,11
34794,80,69,11,11
34795,113,93,20,20
34796,48,38,10,10
34797,52,45,7,7
34798,169,145,24,24
34799,100,96,4,4
34800,71,73,-2,2
34801,103,104,-1,1
34802,127,111,16,16
34803,132,116,16,16
34804,136,120,16,16
34805,67,48,19,19
34806,127,116,11,11
34807,142,133,9,9
34808,114,106,8,8
34809,71,68,3,3
34810,77,69,8,8
34811,86,87,-1,1
34812,166,133,33,33
34813,116,99,17,17
34814,42,35,7,7
34815,91,74,17,17
34816,81,69,12,12
34817,109,91,18,18
34818,164,151,13,13
34819,119,108,11,11
34820,79,65,14,14
34821,122,106,16,16
34822,67,59,8,8
34823,96,82,14,14
34824,81,70,11,11
34825,110,74,36,36
34826,142,126,16,16
34827,30,31,-1,1
34828,102,100,2,2
34829,128,101,27,27
34830,127,121,6,6
34831,55,80,-25,25
34832,125,140,-15,15
34833,85,82,3,3
34834,82,75,7,7
34835,99,98,1,1
34836,142,130,12,12
34837,99,101,-2,2
34838,96,93,3,3
34839,87,92,-5,5
34840,76,64,12,12
34841,95,90,5,5
34842,61,58,3,3
34843,58,59,-1,1
34844,88,78,10,10
34845,87,87,0,0
34846,89,77,12,12
34847,100,83,17,17
34848,87,81,6,6
34849,86,75,11,11
34850,43,47,-4,4
34851,33,35,-2,2
34852,97,84,13,13
34853,130,109,21,21
34854,149,123,26,26
34855,139,112,27,27
34856,71,65,6,6
34857,53,58,-5,5
34858,69,57,12,12
34859,114,90,24,24
34860,60,62,-2,2
34861,53,53,0,0
34862,80,71,9,9
34863,75,56,19,19
34864,101,108,-7,7
34865,147,132,15,15
34866,100,79,21,21
34867,112,111,1,1
34868,61,57,4,4
34869,68,63,5,5
34870,41,52,-11,11
34871,72,69,3,3
34872,69,65,4,4
34873,135,112,23,23
34874,112,101,11,11
34875,63,53,10,10
34876,83,73,10,10
34877,74,73,1,1
34878,85,83,2,2
34879,91,75,16,16
34880,150,135,15,15
34881,96,83,13,13
34882,61,74,-13,13
34883,51,58,-7,7
34884,61,56,5,5
34885,143,145,-2,2
34886,64,60,4,4
34887,59,50,9,9
34888,67,76,-9,9
34889,65,68,-3,3
34890,142,120,22,22
34891,66,62,4,4
34892,73,73,0,0
34893,107,96,11,11
34894,112,87,25,25
34895,104,93,11,11
34896,46,44,2,2
34897,83,63,20,20
34898,89,76,13,13
34899,73,56,17,17
34900,59,55,4,4
34901,59,52,7,7
34902,112,99,13,13
34903,75,70,5,5
34904,68,67,1,1
34905,80,80,0,0
34906,70,70,0,0
34907,77,73,4,4
34908,49,45,4,4
34909,91,79,12,12
34910,65,59,6,6
34911,77,65,12,12
34912,130,107,23,23
34913,77,64,13,13
34914,175,164,11,11
34915,103,102,1,1
34916,79,66,13,13
34917,74,61,13,13
34918,98,96,2,2
34919,111,98,13,13
34920,105,108,-3,3
34921,106,97,9,9
34922,43,37,6,6
34923,91,88,3,3
34924,88,78,10,10
34925,121,103,18,18
34926,111,93,18,18
34927,65,62,3,3
34928,63,53,10,10
34929,91,86,5,5
34930,70,67,3,3
34931,117,98,19,19
34932,56,56,0,0
34933,153,143,10,10
34934,135,121,14,14
34935,66,57,9,9
34936,97,92,5,5
34937,94,91,3,3
34938,79,69,10,10
34939,89,72,17,17
34940,117,100,17,17
34941,50,43,7,7
34942,172,161,11,11
34943,71,70,1,1
34944,94,82,12,12
34945,146,137,9,9
34946,57,49,8,8
34947,91,84,7,7
34948,44,42,2,2
34949,124,114,10,10
34950,117,93,24,24
34951,93,78,15,15
34952,100,94,6,6
34953,167,143,24,24
34954,97,85,12,12
34955,117,100,17,17
34956,142,124,18,18
34957,62,55,7,7
34958,99,92,7,7
34959,83,77,6,6
34960,61,60,1,1
34961,80,76,4,4
34962,85,71,14,14
34963,102,94,8,8
34964,127,122,5,5
34965,123,114,9,9
34966,117,104,13,13
34967,102,102,0,0
34968,100,85,15,15
34969,105,94,11,11
34970,116,93,23,23
34971,104,101,3,3
34972,70,63,7,7
34973,71,66,5,5
34974,59,62,-3,3
34975,86,76,10,10
34976,121,92,29,29
34977,104,89,15,15
34978,93,80,13,13
34979,78,70,8,8
34980,124,104,20,20
34981,83,78,5,5
34982,126,114,12,12
34983,91,80,11,11
34984,89,92,-3,3
34985,79,67,12,12
34986,110,104,6,6
34987,80,73,7,7
34988,116,106,10,10
34989,133,108,25,25
34990,91,82,9,9
34991,94,77,17,17
34992,160,135,25,25
34993,107,106,1,1
34994,61,58,3,3
34995,74,56,18,18
34996,80,72,8,8
34997,50,48,2,2
34998,98,89,9,9
34999,47,42,5,5
35000,63,74,-11,11
35001,92,87,5,5
35002,97,83,14,14
35003,101,95,6,6
35004,48,49,-1,1
35005,114,102,12,12
35006,106,90,16,16
35007,98,84,14,14
35008,133,120,13,13
35009,98,78,20,20
35010,41,37,4,4
35011,85,78,7,7
35012,102,94,8,8
35013,97,79,18,18
35014,49,46,3,3
35015,50,50,0,0
35016,86,81,5,5
35017,96,101,-5,5
35018,110,91,19,19
35019,95,79,16,16
35020,89,72,17,17
35021,92,80,12,12
35022,109,91,18,18
35023,75,68,7,7
35024,61,50,11,11
35025,82,81,1,1
35026,88,82,6,6
35027,139,121,18,18
35028,67,69,-2,2
35029,106,97,9,9
35030,108,97,11,11
35031,80,77,3,3
35032,78,78,0,0
35033,87,79,8,8
35034,57,50,7,7
35035,63,56,7,7
35036,105,82,23,23
35037,129,101,28,28
35038,65,55,10,10
35039,93,83,10,10
35040,50,43,7,7
35041,30,33,-3,3
35042,81,70,11,11
35043,55,58,-3,3
35044,76,66,10,10
35045,135,111,24,24
35046,55,52,3,3
35047,140,131,9,9
35048,92,79,13,13
35049,124,116,8,8
35050,100,91,9,9
35051,40,39,1,1
35052,50,43,7,7
35053,85,79,6,6
35054,87,86,1,1
35055,136,117,19,19
35056,65,62,3,3
35057,97,61,36,36
35058,80,67,13,13
35059,99,86,13,13
35060,69,64,5,5
35061,97,92,5,5
35062,65,57,8,8
35063,67,62,5,5
35064,108,97,11,11
35065,105,98,7,7
35066,98,78,20,20
35067,73,64,9,9
35068,87,78,9,9
35069,80,62,18,18
35070,115,106,9,9
35071,129,105,24,24
35072,62,58,4,4
35073,141,120,21,21
35074,165,146,19,19
35075,167,153,14,14
35076,128,101,27,27
35077,163,133,30,30
35078,49,55,-6,6
35079,73,79,-6,6
35080,117,151,-34,34
35081,182,153,29,29
35082,91,72,19,19
35083,73,70,3,3
35084,130,122,8,8
35085,92,80,12,12
35086,164,129,35,35
35087,100,102,-2,2
35088,106,99,7,7
35089,155,148,7,7
35090,84,76,8,8
35091,115,108,7,7
35092,74,68,6,6
35093,62,51,11,11
35094,76,69,7,7
35095,82,81,1,1
35096,116,97,19,19
35097,84,75,9,9
35098,61,61,0,0
35099,155,129,26,26
35100,87,132,-45,45
35101,118,110,8,8
35102,126,119,7,7
35103,123,115,8,8
35104,72,69,3,3
35105,106,93,13,13
35106,119,104,15,15
35107,79,71,8,8
35108,70,77,-7,7
35109,129,104,25,25
35110,93,74,19,19
35111,98,78,20,20
35112,164,153,11,11
35113,110,102,8,8
35114,108,96,12,12
35115,79,69,10,10
35116,140,131,9,9
35117,81,81,0,0
35118,84,80,4,4
35119,64,52,12,12
35120,101,91,10,10
35121,65,62,3,3
35122,71,73,-2,2
35123,66,57,9,9
35124,81,73,8,8
35125,82,84,-2,2
35126,101,96,5,5
35127,95,88,7,7
35128,95,88,7,7
35129,177,158,19,19
35130,148,145,3,3
35131,83,78,5,5
35132,79,67,12,12
35133,87,72,15,15
35134,120,109,11,11
35135,140,148,-8,8
35136,117,104,13,13
35137,88,80,8,8
35138,79,62,17,17
35139,89,85,4,4
35140,83,71,12,12
35141,79,82,-3,3
35142,118,108,10,10
35143,79,76,3,3
35144,95,78,17,17
35145,62,57,5,5
35146,67,63,4,4
35147,63,61,2,2
35148,99,78,21,21
35149,164,146,18,18
35150,71,55,16,16
35151,49,44,5,5
35152,88,78,10,10
35153,93,77,16,16
35154,90,78,12,12
35155,96,76,20,20
35156,91,83,8,8
35157,41,33,8,8
35158,94,84,10,10
35159,58,51,7,7
35160,87,79,8,8
35161,100,85,15,15
35162,117,105,12,12
35163,106,93,13,13
35164,65,67,-2,2
35165,126,118,8,8
35166,92,85,7,7
35167,78,76,2,2
35168,98,85,13,13
35169,102,107,-5,5
35170,115,91,24,24
35171,93,80,13,13
35172,48,51,-3,3
35173,64,59,5,5
35174,168,163,5,5
35175,95,76,19,19
35176,125,112,13,13
35177,128,128,0,0
35178,137,108,29,29
35179,62,49,13,13
35180,76,66,10,10
35181,66,57,9,9
35182,50,47,3,3
35183,98,84,14,14
35184,101,98,3,3
35185,77,67,10,10
35186,97,90,7,7
35187,116,99,17,17
35188,118,100,18,18
35189,157,145,12,12
35190,48,45,3,3
35191,86,79,7,7
35192,79,86,-7,7
35193,93,79,14,14
35194,58,54,4,4
35195,65,60,5,5
35196,203,171,32,32
35197,59,52,7,7
35198,103,89,14,14
35199,35,30,5,5
35200,95,92,3,3
35201,89,82,7,7
35202,122,101,21,21
35203,97,86,11,11
35204,84,75,9,9
35205,146,115,31,31
35206,129,103,26,26
35207,76,75,1,1
35208,79,73,6,6
35209,92,81,11,11
35210,82,63,19,19
35211,111,92,19,19
35212,88,75,13,13
35213,155,133,22,22
35214,75,58,17,17
35215,109,94,15,15
35216,64,54,10,10
35217,76,63,13,13
35218,114,105,9,9
35219,84,70,14,14
35220,90,78,12,12
35221,49,43,6,6
35222,103,95,8,8
35223,140,125,15,15
35224,64,58,6,6
35225,171,162,9,9
35226,89,77,12,12
35227,57,55,2,2
35228,99,63,36,36
35229,62,57,5,5
35230,191,162,29,29
35231,108,91,17,17
35232,116,103,13,13
35233,157,135,22,22
35234,98,99,-1,1
35235,167,162,5,5
35236,89,73,16,16
35237,65,59,6,6
35238,103,98,5,5
35239,107,98,9,9
35240,66,54,12,12
35241,137,125,12,12
35242,68,56,12,12
35243,64,54,10,10
35244,137,121,16,16
35245,101,91,10,10
35246,120,103,17,17
35247,99,92,7,7
35248,58,55,3,3
35249,93,86,7,7
35250,48,58,-10,10
35251,96,105,-9,9
35252,68,61,7,7
35253,95,89,6,6
35254,117,95,22,22
35255,61,61,0,0
35256,122,110,12,12
35257,77,76,1,1
35258,69,69,0,0
35259,105,86,19,19
35260,126,112,14,14
35261,67,58,9,9
35262,122,108,14,14
35263,96,85,11,11
35264,188,157,31,31
35265,72,54,18,18
35266,122,103,19,19
35267,53,49,4,4
35268,49,53,-4,4
35269,131,106,25,25
35270,118,93,25,25
35271,68,55,13,13
35272,84,80,4,4
35273,80,76,4,4
35274,95,100,-5,5
35275,54,46,8,8
35276,80,78,2,2
35277,55,50,5,5
35278,50,39,11,11
35279,141,125,16,16
35280,118,101,17,17
35281,64,59,5,5
35282,132,110,22,22
35283,81,68,13,13
35284,49,39,10,10
35285,86,76,10,10
35286,107,97,10,10
35287,123,108,15,15
35288,109,90,19,19
35289,121,107,14,14
35290,89,84,5,5
35291,57,54,3,3
35292,123,108,15,15
35293,102,96,6,6
35294,143,119,24,24
35295,57,51,6,6
35296,84,71,13,13
35297,73,64,9,9
35298,124,113,11,11
35299,86,68,18,18
35300,128,113,15,15
35301,146,122,24,24
35302,92,80,12,12
35303,68,68,0,0
35304,88,82,6,6
35305,147,138,9,9
35306,134,126,8,8
35307,91,83,8,8
35308,137,121,16,16
35309,130,119,11,11
35310,103,88,15,15
35311,78,81,-3,3
35312,85,72,13,13
35313,57,51,6,6
35314,159,131,28,28
35315,80,77,3,3
35316,113,113,0,0
35317,152,128,24,24
35318,163,138,25,25
35319,137,107,30,30
35320,116,104,12,12
35321,144,124,20,20
35322,61,61,0,0
35323,158,135,23,23
35324,120,134,-14,14
35325,64,62,2,2
35326,106,90,16,16
35327,60,62,-2,2
35328,87,85,2,2
35329,72,52,20,20
35330,92,79,13,13
35331,164,137,27,27
35332,121,118,3,3
35333,63,59,4,4
35334,108,98,10,10
35335,70,55,15,15
35336,66,66,0,0
35337,81,117,-36,36
35338,84,72,12,12
35339,69,63,6,6
35340,161,147,14,14
35341,73,65,8,8
35342,62,51,11,11
35343,66,61,5,5
35344,80,76,4,4
35345,110,114,-4,4
35346,145,118,27,27
35347,32,52,-20,20
35348,62,61,1,1
35349,191,173,18,18
35350,84,75,9,9
35351,96,79,17,17
35352,87,67,20,20
35353,54,50,4,4
35354,85,76,9,9
35355,118,95,23,23
35356,52,43,9,9
35357,102,79,23,23
35358,66,59,7,7
35359,151,141,10,10
35360,129,129,0,0
35361,61,49,12,12
35362,102,97,5,5
35363,88,84,4,4
35364,61,65,-4,4
35365,77,78,-1,1
35366,79,73,6,6
35367,110,94,16,16
35368,96,83,13,13
35369,74,63,11,11
35370,120,109,11,11
35371,134,113,21,21
35372,66,61,5,5
35373,61,54,7,7
35374,130,106,24,24
35375,60,56,4,4
35376,66,58,8,8
35377,115,102,13,13
35378,99,84,15,15
35379,55,48,7,7
35380,104,85,19,19
35381,104,91,13,13
35382,97,92,5,5
35383,48,42,6,6
35384,51,51,0,0
35385,51,36,15,15
35386,80,71,9,9
35387,57,49,8,8
35388,77,54,23,23
35389,128,110,18,18
35390,141,128,13,13
35391,77,68,9,9
35392,132,116,16,16
35393,110,97,13,13
35394,43,32,11,11
35395,110,105,5,5
35396,85,67,18,18
35397,92,88,4,4
35398,49,41,8,8
35399,69,58,11,11
35400,64,56,8,8
35401,82,69,13,13
35402,59,61,-2,2
35403,69,60,9,9
35404,66,60,6,6
35405,92,80,12,12
35406,101,78,23,23
35407,62,60,2,2
35408,126,101,25,25
35409,119,108,11,11
35410,117,93,24,24
35411,162,143,19,19
35412,100,91,9,9
35413,107,107,0,0
35414,49,53,-4,4
35415,75,69,6,6
35416,85,73,12,12
35417,87,65,22,22
35418,58,48,10,10
35419,86,97,-11,11
35420,54,47,7,7
35421,149,133,16,16
35422,99,81,18,18
35423,118,104,14,14
35424,88,83,5,5
35425,128,132,-4,4
35426,121,110,11,11
35427,62,57,5,5
35428,32,28,4,4
35429,152,129,23,23
35430,58,48,10,10
35431,77,73,4,4
35432,127,101,26,26
35433,109,94,15,15
35434,116,103,13,13
35435,83,74,9,9
35436,70,72,-2,2
35437,101,83,18,18
35438,70,60,10,10
35439,117,101,16,16
35440,93,88,5,5
35441,72,69,3,3
35442,131,124,7,7
35443,64,58,6,6
35444,160,140,20,20
35445,86,70,16,16
35446,84,79,5,5
35447,56,51,5,5
35448,94,78,16,16
35449,149,122,27,27
35450,128,105,23,23
35451,97,97,0,0
35452,178,152,26,26
35453,102,88,14,14
35454,53,47,6,6
35455,124,102,22,22
35456,79,73,6,6
35457,136,139,-3,3
35458,71,69,2,2
35459,54,43,11,11
35460,97,81,16,16
35461,72,70,2,2
35462,169,136,33,33
35463,80,68,12,12
35464,53,52,1,1
35465,64,52,12,12
35466,52,48,4,4
35467,38,43,-5,5
35468,78,65,13,13
35469,160,64,96,96
35470,113,93,20,20
35471,90,85,5,5
35472,63,55,8,8
35473,79,78,1,1
35474,56,54,2,2
35475,241,223,18,18
35476,68,61,7,7
35477,145,131,14,14
35478,69,56,13,13
35479,107,88,19,19
35480,79,74,5,5
35481,123,112,11,11
35482,97,80,17,17
35483,77,69,8,8
35484,66,125,-59,59
35485,83,74,9,9
35486,82,75,7,7
35487,78,71,7,7
35488,89,77,12,12
35489,76,57,19,19
35490,61,58,3,3
35491,116,101,15,15
35492,128,124,4,4
35493,130,122,8,8
35494,46,39,7,7
35495,105,92,13,13
35496,150,115,35,35
35497,156,149,7,7
35498,69,61,8,8
35499,89,79,10,10
35500,77,64,13,13
35501,123,114,9,9
35502,97,84,13,13
35503,87,73,14,14
35504,80,72,8,8
35505,79,69,10,10
35506,58,56,2,2
35507,53,48,5,5
35508,105,102,3,3
35509,74,72,2,2
35510,101,95,6,6
35511,56,48,8,8
35512,115,96,19,19
35513,141,138,3,3
35514,116,101,15,15
35515,47,41,6,6
35516,43,41,2,2
35517,80,75,5,5
35518,91,85,6,6
35519,75,79,-4,4
35520,114,94,20,20
35521,79,75,4,4
35522,106,90,16,16
35523,69,55,14,14
35524,87,66,21,21
35525,118,113,5,5
35526,84,77,7,7
35527,90,87,3,3
35528,97,84,13,13
35529,57,53,4,4
35530,132,124,8,8
35531,90,97,-7,7
35532,108,98,10,10
35533,132,108,24,24
35534,76,75,1,1
35535,38,29,9,9
35536,52,47,5,5
35537,68,57,11,11
35538,141,130,11,11
35539,90,83,7,7
35540,72,57,15,15
35541,74,61,13,13
35542,89,76,13,13
35543,72,63,9,9
35544,78,53,25,25
35545,67,57,10,10
35546,94,85,9,9
35547,65,57,8,8
35548,75,66,9,9
35549,76,76,0,0
35550,78,62,16,16
35551,70,69,1,1
35552,124,101,23,23
35553,123,108,15,15
35554,185,155,30,30
35555,126,99,27,27
35556,104,90,14,14
35557,79,72,7,7
35558,74,54,20,20
35559,82,73,9,9
35560,47,45,2,2
35561,40,36,4,4
35562,102,91,11,11
35563,68,66,2,2
35564,95,93,2,2
35565,111,93,18,18
35566,74,66,8,8
35567,63,58,5,5
35568,118,106,12,12
35569,181,155,26,26
35570,63,59,4,4
35571,73,65,8,8
35572,76,73,3,3
35573,80,68,12,12
35574,99,91,8,8
35575,83,82,1,1
35576,48,40,8,8
35577,140,114,26,26
35578,101,96,5,5
35579,76,82,-6,6
35580,84,87,-3,3
35581,95,77,18,18
35582,60,56,4,4
35583,78,70,8,8
35584,125,115,10,10
35585,90,82,8,8
35586,99,88,11,11
35587,58,45,13,13
35588,128,119,9,9
35589,67,59,8,8
35590,96,99,-3,3
35591,96,82,14,14
35592,141,126,15,15
35593,77,74,3,3
35594,114,91,23,23
35595,86,74,12,12
35596,175,155,20,20
35597,129,117,12,12
35598,50,47,3,3
35599,70,58,12,12
35600,224,191,33,33
35601,146,127,19,19
35602,81,71,10,10
35603,97,82,15,15
35604,118,114,4,4
35605,77,61,16,16
35606,73,65,8,8
35607,85,73,12,12
35608,102,87,15,15
35609,130,111,19,19
35610,133,124,9,9
35611,129,111,18,18
35612,80,70,10,10
35613,93,85,8,8
35614,91,75,16,16
35615,41,80,-39,39
35616,82,78,4,4
35617,67,62,5,5
35618,85,73,12,12
35619,75,68,7,7
35620,118,111,7,7
35621,118,89,29,29
35622,79,72,7,7
35623,63,58,5,5
35624,170,157,13,13
35625,73,66,7,7
35626,114,85,29,29
35627,154,147,7,7
35628,54,57,-3,3
35629,115,98,17,17
35630,49,109,-60,60
35631,99,92,7,7
35632,80,69,11,11
35633,152,142,10,10
35634,71,62,9,9
35635,118,131,-13,13
35636,106,89,17,17
35637,106,106,0,0
35638,173,139,34,34
35639,89,84,5,5
35640,65,57,8,8
35641,93,82,11,11
35642,109,98,11,11
35643,126,117,9,9
35644,143,149,-6,6
35645,127,119,8,8
35646,114,94,20,20
35647,84,79,5,5
35648,68,68,0,0
35649,60,58,2,2
35650,111,102,9,9
35651,127,125,2,2
35652,83,73,10,10
35653,98,88,10,10
35654,83,64,19,19
35655,77,71,6,6
35656,51,44,7,7
35657,88,85,3,3
35658,48,53,-5,5
35659,147,132,15,15
35660,66,73,-7,7
35661,100,84,16,16
35662,76,73,3,3
35663,59,51,8,8
35664,116,98,18,18
35665,61,56,5,5
35666,155,134,21,21
35667,99,94,5,5
35668,112,97,15,15
35669,70,50,20,20
35670,79,76,3,3
35671,96,93,3,3
35672,90,87,3,3
35673,104,88,16,16
35674,99,88,11,11
35675,81,76,5,5
35676,134,137,-3,3
35677,126,113,13,13
35678,160,103,57,57
35679,75,65,10,10
35680,104,98,6,6
35681,150,124,26,26
35682,120,109,11,11
35683,90,82,8,8
35684,120,100,20,20
35685,142,128,14,14
35686,75,61,14,14
35687,102,87,15,15
35688,162,140,22,22
35689,74,66,8,8
35690,75,67,8,8
35691,99,89,10,10
35692,130,114,16,16
35693,53,42,11,11
35694,127,116,11,11
35695,103,83,20,20
35696,94,81,13,13
35697,76,75,1,1
35698,83,79,4,4
35699,195,167,28,28
35700,58,63,-5,5
35701,51,56,-5,5
35702,153,137,16,16
35703,190,165,25,25
35704,87,75,12,12
35705,96,89,7,7
35706,100,83,17,17
35707,74,67,7,7
35708,67,58,9,9
35709,124,113,11,11
35710,74,63,11,11
35711,111,89,22,22
35712,93,102,-9,9
35713,107,87,20,20
35714,70,53,17,17
35715,154,138,16,16
35716,125,103,22,22
35717,107,86,21,21
35718,69,78,-9,9
35719,101,95,6,6
35720,95,78,17,17
35721,96,81,15,15
35722,85,76,9,9
35723,70,88,-18,18
35724,68,56,12,12
35725,61,54,7,7
35726,155,146,9,9
35727,58,58,0,0
35728,72,63,9,9
35729,47,44,3,3
35730,98,90,8,8
35731,145,119,26,26
35732,52,51,1,1
35733,120,95,25,25
35734,78,65,13,13
35735,56,48,8,8
35736,89,83,6,6
35737,82,74,8,8
35738,104,95,9,9
35739,128,129,-1,1
35740,159,128,31,31
35741,79,77,2,2
35742,109,95,14,14
35743,120,109,11,11
35744,79,85,-6,6
35745,73,55,18,18
35746,64,52,12,12
35747,97,78,19,19
35748,135,100,35,35
35749,81,80,1,1
35750,91,77,14,14
35751,58,46,12,12
35752,78,72,6,6
35753,77,65,12,12
35754,47,38,9,9
35755,167,141,26,26
35756,65,73,-8,8
35757,152,138,14,14
35758,159,143,16,16
35759,89,101,-12,12
35760,205,180,25,25
35761,108,90,18,18
35762,101,88,13,13
35763,129,116,13,13
35764,123,110,13,13
35765,90,81,9,9
35766,138,119,19,19
35767,105,86,19,19
35768,93,77,16,16
35769,129,106,23,23
35770,110,87,23,23
35771,86,89,-3,3
35772,72,69,3,3
35773,122,106,16,16
35774,37,34,3,3
35775,173,158,15,15
35776,97,76,21,21
35777,45,38,7,7
35778,97,76,21,21
35779,85,81,4,4
35780,83,78,5,5
35781,105,88,17,17
35782,138,121,17,17
35783,98,79,19,19
35784,128,110,18,18
35785,94,75,19,19
35786,131,103,28,28
35787,67,66,1,1
35788,176,158,18,18
35789,116,103,13,13
35790,116,112,4,4
35791,80,46,34,34
35792,84,71,13,13
35793,69,66,3,3
35794,165,152,13,13
35795,55,59,-4,4
35796,123,115,8,8
35797,117,112,5,5
35798,81,64,17,17
35799,86,73,13,13
35800,185,169,16,16
35801,104,88,16,16
35802,89,82,7,7
35803,85,72,13,13
35804,156,128,28,28
35805,72,61,11,11
35806,95,67,28,28
35807,86,69,17,17
35808,72,58,14,14
35809,168,135,33,33
35810,42,39,3,3
35811,93,86,7,7
35812,103,80,23,23
35813,83,75,8,8
35814,137,121,16,16
35815,117,113,4,4
35816,77,74,3,3
35817,79,81,-2,2
35818,121,106,15,15
35819,110,109,1,1
35820,101,86,15,15
35821,88,91,-3,3
35822,91,78,13,13
35823,166,141,25,25
35824,63,52,11,11
35825,92,83,9,9
35826,138,114,24,24
35827,110,103,7,7
35828,151,133,18,18
35829,121,116,5,5
35830,73,65,8,8
35831,77,64,13,13
35832,197,179,18,18
35833,94,67,27,27
35834,67,61,6,6
35835,147,114,33,33
35836,92,104,-12,12
35837,138,125,13,13
35838,71,74,-3,3
35839,93,81,12,12
35840,115,98,17,17
35841,90,77,13,13
35842,137,115,22,22
35843,136,127,9,9
35844,63,57,6,6
35845,68,60,8,8
35846,105,92,13,13
35847,61,52,9,9
35848,75,67,8,8
35849,120,110,10,10
35850,145,136,9,9
35851,106,93,13,13
35852,171,145,26,26
35853,87,83,4,4
35854,112,89,23,23
35855,75,70,5,5
35856,84,79,5,5
35857,55,46,9,9
35858,57,51,6,6
35859,71,61,10,10
35860,150,132,18,18
35861,42,35,7,7
35862,95,84,11,11
35863,100,95,5,5
35864,77,60,17,17
35865,134,131,3,3
35866,100,75,25,25
35867,117,112,5,5
35868,74,98,-24,24
35869,106,89,17,17
35870,121,104,17,17
35871,115,97,18,18
35872,137,120,17,17
35873,80,73,7,7
35874,81,75,6,6
35875,50,50,0,0
35876,60,60,0,0
35877,143,117,26,26
35878,80,82,-2,2
35879,72,62,10,10
35880,74,65,9,9
35881,125,113,12,12
35882,111,93,18,18
35883,99,88,11,11
35884,72,65,7,7
35885,84,68,16,16
35886,52,47,5,5
35887,54,45,9,9
35888,63,56,7,7
35889,101,85,16,16
35890,65,47,18,18
35891,74,74,0,0
35892,141,127,14,14
35893,84,76,8,8
35894,156,125,31,31
35895,105,87,18,18
35896,130,111,19,19
35897,74,66,8,8
35898,97,94,3,3
35899,111,104,7,7
35900,65,61,4,4
35901,124,106,18,18
35902,80,73,7,7
35903,93,78,15,15
35904,122,108,14,14
35905,84,83,1,1
35906,92,86,6,6
35907,52,66,-14,14
35908,86,86,0,0
35909,69,68,1,1
35910,114,100,14,14
35911,68,58,10,10
35912,123,117,6,6
35913,104,108,-4,4
35914,119,96,23,23
35915,123,90,33,33
35916,99,84,15,15
35917,117,120,-3,3
35918,94,89,5,5
35919,126,114,12,12
35920,148,123,25,25
35921,112,95,17,17
35922,168,160,8,8
35923,81,70,11,11
35924,100,87,13,13
35925,78,71,7,7
35926,109,98,11,11
35927,120,102,18,18
35928,119,113,6,6
35929,83,95,-12,12
35930,138,123,15,15
35931,63,60,3,3
35932,63,48,15,15
35933,88,71,17,17
35934,50,42,8,8
35935,171,152,19,19
35936,111,89,22,22
35937,154,139,15,15
35938,131,103,28,28
35939,110,94,16,16
35940,74,68,6,6
35941,116,110,6,6
35942,112,102,10,10
35943,89,80,9,9
35944,109,106,3,3
35945,68,60,8,8
35946,77,71,6,6
35947,69,59,10,10
35948,54,56,-2,2
35949,74,65,9,9
35950,140,127,13,13
35951,92,75,17,17
35952,47,47,0,0
35953,49,51,-2,2
35954,72,65,7,7
35955,79,76,3,3
35956,45,48,-3,3
35957,53,50,3,3
35958,114,104,10,10
35959,64,60,4,4
35960,63,51,12,12
35961,113,92,21,21
35962,103,87,16,16
35963,109,95,14,14
35964,94,81,13,13
35965,65,55,10,10
35966,94,79,15,15
35967,142,130,12,12
35968,38,34,4,4
35969,91,91,0,0
35970,86,74,12,12
35971,150,128,22,22
35972,66,60,6,6
35973,68,57,11,11
35974,62,49,13,13
35975,53,42,11,11
35976,53,50,3,3
35977,117,100,17,17
35978,89,81,8,8
35979,96,76,20,20
35980,109,100,9,9
35981,100,86,14,14
35982,132,111,21,21
35983,125,114,11,11
35984,47,39,8,8
35985,76,80,-4,4
35986,80,73,7,7
35987,108,117,-9,9
35988,72,66,6,6
35989,79,66,13,13
35990,103,91,12,12
35991,93,83,10,10
35992,90,77,13,13
35993,76,69,7,7
35994,88,79,9,9
35995,70,65,5,5
35996,162,124,38,38
35997,86,73,13,13
35998,62,59,3,3
35999,78,72,6,6
36000,51,41,10,10
36001,131,102,29,29
36002,81,70,11,11
36003,100,93,7,7
36004,107,95,12,12
36005,71,66,5,5
36006,99,85,14,14
36007,128,109,19,19
36008,102,93,9,9
36009,111,107,4,4
36010,114,107,7,7
36011,145,127,18,18
36012,123,98,25,25
36013,64,57,7,7
36014,138,121,17,17
36015,120,115,5,5
36016,96,86,10,10
36017,143,130,13,13
36018,79,68,11,11
36019,139,134,5,5
36020,124,106,18,18
36021,76,74,2,2
36022,67,62,5,5
36023,65,66,-1,1
36024,62,57,5,5
36025,184,168,16,16
36026,102,93,9,9
36027,60,54,6,6
36028,79,78,1,1
36029,63,58,5,5
36030,70,51,19,19
36031,91,88,3,3
36032,68,64,4,4
36033,86,85,1,1
36034,97,97,0,0
36035,78,77,1,1
36036,110,85,25,25
36037,94,76,18,18
36038,68,75,-7,7
36039,150,132,18,18
36040,81,69,12,12
36041,58,54,4,4
36042,48,41,7,7
36043,76,63,13,13
36044,102,86,16,16
36045,74,66,8,8
36046,60,55,5,5
36047,75,74,1,1
36048,92,79,13,13
36049,62,55,7,7
36050,91,86,5,5
36051,93,82,11,11
36052,146,137,9,9
36053,94,81,13,13
36054,88,80,8,8
36055,124,113,11,11
36056,92,85,7,7
36057,87,101,-14,14
36058,113,112,1,1
36059,99,85,14,14
36060,90,80,10,10
36061,95,78,17,17
36062,61,55,6,6
36063,139,119,20,20
36064,106,107,-1,1
36065,42,41,1,1
36066,95,81,14,14
36067,121,115,6,6
36068,130,128,2,2
36069,121,112,9,9
36070,74,66,8,8
36071,84,75,9,9
36072,70,63,7,7
36073,73,69,4,4
36074,116,99,17,17
36075,120,105,15,15
36076,151,132,19,19
36077,80,72,8,8
36078,90,82,8,8
36079,68,64,4,4
36080,102,89,13,13
36081,180,161,19,19
36082,44,65,-21,21
36083,170,150,20,20
36084,99,72,27,27
36085,130,113,17,17
36086,78,92,-14,14
36087,107,94,13,13
36088,93,88,5,5
36089,146,130,16,16
36090,97,85,12,12
36091,107,90,17,17
36092,116,99,17,17
36093,81,81,0,0
36094,84,71,13,13
36095,88,89,-1,1
36096,77,56,21,21
36097,65,58,7,7
36098,158,134,24,24
36099,76,76,0,0
36100,56,45,11,11
36101,119,111,8,8
36102,82,71,11,11
36103,52,53,-1,1
36104,44,43,1,1
36105,122,99,23,23
36106,92,85,7,7
36107,87,75,12,12
36108,152,140,12,12
36109,97,86,11,11
36110,127,103,24,24
36111,61,54,7,7
36112,58,55,3,3
36113,94,86,8,8
36114,123,111,12,12
36115,141,115,26,26
36116,61,59,2,2
36117,151,155,-4,4
36118,117,104,13,13
36119,88,78,10,10
36120,71,59,12,12
36121,131,120,11,11
36122,98,85,13,13
36123,54,50,4,4
36124,133,112,21,21
36125,68,56,12,12
36126,49,51,-2,2
36127,106,90,16,16
36128,144,122,22,22
36129,105,96,9,9
36130,59,47,12,12
36131,65,59,6,6
36132,136,115,21,21
36133,58,49,9,9
36134,49,45,4,4
36135,47,41,6,6
36136,87,76,11,11
36137,81,84,-3,3
36138,110,87,23,23
36139,119,106,13,13
36140,114,100,14,14
36141,77,63,14,14
36142,114,101,13,13
36143,112,95,17,17
36144,86,94,-8,8
36145,91,82,9,9
36146,136,111,25,25
36147,52,45,7,7
36148,85,79,6,6
36149,97,82,15,15
36150,151,133,18,18
36151,118,100,18,18
36152,156,125,31,31
36153,61,45,16,16
36154,107,95,12,12
36155,173,160,13,13
36156,86,81,5,5
36157,74,72,2,2
36158,90,76,14,14
36159,61,55,6,6
36160,112,105,7,7
36161,114,94,20,20
36162,86,79,7,7
36163,115,105,10,10
36164,128,117,11,11
36165,62,59,3,3
36166,81,78,3,3
36167,102,92,10,10
36168,104,94,10,10
36169,70,70,0,0
36170,85,75,10,10
36171,59,55,4,4
36172,112,95,17,17
36173,141,135,6,6
36174,103,91,12,12
36175,89,78,11,11
36176,83,69,14,14
36177,54,45,9,9
36178,70,66,4,4
36179,75,69,6,6
36180,124,110,14,14
36181,64,56,8,8
36182,137,113,24,24
36183,112,110,2,2
36184,60,57,3,3
36185,103,99,4,4
36186,76,63,13,13
36187,100,77,23,23
36188,68,63,5,5
36189,72,72,0,0
36190,52,47,5,5
36191,91,82,9,9
36192,57,49,8,8
36193,71,53,18,18
36194,99,93,6,6
36195,117,119,-2,2
36196,179,158,21,21
36197,109,94,15,15
36198,33,30,3,3
36199,101,90,11,11
36200,105,86,19,19
36201,88,77,11,11
36202,152,148,4,4
36203,88,70,18,18
36204,140,119,21,21
36205,123,95,28,28
36206,129,114,15,15
36207,57,51,6,6
36208,53,43,10,10
36209,65,60,5,5
36210,72,63,9,9
36211,127,132,-5,5
36212,62,60,2,2
36213,47,44,3,3
36214,101,88,13,13
36215,58,41,17,17
36216,90,84,6,6
36217,71,63,8,8
36218,148,122,26,26
36219,131,112,19,19
36220,173,162,11,11
36221,140,117,23,23
36222,88,80,8,8
36223,105,102,3,3
36224,129,109,20,20
36225,105,88,17,17
36226,113,112,1,1
36227,83,81,2,2
36228,58,51,7,7
36229,59,51,8,8
36230,110,82,28,28
36231,106,99,7,7
36232,95,86,9,9
36233,101,72,29,29
36234,56,54,2,2
36235,134,125,9,9
36236,118,103,15,15
36237,114,93,21,21
36238,70,65,5,5
36239,68,65,3,3
36240,66,56,10,10
36241,92,75,17,17
36242,113,103,10,10
36243,108,92,16,16
36244,91,86,5,5
36245,146,135,11,11
36246,114,100,14,14
36247,103,94,9,9
36248,108,133,-25,25
36249,60,53,7,7
36250,62,56,6,6
36251,102,90,12,12
36252,110,105,5,5
36253,194,155,39,39
36254,53,51,2,2
36255,102,89,13,13
36256,175,145,30,30
36257,66,56,10,10
36258,108,92,16,16
36259,112,96,16,16
36260,154,127,27,27
36261,121,112,9,9
36262,66,55,11,11
36263,84,73,11,11
36264,72,61,11,11
36265,97,81,16,16
36266,125,109,16,16
36267,53,44,9,9
36268,56,52,4,4
36269,139,130,9,9
36270,76,77,-1,1
36271,98,84,14,14
36272,64,57,7,7
36273,102,89,13,13
36274,63,65,-2,2
36275,125,113,12,12
36276,133,103,30,30
36277,61,53,8,8
36278,57,53,4,4
36279,87,74,13,13
36280,65,63,2,2
36281,45,45,0,0
36282,105,98,7,7
36283,123,109,14,14
36284,96,82,14,14
36285,146,135,11,11
36286,65,64,1,1
36287,93,78,15,15
36288,67,60,7,7
36289,112,82,30,30
36290,128,109,19,19
36291,78,71,7,7
36292,73,63,10,10
36293,89,77,12,12
36294,62,52,10,10
36295,127,125,2,2
36296,126,106,20,20
36297,80,68,12,12
36298,84,80,4,4
36299,85,94,-9,9
36300,65,61,4,4
36301,63,55,8,8
36302,42,40,2,2
36303,84,72,12,12
36304,73,63,10,10
36305,50,40,10,10
36306,107,114,-7,7
36307,108,92,16,16
36308,65,61,4,4
36309,150,113,37,37
36310,101,90,11,11
36311,51,39,12,12
36312,74,60,14,14
36313,79,70,9,9
36314,117,94,23,23
36315,71,73,-2,2
36316,70,70,0,0
36317,75,65,10,10
36318,38,42,-4,4
36319,104,100,4,4
36320,97,85,12,12
36321,117,102,15,15
36322,78,67,11,11
36323,58,63,-5,5
36324,133,120,13,13
36325,51,47,4,4
36326,117,110,7,7
36327,82,68,14,14
36328,155,127,28,28
36329,102,98,4,4
36330,137,123,14,14
36331,85,71,14,14
36332,132,122,10,10
36333,35,34,1,1
36334,72,57,15,15
36335,119,110,9,9
36336,90,75,15,15
36337,69,60,9,9
36338,76,73,3,3
36339,85,79,6,6
36340,114,94,20,20
36341,84,100,-16,16
36342,78,71,7,7
36343,55,52,3,3
36344,102,94,8,8
36345,163,132,31,31
36346,69,64,5,5
36347,126,114,12,12
36348,43,31,12,12
36349,61,51,10,10
36350,54,49,5,5
36351,109,94,15,15
36352,102,105,-3,3
36353,80,72,8,8
36354,206,171,35,35
36355,51,44,7,7
36356,89,67,22,22
36357,72,70,2,2
36358,127,113,14,14
36359,76,71,5,5
36360,107,97,10,10
36361,71,60,11,11
36362,66,56,10,10
36363,76,64,12,12
36364,184,151,33,33
36365,129,117,12,12
36366,55,53,2,2
36367,110,101,9,9
36368,75,72,3,3
36369,61,61,0,0
36370,136,118,18,18
36371,103,87,16,16
36372,115,110,5,5
36373,55,50,5,5
36374,113,95,18,18
36375,89,73,16,16
36376,121,97,24,24
36377,80,82,-2,2
36378,141,122,19,19
36379,150,152,-2,2
36380,90,77,13,13
36381,73,67,6,6
36382,137,141,-4,4
36383,107,87,20,20
36384,86,77,9,9
36385,112,102,10,10
36386,46,48,-2,2
36387,72,66,6,6
36388,99,92,7,7
36389,63,56,7,7
36390,126,96,30,30
36391,64,53,11,11
36392,90,91,-1,1
36393,59,58,1,1
36394,66,50,16,16
36395,114,87,27,27
36396,102,87,15,15
36397,77,69,8,8
36398,90,69,21,21
36399,68,56,12,12
36400,78,64,14,14
36401,71,64,7,7
36402,49,47,2,2
36403,83,73,10,10
36404,112,110,2,2
36405,102,99,3,3
36406,134,101,33,33
36407,57,53,4,4
36408,71,66,5,5
36409,163,150,13,13
36410,130,112,18,18
36411,123,121,2,2
36412,117,107,10,10
36413,78,66,12,12
36414,39,41,-2,2
36415,49,44,5,5
36416,57,52,5,5
36417,51,50,1,1
36418,123,97,26,26
36419,92,83,9,9
36420,93,90,3,3
36421,77,70,7,7
36422,197,144,53,53
36423,112,102,10,10
36424,63,61,2,2
36425,83,78,5,5
36426,68,76,-8,8
36427,105,90,15,15
36428,62,59,3,3
36429,71,59,12,12
36430,91,79,12,12
36431,85,70,15,15
36432,197,181,16,16
36433,124,104,20,20
36434,119,103,16,16
36435,130,127,3,3
36436,81,66,15,15
36437,92,82,10,10
36438,71,64,7,7
36439,67,57,10,10
36440,99,83,16,16
36441,94,87,7,7
36442,114,110,4,4
36443,167,143,24,24
36444,120,99,21,21
36445,125,95,30,30
36446,70,56,14,14
36447,114,93,21,21
36448,95,83,12,12
36449,46,46,0,0
36450,101,94,7,7
36451,61,50,11,11
36452,90,87,3,3
36453,67,123,-56,56
36454,157,134,23,23
36455,79,72,7,7
36456,105,93,12,12
36457,112,90,22,22
36458,89,82,7,7
36459,105,93,12,12
36460,124,99,25,25
36461,65,55,10,10
36462,73,62,11,11
36463,66,60,6,6
36464,61,59,2,2
36465,125,124,1,1
36466,122,118,4,4
36467,76,64,12,12
36468,90,87,3,3
36469,176,141,35,35
36470,62,58,4,4
36471,139,124,15,15
36472,43,38,5,5
36473,67,65,2,2
36474,50,46,4,4
36475,66,56,10,10
36476,59,56,3,3
36477,81,68,13,13
36478,83,64,19,19
36479,92,82,10,10
36480,76,74,2,2
36481,62,54,8,8
36482,64,72,-8,8
36483,92,91,1,1
36484,123,108,15,15
36485,84,64,20,20
36486,88,81,7,7
36487,58,56,2,2
36488,87,76,11,11
36489,73,66,7,7
36490,44,46,-2,2
36491,123,109,14,14
36492,76,62,14,14
36493,82,80,2,2
36494,84,74,10,10
36495,69,62,7,7
36496,80,75,5,5
36497,104,93,11,11
36498,81,72,9,9
36499,79,78,1,1
36500,90,93,-3,3
36501,105,91,14,14
36502,140,124,16,16
36503,85,80,5,5
36504,96,82,14,14
36505,102,90,12,12
36506,81,68,13,13
36507,117,100,17,17
36508,68,58,10,10
36509,79,73,6,6
36510,143,121,22,22
36511,66,51,15,15
36512,52,45,7,7
36513,109,87,22,22
36514,40,45,-5,5
36515,140,113,27,27
36516,115,100,15,15
36517,74,76,-2,2
36518,61,58,3,3
36519,66,60,6,6
36520,92,73,19,19
36521,48,64,-16,16
36522,116,101,15,15
36523,141,120,21,21
36524,113,93,20,20
36525,89,73,16,16
36526,139,114,25,25
36527,134,124,10,10
36528,152,132,20,20
36529,88,79,9,9
36530,93,83,10,10
36531,161,139,22,22
36532,90,85,5,5
36533,68,57,11,11
36534,148,123,25,25
36535,82,73,9,9
36536,96,82,14,14
36537,171,154,17,17
36538,96,93,3,3
36539,66,59,7,7
36540,113,96,17,17
36541,78,73,5,5
36542,82,74,8,8
36543,61,53,8,8
36544,82,72,10,10
36545,99,99,0,0
36546,225,172,53,53
36547,81,71,10,10
36548,62,51,11,11
36549,66,59,7,7
36550,44,46,-2,2
36551,74,78,-4,4
36552,83,70,13,13
36553,109,94,15,15
36554,51,52,-1,1
36555,121,103,18,18
36556,83,66,17,17
36557,81,80,1,1
36558,53,48,5,5
36559,73,75,-2,2
36560,109,89,20,20
36561,151,142,9,9
36562,115,104,11,11
36563,122,103,19,19
36564,116,103,13,13
36565,107,89,18,18
36566,109,92,17,17
36567,72,64,8,8
36568,43,30,13,13
36569,78,65,13,13
36570,127,105,22,22
36571,50,47,3,3
36572,96,80,16,16
36573,53,50,3,3
36574,37,36,1,1
36575,94,77,17,17
36576,56,53,3,3
36577,27,25,2,2
36578,38,46,-8,8
36579,109,101,8,8
36580,109,95,14,14
36581,70,68,2,2
36582,60,56,4,4
36583,82,82,0,0
36584,67,61,6,6
36585,67,60,7,7
36586,78,62,16,16
36587,62,64,-2,2
36588,49,51,-2,2
36589,109,91,18,18
36590,88,83,5,5
36591,81,85,-4,4
36592,82,81,1,1
36593,90,77,13,13
36594,79,73,6,6
36595,97,79,18,18
36596,75,72,3,3
36597,104,88,16,16
36598,84,78,6,6
36599,146,132,14,14
36600,62,56,6,6
36601,104,100,4,4
36602,106,97,9,9
36603,92,83,9,9
36604,92,78,14,14
36605,92,84,8,8
36606,71,67,4,4
36607,91,83,8,8
36608,87,75,12,12
36609,79,85,-6,6
36610,86,89,-3,3
36611,128,105,23,23
36612,186,168,18,18
36613,138,118,20,20
36614,89,71,18,18
36615,168,147,21,21
36616,46,42,4,4
36617,93,82,11,11
36618,72,66,6,6
36619,110,97,13,13
36620,99,80,19,19
36621,51,43,8,8
36622,93,84,9,9
36623,99,89,10,10
36624,126,115,11,11
36625,64,61,3,3
36626,209,177,32,32
36627,102,91,11,11
36628,98,92,6,6
36629,79,61,18,18
36630,85,79,6,6
36631,64,59,5,5
36632,83,72,11,11
36633,121,92,29,29
36634,111,95,16,16
36635,72,62,10,10
36636,97,83,14,14
36637,96,78,18,18
36638,64,60,4,4
36639,128,109,19,19
36640,34,30,4,4
36641,124,91,33,33
36642,84,70,14,14
36643,132,114,18,18
36644,55,48,7,7
36645,118,103,15,15
36646,47,44,3,3
36647,74,61,13,13
36648,75,64,11,11
36649,93,86,7,7
36650,171,133,38,38
36651,81,72,9,9
36652,62,57,5,5
36653,81,72,9,9
36654,83,69,14,14
36655,65,55,10,10
36656,61,58,3,3
36657,83,76,7,7
36658,102,92,10,10
36659,78,67,11,11
36660,85,73,12,12
36661,122,106,16,16
36662,60,54,6,6
36663,151,144,7,7
36664,72,68,4,4
36665,93,81,12,12
36666,99,87,12,12
36667,95,90,5,5
36668,105,93,12,12
36669,83,59,24,24
36670,128,123,5,5
36671,76,94,-18,18
36672,114,94,20,20
36673,125,118,7,7
36674,88,75,13,13
36675,117,116,1,1
36676,54,47,7,7
36677,102,90,12,12
36678,60,48,12,12
36679,47,62,-15,15
36680,76,66,10,10
36681,53,46,7,7
36682,83,79,4,4
36683,148,141,7,7
36684,101,88,13,13
36685,126,107,19,19
36686,124,178,-54,54
36687,114,104,10,10
36688,74,70,4,4
36689,83,83,0,0
36690,109,92,17,17
36691,89,87,2,2
36692,76,70,6,6
36693,53,52,1,1
36694,78,68,10,10
36695,60,55,5,5
36696,136,113,23,23
36697,42,49,-7,7
36698,126,109,17,17
36699,99,96,3,3
36700,96,91,5,5
36701,45,39,6,6
36702,77,62,15,15
36703,167,135,32,32
36704,102,116,-14,14
36705,92,87,5,5
36706,61,52,9,9
36707,138,118,20,20
36708,117,116,1,1
36709,127,109,18,18
36710,92,71,21,21
36711,83,74,9,9
36712,69,60,9,9
36713,189,160,29,29
36714,89,69,20,20
36715,154,136,18,18
36716,78,72,6,6
36717,92,81,11,11
36718,151,144,7,7
36719,138,132,6,6
36720,73,63,10,10
36721,152,139,13,13
36722,122,106,16,16
36723,71,57,14,14
36724,118,108,10,10
36725,93,74,19,19
36726,104,93,11,11
36727,85,69,16,16
36728,91,78,13,13
36729,50,42,8,8
36730,102,82,20,20
36731,120,106,14,14
36732,111,95,16,16
36733,71,66,5,5
36734,57,45,12,12
36735,161,107,54,54
36736,53,43,10,10
36737,122,127,-5,5
36738,125,116,9,9
36739,83,69,14,14
36740,74,70,4,4
36741,78,68,10,10
36742,51,44,7,7
36743,167,127,40,40
36744,78,71,7,7
36745,207,176,31,31
36746,120,107,13,13
36747,142,134,8,8
36748,71,72,-1,1
36749,144,112,32,32
36750,55,47,8,8
36751,75,59,16,16
36752,113,108,5,5
36753,100,99,1,1
36754,56,50,6,6
36755,137,112,25,25
36756,92,84,8,8
36757,142,120,22,22
36758,114,103,11,11
36759,47,43,4,4
36760,61,51,10,10
36761,130,107,23,23
36762,68,63,5,5
36763,72,75,-3,3
36764,39,33,6,6
36765,116,111,5,5
36766,135,115,20,20
36767,121,107,14,14
36768,126,107,19,19
36769,115,117,-2,2
36770,92,80,12,12
36771,137,115,22,22
36772,67,58,9,9
36773,58,45,13,13
36774,74,69,5,5
36775,66,45,21,21
36776,70,56,14,14
36777,89,95,-6,6
36778,85,84,1,1
36779,77,66,11,11
36780,54,51,3,3
36781,103,95,8,8
36782,45,43,2,2
36783,35,40,-5,5
36784,84,99,-15,15
36785,61,65,-4,4
36786,114,99,15,15
36787,47,45,2,2
36788,86,77,9,9
36789,92,83,9,9
36790,61,50,11,11
36791,96,86,10,10
36792,48,41,7,7
36793,115,115,0,0
36794,209,173,36,36
36795,89,80,9,9
36796,63,48,15,15
36797,68,63,5,5
36798,88,85,3,3
36799,63,65,-2,2
36800,121,121,0,0
36801,146,147,-1,1
36802,64,52,12,12
36803,75,69,6,6
36804,118,113,5,5
36805,121,110,11,11
36806,87,74,13,13
36807,80,70,10,10
36808,80,73,7,7
36809,107,87,20,20
36810,137,121,16,16
36811,96,77,19,19
36812,74,64,10,10
36813,90,74,16,16
36814,70,58,12,12
36815,45,43,2,2
36816,63,49,14,14
36817,122,106,16,16
36818,80,72,8,8
36819,91,83,8,8
36820,241,201,40,40
36821,49,40,9,9
36822,115,113,2,2
36823,136,90,46,46
36824,87,68,19,19
36825,90,93,-3,3
36826,86,71,15,15
36827,126,109,17,17
36828,63,70,-7,7
36829,68,60,8,8
36830,83,66,17,17
36831,101,85,16,16
36832,82,99,-17,17
36833,105,101,4,4
36834,141,134,7,7
36835,67,63,4,4
36836,29,31,-2,2
36837,96,92,4,4
36838,69,57,12,12
36839,62,58,4,4
36840,68,64,4,4
36841,96,77,19,19
36842,122,114,8,8
36843,109,104,5,5
36844,83,71,12,12
36845,127,105,22,22
36846,115,117,-2,2
36847,95,82,13,13
36848,64,56,8,8
36849,80,72,8,8
36850,285,271,14,14
36851,88,77,11,11
36852,154,107,47,47
36853,163,140,23,23
36854,68,99,-31,31
36855,72,69,3,3
36856,184,169,15,15
36857,87,75,12,12
36858,58,52,6,6
36859,110,104,6,6
36860,62,61,1,1
36861,53,43,10,10
36862,158,147,11,11
36863,87,92,-5,5
36864,70,69,1,1
36865,72,63,9,9
36866,141,110,31,31
36867,94,80,14,14
36868,48,50,-2,2
36869,56,47,9,9
36870,169,146,23,23
36871,81,94,-13,13
36872,71,64,7,7
36873,97,77,20,20
36874,73,69,4,4
36875,90,82,8,8
36876,122,106,16,16
36877,68,51,17,17
36878,128,104,24,24
36879,68,62,6,6
36880,128,119,9,9
36881,80,72,8,8
36882,76,60,16,16
36883,131,128,3,3
36884,96,90,6,6
36885,118,115,3,3
36886,112,93,19,19
36887,174,153,21,21
36888,44,33,11,11
36889,92,86,6,6
36890,66,59,7,7
36891,90,84,6,6
36892,144,131,13,13
36893,110,93,17,17
36894,164,136,28,28
36895,85,69,16,16
36896,87,88,-1,1
36897,126,130,-4,4
36898,70,60,10,10
36899,111,97,14,14
36900,56,47,9,9
36901,50,46,4,4
36902,93,84,9,9
36903,66,61,5,5
36904,77,67,10,10
36905,59,49,10,10
36906,95,91,4,4
36907,79,70,9,9
36908,84,76,8,8
36909,81,72,9,9
36910,118,95,23,23
36911,62,53,9,9
36912,113,103,10,10
36913,89,70,19,19
36914,109,91,18,18
36915,157,135,22,22
36916,144,145,-1,1
36917,113,91,22,22
36918,136,116,20,20
36919,55,42,13,13
36920,100,117,-17,17
36921,127,104,23,23
36922,137,124,13,13
36923,77,65,12,12
36924,75,67,8,8
36925,96,90,6,6
36926,183,159,24,24
36927,100,86,14,14
36928,66,53,13,13
36929,87,80,7,7
36930,76,68,8,8
36931,79,91,-12,12
36932,84,75,9,9
36933,101,85,16,16
36934,110,101,9,9
36935,97,88,9,9
36936,55,51,4,4
36937,94,76,18,18
36938,65,60,5,5
36939,78,67,11,11
36940,69,63,6,6
36941,171,151,20,20
36942,78,70,8,8
36943,58,54,4,4
36944,79,71,8,8
36945,90,75,15,15
36946,43,41,2,2
36947,80,86,-6,6
36948,121,115,6,6
36949,186,156,30,30
36950,87,80,7,7
36951,25,19,6,6
36952,77,76,1,1
36953,111,101,10,10
36954,60,52,8,8
36955,70,67,3,3
36956,145,120,25,25
36957,83,69,14,14
36958,87,67,20,20
36959,79,68,11,11
36960,110,96,14,14
36961,70,59,11,11
36962,157,137,20,20
36963,95,85,10,10
36964,62,59,3,3
36965,83,76,7,7
36966,64,54,10,10
36967,240,200,40,40
36968,77,72,5,5
36969,171,142,29,29
36970,111,99,12,12
36971,98,81,17,17
36972,60,53,7,7
36973,94,86,8,8
36974,117,100,17,17
36975,113,103,10,10
36976,149,149,0,0
36977,84,75,9,9
36978,50,48,2,2
36979,109,107,2,2
36980,77,81,-4,4
36981,125,112,13,13
36982,74,75,-1,1
36983,80,73,7,7
36984,70,65,5,5
36985,79,70,9,9
36986,125,100,25,25
36987,102,78,24,24
36988,72,63,9,9
36989,99,92,7,7
36990,73,74,-1,1
36991,104,86,18,18
36992,99,87,12,12
36993,97,79,18,18
36994,135,121,14,14
36995,80,78,2,2
36996,146,132,14,14
36997,59,59,0,0
36998,95,87,8,8
36999,159,128,31,31
37000,73,57,16,16
37001,94,83,11,11
37002,159,119,40,40
37003,178,146,32,32
37004,58,49,9,9
37005,88,76,12,12
37006,88,84,4,4
37007,81,79,2,2
37008,79,64,15,15
37009,54,49,5,5
37010,88,78,10,10
37011,75,63,12,12
37012,101,77,24,24
37013,89,73,16,16
37014,51,51,0,0
37015,121,110,11,11
37016,110,100,10,10
37017,99,80,19,19
37018,63,57,6,6
37019,113,104,9,9
37020,137,129,8,8
37021,114,112,2,2
37022,87,78,9,9
37023,176,139,37,37
37024,136,119,17,17
37025,104,91,13,13
37026,131,105,26,26
37027,100,103,-3,3
37028,110,102,8,8
37029,54,44,10,10
37030,99,91,8,8
37031,55,52,3,3
37032,141,116,25,25
37033,142,125,17,17
37034,125,100,25,25
37035,114,111,3,3
37036,121,111,10,10
37037,138,115,23,23
37038,66,67,-1,1
37039,108,96,12,12
37040,137,120,17,17
37041,57,47,10,10
37042,97,90,7,7
37043,114,93,21,21
37044,124,135,-11,11
37045,66,63,3,3
37046,51,44,7,7
37047,162,134,28,28
37048,161,145,16,16
37049,116,99,17,17
37050,111,101,10,10
37051,143,129,14,14
37052,41,41,0,0
37053,97,76,21,21
37054,49,45,4,4
37055,156,135,21,21
37056,48,43,5,5
37057,82,68,14,14
37058,58,50,8,8
37059,81,70,11,11
37060,81,72,9,9
37061,68,58,10,10
37062,120,111,9,9
37063,28,33,-5,5
37064,84,86,-2,2
37065,96,91,5,5
37066,79,69,10,10
37067,446,390,56,56
37068,132,121,11,11
37069,131,112,19,19
37070,60,64,-4,4
37071,78,67,11,11
37072,113,102,11,11
37073,67,58,9,9
37074,83,73,10,10
37075,77,59,18,18
37076,82,73,9,9
37077,60,52,8,8
37078,112,101,11,11
37079,124,106,18,18
37080,150,125,25,25
37081,87,76,11,11
37082,129,109,20,20
37083,151,132,19,19
37084,36,35,1,1
37085,100,92,8,8
37086,57,93,-36,36
37087,108,106,2,2
37088,78,75,3,3
37089,72,56,16,16
37090,69,74,-5,5
37091,108,98,10,10
37092,87,73,14,14
37093,51,56,-5,5
37094,48,44,4,4
37095,98,101,-3,3
37096,31,39,-8,8
37097,140,107,33,33
37098,74,61,13,13
37099,95,90,5,5
37100,87,74,13,13
37101,120,111,9,9
37102,83,68,15,15
37103,81,84,-3,3
37104,75,69,6,6
37105,87,79,8,8
37106,145,131,14,14
37107,98,81,17,17
37108,52,39,13,13
37109,83,72,11,11
37110,55,65,-10,10
37111,110,105,5,5
37112,125,124,1,1
37113,87,68,19,19
37114,101,91,10,10
37115,81,62,19,19
37116,143,125,18,18
37117,218,180,38,38
37118,79,66,13,13
37119,97,80,17,17
37120,58,54,4,4
37121,116,111,5,5
37122,76,59,17,17
37123,94,78,16,16
37124,79,80,-1,1
37125,60,51,9,9
37126,103,101,2,2
37127,51,44,7,7
37128,113,96,17,17
37129,83,89,-6,6
37130,121,110,11,11
37131,87,68,19,19
37132,152,138,14,14
37133,97,84,13,13
37134,169,152,17,17
37135,73,77,-4,4
37136,141,135,6,6
37137,88,70,18,18
37138,75,151,-76,76
37139,78,70,8,8
37140,114,96,18,18
37141,95,72,23,23
37142,100,92,8,8
37143,94,85,9,9
37144,62,57,5,5
37145,75,92,-17,17
37146,91,84,7,7
37147,155,124,31,31
37148,82,67,15,15
37149,120,107,13,13
37150,154,127,27,27
37151,45,39,6,6
37152,69,61,8,8
37153,70,65,5,5
37154,129,118,11,11
37155,83,70,13,13
37156,102,85,17,17
37157,34,30,4,4
37158,84,69,15,15
37159,93,77,16,16
37160,173,144,29,29
37161,81,77,4,4
37162,112,110,2,2
37163,141,123,18,18
37164,117,102,15,15
37165,87,83,4,4
37166,89,93,-4,4
37167,138,133,5,5
37168,77,76,1,1
37169,71,66,5,5
37170,108,103,5,5
37171,84,71,13,13
37172,90,92,-2,2
37173,156,141,15,15
37174,90,85,5,5
37175,91,82,9,9
37176,64,55,9,9
37177,66,61,5,5
37178,59,46,13,13
37179,124,104,20,20
37180,49,41,8,8
37181,108,100,8,8
37182,83,74,9,9
37183,115,90,25,25
37184,59,56,3,3
37185,51,60,-9,9
37186,90,80,10,10
37187,77,80,-3,3
37188,59,45,14,14
37189,100,87,13,13
37190,138,121,17,17
37191,237,205,32,32
37192,71,65,6,6
37193,51,43,8,8
37194,160,153,7,7
37195,162,121,41,41
37196,121,107,14,14
37197,122,103,19,19
37198,64,55,9,9
37199,78,63,15,15
37200,107,122,-15,15
37201,102,97,5,5
37202,74,74,0,0
37203,90,90,0,0
37204,65,50,15,15
37205,85,79,6,6
37206,88,81,7,7
37207,95,87,8,8
37208,92,80,12,12
37209,148,119,29,29
37210,89,80,9,9
37211,63,56,7,7
37212,98,78,20,20
37213,74,66,8,8
37214,69,60,9,9
37215,58,54,4,4
37216,148,124,24,24
37217,75,69,6,6
37218,128,115,13,13
37219,63,67,-4,4
37220,113,86,27,27
37221,88,82,6,6
37222,68,55,13,13
37223,98,87,11,11
37224,79,76,3,3
37225,69,64,5,5
37226,284,240,44,44
37227,76,67,9,9
37228,98,91,7,7
37229,73,68,5,5
37230,135,122,13,13
37231,71,60,11,11
37232,85,71,14,14
37233,58,58,0,0
37234,110,101,9,9
37235,63,56,7,7
37236,91,85,6,6
37237,72,70,2,2
37238,111,119,-8,8
37239,75,63,12,12
37240,127,110,17,17
37241,157,131,26,26
37242,136,122,14,14
37243,66,55,11,11
37244,53,48,5,5
37245,76,71,5,5
37246,76,62,14,14
37247,123,121,2,2
37248,90,82,8,8
37249,62,57,5,5
37250,93,102,-9,9
37251,150,123,27,27
37252,114,102,12,12
37253,99,76,23,23
37254,85,73,12,12
37255,68,57,11,11
37256,54,45,9,9
37257,64,56,8,8
37258,126,119,7,7
37259,52,47,5,5
37260,119,106,13,13
37261,112,100,12,12
37262,257,217,40,40
37263,75,65,10,10
37264,58,49,9,9
37265,87,76,11,11
37266,50,42,8,8
37267,79,73,6,6
37268,142,120,22,22
37269,122,114,8,8
37270,69,67,2,2
37271,82,67,15,15
37272,83,79,4,4
37273,87,73,14,14
37274,132,119,13,13
37275,110,113,-3,3
37276,98,79,19,19
37277,93,79,14,14
37278,112,108,4,4
37279,101,83,18,18
37280,97,89,8,8
37281,111,109,2,2
37282,53,48,5,5
37283,78,82,-4,4
37284,104,90,14,14
37285,86,74,12,12
37286,109,94,15,15
37287,136,116,20,20
37288,113,123,-10,10
37289,53,50,3,3
37290,85,66,19,19
37291,142,119,23,23
37292,141,122,19,19
37293,87,79,8,8
37294,79,70,9,9
37295,171,147,24,24
37296,104,98,6,6
37297,91,114,-23,23
37298,70,60,10,10
37299,93,87,6,6
37300,115,106,9,9
37301,49,39,10,10
37302,115,91,24,24
37303,85,77,8,8
37304,96,89,7,7
37305,112,99,13,13
37306,133,124,9,9
37307,114,101,13,13
37308,78,88,-10,10
37309,158,139,19,19
37310,73,58,15,15
37311,44,40,4,4
37312,160,146,14,14
37313,114,107,7,7
37314,163,107,56,56
37315,113,97,16,16
37316,92,89,3,3
37317,35,35,0,0
37318,135,119,16,16
37319,113,101,12,12
37320,105,87,18,18
37321,79,65,14,14
37322,130,106,24,24
37323,129,119,10,10
37324,81,76,5,5
37325,71,71,0,0
37326,233,184,49,49
37327,79,78,1,1
37328,88,79,9,9
37329,121,118,3,3
37330,132,110,22,22
37331,179,155,24,24
37332,199,165,34,34
37333,133,115,18,18
37334,127,109,18,18
37335,71,69,2,2
37336,59,55,4,4
37337,92,86,6,6
37338,98,86,12,12
37339,93,75,18,18
37340,103,72,31,31
37341,114,117,-3,3
37342,80,73,7,7
37343,84,73,11,11
37344,95,76,19,19
37345,141,126,15,15
37346,184,160,24,24
37347,138,105,33,33
37348,59,54,5,5
37349,172,152,20,20
37350,146,124,22,22
37351,72,68,4,4
37352,139,128,11,11
37353,108,94,14,14
37354,91,90,1,1
37355,38,28,10,10
37356,44,46,-2,2
37357,86,74,12,12
37358,68,67,1,1
37359,68,53,15,15
37360,100,94,6,6
37361,135,111,24,24
37362,30,33,-3,3
37363,149,123,26,26
37364,93,85,8,8
37365,132,124,8,8
37366,61,54,7,7
37367,104,96,8,8
37368,119,107,12,12
37369,61,58,3,3
37370,79,70,9,9
37371,48,48,0,0
37372,80,52,28,28
37373,145,154,-9,9
37374,65,63,2,2
37375,68,62,6,6
37376,68,61,7,7
37377,78,75,3,3
37378,65,57,8,8
37379,98,85,13,13
37380,102,96,6,6
37381,115,90,25,25
37382,71,60,11,11
37383,63,58,5,5
37384,64,65,-1,1
37385,97,89,8,8
37386,102,81,21,21
37387,101,93,8,8
37388,34,29,5,5
37389,70,63,7,7
37390,53,49,4,4
37391,92,81,11,11
37392,83,77,6,6
37393,101,97,4,4
37394,76,66,10,10
37395,76,69,7,7
37396,111,93,18,18
37397,49,60,-11,11
37398,55,58,-3,3
37399,115,99,16,16
37400,126,115,11,11
37401,121,97,24,24
37402,145,123,22,22
37403,60,65,-5,5
37404,73,56,17,17
37405,63,56,7,7
37406,71,65,6,6
37407,81,76,5,5
37408,98,87,11,11
37409,138,130,8,8
37410,69,70,-1,1
37411,172,165,7,7
37412,57,60,-3,3
37413,119,103,16,16
37414,65,59,6,6
37415,54,48,6,6
37416,86,81,5,5
37417,116,105,11,11
37418,145,126,19,19
37419,102,97,5,5
37420,108,95,13,13
37421,63,54,9,9
37422,125,109,16,16
37423,90,83,7,7
37424,139,129,10,10
37425,94,82,12,12
37426,86,78,8,8
37427,44,41,3,3
37428,89,88,1,1
37429,82,73,9,9
37430,114,91,23,23
37431,60,51,9,9
37432,103,86,17,17
37433,58,47,11,11
37434,108,105,3,3
37435,140,133,7,7
37436,160,144,16,16
37437,54,49,5,5
37438,106,89,17,17
37439,140,129,11,11
37440,101,90,11,11
37441,120,109,11,11
37442,118,107,11,11
37443,116,103,13,13
37444,108,98,10,10
37445,205,193,12,12
37446,192,167,25,25
37447,97,86,11,11
37448,59,51,8,8
37449,60,56,4,4
37450,51,48,3,3
37451,48,41,7,7
37452,118,104,14,14
37453,209,175,34,34
37454,64,59,5,5
37455,76,71,5,5
37456,130,111,19,19
37457,83,80,3,3
37458,69,68,1,1
37459,66,50,16,16
37460,81,80,1,1
37461,116,122,-6,6
37462,91,88,3,3
37463,178,163,15,15
37464,148,152,-4,4
37465,160,149,11,11
37466,116,115,1,1
37467,87,83,4,4
37468,93,88,5,5
37469,71,64,7,7
37470,121,105,16,16
37471,85,64,21,21
37472,75,71,4,4
37473,101,89,12,12
37474,72,66,6,6
37475,60,51,9,9
37476,102,85,17,17
37477,111,92,19,19
37478,81,79,2,2
37479,75,81,-6,6
37480,107,102,5,5
37481,75,70,5,5
37482,67,67,0,0
37483,126,114,12,12
37484,106,96,10,10
37485,126,115,11,11
37486,104,98,6,6
37487,65,63,2,2
37488,92,83,9,9
37489,78,63,15,15
37490,127,107,20,20
37491,88,81,7,7
37492,35,34,1,1
37493,87,80,7,7
37494,53,56,-3,3
37495,108,98,10,10
37496,89,82,7,7
37497,79,68,11,11
37498,79,77,2,2
37499,138,110,28,28
37500,92,75,17,17
37501,84,75,9,9
37502,65,57,8,8
37503,74,68,6,6
37504,147,131,16,16
37505,96,89,7,7
37506,124,108,16,16
37507,84,81,3,3
37508,118,105,13,13
37509,80,69,11,11
37510,89,87,2,2
37511,154,145,9,9
37512,96,93,3,3
37513,73,72,1,1
37514,218,178,40,40
37515,108,96,12,12
37516,156,138,18,18
37517,56,53,3,3
37518,105,91,14,14
37519,103,115,-12,12
37520,98,91,7,7
37521,161,145,16,16
37522,150,116,34,34
37523,50,44,6,6
37524,99,86,13,13
37525,62,57,5,5
37526,102,92,10,10
37527,86,74,12,12
37528,81,70,11,11
37529,51,51,0,0
37530,100,83,17,17
37531,74,64,10,10
37532,65,52,13,13
37533,95,86,9,9
37534,99,87,12,12
37535,84,80,4,4
37536,114,83,31,31
37537,99,83,16,16
37538,58,44,14,14
37539,49,41,8,8
37540,119,99,20,20
37541,83,76,7,7
37542,96,91,5,5
37543,70,64,6,6
37544,108,97,11,11
37545,128,104,24,24
37546,75,62,13,13
37547,72,66,6,6
37548,88,68,20,20
37549,71,62,9,9
37550,103,84,19,19
37551,109,94,15,15
37552,77,70,7,7
37553,74,64,10,10
37554,105,87,18,18
37555,56,45,11,11
37556,95,82,13,13
37557,152,129,23,23
37558,62,54,8,8
37559,128,113,15,15
37560,108,88,20,20
37561,58,55,3,3
37562,144,118,26,26
37563,109,91,18,18
37564,66,56,10,10
37565,114,102,12,12
37566,150,122,28,28
37567,98,85,13,13
37568,151,131,20,20
37569,73,63,10,10
37570,84,73,11,11
37571,126,111,15,15
37572,50,47,3,3
37573,101,106,-5,5
37574,56,56,0,0
37575,95,87,8,8
37576,65,58,7,7
37577,141,110,31,31
37578,94,79,15,15
37579,67,64,3,3
37580,55,51,4,4
37581,65,57,8,8
37582,52,60,-8,8
37583,95,80,15,15
37584,158,140,18,18
37585,106,29,77,77
37586,101,88,13,13
37587,96,82,14,14
37588,132,125,7,7
37589,91,78,13,13
37590,80,71,9,9
37591,209,177,32,32
37592,71,70,1,1
37593,94,90,4,4
37594,93,76,17,17
37595,103,93,10,10
37596,69,69,0,0
37597,190,175,15,15
37598,92,84,8,8
37599,105,89,16,16
37600,69,65,4,4
37601,54,58,-4,4
37602,59,51,8,8
37603,82,77,5,5
37604,84,73,11,11
37605,30,47,-17,17
37606,150,128,22,22
37607,65,54,11,11
37608,88,72,16,16
37609,80,70,10,10
37610,174,151,23,23
37611,134,142,-8,8
37612,82,71,11,11
37613,77,60,17,17
37614,65,63,2,2
37615,49,44,5,5
37616,95,89,6,6
37617,67,63,4,4
37618,69,58,11,11
37619,125,121,4,4
37620,124,120,4,4
37621,81,75,6,6
37622,93,85,8,8
37623,148,112,36,36
37624,158,132,26,26
37625,107,95,12,12
37626,138,117,21,21
37627,106,98,8,8
37628,102,96,6,6
37629,151,134,17,17
37630,103,97,6,6
37631,77,65,12,12
37632,139,125,14,14
37633,122,109,13,13
37634,86,69,17,17
37635,85,74,11,11
37636,76,59,17,17
37637,115,94,21,21
37638,137,111,26,26
37639,113,112,1,1
37640,155,125,30,30
37641,66,69,-3,3
37642,75,63,12,12
37643,120,109,11,11
37644,116,90,26,26
37645,152,136,16,16
37646,56,52,4,4
37647,205,171,34,34
37648,96,92,4,4
37649,101,83,18,18
37650,100,89,11,11
37651,94,78,16,16
37652,130,111,19,19
37653,61,69,-8,8
37654,123,106,17,17
37655,111,106,5,5
37656,136,132,4,4
37657,166,136,30,30
37658,85,82,3,3
37659,99,87,12,12
37660,58,53,5,5
37661,98,81,17,17
37662,88,68,20,20
37663,164,133,31,31
37664,67,59,8,8
37665,112,87,25,25
37666,105,91,14,14
37667,151,122,29,29
37668,80,67,13,13
37669,121,116,5,5
37670,179,135,44,44
37671,151,134,17,17
37672,116,105,11,11
37673,93,83,10,10
37674,96,82,14,14
37675,112,110,2,2
37676,45,42,3,3
37677,100,86,14,14
37678,71,73,-2,2
37679,72,60,12,12
37680,124,106,18,18
37681,54,43,11,11
37682,135,115,20,20
37683,125,108,17,17
37684,125,91,34,34
37685,104,104,0,0
37686,76,66,10,10
37687,106,114,-8,8
37688,76,64,12,12
37689,87,81,6,6
37690,146,126,20,20
37691,91,76,15,15
37692,72,79,-7,7
37693,149,134,15,15
37694,82,71,11,11
37695,157,136,21,21
37696,138,116,22,22
37697,122,110,12,12
37698,105,95,10,10
37699,88,76,12,12
37700,157,158,-1,1
37701,108,87,21,21
37702,94,81,13,13
37703,102,96,6,6
37704,51,54,-3,3
37705,84,79,5,5
37706,67,71,-4,4
37707,128,108,20,20
37708,130,118,12,12
37709,165,142,23,23
37710,100,101,-1,1
37711,121,119,2,2
37712,74,70,4,4
37713,58,50,8,8
37714,88,90,-2,2
37715,105,100,5,5
37716,116,103,13,13
37717,103,88,15,15
37718,101,91,10,10
37719,108,107,1,1
37720,75,79,-4,4
37721,106,98,8,8
37722,69,65,4,4
37723,87,81,6,6
37724,68,69,-1,1
37725,51,45,6,6
37726,61,54,7,7
37727,110,98,12,12
37728,104,93,11,11
37729,70,59,11,11
37730,47,45,2,2
37731,69,74,-5,5
37732,48,49,-1,1
37733,92,79,13,13
37734,116,103,13,13
37735,94,89,5,5
37736,79,70,9,9
37737,116,123,-7,7
37738,133,126,7,7
37739,70,67,3,3
37740,153,136,17,17
37741,41,79,-38,38
37742,73,66,7,7
37743,109,98,11,11
37744,145,117,28,28
37745,106,99,7,7
37746,89,71,18,18
37747,69,70,-1,1
37748,73,65,8,8
37749,61,57,4,4
37750,127,110,17,17
37751,104,94,10,10
37752,103,92,11,11
37753,107,88,19,19
37754,116,105,11,11
37755,66,56,10,10
37756,130,115,15,15
37757,102,83,19,19
37758,102,93,9,9
37759,72,72,0,0
37760,98,81,17,17
37761,55,45,10,10
37762,90,87,3,3
37763,116,104,12,12
37764,64,64,0,0
37765,113,96,17,17
37766,75,73,2,2
37767,75,82,-7,7
37768,119,107,12,12
37769,81,67,14,14
37770,74,63,11,11
37771,156,139,17,17
37772,93,82,11,11
37773,84,73,11,11
37774,118,130,-12,12
37775,70,66,4,4
37776,197,177,20,20
37777,57,50,7,7
37778,41,43,-2,2
37779,110,107,3,3
37780,94,81,13,13
37781,121,96,25,25
37782,77,73,4,4
37783,104,75,29,29
37784,98,84,14,14
37785,101,87,14,14
37786,65,65,0,0
37787,140,118,22,22
37788,113,93,20,20
37789,103,79,24,24
37790,84,70,14,14
37791,75,61,14,14
37792,136,110,26,26
37793,123,110,13,13
37794,117,114,3,3
37795,107,89,18,18
37796,64,54,10,10
37797,61,59,2,2
37798,216,164,52,52
37799,94,91,3,3
37800,96,85,11,11
37801,83,93,-10,10
37802,42,42,0,0
37803,93,91,2,2
37804,61,57,4,4
37805,101,67,34,34
37806,118,104,14,14
37807,100,88,12,12
37808,107,105,2,2
37809,98,93,5,5
37810,64,51,13,13
37811,215,196,19,19
37812,127,109,18,18
37813,91,78,13,13
37814,113,117,-4,4
37815,82,75,7,7
37816,120,113,7,7
37817,72,62,10,10
37818,77,83,-6,6
37819,79,78,1,1
37820,67,63,4,4
37821,89,81,8,8
37822,54,50,4,4
37823,97,92,5,5
37824,82,69,13,13
37825,91,93,-2,2
37826,83,70,13,13
37827,54,56,-2,2
37828,116,108,8,8
37829,80,78,2,2
37830,75,68,7,7
37831,187,172,15,15
37832,78,81,-3,3
37833,95,88,7,7
37834,87,79,8,8
37835,74,68,6,6
37836,67,57,10,10
37837,66,53,13,13
37838,78,69,9,9
37839,107,93,14,14
37840,59,46,13,13
37841,92,88,4,4
37842,41,46,-5,5
37843,130,110,20,20
37844,100,96,4,4
37845,88,75,13,13
37846,67,55,12,12
37847,100,81,19,19
37848,99,94,5,5
37849,69,62,7,7
37850,115,110,5,5
37851,116,104,12,12
37852,49,41,8,8
37853,91,84,7,7
37854,67,68,-1,1
37855,105,94,11,11
37856,137,128,9,9
37857,72,76,-4,4
37858,61,56,5,5
37859,86,75,11,11
37860,91,87,4,4
37861,85,75,10,10
37862,83,48,35,35
37863,68,53,15,15
37864,103,85,18,18
37865,106,85,21,21
37866,139,105,34,34
37867,115,109,6,6
37868,48,43,5,5
37869,159,143,16,16
37870,61,53,8,8
37871,113,111,2,2
37872,101,90,11,11
37873,77,67,10,10
37874,134,124,10,10
37875,67,56,11,11
37876,106,92,14,14
37877,57,50,7,7
37878,95,89,6,6
37879,93,91,2,2
37880,95,74,21,21
37881,179,160,19,19
37882,153,156,-3,3
37883,62,58,4,4
37884,69,59,10,10
37885,165,152,13,13
37886,180,172,8,8
37887,87,75,12,12
37888,110,101,9,9
37889,116,110,6,6
37890,159,153,6,6
37891,99,93,6,6
37892,114,100,14,14
37893,102,82,20,20
37894,154,138,16,16
37895,91,82,9,9
37896,124,98,26,26
37897,91,79,12,12
37898,41,38,3,3
37899,45,40,5,5
37900,71,80,-9,9
37901,76,69,7,7
37902,99,99,0,0
37903,111,95,16,16
37904,97,80,17,17
37905,124,105,19,19
37906,96,96,0,0
37907,79,71,8,8
37908,122,121,1,1
37909,115,89,26,26
37910,89,77,12,12
37911,73,63,10,10
37912,111,106,5,5
37913,89,85,4,4
37914,138,123,15,15
37915,100,99,1,1
37916,78,73,5,5
37917,83,80,3,3
37918,86,84,2,2
37919,135,130,5,5
37920,114,103,11,11
37921,56,52,4,4
37922,149,147,2,2
37923,81,72,9,9
37924,79,69,10,10
37925,103,94,9,9
37926,56,63,-7,7
37927,150,127,23,23
37928,78,71,7,7
37929,78,70,8,8
37930,41,39,2,2
37931,121,98,23,23
37932,123,113,10,10
37933,76,76,0,0
37934,103,90,13,13
37935,35,51,-16,16
37936,124,111,13,13
37937,55,54,1,1
37938,88,79,9,9
37939,90,77,13,13
37940,120,88,32,32
37941,71,63,8,8
37942,79,75,4,4
37943,62,60,2,2
37944,86,77,9,9
37945,64,60,4,4
37946,131,129,2,2
37947,146,126,20,20
37948,86,70,16,16
37949,98,85,13,13
37950,183,148,35,35
37951,91,85,6,6
37952,77,64,13,13
37953,142,130,12,12
37954,79,69,10,10
37955,41,35,6,6
37956,105,96,9,9
37957,197,169,28,28
37958,115,104,11,11
37959,71,65,6,6
37960,140,133,7,7
37961,130,114,16,16
37962,83,75,8,8
37963,108,113,-5,5
37964,67,61,6,6
37965,70,71,-1,1
37966,93,86,7,7
37967,64,62,2,2
37968,98,106,-8,8
37969,115,105,10,10
37970,62,58,4,4
37971,88,80,8,8
37972,61,52,9,9
37973,198,175,23,23
37974,101,98,3,3
37975,66,56,10,10
37976,31,29,2,2
37977,94,81,13,13
37978,93,92,1,1
37979,117,145,-28,28
37980,99,90,9,9
37981,36,33,3,3
37982,76,71,5,5
37983,67,64,3,3
37984,78,77,1,1
37985,50,51,-1,1
37986,55,43,12,12
37987,92,84,8,8
37988,94,79,15,15
37989,137,126,11,11
37990,102,89,13,13
37991,113,97,16,16
37992,89,74,15,15
37993,124,121,3,3
37994,82,76,6,6
37995,60,60,0,0
37996,125,99,26,26
37997,78,71,7,7
37998,143,124,19,19
37999,142,128,14,14
38000,106,86,20,20
38001,124,101,23,23
38002,52,50,2,2
38003,97,105,-8,8
38004,80,69,11,11
38005,107,107,0,0
38006,141,125,16,16
38007,57,49,8,8
38008,89,69,20,20
38009,104,100,4,4
38010,154,130,24,24
38011,76,73,3,3
38012,95,74,21,21
38013,179,148,31,31
38014,64,66,-2,2
38015,119,96,23,23
38016,108,107,1,1
38017,114,99,15,15
38018,92,81,11,11
38019,109,95,14,14
38020,139,132,7,7
38021,130,118,12,12
38022,112,95,17,17
38023,123,104,19,19
38024,125,110,15,15
38025,66,55,11,11
38026,77,77,0,0
38027,87,78,9,9
38028,97,92,5,5
38029,56,49,7,7
38030,146,126,20,20
38031,71,62,9,9
38032,176,151,25,25
38033,96,82,14,14
38034,105,89,16,16
38035,127,114,13,13
38036,82,76,6,6
38037,137,136,1,1
38038,120,105,15,15
38039,82,72,10,10
38040,73,60,13,13
38041,78,63,15,15
38042,83,75,8,8
38043,83,72,11,11
38044,74,71,3,3
38045,81,71,10,10
38046,178,148,30,30
38047,96,100,-4,4
38048,48,47,1,1
38049,74,73,1,1
38050,143,123,20,20
38051,94,78,16,16
38052,142,132,10,10
38053,144,137,7,7
38054,114,107,7,7
38055,91,84,7,7
38056,127,115,12,12
38057,65,65,0,0
38058,152,133,19,19
38059,106,91,15,15
38060,140,121,19,19
38061,96,90,6,6
38062,72,97,-25,25
38063,71,7,64,64
38064,116,101,15,15
38065,156,137,19,19
38066,57,48,9,9
38067,24,26,-2,2
38068,122,106,16,16
38069,118,100,18,18
38070,96,86,10,10
38071,86,77,9,9
38072,163,142,21,21
38073,60,57,3,3
38074,80,65,15,15
38075,78,69,9,9
38076,82,68,14,14
38077,113,95,18,18
38078,104,100,4,4
38079,154,158,-4,4
38080,34,38,-4,4
38081,111,106,5,5
38082,103,88,15,15
38083,88,76,12,12
38084,112,104,8,8
38085,115,99,16,16
38086,60,47,13,13
38087,150,129,21,21
38088,116,102,14,14
38089,80,70,10,10
38090,112,90,22,22
38091,116,105,11,11
38092,83,78,5,5
38093,161,135,26,26
38094,65,62,3,3
38095,74,68,6,6
38096,72,56,16,16
38097,185,149,36,36
38098,89,65,24,24
38099,90,83,7,7
38100,175,148,27,27
38101,96,81,15,15
38102,96,82,14,14
38103,111,104,7,7
38104,46,40,6,6
38105,105,104,1,1
38106,69,67,2,2
38107,117,102,15,15
38108,91,80,11,11
38109,70,67,3,3
38110,150,125,25,25
38111,122,112,10,10
38112,98,96,2,2
38113,100,80,20,20
38114,160,128,32,32
38115,139,122,17,17
38116,170,144,26,26
38117,79,75,4,4
38118,132,110,22,22
38119,121,110,11,11
38120,118,109,9,9
38121,102,81,21,21
38122,98,86,12,12
38123,115,112,3,3
38124,159,144,15,15
38125,92,83,9,9
38126,41,44,-3,3
38127,84,74,10,10
38128,132,132,0,0
38129,109,84,25,25
38130,78,78,0,0
38131,114,94,20,20
38132,121,105,16,16
38133,93,77,16,16
38134,115,105,10,10
38135,44,39,5,5
38136,74,62,12,12
38137,49,44,5,5
38138,165,149,16,16
38139,83,73,10,10
38140,158,134,24,24
38141,101,80,21,21
38142,118,106,12,12
38143,94,83,11,11
38144,117,123,-6,6
38145,109,97,12,12
38146,73,80,-7,7
38147,76,69,7,7
38148,138,125,13,13
38149,113,97,16,16
38150,96,85,11,11
38151,73,70,3,3
38152,112,93,19,19
38153,63,59,4,4
38154,104,87,17,17
38155,82,79,3,3
38156,54,51,3,3
38157,84,72,12,12
38158,133,127,6,6
38159,101,91,10,10
38160,108,108,0,0
38161,83,72,11,11
38162,78,72,6,6
38163,82,68,14,14
38164,76,66,10,10
38165,90,77,13,13
38166,105,95,10,10
38167,61,50,11,11
38168,102,105,-3,3
38169,104,110,-6,6
38170,72,64,8,8
38171,74,59,15,15
38172,92,86,6,6
38173,85,74,11,11
38174,99,88,11,11
38175,111,112,-1,1
38176,67,65,2,2
38177,76,63,13,13
38178,113,89,24,24
38179,107,90,17,17
38180,117,99,18,18
38181,116,112,4,4
38182,97,85,12,12
38183,125,116,9,9
38184,112,105,7,7
38185,71,74,-3,3
38186,115,103,12,12
38187,59,72,-13,13
38188,97,85,12,12
38189,124,107,17,17
38190,45,40,5,5
38191,87,79,8,8
38192,103,115,-12,12
38193,64,56,8,8
38194,100,84,16,16
38195,97,74,23,23
38196,121,111,10,10
38197,111,109,2,2
38198,74,63,11,11
38199,118,133,-15,15
38200,91,77,14,14
38201,89,82,7,7
38202,105,79,26,26
38203,79,76,3,3
38204,68,63,5,5
38205,125,121,4,4
38206,87,75,12,12
38207,123,102,21,21
38208,93,85,8,8
38209,100,86,14,14
38210,64,52,12,12
38211,108,92,16,16
38212,68,49,19,19
38213,86,80,6,6
38214,107,85,22,22
38215,73,68,5,5
38216,128,123,5,5
38217,119,104,15,15
38218,54,41,13,13
38219,72,65,7,7
38220,73,70,3,3
38221,159,137,22,22
38222,83,75,8,8
38223,97,84,13,13
38224,131,120,11,11
38225,69,66,3,3
38226,86,67,19,19
38227,119,112,7,7
38228,100,83,17,17
38229,102,100,2,2
38230,67,59,8,8
38231,53,54,-1,1
38232,85,82,3,3
38233,168,147,21,21
38234,61,50,11,11
38235,77,66,11,11
38236,85,81,4,4
38237,69,60,9,9
38238,124,110,14,14
38239,89,72,17,17
38240,148,139,9,9
38241,143,122,21,21
38242,57,65,-8,8
38243,144,127,17,17
38244,66,61,5,5
38245,83,89,-6,6
38246,120,110,10,10
38247,131,119,12,12
38248,51,51,0,0
38249,77,54,23,23
38250,62,57,5,5
38251,125,119,6,6
38252,87,79,8,8
38253,89,79,10,10
38254,162,147,15,15
38255,109,102,7,7
38256,126,118,8,8
38257,87,83,4,4
38258,87,92,-5,5
38259,116,100,16,16
38260,51,47,4,4
38261,65,53,12,12
38262,95,78,17,17
38263,86,70,16,16
38264,98,89,9,9
38265,74,61,13,13
38266,87,76,11,11
38267,113,98,15,15
38268,70,75,-5,5
38269,119,102,17,17
38270,180,156,24,24
38271,94,74,20,20
38272,67,67,0,0
38273,85,79,6,6
38274,147,144,3,3
38275,79,61,18,18
38276,76,71,5,5
38277,60,47,13,13
38278,55,51,4,4
38279,95,90,5,5
38280,127,104,23,23
38281,100,93,7,7
38282,85,74,11,11
38283,127,111,16,16
38284,101,81,20,20
38285,70,60,10,10
38286,102,88,14,14
38287,73,62,11,11
38288,107,98,9,9
38289,129,120,9,9
38290,114,100,14,14
38291,45,47,-2,2
38292,52,44,8,8
38293,69,63,6,6
38294,71,63,8,8
38295,65,62,3,3
38296,211,167,44,44
38297,113,119,-6,6
38298,97,86,11,11
38299,60,58,2,2
38300,184,142,42,42
38301,106,96,10,10
38302,121,108,13,13
38303,112,107,5,5
38304,137,123,14,14
38305,104,93,11,11
38306,124,99,25,25
38307,72,60,12,12
38308,116,98,18,18
38309,76,68,8,8
38310,99,92,7,7
38311,75,68,7,7
38312,81,76,5,5
38313,69,61,8,8
38314,72,71,1,1
38315,87,66,21,21
38316,93,79,14,14
38317,136,121,15,15
38318,101,83,18,18
38319,89,75,14,14
38320,112,99,13,13
38321,65,60,5,5
38322,118,100,18,18
38323,92,75,17,17
38324,80,80,0,0
38325,98,84,14,14
38326,70,60,10,10
38327,127,109,18,18
38328,149,118,31,31
38329,70,60,10,10
38330,139,131,8,8
38331,82,69,13,13
38332,91,83,8,8
38333,39,37,2,2
38334,82,86,-4,4
38335,105,92,13,13
38336,147,136,11,11
38337,104,99,5,5
38338,117,89,28,28
38339,91,94,-3,3
38340,90,88,2,2
38341,104,84,20,20
38342,47,49,-2,2
38343,56,52,4,4
38344,110,106,4,4
38345,43,50,-7,7
38346,120,103,17,17
38347,70,65,5,5
38348,75,70,5,5
38349,77,72,5,5
38350,72,64,8,8
38351,105,91,14,14
38352,218,181,37,37
38353,56,54,2,2
38354,100,93,7,7
38355,123,126,-3,3
38356,130,110,20,20
38357,63,53,10,10
38358,89,82,7,7
38359,60,60,0,0
38360,65,71,-6,6
38361,118,103,15,15
38362,86,79,7,7
38363,166,159,7,7
38364,106,97,9,9
38365,58,55,3,3
38366,141,115,26,26
38367,96,86,10,10
38368,106,90,16,16
38369,110,106,4,4
38370,64,57,7,7
38371,83,70,13,13
38372,92,96,-4,4
38373,70,60,10,10
38374,122,114,8,8
38375,86,79,7,7
38376,105,85,20,20
38377,99,94,5,5
38378,57,48,9,9
38379,79,68,11,11
38380,59,47,12,12
38381,70,64,6,6
38382,104,88,16,16
38383,86,79,7,7
38384,112,110,2,2
38385,102,92,10,10
38386,63,58,5,5
38387,118,103,15,15
38388,63,53,10,10
38389,104,110,-6,6
38390,86,80,6,6
38391,167,142,25,25
38392,164,142,22,22
38393,85,78,7,7
38394,111,102,9,9
38395,121,99,22,22
38396,94,85,9,9
38397,77,78,-1,1
38398,35,35,0,0
38399,95,81,14,14
38400,133,124,9,9
38401,85,81,4,4
38402,67,52,15,15
38403,114,105,9,9
38404,157,136,21,21
38405,157,134,23,23
38406,94,93,1,1
38407,54,54,0,0
38408,64,51,13,13
38409,109,93,16,16
38410,71,65,6,6
38411,73,71,2,2
38412,76,75,1,1
38413,130,104,26,26
38414,79,68,11,11
38415,142,137,5,5
38416,89,78,11,11
38417,105,98,7,7
38418,78,81,-3,3
38419,64,55,9,9
38420,63,62,1,1
38421,89,82,7,7
38422,171,158,13,13
38423,111,90,21,21
38424,86,71,15,15
38425,102,88,14,14
38426,61,52,9,9
38427,85,76,9,9
38428,134,112,22,22
38429,81,74,7,7
38430,142,129,13,13
38431,80,68,12,12
38432,83,72,11,11
38433,121,101,20,20
38434,67,46,21,21
38435,100,106,-6,6
38436,129,115,14,14
38437,102,97,5,5
38438,126,113,13,13
38439,98,89,9,9
38440,63,50,13,13
38441,72,69,3,3
38442,88,84,4,4
38443,64,60,4,4
38444,107,103,4,4
38445,89,73,16,16
38446,93,81,12,12
38447,146,131,15,15
38448,101,96,5,5
38449,87,75,12,12
38450,97,88,9,9
38451,78,55,23,23
38452,130,105,25,25
38453,85,63,22,22
38454,77,65,12,12
38455,44,41,3,3
38456,96,84,12,12
38457,89,70,19,19
38458,117,106,11,11
38459,41,35,6,6
38460,113,104,9,9
38461,103,78,25,25
38462,161,136,25,25
38463,196,173,23,23
38464,64,37,27,27
38465,82,65,17,17
38466,66,82,-16,16
38467,80,67,13,13
38468,54,51,3,3
38469,104,97,7,7
38470,55,45,10,10
38471,57,48,9,9
38472,49,49,0,0
38473,70,63,7,7
38474,74,73,1,1
38475,33,32,1,1
38476,83,83,0,0
38477,89,78,11,11
38478,102,86,16,16
38479,156,147,9,9
38480,36,39,-3,3
38481,62,50,12,12
38482,102,84,18,18
38483,87,87,0,0
38484,50,41,9,9
38485,89,87,2,2
38486,100,88,12,12
38487,98,77,21,21
38488,56,49,7,7
38489,75,66,9,9
38490,98,76,22,22
38491,117,96,21,21
38492,235,194,41,41
38493,54,50,4,4
38494,68,56,12,12
38495,116,113,3,3
38496,32,30,2,2
38497,55,43,12,12
38498,82,75,7,7
38499,119,107,12,12
38500,183,168,15,15
38501,112,70,42,42
38502,57,56,1,1
38503,120,105,15,15
38504,77,72,5,5
38505,68,66,2,2
38506,126,108,18,18
38507,68,56,12,12
38508,103,85,18,18
38509,110,107,3,3
38510,122,96,26,26
38511,100,106,-6,6
38512,74,65,9,9
38513,185,144,41,41
38514,118,116,2,2
38515,41,41,0,0
38516,91,81,10,10
38517,83,65,18,18
38518,79,77,2,2
38519,82,68,14,14
38520,84,78,6,6
38521,70,51,19,19
38522,97,94,3,3
38523,99,90,9,9
38524,108,94,14,14
38525,85,74,11,11
38526,132,120,12,12
38527,99,87,12,12
38528,62,50,12,12
38529,80,61,19,19
38530,96,78,18,18
38531,98,78,20,20
38532,109,99,10,10
38533,124,117,7,7
38534,101,103,-2,2
38535,118,111,7,7
38536,57,49,8,8
38537,79,71,8,8
38538,86,79,7,7
38539,77,66,11,11
38540,132,111,21,21
38541,74,56,18,18
38542,108,98,10,10
38543,137,115,22,22
38544,102,91,11,11
38545,150,132,18,18
38546,51,45,6,6
38547,77,65,12,12
38548,59,46,13,13
38549,42,33,9,9
38550,141,127,14,14
38551,132,111,21,21
38552,67,57,10,10
38553,108,92,16,16
38554,144,141,3,3
38555,69,62,7,7
38556,85,72,13,13
38557,64,56,8,8
38558,65,57,8,8
38559,221,200,21,21
38560,70,61,9,9
38561,56,46,10,10
38562,62,53,9,9
38563,88,93,-5,5
38564,108,103,5,5
38565,178,148,30,30
38566,74,63,11,11
38567,85,88,-3,3
38568,61,61,0,0
38569,111,71,40,40
38570,103,99,4,4
38571,110,97,13,13
38572,74,62,12,12
38573,172,146,26,26
38574,87,87,0,0
38575,141,137,4,4
38576,86,71,15,15
38577,89,81,8,8
38578,106,80,26,26
38579,103,91,12,12
38580,115,89,26,26
38581,61,53,8,8
38582,102,93,9,9
38583,64,57,7,7
38584,121,102,19,19
38585,61,58,3,3
38586,75,64,11,11
38587,43,34,9,9
38588,84,72,12,12
38589,118,101,17,17
38590,50,35,15,15
38591,81,59,22,22
38592,160,140,20,20
38593,121,103,18,18
38594,77,81,-4,4
38595,124,111,13,13
38596,140,119,21,21
38597,56,53,3,3
38598,92,76,16,16
38599,99,88,11,11
38600,169,149,20,20
38601,102,100,2,2
38602,149,134,15,15
38603,161,155,6,6
38604,73,70,3,3
38605,81,77,4,4
38606,76,68,8,8
38607,131,113,18,18
38608,155,144,11,11
38609,87,80,7,7
38610,62,51,11,11
38611,87,68,19,19
38612,78,79,-1,1
38613,74,69,5,5
38614,49,62,-13,13
38615,92,78,14,14
38616,133,118,15,15
38617,149,133,16,16
38618,120,108,12,12
38619,89,73,16,16
38620,102,90,12,12
38621,62,41,21,21
38622,57,41,16,16
38623,43,54,-11,11
38624,72,65,7,7
38625,58,52,6,6
38626,66,56,10,10
38627,73,67,6,6
38628,112,87,25,25
38629,158,134,24,24
38630,70,68,2,2
38631,136,117,19,19
38632,85,70,15,15
38633,37,39,-2,2
38634,87,79,8,8
38635,130,124,6,6
38636,88,81,7,7
38637,57,53,4,4
38638,117,104,13,13
38639,105,87,18,18
38640,75,67,8,8
38641,153,144,9,9
38642,90,93,-3,3
38643,130,107,23,23
38644,86,79,7,7
38645,124,119,5,5
38646,83,74,9,9
38647,145,118,27,27
38648,77,72,5,5
38649,64,58,6,6
38650,129,120,9,9
38651,109,104,5,5
38652,94,82,12,12
38653,84,68,16,16
38654,64,56,8,8
38655,90,79,11,11
38656,171,151,20,20
38657,93,87,6,6
38658,121,115,6,6
38659,72,70,2,2
38660,72,72,0,0
38661,85,75,10,10
38662,86,68,18,18
38663,93,89,4,4
38664,94,71,23,23
38665,118,109,9,9
38666,72,55,17,17
38667,64,58,6,6
38668,127,101,26,26
38669,64,58,6,6
38670,75,67,8,8
38671,57,55,2,2
38672,61,55,6,6
38673,74,76,-2,2
38674,53,57,-4,4
38675,80,73,7,7
38676,83,74,9,9
38677,124,108,16,16
38678,81,79,2,2
38679,84,84,0,0
38680,128,103,25,25
38681,93,82,11,11
38682,79,74,5,5
38683,81,91,-10,10
38684,81,73,8,8
38685,104,94,10,10
38686,82,70,12,12
38687,84,62,22,22
38688,71,66,5,5
38689,62,52,10,10
38690,66,63,3,3
38691,63,59,4,4
38692,77,66,11,11
38693,56,52,4,4
38694,155,136,19,19
38695,143,121,22,22
38696,75,64,11,11
38697,92,87,5,5
38698,108,92,16,16
38699,105,96,9,9
38700,63,51,12,12
38701,117,107,10,10
38702,123,98,25,25
38703,69,66,3,3
38704,119,115,4,4
38705,92,94,-2,2
38706,94,81,13,13
38707,80,72,8,8
38708,101,90,11,11
38709,150,130,20,20
38710,92,80,12,12
38711,97,83,14,14
38712,100,91,9,9
38713,74,76,-2,2
38714,157,145,12,12
38715,65,62,3,3
38716,97,82,15,15
38717,79,71,8,8
38718,86,73,13,13
38719,91,79,12,12
38720,51,48,3,3
38721,110,100,10,10
38722,106,98,8,8
38723,50,45,5,5
38724,76,64,12,12
38725,126,110,16,16
38726,73,63,10,10
38727,80,80,0,0
38728,90,76,14,14
38729,94,68,26,26
38730,99,84,15,15
38731,140,119,21,21
38732,92,78,14,14
38733,96,87,9,9
38734,107,96,11,11
38735,120,98,22,22
38736,141,124,17,17
38737,58,53,5,5
38738,99,88,11,11
38739,75,66,9,9
38740,118,96,22,22
38741,93,85,8,8
38742,104,82,22,22
38743,81,74,7,7
38744,107,95,12,12
38745,91,97,-6,6
38746,87,79,8,8
38747,53,52,1,1
38748,147,130,17,17
38749,108,90,18,18
38750,76,63,13,13
38751,59,52,7,7
38752,85,86,-1,1
38753,82,76,6,6
38754,57,55,2,2
38755,37,37,0,0
38756,129,118,11,11
38757,57,45,12,12
38758,67,60,7,7
38759,76,64,12,12
38760,85,73,12,12
38761,130,113,17,17
38762,106,93,13,13
38763,104,105,-1,1
38764,88,86,2,2
38765,65,53,12,12
38766,75,67,8,8
38767,145,122,23,23
38768,149,132,17,17
38769,44,41,3,3
38770,69,56,13,13
38771,93,87,6,6
38772,78,67,11,11
38773,63,61,2,2
38774,78,74,4,4
38775,85,72,13,13
38776,55,47,8,8
38777,73,79,-6,6
38778,107,97,10,10
38779,131,111,20,20
38780,87,78,9,9
38781,40,43,-3,3
38782,139,112,27,27
38783,85,79,6,6
38784,163,155,8,8
38785,64,63,1,1
38786,193,171,22,22
38787,86,86,0,0
38788,98,88,10,10
38789,51,51,0,0
38790,128,113,15,15
38791,141,114,27,27
38792,84,72,12,12
38793,142,127,15,15
38794,59,59,0,0
38795,108,95,13,13
38796,39,38,1,1
38797,156,139,17,17
38798,107,102,5,5
38799,99,99,0,0
38800,166,149,17,17
38801,85,77,8,8
38802,84,72,12,12
38803,98,84,14,14
38804,76,65,11,11
38805,138,113,25,25
38806,93,81,12,12
38807,182,146,36,36
38808,149,118,31,31
38809,132,108,24,24
38810,127,109,18,18
38811,70,61,9,9
38812,57,51,6,6
38813,176,169,7,7
38814,68,61,7,7
38815,46,44,2,2
38816,66,55,11,11
38817,113,108,5,5
38818,135,123,12,12
38819,48,42,6,6
38820,135,120,15,15
38821,70,67,3,3
38822,91,86,5,5
38823,125,109,16,16
38824,109,86,23,23
38825,53,48,5,5
38826,91,80,11,11
38827,70,61,9,9
38828,65,64,1,1
38829,125,101,24,24
38830,72,66,6,6
38831,103,96,7,7
38832,103,69,34,34
38833,101,70,31,31
38834,117,113,4,4
38835,63,53,10,10
38836,164,152,12,12
38837,57,59,-2,2
38838,120,111,9,9
38839,133,117,16,16
38840,83,79,4,4
38841,64,57,7,7
38842,102,87,15,15
38843,70,61,9,9
38844,124,116,8,8
38845,106,85,21,21
38846,156,136,20,20
38847,67,64,3,3
38848,147,133,14,14
38849,113,105,8,8
38850,121,113,8,8
38851,97,85,12,12
38852,59,60,-1,1
38853,50,56,-6,6
38854,118,95,23,23
38855,56,49,7,7
38856,87,70,17,17
38857,89,89,0,0
38858,65,63,2,2
38859,62,57,5,5
38860,138,124,14,14
38861,149,137,12,12
38862,69,59,10,10
38863,76,72,4,4
38864,65,65,0,0
38865,70,61,9,9
38866,133,129,4,4
38867,77,72,5,5
38868,93,89,4,4
38869,105,115,-10,10
38870,67,63,4,4
38871,84,75,9,9
38872,83,83,0,0
38873,46,37,9,9
38874,102,86,16,16
38875,80,64,16,16
38876,106,100,6,6
38877,91,84,7,7
38878,70,52,18,18
38879,213,179,34,34
38880,84,79,5,5
38881,124,95,29,29
38882,113,94,19,19
38883,89,83,6,6
38884,112,97,15,15
38885,78,65,13,13
38886,60,51,9,9
38887,119,99,20,20
38888,58,54,4,4
38889,109,88,21,21
38890,113,125,-12,12
38891,101,80,21,21
38892,61,50,11,11
38893,76,70,6,6
38894,84,72,12,12
38895,86,81,5,5
38896,108,92,16,16
38897,102,82,20,20
38898,151,132,19,19
38899,66,59,7,7
38900,71,58,13,13
38901,66,63,3,3
38902,131,122,9,9
38903,49,44,5,5
38904,99,95,4,4
38905,69,67,2,2
38906,72,56,16,16
38907,179,147,32,32
38908,152,134,18,18
38909,70,61,9,9
38910,63,63,0,0
38911,104,97,7,7
38912,22,22,0,0
38913,105,94,11,11
38914,174,156,18,18
38915,123,111,12,12
38916,34,31,3,3
38917,76,74,2,2
38918,114,99,15,15
38919,84,88,-4,4
38920,114,88,26,26
38921,236,193,43,43
38922,86,83,3,3
38923,91,70,21,21
38924,109,99,10,10
38925,99,78,21,21
38926,79,63,16,16
38927,51,50,1,1
38928,201,174,27,27
38929,60,54,6,6
38930,89,84,5,5
38931,84,74,10,10
38932,40,39,1,1
38933,68,60,8,8
38934,58,50,8,8
38935,73,64,9,9
38936,121,114,7,7
38937,55,44,11,11
38938,91,84,7,7
38939,57,52,5,5
38940,68,52,16,16
38941,93,72,21,21
38942,59,52,7,7
38943,76,66,10,10
38944,99,90,9,9
38945,85,91,-6,6
38946,113,95,18,18
38947,107,84,23,23
38948,184,158,26,26
38949,80,70,10,10
38950,99,86,13,13
38951,180,150,30,30
38952,94,94,0,0
38953,37,30,7,7
38954,59,62,-3,3
38955,65,55,10,10
38956,93,85,8,8
38957,88,83,5,5
38958,92,86,6,6
38959,128,103,25,25
38960,111,106,5,5
38961,128,152,-24,24
38962,48,43,5,5
38963,116,116,0,0
38964,54,44,10,10
38965,57,59,-2,2
38966,61,58,3,3
38967,79,69,10,10
38968,61,53,8,8
38969,122,113,9,9
38970,89,79,10,10
38971,121,102,19,19
38972,119,103,16,16
38973,108,110,-2,2
38974,100,92,8,8
38975,58,50,8,8
38976,106,87,19,19
38977,88,83,5,5
38978,103,84,19,19
38979,31,28,3,3
38980,34,45,-11,11
38981,87,79,8,8
38982,111,100,11,11
38983,101,92,9,9
38984,41,36,5,5
38985,60,54,6,6
38986,115,103,12,12
38987,136,127,9,9
38988,74,60,14,14
38989,84,69,15,15
38990,110,97,13,13
38991,73,70,3,3
38992,126,107,19,19
38993,77,66,11,11
38994,129,117,12,12
38995,123,115,8,8
38996,99,83,16,16
38997,88,52,36,36
38998,61,64,-3,3
38999,74,70,4,4
39000,107,93,14,14
39001,122,101,21,21
39002,60,58,2,2
39003,188,171,17,17
39004,84,66,18,18
39005,146,133,13,13
39006,154,146,8,8
39007,114,109,5,5
39008,117,100,17,17
39009,163,150,13,13
39010,74,66,8,8
39011,113,97,16,16
39012,68,64,4,4
39013,137,126,11,11
39014,86,83,3,3
39015,136,124,12,12
39016,77,61,16,16
39017,156,137,19,19
39018,146,128,18,18
39019,62,51,11,11
39020,66,67,-1,1
39021,121,111,10,10
39022,161,132,29,29
39023,102,100,2,2
39024,67,53,14,14
39025,129,118,11,11
39026,120,119,1,1
39027,174,159,15,15
39028,179,149,30,30
39029,92,76,16,16
39030,112,104,8,8
39031,110,90,20,20
39032,97,88,9,9
39033,68,58,10,10
39034,117,110,7,7
39035,155,126,29,29
39036,60,54,6,6
39037,167,128,39,39
39038,115,102,13,13
39039,134,124,10,10
39040,48,47,1,1
39041,89,72,17,17
39042,42,50,-8,8
39043,31,37,-6,6
39044,105,89,16,16
39045,138,116,22,22
39046,97,73,24,24
39047,83,72,11,11
39048,54,51,3,3
39049,65,56,9,9
39050,94,91,3,3
39051,86,78,8,8
39052,88,84,4,4
39053,63,52,11,11
39054,144,130,14,14
39055,62,57,5,5
39056,63,69,-6,6
39057,98,85,13,13
39058,60,49,11,11
39059,49,45,4,4
39060,96,78,18,18
39061,71,67,4,4
39062,120,101,19,19
39063,150,124,26,26
39064,80,71,9,9
39065,58,55,3,3
39066,64,61,3,3
39067,140,123,17,17
39068,124,114,10,10
39069,97,80,17,17
39070,161,127,34,34
39071,50,55,-5,5
39072,101,95,6,6
39073,44,47,-3,3
39074,99,92,7,7
39075,171,142,29,29
39076,43,44,-1,1
39077,93,92,1,1
39078,139,127,12,12
39079,120,102,18,18
39080,98,94,4,4
39081,101,93,8,8
39082,80,67,13,13
39083,63,51,12,12
39084,149,138,11,11
39085,132,111,21,21
39086,71,64,7,7
39087,92,89,3,3
39088,61,66,-5,5
39089,110,99,11,11
39090,67,61,6,6
39091,38,49,-11,11
39092,89,96,-7,7
39093,86,79,7,7
39094,157,155,2,2
39095,63,61,2,2
39096,56,52,4,4
39097,96,88,8,8
39098,58,55,3,3
39099,164,146,18,18
39100,107,94,13,13
39101,131,114,17,17
39102,119,106,13,13
39103,103,95,8,8
39104,58,53,5,5
39105,158,132,26,26
39106,148,120,28,28
39107,107,100,7,7
39108,108,84,24,24
39109,85,66,19,19
39110,76,73,3,3
39111,72,58,14,14
39112,133,122,11,11
39113,71,64,7,7
39114,90,72,18,18
39115,105,93,12,12
39116,107,98,9,9
39117,84,72,12,12
39118,67,61,6,6
39119,154,137,17,17
39120,63,67,-4,4
39121,182,150,32,32
39122,130,110,20,20
39123,126,117,9,9
39124,135,116,19,19
39125,86,75,11,11
39126,90,85,5,5
39127,69,57,12,12
39128,99,96,3,3
39129,81,80,1,1
39130,92,81,11,11
39131,83,70,13,13
39132,76,65,11,11
39133,79,61,18,18
39134,59,59,0,0
39135,100,88,12,12
39136,60,50,10,10
39137,76,71,5,5
39138,110,87,23,23
39139,112,100,12,12
39140,93,89,4,4
39141,101,92,9,9
39142,107,101,6,6
39143,180,160,20,20
39144,109,96,13,13
39145,85,66,19,19
39146,123,109,14,14
39147,90,82,8,8
39148,118,109,9,9
39149,108,89,19,19
39150,95,81,14,14
39151,119,98,21,21
39152,115,90,25,25
39153,145,124,21,21
39154,46,56,-10,10
39155,59,56,3,3
39156,127,124,3,3
39157,114,102,12,12
39158,101,90,11,11
39159,134,122,12,12
39160,99,87,12,12
39161,143,121,22,22
39162,136,119,17,17
39163,152,137,15,15
39164,103,91,12,12
39165,79,65,14,14
39166,83,72,11,11
39167,125,103,22,22
39168,74,82,-8,8
39169,44,41,3,3
39170,100,93,7,7
39171,111,99,12,12
39172,65,54,11,11
39173,102,86,16,16
39174,109,97,12,12
39175,80,65,15,15
39176,117,106,11,11
39177,121,105,16,16
39178,154,131,23,23
39179,55,53,2,2
39180,90,84,6,6
39181,137,108,29,29
39182,53,47,6,6
39183,137,125,12,12
39184,64,58,6,6
39185,133,109,24,24
39186,38,28,10,10
39187,105,81,24,24
39188,45,38,7,7
39189,133,111,22,22
39190,121,111,10,10
39191,138,119,19,19
39192,84,66,18,18
39193,79,71,8,8
39194,48,47,1,1
39195,51,51,0,0
39196,90,83,7,7
39197,79,66,13,13
39198,73,67,6,6
39199,82,66,16,16
39200,90,84,6,6
39201,98,74,24,24
39202,56,55,1,1
39203,100,87,13,13
39204,55,57,-2,2
39205,116,116,0,0
39206,61,53,8,8
39207,77,63,14,14
39208,131,117,14,14
39209,115,96,19,19
39210,94,77,17,17
39211,80,67,13,13
39212,57,54,3,3
39213,112,97,15,15
39214,98,84,14,14
39215,136,133,3,3
39216,125,100,25,25
39217,90,88,2,2
39218,81,74,7,7
39219,123,107,16,16
39220,114,109,5,5
39221,35,34,1,1
39222,55,47,8,8
39223,110,96,14,14
39224,52,45,7,7
39225,191,160,31,31
39226,48,48,0,0
39227,70,54,16,16
39228,116,105,11,11
39229,114,106,8,8
39230,71,65,6,6
39231,130,104,26,26
39232,92,81,11,11
39233,111,100,11,11
39234,150,136,14,14
39235,112,118,-6,6
39236,85,76,9,9
39237,75,69,6,6
39238,64,58,6,6
39239,65,59,6,6
39240,164,149,15,15
39241,63,28,35,35
39242,105,95,10,10
39243,96,83,13,13
39244,102,79,23,23
39245,84,65,19,19
39246,72,71,1,1
39247,118,111,7,7
39248,110,96,14,14
39249,81,76,5,5
39250,109,104,5,5
39251,76,63,13,13
39252,64,53,11,11
39253,133,109,24,24
39254,143,117,26,26
39255,72,67,5,5
39256,74,72,2,2
39257,41,37,4,4
39258,65,59,6,6
39259,73,63,10,10
39260,63,61,2,2
39261,175,148,27,27
39262,85,88,-3,3
39263,82,71,11,11
39264,48,42,6,6
39265,97,84,13,13
39266,86,81,5,5
39267,66,61,5,5
39268,80,68,12,12
39269,84,80,4,4
39270,90,78,12,12
39271,76,76,0,0
39272,90,83,7,7
39273,128,123,5,5
39274,76,78,-2,2
39275,84,73,11,11
39276,116,106,10,10
39277,72,71,1,1
39278,88,78,10,10
39279,58,50,8,8
39280,80,69,11,11
39281,122,104,18,18
39282,84,82,2,2
39283,62,57,5,5
39284,78,65,13,13
39285,113,103,10,10
39286,152,132,20,20
39287,68,60,8,8
39288,72,56,16,16
39289,104,95,9,9
39290,100,91,9,9
39291,92,75,17,17
39292,95,79,16,16
39293,66,56,10,10
39294,78,73,5,5
39295,117,95,22,22
39296,109,78,31,31
39297,157,134,23,23
39298,100,81,19,19
39299,101,85,16,16
39300,68,55,13,13
39301,137,109,28,28
39302,144,136,8,8
39303,152,139,13,13
39304,121,100,21,21
39305,83,76,7,7
39306,86,90,-4,4
39307,72,58,14,14
39308,82,87,-5,5
39309,115,99,16,16
39310,44,39,5,5
39311,130,128,2,2
39312,84,76,8,8
39313,104,89,15,15
39314,70,55,15,15
39315,152,121,31,31
39316,66,63,3,3
39317,137,104,33,33
39318,86,75,11,11
39319,130,107,23,23
39320,105,84,21,21
39321,79,74,5,5
39322,79,70,9,9
39323,68,58,10,10
39324,86,71,15,15
39325,90,86,4,4
39326,174,147,27,27
39327,41,36,5,5
39328,109,89,20,20
39329,98,83,15,15
39330,79,75,4,4
39331,107,99,8,8
39332,138,129,9,9
39333,49,37,12,12
39334,68,66,2,2
39335,465,346,119,119
39336,102,83,19,19
39337,108,100,8,8
39338,98,92,6,6
39339,70,54,16,16
39340,90,82,8,8
39341,103,91,12,12
39342,84,67,17,17
39343,128,123,5,5
39344,205,175,30,30
39345,149,129,20,20
39346,51,49,2,2
39347,64,56,8,8
39348,155,132,23,23
39349,61,58,3,3
39350,91,77,14,14
39351,69,67,2,2
39352,51,56,-5,5
39353,59,48,11,11
39354,110,89,21,21
39355,145,117,28,28
39356,86,87,-1,1
39357,192,169,23,23
39358,80,61,19,19
39359,62,54,8,8
39360,116,108,8,8
39361,94,93,1,1
39362,60,53,7,7
39363,128,134,-6,6
39364,129,113,16,16
39365,111,101,10,10
39366,137,122,15,15
39367,164,140,24,24
39368,119,102,17,17
39369,90,80,10,10
39370,114,112,2,2
39371,26,23,3,3
39372,107,98,9,9
39373,68,59,9,9
39374,118,108,10,10
39375,124,108,16,16
39376,170,146,24,24
39377,61,58,3,3
39378,136,123,13,13
39379,196,133,63,63
39380,87,65,22,22
39381,95,94,1,1
39382,108,101,7,7
39383,151,136,15,15
39384,67,64,3,3
39385,149,135,14,14
39386,113,99,14,14
39387,50,72,-22,22
39388,79,76,3,3
39389,103,93,10,10
39390,80,66,14,14
39391,172,159,13,13
39392,105,100,5,5
39393,82,75,7,7
39394,47,43,4,4
39395,54,44,10,10
39396,80,68,12,12
39397,64,52,12,12
39398,150,127,23,23
39399,134,119,15,15
39400,61,61,0,0
39401,108,92,16,16
39402,116,108,8,8
39403,101,106,-5,5
39404,81,74,7,7
39405,90,86,4,4
39406,71,67,4,4
39407,119,103,16,16
39408,133,124,9,9
39409,125,123,2,2
39410,70,58,12,12
39411,182,156,26,26
39412,114,107,7,7
39413,136,126,10,10
39414,76,69,7,7
39415,114,90,24,24
39416,46,44,2,2
39417,97,100,-3,3
39418,70,68,2,2
39419,63,50,13,13
39420,100,82,18,18
39421,114,98,16,16
39422,52,45,7,7
39423,130,120,10,10
39424,108,88,20,20
39425,133,109,24,24
39426,26,26,0,0
39427,75,67,8,8
39428,112,109,3,3
39429,73,59,14,14
39430,44,47,-3,3
39431,75,66,9,9
39432,93,81,12,12
39433,60,66,-6,6
39434,83,73,10,10
39435,140,121,19,19
39436,100,91,9,9
39437,107,90,17,17
39438,95,72,23,23
39439,111,89,22,22
39440,112,96,16,16
39441,67,64,3,3
39442,52,48,4,4
39443,113,94,19,19
39444,77,65,12,12
39445,135,123,12,12
39446,61,54,7,7
39447,58,60,-2,2
39448,60,54,6,6
39449,100,86,14,14
39450,49,51,-2,2
39451,71,60,11,11
39452,104,97,7,7
39453,49,47,2,2
39454,141,127,14,14
39455,113,102,11,11
39456,74,61,13,13
39457,135,124,11,11
39458,61,57,4,4
39459,115,102,13,13
39460,89,86,3,3
39461,76,69,7,7
39462,111,108,3,3
39463,61,60,1,1
39464,54,46,8,8
39465,95,91,4,4
39466,125,113,12,12
39467,168,155,13,13
39468,71,63,8,8
39469,80,69,11,11
39470,224,207,17,17
39471,87,80,7,7
39472,65,59,6,6
39473,130,123,7,7
39474,111,105,6,6
39475,76,61,15,15
39476,111,97,14,14
39477,88,84,4,4
39478,97,84,13,13
39479,118,107,11,11
39480,93,73,20,20
39481,131,107,24,24
39482,82,71,11,11
39483,153,131,22,22
39484,76,69,7,7
39485,105,100,5,5
39486,38,34,4,4
39487,56,58,-2,2
39488,75,67,8,8
39489,40,35,5,5
39490,139,128,11,11
39491,78,81,-3,3
39492,72,65,7,7
39493,123,119,4,4
39494,71,59,12,12
39495,144,128,16,16
39496,51,52,-1,1
39497,63,55,8,8
39498,51,48,3,3
39499,98,85,13,13
39500,83,71,12,12
39501,75,78,-3,3
39502,108,99,9,9
39503,100,82,18,18
39504,61,49,12,12
39505,76,68,8,8
39506,156,197,-41,41
39507,69,59,10,10
39508,219,185,34,34
39509,112,100,12,12
39510,86,80,6,6
39511,53,40,13,13
39512,108,96,12,12
39513,82,68,14,14
39514,89,69,20,20
39515,125,104,21,21
39516,96,106,-10,10
39517,113,100,13,13
39518,61,60,1,1
39519,39,36,3,3
39520,65,69,-4,4
39521,101,90,11,11
39522,188,152,36,36
39523,73,64,9,9
39524,51,56,-5,5
39525,126,117,9,9
39526,95,106,-11,11
39527,85,89,-4,4
39528,112,95,17,17
39529,117,108,9,9
39530,109,85,24,24
39531,47,47,0,0
39532,63,66,-3,3
39533,92,82,10,10
39534,78,73,5,5
39535,100,85,15,15
39536,137,113,24,24
39537,163,143,20,20
39538,74,70,4,4
39539,64,64,0,0
39540,87,68,19,19
39541,87,78,9,9
39542,120,114,6,6
39543,129,113,16,16
39544,137,125,12,12
39545,65,59,6,6
39546,67,59,8,8
39547,83,73,10,10
39548,91,74,17,17
39549,88,74,14,14
39550,47,40,7,7
39551,119,104,15,15
39552,76,69,7,7
39553,96,83,13,13
39554,69,69,0,0
39555,91,83,8,8
39556,95,87,8,8
39557,89,89,0,0
39558,89,74,15,15
39559,106,98,8,8
39560,86,56,30,30
39561,119,98,21,21
39562,76,74,2,2
39563,95,76,19,19
39564,93,79,14,14
39565,93,71,22,22
39566,87,78,9,9
39567,142,133,9,9
39568,81,75,6,6
39569,54,43,11,11
39570,131,110,21,21
39571,53,47,6,6
39572,132,118,14,14
39573,83,77,6,6
39574,77,59,18,18
39575,86,83,3,3
39576,135,116,19,19
39577,114,99,15,15
39578,75,75,0,0
39579,62,62,0,0
39580,96,82,14,14
39581,88,69,19,19
39582,58,55,3,3
39583,55,50,5,5
39584,70,60,10,10
39585,162,134,28,28
39586,98,77,21,21
39587,73,60,13,13
39588,52,49,3,3
39589,86,77,9,9
39590,133,111,22,22
39591,102,93,9,9
39592,137,122,15,15
39593,58,50,8,8
39594,94,70,24,24
39595,158,134,24,24
39596,88,79,9,9
39597,81,76,5,5
39598,88,67,21,21
39599,170,167,3,3
39600,132,116,16,16
39601,160,142,18,18
39602,69,61,8,8
39603,78,68,10,10
39604,47,57,-10,10
39605,122,110,12,12
39606,46,32,14,14
39607,81,77,4,4
39608,173,163,10,10
39609,36,99,-63,63
39610,84,70,14,14
39611,118,87,31,31
39612,113,91,22,22
39613,162,145,17,17
39614,98,95,3,3
39615,96,84,12,12
39616,71,62,9,9
39617,68,58,10,10
39618,85,71,14,14
39619,34,56,-22,22
39620,69,70,-1,1
39621,69,66,3,3
39622,128,109,19,19
39623,99,93,6,6
39624,121,114,7,7
39625,179,150,29,29
39626,92,84,8,8
39627,171,160,11,11
39628,94,85,9,9
39629,112,104,8,8
39630,79,70,9,9
39631,57,58,-1,1
39632,72,73,-1,1
39633,161,128,33,33
39634,132,118,14,14
39635,126,104,22,22
39636,78,72,6,6
39637,72,61,11,11
39638,88,84,4,4
39639,93,81,12,12
39640,56,50,6,6
39641,179,153,26,26
39642,99,81,18,18
39643,143,120,23,23
39644,25,28,-3,3
39645,85,74,11,11
39646,50,42,8,8
39647,110,96,14,14
39648,133,114,19,19
39649,103,85,18,18
39650,149,139,10,10
39651,146,137,9,9
39652,65,62,3,3
39653,117,123,-6,6
39654,53,45,8,8
39655,155,130,25,25
39656,127,112,15,15
39657,87,79,8,8
39658,167,143,24,24
39659,74,59,15,15
39660,65,59,6,6
39661,50,47,3,3
39662,109,98,11,11
39663,65,61,4,4
39664,98,81,17,17
39665,128,113,15,15
39666,132,119,13,13
39667,174,160,14,14
39668,81,74,7,7
39669,69,66,3,3
39670,77,67,10,10
39671,69,60,9,9
39672,68,63,5,5
39673,132,128,4,4
39674,152,149,3,3
39675,87,77,10,10
39676,30,31,-1,1
39677,98,76,22,22
39678,99,78,21,21
39679,116,108,8,8
39680,100,87,13,13
39681,137,120,17,17
39682,63,56,7,7
39683,82,79,3,3
39684,99,103,-4,4
39685,58,51,7,7
39686,68,63,5,5
39687,121,105,16,16
39688,91,71,20,20
39689,61,73,-12,12
39690,46,44,2,2
39691,107,106,1,1
39692,80,68,12,12
39693,78,71,7,7
39694,83,69,14,14
39695,139,126,13,13
39696,113,103,10,10
39697,109,104,5,5
39698,168,148,20,20
39699,148,127,21,21
39700,90,73,17,17
39701,49,48,1,1
39702,91,88,3,3
39703,48,45,3,3
39704,99,93,6,6
39705,125,116,9,9
39706,77,84,-7,7
39707,89,82,7,7
39708,85,69,16,16
39709,85,74,11,11
39710,60,55,5,5
39711,100,87,13,13
39712,61,55,6,6
39713,87,76,11,11
39714,79,74,5,5
39715,48,42,6,6
39716,90,88,2,2
39717,85,73,12,12
39718,77,63,14,14
39719,56,53,3,3
39720,55,50,5,5
39721,148,127,21,21
39722,108,91,17,17
39723,69,54,15,15
39724,151,132,19,19
39725,98,79,19,19
39726,87,80,7,7
39727,76,69,7,7
39728,84,75,9,9
39729,39,36,3,3
39730,105,92,13,13
39731,68,83,-15,15
39732,58,61,-3,3
39733,81,71,10,10
39734,108,102,6,6
39735,98,90,8,8
39736,148,99,49,49
39737,71,64,7,7
39738,108,92,16,16
39739,68,65,3,3
39740,82,72,10,10
39741,159,129,30,30
39742,109,85,24,24
39743,113,96,17,17
39744,106,93,13,13
39745,124,103,21,21
39746,74,66,8,8
39747,23,20,3,3
39748,94,79,15,15
39749,69,60,9,9
39750,63,59,4,4
39751,49,50,-1,1
39752,83,72,11,11
39753,65,60,5,5
39754,122,81,41,41
39755,110,98,12,12
39756,145,134,11,11
39757,128,104,24,24
39758,61,52,9,9
39759,135,116,19,19
39760,62,48,14,14
39761,143,109,34,34
39762,59,53,6,6
39763,133,120,13,13
39764,84,82,2,2
39765,127,115,12,12
39766,75,63,12,12
39767,128,110,18,18
39768,85,81,4,4
39769,127,101,26,26
39770,66,64,2,2
39771,45,29,16,16
39772,89,78,11,11
39773,82,67,15,15
39774,98,83,15,15
39775,51,43,8,8
39776,112,106,6,6
39777,70,61,9,9
39778,75,52,23,23
39779,97,86,11,11
39780,59,65,-6,6
39781,51,40,11,11
39782,53,46,7,7
39783,56,59,-3,3
39784,67,55,12,12
39785,66,63,3,3
39786,89,78,11,11
39787,94,74,20,20
39788,77,77,0,0
39789,41,38,3,3
39790,85,75,10,10
39791,72,61,11,11
39792,108,101,7,7
39793,105,94,11,11
39794,67,63,4,4
39795,97,84,13,13
39796,76,66,10,10
39797,133,132,1,1
39798,93,83,10,10
39799,40,40,0,0
39800,66,56,10,10
39801,43,41,2,2
39802,145,128,17,17
39803,135,105,30,30
39804,64,62,2,2
39805,76,84,-8,8
39806,55,48,7,7
39807,78,62,16,16
39808,103,89,14,14
39809,141,132,9,9
39810,152,138,14,14
39811,110,110,0,0
39812,122,103,19,19
39813,78,71,7,7
39814,82,74,8,8
39815,104,86,18,18
39816,112,97,15,15
39817,69,57,12,12
39818,48,42,6,6
39819,60,58,2,2
39820,54,45,9,9
39821,128,109,19,19
39822,61,51,10,10
39823,108,103,5,5
39824,86,77,9,9
39825,74,72,2,2
39826,168,142,26,26
39827,76,63,13,13
39828,80,74,6,6
39829,96,79,17,17
39830,74,65,9,9
39831,59,51,8,8
39832,143,130,13,13
39833,68,55,13,13
39834,76,71,5,5
39835,97,90,7,7
39836,66,62,4,4
39837,94,82,12,12
39838,159,137,22,22
39839,76,59,17,17
39840,121,111,10,10
39841,123,114,9,9
39842,80,70,10,10
39843,77,71,6,6
39844,52,49,3,3
39845,115,112,3,3
39846,180,142,38,38
39847,70,64,6,6
39848,79,78,1,1
39849,112,94,18,18
39850,89,81,8,8
39851,83,75,8,8
39852,108,104,4,4
39853,67,62,5,5
39854,86,74,12,12
39855,82,79,3,3
39856,156,142,14,14
39857,141,117,24,24
39858,154,133,21,21
39859,63,57,6,6
39860,52,46,6,6
39861,122,98,24,24
39862,69,69,0,0
39863,93,83,10,10
39864,106,104,2,2
39865,76,65,11,11
39866,97,79,18,18
39867,96,83,13,13
39868,116,105,11,11
39869,98,82,16,16
39870,89,76,13,13
39871,137,126,11,11
39872,88,67,21,21
39873,115,101,14,14
39874,135,120,15,15
39875,99,91,8,8
39876,68,67,1,1
39877,98,88,10,10
39878,119,102,17,17
39879,77,64,13,13
39880,74,71,3,3
39881,115,103,12,12
39882,67,59,8,8
39883,79,78,1,1
39884,107,102,5,5
39885,83,71,12,12
39886,74,74,0,0
39887,160,146,14,14
39888,56,53,3,3
39889,74,67,7,7
39890,95,87,8,8
39891,141,136,5,5
39892,98,87,11,11
39893,84,76,8,8
39894,118,103,15,15
39895,58,48,10,10
39896,54,53,1,1
39897,74,66,8,8
39898,69,65,4,4
39899,123,98,25,25
39900,59,53,6,6
39901,50,50,0,0
39902,56,46,10,10
39903,55,53,2,2
39904,145,120,25,25
39905,89,74,15,15
39906,74,58,16,16
39907,67,62,5,5
39908,100,94,6,6
39909,99,87,12,12
39910,64,61,3,3
39911,49,49,0,0
39912,144,134,10,10
39913,65,59,6,6
39914,57,51,6,6
39915,74,69,5,5
39916,82,76,6,6
39917,80,66,14,14
39918,167,169,-2,2
39919,55,40,15,15
39920,98,91,7,7
39921,69,61,8,8
39922,60,56,4,4
39923,149,131,18,18
39924,170,150,20,20
39925,56,53,3,3
39926,120,102,18,18
39927,114,102,12,12
39928,123,114,9,9
39929,67,66,1,1
39930,145,125,20,20
39931,72,65,7,7
39932,85,72,13,13
39933,117,104,13,13
39934,87,94,-7,7
39935,66,64,2,2
39936,116,114,2,2
39937,53,56,-3,3
39938,109,93,16,16
39939,26,27,-1,1
39940,51,45,6,6
39941,65,52,13,13
39942,89,73,16,16
39943,110,86,24,24
39944,70,64,6,6
39945,46,43,3,3
39946,119,106,13,13
39947,127,108,19,19
39948,95,83,12,12
39949,68,62,6,6
39950,73,64,9,9
39951,112,96,16,16
39952,152,144,8,8
39953,83,73,10,10
39954,115,102,13,13
39955,131,95,36,36
39956,49,38,11,11
39957,118,88,30,30
39958,94,77,17,17
39959,120,110,10,10
39960,64,69,-5,5
39961,145,127,18,18
39962,63,59,4,4
39963,62,54,8,8
39964,55,48,7,7
39965,113,111,2,2
39966,62,46,16,16
39967,80,67,13,13
39968,100,84,16,16
39969,72,70,2,2
39970,75,66,9,9
39971,104,90,14,14
39972,56,46,10,10
39973,116,113,3,3
39974,87,82,5,5
39975,109,95,14,14
39976,107,102,5,5
39977,63,62,1,1
39978,127,119,8,8
39979,124,102,22,22
39980,67,60,7,7
39981,229,168,61,61
39982,144,114,30,30
39983,110,102,8,8
39984,70,59,11,11
39985,102,87,15,15
39986,153,121,32,32
39987,82,73,9,9
39988,50,43,7,7
39989,54,53,1,1
39990,97,79,18,18
39991,75,73,2,2
39992,83,71,12,12
39993,88,78,10,10
39994,129,106,23,23
39995,91,71,20,20
39996,115,96,19,19
39997,96,85,11,11
39998,177,161,16,16
39999,109,99,10,10
40000,91,84,7,7
40001,102,88,14,14
40002,75,61,14,14
40003,67,62,5,5
40004,85,76,9,9
40005,133,113,20,20
40006,122,113,9,9
40007,99,89,10,10
40008,72,67,5,5
40009,80,74,6,6
40010,61,56,5,5
40011,118,99,19,19
40012,112,101,11,11
40013,69,67,2,2
40014,156,138,18,18
40015,140,122,18,18
40016,55,46,9,9
40017,85,84,1,1
40018,104,87,17,17
40019,113,95,18,18
40020,61,60,1,1
40021,110,104,6,6
40022,142,114,28,28
40023,93,80,13,13
40024,49,46,3,3
40025,139,128,11,11
40026,42,37,5,5
40027,80,63,17,17
40028,138,122,16,16
40029,148,132,16,16
40030,28,41,-13,13
40031,54,54,0,0
40032,85,71,14,14
40033,84,74,10,10
40034,161,135,26,26
40035,80,71,9,9
40036,108,110,-2,2
40037,91,84,7,7
40038,92,76,16,16
40039,92,94,-2,2
40040,91,70,21,21
40041,146,123,23,23
40042,59,61,-2,2
40043,109,88,21,21
40044,67,64,3,3
40045,89,85,4,4
40046,156,130,26,26
40047,106,89,17,17
40048,71,64,7,7
40049,161,144,17,17
40050,97,83,14,14
40051,95,81,14,14
40052,128,117,11,11
40053,79,83,-4,4
40054,127,126,1,1
40055,88,82,6,6
40056,63,55,8,8
40057,47,42,5,5
40058,67,66,1,1
40059,44,38,6,6
40060,70,58,12,12
40061,59,48,11,11
40062,115,101,14,14
40063,123,118,5,5
40064,49,41,8,8
40065,81,72,9,9
40066,55,52,3,3
40067,105,87,18,18
40068,120,108,12,12
40069,95,88,7,7
40070,73,67,6,6
40071,76,70,6,6
40072,95,84,11,11
40073,35,35,0,0
40074,85,73,12,12
40075,65,68,-3,3
40076,125,113,12,12
40077,62,55,7,7
40078,95,86,9,9
40079,139,122,17,17
40080,77,73,4,4
40081,65,57,8,8
40082,53,51,2,2
40083,83,65,18,18
40084,62,44,18,18
40085,74,64,10,10
40086,32,30,2,2
40087,67,58,9,9
40088,134,111,23,23
40089,78,77,1,1
40090,88,74,14,14
40091,81,76,5,5
40092,60,58,2,2
40093,117,93,24,24
40094,61,60,1,1
40095,147,132,15,15
40096,217,180,37,37
40097,84,74,10,10
40098,67,56,11,11
40099,158,161,-3,3
40100,51,53,-2,2
40101,91,83,8,8
40102,72,61,11,11
40103,121,111,10,10
40104,76,61,15,15
40105,117,98,19,19
40106,63,62,1,1
40107,82,78,4,4
40108,87,86,1,1
40109,77,67,10,10
40110,67,61,6,6
40111,129,95,34,34
40112,56,50,6,6
40113,60,58,2,2
40114,130,106,24,24
40115,106,104,2,2
40116,73,62,11,11
40117,89,79,10,10
40118,85,87,-2,2
40119,71,60,11,11
40120,206,206,0,0
40121,142,131,11,11
40122,106,98,8,8
40123,98,86,12,12
40124,60,65,-5,5
40125,113,104,9,9
40126,57,55,2,2
40127,73,52,21,21
40128,186,147,39,39
40129,87,84,3,3
40130,122,102,20,20
40131,80,76,4,4
40132,130,107,23,23
40133,106,92,14,14
40134,175,180,-5,5
40135,135,109,26,26
40136,115,99,16,16
40137,80,71,9,9
40138,125,105,20,20
40139,85,83,2,2
40140,85,72,13,13
40141,143,124,19,19
40142,92,79,13,13
40143,74,55,19,19
40144,66,68,-2,2
40145,68,58,10,10
40146,103,82,21,21
40147,82,73,9,9
40148,57,55,2,2
40149,102,101,1,1
40150,117,104,13,13
40151,79,74,5,5
40152,179,143,36,36
40153,111,108,3,3
40154,59,53,6,6
40155,90,79,11,11
40156,82,96,-14,14
40157,120,104,16,16
40158,89,78,11,11
40159,76,68,8,8
40160,74,61,13,13
40161,54,50,4,4
40162,51,58,-7,7
40163,71,67,4,4
40164,116,92,24,24
40165,84,71,13,13
40166,107,93,14,14
40167,83,72,11,11
40168,170,144,26,26
40169,118,106,12,12
40170,115,99,16,16
40171,78,80,-2,2
40172,155,134,21,21
40173,143,134,9,9
40174,80,78,2,2
40175,64,67,-3,3
40176,97,79,18,18
40177,92,83,9,9
40178,63,63,0,0
40179,196,156,40,40
40180,70,69,1,1
40181,95,86,9,9
40182,73,66,7,7
40183,64,66,-2,2
40184,86,87,-1,1
40185,93,86,7,7
40186,81,70,11,11
40187,132,95,37,37
40188,89,60,29,29
40189,80,61,19,19
40190,61,55,6,6
40191,148,137,11,11
40192,104,90,14,14
40193,105,96,9,9
40194,94,77,17,17
40195,72,68,4,4
40196,71,64,7,7
40197,115,103,12,12
40198,100,84,16,16
40199,64,56,8,8
40200,88,81,7,7
40201,175,167,8,8
40202,153,144,9,9
40203,58,46,12,12
40204,143,133,10,10
40205,49,42,7,7
40206,62,52,10,10
40207,72,64,8,8
40208,112,101,11,11
40209,90,77,13,13
40210,88,77,11,11
40211,92,78,14,14
40212,25,22,3,3
40213,97,84,13,13
40214,133,110,23,23
40215,86,78,8,8
40216,81,72,9,9
40217,164,140,24,24
40218,64,52,12,12
40219,79,70,9,9
40220,108,99,9,9
40221,62,61,1,1
40222,84,74,10,10
40223,187,171,16,16
40224,70,70,0,0
40225,119,100,19,19
40226,86,78,8,8
40227,118,101,17,17
40228,79,75,4,4
40229,77,68,9,9
40230,85,81,4,4
40231,107,88,19,19
40232,76,69,7,7
40233,54,42,12,12
40234,66,60,6,6
40235,64,66,-2,2
40236,56,57,-1,1
40237,147,140,7,7
40238,92,68,24,24
40239,119,101,18,18
40240,61,64,-3,3
40241,112,95,17,17
40242,116,110,6,6
40243,68,69,-1,1
40244,153,141,12,12
40245,114,113,1,1
40246,115,102,13,13
40247,91,82,9,9
40248,68,64,4,4
40249,111,98,13,13
40250,79,63,16,16
40251,57,54,3,3
40252,114,102,12,12
40253,66,65,1,1
40254,96,73,23,23
40255,83,84,-1,1
40256,93,73,20,20
40257,83,67,16,16
40258,80,66,14,14
40259,82,76,6,6
40260,114,103,11,11
40261,49,48,1,1
40262,67,65,2,2
40263,79,69,10,10
40264,77,66,11,11
40265,64,58,6,6
40266,177,152,25,25
40267,71,68,3,3
40268,99,83,16,16
40269,90,78,12,12
40270,107,95,12,12
40271,103,84,19,19
40272,144,128,16,16
40273,81,68,13,13
40274,69,62,7,7
40275,63,72,-9,9
40276,105,99,6,6
40277,100,82,18,18
40278,118,110,8,8
40279,89,73,16,16
40280,90,79,11,11
40281,88,83,5,5
40282,69,58,11,11
40283,59,50,9,9
40284,84,72,12,12
40285,143,131,12,12
40286,112,111,1,1
40287,143,138,5,5
40288,78,79,-1,1
40289,38,34,4,4
40290,107,87,20,20
40291,57,53,4,4
40292,62,84,-22,22
40293,79,75,4,4
40294,72,68,4,4
40295,85,72,13,13
40296,83,73,10,10
40297,69,62,7,7
40298,62,52,10,10
40299,80,72,8,8
40300,55,59,-4,4
40301,77,63,14,14
40302,77,80,-3,3
40303,81,79,2,2
40304,88,78,10,10
40305,75,75,0,0
40306,103,96,7,7
40307,63,53,10,10
40308,115,89,26,26
40309,149,139,10,10
40310,48,43,5,5
40311,67,55,12,12
40312,167,133,34,34
40313,116,104,12,12
40314,40,44,-4,4
40315,93,86,7,7
40316,98,83,15,15
40317,105,84,21,21
40318,150,129,21,21
40319,174,134,40,40
40320,156,123,33,33
40321,61,85,-24,24
40322,124,118,6,6
40323,61,54,7,7
40324,58,54,4,4
40325,147,136,11,11
40326,80,80,0,0
40327,115,93,22,22
40328,139,123,16,16
40329,73,66,7,7
40330,208,187,21,21
40331,92,89,3,3
40332,63,50,13,13
40333,126,104,22,22
40334,31,29,2,2
40335,55,62,-7,7
40336,154,135,19,19
40337,110,96,14,14
40338,62,54,8,8
40339,124,107,17,17
40340,81,67,14,14
40341,78,63,15,15
40342,122,124,-2,2
40343,110,110,0,0
40344,100,77,23,23
40345,112,100,12,12
40346,58,47,11,11
40347,92,80,12,12
40348,143,128,15,15
40349,76,67,9,9
40350,62,62,0,0
40351,72,67,5,5
40352,96,87,9,9
40353,98,89,9,9
40354,209,171,38,38
40355,81,71,10,10
40356,65,63,2,2
40357,111,88,23,23
40358,158,142,16,16
40359,106,100,6,6
40360,124,101,23,23
40361,90,75,15,15
40362,95,86,9,9
40363,86,85,1,1
40364,89,75,14,14
40365,59,60,-1,1
40366,132,107,25,25
40367,91,62,29,29
40368,90,78,12,12
40369,85,76,9,9
40370,77,79,-2,2
40371,68,54,14,14
40372,77,77,0,0
40373,125,120,5,5
40374,53,44,9,9
40375,100,96,4,4
40376,128,122,6,6
40377,78,63,15,15
40378,73,79,-6,6
40379,79,72,7,7
40380,89,84,5,5
40381,101,90,11,11
40382,93,96,-3,3
40383,93,84,9,9
40384,62,57,5,5
40385,113,101,12,12
40386,117,103,14,14
40387,133,114,19,19
40388,107,106,1,1
40389,64,77,-13,13
40390,48,49,-1,1
40391,103,90,13,13
40392,91,89,2,2
40393,121,118,3,3
40394,109,98,11,11
40395,92,84,8,8
40396,118,96,22,22
40397,82,76,6,6
40398,76,60,16,16
40399,98,80,18,18
40400,118,97,21,21
40401,124,120,4,4
40402,120,93,27,27
40403,85,80,5,5
40404,112,98,14,14
40405,88,78,10,10
40406,65,53,12,12
40407,48,40,8,8
40408,66,67,-1,1
40409,106,75,31,31
40410,174,135,39,39
40411,161,143,18,18
40412,42,45,-3,3
40413,65,63,2,2
40414,47,49,-2,2
40415,100,99,1,1
40416,91,79,12,12
40417,59,52,7,7
40418,77,77,0,0
40419,83,72,11,11
40420,91,75,16,16
40421,91,77,14,14
40422,163,147,16,16
40423,89,75,14,14
40424,144,137,7,7
40425,107,105,2,2
40426,75,63,12,12
40427,210,191,19,19
40428,168,147,21,21
40429,116,99,17,17
40430,67,70,-3,3
40431,66,62,4,4
40432,23,20,3,3
40433,99,86,13,13
40434,66,62,4,4
40435,56,50,6,6
40436,92,79,13,13
40437,132,112,20,20
40438,67,62,5,5
40439,42,34,8,8
40440,123,113,10,10
40441,44,40,4,4
40442,117,105,12,12
40443,109,95,14,14
40444,106,95,11,11
40445,92,82,10,10
40446,88,72,16,16
40447,74,68,6,6
40448,114,118,-4,4
40449,146,116,30,30
40450,105,91,14,14
40451,91,85,6,6
40452,124,110,14,14
40453,178,152,26,26
40454,98,87,11,11
40455,145,141,4,4
40456,76,69,7,7
40457,100,89,11,11
40458,128,100,28,28
40459,152,134,18,18
40460,40,36,4,4
40461,65,63,2,2
40462,107,100,7,7
40463,90,78,12,12
40464,100,97,3,3
40465,71,83,-12,12
40466,55,51,4,4
40467,80,75,5,5
40468,131,97,34,34
40469,28,29,-1,1
40470,93,83,10,10
40471,149,147,2,2
40472,88,79,9,9
40473,50,47,3,3
40474,82,82,0,0
40475,125,105,20,20
40476,131,106,25,25
40477,93,92,1,1
40478,83,72,11,11
40479,149,142,7,7
40480,74,71,3,3
40481,124,113,11,11
40482,174,139,35,35
40483,83,98,-15,15
40484,119,109,10,10
40485,85,72,13,13
40486,70,58,12,12
40487,197,179,18,18
40488,131,116,15,15
40489,130,109,21,21
40490,73,71,2,2
40491,97,83,14,14
40492,85,82,3,3
40493,198,159,39,39
40494,100,86,14,14
40495,81,80,1,1
40496,71,67,4,4
40497,97,86,11,11
40498,77,79,-2,2
40499,88,79,9,9
40500,90,72,18,18
40501,74,67,7,7
40502,70,65,5,5
40503,63,53,10,10
40504,149,128,21,21
40505,97,80,17,17
40506,65,63,2,2
40507,81,71,10,10
40508,100,89,11,11
40509,79,80,-1,1
40510,106,97,9,9
40511,79,76,3,3
40512,137,120,17,17
40513,82,78,4,4
40514,68,52,16,16
40515,100,80,20,20
40516,40,39,1,1
40517,57,50,7,7
40518,73,69,4,4
40519,85,78,7,7
40520,135,117,18,18
40521,126,116,10,10
40522,158,139,19,19
40523,110,100,10,10
40524,125,118,7,7
40525,115,98,17,17
40526,112,106,6,6
40527,71,69,2,2
40528,121,127,-6,6
40529,97,95,2,2
40530,104,90,14,14
40531,97,87,10,10
40532,54,50,4,4
40533,76,72,4,4
40534,132,96,36,36
40535,98,94,4,4
40536,107,91,16,16
40537,119,103,16,16
40538,125,109,16,16
40539,96,88,8,8
40540,49,49,0,0
40541,89,65,24,24
40542,101,85,16,16
40543,86,87,-1,1
40544,43,39,4,4
40545,40,36,4,4
40546,109,95,14,14
40547,49,50,-1,1
40548,99,90,9,9
40549,120,87,33,33
40550,70,73,-3,3
40551,177,144,33,33
40552,59,61,-2,2
40553,90,81,9,9
40554,99,88,11,11
40555,99,89,10,10
40556,113,91,22,22
40557,87,71,16,16
40558,120,105,15,15
40559,122,100,22,22
40560,156,142,14,14
40561,90,74,16,16
40562,109,97,12,12
40563,59,62,-3,3
40564,110,102,8,8
40565,64,59,5,5
40566,76,70,6,6
40567,93,78,15,15
40568,81,74,7,7
40569,155,135,20,20
40570,77,75,2,2
40571,52,47,5,5
40572,48,50,-2,2
40573,94,91,3,3
40574,72,70,2,2
40575,78,84,-6,6
40576,108,96,12,12
40577,74,74,0,0
40578,67,58,9,9
40579,88,74,14,14
40580,127,111,16,16
40581,88,90,-2,2
40582,53,51,2,2
40583,101,91,10,10
40584,105,92,13,13
40585,120,109,11,11
40586,63,64,-1,1
40587,50,47,3,3
40588,67,61,6,6
40589,121,111,10,10
40590,76,70,6,6
40591,95,69,26,26
40592,97,91,6,6
40593,63,61,2,2
40594,135,120,15,15
40595,61,53,8,8
40596,79,72,7,7
40597,133,112,21,21
40598,97,92,5,5
40599,78,58,20,20
40600,96,81,15,15
40601,47,38,9,9
40602,139,111,28,28
40603,99,84,15,15
40604,113,91,22,22
40605,94,81,13,13
40606,100,95,5,5
40607,71,73,-2,2
40608,102,97,5,5
40609,113,98,15,15
40610,85,75,10,10
40611,75,58,17,17
40612,62,51,11,11
40613,111,78,33,33
40614,80,69,11,11
40615,117,103,14,14
40616,107,96,11,11
40617,75,68,7,7
40618,82,80,2,2
40619,73,67,6,6
40620,110,96,14,14
40621,115,100,15,15
40622,151,130,21,21
40623,60,56,4,4
40624,51,50,1,1
40625,76,62,14,14
40626,115,92,23,23
40627,79,71,8,8
40628,85,77,8,8
40629,84,78,6,6
40630,136,111,25,25
40631,76,71,5,5
40632,30,37,-7,7
40633,141,124,17,17
40634,83,70,13,13
40635,81,78,3,3
40636,79,76,3,3
40637,113,100,13,13
40638,88,73,15,15
40639,145,155,-10,10
40640,156,139,17,17
40641,80,80,0,0
40642,103,89,14,14
40643,116,100,16,16
40644,76,64,12,12
40645,123,110,13,13
40646,93,85,8,8
40647,103,100,3,3
40648,67,58,9,9
40649,102,98,4,4
40650,92,71,21,21
40651,86,76,10,10
40652,56,53,3,3
40653,80,75,5,5
40654,137,125,12,12
40655,48,52,-4,4
40656,87,65,22,22
40657,112,109,3,3
40658,74,61,13,13
40659,87,77,10,10
40660,101,97,4,4
40661,58,55,3,3
40662,116,102,14,14
40663,97,81,16,16
40664,65,57,8,8
40665,98,78,20,20
40666,98,81,17,17
40667,156,138,18,18
40668,88,79,9,9
40669,85,84,1,1
40670,64,56,8,8
40671,72,66,6,6
40672,107,104,3,3
40673,87,93,-6,6
40674,115,102,13,13
40675,102,78,24,24
40676,120,98,22,22
40677,87,84,3,3
40678,81,72,9,9
40679,53,48,5,5
40680,71,68,3,3
40681,78,69,9,9
40682,104,84,20,20
40683,113,109,4,4
40684,51,39,12,12
40685,65,64,1,1
40686,109,118,-9,9
40687,78,73,5,5
40688,105,83,22,22
40689,93,88,5,5
40690,103,91,12,12
40691,113,91,22,22
40692,77,78,-1,1
40693,135,121,14,14
40694,82,61,21,21
40695,84,73,11,11
40696,56,55,1,1
40697,54,46,8,8
40698,146,119,27,27
40699,149,131,18,18
40700,91,75,16,16
40701,61,53,8,8
40702,117,113,4,4
40703,46,42,4,4
40704,159,143,16,16
40705,94,75,19,19
40706,153,127,26,26
40707,108,94,14,14
40708,85,70,15,15
40709,69,64,5,5
40710,295,214,81,81
40711,74,64,10,10
40712,103,93,10,10
40713,80,69,11,11
40714,68,63,5,5
40715,120,116,4,4
40716,86,75,11,11
40717,118,102,16,16
40718,74,68,6,6
40719,99,77,22,22
40720,76,66,10,10
40721,134,112,22,22
40722,97,92,5,5
40723,66,64,2,2
40724,92,92,0,0
40725,50,45,5,5
40726,83,80,3,3
40727,98,91,7,7
40728,72,62,10,10
40729,71,63,8,8
40730,71,70,1,1
40731,78,73,5,5
40732,81,75,6,6
40733,126,117,9,9
40734,71,61,10,10
40735,70,62,8,8
40736,141,125,16,16
40737,75,62,13,13
40738,85,71,14,14
40739,89,80,9,9
40740,82,76,6,6
40741,174,143,31,31
40742,77,68,9,9
40743,113,110,3,3
40744,165,151,14,14
40745,55,46,9,9
40746,94,79,15,15
40747,81,78,3,3
40748,103,89,14,14
40749,87,75,12,12
40750,68,75,-7,7
40751,205,194,11,11
40752,85,79,6,6
40753,66,57,9,9
40754,68,58,10,10
40755,87,77,10,10
40756,101,81,20,20
40757,115,101,14,14
40758,69,57,12,12
40759,144,125,19,19
40760,97,85,12,12
40761,107,99,8,8
40762,88,93,-5,5
40763,138,122,16,16
40764,90,74,16,16
40765,129,126,3,3
40766,66,61,5,5
40767,75,69,6,6
40768,118,101,17,17
40769,99,90,9,9
40770,77,66,11,11
40771,89,72,17,17
40772,95,87,8,8
40773,56,48,8,8
40774,115,105,10,10
40775,59,53,6,6
40776,117,107,10,10
40777,110,102,8,8
40778,120,89,31,31
40779,98,77,21,21
40780,121,109,12,12
40781,100,77,23,23
40782,85,73,12,12
40783,106,93,13,13
40784,165,141,24,24
40785,65,65,0,0
40786,58,49,9,9
40787,165,149,16,16
40788,56,55,1,1
40789,62,61,1,1
40790,85,70,15,15
40791,93,87,6,6
40792,57,57,0,0
40793,97,86,11,11
40794,96,89,7,7
40795,45,43,2,2
40796,114,99,15,15
40797,77,60,17,17
40798,77,76,1,1
40799,89,73,16,16
40800,70,60,10,10
40801,84,79,5,5
40802,89,92,-3,3
40803,104,96,8,8
40804,88,79,9,9
40805,68,59,9,9
40806,67,61,6,6
40807,51,42,9,9
40808,144,142,2,2
40809,135,120,15,15
40810,89,81,8,8
40811,122,106,16,16
40812,110,97,13,13
40813,81,75,6,6
40814,147,140,7,7
40815,60,54,6,6
40816,137,136,1,1
40817,110,98,12,12
40818,125,110,15,15
40819,89,85,4,4
40820,129,132,-3,3
40821,70,53,17,17
40822,149,136,13,13
40823,72,60,12,12
40824,96,89,7,7
40825,76,68,8,8
40826,154,137,17,17
40827,220,180,40,40
40828,106,97,9,9
40829,95,90,5,5
40830,158,149,9,9
40831,140,129,11,11
40832,86,80,6,6
40833,96,77,19,19
40834,100,84,16,16
40835,70,68,2,2
40836,64,55,9,9
40837,147,126,21,21
40838,75,69,6,6
40839,80,65,15,15
40840,161,134,27,27
40841,83,91,-8,8
40842,89,70,19,19
40843,169,142,27,27
40844,85,79,6,6
40845,151,145,6,6
40846,85,70,15,15
40847,61,58,3,3
40848,62,58,4,4
40849,118,100,18,18
40850,97,85,12,12
40851,118,100,18,18
40852,104,83,21,21
40853,44,37,7,7
40854,101,87,14,14
40855,69,64,5,5
40856,52,48,4,4
40857,115,104,11,11
40858,56,49,7,7
40859,110,107,3,3
40860,96,105,-9,9
40861,88,76,12,12
40862,94,87,7,7
40863,60,53,7,7
40864,108,95,13,13
40865,114,94,20,20
40866,87,78,9,9
40867,102,95,7,7
40868,75,60,15,15
40869,56,44,12,12
40870,123,120,3,3
40871,29,34,-5,5
40872,70,72,-2,2
40873,87,73,14,14
40874,48,54,-6,6
40875,108,92,16,16
40876,164,151,13,13
40877,125,99,26,26
40878,66,59,7,7
40879,190,169,21,21
40880,91,79,12,12
40881,116,86,30,30
40882,96,85,11,11
40883,86,76,10,10
40884,157,150,7,7
40885,149,122,27,27
40886,54,50,4,4
40887,81,72,9,9
40888,97,91,6,6
40889,128,110,18,18
40890,96,88,8,8
40891,121,112,9,9
40892,131,114,17,17
40893,133,111,22,22
40894,130,115,15,15
40895,97,80,17,17
40896,68,68,0,0
40897,118,96,22,22
40898,91,79,12,12
40899,90,91,-1,1
40900,65,60,5,5
40901,143,118,25,25
40902,80,59,21,21
40903,96,71,25,25
40904,104,86,18,18
40905,112,102,10,10
40906,86,76,10,10
40907,91,82,9,9
40908,205,167,38,38
40909,73,74,-1,1
40910,101,82,19,19
40911,73,67,6,6
40912,90,74,16,16
40913,191,179,12,12
40914,90,81,9,9
40915,149,137,12,12
40916,73,75,-2,2
40917,152,139,13,13
40918,115,98,17,17
40919,88,84,4,4
40920,86,74,12,12
40921,103,88,15,15
40922,37,34,3,3
40923,83,67,16,16
40924,76,61,15,15
40925,56,47,9,9
40926,130,116,14,14
40927,67,56,11,11
40928,78,66,12,12
40929,105,93,12,12
40930,101,87,14,14
40931,88,75,13,13
40932,83,76,7,7
40933,108,96,12,12
40934,67,60,7,7
40935,107,95,12,12
40936,43,33,10,10
40937,71,70,1,1
40938,99,77,22,22
40939,120,114,6,6
40940,132,108,24,24
40941,30,32,-2,2
40942,88,78,10,10
40943,82,88,-6,6
40944,59,60,-1,1
40945,68,61,7,7
40946,120,96,24,24
40947,60,52,8,8
40948,103,87,16,16
40949,110,95,15,15
40950,114,99,15,15
40951,90,80,10,10
40952,192,166,26,26
40953,100,90,10,10
40954,119,108,11,11
40955,91,69,22,22
40956,98,83,15,15
40957,51,44,7,7
40958,94,80,14,14
40959,98,91,7,7
40960,71,60,11,11
40961,106,110,-4,4
40962,78,72,6,6
40963,66,61,5,5
40964,79,75,4,4
40965,85,78,7,7
40966,147,137,10,10
40967,68,57,11,11
40968,66,57,9,9
40969,81,73,8,8
40970,133,121,12,12
40971,120,104,16,16
40972,71,68,3,3
40973,169,160,9,9
40974,159,138,21,21
40975,57,57,0,0
40976,73,69,4,4
40977,44,37,7,7
40978,85,79,6,6
40979,49,56,-7,7
40980,54,46,8,8
40981,89,75,14,14
40982,62,61,1,1
40983,88,76,12,12
40984,93,89,4,4
40985,66,58,8,8
40986,69,65,4,4
40987,138,137,1,1
40988,88,80,8,8
40989,102,94,8,8
40990,45,39,6,6
40991,48,45,3,3
40992,106,101,5,5
40993,158,121,37,37
40994,125,105,20,20
40995,64,71,-7,7
40996,153,141,12,12
40997,66,58,8,8
40998,87,81,6,6
40999,90,80,10,10
41000,105,93,12,12
41001,51,43,8,8
41002,148,125,23,23
41003,123,117,6,6
41004,59,50,9,9
41005,88,69,19,19
41006,91,85,6,6
41007,77,70,7,7
41008,98,86,12,12
41009,84,78,6,6
41010,97,82,15,15
41011,129,102,27,27
41012,158,146,12,12
41013,99,93,6,6
41014,153,141,12,12
41015,140,113,27,27
41016,97,80,17,17
41017,116,109,7,7
41018,108,91,17,17
41019,117,105,12,12
41020,112,96,16,16
41021,70,62,8,8
41022,117,112,5,5
41023,186,162,24,24
41024,88,77,11,11
41025,40,37,3,3
41026,69,64,5,5
41027,138,114,24,24
41028,68,64,4,4
41029,194,157,37,37
41030,141,126,15,15
41031,66,71,-5,5
41032,87,84,3,3
41033,112,100,12,12
41034,120,96,24,24
41035,117,97,20,20
41036,116,104,12,12
41037,113,109,4,4
41038,109,108,1,1
41039,116,99,17,17
41040,107,93,14,14
41041,156,128,28,28
41042,54,49,5,5
41043,96,84,12,12
41044,116,100,16,16
41045,105,89,16,16
41046,53,43,10,10
41047,146,130,16,16
41048,111,111,0,0
41049,55,48,7,7
41050,130,114,16,16
41051,89,77,12,12
41052,99,99,0,0
41053,101,84,17,17
41054,107,98,9,9
41055,56,52,4,4
41056,72,64,8,8
41057,141,125,16,16
41058,49,46,3,3
41059,50,37,13,13
41060,106,86,20,20
41061,71,61,10,10
41062,82,87,-5,5
41063,112,92,20,20
41064,114,105,9,9
41065,91,82,9,9
41066,79,68,11,11
41067,87,81,6,6
41068,72,62,10,10
41069,140,127,13,13
41070,79,78,1,1
41071,103,84,19,19
41072,105,93,12,12
41073,80,72,8,8
41074,63,56,7,7
41075,89,79,10,10
41076,58,56,2,2
41077,71,58,13,13
41078,91,88,3,3
41079,64,53,11,11
41080,134,115,19,19
41081,144,128,16,16
41082,46,58,-12,12
41083,79,79,0,0
41084,137,112,25,25
41085,71,62,9,9
41086,88,77,11,11
41087,99,80,19,19
41088,77,70,7,7
41089,71,65,6,6
41090,66,58,8,8
41091,57,55,2,2
41092,107,96,11,11
41093,157,139,18,18
41094,59,58,1,1
41095,107,103,4,4
41096,150,125,25,25
41097,97,90,7,7
41098,56,48,8,8
41099,122,106,16,16
41100,118,98,20,20
41101,98,69,29,29
41102,87,85,2,2
41103,84,62,22,22
41104,67,59,8,8
41105,97,89,8,8
41106,110,100,10,10
41107,75,68,7,7
41108,49,46,3,3
41109,121,120,1,1
41110,124,113,11,11
41111,86,77,9,9
41112,91,85,6,6
41113,74,59,15,15
41114,87,68,19,19
41115,61,57,4,4
41116,76,67,9,9
41117,169,156,13,13
41118,79,69,10,10
41119,85,84,1,1
41120,129,101,28,28
41121,68,61,7,7
41122,88,99,-11,11
41123,136,110,26,26
41124,81,75,6,6
41125,143,136,7,7
41126,66,58,8,8
41127,90,84,6,6
41128,69,60,9,9
41129,129,115,14,14
41130,77,75,2,2
41131,128,118,10,10
41132,110,102,8,8
41133,125,115,10,10
41134,82,75,7,7
41135,147,122,25,25
41136,77,70,7,7
41137,81,60,21,21
41138,91,81,10,10
41139,106,88,18,18
41140,65,64,1,1
41141,59,51,8,8
41142,107,102,5,5
41143,75,76,-1,1
41144,86,88,-2,2
41145,92,82,10,10
41146,87,80,7,7
41147,115,118,-3,3
41148,70,70,0,0
41149,78,57,21,21
41150,77,67,10,10
41151,142,140,2,2
41152,161,144,17,17
41153,145,122,23,23
41154,102,89,13,13
41155,68,60,8,8
41156,81,74,7,7
41157,92,78,14,14
41158,91,83,8,8
41159,87,78,9,9
41160,168,152,16,16
41161,58,49,9,9
41162,119,91,28,28
41163,55,45,10,10
41164,69,63,6,6
41165,69,64,5,5
41166,99,91,8,8
41167,72,63,9,9
41168,82,77,5,5
41169,134,114,20,20
41170,88,73,15,15
41171,61,58,3,3
41172,77,71,6,6
41173,106,99,7,7
41174,89,82,7,7
41175,90,79,11,11
41176,102,98,4,4
41177,77,67,10,10
41178,63,58,5,5
41179,76,69,7,7
41180,67,56,11,11
41181,64,66,-2,2
41182,66,64,2,2
41183,126,112,14,14
41184,91,88,3,3
41185,148,115,33,33
41186,111,98,13,13
41187,58,56,2,2
41188,93,78,15,15
41189,80,65,15,15
41190,173,150,23,23
41191,80,68,12,12
41192,117,100,17,17
41193,69,53,16,16
41194,115,104,11,11
41195,122,103,19,19
41196,76,70,6,6
41197,89,67,22,22
41198,92,97,-5,5
41199,101,89,12,12
41200,156,135,21,21
41201,88,75,13,13
41202,61,51,10,10
41203,80,68,12,12
41204,128,114,14,14
41205,101,82,19,19
41206,114,99,15,15
41207,142,113,29,29
41208,53,45,8,8
41209,138,121,17,17
41210,49,45,4,4
41211,146,121,25,25
41212,91,77,14,14
41213,136,134,2,2
41214,60,60,0,0
41215,147,127,20,20
41216,86,77,9,9
41217,71,61,10,10
41218,127,141,-14,14
41219,62,60,2,2
41220,109,90,19,19
41221,69,62,7,7
41222,186,170,16,16
41223,44,43,1,1
41224,39,35,4,4
41225,89,81,8,8
41226,113,106,7,7
41227,65,57,8,8
41228,63,62,1,1
41229,61,59,2,2
41230,132,114,18,18
41231,70,67,3,3
41232,179,156,23,23
41233,103,99,4,4
41234,118,98,20,20
41235,71,65,6,6
41236,156,129,27,27
41237,95,83,12,12
41238,108,102,6,6
41239,92,84,8,8
41240,125,104,21,21
41241,103,84,19,19
41242,87,70,17,17
41243,57,58,-1,1
41244,95,85,10,10
41245,207,198,9,9
41246,72,67,5,5
41247,158,142,16,16
41248,78,69,9,9
41249,59,57,2,2
41250,77,57,20,20
41251,78,63,15,15
41252,120,98,22,22
41253,137,120,17,17
41254,71,57,14,14
41255,117,102,15,15
41256,97,86,11,11
41257,108,96,12,12
41258,64,62,2,2
41259,125,105,20,20
41260,57,46,11,11
41261,47,42,5,5
41262,110,85,25,25
41263,173,166,7,7
41264,70,56,14,14
41265,112,98,14,14
41266,69,62,7,7
41267,95,80,15,15
41268,50,41,9,9
41269,60,55,5,5
41270,108,99,9,9
41271,88,78,10,10
41272,141,151,-10,10
41273,65,60,5,5
41274,111,111,0,0
41275,110,88,22,22
41276,156,116,40,40
41277,70,80,-10,10
41278,77,71,6,6
41279,111,95,16,16
41280,77,68,9,9
41281,132,135,-3,3
41282,94,75,19,19
41283,87,86,1,1
41284,71,68,3,3
41285,69,68,1,1
41286,57,53,4,4
41287,63,61,2,2
41288,170,158,12,12
41289,99,87,12,12
41290,91,84,7,7
41291,75,74,1,1
41292,155,137,18,18
41293,169,148,21,21
41294,121,101,20,20
41295,56,52,4,4
41296,73,68,5,5
41297,142,69,73,73
41298,76,76,0,0
41299,117,114,3,3
41300,113,109,4,4
41301,63,51,12,12
41302,146,122,24,24
41303,71,58,13,13
41304,68,59,9,9
41305,96,89,7,7
41306,64,61,3,3
41307,79,61,18,18
41308,77,68,9,9
41309,54,51,3,3
41310,81,75,6,6
41311,106,99,7,7
41312,130,105,25,25
41313,63,51,12,12
41314,74,69,5,5
41315,87,80,7,7
41316,97,84,13,13
41317,136,133,3,3
41318,78,68,10,10
41319,114,95,19,19
41320,172,178,-6,6
41321,69,78,-9,9
41322,55,54,1,1
41323,68,59,9,9
41324,84,73,11,11
41325,64,56,8,8
41326,44,43,1,1
41327,98,84,14,14
41328,118,113,5,5
41329,115,96,19,19
41330,151,133,18,18
41331,66,58,8,8
41332,150,120,30,30
41333,94,80,14,14
41334,83,79,4,4
41335,138,116,22,22
41336,96,88,8,8
41337,117,102,15,15
41338,32,29,3,3
41339,167,149,18,18
41340,162,128,34,34
41341,120,112,8,8
41342,84,78,6,6
41343,64,55,9,9
41344,147,133,14,14
41345,74,69,5,5
41346,42,48,-6,6
41347,65,70,-5,5
41348,87,71,16,16
41349,101,99,2,2
41350,64,56,8,8
41351,54,57,-3,3
41352,99,92,7,7
41353,60,57,3,3
41354,62,56,6,6
41355,134,112,22,22
41356,79,73,6,6
41357,74,66,8,8
41358,103,101,2,2
41359,160,151,9,9
41360,103,89,14,14
41361,96,87,9,9
41362,66,53,13,13
41363,72,61,11,11
41364,69,65,4,4
41365,115,101,14,14
41366,74,62,12,12
41367,47,46,1,1
41368,116,93,23,23
41369,75,75,0,0
41370,74,76,-2,2
41371,138,116,22,22
41372,83,75,8,8
41373,78,72,6,6
41374,144,122,22,22
41375,94,80,14,14
41376,91,80,11,11
41377,97,93,4,4
41378,79,71,8,8
41379,87,77,10,10
41380,50,47,3,3
41381,61,52,9,9
41382,66,69,-3,3
41383,83,72,11,11
41384,69,58,11,11
41385,117,91,26,26
41386,123,103,20,20
41387,152,115,37,37
41388,53,46,7,7
41389,41,59,-18,18
41390,120,98,22,22
41391,50,47,3,3
41392,103,94,9,9
41393,59,64,-5,5
41394,146,118,28,28
41395,74,56,18,18
41396,119,101,18,18
41397,100,89,11,11
41398,109,89,20,20
41399,140,120,20,20
41400,104,92,12,12
41401,118,110,8,8
41402,129,105,24,24
41403,62,53,9,9
41404,80,74,6,6
41405,67,62,5,5
41406,45,42,3,3
41407,111,103,8,8
41408,110,102,8,8
41409,68,62,6,6
41410,84,89,-5,5
41411,132,106,26,26
41412,67,60,7,7
41413,66,62,4,4
41414,53,60,-7,7
41415,88,82,6,6
41416,115,106,9,9
41417,142,136,6,6
41418,134,125,9,9
41419,108,99,9,9
41420,63,59,4,4
41421,68,52,16,16
41422,96,79,17,17
41423,73,69,4,4
41424,88,85,3,3
41425,107,87,20,20
41426,114,118,-4,4
41427,132,119,13,13
41428,64,62,2,2
41429,73,62,11,11
41430,109,89,20,20
41431,65,60,5,5
41432,138,102,36,36
41433,103,83,20,20
41434,132,112,20,20
41435,67,60,7,7
41436,70,64,6,6
41437,114,116,-2,2
41438,54,52,2,2
41439,87,71,16,16
41440,57,55,2,2
41441,163,155,8,8
41442,83,78,5,5
41443,48,44,4,4
41444,62,62,0,0
41445,110,87,23,23
41446,64,53,11,11
41447,154,137,17,17
41448,119,108,11,11
41449,81,78,3,3
41450,76,68,8,8
41451,125,94,31,31
41452,82,72,10,10
41453,140,124,16,16
41454,58,48,10,10
41455,90,76,14,14
41456,94,78,16,16
41457,70,65,5,5
41458,126,110,16,16
41459,42,40,2,2
41460,96,79,17,17
41461,144,116,28,28
41462,84,69,15,15
41463,91,75,16,16
41464,89,77,12,12
41465,68,62,6,6
41466,74,65,9,9
41467,73,64,9,9
41468,95,80,15,15
41469,141,113,28,28
41470,144,124,20,20
41471,115,107,8,8
41472,126,103,23,23
41473,81,68,13,13
41474,70,58,12,12
41475,101,94,7,7
41476,36,31,5,5
41477,103,84,19,19
41478,50,48,2,2
41479,108,87,21,21
41480,168,163,5,5
41481,89,91,-2,2
41482,128,105,23,23
41483,87,68,19,19
41484,72,53,19,19
41485,166,145,21,21
41486,75,65,10,10
41487,116,107,9,9
41488,66,58,8,8
41489,89,84,5,5
41490,72,70,2,2
41491,103,104,-1,1
41492,82,75,7,7
41493,108,99,9,9
41494,115,93,22,22
41495,154,157,-3,3
41496,96,88,8,8
41497,70,62,8,8
41498,105,90,15,15
41499,103,98,5,5
41500,80,75,5,5
41501,167,117,50,50
41502,131,121,10,10
41503,87,77,10,10
41504,83,74,9,9
41505,221,186,35,35
41506,67,61,6,6
41507,114,101,13,13
41508,88,69,19,19
41509,80,68,12,12
41510,183,163,20,20
41511,67,67,0,0
41512,172,151,21,21
41513,56,46,10,10
41514,60,49,11,11
41515,60,50,10,10
41516,77,74,3,3
41517,85,69,16,16
41518,64,58,6,6
41519,88,84,4,4
41520,143,116,27,27
41521,148,139,9,9
41522,73,63,10,10
41523,97,90,7,7
41524,85,81,4,4
41525,62,49,13,13
41526,82,70,12,12
41527,63,52,11,11
41528,55,48,7,7
41529,133,115,18,18
41530,96,90,6,6
41531,98,88,10,10
41532,67,60,7,7
41533,104,94,10,10
41534,118,148,-30,30
41535,83,84,-1,1
41536,110,104,6,6
41537,138,122,16,16
41538,79,64,15,15
41539,75,60,15,15
41540,67,60,7,7
41541,59,55,4,4
41542,63,52,11,11
41543,125,108,17,17
41544,156,147,9,9
41545,88,72,16,16
41546,106,93,13,13
41547,88,75,13,13
41548,126,115,11,11
41549,71,71,0,0
41550,109,98,11,11
41551,61,88,-27,27
41552,100,95,5,5
41553,157,126,31,31
41554,168,150,18,18
41555,110,98,12,12
41556,92,86,6,6
41557,118,114,4,4
41558,159,151,8,8
41559,67,59,8,8
41560,78,80,-2,2
41561,93,84,9,9
41562,76,64,12,12
41563,156,141,15,15
41564,63,64,-1,1
41565,87,75,12,12
41566,79,67,12,12
41567,56,50,6,6
41568,65,56,9,9
41569,99,91,8,8
41570,90,66,24,24
41571,108,103,5,5
41572,59,50,9,9
41573,48,64,-16,16
41574,73,65,8,8
41575,111,90,21,21
41576,69,63,6,6
41577,149,117,32,32
41578,87,71,16,16
41579,87,71,16,16
41580,85,73,12,12
41581,112,88,24,24
41582,78,79,-1,1
41583,74,63,11,11
41584,85,79,6,6
41585,77,74,3,3
41586,113,96,17,17
41587,106,96,10,10
41588,61,63,-2,2
41589,82,83,-1,1
41590,115,104,11,11
41591,51,47,4,4
41592,109,83,26,26
41593,61,53,8,8
41594,60,56,4,4
41595,129,112,17,17
41596,152,120,32,32
41597,90,78,12,12
41598,204,173,31,31
41599,95,80,15,15
41600,81,76,5,5
41601,75,67,8,8
41602,95,81,14,14
41603,108,100,8,8
41604,140,118,22,22
41605,47,34,13,13
41606,92,72,20,20
41607,127,119,8,8
41608,64,63,1,1
41609,86,68,18,18
41610,83,72,11,11
41611,86,84,2,2
41612,110,96,14,14
41613,128,123,5,5
41614,152,138,14,14
41615,106,98,8,8
41616,71,67,4,4
41617,70,69,1,1
41618,71,64,7,7
41619,80,79,1,1
41620,10,11,-1,1
41621,95,78,17,17
41622,88,73,15,15
41623,55,38,17,17
41624,96,75,21,21
41625,114,92,22,22
41626,113,97,16,16
41627,115,96,19,19
41628,50,46,4,4
41629,130,116,14,14
41630,130,113,17,17
41631,85,74,11,11
41632,72,63,9,9
41633,177,153,24,24
41634,90,88,2,2
41635,131,130,1,1
41636,68,63,5,5
41637,46,45,1,1
41638,96,88,8,8
41639,161,138,23,23
41640,60,53,7,7
41641,73,68,5,5
41642,50,46,4,4
41643,60,45,15,15
41644,122,105,17,17
41645,136,115,21,21
41646,90,75,15,15
41647,131,114,17,17
41648,95,80,15,15
41649,66,62,4,4
41650,105,104,1,1
41651,82,73,9,9
41652,107,93,14,14
41653,61,54,7,7
41654,136,114,22,22
41655,128,126,2,2
41656,66,64,2,2
41657,125,114,11,11
41658,69,61,8,8
41659,68,69,-1,1
41660,84,74,10,10
41661,47,46,1,1
41662,77,68,9,9
41663,113,94,19,19
41664,155,146,9,9
41665,88,82,6,6
41666,76,66,10,10
41667,104,132,-28,28
41668,43,41,2,2
41669,69,65,4,4
41670,94,95,-1,1
41671,121,105,16,16
41672,178,156,22,22
41673,69,60,9,9
41674,113,108,5,5
41675,118,104,14,14
41676,86,72,14,14
41677,71,63,8,8
41678,112,98,14,14
41679,114,94,20,20
41680,68,57,11,11
41681,75,67,8,8
41682,103,82,21,21
41683,71,62,9,9
41684,57,50,7,7
41685,88,77,11,11
41686,165,142,23,23
41687,79,68,11,11
41688,133,122,11,11
41689,125,102,23,23
41690,91,100,-9,9
41691,117,103,14,14
41692,108,92,16,16
41693,101,92,9,9
41694,61,57,4,4
41695,170,146,24,24
41696,152,134,18,18
41697,86,80,6,6
41698,89,79,10,10
41699,137,116,21,21
41700,107,94,13,13
41701,145,125,20,20
41702,152,149,3,3
41703,89,71,18,18
41704,81,67,14,14
41705,102,93,9,9
41706,85,81,4,4
41707,70,63,7,7
41708,85,75,10,10
41709,105,92,13,13
41710,79,57,22,22
41711,55,56,-1,1
41712,94,81,13,13
41713,49,48,1,1
41714,42,38,4,4
41715,302,227,75,75
41716,116,98,18,18
41717,68,59,9,9
41718,81,76,5,5
41719,98,96,2,2
41720,120,92,28,28
41721,135,124,11,11
41722,85,81,4,4
41723,76,71,5,5
41724,125,116,9,9
41725,26,26,0,0
41726,111,85,26,26
41727,152,123,29,29
41728,85,70,15,15
41729,99,90,9,9
41730,98,92,6,6
41731,99,87,12,12
41732,81,68,13,13
41733,98,99,-1,1
41734,101,78,23,23
41735,64,57,7,7
41736,185,165,20,20
41737,97,86,11,11
41738,93,92,1,1
41739,65,60,5,5
41740,89,81,8,8
41741,53,49,4,4
41742,96,83,13,13
41743,133,116,17,17
41744,149,120,29,29
41745,155,135,20,20
41746,86,74,12,12
41747,64,55,9,9
41748,133,114,19,19
41749,119,122,-3,3
41750,70,66,4,4
41751,57,50,7,7
41752,56,56,0,0
41753,55,47,8,8
41754,57,53,4,4
41755,106,98,8,8
41756,85,83,2,2
41757,80,71,9,9
41758,71,76,-5,5
41759,79,83,-4,4
41760,72,69,3,3
41761,67,54,13,13
41762,200,177,23,23
41763,55,53,2,2
41764,103,94,9,9
41765,80,68,12,12
41766,113,106,7,7
41767,34,60,-26,26
41768,77,72,5,5
41769,145,130,15,15
41770,143,135,8,8
41771,100,85,15,15
41772,53,42,11,11
41773,61,80,-19,19
41774,109,107,2,2
41775,86,64,22,22
41776,72,66,6,6
41777,86,82,4,4
41778,115,117,-2,2
41779,74,72,2,2
41780,85,77,8,8
41781,97,84,13,13
41782,111,96,15,15
41783,63,70,-7,7
41784,104,94,10,10
41785,101,90,11,11
41786,110,93,17,17
41787,72,69,3,3
41788,128,114,14,14
41789,74,77,-3,3
41790,108,89,19,19
41791,110,97,13,13
41792,68,57,11,11
41793,41,37,4,4
41794,153,145,8,8
41795,115,106,9,9
41796,58,56,2,2
41797,45,58,-13,13
41798,92,79,13,13
41799,57,53,4,4
41800,125,103,22,22
41801,82,79,3,3
41802,61,57,4,4
41803,148,128,20,20
41804,72,61,11,11
41805,108,98,10,10
41806,97,94,3,3
41807,134,110,24,24
41808,50,42,8,8
41809,66,56,10,10
41810,61,47,14,14
41811,91,77,14,14
41812,133,116,17,17
41813,131,101,30,30
41814,67,69,-2,2
41815,112,101,11,11
41816,100,99,1,1
41817,193,166,27,27
41818,90,73,17,17
41819,77,66,11,11
41820,80,72,8,8
41821,117,107,10,10
41822,87,82,5,5
41823,64,61,3,3
41824,61,59,2,2
41825,120,111,9,9
41826,119,109,10,10
41827,137,114,23,23
41828,54,48,6,6
41829,162,133,29,29
41830,152,148,4,4
41831,69,53,16,16
41832,80,72,8,8
41833,92,83,9,9
41834,96,80,16,16
41835,107,99,8,8
41836,71,66,5,5
41837,83,78,5,5
41838,89,84,5,5
41839,121,107,14,14
41840,81,72,9,9
41841,112,103,9,9
41842,147,121,26,26
41843,62,54,8,8
41844,129,114,15,15
41845,74,71,3,3
41846,168,135,33,33
41847,47,41,6,6
41848,128,121,7,7
41849,49,47,2,2
41850,56,51,5,5
41851,89,74,15,15
41852,67,61,6,6
41853,68,70,-2,2
41854,114,104,10,10
41855,137,137,0,0
41856,122,106,16,16
41857,74,69,5,5
41858,67,58,9,9
41859,129,114,15,15
41860,139,131,8,8
41861,62,58,4,4
41862,100,88,12,12
41863,88,74,14,14
41864,64,57,7,7
41865,92,75,17,17
41866,119,123,-4,4
41867,81,73,8,8
41868,59,50,9,9
41869,106,90,16,16
41870,94,79,15,15
41871,112,85,27,27
41872,80,70,10,10
41873,101,99,2,2
41874,135,114,21,21
41875,135,117,18,18
41876,104,84,20,20
41877,85,76,9,9
41878,176,157,19,19
41879,79,70,9,9
41880,69,56,13,13
41881,41,33,8,8
41882,47,39,8,8
41883,67,61,6,6
41884,69,67,2,2
41885,51,47,4,4
41886,73,72,1,1
41887,108,90,18,18
41888,47,35,12,12
41889,120,120,0,0
41890,117,100,17,17
41891,91,91,0,0
41892,110,102,8,8
41893,82,69,13,13
41894,97,84,13,13
41895,92,81,11,11
41896,72,65,7,7
41897,74,56,18,18
41898,80,83,-3,3
41899,49,42,7,7
41900,133,116,17,17
41901,85,77,8,8
41902,116,102,14,14
41903,72,57,15,15
41904,125,110,15,15
41905,91,81,10,10
41906,103,89,14,14
41907,110,96,14,14
41908,102,97,5,5
41909,111,92,19,19
41910,50,56,-6,6
41911,50,44,6,6
41912,106,92,14,14
41913,79,71,8,8
41914,138,117,21,21
41915,110,105,5,5
41916,59,53,6,6
41917,72,64,8,8
41918,190,162,28,28
41919,93,80,13,13
41920,47,37,10,10
41921,46,48,-2,2
41922,135,116,19,19
41923,56,60,-4,4
41924,67,60,7,7
41925,101,91,10,10
41926,78,66,12,12
41927,61,63,-2,2
41928,43,50,-7,7
41929,142,134,8,8
41930,88,84,4,4
41931,119,107,12,12
41932,146,116,30,30
41933,93,85,8,8
41934,109,101,8,8
41935,105,94,11,11
41936,98,91,7,7
41937,75,63,12,12
41938,78,71,7,7
41939,101,100,1,1
41940,88,94,-6,6
41941,133,128,5,5
41942,66,59,7,7
41943,101,89,12,12
41944,94,86,8,8
41945,86,75,11,11
41946,95,79,16,16
41947,96,92,4,4
41948,83,72,11,11
41949,119,89,30,30
41950,116,107,9,9
41951,92,78,14,14
41952,89,86,3,3
41953,215,206,9,9
41954,96,85,11,11
41955,138,122,16,16
41956,73,65,8,8
41957,72,66,6,6
41958,83,84,-1,1
41959,119,102,17,17
41960,83,75,8,8
41961,140,126,14,14
41962,164,137,27,27
41963,105,86,19,19
41964,109,81,28,28
41965,100,84,16,16
41966,95,87,8,8
41967,85,68,17,17
41968,83,75,8,8
41969,148,132,16,16
41970,95,87,8,8
41971,110,113,-3,3
41972,104,105,-1,1
41973,125,127,-2,2
41974,110,110,0,0
41975,109,98,11,11
41976,87,72,15,15
41977,166,151,15,15
41978,68,72,-4,4
41979,104,80,24,24
41980,127,93,34,34
41981,60,57,3,3
41982,106,86,20,20
41983,58,54,4,4
41984,59,50,9,9
41985,98,85,13,13
41986,150,142,8,8
41987,107,103,4,4
41988,75,73,2,2
41989,95,88,7,7
41990,82,75,7,7
41991,101,79,22,22
41992,63,60,3,3
41993,81,59,22,22
41994,60,55,5,5
41995,121,104,17,17
41996,110,90,20,20
41997,73,71,2,2
41998,62,60,2,2
41999,66,64,2,2
42000,87,85,2,2
42001,130,126,4,4
42002,84,79,5,5
42003,142,133,9,9
42004,61,55,6,6
42005,109,97,12,12
42006,147,128,19,19
42007,37,50,-13,13
42008,246,188,58,58
42009,61,60,1,1
42010,111,96,15,15
42011,92,82,10,10
42012,133,132,1,1
42013,161,138,23,23
42014,128,120,8,8
42015,73,58,15,15
42016,115,103,12,12
42017,159,143,16,16
42018,75,66,9,9
42019,85,89,-4,4
42020,79,74,5,5
42021,103,88,15,15
42022,109,98,11,11
42023,89,81,8,8
42024,158,146,12,12
42025,86,81,5,5
42026,114,92,22,22
42027,145,124,21,21
42028,83,69,14,14
42029,142,132,10,10
42030,48,48,0,0
42031,69,65,4,4
42032,90,93,-3,3
42033,152,128,24,24
42034,72,70,2,2
42035,93,84,9,9
42036,59,54,5,5
42037,142,121,21,21
42038,95,78,17,17
42039,152,122,30,30
42040,87,79,8,8
42041,79,56,23,23
42042,80,73,7,7
42043,89,84,5,5
42044,74,63,11,11
42045,78,65,13,13
42046,100,89,11,11
42047,92,84,8,8
42048,135,126,9,9
42049,112,100,12,12
42050,109,100,9,9
42051,86,68,18,18
42052,80,67,13,13
42053,92,90,2,2
42054,93,83,10,10
42055,111,103,8,8
42056,64,55,9,9
42057,96,72,24,24
42058,79,85,-6,6
42059,148,151,-3,3
42060,74,77,-3,3
42061,91,74,17,17
42062,85,72,13,13
42063,104,90,14,14
42064,132,125,7,7
42065,75,74,1,1
42066,175,161,14,14
42067,77,63,14,14
42068,92,84,8,8
42069,150,133,17,17
42070,35,1,34,34
42071,79,59,20,20
42072,57,53,4,4
42073,70,50,20,20
42074,117,119,-2,2
42075,84,72,12,12
42076,51,67,-16,16
42077,88,88,0,0
42078,83,74,9,9
42079,89,71,18,18
42080,79,72,7,7
42081,76,71,5,5
42082,50,50,0,0
42083,102,89,13,13
42084,111,117,-6,6
42085,82,78,4,4
42086,114,116,-2,2
42087,99,81,18,18
42088,111,95,16,16
42089,99,92,7,7
42090,68,57,11,11
42091,159,133,26,26
42092,78,70,8,8
42093,43,44,-1,1
42094,64,57,7,7
42095,77,73,4,4
42096,38,37,1,1
42097,39,33,6,6
42098,87,87,0,0
42099,89,76,13,13
42100,101,90,11,11
42101,115,101,14,14
42102,101,85,16,16
42103,52,51,1,1
42104,68,62,6,6
42105,57,55,2,2
42106,97,83,14,14
42107,80,79,1,1
42108,95,86,9,9
42109,155,136,19,19
42110,74,68,6,6
42111,104,91,13,13
42112,63,61,2,2
42113,28,28,0,0
42114,96,82,14,14
42115,104,97,7,7
42116,118,102,16,16
42117,81,66,15,15
42118,58,52,6,6
42119,85,83,2,2
42120,59,61,-2,2
42121,91,94,-3,3
42122,120,103,17,17
42123,58,42,16,16
42124,89,70,19,19
42125,101,96,5,5
42126,89,77,12,12
42127,68,53,15,15
42128,122,102,20,20
42129,71,67,4,4
42130,71,65,6,6
42131,75,88,-13,13
42132,130,124,6,6
42133,103,83,20,20
42134,114,95,19,19
42135,145,126,19,19
42136,108,91,17,17
42137,102,92,10,10
42138,107,95,12,12
42139,97,88,9,9
42140,94,77,17,17
42141,70,66,4,4
42142,91,81,10,10
42143,92,86,6,6
42144,60,60,0,0
42145,83,75,8,8
42146,92,77,15,15
42147,106,100,6,6
42148,47,50,-3,3
42149,72,65,7,7
42150,137,119,18,18
42151,69,63,6,6
42152,69,54,15,15
42153,123,110,13,13
42154,77,72,5,5
42155,74,58,16,16
42156,144,136,8,8
42157,132,120,12,12
42158,109,93,16,16
42159,93,87,6,6
42160,56,48,8,8
42161,125,107,18,18
42162,54,58,-4,4
42163,127,108,19,19
42164,96,89,7,7
42165,106,84,22,22
42166,98,90,8,8
42167,97,86,11,11
42168,65,56,9,9
42169,91,74,17,17
42170,90,84,6,6
42171,135,110,25,25
42172,109,108,1,1
42173,101,88,13,13
42174,80,71,9,9
42175,105,98,7,7
42176,64,57,7,7
42177,155,146,9,9
42178,119,112,7,7
42179,76,60,16,16
42180,122,103,19,19
42181,59,54,5,5
42182,63,54,9,9
42183,92,88,4,4
42184,101,89,12,12
42185,100,86,14,14
42186,88,85,3,3
42187,98,87,11,11
42188,153,126,27,27
42189,92,79,13,13
42190,76,64,12,12
42191,110,94,16,16
42192,86,83,3,3
42193,130,119,11,11
42194,126,113,13,13
42195,78,64,14,14
42196,77,71,6,6
42197,104,99,5,5
42198,126,123,3,3
42199,79,67,12,12
42200,117,112,5,5
42201,45,42,3,3
42202,100,93,7,7
42203,83,66,17,17
42204,134,123,11,11
42205,83,72,11,11
42206,90,89,1,1
42207,86,81,5,5
42208,89,77,12,12
42209,60,57,3,3
42210,78,70,8,8
42211,120,109,11,11
42212,72,68,4,4
42213,104,93,11,11
42214,188,163,25,25
42215,93,82,11,11
42216,159,136,23,23
42217,80,71,9,9
42218,96,92,4,4
42219,114,109,5,5
42220,113,105,8,8
42221,62,62,0,0
42222,140,125,15,15
42223,157,135,22,22
42224,61,62,-1,1
42225,95,95,0,0
42226,130,115,15,15
42227,134,128,6,6
42228,84,80,4,4
42229,83,72,11,11
42230,96,86,10,10
42231,85,72,13,13
42232,117,115,2,2
42233,49,44,5,5
42234,55,49,6,6
42235,116,85,31,31
42236,65,63,2,2
42237,86,80,6,6
42238,58,66,-8,8
42239,55,56,-1,1
42240,109,94,15,15
42241,109,89,20,20
42242,115,101,14,14
42243,131,100,31,31
42244,79,74,5,5
42245,74,69,5,5
42246,114,102,12,12
42247,125,105,20,20
42248,90,75,15,15
42249,81,73,8,8
42250,109,93,16,16
42251,90,75,15,15
42252,58,42,16,16
42253,67,61,6,6
42254,88,70,18,18
42255,71,77,-6,6
42256,118,119,-1,1
42257,109,97,12,12
42258,75,88,-13,13
42259,38,37,1,1
42260,173,150,23,23
42261,153,142,11,11
42262,66,54,12,12
42263,58,53,5,5
42264,44,42,2,2
42265,86,73,13,13
42266,100,87,13,13
42267,86,81,5,5
42268,106,95,11,11
42269,80,70,10,10
42270,84,73,11,11
42271,76,65,11,11
42272,96,81,15,15
42273,90,82,8,8
42274,116,118,-2,2
42275,196,159,37,37
42276,103,92,11,11
42277,95,87,8,8
42278,68,58,10,10
42279,96,75,21,21
42280,109,95,14,14
42281,86,80,6,6
42282,174,157,17,17
42283,78,76,2,2
42284,47,44,3,3
42285,96,84,12,12
42286,92,81,11,11
42287,79,63,16,16
42288,85,75,10,10
42289,113,107,6,6
42290,96,87,9,9
42291,80,68,12,12
42292,43,36,7,7
42293,93,91,2,2
42294,63,62,1,1
42295,96,80,16,16
42296,103,91,12,12
42297,53,54,-1,1
42298,99,85,14,14
42299,79,74,5,5
42300,70,62,8,8
42301,106,90,16,16
42302,104,131,-27,27
42303,141,126,15,15
42304,99,77,22,22
42305,96,80,16,16
42306,55,44,11,11
42307,99,90,9,9
42308,116,107,9,9
42309,64,82,-18,18
42310,152,124,28,28
42311,63,56,7,7
42312,78,65,13,13
42313,123,123,0,0
42314,126,116,10,10
42315,79,65,14,14
42316,92,67,25,25
42317,94,92,2,2
42318,200,173,27,27
42319,157,142,15,15
42320,80,68,12,12
42321,57,53,4,4
42322,141,127,14,14
42323,60,61,-1,1
42324,85,73,12,12
42325,54,43,11,11
42326,159,148,11,11
42327,150,124,26,26
42328,87,74,13,13
42329,47,56,-9,9
42330,96,87,9,9
42331,82,73,9,9
42332,74,58,16,16
42333,120,112,8,8
42334,109,81,28,28
42335,86,81,5,5
42336,129,111,18,18
42337,196,173,23,23
42338,178,150,28,28
42339,105,88,17,17
42340,61,57,4,4
42341,67,62,5,5
42342,109,100,9,9
42343,111,117,-6,6
42344,52,59,-7,7
42345,89,74,15,15
42346,71,76,-5,5
42347,111,99,12,12
42348,40,30,10,10
42349,79,77,2,2
42350,99,85,14,14
42351,96,88,8,8
42352,63,54,9,9
42353,103,112,-9,9
42354,97,100,-3,3
42355,90,83,7,7
42356,119,96,23,23
42357,176,147,29,29
42358,97,90,7,7
42359,131,124,7,7
42360,86,69,17,17
42361,77,64,13,13
42362,84,75,9,9
42363,70,63,7,7
42364,109,96,13,13
42365,121,106,15,15
42366,125,125,0,0
42367,150,115,35,35
42368,103,88,15,15
42369,151,120,31,31
42370,58,54,4,4
42371,64,55,9,9
42372,122,110,12,12
42373,104,86,18,18
42374,92,74,18,18
42375,100,92,8,8
42376,142,119,23,23
42377,93,77,16,16
42378,120,103,17,17
42379,75,70,5,5
42380,106,91,15,15
42381,60,58,2,2
42382,83,74,9,9
42383,98,88,10,10
42384,56,41,15,15
42385,37,32,5,5
42386,97,78,19,19
42387,152,136,16,16
42388,97,81,16,16
42389,76,66,10,10
42390,80,81,-1,1
42391,56,52,4,4
42392,108,89,19,19
42393,128,95,33,33
42394,117,100,17,17
42395,103,91,12,12
42396,31,27,4,4
42397,84,71,13,13
42398,92,83,9,9
42399,115,115,0,0
42400,128,121,7,7
42401,128,112,16,16
42402,75,75,0,0
42403,72,57,15,15
42404,95,83,12,12
42405,56,53,3,3
42406,83,83,0,0
42407,97,92,5,5
42408,109,89,20,20
42409,126,109,17,17
42410,135,127,8,8
42411,75,71,4,4
42412,73,59,14,14
42413,89,78,11,11
42414,94,87,7,7
42415,81,71,10,10
42416,78,71,7,7
42417,79,66,13,13
42418,78,71,7,7
42419,105,100,5,5
42420,112,100,12,12
42421,75,59,16,16
42422,98,87,11,11
42423,94,84,10,10
42424,56,59,-3,3
42425,92,76,16,16
42426,68,60,8,8
42427,104,92,12,12
42428,144,114,30,30
42429,50,53,-3,3
42430,51,49,2,2
42431,61,67,-6,6
42432,83,82,1,1
42433,28,33,-5,5
42434,99,92,7,7
42435,83,78,5,5
42436,162,139,23,23
42437,104,93,11,11
42438,88,79,9,9
42439,95,80,15,15
42440,116,99,17,17
42441,144,124,20,20
42442,69,49,20,20
42443,102,98,4,4
42444,116,105,11,11
42445,61,56,5,5
42446,108,102,6,6
42447,55,49,6,6
42448,142,127,15,15
42449,156,138,18,18
42450,129,106,23,23
42451,180,155,25,25
42452,111,104,7,7
42453,179,162,17,17
42454,89,78,11,11
42455,114,99,15,15
42456,96,78,18,18
42457,117,110,7,7
42458,64,57,7,7
42459,57,50,7,7
42460,54,52,2,2
42461,95,78,17,17
42462,89,60,29,29
42463,109,90,19,19
42464,76,72,4,4
42465,67,60,7,7
42466,65,60,5,5
42467,76,78,-2,2
42468,92,81,11,11
42469,92,81,11,11
42470,74,64,10,10
42471,92,74,18,18
42472,80,67,13,13
42473,89,85,4,4
42474,43,40,3,3
42475,69,63,6,6
42476,88,79,9,9
42477,84,82,2,2
42478,115,105,10,10
42479,56,44,12,12
42480,95,93,2,2
42481,80,84,-4,4
42482,80,72,8,8
42483,98,86,12,12
42484,49,44,5,5
42485,91,75,16,16
42486,64,61,3,3
42487,53,54,-1,1
42488,85,69,16,16
42489,98,84,14,14
42490,100,79,21,21
42491,69,63,6,6
42492,48,47,1,1
42493,105,86,19,19
42494,163,133,30,30
42495,150,138,12,12
42496,85,77,8,8
42497,128,118,10,10
42498,99,95,4,4
42499,103,86,17,17
42500,128,106,22,22
42501,107,99,8,8
42502,55,58,-3,3
42503,84,81,3,3
42504,90,87,3,3
42505,90,86,4,4
42506,72,61,11,11
42507,91,83,8,8
42508,87,85,2,2
42509,84,57,27,27
42510,42,38,4,4
42511,65,58,7,7
42512,131,118,13,13
42513,48,51,-3,3
42514,109,90,19,19
42515,85,83,2,2
42516,66,53,13,13
42517,83,81,2,2
42518,46,42,4,4
42519,141,121,20,20
42520,59,59,0,0
42521,87,79,8,8
42522,84,80,4,4
42523,86,84,2,2
42524,127,111,16,16
42525,111,101,10,10
42526,102,96,6,6
42527,65,60,5,5
42528,70,62,8,8
42529,61,60,1,1
42530,104,94,10,10
42531,111,100,11,11
42532,202,170,32,32
42533,100,84,16,16
42534,136,125,11,11
42535,35,35,0,0
42536,40,34,6,6
42537,115,100,15,15
42538,116,101,15,15
42539,72,62,10,10
42540,108,96,12,12
42541,106,107,-1,1
42542,62,57,5,5
42543,127,110,17,17
42544,94,80,14,14
42545,89,74,15,15
42546,70,65,5,5
42547,72,71,1,1
42548,98,77,21,21
42549,96,82,14,14
42550,108,102,6,6
42551,142,113,29,29
42552,77,70,7,7
42553,67,59,8,8
42554,81,77,4,4
42555,54,46,8,8
42556,124,110,14,14
42557,110,107,3,3
42558,101,90,11,11
42559,86,82,4,4
42560,117,105,12,12
42561,111,96,15,15
42562,136,115,21,21
42563,78,63,15,15
42564,62,68,-6,6
42565,231,191,40,40
42566,180,164,16,16
42567,91,80,11,11
42568,134,125,9,9
42569,80,71,9,9
42570,100,92,8,8
42571,123,107,16,16
42572,109,98,11,11
42573,70,64,6,6
42574,57,51,6,6
42575,148,130,18,18
42576,76,61,15,15
42577,70,65,5,5
42578,82,75,7,7
42579,102,98,4,4
42580,198,176,22,22
42581,56,46,10,10
42582,94,87,7,7
42583,97,89,8,8
42584,103,84,19,19
42585,81,69,12,12
42586,102,91,11,11
42587,85,78,7,7
42588,165,139,26,26
42589,50,48,2,2
42590,124,113,11,11
42591,101,89,12,12
42592,79,69,10,10
42593,138,135,3,3
42594,191,131,60,60
42595,162,147,15,15
42596,126,109,17,17
42597,103,95,8,8
42598,49,45,4,4
42599,113,105,8,8
42600,100,87,13,13
42601,118,105,13,13
42602,117,116,1,1
42603,84,75,9,9
42604,110,90,20,20
42605,128,104,24,24
42606,105,94,11,11
42607,59,48,11,11
42608,91,83,8,8
42609,68,55,13,13
42610,72,72,0,0
42611,135,124,11,11
42612,79,83,-4,4
42613,107,98,9,9
42614,30,33,-3,3
42615,70,66,4,4
42616,105,93,12,12
42617,92,85,7,7
42618,177,157,20,20
42619,84,78,6,6
42620,67,69,-2,2
42621,150,117,33,33
42622,65,78,-13,13
42623,69,66,3,3
42624,94,82,12,12
42625,87,68,19,19
42626,73,77,-4,4
42627,70,69,1,1
42628,93,76,17,17
42629,110,96,14,14
42630,87,69,18,18
42631,109,99,10,10
42632,71,70,1,1
42633,103,95,8,8
42634,152,134,18,18
42635,70,66,4,4
42636,125,99,26,26
42637,91,84,7,7
42638,172,153,19,19
42639,60,55,5,5
42640,99,117,-18,18
42641,61,53,8,8
42642,91,82,9,9
42643,94,78,16,16
42644,135,113,22,22
42645,43,47,-4,4
42646,83,82,1,1
42647,93,82,11,11
42648,116,102,14,14
42649,131,98,33,33
42650,140,135,5,5
42651,101,97,4,4
42652,160,139,21,21
42653,157,121,36,36
42654,147,162,-15,15
42655,151,139,12,12
42656,162,149,13,13
42657,52,87,-35,35
42658,77,66,11,11
42659,86,74,12,12
42660,86,83,3,3
42661,91,75,16,16
42662,118,100,18,18
42663,103,78,25,25
42664,103,93,10,10
42665,74,66,8,8
42666,119,101,18,18
42667,89,76,13,13
42668,107,93,14,14
42669,109,130,-21,21
42670,85,81,4,4
42671,70,61,9,9
42672,86,76,10,10
42673,105,96,9,9
42674,98,89,9,9
42675,75,68,7,7
42676,50,54,-4,4
42677,67,60,7,7
42678,76,67,9,9
42679,80,68,12,12
42680,124,118,6,6
42681,60,64,-4,4
42682,73,64,9,9
42683,52,45,7,7
42684,102,90,12,12
42685,29,22,7,7
42686,66,64,2,2
42687,80,62,18,18
42688,76,65,11,11
42689,107,94,13,13
42690,68,53,15,15
42691,129,111,18,18
42692,51,44,7,7
42693,131,123,8,8
42694,73,68,5,5
42695,157,136,21,21
42696,96,90,6,6
42697,19,43,-24,24
42698,109,92,17,17
42699,67,59,8,8
42700,132,121,11,11
42701,156,114,42,42
42702,85,83,2,2
42703,90,79,11,11
42704,85,72,13,13
42705,44,47,-3,3
42706,150,129,21,21
42707,65,59,6,6
42708,91,94,-3,3
42709,63,72,-9,9
42710,80,77,3,3
42711,163,155,8,8
42712,110,91,19,19
42713,100,85,15,15
42714,89,74,15,15
42715,51,45,6,6
42716,97,92,5,5
42717,82,74,8,8
42718,85,74,11,11
42719,73,69,4,4
42720,80,69,11,11
42721,50,53,-3,3
42722,81,69,12,12
42723,68,60,8,8
42724,76,70,6,6
42725,75,60,15,15
42726,82,82,0,0
42727,78,73,5,5
42728,53,61,-8,8
42729,55,51,4,4
42730,41,33,8,8
42731,95,82,13,13
42732,55,47,8,8
42733,99,101,-2,2
42734,64,65,-1,1
42735,93,94,-1,1
42736,61,50,11,11
42737,95,84,11,11
42738,116,108,8,8
42739,83,65,18,18
42740,82,67,15,15
42741,137,105,32,32
42742,69,69,0,0
42743,69,56,13,13
42744,60,47,13,13
42745,81,80,1,1
42746,128,117,11,11
42747,78,70,8,8
42748,79,77,2,2
42749,74,70,4,4
42750,69,63,6,6
42751,140,115,25,25
42752,108,107,1,1
42753,61,51,10,10
42754,142,133,9,9
42755,42,33,9,9
42756,68,56,12,12
42757,74,66,8,8
42758,94,85,9,9
42759,164,144,20,20
42760,77,66,11,11
42761,94,74,20,20
42762,192,177,15,15
42763,121,113,8,8
42764,61,52,9,9
42765,120,113,7,7
42766,103,90,13,13
42767,89,76,13,13
42768,100,82,18,18
42769,97,79,18,18
42770,64,61,3,3
42771,165,147,18,18
42772,74,64,10,10
42773,65,59,6,6
42774,39,36,3,3
42775,183,160,23,23
42776,82,77,5,5
42777,111,99,12,12
42778,150,127,23,23
42779,89,74,15,15
42780,116,103,13,13
42781,106,95,11,11
42782,129,118,11,11
42783,59,55,4,4
42784,161,125,36,36
42785,108,114,-6,6
42786,63,66,-3,3
42787,114,96,18,18
42788,80,77,3,3
42789,81,74,7,7
42790,72,60,12,12
42791,99,83,16,16
42792,98,75,23,23
42793,111,88,23,23
42794,120,104,16,16
42795,119,106,13,13
42796,69,66,3,3
42797,137,116,21,21
42798,130,116,14,14
42799,106,83,23,23
42800,58,56,2,2
42801,144,127,17,17
42802,117,110,7,7
42803,146,143,3,3
42804,137,120,17,17
42805,116,111,5,5
42806,86,71,15,15
42807,89,76,13,13
42808,107,97,10,10
42809,108,101,7,7
42810,109,88,21,21
42811,53,49,4,4
42812,79,62,17,17
42813,59,54,5,5
42814,84,72,12,12
42815,156,127,29,29
42816,121,109,12,12
42817,66,61,5,5
42818,74,62,12,12
42819,47,96,-49,49
42820,106,93,13,13
42821,98,80,18,18
42822,68,56,12,12
42823,58,60,-2,2
42824,86,79,7,7
42825,87,82,5,5
42826,85,80,5,5
42827,143,128,15,15
42828,168,134,34,34
42829,63,61,2,2
42830,72,105,-33,33
42831,170,165,5,5
42832,139,131,8,8
42833,104,101,3,3
42834,66,51,15,15
42835,78,71,7,7
42836,66,56,10,10
42837,78,68,10,10
42838,178,146,32,32
42839,176,155,21,21
42840,77,65,12,12
42841,51,44,7,7
42842,112,87,25,25
42843,110,115,-5,5
42844,140,132,8,8
42845,120,96,24,24
42846,88,79,9,9
42847,85,84,1,1
42848,166,139,27,27
42849,71,70,1,1
42850,112,108,4,4
42851,73,59,14,14
42852,80,72,8,8
42853,113,116,-3,3
42854,62,58,4,4
42855,94,56,38,38
42856,145,131,14,14
42857,131,128,3,3
42858,103,91,12,12
42859,98,92,6,6
42860,84,72,12,12
42861,133,112,21,21
42862,144,126,18,18
42863,141,119,22,22
42864,119,98,21,21
42865,87,75,12,12
42866,79,74,5,5
42867,63,63,0,0
42868,89,88,1,1
42869,38,33,5,5
42870,99,96,3,3
42871,114,94,20,20
42872,129,102,27,27
42873,155,137,18,18
42874,87,67,20,20
42875,70,59,11,11
42876,112,95,17,17
42877,137,121,16,16
42878,92,79,13,13
42879,145,127,18,18
42880,154,121,33,33
42881,130,118,12,12
42882,45,35,10,10
42883,63,53,10,10
42884,58,48,10,10
42885,96,92,4,4
42886,102,90,12,12
42887,118,119,-1,1
42888,119,104,15,15
42889,75,67,8,8
42890,115,103,12,12
42891,94,86,8,8
42892,108,96,12,12
42893,101,86,15,15
42894,136,123,13,13
42895,110,102,8,8
42896,127,110,17,17
42897,94,72,22,22
42898,124,98,26,26
42899,68,60,8,8
42900,128,110,18,18
42901,138,127,11,11
42902,83,76,7,7
42903,125,95,30,30
42904,63,61,2,2
42905,133,98,35,35
42906,77,68,9,9
42907,94,84,10,10
42908,116,94,22,22
42909,93,84,9,9
42910,84,79,5,5
42911,125,109,16,16
42912,123,115,8,8
42913,92,81,11,11
42914,155,138,17,17
42915,86,174,-88,88
42916,75,67,8,8
42917,74,69,5,5
42918,78,73,5,5
42919,96,78,18,18
42920,113,110,3,3
42921,139,150,-11,11
42922,95,81,14,14
42923,83,73,10,10
42924,128,121,7,7
42925,102,93,9,9
42926,124,125,-1,1
42927,71,65,6,6
42928,63,59,4,4
42929,71,64,7,7
42930,131,128,3,3
42931,115,121,-6,6
42932,91,78,13,13
42933,92,85,7,7
42934,59,45,14,14
42935,138,127,11,11
42936,71,61,10,10
42937,53,38,15,15
42938,103,96,7,7
42939,85,70,15,15
42940,92,83,9,9
42941,109,113,-4,4
42942,74,74,0,0
42943,100,86,14,14
42944,111,98,13,13
42945,112,100,12,12
42946,112,92,20,20
42947,31,31,0,0
42948,57,58,-1,1
42949,194,173,21,21
42950,75,64,11,11
42951,119,106,13,13
42952,106,92,14,14
42953,89,69,20,20
42954,75,65,10,10
42955,77,70,7,7
42956,68,64,4,4
42957,48,42,6,6
42958,53,45,8,8
42959,91,80,11,11
42960,90,92,-2,2
42961,57,57,0,0
42962,81,73,8,8
42963,113,100,13,13
42964,89,75,14,14
42965,74,64,10,10
42966,89,76,13,13
42967,73,72,1,1
42968,54,41,13,13
42969,77,70,7,7
42970,108,86,22,22
42971,59,58,1,1
42972,218,181,37,37
42973,118,117,1,1
42974,86,84,2,2
42975,153,134,19,19
42976,123,109,14,14
42977,117,107,10,10
42978,51,39,12,12
42979,77,68,9,9
42980,59,49,10,10
42981,69,65,4,4
42982,67,65,2,2
42983,83,67,16,16
42984,137,114,23,23
42985,96,76,20,20
42986,68,60,8,8
42987,91,89,2,2
42988,81,78,3,3
42989,79,55,24,24
42990,50,44,6,6
42991,78,72,6,6
42992,32,34,-2,2
42993,64,55,9,9
42994,80,78,2,2
42995,99,89,10,10
42996,131,124,7,7
42997,48,43,5,5
42998,77,60,17,17
42999,128,114,14,14
43000,120,107,13,13
43001,55,51,4,4
43002,79,62,17,17
43003,85,74,11,11
43004,148,126,22,22
43005,136,124,12,12
43006,111,112,-1,1
43007,105,119,-14,14
43008,93,82,11,11
43009,79,66,13,13
43010,87,79,8,8
43011,69,67,2,2
43012,109,94,15,15
43013,156,136,20,20
43014,106,97,9,9
43015,105,98,7,7
43016,42,35,7,7
43017,84,69,15,15
43018,15,21,-6,6
43019,89,87,2,2
43020,179,159,20,20
43021,65,61,4,4
43022,108,103,5,5
43023,40,39,1,1
43024,89,75,14,14
43025,138,116,22,22
43026,134,125,9,9
43027,102,85,17,17
43028,103,94,9,9
43029,143,116,27,27
43030,65,66,-1,1
43031,74,63,11,11
43032,116,97,19,19
43033,79,71,8,8
43034,74,68,6,6
43035,91,59,32,32
43036,99,88,11,11
43037,64,52,12,12
43038,120,104,16,16
43039,103,85,18,18
43040,90,76,14,14
43041,51,43,8,8
43042,96,80,16,16
43043,77,67,10,10
43044,142,132,10,10
43045,77,58,19,19
43046,90,79,11,11
43047,141,124,17,17
43048,85,82,3,3
43049,98,81,17,17
43050,146,130,16,16
43051,120,104,16,16
43052,107,101,6,6
43053,97,90,7,7
43054,125,119,6,6
43055,81,77,4,4
43056,99,94,5,5
43057,90,85,5,5
43058,53,45,8,8
43059,88,68,20,20
43060,70,57,13,13
43061,57,66,-9,9
43062,77,64,13,13
43063,51,55,-4,4
43064,110,96,14,14
43065,72,65,7,7
43066,101,90,11,11
43067,177,145,32,32
43068,153,128,25,25
43069,157,143,14,14
43070,67,57,10,10
43071,63,57,6,6
43072,208,174,34,34
43073,84,73,11,11
43074,69,65,4,4
43075,110,84,26,26
43076,85,63,22,22
43077,37,34,3,3
43078,142,108,34,34
43079,82,82,0,0
43080,81,80,1,1
43081,94,82,12,12
43082,143,133,10,10
43083,118,98,20,20
43084,86,86,0,0
43085,76,71,5,5
43086,73,57,16,16
43087,131,105,26,26
43088,53,56,-3,3
43089,66,60,6,6
43090,101,92,9,9
43091,115,103,12,12
43092,136,117,19,19
43093,61,73,-12,12
43094,86,77,9,9
43095,71,71,0,0
43096,81,70,11,11
43097,69,72,-3,3
43098,36,37,-1,1
43099,157,138,19,19
43100,57,52,5,5
43101,73,62,11,11
43102,185,151,34,34
43103,62,48,14,14
43104,123,112,11,11
43105,65,57,8,8
43106,73,62,11,11
43107,98,88,10,10
43108,101,85,16,16
43109,104,89,15,15
43110,83,76,7,7
43111,58,57,1,1
43112,85,76,9,9
43113,55,49,6,6
43114,80,70,10,10
43115,66,58,8,8
43116,83,69,14,14
43117,107,103,4,4
43118,104,88,16,16
43119,44,36,8,8
43120,63,63,0,0
43121,85,71,14,14
43122,133,114,19,19
43123,59,51,8,8
43124,130,93,37,37
43125,74,67,7,7
43126,62,51,11,11
43127,109,90,19,19
43128,71,66,5,5
43129,55,81,-26,26
43130,142,123,19,19
43131,117,113,4,4
43132,110,93,17,17
43133,35,39,-4,4
43134,85,80,5,5
43135,63,50,13,13
43136,79,80,-1,1
43137,101,85,16,16
43138,73,70,3,3
43139,150,142,8,8
43140,164,128,36,36
43141,121,104,17,17
43142,56,53,3,3
43143,82,77,5,5
43144,115,117,-2,2
43145,103,84,19,19
43146,80,68,12,12
43147,90,77,13,13
43148,103,87,16,16
43149,122,112,10,10
43150,113,105,8,8
43151,62,64,-2,2
43152,120,110,10,10
43153,94,87,7,7
43154,93,82,11,11
43155,52,46,6,6
43156,89,73,16,16
43157,72,54,18,18
43158,65,50,15,15
43159,92,78,14,14
43160,59,55,4,4
43161,86,94,-8,8
43162,119,99,20,20
43163,64,58,6,6
43164,142,102,40,40
43165,80,75,5,5
43166,68,60,8,8
43167,85,78,7,7
43168,69,57,12,12
43169,157,139,18,18
43170,120,94,26,26
43171,135,118,17,17
43172,72,60,12,12
43173,99,79,20,20
43174,88,85,3,3
43175,101,88,13,13
43176,72,65,7,7
43177,166,157,9,9
43178,49,43,6,6
43179,89,77,12,12
43180,113,94,19,19
43181,113,97,16,16
43182,85,79,6,6
43183,67,66,1,1
43184,89,83,6,6
43185,63,60,3,3
43186,52,65,-13,13
43187,127,114,13,13
43188,106,91,15,15
43189,120,92,28,28
43190,97,103,-6,6
43191,57,53,4,4
43192,68,65,3,3
43193,105,98,7,7
43194,106,102,4,4
43195,133,122,11,11
43196,63,62,1,1
43197,58,52,6,6
43198,106,99,7,7
43199,103,85,18,18
43200,71,64,7,7
43201,103,93,10,10
43202,42,33,9,9
43203,91,78,13,13
43204,103,99,4,4
43205,90,79,11,11
43206,103,93,10,10
43207,111,92,19,19
43208,132,104,28,28
43209,115,102,13,13
43210,121,115,6,6
43211,122,100,22,22
43212,132,115,17,17
43213,32,39,-7,7
43214,110,93,17,17
43215,87,79,8,8
43216,135,120,15,15
43217,102,89,13,13
43218,82,74,8,8
43219,131,110,21,21
43220,102,94,8,8
43221,52,42,10,10
43222,100,99,1,1
43223,100,85,15,15
43224,90,86,4,4
43225,85,83,2,2
43226,61,55,6,6
43227,154,152,2,2
43228,137,114,23,23
43229,107,87,20,20
43230,98,87,11,11
43231,92,80,12,12
43232,191,155,36,36
43233,113,110,3,3
43234,104,101,3,3
43235,62,52,10,10
43236,80,70,10,10
43237,50,44,6,6
43238,100,78,22,22
43239,126,121,5,5
43240,113,96,17,17
43241,69,64,5,5
43242,62,53,9,9
43243,52,62,-10,10
43244,118,105,13,13
43245,59,59,0,0
43246,40,40,0,0
43247,93,83,10,10
43248,105,98,7,7
43249,127,106,21,21
43250,84,83,1,1
43251,93,93,0,0
43252,121,117,4,4
43253,94,86,8,8
43254,64,60,4,4
43255,109,93,16,16
43256,123,124,-1,1
43257,130,116,14,14
43258,138,122,16,16
43259,67,62,5,5
43260,99,90,9,9
43261,84,71,13,13
43262,112,114,-2,2
43263,103,91,12,12
43264,60,50,10,10
43265,90,100,-10,10
43266,131,124,7,7
43267,47,42,5,5
43268,90,77,13,13
43269,81,72,9,9
43270,84,71,13,13
43271,81,71,10,10
43272,105,98,7,7
43273,67,63,4,4
43274,86,78,8,8
43275,140,131,9,9
43276,78,65,13,13
43277,96,85,11,11
43278,102,95,7,7
43279,43,41,2,2
43280,71,72,-1,1
43281,91,89,2,2
43282,84,74,10,10
43283,125,109,16,16
43284,50,51,-1,1
43285,90,86,4,4
43286,68,54,14,14
43287,129,114,15,15
43288,133,125,8,8
43289,72,83,-11,11
43290,150,135,15,15
43291,179,152,27,27
43292,96,84,12,12
43293,72,62,10,10
43294,178,141,37,37
43295,89,80,9,9
43296,129,106,23,23
43297,84,73,11,11
43298,87,73,14,14
43299,82,67,15,15
43300,82,83,-1,1
43301,91,80,11,11
43302,112,104,8,8
43303,88,81,7,7
43304,100,97,3,3
43305,164,142,22,22
43306,89,84,5,5
43307,72,73,-1,1
43308,111,102,9,9
43309,123,118,5,5
43310,163,133,30,30
43311,65,58,7,7
43312,130,130,0,0
43313,145,130,15,15
43314,92,83,9,9
43315,50,51,-1,1
43316,73,75,-2,2
43317,57,55,2,2
43318,89,67,22,22
43319,82,69,13,13
43320,67,56,11,11
43321,91,89,2,2
43322,112,100,12,12
43323,73,66,7,7
43324,64,55,9,9
43325,119,122,-3,3
43326,61,46,15,15
43327,26,29,-3,3
43328,67,61,6,6
43329,178,153,25,25
43330,97,72,25,25
43331,132,101,31,31
43332,121,114,7,7
43333,143,110,33,33
43334,92,88,4,4
43335,78,72,6,6
43336,99,93,6,6
43337,68,58,10,10
43338,61,52,9,9
43339,139,132,7,7
43340,162,148,14,14
43341,86,73,13,13
43342,106,93,13,13
43343,48,39,9,9
43344,125,105,20,20
43345,123,109,14,14
43346,117,104,13,13
43347,229,185,44,44
43348,83,76,7,7
43349,72,100,-28,28
43350,130,118,12,12
43351,49,46,3,3
43352,124,114,10,10
43353,123,115,8,8
43354,127,121,6,6
43355,78,70,8,8
43356,87,98,-11,11
43357,129,102,27,27
43358,97,80,17,17
43359,129,127,2,2
43360,69,64,5,5
43361,84,75,9,9
43362,122,99,23,23
43363,158,130,28,28
43364,77,75,2,2
43365,86,89,-3,3
43366,100,93,7,7
43367,93,89,4,4
43368,117,102,15,15
43369,139,120,19,19
43370,100,85,15,15
43371,162,138,24,24
43372,68,64,4,4
43373,68,62,6,6
43374,85,66,19,19
43375,105,87,18,18
43376,174,144,30,30
43377,85,75,10,10
43378,108,93,15,15
43379,67,62,5,5
43380,115,104,11,11
43381,63,56,7,7
43382,107,93,14,14
43383,99,89,10,10
43384,52,47,5,5
43385,87,75,12,12
43386,125,84,41,41
43387,64,49,15,15
43388,101,91,10,10
43389,118,108,10,10
43390,129,118,11,11
43391,100,93,7,7
43392,71,57,14,14
43393,70,72,-2,2
43394,70,69,1,1
43395,101,76,25,25
43396,71,65,6,6
43397,70,61,9,9
43398,115,100,15,15
43399,56,49,7,7
43400,106,90,16,16
43401,125,113,12,12
43402,104,93,11,11
43403,84,73,11,11
43404,64,61,3,3
43405,82,77,5,5
43406,99,97,2,2
43407,167,146,21,21
43408,107,89,18,18
43409,91,77,14,14
43410,83,77,6,6
43411,89,70,19,19
43412,92,80,12,12
43413,114,96,18,18
43414,126,95,31,31
43415,133,114,19,19
43416,51,49,2,2
43417,87,72,15,15
43418,67,58,9,9
43419,67,58,9,9
43420,142,118,24,24
43421,139,118,21,21
43422,125,99,26,26
43423,81,65,16,16
43424,210,176,34,34
43425,113,99,14,14
43426,57,65,-8,8
43427,94,87,7,7
43428,121,83,38,38
43429,107,97,10,10
43430,38,41,-3,3
43431,81,76,5,5
43432,126,102,24,24
43433,248,228,20,20
43434,92,81,11,11
43435,153,134,19,19
43436,127,117,10,10
43437,45,45,0,0
43438,81,94,-13,13
43439,164,144,20,20
43440,140,136,4,4
43441,114,101,13,13
43442,115,106,9,9
43443,87,75,12,12
43444,57,52,5,5
43445,51,39,12,12
43446,95,95,0,0
43447,33,31,2,2
43448,128,113,15,15
43449,101,89,12,12
43450,75,68,7,7
43451,138,121,17,17
43452,136,114,22,22
43453,63,74,-11,11
43454,80,58,22,22
43455,90,93,-3,3
43456,47,41,6,6
43457,96,86,10,10
43458,62,52,10,10
43459,98,83,15,15
43460,140,124,16,16
43461,84,70,14,14
43462,143,128,15,15
43463,84,77,7,7
43464,151,135,16,16
43465,87,66,21,21
43466,107,100,7,7
43467,118,100,18,18
43468,60,58,2,2
43469,82,71,11,11
43470,167,147,20,20
43471,110,89,21,21
43472,98,85,13,13
43473,83,75,8,8
43474,76,67,9,9
43475,93,81,12,12
43476,102,91,11,11
43477,76,60,16,16
43478,76,72,4,4
43479,115,100,15,15
43480,77,72,5,5
43481,98,86,12,12
43482,149,128,21,21
43483,78,70,8,8
43484,119,108,11,11
43485,121,104,17,17
43486,46,68,-22,22
43487,67,66,1,1
43488,129,108,21,21
43489,114,105,9,9
43490,73,66,7,7
43491,118,104,14,14
43492,90,84,6,6
43493,165,150,15,15
43494,147,134,13,13
43495,52,43,9,9
43496,111,107,4,4
43497,160,128,32,32
43498,88,85,3,3
43499,105,96,9,9
43500,105,85,20,20
43501,90,85,5,5
43502,120,113,7,7
43503,89,70,19,19
43504,79,72,7,7
43505,82,82,0,0
43506,122,117,5,5
43507,96,86,10,10
43508,48,48,0,0
43509,70,58,12,12
43510,65,65,0,0
43511,78,70,8,8
43512,133,120,13,13
43513,48,41,7,7
43514,90,79,11,11
43515,54,48,6,6
43516,104,84,20,20
43517,91,71,20,20
43518,112,101,11,11
43519,63,61,2,2
43520,113,101,12,12
43521,99,79,20,20
43522,100,87,13,13
43523,69,61,8,8
43524,122,105,17,17
43525,84,78,6,6
43526,119,96,23,23
43527,103,86,17,17
43528,91,97,-6,6
43529,55,51,4,4
43530,64,59,5,5
43531,87,74,13,13
43532,220,192,28,28
43533,85,76,9,9
43534,63,62,1,1
43535,64,57,7,7
43536,109,103,6,6
43537,80,68,12,12
43538,91,78,13,13
43539,146,129,17,17
43540,125,111,14,14
43541,130,124,6,6
43542,127,133,-6,6
43543,113,94,19,19
43544,125,114,11,11
43545,84,74,10,10
43546,111,99,12,12
43547,138,113,25,25
43548,47,42,5,5
43549,75,75,0,0
43550,98,98,0,0
43551,163,139,24,24
43552,140,116,24,24
43553,50,40,10,10
43554,77,68,9,9
43555,64,53,11,11
43556,76,65,11,11
43557,108,96,12,12
43558,53,42,11,11
43559,65,66,-1,1
43560,197,174,23,23
43561,182,155,27,27
43562,71,61,10,10
43563,134,104,30,30
43564,126,105,21,21
43565,54,52,2,2
43566,132,124,8,8
43567,86,71,15,15
43568,106,99,7,7
43569,53,49,4,4
43570,87,82,5,5
43571,80,74,6,6
43572,150,142,8,8
43573,49,42,7,7
43574,137,94,43,43
43575,51,45,6,6
43576,90,74,16,16
43577,125,114,11,11
43578,110,101,9,9
43579,112,105,7,7
43580,51,47,4,4
43581,105,83,22,22
43582,110,103,7,7
43583,93,86,7,7
43584,169,146,23,23
43585,97,73,24,24
43586,97,74,23,23
43587,89,84,5,5
43588,75,65,10,10
43589,119,107,12,12
43590,93,87,6,6
43591,53,56,-3,3
43592,121,95,26,26
43593,61,67,-6,6
43594,98,95,3,3
43595,92,84,8,8
43596,63,52,11,11
43597,101,82,19,19
43598,180,156,24,24
43599,70,61,9,9
43600,66,61,5,5
43601,121,167,-46,46
43602,100,91,9,9
43603,151,133,18,18
43604,44,59,-15,15
43605,93,83,10,10
43606,79,62,17,17
43607,133,111,22,22
43608,51,47,4,4
43609,111,103,8,8
43610,83,76,7,7
43611,93,89,4,4
43612,78,58,20,20
43613,75,65,10,10
43614,133,123,10,10
43615,128,108,20,20
43616,98,93,5,5
43617,137,107,30,30
43618,79,76,3,3
43619,90,76,14,14
43620,62,60,2,2
43621,170,158,12,12
43622,123,109,14,14
43623,57,56,1,1
43624,87,88,-1,1
43625,35,42,-7,7
43626,76,77,-1,1
43627,95,74,21,21
43628,63,60,3,3
43629,74,65,9,9
43630,125,118,7,7
43631,115,103,12,12
43632,63,57,6,6
43633,141,125,16,16
43634,78,67,11,11
43635,71,65,6,6
43636,90,80,10,10
43637,235,210,25,25
43638,118,98,20,20
43639,65,63,2,2
43640,98,84,14,14
43641,97,93,4,4
43642,48,52,-4,4
43643,110,103,7,7
43644,96,83,13,13
43645,119,104,15,15
43646,141,121,20,20
43647,80,74,6,6
43648,88,100,-12,12
43649,93,83,10,10
43650,141,127,14,14
43651,59,72,-13,13
43652,98,86,12,12
43653,66,68,-2,2
43654,91,83,8,8
43655,90,80,10,10
43656,111,101,10,10
43657,96,85,11,11
43658,103,89,14,14
43659,59,49,10,10
43660,68,63,5,5
43661,73,64,9,9
43662,60,57,3,3
43663,75,83,-8,8
43664,65,63,2,2
43665,91,82,9,9
43666,53,54,-1,1
43667,97,89,8,8
43668,66,55,11,11
43669,94,87,7,7
43670,97,86,11,11
43671,81,70,11,11
43672,134,115,19,19
43673,96,93,3,3
43674,115,104,11,11
43675,51,62,-11,11
43676,75,70,5,5
43677,157,136,21,21
43678,86,78,8,8
43679,147,136,11,11
43680,85,75,10,10
43681,88,84,4,4
43682,46,39,7,7
43683,119,113,6,6
43684,109,93,16,16
43685,142,131,11,11
43686,95,88,7,7
43687,93,91,2,2
43688,79,70,9,9
43689,142,130,12,12
43690,83,77,6,6
43691,93,81,12,12
43692,149,96,53,53
43693,114,93,21,21
43694,99,80,19,19
43695,125,120,5,5
43696,116,93,23,23
43697,131,125,6,6
43698,103,84,19,19
43699,79,66,13,13
43700,171,157,14,14
43701,69,68,1,1
43702,78,77,1,1
43703,67,71,-4,4
43704,82,73,9,9
43705,110,107,3,3
43706,171,147,24,24
43707,46,41,5,5
43708,60,51,9,9
43709,179,150,29,29
43710,68,62,6,6
43711,66,56,10,10
43712,67,61,6,6
43713,87,94,-7,7
43714,61,54,7,7
43715,61,56,5,5
43716,122,117,5,5
43717,96,84,12,12
43718,106,85,21,21
43719,54,44,10,10
43720,76,71,5,5
43721,111,106,5,5
43722,44,39,5,5
43723,163,145,18,18
43724,71,55,16,16
43725,74,66,8,8
43726,97,88,9,9
43727,134,119,15,15
43728,82,68,14,14
43729,79,89,-10,10
43730,138,110,28,28
43731,82,87,-5,5
43732,152,138,14,14
43733,111,101,10,10
43734,123,105,18,18
43735,77,60,17,17
43736,146,124,22,22
43737,82,69,13,13
43738,69,66,3,3
43739,91,89,2,2
43740,166,144,22,22
43741,53,48,5,5
43742,71,62,9,9
43743,84,72,12,12
43744,68,67,1,1
43745,94,95,-1,1
43746,101,115,-14,14
43747,106,92,14,14
43748,93,76,17,17
43749,69,63,6,6
43750,136,112,24,24
43751,90,78,12,12
43752,87,69,18,18
43753,64,54,10,10
43754,62,92,-30,30
43755,77,77,0,0
43756,47,53,-6,6
43757,122,112,10,10
43758,67,64,3,3
43759,87,87,0,0
43760,84,66,18,18
43761,68,64,4,4
43762,60,58,2,2
43763,75,67,8,8
43764,90,78,12,12
43765,69,73,-4,4
43766,77,69,8,8
43767,82,72,10,10
43768,127,115,12,12
43769,58,53,5,5
43770,151,129,22,22
43771,125,121,4,4
43772,114,98,16,16
43773,106,103,3,3
43774,85,78,7,7
43775,92,83,9,9
43776,70,59,11,11
43777,124,116,8,8
43778,97,92,5,5
43779,71,67,4,4
43780,146,134,12,12
43781,93,85,8,8
43782,91,76,15,15
43783,63,57,6,6
43784,60,51,9,9
43785,84,90,-6,6
43786,192,181,11,11
43787,93,76,17,17
43788,133,111,22,22
43789,95,83,12,12
43790,65,53,12,12
43791,81,82,-1,1
43792,107,100,7,7
43793,131,108,23,23
43794,130,122,8,8
43795,68,57,11,11
43796,77,71,6,6
43797,112,108,4,4
43798,67,65,2,2
43799,91,81,10,10
43800,90,76,14,14
43801,125,113,12,12
43802,69,58,11,11
43803,106,96,10,10
43804,110,93,17,17
43805,65,59,6,6
43806,87,73,14,14
43807,60,46,14,14
43808,91,77,14,14
43809,153,130,23,23
43810,95,86,9,9
43811,150,132,18,18
43812,61,61,0,0
43813,169,166,3,3
43814,76,68,8,8
43815,93,82,11,11
43816,75,63,12,12
43817,76,75,1,1
43818,85,93,-8,8
43819,63,63,0,0
43820,86,81,5,5
43821,111,95,16,16
43822,81,70,11,11
43823,225,159,66,66
43824,49,62,-13,13
43825,90,84,6,6
43826,67,61,6,6
43827,109,103,6,6
43828,103,85,18,18
43829,73,65,8,8
43830,137,121,16,16
43831,93,90,3,3
43832,68,58,10,10
43833,82,82,0,0
43834,66,67,-1,1
43835,110,85,25,25
43836,170,161,9,9
43837,104,90,14,14
43838,73,69,4,4
43839,137,116,21,21
43840,55,44,11,11
43841,52,51,1,1
43842,95,79,16,16
43843,48,42,6,6
43844,67,69,-2,2
43845,64,58,6,6
43846,71,65,6,6
43847,77,69,8,8
43848,66,54,12,12
43849,78,69,9,9
43850,71,66,5,5
43851,117,109,8,8
43852,83,68,15,15
43853,43,43,0,0
43854,100,82,18,18
43855,50,52,-2,2
43856,140,132,8,8
43857,86,95,-9,9
43858,63,55,8,8
43859,91,79,12,12
43860,113,96,17,17
43861,63,57,6,6
43862,61,51,10,10
43863,78,77,1,1
43864,34,41,-7,7
43865,90,94,-4,4
43866,47,36,11,11
43867,64,65,-1,1
43868,58,59,-1,1
43869,116,106,10,10
43870,117,103,14,14
43871,84,81,3,3
43872,105,99,6,6
43873,86,77,9,9
43874,68,46,22,22
43875,131,127,4,4
43876,77,70,7,7
43877,76,63,13,13
43878,117,95,22,22
43879,97,82,15,15
43880,123,111,12,12
43881,98,92,6,6
43882,71,62,9,9
43883,127,110,17,17
43884,56,46,10,10
43885,122,100,22,22
43886,49,48,1,1
43887,60,58,2,2
43888,115,101,14,14
43889,78,75,3,3
43890,46,42,4,4
43891,119,103,16,16
43892,129,135,-6,6
43893,66,58,8,8
43894,142,130,12,12
43895,79,68,11,11
43896,71,69,2,2
43897,144,130,14,14
43898,106,100,6,6
43899,77,72,5,5
43900,74,73,1,1
43901,69,60,9,9
43902,88,74,14,14
43903,59,52,7,7
43904,123,104,19,19
43905,54,51,3,3
43906,43,40,3,3
43907,155,126,29,29
43908,68,61,7,7
43909,131,118,13,13
43910,146,125,21,21
43911,102,81,21,21
43912,80,75,5,5
43913,57,56,1,1
43914,81,73,8,8
43915,104,106,-2,2
43916,39,32,7,7
43917,78,74,4,4
43918,112,95,17,17
43919,44,77,-33,33
43920,79,71,8,8
43921,132,116,16,16
43922,117,120,-3,3
43923,80,78,2,2
43924,88,71,17,17
43925,61,52,9,9
43926,57,42,15,15
43927,123,114,9,9
43928,60,56,4,4
43929,113,98,15,15
43930,64,60,4,4
43931,101,84,17,17
43932,143,129,14,14
43933,71,69,2,2
43934,80,64,16,16
43935,70,59,11,11
43936,45,40,5,5
43937,44,45,-1,1
43938,92,81,11,11
43939,67,62,5,5
43940,63,47,16,16
43941,139,121,18,18
43942,127,107,20,20
43943,69,59,10,10
43944,136,121,15,15
43945,109,103,6,6
43946,120,108,12,12
43947,63,55,8,8
43948,50,46,4,4
43949,97,83,14,14
43950,103,84,19,19
43951,89,81,8,8
43952,85,70,15,15
43953,173,152,21,21
43954,128,114,14,14
43955,171,160,11,11
43956,49,43,6,6
43957,99,77,22,22
43958,129,130,-1,1
43959,85,81,4,4
43960,102,90,12,12
43961,124,115,9,9
43962,122,102,20,20
43963,137,120,17,17
43964,89,86,3,3
43965,51,44,7,7
43966,81,90,-9,9
43967,88,70,18,18
43968,76,72,4,4
43969,111,108,3,3
43970,86,79,7,7
43971,131,114,17,17
43972,23,26,-3,3
43973,109,98,11,11
43974,84,76,8,8
43975,101,91,10,10
43976,139,128,11,11
43977,58,62,-4,4
43978,71,66,5,5
43979,95,77,18,18
43980,70,60,10,10
43981,65,63,2,2
43982,95,80,15,15
43983,109,94,15,15
43984,57,50,7,7
43985,103,93,10,10
43986,184,150,34,34
43987,80,69,11,11
43988,103,92,11,11
43989,94,111,-17,17
43990,62,53,9,9
43991,110,81,29,29
43992,109,103,6,6
43993,47,42,5,5
43994,107,99,8,8
43995,184,149,35,35
43996,122,126,-4,4
43997,155,143,12,12
43998,66,65,1,1
43999,63,53,10,10
44000,104,110,-6,6
44001,100,81,19,19
44002,82,91,-9,9
44003,162,147,15,15
44004,122,114,8,8
44005,78,117,-39,39
44006,71,57,14,14
44007,131,102,29,29
44008,113,89,24,24
44009,84,79,5,5
44010,65,55,10,10
44011,81,78,3,3
44012,93,72,21,21
44013,67,60,7,7
44014,148,118,30,30
44015,72,71,1,1
44016,106,88,18,18
44017,79,81,-2,2
44018,113,103,10,10
44019,66,56,10,10
44020,68,50,18,18
44021,63,52,11,11
44022,81,90,-9,9
44023,117,103,14,14
44024,70,94,-24,24
44025,78,70,8,8
44026,165,159,6,6
44027,40,32,8,8
44028,85,81,4,4
44029,73,95,-22,22
44030,104,89,15,15
44031,129,106,23,23
44032,116,100,16,16
44033,115,99,16,16
44034,82,71,11,11
44035,84,80,4,4
44036,82,78,4,4
44037,29,54,-25,25
44038,64,65,-1,1
44039,66,49,17,17
44040,114,103,11,11
44041,146,123,23,23
44042,65,56,9,9
44043,42,35,7,7
44044,157,147,10,10
44045,89,78,11,11
44046,116,120,-4,4
44047,54,47,7,7
44048,77,68,9,9
44049,79,76,3,3
44050,137,123,14,14
44051,67,57,10,10
44052,105,103,2,2
44053,149,109,40,40
44054,57,55,2,2
44055,104,104,0,0
44056,89,90,-1,1
44057,82,79,3,3
44058,106,112,-6,6
44059,191,169,22,22
44060,87,75,12,12
44061,58,51,7,7
44062,114,104,10,10
44063,114,107,7,7
44064,118,105,13,13
44065,159,135,24,24
44066,58,48,10,10
44067,95,86,9,9
44068,74,69,5,5
44069,135,110,25,25
44070,134,125,9,9
44071,87,72,15,15
44072,130,108,22,22
44073,119,104,15,15
44074,142,123,19,19
44075,152,140,12,12
44076,105,92,13,13
44077,63,57,6,6
44078,92,83,9,9
44079,75,62,13,13
44080,96,81,15,15
44081,75,58,17,17
44082,56,46,10,10
44083,72,60,12,12
44084,89,87,2,2
44085,58,55,3,3
44086,76,68,8,8
44087,90,91,-1,1
44088,73,72,1,1
44089,78,70,8,8
44090,110,107,3,3
44091,174,138,36,36
44092,104,79,25,25
44093,94,90,4,4
44094,165,136,29,29
44095,107,89,18,18
44096,78,71,7,7
44097,90,77,13,13
44098,124,106,18,18
44099,129,108,21,21
44100,66,57,9,9
44101,73,72,1,1
44102,139,134,5,5
44103,72,69,3,3
44104,140,122,18,18
44105,93,87,6,6
44106,135,116,19,19
44107,56,50,6,6
44108,76,62,14,14
44109,102,85,17,17
44110,102,95,7,7
44111,130,110,20,20
44112,152,140,12,12
44113,76,65,11,11
44114,178,166,12,12
44115,85,70,15,15
44116,78,65,13,13
44117,97,103,-6,6
44118,113,108,5,5
44119,81,79,2,2
44120,65,66,-1,1
44121,42,42,0,0
44122,72,75,-3,3
44123,115,103,12,12
44124,80,78,2,2
44125,39,34,5,5
44126,85,70,15,15
44127,101,85,16,16
44128,158,137,21,21
44129,91,83,8,8
44130,68,62,6,6
44131,112,107,5,5
44132,161,148,13,13
44133,147,142,5,5
44134,63,59,4,4
44135,60,67,-7,7
44136,84,75,9,9
44137,112,101,11,11
44138,129,106,23,23
44139,136,125,11,11
44140,130,115,15,15
44141,74,68,6,6
44142,111,103,8,8
44143,118,111,7,7
44144,60,50,10,10
44145,59,63,-4,4
44146,90,81,9,9
44147,72,70,2,2
44148,118,109,9,9
44149,63,55,8,8
44150,91,79,12,12
44151,106,99,7,7
44152,89,81,8,8
44153,111,102,9,9
44154,131,118,13,13
44155,85,86,-1,1
44156,97,90,7,7
44157,41,40,1,1
44158,104,97,7,7
44159,137,129,8,8
44160,110,93,17,17
44161,50,68,-18,18
44162,143,119,24,24
44163,110,98,12,12
44164,79,75,4,4
44165,79,71,8,8
44166,71,69,2,2
44167,116,110,6,6
44168,89,74,15,15
44169,85,84,1,1
44170,62,60,2,2
44171,105,86,19,19
44172,110,104,6,6
44173,68,72,-4,4
44174,125,121,4,4
44175,120,105,15,15
44176,118,103,15,15
44177,63,54,9,9
44178,42,39,3,3
44179,49,51,-2,2
44180,96,84,12,12
44181,107,94,13,13
44182,108,105,3,3
44183,94,86,8,8
44184,89,78,11,11
44185,117,105,12,12
44186,120,114,6,6
44187,71,62,9,9
44188,71,66,5,5
44189,58,56,2,2
44190,90,91,-1,1
44191,118,102,16,16
44192,43,58,-15,15
44193,78,71,7,7
44194,159,139,20,20
44195,99,98,1,1
44196,92,85,7,7
44197,148,124,24,24
44198,97,77,20,20
44199,84,80,4,4
44200,45,39,6,6
44201,63,58,5,5
44202,117,100,17,17
44203,122,107,15,15
44204,115,101,14,14
44205,110,94,16,16
44206,114,97,17,17
44207,71,65,6,6
44208,132,129,3,3
44209,73,63,10,10
44210,137,119,18,18
44211,79,75,4,4
44212,79,63,16,16
44213,106,93,13,13
44214,99,84,15,15
44215,77,90,-13,13
44216,127,118,9,9
44217,96,81,15,15
44218,66,58,8,8
44219,63,57,6,6
44220,95,88,7,7
44221,97,82,15,15
44222,42,33,9,9
44223,60,41,19,19
44224,59,57,2,2
44225,66,58,8,8
44226,140,91,49,49
44227,64,60,4,4
44228,72,63,9,9
44229,85,73,12,12
44230,119,90,29,29
44231,99,82,17,17
44232,133,113,20,20
44233,75,72,3,3
44234,66,59,7,7
44235,102,87,15,15
44236,63,61,2,2
44237,133,117,16,16
44238,144,130,14,14
44239,141,115,26,26
44240,97,89,8,8
44241,90,85,5,5
44242,124,118,6,6
44243,123,113,10,10
44244,191,149,42,42
44245,62,51,11,11
44246,58,55,3,3
44247,98,82,16,16
44248,113,100,13,13
44249,107,88,19,19
44250,106,98,8,8
44251,95,85,10,10
44252,144,126,18,18
44253,50,41,9,9
44254,195,157,38,38
44255,122,92,30,30
44256,97,75,22,22
44257,71,53,18,18
44258,153,134,19,19
44259,67,61,6,6
44260,51,47,4,4
44261,65,65,0,0
44262,78,70,8,8
44263,87,73,14,14
44264,72,69,3,3
44265,81,70,11,11
44266,149,130,19,19
44267,119,93,26,26
44268,102,82,20,20
44269,93,82,11,11
44270,116,108,8,8
44271,125,111,14,14
44272,138,119,19,19
44273,75,74,1,1
44274,100,88,12,12
44275,107,87,20,20
44276,91,105,-14,14
44277,135,118,17,17
44278,47,50,-3,3
44279,95,79,16,16
44280,88,89,-1,1
44281,71,62,9,9
44282,110,114,-4,4
44283,108,97,11,11
44284,49,54,-5,5
44285,48,42,6,6
44286,93,81,12,12
44287,94,86,8,8
44288,140,127,13,13
44289,68,54,14,14
44290,79,80,-1,1
44291,147,136,11,11
44292,107,85,22,22
44293,77,67,10,10
44294,87,79,8,8
44295,183,165,18,18
44296,123,102,21,21
44297,143,126,17,17
44298,94,82,12,12
44299,96,79,17,17
44300,85,86,-1,1
44301,112,103,9,9
44302,82,74,8,8
44303,103,90,13,13
44304,98,94,4,4
44305,104,98,6,6
44306,81,67,14,14
44307,57,51,6,6
44308,113,120,-7,7
44309,80,70,10,10
44310,117,103,14,14
44311,68,54,14,14
44312,76,66,10,10
44313,69,71,-2,2
44314,86,86,0,0
44315,107,88,19,19
44316,63,51,12,12
44317,127,115,12,12
44318,87,75,12,12
44319,82,75,7,7
44320,92,80,12,12
44321,78,72,6,6
44322,117,101,16,16
44323,93,90,3,3
44324,116,107,9,9
44325,51,49,2,2
44326,80,68,12,12
44327,126,121,5,5
44328,48,45,3,3
44329,183,166,17,17
44330,61,58,3,3
44331,128,119,9,9
44332,95,77,18,18
44333,107,85,22,22
44334,87,83,4,4
44335,136,127,9,9
44336,49,46,3,3
44337,77,61,16,16
44338,114,98,16,16
44339,139,118,21,21
44340,90,82,8,8
44341,164,159,5,5
44342,124,123,1,1
44343,115,105,10,10
44344,111,93,18,18
44345,144,133,11,11
44346,72,70,2,2
44347,121,104,17,17
44348,131,110,21,21
44349,99,96,3,3
44350,55,55,0,0
44351,125,107,18,18
44352,43,40,3,3
44353,75,59,16,16
44354,71,60,11,11
44355,62,58,4,4
44356,86,75,11,11
44357,78,72,6,6
44358,101,90,11,11
44359,81,73,8,8
44360,144,119,25,25
44361,121,98,23,23
44362,84,76,8,8
44363,91,78,13,13
44364,108,112,-4,4
44365,84,73,11,11
44366,96,80,16,16
44367,130,118,12,12
44368,53,44,9,9
44369,111,109,2,2
44370,65,48,17,17
44371,138,116,22,22
44372,39,32,7,7
44373,54,53,1,1
44374,48,38,10,10
44375,62,54,8,8
44376,110,100,10,10
44377,88,80,8,8
44378,92,75,17,17
44379,124,106,18,18
44380,86,76,10,10
44381,89,91,-2,2
44382,96,93,3,3
44383,50,46,4,4
44384,92,78,14,14
44385,70,67,3,3
44386,101,92,9,9
44387,143,123,20,20
44388,128,127,1,1
44389,83,75,8,8
44390,59,54,5,5
44391,131,111,20,20
44392,79,68,11,11
44393,66,56,10,10
44394,110,88,22,22
44395,99,86,13,13
44396,100,93,7,7
44397,92,82,10,10
44398,115,96,19,19
44399,87,71,16,16
44400,105,88,17,17
44401,77,70,7,7
44402,93,88,5,5
44403,124,111,13,13
44404,71,69,2,2
44405,68,62,6,6
44406,107,103,4,4
44407,130,119,11,11
44408,32,33,-1,1
44409,96,101,-5,5
44410,82,70,12,12
44411,73,61,12,12
44412,57,71,-14,14
44413,60,58,2,2
44414,61,63,-2,2
44415,127,106,21,21
44416,67,53,14,14
44417,148,122,26,26
44418,111,98,13,13
44419,119,99,20,20
44420,86,70,16,16
44421,88,75,13,13
44422,68,57,11,11
44423,65,64,1,1
44424,64,65,-1,1
44425,158,125,33,33
44426,144,115,29,29
44427,91,84,7,7
44428,63,57,6,6
44429,88,82,6,6
44430,122,97,25,25
44431,51,44,7,7
44432,124,120,4,4
44433,118,91,27,27
44434,49,40,9,9
44435,94,75,19,19
44436,69,60,9,9
44437,168,147,21,21
44438,79,74,5,5
44439,70,66,4,4
44440,199,174,25,25
44441,43,44,-1,1
44442,85,80,5,5
44443,51,46,5,5
44444,135,116,19,19
44445,57,68,-11,11
44446,191,176,15,15
44447,94,92,2,2
44448,109,104,5,5
44449,76,67,9,9
44450,175,158,17,17
44451,126,117,9,9
44452,143,126,17,17
44453,101,87,14,14
44454,50,61,-11,11
44455,84,80,4,4
44456,94,82,12,12
44457,110,95,15,15
44458,170,134,36,36
44459,149,127,22,22
44460,94,86,8,8
44461,102,94,8,8
44462,118,118,0,0
44463,112,103,9,9
44464,108,98,10,10
44465,58,55,3,3
44466,39,94,-55,55
44467,112,97,15,15
44468,107,109,-2,2
44469,61,52,9,9
44470,99,86,13,13
44471,62,65,-3,3
44472,119,100,19,19
44473,105,89,16,16
44474,93,75,18,18
44475,109,97,12,12
44476,132,117,15,15
44477,83,97,-14,14
44478,46,43,3,3
44479,170,146,24,24
44480,217,172,45,45
44481,119,109,10,10
44482,140,142,-2,2
44483,106,93,13,13
44484,100,90,10,10
44485,61,53,8,8
44486,111,120,-9,9
44487,117,92,25,25
44488,68,71,-3,3
44489,94,85,9,9
44490,74,65,9,9
44491,109,106,3,3
44492,98,105,-7,7
44493,103,86,17,17
44494,78,82,-4,4
44495,80,75,5,5
44496,83,73,10,10
44497,76,71,5,5
44498,110,99,11,11
44499,152,134,18,18
44500,81,64,17,17
44501,133,121,12,12
44502,66,57,9,9
44503,102,86,16,16
44504,102,89,13,13
44505,53,47,6,6
44506,139,125,14,14
44507,133,115,18,18
44508,57,50,7,7
44509,61,53,8,8
44510,116,95,21,21
44511,97,82,15,15
44512,187,155,32,32
44513,62,52,10,10
44514,102,94,8,8
44515,62,62,0,0
44516,48,37,11,11
44517,108,101,7,7
44518,68,59,9,9
44519,112,99,13,13
44520,154,136,18,18
44521,76,70,6,6
44522,110,105,5,5
44523,89,85,4,4
44524,128,111,17,17
44525,61,61,0,0
44526,60,59,1,1
44527,143,130,13,13
44528,107,100,7,7
44529,76,61,15,15
44530,79,71,8,8
44531,65,56,9,9
44532,104,95,9,9
44533,145,131,14,14
44534,86,66,20,20
44535,83,74,9,9
44536,88,91,-3,3
44537,178,154,24,24
44538,116,110,6,6
44539,105,112,-7,7
44540,72,71,1,1
44541,77,70,7,7
44542,56,55,1,1
44543,109,87,22,22
44544,45,38,7,7
44545,106,89,17,17
44546,42,40,2,2
44547,118,110,8,8
44548,102,87,15,15
44549,47,62,-15,15
44550,70,66,4,4
44551,103,92,11,11
44552,123,118,5,5
44553,170,140,30,30
44554,124,120,4,4
44555,98,93,5,5
44556,57,60,-3,3
44557,122,117,5,5
44558,59,50,9,9
44559,107,98,9,9
44560,73,62,11,11
44561,65,60,5,5
44562,53,45,8,8
44563,152,134,18,18
44564,81,67,14,14
44565,87,74,13,13
44566,77,65,12,12
44567,129,125,4,4
44568,165,147,18,18
44569,111,102,9,9
44570,108,104,4,4
44571,67,61,6,6
44572,78,69,9,9
44573,105,90,15,15
44574,72,63,9,9
44575,75,77,-2,2
44576,85,70,15,15
44577,57,50,7,7
44578,115,113,2,2
44579,74,65,9,9
44580,170,147,23,23
44581,90,86,4,4
44582,85,78,7,7
44583,65,60,5,5
44584,45,39,6,6
44585,160,136,24,24
44586,160,127,33,33
44587,99,95,4,4
44588,62,65,-3,3
44589,121,111,10,10
44590,129,114,15,15
44591,98,93,5,5
44592,104,90,14,14
44593,69,62,7,7
44594,75,63,12,12
44595,95,82,13,13
44596,118,108,10,10
44597,94,123,-29,29
44598,100,92,8,8
44599,129,111,18,18
44600,118,105,13,13
44601,57,145,-88,88
44602,68,60,8,8
44603,123,110,13,13
44604,93,77,16,16
44605,53,43,10,10
44606,92,80,12,12
44607,78,70,8,8
44608,175,135,40,40
44609,115,118,-3,3
44610,70,68,2,2
44611,161,130,31,31
44612,61,57,4,4
44613,64,55,9,9
44614,86,80,6,6
44615,84,72,12,12
44616,152,124,28,28
44617,116,103,13,13
44618,53,51,2,2
44619,57,53,4,4
44620,68,66,2,2
44621,178,159,19,19
44622,93,81,12,12
44623,120,100,20,20
44624,136,129,7,7
44625,39,38,1,1
44626,102,88,14,14
44627,167,156,11,11
44628,65,59,6,6
44629,50,53,-3,3
44630,80,68,12,12
44631,126,103,23,23
44632,67,59,8,8
44633,59,59,0,0
44634,116,101,15,15
44635,95,85,10,10
44636,57,51,6,6
44637,75,74,1,1
44638,99,90,9,9
44639,94,83,11,11
44640,65,57,8,8
44641,90,80,10,10
44642,126,103,23,23
44643,86,86,0,0
44644,103,91,12,12
44645,92,94,-2,2
44646,120,107,13,13
44647,86,73,13,13
44648,19,18,1,1
44649,138,120,18,18
44650,86,78,8,8
44651,126,113,13,13
44652,103,91,12,12
44653,89,77,12,12
44654,71,63,8,8
44655,63,58,5,5
44656,76,71,5,5
44657,154,136,18,18
44658,64,57,7,7
44659,73,64,9,9
44660,61,56,5,5
44661,57,61,-4,4
44662,142,134,8,8
44663,193,171,22,22
44664,58,71,-13,13
44665,89,89,0,0
44666,88,80,8,8
44667,121,109,12,12
44668,110,96,14,14
44669,116,102,14,14
44670,100,86,14,14
44671,62,54,8,8
44672,100,96,4,4
44673,146,116,30,30
44674,33,29,4,4
44675,105,99,6,6
44676,93,84,9,9
44677,48,50,-2,2
44678,74,73,1,1
44679,55,49,6,6
44680,77,64,13,13
44681,83,66,17,17
44682,162,140,22,22
44683,59,53,6,6
44684,196,172,24,24
44685,95,79,16,16
44686,64,52,12,12
44687,107,102,5,5
44688,163,140,23,23
44689,78,63,15,15
44690,66,67,-1,1
44691,62,61,1,1
44692,109,89,20,20
44693,77,70,7,7
44694,125,107,18,18
44695,103,89,14,14
44696,81,68,13,13
44697,50,45,5,5
44698,116,120,-4,4
44699,70,72,-2,2
44700,68,55,13,13
44701,96,82,14,14
44702,155,126,29,29
44703,128,124,4,4
44704,75,72,3,3
44705,116,102,14,14
44706,88,81,7,7
44707,100,78,22,22
44708,73,66,7,7
44709,140,130,10,10
44710,106,96,10,10
44711,87,79,8,8
44712,78,79,-1,1
44713,92,83,9,9
44714,109,93,16,16
44715,69,67,2,2
44716,174,153,21,21
44717,60,54,6,6
44718,61,51,10,10
44719,59,55,4,4
44720,124,110,14,14
44721,85,74,11,11
44722,136,98,38,38
44723,118,111,7,7
44724,81,74,7,7
44725,80,76,4,4
44726,69,58,11,11
44727,60,57,3,3
44728,63,58,5,5
44729,46,38,8,8
44730,61,53,8,8
44731,65,68,-3,3
44732,104,98,6,6
44733,144,124,20,20
44734,73,79,-6,6
44735,77,69,8,8
44736,96,85,11,11
44737,71,73,-2,2
44738,74,70,4,4
44739,60,55,5,5
44740,80,72,8,8
44741,74,70,4,4
44742,168,138,30,30
44743,145,125,20,20
44744,86,81,5,5
44745,137,126,11,11
44746,121,106,15,15
44747,91,70,21,21
44748,68,64,4,4
44749,78,62,16,16
44750,84,79,5,5
44751,150,127,23,23
44752,103,83,20,20
44753,79,70,9,9
44754,63,59,4,4
44755,70,62,8,8
44756,229,191,38,38
44757,130,131,-1,1
44758,81,76,5,5
44759,112,92,20,20
44760,134,106,28,28
44761,82,71,11,11
44762,152,193,-41,41
44763,90,88,2,2
44764,105,96,9,9
44765,138,127,11,11
44766,95,86,9,9
44767,86,70,16,16
44768,91,73,18,18
44769,58,66,-8,8
44770,130,107,23,23
44771,154,130,24,24
44772,69,68,1,1
44773,158,122,36,36
44774,136,122,14,14
44775,56,54,2,2
44776,86,76,10,10
44777,49,45,4,4
44778,138,123,15,15
44779,100,92,8,8
44780,146,129,17,17
44781,56,51,5,5
44782,79,73,6,6
44783,53,45,8,8
44784,59,51,8,8
44785,64,52,12,12
44786,108,93,15,15
44787,66,59,7,7
44788,117,107,10,10
44789,60,50,10,10
44790,51,44,7,7
44791,104,87,17,17
44792,92,92,0,0
44793,87,68,19,19
44794,84,95,-11,11
44795,155,131,24,24
44796,100,89,11,11
44797,43,38,5,5
44798,72,56,16,16
44799,124,121,3,3
44800,116,126,-10,10
44801,159,131,28,28
44802,91,92,-1,1
44803,71,60,11,11
44804,158,138,20,20
44805,71,68,3,3
44806,102,81,21,21
44807,117,104,13,13
44808,94,84,10,10
44809,79,77,2,2
44810,51,48,3,3
44811,63,54,9,9
44812,55,53,2,2
44813,152,116,36,36
44814,78,53,25,25
44815,54,47,7,7
44816,80,71,9,9
44817,59,51,8,8
44818,84,77,7,7
44819,110,95,15,15
44820,124,100,24,24
44821,92,69,23,23
44822,126,117,9,9
44823,130,111,19,19
44824,89,79,10,10
44825,109,97,12,12
44826,87,87,0,0
44827,75,58,17,17
44828,225,201,24,24
44829,182,168,14,14
44830,82,74,8,8
44831,54,55,-1,1
44832,187,156,31,31
44833,128,125,3,3
44834,87,71,16,16
44835,92,72,20,20
44836,58,60,-2,2
44837,63,52,11,11
44838,100,84,16,16
44839,102,100,2,2
44840,46,48,-2,2
44841,89,87,2,2
44842,61,52,9,9
44843,134,123,11,11
44844,69,60,9,9
44845,118,104,14,14
44846,153,133,20,20
44847,115,97,18,18
44848,88,74,14,14
44849,91,85,6,6
44850,51,27,24,24
44851,68,73,-5,5
44852,155,129,26,26
44853,52,47,5,5
44854,71,64,7,7
44855,100,87,13,13
44856,81,71,10,10
44857,168,144,24,24
44858,80,68,12,12
44859,83,73,10,10
44860,90,88,2,2
44861,99,86,13,13
44862,45,39,6,6
44863,110,101,9,9
44864,118,92,26,26
44865,98,89,9,9
44866,162,136,26,26
44867,54,45,9,9
44868,80,76,4,4
44869,91,74,17,17
44870,81,67,14,14
44871,89,78,11,11
44872,58,49,9,9
44873,194,188,6,6
44874,78,73,5,5
44875,63,51,12,12
44876,61,54,7,7
44877,98,86,12,12
44878,95,84,11,11
44879,97,81,16,16
44880,96,96,0,0
44881,89,76,13,13
44882,154,131,23,23
44883,51,46,5,5
44884,117,92,25,25
44885,42,49,-7,7
44886,92,79,13,13
44887,91,84,7,7
44888,162,157,5,5
44889,75,68,7,7
44890,104,93,11,11
44891,117,108,9,9
44892,74,76,-2,2
44893,52,45,7,7
44894,77,65,12,12
44895,83,68,15,15
44896,71,66,5,5
44897,57,48,9,9
44898,62,54,8,8
44899,114,99,15,15
44900,58,56,2,2
44901,120,108,12,12
44902,74,65,9,9
44903,95,71,24,24
44904,63,61,2,2
44905,84,86,-2,2
44906,57,56,1,1
44907,70,66,4,4
44908,71,73,-2,2
44909,71,55,16,16
44910,140,114,26,26
44911,116,111,5,5
44912,62,59,3,3
44913,96,97,-1,1
44914,73,65,8,8
44915,79,69,10,10
44916,97,77,20,20
44917,80,62,18,18
44918,76,69,7,7
44919,67,61,6,6
44920,176,158,18,18
44921,71,75,-4,4
44922,89,79,10,10
44923,75,65,10,10
44924,142,123,19,19
44925,96,87,9,9
44926,70,69,1,1
44927,134,121,13,13
44928,123,110,13,13
44929,71,70,1,1
44930,45,50,-5,5
44931,102,90,12,12
44932,130,122,8,8
44933,134,124,10,10
44934,71,72,-1,1
44935,111,113,-2,2
44936,134,108,26,26
44937,131,106,25,25
44938,136,149,-13,13
44939,116,102,14,14
44940,156,136,20,20
44941,139,114,25,25
44942,102,93,9,9
44943,69,66,3,3
44944,81,67,14,14
44945,109,103,6,6
44946,94,85,9,9
44947,77,65,12,12
44948,173,164,9,9
44949,70,65,5,5
44950,77,72,5,5
44951,95,83,12,12
44952,96,83,13,13
44953,90,84,6,6
44954,47,62,-15,15
44955,116,112,4,4
44956,84,65,19,19
44957,62,63,-1,1
44958,128,130,-2,2
44959,83,75,8,8
44960,90,88,2,2
44961,86,81,5,5
44962,113,103,10,10
44963,153,127,26,26
44964,90,79,11,11
44965,96,89,7,7
44966,76,74,2,2
44967,73,65,8,8
44968,98,87,11,11
44969,23,36,-13,13
44970,57,56,1,1
44971,65,66,-1,1
44972,107,97,10,10
44973,140,129,11,11
44974,112,92,20,20
44975,149,146,3,3
44976,100,75,25,25
44977,100,87,13,13
44978,64,52,12,12
44979,89,78,11,11
44980,154,133,21,21
44981,53,51,2,2
44982,45,38,7,7
44983,61,56,5,5
44984,108,98,10,10
44985,88,72,16,16
44986,109,104,5,5
44987,143,111,32,32
44988,91,93,-2,2
44989,102,92,10,10
44990,61,59,2,2
44991,85,78,7,7
44992,121,92,29,29
44993,65,56,9,9
44994,56,45,11,11
44995,103,90,13,13
44996,111,89,22,22
44997,102,87,15,15
44998,99,78,21,21
44999,97,108,-11,11
45000,79,68,11,11
45001,139,122,17,17
45002,107,85,22,22
45003,166,158,8,8
45004,51,48,3,3
45005,75,58,17,17
45006,113,97,16,16
45007,69,73,-4,4
45008,129,115,14,14
45009,197,179,18,18
45010,104,94,10,10
45011,99,95,4,4
45012,86,69,17,17
45013,95,77,18,18
45014,138,116,22,22
45015,78,70,8,8
45016,47,75,-28,28
45017,56,50,6,6
45018,62,58,4,4
45019,64,60,4,4
45020,105,75,30,30
45021,104,88,16,16
45022,140,122,18,18
45023,84,79,5,5
45024,126,122,4,4
45025,82,73,9,9
45026,75,66,9,9
45027,92,86,6,6
45028,77,71,6,6
45029,100,88,12,12
45030,140,133,7,7
45031,67,51,16,16
45032,117,113,4,4
45033,54,52,2,2
45034,81,74,7,7
45035,130,121,9,9
45036,100,86,14,14
45037,86,74,12,12
45038,57,56,1,1
45039,115,98,17,17
45040,147,135,12,12
45041,86,75,11,11
45042,39,36,3,3
45043,79,70,9,9
45044,89,85,4,4
45045,70,60,10,10
45046,73,70,3,3
45047,113,93,20,20
45048,99,94,5,5
45049,78,69,9,9
45050,132,121,11,11
45051,79,79,0,0
45052,143,127,16,16
45053,57,54,3,3
45054,49,42,7,7
45055,85,81,4,4
45056,49,69,-20,20
45057,96,78,18,18
45058,87,78,9,9
45059,151,108,43,43
45060,147,128,19,19
45061,94,87,7,7
45062,91,80,11,11
45063,56,47,9,9
45064,123,122,1,1
45065,188,155,33,33
45066,55,41,14,14
45067,117,96,21,21
45068,106,95,11,11
45069,109,109,0,0
45070,61,49,12,12
45071,46,50,-4,4
45072,62,50,12,12
45073,102,89,13,13
45074,62,53,9,9
45075,85,76,9,9
45076,89,80,9,9
45077,96,86,10,10
45078,132,118,14,14
45079,94,84,10,10
45080,118,97,21,21
45081,73,64,9,9
45082,69,62,7,7
45083,57,54,3,3
45084,86,77,9,9
45085,130,108,22,22
45086,144,126,18,18
45087,67,59,8,8
45088,64,89,-25,25
45089,85,72,13,13
45090,104,101,3,3
45091,109,92,17,17
45092,110,98,12,12
45093,129,108,21,21
45094,97,83,14,14
45095,85,76,9,9
45096,104,89,15,15
45097,77,74,3,3
45098,81,77,4,4
45099,97,82,15,15
45100,130,129,1,1
45101,67,60,7,7
45102,55,50,5,5
45103,92,73,19,19
45104,83,77,6,6
45105,135,130,5,5
45106,69,55,14,14
45107,109,98,11,11
45108,98,82,16,16
45109,95,79,16,16
45110,121,114,7,7
45111,80,65,15,15
45112,79,71,8,8
45113,123,115,8,8
45114,117,102,15,15
45115,59,57,2,2
45116,89,83,6,6
45117,82,74,8,8
45118,117,96,21,21
45119,69,67,2,2
45120,123,102,21,21
45121,57,60,-3,3
45122,87,69,18,18
45123,105,98,7,7
45124,108,97,11,11
45125,76,66,10,10
45126,74,91,-17,17
45127,84,67,17,17
45128,96,89,7,7
45129,78,69,9,9
45130,76,72,4,4
45131,88,86,2,2
45132,89,81,8,8
45133,90,84,6,6
45134,60,53,7,7
45135,53,49,4,4
45136,67,61,6,6
45137,89,81,8,8
45138,149,119,30,30
45139,95,87,8,8
45140,109,106,3,3
45141,169,163,6,6
45142,78,65,13,13
45143,122,110,12,12
45144,48,59,-11,11
45145,108,109,-1,1
45146,90,80,10,10
45147,147,120,27,27
45148,69,61,8,8
45149,112,92,20,20
45150,158,137,21,21
45151,123,122,1,1
45152,42,40,2,2
45153,135,113,22,22
45154,148,129,19,19
45155,109,97,12,12
45156,73,61,12,12
45157,88,79,9,9
45158,90,74,16,16
45159,55,51,4,4
45160,83,79,4,4
45161,54,41,13,13
45162,85,82,3,3
45163,75,64,11,11
45164,121,112,9,9
45165,65,54,11,11
45166,77,65,12,12
45167,102,86,16,16
45168,104,99,5,5
45169,67,54,13,13
45170,134,111,23,23
45171,107,89,18,18
45172,87,81,6,6
45173,168,149,19,19
45174,145,133,12,12
45175,127,120,7,7
45176,168,145,23,23
45177,113,94,19,19
45178,64,63,1,1
45179,64,57,7,7
45180,83,78,5,5
45181,83,77,6,6
45182,125,106,19,19
45183,61,52,9,9
45184,40,36,4,4
45185,57,47,10,10
45186,153,132,21,21
45187,101,94,7,7
45188,83,77,6,6
45189,89,89,0,0
45190,111,100,11,11
45191,77,69,8,8
45192,127,110,17,17
45193,128,112,16,16
45194,146,122,24,24
45195,49,49,0,0
45196,49,53,-4,4
45197,57,59,-2,2
45198,89,79,10,10
45199,88,94,-6,6
45200,153,146,7,7
45201,71,66,5,5
45202,135,126,9,9
45203,109,89,20,20
45204,73,63,10,10
45205,185,170,15,15
45206,69,59,10,10
45207,109,101,8,8
45208,74,70,4,4
45209,181,135,46,46
45210,96,89,7,7
45211,93,98,-5,5
45212,60,49,11,11
45213,104,95,9,9
45214,67,52,15,15
45215,89,87,2,2
45216,128,107,21,21
45217,100,87,13,13
45218,96,84,12,12
45219,90,73,17,17
45220,68,58,10,10
45221,126,106,20,20
45222,54,56,-2,2
45223,106,99,7,7
45224,63,54,9,9
45225,113,86,27,27
45226,45,50,-5,5
45227,98,84,14,14
45228,156,131,25,25
45229,52,51,1,1
45230,134,112,22,22
45231,74,67,7,7
45232,102,92,10,10
45233,100,85,15,15
45234,62,58,4,4
45235,82,68,14,14
45236,105,83,22,22
45237,69,66,3,3
45238,124,121,3,3
45239,118,100,18,18
45240,82,73,9,9
45241,63,61,2,2
45242,70,60,10,10
45243,68,61,7,7
45244,121,99,22,22
45245,73,68,5,5
45246,51,46,5,5
45247,81,67,14,14
45248,146,123,23,23
45249,88,76,12,12
45250,101,89,12,12
45251,126,120,6,6
45252,119,111,8,8
45253,113,108,5,5
45254,172,138,34,34
45255,81,68,13,13
45256,90,82,8,8
45257,110,93,17,17
45258,134,128,6,6
45259,37,43,-6,6
45260,62,57,5,5
45261,65,56,9,9
45262,52,45,7,7
45263,76,76,0,0
45264,116,105,11,11
45265,98,116,-18,18
45266,61,57,4,4
45267,84,79,5,5
45268,153,131,22,22
45269,72,58,14,14
45270,77,68,9,9
45271,86,78,8,8
45272,99,98,1,1
45273,124,107,17,17
45274,66,71,-5,5
45275,76,65,11,11
45276,67,46,21,21
45277,133,107,26,26
45278,91,79,12,12
45279,71,73,-2,2
45280,207,185,22,22
45281,65,58,7,7
45282,97,92,5,5
45283,131,123,8,8
45284,120,102,18,18
45285,59,55,4,4
45286,124,108,16,16
45287,74,64,10,10
45288,101,89,12,12
45289,85,74,11,11
45290,85,74,11,11
45291,137,117,20,20
45292,76,64,12,12
45293,136,129,7,7
45294,139,123,16,16
45295,49,48,1,1
45296,136,123,13,13
45297,75,56,19,19
45298,109,99,10,10
45299,53,48,5,5
45300,110,99,11,11
45301,59,58,1,1
45302,119,105,14,14
45303,86,74,12,12
45304,139,118,21,21
45305,132,106,26,26
45306,191,169,22,22
45307,87,70,17,17
45308,90,80,10,10
45309,122,112,10,10
45310,73,60,13,13
45311,122,97,25,25
45312,93,86,7,7
45313,46,49,-3,3
45314,84,79,5,5
45315,103,85,18,18
45316,39,32,7,7
45317,96,94,2,2
45318,72,61,11,11
45319,146,123,23,23
45320,80,82,-2,2
45321,68,63,5,5
45322,49,46,3,3
45323,110,95,15,15
45324,117,106,11,11
45325,121,97,24,24
45326,55,56,-1,1
45327,149,147,2,2
45328,78,67,11,11
45329,60,61,-1,1
45330,161,147,14,14
45331,95,90,5,5
45332,75,57,18,18
45333,92,86,6,6
45334,112,114,-2,2
45335,67,65,2,2
45336,91,80,11,11
45337,109,88,21,21
45338,177,154,23,23
45339,105,101,4,4
45340,82,69,13,13
45341,89,71,18,18
45342,109,93,16,16
45343,67,73,-6,6
45344,117,105,12,12
45345,96,86,10,10
45346,49,49,0,0
45347,110,93,17,17
45348,57,48,9,9
45349,118,85,33,33
45350,120,102,18,18
45351,77,72,5,5
45352,107,86,21,21
45353,60,58,2,2
45354,70,56,14,14
45355,115,101,14,14
45356,70,66,4,4
45357,70,54,16,16
45358,96,94,2,2
45359,72,72,0,0
45360,72,61,11,11
45361,67,65,2,2
45362,170,142,28,28
45363,57,49,8,8
45364,67,57,10,10
45365,85,80,5,5
45366,95,99,-4,4
45367,119,130,-11,11
45368,84,68,16,16
45369,65,77,-12,12
45370,225,208,17,17
45371,97,85,12,12
45372,81,74,7,7
45373,104,93,11,11
45374,23,17,6,6
45375,75,67,8,8
45376,115,103,12,12
45377,111,90,21,21
45378,60,48,12,12
45379,72,66,6,6
45380,100,94,6,6
45381,85,70,15,15
45382,60,56,4,4
45383,55,55,0,0
45384,120,116,4,4
45385,121,117,4,4
45386,79,65,14,14
45387,89,80,9,9
45388,127,105,22,22
45389,86,76,10,10
45390,58,47,11,11
45391,99,81,18,18
45392,126,121,5,5
45393,53,48,5,5
45394,55,52,3,3
45395,107,100,7,7
45396,67,58,9,9
45397,83,82,1,1
45398,81,75,6,6
45399,92,82,10,10
45400,109,93,16,16
45401,148,139,9,9
45402,115,109,6,6
45403,124,106,18,18
45404,103,95,8,8
45405,122,116,6,6
45406,104,95,9,9
45407,58,42,16,16
45408,68,61,7,7
45409,83,82,1,1
45410,51,60,-9,9
45411,84,76,8,8
45412,129,123,6,6
45413,64,62,2,2
45414,150,127,23,23
45415,48,44,4,4
45416,67,52,15,15
45417,72,62,10,10
45418,101,85,16,16
45419,68,56,12,12
45420,135,113,22,22
45421,98,90,8,8
45422,73,67,6,6
45423,93,91,2,2
45424,161,148,13,13
45425,58,53,5,5
45426,125,117,8,8
45427,91,83,8,8
45428,82,72,10,10
45429,82,78,4,4
45430,89,95,-6,6
45431,45,36,9,9
45432,56,73,-17,17
45433,152,162,-10,10
45434,110,91,19,19
45435,81,69,12,12
45436,43,46,-3,3
45437,154,144,10,10
45438,82,67,15,15
45439,104,100,4,4
45440,78,76,2,2
45441,130,107,23,23
45442,66,66,0,0
45443,86,79,7,7
45444,98,92,6,6
45445,106,100,6,6
45446,78,73,5,5
45447,89,73,16,16
45448,84,79,5,5
45449,111,90,21,21
45450,73,65,8,8
45451,115,124,-9,9
45452,174,149,25,25
45453,87,68,19,19
45454,102,91,11,11
45455,77,61,16,16
45456,37,27,10,10
45457,131,116,15,15
45458,104,94,10,10
45459,109,131,-22,22
45460,89,75,14,14
45461,108,94,14,14
45462,158,138,20,20
45463,69,61,8,8
45464,89,72,17,17
45465,42,35,7,7
45466,97,75,22,22
45467,70,67,3,3
45468,116,102,14,14
45469,138,135,3,3
45470,110,99,11,11
45471,105,88,17,17
45472,51,53,-2,2
45473,94,91,3,3
45474,75,65,10,10
45475,129,121,8,8
45476,88,75,13,13
45477,100,81,19,19
45478,79,71,8,8
45479,176,157,19,19
45480,86,71,15,15
45481,88,88,0,0
45482,105,105,0,0
45483,140,119,21,21
45484,72,62,10,10
45485,111,84,27,27
45486,105,88,17,17
45487,191,164,27,27
45488,120,108,12,12
45489,99,94,5,5
45490,45,47,-2,2
45491,94,83,11,11
45492,80,81,-1,1
45493,85,77,8,8
45494,74,62,12,12
45495,78,70,8,8
45496,131,110,21,21
45497,95,85,10,10
45498,59,55,4,4
45499,72,55,17,17
45500,108,100,8,8
45501,71,67,4,4
45502,74,63,11,11
45503,134,124,10,10
45504,101,91,10,10
45505,68,57,11,11
45506,127,116,11,11
45507,195,159,36,36
45508,73,67,6,6
45509,77,71,6,6
45510,79,66,13,13
45511,59,46,13,13
45512,115,92,23,23
45513,79,69,10,10
45514,91,81,10,10
45515,82,71,11,11
45516,72,63,9,9
45517,63,65,-2,2
45518,89,82,7,7
45519,69,66,3,3
45520,62,82,-20,20
45521,45,45,0,0
45522,87,83,4,4
45523,75,73,2,2
45524,105,92,13,13
45525,93,93,0,0
45526,104,96,8,8
45527,86,80,6,6
45528,159,142,17,17
45529,93,76,17,17
45530,112,101,11,11
45531,120,106,14,14
45532,62,52,10,10
45533,108,97,11,11
45534,124,115,9,9
45535,167,138,29,29
45536,163,144,19,19
45537,113,99,14,14
45538,98,79,19,19
45539,64,66,-2,2
45540,120,103,17,17
45541,52,45,7,7
45542,42,38,4,4
45543,131,134,-3,3
45544,95,72,23,23
45545,85,75,10,10
45546,71,60,11,11
45547,116,100,16,16
45548,91,70,21,21
45549,94,82,12,12
45550,52,52,0,0
45551,84,91,-7,7
45552,61,51,10,10
45553,101,95,6,6
45554,97,88,9,9
45555,96,92,4,4
45556,141,135,6,6
45557,124,104,20,20
45558,72,66,6,6
45559,79,122,-43,43
45560,155,143,12,12
45561,112,109,3,3
45562,63,55,8,8
45563,73,69,4,4
45564,67,66,1,1
45565,61,54,7,7
45566,114,97,17,17
45567,33,27,6,6
45568,64,58,6,6
45569,79,67,12,12
45570,149,149,0,0
45571,97,84,13,13
45572,84,73,11,11
45573,134,128,6,6
45574,85,84,1,1
45575,123,100,23,23
45576,97,81,16,16
45577,69,62,7,7
45578,116,96,20,20
45579,92,74,18,18
45580,125,116,9,9
45581,103,85,18,18
45582,99,80,19,19
45583,154,151,3,3
45584,102,89,13,13
45585,53,49,4,4
45586,104,97,7,7
45587,218,170,48,48
45588,57,52,5,5
45589,154,147,7,7
45590,141,134,7,7
45591,113,114,-1,1
45592,69,64,5,5
45593,87,90,-3,3
45594,126,115,11,11
45595,99,98,1,1
45596,85,80,5,5
45597,78,77,1,1
45598,85,65,20,20
45599,77,67,10,10
45600,97,85,12,12
45601,67,68,-1,1
45602,114,99,15,15
45603,130,123,7,7
45604,127,107,20,20
45605,66,54,12,12
45606,74,70,4,4
45607,117,104,13,13
45608,57,48,9,9
45609,169,149,20,20
45610,79,71,8,8
45611,122,124,-2,2
45612,117,108,9,9
45613,82,75,7,7
45614,119,104,15,15
45615,105,94,11,11
45616,121,102,19,19
45617,107,96,11,11
45618,63,55,8,8
45619,76,72,4,4
45620,141,107,34,34
45621,76,67,9,9
45622,189,134,55,55
45623,78,67,11,11
45624,105,111,-6,6
45625,69,63,6,6
45626,95,94,1,1
45627,55,53,2,2
45628,85,69,16,16
45629,62,59,3,3
45630,72,64,8,8
45631,91,84,7,7
45632,78,78,0,0
45633,69,57,12,12
45634,58,50,8,8
45635,104,88,16,16
45636,90,84,6,6
45637,45,52,-7,7
45638,109,82,27,27
45639,174,165,9,9
45640,102,106,-4,4
45641,72,72,0,0
45642,93,85,8,8
45643,88,105,-17,17
45644,147,123,24,24
45645,116,101,15,15
45646,71,83,-12,12
45647,59,54,5,5
45648,110,98,12,12
45649,112,98,14,14
45650,67,44,23,23
45651,63,59,4,4
45652,99,77,22,22
45653,71,64,7,7
45654,61,59,2,2
45655,145,165,-20,20
45656,59,55,4,4
45657,91,87,4,4
45658,97,88,9,9
45659,67,64,3,3
45660,75,63,12,12
45661,107,81,26,26
45662,47,53,-6,6
45663,111,102,9,9
45664,122,100,22,22
45665,145,127,18,18
45666,133,107,26,26
45667,90,77,13,13
45668,153,140,13,13
45669,83,66,17,17
45670,44,47,-3,3
45671,64,56,8,8
45672,74,68,6,6
45673,98,89,9,9
45674,117,60,57,57
45675,83,79,4,4
45676,52,51,1,1
45677,74,63,11,11
45678,128,109,19,19
45679,75,68,7,7
45680,71,61,10,10
45681,72,62,10,10
45682,80,72,8,8
45683,98,85,13,13
45684,138,124,14,14
45685,161,139,22,22
45686,152,139,13,13
45687,117,104,13,13
45688,96,92,4,4
45689,76,69,7,7
45690,150,141,9,9
45691,71,69,2,2
45692,127,121,6,6
45693,93,86,7,7
45694,116,105,11,11
45695,128,110,18,18
45696,47,41,6,6
45697,53,48,5,5
45698,173,154,19,19
45699,84,88,-4,4
45700,74,62,12,12
45701,40,39,1,1
45702,125,94,31,31
45703,100,98,2,2
45704,62,55,7,7
45705,120,98,22,22
45706,163,129,34,34
45707,111,99,12,12
45708,62,63,-1,1
45709,104,99,5,5
45710,96,83,13,13
45711,71,62,9,9
45712,94,88,6,6
45713,109,100,9,9
45714,46,48,-2,2
45715,94,80,14,14
45716,52,44,8,8
45717,88,79,9,9
45718,68,68,0,0
45719,193,186,7,7
45720,137,119,18,18
45721,109,96,13,13
45722,97,91,6,6
45723,114,95,19,19
45724,90,79,11,11
45725,57,55,2,2
45726,119,100,19,19
45727,157,136,21,21
45728,86,71,15,15
45729,108,97,11,11
45730,82,76,6,6
45731,111,92,19,19
45732,110,99,11,11
45733,108,76,32,32
45734,92,76,16,16
45735,38,30,8,8
45736,92,83,9,9
45737,92,80,12,12
45738,68,55,13,13
45739,74,73,1,1
45740,83,76,7,7
45741,106,79,27,27
45742,86,75,11,11
45743,78,62,16,16
45744,155,150,5,5
45745,116,104,12,12
45746,129,93,36,36
45747,99,86,13,13
45748,114,98,16,16
45749,103,84,19,19
45750,82,65,17,17
45751,50,42,8,8
45752,86,71,15,15
45753,82,73,9,9
45754,82,84,-2,2
45755,50,48,2,2
45756,88,67,21,21
45757,86,74,12,12
45758,103,90,13,13
45759,60,52,8,8
45760,68,59,9,9
45761,86,59,27,27
45762,85,73,12,12
45763,80,68,12,12
45764,58,57,1,1
45765,63,68,-5,5
45766,117,105,12,12
45767,97,96,1,1
45768,59,52,7,7
45769,66,61,5,5
45770,121,111,10,10
45771,77,65,12,12
45772,47,40,7,7
45773,61,61,0,0
45774,128,111,17,17
45775,225,190,35,35
45776,145,123,22,22
45777,125,119,6,6
45778,40,41,-1,1
45779,94,77,17,17
45780,103,91,12,12
45781,137,122,15,15
45782,151,132,19,19
45783,98,89,9,9
45784,115,102,13,13
45785,77,64,13,13
45786,75,87,-12,12
45787,75,67,8,8
45788,117,102,15,15
45789,133,122,11,11
45790,89,89,0,0
45791,92,82,10,10
45792,66,59,7,7
45793,26,26,0,0
45794,135,116,19,19
45795,82,80,2,2
45796,44,43,1,1
45797,79,43,36,36
45798,135,130,5,5
45799,122,119,3,3
45800,177,160,17,17
45801,93,77,16,16
45802,54,44,10,10
45803,104,106,-2,2
45804,69,57,12,12
45805,64,61,3,3
45806,113,109,4,4
45807,69,58,11,11
45808,127,122,5,5
45809,115,103,12,12
45810,75,65,10,10
45811,81,69,12,12
45812,35,35,0,0
45813,120,111,9,9
45814,86,77,9,9
45815,111,94,17,17
45816,149,122,27,27
45817,86,73,13,13
45818,122,110,12,12
45819,80,76,4,4
45820,91,75,16,16
45821,106,93,13,13
45822,30,40,-10,10
45823,84,75,9,9
45824,159,116,43,43
45825,76,73,3,3
45826,73,64,9,9
45827,78,72,6,6
45828,271,235,36,36
45829,138,135,3,3
45830,72,69,3,3
45831,77,55,22,22
45832,94,85,9,9
45833,101,91,10,10
45834,72,62,10,10
45835,101,99,2,2
45836,120,111,9,9
45837,159,145,14,14
45838,78,72,6,6
45839,78,71,7,7
45840,106,91,15,15
45841,87,88,-1,1
45842,62,55,7,7
45843,106,99,7,7
45844,127,128,-1,1
45845,101,89,12,12
45846,56,51,5,5
45847,41,46,-5,5
45848,83,73,10,10
45849,128,120,8,8
45850,86,72,14,14
45851,82,77,5,5
45852,104,90,14,14
45853,116,123,-7,7
45854,115,104,11,11
45855,81,61,20,20
45856,82,90,-8,8
45857,88,72,16,16
45858,115,104,11,11
45859,170,154,16,16
45860,110,102,8,8
45861,228,184,44,44
45862,161,133,28,28
45863,72,67,5,5
45864,171,142,29,29
45865,117,96,21,21
45866,116,102,14,14
45867,60,46,14,14
45868,113,108,5,5
45869,121,104,17,17
45870,41,48,-7,7
45871,98,81,17,17
45872,83,71,12,12
45873,56,51,5,5
45874,107,89,18,18
45875,90,74,16,16
45876,91,84,7,7
45877,68,63,5,5
45878,131,107,24,24
45879,95,78,17,17
45880,93,80,13,13
45881,99,87,12,12
45882,195,154,41,41
45883,124,105,19,19
45884,124,107,17,17
45885,44,46,-2,2
45886,63,56,7,7
45887,175,146,29,29
45888,127,104,23,23
45889,113,104,9,9
45890,118,89,29,29
45891,99,99,0,0
45892,89,78,11,11
45893,64,55,9,9
45894,73,67,6,6
45895,104,87,17,17
45896,50,51,-1,1
45897,94,76,18,18
45898,115,107,8,8
45899,91,85,6,6
45900,80,65,15,15
45901,81,75,6,6
45902,80,74,6,6
45903,100,85,15,15
45904,123,113,10,10
45905,89,75,14,14
45906,71,64,7,7
45907,162,133,29,29
45908,152,125,27,27
45909,69,58,11,11
45910,81,80,1,1
45911,71,68,3,3
45912,90,76,14,14
45913,104,90,14,14
45914,106,87,19,19
45915,66,58,8,8
45916,66,56,10,10
45917,79,81,-2,2
45918,45,39,6,6
45919,89,76,13,13
45920,105,81,24,24
45921,59,46,13,13
45922,103,86,17,17
45923,116,105,11,11
45924,93,82,11,11
45925,116,119,-3,3
45926,133,114,19,19
45927,86,73,13,13
45928,86,69,17,17
45929,65,58,7,7
45930,139,113,26,26
45931,117,112,5,5
45932,67,56,11,11
45933,119,91,28,28
45934,81,90,-9,9
45935,127,115,12,12
45936,142,121,21,21
45937,87,77,10,10
45938,70,61,9,9
45939,79,72,7,7
45940,119,104,15,15
45941,73,60,13,13
45942,72,57,15,15
45943,87,82,5,5
45944,108,94,14,14
45945,120,105,15,15
45946,82,70,12,12
45947,97,90,7,7
45948,73,71,2,2
45949,69,62,7,7
45950,96,87,9,9
45951,44,36,8,8
45952,104,89,15,15
45953,68,67,1,1
45954,108,76,32,32
45955,81,75,6,6
45956,124,107,17,17
45957,91,72,19,19
45958,116,119,-3,3
45959,41,33,8,8
45960,93,83,10,10
45961,100,93,7,7
45962,70,74,-4,4
45963,82,74,8,8
45964,124,103,21,21
45965,168,143,25,25
45966,81,71,10,10
45967,124,117,7,7
45968,74,63,11,11
45969,191,164,27,27
45970,99,95,4,4
45971,72,64,8,8
45972,92,89,3,3
45973,122,110,12,12
45974,104,88,16,16
45975,93,78,15,15
45976,50,45,5,5
45977,79,76,3,3
45978,86,78,8,8
45979,147,146,1,1
45980,129,130,-1,1
45981,135,136,-1,1
45982,124,97,27,27
45983,91,82,9,9
45984,80,78,2,2
45985,150,146,4,4
45986,113,101,12,12
45987,74,57,17,17
45988,165,143,22,22
45989,105,82,23,23
45990,49,44,5,5
45991,96,93,3,3
45992,115,100,15,15
45993,132,117,15,15
45994,111,92,19,19
45995,44,4,40,40
45996,98,82,16,16
45997,52,41,11,11
45998,78,76,2,2
45999,71,62,9,9
46000,30,29,1,1
46001,116,106,10,10
46002,128,137,-9,9
46003,75,73,2,2
46004,47,44,3,3
46005,89,83,6,6
46006,88,72,16,16
46007,102,91,11,11
46008,48,44,4,4
46009,59,52,7,7
46010,131,113,18,18
46011,71,63,8,8
46012,81,74,7,7
46013,110,98,12,12
46014,154,138,16,16
46015,120,107,13,13
46016,155,129,26,26
46017,109,95,14,14
46018,71,70,1,1
46019,81,69,12,12
46020,58,54,4,4
46021,69,75,-6,6
46022,134,116,18,18
46023,99,89,10,10
46024,71,65,6,6
46025,99,88,11,11
46026,76,69,7,7
46027,98,74,24,24
46028,68,61,7,7
46029,105,83,22,22
46030,109,92,17,17
46031,143,122,21,21
46032,112,96,16,16
46033,82,90,-8,8
46034,59,51,8,8
46035,170,147,23,23
46036,84,82,2,2
46037,84,85,-1,1
46038,97,88,9,9
46039,241,201,40,40
46040,216,180,36,36
46041,121,111,10,10
46042,72,56,16,16
46043,61,55,6,6
46044,76,63,13,13
46045,140,131,9,9
46046,101,88,13,13
46047,92,75,17,17
46048,65,54,11,11
46049,62,60,2,2
46050,62,59,3,3
46051,172,138,34,34
46052,82,70,12,12
46053,118,105,13,13
46054,99,84,15,15
46055,121,106,15,15
46056,108,95,13,13
46057,96,72,24,24
46058,145,117,28,28
46059,111,124,-13,13
46060,46,45,1,1
46061,74,59,15,15
46062,96,82,14,14
46063,60,51,9,9
46064,110,123,-13,13
46065,78,74,4,4
46066,114,92,22,22
46067,154,156,-2,2
46068,165,138,27,27
46069,42,34,8,8
46070,91,79,12,12
46071,100,90,10,10
46072,110,81,29,29
46073,67,63,4,4
46074,68,70,-2,2
46075,137,103,34,34
46076,87,80,7,7
46077,93,77,16,16
46078,86,79,7,7
46079,200,185,15,15
46080,119,102,17,17
46081,176,152,24,24
46082,75,64,11,11
46083,125,110,15,15
46084,74,73,1,1
46085,102,86,16,16
46086,53,46,7,7
46087,107,93,14,14
46088,95,81,14,14
46089,120,112,8,8
46090,88,79,9,9
46091,66,65,1,1
46092,94,76,18,18
46093,137,127,10,10
46094,67,69,-2,2
46095,83,73,10,10
46096,56,49,7,7
46097,139,115,24,24
46098,100,84,16,16
46099,78,79,-1,1
46100,103,89,14,14
46101,59,59,0,0
46102,47,49,-2,2
46103,65,53,12,12
46104,112,93,19,19
46105,132,104,28,28
46106,82,78,4,4
46107,118,105,13,13
46108,109,87,22,22
46109,91,80,11,11
46110,67,61,6,6
46111,83,77,6,6
46112,79,71,8,8
46113,26,25,1,1
46114,44,49,-5,5
46115,71,70,1,1
46116,86,74,12,12
46117,77,67,10,10
46118,53,40,13,13
46119,98,82,16,16
46120,144,120,24,24
46121,89,71,18,18
46122,67,61,6,6
46123,147,122,25,25
46124,127,119,8,8
46125,85,74,11,11
46126,66,58,8,8
46127,89,71,18,18
46128,89,80,9,9
46129,75,68,7,7
46130,72,60,12,12
46131,101,94,7,7
46132,126,85,41,41
46133,62,55,7,7
46134,83,71,12,12
46135,151,130,21,21
46136,102,88,14,14
46137,215,188,27,27
46138,149,128,21,21
46139,133,118,15,15
46140,90,74,16,16
46141,100,75,25,25
46142,57,46,11,11
46143,61,47,14,14
46144,41,33,8,8
46145,137,113,24,24
46146,164,141,23,23
46147,242,216,26,26
46148,99,89,10,10
46149,51,45,6,6
46150,68,58,10,10
46151,78,65,13,13
46152,120,106,14,14
46153,87,76,11,11
46154,105,86,19,19
46155,112,96,16,16
46156,87,81,6,6
46157,88,80,8,8
46158,71,60,11,11
46159,125,110,15,15
46160,73,68,5,5
46161,108,97,11,11
46162,76,70,6,6
46163,45,39,6,6
46164,100,89,11,11
46165,76,71,5,5
46166,158,140,18,18
46167,92,83,9,9
46168,77,71,6,6
46169,44,39,5,5
46170,115,111,4,4
46171,85,81,4,4
46172,109,98,11,11
46173,89,84,5,5
46174,39,37,2,2
46175,66,62,4,4
46176,62,62,0,0
46177,89,82,7,7
46178,130,116,14,14
46179,92,84,8,8
46180,138,109,29,29
46181,118,95,23,23
46182,219,226,-7,7
46183,104,95,9,9
46184,94,88,6,6
46185,100,78,22,22
46186,54,43,11,11
46187,153,120,33,33
46188,84,74,10,10
46189,91,85,6,6
46190,46,41,5,5
46191,53,55,-2,2
46192,77,65,12,12
46193,80,64,16,16
46194,138,118,20,20
46195,80,68,12,12
46196,138,108,30,30
46197,141,119,22,22
46198,91,77,14,14
46199,176,146,30,30
46200,117,106,11,11
46201,69,67,2,2
46202,108,108,0,0
46203,101,85,16,16
46204,135,115,20,20
46205,115,103,12,12
46206,102,90,12,12
46207,56,54,2,2
46208,96,88,8,8
46209,69,59,10,10
46210,106,101,5,5
46211,151,145,6,6
46212,110,95,15,15
46213,112,98,14,14
46214,134,113,21,21
46215,65,58,7,7
46216,66,61,5,5
46217,97,88,9,9
46218,109,100,9,9
46219,141,122,19,19
46220,78,87,-9,9
46221,94,100,-6,6
46222,64,66,-2,2
46223,47,52,-5,5
46224,79,67,12,12
46225,104,99,5,5
46226,39,35,4,4
46227,62,62,0,0
46228,123,108,15,15
46229,144,117,27,27
46230,108,103,5,5
46231,183,146,37,37
46232,85,71,14,14
46233,49,46,3,3
46234,40,40,0,0
46235,27,36,-9,9
46236,107,93,14,14
46237,135,135,0,0
46238,129,102,27,27
46239,77,68,9,9
46240,61,61,0,0
46241,58,62,-4,4
46242,144,127,17,17
46243,53,47,6,6
46244,95,89,6,6
46245,82,66,16,16
46246,73,67,6,6
46247,174,164,10,10
46248,101,87,14,14
46249,100,116,-16,16
46250,81,66,15,15
46251,94,81,13,13
46252,76,70,6,6
46253,70,64,6,6
46254,100,94,6,6
46255,79,68,11,11
46256,83,72,11,11
46257,90,86,4,4
46258,136,115,21,21
46259,61,55,6,6
46260,106,98,8,8
46261,90,81,9,9
46262,32,32,0,0
46263,100,96,4,4
46264,74,62,12,12
46265,62,55,7,7
46266,101,86,15,15
46267,104,87,17,17
46268,94,77,17,17
46269,95,90,5,5
46270,134,120,14,14
46271,134,121,13,13
46272,77,66,11,11
46273,80,86,-6,6
46274,90,78,12,12
46275,128,110,18,18
46276,108,97,11,11
46277,64,62,2,2
46278,44,51,-7,7
46279,115,100,15,15
46280,49,50,-1,1
46281,64,66,-2,2
46282,64,55,9,9
46283,128,112,16,16
46284,69,65,4,4
46285,73,62,11,11
46286,38,36,2,2
46287,71,64,7,7
46288,94,86,8,8
46289,89,82,7,7
46290,63,58,5,5
46291,116,95,21,21
46292,83,78,5,5
46293,38,43,-5,5
46294,57,56,1,1
46295,84,74,10,10
46296,552,411,141,141
46297,75,66,9,9
46298,70,63,7,7
46299,90,93,-3,3
46300,181,185,-4,4
46301,109,93,16,16
46302,99,99,0,0
46303,99,86,13,13
46304,73,68,5,5
46305,71,67,4,4
46306,125,119,6,6
46307,142,130,12,12
46308,125,111,14,14
46309,99,89,10,10
46310,127,107,20,20
46311,134,107,27,27
46312,87,71,16,16
46313,99,96,3,3
46314,116,112,4,4
46315,57,51,6,6
46316,160,135,25,25
46317,104,87,17,17
46318,106,98,8,8
46319,82,77,5,5
46320,149,123,26,26
46321,122,114,8,8
46322,46,44,2,2
46323,44,51,-7,7
46324,47,50,-3,3
46325,46,58,-12,12
46326,103,98,5,5
46327,118,107,11,11
46328,62,57,5,5
46329,61,61,0,0
46330,90,82,8,8
46331,87,70,17,17
46332,163,129,34,34
46333,108,100,8,8
46334,68,63,5,5
46335,128,109,19,19
46336,132,141,-9,9
46337,48,50,-2,2
46338,66,56,10,10
46339,62,59,3,3
46340,77,77,0,0
46341,47,55,-8,8
46342,124,104,20,20
46343,95,91,4,4
46344,65,56,9,9
46345,70,67,3,3
46346,133,121,12,12
46347,98,90,8,8
46348,138,131,7,7
46349,93,86,7,7
46350,136,115,21,21
46351,119,106,13,13
46352,102,91,11,11
46353,106,112,-6,6
46354,75,70,5,5
46355,58,51,7,7
46356,130,105,25,25
46357,85,77,8,8
46358,102,105,-3,3
46359,66,58,8,8
46360,83,86,-3,3
46361,85,76,9,9
46362,122,106,16,16
46363,107,102,5,5
46364,68,67,1,1
46365,58,53,5,5
46366,87,74,13,13
46367,67,63,4,4
46368,74,69,5,5
46369,68,57,11,11
46370,104,86,18,18
46371,158,141,17,17
46372,131,113,18,18
46373,103,93,10,10
46374,109,99,10,10
46375,64,57,7,7
46376,123,104,19,19
46377,111,93,18,18
46378,38,39,-1,1
46379,59,43,16,16
46380,46,52,-6,6
46381,101,95,6,6
46382,149,127,22,22
46383,116,100,16,16
46384,62,70,-8,8
46385,78,70,8,8
46386,92,77,15,15
46387,109,92,17,17
46388,94,85,9,9
46389,107,102,5,5
46390,75,72,3,3
46391,64,59,5,5
46392,30,28,2,2
46393,127,119,8,8
46394,67,60,7,7
46395,109,100,9,9
46396,187,155,32,32
46397,90,85,5,5
46398,123,106,17,17
46399,72,58,14,14
46400,124,113,11,11
46401,110,99,11,11
46402,108,101,7,7
46403,65,68,-3,3
46404,116,107,9,9
46405,77,81,-4,4
46406,40,40,0,0
46407,108,97,11,11
46408,159,142,17,17
46409,60,54,6,6
46410,116,97,19,19
46411,124,132,-8,8
46412,94,90,4,4
46413,90,70,20,20
46414,30,30,0,0
46415,89,79,10,10
46416,89,76,13,13
46417,111,109,2,2
46418,84,75,9,9
46419,49,47,2,2
46420,75,57,18,18
46421,136,107,29,29
46422,41,43,-2,2
46423,72,64,8,8
46424,173,156,17,17
46425,70,66,4,4
46426,90,83,7,7
46427,153,143,10,10
46428,138,132,6,6
46429,147,136,11,11
46430,116,120,-4,4
46431,148,129,19,19
46432,117,104,13,13
46433,103,89,14,14
46434,123,107,16,16
46435,151,121,30,30
46436,126,113,13,13
46437,105,102,3,3
46438,111,105,6,6
46439,71,57,14,14
46440,99,103,-4,4
46441,59,58,1,1
46442,104,86,18,18
46443,60,50,10,10
46444,88,74,14,14
46445,63,53,10,10
46446,186,160,26,26
46447,97,80,17,17
46448,128,109,19,19
46449,162,137,25,25
46450,74,63,11,11
46451,92,76,16,16
46452,153,137,16,16
46453,97,87,10,10
46454,116,100,16,16
46455,161,123,38,38
46456,73,68,5,5
46457,107,100,7,7
46458,112,114,-2,2
46459,89,77,12,12
46460,92,80,12,12
46461,83,73,10,10
46462,108,108,0,0
46463,108,101,7,7
46464,49,41,8,8
46465,64,56,8,8
46466,109,107,2,2
46467,52,44,8,8
46468,139,128,11,11
46469,90,81,9,9
46470,90,80,10,10
46471,70,66,4,4
46472,97,91,6,6
46473,56,53,3,3
46474,64,66,-2,2
46475,67,55,12,12
46476,48,45,3,3
46477,69,59,10,10
46478,93,83,10,10
46479,144,131,13,13
46480,145,143,2,2
46481,142,128,14,14
46482,150,138,12,12
46483,58,49,9,9
46484,120,97,23,23
46485,102,89,13,13
46486,142,133,9,9
46487,100,93,7,7
46488,125,112,13,13
46489,84,79,5,5
46490,123,114,9,9
46491,145,140,5,5
46492,86,81,5,5
46493,73,65,8,8
46494,97,85,12,12
46495,57,50,7,7
46496,122,108,14,14
46497,71,55,16,16
46498,99,92,7,7
46499,83,65,18,18
46500,165,143,22,22
46501,193,154,39,39
46502,104,84,20,20
46503,110,112,-2,2
46504,65,50,15,15
46505,72,68,4,4
46506,76,68,8,8
46507,173,151,22,22
46508,76,80,-4,4
46509,95,84,11,11
46510,96,83,13,13
46511,82,70,12,12
46512,91,89,2,2
46513,88,77,11,11
46514,104,97,7,7
46515,114,108,6,6
46516,109,93,16,16
46517,74,67,7,7
46518,137,114,23,23
46519,93,83,10,10
46520,88,81,7,7
46521,55,56,-1,1
46522,72,66,6,6
46523,71,79,-8,8
46524,110,87,23,23
46525,114,105,9,9
46526,128,120,8,8
46527,65,60,5,5
46528,114,107,7,7
46529,97,84,13,13
46530,117,133,-16,16
46531,72,66,6,6
46532,92,78,14,14
46533,64,53,11,11
46534,125,119,6,6
46535,99,92,7,7
46536,56,53,3,3
46537,54,46,8,8
46538,122,108,14,14
46539,178,160,18,18
46540,179,155,24,24
46541,80,69,11,11
46542,109,94,15,15
46543,83,76,7,7
46544,103,84,19,19
46545,61,60,1,1
46546,125,107,18,18
46547,96,81,15,15
46548,96,104,-8,8
46549,97,86,11,11
46550,108,82,26,26
46551,89,81,8,8
46552,55,46,9,9
46553,87,119,-32,32
46554,49,46,3,3
46555,94,86,8,8
46556,93,105,-12,12
46557,75,66,9,9
46558,65,60,5,5
46559,52,46,6,6
46560,83,71,12,12
46561,123,94,29,29
46562,92,81,11,11
46563,74,70,4,4
46564,109,88,21,21
46565,52,53,-1,1
46566,76,60,16,16
46567,116,102,14,14
46568,83,65,18,18
46569,82,71,11,11
46570,144,124,20,20
46571,35,34,1,1
46572,155,136,19,19
46573,136,114,22,22
46574,123,107,16,16
46575,81,70,11,11
46576,66,61,5,5
46577,131,114,17,17
46578,133,104,29,29
46579,71,59,12,12
46580,82,75,7,7
46581,82,76,6,6
46582,42,34,8,8
46583,137,140,-3,3
46584,140,152,-12,12
46585,58,58,0,0
46586,117,95,22,22
46587,69,73,-4,4
46588,85,79,6,6
46589,52,36,16,16
46590,87,87,0,0
46591,135,131,4,4
46592,64,57,7,7
46593,129,100,29,29
46594,190,172,18,18
46595,68,68,0,0
46596,82,68,14,14
46597,75,70,5,5
46598,149,120,29,29
46599,84,74,10,10
46600,54,45,9,9
46601,98,87,11,11
46602,99,78,21,21
46603,125,115,10,10
46604,86,79,7,7
46605,95,83,12,12
46606,75,69,6,6
46607,80,66,14,14
46608,118,112,6,6
46609,91,77,14,14
46610,106,90,16,16
46611,85,86,-1,1
46612,153,136,17,17
46613,103,95,8,8
46614,159,145,14,14
46615,69,59,10,10
46616,166,122,44,44
46617,109,97,12,12
46618,133,116,17,17
46619,191,160,31,31
46620,113,87,26,26
46621,124,103,21,21
46622,139,122,17,17
46623,88,83,5,5
46624,43,39,4,4
46625,71,65,6,6
46626,116,101,15,15
46627,115,99,16,16
46628,118,108,10,10
46629,62,54,8,8
46630,106,99,7,7
46631,116,116,0,0
46632,137,120,17,17
46633,201,160,41,41
46634,53,49,4,4
46635,73,68,5,5
46636,46,44,2,2
46637,90,76,14,14
46638,126,116,10,10
46639,113,104,9,9
46640,80,65,15,15
46641,102,82,20,20
46642,161,133,28,28
46643,103,94,9,9
46644,119,118,1,1
46645,54,59,-5,5
46646,159,133,26,26
46647,87,70,17,17
46648,59,46,13,13
46649,59,58,1,1
46650,90,77,13,13
46651,59,58,1,1
46652,104,89,15,15
46653,131,119,12,12
46654,60,51,9,9
46655,68,58,10,10
46656,86,76,10,10
46657,88,73,15,15
46658,146,135,11,11
46659,62,54,8,8
46660,152,136,16,16
46661,104,95,9,9
46662,67,59,8,8
46663,102,96,6,6
46664,96,88,8,8
46665,99,98,1,1
46666,99,92,7,7
46667,76,68,8,8
46668,97,88,9,9
46669,83,79,4,4
46670,112,104,8,8
46671,63,57,6,6
46672,136,129,7,7
46673,74,65,9,9
46674,172,137,35,35
46675,136,107,29,29
46676,120,113,7,7
46677,116,107,9,9
46678,126,105,21,21
46679,114,95,19,19
46680,72,66,6,6
46681,104,94,10,10
46682,147,142,5,5
46683,103,92,11,11
46684,81,65,16,16
46685,80,73,7,7
46686,101,92,9,9
46687,125,99,26,26
46688,92,55,37,37
46689,84,71,13,13
46690,80,98,-18,18
46691,150,130,20,20
46692,61,57,4,4
46693,112,99,13,13
46694,112,96,16,16
46695,67,52,15,15
46696,137,123,14,14
46697,58,54,4,4
46698,105,94,11,11
46699,88,82,6,6
46700,76,66,10,10
46701,88,73,15,15
46702,108,102,6,6
46703,97,82,15,15
46704,141,127,14,14
46705,64,68,-4,4
46706,51,50,1,1
46707,101,83,18,18
46708,158,143,15,15
46709,97,87,10,10
46710,79,77,2,2
46711,69,61,8,8
46712,97,96,1,1
46713,90,83,7,7
46714,85,80,5,5
46715,90,76,14,14
46716,120,104,16,16
46717,61,55,6,6
46718,145,132,13,13
46719,77,71,6,6
46720,49,52,-3,3
46721,81,75,6,6
46722,70,65,5,5
46723,107,86,21,21
46724,87,77,10,10
46725,66,59,7,7
46726,108,98,10,10
46727,86,77,9,9
46728,68,62,6,6
46729,84,64,20,20
46730,72,64,8,8
46731,67,64,3,3
46732,73,64,9,9
46733,81,74,7,7
46734,65,49,16,16
46735,130,104,26,26
46736,47,40,7,7
46737,117,110,7,7
46738,141,112,29,29
46739,204,165,39,39
46740,85,75,10,10
46741,116,114,2,2
46742,118,100,18,18
46743,110,102,8,8
46744,100,87,13,13
46745,93,85,8,8
46746,53,45,8,8
46747,86,69,17,17
46748,70,62,8,8
46749,80,72,8,8
46750,146,137,9,9
46751,72,64,8,8
46752,154,137,17,17
46753,206,187,19,19
46754,72,69,3,3
46755,141,125,16,16
46756,83,94,-11,11
46757,141,135,6,6
46758,97,96,1,1
46759,137,119,18,18
46760,124,113,11,11
46761,84,77,7,7
46762,102,107,-5,5
46763,22,47,-25,25
46764,97,90,7,7
46765,59,53,6,6
46766,124,118,6,6
46767,198,179,19,19
46768,93,74,19,19
46769,96,83,13,13
46770,99,81,18,18
46771,191,143,48,48
46772,88,73,15,15
46773,88,76,12,12
46774,114,102,12,12
46775,85,82,3,3
46776,85,66,19,19
46777,63,59,4,4
46778,129,100,29,29
46779,142,123,19,19
46780,66,65,1,1
46781,64,54,10,10
46782,72,59,13,13
46783,143,132,11,11
46784,73,60,13,13
46785,92,82,10,10
46786,80,67,13,13
46787,123,106,17,17
46788,67,64,3,3
46789,87,92,-5,5
46790,81,62,19,19
46791,77,91,-14,14
46792,70,59,11,11
46793,120,109,11,11
46794,119,110,9,9
46795,116,112,4,4
46796,193,178,15,15
46797,90,81,9,9
46798,113,118,-5,5
46799,109,91,18,18
46800,85,75,10,10
46801,63,56,7,7
46802,56,51,5,5
46803,131,122,9,9
46804,108,96,12,12
46805,58,51,7,7
46806,57,57,0,0
46807,98,108,-10,10
46808,86,89,-3,3
46809,60,53,7,7
46810,54,55,-1,1
46811,160,135,25,25
46812,91,94,-3,3
46813,179,133,46,46
46814,68,77,-9,9
46815,143,133,10,10
46816,86,68,18,18
46817,115,107,8,8
46818,139,111,28,28
46819,95,86,9,9
46820,66,70,-4,4
46821,66,58,8,8
46822,143,131,12,12
46823,87,76,11,11
46824,85,83,2,2
46825,77,73,4,4
46826,77,64,13,13
46827,91,72,19,19
46828,80,72,8,8
46829,23,29,-6,6
46830,92,81,11,11
46831,109,93,16,16
46832,115,93,22,22
46833,93,84,9,9
46834,67,65,2,2
46835,150,134,16,16
46836,78,62,16,16
46837,159,148,11,11
46838,124,103,21,21
46839,93,96,-3,3
46840,133,125,8,8
46841,79,77,2,2
46842,62,55,7,7
46843,73,63,10,10
46844,66,57,9,9
46845,69,57,12,12
46846,146,146,0,0
46847,73,60,13,13
46848,91,91,0,0
46849,67,57,10,10
46850,80,84,-4,4
46851,96,81,15,15
46852,75,65,10,10
46853,72,75,-3,3
46854,87,74,13,13
46855,93,79,14,14
46856,115,99,16,16
46857,142,125,17,17
46858,168,123,45,45
46859,149,130,19,19
46860,91,81,10,10
46861,69,68,1,1
46862,112,100,12,12
46863,83,72,11,11
46864,63,48,15,15
46865,84,76,8,8
46866,113,95,18,18
46867,98,84,14,14
46868,174,158,16,16
46869,103,85,18,18
46870,32,68,-36,36
46871,126,118,8,8
46872,132,125,7,7
46873,49,42,7,7
46874,107,97,10,10
46875,121,123,-2,2
46876,132,102,30,30
46877,75,66,9,9
46878,71,65,6,6
46879,69,72,-3,3
46880,158,141,17,17
46881,73,63,10,10
46882,146,118,28,28
46883,49,49,0,0
46884,124,113,11,11
46885,71,59,12,12
46886,43,35,8,8
46887,94,93,1,1
46888,120,117,3,3
46889,107,95,12,12
46890,83,68,15,15
46891,111,96,15,15
46892,79,70,9,9
46893,93,86,7,7
46894,130,116,14,14
46895,119,102,17,17
46896,80,66,14,14
46897,80,65,15,15
46898,76,65,11,11
46899,101,93,8,8
46900,131,117,14,14
46901,91,88,3,3
46902,81,80,1,1
46903,102,93,9,9
46904,108,84,24,24
46905,79,70,9,9
46906,121,101,20,20
46907,135,126,9,9
46908,68,74,-6,6
46909,104,102,2,2
46910,44,39,5,5
46911,103,100,3,3
46912,136,129,7,7
46913,107,80,27,27
46914,78,83,-5,5
46915,75,68,7,7
46916,37,33,4,4
46917,24,24,0,0
46918,166,148,18,18
46919,134,115,19,19
46920,116,108,8,8
46921,85,77,8,8
46922,130,117,13,13
46923,150,127,23,23
46924,103,84,19,19
46925,92,81,11,11
46926,127,118,9,9
46927,72,68,4,4
46928,95,90,5,5
46929,56,48,8,8
46930,170,138,32,32
46931,106,84,22,22
46932,78,70,8,8
46933,135,129,6,6
46934,113,95,18,18
46935,191,169,22,22
46936,61,59,2,2
46937,95,73,22,22
46938,119,107,12,12
46939,114,92,22,22
46940,88,77,11,11
46941,71,62,9,9
46942,76,68,8,8
46943,50,50,0,0
46944,69,63,6,6
46945,51,68,-17,17
46946,74,73,1,1
46947,79,70,9,9
46948,74,72,2,2
46949,113,108,5,5
46950,99,98,1,1
46951,86,77,9,9
46952,91,79,12,12
46953,83,86,-3,3
46954,106,89,17,17
46955,66,57,9,9
46956,74,62,12,12
46957,78,66,12,12
46958,101,92,9,9
46959,78,75,3,3
46960,91,90,1,1
46961,94,91,3,3
46962,86,78,8,8
46963,64,57,7,7
46964,98,72,26,26
46965,100,98,2,2
46966,148,124,24,24
46967,96,95,1,1
46968,135,106,29,29
46969,123,121,2,2
46970,65,58,7,7
46971,86,71,15,15
46972,86,71,15,15
46973,93,83,10,10
46974,106,93,13,13
46975,122,107,15,15
46976,75,78,-3,3
46977,86,75,11,11
46978,51,47,4,4
46979,56,52,4,4
46980,125,119,6,6
46981,92,74,18,18
46982,108,107,1,1
46983,151,128,23,23
46984,83,77,6,6
46985,66,64,2,2
46986,138,111,27,27
46987,120,112,8,8
46988,79,65,14,14
46989,86,82,4,4
46990,163,152,11,11
46991,112,101,11,11
46992,98,80,18,18
46993,40,62,-22,22
46994,85,83,2,2
46995,73,70,3,3
46996,84,84,0,0
46997,127,120,7,7
46998,113,92,21,21
46999,116,99,17,17
47000,91,83,8,8
47001,91,68,23,23
47002,50,48,2,2
47003,78,75,3,3
47004,90,80,10,10
47005,125,107,18,18
47006,84,80,4,4
47007,79,69,10,10
47008,69,61,8,8
47009,115,92,23,23
47010,227,225,2,2
47011,107,100,7,7
47012,136,148,-12,12
47013,88,76,12,12
47014,117,108,9,9
47015,81,80,1,1
47016,150,134,16,16
47017,101,110,-9,9
47018,169,150,19,19
47019,75,72,3,3
47020,146,132,14,14
47021,96,82,14,14
47022,66,63,3,3
47023,73,65,8,8
47024,85,85,0,0
47025,104,80,24,24
47026,53,51,2,2
47027,148,143,5,5
47028,119,96,23,23
47029,45,38,7,7
47030,72,63,9,9
47031,126,113,13,13
47032,64,54,10,10
47033,119,108,11,11
47034,89,85,4,4
47035,139,127,12,12
47036,111,106,5,5
47037,100,94,6,6
47038,82,75,7,7
47039,138,125,13,13
47040,47,39,8,8
47041,167,139,28,28
47042,63,55,8,8
47043,118,102,16,16
47044,201,188,13,13
47045,82,80,2,2
47046,91,86,5,5
47047,81,76,5,5
47048,91,77,14,14
47049,119,97,22,22
47050,88,76,12,12
47051,76,69,7,7
47052,86,77,9,9
47053,47,44,3,3
47054,134,125,9,9
47055,96,87,9,9
47056,82,71,11,11
47057,82,69,13,13
47058,89,81,8,8
47059,99,93,6,6
47060,93,85,8,8
47061,87,79,8,8
47062,62,52,10,10
47063,58,48,10,10
47064,82,70,12,12
47065,142,133,9,9
47066,101,87,14,14
47067,127,107,20,20
47068,46,42,4,4
47069,116,100,16,16
47070,54,53,1,1
47071,71,62,9,9
47072,121,132,-11,11
47073,80,73,7,7
47074,86,76,10,10
47075,119,100,19,19
47076,71,69,2,2
47077,171,151,20,20
47078,126,102,24,24
47079,57,47,10,10
47080,99,88,11,11
47081,55,54,1,1
47082,77,71,6,6
47083,110,95,15,15
47084,77,91,-14,14
47085,111,99,12,12
47086,164,151,13,13
47087,104,87,17,17
47088,85,77,8,8
47089,75,66,9,9
47090,119,99,20,20
47091,82,74,8,8
47092,122,103,19,19
47093,111,97,14,14
47094,102,85,17,17
47095,54,46,8,8
47096,96,87,9,9
47097,65,60,5,5
47098,135,123,12,12
47099,79,67,12,12
47100,92,74,18,18
47101,56,54,2,2
47102,109,91,18,18
47103,124,111,13,13
47104,65,64,1,1
47105,84,77,7,7
47106,107,93,14,14
47107,114,108,6,6
47108,92,73,19,19
47109,129,115,14,14
47110,159,139,20,20
47111,80,75,5,5
47112,106,93,13,13
47113,76,69,7,7
47114,81,80,1,1
47115,115,104,11,11
47116,89,86,3,3
47117,66,63,3,3
47118,49,49,0,0
47119,74,62,12,12
47120,77,61,16,16
47121,98,83,15,15
47122,181,153,28,28
47123,65,61,4,4
47124,125,108,17,17
47125,120,113,7,7
47126,92,75,17,17
47127,125,108,17,17
47128,97,86,11,11
47129,113,91,22,22
47130,69,66,3,3
47131,41,39,2,2
47132,112,100,12,12
47133,93,76,17,17
47134,77,66,11,11
47135,114,114,0,0
47136,90,82,8,8
47137,119,112,7,7
47138,85,87,-2,2
47139,99,97,2,2
47140,113,85,28,28
47141,112,107,5,5
47142,43,39,4,4
47143,73,64,9,9
47144,149,136,13,13
47145,72,66,6,6
47146,62,61,1,1
47147,74,64,10,10
47148,197,170,27,27
47149,93,95,-2,2
47150,103,70,33,33
47151,96,82,14,14
47152,191,153,38,38
47153,116,101,15,15
47154,75,64,11,11
47155,99,95,4,4
47156,94,75,19,19
47157,124,118,6,6
47158,83,74,9,9
47159,131,115,16,16
47160,108,83,25,25
47161,108,110,-2,2
47162,77,68,9,9
47163,77,56,21,21
47164,126,111,15,15
47165,59,61,-2,2
47166,101,101,0,0
47167,121,108,13,13
47168,116,109,7,7
47169,124,104,20,20
47170,69,57,12,12
47171,160,139,21,21
47172,67,63,4,4
47173,111,106,5,5
47174,80,90,-10,10
47175,44,41,3,3
47176,89,78,11,11
47177,92,78,14,14
47178,105,104,1,1
47179,113,93,20,20
47180,83,74,9,9
47181,54,46,8,8
47182,47,43,4,4
47183,105,86,19,19
47184,65,53,12,12
47185,118,99,19,19
47186,115,93,22,22
47187,92,88,4,4
47188,69,54,15,15
47189,42,39,3,3
47190,64,53,11,11
47191,119,115,4,4
47192,142,118,24,24
47193,117,99,18,18
47194,67,65,2,2
47195,157,134,23,23
47196,57,51,6,6
47197,122,97,25,25
47198,84,69,15,15
47199,112,106,6,6
47200,96,88,8,8
47201,75,53,22,22
47202,86,79,7,7
47203,168,142,26,26
47204,128,104,24,24
47205,111,104,7,7
47206,95,86,9,9
47207,74,76,-2,2
47208,101,81,20,20
47209,69,57,12,12
47210,160,148,12,12
47211,139,118,21,21
47212,24,54,-30,30
47213,89,76,13,13
47214,102,96,6,6
47215,49,46,3,3
47216,94,96,-2,2
47217,76,67,9,9
47218,170,133,37,37
47219,158,145,13,13
47220,31,63,-32,32
47221,66,63,3,3
47222,106,83,23,23
47223,60,62,-2,2
47224,77,72,5,5
47225,68,61,7,7
47226,129,121,8,8
47227,60,53,7,7
47228,106,96,10,10
47229,64,53,11,11
47230,67,62,5,5
47231,85,79,6,6
47232,79,62,17,17
47233,175,150,25,25
47234,20,52,-32,32
47235,169,138,31,31
47236,90,83,7,7
47237,74,67,7,7
47238,68,73,-5,5
47239,52,49,3,3
47240,81,77,4,4
47241,106,99,7,7
47242,113,106,7,7
47243,64,58,6,6
47244,98,93,5,5
47245,120,109,11,11
47246,85,72,13,13
47247,70,57,13,13
47248,121,105,16,16
47249,132,113,19,19
47250,50,44,6,6
47251,68,70,-2,2
47252,55,49,6,6
47253,122,101,21,21
47254,107,89,18,18
47255,69,65,4,4
47256,115,99,16,16
47257,118,107,11,11
47258,184,194,-10,10
47259,78,78,0,0
47260,47,44,3,3
47261,65,56,9,9
47262,109,88,21,21
47263,89,74,15,15
47264,141,128,13,13
47265,68,84,-16,16
47266,167,138,29,29
47267,68,67,1,1
47268,86,78,8,8
47269,93,81,12,12
47270,91,80,11,11
47271,65,63,2,2
47272,132,123,9,9
47273,91,83,8,8
47274,71,57,14,14
47275,71,60,11,11
47276,120,111,9,9
47277,118,101,17,17
47278,117,102,15,15
47279,157,149,8,8
47280,73,70,3,3
47281,108,100,8,8
47282,82,66,16,16
47283,122,106,16,16
47284,143,135,8,8
47285,172,150,22,22
47286,76,54,22,22
47287,130,125,5,5
47288,61,52,9,9
47289,65,63,2,2
47290,128,108,20,20
47291,98,84,14,14
47292,161,151,10,10
47293,56,48,8,8
47294,97,118,-21,21
47295,176,185,-9,9
47296,125,112,13,13
47297,115,97,18,18
47298,81,73,8,8
47299,103,91,12,12
47300,53,49,4,4
47301,173,152,21,21
47302,132,112,20,20
47303,129,109,20,20
47304,120,108,12,12
47305,123,106,17,17
47306,203,147,56,56
47307,59,44,15,15
47308,67,63,4,4
47309,132,114,18,18
47310,182,155,27,27
47311,143,130,13,13
47312,97,81,16,16
47313,91,79,12,12
47314,96,97,-1,1
47315,91,80,11,11
47316,87,75,12,12
47317,143,143,0,0
47318,65,48,17,17
47319,78,59,19,19
47320,78,68,10,10
47321,140,128,12,12
47322,93,87,6,6
47323,52,45,7,7
47324,95,90,5,5
47325,96,78,18,18
47326,72,67,5,5
47327,113,102,11,11
47328,97,85,12,12
47329,77,70,7,7
47330,71,67,4,4
47331,58,50,8,8
47332,72,64,8,8
47333,210,167,43,43
47334,97,81,16,16
47335,141,132,9,9
47336,130,121,9,9
47337,105,98,7,7
47338,66,65,1,1
47339,78,83,-5,5
47340,96,90,6,6
47341,120,109,11,11
47342,57,56,1,1
47343,162,141,21,21
47344,134,123,11,11
47345,161,136,25,25
47346,171,154,17,17
47347,91,89,2,2
47348,46,42,4,4
47349,128,108,20,20
47350,113,91,22,22
47351,96,82,14,14
47352,55,47,8,8
47353,101,95,6,6
47354,146,130,16,16
47355,83,108,-25,25
47356,41,38,3,3
47357,117,107,10,10
47358,118,114,4,4
47359,89,83,6,6
47360,88,78,10,10
47361,37,26,11,11
47362,68,65,3,3
47363,53,42,11,11
47364,106,94,12,12
47365,125,108,17,17
47366,79,72,7,7
47367,100,87,13,13
47368,99,94,5,5
47369,99,92,7,7
47370,130,108,22,22
47371,75,78,-3,3
47372,101,87,14,14
47373,90,81,9,9
47374,154,130,24,24
47375,116,100,16,16
47376,60,59,1,1
47377,144,135,9,9
47378,75,69,6,6
47379,110,95,15,15
47380,124,115,9,9
47381,79,82,-3,3
47382,38,33,5,5
47383,90,79,11,11
47384,84,66,18,18
47385,76,75,1,1
47386,88,83,5,5
47387,124,118,6,6
47388,76,74,2,2
47389,84,69,15,15
47390,75,69,6,6
47391,78,68,10,10
47392,48,46,2,2
47393,70,72,-2,2
47394,125,108,17,17
47395,129,121,8,8
47396,75,62,13,13
47397,91,92,-1,1
47398,108,97,11,11
47399,100,85,15,15
47400,56,60,-4,4
47401,140,114,26,26
47402,62,55,7,7
47403,224,174,50,50
47404,109,107,2,2
47405,159,144,15,15
47406,90,83,7,7
47407,125,103,22,22
47408,96,89,7,7
47409,74,82,-8,8
47410,109,103,6,6
47411,84,76,8,8
47412,50,42,8,8
47413,146,127,19,19
47414,116,95,21,21
47415,93,77,16,16
47416,92,77,15,15
47417,72,59,13,13
47418,159,129,30,30
47419,79,67,12,12
47420,117,100,17,17
47421,92,76,16,16
47422,102,89,13,13
47423,61,57,4,4
47424,55,44,11,11
47425,91,70,21,21
47426,94,77,17,17
47427,64,58,6,6
47428,121,106,15,15
47429,50,46,4,4
47430,91,77,14,14
47431,87,79,8,8
47432,100,86,14,14
47433,60,54,6,6
47434,139,129,10,10
47435,77,67,10,10
47436,54,52,2,2
47437,117,89,28,28
47438,105,107,-2,2
47439,105,93,12,12
47440,78,72,6,6
47441,108,89,19,19
47442,111,110,1,1
47443,112,105,7,7
47444,69,61,8,8
47445,100,97,3,3
47446,96,82,14,14
47447,31,35,-4,4
47448,75,67,8,8
47449,68,63,5,5
47450,53,51,2,2
47451,63,59,4,4
47452,85,70,15,15
47453,126,114,12,12
47454,107,96,11,11
47455,130,117,13,13
47456,65,56,9,9
47457,73,65,8,8
47458,107,103,4,4
47459,121,112,9,9
47460,99,90,9,9
47461,92,87,5,5
47462,170,155,15,15
47463,85,63,22,22
47464,142,127,15,15
47465,86,78,8,8
47466,63,58,5,5
47467,121,104,17,17
47468,84,82,2,2
47469,66,57,9,9
47470,60,51,9,9
47471,68,53,15,15
47472,113,111,2,2
47473,101,89,12,12
47474,48,47,1,1
47475,154,139,15,15
47476,160,141,19,19
47477,102,82,20,20
47478,94,83,11,11
47479,84,70,14,14
47480,107,101,6,6
47481,66,62,4,4
47482,87,82,5,5
47483,84,68,16,16
47484,86,81,5,5
47485,101,44,57,57
47486,83,69,14,14
47487,70,57,13,13
47488,104,83,21,21
47489,78,66,12,12
47490,69,62,7,7
47491,172,150,22,22
47492,66,68,-2,2
47493,96,79,17,17
47494,73,67,6,6
47495,122,120,2,2
47496,66,66,0,0
47497,78,71,7,7
47498,70,117,-47,47
47499,62,62,0,0
47500,64,54,10,10
47501,189,164,25,25
47502,101,93,8,8
47503,83,73,10,10
47504,88,69,19,19
47505,108,95,13,13
47506,109,96,13,13
47507,50,39,11,11
47508,100,86,14,14
47509,98,82,16,16
47510,74,61,13,13
47511,151,124,27,27
47512,67,64,3,3
47513,145,122,23,23
47514,99,88,11,11
47515,79,69,10,10
47516,66,65,1,1
47517,87,75,12,12
47518,104,86,18,18
47519,75,65,10,10
47520,81,63,18,18
47521,79,77,2,2
47522,82,70,12,12
47523,202,167,35,35
47524,64,54,10,10
47525,142,127,15,15
47526,77,74,3,3
47527,95,97,-2,2
47528,127,118,9,9
47529,89,84,5,5
47530,136,134,2,2
47531,63,62,1,1
47532,123,109,14,14
47533,113,98,15,15
47534,98,92,6,6
47535,136,110,26,26
47536,124,106,18,18
47537,124,106,18,18
47538,162,137,25,25
47539,81,84,-3,3
47540,93,82,11,11
47541,83,78,5,5
47542,127,100,27,27
47543,60,49,11,11
47544,83,75,8,8
47545,60,53,7,7
47546,103,102,1,1
47547,93,74,19,19
47548,78,72,6,6
47549,97,80,17,17
47550,73,61,12,12
47551,128,111,17,17
47552,92,86,6,6
47553,37,33,4,4
47554,154,134,20,20
47555,60,62,-2,2
47556,94,83,11,11
47557,103,91,12,12
47558,72,64,8,8
47559,65,66,-1,1
47560,85,79,6,6
47561,111,97,14,14
47562,88,84,4,4
47563,110,91,19,19
47564,102,87,15,15
47565,59,52,7,7
47566,89,70,19,19
47567,113,91,22,22
47568,65,66,-1,1
47569,148,132,16,16
47570,83,76,7,7
47571,81,72,9,9
47572,88,76,12,12
47573,67,62,5,5
47574,44,44,0,0
47575,98,96,2,2
47576,89,80,9,9
47577,85,78,7,7
47578,165,134,31,31
47579,58,55,3,3
47580,118,101,17,17
47581,138,108,30,30
47582,85,73,12,12
47583,77,70,7,7
47584,58,55,3,3
47585,78,64,14,14
47586,94,95,-1,1
47587,51,52,-1,1
47588,109,106,3,3
47589,72,70,2,2
47590,71,60,11,11
47591,83,81,2,2
47592,97,84,13,13
47593,81,76,5,5
47594,192,186,6,6
47595,152,129,23,23
47596,101,89,12,12
47597,65,51,14,14
47598,77,73,4,4
47599,130,110,20,20
47600,124,89,35,35
47601,89,85,4,4
47602,105,104,1,1
47603,85,75,10,10
47604,147,136,11,11
47605,108,111,-3,3
47606,86,76,10,10
47607,66,61,5,5
47608,62,52,10,10
47609,74,60,14,14
47610,144,110,34,34
47611,77,68,9,9
47612,53,39,14,14
47613,81,66,15,15
47614,121,107,14,14
47615,71,60,11,11
47616,75,55,20,20
47617,105,87,18,18
47618,98,91,7,7
47619,133,127,6,6
47620,115,109,6,6
47621,56,51,5,5
47622,139,122,17,17
47623,108,98,10,10
47624,207,173,34,34
47625,43,50,-7,7
47626,135,116,19,19
47627,122,111,11,11
47628,61,60,1,1
47629,97,79,18,18
47630,77,66,11,11
47631,123,95,28,28
47632,59,54,5,5
47633,113,106,7,7
47634,125,111,14,14
47635,88,79,9,9
47636,72,59,13,13
47637,137,130,7,7
47638,113,95,18,18
47639,112,94,18,18
47640,60,60,0,0
47641,106,95,11,11
47642,143,128,15,15
47643,91,79,12,12
47644,95,81,14,14
47645,155,129,26,26
47646,106,99,7,7
47647,103,106,-3,3
47648,142,119,23,23
47649,76,65,11,11
47650,115,110,5,5
47651,96,109,-13,13
47652,103,84,19,19
47653,106,99,7,7
47654,67,58,9,9
47655,100,87,13,13
47656,103,88,15,15
47657,72,66,6,6
47658,142,124,18,18
47659,32,41,-9,9
47660,137,121,16,16
47661,57,58,-1,1
47662,69,62,7,7
47663,47,46,1,1
47664,82,84,-2,2
47665,113,95,18,18
47666,81,79,2,2
47667,96,87,9,9
47668,67,57,10,10
47669,138,117,21,21
47670,73,62,11,11
47671,62,72,-10,10
47672,45,47,-2,2
47673,106,92,14,14
47674,65,55,10,10
47675,79,72,7,7
47676,109,100,9,9
47677,147,126,21,21
47678,67,57,10,10
47679,94,80,14,14
47680,73,64,9,9
47681,57,58,-1,1
47682,124,102,22,22
47683,68,59,9,9
47684,89,74,15,15
47685,105,84,21,21
47686,64,69,-5,5
47687,78,75,3,3
47688,108,90,18,18
47689,171,160,11,11
47690,92,75,17,17
47691,63,59,4,4
47692,66,61,5,5
47693,85,79,6,6
47694,134,120,14,14
47695,73,64,9,9
47696,85,73,12,12
47697,81,67,14,14
47698,119,105,14,14
47699,64,57,7,7
47700,73,62,11,11
47701,120,96,24,24
47702,122,108,14,14
47703,97,91,6,6
47704,69,65,4,4
47705,88,75,13,13
47706,86,78,8,8
47707,87,78,9,9
47708,152,131,21,21
47709,65,56,9,9
47710,37,43,-6,6
47711,125,101,24,24
47712,117,118,-1,1
47713,72,63,9,9
47714,120,124,-4,4
47715,67,60,7,7
47716,147,132,15,15
47717,142,123,19,19
47718,111,100,11,11
47719,104,95,9,9
47720,90,75,15,15
47721,76,68,8,8
47722,82,64,18,18
47723,122,88,34,34
47724,176,148,28,28
47725,97,69,28,28
47726,84,75,9,9
47727,94,77,17,17
47728,175,166,9,9
47729,90,82,8,8
47730,62,56,6,6
47731,116,95,21,21
47732,137,122,15,15
47733,141,123,18,18
47734,96,98,-2,2
47735,99,87,12,12
47736,66,54,12,12
47737,183,165,18,18
47738,64,53,11,11
47739,137,132,5,5
47740,51,49,2,2
47741,35,30,5,5
47742,137,112,25,25
47743,151,140,11,11
47744,115,102,13,13
47745,94,80,14,14
47746,42,34,8,8
47747,57,57,0,0
47748,102,97,5,5
47749,59,54,5,5
47750,73,76,-3,3
47751,80,70,10,10
47752,102,99,3,3
47753,111,96,15,15
47754,150,135,15,15
47755,149,128,21,21
47756,129,106,23,23
47757,35,45,-10,10
47758,50,49,1,1
47759,85,69,16,16
47760,90,76,14,14
47761,129,106,23,23
47762,111,103,8,8
47763,80,78,2,2
47764,165,153,12,12
47765,69,60,9,9
47766,132,107,25,25
47767,145,129,16,16
47768,51,46,5,5
47769,152,127,25,25
47770,64,56,8,8
47771,168,143,25,25
47772,100,94,6,6
47773,72,56,16,16
47774,86,83,3,3
47775,67,65,2,2
47776,71,68,3,3
47777,156,144,12,12
47778,92,78,14,14
47779,93,85,8,8
47780,95,92,3,3
47781,113,97,16,16
47782,105,91,14,14
47783,77,76,1,1
47784,96,95,1,1
47785,103,93,10,10
47786,76,82,-6,6
47787,77,64,13,13
47788,103,82,21,21
47789,80,70,10,10
47790,72,70,2,2
47791,98,88,10,10
47792,94,75,19,19
47793,145,136,9,9
47794,57,45,12,12
47795,95,81,14,14
47796,97,67,30,30
47797,160,133,27,27
47798,161,141,20,20
47799,71,59,12,12
47800,95,80,15,15
47801,100,89,11,11
47802,57,42,15,15
47803,96,85,11,11
47804,70,60,10,10
47805,51,70,-19,19
47806,70,61,9,9
47807,27,28,-1,1
47808,93,80,13,13
47809,110,97,13,13
47810,128,114,14,14
47811,146,139,7,7
47812,81,62,19,19
47813,100,83,17,17
47814,77,64,13,13
47815,57,55,2,2
47816,110,94,16,16
47817,90,83,7,7
47818,105,103,2,2
47819,91,75,16,16
47820,158,143,15,15
47821,79,67,12,12
47822,52,44,8,8
47823,86,72,14,14
47824,100,89,11,11
47825,65,57,8,8
47826,116,98,18,18
47827,75,61,14,14
47828,95,82,13,13
47829,71,68,3,3
47830,87,81,6,6
47831,79,64,15,15
47832,77,65,12,12
47833,55,52,3,3
47834,94,83,11,11
47835,99,89,10,10
47836,98,88,10,10
47837,95,101,-6,6
47838,123,111,12,12
47839,76,79,-3,3
47840,157,151,6,6
47841,75,68,7,7
47842,114,103,11,11
47843,47,34,13,13
47844,110,95,15,15
47845,122,103,19,19
47846,89,91,-2,2
47847,65,61,4,4
47848,63,61,2,2
47849,140,119,21,21
47850,101,96,5,5
47851,132,116,16,16
47852,175,167,8,8
47853,79,69,10,10
47854,97,83,14,14
47855,108,85,23,23
47856,76,62,14,14
47857,80,69,11,11
47858,114,94,20,20
47859,160,151,9,9
47860,101,84,17,17
47861,143,121,22,22
47862,40,38,2,2
47863,151,133,18,18
47864,111,112,-1,1
47865,105,108,-3,3
47866,93,80,13,13
47867,121,109,12,12
47868,162,145,17,17
47869,91,90,1,1
47870,86,79,7,7
47871,133,126,7,7
47872,69,64,5,5
47873,110,91,19,19
47874,76,65,11,11
47875,70,66,4,4
47876,129,101,28,28
47877,105,89,16,16
47878,118,102,16,16
47879,51,48,3,3
47880,155,134,21,21
47881,80,72,8,8
47882,91,94,-3,3
47883,87,75,12,12
47884,61,66,-5,5
47885,65,57,8,8
47886,85,79,6,6
47887,89,76,13,13
47888,62,54,8,8
47889,85,76,9,9
47890,65,65,0,0
47891,127,108,19,19
47892,94,84,10,10
47893,106,97,9,9
47894,72,60,12,12
47895,115,102,13,13
47896,100,78,22,22
47897,56,48,8,8
47898,78,79,-1,1
47899,100,92,8,8
47900,94,84,10,10
47901,104,87,17,17
47902,76,74,2,2
47903,100,87,13,13
47904,114,94,20,20
47905,94,77,17,17
47906,92,80,12,12
47907,51,44,7,7
47908,129,118,11,11
47909,30,26,4,4
47910,91,92,-1,1
47911,72,69,3,3
47912,99,87,12,12
47913,59,51,8,8
47914,103,89,14,14
47915,140,107,33,33
47916,71,65,6,6
47917,77,68,9,9
47918,108,100,8,8
47919,87,69,18,18
47920,150,140,10,10
47921,108,103,5,5
47922,78,66,12,12
47923,143,128,15,15
47924,109,103,6,6
47925,81,76,5,5
47926,82,78,4,4
47927,46,42,4,4
47928,142,118,24,24
47929,54,48,6,6
47930,89,85,4,4
47931,53,45,8,8
47932,73,62,11,11
47933,74,66,8,8
47934,43,35,8,8
47935,89,80,9,9
47936,71,65,6,6
47937,62,68,-6,6
47938,59,58,1,1
47939,114,97,17,17
47940,56,49,7,7
47941,94,85,9,9
47942,102,97,5,5
47943,112,97,15,15
47944,75,72,3,3
47945,77,80,-3,3
47946,124,113,11,11
47947,128,105,23,23
47948,70,69,1,1
47949,84,120,-36,36
47950,151,127,24,24
47951,113,97,16,16
47952,85,70,15,15
47953,82,96,-14,14
47954,163,150,13,13
47955,124,123,1,1
47956,80,68,12,12
47957,122,135,-13,13
47958,88,70,18,18
47959,66,54,12,12
47960,83,76,7,7
47961,118,101,17,17
47962,57,49,8,8
47963,66,65,1,1
47964,108,98,10,10
47965,93,89,4,4
47966,51,43,8,8
47967,171,148,23,23
47968,114,93,21,21
47969,45,43,2,2
47970,86,72,14,14
47971,62,63,-1,1
47972,67,60,7,7
47973,76,74,2,2
47974,108,102,6,6
47975,100,107,-7,7
47976,139,125,14,14
47977,115,105,10,10
47978,144,104,40,40
47979,90,70,20,20
47980,91,73,18,18
47981,75,70,5,5
47982,135,120,15,15
47983,67,71,-4,4
47984,117,93,24,24
47985,127,106,21,21
47986,59,52,7,7
47987,48,46,2,2
47988,69,62,7,7
47989,93,76,17,17
47990,123,115,8,8
47991,131,129,2,2
47992,105,93,12,12
47993,121,116,5,5
47994,111,103,8,8
47995,43,37,6,6
47996,131,112,19,19
47997,133,114,19,19
47998,74,67,7,7
47999,154,121,33,33
48000,36,32,4,4
48001,83,82,1,1
48002,114,104,10,10
48003,115,97,18,18
48004,117,101,16,16
48005,129,112,17,17
48006,119,105,14,14
48007,65,56,9,9
48008,88,81,7,7
48009,80,63,17,17
48010,43,32,11,11
48011,68,65,3,3
48012,157,138,19,19
48013,104,95,9,9
48014,56,44,12,12
48015,52,49,3,3
48016,115,100,15,15
48017,64,51,13,13
48018,139,125,14,14
48019,58,51,7,7
48020,105,97,8,8
48021,196,177,19,19
48022,117,96,21,21
48023,108,83,25,25
48024,109,104,5,5
48025,53,44,9,9
48026,97,78,19,19
48027,89,84,5,5
48028,136,118,18,18
48029,156,154,2,2
48030,107,90,17,17
48031,48,38,10,10
48032,108,104,4,4
48033,151,128,23,23
48034,71,77,-6,6
48035,99,79,20,20
48036,119,90,29,29
48037,131,116,15,15
48038,72,66,6,6
48039,112,99,13,13
48040,142,139,3,3
48041,130,116,14,14
48042,103,95,8,8
48043,136,124,12,12
48044,61,54,7,7
48045,93,79,14,14
48046,124,111,13,13
48047,44,44,0,0
48048,166,160,6,6
48049,134,124,10,10
48050,85,73,12,12
48051,56,57,-1,1
48052,58,61,-3,3
48053,95,83,12,12
48054,113,100,13,13
48055,80,77,3,3
48056,105,91,14,14
48057,56,44,12,12
48058,79,76,3,3
48059,77,73,4,4
48060,90,78,12,12
48061,68,68,0,0
48062,65,65,0,0
48063,95,85,10,10
48064,51,49,2,2
48065,99,82,17,17
48066,81,65,16,16
48067,116,91,25,25
48068,72,64,8,8
48069,55,56,-1,1
48070,144,125,19,19
48071,74,71,3,3
48072,135,127,8,8
48073,60,59,1,1
48074,76,79,-3,3
48075,144,110,34,34
48076,141,109,32,32
48077,80,59,21,21
48078,74,69,5,5
48079,83,73,10,10
48080,76,60,16,16
48081,100,88,12,12
48082,97,83,14,14
48083,141,108,33,33
48084,109,100,9,9
48085,87,99,-12,12
48086,104,92,12,12
48087,69,59,10,10
48088,60,65,-5,5
48089,71,68,3,3
48090,64,60,4,4
48091,69,67,2,2
48092,92,81,11,11
48093,93,82,11,11
48094,88,72,16,16
48095,11,12,-1,1
48096,132,112,20,20
48097,62,63,-1,1
48098,73,80,-7,7
48099,110,90,20,20
48100,84,80,4,4
48101,63,48,15,15
48102,110,102,8,8
48103,61,51,10,10
48104,81,81,0,0
48105,107,99,8,8
48106,161,135,26,26
48107,66,53,13,13
48108,59,61,-2,2
48109,115,115,0,0
48110,113,100,13,13
48111,125,112,13,13
48112,104,94,10,10
48113,90,80,10,10
48114,84,73,11,11
48115,101,89,12,12
48116,151,128,23,23
48117,127,112,15,15
48118,102,87,15,15
48119,85,80,5,5
48120,64,61,3,3
48121,114,104,10,10
48122,104,87,17,17
48123,99,93,6,6
48124,60,53,7,7
48125,102,99,3,3
48126,125,111,14,14
48127,109,110,-1,1
48128,106,92,14,14
48129,91,83,8,8
48130,54,61,-7,7
48131,86,90,-4,4
48132,108,106,2,2
48133,61,57,4,4
48134,63,73,-10,10
48135,112,101,11,11
48136,35,31,4,4
48137,86,72,14,14
48138,79,78,1,1
48139,112,100,12,12
48140,180,162,18,18
48141,94,74,20,20
48142,125,109,16,16
48143,82,70,12,12
48144,94,91,3,3
48145,83,68,15,15
48146,93,87,6,6
48147,89,83,6,6
48148,63,57,6,6
48149,120,111,9,9
48150,91,71,20,20
48151,102,111,-9,9
48152,70,66,4,4
48153,66,57,9,9
48154,73,64,9,9
48155,122,101,21,21
48156,50,47,3,3
48157,65,64,1,1
48158,146,128,18,18
48159,72,67,5,5
48160,109,87,22,22
48161,67,64,3,3
48162,138,120,18,18
48163,78,68,10,10
48164,143,131,12,12
48165,82,72,10,10
48166,147,142,5,5
48167,115,103,12,12
48168,107,102,5,5
48169,60,54,6,6
48170,95,82,13,13
48171,95,88,7,7
48172,39,42,-3,3
48173,75,76,-1,1
48174,61,54,7,7
48175,194,189,5,5
48176,67,67,0,0
48177,104,87,17,17
48178,79,71,8,8
48179,57,64,-7,7
48180,45,42,3,3
48181,66,63,3,3
48182,70,62,8,8
48183,61,65,-4,4
48184,93,81,12,12
48185,104,93,11,11
48186,122,124,-2,2
48187,64,58,6,6
48188,68,66,2,2
48189,132,118,14,14
48190,55,48,7,7
48191,117,104,13,13
48192,89,75,14,14
48193,83,80,3,3
48194,94,91,3,3
48195,59,48,11,11
48196,149,130,19,19
48197,77,76,1,1
48198,92,89,3,3
48199,84,68,16,16
48200,71,61,10,10
48201,75,63,12,12
48202,123,98,25,25
48203,108,104,4,4
48204,90,81,9,9
48205,99,73,26,26
48206,38,37,1,1
48207,59,56,3,3
48208,104,90,14,14
48209,114,113,1,1
48210,83,76,7,7
48211,182,149,33,33
48212,89,82,7,7
48213,77,59,18,18
48214,146,120,26,26
48215,74,67,7,7
48216,73,62,11,11
48217,71,62,9,9
48218,70,59,11,11
48219,139,127,12,12
48220,75,48,27,27
48221,110,115,-5,5
48222,106,98,8,8
48223,150,137,13,13
48224,132,115,17,17
48225,108,87,21,21
48226,56,51,5,5
48227,133,122,11,11
48228,123,100,23,23
48229,58,47,11,11
48230,73,74,-1,1
48231,118,100,18,18
48232,83,74,9,9
48233,66,59,7,7
48234,83,75,8,8
48235,89,80,9,9
48236,87,84,3,3
48237,95,85,10,10
48238,57,54,3,3
48239,124,118,6,6
48240,136,125,11,11
48241,102,91,11,11
48242,123,114,9,9
48243,53,47,6,6
48244,59,59,0,0
48245,150,122,28,28
48246,140,119,21,21
48247,88,80,8,8
48248,140,123,17,17
48249,86,77,9,9
48250,106,93,13,13
48251,127,128,-1,1
48252,88,70,18,18
48253,99,96,3,3
48254,83,75,8,8
48255,81,74,7,7
48256,151,124,27,27
48257,144,137,7,7
48258,55,49,6,6
48259,66,58,8,8
48260,103,91,12,12
48261,100,86,14,14
48262,76,57,19,19
48263,115,101,14,14
48264,135,114,21,21
48265,128,104,24,24
48266,163,138,25,25
48267,81,65,16,16
48268,88,78,10,10
48269,86,105,-19,19
48270,147,128,19,19
48271,179,158,21,21
48272,98,85,13,13
48273,91,78,13,13
48274,145,127,18,18
48275,53,51,2,2
48276,122,113,9,9
48277,79,66,13,13
48278,118,117,1,1
48279,100,72,28,28
48280,76,62,14,14
48281,148,133,15,15
48282,55,21,34,34
48283,80,71,9,9
48284,129,124,5,5
48285,52,55,-3,3
48286,108,98,10,10
48287,71,63,8,8
48288,49,40,9,9
48289,111,93,18,18
48290,97,79,18,18
48291,106,84,22,22
48292,31,34,-3,3
48293,62,54,8,8
48294,140,142,-2,2
48295,102,83,19,19
48296,68,55,13,13
48297,66,60,6,6
48298,98,92,6,6
48299,29,23,6,6
48300,162,141,21,21
48301,68,62,6,6
48302,39,38,1,1
48303,61,58,3,3
48304,126,119,7,7
48305,82,60,22,22
48306,95,78,17,17
48307,86,83,3,3
48308,91,81,10,10
48309,68,73,-5,5
48310,70,66,4,4
48311,56,44,12,12
48312,113,101,12,12
48313,83,70,13,13
48314,185,154,31,31
48315,133,118,15,15
48316,98,85,13,13
48317,47,47,0,0
48318,86,70,16,16
48319,115,95,20,20
48320,121,106,15,15
48321,130,123,7,7
48322,116,105,11,11
48323,55,45,10,10
48324,88,76,12,12
48325,158,148,10,10
48326,208,190,18,18
48327,104,86,18,18
48328,109,99,10,10
48329,94,89,5,5
48330,49,46,3,3
48331,66,64,2,2
48332,135,142,-7,7
48333,112,89,23,23
48334,75,68,7,7
48335,99,89,10,10
48336,98,90,8,8
48337,77,77,0,0
48338,108,86,22,22
48339,81,73,8,8
48340,99,100,-1,1
48341,113,82,31,31
48342,68,63,5,5
48343,111,106,5,5
48344,57,55,2,2
48345,141,118,23,23
48346,96,82,14,14
48347,57,58,-1,1
48348,86,76,10,10
48349,64,75,-11,11
48350,58,46,12,12
48351,68,62,6,6
48352,79,69,10,10
48353,128,115,13,13
48354,133,116,17,17
48355,129,125,4,4
48356,98,88,10,10
48357,126,102,24,24
48358,68,65,3,3
48359,98,84,14,14
48360,76,58,18,18
48361,151,122,29,29
48362,143,132,11,11
48363,81,76,5,5
48364,154,128,26,26
48365,99,91,8,8
48366,58,54,4,4
48367,40,36,4,4
48368,101,99,2,2
48369,88,76,12,12
48370,102,85,17,17
48371,82,68,14,14
48372,80,71,9,9
48373,77,69,8,8
48374,91,78,13,13
48375,133,119,14,14
48376,160,135,25,25
48377,137,121,16,16
48378,110,92,18,18
48379,78,61,17,17
48380,83,76,7,7
48381,68,71,-3,3
48382,85,81,4,4
48383,90,79,11,11
48384,51,49,2,2
48385,95,84,11,11
48386,133,113,20,20
48387,63,59,4,4
48388,64,56,8,8
48389,64,51,13,13
48390,128,123,5,5
48391,94,91,3,3
48392,87,74,13,13
48393,49,48,1,1
48394,66,55,11,11
48395,53,47,6,6
48396,99,89,10,10
48397,55,56,-1,1
48398,166,143,23,23
48399,179,155,24,24
48400,100,84,16,16
48401,97,86,11,11
48402,139,116,23,23
48403,59,51,8,8
48404,175,152,23,23
48405,123,121,2,2
48406,72,67,5,5
48407,77,78,-1,1
48408,86,70,16,16
48409,52,50,2,2
48410,122,123,-1,1
48411,83,71,12,12
48412,109,105,4,4
48413,123,103,20,20
48414,72,68,4,4
48415,86,81,5,5
48416,97,99,-2,2
48417,98,82,16,16
48418,98,79,19,19
48419,72,62,10,10
48420,160,131,29,29
48421,61,52,9,9
48422,91,84,7,7
48423,65,54,11,11
48424,145,122,23,23
48425,60,53,7,7
48426,125,105,20,20
48427,57,52,5,5
48428,117,99,18,18
48429,104,92,12,12
48430,141,125,16,16
48431,65,59,6,6
48432,78,64,14,14
48433,74,66,8,8
48434,82,76,6,6
48435,83,76,7,7
48436,79,77,2,2
48437,79,73,6,6
48438,73,64,9,9
48439,154,122,32,32
48440,89,75,14,14
48441,83,82,1,1
48442,79,69,10,10
48443,167,142,25,25
48444,103,110,-7,7
48445,89,76,13,13
48446,199,169,30,30
48447,63,63,0,0
48448,67,57,10,10
48449,152,149,3,3
48450,98,92,6,6
48451,78,71,7,7
48452,78,69,9,9
48453,119,115,4,4
48454,93,89,4,4
48455,121,115,6,6
48456,105,83,22,22
48457,184,126,58,58
48458,60,53,7,7
48459,167,134,33,33
48460,51,51,0,0
48461,114,104,10,10
48462,59,51,8,8
48463,98,96,2,2
48464,62,60,2,2
48465,74,54,20,20
48466,87,72,15,15
48467,84,72,12,12
48468,63,54,9,9
48469,103,85,18,18
48470,133,111,22,22
48471,125,97,28,28
48472,137,127,10,10
48473,82,66,16,16
48474,145,134,11,11
48475,111,104,7,7
48476,117,103,14,14
48477,61,51,10,10
48478,107,101,6,6
48479,127,112,15,15
48480,50,43,7,7
48481,75,63,12,12
48482,173,150,23,23
48483,162,137,25,25
48484,72,73,-1,1
48485,104,92,12,12
48486,84,73,11,11
48487,84,69,15,15
48488,99,89,10,10
48489,109,98,11,11
48490,125,116,9,9
48491,100,89,11,11
48492,108,101,7,7
48493,118,109,9,9
48494,70,68,2,2
48495,67,51,16,16
48496,39,34,5,5
48497,87,80,7,7
48498,71,72,-1,1
48499,65,58,7,7
48500,185,159,26,26
48501,89,77,12,12
48502,94,80,14,14
48503,68,63,5,5
48504,66,59,7,7
48505,126,108,18,18
48506,99,89,10,10
48507,100,88,12,12
48508,85,70,15,15
48509,38,42,-4,4
48510,170,145,25,25
48511,109,86,23,23
48512,90,75,15,15
48513,58,50,8,8
48514,52,49,3,3
48515,162,161,1,1
48516,60,56,4,4
48517,99,86,13,13
48518,80,68,12,12
48519,82,87,-5,5
48520,112,100,12,12
48521,81,65,16,16
48522,112,121,-9,9
48523,160,136,24,24
48524,44,43,1,1
48525,60,55,5,5
48526,87,70,17,17
48527,66,53,13,13
48528,54,46,8,8
48529,158,126,32,32
48530,125,113,12,12
48531,61,57,4,4
48532,179,152,27,27
48533,174,134,40,40
48534,86,91,-5,5
48535,86,87,-1,1
48536,79,90,-11,11
48537,60,53,7,7
48538,78,66,12,12
48539,128,118,10,10
48540,111,98,13,13
48541,98,91,7,7
48542,142,110,32,32
48543,65,58,7,7
48544,142,117,25,25
48545,176,162,14,14
48546,88,71,17,17
48547,165,148,17,17
48548,85,82,3,3
48549,85,71,14,14
48550,88,82,6,6
48551,97,96,1,1
48552,125,112,13,13
48553,99,85,14,14
48554,83,68,15,15
48555,97,82,15,15
48556,96,86,10,10
48557,62,62,0,0
48558,99,98,1,1
48559,57,54,3,3
48560,77,72,5,5
48561,77,72,5,5
48562,104,115,-11,11
48563,114,95,19,19
48564,94,79,15,15
48565,67,74,-7,7
48566,112,97,15,15
48567,128,111,17,17
48568,93,85,8,8
48569,115,111,4,4
48570,63,54,9,9
48571,67,65,2,2
48572,136,126,10,10
48573,96,96,0,0
48574,97,96,1,1
48575,97,94,3,3
48576,100,88,12,12
48577,60,55,5,5
48578,155,163,-8,8
48579,80,84,-4,4
48580,92,96,-4,4
48581,130,113,17,17
48582,139,112,27,27
48583,121,111,10,10
48584,58,54,4,4
48585,73,68,5,5
48586,98,87,11,11
48587,95,90,5,5
48588,126,103,23,23
48589,112,100,12,12
48590,82,78,4,4
48591,105,91,14,14
48592,68,71,-3,3
48593,67,71,-4,4
48594,121,111,10,10
48595,164,130,34,34
48596,107,102,5,5
48597,110,97,13,13
48598,125,116,9,9
48599,71,62,9,9
48600,77,74,3,3
48601,97,86,11,11
48602,114,111,3,3
48603,140,130,10,10
48604,57,57,0,0
48605,99,85,14,14
48606,99,87,12,12
48607,52,40,12,12
48608,83,66,17,17
48609,173,221,-48,48
48610,94,91,3,3
48611,47,46,1,1
48612,58,62,-4,4
48613,61,65,-4,4
48614,82,86,-4,4
48615,53,58,-5,5
48616,53,48,5,5
48617,77,67,10,10
48618,88,88,0,0
48619,74,70,4,4
48620,74,59,15,15
48621,150,130,20,20
48622,135,128,7,7
48623,176,159,17,17
48624,53,52,1,1
48625,140,126,14,14
48626,106,103,3,3
48627,189,152,37,37
48628,104,103,1,1
48629,71,77,-6,6
48630,66,54,12,12
48631,82,82,0,0
48632,111,112,-1,1
48633,114,97,17,17
48634,140,127,13,13
48635,95,93,2,2
48636,152,136,16,16
48637,101,98,3,3
48638,67,54,13,13
48639,47,47,0,0
48640,73,69,4,4
48641,84,91,-7,7
48642,92,75,17,17
48643,157,149,8,8
48644,128,121,7,7
48645,96,100,-4,4
48646,91,82,9,9
48647,92,78,14,14
48648,132,117,15,15
48649,170,150,20,20
48650,103,79,24,24
48651,46,47,-1,1
48652,123,97,26,26
48653,91,71,20,20
48654,111,102,9,9
48655,144,134,10,10
48656,73,70,3,3
48657,116,99,17,17
48658,137,125,12,12
48659,131,112,19,19
48660,37,35,2,2
48661,84,80,4,4
48662,91,80,11,11
48663,175,161,14,14
48664,137,124,13,13
48665,91,79,12,12
48666,41,39,2,2
48667,88,70,18,18
48668,86,70,16,16
48669,67,61,6,6
48670,181,151,30,30
48671,108,96,12,12
48672,51,32,19,19
48673,145,128,17,17
48674,87,77,10,10
48675,42,37,5,5
48676,92,82,10,10
48677,196,167,29,29
48678,43,40,3,3
48679,108,101,7,7
48680,131,108,23,23
48681,105,98,7,7
48682,77,69,8,8
48683,80,69,11,11
48684,144,122,22,22
48685,120,123,-3,3
48686,70,63,7,7
48687,62,54,8,8
48688,40,34,6,6
48689,80,67,13,13
48690,93,78,15,15
48691,41,42,-1,1
48692,90,84,6,6
48693,82,70,12,12
48694,85,81,4,4
48695,103,87,16,16
48696,119,102,17,17
48697,65,60,5,5
48698,85,72,13,13
48699,114,96,18,18
48700,95,81,14,14
48701,39,30,9,9
48702,89,78,11,11
48703,116,104,12,12
48704,133,130,3,3
48705,76,67,9,9
48706,146,116,30,30
48707,55,50,5,5
48708,170,154,16,16
48709,76,64,12,12
48710,89,80,9,9
48711,76,87,-11,11
48712,107,89,18,18
48713,69,56,13,13
48714,94,92,2,2
48715,106,95,11,11
48716,91,71,20,20
48717,158,147,11,11
48718,110,99,11,11
48719,69,66,3,3
48720,90,74,16,16
48721,99,84,15,15
48722,74,66,8,8
48723,94,87,7,7
48724,70,62,8,8
48725,81,80,1,1
48726,136,137,-1,1
48727,89,83,6,6
48728,113,105,8,8
48729,110,93,17,17
48730,137,126,11,11
48731,100,88,12,12
48732,114,99,15,15
48733,122,97,25,25
48734,27,22,5,5
48735,105,101,4,4
48736,65,63,2,2
48737,120,118,2,2
48738,68,62,6,6
48739,158,136,22,22
48740,76,72,4,4
48741,123,109,14,14
48742,71,62,9,9
48743,86,74,12,12
48744,68,71,-3,3
48745,118,103,15,15
48746,36,35,1,1
48747,26,25,1,1
48748,55,49,6,6
48749,87,75,12,12
48750,117,99,18,18
48751,36,36,0,0
48752,112,94,18,18
48753,73,57,16,16
48754,93,81,12,12
48755,122,101,21,21
48756,117,104,13,13
48757,116,119,-3,3
48758,95,83,12,12
48759,51,45,6,6
48760,81,72,9,9
48761,88,68,20,20
48762,62,55,7,7
48763,84,58,26,26
48764,69,67,2,2
48765,62,61,1,1
48766,101,95,6,6
48767,112,101,11,11
48768,182,148,34,34
48769,51,52,-1,1
48770,89,80,9,9
48771,123,113,10,10
48772,91,83,8,8
48773,67,68,-1,1
48774,150,122,28,28
48775,61,56,5,5
48776,107,94,13,13
48777,53,50,3,3
48778,79,73,6,6
48779,143,141,2,2
48780,115,111,4,4
48781,66,65,1,1
48782,104,89,15,15
48783,154,148,6,6
48784,96,81,15,15
48785,165,152,13,13
48786,124,116,8,8
48787,108,93,15,15
48788,106,102,4,4
48789,124,121,3,3
48790,91,89,2,2
48791,98,107,-9,9
48792,74,71,3,3
48793,146,138,8,8
48794,136,128,8,8
48795,96,100,-4,4
48796,117,107,10,10
48797,113,97,16,16
48798,118,101,17,17
48799,151,126,25,25
48800,157,143,14,14
48801,98,75,23,23
48802,136,125,11,11
48803,119,121,-2,2
48804,66,57,9,9
48805,144,123,21,21
48806,118,109,9,9
48807,186,162,24,24
48808,91,82,9,9
48809,99,91,8,8
48810,78,74,4,4
48811,81,77,4,4
48812,77,72,5,5
48813,51,45,6,6
48814,81,77,4,4
48815,110,97,13,13
48816,83,73,10,10
48817,75,79,-4,4
48818,73,66,7,7
48819,113,101,12,12
48820,84,68,16,16
48821,94,84,10,10
48822,77,81,-4,4
48823,101,88,13,13
48824,100,83,17,17
48825,68,58,10,10
48826,65,62,3,3
48827,159,147,12,12
48828,66,68,-2,2
48829,149,116,33,33
48830,81,90,-9,9
48831,56,50,6,6
48832,149,151,-2,2
48833,56,51,5,5
48834,110,100,10,10
48835,61,56,5,5
48836,57,45,12,12
48837,107,99,8,8
48838,58,53,5,5
48839,106,96,10,10
48840,145,119,26,26
48841,70,63,7,7
48842,115,103,12,12
48843,106,81,25,25
48844,144,124,20,20
48845,129,105,24,24
48846,127,109,18,18
48847,223,178,45,45
48848,147,140,7,7
48849,95,83,12,12
48850,34,32,2,2
48851,66,55,11,11
48852,88,80,8,8
48853,91,75,16,16
48854,90,75,15,15
48855,131,119,12,12
48856,61,59,2,2
48857,66,54,12,12
48858,125,114,11,11
48859,69,58,11,11
48860,73,73,0,0
48861,87,77,10,10
48862,89,75,14,14
48863,69,69,0,0
48864,114,104,10,10
48865,64,58,6,6
48866,146,128,18,18
48867,93,88,5,5
48868,54,50,4,4
48869,171,168,3,3
48870,63,55,8,8
48871,70,65,5,5
48872,61,59,2,2
48873,75,65,10,10
48874,158,128,30,30
48875,65,70,-5,5
48876,93,86,7,7
48877,97,79,18,18
48878,126,93,33,33
48879,122,110,12,12
48880,128,125,3,3
48881,109,98,11,11
48882,90,78,12,12
48883,167,148,19,19
48884,79,60,19,19
48885,56,52,4,4
48886,117,102,15,15
48887,80,70,10,10
48888,48,47,1,1
48889,72,70,2,2
48890,69,61,8,8
48891,105,91,14,14
48892,103,89,14,14
48893,94,86,8,8
48894,91,76,15,15
48895,117,106,11,11
48896,168,155,13,13
48897,60,53,7,7
48898,93,91,2,2
48899,110,95,15,15
48900,61,53,8,8
48901,133,119,14,14
48902,124,95,29,29
48903,131,119,12,12
48904,81,74,7,7
48905,78,65,13,13
48906,117,100,17,17
48907,116,105,11,11
48908,75,71,4,4
48909,50,47,3,3
48910,76,62,14,14
48911,120,105,15,15
48912,96,83,13,13
48913,99,111,-12,12
48914,163,144,19,19
48915,136,119,17,17
48916,150,125,25,25
48917,87,90,-3,3
48918,116,106,10,10
48919,127,117,10,10
48920,73,62,11,11
48921,110,103,7,7
48922,65,58,7,7
48923,74,66,8,8
48924,98,82,16,16
48925,74,63,11,11
48926,105,94,11,11
48927,92,84,8,8
48928,80,74,6,6
48929,111,99,12,12
48930,93,81,12,12
48931,69,61,8,8
48932,76,74,2,2
48933,59,49,10,10
48934,127,113,14,14
48935,45,43,2,2
48936,100,72,28,28
48937,111,103,8,8
48938,165,191,-26,26
48939,161,162,-1,1
48940,108,102,6,6
48941,85,56,29,29
48942,131,126,5,5
48943,28,32,-4,4
48944,92,78,14,14
48945,55,50,5,5
48946,134,112,22,22
48947,112,94,18,18
48948,123,99,24,24
48949,137,125,12,12
48950,72,73,-1,1
48951,116,100,16,16
48952,136,118,18,18
48953,122,110,12,12
48954,120,109,11,11
48955,85,68,17,17
48956,98,96,2,2
48957,108,113,-5,5
48958,95,87,8,8
48959,71,58,13,13
48960,160,135,25,25
48961,112,103,9,9
48962,98,94,4,4
48963,72,58,14,14
48964,102,94,8,8
48965,95,78,17,17
48966,130,110,20,20
48967,96,85,11,11
48968,123,110,13,13
48969,100,95,5,5
48970,172,157,15,15
48971,55,49,6,6
48972,60,63,-3,3
48973,101,93,8,8
48974,90,94,-4,4
48975,76,78,-2,2
48976,80,71,9,9
48977,100,101,-1,1
48978,61,57,4,4
48979,75,67,8,8
48980,81,91,-10,10
48981,121,109,12,12
48982,81,72,9,9
48983,139,130,9,9
48984,86,66,20,20
48985,94,84,10,10
48986,121,111,10,10
48987,83,69,14,14
48988,127,113,14,14
48989,49,54,-5,5
48990,83,81,2,2
48991,76,63,13,13
48992,113,97,16,16
48993,73,62,11,11
48994,85,74,11,11
48995,97,86,11,11
48996,82,70,12,12
48997,103,93,10,10
48998,68,60,8,8
48999,65,58,7,7
49000,46,42,4,4
49001,108,92,16,16
49002,96,94,2,2
49003,133,119,14,14
49004,97,87,10,10
49005,62,49,13,13
49006,95,86,9,9
49007,132,109,23,23
49008,164,141,23,23
49009,62,53,9,9
49010,81,73,8,8
49011,91,83,8,8
49012,73,64,9,9
49013,73,63,10,10
49014,105,102,3,3
49015,75,68,7,7
49016,73,58,15,15
49017,94,91,3,3
49018,112,109,3,3
49019,107,84,23,23
49020,79,67,12,12
49021,128,121,7,7
49022,100,82,18,18
49023,68,61,7,7
49024,84,66,18,18
49025,115,119,-4,4
49026,68,62,6,6
49027,50,45,5,5
49028,80,76,4,4
49029,71,67,4,4
49030,115,101,14,14
49031,103,104,-1,1
49032,112,97,15,15
49033,95,83,12,12
49034,132,123,9,9
49035,108,100,8,8
49036,89,87,2,2
49037,96,78,18,18
49038,110,98,12,12
49039,103,144,-41,41
49040,113,88,25,25
49041,72,69,3,3
49042,85,82,3,3
49043,106,97,9,9
49044,101,90,11,11
49045,117,117,0,0
49046,67,68,-1,1
49047,82,74,8,8
49048,61,55,6,6
49049,64,55,9,9
49050,86,82,4,4
49051,89,79,10,10
49052,49,45,4,4
49053,136,109,27,27
49054,137,126,11,11
49055,79,60,19,19
49056,127,107,20,20
49057,130,115,15,15
49058,119,121,-2,2
49059,83,68,15,15
49060,98,89,9,9
49061,124,110,14,14
49062,72,80,-8,8
49063,114,110,4,4
49064,144,124,20,20
49065,117,96,21,21
49066,68,61,7,7
49067,41,39,2,2
49068,88,83,5,5
49069,156,136,20,20
49070,85,72,13,13
49071,99,89,10,10
49072,71,76,-5,5
49073,152,132,20,20
49074,86,73,13,13
49075,95,78,17,17
49076,100,87,13,13
49077,99,89,10,10
49078,137,95,42,42
49079,78,62,16,16
49080,142,121,21,21
49081,80,78,2,2
49082,70,61,9,9
49083,112,93,19,19
49084,116,112,4,4
49085,76,74,2,2
49086,128,111,17,17
49087,101,89,12,12
49088,111,99,12,12
49089,71,63,8,8
49090,129,116,13,13
49091,170,152,18,18
49092,136,106,30,30
49093,105,87,18,18
49094,117,99,18,18
49095,102,87,15,15
49096,77,73,4,4
49097,103,98,5,5
49098,53,48,5,5
49099,94,92,2,2
49100,73,61,12,12
49101,65,56,9,9
49102,107,114,-7,7
49103,78,80,-2,2
49104,83,74,9,9
49105,117,107,10,10
49106,33,26,7,7
49107,97,90,7,7
49108,119,105,14,14
49109,74,63,11,11
49110,96,84,12,12
49111,113,105,8,8
49112,68,73,-5,5
49113,78,69,9,9
49114,123,90,33,33
49115,121,119,2,2
49116,74,65,9,9
49117,100,84,16,16
49118,71,62,9,9
49119,46,44,2,2
49120,90,83,7,7
49121,63,67,-4,4
49122,94,80,14,14
49123,83,77,6,6
49124,86,80,6,6
49125,116,111,5,5
49126,107,91,16,16
49127,111,110,1,1
49128,211,179,32,32
49129,71,58,13,13
49130,57,61,-4,4
49131,135,111,24,24
49132,111,99,12,12
49133,97,80,17,17
49134,139,122,17,17
49135,96,86,10,10
49136,91,79,12,12
49137,131,120,11,11
49138,134,120,14,14
49139,81,74,7,7
49140,123,106,17,17
49141,122,117,5,5
49142,149,134,15,15
49143,122,101,21,21
49144,114,97,17,17
49145,112,91,21,21
49146,110,92,18,18
49147,111,105,6,6
49148,50,48,2,2
49149,52,44,8,8
49150,119,116,3,3
49151,67,61,6,6
49152,135,124,11,11
49153,81,65,16,16
49154,122,98,24,24
49155,130,117,13,13
49156,60,53,7,7
49157,108,108,0,0
49158,97,91,6,6
49159,50,50,0,0
49160,77,66,11,11
49161,106,92,14,14
49162,100,94,6,6
49163,70,69,1,1
49164,99,93,6,6
49165,108,100,8,8
49166,138,120,18,18
49167,132,123,9,9
49168,73,72,1,1
49169,73,73,0,0
49170,111,92,19,19
49171,101,91,10,10
49172,123,112,11,11
49173,80,108,-28,28
49174,56,35,21,21
49175,101,81,20,20
49176,119,105,14,14
49177,125,130,-5,5
49178,107,98,9,9
49179,141,129,12,12
49180,110,111,-1,1
49181,91,74,17,17
49182,67,58,9,9
49183,91,85,6,6
49184,62,57,5,5
49185,66,55,11,11
49186,51,59,-8,8
49187,26,26,0,0
49188,112,102,10,10
49189,85,70,15,15
49190,173,146,27,27
49191,65,50,15,15
49192,71,68,3,3
49193,48,24,24,24
49194,113,106,7,7
49195,111,102,9,9
49196,76,72,4,4
49197,72,64,8,8
49198,104,89,15,15
49199,113,99,14,14
49200,80,69,11,11
49201,129,122,7,7
49202,80,67,13,13
49203,99,92,7,7
49204,98,95,3,3
49205,186,166,20,20
49206,84,79,5,5
49207,46,42,4,4
49208,81,85,-4,4
49209,62,51,11,11
49210,85,73,12,12
49211,63,56,7,7
49212,114,111,3,3
49213,91,79,12,12
49214,100,102,-2,2
49215,53,42,11,11
49216,127,101,26,26
49217,93,78,15,15
49218,59,56,3,3
49219,52,43,9,9
49220,100,90,10,10
49221,73,70,3,3
49222,110,104,6,6
49223,88,68,20,20
49224,87,78,9,9
49225,53,45,8,8
49226,96,86,10,10
49227,70,74,-4,4
49228,80,80,0,0
49229,80,72,8,8
49230,78,66,12,12
49231,45,36,9,9
49232,97,88,9,9
49233,172,151,21,21
49234,92,84,8,8
49235,72,66,6,6
49236,125,121,4,4
49237,72,64,8,8
49238,156,139,17,17
49239,61,56,5,5
49240,118,111,7,7
49241,89,100,-11,11
49242,126,97,29,29
49243,121,101,20,20
49244,63,65,-2,2
49245,96,80,16,16
49246,123,104,19,19
49247,80,78,2,2
49248,120,110,10,10
49249,75,70,5,5
49250,128,116,12,12
49251,166,147,19,19
49252,129,114,15,15
49253,74,72,2,2
49254,70,69,1,1
49255,75,66,9,9
49256,115,88,27,27
49257,109,94,15,15
49258,86,77,9,9
49259,90,83,7,7
49260,95,80,15,15
49261,102,102,0,0
49262,178,154,24,24
49263,140,117,23,23
49264,148,131,17,17
49265,75,69,6,6
49266,94,75,19,19
49267,83,83,0,0
49268,184,160,24,24
49269,98,82,16,16
49270,36,28,8,8
49271,68,60,8,8
49272,88,77,11,11
49273,71,61,10,10
49274,80,65,15,15
49275,81,74,7,7
49276,98,96,2,2
49277,99,80,19,19
49278,41,43,-2,2
49279,51,43,8,8
49280,161,142,19,19
49281,76,67,9,9
49282,103,90,13,13
49283,86,70,16,16
49284,111,97,14,14
49285,132,114,18,18
49286,91,76,15,15
49287,114,87,27,27
49288,106,91,15,15
49289,140,126,14,14
49290,54,45,9,9
49291,231,196,35,35
49292,74,69,5,5
49293,59,52,7,7
49294,149,126,23,23
49295,98,81,17,17
49296,96,84,12,12
49297,98,93,5,5
49298,29,28,1,1
49299,80,69,11,11
49300,115,97,18,18
49301,75,61,14,14
49302,93,82,11,11
49303,86,76,10,10
49304,67,52,15,15
49305,56,49,7,7
49306,120,109,11,11
49307,188,157,31,31
49308,31,32,-1,1
49309,51,54,-3,3
49310,55,52,3,3
49311,81,75,6,6
49312,75,71,4,4
49313,63,59,4,4
49314,85,75,10,10
49315,32,26,6,6
49316,83,78,5,5
49317,86,84,2,2
49318,122,94,28,28
49319,46,44,2,2
49320,122,102,20,20
49321,101,93,8,8
49322,55,59,-4,4
49323,80,70,10,10
49324,106,97,9,9
49325,79,82,-3,3
49326,143,139,4,4
49327,124,113,11,11
49328,128,119,9,9
49329,88,86,2,2
49330,98,93,5,5
49331,207,173,34,34
49332,133,113,20,20
49333,46,42,4,4
49334,115,113,2,2
49335,75,55,20,20
49336,93,78,15,15
49337,99,96,3,3
49338,107,101,6,6
49339,99,85,14,14
49340,78,70,8,8
49341,104,84,20,20
49342,112,107,5,5
49343,75,66,9,9
49344,84,79,5,5
49345,87,86,1,1
49346,83,69,14,14
49347,151,133,18,18
49348,23,32,-9,9
49349,168,152,16,16
49350,62,57,5,5
49351,65,60,5,5
49352,68,64,4,4
49353,110,105,5,5
49354,159,134,25,25
49355,44,41,3,3
49356,144,127,17,17
49357,71,63,8,8
49358,71,61,10,10
49359,131,104,27,27
49360,148,91,57,57
49361,116,107,9,9
49362,117,96,21,21
49363,116,123,-7,7
49364,95,79,16,16
49365,59,61,-2,2
49366,41,33,8,8
49367,80,81,-1,1
49368,66,62,4,4
49369,98,83,15,15
49370,186,161,25,25
49371,109,92,17,17
49372,97,115,-18,18
49373,74,63,11,11
49374,113,103,10,10
49375,61,50,11,11
49376,108,98,10,10
49377,123,103,20,20
49378,78,73,5,5
49379,57,54,3,3
49380,42,39,3,3
49381,118,117,1,1
49382,59,49,10,10
49383,96,96,0,0
49384,69,62,7,7
49385,94,76,18,18
49386,84,87,-3,3
49387,182,172,10,10
49388,44,42,2,2
49389,74,76,-2,2
49390,84,64,20,20
49391,173,147,26,26
49392,73,71,2,2
49393,67,59,8,8
49394,84,79,5,5
49395,106,96,10,10
49396,80,75,5,5
49397,79,83,-4,4
49398,61,50,11,11
49399,73,70,3,3
49400,50,41,9,9
49401,94,81,13,13
49402,86,83,3,3
49403,71,60,11,11
49404,60,64,-4,4
49405,126,114,12,12
49406,60,52,8,8
49407,65,53,12,12
49408,83,72,11,11
49409,47,39,8,8
49410,234,179,55,55
49411,101,79,22,22
49412,111,98,13,13
49413,65,54,11,11
49414,50,50,0,0
49415,63,62,1,1
49416,121,118,3,3
49417,63,45,18,18
49418,105,88,17,17
49419,51,54,-3,3
49420,85,70,15,15
49421,154,123,31,31
49422,130,113,17,17
49423,95,83,12,12
49424,55,48,7,7
49425,95,88,7,7
49426,154,135,19,19
49427,109,94,15,15
49428,57,59,-2,2
49429,109,94,15,15
49430,125,96,29,29
49431,85,71,14,14
49432,76,60,16,16
49433,66,73,-7,7
49434,89,73,16,16
49435,64,57,7,7
49436,46,49,-3,3
49437,79,72,7,7
49438,114,103,11,11
49439,73,60,13,13
49440,130,120,10,10
49441,78,63,15,15
49442,62,65,-3,3
49443,49,42,7,7
49444,65,62,3,3
49445,66,58,8,8
49446,72,70,2,2
49447,81,73,8,8
49448,131,120,11,11
49449,113,104,9,9
49450,103,89,14,14
49451,60,52,8,8
49452,61,51,10,10
49453,62,55,7,7
49454,79,66,13,13
49455,111,116,-5,5
49456,108,94,14,14
49457,124,94,30,30
49458,93,90,3,3
49459,121,113,8,8
49460,49,43,6,6
49461,72,68,4,4
49462,86,64,22,22
49463,64,59,5,5
49464,95,75,20,20
49465,108,104,4,4
49466,148,131,17,17
49467,71,60,11,11
49468,85,91,-6,6
49469,72,67,5,5
49470,107,98,9,9
49471,121,101,20,20
49472,119,93,26,26
49473,81,93,-12,12
49474,94,86,8,8
49475,147,109,38,38
49476,101,95,6,6
49477,106,101,5,5
49478,59,56,3,3
49479,70,63,7,7
49480,52,44,8,8
49481,89,72,17,17
49482,128,113,15,15
49483,111,104,7,7
49484,146,131,15,15
49485,49,43,6,6
49486,110,97,13,13
49487,119,96,23,23
49488,96,88,8,8
49489,119,105,14,14
49490,140,121,19,19
49491,124,110,14,14
49492,90,76,14,14
49493,68,63,5,5
49494,92,90,2,2
49495,163,142,21,21
49496,77,66,11,11
49497,103,91,12,12
49498,126,97,29,29
49499,70,66,4,4
49500,127,108,19,19
49501,76,72,4,4
49502,138,126,12,12
49503,88,85,3,3
49504,58,71,-13,13
49505,68,59,9,9
49506,146,135,11,11
49507,139,130,9,9
49508,71,67,4,4
49509,143,121,22,22
49510,123,98,25,25
49511,55,52,3,3
49512,93,84,9,9
49513,74,75,-1,1
49514,122,107,15,15
49515,79,72,7,7
49516,75,65,10,10
49517,72,73,-1,1
49518,122,111,11,11
49519,82,72,10,10
49520,66,61,5,5
49521,67,60,7,7
49522,62,57,5,5
49523,108,91,17,17
49524,82,75,7,7
49525,93,87,6,6
49526,57,52,5,5
49527,73,67,6,6
49528,116,93,23,23
49529,97,77,20,20
49530,107,97,10,10
49531,69,63,6,6
49532,118,103,15,15
49533,112,100,12,12
49534,75,72,3,3
49535,128,122,6,6
49536,96,88,8,8
49537,81,74,7,7
49538,149,126,23,23
49539,65,64,1,1
49540,28,21,7,7
49541,92,84,8,8
49542,82,69,13,13
49543,65,70,-5,5
49544,130,115,15,15
49545,85,77,8,8
49546,105,99,6,6
49547,119,108,11,11
49548,124,98,26,26
49549,89,78,11,11
49550,52,45,7,7
49551,95,83,12,12
49552,111,113,-2,2
49553,110,89,21,21
49554,104,92,12,12
49555,107,105,2,2
49556,79,68,11,11
49557,98,81,17,17
49558,113,103,10,10
49559,59,54,5,5
49560,86,69,17,17
49561,40,39,1,1
49562,59,49,10,10
49563,108,94,14,14
49564,49,52,-3,3
49565,86,66,20,20
49566,84,71,13,13
49567,93,81,12,12
49568,74,63,11,11
49569,73,65,8,8
49570,89,85,4,4
49571,83,79,4,4
49572,94,92,2,2
49573,103,88,15,15
49574,117,116,1,1
49575,162,141,21,21
49576,72,72,0,0
49577,107,103,4,4
49578,122,107,15,15
49579,108,99,9,9
49580,96,72,24,24
49581,98,83,15,15
49582,111,103,8,8
49583,51,46,5,5
49584,70,72,-2,2
49585,64,60,4,4
49586,47,35,12,12
49587,45,39,6,6
49588,69,80,-11,11
49589,91,83,8,8
49590,77,58,19,19
49591,83,72,11,11
49592,73,61,12,12
49593,70,62,8,8
49594,228,172,56,56
49595,50,45,5,5
49596,69,63,6,6
49597,88,77,11,11
49598,76,67,9,9
49599,80,63,17,17
49600,73,65,8,8
49601,86,78,8,8
49602,103,115,-12,12
49603,135,119,16,16
49604,75,74,1,1
49605,78,73,5,5
49606,114,92,22,22
49607,112,101,11,11
49608,66,63,3,3
49609,94,78,16,16
49610,86,69,17,17
49611,86,72,14,14
49612,115,115,0,0
49613,81,67,14,14
49614,96,98,-2,2
49615,100,91,9,9
49616,137,122,15,15
49617,71,64,7,7
49618,77,68,9,9
49619,102,88,14,14
49620,83,77,6,6
49621,87,76,11,11
49622,123,94,29,29
49623,65,62,3,3
49624,59,57,2,2
49625,98,88,10,10
49626,127,121,6,6
49627,141,116,25,25
49628,55,49,6,6
49629,63,59,4,4
49630,102,86,16,16
49631,63,63,0,0
49632,108,90,18,18
49633,105,94,11,11
49634,57,41,16,16
49635,64,46,18,18
49636,83,73,10,10
49637,97,86,11,11
49638,97,93,4,4
49639,84,83,1,1
49640,117,104,13,13
49641,99,83,16,16
49642,106,95,11,11
49643,101,90,11,11
49644,91,77,14,14
49645,131,114,17,17
49646,162,146,16,16
49647,81,72,9,9
49648,56,56,0,0
49649,120,92,28,28
49650,103,83,20,20
49651,43,36,7,7
49652,59,53,6,6
49653,90,78,12,12
49654,116,100,16,16
49655,55,43,12,12
49656,97,79,18,18
49657,99,86,13,13
49658,52,51,1,1
49659,32,26,6,6
49660,91,91,0,0
49661,92,87,5,5
49662,52,48,4,4
49663,159,134,25,25
49664,144,118,26,26
49665,115,105,10,10
49666,44,44,0,0
49667,114,105,9,9
49668,183,154,29,29
49669,94,80,14,14
49670,82,86,-4,4
49671,85,64,21,21
49672,71,62,9,9
49673,151,134,17,17
49674,98,86,12,12
49675,116,105,11,11
49676,108,90,18,18
49677,85,74,11,11
49678,96,98,-2,2
49679,94,93,1,1
49680,59,55,4,4
49681,81,74,7,7
49682,125,112,13,13
49683,64,62,2,2
49684,106,89,17,17
49685,89,80,9,9
49686,91,71,20,20
49687,72,58,14,14
49688,69,65,4,4
49689,94,69,25,25
49690,133,114,19,19
49691,115,105,10,10
49692,92,81,11,11
49693,171,139,32,32
49694,108,96,12,12
49695,102,90,12,12
49696,133,130,3,3
49697,89,73,16,16
49698,93,81,12,12
49699,39,40,-1,1
49700,119,101,18,18
49701,116,99,17,17
49702,71,54,17,17
49703,121,114,7,7
49704,109,96,13,13
49705,121,98,23,23
49706,87,80,7,7
49707,73,75,-2,2
49708,103,83,20,20
49709,50,49,1,1
49710,53,47,6,6
49711,94,85,9,9
49712,143,136,7,7
49713,68,55,13,13
49714,148,123,25,25
49715,54,42,12,12
49716,121,101,20,20
49717,116,108,8,8
49718,91,90,1,1
49719,74,62,12,12
49720,68,59,9,9
49721,129,117,12,12
49722,69,58,11,11
49723,43,45,-2,2
49724,125,105,20,20
49725,101,99,2,2
49726,188,157,31,31
49727,135,113,22,22
49728,57,53,4,4
49729,96,87,9,9
49730,68,57,11,11
49731,154,127,27,27
49732,101,91,10,10
49733,48,46,2,2
49734,62,62,0,0
49735,182,156,26,26
49736,83,64,19,19
49737,52,46,6,6
49738,97,74,23,23
49739,108,91,17,17
49740,90,98,-8,8
49741,88,78,10,10
49742,109,101,8,8
49743,84,87,-3,3
49744,93,94,-1,1
49745,87,74,13,13
49746,75,65,10,10
49747,77,72,5,5
49748,159,133,26,26
49749,56,51,5,5
49750,135,103,32,32
49751,42,41,1,1
49752,42,33,9,9
49753,82,87,-5,5
49754,106,95,11,11
49755,98,98,0,0
49756,59,57,2,2
49757,158,127,31,31
49758,109,106,3,3
49759,93,83,10,10
49760,174,153,21,21
49761,91,80,11,11
49762,138,106,32,32
49763,104,90,14,14
49764,92,84,8,8
49765,67,64,3,3
49766,87,86,1,1
49767,135,114,21,21
49768,102,83,19,19
49769,164,138,26,26
49770,67,64,3,3
49771,106,82,24,24
49772,88,86,2,2
49773,109,95,14,14
49774,97,79,18,18
49775,49,46,3,3
49776,124,110,14,14
49777,64,55,9,9
49778,160,132,28,28
49779,108,98,10,10
49780,71,60,11,11
49781,108,91,17,17
49782,87,78,9,9
49783,181,156,25,25
49784,100,80,20,20
49785,52,44,8,8
49786,128,115,13,13
49787,84,74,10,10
49788,123,102,21,21
49789,131,121,10,10
49790,113,107,6,6
49791,127,116,11,11
49792,85,80,5,5
49793,71,64,7,7
49794,108,99,9,9
49795,74,62,12,12
49796,160,137,23,23
49797,72,70,2,2
49798,75,67,8,8
49799,122,114,8,8
49800,85,77,8,8
49801,74,72,2,2
49802,44,65,-21,21
49803,110,114,-4,4
49804,64,63,1,1
49805,40,42,-2,2
49806,124,102,22,22
49807,88,77,11,11
49808,123,110,13,13
49809,122,113,9,9
49810,122,111,11,11
49811,104,87,17,17
49812,100,94,6,6
49813,83,68,15,15
49814,50,51,-1,1
49815,93,83,10,10
49816,91,79,12,12
49817,78,70,8,8
49818,121,99,22,22
49819,90,80,10,10
49820,53,51,2,2
49821,112,99,13,13
49822,82,73,9,9
49823,167,147,20,20
49824,97,82,15,15
49825,63,54,9,9
49826,112,103,9,9
49827,102,77,25,25
49828,78,70,8,8
49829,124,111,13,13
49830,60,50,10,10
49831,59,46,13,13
49832,55,54,1,1
49833,154,137,17,17
49834,86,75,11,11
49835,102,87,15,15
49836,70,66,4,4
49837,47,45,2,2
49838,79,57,22,22
49839,62,55,7,7
49840,114,121,-7,7
49841,117,96,21,21
49842,60,54,6,6
49843,86,68,18,18
49844,152,136,16,16
49845,168,153,15,15
49846,124,120,4,4
49847,60,49,11,11
49848,125,104,21,21
49849,62,59,3,3
49850,88,84,4,4
49851,66,57,9,9
49852,175,148,27,27
49853,88,78,10,10
49854,45,45,0,0
49855,74,66,8,8
49856,135,124,11,11
49857,106,93,13,13
49858,130,106,24,24
49859,79,76,3,3
49860,81,73,8,8
49861,65,64,1,1
49862,107,85,22,22
49863,97,82,15,15
49864,76,76,0,0
49865,116,94,22,22
49866,59,53,6,6
49867,54,55,-1,1
49868,98,85,13,13
49869,128,134,-6,6
49870,106,97,9,9
49871,78,72,6,6
49872,131,121,10,10
49873,69,60,9,9
49874,153,144,9,9
49875,71,66,5,5
49876,67,61,6,6
49877,107,93,14,14
49878,75,86,-11,11
49879,87,81,6,6
49880,94,74,20,20
49881,90,88,2,2
49882,74,70,4,4
49883,135,115,20,20
49884,134,121,13,13
49885,151,129,22,22
49886,92,90,2,2
49887,92,89,3,3
49888,80,76,4,4
49889,91,83,8,8
49890,89,82,7,7
49891,86,72,14,14
49892,76,69,7,7
49893,107,95,12,12
49894,140,100,40,40
49895,85,91,-6,6
49896,85,73,12,12
49897,69,55,14,14
49898,96,84,12,12
49899,62,52,10,10
49900,79,65,14,14
49901,138,105,33,33
49902,115,94,21,21
49903,106,89,17,17
49904,93,82,11,11
49905,122,108,14,14
49906,106,87,19,19
49907,90,80,10,10
49908,88,70,18,18
49909,72,65,7,7
49910,84,84,0,0
49911,138,125,13,13
49912,92,87,5,5
49913,95,85,10,10
49914,86,71,15,15
49915,73,59,14,14
49916,70,69,1,1
49917,61,54,7,7
49918,161,141,20,20
49919,89,75,14,14
49920,130,114,16,16
49921,99,63,36,36
49922,79,70,9,9
49923,47,45,2,2
49924,75,78,-3,3
49925,69,61,8,8
49926,78,72,6,6
49927,45,38,7,7
49928,67,70,-3,3
49929,99,95,4,4
49930,92,94,-2,2
49931,116,104,12,12
49932,132,108,24,24
49933,88,83,5,5
49934,94,87,7,7
49935,112,111,1,1
49936,40,45,-5,5
49937,58,52,6,6
49938,88,70,18,18
49939,85,75,10,10
49940,86,35,51,51
49941,145,134,11,11
49942,105,90,15,15
49943,99,85,14,14
49944,62,54,8,8
49945,95,86,9,9
49946,90,73,17,17
49947,57,41,16,16
49948,104,90,14,14
49949,70,59,11,11
49950,103,80,23,23
49951,102,79,23,23
49952,56,54,2,2
49953,67,60,7,7
49954,65,61,4,4
49955,65,64,1,1
49956,100,113,-13,13
49957,77,80,-3,3
49958,140,112,28,28
49959,86,69,17,17
49960,123,108,15,15
49961,33,69,-36,36
49962,102,87,15,15
49963,116,100,16,16
49964,63,59,4,4
49965,79,74,5,5
49966,160,136,24,24
49967,60,52,8,8
49968,65,55,10,10
49969,84,77,7,7
49970,67,59,8,8
49971,90,81,9,9
49972,70,71,-1,1
49973,68,63,5,5
49974,104,105,-1,1
49975,87,79,8,8
49976,124,96,28,28
49977,128,115,13,13
49978,166,150,16,16
49979,72,67,5,5
49980,54,50,4,4
49981,111,93,18,18
49982,93,75,18,18
49983,107,90,17,17
49984,137,123,14,14
49985,89,76,13,13
49986,68,56,12,12
49987,52,47,5,5
49988,75,73,2,2
49989,79,66,13,13
49990,48,47,1,1
49991,75,66,9,9
49992,85,75,10,10
49993,78,72,6,6
49994,101,86,15,15
49995,173,140,33,33
49996,90,74,16,16
49997,55,46,9,9
49998,98,93,5,5
49999,131,105,26,26
50000,149,122,27,27
50001,90,78,12,12
50002,51,43,8,8
50003,68,63,5,5
50004,111,90,21,21
50005,77,74,3,3
50006,150,128,22,22
50007,123,109,14,14
50008,42,39,3,3
50009,111,100,11,11
50010,73,68,5,5
50011,77,71,6,6
50012,74,80,-6,6
50013,145,113,32,32
50014,77,62,15,15
50015,102,94,8,8
50016,79,70,9,9
50017,65,57,8,8
50018,64,57,7,7
50019,54,39,15,15
50020,127,104,23,23
50021,126,119,7,7
50022,83,75,8,8
50023,108,90,18,18
50024,103,90,13,13
50025,132,123,9,9
50026,141,118,23,23
50027,132,120,12,12
50028,71,64,7,7
50029,111,99,12,12
50030,133,111,22,22
50031,102,90,12,12
50032,57,50,7,7
50033,92,95,-3,3
50034,120,98,22,22
50035,85,73,12,12
50036,86,81,5,5
50037,79,66,13,13
50038,69,71,-2,2
50039,63,45,18,18
50040,118,111,7,7
50041,132,115,17,17
50042,72,67,5,5
50043,98,100,-2,2
50044,110,98,12,12
50045,105,102,3,3
50046,67,60,7,7
50047,92,85,7,7
50048,118,121,-3,3
50049,134,108,26,26
50050,70,62,8,8
50051,129,112,17,17
50052,67,57,10,10
50053,36,28,8,8
50054,137,131,6,6
50055,40,47,-7,7
50056,89,81,8,8
50057,89,77,12,12
50058,83,75,8,8
50059,70,78,-8,8
50060,125,114,11,11
50061,113,97,16,16
50062,64,56,8,8
50063,101,85,16,16
50064,92,82,10,10
50065,118,103,15,15
50066,70,64,6,6
50067,87,105,-18,18
50068,112,97,15,15
50069,195,181,14,14
50070,122,112,10,10
50071,59,52,7,7
50072,155,132,23,23
50073,131,110,21,21
50074,143,109,34,34
50075,117,95,22,22
50076,120,106,14,14
50077,113,94,19,19
50078,102,89,13,13
50079,131,109,22,22
50080,105,88,17,17
50081,87,80,7,7
50082,66,55,11,11
50083,122,127,-5,5
50084,116,94,22,22
50085,104,91,13,13
50086,51,47,4,4
50087,90,85,5,5
50088,87,77,10,10
50089,93,93,0,0
50090,61,58,3,3
50091,106,98,8,8
50092,47,48,-1,1
50093,80,69,11,11
50094,74,63,11,11
50095,50,44,6,6
50096,167,149,18,18
50097,56,47,9,9
50098,110,112,-2,2
50099,160,118,42,42
50100,105,100,5,5
50101,63,54,9,9
50102,97,88,9,9
50103,98,88,10,10
50104,108,96,12,12
50105,105,94,11,11
50106,119,97,22,22
50107,144,120,24,24
50108,65,55,10,10
50109,112,94,18,18
50110,113,94,19,19
50111,98,95,3,3
50112,83,70,13,13
50113,170,150,20,20
50114,88,85,3,3
50115,109,92,17,17
50116,92,78,14,14
50117,121,110,11,11
50118,58,44,14,14
50119,96,114,-18,18
50120,108,90,18,18
50121,150,135,15,15
50122,78,70,8,8
50123,43,36,7,7
50124,49,50,-1,1
50125,173,144,29,29
50126,100,86,14,14
50127,104,90,14,14
50128,76,80,-4,4
50129,108,96,12,12
50130,148,128,20,20
50131,74,67,7,7
50132,72,59,13,13
50133,78,63,15,15
50134,108,100,8,8
50135,92,86,6,6
50136,94,90,4,4
50137,104,94,10,10
50138,102,103,-1,1
50139,70,63,7,7
50140,88,74,14,14
50141,104,97,7,7
50142,115,86,29,29
50143,87,69,18,18
50144,110,100,10,10
50145,70,66,4,4
50146,78,72,6,6
50147,80,74,6,6
50148,56,48,8,8
50149,125,112,13,13
50150,79,68,11,11
50151,90,73,17,17
50152,134,123,11,11
50153,123,115,8,8
50154,116,89,27,27
50155,79,74,5,5
50156,100,105,-5,5
50157,55,52,3,3
50158,86,74,12,12
50159,125,117,8,8
50160,68,60,8,8
50161,73,71,2,2
50162,103,86,17,17
50163,172,159,13,13
50164,18,22,-4,4
50165,80,73,7,7
50166,64,56,8,8
50167,90,80,10,10
50168,100,92,8,8
50169,52,53,-1,1
50170,199,160,39,39
50171,90,84,6,6
50172,80,89,-9,9
50173,138,130,8,8
50174,64,61,3,3
50175,101,85,16,16
50176,116,117,-1,1
50177,134,105,29,29
50178,113,97,16,16
50179,84,74,10,10
50180,55,62,-7,7
50181,194,168,26,26
50182,81,75,6,6
50183,100,85,15,15
50184,97,90,7,7
50185,64,57,7,7
50186,55,50,5,5
50187,68,65,3,3
50188,103,93,10,10
50189,102,81,21,21
50190,68,56,12,12
50191,95,81,14,14
50192,74,66,8,8
50193,77,46,31,31
50194,97,94,3,3
50195,77,58,19,19
50196,124,109,15,15
50197,62,61,1,1
50198,78,72,6,6
50199,149,129,20,20
50200,53,54,-1,1
50201,80,72,8,8
50202,82,79,3,3
50203,69,63,6,6
50204,80,80,0,0
50205,45,40,5,5
50206,66,63,3,3
50207,46,50,-4,4
50208,82,79,3,3
50209,45,41,4,4
50210,105,92,13,13
50211,109,88,21,21
50212,89,80,9,9
50213,69,62,7,7
50214,132,98,34,34
50215,106,96,10,10
50216,132,115,17,17
50217,141,126,15,15
50218,282,259,23,23
50219,151,147,4,4
50220,93,80,13,13
50221,129,122,7,7
50222,82,86,-4,4
50223,72,67,5,5
50224,86,75,11,11
50225,42,35,7,7
50226,85,71,14,14
50227,105,85,20,20
50228,110,96,14,14
50229,50,46,4,4
50230,88,89,-1,1
50231,98,79,19,19
50232,85,69,16,16
50233,122,116,6,6
50234,122,135,-13,13
50235,124,106,18,18
50236,77,70,7,7
50237,117,105,12,12
50238,98,101,-3,3
50239,90,74,16,16
50240,129,108,21,21
50241,88,90,-2,2
50242,73,69,4,4
50243,77,72,5,5
50244,139,133,6,6
50245,96,83,13,13
50246,102,84,18,18
50247,87,81,6,6
50248,70,62,8,8
50249,159,141,18,18
50250,60,55,5,5
50251,69,60,9,9
50252,113,102,11,11
50253,156,135,21,21
50254,118,98,20,20
50255,53,46,7,7
50256,104,97,7,7
50257,83,71,12,12
50258,67,53,14,14
50259,95,94,1,1
50260,103,91,12,12
50261,132,128,4,4
50262,115,96,19,19
50263,89,82,7,7
50264,107,91,16,16
50265,99,93,6,6
50266,97,86,11,11
50267,54,53,1,1
50268,101,92,9,9
50269,97,78,19,19
50270,81,76,5,5
50271,150,147,3,3
50272,76,92,-16,16
50273,87,84,3,3
50274,101,106,-5,5
50275,51,46,5,5
50276,99,86,13,13
50277,76,64,12,12
50278,170,147,23,23
50279,129,101,28,28
50280,73,70,3,3
50281,172,163,9,9
50282,142,125,17,17
50283,104,94,10,10
50284,125,107,18,18
50285,51,48,3,3
50286,127,115,12,12
50287,150,124,26,26
50288,71,67,4,4
50289,129,126,3,3
50290,92,89,3,3
50291,83,71,12,12
50292,82,77,5,5
50293,143,137,6,6
50294,105,93,12,12
50295,60,52,8,8
50296,79,75,4,4
50297,26,25,1,1
50298,131,104,27,27
50299,90,73,17,17
50300,72,65,7,7
50301,62,60,2,2
50302,76,66,10,10
50303,138,123,15,15
50304,81,68,13,13
50305,108,90,18,18
50306,88,87,1,1
50307,115,109,6,6
50308,123,109,14,14
50309,89,85,4,4
50310,123,110,13,13
50311,104,88,16,16
50312,67,58,9,9
50313,82,79,3,3
50314,68,54,14,14
50315,72,61,11,11
50316,92,82,10,10
50317,60,54,6,6
50318,76,85,-9,9
50319,91,89,2,2
50320,95,76,19,19
50321,101,97,4,4
50322,96,87,9,9
50323,122,102,20,20
50324,139,124,15,15
50325,141,104,37,37
50326,89,74,15,15
50327,103,106,-3,3
50328,51,54,-3,3
50329,75,76,-1,1
50330,107,98,9,9
50331,64,61,3,3
50332,54,48,6,6
50333,90,77,13,13
50334,75,71,4,4
50335,136,114,22,22
50336,99,97,2,2
50337,128,129,-1,1
50338,125,90,35,35
50339,131,108,23,23
50340,61,46,15,15
50341,60,50,10,10
50342,70,74,-4,4
50343,136,127,9,9
50344,91,74,17,17
50345,74,64,10,10
50346,63,60,3,3
50347,113,94,19,19
50348,78,60,18,18
50349,208,170,38,38
50350,153,134,19,19
50351,154,136,18,18
50352,92,82,10,10
50353,61,55,6,6
50354,88,84,4,4
50355,53,59,-6,6
50356,60,50,10,10
50357,101,87,14,14
50358,108,95,13,13
50359,70,58,12,12
50360,73,62,11,11
50361,86,81,5,5
50362,63,54,9,9
50363,105,100,5,5
50364,72,57,15,15
50365,145,123,22,22
50366,71,63,8,8
50367,148,121,27,27
50368,68,69,-1,1
50369,158,133,25,25
50370,176,156,20,20
50371,98,65,33,33
50372,151,129,22,22
50373,72,81,-9,9
50374,48,45,3,3
50375,77,64,13,13
50376,65,54,11,11
50377,107,96,11,11
50378,93,78,15,15
50379,103,101,2,2
50380,95,83,12,12
50381,45,45,0,0
50382,148,128,20,20
50383,130,113,17,17
50384,123,109,14,14
50385,91,86,5,5
50386,127,139,-12,12
50387,66,67,-1,1
50388,71,65,6,6
50389,133,115,18,18
50390,111,107,4,4
50391,92,89,3,3
50392,72,62,10,10
50393,70,62,8,8
50394,158,140,18,18
50395,56,47,9,9
50396,63,58,5,5
50397,73,64,9,9
50398,170,142,28,28
50399,118,110,8,8
50400,83,80,3,3
50401,59,57,2,2
50402,95,74,21,21
50403,79,55,24,24
50404,79,65,14,14
50405,103,108,-5,5
50406,127,112,15,15
50407,93,86,7,7
50408,82,71,11,11
50409,48,44,4,4
50410,90,83,7,7
50411,76,61,15,15
50412,91,85,6,6
50413,43,44,-1,1
50414,66,62,4,4
50415,55,54,1,1
50416,93,85,8,8
50417,102,88,14,14
50418,56,52,4,4
50419,91,82,9,9
50420,126,119,7,7
50421,78,77,1,1
50422,81,70,11,11
50423,103,95,8,8
50424,114,97,17,17
50425,103,91,12,12
50426,137,129,8,8
50427,111,97,14,14
50428,71,65,6,6
50429,99,76,23,23
50430,118,104,14,14
50431,145,124,21,21
50432,83,71,12,12
50433,59,47,12,12
50434,79,73,6,6
50435,60,53,7,7
50436,59,48,11,11
50437,109,102,7,7
50438,74,72,2,2
50439,125,121,4,4
50440,112,94,18,18
50441,74,67,7,7
50442,149,134,15,15
50443,79,77,2,2
50444,76,67,9,9
50445,124,108,16,16
50446,62,59,3,3
50447,59,64,-5,5
50448,190,167,23,23
50449,62,66,-4,4
50450,105,106,-1,1
50451,97,75,22,22
50452,128,109,19,19
50453,113,106,7,7
50454,98,81,17,17
50455,37,38,-1,1
50456,136,123,13,13
50457,79,84,-5,5
50458,47,47,0,0
50459,98,80,18,18
50460,101,95,6,6
50461,87,78,9,9
50462,49,51,-2,2
50463,88,66,22,22
50464,92,79,13,13
50465,128,114,14,14
50466,111,96,15,15
50467,106,86,20,20
50468,57,57,0,0
50469,95,91,4,4
50470,60,51,9,9
50471,131,110,21,21
50472,88,71,17,17
50473,83,78,5,5
50474,109,93,16,16
50475,114,103,11,11
50476,84,80,4,4
50477,85,78,7,7
50478,86,77,9,9
50479,76,69,7,7
50480,112,92,20,20
50481,106,100,6,6
50482,56,48,8,8
50483,120,114,6,6
50484,53,52,1,1
50485,32,40,-8,8
50486,184,171,13,13
50487,82,67,15,15
50488,66,57,9,9
50489,67,69,-2,2
50490,123,114,9,9
50491,123,107,16,16
50492,146,121,25,25
50493,74,65,9,9
50494,113,97,16,16
50495,102,98,4,4
50496,143,117,26,26
50497,88,79,9,9
50498,136,120,16,16
50499,149,137,12,12
50500,165,152,13,13
50501,59,54,5,5
50502,87,75,12,12
50503,85,71,14,14
50504,54,55,-1,1
50505,48,33,15,15
50506,73,60,13,13
50507,74,64,10,10
50508,125,121,4,4
50509,71,57,14,14
50510,36,33,3,3
50511,127,100,27,27
50512,71,61,10,10
50513,92,81,11,11
50514,55,51,4,4
50515,62,52,10,10
50516,76,61,15,15
50517,64,52,12,12
50518,129,117,12,12
50519,147,130,17,17
50520,69,61,8,8
50521,76,63,13,13
50522,86,78,8,8
50523,66,50,16,16
50524,76,64,12,12
50525,74,71,3,3
50526,54,48,6,6
50527,109,102,7,7
50528,141,122,19,19
50529,55,52,3,3
50530,121,96,25,25
50531,79,73,6,6
50532,80,67,13,13
50533,156,142,14,14
50534,44,36,8,8
50535,114,94,20,20
50536,105,92,13,13
50537,73,68,5,5
50538,84,74,10,10
50539,176,153,23,23
50540,62,53,9,9
50541,121,103,18,18
50542,114,109,5,5
50543,87,81,6,6
50544,77,79,-2,2
50545,64,55,9,9
50546,165,146,19,19
50547,139,135,4,4
50548,121,109,12,12
50549,97,83,14,14
50550,193,153,40,40
50551,125,121,4,4
50552,76,82,-6,6
50553,54,42,12,12
50554,134,128,6,6
50555,72,66,6,6
50556,96,85,11,11
50557,37,33,4,4
50558,125,107,18,18
50559,87,72,15,15
50560,33,26,7,7
50561,71,67,4,4
50562,53,47,6,6
50563,59,52,7,7
50564,110,92,18,18
50565,82,76,6,6
50566,110,96,14,14
50567,64,54,10,10
50568,65,57,8,8
50569,134,110,24,24
50570,58,57,1,1
50571,90,85,5,5
50572,79,77,2,2
50573,66,75,-9,9
50574,88,91,-3,3
50575,89,109,-20,20
50576,124,114,10,10
50577,111,97,14,14
50578,144,122,22,22
50579,131,124,7,7
50580,133,120,13,13
50581,104,91,13,13
50582,63,59,4,4
50583,72,59,13,13
50584,76,66,10,10
50585,59,47,12,12
50586,110,93,17,17
50587,69,58,11,11
50588,112,97,15,15
50589,41,45,-4,4
50590,135,119,16,16
50591,101,111,-10,10
50592,86,75,11,11
50593,116,116,0,0
50594,88,77,11,11
50595,74,78,-4,4
50596,41,40,1,1
50597,91,90,1,1
50598,164,143,21,21
50599,58,47,11,11
50600,203,168,35,35
50601,84,78,6,6
50602,91,68,23,23
50603,98,92,6,6
50604,123,115,8,8
50605,63,49,14,14
50606,88,70,18,18
50607,92,90,2,2
50608,117,103,14,14
50609,72,58,14,14
50610,69,62,7,7
50611,77,68,9,9
50612,77,66,11,11
50613,73,60,13,13
50614,94,83,11,11
50615,118,101,17,17
50616,98,87,11,11
50617,82,72,10,10
50618,137,116,21,21
50619,84,85,-1,1
50620,113,99,14,14
50621,145,117,28,28
50622,67,60,7,7
50623,101,96,5,5
50624,37,45,-8,8
50625,49,50,-1,1
50626,63,57,6,6
50627,76,68,8,8
50628,216,173,43,43
50629,138,132,6,6
50630,96,88,8,8
50631,76,76,0,0
50632,66,58,8,8
50633,55,43,12,12
50634,92,83,9,9
50635,83,78,5,5
50636,107,110,-3,3
50637,124,105,19,19
50638,78,66,12,12
50639,149,139,10,10
50640,154,137,17,17
50641,67,57,10,10
50642,82,75,7,7
50643,99,91,8,8
50644,107,102,5,5
50645,156,139,17,17
50646,174,178,-4,4
50647,103,90,13,13
50648,116,108,8,8
50649,44,31,13,13
50650,108,98,10,10
50651,94,96,-2,2
50652,63,59,4,4
50653,95,84,11,11
50654,57,53,4,4
50655,72,64,8,8
50656,72,67,5,5
50657,101,93,8,8
50658,94,106,-12,12
50659,86,66,20,20
50660,157,134,23,23
50661,56,52,4,4
50662,77,71,6,6
50663,76,77,-1,1
50664,164,151,13,13
50665,68,70,-2,2
50666,65,67,-2,2
50667,124,112,12,12
50668,62,53,9,9
50669,138,120,18,18
50670,146,129,17,17
50671,135,140,-5,5
50672,124,102,22,22
50673,105,93,12,12
50674,71,60,11,11
50675,84,75,9,9
50676,84,67,17,17
50677,70,59,11,11
50678,112,94,18,18
50679,127,114,13,13
50680,51,106,-55,55
50681,104,94,10,10
50682,96,92,4,4
50683,97,78,19,19
50684,72,65,7,7
50685,117,102,15,15
50686,115,117,-2,2
50687,76,70,6,6
50688,98,90,8,8
50689,70,68,2,2
50690,97,94,3,3
50691,131,130,1,1
50692,50,46,4,4
50693,68,59,9,9
50694,64,55,9,9
50695,103,96,7,7
50696,48,41,7,7
50697,106,93,13,13
50698,80,73,7,7
50699,131,123,8,8
50700,59,56,3,3
50701,196,173,23,23
50702,143,139,4,4
50703,74,63,11,11
50704,69,66,3,3
50705,70,65,5,5
50706,114,93,21,21
50707,70,59,11,11
50708,42,40,2,2
50709,112,115,-3,3
50710,79,68,11,11
50711,159,142,17,17
50712,121,98,23,23
50713,69,66,3,3
50714,93,76,17,17
50715,90,80,10,10
50716,91,87,4,4
50717,65,58,7,7
50718,136,129,7,7
50719,65,59,6,6
50720,51,52,-1,1
50721,131,111,20,20
50722,81,77,4,4
50723,60,107,-47,47
50724,99,85,14,14
50725,37,64,-27,27
50726,131,106,25,25
50727,164,130,34,34
50728,63,60,3,3
50729,208,174,34,34
50730,40,46,-6,6
50731,94,91,3,3
50732,114,104,10,10
50733,72,69,3,3
50734,83,70,13,13
50735,65,60,5,5
50736,124,114,10,10
50737,45,41,4,4
50738,78,69,9,9
50739,139,121,18,18
50740,63,60,3,3
50741,88,85,3,3
50742,81,74,7,7
50743,79,61,18,18
50744,106,93,13,13
50745,129,111,18,18
50746,107,102,5,5
50747,67,66,1,1
50748,119,108,11,11
50749,96,92,4,4
50750,96,78,18,18
50751,64,63,1,1
50752,110,96,14,14
50753,122,117,5,5
50754,159,144,15,15
50755,84,77,7,7
50756,78,68,10,10
50757,186,173,13,13
50758,77,67,10,10
50759,95,80,15,15
50760,78,69,9,9
50761,84,89,-5,5
50762,115,99,16,16
50763,104,94,10,10
50764,84,67,17,17
50765,94,79,15,15
50766,103,87,16,16
50767,120,107,13,13
50768,80,78,2,2
50769,63,49,14,14
50770,113,108,5,5
50771,82,82,0,0
50772,111,100,11,11
50773,103,96,7,7
50774,122,108,14,14
50775,81,73,8,8
50776,141,127,14,14
50777,122,110,12,12
50778,136,120,16,16
50779,67,62,5,5
50780,91,91,0,0
50781,86,78,8,8
50782,97,80,17,17
50783,42,59,-17,17
50784,63,60,3,3
50785,118,105,13,13
50786,81,82,-1,1
50787,62,49,13,13
50788,55,49,6,6
50789,89,81,8,8
50790,71,62,9,9
50791,57,58,-1,1
50792,83,77,6,6
50793,153,130,23,23
50794,106,91,15,15
50795,122,97,25,25
50796,76,67,9,9
50797,90,85,5,5
50798,70,74,-4,4
50799,33,28,5,5
50800,83,70,13,13
50801,50,48,2,2
50802,118,102,16,16
50803,115,97,18,18
50804,45,40,5,5
50805,58,49,9,9
50806,38,38,0,0
50807,97,93,4,4
50808,39,43,-4,4
50809,28,24,4,4
50810,117,106,11,11
50811,115,96,19,19
50812,121,108,13,13
50813,105,100,5,5
50814,88,75,13,13
50815,64,62,2,2
50816,85,78,7,7
50817,103,77,26,26
50818,76,64,12,12
50819,60,58,2,2
50820,73,66,7,7
50821,70,59,11,11
50822,54,49,5,5
50823,83,81,2,2
50824,77,69,8,8
50825,58,46,12,12
50826,105,83,22,22
50827,145,129,16,16
50828,119,94,25,25
50829,100,88,12,12
50830,84,79,5,5
50831,88,73,15,15
50832,90,76,14,14
50833,65,66,-1,1
50834,131,117,14,14
50835,76,80,-4,4
50836,166,158,8,8
50837,52,44,8,8
50838,156,146,10,10
50839,139,140,-1,1
50840,80,66,14,14
50841,73,71,2,2
50842,94,84,10,10
50843,83,75,8,8
50844,108,89,19,19
50845,71,62,9,9
50846,98,100,-2,2
50847,94,85,9,9
50848,99,86,13,13
50849,29,26,3,3
50850,85,70,15,15
50851,92,83,9,9
50852,96,88,8,8
50853,107,91,16,16
50854,31,45,-14,14
50855,80,57,23,23
50856,86,75,11,11
50857,147,127,20,20
50858,113,103,10,10
50859,58,54,4,4
50860,69,67,2,2
50861,81,76,5,5
50862,105,97,8,8
50863,146,119,27,27
50864,126,111,15,15
50865,72,68,4,4
50866,110,97,13,13
50867,140,129,11,11
50868,93,76,17,17
50869,88,79,9,9
50870,84,90,-6,6
50871,57,49,8,8
50872,78,68,10,10
50873,76,63,13,13
50874,143,116,27,27
50875,108,126,-18,18
50876,45,49,-4,4
50877,87,80,7,7
50878,77,72,5,5
50879,96,104,-8,8
50880,84,74,10,10
50881,60,55,5,5
50882,74,74,0,0
50883,83,72,11,11
50884,69,59,10,10
50885,58,47,11,11
50886,73,63,10,10
50887,81,77,4,4
50888,106,85,21,21
50889,140,136,4,4
50890,75,68,7,7
50891,102,94,8,8
50892,137,108,29,29
50893,63,83,-20,20
50894,80,70,10,10
50895,65,60,5,5
50896,151,130,21,21
50897,138,126,12,12
50898,104,86,18,18
50899,142,121,21,21
50900,77,79,-2,2
50901,102,99,3,3
50902,83,74,9,9
50903,74,73,1,1
50904,113,101,12,12
50905,115,101,14,14
50906,86,84,2,2
50907,66,53,13,13
50908,123,105,18,18
50909,173,152,21,21
50910,138,132,6,6
50911,121,107,14,14
50912,187,167,20,20
50913,103,86,17,17
50914,93,136,-43,43
50915,134,117,17,17
50916,84,71,13,13
50917,140,119,21,21
50918,139,116,23,23
50919,112,108,4,4
50920,81,73,8,8
50921,48,40,8,8
50922,111,96,15,15
50923,133,109,24,24
50924,158,138,20,20
50925,47,44,3,3
50926,115,110,5,5
50927,59,58,1,1
50928,136,120,16,16
50929,86,82,4,4
50930,89,87,2,2
50931,104,96,8,8
50932,88,80,8,8
50933,68,63,5,5
50934,105,87,18,18
50935,122,104,18,18
50936,93,76,17,17
50937,172,154,18,18
50938,77,75,2,2
50939,141,124,17,17
50940,106,101,5,5
50941,102,97,5,5
50942,136,116,20,20
50943,83,69,14,14
50944,60,56,4,4
50945,90,92,-2,2
50946,69,63,6,6
50947,96,84,12,12
50948,101,91,10,10
50949,90,70,20,20
50950,95,89,6,6
50951,80,82,-2,2
50952,91,84,7,7
50953,125,103,22,22
50954,85,73,12,12
50955,129,117,12,12
50956,117,109,8,8
50957,77,68,9,9
50958,82,80,2,2
50959,135,122,13,13
50960,120,105,15,15
50961,89,71,18,18
50962,161,145,16,16
50963,70,65,5,5
50964,60,59,1,1
50965,172,151,21,21
50966,136,121,15,15
50967,86,71,15,15
50968,106,100,6,6
50969,107,100,7,7
50970,98,89,9,9
50971,120,133,-13,13
50972,158,140,18,18
50973,61,52,9,9
50974,101,87,14,14
50975,94,87,7,7
50976,60,61,-1,1
50977,68,62,6,6
50978,99,74,25,25
50979,56,46,10,10
50980,110,93,17,17
50981,102,93,9,9
50982,83,75,8,8
50983,92,84,8,8
50984,77,66,11,11
50985,125,128,-3,3
50986,79,63,16,16
50987,67,55,12,12
50988,113,100,13,13
50989,122,109,13,13
50990,131,117,14,14
50991,104,89,15,15
50992,89,94,-5,5
50993,92,84,8,8
50994,217,144,73,73
50995,45,36,9,9
50996,69,71,-2,2
50997,112,107,5,5
50998,146,110,36,36
50999,95,87,8,8
51000,91,84,7,7
51001,70,68,2,2
51002,75,78,-3,3
51003,95,85,10,10
51004,112,90,22,22
51005,58,53,5,5
51006,54,43,11,11
51007,94,90,4,4
51008,108,91,17,17
51009,89,82,7,7
51010,90,78,12,12
51011,129,114,15,15
51012,105,90,15,15
51013,94,80,14,14
51014,132,140,-8,8
51015,95,79,16,16
51016,68,54,14,14
51017,97,84,13,13
51018,128,110,18,18
51019,116,110,6,6
51020,93,85,8,8
51021,89,72,17,17
51022,176,167,9,9
51023,172,160,12,12
51024,54,49,5,5
51025,60,58,2,2
51026,39,32,7,7
51027,96,76,20,20
51028,60,69,-9,9
51029,52,47,5,5
51030,105,91,14,14
51031,137,121,16,16
51032,151,128,23,23
51033,108,110,-2,2
51034,100,91,9,9
51035,68,60,8,8
51036,99,91,8,8
51037,100,90,10,10
51038,112,94,18,18
51039,78,61,17,17
51040,110,100,10,10
51041,70,56,14,14
51042,122,104,18,18
51043,72,72,0,0
51044,191,160,31,31
51045,106,96,10,10
51046,102,89,13,13
51047,130,108,22,22
51048,83,76,7,7
51049,70,67,3,3
51050,93,93,0,0
51051,98,82,16,16
51052,72,64,8,8
51053,121,100,21,21
51054,157,137,20,20
51055,72,71,1,1
51056,88,79,9,9
51057,109,98,11,11
51058,129,107,22,22
51059,185,157,28,28
51060,82,81,1,1
51061,45,37,8,8
51062,47,40,7,7
51063,75,73,2,2
51064,107,87,20,20
51065,73,68,5,5
51066,90,80,10,10
51067,69,65,4,4
51068,100,102,-2,2
51069,87,68,19,19
51070,56,46,10,10
51071,83,69,14,14
51072,140,128,12,12
51073,64,50,14,14
51074,97,88,9,9
51075,86,75,11,11
51076,129,107,22,22
51077,119,101,18,18
51078,85,76,9,9
51079,109,93,16,16
51080,92,80,12,12
51081,152,121,31,31
51082,74,70,4,4
51083,147,184,-37,37
51084,117,105,12,12
51085,85,85,0,0
51086,115,115,0,0
51087,96,82,14,14
51088,109,99,10,10
51089,70,60,10,10
51090,107,92,15,15
51091,71,73,-2,2
51092,80,75,5,5
51093,117,99,18,18
51094,149,140,9,9
51095,74,65,9,9
51096,100,85,15,15
51097,131,122,9,9
51098,100,90,10,10
51099,72,64,8,8
51100,92,98,-6,6
51101,68,59,9,9
51102,71,68,3,3
51103,60,52,8,8
51104,74,67,7,7
51105,114,98,16,16
51106,44,39,5,5
51107,104,105,-1,1
51108,143,132,11,11
51109,159,140,19,19
51110,76,70,6,6
51111,93,81,12,12
51112,91,81,10,10
51113,91,84,7,7
51114,188,155,33,33
51115,85,75,10,10
51116,58,45,13,13
51117,115,101,14,14
51118,51,47,4,4
51119,49,41,8,8
51120,108,101,7,7
51121,92,87,5,5
51122,102,96,6,6
51123,113,98,15,15
51124,100,87,13,13
51125,80,65,15,15
51126,109,106,3,3
51127,72,66,6,6
51128,91,85,6,6
51129,93,83,10,10
51130,44,39,5,5
51131,104,99,5,5
51132,50,53,-3,3
51133,76,68,8,8
51134,53,45,8,8
51135,119,101,18,18
51136,105,88,17,17
51137,110,114,-4,4
51138,148,141,7,7
51139,105,86,19,19
51140,139,117,22,22
51141,97,77,20,20
51142,113,91,22,22
51143,85,76,9,9
51144,113,94,19,19
51145,60,50,10,10
51146,66,51,15,15
51147,115,101,14,14
51148,30,3,27,27
51149,76,62,14,14
51150,73,71,2,2
51151,72,73,-1,1
51152,141,121,20,20
51153,58,60,-2,2
51154,101,89,12,12
51155,80,67,13,13
51156,76,65,11,11
51157,118,108,10,10
51158,97,86,11,11
51159,96,99,-3,3
51160,40,36,4,4
51161,157,135,22,22
51162,125,109,16,16
51163,99,83,16,16
51164,66,60,6,6
51165,117,100,17,17
51166,94,90,4,4
51167,54,52,2,2
51168,62,54,8,8
51169,74,64,10,10
51170,166,143,23,23
51171,142,132,10,10
51172,81,82,-1,1
51173,110,107,3,3
51174,114,97,17,17
51175,96,86,10,10
51176,54,51,3,3
51177,97,89,8,8
51178,86,87,-1,1
51179,67,65,2,2
51180,65,58,7,7
51181,89,88,1,1
51182,86,81,5,5
51183,71,66,5,5
51184,146,136,10,10
51185,81,61,20,20
51186,108,94,14,14
51187,116,104,12,12
51188,90,87,3,3
51189,108,91,17,17
51190,127,106,21,21
51191,60,53,7,7
51192,66,51,15,15
51193,180,158,22,22
51194,52,45,7,7
51195,93,86,7,7
51196,127,114,13,13
51197,96,77,19,19
51198,110,85,25,25
51199,102,100,2,2
51200,110,100,10,10
51201,72,58,14,14
51202,161,143,18,18
51203,89,71,18,18
51204,78,67,11,11
51205,77,75,2,2
51206,80,70,10,10
51207,78,70,8,8
51208,135,107,28,28
51209,88,73,15,15
51210,102,79,23,23
51211,73,67,6,6
51212,101,90,11,11
51213,84,73,11,11
51214,87,74,13,13
51215,79,73,6,6
51216,84,78,6,6
51217,140,129,11,11
51218,106,100,6,6
51219,75,58,17,17
51220,94,82,12,12
51221,79,75,4,4
51222,93,81,12,12
51223,155,140,15,15
51224,97,92,5,5
51225,109,110,-1,1
51226,115,95,20,20
51227,126,106,20,20
51228,90,82,8,8
51229,72,69,3,3
51230,63,52,11,11
51231,105,92,13,13
51232,68,63,5,5
51233,143,132,11,11
51234,116,110,6,6
51235,121,117,4,4
51236,130,99,31,31
51237,75,65,10,10
51238,70,68,2,2
51239,109,87,22,22
51240,98,86,12,12
51241,106,83,23,23
51242,76,71,5,5
51243,60,49,11,11
51244,68,68,0,0
51245,165,136,29,29
51246,90,93,-3,3
51247,178,149,29,29
51248,79,75,4,4
51249,72,54,18,18
51250,87,77,10,10
51251,82,72,10,10
51252,57,52,5,5
51253,110,103,7,7
51254,111,98,13,13
51255,70,72,-2,2
51256,112,102,10,10
51257,52,45,7,7
51258,94,79,15,15
51259,97,88,9,9
51260,66,61,5,5
51261,67,63,4,4
51262,66,63,3,3
51263,107,96,11,11
51264,156,178,-22,22
51265,40,81,-41,41
51266,60,58,2,2
51267,109,120,-11,11
51268,62,57,5,5
51269,126,104,22,22
51270,96,87,9,9
51271,106,87,19,19
51272,109,87,22,22
51273,77,68,9,9
51274,70,62,8,8
51275,75,87,-12,12
51276,194,171,23,23
51277,24,23,1,1
51278,94,85,9,9
51279,102,85,17,17
51280,126,114,12,12
51281,150,122,28,28
51282,126,114,12,12
51283,82,81,1,1
51284,92,94,-2,2
51285,87,72,15,15
51286,122,118,4,4
51287,129,122,7,7
51288,93,81,12,12
51289,62,64,-2,2
51290,148,139,9,9
51291,73,65,8,8
51292,114,94,20,20
51293,82,73,9,9
51294,99,94,5,5
51295,181,151,30,30
51296,158,128,30,30
51297,100,93,7,7
51298,143,128,15,15
51299,118,109,9,9
51300,85,74,11,11
51301,127,122,5,5
51302,83,84,-1,1
51303,95,83,12,12
51304,63,50,13,13
51305,76,64,12,12
51306,111,107,4,4
51307,69,65,4,4
51308,100,82,18,18
51309,47,43,4,4
51310,83,81,2,2
51311,85,78,7,7
51312,74,64,10,10
51313,53,62,-9,9
51314,75,71,4,4
51315,71,76,-5,5
51316,108,95,13,13
51317,71,65,6,6
51318,121,111,10,10
51319,100,98,2,2
51320,113,105,8,8
51321,86,71,15,15
51322,86,68,18,18
51323,115,99,16,16
51324,38,35,3,3
51325,140,122,18,18
51326,119,115,4,4
51327,104,95,9,9
51328,135,110,25,25
51329,147,123,24,24
51330,116,98,18,18
51331,137,124,13,13
51332,86,77,9,9
51333,96,85,11,11
51334,76,67,9,9
51335,64,53,11,11
51336,57,48,9,9
51337,90,93,-3,3
51338,56,66,-10,10
51339,84,82,2,2
51340,109,91,18,18
51341,124,110,14,14
51342,138,115,23,23
51343,73,64,9,9
51344,98,87,11,11
51345,93,74,19,19
51346,51,40,11,11
51347,54,45,9,9
51348,62,56,6,6
51349,126,114,12,12
51350,85,73,12,12
51351,86,69,17,17
51352,67,54,13,13
51353,80,76,4,4
51354,55,53,2,2
51355,115,99,16,16
51356,71,63,8,8
51357,86,75,11,11
51358,120,106,14,14
51359,94,81,13,13
51360,71,63,8,8
51361,106,105,1,1
51362,101,88,13,13
51363,41,39,2,2
51364,77,61,16,16
51365,130,105,25,25
51366,154,135,19,19
51367,102,83,19,19
51368,56,50,6,6
51369,108,94,14,14
51370,74,73,1,1
51371,33,93,-60,60
51372,109,97,12,12
51373,113,101,12,12
51374,115,104,11,11
51375,73,66,7,7
51376,60,62,-2,2
51377,115,96,19,19
51378,85,82,3,3
51379,121,100,21,21
51380,128,114,14,14
51381,76,78,-2,2
51382,158,144,14,14
51383,109,95,14,14
51384,47,45,2,2
51385,76,60,16,16
51386,75,58,17,17
51387,92,78,14,14
51388,92,84,8,8
51389,110,88,22,22
51390,101,89,12,12
51391,95,80,15,15
51392,107,95,12,12
51393,96,86,10,10
51394,127,111,16,16
51395,104,93,11,11
51396,84,71,13,13
51397,44,39,5,5
51398,112,107,5,5
51399,94,96,-2,2
51400,65,57,8,8
51401,67,66,1,1
51402,106,93,13,13
51403,85,71,14,14
51404,75,77,-2,2
51405,72,60,12,12
51406,99,71,28,28
51407,63,59,4,4
51408,157,143,14,14
51409,70,61,9,9
51410,79,68,11,11
51411,99,83,16,16
51412,100,93,7,7
51413,152,129,23,23
51414,111,107,4,4
51415,73,70,3,3
51416,117,102,15,15
51417,74,67,7,7
51418,84,82,2,2
51419,117,102,15,15
51420,70,66,4,4
51421,72,69,3,3
51422,62,56,6,6
51423,90,88,2,2
51424,123,100,23,23
51425,81,75,6,6
51426,62,57,5,5
51427,74,64,10,10
51428,189,157,32,32
51429,97,90,7,7
51430,131,117,14,14
51431,66,65,1,1
51432,131,114,17,17
51433,101,81,20,20
51434,205,179,26,26
51435,92,89,3,3
51436,74,75,-1,1
51437,108,90,18,18
51438,78,65,13,13
51439,69,68,1,1
51440,92,68,24,24
51441,76,69,7,7
51442,83,77,6,6
51443,104,92,12,12
51444,85,70,15,15
51445,74,63,11,11
51446,134,125,9,9
51447,119,103,16,16
51448,92,78,14,14
51449,88,77,11,11
51450,126,120,6,6
51451,100,89,11,11
51452,45,46,-1,1
51453,131,106,25,25
51454,55,49,6,6
51455,180,158,22,22
51456,133,100,33,33
51457,94,58,36,36
51458,62,72,-10,10
51459,119,102,17,17
51460,183,162,21,21
51461,88,71,17,17
51462,115,83,32,32
51463,100,83,17,17
51464,64,63,1,1
51465,83,93,-10,10
51466,138,126,12,12
51467,62,61,1,1
51468,193,160,33,33
51469,90,76,14,14
51470,77,81,-4,4
51471,111,98,13,13
51472,99,79,20,20
51473,118,112,6,6
51474,131,113,18,18
51475,71,56,15,15
51476,78,72,6,6
51477,94,78,16,16
51478,92,84,8,8
51479,97,87,10,10
51480,89,76,13,13
51481,131,109,22,22
51482,119,90,29,29
51483,59,56,3,3
51484,80,70,10,10
51485,116,97,19,19
51486,93,79,14,14
51487,72,68,4,4
51488,185,149,36,36
51489,85,81,4,4
51490,108,107,1,1
51491,84,76,8,8
51492,100,92,8,8
51493,109,78,31,31
51494,43,39,4,4
51495,77,71,6,6
51496,87,72,15,15
51497,121,106,15,15
51498,109,103,6,6
51499,83,79,4,4
51500,108,87,21,21
51501,166,131,35,35
51502,68,60,8,8
51503,112,121,-9,9
51504,103,95,8,8
51505,106,97,9,9
51506,33,33,0,0
51507,56,44,12,12
51508,72,64,8,8
51509,136,122,14,14
51510,79,70,9,9
51511,143,113,30,30
51512,103,88,15,15
51513,75,69,6,6
51514,73,64,9,9
51515,68,63,5,5
51516,68,75,-7,7
51517,102,81,21,21
51518,83,77,6,6
51519,70,71,-1,1
51520,88,77,11,11
51521,124,109,15,15
51522,111,103,8,8
51523,103,98,5,5
51524,104,89,15,15
51525,122,107,15,15
51526,119,105,14,14
51527,71,92,-21,21
51528,196,178,18,18
51529,70,63,7,7
51530,70,75,-5,5
51531,88,74,14,14
51532,122,107,15,15
51533,102,85,17,17
51534,119,101,18,18
51535,138,119,19,19
51536,165,137,28,28
51537,94,93,1,1
51538,52,47,5,5
51539,86,74,12,12
51540,63,60,3,3
51541,92,75,17,17
51542,65,54,11,11
51543,47,41,6,6
51544,62,55,7,7
51545,79,81,-2,2
51546,166,124,42,42
51547,96,81,15,15
51548,120,120,0,0
51549,117,105,12,12
51550,99,83,16,16
51551,124,120,4,4
51552,138,113,25,25
51553,60,56,4,4
51554,90,79,11,11
51555,76,71,5,5
51556,113,120,-7,7
51557,129,117,12,12
51558,80,73,7,7
51559,99,85,14,14
51560,87,80,7,7
51561,74,67,7,7
51562,70,64,6,6
51563,50,46,4,4
51564,83,74,9,9
51565,150,128,22,22
51566,104,88,16,16
51567,107,95,12,12
51568,101,88,13,13
51569,153,140,13,13
51570,81,72,9,9
51571,58,62,-4,4
51572,104,87,17,17
51573,64,56,8,8
51574,58,49,9,9
51575,137,128,9,9
51576,132,100,32,32
51577,110,97,13,13
51578,120,110,10,10
51579,92,84,8,8
51580,83,100,-17,17
51581,41,43,-2,2
51582,194,185,9,9
51583,79,66,13,13
51584,65,61,4,4
51585,126,122,4,4
51586,125,125,0,0
51587,148,128,20,20
51588,63,54,9,9
51589,82,78,4,4
51590,127,110,17,17
51591,141,118,23,23
51592,98,98,0,0
51593,140,131,9,9
51594,92,79,13,13
51595,78,77,1,1
51596,72,65,7,7
51597,133,107,26,26
51598,82,79,3,3
51599,53,53,0,0
51600,68,57,11,11
51601,135,122,13,13
51602,76,83,-7,7
51603,84,67,17,17
51604,109,93,16,16
51605,115,108,7,7
51606,32,24,8,8
51607,202,164,38,38
51608,64,54,10,10
51609,69,60,9,9
51610,61,54,7,7
51611,81,68,13,13
51612,81,79,2,2
51613,103,90,13,13
51614,73,61,12,12
51615,103,104,-1,1
51616,153,143,10,10
51617,78,71,7,7
51618,100,83,17,17
51619,136,137,-1,1
51620,58,54,4,4
51621,75,74,1,1
51622,130,105,25,25
51623,127,105,22,22
51624,51,53,-2,2
51625,87,68,19,19
51626,99,89,10,10
51627,121,103,18,18
51628,83,80,3,3
51629,65,60,5,5
51630,86,78,8,8
51631,129,117,12,12
51632,77,77,0,0
51633,63,63,0,0
51634,70,62,8,8
51635,75,70,5,5
51636,75,71,4,4
51637,132,117,15,15
51638,157,139,18,18
51639,130,123,7,7
51640,80,75,5,5
51641,97,91,6,6
51642,68,59,9,9
51643,98,90,8,8
51644,81,76,5,5
51645,51,45,6,6
51646,84,75,9,9
51647,79,69,10,10
51648,151,133,18,18
51649,82,73,9,9
51650,127,112,15,15
51651,63,62,1,1
51652,97,86,11,11
51653,121,107,14,14
51654,157,137,20,20
51655,101,87,14,14
51656,160,150,10,10
51657,92,83,9,9
51658,107,105,2,2
51659,108,81,27,27
51660,119,86,33,33
51661,61,59,2,2
51662,112,95,17,17
51663,71,60,11,11
51664,99,93,6,6
51665,68,67,1,1
51666,116,117,-1,1
51667,64,69,-5,5
51668,124,114,10,10
51669,139,121,18,18
51670,80,69,11,11
51671,157,135,22,22
51672,101,86,15,15
51673,114,99,15,15
51674,126,116,10,10
51675,148,136,12,12
51676,77,72,5,5
51677,187,166,21,21
51678,139,127,12,12
51679,164,141,23,23
51680,98,91,7,7
51681,86,82,4,4
51682,61,52,9,9
51683,143,136,7,7
51684,57,48,9,9
51685,52,42,10,10
51686,92,95,-3,3
51687,108,93,15,15
51688,156,123,33,33
51689,159,135,24,24
51690,157,129,28,28
51691,102,88,14,14
51692,138,117,21,21
51693,78,74,4,4
51694,83,66,17,17
51695,108,82,26,26
51696,60,49,11,11
51697,142,109,33,33
51698,55,49,6,6
51699,65,51,14,14
51700,125,111,14,14
51701,90,86,4,4
51702,74,67,7,7
51703,156,135,21,21
51704,76,69,7,7
51705,94,91,3,3
51706,84,74,10,10
51707,84,71,13,13
51708,68,70,-2,2
51709,144,131,13,13
51710,74,62,12,12
51711,104,96,8,8
51712,98,64,34,34
51713,92,84,8,8
51714,106,95,11,11
51715,94,84,10,10
51716,91,87,4,4
51717,61,32,29,29
51718,77,66,11,11
51719,71,65,6,6
51720,98,85,13,13
51721,73,68,5,5
51722,103,96,7,7
51723,124,104,20,20
51724,135,106,29,29
51725,118,116,2,2
51726,96,90,6,6
51727,54,51,3,3
51728,112,90,22,22
51729,72,69,3,3
51730,70,65,5,5
51731,85,73,12,12
51732,51,42,9,9
51733,106,102,4,4
51734,113,95,18,18
51735,76,64,12,12
51736,63,59,4,4
51737,140,115,25,25
51738,103,85,18,18
51739,163,148,15,15
51740,126,113,13,13
51741,92,91,1,1
51742,40,34,6,6
51743,33,39,-6,6
51744,99,88,11,11
51745,113,91,22,22
51746,59,50,9,9
51747,88,95,-7,7
51748,58,54,4,4
51749,98,88,10,10
51750,135,107,28,28
51751,92,82,10,10
51752,101,90,11,11
51753,116,99,17,17
51754,171,156,15,15
51755,98,77,21,21
51756,99,84,15,15
51757,77,63,14,14
51758,99,86,13,13
51759,61,51,10,10
51760,124,95,29,29
51761,36,33,3,3
51762,124,100,24,24
51763,89,79,10,10
51764,144,141,3,3
51765,113,97,16,16
51766,157,135,22,22
51767,95,84,11,11
51768,101,96,5,5
51769,76,74,2,2
51770,65,66,-1,1
51771,222,167,55,55
51772,123,106,17,17
51773,71,82,-11,11
51774,102,82,20,20
51775,96,86,10,10
51776,105,92,13,13
51777,81,75,6,6
51778,122,126,-4,4
51779,64,59,5,5
51780,43,49,-6,6
51781,114,94,20,20
51782,62,56,6,6
51783,104,100,4,4
51784,175,169,6,6
51785,98,99,-1,1
51786,87,73,14,14
51787,144,131,13,13
51788,76,79,-3,3
51789,125,111,14,14
51790,70,62,8,8
51791,86,86,0,0
51792,140,105,35,35
51793,44,44,0,0
51794,101,88,13,13
51795,68,64,4,4
51796,155,142,13,13
51797,125,112,13,13
51798,49,44,5,5
51799,140,130,10,10
51800,105,88,17,17
51801,192,181,11,11
51802,89,74,15,15
51803,140,123,17,17
51804,140,124,16,16
51805,112,105,7,7
51806,136,106,30,30
51807,76,75,1,1
51808,64,66,-2,2
51809,64,67,-3,3
51810,83,77,6,6
51811,72,59,13,13
51812,145,130,15,15
51813,113,92,21,21
51814,114,92,22,22
51815,154,129,25,25
51816,67,57,10,10
51817,197,155,42,42
51818,61,54,7,7
51819,99,87,12,12
51820,91,83,8,8
51821,181,143,38,38
51822,45,36,9,9
51823,55,53,2,2
51824,183,186,-3,3
51825,106,99,7,7
51826,57,59,-2,2
51827,133,115,18,18
51828,36,33,3,3
51829,98,93,5,5
51830,54,43,11,11
51831,140,128,12,12
51832,114,106,8,8
51833,99,78,21,21
51834,69,62,7,7
51835,144,124,20,20
51836,112,108,4,4
51837,101,85,16,16
51838,88,72,16,16
51839,88,77,11,11
51840,94,77,17,17
51841,67,55,12,12
51842,46,41,5,5
51843,72,60,12,12
51844,80,67,13,13
51845,75,65,10,10
51846,94,76,18,18
51847,117,111,6,6
51848,67,58,9,9
51849,71,66,5,5
51850,67,74,-7,7
51851,68,55,13,13
51852,91,79,12,12
51853,71,68,3,3
51854,114,105,9,9
51855,93,89,4,4
51856,73,71,2,2
51857,164,135,29,29
51858,132,109,23,23
51859,66,51,15,15
51860,153,124,29,29
51861,108,106,2,2
51862,110,95,15,15
51863,156,126,30,30
51864,162,140,22,22
51865,150,132,18,18
51866,125,107,18,18
51867,61,57,4,4
51868,95,84,11,11
51869,152,119,33,33
51870,125,118,7,7
51871,119,95,24,24
51872,166,170,-4,4
51873,120,90,30,30
51874,58,50,8,8
51875,45,37,8,8
51876,117,116,1,1
51877,65,53,12,12
51878,105,99,6,6
51879,70,61,9,9
51880,78,65,13,13
51881,91,77,14,14
51882,78,63,15,15
51883,116,118,-2,2
51884,132,104,28,28
51885,143,121,22,22
51886,117,111,6,6
51887,147,142,5,5
51888,63,59,4,4
51889,80,81,-1,1
51890,98,88,10,10
51891,51,51,0,0
51892,51,45,6,6
51893,73,63,10,10
51894,95,78,17,17
51895,100,87,13,13
51896,74,77,-3,3
51897,110,88,22,22
51898,78,69,9,9
51899,54,52,2,2
51900,115,102,13,13
51901,139,117,22,22
51902,73,70,3,3
51903,67,59,8,8
51904,76,69,7,7
51905,108,96,12,12
51906,104,92,12,12
51907,130,118,12,12
51908,116,105,11,11
51909,57,54,3,3
51910,102,96,6,6
51911,108,93,15,15
51912,95,79,16,16
51913,40,39,1,1
51914,76,76,0,0
51915,71,61,10,10
51916,137,126,11,11
51917,118,97,21,21
51918,129,114,15,15
51919,67,62,5,5
51920,72,64,8,8
51921,111,109,2,2
51922,95,84,11,11
51923,130,130,0,0
51924,116,109,7,7
51925,68,61,7,7
51926,103,92,11,11
51927,95,86,9,9
51928,117,105,12,12
51929,62,48,14,14
51930,75,73,2,2
51931,56,60,-4,4
51932,120,96,24,24
51933,113,103,10,10
51934,85,72,13,13
51935,71,81,-10,10
51936,130,120,10,10
51937,87,85,2,2
51938,156,141,15,15
51939,89,82,7,7
51940,61,55,6,6
51941,115,99,16,16
51942,144,120,24,24
51943,73,71,2,2
51944,94,85,9,9
51945,102,91,11,11
51946,125,115,10,10
51947,71,59,12,12
51948,140,122,18,18
51949,143,125,18,18
51950,77,73,4,4
51951,86,69,17,17
51952,70,60,10,10
51953,101,81,20,20
51954,82,70,12,12
51955,93,78,15,15
51956,55,52,3,3
51957,138,134,4,4
51958,88,80,8,8
51959,81,79,2,2
51960,176,148,28,28
51961,90,87,3,3
51962,52,49,3,3
51963,97,82,15,15
51964,45,45,0,0
51965,114,108,6,6
51966,155,134,21,21
51967,151,153,-2,2
51968,60,55,5,5
51969,82,66,16,16
51970,96,84,12,12
51971,126,101,25,25
51972,90,79,11,11
51973,83,64,19,19
51974,72,68,4,4
51975,139,121,18,18
51976,137,116,21,21
51977,119,106,13,13
51978,115,88,27,27
51979,76,65,11,11
51980,80,87,-7,7
51981,101,87,14,14
51982,92,80,12,12
51983,65,58,7,7
51984,89,81,8,8
51985,72,64,8,8
51986,45,34,11,11
51987,69,60,9,9
51988,81,71,10,10
51989,95,84,11,11
51990,76,70,6,6
51991,49,40,9,9
51992,97,88,9,9
51993,90,73,17,17
51994,130,116,14,14
51995,74,71,3,3
51996,46,50,-4,4
51997,74,73,1,1
51998,108,92,16,16
51999,115,112,3,3
52000,37,36,1,1
52001,79,68,11,11
52002,75,69,6,6
52003,174,140,34,34
52004,107,92,15,15
52005,53,43,10,10
52006,83,78,5,5
52007,60,52,8,8
52008,98,93,5,5
52009,57,51,6,6
52010,54,47,7,7
52011,83,71,12,12
52012,182,185,-3,3
52013,107,103,4,4
52014,89,89,0,0
52015,105,92,13,13
52016,109,101,8,8
52017,141,115,26,26
52018,121,112,9,9
52019,91,94,-3,3
52020,117,100,17,17
52021,58,42,16,16
52022,80,66,14,14
52023,88,74,14,14
52024,80,72,8,8
52025,146,134,12,12
52026,105,93,12,12
52027,128,129,-1,1
52028,79,71,8,8
52029,123,114,9,9
52030,85,73,12,12
52031,77,67,10,10
52032,70,59,11,11
52033,100,93,7,7
52034,71,63,8,8
52035,123,106,17,17
52036,85,80,5,5
52037,113,101,12,12
52038,98,84,14,14
52039,67,68,-1,1
52040,130,117,13,13
52041,176,145,31,31
52042,117,105,12,12
52043,130,111,19,19
52044,114,97,17,17
52045,108,101,7,7
52046,111,104,7,7
52047,91,77,14,14
52048,153,129,24,24
52049,83,80,3,3
52050,91,84,7,7
52051,103,93,10,10
52052,123,111,12,12
52053,57,56,1,1
52054,115,103,12,12
52055,86,85,1,1
52056,147,127,20,20
52057,116,121,-5,5
52058,87,77,10,10
52059,81,69,12,12
52060,58,48,10,10
52061,97,75,22,22
52062,138,133,5,5
52063,74,65,9,9
52064,60,62,-2,2
52065,94,84,10,10
52066,150,135,15,15
52067,143,129,14,14
52068,72,66,6,6
52069,80,76,4,4
52070,94,86,8,8
52071,85,74,11,11
52072,108,93,15,15
52073,106,84,22,22
52074,86,78,8,8
52075,160,133,27,27
52076,84,76,8,8
52077,78,67,11,11
52078,89,85,4,4
52079,76,75,1,1
52080,57,42,15,15
52081,93,84,9,9
52082,92,86,6,6
52083,79,87,-8,8
52084,105,93,12,12
52085,146,130,16,16
52086,79,78,1,1
52087,96,88,8,8
52088,97,88,9,9
52089,74,67,7,7
52090,79,77,2,2
52091,90,78,12,12
52092,133,121,12,12
52093,81,73,8,8
52094,140,121,19,19
52095,20,13,7,7
52096,42,81,-39,39
52097,178,143,35,35
52098,57,56,1,1
52099,91,86,5,5
52100,125,123,2,2
52101,77,65,12,12
52102,73,68,5,5
52103,96,91,5,5
52104,63,50,13,13
52105,75,68,7,7
52106,117,104,13,13
52107,135,122,13,13
52108,105,102,3,3
52109,141,125,16,16
52110,123,98,25,25
52111,71,73,-2,2
52112,108,84,24,24
52113,104,97,7,7
52114,108,98,10,10
52115,93,83,10,10
52116,102,86,16,16
52117,99,79,20,20
52118,95,89,6,6
52119,53,47,6,6
52120,117,92,25,25
52121,79,79,0,0
52122,55,59,-4,4
52123,163,149,14,14
52124,53,47,6,6
52125,80,72,8,8
52126,124,105,19,19
52127,75,61,14,14
52128,133,121,12,12
52129,83,73,10,10
52130,54,54,0,0
52131,52,46,6,6
52132,67,60,7,7
52133,75,62,13,13
52134,106,88,18,18
52135,140,125,15,15
52136,124,116,8,8
52137,65,63,2,2
52138,94,90,4,4
52139,108,100,8,8
52140,132,103,29,29
52141,123,107,16,16
52142,73,76,-3,3
52143,246,207,39,39
52144,91,75,16,16
52145,48,48,0,0
52146,109,86,23,23
52147,120,95,25,25
52148,71,58,13,13
52149,44,39,5,5
52150,83,72,11,11
52151,77,65,12,12
52152,108,92,16,16
52153,76,65,11,11
52154,116,93,23,23
52155,98,102,-4,4
52156,114,95,19,19
52157,142,117,25,25
52158,92,94,-2,2
52159,82,68,14,14
52160,86,75,11,11
52161,65,59,6,6
52162,91,78,13,13
52163,158,144,14,14
52164,79,69,10,10
52165,89,73,16,16
52166,54,44,10,10
52167,144,111,33,33
52168,167,160,7,7
52169,94,94,0,0
52170,75,65,10,10
52171,110,108,2,2
52172,113,97,16,16
52173,63,54,9,9
52174,138,121,17,17
52175,101,84,17,17
52176,99,101,-2,2
52177,98,89,9,9
52178,138,143,-5,5
52179,116,108,8,8
52180,53,57,-4,4
52181,97,86,11,11
52182,79,57,22,22
52183,94,97,-3,3
52184,72,73,-1,1
52185,104,98,6,6
52186,113,91,22,22
52187,105,101,4,4
52188,84,74,10,10
52189,66,61,5,5
52190,75,69,6,6
52191,106,89,17,17
52192,100,85,15,15
52193,75,75,0,0
52194,45,38,7,7
52195,126,120,6,6
52196,102,86,16,16
52197,108,100,8,8
52198,99,86,13,13
52199,146,124,22,22
52200,107,98,9,9
52201,105,101,4,4
52202,58,49,9,9
52203,114,109,5,5
52204,151,122,29,29
52205,72,68,4,4
52206,79,66,13,13
52207,131,109,22,22
52208,91,84,7,7
52209,52,48,4,4
52210,81,65,16,16
52211,85,68,17,17
52212,96,81,15,15
52213,42,40,2,2
52214,73,59,14,14
52215,100,84,16,16
52216,104,88,16,16
52217,85,83,2,2
52218,67,66,1,1
52219,71,61,10,10
52220,100,84,16,16
52221,134,101,33,33
52222,104,99,5,5
52223,90,73,17,17
52224,96,111,-15,15
52225,61,75,-14,14
52226,65,63,2,2
52227,139,124,15,15
52228,46,38,8,8
52229,70,63,7,7
52230,142,120,22,22
52231,90,81,9,9
52232,112,93,19,19
52233,113,92,21,21
52234,59,60,-1,1
52235,111,96,15,15
52236,84,78,6,6
52237,74,59,15,15
52238,78,62,16,16
52239,145,137,8,8
52240,100,111,-11,11
52241,103,88,15,15
52242,55,47,8,8
52243,93,84,9,9
52244,78,69,9,9
52245,80,71,9,9
52246,104,84,20,20
52247,66,61,5,5
52248,68,54,14,14
52249,60,48,12,12
52250,103,104,-1,1
52251,69,61,8,8
52252,92,82,10,10
52253,48,49,-1,1
52254,54,53,1,1
52255,54,46,8,8
52256,58,54,4,4
52257,160,132,28,28
52258,83,68,15,15
52259,90,75,15,15
52260,71,110,-39,39
52261,168,158,10,10
52262,137,125,12,12
52263,139,125,14,14
52264,74,64,10,10
52265,75,70,5,5
52266,65,56,9,9
52267,93,73,20,20
52268,94,84,10,10
52269,65,69,-4,4
52270,110,100,10,10
52271,29,36,-7,7
52272,91,79,12,12
52273,78,70,8,8
52274,77,67,10,10
52275,93,86,7,7
52276,158,136,22,22
52277,206,180,26,26
52278,98,90,8,8
52279,131,119,12,12
52280,115,98,17,17
52281,129,93,36,36
52282,97,79,18,18
52283,97,81,16,16
52284,78,82,-4,4
52285,81,70,11,11
52286,107,92,15,15
52287,80,73,7,7
52288,67,64,3,3
52289,66,67,-1,1
52290,56,50,6,6
52291,72,65,7,7
52292,50,50,0,0
52293,70,92,-22,22
52294,128,109,19,19
52295,138,128,10,10
52296,38,38,0,0
52297,113,98,15,15
52298,168,152,16,16
52299,115,94,21,21
52300,88,79,9,9
52301,80,72,8,8
52302,124,118,6,6
52303,190,161,29,29
52304,92,87,5,5
52305,83,76,7,7
52306,78,71,7,7
52307,64,51,13,13
52308,121,110,11,11
52309,74,68,6,6
52310,59,55,4,4
52311,200,138,62,62
52312,157,132,25,25
52313,86,77,9,9
52314,126,106,20,20
52315,75,66,9,9
52316,95,101,-6,6
52317,118,97,21,21
52318,174,152,22,22
52319,148,131,17,17
52320,70,68,2,2
52321,99,87,12,12
52322,73,65,8,8
52323,178,141,37,37
52324,127,112,15,15
52325,137,122,15,15
52326,35,32,3,3
52327,58,52,6,6
52328,104,95,9,9
52329,85,74,11,11
52330,91,79,12,12
52331,40,33,7,7
52332,83,73,10,10
52333,100,97,3,3
52334,73,70,3,3
52335,51,49,2,2
52336,263,186,77,77
52337,87,82,5,5
52338,85,75,10,10
52339,85,75,10,10
52340,89,77,12,12
52341,176,159,17,17
52342,103,91,12,12
52343,128,119,9,9
52344,166,155,11,11
52345,92,99,-7,7
52346,100,90,10,10
52347,98,78,20,20
52348,57,51,6,6
52349,127,104,23,23
52350,86,78,8,8
52351,144,129,15,15
52352,60,58,2,2
52353,113,100,13,13
52354,113,98,15,15
52355,103,91,12,12
52356,90,77,13,13
52357,56,45,11,11
52358,47,41,6,6
52359,105,97,8,8
52360,61,58,3,3
52361,128,120,8,8
52362,55,69,-14,14
52363,67,55,12,12
52364,65,60,5,5
52365,116,98,18,18
52366,76,69,7,7
52367,41,38,3,3
52368,83,67,16,16
52369,82,76,6,6
52370,50,51,-1,1
52371,81,84,-3,3
52372,57,44,13,13
52373,83,68,15,15
52374,87,86,1,1
52375,56,40,16,16
52376,68,59,9,9
52377,71,63,8,8
52378,77,69,8,8
52379,67,57,10,10
52380,120,97,23,23
52381,74,68,6,6
52382,121,111,10,10
52383,73,68,5,5
52384,53,50,3,3
52385,68,64,4,4
52386,95,82,13,13
52387,103,99,4,4
52388,46,44,2,2
52389,73,59,14,14
52390,148,132,16,16
52391,145,119,26,26
52392,105,83,22,22
52393,71,64,7,7
52394,43,42,1,1
52395,106,95,11,11
52396,114,104,10,10
52397,80,67,13,13
52398,64,64,0,0
52399,125,105,20,20
52400,84,84,0,0
52401,86,79,7,7
52402,101,89,12,12
52403,95,82,13,13
52404,90,82,8,8
52405,93,83,10,10
52406,62,55,7,7
52407,146,125,21,21
52408,87,78,9,9
52409,85,69,16,16
52410,134,111,23,23
52411,82,70,12,12
52412,46,42,4,4
52413,73,60,13,13
52414,23,30,-7,7
52415,167,140,27,27
52416,116,86,30,30
52417,112,102,10,10
52418,227,195,32,32
52419,108,102,6,6
52420,93,81,12,12
52421,76,69,7,7
52422,75,68,7,7
52423,74,74,0,0
52424,85,70,15,15
52425,68,60,8,8
52426,93,76,17,17
52427,143,124,19,19
52428,132,118,14,14
52429,68,59,9,9
52430,49,48,1,1
52431,116,96,20,20
52432,87,74,13,13
52433,114,92,22,22
52434,133,115,18,18
52435,81,68,13,13
52436,105,85,20,20
52437,88,80,8,8
52438,158,131,27,27
52439,82,66,16,16
52440,91,83,8,8
52441,158,144,14,14
52442,77,72,5,5
52443,61,75,-14,14
52444,57,55,2,2
52445,76,70,6,6
52446,80,72,8,8
52447,90,89,1,1
52448,75,58,17,17
52449,105,91,14,14
52450,99,88,11,11
52451,134,122,12,12
52452,70,67,3,3
52453,139,135,4,4
52454,67,60,7,7
52455,186,153,33,33
52456,101,88,13,13
52457,142,123,19,19
52458,66,57,9,9
52459,88,73,15,15
52460,79,76,3,3
52461,80,72,8,8
52462,103,99,4,4
52463,133,133,0,0
52464,21,40,-19,19
52465,98,78,20,20
52466,67,57,10,10
52467,117,126,-9,9
52468,71,65,6,6
52469,45,43,2,2
52470,90,72,18,18
52471,122,90,32,32
52472,133,117,16,16
52473,70,61,9,9
52474,99,95,4,4
52475,161,137,24,24
52476,123,105,18,18
52477,116,97,19,19
52478,148,117,31,31
52479,55,43,12,12
52480,107,97,10,10
52481,69,60,9,9
52482,103,107,-4,4
52483,50,46,4,4
52484,76,68,8,8
52485,98,89,9,9
52486,63,58,5,5
52487,69,61,8,8
52488,115,102,13,13
52489,64,56,8,8
52490,80,70,10,10
52491,93,77,16,16
52492,93,79,14,14
52493,107,91,16,16
52494,91,81,10,10
52495,73,79,-6,6
52496,163,138,25,25
52497,82,71,11,11
52498,133,116,17,17
52499,70,70,0,0
52500,74,67,7,7
52501,72,63,9,9
52502,51,38,13,13
52503,192,156,36,36
52504,59,59,0,0
52505,69,57,12,12
52506,47,40,7,7
52507,146,146,0,0
52508,149,123,26,26
52509,96,100,-4,4
52510,73,61,12,12
52511,143,122,21,21
52512,101,95,6,6
52513,96,90,6,6
52514,108,107,1,1
52515,77,71,6,6
52516,45,45,0,0
52517,89,86,3,3
52518,160,135,25,25
52519,97,93,4,4
52520,82,76,6,6
52521,80,67,13,13
52522,70,60,10,10
52523,123,103,20,20
52524,109,92,17,17
52525,162,144,18,18
52526,129,116,13,13
52527,80,68,12,12
52528,49,46,3,3
52529,129,103,26,26
52530,79,67,12,12
52531,89,87,2,2
52532,92,87,5,5
52533,87,72,15,15
52534,104,85,19,19
52535,106,82,24,24
52536,169,153,16,16
52537,96,97,-1,1
52538,66,61,5,5
52539,140,124,16,16
52540,128,108,20,20
52541,82,71,11,11
52542,128,110,18,18
52543,109,103,6,6
52544,59,57,2,2
52545,61,57,4,4
52546,109,83,26,26
52547,72,72,0,0
52548,57,52,5,5
52549,94,89,5,5
52550,86,78,8,8
52551,57,51,6,6
52552,142,122,20,20
52553,79,79,0,0
52554,150,132,18,18
52555,122,118,4,4
52556,106,100,6,6
52557,41,38,3,3
52558,218,184,34,34
52559,106,89,17,17
52560,80,67,13,13
52561,87,76,11,11
52562,121,119,2,2
52563,68,61,7,7
52564,79,74,5,5
52565,63,54,9,9
52566,57,60,-3,3
52567,132,126,6,6
52568,86,80,6,6
52569,92,78,14,14
52570,187,157,30,30
52571,97,84,13,13
52572,135,118,17,17
52573,126,101,25,25
52574,79,69,10,10
52575,69,72,-3,3
52576,142,129,13,13
52577,97,82,15,15
52578,104,100,4,4
52579,112,106,6,6
52580,168,158,10,10
52581,145,114,31,31
52582,137,119,18,18
52583,142,119,23,23
52584,81,65,16,16
52585,97,86,11,11
52586,90,73,17,17
52587,121,125,-4,4
52588,71,68,3,3
52589,61,52,9,9
52590,95,103,-8,8
52591,95,107,-12,12
52592,53,55,-2,2
52593,126,116,10,10
52594,72,72,0,0
52595,86,67,19,19
52596,141,130,11,11
52597,96,93,3,3
52598,98,93,5,5
52599,123,113,10,10
52600,46,46,0,0
52601,95,75,20,20
52602,127,107,20,20
52603,153,117,36,36
52604,115,100,15,15
52605,104,86,18,18
52606,53,51,2,2
52607,95,80,15,15
52608,88,79,9,9
52609,133,106,27,27
52610,88,79,9,9
52611,25,37,-12,12
52612,142,117,25,25
52613,98,89,9,9
52614,93,81,12,12
52615,99,81,18,18
52616,152,130,22,22
52617,124,114,10,10
52618,112,103,9,9
52619,134,110,24,24
52620,104,101,3,3
52621,86,70,16,16
52622,117,105,12,12
52623,77,72,5,5
52624,88,81,7,7
52625,72,60,12,12
52626,87,95,-8,8
52627,80,73,7,7
52628,103,92,11,11
52629,136,127,9,9
52630,105,104,1,1
52631,96,83,13,13
52632,90,73,17,17
52633,53,44,9,9
52634,77,68,9,9
52635,60,51,9,9
52636,115,108,7,7
52637,93,80,13,13
52638,91,72,19,19
52639,162,147,15,15
52640,115,90,25,25
52641,148,142,6,6
52642,68,60,8,8
52643,79,76,3,3
52644,53,45,8,8
52645,60,54,6,6
52646,63,64,-1,1
52647,102,91,11,11
52648,111,96,15,15
52649,116,104,12,12
52650,50,44,6,6
52651,113,94,19,19
52652,46,50,-4,4
52653,62,52,10,10
52654,112,98,14,14
52655,58,53,5,5
52656,85,80,5,5
52657,111,92,19,19
52658,105,94,11,11
52659,113,110,3,3
52660,174,146,28,28
52661,125,106,19,19
52662,109,96,13,13
52663,67,62,5,5
52664,76,63,13,13
52665,193,221,-28,28
52666,128,112,16,16
52667,88,75,13,13
52668,70,68,2,2
52669,63,57,6,6
52670,148,122,26,26
52671,89,88,1,1
52672,152,139,13,13
52673,62,59,3,3
52674,141,113,28,28
52675,48,44,4,4
52676,185,157,28,28
52677,89,77,12,12
52678,87,76,11,11
52679,50,40,10,10
52680,79,65,14,14
52681,124,124,0,0
52682,109,95,14,14
52683,54,51,3,3
52684,90,80,10,10
52685,85,77,8,8
52686,35,87,-52,52
52687,86,74,12,12
52688,47,48,-1,1
52689,103,86,17,17
52690,105,98,7,7
52691,47,52,-5,5
52692,44,40,4,4
52693,137,118,19,19
52694,69,66,3,3
52695,47,43,4,4
52696,63,56,7,7
52697,118,106,12,12
52698,83,77,6,6
52699,80,82,-2,2
52700,119,87,32,32
52701,107,103,4,4
52702,100,102,-2,2
52703,96,91,5,5
52704,90,89,1,1
52705,136,120,16,16
52706,142,138,4,4
52707,82,75,7,7
52708,64,47,17,17
52709,89,81,8,8
52710,49,51,-2,2
52711,138,116,22,22
52712,74,58,16,16
52713,55,62,-7,7
52714,147,118,29,29
52715,87,83,4,4
52716,67,71,-4,4
52717,90,73,17,17
52718,72,80,-8,8
52719,110,100,10,10
52720,166,156,10,10
52721,128,98,30,30
52722,70,69,1,1
52723,95,89,6,6
52724,58,47,11,11
52725,95,85,10,10
52726,78,74,4,4
52727,99,93,6,6
52728,79,67,12,12
52729,96,76,20,20
52730,87,77,10,10
52731,57,57,0,0
52732,67,58,9,9
52733,84,84,0,0
52734,73,67,6,6
52735,77,64,13,13
52736,65,58,7,7
52737,34,38,-4,4
52738,103,91,12,12
52739,117,111,6,6
52740,73,59,14,14
52741,121,102,19,19
52742,67,62,5,5
52743,118,90,28,28
52744,145,130,15,15
52745,83,73,10,10
52746,105,91,14,14
52747,81,63,18,18
52748,92,84,8,8
52749,44,37,7,7
52750,104,93,11,11
52751,45,41,4,4
52752,96,83,13,13
52753,115,107,8,8
52754,91,86,5,5
52755,64,69,-5,5
52756,63,50,13,13
52757,83,77,6,6
52758,126,116,10,10
52759,57,58,-1,1
52760,209,175,34,34
52761,153,124,29,29
52762,57,54,3,3
52763,70,58,12,12
52764,118,113,5,5
52765,110,99,11,11
52766,63,49,14,14
52767,117,98,19,19
52768,151,119,32,32
52769,135,135,0,0
52770,75,64,11,11
52771,121,103,18,18
52772,142,138,4,4
52773,107,94,13,13
52774,87,81,6,6
52775,83,78,5,5
52776,54,40,14,14
52777,120,106,14,14
52778,75,69,6,6
52779,116,104,12,12
52780,80,74,6,6
52781,132,127,5,5
52782,61,57,4,4
52783,70,68,2,2
52784,57,42,15,15
52785,137,121,16,16
52786,112,87,25,25
52787,77,68,9,9
52788,78,70,8,8
52789,94,88,6,6
52790,85,81,4,4
52791,61,54,7,7
52792,80,71,9,9
52793,116,95,21,21
52794,64,74,-10,10
52795,69,65,4,4
52796,124,94,30,30
52797,78,58,20,20
52798,109,102,7,7
52799,90,76,14,14
52800,148,131,17,17
52801,64,62,2,2
52802,59,54,5,5
52803,42,36,6,6
52804,132,118,14,14
52805,132,116,16,16
52806,68,56,12,12
52807,173,166,7,7
52808,73,65,8,8
52809,88,80,8,8
52810,95,79,16,16
52811,56,47,9,9
52812,83,67,16,16
52813,131,121,10,10
52814,65,63,2,2
52815,77,70,7,7
52816,110,105,5,5
52817,80,97,-17,17
52818,76,61,15,15
52819,73,66,7,7
52820,66,62,4,4
52821,149,121,28,28
52822,55,51,4,4
52823,60,48,12,12
52824,151,137,14,14
52825,112,107,5,5
52826,67,56,11,11
52827,67,75,-8,8
52828,77,75,2,2
52829,114,107,7,7
52830,123,121,2,2
52831,83,72,11,11
52832,42,48,-6,6
52833,104,102,2,2
52834,90,82,8,8
52835,107,104,3,3
52836,153,128,25,25
52837,68,61,7,7
52838,41,42,-1,1
52839,82,72,10,10
52840,55,52,3,3
52841,114,95,19,19
52842,92,81,11,11
52843,90,84,6,6
52844,70,63,7,7
52845,75,71,4,4
52846,112,84,28,28
52847,76,73,3,3
52848,107,71,36,36
52849,96,85,11,11
52850,107,96,11,11
52851,46,42,4,4
52852,103,104,-1,1
52853,122,108,14,14
52854,117,103,14,14
52855,69,76,-7,7
52856,100,93,7,7
52857,70,54,16,16
52858,96,95,1,1
52859,89,76,13,13
52860,112,105,7,7
52861,93,99,-6,6
52862,104,87,17,17
52863,79,67,12,12
52864,150,131,19,19
52865,145,128,17,17
52866,135,125,10,10
52867,61,54,7,7
52868,75,70,5,5
52869,63,55,8,8
52870,77,72,5,5
52871,115,112,3,3
52872,94,80,14,14
52873,60,50,10,10
52874,99,89,10,10
52875,162,151,11,11
52876,89,83,6,6
52877,84,76,8,8
52878,90,90,0,0
52879,132,114,18,18
52880,106,92,14,14
52881,50,36,14,14
52882,66,54,12,12
52883,153,132,21,21
52884,55,48,7,7
52885,92,81,11,11
52886,113,102,11,11
52887,54,49,5,5
52888,132,112,20,20
52889,116,92,24,24
52890,88,201,-113,113
52891,127,112,15,15
52892,80,77,3,3
52893,125,101,24,24
52894,108,89,19,19
52895,104,96,8,8
52896,62,60,2,2
52897,76,70,6,6
52898,77,73,4,4
52899,120,103,17,17
52900,71,67,4,4
52901,54,60,-6,6
52902,115,110,5,5
52903,138,131,7,7
52904,95,80,15,15
52905,31,35,-4,4
52906,46,36,10,10
52907,147,117,30,30
52908,129,124,5,5
52909,82,65,17,17
52910,81,78,3,3
52911,62,55,7,7
52912,140,124,16,16
52913,101,92,9,9
52914,120,97,23,23
52915,48,41,7,7
52916,132,116,16,16
52917,164,137,27,27
52918,48,53,-5,5
52919,81,86,-5,5
52920,74,69,5,5
52921,79,82,-3,3
52922,97,87,10,10
52923,81,79,2,2
52924,47,45,2,2
52925,97,93,4,4
52926,59,59,0,0
52927,68,57,11,11
52928,67,59,8,8
52929,66,58,8,8
52930,143,117,26,26
52931,88,78,10,10
52932,96,87,9,9
52933,169,127,42,42
52934,106,85,21,21
52935,106,97,9,9
52936,78,72,6,6
52937,107,101,6,6
52938,132,130,2,2
52939,88,71,17,17
52940,68,70,-2,2
52941,104,87,17,17
52942,79,71,8,8
52943,96,84,12,12
52944,159,141,18,18
52945,133,126,7,7
52946,81,76,5,5
52947,67,64,3,3
52948,86,79,7,7
52949,75,67,8,8
52950,106,98,8,8
52951,55,56,-1,1
52952,167,135,32,32
52953,33,28,5,5
52954,114,112,2,2
52955,153,120,33,33
52956,76,68,8,8
52957,74,70,4,4
52958,152,143,9,9
52959,176,121,55,55
52960,86,72,14,14
52961,191,159,32,32
52962,116,104,12,12
52963,87,78,9,9
52964,133,117,16,16
52965,131,127,4,4
52966,96,82,14,14
52967,113,110,3,3
52968,52,48,4,4
52969,68,67,1,1
52970,110,96,14,14
52971,58,51,7,7
52972,104,112,-8,8
52973,93,84,9,9
52974,118,108,10,10
52975,92,84,8,8
52976,77,72,5,5
52977,43,36,7,7
52978,19,23,-4,4
52979,156,123,33,33
52980,145,129,16,16
52981,85,80,5,5
52982,85,65,20,20
52983,121,102,19,19
52984,76,66,10,10
52985,137,129,8,8
52986,76,69,7,7
52987,91,78,13,13
52988,93,80,13,13
52989,133,130,3,3
52990,128,108,20,20
52991,106,96,10,10
52992,77,72,5,5
52993,104,87,17,17
52994,82,71,11,11
52995,77,71,6,6
52996,91,92,-1,1
52997,73,88,-15,15
52998,144,121,23,23
52999,103,88,15,15
53000,97,94,3,3
53001,238,205,33,33
53002,87,77,10,10
53003,135,115,20,20
53004,63,56,7,7
53005,95,80,15,15
53006,42,36,6,6
53007,69,68,1,1
53008,98,82,16,16
53009,147,131,16,16
53010,108,105,3,3
53011,52,47,5,5
53012,69,60,9,9
53013,92,68,24,24
53014,129,113,16,16
53015,83,77,6,6
53016,108,103,5,5
53017,126,121,5,5
53018,84,72,12,12
53019,86,66,20,20
53020,82,92,-10,10
53021,88,78,10,10
53022,101,79,22,22
53023,130,109,21,21
53024,83,76,7,7
53025,118,116,2,2
53026,106,94,12,12
53027,108,101,7,7
53028,85,64,21,21
53029,133,112,21,21
53030,77,65,12,12
53031,110,90,20,20
53032,71,72,-1,1
53033,72,71,1,1
53034,44,36,8,8
53035,69,57,12,12
53036,106,92,14,14
53037,103,89,14,14
53038,82,68,14,14
53039,119,115,4,4
53040,94,87,7,7
53041,67,60,7,7
53042,81,72,9,9
53043,102,87,15,15
53044,68,57,11,11
53045,154,126,28,28
53046,80,67,13,13
53047,120,104,16,16
53048,59,38,21,21
53049,149,143,6,6
53050,66,64,2,2
53051,80,61,19,19
53052,61,55,6,6
53053,40,44,-4,4
53054,80,76,4,4
53055,54,47,7,7
53056,90,96,-6,6
53057,107,91,16,16
53058,62,56,6,6
53059,157,149,8,8
53060,113,100,13,13
53061,107,106,1,1
53062,87,68,19,19
53063,90,83,7,7
53064,155,131,24,24
53065,37,43,-6,6
53066,66,62,4,4
53067,92,88,4,4
53068,74,66,8,8
53069,38,31,7,7
53070,83,68,15,15
53071,90,92,-2,2
53072,262,285,-23,23
53073,83,74,9,9
53074,65,56,9,9
53075,84,70,14,14
53076,50,44,6,6
53077,95,92,3,3
53078,80,77,3,3
53079,135,113,22,22
53080,75,66,9,9
53081,79,74,5,5
53082,179,158,21,21
53083,119,107,12,12
53084,89,69,20,20
53085,58,60,-2,2
53086,98,95,3,3
53087,58,52,6,6
53088,62,53,9,9
53089,65,59,6,6
53090,90,81,9,9
53091,134,112,22,22
53092,61,58,3,3
53093,142,126,16,16
53094,71,67,4,4
53095,147,111,36,36
53096,122,111,11,11
53097,151,127,24,24
53098,105,94,11,11
53099,56,49,7,7
53100,124,115,9,9
53101,140,134,6,6
53102,107,92,15,15
53103,103,97,6,6
53104,98,82,16,16
53105,63,50,13,13
53106,51,50,1,1
53107,81,72,9,9
53108,65,63,2,2
53109,150,130,20,20
53110,134,118,16,16
53111,46,37,9,9
53112,120,96,24,24
53113,80,75,5,5
53114,93,84,9,9
53115,176,144,32,32
53116,115,109,6,6
53117,128,116,12,12
53118,143,121,22,22
53119,55,47,8,8
53120,85,67,18,18
53121,102,86,16,16
53122,54,50,4,4
53123,151,111,40,40
53124,83,67,16,16
53125,47,40,7,7
53126,80,70,10,10
53127,126,111,15,15
53128,105,100,5,5
53129,103,97,6,6
53130,70,68,2,2
53131,64,56,8,8
53132,116,102,14,14
53133,124,123,1,1
53134,89,77,12,12
53135,73,67,6,6
53136,131,124,7,7
53137,120,99,21,21
53138,102,88,14,14
53139,88,75,13,13
53140,82,74,8,8
53141,88,79,9,9
53142,135,102,33,33
53143,119,103,16,16
53144,67,65,2,2
53145,55,47,8,8
53146,170,154,16,16
53147,125,126,-1,1
53148,132,104,28,28
53149,146,133,13,13
53150,83,71,12,12
53151,85,69,16,16
53152,101,92,9,9
53153,84,77,7,7
53154,135,120,15,15
53155,54,46,8,8
53156,74,56,18,18
53157,72,67,5,5
53158,112,85,27,27
53159,137,127,10,10
53160,82,60,22,22
53161,121,97,24,24
53162,83,77,6,6
53163,112,109,3,3
53164,66,55,11,11
53165,90,77,13,13
53166,111,108,3,3
53167,70,67,3,3
53168,98,93,5,5
53169,101,88,13,13
53170,108,91,17,17
53171,77,68,9,9
53172,94,90,4,4
53173,77,74,3,3
53174,52,53,-1,1
53175,114,103,11,11
53176,79,71,8,8
53177,43,48,-5,5
53178,110,87,23,23
53179,51,44,7,7
53180,81,71,10,10
53181,122,104,18,18
53182,128,118,10,10
53183,92,100,-8,8
53184,111,96,15,15
53185,106,86,20,20
53186,56,53,3,3
53187,137,109,28,28
53188,75,65,10,10
53189,71,60,11,11
53190,67,61,6,6
53191,89,76,13,13
53192,96,88,8,8
53193,106,97,9,9
53194,71,61,10,10
53195,128,106,22,22
53196,63,63,0,0
53197,82,66,16,16
53198,67,59,8,8
53199,80,76,4,4
53200,124,107,17,17
53201,117,100,17,17
53202,115,113,2,2
53203,107,104,3,3
53204,65,58,7,7
53205,119,112,7,7
53206,88,88,0,0
53207,53,51,2,2
53208,156,133,23,23
53209,71,60,11,11
53210,89,81,8,8
53211,88,72,16,16
53212,113,102,11,11
53213,43,41,2,2
53214,106,94,12,12
53215,85,74,11,11
53216,108,117,-9,9
53217,70,54,16,16
53218,163,145,18,18
53219,102,92,10,10
53220,74,65,9,9
53221,60,54,6,6
53222,107,91,16,16
53223,59,60,-1,1
53224,90,62,28,28
53225,134,116,18,18
53226,159,140,19,19
53227,99,81,18,18
53228,75,69,6,6
53229,62,50,12,12
53230,93,85,8,8
53231,101,89,12,12
53232,61,57,4,4
53233,88,66,22,22
53234,99,96,3,3
53235,45,42,3,3
53236,65,63,2,2
53237,120,99,21,21
53238,85,77,8,8
53239,76,71,5,5
53240,111,93,18,18
53241,75,64,11,11
53242,96,86,10,10
53243,134,109,25,25
53244,62,49,13,13
53245,69,56,13,13
53246,95,86,9,9
53247,93,77,16,16
53248,73,66,7,7
53249,89,70,19,19
53250,59,45,14,14
53251,73,58,15,15
53252,115,104,11,11
53253,86,75,11,11
53254,141,143,-2,2
53255,109,119,-10,10
53256,112,92,20,20
53257,74,71,3,3
53258,57,54,3,3
53259,61,58,3,3
53260,104,93,11,11
53261,111,85,26,26
53262,80,71,9,9
53263,107,90,17,17
53264,43,40,3,3
53265,71,70,1,1
53266,54,49,5,5
53267,74,75,-1,1
53268,77,65,12,12
53269,86,89,-3,3
53270,65,61,4,4
53271,103,83,20,20
53272,67,65,2,2
53273,77,58,19,19
53274,53,55,-2,2
53275,128,108,20,20
53276,75,70,5,5
53277,111,122,-11,11
53278,94,82,12,12
53279,93,82,11,11
53280,131,106,25,25
53281,61,83,-22,22
53282,69,56,13,13
53283,70,50,20,20
53284,50,47,3,3
53285,69,56,13,13
53286,101,83,18,18
53287,86,70,16,16
53288,98,84,14,14
53289,140,89,51,51
53290,88,79,9,9
53291,51,44,7,7
53292,72,73,-1,1
53293,109,103,6,6
53294,67,72,-5,5
53295,114,100,14,14
53296,98,83,15,15
53297,98,100,-2,2
53298,107,106,1,1
53299,133,130,3,3
53300,161,149,12,12
53301,161,128,33,33
53302,125,112,13,13
53303,90,82,8,8
53304,112,102,10,10
53305,61,56,5,5
53306,186,171,15,15
53307,102,101,1,1
53308,273,251,22,22
53309,125,115,10,10
53310,124,117,7,7
53311,115,99,16,16
53312,86,75,11,11
53313,67,58,9,9
53314,90,84,6,6
53315,146,126,20,20
53316,64,56,8,8
53317,78,68,10,10
53318,73,63,10,10
53319,132,111,21,21
53320,78,71,7,7
53321,108,103,5,5
53322,72,63,9,9
53323,112,112,0,0
53324,110,99,11,11
53325,157,135,22,22
53326,87,73,14,14
53327,63,53,10,10
53328,47,42,5,5
53329,55,56,-1,1
53330,57,49,8,8
53331,77,71,6,6
53332,73,64,9,9
53333,52,49,3,3
53334,60,68,-8,8
53335,171,167,4,4
53336,153,132,21,21
53337,128,115,13,13
53338,101,88,13,13
53339,58,51,7,7
53340,67,59,8,8
53341,58,55,3,3
53342,69,61,8,8
53343,198,159,39,39
53344,85,72,13,13
53345,96,73,23,23
53346,68,86,-18,18
53347,80,68,12,12
53348,56,58,-2,2
53349,67,61,6,6
53350,57,50,7,7
53351,39,33,6,6
53352,81,77,4,4
53353,117,106,11,11
53354,104,97,7,7
53355,105,102,3,3
53356,83,74,9,9
53357,135,121,14,14
53358,76,61,15,15
53359,122,103,19,19
53360,78,72,6,6
53361,37,35,2,2
53362,134,109,25,25
53363,71,60,11,11
53364,119,103,16,16
53365,23,24,-1,1
53366,145,128,17,17
53367,99,89,10,10
53368,70,69,1,1
53369,41,54,-13,13
53370,82,81,1,1
53371,102,84,18,18
53372,64,55,9,9
53373,60,52,8,8
53374,157,137,20,20
53375,144,116,28,28
53376,107,97,10,10
53377,108,110,-2,2
53378,79,67,12,12
53379,77,77,0,0
53380,102,87,15,15
53381,62,56,6,6
53382,87,82,5,5
53383,156,132,24,24
53384,59,50,9,9
53385,54,50,4,4
53386,114,104,10,10
53387,87,91,-4,4
53388,132,118,14,14
53389,135,124,11,11
53390,126,105,21,21
53391,105,98,7,7
53392,95,94,1,1
53393,101,90,11,11
53394,51,53,-2,2
53395,63,64,-1,1
53396,149,132,17,17
53397,72,56,16,16
53398,147,126,21,21
53399,67,59,8,8
53400,106,103,3,3
53401,98,95,3,3
53402,100,82,18,18
53403,93,90,3,3
53404,69,66,3,3
53405,116,121,-5,5
53406,88,78,10,10
53407,114,123,-9,9
53408,53,51,2,2
53409,55,50,5,5
53410,86,84,2,2
53411,110,89,21,21
53412,82,72,10,10
53413,87,72,15,15
53414,60,48,12,12
53415,59,51,8,8
53416,72,58,14,14
53417,99,80,19,19
53418,111,91,20,20
53419,105,96,9,9
53420,110,93,17,17
53421,56,49,7,7
53422,126,123,3,3
53423,75,71,4,4
53424,56,49,7,7
53425,119,124,-5,5
53426,98,89,9,9
53427,171,155,16,16
53428,169,131,38,38
53429,126,118,8,8
53430,194,164,30,30
53431,112,95,17,17
53432,73,64,9,9
53433,106,97,9,9
53434,101,78,23,23
53435,119,101,18,18
53436,96,76,20,20
53437,58,53,5,5
53438,89,82,7,7
53439,78,60,18,18
53440,85,84,1,1
53441,87,82,5,5
53442,70,66,4,4
53443,50,52,-2,2
53444,51,48,3,3
53445,91,76,15,15
53446,79,76,3,3
53447,98,86,12,12
53448,117,114,3,3
53449,94,92,2,2
53450,141,121,20,20
53451,133,126,7,7
53452,48,48,0,0
53453,121,110,11,11
53454,90,83,7,7
53455,50,54,-4,4
53456,69,69,0,0
53457,90,93,-3,3
53458,83,73,10,10
53459,89,94,-5,5
53460,84,71,13,13
53461,72,59,13,13
53462,65,59,6,6
53463,93,79,14,14
53464,70,62,8,8
53465,68,62,6,6
53466,128,128,0,0
53467,102,77,25,25
53468,111,104,7,7
53469,54,46,8,8
53470,94,91,3,3
53471,102,85,17,17
53472,104,89,15,15
53473,90,82,8,8
53474,96,89,7,7
53475,119,114,5,5
53476,80,72,8,8
53477,77,67,10,10
53478,228,234,-6,6
53479,134,105,29,29
53480,140,139,1,1
53481,47,41,6,6
53482,113,99,14,14
53483,58,52,6,6
53484,34,31,3,3
53485,46,38,8,8
53486,68,55,13,13
53487,68,57,11,11
53488,43,43,0,0
53489,74,72,2,2
53490,88,82,6,6
53491,130,128,2,2
53492,112,84,28,28
53493,91,79,12,12
53494,70,62,8,8
53495,137,118,19,19
53496,67,53,14,14
53497,90,72,18,18
53498,137,111,26,26
53499,83,81,2,2
53500,105,104,1,1
53501,78,74,4,4
53502,93,69,24,24
53503,88,72,16,16
53504,65,54,11,11
53505,105,90,15,15
53506,131,128,3,3
53507,52,45,7,7
53508,48,48,0,0
53509,127,121,6,6
53510,70,76,-6,6
53511,62,51,11,11
53512,119,109,10,10
53513,75,69,6,6
53514,90,73,17,17
53515,60,58,2,2
53516,133,117,16,16
53517,86,73,13,13
53518,77,75,2,2
53519,81,74,7,7
53520,98,90,8,8
53521,101,96,5,5
53522,70,63,7,7
53523,86,69,17,17
53524,111,104,7,7
53525,99,84,15,15
53526,62,55,7,7
53527,111,103,8,8
53528,57,51,6,6
53529,93,82,11,11
53530,77,74,3,3
53531,122,107,15,15
53532,96,92,4,4
53533,52,48,4,4
53534,66,49,17,17
53535,102,87,15,15
53536,79,85,-6,6
53537,83,84,-1,1
53538,90,80,10,10
53539,117,103,14,14
53540,87,79,8,8
53541,127,105,22,22
53542,50,52,-2,2
53543,62,59,3,3
53544,63,65,-2,2
53545,80,64,16,16
53546,111,120,-9,9
53547,53,33,20,20
53548,105,93,12,12
53549,97,80,17,17
53550,48,41,7,7
53551,66,62,4,4
53552,113,105,8,8
53553,142,126,16,16
53554,42,34,8,8
53555,55,45,10,10
53556,111,90,21,21
53557,89,77,12,12
53558,76,81,-5,5
53559,126,107,19,19
53560,103,94,9,9
53561,53,50,3,3
53562,90,82,8,8
53563,66,53,13,13
53564,60,58,2,2
53565,49,48,1,1
53566,230,178,52,52
53567,64,50,14,14
53568,104,96,8,8
53569,82,77,5,5
53570,157,137,20,20
53571,53,45,8,8
53572,93,85,8,8
53573,76,64,12,12
53574,61,56,5,5
53575,100,83,17,17
53576,52,50,2,2
53577,69,60,9,9
53578,117,104,13,13
53579,124,107,17,17
53580,100,93,7,7
53581,149,112,37,37
53582,99,90,9,9
53583,120,95,25,25
53584,79,74,5,5
53585,177,158,19,19
53586,62,56,6,6
53587,99,83,16,16
53588,157,133,24,24
53589,117,109,8,8
53590,98,87,11,11
53591,68,59,9,9
53592,85,73,12,12
53593,91,92,-1,1
53594,106,86,20,20
53595,129,115,14,14
53596,134,112,22,22
53597,85,75,10,10
53598,122,118,4,4
53599,89,77,12,12
53600,46,43,3,3
53601,91,83,8,8
53602,136,125,11,11
53603,52,45,7,7
53604,98,93,5,5
53605,98,79,19,19
53606,129,113,16,16
53607,49,42,7,7
53608,75,62,13,13
53609,70,66,4,4
53610,102,83,19,19
53611,114,102,12,12
53612,31,32,-1,1
53613,120,106,14,14
53614,108,96,12,12
53615,84,80,4,4
53616,61,57,4,4
53617,150,136,14,14
53618,52,77,-25,25
53619,44,42,2,2
53620,71,72,-1,1
53621,62,60,2,2
53622,74,70,4,4
53623,100,88,12,12
53624,83,80,3,3
53625,82,78,4,4
53626,149,118,31,31
53627,113,108,5,5
53628,99,80,19,19
53629,94,85,9,9
53630,77,74,3,3
53631,116,119,-3,3
53632,154,140,14,14
53633,84,76,8,8
53634,116,95,21,21
53635,169,151,18,18
53636,126,111,15,15
53637,31,33,-2,2
53638,84,73,11,11
53639,81,66,15,15
53640,109,93,16,16
53641,96,89,7,7
53642,78,67,11,11
53643,100,88,12,12
53644,101,88,13,13
53645,63,64,-1,1
53646,118,106,12,12
53647,119,102,17,17
53648,70,56,14,14
53649,82,67,15,15
53650,57,51,6,6
53651,89,84,5,5
53652,124,105,19,19
53653,67,63,4,4
53654,87,71,16,16
53655,115,98,17,17
53656,76,62,14,14
53657,63,57,6,6
53658,105,90,15,15
53659,77,66,11,11
53660,124,114,10,10
53661,84,69,15,15
53662,52,45,7,7
53663,55,48,7,7
53664,120,103,17,17
53665,206,164,42,42
53666,67,64,3,3
53667,93,83,10,10
53668,67,62,5,5
53669,71,57,14,14
53670,87,68,19,19
53671,72,61,11,11
53672,108,95,13,13
53673,116,101,15,15
53674,62,51,11,11
53675,61,61,0,0
53676,57,51,6,6
53677,100,84,16,16
53678,78,64,14,14
53679,93,85,8,8
53680,102,92,10,10
53681,187,171,16,16
53682,88,72,16,16
53683,100,90,10,10
53684,169,152,17,17
53685,160,152,8,8
53686,142,125,17,17
53687,146,134,12,12
53688,81,76,5,5
53689,41,37,4,4
53690,111,86,25,25
53691,124,106,18,18
53692,114,107,7,7
53693,133,130,3,3
53694,88,72,16,16
53695,90,77,13,13
53696,76,66,10,10
53697,83,80,3,3
53698,130,120,10,10
53699,48,53,-5,5
53700,85,88,-3,3
53701,77,68,9,9
53702,130,119,11,11
53703,118,92,26,26
53704,106,94,12,12
53705,67,64,3,3
53706,111,104,7,7
53707,94,77,17,17
53708,69,62,7,7
53709,76,80,-4,4
53710,96,80,16,16
53711,84,69,15,15
53712,144,106,38,38
53713,66,70,-4,4
53714,86,77,9,9
53715,56,57,-1,1
53716,103,103,0,0
53717,154,132,22,22
53718,80,69,11,11
53719,89,78,11,11
53720,63,61,2,2
53721,90,79,11,11
53722,102,82,20,20
53723,132,120,12,12
53724,103,94,9,9
53725,138,119,19,19
53726,107,93,14,14
53727,84,78,6,6
53728,158,134,24,24
53729,143,130,13,13
53730,83,76,7,7
53731,101,85,16,16
53732,42,44,-2,2
53733,156,134,22,22
53734,96,89,7,7
53735,124,119,5,5
53736,91,80,11,11
53737,139,121,18,18
53738,80,68,12,12
53739,95,82,13,13
53740,95,80,15,15
53741,83,79,4,4
53742,88,81,7,7
53743,120,110,10,10
53744,79,72,7,7
53745,114,97,17,17
53746,54,48,6,6
53747,72,72,0,0
53748,122,100,22,22
53749,125,116,9,9
53750,100,86,14,14
53751,90,89,1,1
53752,92,83,9,9
53753,85,74,11,11
53754,115,100,15,15
53755,76,61,15,15
53756,94,95,-1,1
53757,128,108,20,20
53758,49,79,-30,30
53759,134,110,24,24
53760,114,105,9,9
53761,75,68,7,7
53762,71,59,12,12
53763,131,118,13,13
53764,110,95,15,15
53765,113,96,17,17
53766,79,78,1,1
53767,90,77,13,13
53768,112,86,26,26
53769,92,85,7,7
53770,141,121,20,20
53771,46,43,3,3
53772,103,89,14,14
53773,124,115,9,9
53774,98,83,15,15
53775,106,82,24,24
53776,95,76,19,19
53777,50,46,4,4
53778,98,83,15,15
53779,127,115,12,12
53780,147,136,11,11
53781,136,117,19,19
53782,68,57,11,11
53783,133,115,18,18
53784,112,102,10,10
53785,73,60,13,13
53786,104,95,9,9
53787,118,102,16,16
53788,84,86,-2,2
53789,66,57,9,9
53790,74,63,11,11
53791,71,56,15,15
53792,122,105,17,17
53793,88,79,9,9
53794,90,85,5,5
53795,44,43,1,1
53796,68,71,-3,3
53797,72,70,2,2
53798,141,125,16,16
53799,84,95,-11,11
53800,120,103,17,17
53801,46,37,9,9
53802,59,50,9,9
53803,136,117,19,19
53804,47,40,7,7
53805,57,56,1,1
53806,64,68,-4,4
53807,114,90,24,24
53808,75,61,14,14
53809,72,69,3,3
53810,58,46,12,12
53811,70,66,4,4
53812,146,126,20,20
53813,83,87,-4,4
53814,116,120,-4,4
53815,143,131,12,12
53816,118,97,21,21
53817,200,161,39,39
53818,116,92,24,24
53819,124,110,14,14
53820,142,136,6,6
53821,184,149,35,35
53822,137,118,19,19
53823,76,66,10,10
53824,96,80,16,16
53825,52,47,5,5
53826,91,75,16,16
53827,55,48,7,7
53828,95,77,18,18
53829,59,57,2,2
53830,145,133,12,12
53831,84,60,24,24
53832,112,103,9,9
53833,63,67,-4,4
53834,60,57,3,3
53835,134,122,12,12
53836,88,73,15,15
53837,72,65,7,7
53838,107,104,3,3
53839,74,61,13,13
53840,94,76,18,18
53841,84,69,15,15
53842,55,62,-7,7
53843,30,25,5,5
53844,31,35,-4,4
53845,77,73,4,4
53846,74,66,8,8
53847,99,78,21,21
53848,148,131,17,17
53849,70,71,-1,1
53850,86,69,17,17
53851,124,129,-5,5
53852,144,129,15,15
53853,77,65,12,12
53854,117,98,19,19
53855,78,67,11,11
53856,53,57,-4,4
53857,105,89,16,16
53858,79,58,21,21
53859,127,108,19,19
53860,94,77,17,17
53861,159,151,8,8
53862,90,79,11,11
53863,71,69,2,2
53864,156,133,23,23
53865,140,127,13,13
53866,57,41,16,16
53867,91,79,12,12
53868,61,56,5,5
53869,91,90,1,1
53870,54,50,4,4
53871,78,66,12,12
53872,133,106,27,27
53873,121,98,23,23
53874,151,135,16,16
53875,119,107,12,12
53876,76,96,-20,20
53877,98,81,17,17
53878,97,86,11,11
53879,41,35,6,6
53880,149,152,-3,3
53881,119,103,16,16
53882,80,72,8,8
53883,67,56,11,11
53884,70,66,4,4
53885,120,101,19,19
53886,125,114,11,11
53887,76,70,6,6
53888,77,75,2,2
53889,89,83,6,6
53890,63,53,10,10
53891,163,146,17,17
53892,51,40,11,11
53893,68,57,11,11
53894,131,123,8,8
53895,109,96,13,13
53896,61,50,11,11
53897,118,118,0,0
53898,103,91,12,12
53899,137,106,31,31
53900,93,78,15,15
53901,116,87,29,29
53902,61,55,6,6
53903,80,73,7,7
53904,88,79,9,9
53905,121,114,7,7
53906,63,59,4,4
53907,150,131,19,19
53908,130,118,12,12
53909,112,97,15,15
53910,48,46,2,2
53911,159,143,16,16
53912,75,64,11,11
53913,66,62,4,4
53914,75,67,8,8
53915,70,62,8,8
53916,80,67,13,13
53917,95,85,10,10
53918,57,44,13,13
53919,79,64,15,15
53920,69,58,11,11
53921,60,57,3,3
53922,115,95,20,20
53923,121,87,34,34
53924,71,54,17,17
53925,88,74,14,14
53926,97,86,11,11
53927,56,52,4,4
53928,107,89,18,18
53929,35,27,8,8
53930,112,98,14,14
53931,74,69,5,5
53932,80,71,9,9
53933,89,86,3,3
53934,81,79,2,2
53935,142,128,14,14
53936,109,100,9,9
53937,118,97,21,21
53938,93,79,14,14
53939,127,116,11,11
53940,84,77,7,7
53941,135,123,12,12
53942,128,117,11,11
53943,88,71,17,17
53944,77,76,1,1
53945,73,71,2,2
53946,92,75,17,17
53947,163,152,11,11
53948,117,98,19,19
53949,186,165,21,21
53950,118,113,5,5
53951,79,61,18,18
53952,81,73,8,8
53953,114,120,-6,6
53954,83,74,9,9
53955,89,69,20,20
53956,139,129,10,10
53957,85,79,6,6
53958,52,50,2,2
53959,112,92,20,20
53960,79,72,7,7
53961,90,81,9,9
53962,102,92,10,10
53963,86,75,11,11
53964,83,70,13,13
53965,149,124,25,25
53966,50,47,3,3
53967,73,63,10,10
53968,66,59,7,7
53969,106,98,8,8
53970,78,62,16,16
53971,85,77,8,8
53972,97,95,2,2
53973,50,43,7,7
53974,126,123,3,3
53975,83,81,2,2
53976,98,85,13,13
53977,75,66,9,9
53978,93,84,9,9
53979,143,116,27,27
53980,142,114,28,28
53981,55,55,0,0
53982,68,56,12,12
53983,61,52,9,9
53984,68,60,8,8
53985,119,91,28,28
53986,85,71,14,14
53987,56,44,12,12
53988,105,101,4,4
53989,74,65,9,9
53990,61,52,9,9
53991,125,113,12,12
53992,49,41,8,8
53993,117,115,2,2
53994,109,99,10,10
53995,108,111,-3,3
53996,153,148,5,5
53997,59,47,12,12
53998,173,148,25,25
53999,90,79,11,11
54000,102,88,14,14
54001,53,49,4,4
54002,91,87,4,4
54003,162,118,44,44
54004,129,113,16,16
54005,110,102,8,8
54006,80,62,18,18
54007,94,79,15,15
54008,107,95,12,12
54009,57,55,2,2
54010,109,99,10,10
54011,73,65,8,8
54012,229,194,35,35
54013,170,156,14,14
54014,70,55,15,15
54015,104,98,6,6
54016,83,71,12,12
54017,101,85,16,16
54018,86,80,6,6
54019,108,98,10,10
54020,96,84,12,12
54021,80,76,4,4
54022,68,61,7,7
54023,91,77,14,14
54024,112,106,6,6
54025,122,104,18,18
54026,132,106,26,26
54027,96,86,10,10
54028,81,77,4,4
54029,80,83,-3,3
54030,101,87,14,14
54031,117,102,15,15
54032,100,85,15,15
54033,83,88,-5,5
54034,93,83,10,10
54035,103,93,10,10
54036,48,48,0,0
54037,110,95,15,15
54038,128,107,21,21
54039,37,29,8,8
54040,110,106,4,4
54041,94,84,10,10
54042,127,126,1,1
54043,70,59,11,11
54044,112,97,15,15
54045,189,172,17,17
54046,95,92,3,3
54047,123,114,9,9
54048,152,135,17,17
54049,85,74,11,11
54050,60,57,3,3
54051,74,61,13,13
54052,89,82,7,7
54053,97,89,8,8
54054,159,136,23,23
54055,90,83,7,7
54056,76,70,6,6
54057,83,85,-2,2
54058,71,71,0,0
54059,105,83,22,22
54060,102,93,9,9
54061,161,134,27,27
54062,123,100,23,23
54063,85,76,9,9
54064,41,36,5,5
54065,165,141,24,24
54066,60,79,-19,19
54067,123,117,6,6
54068,59,47,12,12
54069,51,45,6,6
54070,160,147,13,13
54071,134,135,-1,1
54072,87,82,5,5
54073,91,80,11,11
54074,52,47,5,5
54075,111,95,16,16
54076,139,130,9,9
54077,65,62,3,3
54078,96,85,11,11
54079,92,78,14,14
54080,77,77,0,0
54081,106,104,2,2
54082,194,175,19,19
54083,127,113,14,14
54084,121,93,28,28
54085,140,136,4,4
54086,129,116,13,13
54087,59,55,4,4
54088,82,78,4,4
54089,59,54,5,5
54090,98,84,14,14
54091,214,172,42,42
54092,107,96,11,11
54093,122,114,8,8
54094,75,62,13,13
54095,52,43,9,9
54096,129,107,22,22
54097,59,53,6,6
54098,64,57,7,7
54099,144,122,22,22
54100,99,86,13,13
54101,156,134,22,22
54102,173,153,20,20
54103,82,72,10,10
54104,145,117,28,28
54105,105,88,17,17
54106,102,98,4,4
54107,69,61,8,8
54108,51,43,8,8
54109,44,41,3,3
54110,30,30,0,0
54111,118,96,22,22
54112,85,71,14,14
54113,70,62,8,8
54114,61,60,1,1
54115,69,57,12,12
54116,81,71,10,10
54117,68,54,14,14
54118,149,128,21,21
54119,47,57,-10,10
54120,53,51,2,2
54121,143,129,14,14
54122,91,89,2,2
54123,93,86,7,7
54124,45,39,6,6
54125,122,114,8,8
54126,112,95,17,17
54127,165,130,35,35
54128,57,55,2,2
54129,101,89,12,12
54130,54,54,0,0
54131,55,46,9,9
54132,74,62,12,12
54133,95,82,13,13
54134,58,81,-23,23
54135,114,114,0,0
54136,73,80,-7,7
54137,81,68,13,13
54138,63,53,10,10
54139,139,137,2,2
54140,96,82,14,14
54141,111,99,12,12
54142,157,133,24,24
54143,167,156,11,11
54144,166,132,34,34
54145,115,109,6,6
54146,80,69,11,11
54147,166,135,31,31
54148,89,77,12,12
54149,69,59,10,10
54150,34,36,-2,2
54151,92,80,12,12
54152,81,82,-1,1
54153,131,124,7,7
54154,65,61,4,4
54155,107,100,7,7
54156,61,56,5,5
54157,77,75,2,2
54158,92,88,4,4
54159,175,162,13,13
54160,154,144,10,10
54161,101,93,8,8
54162,96,81,15,15
54163,82,73,9,9
54164,72,61,11,11
54165,60,54,6,6
54166,137,114,23,23
54167,44,43,1,1
54168,77,62,15,15
54169,111,99,12,12
54170,41,43,-2,2
54171,119,97,22,22
54172,83,76,7,7
54173,108,88,20,20
54174,128,104,24,24
54175,76,80,-4,4
54176,41,43,-2,2
54177,79,71,8,8
54178,175,156,19,19
54179,115,96,19,19
54180,87,85,2,2
54181,136,110,26,26
54182,76,65,11,11
54183,107,104,3,3
54184,86,83,3,3
54185,118,98,20,20
54186,98,84,14,14
54187,73,61,12,12
54188,176,150,26,26
54189,110,90,20,20
54190,73,61,12,12
54191,73,69,4,4
54192,109,107,2,2
54193,96,92,4,4
54194,128,107,21,21
54195,65,53,12,12
54196,81,77,4,4
54197,76,68,8,8
54198,81,80,1,1
54199,55,41,14,14
54200,93,84,9,9
54201,138,131,7,7
54202,127,109,18,18
54203,110,81,29,29
54204,97,83,14,14
54205,106,104,2,2
54206,70,65,5,5
54207,84,90,-6,6
54208,103,90,13,13
54209,109,89,20,20
54210,82,71,11,11
54211,82,74,8,8
54212,75,67,8,8
54213,96,83,13,13
54214,74,65,9,9
54215,50,47,3,3
54216,80,66,14,14
54217,129,127,2,2
54218,127,120,7,7
54219,101,101,0,0
54220,94,86,8,8
54221,80,74,6,6
54222,51,45,6,6
54223,98,89,9,9
54224,93,87,6,6
54225,138,127,11,11
54226,127,107,20,20
54227,115,100,15,15
54228,57,53,4,4
54229,62,55,7,7
54230,125,115,10,10
54231,74,78,-4,4
54232,104,86,18,18
54233,112,104,8,8
54234,101,84,17,17
54235,81,64,17,17
54236,58,55,3,3
54237,98,80,18,18
54238,60,50,10,10
54239,60,56,4,4
54240,119,100,19,19
54241,92,78,14,14
54242,79,76,3,3
54243,72,64,8,8
54244,59,55,4,4
54245,53,49,4,4
54246,133,116,17,17
54247,81,83,-2,2
54248,167,142,25,25
54249,110,94,16,16
54250,62,57,5,5
54251,77,66,11,11
54252,81,78,3,3
54253,108,81,27,27
54254,107,89,18,18
54255,56,48,8,8
54256,74,62,12,12
54257,55,60,-5,5
54258,41,33,8,8
54259,95,78,17,17
54260,80,76,4,4
54261,107,95,12,12
54262,89,81,8,8
54263,69,62,7,7
54264,89,77,12,12
54265,125,101,24,24
54266,139,124,15,15
54267,63,59,4,4
54268,79,73,6,6
54269,111,105,6,6
54270,80,75,5,5
54271,89,87,2,2
54272,65,55,10,10
54273,139,124,15,15
54274,105,93,12,12
54275,59,50,9,9
54276,108,87,21,21
54277,71,64,7,7
54278,57,58,-1,1
54279,65,56,9,9
54280,66,54,12,12
54281,171,158,13,13
54282,69,79,-10,10
54283,137,114,23,23
54284,62,57,5,5
54285,92,80,12,12
54286,87,73,14,14
54287,131,116,15,15
54288,160,157,3,3
54289,78,75,3,3
54290,82,81,1,1
54291,152,157,-5,5
54292,34,30,4,4
54293,80,81,-1,1
54294,201,179,22,22
54295,89,79,10,10
54296,88,84,4,4
54297,137,123,14,14
54298,58,53,5,5
54299,87,90,-3,3
54300,106,100,6,6
54301,67,61,6,6
54302,57,46,11,11
54303,83,70,13,13
54304,105,84,21,21
54305,187,147,40,40
54306,92,82,10,10
54307,43,34,9,9
54308,130,120,10,10
54309,103,86,17,17
54310,79,69,10,10
54311,176,157,19,19
54312,120,99,21,21
54313,75,64,11,11
54314,75,59,16,16
54315,77,61,16,16
54316,87,75,12,12
54317,49,50,-1,1
54318,164,125,39,39
54319,142,121,21,21
54320,136,119,17,17
54321,51,47,4,4
54322,79,72,7,7
54323,173,156,17,17
54324,118,108,10,10
54325,75,69,6,6
54326,87,81,6,6
54327,66,56,10,10
54328,67,63,4,4
54329,124,108,16,16
54330,62,56,6,6
54331,88,88,0,0
54332,87,74,13,13
54333,125,117,8,8
54334,107,76,31,31
54335,65,53,12,12
54336,50,48,2,2
54337,80,65,15,15
54338,166,148,18,18
54339,142,121,21,21
54340,171,152,19,19
54341,57,47,10,10
54342,87,78,9,9
54343,106,84,22,22
54344,95,93,2,2
54345,108,87,21,21
54346,105,87,18,18
54347,112,98,14,14
54348,101,80,21,21
54349,89,80,9,9
54350,49,46,3,3
54351,84,73,11,11
54352,101,95,6,6
54353,66,57,9,9
54354,83,72,11,11
54355,58,48,10,10
54356,85,78,7,7
54357,91,102,-11,11
54358,53,58,-5,5
54359,94,86,8,8
54360,97,75,22,22
54361,76,68,8,8
54362,45,49,-4,4
54363,49,42,7,7
54364,150,136,14,14
54365,104,91,13,13
54366,111,104,7,7
54367,68,53,15,15
54368,93,89,4,4
54369,100,94,6,6
54370,107,96,11,11
54371,121,111,10,10
54372,60,58,2,2
54373,134,124,10,10
54374,127,112,15,15
54375,76,71,5,5
54376,122,99,23,23
54377,71,57,14,14
54378,73,70,3,3
54379,74,62,12,12
54380,133,120,13,13
54381,78,63,15,15
54382,60,66,-6,6
54383,112,116,-4,4
54384,87,86,1,1
54385,105,87,18,18
54386,62,58,4,4
54387,76,66,10,10
54388,124,103,21,21
54389,108,103,5,5
54390,63,54,9,9
54391,192,165,27,27
54392,63,69,-6,6
54393,94,87,7,7
54394,76,84,-8,8
54395,153,134,19,19
54396,145,124,21,21
54397,118,111,7,7
54398,144,133,11,11
54399,80,76,4,4
54400,81,70,11,11
54401,167,135,32,32
54402,112,79,33,33
54403,87,82,5,5
54404,114,78,36,36
54405,96,89,7,7
54406,72,65,7,7
54407,148,137,11,11
54408,105,96,9,9
54409,138,135,3,3
54410,80,72,8,8
54411,79,75,4,4
54412,92,78,14,14
54413,104,98,6,6
54414,60,63,-3,3
54415,179,150,29,29
54416,86,75,11,11
54417,32,41,-9,9
54418,134,97,37,37
54419,71,62,9,9
54420,93,84,9,9
54421,112,97,15,15
54422,117,106,11,11
54423,112,98,14,14
54424,83,78,5,5
54425,111,101,10,10
54426,143,130,13,13
54427,84,71,13,13
54428,58,55,3,3
54429,78,68,10,10
54430,116,94,22,22
54431,120,98,22,22
54432,102,85,17,17
54433,155,72,83,83
54434,106,97,9,9
54435,79,65,14,14
54436,111,104,7,7
54437,72,63,9,9
54438,59,50,9,9
54439,139,134,5,5
54440,119,99,20,20
54441,100,85,15,15
54442,59,65,-6,6
54443,67,66,1,1
54444,149,139,10,10
54445,74,64,10,10
54446,96,88,8,8
54447,196,183,13,13
54448,144,135,9,9
54449,101,82,19,19
54450,80,85,-5,5
54451,76,74,2,2
54452,96,89,7,7
54453,112,95,17,17
54454,73,81,-8,8
54455,126,118,8,8
54456,92,80,12,12
54457,125,120,5,5
54458,64,59,5,5
54459,146,127,19,19
54460,77,86,-9,9
54461,148,135,13,13
54462,126,113,13,13
54463,95,89,6,6
54464,58,46,12,12
54465,146,125,21,21
54466,148,119,29,29
54467,104,94,10,10
54468,129,106,23,23
54469,60,46,14,14
54470,83,75,8,8
54471,67,49,18,18
54472,132,110,22,22
54473,82,82,0,0
54474,34,41,-7,7
54475,76,72,4,4
54476,116,112,4,4
54477,119,116,3,3
54478,96,89,7,7
54479,138,119,19,19
54480,80,71,9,9
54481,109,102,7,7
54482,103,89,14,14
54483,57,55,2,2
54484,41,35,6,6
54485,121,109,12,12
54486,87,73,14,14
54487,125,110,15,15
54488,82,82,0,0
54489,36,34,2,2
54490,63,53,10,10
54491,112,101,11,11
54492,90,75,15,15
54493,110,108,2,2
54494,184,153,31,31
54495,97,91,6,6
54496,64,60,4,4
54497,115,94,21,21
54498,85,73,12,12
54499,60,55,5,5
54500,68,69,-1,1
54501,118,105,13,13
54502,56,61,-5,5
54503,49,54,-5,5
54504,92,88,4,4
54505,62,52,10,10
54506,131,112,19,19
54507,125,111,14,14
54508,146,134,12,12
54509,78,71,7,7
54510,69,61,8,8
54511,76,62,14,14
54512,66,59,7,7
54513,71,65,6,6
54514,97,90,7,7
54515,264,225,39,39
54516,38,39,-1,1
54517,134,128,6,6
54518,70,61,9,9
54519,67,61,6,6
54520,128,114,14,14
54521,138,97,41,41
54522,101,100,1,1
54523,76,65,11,11
54524,42,42,0,0
54525,138,114,24,24
54526,126,109,17,17
54527,80,69,11,11
54528,61,53,8,8
54529,105,85,20,20
54530,113,101,12,12
54531,96,88,8,8
54532,97,87,10,10
54533,74,77,-3,3
54534,129,121,8,8
54535,83,66,17,17
54536,87,72,15,15
54537,72,60,12,12
54538,120,101,19,19
54539,95,103,-8,8
54540,62,55,7,7
54541,54,48,6,6
54542,80,76,4,4
54543,109,89,20,20
54544,90,76,14,14
54545,30,23,7,7
54546,103,90,13,13
54547,91,92,-1,1
54548,92,74,18,18
54549,79,77,2,2
54550,120,107,13,13
54551,131,113,18,18
54552,91,80,11,11
54553,64,56,8,8
54554,106,96,10,10
54555,81,72,9,9
54556,86,73,13,13
54557,190,181,9,9
54558,80,70,10,10
54559,108,104,4,4
54560,136,130,6,6
54561,84,74,10,10
54562,122,109,13,13
54563,80,66,14,14
54564,80,64,16,16
54565,143,126,17,17
54566,31,32,-1,1
54567,96,83,13,13
54568,74,58,16,16
54569,130,114,16,16
54570,99,84,15,15
54571,90,91,-1,1
54572,89,74,15,15
54573,122,96,26,26
54574,116,106,10,10
54575,111,104,7,7
54576,129,104,25,25
54577,97,88,9,9
54578,122,94,28,28
54579,94,105,-11,11
54580,78,73,5,5
54581,101,87,14,14
54582,77,73,4,4
54583,99,97,2,2
54584,91,95,-4,4
54585,74,65,9,9
54586,120,104,16,16
54587,109,88,21,21
54588,54,53,1,1
54589,105,87,18,18
54590,140,138,2,2
54591,175,150,25,25
54592,103,81,22,22
54593,80,76,4,4
54594,71,69,2,2
54595,101,86,15,15
54596,91,82,9,9
54597,75,78,-3,3
54598,51,48,3,3
54599,59,52,7,7
54600,108,91,17,17
54601,198,163,35,35
54602,48,38,10,10
54603,117,109,8,8
54604,44,37,7,7
54605,105,94,11,11
54606,78,74,4,4
54607,92,94,-2,2
54608,89,76,13,13
54609,68,57,11,11
54610,50,46,4,4
54611,83,68,15,15
54612,71,61,10,10
54613,96,104,-8,8
54614,146,125,21,21
54615,134,98,36,36
54616,73,82,-9,9
54617,84,97,-13,13
54618,86,80,6,6
54619,152,130,22,22
54620,59,53,6,6
54621,183,160,23,23
54622,50,48,2,2
54623,83,73,10,10
54624,103,86,17,17
54625,63,55,8,8
54626,58,51,7,7
54627,79,63,16,16
54628,65,77,-12,12
54629,50,49,1,1
54630,89,73,16,16
54631,132,109,23,23
54632,91,92,-1,1
54633,79,72,7,7
54634,89,73,16,16
54635,117,112,5,5
54636,89,73,16,16
54637,109,103,6,6
54638,124,109,15,15
54639,97,84,13,13
54640,131,119,12,12
54641,86,75,11,11
54642,77,69,8,8
54643,96,87,9,9
54644,94,84,10,10
54645,74,67,7,7
54646,129,112,17,17
54647,104,88,16,16
54648,113,109,4,4
54649,99,87,12,12
54650,63,46,17,17
54651,95,84,11,11
54652,68,69,-1,1
54653,194,146,48,48
54654,99,99,0,0
54655,123,123,0,0
54656,119,105,14,14
54657,108,87,21,21
54658,66,74,-8,8
54659,60,55,5,5
54660,58,56,2,2
54661,183,159,24,24
54662,190,172,18,18
54663,165,133,32,32
54664,80,79,1,1
54665,166,150,16,16
54666,123,115,8,8
54667,131,120,11,11
54668,62,59,3,3
54669,83,64,19,19
54670,125,104,21,21
54671,103,99,4,4
54672,101,97,4,4
54673,95,79,16,16
54674,59,56,3,3
54675,107,89,18,18
54676,79,60,19,19
54677,87,69,18,18
54678,84,77,7,7
54679,67,59,8,8
54680,75,64,11,11
54681,85,73,12,12
54682,89,71,18,18
54683,105,105,0,0
54684,71,64,7,7
54685,150,125,25,25
54686,59,54,5,5
54687,86,76,10,10
54688,85,77,8,8
54689,110,104,6,6
54690,76,64,12,12
54691,100,90,10,10
54692,109,87,22,22
54693,110,100,10,10
54694,97,100,-3,3
54695,109,101,8,8
54696,188,164,24,24
54697,52,49,3,3
54698,56,53,3,3
54699,87,77,10,10
54700,72,66,6,6
54701,171,151,20,20
54702,109,95,14,14
54703,86,80,6,6
54704,140,126,14,14
54705,113,99,14,14
54706,89,79,10,10
54707,102,88,14,14
54708,82,72,10,10
54709,87,74,13,13
54710,85,77,8,8
54711,150,132,18,18
54712,151,119,32,32
54713,65,67,-2,2
54714,150,132,18,18
54715,102,91,11,11
54716,88,75,13,13
54717,108,98,10,10
54718,38,39,-1,1
54719,123,109,14,14
54720,92,69,23,23
54721,120,103,17,17
54722,108,89,19,19
54723,72,58,14,14
54724,62,48,14,14
54725,105,95,10,10
54726,71,76,-5,5
54727,99,77,22,22
54728,88,77,11,11
54729,79,83,-4,4
54730,86,79,7,7
54731,116,93,23,23
54732,74,72,2,2
54733,93,82,11,11
54734,198,167,31,31
54735,96,82,14,14
54736,78,67,11,11
54737,57,48,9,9
54738,45,44,1,1
54739,140,127,13,13
54740,76,64,12,12
54741,88,79,9,9
54742,127,118,9,9
54743,50,51,-1,1
54744,101,99,2,2
54745,71,71,0,0
54746,141,121,20,20
54747,110,109,1,1
54748,144,114,30,30
54749,114,114,0,0
54750,66,55,11,11
54751,90,87,3,3
54752,83,69,14,14
54753,143,117,26,26
54754,81,66,15,15
54755,41,35,6,6
54756,165,149,16,16
54757,92,87,5,5
54758,43,60,-17,17
54759,84,65,19,19
54760,58,61,-3,3
54761,74,63,11,11
54762,102,74,28,28
54763,62,65,-3,3
54764,115,101,14,14
54765,93,88,5,5
54766,155,131,24,24
54767,173,159,14,14
54768,145,127,18,18
54769,75,65,10,10
54770,116,94,22,22
54771,114,108,6,6
54772,115,108,7,7
54773,123,106,17,17
54774,86,88,-2,2
54775,95,82,13,13
54776,59,54,5,5
54777,123,112,11,11
54778,111,104,7,7
54779,109,113,-4,4
54780,92,80,12,12
54781,118,122,-4,4
54782,42,36,6,6
54783,65,61,4,4
54784,74,67,7,7
54785,144,135,9,9
54786,139,120,19,19
54787,71,67,4,4
54788,66,58,8,8
54789,81,74,7,7
54790,103,96,7,7
54791,65,56,9,9
54792,137,136,1,1
54793,86,78,8,8
54794,64,43,21,21
54795,96,87,9,9
54796,76,76,0,0
54797,56,50,6,6
54798,59,56,3,3
54799,70,63,7,7
54800,79,68,11,11
54801,92,79,13,13
54802,64,68,-4,4
54803,141,133,8,8
54804,111,101,10,10
54805,123,98,25,25
54806,55,53,2,2
54807,58,50,8,8
54808,105,78,27,27
54809,124,102,22,22
54810,76,66,10,10
54811,72,78,-6,6
54812,68,69,-1,1
54813,39,37,2,2
54814,83,68,15,15
54815,90,77,13,13
54816,84,61,23,23
54817,131,105,26,26
54818,100,83,17,17
54819,68,60,8,8
54820,199,166,33,33
54821,111,97,14,14
54822,63,53,10,10
54823,112,99,13,13
54824,58,55,3,3
54825,167,151,16,16
54826,167,141,26,26
54827,204,174,30,30
54828,88,78,10,10
54829,112,110,2,2
54830,109,100,9,9
54831,74,53,21,21
54832,118,108,10,10
54833,114,102,12,12
54834,52,46,6,6
54835,79,70,9,9
54836,63,55,8,8
54837,34,36,-2,2
54838,75,69,6,6
54839,66,60,6,6
54840,165,159,6,6
54841,140,99,41,41
54842,68,64,4,4
54843,119,99,20,20
54844,109,100,9,9
54845,79,69,10,10
54846,96,73,23,23
54847,96,83,13,13
54848,58,49,9,9
54849,99,88,11,11
54850,68,67,1,1
54851,61,52,9,9
54852,89,85,4,4
54853,135,111,24,24
54854,60,56,4,4
54855,92,82,10,10
54856,84,70,14,14
54857,84,80,4,4
54858,94,84,10,10
54859,101,100,1,1
54860,119,104,15,15
54861,139,140,-1,1
54862,84,77,7,7
54863,204,150,54,54
54864,97,86,11,11
54865,79,79,0,0
54866,101,93,8,8
54867,86,76,10,10
54868,84,70,14,14
54869,67,61,6,6
54870,98,87,11,11
54871,79,70,9,9
54872,90,73,17,17
54873,62,55,7,7
54874,65,59,6,6
54875,62,63,-1,1
54876,41,38,3,3
54877,140,114,26,26
54878,167,147,20,20
54879,129,118,11,11
54880,170,175,-5,5
54881,76,67,9,9
54882,88,79,9,9
54883,57,51,6,6
54884,55,52,3,3
54885,81,66,15,15
54886,142,122,20,20
54887,118,98,20,20
54888,66,55,11,11
54889,61,60,1,1
54890,97,90,7,7
54891,88,77,11,11
54892,101,92,9,9
54893,64,70,-6,6
54894,116,103,13,13
54895,90,72,18,18
54896,87,84,3,3
54897,98,81,17,17
54898,111,99,12,12
54899,67,56,11,11
54900,51,47,4,4
54901,123,116,7,7
54902,59,56,3,3
54903,67,57,10,10
54904,48,42,6,6
54905,52,54,-2,2
54906,180,167,13,13
54907,61,56,5,5
54908,162,140,22,22
54909,76,73,3,3
54910,57,51,6,6
54911,90,80,10,10
54912,55,55,0,0
54913,103,102,1,1
54914,72,71,1,1
54915,70,54,16,16
54916,154,128,26,26
54917,113,105,8,8
54918,108,87,21,21
54919,50,58,-8,8
54920,45,54,-9,9
54921,71,57,14,14
54922,132,117,15,15
54923,164,144,20,20
54924,100,93,7,7
54925,46,36,10,10
54926,85,69,16,16
54927,88,74,14,14
54928,107,102,5,5
54929,84,72,12,12
54930,48,42,6,6
54931,98,89,9,9
54932,154,137,17,17
54933,115,104,11,11
54934,69,62,7,7
54935,47,47,0,0
54936,79,64,15,15
54937,74,60,14,14
54938,77,75,2,2
54939,52,49,3,3
54940,146,128,18,18
54941,74,73,1,1
54942,122,109,13,13
54943,83,98,-15,15
54944,134,98,36,36
54945,113,112,1,1
54946,113,101,12,12
54947,100,102,-2,2
54948,77,67,10,10
54949,91,78,13,13
54950,112,132,-20,20
54951,109,91,18,18
54952,97,84,13,13
54953,156,140,16,16
54954,128,109,19,19
54955,88,82,6,6
54956,68,59,9,9
54957,69,61,8,8
54958,137,125,12,12
54959,68,69,-1,1
54960,65,59,6,6
54961,93,78,15,15
54962,58,50,8,8
54963,55,55,0,0
54964,121,110,11,11
54965,133,122,11,11
54966,50,45,5,5
54967,228,196,32,32
54968,101,82,19,19
54969,51,44,7,7
54970,89,75,14,14
54971,63,66,-3,3
54972,70,73,-3,3
54973,41,33,8,8
54974,114,99,15,15
54975,65,61,4,4
54976,83,76,7,7
54977,61,54,7,7
54978,68,62,6,6
54979,107,99,8,8
54980,70,133,-63,63
54981,122,97,25,25
54982,44,40,4,4
54983,138,127,11,11
54984,178,164,14,14
54985,94,78,16,16
54986,107,85,22,22
54987,63,55,8,8
54988,84,84,0,0
54989,124,103,21,21
54990,68,75,-7,7
54991,78,76,2,2
54992,177,156,21,21
54993,49,50,-1,1
54994,60,49,11,11
54995,63,67,-4,4
54996,39,54,-15,15
54997,88,78,10,10
54998,150,133,17,17
54999,105,94,11,11
55000,88,75,13,13
55001,58,42,16,16
55002,47,42,5,5
55003,135,111,24,24
55004,101,83,18,18
55005,61,56,5,5
55006,114,90,24,24
55007,75,64,11,11
55008,88,73,15,15
55009,69,59,10,10
55010,95,78,17,17
55011,120,121,-1,1
55012,148,147,1,1
55013,80,73,7,7
55014,54,46,8,8
55015,85,75,10,10
55016,123,76,47,47
55017,101,94,7,7
55018,108,104,4,4
55019,62,57,5,5
55020,68,74,-6,6
55021,55,50,5,5
55022,103,94,9,9
55023,115,97,18,18
55024,94,75,19,19
55025,77,69,8,8
55026,146,120,26,26
55027,62,58,4,4
55028,57,52,5,5
55029,204,174,30,30
55030,52,55,-3,3
55031,111,118,-7,7
55032,67,58,9,9
55033,116,98,18,18
55034,168,155,13,13
55035,47,48,-1,1
55036,75,62,13,13
55037,92,78,14,14
55038,139,133,6,6
55039,130,123,7,7
55040,118,98,20,20
55041,72,67,5,5
55042,90,84,6,6
55043,104,71,33,33
55044,99,95,4,4
55045,98,88,10,10
55046,84,77,7,7
55047,106,81,25,25
55048,69,58,11,11
55049,72,67,5,5
55050,86,75,11,11
55051,122,98,24,24
55052,103,76,27,27
55053,113,105,8,8
55054,70,54,16,16
55055,73,83,-10,10
55056,79,68,11,11
55057,102,83,19,19
55058,79,71,8,8
55059,67,59,8,8
55060,61,52,9,9
55061,78,77,1,1
55062,83,71,12,12
55063,91,72,19,19
55064,49,50,-1,1
55065,64,57,7,7
55066,76,69,7,7
55067,155,136,19,19
55068,90,81,9,9
55069,78,100,-22,22
55070,67,66,1,1
55071,112,99,13,13
55072,90,79,11,11
55073,98,90,8,8
55074,93,83,10,10
55075,103,97,6,6
55076,64,61,3,3
55077,94,87,7,7
55078,58,54,4,4
55079,76,75,1,1
55080,153,135,18,18
55081,96,76,20,20
55082,151,137,14,14
55083,60,63,-3,3
55084,87,72,15,15
55085,30,35,-5,5
55086,83,70,13,13
55087,107,103,4,4
55088,114,95,19,19
55089,74,66,8,8
55090,99,102,-3,3
55091,120,107,13,13
55092,89,77,12,12
55093,215,191,24,24
55094,53,47,6,6
55095,74,69,5,5
55096,112,95,17,17
55097,76,67,9,9
55098,69,61,8,8
55099,146,121,25,25
55100,92,78,14,14
55101,72,64,8,8
55102,184,158,26,26
55103,50,41,9,9
55104,82,69,13,13
55105,90,73,17,17
55106,152,124,28,28
55107,41,41,0,0
55108,149,130,19,19
55109,83,73,10,10
55110,45,51,-6,6
55111,225,194,31,31
55112,169,147,22,22
55113,44,42,2,2
55114,118,113,5,5
55115,108,93,15,15
55116,125,111,14,14
55117,124,109,15,15
55118,65,75,-10,10
55119,164,138,26,26
55120,138,129,9,9
55121,87,77,10,10
55122,51,48,3,3
55123,98,94,4,4
55124,64,61,3,3
55125,63,59,4,4
55126,101,90,11,11
55127,90,76,14,14
55128,104,85,19,19
55129,140,124,16,16
55130,121,104,17,17
55131,107,96,11,11
55132,85,77,8,8
55133,116,110,6,6
55134,55,57,-2,2
55135,74,72,2,2
55136,178,135,43,43
55137,134,107,27,27
55138,62,58,4,4
55139,113,102,11,11
55140,75,65,10,10
55141,84,73,11,11
55142,88,70,18,18
55143,68,74,-6,6
55144,46,41,5,5
55145,150,152,-2,2
55146,99,78,21,21
55147,108,94,14,14
55148,118,73,45,45
55149,48,50,-2,2
55150,104,80,24,24
55151,73,57,16,16
55152,109,93,16,16
55153,62,56,6,6
55154,91,68,23,23
55155,119,110,9,9
55156,157,141,16,16
55157,117,100,17,17
55158,60,54,6,6
55159,90,76,14,14
55160,102,91,11,11
55161,100,85,15,15
55162,99,87,12,12
55163,108,85,23,23
55164,90,77,13,13
55165,120,105,15,15
55166,97,86,11,11
55167,78,70,8,8
55168,105,93,12,12
55169,160,138,22,22
55170,143,126,17,17
55171,112,105,7,7
55172,152,135,17,17
55173,153,129,24,24
55174,65,57,8,8
55175,66,63,3,3
55176,63,55,8,8
55177,55,72,-17,17
55178,75,67,8,8
55179,91,75,16,16
55180,81,69,12,12
55181,138,116,22,22
55182,120,100,20,20
55183,86,74,12,12
55184,75,66,9,9
55185,15,19,-4,4
55186,71,64,7,7
55187,158,135,23,23
55188,102,80,22,22
55189,58,53,5,5
55190,54,37,17,17
55191,77,67,10,10
55192,82,68,14,14
55193,69,60,9,9
55194,92,89,3,3
55195,132,120,12,12
55196,109,97,12,12
55197,192,166,26,26
55198,62,52,10,10
55199,41,35,6,6
55200,120,107,13,13
55201,82,72,10,10
55202,116,101,15,15
55203,44,48,-4,4
55204,87,75,12,12
55205,63,65,-2,2
55206,75,73,2,2
55207,106,86,20,20
55208,198,170,28,28
55209,87,71,16,16
55210,45,38,7,7
55211,95,83,12,12
55212,128,112,16,16
55213,72,62,10,10
55214,80,79,1,1
55215,144,141,3,3
55216,83,70,13,13
55217,138,126,12,12
55218,107,86,21,21
55219,42,40,2,2
55220,105,94,11,11
55221,129,110,19,19
55222,78,71,7,7
55223,157,127,30,30
55224,135,116,19,19
55225,38,30,8,8
55226,174,148,26,26
55227,83,74,9,9
55228,79,66,13,13
55229,172,152,20,20
55230,76,57,19,19
55231,106,79,27,27
55232,102,101,1,1
55233,60,60,0,0
55234,160,134,26,26
55235,58,52,6,6
55236,66,60,6,6
55237,93,80,13,13
55238,97,80,17,17
55239,99,95,4,4
55240,232,211,21,21
55241,111,93,18,18
55242,57,52,5,5
55243,92,91,1,1
55244,70,55,15,15
55245,58,65,-7,7
55246,58,48,10,10
55247,80,74,6,6
55248,119,92,27,27
55249,111,92,19,19
55250,73,66,7,7
55251,72,61,11,11
55252,98,83,15,15
55253,114,109,5,5
55254,115,94,21,21
55255,180,35,145,145
55256,137,132,5,5
55257,106,80,26,26
55258,116,103,13,13
55259,161,137,24,24
55260,53,49,4,4
55261,160,135,25,25
55262,105,98,7,7
55263,85,76,9,9
55264,137,126,11,11
55265,78,70,8,8
55266,152,142,10,10
55267,107,90,17,17
55268,61,54,7,7
55269,113,91,22,22
55270,145,130,15,15
55271,125,109,16,16
55272,63,57,6,6
55273,83,80,3,3
55274,139,112,27,27
55275,79,65,14,14
55276,136,121,15,15
55277,77,69,8,8
55278,101,82,19,19
55279,54,52,2,2
55280,103,93,10,10
55281,84,72,12,12
55282,62,57,5,5
55283,149,143,6,6
55284,52,44,8,8
55285,143,131,12,12
55286,185,162,23,23
55287,121,100,21,21
55288,93,96,-3,3
55289,89,79,10,10
55290,71,61,10,10
55291,96,78,18,18
55292,92,74,18,18
55293,132,114,18,18
55294,110,100,10,10
55295,81,75,6,6
55296,138,118,20,20
55297,121,111,10,10
55298,136,114,22,22
55299,108,106,2,2
55300,102,90,12,12
55301,107,99,8,8
55302,123,108,15,15
55303,78,65,13,13
55304,123,117,6,6
55305,191,157,34,34
55306,83,68,15,15
55307,66,62,4,4
55308,147,124,23,23
55309,75,66,9,9
55310,142,136,6,6
55311,54,51,3,3
55312,79,77,2,2
55313,65,48,17,17
55314,69,59,10,10
55315,92,81,11,11
55316,116,87,29,29
55317,138,101,37,37
55318,60,57,3,3
55319,113,98,15,15
55320,107,94,13,13
55321,71,72,-1,1
55322,87,71,16,16
55323,66,61,5,5
55324,115,107,8,8
55325,88,82,6,6
55326,59,56,3,3
55327,109,94,15,15
55328,101,92,9,9
55329,99,82,17,17
55330,84,76,8,8
55331,79,64,15,15
55332,144,112,32,32
55333,74,71,3,3
55334,67,61,6,6
55335,79,76,3,3
55336,69,57,12,12
55337,64,61,3,3
55338,74,60,14,14
55339,122,134,-12,12
55340,88,83,5,5
55341,85,90,-5,5
55342,135,135,0,0
55343,150,124,26,26
55344,120,108,12,12
55345,85,74,11,11
55346,87,82,5,5
55347,69,66,3,3
55348,136,111,25,25
55349,139,106,33,33
55350,81,73,8,8
55351,88,81,7,7
55352,117,102,15,15
55353,127,127,0,0
55354,83,74,9,9
55355,53,50,3,3
55356,41,32,9,9
55357,97,87,10,10
55358,169,151,18,18
55359,112,95,17,17
55360,38,36,2,2
55361,84,78,6,6
55362,67,60,7,7
55363,92,78,14,14
55364,110,96,14,14
55365,88,87,1,1
55366,78,65,13,13
55367,84,77,7,7
55368,69,62,7,7
55369,99,86,13,13
55370,101,99,2,2
55371,86,78,8,8
55372,102,93,9,9
55373,60,57,3,3
55374,54,49,5,5
55375,111,107,4,4
55376,138,116,22,22
55377,82,65,17,17
55378,96,100,-4,4
55379,62,58,4,4
55380,161,145,16,16
55381,73,71,2,2
55382,92,83,9,9
55383,115,104,11,11
55384,150,130,20,20
55385,78,69,9,9
55386,93,84,9,9
55387,80,68,12,12
55388,88,76,12,12
55389,89,80,9,9
55390,107,93,14,14
55391,76,61,15,15
55392,115,111,4,4
55393,96,87,9,9
55394,119,105,14,14
55395,56,51,5,5
55396,100,92,8,8
55397,101,83,18,18
55398,89,73,16,16
55399,75,72,3,3
55400,106,91,15,15
55401,68,63,5,5
55402,69,57,12,12
55403,83,69,14,14
55404,85,83,2,2
55405,130,118,12,12
55406,64,55,9,9
55407,44,46,-2,2
55408,83,68,15,15
55409,54,84,-30,30
55410,130,103,27,27
55411,91,85,6,6
55412,59,70,-11,11
55413,109,86,23,23
55414,145,139,6,6
55415,65,51,14,14
55416,50,41,9,9
55417,147,127,20,20
55418,90,85,5,5
55419,143,129,14,14
55420,97,85,12,12
55421,111,97,14,14
55422,63,55,8,8
55423,70,78,-8,8
55424,109,85,24,24
55425,108,107,1,1
55426,149,134,15,15
55427,98,84,14,14
55428,137,121,16,16
55429,45,39,6,6
55430,95,83,12,12
55431,59,64,-5,5
55432,71,62,9,9
55433,117,107,10,10
55434,73,67,6,6
55435,80,70,10,10
55436,168,129,39,39
55437,149,146,3,3
55438,53,45,8,8
55439,65,67,-2,2
55440,160,132,28,28
55441,83,73,10,10
55442,88,80,8,8
55443,98,76,22,22
55444,51,50,1,1
55445,54,54,0,0
55446,70,70,0,0
55447,80,76,4,4
55448,169,132,37,37
55449,109,96,13,13
55450,57,52,5,5
55451,119,108,11,11
55452,238,201,37,37
55453,132,117,15,15
55454,78,77,1,1
55455,88,75,13,13
55456,85,75,10,10
55457,27,37,-10,10
55458,62,61,1,1
55459,131,115,16,16
55460,138,117,21,21
55461,43,83,-40,40
55462,58,62,-4,4
55463,76,71,5,5
55464,72,75,-3,3
55465,121,86,35,35
55466,107,92,15,15
55467,81,71,10,10
55468,49,57,-8,8
55469,113,94,19,19
55470,71,59,12,12
55471,44,40,4,4
55472,81,69,12,12
55473,73,59,14,14
55474,85,82,3,3
55475,100,86,14,14
55476,126,108,18,18
55477,96,85,11,11
55478,67,60,7,7
55479,114,112,2,2
55480,97,72,25,25
55481,185,150,35,35
55482,55,50,5,5
55483,177,163,14,14
55484,85,77,8,8
55485,117,104,13,13
55486,157,135,22,22
55487,129,110,19,19
55488,94,91,3,3
55489,87,81,6,6
55490,139,114,25,25
55491,121,110,11,11
55492,65,51,14,14
55493,58,57,1,1
55494,98,87,11,11
55495,37,33,4,4
55496,63,62,1,1
55497,193,166,27,27
55498,101,96,5,5
55499,69,74,-5,5
55500,133,119,14,14
55501,121,95,26,26
55502,91,85,6,6
55503,85,76,9,9
55504,67,67,0,0
55505,117,103,14,14
55506,61,50,11,11
55507,61,54,7,7
55508,97,101,-4,4
55509,81,75,6,6
55510,89,84,5,5
55511,58,56,2,2
55512,80,64,16,16
55513,96,76,20,20
55514,87,81,6,6
55515,69,64,5,5
55516,116,113,3,3
55517,138,133,5,5
55518,65,56,9,9
55519,90,77,13,13
55520,87,76,11,11
55521,102,87,15,15
55522,79,80,-1,1
55523,146,134,12,12
55524,130,108,22,22
55525,127,99,28,28
55526,96,81,15,15
55527,80,68,12,12
55528,132,131,1,1
55529,115,93,22,22
55530,81,83,-2,2
55531,86,77,9,9
55532,105,90,15,15
55533,130,116,14,14
55534,84,75,9,9
55535,52,87,-35,35
55536,72,59,13,13
55537,82,70,12,12
55538,115,104,11,11
55539,100,87,13,13
55540,102,91,11,11
55541,107,97,10,10
55542,116,104,12,12
55543,61,51,10,10
55544,95,87,8,8
55545,78,65,13,13
55546,78,73,5,5
55547,79,62,17,17
55548,82,75,7,7
55549,71,68,3,3
55550,128,108,20,20
55551,89,83,6,6
55552,115,122,-7,7
55553,83,68,15,15
55554,80,65,15,15
55555,79,84,-5,5
55556,69,74,-5,5
55557,123,106,17,17
55558,67,65,2,2
55559,135,120,15,15
55560,134,141,-7,7
55561,133,116,17,17
55562,52,50,2,2
55563,175,154,21,21
55564,95,77,18,18
55565,122,110,12,12
55566,74,61,13,13
55567,73,69,4,4
55568,53,50,3,3
55569,69,66,3,3
55570,103,102,1,1
55571,45,40,5,5
55572,107,89,18,18
55573,49,52,-3,3
55574,132,110,22,22
55575,89,77,12,12
55576,62,54,8,8
55577,109,98,11,11
55578,81,72,9,9
55579,72,69,3,3
55580,52,47,5,5
55581,74,70,4,4
55582,36,36,0,0
55583,68,63,5,5
55584,73,68,5,5
55585,89,79,10,10
55586,63,55,8,8
55587,69,66,3,3
55588,103,99,4,4
55589,53,51,2,2
55590,103,97,6,6
55591,108,90,18,18
55592,109,144,-35,35
55593,187,171,16,16
55594,69,63,6,6
55595,124,101,23,23
55596,117,104,13,13
55597,94,86,8,8
55598,44,33,11,11
55599,120,103,17,17
55600,140,129,11,11
55601,131,111,20,20
55602,100,98,2,2
55603,147,137,10,10
55604,55,43,12,12
55605,126,123,3,3
55606,84,81,3,3
55607,81,75,6,6
55608,110,82,28,28
55609,68,65,3,3
55610,90,86,4,4
55611,79,73,6,6
55612,108,99,9,9
55613,69,63,6,6
55614,67,52,15,15
55615,151,144,7,7
55616,121,101,20,20
55617,67,67,0,0
55618,100,83,17,17
55619,105,95,10,10
55620,105,104,1,1
55621,92,89,3,3
55622,107,102,5,5
55623,163,144,19,19
55624,110,101,9,9
55625,115,101,14,14
55626,93,76,17,17
55627,143,125,18,18
55628,105,75,30,30
55629,102,88,14,14
55630,54,44,10,10
55631,117,106,11,11
55632,94,78,16,16
55633,121,95,26,26
55634,51,41,10,10
55635,93,88,5,5
55636,136,123,13,13
55637,75,60,15,15
55638,83,63,20,20
55639,90,77,13,13
55640,110,102,8,8
55641,69,57,12,12
55642,110,100,10,10
55643,78,74,4,4
55644,85,71,14,14
55645,89,80,9,9
55646,86,90,-4,4
55647,106,96,10,10
55648,102,91,11,11
55649,52,51,1,1
55650,207,186,21,21
55651,93,79,14,14
55652,113,105,8,8
55653,97,90,7,7
55654,80,82,-2,2
55655,118,120,-2,2
55656,90,83,7,7
55657,88,89,-1,1
55658,96,87,9,9
55659,103,100,3,3
55660,65,60,5,5
55661,48,42,6,6
55662,85,66,19,19
55663,104,88,16,16
55664,54,46,8,8
55665,89,70,19,19
55666,132,119,13,13
55667,83,77,6,6
55668,80,72,8,8
55669,76,67,9,9
55670,67,53,14,14
55671,89,79,10,10
55672,149,131,18,18
55673,106,104,2,2
55674,149,135,14,14
55675,52,48,4,4
55676,58,56,2,2
55677,70,68,2,2
55678,78,67,11,11
55679,212,179,33,33
55680,105,91,14,14
55681,101,82,19,19
55682,107,87,20,20
55683,145,131,14,14
55684,77,70,7,7
55685,108,82,26,26
55686,97,89,8,8
55687,90,71,19,19
55688,104,96,8,8
55689,99,87,12,12
55690,94,78,16,16
55691,105,101,4,4
55692,69,66,3,3
55693,81,80,1,1
55694,88,82,6,6
55695,112,107,5,5
55696,93,87,6,6
55697,130,117,13,13
55698,145,117,28,28
55699,130,112,18,18
55700,62,63,-1,1
55701,99,90,9,9
55702,67,56,11,11
55703,129,112,17,17
55704,72,66,6,6
55705,96,80,16,16
55706,76,71,5,5
55707,102,89,13,13
55708,81,70,11,11
55709,157,141,16,16
55710,100,92,8,8
55711,122,108,14,14
55712,65,56,9,9
55713,82,66,16,16
55714,95,81,14,14
55715,133,128,5,5
55716,108,100,8,8
55717,81,74,7,7
55718,91,82,9,9
55719,134,117,17,17
55720,146,127,19,19
55721,93,89,4,4
55722,53,50,3,3
55723,108,90,18,18
55724,93,79,14,14
55725,99,82,17,17
55726,158,137,21,21
55727,66,65,1,1
55728,66,59,7,7
55729,83,79,4,4
55730,103,83,20,20
55731,54,48,6,6
55732,144,127,17,17
55733,88,91,-3,3
55734,105,85,20,20
55735,115,99,16,16
55736,125,109,16,16
55737,67,67,0,0
55738,193,155,38,38
55739,127,95,32,32
55740,29,30,-1,1
55741,86,79,7,7
55742,121,109,12,12
55743,94,77,17,17
55744,125,108,17,17
55745,174,159,15,15
55746,163,146,17,17
55747,128,101,27,27
55748,155,132,23,23
55749,123,118,5,5
55750,100,87,13,13
55751,80,76,4,4
55752,121,104,17,17
55753,31,27,4,4
55754,96,78,18,18
55755,80,66,14,14
55756,83,72,11,11
55757,82,72,10,10
55758,97,90,7,7
55759,72,66,6,6
55760,69,65,4,4
55761,86,77,9,9
55762,73,77,-4,4
55763,100,94,6,6
55764,66,61,5,5
55765,83,67,16,16
55766,92,88,4,4
55767,68,57,11,11
55768,118,111,7,7
55769,97,101,-4,4
55770,62,58,4,4
55771,78,65,13,13
55772,48,44,4,4
55773,98,84,14,14
55774,71,65,6,6
55775,62,58,4,4
55776,45,38,7,7
55777,122,111,11,11
55778,91,77,14,14
55779,71,127,-56,56
55780,68,56,12,12
55781,118,115,3,3
55782,79,75,4,4
55783,120,116,4,4
55784,134,133,1,1
55785,72,68,4,4
55786,92,79,13,13
55787,49,59,-10,10
55788,100,91,9,9
55789,90,84,6,6
55790,71,66,5,5
55791,83,75,8,8
55792,71,66,5,5
55793,90,85,5,5
55794,168,160,8,8
55795,68,71,-3,3
55796,50,50,0,0
55797,59,49,10,10
55798,52,54,-2,2
55799,104,93,11,11
55800,95,89,6,6
55801,57,56,1,1
55802,211,188,23,23
55803,58,52,6,6
55804,125,107,18,18
55805,99,87,12,12
55806,88,86,2,2
55807,182,146,36,36
55808,99,90,9,9
55809,66,52,14,14
55810,169,144,25,25
55811,105,90,15,15
55812,92,83,9,9
55813,110,97,13,13
55814,111,95,16,16
55815,95,80,15,15
55816,74,62,12,12
55817,135,110,25,25
55818,51,87,-36,36
55819,78,70,8,8
55820,118,98,20,20
55821,118,107,11,11
55822,104,94,10,10
55823,37,38,-1,1
55824,96,84,12,12
55825,93,79,14,14
55826,60,79,-19,19
55827,102,88,14,14
55828,112,107,5,5
55829,73,71,2,2
55830,142,121,21,21
55831,67,59,8,8
55832,69,57,12,12
55833,103,173,-70,70
55834,42,60,-18,18
55835,99,75,24,24
55836,181,153,28,28
55837,94,81,13,13
55838,83,78,5,5
55839,98,76,22,22
55840,151,128,23,23
55841,149,119,30,30
55842,92,87,5,5
55843,129,126,3,3
55844,79,68,11,11
55845,119,111,8,8
55846,159,138,21,21
55847,63,63,0,0
55848,74,65,9,9
55849,141,131,10,10
55850,133,113,20,20
55851,106,92,14,14
55852,180,157,23,23
55853,152,123,29,29
55854,85,74,11,11
55855,118,100,18,18
55856,127,112,15,15
55857,143,141,2,2
55858,80,81,-1,1
55859,123,109,14,14
55860,131,114,17,17
55861,53,45,8,8
55862,83,69,14,14
55863,97,79,18,18
55864,120,109,11,11
55865,71,60,11,11
55866,127,102,25,25
55867,68,63,5,5
55868,79,69,10,10
55869,104,103,1,1
55870,139,135,4,4
55871,143,138,5,5
55872,102,100,2,2
55873,75,67,8,8
55874,105,100,5,5
55875,71,55,16,16
55876,52,45,7,7
55877,73,65,8,8
55878,95,78,17,17
55879,84,67,17,17
55880,77,71,6,6
55881,63,64,-1,1
55882,80,82,-2,2
55883,111,94,17,17
55884,146,118,28,28
55885,136,131,5,5
55886,58,48,10,10
55887,77,69,8,8
55888,74,92,-18,18
55889,157,140,17,17
55890,113,97,16,16
55891,88,74,14,14
55892,98,89,9,9
55893,70,66,4,4
55894,70,70,0,0
55895,95,87,8,8
55896,113,90,23,23
55897,65,59,6,6
55898,82,67,15,15
55899,89,85,4,4
55900,90,75,15,15
55901,75,81,-6,6
55902,73,57,16,16
55903,45,44,1,1
55904,75,76,-1,1
55905,89,75,14,14
55906,127,104,23,23
55907,189,176,13,13
55908,132,114,18,18
55909,95,82,13,13
55910,113,94,19,19
55911,81,77,4,4
55912,121,114,7,7
55913,73,68,5,5
55914,107,89,18,18
55915,72,62,10,10
55916,110,106,4,4
55917,69,62,7,7
55918,149,127,22,22
55919,63,59,4,4
55920,115,101,14,14
55921,105,91,14,14
55922,88,80,8,8
55923,65,60,5,5
55924,87,81,6,6
55925,94,89,5,5
55926,125,112,13,13
55927,93,78,15,15
55928,112,98,14,14
55929,103,84,19,19
55930,117,105,12,12
55931,95,82,13,13
55932,76,69,7,7
55933,94,96,-2,2
55934,50,42,8,8
55935,115,110,5,5
55936,105,86,19,19
55937,108,92,16,16
55938,141,125,16,16
55939,102,91,11,11
55940,58,59,-1,1
55941,108,94,14,14
55942,89,73,16,16
55943,71,66,5,5
55944,59,52,7,7
55945,89,75,14,14
55946,57,52,5,5
55947,106,88,18,18
55948,161,133,28,28
55949,92,79,13,13
55950,66,59,7,7
55951,82,72,10,10
55952,84,68,16,16
55953,115,92,23,23
55954,110,97,13,13
55955,135,120,15,15
55956,93,82,11,11
55957,134,141,-7,7
55958,105,86,19,19
55959,79,68,11,11
55960,25,18,7,7
55961,124,119,5,5
55962,29,29,0,0
55963,96,78,18,18
55964,125,112,13,13
55965,52,49,3,3
55966,101,91,10,10
55967,70,61,9,9
55968,98,81,17,17
55969,77,63,14,14
55970,167,146,21,21
55971,82,71,11,11
55972,91,76,15,15
55973,70,62,8,8
55974,74,60,14,14
55975,121,111,10,10
55976,46,43,3,3
55977,76,73,3,3
55978,111,102,9,9
55979,58,49,9,9
55980,65,55,10,10
55981,53,46,7,7
55982,109,108,1,1
55983,80,74,6,6
55984,88,77,11,11
55985,110,98,12,12
55986,98,82,16,16
55987,97,94,3,3
55988,128,107,21,21
55989,144,124,20,20
55990,82,78,4,4
55991,131,113,18,18
55992,100,88,12,12
55993,95,84,11,11
55994,108,92,16,16
55995,82,75,7,7
55996,73,59,14,14
55997,94,86,8,8
55998,99,97,2,2
55999,88,73,15,15
56000,157,144,13,13
56001,75,67,8,8
56002,95,93,2,2
56003,82,73,9,9
56004,160,158,2,2
56005,146,126,20,20
56006,166,168,-2,2
56007,76,69,7,7
56008,139,125,14,14
56009,110,99,11,11
56010,118,111,7,7
56011,122,100,22,22
56012,50,51,-1,1
56013,59,53,6,6
56014,112,98,14,14
56015,108,109,-1,1
56016,42,40,2,2
56017,112,105,7,7
56018,126,105,21,21
56019,88,85,3,3
56020,121,94,27,27
56021,83,70,13,13
56022,95,90,5,5
56023,98,85,13,13
56024,104,95,9,9
56025,66,61,5,5
56026,129,116,13,13
56027,85,69,16,16
56028,101,90,11,11
56029,68,70,-2,2
56030,86,77,9,9
56031,79,67,12,12
56032,91,82,9,9
56033,113,107,6,6
56034,149,128,21,21
56035,76,71,5,5
56036,107,95,12,12
56037,110,102,8,8
56038,75,69,6,6
56039,100,94,6,6
56040,110,104,6,6
56041,115,102,13,13
56042,128,115,13,13
56043,177,149,28,28
56044,105,92,13,13
56045,79,131,-52,52
56046,126,114,12,12
56047,135,131,4,4
56048,66,57,9,9
56049,148,130,18,18
56050,128,112,16,16
56051,106,82,24,24
56052,99,75,24,24
56053,73,57,16,16
56054,64,60,4,4
56055,98,110,-12,12
56056,111,95,16,16
56057,124,117,7,7
56058,117,101,16,16
56059,94,82,12,12
56060,86,72,14,14
56061,80,64,16,16
56062,105,99,6,6
56063,77,76,1,1
56064,101,92,9,9
56065,118,99,19,19
56066,130,100,30,30
56067,97,88,9,9
56068,77,69,8,8
56069,76,70,6,6
56070,122,120,2,2
56071,116,123,-7,7
56072,67,69,-2,2
56073,109,91,18,18
56074,62,57,5,5
56075,95,76,19,19
56076,130,113,17,17
56077,49,52,-3,3
56078,64,57,7,7
56079,84,77,7,7
56080,147,112,35,35
56081,121,99,22,22
56082,158,142,16,16
56083,105,84,21,21
56084,99,94,5,5
56085,108,101,7,7
56086,159,141,18,18
56087,87,74,13,13
56088,128,124,4,4
56089,58,59,-1,1
56090,110,98,12,12
56091,187,166,21,21
56092,87,81,6,6
56093,143,136,7,7
56094,84,67,17,17
56095,132,121,11,11
56096,74,62,12,12
56097,109,99,10,10
56098,86,94,-8,8
56099,111,95,16,16
56100,49,44,5,5
56101,73,66,7,7
56102,125,126,-1,1
56103,75,64,11,11
56104,78,69,9,9
56105,99,89,10,10
56106,103,102,1,1
56107,106,90,16,16
56108,57,51,6,6
56109,139,120,19,19
56110,90,73,17,17
56111,67,57,10,10
56112,60,56,4,4
56113,46,36,10,10
56114,56,48,8,8
56115,135,116,19,19
56116,52,29,23,23
56117,102,87,15,15
56118,79,71,8,8
56119,75,69,6,6
56120,118,107,11,11
56121,107,107,0,0
56122,24,19,5,5
56123,102,88,14,14
56124,78,73,5,5
56125,94,75,19,19
56126,109,83,26,26
56127,139,126,13,13
56128,105,99,6,6
56129,155,134,21,21
56130,53,44,9,9
56131,82,84,-2,2
56132,159,151,8,8
56133,105,91,14,14
56134,102,90,12,12
56135,78,70,8,8
56136,67,56,11,11
56137,149,137,12,12
56138,84,76,8,8
56139,87,85,2,2
56140,132,130,2,2
56141,83,71,12,12
56142,75,65,10,10
56143,99,86,13,13
56144,77,79,-2,2
56145,97,79,18,18
56146,132,100,32,32
56147,105,99,6,6
56148,105,81,24,24
56149,59,49,10,10
56150,69,60,9,9
56151,120,103,17,17
56152,59,57,2,2
56153,105,80,25,25
56154,81,72,9,9
56155,156,142,14,14
56156,62,60,2,2
56157,63,60,3,3
56158,156,131,25,25
56159,48,132,-84,84
56160,81,73,8,8
56161,78,74,4,4
56162,72,61,11,11
56163,110,99,11,11
56164,76,72,4,4
56165,82,71,11,11
56166,76,68,8,8
56167,106,96,10,10
56168,109,104,5,5
56169,96,82,14,14
56170,129,120,9,9
56171,71,61,10,10
56172,124,126,-2,2
56173,107,96,11,11
56174,97,83,14,14
56175,113,90,23,23
56176,152,128,24,24
56177,91,95,-4,4
56178,78,70,8,8
56179,158,135,23,23
56180,117,104,13,13
56181,97,88,9,9
56182,83,71,12,12
56183,132,114,18,18
56184,79,68,11,11
56185,101,96,5,5
56186,135,119,16,16
56187,96,67,29,29
56188,82,65,17,17
56189,70,65,5,5
56190,110,93,17,17
56191,141,118,23,23
56192,61,53,8,8
56193,97,86,11,11
56194,119,83,36,36
56195,67,63,4,4
56196,92,95,-3,3
56197,84,65,19,19
56198,65,59,6,6
56199,84,81,3,3
56200,124,104,20,20
56201,135,121,14,14
56202,146,125,21,21
56203,109,104,5,5
56204,145,138,7,7
56205,89,73,16,16
56206,136,123,13,13
56207,85,75,10,10
56208,55,52,3,3
56209,92,91,1,1
56210,61,56,5,5
56211,132,110,22,22
56212,65,65,0,0
56213,112,105,7,7
56214,107,89,18,18
56215,48,43,5,5
56216,55,53,2,2
56217,109,97,12,12
56218,136,119,17,17
56219,94,84,10,10
56220,45,42,3,3
56221,139,115,24,24
56222,72,72,0,0
56223,156,127,29,29
56224,58,54,4,4
56225,96,76,20,20
56226,83,72,11,11
56227,94,79,15,15
56228,29,24,5,5
56229,124,108,16,16
56230,71,70,1,1
56231,146,124,22,22
56232,97,80,17,17
56233,104,96,8,8
56234,32,33,-1,1
56235,140,121,19,19
56236,57,48,9,9
56237,112,101,11,11
56238,70,68,2,2
56239,92,77,15,15
56240,57,55,2,2
56241,107,102,5,5
56242,76,69,7,7
56243,81,70,11,11
56244,115,108,7,7
56245,22,60,-38,38
56246,96,90,6,6
56247,84,84,0,0
56248,103,91,12,12
56249,126,99,27,27
56250,76,68,8,8
56251,159,133,26,26
56252,74,58,16,16
56253,87,74,13,13
56254,46,47,-1,1
56255,33,33,0,0
56256,76,55,21,21
56257,98,90,8,8
56258,73,61,12,12
56259,105,86,19,19
56260,51,52,-1,1
56261,94,73,21,21
56262,54,47,7,7
56263,86,84,2,2
56264,60,58,2,2
56265,144,125,19,19
56266,74,55,19,19
56267,90,76,14,14
56268,100,96,4,4
56269,107,106,1,1
56270,129,98,31,31
56271,133,110,23,23
56272,70,62,8,8
56273,101,83,18,18
56274,60,58,2,2
56275,200,170,30,30
56276,64,53,11,11
56277,143,124,19,19
56278,90,78,12,12
56279,72,57,15,15
56280,85,79,6,6
56281,136,125,11,11
56282,94,92,2,2
56283,135,107,28,28
56284,102,88,14,14
56285,71,73,-2,2
56286,74,70,4,4
56287,122,119,3,3
56288,86,76,10,10
56289,40,39,1,1
56290,109,105,4,4
56291,113,103,10,10
56292,110,98,12,12
56293,68,61,7,7
56294,130,120,10,10
56295,89,82,7,7
56296,106,95,11,11
56297,98,87,11,11
56298,71,52,19,19
56299,128,117,11,11
56300,158,128,30,30
56301,82,71,11,11
56302,42,37,5,5
56303,67,58,9,9
56304,107,103,4,4
56305,77,68,9,9
56306,113,106,7,7
56307,73,63,10,10
56308,189,172,17,17
56309,101,95,6,6
56310,117,116,1,1
56311,113,106,7,7
56312,81,66,15,15
56313,113,98,15,15
56314,108,91,17,17
56315,133,131,2,2
56316,117,107,10,10
56317,119,107,12,12
56318,72,58,14,14
56319,72,76,-4,4
56320,105,102,3,3
56321,70,62,8,8
56322,66,55,11,11
56323,152,127,25,25
56324,89,74,15,15
56325,20,15,5,5
56326,72,66,6,6
56327,89,73,16,16
56328,83,81,2,2
56329,121,121,0,0
56330,119,99,20,20
56331,101,89,12,12
56332,84,76,8,8
56333,78,75,3,3
56334,166,148,18,18
56335,117,106,11,11
56336,141,127,14,14
56337,123,106,17,17
56338,162,143,19,19
56339,50,47,3,3
56340,60,50,10,10
56341,86,81,5,5
56342,70,59,11,11
56343,129,119,10,10
56344,65,58,7,7
56345,75,72,3,3
56346,91,64,27,27
56347,55,54,1,1
56348,82,76,6,6
56349,102,96,6,6
56350,74,63,11,11
56351,84,73,11,11
56352,128,109,19,19
56353,91,81,10,10
56354,120,108,12,12
56355,85,79,6,6
56356,108,104,4,4
56357,72,65,7,7
56358,90,72,18,18
56359,85,79,6,6
56360,112,99,13,13
56361,148,137,11,11
56362,105,96,9,9
56363,44,48,-4,4
56364,42,46,-4,4
56365,103,86,17,17
56366,93,70,23,23
56367,63,53,10,10
56368,169,164,5,5
56369,65,58,7,7
56370,74,65,9,9
56371,99,89,10,10
56372,129,117,12,12
56373,93,83,10,10
56374,139,123,16,16
56375,64,96,-32,32
56376,93,78,15,15
56377,53,60,-7,7
56378,110,95,15,15
56379,97,85,12,12
56380,170,151,19,19
56381,56,59,-3,3
56382,172,161,11,11
56383,71,61,10,10
56384,161,133,28,28
56385,130,126,4,4
56386,101,89,12,12
56387,107,96,11,11
56388,101,91,10,10
56389,64,62,2,2
56390,75,64,11,11
56391,128,120,8,8
56392,80,70,10,10
56393,129,117,12,12
56394,54,52,2,2
56395,71,68,3,3
56396,55,43,12,12
56397,91,88,3,3
56398,119,99,20,20
56399,94,84,10,10
56400,158,139,19,19
56401,60,59,1,1
56402,158,148,10,10
56403,56,45,11,11
56404,121,112,9,9
56405,79,63,16,16
56406,120,104,16,16
56407,64,62,2,2
56408,62,72,-10,10
56409,80,67,13,13
56410,135,120,15,15
56411,102,111,-9,9
56412,115,94,21,21
56413,142,139,3,3
56414,115,117,-2,2
56415,119,117,2,2
56416,138,124,14,14
56417,97,78,19,19
56418,80,70,10,10
56419,97,90,7,7
56420,111,101,10,10
56421,91,84,7,7
56422,95,92,3,3
56423,91,84,7,7
56424,101,81,20,20
56425,130,116,14,14
56426,89,82,7,7
56427,86,85,1,1
56428,178,153,25,25
56429,168,149,19,19
56430,63,45,18,18
56431,69,57,12,12
56432,186,154,32,32
56433,143,125,18,18
56434,76,57,19,19
56435,87,81,6,6
56436,46,46,0,0
56437,81,76,5,5
56438,43,41,2,2
56439,125,108,17,17
56440,190,169,21,21
56441,112,91,21,21
56442,161,145,16,16
56443,119,101,18,18
56444,98,88,10,10
56445,122,105,17,17
56446,94,82,12,12
56447,68,64,4,4
56448,103,81,22,22
56449,126,98,28,28
56450,75,61,14,14
56451,123,101,22,22
56452,81,72,9,9
56453,144,135,9,9
56454,53,43,10,10
56455,164,136,28,28
56456,60,58,2,2
56457,117,104,13,13
56458,121,113,8,8
56459,90,86,4,4
56460,86,76,10,10
56461,63,62,1,1
56462,147,131,16,16
56463,103,90,13,13
56464,68,62,6,6
56465,91,77,14,14
56466,81,62,19,19
56467,71,65,6,6
56468,63,57,6,6
56469,123,112,11,11
56470,105,94,11,11
56471,81,73,8,8
56472,112,109,3,3
56473,78,69,9,9
56474,85,73,12,12
56475,118,111,7,7
56476,65,52,13,13
56477,127,121,6,6
56478,83,75,8,8
56479,91,78,13,13
56480,62,55,7,7
56481,75,73,2,2
56482,88,88,0,0
56483,163,145,18,18
56484,48,53,-5,5
56485,93,96,-3,3
56486,85,78,7,7
56487,142,131,11,11
56488,93,89,4,4
56489,73,64,9,9
56490,65,58,7,7
56491,83,72,11,11
56492,77,67,10,10
56493,113,99,14,14
56494,121,105,16,16
56495,71,67,4,4
56496,64,58,6,6
56497,70,71,-1,1
56498,155,128,27,27
56499,59,51,8,8
56500,80,69,11,11
56501,80,75,5,5
56502,59,54,5,5
56503,83,69,14,14
56504,68,56,12,12
56505,77,77,0,0
56506,121,98,23,23
56507,63,63,0,0
56508,82,72,10,10
56509,145,130,15,15
56510,63,63,0,0
56511,124,117,7,7
56512,83,83,0,0
56513,175,159,16,16
56514,185,174,11,11
56515,65,56,9,9
56516,61,53,8,8
56517,76,66,10,10
56518,75,72,3,3
56519,74,83,-9,9
56520,136,112,24,24
56521,47,35,12,12
56522,66,47,19,19
56523,131,118,13,13
56524,123,100,23,23
56525,118,105,13,13
56526,58,49,9,9
56527,89,75,14,14
56528,156,135,21,21
56529,55,55,0,0
56530,115,94,21,21
56531,111,100,11,11
56532,116,120,-4,4
56533,62,62,0,0
56534,108,85,23,23
56535,120,119,1,1
56536,112,105,7,7
56537,56,58,-2,2
56538,142,136,6,6
56539,91,70,21,21
56540,86,76,10,10
56541,121,109,12,12
56542,80,66,14,14
56543,103,89,14,14
56544,76,75,1,1
56545,100,113,-13,13
56546,94,82,12,12
56547,117,117,0,0
56548,84,70,14,14
56549,87,80,7,7
56550,127,102,25,25
56551,90,84,6,6
56552,96,81,15,15
56553,56,48,8,8
56554,74,64,10,10
56555,98,87,11,11
56556,107,104,3,3
56557,125,100,25,25
56558,66,54,12,12
56559,91,90,1,1
56560,154,147,7,7
56561,151,115,36,36
56562,77,69,8,8
56563,60,55,5,5
56564,72,69,3,3
56565,132,104,28,28
56566,74,64,10,10
56567,63,56,7,7
56568,129,117,12,12
56569,169,153,16,16
56570,88,91,-3,3
56571,129,115,14,14
56572,140,118,22,22
56573,80,79,1,1
56574,94,88,6,6
56575,49,50,-1,1
56576,145,131,14,14
56577,97,89,8,8
56578,94,86,8,8
56579,83,75,8,8
56580,135,121,14,14
56581,103,89,14,14
56582,40,41,-1,1
56583,119,124,-5,5
56584,60,55,5,5
56585,44,38,6,6
56586,104,97,7,7
56587,49,41,8,8
56588,70,71,-1,1
56589,59,55,4,4
56590,114,112,2,2
56591,65,53,12,12
56592,60,52,8,8
56593,121,119,2,2
56594,115,99,16,16
56595,75,67,8,8
56596,74,66,8,8
56597,103,89,14,14
56598,59,49,10,10
56599,125,119,6,6
56600,94,82,12,12
56601,73,62,11,11
56602,54,49,5,5
56603,58,50,8,8
56604,174,159,15,15
56605,46,40,6,6
56606,79,72,7,7
56607,108,87,21,21
56608,50,53,-3,3
56609,120,97,23,23
56610,159,138,21,21
56611,171,159,12,12
56612,81,76,5,5
56613,85,78,7,7
56614,118,125,-7,7
56615,73,68,5,5
56616,114,99,15,15
56617,77,63,14,14
56618,150,122,28,28
56619,72,70,2,2
56620,64,75,-11,11
56621,85,85,0,0
56622,112,108,4,4
56623,57,48,9,9
56624,101,86,15,15
56625,83,78,5,5
56626,74,65,9,9
56627,142,123,19,19
56628,111,88,23,23
56629,135,106,29,29
56630,64,58,6,6
56631,75,60,15,15
56632,188,176,12,12
56633,63,69,-6,6
56634,124,104,20,20
56635,42,45,-3,3
56636,136,111,25,25
56637,50,48,2,2
56638,87,81,6,6
56639,140,118,22,22
56640,94,84,10,10
56641,94,84,10,10
56642,61,66,-5,5
56643,86,77,9,9
56644,126,102,24,24
56645,63,55,8,8
56646,82,70,12,12
56647,140,131,9,9
56648,134,108,26,26
56649,79,69,10,10
56650,126,124,2,2
56651,101,98,3,3
56652,103,90,13,13
56653,70,60,10,10
56654,85,66,19,19
56655,84,80,4,4
56656,58,59,-1,1
56657,139,112,27,27
56658,67,74,-7,7
56659,101,95,6,6
56660,83,77,6,6
56661,66,57,9,9
56662,59,51,8,8
56663,77,73,4,4
56664,53,55,-2,2
56665,130,113,17,17
56666,59,59,0,0
56667,94,77,17,17
56668,120,106,14,14
56669,108,90,18,18
56670,95,78,17,17
56671,67,59,8,8
56672,103,96,7,7
56673,68,55,13,13
56674,82,68,14,14
56675,111,106,5,5
56676,78,68,10,10
56677,59,57,2,2
56678,72,71,1,1
56679,101,85,16,16
56680,77,77,0,0
56681,65,56,9,9
56682,64,66,-2,2
56683,57,57,0,0
56684,95,90,5,5
56685,68,62,6,6
56686,137,113,24,24
56687,65,58,7,7
56688,82,70,12,12
56689,73,71,2,2
56690,96,100,-4,4
56691,110,87,23,23
56692,139,123,16,16
56693,87,68,19,19
56694,113,95,18,18
56695,40,30,10,10
56696,81,77,4,4
56697,51,51,0,0
56698,173,146,27,27
56699,72,82,-10,10
56700,107,95,12,12
56701,112,106,6,6
56702,125,104,21,21
56703,56,50,6,6
56704,141,120,21,21
56705,150,129,21,21
56706,136,130,6,6
56707,127,109,18,18
56708,132,128,4,4
56709,96,80,16,16
56710,35,43,-8,8
56711,86,76,10,10
56712,108,94,14,14
56713,149,130,19,19
56714,103,92,11,11
56715,144,142,2,2
56716,135,112,23,23
56717,112,94,18,18
56718,86,89,-3,3
56719,54,44,10,10
56720,78,69,9,9
56721,72,65,7,7
56722,87,81,6,6
56723,79,88,-9,9
56724,109,112,-3,3
56725,120,97,23,23
56726,173,148,25,25
56727,57,57,0,0
56728,40,33,7,7
56729,82,78,4,4
56730,70,67,3,3
56731,86,83,3,3
56732,98,90,8,8
56733,134,134,0,0
56734,45,34,11,11
56735,129,107,22,22
56736,68,66,2,2
56737,91,75,16,16
56738,113,95,18,18
56739,52,51,1,1
56740,94,80,14,14
56741,94,93,1,1
56742,113,102,11,11
56743,128,105,23,23
56744,99,95,4,4
56745,105,88,17,17
56746,86,93,-7,7
56747,148,131,17,17
56748,138,111,27,27
56749,99,74,25,25
56750,94,88,6,6
56751,73,68,5,5
56752,153,125,28,28
56753,95,88,7,7
56754,118,115,3,3
56755,129,113,16,16
56756,50,56,-6,6
56757,123,108,15,15
56758,142,126,16,16
56759,123,111,12,12
56760,148,127,21,21
56761,107,97,10,10
56762,98,94,4,4
56763,112,103,9,9
56764,137,118,19,19
56765,106,95,11,11
56766,97,82,15,15
56767,96,89,7,7
56768,245,182,63,63
56769,115,95,20,20
56770,81,71,10,10
56771,130,98,32,32
56772,86,67,19,19
56773,128,111,17,17
56774,73,64,9,9
56775,110,91,19,19
56776,130,113,17,17
56777,97,88,9,9
56778,80,74,6,6
56779,91,81,10,10
56780,88,75,13,13
56781,105,94,11,11
56782,75,41,34,34
56783,93,95,-2,2
56784,115,100,15,15
56785,133,116,17,17
56786,142,114,28,28
56787,62,67,-5,5
56788,78,75,3,3
56789,91,73,18,18
56790,102,86,16,16
56791,109,98,11,11
56792,102,86,16,16
56793,90,78,12,12
56794,135,106,29,29
56795,31,42,-11,11
56796,143,126,17,17
56797,123,106,17,17
56798,102,88,14,14
56799,59,49,10,10
56800,83,82,1,1
56801,99,89,10,10
56802,50,57,-7,7
56803,168,138,30,30
56804,80,77,3,3
56805,104,107,-3,3
56806,117,102,15,15
56807,113,108,5,5
56808,73,84,-11,11
56809,72,72,0,0
56810,144,115,29,29
56811,131,123,8,8
56812,107,111,-4,4
56813,85,79,6,6
56814,58,59,-1,1
56815,67,58,9,9
56816,62,53,9,9
56817,63,50,13,13
56818,148,140,8,8
56819,139,118,21,21
56820,82,77,5,5
56821,133,119,14,14
56822,70,67,3,3
56823,99,92,7,7
56824,115,102,13,13
56825,121,111,10,10
56826,107,102,5,5
56827,113,90,23,23
56828,61,58,3,3
56829,80,69,11,11
56830,78,67,11,11
56831,68,57,11,11
56832,122,118,4,4
56833,109,89,20,20
56834,71,63,8,8
56835,60,57,3,3
56836,125,111,14,14
56837,68,49,19,19
56838,114,105,9,9
56839,93,73,20,20
56840,75,67,8,8
56841,99,91,8,8
56842,133,119,14,14
56843,78,73,5,5
56844,45,37,8,8
56845,87,68,19,19
56846,72,72,0,0
56847,129,113,16,16
56848,93,81,12,12
56849,95,89,6,6
56850,119,111,8,8
56851,96,74,22,22
56852,45,37,8,8
56853,151,132,19,19
56854,75,64,11,11
56855,84,77,7,7
56856,75,65,10,10
56857,97,125,-28,28
56858,79,72,7,7
56859,132,113,19,19
56860,108,94,14,14
56861,115,97,18,18
56862,89,91,-2,2
56863,84,81,3,3
56864,132,117,15,15
56865,94,79,15,15
56866,182,170,12,12
56867,170,145,25,25
56868,93,83,10,10
56869,70,70,0,0
56870,38,38,0,0
56871,102,98,4,4
56872,139,118,21,21
56873,97,93,4,4
56874,87,76,11,11
56875,86,71,15,15
56876,76,79,-3,3
56877,91,88,3,3
56878,81,66,15,15
56879,86,73,13,13
56880,90,78,12,12
56881,73,69,4,4
56882,122,111,11,11
56883,81,68,13,13
56884,182,159,23,23
56885,73,69,4,4
56886,108,95,13,13
56887,70,61,9,9
56888,170,146,24,24
56889,98,84,14,14
56890,83,78,5,5
56891,89,85,4,4
56892,79,73,6,6
56893,77,73,4,4
56894,82,81,1,1
56895,79,73,6,6
56896,165,142,23,23
56897,57,60,-3,3
56898,94,91,3,3
56899,101,80,21,21
56900,170,162,8,8
56901,68,66,2,2
56902,121,104,17,17
56903,137,115,22,22
56904,72,60,12,12
56905,109,96,13,13
56906,81,67,14,14
56907,71,67,4,4
56908,135,124,11,11
56909,105,92,13,13
56910,101,85,16,16
56911,71,72,-1,1
56912,93,85,8,8
56913,75,65,10,10
56914,68,128,-60,60
56915,107,94,13,13
56916,76,64,12,12
56917,127,110,17,17
56918,117,113,4,4
56919,123,97,26,26
56920,158,147,11,11
56921,96,86,10,10
56922,44,41,3,3
56923,100,88,12,12
56924,69,64,5,5
56925,77,74,3,3
56926,66,65,1,1
56927,71,55,16,16
56928,117,99,18,18
56929,103,98,5,5
56930,99,88,11,11
56931,131,121,10,10
56932,50,42,8,8
56933,39,33,6,6
56934,74,64,10,10
56935,51,46,5,5
56936,91,84,7,7
56937,104,101,3,3
56938,76,66,10,10
56939,126,114,12,12
56940,79,75,4,4
56941,88,87,1,1
56942,103,93,10,10
56943,156,131,25,25
56944,153,139,14,14
56945,82,72,10,10
56946,69,69,0,0
56947,85,81,4,4
56948,90,91,-1,1
56949,118,99,19,19
56950,113,104,9,9
56951,63,64,-1,1
56952,39,39,0,0
56953,125,108,17,17
56954,111,119,-8,8
56955,85,74,11,11
56956,69,66,3,3
56957,164,145,19,19
56958,115,104,11,11
56959,100,110,-10,10
56960,97,90,7,7
56961,76,78,-2,2
56962,109,108,1,1
56963,122,105,17,17
56964,75,68,7,7
56965,94,89,5,5
56966,73,64,9,9
56967,138,118,20,20
56968,109,84,25,25
56969,84,79,5,5
56970,65,56,9,9
56971,97,85,12,12
56972,150,132,18,18
56973,158,144,14,14
56974,74,69,5,5
56975,64,62,2,2
56976,102,91,11,11
56977,83,86,-3,3
56978,181,148,33,33
56979,149,124,25,25
56980,67,56,11,11
56981,108,102,6,6
56982,126,117,9,9
56983,129,115,14,14
56984,123,109,14,14
56985,88,73,15,15
56986,79,80,-1,1
56987,122,97,25,25
56988,88,72,16,16
56989,129,121,8,8
56990,82,70,12,12
56991,72,67,5,5
56992,116,99,17,17
56993,93,84,9,9
56994,82,69,13,13
56995,153,138,15,15
56996,169,144,25,25
56997,79,80,-1,1
56998,92,81,11,11
56999,123,106,17,17
57000,75,82,-7,7
57001,162,155,7,7
57002,79,71,8,8
57003,90,81,9,9
57004,74,78,-4,4
57005,130,117,13,13
57006,128,108,20,20
57007,75,79,-4,4
57008,86,78,8,8
57009,111,100,11,11
57010,100,86,14,14
57011,57,54,3,3
57012,126,112,14,14
57013,61,55,6,6
57014,79,70,9,9
57015,80,61,19,19
57016,49,48,1,1
57017,83,76,7,7
57018,65,61,4,4
57019,76,71,5,5
57020,99,88,11,11
57021,152,127,25,25
57022,74,69,5,5
57023,90,84,6,6
57024,116,112,4,4
57025,150,138,12,12
57026,98,97,1,1
57027,136,118,18,18
57028,109,99,10,10
57029,131,131,0,0
57030,44,42,2,2
57031,52,47,5,5
57032,73,65,8,8
57033,160,113,47,47
57034,104,93,11,11
57035,71,59,12,12
57036,52,49,3,3
57037,69,57,12,12
57038,120,99,21,21
57039,51,42,9,9
57040,65,64,1,1
57041,93,80,13,13
57042,62,72,-10,10
57043,108,97,11,11
57044,86,84,2,2
57045,65,64,1,1
57046,151,138,13,13
57047,82,78,4,4
57048,54,46,8,8
57049,57,52,5,5
57050,87,82,5,5
57051,75,71,4,4
57052,76,70,6,6
57053,144,130,14,14
57054,82,78,4,4
57055,70,62,8,8
57056,65,60,5,5
57057,130,122,8,8
57058,179,172,7,7
57059,143,135,8,8
57060,128,111,17,17
57061,59,53,6,6
57062,141,119,22,22
57063,91,76,15,15
57064,117,98,19,19
57065,103,93,10,10
57066,102,95,7,7
57067,150,113,37,37
57068,91,75,16,16
57069,82,77,5,5
57070,72,59,13,13
57071,146,122,24,24
57072,51,46,5,5
57073,119,110,9,9
57074,94,87,7,7
57075,113,93,20,20
57076,115,102,13,13
57077,50,48,2,2
57078,72,80,-8,8
57079,127,109,18,18
57080,67,76,-9,9
57081,76,67,9,9
57082,96,94,2,2
57083,137,135,2,2
57084,189,171,18,18
57085,83,75,8,8
57086,90,84,6,6
57087,85,73,12,12
57088,99,93,6,6
57089,88,78,10,10
57090,163,149,14,14
57091,78,72,6,6
57092,63,53,10,10
57093,87,81,6,6
57094,81,75,6,6
57095,117,120,-3,3
57096,86,69,17,17
57097,97,85,12,12
57098,120,105,15,15
57099,61,48,13,13
57100,109,102,7,7
57101,82,76,6,6
57102,98,80,18,18
57103,100,86,14,14
57104,114,95,19,19
57105,61,59,2,2
57106,88,84,4,4
57107,75,69,6,6
57108,96,90,6,6
57109,125,117,8,8
57110,216,188,28,28
57111,91,77,14,14
57112,149,158,-9,9
57113,104,84,20,20
57114,69,63,6,6
57115,65,60,5,5
57116,116,96,20,20
57117,66,61,5,5
57118,53,49,4,4
57119,61,63,-2,2
57120,106,98,8,8
57121,118,99,19,19
57122,145,131,14,14
57123,90,77,13,13
57124,76,66,10,10
57125,48,42,6,6
57126,38,35,3,3
57127,65,61,4,4
57128,98,83,15,15
57129,48,53,-5,5
57130,93,86,7,7
57131,117,111,6,6
57132,66,60,6,6
57133,110,87,23,23
57134,121,108,13,13
57135,95,81,14,14
57136,81,73,8,8
57137,48,53,-5,5
57138,80,74,6,6
57139,136,134,2,2
57140,55,43,12,12
57141,110,92,18,18
57142,104,105,-1,1
57143,89,77,12,12
57144,90,94,-4,4
57145,111,102,9,9
57146,85,85,0,0
57147,113,103,10,10
57148,100,91,9,9
57149,147,122,25,25
57150,86,84,2,2
57151,76,71,5,5
57152,164,131,33,33
57153,130,108,22,22
57154,99,82,17,17
57155,40,36,4,4
57156,175,166,9,9
57157,148,141,7,7
57158,106,98,8,8
57159,152,141,11,11
57160,91,88,3,3
57161,98,82,16,16
57162,51,56,-5,5
57163,88,84,4,4
57164,89,79,10,10
57165,63,51,12,12
57166,84,77,7,7
57167,75,62,13,13
57168,117,100,17,17
57169,111,105,6,6
57170,134,136,-2,2
57171,81,82,-1,1
57172,101,97,4,4
57173,61,52,9,9
57174,116,104,12,12
57175,77,73,4,4
57176,121,102,19,19
57177,101,86,15,15
57178,22,26,-4,4
57179,89,81,8,8
57180,134,122,12,12
57181,132,123,9,9
57182,48,44,4,4
57183,102,89,13,13
57184,90,72,18,18
57185,89,79,10,10
57186,109,104,5,5
57187,164,138,26,26
57188,93,85,8,8
57189,93,86,7,7
57190,63,66,-3,3
57191,99,90,9,9
57192,72,64,8,8
57193,85,80,5,5
57194,76,70,6,6
57195,85,72,13,13
57196,125,80,45,45
57197,63,56,7,7
57198,47,49,-2,2
57199,123,114,9,9
57200,88,87,1,1
57201,75,63,12,12
57202,78,68,10,10
57203,73,56,17,17
57204,113,116,-3,3
57205,88,74,14,14
57206,91,70,21,21
57207,99,87,12,12
57208,92,89,3,3
57209,102,98,4,4
57210,84,79,5,5
57211,153,133,20,20
57212,117,110,7,7
57213,61,52,9,9
57214,81,69,12,12
57215,148,132,16,16
57216,88,66,22,22
57217,109,97,12,12
57218,124,110,14,14
57219,44,47,-3,3
57220,75,67,8,8
57221,107,100,7,7
57222,74,71,3,3
57223,75,61,14,14
57224,97,79,18,18
57225,95,81,14,14
57226,72,61,11,11
57227,71,62,9,9
57228,100,88,12,12
57229,110,88,22,22
57230,67,54,13,13
57231,59,50,9,9
57232,162,142,20,20
57233,97,89,8,8
57234,66,64,2,2
57235,87,78,9,9
57236,142,124,18,18
57237,77,74,3,3
57238,61,50,11,11
57239,61,104,-43,43
57240,131,110,21,21
57241,84,75,9,9
57242,77,74,3,3
57243,60,55,5,5
57244,77,72,5,5
57245,47,42,5,5
57246,71,66,5,5
57247,118,111,7,7
57248,105,106,-1,1
57249,137,122,15,15
57250,48,53,-5,5
57251,81,76,5,5
57252,105,85,20,20
57253,107,94,13,13
57254,149,135,14,14
57255,88,76,12,12
57256,104,85,19,19
57257,130,103,27,27
57258,118,111,7,7
57259,50,62,-12,12
57260,113,96,17,17
57261,48,44,4,4
57262,105,97,8,8
57263,63,63,0,0
57264,63,58,5,5
57265,65,65,0,0
57266,105,97,8,8
57267,38,34,4,4
57268,57,43,14,14
57269,94,81,13,13
57270,87,72,15,15
57271,68,62,6,6
57272,66,65,1,1
57273,87,83,4,4
57274,121,106,15,15
57275,104,88,16,16
57276,124,120,4,4
57277,158,134,24,24
57278,30,34,-4,4
57279,101,108,-7,7
57280,86,68,18,18
57281,93,77,16,16
57282,123,125,-2,2
57283,102,80,22,22
57284,142,145,-3,3
57285,61,70,-9,9
57286,75,74,1,1
57287,125,120,5,5
57288,95,83,12,12
57289,171,149,22,22
57290,96,115,-19,19
57291,123,116,7,7
57292,106,105,1,1
57293,62,55,7,7
57294,87,77,10,10
57295,57,52,5,5
57296,56,44,12,12
57297,124,108,16,16
57298,81,73,8,8
57299,109,86,23,23
57300,165,152,13,13
57301,171,145,26,26
57302,104,91,13,13
57303,59,58,1,1
57304,40,37,3,3
57305,74,83,-9,9
57306,127,114,13,13
57307,73,75,-2,2
57308,130,113,17,17
57309,47,56,-9,9
57310,59,55,4,4
57311,156,130,26,26
57312,101,81,20,20
57313,89,67,22,22
57314,95,85,10,10
57315,60,63,-3,3
57316,91,82,9,9
57317,74,67,7,7
57318,160,139,21,21
57319,114,101,13,13
57320,148,129,19,19
57321,80,69,11,11
57322,24,20,4,4
57323,52,49,3,3
57324,259,218,41,41
57325,44,36,8,8
57326,149,133,16,16
57327,57,53,4,4
57328,126,121,5,5
57329,142,118,24,24
57330,111,103,8,8
57331,167,149,18,18
57332,76,67,9,9
57333,69,55,14,14
57334,110,107,3,3
57335,92,90,2,2
57336,99,76,23,23
57337,95,89,6,6
57338,114,94,20,20
57339,91,86,5,5
57340,104,91,13,13
57341,84,76,8,8
57342,164,135,29,29
57343,44,45,-1,1
57344,75,63,12,12
57345,95,85,10,10
57346,27,28,-1,1
57347,81,77,4,4
57348,72,64,8,8
57349,100,82,18,18
57350,131,104,27,27
57351,61,62,-1,1
57352,89,78,11,11
57353,65,62,3,3
57354,53,56,-3,3
57355,103,101,2,2
57356,129,114,15,15
57357,114,93,21,21
57358,102,94,8,8
57359,87,89,-2,2
57360,77,64,13,13
57361,72,68,4,4
57362,71,65,6,6
57363,67,52,15,15
57364,116,107,9,9
57365,102,87,15,15
57366,83,70,13,13
57367,55,46,9,9
57368,71,74,-3,3
57369,84,67,17,17
57370,98,87,11,11
57371,101,85,16,16
57372,82,67,15,15
57373,117,105,12,12
57374,126,116,10,10
57375,66,65,1,1
57376,81,79,2,2
57377,189,177,12,12
57378,90,75,15,15
57379,86,75,11,11
57380,107,90,17,17
57381,117,127,-10,10
57382,54,46,8,8
57383,81,79,2,2
57384,85,72,13,13
57385,88,84,4,4
57386,57,57,0,0
57387,103,96,7,7
57388,103,90,13,13
57389,95,82,13,13
57390,107,94,13,13
57391,91,82,9,9
57392,111,116,-5,5
57393,200,173,27,27
57394,83,78,5,5
57395,86,76,10,10
57396,80,77,3,3
57397,109,100,9,9
57398,69,60,9,9
57399,78,67,11,11
57400,70,73,-3,3
57401,77,68,9,9
57402,69,54,15,15
57403,96,76,20,20
57404,121,127,-6,6
57405,90,88,2,2
57406,152,131,21,21
57407,91,77,14,14
57408,89,79,10,10
57409,104,84,20,20
57410,88,62,26,26
57411,113,100,13,13
57412,81,82,-1,1
57413,92,79,13,13
57414,112,91,21,21
57415,113,109,4,4
57416,119,97,22,22
57417,68,62,6,6
57418,183,150,33,33
57419,154,127,27,27
57420,115,105,10,10
57421,173,175,-2,2
57422,108,92,16,16
57423,124,122,2,2
57424,71,59,12,12
57425,84,70,14,14
57426,80,73,7,7
57427,90,89,1,1
57428,74,61,13,13
57429,89,69,20,20
57430,81,80,1,1
57431,100,79,21,21
57432,136,122,14,14
57433,55,49,6,6
57434,105,96,9,9
57435,77,68,9,9
57436,192,173,19,19
57437,99,81,18,18
57438,90,79,11,11
57439,134,114,20,20
57440,113,101,12,12
57441,90,76,14,14
57442,150,124,26,26
57443,52,47,5,5
57444,102,90,12,12
57445,55,45,10,10
57446,110,99,11,11
57447,57,53,4,4
57448,57,53,4,4
57449,97,86,11,11
57450,117,114,3,3
57451,83,80,3,3
57452,121,102,19,19
57453,58,56,2,2
57454,101,90,11,11
57455,63,57,6,6
57456,105,96,9,9
57457,94,77,17,17
57458,138,123,15,15
57459,62,55,7,7
57460,113,105,8,8
57461,50,48,2,2
57462,90,85,5,5
57463,135,126,9,9
57464,68,55,13,13
57465,94,83,11,11
57466,63,54,9,9
57467,179,147,32,32
57468,78,69,9,9
57469,197,158,39,39
57470,124,112,12,12
57471,115,113,2,2
57472,105,92,13,13
57473,135,125,10,10
57474,59,55,4,4
57475,75,80,-5,5
57476,131,114,17,17
57477,125,118,7,7
57478,82,81,1,1
57479,193,167,26,26
57480,23,27,-4,4
57481,67,58,9,9
57482,204,177,27,27
57483,78,71,7,7
57484,95,90,5,5
57485,143,129,14,14
57486,69,62,7,7
57487,78,65,13,13
57488,185,166,19,19
57489,60,56,4,4
57490,93,72,21,21
57491,49,45,4,4
57492,151,124,27,27
57493,93,78,15,15
57494,109,92,17,17
57495,58,48,10,10
57496,132,104,28,28
57497,85,68,17,17
57498,118,88,30,30
57499,69,62,7,7
57500,76,69,7,7
57501,68,71,-3,3
57502,68,61,7,7
57503,103,101,2,2
57504,116,104,12,12
57505,189,154,35,35
57506,64,63,1,1
57507,54,45,9,9
57508,99,93,6,6
57509,140,117,23,23
57510,52,43,9,9
57511,144,130,14,14
57512,96,85,11,11
57513,60,75,-15,15
57514,131,123,8,8
57515,101,101,0,0
57516,21,28,-7,7
57517,77,70,7,7
57518,94,86,8,8
57519,64,52,12,12
57520,77,68,9,9
57521,89,81,8,8
57522,68,62,6,6
57523,100,67,33,33
57524,94,86,8,8
57525,99,85,14,14
57526,104,96,8,8
57527,76,68,8,8
57528,41,39,2,2
57529,89,74,15,15
57530,159,126,33,33
57531,145,118,27,27
57532,89,75,14,14
57533,117,111,6,6
57534,56,55,1,1
57535,112,99,13,13
57536,59,50,9,9
57537,54,50,4,4
57538,83,70,13,13
57539,70,66,4,4
57540,64,56,8,8
57541,134,118,16,16
57542,107,105,2,2
57543,81,71,10,10
57544,117,114,3,3
57545,123,117,6,6
57546,114,93,21,21
57547,173,146,27,27
57548,79,66,13,13
57549,117,96,21,21
57550,32,31,1,1
57551,87,76,11,11
57552,189,169,20,20
57553,70,71,-1,1
57554,155,124,31,31
57555,81,76,5,5
57556,168,146,22,22
57557,114,101,13,13
57558,153,151,2,2
57559,124,104,20,20
57560,51,42,9,9
57561,105,101,4,4
57562,101,105,-4,4
57563,86,79,7,7
57564,129,115,14,14
57565,122,101,21,21
57566,149,129,20,20
57567,85,72,13,13
57568,73,62,11,11
57569,66,63,3,3
57570,180,147,33,33
57571,33,31,2,2
57572,70,66,4,4
57573,101,105,-4,4
57574,89,82,7,7
57575,120,109,11,11
57576,121,103,18,18
57577,91,84,7,7
57578,90,79,11,11
57579,121,108,13,13
57580,154,142,12,12
57581,110,94,16,16
57582,65,54,11,11
57583,107,108,-1,1
57584,141,126,15,15
57585,61,59,2,2
57586,119,108,11,11
57587,135,122,13,13
57588,185,152,33,33
57589,46,44,2,2
57590,89,80,9,9
57591,134,117,17,17
57592,102,86,16,16
57593,138,123,15,15
57594,104,87,17,17
57595,176,155,21,21
57596,112,97,15,15
57597,135,120,15,15
57598,119,107,12,12
57599,82,67,15,15
57600,99,92,7,7
57601,119,100,19,19
57602,98,99,-1,1
57603,96,92,4,4
57604,90,89,1,1
57605,81,65,16,16
57606,65,58,7,7
57607,120,101,19,19
57608,90,79,11,11
57609,80,76,4,4
57610,81,78,3,3
57611,78,91,-13,13
57612,82,68,14,14
57613,155,124,31,31
57614,77,63,14,14
57615,116,105,11,11
57616,78,71,7,7
57617,69,57,12,12
57618,64,60,4,4
57619,88,78,10,10
57620,56,51,5,5
57621,62,58,4,4
57622,49,50,-1,1
57623,120,96,24,24
57624,154,140,14,14
57625,86,79,7,7
57626,61,61,0,0
57627,66,57,9,9
57628,145,115,30,30
57629,83,80,3,3
57630,136,116,20,20
57631,88,86,2,2
57632,71,67,4,4
57633,93,78,15,15
57634,97,82,15,15
57635,94,76,18,18
57636,97,92,5,5
57637,57,60,-3,3
57638,142,127,15,15
57639,119,105,14,14
57640,87,83,4,4
57641,131,127,4,4
57642,119,114,5,5
57643,76,64,12,12
57644,55,44,11,11
57645,106,90,16,16
57646,70,66,4,4
57647,103,92,11,11
57648,96,77,19,19
57649,150,134,16,16
57650,128,119,9,9
57651,38,36,2,2
57652,65,70,-5,5
57653,79,67,12,12
57654,96,78,18,18
57655,88,76,12,12
57656,185,185,0,0
57657,81,69,12,12
57658,151,125,26,26
57659,94,79,15,15
57660,72,69,3,3
57661,110,96,14,14
57662,109,95,14,14
57663,80,68,12,12
57664,68,65,3,3
57665,111,89,22,22
57666,67,65,2,2
57667,95,80,15,15
57668,114,106,8,8
57669,51,45,6,6
57670,111,99,12,12
57671,118,96,22,22
57672,157,127,30,30
57673,82,76,6,6
57674,119,87,32,32
57675,73,63,10,10
57676,88,70,18,18
57677,46,38,8,8
57678,61,59,2,2
57679,81,74,7,7
57680,117,103,14,14
57681,87,76,11,11
57682,71,57,14,14
57683,70,59,11,11
57684,98,99,-1,1
57685,89,83,6,6
57686,100,82,18,18
57687,124,103,21,21
57688,166,142,24,24
57689,90,78,12,12
57690,43,40,3,3
57691,175,146,29,29
57692,104,99,5,5
57693,180,160,20,20
57694,57,48,9,9
57695,36,42,-6,6
57696,144,138,6,6
57697,136,118,18,18
57698,56,52,4,4
57699,93,86,7,7
57700,91,81,10,10
57701,98,92,6,6
57702,82,58,24,24
57703,101,102,-1,1
57704,113,104,9,9
57705,53,53,0,0
57706,55,51,4,4
57707,120,103,17,17
57708,105,89,16,16
57709,71,67,4,4
57710,78,67,11,11
57711,165,153,12,12
57712,82,76,6,6
57713,126,108,18,18
57714,114,97,17,17
57715,143,122,21,21
57716,118,99,19,19
57717,94,86,8,8
57718,41,35,6,6
57719,67,58,9,9
57720,83,72,11,11
57721,119,95,24,24
57722,62,57,5,5
57723,55,44,11,11
57724,95,87,8,8
57725,91,87,4,4
57726,68,64,4,4
57727,144,133,11,11
57728,64,57,7,7
57729,43,51,-8,8
57730,81,76,5,5
57731,94,79,15,15
57732,77,68,9,9
57733,167,159,8,8
57734,51,51,0,0
57735,117,94,23,23
57736,93,83,10,10
57737,71,64,7,7
57738,64,60,4,4
57739,168,147,21,21
57740,98,89,9,9
57741,38,32,6,6
57742,124,108,16,16
57743,104,101,3,3
57744,45,39,6,6
57745,36,38,-2,2
57746,82,73,9,9
57747,120,99,21,21
57748,108,104,4,4
57749,43,41,2,2
57750,85,70,15,15
57751,146,123,23,23
57752,82,88,-6,6
57753,115,96,19,19
57754,98,80,18,18
57755,87,71,16,16
57756,124,115,9,9
57757,86,74,12,12
57758,92,99,-7,7
57759,109,82,27,27
57760,125,110,15,15
57761,140,134,6,6
57762,84,95,-11,11
57763,66,59,7,7
57764,131,107,24,24
57765,81,66,15,15
57766,88,74,14,14
57767,143,141,2,2
57768,74,71,3,3
57769,118,118,0,0
57770,56,55,1,1
57771,61,51,10,10
57772,112,107,5,5
57773,119,100,19,19
57774,102,84,18,18
57775,101,111,-10,10
57776,71,61,10,10
57777,118,105,13,13
57778,119,121,-2,2
57779,83,77,6,6
57780,133,111,22,22
57781,57,52,5,5
57782,87,76,11,11
57783,6,6,0,0
57784,76,69,7,7
57785,124,108,16,16
57786,28,24,4,4
57787,65,56,9,9
57788,86,68,18,18
57789,111,104,7,7
57790,59,59,0,0
57791,94,84,10,10
57792,97,103,-6,6
57793,115,109,6,6
57794,75,71,4,4
57795,144,126,18,18
57796,86,87,-1,1
57797,74,67,7,7
57798,102,99,3,3
57799,79,69,10,10
57800,99,92,7,7
57801,140,138,2,2
57802,101,91,10,10
57803,156,129,27,27
57804,92,80,12,12
57805,70,64,6,6
57806,59,62,-3,3
57807,116,102,14,14
57808,138,124,14,14
57809,136,132,4,4
57810,61,53,8,8
57811,53,49,4,4
57812,79,65,14,14
57813,90,75,15,15
57814,127,109,18,18
57815,177,137,40,40
57816,110,107,3,3
57817,129,109,20,20
57818,106,112,-6,6
57819,74,70,4,4
57820,154,146,8,8
57821,129,120,9,9
57822,73,65,8,8
57823,77,77,0,0
57824,84,83,1,1
57825,103,88,15,15
57826,90,108,-18,18
57827,109,99,10,10
57828,68,55,13,13
57829,72,60,12,12
57830,105,106,-1,1
57831,65,58,7,7
57832,95,81,14,14
57833,133,116,17,17
57834,103,85,18,18
57835,107,101,6,6
57836,79,68,11,11
57837,116,101,15,15
57838,91,74,17,17
57839,72,78,-6,6
57840,66,77,-11,11
57841,147,122,25,25
57842,90,92,-2,2
57843,192,199,-7,7
57844,98,104,-6,6
57845,105,93,12,12
57846,44,43,1,1
57847,102,81,21,21
57848,82,80,2,2
57849,107,96,11,11
57850,102,90,12,12
57851,135,111,24,24
57852,157,134,23,23
57853,61,48,13,13
57854,155,134,21,21
57855,121,119,2,2
57856,77,69,8,8
57857,142,128,14,14
57858,95,77,18,18
57859,104,87,17,17
57860,77,69,8,8
57861,135,119,16,16
57862,101,90,11,11
57863,65,53,12,12
57864,108,95,13,13
57865,46,48,-2,2
57866,196,179,17,17
57867,83,77,6,6
57868,92,75,17,17
57869,66,52,14,14
57870,87,75,12,12
57871,76,66,10,10
57872,24,10,14,14
57873,94,96,-2,2
57874,85,63,22,22
57875,147,173,-26,26
57876,104,105,-1,1
57877,97,84,13,13
57878,159,131,28,28
57879,103,88,15,15
57880,114,104,10,10
57881,133,127,6,6
57882,66,58,8,8
57883,101,94,7,7
57884,71,62,9,9
57885,85,77,8,8
57886,87,65,22,22
57887,116,82,34,34
57888,88,70,18,18
57889,64,55,9,9
57890,48,48,0,0
57891,55,51,4,4
57892,61,81,-20,20
57893,86,82,4,4
57894,56,50,6,6
57895,58,45,13,13
57896,77,69,8,8
57897,70,70,0,0
57898,78,75,3,3
57899,136,118,18,18
57900,69,63,6,6
57901,68,57,11,11
57902,102,86,16,16
57903,67,59,8,8
57904,82,68,14,14
57905,54,43,11,11
57906,70,65,5,5
57907,83,69,14,14
57908,129,108,21,21
57909,43,39,4,4
57910,46,52,-6,6
57911,119,111,8,8
57912,50,44,6,6
57913,76,68,8,8
57914,168,148,20,20
57915,83,71,12,12
57916,116,96,20,20
57917,121,120,1,1
57918,96,94,2,2
57919,126,118,8,8
57920,86,78,8,8
57921,85,71,14,14
57922,93,73,20,20
57923,52,48,4,4
57924,129,114,15,15
57925,87,77,10,10
57926,38,36,2,2
57927,61,65,-4,4
57928,77,69,8,8
57929,73,64,9,9
57930,143,141,2,2
57931,59,56,3,3
57932,57,53,4,4
57933,64,57,7,7
57934,140,126,14,14
57935,109,103,6,6
57936,91,80,11,11
57937,64,56,8,8
57938,105,82,23,23
57939,121,96,25,25
57940,65,51,14,14
57941,80,76,4,4
57942,75,70,5,5
57943,90,74,16,16
57944,93,92,1,1
57945,60,59,1,1
57946,75,67,8,8
57947,97,89,8,8
57948,130,111,19,19
57949,111,92,19,19
57950,82,67,15,15
57951,102,88,14,14
57952,72,62,10,10
57953,180,169,11,11
57954,71,75,-4,4
57955,92,80,12,12
57956,109,96,13,13
57957,113,99,14,14
57958,117,96,21,21
57959,105,95,10,10
57960,85,74,11,11
57961,75,60,15,15
57962,77,69,8,8
57963,79,70,9,9
57964,106,90,16,16
57965,52,57,-5,5
57966,107,73,34,34
57967,89,83,6,6
57968,150,131,19,19
57969,84,75,9,9
57970,78,71,7,7
57971,124,107,17,17
57972,58,53,5,5
57973,110,102,8,8
57974,108,98,10,10
57975,95,97,-2,2
57976,139,115,24,24
57977,92,82,10,10
57978,63,61,2,2
57979,81,76,5,5
57980,103,81,22,22
57981,75,65,10,10
57982,75,74,1,1
57983,125,110,15,15
57984,98,95,3,3
57985,101,87,14,14
57986,73,74,-1,1
57987,95,86,9,9
57988,120,103,17,17
57989,90,93,-3,3
57990,178,147,31,31
57991,111,105,6,6
57992,90,80,10,10
57993,91,67,24,24
57994,92,69,23,23
57995,77,68,9,9
57996,87,72,15,15
57997,121,105,16,16
57998,99,79,20,20
57999,119,114,5,5
58000,85,85,0,0
58001,102,92,10,10
58002,102,85,17,17
58003,68,55,13,13
58004,159,129,30,30
58005,91,69,22,22
58006,85,82,3,3
58007,77,74,3,3
58008,136,120,16,16
58009,182,152,30,30
58010,101,90,11,11
58011,63,48,15,15
58012,89,94,-5,5
58013,78,71,7,7
58014,104,86,18,18
58015,113,100,13,13
58016,88,78,10,10
58017,87,78,9,9
58018,182,147,35,35
58019,97,85,12,12
58020,123,107,16,16
58021,93,111,-18,18
58022,77,58,19,19
58023,87,76,11,11
58024,71,65,6,6
58025,60,51,9,9
58026,95,91,4,4
58027,92,74,18,18
58028,78,65,13,13
58029,84,79,5,5
58030,153,128,25,25
58031,140,133,7,7
58032,99,77,22,22
58033,57,51,6,6
58034,83,79,4,4
58035,79,66,13,13
58036,87,80,7,7
58037,85,94,-9,9
58038,80,72,8,8
58039,69,66,3,3
58040,68,63,5,5
58041,94,89,5,5
58042,79,76,3,3
58043,115,103,12,12
58044,59,53,6,6
58045,183,171,12,12
58046,64,57,7,7
58047,109,93,16,16
58048,54,41,13,13
58049,62,53,9,9
58050,69,73,-4,4
58051,62,52,10,10
58052,71,62,9,9
58053,140,123,17,17
58054,73,64,9,9
58055,124,115,9,9
58056,86,82,4,4
58057,142,138,4,4
58058,170,153,17,17
58059,69,59,10,10
58060,124,116,8,8
58061,123,115,8,8
58062,104,81,23,23
58063,65,67,-2,2
58064,110,98,12,12
58065,80,67,13,13
58066,66,61,5,5
58067,96,84,12,12
58068,116,109,7,7
58069,74,68,6,6
58070,59,52,7,7
58071,64,50,14,14
58072,115,109,6,6
58073,89,74,15,15
58074,136,114,22,22
58075,51,44,7,7
58076,73,64,9,9
58077,68,62,6,6
58078,116,100,16,16
58079,135,126,9,9
58080,29,23,6,6
58081,96,78,18,18
58082,38,49,-11,11
58083,170,152,18,18
58084,125,113,12,12
58085,160,135,25,25
58086,108,104,4,4
58087,144,129,15,15
58088,70,56,14,14
58089,100,85,15,15
58090,62,56,6,6
58091,129,115,14,14
58092,99,80,19,19
58093,93,92,1,1
58094,108,84,24,24
58095,59,50,9,9
58096,43,41,2,2
58097,119,96,23,23
58098,71,56,15,15
58099,147,148,-1,1
58100,60,54,6,6
58101,79,77,2,2
58102,64,62,2,2
58103,73,66,7,7
58104,105,97,8,8
58105,80,68,12,12
58106,79,73,6,6
58107,90,80,10,10
58108,89,69,20,20
58109,73,64,9,9
58110,113,107,6,6
58111,78,73,5,5
58112,63,73,-10,10
58113,142,120,22,22
58114,145,145,0,0
58115,95,87,8,8
58116,101,90,11,11
58117,126,102,24,24
58118,154,129,25,25
58119,184,144,40,40
58120,116,109,7,7
58121,84,77,7,7
58122,129,117,12,12
58123,74,64,10,10
58124,97,81,16,16
58125,88,97,-9,9
58126,102,96,6,6
58127,69,65,4,4
58128,73,71,2,2
58129,77,60,17,17
58130,98,88,10,10
58131,78,72,6,6
58132,108,83,25,25
58133,78,68,10,10
58134,86,83,3,3
58135,70,58,12,12
58136,70,66,4,4
58137,78,68,10,10
58138,81,69,12,12
58139,55,56,-1,1
58140,37,32,5,5
58141,80,72,8,8
58142,68,60,8,8
58143,130,119,11,11
58144,100,88,12,12
58145,71,69,2,2
58146,97,86,11,11
58147,147,132,15,15
58148,93,85,8,8
58149,165,154,11,11
58150,70,64,6,6
58151,59,58,1,1
58152,46,44,2,2
58153,132,106,26,26
58154,90,70,20,20
58155,208,180,28,28
58156,124,117,7,7
58157,92,89,3,3
58158,75,66,9,9
58159,103,90,13,13
58160,47,46,1,1
58161,72,55,17,17
58162,65,57,8,8
58163,107,102,5,5
58164,131,118,13,13
58165,67,68,-1,1
58166,119,106,13,13
58167,63,57,6,6
58168,153,123,30,30
58169,72,66,6,6
58170,131,132,-1,1
58171,92,76,16,16
58172,70,60,10,10
58173,93,89,4,4
58174,48,54,-6,6
58175,75,63,12,12
58176,185,169,16,16
58177,90,73,17,17
58178,53,46,7,7
58179,130,120,10,10
58180,139,131,8,8
58181,92,85,7,7
58182,77,100,-23,23
58183,130,104,26,26
58184,88,74,14,14
58185,68,67,1,1
58186,144,111,33,33
58187,73,67,6,6
58188,136,124,12,12
58189,115,99,16,16
58190,79,75,4,4
58191,97,85,12,12
58192,70,59,11,11
58193,76,73,3,3
58194,110,95,15,15
58195,103,105,-2,2
58196,106,95,11,11
58197,82,74,8,8
58198,82,80,2,2
58199,64,57,7,7
58200,108,97,11,11
58201,162,145,17,17
58202,64,61,3,3
58203,42,39,3,3
58204,128,114,14,14
58205,93,76,17,17
58206,83,73,10,10
58207,75,60,15,15
58208,113,98,15,15
58209,131,114,17,17
58210,70,56,14,14
58211,82,76,6,6
58212,53,49,4,4
58213,92,85,7,7
58214,123,103,20,20
58215,132,112,20,20
58216,71,63,8,8
58217,83,74,9,9
58218,52,46,6,6
58219,102,88,14,14
58220,51,50,1,1
58221,90,74,16,16
58222,121,118,3,3
58223,125,113,12,12
58224,66,59,7,7
58225,99,95,4,4
58226,71,76,-5,5
58227,103,92,11,11
58228,87,80,7,7
58229,130,120,10,10
58230,74,66,8,8
58231,171,147,24,24
58232,146,114,32,32
58233,81,73,8,8
58234,72,58,14,14
58235,81,86,-5,5
58236,58,52,6,6
58237,111,94,17,17
58238,148,132,16,16
58239,76,63,13,13
58240,78,62,16,16
58241,91,87,4,4
58242,91,85,6,6
58243,70,67,3,3
58244,155,125,30,30
58245,89,83,6,6
58246,55,44,11,11
58247,97,75,22,22
58248,71,60,11,11
58249,134,128,6,6
58250,85,66,19,19
58251,76,66,10,10
58252,98,96,2,2
58253,51,48,3,3
58254,111,97,14,14
58255,59,56,3,3
58256,112,93,19,19
58257,43,37,6,6
58258,122,102,20,20
58259,62,51,11,11
58260,57,50,7,7
58261,94,89,5,5
58262,92,80,12,12
58263,113,113,0,0
58264,125,106,19,19
58265,98,91,7,7
58266,58,54,4,4
58267,110,93,17,17
58268,69,63,6,6
58269,57,59,-2,2
58270,54,44,10,10
58271,69,60,9,9
58272,84,83,1,1
58273,81,82,-1,1
58274,72,65,7,7
58275,120,98,22,22
58276,59,54,5,5
58277,121,104,17,17
58278,54,54,0,0
58279,62,54,8,8
58280,83,66,17,17
58281,85,69,16,16
58282,102,96,6,6
58283,109,87,22,22
58284,128,127,1,1
58285,128,105,23,23
58286,155,104,51,51
58287,75,72,3,3
58288,44,34,10,10
58289,106,99,7,7
58290,122,98,24,24
58291,99,86,13,13
58292,76,64,12,12
58293,93,79,14,14
58294,59,58,1,1
58295,115,95,20,20
58296,147,128,19,19
58297,104,98,6,6
58298,56,53,3,3
58299,119,105,14,14
58300,92,81,11,11
58301,55,51,4,4
58302,70,56,14,14
58303,79,75,4,4
58304,106,91,15,15
58305,141,114,27,27
58306,142,131,11,11
58307,100,92,8,8
58308,71,60,11,11
58309,37,32,5,5
58310,58,53,5,5
58311,107,100,7,7
58312,104,91,13,13
58313,125,112,13,13
58314,95,109,-14,14
58315,164,147,17,17
58316,45,50,-5,5
58317,86,72,14,14
58318,101,89,12,12
58319,117,100,17,17
58320,85,89,-4,4
58321,60,54,6,6
58322,141,138,3,3
58323,101,95,6,6
58324,113,91,22,22
58325,108,100,8,8
58326,86,74,12,12
58327,121,101,20,20
58328,165,166,-1,1
58329,58,50,8,8
58330,165,146,19,19
58331,99,89,10,10
58332,77,74,3,3
58333,120,107,13,13
58334,132,112,20,20
58335,138,111,27,27
58336,104,113,-9,9
58337,59,49,10,10
58338,68,58,10,10
58339,76,70,6,6
58340,81,81,0,0
58341,126,110,16,16
58342,125,86,39,39
58343,39,34,5,5
58344,103,73,30,30
58345,64,64,0,0
58346,120,99,21,21
58347,53,53,0,0
58348,81,65,16,16
58349,128,107,21,21
58350,75,66,9,9
58351,67,52,15,15
58352,158,128,30,30
58353,77,80,-3,3
58354,140,129,11,11
58355,75,73,2,2
58356,114,107,7,7
58357,82,76,6,6
58358,96,90,6,6
58359,142,116,26,26
58360,84,86,-2,2
58361,84,58,26,26
58362,69,55,14,14
58363,63,58,5,5
58364,83,77,6,6
58365,136,122,14,14
58366,107,91,16,16
58367,95,86,9,9
58368,157,132,25,25
58369,89,82,7,7
58370,85,73,12,12
58371,102,91,11,11
58372,103,99,4,4
58373,88,75,13,13
58374,100,86,14,14
58375,69,61,8,8
58376,84,65,19,19
58377,32,28,4,4
58378,52,50,2,2
58379,156,131,25,25
58380,71,56,15,15
58381,114,96,18,18
58382,83,74,9,9
58383,81,71,10,10
58384,164,124,40,40
58385,109,94,15,15
58386,89,85,4,4
58387,125,97,28,28
58388,82,67,15,15
58389,73,67,6,6
58390,117,125,-8,8
58391,69,63,6,6
58392,98,83,15,15
58393,114,91,23,23
58394,86,76,10,10
58395,112,91,21,21
58396,96,93,3,3
58397,113,98,15,15
58398,86,87,-1,1
58399,130,111,19,19
58400,80,71,9,9
58401,134,124,10,10
58402,158,144,14,14
58403,59,49,10,10
58404,55,55,0,0
58405,87,81,6,6
58406,42,40,2,2
58407,76,68,8,8
58408,62,52,10,10
58409,119,103,16,16
58410,103,92,11,11
58411,172,158,14,14
58412,134,124,10,10
58413,68,59,9,9
58414,62,51,11,11
58415,57,57,0,0
58416,147,120,27,27
58417,93,81,12,12
58418,116,101,15,15
58419,161,147,14,14
58420,79,86,-7,7
58421,148,135,13,13
58422,118,104,14,14
58423,46,47,-1,1
58424,130,118,12,12
58425,163,140,23,23
58426,56,51,5,5
58427,74,63,11,11
58428,66,64,2,2
58429,84,67,17,17
58430,76,74,2,2
58431,88,76,12,12
58432,69,62,7,7
58433,60,56,4,4
58434,75,64,11,11
58435,164,139,25,25
58436,71,73,-2,2
58437,125,95,30,30
58438,86,81,5,5
58439,62,50,12,12
58440,82,71,11,11
58441,55,49,6,6
58442,58,64,-6,6
58443,52,55,-3,3
58444,107,92,15,15
58445,82,82,0,0
58446,118,108,10,10
58447,104,89,15,15
58448,65,56,9,9
58449,148,144,4,4
58450,104,100,4,4
58451,189,164,25,25
58452,126,114,12,12
58453,92,75,17,17
58454,122,108,14,14
58455,75,67,8,8
58456,99,89,10,10
58457,99,85,14,14
58458,154,140,14,14
58459,89,86,3,3
58460,145,133,12,12
58461,81,63,18,18
58462,146,137,9,9
58463,171,162,9,9
58464,52,47,5,5
58465,81,65,16,16
58466,102,89,13,13
58467,137,139,-2,2
58468,43,40,3,3
58469,93,89,4,4
58470,62,53,9,9
58471,110,93,17,17
58472,78,64,14,14
58473,112,108,4,4
58474,64,63,1,1
58475,52,46,6,6
58476,51,60,-9,9
58477,71,70,1,1
58478,62,58,4,4
58479,54,42,12,12
58480,81,58,23,23
58481,156,123,33,33
58482,76,73,3,3
58483,74,60,14,14
58484,63,62,1,1
58485,59,46,13,13
58486,45,38,7,7
58487,127,97,30,30
58488,110,90,20,20
58489,68,59,9,9
58490,89,81,8,8
58491,64,55,9,9
58492,116,113,3,3
58493,68,62,6,6
58494,211,193,18,18
58495,93,78,15,15
58496,79,70,9,9
58497,84,76,8,8
58498,73,61,12,12
58499,82,68,14,14
58500,80,84,-4,4
58501,75,69,6,6
58502,83,76,7,7
58503,123,109,14,14
58504,52,43,9,9
58505,133,109,24,24
58506,90,79,11,11
58507,70,58,12,12
58508,74,71,3,3
58509,84,71,13,13
58510,90,84,6,6
58511,92,82,10,10
58512,55,54,1,1
58513,62,59,3,3
58514,120,107,13,13
58515,84,77,7,7
58516,83,66,17,17
58517,95,102,-7,7
58518,79,65,14,14
58519,89,85,4,4
58520,149,134,15,15
58521,81,99,-18,18
58522,91,85,6,6
58523,87,68,19,19
58524,76,68,8,8
58525,45,40,5,5
58526,226,198,28,28
58527,125,111,14,14
58528,148,146,2,2
58529,60,56,4,4
58530,134,124,10,10
58531,165,145,20,20
58532,129,109,20,20
58533,65,54,11,11
58534,89,77,12,12
58535,95,88,7,7
58536,83,76,7,7
58537,79,66,13,13
58538,111,98,13,13
58539,83,70,13,13
58540,121,107,14,14
58541,97,89,8,8
58542,114,105,9,9
58543,55,45,10,10
58544,118,102,16,16
58545,95,83,12,12
58546,80,68,12,12
58547,112,101,11,11
58548,127,109,18,18
58549,140,117,23,23
58550,100,153,-53,53
58551,50,44,6,6
58552,130,115,15,15
58553,77,70,7,7
58554,86,87,-1,1
58555,117,92,25,25
58556,163,142,21,21
58557,78,66,12,12
58558,118,104,14,14
58559,110,104,6,6
58560,93,76,17,17
58561,76,83,-7,7
58562,71,55,16,16
58563,85,77,8,8
58564,39,40,-1,1
58565,77,75,2,2
58566,57,48,9,9
58567,68,59,9,9
58568,74,64,10,10
58569,80,69,11,11
58570,86,82,4,4
58571,55,49,6,6
58572,129,99,30,30
58573,181,171,10,10
58574,71,63,8,8
58575,106,118,-12,12
58576,43,37,6,6
58577,157,142,15,15
58578,68,60,8,8
58579,134,115,19,19
58580,137,132,5,5
58581,71,64,7,7
58582,48,41,7,7
58583,45,46,-1,1
58584,75,70,5,5
58585,67,71,-4,4
58586,108,89,19,19
58587,81,71,10,10
58588,94,86,8,8
58589,229,209,20,20
58590,58,53,5,5
58591,75,72,3,3
58592,97,101,-4,4
58593,142,130,12,12
58594,196,148,48,48
58595,78,70,8,8
58596,101,103,-2,2
58597,100,85,15,15
58598,82,68,14,14
58599,100,90,10,10
58600,81,76,5,5
58601,81,78,3,3
58602,106,115,-9,9
58603,74,59,15,15
58604,77,79,-2,2
58605,124,107,17,17
58606,35,32,3,3
58607,76,72,4,4
58608,106,93,13,13
58609,83,79,4,4
58610,82,73,9,9
58611,77,69,8,8
58612,113,100,13,13
58613,86,72,14,14
58614,115,104,11,11
58615,98,84,14,14
58616,69,67,2,2
58617,90,87,3,3
58618,99,84,15,15
58619,59,59,0,0
58620,109,90,19,19
58621,72,67,5,5
58622,130,115,15,15
58623,118,110,8,8
58624,113,101,12,12
58625,98,87,11,11
58626,102,86,16,16
58627,142,112,30,30
58628,95,96,-1,1
58629,89,82,7,7
58630,45,55,-10,10
58631,35,34,1,1
58632,54,50,4,4
58633,102,79,23,23
58634,27,20,7,7
58635,66,57,9,9
58636,35,38,-3,3
58637,115,94,21,21
58638,148,132,16,16
58639,98,79,19,19
58640,115,110,5,5
58641,79,79,0,0
58642,84,75,9,9
58643,147,133,14,14
58644,79,65,14,14
58645,62,54,8,8
58646,95,78,17,17
58647,71,64,7,7
58648,66,61,5,5
58649,84,75,9,9
58650,142,121,21,21
58651,142,115,27,27
58652,91,84,7,7
58653,102,93,9,9
58654,105,123,-18,18
58655,66,54,12,12
58656,83,79,4,4
58657,63,55,8,8
58658,66,63,3,3
58659,109,110,-1,1
58660,71,65,6,6
58661,92,85,7,7
58662,139,138,1,1
58663,117,108,9,9
58664,120,111,9,9
58665,94,99,-5,5
58666,99,87,12,12
58667,58,49,9,9
58668,129,117,12,12
58669,66,66,0,0
58670,126,95,31,31
58671,111,108,3,3
58672,54,47,7,7
58673,153,119,34,34
58674,82,71,11,11
58675,56,51,5,5
58676,59,55,4,4
58677,146,123,23,23
58678,64,58,6,6
58679,56,49,7,7
58680,60,54,6,6
58681,21,40,-19,19
58682,132,122,10,10
58683,85,77,8,8
58684,113,97,16,16
58685,81,70,11,11
58686,110,102,8,8
58687,98,83,15,15
58688,86,81,5,5
58689,102,89,13,13
58690,129,131,-2,2
58691,89,74,15,15
58692,121,114,7,7
58693,104,91,13,13
58694,63,64,-1,1
58695,138,116,22,22
58696,119,125,-6,6
58697,92,80,12,12
58698,113,97,16,16
58699,97,87,10,10
58700,162,137,25,25
58701,41,39,2,2
58702,112,104,8,8
58703,124,106,18,18
58704,76,68,8,8
58705,116,107,9,9
58706,86,72,14,14
58707,69,58,11,11
58708,99,96,3,3
58709,65,62,3,3
58710,70,73,-3,3
58711,111,89,22,22
58712,79,67,12,12
58713,92,86,6,6
58714,92,74,18,18
58715,126,113,13,13
58716,109,97,12,12
58717,65,65,0,0
58718,79,67,12,12
58719,160,145,15,15
58720,75,73,2,2
58721,95,82,13,13
58722,97,82,15,15
58723,102,93,9,9
58724,75,60,15,15
58725,119,114,5,5
58726,31,25,6,6
58727,137,116,21,21
58728,99,101,-2,2
58729,135,118,17,17
58730,143,132,11,11
58731,128,114,14,14
58732,135,120,15,15
58733,56,44,12,12
58734,79,65,14,14
58735,157,125,32,32
58736,103,105,-2,2
58737,147,132,15,15
58738,78,69,9,9
58739,124,111,13,13
58740,57,59,-2,2
58741,63,70,-7,7
58742,79,60,19,19
58743,87,82,5,5
58744,105,86,19,19
58745,119,103,16,16
58746,41,37,4,4
58747,62,62,0,0
58748,148,140,8,8
58749,113,101,12,12
58750,236,206,30,30
58751,49,49,0,0
58752,78,75,3,3
58753,105,96,9,9
58754,136,120,16,16
58755,93,86,7,7
58756,55,52,3,3
58757,87,81,6,6
58758,67,67,0,0
58759,113,92,21,21
58760,52,47,5,5
58761,102,111,-9,9
58762,149,117,32,32
58763,65,66,-1,1
58764,106,90,16,16
58765,88,76,12,12
58766,175,149,26,26
58767,116,110,6,6
58768,128,119,9,9
58769,86,78,8,8
58770,154,119,35,35
58771,93,81,12,12
58772,65,86,-21,21
58773,119,109,10,10
58774,81,69,12,12
58775,93,100,-7,7
58776,77,71,6,6
58777,144,106,38,38
58778,105,96,9,9
58779,111,79,32,32
58780,143,123,20,20
58781,96,82,14,14
58782,86,86,0,0
58783,78,69,9,9
58784,136,119,17,17
58785,82,71,11,11
58786,91,79,12,12
58787,83,78,5,5
58788,106,99,7,7
58789,94,89,5,5
58790,99,93,6,6
58791,78,66,12,12
58792,154,134,20,20
58793,77,56,21,21
58794,184,161,23,23
58795,192,165,27,27
58796,77,68,9,9
58797,105,98,7,7
58798,62,59,3,3
58799,103,90,13,13
58800,59,53,6,6
58801,77,63,14,14
58802,155,146,9,9
58803,90,75,15,15
58804,98,109,-11,11
58805,93,83,10,10
58806,132,118,14,14
58807,115,106,9,9
58808,67,58,9,9
58809,198,183,15,15
58810,90,77,13,13
58811,114,101,13,13
58812,108,98,10,10
58813,77,74,3,3
58814,114,114,0,0
58815,126,130,-4,4
58816,86,75,11,11
58817,67,61,6,6
58818,108,96,12,12
58819,92,82,10,10
58820,123,112,11,11
58821,96,92,4,4
58822,64,56,8,8
58823,166,149,17,17
58824,218,197,21,21
58825,89,83,6,6
58826,76,68,8,8
58827,69,60,9,9
58828,122,112,10,10
58829,115,103,12,12
58830,87,94,-7,7
58831,119,106,13,13
58832,95,79,16,16
58833,82,70,12,12
58834,57,52,5,5
58835,100,97,3,3
58836,86,72,14,14
58837,101,82,19,19
58838,65,48,17,17
58839,106,95,11,11
58840,75,63,12,12
58841,142,121,21,21
58842,81,67,14,14
58843,77,75,2,2
58844,59,47,12,12
58845,130,103,27,27
58846,100,83,17,17
58847,92,87,5,5
58848,55,53,2,2
58849,101,114,-13,13
58850,66,58,8,8
58851,108,88,20,20
58852,83,75,8,8
58853,69,57,12,12
58854,140,119,21,21
58855,87,73,14,14
58856,96,89,7,7
58857,167,134,33,33
58858,72,62,10,10
58859,88,84,4,4
58860,124,104,20,20
58861,91,86,5,5
58862,51,45,6,6
58863,87,65,22,22
58864,92,85,7,7
58865,58,52,6,6
58866,45,38,7,7
58867,95,81,14,14
58868,134,112,22,22
58869,91,82,9,9
58870,121,105,16,16
58871,51,40,11,11
58872,58,51,7,7
58873,48,45,3,3
58874,75,69,6,6
58875,46,45,1,1
58876,56,51,5,5
58877,87,75,12,12
58878,47,55,-8,8
58879,88,83,5,5
58880,112,95,17,17
58881,56,54,2,2
58882,104,96,8,8
58883,61,51,10,10
58884,96,85,11,11
58885,113,96,17,17
58886,66,54,12,12
58887,153,143,10,10
58888,115,113,2,2
58889,100,89,11,11
58890,73,60,13,13
58891,89,65,24,24
58892,101,98,3,3
58893,82,81,1,1
58894,89,92,-3,3
58895,94,89,5,5
58896,93,78,15,15
58897,113,99,14,14
58898,129,114,15,15
58899,68,57,11,11
58900,68,54,14,14
58901,94,81,13,13
58902,157,137,20,20
58903,99,87,12,12
58904,54,56,-2,2
58905,123,103,20,20
58906,94,74,20,20
58907,183,168,15,15
58908,74,60,14,14
58909,59,50,9,9
58910,173,146,27,27
58911,122,105,17,17
58912,75,65,10,10
58913,77,74,3,3
58914,63,56,7,7
58915,90,88,2,2
58916,56,55,1,1
58917,82,74,8,8
58918,86,92,-6,6
58919,149,134,15,15
58920,108,90,18,18
58921,73,67,6,6
58922,67,61,6,6
58923,93,83,10,10
58924,55,48,7,7
58925,108,104,4,4
58926,118,100,18,18
58927,30,31,-1,1
58928,70,46,24,24
58929,94,86,8,8
58930,84,69,15,15
58931,77,64,13,13
58932,64,54,10,10
58933,103,93,10,10
58934,93,104,-11,11
58935,91,74,17,17
58936,65,61,4,4
58937,108,92,16,16
58938,117,95,22,22
58939,45,42,3,3
58940,113,107,6,6
58941,70,61,9,9
58942,75,83,-8,8
58943,79,70,9,9
58944,59,49,10,10
58945,59,53,6,6
58946,42,48,-6,6
58947,96,73,23,23
58948,109,93,16,16
58949,95,92,3,3
58950,126,115,11,11
58951,89,83,6,6
58952,99,91,8,8
58953,145,129,16,16
58954,108,91,17,17
58955,84,74,10,10
58956,82,79,3,3
58957,171,151,20,20
58958,103,88,15,15
58959,118,99,19,19
58960,180,150,30,30
58961,61,55,6,6
58962,163,136,27,27
58963,135,136,-1,1
58964,152,128,24,24
58965,109,83,26,26
58966,61,60,1,1
58967,108,96,12,12
58968,181,174,7,7
58969,104,101,3,3
58970,105,88,17,17
58971,68,63,5,5
58972,116,131,-15,15
58973,144,122,22,22
58974,85,71,14,14
58975,141,135,6,6
58976,152,143,9,9
58977,114,107,7,7
58978,143,121,22,22
58979,155,142,13,13
58980,191,162,29,29
58981,102,85,17,17
58982,77,67,10,10
58983,97,90,7,7
58984,85,86,-1,1
58985,82,65,17,17
58986,83,68,15,15
58987,64,54,10,10
58988,135,122,13,13
58989,86,68,18,18
58990,59,49,10,10
58991,71,54,17,17
58992,65,45,20,20
58993,134,119,15,15
58994,85,78,7,7
58995,159,140,19,19
58996,145,135,10,10
58997,66,63,3,3
58998,71,66,5,5
58999,154,123,31,31
59000,159,150,9,9
59001,50,46,4,4
59002,95,92,3,3
59003,81,71,10,10
59004,128,104,24,24
59005,79,71,8,8
59006,93,87,6,6
59007,156,145,11,11
59008,107,95,12,12
59009,48,44,4,4
59010,49,44,5,5
59011,52,98,-46,46
59012,43,45,-2,2
59013,166,146,20,20
59014,59,53,6,6
59015,97,80,17,17
59016,143,139,4,4
59017,107,104,3,3
59018,122,107,15,15
59019,77,63,14,14
59020,77,71,6,6
59021,52,45,7,7
59022,70,60,10,10
59023,93,81,12,12
59024,93,96,-3,3
59025,110,106,4,4
59026,53,49,4,4
59027,67,58,9,9
59028,185,163,22,22
59029,90,68,22,22
59030,107,94,13,13
59031,148,147,1,1
59032,119,110,9,9
59033,95,94,1,1
59034,112,86,26,26
59035,171,166,5,5
59036,110,78,32,32
59037,76,70,6,6
59038,99,86,13,13
59039,94,92,2,2
59040,107,102,5,5
59041,73,66,7,7
59042,133,104,29,29
59043,70,71,-1,1
59044,80,59,21,21
59045,149,130,19,19
59046,78,48,30,30
59047,95,85,10,10
59048,79,78,1,1
59049,42,44,-2,2
59050,73,63,10,10
59051,346,247,99,99
59052,70,32,38,38
59053,75,69,6,6
59054,144,134,10,10
59055,63,55,8,8
59056,80,70,10,10
59057,124,104,20,20
59058,69,58,11,11
59059,99,86,13,13
59060,140,103,37,37
59061,117,103,14,14
59062,58,50,8,8
59063,84,77,7,7
59064,47,42,5,5
59065,86,73,13,13
59066,52,49,3,3
59067,77,71,6,6
59068,69,63,6,6
59069,107,90,17,17
59070,118,92,26,26
59071,81,83,-2,2
59072,109,91,18,18
59073,97,94,3,3
59074,85,74,11,11
59075,81,65,16,16
59076,65,52,13,13
59077,101,104,-3,3
59078,90,89,1,1
59079,68,70,-2,2
59080,59,46,13,13
59081,97,89,8,8
59082,104,90,14,14
59083,52,44,8,8
59084,58,53,5,5
59085,64,63,1,1
59086,92,81,11,11
59087,179,151,28,28
59088,112,92,20,20
59089,100,99,1,1
59090,60,52,8,8
59091,102,91,11,11
59092,111,95,16,16
59093,100,83,17,17
59094,80,69,11,11
59095,89,76,13,13
59096,124,120,4,4
59097,70,63,7,7
59098,85,83,2,2
59099,79,75,4,4
59100,74,68,6,6
59101,66,52,14,14
59102,75,71,4,4
59103,83,75,8,8
59104,65,61,4,4
59105,119,111,8,8
59106,102,89,13,13
59107,81,75,6,6
59108,77,70,7,7
59109,81,71,10,10
59110,94,88,6,6
59111,103,95,8,8
59112,104,89,15,15
59113,118,95,23,23
59114,90,77,13,13
59115,71,65,6,6
59116,114,97,17,17
59117,120,87,33,33
59118,85,72,13,13
59119,79,74,5,5
59120,49,43,6,6
59121,74,63,11,11
59122,99,87,12,12
59123,106,105,1,1
59124,89,82,7,7
59125,21,23,-2,2
59126,114,105,9,9
59127,90,87,3,3
59128,129,113,16,16
59129,64,54,10,10
59130,44,40,4,4
59131,150,122,28,28
59132,136,120,16,16
59133,119,111,8,8
59134,68,69,-1,1
59135,87,86,1,1
59136,66,66,0,0
59137,103,92,11,11
59138,117,107,10,10
59139,111,86,25,25
59140,112,82,30,30
59141,101,85,16,16
59142,143,131,12,12
59143,81,73,8,8
59144,180,144,36,36
59145,61,55,6,6
59146,131,116,15,15
59147,70,66,4,4
59148,107,96,11,11
59149,135,112,23,23
59150,92,77,15,15
59151,81,70,11,11
59152,108,95,13,13
59153,90,75,15,15
59154,86,68,18,18
59155,127,106,21,21
59156,47,44,3,3
59157,130,118,12,12
59158,84,82,2,2
59159,79,71,8,8
59160,91,79,12,12
59161,120,96,24,24
59162,80,68,12,12
59163,59,56,3,3
59164,81,83,-2,2
59165,143,136,7,7
59166,117,91,26,26
59167,143,127,16,16
59168,154,113,41,41
59169,57,55,2,2
59170,69,59,10,10
59171,44,40,4,4
59172,84,83,1,1
59173,96,81,15,15
59174,80,67,13,13
59175,61,67,-6,6
59176,64,69,-5,5
59177,67,60,7,7
59178,108,93,15,15
59179,87,78,9,9
59180,87,71,16,16
59181,112,89,23,23
59182,147,129,18,18
59183,143,127,16,16
59184,124,112,12,12
59185,160,140,20,20
59186,109,98,11,11
59187,71,59,12,12
59188,138,122,16,16
59189,76,66,10,10
59190,96,81,15,15
59191,94,80,14,14
59192,44,42,2,2
59193,83,78,5,5
59194,49,47,2,2
59195,75,75,0,0
59196,104,99,5,5
59197,75,65,10,10
59198,93,81,12,12
59199,96,93,3,3
59200,81,80,1,1
59201,80,68,12,12
59202,97,72,25,25
59203,65,62,3,3
59204,46,43,3,3
59205,79,74,5,5
59206,88,81,7,7
59207,62,63,-1,1
59208,84,69,15,15
59209,70,66,4,4
59210,129,123,6,6
59211,104,64,40,40
59212,116,108,8,8
59213,126,104,22,22
59214,95,89,6,6
59215,66,59,7,7
59216,81,69,12,12
59217,133,103,30,30
59218,95,86,9,9
59219,151,128,23,23
59220,88,79,9,9
59221,110,100,10,10
59222,69,53,16,16
59223,106,86,20,20
59224,64,63,1,1
59225,126,104,22,22
59226,41,41,0,0
59227,97,86,11,11
59228,46,59,-13,13
59229,52,57,-5,5
59230,66,50,16,16
59231,81,71,10,10
59232,81,74,7,7
59233,85,73,12,12
59234,35,32,3,3
59235,118,101,17,17
59236,94,84,10,10
59237,92,73,19,19
59238,55,53,2,2
59239,99,85,14,14
59240,68,61,7,7
59241,56,53,3,3
59242,97,93,4,4
59243,110,104,6,6
59244,152,130,22,22
59245,40,39,1,1
59246,52,53,-1,1
59247,169,161,8,8
59248,160,137,23,23
59249,78,67,11,11
59250,77,78,-1,1
59251,40,38,2,2
59252,93,107,-14,14
59253,115,97,18,18
59254,108,101,7,7
59255,69,64,5,5
59256,126,141,-15,15
59257,133,132,1,1
59258,116,100,16,16
59259,76,81,-5,5
59260,42,40,2,2
59261,74,73,1,1
59262,145,124,21,21
59263,72,59,13,13
59264,103,98,5,5
59265,67,60,7,7
59266,139,110,29,29
59267,93,80,13,13
59268,112,96,16,16
59269,176,157,19,19
59270,70,61,9,9
59271,158,113,45,45
59272,71,63,8,8
59273,47,34,13,13
59274,93,77,16,16
59275,57,61,-4,4
59276,75,63,12,12
59277,62,65,-3,3
59278,104,110,-6,6
59279,143,131,12,12
59280,83,69,14,14
59281,75,62,13,13
59282,92,82,10,10
59283,60,61,-1,1
59284,117,103,14,14
59285,64,57,7,7
59286,61,54,7,7
59287,87,69,18,18
59288,175,167,8,8
59289,58,54,4,4
59290,77,60,17,17
59291,96,71,25,25
59292,120,112,8,8
59293,176,156,20,20
59294,132,116,16,16
59295,67,61,6,6
59296,73,68,5,5
59297,120,129,-9,9
59298,71,65,6,6
59299,63,51,12,12
59300,74,60,14,14
59301,35,47,-12,12
59302,129,104,25,25
59303,132,126,6,6
59304,75,70,5,5
59305,122,106,16,16
59306,89,77,12,12
59307,90,73,17,17
59308,71,67,4,4
59309,92,72,20,20
59310,184,153,31,31
59311,59,78,-19,19
59312,90,82,8,8
59313,100,96,4,4
59314,83,77,6,6
59315,83,79,4,4
59316,78,72,6,6
59317,106,95,11,11
59318,107,104,3,3
59319,45,42,3,3
59320,82,76,6,6
59321,85,84,1,1
59322,109,80,29,29
59323,70,66,4,4
59324,70,65,5,5
59325,109,103,6,6
59326,62,50,12,12
59327,63,61,2,2
59328,67,65,2,2
59329,38,35,3,3
59330,45,36,9,9
59331,111,90,21,21
59332,99,97,2,2
59333,52,51,1,1
59334,93,82,11,11
59335,103,106,-3,3
59336,86,76,10,10
59337,69,60,9,9
59338,52,72,-20,20
59339,215,162,53,53
59340,90,79,11,11
59341,54,49,5,5
59342,110,96,14,14
59343,97,78,19,19
59344,150,100,50,50
59345,142,120,22,22
59346,57,62,-5,5
59347,116,99,17,17
59348,177,150,27,27
59349,109,97,12,12
59350,78,70,8,8
59351,79,72,7,7
59352,51,48,3,3
59353,80,71,9,9
59354,99,97,2,2
59355,49,43,6,6
59356,153,141,12,12
59357,174,156,18,18
59358,100,89,11,11
59359,147,123,24,24
59360,75,81,-6,6
59361,138,115,23,23
59362,78,67,11,11
59363,77,71,6,6
59364,93,73,20,20
59365,148,125,23,23
59366,176,142,34,34
59367,74,63,11,11
59368,178,165,13,13
59369,107,104,3,3
59370,103,86,17,17
59371,125,110,15,15
59372,119,101,18,18
59373,98,88,10,10
59374,69,55,14,14
59375,72,60,12,12
59376,81,83,-2,2
59377,54,53,1,1
59378,110,102,8,8
59379,84,77,7,7
59380,148,137,11,11
59381,61,49,12,12
59382,94,94,0,0
59383,79,84,-5,5
59384,77,66,11,11
59385,83,73,10,10
59386,102,81,21,21
59387,99,88,11,11
59388,104,89,15,15
59389,128,125,3,3
59390,73,67,6,6
59391,85,74,11,11
59392,123,123,0,0
59393,87,83,4,4
59394,135,104,31,31
59395,71,59,12,12
59396,81,86,-5,5
59397,64,54,10,10
59398,71,62,9,9
59399,105,93,12,12
59400,59,48,11,11
59401,140,118,22,22
59402,161,139,22,22
59403,100,80,20,20
59404,89,80,9,9
59405,64,59,5,5
59406,154,139,15,15
59407,167,121,46,46
59408,178,148,30,30
59409,88,70,18,18
59410,79,92,-13,13
59411,72,70,2,2
59412,85,74,11,11
59413,92,80,12,12
59414,71,74,-3,3
59415,60,55,5,5
59416,66,53,13,13
59417,95,76,19,19
59418,82,71,11,11
59419,82,80,2,2
59420,91,73,18,18
59421,121,102,19,19
59422,78,71,7,7
59423,148,130,18,18
59424,95,84,11,11
59425,138,127,11,11
59426,61,57,4,4
59427,66,62,4,4
59428,83,73,10,10
59429,61,60,1,1
59430,60,51,9,9
59431,56,51,5,5
59432,127,113,14,14
59433,62,50,12,12
59434,133,121,12,12
59435,79,63,16,16
59436,123,95,28,28
59437,53,48,5,5
59438,79,70,9,9
59439,126,104,22,22
59440,117,124,-7,7
59441,136,122,14,14
59442,81,96,-15,15
59443,105,114,-9,9
59444,118,112,6,6
59445,66,56,10,10
59446,59,47,12,12
59447,129,120,9,9
59448,93,90,3,3
59449,87,79,8,8
59450,45,42,3,3
59451,64,54,10,10
59452,121,111,10,10
59453,168,137,31,31
59454,81,66,15,15
59455,99,85,14,14
59456,117,95,22,22
59457,95,74,21,21
59458,66,62,4,4
59459,122,105,17,17
59460,112,110,2,2
59461,71,72,-1,1
59462,172,160,12,12
59463,108,90,18,18
59464,85,74,11,11
59465,130,113,17,17
59466,64,57,7,7
59467,74,74,0,0
59468,63,58,5,5
59469,145,127,18,18
59470,95,86,9,9
59471,138,126,12,12
59472,105,92,13,13
59473,51,50,1,1
59474,109,108,1,1
59475,91,99,-8,8
59476,70,60,10,10
59477,129,117,12,12
59478,106,81,25,25
59479,82,66,16,16
59480,54,47,7,7
59481,151,148,3,3
59482,120,102,18,18
59483,151,138,13,13
59484,96,94,2,2
59485,62,60,2,2
59486,165,142,23,23
59487,138,118,20,20
59488,128,120,8,8
59489,80,62,18,18
59490,94,85,9,9
59491,86,81,5,5
59492,130,115,15,15
59493,154,128,26,26
59494,81,70,11,11
59495,152,129,23,23
59496,52,61,-9,9
59497,65,58,7,7
59498,109,86,23,23
59499,72,63,9,9
59500,103,87,16,16
59501,112,90,22,22
59502,65,66,-1,1
59503,77,74,3,3
59504,189,178,11,11
59505,178,154,24,24
59506,48,43,5,5
59507,145,133,12,12
59508,47,55,-8,8
59509,146,126,20,20
59510,118,109,9,9
59511,78,71,7,7
59512,93,85,8,8
59513,72,64,8,8
59514,86,82,4,4
59515,118,97,21,21
59516,87,79,8,8
59517,42,39,3,3
59518,87,86,1,1
59519,87,81,6,6
59520,159,145,14,14
59521,96,86,10,10
59522,50,48,2,2
59523,76,85,-9,9
59524,111,108,3,3
59525,140,122,18,18
59526,133,109,24,24
59527,89,87,2,2
59528,94,85,9,9
59529,60,47,13,13
59530,67,60,7,7
59531,166,136,30,30
59532,74,69,5,5
59533,88,78,10,10
59534,113,97,16,16
59535,114,99,15,15
59536,98,80,18,18
59537,52,53,-1,1
59538,109,96,13,13
59539,51,46,5,5
59540,92,78,14,14
59541,79,75,4,4
59542,65,62,3,3
59543,80,73,7,7
59544,130,108,22,22
59545,90,85,5,5
59546,108,85,23,23
59547,84,81,3,3
59548,160,149,11,11
59549,53,49,4,4
59550,62,61,1,1
59551,65,70,-5,5
59552,65,60,5,5
59553,61,47,14,14
59554,35,33,2,2
59555,113,100,13,13
59556,69,64,5,5
59557,56,46,10,10
59558,103,105,-2,2
59559,76,65,11,11
59560,106,104,2,2
59561,157,137,20,20
59562,150,132,18,18
59563,79,69,10,10
59564,94,82,12,12
59565,59,58,1,1
59566,135,144,-9,9
59567,91,85,6,6
59568,129,112,17,17
59569,80,73,7,7
59570,58,47,11,11
59571,96,74,22,22
59572,160,150,10,10
59573,80,70,10,10
59574,55,50,5,5
59575,101,88,13,13
59576,85,70,15,15
59577,68,63,5,5
59578,95,99,-4,4
59579,110,97,13,13
59580,75,64,11,11
59581,73,69,4,4
59582,90,80,10,10
59583,78,74,4,4
59584,148,125,23,23
59585,94,84,10,10
59586,64,58,6,6
59587,186,159,27,27
59588,40,41,-1,1
59589,74,66,8,8
59590,140,119,21,21
59591,103,89,14,14
59592,179,135,44,44
59593,209,160,49,49
59594,114,107,7,7
59595,44,49,-5,5
59596,84,70,14,14
59597,55,48,7,7
59598,150,129,21,21
59599,64,55,9,9
59600,61,59,2,2
59601,89,78,11,11
59602,129,106,23,23
59603,61,53,8,8
59604,125,97,28,28
59605,129,111,18,18
59606,94,84,10,10
59607,86,69,17,17
59608,124,116,8,8
59609,45,40,5,5
59610,131,108,23,23
59611,89,78,11,11
59612,140,134,6,6
59613,85,80,5,5
59614,178,151,27,27
59615,120,105,15,15
59616,135,113,22,22
59617,72,59,13,13
59618,45,41,4,4
59619,63,53,10,10
59620,62,63,-1,1
59621,87,78,9,9
59622,165,159,6,6
59623,107,118,-11,11
59624,69,71,-2,2
59625,94,84,10,10
59626,58,51,7,7
59627,105,93,12,12
59628,115,106,9,9
59629,92,78,14,14
59630,80,70,10,10
59631,154,141,13,13
59632,61,46,15,15
59633,115,105,10,10
59634,52,45,7,7
59635,69,60,9,9
59636,58,57,1,1
59637,92,88,4,4
59638,56,52,4,4
59639,94,101,-7,7
59640,70,68,2,2
59641,126,93,33,33
59642,77,72,5,5
59643,77,64,13,13
59644,160,146,14,14
59645,69,59,10,10
59646,73,65,8,8
59647,72,66,6,6
59648,72,61,11,11
59649,124,104,20,20
59650,78,65,13,13
59651,81,71,10,10
59652,156,139,17,17
59653,67,52,15,15
59654,118,106,12,12
59655,79,64,15,15
59656,81,68,13,13
59657,87,72,15,15
59658,57,64,-7,7
59659,70,164,-94,94
59660,147,98,49,49
59661,141,119,22,22
59662,42,42,0,0
59663,89,84,5,5
59664,94,86,8,8
59665,103,93,10,10
59666,100,93,7,7
59667,56,50,6,6
59668,85,78,7,7
59669,77,67,10,10
59670,89,77,12,12
59671,125,127,-2,2
59672,41,39,2,2
59673,135,109,26,26
59674,70,71,-1,1
59675,51,42,9,9
59676,86,84,2,2
59677,100,89,11,11
59678,103,100,3,3
59679,62,56,6,6
59680,153,122,31,31
59681,173,160,13,13
59682,137,137,0,0
59683,107,84,23,23
59684,161,133,28,28
59685,139,126,13,13
59686,62,48,14,14
59687,71,58,13,13
59688,104,112,-8,8
59689,115,99,16,16
59690,144,127,17,17
59691,76,70,6,6
59692,168,152,16,16
59693,76,62,14,14
59694,78,75,3,3
59695,94,109,-15,15
59696,92,74,18,18
59697,96,80,16,16
59698,131,110,21,21
59699,93,86,7,7
59700,93,74,19,19
59701,60,57,3,3
59702,78,62,16,16
59703,72,71,1,1
59704,141,93,48,48
59705,116,98,18,18
59706,83,80,3,3
59707,78,76,2,2
59708,79,68,11,11
59709,113,103,10,10
59710,46,42,4,4
59711,93,90,3,3
59712,99,79,20,20
59713,103,101,2,2
59714,98,81,17,17
59715,113,96,17,17
59716,121,125,-4,4
59717,58,54,4,4
59718,92,82,10,10
59719,89,86,3,3
59720,99,90,9,9
59721,89,81,8,8
59722,79,74,5,5
59723,138,120,18,18
59724,79,71,8,8
59725,73,70,3,3
59726,88,74,14,14
59727,73,74,-1,1
59728,95,89,6,6
59729,104,96,8,8
59730,77,63,14,14
59731,54,51,3,3
59732,128,114,14,14
59733,88,83,5,5
59734,89,74,15,15
59735,100,93,7,7
59736,132,123,9,9
59737,73,74,-1,1
59738,69,64,5,5
59739,88,71,17,17
59740,127,114,13,13
59741,135,125,10,10
59742,71,58,13,13
59743,133,117,16,16
59744,98,89,9,9
59745,96,73,23,23
59746,121,103,18,18
59747,110,90,20,20
59748,63,60,3,3
59749,149,129,20,20
59750,75,82,-7,7
59751,61,64,-3,3
59752,203,161,42,42
59753,106,97,9,9
59754,90,77,13,13
59755,111,85,26,26
59756,98,78,20,20
59757,70,78,-8,8
59758,77,64,13,13
59759,65,63,2,2
59760,110,101,9,9
59761,82,86,-4,4
59762,135,121,14,14
59763,133,120,13,13
59764,93,79,14,14
59765,96,92,4,4
59766,83,77,6,6
59767,83,76,7,7
59768,114,93,21,21
59769,169,161,8,8
59770,83,61,22,22
59771,87,78,9,9
59772,80,81,-1,1
59773,64,61,3,3
59774,185,163,22,22
59775,110,89,21,21
59776,109,91,18,18
59777,52,48,4,4
59778,103,90,13,13
59779,34,36,-2,2
59780,69,107,-38,38
59781,154,132,22,22
59782,149,131,18,18
59783,81,69,12,12
59784,81,73,8,8
59785,68,62,6,6
59786,93,76,17,17
59787,57,46,11,11
59788,129,119,10,10
59789,98,85,13,13
59790,117,117,0,0
59791,76,75,1,1
59792,36,23,13,13
59793,130,113,17,17
59794,81,72,9,9
59795,72,74,-2,2
59796,76,71,5,5
59797,63,59,4,4
59798,97,87,10,10
59799,61,52,9,9
59800,85,76,9,9
59801,110,119,-9,9
59802,85,70,15,15
59803,77,80,-3,3
59804,127,108,19,19
59805,49,44,5,5
59806,85,75,10,10
59807,83,85,-2,2
59808,132,127,5,5
59809,136,123,13,13
59810,73,62,11,11
59811,71,67,4,4
59812,79,68,11,11
59813,88,85,3,3
59814,70,115,-45,45
59815,75,62,13,13
59816,46,39,7,7
59817,101,84,17,17
59818,128,128,0,0
59819,92,75,17,17
59820,149,115,34,34
59821,122,77,45,45
59822,79,88,-9,9
59823,48,53,-5,5
59824,101,94,7,7
59825,94,80,14,14
59826,125,114,11,11
59827,91,91,0,0
59828,78,67,11,11
59829,121,106,15,15
59830,166,134,32,32
59831,96,84,12,12
59832,124,127,-3,3
59833,159,136,23,23
59834,66,62,4,4
59835,82,67,15,15
59836,75,69,6,6
59837,59,49,10,10
59838,85,77,8,8
59839,99,79,20,20
59840,148,127,21,21
59841,109,88,21,21
59842,81,72,9,9
59843,99,79,20,20
59844,47,43,4,4
59845,78,71,7,7
59846,85,76,9,9
59847,76,76,0,0
59848,54,43,11,11
59849,106,99,7,7
59850,83,71,12,12
59851,66,59,7,7
59852,47,52,-5,5
59853,60,61,-1,1
59854,109,100,9,9
59855,122,111,11,11
59856,92,79,13,13
59857,102,82,20,20
59858,130,125,5,5
59859,104,89,15,15
59860,106,83,23,23
59861,74,67,7,7
59862,149,140,9,9
59863,46,52,-6,6
59864,55,48,7,7
59865,81,71,10,10
59866,86,80,6,6
59867,159,140,19,19
59868,49,46,3,3
59869,76,73,3,3
59870,109,96,13,13
59871,88,67,21,21
59872,66,61,5,5
59873,95,84,11,11
59874,123,106,17,17
59875,49,46,3,3
59876,60,49,11,11
59877,140,126,14,14
59878,72,59,13,13
59879,103,98,5,5
59880,88,88,0,0
59881,94,84,10,10
59882,97,84,13,13
59883,112,100,12,12
59884,37,44,-7,7
59885,70,65,5,5
59886,217,189,28,28
59887,159,129,30,30
59888,86,76,10,10
59889,116,105,11,11
59890,76,63,13,13
59891,159,132,27,27
59892,102,88,14,14
59893,72,67,5,5
59894,102,94,8,8
59895,94,77,17,17
59896,56,48,8,8
59897,136,130,6,6
59898,78,67,11,11
59899,75,71,4,4
59900,138,122,16,16
59901,79,66,13,13
59902,89,84,5,5
59903,63,62,1,1
59904,59,48,11,11
59905,127,117,10,10
59906,100,80,20,20
59907,60,54,6,6
59908,100,90,10,10
59909,108,88,20,20
59910,152,131,21,21
59911,118,107,11,11
59912,81,75,6,6
59913,49,42,7,7
59914,90,80,10,10
59915,97,85,12,12
59916,90,79,11,11
59917,138,120,18,18
59918,116,119,-3,3
59919,86,77,9,9
59920,106,85,21,21
59921,155,131,24,24
59922,100,86,14,14
59923,66,63,3,3
59924,84,74,10,10
59925,103,93,10,10
59926,56,57,-1,1
59927,100,85,15,15
59928,93,81,12,12
59929,135,128,7,7
59930,32,30,2,2
59931,93,96,-3,3
59932,107,114,-7,7
59933,62,59,3,3
59934,59,54,5,5
59935,91,83,8,8
59936,75,72,3,3
59937,73,66,7,7
59938,96,88,8,8
59939,115,104,11,11
59940,63,62,1,1
59941,85,80,5,5
59942,72,74,-2,2
59943,158,155,3,3
59944,91,70,21,21
59945,69,68,1,1
59946,89,104,-15,15
59947,74,70,4,4
59948,104,247,-143,143
59949,49,49,0,0
59950,99,85,14,14
59951,127,112,15,15
59952,73,70,3,3
59953,49,51,-2,2
59954,87,79,8,8
59955,157,133,24,24
59956,80,79,1,1
59957,144,112,32,32
59958,83,86,-3,3
59959,131,120,11,11
59960,95,91,4,4
59961,141,125,16,16
59962,89,92,-3,3
59963,59,47,12,12
59964,86,74,12,12
59965,118,106,12,12
59966,78,75,3,3
59967,148,129,19,19
59968,59,46,13,13
59969,104,97,7,7
59970,85,75,10,10
59971,103,94,9,9
59972,236,190,46,46
59973,66,68,-2,2
59974,50,60,-10,10
59975,77,65,12,12
59976,114,89,25,25
59977,85,75,10,10
59978,88,77,11,11
59979,74,65,9,9
59980,71,66,5,5
59981,155,135,20,20
59982,62,62,0,0
59983,100,83,17,17
59984,82,81,1,1
59985,113,97,16,16
59986,104,88,16,16
59987,104,91,13,13
59988,105,112,-7,7
59989,153,129,24,24
59990,76,64,12,12
59991,85,66,19,19
59992,119,117,2,2
59993,106,87,19,19
59994,73,70,3,3
59995,137,113,24,24
59996,79,67,12,12
59997,186,170,16,16
59998,63,61,2,2
59999,93,79,14,14
60000,126,127,-1,1
60001,70,62,8,8
60002,128,107,21,21
60003,61,55,6,6
60004,83,67,16,16
60005,108,92,16,16
60006,87,86,1,1
60007,97,89,8,8
60008,62,57,5,5
60009,129,119,10,10
60010,124,104,20,20
60011,63,58,5,5
60012,138,116,22,22
60013,53,45,8,8
60014,76,59,17,17
60015,138,133,5,5
60016,123,119,4,4
60017,57,46,11,11
60018,83,72,11,11
60019,96,92,4,4
60020,119,119,0,0
60021,72,60,12,12
60022,78,61,17,17
60023,106,84,22,22
60024,83,67,16,16
60025,71,56,15,15
60026,205,167,38,38
60027,59,57,2,2
60028,57,47,10,10
60029,90,73,17,17
60030,34,43,-9,9
60031,215,160,55,55
60032,85,78,7,7
60033,158,142,16,16
60034,136,117,19,19
60035,55,42,13,13
60036,119,104,15,15
60037,109,129,-20,20
60038,57,52,5,5
60039,92,77,15,15
60040,99,81,18,18
60041,95,82,13,13
60042,74,58,16,16
60043,84,74,10,10
60044,107,95,12,12
60045,78,66,12,12
60046,64,60,4,4
60047,66,64,2,2
60048,88,76,12,12
60049,135,106,29,29
60050,139,116,23,23
60051,126,136,-10,10
60052,82,73,9,9
60053,70,56,14,14
60054,81,81,0,0
60055,60,56,4,4
60056,56,49,7,7
60057,131,111,20,20
60058,59,57,2,2
60059,83,66,17,17
60060,145,127,18,18
60061,86,78,8,8
60062,102,93,9,9
60063,77,70,7,7
60064,136,114,22,22
60065,68,54,14,14
60066,81,68,13,13
60067,82,69,13,13
60068,85,74,11,11
60069,121,109,12,12
60070,69,59,10,10
60071,56,55,1,1
60072,170,147,23,23
60073,123,114,9,9
60074,71,59,12,12
60075,77,70,7,7
60076,140,121,19,19
60077,141,124,17,17
60078,98,87,11,11
60079,93,79,14,14
60080,69,75,-6,6
60081,104,92,12,12
60082,53,56,-3,3
60083,75,70,5,5
60084,120,106,14,14
60085,86,84,2,2
60086,98,85,13,13
60087,84,74,10,10
60088,88,79,9,9
60089,113,101,12,12
60090,74,67,7,7
60091,91,80,11,11
60092,149,123,26,26
60093,82,71,11,11
60094,84,75,9,9
60095,195,170,25,25
60096,117,113,4,4
60097,120,113,7,7
60098,180,154,26,26
60099,80,81,-1,1
60100,122,109,13,13
60101,135,121,14,14
60102,159,149,10,10
60103,107,98,9,9
60104,76,72,4,4
60105,85,78,7,7
60106,87,71,16,16
60107,88,72,16,16
60108,41,38,3,3
60109,78,67,11,11
60110,61,54,7,7
60111,87,75,12,12
60112,129,105,24,24
60113,84,72,12,12
60114,142,113,29,29
60115,126,118,8,8
60116,89,78,11,11
60117,74,59,15,15
60118,51,44,7,7
60119,141,116,25,25
60120,83,70,13,13
60121,120,145,-25,25
60122,144,131,13,13
60123,67,66,1,1
60124,82,80,2,2
60125,67,63,4,4
60126,85,77,8,8
60127,62,43,19,19
60128,106,98,8,8
60129,59,55,4,4
60130,73,62,11,11
60131,145,126,19,19
60132,65,56,9,9
60133,72,62,10,10
60134,118,98,20,20
60135,105,105,0,0
60136,71,63,8,8
60137,96,90,6,6
60138,111,93,18,18
60139,73,81,-8,8
60140,88,74,14,14
60141,210,189,21,21
60142,104,87,17,17
60143,76,62,14,14
60144,43,41,2,2
60145,110,92,18,18
60146,93,73,20,20
60147,114,97,17,17
60148,190,174,16,16
60149,87,77,10,10
60150,85,69,16,16
60151,95,85,10,10
60152,97,106,-9,9
60153,58,53,5,5
60154,126,125,1,1
60155,145,120,25,25
60156,61,59,2,2
60157,113,87,26,26
60158,42,35,7,7
60159,108,92,16,16
60160,93,76,17,17
60161,157,141,16,16
60162,75,67,8,8
60163,59,56,3,3
60164,101,79,22,22
60165,83,72,11,11
60166,95,80,15,15
60167,100,89,11,11
60168,69,58,11,11
60169,108,100,8,8
60170,79,65,14,14
60171,105,90,15,15
60172,98,102,-4,4
60173,123,119,4,4
60174,103,92,11,11
60175,158,137,21,21
60176,98,86,12,12
60177,128,114,14,14
60178,54,47,7,7
60179,54,59,-5,5
60180,86,77,9,9
60181,119,107,12,12
60182,67,58,9,9
60183,114,104,10,10
60184,104,90,14,14
60185,81,74,7,7
60186,84,71,13,13
60187,86,74,12,12
60188,93,84,9,9
60189,75,62,13,13
60190,69,63,6,6
60191,96,81,15,15
60192,117,110,7,7
60193,164,138,26,26
60194,121,108,13,13
60195,93,80,13,13
60196,91,77,14,14
60197,144,130,14,14
60198,101,95,6,6
60199,135,104,31,31
60200,102,91,11,11
60201,83,77,6,6
60202,88,73,15,15
60203,101,97,4,4
60204,102,93,9,9
60205,102,100,2,2
60206,105,89,16,16
60207,99,96,3,3
60208,151,130,21,21
60209,67,65,2,2
60210,164,129,35,35
60211,85,78,7,7
60212,89,83,6,6
60213,59,53,6,6
60214,94,77,17,17
60215,123,106,17,17
60216,79,90,-11,11
60217,74,62,12,12
60218,176,154,22,22
60219,59,61,-2,2
60220,100,93,7,7
60221,123,115,8,8
60222,104,95,9,9
60223,145,138,7,7
60224,97,89,8,8
60225,175,154,21,21
60226,63,55,8,8
60227,124,118,6,6
60228,68,52,16,16
60229,139,121,18,18
60230,78,64,14,14
60231,79,57,22,22
60232,48,51,-3,3
60233,141,123,18,18
60234,136,111,25,25
60235,123,121,2,2
60236,85,76,9,9
60237,128,107,21,21
60238,97,82,15,15
60239,63,55,8,8
60240,141,133,8,8
60241,87,76,11,11
60242,93,92,1,1
60243,54,44,10,10
60244,133,108,25,25
60245,50,47,3,3
60246,71,63,8,8
60247,75,69,6,6
60248,165,151,14,14
60249,64,58,6,6
60250,95,75,20,20
60251,65,52,13,13
60252,106,93,13,13
60253,91,71,20,20
60254,70,68,2,2
60255,124,115,9,9
60256,48,46,2,2
60257,74,67,7,7
60258,64,52,12,12
60259,104,90,14,14
60260,82,73,9,9
60261,82,76,6,6
60262,147,138,9,9
60263,123,94,29,29
60264,81,78,3,3
60265,146,138,8,8
60266,88,77,11,11
60267,78,72,6,6
60268,118,111,7,7
60269,160,141,19,19
60270,176,154,22,22
60271,133,106,27,27
60272,122,106,16,16
60273,74,70,4,4
60274,75,71,4,4
60275,116,103,13,13
60276,116,104,12,12
60277,126,109,17,17
60278,53,51,2,2
60279,58,73,-15,15
60280,169,154,15,15
60281,100,101,-1,1
60282,56,55,1,1
60283,63,63,0,0
60284,58,52,6,6
60285,56,58,-2,2
60286,131,128,3,3
60287,74,60,14,14
60288,143,124,19,19
60289,127,119,8,8
60290,98,86,12,12
60291,60,48,12,12
60292,65,64,1,1
60293,76,60,16,16
60294,72,64,8,8
60295,83,70,13,13
60296,41,42,-1,1
60297,91,77,14,14
60298,125,120,5,5
60299,119,115,4,4
60300,92,75,17,17
60301,100,101,-1,1
60302,125,111,14,14
60303,95,83,12,12
60304,108,95,13,13
60305,118,105,13,13
60306,124,124,0,0
60307,31,31,0,0
60308,175,162,13,13
60309,122,112,10,10
60310,117,113,4,4
60311,30,40,-10,10
60312,184,160,24,24
60313,93,80,13,13
60314,98,87,11,11
60315,82,71,11,11
60316,91,73,18,18
60317,67,66,1,1
60318,103,70,33,33
60319,127,121,6,6
60320,64,54,10,10
60321,70,72,-2,2
60322,68,63,5,5
60323,87,88,-1,1
60324,103,89,14,14
60325,91,75,16,16
60326,77,67,10,10
60327,70,57,13,13
60328,90,84,6,6
60329,64,58,6,6
60330,53,49,4,4
60331,87,70,17,17
60332,112,92,20,20
60333,91,80,11,11
60334,132,121,11,11
60335,116,107,9,9
60336,99,92,7,7
60337,80,67,13,13
60338,125,115,10,10
60339,83,70,13,13
60340,123,119,4,4
60341,126,110,16,16
60342,114,107,7,7
60343,139,120,19,19
60344,135,130,5,5
60345,61,53,8,8
60346,70,68,2,2
60347,112,95,17,17
60348,79,67,12,12
60349,58,59,-1,1
60350,131,127,4,4
60351,154,136,18,18
60352,85,77,8,8
60353,116,93,23,23
60354,71,70,1,1
60355,62,66,-4,4
60356,72,68,4,4
60357,137,125,12,12
60358,152,141,11,11
60359,85,73,12,12
60360,63,55,8,8
60361,67,51,16,16
60362,108,105,3,3
60363,120,119,1,1
60364,103,91,12,12
60365,96,93,3,3
60366,108,101,7,7
60367,49,98,-49,49
60368,83,80,3,3
60369,91,77,14,14
60370,112,95,17,17
60371,148,128,20,20
60372,110,108,2,2
60373,90,81,9,9
60374,71,57,14,14
60375,95,96,-1,1
60376,78,64,14,14
60377,102,98,4,4
60378,99,83,16,16
60379,71,64,7,7
60380,103,94,9,9
60381,75,70,5,5
60382,128,116,12,12
60383,37,35,2,2
60384,82,69,13,13
60385,82,81,1,1
60386,105,98,7,7
60387,96,82,14,14
60388,57,46,11,11
60389,135,125,10,10
60390,87,79,8,8
60391,75,72,3,3
60392,75,77,-2,2
60393,127,106,21,21
60394,105,96,9,9
60395,61,51,10,10
60396,66,89,-23,23
60397,140,125,15,15
60398,129,123,6,6
60399,150,122,28,28
60400,109,98,11,11
60401,115,111,4,4
60402,118,104,14,14
60403,58,52,6,6
60404,79,63,16,16
60405,28,29,-1,1
60406,173,141,32,32
60407,89,84,5,5
60408,95,77,18,18
60409,71,70,1,1
60410,87,79,8,8
60411,77,62,15,15
60412,106,96,10,10
60413,88,79,9,9
60414,74,70,4,4
60415,66,74,-8,8
60416,64,72,-8,8
60417,115,110,5,5
60418,59,50,9,9
60419,142,115,27,27
60420,73,60,13,13
60421,138,119,19,19
60422,110,99,11,11
60423,81,79,2,2
60424,143,142,1,1
60425,137,115,22,22
60426,177,153,24,24
60427,100,92,8,8
60428,112,108,4,4
60429,136,123,13,13
60430,48,40,8,8
60431,112,122,-10,10
60432,115,104,11,11
60433,134,119,15,15
60434,97,95,2,2
60435,86,72,14,14
60436,115,98,17,17
60437,80,68,12,12
60438,157,137,20,20
60439,59,51,8,8
60440,118,106,12,12
60441,64,66,-2,2
60442,123,105,18,18
60443,70,66,4,4
60444,60,59,1,1
60445,76,70,6,6
60446,161,145,16,16
60447,129,126,3,3
60448,66,57,9,9
60449,104,85,19,19
60450,86,75,11,11
60451,53,47,6,6
60452,76,66,10,10
60453,202,165,37,37
60454,81,69,12,12
60455,136,126,10,10
60456,80,63,17,17
60457,54,51,3,3
60458,71,59,12,12
60459,37,42,-5,5
60460,92,79,13,13
60461,81,72,9,9
60462,94,108,-14,14
60463,116,100,16,16
60464,89,82,7,7
60465,123,104,19,19
60466,95,82,13,13
60467,114,98,16,16
60468,134,126,8,8
60469,153,137,16,16
60470,82,70,12,12
60471,104,86,18,18
60472,101,94,7,7
60473,73,57,16,16
60474,121,113,8,8
60475,147,123,24,24
60476,70,70,0,0
60477,126,110,16,16
60478,284,227,57,57
60479,124,122,2,2
60480,107,95,12,12
60481,78,67,11,11
60482,116,105,11,11
60483,139,123,16,16
60484,127,109,18,18
60485,61,59,2,2
60486,56,52,4,4
60487,105,90,15,15
60488,68,67,1,1
60489,101,84,17,17
60490,64,54,10,10
60491,70,65,5,5
60492,129,116,13,13
60493,86,75,11,11
60494,71,58,13,13
60495,57,123,-66,66
60496,63,71,-8,8
60497,100,82,18,18
60498,138,132,6,6
60499,143,123,20,20
60500,123,108,15,15
60501,114,106,8,8
60502,69,59,10,10
60503,71,64,7,7
60504,65,48,17,17
60505,94,95,-1,1
60506,73,71,2,2
60507,77,70,7,7
60508,68,62,6,6
60509,126,120,6,6
60510,133,113,20,20
60511,111,112,-1,1
60512,80,73,7,7
60513,74,72,2,2
60514,91,80,11,11
60515,111,108,3,3
60516,100,88,12,12
60517,191,156,35,35
60518,124,100,24,24
60519,55,50,5,5
60520,113,92,21,21
60521,34,30,4,4
60522,108,90,18,18
60523,74,61,13,13
60524,163,132,31,31
60525,135,105,30,30
60526,86,91,-5,5
60527,122,108,14,14
60528,135,119,16,16
60529,68,74,-6,6
60530,75,63,12,12
60531,127,124,3,3
60532,65,62,3,3
60533,83,79,4,4
60534,103,83,20,20
60535,79,68,11,11
60536,77,66,11,11
60537,116,108,8,8
60538,123,105,18,18
60539,70,58,12,12
60540,66,63,3,3
60541,102,98,4,4
60542,108,119,-11,11
60543,64,48,16,16
60544,116,116,0,0
60545,154,146,8,8
60546,78,70,8,8
60547,97,90,7,7
60548,64,64,0,0
60549,109,97,12,12
60550,109,86,23,23
60551,110,106,4,4
60552,124,105,19,19
60553,50,50,0,0
60554,75,62,13,13
60555,112,105,7,7
60556,72,70,2,2
60557,113,101,12,12
60558,70,74,-4,4
60559,112,78,34,34
60560,71,62,9,9
60561,117,106,11,11
60562,88,76,12,12
60563,88,70,18,18
60564,96,79,17,17
60565,114,107,7,7
60566,46,50,-4,4
60567,82,80,2,2
60568,77,66,11,11
60569,68,62,6,6
60570,79,79,0,0
60571,78,73,5,5
60572,48,43,5,5
60573,55,53,2,2
60574,110,103,7,7
60575,106,89,17,17
60576,88,73,15,15
60577,90,86,4,4
60578,84,81,3,3
60579,78,75,3,3
60580,108,107,1,1
60581,52,56,-4,4
60582,162,129,33,33
60583,46,42,4,4
60584,100,96,4,4
60585,95,83,12,12
60586,138,126,12,12
60587,53,48,5,5
60588,100,82,18,18
60589,93,82,11,11
60590,90,97,-7,7
60591,103,95,8,8
60592,92,75,17,17
60593,52,43,9,9
60594,104,91,13,13
60595,49,46,3,3
60596,82,71,11,11
60597,104,87,17,17
60598,167,150,17,17
60599,58,60,-2,2
60600,79,74,5,5
60601,75,58,17,17
60602,70,66,4,4
60603,78,74,4,4
60604,70,66,4,4
60605,130,122,8,8
60606,90,84,6,6
60607,68,62,6,6
60608,97,94,3,3
60609,83,74,9,9
60610,51,48,3,3
60611,70,67,3,3
60612,35,36,-1,1
60613,24,30,-6,6
60614,113,86,27,27
60615,133,114,19,19
60616,90,85,5,5
60617,84,72,12,12
60618,86,75,11,11
60619,63,57,6,6
60620,51,46,5,5
60621,153,133,20,20
60622,113,101,12,12
60623,47,45,2,2
60624,111,95,16,16
60625,67,55,12,12
60626,51,16,35,35
60627,57,58,-1,1
60628,67,53,14,14
60629,149,131,18,18
60630,71,62,9,9
60631,100,98,2,2
60632,94,85,9,9
60633,61,52,9,9
60634,100,80,20,20
60635,147,129,18,18
60636,92,81,11,11
60637,79,75,4,4
60638,95,89,6,6
60639,155,142,13,13
60640,88,72,16,16
60641,149,146,3,3
60642,128,118,10,10
60643,73,52,21,21
60644,124,107,17,17
60645,78,72,6,6
60646,73,65,8,8
60647,104,90,14,14
60648,124,91,33,33
60649,65,61,4,4
60650,98,88,10,10
60651,100,85,15,15
60652,79,64,15,15
60653,216,174,42,42
60654,77,72,5,5
60655,64,67,-3,3
60656,43,41,2,2
60657,124,101,23,23
60658,87,75,12,12
60659,98,85,13,13
60660,91,78,13,13
60661,81,69,12,12
60662,109,107,2,2
60663,61,66,-5,5
60664,86,83,3,3
60665,126,109,17,17
60666,85,72,13,13
60667,94,101,-7,7
60668,68,59,9,9
60669,77,67,10,10
60670,72,66,6,6
60671,107,97,10,10
60672,83,75,8,8
60673,116,106,10,10
60674,59,54,5,5
60675,53,45,8,8
60676,137,125,12,12
60677,128,107,21,21
60678,97,86,11,11
60679,97,88,9,9
60680,75,64,11,11
60681,107,87,20,20
60682,96,82,14,14
60683,139,118,21,21
60684,62,53,9,9
60685,90,78,12,12
60686,104,97,7,7
60687,124,107,17,17
60688,107,104,3,3
60689,124,123,1,1
60690,105,91,14,14
60691,134,127,7,7
60692,122,105,17,17
60693,70,68,2,2
60694,152,140,12,12
60695,95,82,13,13
60696,67,80,-13,13
60697,109,90,19,19
60698,170,195,-25,25
60699,80,73,7,7
60700,88,75,13,13
60701,131,91,40,40
60702,84,67,17,17
60703,97,92,5,5
60704,149,116,33,33
60705,79,75,4,4
60706,93,94,-1,1
60707,81,71,10,10
60708,125,116,9,9
60709,82,73,9,9
60710,79,70,9,9
60711,65,49,16,16
60712,95,88,7,7
60713,111,109,2,2
60714,113,97,16,16
60715,119,110,9,9
60716,68,64,4,4
60717,135,103,32,32
60718,102,82,20,20
60719,96,99,-3,3
60720,107,99,8,8
60721,86,72,14,14
60722,158,122,36,36
60723,141,120,21,21
60724,129,122,7,7
60725,49,40,9,9
60726,149,134,15,15
60727,114,101,13,13
60728,40,33,7,7
60729,55,52,3,3
60730,85,72,13,13
60731,65,53,12,12
60732,97,95,2,2
60733,148,131,17,17
60734,141,120,21,21
60735,69,57,12,12
60736,80,72,8,8
60737,158,131,27,27
60738,75,71,4,4
60739,88,79,9,9
60740,110,92,18,18
60741,82,77,5,5
60742,58,59,-1,1
60743,76,68,8,8
60744,48,45,3,3
60745,106,82,24,24
60746,108,99,9,9
60747,191,157,34,34
60748,100,86,14,14
60749,58,49,9,9
60750,117,106,11,11
60751,233,178,55,55
60752,78,77,1,1
60753,83,66,17,17
60754,66,60,6,6
60755,55,46,9,9
60756,77,73,4,4
60757,102,87,15,15
60758,62,53,9,9
60759,71,62,9,9
60760,139,126,13,13
60761,132,125,7,7
60762,94,90,4,4
60763,107,101,6,6
60764,60,64,-4,4
60765,94,102,-8,8
60766,72,52,20,20
60767,86,78,8,8
60768,75,71,4,4
60769,87,76,11,11
60770,148,121,27,27
60771,120,100,20,20
60772,68,61,7,7
60773,81,66,15,15
60774,222,196,26,26
60775,68,56,12,12
60776,103,102,1,1
60777,133,106,27,27
60778,135,106,29,29
60779,97,84,13,13
60780,56,50,6,6
60781,73,63,10,10
60782,110,103,7,7
60783,116,104,12,12
60784,46,35,11,11
60785,119,103,16,16
60786,42,38,4,4
60787,71,76,-5,5
60788,80,61,19,19
60789,87,79,8,8
60790,73,67,6,6
60791,99,85,14,14
60792,36,35,1,1
60793,70,59,11,11
60794,55,48,7,7
60795,104,91,13,13
60796,135,124,11,11
60797,103,88,15,15
60798,83,79,4,4
60799,87,69,18,18
60800,78,65,13,13
60801,68,66,2,2
60802,70,70,0,0
60803,112,93,19,19
60804,99,91,8,8
60805,103,94,9,9
60806,87,78,9,9
60807,105,91,14,14
60808,94,85,9,9
60809,185,157,28,28
60810,167,149,18,18
60811,67,64,3,3
60812,98,72,26,26
60813,109,101,8,8
60814,139,127,12,12
60815,88,75,13,13
60816,117,99,18,18
60817,101,101,0,0
60818,124,124,0,0
60819,182,144,38,38
60820,198,155,43,43
60821,115,103,12,12
60822,92,86,6,6
60823,77,63,14,14
60824,104,93,11,11
60825,75,63,12,12
60826,93,76,17,17
60827,173,157,16,16
60828,121,115,6,6
60829,141,104,37,37
60830,66,74,-8,8
60831,72,58,14,14
60832,104,102,2,2
60833,103,89,14,14
60834,81,69,12,12
60835,122,91,31,31
60836,131,108,23,23
60837,58,54,4,4
60838,106,95,11,11
60839,119,97,22,22
60840,57,48,9,9
60841,77,66,11,11
60842,67,54,13,13
60843,85,73,12,12
60844,62,58,4,4
60845,140,125,15,15
60846,72,68,4,4
60847,125,113,12,12
60848,166,145,21,21
60849,133,112,21,21
60850,101,75,26,26
60851,156,138,18,18
60852,68,61,7,7
60853,70,63,7,7
60854,127,113,14,14
60855,89,75,14,14
60856,111,90,21,21
60857,154,120,34,34
60858,91,78,13,13
60859,59,55,4,4
60860,105,93,12,12
60861,108,112,-4,4
60862,87,85,2,2
60863,143,125,18,18
60864,88,77,11,11
60865,83,76,7,7
60866,105,89,16,16
60867,96,90,6,6
60868,95,83,12,12
60869,104,98,6,6
60870,97,102,-5,5
60871,111,103,8,8
60872,93,78,15,15
60873,54,43,11,11
60874,90,86,4,4
60875,52,44,8,8
60876,85,78,7,7
60877,114,101,13,13
60878,152,144,8,8
60879,79,59,20,20
60880,118,110,8,8
60881,85,64,21,21
60882,94,76,18,18
60883,49,46,3,3
60884,56,52,4,4
60885,156,130,26,26
60886,55,43,12,12
60887,116,105,11,11
60888,84,78,6,6
60889,105,91,14,14
60890,122,104,18,18
60891,80,77,3,3
60892,89,68,21,21
60893,117,101,16,16
60894,50,44,6,6
60895,65,63,2,2
60896,115,108,7,7
60897,78,67,11,11
60898,112,104,8,8
60899,84,70,14,14
60900,144,137,7,7
60901,95,83,12,12
60902,125,114,11,11
60903,115,118,-3,3
60904,76,66,10,10
60905,119,105,14,14
60906,133,139,-6,6
60907,90,73,17,17
60908,112,97,15,15
60909,76,65,11,11
60910,147,128,19,19
60911,55,53,2,2
60912,131,109,22,22
60913,116,97,19,19
60914,84,73,11,11
60915,72,63,9,9
60916,73,66,7,7
60917,43,41,2,2
60918,73,65,8,8
60919,82,81,1,1
60920,56,54,2,2
60921,99,81,18,18
60922,105,100,5,5
60923,79,79,0,0
60924,138,112,26,26
60925,111,106,5,5
60926,36,34,2,2
60927,138,119,19,19
60928,89,84,5,5
60929,93,74,19,19
60930,132,122,10,10
60931,108,91,17,17
60932,66,59,7,7
60933,71,63,8,8
60934,65,57,8,8
60935,200,177,23,23
60936,72,96,-24,24
60937,232,211,21,21
60938,75,67,8,8
60939,186,151,35,35
60940,125,109,16,16
60941,95,94,1,1
60942,203,143,60,60
60943,176,146,30,30
60944,129,118,11,11
60945,76,70,6,6
60946,143,131,12,12
60947,49,42,7,7
60948,92,80,12,12
60949,92,82,10,10
60950,75,73,2,2
60951,105,85,20,20
60952,155,124,31,31
60953,95,91,4,4
60954,86,85,1,1
60955,132,111,21,21
60956,46,47,-1,1
60957,69,65,4,4
60958,58,62,-4,4
60959,140,120,20,20
60960,70,58,12,12
60961,89,85,4,4
60962,84,63,21,21
60963,124,108,16,16
60964,71,64,7,7
60965,127,115,12,12
60966,69,62,7,7
60967,111,94,17,17
60968,125,118,7,7
60969,85,84,1,1
60970,76,69,7,7
60971,85,80,5,5
60972,55,50,5,5
60973,92,81,11,11
60974,182,154,28,28
60975,89,76,13,13
60976,102,86,16,16
60977,113,103,10,10
60978,131,124,7,7
60979,133,126,7,7
60980,98,83,15,15
60981,154,124,30,30
60982,99,86,13,13
60983,114,101,13,13
60984,110,97,13,13
60985,125,97,28,28
60986,52,58,-6,6
60987,42,37,5,5
60988,80,66,14,14
60989,83,73,10,10
60990,143,124,19,19
60991,56,51,5,5
60992,131,116,15,15
60993,112,118,-6,6
60994,110,98,12,12
60995,104,89,15,15
60996,71,63,8,8
60997,36,30,6,6
60998,57,53,4,4
60999,72,70,2,2
61000,119,93,26,26
61001,194,167,27,27
61002,107,90,17,17
61003,123,113,10,10
61004,87,74,13,13
61005,157,137,20,20
61006,75,68,7,7
61007,94,85,9,9
61008,85,76,9,9
61009,85,75,10,10
61010,44,39,5,5
61011,78,70,8,8
61012,97,74,23,23
61013,34,48,-14,14
61014,38,33,5,5
61015,93,79,14,14
61016,113,99,14,14
61017,130,112,18,18
61018,46,40,6,6
61019,94,90,4,4
61020,144,117,27,27
61021,60,53,7,7
61022,110,103,7,7
61023,78,72,6,6
61024,172,159,13,13
61025,117,121,-4,4
61026,60,64,-4,4
61027,114,91,23,23
61028,136,134,2,2
61029,130,124,6,6
61030,140,123,17,17
61031,58,57,1,1
61032,87,77,10,10
61033,154,130,24,24
61034,84,74,10,10
61035,78,64,14,14
61036,224,251,-27,27
61037,77,68,9,9
61038,114,98,16,16
61039,64,52,12,12
61040,145,127,18,18
61041,62,52,10,10
61042,123,114,9,9
61043,126,115,11,11
61044,59,62,-3,3
61045,59,60,-1,1
61046,65,69,-4,4
61047,81,77,4,4
61048,104,84,20,20
61049,94,85,9,9
61050,131,118,13,13
61051,60,51,9,9
61052,111,91,20,20
61053,159,131,28,28
61054,145,135,10,10
61055,67,55,12,12
61056,114,99,15,15
61057,82,70,12,12
61058,93,83,10,10
61059,53,51,2,2
61060,83,81,2,2
61061,101,93,8,8
61062,112,116,-4,4
61063,71,54,17,17
61064,86,72,14,14
61065,49,90,-41,41
61066,59,51,8,8
61067,125,106,19,19
61068,157,144,13,13
61069,90,83,7,7
61070,160,153,7,7
61071,128,100,28,28
61072,78,72,6,6
61073,153,139,14,14
61074,87,88,-1,1
61075,133,113,20,20
61076,96,90,6,6
61077,88,86,2,2
61078,69,69,0,0
61079,150,147,3,3
61080,134,110,24,24
61081,122,108,14,14
61082,91,81,10,10
61083,156,135,21,21
61084,76,68,8,8
61085,44,39,5,5
61086,117,110,7,7
61087,110,98,12,12
61088,101,78,23,23
61089,81,68,13,13
61090,52,45,7,7
61091,164,149,15,15
61092,40,40,0,0
61093,80,76,4,4
61094,129,110,19,19
61095,131,108,23,23
61096,87,81,6,6
61097,79,68,11,11
61098,110,93,17,17
61099,120,102,18,18
61100,100,109,-9,9
61101,113,102,11,11
61102,97,108,-11,11
61103,75,65,10,10
61104,85,84,1,1
61105,49,44,5,5
61106,103,103,0,0
61107,177,157,20,20
61108,94,87,7,7
61109,130,113,17,17
61110,72,67,5,5
61111,158,142,16,16
61112,47,43,4,4
61113,74,77,-3,3
61114,101,97,4,4
61115,51,52,-1,1
61116,83,72,11,11
61117,142,129,13,13
61118,58,55,3,3
61119,83,77,6,6
61120,45,38,7,7
61121,138,122,16,16
61122,152,130,22,22
61123,101,96,5,5
61124,77,61,16,16
61125,52,69,-17,17
61126,89,73,16,16
61127,149,126,23,23
61128,78,61,17,17
61129,146,131,15,15
61130,122,114,8,8
61131,88,69,19,19
61132,131,123,8,8
61133,67,60,7,7
61134,107,84,23,23
61135,139,134,5,5
61136,164,140,24,24
61137,134,121,13,13
61138,71,64,7,7
61139,87,68,19,19
61140,68,64,4,4
61141,56,94,-38,38
61142,118,108,10,10
61143,101,94,7,7
61144,75,70,5,5
61145,127,130,-3,3
61146,85,79,6,6
61147,57,51,6,6
61148,37,39,-2,2
61149,116,107,9,9
61150,108,91,17,17
61151,137,124,13,13
61152,58,50,8,8
61153,67,79,-12,12
61154,106,96,10,10
61155,132,108,24,24
61156,102,84,18,18
61157,115,108,7,7
61158,85,75,10,10
61159,107,97,10,10
61160,49,45,4,4
61161,139,143,-4,4
61162,126,118,8,8
61163,135,129,6,6
61164,69,55,14,14
61165,88,73,15,15
61166,117,102,15,15
61167,77,64,13,13
61168,51,49,2,2
61169,92,95,-3,3
61170,80,78,2,2
61171,82,75,7,7
61172,157,142,15,15
61173,83,77,6,6
61174,136,116,20,20
61175,147,125,22,22
61176,49,44,5,5
61177,86,75,11,11
61178,125,105,20,20
61179,73,61,12,12
61180,99,101,-2,2
61181,102,96,6,6
61182,101,90,11,11
61183,109,90,19,19
61184,126,113,13,13
61185,142,110,32,32
61186,62,54,8,8
61187,113,103,10,10
61188,149,114,35,35
61189,61,59,2,2
61190,66,63,3,3
61191,122,106,16,16
61192,89,80,9,9
61193,76,70,6,6
61194,74,75,-1,1
61195,61,59,2,2
61196,44,47,-3,3
61197,107,111,-4,4
61198,104,88,16,16
61199,109,97,12,12
61200,140,116,24,24
61201,43,41,2,2
61202,40,38,2,2
61203,223,180,43,43
61204,95,81,14,14
61205,47,44,3,3
61206,71,60,11,11
61207,121,95,26,26
61208,119,109,10,10
61209,135,124,11,11
61210,78,64,14,14
61211,96,77,19,19
61212,71,66,5,5
61213,71,72,-1,1
61214,108,118,-10,10
61215,64,55,9,9
61216,169,170,-1,1
61217,80,71,9,9
61218,78,70,8,8
61219,100,84,16,16
61220,90,78,12,12
61221,108,90,18,18
61222,84,77,7,7
61223,150,131,19,19
61224,91,89,2,2
61225,55,46,9,9
61226,83,77,6,6
61227,119,142,-23,23
61228,86,77,9,9
61229,101,95,6,6
61230,89,71,18,18
61231,80,72,8,8
61232,116,97,19,19
61233,146,139,7,7
61234,64,67,-3,3
61235,175,157,18,18
61236,139,124,15,15
61237,79,61,18,18
61238,120,107,13,13
61239,84,82,2,2
61240,132,125,7,7
61241,71,66,5,5
61242,104,87,17,17
61243,60,55,5,5
61244,171,140,31,31
61245,93,82,11,11
61246,132,118,14,14
61247,55,50,5,5
61248,74,53,21,21
61249,126,105,21,21
61250,75,69,6,6
61251,45,50,-5,5
61252,95,79,16,16
61253,154,131,23,23
61254,143,116,27,27
61255,111,99,12,12
61256,97,93,4,4
61257,203,208,-5,5
61258,42,33,9,9
61259,49,44,5,5
61260,111,100,11,11
61261,76,58,18,18
61262,79,69,10,10
61263,70,72,-2,2
61264,57,48,9,9
61265,60,45,15,15
61266,119,114,5,5
61267,76,71,5,5
61268,72,61,11,11
61269,124,102,22,22
61270,138,106,32,32
61271,118,106,12,12
61272,119,101,18,18
61273,94,74,20,20
61274,113,121,-8,8
61275,69,76,-7,7
61276,106,90,16,16
61277,41,43,-2,2
61278,88,74,14,14
61279,124,124,0,0
61280,51,50,1,1
61281,70,68,2,2
61282,112,100,12,12
61283,100,88,12,12
61284,143,125,18,18
61285,87,85,2,2
61286,61,57,4,4
61287,64,61,3,3
61288,130,116,14,14
61289,81,72,9,9
61290,73,58,15,15
61291,47,39,8,8
61292,99,104,-5,5
61293,95,84,11,11
61294,105,96,9,9
61295,126,117,9,9
61296,108,92,16,16
61297,67,63,4,4
61298,72,70,2,2
61299,65,54,11,11
61300,109,97,12,12
61301,52,47,5,5
61302,122,101,21,21
61303,59,52,7,7
61304,117,118,-1,1
61305,79,65,14,14
61306,46,41,5,5
61307,64,65,-1,1
61308,71,76,-5,5
61309,60,52,8,8
61310,70,60,10,10
61311,114,100,14,14
61312,101,93,8,8
61313,138,128,10,10
61314,98,80,18,18
61315,92,89,3,3
61316,196,168,28,28
61317,109,103,6,6
61318,55,48,7,7
61319,166,153,13,13
61320,68,66,2,2
61321,61,56,5,5
61322,79,70,9,9
61323,86,71,15,15
61324,90,78,12,12
61325,128,112,16,16
61326,102,92,10,10
61327,118,104,14,14
61328,86,74,12,12
61329,105,93,12,12
61330,78,68,10,10
61331,96,85,11,11
61332,38,37,1,1
61333,96,87,9,9
61334,123,110,13,13
61335,85,72,13,13
61336,117,100,17,17
61337,78,92,-14,14
61338,131,123,8,8
61339,82,74,8,8
61340,87,80,7,7
61341,81,72,9,9
61342,59,49,10,10
61343,84,74,10,10
61344,89,85,4,4
61345,65,56,9,9
61346,131,122,9,9
61347,55,50,5,5
61348,66,34,32,32
61349,74,63,11,11
61350,84,62,22,22
61351,110,96,14,14
61352,63,63,0,0
61353,97,75,22,22
61354,55,60,-5,5
61355,94,85,9,9
61356,148,135,13,13
61357,110,89,21,21
61358,161,143,18,18
61359,139,121,18,18
61360,63,64,-1,1
61361,120,107,13,13
61362,79,73,6,6
61363,131,124,7,7
61364,150,122,28,28
61365,80,75,5,5
61366,37,33,4,4
61367,116,107,9,9
61368,82,72,10,10
61369,130,118,12,12
61370,68,67,1,1
61371,86,72,14,14
61372,90,74,16,16
61373,57,48,9,9
61374,149,127,22,22
61375,79,73,6,6
61376,126,115,11,11
61377,120,123,-3,3
61378,197,170,27,27
61379,62,52,10,10
61380,88,77,11,11
61381,144,122,22,22
61382,99,80,19,19
61383,101,109,-8,8
61384,111,92,19,19
61385,61,55,6,6
61386,85,71,14,14
61387,96,82,14,14
61388,125,116,9,9
61389,107,88,19,19
61390,136,113,23,23
61391,148,133,15,15
61392,98,90,8,8
61393,66,55,11,11
61394,95,71,24,24
61395,107,84,23,23
61396,47,48,-1,1
61397,78,69,9,9
61398,81,67,14,14
61399,72,66,6,6
61400,84,87,-3,3
61401,145,138,7,7
61402,77,68,9,9
61403,90,75,15,15
61404,131,109,22,22
61405,91,75,16,16
61406,38,57,-19,19
61407,94,82,12,12
61408,111,100,11,11
61409,145,131,14,14
61410,84,76,8,8
61411,87,70,17,17
61412,115,95,20,20
61413,95,79,16,16
61414,144,123,21,21
61415,90,75,15,15
61416,101,83,18,18
61417,91,80,11,11
61418,190,177,13,13
61419,80,74,6,6
61420,167,144,23,23
61421,83,65,18,18
61422,66,59,7,7
61423,50,45,5,5
61424,111,101,10,10
61425,83,84,-1,1
61426,72,60,12,12
61427,73,60,13,13
61428,79,75,4,4
61429,66,62,4,4
61430,83,72,11,11
61431,262,228,34,34
61432,108,105,3,3
61433,117,104,13,13
61434,98,78,20,20
61435,85,78,7,7
61436,63,54,9,9
61437,190,163,27,27
61438,85,77,8,8
61439,123,102,21,21
61440,144,129,15,15
61441,75,68,7,7
61442,97,87,10,10
61443,85,68,17,17
61444,69,61,8,8
61445,77,71,6,6
61446,61,58,3,3
61447,75,64,11,11
61448,97,106,-9,9
61449,70,61,9,9
61450,85,75,10,10
61451,61,58,3,3
61452,77,65,12,12
61453,58,54,4,4
61454,83,70,13,13
61455,91,87,4,4
61456,53,52,1,1
61457,55,44,11,11
61458,87,78,9,9
61459,80,76,4,4
61460,53,52,1,1
61461,133,115,18,18
61462,90,85,5,5
61463,60,57,3,3
61464,68,61,7,7
61465,66,50,16,16
61466,112,104,8,8
61467,139,130,9,9
61468,50,46,4,4
61469,120,111,9,9
61470,77,70,7,7
61471,81,63,18,18
61472,87,74,13,13
61473,43,44,-1,1
61474,68,56,12,12
61475,58,48,10,10
61476,120,111,9,9
61477,114,93,21,21
61478,173,147,26,26
61479,62,59,3,3
61480,115,96,19,19
61481,213,180,33,33
61482,108,99,9,9
61483,53,58,-5,5
61484,85,68,17,17
61485,119,108,11,11
61486,74,70,4,4
61487,93,80,13,13
61488,72,60,12,12
61489,104,79,25,25
61490,88,81,7,7
61491,56,57,-1,1
61492,139,120,19,19
61493,110,102,8,8
61494,93,72,21,21
61495,54,40,14,14
61496,83,81,2,2
61497,73,61,12,12
61498,202,166,36,36
61499,95,86,9,9
61500,51,53,-2,2
61501,141,113,28,28
61502,130,113,17,17
61503,89,86,3,3
61504,67,57,10,10
61505,92,77,15,15
61506,138,133,5,5
61507,50,42,8,8
61508,85,69,16,16
61509,118,91,27,27
61510,84,73,11,11
61511,95,82,13,13
61512,92,86,6,6
61513,141,139,2,2
61514,94,87,7,7
61515,117,111,6,6
61516,82,60,22,22
61517,73,70,3,3
61518,108,91,17,17
61519,93,95,-2,2
61520,156,146,10,10
61521,84,76,8,8
61522,106,85,21,21
61523,91,85,6,6
61524,88,81,7,7
61525,78,65,13,13
61526,136,123,13,13
61527,59,60,-1,1
61528,94,92,2,2
61529,100,89,11,11
61530,144,124,20,20
61531,89,99,-10,10
61532,67,62,5,5
61533,28,29,-1,1
61534,114,100,14,14
61535,123,122,1,1
61536,85,64,21,21
61537,77,69,8,8
61538,89,96,-7,7
61539,90,79,11,11
61540,80,73,7,7
61541,114,112,2,2
61542,46,39,7,7
61543,123,102,21,21
61544,132,118,14,14
61545,106,109,-3,3
61546,93,86,7,7
61547,100,107,-7,7
61548,82,67,15,15
61549,170,165,5,5
61550,103,107,-4,4
61551,60,56,4,4
61552,101,104,-3,3
61553,101,87,14,14
61554,106,89,17,17
61555,53,57,-4,4
61556,45,38,7,7
61557,102,108,-6,6
61558,74,61,13,13
61559,107,106,1,1
61560,95,88,7,7
61561,96,83,13,13
61562,100,85,15,15
61563,40,45,-5,5
61564,85,69,16,16
61565,59,53,6,6
61566,107,88,19,19
61567,157,140,17,17
61568,72,67,5,5
61569,104,85,19,19
61570,53,52,1,1
61571,131,118,13,13
61572,147,125,22,22
61573,80,71,9,9
61574,135,121,14,14
61575,119,99,20,20
61576,128,111,17,17
61577,126,108,18,18
61578,91,75,16,16
61579,102,83,19,19
61580,55,55,0,0
61581,69,63,6,6
61582,57,49,8,8
61583,53,50,3,3
61584,109,85,24,24
61585,106,79,27,27
61586,106,98,8,8
61587,128,104,24,24
61588,84,73,11,11
61589,73,66,7,7
61590,137,89,48,48
61591,96,89,7,7
61592,106,94,12,12
61593,119,108,11,11
61594,113,104,9,9
61595,138,120,18,18
61596,52,48,4,4
61597,115,99,16,16
61598,66,59,7,7
61599,114,104,10,10
61600,46,44,2,2
61601,108,93,15,15
61602,85,68,17,17
61603,67,56,11,11
61604,66,53,13,13
61605,76,72,4,4
61606,93,78,15,15
61607,145,143,2,2
61608,122,104,18,18
61609,88,75,13,13
61610,59,54,5,5
61611,77,68,9,9
61612,84,79,5,5
61613,71,67,4,4
61614,93,77,16,16
61615,71,61,10,10
61616,40,44,-4,4
61617,165,142,23,23
61618,104,95,9,9
61619,54,44,10,10
61620,46,36,10,10
61621,70,61,9,9
61622,51,49,2,2
61623,86,72,14,14
61624,86,75,11,11
61625,90,78,12,12
61626,160,141,19,19
61627,119,106,13,13
61628,78,73,5,5
61629,112,113,-1,1
61630,89,89,0,0
61631,96,89,7,7
61632,96,85,11,11
61633,96,86,10,10
61634,33,31,2,2
61635,78,69,9,9
61636,65,50,15,15
61637,69,65,4,4
61638,85,79,6,6
61639,71,55,16,16
61640,119,98,21,21
61641,100,88,12,12
61642,102,93,9,9
61643,96,78,18,18
61644,77,64,13,13
61645,91,88,3,3
61646,175,154,21,21
61647,96,91,5,5
61648,133,113,20,20
61649,107,114,-7,7
61650,98,83,15,15
61651,94,90,4,4
61652,67,63,4,4
61653,116,112,4,4
61654,73,70,3,3
61655,83,65,18,18
61656,75,68,7,7
61657,109,109,0,0
61658,143,136,7,7
61659,84,78,6,6
61660,79,76,3,3
61661,104,93,11,11
61662,44,37,7,7
61663,53,40,13,13
61664,108,90,18,18
61665,86,83,3,3
61666,119,111,8,8
61667,56,39,17,17
61668,88,81,7,7
61669,118,108,10,10
61670,102,91,11,11
61671,49,41,8,8
61672,99,84,15,15
61673,105,163,-58,58
61674,131,104,27,27
61675,78,63,15,15
61676,99,83,16,16
61677,23,18,5,5
61678,126,110,16,16
61679,92,79,13,13
61680,85,83,2,2
61681,61,55,6,6
61682,137,129,8,8
61683,74,69,5,5
61684,129,111,18,18
61685,156,143,13,13
61686,72,61,11,11
61687,151,126,25,25
61688,72,60,12,12
61689,81,81,0,0
61690,128,109,19,19
61691,136,114,22,22
61692,111,103,8,8
61693,150,134,16,16
61694,79,74,5,5
61695,124,113,11,11
61696,133,116,17,17
61697,106,105,1,1
61698,71,64,7,7
61699,69,58,11,11
61700,105,104,1,1
61701,60,51,9,9
61702,97,83,14,14
61703,129,129,0,0
61704,70,64,6,6
61705,137,134,3,3
61706,110,90,20,20
61707,97,87,10,10
61708,149,157,-8,8
61709,63,58,5,5
61710,71,67,4,4
61711,108,89,19,19
61712,127,115,12,12
61713,92,89,3,3
61714,41,36,5,5
61715,87,74,13,13
61716,95,82,13,13
61717,58,57,1,1
61718,103,101,2,2
61719,106,96,10,10
61720,100,94,6,6
61721,49,51,-2,2
61722,103,109,-6,6
61723,147,142,5,5
61724,110,97,13,13
61725,121,128,-7,7
61726,66,57,9,9
61727,66,60,6,6
61728,75,65,10,10
61729,127,125,2,2
61730,96,86,10,10
61731,179,148,31,31
61732,153,141,12,12
61733,89,73,16,16
61734,111,103,8,8
61735,124,100,24,24
61736,86,65,21,21
61737,98,94,4,4
61738,82,74,8,8
61739,138,109,29,29
61740,98,73,25,25
61741,187,160,27,27
61742,141,120,21,21
61743,72,68,4,4
61744,110,93,17,17
61745,87,81,6,6
61746,60,56,4,4
61747,71,66,5,5
61748,123,119,4,4
61749,57,53,4,4
61750,113,109,4,4
61751,148,135,13,13
61752,73,66,7,7
61753,62,61,1,1
61754,108,114,-6,6
61755,105,91,14,14
61756,152,111,41,41
61757,51,48,3,3
61758,127,115,12,12
61759,31,4,27,27
61760,68,58,10,10
61761,163,135,28,28
61762,160,135,25,25
61763,73,71,2,2
61764,43,38,5,5
61765,102,88,14,14
61766,91,97,-6,6
61767,136,108,28,28
61768,92,76,16,16
61769,60,57,3,3
61770,45,45,0,0
61771,111,96,15,15
61772,95,94,1,1
61773,100,85,15,15
61774,139,131,8,8
61775,99,83,16,16
61776,68,62,6,6
61777,55,49,6,6
61778,110,87,23,23
61779,67,65,2,2
61780,103,90,13,13
61781,115,103,12,12
61782,131,131,0,0
61783,106,103,3,3
61784,154,140,14,14
61785,104,104,0,0
61786,91,79,12,12
61787,139,131,8,8
61788,56,52,4,4
61789,139,121,18,18
61790,72,58,14,14
61791,144,128,16,16
61792,112,101,11,11
61793,68,56,12,12
61794,88,76,12,12
61795,79,84,-5,5
61796,104,96,8,8
61797,54,45,9,9
61798,111,92,19,19
61799,87,76,11,11
61800,185,158,27,27
61801,92,81,11,11
61802,68,66,2,2
61803,91,78,13,13
61804,84,68,16,16
61805,82,72,10,10
61806,126,110,16,16
61807,71,65,6,6
61808,72,59,13,13
61809,137,126,11,11
61810,61,61,0,0
61811,106,94,12,12
61812,59,47,12,12
61813,77,62,15,15
61814,149,117,32,32
61815,63,59,4,4
61816,66,62,4,4
61817,105,91,14,14
61818,85,72,13,13
61819,109,84,25,25
61820,81,77,4,4
61821,60,56,4,4
61822,40,41,-1,1
61823,95,81,14,14
61824,110,87,23,23
61825,68,58,10,10
61826,67,60,7,7
61827,76,68,8,8
61828,188,166,22,22
61829,59,51,8,8
61830,131,109,22,22
61831,108,96,12,12
61832,114,106,8,8
61833,108,92,16,16
61834,104,89,15,15
61835,94,86,8,8
61836,47,42,5,5
61837,77,59,18,18
61838,80,72,8,8
61839,96,86,10,10
61840,103,95,8,8
61841,109,103,6,6
61842,66,69,-3,3
61843,98,79,19,19
61844,126,97,29,29
61845,97,102,-5,5
61846,99,86,13,13
61847,107,97,10,10
61848,129,120,9,9
61849,87,81,6,6
61850,69,60,9,9
61851,115,95,20,20
61852,99,90,9,9
61853,99,88,11,11
61854,155,153,2,2
61855,121,102,19,19
61856,123,117,6,6
61857,91,80,11,11
61858,68,71,-3,3
61859,118,97,21,21
61860,98,90,8,8
61861,108,93,15,15
61862,112,101,11,11
61863,80,65,15,15
61864,92,119,-27,27
61865,116,99,17,17
61866,56,54,2,2
61867,127,114,13,13
61868,50,47,3,3
61869,121,99,22,22
61870,157,138,19,19
61871,78,67,11,11
61872,85,69,16,16
61873,142,129,13,13
61874,42,43,-1,1
61875,62,58,4,4
61876,61,62,-1,1
61877,75,68,7,7
61878,82,78,4,4
61879,107,93,14,14
61880,130,122,8,8
61881,64,63,1,1
61882,75,64,11,11
61883,109,93,16,16
61884,65,65,0,0
61885,112,103,9,9
61886,88,84,4,4
61887,140,119,21,21
61888,132,118,14,14
61889,108,100,8,8
61890,92,70,22,22
61891,63,54,9,9
61892,48,45,3,3
61893,144,109,35,35
61894,104,92,12,12
61895,107,91,16,16
61896,52,63,-11,11
61897,73,66,7,7
61898,44,41,3,3
61899,120,101,19,19
61900,87,75,12,12
61901,110,103,7,7
61902,73,65,8,8
61903,79,77,2,2
61904,57,53,4,4
61905,68,63,5,5
61906,81,89,-8,8
61907,63,54,9,9
61908,41,32,9,9
61909,71,53,18,18
61910,106,100,6,6
61911,105,82,23,23
61912,183,139,44,44
61913,111,110,1,1
61914,137,124,13,13
61915,51,49,2,2
61916,40,34,6,6
61917,70,72,-2,2
61918,120,104,16,16
61919,57,55,2,2
61920,66,52,14,14
61921,140,112,28,28
61922,71,68,3,3
61923,96,83,13,13
61924,108,100,8,8
61925,134,132,2,2
61926,97,87,10,10
61927,44,37,7,7
61928,49,45,4,4
61929,63,53,10,10
61930,97,90,7,7
61931,38,31,7,7
61932,68,60,8,8
61933,114,98,16,16
61934,105,99,6,6
61935,36,32,4,4
61936,69,54,15,15
61937,101,89,12,12
61938,155,130,25,25
61939,53,60,-7,7
61940,151,131,20,20
61941,65,56,9,9
61942,64,59,5,5
61943,181,154,27,27
61944,110,103,7,7
61945,93,85,8,8
61946,183,158,25,25
61947,94,81,13,13
61948,91,81,10,10
61949,105,102,3,3
61950,51,47,4,4
61951,76,66,10,10
61952,60,65,-5,5
61953,72,62,10,10
61954,108,95,13,13
61955,119,107,12,12
61956,98,99,-1,1
61957,119,101,18,18
61958,122,105,17,17
61959,90,80,10,10
61960,55,49,6,6
61961,62,51,11,11
61962,41,40,1,1
61963,86,75,11,11
61964,58,61,-3,3
61965,159,151,8,8
61966,84,75,9,9
61967,101,89,12,12
61968,107,86,21,21
61969,150,133,17,17
61970,105,97,8,8
61971,83,74,9,9
61972,78,79,-1,1
61973,51,47,4,4
61974,83,83,0,0
61975,111,104,7,7
61976,116,118,-2,2
61977,124,90,34,34
61978,116,98,18,18
61979,133,121,12,12
61980,143,123,20,20
61981,102,95,7,7
61982,94,85,9,9
61983,66,58,8,8
61984,76,73,3,3
61985,108,93,15,15
61986,69,57,12,12
61987,90,70,20,20
61988,65,64,1,1
61989,157,148,9,9
61990,81,65,16,16
61991,116,110,6,6
61992,94,83,11,11
61993,98,103,-5,5
61994,149,131,18,18
61995,87,77,10,10
61996,124,116,8,8
61997,121,109,12,12
61998,157,130,27,27
61999,100,85,15,15
62000,129,123,6,6
62001,97,84,13,13
62002,57,50,7,7
62003,108,93,15,15
62004,64,54,10,10
62005,195,162,33,33
62006,81,70,11,11
62007,92,79,13,13
62008,139,134,5,5
62009,67,57,10,10
62010,78,78,0,0
62011,56,55,1,1
62012,90,78,12,12
62013,69,65,4,4
62014,109,89,20,20
62015,67,63,4,4
62016,65,61,4,4
62017,67,70,-3,3
62018,128,108,20,20
62019,101,86,15,15
62020,103,93,10,10
62021,66,56,10,10
62022,78,70,8,8
62023,121,104,17,17
62024,99,96,3,3
62025,69,53,16,16
62026,64,57,7,7
62027,66,58,8,8
62028,76,68,8,8
62029,91,82,9,9
62030,49,50,-1,1
62031,222,167,55,55
62032,71,55,16,16
62033,155,140,15,15
62034,80,72,8,8
62035,94,68,26,26
62036,70,57,13,13
62037,106,96,10,10
62038,81,76,5,5
62039,90,71,19,19
62040,73,69,4,4
62041,65,54,11,11
62042,71,67,4,4
62043,140,109,31,31
62044,109,103,6,6
62045,72,61,11,11
62046,95,94,1,1
62047,92,75,17,17
62048,104,103,1,1
62049,74,67,7,7
62050,102,92,10,10
62051,75,72,3,3
62052,100,84,16,16
62053,111,107,4,4
62054,52,44,8,8
62055,79,63,16,16
62056,99,85,14,14
62057,140,135,5,5
62058,181,173,8,8
62059,106,95,11,11
62060,59,45,14,14
62061,129,109,20,20
62062,95,106,-11,11
62063,50,48,2,2
62064,71,60,11,11
62065,46,53,-7,7
62066,103,98,5,5
62067,82,75,7,7
62068,114,95,19,19
62069,114,96,18,18
62070,92,83,9,9
62071,74,71,3,3
62072,102,95,7,7
62073,104,89,15,15
62074,86,74,12,12
62075,51,57,-6,6
62076,86,73,13,13
62077,78,75,3,3
62078,99,94,5,5
62079,95,77,18,18
62080,82,77,5,5
62081,111,104,7,7
62082,129,103,26,26
62083,90,101,-11,11
62084,139,126,13,13
62085,72,71,1,1
62086,55,51,4,4
62087,165,144,21,21
62088,115,107,8,8
62089,61,64,-3,3
62090,84,70,14,14
62091,136,122,14,14
62092,83,70,13,13
62093,27,5,22,22
62094,108,100,8,8
62095,147,123,24,24
62096,120,111,9,9
62097,73,80,-7,7
62098,60,60,0,0
62099,123,115,8,8
62100,89,84,5,5
62101,73,59,14,14
62102,64,59,5,5
62103,62,56,6,6
62104,100,87,13,13
62105,100,79,21,21
62106,48,55,-7,7
62107,119,102,17,17
62108,53,51,2,2
62109,142,133,9,9
62110,58,54,4,4
62111,100,97,3,3
62112,77,67,10,10
62113,71,76,-5,5
62114,126,114,12,12
62115,50,46,4,4
62116,205,159,46,46
62117,60,55,5,5
62118,91,85,6,6
62119,70,67,3,3
62120,90,83,7,7
62121,159,140,19,19
62122,75,67,8,8
62123,116,86,30,30
62124,109,103,6,6
62125,143,124,19,19
62126,112,94,18,18
62127,84,76,8,8
62128,170,166,4,4
62129,150,138,12,12
62130,109,93,16,16
62131,161,140,21,21
62132,99,94,5,5
62133,127,99,28,28
62134,62,3,59,59
62135,133,115,18,18
62136,101,99,2,2
62137,127,112,15,15
62138,89,82,7,7
62139,95,80,15,15
62140,150,129,21,21
62141,49,44,5,5
62142,92,86,6,6
62143,92,81,11,11
62144,38,40,-2,2
62145,145,144,1,1
62146,156,151,5,5
62147,125,113,12,12
62148,51,44,7,7
62149,134,101,33,33
62150,92,93,-1,1
62151,85,82,3,3
62152,60,54,6,6
62153,67,62,5,5
62154,99,100,-1,1
62155,159,151,8,8
62156,86,80,6,6
62157,75,48,27,27
62158,42,35,7,7
62159,71,66,5,5
62160,136,128,8,8
62161,67,70,-3,3
62162,112,103,9,9
62163,71,65,6,6
62164,48,50,-2,2
62165,139,128,11,11
62166,114,137,-23,23
62167,48,41,7,7
62168,86,77,9,9
62169,119,104,15,15
62170,94,84,10,10
62171,105,98,7,7
62172,104,83,21,21
62173,85,79,6,6
62174,66,53,13,13
62175,93,78,15,15
62176,88,84,4,4
62177,67,63,4,4
62178,91,87,4,4
62179,110,98,12,12
62180,80,67,13,13
62181,98,94,4,4
62182,126,116,10,10
62183,52,51,1,1
62184,63,60,3,3
62185,91,87,4,4
62186,103,92,11,11
62187,68,62,6,6
62188,73,70,3,3
62189,95,88,7,7
62190,100,88,12,12
62191,111,91,20,20
62192,100,92,8,8
62193,75,70,5,5
62194,84,82,2,2
62195,75,68,7,7
62196,139,114,25,25
62197,105,101,4,4
62198,84,85,-1,1
62199,137,112,25,25
62200,65,86,-21,21
62201,97,82,15,15
62202,78,72,6,6
62203,122,114,8,8
62204,72,67,5,5
62205,80,86,-6,6
62206,132,110,22,22
62207,113,100,13,13
62208,121,109,12,12
62209,72,67,5,5
62210,95,90,5,5
62211,124,109,15,15
62212,122,109,13,13
62213,152,140,12,12
62214,105,90,15,15
62215,103,100,3,3
62216,111,94,17,17
62217,60,42,18,18
62218,75,83,-8,8
62219,69,63,6,6
62220,85,68,17,17
62221,91,89,2,2
62222,106,86,20,20
62223,76,75,1,1
62224,43,39,4,4
62225,65,57,8,8
62226,180,165,15,15
62227,38,49,-11,11
62228,86,76,10,10
62229,77,71,6,6
62230,110,101,9,9
62231,111,101,10,10
62232,134,111,23,23
62233,123,118,5,5
62234,67,60,7,7
62235,77,75,2,2
62236,95,92,3,3
62237,94,84,10,10
62238,131,119,12,12
62239,88,91,-3,3
62240,130,113,17,17
62241,78,71,7,7
62242,98,91,7,7
62243,66,60,6,6
62244,63,58,5,5
62245,85,73,12,12
62246,82,76,6,6
62247,82,79,3,3
62248,104,90,14,14
62249,120,106,14,14
62250,68,62,6,6
62251,108,101,7,7
62252,101,84,17,17
62253,102,90,12,12
62254,161,153,8,8
62255,48,49,-1,1
62256,82,78,4,4
62257,134,120,14,14
62258,102,87,15,15
62259,47,46,1,1
62260,101,71,30,30
62261,103,90,13,13
62262,158,133,25,25
62263,79,78,1,1
62264,126,111,15,15
62265,72,72,0,0
62266,103,93,10,10
62267,86,85,1,1
62268,73,74,-1,1
62269,150,132,18,18
62270,69,56,13,13
62271,89,79,10,10
62272,102,86,16,16
62273,89,81,8,8
62274,92,86,6,6
62275,91,75,16,16
62276,69,63,6,6
62277,31,36,-5,5
62278,62,53,9,9
62279,74,71,3,3
62280,73,58,15,15
62281,92,73,19,19
62282,68,58,10,10
62283,121,104,17,17
62284,160,147,13,13
62285,124,114,10,10
62286,71,61,10,10
62287,98,78,20,20
62288,85,78,7,7
62289,93,80,13,13
62290,87,72,15,15
62291,210,163,47,47
62292,74,70,4,4
62293,84,79,5,5
62294,141,130,11,11
62295,68,61,7,7
62296,118,106,12,12
62297,75,70,5,5
62298,150,133,17,17
62299,162,145,17,17
62300,59,53,6,6
62301,82,76,6,6
62302,118,102,16,16
62303,94,90,4,4
62304,75,77,-2,2
62305,71,65,6,6
62306,131,112,19,19
62307,120,102,18,18
62308,91,84,7,7
62309,112,94,18,18
62310,145,135,10,10
62311,93,75,18,18
62312,93,80,13,13
62313,89,68,21,21
62314,110,94,16,16
62315,78,70,8,8
62316,80,68,12,12
62317,133,123,10,10
62318,50,41,9,9
62319,82,73,9,9
62320,145,123,22,22
62321,126,97,29,29
62322,105,91,14,14
62323,159,148,11,11
62324,118,112,6,6
62325,142,132,10,10
62326,108,94,14,14
62327,110,102,8,8
62328,106,88,18,18
62329,119,109,10,10
62330,90,84,6,6
62331,68,64,4,4
62332,119,103,16,16
62333,162,137,25,25
62334,76,73,3,3
62335,89,71,18,18
62336,57,53,4,4
62337,79,68,11,11
62338,72,69,3,3
62339,110,89,21,21
62340,82,69,13,13
62341,76,65,11,11
62342,68,66,2,2
62343,79,91,-12,12
62344,64,61,3,3
62345,151,128,23,23
62346,64,60,4,4
62347,110,95,15,15
62348,78,65,13,13
62349,123,111,12,12
62350,118,107,11,11
62351,58,55,3,3
62352,140,126,14,14
62353,128,106,22,22
62354,57,45,12,12
62355,101,95,6,6
62356,106,92,14,14
62357,71,70,1,1
62358,61,52,9,9
62359,187,149,38,38
62360,123,99,24,24
62361,64,54,10,10
62362,59,57,2,2
62363,83,74,9,9
62364,68,68,0,0
62365,83,70,13,13
62366,111,94,17,17
62367,86,84,2,2
62368,87,81,6,6
62369,97,88,9,9
62370,76,69,7,7
62371,91,86,5,5
62372,169,142,27,27
62373,51,40,11,11
62374,57,65,-8,8
62375,168,159,9,9
62376,93,62,31,31
62377,93,80,13,13
62378,98,77,21,21
62379,76,75,1,1
62380,142,126,16,16
62381,60,57,3,3
62382,118,101,17,17
62383,40,54,-14,14
62384,68,56,12,12
62385,75,61,14,14
62386,97,87,10,10
62387,124,115,9,9
62388,68,57,11,11
62389,89,73,16,16
62390,109,100,9,9
62391,53,48,5,5
62392,112,98,14,14
62393,140,138,2,2
62394,113,94,19,19
62395,105,107,-2,2
62396,69,58,11,11
62397,98,110,-12,12
62398,150,132,18,18
62399,93,83,10,10
62400,117,111,6,6
62401,44,36,8,8
62402,65,52,13,13
62403,78,65,13,13
62404,149,138,11,11
62405,75,65,10,10
62406,82,75,7,7
62407,93,78,15,15
62408,129,113,16,16
62409,46,45,1,1
62410,56,44,12,12
62411,99,75,24,24
62412,31,38,-7,7
62413,113,98,15,15
62414,167,155,12,12
62415,113,106,7,7
62416,171,160,11,11
62417,71,63,8,8
62418,103,93,10,10
62419,76,72,4,4
62420,64,53,11,11
62421,105,96,9,9
62422,176,157,19,19
62423,127,108,19,19
62424,118,95,23,23
62425,88,87,1,1
62426,133,121,12,12
62427,84,84,0,0
62428,108,99,9,9
62429,72,64,8,8
62430,128,117,11,11
62431,36,35,1,1
62432,116,99,17,17
62433,105,98,7,7
62434,85,78,7,7
62435,48,44,4,4
62436,142,116,26,26
62437,78,55,23,23
62438,72,70,2,2
62439,255,225,30,30
62440,113,109,4,4
62441,98,81,17,17
62442,143,122,21,21
62443,85,97,-12,12
62444,111,102,9,9
62445,106,94,12,12
62446,111,101,10,10
62447,84,72,12,12
62448,74,70,4,4
62449,87,80,7,7
62450,133,122,11,11
62451,111,106,5,5
62452,78,72,6,6
62453,83,78,5,5
62454,117,96,21,21
62455,97,83,14,14
62456,127,117,10,10
62457,66,56,10,10
62458,124,106,18,18
62459,72,65,7,7
62460,108,81,27,27
62461,124,116,8,8
62462,137,109,28,28
62463,84,74,10,10
62464,175,163,12,12
62465,32,23,9,9
62466,127,102,25,25
62467,139,128,11,11
62468,84,93,-9,9
62469,138,133,5,5
62470,147,133,14,14
62471,49,44,5,5
62472,87,77,10,10
62473,71,65,6,6
62474,89,70,19,19
62475,122,108,14,14
62476,110,107,3,3
62477,112,102,10,10
62478,161,134,27,27
62479,78,77,1,1
62480,84,77,7,7
62481,96,81,15,15
62482,83,73,10,10
62483,166,134,32,32
62484,69,57,12,12
62485,48,37,11,11
62486,84,58,26,26
62487,113,87,26,26
62488,89,80,9,9
62489,51,50,1,1
62490,101,92,9,9
62491,70,56,14,14
62492,107,90,17,17
62493,99,87,12,12
62494,142,119,23,23
62495,123,100,23,23
62496,81,67,14,14
62497,60,49,11,11
62498,139,119,20,20
62499,93,82,11,11
62500,123,122,1,1
62501,101,72,29,29
62502,128,116,12,12
62503,72,63,9,9
62504,134,110,24,24
62505,89,80,9,9
62506,162,140,22,22
62507,129,101,28,28
62508,97,87,10,10
62509,63,68,-5,5
62510,88,83,5,5
62511,47,40,7,7
62512,163,145,18,18
62513,169,160,9,9
62514,88,75,13,13
62515,116,104,12,12
62516,68,63,5,5
62517,66,61,5,5
62518,75,68,7,7
62519,79,77,2,2
62520,132,121,11,11
62521,64,60,4,4
62522,154,135,19,19
62523,159,119,40,40
62524,97,90,7,7
62525,151,129,22,22
62526,64,57,7,7
62527,86,68,18,18
62528,86,93,-7,7
62529,105,94,11,11
62530,135,127,8,8
62531,78,77,1,1
62532,180,150,30,30
62533,126,104,22,22
62534,115,110,5,5
62535,95,94,1,1
62536,123,101,22,22
62537,49,39,10,10
62538,94,91,3,3
62539,170,154,16,16
62540,92,80,12,12
62541,101,95,6,6
62542,93,86,7,7
62543,123,129,-6,6
62544,83,68,15,15
62545,122,96,26,26
62546,109,109,0,0
62547,67,52,15,15
62548,59,56,3,3
62549,79,62,17,17
62550,82,77,5,5
62551,69,59,10,10
62552,83,83,0,0
62553,116,100,16,16
62554,202,168,34,34
62555,92,94,-2,2
62556,95,85,10,10
62557,104,93,11,11
62558,124,105,19,19
62559,203,167,36,36
62560,95,82,13,13
62561,131,117,14,14
62562,42,37,5,5
62563,106,79,27,27
62564,40,39,1,1
62565,81,71,10,10
62566,125,104,21,21
62567,82,73,9,9
62568,121,104,17,17
62569,85,87,-2,2
62570,104,84,20,20
62571,82,72,10,10
62572,76,67,9,9
62573,60,55,5,5
62574,91,68,23,23
62575,96,77,19,19
62576,118,101,17,17
62577,101,82,19,19
62578,140,131,9,9
62579,153,139,14,14
62580,115,112,3,3
62581,38,51,-13,13
62582,74,71,3,3
62583,28,51,-23,23
62584,65,62,3,3
62585,113,108,5,5
62586,109,99,10,10
62587,93,84,9,9
62588,87,77,10,10
62589,54,51,3,3
62590,125,106,19,19
62591,141,131,10,10
62592,114,113,1,1
62593,122,108,14,14
62594,138,130,8,8
62595,98,84,14,14
62596,84,77,7,7
62597,118,108,10,10
62598,114,106,8,8
62599,69,66,3,3
62600,47,50,-3,3
62601,72,59,13,13
62602,72,55,17,17
62603,85,77,8,8
62604,48,43,5,5
62605,96,82,14,14
62606,90,79,11,11
62607,99,81,18,18
62608,122,118,4,4
62609,60,56,4,4
62610,80,78,2,2
62611,79,75,4,4
62612,54,50,4,4
62613,90,81,9,9
62614,84,81,3,3
62615,98,88,10,10
62616,106,93,13,13
62617,70,67,3,3
62618,93,76,17,17
62619,81,68,13,13
62620,108,94,14,14
62621,66,61,5,5
62622,92,80,12,12
62623,58,49,9,9
62624,80,68,12,12
62625,72,65,7,7
62626,92,78,14,14
62627,114,111,3,3
62628,149,127,22,22
62629,85,72,13,13
62630,61,48,13,13
62631,104,88,16,16
62632,100,81,19,19
62633,132,117,15,15
62634,132,112,20,20
62635,114,93,21,21
62636,89,84,5,5
62637,52,43,9,9
62638,51,42,9,9
62639,109,102,7,7
62640,112,111,1,1
62641,80,66,14,14
62642,158,161,-3,3
62643,103,81,22,22
62644,59,53,6,6
62645,118,101,17,17
62646,114,99,15,15
62647,101,90,11,11
62648,64,57,7,7
62649,75,65,10,10
62650,110,87,23,23
62651,168,168,0,0
62652,109,91,18,18
62653,106,95,11,11
62654,32,69,-37,37
62655,86,84,2,2
62656,185,137,48,48
62657,125,123,2,2
62658,48,44,4,4
62659,128,124,4,4
62660,138,132,6,6
62661,75,60,15,15
62662,84,94,-10,10
62663,115,94,21,21
62664,58,61,-3,3
62665,97,88,9,9
62666,152,127,25,25
62667,94,86,8,8
62668,114,101,13,13
62669,130,130,0,0
62670,61,55,6,6
62671,185,154,31,31
62672,110,102,8,8
62673,58,50,8,8
62674,79,73,6,6
62675,79,68,11,11
62676,93,79,14,14
62677,129,113,16,16
62678,134,122,12,12
62679,98,90,8,8
62680,162,149,13,13
62681,83,74,9,9
62682,107,85,22,22
62683,98,98,0,0
62684,131,109,22,22
62685,57,46,11,11
62686,153,126,27,27
62687,126,114,12,12
62688,89,80,9,9
62689,68,60,8,8
62690,131,110,21,21
62691,68,67,1,1
62692,94,77,17,17
62693,135,116,19,19
62694,96,87,9,9
62695,95,93,2,2
62696,90,77,13,13
62697,55,52,3,3
62698,108,102,6,6
62699,36,32,4,4
62700,73,64,9,9
62701,73,74,-1,1
62702,102,88,14,14
62703,52,44,8,8
62704,22,42,-20,20
62705,102,81,21,21
62706,136,111,25,25
62707,83,74,9,9
62708,76,68,8,8
62709,135,121,14,14
62710,116,112,4,4
62711,69,64,5,5
62712,42,40,2,2
62713,86,68,18,18
62714,131,110,21,21
62715,119,101,18,18
62716,65,57,8,8
62717,100,96,4,4
62718,65,60,5,5
62719,73,64,9,9
62720,63,56,7,7
62721,115,139,-24,24
62722,164,136,28,28
62723,146,133,13,13
62724,64,59,5,5
62725,101,88,13,13
62726,124,108,16,16
62727,74,67,7,7
62728,92,72,20,20
62729,90,79,11,11
62730,93,86,7,7
62731,76,73,3,3
62732,133,125,8,8
62733,54,50,4,4
62734,147,109,38,38
62735,107,101,6,6
62736,132,104,28,28
62737,129,105,24,24
62738,95,82,13,13
62739,78,83,-5,5
62740,93,78,15,15
62741,85,84,1,1
62742,138,140,-2,2
62743,106,96,10,10
62744,45,41,4,4
62745,50,48,2,2
62746,55,33,22,22
62747,44,49,-5,5
62748,70,65,5,5
62749,125,111,14,14
62750,82,74,8,8
62751,80,70,10,10
62752,120,107,13,13
62753,100,88,12,12
62754,70,61,9,9
62755,65,56,9,9
62756,96,91,5,5
62757,93,83,10,10
62758,106,90,16,16
62759,168,140,28,28
62760,169,148,21,21
62761,95,67,28,28
62762,95,88,7,7
62763,81,69,12,12
62764,65,53,12,12
62765,64,63,1,1
62766,62,70,-8,8
62767,119,104,15,15
62768,93,75,18,18
62769,77,65,12,12
62770,141,130,11,11
62771,66,57,9,9
62772,76,80,-4,4
62773,148,134,14,14
62774,57,58,-1,1
62775,78,46,32,32
62776,134,105,29,29
62777,133,119,14,14
62778,66,61,5,5
62779,75,65,10,10
62780,97,84,13,13
62781,131,109,22,22
62782,171,147,24,24
62783,222,184,38,38
62784,102,92,10,10
62785,60,56,4,4
62786,144,136,8,8
62787,43,38,5,5
62788,82,71,11,11
62789,84,75,9,9
62790,92,89,3,3
62791,94,65,29,29
62792,179,165,14,14
62793,119,110,9,9
62794,61,59,2,2
62795,93,89,4,4
62796,53,44,9,9
62797,142,129,13,13
62798,69,61,8,8
62799,90,82,8,8
62800,139,127,12,12
62801,90,100,-10,10
62802,56,48,8,8
62803,113,106,7,7
62804,91,82,9,9
62805,86,78,8,8
62806,111,96,15,15
62807,74,61,13,13
62808,139,114,25,25
62809,96,80,16,16
62810,105,89,16,16
62811,139,127,12,12
62812,61,57,4,4
62813,70,66,4,4
62814,70,69,1,1
62815,61,52,9,9
62816,127,123,4,4
62817,92,89,3,3
62818,120,100,20,20
62819,52,45,7,7
62820,86,76,10,10
62821,62,55,7,7
62822,101,111,-10,10
62823,85,90,-5,5
62824,96,93,3,3
62825,105,96,9,9
62826,122,108,14,14
62827,116,103,13,13
62828,98,74,24,24
62829,154,139,15,15
62830,100,84,16,16
62831,164,144,20,20
62832,162,144,18,18
62833,136,128,8,8
62834,62,60,2,2
62835,178,156,22,22
62836,109,86,23,23
62837,121,98,23,23
62838,108,112,-4,4
62839,84,82,2,2
62840,131,108,23,23
62841,122,102,20,20
62842,64,63,1,1
62843,84,77,7,7
62844,72,66,6,6
62845,185,153,32,32
62846,77,66,11,11
62847,137,148,-11,11
62848,93,94,-1,1
62849,86,86,0,0
62850,144,118,26,26
62851,78,71,7,7
62852,61,57,4,4
62853,129,107,22,22
62854,52,56,-4,4
62855,195,172,23,23
62856,87,80,7,7
62857,101,96,5,5
62858,103,94,9,9
62859,169,147,22,22
62860,104,92,12,12
62861,80,71,9,9
62862,40,48,-8,8
62863,90,87,3,3
62864,89,84,5,5
62865,105,94,11,11
62866,86,83,3,3
62867,133,118,15,15
62868,89,78,11,11
62869,64,54,10,10
62870,94,93,1,1
62871,86,85,1,1
62872,128,113,15,15
62873,53,51,2,2
62874,91,71,20,20
62875,74,62,12,12
62876,64,58,6,6
62877,81,63,18,18
62878,66,62,4,4
62879,76,62,14,14
62880,91,78,13,13
62881,76,66,10,10
62882,109,91,18,18
62883,77,67,10,10
62884,76,65,11,11
62885,110,90,20,20
62886,88,76,12,12
62887,120,103,17,17
62888,127,118,9,9
62889,106,99,7,7
62890,201,176,25,25
62891,111,100,11,11
62892,231,194,37,37
62893,59,59,0,0
62894,150,128,22,22
62895,141,121,20,20
62896,62,51,11,11
62897,191,172,19,19
62898,119,110,9,9
62899,72,73,-1,1
62900,103,92,11,11
62901,79,75,4,4
62902,106,96,10,10
62903,104,106,-2,2
62904,88,83,5,5
62905,78,74,4,4
62906,81,83,-2,2
62907,98,91,7,7
62908,123,110,13,13
62909,142,133,9,9
62910,74,64,10,10
62911,163,141,22,22
62912,102,82,20,20
62913,60,52,8,8
62914,133,106,27,27
62915,59,53,6,6
62916,47,45,2,2
62917,86,81,5,5
62918,124,104,20,20
62919,28,25,3,3
62920,59,54,5,5
62921,124,123,1,1
62922,105,90,15,15
62923,103,87,16,16
62924,80,74,6,6
62925,82,70,12,12
62926,84,75,9,9
62927,128,118,10,10
62928,101,98,3,3
62929,72,65,7,7
62930,89,72,17,17
62931,119,109,10,10
62932,181,162,19,19
62933,146,132,14,14
62934,58,54,4,4
62935,80,68,12,12
62936,37,37,0,0
62937,45,47,-2,2
62938,95,97,-2,2
62939,108,97,11,11
62940,79,65,14,14
62941,85,67,18,18
62942,53,54,-1,1
62943,211,179,32,32
62944,103,91,12,12
62945,77,66,11,11
62946,75,66,9,9
62947,95,86,9,9
62948,102,82,20,20
62949,77,67,10,10
62950,54,48,6,6
62951,110,95,15,15
62952,121,102,19,19
62953,89,67,22,22
62954,93,87,6,6
62955,44,42,2,2
62956,84,85,-1,1
62957,135,116,19,19
62958,66,49,17,17
62959,104,102,2,2
62960,141,117,24,24
62961,98,74,24,24
62962,90,85,5,5
62963,115,104,11,11
62964,109,100,9,9
62965,69,65,4,4
62966,64,53,11,11
62967,185,157,28,28
62968,114,98,16,16
62969,191,170,21,21
62970,49,40,9,9
62971,83,85,-2,2
62972,100,92,8,8
62973,98,79,19,19
62974,69,72,-3,3
62975,103,83,20,20
62976,148,141,7,7
62977,81,66,15,15
62978,151,142,9,9
62979,70,52,18,18
62980,88,74,14,14
62981,93,89,4,4
62982,60,65,-5,5
62983,88,73,15,15
62984,63,59,4,4
62985,92,78,14,14
62986,108,102,6,6
62987,78,80,-2,2
62988,156,130,26,26
62989,63,55,8,8
62990,58,52,6,6
62991,38,30,8,8
62992,107,91,16,16
62993,101,86,15,15
62994,65,70,-5,5
62995,120,111,9,9
62996,101,83,18,18
62997,106,86,20,20
62998,72,63,9,9
62999,127,107,20,20
63000,65,59,6,6
63001,126,102,24,24
63002,113,102,11,11
63003,104,101,3,3
63004,152,133,19,19
63005,57,52,5,5
63006,83,69,14,14
63007,101,93,8,8
63008,81,72,9,9
63009,54,59,-5,5
63010,80,72,8,8
63011,83,79,4,4
63012,31,24,7,7
63013,64,59,5,5
63014,159,152,7,7
63015,133,119,14,14
63016,116,113,3,3
63017,57,43,14,14
63018,99,85,14,14
63019,62,50,12,12
63020,90,79,11,11
63021,117,104,13,13
63022,142,119,23,23
63023,177,151,26,26
63024,59,54,5,5
63025,89,92,-3,3
63026,69,60,9,9
63027,63,63,0,0
63028,46,67,-21,21
63029,136,134,2,2
63030,105,107,-2,2
63031,127,123,4,4
63032,66,65,1,1
63033,138,127,11,11
63034,71,62,9,9
63035,97,88,9,9
63036,112,105,7,7
63037,77,73,4,4
63038,57,52,5,5
63039,84,79,5,5
63040,85,74,11,11
63041,111,91,20,20
63042,123,106,17,17
63043,110,105,5,5
63044,114,110,4,4
63045,111,123,-12,12
63046,71,71,0,0
63047,93,78,15,15
63048,343,295,48,48
63049,72,63,9,9
63050,186,153,33,33
63051,62,55,7,7
63052,79,72,7,7
63053,129,121,8,8
63054,121,121,0,0
63055,105,89,16,16
63056,157,134,23,23
63057,115,96,19,19
63058,78,65,13,13
63059,179,176,3,3
63060,80,71,9,9
63061,113,110,3,3
63062,87,81,6,6
63063,95,87,8,8
63064,95,93,2,2
63065,104,94,10,10
63066,88,79,9,9
63067,61,58,3,3
63068,63,50,13,13
63069,87,94,-7,7
63070,157,155,2,2
63071,92,105,-13,13
63072,53,47,6,6
63073,128,104,24,24
63074,114,99,15,15
63075,95,86,9,9
63076,102,90,12,12
63077,120,113,7,7
63078,110,106,4,4
63079,207,178,29,29
63080,103,91,12,12
63081,55,49,6,6
63082,98,84,14,14
63083,99,92,7,7
63084,94,92,2,2
63085,82,82,0,0
63086,60,75,-15,15
63087,95,89,6,6
63088,113,92,21,21
63089,113,103,10,10
63090,105,89,16,16
63091,80,59,21,21
63092,104,99,5,5
63093,97,85,12,12
63094,62,58,4,4
63095,62,64,-2,2
63096,85,81,4,4
63097,114,100,14,14
63098,72,59,13,13
63099,82,69,13,13
63100,94,76,18,18
63101,90,86,4,4
63102,110,89,21,21
63103,90,76,14,14
63104,80,75,5,5
63105,109,87,22,22
63106,61,59,2,2
63107,185,165,20,20
63108,117,109,8,8
63109,139,124,15,15
63110,56,54,2,2
63111,74,61,13,13
63112,107,103,4,4
63113,78,78,0,0
63114,51,46,5,5
63115,87,77,10,10
63116,114,103,11,11
63117,83,77,6,6
63118,137,119,18,18
63119,117,97,20,20
63120,87,87,0,0
63121,69,65,4,4
63122,86,79,7,7
63123,150,138,12,12
63124,162,144,18,18
63125,87,79,8,8
63126,68,61,7,7
63127,68,59,9,9
63128,126,95,31,31
63129,109,89,20,20
63130,106,105,1,1
63131,114,98,16,16
63132,136,130,6,6
63133,128,101,27,27
63134,109,102,7,7
63135,114,105,9,9
63136,102,94,8,8
63137,144,117,27,27
63138,52,45,7,7
63139,73,74,-1,1
63140,116,101,15,15
63141,111,87,24,24
63142,106,102,4,4
63143,125,110,15,15
63144,119,95,24,24
63145,77,73,4,4
63146,78,66,12,12
63147,62,54,8,8
63148,80,79,1,1
63149,101,93,8,8
63150,130,120,10,10
63151,165,137,28,28
63152,88,68,20,20
63153,97,95,2,2
63154,125,104,21,21
63155,55,52,3,3
63156,76,71,5,5
63157,124,119,5,5
63158,82,77,5,5
63159,60,59,1,1
63160,107,95,12,12
63161,109,99,10,10
63162,162,139,23,23
63163,95,99,-4,4
63164,54,46,8,8
63165,125,113,12,12
63166,107,89,18,18
63167,74,59,15,15
63168,155,138,17,17
63169,77,74,3,3
63170,80,67,13,13
63171,122,115,7,7
63172,71,71,0,0
63173,112,95,17,17
63174,61,59,2,2
63175,88,83,5,5
63176,171,140,31,31
63177,98,85,13,13
63178,59,54,5,5
63179,150,138,12,12
63180,94,86,8,8
63181,112,100,12,12
63182,113,84,29,29
63183,92,84,8,8
63184,121,112,9,9
63185,101,86,15,15
63186,82,71,11,11
63187,125,101,24,24
63188,74,66,8,8
63189,68,64,4,4
63190,104,99,5,5
63191,80,70,10,10
63192,101,84,17,17
63193,96,92,4,4
63194,96,83,13,13
63195,79,76,3,3
63196,75,66,9,9
63197,121,107,14,14
63198,173,152,21,21
63199,123,105,18,18
63200,124,109,15,15
63201,123,107,16,16
63202,129,119,10,10
63203,119,92,27,27
63204,107,103,4,4
63205,117,103,14,14
63206,74,69,5,5
63207,72,65,7,7
63208,92,89,3,3
63209,102,85,17,17
63210,123,123,0,0
63211,119,114,5,5
63212,71,64,7,7
63213,64,64,0,0
63214,108,93,15,15
63215,140,112,28,28
63216,90,85,5,5
63217,128,99,29,29
63218,99,90,9,9
63219,82,90,-8,8
63220,156,141,15,15
63221,137,125,12,12
63222,78,59,19,19
63223,95,85,10,10
63224,82,86,-4,4
63225,90,83,7,7
63226,64,58,6,6
63227,73,70,3,3
63228,53,55,-2,2
63229,123,113,10,10
63230,62,61,1,1
63231,92,89,3,3
63232,123,108,15,15
63233,125,107,18,18
63234,41,39,2,2
63235,187,161,26,26
63236,91,76,15,15
63237,76,68,8,8
63238,176,154,22,22
63239,93,89,4,4
63240,87,83,4,4
63241,89,83,6,6
63242,88,71,17,17
63243,99,84,15,15
63244,134,109,25,25
63245,95,88,7,7
63246,105,94,11,11
63247,42,46,-4,4
63248,96,81,15,15
63249,50,54,-4,4
63250,63,53,10,10
63251,95,95,0,0
63252,99,86,13,13
63253,109,106,3,3
63254,133,109,24,24
63255,90,73,17,17
63256,71,64,7,7
63257,58,55,3,3
63258,173,151,22,22
63259,77,67,10,10
63260,88,49,39,39
63261,72,62,10,10
63262,116,99,17,17
63263,61,58,3,3
63264,94,77,17,17
63265,117,115,2,2
63266,114,102,12,12
63267,147,132,15,15
63268,125,109,16,16
63269,100,87,13,13
63270,101,80,21,21
63271,112,95,17,17
63272,94,74,20,20
63273,119,98,21,21
63274,154,141,13,13
63275,82,75,7,7
63276,58,56,2,2
63277,131,105,26,26
63278,82,72,10,10
63279,96,87,9,9
63280,80,63,17,17
63281,118,109,9,9
63282,51,57,-6,6
63283,164,143,21,21
63284,77,94,-17,17
63285,144,133,11,11
63286,132,123,9,9
63287,89,78,11,11
63288,78,62,16,16
63289,51,52,-1,1
63290,100,96,4,4
63291,108,95,13,13
63292,143,116,27,27
63293,88,77,11,11
63294,67,56,11,11
63295,121,116,5,5
63296,90,75,15,15
63297,65,61,4,4
63298,79,70,9,9
63299,144,123,21,21
63300,55,50,5,5
63301,78,72,6,6
63302,82,84,-2,2
63303,78,66,12,12
63304,160,149,11,11
63305,89,72,17,17
63306,101,97,4,4
63307,114,91,23,23
63308,86,70,16,16
63309,155,142,13,13
63310,105,99,6,6
63311,76,64,12,12
63312,149,130,19,19
63313,99,97,2,2
63314,120,97,23,23
63315,69,63,6,6
63316,102,90,12,12
63317,59,46,13,13
63318,54,51,3,3
63319,107,87,20,20
63320,60,57,3,3
63321,70,57,13,13
63322,219,201,18,18
63323,83,73,10,10
63324,68,61,7,7
63325,89,85,4,4
63326,68,67,1,1
63327,108,102,6,6
63328,94,89,5,5
63329,90,85,5,5
63330,171,145,26,26
63331,35,35,0,0
63332,39,34,5,5
63333,80,106,-26,26
63334,69,59,10,10
63335,109,98,11,11
63336,112,106,6,6
63337,127,117,10,10
63338,87,79,8,8
63339,60,109,-49,49
63340,67,65,2,2
63341,151,128,23,23
63342,115,99,16,16
63343,86,80,6,6
63344,97,76,21,21
63345,128,109,19,19
63346,137,111,26,26
63347,102,91,11,11
63348,76,71,5,5
63349,33,26,7,7
63350,89,82,7,7
63351,68,57,11,11
63352,55,51,4,4
63353,104,97,7,7
63354,98,92,6,6
63355,67,56,11,11
63356,103,89,14,14
63357,87,80,7,7
63358,92,81,11,11
63359,97,75,22,22
63360,144,125,19,19
63361,94,93,1,1
63362,95,81,14,14
63363,131,104,27,27
63364,102,85,17,17
63365,132,119,13,13
63366,83,77,6,6
63367,127,119,8,8
63368,71,62,9,9
63369,86,76,10,10
63370,202,168,34,34
63371,181,158,23,23
63372,129,120,9,9
63373,112,97,15,15
63374,118,106,12,12
63375,46,35,11,11
63376,120,96,24,24
63377,55,59,-4,4
63378,141,120,21,21
63379,92,78,14,14
63380,137,127,10,10
63381,59,56,3,3
63382,192,182,10,10
63383,144,137,7,7
63384,91,85,6,6
63385,111,102,9,9
63386,52,45,7,7
63387,135,117,18,18
63388,43,43,0,0
63389,138,108,30,30
63390,159,130,29,29
63391,88,86,2,2
63392,63,57,6,6
63393,90,84,6,6
63394,101,86,15,15
63395,72,64,8,8
63396,64,52,12,12
63397,81,68,13,13
63398,94,85,9,9
63399,125,110,15,15
63400,64,54,10,10
63401,68,62,6,6
63402,77,76,1,1
63403,125,116,9,9
63404,68,62,6,6
63405,131,117,14,14
63406,72,63,9,9
63407,113,94,19,19
63408,136,126,10,10
63409,136,116,20,20
63410,129,105,24,24
63411,118,102,16,16
63412,79,67,12,12
63413,98,84,14,14
63414,117,107,10,10
63415,98,95,3,3
63416,30,32,-2,2
63417,76,61,15,15
63418,87,74,13,13
63419,110,93,17,17
63420,80,72,8,8
63421,48,55,-7,7
63422,120,104,16,16
63423,98,92,6,6
63424,43,40,3,3
63425,84,72,12,12
63426,62,57,5,5
63427,165,155,10,10
63428,56,53,3,3
63429,85,75,10,10
63430,109,92,17,17
63431,149,127,22,22
63432,55,45,10,10
63433,89,84,5,5
63434,68,68,0,0
63435,68,60,8,8
63436,146,132,14,14
63437,112,99,13,13
63438,104,88,16,16
63439,49,40,9,9
63440,67,57,10,10
63441,70,47,23,23
63442,109,92,17,17
63443,56,51,5,5
63444,148,130,18,18
63445,97,90,7,7
63446,79,70,9,9
63447,116,97,19,19
63448,97,87,10,10
63449,79,69,10,10
63450,74,59,15,15
63451,67,53,14,14
63452,118,103,15,15
63453,72,68,4,4
63454,128,99,29,29
63455,113,105,8,8
63456,103,100,3,3
63457,86,83,3,3
63458,59,57,2,2
63459,114,109,5,5
63460,125,121,4,4
63461,105,89,16,16
63462,70,60,10,10
63463,147,127,20,20
63464,90,73,17,17
63465,81,76,5,5
63466,65,66,-1,1
63467,63,56,7,7
63468,110,96,14,14
63469,108,89,19,19
63470,62,72,-10,10
63471,107,94,13,13
63472,47,43,4,4
63473,76,69,7,7
63474,92,84,8,8
63475,129,113,16,16
63476,87,80,7,7
63477,90,74,16,16
63478,75,70,5,5
63479,69,65,4,4
63480,61,55,6,6
63481,76,65,11,11
63482,49,42,7,7
63483,133,114,19,19
63484,147,141,6,6
63485,115,86,29,29
63486,88,84,4,4
63487,70,60,10,10
63488,77,70,7,7
63489,64,53,11,11
63490,182,150,32,32
63491,103,87,16,16
63492,91,85,6,6
63493,104,89,15,15
63494,67,52,15,15
63495,90,83,7,7
63496,81,76,5,5
63497,140,124,16,16
63498,64,61,3,3
63499,132,122,10,10
63500,64,54,10,10
63501,117,105,12,12
63502,86,85,1,1
63503,216,181,35,35
63504,129,111,18,18
63505,107,95,12,12
63506,114,101,13,13
63507,99,82,17,17
63508,232,188,44,44
63509,81,76,5,5
63510,117,106,11,11
63511,142,130,12,12
63512,33,30,3,3
63513,80,75,5,5
63514,95,78,17,17
63515,84,71,13,13
63516,111,107,4,4
63517,53,52,1,1
63518,47,49,-2,2
63519,80,71,9,9
63520,81,73,8,8
63521,74,65,9,9
63522,49,46,3,3
63523,124,102,22,22
63524,98,86,12,12
63525,155,142,13,13
63526,58,53,5,5
63527,111,97,14,14
63528,99,99,0,0
63529,124,106,18,18
63530,62,54,8,8
63531,55,50,5,5
63532,72,62,10,10
63533,62,62,0,0
63534,74,61,13,13
63535,76,55,21,21
63536,102,90,12,12
63537,87,70,17,17
63538,136,119,17,17
63539,89,75,14,14
63540,68,62,6,6
63541,67,63,4,4
63542,97,91,6,6
63543,123,105,18,18
63544,170,147,23,23
63545,120,108,12,12
63546,110,105,5,5
63547,100,90,10,10
63548,37,38,-1,1
63549,84,67,17,17
63550,62,55,7,7
63551,145,123,22,22
63552,106,97,9,9
63553,115,98,17,17
63554,126,115,11,11
63555,141,138,3,3
63556,92,78,14,14
63557,110,99,11,11
63558,59,60,-1,1
63559,90,73,17,17
63560,77,70,7,7
63561,70,65,5,5
63562,77,64,13,13
63563,79,65,14,14
63564,154,135,19,19
63565,137,130,7,7
63566,106,96,10,10
63567,116,98,18,18
63568,119,98,21,21
63569,65,51,14,14
63570,139,120,19,19
63571,145,119,26,26
63572,141,125,16,16
63573,119,98,21,21
63574,70,65,5,5
63575,78,69,9,9
63576,75,54,21,21
63577,100,85,15,15
63578,163,139,24,24
63579,162,150,12,12
63580,153,133,20,20
63581,94,86,8,8
63582,74,67,7,7
63583,88,79,9,9
63584,67,63,4,4
63585,100,100,0,0
63586,117,110,7,7
63587,80,69,11,11
63588,95,74,21,21
63589,77,70,7,7
63590,121,100,21,21
63591,141,122,19,19
63592,83,69,14,14
63593,55,49,6,6
63594,87,71,16,16
63595,76,72,4,4
63596,116,95,21,21
63597,162,173,-11,11
63598,114,101,13,13
63599,79,68,11,11
63600,117,110,7,7
63601,54,51,3,3
63602,87,82,5,5
63603,124,117,7,7
63604,101,87,14,14
63605,53,47,6,6
63606,133,120,13,13
63607,75,80,-5,5
63608,78,80,-2,2
63609,69,75,-6,6
63610,40,36,4,4
63611,84,73,11,11
63612,94,85,9,9
63613,75,63,12,12
63614,95,87,8,8
63615,82,85,-3,3
63616,75,63,12,12
63617,141,103,38,38
63618,98,91,7,7
63619,101,100,1,1
63620,49,40,9,9
63621,45,35,10,10
63622,94,85,9,9
63623,132,99,33,33
63624,122,100,22,22
63625,96,85,11,11
63626,89,70,19,19
63627,114,106,8,8
63628,112,95,17,17
63629,55,59,-4,4
63630,63,56,7,7
63631,133,106,27,27
63632,71,72,-1,1
63633,81,62,19,19
63634,104,98,6,6
63635,97,74,23,23
63636,103,99,4,4
63637,110,90,20,20
63638,91,81,10,10
63639,60,53,7,7
63640,58,57,1,1
63641,91,82,9,9
63642,69,66,3,3
63643,75,77,-2,2
63644,175,165,10,10
63645,62,60,2,2
63646,121,111,10,10
63647,64,58,6,6
63648,103,86,17,17
63649,109,63,46,46
63650,111,93,18,18
63651,87,71,16,16
63652,146,124,22,22
63653,68,63,5,5
63654,69,65,4,4
63655,79,72,7,7
63656,111,103,8,8
63657,72,59,13,13
63658,110,94,16,16
63659,106,95,11,11
63660,112,90,22,22
63661,85,66,19,19
63662,153,144,9,9
63663,102,78,24,24
63664,75,71,4,4
63665,123,102,21,21
63666,80,85,-5,5
63667,81,75,6,6
63668,76,68,8,8
63669,107,110,-3,3
63670,163,146,17,17
63671,75,76,-1,1
63672,83,71,12,12
63673,72,59,13,13
63674,73,69,4,4
63675,47,43,4,4
63676,127,114,13,13
63677,31,32,-1,1
63678,88,76,12,12
63679,131,115,16,16
63680,140,144,-4,4
63681,172,150,22,22
63682,86,73,13,13
63683,137,124,13,13
63684,108,97,11,11
63685,67,62,5,5
63686,157,155,2,2
63687,42,47,-5,5
63688,81,73,8,8
63689,96,78,18,18
63690,189,164,25,25
63691,97,97,0,0
63692,82,80,2,2
63693,105,85,20,20
63694,107,85,22,22
63695,81,74,7,7
63696,44,35,9,9
63697,93,83,10,10
63698,63,55,8,8
63699,46,82,-36,36
63700,128,122,6,6
63701,133,122,11,11
63702,40,37,3,3
63703,119,100,19,19
63704,100,82,18,18
63705,96,85,11,11
63706,84,76,8,8
63707,188,173,15,15
63708,66,61,5,5
63709,145,135,10,10
63710,50,55,-5,5
63711,74,66,8,8
63712,82,74,8,8
63713,92,75,17,17
63714,131,120,11,11
63715,69,61,8,8
63716,97,83,14,14
63717,137,122,15,15
63718,98,88,10,10
63719,67,63,4,4
63720,107,102,5,5
63721,49,40,9,9
63722,76,69,7,7
63723,66,59,7,7
63724,170,145,25,25
63725,101,95,6,6
63726,95,74,21,21
63727,76,62,14,14
63728,82,73,9,9
63729,84,73,11,11
63730,106,93,13,13
63731,64,69,-5,5
63732,91,81,10,10
63733,86,75,11,11
63734,54,47,7,7
63735,82,91,-9,9
63736,89,80,9,9
63737,97,86,11,11
63738,161,141,20,20
63739,48,34,14,14
63740,109,98,11,11
63741,159,136,23,23
63742,106,99,7,7
63743,181,143,38,38
63744,129,122,7,7
63745,101,96,5,5
63746,114,96,18,18
63747,126,106,20,20
63748,168,139,29,29
63749,95,90,5,5
63750,80,73,7,7
63751,96,84,12,12
63752,35,30,5,5
63753,73,67,6,6
63754,89,76,13,13
63755,107,89,18,18
63756,88,82,6,6
63757,92,85,7,7
63758,91,72,19,19
63759,91,73,18,18
63760,120,124,-4,4
63761,82,71,11,11
63762,80,75,5,5
63763,55,49,6,6
63764,76,57,19,19
63765,72,60,12,12
63766,105,89,16,16
63767,113,101,12,12
63768,67,60,7,7
63769,101,94,7,7
63770,80,67,13,13
63771,80,74,6,6
63772,96,81,15,15
63773,71,59,12,12
63774,148,137,11,11
63775,72,60,12,12
63776,127,121,6,6
63777,75,66,9,9
63778,83,75,8,8
63779,90,84,6,6
63780,86,80,6,6
63781,75,66,9,9
63782,72,63,9,9
63783,70,56,14,14
63784,105,91,14,14
63785,41,33,8,8
63786,68,64,4,4
63787,86,75,11,11
63788,64,51,13,13
63789,86,84,2,2
63790,51,52,-1,1
63791,124,104,20,20
63792,88,83,5,5
63793,93,84,9,9
63794,54,61,-7,7
63795,71,58,13,13
63796,132,125,7,7
63797,101,86,15,15
63798,172,144,28,28
63799,176,158,18,18
63800,173,161,12,12
63801,130,115,15,15
63802,79,65,14,14
63803,102,93,9,9
63804,133,120,13,13
63805,90,65,25,25
63806,102,90,12,12
63807,65,58,7,7
63808,128,110,18,18
63809,159,116,43,43
63810,57,54,3,3
63811,171,151,20,20
63812,66,65,1,1
63813,165,140,25,25
63814,51,41,10,10
63815,111,100,11,11
63816,211,168,43,43
63817,89,72,17,17
63818,74,69,5,5
63819,86,88,-2,2
63820,129,96,33,33
63821,67,55,12,12
63822,112,97,15,15
63823,102,72,30,30
63824,76,65,11,11
63825,67,70,-3,3
63826,96,84,12,12
63827,115,108,7,7
63828,95,90,5,5
63829,129,113,16,16
63830,78,66,12,12
63831,58,56,2,2
63832,93,82,11,11
63833,53,43,10,10
63834,62,57,5,5
63835,89,82,7,7
63836,110,98,12,12
63837,109,109,0,0
63838,34,57,-23,23
63839,94,70,24,24
63840,54,51,3,3
63841,111,102,9,9
63842,128,119,9,9
63843,141,124,17,17
63844,92,76,16,16
63845,102,76,26,26
63846,94,90,4,4
63847,130,111,19,19
63848,93,87,6,6
63849,86,67,19,19
63850,102,92,10,10
63851,137,110,27,27
63852,55,40,15,15
63853,118,105,13,13
63854,121,105,16,16
63855,155,136,19,19
63856,71,68,3,3
63857,140,130,10,10
63858,64,68,-4,4
63859,110,110,0,0
63860,119,114,5,5
63861,55,51,4,4
63862,80,75,5,5
63863,142,115,27,27
63864,44,47,-3,3
63865,111,104,7,7
63866,113,99,14,14
63867,146,119,27,27
63868,169,159,10,10
63869,129,110,19,19
63870,76,75,1,1
63871,67,57,10,10
63872,75,61,14,14
63873,68,61,7,7
63874,74,70,4,4
63875,80,68,12,12
63876,33,29,4,4
63877,91,78,13,13
63878,75,65,10,10
63879,94,79,15,15
63880,142,113,29,29
63881,50,95,-45,45
63882,193,177,16,16
63883,81,76,5,5
63884,111,93,18,18
63885,130,118,12,12
63886,51,47,4,4
63887,73,64,9,9
63888,136,129,7,7
63889,94,84,10,10
63890,111,90,21,21
63891,119,106,13,13
63892,101,92,9,9
63893,79,64,15,15
63894,92,83,9,9
63895,84,68,16,16
63896,48,46,2,2
63897,105,95,10,10
63898,87,70,17,17
63899,91,88,3,3
63900,78,71,7,7
63901,136,136,0,0
63902,123,112,11,11
63903,130,116,14,14
63904,126,107,19,19
63905,84,83,1,1
63906,122,113,9,9
63907,124,112,12,12
63908,117,99,18,18
63909,49,40,9,9
63910,63,53,10,10
63911,64,57,7,7
63912,57,51,6,6
63913,37,37,0,0
63914,38,39,-1,1
63915,56,49,7,7
63916,137,117,20,20
63917,109,103,6,6
63918,158,141,17,17
63919,112,109,3,3
63920,96,90,6,6
63921,99,93,6,6
63922,68,61,7,7
63923,94,86,8,8
63924,118,106,12,12
63925,80,75,5,5
63926,78,78,0,0
63927,94,78,16,16
63928,172,158,14,14
63929,39,37,2,2
63930,62,63,-1,1
63931,152,121,31,31
63932,120,104,16,16
63933,90,76,14,14
63934,105,88,17,17
63935,80,70,10,10
63936,58,56,2,2
63937,51,49,2,2
63938,90,80,10,10
63939,107,91,16,16
63940,71,67,4,4
63941,61,60,1,1
63942,111,125,-14,14
63943,88,85,3,3
63944,56,55,1,1
63945,93,81,12,12
63946,106,91,15,15
63947,96,84,12,12
63948,81,79,2,2
63949,63,49,14,14
63950,112,105,7,7
63951,120,99,21,21
63952,59,47,12,12
63953,103,76,27,27
63954,50,49,1,1
63955,115,86,29,29
63956,54,56,-2,2
63957,71,60,11,11
63958,59,50,9,9
63959,115,97,18,18
63960,47,48,-1,1
63961,100,86,14,14
63962,77,69,8,8
63963,195,163,32,32
63964,118,103,15,15
63965,90,79,11,11
63966,101,92,9,9
63967,141,123,18,18
63968,153,132,21,21
63969,72,71,1,1
63970,76,73,3,3
63971,141,110,31,31
63972,168,140,28,28
63973,189,148,41,41
63974,52,48,4,4
63975,90,80,10,10
63976,81,75,6,6
63977,54,51,3,3
63978,128,106,22,22
63979,86,81,5,5
63980,65,63,2,2
63981,53,46,7,7
63982,57,54,3,3
63983,90,49,41,41
63984,73,72,1,1
63985,75,76,-1,1
63986,85,72,13,13
63987,143,129,14,14
63988,44,53,-9,9
63989,81,65,16,16
63990,76,71,5,5
63991,126,112,14,14
63992,46,46,0,0
63993,139,115,24,24
63994,154,133,21,21
63995,161,150,11,11
63996,59,48,11,11
63997,78,73,5,5
63998,85,77,8,8
63999,48,52,-4,4
64000,71,62,9,9
64001,79,72,7,7
64002,65,54,11,11
64003,78,69,9,9
64004,117,105,12,12
64005,51,44,7,7
64006,153,79,74,74
64007,118,110,8,8
64008,66,58,8,8
64009,75,72,3,3
64010,102,97,5,5
64011,85,74,11,11
64012,64,57,7,7
64013,95,89,6,6
64014,160,135,25,25
64015,94,82,12,12
64016,68,73,-5,5
64017,180,164,16,16
64018,52,68,-16,16
64019,106,97,9,9
64020,85,76,9,9
64021,115,116,-1,1
64022,57,44,13,13
64023,104,94,10,10
64024,53,50,3,3
64025,79,65,14,14
64026,68,73,-5,5
64027,86,69,17,17
64028,121,101,20,20
64029,54,46,8,8
64030,74,64,10,10
64031,122,127,-5,5
64032,67,62,5,5
64033,128,118,10,10
64034,56,52,4,4
64035,146,135,11,11
64036,111,104,7,7
64037,86,81,5,5
64038,96,78,18,18
64039,144,141,3,3
64040,73,66,7,7
64041,50,46,4,4
64042,179,169,10,10
64043,83,76,7,7
64044,62,58,4,4
64045,103,93,10,10
64046,101,91,10,10
64047,59,57,2,2
64048,74,60,14,14
64049,72,63,9,9
64050,75,75,0,0
64051,109,101,8,8
64052,102,82,20,20
64053,143,124,19,19
64054,83,85,-2,2
64055,156,147,9,9
64056,124,105,19,19
64057,80,71,9,9
64058,161,133,28,28
64059,54,55,-1,1
64060,75,76,-1,1
64061,155,122,33,33
64062,117,94,23,23
64063,130,119,11,11
64064,225,181,44,44
64065,94,83,11,11
64066,63,52,11,11
64067,72,61,11,11
64068,179,155,24,24
64069,141,127,14,14
64070,82,66,16,16
64071,62,45,17,17
64072,122,111,11,11
64073,79,66,13,13
64074,93,73,20,20
64075,137,149,-12,12
64076,110,103,7,7
64077,137,124,13,13
64078,84,66,18,18
64079,64,58,6,6
64080,64,51,13,13
64081,56,53,3,3
64082,70,65,5,5
64083,76,70,6,6
64084,118,99,19,19
64085,88,73,15,15
64086,81,68,13,13
64087,129,111,18,18
64088,64,63,1,1
64089,97,82,15,15
64090,123,118,5,5
64091,86,67,19,19
64092,97,84,13,13
64093,115,108,7,7
64094,96,93,3,3
64095,77,69,8,8
64096,168,166,2,2
64097,51,49,2,2
64098,90,77,13,13
64099,56,59,-3,3
64100,71,68,3,3
64101,107,100,7,7
64102,94,77,17,17
64103,46,50,-4,4
64104,118,99,19,19
64105,129,108,21,21
64106,106,100,6,6
64107,81,78,3,3
64108,82,70,12,12
64109,56,50,6,6
64110,79,66,13,13
64111,71,67,4,4
64112,148,141,7,7
64113,205,173,32,32
64114,142,115,27,27
64115,85,68,17,17
64116,47,45,2,2
64117,91,81,10,10
64118,108,93,15,15
64119,73,63,10,10
64120,102,96,6,6
64121,129,126,3,3
64122,130,147,-17,17
64123,103,83,20,20
64124,70,82,-12,12
64125,90,75,15,15
64126,118,121,-3,3
64127,85,65,20,20
64128,63,62,1,1
64129,62,50,12,12
64130,93,82,11,11
64131,66,74,-8,8
64132,57,52,5,5
64133,43,43,0,0
64134,104,90,14,14
64135,131,115,16,16
64136,88,73,15,15
64137,79,74,5,5
64138,83,64,19,19
64139,77,65,12,12
64140,82,75,7,7
64141,109,96,13,13
64142,118,101,17,17
64143,134,124,10,10
64144,124,117,7,7
64145,105,99,6,6
64146,102,86,16,16
64147,109,94,15,15
64148,100,88,12,12
64149,84,76,8,8
64150,88,77,11,11
64151,86,74,12,12
64152,92,78,14,14
64153,125,106,19,19
64154,70,58,12,12
64155,167,129,38,38
64156,151,144,7,7
64157,80,68,12,12
64158,125,91,34,34
64159,140,138,2,2
64160,101,90,11,11
64161,68,54,14,14
64162,48,52,-4,4
64163,105,93,12,12
64164,72,60,12,12
64165,73,66,7,7
64166,139,124,15,15
64167,88,82,6,6
64168,65,89,-24,24
64169,100,87,13,13
64170,150,140,10,10
64171,116,104,12,12
64172,64,56,8,8
64173,115,97,18,18
64174,58,54,4,4
64175,132,129,3,3
64176,91,74,17,17
64177,75,60,15,15
64178,98,91,7,7
64179,109,95,14,14
64180,115,94,21,21
64181,86,85,1,1
64182,100,78,22,22
64183,77,68,9,9
64184,156,148,8,8
64185,63,56,7,7
64186,81,73,8,8
64187,95,83,12,12
64188,70,61,9,9
64189,100,90,10,10
64190,92,82,10,10
64191,150,137,13,13
64192,99,96,3,3
64193,133,115,18,18
64194,46,45,1,1
64195,99,81,18,18
64196,128,110,18,18
64197,77,71,6,6
64198,77,66,11,11
64199,62,62,0,0
64200,175,142,33,33
64201,183,165,18,18
64202,80,77,3,3
64203,124,114,10,10
64204,116,103,13,13
64205,140,125,15,15
64206,74,60,14,14
64207,104,112,-8,8
64208,43,48,-5,5
64209,191,161,30,30
64210,245,225,20,20
64211,94,78,16,16
64212,110,93,17,17
64213,86,76,10,10
64214,49,50,-1,1
64215,116,107,9,9
64216,58,51,7,7
64217,51,65,-14,14
64218,96,86,10,10
64219,73,70,3,3
64220,100,92,8,8
64221,83,127,-44,44
64222,130,115,15,15
64223,64,60,4,4
64224,77,67,10,10
64225,126,118,8,8
64226,52,46,6,6
64227,84,71,13,13
64228,69,74,-5,5
64229,107,114,-7,7
64230,104,83,21,21
64231,55,49,6,6
64232,87,85,2,2
64233,88,82,6,6
64234,147,140,7,7
64235,122,102,20,20
64236,120,103,17,17
64237,166,150,16,16
64238,80,78,2,2
64239,122,112,10,10
64240,43,35,8,8
64241,121,99,22,22
64242,70,67,3,3
64243,101,89,12,12
64244,57,54,3,3
64245,100,86,14,14
64246,52,52,0,0
64247,69,63,6,6
64248,52,42,10,10
64249,60,55,5,5
64250,74,64,10,10
64251,92,84,8,8
64252,47,48,-1,1
64253,91,81,10,10
64254,72,70,2,2
64255,45,38,7,7
64256,70,69,1,1
64257,119,106,13,13
64258,113,102,11,11
64259,51,45,6,6
64260,56,52,4,4
64261,95,82,13,13
64262,82,82,0,0
64263,79,69,10,10
64264,70,67,3,3
64265,78,73,5,5
64266,94,84,10,10
64267,68,58,10,10
64268,87,85,2,2
64269,164,169,-5,5
64270,101,84,17,17
64271,145,130,15,15
64272,50,43,7,7
64273,65,75,-10,10
64274,108,89,19,19
64275,77,65,12,12
64276,153,128,25,25
64277,113,95,18,18
64278,181,140,41,41
64279,52,44,8,8
64280,96,85,11,11
64281,139,119,20,20
64282,91,83,8,8
64283,73,67,6,6
64284,77,72,5,5
64285,71,64,7,7
64286,51,48,3,3
64287,90,81,9,9
64288,68,57,11,11
64289,73,66,7,7
64290,94,91,3,3
64291,69,59,10,10
64292,90,80,10,10
64293,154,143,11,11
64294,163,130,33,33
64295,74,70,4,4
64296,55,50,5,5
64297,73,71,2,2
64298,33,20,13,13
64299,154,133,21,21
64300,70,47,23,23
64301,72,67,5,5
64302,96,93,3,3
64303,117,106,11,11
64304,127,117,10,10
64305,84,79,5,5
64306,99,95,4,4
64307,72,63,9,9
64308,144,122,22,22
64309,74,69,5,5
64310,75,66,9,9
64311,89,79,10,10
64312,122,104,18,18
64313,165,147,18,18
64314,45,39,6,6
64315,82,79,3,3
64316,84,70,14,14
64317,166,148,18,18
64318,140,116,24,24
64319,96,94,2,2
64320,73,64,9,9
64321,200,174,26,26
64322,113,98,15,15
64323,137,119,18,18
64324,87,80,7,7
64325,127,112,15,15
64326,74,56,18,18
64327,89,76,13,13
64328,128,126,2,2
64329,73,68,5,5
64330,53,44,9,9
64331,26,40,-14,14
64332,104,96,8,8
64333,91,78,13,13
64334,157,138,19,19
64335,93,78,15,15
64336,125,119,6,6
64337,66,55,11,11
64338,125,107,18,18
64339,144,107,37,37
64340,106,90,16,16
64341,129,109,20,20
64342,86,84,2,2
64343,188,163,25,25
64344,142,120,22,22
64345,54,49,5,5
64346,185,143,42,42
64347,152,136,16,16
64348,55,47,8,8
64349,74,73,1,1
64350,132,125,7,7
64351,80,69,11,11
64352,77,68,9,9
64353,67,68,-1,1
64354,71,62,9,9
64355,129,113,16,16
64356,116,100,16,16
64357,97,84,13,13
64358,39,36,3,3
64359,44,44,0,0
64360,73,65,8,8
64361,78,68,10,10
64362,68,57,11,11
64363,57,48,9,9
64364,97,67,30,30
64365,77,69,8,8
64366,159,145,14,14
64367,144,117,27,27
64368,58,55,3,3
64369,74,72,2,2
64370,47,44,3,3
64371,86,73,13,13
64372,95,71,24,24
64373,74,63,11,11
64374,84,89,-5,5
64375,175,152,23,23
64376,47,41,6,6
64377,110,92,18,18
64378,181,159,22,22
64379,117,105,12,12
64380,77,61,16,16
64381,88,70,18,18
64382,84,81,3,3
64383,56,46,10,10
64384,49,43,6,6
64385,75,74,1,1
64386,58,48,10,10
64387,110,103,7,7
64388,80,75,5,5
64389,120,118,2,2
64390,79,86,-7,7
64391,107,101,6,6
64392,79,71,8,8
64393,69,60,9,9
64394,36,41,-5,5
64395,106,94,12,12
64396,64,53,11,11
64397,91,87,4,4
64398,70,65,5,5
64399,69,59,10,10
64400,75,73,2,2
64401,54,48,6,6
64402,69,68,1,1
64403,105,104,1,1
64404,67,64,3,3
64405,28,30,-2,2
64406,57,50,7,7
64407,46,33,13,13
64408,52,48,4,4
64409,122,114,8,8
64410,101,90,11,11
64411,129,107,22,22
64412,143,145,-2,2
64413,193,166,27,27
64414,55,50,5,5
64415,92,82,10,10
64416,107,79,28,28
64417,137,109,28,28
64418,100,90,10,10
64419,61,67,-6,6
64420,113,89,24,24
64421,112,97,15,15
64422,78,62,16,16
64423,82,81,1,1
64424,58,59,-1,1
64425,65,49,16,16
64426,52,53,-1,1
64427,106,94,12,12
64428,47,47,0,0
64429,72,70,2,2
64430,75,69,6,6
64431,135,128,7,7
64432,87,81,6,6
64433,175,153,22,22
64434,99,95,4,4
64435,50,45,5,5
64436,90,77,13,13
64437,83,81,2,2
64438,68,62,6,6
64439,85,78,7,7
64440,73,68,5,5
64441,58,60,-2,2
64442,78,69,9,9
64443,89,86,3,3
64444,49,44,5,5
64445,73,57,16,16
64446,108,78,30,30
64447,60,58,2,2
64448,142,122,20,20
64449,217,181,36,36
64450,57,45,12,12
64451,61,52,9,9
64452,82,65,17,17
64453,73,68,5,5
64454,108,97,11,11
64455,139,134,5,5
64456,80,66,14,14
64457,218,193,25,25
64458,119,105,14,14
64459,105,93,12,12
64460,57,52,5,5
64461,106,107,-1,1
64462,74,75,-1,1
64463,77,74,3,3
64464,143,125,18,18
64465,103,93,10,10
64466,120,105,15,15
64467,124,98,26,26
64468,112,96,16,16
64469,105,88,17,17
64470,144,133,11,11
64471,97,81,16,16
64472,65,55,10,10
64473,74,64,10,10
64474,55,50,5,5
64475,80,72,8,8
64476,115,105,10,10
64477,145,142,3,3
64478,103,100,3,3
64479,132,109,23,23
64480,46,36,10,10
64481,59,50,9,9
64482,83,70,13,13
64483,150,136,14,14
64484,182,157,25,25
64485,44,43,1,1
64486,64,67,-3,3
64487,53,48,5,5
64488,78,78,0,0
64489,112,110,2,2
64490,109,96,13,13
64491,95,93,2,2
64492,62,82,-20,20
64493,57,52,5,5
64494,130,118,12,12
64495,101,88,13,13
64496,135,127,8,8
64497,100,106,-6,6
64498,107,106,1,1
64499,97,96,1,1
64500,79,66,13,13
64501,80,74,6,6
64502,94,62,32,32
64503,122,107,15,15
64504,57,52,5,5
64505,58,56,2,2
64506,76,70,6,6
64507,144,116,28,28
64508,51,40,11,11
64509,54,51,3,3
64510,85,77,8,8
64511,61,56,5,5
64512,148,113,35,35
64513,33,34,-1,1
64514,99,81,18,18
64515,117,98,19,19
64516,82,70,12,12
64517,54,70,-16,16
64518,144,127,17,17
64519,141,121,20,20
64520,80,79,1,1
64521,203,169,34,34
64522,93,83,10,10
64523,65,60,5,5
64524,61,49,12,12
64525,139,122,17,17
64526,84,79,5,5
64527,72,72,0,0
64528,68,65,3,3
64529,56,60,-4,4
64530,101,91,10,10
64531,63,65,-2,2
64532,94,87,7,7
64533,120,110,10,10
64534,113,105,8,8
64535,32,30,2,2
64536,94,95,-1,1
64537,116,105,11,11
64538,101,88,13,13
64539,57,55,2,2
64540,144,130,14,14
64541,76,67,9,9
64542,94,83,11,11
64543,80,76,4,4
64544,100,90,10,10
64545,150,126,24,24
64546,85,79,6,6
64547,77,66,11,11
64548,75,64,11,11
64549,170,144,26,26
64550,138,128,10,10
64551,74,63,11,11
64552,83,72,11,11
64553,193,176,17,17
64554,95,76,19,19
64555,132,118,14,14
64556,69,60,9,9
64557,120,124,-4,4
64558,102,90,12,12
64559,87,70,17,17
64560,133,103,30,30
64561,106,94,12,12
64562,90,85,5,5
64563,61,52,9,9
64564,87,76,11,11
64565,130,113,17,17
64566,77,70,7,7
64567,80,89,-9,9
64568,95,70,25,25
64569,64,56,8,8
64570,57,55,2,2
64571,70,62,8,8
64572,111,99,12,12
64573,54,50,4,4
64574,142,153,-11,11
64575,52,49,3,3
64576,47,48,-1,1
64577,133,127,6,6
64578,140,138,2,2
64579,60,59,1,1
64580,186,146,40,40
64581,77,70,7,7
64582,101,84,17,17
64583,59,50,9,9
64584,121,115,6,6
64585,104,101,3,3
64586,155,121,34,34
64587,83,73,10,10
64588,77,65,12,12
64589,123,98,25,25
64590,59,51,8,8
64591,105,83,22,22
64592,75,75,0,0
64593,116,97,19,19
64594,72,66,6,6
64595,149,140,9,9
64596,119,103,16,16
64597,63,64,-1,1
64598,87,74,13,13
64599,137,119,18,18
64600,82,67,15,15
64601,125,109,16,16
64602,36,44,-8,8
64603,67,63,4,4
64604,116,107,9,9
64605,155,135,20,20
64606,103,82,21,21
64607,104,87,17,17
64608,143,125,18,18
64609,123,112,11,11
64610,121,104,17,17
64611,87,66,21,21
64612,72,68,4,4
64613,49,61,-12,12
64614,69,73,-4,4
64615,72,81,-9,9
64616,116,82,34,34
64617,138,132,6,6
64618,97,90,7,7
64619,63,54,9,9
64620,109,91,18,18
64621,80,73,7,7
64622,96,81,15,15
64623,98,77,21,21
64624,101,95,6,6
64625,143,124,19,19
64626,90,81,9,9
64627,85,73,12,12
64628,120,113,7,7
64629,65,52,13,13
64630,161,135,26,26
64631,124,98,26,26
64632,103,93,10,10
64633,99,88,11,11
64634,121,119,2,2
64635,122,108,14,14
64636,104,102,2,2
64637,160,161,-1,1
64638,109,79,30,30
64639,63,58,5,5
64640,112,101,11,11
64641,88,76,12,12
64642,88,81,7,7
64643,101,102,-1,1
64644,50,44,6,6
64645,170,159,11,11
64646,64,64,0,0
64647,102,101,1,1
64648,93,81,12,12
64649,132,118,14,14
64650,75,76,-1,1
64651,84,67,17,17
64652,60,59,1,1
64653,103,105,-2,2
64654,58,50,8,8
64655,153,129,24,24
64656,135,112,23,23
64657,62,73,-11,11
64658,162,137,25,25
64659,74,69,5,5
64660,90,73,17,17
64661,127,115,12,12
64662,97,91,6,6
64663,102,88,14,14
64664,117,103,14,14
64665,38,39,-1,1
64666,114,97,17,17
64667,45,37,8,8
64668,100,88,12,12
64669,61,53,8,8
64670,101,85,16,16
64671,120,110,10,10
64672,152,130,22,22
64673,84,78,6,6
64674,100,80,20,20
64675,108,93,15,15
64676,124,125,-1,1
64677,148,140,8,8
64678,46,43,3,3
64679,119,108,11,11
64680,118,96,22,22
64681,52,49,3,3
64682,104,100,4,4
64683,82,90,-8,8
64684,100,78,22,22
64685,118,101,17,17
64686,70,68,2,2
64687,104,80,24,24
64688,141,124,17,17
64689,97,85,12,12
64690,24,33,-9,9
64691,192,156,36,36
64692,71,59,12,12
64693,78,77,1,1
64694,46,44,2,2
64695,79,73,6,6
64696,153,126,27,27
64697,88,89,-1,1
64698,64,66,-2,2
64699,81,64,17,17
64700,81,74,7,7
64701,105,93,12,12
64702,88,84,4,4
64703,120,113,7,7
64704,68,60,8,8
64705,84,74,10,10
64706,121,106,15,15
64707,80,65,15,15
64708,138,124,14,14
64709,90,73,17,17
64710,87,80,7,7
64711,92,82,10,10
64712,111,108,3,3
64713,77,66,11,11
64714,74,66,8,8
64715,170,131,39,39
64716,77,72,5,5
64717,117,110,7,7
64718,151,121,30,30
64719,84,79,5,5
64720,108,105,3,3
64721,69,67,2,2
64722,121,115,6,6
64723,94,91,3,3
64724,41,37,4,4
64725,140,123,17,17
64726,76,62,14,14
64727,85,70,15,15
64728,104,101,3,3
64729,48,47,1,1
64730,128,124,4,4
64731,68,61,7,7
64732,70,59,11,11
64733,93,76,17,17
64734,69,72,-3,3
64735,56,45,11,11
64736,96,86,10,10
64737,50,45,5,5
64738,64,61,3,3
64739,69,66,3,3
64740,89,77,12,12
64741,75,72,3,3
64742,77,69,8,8
64743,68,55,13,13
64744,59,80,-21,21
64745,140,111,29,29
64746,79,67,12,12
64747,46,40,6,6
64748,54,44,10,10
64749,89,83,6,6
64750,99,93,6,6
64751,68,59,9,9
64752,86,87,-1,1
64753,106,87,19,19
64754,82,72,10,10
64755,97,115,-18,18
64756,29,38,-9,9
64757,99,86,13,13
64758,119,108,11,11
64759,102,94,8,8
64760,104,96,8,8
64761,148,112,36,36
64762,146,125,21,21
64763,107,88,19,19
64764,49,45,4,4
64765,45,38,7,7
64766,133,117,16,16
64767,102,93,9,9
64768,110,104,6,6
64769,100,88,12,12
64770,112,94,18,18
64771,59,62,-3,3
64772,73,58,15,15
64773,115,115,0,0
64774,88,77,11,11
64775,77,81,-4,4
64776,133,118,15,15
64777,86,77,9,9
64778,74,57,17,17
64779,125,115,10,10
64780,97,89,8,8
64781,71,60,11,11
64782,42,38,4,4
64783,140,127,13,13
64784,70,65,5,5
64785,76,75,1,1
64786,59,51,8,8
64787,87,86,1,1
64788,134,107,27,27
64789,173,150,23,23
64790,47,42,5,5
64791,112,90,22,22
64792,94,91,3,3
64793,81,69,12,12
64794,152,137,15,15
64795,56,51,5,5
64796,72,65,7,7
64797,82,72,10,10
64798,68,60,8,8
64799,87,81,6,6
64800,116,119,-3,3
64801,49,39,10,10
64802,124,113,11,11
64803,146,136,10,10
64804,151,131,20,20
64805,67,75,-8,8
64806,57,82,-25,25
64807,147,136,11,11
64808,104,96,8,8
64809,124,116,8,8
64810,46,45,1,1
64811,118,106,12,12
64812,110,98,12,12
64813,82,72,10,10
64814,97,82,15,15
64815,104,85,19,19
64816,46,41,5,5
64817,76,73,3,3
64818,66,62,4,4
64819,51,44,7,7
64820,63,50,13,13
64821,81,70,11,11
64822,110,102,8,8
64823,160,147,13,13
64824,65,57,8,8
64825,43,40,3,3
64826,67,105,-38,38
64827,104,90,14,14
64828,83,79,4,4
64829,57,60,-3,3
64830,139,121,18,18
64831,78,71,7,7
64832,68,52,16,16
64833,91,78,13,13
64834,117,106,11,11
64835,117,101,16,16
64836,110,104,6,6
64837,67,59,8,8
64838,89,81,8,8
64839,96,96,0,0
64840,92,92,0,0
64841,87,76,11,11
64842,92,76,16,16
64843,59,59,0,0
64844,66,57,9,9
64845,160,147,13,13
64846,188,158,30,30
64847,96,87,9,9
64848,75,75,0,0
64849,140,121,19,19
64850,95,84,11,11
64851,83,74,9,9
64852,103,94,9,9
64853,81,73,8,8
64854,87,78,9,9
64855,90,85,5,5
64856,66,61,5,5
64857,100,86,14,14
64858,75,63,12,12
64859,50,44,6,6
64860,68,63,5,5
64861,82,70,12,12
64862,72,62,10,10
64863,56,54,2,2
64864,113,105,8,8
64865,41,40,1,1
64866,56,50,6,6
64867,92,77,15,15
64868,68,61,7,7
64869,63,56,7,7
64870,111,105,6,6
64871,74,69,5,5
64872,91,80,11,11
64873,84,126,-42,42
64874,107,106,1,1
64875,95,81,14,14
64876,80,67,13,13
64877,125,117,8,8
64878,57,49,8,8
64879,115,110,5,5
64880,117,102,15,15
64881,71,68,3,3
64882,72,60,12,12
64883,199,168,31,31
64884,100,95,5,5
64885,75,59,16,16
64886,78,69,9,9
64887,82,70,12,12
64888,85,78,7,7
64889,53,51,2,2
64890,89,80,9,9
64891,111,92,19,19
64892,58,51,7,7
64893,74,60,14,14
64894,106,107,-1,1
64895,139,125,14,14
64896,94,82,12,12
64897,66,57,9,9
64898,140,112,28,28
64899,100,90,10,10
64900,60,52,8,8
64901,118,99,19,19
64902,108,89,19,19
64903,131,110,21,21
64904,141,140,1,1
64905,107,99,8,8
64906,65,73,-8,8
64907,104,98,6,6
64908,121,114,7,7
64909,93,92,1,1
64910,85,79,6,6
64911,77,63,14,14
64912,113,95,18,18
64913,44,39,5,5
64914,110,113,-3,3
64915,75,63,12,12
64916,65,65,0,0
64917,59,51,8,8
64918,102,82,20,20
64919,93,101,-8,8
64920,85,76,9,9
64921,57,48,9,9
64922,129,114,15,15
64923,45,48,-3,3
64924,60,71,-11,11
64925,89,86,3,3
64926,93,83,10,10
64927,104,91,13,13
64928,55,50,5,5
64929,83,78,5,5
64930,137,118,19,19
64931,109,88,21,21
64932,69,63,6,6
64933,110,112,-2,2
64934,119,90,29,29
64935,97,82,15,15
64936,81,71,10,10
64937,104,91,13,13
64938,71,71,0,0
64939,50,51,-1,1
64940,136,117,19,19
64941,70,58,12,12
64942,63,61,2,2
64943,90,84,6,6
64944,102,89,13,13
64945,50,44,6,6
64946,138,113,25,25
64947,103,115,-12,12
64948,127,112,15,15
64949,129,120,9,9
64950,144,127,17,17
64951,52,52,0,0
64952,72,69,3,3
64953,94,86,8,8
64954,77,63,14,14
64955,62,58,4,4
64956,91,84,7,7
64957,58,51,7,7
64958,78,68,10,10
64959,63,58,5,5
64960,111,94,17,17
64961,87,77,10,10
64962,85,74,11,11
64963,224,181,43,43
64964,99,85,14,14
64965,84,69,15,15
64966,101,89,12,12
64967,156,120,36,36
64968,50,46,4,4
64969,82,72,10,10
64970,190,180,10,10
64971,127,119,8,8
64972,61,55,6,6
64973,100,92,8,8
64974,81,77,4,4
64975,141,114,27,27
64976,80,68,12,12
64977,67,60,7,7
64978,90,83,7,7
64979,81,66,15,15
64980,55,46,9,9
64981,85,79,6,6
64982,36,36,0,0
64983,87,66,21,21
64984,73,73,0,0
64985,90,78,12,12
64986,69,60,9,9
64987,88,77,11,11
64988,64,59,5,5
64989,56,49,7,7
64990,130,107,23,23
64991,59,52,7,7
64992,140,137,3,3
64993,129,105,24,24
64994,122,107,15,15
64995,69,59,10,10
64996,65,66,-1,1
64997,103,92,11,11
64998,36,27,9,9
64999,193,178,15,15
65000,123,107,16,16
65001,77,64,13,13
65002,75,63,12,12
65003,85,84,1,1
65004,124,114,10,10
65005,148,139,9,9
65006,92,86,6,6
65007,70,50,20,20
65008,129,112,17,17
65009,51,43,8,8
65010,98,80,18,18
65011,130,113,17,17
65012,134,118,16,16
65013,89,73,16,16
65014,83,83,0,0
65015,89,82,7,7
65016,101,87,14,14
65017,110,89,21,21
65018,68,58,10,10
65019,68,58,10,10
65020,72,65,7,7
65021,77,73,4,4
65022,147,123,24,24
65023,117,104,13,13
65024,79,89,-10,10
65025,103,95,8,8
65026,65,63,2,2
65027,102,89,13,13
65028,66,61,5,5
65029,101,86,15,15
65030,77,73,4,4
65031,58,56,2,2
65032,75,70,5,5
65033,50,55,-5,5
65034,116,100,16,16
65035,78,68,10,10
65036,111,89,22,22
65037,35,34,1,1
65038,94,83,11,11
65039,136,119,17,17
65040,71,62,9,9
65041,94,98,-4,4
65042,81,69,12,12
65043,54,46,8,8
65044,94,78,16,16
65045,94,87,7,7
65046,143,128,15,15
65047,82,75,7,7
65048,156,130,26,26
65049,81,77,4,4
65050,169,152,17,17
65051,104,90,14,14
65052,107,98,9,9
65053,69,71,-2,2
65054,123,95,28,28
65055,51,48,3,3
65056,88,85,3,3
65057,41,39,2,2
65058,56,58,-2,2
65059,138,130,8,8
65060,102,89,13,13
65061,97,81,16,16
65062,124,119,5,5
65063,124,107,17,17
65064,119,120,-1,1
65065,55,47,8,8
65066,116,103,13,13
65067,60,52,8,8
65068,134,113,21,21
65069,63,79,-16,16
65070,73,64,9,9
65071,145,127,18,18
65072,111,98,13,13
65073,110,107,3,3
65074,194,169,25,25
65075,92,87,5,5
65076,97,79,18,18
65077,116,107,9,9
65078,61,49,12,12
65079,150,135,15,15
65080,45,39,6,6
65081,99,80,19,19
65082,79,70,9,9
65083,118,110,8,8
65084,74,59,15,15
65085,108,95,13,13
65086,85,71,14,14
65087,89,73,16,16
65088,107,98,9,9
65089,165,155,10,10
65090,84,72,12,12
65091,132,113,19,19
65092,90,75,15,15
65093,144,110,34,34
65094,87,81,6,6
65095,103,80,23,23
65096,98,92,6,6
65097,88,77,11,11
65098,125,110,15,15
65099,112,93,19,19
65100,51,54,-3,3
65101,105,96,9,9
65102,149,117,32,32
65103,109,95,14,14
65104,74,68,6,6
65105,83,76,7,7
65106,85,76,9,9
65107,75,59,16,16
65108,78,76,2,2
65109,67,61,6,6
65110,48,44,4,4
65111,109,80,29,29
65112,92,77,15,15
65113,90,85,5,5
65114,90,80,10,10
65115,98,87,11,11
65116,76,67,9,9
65117,83,78,5,5
65118,148,140,8,8
65119,99,88,11,11
65120,68,65,3,3
65121,79,66,13,13
65122,98,92,6,6
65123,194,176,18,18
65124,90,74,16,16
65125,70,59,11,11
65126,88,79,9,9
65127,66,59,7,7
65128,81,60,21,21
65129,122,111,11,11
65130,96,90,6,6
65131,69,63,6,6
65132,113,92,21,21
65133,61,61,0,0
65134,101,75,26,26
65135,178,154,24,24
65136,111,97,14,14
65137,81,70,11,11
65138,147,150,-3,3
65139,121,106,15,15
65140,78,62,16,16
65141,86,74,12,12
65142,54,48,6,6
65143,46,40,6,6
65144,62,61,1,1
65145,94,95,-1,1
65146,101,88,13,13
65147,60,57,3,3
65148,72,60,12,12
65149,75,77,-2,2
65150,148,129,19,19
65151,123,104,19,19
65152,81,82,-1,1
65153,126,115,11,11
65154,163,143,20,20
65155,105,94,11,11
65156,85,73,12,12
65157,102,86,16,16
65158,89,79,10,10
65159,123,116,7,7
65160,62,50,12,12
65161,78,79,-1,1
65162,98,83,15,15
65163,68,61,7,7
65164,99,93,6,6
65165,112,91,21,21
65166,89,77,12,12
65167,89,85,4,4
65168,83,70,13,13
65169,119,106,13,13
65170,92,92,0,0
65171,77,72,5,5
65172,74,61,13,13
65173,115,127,-12,12
65174,107,97,10,10
65175,98,81,17,17
65176,136,116,20,20
65177,42,42,0,0
65178,119,110,9,9
65179,119,104,15,15
65180,109,93,16,16
65181,113,100,13,13
65182,164,147,17,17
65183,86,74,12,12
65184,97,87,10,10
65185,112,103,9,9
65186,124,113,11,11
65187,84,87,-3,3
65188,77,71,6,6
65189,87,81,6,6
65190,52,47,5,5
65191,112,97,15,15
65192,78,71,7,7
65193,93,81,12,12
65194,115,115,0,0
65195,76,65,11,11
65196,209,178,31,31
65197,41,42,-1,1
65198,115,100,15,15
65199,155,124,31,31
65200,53,46,7,7
65201,72,65,7,7
65202,110,76,34,34
65203,91,88,3,3
65204,99,86,13,13
65205,88,86,2,2
65206,100,91,9,9
65207,73,75,-2,2
65208,70,59,11,11
65209,126,110,16,16
65210,102,91,11,11
65211,97,80,17,17
65212,60,60,0,0
65213,44,42,2,2
65214,62,61,1,1
65215,52,48,4,4
65216,128,110,18,18
65217,168,149,19,19
65218,101,93,8,8
65219,106,101,5,5
65220,191,153,38,38
65221,51,55,-4,4
65222,196,155,41,41
65223,92,89,3,3
65224,47,39,8,8
65225,115,95,20,20
65226,70,60,10,10
65227,84,81,3,3
65228,145,128,17,17
65229,102,96,6,6
65230,31,28,3,3
65231,65,57,8,8
65232,92,79,13,13
65233,77,74,3,3
65234,90,86,4,4
65235,30,30,0,0
65236,72,72,0,0
65237,109,99,10,10
65238,148,133,15,15
65239,81,79,2,2
65240,75,63,12,12
65241,60,55,5,5
65242,147,127,20,20
65243,95,74,21,21
65244,71,67,4,4
65245,145,141,4,4
65246,91,88,3,3
65247,48,61,-13,13
65248,94,82,12,12
65249,86,88,-2,2
65250,70,63,7,7
65251,120,111,9,9
65252,117,105,12,12
65253,118,85,33,33
65254,66,58,8,8
65255,70,60,10,10
65256,51,45,6,6
65257,80,75,5,5
65258,78,73,5,5
65259,136,110,26,26
65260,105,97,8,8
65261,94,75,19,19
65262,119,101,18,18
65263,119,112,7,7
65264,66,58,8,8
65265,133,115,18,18
65266,106,95,11,11
65267,110,91,19,19
65268,109,96,13,13
65269,97,101,-4,4
65270,54,54,0,0
65271,143,116,27,27
65272,103,96,7,7
65273,55,48,7,7
65274,72,61,11,11
65275,300,228,72,72
65276,110,95,15,15
65277,120,110,10,10
65278,114,111,3,3
65279,65,62,3,3
65280,51,46,5,5
65281,107,87,20,20
65282,86,83,3,3
65283,91,83,8,8
65284,102,84,18,18
65285,72,57,15,15
65286,82,71,11,11
65287,134,112,22,22
65288,133,117,16,16
65289,79,73,6,6
65290,146,136,10,10
65291,176,156,20,20
65292,117,106,11,11
65293,82,78,4,4
65294,105,93,12,12
65295,89,82,7,7
65296,72,70,2,2
65297,71,56,15,15
65298,117,108,9,9
65299,140,120,20,20
65300,80,74,6,6
65301,53,48,5,5
65302,185,165,20,20
65303,111,91,20,20
65304,92,86,6,6
65305,91,78,13,13
65306,112,88,24,24
65307,59,52,7,7
65308,106,90,16,16
65309,53,53,0,0
65310,132,120,12,12
65311,80,79,1,1
65312,163,153,10,10
65313,58,56,2,2
65314,138,108,30,30
65315,173,154,19,19
65316,64,64,0,0
65317,78,66,12,12
65318,101,97,4,4
65319,103,91,12,12
65320,87,74,13,13
65321,105,90,15,15
65322,94,82,12,12
65323,89,85,4,4
65324,63,64,-1,1
65325,92,76,16,16
65326,139,131,8,8
65327,78,73,5,5
65328,58,72,-14,14
65329,77,73,4,4
65330,71,89,-18,18
65331,154,146,8,8
65332,93,81,12,12
65333,61,53,8,8
65334,168,146,22,22
65335,139,121,18,18
65336,78,73,5,5
65337,132,114,18,18
65338,56,48,8,8
65339,78,75,3,3
65340,86,79,7,7
65341,68,60,8,8
65342,31,51,-20,20
65343,60,54,6,6
65344,150,132,18,18
65345,117,105,12,12
65346,104,90,14,14
65347,102,93,9,9
65348,77,76,1,1
65349,64,61,3,3
65350,103,95,8,8
65351,113,102,11,11
65352,96,89,7,7
65353,114,80,34,34
65354,126,109,17,17
65355,106,97,9,9
65356,59,54,5,5
65357,81,77,4,4
65358,109,90,19,19
65359,121,118,3,3
65360,70,61,9,9
65361,148,135,13,13
65362,94,73,21,21
65363,127,111,16,16
65364,117,110,7,7
65365,104,89,15,15
65366,46,45,1,1
65367,106,106,0,0
65368,94,77,17,17
65369,124,101,23,23
65370,62,58,4,4
65371,62,65,-3,3
65372,74,74,0,0
65373,53,48,5,5
65374,40,35,5,5
65375,70,61,9,9
65376,60,54,6,6
65377,45,37,8,8
65378,111,97,14,14
65379,37,41,-4,4
65380,88,90,-2,2
65381,51,94,-43,43
65382,66,61,5,5
65383,76,66,10,10
65384,91,75,16,16
65385,121,114,7,7
65386,135,116,19,19
65387,87,84,3,3
65388,99,89,10,10
65389,106,93,13,13
65390,83,78,5,5
65391,94,77,17,17
65392,76,67,9,9
65393,69,60,9,9
65394,100,101,-1,1
65395,118,106,12,12
65396,66,71,-5,5
65397,89,81,8,8
65398,104,105,-1,1
65399,110,87,23,23
65400,106,88,18,18
65401,118,107,11,11
65402,83,80,3,3
65403,85,74,11,11
65404,73,78,-5,5
65405,72,59,13,13
65406,61,52,9,9
65407,59,54,5,5
65408,114,109,5,5
65409,68,63,5,5
65410,179,161,18,18
65411,70,63,7,7
65412,91,79,12,12
65413,114,97,17,17
65414,108,93,15,15
65415,79,71,8,8
65416,79,66,13,13
65417,125,115,10,10
65418,117,91,26,26
65419,68,70,-2,2
65420,79,68,11,11
65421,103,100,3,3
65422,207,174,33,33
65423,63,63,0,0
65424,117,105,12,12
65425,63,56,7,7
65426,71,68,3,3
65427,74,73,1,1
65428,55,47,8,8
65429,170,146,24,24
65430,69,59,10,10
65431,51,54,-3,3
65432,55,50,5,5
65433,73,64,9,9
65434,89,97,-8,8
65435,173,143,30,30
65436,119,106,13,13
65437,85,82,3,3
65438,94,85,9,9
65439,104,79,25,25
65440,96,87,9,9
65441,61,58,3,3
65442,86,79,7,7
65443,95,83,12,12
65444,161,144,17,17
65445,80,69,11,11
65446,112,97,15,15
65447,75,71,4,4
65448,141,117,24,24
65449,161,148,13,13
65450,99,89,10,10
65451,94,83,11,11
65452,146,123,23,23
65453,72,64,8,8
65454,105,81,24,24
65455,69,60,9,9
65456,113,96,17,17
65457,132,102,30,30
65458,121,108,13,13
65459,91,88,3,3
65460,70,63,7,7
65461,96,85,11,11
65462,155,138,17,17
65463,130,125,5,5
65464,186,153,33,33
65465,96,87,9,9
65466,146,148,-2,2
65467,113,95,18,18
65468,86,82,4,4
65469,104,92,12,12
65470,66,58,8,8
65471,96,80,16,16
65472,88,70,18,18
65473,111,93,18,18
65474,146,123,23,23
65475,86,66,20,20
65476,46,42,4,4
65477,72,65,7,7
65478,170,138,32,32
65479,35,30,5,5
65480,90,81,9,9
65481,143,131,12,12
65482,157,136,21,21
65483,62,60,2,2
65484,65,56,9,9
65485,75,62,13,13
65486,89,80,9,9
65487,82,66,16,16
65488,80,75,5,5
65489,56,46,10,10
65490,76,63,13,13
65491,113,105,8,8
65492,104,102,2,2
65493,99,85,14,14
65494,62,54,8,8
65495,140,131,9,9
65496,76,72,4,4
65497,114,99,15,15
65498,108,103,5,5
65499,81,64,17,17
65500,63,56,7,7
65501,125,111,14,14
65502,70,54,16,16
65503,90,82,8,8
65504,37,36,1,1
65505,92,94,-2,2
65506,96,91,5,5
65507,85,75,10,10
65508,106,98,8,8
65509,86,76,10,10
65510,101,80,21,21
65511,101,91,10,10
65512,100,94,6,6
65513,105,89,16,16
65514,71,69,2,2
65515,58,47,11,11
65516,179,154,25,25
65517,106,95,11,11
65518,89,77,12,12
65519,84,67,17,17
65520,113,99,14,14
65521,129,110,19,19
65522,87,87,0,0
65523,122,114,8,8
65524,109,99,10,10
65525,78,74,4,4
65526,96,88,8,8
65527,176,139,37,37
65528,114,100,14,14
65529,89,71,18,18
65530,115,93,22,22
65531,73,58,15,15
65532,68,62,6,6
65533,148,133,15,15
65534,70,65,5,5
65535,108,92,16,16
65536,60,49,11,11
65537,98,79,19,19
65538,47,41,6,6
65539,84,81,3,3
65540,60,47,13,13
65541,119,114,5,5
65542,66,62,4,4
65543,115,99,16,16
65544,172,142,30,30
65545,105,88,17,17
65546,83,69,14,14
65547,75,62,13,13
65548,48,40,8,8
65549,100,91,9,9
65550,59,60,-1,1
65551,67,55,12,12
65552,103,98,5,5
65553,48,41,7,7
65554,108,111,-3,3
65555,77,58,19,19
65556,126,109,17,17
65557,82,89,-7,7
65558,38,36,2,2
65559,99,83,16,16
65560,56,53,3,3
65561,131,102,29,29
65562,96,76,20,20
65563,83,75,8,8
65564,120,101,19,19
65565,102,82,20,20
65566,93,86,7,7
65567,127,113,14,14
65568,67,50,17,17
65569,98,83,15,15
65570,77,61,16,16
65571,84,67,17,17
65572,96,82,14,14
65573,118,103,15,15
65574,84,76,8,8
65575,70,75,-5,5
65576,100,94,6,6
65577,118,106,12,12
65578,54,48,6,6
65579,170,144,26,26
65580,91,91,0,0
65581,86,74,12,12
65582,82,79,3,3
65583,123,110,13,13
65584,94,83,11,11
65585,86,66,20,20
65586,142,135,7,7
65587,132,107,25,25
65588,140,121,19,19
65589,177,142,35,35
65590,54,54,0,0
65591,51,48,3,3
65592,130,108,22,22
65593,71,62,9,9
65594,61,52,9,9
65595,93,81,12,12
65596,93,89,4,4
65597,83,66,17,17
65598,104,83,21,21
65599,93,85,8,8
65600,88,76,12,12
65601,89,84,5,5
65602,154,144,10,10
65603,53,49,4,4
65604,85,76,9,9
65605,89,88,1,1
65606,107,100,7,7
65607,102,91,11,11
65608,88,88,0,0
65609,35,30,5,5
65610,118,100,18,18
65611,63,54,9,9
65612,56,54,2,2
65613,41,36,5,5
65614,108,103,5,5
65615,137,124,13,13
65616,70,57,13,13
65617,131,128,3,3
65618,83,70,13,13
65619,87,74,13,13
65620,87,86,1,1
65621,134,120,14,14
65622,108,82,26,26
65623,73,71,2,2
65624,110,93,17,17
65625,100,76,24,24
65626,57,58,-1,1
65627,101,89,12,12
65628,124,104,20,20
65629,100,91,9,9
65630,116,106,10,10
65631,124,101,23,23
65632,119,111,8,8
65633,95,100,-5,5
65634,131,110,21,21
65635,46,44,2,2
65636,119,99,20,20
65637,86,75,11,11
65638,148,137,11,11
65639,63,55,8,8
65640,84,69,15,15
65641,88,72,16,16
65642,125,103,22,22
65643,180,147,33,33
65644,92,88,4,4
65645,73,69,4,4
65646,54,51,3,3
65647,125,117,8,8
65648,158,143,15,15
65649,115,102,13,13
65650,176,153,23,23
65651,71,81,-10,10
65652,109,104,5,5
65653,115,100,15,15
65654,135,117,18,18
65655,75,65,10,10
65656,71,66,5,5
65657,74,74,0,0
65658,123,120,3,3
65659,85,80,5,5
65660,124,106,18,18
65661,51,46,5,5
65662,53,52,1,1
65663,97,91,6,6
65664,92,81,11,11
65665,122,113,9,9
65666,183,152,31,31
65667,94,93,1,1
65668,151,125,26,26
65669,65,57,8,8
65670,146,135,11,11
65671,68,69,-1,1
65672,186,136,50,50
65673,121,99,22,22
65674,77,67,10,10
65675,99,99,0,0
65676,102,96,6,6
65677,80,72,8,8
65678,123,109,14,14
65679,90,88,2,2
65680,96,90,6,6
65681,119,91,28,28
65682,136,121,15,15
65683,84,72,12,12
65684,135,121,14,14
65685,84,93,-9,9
65686,56,49,7,7
65687,81,74,7,7
65688,69,53,16,16
65689,89,66,23,23
65690,105,91,14,14
65691,113,103,10,10
65692,79,66,13,13
65693,167,137,30,30
65694,85,71,14,14
65695,80,73,7,7
65696,72,65,7,7
65697,129,118,11,11
65698,155,122,33,33
65699,53,48,5,5
65700,48,43,5,5
65701,45,37,8,8
65702,55,48,7,7
65703,99,91,8,8
65704,91,83,8,8
65705,75,63,12,12
65706,84,74,10,10
65707,38,42,-4,4
65708,41,41,0,0
65709,86,77,9,9
65710,76,62,14,14
65711,53,50,3,3
65712,63,56,7,7
65713,79,67,12,12
65714,145,125,20,20
65715,97,90,7,7
65716,120,107,13,13
65717,74,67,7,7
65718,96,87,9,9
65719,101,84,17,17
65720,94,91,3,3
65721,92,72,20,20
65722,83,64,19,19
65723,122,100,22,22
65724,57,49,8,8
65725,56,57,-1,1
65726,123,114,9,9
65727,104,91,13,13
65728,147,121,26,26
65729,190,180,10,10
65730,120,105,15,15
65731,173,147,26,26
65732,52,45,7,7
65733,134,115,19,19
65734,110,96,14,14
65735,84,72,12,12
65736,92,84,8,8
65737,112,95,17,17
65738,60,52,8,8
65739,76,70,6,6
65740,159,133,26,26
65741,61,60,1,1
65742,141,114,27,27
65743,107,95,12,12
65744,103,82,21,21
65745,129,123,6,6
65746,61,46,15,15
65747,77,65,12,12
65748,84,78,6,6
65749,78,69,9,9
65750,47,42,5,5
65751,140,119,21,21
65752,56,46,10,10
65753,154,130,24,24
65754,77,78,-1,1
65755,85,64,21,21
65756,104,103,1,1
65757,70,77,-7,7
65758,71,64,7,7
65759,63,55,8,8
65760,84,71,13,13
65761,110,90,20,20
65762,88,82,6,6
65763,74,68,6,6
65764,72,76,-4,4
65765,46,41,5,5
65766,94,85,9,9
65767,93,93,0,0
65768,63,54,9,9
65769,100,90,10,10
65770,71,63,8,8
65771,113,106,7,7
65772,88,74,14,14
65773,83,59,24,24
65774,76,74,2,2
65775,83,68,15,15
65776,153,122,31,31
65777,134,129,5,5
65778,91,81,10,10
65779,56,53,3,3
65780,89,83,6,6
65781,51,47,4,4
65782,121,106,15,15
65783,107,96,11,11
65784,97,133,-36,36
65785,79,72,7,7
65786,115,99,16,16
65787,60,55,5,5
65788,105,92,13,13
65789,65,60,5,5
65790,57,51,6,6
65791,169,146,23,23
65792,92,80,12,12
65793,104,106,-2,2
65794,68,59,9,9
65795,72,61,11,11
65796,92,81,11,11
65797,124,114,10,10
65798,85,79,6,6
65799,123,112,11,11
65800,112,94,18,18
65801,138,136,2,2
65802,205,177,28,28
65803,88,78,10,10
65804,82,73,9,9
65805,77,72,5,5
65806,68,58,10,10
65807,125,109,16,16
65808,87,77,10,10
65809,112,103,9,9
65810,66,66,0,0
65811,132,110,22,22
65812,136,110,26,26
65813,232,200,32,32
65814,63,58,5,5
65815,77,74,3,3
65816,121,104,17,17
65817,161,141,20,20
65818,200,150,50,50
65819,65,56,9,9
65820,104,85,19,19
65821,129,105,24,24
65822,129,133,-4,4
65823,123,104,19,19
65824,72,69,3,3
65825,59,52,7,7
65826,94,95,-1,1
65827,102,103,-1,1
65828,74,67,7,7
65829,64,56,8,8
65830,48,46,2,2
65831,80,72,8,8
65832,112,92,20,20
65833,67,113,-46,46
65834,79,78,1,1
65835,79,72,7,7
65836,51,46,5,5
65837,213,177,36,36
65838,116,106,10,10
65839,82,75,7,7
65840,88,80,8,8
65841,154,151,3,3
65842,93,80,13,13
65843,115,102,13,13
65844,58,49,9,9
65845,89,86,3,3
65846,69,61,8,8
65847,124,104,20,20
65848,87,76,11,11
65849,114,108,6,6
65850,75,70,5,5
65851,46,57,-11,11
65852,54,52,2,2
65853,63,53,10,10
65854,54,46,8,8
65855,70,63,7,7
65856,98,84,14,14
65857,74,69,5,5
65858,76,66,10,10
65859,80,67,13,13
65860,73,122,-49,49
65861,108,93,15,15
65862,100,82,18,18
65863,64,48,16,16
65864,101,94,7,7
65865,75,65,10,10
65866,66,65,1,1
65867,142,125,17,17
65868,47,42,5,5
65869,71,55,16,16
65870,26,25,1,1
65871,53,51,2,2
65872,133,120,13,13
65873,96,87,9,9
65874,91,84,7,7
65875,83,69,14,14
65876,103,100,3,3
65877,89,72,17,17
65878,90,82,8,8
65879,95,92,3,3
65880,32,32,0,0
65881,72,69,3,3
65882,99,75,24,24
65883,115,104,11,11
65884,86,86,0,0
65885,93,96,-3,3
65886,129,109,20,20
65887,92,80,12,12
65888,114,105,9,9
65889,84,75,9,9
65890,93,82,11,11
65891,89,94,-5,5
65892,59,52,7,7
65893,63,57,6,6
65894,59,53,6,6
65895,115,102,13,13
65896,144,109,35,35
65897,76,72,4,4
65898,112,98,14,14
65899,118,119,-1,1
65900,80,76,4,4
65901,106,93,13,13
65902,92,86,6,6
65903,65,60,5,5
65904,130,125,5,5
65905,108,93,15,15
65906,44,47,-3,3
65907,101,91,10,10
65908,72,70,2,2
65909,67,63,4,4
65910,73,69,4,4
65911,184,158,26,26
65912,83,72,11,11
65913,77,70,7,7
65914,113,99,14,14
65915,46,40,6,6
65916,101,99,2,2
65917,92,87,5,5
65918,122,102,20,20
65919,67,57,10,10
65920,134,111,23,23
65921,82,75,7,7
65922,142,133,9,9
65923,101,85,16,16
65924,119,115,4,4
65925,44,38,6,6
65926,105,96,9,9
65927,99,92,7,7
65928,127,112,15,15
65929,76,65,11,11
65930,107,85,22,22
65931,104,97,7,7
65932,104,87,17,17
65933,100,89,11,11
65934,106,91,15,15
65935,66,53,13,13
65936,154,126,28,28
65937,124,112,12,12
65938,118,106,12,12
65939,79,71,8,8
65940,76,68,8,8
65941,89,74,15,15
65942,67,68,-1,1
65943,104,95,9,9
65944,108,87,21,21
65945,76,66,10,10
65946,47,45,2,2
65947,98,92,6,6
65948,137,133,4,4
65949,111,95,16,16
65950,62,50,12,12
65951,37,31,6,6
65952,69,59,10,10
65953,115,113,2,2
65954,98,85,13,13
65955,62,55,7,7
65956,94,84,10,10
65957,46,39,7,7
65958,97,81,16,16
65959,108,87,21,21
65960,124,109,15,15
65961,74,78,-4,4
65962,113,100,13,13
65963,96,89,7,7
65964,135,119,16,16
65965,81,75,6,6
65966,101,88,13,13
65967,109,104,5,5
65968,121,109,12,12
65969,62,49,13,13
65970,105,104,1,1
65971,105,82,23,23
65972,96,70,26,26
65973,90,65,25,25
65974,81,66,15,15
65975,137,117,20,20
65976,86,71,15,15
65977,86,80,6,6
65978,105,98,7,7
65979,120,103,17,17
65980,70,56,14,14
65981,90,75,15,15
65982,90,77,13,13
65983,79,70,9,9
65984,62,55,7,7
65985,56,58,-2,2
65986,62,56,6,6
65987,123,101,22,22
65988,108,100,8,8
65989,73,68,5,5
65990,92,75,17,17
65991,97,82,15,15
65992,94,80,14,14
65993,119,108,11,11
65994,125,109,16,16
65995,252,211,41,41
65996,124,112,12,12
65997,76,76,0,0
65998,120,112,8,8
65999,83,75,8,8
66000,82,75,7,7
66001,93,88,5,5
66002,56,54,2,2
66003,78,80,-2,2
66004,121,137,-16,16
66005,100,83,17,17
66006,91,75,16,16
66007,66,56,10,10
66008,62,53,9,9
66009,72,65,7,7
66010,77,72,5,5
66011,93,81,12,12
66012,176,145,31,31
66013,55,50,5,5
66014,75,71,4,4
66015,60,53,7,7
66016,143,118,25,25
66017,117,110,7,7
66018,36,39,-3,3
66019,45,37,8,8
66020,96,87,9,9
66021,81,83,-2,2
66022,106,92,14,14
66023,83,85,-2,2
66024,105,87,18,18
66025,80,77,3,3
66026,43,28,15,15
66027,103,95,8,8
66028,134,115,19,19
66029,53,47,6,6
66030,115,96,19,19
66031,157,127,30,30
66032,67,65,2,2
66033,104,108,-4,4
66034,148,135,13,13
66035,116,99,17,17
66036,100,84,16,16
66037,63,61,2,2
66038,71,69,2,2
66039,71,57,14,14
66040,67,66,1,1
66041,105,101,4,4
66042,102,89,13,13
66043,53,49,4,4
66044,71,65,6,6
66045,115,103,12,12
66046,105,89,16,16
66047,62,71,-9,9
66048,119,105,14,14
66049,151,124,27,27
66050,55,56,-1,1
66051,76,72,4,4
66052,37,30,7,7
66053,126,88,38,38
66054,116,84,32,32
66055,119,106,13,13
66056,86,73,13,13
66057,64,64,0,0
66058,53,52,1,1
66059,108,91,17,17
66060,118,101,17,17
66061,126,116,10,10
66062,71,62,9,9
66063,99,91,8,8
66064,49,46,3,3
66065,87,79,8,8
66066,75,62,13,13
66067,89,82,7,7
66068,94,79,15,15
66069,100,80,20,20
66070,80,64,16,16
66071,78,69,9,9
66072,65,62,3,3
66073,104,90,14,14
66074,111,109,2,2
66075,182,137,45,45
66076,69,63,6,6
66077,67,56,11,11
66078,99,104,-5,5
66079,82,70,12,12
66080,99,76,23,23
66081,66,60,6,6
66082,162,145,17,17
66083,142,118,24,24
66084,84,79,5,5
66085,70,77,-7,7
66086,106,94,12,12
66087,57,50,7,7
66088,89,73,16,16
66089,119,102,17,17
66090,90,75,15,15
66091,59,56,3,3
66092,80,68,12,12
66093,113,97,16,16
66094,47,43,4,4
66095,72,65,7,7
66096,178,169,9,9
66097,76,75,1,1
66098,96,90,6,6
66099,83,73,10,10
66100,63,60,3,3
66101,144,130,14,14
66102,42,46,-4,4
66103,52,43,9,9
66104,125,104,21,21
66105,63,59,4,4
66106,69,52,17,17
66107,78,64,14,14
66108,63,76,-13,13
66109,80,78,2,2
66110,101,89,12,12
66111,187,137,50,50
66112,163,140,23,23
66113,109,104,5,5
66114,101,97,4,4
66115,86,79,7,7
66116,72,76,-4,4
66117,142,154,-12,12
66118,99,78,21,21
66119,64,59,5,5
66120,79,74,5,5
66121,85,54,31,31
66122,107,73,34,34
66123,97,83,14,14
66124,116,104,12,12
66125,67,63,4,4
66126,89,93,-4,4
66127,122,102,20,20
66128,140,125,15,15
66129,62,52,10,10
66130,119,120,-1,1
66131,117,100,17,17
66132,104,107,-3,3
66133,47,47,0,0
66134,73,68,5,5
66135,159,125,34,34
66136,101,93,8,8
66137,77,56,21,21
66138,58,49,9,9
66139,78,73,5,5
66140,97,79,18,18
66141,76,68,8,8
66142,88,80,8,8
66143,64,55,9,9
66144,81,83,-2,2
66145,69,56,13,13
66146,115,118,-3,3
66147,65,78,-13,13
66148,76,59,17,17
66149,58,58,0,0
66150,33,32,1,1
66151,133,113,20,20
66152,45,62,-17,17
66153,123,116,7,7
66154,100,87,13,13
66155,82,74,8,8
66156,83,76,7,7
66157,117,97,20,20
66158,74,60,14,14
66159,103,90,13,13
66160,72,66,6,6
66161,142,114,28,28
66162,121,101,20,20
66163,82,71,11,11
66164,80,70,10,10
66165,100,90,10,10
66166,164,149,15,15
66167,95,82,13,13
66168,57,53,4,4
66169,81,66,15,15
66170,39,34,5,5
66171,123,108,15,15
66172,127,110,17,17
66173,82,71,11,11
66174,105,91,14,14
66175,72,63,9,9
66176,37,38,-1,1
66177,85,78,7,7
66178,152,132,20,20
66179,80,68,12,12
66180,55,51,4,4
66181,76,80,-4,4
66182,21,31,-10,10
66183,220,190,30,30
66184,159,127,32,32
66185,90,84,6,6
66186,148,138,10,10
66187,102,87,15,15
66188,83,72,11,11
66189,80,85,-5,5
66190,100,78,22,22
66191,111,89,22,22
66192,79,74,5,5
66193,82,70,12,12
66194,82,72,10,10
66195,197,176,21,21
66196,188,151,37,37
66197,177,167,10,10
66198,76,68,8,8
66199,157,157,0,0
66200,49,49,0,0
66201,44,41,3,3
66202,66,63,3,3
66203,156,130,26,26
66204,111,110,1,1
66205,69,70,-1,1
66206,188,165,23,23
66207,126,99,27,27
66208,73,63,10,10
66209,111,93,18,18
66210,94,79,15,15
66211,57,62,-5,5
66212,132,115,17,17
66213,164,149,15,15
66214,55,51,4,4
66215,139,121,18,18
66216,77,66,11,11
66217,43,40,3,3
66218,96,80,16,16
66219,88,77,11,11
66220,74,66,8,8
66221,81,71,10,10
66222,84,76,8,8
66223,100,87,13,13
66224,108,85,23,23
66225,44,49,-5,5
66226,77,74,3,3
66227,79,74,5,5
66228,111,101,10,10
66229,86,76,10,10
66230,61,54,7,7
66231,85,73,12,12
66232,45,36,9,9
66233,81,65,16,16
66234,159,135,24,24
66235,80,67,13,13
66236,94,76,18,18
66237,89,80,9,9
66238,96,83,13,13
66239,95,75,20,20
66240,127,96,31,31
66241,71,56,15,15
66242,68,57,11,11
66243,80,77,3,3
66244,122,107,15,15
66245,136,120,16,16
66246,95,85,10,10
66247,89,80,9,9
66248,88,81,7,7
66249,44,37,7,7
66250,121,101,20,20
66251,47,43,4,4
66252,72,60,12,12
66253,72,63,9,9
66254,145,146,-1,1
66255,77,69,8,8
66256,129,129,0,0
66257,65,65,0,0
66258,121,105,16,16
66259,92,80,12,12
66260,100,94,6,6
66261,36,35,1,1
66262,122,107,15,15
66263,112,88,24,24
66264,76,64,12,12
66265,112,110,2,2
66266,75,72,3,3
66267,81,72,9,9
66268,102,81,21,21
66269,43,36,7,7
66270,92,83,9,9
66271,118,93,25,25
66272,73,66,7,7
66273,179,166,13,13
66274,63,61,2,2
66275,128,123,5,5
66276,161,146,15,15
66277,178,141,37,37
66278,90,78,12,12
66279,74,65,9,9
66280,74,68,6,6
66281,95,91,4,4
66282,98,88,10,10
66283,94,81,13,13
66284,115,110,5,5
66285,131,119,12,12
66286,99,73,26,26
66287,87,77,10,10
66288,74,68,6,6
66289,56,51,5,5
66290,58,53,5,5
66291,77,75,2,2
66292,122,99,23,23
66293,70,64,6,6
66294,40,42,-2,2
66295,106,101,5,5
66296,100,90,10,10
66297,73,68,5,5
66298,72,60,12,12
66299,99,93,6,6
66300,135,125,10,10
66301,184,150,34,34
66302,50,59,-9,9
66303,77,67,10,10
66304,48,43,5,5
66305,76,57,19,19
66306,87,85,2,2
66307,137,120,17,17
66308,110,107,3,3
66309,84,78,6,6
66310,74,71,3,3
66311,83,66,17,17
66312,76,66,10,10
66313,107,119,-12,12
66314,78,63,15,15
66315,87,75,12,12
66316,64,62,2,2
66317,60,55,5,5
66318,94,89,5,5
66319,80,67,13,13
66320,50,45,5,5
66321,54,46,8,8
66322,65,53,12,12
66323,101,99,2,2
66324,89,77,12,12
66325,127,116,11,11
66326,59,59,0,0
66327,90,90,0,0
66328,77,73,4,4
66329,100,92,8,8
66330,103,93,10,10
66331,33,48,-15,15
66332,61,54,7,7
66333,63,69,-6,6
66334,47,44,3,3
66335,51,41,10,10
66336,141,130,11,11
66337,74,62,12,12
66338,74,67,7,7
66339,85,75,10,10
66340,149,125,24,24
66341,90,80,10,10
66342,79,76,3,3
66343,93,94,-1,1
66344,79,69,10,10
66345,146,130,16,16
66346,81,65,16,16
66347,83,97,-14,14
66348,196,161,35,35
66349,114,94,20,20
66350,102,87,15,15
66351,140,123,17,17
66352,46,38,8,8
66353,189,162,27,27
66354,102,90,12,12
66355,96,81,15,15
66356,73,78,-5,5
66357,131,129,2,2
66358,143,117,26,26
66359,94,87,7,7
66360,95,84,11,11
66361,131,113,18,18
66362,138,116,22,22
66363,55,53,2,2
66364,40,35,5,5
66365,97,79,18,18
66366,70,72,-2,2
66367,95,81,14,14
66368,86,70,16,16
66369,107,93,14,14
66370,45,49,-4,4
66371,107,96,11,11
66372,77,64,13,13
66373,75,62,13,13
66374,85,71,14,14
66375,81,77,4,4
66376,100,84,16,16
66377,65,65,0,0
66378,57,53,4,4
66379,61,43,18,18
66380,79,70,9,9
66381,104,93,11,11
66382,106,98,8,8
66383,55,47,8,8
66384,100,83,17,17
66385,89,81,8,8
66386,73,64,9,9
66387,77,73,4,4
66388,59,51,8,8
66389,71,64,7,7
66390,52,56,-4,4
66391,58,50,8,8
66392,72,57,15,15
66393,90,76,14,14
66394,57,53,4,4
66395,82,87,-5,5
66396,92,78,14,14
66397,88,69,19,19
66398,49,48,1,1
66399,91,76,15,15
66400,171,146,25,25
66401,75,84,-9,9
66402,82,72,10,10
66403,74,62,12,12
66404,116,105,11,11
66405,95,75,20,20
66406,116,95,21,21
66407,74,93,-19,19
66408,100,91,9,9
66409,81,79,2,2
66410,141,141,0,0
66411,113,99,14,14
66412,100,84,16,16
66413,80,63,17,17
66414,96,81,15,15
66415,83,75,8,8
66416,68,68,0,0
66417,66,58,8,8
66418,73,62,11,11
66419,169,154,15,15
66420,119,92,27,27
66421,82,86,-4,4
66422,85,74,11,11
66423,92,93,-1,1
66424,92,82,10,10
66425,164,140,24,24
66426,131,121,10,10
66427,106,112,-6,6
66428,72,63,9,9
66429,54,50,4,4
66430,75,68,7,7
66431,62,53,9,9
66432,89,75,14,14
66433,63,51,12,12
66434,87,72,15,15
66435,136,113,23,23
66436,79,68,11,11
66437,86,79,7,7
66438,71,65,6,6
66439,68,54,14,14
66440,127,112,15,15
66441,78,74,4,4
66442,43,40,3,3
66443,82,70,12,12
66444,61,55,6,6
66445,91,89,2,2
66446,78,71,7,7
66447,121,110,11,11
66448,83,75,8,8
66449,169,161,8,8
66450,56,53,3,3
66451,78,53,25,25
66452,73,67,6,6
66453,66,60,6,6
66454,67,53,14,14
66455,69,41,28,28
66456,96,84,12,12
66457,118,96,22,22
66458,67,62,5,5
66459,58,62,-4,4
66460,77,58,19,19
66461,164,138,26,26
66462,57,53,4,4
66463,98,88,10,10
66464,97,84,13,13
66465,58,55,3,3
66466,107,97,10,10
66467,70,67,3,3
66468,121,98,23,23
66469,144,117,27,27
66470,157,141,16,16
66471,113,100,13,13
66472,66,59,7,7
66473,47,51,-4,4
66474,106,89,17,17
66475,77,71,6,6
66476,180,167,13,13
66477,55,46,9,9
66478,57,60,-3,3
66479,104,93,11,11
66480,120,106,14,14
66481,124,103,21,21
66482,157,146,11,11
66483,185,168,17,17
66484,63,57,6,6
66485,158,130,28,28
66486,161,155,6,6
66487,61,56,5,5
66488,104,94,10,10
66489,65,61,4,4
66490,174,152,22,22
66491,52,49,3,3
66492,118,100,18,18
66493,89,78,11,11
66494,88,78,10,10
66495,88,81,7,7
66496,62,60,2,2
66497,67,58,9,9
66498,118,100,18,18
66499,113,108,5,5
66500,99,93,6,6
66501,68,63,5,5
66502,50,38,12,12
66503,123,108,15,15
66504,97,80,17,17
66505,93,97,-4,4
66506,132,105,27,27
66507,70,65,5,5
66508,65,53,12,12
66509,80,87,-7,7
66510,79,70,9,9
66511,96,88,8,8
66512,69,70,-1,1
66513,142,129,13,13
66514,126,114,12,12
66515,88,99,-11,11
66516,57,48,9,9
66517,68,58,10,10
66518,97,98,-1,1
66519,128,116,12,12
66520,129,126,3,3
66521,92,81,11,11
66522,146,116,30,30
66523,83,75,8,8
66524,92,77,15,15
66525,207,171,36,36
66526,40,45,-5,5
66527,92,85,7,7
66528,95,100,-5,5
66529,107,91,16,16
66530,51,47,4,4
66531,210,178,32,32
66532,73,65,8,8
66533,103,87,16,16
66534,120,109,11,11
66535,132,103,29,29
66536,112,94,18,18
66537,86,78,8,8
66538,195,177,18,18
66539,69,62,7,7
66540,91,79,12,12
66541,57,64,-7,7
66542,112,98,14,14
66543,72,72,0,0
66544,90,73,17,17
66545,99,88,11,11
66546,46,36,10,10
66547,51,43,8,8
66548,107,94,13,13
66549,156,144,12,12
66550,61,54,7,7
66551,88,75,13,13
66552,107,92,15,15
66553,121,96,25,25
66554,89,72,17,17
66555,99,91,8,8
66556,87,84,3,3
66557,46,45,1,1
66558,152,142,10,10
66559,67,62,5,5
66560,164,154,10,10
66561,68,62,6,6
66562,94,82,12,12
66563,60,60,0,0
66564,205,164,41,41
66565,92,78,14,14
66566,95,81,14,14
66567,67,50,17,17
66568,55,52,3,3
66569,151,120,31,31
66570,160,138,22,22
66571,29,30,-1,1
66572,108,96,12,12
66573,112,110,2,2
66574,109,146,-37,37
66575,86,73,13,13
66576,75,69,6,6
66577,60,59,1,1
66578,64,66,-2,2
66579,64,78,-14,14
66580,110,102,8,8
66581,81,77,4,4
66582,79,70,9,9
66583,124,101,23,23
66584,94,85,9,9
66585,73,82,-9,9
66586,111,95,16,16
66587,107,94,13,13
66588,71,62,9,9
66589,125,115,10,10
66590,123,98,25,25
66591,63,54,9,9
66592,98,88,10,10
66593,101,83,18,18
66594,129,116,13,13
66595,96,89,7,7
66596,58,51,7,7
66597,162,150,12,12
66598,48,42,6,6
66599,151,130,21,21
66600,67,62,5,5
66601,122,105,17,17
66602,100,92,8,8
66603,135,133,2,2
66604,213,167,46,46
66605,129,128,1,1
66606,61,59,2,2
66607,70,66,4,4
66608,88,84,4,4
66609,75,68,7,7
66610,159,148,11,11
66611,100,93,7,7
66612,75,61,14,14
66613,120,125,-5,5
66614,70,67,3,3
66615,129,108,21,21
66616,124,86,38,38
66617,105,91,14,14
66618,60,49,11,11
66619,76,62,14,14
66620,64,65,-1,1
66621,145,120,25,25
66622,95,99,-4,4
66623,104,101,3,3
66624,148,125,23,23
66625,126,116,10,10
66626,142,120,22,22
66627,67,61,6,6
66628,96,94,2,2
66629,114,100,14,14
66630,47,50,-3,3
66631,125,120,5,5
66632,66,60,6,6
66633,203,215,-12,12
66634,58,56,2,2
66635,114,98,16,16
66636,100,105,-5,5
66637,92,89,3,3
66638,114,110,4,4
66639,67,64,3,3
66640,56,45,11,11
66641,78,66,12,12
66642,62,56,6,6
66643,77,80,-3,3
66644,104,90,14,14
66645,37,37,0,0
66646,94,82,12,12
66647,108,87,21,21
66648,42,38,4,4
66649,106,95,11,11
66650,74,64,10,10
66651,116,90,26,26
66652,77,56,21,21
66653,123,115,8,8
66654,89,87,2,2
66655,74,67,7,7
66656,118,107,11,11
66657,73,66,7,7
66658,69,75,-6,6
66659,79,70,9,9
66660,58,59,-1,1
66661,172,127,45,45
66662,118,98,20,20
66663,140,122,18,18
66664,124,110,14,14
66665,111,91,20,20
66666,88,88,0,0
66667,90,107,-17,17
66668,59,48,11,11
66669,139,127,12,12
66670,125,111,14,14
66671,64,58,6,6
66672,147,122,25,25
66673,50,53,-3,3
66674,81,73,8,8
66675,105,93,12,12
66676,63,59,4,4
66677,87,83,4,4
66678,90,78,12,12
66679,47,42,5,5
66680,134,115,19,19
66681,61,53,8,8
66682,73,81,-8,8
66683,73,59,14,14
66684,78,71,7,7
66685,134,112,22,22
66686,51,42,9,9
66687,108,94,14,14
66688,96,83,13,13
66689,54,53,1,1
66690,122,110,12,12
66691,129,118,11,11
66692,86,67,19,19
66693,114,101,13,13
66694,70,64,6,6
66695,79,73,6,6
66696,56,50,6,6
66697,66,58,8,8
66698,89,77,12,12
66699,106,93,13,13
66700,77,69,8,8
66701,82,73,9,9
66702,63,73,-10,10
66703,87,77,10,10
66704,119,117,2,2
66705,146,126,20,20
66706,71,59,12,12
66707,70,70,0,0
66708,82,74,8,8
66709,72,68,4,4
66710,91,84,7,7
66711,57,66,-9,9
66712,68,58,10,10
66713,92,77,15,15
66714,71,61,10,10
66715,100,84,16,16
66716,106,90,16,16
66717,64,51,13,13
66718,58,56,2,2
66719,74,64,10,10
66720,104,106,-2,2
66721,133,113,20,20
66722,59,51,8,8
66723,77,70,7,7
66724,90,77,13,13
66725,116,86,30,30
66726,94,79,15,15
66727,102,94,8,8
66728,130,117,13,13
66729,115,105,10,10
66730,79,66,13,13
66731,151,129,22,22
66732,88,84,4,4
66733,188,156,32,32
66734,91,85,6,6
66735,81,66,15,15
66736,74,70,4,4
66737,80,70,10,10
66738,125,107,18,18
66739,140,123,17,17
66740,60,56,4,4
66741,45,47,-2,2
66742,65,63,2,2
66743,120,110,10,10
66744,105,97,8,8
66745,136,128,8,8
66746,31,53,-22,22
66747,77,72,5,5
66748,79,80,-1,1
66749,96,87,9,9
66750,40,53,-13,13
66751,54,50,4,4
66752,94,76,18,18
66753,83,95,-12,12
66754,54,50,4,4
66755,92,82,10,10
66756,146,119,27,27
66757,172,147,25,25
66758,62,55,7,7
66759,155,139,16,16
66760,111,91,20,20
66761,99,85,14,14
66762,126,102,24,24
66763,55,50,5,5
66764,202,179,23,23
66765,60,55,5,5
66766,97,78,19,19
66767,111,95,16,16
66768,114,102,12,12
66769,81,68,13,13
66770,35,43,-8,8
66771,88,78,10,10
66772,62,55,7,7
66773,84,80,4,4
66774,96,79,17,17
66775,105,94,11,11
66776,67,62,5,5
66777,68,69,-1,1
66778,75,67,8,8
66779,64,61,3,3
66780,165,132,33,33
66781,92,105,-13,13
66782,136,109,27,27
66783,93,85,8,8
66784,58,46,12,12
66785,72,67,5,5
66786,87,78,9,9
66787,53,51,2,2
66788,138,127,11,11
66789,98,92,6,6
66790,81,73,8,8
66791,82,74,8,8
66792,140,131,9,9
66793,92,81,11,11
66794,116,105,11,11
66795,169,146,23,23
66796,76,71,5,5
66797,70,61,9,9
66798,206,166,40,40
66799,118,100,18,18
66800,82,78,4,4
66801,143,123,20,20
66802,113,95,18,18
66803,82,74,8,8
66804,72,64,8,8
66805,53,45,8,8
66806,38,47,-9,9
66807,102,90,12,12
66808,98,93,5,5
66809,60,61,-1,1
66810,133,113,20,20
66811,108,93,15,15
66812,103,89,14,14
66813,58,53,5,5
66814,80,72,8,8
66815,72,66,6,6
66816,103,84,19,19
66817,115,112,3,3
66818,66,67,-1,1
66819,134,118,16,16
66820,129,110,19,19
66821,82,73,9,9
66822,92,79,13,13
66823,72,61,11,11
66824,156,140,16,16
66825,97,88,9,9
66826,80,73,7,7
66827,110,85,25,25
66828,112,91,21,21
66829,73,63,10,10
66830,93,88,5,5
66831,84,86,-2,2
66832,69,57,12,12
66833,63,67,-4,4
66834,97,88,9,9
66835,51,55,-4,4
66836,117,105,12,12
66837,102,105,-3,3
66838,63,57,6,6
66839,90,100,-10,10
66840,75,66,9,9
66841,31,70,-39,39
66842,118,110,8,8
66843,110,111,-1,1
66844,126,112,14,14
66845,132,125,7,7
66846,94,78,16,16
66847,55,59,-4,4
66848,119,96,23,23
66849,47,44,3,3
66850,152,125,27,27
66851,38,38,0,0
66852,96,99,-3,3
66853,79,61,18,18
66854,63,53,10,10
66855,120,111,9,9
66856,97,80,17,17
66857,65,54,11,11
66858,108,96,12,12
66859,146,136,10,10
66860,99,94,5,5
66861,50,44,6,6
66862,98,89,9,9
66863,61,50,11,11
66864,67,65,2,2
66865,102,87,15,15
66866,98,83,15,15
66867,127,108,19,19
66868,134,117,17,17
66869,107,90,17,17
66870,62,58,4,4
66871,83,71,12,12
66872,41,32,9,9
66873,65,67,-2,2
66874,73,69,4,4
66875,81,70,11,11
66876,85,73,12,12
66877,85,68,17,17
66878,117,99,18,18
66879,128,119,9,9
66880,89,78,11,11
66881,42,33,9,9
66882,125,130,-5,5
66883,68,60,8,8
66884,72,71,1,1
66885,96,87,9,9
66886,134,119,15,15
66887,122,112,10,10
66888,87,80,7,7
66889,54,50,4,4
66890,79,72,7,7
66891,148,122,26,26
66892,66,62,4,4
66893,142,122,20,20
66894,106,84,22,22
66895,48,42,6,6
66896,57,65,-8,8
66897,126,110,16,16
66898,51,50,1,1
66899,109,106,3,3
66900,106,98,8,8
66901,102,91,11,11
66902,94,81,13,13
66903,112,103,9,9
66904,140,116,24,24
66905,117,107,10,10
66906,112,85,27,27
66907,49,59,-10,10
66908,156,138,18,18
66909,89,74,15,15
66910,74,70,4,4
66911,67,63,4,4
66912,70,72,-2,2
66913,93,91,2,2
66914,93,84,9,9
66915,101,93,8,8
66916,76,80,-4,4
66917,67,59,8,8
66918,106,89,17,17
66919,72,72,0,0
66920,65,56,9,9
66921,87,77,10,10
66922,89,77,12,12
66923,257,269,-12,12
66924,175,159,16,16
66925,69,57,12,12
66926,76,61,15,15
66927,65,55,10,10
66928,153,132,21,21
66929,68,62,6,6
66930,116,97,19,19
66931,114,112,2,2
66932,76,72,4,4
66933,65,55,10,10
66934,104,91,13,13
66935,148,129,19,19
66936,43,38,5,5
66937,90,78,12,12
66938,99,85,14,14
66939,128,120,8,8
66940,110,100,10,10
66941,42,47,-5,5
66942,120,107,13,13
66943,135,100,35,35
66944,134,124,10,10
66945,116,108,8,8
66946,138,113,25,25
66947,125,104,21,21
66948,43,40,3,3
66949,89,69,20,20
66950,126,98,28,28
66951,90,74,16,16
66952,77,71,6,6
66953,91,79,12,12
66954,120,96,24,24
66955,63,51,12,12
66956,88,79,9,9
66957,50,46,4,4
66958,110,101,9,9
66959,71,60,11,11
66960,81,72,9,9
66961,120,104,16,16
66962,94,81,13,13
66963,51,53,-2,2
66964,84,78,6,6
66965,96,88,8,8
66966,179,153,26,26
66967,57,48,9,9
66968,114,106,8,8
66969,111,105,6,6
66970,111,92,19,19
66971,101,85,16,16
66972,53,42,11,11
66973,97,88,9,9
66974,98,83,15,15
66975,50,47,3,3
66976,82,74,8,8
66977,108,91,17,17
66978,59,56,3,3
66979,69,63,6,6
66980,68,62,6,6
66981,69,67,2,2
66982,73,70,3,3
66983,28,23,5,5
66984,75,69,6,6
66985,68,59,9,9
66986,110,100,10,10
66987,99,95,4,4
66988,72,67,5,5
66989,74,68,6,6
66990,70,67,3,3
66991,109,88,21,21
66992,191,170,21,21
66993,54,47,7,7
66994,119,108,11,11
66995,76,74,2,2
66996,174,155,19,19
66997,87,75,12,12
66998,88,79,9,9
66999,53,50,3,3
67000,75,70,5,5
67001,68,56,12,12
67002,118,112,6,6
67003,114,95,19,19
67004,101,91,10,10
67005,102,91,11,11
67006,82,75,7,7
67007,100,93,7,7
67008,134,118,16,16
67009,140,130,10,10
67010,109,102,7,7
67011,124,111,13,13
67012,157,122,35,35
67013,67,50,17,17
67014,117,108,9,9
67015,64,56,8,8
67016,89,86,3,3
67017,52,39,13,13
67018,126,114,12,12
67019,99,89,10,10
67020,82,72,10,10
67021,96,72,24,24
67022,85,73,12,12
67023,68,67,1,1
67024,132,114,18,18
67025,148,124,24,24
67026,56,50,6,6
67027,173,159,14,14
67028,115,104,11,11
67029,99,88,11,11
67030,115,114,1,1
67031,71,66,5,5
67032,141,125,16,16
67033,111,96,15,15
67034,53,49,4,4
67035,279,205,74,74
67036,101,78,23,23
67037,93,82,11,11
67038,71,61,10,10
67039,163,145,18,18
67040,52,42,10,10
67041,109,97,12,12
67042,80,78,2,2
67043,72,96,-24,24
67044,72,62,10,10
67045,87,76,11,11
67046,82,77,5,5
67047,74,68,6,6
67048,156,135,21,21
67049,133,114,19,19
67050,123,107,16,16
67051,63,55,8,8
67052,70,65,5,5
67053,40,38,2,2
67054,76,77,-1,1
67055,201,179,22,22
67056,76,74,2,2
67057,109,105,4,4
67058,116,107,9,9
67059,45,37,8,8
67060,59,53,6,6
67061,104,81,23,23
67062,122,134,-12,12
67063,108,88,20,20
67064,59,59,0,0
67065,111,112,-1,1
67066,47,38,9,9
67067,123,111,12,12
67068,127,107,20,20
67069,98,88,10,10
67070,90,82,8,8
67071,70,67,3,3
67072,102,87,15,15
67073,101,89,12,12
67074,72,81,-9,9
67075,86,93,-7,7
67076,77,71,6,6
67077,175,141,34,34
67078,85,78,7,7
67079,109,96,13,13
67080,143,119,24,24
67081,79,75,4,4
67082,81,74,7,7
67083,110,91,19,19
67084,68,70,-2,2
67085,107,93,14,14
67086,115,102,13,13
67087,120,111,9,9
67088,67,62,5,5
67089,95,83,12,12
67090,116,105,11,11
67091,83,77,6,6
67092,97,82,15,15
67093,85,80,5,5
67094,91,90,1,1
67095,147,124,23,23
67096,60,59,1,1
67097,104,88,16,16
67098,99,90,9,9
67099,142,117,25,25
67100,65,59,6,6
67101,58,52,6,6
67102,81,77,4,4
67103,85,74,11,11
67104,158,139,19,19
67105,57,48,9,9
67106,32,31,1,1
67107,161,141,20,20
67108,139,118,21,21
67109,123,110,13,13
67110,141,131,10,10
67111,127,115,12,12
67112,65,59,6,6
67113,177,152,25,25
67114,131,116,15,15
67115,140,121,19,19
67116,51,46,5,5
67117,85,78,7,7
67118,75,65,10,10
67119,103,89,14,14
67120,155,121,34,34
67121,85,72,13,13
67122,72,66,6,6
67123,80,64,16,16
67124,62,61,1,1
67125,58,54,4,4
67126,53,49,4,4
67127,76,77,-1,1
67128,117,108,9,9
67129,75,63,12,12
67130,138,118,20,20
67131,82,69,13,13
67132,79,72,7,7
67133,83,81,2,2
67134,79,66,13,13
67135,141,121,20,20
67136,76,63,13,13
67137,165,143,22,22
67138,150,141,9,9
67139,65,57,8,8
67140,37,34,3,3
67141,55,47,8,8
67142,227,196,31,31
67143,82,77,5,5
67144,70,61,9,9
67145,57,53,4,4
67146,73,59,14,14
67147,78,68,10,10
67148,58,55,3,3
67149,87,76,11,11
67150,48,49,-1,1
67151,127,120,7,7
67152,65,52,13,13
67153,111,85,26,26
67154,74,66,8,8
67155,103,85,18,18
67156,91,72,19,19
67157,188,186,2,2
67158,98,100,-2,2
67159,86,74,12,12
67160,68,56,12,12
67161,99,89,10,10
67162,68,60,8,8
67163,87,70,17,17
67164,110,100,10,10
67165,53,51,2,2
67166,75,65,10,10
67167,113,102,11,11
67168,103,110,-7,7
67169,48,53,-5,5
67170,180,150,30,30
67171,67,67,0,0
67172,69,66,3,3
67173,114,112,2,2
67174,82,69,13,13
67175,152,134,18,18
67176,108,102,6,6
67177,126,111,15,15
67178,126,125,1,1
67179,68,68,0,0
67180,111,93,18,18
67181,127,103,24,24
67182,106,89,17,17
67183,93,91,2,2
67184,134,122,12,12
67185,65,62,3,3
67186,129,105,24,24
67187,84,76,8,8
67188,64,60,4,4
67189,147,126,21,21
67190,123,108,15,15
67191,102,88,14,14
67192,66,52,14,14
67193,56,55,1,1
67194,99,96,3,3
67195,92,80,12,12
67196,96,86,10,10
67197,125,124,1,1
67198,85,75,10,10
67199,100,87,13,13
67200,77,72,5,5
67201,69,61,8,8
67202,95,85,10,10
67203,87,74,13,13
67204,112,98,14,14
67205,124,110,14,14
67206,99,81,18,18
67207,65,53,12,12
67208,119,87,32,32
67209,66,61,5,5
67210,89,74,15,15
67211,139,117,22,22
67212,111,90,21,21
67213,81,83,-2,2
67214,100,87,13,13
67215,82,70,12,12
67216,145,140,5,5
67217,91,83,8,8
67218,187,171,16,16
67219,84,76,8,8
67220,45,43,2,2
67221,116,105,11,11
67222,69,62,7,7
67223,80,75,5,5
67224,44,33,11,11
67225,93,92,1,1
67226,58,49,9,9
67227,74,69,5,5
67228,74,66,8,8
67229,99,99,0,0
67230,93,89,4,4
67231,67,55,12,12
67232,108,96,12,12
67233,108,101,7,7
67234,116,90,26,26
67235,127,101,26,26
67236,98,83,15,15
67237,115,111,4,4
67238,131,115,16,16
67239,185,150,35,35
67240,120,95,25,25
67241,75,67,8,8
67242,165,121,44,44
67243,44,67,-23,23
67244,82,77,5,5
67245,66,65,1,1
67246,72,65,7,7
67247,137,118,19,19
67248,66,65,1,1
67249,79,86,-7,7
67250,48,47,1,1
67251,76,69,7,7
67252,87,74,13,13
67253,90,78,12,12
67254,67,63,4,4
67255,139,124,15,15
67256,52,49,3,3
67257,97,80,17,17
67258,135,117,18,18
67259,60,41,19,19
67260,65,60,5,5
67261,61,47,14,14
67262,175,152,23,23
67263,146,119,27,27
67264,64,65,-1,1
67265,122,109,13,13
67266,66,59,7,7
67267,62,53,9,9
67268,97,92,5,5
67269,117,110,7,7
67270,72,66,6,6
67271,66,76,-10,10
67272,147,118,29,29
67273,139,115,24,24
67274,143,134,9,9
67275,106,97,9,9
67276,81,82,-1,1
67277,85,65,20,20
67278,112,94,18,18
67279,74,77,-3,3
67280,157,134,23,23
67281,76,66,10,10
67282,69,61,8,8
67283,133,116,17,17
67284,79,79,0,0
67285,58,54,4,4
67286,111,103,8,8
67287,195,160,35,35
67288,129,101,28,28
67289,58,60,-2,2
67290,101,99,2,2
67291,186,160,26,26
67292,76,61,15,15
67293,72,66,6,6
67294,100,96,4,4
67295,60,53,7,7
67296,59,54,5,5
67297,118,103,15,15
67298,195,158,37,37
67299,92,77,15,15
67300,245,233,12,12
67301,102,101,1,1
67302,84,78,6,6
67303,95,84,11,11
67304,126,108,18,18
67305,101,83,18,18
67306,192,159,33,33
67307,118,103,15,15
67308,72,70,2,2
67309,66,65,1,1
67310,72,67,5,5
67311,75,66,9,9
67312,47,44,3,3
67313,53,51,2,2
67314,75,75,0,0
67315,77,84,-7,7
67316,133,125,8,8
67317,66,60,6,6
67318,122,116,6,6
67319,151,138,13,13
67320,95,100,-5,5
67321,70,71,-1,1
67322,66,57,9,9
67323,101,88,13,13
67324,92,77,15,15
67325,94,77,17,17
67326,80,60,20,20
67327,86,81,5,5
67328,99,78,21,21
67329,167,139,28,28
67330,104,85,19,19
67331,92,75,17,17
67332,82,82,0,0
67333,93,79,14,14
67334,57,49,8,8
67335,80,67,13,13
67336,154,120,34,34
67337,92,77,15,15
67338,121,96,25,25
67339,90,89,1,1
67340,94,83,11,11
67341,100,92,8,8
67342,55,56,-1,1
67343,179,159,20,20
67344,157,128,29,29
67345,58,61,-3,3
67346,94,96,-2,2
67347,85,73,12,12
67348,55,56,-1,1
67349,72,55,17,17
67350,114,104,10,10
67351,99,88,11,11
67352,75,60,15,15
67353,45,38,7,7
67354,58,50,8,8
67355,110,96,14,14
67356,69,67,2,2
67357,68,59,9,9
67358,102,84,18,18
67359,77,74,3,3
67360,85,72,13,13
67361,112,97,15,15
67362,40,33,7,7
67363,73,70,3,3
67364,76,75,1,1
67365,65,60,5,5
67366,72,79,-7,7
67367,89,102,-13,13
67368,110,103,7,7
67369,91,80,11,11
67370,59,76,-17,17
67371,90,75,15,15
67372,84,76,8,8
67373,130,111,19,19
67374,63,52,11,11
67375,63,59,4,4
67376,87,74,13,13
67377,106,104,2,2
67378,145,128,17,17
67379,128,120,8,8
67380,81,73,8,8
67381,111,87,24,24
67382,76,74,2,2
67383,53,57,-4,4
67384,82,71,11,11
67385,100,90,10,10
67386,74,78,-4,4
67387,105,97,8,8
67388,58,50,8,8
67389,102,93,9,9
67390,113,96,17,17
67391,99,92,7,7
67392,113,100,13,13
67393,55,54,1,1
67394,98,79,19,19
67395,108,103,5,5
67396,54,46,8,8
67397,99,86,13,13
67398,78,71,7,7
67399,68,42,26,26
67400,45,41,4,4
67401,71,68,3,3
67402,216,174,42,42
67403,103,89,14,14
67404,77,70,7,7
67405,64,61,3,3
67406,108,101,7,7
67407,106,82,24,24
67408,124,98,26,26
67409,71,65,6,6
67410,91,73,18,18
67411,80,77,3,3
67412,122,110,12,12
67413,105,93,12,12
67414,80,76,4,4
67415,142,109,33,33
67416,64,79,-15,15
67417,95,72,23,23
67418,112,111,1,1
67419,83,69,14,14
67420,147,125,22,22
67421,47,44,3,3
67422,80,75,5,5
67423,104,102,2,2
67424,71,68,3,3
67425,67,59,8,8
67426,69,66,3,3
67427,82,74,8,8
67428,85,65,20,20
67429,144,130,14,14
67430,81,79,2,2
67431,141,132,9,9
67432,86,72,14,14
67433,176,160,16,16
67434,74,58,16,16
67435,91,79,12,12
67436,102,77,25,25
67437,74,61,13,13
67438,97,83,14,14
67439,60,56,4,4
67440,97,88,9,9
67441,119,102,17,17
67442,97,92,5,5
67443,70,64,6,6
67444,102,84,18,18
67445,61,59,2,2
67446,86,67,19,19
67447,45,42,3,3
67448,51,45,6,6
67449,130,124,6,6
67450,74,71,3,3
67451,78,73,5,5
67452,163,148,15,15
67453,52,56,-4,4
67454,99,90,9,9
67455,84,78,6,6
67456,109,93,16,16
67457,84,76,8,8
67458,88,88,0,0
67459,117,99,18,18
67460,186,157,29,29
67461,55,48,7,7
67462,65,70,-5,5
67463,119,120,-1,1
67464,71,65,6,6
67465,87,69,18,18
67466,51,51,0,0
67467,46,42,4,4
67468,61,55,6,6
67469,103,83,20,20
67470,84,74,10,10
67471,56,54,2,2
67472,73,68,5,5
67473,84,73,11,11
67474,127,97,30,30
67475,178,165,13,13
67476,71,65,6,6
67477,107,93,14,14
67478,111,91,20,20
67479,69,63,6,6
67480,94,84,10,10
67481,45,51,-6,6
67482,94,86,8,8
67483,120,109,11,11
67484,63,60,3,3
67485,78,63,15,15
67486,40,43,-3,3
67487,114,98,16,16
67488,112,96,16,16
67489,152,130,22,22
67490,184,146,38,38
67491,84,74,10,10
67492,122,103,19,19
67493,108,89,19,19
67494,64,60,4,4
67495,114,100,14,14
67496,143,132,11,11
67497,97,79,18,18
67498,99,85,14,14
67499,145,143,2,2
67500,63,61,2,2
67501,111,100,11,11
67502,68,68,0,0
67503,108,107,1,1
67504,94,68,26,26
67505,77,70,7,7
67506,49,49,0,0
67507,82,73,9,9
67508,66,58,8,8
67509,74,60,14,14
67510,142,133,9,9
67511,82,76,6,6
67512,87,69,18,18
67513,78,72,6,6
67514,58,56,2,2
67515,108,94,14,14
67516,50,68,-18,18
67517,170,146,24,24
67518,74,69,5,5
67519,102,92,10,10
67520,95,83,12,12
67521,90,76,14,14
67522,118,104,14,14
67523,70,59,11,11
67524,111,98,13,13
67525,96,96,0,0
67526,81,72,9,9
67527,110,93,17,17
67528,94,79,15,15
67529,99,97,2,2
67530,107,99,8,8
67531,129,124,5,5
67532,135,112,23,23
67533,123,105,18,18
67534,67,61,6,6
67535,79,72,7,7
67536,91,87,4,4
67537,72,63,9,9
67538,150,147,3,3
67539,117,114,3,3
67540,60,58,2,2
67541,102,95,7,7
67542,32,39,-7,7
67543,65,58,7,7
67544,163,145,18,18
67545,99,88,11,11
67546,76,66,10,10
67547,146,122,24,24
67548,137,119,18,18
67549,131,118,13,13
67550,152,133,19,19
67551,93,99,-6,6
67552,78,68,10,10
67553,83,72,11,11
67554,109,88,21,21
67555,134,131,3,3
67556,56,66,-10,10
67557,82,72,10,10
67558,50,36,14,14
67559,104,95,9,9
67560,78,73,5,5
67561,60,54,6,6
67562,137,118,19,19
67563,64,55,9,9
67564,144,132,12,12
67565,49,43,6,6
67566,104,91,13,13
67567,66,58,8,8
67568,71,60,11,11
67569,128,107,21,21
67570,84,92,-8,8
67571,141,137,4,4
67572,97,81,16,16
67573,52,46,6,6
67574,74,65,9,9
67575,98,105,-7,7
67576,71,63,8,8
67577,56,53,3,3
67578,71,69,2,2
67579,123,107,16,16
67580,146,112,34,34
67581,77,66,11,11
67582,68,67,1,1
67583,110,83,27,27
67584,85,75,10,10
67585,162,116,46,46
67586,105,84,21,21
67587,68,60,8,8
67588,100,81,19,19
67589,103,91,12,12
67590,121,101,20,20
67591,96,76,20,20
67592,199,158,41,41
67593,83,76,7,7
67594,91,80,11,11
67595,61,55,6,6
67596,103,99,4,4
67597,95,86,9,9
67598,68,59,9,9
67599,94,81,13,13
67600,54,48,6,6
67601,160,122,38,38
67602,123,99,24,24
67603,154,127,27,27
67604,48,47,1,1
67605,66,63,3,3
67606,81,73,8,8
67607,56,51,5,5
67608,160,129,31,31
67609,121,138,-17,17
67610,103,81,22,22
67611,126,109,17,17
67612,82,70,12,12
67613,63,64,-1,1
67614,88,78,10,10
67615,111,107,4,4
67616,139,124,15,15
67617,103,94,9,9
67618,74,72,2,2
67619,133,113,20,20
67620,49,47,2,2
67621,93,79,14,14
67622,86,75,11,11
67623,77,62,15,15
67624,56,61,-5,5
67625,66,56,10,10
67626,132,114,18,18
67627,149,121,28,28
67628,39,31,8,8
67629,117,105,12,12
67630,98,86,12,12
67631,59,52,7,7
67632,146,130,16,16
67633,106,86,20,20
67634,63,62,1,1
67635,90,81,9,9
67636,73,71,2,2
67637,80,69,11,11
67638,89,79,10,10
67639,88,80,8,8
67640,51,45,6,6
67641,85,74,11,11
67642,106,115,-9,9
67643,136,116,20,20
67644,46,40,6,6
67645,107,102,5,5
67646,154,146,8,8
67647,109,99,10,10
67648,79,66,13,13
67649,94,73,21,21
67650,64,59,5,5
67651,63,58,5,5
67652,62,54,8,8
67653,58,57,1,1
67654,48,44,4,4
67655,67,62,5,5
67656,74,65,9,9
67657,94,81,13,13
67658,75,65,10,10
67659,158,132,26,26
67660,134,115,19,19
67661,189,159,30,30
67662,62,62,0,0
67663,73,63,10,10
67664,89,83,6,6
67665,42,49,-7,7
67666,129,108,21,21
67667,65,62,3,3
67668,49,44,5,5
67669,163,138,25,25
67670,93,77,16,16
67671,185,151,34,34
67672,91,81,10,10
67673,43,38,5,5
67674,163,148,15,15
67675,65,59,6,6
67676,49,33,16,16
67677,62,54,8,8
67678,123,123,0,0
67679,78,72,6,6
67680,144,122,22,22
67681,75,90,-15,15
67682,83,71,12,12
67683,122,88,34,34
67684,92,84,8,8
67685,101,91,10,10
67686,75,77,-2,2
67687,130,104,26,26
67688,160,140,20,20
67689,58,54,4,4
67690,154,137,17,17
67691,101,86,15,15
67692,54,56,-2,2
67693,177,157,20,20
67694,198,165,33,33
67695,98,98,0,0
67696,87,89,-2,2
67697,116,101,15,15
67698,63,56,7,7
67699,95,79,16,16
67700,57,48,9,9
67701,64,53,11,11
67702,69,56,13,13
67703,79,70,9,9
67704,89,92,-3,3
67705,53,48,5,5
67706,94,86,8,8
67707,85,86,-1,1
67708,85,78,7,7
67709,80,83,-3,3
67710,80,80,0,0
67711,95,81,14,14
67712,95,81,14,14
67713,72,68,4,4
67714,59,54,5,5
67715,122,97,25,25
67716,76,65,11,11
67717,103,83,20,20
67718,80,74,6,6
67719,84,76,8,8
67720,108,96,12,12
67721,94,82,12,12
67722,128,115,13,13
67723,121,110,11,11
67724,156,125,31,31
67725,120,103,17,17
67726,97,90,7,7
67727,87,90,-3,3
67728,116,100,16,16
67729,48,39,9,9
67730,139,127,12,12
67731,93,77,16,16
67732,184,173,11,11
67733,62,52,10,10
67734,116,113,3,3
67735,114,95,19,19
67736,104,87,17,17
67737,94,92,2,2
67738,169,151,18,18
67739,89,84,5,5
67740,91,86,5,5
67741,97,90,7,7
67742,111,101,10,10
67743,69,62,7,7
67744,120,106,14,14
67745,105,116,-11,11
67746,99,90,9,9
67747,37,60,-23,23
67748,105,82,23,23
67749,69,65,4,4
67750,67,58,9,9
67751,31,24,7,7
67752,60,59,1,1
67753,90,86,4,4
67754,74,65,9,9
67755,123,103,20,20
67756,97,90,7,7
67757,55,45,10,10
67758,127,106,21,21
67759,122,110,12,12
67760,103,91,12,12
67761,141,127,14,14
67762,67,58,9,9
67763,113,108,5,5
67764,135,124,11,11
67765,203,173,30,30
67766,88,79,9,9
67767,94,93,1,1
67768,103,91,12,12
67769,86,76,10,10
67770,143,129,14,14
67771,52,44,8,8
67772,75,75,0,0
67773,114,109,5,5
67774,92,77,15,15
67775,113,97,16,16
67776,123,113,10,10
67777,68,67,1,1
67778,86,88,-2,2
67779,27,31,-4,4
67780,126,116,10,10
67781,89,76,13,13
67782,113,95,18,18
67783,106,92,14,14
67784,90,75,15,15
67785,82,68,14,14
67786,88,86,2,2
67787,97,82,15,15
67788,141,120,21,21
67789,123,100,23,23
67790,188,176,12,12
67791,108,97,11,11
67792,73,66,7,7
67793,104,96,8,8
67794,87,80,7,7
67795,78,76,2,2
67796,75,65,10,10
67797,153,129,24,24
67798,74,62,12,12
67799,129,106,23,23
67800,117,97,20,20
67801,82,77,5,5
67802,103,89,14,14
67803,93,70,23,23
67804,89,80,9,9
67805,44,40,4,4
67806,76,69,7,7
67807,79,85,-6,6
67808,87,78,9,9
67809,38,32,6,6
67810,120,107,13,13
67811,88,82,6,6
67812,155,127,28,28
67813,120,98,22,22
67814,89,73,16,16
67815,100,84,16,16
67816,66,56,10,10
67817,85,83,2,2
67818,90,68,22,22
67819,126,112,14,14
67820,153,119,34,34
67821,83,73,10,10
67822,113,95,18,18
67823,88,82,6,6
67824,152,142,10,10
67825,104,87,17,17
67826,75,67,8,8
67827,48,41,7,7
67828,127,102,25,25
67829,79,68,11,11
67830,117,105,12,12
67831,63,61,2,2
67832,113,109,4,4
67833,143,148,-5,5
67834,110,97,13,13
67835,75,76,-1,1
67836,48,45,3,3
67837,64,83,-19,19
67838,99,88,11,11
67839,91,79,12,12
67840,111,92,19,19
67841,89,78,11,11
67842,141,127,14,14
67843,101,84,17,17
67844,74,65,9,9
67845,124,98,26,26
67846,115,113,2,2
67847,94,91,3,3
67848,110,101,9,9
67849,70,66,4,4
67850,89,86,3,3
67851,53,47,6,6
67852,85,85,0,0
67853,166,141,25,25
67854,77,65,12,12
67855,76,64,12,12
67856,137,134,3,3
67857,79,78,1,1
67858,144,107,37,37
67859,57,40,17,17
67860,102,90,12,12
67861,77,70,7,7
67862,105,100,5,5
67863,99,83,16,16
67864,40,34,6,6
67865,96,82,14,14
67866,99,93,6,6
67867,69,60,9,9
67868,111,93,18,18
67869,119,114,5,5
67870,152,131,21,21
67871,138,120,18,18
67872,146,144,2,2
67873,79,89,-10,10
67874,113,97,16,16
67875,65,64,1,1
67876,135,108,27,27
67877,58,36,22,22
67878,68,68,0,0
67879,103,85,18,18
67880,110,104,6,6
67881,57,52,5,5
67882,191,163,28,28
67883,87,72,15,15
67884,130,108,22,22
67885,94,82,12,12
67886,101,95,6,6
67887,52,41,11,11
67888,134,122,12,12
67889,75,64,11,11
67890,91,87,4,4
67891,109,95,14,14
67892,96,82,14,14
67893,55,49,6,6
67894,114,95,19,19
67895,159,131,28,28
67896,74,64,10,10
67897,89,88,1,1
67898,45,45,0,0
67899,50,62,-12,12
67900,78,67,11,11
67901,136,130,6,6
67902,81,70,11,11
67903,104,83,21,21
67904,42,37,5,5
67905,45,37,8,8
67906,91,70,21,21
67907,81,73,8,8
67908,73,68,5,5
67909,163,142,21,21
67910,62,54,8,8
67911,62,68,-6,6
67912,117,96,21,21
67913,91,85,6,6
67914,81,83,-2,2
67915,183,148,35,35
67916,115,107,8,8
67917,45,38,7,7
67918,67,62,5,5
67919,73,65,8,8
67920,115,104,11,11
67921,143,122,21,21
67922,122,104,18,18
67923,158,126,32,32
67924,132,118,14,14
67925,56,54,2,2
67926,138,128,10,10
67927,128,104,24,24
67928,170,140,30,30
67929,101,87,14,14
67930,147,132,15,15
67931,116,106,10,10
67932,97,104,-7,7
67933,116,110,6,6
67934,73,64,9,9
67935,58,48,10,10
67936,99,82,17,17
67937,148,140,8,8
67938,56,50,6,6
67939,144,135,9,9
67940,73,62,11,11
67941,124,124,0,0
67942,58,78,-20,20
67943,72,67,5,5
67944,57,47,10,10
67945,77,60,17,17
67946,93,85,8,8
67947,136,120,16,16
67948,56,53,3,3
67949,106,86,20,20
67950,68,56,12,12
67951,107,94,13,13
67952,137,120,17,17
67953,51,46,5,5
67954,161,144,17,17
67955,75,63,12,12
67956,207,170,37,37
67957,134,126,8,8
67958,139,126,13,13
67959,85,74,11,11
67960,64,58,6,6
67961,57,52,5,5
67962,87,77,10,10
67963,143,123,20,20
67964,89,79,10,10
67965,78,68,10,10
67966,73,82,-9,9
67967,188,185,3,3
67968,115,90,25,25
67969,119,85,34,34
67970,74,65,9,9
67971,96,90,6,6
67972,64,60,4,4
67973,117,100,17,17
67974,127,116,11,11
67975,70,67,3,3
67976,97,94,3,3
67977,163,148,15,15
67978,143,121,22,22
67979,69,69,0,0
67980,98,93,5,5
67981,87,73,14,14
67982,100,89,11,11
67983,111,110,1,1
67984,129,121,8,8
67985,94,74,20,20
67986,124,113,11,11
67987,70,68,2,2
67988,64,55,9,9
67989,131,112,19,19
67990,81,83,-2,2
67991,121,101,20,20
67992,139,121,18,18
67993,49,45,4,4
67994,54,52,2,2
67995,109,101,8,8
67996,71,70,1,1
67997,124,103,21,21
67998,110,89,21,21
67999,103,97,6,6
68000,104,100,4,4
68001,95,103,-8,8
68002,85,65,20,20
68003,83,69,14,14
68004,111,107,4,4
68005,68,49,19,19
68006,76,63,13,13
68007,47,41,6,6
68008,143,114,29,29
68009,64,57,7,7
68010,102,91,11,11
68011,77,70,7,7
68012,52,54,-2,2
68013,52,47,5,5
68014,75,71,4,4
68015,83,73,10,10
68016,70,59,11,11
68017,44,41,3,3
68018,41,39,2,2
68019,77,67,10,10
68020,53,47,6,6
68021,132,121,11,11
68022,112,94,18,18
68023,81,68,13,13
68024,85,74,11,11
68025,90,78,12,12
68026,51,45,6,6
68027,55,56,-1,1
68028,45,50,-5,5
68029,52,45,7,7
68030,98,86,12,12
68031,72,62,10,10
68032,239,210,29,29
68033,123,100,23,23
68034,164,139,25,25
68035,75,69,6,6
68036,145,129,16,16
68037,63,58,5,5
68038,63,82,-19,19
68039,100,96,4,4
68040,110,105,5,5
68041,76,79,-3,3
68042,94,91,3,3
68043,109,86,23,23
68044,59,60,-1,1
68045,140,141,-1,1
68046,83,68,15,15
68047,136,115,21,21
68048,50,50,0,0
68049,85,73,12,12
68050,113,93,20,20
68051,49,50,-1,1
68052,98,73,25,25
68053,80,59,21,21
68054,95,86,9,9
68055,129,122,7,7
68056,89,74,15,15
68057,115,101,14,14
68058,73,71,2,2
68059,75,72,3,3
68060,168,141,27,27
68061,52,50,2,2
68062,76,63,13,13
68063,104,91,13,13
68064,124,98,26,26
68065,113,107,6,6
68066,80,68,12,12
68067,79,91,-12,12
68068,89,74,15,15
68069,90,71,19,19
68070,46,45,1,1
68071,80,66,14,14
68072,108,108,0,0
68073,46,42,4,4
68074,106,90,16,16
68075,139,119,20,20
68076,99,92,7,7
68077,50,44,6,6
68078,65,54,11,11
68079,69,64,5,5
68080,125,111,14,14
68081,97,86,11,11
68082,84,80,4,4
68083,114,105,9,9
68084,39,30,9,9
68085,106,86,20,20
68086,88,83,5,5
68087,80,77,3,3
68088,178,154,24,24
68089,104,101,3,3
68090,76,65,11,11
68091,108,86,22,22
68092,82,84,-2,2
68093,44,41,3,3
68094,67,56,11,11
68095,69,66,3,3
68096,69,52,17,17
68097,112,95,17,17
68098,151,124,27,27
68099,47,43,4,4
68100,70,60,10,10
68101,86,74,12,12
68102,95,84,11,11
68103,68,62,6,6
68104,44,37,7,7
68105,70,67,3,3
68106,132,116,16,16
68107,66,61,5,5
68108,104,90,14,14
68109,155,131,24,24
68110,136,121,15,15
68111,74,66,8,8
68112,109,96,13,13
68113,88,83,5,5
68114,156,148,8,8
68115,153,136,17,17
68116,83,65,18,18
68117,88,74,14,14
68118,167,165,2,2
68119,44,40,4,4
68120,124,100,24,24
68121,71,60,11,11
68122,131,101,30,30
68123,94,77,17,17
68124,64,57,7,7
68125,81,74,7,7
68126,69,62,7,7
68127,52,45,7,7
68128,84,74,10,10
68129,59,53,6,6
68130,117,108,9,9
68131,115,96,19,19
68132,86,79,7,7
68133,111,94,17,17
68134,69,67,2,2
68135,119,99,20,20
68136,73,64,9,9
68137,81,71,10,10
68138,79,83,-4,4
68139,89,90,-1,1
68140,51,47,4,4
68141,63,59,4,4
68142,87,81,6,6
68143,116,103,13,13
68144,115,92,23,23
68145,111,103,8,8
68146,38,35,3,3
68147,130,123,7,7
68148,100,84,16,16
68149,60,46,14,14
68150,91,73,18,18
68151,67,60,7,7
68152,73,57,16,16
68153,152,139,13,13
68154,199,172,27,27
68155,156,138,18,18
68156,61,58,3,3
68157,109,88,21,21
68158,69,63,6,6
68159,87,78,9,9
68160,65,61,4,4
68161,83,77,6,6
68162,94,84,10,10
68163,104,80,24,24
68164,72,67,5,5
68165,74,78,-4,4
68166,93,77,16,16
68167,88,74,14,14
68168,88,72,16,16
68169,75,75,0,0
68170,102,93,9,9
68171,72,66,6,6
68172,95,75,20,20
68173,98,86,12,12
68174,86,79,7,7
68175,91,96,-5,5
68176,67,57,10,10
68177,73,68,5,5
68178,129,121,8,8
68179,64,54,10,10
68180,94,86,8,8
68181,123,104,19,19
68182,89,79,10,10
68183,45,45,0,0
68184,95,87,8,8
68185,77,69,8,8
68186,61,59,2,2
68187,151,144,7,7
68188,53,48,5,5
68189,109,92,17,17
68190,84,79,5,5
68191,86,82,4,4
68192,105,91,14,14
68193,107,104,3,3
68194,97,94,3,3
68195,41,34,7,7
68196,69,64,5,5
68197,111,74,37,37
68198,40,36,4,4
68199,140,126,14,14
68200,65,57,8,8
68201,149,113,36,36
68202,46,36,10,10
68203,103,92,11,11
68204,80,73,7,7
68205,41,33,8,8
68206,97,119,-22,22
68207,65,57,8,8
68208,124,135,-11,11
68209,65,58,7,7
68210,85,72,13,13
68211,151,136,15,15
68212,75,64,11,11
68213,92,85,7,7
68214,96,82,14,14
68215,120,107,13,13
68216,71,60,11,11
68217,77,72,5,5
68218,84,83,1,1
68219,100,97,3,3
68220,105,107,-2,2
68221,123,104,19,19
68222,53,48,5,5
68223,178,162,16,16
68224,99,88,11,11
68225,64,60,4,4
68226,78,73,5,5
68227,108,93,15,15
68228,77,70,7,7
68229,157,128,29,29
68230,72,71,1,1
68231,68,64,4,4
68232,87,70,17,17
68233,70,68,2,2
68234,52,48,4,4
68235,85,71,14,14
68236,100,94,6,6
68237,71,61,10,10
68238,109,105,4,4
68239,154,151,3,3
68240,96,68,28,28
68241,78,78,0,0
68242,82,84,-2,2
68243,114,100,14,14
68244,103,96,7,7
68245,118,112,6,6
68246,87,82,5,5
68247,121,115,6,6
68248,94,87,7,7
68249,62,52,10,10
68250,89,79,10,10
68251,105,92,13,13
68252,85,72,13,13
68253,79,77,2,2
68254,86,76,10,10
68255,100,87,13,13
68256,104,90,14,14
68257,83,71,12,12
68258,90,76,14,14
68259,112,116,-4,4
68260,69,64,5,5
68261,121,93,28,28
68262,84,80,4,4
68263,87,76,11,11
68264,92,85,7,7
68265,147,131,16,16
68266,86,78,8,8
68267,89,74,15,15
68268,52,57,-5,5
68269,110,97,13,13
68270,145,129,16,16
68271,87,77,10,10
68272,107,73,34,34
68273,145,109,36,36
68274,55,50,5,5
68275,51,54,-3,3
68276,95,86,9,9
68277,101,89,12,12
68278,72,61,11,11
68279,90,75,15,15
68280,91,71,20,20
68281,94,92,2,2
68282,60,60,0,0
68283,59,50,9,9
68284,96,80,16,16
68285,55,48,7,7
68286,101,76,25,25
68287,95,90,5,5
68288,113,95,18,18
68289,77,64,13,13
68290,114,114,0,0
68291,101,97,4,4
68292,100,95,5,5
68293,64,59,5,5
68294,100,84,16,16
68295,158,128,30,30
68296,81,74,7,7
68297,62,59,3,3
68298,136,118,18,18
68299,156,136,20,20
68300,160,135,25,25
68301,128,118,10,10
68302,49,41,8,8
68303,135,114,21,21
68304,81,77,4,4
68305,85,76,9,9
68306,74,62,12,12
68307,141,120,21,21
68308,98,86,12,12
68309,140,119,21,21
68310,102,86,16,16
68311,91,90,1,1
68312,68,59,9,9
68313,117,98,19,19
68314,57,46,11,11
68315,70,60,10,10
68316,203,155,48,48
68317,96,101,-5,5
68318,128,114,14,14
68319,81,67,14,14
68320,81,85,-4,4
68321,66,51,15,15
68322,128,112,16,16
68323,150,132,18,18
68324,79,77,2,2
68325,68,66,2,2
68326,57,53,4,4
68327,63,64,-1,1
68328,110,103,7,7
68329,84,74,10,10
68330,84,65,19,19
68331,59,54,5,5
68332,101,81,20,20
68333,73,67,6,6
68334,82,77,5,5
68335,163,146,17,17
68336,113,99,14,14
68337,95,66,29,29
68338,73,68,5,5
68339,83,73,10,10
68340,114,104,10,10
68341,136,105,31,31
68342,86,78,8,8
68343,81,69,12,12
68344,108,104,4,4
68345,149,143,6,6
68346,101,92,9,9
68347,78,70,8,8
68348,126,108,18,18
68349,122,116,6,6
68350,112,92,20,20
68351,67,57,10,10
68352,62,55,7,7
68353,112,105,7,7
68354,171,145,26,26
68355,65,54,11,11
68356,97,78,19,19
68357,43,40,3,3
68358,71,53,18,18
68359,71,61,10,10
68360,55,43,12,12
68361,72,76,-4,4
68362,85,75,10,10
68363,190,159,31,31
68364,97,89,8,8
68365,100,91,9,9
68366,75,69,6,6
68367,130,100,30,30
68368,60,53,7,7
68369,105,92,13,13
68370,85,73,12,12
68371,89,83,6,6
68372,93,84,9,9
68373,39,53,-14,14
68374,74,61,13,13
68375,148,144,4,4
68376,136,117,19,19
68377,61,66,-5,5
68378,181,157,24,24
68379,99,83,16,16
68380,165,144,21,21
68381,97,83,14,14
68382,116,96,20,20
68383,105,99,6,6
68384,50,40,10,10
68385,71,73,-2,2
68386,115,97,18,18
68387,61,48,13,13
68388,101,95,6,6
68389,80,71,9,9
68390,100,97,3,3
68391,79,80,-1,1
68392,121,103,18,18
68393,85,85,0,0
68394,87,81,6,6
68395,61,60,1,1
68396,125,121,4,4
68397,85,80,5,5
68398,87,79,8,8
68399,64,62,2,2
68400,66,59,7,7
68401,85,76,9,9
68402,159,134,25,25
68403,132,126,6,6
68404,96,89,7,7
68405,100,97,3,3
68406,76,63,13,13
68407,117,109,8,8
68408,101,101,0,0
68409,86,78,8,8
68410,117,98,19,19
68411,96,80,16,16
68412,55,53,2,2
68413,145,121,24,24
68414,68,68,0,0
68415,71,61,10,10
68416,129,111,18,18
68417,121,108,13,13
68418,92,71,21,21
68419,57,51,6,6
68420,50,43,7,7
68421,56,53,3,3
68422,52,48,4,4
68423,61,54,7,7
68424,164,143,21,21
68425,119,103,16,16
68426,85,73,12,12
68427,83,71,12,12
68428,149,128,21,21
68429,103,83,20,20
68430,61,27,34,34
68431,142,131,11,11
68432,80,74,6,6
68433,49,48,1,1
68434,109,84,25,25
68435,101,89,12,12
68436,77,73,4,4
68437,160,156,4,4
68438,108,104,4,4
68439,137,120,17,17
68440,125,112,13,13
68441,76,69,7,7
68442,145,121,24,24
68443,86,81,5,5
68444,131,115,16,16
68445,99,95,4,4
68446,97,86,11,11
68447,67,54,13,13
68448,107,114,-7,7
68449,87,76,11,11
68450,104,91,13,13
68451,77,68,9,9
68452,49,46,3,3
68453,152,127,25,25
68454,138,122,16,16
68455,183,159,24,24
68456,53,49,4,4
68457,100,88,12,12
68458,71,63,8,8
68459,73,81,-8,8
68460,108,92,16,16
68461,85,82,3,3
68462,72,64,8,8
68463,92,79,13,13
68464,127,107,20,20
68465,61,69,-8,8
68466,86,90,-4,4
68467,56,47,9,9
68468,104,85,19,19
68469,86,77,9,9
68470,142,135,7,7
68471,78,78,0,0
68472,96,74,22,22
68473,75,68,7,7
68474,88,78,10,10
68475,69,62,7,7
68476,62,57,5,5
68477,107,95,12,12
68478,65,57,8,8
68479,129,122,7,7
68480,86,82,4,4
68481,77,62,15,15
68482,115,91,24,24
68483,87,75,12,12
68484,32,24,8,8
68485,80,79,1,1
68486,107,94,13,13
68487,112,115,-3,3
68488,83,75,8,8
68489,89,82,7,7
68490,65,58,7,7
68491,63,62,1,1
68492,56,53,3,3
68493,99,78,21,21
68494,88,80,8,8
68495,130,119,11,11
68496,59,54,5,5
68497,157,115,42,42
68498,94,95,-1,1
68499,94,84,10,10
68500,61,57,4,4
68501,98,91,7,7
68502,98,85,13,13
68503,108,87,21,21
68504,122,109,13,13
68505,115,107,8,8
68506,49,46,3,3
68507,79,72,7,7
68508,96,94,2,2
68509,81,80,1,1
68510,54,50,4,4
68511,70,68,2,2
68512,141,121,20,20
68513,113,185,-72,72
68514,110,109,1,1
68515,75,71,4,4
68516,85,84,1,1
68517,85,72,13,13
68518,105,93,12,12
68519,62,62,0,0
68520,39,40,-1,1
68521,83,75,8,8
68522,103,88,15,15
68523,69,66,3,3
68524,103,90,13,13
68525,82,67,15,15
68526,98,86,12,12
68527,134,110,24,24
68528,51,56,-5,5
68529,98,86,12,12
68530,58,53,5,5
68531,66,67,-1,1
68532,66,57,9,9
68533,139,114,25,25
68534,182,159,23,23
68535,118,118,0,0
68536,69,59,10,10
68537,61,61,0,0
68538,101,86,15,15
68539,126,88,38,38
68540,87,77,10,10
68541,53,51,2,2
68542,83,69,14,14
68543,113,109,4,4
68544,109,90,19,19
68545,60,52,8,8
68546,113,102,11,11
68547,84,83,1,1
68548,60,50,10,10
68549,56,54,2,2
68550,52,45,7,7
68551,111,97,14,14
68552,74,71,3,3
68553,57,50,7,7
68554,72,66,6,6
68555,77,71,6,6
68556,93,83,10,10
68557,167,134,33,33
68558,64,59,5,5
68559,97,79,18,18
68560,106,94,12,12
68561,165,135,30,30
68562,86,93,-7,7
68563,146,124,22,22
68564,98,84,14,14
68565,88,80,8,8
68566,89,80,9,9
68567,99,84,15,15
68568,86,76,10,10
68569,95,100,-5,5
68570,70,58,12,12
68571,91,92,-1,1
68572,98,86,12,12
68573,92,81,11,11
68574,103,88,15,15
68575,91,74,17,17
68576,58,65,-7,7
68577,61,57,4,4
68578,53,48,5,5
68579,83,74,9,9
68580,56,50,6,6
68581,84,76,8,8
68582,73,73,0,0
68583,73,65,8,8
68584,81,73,8,8
68585,69,64,5,5
68586,71,69,2,2
68587,107,104,3,3
68588,111,99,12,12
68589,107,91,16,16
68590,115,88,27,27
68591,75,66,9,9
68592,129,110,19,19
68593,94,82,12,12
68594,52,47,5,5
68595,146,131,15,15
68596,99,91,8,8
68597,93,98,-5,5
68598,57,53,4,4
68599,102,102,0,0
68600,58,55,3,3
68601,95,121,-26,26
68602,92,79,13,13
68603,99,85,14,14
68604,115,105,10,10
68605,77,68,9,9
68606,176,165,11,11
68607,97,90,7,7
68608,153,124,29,29
68609,74,62,12,12
68610,182,152,30,30
68611,91,89,2,2
68612,67,70,-3,3
68613,85,86,-1,1
68614,109,92,17,17
68615,113,95,18,18
68616,111,103,8,8
68617,95,95,0,0
68618,74,64,10,10
68619,110,95,15,15
68620,58,48,10,10
68621,135,118,17,17
68622,108,104,4,4
68623,112,109,3,3
68624,49,48,1,1
68625,114,109,5,5
68626,57,53,4,4
68627,74,63,11,11
68628,99,89,10,10
68629,96,81,15,15
68630,88,75,13,13
68631,79,79,0,0
68632,82,63,19,19
68633,99,86,13,13
68634,116,98,18,18
68635,80,72,8,8
68636,120,106,14,14
68637,70,60,10,10
68638,74,63,11,11
68639,55,55,0,0
68640,97,81,16,16
68641,74,70,4,4
68642,92,89,3,3
68643,71,66,5,5
68644,86,77,9,9
68645,66,58,8,8
68646,74,63,11,11
68647,90,75,15,15
68648,110,99,11,11
68649,94,83,11,11
68650,101,88,13,13
68651,115,103,12,12
68652,91,83,8,8
68653,102,93,9,9
68654,116,111,5,5
68655,130,117,13,13
68656,45,47,-2,2
68657,77,69,8,8
68658,117,117,0,0
68659,109,99,10,10
68660,94,82,12,12
68661,130,111,19,19
68662,37,37,0,0
68663,73,68,5,5
68664,79,62,17,17
68665,80,81,-1,1
68666,143,114,29,29
68667,69,63,6,6
68668,143,130,13,13
68669,105,96,9,9
68670,150,125,25,25
68671,94,80,14,14
68672,107,91,16,16
68673,64,57,7,7
68674,154,121,33,33
68675,129,116,13,13
68676,118,102,16,16
68677,86,76,10,10
68678,98,89,9,9
68679,134,131,3,3
68680,96,89,7,7
68681,90,80,10,10
68682,173,154,19,19
68683,83,78,5,5
68684,168,153,15,15
68685,97,87,10,10
68686,88,79,9,9
68687,54,45,9,9
68688,142,111,31,31
68689,152,128,24,24
68690,75,75,0,0
68691,73,65,8,8
68692,170,165,5,5
68693,82,73,9,9
68694,103,102,1,1
68695,135,111,24,24
68696,98,87,11,11
68697,190,164,26,26
68698,110,87,23,23
68699,56,55,1,1
68700,160,133,27,27
68701,86,90,-4,4
68702,105,94,11,11
68703,42,38,4,4
68704,148,147,1,1
68705,78,65,13,13
68706,108,100,8,8
68707,81,72,9,9
68708,135,120,15,15
68709,84,84,0,0
68710,115,98,17,17
68711,124,102,22,22
68712,67,68,-1,1
68713,97,83,14,14
68714,90,79,11,11
68715,158,136,22,22
68716,162,141,21,21
68717,165,148,17,17
68718,76,70,6,6
68719,174,160,14,14
68720,125,105,20,20
68721,155,140,15,15
68722,80,75,5,5
68723,150,141,9,9
68724,54,48,6,6
68725,119,98,21,21
68726,83,66,17,17
68727,56,54,2,2
68728,69,69,0,0
68729,94,87,7,7
68730,103,98,5,5
68731,120,100,20,20
68732,119,115,4,4
68733,92,82,10,10
68734,102,90,12,12
68735,75,66,9,9
68736,64,58,6,6
68737,175,148,27,27
68738,66,56,10,10
68739,69,54,15,15
68740,66,56,10,10
68741,42,38,4,4
68742,222,190,32,32
68743,161,144,17,17
68744,139,109,30,30
68745,88,78,10,10
68746,81,65,16,16
68747,160,144,16,16
68748,100,93,7,7
68749,64,64,0,0
68750,26,25,1,1
68751,126,110,16,16
68752,49,43,6,6
68753,101,88,13,13
68754,78,66,12,12
68755,82,73,9,9
68756,68,61,7,7
68757,90,79,11,11
68758,78,69,9,9
68759,114,103,11,11
68760,160,140,20,20
68761,108,97,11,11
68762,93,85,8,8
68763,52,44,8,8
68764,142,125,17,17
68765,151,149,2,2
68766,118,108,10,10
68767,90,81,9,9
68768,103,86,17,17
68769,126,108,18,18
68770,121,107,14,14
68771,111,103,8,8
68772,87,75,12,12
68773,48,43,5,5
68774,86,67,19,19
68775,60,92,-32,32
68776,162,128,34,34
68777,98,80,18,18
68778,134,111,23,23
68779,147,132,15,15
68780,113,107,6,6
68781,79,69,10,10
68782,76,63,13,13
68783,72,72,0,0
68784,59,61,-2,2
68785,151,128,23,23
68786,114,99,15,15
68787,71,65,6,6
68788,146,129,17,17
68789,83,71,12,12
68790,65,56,9,9
68791,60,50,10,10
68792,113,90,23,23
68793,146,118,28,28
68794,103,93,10,10
68795,123,105,18,18
68796,59,58,1,1
68797,158,127,31,31
68798,114,89,25,25
68799,133,111,22,22
68800,151,129,22,22
68801,41,36,5,5
68802,80,71,9,9
68803,71,60,11,11
68804,88,81,7,7
68805,94,94,0,0
68806,41,45,-4,4
68807,129,131,-2,2
68808,126,107,19,19
68809,132,104,28,28
68810,38,39,-1,1
68811,81,73,8,8
68812,97,89,8,8
68813,99,86,13,13
68814,159,143,16,16
68815,113,108,5,5
68816,42,45,-3,3
68817,176,153,23,23
68818,96,74,22,22
68819,122,110,12,12
68820,134,127,7,7
68821,63,58,5,5
68822,81,67,14,14
68823,94,89,5,5
68824,122,102,20,20
68825,99,78,21,21
68826,103,97,6,6
68827,77,95,-18,18
68828,90,90,0,0
68829,139,112,27,27
68830,74,55,19,19
68831,83,77,6,6
68832,84,74,10,10
68833,108,90,18,18
68834,80,75,5,5
68835,117,107,10,10
68836,81,68,13,13
68837,73,65,8,8
68838,146,127,19,19
68839,83,75,8,8
68840,71,62,9,9
68841,99,97,2,2
68842,52,47,5,5
68843,97,96,1,1
68844,80,71,9,9
68845,112,98,14,14
68846,57,62,-5,5
68847,105,96,9,9
68848,145,137,8,8
68849,104,84,20,20
68850,94,78,16,16
68851,109,99,10,10
68852,73,65,8,8
68853,54,50,4,4
68854,99,78,21,21
68855,204,173,31,31
68856,42,40,2,2
68857,40,34,6,6
68858,61,51,10,10
68859,98,89,9,9
68860,88,82,6,6
68861,107,107,0,0
68862,101,94,7,7
68863,156,136,20,20
68864,43,41,2,2
68865,85,75,10,10
68866,130,107,23,23
68867,49,52,-3,3
68868,82,69,13,13
68869,105,92,13,13
68870,141,139,2,2
68871,124,118,6,6
68872,149,150,-1,1
68873,61,51,10,10
68874,163,143,20,20
68875,94,89,5,5
68876,64,62,2,2
68877,129,130,-1,1
68878,71,66,5,5
68879,95,91,4,4
68880,106,102,4,4
68881,103,77,26,26
68882,81,66,15,15
68883,89,72,17,17
68884,144,123,21,21
68885,64,63,1,1
68886,37,106,-69,69
68887,87,71,16,16
68888,34,30,4,4
68889,94,86,8,8
68890,84,79,5,5
68891,76,64,12,12
68892,79,68,11,11
68893,96,94,2,2
68894,99,84,15,15
68895,102,90,12,12
68896,66,58,8,8
68897,96,76,20,20
68898,75,67,8,8
68899,98,80,18,18
68900,75,65,10,10
68901,106,90,16,16
68902,85,76,9,9
68903,104,106,-2,2
68904,83,82,1,1
68905,92,81,11,11
68906,110,115,-5,5
68907,89,95,-6,6
68908,148,124,24,24
68909,105,93,12,12
68910,90,76,14,14
68911,42,49,-7,7
68912,102,92,10,10
68913,142,124,18,18
68914,122,106,16,16
68915,109,88,21,21
68916,101,99,2,2
68917,89,85,4,4
68918,118,103,15,15
68919,146,124,22,22
68920,100,94,6,6
68921,99,84,15,15
68922,62,50,12,12
68923,84,70,14,14
68924,62,60,2,2
68925,190,159,31,31
68926,105,98,7,7
68927,101,83,18,18
68928,69,68,1,1
68929,105,90,15,15
68930,135,127,8,8
68931,162,154,8,8
68932,96,88,8,8
68933,80,68,12,12
68934,83,78,5,5
68935,133,116,17,17
68936,77,70,7,7
68937,130,113,17,17
68938,143,144,-1,1
68939,83,79,4,4
68940,77,69,8,8
68941,148,127,21,21
68942,88,73,15,15
68943,47,38,9,9
68944,66,51,15,15
68945,54,58,-4,4
68946,97,83,14,14
68947,80,78,2,2
68948,51,63,-12,12
68949,122,115,7,7
68950,134,108,26,26
68951,152,138,14,14
68952,96,91,5,5
68953,75,72,3,3
68954,143,130,13,13
68955,164,149,15,15
68956,99,89,10,10
68957,149,143,6,6
68958,126,107,19,19
68959,90,71,19,19
68960,102,96,6,6
68961,18,22,-4,4
68962,103,118,-15,15
68963,130,113,17,17
68964,67,64,3,3
68965,69,55,14,14
68966,84,77,7,7
68967,122,116,6,6
68968,103,84,19,19
68969,65,51,14,14
68970,111,104,7,7
68971,177,160,17,17
68972,64,53,11,11
68973,159,148,11,11
68974,123,115,8,8
68975,67,63,4,4
68976,138,130,8,8
68977,88,87,1,1
68978,94,98,-4,4
68979,114,95,19,19
68980,81,68,13,13
68981,68,58,10,10
68982,214,184,30,30
68983,145,120,25,25
68984,54,50,4,4
68985,100,76,24,24
68986,146,129,17,17
68987,213,174,39,39
68988,106,105,1,1
68989,57,46,11,11
68990,128,114,14,14
68991,97,86,11,11
68992,90,88,2,2
68993,102,90,12,12
68994,153,127,26,26
68995,84,73,11,11
68996,27,24,3,3
68997,51,42,9,9
68998,73,69,4,4
68999,86,74,12,12
69000,77,66,11,11
69001,154,131,23,23
69002,107,91,16,16
69003,173,156,17,17
69004,80,76,4,4
69005,92,80,12,12
69006,86,75,11,11
69007,70,64,6,6
69008,116,111,5,5
69009,79,69,10,10
69010,101,89,12,12
69011,138,123,15,15
69012,125,101,24,24
69013,65,57,8,8
69014,82,73,9,9
69015,88,81,7,7
69016,40,41,-1,1
69017,104,97,7,7
69018,111,100,11,11
69019,81,70,11,11
69020,67,70,-3,3
69021,91,88,3,3
69022,135,124,11,11
69023,155,154,1,1
69024,89,73,16,16
69025,58,61,-3,3
69026,137,122,15,15
69027,69,62,7,7
69028,84,77,7,7
69029,110,84,26,26
69030,68,84,-16,16
69031,126,101,25,25
69032,185,135,50,50
69033,64,53,11,11
69034,119,103,16,16
69035,133,118,15,15
69036,96,82,14,14
69037,54,49,5,5
69038,90,80,10,10
69039,75,65,10,10
69040,123,116,7,7
69041,91,82,9,9
69042,114,101,13,13
69043,49,67,-18,18
69044,119,100,19,19
69045,78,66,12,12
69046,105,90,15,15
69047,113,102,11,11
69048,75,62,13,13
69049,162,147,15,15
69050,62,55,7,7
69051,93,71,22,22
69052,67,52,15,15
69053,118,104,14,14
69054,76,68,8,8
69055,132,112,20,20
69056,43,39,4,4
69057,69,68,1,1
69058,99,89,10,10
69059,81,72,9,9
69060,103,92,11,11
69061,87,72,15,15
69062,88,75,13,13
69063,92,79,13,13
69064,102,87,15,15
69065,53,45,8,8
69066,80,72,8,8
69067,86,68,18,18
69068,107,100,7,7
69069,165,157,8,8
69070,43,38,5,5
69071,84,72,12,12
69072,129,113,16,16
69073,135,120,15,15
69074,32,57,-25,25
69075,49,48,1,1
69076,91,83,8,8
69077,72,64,8,8
69078,85,76,9,9
69079,75,73,2,2
69080,95,106,-11,11
69081,132,116,16,16
69082,98,96,2,2
69083,34,27,7,7
69084,114,100,14,14
69085,104,88,16,16
69086,111,92,19,19
69087,59,48,11,11
69088,38,39,-1,1
69089,45,38,7,7
69090,160,158,2,2
69091,87,77,10,10
69092,78,73,5,5
69093,180,138,42,42
69094,112,109,3,3
69095,99,92,7,7
69096,77,72,5,5
69097,64,70,-6,6
69098,93,69,24,24
69099,135,136,-1,1
69100,80,73,7,7
69101,105,79,26,26
69102,93,86,7,7
69103,97,88,9,9
69104,93,94,-1,1
69105,126,102,24,24
69106,100,86,14,14
69107,93,84,9,9
69108,116,107,9,9
69109,89,79,10,10
69110,72,79,-7,7
69111,158,129,29,29
69112,107,83,24,24
69113,57,54,3,3
69114,95,88,7,7
69115,199,171,28,28
69116,98,87,11,11
69117,50,41,9,9
69118,72,60,12,12
69119,86,73,13,13
69120,36,26,10,10
69121,77,59,18,18
69122,144,131,13,13
69123,101,107,-6,6
69124,141,128,13,13
69125,136,115,21,21
69126,81,71,10,10
69127,96,106,-10,10
69128,92,80,12,12
69129,37,37,0,0
69130,117,108,9,9
69131,96,82,14,14
69132,120,123,-3,3
69133,58,54,4,4
69134,147,121,26,26
69135,60,57,3,3
69136,85,72,13,13
69137,71,54,17,17
69138,74,66,8,8
69139,98,88,10,10
69140,59,51,8,8
69141,77,71,6,6
69142,77,73,4,4
69143,76,71,5,5
69144,52,48,4,4
69145,116,102,14,14
69146,78,78,0,0
69147,74,67,7,7
69148,124,116,8,8
69149,58,49,9,9
69150,86,77,9,9
69151,132,113,19,19
69152,108,89,19,19
69153,38,34,4,4
69154,138,127,11,11
69155,74,67,7,7
69156,73,65,8,8
69157,95,75,20,20
69158,129,119,10,10
69159,102,86,16,16
69160,112,97,15,15
69161,141,127,14,14
69162,76,70,6,6
69163,142,127,15,15
69164,72,63,9,9
69165,163,143,20,20
69166,122,112,10,10
69167,44,34,10,10
69168,104,91,13,13
69169,72,75,-3,3
69170,60,50,10,10
69171,69,61,8,8
69172,113,96,17,17
69173,89,78,11,11
69174,42,41,1,1
69175,146,130,16,16
69176,147,114,33,33
69177,132,137,-5,5
69178,107,92,15,15
69179,77,74,3,3
69180,102,93,9,9
69181,153,127,26,26
69182,56,63,-7,7
69183,105,98,7,7
69184,129,121,8,8
69185,99,84,15,15
69186,55,49,6,6
69187,102,101,1,1
69188,102,85,17,17
69189,111,98,13,13
69190,123,117,6,6
69191,62,58,4,4
69192,152,151,1,1
69193,89,74,15,15
69194,94,80,14,14
69195,35,47,-12,12
69196,94,84,10,10
69197,110,104,6,6
69198,175,159,16,16
69199,105,87,18,18
69200,42,42,0,0
69201,152,132,20,20
69202,149,121,28,28
69203,207,173,34,34
69204,152,146,6,6
69205,88,87,1,1
69206,94,82,12,12
69207,76,62,14,14
69208,84,74,10,10
69209,87,78,9,9
69210,59,38,21,21
69211,112,99,13,13
69212,110,91,19,19
69213,136,104,32,32
69214,81,80,1,1
69215,177,152,25,25
69216,120,108,12,12
69217,86,79,7,7
69218,57,54,3,3
69219,100,75,25,25
69220,134,121,13,13
69221,75,63,12,12
69222,88,75,13,13
69223,82,79,3,3
69224,54,53,1,1
69225,74,60,14,14
69226,50,44,6,6
69227,125,102,23,23
69228,85,80,5,5
69229,148,132,16,16
69230,88,80,8,8
69231,58,67,-9,9
69232,124,96,28,28
69233,129,117,12,12
69234,100,87,13,13
69235,76,68,8,8
69236,86,73,13,13
69237,57,59,-2,2
69238,84,77,7,7
69239,103,87,16,16
69240,87,78,9,9
69241,114,105,9,9
69242,58,56,2,2
69243,100,84,16,16
69244,92,73,19,19
69245,78,76,2,2
69246,73,75,-2,2
69247,73,63,10,10
69248,106,95,11,11
69249,135,126,9,9
69250,95,103,-8,8
69251,75,71,4,4
69252,116,113,3,3
69253,58,48,10,10
69254,135,113,22,22
69255,75,69,6,6
69256,51,50,1,1
69257,69,62,7,7
69258,97,98,-1,1
69259,73,67,6,6
69260,91,85,6,6
69261,156,137,19,19
69262,67,64,3,3
69263,77,65,12,12
69264,133,127,6,6
69265,129,134,-5,5
69266,110,96,14,14
69267,121,123,-2,2
69268,150,133,17,17
69269,89,77,12,12
69270,71,80,-9,9
69271,119,98,21,21
69272,70,71,-1,1
69273,121,112,9,9
69274,116,109,7,7
69275,123,115,8,8
69276,95,79,16,16
69277,70,56,14,14
69278,111,82,29,29
69279,113,96,17,17
69280,92,73,19,19
69281,52,53,-1,1
69282,114,98,16,16
69283,106,93,13,13
69284,102,106,-4,4
69285,72,74,-2,2
69286,134,106,28,28
69287,101,89,12,12
69288,134,112,22,22
69289,111,103,8,8
69290,99,86,13,13
69291,98,84,14,14
69292,94,86,8,8
69293,44,38,6,6
69294,92,86,6,6
69295,81,71,10,10
69296,74,66,8,8
69297,51,42,9,9
69298,135,123,12,12
69299,34,34,0,0
69300,151,143,8,8
69301,64,56,8,8
69302,105,99,6,6
69303,117,93,24,24
69304,88,77,11,11
69305,100,91,9,9
69306,88,76,12,12
69307,84,79,5,5
69308,189,173,16,16
69309,45,43,2,2
69310,64,63,1,1
69311,94,85,9,9
69312,199,170,29,29
69313,80,68,12,12
69314,105,96,9,9
69315,112,95,17,17
69316,59,38,21,21
69317,54,53,1,1
69318,123,104,19,19
69319,59,56,3,3
69320,186,161,25,25
69321,110,98,12,12
69322,117,97,20,20
69323,82,77,5,5
69324,202,163,39,39
69325,129,101,28,28
69326,91,86,5,5
69327,131,103,28,28
69328,117,96,21,21
69329,82,65,17,17
69330,78,77,1,1
69331,129,114,15,15
69332,46,38,8,8
69333,122,115,7,7
69334,124,101,23,23
69335,186,175,11,11
69336,103,89,14,14
69337,112,109,3,3
69338,135,128,7,7
69339,68,68,0,0
69340,110,100,10,10
69341,57,50,7,7
69342,144,128,16,16
69343,115,92,23,23
69344,143,131,12,12
69345,75,76,-1,1
69346,69,58,11,11
69347,140,115,25,25
69348,93,91,2,2
69349,74,64,10,10
69350,165,144,21,21
69351,77,72,5,5
69352,57,53,4,4
69353,87,94,-7,7
69354,123,112,11,11
69355,78,74,4,4
69356,120,107,13,13
69357,100,91,9,9
69358,112,99,13,13
69359,87,80,7,7
69360,98,75,23,23
69361,106,92,14,14
69362,91,90,1,1
69363,107,96,11,11
69364,67,56,11,11
69365,125,114,11,11
69366,61,49,12,12
69367,96,89,7,7
69368,73,65,8,8
69369,70,62,8,8
69370,89,73,16,16
69371,114,100,14,14
69372,74,72,2,2
69373,133,107,26,26
69374,107,105,2,2
69375,91,80,11,11
69376,83,71,12,12
69377,76,63,13,13
69378,75,71,4,4
69379,83,70,13,13
69380,62,54,8,8
69381,71,72,-1,1
69382,40,38,2,2
69383,131,110,21,21
69384,138,131,7,7
69385,43,42,1,1
69386,76,75,1,1
69387,128,139,-11,11
69388,62,53,9,9
69389,128,112,16,16
69390,79,74,5,5
69391,140,117,23,23
69392,94,92,2,2
69393,96,86,10,10
69394,43,32,11,11
69395,159,138,21,21
69396,62,52,10,10
69397,131,111,20,20
69398,65,58,7,7
69399,63,62,1,1
69400,116,115,1,1
69401,65,71,-6,6
69402,70,59,11,11
69403,56,53,3,3
69404,95,86,9,9
69405,120,101,19,19
69406,93,91,2,2
69407,92,81,11,11
69408,101,84,17,17
69409,106,98,8,8
69410,151,128,23,23
69411,98,86,12,12
69412,63,56,7,7
69413,120,111,9,9
69414,93,81,12,12
69415,89,77,12,12
69416,47,41,6,6
69417,92,85,7,7
69418,95,78,17,17
69419,90,73,17,17
69420,116,101,15,15
69421,88,78,10,10
69422,107,102,5,5
69423,168,164,4,4
69424,49,41,8,8
69425,111,92,19,19
69426,76,72,4,4
69427,89,77,12,12
69428,72,65,7,7
69429,131,122,9,9
69430,61,65,-4,4
69431,106,90,16,16
69432,65,61,4,4
69433,76,70,6,6
69434,62,84,-22,22
69435,63,56,7,7
69436,77,65,12,12
69437,120,103,17,17
69438,109,100,9,9
69439,93,80,13,13
69440,66,57,9,9
69441,72,56,16,16
69442,94,76,18,18
69443,143,118,25,25
69444,75,70,5,5
69445,99,90,9,9
69446,112,103,9,9
69447,66,59,7,7
69448,72,60,12,12
69449,46,47,-1,1
69450,100,93,7,7
69451,89,74,15,15
69452,101,90,11,11
69453,63,55,8,8
69454,108,97,11,11
69455,89,83,6,6
69456,101,90,11,11
69457,94,82,12,12
69458,73,67,6,6
69459,148,104,44,44
69460,142,127,15,15
69461,92,80,12,12
69462,151,132,19,19
69463,119,104,15,15
69464,61,57,4,4
69465,124,113,11,11
69466,46,46,0,0
69467,67,65,2,2
69468,46,57,-11,11
69469,81,68,13,13
69470,104,95,9,9
69471,47,44,3,3
69472,88,76,12,12
69473,115,73,42,42
69474,92,98,-6,6
69475,100,77,23,23
69476,141,121,20,20
69477,107,97,10,10
69478,127,101,26,26
69479,117,111,6,6
69480,72,65,7,7
69481,81,75,6,6
69482,100,117,-17,17
69483,84,92,-8,8
69484,70,58,12,12
69485,152,130,22,22
69486,32,36,-4,4
69487,121,113,8,8
69488,69,60,9,9
69489,63,56,7,7
69490,76,68,8,8
69491,81,76,5,5
69492,106,91,15,15
69493,69,69,0,0
69494,54,51,3,3
69495,92,80,12,12
69496,61,57,4,4
69497,141,116,25,25
69498,78,66,12,12
69499,124,130,-6,6
69500,94,83,11,11
69501,66,60,6,6
69502,156,146,10,10
69503,80,92,-12,12
69504,84,77,7,7
69505,161,145,16,16
69506,106,89,17,17
69507,98,86,12,12
69508,108,93,15,15
69509,109,92,17,17
69510,85,72,13,13
69511,74,71,3,3
69512,74,66,8,8
69513,88,90,-2,2
69514,128,112,16,16
69515,93,80,13,13
69516,140,127,13,13
69517,109,95,14,14
69518,58,48,10,10
69519,73,59,14,14
69520,86,78,8,8
69521,94,82,12,12
69522,332,282,50,50
69523,112,93,19,19
69524,48,40,8,8
69525,73,70,3,3
69526,116,99,17,17
69527,105,82,23,23
69528,65,59,6,6
69529,108,92,16,16
69530,83,82,1,1
69531,81,78,3,3
69532,155,146,9,9
69533,110,82,28,28
69534,120,98,22,22
69535,92,78,14,14
69536,152,126,26,26
69537,131,124,7,7
69538,48,56,-8,8
69539,68,61,7,7
69540,74,65,9,9
69541,86,87,-1,1
69542,148,143,5,5
69543,188,168,20,20
69544,79,82,-3,3
69545,125,108,17,17
69546,95,76,19,19
69547,63,52,11,11
69548,78,64,14,14
69549,116,105,11,11
69550,83,75,8,8
69551,68,62,6,6
69552,104,101,3,3
69553,107,94,13,13
69554,93,77,16,16
69555,115,102,13,13
69556,105,81,24,24
69557,76,84,-8,8
69558,129,107,22,22
69559,53,43,10,10
69560,78,79,-1,1
69561,108,86,22,22
69562,39,40,-1,1
69563,81,66,15,15
69564,122,117,5,5
69565,74,60,14,14
69566,63,58,5,5
69567,115,105,10,10
69568,119,112,7,7
69569,130,116,14,14
69570,103,114,-11,11
69571,107,100,7,7
69572,69,71,-2,2
69573,130,110,20,20
69574,98,107,-9,9
69575,126,103,23,23
69576,119,95,24,24
69577,86,80,6,6
69578,211,189,22,22
69579,82,73,9,9
69580,64,54,10,10
69581,96,68,28,28
69582,63,56,7,7
69583,102,91,11,11
69584,119,115,4,4
69585,82,81,1,1
69586,119,101,18,18
69587,64,55,9,9
69588,48,40,8,8
69589,140,124,16,16
69590,112,96,16,16
69591,93,96,-3,3
69592,88,80,8,8
69593,93,76,17,17
69594,60,53,7,7
69595,66,62,4,4
69596,48,41,7,7
69597,101,84,17,17
69598,54,48,6,6
69599,99,86,13,13
69600,81,72,9,9
69601,155,135,20,20
69602,80,61,19,19
69603,69,64,5,5
69604,65,66,-1,1
69605,81,79,2,2
69606,100,95,5,5
69607,89,88,1,1
69608,86,78,8,8
69609,107,102,5,5
69610,61,57,4,4
69611,59,46,13,13
69612,51,49,2,2
69613,147,140,7,7
69614,127,107,20,20
69615,130,125,5,5
69616,53,42,11,11
69617,117,85,32,32
69618,132,117,15,15
69619,119,101,18,18
69620,107,82,25,25
69621,79,83,-4,4
69622,157,142,15,15
69623,125,100,25,25
69624,60,57,3,3
69625,79,60,19,19
69626,80,78,2,2
69627,151,123,28,28
69628,109,91,18,18
69629,64,58,6,6
69630,111,88,23,23
69631,44,48,-4,4
69632,95,74,21,21
69633,137,117,20,20
69634,121,90,31,31
69635,51,52,-1,1
69636,53,53,0,0
69637,93,82,11,11
69638,91,85,6,6
69639,125,100,25,25
69640,59,54,5,5
69641,63,55,8,8
69642,111,89,22,22
69643,117,111,6,6
69644,74,63,11,11
69645,117,114,3,3
69646,65,55,10,10
69647,100,84,16,16
69648,227,201,26,26
69649,145,157,-12,12
69650,82,76,6,6
69651,93,69,24,24
69652,120,115,5,5
69653,122,103,19,19
69654,121,106,15,15
69655,106,83,23,23
69656,95,91,4,4
69657,71,63,8,8
69658,64,65,-1,1
69659,103,98,5,5
69660,66,72,-6,6
69661,60,56,4,4
69662,85,76,9,9
69663,110,99,11,11
69664,109,99,10,10
69665,80,80,0,0
69666,80,65,15,15
69667,147,138,9,9
69668,107,103,4,4
69669,61,53,8,8
69670,163,148,15,15
69671,60,52,8,8
69672,85,73,12,12
69673,152,150,2,2
69674,90,77,13,13
69675,81,70,11,11
69676,76,63,13,13
69677,95,83,12,12
69678,70,62,8,8
69679,101,87,14,14
69680,65,54,11,11
69681,78,77,1,1
69682,94,86,8,8
69683,69,60,9,9
69684,161,152,9,9
69685,97,94,3,3
69686,66,63,3,3
69687,171,145,26,26
69688,93,72,21,21
69689,98,83,15,15
69690,101,96,5,5
69691,97,83,14,14
69692,74,69,5,5
69693,88,70,18,18
69694,184,171,13,13
69695,74,71,3,3
69696,65,66,-1,1
69697,193,166,27,27
69698,103,89,14,14
69699,57,52,5,5
69700,113,119,-6,6
69701,145,153,-8,8
69702,60,55,5,5
69703,128,123,5,5
69704,89,80,9,9
69705,80,71,9,9
69706,79,65,14,14
69707,114,101,13,13
69708,200,172,28,28
69709,133,118,15,15
69710,114,100,14,14
69711,125,105,20,20
69712,82,71,11,11
69713,90,72,18,18
69714,95,85,10,10
69715,140,133,7,7
69716,96,91,5,5
69717,186,166,20,20
69718,89,92,-3,3
69719,57,52,5,5
69720,76,72,4,4
69721,64,53,11,11
69722,138,123,15,15
69723,97,83,14,14
69724,95,94,1,1
69725,157,147,10,10
69726,76,62,14,14
69727,77,71,6,6
69728,110,98,12,12
69729,191,164,27,27
69730,70,57,13,13
69731,100,103,-3,3
69732,98,90,8,8
69733,64,64,0,0
69734,106,94,12,12
69735,95,86,9,9
69736,70,64,6,6
69737,132,106,26,26
69738,43,32,11,11
69739,177,144,33,33
69740,59,50,9,9
69741,42,40,2,2
69742,40,32,8,8
69743,82,37,45,45
69744,79,77,2,2
69745,62,66,-4,4
69746,108,90,18,18
69747,103,102,1,1
69748,92,82,10,10
69749,63,60,3,3
69750,65,62,3,3
69751,144,135,9,9
69752,92,82,10,10
69753,129,112,17,17
69754,137,126,11,11
69755,122,117,5,5
69756,48,58,-10,10
69757,85,60,25,25
69758,90,84,6,6
69759,82,65,17,17
69760,112,92,20,20
69761,85,80,5,5
69762,91,75,16,16
69763,78,71,7,7
69764,69,60,9,9
69765,121,99,22,22
69766,68,61,7,7
69767,131,119,12,12
69768,89,80,9,9
69769,93,80,13,13
69770,54,43,11,11
69771,136,125,11,11
69772,35,62,-27,27
69773,178,144,34,34
69774,105,88,17,17
69775,145,136,9,9
69776,75,72,3,3
69777,117,95,22,22
69778,63,55,8,8
69779,132,120,12,12
69780,100,95,5,5
69781,67,60,7,7
69782,47,44,3,3
69783,128,101,27,27
69784,119,114,5,5
69785,119,110,9,9
69786,93,71,22,22
69787,121,108,13,13
69788,79,66,13,13
69789,166,146,20,20
69790,87,73,14,14
69791,85,79,6,6
69792,80,74,6,6
69793,68,60,8,8
69794,131,123,8,8
69795,124,109,15,15
69796,146,136,10,10
69797,71,58,13,13
69798,89,87,2,2
69799,60,59,1,1
69800,64,56,8,8
69801,63,64,-1,1
69802,61,56,5,5
69803,119,101,18,18
69804,83,80,3,3
69805,96,88,8,8
69806,116,121,-5,5
69807,122,107,15,15
69808,102,85,17,17
69809,85,77,8,8
69810,129,119,10,10
69811,109,91,18,18
69812,41,35,6,6
69813,95,89,6,6
69814,131,103,28,28
69815,98,69,29,29
69816,105,89,16,16
69817,35,39,-4,4
69818,65,59,6,6
69819,69,59,10,10
69820,72,59,13,13
69821,101,93,8,8
69822,86,78,8,8
69823,103,96,7,7
69824,110,90,20,20
69825,77,57,20,20
69826,98,63,35,35
69827,107,92,15,15
69828,72,72,0,0
69829,109,100,9,9
69830,68,54,14,14
69831,64,51,13,13
69832,158,142,16,16
69833,112,108,4,4
69834,71,75,-4,4
69835,119,101,18,18
69836,63,57,6,6
69837,66,61,5,5
69838,90,77,13,13
69839,114,107,7,7
69840,81,79,2,2
69841,136,114,22,22
69842,92,79,13,13
69843,46,53,-7,7
69844,48,46,2,2
69845,99,80,19,19
69846,63,54,9,9
69847,113,96,17,17
69848,77,70,7,7
69849,95,92,3,3
69850,95,84,11,11
69851,92,85,7,7
69852,77,68,9,9
69853,108,97,11,11
69854,80,70,10,10
69855,106,93,13,13
69856,193,171,22,22
69857,138,115,23,23
69858,146,134,12,12
69859,146,133,13,13
69860,121,101,20,20
69861,134,112,22,22
69862,92,82,10,10
69863,109,95,14,14
69864,94,90,4,4
69865,96,92,4,4
69866,105,108,-3,3
69867,124,114,10,10
69868,101,86,15,15
69869,63,64,-1,1
69870,91,83,8,8
69871,75,75,0,0
69872,89,91,-2,2
69873,134,123,11,11
69874,130,114,16,16
69875,71,72,-1,1
69876,152,140,12,12
69877,79,57,22,22
69878,82,65,17,17
69879,80,74,6,6
69880,51,50,1,1
69881,134,122,12,12
69882,120,94,26,26
69883,88,77,11,11
69884,66,64,2,2
69885,40,39,1,1
69886,81,64,17,17
69887,125,103,22,22
69888,57,49,8,8
69889,127,108,19,19
69890,70,55,15,15
69891,144,88,56,56
69892,100,101,-1,1
69893,190,157,33,33
69894,79,70,9,9
69895,95,64,31,31
69896,86,67,19,19
69897,75,51,24,24
69898,108,93,15,15
69899,74,64,10,10
69900,110,109,1,1
69901,121,103,18,18
69902,75,69,6,6
69903,193,156,37,37
69904,102,88,14,14
69905,83,81,2,2
69906,161,144,17,17
69907,43,39,4,4
69908,157,166,-9,9
69909,152,144,8,8
69910,166,143,23,23
69911,61,50,11,11
69912,123,108,15,15
69913,77,60,17,17
69914,76,61,15,15
69915,103,100,3,3
69916,73,62,11,11
69917,94,85,9,9
69918,71,69,2,2
69919,69,70,-1,1
69920,46,36,10,10
69921,59,49,10,10
69922,109,91,18,18
69923,166,157,9,9
69924,65,58,7,7
69925,97,81,16,16
69926,170,142,28,28
69927,76,73,3,3
69928,79,73,6,6
69929,84,82,2,2
69930,36,28,8,8
69931,149,140,9,9
69932,61,51,10,10
69933,109,97,12,12
69934,160,132,28,28
69935,96,79,17,17
69936,139,129,10,10
69937,59,51,8,8
69938,52,36,16,16
69939,148,121,27,27
69940,90,64,26,26
69941,68,52,16,16
69942,60,60,0,0
69943,110,99,11,11
69944,80,87,-7,7
69945,37,32,5,5
69946,75,75,0,0
69947,62,66,-4,4
69948,66,59,7,7
69949,99,97,2,2
69950,105,90,15,15
69951,165,142,23,23
69952,164,148,16,16
69953,93,88,5,5
69954,58,69,-11,11
69955,93,79,14,14
69956,37,38,-1,1
69957,68,66,2,2
69958,122,112,10,10
69959,36,30,6,6
69960,109,100,9,9
69961,111,93,18,18
69962,39,33,6,6
69963,139,123,16,16
69964,109,102,7,7
69965,169,152,17,17
69966,138,125,13,13
69967,104,112,-8,8
69968,170,171,-1,1
69969,66,59,7,7
69970,154,140,14,14
69971,46,46,0,0
69972,136,113,23,23
69973,81,70,11,11
69974,390,304,86,86
69975,88,75,13,13
69976,66,70,-4,4
69977,69,64,5,5
69978,48,48,0,0
69979,136,111,25,25
69980,85,74,11,11
69981,73,64,9,9
69982,128,128,0,0
69983,90,86,4,4
69984,105,93,12,12
69985,127,111,16,16
69986,102,96,6,6
69987,111,99,12,12
69988,110,90,20,20
69989,92,77,15,15
69990,66,93,-27,27
69991,103,90,13,13
69992,111,95,16,16
69993,120,109,11,11
69994,96,89,7,7
69995,141,127,14,14
69996,89,92,-3,3
69997,66,60,6,6
69998,95,80,15,15
69999,83,82,1,1
70000,62,51,11,11
70001,136,128,8,8
70002,99,85,14,14
70003,78,68,10,10
70004,79,80,-1,1
70005,86,72,14,14
70006,70,60,10,10
70007,128,117,11,11
70008,100,70,30,30
70009,116,95,21,21
70010,165,163,2,2
70011,125,106,19,19
70012,63,65,-2,2
70013,93,92,1,1
70014,135,110,25,25
70015,61,51,10,10
70016,55,58,-3,3
70017,95,81,14,14
70018,98,87,11,11
70019,54,48,6,6
70020,85,80,5,5
70021,96,81,15,15
70022,132,117,15,15
70023,81,75,6,6
70024,57,52,5,5
70025,71,60,11,11
70026,92,80,12,12
70027,99,78,21,21
70028,87,74,13,13
70029,116,87,29,29
70030,46,43,3,3
70031,29,26,3,3
70032,163,156,7,7
70033,110,93,17,17
70034,68,60,8,8
70035,62,54,8,8
70036,60,48,12,12
70037,91,89,2,2
70038,35,33,2,2
70039,61,60,1,1
70040,101,83,18,18
70041,135,118,17,17
70042,169,158,11,11
70043,122,102,20,20
70044,182,160,22,22
70045,86,81,5,5
70046,121,103,18,18
70047,65,54,11,11
70048,84,79,5,5
70049,98,79,19,19
70050,61,58,3,3
70051,71,64,7,7
70052,54,51,3,3
70053,130,107,23,23
70054,47,44,3,3
70055,78,67,11,11
70056,83,65,18,18
70057,119,97,22,22
70058,86,70,16,16
70059,92,86,6,6
70060,76,69,7,7
70061,80,78,2,2
70062,103,87,16,16
70063,113,100,13,13
70064,79,75,4,4
70065,68,62,6,6
70066,115,103,12,12
70067,62,61,1,1
70068,107,104,3,3
70069,115,96,19,19
70070,138,126,12,12
70071,115,112,3,3
70072,117,94,23,23
70073,92,134,-42,42
70074,122,102,20,20
70075,54,50,4,4
70076,76,69,7,7
70077,96,81,15,15
70078,57,51,6,6
70079,108,97,11,11
70080,104,99,5,5
70081,107,94,13,13
70082,66,55,11,11
70083,57,56,1,1
70084,72,63,9,9
70085,63,88,-25,25
70086,119,113,6,6
70087,123,105,18,18
70088,86,76,10,10
70089,121,92,29,29
70090,72,55,17,17
70091,70,62,8,8
70092,84,65,19,19
70093,72,69,3,3
70094,61,51,10,10
70095,128,104,24,24
70096,90,82,8,8
70097,138,138,0,0
70098,80,73,7,7
70099,134,96,38,38
70100,135,125,10,10
70101,108,89,19,19
70102,114,96,18,18
70103,87,75,12,12
70104,29,39,-10,10
70105,84,76,8,8
70106,139,131,8,8
70107,126,105,21,21
70108,61,52,9,9
70109,22,20,2,2
70110,61,63,-2,2
70111,74,74,0,0
70112,120,102,18,18
70113,69,60,9,9
70114,61,57,4,4
70115,88,84,4,4
70116,102,92,10,10
70117,107,99,8,8
70118,103,91,12,12
70119,89,82,7,7
70120,134,123,11,11
70121,52,53,-1,1
70122,63,83,-20,20
70123,116,89,27,27
70124,123,113,10,10
70125,101,88,13,13
70126,58,52,6,6
70127,95,86,9,9
70128,66,57,9,9
70129,69,60,9,9
70130,107,91,16,16
70131,118,116,2,2
70132,155,124,31,31
70133,75,66,9,9
70134,103,83,20,20
70135,81,67,14,14
70136,94,84,10,10
70137,64,56,8,8
70138,135,117,18,18
70139,116,127,-11,11
70140,213,169,44,44
70141,87,80,7,7
70142,109,115,-6,6
70143,149,133,16,16
70144,81,86,-5,5
70145,78,70,8,8
70146,62,52,10,10
70147,73,69,4,4
70148,68,55,13,13
70149,103,77,26,26
70150,121,98,23,23
70151,165,136,29,29
70152,105,87,18,18
70153,71,57,14,14
70154,139,139,0,0
70155,75,90,-15,15
70156,146,140,6,6
70157,88,83,5,5
70158,184,171,13,13
70159,122,101,21,21
70160,50,57,-7,7
70161,98,88,10,10
70162,28,58,-30,30
70163,68,53,15,15
70164,34,33,1,1
70165,88,71,17,17
70166,87,84,3,3
70167,91,77,14,14
70168,97,84,13,13
70169,93,66,27,27
70170,46,41,5,5
70171,63,53,10,10
70172,54,51,3,3
70173,68,62,6,6
70174,100,103,-3,3
70175,51,43,8,8
70176,92,85,7,7
70177,111,100,11,11
70178,66,55,11,11
70179,60,67,-7,7
70180,66,58,8,8
70181,130,105,25,25
70182,125,103,22,22
70183,134,129,5,5
70184,139,127,12,12
70185,105,99,6,6
70186,70,63,7,7
70187,106,93,13,13
70188,146,122,24,24
70189,144,130,14,14
70190,108,114,-6,6
70191,77,72,5,5
70192,99,83,16,16
70193,79,72,7,7
70194,65,61,4,4
70195,65,69,-4,4
70196,89,89,0,0
70197,128,106,22,22
70198,95,110,-15,15
70199,131,128,3,3
70200,48,40,8,8
70201,127,105,22,22
70202,102,95,7,7
70203,127,116,11,11
70204,53,50,3,3
70205,148,123,25,25
70206,173,146,27,27
70207,110,94,16,16
70208,61,57,4,4
70209,65,60,5,5
70210,83,73,10,10
70211,125,114,11,11
70212,94,81,13,13
70213,82,68,14,14
70214,95,78,17,17
70215,48,47,1,1
70216,112,101,11,11
70217,74,68,6,6
70218,114,98,16,16
70219,64,59,5,5
70220,109,92,17,17
70221,163,139,24,24
70222,136,126,10,10
70223,218,182,36,36
70224,114,95,19,19
70225,152,134,18,18
70226,115,106,9,9
70227,70,69,1,1
70228,76,65,11,11
70229,101,91,10,10
70230,122,99,23,23
70231,95,77,18,18
70232,112,130,-18,18
70233,114,100,14,14
70234,93,83,10,10
70235,56,61,-5,5
70236,110,107,3,3
70237,97,86,11,11
70238,86,87,-1,1
70239,87,76,11,11
70240,55,58,-3,3
70241,183,183,0,0
70242,99,91,8,8
70243,102,90,12,12
70244,113,91,22,22
70245,95,84,11,11
70246,191,156,35,35
70247,82,76,6,6
70248,55,46,9,9
70249,60,56,4,4
70250,81,68,13,13
70251,87,78,9,9
70252,142,134,8,8
70253,97,75,22,22
70254,116,92,24,24
70255,73,63,10,10
70256,87,82,5,5
70257,102,85,17,17
70258,57,52,5,5
70259,56,52,4,4
70260,193,149,44,44
70261,99,90,9,9
70262,61,59,2,2
70263,90,77,13,13
70264,129,126,3,3
70265,86,77,9,9
70266,68,68,0,0
70267,106,83,23,23
70268,101,101,0,0
70269,139,120,19,19
70270,97,94,3,3
70271,79,77,2,2
70272,54,55,-1,1
70273,47,46,1,1
70274,119,97,22,22
70275,93,83,10,10
70276,70,63,7,7
70277,109,99,10,10
70278,55,61,-6,6
70279,127,121,6,6
70280,76,69,7,7
70281,35,34,1,1
70282,66,56,10,10
70283,72,63,9,9
70284,91,91,0,0
70285,128,123,5,5
70286,123,114,9,9
70287,129,116,13,13
70288,106,87,19,19
70289,84,80,4,4
70290,99,80,19,19
70291,59,47,12,12
70292,54,55,-1,1
70293,120,105,15,15
70294,188,157,31,31
70295,83,75,8,8
70296,146,123,23,23
70297,69,60,9,9
70298,58,51,7,7
70299,173,144,29,29
70300,131,108,23,23
70301,150,129,21,21
70302,115,100,15,15
70303,107,87,20,20
70304,131,123,8,8
70305,101,93,8,8
70306,105,84,21,21
70307,104,93,11,11
70308,138,116,22,22
70309,62,54,8,8
70310,88,85,3,3
70311,44,41,3,3
70312,116,107,9,9
70313,84,72,12,12
70314,80,89,-9,9
70315,112,101,11,11
70316,85,72,13,13
70317,82,67,15,15
70318,101,93,8,8
70319,123,110,13,13
70320,137,117,20,20
70321,112,84,28,28
70322,72,65,7,7
70323,100,85,15,15
70324,106,90,16,16
70325,64,47,17,17
70326,115,95,20,20
70327,44,40,4,4
70328,112,97,15,15
70329,113,98,15,15
70330,203,171,32,32
70331,113,92,21,21
70332,154,136,18,18
70333,88,82,6,6
70334,88,89,-1,1
70335,56,52,4,4
70336,116,105,11,11
70337,104,90,14,14
70338,96,81,15,15
70339,99,89,10,10
70340,98,95,3,3
70341,128,125,3,3
70342,79,67,12,12
70343,97,95,2,2
70344,68,66,2,2
70345,93,73,20,20
70346,99,88,11,11
70347,68,65,3,3
70348,83,68,15,15
70349,85,78,7,7
70350,89,87,2,2
70351,95,82,13,13
70352,133,111,22,22
70353,86,76,10,10
70354,94,82,12,12
70355,63,63,0,0
70356,134,118,16,16
70357,79,76,3,3
70358,55,46,9,9
70359,82,76,6,6
70360,60,56,4,4
70361,63,65,-2,2
70362,179,151,28,28
70363,127,113,14,14
70364,65,54,11,11
70365,101,94,7,7
70366,112,95,17,17
70367,66,60,6,6
70368,104,92,12,12
70369,80,87,-7,7
70370,84,70,14,14
70371,57,54,3,3
70372,55,49,6,6
70373,134,117,17,17
70374,125,104,21,21
70375,83,73,10,10
70376,66,58,8,8
70377,59,75,-16,16
70378,117,98,19,19
70379,103,112,-9,9
70380,101,81,20,20
70381,128,116,12,12
70382,92,90,2,2
70383,167,147,20,20
70384,79,70,9,9
70385,121,106,15,15
70386,85,67,18,18
70387,80,58,22,22
70388,26,21,5,5
70389,52,49,3,3
70390,58,61,-3,3
70391,137,122,15,15
70392,48,44,4,4
70393,138,118,20,20
70394,81,59,22,22
70395,132,117,15,15
70396,111,96,15,15
70397,115,105,10,10
70398,129,114,15,15
70399,125,111,14,14
70400,138,149,-11,11
70401,51,51,0,0
70402,131,128,3,3
70403,164,157,7,7
70404,107,83,24,24
70405,102,90,12,12
70406,66,60,6,6
70407,59,52,7,7
70408,60,50,10,10
70409,145,128,17,17
70410,143,132,11,11
70411,121,110,11,11
70412,98,93,5,5
70413,107,83,24,24
70414,69,60,9,9
70415,154,141,13,13
70416,93,86,7,7
70417,93,86,7,7
70418,41,32,9,9
70419,103,97,6,6
70420,81,71,10,10
70421,105,86,19,19
70422,60,49,11,11
70423,90,85,5,5
70424,76,67,9,9
70425,98,89,9,9
70426,70,62,8,8
70427,49,50,-1,1
70428,113,96,17,17
70429,45,49,-4,4
70430,109,94,15,15
70431,53,50,3,3
70432,98,72,26,26
70433,70,60,10,10
70434,91,78,13,13
70435,126,107,19,19
70436,68,49,19,19
70437,54,65,-11,11
70438,99,81,18,18
70439,85,79,6,6
70440,85,71,14,14
70441,93,83,10,10
70442,69,60,9,9
70443,59,52,7,7
70444,47,52,-5,5
70445,83,74,9,9
70446,103,99,4,4
70447,93,79,14,14
70448,125,120,5,5
70449,97,85,12,12
70450,103,99,4,4
70451,79,71,8,8
70452,103,104,-1,1
70453,132,113,19,19
70454,165,151,14,14
70455,132,113,19,19
70456,88,76,12,12
70457,92,76,16,16
70458,75,66,9,9
70459,108,90,18,18
70460,98,84,14,14
70461,133,136,-3,3
70462,75,60,15,15
70463,187,178,9,9
70464,123,107,16,16
70465,63,73,-10,10
70466,92,94,-2,2
70467,117,103,14,14
70468,98,78,20,20
70469,247,215,32,32
70470,98,89,9,9
70471,102,79,23,23
70472,66,62,4,4
70473,62,51,11,11
70474,84,75,9,9
70475,52,43,9,9
70476,107,91,16,16
70477,155,128,27,27
70478,118,107,11,11
70479,150,142,8,8
70480,112,96,16,16
70481,106,98,8,8
70482,61,53,8,8
70483,101,93,8,8
70484,80,61,19,19
70485,65,72,-7,7
70486,86,72,14,14
70487,74,60,14,14
70488,163,135,28,28
70489,100,93,7,7
70490,44,39,5,5
70491,86,64,22,22
70492,119,101,18,18
70493,80,65,15,15
70494,57,57,0,0
70495,136,108,28,28
70496,113,105,8,8
70497,75,68,7,7
70498,41,42,-1,1
70499,125,127,-2,2
70500,77,67,10,10
70501,97,80,17,17
70502,159,151,8,8
70503,43,40,3,3
70504,47,40,7,7
70505,53,50,3,3
70506,141,118,23,23
70507,79,72,7,7
70508,74,66,8,8
70509,117,104,13,13
70510,39,41,-2,2
70511,74,71,3,3
70512,131,125,6,6
70513,95,85,10,10
70514,152,126,26,26
70515,80,76,4,4
70516,125,98,27,27
70517,114,107,7,7
70518,113,95,18,18
70519,58,59,-1,1
70520,98,81,17,17
70521,135,118,17,17
70522,88,86,2,2
70523,147,133,14,14
70524,83,73,10,10
70525,145,131,14,14
70526,144,131,13,13
70527,142,122,20,20
70528,65,60,5,5
70529,59,54,5,5
70530,116,101,15,15
70531,51,44,7,7
70532,48,44,4,4
70533,113,107,6,6
70534,87,63,24,24
70535,72,71,1,1
70536,100,86,14,14
70537,66,61,5,5
70538,106,102,4,4
70539,128,108,20,20
70540,71,57,14,14
70541,69,67,2,2
70542,117,119,-2,2
70543,125,114,11,11
70544,105,95,10,10
70545,43,37,6,6
70546,154,148,6,6
70547,77,71,6,6
70548,104,94,10,10
70549,112,96,16,16
70550,84,75,9,9
70551,69,61,8,8
70552,135,114,21,21
70553,130,106,24,24
70554,117,115,2,2
70555,47,48,-1,1
70556,114,106,8,8
70557,100,92,8,8
70558,129,126,3,3
70559,59,56,3,3
70560,159,142,17,17
70561,61,52,9,9
70562,51,49,2,2
70563,92,78,14,14
70564,73,66,7,7
70565,98,72,26,26
70566,117,101,16,16
70567,100,98,2,2
70568,54,63,-9,9
70569,76,62,14,14
70570,132,119,13,13
70571,178,121,57,57
70572,91,82,9,9
70573,127,101,26,26
70574,75,62,13,13
70575,70,63,7,7
70576,124,112,12,12
70577,125,118,7,7
70578,80,74,6,6
70579,59,54,5,5
70580,82,80,2,2
70581,130,123,7,7
70582,82,79,3,3
70583,93,74,19,19
70584,82,77,5,5
70585,160,135,25,25
70586,83,72,11,11
70587,128,106,22,22
70588,123,99,24,24
70589,98,81,17,17
70590,104,84,20,20
70591,109,91,18,18
70592,48,39,9,9
70593,62,54,8,8
70594,63,50,13,13
70595,63,61,2,2
70596,115,97,18,18
70597,94,79,15,15
70598,94,86,8,8
70599,91,79,12,12
70600,141,129,12,12
70601,162,144,18,18
70602,91,85,6,6
70603,88,83,5,5
70604,117,114,3,3
70605,52,47,5,5
70606,57,52,5,5
70607,106,81,25,25
70608,77,75,2,2
70609,58,55,3,3
70610,85,71,14,14
70611,110,94,16,16
70612,74,71,3,3
70613,97,81,16,16
70614,58,55,3,3
70615,92,87,5,5
70616,97,88,9,9
70617,73,64,9,9
70618,89,82,7,7
70619,108,93,15,15
70620,129,112,17,17
70621,83,72,11,11
70622,97,83,14,14
70623,88,77,11,11
70624,88,75,13,13
70625,74,70,4,4
70626,103,96,7,7
70627,93,76,17,17
70628,39,36,3,3
70629,168,144,24,24
70630,102,80,22,22
70631,77,75,2,2
70632,209,196,13,13
70633,88,76,12,12
70634,88,82,6,6
70635,95,91,4,4
70636,113,93,20,20
70637,109,102,7,7
70638,93,84,9,9
70639,167,146,21,21
70640,55,65,-10,10
70641,115,99,16,16
70642,101,93,8,8
70643,52,54,-2,2
70644,155,141,14,14
70645,47,46,1,1
70646,123,116,7,7
70647,71,60,11,11
70648,109,103,6,6
70649,63,62,1,1
70650,132,132,0,0
70651,74,68,6,6
70652,89,90,-1,1
70653,131,117,14,14
70654,71,65,6,6
70655,100,78,22,22
70656,76,77,-1,1
70657,67,61,6,6
70658,121,98,23,23
70659,45,51,-6,6
70660,79,59,20,20
70661,145,132,13,13
70662,242,198,44,44
70663,64,56,8,8
70664,146,122,24,24
70665,80,71,9,9
70666,135,127,8,8
70667,94,78,16,16
70668,88,73,15,15
70669,119,109,10,10
70670,129,110,19,19
70671,86,75,11,11
70672,60,49,11,11
70673,148,143,5,5
70674,43,47,-4,4
70675,41,38,3,3
70676,272,224,48,48
70677,116,84,32,32
70678,86,72,14,14
70679,69,66,3,3
70680,51,44,7,7
70681,80,72,8,8
70682,83,72,11,11
70683,108,91,17,17
70684,66,57,9,9
70685,178,168,10,10
70686,138,127,11,11
70687,124,98,26,26
70688,58,51,7,7
70689,93,84,9,9
70690,135,114,21,21
70691,98,76,22,22
70692,91,74,17,17
70693,83,68,15,15
70694,192,170,22,22
70695,119,91,28,28
70696,44,43,1,1
70697,83,78,5,5
70698,75,69,6,6
70699,216,193,23,23
70700,178,159,19,19
70701,81,75,6,6
70702,56,57,-1,1
70703,85,74,11,11
70704,87,74,13,13
70705,77,68,9,9
70706,73,67,6,6
70707,122,108,14,14
70708,169,140,29,29
70709,155,135,20,20
70710,111,97,14,14
70711,37,33,4,4
70712,116,110,6,6
70713,107,95,12,12
70714,63,61,2,2
70715,97,80,17,17
70716,108,82,26,26
70717,94,85,9,9
70718,56,52,4,4
70719,49,41,8,8
70720,87,84,3,3
70721,110,98,12,12
70722,89,86,3,3
70723,87,72,15,15
70724,127,115,12,12
70725,82,75,7,7
70726,58,48,10,10
70727,69,67,2,2
70728,66,52,14,14
70729,62,71,-9,9
70730,80,74,6,6
70731,62,57,5,5
70732,46,42,4,4
70733,48,62,-14,14
70734,77,64,13,13
70735,99,104,-5,5
70736,98,92,6,6
70737,87,79,8,8
70738,63,59,4,4
70739,114,105,9,9
70740,121,121,0,0
70741,70,67,3,3
70742,118,97,21,21
70743,116,106,10,10
70744,89,85,4,4
70745,100,90,10,10
70746,249,246,3,3
70747,202,166,36,36
70748,152,136,16,16
70749,140,121,19,19
70750,162,140,22,22
70751,90,77,13,13
70752,132,111,21,21
70753,79,63,16,16
70754,73,61,12,12
70755,115,94,21,21
70756,188,165,23,23
70757,72,63,9,9
70758,112,101,11,11
70759,131,112,19,19
70760,128,118,10,10
70761,125,113,12,12
70762,133,115,18,18
70763,159,141,18,18
70764,96,82,14,14
70765,85,76,9,9
70766,103,90,13,13
70767,74,63,11,11
70768,139,126,13,13
70769,114,101,13,13
70770,35,32,3,3
70771,56,53,3,3
70772,85,80,5,5
70773,111,87,24,24
70774,107,99,8,8
70775,138,127,11,11
70776,79,65,14,14
70777,89,81,8,8
70778,97,79,18,18
70779,88,72,16,16
70780,77,72,5,5
70781,83,68,15,15
70782,138,125,13,13
70783,109,100,9,9
70784,58,58,0,0
70785,65,62,3,3
70786,97,93,4,4
70787,95,84,11,11
70788,93,80,13,13
70789,80,77,3,3
70790,88,71,17,17
70791,104,96,8,8
70792,72,66,6,6
70793,75,61,14,14
70794,88,79,9,9
70795,104,103,1,1
70796,70,64,6,6
70797,83,80,3,3
70798,108,91,17,17
70799,84,70,14,14
70800,91,88,3,3
70801,115,104,11,11
70802,80,77,3,3
70803,122,114,8,8
70804,116,102,14,14
70805,119,102,17,17
70806,105,91,14,14
70807,80,75,5,5
70808,63,73,-10,10
70809,108,105,3,3
70810,73,65,8,8
70811,116,105,11,11
70812,101,81,20,20
70813,78,72,6,6
70814,137,131,6,6
70815,94,88,6,6
70816,63,50,13,13
70817,122,123,-1,1
70818,145,129,16,16
70819,110,91,19,19
70820,86,73,13,13
70821,160,141,19,19
70822,149,133,16,16
70823,93,80,13,13
70824,77,64,13,13
70825,43,43,0,0
70826,85,83,2,2
70827,85,67,18,18
70828,71,63,8,8
70829,68,67,1,1
70830,85,78,7,7
70831,74,74,0,0
70832,152,149,3,3
70833,161,136,25,25
70834,130,121,9,9
70835,83,71,12,12
70836,102,92,10,10
70837,96,94,2,2
70838,111,106,5,5
70839,41,38,3,3
70840,54,53,1,1
70841,119,105,14,14
70842,89,70,19,19
70843,105,86,19,19
70844,163,143,20,20
70845,102,90,12,12
70846,90,80,10,10
70847,52,59,-7,7
70848,61,54,7,7
70849,84,88,-4,4
70850,87,82,5,5
70851,56,60,-4,4
70852,86,88,-2,2
70853,153,136,17,17
70854,130,107,23,23
70855,171,150,21,21
70856,81,73,8,8
70857,76,65,11,11
70858,82,81,1,1
70859,114,112,2,2
70860,103,96,7,7
70861,98,88,10,10
70862,130,119,11,11
70863,145,118,27,27
70864,66,71,-5,5
70865,136,107,29,29
70866,96,91,5,5
70867,35,35,0,0
70868,77,70,7,7
70869,108,90,18,18
70870,91,95,-4,4
70871,68,65,3,3
70872,114,105,9,9
70873,38,37,1,1
70874,123,91,32,32
70875,81,75,6,6
70876,96,82,14,14
70877,89,74,15,15
70878,129,133,-4,4
70879,93,80,13,13
70880,57,51,6,6
70881,81,66,15,15
70882,137,115,22,22
70883,83,70,13,13
70884,97,83,14,14
70885,100,90,10,10
70886,83,77,6,6
70887,94,79,15,15
70888,87,90,-3,3
70889,154,136,18,18
70890,126,103,23,23
70891,74,66,8,8
70892,87,82,5,5
70893,62,64,-2,2
70894,61,53,8,8
70895,94,75,19,19
70896,91,74,17,17
70897,67,62,5,5
70898,87,73,14,14
70899,58,58,0,0
70900,126,108,18,18
70901,102,88,14,14
70902,97,89,8,8
70903,60,53,7,7
70904,84,79,5,5
70905,168,117,51,51
70906,89,82,7,7
70907,60,52,8,8
70908,99,92,7,7
70909,119,103,16,16
70910,90,80,10,10
70911,150,133,17,17
70912,95,86,9,9
70913,79,70,9,9
70914,45,38,7,7
70915,101,88,13,13
70916,123,110,13,13
70917,145,137,8,8
70918,56,50,6,6
70919,83,78,5,5
70920,48,45,3,3
70921,65,58,7,7
70922,102,98,4,4
70923,75,65,10,10
70924,194,193,1,1
70925,55,53,2,2
70926,61,52,9,9
70927,97,84,13,13
70928,123,115,8,8
70929,47,45,2,2
70930,99,101,-2,2
70931,88,78,10,10
70932,65,55,10,10
70933,71,64,7,7
70934,140,122,18,18
70935,113,99,14,14
70936,70,64,6,6
70937,123,113,10,10
70938,113,90,23,23
70939,170,141,29,29
70940,101,96,5,5
70941,113,95,18,18
70942,102,85,17,17
70943,74,71,3,3
70944,73,69,4,4
70945,90,86,4,4
70946,62,53,9,9
70947,104,111,-7,7
70948,119,108,11,11
70949,71,57,14,14
70950,129,123,6,6
70951,48,46,2,2
70952,149,142,7,7
70953,63,55,8,8
70954,115,103,12,12
70955,110,104,6,6
70956,93,105,-12,12
70957,100,91,9,9
70958,90,83,7,7
70959,46,48,-2,2
70960,126,107,19,19
70961,99,86,13,13
70962,65,56,9,9
70963,77,70,7,7
70964,70,55,15,15
70965,82,82,0,0
70966,91,82,9,9
70967,142,121,21,21
70968,73,65,8,8
70969,146,124,22,22
70970,106,96,10,10
70971,185,169,16,16
70972,72,63,9,9
70973,119,98,21,21
70974,56,55,1,1
70975,110,94,16,16
70976,94,81,13,13
70977,79,78,1,1
70978,50,42,8,8
70979,86,75,11,11
70980,73,64,9,9
70981,81,72,9,9
70982,68,65,3,3
70983,69,64,5,5
70984,135,109,26,26
70985,162,126,36,36
70986,107,94,13,13
70987,74,67,7,7
70988,61,58,3,3
70989,101,85,16,16
70990,70,59,11,11
70991,101,108,-7,7
70992,61,60,1,1
70993,103,92,11,11
70994,47,100,-53,53
70995,87,74,13,13
70996,73,67,6,6
70997,100,80,20,20
70998,97,80,17,17
70999,75,70,5,5
71000,77,69,8,8
71001,59,52,7,7
71002,136,126,10,10
71003,44,38,6,6
71004,149,130,19,19
71005,85,81,4,4
71006,132,122,10,10
71007,54,49,5,5
71008,98,83,15,15
71009,102,98,4,4
71010,122,108,14,14
71011,70,63,7,7
71012,121,108,13,13
71013,86,78,8,8
71014,99,86,13,13
71015,71,59,12,12
71016,113,97,16,16
71017,100,94,6,6
71018,61,53,8,8
71019,69,67,2,2
71020,103,102,1,1
71021,122,127,-5,5
71022,90,72,18,18
71023,113,91,22,22
71024,99,96,3,3
71025,100,79,21,21
71026,77,73,4,4
71027,84,72,12,12
71028,101,86,15,15
71029,86,75,11,11
71030,43,39,4,4
71031,73,69,4,4
71032,128,111,17,17
71033,81,63,18,18
71034,67,51,16,16
71035,137,118,19,19
71036,77,68,9,9
71037,52,51,1,1
71038,103,99,4,4
71039,107,95,12,12
71040,101,83,18,18
71041,80,71,9,9
71042,114,104,10,10
71043,112,103,9,9
71044,118,94,24,24
71045,110,97,13,13
71046,88,74,14,14
71047,63,82,-19,19
71048,125,107,18,18
71049,126,104,22,22
71050,68,73,-5,5
71051,59,57,2,2
71052,69,65,4,4
71053,90,73,17,17
71054,108,101,7,7
71055,80,72,8,8
71056,63,58,5,5
71057,52,47,5,5
71058,72,70,2,2
71059,76,70,6,6
71060,92,80,12,12
71061,133,146,-13,13
71062,65,63,2,2
71063,69,59,10,10
71064,121,100,21,21
71065,92,81,11,11
71066,67,60,7,7
71067,134,118,16,16
71068,81,68,13,13
71069,68,71,-3,3
71070,67,60,7,7
71071,52,46,6,6
71072,107,98,9,9
71073,120,103,17,17
71074,133,122,11,11
71075,150,124,26,26
71076,124,129,-5,5
71077,86,77,9,9
71078,29,25,4,4
71079,170,141,29,29
71080,88,75,13,13
71081,158,139,19,19
71082,58,52,6,6
71083,129,115,14,14
71084,94,85,9,9
71085,116,108,8,8
71086,159,138,21,21
71087,86,73,13,13
71088,174,165,9,9
71089,104,87,17,17
71090,90,71,19,19
71091,101,87,14,14
71092,107,96,11,11
71093,133,104,29,29
71094,70,59,11,11
71095,100,89,11,11
71096,174,158,16,16
71097,41,34,7,7
71098,85,76,9,9
71099,76,70,6,6
71100,73,68,5,5
71101,131,119,12,12
71102,83,72,11,11
71103,88,82,6,6
71104,128,116,12,12
71105,86,77,9,9
71106,163,146,17,17
71107,104,96,8,8
71108,50,42,8,8
71109,114,86,28,28
71110,108,98,10,10
71111,72,67,5,5
71112,63,60,3,3
71113,51,45,6,6
71114,94,84,10,10
71115,76,62,14,14
71116,39,32,7,7
71117,100,91,9,9
71118,64,58,6,6
71119,87,76,11,11
71120,112,96,16,16
71121,105,96,9,9
71122,84,77,7,7
71123,135,123,12,12
71124,66,58,8,8
71125,164,149,15,15
71126,53,53,0,0
71127,131,107,24,24
71128,97,85,12,12
71129,44,45,-1,1
71130,85,76,9,9
71131,58,46,12,12
71132,105,100,5,5
71133,51,46,5,5
71134,67,62,5,5
71135,82,81,1,1
71136,100,85,15,15
71137,154,128,26,26
71138,89,83,6,6
71139,88,72,16,16
71140,104,84,20,20
71141,82,70,12,12
71142,97,86,11,11
71143,87,91,-4,4
71144,71,55,16,16
71145,87,83,4,4
71146,71,65,6,6
71147,168,150,18,18
71148,124,105,19,19
71149,75,62,13,13
71150,137,99,38,38
71151,131,115,16,16
71152,161,152,9,9
71153,80,70,10,10
71154,109,96,13,13
71155,65,58,7,7
71156,152,141,11,11
71157,120,103,17,17
71158,116,107,9,9
71159,82,88,-6,6
71160,214,178,36,36
71161,75,64,11,11
71162,95,80,15,15
71163,120,102,18,18
71164,126,113,13,13
71165,112,98,14,14
71166,115,114,1,1
71167,94,80,14,14
71168,84,79,5,5
71169,99,90,9,9
71170,69,59,10,10
71171,62,52,10,10
71172,106,97,9,9
71173,110,90,20,20
71174,78,70,8,8
71175,161,175,-14,14
71176,140,93,47,47
71177,83,91,-8,8
71178,110,93,17,17
71179,50,48,2,2
71180,160,135,25,25
71181,93,76,17,17
71182,161,148,13,13
71183,37,35,2,2
71184,58,45,13,13
71185,109,108,1,1
71186,99,93,6,6
71187,124,133,-9,9
71188,65,56,9,9
71189,113,97,16,16
71190,114,110,4,4
71191,127,104,23,23
71192,99,80,19,19
71193,83,69,14,14
71194,74,72,2,2
71195,112,106,6,6
71196,76,70,6,6
71197,86,74,12,12
71198,59,58,1,1
71199,185,145,40,40
71200,113,85,28,28
71201,90,81,9,9
71202,60,60,0,0
71203,136,109,27,27
71204,94,81,13,13
71205,100,84,16,16
71206,93,79,14,14
71207,80,73,7,7
71208,138,107,31,31
71209,123,109,14,14
71210,84,77,7,7
71211,96,92,4,4
71212,123,109,14,14
71213,46,76,-30,30
71214,54,52,2,2
71215,135,119,16,16
71216,135,105,30,30
71217,79,73,6,6
71218,127,110,17,17
71219,75,70,5,5
71220,43,50,-7,7
71221,107,81,26,26
71222,86,70,16,16
71223,114,111,3,3
71224,56,45,11,11
71225,80,71,9,9
71226,86,73,13,13
71227,62,52,10,10
71228,78,62,16,16
71229,158,147,11,11
71230,96,101,-5,5
71231,88,81,7,7
71232,62,53,9,9
71233,116,96,20,20
71234,103,92,11,11
71235,108,107,1,1
71236,96,83,13,13
71237,65,58,7,7
71238,64,62,2,2
71239,136,115,21,21
71240,92,89,3,3
71241,66,54,12,12
71242,106,94,12,12
71243,168,141,27,27
71244,91,80,11,11
71245,90,85,5,5
71246,83,72,11,11
71247,198,170,28,28
71248,98,89,9,9
71249,116,90,26,26
71250,77,75,2,2
71251,95,91,4,4
71252,113,101,12,12
71253,102,91,11,11
71254,54,47,7,7
71255,138,130,8,8
71256,76,68,8,8
71257,58,49,9,9
71258,74,66,8,8
71259,93,79,14,14
71260,56,68,-12,12
71261,139,130,9,9
71262,169,154,15,15
71263,131,119,12,12
71264,64,43,21,21
71265,89,84,5,5
71266,111,88,23,23
71267,149,135,14,14
71268,86,70,16,16
71269,67,79,-12,12
71270,54,49,5,5
71271,47,48,-1,1
71272,43,45,-2,2
71273,90,83,7,7
71274,139,113,26,26
71275,62,56,6,6
71276,67,64,3,3
71277,75,72,3,3
71278,87,74,13,13
71279,82,72,10,10
71280,41,43,-2,2
71281,86,78,8,8
71282,151,126,25,25
71283,87,74,13,13
71284,107,96,11,11
71285,67,60,7,7
71286,90,91,-1,1
71287,133,117,16,16
71288,42,37,5,5
71289,124,105,19,19
71290,66,60,6,6
71291,74,66,8,8
71292,54,45,9,9
71293,123,104,19,19
71294,137,122,15,15
71295,67,56,11,11
71296,113,106,7,7
71297,103,83,20,20
71298,161,134,27,27
71299,114,94,20,20
71300,112,97,15,15
71301,103,95,8,8
71302,112,102,10,10
71303,123,118,5,5
71304,65,58,7,7
71305,97,81,16,16
71306,68,55,13,13
71307,69,50,19,19
71308,69,58,11,11
71309,143,125,18,18
71310,107,93,14,14
71311,59,67,-8,8
71312,125,107,18,18
71313,57,56,1,1
71314,108,100,8,8
71315,86,77,9,9
71316,98,85,13,13
71317,82,71,11,11
71318,87,107,-20,20
71319,65,59,6,6
71320,96,84,12,12
71321,60,48,12,12
71322,77,71,6,6
71323,81,73,8,8
71324,147,131,16,16
71325,75,60,15,15
71326,75,65,10,10
71327,85,85,0,0
71328,94,82,12,12
71329,158,143,15,15
71330,103,73,30,30
71331,125,104,21,21
71332,119,130,-11,11
71333,109,98,11,11
71334,64,53,11,11
71335,74,69,5,5
71336,33,29,4,4
71337,104,90,14,14
71338,73,67,6,6
71339,148,114,34,34
71340,57,56,1,1
71341,62,52,10,10
71342,143,126,17,17
71343,96,96,0,0
71344,61,57,4,4
71345,126,114,12,12
71346,66,74,-8,8
71347,97,94,3,3
71348,58,55,3,3
71349,85,77,8,8
71350,207,167,40,40
71351,114,102,12,12
71352,105,90,15,15
71353,92,82,10,10
71354,80,71,9,9
71355,97,85,12,12
71356,93,80,13,13
71357,55,48,7,7
71358,89,75,14,14
71359,116,102,14,14
71360,98,88,10,10
71361,79,64,15,15
71362,127,115,12,12
71363,112,90,22,22
71364,131,102,29,29
71365,92,88,4,4
71366,81,75,6,6
71367,236,205,31,31
71368,110,113,-3,3
71369,66,62,4,4
71370,100,94,6,6
71371,98,89,9,9
71372,118,99,19,19
71373,91,86,5,5
71374,162,136,26,26
71375,77,64,13,13
71376,67,61,6,6
71377,131,118,13,13
71378,103,93,10,10
71379,57,55,2,2
71380,93,72,21,21
71381,72,74,-2,2
71382,67,57,10,10
71383,49,54,-5,5
71384,72,65,7,7
71385,56,48,8,8
71386,154,164,-10,10
71387,72,69,3,3
71388,44,45,-1,1
71389,97,87,10,10
71390,173,129,44,44
71391,151,133,18,18
71392,92,81,11,11
71393,41,55,-14,14
71394,101,95,6,6
71395,151,120,31,31
71396,112,91,21,21
71397,82,75,7,7
71398,147,125,22,22
71399,104,81,23,23
71400,156,135,21,21
71401,69,59,10,10
71402,88,83,5,5
71403,49,50,-1,1
71404,72,66,6,6
71405,87,75,12,12
71406,83,70,13,13
71407,78,62,16,16
71408,109,100,9,9
71409,118,118,0,0
71410,146,174,-28,28
71411,95,82,13,13
71412,139,118,21,21
71413,112,108,4,4
71414,74,73,1,1
71415,101,95,6,6
71416,69,59,10,10
71417,60,51,9,9
71418,52,45,7,7
71419,70,61,9,9
71420,52,43,9,9
71421,93,85,8,8
71422,75,68,7,7
71423,50,52,-2,2
71424,64,60,4,4
71425,167,131,36,36
71426,59,55,4,4
71427,117,109,8,8
71428,97,87,10,10
71429,93,87,6,6
71430,70,67,3,3
71431,91,73,18,18
71432,52,47,5,5
71433,97,91,6,6
71434,66,50,16,16
71435,91,80,11,11
71436,72,103,-31,31
71437,113,96,17,17
71438,91,77,14,14
71439,50,54,-4,4
71440,85,89,-4,4
71441,167,149,18,18
71442,78,72,6,6
71443,149,130,19,19
71444,102,87,15,15
71445,116,104,12,12
71446,69,68,1,1
71447,63,60,3,3
71448,108,103,5,5
71449,81,71,10,10
71450,82,72,10,10
71451,113,105,8,8
71452,83,79,4,4
71453,97,79,18,18
71454,78,85,-7,7
71455,102,92,10,10
71456,109,101,8,8
71457,64,64,0,0
71458,98,86,12,12
71459,156,125,31,31
71460,126,114,12,12
71461,90,80,10,10
71462,122,109,13,13
71463,67,64,3,3
71464,60,52,8,8
71465,60,57,3,3
71466,73,64,9,9
71467,135,127,8,8
71468,116,102,14,14
71469,92,80,12,12
71470,116,105,11,11
71471,76,67,9,9
71472,137,119,18,18
71473,38,43,-5,5
71474,212,175,37,37
71475,115,100,15,15
71476,170,147,23,23
71477,140,143,-3,3
71478,194,153,41,41
71479,119,103,16,16
71480,46,44,2,2
71481,67,60,7,7
71482,114,100,14,14
71483,107,115,-8,8
71484,83,90,-7,7
71485,103,85,18,18
71486,75,74,1,1
71487,117,130,-13,13
71488,59,49,10,10
71489,68,84,-16,16
71490,117,105,12,12
71491,142,119,23,23
71492,50,45,5,5
71493,72,66,6,6
71494,114,116,-2,2
71495,161,146,15,15
71496,104,90,14,14
71497,241,212,29,29
71498,72,64,8,8
71499,89,82,7,7
71500,76,69,7,7
71501,97,87,10,10
71502,93,77,16,16
71503,73,59,14,14
71504,67,48,19,19
71505,89,80,9,9
71506,91,83,8,8
71507,112,101,11,11
71508,156,143,13,13
71509,59,53,6,6
71510,71,69,2,2
71511,35,35,0,0
71512,60,51,9,9
71513,151,144,7,7
71514,83,75,8,8
71515,114,105,9,9
71516,66,53,13,13
71517,68,66,2,2
71518,128,117,11,11
71519,168,130,38,38
71520,84,75,9,9
71521,87,77,10,10
71522,94,81,13,13
71523,44,47,-3,3
71524,93,86,7,7
71525,135,114,21,21
71526,80,71,9,9
71527,105,89,16,16
71528,86,81,5,5
71529,115,101,14,14
71530,183,154,29,29
71531,120,103,17,17
71532,25,28,-3,3
71533,53,47,6,6
71534,131,103,28,28
71535,164,142,22,22
71536,74,68,6,6
71537,125,108,17,17
71538,91,89,2,2
71539,106,85,21,21
71540,95,80,15,15
71541,75,61,14,14
71542,114,98,16,16
71543,70,61,9,9
71544,89,72,17,17
71545,37,28,9,9
71546,90,75,15,15
71547,60,52,8,8
71548,106,99,7,7
71549,59,57,2,2
71550,114,111,3,3
71551,69,59,10,10
71552,96,89,7,7
71553,90,70,20,20
71554,132,128,4,4
71555,117,106,11,11
71556,78,72,6,6
71557,63,62,1,1
71558,96,94,2,2
71559,132,98,34,34
71560,83,68,15,15
71561,114,99,15,15
71562,109,90,19,19
71563,97,78,19,19
71564,81,73,8,8
71565,95,83,12,12
71566,82,78,4,4
71567,127,123,4,4
71568,108,97,11,11
71569,91,92,-1,1
71570,87,77,10,10
71571,92,80,12,12
71572,165,146,19,19
71573,85,76,9,9
71574,50,52,-2,2
71575,62,53,9,9
71576,97,90,7,7
71577,87,80,7,7
71578,66,53,13,13
71579,76,67,9,9
71580,75,70,5,5
71581,172,151,21,21
71582,45,44,1,1
71583,86,80,6,6
71584,73,73,0,0
71585,189,153,36,36
71586,65,59,6,6
71587,76,69,7,7
71588,95,87,8,8
71589,95,80,15,15
71590,87,81,6,6
71591,108,96,12,12
71592,91,69,22,22
71593,69,70,-1,1
71594,141,138,3,3
71595,75,68,7,7
71596,82,77,5,5
71597,55,49,6,6
71598,55,59,-4,4
71599,121,109,12,12
71600,55,44,11,11
71601,131,106,25,25
71602,111,93,18,18
71603,52,55,-3,3
71604,141,119,22,22
71605,82,79,3,3
71606,49,45,4,4
71607,67,68,-1,1
71608,65,56,9,9
71609,116,108,8,8
71610,112,101,11,11
71611,117,100,17,17
71612,137,124,13,13
71613,95,93,2,2
71614,59,55,4,4
71615,84,81,3,3
71616,89,71,18,18
71617,137,125,12,12
71618,194,156,38,38
71619,144,118,26,26
71620,106,87,19,19
71621,122,99,23,23
71622,67,65,2,2
71623,104,97,7,7
71624,114,98,16,16
71625,84,82,2,2
71626,49,57,-8,8
71627,232,181,51,51
71628,79,65,14,14
71629,101,95,6,6
71630,105,94,11,11
71631,104,92,12,12
71632,221,177,44,44
71633,124,92,32,32
71634,154,133,21,21
71635,110,96,14,14
71636,75,70,5,5
71637,175,153,22,22
71638,162,151,11,11
71639,169,141,28,28
71640,82,86,-4,4
71641,69,62,7,7
71642,63,58,5,5
71643,101,96,5,5
71644,59,53,6,6
71645,123,115,8,8
71646,105,101,4,4
71647,99,82,17,17
71648,58,58,0,0
71649,103,89,14,14
71650,77,77,0,0
71651,64,53,11,11
71652,49,45,4,4
71653,96,84,12,12
71654,78,74,4,4
71655,124,120,4,4
71656,66,77,-11,11
71657,163,142,21,21
71658,140,141,-1,1
71659,77,72,5,5
71660,55,57,-2,2
71661,64,52,12,12
71662,73,65,8,8
71663,86,79,7,7
71664,87,77,10,10
71665,80,76,4,4
71666,74,73,1,1
71667,69,55,14,14
71668,118,106,12,12
71669,74,74,0,0
71670,162,146,16,16
71671,63,59,4,4
71672,88,79,9,9
71673,105,96,9,9
71674,70,52,18,18
71675,86,83,3,3
71676,82,72,10,10
71677,181,168,13,13
71678,60,53,7,7
71679,139,126,13,13
71680,45,34,11,11
71681,84,73,11,11
71682,87,74,13,13
71683,94,77,17,17
71684,94,86,8,8
71685,102,111,-9,9
71686,82,74,8,8
71687,102,79,23,23
71688,51,44,7,7
71689,91,78,13,13
71690,92,82,10,10
71691,119,109,10,10
71692,98,93,5,5
71693,92,78,14,14
71694,144,127,17,17
71695,117,112,5,5
71696,61,52,9,9
71697,55,42,13,13
71698,89,73,16,16
71699,83,75,8,8
71700,122,96,26,26
71701,101,93,8,8
71702,71,68,3,3
71703,183,168,15,15
71704,79,74,5,5
71705,68,73,-5,5
71706,124,108,16,16
71707,96,83,13,13
71708,82,72,10,10
71709,99,99,0,0
71710,145,114,31,31
71711,143,128,15,15
71712,131,120,11,11
71713,83,71,12,12
71714,118,123,-5,5
71715,65,60,5,5
71716,52,49,3,3
71717,78,70,8,8
71718,76,68,8,8
71719,142,121,21,21
71720,90,75,15,15
71721,64,59,5,5
71722,70,59,11,11
71723,81,80,1,1
71724,155,136,19,19
71725,94,92,2,2
71726,64,59,5,5
71727,83,71,12,12
71728,112,98,14,14
71729,112,85,27,27
71730,132,119,13,13
71731,84,68,16,16
71732,63,60,3,3
71733,78,73,5,5
71734,143,122,21,21
71735,71,67,4,4
71736,94,82,12,12
71737,75,67,8,8
71738,54,56,-2,2
71739,81,65,16,16
71740,72,69,3,3
71741,95,82,13,13
71742,136,119,17,17
71743,89,77,12,12
71744,66,61,5,5
71745,95,79,16,16
71746,85,74,11,11
71747,114,103,11,11
71748,70,58,12,12
71749,70,57,13,13
71750,115,105,10,10
71751,139,131,8,8
71752,104,89,15,15
71753,65,58,7,7
71754,145,121,24,24
71755,108,93,15,15
71756,81,71,10,10
71757,85,64,21,21
71758,59,59,0,0
71759,146,139,7,7
71760,89,93,-4,4
71761,94,85,9,9
71762,82,73,9,9
71763,58,56,2,2
71764,78,70,8,8
71765,92,72,20,20
71766,65,58,7,7
71767,100,86,14,14
71768,126,113,13,13
71769,115,96,19,19
71770,64,51,13,13
71771,67,67,0,0
71772,114,92,22,22
71773,73,65,8,8
71774,86,76,10,10
71775,92,76,16,16
71776,393,342,51,51
71777,121,126,-5,5
71778,77,77,0,0
71779,106,82,24,24
71780,81,73,8,8
71781,99,71,28,28
71782,150,135,15,15
71783,98,87,11,11
71784,107,98,9,9
71785,59,46,13,13
71786,53,48,5,5
71787,99,84,15,15
71788,138,122,16,16
71789,58,57,1,1
71790,85,73,12,12
71791,129,112,17,17
71792,60,48,12,12
71793,67,57,10,10
71794,107,90,17,17
71795,42,46,-4,4
71796,73,66,7,7
71797,81,77,4,4
71798,154,121,33,33
71799,84,74,10,10
71800,67,62,5,5
71801,62,51,11,11
71802,93,80,13,13
71803,119,102,17,17
71804,112,96,16,16
71805,146,130,16,16
71806,45,38,7,7
71807,127,108,19,19
71808,87,76,11,11
71809,122,109,13,13
71810,83,68,15,15
71811,116,99,17,17
71812,95,91,4,4
71813,101,93,8,8
71814,132,119,13,13
71815,116,97,19,19
71816,79,63,16,16
71817,94,81,13,13
71818,131,113,18,18
71819,61,51,10,10
71820,66,60,6,6
71821,78,72,6,6
71822,145,135,10,10
71823,166,152,14,14
71824,88,73,15,15
71825,99,81,18,18
71826,85,79,6,6
71827,62,55,7,7
71828,85,79,6,6
71829,103,95,8,8
71830,123,130,-7,7
71831,43,43,0,0
71832,89,87,2,2
71833,61,58,3,3
71834,65,60,5,5
71835,81,71,10,10
71836,77,65,12,12
71837,118,107,11,11
71838,53,45,8,8
71839,90,74,16,16
71840,101,105,-4,4
71841,88,77,11,11
71842,136,121,15,15
71843,142,124,18,18
71844,79,64,15,15
71845,124,113,11,11
71846,69,59,10,10
71847,55,49,6,6
71848,84,76,8,8
71849,34,28,6,6
71850,86,71,15,15
71851,67,45,22,22
71852,234,196,38,38
71853,175,156,19,19
71854,50,42,8,8
71855,75,62,13,13
71856,61,54,7,7
71857,103,88,15,15
71858,59,50,9,9
71859,83,88,-5,5
71860,50,41,9,9
71861,89,81,8,8
71862,65,65,0,0
71863,140,114,26,26
71864,158,144,14,14
71865,113,96,17,17
71866,118,113,5,5
71867,172,143,29,29
71868,119,112,7,7
71869,106,96,10,10
71870,146,133,13,13
71871,72,64,8,8
71872,84,77,7,7
71873,78,73,5,5
71874,58,47,11,11
71875,85,68,17,17
71876,137,117,20,20
71877,86,102,-16,16
71878,78,68,10,10
71879,88,85,3,3
71880,108,91,17,17
71881,104,82,22,22
71882,77,79,-2,2
71883,101,92,9,9
71884,109,97,12,12
71885,84,67,17,17
71886,70,58,12,12
71887,134,120,14,14
71888,51,41,10,10
71889,128,119,9,9
71890,103,102,1,1
71891,76,70,6,6
71892,101,100,1,1
71893,92,83,9,9
71894,72,69,3,3
71895,68,66,2,2
71896,84,76,8,8
71897,88,77,11,11
71898,119,115,4,4
71899,56,46,10,10
71900,31,34,-3,3
71901,91,84,7,7
71902,163,141,22,22
71903,124,105,19,19
71904,71,61,10,10
71905,101,86,15,15
71906,112,128,-16,16
71907,103,90,13,13
71908,74,65,9,9
71909,57,55,2,2
71910,137,123,14,14
71911,124,99,25,25
71912,77,79,-2,2
71913,83,71,12,12
71914,66,70,-4,4
71915,110,89,21,21
71916,65,58,7,7
71917,98,89,9,9
71918,87,75,12,12
71919,90,75,15,15
71920,140,125,15,15
71921,116,100,16,16
71922,128,107,21,21
71923,73,61,12,12
71924,155,163,-8,8
71925,96,92,4,4
71926,115,106,9,9
71927,63,56,7,7
71928,57,46,11,11
71929,113,110,3,3
71930,104,82,22,22
71931,53,47,6,6
71932,62,57,5,5
71933,53,51,2,2
71934,71,61,10,10
71935,76,70,6,6
71936,117,101,16,16
71937,57,53,4,4
71938,79,65,14,14
71939,69,73,-4,4
71940,78,67,11,11
71941,40,57,-17,17
71942,58,63,-5,5
71943,105,89,16,16
71944,87,92,-5,5
71945,118,92,26,26
71946,101,101,0,0
71947,32,25,7,7
71948,75,68,7,7
71949,112,98,14,14
71950,112,93,19,19
71951,124,120,4,4
71952,68,59,9,9
71953,72,61,11,11
71954,52,45,7,7
71955,84,74,10,10
71956,78,67,11,11
71957,106,82,24,24
71958,126,118,8,8
71959,103,94,9,9
71960,110,85,25,25
71961,91,77,14,14
71962,149,128,21,21
71963,55,47,8,8
71964,113,96,17,17
71965,72,63,9,9
71966,79,72,7,7
71967,125,112,13,13
71968,126,105,21,21
71969,156,146,10,10
71970,69,61,8,8
71971,59,44,15,15
71972,92,100,-8,8
71973,65,57,8,8
71974,94,85,9,9
71975,76,79,-3,3
71976,145,127,18,18
71977,141,127,14,14
71978,71,66,5,5
71979,91,79,12,12
71980,56,56,0,0
71981,107,100,7,7
71982,73,61,12,12
71983,120,123,-3,3
71984,109,65,44,44
71985,125,105,20,20
71986,80,71,9,9
71987,55,49,6,6
71988,92,86,6,6
71989,125,106,19,19
71990,74,68,6,6
71991,65,67,-2,2
71992,85,78,7,7
71993,41,42,-1,1
71994,73,74,-1,1
71995,133,92,41,41
71996,48,43,5,5
71997,81,71,10,10
71998,109,108,1,1
71999,98,87,11,11
72000,123,110,13,13
72001,103,99,4,4
72002,79,71,8,8
72003,60,59,1,1
72004,93,84,9,9
72005,162,120,42,42
72006,121,100,21,21
72007,113,111,2,2
72008,64,61,3,3
72009,61,57,4,4
72010,110,96,14,14
72011,106,90,16,16
72012,111,94,17,17
72013,72,72,0,0
72014,50,38,12,12
72015,58,46,12,12
72016,112,108,4,4
72017,86,87,-1,1
72018,77,67,10,10
72019,116,103,13,13
72020,77,69,8,8
72021,156,130,26,26
72022,94,86,8,8
72023,152,132,20,20
72024,153,139,14,14
72025,91,83,8,8
72026,114,99,15,15
72027,54,50,4,4
72028,68,58,10,10
72029,108,116,-8,8
72030,144,125,19,19
72031,122,105,17,17
72032,94,87,7,7
72033,100,83,17,17
72034,63,61,2,2
72035,109,95,14,14
72036,92,75,17,17
72037,104,86,18,18
72038,80,62,18,18
72039,83,71,12,12
72040,115,107,8,8
72041,149,137,12,12
72042,111,100,11,11
72043,64,64,0,0
72044,117,95,22,22
72045,68,60,8,8
72046,98,79,19,19
72047,58,51,7,7
72048,109,92,17,17
72049,84,69,15,15
72050,59,57,2,2
72051,122,92,30,30
72052,67,62,5,5
72053,74,62,12,12
72054,65,62,3,3
72055,95,79,16,16
72056,90,81,9,9
72057,71,62,9,9
72058,46,37,9,9
72059,37,50,-13,13
72060,128,111,17,17
72061,110,97,13,13
72062,98,96,2,2
72063,55,46,9,9
72064,118,98,20,20
72065,28,30,-2,2
72066,164,142,22,22
72067,97,88,9,9
72068,149,119,30,30
72069,100,80,20,20
72070,102,97,5,5
72071,99,89,10,10
72072,170,132,38,38
72073,124,116,8,8
72074,109,109,0,0
72075,146,121,25,25
72076,170,161,9,9
72077,85,57,28,28
72078,106,91,15,15
72079,96,85,11,11
72080,105,93,12,12
72081,116,96,20,20
72082,61,57,4,4
72083,114,103,11,11
72084,105,90,15,15
72085,163,152,11,11
72086,50,45,5,5
72087,141,113,28,28
72088,79,76,3,3
72089,129,114,15,15
72090,82,70,12,12
72091,61,54,7,7
72092,69,66,3,3
72093,62,66,-4,4
72094,93,81,12,12
72095,92,87,5,5
72096,91,92,-1,1
72097,45,40,5,5
72098,167,145,22,22
72099,71,61,10,10
72100,43,47,-4,4
72101,122,103,19,19
72102,73,58,15,15
72103,99,86,13,13
72104,82,72,10,10
72105,119,96,23,23
72106,135,109,26,26
72107,46,39,7,7
72108,102,86,16,16
72109,66,56,10,10
72110,159,144,15,15
72111,93,81,12,12
72112,93,75,18,18
72113,71,64,7,7
72114,106,78,28,28
72115,99,84,15,15
72116,145,147,-2,2
72117,102,102,0,0
72118,146,129,17,17
72119,129,113,16,16
72120,105,104,1,1
72121,119,99,20,20
72122,49,45,4,4
72123,114,97,17,17
72124,137,126,11,11
72125,84,74,10,10
72126,63,54,9,9
72127,120,100,20,20
72128,63,52,11,11
72129,153,127,26,26
72130,73,70,3,3
72131,110,91,19,19
72132,178,156,22,22
72133,73,89,-16,16
72134,80,67,13,13
72135,98,85,13,13
72136,122,112,10,10
72137,122,108,14,14
72138,95,86,9,9
72139,100,94,6,6
72140,107,97,10,10
72141,86,70,16,16
72142,62,51,11,11
72143,77,70,7,7
72144,49,46,3,3
72145,68,62,6,6
72146,25,26,-1,1
72147,83,72,11,11
72148,54,36,18,18
72149,122,113,9,9
72150,115,100,15,15
72151,92,77,15,15
72152,120,115,5,5
72153,161,137,24,24
72154,100,87,13,13
72155,127,123,4,4
72156,56,53,3,3
72157,120,105,15,15
72158,319,273,46,46
72159,161,139,22,22
72160,120,97,23,23
72161,119,98,21,21
72162,119,92,27,27
72163,155,122,33,33
72164,90,84,6,6
72165,43,43,0,0
72166,67,54,13,13
72167,75,61,14,14
72168,86,76,10,10
72169,107,93,14,14
72170,109,98,11,11
72171,105,99,6,6
72172,120,112,8,8
72173,57,53,4,4
72174,81,78,3,3
72175,114,98,16,16
72176,101,88,13,13
72177,104,87,17,17
72178,105,85,20,20
72179,93,85,8,8
72180,117,104,13,13
72181,93,81,12,12
72182,60,56,4,4
72183,81,60,21,21
72184,96,86,10,10
72185,99,88,11,11
72186,88,72,16,16
72187,113,108,5,5
72188,91,89,2,2
72189,142,123,19,19
72190,95,83,12,12
72191,79,74,5,5
72192,80,84,-4,4
72193,54,47,7,7
72194,124,108,16,16
72195,86,80,6,6
72196,154,120,34,34
72197,77,71,6,6
72198,129,98,31,31
72199,196,155,41,41
72200,78,70,8,8
72201,63,58,5,5
72202,176,149,27,27
72203,102,96,6,6
72204,102,101,1,1
72205,92,79,13,13
72206,145,127,18,18
72207,64,57,7,7
72208,100,83,17,17
72209,96,102,-6,6
72210,96,76,20,20
72211,51,44,7,7
72212,61,69,-8,8
72213,129,112,17,17
72214,196,168,28,28
72215,61,55,6,6
72216,86,74,12,12
72217,69,70,-1,1
72218,121,105,16,16
72219,87,86,1,1
72220,105,86,19,19
72221,67,73,-6,6
72222,71,76,-5,5
72223,165,137,28,28
72224,132,111,21,21
72225,171,153,18,18
72226,81,69,12,12
72227,142,125,17,17
72228,75,68,7,7
72229,102,83,19,19
72230,86,81,5,5
72231,136,117,19,19
72232,63,53,10,10
72233,122,114,8,8
72234,89,84,5,5
72235,97,92,5,5
72236,67,61,6,6
72237,105,89,16,16
72238,64,57,7,7
72239,85,86,-1,1
72240,99,94,5,5
72241,80,60,20,20
72242,115,96,19,19
72243,65,59,6,6
72244,104,80,24,24
72245,115,101,14,14
72246,147,133,14,14
72247,105,92,13,13
72248,141,122,19,19
72249,163,148,15,15
72250,129,109,20,20
72251,90,83,7,7
72252,73,70,3,3
72253,101,82,19,19
72254,103,94,9,9
72255,53,54,-1,1
72256,67,63,4,4
72257,78,69,9,9
72258,75,62,13,13
72259,76,66,10,10
72260,105,94,11,11
72261,103,85,18,18
72262,108,104,4,4
72263,154,126,28,28
72264,84,77,7,7
72265,125,110,15,15
72266,71,63,8,8
72267,84,80,4,4
72268,81,74,7,7
72269,95,86,9,9
72270,249,199,50,50
72271,101,90,11,11
72272,69,66,3,3
72273,109,101,8,8
72274,76,69,7,7
72275,92,83,9,9
72276,56,57,-1,1
72277,85,83,2,2
72278,51,47,4,4
72279,117,92,25,25
72280,74,69,5,5
72281,184,155,29,29
72282,82,77,5,5
72283,93,90,3,3
72284,87,68,19,19
72285,56,47,9,9
72286,65,55,10,10
72287,95,78,17,17
72288,112,107,5,5
72289,110,100,10,10
72290,137,125,12,12
72291,73,66,7,7
72292,128,111,17,17
72293,99,78,21,21
72294,133,115,18,18
72295,109,96,13,13
72296,74,79,-5,5
72297,99,81,18,18
72298,23,27,-4,4
72299,87,87,0,0
72300,175,151,24,24
72301,71,67,4,4
72302,64,61,3,3
72303,74,73,1,1
72304,127,111,16,16
72305,136,131,5,5
72306,114,99,15,15
72307,143,125,18,18
72308,115,105,10,10
72309,83,80,3,3
72310,118,106,12,12
72311,64,56,8,8
72312,94,88,6,6
72313,69,53,16,16
72314,142,124,18,18
72315,75,66,9,9
72316,58,49,9,9
72317,19,24,-5,5
72318,83,80,3,3
72319,59,54,5,5
72320,99,88,11,11
72321,69,66,3,3
72322,95,80,15,15
72323,248,186,62,62
72324,129,111,18,18
72325,45,44,1,1
72326,129,118,11,11
72327,99,85,14,14
72328,98,86,12,12
72329,115,109,6,6
72330,136,128,8,8
72331,111,91,20,20
72332,98,93,5,5
72333,85,84,1,1
72334,141,125,16,16
72335,94,93,1,1
72336,94,84,10,10
72337,112,113,-1,1
72338,107,95,12,12
72339,127,115,12,12
72340,113,92,21,21
72341,131,97,34,34
72342,69,67,2,2
72343,51,46,5,5
72344,148,127,21,21
72345,79,62,17,17
72346,108,92,16,16
72347,105,105,0,0
72348,82,92,-10,10
72349,152,148,4,4
72350,77,74,3,3
72351,96,94,2,2
72352,118,121,-3,3
72353,176,158,18,18
72354,161,153,8,8
72355,74,64,10,10
72356,89,85,4,4
72357,126,125,1,1
72358,105,95,10,10
72359,102,92,10,10
72360,74,71,3,3
72361,122,105,17,17
72362,80,73,7,7
72363,75,66,9,9
72364,148,135,13,13
72365,129,114,15,15
72366,68,58,10,10
72367,74,78,-4,4
72368,96,76,20,20
72369,88,75,13,13
72370,53,60,-7,7
72371,79,70,9,9
72372,78,67,11,11
72373,69,65,4,4
72374,134,110,24,24
72375,77,67,10,10
72376,144,115,29,29
72377,102,93,9,9
72378,112,110,2,2
72379,122,102,20,20
72380,87,77,10,10
72381,111,104,7,7
72382,102,88,14,14
72383,73,67,6,6
72384,86,76,10,10
72385,74,64,10,10
72386,132,107,25,25
72387,128,117,11,11
72388,130,112,18,18
72389,62,56,6,6
72390,44,41,3,3
72391,78,76,2,2
72392,95,82,13,13
72393,95,70,25,25
72394,116,105,11,11
72395,80,71,9,9
72396,57,55,2,2
72397,84,87,-3,3
72398,122,102,20,20
72399,115,107,8,8
72400,185,151,34,34
72401,144,109,35,35
72402,54,53,1,1
72403,125,113,12,12
72404,107,104,3,3
72405,140,134,6,6
72406,59,53,6,6
72407,64,59,5,5
72408,83,74,9,9
72409,56,49,7,7
72410,79,63,16,16
72411,58,50,8,8
72412,92,86,6,6
72413,138,127,11,11
72414,110,94,16,16
72415,197,163,34,34
72416,102,89,13,13
72417,75,64,11,11
72418,127,109,18,18
72419,95,88,7,7
72420,64,52,12,12
72421,68,66,2,2
72422,174,155,19,19
72423,61,55,6,6
72424,74,60,14,14
72425,106,96,10,10
72426,60,56,4,4
72427,73,76,-3,3
72428,92,82,10,10
72429,189,148,41,41
72430,99,83,16,16
72431,147,125,22,22
72432,120,106,14,14
72433,75,69,6,6
72434,57,49,8,8
72435,56,47,9,9
72436,73,65,8,8
72437,67,58,9,9
72438,176,146,30,30
72439,131,117,14,14
72440,101,89,12,12
72441,77,66,11,11
72442,90,101,-11,11
72443,106,100,6,6
72444,120,108,12,12
72445,82,70,12,12
72446,117,106,11,11
72447,57,66,-9,9
72448,57,62,-5,5
72449,104,89,15,15
72450,85,71,14,14
72451,112,107,5,5
72452,89,82,7,7
72453,88,92,-4,4
72454,87,69,18,18
72455,103,109,-6,6
72456,151,129,22,22
72457,92,86,6,6
72458,98,83,15,15
72459,63,66,-3,3
72460,88,82,6,6
72461,85,74,11,11
72462,29,24,5,5
72463,88,88,0,0
72464,105,103,2,2
72465,108,95,13,13
72466,69,57,12,12
72467,100,88,12,12
72468,67,64,3,3
72469,78,61,17,17
72470,97,90,7,7
72471,84,64,20,20
72472,57,57,0,0
72473,124,106,18,18
72474,117,100,17,17
72475,101,84,17,17
72476,104,97,7,7
72477,97,96,1,1
72478,69,58,11,11
72479,105,94,11,11
72480,78,77,1,1
72481,75,64,11,11
72482,67,52,15,15
72483,182,154,28,28
72484,49,50,-1,1
72485,89,83,6,6
72486,72,66,6,6
72487,97,91,6,6
72488,72,61,11,11
72489,66,57,9,9
72490,118,116,2,2
72491,49,49,0,0
72492,87,74,13,13
72493,157,122,35,35
72494,63,57,6,6
72495,69,64,5,5
72496,163,156,7,7
72497,221,199,22,22
72498,60,60,0,0
72499,97,89,8,8
72500,64,46,18,18
72501,87,91,-4,4
72502,101,94,7,7
72503,96,87,9,9
72504,111,107,4,4
72505,67,62,5,5
72506,112,101,11,11
72507,92,75,17,17
72508,90,90,0,0
72509,127,121,6,6
72510,62,58,4,4
72511,82,78,4,4
72512,131,104,27,27
72513,66,56,10,10
72514,122,113,9,9
72515,80,81,-1,1
72516,83,77,6,6
72517,71,71,0,0
72518,76,64,12,12
72519,130,128,2,2
72520,72,55,17,17
72521,51,46,5,5
72522,114,109,5,5
72523,62,59,3,3
72524,46,37,9,9
72525,58,58,0,0
72526,84,83,1,1
72527,69,60,9,9
72528,59,100,-41,41
72529,65,59,6,6
72530,175,149,26,26
72531,135,119,16,16
72532,106,94,12,12
72533,72,73,-1,1
72534,124,109,15,15
72535,126,107,19,19
72536,120,110,10,10
72537,92,80,12,12
72538,68,57,11,11
72539,109,92,17,17
72540,74,79,-5,5
72541,61,56,5,5
72542,96,85,11,11
72543,115,110,5,5
72544,88,84,4,4
72545,112,99,13,13
72546,182,149,33,33
72547,156,135,21,21
72548,156,132,24,24
72549,103,78,25,25
72550,89,77,12,12
72551,114,95,19,19
72552,106,83,23,23
72553,85,68,17,17
72554,107,91,16,16
72555,75,64,11,11
72556,84,79,5,5
72557,120,108,12,12
72558,95,77,18,18
72559,48,41,7,7
72560,65,55,10,10
72561,59,61,-2,2
72562,85,74,11,11
72563,125,110,15,15
72564,89,77,12,12
72565,92,80,12,12
72566,131,122,9,9
72567,83,75,8,8
72568,81,67,14,14
72569,82,66,16,16
72570,66,59,7,7
72571,126,118,8,8
72572,167,140,27,27
72573,103,97,6,6
72574,119,103,16,16
72575,133,118,15,15
72576,138,131,7,7
72577,136,116,20,20
72578,57,52,5,5
72579,111,98,13,13
72580,75,70,5,5
72581,64,56,8,8
72582,111,103,8,8
72583,126,115,11,11
72584,147,130,17,17
72585,188,150,38,38
72586,123,53,70,70
72587,87,86,1,1
72588,77,69,8,8
72589,82,71,11,11
72590,83,74,9,9
72591,69,72,-3,3
72592,136,129,7,7
72593,53,52,1,1
72594,81,70,11,11
72595,124,115,9,9
72596,111,89,22,22
72597,120,106,14,14
72598,66,65,1,1
72599,68,61,7,7
72600,147,138,9,9
72601,193,160,33,33
72602,62,53,9,9
72603,113,103,10,10
72604,83,76,7,7
72605,114,110,4,4
72606,138,129,9,9
72607,63,63,0,0
72608,153,124,29,29
72609,75,73,2,2
72610,104,88,16,16
72611,138,130,8,8
72612,86,69,17,17
72613,85,78,7,7
72614,132,120,12,12
72615,86,76,10,10
72616,60,58,2,2
72617,119,101,18,18
72618,233,194,39,39
72619,125,122,3,3
72620,128,112,16,16
72621,135,126,9,9
72622,92,77,15,15
72623,134,115,19,19
72624,108,95,13,13
72625,154,127,27,27
72626,149,136,13,13
72627,112,92,20,20
72628,117,103,14,14
72629,158,140,18,18
72630,83,72,11,11
72631,92,84,8,8
72632,80,67,13,13
72633,86,80,6,6
72634,23,23,0,0
72635,90,82,8,8
72636,129,122,7,7
72637,122,106,16,16
72638,49,50,-1,1
72639,58,56,2,2
72640,115,96,19,19
72641,92,82,10,10
72642,146,150,-4,4
72643,69,79,-10,10
72644,107,103,4,4
72645,152,135,17,17
72646,106,89,17,17
72647,78,72,6,6
72648,122,101,21,21
72649,97,95,2,2
72650,62,58,4,4
72651,125,115,10,10
72652,172,152,20,20
72653,73,68,5,5
72654,88,76,12,12
72655,69,66,3,3
72656,72,57,15,15
72657,87,79,8,8
72658,53,47,6,6
72659,65,59,6,6
72660,117,101,16,16
72661,105,100,5,5
72662,168,146,22,22
72663,83,83,0,0
72664,65,63,2,2
72665,108,91,17,17
72666,45,46,-1,1
72667,123,103,20,20
72668,62,59,3,3
72669,69,63,6,6
72670,65,60,5,5
72671,88,90,-2,2
72672,70,65,5,5
72673,115,100,15,15
72674,68,58,10,10
72675,109,97,12,12
72676,117,112,5,5
72677,68,62,6,6
72678,93,82,11,11
72679,76,67,9,9
72680,147,119,28,28
72681,124,109,15,15
72682,146,127,19,19
72683,104,103,1,1
72684,85,78,7,7
72685,107,84,23,23
72686,131,109,22,22
72687,71,60,11,11
72688,78,63,15,15
72689,69,65,4,4
72690,124,116,8,8
72691,101,81,20,20
72692,64,54,10,10
72693,69,61,8,8
72694,60,61,-1,1
72695,97,84,13,13
72696,78,71,7,7
72697,106,119,-13,13
72698,102,89,13,13
72699,102,89,13,13
72700,135,122,13,13
72701,84,84,0,0
72702,132,113,19,19
72703,81,71,10,10
72704,55,44,11,11
72705,80,69,11,11
72706,89,88,1,1
72707,218,351,-133,133
72708,68,56,12,12
72709,136,103,33,33
72710,78,67,11,11
72711,66,61,5,5
72712,115,105,10,10
72713,102,83,19,19
72714,64,57,7,7
72715,32,27,5,5
72716,61,49,12,12
72717,98,87,11,11
72718,87,69,18,18
72719,75,56,19,19
72720,131,110,21,21
72721,82,82,0,0
72722,102,84,18,18
72723,68,58,10,10
72724,129,111,18,18
72725,147,130,17,17
72726,54,47,7,7
72727,95,85,10,10
72728,181,155,26,26
72729,102,95,7,7
72730,49,47,2,2
72731,100,82,18,18
72732,72,69,3,3
72733,137,134,3,3
72734,57,48,9,9
72735,85,70,15,15
72736,69,62,7,7
72737,44,26,18,18
72738,102,91,11,11
72739,140,128,12,12
72740,59,56,3,3
72741,59,60,-1,1
72742,67,56,11,11
72743,96,87,9,9
72744,54,39,15,15
72745,81,72,9,9
72746,154,133,21,21
72747,134,128,6,6
72748,100,73,27,27
72749,104,86,18,18
72750,92,89,3,3
72751,63,56,7,7
72752,115,87,28,28
72753,55,53,2,2
72754,163,140,23,23
72755,122,114,8,8
72756,106,90,16,16
72757,90,84,6,6
72758,97,84,13,13
72759,69,65,4,4
72760,86,76,10,10
72761,87,78,9,9
72762,134,108,26,26
72763,83,80,3,3
72764,96,89,7,7
72765,75,64,11,11
72766,91,73,18,18
72767,74,63,11,11
72768,105,96,9,9
72769,109,95,14,14
72770,50,60,-10,10
72771,83,65,18,18
72772,101,87,14,14
72773,98,93,5,5
72774,78,69,9,9
72775,115,92,23,23
72776,151,132,19,19
72777,50,38,12,12
72778,111,103,8,8
72779,75,73,2,2
72780,191,167,24,24
72781,82,72,10,10
72782,133,115,18,18
72783,131,116,15,15
72784,69,61,8,8
72785,112,93,19,19
72786,52,51,1,1
72787,109,107,2,2
72788,82,79,3,3
72789,106,101,5,5
72790,36,37,-1,1
72791,84,73,11,11
72792,103,92,11,11
72793,56,54,2,2
72794,78,70,8,8
72795,69,62,7,7
72796,67,62,5,5
72797,83,80,3,3
72798,103,95,8,8
72799,84,75,9,9
72800,68,64,4,4
72801,78,70,8,8
72802,118,99,19,19
72803,112,98,14,14
72804,108,98,10,10
72805,113,98,15,15
72806,116,91,25,25
72807,67,59,8,8
72808,110,103,7,7
72809,100,84,16,16
72810,111,89,22,22
72811,82,77,5,5
72812,157,143,14,14
72813,75,70,5,5
72814,102,88,14,14
72815,90,80,10,10
72816,60,56,4,4
72817,88,83,5,5
72818,96,86,10,10
72819,117,122,-5,5
72820,76,76,0,0
72821,166,135,31,31
72822,187,136,51,51
72823,73,57,16,16
72824,91,89,2,2
72825,125,115,10,10
72826,60,57,3,3
72827,91,81,10,10
72828,99,106,-7,7
72829,80,66,14,14
72830,125,113,12,12
72831,111,107,4,4
72832,54,49,5,5
72833,192,163,29,29
72834,159,136,23,23
72835,71,63,8,8
72836,80,75,5,5
72837,58,53,5,5
72838,78,63,15,15
72839,146,120,26,26
72840,73,59,14,14
72841,178,145,33,33
72842,94,86,8,8
72843,131,112,19,19
72844,70,53,17,17
72845,126,117,9,9
72846,84,70,14,14
72847,80,75,5,5
72848,214,172,42,42
72849,111,101,10,10
72850,134,127,7,7
72851,89,74,15,15
72852,124,127,-3,3
72853,112,94,18,18
72854,94,93,1,1
72855,110,98,12,12
72856,143,128,15,15
72857,70,62,8,8
72858,112,106,6,6
72859,88,74,14,14
72860,89,75,14,14
72861,78,68,10,10
72862,121,102,19,19
72863,69,61,8,8
72864,82,71,11,11
72865,137,153,-16,16
72866,116,106,10,10
72867,169,146,23,23
72868,108,91,17,17
72869,62,52,10,10
72870,66,75,-9,9
72871,126,110,16,16
72872,77,64,13,13
72873,170,148,22,22
72874,48,44,4,4
72875,123,104,19,19
72876,135,119,16,16
72877,128,117,11,11
72878,108,99,9,9
72879,102,84,18,18
72880,89,80,9,9
72881,68,66,2,2
72882,83,67,16,16
72883,174,156,18,18
72884,130,105,25,25
72885,176,149,27,27
72886,87,85,2,2
72887,69,56,13,13
72888,69,67,2,2
72889,100,78,22,22
72890,164,145,19,19
72891,94,92,2,2
72892,82,70,12,12
72893,191,170,21,21
72894,99,92,7,7
72895,78,74,4,4
72896,68,61,7,7
72897,121,95,26,26
72898,128,114,14,14
72899,149,131,18,18
72900,164,140,24,24
72901,74,66,8,8
72902,67,54,13,13
72903,59,58,1,1
72904,100,105,-5,5
72905,62,65,-3,3
72906,100,92,8,8
72907,79,72,7,7
72908,137,141,-4,4
72909,74,69,5,5
72910,94,86,8,8
72911,119,86,33,33
72912,103,83,20,20
72913,95,84,11,11
72914,60,49,11,11
72915,111,96,15,15
72916,34,33,1,1
72917,78,78,0,0
72918,97,86,11,11
72919,111,100,11,11
72920,85,80,5,5
72921,149,126,23,23
72922,90,74,16,16
72923,49,46,3,3
72924,138,120,18,18
72925,69,58,11,11
72926,79,65,14,14
72927,70,60,10,10
72928,82,77,5,5
72929,79,75,4,4
72930,85,84,1,1
72931,89,77,12,12
72932,67,61,6,6
72933,106,102,4,4
72934,70,71,-1,1
72935,74,73,1,1
72936,55,54,1,1
72937,164,150,14,14
72938,77,67,10,10
72939,57,47,10,10
72940,97,99,-2,2
72941,136,132,4,4
72942,83,73,10,10
72943,66,59,7,7
72944,92,88,4,4
72945,92,84,8,8
72946,71,61,10,10
72947,67,70,-3,3
72948,150,125,25,25
72949,69,67,2,2
72950,132,113,19,19
72951,194,167,27,27
72952,137,122,15,15
72953,68,65,3,3
72954,90,88,2,2
72955,113,99,14,14
72956,61,48,13,13
72957,160,137,23,23
72958,149,132,17,17
72959,48,48,0,0
72960,128,116,12,12
72961,102,91,11,11
72962,95,87,8,8
72963,68,53,15,15
72964,164,138,26,26
72965,92,89,3,3
72966,100,82,18,18
72967,68,69,-1,1
72968,81,72,9,9
72969,87,72,15,15
72970,121,89,32,32
72971,95,87,8,8
72972,99,81,18,18
72973,59,59,0,0
72974,140,117,23,23
72975,109,81,28,28
72976,147,122,25,25
72977,84,77,7,7
72978,111,95,16,16
72979,85,80,5,5
72980,63,63,0,0
72981,64,54,10,10
72982,75,65,10,10
72983,136,104,32,32
72984,140,129,11,11
72985,45,44,1,1
72986,159,145,14,14
72987,110,91,19,19
72988,54,59,-5,5
72989,129,119,10,10
72990,170,165,5,5
72991,111,100,11,11
72992,72,61,11,11
72993,129,114,15,15
72994,67,60,7,7
72995,159,157,2,2
72996,60,59,1,1
72997,91,82,9,9
72998,126,102,24,24
72999,240,192,48,48
73000,113,100,13,13
73001,85,71,14,14
73002,54,48,6,6
73003,68,58,10,10
73004,89,78,11,11
73005,142,120,22,22
73006,146,127,19,19
73007,87,79,8,8
73008,122,113,9,9
73009,81,46,35,35
73010,77,70,7,7
73011,113,95,18,18
73012,182,167,15,15
73013,111,94,17,17
73014,97,79,18,18
73015,90,76,14,14
73016,149,129,20,20
73017,62,68,-6,6
73018,121,110,11,11
73019,90,78,12,12
73020,64,50,14,14
73021,158,139,19,19
73022,89,75,14,14
73023,93,79,14,14
73024,82,71,11,11
73025,80,73,7,7
73026,231,208,23,23
73027,52,49,3,3
73028,185,153,32,32
73029,125,119,6,6
73030,116,100,16,16
73031,70,63,7,7
73032,92,79,13,13
73033,135,128,7,7
73034,83,80,3,3
73035,78,68,10,10
73036,89,74,15,15
73037,98,85,13,13
73038,74,71,3,3
73039,117,103,14,14
73040,65,186,-121,121
73041,80,72,8,8
73042,82,71,11,11
73043,144,137,7,7
73044,64,58,6,6
73045,144,124,20,20
73046,46,39,7,7
73047,29,30,-1,1
73048,81,73,8,8
73049,115,104,11,11
73050,99,84,15,15
73051,80,69,11,11
73052,111,95,16,16
73053,113,100,13,13
73054,119,93,26,26
73055,49,37,12,12
73056,128,111,17,17
73057,168,144,24,24
73058,52,44,8,8
73059,115,102,13,13
73060,230,185,45,45
73061,113,116,-3,3
73062,66,55,11,11
73063,102,90,12,12
73064,52,47,5,5
73065,94,81,13,13
73066,69,61,8,8
73067,146,138,8,8
73068,130,115,15,15
73069,82,64,18,18
73070,51,46,5,5
73071,114,97,17,17
73072,58,60,-2,2
73073,70,67,3,3
73074,74,66,8,8
73075,75,62,13,13
73076,54,43,11,11
73077,134,124,10,10
73078,46,40,6,6
73079,79,64,15,15
73080,66,64,2,2
73081,114,107,7,7
73082,76,75,1,1
73083,149,131,18,18
73084,126,106,20,20
73085,91,85,6,6
73086,56,61,-5,5
73087,131,115,16,16
73088,119,120,-1,1
73089,119,104,15,15
73090,124,112,12,12
73091,142,128,14,14
73092,215,175,40,40
73093,59,51,8,8
73094,60,53,7,7
73095,76,74,2,2
73096,54,43,11,11
73097,78,79,-1,1
73098,133,130,3,3
73099,56,46,10,10
73100,79,72,7,7
73101,74,61,13,13
73102,55,59,-4,4
73103,62,50,12,12
73104,47,38,9,9
73105,112,107,5,5
73106,112,93,19,19
73107,122,109,13,13
73108,104,93,11,11
73109,81,90,-9,9
73110,76,77,-1,1
73111,61,50,11,11
73112,230,169,61,61
73113,87,75,12,12
73114,94,78,16,16
73115,83,69,14,14
73116,154,122,32,32
73117,140,117,23,23
73118,81,75,6,6
73119,78,67,11,11
73120,112,95,17,17
73121,133,111,22,22
73122,72,67,5,5
73123,150,109,41,41
73124,133,117,16,16
73125,74,58,16,16
73126,122,107,15,15
73127,90,79,11,11
73128,69,59,10,10
73129,75,70,5,5
73130,50,43,7,7
73131,135,119,16,16
73132,126,108,18,18
73133,68,77,-9,9
73134,88,80,8,8
73135,78,76,2,2
73136,55,51,4,4
73137,94,91,3,3
73138,57,54,3,3
73139,70,65,5,5
73140,150,134,16,16
73141,67,64,3,3
73142,78,74,4,4
73143,82,76,6,6
73144,123,120,3,3
73145,75,61,14,14
73146,151,142,9,9
73147,79,68,11,11
73148,116,98,18,18
73149,89,75,14,14
73150,143,127,16,16
73151,94,86,8,8
73152,94,91,3,3
73153,81,76,5,5
73154,77,73,4,4
73155,85,77,8,8
73156,104,99,5,5
73157,58,53,5,5
73158,76,69,7,7
73159,72,66,6,6
73160,90,76,14,14
73161,126,122,4,4
73162,81,72,9,9
73163,113,101,12,12
73164,72,70,2,2
73165,111,104,7,7
73166,94,80,14,14
73167,77,65,12,12
73168,76,62,14,14
73169,91,76,15,15
73170,84,77,7,7
73171,50,50,0,0
73172,111,106,5,5
73173,160,140,20,20
73174,90,74,16,16
73175,165,161,4,4
73176,153,126,27,27
73177,38,38,0,0
73178,76,81,-5,5
73179,73,65,8,8
73180,99,97,2,2
73181,64,57,7,7
73182,148,129,19,19
73183,146,132,14,14
73184,86,77,9,9
73185,70,65,5,5
73186,74,63,11,11
73187,102,87,15,15
73188,76,65,11,11
73189,115,92,23,23
73190,111,95,16,16
73191,67,60,7,7
73192,120,112,8,8
73193,72,63,9,9
73194,93,81,12,12
73195,256,227,29,29
73196,157,146,11,11
73197,70,64,6,6
73198,95,94,1,1
73199,99,89,10,10
73200,94,82,12,12
73201,81,67,14,14
73202,102,88,14,14
73203,107,95,12,12
73204,137,118,19,19
73205,91,83,8,8
73206,90,84,6,6
73207,68,63,5,5
73208,59,54,5,5
73209,86,78,8,8
73210,118,121,-3,3
73211,197,177,20,20
73212,55,50,5,5
73213,82,67,15,15
73214,96,90,6,6
73215,88,88,0,0
73216,72,77,-5,5
73217,56,53,3,3
73218,110,95,15,15
73219,75,63,12,12
73220,107,105,2,2
73221,100,94,6,6
73222,137,116,21,21
73223,76,68,8,8
73224,174,155,19,19
73225,101,94,7,7
73226,85,77,8,8
73227,53,53,0,0
73228,108,88,20,20
73229,82,72,10,10
73230,84,81,3,3
73231,92,87,5,5
73232,125,125,0,0
73233,93,93,0,0
73234,54,52,2,2
73235,113,94,19,19
73236,196,174,22,22
73237,71,60,11,11
73238,75,66,9,9
73239,46,41,5,5
73240,107,101,6,6
73241,82,79,3,3
73242,88,93,-5,5
73243,57,48,9,9
73244,153,131,22,22
73245,131,124,7,7
73246,111,112,-1,1
73247,136,124,12,12
73248,58,55,3,3
73249,85,77,8,8
73250,98,83,15,15
73251,80,74,6,6
73252,82,80,2,2
73253,74,61,13,13
73254,135,110,25,25
73255,88,78,10,10
73256,27,34,-7,7
73257,60,54,6,6
73258,82,70,12,12
73259,176,162,14,14
73260,163,131,32,32
73261,130,121,9,9
73262,120,103,17,17
73263,143,108,35,35
73264,138,129,9,9
73265,88,74,14,14
73266,125,111,14,14
73267,81,72,9,9
73268,56,47,9,9
73269,70,64,6,6
73270,59,57,2,2
73271,117,120,-3,3
73272,35,36,-1,1
73273,115,94,21,21
73274,59,56,3,3
73275,88,74,14,14
73276,124,115,9,9
73277,110,87,23,23
73278,118,101,17,17
73279,103,83,20,20
73280,121,109,12,12
73281,78,68,10,10
73282,69,62,7,7
73283,129,113,16,16
73284,75,61,14,14
73285,54,46,8,8
73286,185,153,32,32
73287,105,89,16,16
73288,65,54,11,11
73289,145,122,23,23
73290,134,115,19,19
73291,102,86,16,16
73292,75,65,10,10
73293,106,90,16,16
73294,122,112,10,10
73295,42,39,3,3
73296,144,136,8,8
73297,104,87,17,17
73298,117,99,18,18
73299,69,62,7,7
73300,63,67,-4,4
73301,184,139,45,45
73302,96,86,10,10
73303,86,70,16,16
73304,98,89,9,9
73305,78,71,7,7
73306,91,80,11,11
73307,53,44,9,9
73308,79,68,11,11
73309,141,122,19,19
73310,82,69,13,13
73311,49,43,6,6
73312,109,90,19,19
73313,61,56,5,5
73314,90,85,5,5
73315,61,50,11,11
73316,94,95,-1,1
73317,134,123,11,11
73318,65,63,2,2
73319,136,117,19,19
73320,164,145,19,19
73321,98,94,4,4
73322,83,75,8,8
73323,40,35,5,5
73324,67,73,-6,6
73325,90,79,11,11
73326,62,51,11,11
73327,60,51,9,9
73328,115,92,23,23
73329,135,125,10,10
73330,75,67,8,8
73331,35,51,-16,16
73332,94,95,-1,1
73333,113,95,18,18
73334,133,116,17,17
73335,103,54,49,49
73336,108,88,20,20
73337,65,59,6,6
73338,67,51,16,16
73339,121,105,16,16
73340,89,92,-3,3
73341,69,64,5,5
73342,128,117,11,11
73343,99,81,18,18
73344,100,86,14,14
73345,88,68,20,20
73346,160,136,24,24
73347,94,79,15,15
73348,111,101,10,10
73349,83,68,15,15
73350,51,53,-2,2
73351,126,107,19,19
73352,150,128,22,22
73353,57,47,10,10
73354,63,61,2,2
73355,112,103,9,9
73356,196,171,25,25
73357,71,66,5,5
73358,152,136,16,16
73359,87,79,8,8
73360,59,52,7,7
73361,144,128,16,16
73362,122,102,20,20
73363,61,57,4,4
73364,99,99,0,0
73365,74,61,13,13
73366,68,62,6,6
73367,92,87,5,5
73368,147,129,18,18
73369,114,99,15,15
73370,64,56,8,8
73371,92,72,20,20
73372,85,69,16,16
73373,100,82,18,18
73374,142,117,25,25
73375,34,20,14,14
73376,107,87,20,20
73377,110,92,18,18
73378,154,133,21,21
73379,69,61,8,8
73380,91,91,0,0
73381,124,103,21,21
73382,71,55,16,16
73383,61,48,13,13
73384,110,95,15,15
73385,86,79,7,7
73386,143,121,22,22
73387,65,58,7,7
73388,82,67,15,15
73389,90,86,4,4
73390,156,145,11,11
73391,177,160,17,17
73392,108,97,11,11
73393,100,100,0,0
73394,60,60,0,0
73395,81,82,-1,1
73396,99,90,9,9
73397,63,77,-14,14
73398,87,89,-2,2
73399,53,43,10,10
73400,47,44,3,3
73401,65,67,-2,2
73402,79,66,13,13
73403,65,60,5,5
73404,99,91,8,8
73405,61,53,8,8
73406,101,96,5,5
73407,75,60,15,15
73408,99,97,2,2
73409,84,73,11,11
73410,130,113,17,17
73411,147,122,25,25
73412,103,94,9,9
73413,48,40,8,8
73414,88,76,12,12
73415,115,101,14,14
73416,81,75,6,6
73417,69,68,1,1
73418,144,133,11,11
73419,103,80,23,23
73420,84,72,12,12
73421,175,163,12,12
73422,133,110,23,23
73423,88,80,8,8
73424,112,102,10,10
73425,98,90,8,8
73426,79,67,12,12
73427,65,57,8,8
73428,75,77,-2,2
73429,101,94,7,7
73430,44,41,3,3
73431,89,77,12,12
73432,107,97,10,10
73433,85,77,8,8
73434,42,41,1,1
73435,86,78,8,8
73436,92,78,14,14
73437,70,68,2,2
73438,79,70,9,9
73439,39,50,-11,11
73440,90,79,11,11
73441,126,105,21,21
73442,116,104,12,12
73443,69,65,4,4
73444,51,50,1,1
73445,107,92,15,15
73446,88,77,11,11
73447,104,86,18,18
73448,81,65,16,16
73449,78,72,6,6
73450,87,81,6,6
73451,63,70,-7,7
73452,92,81,11,11
73453,125,118,7,7
73454,113,98,15,15
73455,50,44,6,6
73456,71,62,9,9
73457,78,70,8,8
73458,65,58,7,7
73459,145,124,21,21
73460,64,52,12,12
73461,83,75,8,8
73462,162,136,26,26
73463,84,75,9,9
73464,149,135,14,14
73465,68,59,9,9
73466,84,76,8,8
73467,74,59,15,15
73468,106,94,12,12
73469,87,82,5,5
73470,102,108,-6,6
73471,142,116,26,26
73472,159,144,15,15
73473,49,44,5,5
73474,133,123,10,10
73475,89,79,10,10
73476,47,48,-1,1
73477,111,102,9,9
73478,79,65,14,14
73479,108,107,1,1
73480,58,52,6,6
73481,111,106,5,5
73482,46,44,2,2
73483,69,58,11,11
73484,144,130,14,14
73485,122,108,14,14
73486,114,100,14,14
73487,60,51,9,9
73488,75,72,3,3
73489,79,71,8,8
73490,97,91,6,6
73491,177,162,15,15
73492,111,93,18,18
73493,35,39,-4,4
73494,133,107,26,26
73495,58,49,9,9
73496,114,90,24,24
73497,80,74,6,6
73498,133,108,25,25
73499,116,107,9,9
73500,88,63,25,25
73501,126,110,16,16
73502,135,110,25,25
73503,85,81,4,4
73504,154,137,17,17
73505,118,105,13,13
73506,92,79,13,13
73507,146,135,11,11
73508,63,56,7,7
73509,77,69,8,8
73510,113,97,16,16
73511,110,106,4,4
73512,63,60,3,3
73513,78,65,13,13
73514,130,110,20,20
73515,64,57,7,7
73516,81,73,8,8
73517,75,61,14,14
73518,41,42,-1,1
73519,139,122,17,17
73520,60,54,6,6
73521,81,75,6,6
73522,108,92,16,16
73523,102,88,14,14
73524,63,54,9,9
73525,111,94,17,17
73526,42,39,3,3
73527,93,86,7,7
73528,106,98,8,8
73529,92,79,13,13
73530,87,76,11,11
73531,100,90,10,10
73532,73,67,6,6
73533,65,54,11,11
73534,84,84,0,0
73535,158,143,15,15
73536,73,63,10,10
73537,116,116,0,0
73538,79,80,-1,1
73539,114,98,16,16
73540,108,97,11,11
73541,89,76,13,13
73542,65,64,1,1
73543,123,107,16,16
73544,70,68,2,2
73545,58,52,6,6
73546,61,57,4,4
73547,118,118,0,0
73548,91,86,5,5
73549,82,81,1,1
73550,42,47,-5,5
73551,43,40,3,3
73552,144,114,30,30
73553,60,62,-2,2
73554,29,31,-2,2
73555,111,82,29,29
73556,69,60,9,9
73557,192,161,31,31
73558,88,93,-5,5
73559,64,56,8,8
73560,131,119,12,12
73561,107,104,3,3
73562,95,95,0,0
73563,70,67,3,3
73564,51,43,8,8
73565,195,168,27,27
73566,77,70,7,7
73567,117,109,8,8
73568,87,70,17,17
73569,46,38,8,8
73570,71,64,7,7
73571,65,55,10,10
73572,171,163,8,8
73573,106,95,11,11
73574,82,73,9,9
73575,130,104,26,26
73576,58,57,1,1
73577,105,98,7,7
73578,121,111,10,10
73579,148,141,7,7
73580,87,79,8,8
73581,98,91,7,7
73582,74,76,-2,2
73583,138,127,11,11
73584,95,88,7,7
73585,104,94,10,10
73586,64,54,10,10
73587,74,68,6,6
73588,126,94,32,32
73589,93,88,5,5
73590,80,68,12,12
73591,62,55,7,7
73592,56,54,2,2
73593,91,85,6,6
73594,202,172,30,30
73595,97,92,5,5
73596,109,109,0,0
73597,62,42,20,20
73598,156,141,15,15
73599,62,51,11,11
73600,156,146,10,10
73601,60,57,3,3
73602,67,57,10,10
73603,109,102,7,7
73604,129,109,20,20
73605,126,105,21,21
73606,141,123,18,18
73607,117,92,25,25
73608,167,149,18,18
73609,123,119,4,4
73610,127,102,25,25
73611,70,58,12,12
73612,67,61,6,6
73613,93,82,11,11
73614,79,68,11,11
73615,80,70,10,10
73616,81,79,2,2
73617,77,66,11,11
73618,57,55,2,2
73619,125,123,2,2
73620,137,114,23,23
73621,98,91,7,7
73622,76,64,12,12
73623,99,81,18,18
73624,88,77,11,11
73625,71,60,11,11
73626,85,70,15,15
73627,93,87,6,6
73628,112,90,22,22
73629,63,59,4,4
73630,79,85,-6,6
73631,90,81,9,9
73632,71,60,11,11
73633,67,76,-9,9
73634,147,111,36,36
73635,57,68,-11,11
73636,61,55,6,6
73637,100,84,16,16
73638,79,65,14,14
73639,136,102,34,34
73640,88,84,4,4
73641,67,58,9,9
73642,173,148,25,25
73643,111,90,21,21
73644,96,74,22,22
73645,91,75,16,16
73646,90,73,17,17
73647,93,81,12,12
73648,99,93,6,6
73649,57,47,10,10
73650,71,60,11,11
73651,165,139,26,26
73652,91,92,-1,1
73653,59,52,7,7
73654,103,90,13,13
73655,72,65,7,7
73656,95,83,12,12
73657,86,66,20,20
73658,142,107,35,35
73659,92,80,12,12
73660,86,80,6,6
73661,143,122,21,21
73662,37,35,2,2
73663,66,55,11,11
73664,121,106,15,15
73665,89,84,5,5
73666,54,58,-4,4
73667,64,56,8,8
73668,48,39,9,9
73669,33,32,1,1
73670,154,130,24,24
73671,55,50,5,5
73672,85,72,13,13
73673,68,60,8,8
73674,88,79,9,9
73675,61,59,2,2
73676,123,104,19,19
73677,98,90,8,8
73678,161,142,19,19
73679,53,52,1,1
73680,68,67,1,1
73681,131,116,15,15
73682,100,91,9,9
73683,64,55,9,9
73684,109,106,3,3
73685,87,75,12,12
73686,78,70,8,8
73687,56,53,3,3
73688,96,83,13,13
73689,104,88,16,16
73690,94,83,11,11
73691,66,58,8,8
73692,106,89,17,17
73693,132,131,1,1
73694,142,110,32,32
73695,112,107,5,5
73696,104,69,35,35
73697,129,129,0,0
73698,107,93,14,14
73699,137,133,4,4
73700,81,77,4,4
73701,57,47,10,10
73702,126,108,18,18
73703,57,60,-3,3
73704,141,111,30,30
73705,94,83,11,11
73706,56,56,0,0
73707,100,83,17,17
73708,65,62,3,3
73709,153,138,15,15
73710,106,97,9,9
73711,65,57,8,8
73712,89,81,8,8
73713,69,53,16,16
73714,172,149,23,23
73715,74,67,7,7
73716,55,56,-1,1
73717,95,83,12,12
73718,80,74,6,6
73719,72,64,8,8
73720,69,60,9,9
73721,77,77,0,0
73722,136,118,18,18
73723,60,51,9,9
73724,106,89,17,17
73725,98,81,17,17
73726,113,100,13,13
73727,66,61,5,5
73728,117,101,16,16
73729,75,69,6,6
73730,123,109,14,14
73731,54,42,12,12
73732,157,153,4,4
73733,100,85,15,15
73734,74,69,5,5
73735,61,57,4,4
73736,72,66,6,6
73737,81,69,12,12
73738,138,139,-1,1
73739,137,133,4,4
73740,163,134,29,29
73741,65,69,-4,4
73742,130,115,15,15
73743,68,65,3,3
73744,97,82,15,15
73745,167,144,23,23
73746,93,68,25,25
73747,63,60,3,3
73748,91,79,12,12
73749,174,154,20,20
73750,138,110,28,28
73751,75,66,9,9
73752,129,129,0,0
73753,116,96,20,20
73754,47,37,10,10
73755,116,95,21,21
73756,103,85,18,18
73757,112,92,20,20
73758,133,115,18,18
73759,55,61,-6,6
73760,75,68,7,7
73761,53,48,5,5
73762,88,88,0,0
73763,132,116,16,16
73764,35,27,8,8
73765,45,42,3,3
73766,67,63,4,4
73767,124,101,23,23
73768,148,124,24,24
73769,138,112,26,26
73770,98,84,14,14
73771,81,72,9,9
73772,54,48,6,6
73773,35,36,-1,1
73774,69,60,9,9
73775,66,59,7,7
73776,116,99,17,17
73777,86,75,11,11
73778,95,86,9,9
73779,95,89,6,6
73780,61,52,9,9
73781,79,68,11,11
73782,74,85,-11,11
73783,117,102,15,15
73784,63,59,4,4
73785,138,109,29,29
73786,125,112,13,13
73787,95,83,12,12
73788,66,60,6,6
73789,53,46,7,7
73790,83,72,11,11
73791,60,58,2,2
73792,52,49,3,3
73793,55,44,11,11
73794,100,94,6,6
73795,91,96,-5,5
73796,87,75,12,12
73797,63,48,15,15
73798,122,89,33,33
73799,75,64,11,11
73800,57,60,-3,3
73801,55,50,5,5
73802,110,91,19,19
73803,88,82,6,6
73804,155,148,7,7
73805,96,90,6,6
73806,81,63,18,18
73807,102,86,16,16
73808,141,114,27,27
73809,105,92,13,13
73810,68,60,8,8
73811,80,67,13,13
73812,94,92,2,2
73813,60,53,7,7
73814,107,85,22,22
73815,112,98,14,14
73816,92,85,7,7
73817,86,66,20,20
73818,131,102,29,29
73819,62,51,11,11
73820,146,132,14,14
73821,67,70,-3,3
73822,77,74,3,3
73823,101,94,7,7
73824,80,69,11,11
73825,97,76,21,21
73826,140,119,21,21
73827,128,126,2,2
73828,108,99,9,9
73829,91,79,12,12
73830,91,85,6,6
73831,87,74,13,13
73832,151,121,30,30
73833,91,86,5,5
73834,161,137,24,24
73835,60,59,1,1
73836,135,115,20,20
73837,73,78,-5,5
73838,88,90,-2,2
73839,71,64,7,7
73840,80,76,4,4
73841,50,43,7,7
73842,106,92,14,14
73843,66,58,8,8
73844,90,85,5,5
73845,122,109,13,13
73846,99,84,15,15
73847,73,66,7,7
73848,60,54,6,6
73849,63,42,21,21
73850,105,108,-3,3
73851,34,30,4,4
73852,74,75,-1,1
73853,122,109,13,13
73854,123,99,24,24
73855,66,55,11,11
73856,122,105,17,17
73857,114,95,19,19
73858,165,151,14,14
73859,139,143,-4,4
73860,58,42,16,16
73861,70,65,5,5
73862,71,59,12,12
73863,158,166,-8,8
73864,66,56,10,10
73865,166,113,53,53
73866,129,118,11,11
73867,91,82,9,9
73868,109,120,-11,11
73869,118,118,0,0
73870,90,82,8,8
73871,125,109,16,16
73872,94,81,13,13
73873,107,81,26,26
73874,144,111,33,33
73875,83,73,10,10
73876,71,67,4,4
73877,93,80,13,13
73878,103,91,12,12
73879,78,68,10,10
73880,33,69,-36,36
73881,44,66,-22,22
73882,129,105,24,24
73883,210,179,31,31
73884,98,76,22,22
73885,60,67,-7,7
73886,110,92,18,18
73887,56,53,3,3
73888,149,126,23,23
73889,86,78,8,8
73890,101,90,11,11
73891,80,67,13,13
73892,96,86,10,10
73893,66,59,7,7
73894,73,66,7,7
73895,87,66,21,21
73896,73,59,14,14
73897,96,81,15,15
73898,36,36,0,0
73899,171,186,-15,15
73900,125,112,13,13
73901,82,74,8,8
73902,79,65,14,14
73903,148,125,23,23
73904,137,124,13,13
73905,82,74,8,8
73906,72,88,-16,16
73907,57,51,6,6
73908,162,150,12,12
73909,148,124,24,24
73910,82,71,11,11
73911,76,71,5,5
73912,72,57,15,15
73913,42,33,9,9
73914,102,95,7,7
73915,61,60,1,1
73916,107,98,9,9
73917,72,55,17,17
73918,117,114,3,3
73919,70,61,9,9
73920,60,51,9,9
73921,110,84,26,26
73922,94,83,11,11
73923,121,115,6,6
73924,102,92,10,10
73925,61,58,3,3
73926,69,64,5,5
73927,51,54,-3,3
73928,113,110,3,3
73929,148,154,-6,6
73930,129,102,27,27
73931,60,53,7,7
73932,82,90,-8,8
73933,149,127,22,22
73934,64,53,11,11
73935,95,88,7,7
73936,105,90,15,15
73937,129,117,12,12
73938,140,125,15,15
73939,143,135,8,8
73940,67,56,11,11
73941,81,72,9,9
73942,131,106,25,25
73943,61,49,12,12
73944,95,82,13,13
73945,121,106,15,15
73946,96,75,21,21
73947,159,126,33,33
73948,51,48,3,3
73949,72,65,7,7
73950,83,73,10,10
73951,114,96,18,18
73952,90,83,7,7
73953,72,62,10,10
73954,88,73,15,15
73955,149,130,19,19
73956,69,58,11,11
73957,67,62,5,5
73958,65,64,1,1
73959,119,113,6,6
73960,146,119,27,27
73961,75,79,-4,4
73962,175,146,29,29
73963,109,106,3,3
73964,80,69,11,11
73965,99,84,15,15
73966,137,129,8,8
73967,77,85,-8,8
73968,44,63,-19,19
73969,96,80,16,16
73970,55,51,4,4
73971,113,96,17,17
73972,108,98,10,10
73973,55,46,9,9
73974,138,107,31,31
73975,74,66,8,8
73976,69,64,5,5
73977,131,115,16,16
73978,129,146,-17,17
73979,103,90,13,13
73980,50,43,7,7
73981,90,84,6,6
73982,42,36,6,6
73983,140,144,-4,4
73984,76,84,-8,8
73985,113,97,16,16
73986,43,45,-2,2
73987,73,74,-1,1
73988,116,107,9,9
73989,112,110,2,2
73990,126,118,8,8
73991,98,91,7,7
73992,83,84,-1,1
73993,51,51,0,0
73994,73,83,-10,10
73995,220,182,38,38
73996,72,74,-2,2
73997,63,57,6,6
73998,107,96,11,11
73999,90,77,13,13
74000,50,49,1,1
74001,100,86,14,14
74002,126,108,18,18
74003,73,64,9,9
74004,88,83,5,5
74005,65,71,-6,6
74006,73,57,16,16
74007,83,76,7,7
74008,118,113,5,5
74009,77,65,12,12
74010,175,151,24,24
74011,101,88,13,13
74012,72,62,10,10
74013,84,76,8,8
74014,320,347,-27,27
74015,86,90,-4,4
74016,48,43,5,5
74017,82,67,15,15
74018,111,90,21,21
74019,83,77,6,6
74020,105,104,1,1
74021,87,82,5,5
74022,92,81,11,11
74023,106,95,11,11
74024,179,164,15,15
74025,123,100,23,23
74026,68,66,2,2
74027,52,41,11,11
74028,155,119,36,36
74029,97,99,-2,2
74030,78,70,8,8
74031,52,43,9,9
74032,62,55,7,7
74033,92,81,11,11
74034,113,96,17,17
74035,141,121,20,20
74036,66,62,4,4
74037,97,78,19,19
74038,80,90,-10,10
74039,71,82,-11,11
74040,117,101,16,16
74041,202,178,24,24
74042,89,76,13,13
74043,65,63,2,2
74044,83,81,2,2
74045,151,131,20,20
74046,68,55,13,13
74047,84,78,6,6
74048,114,98,16,16
74049,67,57,10,10
74050,48,38,10,10
74051,108,98,10,10
74052,159,121,38,38
74053,84,74,10,10
74054,153,128,25,25
74055,52,62,-10,10
74056,159,140,19,19
74057,118,109,9,9
74058,83,80,3,3
74059,50,44,6,6
74060,125,109,16,16
74061,41,80,-39,39
74062,62,65,-3,3
74063,85,70,15,15
74064,133,122,11,11
74065,129,107,22,22
74066,97,87,10,10
74067,102,97,5,5
74068,23,30,-7,7
74069,74,70,4,4
74070,41,44,-3,3
74071,108,104,4,4
74072,104,94,10,10
74073,108,86,22,22
74074,97,85,12,12
74075,74,67,7,7
74076,94,85,9,9
74077,78,67,11,11
74078,117,107,10,10
74079,119,109,10,10
74080,60,47,13,13
74081,86,72,14,14
74082,84,78,6,6
74083,72,65,7,7
74084,93,87,6,6
74085,72,63,9,9
74086,156,119,37,37
74087,73,66,7,7
74088,108,93,15,15
74089,126,124,2,2
74090,93,86,7,7
74091,79,65,14,14
74092,181,142,39,39
74093,83,68,15,15
74094,119,105,14,14
74095,71,62,9,9
74096,77,59,18,18
74097,104,107,-3,3
74098,72,68,4,4
74099,68,63,5,5
74100,98,89,9,9
74101,57,69,-12,12
74102,80,97,-17,17
74103,73,59,14,14
74104,191,161,30,30
74105,100,83,17,17
74106,132,106,26,26
74107,40,37,3,3
74108,54,50,4,4
74109,154,135,19,19
74110,139,121,18,18
74111,107,94,13,13
74112,128,106,22,22
74113,133,119,14,14
74114,83,67,16,16
74115,63,74,-11,11
74116,81,71,10,10
74117,163,145,18,18
74118,109,97,12,12
74119,63,54,9,9
74120,90,79,11,11
74121,81,84,-3,3
74122,66,56,10,10
74123,120,110,10,10
74124,89,77,12,12
74125,67,62,5,5
74126,85,75,10,10
74127,78,69,9,9
74128,75,70,5,5
74129,198,174,24,24
74130,92,79,13,13
74131,118,101,17,17
74132,57,53,4,4
74133,155,136,19,19
74134,86,73,13,13
74135,67,56,11,11
74136,178,136,42,42
74137,68,65,3,3
74138,85,76,9,9
74139,79,75,4,4
74140,93,76,17,17
74141,50,49,1,1
74142,58,54,4,4
74143,104,93,11,11
74144,100,85,15,15
74145,201,175,26,26
74146,105,97,8,8
74147,105,99,6,6
74148,90,85,5,5
74149,68,65,3,3
74150,74,70,4,4
74151,60,50,10,10
74152,59,61,-2,2
74153,97,92,5,5
74154,87,73,14,14
74155,55,55,0,0
74156,111,91,20,20
74157,119,94,25,25
74158,115,107,8,8
74159,59,50,9,9
74160,61,53,8,8
74161,30,36,-6,6
74162,96,82,14,14
74163,131,106,25,25
74164,183,159,24,24
74165,161,152,9,9
74166,146,136,10,10
74167,200,169,31,31
74168,100,91,9,9
74169,114,99,15,15
74170,108,94,14,14
74171,73,63,10,10
74172,75,61,14,14
74173,72,64,8,8
74174,143,139,4,4
74175,101,83,18,18
74176,66,62,4,4
74177,164,135,29,29
74178,85,76,9,9
74179,88,77,11,11
74180,98,90,8,8
74181,54,87,-33,33
74182,95,89,6,6
74183,64,61,3,3
74184,144,125,19,19
74185,105,93,12,12
74186,102,97,5,5
74187,114,85,29,29
74188,54,48,6,6
74189,112,95,17,17
74190,181,150,31,31
74191,110,92,18,18
74192,75,59,16,16
74193,51,52,-1,1
74194,98,83,15,15
74195,85,77,8,8
74196,54,54,0,0
74197,57,54,3,3
74198,77,78,-1,1
74199,66,72,-6,6
74200,84,68,16,16
74201,102,95,7,7
74202,124,114,10,10
74203,129,111,18,18
74204,195,173,22,22
74205,111,99,12,12
74206,109,107,2,2
74207,68,58,10,10
74208,57,47,10,10
74209,76,79,-3,3
74210,99,85,14,14
74211,78,75,3,3
74212,124,112,12,12
74213,83,69,14,14
74214,82,69,13,13
74215,73,65,8,8
74216,66,63,3,3
74217,102,92,10,10
74218,107,104,3,3
74219,101,87,14,14
74220,119,112,7,7
74221,120,115,5,5
74222,69,64,5,5
74223,80,87,-7,7
74224,113,100,13,13
74225,63,61,2,2
74226,94,78,16,16
74227,146,134,12,12
74228,109,95,14,14
74229,117,96,21,21
74230,66,59,7,7
74231,151,117,34,34
74232,60,47,13,13
74233,146,144,2,2
74234,135,122,13,13
74235,90,72,18,18
74236,48,48,0,0
74237,71,63,8,8
74238,155,141,14,14
74239,86,68,18,18
74240,111,111,0,0
74241,96,84,12,12
74242,137,137,0,0
74243,81,77,4,4
74244,60,56,4,4
74245,83,80,3,3
74246,106,96,10,10
74247,67,64,3,3
74248,52,45,7,7
74249,104,90,14,14
74250,73,72,1,1
74251,87,72,15,15
74252,148,140,8,8
74253,77,64,13,13
74254,92,83,9,9
74255,201,176,25,25
74256,50,45,5,5
74257,149,135,14,14
74258,150,119,31,31
74259,89,87,2,2
74260,131,111,20,20
74261,73,62,11,11
74262,83,80,3,3
74263,155,142,13,13
74264,80,55,25,25
74265,128,114,14,14
74266,59,51,8,8
74267,85,85,0,0
74268,87,94,-7,7
74269,85,74,11,11
74270,72,60,12,12
74271,72,67,5,5
74272,56,51,5,5
74273,127,113,14,14
74274,73,63,10,10
74275,94,73,21,21
74276,72,61,11,11
74277,48,39,9,9
74278,130,106,24,24
74279,103,81,22,22
74280,96,74,22,22
74281,140,124,16,16
74282,63,62,1,1
74283,61,53,8,8
74284,78,68,10,10
74285,75,60,15,15
74286,81,78,3,3
74287,79,74,5,5
74288,94,83,11,11
74289,117,107,10,10
74290,59,50,9,9
74291,84,70,14,14
74292,149,126,23,23
74293,109,101,8,8
74294,46,48,-2,2
74295,131,110,21,21
74296,118,100,18,18
74297,83,83,0,0
74298,68,73,-5,5
74299,70,77,-7,7
74300,49,45,4,4
74301,73,66,7,7
74302,132,121,11,11
74303,93,75,18,18
74304,159,145,14,14
74305,107,100,7,7
74306,185,156,29,29
74307,143,129,14,14
74308,60,61,-1,1
74309,78,64,14,14
74310,106,97,9,9
74311,98,79,19,19
74312,101,80,21,21
74313,39,49,-10,10
74314,104,96,8,8
74315,51,57,-6,6
74316,88,72,16,16
74317,83,74,9,9
74318,116,119,-3,3
74319,59,53,6,6
74320,88,77,11,11
74321,206,159,47,47
74322,147,115,32,32
74323,40,42,-2,2
74324,45,42,3,3
74325,89,79,10,10
74326,146,127,19,19
74327,76,71,5,5
74328,92,65,27,27
74329,35,34,1,1
74330,77,84,-7,7
74331,104,99,5,5
74332,97,79,18,18
74333,135,119,16,16
74334,63,56,7,7
74335,54,47,7,7
74336,117,108,9,9
74337,79,68,11,11
74338,64,60,4,4
74339,63,54,9,9
74340,63,57,6,6
74341,80,72,8,8
74342,136,120,16,16
74343,106,80,26,26
74344,76,65,11,11
74345,80,68,12,12
74346,126,109,17,17
74347,96,80,16,16
74348,56,47,9,9
74349,124,117,7,7
74350,137,121,16,16
74351,63,62,1,1
74352,59,56,3,3
74353,102,88,14,14
74354,41,32,9,9
74355,84,76,8,8
74356,99,91,8,8
74357,108,106,2,2
74358,125,114,11,11
74359,115,100,15,15
74360,84,76,8,8
74361,100,96,4,4
74362,128,118,10,10
74363,60,54,6,6
74364,77,73,4,4
74365,63,53,10,10
74366,90,90,0,0
74367,64,65,-1,1
74368,61,40,21,21
74369,99,95,4,4
74370,97,93,4,4
74371,65,49,16,16
74372,99,90,9,9
74373,181,153,28,28
74374,83,78,5,5
74375,102,90,12,12
74376,136,132,4,4
74377,56,48,8,8
74378,132,115,17,17
74379,76,71,5,5
74380,101,87,14,14
74381,110,83,27,27
74382,51,40,11,11
74383,60,59,1,1
74384,127,115,12,12
74385,81,100,-19,19
74386,59,53,6,6
74387,82,73,9,9
74388,103,88,15,15
74389,99,86,13,13
74390,50,37,13,13
74391,85,91,-6,6
74392,67,52,15,15
74393,125,110,15,15
74394,93,77,16,16
74395,116,101,15,15
74396,68,68,0,0
74397,77,70,7,7
74398,95,84,11,11
74399,59,61,-2,2
74400,111,90,21,21
74401,79,75,4,4
74402,84,80,4,4
74403,89,85,4,4
74404,164,146,18,18
74405,72,64,8,8
74406,78,74,4,4
74407,149,147,2,2
74408,95,70,25,25
74409,85,55,30,30
74410,96,89,7,7
74411,72,58,14,14
74412,112,90,22,22
74413,77,66,11,11
74414,40,37,3,3
74415,110,99,11,11
74416,59,62,-3,3
74417,107,93,14,14
74418,66,67,-1,1
74419,87,71,16,16
74420,72,65,7,7
74421,85,82,3,3
74422,49,42,7,7
74423,72,66,6,6
74424,156,148,8,8
74425,75,53,22,22
74426,83,70,13,13
74427,107,94,13,13
74428,97,79,18,18
74429,108,93,15,15
74430,89,72,17,17
74431,103,104,-1,1
74432,133,116,17,17
74433,56,45,11,11
74434,77,70,7,7
74435,88,77,11,11
74436,106,107,-1,1
74437,134,127,7,7
74438,81,77,4,4
74439,126,111,15,15
74440,69,65,4,4
74441,120,148,-28,28
74442,121,105,16,16
74443,62,54,8,8
74444,85,72,13,13
74445,93,79,14,14
74446,111,97,14,14
74447,99,107,-8,8
74448,50,46,4,4
74449,98,99,-1,1
74450,83,60,23,23
74451,94,92,2,2
74452,144,130,14,14
74453,49,48,1,1
74454,46,36,10,10
74455,87,84,3,3
74456,80,76,4,4
74457,150,117,33,33
74458,67,65,2,2
74459,39,34,5,5
74460,82,64,18,18
74461,76,70,6,6
74462,56,50,6,6
74463,33,35,-2,2
74464,95,82,13,13
74465,67,51,16,16
74466,87,80,7,7
74467,101,87,14,14
74468,62,57,5,5
74469,62,65,-3,3
74470,93,78,15,15
74471,71,52,19,19
74472,79,74,5,5
74473,86,75,11,11
74474,70,66,4,4
74475,117,102,15,15
74476,51,53,-2,2
74477,168,145,23,23
74478,120,98,22,22
74479,99,84,15,15
74480,73,70,3,3
74481,120,109,11,11
74482,136,114,22,22
74483,57,53,4,4
74484,89,75,14,14
74485,89,87,2,2
74486,81,75,6,6
74487,72,53,19,19
74488,104,89,15,15
74489,141,120,21,21
74490,79,69,10,10
74491,167,144,23,23
74492,86,76,10,10
74493,138,114,24,24
74494,66,57,9,9
74495,59,52,7,7
74496,110,111,-1,1
74497,82,68,14,14
74498,92,81,11,11
74499,62,53,9,9
74500,82,66,16,16
74501,62,59,3,3
74502,94,82,12,12
74503,135,139,-4,4
74504,227,226,1,1
74505,85,75,10,10
74506,74,74,0,0
74507,106,126,-20,20
74508,52,51,1,1
74509,96,98,-2,2
74510,97,89,8,8
74511,143,134,9,9
74512,84,61,23,23
74513,77,61,16,16
74514,49,44,5,5
74515,116,102,14,14
74516,67,83,-16,16
74517,74,74,0,0
74518,83,74,9,9
74519,77,67,10,10
74520,113,100,13,13
74521,125,104,21,21
74522,59,51,8,8
74523,62,57,5,5
74524,148,134,14,14
74525,56,57,-1,1
74526,85,90,-5,5
74527,158,131,27,27
74528,79,76,3,3
74529,87,73,14,14
74530,115,128,-13,13
74531,62,52,10,10
74532,78,66,12,12
74533,107,88,19,19
74534,129,115,14,14
74535,109,92,17,17
74536,46,45,1,1
74537,73,61,12,12
74538,47,39,8,8
74539,57,56,1,1
74540,136,129,7,7
74541,74,62,12,12
74542,73,65,8,8
74543,117,103,14,14
74544,64,39,25,25
74545,65,65,0,0
74546,61,57,4,4
74547,40,42,-2,2
74548,84,73,11,11
74549,96,85,11,11
74550,108,88,20,20
74551,148,133,15,15
74552,111,102,9,9
74553,131,121,10,10
74554,55,53,2,2
74555,132,110,22,22
74556,156,122,34,34
74557,68,57,11,11
74558,109,89,20,20
74559,65,51,14,14
74560,78,63,15,15
74561,136,116,20,20
74562,190,177,13,13
74563,157,143,14,14
74564,110,98,12,12
74565,50,50,0,0
74566,123,121,2,2
74567,127,110,17,17
74568,88,80,8,8
74569,116,102,14,14
74570,85,80,5,5
74571,116,98,18,18
74572,181,159,22,22
74573,87,82,5,5
74574,135,124,11,11
74575,64,67,-3,3
74576,92,81,11,11
74577,59,55,4,4
74578,81,64,17,17
74579,71,61,10,10
74580,130,126,4,4
74581,96,78,18,18
74582,86,73,13,13
74583,107,112,-5,5
74584,118,101,17,17
74585,93,83,10,10
74586,88,84,4,4
74587,54,54,0,0
74588,101,94,7,7
74589,58,55,3,3
74590,109,91,18,18
74591,106,100,6,6
74592,139,125,14,14
74593,50,46,4,4
74594,168,152,16,16
74595,115,110,5,5
74596,70,66,4,4
74597,92,79,13,13
74598,133,113,20,20
74599,74,65,9,9
74600,159,151,8,8
74601,120,109,11,11
74602,84,91,-7,7
74603,103,99,4,4
74604,183,141,42,42
74605,139,119,20,20
74606,86,69,17,17
74607,82,76,6,6
74608,61,64,-3,3
74609,123,92,31,31
74610,87,80,7,7
74611,135,120,15,15
74612,99,82,17,17
74613,74,64,10,10
74614,74,70,4,4
74615,139,128,11,11
74616,85,74,11,11
74617,70,67,3,3
74618,106,92,14,14
74619,123,113,10,10
74620,100,90,10,10
74621,61,55,6,6
74622,92,84,8,8
74623,132,122,10,10
74624,59,56,3,3
74625,226,197,29,29
74626,84,70,14,14
74627,165,156,9,9
74628,83,81,2,2
74629,115,104,11,11
74630,159,132,27,27
74631,93,73,20,20
74632,126,121,5,5
74633,51,44,7,7
74634,118,106,12,12
74635,80,64,16,16
74636,161,134,27,27
74637,91,80,11,11
74638,83,76,7,7
74639,91,79,12,12
74640,234,193,41,41
74641,78,64,14,14
74642,101,86,15,15
74643,72,63,9,9
74644,92,67,25,25
74645,44,51,-7,7
74646,76,69,7,7
74647,106,91,15,15
74648,119,96,23,23
74649,111,85,26,26
74650,111,106,5,5
74651,105,88,17,17
74652,62,59,3,3
74653,113,105,8,8
74654,94,90,4,4
74655,155,134,21,21
74656,59,49,10,10
74657,86,88,-2,2
74658,61,52,9,9
74659,198,168,30,30
74660,83,73,10,10
74661,50,53,-3,3
74662,126,111,15,15
74663,95,79,16,16
74664,95,78,17,17
74665,24,25,-1,1
74666,90,83,7,7
74667,47,39,8,8
74668,64,67,-3,3
74669,107,100,7,7
74670,94,74,20,20
74671,77,69,8,8
74672,111,117,-6,6
74673,107,98,9,9
74674,33,35,-2,2
74675,73,63,10,10
74676,63,58,5,5
74677,90,86,4,4
74678,89,158,-69,69
74679,79,66,13,13
74680,128,115,13,13
74681,91,80,11,11
74682,114,95,19,19
74683,103,86,17,17
74684,61,44,17,17
74685,122,120,2,2
74686,114,101,13,13
74687,143,128,15,15
74688,75,66,9,9
74689,66,56,10,10
74690,90,80,10,10
74691,108,79,29,29
74692,74,69,5,5
74693,137,129,8,8
74694,121,97,24,24
74695,85,93,-8,8
74696,47,47,0,0
74697,51,55,-4,4
74698,79,66,13,13
74699,80,67,13,13
74700,111,97,14,14
74701,126,119,7,7
74702,37,36,1,1
74703,87,75,12,12
74704,102,92,10,10
74705,73,65,8,8
74706,81,83,-2,2
74707,85,66,19,19
74708,127,110,17,17
74709,127,103,24,24
74710,93,93,0,0
74711,122,111,11,11
74712,175,140,35,35
74713,96,86,10,10
74714,88,75,13,13
74715,162,128,34,34
74716,124,123,1,1
74717,42,36,6,6
74718,90,78,12,12
74719,91,85,6,6
74720,129,115,14,14
74721,53,51,2,2
74722,75,70,5,5
74723,88,79,9,9
74724,70,59,11,11
74725,185,168,17,17
74726,105,91,14,14
74727,128,108,20,20
74728,103,91,12,12
74729,100,95,5,5
74730,71,64,7,7
74731,157,128,29,29
74732,103,98,5,5
74733,118,105,13,13
74734,140,159,-19,19
74735,102,96,6,6
74736,71,59,12,12
74737,143,131,12,12
74738,58,56,2,2
74739,96,91,5,5
74740,112,98,14,14
74741,85,77,8,8
74742,92,93,-1,1
74743,81,78,3,3
74744,102,91,11,11
74745,43,43,0,0
74746,87,73,14,14
74747,118,102,16,16
74748,85,67,18,18
74749,100,93,7,7
74750,83,84,-1,1
74751,83,64,19,19
74752,89,77,12,12
74753,50,44,6,6
74754,134,121,13,13
74755,65,52,13,13
74756,72,63,9,9
74757,75,62,13,13
74758,78,68,10,10
74759,81,80,1,1
74760,105,102,3,3
74761,67,55,12,12
74762,136,65,71,71
74763,86,91,-5,5
74764,139,120,19,19
74765,78,68,10,10
74766,38,21,17,17
74767,78,67,11,11
74768,59,48,11,11
74769,91,77,14,14
74770,152,133,19,19
74771,148,143,5,5
74772,108,96,12,12
74773,77,67,10,10
74774,83,66,17,17
74775,89,74,15,15
74776,104,84,20,20
74777,117,109,8,8
74778,151,134,17,17
74779,45,44,1,1
74780,60,47,13,13
74781,125,115,10,10
74782,41,38,3,3
74783,49,44,5,5
74784,140,124,16,16
74785,90,87,3,3
74786,93,88,5,5
74787,100,77,23,23
74788,125,103,22,22
74789,114,107,7,7
74790,128,119,9,9
74791,60,53,7,7
74792,191,168,23,23
74793,140,130,10,10
74794,82,82,0,0
74795,76,64,12,12
74796,117,104,13,13
74797,83,81,2,2
74798,82,70,12,12
74799,122,118,4,4
74800,60,56,4,4
74801,117,104,13,13
74802,96,84,12,12
74803,115,102,13,13
74804,134,121,13,13
74805,109,99,10,10
74806,91,76,15,15
74807,72,65,7,7
74808,96,81,15,15
74809,80,74,6,6
74810,71,66,5,5
74811,95,75,20,20
74812,101,91,10,10
74813,67,59,8,8
74814,87,85,2,2
74815,89,80,9,9
74816,62,55,7,7
74817,126,138,-12,12
74818,78,76,2,2
74819,100,94,6,6
74820,96,82,14,14
74821,100,89,11,11
74822,59,57,2,2
74823,93,80,13,13
74824,120,108,12,12
74825,70,64,6,6
74826,46,41,5,5
74827,153,131,22,22
74828,91,81,10,10
74829,94,89,5,5
74830,74,73,1,1
74831,87,68,19,19
74832,76,68,8,8
74833,56,50,6,6
74834,104,112,-8,8
74835,126,112,14,14
74836,115,103,12,12
74837,107,103,4,4
74838,41,46,-5,5
74839,75,63,12,12
74840,76,74,2,2
74841,75,70,5,5
74842,50,48,2,2
74843,118,106,12,12
74844,131,117,14,14
74845,92,121,-29,29
74846,113,97,16,16
74847,126,104,22,22
74848,65,65,0,0
74849,128,114,14,14
74850,89,83,6,6
74851,100,75,25,25
74852,85,74,11,11
74853,166,137,29,29
74854,100,101,-1,1
74855,119,110,9,9
74856,72,61,11,11
74857,78,71,7,7
74858,70,57,13,13
74859,84,75,9,9
74860,56,48,8,8
74861,18,21,-3,3
74862,75,67,8,8
74863,107,102,5,5
74864,86,71,15,15
74865,128,119,9,9
74866,99,93,6,6
74867,69,69,0,0
74868,130,110,20,20
74869,127,116,11,11
74870,188,163,25,25
74871,99,94,5,5
74872,83,73,10,10
74873,105,88,17,17
74874,56,54,2,2
74875,84,74,10,10
74876,43,44,-1,1
74877,104,103,1,1
74878,93,85,8,8
74879,111,108,3,3
74880,106,106,0,0
74881,77,66,11,11
74882,74,61,13,13
74883,138,128,10,10
74884,47,40,7,7
74885,158,146,12,12
74886,111,99,12,12
74887,84,76,8,8
74888,129,125,4,4
74889,76,72,4,4
74890,84,74,10,10
74891,67,60,7,7
74892,61,49,12,12
74893,107,89,18,18
74894,79,61,18,18
74895,112,107,5,5
74896,53,48,5,5
74897,84,72,12,12
74898,46,40,6,6
74899,115,95,20,20
74900,48,35,13,13
74901,51,46,5,5
74902,73,77,-4,4
74903,81,88,-7,7
74904,53,48,5,5
74905,144,130,14,14
74906,93,78,15,15
74907,63,66,-3,3
74908,47,40,7,7
74909,117,98,19,19
74910,172,112,60,60
74911,57,56,1,1
74912,143,129,14,14
74913,108,103,5,5
74914,140,120,20,20
74915,70,63,7,7
74916,96,86,10,10
74917,107,99,8,8
74918,116,99,17,17
74919,120,108,12,12
74920,60,46,14,14
74921,77,76,1,1
74922,112,107,5,5
74923,97,96,1,1
74924,183,174,9,9
74925,95,84,11,11
74926,92,80,12,12
74927,76,81,-5,5
74928,99,90,9,9
74929,85,70,15,15
74930,76,71,5,5
74931,93,81,12,12
74932,50,49,1,1
74933,55,50,5,5
74934,88,78,10,10
74935,97,99,-2,2
74936,83,77,6,6
74937,54,44,10,10
74938,86,77,9,9
74939,77,72,5,5
74940,282,315,-33,33
74941,136,122,14,14
74942,91,72,19,19
74943,150,147,3,3
74944,66,62,4,4
74945,71,68,3,3
74946,87,76,11,11
74947,87,83,4,4
74948,119,111,8,8
74949,148,126,22,22
74950,117,101,16,16
74951,85,77,8,8
74952,97,85,12,12
74953,49,46,3,3
74954,103,97,6,6
74955,38,35,3,3
74956,86,88,-2,2
74957,49,42,7,7
74958,103,88,15,15
74959,103,109,-6,6
74960,45,38,7,7
74961,103,90,13,13
74962,83,72,11,11
74963,95,77,18,18
74964,60,60,0,0
74965,102,97,5,5
74966,138,135,3,3
74967,83,71,12,12
74968,95,89,6,6
74969,96,86,10,10
74970,150,137,13,13
74971,53,42,11,11
74972,133,110,23,23
74973,45,43,2,2
74974,50,43,7,7
74975,35,80,-45,45
74976,103,81,22,22
74977,58,48,10,10
74978,72,67,5,5
74979,100,94,6,6
74980,95,83,12,12
74981,109,89,20,20
74982,57,61,-4,4
74983,68,77,-9,9
74984,89,79,10,10
74985,129,113,16,16
74986,118,107,11,11
74987,114,99,15,15
74988,112,99,13,13
74989,103,88,15,15
74990,95,85,10,10
74991,130,127,3,3
74992,95,78,17,17
74993,129,114,15,15
74994,84,73,11,11
74995,103,99,4,4
74996,146,129,17,17
74997,84,83,1,1
74998,143,121,22,22
74999,84,82,2,2
75000,69,68,1,1
75001,94,90,4,4
75002,56,65,-9,9
75003,133,127,6,6
75004,49,54,-5,5
75005,58,45,13,13
75006,122,98,24,24
75007,117,106,11,11
75008,87,75,12,12
75009,113,102,11,11
75010,60,56,4,4
75011,65,55,10,10
75012,103,90,13,13
75013,152,126,26,26
75014,121,105,16,16
75015,119,104,15,15
75016,47,45,2,2
75017,113,94,19,19
75018,101,90,11,11
75019,73,73,0,0
75020,88,88,0,0
75021,156,132,24,24
75022,99,82,17,17
75023,86,77,9,9
75024,101,94,7,7
75025,91,79,12,12
75026,59,54,5,5
75027,72,67,5,5
75028,111,87,24,24
75029,108,96,12,12
75030,78,70,8,8
75031,63,61,2,2
75032,97,89,8,8
75033,76,68,8,8
75034,94,94,0,0
75035,83,73,10,10
75036,72,64,8,8
75037,113,90,23,23
75038,126,111,15,15
75039,86,88,-2,2
75040,67,54,13,13
75041,149,127,22,22
75042,89,74,15,15
75043,115,93,22,22
75044,111,88,23,23
75045,135,129,6,6
75046,54,52,2,2
75047,123,117,6,6
75048,82,79,3,3
75049,26,31,-5,5
75050,66,57,9,9
75051,117,96,21,21
75052,135,136,-1,1
75053,70,59,11,11
75054,59,51,8,8
75055,141,127,14,14
75056,64,55,9,9
75057,126,118,8,8
75058,97,82,15,15
75059,54,45,9,9
75060,99,87,12,12
75061,138,115,23,23
75062,130,124,6,6
75063,111,83,28,28
75064,81,72,9,9
75065,97,83,14,14
75066,146,135,11,11
75067,92,75,17,17
75068,68,48,20,20
75069,70,68,2,2
75070,79,64,15,15
75071,57,56,1,1
75072,70,52,18,18
75073,52,51,1,1
75074,82,81,1,1
75075,72,65,7,7
75076,86,70,16,16
75077,124,101,23,23
75078,71,63,8,8
75079,75,51,24,24
75080,111,91,20,20
75081,85,68,17,17
75082,77,68,9,9
75083,116,105,11,11
75084,121,120,1,1
75085,63,54,9,9
75086,65,52,13,13
75087,92,89,3,3
75088,115,100,15,15
75089,62,53,9,9
75090,90,78,12,12
75091,50,46,4,4
75092,81,76,5,5
75093,33,34,-1,1
75094,141,122,19,19
75095,51,47,4,4
75096,32,36,-4,4
75097,89,93,-4,4
75098,117,104,13,13
75099,97,93,4,4
75100,92,76,16,16
75101,71,62,9,9
75102,76,69,7,7
75103,42,47,-5,5
75104,84,84,0,0
75105,87,85,2,2
75106,153,131,22,22
75107,91,81,10,10
75108,59,75,-16,16
75109,69,64,5,5
75110,109,89,20,20
75111,115,96,19,19
75112,169,154,15,15
75113,67,64,3,3
75114,96,87,9,9
75115,94,83,11,11
75116,173,132,41,41
75117,96,83,13,13
75118,127,92,35,35
75119,58,51,7,7
75120,69,59,10,10
75121,68,61,7,7
75122,141,128,13,13
75123,110,120,-10,10
75124,46,84,-38,38
75125,56,104,-48,48
75126,99,100,-1,1
75127,117,105,12,12
75128,53,48,5,5
75129,92,83,9,9
75130,100,100,0,0
75131,100,76,24,24
75132,92,90,2,2
75133,67,55,12,12
75134,148,122,26,26
75135,122,114,8,8
75136,162,141,21,21
75137,86,79,7,7
75138,165,136,29,29
75139,106,85,21,21
75140,84,90,-6,6
75141,97,85,12,12
75142,61,58,3,3
75143,187,175,12,12
75144,153,149,4,4
75145,57,55,2,2
75146,101,89,12,12
75147,154,115,39,39
75148,108,96,12,12
75149,55,45,10,10
75150,113,92,21,21
75151,55,45,10,10
75152,101,81,20,20
75153,91,85,6,6
75154,89,81,8,8
75155,96,80,16,16
75156,52,54,-2,2
75157,54,48,6,6
75158,69,60,9,9
75159,95,97,-2,2
75160,88,73,15,15
75161,126,113,13,13
75162,82,81,1,1
75163,76,74,2,2
75164,112,95,17,17
75165,117,99,18,18
75166,113,102,11,11
75167,97,85,12,12
75168,98,87,11,11
75169,83,71,12,12
75170,76,64,12,12
75171,80,69,11,11
75172,111,98,13,13
75173,135,115,20,20
75174,62,59,3,3
75175,140,127,13,13
75176,68,61,7,7
75177,141,134,7,7
75178,53,56,-3,3
75179,140,128,12,12
75180,74,63,11,11
75181,70,63,7,7
75182,78,78,0,0
75183,103,87,16,16
75184,97,86,11,11
75185,75,67,8,8
75186,143,133,10,10
75187,163,143,20,20
75188,71,63,8,8
75189,58,48,10,10
75190,69,62,7,7
75191,72,65,7,7
75192,158,147,11,11
75193,93,91,2,2
75194,80,73,7,7
75195,142,118,24,24
75196,46,50,-4,4
75197,76,62,14,14
75198,129,152,-23,23
75199,82,70,12,12
75200,146,125,21,21
75201,93,82,11,11
75202,113,96,17,17
75203,142,135,7,7
75204,72,61,11,11
75205,74,63,11,11
75206,88,95,-7,7
75207,105,103,2,2
75208,110,109,1,1
75209,83,71,12,12
75210,27,44,-17,17
75211,136,123,13,13
75212,81,70,11,11
75213,98,82,16,16
75214,120,108,12,12
75215,92,67,25,25
75216,145,126,19,19
75217,137,122,15,15
75218,103,99,4,4
75219,121,123,-2,2
75220,54,58,-4,4
75221,112,99,13,13
75222,76,70,6,6
75223,89,76,13,13
75224,160,115,45,45
75225,28,35,-7,7
75226,76,63,13,13
75227,165,151,14,14
75228,100,81,19,19
75229,152,128,24,24
75230,82,73,9,9
75231,94,78,16,16
75232,60,54,6,6
75233,125,113,12,12
75234,69,63,6,6
75235,120,83,37,37
75236,91,80,11,11
75237,96,79,17,17
75238,45,42,3,3
75239,56,53,3,3
75240,76,65,11,11
75241,75,70,5,5
75242,79,72,7,7
75243,124,106,18,18
75244,106,90,16,16
75245,122,107,15,15
75246,51,51,0,0
75247,69,61,8,8
75248,85,77,8,8
75249,115,138,-23,23
75250,115,98,17,17
75251,115,100,15,15
75252,60,61,-1,1
75253,76,68,8,8
75254,32,33,-1,1
75255,79,72,7,7
75256,44,38,6,6
75257,58,51,7,7
75258,130,115,15,15
75259,132,112,20,20
75260,79,72,7,7
75261,92,88,4,4
75262,144,132,12,12
75263,54,51,3,3
75264,133,109,24,24
75265,64,67,-3,3
75266,92,83,9,9
75267,156,140,16,16
75268,58,45,13,13
75269,82,63,19,19
75270,86,76,10,10
75271,173,154,19,19
75272,94,79,15,15
75273,60,57,3,3
75274,108,94,14,14
75275,126,112,14,14
75276,56,48,8,8
75277,98,90,8,8
75278,92,72,20,20
75279,117,97,20,20
75280,52,39,13,13
75281,94,79,15,15
75282,78,70,8,8
75283,76,92,-16,16
75284,67,58,9,9
75285,124,116,8,8
75286,128,115,13,13
75287,73,60,13,13
75288,62,52,10,10
75289,100,95,5,5
75290,130,122,8,8
75291,61,54,7,7
75292,262,215,47,47
75293,60,50,10,10
75294,102,101,1,1
75295,57,49,8,8
75296,97,93,4,4
75297,84,80,4,4
75298,61,76,-15,15
75299,135,114,21,21
75300,104,78,26,26
75301,79,69,10,10
75302,187,148,39,39
75303,62,52,10,10
75304,94,82,12,12
75305,94,95,-1,1
75306,94,76,18,18
75307,126,106,20,20
75308,126,102,24,24
75309,108,93,15,15
75310,60,44,16,16
75311,93,97,-4,4
75312,53,44,9,9
75313,61,54,7,7
75314,79,72,7,7
75315,74,64,10,10
75316,50,41,9,9
75317,75,51,24,24
75318,40,39,1,1
75319,47,42,5,5
75320,78,74,4,4
75321,51,48,3,3
75322,97,87,10,10
75323,54,44,10,10
75324,100,93,7,7
75325,91,79,12,12
75326,48,46,2,2
75327,46,41,5,5
75328,153,134,19,19
75329,123,113,10,10
75330,52,52,0,0
75331,92,74,18,18
75332,71,71,0,0
75333,141,117,24,24
75334,46,35,11,11
75335,72,68,4,4
75336,84,73,11,11
75337,82,83,-1,1
75338,78,67,11,11
75339,77,63,14,14
75340,93,75,18,18
75341,47,43,4,4
75342,67,60,7,7
75343,67,60,7,7
75344,113,94,19,19
75345,179,156,23,23
75346,95,88,7,7
75347,164,151,13,13
75348,45,44,1,1
75349,127,106,21,21
75350,118,116,2,2
75351,96,80,16,16
75352,57,48,9,9
75353,151,138,13,13
75354,69,72,-3,3
75355,79,74,5,5
75356,86,75,11,11
75357,186,164,22,22
75358,147,123,24,24
75359,109,102,7,7
75360,97,83,14,14
75361,110,95,15,15
75362,69,59,10,10
75363,65,61,4,4
75364,119,101,18,18
75365,58,57,1,1
75366,77,66,11,11
75367,97,88,9,9
75368,95,84,11,11
75369,123,115,8,8
75370,107,119,-12,12
75371,117,102,15,15
75372,72,75,-3,3
75373,119,100,19,19
75374,103,91,12,12
75375,129,117,12,12
75376,83,68,15,15
75377,248,230,18,18
75378,93,77,16,16
75379,129,119,10,10
75380,68,67,1,1
75381,117,106,11,11
75382,87,82,5,5
75383,118,105,13,13
75384,98,82,16,16
75385,103,98,5,5
75386,69,63,6,6
75387,110,90,20,20
75388,125,112,13,13
75389,113,103,10,10
75390,112,98,14,14
75391,81,67,14,14
75392,86,79,7,7
75393,148,127,21,21
75394,102,87,15,15
75395,31,31,0,0
75396,64,60,4,4
75397,114,108,6,6
75398,87,79,8,8
75399,127,114,13,13
75400,91,89,2,2
75401,74,60,14,14
75402,175,144,31,31
75403,223,164,59,59
75404,87,67,20,20
75405,67,56,11,11
75406,59,51,8,8
75407,104,83,21,21
75408,64,78,-14,14
75409,149,140,9,9
75410,125,107,18,18
75411,45,40,5,5
75412,93,87,6,6
75413,86,81,5,5
75414,80,64,16,16
75415,73,59,14,14
75416,92,77,15,15
75417,120,124,-4,4
75418,126,106,20,20
75419,73,67,6,6
75420,54,52,2,2
75421,65,57,8,8
75422,100,89,11,11
75423,105,89,16,16
75424,85,71,14,14
75425,100,83,17,17
75426,81,76,5,5
75427,67,59,8,8
75428,174,156,18,18
75429,132,113,19,19
75430,127,91,36,36
75431,96,95,1,1
75432,73,62,11,11
75433,86,73,13,13
75434,73,65,8,8
75435,124,112,12,12
75436,75,67,8,8
75437,49,56,-7,7
75438,99,115,-16,16
75439,55,50,5,5
75440,141,105,36,36
75441,62,61,1,1
75442,75,66,9,9
75443,99,86,13,13
75444,97,85,12,12
75445,104,95,9,9
75446,96,80,16,16
75447,122,108,14,14
75448,101,81,20,20
75449,109,102,7,7
75450,111,101,10,10
75451,99,84,15,15
75452,77,78,-1,1
75453,118,110,8,8
75454,89,81,8,8
75455,75,75,0,0
75456,59,58,1,1
75457,57,55,2,2
75458,99,84,15,15
75459,88,67,21,21
75460,106,90,16,16
75461,101,96,5,5
75462,131,115,16,16
75463,127,117,10,10
75464,65,54,11,11
75465,101,82,19,19
75466,140,121,19,19
75467,122,110,12,12
75468,80,69,11,11
75469,128,126,2,2
75470,85,76,9,9
75471,111,103,8,8
75472,78,80,-2,2
75473,93,81,12,12
75474,42,38,4,4
75475,66,47,19,19
75476,95,90,5,5
75477,90,66,24,24
75478,100,94,6,6
75479,82,72,10,10
75480,67,68,-1,1
75481,105,87,18,18
75482,110,93,17,17
75483,56,53,3,3
75484,37,33,4,4
75485,65,62,3,3
75486,72,60,12,12
75487,106,96,10,10
75488,99,83,16,16
75489,104,90,14,14
75490,87,79,8,8
75491,76,74,2,2
75492,53,38,15,15
75493,57,53,4,4
75494,69,58,11,11
75495,83,70,13,13
75496,56,54,2,2
75497,78,72,6,6
75498,95,92,3,3
75499,78,68,10,10
75500,74,64,10,10
75501,82,94,-12,12
75502,95,82,13,13
75503,85,74,11,11
75504,63,61,2,2
75505,124,112,12,12
75506,67,56,11,11
75507,112,103,9,9
75508,94,86,8,8
75509,69,59,10,10
75510,121,119,2,2
75511,82,76,6,6
75512,111,97,14,14
75513,126,112,14,14
75514,74,58,16,16
75515,81,69,12,12
75516,100,92,8,8
75517,148,126,22,22
75518,88,77,11,11
75519,70,60,10,10
75520,150,125,25,25
75521,88,77,11,11
75522,28,29,-1,1
75523,93,80,13,13
75524,96,93,3,3
75525,90,79,11,11
75526,150,147,3,3
75527,75,69,6,6
75528,93,93,0,0
75529,150,133,17,17
75530,123,91,32,32
75531,133,124,9,9
75532,69,79,-10,10
75533,167,131,36,36
75534,46,32,14,14
75535,92,84,8,8
75536,54,47,7,7
75537,154,127,27,27
75538,45,41,4,4
75539,137,122,15,15
75540,115,97,18,18
75541,99,77,22,22
75542,93,79,14,14
75543,83,69,14,14
75544,115,94,21,21
75545,23,47,-24,24
75546,92,83,9,9
75547,85,82,3,3
75548,80,67,13,13
75549,190,179,11,11
75550,95,80,15,15
75551,153,119,34,34
75552,83,79,4,4
75553,51,48,3,3
75554,85,75,10,10
75555,85,79,6,6
75556,59,61,-2,2
75557,172,144,28,28
75558,53,50,3,3
75559,128,103,25,25
75560,72,66,6,6
75561,130,114,16,16
75562,54,53,1,1
75563,145,107,38,38
75564,94,91,3,3
75565,111,100,11,11
75566,35,37,-2,2
75567,74,69,5,5
75568,85,80,5,5
75569,129,113,16,16
75570,49,50,-1,1
75571,56,58,-2,2
75572,99,85,14,14
75573,79,86,-7,7
75574,129,110,19,19
75575,74,66,8,8
75576,78,77,1,1
75577,70,63,7,7
75578,157,158,-1,1
75579,98,92,6,6
75580,66,62,4,4
75581,75,69,6,6
75582,76,66,10,10
75583,94,92,2,2
75584,100,81,19,19
75585,50,43,7,7
75586,98,87,11,11
75587,96,89,7,7
75588,134,126,8,8
75589,108,88,20,20
75590,212,189,23,23
75591,138,124,14,14
75592,88,75,13,13
75593,12,12,0,0
75594,66,59,7,7
75595,98,79,19,19
75596,110,96,14,14
75597,75,64,11,11
75598,146,136,10,10
75599,176,161,15,15
75600,91,76,15,15
75601,88,80,8,8
75602,51,44,7,7
75603,190,159,31,31
75604,128,111,17,17
75605,74,67,7,7
75606,83,78,5,5
75607,64,50,14,14
75608,127,117,10,10
75609,130,111,19,19
75610,95,78,17,17
75611,66,123,-57,57
75612,46,36,10,10
75613,79,72,7,7
75614,110,92,18,18
75615,116,105,11,11
75616,68,67,1,1
75617,70,76,-6,6
75618,59,63,-4,4
75619,107,83,24,24
75620,77,78,-1,1
75621,97,104,-7,7
75622,160,139,21,21
75623,130,128,2,2
75624,60,53,7,7
75625,104,91,13,13
75626,91,80,11,11
75627,89,90,-1,1
75628,49,45,4,4
75629,155,139,16,16
75630,94,82,12,12
75631,146,133,13,13
75632,87,84,3,3
75633,127,111,16,16
75634,79,77,2,2
75635,93,84,9,9
75636,121,116,5,5
75637,74,61,13,13
75638,113,103,10,10
75639,163,138,25,25
75640,122,104,18,18
75641,118,111,7,7
75642,56,53,3,3
75643,129,107,22,22
75644,128,111,17,17
75645,159,139,20,20
75646,62,62,0,0
75647,108,100,8,8
75648,72,63,9,9
75649,79,75,4,4
75650,166,146,20,20
75651,62,63,-1,1
75652,144,136,8,8
75653,129,110,19,19
75654,72,66,6,6
75655,93,75,18,18
75656,86,83,3,3
75657,126,105,21,21
75658,86,75,11,11
75659,87,78,9,9
75660,183,165,18,18
75661,68,62,6,6
75662,80,68,12,12
75663,63,67,-4,4
75664,61,56,5,5
75665,103,92,11,11
75666,46,44,2,2
75667,107,88,19,19
75668,127,114,13,13
75669,89,77,12,12
75670,104,92,12,12
75671,82,79,3,3
75672,114,107,7,7
75673,82,73,9,9
75674,109,103,6,6
75675,105,93,12,12
75676,67,63,4,4
75677,64,54,10,10
75678,109,95,14,14
75679,50,44,6,6
75680,49,45,4,4
75681,89,81,8,8
75682,163,144,19,19
75683,64,62,2,2
75684,180,150,30,30
75685,73,109,-36,36
75686,155,133,22,22
75687,106,95,11,11
75688,102,87,15,15
75689,142,128,14,14
75690,62,55,7,7
75691,93,88,5,5
75692,125,97,28,28
75693,71,66,5,5
75694,62,65,-3,3
75695,129,114,15,15
75696,109,110,-1,1
75697,174,154,20,20
75698,103,95,8,8
75699,124,103,21,21
75700,74,73,1,1
75701,96,83,13,13
75702,112,97,15,15
75703,78,71,7,7
75704,59,51,8,8
75705,54,49,5,5
75706,86,71,15,15
75707,99,102,-3,3
75708,120,125,-5,5
75709,134,113,21,21
75710,141,116,25,25
75711,99,92,7,7
75712,92,82,10,10
75713,121,112,9,9
75714,74,64,10,10
75715,101,81,20,20
75716,14,87,-73,73
75717,80,65,15,15
75718,88,75,13,13
75719,60,58,2,2
75720,112,101,11,11
75721,153,121,32,32
75722,108,93,15,15
75723,98,88,10,10
75724,78,89,-11,11
75725,115,128,-13,13
75726,71,60,11,11
75727,129,119,10,10
75728,56,53,3,3
75729,68,57,11,11
75730,80,69,11,11
75731,110,109,1,1
75732,86,83,3,3
75733,139,128,11,11
75734,125,109,16,16
75735,73,66,7,7
75736,122,105,17,17
75737,99,89,10,10
75738,78,64,14,14
75739,150,126,24,24
75740,112,87,25,25
75741,95,89,6,6
75742,85,73,12,12
75743,67,60,7,7
75744,91,76,15,15
75745,110,90,20,20
75746,88,64,24,24
75747,115,116,-1,1
75748,78,73,5,5
75749,89,90,-1,1
75750,71,62,9,9
75751,65,54,11,11
75752,67,72,-5,5
75753,144,121,23,23
75754,98,90,8,8
75755,78,66,12,12
75756,130,123,7,7
75757,75,71,4,4
75758,83,70,13,13
75759,72,61,11,11
75760,106,92,14,14
75761,44,39,5,5
75762,108,95,13,13
75763,80,64,16,16
75764,98,93,5,5
75765,97,84,13,13
75766,124,123,1,1
75767,96,80,16,16
75768,71,63,8,8
75769,118,109,9,9
75770,115,100,15,15
75771,88,76,12,12
75772,104,92,12,12
75773,75,61,14,14
75774,115,96,19,19
75775,94,72,22,22
75776,97,90,7,7
75777,71,67,4,4
75778,73,77,-4,4
75779,64,61,3,3
75780,61,58,3,3
75781,46,39,7,7
75782,81,74,7,7
75783,56,53,3,3
75784,99,88,11,11
75785,131,130,1,1
75786,75,76,-1,1
75787,74,61,13,13
75788,111,96,15,15
75789,136,120,16,16
75790,81,68,13,13
75791,50,50,0,0
75792,95,83,12,12
75793,108,111,-3,3
75794,62,96,-34,34
75795,78,70,8,8
75796,92,73,19,19
75797,42,39,3,3
75798,102,96,6,6
75799,104,96,8,8
75800,55,59,-4,4
75801,69,66,3,3
75802,90,83,7,7
75803,63,57,6,6
75804,101,97,4,4
75805,43,40,3,3
75806,69,66,3,3
75807,109,96,13,13
75808,142,133,9,9
75809,140,122,18,18
75810,67,62,5,5
75811,62,56,6,6
75812,114,92,22,22
75813,107,95,12,12
75814,85,95,-10,10
75815,167,150,17,17
75816,163,154,9,9
75817,85,78,7,7
75818,73,71,2,2
75819,109,94,15,15
75820,61,58,3,3
75821,77,73,4,4
75822,207,168,39,39
75823,99,90,9,9
75824,182,153,29,29
75825,99,86,13,13
75826,83,76,7,7
75827,75,71,4,4
75828,139,126,13,13
75829,47,39,8,8
75830,65,72,-7,7
75831,143,103,40,40
75832,73,69,4,4
75833,79,74,5,5
75834,85,69,16,16
75835,88,82,6,6
75836,141,119,22,22
75837,71,85,-14,14
75838,96,83,13,13
75839,153,131,22,22
75840,133,114,19,19
75841,80,76,4,4
75842,171,161,10,10
75843,125,121,4,4
75844,91,76,15,15
75845,61,56,5,5
75846,131,109,22,22
75847,136,107,29,29
75848,58,52,6,6
75849,93,80,13,13
75850,88,79,9,9
75851,68,62,6,6
75852,129,115,14,14
75853,127,103,24,24
75854,98,129,-31,31
75855,87,78,9,9
75856,84,74,10,10
75857,51,68,-17,17
75858,72,62,10,10
75859,144,129,15,15
75860,96,87,9,9
75861,61,51,10,10
75862,86,74,12,12
75863,78,67,11,11
75864,51,52,-1,1
75865,151,135,16,16
75866,109,94,15,15
75867,108,105,3,3
75868,80,68,12,12
75869,67,53,14,14
75870,125,125,0,0
75871,75,65,10,10
75872,176,162,14,14
75873,105,97,8,8
75874,82,78,4,4
75875,146,132,14,14
75876,49,74,-25,25
75877,68,74,-6,6
75878,119,110,9,9
75879,40,35,5,5
75880,118,106,12,12
75881,65,57,8,8
75882,92,88,4,4
75883,69,57,12,12
75884,110,96,14,14
75885,94,81,13,13
75886,152,162,-10,10
75887,118,108,10,10
75888,72,65,7,7
75889,141,120,21,21
75890,43,42,1,1
75891,122,102,20,20
75892,73,64,9,9
75893,92,81,11,11
75894,101,100,1,1
75895,66,58,8,8
75896,70,60,10,10
75897,43,38,5,5
75898,84,67,17,17
75899,83,86,-3,3
75900,71,59,12,12
75901,97,81,16,16
75902,116,101,15,15
75903,107,104,3,3
75904,152,135,17,17
75905,130,136,-6,6
75906,49,41,8,8
75907,111,95,16,16
75908,124,100,24,24
75909,75,66,9,9
75910,112,118,-6,6
75911,111,106,5,5
75912,97,86,11,11
75913,47,35,12,12
75914,114,89,25,25
75915,107,104,3,3
75916,93,82,11,11
75917,107,93,14,14
75918,114,104,10,10
75919,124,118,6,6
75920,133,109,24,24
75921,64,58,6,6
75922,80,75,5,5
75923,155,129,26,26
75924,98,99,-1,1
75925,82,61,21,21
75926,50,44,6,6
75927,64,55,9,9
75928,97,92,5,5
75929,123,102,21,21
75930,46,44,2,2
75931,78,62,16,16
75932,122,109,13,13
75933,181,146,35,35
75934,64,58,6,6
75935,56,51,5,5
75936,72,70,2,2
75937,141,120,21,21
75938,126,109,17,17
75939,71,56,15,15
75940,81,63,18,18
75941,137,114,23,23
75942,91,80,11,11
75943,117,101,16,16
75944,160,142,18,18
75945,101,82,19,19
75946,55,58,-3,3
75947,104,96,8,8
75948,72,66,6,6
75949,165,147,18,18
75950,74,61,13,13
75951,72,65,7,7
75952,138,102,36,36
75953,87,75,12,12
75954,66,57,9,9
75955,78,72,6,6
75956,80,67,13,13
75957,111,104,7,7
75958,132,116,16,16
75959,70,62,8,8
75960,96,84,12,12
75961,127,113,14,14
75962,121,114,7,7
75963,57,46,11,11
75964,203,180,23,23
75965,94,83,11,11
75966,81,88,-7,7
75967,52,46,6,6
75968,150,124,26,26
75969,83,104,-21,21
75970,99,75,24,24
75971,64,54,10,10
75972,79,71,8,8
75973,81,75,6,6
75974,47,45,2,2
75975,54,50,4,4
75976,152,132,20,20
75977,44,43,1,1
75978,87,78,9,9
75979,161,140,21,21
75980,83,72,11,11
75981,75,68,7,7
75982,111,109,2,2
75983,60,49,11,11
75984,98,83,15,15
75985,74,72,2,2
75986,81,67,14,14
75987,113,102,11,11
75988,110,90,20,20
75989,84,73,11,11
75990,57,49,8,8
75991,70,61,9,9
75992,175,144,31,31
75993,95,85,10,10
75994,94,88,6,6
75995,107,93,14,14
75996,75,71,4,4
75997,85,83,2,2
75998,162,131,31,31
75999,93,82,11,11
76000,73,67,6,6
76001,86,78,8,8
76002,179,157,22,22
76003,202,179,23,23
76004,98,92,6,6
76005,85,81,4,4
76006,37,39,-2,2
76007,121,104,17,17
76008,128,105,23,23
76009,87,86,1,1
76010,141,133,8,8
76011,70,58,12,12
76012,151,147,4,4
76013,116,103,13,13
76014,81,66,15,15
76015,81,65,16,16
76016,89,82,7,7
76017,124,94,30,30
76018,94,86,8,8
76019,56,58,-2,2
76020,151,134,17,17
76021,157,135,22,22
76022,70,64,6,6
76023,154,140,14,14
76024,130,116,14,14
76025,121,105,16,16
76026,119,115,4,4
76027,94,88,6,6
76028,62,65,-3,3
76029,99,81,18,18
76030,82,69,13,13
76031,145,132,13,13
76032,107,109,-2,2
76033,107,99,8,8
76034,128,108,20,20
76035,52,46,6,6
76036,103,90,13,13
76037,70,63,7,7
76038,161,147,14,14
76039,74,67,7,7
76040,70,61,9,9
76041,114,93,21,21
76042,150,137,13,13
76043,105,110,-5,5
76044,119,114,5,5
76045,71,68,3,3
76046,102,84,18,18
76047,43,51,-8,8
76048,84,78,6,6
76049,70,65,5,5
76050,82,75,7,7
76051,74,57,17,17
76052,98,83,15,15
76053,55,49,6,6
76054,110,100,10,10
76055,145,138,7,7
76056,80,70,10,10
76057,137,124,13,13
76058,77,78,-1,1
76059,80,64,16,16
76060,73,61,12,12
76061,83,71,12,12
76062,100,81,19,19
76063,85,73,12,12
76064,101,94,7,7
76065,79,73,6,6
76066,89,85,4,4
76067,60,56,4,4
76068,112,88,24,24
76069,173,155,18,18
76070,60,51,9,9
76071,41,37,4,4
76072,57,59,-2,2
76073,88,79,9,9
76074,101,88,13,13
76075,82,65,17,17
76076,100,88,12,12
76077,85,77,8,8
76078,117,92,25,25
76079,83,77,6,6
76080,162,128,34,34
76081,59,50,9,9
76082,127,108,19,19
76083,170,141,29,29
76084,114,97,17,17
76085,111,99,12,12
76086,44,37,7,7
76087,91,86,5,5
76088,76,75,1,1
76089,64,63,1,1
76090,67,58,9,9
76091,135,116,19,19
76092,75,68,7,7
76093,110,95,15,15
76094,84,72,12,12
76095,77,66,11,11
76096,97,89,8,8
76097,85,83,2,2
76098,61,49,12,12
76099,86,78,8,8
76100,75,65,10,10
76101,83,99,-16,16
76102,168,147,21,21
76103,97,87,10,10
76104,64,59,5,5
76105,126,107,19,19
76106,85,78,7,7
76107,111,104,7,7
76108,87,75,12,12
76109,101,102,-1,1
76110,162,102,60,60
76111,143,133,10,10
76112,123,105,18,18
76113,82,69,13,13
76114,101,89,12,12
76115,92,94,-2,2
76116,87,91,-4,4
76117,93,74,19,19
76118,100,97,3,3
76119,92,77,15,15
76120,85,67,18,18
76121,49,43,6,6
76122,79,83,-4,4
76123,58,48,10,10
76124,85,82,3,3
76125,61,52,9,9
76126,140,126,14,14
76127,127,120,7,7
76128,152,135,17,17
76129,67,54,13,13
76130,64,58,6,6
76131,136,124,12,12
76132,74,64,10,10
76133,100,81,19,19
76134,158,126,32,32
76135,80,77,3,3
76136,88,76,12,12
76137,110,105,5,5
76138,74,60,14,14
76139,116,111,5,5
76140,82,66,16,16
76141,117,99,18,18
76142,81,70,11,11
76143,74,67,7,7
76144,104,96,8,8
76145,147,122,25,25
76146,82,68,14,14
76147,50,42,8,8
76148,180,148,32,32
76149,182,171,11,11
76150,63,66,-3,3
76151,190,147,43,43
76152,122,124,-2,2
76153,99,84,15,15
76154,66,61,5,5
76155,53,62,-9,9
76156,63,57,6,6
76157,125,122,3,3
76158,112,92,20,20
76159,85,81,4,4
76160,56,49,7,7
76161,85,76,9,9
76162,70,69,1,1
76163,83,79,4,4
76164,135,120,15,15
76165,57,48,9,9
76166,84,75,9,9
76167,90,92,-2,2
76168,59,58,1,1
76169,77,65,12,12
76170,64,55,9,9
76171,99,90,9,9
76172,109,93,16,16
76173,97,89,8,8
76174,92,77,15,15
76175,87,81,6,6
76176,42,34,8,8
76177,74,71,3,3
76178,162,162,0,0
76179,125,100,25,25
76180,178,167,11,11
76181,98,97,1,1
76182,89,87,2,2
76183,72,58,14,14
76184,78,67,11,11
76185,53,54,-1,1
76186,85,68,17,17
76187,122,106,16,16
76188,101,98,3,3
76189,81,70,11,11
76190,128,81,47,47
76191,98,89,9,9
76192,154,153,1,1
76193,122,115,7,7
76194,63,53,10,10
76195,83,84,-1,1
76196,98,91,7,7
76197,70,62,8,8
76198,89,92,-3,3
76199,111,109,2,2
76200,44,47,-3,3
76201,48,50,-2,2
76202,104,91,13,13
76203,106,95,11,11
76204,148,120,28,28
76205,128,120,8,8
76206,118,106,12,12
76207,105,84,21,21
76208,141,137,4,4
76209,115,94,21,21
76210,161,142,19,19
76211,71,85,-14,14
76212,149,135,14,14
76213,77,68,9,9
76214,117,96,21,21
76215,119,108,11,11
76216,116,96,20,20
76217,88,78,10,10
76218,107,99,8,8
76219,72,73,-1,1
76220,137,139,-2,2
76221,122,114,8,8
76222,126,111,15,15
76223,50,50,0,0
76224,119,93,26,26
76225,79,62,17,17
76226,124,117,7,7
76227,128,119,9,9
76228,132,106,26,26
76229,90,76,14,14
76230,95,86,9,9
76231,97,79,18,18
76232,63,58,5,5
76233,109,95,14,14
76234,133,129,4,4
76235,104,94,10,10
76236,35,59,-24,24
76237,72,68,4,4
76238,65,65,0,0
76239,120,98,22,22
76240,135,142,-7,7
76241,130,109,21,21
76242,137,123,14,14
76243,81,69,12,12
76244,83,75,8,8
76245,51,49,2,2
76246,77,72,5,5
76247,116,98,18,18
76248,72,70,2,2
76249,97,93,4,4
76250,78,63,15,15
76251,63,55,8,8
76252,130,123,7,7
76253,158,139,19,19
76254,75,74,1,1
76255,76,66,10,10
76256,101,89,12,12
76257,44,44,0,0
76258,74,63,11,11
76259,98,80,18,18
76260,134,126,8,8
76261,104,90,14,14
76262,88,79,9,9
76263,179,149,30,30
76264,46,46,0,0
76265,141,129,12,12
76266,91,74,17,17
76267,72,65,7,7
76268,82,71,11,11
76269,73,64,9,9
76270,139,119,20,20
76271,124,108,16,16
76272,100,83,17,17
76273,98,83,15,15
76274,80,71,9,9
76275,97,101,-4,4
76276,62,60,2,2
76277,136,122,14,14
76278,93,77,16,16
76279,104,92,12,12
76280,158,140,18,18
76281,105,88,17,17
76282,82,63,19,19
76283,150,135,15,15
76284,161,137,24,24
76285,68,57,11,11
76286,97,92,5,5
76287,106,91,15,15
76288,75,61,14,14
76289,95,83,12,12
76290,84,76,8,8
76291,144,117,27,27
76292,115,104,11,11
76293,45,45,0,0
76294,99,85,14,14
76295,91,80,11,11
76296,75,58,17,17
76297,134,105,29,29
76298,69,57,12,12
76299,74,66,8,8
76300,53,47,6,6
76301,74,70,4,4
76302,95,85,10,10
76303,54,52,2,2
76304,96,83,13,13
76305,93,84,9,9
76306,108,97,11,11
76307,104,108,-4,4
76308,80,70,10,10
76309,87,72,15,15
76310,98,95,3,3
76311,60,57,3,3
76312,65,63,2,2
76313,75,75,0,0
76314,80,77,3,3
76315,81,81,0,0
76316,123,104,19,19
76317,89,85,4,4
76318,142,125,17,17
76319,64,53,11,11
76320,100,96,4,4
76321,45,49,-4,4
76322,118,99,19,19
76323,73,71,2,2
76324,74,70,4,4
76325,102,97,5,5
76326,66,68,-2,2
76327,120,113,7,7
76328,57,49,8,8
76329,149,122,27,27
76330,131,124,7,7
76331,81,66,15,15
76332,61,54,7,7
76333,89,83,6,6
76334,66,52,14,14
76335,64,60,4,4
76336,76,70,6,6
76337,124,105,19,19
76338,48,48,0,0
76339,68,61,7,7
76340,100,91,9,9
76341,96,86,10,10
76342,50,39,11,11
76343,85,80,5,5
76344,85,76,9,9
76345,61,56,5,5
76346,91,69,22,22
76347,72,63,9,9
76348,129,104,25,25
76349,104,89,15,15
76350,54,58,-4,4
76351,53,48,5,5
76352,105,103,2,2
76353,91,92,-1,1
76354,66,70,-4,4
76355,59,52,7,7
76356,118,104,14,14
76357,109,104,5,5
76358,63,58,5,5
76359,63,49,14,14
76360,68,59,9,9
76361,166,165,1,1
76362,84,75,9,9
76363,66,56,10,10
76364,100,103,-3,3
76365,104,90,14,14
76366,65,55,10,10
76367,57,52,5,5
76368,99,88,11,11
76369,96,102,-6,6
76370,71,61,10,10
76371,57,56,1,1
76372,105,102,3,3
76373,88,74,14,14
76374,54,50,4,4
76375,181,150,31,31
76376,100,88,12,12
76377,103,89,14,14
76378,138,116,22,22
76379,65,63,2,2
76380,71,65,6,6
76381,70,61,9,9
76382,72,61,11,11
76383,66,55,11,11
76384,79,70,9,9
76385,169,156,13,13
76386,129,109,20,20
76387,129,97,32,32
76388,63,54,9,9
76389,92,81,11,11
76390,109,97,12,12
76391,58,53,5,5
76392,108,86,22,22
76393,107,88,19,19
76394,162,143,19,19
76395,57,50,7,7
76396,109,104,5,5
76397,86,78,8,8
76398,91,76,15,15
76399,89,70,19,19
76400,93,86,7,7
76401,70,64,6,6
76402,73,66,7,7
76403,71,61,10,10
76404,59,49,10,10
76405,166,149,17,17
76406,71,56,15,15
76407,71,54,17,17
76408,132,105,27,27
76409,103,100,3,3
76410,114,96,18,18
76411,103,102,1,1
76412,98,86,12,12
76413,92,76,16,16
76414,102,101,1,1
76415,113,105,8,8
76416,130,141,-11,11
76417,56,55,1,1
76418,127,108,19,19
76419,53,61,-8,8
76420,129,112,17,17
76421,93,81,12,12
76422,133,115,18,18
76423,93,79,14,14
76424,92,84,8,8
76425,45,46,-1,1
76426,96,77,19,19
76427,104,113,-9,9
76428,65,59,6,6
76429,114,98,16,16
76430,52,44,8,8
76431,80,76,4,4
76432,135,119,16,16
76433,78,88,-10,10
76434,69,61,8,8
76435,61,52,9,9
76436,75,60,15,15
76437,131,121,10,10
76438,108,106,2,2
76439,96,86,10,10
76440,178,155,23,23
76441,171,158,13,13
76442,81,67,14,14
76443,91,74,17,17
76444,69,66,3,3
76445,146,124,22,22
76446,111,88,23,23
76447,65,56,9,9
76448,86,73,13,13
76449,79,87,-8,8
76450,108,91,17,17
76451,94,85,9,9
76452,107,96,11,11
76453,100,83,17,17
76454,121,100,21,21
76455,144,141,3,3
76456,66,58,8,8
76457,40,37,3,3
76458,99,91,8,8
76459,32,39,-7,7
76460,69,63,6,6
76461,145,131,14,14
76462,76,74,2,2
76463,85,75,10,10
76464,53,51,2,2
76465,27,28,-1,1
76466,55,59,-4,4
76467,41,35,6,6
76468,57,54,3,3
76469,83,57,26,26
76470,77,66,11,11
76471,85,87,-2,2
76472,118,98,20,20
76473,55,49,6,6
76474,62,54,8,8
76475,111,98,13,13
76476,108,93,15,15
76477,89,80,9,9
76478,97,81,16,16
76479,94,89,5,5
76480,61,55,6,6
76481,82,80,2,2
76482,83,80,3,3
76483,140,112,28,28
76484,152,118,34,34
76485,86,70,16,16
76486,33,31,2,2
76487,88,75,13,13
76488,71,60,11,11
76489,97,103,-6,6
76490,81,78,3,3
76491,129,110,19,19
76492,55,49,6,6
76493,122,112,10,10
76494,103,102,1,1
76495,98,84,14,14
76496,89,75,14,14
76497,87,73,14,14
76498,79,74,5,5
76499,98,98,0,0
76500,49,44,5,5
76501,82,73,9,9
76502,120,109,11,11
76503,108,96,12,12
76504,169,143,26,26
76505,161,145,16,16
76506,134,128,6,6
76507,96,87,9,9
76508,56,46,10,10
76509,101,95,6,6
76510,86,85,1,1
76511,82,74,8,8
76512,85,83,2,2
76513,79,69,10,10
76514,78,71,7,7
76515,105,85,20,20
76516,142,126,16,16
76517,65,66,-1,1
76518,57,53,4,4
76519,81,73,8,8
76520,139,102,37,37
76521,84,70,14,14
76522,81,72,9,9
76523,154,123,31,31
76524,147,123,24,24
76525,153,131,22,22
76526,73,68,5,5
76527,141,123,18,18
76528,43,41,2,2
76529,101,88,13,13
76530,42,41,1,1
76531,78,73,5,5
76532,97,99,-2,2
76533,65,62,3,3
76534,58,52,6,6
76535,79,80,-1,1
76536,95,85,10,10
76537,105,108,-3,3
76538,37,36,1,1
76539,82,71,11,11
76540,130,114,16,16
76541,99,99,0,0
76542,125,93,32,32
76543,51,55,-4,4
76544,87,75,12,12
76545,147,140,7,7
76546,61,52,9,9
76547,122,111,11,11
76548,70,69,1,1
76549,81,64,17,17
76550,93,81,12,12
76551,136,121,15,15
76552,61,56,5,5
76553,75,76,-1,1
76554,118,94,24,24
76555,110,103,7,7
76556,153,148,5,5
76557,57,49,8,8
76558,128,106,22,22
76559,118,100,18,18
76560,81,80,1,1
76561,82,71,11,11
76562,126,114,12,12
76563,110,97,13,13
76564,91,85,6,6
76565,106,82,24,24
76566,92,75,17,17
76567,74,70,4,4
76568,119,103,16,16
76569,47,41,6,6
76570,81,79,2,2
76571,101,85,16,16
76572,91,81,10,10
76573,68,61,7,7
76574,119,107,12,12
76575,90,80,10,10
76576,104,96,8,8
76577,80,76,4,4
76578,84,78,6,6
76579,132,110,22,22
76580,32,61,-29,29
76581,139,122,17,17
76582,85,71,14,14
76583,83,69,14,14
76584,55,50,5,5
76585,98,99,-1,1
76586,177,157,20,20
76587,81,75,6,6
76588,90,88,2,2
76589,133,108,25,25
76590,85,60,25,25
76591,58,46,12,12
76592,133,120,13,13
76593,81,69,12,12
76594,149,129,20,20
76595,107,94,13,13
76596,113,88,25,25
76597,108,89,19,19
76598,93,82,11,11
76599,100,80,20,20
76600,66,61,5,5
76601,109,91,18,18
76602,77,79,-2,2
76603,208,164,44,44
76604,79,76,3,3
76605,74,62,12,12
76606,74,65,9,9
76607,131,113,18,18
76608,127,105,22,22
76609,77,68,9,9
76610,100,72,28,28
76611,82,100,-18,18
76612,100,93,7,7
76613,65,62,3,3
76614,97,94,3,3
76615,146,117,29,29
76616,99,78,21,21
76617,117,96,21,21
76618,71,66,5,5
76619,60,46,14,14
76620,75,67,8,8
76621,46,40,6,6
76622,121,95,26,26
76623,55,47,8,8
76624,119,110,9,9
76625,178,156,22,22
76626,131,118,13,13
76627,123,109,14,14
76628,99,91,8,8
76629,164,142,22,22
76630,69,63,6,6
76631,55,49,6,6
76632,148,137,11,11
76633,67,56,11,11
76634,138,126,12,12
76635,115,97,18,18
76636,134,116,18,18
76637,91,89,2,2
76638,94,83,11,11
76639,114,98,16,16
76640,92,81,11,11
76641,98,89,9,9
76642,41,31,10,10
76643,49,48,1,1
76644,59,60,-1,1
76645,90,76,14,14
76646,165,141,24,24
76647,53,49,4,4
76648,67,56,11,11
76649,77,65,12,12
76650,87,74,13,13
76651,65,55,10,10
76652,133,118,15,15
76653,98,84,14,14
76654,103,92,11,11
76655,85,72,13,13
76656,153,132,21,21
76657,85,69,16,16
76658,126,119,7,7
76659,102,104,-2,2
76660,115,100,15,15
76661,78,69,9,9
76662,152,144,8,8
76663,72,65,7,7
76664,65,56,9,9
76665,71,62,9,9
76666,134,125,9,9
76667,104,93,11,11
76668,54,54,0,0
76669,133,112,21,21
76670,99,72,27,27
76671,69,59,10,10
76672,169,155,14,14
76673,94,85,9,9
76674,106,102,4,4
76675,86,78,8,8
76676,107,91,16,16
76677,52,51,1,1
76678,71,67,4,4
76679,87,72,15,15
76680,155,150,5,5
76681,58,54,4,4
76682,144,119,25,25
76683,111,96,15,15
76684,90,79,11,11
76685,74,56,18,18
76686,100,82,18,18
76687,112,97,15,15
76688,117,106,11,11
76689,48,80,-32,32
76690,107,86,21,21
76691,144,132,12,12
76692,86,68,18,18
76693,101,84,17,17
76694,94,85,9,9
76695,129,105,24,24
76696,132,123,9,9
76697,61,54,7,7
76698,103,97,6,6
76699,104,86,18,18
76700,135,106,29,29
76701,76,72,4,4
76702,112,106,6,6
76703,114,85,29,29
76704,69,58,11,11
76705,92,72,20,20
76706,80,74,6,6
76707,139,117,22,22
76708,76,66,10,10
76709,71,59,12,12
76710,100,91,9,9
76711,106,90,16,16
76712,145,126,19,19
76713,76,74,2,2
76714,92,93,-1,1
76715,49,41,8,8
76716,110,95,15,15
76717,92,84,8,8
76718,173,133,40,40
76719,98,90,8,8
76720,175,144,31,31
76721,75,75,0,0
76722,103,83,20,20
76723,111,114,-3,3
76724,215,190,25,25
76725,131,110,21,21
76726,67,66,1,1
76727,127,125,2,2
76728,72,63,9,9
76729,43,61,-18,18
76730,65,60,5,5
76731,69,62,7,7
76732,149,145,4,4
76733,75,59,16,16
76734,81,72,9,9
76735,76,55,21,21
76736,53,56,-3,3
76737,79,81,-2,2
76738,152,132,20,20
76739,97,88,9,9
76740,48,45,3,3
76741,107,101,6,6
76742,118,106,12,12
76743,78,65,13,13
76744,98,76,22,22
76745,121,103,18,18
76746,108,92,16,16
76747,59,51,8,8
76748,95,91,4,4
76749,98,88,10,10
76750,71,63,8,8
76751,76,67,9,9
76752,100,99,1,1
76753,70,58,12,12
76754,71,56,15,15
76755,94,63,31,31
76756,86,81,5,5
76757,102,99,3,3
76758,106,92,14,14
76759,74,73,1,1
76760,49,47,2,2
76761,103,88,15,15
76762,70,66,4,4
76763,168,155,13,13
76764,66,64,2,2
76765,128,120,8,8
76766,110,97,13,13
76767,82,67,15,15
76768,92,74,18,18
76769,187,170,17,17
76770,101,108,-7,7
76771,47,40,7,7
76772,72,61,11,11
76773,77,70,7,7
76774,30,29,1,1
76775,124,115,9,9
76776,218,174,44,44
76777,110,101,9,9
76778,106,98,8,8
76779,133,109,24,24
76780,88,69,19,19
76781,58,52,6,6
76782,184,151,33,33
76783,152,120,32,32
76784,87,83,4,4
76785,167,141,26,26
76786,93,86,7,7
76787,130,100,30,30
76788,96,77,19,19
76789,119,114,5,5
76790,81,74,7,7
76791,52,43,9,9
76792,66,53,13,13
76793,102,98,4,4
76794,76,62,14,14
76795,117,94,23,23
76796,98,84,14,14
76797,81,73,8,8
76798,99,95,4,4
76799,81,65,16,16
76800,64,64,0,0
76801,139,131,8,8
76802,84,77,7,7
76803,68,60,8,8
76804,42,33,9,9
76805,73,59,14,14
76806,158,112,46,46
76807,101,91,10,10
76808,122,106,16,16
76809,76,80,-4,4
76810,129,140,-11,11
76811,99,81,18,18
76812,71,56,15,15
76813,80,72,8,8
76814,141,123,18,18
76815,48,40,8,8
76816,146,125,21,21
76817,83,77,6,6
76818,102,93,9,9
76819,87,78,9,9
76820,83,68,15,15
76821,63,64,-1,1
76822,89,80,9,9
76823,142,120,22,22
76824,90,86,4,4
76825,97,83,14,14
76826,130,112,18,18
76827,88,77,11,11
76828,146,139,7,7
76829,118,96,22,22
76830,124,105,19,19
76831,108,109,-1,1
76832,53,52,1,1
76833,78,71,7,7
76834,54,51,3,3
76835,121,101,20,20
76836,105,104,1,1
76837,47,52,-5,5
76838,58,48,10,10
76839,126,104,22,22
76840,165,137,28,28
76841,118,103,15,15
76842,54,50,4,4
76843,98,87,11,11
76844,39,37,2,2
76845,88,85,3,3
76846,85,79,6,6
76847,92,91,1,1
76848,101,91,10,10
76849,69,71,-2,2
76850,70,57,13,13
76851,57,78,-21,21
76852,89,80,9,9
76853,165,149,16,16
76854,88,77,11,11
76855,142,122,20,20
76856,109,104,5,5
76857,105,94,11,11
76858,94,89,5,5
76859,124,107,17,17
76860,119,103,16,16
76861,41,36,5,5
76862,102,91,11,11
76863,90,65,25,25
76864,126,115,11,11
76865,59,63,-4,4
76866,74,65,9,9
76867,104,98,6,6
76868,101,89,12,12
76869,102,90,12,12
76870,123,113,10,10
76871,90,80,10,10
76872,85,73,12,12
76873,85,84,1,1
76874,57,49,8,8
76875,73,65,8,8
76876,73,71,2,2
76877,106,96,10,10
76878,47,39,8,8
76879,91,86,5,5
76880,93,73,20,20
76881,63,62,1,1
76882,80,68,12,12
76883,71,62,9,9
76884,92,76,16,16
76885,125,109,16,16
76886,82,84,-2,2
76887,97,92,5,5
76888,59,49,10,10
76889,125,122,3,3
76890,115,93,22,22
76891,103,90,13,13
76892,97,87,10,10
76893,89,78,11,11
76894,78,71,7,7
76895,159,134,25,25
76896,117,111,6,6
76897,100,87,13,13
76898,104,93,11,11
76899,97,94,3,3
76900,114,93,21,21
76901,118,116,2,2
76902,99,76,23,23
76903,98,86,12,12
76904,114,110,4,4
76905,99,91,8,8
76906,95,82,13,13
76907,68,66,2,2
76908,119,103,16,16
76909,125,107,18,18
76910,74,69,5,5
76911,97,81,16,16
76912,101,87,14,14
76913,157,141,16,16
76914,141,123,18,18
76915,132,121,11,11
76916,104,96,8,8
76917,85,79,6,6
76918,110,98,12,12
76919,91,86,5,5
76920,53,46,7,7
76921,81,73,8,8
76922,78,72,6,6
76923,79,81,-2,2
76924,73,59,14,14
76925,81,76,5,5
76926,89,77,12,12
76927,78,67,11,11
76928,122,99,23,23
76929,64,62,2,2
76930,52,44,8,8
76931,87,83,4,4
76932,134,123,11,11
76933,104,90,14,14
76934,116,110,6,6
76935,102,95,7,7
76936,160,130,30,30
76937,83,69,14,14
76938,159,153,6,6
76939,130,126,4,4
76940,92,79,13,13
76941,95,78,17,17
76942,179,172,7,7
76943,132,101,31,31
76944,53,46,7,7
76945,100,84,16,16
76946,105,88,17,17
76947,77,70,7,7
76948,115,102,13,13
76949,126,116,10,10
76950,91,83,8,8
76951,79,72,7,7
76952,40,41,-1,1
76953,128,115,13,13
76954,145,135,10,10
76955,153,128,25,25
76956,81,68,13,13
76957,113,109,4,4
76958,138,113,25,25
76959,100,94,6,6
76960,77,61,16,16
76961,71,64,7,7
76962,110,99,11,11
76963,118,104,14,14
76964,137,129,8,8
76965,94,77,17,17
76966,65,57,8,8
76967,52,60,-8,8
76968,74,65,9,9
76969,68,55,13,13
76970,101,94,7,7
76971,104,92,12,12
76972,138,118,20,20
76973,71,60,11,11
76974,140,113,27,27
76975,83,74,9,9
76976,91,81,10,10
76977,125,104,21,21
76978,77,74,3,3
76979,63,54,9,9
76980,116,101,15,15
76981,102,91,11,11
76982,121,115,6,6
76983,116,104,12,12
76984,181,161,20,20
76985,112,111,1,1
76986,151,144,7,7
76987,127,110,17,17
76988,87,79,8,8
76989,123,106,17,17
76990,74,80,-6,6
76991,161,145,16,16
76992,48,42,6,6
76993,207,180,27,27
76994,124,119,5,5
76995,91,89,2,2
76996,104,94,10,10
76997,118,114,4,4
76998,112,101,11,11
76999,70,62,8,8
77000,76,60,16,16
77001,133,115,18,18
77002,79,64,15,15
77003,56,58,-2,2
77004,111,121,-10,10
77005,48,48,0,0
77006,80,62,18,18
77007,144,125,19,19
77008,39,33,6,6
77009,91,82,9,9
77010,97,88,9,9
77011,93,78,15,15
77012,142,117,25,25
77013,116,103,13,13
77014,86,76,10,10
77015,128,123,5,5
77016,101,97,4,4
77017,53,53,0,0
77018,153,137,16,16
77019,69,69,0,0
77020,101,82,19,19
77021,146,137,9,9
77022,107,95,12,12
77023,86,78,8,8
77024,44,44,0,0
77025,64,62,2,2
77026,90,65,25,25
77027,69,63,6,6
77028,78,75,3,3
77029,141,124,17,17
77030,54,45,9,9
77031,61,49,12,12
77032,140,115,25,25
77033,158,117,41,41
77034,96,83,13,13
77035,159,141,18,18
77036,155,118,37,37
77037,152,129,23,23
77038,62,52,10,10
77039,84,69,15,15
77040,197,171,26,26
77041,123,111,12,12
77042,80,73,7,7
77043,25,24,1,1
77044,140,132,8,8
77045,65,63,2,2
77046,67,85,-18,18
77047,62,61,1,1
77048,71,61,10,10
77049,138,128,10,10
77050,73,63,10,10
77051,84,79,5,5
77052,227,184,43,43
77053,97,81,16,16
77054,47,41,6,6
77055,74,72,2,2
77056,75,69,6,6
77057,64,59,5,5
77058,107,96,11,11
77059,60,52,8,8
77060,70,63,7,7
77061,117,90,27,27
77062,110,104,6,6
77063,118,107,11,11
77064,86,78,8,8
77065,61,61,0,0
77066,72,64,8,8
77067,153,129,24,24
77068,92,86,6,6
77069,117,108,9,9
77070,79,68,11,11
77071,111,90,21,21
77072,48,45,3,3
77073,71,57,14,14
77074,100,93,7,7
77075,90,76,14,14
77076,67,61,6,6
77077,111,99,12,12
77078,68,59,9,9
77079,113,95,18,18
77080,78,87,-9,9
77081,94,82,12,12
77082,86,78,8,8
77083,131,122,9,9
77084,142,115,27,27
77085,83,80,3,3
77086,62,69,-7,7
77087,74,58,16,16
77088,143,126,17,17
77089,163,145,18,18
77090,78,66,12,12
77091,42,34,8,8
77092,69,63,6,6
77093,68,60,8,8
77094,132,114,18,18
77095,59,50,9,9
77096,107,95,12,12
77097,107,99,8,8
77098,49,44,5,5
77099,114,102,12,12
77100,87,73,14,14
77101,103,76,27,27
77102,122,104,18,18
77103,114,101,13,13
77104,172,145,27,27
77105,69,64,5,5
77106,57,56,1,1
77107,108,100,8,8
77108,80,87,-7,7
77109,70,65,5,5
77110,126,114,12,12
77111,102,86,16,16
77112,45,43,2,2
77113,72,63,9,9
77114,174,141,33,33
77115,101,94,7,7
77116,53,45,8,8
77117,71,60,11,11
77118,157,153,4,4
77119,139,121,18,18
77120,116,96,20,20
77121,86,71,15,15
77122,96,81,15,15
77123,107,100,7,7
77124,98,100,-2,2
77125,89,84,5,5
77126,117,117,0,0
77127,108,96,12,12
77128,54,47,7,7
77129,116,106,10,10
77130,111,103,8,8
77131,139,130,9,9
77132,74,65,9,9
77133,117,111,6,6
77134,106,103,3,3
77135,158,127,31,31
77136,97,88,9,9
77137,70,56,14,14
77138,106,99,7,7
77139,82,67,15,15
77140,141,114,27,27
77141,132,117,15,15
77142,114,94,20,20
77143,145,123,22,22
77144,56,55,1,1
77145,109,86,23,23
77146,131,108,23,23
77147,154,106,48,48
77148,73,59,14,14
77149,63,60,3,3
77150,134,135,-1,1
77151,91,73,18,18
77152,127,108,19,19
77153,42,41,1,1
77154,101,99,2,2
77155,52,42,10,10
77156,143,131,12,12
77157,92,77,15,15
77158,84,75,9,9
77159,101,100,1,1
77160,117,102,15,15
77161,85,74,11,11
77162,52,50,2,2
77163,74,56,18,18
77164,78,59,19,19
77165,64,53,11,11
77166,90,85,5,5
77167,59,60,-1,1
77168,53,55,-2,2
77169,94,88,6,6
77170,77,67,10,10
77171,108,86,22,22
77172,138,121,17,17
77173,83,78,5,5
77174,150,122,28,28
77175,108,93,15,15
77176,64,57,7,7
77177,101,100,1,1
77178,92,75,17,17
77179,150,124,26,26
77180,133,119,14,14
77181,42,43,-1,1
77182,43,37,6,6
77183,63,56,7,7
77184,82,77,5,5
77185,56,44,12,12
77186,101,102,-1,1
77187,65,72,-7,7
77188,112,99,13,13
77189,50,45,5,5
77190,130,111,19,19
77191,88,89,-1,1
77192,74,64,10,10
77193,129,122,7,7
77194,57,58,-1,1
77195,110,99,11,11
77196,99,92,7,7
77197,77,61,16,16
77198,117,100,17,17
77199,107,88,19,19
77200,62,50,12,12
77201,75,70,5,5
77202,97,92,5,5
77203,54,51,3,3
77204,80,67,13,13
77205,84,76,8,8
77206,52,44,8,8
77207,106,94,12,12
77208,99,104,-5,5
77209,92,76,16,16
77210,53,52,1,1
77211,135,122,13,13
77212,116,90,26,26
77213,96,92,4,4
77214,116,100,16,16
77215,90,77,13,13
77216,187,144,43,43
77217,55,83,-28,28
77218,48,32,16,16
77219,77,75,2,2
77220,74,67,7,7
77221,97,94,3,3
77222,159,137,22,22
77223,127,112,15,15
77224,83,73,10,10
77225,67,59,8,8
77226,103,83,20,20
77227,68,53,15,15
77228,75,62,13,13
77229,88,81,7,7
77230,82,99,-17,17
77231,128,104,24,24
77232,177,150,27,27
77233,140,125,15,15
77234,108,81,27,27
77235,59,48,11,11
77236,97,88,9,9
77237,105,92,13,13
77238,59,54,5,5
77239,74,64,10,10
77240,63,54,9,9
77241,53,44,9,9
77242,67,61,6,6
77243,88,76,12,12
77244,116,105,11,11
77245,141,133,8,8
77246,123,115,8,8
77247,111,98,13,13
77248,89,76,13,13
77249,112,97,15,15
77250,118,109,9,9
77251,51,47,4,4
77252,165,139,26,26
77253,70,70,0,0
77254,92,77,15,15
77255,156,122,34,34
77256,160,126,34,34
77257,64,57,7,7
77258,137,127,10,10
77259,93,80,13,13
77260,124,115,9,9
77261,77,74,3,3
77262,128,115,13,13
77263,79,61,18,18
77264,61,61,0,0
77265,112,94,18,18
77266,45,37,8,8
77267,67,54,13,13
77268,126,114,12,12
77269,92,80,12,12
77270,74,70,4,4
77271,67,66,1,1
77272,105,89,16,16
77273,167,154,13,13
77274,131,113,18,18
77275,84,116,-32,32
77276,110,109,1,1
77277,72,67,5,5
77278,71,107,-36,36
77279,115,109,6,6
77280,159,142,17,17
77281,82,84,-2,2
77282,100,101,-1,1
77283,70,54,16,16
77284,104,97,7,7
77285,49,40,9,9
77286,104,95,9,9
77287,101,97,4,4
77288,66,62,4,4
77289,87,79,8,8
77290,85,86,-1,1
77291,124,122,2,2
77292,121,100,21,21
77293,97,84,13,13
77294,63,53,10,10
77295,93,86,7,7
77296,79,66,13,13
77297,49,42,7,7
77298,95,86,9,9
77299,76,72,4,4
77300,133,118,15,15
77301,66,62,4,4
77302,85,79,6,6
77303,228,237,-9,9
77304,124,121,3,3
77305,90,72,18,18
77306,95,82,13,13
77307,54,52,2,2
77308,82,80,2,2
77309,155,132,23,23
77310,173,151,22,22
77311,171,143,28,28
77312,42,50,-8,8
77313,141,127,14,14
77314,92,77,15,15
77315,94,81,13,13
77316,82,75,7,7
77317,132,114,18,18
77318,124,107,17,17
77319,94,80,14,14
77320,60,57,3,3
77321,58,57,1,1
77322,102,98,4,4
77323,112,99,13,13
77324,121,108,13,13
77325,133,127,6,6
77326,54,59,-5,5
77327,105,100,5,5
77328,82,75,7,7
77329,104,87,17,17
77330,91,75,16,16
77331,103,100,3,3
77332,96,95,1,1
77333,147,147,0,0
77334,95,84,11,11
77335,111,106,5,5
77336,106,99,7,7
77337,59,51,8,8
77338,77,63,14,14
77339,97,76,21,21
77340,73,54,19,19
77341,105,88,17,17
77342,122,105,17,17
77343,55,55,0,0
77344,108,98,10,10
77345,59,51,8,8
77346,124,117,7,7
77347,116,113,3,3
77348,100,86,14,14
77349,76,74,2,2
77350,102,85,17,17
77351,95,96,-1,1
77352,138,117,21,21
77353,119,106,13,13
77354,78,71,7,7
77355,108,100,8,8
77356,34,33,1,1
77357,105,96,9,9
77358,120,106,14,14
77359,91,81,10,10
77360,103,102,1,1
77361,75,69,6,6
77362,176,147,29,29
77363,85,71,14,14
77364,75,67,8,8
77365,103,97,6,6
77366,81,73,8,8
77367,105,102,3,3
77368,50,54,-4,4
77369,118,103,15,15
77370,163,149,14,14
77371,137,115,22,22
77372,167,156,11,11
77373,116,105,11,11
77374,52,45,7,7
77375,115,102,13,13
77376,188,176,12,12
77377,187,158,29,29
77378,84,73,11,11
77379,124,108,16,16
77380,95,83,12,12
77381,79,75,4,4
77382,72,58,14,14
77383,68,60,8,8
77384,116,105,11,11
77385,83,83,0,0
77386,94,81,13,13
77387,63,57,6,6
77388,200,185,15,15
77389,61,56,5,5
77390,148,127,21,21
77391,56,53,3,3
77392,110,95,15,15
77393,94,86,8,8
77394,59,59,0,0
77395,76,62,14,14
77396,67,69,-2,2
77397,102,98,4,4
77398,165,136,29,29
77399,79,71,8,8
77400,74,60,14,14
77401,136,113,23,23
77402,116,96,20,20
77403,95,89,6,6
77404,112,98,14,14
77405,65,63,2,2
77406,43,41,2,2
77407,92,81,11,11
77408,48,45,3,3
77409,75,66,9,9
77410,118,108,10,10
77411,99,84,15,15
77412,101,86,15,15
77413,41,55,-14,14
77414,78,76,2,2
77415,129,105,24,24
77416,109,105,4,4
77417,81,73,8,8
77418,167,144,23,23
77419,55,68,-13,13
77420,202,160,42,42
77421,118,106,12,12
77422,122,113,9,9
77423,67,60,7,7
77424,67,57,10,10
77425,54,49,5,5
77426,54,51,3,3
77427,89,85,4,4
77428,107,94,13,13
77429,94,85,9,9
77430,72,58,14,14
77431,127,117,10,10
77432,84,85,-1,1
77433,64,60,4,4
77434,96,85,11,11
77435,116,100,16,16
77436,127,113,14,14
77437,128,107,21,21
77438,118,119,-1,1
77439,62,57,5,5
77440,73,61,12,12
77441,36,34,2,2
77442,165,130,35,35
77443,100,95,5,5
77444,65,59,6,6
77445,75,72,3,3
77446,75,79,-4,4
77447,97,91,6,6
77448,93,96,-3,3
77449,57,53,4,4
77450,59,53,6,6
77451,85,73,12,12
77452,99,98,1,1
77453,87,80,7,7
77454,102,105,-3,3
77455,75,68,7,7
77456,92,83,9,9
77457,79,80,-1,1
77458,50,49,1,1
77459,48,45,3,3
77460,217,174,43,43
77461,132,108,24,24
77462,101,91,10,10
77463,82,71,11,11
77464,116,108,8,8
77465,112,89,23,23
77466,66,70,-4,4
77467,81,79,2,2
77468,56,50,6,6
77469,97,80,17,17
77470,84,69,15,15
77471,37,34,3,3
77472,74,63,11,11
77473,127,112,15,15
77474,54,51,3,3
77475,80,67,13,13
77476,57,47,10,10
77477,106,73,33,33
77478,91,80,11,11
77479,103,92,11,11
77480,114,91,23,23
77481,131,123,8,8
77482,85,69,16,16
77483,85,79,6,6
77484,93,84,9,9
77485,74,60,14,14
77486,88,81,7,7
77487,52,45,7,7
77488,41,32,9,9
77489,82,72,10,10
77490,112,102,10,10
77491,67,56,11,11
77492,69,68,1,1
77493,150,123,27,27
77494,93,86,7,7
77495,63,54,9,9
77496,95,78,17,17
77497,46,43,3,3
77498,72,65,7,7
77499,77,76,1,1
77500,87,84,3,3
77501,121,115,6,6
77502,149,129,20,20
77503,82,63,19,19
77504,57,47,10,10
77505,127,98,29,29
77506,103,88,15,15
77507,96,86,10,10
77508,82,68,14,14
77509,161,141,20,20
77510,133,118,15,15
77511,73,64,9,9
77512,71,53,18,18
77513,168,156,12,12
77514,137,123,14,14
77515,72,58,14,14
77516,77,75,2,2
77517,114,102,12,12
77518,115,99,16,16
77519,70,55,15,15
77520,78,73,5,5
77521,118,109,9,9
77522,88,77,11,11
77523,81,68,13,13
77524,118,107,11,11
77525,60,50,10,10
77526,98,88,10,10
77527,99,79,20,20
77528,55,47,8,8
77529,100,87,13,13
77530,75,71,4,4
77531,77,63,14,14
77532,139,129,10,10
77533,99,84,15,15
77534,106,97,9,9
77535,92,88,4,4
77536,87,78,9,9
77537,55,55,0,0
77538,89,91,-2,2
77539,106,102,4,4
77540,161,146,15,15
77541,72,67,5,5
77542,119,95,24,24
77543,90,75,15,15
77544,110,97,13,13
77545,51,48,3,3
77546,63,59,4,4
77547,42,41,1,1
77548,85,71,14,14
77549,144,125,19,19
77550,69,67,2,2
77551,43,42,1,1
77552,94,88,6,6
77553,178,174,4,4
77554,80,71,9,9
77555,65,58,7,7
77556,62,57,5,5
77557,62,52,10,10
77558,144,138,6,6
77559,102,89,13,13
77560,104,95,9,9
77561,45,46,-1,1
77562,57,51,6,6
77563,132,97,35,35
77564,105,89,16,16
77565,99,88,11,11
77566,60,63,-3,3
77567,72,65,7,7
77568,122,111,11,11
77569,141,128,13,13
77570,94,82,12,12
77571,89,86,3,3
77572,43,45,-2,2
77573,160,138,22,22
77574,84,65,19,19
77575,84,73,11,11
77576,90,85,5,5
77577,68,62,6,6
77578,189,164,25,25
77579,77,76,1,1
77580,59,57,2,2
77581,139,130,9,9
77582,98,89,9,9
77583,147,124,23,23
77584,158,123,35,35
77585,97,81,16,16
77586,109,101,8,8
77587,112,98,14,14
77588,74,64,10,10
77589,155,131,24,24
77590,75,67,8,8
77591,129,111,18,18
77592,189,168,21,21
77593,98,89,9,9
77594,68,63,5,5
77595,100,90,10,10
77596,136,112,24,24
77597,144,130,14,14
77598,123,114,9,9
77599,60,50,10,10
77600,131,111,20,20
77601,74,73,1,1
77602,148,105,43,43
77603,112,94,18,18
77604,60,55,5,5
77605,89,75,14,14
77606,83,83,0,0
77607,100,84,16,16
77608,70,65,5,5
77609,119,117,2,2
77610,52,54,-2,2
77611,72,66,6,6
77612,127,115,12,12
77613,82,75,7,7
77614,65,54,11,11
77615,75,60,15,15
77616,65,58,7,7
77617,80,91,-11,11
77618,95,105,-10,10
77619,74,72,2,2
77620,107,93,14,14
77621,63,59,4,4
77622,117,103,14,14
77623,83,63,20,20
77624,74,63,11,11
77625,56,45,11,11
77626,143,135,8,8
77627,61,63,-2,2
77628,92,89,3,3
77629,147,147,0,0
77630,68,68,0,0
77631,95,81,14,14
77632,80,77,3,3
77633,129,107,22,22
77634,133,136,-3,3
77635,47,38,9,9
77636,65,50,15,15
77637,85,73,12,12
77638,100,87,13,13
77639,113,100,13,13
77640,104,87,17,17
77641,70,58,12,12
77642,16,21,-5,5
77643,102,87,15,15
77644,125,103,22,22
77645,83,79,4,4
77646,114,91,23,23
77647,150,136,14,14
77648,164,145,19,19
77649,97,87,10,10
77650,71,60,11,11
77651,78,69,9,9
77652,128,111,17,17
77653,111,95,16,16
77654,78,65,13,13
77655,83,73,10,10
77656,84,69,15,15
77657,81,73,8,8
77658,103,100,3,3
77659,91,84,7,7
77660,79,67,12,12
77661,84,75,9,9
77662,143,109,34,34
77663,97,86,11,11
77664,85,77,8,8
77665,120,100,20,20
77666,88,90,-2,2
77667,114,86,28,28
77668,116,98,18,18
77669,72,72,0,0
77670,101,84,17,17
77671,129,113,16,16
77672,119,94,25,25
77673,86,79,7,7
77674,75,72,3,3
77675,76,63,13,13
77676,84,70,14,14
77677,75,69,6,6
77678,124,108,16,16
77679,177,177,0,0
77680,75,66,9,9
77681,117,109,8,8
77682,99,124,-25,25
77683,50,42,8,8
77684,70,70,0,0
77685,115,98,17,17
77686,60,53,7,7
77687,96,80,16,16
77688,142,132,10,10
77689,87,72,15,15
77690,112,103,9,9
77691,116,92,24,24
77692,56,50,6,6
77693,158,146,12,12
77694,188,167,21,21
77695,181,150,31,31
77696,104,80,24,24
77697,159,146,13,13
77698,122,119,3,3
77699,69,66,3,3
77700,105,88,17,17
77701,84,82,2,2
77702,80,70,10,10
77703,62,51,11,11
77704,75,61,14,14
77705,72,71,1,1
77706,86,73,13,13
77707,99,98,1,1
77708,59,53,6,6
77709,104,87,17,17
77710,78,70,8,8
77711,97,90,7,7
77712,129,109,20,20
77713,64,62,2,2
77714,105,90,15,15
77715,93,75,18,18
77716,92,84,8,8
77717,40,30,10,10
77718,98,96,2,2
77719,132,123,9,9
77720,67,67,0,0
77721,51,72,-21,21
77722,81,84,-3,3
77723,142,126,16,16
77724,145,128,17,17
77725,72,58,14,14
77726,102,89,13,13
77727,87,73,14,14
77728,111,99,12,12
77729,80,67,13,13
77730,85,77,8,8
77731,144,120,24,24
77732,66,65,1,1
77733,98,83,15,15
77734,91,83,8,8
77735,61,61,0,0
77736,46,48,-2,2
77737,89,88,1,1
77738,105,86,19,19
77739,102,84,18,18
77740,100,93,7,7
77741,58,57,1,1
77742,116,107,9,9
77743,73,67,6,6
77744,96,86,10,10
77745,89,76,13,13
77746,79,75,4,4
77747,74,67,7,7
77748,100,79,21,21
77749,35,40,-5,5
77750,49,43,6,6
77751,79,70,9,9
77752,102,83,19,19
77753,104,75,29,29
77754,198,160,38,38
77755,136,111,25,25
77756,62,62,0,0
77757,100,89,11,11
77758,89,78,11,11
77759,131,117,14,14
77760,82,72,10,10
77761,157,137,20,20
77762,71,62,9,9
77763,54,46,8,8
77764,115,109,6,6
77765,80,75,5,5
77766,69,61,8,8
77767,80,65,15,15
77768,89,79,10,10
77769,91,79,12,12
77770,171,131,40,40
77771,86,73,13,13
77772,120,109,11,11
77773,72,67,5,5
77774,67,58,9,9
77775,122,129,-7,7
77776,71,62,9,9
77777,119,107,12,12
77778,80,71,9,9
77779,110,92,18,18
77780,47,43,4,4
77781,193,158,35,35
77782,80,68,12,12
77783,52,49,3,3
77784,61,57,4,4
77785,90,72,18,18
77786,85,74,11,11
77787,74,67,7,7
77788,85,79,6,6
77789,125,133,-8,8
77790,150,130,20,20
77791,89,77,12,12
77792,93,82,11,11
77793,131,121,10,10
77794,66,64,2,2
77795,78,66,12,12
77796,151,139,12,12
77797,91,83,8,8
77798,75,74,1,1
77799,39,38,1,1
77800,54,46,8,8
77801,106,91,15,15
77802,128,121,7,7
77803,49,51,-2,2
77804,124,113,11,11
77805,76,68,8,8
77806,89,76,13,13
77807,48,39,9,9
77808,135,139,-4,4
77809,108,100,8,8
77810,113,95,18,18
77811,97,84,13,13
77812,155,143,12,12
77813,154,131,23,23
77814,118,97,21,21
77815,87,69,18,18
77816,56,56,0,0
77817,56,67,-11,11
77818,70,71,-1,1
77819,45,44,1,1
77820,49,61,-12,12
77821,91,72,19,19
77822,76,63,13,13
77823,81,89,-8,8
77824,121,111,10,10
77825,109,95,14,14
77826,72,63,9,9
77827,75,69,6,6
77828,35,39,-4,4
77829,90,85,5,5
77830,132,116,16,16
77831,140,140,0,0
77832,75,73,2,2
77833,76,68,8,8
77834,111,118,-7,7
77835,92,90,2,2
77836,120,126,-6,6
77837,119,103,16,16
77838,78,74,4,4
77839,86,76,10,10
77840,60,58,2,2
77841,158,134,24,24
77842,94,79,15,15
77843,126,107,19,19
77844,112,92,20,20
77845,112,93,19,19
77846,73,67,6,6
77847,94,87,7,7
77848,133,112,21,21
77849,70,51,19,19
77850,83,68,15,15
77851,117,110,7,7
77852,104,95,9,9
77853,109,97,12,12
77854,173,136,37,37
77855,55,59,-4,4
77856,46,43,3,3
77857,36,35,1,1
77858,76,68,8,8
77859,136,117,19,19
77860,102,89,13,13
77861,110,98,12,12
77862,94,80,14,14
77863,80,72,8,8
77864,149,128,21,21
77865,249,216,33,33
77866,150,140,10,10
77867,49,48,1,1
77868,58,49,9,9
77869,54,45,9,9
77870,83,63,20,20
77871,119,98,21,21
77872,58,53,5,5
77873,123,101,22,22
77874,125,104,21,21
77875,115,108,7,7
77876,74,76,-2,2
77877,71,57,14,14
77878,162,130,32,32
77879,96,90,6,6
77880,63,52,11,11
77881,87,82,5,5
77882,74,54,20,20
77883,70,81,-11,11
77884,114,108,6,6
77885,72,60,12,12
77886,58,61,-3,3
77887,117,99,18,18
77888,77,86,-9,9
77889,57,56,1,1
77890,142,125,17,17
77891,57,59,-2,2
77892,77,68,9,9
77893,100,110,-10,10
77894,92,96,-4,4
77895,53,50,3,3
77896,98,82,16,16
77897,96,85,11,11
77898,67,58,9,9
77899,69,64,5,5
77900,108,99,9,9
77901,97,82,15,15
77902,75,62,13,13
77903,97,89,8,8
77904,127,106,21,21
77905,87,74,13,13
77906,86,75,11,11
77907,84,67,17,17
77908,86,76,10,10
77909,88,79,9,9
77910,97,85,12,12
77911,86,78,8,8
77912,79,76,3,3
77913,183,161,22,22
77914,97,88,9,9
77915,136,122,14,14
77916,78,68,10,10
77917,128,116,12,12
77918,116,99,17,17
77919,167,148,19,19
77920,143,138,5,5
77921,72,66,6,6
77922,101,87,14,14
77923,89,80,9,9
77924,63,55,8,8
77925,136,117,19,19
77926,129,114,15,15
77927,77,72,5,5
77928,70,71,-1,1
77929,114,98,16,16
77930,100,103,-3,3
77931,133,117,16,16
77932,130,117,13,13
77933,64,54,10,10
77934,105,93,12,12
77935,171,143,28,28
77936,120,101,19,19
77937,95,85,10,10
77938,72,67,5,5
77939,75,61,14,14
77940,110,90,20,20
77941,119,102,17,17
77942,184,155,29,29
77943,132,122,10,10
77944,128,126,2,2
77945,78,79,-1,1
77946,124,115,9,9
77947,123,117,6,6
77948,105,85,20,20
77949,51,53,-2,2
77950,89,90,-1,1
77951,58,55,3,3
77952,112,95,17,17
77953,97,85,12,12
77954,95,90,5,5
77955,79,72,7,7
77956,85,75,10,10
77957,135,111,24,24
77958,127,118,9,9
77959,95,74,21,21
77960,141,134,7,7
77961,76,70,6,6
77962,63,55,8,8
77963,106,92,14,14
77964,95,79,16,16
77965,91,79,12,12
77966,147,131,16,16
77967,124,103,21,21
77968,88,71,17,17
77969,70,63,7,7
77970,80,82,-2,2
77971,41,36,5,5
77972,59,51,8,8
77973,97,97,0,0
77974,61,55,6,6
77975,148,123,25,25
77976,106,90,16,16
77977,102,104,-2,2
77978,66,56,10,10
77979,75,61,14,14
77980,98,80,18,18
77981,58,45,13,13
77982,59,54,5,5
77983,53,46,7,7
77984,53,65,-12,12
77985,121,96,25,25
77986,101,79,22,22
77987,145,123,22,22
77988,57,53,4,4
77989,74,59,15,15
77990,65,59,6,6
77991,79,79,0,0
77992,117,110,7,7
77993,65,55,10,10
77994,64,60,4,4
77995,81,65,16,16
77996,125,97,28,28
77997,67,61,6,6
77998,69,63,6,6
77999,59,46,13,13
78000,126,108,18,18
78001,106,98,8,8
78002,63,58,5,5
78003,89,87,2,2
78004,120,92,28,28
78005,97,92,5,5
78006,70,61,9,9
78007,116,110,6,6
78008,77,58,19,19
78009,49,44,5,5
78010,71,61,10,10
78011,64,65,-1,1
78012,72,57,15,15
78013,128,99,29,29
78014,98,82,16,16
78015,66,62,4,4
78016,112,105,7,7
78017,51,50,1,1
78018,85,74,11,11
78019,100,82,18,18
78020,92,77,15,15
78021,111,99,12,12
78022,100,107,-7,7
78023,96,86,10,10
78024,166,143,23,23
78025,137,134,3,3
78026,72,65,7,7
78027,115,107,8,8
78028,88,72,16,16
78029,91,85,6,6
78030,103,93,10,10
78031,47,45,2,2
78032,86,86,0,0
78033,136,115,21,21
78034,157,146,11,11
78035,124,113,11,11
78036,137,126,11,11
78037,101,92,9,9
78038,74,60,14,14
78039,85,68,17,17
78040,45,37,8,8
78041,168,145,23,23
78042,115,94,21,21
78043,116,124,-8,8
78044,84,82,2,2
78045,102,91,11,11
78046,59,60,-1,1
78047,106,100,6,6
78048,60,57,3,3
78049,123,107,16,16
78050,85,68,17,17
78051,60,61,-1,1
78052,82,63,19,19
78053,160,135,25,25
78054,82,72,10,10
78055,83,74,9,9
78056,73,69,4,4
78057,113,104,9,9
78058,95,77,18,18
78059,100,84,16,16
78060,40,39,1,1
78061,80,71,9,9
78062,110,96,14,14
78063,144,135,9,9
78064,115,93,22,22
78065,64,68,-4,4
78066,119,100,19,19
78067,102,95,7,7
78068,159,129,30,30
78069,104,88,16,16
78070,91,78,13,13
78071,133,120,13,13
78072,98,84,14,14
78073,96,91,5,5
78074,134,118,16,16
78075,160,139,21,21
78076,59,62,-3,3
78077,74,66,8,8
78078,106,87,19,19
78079,64,54,10,10
78080,90,87,3,3
78081,67,61,6,6
78082,100,91,9,9
78083,68,59,9,9
78084,159,143,16,16
78085,87,78,9,9
78086,123,116,7,7
78087,78,72,6,6
78088,95,79,16,16
78089,56,64,-8,8
78090,102,94,8,8
78091,108,82,26,26
78092,73,61,12,12
78093,111,100,11,11
78094,137,120,17,17
78095,84,76,8,8
78096,89,72,17,17
78097,70,72,-2,2
78098,78,73,5,5
78099,152,142,10,10
78100,81,76,5,5
78101,49,44,5,5
78102,69,64,5,5
78103,102,80,22,22
78104,62,58,4,4
78105,91,80,11,11
78106,72,44,28,28
78107,47,39,8,8
78108,184,147,37,37
78109,103,86,17,17
78110,69,67,2,2
78111,51,54,-3,3
78112,120,120,0,0
78113,105,79,26,26
78114,46,48,-2,2
78115,75,68,7,7
78116,71,63,8,8
78117,45,43,2,2
78118,80,79,1,1
78119,79,79,0,0
78120,78,67,11,11
78121,62,64,-2,2
78122,86,74,12,12
78123,122,116,6,6
78124,101,87,14,14
78125,72,63,9,9
78126,141,128,13,13
78127,69,64,5,5
78128,93,80,13,13
78129,55,46,9,9
78130,121,104,17,17
78131,105,100,5,5
78132,99,79,20,20
78133,195,153,42,42
78134,76,66,10,10
78135,124,106,18,18
78136,100,75,25,25
78137,152,136,16,16
78138,108,94,14,14
78139,49,42,7,7
78140,176,151,25,25
78141,104,175,-71,71
78142,81,57,24,24
78143,97,84,13,13
78144,58,51,7,7
78145,110,93,17,17
78146,55,52,3,3
78147,69,60,9,9
78148,107,122,-15,15
78149,71,63,8,8
78150,88,82,6,6
78151,43,47,-4,4
78152,117,106,11,11
78153,81,58,23,23
78154,75,71,4,4
78155,108,99,9,9
78156,63,57,6,6
78157,74,70,4,4
78158,68,58,10,10
78159,62,55,7,7
78160,52,45,7,7
78161,78,75,3,3
78162,108,107,1,1
78163,188,149,39,39
78164,61,55,6,6
78165,77,68,9,9
78166,97,80,17,17
78167,67,38,29,29
78168,77,93,-16,16
78169,91,83,8,8
78170,69,63,6,6
78171,131,121,10,10
78172,56,49,7,7
78173,49,46,3,3
78174,126,115,11,11
78175,114,101,13,13
78176,90,80,10,10
78177,75,73,2,2
78178,83,70,13,13
78179,92,90,2,2
78180,83,75,8,8
78181,89,71,18,18
78182,85,74,11,11
78183,70,57,13,13
78184,108,92,16,16
78185,71,65,6,6
78186,68,56,12,12
78187,70,64,6,6
78188,107,99,8,8
78189,58,53,5,5
78190,51,43,8,8
78191,55,56,-1,1
78192,161,151,10,10
78193,46,45,1,1
78194,92,82,10,10
78195,154,137,17,17
78196,83,73,10,10
78197,128,114,14,14
78198,73,67,6,6
78199,87,77,10,10
78200,122,101,21,21
78201,108,84,24,24
78202,76,81,-5,5
78203,59,63,-4,4
78204,83,77,6,6
78205,92,85,7,7
78206,96,85,11,11
78207,105,86,19,19
78208,58,57,1,1
78209,81,66,15,15
78210,110,90,20,20
78211,44,47,-3,3
78212,81,74,7,7
78213,63,64,-1,1
78214,78,69,9,9
78215,68,67,1,1
78216,120,113,7,7
78217,181,160,21,21
78218,141,124,17,17
78219,178,148,30,30
78220,64,50,14,14
78221,72,68,4,4
78222,45,34,11,11
78223,143,115,28,28
78224,145,118,27,27
78225,111,99,12,12
78226,86,81,5,5
78227,125,122,3,3
78228,79,71,8,8
78229,67,66,1,1
78230,173,145,28,28
78231,81,76,5,5
78232,88,85,3,3
78233,63,58,5,5
78234,66,81,-15,15
78235,96,84,12,12
78236,100,66,34,34
78237,57,49,8,8
78238,125,102,23,23
78239,156,134,22,22
78240,125,108,17,17
78241,133,124,9,9
78242,66,57,9,9
78243,159,153,6,6
78244,44,46,-2,2
78245,67,57,10,10
78246,105,94,11,11
78247,77,69,8,8
78248,64,62,2,2
78249,62,82,-20,20
78250,69,56,13,13
78251,163,138,25,25
78252,62,52,10,10
78253,50,44,6,6
78254,100,90,10,10
78255,108,93,15,15
78256,70,63,7,7
78257,97,83,14,14
78258,83,68,15,15
78259,137,134,3,3
78260,70,61,9,9
78261,122,91,31,31
78262,79,76,3,3
78263,52,62,-10,10
78264,86,83,3,3
78265,93,75,18,18
78266,93,99,-6,6
78267,62,55,7,7
78268,109,87,22,22
78269,107,99,8,8
78270,83,76,7,7
78271,57,51,6,6
78272,61,59,2,2
78273,43,40,3,3
78274,156,126,30,30
78275,102,86,16,16
78276,56,58,-2,2
78277,199,160,39,39
78278,103,95,8,8
78279,77,70,7,7
78280,147,138,9,9
78281,99,99,0,0
78282,74,100,-26,26
78283,71,61,10,10
78284,142,130,12,12
78285,72,60,12,12
78286,28,4,24,24
78287,99,102,-3,3
78288,145,137,8,8
78289,51,43,8,8
78290,132,128,4,4
78291,102,93,9,9
78292,69,61,8,8
78293,142,131,11,11
78294,52,41,11,11
78295,87,84,3,3
78296,122,114,8,8
78297,93,90,3,3
78298,85,82,3,3
78299,101,87,14,14
78300,88,81,7,7
78301,64,59,5,5
78302,131,117,14,14
78303,91,80,11,11
78304,174,144,30,30
78305,50,42,8,8
78306,78,76,2,2
78307,76,73,3,3
78308,118,104,14,14
78309,56,53,3,3
78310,53,46,7,7
78311,98,92,6,6
78312,119,112,7,7
78313,133,119,14,14
78314,66,57,9,9
78315,117,111,6,6
78316,94,81,13,13
78317,79,74,5,5
78318,114,106,8,8
78319,96,75,21,21
78320,81,77,4,4
78321,83,76,7,7
78322,74,69,5,5
78323,89,76,13,13
78324,73,76,-3,3
78325,160,143,17,17
78326,120,103,17,17
78327,52,43,9,9
78328,127,118,9,9
78329,93,81,12,12
78330,108,107,1,1
78331,95,84,11,11
78332,75,68,7,7
78333,124,96,28,28
78334,90,82,8,8
78335,101,95,6,6
78336,44,42,2,2
78337,113,98,15,15
78338,64,63,1,1
78339,135,119,16,16
78340,147,127,20,20
78341,112,105,7,7
78342,63,59,4,4
78343,91,91,0,0
78344,93,66,27,27
78345,116,103,13,13
78346,124,116,8,8
78347,127,118,9,9
78348,114,111,3,3
78349,137,104,33,33
78350,56,55,1,1
78351,54,49,5,5
78352,78,73,5,5
78353,71,63,8,8
78354,72,68,4,4
78355,67,66,1,1
78356,48,39,9,9
78357,115,124,-9,9
78358,53,46,7,7
78359,95,87,8,8
78360,56,59,-3,3
78361,45,36,9,9
78362,209,181,28,28
78363,85,86,-1,1
78364,80,70,10,10
78365,139,130,9,9
78366,64,56,8,8
78367,83,79,4,4
78368,121,101,20,20
78369,102,98,4,4
78370,94,82,12,12
78371,119,103,16,16
78372,59,57,2,2
78373,61,79,-18,18
78374,74,65,9,9
78375,76,65,11,11
78376,91,83,8,8
78377,132,108,24,24
78378,54,50,4,4
78379,74,68,6,6
78380,96,81,15,15
78381,60,60,0,0
78382,91,85,6,6
78383,102,93,9,9
78384,131,121,10,10
78385,95,80,15,15
78386,35,27,8,8
78387,70,69,1,1
78388,115,93,22,22
78389,63,57,6,6
78390,70,72,-2,2
78391,73,62,11,11
78392,79,72,7,7
78393,114,106,8,8
78394,75,77,-2,2
78395,103,92,11,11
78396,111,96,15,15
78397,110,108,2,2
78398,55,49,6,6
78399,89,86,3,3
78400,53,58,-5,5
78401,114,96,18,18
78402,104,95,9,9
78403,45,40,5,5
78404,122,103,19,19
78405,72,68,4,4
78406,140,121,19,19
78407,132,109,23,23
78408,127,143,-16,16
78409,133,118,15,15
78410,66,57,9,9
78411,99,88,11,11
78412,112,102,10,10
78413,104,79,25,25
78414,143,124,19,19
78415,107,93,14,14
78416,122,108,14,14
78417,166,153,13,13
78418,169,153,16,16
78419,165,157,8,8
78420,147,117,30,30
78421,63,54,9,9
78422,71,73,-2,2
78423,59,50,9,9
78424,127,115,12,12
78425,168,140,28,28
78426,43,41,2,2
78427,103,93,10,10
78428,109,91,18,18
78429,99,94,5,5
78430,71,66,5,5
78431,94,86,8,8
78432,104,93,11,11
78433,96,88,8,8
78434,85,70,15,15
78435,122,96,26,26
78436,85,78,7,7
78437,49,47,2,2
78438,44,54,-10,10
78439,65,54,11,11
78440,78,71,7,7
78441,117,105,12,12
78442,103,88,15,15
78443,106,83,23,23
78444,97,93,4,4
78445,167,166,1,1
78446,50,46,4,4
78447,134,117,17,17
78448,100,99,1,1
78449,81,74,7,7
78450,108,106,2,2
78451,55,50,5,5
78452,82,76,6,6
78453,94,100,-6,6
78454,94,80,14,14
78455,61,55,6,6
78456,141,128,13,13
78457,79,72,7,7
78458,71,71,0,0
78459,48,48,0,0
78460,140,133,7,7
78461,70,64,6,6
78462,63,53,10,10
78463,137,115,22,22
78464,40,35,5,5
78465,103,89,14,14
78466,67,69,-2,2
78467,82,69,13,13
78468,119,112,7,7
78469,131,116,15,15
78470,77,82,-5,5
78471,98,85,13,13
78472,148,145,3,3
78473,91,77,14,14
78474,95,89,6,6
78475,60,50,10,10
78476,72,65,7,7
78477,123,108,15,15
78478,68,60,8,8
78479,124,121,3,3
78480,128,116,12,12
78481,114,105,9,9
78482,90,79,11,11
78483,108,99,9,9
78484,114,96,18,18
78485,33,47,-14,14
78486,95,88,7,7
78487,113,99,14,14
78488,57,51,6,6
78489,71,61,10,10
78490,110,88,22,22
78491,67,62,5,5
78492,59,55,4,4
78493,105,97,8,8
78494,132,109,23,23
78495,93,92,1,1
78496,90,87,3,3
78497,134,114,20,20
78498,32,30,2,2
78499,108,133,-25,25
78500,81,68,13,13
78501,94,84,10,10
78502,116,111,5,5
78503,131,115,16,16
78504,63,62,1,1
78505,96,84,12,12
78506,71,56,15,15
78507,71,56,15,15
78508,79,78,1,1
78509,115,101,14,14
78510,48,55,-7,7
78511,85,71,14,14
78512,113,95,18,18
78513,89,78,11,11
78514,131,113,18,18
78515,91,87,4,4
78516,72,62,10,10
78517,169,145,24,24
78518,133,122,11,11
78519,176,137,39,39
78520,118,115,3,3
78521,71,71,0,0
78522,65,62,3,3
78523,144,112,32,32
78524,72,77,-5,5
78525,70,66,4,4
78526,70,64,6,6
78527,117,96,21,21
78528,97,89,8,8
78529,57,52,5,5
78530,61,74,-13,13
78531,80,70,10,10
78532,92,78,14,14
78533,85,84,1,1
78534,125,100,25,25
78535,90,90,0,0
78536,80,69,11,11
78537,71,68,3,3
78538,149,122,27,27
78539,69,58,11,11
78540,104,89,15,15
78541,95,80,15,15
78542,129,101,28,28
78543,144,112,32,32
78544,61,58,3,3
78545,130,107,23,23
78546,144,122,22,22
78547,39,35,4,4
78548,114,102,12,12
78549,48,44,4,4
78550,94,78,16,16
78551,92,76,16,16
78552,101,81,20,20
78553,79,79,0,0
78554,113,93,20,20
78555,69,69,0,0
78556,41,41,0,0
78557,69,65,4,4
78558,108,96,12,12
78559,66,58,8,8
78560,93,76,17,17
78561,86,72,14,14
78562,79,69,10,10
78563,80,77,3,3
78564,87,76,11,11
78565,179,148,31,31
78566,67,48,19,19
78567,71,69,2,2
78568,86,67,19,19
78569,92,85,7,7
78570,109,104,5,5
78571,45,45,0,0
78572,84,77,7,7
78573,158,143,15,15
78574,92,78,14,14
78575,75,65,10,10
78576,84,76,8,8
78577,65,64,1,1
78578,104,84,20,20
78579,44,40,4,4
78580,198,151,47,47
78581,124,108,16,16
78582,134,109,25,25
78583,122,102,20,20
78584,77,67,10,10
78585,103,91,12,12
78586,98,84,14,14
78587,59,47,12,12
78588,87,68,19,19
78589,74,58,16,16
78590,67,67,0,0
78591,85,74,11,11
78592,79,64,15,15
78593,96,92,4,4
78594,121,110,11,11
78595,98,101,-3,3
78596,145,121,24,24
78597,110,94,16,16
78598,144,132,12,12
78599,85,73,12,12
78600,114,110,4,4
78601,95,82,13,13
78602,51,49,2,2
78603,97,83,14,14
78604,81,61,20,20
78605,81,72,9,9
78606,85,77,8,8
78607,154,142,12,12
78608,125,110,15,15
78609,97,91,6,6
78610,161,134,27,27
78611,144,114,30,30
78612,127,111,16,16
78613,88,76,12,12
78614,180,153,27,27
78615,90,85,5,5
78616,66,65,1,1
78617,95,84,11,11
78618,94,92,2,2
78619,75,70,5,5
78620,65,63,2,2
78621,111,110,1,1
78622,67,59,8,8
78623,86,81,5,5
78624,141,118,23,23
78625,102,86,16,16
78626,142,132,10,10
78627,188,170,18,18
78628,62,48,14,14
78629,104,101,3,3
78630,63,55,8,8
78631,100,83,17,17
78632,148,128,20,20
78633,103,99,4,4
78634,122,119,3,3
78635,69,63,6,6
78636,89,78,11,11
78637,113,87,26,26
78638,135,123,12,12
78639,158,138,20,20
78640,74,58,16,16
78641,54,48,6,6
78642,106,96,10,10
78643,56,77,-21,21
78644,113,98,15,15
78645,95,78,17,17
78646,134,119,15,15
78647,73,65,8,8
78648,51,43,8,8
78649,50,38,12,12
78650,33,32,1,1
78651,130,109,21,21
78652,111,110,1,1
78653,58,49,9,9
78654,103,90,13,13
78655,136,130,6,6
78656,99,87,12,12
78657,99,84,15,15
78658,116,99,17,17
78659,149,125,24,24
78660,69,64,5,5
78661,81,81,0,0
78662,57,48,9,9
78663,85,71,14,14
78664,78,86,-8,8
78665,94,82,12,12
78666,112,92,20,20
78667,141,107,34,34
78668,133,109,24,24
78669,85,87,-2,2
78670,100,97,3,3
78671,62,56,6,6
78672,121,105,16,16
78673,54,52,2,2
78674,154,140,14,14
78675,142,113,29,29
78676,104,103,1,1
78677,103,89,14,14
78678,70,59,11,11
78679,118,106,12,12
78680,115,100,15,15
78681,145,128,17,17
78682,106,99,7,7
78683,114,101,13,13
78684,87,74,13,13
78685,155,125,30,30
78686,142,121,21,21
78687,132,116,16,16
78688,94,82,12,12
78689,142,126,16,16
78690,150,132,18,18
78691,53,49,4,4
78692,94,82,12,12
78693,85,88,-3,3
78694,62,60,2,2
78695,53,44,9,9
78696,81,77,4,4
78697,175,156,19,19
78698,55,46,9,9
78699,72,71,1,1
78700,93,81,12,12
78701,73,72,1,1
78702,47,48,-1,1
78703,67,61,6,6
78704,117,102,15,15
78705,104,95,9,9
78706,76,67,9,9
78707,99,75,24,24
78708,131,113,18,18
78709,84,82,2,2
78710,105,107,-2,2
78711,157,120,37,37
78712,111,107,4,4
78713,91,84,7,7
78714,74,76,-2,2
78715,79,69,10,10
78716,103,86,17,17
78717,119,102,17,17
78718,163,108,55,55
78719,69,63,6,6
78720,112,95,17,17
78721,55,57,-2,2
78722,97,91,6,6
78723,99,79,20,20
78724,58,61,-3,3
78725,125,98,27,27
78726,88,73,15,15
78727,81,69,12,12
78728,158,148,10,10
78729,55,55,0,0
78730,114,111,3,3
78731,95,86,9,9
78732,87,97,-10,10
78733,139,115,24,24
78734,79,67,12,12
78735,75,60,15,15
78736,56,53,3,3
78737,113,120,-7,7
78738,148,126,22,22
78739,160,129,31,31
78740,97,79,18,18
78741,88,79,9,9
78742,89,78,11,11
78743,101,89,12,12
78744,53,50,3,3
78745,97,100,-3,3
78746,67,61,6,6
78747,117,91,26,26
78748,72,59,13,13
78749,40,38,2,2
78750,48,42,6,6
78751,88,74,14,14
78752,95,81,14,14
78753,132,112,20,20
78754,63,55,8,8
78755,95,83,12,12
78756,84,75,9,9
78757,33,34,-1,1
78758,70,64,6,6
78759,154,135,19,19
78760,163,142,21,21
78761,175,149,26,26
78762,92,80,12,12
78763,150,134,16,16
78764,67,62,5,5
78765,127,119,8,8
78766,131,113,18,18
78767,194,164,30,30
78768,113,97,16,16
78769,106,92,14,14
78770,88,73,15,15
78771,75,65,10,10
78772,56,63,-7,7
78773,86,86,0,0
78774,66,55,11,11
78775,171,148,23,23
78776,127,112,15,15
78777,110,98,12,12
78778,93,86,7,7
78779,89,80,9,9
78780,72,72,0,0
78781,98,83,15,15
78782,77,68,9,9
78783,93,83,10,10
78784,112,86,26,26
78785,68,61,7,7
78786,104,100,4,4
78787,78,66,12,12
78788,69,70,-1,1
78789,48,41,7,7
78790,65,65,0,0
78791,109,101,8,8
78792,90,95,-5,5
78793,141,121,20,20
78794,100,95,5,5
78795,133,123,10,10
78796,110,91,19,19
78797,54,47,7,7
78798,71,64,7,7
78799,144,128,16,16
78800,57,58,-1,1
78801,88,81,7,7
78802,107,90,17,17
78803,128,111,17,17
78804,93,87,6,6
78805,136,128,8,8
78806,107,84,23,23
78807,151,129,22,22
78808,114,99,15,15
78809,67,61,6,6
78810,94,84,10,10
78811,90,75,15,15
78812,105,84,21,21
78813,132,109,23,23
78814,90,81,9,9
78815,120,116,4,4
78816,91,88,3,3
78817,155,137,18,18
78818,62,55,7,7
78819,109,92,17,17
78820,100,96,4,4
78821,160,127,33,33
78822,96,85,11,11
78823,104,101,3,3
78824,93,84,9,9
78825,72,65,7,7
78826,59,64,-5,5
78827,74,64,10,10
78828,83,66,17,17
78829,92,72,20,20
78830,100,94,6,6
78831,87,73,14,14
78832,122,113,9,9
78833,78,68,10,10
78834,79,63,16,16
78835,138,114,24,24
78836,158,133,25,25
78837,75,67,8,8
78838,100,85,15,15
78839,134,114,20,20
78840,138,143,-5,5
78841,82,81,1,1
78842,52,43,9,9
78843,74,71,3,3
78844,60,50,10,10
78845,49,37,12,12
78846,45,38,7,7
78847,83,72,11,11
78848,55,54,1,1
78849,74,62,12,12
78850,96,79,17,17
78851,71,66,5,5
78852,73,67,6,6
78853,104,104,0,0
78854,57,48,9,9
78855,79,72,7,7
78856,109,101,8,8
78857,65,52,13,13
78858,129,131,-2,2
78859,75,64,11,11
78860,209,175,34,34
78861,102,82,20,20
78862,102,94,8,8
78863,142,115,27,27
78864,140,108,32,32
78865,44,39,5,5
78866,102,96,6,6
78867,89,70,19,19
78868,86,75,11,11
78869,85,75,10,10
78870,88,73,15,15
78871,77,76,1,1
78872,123,119,4,4
78873,62,68,-6,6
78874,163,144,19,19
78875,114,103,11,11
78876,55,56,-1,1
78877,112,103,9,9
78878,125,111,14,14
78879,123,110,13,13
78880,96,85,11,11
78881,111,92,19,19
78882,136,117,19,19
78883,75,66,9,9
78884,134,125,9,9
78885,77,75,2,2
78886,98,90,8,8
78887,94,81,13,13
78888,77,73,4,4
78889,83,71,12,12
78890,97,81,16,16
78891,82,73,9,9
78892,126,109,17,17
78893,159,144,15,15
78894,100,93,7,7
78895,100,104,-4,4
78896,121,104,17,17
78897,117,91,26,26
78898,81,76,5,5
78899,90,81,9,9
78900,68,59,9,9
78901,110,99,11,11
78902,118,117,1,1
78903,97,83,14,14
78904,81,69,12,12
78905,105,93,12,12
78906,95,79,16,16
78907,66,74,-8,8
78908,109,100,9,9
78909,141,132,9,9
78910,52,38,14,14
78911,80,63,17,17
78912,93,80,13,13
78913,76,65,11,11
78914,111,100,11,11
78915,107,91,16,16
78916,132,109,23,23
78917,100,91,9,9
78918,138,114,24,24
78919,122,104,18,18
78920,105,99,6,6
78921,85,75,10,10
78922,96,73,23,23
78923,60,50,10,10
78924,106,94,12,12
78925,47,53,-6,6
78926,97,84,13,13
78927,36,33,3,3
78928,111,85,26,26
78929,121,117,4,4
78930,85,69,16,16
78931,95,75,20,20
78932,78,70,8,8
78933,113,108,5,5
78934,72,62,10,10
78935,110,106,4,4
78936,38,36,2,2
78937,133,122,11,11
78938,52,68,-16,16
78939,49,45,4,4
78940,57,49,8,8
78941,209,152,57,57
78942,93,90,3,3
78943,62,56,6,6
78944,51,46,5,5
78945,82,93,-11,11
78946,77,67,10,10
78947,165,138,27,27
78948,58,51,7,7
78949,108,92,16,16
78950,43,43,0,0
78951,83,76,7,7
78952,92,81,11,11
78953,127,106,21,21
78954,47,41,6,6
78955,78,67,11,11
78956,62,63,-1,1
78957,136,112,24,24
78958,121,113,8,8
78959,79,73,6,6
78960,83,83,0,0
78961,100,92,8,8
78962,86,90,-4,4
78963,89,82,7,7
78964,74,60,14,14
78965,133,123,10,10
78966,107,93,14,14
78967,89,72,17,17
78968,72,61,11,11
78969,78,75,3,3
78970,52,47,5,5
78971,94,79,15,15
78972,107,95,12,12
78973,61,50,11,11
78974,224,185,39,39
78975,75,60,15,15
78976,53,49,4,4
78977,95,86,9,9
78978,63,53,10,10
78979,133,119,14,14
78980,45,37,8,8
78981,65,56,9,9
78982,93,79,14,14
78983,68,65,3,3
78984,86,78,8,8
78985,116,102,14,14
78986,112,103,9,9
78987,79,65,14,14
78988,83,67,16,16
78989,136,133,3,3
78990,58,53,5,5
78991,98,84,14,14
78992,216,196,20,20
78993,135,121,14,14
78994,87,74,13,13
78995,99,86,13,13
78996,85,75,10,10
78997,57,48,9,9
78998,69,55,14,14
78999,72,64,8,8
79000,42,41,1,1
79001,50,44,6,6
79002,120,105,15,15
79003,43,39,4,4
79004,58,49,9,9
79005,64,65,-1,1
79006,47,42,5,5
79007,118,97,21,21
79008,91,100,-9,9
79009,115,104,11,11
79010,132,121,11,11
79011,124,113,11,11
79012,127,128,-1,1
79013,90,74,16,16
79014,142,131,11,11
79015,72,65,7,7
79016,91,87,4,4
79017,93,87,6,6
79018,159,144,15,15
79019,76,72,4,4
79020,89,85,4,4
79021,127,95,32,32
79022,76,69,7,7
79023,101,85,16,16
79024,95,85,10,10
79025,82,72,10,10
79026,109,97,12,12
79027,108,90,18,18
79028,84,76,8,8
79029,184,165,19,19
79030,77,67,10,10
79031,92,71,21,21
79032,57,55,2,2
79033,104,87,17,17
79034,118,111,7,7
79035,111,97,14,14
79036,78,60,18,18
79037,122,102,20,20
79038,72,63,9,9
79039,106,85,21,21
79040,61,51,10,10
79041,106,99,7,7
79042,122,111,11,11
79043,119,106,13,13
79044,141,112,29,29
79045,114,99,15,15
79046,124,106,18,18
79047,86,71,15,15
79048,43,47,-4,4
79049,177,161,16,16
79050,169,171,-2,2
79051,100,94,6,6
79052,70,65,5,5
79053,80,72,8,8
79054,82,74,8,8
79055,97,81,16,16
79056,112,92,20,20
79057,122,105,17,17
79058,62,56,6,6
79059,146,117,29,29
79060,77,79,-2,2
79061,95,90,5,5
79062,167,136,31,31
79063,62,82,-20,20
79064,112,124,-12,12
79065,56,53,3,3
79066,126,99,27,27
79067,127,101,26,26
79068,221,188,33,33
79069,180,150,30,30
79070,73,58,15,15
79071,53,48,5,5
79072,82,80,2,2
79073,58,48,10,10
79074,78,66,12,12
79075,130,115,15,15
79076,39,31,8,8
79077,93,103,-10,10
79078,87,74,13,13
79079,82,68,14,14
79080,130,117,13,13
79081,74,68,6,6
79082,93,84,9,9
79083,69,69,0,0
79084,57,50,7,7
79085,79,66,13,13
79086,120,104,16,16
79087,91,73,18,18
79088,99,99,0,0
79089,100,85,15,15
79090,93,82,11,11
79091,78,75,3,3
79092,82,77,5,5
79093,242,188,54,54
79094,154,138,16,16
79095,63,56,7,7
79096,52,45,7,7
79097,106,91,15,15
79098,87,93,-6,6
79099,106,100,6,6
79100,36,31,5,5
79101,108,117,-9,9
79102,153,176,-23,23
79103,44,51,-7,7
79104,119,107,12,12
79105,51,48,3,3
79106,156,130,26,26
79107,114,117,-3,3
79108,123,111,12,12
79109,149,127,22,22
79110,90,74,16,16
79111,67,63,4,4
79112,179,156,23,23
79113,123,111,12,12
79114,88,82,6,6
79115,211,186,25,25
79116,149,128,21,21
79117,58,49,9,9
79118,85,74,11,11
79119,94,82,12,12
79120,125,121,4,4
79121,50,50,0,0
79122,78,61,17,17
79123,91,79,12,12
79124,166,151,15,15
79125,89,74,15,15
79126,55,56,-1,1
79127,140,128,12,12
79128,122,112,10,10
79129,92,71,21,21
79130,59,55,4,4
79131,112,111,1,1
79132,97,88,9,9
79133,109,102,7,7
79134,121,133,-12,12
79135,75,70,5,5
79136,80,67,13,13
79137,104,90,14,14
79138,130,119,11,11
79139,148,138,10,10
79140,54,45,9,9
79141,121,101,20,20
79142,65,73,-8,8
79143,51,51,0,0
79144,142,111,31,31
79145,40,35,5,5
79146,58,54,4,4
79147,92,80,12,12
79148,71,64,7,7
79149,96,83,13,13
79150,118,97,21,21
79151,54,51,3,3
79152,91,89,2,2
79153,70,63,7,7
79154,85,72,13,13
79155,47,44,3,3
79156,137,120,17,17
79157,88,89,-1,1
79158,73,66,7,7
79159,99,86,13,13
79160,68,62,6,6
79161,174,162,12,12
79162,119,115,4,4
79163,84,74,10,10
79164,103,109,-6,6
79165,174,158,16,16
79166,98,84,14,14
79167,86,67,19,19
79168,101,95,6,6
79169,88,71,17,17
79170,78,60,18,18
79171,94,82,12,12
79172,131,115,16,16
79173,104,85,19,19
79174,89,82,7,7
79175,104,109,-5,5
79176,43,42,1,1
79177,85,74,11,11
79178,66,60,6,6
79179,108,110,-2,2
79180,89,91,-2,2
79181,54,51,3,3
79182,75,68,7,7
79183,85,85,0,0
79184,94,86,8,8
79185,58,54,4,4
79186,191,161,30,30
79187,63,53,10,10
79188,73,56,17,17
79189,92,83,9,9
79190,125,101,24,24
79191,90,74,16,16
79192,128,116,12,12
79193,38,40,-2,2
79194,84,70,14,14
79195,85,73,12,12
79196,147,128,19,19
79197,54,45,9,9
79198,78,69,9,9
79199,117,96,21,21
79200,78,74,4,4
79201,83,69,14,14
79202,125,137,-12,12
79203,108,97,11,11
79204,94,87,7,7
79205,45,40,5,5
79206,120,109,11,11
79207,86,75,11,11
79208,85,74,11,11
79209,50,44,6,6
79210,89,76,13,13
79211,90,75,15,15
79212,75,67,8,8
79213,110,107,3,3
79214,82,69,13,13
79215,140,128,12,12
79216,102,95,7,7
79217,78,72,6,6
79218,90,83,7,7
79219,49,43,6,6
79220,60,52,8,8
79221,128,131,-3,3
79222,91,86,5,5
79223,94,84,10,10
79224,101,84,17,17
79225,90,78,12,12
79226,115,99,16,16
79227,111,86,25,25
79228,110,108,2,2
79229,64,62,2,2
79230,112,91,21,21
79231,88,83,5,5
79232,108,89,19,19
79233,100,89,11,11
79234,66,59,7,7
79235,142,112,30,30
79236,64,57,7,7
79237,140,124,16,16
79238,124,104,20,20
79239,66,62,4,4
79240,99,85,14,14
79241,78,65,13,13
79242,103,103,0,0
79243,121,105,16,16
79244,96,80,16,16
79245,30,31,-1,1
79246,69,55,14,14
79247,97,82,15,15
79248,81,67,14,14
79249,72,62,10,10
79250,93,76,17,17
79251,84,85,-1,1
79252,84,81,3,3
79253,98,88,10,10
79254,57,66,-9,9
79255,81,75,6,6
79256,88,83,5,5
79257,98,87,11,11
79258,171,150,21,21
79259,76,68,8,8
79260,126,122,4,4
79261,90,80,10,10
79262,91,71,20,20
79263,94,75,19,19
79264,91,76,15,15
79265,122,110,12,12
79266,81,78,3,3
79267,86,93,-7,7
79268,79,73,6,6
79269,76,76,0,0
79270,97,92,5,5
79271,125,131,-6,6
79272,125,117,8,8
79273,62,55,7,7
79274,63,59,4,4
79275,81,76,5,5
79276,115,85,30,30
79277,162,151,11,11
79278,103,87,16,16
79279,64,56,8,8
79280,153,132,21,21
79281,69,72,-3,3
79282,132,111,21,21
79283,76,62,14,14
79284,63,68,-5,5
79285,65,61,4,4
79286,89,81,8,8
79287,165,126,39,39
79288,84,71,13,13
79289,89,72,17,17
79290,130,113,17,17
79291,73,58,15,15
79292,110,109,1,1
79293,157,126,31,31
79294,82,78,4,4
79295,100,88,12,12
79296,128,111,17,17
79297,122,105,17,17
79298,102,91,11,11
79299,102,84,18,18
79300,86,70,16,16
79301,124,112,12,12
79302,157,137,20,20
79303,104,89,15,15
79304,94,86,8,8
79305,59,51,8,8
79306,103,88,15,15
79307,78,65,13,13
79308,73,72,1,1
79309,76,69,7,7
79310,112,116,-4,4
79311,103,98,5,5
79312,159,120,39,39
79313,42,40,2,2
79314,83,71,12,12
79315,108,95,13,13
79316,129,110,19,19
79317,129,118,11,11
79318,145,124,21,21
79319,70,63,7,7
79320,71,62,9,9
79321,60,57,3,3
79322,100,84,16,16
79323,173,155,18,18
79324,156,131,25,25
79325,101,87,14,14
79326,99,90,9,9
79327,130,115,15,15
79328,68,112,-44,44
79329,138,117,21,21
79330,138,130,8,8
79331,126,116,10,10
79332,74,65,9,9
79333,75,65,10,10
79334,79,70,9,9
79335,67,62,5,5
79336,80,107,-27,27
79337,86,69,17,17
79338,57,52,5,5
79339,111,108,3,3
79340,95,85,10,10
79341,85,73,12,12
79342,88,76,12,12
79343,72,65,7,7
79344,22,5,17,17
79345,97,77,20,20
79346,130,107,23,23
79347,55,49,6,6
79348,95,78,17,17
79349,86,77,9,9
79350,53,49,4,4
79351,66,57,9,9
79352,122,122,0,0
79353,130,120,10,10
79354,135,121,14,14
79355,47,41,6,6
79356,65,89,-24,24
79357,46,38,8,8
79358,155,124,31,31
79359,60,57,3,3
79360,75,69,6,6
79361,97,83,14,14
79362,142,110,32,32
79363,57,56,1,1
79364,80,69,11,11
79365,44,36,8,8
79366,107,96,11,11
79367,39,49,-10,10
79368,163,152,11,11
79369,152,150,2,2
79370,119,107,12,12
79371,98,74,24,24
79372,67,62,5,5
79373,61,51,10,10
79374,99,90,9,9
79375,62,55,7,7
79376,68,61,7,7
79377,72,68,4,4
79378,83,78,5,5
79379,103,87,16,16
79380,116,115,1,1
79381,122,115,7,7
79382,88,82,6,6
79383,129,110,19,19
79384,86,73,13,13
79385,82,75,7,7
79386,83,77,6,6
79387,71,72,-1,1
79388,77,68,9,9
79389,100,94,6,6
79390,206,182,24,24
79391,152,160,-8,8
79392,58,50,8,8
79393,141,125,16,16
79394,96,79,17,17
79395,149,123,26,26
79396,80,64,16,16
79397,48,42,6,6
79398,75,68,7,7
79399,95,80,15,15
79400,126,115,11,11
79401,74,67,7,7
79402,95,82,13,13
79403,59,55,4,4
79404,164,141,23,23
79405,95,83,12,12
79406,46,35,11,11
79407,88,78,10,10
79408,135,127,8,8
79409,140,115,25,25
79410,103,93,10,10
79411,69,60,9,9
79412,144,118,26,26
79413,147,124,23,23
79414,105,106,-1,1
79415,154,112,42,42
79416,77,68,9,9
79417,74,70,4,4
79418,132,116,16,16
79419,56,52,4,4
79420,48,43,5,5
79421,77,68,9,9
79422,20,27,-7,7
79423,94,87,7,7
79424,66,62,4,4
79425,72,62,10,10
79426,130,108,22,22
79427,282,234,48,48
79428,139,106,33,33
79429,99,101,-2,2
79430,67,61,6,6
79431,72,67,5,5
79432,96,96,0,0
79433,76,70,6,6
79434,119,102,17,17
79435,93,75,18,18
79436,61,59,2,2
79437,79,65,14,14
79438,107,89,18,18
79439,152,146,6,6
79440,85,68,17,17
79441,62,38,24,24
79442,103,81,22,22
79443,59,51,8,8
79444,109,106,3,3
79445,84,83,1,1
79446,85,65,20,20
79447,77,84,-7,7
79448,182,161,21,21
79449,105,98,7,7
79450,165,150,15,15
79451,101,88,13,13
79452,91,77,14,14
79453,93,80,13,13
79454,105,99,6,6
79455,98,90,8,8
79456,140,130,10,10
79457,150,123,27,27
79458,168,145,23,23
79459,155,134,21,21
79460,75,58,17,17
79461,56,46,10,10
79462,41,45,-4,4
79463,84,72,12,12
79464,46,46,0,0
79465,168,153,15,15
79466,148,129,19,19
79467,92,83,9,9
79468,93,80,13,13
79469,108,90,18,18
79470,52,48,4,4
79471,100,86,14,14
79472,77,75,2,2
79473,95,79,16,16
79474,67,60,7,7
79475,84,66,18,18
79476,107,93,14,14
79477,80,67,13,13
79478,104,92,12,12
79479,86,78,8,8
79480,90,74,16,16
79481,70,68,2,2
79482,125,124,1,1
79483,68,62,6,6
79484,125,111,14,14
79485,133,122,11,11
79486,77,65,12,12
79487,70,65,5,5
79488,182,158,24,24
79489,114,89,25,25
79490,114,102,12,12
79491,183,168,15,15
79492,57,57,0,0
79493,111,102,9,9
79494,49,47,2,2
79495,58,51,7,7
79496,97,95,2,2
79497,141,134,7,7
79498,133,119,14,14
79499,115,93,22,22
79500,142,119,23,23
79501,53,48,5,5
79502,69,56,13,13
79503,152,121,31,31
79504,52,48,4,4
79505,145,130,15,15
79506,90,77,13,13
79507,125,103,22,22
79508,73,55,18,18
79509,72,65,7,7
79510,69,71,-2,2
79511,146,120,26,26
79512,149,137,12,12
79513,79,70,9,9
79514,105,100,5,5
79515,65,55,10,10
79516,139,116,23,23
79517,123,107,16,16
79518,105,68,37,37
79519,40,38,2,2
79520,65,61,4,4
79521,134,117,17,17
79522,123,106,17,17
79523,127,105,22,22
79524,39,58,-19,19
79525,104,103,1,1
79526,48,44,4,4
79527,78,75,3,3
79528,102,88,14,14
79529,72,51,21,21
79530,130,123,7,7
79531,107,97,10,10
79532,90,82,8,8
79533,85,77,8,8
79534,103,93,10,10
79535,118,99,19,19
79536,67,68,-1,1
79537,101,79,22,22
79538,108,92,16,16
79539,134,137,-3,3
79540,83,66,17,17
79541,103,96,7,7
79542,43,48,-5,5
79543,154,129,25,25
79544,137,126,11,11
79545,133,111,22,22
79546,165,128,37,37
79547,68,66,2,2
79548,144,128,16,16
79549,112,105,7,7
79550,96,83,13,13
79551,84,66,18,18
79552,131,102,29,29
79553,95,82,13,13
79554,166,139,27,27
79555,56,56,0,0
79556,112,100,12,12
79557,55,47,8,8
79558,88,78,10,10
79559,81,66,15,15
79560,79,68,11,11
79561,105,97,8,8
79562,52,44,8,8
79563,131,116,15,15
79564,101,94,7,7
79565,98,58,40,40
79566,60,50,10,10
79567,66,60,6,6
79568,85,66,19,19
79569,81,67,14,14
79570,117,114,3,3
79571,61,51,10,10
79572,74,69,5,5
79573,64,61,3,3
79574,61,55,6,6
79575,106,93,13,13
79576,82,75,7,7
79577,68,78,-10,10
79578,100,93,7,7
79579,111,79,32,32
79580,73,70,3,3
79581,110,96,14,14
79582,110,100,10,10
79583,150,133,17,17
79584,119,112,7,7
79585,140,126,14,14
79586,107,86,21,21
79587,31,33,-2,2
79588,111,97,14,14
79589,93,87,6,6
79590,73,67,6,6
79591,75,73,2,2
79592,106,107,-1,1
79593,46,44,2,2
79594,169,149,20,20
79595,128,111,17,17
79596,189,171,18,18
79597,119,108,11,11
79598,61,48,13,13
79599,109,100,9,9
79600,129,105,24,24
79601,118,112,6,6
79602,91,81,10,10
79603,95,86,9,9
79604,106,82,24,24
79605,188,165,23,23
79606,78,65,13,13
79607,59,63,-4,4
79608,66,58,8,8
79609,62,58,4,4
79610,137,118,19,19
79611,82,75,7,7
79612,115,100,15,15
79613,102,88,14,14
79614,50,49,1,1
79615,119,107,12,12
79616,159,150,9,9
79617,146,136,10,10
79618,62,52,10,10
79619,72,59,13,13
79620,82,74,8,8
79621,64,60,4,4
79622,74,68,6,6
79623,104,85,19,19
79624,169,122,47,47
79625,86,80,6,6
79626,178,173,5,5
79627,83,73,10,10
79628,115,101,14,14
79629,124,110,14,14
79630,123,135,-12,12
79631,90,81,9,9
79632,51,45,6,6
79633,99,85,14,14
79634,99,109,-10,10
79635,108,88,20,20
79636,124,101,23,23
79637,144,133,11,11
79638,128,123,5,5
79639,70,64,6,6
79640,74,74,0,0
79641,134,129,5,5
79642,119,113,6,6
79643,41,38,3,3
79644,101,97,4,4
79645,149,129,20,20
79646,121,102,19,19
79647,56,48,8,8
79648,108,96,12,12
79649,72,67,5,5
79650,98,84,14,14
79651,67,58,9,9
79652,69,63,6,6
79653,89,79,10,10
79654,122,119,3,3
79655,75,66,9,9
79656,80,75,5,5
79657,184,168,16,16
79658,80,71,9,9
79659,136,126,10,10
79660,85,75,10,10
79661,86,74,12,12
79662,99,96,3,3
79663,161,155,6,6
79664,106,99,7,7
79665,86,78,8,8
79666,160,140,20,20
79667,140,136,4,4
79668,157,145,12,12
79669,121,108,13,13
79670,61,56,5,5
79671,108,96,12,12
79672,110,97,13,13
79673,101,87,14,14
79674,85,77,8,8
79675,125,111,14,14
79676,67,58,9,9
79677,64,56,8,8
79678,47,53,-6,6
79679,111,107,4,4
79680,45,43,2,2
79681,79,57,22,22
79682,102,86,16,16
79683,99,75,24,24
79684,121,108,13,13
79685,75,74,1,1
79686,172,156,16,16
79687,67,64,3,3
79688,111,93,18,18
79689,119,114,5,5
79690,134,113,21,21
79691,139,120,19,19
79692,67,63,4,4
79693,100,107,-7,7
79694,64,62,2,2
79695,105,92,13,13
79696,106,95,11,11
79697,41,36,5,5
79698,122,105,17,17
79699,96,90,6,6
79700,74,69,5,5
79701,97,84,13,13
79702,106,91,15,15
79703,58,49,9,9
79704,61,54,7,7
79705,72,62,10,10
79706,97,84,13,13
79707,104,96,8,8
79708,90,82,8,8
79709,190,162,28,28
79710,113,109,4,4
79711,72,83,-11,11
79712,102,87,15,15
79713,143,105,38,38
79714,71,63,8,8
79715,80,78,2,2
79716,45,39,6,6
79717,57,55,2,2
79718,109,97,12,12
79719,80,70,10,10
79720,54,56,-2,2
79721,75,71,4,4
79722,80,78,2,2
79723,73,68,5,5
79724,216,179,37,37
79725,73,68,5,5
79726,124,112,12,12
79727,160,118,42,42
79728,140,121,19,19
79729,136,118,18,18
79730,68,56,12,12
79731,91,81,10,10
79732,69,53,16,16
79733,93,93,0,0
79734,103,90,13,13
79735,93,82,11,11
79736,53,47,6,6
79737,116,102,14,14
79738,57,64,-7,7
79739,89,75,14,14
79740,58,49,9,9
79741,136,124,12,12
79742,95,86,9,9
79743,59,55,4,4
79744,169,141,28,28
79745,105,96,9,9
79746,119,91,28,28
79747,89,76,13,13
79748,132,111,21,21
79749,81,64,17,17
79750,52,40,12,12
79751,139,107,32,32
79752,60,57,3,3
79753,128,111,17,17
79754,54,47,7,7
79755,123,115,8,8
79756,99,86,13,13
79757,36,39,-3,3
79758,40,36,4,4
79759,114,103,11,11
79760,89,75,14,14
79761,68,62,6,6
79762,96,74,22,22
79763,120,106,14,14
79764,85,75,10,10
79765,67,57,10,10
79766,90,82,8,8
79767,59,52,7,7
79768,86,68,18,18
79769,187,165,22,22
79770,117,101,16,16
79771,50,50,0,0
79772,90,75,15,15
79773,92,76,16,16
79774,57,55,2,2
79775,55,50,5,5
79776,51,52,-1,1
79777,84,78,6,6
79778,110,102,8,8
79779,52,58,-6,6
79780,56,61,-5,5
79781,82,72,10,10
79782,141,127,14,14
79783,104,92,12,12
79784,113,107,6,6
79785,119,96,23,23
79786,124,109,15,15
79787,79,69,10,10
79788,99,84,15,15
79789,133,110,23,23
79790,53,50,3,3
79791,88,78,10,10
79792,58,49,9,9
79793,90,84,6,6
79794,89,85,4,4
79795,91,91,0,0
79796,110,95,15,15
79797,77,69,8,8
79798,71,66,5,5
79799,77,72,5,5
79800,115,107,8,8
79801,62,65,-3,3
79802,167,153,14,14
79803,105,100,5,5
79804,100,86,14,14
79805,100,97,3,3
79806,111,106,5,5
79807,92,77,15,15
79808,162,149,13,13
79809,109,101,8,8
79810,164,143,21,21
79811,63,50,13,13
79812,67,64,3,3
79813,158,154,4,4
79814,82,74,8,8
79815,65,51,14,14
79816,118,99,19,19
79817,87,83,4,4
79818,159,150,9,9
79819,122,102,20,20
79820,102,93,9,9
79821,63,56,7,7
79822,94,84,10,10
79823,100,93,7,7
79824,87,62,25,25
79825,98,85,13,13
79826,79,62,17,17
79827,104,86,18,18
79828,115,97,18,18
79829,118,122,-4,4
79830,82,70,12,12
79831,130,111,19,19
79832,98,91,7,7
79833,141,131,10,10
79834,197,170,27,27
79835,141,133,8,8
79836,91,81,10,10
79837,80,68,12,12
79838,104,84,20,20
79839,171,151,20,20
79840,292,222,70,70
79841,113,106,7,7
79842,111,94,17,17
79843,116,106,10,10
79844,66,57,9,9
79845,146,131,15,15
79846,62,57,5,5
79847,105,90,15,15
79848,66,58,8,8
79849,59,54,5,5
79850,74,71,3,3
79851,91,74,17,17
79852,117,103,14,14
79853,101,100,1,1
79854,167,160,7,7
79855,69,63,6,6
79856,120,111,9,9
79857,119,101,18,18
79858,130,110,20,20
79859,69,58,11,11
79860,97,95,2,2
79861,76,69,7,7
79862,183,162,21,21
79863,65,64,1,1
79864,155,131,24,24
79865,80,64,16,16
79866,107,99,8,8
79867,46,53,-7,7
79868,95,80,15,15
79869,72,61,11,11
79870,74,70,4,4
79871,73,67,6,6
79872,66,52,14,14
79873,76,68,8,8
79874,75,69,6,6
79875,36,51,-15,15
79876,82,73,9,9
79877,150,130,20,20
79878,88,83,5,5
79879,40,37,3,3
79880,82,76,6,6
79881,166,146,20,20
79882,113,100,13,13
79883,120,112,8,8
79884,136,121,15,15
79885,53,50,3,3
79886,233,205,28,28
79887,78,67,11,11
79888,112,97,15,15
79889,103,104,-1,1
79890,100,86,14,14
79891,86,79,7,7
79892,69,65,4,4
79893,109,97,12,12
79894,105,93,12,12
79895,51,76,-25,25
79896,99,99,0,0
79897,138,133,5,5
79898,42,82,-40,40
79899,87,75,12,12
79900,141,123,18,18
79901,75,77,-2,2
79902,96,84,12,12
79903,56,51,5,5
79904,122,104,18,18
79905,65,61,4,4
79906,113,93,20,20
79907,67,55,12,12
79908,83,73,10,10
79909,91,71,20,20
79910,136,124,12,12
79911,85,71,14,14
79912,66,64,2,2
79913,79,57,22,22
79914,73,65,8,8
79915,106,95,11,11
79916,76,66,10,10
79917,149,125,24,24
79918,38,43,-5,5
79919,108,88,20,20
79920,91,86,5,5
79921,105,92,13,13
79922,85,78,7,7
79923,62,64,-2,2
79924,117,121,-4,4
79925,62,60,2,2
79926,115,93,22,22
79927,85,65,20,20
79928,150,138,12,12
79929,132,120,12,12
79930,74,69,5,5
79931,44,54,-10,10
79932,152,142,10,10
79933,142,134,8,8
79934,106,98,8,8
79935,97,91,6,6
79936,97,80,17,17
79937,53,55,-2,2
79938,116,106,10,10
79939,141,127,14,14
79940,109,100,9,9
79941,90,77,13,13
79942,111,104,7,7
79943,186,173,13,13
79944,133,117,16,16
79945,83,68,15,15
79946,69,69,0,0
79947,73,68,5,5
79948,154,130,24,24
79949,93,95,-2,2
79950,87,77,10,10
79951,126,122,4,4
79952,91,83,8,8
79953,79,71,8,8
79954,82,78,4,4
79955,112,82,30,30
79956,72,57,15,15
79957,179,164,15,15
79958,67,65,2,2
79959,61,70,-9,9
79960,134,108,26,26
79961,129,113,16,16
79962,79,68,11,11
79963,95,87,8,8
79964,147,128,19,19
79965,86,83,3,3
79966,64,60,4,4
79967,73,72,1,1
79968,60,54,6,6
79969,122,114,8,8
79970,91,86,5,5
79971,78,69,9,9
79972,69,71,-2,2
79973,64,73,-9,9
79974,120,106,14,14
79975,101,91,10,10
79976,51,44,7,7
79977,80,73,7,7
79978,100,128,-28,28
79979,104,95,9,9
79980,69,69,0,0
79981,94,83,11,11
79982,110,111,-1,1
79983,157,146,11,11
79984,56,54,2,2
79985,118,109,9,9
79986,29,20,9,9
79987,110,129,-19,19
79988,102,91,11,11
79989,78,69,9,9
79990,116,119,-3,3
79991,129,118,11,11
79992,124,120,4,4
79993,69,74,-5,5
79994,94,83,11,11
79995,105,87,18,18
79996,127,128,-1,1
79997,99,90,9,9
79998,106,87,19,19
79999,45,39,6,6
80000,73,62,11,11
80001,57,44,13,13
80002,71,62,9,9
80003,84,75,9,9
80004,91,80,11,11
80005,93,79,14,14
80006,75,70,5,5
80007,98,79,19,19
80008,76,66,10,10
80009,87,74,13,13
80010,100,95,5,5
80011,101,87,14,14
80012,63,69,-6,6
80013,94,77,17,17
80014,58,53,5,5
80015,77,60,17,17
80016,136,116,20,20
80017,86,79,7,7
80018,109,91,18,18
80019,77,66,11,11
80020,146,126,20,20
80021,128,115,13,13
80022,164,146,18,18
80023,71,66,5,5
80024,147,135,12,12
80025,96,82,14,14
80026,65,58,7,7
80027,95,84,11,11
80028,84,79,5,5
80029,104,90,14,14
80030,75,69,6,6
80031,168,149,19,19
80032,200,168,32,32
80033,153,142,11,11
80034,171,155,16,16
80035,111,109,2,2
80036,65,66,-1,1
80037,85,86,-1,1
80038,98,76,22,22
80039,111,102,9,9
80040,112,100,12,12
80041,113,97,16,16
80042,148,122,26,26
80043,115,102,13,13
80044,63,62,1,1
80045,95,80,15,15
80046,98,89,9,9
80047,117,109,8,8
80048,144,124,20,20
80049,115,113,2,2
80050,124,109,15,15
80051,115,107,8,8
80052,93,89,4,4
80053,83,78,5,5
80054,83,76,7,7
80055,106,92,14,14
80056,104,93,11,11
80057,149,150,-1,1
80058,94,88,6,6
80059,61,54,7,7
80060,63,66,-3,3
80061,98,87,11,11
80062,70,68,2,2
80063,96,90,6,6
80064,89,76,13,13
80065,120,132,-12,12
80066,85,70,15,15
80067,159,123,36,36
80068,144,133,11,11
80069,63,59,4,4
80070,102,89,13,13
80071,119,100,19,19
80072,106,98,8,8
80073,88,67,21,21
80074,54,50,4,4
80075,58,55,3,3
80076,130,103,27,27
80077,168,142,26,26
80078,73,63,10,10
80079,133,125,8,8
80080,98,91,7,7
80081,86,72,14,14
80082,81,75,6,6
80083,83,74,9,9
80084,59,55,4,4
80085,43,41,2,2
80086,80,73,7,7
80087,73,69,4,4
80088,86,77,9,9
80089,89,103,-14,14
80090,77,71,6,6
80091,59,46,13,13
80092,64,86,-22,22
80093,82,68,14,14
80094,47,41,6,6
80095,99,76,23,23
80096,104,93,11,11
80097,62,60,2,2
80098,70,66,4,4
80099,65,61,4,4
80100,79,68,11,11
80101,86,77,9,9
80102,105,95,10,10
80103,91,85,6,6
80104,117,97,20,20
80105,43,40,3,3
80106,171,149,22,22
80107,115,101,14,14
80108,111,105,6,6
80109,73,66,7,7
80110,118,102,16,16
80111,84,72,12,12
80112,96,90,6,6
80113,115,103,12,12
80114,172,158,14,14
80115,138,122,16,16
80116,130,112,18,18
80117,142,125,17,17
80118,92,86,6,6
80119,71,57,14,14
80120,42,38,4,4
80121,93,80,13,13
80122,116,96,20,20
80123,90,70,20,20
80124,74,71,3,3
80125,56,54,2,2
80126,139,112,27,27
80127,76,75,1,1
80128,97,91,6,6
80129,88,85,3,3
80130,70,64,6,6
80131,148,132,16,16
80132,70,61,9,9
80133,112,102,10,10
80134,81,62,19,19
80135,52,48,4,4
80136,95,91,4,4
80137,80,74,6,6
80138,46,46,0,0
80139,50,45,5,5
80140,129,114,15,15
80141,90,80,10,10
80142,132,101,31,31
80143,143,124,19,19
80144,130,137,-7,7
80145,147,126,21,21
80146,103,89,14,14
80147,61,49,12,12
80148,88,82,6,6
80149,158,139,19,19
80150,50,48,2,2
80151,115,101,14,14
80152,86,83,3,3
80153,95,79,16,16
80154,135,131,4,4
80155,84,78,6,6
80156,116,122,-6,6
80157,31,32,-1,1
80158,86,80,6,6
80159,87,70,17,17
80160,99,81,18,18
80161,61,60,1,1
80162,66,54,12,12
80163,99,87,12,12
80164,83,60,23,23
80165,63,55,8,8
80166,85,70,15,15
80167,90,82,8,8
80168,114,101,13,13
80169,77,70,7,7
80170,74,71,3,3
80171,85,78,7,7
80172,49,77,-28,28
80173,29,30,-1,1
80174,77,63,14,14
80175,70,64,6,6
80176,72,71,1,1
80177,67,71,-4,4
80178,73,65,8,8
80179,112,88,24,24
80180,153,148,5,5
80181,120,108,12,12
80182,96,89,7,7
80183,104,91,13,13
80184,74,72,2,2
80185,50,35,15,15
80186,74,65,9,9
80187,91,79,12,12
80188,100,89,11,11
80189,45,49,-4,4
80190,96,91,5,5
80191,57,51,6,6
80192,117,100,17,17
80193,116,102,14,14
80194,117,110,7,7
80195,85,84,1,1
80196,90,84,6,6
80197,120,93,27,27
80198,63,65,-2,2
80199,131,137,-6,6
80200,55,51,4,4
80201,159,150,9,9
80202,95,77,18,18
80203,91,82,9,9
80204,52,48,4,4
80205,73,58,15,15
80206,107,91,16,16
80207,73,68,5,5
80208,144,121,23,23
80209,101,97,4,4
80210,84,71,13,13
80211,72,70,2,2
80212,100,101,-1,1
80213,57,52,5,5
80214,89,74,15,15
80215,85,74,11,11
80216,136,126,10,10
80217,104,98,6,6
80218,180,156,24,24
80219,88,76,12,12
80220,81,80,1,1
80221,98,86,12,12
80222,63,52,11,11
80223,81,82,-1,1
80224,132,128,4,4
80225,139,125,14,14
80226,156,133,23,23
80227,94,84,10,10
80228,113,104,9,9
80229,155,162,-7,7
80230,106,86,20,20
80231,71,62,9,9
80232,98,93,5,5
80233,48,121,-73,73
80234,54,48,6,6
80235,86,73,13,13
80236,103,94,9,9
80237,148,126,22,22
80238,73,59,14,14
80239,135,131,4,4
80240,93,83,10,10
80241,137,127,10,10
80242,82,75,7,7
80243,78,66,12,12
80244,95,89,6,6
80245,74,64,10,10
80246,95,83,12,12
80247,64,59,5,5
80248,100,94,6,6
80249,95,92,3,3
80250,28,37,-9,9
80251,38,36,2,2
80252,92,81,11,11
80253,134,123,11,11
80254,68,62,6,6
80255,117,100,17,17
80256,118,98,20,20
80257,79,65,14,14
80258,61,56,5,5
80259,132,110,22,22
80260,98,96,2,2
80261,70,69,1,1
80262,117,101,16,16
80263,61,49,12,12
80264,69,66,3,3
80265,76,61,15,15
80266,56,55,1,1
80267,108,94,14,14
80268,70,61,9,9
80269,53,47,6,6
80270,94,86,8,8
80271,158,146,12,12
80272,146,133,13,13
80273,94,91,3,3
80274,48,44,4,4
80275,85,80,5,5
80276,117,92,25,25
80277,119,97,22,22
80278,72,68,4,4
80279,103,91,12,12
80280,85,71,14,14
80281,121,100,21,21
80282,66,66,0,0
80283,177,173,4,4
80284,85,74,11,11
80285,151,146,5,5
80286,57,49,8,8
80287,83,65,18,18
80288,68,57,11,11
80289,118,108,10,10
80290,70,59,11,11
80291,30,34,-4,4
80292,94,90,4,4
80293,68,64,4,4
80294,153,145,8,8
80295,81,70,11,11
80296,106,96,10,10
80297,93,77,16,16
80298,152,142,10,10
80299,117,108,9,9
80300,121,104,17,17
80301,104,97,7,7
80302,130,108,22,22
80303,113,98,15,15
80304,108,90,18,18
80305,110,90,20,20
80306,76,79,-3,3
80307,119,105,14,14
80308,79,64,15,15
80309,96,86,10,10
80310,74,77,-3,3
80311,71,59,12,12
80312,79,63,16,16
80313,62,57,5,5
80314,67,62,5,5
80315,149,119,30,30
80316,70,66,4,4
80317,87,77,10,10
80318,302,253,49,49
80319,51,48,3,3
80320,73,62,11,11
80321,47,43,4,4
80322,138,112,26,26
80323,155,136,19,19
80324,67,65,2,2
80325,118,112,6,6
80326,73,70,3,3
80327,67,64,3,3
80328,43,49,-6,6
80329,101,99,2,2
80330,89,74,15,15
80331,67,63,4,4
80332,148,138,10,10
80333,131,114,17,17
80334,73,59,14,14
80335,135,126,9,9
80336,71,70,1,1
80337,71,63,8,8
80338,108,86,22,22
80339,131,110,21,21
80340,115,121,-6,6
80341,56,54,2,2
80342,84,73,11,11
80343,92,88,4,4
80344,38,31,7,7
80345,134,110,24,24
80346,75,66,9,9
80347,124,102,22,22
80348,126,112,14,14
80349,103,106,-3,3
80350,57,44,13,13
80351,82,82,0,0
80352,113,102,11,11
80353,103,100,3,3
80354,119,93,26,26
80355,259,261,-2,2
80356,87,76,11,11
80357,180,138,42,42
80358,84,81,3,3
80359,110,107,3,3
80360,116,98,18,18
80361,114,104,10,10
80362,124,126,-2,2
80363,92,74,18,18
80364,86,81,5,5
80365,85,77,8,8
80366,65,58,7,7
80367,73,64,9,9
80368,72,67,5,5
80369,108,97,11,11
80370,47,42,5,5
80371,96,88,8,8
80372,66,62,4,4
80373,70,70,0,0
80374,134,116,18,18
80375,47,38,9,9
80376,50,48,2,2
80377,69,66,3,3
80378,82,74,8,8
80379,103,88,15,15
80380,79,71,8,8
80381,82,74,8,8
80382,77,77,0,0
80383,77,74,3,3
80384,99,89,10,10
80385,99,91,8,8
80386,156,152,4,4
80387,82,65,17,17
80388,123,104,19,19
80389,75,62,13,13
80390,47,43,4,4
80391,32,34,-2,2
80392,72,70,2,2
80393,92,83,9,9
80394,128,95,33,33
80395,100,93,7,7
80396,78,78,0,0
80397,141,120,21,21
80398,361,284,77,77
80399,142,121,21,21
80400,28,46,-18,18
80401,53,47,6,6
80402,80,72,8,8
80403,81,74,7,7
80404,181,144,37,37
80405,55,56,-1,1
80406,81,69,12,12
80407,58,54,4,4
80408,28,24,4,4
80409,76,74,2,2
80410,77,73,4,4
80411,125,110,15,15
80412,89,88,1,1
80413,91,84,7,7
80414,103,97,6,6
80415,97,88,9,9
80416,90,70,20,20
80417,69,61,8,8
80418,140,130,10,10
80419,59,49,10,10
80420,140,122,18,18
80421,119,113,6,6
80422,86,83,3,3
80423,71,65,6,6
80424,179,161,18,18
80425,119,91,28,28
80426,115,95,20,20
80427,61,64,-3,3
80428,160,151,9,9
80429,127,117,10,10
80430,186,175,11,11
80431,95,92,3,3
80432,73,71,2,2
80433,86,71,15,15
80434,64,63,1,1
80435,164,148,16,16
80436,80,72,8,8
80437,107,111,-4,4
80438,138,119,19,19
80439,95,84,11,11
80440,161,139,22,22
80441,81,67,14,14
80442,118,105,13,13
80443,102,89,13,13
80444,79,71,8,8
80445,83,73,10,10
80446,96,75,21,21
80447,99,92,7,7
80448,101,86,15,15
80449,73,62,11,11
80450,151,129,22,22
80451,86,82,4,4
80452,107,91,16,16
80453,102,84,18,18
80454,87,75,12,12
80455,110,96,14,14
80456,75,74,1,1
80457,68,79,-11,11
80458,88,83,5,5
80459,84,70,14,14
80460,81,69,12,12
80461,78,70,8,8
80462,73,64,9,9
80463,103,85,18,18
80464,175,151,24,24
80465,122,108,14,14
80466,106,91,15,15
80467,53,44,9,9
80468,120,106,14,14
80469,135,126,9,9
80470,96,85,11,11
80471,69,61,8,8
80472,86,77,9,9
80473,94,91,3,3
80474,46,43,3,3
80475,93,81,12,12
80476,111,104,7,7
80477,54,49,5,5
80478,63,53,10,10
80479,59,58,1,1
80480,61,57,4,4
80481,68,64,4,4
80482,140,111,29,29
80483,79,64,15,15
80484,148,138,10,10
80485,114,102,12,12
80486,77,74,3,3
80487,95,74,21,21
80488,53,48,5,5
80489,102,98,4,4
80490,150,138,12,12
80491,142,112,30,30
80492,123,117,6,6
80493,85,73,12,12
80494,86,72,14,14
80495,106,87,19,19
80496,123,107,16,16
80497,99,88,11,11
80498,78,61,17,17
80499,74,65,9,9
80500,83,70,13,13
80501,68,84,-16,16
80502,100,97,3,3
80503,71,57,14,14
80504,85,65,20,20
80505,105,91,14,14
80506,132,117,15,15
80507,109,88,21,21
80508,95,81,14,14
80509,101,87,14,14
80510,49,49,0,0
80511,37,35,2,2
80512,80,78,2,2
80513,66,48,18,18
80514,70,63,7,7
80515,93,77,16,16
80516,54,51,3,3
80517,99,96,3,3
80518,100,88,12,12
80519,143,128,15,15
80520,67,57,10,10
80521,69,61,8,8
80522,72,80,-8,8
80523,88,83,5,5
80524,116,84,32,32
80525,103,93,10,10
80526,129,119,10,10
80527,112,102,10,10
80528,47,41,6,6
80529,80,67,13,13
80530,87,74,13,13
80531,102,96,6,6
80532,111,103,8,8
80533,113,102,11,11
80534,85,70,15,15
80535,57,54,3,3
80536,110,92,18,18
80537,91,82,9,9
80538,127,111,16,16
80539,71,56,15,15
80540,110,91,19,19
80541,143,131,12,12
80542,90,85,5,5
80543,122,102,20,20
80544,124,101,23,23
80545,53,47,6,6
80546,77,74,3,3
80547,35,36,-1,1
80548,63,67,-4,4
80549,115,97,18,18
80550,128,113,15,15
80551,99,89,10,10
80552,90,89,1,1
80553,80,68,12,12
80554,98,85,13,13
80555,95,83,12,12
80556,138,127,11,11
80557,84,72,12,12
80558,129,123,6,6
80559,101,83,18,18
80560,109,86,23,23
80561,142,131,11,11
80562,72,48,24,24
80563,110,98,12,12
80564,52,42,10,10
80565,66,75,-9,9
80566,69,63,6,6
80567,79,65,14,14
80568,69,59,10,10
80569,97,84,13,13
80570,96,81,15,15
80571,105,89,16,16
80572,144,128,16,16
80573,129,109,20,20
80574,75,72,3,3
80575,111,93,18,18
80576,149,126,23,23
80577,110,96,14,14
80578,73,63,10,10
80579,58,55,3,3
80580,47,41,6,6
80581,82,79,3,3
80582,70,61,9,9
80583,124,96,28,28
80584,78,69,9,9
80585,136,115,21,21
80586,147,139,8,8
80587,84,90,-6,6
80588,121,107,14,14
80589,63,54,9,9
80590,94,82,12,12
80591,125,114,11,11
80592,82,82,0,0
80593,158,131,27,27
80594,67,63,4,4
80595,61,61,0,0
80596,119,109,10,10
80597,65,62,3,3
80598,86,79,7,7
80599,98,75,23,23
80600,143,131,12,12
80601,105,96,9,9
80602,113,120,-7,7
80603,77,64,13,13
80604,107,103,4,4
80605,58,55,3,3
80606,145,131,14,14
80607,52,61,-9,9
80608,109,91,18,18
80609,71,63,8,8
80610,64,63,1,1
80611,129,108,21,21
80612,83,80,3,3
80613,40,49,-9,9
80614,102,102,0,0
80615,65,55,10,10
80616,100,79,21,21
80617,131,114,17,17
80618,90,79,11,11
80619,92,86,6,6
80620,67,68,-1,1
80621,121,105,16,16
80622,126,103,23,23
80623,93,85,8,8
80624,157,141,16,16
80625,89,78,11,11
80626,53,56,-3,3
80627,96,80,16,16
80628,111,91,20,20
80629,121,106,15,15
80630,67,70,-3,3
80631,59,52,7,7
80632,88,80,8,8
80633,71,74,-3,3
80634,57,50,7,7
80635,118,97,21,21
80636,78,64,14,14
80637,118,102,16,16
80638,85,74,11,11
80639,102,94,8,8
80640,69,65,4,4
80641,179,168,11,11
80642,94,97,-3,3
80643,100,89,11,11
80644,91,74,17,17
80645,139,134,5,5
80646,77,72,5,5
80647,64,58,6,6
80648,64,58,6,6
80649,137,126,11,11
80650,113,100,13,13
80651,93,76,17,17
80652,100,94,6,6
80653,88,78,10,10
80654,87,74,13,13
80655,144,127,17,17
80656,41,44,-3,3
80657,51,49,2,2
80658,78,65,13,13
80659,72,61,11,11
80660,66,57,9,9
80661,58,57,1,1
80662,123,113,10,10
80663,90,74,16,16
80664,56,45,11,11
80665,98,78,20,20
80666,91,82,9,9
80667,126,106,20,20
80668,68,43,25,25
80669,117,95,22,22
80670,46,41,5,5
80671,71,65,6,6
80672,111,97,14,14
80673,89,76,13,13
80674,58,56,2,2
80675,104,91,13,13
80676,110,92,18,18
80677,101,89,12,12
80678,203,210,-7,7
80679,90,85,5,5
80680,82,69,13,13
80681,133,111,22,22
80682,67,59,8,8
80683,75,67,8,8
80684,90,72,18,18
80685,91,71,20,20
80686,91,84,7,7
80687,67,62,5,5
80688,122,106,16,16
80689,59,53,6,6
80690,40,41,-1,1
80691,104,87,17,17
80692,118,108,10,10
80693,92,75,17,17
80694,157,152,5,5
80695,65,59,6,6
80696,60,58,2,2
80697,100,87,13,13
80698,31,34,-3,3
80699,94,78,16,16
80700,45,41,4,4
80701,109,90,19,19
80702,85,75,10,10
80703,86,83,3,3
80704,185,155,30,30
80705,97,85,12,12
80706,69,53,16,16
80707,194,174,20,20
80708,63,70,-7,7
80709,141,131,10,10
80710,87,66,21,21
80711,131,118,13,13
80712,152,128,24,24
80713,96,84,12,12
80714,111,98,13,13
80715,92,74,18,18
80716,108,92,16,16
80717,83,73,10,10
80718,52,48,4,4
80719,103,91,12,12
80720,189,167,22,22
80721,80,60,20,20
80722,149,128,21,21
80723,146,127,19,19
80724,66,56,10,10
80725,38,38,0,0
80726,124,118,6,6
80727,55,51,4,4
80728,141,107,34,34
80729,83,104,-21,21
80730,144,140,4,4
80731,127,116,11,11
80732,80,66,14,14
80733,125,107,18,18
80734,115,102,13,13
80735,79,70,9,9
80736,73,64,9,9
80737,92,68,24,24
80738,84,79,5,5
80739,103,94,9,9
80740,104,101,3,3
80741,101,92,9,9
80742,92,84,8,8
80743,169,146,23,23
80744,53,50,3,3
80745,114,93,21,21
80746,138,127,11,11
80747,86,73,13,13
80748,85,76,9,9
80749,147,133,14,14
80750,58,56,2,2
80751,128,112,16,16
80752,65,64,1,1
80753,89,78,11,11
80754,95,86,9,9
80755,84,72,12,12
80756,115,95,20,20
80757,142,121,21,21
80758,120,104,16,16
80759,102,92,10,10
80760,121,132,-11,11
80761,48,46,2,2
80762,127,87,40,40
80763,76,64,12,12
80764,133,119,14,14
80765,108,92,16,16
80766,67,56,11,11
80767,33,31,2,2
80768,148,120,28,28
80769,115,88,27,27
80770,68,87,-19,19
80771,132,129,3,3
80772,167,144,23,23
80773,145,141,4,4
80774,126,117,9,9
80775,72,61,11,11
80776,108,102,6,6
80777,75,70,5,5
80778,66,65,1,1
80779,72,64,8,8
80780,99,84,15,15
80781,67,58,9,9
80782,113,103,10,10
80783,108,90,18,18
80784,94,80,14,14
80785,57,55,2,2
80786,97,79,18,18
80787,64,59,5,5
80788,127,114,13,13
80789,90,77,13,13
80790,185,167,18,18
80791,110,89,21,21
80792,59,56,3,3
80793,119,98,21,21
80794,88,89,-1,1
80795,196,165,31,31
80796,95,88,7,7
80797,69,69,0,0
80798,159,152,7,7
80799,66,72,-6,6
80800,100,79,21,21
80801,90,90,0,0
80802,71,62,9,9
80803,63,59,4,4
80804,104,84,20,20
80805,64,62,2,2
80806,67,67,0,0
80807,71,66,5,5
80808,155,133,22,22
80809,89,70,19,19
80810,128,115,13,13
80811,95,90,5,5
80812,51,47,4,4
80813,118,103,15,15
80814,102,89,13,13
80815,124,112,12,12
80816,68,61,7,7
80817,50,47,3,3
80818,86,80,6,6
80819,89,82,7,7
80820,113,91,22,22
80821,126,110,16,16
80822,64,67,-3,3
80823,120,111,9,9
80824,62,54,8,8
80825,73,76,-3,3
80826,145,133,12,12
80827,63,58,5,5
80828,80,78,2,2
80829,82,75,7,7
80830,41,32,9,9
80831,93,86,7,7
80832,107,93,14,14
80833,60,53,7,7
80834,93,80,13,13
80835,97,87,10,10
80836,90,78,12,12
80837,111,107,4,4
80838,57,51,6,6
80839,75,66,9,9
80840,54,54,0,0
80841,55,62,-7,7
80842,84,81,3,3
80843,95,84,11,11
80844,101,81,20,20
80845,91,81,10,10
80846,65,56,9,9
80847,59,54,5,5
80848,112,99,13,13
80849,164,149,15,15
80850,61,58,3,3
80851,75,67,8,8
80852,149,128,21,21
80853,152,125,27,27
80854,65,60,5,5
80855,90,76,14,14
80856,96,90,6,6
80857,105,91,14,14
80858,75,70,5,5
80859,61,53,8,8
80860,102,90,12,12
80861,96,80,16,16
80862,96,75,21,21
80863,89,77,12,12
80864,100,88,12,12
80865,96,79,17,17
80866,57,55,2,2
80867,67,67,0,0
80868,148,133,15,15
80869,108,94,14,14
80870,50,47,3,3
80871,151,131,20,20
80872,72,72,0,0
80873,55,52,3,3
80874,166,131,35,35
80875,75,70,5,5
80876,154,122,32,32
80877,71,67,4,4
80878,77,67,10,10
80879,72,58,14,14
80880,79,75,4,4
80881,166,141,25,25
80882,72,67,5,5
80883,91,79,12,12
80884,80,76,4,4
80885,111,79,32,32
80886,81,81,0,0
80887,74,69,5,5
80888,129,112,17,17
80889,120,104,16,16
80890,79,70,9,9
80891,95,79,16,16
80892,82,76,6,6
80893,124,102,22,22
80894,73,62,11,11
80895,328,448,-120,120
80896,95,80,15,15
80897,90,73,17,17
80898,105,94,11,11
80899,131,116,15,15
80900,96,82,14,14
80901,64,50,14,14
80902,129,97,32,32
80903,84,69,15,15
80904,126,107,19,19
80905,132,118,14,14
80906,108,94,14,14
80907,74,64,10,10
80908,122,108,14,14
80909,96,98,-2,2
80910,172,167,5,5
80911,150,134,16,16
80912,82,73,9,9
80913,119,110,9,9
80914,42,38,4,4
80915,125,97,28,28
80916,47,38,9,9
80917,78,64,14,14
80918,51,50,1,1
80919,56,58,-2,2
80920,100,95,5,5
80921,105,89,16,16
80922,241,182,59,59
80923,148,132,16,16
80924,49,44,5,5
80925,116,103,13,13
80926,45,34,11,11
80927,89,73,16,16
80928,83,79,4,4
80929,106,98,8,8
80930,84,84,0,0
80931,82,70,12,12
80932,69,63,6,6
80933,87,78,9,9
80934,85,93,-8,8
80935,75,60,15,15
80936,142,132,10,10
80937,84,75,9,9
80938,112,90,22,22
80939,74,68,6,6
80940,82,77,5,5
80941,96,89,7,7
80942,106,93,13,13
80943,41,43,-2,2
80944,70,56,14,14
80945,62,59,3,3
80946,108,98,10,10
80947,115,93,22,22
80948,79,66,13,13
80949,101,90,11,11
80950,73,62,11,11
80951,69,62,7,7
80952,42,36,6,6
80953,130,116,14,14
80954,74,59,15,15
80955,69,61,8,8
80956,112,95,17,17
80957,95,88,7,7
80958,56,54,2,2
80959,98,84,14,14
80960,93,87,6,6
80961,93,80,13,13
80962,99,95,4,4
80963,137,115,22,22
80964,127,117,10,10
80965,82,72,10,10
80966,58,64,-6,6
80967,83,65,18,18
80968,130,109,21,21
80969,99,77,22,22
80970,134,123,11,11
80971,134,114,20,20
80972,73,62,11,11
80973,98,98,0,0
80974,56,50,6,6
80975,106,99,7,7
80976,157,133,24,24
80977,70,61,9,9
80978,105,91,14,14
80979,108,104,4,4
80980,65,60,5,5
80981,82,72,10,10
80982,75,71,4,4
80983,88,81,7,7
80984,79,74,5,5
80985,85,80,5,5
80986,98,85,13,13
80987,70,60,10,10
80988,132,127,5,5
80989,121,99,22,22
80990,120,123,-3,3
80991,131,110,21,21
80992,100,97,3,3
80993,103,89,14,14
80994,89,77,12,12
80995,87,78,9,9
80996,63,59,4,4
80997,101,81,20,20
80998,80,66,14,14
80999,60,52,8,8
81000,53,48,5,5
81001,147,121,26,26
81002,83,77,6,6
81003,91,81,10,10
81004,120,102,18,18
81005,79,70,9,9
81006,66,53,13,13
81007,126,94,32,32
81008,155,126,29,29
81009,73,67,6,6
81010,75,63,12,12
81011,110,98,12,12
81012,87,78,9,9
81013,92,79,13,13
81014,133,122,11,11
81015,100,83,17,17
81016,89,79,10,10
81017,73,68,5,5
81018,56,49,7,7
81019,117,96,21,21
81020,77,47,30,30
81021,58,49,9,9
81022,132,119,13,13
81023,149,117,32,32
81024,60,49,11,11
81025,88,74,14,14
81026,118,100,18,18
81027,71,66,5,5
81028,158,142,16,16
81029,143,118,25,25
81030,63,59,4,4
81031,49,52,-3,3
81032,111,96,15,15
81033,121,110,11,11
81034,97,79,18,18
81035,116,102,14,14
81036,58,50,8,8
81037,66,51,15,15
81038,63,52,11,11
81039,54,41,13,13
81040,83,76,7,7
81041,66,62,4,4
81042,48,45,3,3
81043,69,67,2,2
81044,39,56,-17,17
81045,158,118,40,40
81046,48,46,2,2
81047,63,51,12,12
81048,93,90,3,3
81049,87,74,13,13
81050,64,36,28,28
81051,148,110,38,38
81052,58,54,4,4
81053,51,48,3,3
81054,53,51,2,2
81055,138,127,11,11
81056,75,68,7,7
81057,94,86,8,8
81058,49,51,-2,2
81059,132,126,6,6
81060,98,86,12,12
81061,97,94,3,3
81062,100,79,21,21
81063,107,92,15,15
81064,65,51,14,14
81065,67,59,8,8
81066,54,50,4,4
81067,123,110,13,13
81068,133,110,23,23
81069,105,115,-10,10
81070,91,85,6,6
81071,121,104,17,17
81072,81,81,0,0
81073,59,60,-1,1
81074,154,124,30,30
81075,85,75,10,10
81076,80,84,-4,4
81077,181,152,29,29
81078,112,96,16,16
81079,80,72,8,8
81080,140,116,24,24
81081,92,71,21,21
81082,87,67,20,20
81083,62,57,5,5
81084,136,113,23,23
81085,74,66,8,8
81086,74,63,11,11
81087,45,40,5,5
81088,87,78,9,9
81089,81,71,10,10
81090,37,32,5,5
81091,73,64,9,9
81092,81,72,9,9
81093,119,108,11,11
81094,139,126,13,13
81095,106,97,9,9
81096,105,95,10,10
81097,129,118,11,11
81098,97,90,7,7
81099,94,104,-10,10
81100,89,100,-11,11
81101,84,74,10,10
81102,182,146,36,36
81103,44,40,4,4
81104,98,81,17,17
81105,83,70,13,13
81106,159,136,23,23
81107,61,55,6,6
81108,145,111,34,34
81109,113,122,-9,9
81110,74,68,6,6
81111,44,31,13,13
81112,70,70,0,0
81113,87,98,-11,11
81114,156,136,20,20
81115,78,68,10,10
81116,99,84,15,15
81117,120,102,18,18
81118,100,104,-4,4
81119,90,74,16,16
81120,90,84,6,6
81121,126,115,11,11
81122,59,44,15,15
81123,82,74,8,8
81124,71,67,4,4
81125,87,72,15,15
81126,72,73,-1,1
81127,112,91,21,21
81128,65,57,8,8
81129,68,64,4,4
81130,62,59,3,3
81131,130,118,12,12
81132,60,55,5,5
81133,100,96,4,4
81134,48,44,4,4
81135,97,85,12,12
81136,85,73,12,12
81137,143,111,32,32
81138,112,99,13,13
81139,70,64,6,6
81140,107,112,-5,5
81141,103,89,14,14
81142,79,65,14,14
81143,65,51,14,14
81144,74,62,12,12
81145,62,57,5,5
81146,146,130,16,16
81147,138,124,14,14
81148,109,97,12,12
81149,57,50,7,7
81150,81,77,4,4
81151,100,87,13,13
81152,55,57,-2,2
81153,71,71,0,0
81154,137,114,23,23
81155,173,155,18,18
81156,53,50,3,3
81157,69,60,9,9
81158,115,90,25,25
81159,71,68,3,3
81160,129,113,16,16
81161,142,119,23,23
81162,48,43,5,5
81163,77,68,9,9
81164,81,82,-1,1
81165,103,89,14,14
81166,75,66,9,9
81167,86,73,13,13
81168,105,98,7,7
81169,61,50,11,11
81170,109,89,20,20
81171,98,85,13,13
81172,153,141,12,12
81173,50,52,-2,2
81174,178,152,26,26
81175,85,73,12,12
81176,118,105,13,13
81177,94,78,16,16
81178,116,88,28,28
81179,92,79,13,13
81180,96,82,14,14
81181,44,40,4,4
81182,96,84,12,12
81183,146,114,32,32
81184,90,68,22,22
81185,86,75,11,11
81186,112,106,6,6
81187,102,99,3,3
81188,47,41,6,6
81189,107,87,20,20
81190,52,60,-8,8
81191,122,110,12,12
81192,84,68,16,16
81193,76,68,8,8
81194,72,66,6,6
81195,181,159,22,22
81196,71,66,5,5
81197,92,88,4,4
81198,152,135,17,17
81199,133,117,16,16
81200,97,90,7,7
81201,135,124,11,11
81202,75,71,4,4
81203,99,94,5,5
81204,92,106,-14,14
81205,113,110,3,3
81206,65,56,9,9
81207,100,95,5,5
81208,124,116,8,8
81209,82,73,9,9
81210,111,105,6,6
81211,101,91,10,10
81212,60,56,4,4
81213,141,117,24,24
81214,69,61,8,8
81215,141,131,10,10
81216,111,87,24,24
81217,169,152,17,17
81218,126,112,14,14
81219,75,74,1,1
81220,120,100,20,20
81221,141,131,10,10
81222,104,106,-2,2
81223,48,48,0,0
81224,93,82,11,11
81225,140,120,20,20
81226,97,77,20,20
81227,110,93,17,17
81228,45,39,6,6
81229,92,83,9,9
81230,87,69,18,18
81231,90,73,17,17
81232,68,66,2,2
81233,64,61,3,3
81234,59,48,11,11
81235,135,122,13,13
81236,52,49,3,3
81237,121,120,1,1
81238,78,76,2,2
81239,97,79,18,18
81240,64,78,-14,14
81241,113,102,11,11
81242,83,72,11,11
81243,79,65,14,14
81244,77,72,5,5
81245,56,56,0,0
81246,156,140,16,16
81247,134,117,17,17
81248,66,60,6,6
81249,113,103,10,10
81250,89,76,13,13
81251,95,93,2,2
81252,98,89,9,9
81253,137,132,5,5
81254,113,94,19,19
81255,173,147,26,26
81256,122,107,15,15
81257,92,80,12,12
81258,142,122,20,20
81259,82,67,15,15
81260,42,39,3,3
81261,116,122,-6,6
81262,89,81,8,8
81263,140,126,14,14
81264,130,93,37,37
81265,80,71,9,9
81266,113,107,6,6
81267,60,53,7,7
81268,143,159,-16,16
81269,86,72,14,14
81270,126,108,18,18
81271,75,63,12,12
81272,120,104,16,16
81273,125,104,21,21
81274,195,169,26,26
81275,71,62,9,9
81276,131,112,19,19
81277,111,101,10,10
81278,89,86,3,3
81279,93,81,12,12
81280,80,71,9,9
81281,80,62,18,18
81282,46,38,8,8
81283,134,115,19,19
81284,83,70,13,13
81285,145,132,13,13
81286,80,72,8,8
81287,82,66,16,16
81288,86,70,16,16
81289,62,63,-1,1
81290,46,43,3,3
81291,112,98,14,14
81292,99,88,11,11
81293,145,116,29,29
81294,166,160,6,6
81295,45,44,1,1
81296,126,95,31,31
81297,89,78,11,11
81298,99,94,5,5
81299,77,70,7,7
81300,119,96,23,23
81301,93,100,-7,7
81302,102,100,2,2
81303,62,54,8,8
81304,57,52,5,5
81305,63,60,3,3
81306,56,45,11,11
81307,137,121,16,16
81308,101,88,13,13
81309,90,72,18,18
81310,136,122,14,14
81311,70,58,12,12
81312,81,73,8,8
81313,66,56,10,10
81314,93,84,9,9
81315,73,60,13,13
81316,90,76,14,14
81317,83,76,7,7
81318,89,62,27,27
81319,103,97,6,6
81320,105,87,18,18
81321,83,92,-9,9
81322,115,105,10,10
81323,99,93,6,6
81324,85,80,5,5
81325,73,70,3,3
81326,80,78,2,2
81327,49,48,1,1
81328,80,72,8,8
81329,63,58,5,5
81330,33,34,-1,1
81331,178,173,5,5
81332,105,118,-13,13
81333,41,48,-7,7
81334,92,87,5,5
81335,98,81,17,17
81336,71,66,5,5
81337,30,25,5,5
81338,62,58,4,4
81339,126,131,-5,5
81340,102,92,10,10
81341,122,111,11,11
81342,79,71,8,8
81343,152,130,22,22
81344,159,131,28,28
81345,161,149,12,12
81346,71,57,14,14
81347,84,78,6,6
81348,118,94,24,24
81349,73,62,11,11
81350,118,104,14,14
81351,102,81,21,21
81352,69,69,0,0
81353,101,82,19,19
81354,127,109,18,18
81355,84,71,13,13
81356,40,34,6,6
81357,70,59,11,11
81358,135,115,20,20
81359,77,71,6,6
81360,78,68,10,10
81361,70,63,7,7
81362,73,70,3,3
81363,85,72,13,13
81364,106,89,17,17
81365,151,130,21,21
81366,153,138,15,15
81367,133,108,25,25
81368,121,104,17,17
81369,110,97,13,13
81370,71,73,-2,2
81371,98,88,10,10
81372,126,120,6,6
81373,86,80,6,6
81374,77,69,8,8
81375,198,167,31,31
81376,133,116,17,17
81377,124,118,6,6
81378,90,76,14,14
81379,60,54,6,6
81380,80,81,-1,1
81381,47,42,5,5
81382,82,66,16,16
81383,119,87,32,32
81384,66,61,5,5
81385,136,109,27,27
81386,141,123,18,18
81387,50,52,-2,2
81388,71,69,2,2
81389,98,85,13,13
81390,121,95,26,26
81391,81,80,1,1
81392,117,104,13,13
81393,112,101,11,11
81394,94,85,9,9
81395,55,62,-7,7
81396,97,99,-2,2
81397,92,86,6,6
81398,137,125,12,12
81399,54,49,5,5
81400,140,126,14,14
81401,138,116,22,22
81402,85,74,11,11
81403,84,79,5,5
81404,104,90,14,14
81405,113,101,12,12
81406,109,103,6,6
81407,76,81,-5,5
81408,79,75,4,4
81409,65,54,11,11
81410,81,73,8,8
81411,131,106,25,25
81412,204,162,42,42
81413,77,64,13,13
81414,161,127,34,34
81415,97,88,9,9
81416,110,86,24,24
81417,76,65,11,11
81418,70,58,12,12
81419,122,113,9,9
81420,52,50,2,2
81421,121,109,12,12
81422,89,79,10,10
81423,99,79,20,20
81424,62,56,6,6
81425,117,103,14,14
81426,92,88,4,4
81427,169,146,23,23
81428,122,104,18,18
81429,88,85,3,3
81430,94,80,14,14
81431,163,123,40,40
81432,72,65,7,7
81433,87,83,4,4
81434,104,104,0,0
81435,51,47,4,4
81436,57,47,10,10
81437,149,131,18,18
81438,87,81,6,6
81439,109,102,7,7
81440,120,100,20,20
81441,79,65,14,14
81442,129,114,15,15
81443,162,141,21,21
81444,133,119,14,14
81445,82,74,8,8
81446,110,97,13,13
81447,180,147,33,33
81448,104,95,9,9
81449,134,118,16,16
81450,114,98,16,16
81451,130,130,0,0
81452,94,88,6,6
81453,182,154,28,28
81454,93,86,7,7
81455,74,70,4,4
81456,66,60,6,6
81457,164,255,-91,91
81458,125,155,-30,30
81459,74,73,1,1
81460,148,137,11,11
81461,69,65,4,4
81462,98,82,16,16
81463,71,64,7,7
81464,107,93,14,14
81465,133,110,23,23
81466,72,60,12,12
81467,68,62,6,6
81468,97,82,15,15
81469,185,147,38,38
81470,184,166,18,18
81471,106,105,1,1
81472,143,132,11,11
81473,82,86,-4,4
81474,47,49,-2,2
81475,82,67,15,15
81476,97,76,21,21
81477,58,54,4,4
81478,115,94,21,21
81479,137,106,31,31
81480,112,100,12,12
81481,101,88,13,13
81482,56,48,8,8
81483,80,68,12,12
81484,79,71,8,8
81485,186,152,34,34
81486,79,64,15,15
81487,80,63,17,17
81488,85,68,17,17
81489,123,102,21,21
81490,94,80,14,14
81491,71,74,-3,3
81492,83,77,6,6
81493,45,42,3,3
81494,120,133,-13,13
81495,165,148,17,17
81496,73,65,8,8
81497,87,75,12,12
81498,80,75,5,5
81499,132,128,4,4
81500,82,70,12,12
81501,77,67,10,10
81502,62,62,0,0
81503,74,67,7,7
81504,87,83,4,4
81505,142,126,16,16
81506,119,96,23,23
81507,62,55,7,7
