,original,predict,differ,abs
0,67,71,-4,4
1,58,65,-7,7
2,88,80,8,8
3,183,165,18,18
4,81,77,4,4
5,88,87,1,1
6,83,86,-3,3
7,183,143,40,40
8,81,76,5,5
9,117,113,4,4
10,64,53,11,11
11,59,66,-7,7
12,74,70,4,4
13,100,105,-5,5
14,103,98,5,5
15,66,66,0,0
16,97,92,5,5
17,120,104,16,16
18,79,78,1,1
19,110,111,-1,1
20,217,193,24,24
21,156,144,12,12
22,97,85,12,12
23,101,117,-16,16
24,82,75,7,7
25,127,113,14,14
26,112,108,4,4
27,191,166,25,25
28,48,46,2,2
29,106,112,-6,6
30,133,129,4,4
31,57,59,-2,2
32,108,98,10,10
33,89,78,11,11
34,50,69,-19,19
35,62,48,14,14
36,102,94,8,8
37,55,50,5,5
38,89,101,-12,12
39,96,101,-5,5
40,70,71,-1,1
41,115,115,0,0
42,82,81,1,1
43,102,100,2,2
44,167,140,27,27
45,82,88,-6,6
46,118,125,-7,7
47,85,76,9,9
48,93,89,4,4
49,111,90,21,21
50,77,68,9,9
51,136,127,9,9
52,109,93,16,16
53,85,90,-5,5
54,133,118,15,15
55,138,121,17,17
56,100,116,-16,16
57,130,122,8,8
58,96,98,-2,2
59,58,60,-2,2
60,115,110,5,5
61,73,74,-1,1
62,135,119,16,16
63,177,168,9,9
64,96,99,-3,3
65,77,79,-2,2
66,84,84,0,0
67,105,91,14,14
68,193,179,14,14
69,143,139,4,4
70,111,98,13,13
71,104,88,16,16
72,265,243,22,22
73,88,87,1,1
74,78,78,0,0
75,58,57,1,1
76,86,81,5,5
77,59,63,-4,4
78,139,133,6,6
79,96,91,5,5
80,90,84,6,6
81,83,79,4,4
82,133,125,8,8
83,141,136,5,5
84,72,67,5,5
85,75,72,3,3
86,43,42,1,1
87,68,70,-2,2
88,170,133,37,37
89,92,95,-3,3
90,64,85,-21,21
91,101,106,-5,5
92,82,75,7,7
93,81,73,8,8
94,75,74,1,1
95,99,93,6,6
96,45,55,-10,10
97,186,179,7,7
98,127,138,-11,11
99,100,99,1,1
100,66,67,-1,1
101,129,107,22,22
102,107,108,-1,1
103,128,121,7,7
104,90,81,9,9
105,68,68,0,0
106,107,106,1,1
107,90,84,6,6
108,89,88,1,1
109,70,69,1,1
110,174,143,31,31
111,90,78,12,12
112,76,77,-1,1
113,67,64,3,3
114,76,84,-8,8
115,168,154,14,14
116,91,85,6,6
117,103,102,1,1
118,91,85,6,6
119,67,72,-5,5
120,118,118,0,0
121,51,52,-1,1
122,76,77,-1,1
123,110,113,-3,3
124,99,91,8,8
125,96,94,2,2
126,169,157,12,12
127,89,90,-1,1
128,94,97,-3,3
129,123,128,-5,5
130,186,169,17,17
131,132,127,5,5
132,102,85,17,17
133,78,80,-2,2
134,129,112,17,17
135,116,97,19,19
136,136,125,11,11
137,131,127,4,4
138,105,101,4,4
139,69,70,-1,1
140,66,59,7,7
141,127,114,13,13
142,127,122,5,5
143,66,77,-11,11
144,112,116,-4,4
145,115,104,11,11
146,98,85,13,13
147,69,63,6,6
148,93,79,14,14
149,121,125,-4,4
150,92,91,1,1
151,73,71,2,2
152,139,132,7,7
153,80,82,-2,2
154,89,90,-1,1
155,67,64,3,3
156,66,65,1,1
157,81,84,-3,3
158,59,60,-1,1
159,128,125,3,3
160,109,108,1,1
161,50,47,3,3
162,74,66,8,8
163,80,81,-1,1
164,132,130,2,2
165,51,50,1,1
166,115,108,7,7
167,70,86,-16,16
168,159,140,19,19
169,151,150,1,1
170,94,92,2,2
171,81,91,-10,10
172,77,81,-4,4
173,42,39,3,3
174,135,128,7,7
175,106,96,10,10
176,50,52,-2,2
177,162,136,26,26
178,130,110,20,20
179,120,100,20,20
180,84,86,-2,2
181,76,79,-3,3
182,67,65,2,2
183,75,70,5,5
184,39,40,-1,1
185,119,101,18,18
186,55,60,-5,5
187,90,84,6,6
188,124,123,1,1
189,171,166,5,5
190,70,69,1,1
191,137,131,6,6
192,127,130,-3,3
193,143,143,0,0
194,195,157,38,38
195,112,103,9,9
196,43,47,-4,4
197,114,106,8,8
198,111,103,8,8
199,80,80,0,0
200,128,106,22,22
201,176,171,5,5
202,64,59,5,5
203,142,133,9,9
204,100,89,11,11
205,63,56,7,7
206,145,130,15,15
207,101,93,8,8
208,78,73,5,5
209,98,90,8,8
210,147,144,3,3
211,50,51,-1,1
212,70,67,3,3
213,175,162,13,13
214,87,100,-13,13
215,87,77,10,10
216,108,116,-8,8
217,67,65,2,2
218,95,97,-2,2
219,89,95,-6,6
220,135,133,2,2
221,79,86,-7,7
222,43,46,-3,3
223,195,155,40,40
224,83,85,-2,2
225,81,87,-6,6
226,63,69,-6,6
227,119,112,7,7
228,98,94,4,4
229,44,47,-3,3
230,47,53,-6,6
231,87,68,19,19
232,90,82,8,8
233,62,63,-1,1
234,103,94,9,9
235,140,138,2,2
236,114,110,4,4
237,57,67,-10,10
238,81,75,6,6
239,74,94,-20,20
240,61,71,-10,10
241,43,45,-2,2
242,55,61,-6,6
243,100,88,12,12
244,124,106,18,18
245,107,104,3,3
246,121,120,1,1
247,86,92,-6,6
248,146,131,15,15
249,147,144,3,3
250,47,41,6,6
251,124,110,14,14
252,89,89,0,0
253,50,58,-8,8
254,110,111,-1,1
255,158,147,11,11
256,86,81,5,5
257,102,102,0,0
258,107,108,-1,1
259,64,65,-1,1
260,136,126,10,10
261,125,106,19,19
262,115,101,14,14
263,71,68,3,3
264,80,79,1,1
265,82,85,-3,3
266,79,79,0,0
267,102,92,10,10
268,49,56,-7,7
269,109,109,0,0
270,52,54,-2,2
271,72,68,4,4
272,68,72,-4,4
273,151,151,0,0
274,112,108,4,4
275,97,110,-13,13
276,82,89,-7,7
277,72,76,-4,4
278,125,127,-2,2
279,128,126,2,2
280,94,91,3,3
281,76,68,8,8
282,71,73,-2,2
283,112,106,6,6
284,75,72,3,3
285,77,71,6,6
286,78,68,10,10
287,89,82,7,7
288,88,78,10,10
289,97,93,4,4
290,80,72,8,8
291,67,71,-4,4
292,83,84,-1,1
293,85,78,7,7
294,76,70,6,6
295,64,65,-1,1
296,107,108,-1,1
297,141,144,-3,3
298,130,120,10,10
299,51,62,-11,11
300,66,58,8,8
301,75,73,2,2
302,186,155,31,31
303,86,76,10,10
304,141,136,5,5
305,83,77,6,6
306,85,79,6,6
307,148,131,17,17
308,87,82,5,5
309,77,68,9,9
310,27,37,-10,10
311,88,90,-2,2
312,92,82,10,10
313,86,86,0,0
314,135,129,6,6
315,77,67,10,10
316,73,71,2,2
317,133,131,2,2
318,51,51,0,0
319,125,114,11,11
320,98,107,-9,9
321,143,131,12,12
322,140,133,7,7
323,87,92,-5,5
324,89,74,15,15
325,69,70,-1,1
326,96,73,23,23
327,127,115,12,12
328,79,75,4,4
329,137,119,18,18
330,85,85,0,0
331,84,84,0,0
332,52,65,-13,13
333,77,71,6,6
334,78,84,-6,6
335,104,93,11,11
336,89,90,-1,1
337,89,58,31,31
338,56,49,7,7
339,106,83,23,23
340,71,66,5,5
341,132,116,16,16
342,82,74,8,8
343,100,93,7,7
344,51,58,-7,7
345,66,62,4,4
346,85,75,10,10
347,112,110,2,2
348,34,53,-19,19
349,134,116,18,18
350,93,96,-3,3
351,114,129,-15,15
352,137,122,15,15
353,88,87,1,1
354,108,111,-3,3
355,106,95,11,11
356,146,167,-21,21
357,54,64,-10,10
358,170,136,34,34
359,86,73,13,13
360,110,93,17,17
361,82,76,6,6
362,101,92,9,9
363,64,67,-3,3
364,44,49,-5,5
365,84,78,6,6
366,60,56,4,4
367,101,101,0,0
368,120,107,13,13
369,60,58,2,2
370,130,120,10,10
371,41,45,-4,4
372,116,107,9,9
373,58,58,0,0
374,77,72,5,5
375,96,98,-2,2
376,88,91,-3,3
377,103,96,7,7
378,35,77,-42,42
379,64,61,3,3
380,86,75,11,11
381,89,89,0,0
382,108,103,5,5
383,116,104,12,12
384,82,82,0,0
385,65,65,0,0
386,64,71,-7,7
387,134,125,9,9
388,65,67,-2,2
389,77,74,3,3
390,120,116,4,4
391,54,56,-2,2
392,90,88,2,2
393,87,87,0,0
394,97,88,9,9
395,17,38,-21,21
396,69,88,-19,19
397,31,42,-11,11
398,90,86,4,4
399,104,103,1,1
400,97,90,7,7
401,52,54,-2,2
402,81,79,2,2
403,88,83,5,5
404,150,148,2,2
405,103,111,-8,8
406,47,47,0,0
407,119,113,6,6
408,107,110,-3,3
409,88,64,24,24
410,85,83,2,2
411,95,96,-1,1
412,89,80,9,9
413,87,88,-1,1
414,148,128,20,20
415,98,93,5,5
416,148,147,1,1
417,77,80,-3,3
418,70,71,-1,1
419,64,63,1,1
420,110,125,-15,15
421,143,143,0,0
422,122,163,-41,41
423,82,80,2,2
424,112,106,6,6
425,128,122,6,6
426,148,142,6,6
427,80,75,5,5
428,56,68,-12,12
429,90,84,6,6
430,110,105,5,5
431,88,93,-5,5
432,91,88,3,3
433,99,94,5,5
434,122,114,8,8
435,66,66,0,0
436,106,98,8,8
437,65,59,6,6
438,164,146,18,18
439,68,66,2,2
440,48,64,-16,16
441,88,78,10,10
442,107,104,3,3
443,58,63,-5,5
444,91,86,5,5
445,113,103,10,10
446,107,97,10,10
447,101,91,10,10
448,72,83,-11,11
449,134,125,9,9
450,87,86,1,1
451,64,64,0,0
452,72,67,5,5
453,146,147,-1,1
454,110,107,3,3
455,104,99,5,5
456,129,131,-2,2
457,134,137,-3,3
458,123,120,3,3
459,62,59,3,3
460,71,70,1,1
461,58,63,-5,5
462,88,82,6,6
463,134,129,5,5
464,81,81,0,0
465,77,89,-12,12
466,118,111,7,7
467,131,123,8,8
468,66,67,-1,1
469,61,59,2,2
470,43,38,5,5
471,121,116,5,5
472,101,107,-6,6
473,112,97,15,15
474,67,62,5,5
475,88,82,6,6
476,57,50,7,7
477,93,81,12,12
478,77,63,14,14
479,57,61,-4,4
480,55,65,-10,10
481,68,67,1,1
482,118,109,9,9
483,63,66,-3,3
484,110,111,-1,1
485,58,57,1,1
486,119,103,16,16
487,110,135,-25,25
488,146,137,9,9
489,50,48,2,2
490,104,98,6,6
491,136,122,14,14
492,145,143,2,2
493,110,92,18,18
494,124,126,-2,2
495,117,111,6,6
496,134,125,9,9
497,98,84,14,14
498,104,120,-16,16
499,78,75,3,3
500,100,90,10,10
501,45,51,-6,6
502,108,111,-3,3
503,50,56,-6,6
504,69,73,-4,4
505,106,97,9,9
506,66,59,7,7
507,61,64,-3,3
508,96,89,7,7
509,96,85,11,11
510,53,54,-1,1
511,93,94,-1,1
512,80,71,9,9
513,73,73,0,0
514,70,78,-8,8
515,100,86,14,14
516,137,127,10,10
517,114,110,4,4
518,70,68,2,2
519,55,67,-12,12
520,108,90,18,18
521,138,132,6,6
522,95,92,3,3
523,142,133,9,9
524,83,79,4,4
525,122,109,13,13
526,97,93,4,4
527,56,53,3,3
528,122,114,8,8
529,73,73,0,0
530,69,62,7,7
531,95,98,-3,3
532,68,74,-6,6
533,95,87,8,8
534,78,88,-10,10
535,90,83,7,7
536,106,100,6,6
537,42,48,-6,6
538,76,80,-4,4
539,157,161,-4,4
540,119,111,8,8
541,99,99,0,0
542,61,67,-6,6
543,102,94,8,8
544,92,91,1,1
545,124,107,17,17
546,82,84,-2,2
547,76,79,-3,3
548,67,69,-2,2
549,148,135,13,13
550,74,75,-1,1
551,66,67,-1,1
552,108,106,2,2
553,64,66,-2,2
554,102,98,4,4
555,63,61,2,2
556,66,59,7,7
557,74,69,5,5
558,74,73,1,1
559,67,66,1,1
560,86,92,-6,6
561,81,89,-8,8
562,90,90,0,0
563,47,49,-2,2
564,68,77,-9,9
565,88,75,13,13
566,83,76,7,7
567,76,75,1,1
568,55,54,1,1
569,100,106,-6,6
570,108,120,-12,12
571,178,159,19,19
572,80,77,3,3
573,82,83,-1,1
574,149,131,18,18
575,69,69,0,0
576,70,73,-3,3
577,90,99,-9,9
578,91,88,3,3
579,75,67,8,8
580,88,83,5,5
581,134,120,14,14
582,49,54,-5,5
583,51,55,-4,4
584,113,103,10,10
585,88,84,4,4
586,53,49,4,4
587,84,70,14,14
588,105,98,7,7
589,85,79,6,6
590,105,98,7,7
591,75,71,4,4
592,139,127,12,12
593,103,95,8,8
594,87,90,-3,3
595,65,75,-10,10
596,74,69,5,5
597,98,101,-3,3
598,110,101,9,9
599,112,106,6,6
600,88,79,9,9
601,85,81,4,4
602,55,53,2,2
603,86,80,6,6
604,124,121,3,3
605,114,110,4,4
606,57,57,0,0
607,56,60,-4,4
608,78,72,6,6
609,122,130,-8,8
610,79,69,10,10
611,81,73,8,8
612,117,109,8,8
613,112,117,-5,5
614,95,96,-1,1
615,195,169,26,26
616,76,85,-9,9
617,104,92,12,12
618,112,102,10,10
619,103,102,1,1
620,91,95,-4,4
621,105,94,11,11
622,127,103,24,24
623,60,64,-4,4
624,111,105,6,6
625,106,104,2,2
626,109,104,5,5
627,85,86,-1,1
628,67,73,-6,6
629,81,82,-1,1
630,83,83,0,0
631,56,63,-7,7
632,92,85,7,7
633,71,77,-6,6
634,95,86,9,9
635,93,92,1,1
636,144,142,2,2
637,53,53,0,0
638,77,84,-7,7
639,71,66,5,5
640,95,97,-2,2
641,95,98,-3,3
642,61,54,7,7
643,141,122,19,19
644,133,120,13,13
645,94,84,10,10
646,112,109,3,3
647,84,81,3,3
648,92,85,7,7
649,84,82,2,2
650,94,94,0,0
651,72,73,-1,1
652,102,115,-13,13
653,61,63,-2,2
654,108,110,-2,2
655,105,101,4,4
656,85,87,-2,2
657,74,77,-3,3
658,50,49,1,1
659,101,92,9,9
660,82,73,9,9
661,108,91,17,17
662,148,136,12,12
663,126,116,10,10
664,136,142,-6,6
665,75,77,-2,2
666,36,37,-1,1
667,42,57,-15,15
668,69,65,4,4
669,126,117,9,9
670,109,92,17,17
671,90,84,6,6
672,116,103,13,13
673,151,179,-28,28
674,147,140,7,7
675,52,89,-37,37
676,107,108,-1,1
677,90,88,2,2
678,162,142,20,20
679,103,98,5,5
680,150,130,20,20
681,62,80,-18,18
682,111,107,4,4
683,77,83,-6,6
684,166,163,3,3
685,151,154,-3,3
686,116,115,1,1
687,79,77,2,2
688,94,115,-21,21
689,110,109,1,1
690,152,134,18,18
691,176,154,22,22
692,92,93,-1,1
693,156,143,13,13
694,92,92,0,0
695,77,72,5,5
696,32,46,-14,14
697,87,85,2,2
698,108,104,4,4
699,104,90,14,14
700,70,67,3,3
701,66,49,17,17
702,118,108,10,10
703,65,64,1,1
704,111,96,15,15
705,74,67,7,7
706,81,84,-3,3
707,88,78,10,10
708,87,82,5,5
709,116,119,-3,3
710,47,46,1,1
711,95,96,-1,1
712,44,44,0,0
713,91,99,-8,8
714,83,83,0,0
715,137,127,10,10
716,80,76,4,4
717,147,130,17,17
718,119,122,-3,3
719,137,108,29,29
720,133,138,-5,5
721,89,89,0,0
722,150,137,13,13
723,108,100,8,8
724,96,76,20,20
725,88,82,6,6
726,140,124,16,16
727,128,128,0,0
728,53,51,2,2
729,100,110,-10,10
730,58,69,-11,11
731,110,100,10,10
732,125,117,8,8
733,124,105,19,19
734,109,117,-8,8
735,122,120,2,2
736,95,91,4,4
737,93,92,1,1
738,85,72,13,13
739,98,80,18,18
740,68,72,-4,4
741,48,46,2,2
742,97,97,0,0
743,81,81,0,0
744,88,80,8,8
745,91,108,-17,17
746,64,63,1,1
747,204,182,22,22
748,114,104,10,10
749,185,148,37,37
750,75,74,1,1
751,70,62,8,8
752,145,136,9,9
753,87,81,6,6
754,45,50,-5,5
755,73,69,4,4
756,125,124,1,1
757,60,60,0,0
758,95,92,3,3
759,119,95,24,24
760,76,71,5,5
761,56,58,-2,2
762,44,60,-16,16
763,98,96,2,2
764,86,77,9,9
765,161,140,21,21
766,102,114,-12,12
767,103,95,8,8
768,69,72,-3,3
769,151,151,0,0
770,92,72,20,20
771,80,85,-5,5
772,87,87,0,0
773,108,94,14,14
774,51,52,-1,1
775,110,106,4,4
776,64,60,4,4
777,73,70,3,3
778,92,86,6,6
779,93,86,7,7
780,103,97,6,6
781,49,44,5,5
782,71,76,-5,5
783,70,66,4,4
784,67,64,3,3
785,100,94,6,6
786,93,96,-3,3
787,75,74,1,1
788,97,95,2,2
789,84,86,-2,2
790,140,121,19,19
791,151,135,16,16
792,78,80,-2,2
793,79,77,2,2
794,108,114,-6,6
795,95,92,3,3
796,98,89,9,9
797,119,120,-1,1
798,83,92,-9,9
799,67,69,-2,2
800,64,64,0,0
801,102,96,6,6
802,75,73,2,2
803,68,79,-11,11
804,78,76,2,2
805,53,54,-1,1
806,126,120,6,6
807,89,90,-1,1
808,85,95,-10,10
809,64,66,-2,2
810,85,81,4,4
811,74,67,7,7
812,66,64,2,2
813,79,71,8,8
814,125,104,21,21
815,119,109,10,10
816,26,46,-20,20
817,66,65,1,1
818,88,80,8,8
819,111,93,18,18
820,86,80,6,6
821,76,85,-9,9
822,86,79,7,7
823,145,127,18,18
824,46,46,0,0
825,107,95,12,12
826,99,86,13,13
827,63,67,-4,4
828,68,69,-1,1
829,100,88,12,12
830,110,116,-6,6
831,77,77,0,0
832,66,70,-4,4
833,64,64,0,0
834,77,81,-4,4
835,144,138,6,6
836,106,99,7,7
837,93,96,-3,3
838,73,77,-4,4
839,103,103,0,0
840,105,105,0,0
841,75,73,2,2
842,83,77,6,6
843,112,109,3,3
844,156,143,13,13
845,156,142,14,14
846,77,78,-1,1
847,76,71,5,5
848,95,90,5,5
849,41,50,-9,9
850,106,112,-6,6
851,135,125,10,10
852,92,94,-2,2
853,91,95,-4,4
854,112,106,6,6
855,84,86,-2,2
856,77,72,5,5
857,29,57,-28,28
858,64,68,-4,4
859,143,120,23,23
860,59,56,3,3
861,155,147,8,8
862,207,164,43,43
863,129,113,16,16
864,115,104,11,11
865,108,94,14,14
866,162,143,19,19
867,69,73,-4,4
868,62,71,-9,9
869,79,92,-13,13
870,57,61,-4,4
871,90,86,4,4
872,98,94,4,4
873,108,102,6,6
874,80,96,-16,16
875,114,103,11,11
876,57,56,1,1
877,41,103,-62,62
878,90,85,5,5
879,84,69,15,15
880,87,85,2,2
881,70,80,-10,10
882,109,101,8,8
883,76,72,4,4
884,62,51,11,11
885,83,77,6,6
886,124,126,-2,2
887,122,121,1,1
888,55,53,2,2
889,108,113,-5,5
890,109,110,-1,1
891,52,74,-22,22
892,134,116,18,18
893,60,50,10,10
894,71,72,-1,1
895,123,113,10,10
896,60,64,-4,4
897,140,130,10,10
898,109,91,18,18
899,150,159,-9,9
900,74,77,-3,3
901,94,80,14,14
902,71,74,-3,3
903,139,126,13,13
904,87,93,-6,6
905,72,73,-1,1
906,53,50,3,3
907,163,142,21,21
908,111,90,21,21
909,70,63,7,7
910,46,45,1,1
911,138,132,6,6
912,127,118,9,9
913,70,76,-6,6
914,107,115,-8,8
915,64,61,3,3
916,69,77,-8,8
917,196,178,18,18
918,136,134,2,2
919,52,65,-13,13
920,79,81,-2,2
921,109,114,-5,5
922,78,78,0,0
923,115,110,5,5
924,77,82,-5,5
925,110,102,8,8
926,74,69,5,5
927,49,48,1,1
928,55,56,-1,1
929,145,129,16,16
930,119,111,8,8
931,96,92,4,4
932,196,181,15,15
933,72,74,-2,2
934,90,96,-6,6
935,62,100,-38,38
936,118,100,18,18
937,137,135,2,2
938,79,76,3,3
939,152,138,14,14
940,87,93,-6,6
941,112,109,3,3
942,62,68,-6,6
943,72,75,-3,3
944,109,103,6,6
945,83,76,7,7
946,68,61,7,7
947,97,94,3,3
948,59,63,-4,4
949,173,148,25,25
950,73,68,5,5
951,85,86,-1,1
952,62,62,0,0
953,75,71,4,4
954,90,88,2,2
955,93,95,-2,2
956,98,95,3,3
957,116,108,8,8
958,50,46,4,4
959,106,103,3,3
960,114,103,11,11
961,98,90,8,8
962,184,177,7,7
963,69,71,-2,2
964,147,140,7,7
965,29,57,-28,28
966,108,114,-6,6
967,65,64,1,1
968,96,93,3,3
969,84,86,-2,2
970,70,67,3,3
971,162,149,13,13
972,112,111,1,1
973,71,69,2,2
974,139,124,15,15
975,72,78,-6,6
976,68,70,-2,2
977,76,77,-1,1
978,87,85,2,2
979,52,49,3,3
980,115,107,8,8
981,161,144,17,17
982,88,78,10,10
983,107,100,7,7
984,84,75,9,9
985,90,84,6,6
986,55,58,-3,3
987,138,126,12,12
988,90,83,7,7
989,114,99,15,15
990,111,120,-9,9
991,44,44,0,0
992,111,116,-5,5
993,128,105,23,23
994,98,89,9,9
995,93,82,11,11
996,74,70,4,4
997,130,127,3,3
998,82,89,-7,7
999,178,151,27,27
1000,42,44,-2,2
1001,96,88,8,8
1002,39,50,-11,11
1003,75,77,-2,2
1004,147,141,6,6
1005,102,102,0,0
1006,212,183,29,29
1007,64,64,0,0
1008,91,88,3,3
1009,39,41,-2,2
1010,92,97,-5,5
1011,159,144,15,15
1012,119,108,11,11
1013,128,124,4,4
1014,125,118,7,7
1015,63,66,-3,3
1016,117,110,7,7
1017,117,115,2,2
1018,35,38,-3,3
1019,108,107,1,1
1020,108,97,11,11
1021,77,74,3,3
1022,88,85,3,3
1023,45,52,-7,7
1024,88,98,-10,10
1025,110,96,14,14
1026,93,86,7,7
1027,77,81,-4,4
1028,144,126,18,18
1029,63,69,-6,6
1030,56,48,8,8
1031,143,130,13,13
1032,119,128,-9,9
1033,85,80,5,5
1034,94,87,7,7
1035,115,118,-3,3
1036,117,116,1,1
1037,71,66,5,5
1038,79,78,1,1
1039,119,85,34,34
1040,78,74,4,4
1041,101,107,-6,6
1042,89,93,-4,4
1043,91,93,-2,2
1044,112,105,7,7
1045,131,126,5,5
1046,43,48,-5,5
1047,162,152,10,10
1048,55,55,0,0
1049,116,113,3,3
1050,49,46,3,3
1051,88,79,9,9
1052,108,103,5,5
1053,72,66,6,6
1054,115,105,10,10
1055,55,54,1,1
1056,146,129,17,17
1057,97,77,20,20
1058,81,80,1,1
1059,146,130,16,16
1060,133,124,9,9
1061,62,65,-3,3
1062,148,137,11,11
1063,98,87,11,11
1064,81,70,11,11
1065,73,73,0,0
1066,81,73,8,8
1067,148,135,13,13
1068,141,125,16,16
1069,56,51,5,5
1070,123,116,7,7
1071,83,76,7,7
1072,117,116,1,1
1073,99,95,4,4
1074,99,102,-3,3
1075,64,63,1,1
1076,92,84,8,8
1077,40,41,-1,1
1078,183,158,25,25
1079,44,57,-13,13
1080,115,111,4,4
1081,49,51,-2,2
1082,127,120,7,7
1083,155,132,23,23
1084,81,86,-5,5
1085,92,84,8,8
1086,74,63,11,11
1087,108,104,4,4
1088,57,62,-5,5
1089,61,65,-4,4
1090,125,124,1,1
1091,97,87,10,10
1092,60,92,-32,32
1093,78,75,3,3
1094,71,77,-6,6
1095,84,82,2,2
1096,177,158,19,19
1097,80,75,5,5
1098,130,129,1,1
1099,81,83,-2,2
1100,88,86,2,2
1101,56,53,3,3
1102,149,136,13,13
1103,92,79,13,13
1104,90,86,4,4
1105,45,49,-4,4
1106,63,71,-8,8
1107,92,89,3,3
1108,124,122,2,2
1109,140,135,5,5
1110,122,131,-9,9
1111,47,49,-2,2
1112,67,70,-3,3
1113,199,177,22,22
1114,110,128,-18,18
1115,78,83,-5,5
1116,42,46,-4,4
1117,51,58,-7,7
1118,183,147,36,36
1119,160,154,6,6
1120,117,111,6,6
1121,70,72,-2,2
1122,90,80,10,10
1123,101,105,-4,4
1124,73,72,1,1
1125,64,64,0,0
1126,69,66,3,3
1127,98,93,5,5
1128,121,115,6,6
1129,83,80,3,3
1130,170,160,10,10
1131,80,78,2,2
1132,68,70,-2,2
1133,130,135,-5,5
1134,66,72,-6,6
1135,65,84,-19,19
1136,95,92,3,3
1137,99,95,4,4
1138,95,113,-18,18
1139,174,162,12,12
1140,154,131,23,23
1141,121,105,16,16
1142,109,94,15,15
1143,87,98,-11,11
1144,61,47,14,14
1145,96,93,3,3
1146,96,90,6,6
1147,118,112,6,6
1148,97,87,10,10
1149,105,98,7,7
1150,87,83,4,4
1151,104,95,9,9
1152,80,86,-6,6
1153,54,60,-6,6
1154,92,85,7,7
1155,48,50,-2,2
1156,78,82,-4,4
1157,136,119,17,17
1158,139,124,15,15
1159,61,107,-46,46
1160,83,81,2,2
1161,103,107,-4,4
1162,128,123,5,5
1163,131,121,10,10
1164,76,74,2,2
1165,74,64,10,10
1166,135,131,4,4
1167,73,73,0,0
1168,115,117,-2,2
1169,81,83,-2,2
1170,140,129,11,11
1171,69,73,-4,4
1172,46,51,-5,5
1173,109,101,8,8
1174,197,168,29,29
1175,111,118,-7,7
1176,100,97,3,3
1177,77,71,6,6
1178,66,69,-3,3
1179,67,69,-2,2
1180,120,129,-9,9
1181,349,337,12,12
1182,78,75,3,3
1183,118,120,-2,2
1184,51,64,-13,13
1185,82,83,-1,1
1186,49,45,4,4
1187,72,68,4,4
1188,112,251,-139,139
1189,140,117,23,23
1190,69,60,9,9
1191,94,92,2,2
1192,69,69,0,0
1193,96,97,-1,1
1194,77,112,-35,35
1195,92,98,-6,6
1196,141,140,1,1
1197,94,89,5,5
1198,92,78,14,14
1199,96,114,-18,18
1200,69,61,8,8
1201,35,46,-11,11
1202,78,74,4,4
1203,113,112,1,1
1204,99,88,11,11
1205,108,102,6,6
1206,118,103,15,15
1207,95,91,4,4
1208,106,103,3,3
1209,101,77,24,24
1210,77,87,-10,10
1211,97,87,10,10
1212,86,82,4,4
1213,60,58,2,2
1214,101,104,-3,3
1215,105,93,12,12
1216,73,75,-2,2
1217,90,84,6,6
1218,121,109,12,12
1219,80,85,-5,5
1220,85,90,-5,5
1221,158,150,8,8
1222,75,75,0,0
1223,70,75,-5,5
1224,66,69,-3,3
1225,107,100,7,7
1226,182,170,12,12
1227,134,126,8,8
1228,103,94,9,9
1229,69,71,-2,2
1230,95,85,10,10
1231,33,41,-8,8
1232,58,55,3,3
1233,63,70,-7,7
1234,115,97,18,18
1235,111,98,13,13
1236,128,111,17,17
1237,141,127,14,14
1238,50,51,-1,1
1239,129,109,20,20
1240,49,57,-8,8
1241,91,85,6,6
1242,131,116,15,15
1243,120,103,17,17
1244,91,84,7,7
1245,108,108,0,0
1246,70,73,-3,3
1247,51,49,2,2
1248,92,94,-2,2
1249,77,74,3,3
1250,149,132,17,17
1251,117,106,11,11
1252,144,136,8,8
1253,82,70,12,12
1254,107,107,0,0
1255,51,50,1,1
1256,55,59,-4,4
1257,101,97,4,4
1258,99,91,8,8
1259,114,102,12,12
1260,55,66,-11,11
1261,83,82,1,1
1262,174,159,15,15
1263,136,124,12,12
1264,89,93,-4,4
1265,67,74,-7,7
1266,81,82,-1,1
1267,122,120,2,2
1268,74,75,-1,1
1269,149,159,-10,10
1270,62,66,-4,4
1271,64,70,-6,6
1272,85,88,-3,3
1273,163,135,28,28
1274,72,76,-4,4
1275,62,57,5,5
1276,50,54,-4,4
1277,57,60,-3,3
1278,82,90,-8,8
1279,58,59,-1,1
1280,51,49,2,2
1281,63,68,-5,5
1282,125,124,1,1
1283,78,83,-5,5
1284,57,52,5,5
1285,65,64,1,1
1286,111,114,-3,3
1287,90,81,9,9
1288,107,103,4,4
1289,81,77,4,4
1290,133,105,28,28
1291,111,115,-4,4
1292,64,71,-7,7
1293,56,74,-18,18
1294,51,58,-7,7
1295,64,68,-4,4
1296,156,146,10,10
1297,96,103,-7,7
1298,94,87,7,7
1299,65,89,-24,24
1300,167,151,16,16
1301,44,47,-3,3
1302,255,212,43,43
1303,80,74,6,6
1304,142,129,13,13
1305,73,63,10,10
1306,114,101,13,13
1307,81,72,9,9
1308,66,67,-1,1
1309,91,88,3,3
1310,106,92,14,14
1311,84,90,-6,6
1312,120,115,5,5
1313,115,107,8,8
1314,130,121,9,9
1315,192,186,6,6
1316,150,134,16,16
1317,87,86,1,1
1318,69,71,-2,2
1319,170,172,-2,2
1320,99,92,7,7
1321,72,77,-5,5
1322,106,94,12,12
1323,142,118,24,24
1324,44,49,-5,5
1325,87,92,-5,5
1326,72,75,-3,3
1327,116,102,14,14
1328,66,67,-1,1
1329,43,38,5,5
1330,145,136,9,9
1331,92,86,6,6
1332,86,86,0,0
1333,87,92,-5,5
1334,71,69,2,2
1335,136,124,12,12
1336,73,76,-3,3
1337,81,82,-1,1
1338,65,62,3,3
1339,97,85,12,12
1340,61,60,1,1
1341,76,66,10,10
1342,55,53,2,2
1343,100,91,9,9
1344,120,114,6,6
1345,110,119,-9,9
1346,103,99,4,4
1347,57,60,-3,3
1348,95,82,13,13
1349,82,85,-3,3
1350,105,110,-5,5
1351,68,72,-4,4
1352,177,159,18,18
1353,97,90,7,7
1354,150,127,23,23
1355,38,41,-3,3
1356,85,79,6,6
1357,79,78,1,1
1358,78,79,-1,1
1359,98,96,2,2
1360,138,127,11,11
1361,92,80,12,12
1362,110,102,8,8
1363,135,140,-5,5
1364,96,94,2,2
1365,107,95,12,12
1366,84,88,-4,4
1367,82,77,5,5
1368,87,103,-16,16
1369,58,59,-1,1
1370,55,51,4,4
1371,69,75,-6,6
1372,193,176,17,17
1373,102,106,-4,4
1374,105,95,10,10
1375,74,87,-13,13
1376,122,131,-9,9
1377,85,80,5,5
1378,103,97,6,6
1379,139,125,14,14
1380,91,83,8,8
1381,84,92,-8,8
1382,155,137,18,18
1383,73,70,3,3
1384,141,123,18,18
1385,70,63,7,7
1386,93,82,11,11
1387,100,88,12,12
1388,96,90,6,6
1389,56,60,-4,4
1390,93,113,-20,20
1391,97,112,-15,15
1392,43,49,-6,6
1393,58,53,5,5
1394,107,100,7,7
1395,118,110,8,8
1396,64,52,12,12
1397,114,95,19,19
1398,84,76,8,8
1399,68,71,-3,3
1400,170,147,23,23
1401,121,115,6,6
1402,180,167,13,13
1403,81,79,2,2
1404,131,118,13,13
1405,166,154,12,12
1406,83,82,1,1
1407,107,93,14,14
1408,95,95,0,0
1409,88,76,12,12
1410,149,135,14,14
1411,160,151,9,9
1412,112,106,6,6
1413,145,138,7,7
1414,38,35,3,3
1415,104,98,6,6
1416,125,126,-1,1
1417,86,83,3,3
1418,105,97,8,8
1419,44,49,-5,5
1420,116,99,17,17
1421,136,123,13,13
1422,149,132,17,17
1423,135,102,33,33
1424,51,67,-16,16
1425,94,101,-7,7
1426,88,95,-7,7
1427,128,127,1,1
1428,148,139,9,9
1429,103,105,-2,2
1430,59,59,0,0
1431,75,74,1,1
1432,83,78,5,5
1433,73,71,2,2
1434,75,92,-17,17
1435,74,81,-7,7
1436,85,83,2,2
1437,74,68,6,6
1438,99,94,5,5
1439,122,117,5,5
1440,130,126,4,4
1441,61,65,-4,4
1442,48,47,1,1
1443,111,111,0,0
1444,58,51,7,7
1445,61,73,-12,12
1446,129,127,2,2
1447,55,55,0,0
1448,159,144,15,15
1449,81,79,2,2
1450,44,49,-5,5
1451,64,58,6,6
1452,105,92,13,13
1453,131,125,6,6
1454,188,171,17,17
1455,107,99,8,8
1456,74,78,-4,4
1457,155,162,-7,7
1458,93,86,7,7
1459,125,118,7,7
1460,113,117,-4,4
1461,81,77,4,4
1462,73,70,3,3
1463,78,70,8,8
1464,124,107,17,17
1465,68,71,-3,3
1466,90,90,0,0
1467,108,94,14,14
1468,73,70,3,3
1469,92,85,7,7
1470,118,115,3,3
1471,70,61,9,9
1472,98,97,1,1
1473,70,64,6,6
1474,72,73,-1,1
1475,107,93,14,14
1476,112,105,7,7
1477,118,111,7,7
1478,86,83,3,3
1479,114,92,22,22
1480,121,107,14,14
1481,120,102,18,18
1482,275,209,66,66
1483,98,87,11,11
1484,95,102,-7,7
1485,80,72,8,8
1486,126,127,-1,1
1487,98,96,2,2
1488,133,139,-6,6
1489,61,64,-3,3
1490,129,117,12,12
1491,117,111,6,6
1492,54,75,-21,21
1493,54,56,-2,2
1494,48,52,-4,4
1495,85,79,6,6
1496,56,75,-19,19
1497,77,85,-8,8
1498,140,121,19,19
1499,69,69,0,0
1500,88,87,1,1
1501,107,102,5,5
1502,81,79,2,2
1503,134,116,18,18
1504,80,75,5,5
1505,121,112,9,9
1506,111,102,9,9
1507,72,75,-3,3
1508,155,151,4,4
1509,61,64,-3,3
1510,70,74,-4,4
1511,55,56,-1,1
1512,74,74,0,0
1513,151,139,12,12
1514,38,45,-7,7
1515,164,181,-17,17
1516,66,76,-10,10
1517,58,53,5,5
1518,66,66,0,0
1519,116,102,14,14
1520,71,85,-14,14
1521,99,98,1,1
1522,108,113,-5,5
1523,77,79,-2,2
1524,56,58,-2,2
1525,126,107,19,19
1526,117,111,6,6
1527,71,64,7,7
1528,80,73,7,7
1529,69,68,1,1
1530,76,69,7,7
1531,137,126,11,11
1532,184,166,18,18
1533,131,114,17,17
1534,149,133,16,16
1535,95,92,3,3
1536,122,115,7,7
1537,54,52,2,2
1538,88,89,-1,1
1539,83,83,0,0
1540,69,74,-5,5
1541,87,95,-8,8
1542,156,149,7,7
1543,118,116,2,2
1544,55,58,-3,3
1545,83,83,0,0
1546,81,91,-10,10
1547,101,108,-7,7
1548,73,74,-1,1
1549,105,101,4,4
1550,82,84,-2,2
1551,65,67,-2,2
1552,78,75,3,3
1553,115,106,9,9
1554,133,119,14,14
1555,58,64,-6,6
1556,108,107,1,1
1557,128,126,2,2
1558,136,114,22,22
1559,37,43,-6,6
1560,95,98,-3,3
1561,121,113,8,8
1562,87,80,7,7
1563,100,112,-12,12
1564,89,81,8,8
1565,126,125,1,1
1566,109,117,-8,8
1567,103,95,8,8
1568,150,134,16,16
1569,94,123,-29,29
1570,148,151,-3,3
1571,60,60,0,0
1572,70,70,0,0
1573,131,130,1,1
1574,70,66,4,4
1575,95,96,-1,1
1576,66,72,-6,6
1577,86,74,12,12
1578,91,82,9,9
1579,75,82,-7,7
1580,46,51,-5,5
1581,100,100,0,0
1582,98,90,8,8
1583,92,82,10,10
1584,112,98,14,14
1585,167,151,16,16
1586,90,94,-4,4
1587,109,99,10,10
1588,93,104,-11,11
1589,61,64,-3,3
1590,123,113,10,10
1591,93,92,1,1
1592,74,66,8,8
1593,36,44,-8,8
1594,89,81,8,8
1595,144,148,-4,4
1596,80,79,1,1
1597,114,107,7,7
1598,106,104,2,2
1599,57,60,-3,3
1600,70,78,-8,8
1601,112,110,2,2
1602,92,84,8,8
1603,106,96,10,10
1604,122,124,-2,2
1605,128,116,12,12
1606,109,104,5,5
1607,75,74,1,1
1608,120,106,14,14
1609,60,55,5,5
1610,137,119,18,18
1611,78,79,-1,1
1612,93,94,-1,1
1613,91,88,3,3
1614,84,82,2,2
1615,137,130,7,7
1616,43,51,-8,8
1617,74,66,8,8
1618,77,72,5,5
1619,114,110,4,4
1620,104,87,17,17
1621,101,102,-1,1
1622,43,47,-4,4
1623,106,102,4,4
1624,90,84,6,6
1625,114,117,-3,3
1626,82,71,11,11
1627,62,71,-9,9
1628,112,103,9,9
1629,46,53,-7,7
1630,104,85,19,19
1631,106,100,6,6
1632,62,57,5,5
1633,123,116,7,7
1634,95,93,2,2
1635,64,69,-5,5
1636,76,81,-5,5
1637,104,96,8,8
1638,126,119,7,7
1639,144,132,12,12
1640,119,117,2,2
1641,74,67,7,7
1642,51,56,-5,5
1643,91,91,0,0
1644,86,92,-6,6
1645,95,85,10,10
1646,72,73,-1,1
1647,162,143,19,19
1648,87,79,8,8
1649,91,89,2,2
1650,122,129,-7,7
1651,70,70,0,0
1652,106,112,-6,6
1653,89,94,-5,5
1654,59,51,8,8
1655,44,45,-1,1
1656,74,64,10,10
1657,77,75,2,2
1658,135,123,12,12
1659,107,99,8,8
1660,64,63,1,1
1661,52,69,-17,17
1662,61,64,-3,3
1663,74,72,2,2
1664,87,99,-12,12
1665,106,96,10,10
1666,64,63,1,1
1667,70,73,-3,3
1668,77,80,-3,3
1669,62,59,3,3
1670,67,66,1,1
1671,109,102,7,7
1672,118,116,2,2
1673,74,80,-6,6
1674,100,92,8,8
1675,83,92,-9,9
1676,83,73,10,10
1677,121,110,11,11
1678,79,81,-2,2
1679,46,46,0,0
1680,92,82,10,10
1681,102,96,6,6
1682,103,90,13,13
1683,64,57,7,7
1684,101,93,8,8
1685,105,97,8,8
1686,55,56,-1,1
1687,66,63,3,3
1688,60,62,-2,2
1689,62,65,-3,3
1690,150,146,4,4
1691,84,85,-1,1
1692,98,103,-5,5
1693,59,65,-6,6
1694,57,64,-7,7
1695,88,120,-32,32
1696,146,144,2,2
1697,58,59,-1,1
1698,73,67,6,6
1699,192,173,19,19
1700,58,55,3,3
1701,97,84,13,13
1702,84,80,4,4
1703,149,136,13,13
1704,162,137,25,25
1705,53,68,-15,15
1706,48,55,-7,7
1707,103,110,-7,7
1708,64,62,2,2
1709,85,79,6,6
1710,64,68,-4,4
1711,73,70,3,3
1712,72,65,7,7
1713,136,115,21,21
1714,103,93,10,10
1715,161,146,15,15
1716,89,84,5,5
1717,102,90,12,12
1718,66,106,-40,40
1719,87,82,5,5
1720,101,99,2,2
1721,90,92,-2,2
1722,108,110,-2,2
1723,59,62,-3,3
1724,118,109,9,9
1725,56,54,2,2
1726,195,179,16,16
1727,70,69,1,1
1728,90,87,3,3
1729,108,109,-1,1
1730,118,128,-10,10
1731,74,74,0,0
1732,115,107,8,8
1733,31,41,-10,10
1734,121,121,0,0
1735,43,42,1,1
1736,78,73,5,5
1737,63,64,-1,1
1738,57,53,4,4
1739,53,57,-4,4
1740,63,64,-1,1
1741,88,84,4,4
1742,80,86,-6,6
1743,133,132,1,1
1744,90,81,9,9
1745,130,125,5,5
1746,70,71,-1,1
1747,169,144,25,25
1748,45,50,-5,5
1749,171,157,14,14
1750,84,81,3,3
1751,95,98,-3,3
1752,73,77,-4,4
1753,59,61,-2,2
1754,82,87,-5,5
1755,101,91,10,10
1756,77,86,-9,9
1757,57,64,-7,7
1758,97,90,7,7
1759,69,71,-2,2
1760,82,70,12,12
1761,60,79,-19,19
1762,70,70,0,0
1763,79,81,-2,2
1764,127,114,13,13
1765,92,104,-12,12
1766,119,117,2,2
1767,59,58,1,1
1768,66,72,-6,6
1769,44,49,-5,5
1770,46,45,1,1
1771,129,112,17,17
1772,93,82,11,11
1773,98,120,-22,22
1774,89,83,6,6
1775,74,70,4,4
1776,96,93,3,3
1777,103,90,13,13
1778,84,87,-3,3
1779,75,72,3,3
1780,167,146,21,21
1781,85,83,2,2
1782,108,112,-4,4
1783,59,59,0,0
1784,101,98,3,3
1785,76,74,2,2
1786,118,112,6,6
1787,67,66,1,1
1788,53,67,-14,14
1789,108,104,4,4
1790,103,95,8,8
1791,130,136,-6,6
1792,83,81,2,2
1793,52,65,-13,13
1794,79,82,-3,3
1795,80,85,-5,5
1796,88,64,24,24
1797,55,60,-5,5
1798,53,54,-1,1
1799,116,103,13,13
1800,103,96,7,7
1801,73,78,-5,5
1802,72,73,-1,1
1803,155,138,17,17
1804,205,197,8,8
1805,55,54,1,1
1806,119,114,5,5
1807,93,85,8,8
1808,81,83,-2,2
1809,93,89,4,4
1810,121,119,2,2
1811,62,61,1,1
1812,61,66,-5,5
1813,113,109,4,4
1814,79,73,6,6
1815,130,128,2,2
1816,68,76,-8,8
1817,81,77,4,4
1818,114,103,11,11
1819,101,84,17,17
1820,63,55,8,8
1821,87,98,-11,11
1822,117,115,2,2
1823,114,111,3,3
1824,109,103,6,6
1825,96,90,6,6
1826,54,56,-2,2
1827,132,122,10,10
1828,85,88,-3,3
1829,70,66,4,4
1830,60,52,8,8
1831,68,68,0,0
1832,48,47,1,1
1833,75,78,-3,3
1834,126,115,11,11
1835,106,98,8,8
1836,60,59,1,1
1837,70,62,8,8
1838,52,50,2,2
1839,86,76,10,10
1840,74,69,5,5
1841,118,105,13,13
1842,43,47,-4,4
1843,207,193,14,14
1844,97,85,12,12
1845,78,73,5,5
1846,100,98,2,2
1847,108,97,11,11
1848,73,70,3,3
1849,151,138,13,13
1850,45,50,-5,5
1851,81,74,7,7
1852,68,69,-1,1
1853,140,145,-5,5
1854,121,110,11,11
1855,88,100,-12,12
1856,42,45,-3,3
1857,76,80,-4,4
1858,89,84,5,5
1859,61,63,-2,2
1860,98,87,11,11
1861,78,79,-1,1
1862,54,57,-3,3
1863,128,143,-15,15
1864,160,149,11,11
1865,65,68,-3,3
1866,109,101,8,8
1867,149,153,-4,4
1868,112,104,8,8
1869,78,73,5,5
1870,61,55,6,6
1871,82,74,8,8
1872,54,51,3,3
1873,45,53,-8,8
1874,102,95,7,7
1875,92,90,2,2
1876,121,114,7,7
1877,119,113,6,6
1878,84,77,7,7
1879,99,102,-3,3
1880,116,116,0,0
1881,119,110,9,9
1882,157,148,9,9
1883,119,101,18,18
1884,92,85,7,7
1885,60,69,-9,9
1886,101,98,3,3
1887,90,90,0,0
1888,132,133,-1,1
1889,156,146,10,10
1890,101,97,4,4
1891,88,81,7,7
1892,141,112,29,29
1893,56,59,-3,3
1894,85,74,11,11
1895,182,158,24,24
1896,127,111,16,16
1897,76,71,5,5
1898,83,76,7,7
1899,59,58,1,1
1900,33,47,-14,14
1901,38,47,-9,9
1902,90,77,13,13
1903,87,99,-12,12
1904,81,89,-8,8
1905,123,123,0,0
1906,111,103,8,8
1907,207,202,5,5
1908,140,129,11,11
1909,90,82,8,8
1910,67,72,-5,5
1911,102,127,-25,25
1912,65,66,-1,1
1913,81,81,0,0
1914,75,74,1,1
1915,93,95,-2,2
1916,87,94,-7,7
1917,183,156,27,27
1918,95,93,2,2
1919,200,189,11,11
1920,95,90,5,5
1921,199,176,23,23
1922,87,60,27,27
1923,56,56,0,0
1924,55,66,-11,11
1925,90,96,-6,6
1926,64,70,-6,6
1927,57,55,2,2
1928,179,180,-1,1
1929,78,76,2,2
1930,54,55,-1,1
1931,112,102,10,10
1932,69,83,-14,14
1933,73,78,-5,5
1934,64,68,-4,4
1935,65,69,-4,4
1936,63,60,3,3
1937,159,143,16,16
1938,71,77,-6,6
1939,90,83,7,7
1940,116,110,6,6
1941,110,103,7,7
1942,80,81,-1,1
1943,116,113,3,3
1944,101,103,-2,2
1945,145,137,8,8
1946,144,139,5,5
1947,163,143,20,20
1948,115,120,-5,5
1949,115,119,-4,4
1950,102,102,0,0
1951,105,86,19,19
1952,61,59,2,2
1953,74,74,0,0
1954,88,84,4,4
1955,86,76,10,10
1956,98,97,1,1
1957,113,106,7,7
1958,82,71,11,11
1959,124,104,20,20
1960,76,72,4,4
1961,137,133,4,4
1962,88,97,-9,9
1963,130,118,12,12
1964,75,66,9,9
1965,97,82,15,15
1966,114,118,-4,4
1967,92,87,5,5
1968,106,102,4,4
1969,89,89,0,0
1970,72,90,-18,18
1971,92,89,3,3
1972,66,65,1,1
1973,26,25,1,1
1974,106,96,10,10
1975,82,84,-2,2
1976,112,107,5,5
1977,94,86,8,8
1978,106,99,7,7
1979,114,104,10,10
1980,85,97,-12,12
1981,144,143,1,1
1982,137,121,16,16
1983,56,62,-6,6
1984,62,50,12,12
1985,65,71,-6,6
1986,71,76,-5,5
1987,78,84,-6,6
1988,66,57,9,9
1989,106,106,0,0
1990,74,97,-23,23
1991,46,116,-70,70
1992,140,126,14,14
1993,129,118,11,11
1994,83,82,1,1
1995,81,83,-2,2
1996,49,50,-1,1
1997,124,114,10,10
1998,42,46,-4,4
1999,89,84,5,5
2000,101,89,12,12
2001,184,193,-9,9
2002,113,107,6,6
2003,212,194,18,18
2004,120,108,12,12
2005,95,92,3,3
2006,120,116,4,4
2007,97,92,5,5
2008,72,71,1,1
2009,80,68,12,12
2010,87,93,-6,6
2011,100,95,5,5
2012,185,174,11,11
2013,90,90,0,0
2014,77,79,-2,2
2015,67,69,-2,2
2016,63,69,-6,6
2017,74,72,2,2
2018,104,93,11,11
2019,129,124,5,5
2020,73,70,3,3
2021,128,117,11,11
2022,64,67,-3,3
2023,88,77,11,11
2024,47,56,-9,9
2025,68,63,5,5
2026,75,68,7,7
2027,75,73,2,2
2028,80,83,-3,3
2029,61,65,-4,4
2030,74,74,0,0
2031,79,82,-3,3
2032,62,71,-9,9
2033,121,124,-3,3
2034,77,77,0,0
2035,104,105,-1,1
2036,116,109,7,7
2037,61,75,-14,14
2038,86,80,6,6
2039,83,88,-5,5
2040,119,120,-1,1
2041,109,112,-3,3
2042,83,94,-11,11
2043,66,68,-2,2
2044,112,110,2,2
2045,110,105,5,5
2046,115,119,-4,4
2047,97,92,5,5
2048,115,109,6,6
2049,78,81,-3,3
2050,58,59,-1,1
2051,98,98,0,0
2052,104,96,8,8
2053,109,97,12,12
2054,143,131,12,12
2055,98,95,3,3
2056,56,61,-5,5
2057,61,62,-1,1
2058,86,82,4,4
2059,73,75,-2,2
2060,101,94,7,7
2061,165,144,21,21
2062,64,63,1,1
2063,62,56,6,6
2064,68,67,1,1
2065,101,103,-2,2
2066,72,82,-10,10
2067,56,55,1,1
2068,109,91,18,18
2069,63,62,1,1
2070,48,52,-4,4
2071,134,131,3,3
2072,91,98,-7,7
2073,80,81,-1,1
2074,112,103,9,9
2075,49,51,-2,2
2076,91,84,7,7
2077,75,78,-3,3
2078,86,73,13,13
2079,142,125,17,17
2080,79,72,7,7
2081,122,127,-5,5
2082,139,134,5,5
2083,79,69,10,10
2084,184,157,27,27
2085,134,157,-23,23
2086,99,91,8,8
2087,59,65,-6,6
2088,77,78,-1,1
2089,84,81,3,3
2090,116,116,0,0
2091,41,40,1,1
2092,70,75,-5,5
2093,39,43,-4,4
2094,82,82,0,0
2095,58,61,-3,3
2096,166,150,16,16
2097,71,73,-2,2
2098,119,108,11,11
2099,92,98,-6,6
2100,116,116,0,0
2101,121,108,13,13
2102,106,98,8,8
2103,82,79,3,3
2104,137,130,7,7
2105,113,113,0,0
2106,84,86,-2,2
2107,136,119,17,17
2108,57,56,1,1
2109,142,130,12,12
2110,55,49,6,6
2111,82,81,1,1
2112,208,184,24,24
2113,101,85,16,16
2114,156,158,-2,2
2115,175,151,24,24
2116,137,115,22,22
2117,105,116,-11,11
2118,84,87,-3,3
2119,78,78,0,0
2120,115,98,17,17
2121,74,72,2,2
2122,67,64,3,3
2123,46,48,-2,2
2124,123,113,10,10
2125,68,65,3,3
2126,110,113,-3,3
2127,95,90,5,5
2128,77,84,-7,7
2129,86,90,-4,4
2130,62,56,6,6
2131,91,81,10,10
2132,76,74,2,2
2133,92,76,16,16
2134,98,88,10,10
2135,108,102,6,6
2136,142,130,12,12
2137,111,80,31,31
2138,96,96,0,0
2139,86,82,4,4
2140,138,127,11,11
2141,89,90,-1,1
2142,149,126,23,23
2143,82,84,-2,2
2144,135,128,7,7
2145,94,89,5,5
2146,79,79,0,0
2147,84,84,0,0
2148,44,81,-37,37
2149,46,61,-15,15
2150,96,92,4,4
2151,114,105,9,9
2152,57,63,-6,6
2153,79,75,4,4
2154,78,85,-7,7
2155,117,127,-10,10
2156,98,88,10,10
2157,57,53,4,4
2158,99,88,11,11
2159,97,91,6,6
2160,98,86,12,12
2161,70,67,3,3
2162,102,102,0,0
2163,82,84,-2,2
2164,81,78,3,3
2165,69,71,-2,2
2166,66,61,5,5
2167,97,80,17,17
2168,86,86,0,0
2169,58,58,0,0
2170,83,93,-10,10
2171,78,81,-3,3
2172,64,59,5,5
2173,127,94,33,33
2174,73,63,10,10
2175,70,78,-8,8
2176,93,92,1,1
2177,116,110,6,6
2178,103,89,14,14
2179,44,50,-6,6
2180,84,92,-8,8
2181,116,96,20,20
2182,102,102,0,0
2183,56,51,5,5
2184,117,108,9,9
2185,111,105,6,6
2186,82,88,-6,6
2187,115,102,13,13
2188,96,102,-6,6
2189,137,109,28,28
2190,111,109,2,2
2191,63,68,-5,5
2192,65,63,2,2
2193,57,56,1,1
2194,82,71,11,11
2195,64,80,-16,16
2196,100,94,6,6
2197,68,64,4,4
2198,57,64,-7,7
2199,76,70,6,6
2200,138,127,11,11
2201,61,69,-8,8
2202,80,83,-3,3
2203,98,101,-3,3
2204,137,133,4,4
2205,101,93,8,8
2206,122,120,2,2
2207,75,83,-8,8
2208,118,111,7,7
2209,87,88,-1,1
2210,116,106,10,10
2211,97,97,0,0
2212,147,157,-10,10
2213,74,67,7,7
2214,55,60,-5,5
2215,110,94,16,16
2216,93,91,2,2
2217,64,70,-6,6
2218,105,110,-5,5
2219,70,94,-24,24
2220,92,81,11,11
2221,63,63,0,0
2222,93,91,2,2
2223,60,74,-14,14
2224,82,82,0,0
2225,108,103,5,5
2226,118,114,4,4
2227,167,160,7,7
2228,112,106,6,6
2229,85,84,1,1
2230,77,93,-16,16
2231,105,104,1,1
2232,144,134,10,10
2233,159,154,5,5
2234,68,67,1,1
2235,42,45,-3,3
2236,111,124,-13,13
2237,67,76,-9,9
2238,135,121,14,14
2239,45,52,-7,7
2240,79,75,4,4
2241,117,112,5,5
2242,94,88,6,6
2243,44,76,-32,32
2244,94,102,-8,8
2245,140,123,17,17
2246,98,91,7,7
2247,66,72,-6,6
2248,63,65,-2,2
2249,65,70,-5,5
2250,104,103,1,1
2251,92,94,-2,2
2252,86,87,-1,1
2253,81,82,-1,1
2254,77,85,-8,8
2255,78,77,1,1
2256,48,54,-6,6
2257,39,37,2,2
2258,47,43,4,4
2259,94,100,-6,6
2260,161,149,12,12
2261,72,56,16,16
2262,35,45,-10,10
2263,89,97,-8,8
2264,69,90,-21,21
2265,102,104,-2,2
2266,79,95,-16,16
2267,107,93,14,14
2268,111,122,-11,11
2269,95,95,0,0
2270,102,99,3,3
2271,89,93,-4,4
2272,65,63,2,2
2273,108,104,4,4
2274,57,70,-13,13
2275,103,97,6,6
2276,151,122,29,29
2277,184,165,19,19
2278,78,77,1,1
2279,185,150,35,35
2280,63,71,-8,8
2281,131,127,4,4
2282,155,134,21,21
2283,87,79,8,8
2284,136,127,9,9
2285,104,105,-1,1
2286,54,53,1,1
2287,107,103,4,4
2288,64,60,4,4
2289,68,69,-1,1
2290,90,90,0,0
2291,65,72,-7,7
2292,86,93,-7,7
2293,78,77,1,1
2294,72,65,7,7
2295,50,61,-11,11
2296,107,104,3,3
2297,101,211,-110,110
2298,104,97,7,7
2299,47,50,-3,3
2300,87,80,7,7
2301,102,103,-1,1
2302,103,92,11,11
2303,62,50,12,12
2304,57,59,-2,2
2305,68,74,-6,6
2306,109,104,5,5
2307,80,85,-5,5
2308,76,79,-3,3
2309,97,95,2,2
2310,83,77,6,6
2311,116,111,5,5
2312,72,67,5,5
2313,49,53,-4,4
2314,108,110,-2,2
2315,106,93,13,13
2316,135,119,16,16
2317,115,116,-1,1
2318,111,100,11,11
2319,95,82,13,13
2320,56,69,-13,13
2321,154,133,21,21
2322,106,101,5,5
2323,71,73,-2,2
2324,92,84,8,8
2325,96,84,12,12
2326,75,76,-1,1
2327,127,109,18,18
2328,66,70,-4,4
2329,78,74,4,4
2330,148,142,6,6
2331,95,87,8,8
2332,145,121,24,24
2333,80,86,-6,6
2334,48,49,-1,1
2335,73,80,-7,7
2336,128,129,-1,1
2337,38,51,-13,13
2338,180,167,13,13
2339,63,66,-3,3
2340,60,57,3,3
2341,149,139,10,10
2342,97,100,-3,3
2343,57,61,-4,4
2344,158,136,22,22
2345,85,88,-3,3
2346,83,74,9,9
2347,145,132,13,13
2348,76,73,3,3
2349,107,97,10,10
2350,177,162,15,15
2351,106,90,16,16
2352,73,72,1,1
2353,43,43,0,0
2354,141,117,24,24
2355,100,102,-2,2
2356,81,95,-14,14
2357,267,208,59,59
2358,69,68,1,1
2359,114,114,0,0
2360,110,106,4,4
2361,107,106,1,1
2362,95,82,13,13
2363,92,84,8,8
2364,166,138,28,28
2365,83,86,-3,3
2366,140,123,17,17
2367,102,93,9,9
2368,82,85,-3,3
2369,88,92,-4,4
2370,129,107,22,22
2371,171,167,4,4
2372,53,55,-2,2
2373,139,117,22,22
2374,131,113,18,18
2375,137,120,17,17
2376,65,67,-2,2
2377,83,84,-1,1
2378,191,182,9,9
2379,65,55,10,10
2380,197,182,15,15
2381,101,98,3,3
2382,147,139,8,8
2383,159,154,5,5
2384,46,50,-4,4
2385,151,137,14,14
2386,104,95,9,9
2387,132,132,0,0
2388,67,65,2,2
2389,80,79,1,1
2390,198,182,16,16
2391,116,126,-10,10
2392,72,103,-31,31
2393,152,131,21,21
2394,63,72,-9,9
2395,61,64,-3,3
2396,112,108,4,4
2397,96,86,10,10
2398,90,84,6,6
2399,118,117,1,1
2400,102,103,-1,1
2401,65,64,1,1
2402,93,93,0,0
2403,64,61,3,3
2404,88,111,-23,23
2405,116,106,10,10
2406,94,101,-7,7
2407,96,103,-7,7
2408,83,97,-14,14
2409,125,122,3,3
2410,71,64,7,7
2411,147,149,-2,2
2412,117,118,-1,1
2413,125,115,10,10
2414,65,60,5,5
2415,69,73,-4,4
2416,72,69,3,3
2417,80,81,-1,1
2418,73,68,5,5
2419,62,66,-4,4
2420,126,120,6,6
2421,56,56,0,0
2422,90,95,-5,5
2423,95,96,-1,1
2424,67,71,-4,4
2425,37,45,-8,8
2426,128,117,11,11
2427,63,61,2,2
2428,32,42,-10,10
2429,63,61,2,2
2430,42,53,-11,11
2431,90,89,1,1
2432,58,59,-1,1
2433,159,138,21,21
2434,114,117,-3,3
2435,76,72,4,4
2436,71,70,1,1
2437,91,86,5,5
2438,144,128,16,16
2439,71,67,4,4
2440,70,75,-5,5
2441,109,106,3,3
2442,86,82,4,4
2443,114,110,4,4
2444,66,52,14,14
2445,92,82,10,10
2446,71,69,2,2
2447,92,86,6,6
2448,137,144,-7,7
2449,73,82,-9,9
2450,73,73,0,0
2451,101,93,8,8
2452,119,109,10,10
2453,97,92,5,5
2454,110,103,7,7
2455,69,63,6,6
2456,81,75,6,6
2457,67,67,0,0
2458,139,128,11,11
2459,88,86,2,2
2460,114,104,10,10
2461,64,60,4,4
2462,86,82,4,4
2463,122,115,7,7
2464,122,111,11,11
2465,94,86,8,8
2466,128,126,2,2
2467,83,77,6,6
2468,92,87,5,5
2469,175,163,12,12
2470,141,135,6,6
2471,72,79,-7,7
2472,135,137,-2,2
2473,84,78,6,6
2474,123,114,9,9
2475,113,112,1,1
2476,135,128,7,7
2477,83,81,2,2
2478,58,66,-8,8
2479,146,142,4,4
2480,123,123,0,0
2481,50,49,1,1
2482,67,77,-10,10
2483,80,84,-4,4
2484,136,128,8,8
2485,165,157,8,8
2486,84,77,7,7
2487,107,96,11,11
2488,151,144,7,7
2489,111,108,3,3
2490,51,61,-10,10
2491,78,80,-2,2
2492,145,121,24,24
2493,54,60,-6,6
2494,86,79,7,7
2495,93,89,4,4
2496,117,104,13,13
2497,52,53,-1,1
2498,84,88,-4,4
2499,196,189,7,7
2500,70,61,9,9
2501,166,163,3,3
2502,103,85,18,18
2503,67,79,-12,12
2504,54,56,-2,2
2505,91,88,3,3
2506,124,119,5,5
2507,80,80,0,0
2508,111,109,2,2
2509,108,93,15,15
2510,134,135,-1,1
2511,98,96,2,2
2512,64,85,-21,21
2513,73,75,-2,2
2514,94,92,2,2
2515,61,73,-12,12
2516,90,93,-3,3
2517,102,96,6,6
2518,150,133,17,17
2519,97,99,-2,2
2520,76,73,3,3
2521,58,60,-2,2
2522,90,73,17,17
2523,70,68,2,2
2524,65,66,-1,1
2525,78,77,1,1
2526,53,56,-3,3
2527,83,73,10,10
2528,103,75,28,28
2529,74,71,3,3
2530,173,162,11,11
2531,63,66,-3,3
2532,104,99,5,5
2533,96,96,0,0
2534,110,117,-7,7
2535,83,79,4,4
2536,89,88,1,1
2537,95,100,-5,5
2538,74,80,-6,6
2539,55,51,4,4
2540,117,113,4,4
2541,32,27,5,5
2542,64,73,-9,9
2543,103,86,17,17
2544,121,117,4,4
2545,129,115,14,14
2546,90,96,-6,6
2547,119,140,-21,21
2548,105,91,14,14
2549,78,73,5,5
2550,159,139,20,20
2551,73,74,-1,1
2552,128,123,5,5
2553,149,146,3,3
2554,129,108,21,21
2555,87,91,-4,4
2556,69,71,-2,2
2557,120,110,10,10
2558,57,56,1,1
2559,107,113,-6,6
2560,56,57,-1,1
2561,128,80,48,48
2562,153,134,19,19
2563,114,121,-7,7
2564,96,97,-1,1
2565,111,105,6,6
2566,130,128,2,2
2567,88,87,1,1
2568,75,75,0,0
2569,85,88,-3,3
2570,105,99,6,6
2571,48,48,0,0
2572,98,96,2,2
2573,62,68,-6,6
2574,142,131,11,11
2575,91,72,19,19
2576,85,84,1,1
2577,67,63,4,4
2578,116,107,9,9
2579,82,86,-4,4
2580,136,133,3,3
2581,145,122,23,23
2582,76,80,-4,4
2583,46,50,-4,4
2584,112,124,-12,12
2585,119,120,-1,1
2586,75,87,-12,12
2587,58,65,-7,7
2588,90,96,-6,6
2589,106,110,-4,4
2590,117,111,6,6
2591,97,90,7,7
2592,142,140,2,2
2593,156,142,14,14
2594,136,89,47,47
2595,73,80,-7,7
2596,98,82,16,16
2597,79,82,-3,3
2598,130,131,-1,1
2599,114,116,-2,2
2600,122,118,4,4
2601,87,79,8,8
2602,136,125,11,11
2603,157,140,17,17
2604,53,54,-1,1
2605,106,100,6,6
2606,62,65,-3,3
2607,87,87,0,0
2608,75,71,4,4
2609,71,71,0,0
2610,87,82,5,5
2611,81,77,4,4
2612,110,102,8,8
2613,119,116,3,3
2614,103,96,7,7
2615,65,59,6,6
2616,137,118,19,19
2617,66,75,-9,9
2618,78,73,5,5
2619,93,96,-3,3
2620,117,107,10,10
2621,95,91,4,4
2622,88,82,6,6
2623,102,86,16,16
2624,49,54,-5,5
2625,82,76,6,6
2626,70,73,-3,3
2627,78,83,-5,5
2628,75,72,3,3
2629,80,86,-6,6
2630,133,121,12,12
2631,82,81,1,1
2632,147,106,41,41
2633,174,158,16,16
2634,65,66,-1,1
2635,95,90,5,5
2636,105,92,13,13
2637,72,66,6,6
2638,78,78,0,0
2639,137,129,8,8
2640,153,138,15,15
2641,131,145,-14,14
2642,53,58,-5,5
2643,88,79,9,9
2644,74,75,-1,1
2645,62,64,-2,2
2646,97,103,-6,6
2647,121,115,6,6
2648,106,105,1,1
2649,76,102,-26,26
2650,103,101,2,2
2651,87,81,6,6
2652,67,64,3,3
2653,68,89,-21,21
2654,123,108,15,15
2655,68,65,3,3
2656,115,110,5,5
2657,116,101,15,15
2658,95,88,7,7
2659,57,64,-7,7
2660,106,98,8,8
2661,85,83,2,2
2662,106,91,15,15
2663,87,80,7,7
2664,86,85,1,1
2665,84,86,-2,2
2666,60,59,1,1
2667,99,100,-1,1
2668,84,95,-11,11
2669,60,61,-1,1
2670,134,113,21,21
2671,130,128,2,2
2672,78,74,4,4
2673,62,64,-2,2
2674,90,78,12,12
2675,105,110,-5,5
2676,104,102,2,2
2677,102,96,6,6
2678,125,121,4,4
2679,74,67,7,7
2680,100,95,5,5
2681,103,105,-2,2
2682,77,67,10,10
2683,86,83,3,3
2684,97,100,-3,3
2685,81,84,-3,3
2686,88,92,-4,4
2687,52,55,-3,3
2688,59,66,-7,7
2689,89,82,7,7
2690,51,65,-14,14
2691,45,52,-7,7
2692,103,107,-4,4
2693,70,75,-5,5
2694,148,141,7,7
2695,91,96,-5,5
2696,45,45,0,0
2697,146,146,0,0
2698,119,115,4,4
2699,107,110,-3,3
2700,170,150,20,20
2701,62,61,1,1
2702,130,105,25,25
2703,40,58,-18,18
2704,91,83,8,8
2705,61,63,-2,2
2706,72,66,6,6
2707,113,112,1,1
2708,120,99,21,21
2709,52,53,-1,1
2710,43,49,-6,6
2711,63,59,4,4
2712,106,106,0,0
2713,109,106,3,3
2714,136,131,5,5
2715,100,97,3,3
2716,58,60,-2,2
2717,64,61,3,3
2718,135,133,2,2
2719,125,120,5,5
2720,91,104,-13,13
2721,81,82,-1,1
2722,53,53,0,0
2723,120,114,6,6
2724,96,96,0,0
2725,42,41,1,1
2726,122,119,3,3
2727,67,62,5,5
2728,97,88,9,9
2729,65,64,1,1
2730,86,88,-2,2
2731,72,67,5,5
2732,62,59,3,3
2733,72,66,6,6
2734,83,72,11,11
2735,129,124,5,5
2736,109,105,4,4
2737,72,82,-10,10
2738,78,81,-3,3
2739,175,177,-2,2
2740,125,117,8,8
2741,65,58,7,7
2742,122,114,8,8
2743,79,80,-1,1
2744,35,44,-9,9
2745,86,90,-4,4
2746,120,107,13,13
2747,96,93,3,3
2748,152,147,5,5
2749,114,117,-3,3
2750,94,97,-3,3
2751,67,68,-1,1
2752,94,95,-1,1
2753,145,123,22,22
2754,52,56,-4,4
2755,108,107,1,1
2756,86,94,-8,8
2757,91,91,0,0
2758,132,124,8,8
2759,160,155,5,5
2760,94,83,11,11
2761,136,119,17,17
2762,46,47,-1,1
2763,76,71,5,5
2764,66,68,-2,2
2765,72,72,0,0
2766,102,99,3,3
2767,77,78,-1,1
2768,56,55,1,1
2769,139,136,3,3
2770,217,190,27,27
2771,105,103,2,2
2772,86,77,9,9
2773,172,154,18,18
2774,131,125,6,6
2775,141,131,10,10
2776,85,87,-2,2
2777,68,61,7,7
2778,90,91,-1,1
2779,75,74,1,1
2780,82,78,4,4
2781,76,72,4,4
2782,92,88,4,4
2783,76,75,1,1
2784,108,102,6,6
2785,99,94,5,5
2786,65,70,-5,5
2787,101,106,-5,5
2788,196,178,18,18
2789,80,82,-2,2
2790,130,127,3,3
2791,57,73,-16,16
2792,105,92,13,13
2793,83,84,-1,1
2794,75,88,-13,13
2795,37,45,-8,8
2796,92,97,-5,5
2797,70,70,0,0
2798,35,43,-8,8
2799,120,108,12,12
2800,87,75,12,12
2801,56,49,7,7
2802,84,80,4,4
2803,185,171,14,14
2804,95,80,15,15
2805,76,74,2,2
2806,60,59,1,1
2807,84,84,0,0
2808,67,66,1,1
2809,79,76,3,3
2810,106,104,2,2
2811,121,114,7,7
2812,81,89,-8,8
2813,93,88,5,5
2814,150,136,14,14
2815,104,106,-2,2
2816,95,91,4,4
2817,120,108,12,12
2818,140,139,1,1
2819,106,114,-8,8
2820,92,79,13,13
2821,75,74,1,1
2822,69,81,-12,12
2823,78,75,3,3
2824,57,58,-1,1
2825,71,65,6,6
2826,110,98,12,12
2827,90,87,3,3
2828,58,57,1,1
2829,52,53,-1,1
2830,108,107,1,1
2831,53,61,-8,8
2832,102,96,6,6
2833,89,92,-3,3
2834,158,138,20,20
2835,81,73,8,8
2836,93,100,-7,7
2837,127,117,10,10
2838,117,110,7,7
2839,105,94,11,11
2840,133,122,11,11
2841,106,95,11,11
2842,149,137,12,12
2843,117,108,9,9
2844,92,89,3,3
2845,74,70,4,4
2846,156,138,18,18
2847,90,85,5,5
2848,116,114,2,2
2849,118,114,4,4
2850,109,107,2,2
2851,110,106,4,4
2852,84,89,-5,5
2853,120,107,13,13
2854,145,138,7,7
2855,64,63,1,1
2856,95,110,-15,15
2857,54,53,1,1
2858,109,99,10,10
2859,81,79,2,2
2860,74,76,-2,2
2861,123,123,0,0
2862,88,87,1,1
2863,153,154,-1,1
2864,119,124,-5,5
2865,100,95,5,5
2866,91,85,6,6
2867,85,68,17,17
2868,72,68,4,4
2869,137,121,16,16
2870,120,139,-19,19
2871,58,59,-1,1
2872,106,102,4,4
2873,100,90,10,10
2874,75,76,-1,1
2875,71,66,5,5
2876,90,86,4,4
2877,56,56,0,0
2878,109,105,4,4
2879,97,98,-1,1
2880,95,90,5,5
2881,84,78,6,6
2882,64,64,0,0
2883,79,75,4,4
2884,66,64,2,2
2885,65,70,-5,5
2886,117,115,2,2
2887,143,136,7,7
2888,65,63,2,2
2889,80,77,3,3
2890,111,115,-4,4
2891,116,110,6,6
2892,80,127,-47,47
2893,89,90,-1,1
2894,181,159,22,22
2895,95,85,10,10
2896,81,79,2,2
2897,172,145,27,27
2898,137,119,18,18
2899,83,81,2,2
2900,98,96,2,2
2901,131,120,11,11
2902,75,73,2,2
2903,160,149,11,11
2904,115,101,14,14
2905,124,124,0,0
2906,121,107,14,14
2907,113,104,9,9
2908,116,106,10,10
2909,62,67,-5,5
2910,94,87,7,7
2911,92,90,2,2
2912,144,132,12,12
2913,37,88,-51,51
2914,65,69,-4,4
2915,159,169,-10,10
2916,76,70,6,6
2917,116,112,4,4
2918,79,75,4,4
2919,89,96,-7,7
2920,79,76,3,3
2921,100,105,-5,5
2922,92,86,6,6
2923,90,85,5,5
2924,53,55,-2,2
2925,97,105,-8,8
2926,148,134,14,14
2927,104,107,-3,3
2928,57,51,6,6
2929,71,66,5,5
2930,116,121,-5,5
2931,191,179,12,12
2932,122,114,8,8
2933,60,63,-3,3
2934,125,148,-23,23
2935,69,77,-8,8
2936,98,96,2,2
2937,131,114,17,17
2938,105,107,-2,2
2939,103,96,7,7
2940,60,65,-5,5
2941,67,66,1,1
2942,118,111,7,7
2943,58,79,-21,21
2944,76,72,4,4
2945,109,95,14,14
2946,72,69,3,3
2947,87,81,6,6
2948,57,59,-2,2
2949,85,83,2,2
2950,78,80,-2,2
2951,88,80,8,8
2952,75,70,5,5
2953,124,112,12,12
2954,84,88,-4,4
2955,112,104,8,8
2956,98,87,11,11
2957,152,138,14,14
2958,54,55,-1,1
2959,121,120,1,1
2960,164,144,20,20
2961,58,59,-1,1
2962,164,151,13,13
2963,47,54,-7,7
2964,163,165,-2,2
2965,104,96,8,8
2966,66,69,-3,3
2967,111,106,5,5
2968,60,67,-7,7
2969,45,45,0,0
2970,98,87,11,11
2971,129,114,15,15
2972,94,91,3,3
2973,100,97,3,3
2974,88,90,-2,2
2975,79,76,3,3
2976,73,75,-2,2
2977,125,117,8,8
2978,91,91,0,0
2979,102,101,1,1
2980,137,127,10,10
2981,186,176,10,10
2982,67,70,-3,3
2983,59,62,-3,3
2984,36,42,-6,6
2985,128,116,12,12
2986,80,74,6,6
2987,102,114,-12,12
2988,137,111,26,26
2989,58,49,9,9
2990,94,90,4,4
2991,90,84,6,6
2992,110,98,12,12
2993,101,107,-6,6
2994,78,78,0,0
2995,121,104,17,17
2996,87,83,4,4
2997,81,86,-5,5
2998,70,70,0,0
2999,142,129,13,13
3000,93,91,2,2
3001,98,86,12,12
3002,125,120,5,5
3003,65,63,2,2
3004,126,121,5,5
3005,77,74,3,3
3006,79,82,-3,3
3007,85,84,1,1
3008,65,64,1,1
3009,74,77,-3,3
3010,124,123,1,1
3011,112,99,13,13
3012,99,100,-1,1
3013,73,66,7,7
3014,97,99,-2,2
3015,73,72,1,1
3016,58,80,-22,22
3017,172,158,14,14
3018,91,86,5,5
3019,67,70,-3,3
3020,100,97,3,3
3021,110,108,2,2
3022,58,65,-7,7
3023,96,96,0,0
3024,69,78,-9,9
3025,91,87,4,4
3026,64,66,-2,2
3027,71,72,-1,1
3028,49,65,-16,16
3029,88,93,-5,5
3030,147,122,25,25
3031,71,66,5,5
3032,117,109,8,8
3033,89,93,-4,4
3034,95,88,7,7
3035,78,80,-2,2
3036,82,92,-10,10
3037,72,77,-5,5
3038,137,115,22,22
3039,122,120,2,2
3040,115,106,9,9
3041,120,109,11,11
3042,119,119,0,0
3043,84,80,4,4
3044,88,80,8,8
3045,60,59,1,1
3046,115,108,7,7
3047,81,74,7,7
3048,136,141,-5,5
3049,85,91,-6,6
3050,100,107,-7,7
3051,118,119,-1,1
3052,109,102,7,7
3053,61,76,-15,15
3054,105,100,5,5
3055,206,183,23,23
3056,112,107,5,5
3057,83,81,2,2
3058,181,179,2,2
3059,151,137,14,14
3060,104,101,3,3
3061,83,95,-12,12
3062,109,98,11,11
3063,62,65,-3,3
3064,76,75,1,1
3065,86,91,-5,5
3066,127,110,17,17
3067,83,78,5,5
3068,122,104,18,18
3069,103,102,1,1
3070,107,104,3,3
3071,94,89,5,5
3072,103,86,17,17
3073,72,69,3,3
3074,66,69,-3,3
3075,70,83,-13,13
3076,54,50,4,4
3077,57,67,-10,10
3078,165,159,6,6
3079,125,115,10,10
3080,125,126,-1,1
3081,92,88,4,4
3082,53,45,8,8
3083,106,121,-15,15
3084,95,87,8,8
3085,94,87,7,7
3086,72,76,-4,4
3087,78,75,3,3
3088,113,107,6,6
3089,106,91,15,15
3090,101,94,7,7
3091,102,109,-7,7
3092,95,84,11,11
3093,69,71,-2,2
3094,74,68,6,6
3095,104,91,13,13
3096,78,81,-3,3
3097,86,88,-2,2
3098,41,46,-5,5
3099,86,85,1,1
3100,80,74,6,6
3101,182,162,20,20
3102,83,83,0,0
3103,65,64,1,1
3104,81,71,10,10
3105,159,146,13,13
3106,103,97,6,6
3107,102,92,10,10
3108,60,52,8,8
3109,142,125,17,17
3110,62,64,-2,2
3111,129,120,9,9
3112,79,85,-6,6
3113,87,85,2,2
3114,127,113,14,14
3115,56,61,-5,5
3116,94,102,-8,8
3117,90,83,7,7
3118,62,68,-6,6
3119,60,66,-6,6
3120,110,125,-15,15
3121,98,97,1,1
3122,58,62,-4,4
3123,88,85,3,3
3124,35,36,-1,1
3125,138,131,7,7
3126,73,74,-1,1
3127,99,80,19,19
3128,87,79,8,8
3129,69,70,-1,1
3130,102,89,13,13
3131,89,91,-2,2
3132,106,94,12,12
3133,116,107,9,9
3134,69,70,-1,1
3135,75,71,4,4
3136,91,83,8,8
3137,67,68,-1,1
3138,133,132,1,1
3139,76,77,-1,1
3140,103,88,15,15
3141,71,63,8,8
3142,135,123,12,12
3143,99,98,1,1
3144,104,96,8,8
3145,146,125,21,21
3146,57,44,13,13
3147,108,112,-4,4
3148,82,76,6,6
3149,106,93,13,13
3150,110,106,4,4
3151,98,97,1,1
3152,62,57,5,5
3153,102,99,3,3
3154,130,128,2,2
3155,108,96,12,12
3156,61,66,-5,5
3157,73,83,-10,10
3158,54,57,-3,3
3159,63,56,7,7
3160,140,118,22,22
3161,47,114,-67,67
3162,68,77,-9,9
3163,134,120,14,14
3164,106,97,9,9
3165,72,73,-1,1
3166,107,105,2,2
3167,107,99,8,8
3168,53,53,0,0
3169,112,103,9,9
3170,124,117,7,7
3171,103,95,8,8
3172,76,79,-3,3
3173,103,102,1,1
3174,92,90,2,2
3175,40,47,-7,7
3176,79,76,3,3
3177,83,87,-4,4
3178,77,75,2,2
3179,75,71,4,4
3180,63,56,7,7
3181,134,126,8,8
3182,66,69,-3,3
3183,173,168,5,5
3184,100,85,15,15
3185,119,102,17,17
3186,143,138,5,5
3187,61,70,-9,9
3188,59,63,-4,4
3189,91,94,-3,3
3190,61,56,5,5
3191,127,120,7,7
3192,164,155,9,9
3193,81,76,5,5
3194,136,127,9,9
3195,73,79,-6,6
3196,72,73,-1,1
3197,82,79,3,3
3198,79,78,1,1
3199,70,76,-6,6
3200,95,89,6,6
3201,63,64,-1,1
3202,67,75,-8,8
3203,127,124,3,3
3204,107,98,9,9
3205,58,60,-2,2
3206,91,89,2,2
3207,60,54,6,6
3208,94,103,-9,9
3209,90,75,15,15
3210,49,48,1,1
3211,94,111,-17,17
3212,68,60,8,8
3213,86,73,13,13
3214,107,92,15,15
3215,54,56,-2,2
3216,88,79,9,9
3217,69,73,-4,4
3218,85,80,5,5
3219,99,92,7,7
3220,116,120,-4,4
3221,113,104,9,9
3222,42,58,-16,16
3223,36,37,-1,1
3224,52,58,-6,6
3225,88,78,10,10
3226,62,69,-7,7
3227,87,77,10,10
3228,97,108,-11,11
3229,94,93,1,1
3230,113,106,7,7
3231,168,155,13,13
3232,107,97,10,10
3233,130,123,7,7
3234,169,143,26,26
3235,84,87,-3,3
3236,151,121,30,30
3237,75,68,7,7
3238,73,72,1,1
3239,64,70,-6,6
3240,144,143,1,1
3241,86,86,0,0
3242,91,85,6,6
3243,76,71,5,5
3244,112,113,-1,1
3245,46,67,-21,21
3246,51,59,-8,8
3247,116,102,14,14
3248,106,116,-10,10
3249,63,71,-8,8
3250,115,105,10,10
3251,151,156,-5,5
3252,70,65,5,5
3253,153,146,7,7
3254,66,64,2,2
3255,95,97,-2,2
3256,71,70,1,1
3257,75,79,-4,4
3258,83,77,6,6
3259,75,69,6,6
3260,111,95,16,16
3261,95,94,1,1
3262,133,112,21,21
3263,56,48,8,8
3264,42,46,-4,4
3265,61,68,-7,7
3266,72,71,1,1
3267,60,60,0,0
3268,95,85,10,10
3269,115,122,-7,7
3270,101,103,-2,2
3271,65,66,-1,1
3272,100,105,-5,5
3273,69,73,-4,4
3274,81,74,7,7
3275,82,83,-1,1
3276,107,100,7,7
3277,112,113,-1,1
3278,99,92,7,7
3279,75,71,4,4
3280,161,151,10,10
3281,76,71,5,5
3282,142,133,9,9
3283,111,101,10,10
3284,78,79,-1,1
3285,137,130,7,7
3286,40,40,0,0
3287,65,69,-4,4
3288,88,89,-1,1
3289,103,85,18,18
3290,143,160,-17,17
3291,37,36,1,1
3292,65,57,8,8
3293,90,80,10,10
3294,97,82,15,15
3295,107,101,6,6
3296,104,106,-2,2
3297,151,134,17,17
3298,98,96,2,2
3299,91,95,-4,4
3300,90,79,11,11
3301,79,84,-5,5
3302,62,57,5,5
3303,83,77,6,6
3304,102,104,-2,2
3305,92,96,-4,4
3306,48,52,-4,4
3307,103,101,2,2
3308,65,58,7,7
3309,84,82,2,2
3310,57,58,-1,1
3311,108,107,1,1
3312,80,79,1,1
3313,66,81,-15,15
3314,106,112,-6,6
3315,52,54,-2,2
3316,107,115,-8,8
3317,107,92,15,15
3318,57,59,-2,2
3319,137,129,8,8
3320,69,70,-1,1
3321,90,82,8,8
3322,65,68,-3,3
3323,49,52,-3,3
3324,153,142,11,11
3325,119,110,9,9
3326,75,77,-2,2
3327,160,147,13,13
3328,140,136,4,4
3329,146,147,-1,1
3330,104,84,20,20
3331,94,93,1,1
3332,60,53,7,7
3333,118,100,18,18
3334,71,68,3,3
3335,66,68,-2,2
3336,183,160,23,23
3337,103,89,14,14
3338,119,107,12,12
3339,107,115,-8,8
3340,92,84,8,8
3341,89,93,-4,4
3342,116,105,11,11
3343,84,78,6,6
3344,118,118,0,0
3345,52,58,-6,6
3346,75,81,-6,6
3347,163,152,11,11
3348,96,94,2,2
3349,104,106,-2,2
3350,135,134,1,1
3351,78,75,3,3
3352,127,115,12,12
3353,96,91,5,5
3354,123,104,19,19
3355,119,102,17,17
3356,83,84,-1,1
3357,107,104,3,3
3358,96,81,15,15
3359,105,94,11,11
3360,142,119,23,23
3361,67,72,-5,5
3362,67,75,-8,8
3363,126,118,8,8
3364,59,64,-5,5
3365,59,60,-1,1
3366,74,75,-1,1
3367,87,85,2,2
3368,69,71,-2,2
3369,66,67,-1,1
3370,117,102,15,15
3371,186,173,13,13
3372,63,69,-6,6
3373,125,121,4,4
3374,87,77,10,10
3375,97,96,1,1
3376,96,87,9,9
3377,49,48,1,1
3378,105,107,-2,2
3379,48,47,1,1
3380,111,103,8,8
3381,98,99,-1,1
3382,123,109,14,14
3383,74,66,8,8
3384,55,56,-1,1
3385,124,118,6,6
3386,151,141,10,10
3387,54,51,3,3
3388,44,46,-2,2
3389,78,82,-4,4
3390,141,143,-2,2
3391,85,90,-5,5
3392,40,56,-16,16
3393,77,72,5,5
3394,104,93,11,11
3395,71,65,6,6
3396,94,99,-5,5
3397,98,104,-6,6
3398,56,61,-5,5
3399,64,69,-5,5
3400,107,103,4,4
3401,58,62,-4,4
3402,40,45,-5,5
3403,107,90,17,17
3404,110,100,10,10
3405,124,108,16,16
3406,100,87,13,13
3407,88,93,-5,5
3408,131,109,22,22
3409,93,83,10,10
3410,134,125,9,9
3411,81,87,-6,6
3412,81,84,-3,3
3413,84,86,-2,2
3414,86,86,0,0
3415,152,151,1,1
3416,64,66,-2,2
3417,73,79,-6,6
3418,118,111,7,7
3419,73,65,8,8
3420,88,77,11,11
3421,112,120,-8,8
3422,141,133,8,8
3423,150,149,1,1
3424,105,103,2,2
3425,163,149,14,14
3426,29,41,-12,12
3427,94,91,3,3
3428,67,71,-4,4
3429,98,109,-11,11
3430,89,88,1,1
3431,106,99,7,7
3432,100,97,3,3
3433,107,95,12,12
3434,64,68,-4,4
3435,45,52,-7,7
3436,77,79,-2,2
3437,144,127,17,17
3438,103,101,2,2
3439,67,104,-37,37
3440,38,41,-3,3
3441,116,106,10,10
3442,102,98,4,4
3443,119,108,11,11
3444,88,88,0,0
3445,111,103,8,8
3446,48,48,0,0
3447,131,106,25,25
3448,86,83,3,3
3449,76,74,2,2
3450,80,83,-3,3
3451,99,90,9,9
3452,132,125,7,7
3453,91,102,-11,11
3454,105,101,4,4
3455,159,159,0,0
3456,117,107,10,10
3457,142,139,3,3
3458,69,62,7,7
3459,79,78,1,1
3460,134,135,-1,1
3461,101,91,10,10
3462,94,88,6,6
3463,97,113,-16,16
3464,112,94,18,18
3465,70,66,4,4
3466,139,125,14,14
3467,120,109,11,11
3468,93,92,1,1
3469,70,72,-2,2
3470,77,70,7,7
3471,91,87,4,4
3472,57,52,5,5
3473,75,82,-7,7
3474,64,61,3,3
3475,88,87,1,1
3476,90,91,-1,1
3477,82,84,-2,2
3478,54,57,-3,3
3479,101,92,9,9
3480,102,105,-3,3
3481,92,89,3,3
3482,77,73,4,4
3483,76,77,-1,1
3484,109,113,-4,4
3485,48,53,-5,5
3486,86,80,6,6
3487,91,86,5,5
3488,60,56,4,4
3489,117,115,2,2
3490,121,121,0,0
3491,129,132,-3,3
3492,90,95,-5,5
3493,106,82,24,24
3494,80,70,10,10
3495,129,108,21,21
3496,65,67,-2,2
3497,48,50,-2,2
3498,104,97,7,7
3499,72,68,4,4
3500,69,68,1,1
3501,115,108,7,7
3502,147,159,-12,12
3503,83,85,-2,2
3504,96,91,5,5
3505,83,77,6,6
3506,106,99,7,7
3507,83,82,1,1
3508,94,79,15,15
3509,101,82,19,19
3510,112,109,3,3
3511,56,62,-6,6
3512,106,104,2,2
3513,93,84,9,9
3514,83,88,-5,5
3515,60,62,-2,2
3516,116,118,-2,2
3517,127,109,18,18
3518,65,68,-3,3
3519,134,133,1,1
3520,45,53,-8,8
3521,74,79,-5,5
3522,107,103,4,4
3523,97,96,1,1
3524,145,137,8,8
3525,101,99,2,2
3526,104,88,16,16
3527,90,89,1,1
3528,98,92,6,6
3529,107,106,1,1
3530,66,66,0,0
3531,76,81,-5,5
3532,39,38,1,1
3533,89,85,4,4
3534,47,53,-6,6
3535,68,77,-9,9
3536,47,47,0,0
3537,194,163,31,31
3538,107,114,-7,7
3539,155,144,11,11
3540,163,151,12,12
3541,93,83,10,10
3542,124,126,-2,2
3543,28,34,-6,6
3544,101,104,-3,3
3545,70,71,-1,1
3546,61,66,-5,5
3547,92,83,9,9
3548,78,80,-2,2
3549,51,53,-2,2
3550,99,94,5,5
3551,95,92,3,3
3552,137,118,19,19
3553,90,83,7,7
3554,84,87,-3,3
3555,72,77,-5,5
3556,83,88,-5,5
3557,94,93,1,1
3558,86,80,6,6
3559,86,75,11,11
3560,87,90,-3,3
3561,104,109,-5,5
3562,58,63,-5,5
3563,50,64,-14,14
3564,44,45,-1,1
3565,83,80,3,3
3566,97,90,7,7
3567,146,125,21,21
3568,147,126,21,21
3569,107,100,7,7
3570,117,99,18,18
3571,152,151,1,1
3572,130,109,21,21
3573,157,134,23,23
3574,268,232,36,36
3575,90,82,8,8
3576,101,102,-1,1
3577,73,73,0,0
3578,120,118,2,2
3579,86,82,4,4
3580,144,125,19,19
3581,97,91,6,6
3582,93,86,7,7
3583,49,48,1,1
3584,97,98,-1,1
3585,99,85,14,14
3586,63,59,4,4
3587,135,120,15,15
3588,66,68,-2,2
3589,71,69,2,2
3590,74,70,4,4
3591,160,140,20,20
3592,52,60,-8,8
3593,84,76,8,8
3594,127,125,2,2
3595,82,83,-1,1
3596,80,83,-3,3
3597,108,106,2,2
3598,104,108,-4,4
3599,106,97,9,9
3600,154,142,12,12
3601,54,58,-4,4
3602,91,96,-5,5
3603,115,125,-10,10
3604,98,101,-3,3
3605,117,114,3,3
3606,46,50,-4,4
3607,93,91,2,2
3608,50,54,-4,4
3609,110,142,-32,32
3610,101,97,4,4
3611,121,112,9,9
3612,129,130,-1,1
3613,123,108,15,15
3614,55,71,-16,16
3615,97,82,15,15
3616,102,99,3,3
3617,127,133,-6,6
3618,66,75,-9,9
3619,75,74,1,1
3620,125,127,-2,2
3621,75,68,7,7
3622,137,142,-5,5
3623,76,72,4,4
3624,80,67,13,13
3625,93,94,-1,1
3626,213,205,8,8
3627,73,68,5,5
3628,99,91,8,8
3629,152,143,9,9
3630,110,109,1,1
3631,53,60,-7,7
3632,83,79,4,4
3633,94,95,-1,1
3634,60,62,-2,2
3635,150,138,12,12
3636,146,126,20,20
3637,156,161,-5,5
3638,99,96,3,3
3639,66,64,2,2
3640,85,74,11,11
3641,68,82,-14,14
3642,174,159,15,15
3643,112,96,16,16
3644,102,103,-1,1
3645,96,93,3,3
3646,123,112,11,11
3647,62,69,-7,7
3648,42,46,-4,4
3649,84,76,8,8
3650,99,112,-13,13
3651,96,97,-1,1
3652,94,86,8,8
3653,88,79,9,9
3654,113,104,9,9
3655,136,135,1,1
3656,51,56,-5,5
3657,82,89,-7,7
3658,103,89,14,14
3659,109,99,10,10
3660,39,49,-10,10
3661,66,58,8,8
3662,68,63,5,5
3663,97,87,10,10
3664,85,80,5,5
3665,123,111,12,12
3666,134,131,3,3
3667,171,157,14,14
3668,88,86,2,2
3669,83,72,11,11
3670,52,53,-1,1
3671,90,87,3,3
3672,75,72,3,3
3673,80,76,4,4
3674,85,74,11,11
3675,113,120,-7,7
3676,85,71,14,14
3677,124,114,10,10
3678,126,113,13,13
3679,136,119,17,17
3680,111,107,4,4
3681,122,104,18,18
3682,84,83,1,1
3683,53,56,-3,3
3684,83,85,-2,2
3685,132,128,4,4
3686,133,128,5,5
3687,96,90,6,6
3688,53,53,0,0
3689,87,96,-9,9
3690,63,61,2,2
3691,92,79,13,13
3692,73,79,-6,6
3693,142,131,11,11
3694,93,77,16,16
3695,69,65,4,4
3696,59,58,1,1
3697,120,122,-2,2
3698,52,47,5,5
3699,50,47,3,3
3700,80,85,-5,5
3701,68,70,-2,2
3702,73,70,3,3
3703,245,201,44,44
3704,147,145,2,2
3705,75,73,2,2
3706,59,67,-8,8
3707,84,79,5,5
3708,92,87,5,5
3709,146,131,15,15
3710,183,178,5,5
3711,64,68,-4,4
3712,101,83,18,18
3713,102,100,2,2
3714,117,109,8,8
3715,178,166,12,12
3716,143,120,23,23
3717,68,71,-3,3
3718,90,82,8,8
3719,48,45,3,3
3720,74,72,2,2
3721,63,60,3,3
3722,74,71,3,3
3723,83,84,-1,1
3724,89,92,-3,3
3725,112,100,12,12
3726,89,93,-4,4
3727,71,70,1,1
3728,72,73,-1,1
3729,66,63,3,3
3730,173,167,6,6
3731,139,134,5,5
3732,94,94,0,0
3733,48,52,-4,4
3734,102,99,3,3
3735,69,68,1,1
3736,67,61,6,6
3737,91,88,3,3
3738,109,107,2,2
3739,39,42,-3,3
3740,146,131,15,15
3741,103,102,1,1
3742,149,146,3,3
3743,78,70,8,8
3744,78,79,-1,1
3745,76,66,10,10
3746,81,84,-3,3
3747,155,147,8,8
3748,76,81,-5,5
3749,113,102,11,11
3750,87,84,3,3
3751,81,68,13,13
3752,82,83,-1,1
3753,107,109,-2,2
3754,148,142,6,6
3755,57,67,-10,10
3756,73,69,4,4
3757,112,100,12,12
3758,48,48,0,0
3759,77,83,-6,6
3760,142,127,15,15
3761,142,123,19,19
3762,122,118,4,4
3763,67,65,2,2
3764,132,113,19,19
3765,134,148,-14,14
3766,96,83,13,13
3767,70,66,4,4
3768,84,84,0,0
3769,108,92,16,16
3770,159,150,9,9
3771,114,118,-4,4
3772,71,71,0,0
3773,88,93,-5,5
3774,95,90,5,5
3775,36,36,0,0
3776,99,100,-1,1
3777,54,54,0,0
3778,148,132,16,16
3779,75,67,8,8
3780,64,73,-9,9
3781,170,161,9,9
3782,176,155,21,21
3783,143,127,16,16
3784,108,94,14,14
3785,94,158,-64,64
3786,102,111,-9,9
3787,92,97,-5,5
3788,132,126,6,6
3789,84,83,1,1
3790,152,146,6,6
3791,94,81,13,13
3792,103,101,2,2
3793,122,114,8,8
3794,79,82,-3,3
3795,81,67,14,14
3796,81,82,-1,1
3797,65,59,6,6
3798,90,76,14,14
3799,85,86,-1,1
3800,74,73,1,1
3801,110,102,8,8
3802,62,69,-7,7
3803,132,128,4,4
3804,94,91,3,3
3805,77,71,6,6
3806,69,77,-8,8
3807,90,83,7,7
3808,58,60,-2,2
3809,101,103,-2,2
3810,72,77,-5,5
3811,49,65,-16,16
3812,120,119,1,1
3813,60,72,-12,12
3814,140,151,-11,11
3815,53,53,0,0
3816,66,66,0,0
3817,60,56,4,4
3818,103,102,1,1
3819,92,93,-1,1
3820,158,133,25,25
3821,71,84,-13,13
3822,73,76,-3,3
3823,66,69,-3,3
3824,149,136,13,13
3825,146,137,9,9
3826,68,64,4,4
3827,108,107,1,1
3828,54,59,-5,5
3829,70,67,3,3
3830,98,96,2,2
3831,112,105,7,7
3832,64,65,-1,1
3833,96,95,1,1
3834,124,131,-7,7
3835,73,71,2,2
3836,75,73,2,2
3837,97,93,4,4
3838,100,99,1,1
3839,153,167,-14,14
3840,145,141,4,4
3841,98,89,9,9
3842,114,98,16,16
3843,111,93,18,18
3844,68,74,-6,6
3845,60,65,-5,5
3846,87,95,-8,8
3847,74,61,13,13
3848,54,62,-8,8
3849,77,73,4,4
3850,63,59,4,4
3851,120,110,10,10
3852,107,93,14,14
3853,75,76,-1,1
3854,96,95,1,1
3855,50,41,9,9
3856,152,123,29,29
3857,133,125,8,8
3858,140,137,3,3
3859,63,64,-1,1
3860,82,89,-7,7
3861,101,109,-8,8
3862,78,73,5,5
3863,101,92,9,9
3864,74,72,2,2
3865,104,95,9,9
3866,97,95,2,2
3867,55,65,-10,10
3868,166,152,14,14
3869,110,98,12,12
3870,76,92,-16,16
3871,81,81,0,0
3872,128,120,8,8
3873,108,104,4,4
3874,68,66,2,2
3875,86,84,2,2
3876,79,75,4,4
3877,65,67,-2,2
3878,148,140,8,8
3879,165,144,21,21
3880,96,97,-1,1
3881,61,61,0,0
3882,86,75,11,11
3883,65,68,-3,3
3884,124,123,1,1
3885,94,87,7,7
3886,55,53,2,2
3887,71,70,1,1
3888,132,111,21,21
3889,55,54,1,1
3890,97,103,-6,6
3891,96,98,-2,2
3892,101,96,5,5
3893,100,83,17,17
3894,78,71,7,7
3895,132,131,1,1
3896,73,75,-2,2
3897,93,78,15,15
3898,51,48,3,3
3899,136,130,6,6
3900,80,68,12,12
3901,159,165,-6,6
3902,151,136,15,15
3903,64,62,2,2
3904,75,76,-1,1
3905,151,127,24,24
3906,72,78,-6,6
3907,113,98,15,15
3908,88,88,0,0
3909,93,86,7,7
3910,62,71,-9,9
3911,59,68,-9,9
3912,104,99,5,5
3913,133,120,13,13
3914,66,75,-9,9
3915,90,95,-5,5
3916,98,92,6,6
3917,181,139,42,42
3918,68,62,6,6
3919,81,76,5,5
3920,148,137,11,11
3921,92,79,13,13
3922,109,99,10,10
3923,176,164,12,12
3924,236,199,37,37
3925,112,103,9,9
3926,74,75,-1,1
3927,82,71,11,11
3928,78,74,4,4
3929,83,82,1,1
3930,89,86,3,3
3931,95,92,3,3
3932,177,161,16,16
3933,53,63,-10,10
3934,94,100,-6,6
3935,104,96,8,8
3936,63,63,0,0
3937,94,90,4,4
3938,95,89,6,6
3939,122,106,16,16
3940,135,121,14,14
3941,170,146,24,24
3942,104,115,-11,11
3943,153,124,29,29
3944,70,91,-21,21
3945,124,110,14,14
3946,81,75,6,6
3947,143,130,13,13
3948,86,96,-10,10
3949,87,80,7,7
3950,92,94,-2,2
3951,111,102,9,9
3952,73,76,-3,3
3953,83,71,12,12
3954,117,107,10,10
3955,92,87,5,5
3956,70,77,-7,7
3957,107,101,6,6
3958,62,69,-7,7
3959,96,91,5,5
3960,93,88,5,5
3961,50,51,-1,1
3962,61,55,6,6
3963,118,118,0,0
3964,117,110,7,7
3965,116,105,11,11
3966,183,164,19,19
3967,56,61,-5,5
3968,67,65,2,2
3969,81,74,7,7
3970,117,105,12,12
3971,98,90,8,8
3972,63,57,6,6
3973,62,63,-1,1
3974,84,88,-4,4
3975,156,147,9,9
3976,105,96,9,9
3977,89,79,10,10
3978,132,133,-1,1
3979,106,103,3,3
3980,111,107,4,4
3981,150,149,1,1
3982,95,100,-5,5
3983,20,36,-16,16
3984,99,95,4,4
3985,103,100,3,3
3986,73,85,-12,12
3987,83,80,3,3
3988,69,61,8,8
3989,130,124,6,6
3990,106,100,6,6
3991,104,87,17,17
3992,125,128,-3,3
3993,121,97,24,24
3994,190,174,16,16
3995,116,113,3,3
3996,87,101,-14,14
3997,71,72,-1,1
3998,71,79,-8,8
3999,146,148,-2,2
4000,97,96,1,1
4001,98,91,7,7
4002,127,125,2,2
4003,74,74,0,0
4004,47,47,0,0
4005,92,86,6,6
4006,82,75,7,7
4007,118,110,8,8
4008,137,115,22,22
4009,101,94,7,7
4010,51,55,-4,4
4011,88,93,-5,5
4012,177,155,22,22
4013,82,75,7,7
4014,90,91,-1,1
4015,99,89,10,10
4016,83,84,-1,1
4017,104,97,7,7
4018,83,74,9,9
4019,57,61,-4,4
4020,155,147,8,8
4021,107,98,9,9
4022,72,77,-5,5
4023,72,67,5,5
4024,102,98,4,4
4025,90,85,5,5
4026,111,99,12,12
4027,123,109,14,14
4028,46,48,-2,2
4029,81,81,0,0
4030,95,79,16,16
4031,125,113,12,12
4032,105,94,11,11
4033,74,72,2,2
4034,166,145,21,21
4035,96,95,1,1
4036,70,67,3,3
4037,56,52,4,4
4038,66,61,5,5
4039,85,82,3,3
4040,46,49,-3,3
4041,47,68,-21,21
4042,68,72,-4,4
4043,130,120,10,10
4044,141,136,5,5
4045,95,92,3,3
4046,111,98,13,13
4047,50,53,-3,3
4048,111,111,0,0
4049,100,103,-3,3
4050,72,69,3,3
4051,80,82,-2,2
4052,120,102,18,18
4053,180,162,18,18
4054,39,45,-6,6
4055,103,109,-6,6
4056,95,92,3,3
4057,146,147,-1,1
4058,110,100,10,10
4059,48,37,11,11
4060,83,98,-15,15
4061,66,81,-15,15
4062,86,89,-3,3
4063,79,73,6,6
4064,113,113,0,0
4065,114,106,8,8
4066,86,73,13,13
4067,165,154,11,11
4068,69,80,-11,11
4069,124,121,3,3
4070,103,105,-2,2
4071,76,64,12,12
4072,118,114,4,4
4073,157,148,9,9
4074,107,99,8,8
4075,170,138,32,32
4076,58,58,0,0
4077,59,63,-4,4
4078,124,107,17,17
4079,142,120,22,22
4080,105,117,-12,12
4081,116,112,4,4
4082,140,135,5,5
4083,92,85,7,7
4084,130,129,1,1
4085,113,109,4,4
4086,129,135,-6,6
4087,73,84,-11,11
4088,100,98,2,2
4089,87,94,-7,7
4090,75,68,7,7
4091,87,90,-3,3
4092,113,95,18,18
4093,64,66,-2,2
4094,83,78,5,5
4095,75,75,0,0
4096,124,123,1,1
4097,87,83,4,4
4098,63,68,-5,5
4099,78,72,6,6
4100,86,86,0,0
4101,104,109,-5,5
4102,95,93,2,2
4103,119,122,-3,3
4104,99,104,-5,5
4105,54,61,-7,7
4106,73,71,2,2
4107,71,67,4,4
4108,83,79,4,4
4109,182,149,33,33
4110,74,81,-7,7
4111,133,126,7,7
4112,80,74,6,6
4113,98,102,-4,4
4114,98,97,1,1
4115,96,91,5,5
4116,84,72,12,12
4117,199,195,4,4
4118,153,136,17,17
4119,121,128,-7,7
4120,104,111,-7,7
4121,79,82,-3,3
4122,109,91,18,18
4123,74,78,-4,4
4124,48,53,-5,5
4125,127,119,8,8
4126,77,81,-4,4
4127,57,66,-9,9
4128,88,81,7,7
4129,76,68,8,8
4130,120,114,6,6
4131,86,91,-5,5
4132,62,69,-7,7
4133,60,59,1,1
4134,83,77,6,6
4135,90,88,2,2
4136,69,70,-1,1
4137,65,67,-2,2
4138,97,92,5,5
4139,107,99,8,8
4140,131,131,0,0
4141,118,107,11,11
4142,107,126,-19,19
4143,72,78,-6,6
4144,153,144,9,9
4145,83,79,4,4
4146,55,60,-5,5
4147,106,102,4,4
4148,97,100,-3,3
4149,176,164,12,12
4150,139,124,15,15
4151,84,92,-8,8
4152,112,100,12,12
4153,58,66,-8,8
4154,119,112,7,7
4155,75,77,-2,2
4156,155,151,4,4
4157,71,62,9,9
4158,150,135,15,15
4159,94,91,3,3
4160,54,62,-8,8
4161,70,74,-4,4
4162,125,112,13,13
4163,36,34,2,2
4164,78,79,-1,1
4165,96,91,5,5
4166,100,92,8,8
4167,106,100,6,6
4168,129,113,16,16
4169,39,41,-2,2
4170,44,47,-3,3
4171,97,93,4,4
4172,80,86,-6,6
4173,52,50,2,2
4174,102,95,7,7
4175,101,93,8,8
4176,90,88,2,2
4177,151,139,12,12
4178,82,77,5,5
4179,117,109,8,8
4180,63,74,-11,11
4181,135,128,7,7
4182,71,68,3,3
4183,96,103,-7,7
4184,123,116,7,7
4185,75,73,2,2
4186,60,68,-8,8
4187,103,103,0,0
4188,59,61,-2,2
4189,116,122,-6,6
4190,92,87,5,5
4191,76,65,11,11
4192,53,46,7,7
4193,107,108,-1,1
4194,70,70,0,0
4195,101,95,6,6
4196,88,82,6,6
4197,84,85,-1,1
4198,26,48,-22,22
4199,107,107,0,0
4200,121,117,4,4
4201,66,67,-1,1
4202,75,82,-7,7
4203,140,142,-2,2
4204,87,78,9,9
4205,57,49,8,8
4206,100,94,6,6
4207,183,157,26,26
4208,131,125,6,6
4209,98,122,-24,24
4210,70,74,-4,4
4211,80,76,4,4
4212,112,110,2,2
4213,164,166,-2,2
4214,112,98,14,14
4215,49,52,-3,3
4216,69,74,-5,5
4217,64,74,-10,10
4218,78,81,-3,3
4219,116,123,-7,7
4220,113,101,12,12
4221,123,119,4,4
4222,101,104,-3,3
4223,100,102,-2,2
4224,84,79,5,5
4225,114,105,9,9
4226,109,96,13,13
4227,52,49,3,3
4228,115,101,14,14
4229,106,103,3,3
4230,93,89,4,4
4231,69,75,-6,6
4232,149,140,9,9
4233,87,83,4,4
4234,103,93,10,10
4235,106,106,0,0
4236,76,90,-14,14
4237,124,129,-5,5
4238,115,118,-3,3
4239,82,77,5,5
4240,152,150,2,2
4241,138,131,7,7
4242,196,179,17,17
4243,133,110,23,23
4244,146,139,7,7
4245,105,109,-4,4
4246,92,98,-6,6
4247,71,67,4,4
4248,97,98,-1,1
4249,70,71,-1,1
4250,107,114,-7,7
4251,80,81,-1,1
4252,63,76,-13,13
4253,75,72,3,3
4254,75,77,-2,2
4255,75,77,-2,2
4256,104,94,10,10
4257,152,138,14,14
4258,71,67,4,4
4259,107,95,12,12
4260,161,146,15,15
4261,71,76,-5,5
4262,91,83,8,8
4263,98,87,11,11
4264,108,105,3,3
4265,78,72,6,6
4266,116,116,0,0
4267,108,93,15,15
4268,81,80,1,1
4269,65,73,-8,8
4270,111,110,1,1
4271,70,66,4,4
4272,55,60,-5,5
4273,102,94,8,8
4274,102,97,5,5
4275,56,56,0,0
4276,100,86,14,14
4277,47,44,3,3
4278,145,133,12,12
4279,108,98,10,10
4280,143,132,11,11
4281,123,119,4,4
4282,172,158,14,14
4283,60,66,-6,6
4284,105,96,9,9
4285,46,46,0,0
4286,80,66,14,14
4287,114,112,2,2
4288,189,176,13,13
4289,82,74,8,8
4290,126,121,5,5
4291,157,141,16,16
4292,147,166,-19,19
4293,27,61,-34,34
4294,79,74,5,5
4295,75,71,4,4
4296,65,61,4,4
4297,68,65,3,3
4298,126,119,7,7
4299,133,124,9,9
4300,101,86,15,15
4301,80,78,2,2
4302,103,92,11,11
4303,95,90,5,5
4304,103,103,0,0
4305,113,105,8,8
4306,42,40,2,2
4307,85,86,-1,1
4308,82,80,2,2
4309,104,102,2,2
4310,85,73,12,12
4311,107,83,24,24
4312,78,73,5,5
4313,66,68,-2,2
4314,108,104,4,4
4315,90,97,-7,7
4316,88,91,-3,3
4317,59,61,-2,2
4318,79,70,9,9
4319,69,68,1,1
4320,135,128,7,7
4321,96,109,-13,13
4322,148,144,4,4
4323,31,38,-7,7
4324,65,77,-12,12
4325,86,81,5,5
4326,47,45,2,2
4327,83,79,4,4
4328,170,175,-5,5
4329,63,68,-5,5
4330,110,101,9,9
4331,182,161,21,21
4332,141,137,4,4
4333,94,94,0,0
4334,81,78,3,3
4335,87,87,0,0
4336,131,125,6,6
4337,117,101,16,16
4338,64,58,6,6
4339,150,166,-16,16
4340,93,100,-7,7
4341,88,84,4,4
4342,90,89,1,1
4343,86,85,1,1
4344,96,106,-10,10
4345,173,157,16,16
4346,104,96,8,8
4347,44,50,-6,6
4348,81,72,9,9
4349,71,65,6,6
4350,77,67,10,10
4351,82,72,10,10
4352,196,176,20,20
4353,126,119,7,7
4354,100,99,1,1
4355,159,144,15,15
4356,61,69,-8,8
4357,54,58,-4,4
4358,73,68,5,5
4359,73,78,-5,5
4360,88,81,7,7
4361,136,129,7,7
4362,94,91,3,3
4363,164,174,-10,10
4364,100,98,2,2
4365,126,117,9,9
4366,50,52,-2,2
4367,79,83,-4,4
4368,94,111,-17,17
4369,110,117,-7,7
4370,144,136,8,8
4371,62,54,8,8
4372,92,93,-1,1
4373,59,63,-4,4
4374,279,227,52,52
4375,149,134,15,15
4376,61,77,-16,16
4377,72,86,-14,14
4378,64,67,-3,3
4379,142,134,8,8
4380,56,54,2,2
4381,140,141,-1,1
4382,221,191,30,30
4383,111,95,16,16
4384,93,86,7,7
4385,110,109,1,1
4386,83,74,9,9
4387,65,71,-6,6
4388,154,149,5,5
4389,92,88,4,4
4390,144,131,13,13
4391,102,97,5,5
4392,131,118,13,13
4393,98,90,8,8
4394,104,97,7,7
4395,95,93,2,2
4396,108,114,-6,6
4397,89,86,3,3
4398,139,143,-4,4
4399,116,107,9,9
4400,58,61,-3,3
4401,140,136,4,4
4402,89,88,1,1
4403,103,100,3,3
4404,67,83,-16,16
4405,62,60,2,2
4406,162,155,7,7
4407,77,72,5,5
4408,99,100,-1,1
4409,92,78,14,14
4410,105,104,1,1
4411,99,91,8,8
4412,82,92,-10,10
4413,139,122,17,17
4414,99,93,6,6
4415,82,84,-2,2
4416,95,98,-3,3
4417,101,94,7,7
4418,85,86,-1,1
4419,102,98,4,4
4420,133,132,1,1
4421,76,72,4,4
4422,126,122,4,4
4423,101,93,8,8
4424,119,100,19,19
4425,152,151,1,1
4426,136,115,21,21
4427,87,87,0,0
4428,116,95,21,21
4429,60,65,-5,5
4430,96,92,4,4
4431,76,79,-3,3
4432,128,120,8,8
4433,85,85,0,0
4434,84,87,-3,3
4435,153,132,21,21
4436,72,64,8,8
4437,73,67,6,6
4438,108,92,16,16
4439,73,74,-1,1
4440,94,87,7,7
4441,86,79,7,7
4442,89,81,8,8
4443,56,56,0,0
4444,195,177,18,18
4445,70,68,2,2
4446,64,66,-2,2
4447,96,84,12,12
4448,103,106,-3,3
4449,131,118,13,13
4450,93,90,3,3
4451,122,121,1,1
4452,54,54,0,0
4453,67,77,-10,10
4454,66,62,4,4
4455,110,110,0,0
4456,108,102,6,6
4457,119,118,1,1
4458,80,69,11,11
4459,60,66,-6,6
4460,88,83,5,5
4461,123,107,16,16
4462,59,58,1,1
4463,103,90,13,13
4464,93,90,3,3
4465,90,83,7,7
4466,157,150,7,7
4467,94,89,5,5
4468,79,77,2,2
4469,131,127,4,4
4470,50,50,0,0
4471,111,101,10,10
4472,106,104,2,2
4473,104,102,2,2
4474,94,99,-5,5
4475,71,64,7,7
4476,168,143,25,25
4477,102,113,-11,11
4478,58,60,-2,2
4479,49,49,0,0
4480,96,86,10,10
4481,74,76,-2,2
4482,135,131,4,4
4483,171,153,18,18
4484,70,72,-2,2
4485,118,119,-1,1
4486,90,78,12,12
4487,101,113,-12,12
4488,97,94,3,3
4489,107,99,8,8
4490,87,81,6,6
4491,43,45,-2,2
4492,79,74,5,5
4493,106,96,10,10
4494,39,41,-2,2
4495,178,156,22,22
4496,74,81,-7,7
4497,36,43,-7,7
4498,68,67,1,1
4499,114,101,13,13
4500,80,80,0,0
4501,109,117,-8,8
4502,128,114,14,14
4503,87,97,-10,10
4504,110,99,11,11
4505,100,89,11,11
4506,128,126,2,2
4507,136,128,8,8
4508,129,120,9,9
4509,122,116,6,6
4510,102,95,7,7
4511,109,104,5,5
4512,58,63,-5,5
4513,122,116,6,6
4514,90,86,4,4
4515,57,48,9,9
4516,107,101,6,6
4517,168,157,11,11
4518,98,96,2,2
4519,120,106,14,14
4520,74,72,2,2
4521,88,83,5,5
4522,96,85,11,11
4523,64,67,-3,3
4524,55,59,-4,4
4525,94,90,4,4
4526,148,128,20,20
4527,92,101,-9,9
4528,95,101,-6,6
4529,110,102,8,8
4530,83,76,7,7
4531,139,127,12,12
4532,108,92,16,16
4533,78,78,0,0
4534,78,76,2,2
4535,98,94,4,4
4536,104,93,11,11
4537,68,64,4,4
4538,103,101,2,2
4539,66,51,15,15
4540,100,98,2,2
4541,123,115,8,8
4542,74,88,-14,14
4543,136,122,14,14
4544,47,47,0,0
4545,92,90,2,2
4546,122,109,13,13
4547,125,125,0,0
4548,122,107,15,15
4549,61,60,1,1
4550,82,97,-15,15
4551,112,102,10,10
4552,48,51,-3,3
4553,146,148,-2,2
4554,67,58,9,9
4555,115,108,7,7
4556,165,163,2,2
4557,87,92,-5,5
4558,40,40,0,0
4559,55,53,2,2
4560,127,113,14,14
4561,70,73,-3,3
4562,99,103,-4,4
4563,45,52,-7,7
4564,95,88,7,7
4565,80,81,-1,1
4566,47,50,-3,3
4567,99,111,-12,12
4568,118,116,2,2
4569,104,101,3,3
4570,75,77,-2,2
4571,90,86,4,4
4572,82,79,3,3
4573,163,140,23,23
4574,93,86,7,7
4575,166,173,-7,7
4576,69,71,-2,2
4577,122,128,-6,6
4578,148,142,6,6
4579,56,57,-1,1
4580,66,61,5,5
4581,83,88,-5,5
4582,63,63,0,0
4583,108,103,5,5
4584,123,101,22,22
4585,161,163,-2,2
4586,83,99,-16,16
4587,49,46,3,3
4588,78,76,2,2
4589,101,100,1,1
4590,38,57,-19,19
4591,98,89,9,9
4592,174,151,23,23
4593,75,94,-19,19
4594,56,57,-1,1
4595,138,123,15,15
4596,38,37,1,1
4597,51,54,-3,3
4598,69,64,5,5
4599,98,97,1,1
4600,87,85,2,2
4601,88,84,4,4
4602,156,153,3,3
4603,140,129,11,11
4604,92,93,-1,1
4605,49,54,-5,5
4606,82,85,-3,3
4607,217,236,-19,19
4608,99,99,0,0
4609,110,99,11,11
4610,79,81,-2,2
4611,69,65,4,4
4612,87,73,14,14
4613,84,79,5,5
4614,77,74,3,3
4615,78,72,6,6
4616,100,102,-2,2
4617,112,103,9,9
4618,130,118,12,12
4619,137,120,17,17
4620,125,113,12,12
4621,86,86,0,0
4622,152,135,17,17
4623,96,102,-6,6
4624,111,107,4,4
4625,99,105,-6,6
4626,56,55,1,1
4627,211,200,11,11
4628,109,110,-1,1
4629,137,131,6,6
4630,74,75,-1,1
4631,120,120,0,0
4632,81,83,-2,2
4633,71,72,-1,1
4634,88,83,5,5
4635,111,101,10,10
4636,197,185,12,12
4637,85,80,5,5
4638,112,108,4,4
4639,44,66,-22,22
4640,86,87,-1,1
4641,72,81,-9,9
4642,59,60,-1,1
4643,82,90,-8,8
4644,69,65,4,4
4645,91,84,7,7
4646,142,133,9,9
4647,84,68,16,16
4648,81,82,-1,1
4649,101,95,6,6
4650,190,163,27,27
4651,107,98,9,9
4652,119,118,1,1
4653,77,74,3,3
4654,152,144,8,8
4655,64,54,10,10
4656,77,78,-1,1
4657,51,48,3,3
4658,77,78,-1,1
4659,84,85,-1,1
4660,60,59,1,1
4661,107,101,6,6
4662,87,100,-13,13
4663,116,126,-10,10
4664,160,134,26,26
4665,116,112,4,4
4666,84,77,7,7
4667,113,113,0,0
4668,105,101,4,4
4669,55,47,8,8
4670,91,91,0,0
4671,113,100,13,13
4672,62,57,5,5
4673,75,72,3,3
4674,45,47,-2,2
4675,177,152,25,25
4676,131,135,-4,4
4677,112,107,5,5
4678,127,128,-1,1
4679,146,118,28,28
4680,138,131,7,7
4681,93,95,-2,2
4682,65,68,-3,3
4683,168,165,3,3
4684,112,121,-9,9
4685,149,132,17,17
4686,140,141,-1,1
4687,94,90,4,4
4688,141,132,9,9
4689,75,80,-5,5
4690,134,120,14,14
4691,95,87,8,8
4692,119,99,20,20
4693,95,98,-3,3
4694,65,65,0,0
4695,95,99,-4,4
4696,97,96,1,1
4697,132,128,4,4
4698,87,84,3,3
4699,124,104,20,20
4700,115,113,2,2
4701,45,47,-2,2
4702,110,102,8,8
4703,57,59,-2,2
4704,126,102,24,24
4705,50,47,3,3
4706,132,126,6,6
4707,71,67,4,4
4708,88,79,9,9
4709,91,101,-10,10
4710,79,76,3,3
4711,47,44,3,3
4712,103,109,-6,6
4713,38,41,-3,3
4714,68,64,4,4
4715,130,119,11,11
4716,157,151,6,6
4717,99,96,3,3
4718,62,55,7,7
4719,79,75,4,4
4720,74,75,-1,1
4721,154,132,22,22
4722,36,55,-19,19
4723,81,82,-1,1
4724,69,68,1,1
4725,39,45,-6,6
4726,106,103,3,3
4727,141,126,15,15
4728,71,68,3,3
4729,108,100,8,8
4730,142,130,12,12
4731,43,44,-1,1
4732,109,114,-5,5
4733,72,73,-1,1
4734,110,97,13,13
4735,84,93,-9,9
4736,88,80,8,8
4737,156,142,14,14
4738,106,112,-6,6
4739,160,153,7,7
4740,105,100,5,5
4741,231,212,19,19
4742,111,98,13,13
4743,53,55,-2,2
4744,124,125,-1,1
4745,105,103,2,2
4746,144,141,3,3
4747,83,86,-3,3
4748,81,78,3,3
4749,96,95,1,1
4750,143,129,14,14
4751,118,106,12,12
4752,77,77,0,0
4753,116,113,3,3
4754,116,75,41,41
4755,76,76,0,0
4756,73,74,-1,1
4757,92,80,12,12
4758,89,81,8,8
4759,58,55,3,3
4760,70,70,0,0
4761,134,124,10,10
4762,73,80,-7,7
4763,139,126,13,13
4764,59,65,-6,6
4765,59,61,-2,2
4766,72,70,2,2
4767,81,80,1,1
4768,96,93,3,3
4769,190,169,21,21
4770,131,114,17,17
4771,188,184,4,4
4772,141,148,-7,7
4773,103,97,6,6
4774,65,78,-13,13
4775,86,82,4,4
4776,64,65,-1,1
4777,115,115,0,0
4778,58,65,-7,7
4779,150,137,13,13
4780,70,73,-3,3
4781,91,90,1,1
4782,104,96,8,8
4783,78,80,-2,2
4784,57,53,4,4
4785,117,107,10,10
4786,82,80,2,2
4787,50,55,-5,5
4788,76,78,-2,2
4789,64,64,0,0
4790,140,134,6,6
4791,88,91,-3,3
4792,41,41,0,0
4793,56,69,-13,13
4794,161,164,-3,3
4795,107,88,19,19
4796,94,92,2,2
4797,71,62,9,9
4798,163,141,22,22
4799,99,90,9,9
4800,30,35,-5,5
4801,99,85,14,14
4802,161,135,26,26
4803,82,82,0,0
4804,92,86,6,6
4805,152,128,24,24
4806,131,107,24,24
4807,99,89,10,10
4808,50,48,2,2
4809,80,84,-4,4
4810,99,96,3,3
4811,69,66,3,3
4812,67,76,-9,9
4813,143,120,23,23
4814,68,70,-2,2
4815,65,70,-5,5
4816,94,93,1,1
4817,55,55,0,0
4818,94,90,4,4
4819,45,50,-5,5
4820,140,134,6,6
4821,65,64,1,1
4822,62,63,-1,1
4823,94,97,-3,3
4824,129,121,8,8
4825,123,118,5,5
4826,80,82,-2,2
4827,86,80,6,6
4828,112,111,1,1
4829,89,83,6,6
4830,72,71,1,1
4831,65,68,-3,3
4832,90,90,0,0
4833,71,78,-7,7
4834,107,108,-1,1
4835,140,132,8,8
4836,57,63,-6,6
4837,104,102,2,2
4838,56,63,-7,7
4839,103,103,0,0
4840,104,99,5,5
4841,78,77,1,1
4842,126,116,10,10
4843,101,92,9,9
4844,85,88,-3,3
4845,72,67,5,5
4846,57,59,-2,2
4847,51,58,-7,7
4848,102,104,-2,2
4849,85,87,-2,2
4850,71,68,3,3
4851,87,80,7,7
4852,74,75,-1,1
4853,104,98,6,6
4854,102,102,0,0
4855,181,160,21,21
4856,130,126,4,4
4857,75,86,-11,11
4858,102,98,4,4
4859,56,67,-11,11
4860,72,73,-1,1
4861,90,92,-2,2
4862,66,72,-6,6
4863,82,76,6,6
4864,139,153,-14,14
4865,97,83,14,14
4866,83,82,1,1
4867,71,80,-9,9
4868,81,71,10,10
4869,80,72,8,8
4870,152,145,7,7
4871,54,54,0,0
4872,51,51,0,0
4873,142,120,22,22
4874,134,138,-4,4
4875,253,257,-4,4
4876,85,98,-13,13
4877,274,221,53,53
4878,180,156,24,24
4879,85,87,-2,2
4880,68,74,-6,6
4881,126,118,8,8
4882,147,135,12,12
4883,67,68,-1,1
4884,58,64,-6,6
4885,146,140,6,6
4886,170,166,4,4
4887,80,86,-6,6
4888,117,113,4,4
4889,72,72,0,0
4890,52,58,-6,6
4891,92,90,2,2
4892,88,85,3,3
4893,106,103,3,3
4894,93,87,6,6
4895,151,144,7,7
4896,90,83,7,7
4897,71,69,2,2
4898,63,67,-4,4
4899,171,149,22,22
4900,83,68,15,15
4901,125,113,12,12
4902,123,109,14,14
4903,119,110,9,9
4904,100,94,6,6
4905,97,105,-8,8
4906,82,75,7,7
4907,104,105,-1,1
4908,84,80,4,4
4909,133,128,5,5
4910,66,68,-2,2
4911,328,264,64,64
4912,66,66,0,0
4913,129,118,11,11
4914,60,56,4,4
4915,107,118,-11,11
4916,88,78,10,10
4917,92,106,-14,14
4918,97,80,17,17
4919,95,93,2,2
4920,176,154,22,22
4921,93,89,4,4
4922,124,125,-1,1
4923,80,74,6,6
4924,117,111,6,6
4925,92,85,7,7
4926,137,116,21,21
4927,160,149,11,11
4928,114,107,7,7
4929,78,69,9,9
4930,73,72,1,1
4931,62,60,2,2
4932,85,87,-2,2
4933,52,58,-6,6
4934,53,65,-12,12
4935,98,76,22,22
4936,92,90,2,2
4937,100,98,2,2
4938,114,104,10,10
4939,139,137,2,2
4940,76,78,-2,2
4941,119,109,10,10
4942,41,47,-6,6
4943,53,48,5,5
4944,268,262,6,6
4945,66,63,3,3
4946,130,116,14,14
4947,115,111,4,4
4948,157,155,2,2
4949,50,58,-8,8
4950,75,75,0,0
4951,79,72,7,7
4952,85,81,4,4
4953,42,67,-25,25
4954,85,75,10,10
4955,95,91,4,4
4956,72,78,-6,6
4957,90,96,-6,6
4958,81,74,7,7
4959,109,107,2,2
4960,146,150,-4,4
4961,131,115,16,16
4962,138,125,13,13
4963,32,43,-11,11
4964,86,86,0,0
4965,76,76,0,0
4966,73,82,-9,9
4967,132,122,10,10
4968,136,128,8,8
4969,36,44,-8,8
4970,40,47,-7,7
4971,62,58,4,4
4972,99,104,-5,5
4973,63,74,-11,11
4974,90,79,11,11
4975,63,74,-11,11
4976,63,65,-2,2
4977,73,79,-6,6
4978,73,75,-2,2
4979,120,110,10,10
4980,161,145,16,16
4981,74,72,2,2
4982,74,67,7,7
4983,49,50,-1,1
4984,157,134,23,23
4985,123,115,8,8
4986,91,81,10,10
4987,115,98,17,17
4988,85,84,1,1
4989,66,67,-1,1
4990,102,93,9,9
4991,98,91,7,7
4992,100,92,8,8
4993,105,120,-15,15
4994,84,96,-12,12
4995,95,86,9,9
4996,108,93,15,15
4997,62,58,4,4
4998,116,112,4,4
4999,79,72,7,7
5000,73,65,8,8
5001,50,59,-9,9
5002,97,90,7,7
5003,145,129,16,16
5004,152,135,17,17
5005,134,120,14,14
5006,110,101,9,9
5007,114,109,5,5
5008,72,64,8,8
5009,113,107,6,6
5010,58,68,-10,10
5011,50,46,4,4
5012,29,38,-9,9
5013,71,68,3,3
5014,90,92,-2,2
5015,140,129,11,11
5016,123,112,11,11
5017,131,121,10,10
5018,50,49,1,1
5019,82,80,2,2
5020,77,80,-3,3
5021,98,90,8,8
5022,83,74,9,9
5023,88,76,12,12
5024,122,105,17,17
5025,87,83,4,4
5026,107,101,6,6
5027,75,80,-5,5
5028,89,89,0,0
5029,124,124,0,0
5030,105,100,5,5
5031,62,57,5,5
5032,125,106,19,19
5033,94,91,3,3
5034,91,93,-2,2
5035,74,86,-12,12
5036,82,90,-8,8
5037,60,58,2,2
5038,69,70,-1,1
5039,132,119,13,13
5040,76,74,2,2
5041,169,160,9,9
5042,101,98,3,3
5043,167,154,13,13
5044,79,80,-1,1
5045,78,86,-8,8
5046,61,58,3,3
5047,137,117,20,20
5048,116,100,16,16
5049,77,82,-5,5
5050,76,76,0,0
5051,157,161,-4,4
5052,90,95,-5,5
5053,79,72,7,7
5054,131,113,18,18
5055,118,102,16,16
5056,110,93,17,17
5057,151,129,22,22
5058,159,154,5,5
5059,95,97,-2,2
5060,78,73,5,5
5061,107,112,-5,5
5062,131,124,7,7
5063,87,91,-4,4
5064,42,44,-2,2
5065,66,67,-1,1
5066,101,99,2,2
5067,140,131,9,9
5068,66,64,2,2
5069,43,45,-2,2
5070,100,94,6,6
5071,120,102,18,18
5072,76,64,12,12
5073,121,123,-2,2
5074,78,77,1,1
5075,121,116,5,5
5076,51,55,-4,4
5077,101,100,1,1
5078,136,132,4,4
5079,107,115,-8,8
5080,106,105,1,1
5081,116,104,12,12
5082,89,87,2,2
5083,65,68,-3,3
5084,154,141,13,13
5085,130,118,12,12
5086,98,85,13,13
5087,75,88,-13,13
5088,81,80,1,1
5089,82,85,-3,3
5090,86,87,-1,1
5091,93,93,0,0
5092,73,77,-4,4
5093,76,80,-4,4
5094,166,161,5,5
5095,98,92,6,6
5096,120,102,18,18
5097,67,68,-1,1
5098,81,79,2,2
5099,170,162,8,8
5100,40,53,-13,13
5101,101,94,7,7
5102,80,78,2,2
5103,121,100,21,21
5104,58,53,5,5
5105,115,104,11,11
5106,63,65,-2,2
5107,87,89,-2,2
5108,148,151,-3,3
5109,102,97,5,5
5110,79,74,5,5
5111,118,104,14,14
5112,92,88,4,4
5113,110,108,2,2
5114,131,127,4,4
5115,139,148,-9,9
5116,68,74,-6,6
5117,122,121,1,1
5118,140,125,15,15
5119,124,114,10,10
5120,103,89,14,14
5121,59,74,-15,15
5122,80,81,-1,1
5123,131,119,12,12
5124,104,96,8,8
5125,155,136,19,19
5126,89,89,0,0
5127,68,83,-15,15
5128,79,77,2,2
5129,110,105,5,5
5130,54,55,-1,1
5131,121,131,-10,10
5132,101,101,0,0
5133,109,108,1,1
5134,100,93,7,7
5135,132,126,6,6
5136,71,73,-2,2
5137,89,87,2,2
5138,92,90,2,2
5139,91,88,3,3
5140,117,102,15,15
5141,100,94,6,6
5142,118,107,11,11
5143,160,134,26,26
5144,121,105,16,16
5145,88,91,-3,3
5146,152,144,8,8
5147,56,54,2,2
5148,51,68,-17,17
5149,110,90,20,20
5150,79,80,-1,1
5151,68,79,-11,11
5152,52,53,-1,1
5153,129,127,2,2
5154,81,73,8,8
5155,39,43,-4,4
5156,55,109,-54,54
5157,53,59,-6,6
5158,92,91,1,1
5159,72,71,1,1
5160,103,102,1,1
5161,141,126,15,15
5162,82,84,-2,2
5163,69,73,-4,4
5164,168,156,12,12
5165,65,67,-2,2
5166,76,79,-3,3
5167,104,98,6,6
5168,89,89,0,0
5169,101,101,0,0
5170,53,59,-6,6
5171,105,98,7,7
5172,90,79,11,11
5173,116,106,10,10
5174,137,129,8,8
5175,126,111,15,15
5176,43,41,2,2
5177,65,71,-6,6
5178,76,76,0,0
5179,104,96,8,8
5180,88,81,7,7
5181,75,70,5,5
5182,82,80,2,2
5183,40,66,-26,26
5184,77,74,3,3
5185,66,66,0,0
5186,154,132,22,22
5187,86,82,4,4
5188,112,117,-5,5
5189,93,92,1,1
5190,130,144,-14,14
5191,177,163,14,14
5192,148,134,14,14
5193,80,82,-2,2
5194,58,52,6,6
5195,115,103,12,12
5196,118,108,10,10
5197,66,64,2,2
5198,161,149,12,12
5199,80,82,-2,2
5200,105,96,9,9
5201,56,54,2,2
5202,66,65,1,1
5203,93,91,2,2
5204,105,102,3,3
5205,96,91,5,5
5206,62,63,-1,1
5207,68,76,-8,8
5208,83,78,5,5
5209,110,103,7,7
5210,109,106,3,3
5211,147,130,17,17
5212,68,64,4,4
5213,121,105,16,16
5214,128,129,-1,1
5215,136,126,10,10
5216,110,99,11,11
5217,84,73,11,11
5218,93,87,6,6
5219,68,71,-3,3
5220,88,87,1,1
5221,89,95,-6,6
5222,134,131,3,3
5223,128,121,7,7
5224,79,77,2,2
5225,66,63,3,3
5226,58,48,10,10
5227,58,73,-15,15
5228,69,68,1,1
5229,56,53,3,3
5230,85,86,-1,1
5231,73,74,-1,1
5232,97,90,7,7
5233,100,82,18,18
5234,82,71,11,11
5235,65,65,0,0
5236,90,94,-4,4
5237,66,83,-17,17
5238,58,56,2,2
5239,62,98,-36,36
5240,50,53,-3,3
5241,84,76,8,8
5242,82,81,1,1
5243,147,149,-2,2
5244,91,80,11,11
5245,95,86,9,9
5246,121,116,5,5
5247,56,59,-3,3
5248,54,49,5,5
5249,103,97,6,6
5250,86,73,13,13
5251,85,78,7,7
5252,97,80,17,17
5253,92,78,14,14
5254,59,59,0,0
5255,115,112,3,3
5256,116,108,8,8
5257,101,95,6,6
5258,120,95,25,25
5259,164,142,22,22
5260,55,47,8,8
5261,91,92,-1,1
5262,75,80,-5,5
5263,121,117,4,4
5264,57,57,0,0
5265,38,52,-14,14
5266,92,84,8,8
5267,67,67,0,0
5268,120,111,9,9
5269,83,82,1,1
5270,138,132,6,6
5271,169,153,16,16
5272,59,67,-8,8
5273,47,51,-4,4
5274,46,42,4,4
5275,123,125,-2,2
5276,142,133,9,9
5277,80,85,-5,5
5278,31,39,-8,8
5279,128,123,5,5
5280,112,97,15,15
5281,98,104,-6,6
5282,55,62,-7,7
5283,110,94,16,16
5284,91,92,-1,1
5285,112,91,21,21
5286,115,109,6,6
5287,73,67,6,6
5288,106,101,5,5
5289,93,87,6,6
5290,166,159,7,7
5291,128,134,-6,6
5292,112,105,7,7
5293,89,80,9,9
5294,74,71,3,3
5295,106,117,-11,11
5296,72,71,1,1
5297,78,76,2,2
5298,92,89,3,3
5299,140,124,16,16
5300,103,93,10,10
5301,102,107,-5,5
5302,63,77,-14,14
5303,169,151,18,18
5304,78,75,3,3
5305,132,122,10,10
5306,50,46,4,4
5307,127,111,16,16
5308,138,108,30,30
5309,61,54,7,7
5310,87,87,0,0
5311,109,109,0,0
5312,77,78,-1,1
5313,92,102,-10,10
5314,84,77,7,7
5315,140,121,19,19
5316,79,82,-3,3
5317,87,80,7,7
5318,76,75,1,1
5319,54,50,4,4
5320,77,85,-8,8
5321,28,56,-28,28
5322,85,66,19,19
5323,41,43,-2,2
5324,78,81,-3,3
5325,117,105,12,12
5326,99,95,4,4
5327,130,126,4,4
5328,58,64,-6,6
5329,76,73,3,3
5330,72,76,-4,4
5331,72,68,4,4
5332,130,115,15,15
5333,85,89,-4,4
5334,74,74,0,0
5335,117,101,16,16
5336,105,106,-1,1
5337,114,109,5,5
5338,94,93,1,1
5339,127,119,8,8
5340,100,90,10,10
5341,100,100,0,0
5342,114,102,12,12
5343,137,142,-5,5
5344,141,130,11,11
5345,186,171,15,15
5346,49,50,-1,1
5347,71,72,-1,1
5348,144,136,8,8
5349,108,85,23,23
5350,102,87,15,15
5351,129,120,9,9
5352,123,113,10,10
5353,48,49,-1,1
5354,70,66,4,4
5355,81,80,1,1
5356,72,76,-4,4
5357,76,76,0,0
5358,114,122,-8,8
5359,130,120,10,10
5360,113,119,-6,6
5361,57,58,-1,1
5362,77,78,-1,1
5363,117,111,6,6
5364,79,72,7,7
5365,87,93,-6,6
5366,99,95,4,4
5367,211,190,21,21
5368,92,83,9,9
5369,119,106,13,13
5370,54,59,-5,5
5371,111,98,13,13
5372,67,68,-1,1
5373,185,182,3,3
5374,68,79,-11,11
5375,190,163,27,27
5376,124,116,8,8
5377,80,88,-8,8
5378,78,73,5,5
5379,92,101,-9,9
5380,70,70,0,0
5381,51,65,-14,14
5382,89,88,1,1
5383,82,84,-2,2
5384,83,78,5,5
5385,204,175,29,29
5386,114,104,10,10
5387,62,64,-2,2
5388,100,85,15,15
5389,143,153,-10,10
5390,89,84,5,5
5391,123,126,-3,3
5392,150,140,10,10
5393,135,109,26,26
5394,114,113,1,1
5395,94,97,-3,3
5396,158,147,11,11
5397,58,66,-8,8
5398,94,100,-6,6
5399,59,58,1,1
5400,81,95,-14,14
5401,70,70,0,0
5402,79,77,2,2
5403,49,57,-8,8
5404,85,77,8,8
5405,85,80,5,5
5406,55,50,5,5
5407,97,98,-1,1
5408,95,92,3,3
5409,129,118,11,11
5410,53,61,-8,8
5411,109,109,0,0
5412,92,93,-1,1
5413,122,97,25,25
5414,102,100,2,2
5415,98,106,-8,8
5416,68,76,-8,8
5417,108,99,9,9
5418,92,82,10,10
5419,95,89,6,6
5420,65,62,3,3
5421,27,35,-8,8
5422,62,62,0,0
5423,109,104,5,5
5424,72,71,1,1
5425,58,54,4,4
5426,121,104,17,17
5427,101,93,8,8
5428,63,67,-4,4
5429,38,37,1,1
5430,145,138,7,7
5431,103,100,3,3
5432,215,223,-8,8
5433,122,109,13,13
5434,90,93,-3,3
5435,67,67,0,0
5436,98,102,-4,4
5437,106,111,-5,5
5438,119,118,1,1
5439,93,89,4,4
5440,48,60,-12,12
5441,87,82,5,5
5442,108,111,-3,3
5443,72,66,6,6
5444,124,115,9,9
5445,114,111,3,3
5446,43,47,-4,4
5447,109,101,8,8
5448,99,101,-2,2
5449,116,106,10,10
5450,72,87,-15,15
5451,122,129,-7,7
5452,98,93,5,5
5453,144,145,-1,1
5454,78,70,8,8
5455,70,65,5,5
5456,114,105,9,9
5457,137,129,8,8
5458,113,100,13,13
5459,115,98,17,17
5460,85,83,2,2
5461,63,57,6,6
5462,114,115,-1,1
5463,88,87,1,1
5464,125,111,14,14
5465,116,111,5,5
5466,150,112,38,38
5467,78,78,0,0
5468,75,72,3,3
5469,81,85,-4,4
5470,116,123,-7,7
5471,64,63,1,1
5472,93,93,0,0
5473,96,89,7,7
5474,147,144,3,3
5475,77,75,2,2
5476,139,135,4,4
5477,64,65,-1,1
5478,82,76,6,6
5479,70,69,1,1
5480,142,135,7,7
5481,99,90,9,9
5482,64,66,-2,2
5483,80,87,-7,7
5484,69,60,9,9
5485,64,66,-2,2
5486,99,97,2,2
5487,120,102,18,18
5488,80,75,5,5
5489,145,143,2,2
5490,161,148,13,13
5491,86,88,-2,2
5492,123,117,6,6
5493,91,85,6,6
5494,147,133,14,14
5495,92,87,5,5
5496,79,81,-2,2
5497,144,129,15,15
5498,72,68,4,4
5499,91,99,-8,8
5500,162,153,9,9
5501,76,82,-6,6
5502,82,83,-1,1
5503,63,71,-8,8
5504,71,72,-1,1
5505,74,73,1,1
5506,152,134,18,18
5507,102,102,0,0
5508,70,65,5,5
5509,46,50,-4,4
5510,85,94,-9,9
5511,81,82,-1,1
5512,85,85,0,0
5513,108,93,15,15
5514,124,114,10,10
5515,81,84,-3,3
5516,97,119,-22,22
5517,137,136,1,1
5518,125,115,10,10
5519,90,94,-4,4
5520,83,78,5,5
5521,89,88,1,1
5522,124,108,16,16
5523,101,87,14,14
5524,103,100,3,3
5525,61,59,2,2
5526,85,75,10,10
5527,102,101,1,1
5528,83,95,-12,12
5529,91,92,-1,1
5530,131,105,26,26
5531,150,137,13,13
5532,107,103,4,4
5533,115,110,5,5
5534,126,119,7,7
5535,129,123,6,6
5536,95,88,7,7
5537,143,129,14,14
5538,115,113,2,2
5539,85,80,5,5
5540,164,152,12,12
5541,95,91,4,4
5542,137,138,-1,1
5543,121,115,6,6
5544,83,81,2,2
5545,115,121,-6,6
5546,154,154,0,0
5547,115,113,2,2
5548,88,79,9,9
5549,116,114,2,2
5550,119,97,22,22
5551,30,43,-13,13
5552,100,92,8,8
5553,132,135,-3,3
5554,186,169,17,17
5555,82,84,-2,2
5556,176,137,39,39
5557,107,98,9,9
5558,89,79,10,10
5559,94,95,-1,1
5560,51,45,6,6
5561,138,136,2,2
5562,78,77,1,1
5563,59,62,-3,3
5564,58,56,2,2
5565,67,65,2,2
5566,79,71,8,8
5567,54,54,0,0
5568,62,59,3,3
5569,83,79,4,4
5570,75,79,-4,4
5571,115,107,8,8
5572,114,113,1,1
5573,126,107,19,19
5574,88,97,-9,9
5575,69,64,5,5
5576,38,50,-12,12
5577,71,69,2,2
5578,66,64,2,2
5579,62,61,1,1
5580,75,65,10,10
5581,59,52,7,7
5582,97,102,-5,5
5583,81,90,-9,9
5584,69,78,-9,9
5585,81,75,6,6
5586,101,100,1,1
5587,97,89,8,8
5588,60,70,-10,10
5589,119,110,9,9
5590,113,132,-19,19
5591,130,110,20,20
5592,61,70,-9,9
5593,166,153,13,13
5594,51,51,0,0
5595,140,132,8,8
5596,109,113,-4,4
5597,115,115,0,0
5598,112,101,11,11
5599,89,85,4,4
5600,65,66,-1,1
5601,97,98,-1,1
5602,81,86,-5,5
5603,59,58,1,1
5604,52,50,2,2
5605,74,85,-11,11
5606,76,78,-2,2
5607,111,76,35,35
5608,112,105,7,7
5609,66,67,-1,1
5610,96,89,7,7
5611,61,63,-2,2
5612,162,151,11,11
5613,120,106,14,14
5614,68,82,-14,14
5615,61,72,-11,11
5616,110,102,8,8
5617,114,115,-1,1
5618,41,44,-3,3
5619,63,51,12,12
5620,77,75,2,2
5621,92,84,8,8
5622,80,77,3,3
5623,40,46,-6,6
5624,56,60,-4,4
5625,72,72,0,0
5626,123,108,15,15
5627,77,75,2,2
5628,107,104,3,3
5629,112,108,4,4
5630,72,76,-4,4
5631,99,102,-3,3
5632,118,108,10,10
5633,77,69,8,8
5634,139,128,11,11
5635,84,83,1,1
5636,62,68,-6,6
5637,100,95,5,5
5638,80,76,4,4
5639,91,94,-3,3
5640,113,102,11,11
5641,45,45,0,0
5642,71,59,12,12
5643,122,102,20,20
5644,53,53,0,0
5645,78,88,-10,10
5646,65,71,-6,6
5647,40,49,-9,9
5648,136,121,15,15
5649,120,108,12,12
5650,104,106,-2,2
5651,85,81,4,4
5652,89,85,4,4
5653,84,87,-3,3
5654,80,86,-6,6
5655,119,118,1,1
5656,105,97,8,8
5657,61,70,-9,9
5658,53,63,-10,10
5659,69,69,0,0
5660,83,78,5,5
5661,122,98,24,24
5662,88,85,3,3
5663,88,80,8,8
5664,104,102,2,2
5665,94,87,7,7
5666,133,125,8,8
5667,53,58,-5,5
5668,73,76,-3,3
5669,92,89,3,3
5670,92,87,5,5
5671,91,85,6,6
5672,82,83,-1,1
5673,87,89,-2,2
5674,135,122,13,13
5675,126,119,7,7
5676,94,87,7,7
5677,55,54,1,1
5678,104,92,12,12
5679,127,117,10,10
5680,135,126,9,9
5681,145,128,17,17
5682,99,99,0,0
5683,96,100,-4,4
5684,103,86,17,17
5685,32,36,-4,4
5686,74,79,-5,5
5687,109,91,18,18
5688,59,63,-4,4
5689,101,94,7,7
5690,69,65,4,4
5691,71,83,-12,12
5692,101,91,10,10
5693,129,126,3,3
5694,114,110,4,4
5695,73,70,3,3
5696,179,153,26,26
5697,81,80,1,1
5698,127,115,12,12
5699,129,126,3,3
5700,57,49,8,8
5701,50,54,-4,4
5702,80,66,14,14
5703,116,110,6,6
5704,93,81,12,12
5705,164,137,27,27
5706,43,50,-7,7
5707,96,105,-9,9
5708,88,77,11,11
5709,66,59,7,7
5710,97,96,1,1
5711,86,84,2,2
5712,83,89,-6,6
5713,87,84,3,3
5714,61,68,-7,7
5715,81,84,-3,3
5716,164,151,13,13
5717,138,128,10,10
5718,115,115,0,0
5719,86,86,0,0
5720,118,137,-19,19
5721,67,66,1,1
5722,87,91,-4,4
5723,74,68,6,6
5724,51,48,3,3
5725,67,66,1,1
5726,84,78,6,6
5727,94,86,8,8
5728,69,69,0,0
5729,115,116,-1,1
5730,48,52,-4,4
5731,77,71,6,6
5732,81,80,1,1
5733,110,114,-4,4
5734,74,89,-15,15
5735,54,65,-11,11
5736,84,84,0,0
5737,70,74,-4,4
5738,64,67,-3,3
5739,80,87,-7,7
5740,78,71,7,7
5741,83,92,-9,9
5742,81,77,4,4
5743,34,38,-4,4
5744,149,158,-9,9
5745,50,53,-3,3
5746,57,56,1,1
5747,75,75,0,0
5748,139,121,18,18
5749,48,48,0,0
5750,61,65,-4,4
5751,96,86,10,10
5752,64,57,7,7
5753,90,86,4,4
5754,81,77,4,4
5755,119,121,-2,2
5756,129,122,7,7
5757,111,113,-2,2
5758,79,80,-1,1
5759,107,99,8,8
5760,77,79,-2,2
5761,67,65,2,2
5762,103,88,15,15
5763,60,64,-4,4
5764,115,114,1,1
5765,62,56,6,6
5766,71,76,-5,5
5767,67,76,-9,9
5768,46,50,-4,4
5769,52,51,1,1
5770,55,55,0,0
5771,95,88,7,7
5772,119,100,19,19
5773,156,158,-2,2
5774,89,78,11,11
5775,130,106,24,24
5776,149,133,16,16
5777,53,66,-13,13
5778,103,98,5,5
5779,181,156,25,25
5780,88,85,3,3
5781,91,87,4,4
5782,79,69,10,10
5783,64,76,-12,12
5784,85,89,-4,4
5785,45,45,0,0
5786,72,68,4,4
5787,118,106,12,12
5788,54,52,2,2
5789,98,98,0,0
5790,79,82,-3,3
5791,63,65,-2,2
5792,27,30,-3,3
5793,142,131,11,11
5794,67,68,-1,1
5795,146,135,11,11
5796,80,86,-6,6
5797,68,80,-12,12
5798,92,93,-1,1
5799,48,53,-5,5
5800,117,100,17,17
5801,98,97,1,1
5802,73,73,0,0
5803,84,83,1,1
5804,95,89,6,6
5805,120,116,4,4
5806,151,156,-5,5
5807,50,49,1,1
5808,93,90,3,3
5809,150,140,10,10
5810,65,77,-12,12
5811,76,79,-3,3
5812,69,71,-2,2
5813,91,87,4,4
5814,81,83,-2,2
5815,92,87,5,5
5816,127,136,-9,9
5817,100,91,9,9
5818,98,95,3,3
5819,109,100,9,9
5820,69,73,-4,4
5821,94,99,-5,5
5822,156,137,19,19
5823,82,90,-8,8
5824,62,71,-9,9
5825,56,54,2,2
5826,44,48,-4,4
5827,134,98,36,36
5828,75,70,5,5
5829,88,88,0,0
5830,63,67,-4,4
5831,106,104,2,2
5832,121,106,15,15
5833,94,97,-3,3
5834,89,93,-4,4
5835,45,52,-7,7
5836,76,78,-2,2
5837,85,84,1,1
5838,129,131,-2,2
5839,113,107,6,6
5840,127,115,12,12
5841,129,145,-16,16
5842,92,88,4,4
5843,60,57,3,3
5844,91,75,16,16
5845,90,82,8,8
5846,143,136,7,7
5847,79,75,4,4
5848,118,158,-40,40
5849,65,68,-3,3
5850,88,76,12,12
5851,102,102,0,0
5852,67,67,0,0
5853,104,94,10,10
5854,164,156,8,8
5855,145,133,12,12
5856,51,48,3,3
5857,35,39,-4,4
5858,125,117,8,8
5859,78,80,-2,2
5860,110,102,8,8
5861,133,129,4,4
5862,92,91,1,1
5863,89,93,-4,4
5864,66,68,-2,2
5865,96,96,0,0
5866,74,73,1,1
5867,21,27,-6,6
5868,52,53,-1,1
5869,49,49,0,0
5870,133,138,-5,5
5871,56,62,-6,6
5872,48,49,-1,1
5873,53,45,8,8
5874,86,86,0,0
5875,81,92,-11,11
5876,139,135,4,4
5877,111,116,-5,5
5878,118,121,-3,3
5879,61,61,0,0
5880,88,96,-8,8
5881,58,59,-1,1
5882,91,85,6,6
5883,110,103,7,7
5884,118,87,31,31
5885,109,99,10,10
5886,52,54,-2,2
5887,69,72,-3,3
5888,144,122,22,22
5889,87,82,5,5
5890,153,132,21,21
5891,49,55,-6,6
5892,106,109,-3,3
5893,85,84,1,1
5894,95,92,3,3
5895,99,94,5,5
5896,154,144,10,10
5897,64,78,-14,14
5898,74,72,2,2
5899,94,85,9,9
5900,83,68,15,15
5901,66,66,0,0
5902,48,53,-5,5
5903,87,96,-9,9
5904,28,49,-21,21
5905,63,56,7,7
5906,117,109,8,8
5907,169,159,10,10
5908,54,52,2,2
5909,118,111,7,7
5910,77,70,7,7
5911,87,88,-1,1
5912,259,223,36,36
5913,116,120,-4,4
5914,141,132,9,9
5915,63,71,-8,8
5916,194,172,22,22
5917,58,69,-11,11
5918,117,114,3,3
5919,101,97,4,4
5920,128,123,5,5
5921,99,85,14,14
5922,122,103,19,19
5923,146,134,12,12
5924,117,102,15,15
5925,85,88,-3,3
5926,156,145,11,11
5927,85,81,4,4
5928,149,150,-1,1
5929,62,67,-5,5
5930,133,131,2,2
5931,76,79,-3,3
5932,67,66,1,1
5933,125,138,-13,13
5934,73,66,7,7
5935,106,87,19,19
5936,98,93,5,5
5937,113,109,4,4
5938,151,145,6,6
5939,91,86,5,5
5940,115,119,-4,4
5941,99,103,-4,4
5942,51,53,-2,2
5943,102,108,-6,6
5944,123,112,11,11
5945,71,64,7,7
5946,116,113,3,3
5947,118,113,5,5
5948,151,155,-4,4
5949,93,81,12,12
5950,77,79,-2,2
5951,52,49,3,3
5952,88,82,6,6
5953,56,51,5,5
5954,152,153,-1,1
5955,129,126,3,3
5956,75,79,-4,4
5957,98,92,6,6
5958,149,144,5,5
5959,73,69,4,4
5960,96,105,-9,9
5961,145,142,3,3
5962,88,81,7,7
5963,159,142,17,17
5964,178,159,19,19
5965,81,85,-4,4
5966,142,128,14,14
5967,97,93,4,4
5968,145,138,7,7
5969,91,88,3,3
5970,85,70,15,15
5971,87,74,13,13
5972,90,75,15,15
5973,68,69,-1,1
5974,94,88,6,6
5975,101,92,9,9
5976,92,78,14,14
5977,71,76,-5,5
5978,113,109,4,4
5979,102,94,8,8
5980,114,114,0,0
5981,97,90,7,7
5982,47,55,-8,8
5983,60,61,-1,1
5984,135,129,6,6
5985,58,53,5,5
5986,206,175,31,31
5987,68,71,-3,3
5988,42,47,-5,5
5989,73,64,9,9
5990,83,76,7,7
5991,72,70,2,2
5992,111,78,33,33
5993,58,52,6,6
5994,130,136,-6,6
5995,111,108,3,3
5996,140,146,-6,6
5997,95,94,1,1
5998,96,93,3,3
5999,91,85,6,6
6000,79,76,3,3
6001,74,72,2,2
6002,169,148,21,21
6003,117,117,0,0
6004,78,62,16,16
6005,115,113,2,2
6006,44,47,-3,3
6007,103,111,-8,8
6008,78,91,-13,13
6009,49,52,-3,3
6010,126,126,0,0
6011,93,83,10,10
6012,140,134,6,6
6013,85,88,-3,3
6014,116,124,-8,8
6015,83,75,8,8
6016,96,102,-6,6
6017,143,128,15,15
6018,74,74,0,0
6019,92,96,-4,4
6020,63,55,8,8
6021,49,54,-5,5
6022,144,138,6,6
6023,54,52,2,2
6024,116,158,-42,42
6025,66,73,-7,7
6026,56,58,-2,2
6027,56,89,-33,33
6028,107,106,1,1
6029,140,129,11,11
6030,92,94,-2,2
6031,76,79,-3,3
6032,90,92,-2,2
6033,138,138,0,0
6034,71,65,6,6
6035,89,98,-9,9
6036,66,57,9,9
6037,60,60,0,0
6038,116,119,-3,3
6039,179,171,8,8
6040,90,76,14,14
6041,116,117,-1,1
6042,89,89,0,0
6043,95,87,8,8
6044,85,77,8,8
6045,53,51,2,2
6046,166,158,8,8
6047,43,45,-2,2
6048,119,121,-2,2
6049,105,114,-9,9
6050,121,109,12,12
6051,73,71,2,2
6052,67,66,1,1
6053,119,116,3,3
6054,106,104,2,2
6055,72,63,9,9
6056,75,69,6,6
6057,70,76,-6,6
6058,143,127,16,16
6059,83,77,6,6
6060,83,74,9,9
6061,46,60,-14,14
6062,47,44,3,3
6063,119,113,6,6
6064,108,96,12,12
6065,43,51,-8,8
6066,64,62,2,2
6067,83,84,-1,1
6068,141,131,10,10
6069,107,101,6,6
6070,35,52,-17,17
6071,119,114,5,5
6072,88,80,8,8
6073,77,79,-2,2
6074,75,73,2,2
6075,140,130,10,10
6076,66,66,0,0
6077,121,125,-4,4
6078,47,56,-9,9
6079,68,72,-4,4
6080,112,101,11,11
6081,178,159,19,19
6082,87,92,-5,5
6083,164,143,21,21
6084,79,80,-1,1
6085,71,71,0,0
6086,111,125,-14,14
6087,78,82,-4,4
6088,160,163,-3,3
6089,98,94,4,4
6090,115,152,-37,37
6091,95,103,-8,8
6092,65,66,-1,1
6093,159,155,4,4
6094,85,84,1,1
6095,69,67,2,2
6096,116,114,2,2
6097,55,55,0,0
6098,96,93,3,3
6099,94,83,11,11
6100,72,70,2,2
6101,94,81,13,13
6102,124,130,-6,6
6103,62,65,-3,3
6104,79,70,9,9
6105,146,129,17,17
6106,42,47,-5,5
6107,85,80,5,5
6108,100,83,17,17
6109,131,111,20,20
6110,72,77,-5,5
6111,49,49,0,0
6112,116,104,12,12
6113,102,98,4,4
6114,135,132,3,3
6115,138,129,9,9
6116,40,57,-17,17
6117,104,99,5,5
6118,99,93,6,6
6119,50,47,3,3
6120,108,101,7,7
6121,106,103,3,3
6122,93,85,8,8
6123,155,151,4,4
6124,127,118,9,9
6125,78,76,2,2
6126,87,86,1,1
6127,73,72,1,1
6128,92,90,2,2
6129,86,82,4,4
6130,117,110,7,7
6131,65,60,5,5
6132,44,40,4,4
6133,142,133,9,9
6134,83,88,-5,5
6135,104,95,9,9
6136,119,101,18,18
6137,112,106,6,6
6138,96,80,16,16
6139,58,65,-7,7
6140,44,44,0,0
6141,107,105,2,2
6142,115,111,4,4
6143,87,89,-2,2
6144,102,96,6,6
6145,89,83,6,6
6146,119,110,9,9
6147,101,97,4,4
6148,55,57,-2,2
6149,92,82,10,10
6150,108,98,10,10
6151,57,57,0,0
6152,119,110,9,9
6153,133,126,7,7
6154,80,82,-2,2
6155,66,66,0,0
6156,114,105,9,9
6157,111,111,0,0
6158,140,126,14,14
6159,108,89,19,19
6160,89,97,-8,8
6161,88,79,9,9
6162,76,82,-6,6
6163,80,80,0,0
6164,98,85,13,13
6165,73,75,-2,2
6166,136,125,11,11
6167,50,51,-1,1
6168,88,96,-8,8
6169,69,69,0,0
6170,151,141,10,10
6171,66,58,8,8
6172,73,69,4,4
6173,65,59,6,6
6174,72,75,-3,3
6175,52,52,0,0
6176,108,91,17,17
6177,86,83,3,3
6178,34,47,-13,13
6179,183,178,5,5
6180,54,50,4,4
6181,122,122,0,0
6182,64,65,-1,1
6183,75,77,-2,2
6184,105,92,13,13
6185,65,70,-5,5
6186,84,91,-7,7
6187,101,98,3,3
6188,117,106,11,11
6189,148,146,2,2
6190,66,64,2,2
6191,106,111,-5,5
6192,147,126,21,21
6193,108,108,0,0
6194,133,103,30,30
6195,42,47,-5,5
6196,67,59,8,8
6197,117,107,10,10
6198,127,131,-4,4
6199,84,81,3,3
6200,72,66,6,6
6201,77,73,4,4
6202,83,76,7,7
6203,77,88,-11,11
6204,133,125,8,8
6205,61,68,-7,7
6206,75,81,-6,6
6207,81,81,0,0
6208,95,88,7,7
6209,115,107,8,8
6210,106,92,14,14
6211,85,75,10,10
6212,89,86,3,3
6213,103,95,8,8
6214,78,72,6,6
6215,83,80,3,3
6216,128,111,17,17
6217,64,68,-4,4
6218,87,82,5,5
6219,108,94,14,14
6220,108,105,3,3
6221,77,73,4,4
6222,65,72,-7,7
6223,56,55,1,1
6224,69,63,6,6
6225,83,83,0,0
6226,93,96,-3,3
6227,85,84,1,1
6228,177,169,8,8
6229,52,52,0,0
6230,35,41,-6,6
6231,128,113,15,15
6232,98,93,5,5
6233,83,79,4,4
6234,67,64,3,3
6235,102,98,4,4
6236,115,113,2,2
6237,103,94,9,9
6238,99,96,3,3
6239,100,96,4,4
6240,148,127,21,21
6241,67,65,2,2
6242,131,123,8,8
6243,76,74,2,2
6244,91,88,3,3
6245,110,90,20,20
6246,133,132,1,1
6247,77,94,-17,17
6248,151,148,3,3
6249,130,131,-1,1
6250,80,82,-2,2
6251,86,88,-2,2
6252,117,121,-4,4
6253,72,69,3,3
6254,104,105,-1,1
6255,108,95,13,13
6256,103,102,1,1
6257,57,63,-6,6
6258,30,39,-9,9
6259,70,70,0,0
6260,93,102,-9,9
6261,75,71,4,4
6262,46,53,-7,7
6263,169,132,37,37
6264,88,84,4,4
6265,71,76,-5,5
6266,97,96,1,1
6267,133,120,13,13
6268,77,80,-3,3
6269,93,94,-1,1
6270,52,66,-14,14
6271,124,131,-7,7
6272,60,89,-29,29
6273,53,60,-7,7
6274,98,94,4,4
6275,105,89,16,16
6276,92,84,8,8
6277,106,96,10,10
6278,55,58,-3,3
6279,94,94,0,0
6280,94,83,11,11
6281,67,68,-1,1
6282,109,96,13,13
6283,61,69,-8,8
6284,49,56,-7,7
6285,99,89,10,10
6286,109,97,12,12
6287,73,67,6,6
6288,107,103,4,4
6289,82,78,4,4
6290,122,111,11,11
6291,50,47,3,3
6292,102,94,8,8
6293,99,94,5,5
6294,40,39,1,1
6295,61,54,7,7
6296,94,96,-2,2
6297,55,59,-4,4
6298,66,64,2,2
6299,58,66,-8,8
6300,139,145,-6,6
6301,104,87,17,17
6302,74,71,3,3
6303,77,68,9,9
6304,77,71,6,6
6305,91,86,5,5
6306,74,71,3,3
6307,63,63,0,0
6308,56,56,0,0
6309,103,110,-7,7
6310,83,82,1,1
6311,69,76,-7,7
6312,165,144,21,21
6313,109,103,6,6
6314,93,77,16,16
6315,123,119,4,4
6316,142,134,8,8
6317,71,66,5,5
6318,102,99,3,3
6319,81,80,1,1
6320,178,153,25,25
6321,75,67,8,8
6322,68,72,-4,4
6323,135,121,14,14
6324,103,101,2,2
6325,108,105,3,3
6326,62,76,-14,14
6327,95,97,-2,2
6328,114,102,12,12
6329,120,113,7,7
6330,124,124,0,0
6331,90,90,0,0
6332,29,39,-10,10
6333,69,73,-4,4
6334,61,72,-11,11
6335,85,78,7,7
6336,83,90,-7,7
6337,122,110,12,12
6338,148,136,12,12
6339,108,96,12,12
6340,96,99,-3,3
6341,75,75,0,0
6342,101,109,-8,8
6343,81,75,6,6
6344,98,99,-1,1
6345,95,88,7,7
6346,100,91,9,9
6347,96,98,-2,2
6348,161,169,-8,8
6349,84,85,-1,1
6350,55,52,3,3
6351,59,64,-5,5
6352,124,122,2,2
6353,137,132,5,5
6354,118,111,7,7
6355,144,120,24,24
6356,182,167,15,15
6357,126,115,11,11
6358,127,111,16,16
6359,111,103,8,8
6360,92,88,4,4
6361,106,100,6,6
6362,74,76,-2,2
6363,68,80,-12,12
6364,108,112,-4,4
6365,95,87,8,8
6366,103,101,2,2
6367,81,83,-2,2
6368,86,87,-1,1
6369,170,149,21,21
6370,50,49,1,1
6371,51,54,-3,3
6372,94,83,11,11
6373,146,149,-3,3
6374,74,75,-1,1
6375,100,90,10,10
6376,128,109,19,19
6377,74,66,8,8
6378,108,99,9,9
6379,77,79,-2,2
6380,63,68,-5,5
6381,50,45,5,5
6382,109,99,10,10
6383,52,55,-3,3
6384,68,77,-9,9
6385,90,95,-5,5
6386,80,85,-5,5
6387,55,65,-10,10
6388,103,89,14,14
6389,84,86,-2,2
6390,90,79,11,11
6391,66,72,-6,6
6392,167,157,10,10
6393,82,82,0,0
6394,73,71,2,2
6395,86,90,-4,4
6396,71,76,-5,5
6397,80,83,-3,3
6398,92,90,2,2
6399,117,104,13,13
6400,51,63,-12,12
6401,94,95,-1,1
6402,84,81,3,3
6403,135,132,3,3
6404,66,74,-8,8
6405,151,140,11,11
6406,92,90,2,2
6407,102,98,4,4
6408,116,100,16,16
6409,50,56,-6,6
6410,88,89,-1,1
6411,119,113,6,6
6412,107,106,1,1
6413,93,99,-6,6
6414,142,131,11,11
6415,52,50,2,2
6416,115,111,4,4
6417,52,55,-3,3
6418,56,53,3,3
6419,152,131,21,21
6420,83,73,10,10
6421,62,63,-1,1
6422,64,73,-9,9
6423,119,106,13,13
6424,157,131,26,26
6425,51,58,-7,7
6426,118,113,5,5
6427,58,67,-9,9
6428,94,87,7,7
6429,45,47,-2,2
6430,120,108,12,12
6431,88,88,0,0
6432,84,88,-4,4
6433,131,129,2,2
6434,98,88,10,10
6435,50,50,0,0
6436,88,78,10,10
6437,101,107,-6,6
6438,78,71,7,7
6439,40,62,-22,22
6440,103,109,-6,6
6441,96,88,8,8
6442,83,82,1,1
6443,93,89,4,4
6444,82,70,12,12
6445,103,97,6,6
6446,41,59,-18,18
6447,39,49,-10,10
6448,60,53,7,7
6449,137,122,15,15
6450,46,44,2,2
6451,51,52,-1,1
6452,82,84,-2,2
6453,131,116,15,15
6454,66,74,-8,8
6455,76,68,8,8
6456,204,182,22,22
6457,106,103,3,3
6458,72,66,6,6
6459,145,138,7,7
6460,80,74,6,6
6461,89,91,-2,2
6462,148,141,7,7
6463,141,121,20,20
6464,59,61,-2,2
6465,51,46,5,5
6466,88,82,6,6
6467,77,73,4,4
6468,103,109,-6,6
6469,94,85,9,9
6470,92,80,12,12
6471,82,74,8,8
6472,89,94,-5,5
6473,72,75,-3,3
6474,135,125,10,10
6475,135,123,12,12
6476,85,81,4,4
6477,63,66,-3,3
6478,173,161,12,12
6479,108,104,4,4
6480,141,116,25,25
6481,85,87,-2,2
6482,144,139,5,5
6483,66,65,1,1
6484,86,87,-1,1
6485,84,76,8,8
6486,107,96,11,11
6487,60,59,1,1
6488,62,69,-7,7
6489,174,169,5,5
6490,68,63,5,5
6491,74,79,-5,5
6492,67,68,-1,1
6493,72,64,8,8
6494,117,104,13,13
6495,93,114,-21,21
6496,69,76,-7,7
6497,75,77,-2,2
6498,84,82,2,2
6499,101,97,4,4
6500,78,77,1,1
6501,202,190,12,12
6502,97,104,-7,7
6503,79,77,2,2
6504,97,101,-4,4
6505,60,69,-9,9
6506,58,54,4,4
6507,113,120,-7,7
6508,63,67,-4,4
6509,79,77,2,2
6510,94,92,2,2
6511,129,125,4,4
6512,142,134,8,8
6513,96,91,5,5
6514,83,76,7,7
6515,137,125,12,12
6516,99,89,10,10
6517,92,91,1,1
6518,92,94,-2,2
6519,69,65,4,4
6520,126,138,-12,12
6521,148,152,-4,4
6522,90,87,3,3
6523,94,86,8,8
6524,111,108,3,3
6525,86,91,-5,5
6526,49,53,-4,4
6527,124,113,11,11
6528,107,108,-1,1
6529,129,123,6,6
6530,58,51,7,7
6531,70,70,0,0
6532,70,75,-5,5
6533,91,82,9,9
6534,86,72,14,14
6535,102,102,0,0
6536,83,83,0,0
6537,119,115,4,4
6538,76,78,-2,2
6539,49,47,2,2
6540,94,79,15,15
6541,124,103,21,21
6542,65,63,2,2
6543,96,107,-11,11
6544,170,163,7,7
6545,68,75,-7,7
6546,28,33,-5,5
6547,135,132,3,3
6548,151,126,25,25
6549,80,84,-4,4
6550,79,92,-13,13
6551,68,82,-14,14
6552,118,102,16,16
6553,73,72,1,1
6554,104,109,-5,5
6555,147,128,19,19
6556,91,97,-6,6
6557,147,122,25,25
6558,55,64,-9,9
6559,66,69,-3,3
6560,121,108,13,13
6561,70,70,0,0
6562,107,99,8,8
6563,153,146,7,7
6564,124,120,4,4
6565,59,69,-10,10
6566,90,86,4,4
6567,57,67,-10,10
6568,129,112,17,17
6569,98,99,-1,1
6570,152,137,15,15
6571,55,61,-6,6
6572,93,69,24,24
6573,61,56,5,5
6574,135,125,10,10
6575,72,67,5,5
6576,105,109,-4,4
6577,65,93,-28,28
6578,91,85,6,6
6579,117,108,9,9
6580,85,87,-2,2
6581,125,115,10,10
6582,57,68,-11,11
6583,151,132,19,19
6584,68,72,-4,4
6585,104,110,-6,6
6586,53,58,-5,5
6587,88,87,1,1
6588,91,86,5,5
6589,184,148,36,36
6590,99,95,4,4
6591,189,164,25,25
6592,186,168,18,18
6593,125,110,15,15
6594,62,73,-11,11
6595,103,101,2,2
6596,183,174,9,9
6597,62,55,7,7
6598,66,65,1,1
6599,73,69,4,4
6600,114,105,9,9
6601,123,122,1,1
6602,108,91,17,17
6603,115,105,10,10
6604,124,113,11,11
6605,66,79,-13,13
6606,104,80,24,24
6607,75,77,-2,2
6608,108,109,-1,1
6609,81,80,1,1
6610,82,70,12,12
6611,80,72,8,8
6612,30,38,-8,8
6613,90,83,7,7
6614,62,65,-3,3
6615,86,80,6,6
6616,56,55,1,1
6617,95,94,1,1
6618,100,100,0,0
6619,102,94,8,8
6620,102,99,3,3
6621,59,56,3,3
6622,152,131,21,21
6623,163,160,3,3
6624,143,132,11,11
6625,162,154,8,8
6626,84,84,0,0
6627,78,81,-3,3
6628,92,95,-3,3
6629,79,82,-3,3
6630,78,74,4,4
6631,120,105,15,15
6632,99,92,7,7
6633,103,90,13,13
6634,76,79,-3,3
6635,80,74,6,6
6636,66,63,3,3
6637,128,123,5,5
6638,85,74,11,11
6639,100,98,2,2
6640,46,52,-6,6
6641,125,118,7,7
6642,111,114,-3,3
6643,119,113,6,6
6644,59,65,-6,6
6645,55,53,2,2
6646,158,147,11,11
6647,106,108,-2,2
6648,136,129,7,7
6649,108,99,9,9
6650,124,114,10,10
6651,106,103,3,3
6652,92,78,14,14
6653,118,121,-3,3
6654,108,99,9,9
6655,114,103,11,11
6656,51,55,-4,4
6657,85,79,6,6
6658,61,84,-23,23
6659,74,71,3,3
6660,67,67,0,0
6661,108,100,8,8
6662,132,125,7,7
6663,78,68,10,10
6664,102,107,-5,5
6665,175,142,33,33
6666,140,134,6,6
6667,93,83,10,10
6668,75,81,-6,6
6669,98,93,5,5
6670,98,86,12,12
6671,119,106,13,13
6672,121,144,-23,23
6673,94,93,1,1
6674,117,99,18,18
6675,108,109,-1,1
6676,87,104,-17,17
6677,100,93,7,7
6678,88,79,9,9
6679,86,68,18,18
6680,65,68,-3,3
6681,81,77,4,4
6682,89,85,4,4
6683,114,103,11,11
6684,108,105,3,3
6685,95,84,11,11
6686,100,98,2,2
6687,98,95,3,3
6688,88,85,3,3
6689,95,95,0,0
6690,92,90,2,2
6691,161,152,9,9
6692,57,54,3,3
6693,89,88,1,1
6694,67,54,13,13
6695,101,101,0,0
6696,102,105,-3,3
6697,84,83,1,1
6698,64,58,6,6
6699,127,122,5,5
6700,97,97,0,0
6701,101,101,0,0
6702,65,68,-3,3
6703,89,81,8,8
6704,70,65,5,5
6705,67,73,-6,6
6706,169,158,11,11
6707,59,69,-10,10
6708,163,143,20,20
6709,38,42,-4,4
6710,117,107,10,10
6711,53,52,1,1
6712,52,51,1,1
6713,120,117,3,3
6714,80,68,12,12
6715,52,56,-4,4
6716,127,141,-14,14
6717,87,93,-6,6
6718,54,85,-31,31
6719,66,60,6,6
6720,98,88,10,10
6721,112,111,1,1
6722,56,55,1,1
6723,114,107,7,7
6724,90,83,7,7
6725,87,85,2,2
6726,58,62,-4,4
6727,118,110,8,8
6728,96,98,-2,2
6729,102,107,-5,5
6730,84,86,-2,2
6731,111,104,7,7
6732,62,65,-3,3
6733,73,69,4,4
6734,69,71,-2,2
6735,133,125,8,8
6736,87,79,8,8
6737,64,63,1,1
6738,85,87,-2,2
6739,103,94,9,9
6740,86,81,5,5
6741,68,66,2,2
6742,145,142,3,3
6743,74,65,9,9
6744,91,96,-5,5
6745,102,91,11,11
6746,128,123,5,5
6747,104,103,1,1
6748,110,114,-4,4
6749,56,54,2,2
6750,83,82,1,1
6751,109,111,-2,2
6752,77,72,5,5
6753,164,138,26,26
6754,137,131,6,6
6755,134,118,16,16
6756,172,161,11,11
6757,116,112,4,4
6758,80,74,6,6
6759,50,52,-2,2
6760,168,148,20,20
6761,68,72,-4,4
6762,88,91,-3,3
6763,48,46,2,2
6764,60,56,4,4
6765,135,134,1,1
6766,75,64,11,11
6767,187,173,14,14
6768,78,74,4,4
6769,117,97,20,20
6770,109,114,-5,5
6771,79,72,7,7
6772,80,80,0,0
6773,72,72,0,0
6774,105,101,4,4
6775,130,134,-4,4
6776,108,109,-1,1
6777,39,46,-7,7
6778,94,97,-3,3
6779,76,81,-5,5
6780,84,86,-2,2
6781,110,115,-5,5
6782,79,77,2,2
6783,129,108,21,21
6784,66,66,0,0
6785,73,76,-3,3
6786,90,83,7,7
6787,69,71,-2,2
6788,76,64,12,12
6789,96,104,-8,8
6790,113,104,9,9
6791,118,114,4,4
6792,78,73,5,5
6793,92,84,8,8
6794,96,90,6,6
6795,111,116,-5,5
6796,143,145,-2,2
6797,101,95,6,6
6798,99,99,0,0
6799,110,119,-9,9
6800,105,106,-1,1
6801,79,78,1,1
6802,80,91,-11,11
6803,54,51,3,3
6804,86,79,7,7
6805,66,75,-9,9
6806,96,89,7,7
6807,151,143,8,8
6808,78,95,-17,17
6809,82,89,-7,7
6810,93,88,5,5
6811,57,66,-9,9
6812,129,116,13,13
6813,89,86,3,3
6814,83,77,6,6
6815,72,80,-8,8
6816,85,84,1,1
6817,58,59,-1,1
6818,69,68,1,1
6819,69,80,-11,11
6820,55,49,6,6
6821,114,100,14,14
6822,145,126,19,19
6823,81,88,-7,7
6824,41,55,-14,14
6825,88,100,-12,12
6826,108,109,-1,1
6827,104,100,4,4
6828,74,65,9,9
6829,111,105,6,6
6830,74,73,1,1
6831,82,79,3,3
6832,129,121,8,8
6833,75,78,-3,3
6834,137,121,16,16
6835,135,127,8,8
6836,93,82,11,11
6837,73,83,-10,10
6838,125,121,4,4
6839,110,116,-6,6
6840,147,155,-8,8
6841,86,91,-5,5
6842,96,88,8,8
6843,104,98,6,6
6844,110,112,-2,2
6845,80,77,3,3
6846,66,70,-4,4
6847,168,161,7,7
6848,123,129,-6,6
6849,138,138,0,0
6850,66,66,0,0
6851,66,64,2,2
6852,143,125,18,18
6853,88,75,13,13
6854,76,82,-6,6
6855,143,143,0,0
6856,108,96,12,12
6857,74,73,1,1
6858,76,71,5,5
6859,59,65,-6,6
6860,87,83,4,4
6861,113,104,9,9
6862,57,61,-4,4
6863,56,69,-13,13
6864,102,91,11,11
6865,74,77,-3,3
6866,89,88,1,1
6867,75,81,-6,6
6868,128,123,5,5
6869,106,107,-1,1
6870,92,82,10,10
6871,138,138,0,0
6872,75,70,5,5
6873,103,101,2,2
6874,120,104,16,16
6875,136,123,13,13
6876,72,76,-4,4
6877,128,125,3,3
6878,128,121,7,7
6879,150,141,9,9
6880,86,79,7,7
6881,85,81,4,4
6882,62,58,4,4
6883,76,78,-2,2
6884,123,118,5,5
6885,64,69,-5,5
6886,116,115,1,1
6887,62,64,-2,2
6888,81,76,5,5
6889,118,108,10,10
6890,117,113,4,4
6891,123,110,13,13
6892,144,124,20,20
6893,109,105,4,4
6894,79,75,4,4
6895,97,101,-4,4
6896,87,82,5,5
6897,55,53,2,2
6898,65,67,-2,2
6899,103,100,3,3
6900,90,76,14,14
6901,87,80,7,7
6902,43,45,-2,2
6903,92,88,4,4
6904,147,145,2,2
6905,106,100,6,6
6906,68,72,-4,4
6907,71,67,4,4
6908,97,94,3,3
6909,93,91,2,2
6910,69,84,-15,15
6911,92,92,0,0
6912,77,82,-5,5
6913,132,122,10,10
6914,87,87,0,0
6915,118,108,10,10
6916,58,57,1,1
6917,43,41,2,2
6918,80,86,-6,6
6919,118,105,13,13
6920,107,115,-8,8
6921,132,123,9,9
6922,86,88,-2,2
6923,114,105,9,9
6924,85,80,5,5
6925,66,71,-5,5
6926,65,63,2,2
6927,84,87,-3,3
6928,122,113,9,9
6929,74,77,-3,3
6930,154,154,0,0
6931,93,90,3,3
6932,40,67,-27,27
6933,88,78,10,10
6934,84,86,-2,2
6935,67,67,0,0
6936,113,114,-1,1
6937,110,106,4,4
6938,217,185,32,32
6939,99,103,-4,4
6940,107,108,-1,1
6941,120,115,5,5
6942,116,106,10,10
6943,70,79,-9,9
6944,86,80,6,6
6945,89,92,-3,3
6946,75,71,4,4
6947,72,70,2,2
6948,75,74,1,1
6949,55,64,-9,9
6950,196,190,6,6
6951,114,105,9,9
6952,142,88,54,54
6953,76,76,0,0
6954,71,65,6,6
6955,80,85,-5,5
6956,81,78,3,3
6957,106,92,14,14
6958,126,118,8,8
6959,114,114,0,0
6960,90,87,3,3
6961,134,125,9,9
6962,112,107,5,5
6963,86,84,2,2
6964,109,114,-5,5
6965,98,106,-8,8
6966,123,119,4,4
6967,48,46,2,2
6968,89,85,4,4
6969,141,136,5,5
6970,122,117,5,5
6971,65,78,-13,13
6972,163,148,15,15
6973,106,99,7,7
6974,145,141,4,4
6975,65,62,3,3
6976,111,88,23,23
6977,110,107,3,3
6978,40,42,-2,2
6979,77,77,0,0
6980,81,78,3,3
6981,136,125,11,11
6982,124,126,-2,2
6983,107,105,2,2
6984,83,80,3,3
6985,137,124,13,13
6986,93,93,0,0
6987,95,93,2,2
6988,82,91,-9,9
6989,91,87,4,4
6990,139,120,19,19
6991,49,45,4,4
6992,36,40,-4,4
6993,76,66,10,10
6994,57,60,-3,3
6995,128,128,0,0
6996,77,89,-12,12
6997,86,88,-2,2
6998,144,136,8,8
6999,72,73,-1,1
7000,48,49,-1,1
7001,86,78,8,8
7002,96,88,8,8
7003,67,68,-1,1
7004,65,65,0,0
7005,132,115,17,17
7006,128,117,11,11
7007,115,108,7,7
7008,109,106,3,3
7009,63,65,-2,2
7010,55,62,-7,7
7011,119,100,19,19
7012,70,59,11,11
7013,125,109,16,16
7014,146,132,14,14
7015,84,84,0,0
7016,120,119,1,1
7017,83,85,-2,2
7018,68,66,2,2
7019,106,97,9,9
7020,147,121,26,26
7021,81,78,3,3
7022,87,91,-4,4
7023,86,81,5,5
7024,67,73,-6,6
7025,100,90,10,10
7026,81,82,-1,1
7027,70,76,-6,6
7028,94,86,8,8
7029,123,111,12,12
7030,121,111,10,10
7031,71,73,-2,2
7032,73,68,5,5
7033,79,75,4,4
7034,98,99,-1,1
7035,147,115,32,32
7036,86,77,9,9
7037,83,75,8,8
7038,117,107,10,10
7039,93,94,-1,1
7040,44,46,-2,2
7041,68,72,-4,4
7042,74,76,-2,2
7043,76,92,-16,16
7044,96,87,9,9
7045,80,67,13,13
7046,73,82,-9,9
7047,93,83,10,10
7048,48,52,-4,4
7049,85,81,4,4
7050,140,133,7,7
7051,81,82,-1,1
7052,57,51,6,6
7053,93,85,8,8
7054,119,116,3,3
7055,129,135,-6,6
7056,88,82,6,6
7057,101,94,7,7
7058,91,88,3,3
7059,59,58,1,1
7060,109,118,-9,9
7061,89,81,8,8
7062,101,86,15,15
7063,116,105,11,11
7064,86,85,1,1
7065,113,105,8,8
7066,101,90,11,11
7067,110,109,1,1
7068,115,137,-22,22
7069,137,137,0,0
7070,64,74,-10,10
7071,133,117,16,16
7072,80,85,-5,5
7073,61,56,5,5
7074,116,116,0,0
7075,154,142,12,12
7076,69,66,3,3
7077,123,120,3,3
7078,63,67,-4,4
7079,99,116,-17,17
7080,52,50,2,2
7081,86,81,5,5
7082,79,74,5,5
7083,97,102,-5,5
7084,68,69,-1,1
7085,79,84,-5,5
7086,82,72,10,10
7087,66,62,4,4
7088,28,26,2,2
7089,54,65,-11,11
7090,76,72,4,4
7091,74,83,-9,9
7092,97,97,0,0
7093,82,78,4,4
7094,103,101,2,2
7095,61,53,8,8
7096,69,58,11,11
7097,60,64,-4,4
7098,61,89,-28,28
7099,100,104,-4,4
7100,100,98,2,2
7101,129,113,16,16
7102,184,161,23,23
7103,119,116,3,3
7104,91,80,11,11
7105,99,104,-5,5
7106,100,95,5,5
7107,58,65,-7,7
7108,70,71,-1,1
7109,76,86,-10,10
7110,77,77,0,0
7111,70,63,7,7
7112,116,107,9,9
7113,149,140,9,9
7114,124,124,0,0
7115,139,109,30,30
7116,142,149,-7,7
7117,77,80,-3,3
7118,96,86,10,10
7119,215,181,34,34
7120,70,72,-2,2
7121,118,114,4,4
7122,89,87,2,2
7123,106,93,13,13
7124,117,111,6,6
7125,60,61,-1,1
7126,67,68,-1,1
7127,149,148,1,1
7128,364,388,-24,24
7129,110,103,7,7
7130,106,93,13,13
7131,161,157,4,4
7132,119,129,-10,10
7133,113,138,-25,25
7134,100,99,1,1
7135,51,53,-2,2
7136,121,114,7,7
7137,108,105,3,3
7138,107,105,2,2
7139,62,63,-1,1
7140,84,84,0,0
7141,93,79,14,14
7142,143,135,8,8
7143,136,124,12,12
7144,53,63,-10,10
7145,97,99,-2,2
7146,139,139,0,0
7147,126,129,-3,3
7148,46,54,-8,8
7149,172,168,4,4
7150,101,99,2,2
7151,89,85,4,4
7152,118,109,9,9
7153,71,72,-1,1
7154,120,119,1,1
7155,77,77,0,0
7156,145,129,16,16
7157,45,41,4,4
7158,80,75,5,5
7159,58,66,-8,8
7160,117,106,11,11
7161,91,89,2,2
7162,192,177,15,15
7163,68,66,2,2
7164,71,64,7,7
7165,82,79,3,3
7166,84,81,3,3
7167,70,78,-8,8
7168,47,55,-8,8
7169,95,86,9,9
7170,59,65,-6,6
7171,154,138,16,16
7172,131,118,13,13
7173,98,96,2,2
7174,38,46,-8,8
7175,86,91,-5,5
7176,55,55,0,0
7177,40,43,-3,3
7178,119,112,7,7
7179,247,208,39,39
7180,96,96,0,0
7181,69,72,-3,3
7182,87,93,-6,6
7183,93,94,-1,1
7184,84,81,3,3
7185,127,129,-2,2
7186,106,100,6,6
7187,62,62,0,0
7188,84,87,-3,3
7189,48,52,-4,4
7190,116,121,-5,5
7191,83,79,4,4
7192,123,121,2,2
7193,97,87,10,10
7194,119,106,13,13
7195,113,113,0,0
7196,70,73,-3,3
7197,123,125,-2,2
7198,86,80,6,6
7199,49,53,-4,4
7200,113,107,6,6
7201,100,96,4,4
7202,131,123,8,8
7203,93,89,4,4
7204,92,83,9,9
7205,73,71,2,2
7206,61,60,1,1
7207,72,67,5,5
7208,91,85,6,6
7209,86,84,2,2
7210,82,77,5,5
7211,179,170,9,9
7212,121,106,15,15
7213,58,56,2,2
7214,83,72,11,11
7215,100,80,20,20
7216,84,77,7,7
7217,76,72,4,4
7218,83,71,12,12
7219,81,78,3,3
7220,119,114,5,5
7221,160,146,14,14
7222,97,99,-2,2
7223,143,155,-12,12
7224,49,46,3,3
7225,188,161,27,27
7226,79,79,0,0
7227,62,64,-2,2
7228,71,66,5,5
7229,114,121,-7,7
7230,167,166,1,1
7231,100,87,13,13
7232,90,80,10,10
7233,106,107,-1,1
7234,129,127,2,2
7235,81,75,6,6
7236,52,53,-1,1
7237,86,80,6,6
7238,92,104,-12,12
7239,59,64,-5,5
7240,98,100,-2,2
7241,94,89,5,5
7242,173,160,13,13
7243,82,89,-7,7
7244,121,111,10,10
7245,84,73,11,11
7246,44,45,-1,1
7247,88,94,-6,6
7248,91,84,7,7
7249,97,89,8,8
7250,46,48,-2,2
7251,114,103,11,11
7252,108,98,10,10
7253,66,63,3,3
7254,71,69,2,2
7255,76,77,-1,1
7256,159,151,8,8
7257,39,45,-6,6
7258,47,51,-4,4
7259,142,119,23,23
7260,124,129,-5,5
7261,109,105,4,4
7262,110,109,1,1
7263,59,54,5,5
7264,107,93,14,14
7265,59,58,1,1
7266,93,91,2,2
7267,96,99,-3,3
7268,40,54,-14,14
7269,124,120,4,4
7270,90,74,16,16
7271,52,55,-3,3
7272,95,87,8,8
7273,81,82,-1,1
7274,171,151,20,20
7275,78,67,11,11
7276,97,81,16,16
7277,82,87,-5,5
7278,93,88,5,5
7279,106,108,-2,2
7280,129,114,15,15
7281,110,116,-6,6
7282,28,54,-26,26
7283,152,150,2,2
7284,113,98,15,15
7285,62,56,6,6
7286,51,54,-3,3
7287,167,166,1,1
7288,60,51,9,9
7289,176,164,12,12
7290,139,135,4,4
7291,193,182,11,11
7292,78,80,-2,2
7293,76,72,4,4
7294,80,75,5,5
7295,86,99,-13,13
7296,102,93,9,9
7297,51,50,1,1
7298,32,38,-6,6
7299,133,115,18,18
7300,160,144,16,16
7301,75,76,-1,1
7302,84,76,8,8
7303,85,84,1,1
7304,89,89,0,0
7305,69,65,4,4
7306,113,110,3,3
7307,69,66,3,3
7308,76,79,-3,3
7309,56,76,-20,20
7310,86,75,11,11
7311,92,94,-2,2
7312,54,55,-1,1
7313,100,89,11,11
7314,37,66,-29,29
7315,140,132,8,8
7316,57,71,-14,14
7317,83,85,-2,2
7318,75,66,9,9
7319,59,63,-4,4
7320,99,116,-17,17
7321,108,100,8,8
7322,93,93,0,0
7323,78,82,-4,4
7324,166,162,4,4
7325,81,80,1,1
7326,80,77,3,3
7327,166,138,28,28
7328,56,55,1,1
7329,108,105,3,3
7330,88,85,3,3
7331,124,128,-4,4
7332,71,73,-2,2
7333,111,98,13,13
7334,77,87,-10,10
7335,84,77,7,7
7336,85,83,2,2
7337,103,88,15,15
7338,67,75,-8,8
7339,128,116,12,12
7340,54,51,3,3
7341,98,92,6,6
7342,115,126,-11,11
7343,80,76,4,4
7344,66,61,5,5
7345,84,79,5,5
7346,179,168,11,11
7347,70,74,-4,4
7348,93,94,-1,1
7349,139,149,-10,10
7350,136,119,17,17
7351,173,165,8,8
7352,112,98,14,14
7353,76,80,-4,4
7354,112,114,-2,2
7355,118,124,-6,6
7356,109,97,12,12
7357,101,103,-2,2
7358,105,92,13,13
7359,67,71,-4,4
7360,131,118,13,13
7361,41,54,-13,13
7362,49,46,3,3
7363,113,108,5,5
7364,137,133,4,4
7365,96,99,-3,3
7366,68,69,-1,1
7367,110,116,-6,6
7368,70,72,-2,2
7369,155,159,-4,4
7370,58,54,4,4
7371,140,147,-7,7
7372,119,120,-1,1
7373,67,69,-2,2
7374,79,78,1,1
7375,68,69,-1,1
7376,62,60,2,2
7377,48,53,-5,5
7378,104,105,-1,1
7379,67,71,-4,4
7380,63,68,-5,5
7381,70,67,3,3
7382,83,86,-3,3
7383,66,67,-1,1
7384,67,76,-9,9
7385,54,55,-1,1
7386,144,145,-1,1
7387,68,70,-2,2
7388,76,77,-1,1
7389,62,56,6,6
7390,147,131,16,16
7391,80,96,-16,16
7392,53,57,-4,4
7393,73,71,2,2
7394,74,69,5,5
7395,63,69,-6,6
7396,111,110,1,1
7397,199,174,25,25
7398,90,86,4,4
7399,65,68,-3,3
7400,68,63,5,5
7401,81,81,0,0
7402,95,90,5,5
7403,83,84,-1,1
7404,99,84,15,15
7405,64,65,-1,1
7406,70,75,-5,5
7407,62,55,7,7
7408,60,64,-4,4
7409,84,85,-1,1
7410,63,64,-1,1
7411,91,92,-1,1
7412,53,70,-17,17
7413,114,103,11,11
7414,102,97,5,5
7415,80,65,15,15
7416,85,91,-6,6
7417,112,114,-2,2
7418,86,83,3,3
7419,61,65,-4,4
7420,118,108,10,10
7421,108,86,22,22
7422,179,156,23,23
7423,87,87,0,0
7424,185,164,21,21
7425,91,87,4,4
7426,73,79,-6,6
7427,63,51,12,12
7428,159,140,19,19
7429,146,140,6,6
7430,75,81,-6,6
7431,73,75,-2,2
7432,107,95,12,12
7433,93,87,6,6
7434,89,94,-5,5
7435,82,95,-13,13
7436,79,74,5,5
7437,50,53,-3,3
7438,69,70,-1,1
7439,89,91,-2,2
7440,145,144,1,1
7441,84,87,-3,3
7442,115,119,-4,4
7443,103,114,-11,11
7444,90,96,-6,6
7445,57,53,4,4
7446,118,101,17,17
7447,99,99,0,0
7448,124,109,15,15
7449,102,110,-8,8
7450,97,92,5,5
7451,64,61,3,3
7452,78,68,10,10
7453,121,119,2,2
7454,163,148,15,15
7455,63,57,6,6
7456,53,56,-3,3
7457,71,71,0,0
7458,79,81,-2,2
7459,102,102,0,0
7460,130,121,9,9
7461,114,107,7,7
7462,118,121,-3,3
7463,93,93,0,0
7464,78,71,7,7
7465,87,87,0,0
7466,107,94,13,13
7467,105,97,8,8
7468,135,124,11,11
7469,64,61,3,3
7470,80,75,5,5
7471,79,85,-6,6
7472,156,152,4,4
7473,123,124,-1,1
7474,81,87,-6,6
7475,91,91,0,0
7476,184,159,25,25
7477,62,70,-8,8
7478,76,82,-6,6
7479,112,107,5,5
7480,60,68,-8,8
7481,103,94,9,9
7482,83,84,-1,1
7483,69,70,-1,1
7484,206,188,18,18
7485,78,80,-2,2
7486,82,72,10,10
7487,81,83,-2,2
7488,39,38,1,1
7489,109,106,3,3
7490,32,58,-26,26
7491,65,69,-4,4
7492,88,83,5,5
7493,94,95,-1,1
7494,87,89,-2,2
7495,74,67,7,7
7496,88,82,6,6
7497,103,104,-1,1
7498,72,65,7,7
7499,83,83,0,0
7500,197,200,-3,3
7501,41,41,0,0
7502,76,74,2,2
7503,129,107,22,22
7504,40,62,-22,22
7505,136,136,0,0
7506,62,59,3,3
7507,66,65,1,1
7508,106,116,-10,10
7509,62,63,-1,1
7510,109,99,10,10
7511,136,121,15,15
7512,100,93,7,7
7513,160,148,12,12
7514,105,99,6,6
7515,122,112,10,10
7516,98,96,2,2
7517,78,71,7,7
7518,75,76,-1,1
7519,67,68,-1,1
7520,56,59,-3,3
7521,60,55,5,5
7522,38,40,-2,2
7523,53,55,-2,2
7524,57,71,-14,14
7525,113,105,8,8
7526,83,76,7,7
7527,81,69,12,12
7528,136,135,1,1
7529,78,72,6,6
7530,89,82,7,7
7531,86,86,0,0
7532,68,74,-6,6
7533,156,150,6,6
7534,85,81,4,4
7535,126,122,4,4
7536,57,68,-11,11
7537,114,112,2,2
7538,113,100,13,13
7539,75,79,-4,4
7540,130,120,10,10
7541,79,67,12,12
7542,112,103,9,9
7543,120,119,1,1
7544,76,78,-2,2
7545,86,79,7,7
7546,60,56,4,4
7547,52,59,-7,7
7548,80,70,10,10
7549,136,123,13,13
7550,71,73,-2,2
7551,152,149,3,3
7552,59,66,-7,7
7553,88,79,9,9
7554,71,66,5,5
7555,71,65,6,6
7556,88,90,-2,2
7557,44,50,-6,6
7558,95,99,-4,4
7559,99,93,6,6
7560,74,81,-7,7
7561,148,131,17,17
7562,74,70,4,4
7563,103,85,18,18
7564,70,65,5,5
7565,128,111,17,17
7566,70,72,-2,2
7567,69,73,-4,4
7568,95,73,22,22
7569,125,120,5,5
7570,87,91,-4,4
7571,130,124,6,6
7572,105,115,-10,10
7573,96,86,10,10
7574,90,88,2,2
7575,52,51,1,1
7576,77,91,-14,14
7577,143,132,11,11
7578,97,105,-8,8
7579,81,81,0,0
7580,55,50,5,5
7581,122,130,-8,8
7582,59,65,-6,6
7583,106,99,7,7
7584,146,129,17,17
7585,62,61,1,1
7586,122,115,7,7
7587,166,152,14,14
7588,76,71,5,5
7589,82,85,-3,3
7590,114,107,7,7
7591,113,119,-6,6
7592,94,90,4,4
7593,113,111,2,2
7594,79,80,-1,1
7595,106,102,4,4
7596,123,120,3,3
7597,118,109,9,9
7598,80,74,6,6
7599,94,90,4,4
7600,89,80,9,9
7601,64,55,9,9
7602,113,110,3,3
7603,137,128,9,9
7604,53,102,-49,49
7605,133,128,5,5
7606,65,80,-15,15
7607,78,84,-6,6
7608,40,41,-1,1
7609,60,65,-5,5
7610,52,53,-1,1
7611,136,127,9,9
7612,155,149,6,6
7613,94,97,-3,3
7614,75,75,0,0
7615,36,39,-3,3
7616,132,120,12,12
7617,117,107,10,10
7618,136,142,-6,6
7619,141,122,19,19
7620,65,69,-4,4
7621,96,80,16,16
7622,68,72,-4,4
7623,144,123,21,21
7624,148,142,6,6
7625,117,115,2,2
7626,60,69,-9,9
7627,98,96,2,2
7628,114,106,8,8
7629,139,119,20,20
7630,109,97,12,12
7631,69,78,-9,9
7632,105,96,9,9
7633,116,103,13,13
7634,72,67,5,5
7635,74,77,-3,3
7636,102,102,0,0
7637,62,51,11,11
7638,36,30,6,6
7639,94,86,8,8
7640,78,79,-1,1
7641,150,133,17,17
7642,81,79,2,2
7643,154,150,4,4
7644,115,114,1,1
7645,44,53,-9,9
7646,88,89,-1,1
7647,80,76,4,4
7648,75,69,6,6
7649,58,52,6,6
7650,124,119,5,5
7651,90,87,3,3
7652,117,104,13,13
7653,93,85,8,8
7654,133,127,6,6
7655,71,63,8,8
7656,82,84,-2,2
7657,66,69,-3,3
7658,69,69,0,0
7659,112,102,10,10
7660,114,102,12,12
7661,81,66,15,15
7662,110,110,0,0
7663,76,71,5,5
7664,97,98,-1,1
7665,83,81,2,2
7666,73,72,1,1
7667,109,104,5,5
7668,67,66,1,1
7669,101,104,-3,3
7670,74,69,5,5
7671,122,113,9,9
7672,51,57,-6,6
7673,80,88,-8,8
7674,118,111,7,7
7675,87,79,8,8
7676,84,79,5,5
7677,135,122,13,13
7678,51,97,-46,46
7679,121,104,17,17
7680,60,60,0,0
7681,150,142,8,8
7682,41,44,-3,3
7683,55,53,2,2
7684,149,129,20,20
7685,136,131,5,5
7686,121,98,23,23
7687,121,114,7,7
7688,50,61,-11,11
7689,61,56,5,5
7690,129,120,9,9
7691,83,92,-9,9
7692,83,91,-8,8
7693,77,71,6,6
7694,110,97,13,13
7695,110,93,17,17
7696,108,112,-4,4
7697,95,98,-3,3
7698,91,84,7,7
7699,99,90,9,9
7700,105,102,3,3
7701,104,127,-23,23
7702,82,81,1,1
7703,68,68,0,0
7704,77,76,1,1
7705,103,96,7,7
7706,87,85,2,2
7707,55,52,3,3
7708,94,88,6,6
7709,67,66,1,1
7710,75,87,-12,12
7711,137,133,4,4
7712,69,72,-3,3
7713,67,66,1,1
7714,77,87,-10,10
7715,68,68,0,0
7716,117,109,8,8
7717,109,112,-3,3
7718,164,144,20,20
7719,102,114,-12,12
7720,77,85,-8,8
7721,71,88,-17,17
7722,71,75,-4,4
7723,146,125,21,21
7724,40,36,4,4
7725,121,109,12,12
7726,86,78,8,8
7727,99,94,5,5
7728,68,75,-7,7
7729,89,73,16,16
7730,71,75,-4,4
7731,72,70,2,2
7732,49,48,1,1
7733,155,123,32,32
7734,145,145,0,0
7735,102,104,-2,2
7736,131,122,9,9
7737,101,84,17,17
7738,61,66,-5,5
7739,108,109,-1,1
7740,62,68,-6,6
7741,93,85,8,8
7742,84,80,4,4
7743,56,93,-37,37
7744,143,131,12,12
7745,145,134,11,11
7746,103,96,7,7
7747,88,87,1,1
7748,96,91,5,5
7749,63,63,0,0
7750,88,92,-4,4
7751,50,63,-13,13
7752,106,105,1,1
7753,89,73,16,16
7754,101,107,-6,6
7755,134,121,13,13
7756,91,85,6,6
7757,134,137,-3,3
7758,79,83,-4,4
7759,161,148,13,13
7760,127,124,3,3
7761,88,89,-1,1
7762,61,66,-5,5
7763,60,74,-14,14
7764,102,89,13,13
7765,140,141,-1,1
7766,69,72,-3,3
7767,101,107,-6,6
7768,175,167,8,8
7769,129,137,-8,8
7770,115,111,4,4
7771,88,99,-11,11
7772,79,77,2,2
7773,102,101,1,1
7774,43,47,-4,4
7775,97,93,4,4
7776,132,135,-3,3
7777,58,58,0,0
7778,89,93,-4,4
7779,90,93,-3,3
7780,98,104,-6,6
7781,102,100,2,2
7782,88,86,2,2
7783,106,98,8,8
7784,99,91,8,8
7785,151,139,12,12
7786,111,97,14,14
7787,65,66,-1,1
7788,71,71,0,0
7789,79,92,-13,13
7790,65,65,0,0
7791,136,122,14,14
7792,151,151,0,0
7793,108,104,4,4
7794,121,109,12,12
7795,54,64,-10,10
7796,96,100,-4,4
7797,98,88,10,10
7798,62,69,-7,7
7799,78,81,-3,3
7800,97,96,1,1
7801,80,76,4,4
7802,65,67,-2,2
7803,74,70,4,4
7804,118,116,2,2
7805,109,96,13,13
7806,99,96,3,3
7807,78,86,-8,8
7808,59,69,-10,10
7809,84,91,-7,7
7810,108,107,1,1
7811,89,91,-2,2
7812,119,102,17,17
7813,182,162,20,20
7814,133,110,23,23
7815,90,96,-6,6
7816,144,151,-7,7
7817,109,102,7,7
7818,154,136,18,18
7819,54,53,1,1
7820,59,61,-2,2
7821,120,115,5,5
7822,113,118,-5,5
7823,90,83,7,7
7824,119,106,13,13
7825,72,72,0,0
7826,173,161,12,12
7827,252,229,23,23
7828,123,131,-8,8
7829,178,166,12,12
7830,207,180,27,27
7831,86,87,-1,1
7832,61,56,5,5
7833,82,87,-5,5
7834,77,76,1,1
7835,90,83,7,7
7836,85,102,-17,17
7837,133,139,-6,6
7838,67,67,0,0
7839,71,77,-6,6
7840,118,121,-3,3
7841,168,159,9,9
7842,101,101,0,0
7843,126,115,11,11
7844,127,121,6,6
7845,197,180,17,17
7846,67,67,0,0
7847,59,54,5,5
7848,139,130,9,9
7849,84,85,-1,1
7850,75,75,0,0
7851,124,120,4,4
7852,61,65,-4,4
7853,78,73,5,5
7854,102,87,15,15
7855,50,45,5,5
7856,72,81,-9,9
7857,98,104,-6,6
7858,109,98,11,11
7859,97,88,9,9
7860,79,74,5,5
7861,73,71,2,2
7862,114,102,12,12
7863,118,110,8,8
7864,101,100,1,1
7865,103,98,5,5
7866,49,50,-1,1
7867,49,54,-5,5
7868,37,47,-10,10
7869,121,116,5,5
7870,69,72,-3,3
7871,126,124,2,2
7872,91,88,3,3
7873,119,111,8,8
7874,105,100,5,5
7875,129,121,8,8
7876,83,78,5,5
7877,99,95,4,4
7878,106,107,-1,1
7879,67,62,5,5
7880,132,129,3,3
7881,110,96,14,14
7882,72,69,3,3
7883,126,119,7,7
7884,129,139,-10,10
7885,74,73,1,1
7886,131,127,4,4
7887,97,97,0,0
7888,118,119,-1,1
7889,124,117,7,7
7890,66,67,-1,1
7891,99,101,-2,2
7892,93,89,4,4
7893,169,162,7,7
7894,109,114,-5,5
7895,194,170,24,24
7896,131,120,11,11
7897,67,66,1,1
7898,102,100,2,2
7899,126,118,8,8
7900,166,164,2,2
7901,52,62,-10,10
7902,129,137,-8,8
7903,175,163,12,12
7904,77,67,10,10
7905,52,49,3,3
7906,73,66,7,7
7907,97,97,0,0
7908,49,53,-4,4
7909,112,107,5,5
7910,108,113,-5,5
7911,91,81,10,10
7912,84,105,-21,21
7913,35,46,-11,11
7914,182,182,0,0
7915,61,65,-4,4
7916,61,55,6,6
7917,79,77,2,2
7918,55,56,-1,1
7919,64,66,-2,2
7920,142,130,12,12
7921,66,66,0,0
7922,74,80,-6,6
7923,150,138,12,12
7924,99,94,5,5
7925,106,108,-2,2
7926,72,79,-7,7
7927,121,113,8,8
7928,114,110,4,4
7929,75,71,4,4
7930,65,71,-6,6
7931,116,115,1,1
7932,99,93,6,6
7933,199,190,9,9
7934,60,58,2,2
7935,67,62,5,5
7936,81,80,1,1
7937,178,129,49,49
7938,70,79,-9,9
7939,131,115,16,16
7940,149,132,17,17
7941,70,70,0,0
7942,97,103,-6,6
7943,104,90,14,14
7944,73,71,2,2
7945,74,80,-6,6
7946,87,94,-7,7
7947,112,109,3,3
7948,126,113,13,13
7949,86,100,-14,14
7950,134,125,9,9
7951,117,96,21,21
7952,61,63,-2,2
7953,71,78,-7,7
7954,80,90,-10,10
7955,63,61,2,2
7956,70,64,6,6
7957,63,71,-8,8
7958,46,53,-7,7
7959,59,62,-3,3
7960,89,89,0,0
7961,134,125,9,9
7962,113,109,4,4
7963,73,84,-11,11
7964,122,111,11,11
7965,59,63,-4,4
7966,142,144,-2,2
7967,175,168,7,7
7968,61,56,5,5
7969,142,149,-7,7
7970,68,56,12,12
7971,51,55,-4,4
7972,94,96,-2,2
7973,104,92,12,12
7974,85,80,5,5
7975,155,153,2,2
7976,157,160,-3,3
7977,115,109,6,6
7978,94,94,0,0
7979,86,92,-6,6
7980,115,117,-2,2
7981,85,82,3,3
7982,106,97,9,9
7983,64,62,2,2
7984,38,76,-38,38
7985,51,52,-1,1
7986,106,104,2,2
7987,101,103,-2,2
7988,46,51,-5,5
7989,85,73,12,12
7990,104,99,5,5
7991,95,95,0,0
7992,130,122,8,8
7993,151,139,12,12
7994,57,59,-2,2
7995,93,93,0,0
7996,69,67,2,2
7997,39,36,3,3
7998,76,81,-5,5
7999,84,76,8,8
8000,41,41,0,0
8001,45,53,-8,8
8002,68,67,1,1
8003,82,81,1,1
8004,68,70,-2,2
8005,73,68,5,5
8006,49,72,-23,23
8007,93,87,6,6
8008,75,70,5,5
8009,85,77,8,8
8010,103,100,3,3
8011,129,122,7,7
8012,116,112,4,4
8013,77,77,0,0
8014,83,82,1,1
8015,104,95,9,9
8016,124,108,16,16
8017,89,87,2,2
8018,88,98,-10,10
8019,49,64,-15,15
8020,104,104,0,0
8021,107,101,6,6
8022,125,122,3,3
8023,57,60,-3,3
8024,104,95,9,9
8025,51,68,-17,17
8026,86,80,6,6
8027,96,98,-2,2
8028,190,176,14,14
8029,84,85,-1,1
8030,105,100,5,5
8031,94,91,3,3
8032,74,70,4,4
8033,100,90,10,10
8034,126,114,12,12
8035,73,70,3,3
8036,83,85,-2,2
8037,141,125,16,16
8038,124,122,2,2
8039,79,79,0,0
8040,135,124,11,11
8041,81,68,13,13
8042,137,134,3,3
8043,75,75,0,0
8044,54,66,-12,12
8045,102,98,4,4
8046,157,138,19,19
8047,93,90,3,3
8048,155,135,20,20
8049,71,69,2,2
8050,109,102,7,7
8051,60,65,-5,5
8052,57,72,-15,15
8053,113,108,5,5
8054,130,127,3,3
8055,71,79,-8,8
8056,92,89,3,3
8057,148,122,26,26
8058,117,101,16,16
8059,68,69,-1,1
8060,161,146,15,15
8061,85,82,3,3
8062,65,60,5,5
8063,43,47,-4,4
8064,102,97,5,5
8065,69,63,6,6
8066,185,172,13,13
8067,133,124,9,9
8068,104,102,2,2
8069,105,104,1,1
8070,120,114,6,6
8071,85,78,7,7
8072,73,59,14,14
8073,158,160,-2,2
8074,76,74,2,2
8075,87,67,20,20
8076,148,125,23,23
8077,85,85,0,0
8078,98,82,16,16
8079,66,71,-5,5
8080,100,96,4,4
8081,110,108,2,2
8082,86,87,-1,1
8083,119,119,0,0
8084,75,68,7,7
8085,110,125,-15,15
8086,69,71,-2,2
8087,127,108,19,19
8088,98,89,9,9
8089,116,122,-6,6
8090,65,66,-1,1
8091,94,91,3,3
8092,58,56,2,2
8093,68,82,-14,14
8094,118,107,11,11
8095,27,28,-1,1
8096,74,68,6,6
8097,81,82,-1,1
8098,98,88,10,10
8099,56,57,-1,1
8100,101,98,3,3
8101,128,116,12,12
8102,104,103,1,1
8103,69,68,1,1
8104,130,108,22,22
8105,121,117,4,4
8106,42,80,-38,38
8107,89,94,-5,5
8108,71,62,9,9
8109,129,112,17,17
8110,59,69,-10,10
8111,101,101,0,0
8112,102,100,2,2
8113,109,111,-2,2
8114,94,86,8,8
8115,108,111,-3,3
8116,102,95,7,7
8117,89,90,-1,1
8118,121,121,0,0
8119,122,128,-6,6
8120,67,72,-5,5
8121,51,62,-11,11
8122,89,84,5,5
8123,88,92,-4,4
8124,131,111,20,20
8125,103,97,6,6
8126,151,168,-17,17
8127,134,141,-7,7
8128,108,105,3,3
8129,92,87,5,5
8130,65,58,7,7
8131,81,80,1,1
8132,68,75,-7,7
8133,91,88,3,3
8134,114,107,7,7
8135,48,63,-15,15
8136,102,105,-3,3
8137,149,144,5,5
8138,108,103,5,5
8139,60,62,-2,2
8140,103,106,-3,3
8141,65,71,-6,6
8142,119,117,2,2
8143,104,109,-5,5
8144,64,61,3,3
8145,48,53,-5,5
8146,55,52,3,3
8147,75,78,-3,3
8148,44,56,-12,12
8149,73,82,-9,9
8150,54,52,2,2
8151,54,59,-5,5
8152,52,55,-3,3
8153,95,83,12,12
8154,66,71,-5,5
8155,85,96,-11,11
8156,75,66,9,9
8157,95,103,-8,8
8158,95,86,9,9
8159,36,39,-3,3
8160,79,81,-2,2
8161,123,118,5,5
8162,81,69,12,12
8163,176,153,23,23
8164,60,50,10,10
8165,61,71,-10,10
8166,140,122,18,18
8167,127,119,8,8
8168,96,92,4,4
8169,99,88,11,11
8170,108,95,13,13
8171,58,62,-4,4
8172,51,63,-12,12
8173,95,87,8,8
8174,58,71,-13,13
8175,76,67,9,9
8176,116,106,10,10
8177,108,96,12,12
8178,168,149,19,19
8179,27,38,-11,11
8180,145,125,20,20
8181,53,58,-5,5
8182,67,68,-1,1
8183,92,88,4,4
8184,78,70,8,8
8185,113,111,2,2
8186,141,138,3,3
8187,136,122,14,14
8188,103,107,-4,4
8189,86,83,3,3
8190,195,193,2,2
8191,75,72,3,3
8192,63,67,-4,4
8193,66,68,-2,2
8194,127,123,4,4
8195,122,109,13,13
8196,54,97,-43,43
8197,101,100,1,1
8198,93,73,20,20
8199,64,68,-4,4
8200,108,108,0,0
8201,111,102,9,9
8202,77,67,10,10
8203,154,146,8,8
8204,94,83,11,11
8205,84,85,-1,1
8206,76,88,-12,12
8207,87,78,9,9
8208,126,108,18,18
8209,82,79,3,3
8210,82,82,0,0
8211,80,77,3,3
8212,126,121,5,5
8213,64,66,-2,2
8214,142,123,19,19
8215,143,132,11,11
8216,127,134,-7,7
8217,76,77,-1,1
8218,57,71,-14,14
8219,109,93,16,16
8220,141,134,7,7
8221,129,118,11,11
8222,114,104,10,10
8223,83,80,3,3
8224,149,140,9,9
8225,47,55,-8,8
8226,88,85,3,3
8227,88,85,3,3
8228,105,102,3,3
8229,93,98,-5,5
8230,109,91,18,18
8231,87,82,5,5
8232,43,41,2,2
8233,81,76,5,5
8234,101,79,22,22
8235,80,64,16,16
8236,112,108,4,4
8237,92,97,-5,5
8238,102,98,4,4
8239,71,66,5,5
8240,166,152,14,14
8241,98,90,8,8
8242,129,114,15,15
8243,79,84,-5,5
8244,109,99,10,10
8245,145,134,11,11
8246,166,150,16,16
8247,76,78,-2,2
8248,46,50,-4,4
8249,113,104,9,9
8250,75,84,-9,9
8251,86,72,14,14
8252,76,78,-2,2
8253,88,92,-4,4
8254,67,76,-9,9
8255,100,93,7,7
8256,71,80,-9,9
8257,59,64,-5,5
8258,181,167,14,14
8259,56,57,-1,1
8260,114,92,22,22
8261,92,96,-4,4
8262,100,98,2,2
8263,75,90,-15,15
8264,188,167,21,21
8265,51,49,2,2
8266,84,92,-8,8
8267,171,180,-9,9
8268,66,64,2,2
8269,92,85,7,7
8270,122,120,2,2
8271,40,54,-14,14
8272,87,86,1,1
8273,122,116,6,6
8274,98,87,11,11
8275,96,94,2,2
8276,120,111,9,9
8277,82,82,0,0
8278,88,81,7,7
8279,60,64,-4,4
8280,83,79,4,4
8281,81,68,13,13
8282,151,147,4,4
8283,187,173,14,14
8284,98,106,-8,8
8285,95,85,10,10
8286,77,77,0,0
8287,144,137,7,7
8288,81,83,-2,2
8289,91,89,2,2
8290,149,144,5,5
8291,99,112,-13,13
8292,96,85,11,11
8293,129,128,1,1
8294,63,62,1,1
8295,86,83,3,3
8296,64,71,-7,7
8297,74,65,9,9
8298,93,89,4,4
8299,85,75,10,10
8300,248,215,33,33
8301,91,89,2,2
8302,58,58,0,0
8303,93,80,13,13
8304,93,94,-1,1
8305,55,56,-1,1
8306,102,106,-4,4
8307,107,96,11,11
8308,79,79,0,0
8309,84,77,7,7
8310,95,90,5,5
8311,110,105,5,5
8312,80,75,5,5
8313,44,44,0,0
8314,96,92,4,4
8315,59,68,-9,9
8316,109,105,4,4
8317,198,187,11,11
8318,81,90,-9,9
8319,119,114,5,5
8320,106,104,2,2
8321,114,100,14,14
8322,51,56,-5,5
8323,110,102,8,8
8324,112,114,-2,2
8325,99,97,2,2
8326,80,73,7,7
8327,59,67,-8,8
8328,110,114,-4,4
8329,125,109,16,16
8330,137,121,16,16
8331,73,73,0,0
8332,190,177,13,13
8333,137,136,1,1
8334,46,51,-5,5
8335,124,124,0,0
8336,87,82,5,5
8337,114,101,13,13
8338,83,82,1,1
8339,85,83,2,2
8340,142,151,-9,9
8341,108,96,12,12
8342,129,125,4,4
8343,107,94,13,13
8344,109,107,2,2
8345,144,136,8,8
8346,76,75,1,1
8347,38,57,-19,19
8348,157,151,6,6
8349,55,53,2,2
8350,99,100,-1,1
8351,153,139,14,14
8352,74,70,4,4
8353,74,76,-2,2
8354,78,76,2,2
8355,74,80,-6,6
8356,94,89,5,5
8357,112,98,14,14
8358,141,142,-1,1
8359,82,74,8,8
8360,160,157,3,3
8361,103,100,3,3
8362,110,101,9,9
8363,42,48,-6,6
8364,69,71,-2,2
8365,59,50,9,9
8366,98,93,5,5
8367,75,68,7,7
8368,58,56,2,2
8369,74,67,7,7
8370,108,108,0,0
8371,66,77,-11,11
8372,105,96,9,9
8373,46,64,-18,18
8374,55,54,1,1
8375,71,67,4,4
8376,115,111,4,4
8377,88,78,10,10
8378,47,44,3,3
8379,174,156,18,18
8380,94,85,9,9
8381,74,72,2,2
8382,84,80,4,4
8383,85,74,11,11
8384,65,55,10,10
8385,39,39,0,0
8386,118,106,12,12
8387,101,89,12,12
8388,78,82,-4,4
8389,97,107,-10,10
8390,104,96,8,8
8391,98,90,8,8
8392,81,91,-10,10
8393,112,106,6,6
8394,98,96,2,2
8395,96,101,-5,5
8396,53,47,6,6
8397,67,80,-13,13
8398,70,71,-1,1
8399,114,98,16,16
8400,104,105,-1,1
8401,65,68,-3,3
8402,80,71,9,9
8403,96,79,17,17
8404,70,65,5,5
8405,105,101,4,4
8406,100,84,16,16
8407,160,140,20,20
8408,91,95,-4,4
8409,100,97,3,3
8410,119,98,21,21
8411,65,66,-1,1
8412,99,99,0,0
8413,172,136,36,36
8414,83,76,7,7
8415,85,75,10,10
8416,69,66,3,3
8417,59,65,-6,6
8418,93,93,0,0
8419,81,79,2,2
8420,75,75,0,0
8421,62,59,3,3
8422,115,103,12,12
8423,107,134,-27,27
8424,105,104,1,1
8425,51,55,-4,4
8426,76,82,-6,6
8427,88,91,-3,3
8428,145,137,8,8
8429,114,115,-1,1
8430,38,37,1,1
8431,133,125,8,8
8432,74,71,3,3
8433,119,111,8,8
8434,96,89,7,7
8435,143,125,18,18
8436,60,60,0,0
8437,130,114,16,16
8438,120,107,13,13
8439,122,137,-15,15
8440,113,107,6,6
8441,68,74,-6,6
8442,98,90,8,8
8443,143,120,23,23
8444,77,73,4,4
8445,92,92,0,0
8446,61,57,4,4
8447,74,78,-4,4
8448,94,79,15,15
8449,102,97,5,5
8450,118,111,7,7
8451,119,112,7,7
8452,193,175,18,18
8453,95,94,1,1
8454,89,88,1,1
8455,129,121,8,8
8456,124,109,15,15
8457,84,77,7,7
8458,76,76,0,0
8459,55,55,0,0
8460,143,133,10,10
8461,134,115,19,19
8462,88,88,0,0
8463,132,128,4,4
8464,114,97,17,17
8465,71,70,1,1
8466,79,71,8,8
8467,101,96,5,5
8468,134,132,2,2
8469,61,43,18,18
8470,81,73,8,8
8471,107,107,0,0
8472,86,79,7,7
8473,83,81,2,2
8474,94,95,-1,1
8475,102,100,2,2
8476,110,122,-12,12
8477,137,134,3,3
8478,56,67,-11,11
8479,134,120,14,14
8480,80,85,-5,5
8481,46,47,-1,1
8482,111,108,3,3
8483,112,103,9,9
8484,121,116,5,5
8485,113,106,7,7
8486,91,95,-4,4
8487,47,52,-5,5
8488,65,66,-1,1
8489,56,66,-10,10
8490,83,85,-2,2
8491,85,90,-5,5
8492,102,94,8,8
8493,80,79,1,1
8494,110,101,9,9
8495,141,141,0,0
8496,90,88,2,2
8497,73,69,4,4
8498,60,57,3,3
8499,178,143,35,35
8500,124,131,-7,7
8501,108,98,10,10
8502,100,97,3,3
8503,78,80,-2,2
8504,115,116,-1,1
8505,127,127,0,0
8506,47,46,1,1
8507,58,56,2,2
8508,151,133,18,18
8509,104,91,13,13
8510,56,63,-7,7
8511,79,81,-2,2
8512,67,69,-2,2
8513,109,107,2,2
8514,83,72,11,11
8515,101,71,30,30
8516,78,82,-4,4
8517,101,130,-29,29
8518,64,72,-8,8
8519,69,68,1,1
8520,81,79,2,2
8521,185,173,12,12
8522,89,80,9,9
8523,137,120,17,17
8524,98,90,8,8
8525,185,168,17,17
8526,62,55,7,7
8527,135,127,8,8
8528,140,125,15,15
8529,166,169,-3,3
8530,68,73,-5,5
8531,100,107,-7,7
8532,122,131,-9,9
8533,105,101,4,4
8534,129,124,5,5
8535,117,110,7,7
8536,74,75,-1,1
8537,91,85,6,6
8538,96,94,2,2
8539,96,94,2,2
8540,76,83,-7,7
8541,106,94,12,12
8542,71,66,5,5
8543,43,50,-7,7
8544,88,82,6,6
8545,79,90,-11,11
8546,104,93,11,11
8547,82,81,1,1
8548,112,114,-2,2
8549,104,104,0,0
8550,55,57,-2,2
8551,90,85,5,5
8552,47,60,-13,13
8553,111,97,14,14
8554,127,120,7,7
8555,67,73,-6,6
8556,163,147,16,16
8557,154,149,5,5
8558,63,65,-2,2
8559,50,54,-4,4
8560,56,65,-9,9
8561,104,107,-3,3
8562,80,86,-6,6
8563,83,76,7,7
8564,64,64,0,0
8565,55,53,2,2
8566,84,72,12,12
8567,130,121,9,9
8568,85,85,0,0
8569,109,103,6,6
8570,153,134,19,19
8571,104,102,2,2
8572,129,119,10,10
8573,106,99,7,7
8574,173,165,8,8
8575,93,88,5,5
8576,93,86,7,7
8577,99,94,5,5
8578,66,66,0,0
8579,98,93,5,5
8580,110,135,-25,25
8581,50,64,-14,14
8582,104,99,5,5
8583,110,102,8,8
8584,60,73,-13,13
8585,102,95,7,7
8586,87,75,12,12
8587,133,129,4,4
8588,133,129,4,4
8589,122,101,21,21
8590,92,86,6,6
8591,139,131,8,8
8592,52,50,2,2
8593,83,95,-12,12
8594,91,83,8,8
8595,65,65,0,0
8596,113,112,1,1
8597,77,79,-2,2
8598,161,143,18,18
8599,92,89,3,3
8600,180,150,30,30
8601,77,69,8,8
8602,109,102,7,7
8603,81,83,-2,2
8604,98,101,-3,3
8605,54,51,3,3
8606,126,117,9,9
8607,91,91,0,0
8608,77,82,-5,5
8609,124,115,9,9
8610,78,78,0,0
8611,189,159,30,30
8612,80,77,3,3
8613,159,136,23,23
8614,73,78,-5,5
8615,90,94,-4,4
8616,62,70,-8,8
8617,90,86,4,4
8618,134,136,-2,2
8619,121,98,23,23
8620,87,82,5,5
8621,59,59,0,0
8622,89,99,-10,10
8623,105,104,1,1
8624,97,90,7,7
8625,110,102,8,8
8626,141,120,21,21
8627,85,84,1,1
8628,132,127,5,5
8629,89,84,5,5
8630,75,80,-5,5
8631,81,74,7,7
8632,77,68,9,9
8633,104,94,10,10
8634,132,138,-6,6
8635,136,122,14,14
8636,82,82,0,0
8637,85,87,-2,2
8638,76,76,0,0
8639,109,120,-11,11
8640,51,59,-8,8
8641,85,90,-5,5
8642,58,60,-2,2
8643,161,157,4,4
8644,85,88,-3,3
8645,61,54,7,7
8646,82,81,1,1
8647,114,114,0,0
8648,113,105,8,8
8649,82,78,4,4
8650,128,119,9,9
8651,113,113,0,0
8652,61,70,-9,9
8653,85,75,10,10
8654,112,101,11,11
8655,76,77,-1,1
8656,89,85,4,4
8657,142,129,13,13
8658,81,79,2,2
8659,143,143,0,0
8660,94,86,8,8
8661,134,108,26,26
8662,59,55,4,4
8663,55,61,-6,6
8664,75,79,-4,4
8665,87,88,-1,1
8666,69,55,14,14
8667,104,99,5,5
8668,57,47,10,10
8669,68,65,3,3
8670,169,156,13,13
8671,114,118,-4,4
8672,92,86,6,6
8673,97,83,14,14
8674,121,116,5,5
8675,89,73,16,16
8676,116,111,5,5
8677,93,97,-4,4
8678,116,102,14,14
8679,125,127,-2,2
8680,82,105,-23,23
8681,50,46,4,4
8682,46,58,-12,12
8683,45,50,-5,5
8684,120,118,2,2
8685,93,88,5,5
8686,102,99,3,3
8687,126,117,9,9
8688,108,125,-17,17
8689,110,103,7,7
8690,101,96,5,5
8691,73,73,0,0
8692,58,55,3,3
8693,113,102,11,11
8694,136,138,-2,2
8695,64,66,-2,2
8696,125,152,-27,27
8697,88,78,10,10
8698,92,85,7,7
8699,106,99,7,7
8700,90,101,-11,11
8701,85,79,6,6
8702,80,75,5,5
8703,110,101,9,9
8704,80,76,4,4
8705,117,106,11,11
8706,47,63,-16,16
8707,112,103,9,9
8708,84,82,2,2
8709,116,104,12,12
8710,61,67,-6,6
8711,82,77,5,5
8712,164,138,26,26
8713,125,118,7,7
8714,80,82,-2,2
8715,66,66,0,0
8716,61,65,-4,4
8717,82,101,-19,19
8718,81,86,-5,5
8719,143,125,18,18
8720,145,124,21,21
8721,75,69,6,6
8722,60,77,-17,17
8723,86,89,-3,3
8724,99,102,-3,3
8725,112,106,6,6
8726,98,95,3,3
8727,96,83,13,13
8728,64,68,-4,4
8729,62,63,-1,1
8730,123,126,-3,3
8731,83,84,-1,1
8732,101,95,6,6
8733,27,26,1,1
8734,167,156,11,11
8735,149,145,4,4
8736,94,88,6,6
8737,155,143,12,12
8738,39,39,0,0
8739,62,63,-1,1
8740,81,72,9,9
8741,58,56,2,2
8742,74,78,-4,4
8743,139,134,5,5
8744,74,75,-1,1
8745,84,86,-2,2
8746,155,119,36,36
8747,114,111,3,3
8748,152,218,-66,66
8749,104,88,16,16
8750,92,100,-8,8
8751,55,62,-7,7
8752,91,86,5,5
8753,90,80,10,10
8754,86,82,4,4
8755,76,105,-29,29
8756,86,87,-1,1
8757,49,46,3,3
8758,105,105,0,0
8759,67,68,-1,1
8760,96,120,-24,24
8761,105,104,1,1
8762,98,83,15,15
8763,114,111,3,3
8764,114,115,-1,1
8765,103,114,-11,11
8766,128,121,7,7
8767,110,97,13,13
8768,89,78,11,11
8769,67,63,4,4
8770,136,119,17,17
8771,154,143,11,11
8772,62,79,-17,17
8773,109,103,6,6
8774,91,90,1,1
8775,63,65,-2,2
8776,172,157,15,15
8777,93,82,11,11
8778,81,77,4,4
8779,87,91,-4,4
8780,49,62,-13,13
8781,157,154,3,3
8782,87,84,3,3
8783,61,83,-22,22
8784,60,56,4,4
8785,129,121,8,8
8786,75,74,1,1
8787,86,90,-4,4
8788,37,43,-6,6
8789,110,107,3,3
8790,124,116,8,8
8791,65,66,-1,1
8792,148,149,-1,1
8793,73,81,-8,8
8794,105,107,-2,2
8795,70,75,-5,5
8796,63,70,-7,7
8797,71,68,3,3
8798,71,73,-2,2
8799,68,72,-4,4
8800,96,85,11,11
8801,87,81,6,6
8802,88,87,1,1
8803,69,65,4,4
8804,83,82,1,1
8805,72,83,-11,11
8806,98,99,-1,1
8807,126,116,10,10
8808,45,54,-9,9
8809,52,49,3,3
8810,103,101,2,2
8811,77,71,6,6
8812,83,73,10,10
8813,73,61,12,12
8814,108,102,6,6
8815,73,78,-5,5
8816,80,79,1,1
8817,57,59,-2,2
8818,63,65,-2,2
8819,24,34,-10,10
8820,89,71,18,18
8821,61,66,-5,5
8822,97,97,0,0
8823,85,82,3,3
8824,143,139,4,4
8825,129,121,8,8
8826,75,82,-7,7
8827,71,76,-5,5
8828,92,87,5,5
8829,72,67,5,5
8830,91,79,12,12
8831,83,71,12,12
8832,75,80,-5,5
8833,66,66,0,0
8834,43,51,-8,8
8835,127,120,7,7
8836,125,126,-1,1
8837,44,46,-2,2
8838,51,57,-6,6
8839,54,55,-1,1
8840,203,216,-13,13
8841,127,114,13,13
8842,102,95,7,7
8843,81,77,4,4
8844,69,65,4,4
8845,121,117,4,4
8846,85,73,12,12
8847,125,110,15,15
8848,138,120,18,18
8849,191,158,33,33
8850,92,93,-1,1
8851,94,89,5,5
8852,128,121,7,7
8853,35,47,-12,12
8854,104,101,3,3
8855,86,77,9,9
8856,132,117,15,15
8857,89,84,5,5
8858,48,50,-2,2
8859,75,64,11,11
8860,80,66,14,14
8861,100,94,6,6
8862,115,109,6,6
8863,135,123,12,12
8864,88,90,-2,2
8865,108,100,8,8
8866,141,142,-1,1
8867,81,79,2,2
8868,147,143,4,4
8869,94,84,10,10
8870,86,82,4,4
8871,125,117,8,8
8872,62,64,-2,2
8873,82,82,0,0
8874,123,112,11,11
8875,80,74,6,6
8876,108,99,9,9
8877,91,80,11,11
8878,124,113,11,11
8879,93,97,-4,4
8880,141,152,-11,11
8881,97,70,27,27
8882,177,160,17,17
8883,80,81,-1,1
8884,133,149,-16,16
8885,98,104,-6,6
8886,104,91,13,13
8887,64,65,-1,1
8888,170,156,14,14
8889,91,91,0,0
8890,98,96,2,2
8891,125,111,14,14
8892,65,68,-3,3
8893,86,88,-2,2
8894,75,63,12,12
8895,72,72,0,0
8896,53,68,-15,15
8897,93,81,12,12
8898,69,67,2,2
8899,95,83,12,12
8900,76,77,-1,1
8901,73,72,1,1
8902,56,52,4,4
8903,92,89,3,3
8904,43,53,-10,10
8905,60,61,-1,1
8906,74,80,-6,6
8907,85,89,-4,4
8908,91,91,0,0
8909,92,85,7,7
8910,91,84,7,7
8911,60,69,-9,9
8912,142,144,-2,2
8913,127,131,-4,4
8914,87,85,2,2
8915,130,140,-10,10
8916,104,97,7,7
8917,62,64,-2,2
8918,125,122,3,3
8919,96,166,-70,70
8920,170,142,28,28
8921,103,121,-18,18
8922,185,163,22,22
8923,80,77,3,3
8924,56,64,-8,8
8925,105,116,-11,11
8926,63,66,-3,3
8927,88,90,-2,2
8928,79,83,-4,4
8929,60,71,-11,11
8930,84,86,-2,2
8931,123,126,-3,3
8932,107,102,5,5
8933,94,96,-2,2
8934,70,72,-2,2
8935,141,119,22,22
8936,56,47,9,9
8937,166,158,8,8
8938,120,101,19,19
8939,137,122,15,15
8940,88,93,-5,5
8941,127,98,29,29
8942,157,148,9,9
8943,130,129,1,1
8944,106,108,-2,2
8945,131,129,2,2
8946,54,56,-2,2
8947,132,124,8,8
8948,80,76,4,4
8949,81,85,-4,4
8950,128,111,17,17
8951,36,42,-6,6
8952,106,106,0,0
8953,85,86,-1,1
8954,64,66,-2,2
8955,81,81,0,0
8956,120,113,7,7
8957,130,117,13,13
8958,99,87,12,12
8959,70,66,4,4
8960,78,70,8,8
8961,112,111,1,1
8962,82,78,4,4
8963,184,158,26,26
8964,129,134,-5,5
8965,111,103,8,8
8966,99,103,-4,4
8967,51,60,-9,9
8968,102,92,10,10
8969,66,69,-3,3
8970,74,74,0,0
8971,129,126,3,3
8972,54,57,-3,3
8973,117,131,-14,14
8974,120,112,8,8
8975,73,78,-5,5
8976,177,164,13,13
8977,157,149,8,8
8978,77,77,0,0
8979,55,57,-2,2
8980,132,119,13,13
8981,180,160,20,20
8982,72,67,5,5
8983,88,93,-5,5
8984,71,74,-3,3
8985,85,80,5,5
8986,51,48,3,3
8987,61,64,-3,3
8988,76,67,9,9
8989,90,89,1,1
8990,64,73,-9,9
8991,67,83,-16,16
8992,95,93,2,2
8993,46,45,1,1
8994,92,82,10,10
8995,121,134,-13,13
8996,93,91,2,2
8997,92,95,-3,3
8998,52,53,-1,1
8999,112,115,-3,3
9000,66,102,-36,36
9001,76,70,6,6
9002,157,146,11,11
9003,75,73,2,2
9004,68,68,0,0
9005,64,67,-3,3
9006,135,120,15,15
9007,107,101,6,6
9008,79,89,-10,10
9009,82,81,1,1
9010,101,89,12,12
9011,142,160,-18,18
9012,108,104,4,4
9013,93,96,-3,3
9014,111,113,-2,2
9015,111,103,8,8
9016,101,86,15,15
9017,67,66,1,1
9018,58,55,3,3
9019,117,106,11,11
9020,100,93,7,7
9021,96,88,8,8
9022,106,101,5,5
9023,82,82,0,0
9024,57,64,-7,7
9025,95,85,10,10
9026,92,87,5,5
9027,78,77,1,1
9028,85,77,8,8
9029,46,44,2,2
9030,60,67,-7,7
9031,68,72,-4,4
9032,90,85,5,5
9033,106,103,3,3
9034,72,69,3,3
9035,91,85,6,6
9036,142,134,8,8
9037,63,55,8,8
9038,55,53,2,2
9039,112,105,7,7
9040,165,157,8,8
9041,80,76,4,4
9042,58,55,3,3
9043,96,101,-5,5
9044,69,70,-1,1
9045,85,96,-11,11
9046,74,75,-1,1
9047,148,134,14,14
9048,61,55,6,6
9049,114,113,1,1
9050,117,109,8,8
9051,87,87,0,0
9052,148,140,8,8
9053,129,116,13,13
9054,100,90,10,10
9055,79,77,2,2
9056,84,82,2,2
9057,75,71,4,4
9058,101,98,3,3
9059,74,74,0,0
9060,98,82,16,16
9061,97,97,0,0
9062,58,53,5,5
9063,104,95,9,9
9064,122,114,8,8
9065,33,39,-6,6
9066,62,54,8,8
9067,59,63,-4,4
9068,66,72,-6,6
9069,112,104,8,8
9070,109,97,12,12
9071,67,68,-1,1
9072,157,170,-13,13
9073,147,145,2,2
9074,114,107,7,7
9075,45,40,5,5
9076,71,76,-5,5
9077,135,124,11,11
9078,64,53,11,11
9079,101,104,-3,3
9080,93,93,0,0
9081,92,87,5,5
9082,128,121,7,7
9083,90,80,10,10
9084,113,98,15,15
9085,62,64,-2,2
9086,66,58,8,8
9087,69,71,-2,2
9088,90,85,5,5
9089,69,62,7,7
9090,87,86,1,1
9091,70,79,-9,9
9092,88,86,2,2
9093,60,67,-7,7
9094,172,150,22,22
9095,94,92,2,2
9096,53,61,-8,8
9097,81,75,6,6
9098,103,95,8,8
9099,146,135,11,11
9100,93,89,4,4
9101,106,107,-1,1
9102,115,103,12,12
9103,171,154,17,17
9104,80,75,5,5
9105,89,78,11,11
9106,75,80,-5,5
9107,197,175,22,22
9108,52,59,-7,7
9109,56,60,-4,4
9110,76,72,4,4
9111,136,133,3,3
9112,127,125,2,2
9113,102,99,3,3
9114,100,98,2,2
9115,154,139,15,15
9116,127,134,-7,7
9117,115,105,10,10
9118,69,73,-4,4
9119,113,99,14,14
9120,116,115,1,1
9121,92,93,-1,1
9122,95,98,-3,3
9123,81,72,9,9
9124,81,82,-1,1
9125,148,144,4,4
9126,94,90,4,4
9127,117,115,2,2
9128,47,50,-3,3
9129,100,90,10,10
9130,133,123,10,10
9131,79,97,-18,18
9132,147,134,13,13
9133,62,67,-5,5
9134,77,80,-3,3
9135,154,139,15,15
9136,112,112,0,0
9137,65,64,1,1
9138,42,47,-5,5
9139,114,119,-5,5
9140,114,107,7,7
9141,77,69,8,8
9142,68,73,-5,5
9143,84,82,2,2
9144,120,120,0,0
9145,132,127,5,5
9146,113,118,-5,5
9147,86,80,6,6
9148,78,80,-2,2
9149,73,89,-16,16
9150,68,60,8,8
9151,93,96,-3,3
9152,113,122,-9,9
9153,58,63,-5,5
9154,63,60,3,3
9155,54,46,8,8
9156,123,102,21,21
9157,43,43,0,0
9158,82,80,2,2
9159,144,135,9,9
9160,73,90,-17,17
9161,49,50,-1,1
9162,103,96,7,7
9163,179,179,0,0
9164,106,99,7,7
9165,93,96,-3,3
9166,135,140,-5,5
9167,120,117,3,3
9168,130,119,11,11
9169,79,88,-9,9
9170,82,79,3,3
9171,55,58,-3,3
9172,74,66,8,8
9173,153,144,9,9
9174,93,89,4,4
9175,107,103,4,4
9176,136,142,-6,6
9177,88,90,-2,2
9178,56,65,-9,9
9179,171,152,19,19
9180,115,110,5,5
9181,53,60,-7,7
9182,124,124,0,0
9183,117,103,14,14
9184,76,77,-1,1
9185,168,151,17,17
9186,78,73,5,5
9187,42,41,1,1
9188,74,77,-3,3
9189,156,127,29,29
9190,81,71,10,10
9191,88,76,12,12
9192,169,154,15,15
9193,74,70,4,4
9194,108,104,4,4
9195,98,89,9,9
9196,175,182,-7,7
9197,39,45,-6,6
9198,47,53,-6,6
9199,100,84,16,16
9200,105,91,14,14
9201,103,100,3,3
9202,114,110,4,4
9203,65,69,-4,4
9204,70,69,1,1
9205,79,79,0,0
9206,96,98,-2,2
9207,123,123,0,0
9208,94,90,4,4
9209,124,122,2,2
9210,102,95,7,7
9211,108,98,10,10
9212,78,84,-6,6
9213,111,109,2,2
9214,84,89,-5,5
9215,58,47,11,11
9216,124,119,5,5
9217,92,86,6,6
9218,75,78,-3,3
9219,64,50,14,14
9220,89,81,8,8
9221,88,92,-4,4
9222,58,66,-8,8
9223,116,110,6,6
9224,57,60,-3,3
9225,98,93,5,5
9226,138,140,-2,2
9227,87,90,-3,3
9228,58,55,3,3
9229,141,125,16,16
9230,72,71,1,1
9231,63,68,-5,5
9232,173,157,16,16
9233,113,102,11,11
9234,114,103,11,11
9235,95,87,8,8
9236,80,84,-4,4
9237,75,73,2,2
9238,113,108,5,5
9239,86,91,-5,5
9240,54,56,-2,2
9241,99,92,7,7
9242,149,136,13,13
9243,73,59,14,14
9244,86,78,8,8
9245,108,103,5,5
9246,74,70,4,4
9247,59,61,-2,2
9248,106,108,-2,2
9249,158,134,24,24
9250,45,66,-21,21
9251,77,76,1,1
9252,116,125,-9,9
9253,52,53,-1,1
9254,93,98,-5,5
9255,129,116,13,13
9256,63,65,-2,2
9257,41,43,-2,2
9258,62,59,3,3
9259,168,156,12,12
9260,117,106,11,11
9261,142,128,14,14
9262,112,101,11,11
9263,101,99,2,2
9264,86,82,4,4
9265,77,80,-3,3
9266,141,127,14,14
9267,80,87,-7,7
9268,107,115,-8,8
9269,90,88,2,2
9270,65,68,-3,3
9271,57,50,7,7
9272,89,81,8,8
9273,63,58,5,5
9274,121,110,11,11
9275,108,102,6,6
9276,83,83,0,0
9277,116,110,6,6
9278,66,70,-4,4
9279,128,126,2,2
9280,98,95,3,3
9281,76,78,-2,2
9282,130,120,10,10
9283,55,56,-1,1
9284,64,68,-4,4
9285,107,115,-8,8
9286,117,103,14,14
9287,124,115,9,9
9288,88,83,5,5
9289,44,42,2,2
9290,89,84,5,5
9291,82,82,0,0
9292,78,74,4,4
9293,63,67,-4,4
9294,60,57,3,3
9295,55,60,-5,5
9296,80,82,-2,2
9297,56,57,-1,1
9298,68,70,-2,2
9299,177,171,6,6
9300,69,66,3,3
9301,63,67,-4,4
9302,116,103,13,13
9303,96,96,0,0
9304,142,121,21,21
9305,85,80,5,5
9306,56,63,-7,7
9307,91,89,2,2
9308,72,73,-1,1
9309,69,78,-9,9
9310,114,97,17,17
9311,131,130,1,1
9312,70,73,-3,3
9313,138,128,10,10
9314,103,96,7,7
9315,69,73,-4,4
9316,97,94,3,3
9317,98,111,-13,13
9318,117,102,15,15
9319,95,100,-5,5
9320,130,118,12,12
9321,174,152,22,22
9322,114,115,-1,1
9323,87,94,-7,7
9324,92,91,1,1
9325,57,63,-6,6
9326,93,85,8,8
9327,90,86,4,4
9328,87,90,-3,3
9329,87,88,-1,1
9330,115,111,4,4
9331,103,103,0,0
9332,66,67,-1,1
9333,95,89,6,6
9334,98,92,6,6
9335,82,79,3,3
9336,63,59,4,4
9337,39,43,-4,4
9338,60,65,-5,5
9339,112,105,7,7
9340,159,140,19,19
9341,41,46,-5,5
9342,96,93,3,3
9343,117,109,8,8
9344,69,76,-7,7
9345,82,81,1,1
9346,125,113,12,12
9347,82,78,4,4
9348,65,71,-6,6
9349,92,81,11,11
9350,91,88,3,3
9351,91,84,7,7
9352,95,88,7,7
9353,28,44,-16,16
9354,64,57,7,7
9355,73,73,0,0
9356,122,106,16,16
9357,76,80,-4,4
9358,82,74,8,8
9359,134,124,10,10
9360,118,104,14,14
9361,72,74,-2,2
9362,96,117,-21,21
9363,176,153,23,23
9364,156,146,10,10
9365,64,76,-12,12
9366,99,107,-8,8
9367,94,88,6,6
9368,84,72,12,12
9369,88,87,1,1
9370,144,142,2,2
9371,123,109,14,14
9372,99,102,-3,3
9373,63,84,-21,21
9374,64,65,-1,1
9375,141,124,17,17
9376,71,83,-12,12
9377,166,150,16,16
9378,118,108,10,10
9379,120,104,16,16
9380,145,131,14,14
9381,87,86,1,1
9382,90,89,1,1
9383,80,83,-3,3
9384,125,121,4,4
9385,59,50,9,9
9386,171,155,16,16
9387,72,68,4,4
9388,121,102,19,19
9389,47,51,-4,4
9390,73,80,-7,7
9391,124,101,23,23
9392,87,90,-3,3
9393,95,93,2,2
9394,77,77,0,0
9395,167,156,11,11
9396,53,55,-2,2
9397,89,83,6,6
9398,83,76,7,7
9399,77,83,-6,6
9400,127,124,3,3
9401,94,94,0,0
9402,95,82,13,13
9403,93,90,3,3
9404,74,71,3,3
9405,112,115,-3,3
9406,117,103,14,14
9407,69,68,1,1
9408,88,91,-3,3
9409,71,72,-1,1
9410,57,49,8,8
9411,89,82,7,7
9412,98,107,-9,9
9413,123,116,7,7
9414,88,85,3,3
9415,136,119,17,17
9416,85,76,9,9
9417,93,91,2,2
9418,150,150,0,0
9419,50,55,-5,5
9420,77,79,-2,2
9421,87,89,-2,2
9422,123,113,10,10
9423,71,73,-2,2
9424,142,136,6,6
9425,78,79,-1,1
9426,111,105,6,6
9427,54,68,-14,14
9428,66,68,-2,2
9429,110,102,8,8
9430,96,88,8,8
9431,56,57,-1,1
9432,17,22,-5,5
9433,84,78,6,6
9434,108,105,3,3
9435,103,84,19,19
9436,102,99,3,3
9437,81,85,-4,4
9438,125,120,5,5
9439,120,128,-8,8
9440,89,82,7,7
9441,73,66,7,7
9442,110,101,9,9
9443,86,83,3,3
9444,94,93,1,1
9445,76,69,7,7
9446,72,68,4,4
9447,41,46,-5,5
9448,129,123,6,6
9449,80,78,2,2
9450,92,83,9,9
9451,208,178,30,30
9452,170,164,6,6
9453,88,88,0,0
9454,43,44,-1,1
9455,65,64,1,1
9456,52,53,-1,1
9457,44,42,2,2
9458,96,99,-3,3
9459,165,153,12,12
9460,92,82,10,10
9461,104,86,18,18
9462,131,125,6,6
9463,73,76,-3,3
9464,131,114,17,17
9465,51,65,-14,14
9466,63,67,-4,4
9467,107,108,-1,1
9468,109,120,-11,11
9469,131,111,20,20
9470,96,90,6,6
9471,90,74,16,16
9472,60,67,-7,7
9473,106,105,1,1
9474,101,86,15,15
9475,67,66,1,1
9476,117,112,5,5
9477,76,76,0,0
9478,78,72,6,6
9479,94,87,7,7
9480,95,92,3,3
9481,78,67,11,11
9482,133,126,7,7
9483,41,65,-24,24
9484,105,99,6,6
9485,102,90,12,12
9486,88,94,-6,6
9487,106,105,1,1
9488,89,84,5,5
9489,98,117,-19,19
9490,128,113,15,15
9491,102,102,0,0
9492,132,132,0,0
9493,101,95,6,6
9494,144,137,7,7
9495,61,64,-3,3
9496,61,65,-4,4
9497,114,117,-3,3
9498,125,119,6,6
9499,70,68,2,2
9500,83,87,-4,4
9501,147,141,6,6
9502,97,95,2,2
9503,82,82,0,0
9504,87,79,8,8
9505,94,87,7,7
9506,54,65,-11,11
9507,71,78,-7,7
9508,105,93,12,12
9509,87,89,-2,2
9510,95,102,-7,7
9511,71,73,-2,2
9512,76,81,-5,5
9513,123,115,8,8
9514,127,119,8,8
9515,84,93,-9,9
9516,48,48,0,0
9517,108,90,18,18
9518,157,130,27,27
9519,54,58,-4,4
9520,100,88,12,12
9521,118,105,13,13
9522,57,57,0,0
9523,137,128,9,9
9524,80,84,-4,4
9525,48,49,-1,1
9526,49,42,7,7
9527,94,91,3,3
9528,101,91,10,10
9529,64,68,-4,4
9530,114,121,-7,7
9531,82,77,5,5
9532,62,68,-6,6
9533,57,65,-8,8
9534,88,89,-1,1
9535,92,94,-2,2
9536,66,81,-15,15
9537,76,79,-3,3
9538,59,58,1,1
9539,89,83,6,6
9540,63,65,-2,2
9541,51,47,4,4
9542,123,116,7,7
9543,88,90,-2,2
9544,59,63,-4,4
9545,66,67,-1,1
9546,135,116,19,19
9547,54,60,-6,6
9548,24,30,-6,6
9549,91,78,13,13
9550,166,154,12,12
9551,45,44,1,1
9552,95,85,10,10
9553,99,96,3,3
9554,70,75,-5,5
9555,81,71,10,10
9556,97,89,8,8
9557,75,88,-13,13
9558,55,66,-11,11
9559,86,87,-1,1
9560,172,158,14,14
9561,65,78,-13,13
9562,174,148,26,26
9563,78,76,2,2
9564,81,85,-4,4
9565,68,64,4,4
9566,74,64,10,10
9567,46,49,-3,3
9568,119,123,-4,4
9569,48,52,-4,4
9570,112,111,1,1
9571,135,148,-13,13
9572,91,79,12,12
9573,103,94,9,9
9574,95,112,-17,17
9575,91,74,17,17
9576,201,171,30,30
9577,89,85,4,4
9578,71,69,2,2
9579,198,179,19,19
9580,93,81,12,12
9581,82,78,4,4
9582,132,121,11,11
9583,79,87,-8,8
9584,60,63,-3,3
9585,72,82,-10,10
9586,107,106,1,1
9587,112,109,3,3
9588,99,102,-3,3
9589,104,107,-3,3
9590,68,69,-1,1
9591,57,57,0,0
9592,47,51,-4,4
9593,96,90,6,6
9594,95,105,-10,10
9595,43,45,-2,2
9596,116,102,14,14
9597,65,69,-4,4
9598,106,88,18,18
9599,117,124,-7,7
9600,96,91,5,5
9601,67,65,2,2
9602,100,85,15,15
9603,108,103,5,5
9604,103,96,7,7
9605,58,61,-3,3
9606,88,82,6,6
9607,133,121,12,12
9608,161,150,11,11
9609,95,87,8,8
9610,99,84,15,15
9611,69,61,8,8
9612,112,103,9,9
9613,127,113,14,14
9614,66,69,-3,3
9615,116,113,3,3
9616,105,115,-10,10
9617,100,90,10,10
9618,93,89,4,4
9619,79,85,-6,6
9620,121,111,10,10
9621,86,90,-4,4
9622,88,77,11,11
9623,177,153,24,24
9624,67,63,4,4
9625,73,74,-1,1
9626,105,98,7,7
9627,115,108,7,7
9628,141,130,11,11
9629,75,75,0,0
9630,58,64,-6,6
9631,86,84,2,2
9632,137,125,12,12
9633,113,111,2,2
9634,92,87,5,5
9635,83,87,-4,4
9636,103,108,-5,5
9637,145,122,23,23
9638,84,77,7,7
9639,123,124,-1,1
9640,104,98,6,6
9641,61,63,-2,2
9642,79,93,-14,14
9643,90,109,-19,19
9644,115,113,2,2
9645,138,141,-3,3
9646,80,78,2,2
9647,92,92,0,0
9648,126,116,10,10
9649,62,47,15,15
9650,81,81,0,0
9651,88,84,4,4
9652,90,89,1,1
9653,70,70,0,0
9654,113,106,7,7
9655,81,82,-1,1
9656,70,80,-10,10
9657,87,80,7,7
9658,62,70,-8,8
9659,54,57,-3,3
9660,85,84,1,1
9661,76,73,3,3
9662,44,47,-3,3
9663,106,95,11,11
9664,116,111,5,5
9665,114,133,-19,19
9666,156,148,8,8
9667,127,111,16,16
9668,61,62,-1,1
9669,57,53,4,4
9670,128,122,6,6
9671,90,81,9,9
9672,113,105,8,8
9673,81,74,7,7
9674,48,57,-9,9
9675,47,51,-4,4
9676,139,120,19,19
9677,154,145,9,9
9678,104,107,-3,3
9679,97,91,6,6
9680,123,116,7,7
9681,68,55,13,13
9682,94,93,1,1
9683,77,84,-7,7
9684,45,46,-1,1
9685,78,75,3,3
9686,75,78,-3,3
9687,79,73,6,6
9688,175,164,11,11
9689,117,109,8,8
9690,108,102,6,6
9691,106,107,-1,1
9692,82,71,11,11
9693,112,97,15,15
9694,74,73,1,1
9695,117,116,1,1
9696,94,93,1,1
9697,226,200,26,26
9698,120,108,12,12
9699,40,43,-3,3
9700,40,97,-57,57
9701,119,118,1,1
9702,51,54,-3,3
9703,61,60,1,1
9704,119,107,12,12
9705,97,82,15,15
9706,70,74,-4,4
9707,101,89,12,12
9708,160,146,14,14
9709,88,84,4,4
9710,41,52,-11,11
9711,86,82,4,4
9712,76,77,-1,1
9713,66,74,-8,8
9714,110,108,2,2
9715,120,112,8,8
9716,97,96,1,1
9717,89,94,-5,5
9718,117,111,6,6
9719,59,66,-7,7
9720,145,137,8,8
9721,84,75,9,9
9722,78,83,-5,5
9723,65,66,-1,1
9724,62,64,-2,2
9725,114,110,4,4
9726,76,78,-2,2
9727,51,58,-7,7
9728,131,140,-9,9
9729,162,168,-6,6
9730,90,98,-8,8
9731,95,96,-1,1
9732,49,63,-14,14
9733,81,81,0,0
9734,103,97,6,6
9735,136,137,-1,1
9736,116,109,7,7
9737,74,70,4,4
9738,54,65,-11,11
9739,110,108,2,2
9740,113,98,15,15
9741,142,113,29,29
9742,130,103,27,27
9743,156,145,11,11
9744,186,183,3,3
9745,70,68,2,2
9746,115,102,13,13
9747,149,129,20,20
9748,135,117,18,18
9749,72,67,5,5
9750,143,138,5,5
9751,190,170,20,20
9752,117,123,-6,6
9753,124,101,23,23
9754,78,84,-6,6
9755,90,92,-2,2
9756,49,47,2,2
9757,52,57,-5,5
9758,48,50,-2,2
9759,69,68,1,1
9760,69,75,-6,6
9761,40,50,-10,10
9762,89,90,-1,1
9763,85,82,3,3
9764,104,107,-3,3
9765,130,119,11,11
9766,110,88,22,22
9767,136,125,11,11
9768,91,78,13,13
9769,83,87,-4,4
9770,50,51,-1,1
9771,104,99,5,5
9772,83,74,9,9
9773,114,110,4,4
9774,119,129,-10,10
9775,88,82,6,6
9776,68,90,-22,22
9777,84,100,-16,16
9778,93,73,20,20
9779,56,53,3,3
9780,66,69,-3,3
9781,60,58,2,2
9782,58,63,-5,5
9783,142,136,6,6
9784,197,174,23,23
9785,53,53,0,0
9786,86,100,-14,14
9787,85,84,1,1
9788,153,129,24,24
9789,58,63,-5,5
9790,78,73,5,5
9791,159,144,15,15
9792,129,126,3,3
9793,115,112,3,3
9794,64,61,3,3
9795,142,134,8,8
9796,83,79,4,4
9797,171,171,0,0
9798,137,129,8,8
9799,107,106,1,1
9800,101,87,14,14
9801,75,67,8,8
9802,103,96,7,7
9803,80,80,0,0
9804,51,56,-5,5
9805,92,82,10,10
9806,88,83,5,5
9807,96,97,-1,1
9808,140,123,17,17
9809,107,105,2,2
9810,59,62,-3,3
9811,128,111,17,17
9812,80,77,3,3
9813,40,42,-2,2
9814,139,131,8,8
9815,79,73,6,6
9816,89,82,7,7
9817,127,122,5,5
9818,132,118,14,14
9819,104,105,-1,1
9820,100,91,9,9
9821,76,75,1,1
9822,182,146,36,36
9823,43,42,1,1
9824,56,56,0,0
9825,140,133,7,7
9826,98,100,-2,2
9827,66,74,-8,8
9828,52,44,8,8
9829,100,96,4,4
9830,131,114,17,17
9831,47,47,0,0
9832,57,57,0,0
9833,58,62,-4,4
9834,100,92,8,8
9835,143,147,-4,4
9836,81,73,8,8
9837,130,110,20,20
9838,63,71,-8,8
9839,84,101,-17,17
9840,86,85,1,1
9841,118,113,5,5
9842,109,96,13,13
9843,176,175,1,1
9844,68,70,-2,2
9845,102,102,0,0
9846,65,58,7,7
9847,88,88,0,0
9848,127,111,16,16
9849,56,55,1,1
9850,104,102,2,2
9851,105,91,14,14
9852,84,80,4,4
9853,27,64,-37,37
9854,95,94,1,1
9855,77,76,1,1
9856,192,189,3,3
9857,78,70,8,8
9858,122,119,3,3
9859,80,82,-2,2
9860,94,81,13,13
9861,126,117,9,9
9862,44,48,-4,4
9863,73,76,-3,3
9864,104,81,23,23
9865,71,65,6,6
9866,65,73,-8,8
9867,96,78,18,18
9868,116,93,23,23
9869,103,101,2,2
9870,129,124,5,5
9871,143,134,9,9
9872,100,113,-13,13
9873,133,116,17,17
9874,64,66,-2,2
9875,121,113,8,8
9876,61,64,-3,3
9877,55,65,-10,10
9878,49,46,3,3
9879,86,81,5,5
9880,85,79,6,6
9881,61,57,4,4
9882,128,130,-2,2
9883,91,76,15,15
9884,99,81,18,18
9885,92,88,4,4
9886,179,167,12,12
9887,114,98,16,16
9888,66,62,4,4
9889,78,85,-7,7
9890,69,69,0,0
9891,121,111,10,10
9892,85,72,13,13
9893,110,123,-13,13
9894,92,91,1,1
9895,117,104,13,13
9896,174,162,12,12
9897,135,126,9,9
9898,64,61,3,3
9899,75,71,4,4
9900,97,102,-5,5
9901,120,122,-2,2
9902,102,94,8,8
9903,91,87,4,4
9904,70,74,-4,4
9905,64,72,-8,8
9906,49,47,2,2
9907,94,102,-8,8
9908,71,77,-6,6
9909,136,157,-21,21
9910,68,68,0,0
9911,122,117,5,5
9912,73,73,0,0
9913,114,109,5,5
9914,98,93,5,5
9915,104,97,7,7
9916,103,90,13,13
9917,108,97,11,11
9918,127,115,12,12
9919,130,128,2,2
9920,95,94,1,1
9921,89,78,11,11
9922,73,71,2,2
9923,157,136,21,21
9924,103,94,9,9
9925,105,98,7,7
9926,112,98,14,14
9927,109,97,12,12
9928,79,78,1,1
9929,92,107,-15,15
9930,72,67,5,5
9931,48,54,-6,6
9932,98,89,9,9
9933,111,110,1,1
9934,119,109,10,10
9935,139,117,22,22
9936,55,68,-13,13
9937,107,109,-2,2
9938,135,140,-5,5
9939,102,93,9,9
9940,88,88,0,0
9941,105,111,-6,6
9942,136,117,19,19
9943,82,84,-2,2
9944,67,65,2,2
9945,123,118,5,5
9946,120,115,5,5
9947,94,96,-2,2
9948,51,52,-1,1
9949,95,85,10,10
9950,92,90,2,2
9951,154,129,25,25
9952,76,75,1,1
9953,59,57,2,2
9954,153,133,20,20
9955,66,72,-6,6
9956,96,99,-3,3
9957,131,123,8,8
9958,81,75,6,6
9959,80,82,-2,2
9960,59,60,-1,1
9961,72,74,-2,2
9962,148,139,9,9
9963,123,132,-9,9
9964,72,69,3,3
9965,59,62,-3,3
9966,145,136,9,9
9967,95,92,3,3
9968,125,119,6,6
9969,79,77,2,2
9970,79,81,-2,2
9971,68,70,-2,2
9972,135,133,2,2
9973,96,94,2,2
9974,64,67,-3,3
9975,62,56,6,6
9976,102,97,5,5
9977,141,128,13,13
9978,82,72,10,10
9979,84,74,10,10
9980,85,86,-1,1
9981,77,79,-2,2
9982,107,97,10,10
9983,94,92,2,2
9984,84,73,11,11
9985,90,84,6,6
9986,127,120,7,7
9987,94,92,2,2
9988,142,156,-14,14
9989,88,91,-3,3
9990,104,95,9,9
9991,66,67,-1,1
9992,48,48,0,0
9993,76,74,2,2
9994,105,97,8,8
9995,62,56,6,6
9996,82,81,1,1
9997,123,120,3,3
9998,88,91,-3,3
9999,68,66,2,2
10000,171,146,25,25
10001,134,123,11,11
10002,81,77,4,4
10003,66,69,-3,3
10004,49,50,-1,1
10005,92,92,0,0
10006,121,115,6,6
10007,133,120,13,13
10008,147,131,16,16
10009,81,78,3,3
10010,69,73,-4,4
10011,83,83,0,0
10012,88,85,3,3
10013,59,50,9,9
10014,91,94,-3,3
10015,153,149,4,4
10016,114,105,9,9
10017,77,84,-7,7
10018,85,70,15,15
10019,80,73,7,7
10020,74,72,2,2
10021,169,154,15,15
10022,108,103,5,5
10023,121,120,1,1
10024,83,93,-10,10
10025,56,55,1,1
10026,74,72,2,2
10027,53,63,-10,10
10028,80,86,-6,6
10029,79,78,1,1
10030,117,110,7,7
10031,174,160,14,14
10032,77,71,6,6
10033,114,96,18,18
10034,79,78,1,1
10035,158,147,11,11
10036,80,76,4,4
10037,90,111,-21,21
10038,111,102,9,9
10039,155,136,19,19
10040,55,57,-2,2
10041,74,73,1,1
10042,62,66,-4,4
10043,138,134,4,4
10044,143,148,-5,5
10045,113,112,1,1
10046,100,100,0,0
10047,115,92,23,23
10048,49,48,1,1
10049,139,137,2,2
10050,114,116,-2,2
10051,125,127,-2,2
10052,61,63,-2,2
10053,136,125,11,11
10054,77,72,5,5
10055,211,182,29,29
10056,66,62,4,4
10057,111,101,10,10
10058,122,121,1,1
10059,139,127,12,12
10060,121,108,13,13
10061,108,114,-6,6
10062,85,88,-3,3
10063,110,105,5,5
10064,62,72,-10,10
10065,107,99,8,8
10066,49,48,1,1
10067,82,83,-1,1
10068,92,89,3,3
10069,59,59,0,0
10070,56,57,-1,1
10071,105,94,11,11
10072,61,66,-5,5
10073,95,101,-6,6
10074,56,60,-4,4
10075,148,143,5,5
10076,123,122,1,1
10077,111,113,-2,2
10078,75,70,5,5
10079,139,146,-7,7
10080,68,71,-3,3
10081,90,82,8,8
10082,150,151,-1,1
10083,133,110,23,23
10084,49,55,-6,6
10085,62,64,-2,2
10086,111,98,13,13
10087,117,112,5,5
10088,151,144,7,7
10089,100,94,6,6
10090,42,50,-8,8
10091,78,73,5,5
10092,48,52,-4,4
10093,118,101,17,17
10094,70,64,6,6
10095,117,128,-11,11
10096,61,81,-20,20
10097,94,98,-4,4
10098,78,78,0,0
10099,170,155,15,15
10100,68,68,0,0
10101,78,70,8,8
10102,47,50,-3,3
10103,130,106,24,24
10104,80,75,5,5
10105,70,74,-4,4
10106,49,60,-11,11
10107,117,108,9,9
10108,86,86,0,0
10109,82,75,7,7
10110,54,52,2,2
10111,160,149,11,11
10112,78,87,-9,9
10113,82,79,3,3
10114,59,50,9,9
10115,115,108,7,7
10116,86,87,-1,1
10117,119,102,17,17
10118,116,116,0,0
10119,90,93,-3,3
10120,75,75,0,0
10121,81,80,1,1
10122,87,90,-3,3
10123,108,99,9,9
10124,50,55,-5,5
10125,53,57,-4,4
10126,130,134,-4,4
10127,125,108,17,17
10128,118,108,10,10
10129,112,107,5,5
10130,62,72,-10,10
10131,105,102,3,3
10132,90,94,-4,4
10133,143,138,5,5
10134,58,56,2,2
10135,64,69,-5,5
10136,108,98,10,10
10137,98,81,17,17
10138,136,128,8,8
10139,101,111,-10,10
10140,85,88,-3,3
10141,92,95,-3,3
10142,144,127,17,17
10143,80,81,-1,1
10144,110,93,17,17
10145,66,64,2,2
10146,73,68,5,5
10147,59,60,-1,1
10148,88,88,0,0
10149,74,84,-10,10
10150,61,64,-3,3
10151,125,115,10,10
10152,55,54,1,1
10153,115,109,6,6
10154,58,67,-9,9
10155,76,80,-4,4
10156,137,140,-3,3
10157,81,77,4,4
10158,116,111,5,5
10159,81,79,2,2
10160,94,88,6,6
10161,78,89,-11,11
10162,80,74,6,6
10163,99,92,7,7
10164,118,109,9,9
10165,137,122,15,15
10166,98,99,-1,1
10167,71,65,6,6
10168,83,85,-2,2
10169,132,136,-4,4
10170,69,68,1,1
10171,119,113,6,6
10172,101,105,-4,4
10173,92,92,0,0
10174,74,68,6,6
10175,95,92,3,3
10176,67,68,-1,1
10177,50,54,-4,4
10178,106,97,9,9
10179,102,93,9,9
10180,359,268,91,91
10181,58,58,0,0
10182,94,89,5,5
10183,90,76,14,14
10184,88,80,8,8
10185,105,92,13,13
10186,75,75,0,0
10187,89,86,3,3
10188,86,82,4,4
10189,133,125,8,8
10190,35,39,-4,4
10191,88,81,7,7
10192,177,156,21,21
10193,100,90,10,10
10194,65,59,6,6
10195,104,100,4,4
10196,67,63,4,4
10197,86,86,0,0
10198,123,112,11,11
10199,108,99,9,9
10200,84,78,6,6
10201,54,63,-9,9
10202,95,92,3,3
10203,86,76,10,10
10204,70,81,-11,11
10205,84,76,8,8
10206,107,102,5,5
10207,45,48,-3,3
10208,85,86,-1,1
10209,79,76,3,3
10210,125,121,4,4
10211,92,85,7,7
10212,74,75,-1,1
10213,139,140,-1,1
10214,84,78,6,6
10215,103,114,-11,11
10216,60,72,-12,12
10217,78,82,-4,4
10218,69,52,17,17
10219,131,125,6,6
10220,102,94,8,8
10221,69,71,-2,2
10222,58,65,-7,7
10223,43,45,-2,2
10224,29,38,-9,9
10225,86,86,0,0
10226,114,110,4,4
10227,38,47,-9,9
10228,113,120,-7,7
10229,74,83,-9,9
10230,67,68,-1,1
10231,221,207,14,14
10232,103,93,10,10
10233,224,204,20,20
10234,82,95,-13,13
10235,104,95,9,9
10236,115,106,9,9
10237,70,85,-15,15
10238,92,90,2,2
10239,118,111,7,7
10240,159,139,20,20
10241,124,108,16,16
10242,165,136,29,29
10243,118,119,-1,1
10244,79,72,7,7
10245,113,102,11,11
10246,61,65,-4,4
10247,112,105,7,7
10248,68,69,-1,1
10249,71,78,-7,7
10250,127,117,10,10
10251,82,78,4,4
10252,63,63,0,0
10253,189,192,-3,3
10254,73,75,-2,2
10255,76,69,7,7
10256,99,103,-4,4
10257,131,124,7,7
10258,88,87,1,1
10259,61,66,-5,5
10260,135,124,11,11
10261,52,54,-2,2
10262,114,109,5,5
10263,82,80,2,2
10264,106,98,8,8
10265,102,111,-9,9
10266,105,114,-9,9
10267,77,82,-5,5
10268,66,64,2,2
10269,129,114,15,15
10270,73,74,-1,1
10271,77,74,3,3
10272,70,69,1,1
10273,40,41,-1,1
10274,55,64,-9,9
10275,130,131,-1,1
10276,168,152,16,16
10277,76,67,9,9
10278,136,128,8,8
10279,104,105,-1,1
10280,52,56,-4,4
10281,151,137,14,14
10282,74,76,-2,2
10283,60,68,-8,8
10284,90,84,6,6
10285,81,76,5,5
10286,118,117,1,1
10287,96,94,2,2
10288,96,89,7,7
10289,151,147,4,4
10290,125,113,12,12
10291,73,69,4,4
10292,107,99,8,8
10293,113,112,1,1
10294,118,123,-5,5
10295,71,78,-7,7
10296,68,71,-3,3
10297,65,67,-2,2
10298,48,54,-6,6
10299,73,76,-3,3
10300,86,105,-19,19
10301,45,46,-1,1
10302,87,83,4,4
10303,113,107,6,6
10304,137,133,4,4
10305,114,116,-2,2
10306,61,62,-1,1
10307,106,91,15,15
10308,128,124,4,4
10309,111,109,2,2
10310,100,93,7,7
10311,100,88,12,12
10312,133,138,-5,5
10313,96,94,2,2
10314,133,122,11,11
10315,130,124,6,6
10316,78,83,-5,5
10317,130,107,23,23
10318,110,115,-5,5
10319,75,82,-7,7
10320,144,139,5,5
10321,81,84,-3,3
10322,63,70,-7,7
10323,122,117,5,5
10324,119,124,-5,5
10325,99,95,4,4
10326,111,105,6,6
10327,143,114,29,29
10328,104,115,-11,11
10329,93,84,9,9
10330,72,77,-5,5
10331,79,82,-3,3
10332,128,128,0,0
10333,99,92,7,7
10334,76,82,-6,6
10335,100,99,1,1
10336,70,68,2,2
10337,148,143,5,5
10338,68,66,2,2
10339,100,106,-6,6
10340,74,86,-12,12
10341,86,76,10,10
10342,93,85,8,8
10343,138,116,22,22
10344,149,158,-9,9
10345,65,64,1,1
10346,89,92,-3,3
10347,117,80,37,37
10348,98,81,17,17
10349,127,120,7,7
10350,106,95,11,11
10351,68,63,5,5
10352,160,132,28,28
10353,83,87,-4,4
10354,129,111,18,18
10355,117,101,16,16
10356,74,82,-8,8
10357,101,93,8,8
10358,113,106,7,7
10359,121,107,14,14
10360,122,124,-2,2
10361,117,112,5,5
10362,131,130,1,1
10363,68,60,8,8
10364,86,90,-4,4
10365,97,87,10,10
10366,125,118,7,7
10367,65,68,-3,3
10368,49,45,4,4
10369,81,77,4,4
10370,103,103,0,0
10371,110,99,11,11
10372,86,91,-5,5
10373,103,98,5,5
10374,103,103,0,0
10375,59,58,1,1
10376,119,106,13,13
10377,40,39,1,1
10378,102,99,3,3
10379,120,107,13,13
10380,103,103,0,0
10381,101,96,5,5
10382,106,101,5,5
10383,110,110,0,0
10384,82,77,5,5
10385,88,78,10,10
10386,174,170,4,4
10387,99,87,12,12
10388,66,66,0,0
10389,105,107,-2,2
10390,59,59,0,0
10391,128,108,20,20
10392,53,65,-12,12
10393,123,123,0,0
10394,88,82,6,6
10395,80,76,4,4
10396,72,83,-11,11
10397,73,75,-2,2
10398,60,61,-1,1
10399,88,84,4,4
10400,82,81,1,1
10401,156,139,17,17
10402,163,138,25,25
10403,73,70,3,3
10404,105,93,12,12
10405,137,120,17,17
10406,74,77,-3,3
10407,85,77,8,8
10408,71,75,-4,4
10409,56,64,-8,8
10410,95,85,10,10
10411,48,46,2,2
10412,113,113,0,0
10413,96,92,4,4
10414,111,108,3,3
10415,80,112,-32,32
10416,44,47,-3,3
10417,73,69,4,4
10418,132,107,25,25
10419,100,88,12,12
10420,126,115,11,11
10421,77,81,-4,4
10422,81,87,-6,6
10423,68,64,4,4
10424,73,89,-16,16
10425,100,97,3,3
10426,98,87,11,11
10427,60,59,1,1
10428,110,106,4,4
10429,102,97,5,5
10430,75,70,5,5
10431,138,138,0,0
10432,81,75,6,6
10433,108,112,-4,4
10434,148,130,18,18
10435,59,53,6,6
10436,88,88,0,0
10437,104,85,19,19
10438,72,66,6,6
10439,82,83,-1,1
10440,93,90,3,3
10441,93,86,7,7
10442,160,151,9,9
10443,129,124,5,5
10444,113,113,0,0
10445,116,95,21,21
10446,119,115,4,4
10447,86,82,4,4
10448,44,48,-4,4
10449,76,68,8,8
10450,61,64,-3,3
10451,80,88,-8,8
10452,99,83,16,16
10453,87,99,-12,12
10454,117,108,9,9
10455,50,69,-19,19
10456,150,133,17,17
10457,123,107,16,16
10458,100,75,25,25
10459,147,137,10,10
10460,185,181,4,4
10461,59,55,4,4
10462,81,75,6,6
10463,61,76,-15,15
10464,126,118,8,8
10465,82,83,-1,1
10466,100,93,7,7
10467,81,73,8,8
10468,39,38,1,1
10469,77,69,8,8
10470,51,48,3,3
10471,98,104,-6,6
10472,133,141,-8,8
10473,80,77,3,3
10474,151,125,26,26
10475,88,78,10,10
10476,55,51,4,4
10477,72,79,-7,7
10478,75,82,-7,7
10479,77,71,6,6
10480,81,70,11,11
10481,144,138,6,6
10482,121,102,19,19
10483,57,55,2,2
10484,69,78,-9,9
10485,99,95,4,4
10486,64,70,-6,6
10487,130,106,24,24
10488,106,102,4,4
10489,72,71,1,1
10490,67,71,-4,4
10491,68,68,0,0
10492,79,85,-6,6
10493,81,81,0,0
10494,69,69,0,0
10495,67,68,-1,1
10496,73,75,-2,2
10497,39,48,-9,9
10498,112,115,-3,3
10499,71,74,-3,3
10500,132,116,16,16
10501,133,132,1,1
10502,95,89,6,6
10503,112,101,11,11
10504,112,97,15,15
10505,99,108,-9,9
10506,71,78,-7,7
10507,127,136,-9,9
10508,89,94,-5,5
10509,87,82,5,5
10510,124,110,14,14
10511,66,68,-2,2
10512,92,92,0,0
10513,80,75,5,5
10514,94,92,2,2
10515,146,148,-2,2
10516,139,134,5,5
10517,136,126,10,10
10518,63,61,2,2
10519,54,56,-2,2
10520,171,155,16,16
10521,91,85,6,6
10522,170,151,19,19
10523,147,134,13,13
10524,70,68,2,2
10525,140,139,1,1
10526,117,115,2,2
10527,72,71,1,1
10528,132,122,10,10
10529,63,64,-1,1
10530,102,101,1,1
10531,81,81,0,0
10532,90,87,3,3
10533,87,91,-4,4
10534,127,117,10,10
10535,56,56,0,0
10536,44,45,-1,1
10537,122,112,10,10
10538,111,106,5,5
10539,66,67,-1,1
10540,110,113,-3,3
10541,101,97,4,4
10542,119,117,2,2
10543,75,80,-5,5
10544,65,66,-1,1
10545,55,57,-2,2
10546,76,85,-9,9
10547,70,69,1,1
10548,157,176,-19,19
10549,27,26,1,1
10550,83,78,5,5
10551,125,117,8,8
10552,95,98,-3,3
10553,86,77,9,9
10554,116,113,3,3
10555,66,66,0,0
10556,144,159,-15,15
10557,96,98,-2,2
10558,94,91,3,3
10559,37,41,-4,4
10560,195,174,21,21
10561,108,101,7,7
10562,130,128,2,2
10563,78,79,-1,1
10564,57,64,-7,7
10565,72,67,5,5
10566,57,69,-12,12
10567,90,96,-6,6
10568,67,58,9,9
10569,157,151,6,6
10570,57,65,-8,8
10571,94,93,1,1
10572,69,73,-4,4
10573,86,83,3,3
10574,58,58,0,0
10575,105,100,5,5
10576,74,69,5,5
10577,116,112,4,4
10578,78,73,5,5
10579,115,108,7,7
10580,64,65,-1,1
10581,127,113,14,14
10582,77,77,0,0
10583,99,90,9,9
10584,68,71,-3,3
10585,101,109,-8,8
10586,88,81,7,7
10587,121,113,8,8
10588,100,96,4,4
10589,87,69,18,18
10590,80,72,8,8
10591,43,49,-6,6
10592,103,103,0,0
10593,149,132,17,17
10594,67,72,-5,5
10595,110,108,2,2
10596,127,109,18,18
10597,55,56,-1,1
10598,133,123,10,10
10599,82,83,-1,1
10600,45,42,3,3
10601,59,60,-1,1
10602,120,111,9,9
10603,103,104,-1,1
10604,145,139,6,6
10605,119,119,0,0
10606,75,80,-5,5
10607,74,65,9,9
10608,109,110,-1,1
10609,148,136,12,12
10610,80,80,0,0
10611,68,67,1,1
10612,116,116,0,0
10613,114,100,14,14
10614,100,100,0,0
10615,72,72,0,0
10616,119,131,-12,12
10617,96,87,9,9
10618,58,64,-6,6
10619,132,133,-1,1
10620,169,162,7,7
10621,70,69,1,1
10622,90,82,8,8
10623,93,87,6,6
10624,107,121,-14,14
10625,124,110,14,14
10626,43,46,-3,3
10627,102,93,9,9
10628,107,101,6,6
10629,61,68,-7,7
10630,62,61,1,1
10631,72,67,5,5
10632,129,117,12,12
10633,74,74,0,0
10634,81,74,7,7
10635,107,94,13,13
10636,79,75,4,4
10637,43,41,2,2
10638,72,76,-4,4
10639,102,86,16,16
10640,93,82,11,11
10641,90,86,4,4
10642,66,57,9,9
10643,125,116,9,9
10644,73,71,2,2
10645,78,70,8,8
10646,49,51,-2,2
10647,81,72,9,9
10648,74,78,-4,4
10649,78,73,5,5
10650,82,79,3,3
10651,92,104,-12,12
10652,110,84,26,26
10653,96,91,5,5
10654,83,85,-2,2
10655,143,133,10,10
10656,88,77,11,11
10657,111,107,4,4
10658,54,52,2,2
10659,66,70,-4,4
10660,68,80,-12,12
10661,57,65,-8,8
10662,169,141,28,28
10663,63,73,-10,10
10664,131,137,-6,6
10665,102,97,5,5
10666,47,48,-1,1
10667,58,66,-8,8
10668,127,119,8,8
10669,100,92,8,8
10670,109,110,-1,1
10671,109,98,11,11
10672,92,88,4,4
10673,93,89,4,4
10674,64,62,2,2
10675,95,97,-2,2
10676,97,90,7,7
10677,87,89,-2,2
10678,65,66,-1,1
10679,84,83,1,1
10680,140,115,25,25
10681,88,81,7,7
10682,56,52,4,4
10683,131,124,7,7
10684,107,99,8,8
10685,93,85,8,8
10686,125,111,14,14
10687,204,184,20,20
10688,128,113,15,15
10689,80,73,7,7
10690,161,176,-15,15
10691,114,106,8,8
10692,96,78,18,18
10693,79,81,-2,2
10694,60,61,-1,1
10695,176,162,14,14
10696,41,41,0,0
10697,50,56,-6,6
10698,45,46,-1,1
10699,168,134,34,34
10700,65,63,2,2
10701,57,45,12,12
10702,98,94,4,4
10703,77,75,2,2
10704,84,78,6,6
10705,76,78,-2,2
10706,75,84,-9,9
10707,93,90,3,3
10708,71,102,-31,31
10709,87,82,5,5
10710,65,67,-2,2
10711,130,115,15,15
10712,74,62,12,12
10713,34,43,-9,9
10714,129,106,23,23
10715,114,116,-2,2
10716,70,66,4,4
10717,50,63,-13,13
10718,93,81,12,12
10719,55,53,2,2
10720,94,81,13,13
10721,46,39,7,7
10722,50,47,3,3
10723,104,92,12,12
10724,118,111,7,7
10725,102,94,8,8
10726,84,81,3,3
10727,165,170,-5,5
10728,97,96,1,1
10729,92,89,3,3
10730,89,77,12,12
10731,76,73,3,3
10732,75,91,-16,16
10733,142,133,9,9
10734,96,94,2,2
10735,145,142,3,3
10736,87,88,-1,1
10737,64,65,-1,1
10738,48,62,-14,14
10739,94,87,7,7
10740,69,63,6,6
10741,66,58,8,8
10742,131,118,13,13
10743,98,91,7,7
10744,94,95,-1,1
10745,65,66,-1,1
10746,89,88,1,1
10747,128,115,13,13
10748,144,130,14,14
10749,53,62,-9,9
10750,108,107,1,1
10751,29,39,-10,10
10752,58,56,2,2
10753,94,101,-7,7
10754,74,71,3,3
10755,133,124,9,9
10756,75,70,5,5
10757,87,77,10,10
10758,133,129,4,4
10759,74,66,8,8
10760,80,80,0,0
10761,52,53,-1,1
10762,116,110,6,6
10763,158,148,10,10
10764,224,196,28,28
10765,97,96,1,1
10766,128,115,13,13
10767,102,100,2,2
10768,114,103,11,11
10769,41,42,-1,1
10770,86,85,1,1
10771,42,45,-3,3
10772,111,102,9,9
10773,142,138,4,4
10774,68,67,1,1
10775,65,61,4,4
10776,116,115,1,1
10777,91,81,10,10
10778,157,150,7,7
10779,140,129,11,11
10780,126,111,15,15
10781,77,69,8,8
10782,86,85,1,1
10783,102,100,2,2
10784,95,89,6,6
10785,64,68,-4,4
10786,103,114,-11,11
10787,55,64,-9,9
10788,77,80,-3,3
10789,160,141,19,19
10790,58,61,-3,3
10791,191,180,11,11
10792,121,123,-2,2
10793,77,66,11,11
10794,161,144,17,17
10795,65,66,-1,1
10796,80,89,-9,9
10797,77,80,-3,3
10798,67,77,-10,10
10799,51,52,-1,1
10800,76,75,1,1
10801,155,136,19,19
10802,96,85,11,11
10803,65,68,-3,3
10804,98,92,6,6
10805,101,95,6,6
10806,49,44,5,5
10807,112,100,12,12
10808,81,66,15,15
10809,49,49,0,0
10810,65,63,2,2
10811,90,83,7,7
10812,126,113,13,13
10813,48,47,1,1
10814,120,111,9,9
10815,55,58,-3,3
10816,75,84,-9,9
10817,83,97,-14,14
10818,135,123,12,12
10819,131,124,7,7
10820,117,120,-3,3
10821,88,79,9,9
10822,92,90,2,2
10823,90,95,-5,5
10824,98,101,-3,3
10825,101,91,10,10
10826,138,132,6,6
10827,84,85,-1,1
10828,104,104,0,0
10829,98,110,-12,12
10830,87,86,1,1
10831,102,105,-3,3
10832,81,83,-2,2
10833,75,79,-4,4
10834,145,128,17,17
10835,114,108,6,6
10836,63,65,-2,2
10837,51,56,-5,5
10838,109,107,2,2
10839,69,68,1,1
10840,87,95,-8,8
10841,72,68,4,4
10842,114,112,2,2
10843,96,82,14,14
10844,140,144,-4,4
10845,171,159,12,12
10846,97,94,3,3
10847,77,75,2,2
10848,125,101,24,24
10849,75,75,0,0
10850,98,104,-6,6
10851,118,112,6,6
10852,120,110,10,10
10853,69,70,-1,1
10854,57,52,5,5
10855,129,114,15,15
10856,127,120,7,7
10857,81,81,0,0
10858,102,99,3,3
10859,154,138,16,16
10860,116,101,15,15
10861,47,47,0,0
10862,124,115,9,9
10863,124,114,10,10
10864,138,124,14,14
10865,82,83,-1,1
10866,120,111,9,9
10867,114,99,15,15
10868,90,86,4,4
10869,88,81,7,7
10870,53,51,2,2
10871,84,76,8,8
10872,80,80,0,0
10873,147,136,11,11
10874,79,87,-8,8
10875,115,100,15,15
10876,80,77,3,3
10877,117,112,5,5
10878,123,113,10,10
10879,54,61,-7,7
10880,93,86,7,7
10881,145,138,7,7
10882,128,129,-1,1
10883,73,73,0,0
10884,51,48,3,3
10885,65,65,0,0
10886,102,109,-7,7
10887,95,99,-4,4
10888,58,56,2,2
10889,49,61,-12,12
10890,113,109,4,4
10891,121,122,-1,1
10892,148,141,7,7
10893,139,137,2,2
10894,96,105,-9,9
10895,143,132,11,11
10896,92,93,-1,1
10897,78,75,3,3
10898,11,18,-7,7
10899,66,70,-4,4
10900,79,76,3,3
10901,70,69,1,1
10902,67,71,-4,4
10903,77,74,3,3
10904,144,138,6,6
10905,84,85,-1,1
10906,50,48,2,2
10907,79,69,10,10
10908,90,96,-6,6
10909,62,58,4,4
10910,134,140,-6,6
10911,110,90,20,20
10912,78,103,-25,25
10913,142,121,21,21
10914,79,83,-4,4
10915,143,133,10,10
10916,80,86,-6,6
10917,37,38,-1,1
10918,70,67,3,3
10919,96,101,-5,5
10920,135,135,0,0
10921,76,71,5,5
10922,181,164,17,17
10923,105,108,-3,3
10924,49,49,0,0
10925,65,71,-6,6
10926,139,125,14,14
10927,38,43,-5,5
10928,83,84,-1,1
10929,56,61,-5,5
10930,120,101,19,19
10931,109,109,0,0
10932,160,149,11,11
10933,117,122,-5,5
10934,92,95,-3,3
10935,99,95,4,4
10936,114,108,6,6
10937,70,65,5,5
10938,93,97,-4,4
10939,112,100,12,12
10940,118,105,13,13
10941,72,65,7,7
10942,51,58,-7,7
10943,119,99,20,20
10944,85,82,3,3
10945,101,108,-7,7
10946,78,83,-5,5
10947,75,73,2,2
10948,69,78,-9,9
10949,120,109,11,11
10950,72,70,2,2
10951,64,75,-11,11
10952,80,78,2,2
10953,80,84,-4,4
10954,75,69,6,6
10955,76,72,4,4
10956,157,138,19,19
10957,80,95,-15,15
10958,117,112,5,5
10959,103,88,15,15
10960,129,107,22,22
10961,139,131,8,8
10962,98,92,6,6
10963,87,77,10,10
10964,165,143,22,22
10965,73,76,-3,3
10966,137,129,8,8
10967,150,149,1,1
10968,74,81,-7,7
10969,157,142,15,15
10970,82,97,-15,15
10971,74,68,6,6
10972,37,48,-11,11
10973,95,92,3,3
10974,104,95,9,9
10975,124,124,0,0
10976,37,47,-10,10
10977,80,103,-23,23
10978,80,88,-8,8
10979,88,79,9,9
10980,147,120,27,27
10981,65,68,-3,3
10982,101,96,5,5
10983,93,88,5,5
10984,71,68,3,3
10985,64,55,9,9
10986,71,76,-5,5
10987,60,68,-8,8
10988,64,77,-13,13
10989,55,54,1,1
10990,48,70,-22,22
10991,141,124,17,17
10992,95,89,6,6
10993,58,62,-4,4
10994,95,90,5,5
10995,71,75,-4,4
10996,89,84,5,5
10997,125,116,9,9
10998,170,171,-1,1
10999,153,149,4,4
11000,84,80,4,4
11001,137,130,7,7
11002,81,74,7,7
11003,77,92,-15,15
11004,75,80,-5,5
11005,110,105,5,5
11006,53,50,3,3
11007,92,84,8,8
11008,105,115,-10,10
11009,55,58,-3,3
11010,85,95,-10,10
11011,141,120,21,21
11012,126,129,-3,3
11013,82,78,4,4
11014,124,115,9,9
11015,76,89,-13,13
11016,126,109,17,17
11017,56,58,-2,2
11018,65,65,0,0
11019,91,94,-3,3
11020,65,69,-4,4
11021,84,86,-2,2
11022,95,93,2,2
11023,109,92,17,17
11024,74,66,8,8
11025,60,55,5,5
11026,65,58,7,7
11027,77,76,1,1
11028,79,78,1,1
11029,65,61,4,4
11030,110,105,5,5
11031,116,122,-6,6
11032,67,69,-2,2
11033,83,83,0,0
11034,120,109,11,11
11035,157,128,29,29
11036,123,118,5,5
11037,80,77,3,3
11038,99,103,-4,4
11039,88,79,9,9
11040,67,83,-16,16
11041,134,127,7,7
11042,76,70,6,6
11043,96,103,-7,7
11044,83,87,-4,4
11045,57,61,-4,4
11046,93,89,4,4
11047,60,63,-3,3
11048,85,81,4,4
11049,62,69,-7,7
11050,110,107,3,3
11051,108,105,3,3
11052,66,64,2,2
11053,67,80,-13,13
11054,71,65,6,6
11055,79,75,4,4
11056,145,146,-1,1
11057,62,73,-11,11
11058,60,71,-11,11
11059,126,123,3,3
11060,120,119,1,1
11061,67,71,-4,4
11062,96,95,1,1
11063,54,49,5,5
11064,66,61,5,5
11065,101,96,5,5
11066,83,73,10,10
11067,120,106,14,14
11068,186,178,8,8
11069,72,72,0,0
11070,91,89,2,2
11071,158,142,16,16
11072,67,69,-2,2
11073,118,97,21,21
11074,63,56,7,7
11075,105,95,10,10
11076,124,100,24,24
11077,108,85,23,23
11078,121,109,12,12
11079,39,40,-1,1
11080,90,88,2,2
11081,218,220,-2,2
11082,71,77,-6,6
11083,81,84,-3,3
11084,61,60,1,1
11085,86,77,9,9
11086,59,57,2,2
11087,168,162,6,6
11088,86,97,-11,11
11089,104,106,-2,2
11090,89,89,0,0
11091,80,76,4,4
11092,81,77,4,4
11093,87,78,9,9
11094,119,104,15,15
11095,136,125,11,11
11096,113,103,10,10
11097,68,75,-7,7
11098,86,73,13,13
11099,103,96,7,7
11100,72,80,-8,8
11101,142,144,-2,2
11102,172,181,-9,9
11103,166,158,8,8
11104,96,107,-11,11
11105,106,116,-10,10
11106,125,115,10,10
11107,125,113,12,12
11108,75,98,-23,23
11109,94,85,9,9
11110,103,102,1,1
11111,58,52,6,6
11112,81,74,7,7
11113,133,113,20,20
11114,122,118,4,4
11115,99,101,-2,2
11116,67,67,0,0
11117,126,115,11,11
11118,91,83,8,8
11119,73,75,-2,2
11120,89,92,-3,3
11121,124,136,-12,12
11122,68,58,10,10
11123,126,120,6,6
11124,76,81,-5,5
11125,167,143,24,24
11126,36,38,-2,2
11127,137,130,7,7
11128,93,88,5,5
11129,115,111,4,4
11130,125,111,14,14
11131,79,76,3,3
11132,59,62,-3,3
11133,90,89,1,1
11134,73,69,4,4
11135,74,72,2,2
11136,111,99,12,12
11137,129,121,8,8
11138,80,79,1,1
11139,97,92,5,5
11140,83,77,6,6
11141,129,122,7,7
11142,120,116,4,4
11143,93,82,11,11
11144,95,103,-8,8
11145,101,98,3,3
11146,93,91,2,2
11147,112,124,-12,12
11148,103,101,2,2
11149,60,65,-5,5
11150,95,105,-10,10
11151,62,55,7,7
11152,69,71,-2,2
11153,83,96,-13,13
11154,53,49,4,4
11155,98,91,7,7
11156,101,107,-6,6
11157,73,82,-9,9
11158,94,102,-8,8
11159,55,54,1,1
11160,93,104,-11,11
11161,70,73,-3,3
11162,102,106,-4,4
11163,75,68,7,7
11164,77,66,11,11
11165,96,90,6,6
11166,93,101,-8,8
11167,78,84,-6,6
11168,155,141,14,14
11169,94,92,2,2
11170,66,66,0,0
11171,71,81,-10,10
11172,96,91,5,5
11173,143,138,5,5
11174,60,59,1,1
11175,79,84,-5,5
11176,93,93,0,0
11177,126,117,9,9
11178,128,114,14,14
11179,103,90,13,13
11180,95,90,5,5
11181,86,97,-11,11
11182,95,89,6,6
11183,68,67,1,1
11184,102,101,1,1
11185,74,73,1,1
11186,94,116,-22,22
11187,83,64,19,19
11188,107,101,6,6
11189,65,64,1,1
11190,66,67,-1,1
11191,113,107,6,6
11192,164,145,19,19
11193,60,62,-2,2
11194,139,148,-9,9
11195,96,102,-6,6
11196,87,76,11,11
11197,113,105,8,8
11198,180,170,10,10
11199,106,98,8,8
11200,73,73,0,0
11201,121,120,1,1
11202,125,116,9,9
11203,62,65,-3,3
11204,56,51,5,5
11205,81,82,-1,1
11206,103,96,7,7
11207,107,96,11,11
11208,70,65,5,5
11209,107,98,9,9
11210,167,202,-35,35
11211,72,56,16,16
11212,123,112,11,11
11213,178,183,-5,5
11214,142,146,-4,4
11215,138,120,18,18
11216,148,131,17,17
11217,141,133,8,8
11218,119,122,-3,3
11219,67,68,-1,1
11220,126,136,-10,10
11221,35,73,-38,38
11222,86,87,-1,1
11223,82,92,-10,10
11224,135,158,-23,23
11225,111,100,11,11
11226,145,141,4,4
11227,99,85,14,14
11228,69,73,-4,4
11229,81,91,-10,10
11230,58,57,1,1
11231,58,70,-12,12
11232,141,114,27,27
11233,75,76,-1,1
11234,108,111,-3,3
11235,128,132,-4,4
11236,87,99,-12,12
11237,90,98,-8,8
11238,133,130,3,3
11239,73,69,4,4
11240,63,58,5,5
11241,73,77,-4,4
11242,136,139,-3,3
11243,105,97,8,8
11244,60,62,-2,2
11245,102,93,9,9
11246,100,93,7,7
11247,57,61,-4,4
11248,71,72,-1,1
11249,76,74,2,2
11250,58,61,-3,3
11251,204,184,20,20
11252,96,92,4,4
11253,113,103,10,10
11254,114,93,21,21
11255,138,125,13,13
11256,79,86,-7,7
11257,142,124,18,18
11258,109,103,6,6
11259,141,136,5,5
11260,73,68,5,5
11261,89,79,10,10
11262,85,87,-2,2
11263,159,142,17,17
11264,107,99,8,8
11265,68,74,-6,6
11266,79,84,-5,5
11267,109,106,3,3
11268,78,69,9,9
11269,61,63,-2,2
11270,102,98,4,4
11271,140,133,7,7
11272,156,146,10,10
11273,155,144,11,11
11274,118,105,13,13
11275,85,81,4,4
11276,162,149,13,13
11277,105,106,-1,1
11278,100,96,4,4
11279,102,90,12,12
11280,130,121,9,9
11281,55,63,-8,8
11282,69,76,-7,7
11283,89,82,7,7
11284,39,49,-10,10
11285,139,128,11,11
11286,94,89,5,5
11287,79,68,11,11
11288,171,156,15,15
11289,139,128,11,11
11290,85,86,-1,1
11291,86,83,3,3
11292,114,101,13,13
11293,134,119,15,15
11294,51,49,2,2
11295,47,52,-5,5
11296,56,64,-8,8
11297,72,72,0,0
11298,96,101,-5,5
11299,143,136,7,7
11300,115,99,16,16
11301,99,103,-4,4
11302,91,98,-7,7
11303,85,85,0,0
11304,151,127,24,24
11305,42,54,-12,12
11306,125,113,12,12
11307,41,71,-30,30
11308,137,113,24,24
11309,100,94,6,6
11310,143,120,23,23
11311,174,163,11,11
11312,81,78,3,3
11313,106,100,6,6
11314,150,134,16,16
11315,66,68,-2,2
11316,119,110,9,9
11317,133,111,22,22
11318,58,63,-5,5
11319,90,93,-3,3
11320,111,108,3,3
11321,157,133,24,24
11322,106,100,6,6
11323,121,113,8,8
11324,61,66,-5,5
11325,111,107,4,4
11326,88,86,2,2
11327,81,83,-2,2
11328,93,87,6,6
11329,77,77,0,0
11330,163,138,25,25
11331,104,100,4,4
11332,76,70,6,6
11333,52,52,0,0
11334,87,93,-6,6
11335,104,96,8,8
11336,62,58,4,4
11337,112,108,4,4
11338,76,81,-5,5
11339,129,125,4,4
11340,106,112,-6,6
11341,63,66,-3,3
11342,87,86,1,1
11343,106,106,0,0
11344,86,72,14,14
11345,88,83,5,5
11346,89,87,2,2
11347,71,74,-3,3
11348,116,98,18,18
11349,55,59,-4,4
11350,83,91,-8,8
11351,64,68,-4,4
11352,71,68,3,3
11353,128,112,16,16
11354,57,57,0,0
11355,127,123,4,4
11356,47,42,5,5
11357,94,87,7,7
11358,60,55,5,5
11359,60,68,-8,8
11360,55,67,-12,12
11361,97,98,-1,1
11362,82,82,0,0
11363,109,101,8,8
11364,111,102,9,9
11365,61,59,2,2
11366,70,76,-6,6
11367,79,76,3,3
11368,107,103,4,4
11369,89,85,4,4
11370,60,54,6,6
11371,147,140,7,7
11372,83,80,3,3
11373,104,101,3,3
11374,134,133,1,1
11375,88,85,3,3
11376,35,38,-3,3
11377,117,127,-10,10
11378,78,75,3,3
11379,149,132,17,17
11380,85,84,1,1
11381,97,93,4,4
11382,115,119,-4,4
11383,109,90,19,19
11384,81,79,2,2
11385,81,86,-5,5
11386,93,98,-5,5
11387,123,127,-4,4
11388,95,93,2,2
11389,102,93,9,9
11390,57,53,4,4
11391,179,177,2,2
11392,126,125,1,1
11393,62,60,2,2
11394,65,75,-10,10
11395,109,98,11,11
11396,74,73,1,1
11397,113,107,6,6
11398,121,109,12,12
11399,114,105,9,9
11400,63,66,-3,3
11401,103,104,-1,1
11402,80,74,6,6
11403,45,74,-29,29
11404,93,90,3,3
11405,121,107,14,14
11406,166,162,4,4
11407,63,74,-11,11
11408,66,58,8,8
11409,55,76,-21,21
11410,116,112,4,4
11411,96,92,4,4
11412,76,72,4,4
11413,54,64,-10,10
11414,108,106,2,2
11415,51,51,0,0
11416,109,103,6,6
11417,75,72,3,3
11418,86,89,-3,3
11419,82,91,-9,9
11420,36,43,-7,7
11421,64,66,-2,2
11422,119,102,17,17
11423,53,59,-6,6
11424,73,75,-2,2
11425,58,52,6,6
11426,41,45,-4,4
11427,58,67,-9,9
11428,118,113,5,5
11429,134,119,15,15
11430,75,74,1,1
11431,50,54,-4,4
11432,98,96,2,2
11433,33,39,-6,6
11434,109,98,11,11
11435,79,83,-4,4
11436,60,59,1,1
11437,100,101,-1,1
11438,85,75,10,10
11439,75,78,-3,3
11440,82,73,9,9
11441,57,59,-2,2
11442,164,158,6,6
11443,157,145,12,12
11444,76,72,4,4
11445,72,75,-3,3
11446,57,80,-23,23
11447,96,109,-13,13
11448,90,85,5,5
11449,100,93,7,7
11450,129,119,10,10
11451,91,82,9,9
11452,98,93,5,5
11453,102,97,5,5
11454,198,196,2,2
11455,78,72,6,6
11456,60,59,1,1
11457,173,163,10,10
11458,98,95,3,3
11459,72,71,1,1
11460,90,117,-27,27
11461,170,156,14,14
11462,163,143,20,20
11463,77,77,0,0
11464,66,74,-8,8
11465,67,64,3,3
11466,66,78,-12,12
11467,99,86,13,13
11468,86,83,3,3
11469,85,86,-1,1
11470,71,69,2,2
11471,136,123,13,13
11472,86,79,7,7
11473,60,63,-3,3
11474,119,117,2,2
11475,132,130,2,2
11476,114,111,3,3
11477,66,67,-1,1
11478,147,133,14,14
11479,90,91,-1,1
11480,112,104,8,8
11481,68,62,6,6
11482,119,109,10,10
11483,121,113,8,8
11484,70,94,-24,24
11485,124,112,12,12
11486,47,51,-4,4
11487,70,77,-7,7
11488,80,71,9,9
11489,44,46,-2,2
11490,75,78,-3,3
11491,65,69,-4,4
11492,80,71,9,9
11493,95,92,3,3
11494,124,115,9,9
11495,50,56,-6,6
11496,133,118,15,15
11497,77,75,2,2
11498,105,102,3,3
11499,70,66,4,4
11500,86,83,3,3
11501,97,84,13,13
11502,80,74,6,6
11503,98,104,-6,6
11504,106,106,0,0
11505,74,69,5,5
11506,66,67,-1,1
11507,118,117,1,1
11508,110,94,16,16
11509,156,141,15,15
11510,67,65,2,2
11511,170,138,32,32
11512,117,102,15,15
11513,101,97,4,4
11514,130,120,10,10
11515,93,99,-6,6
11516,105,98,7,7
11517,41,63,-22,22
11518,84,69,15,15
11519,59,60,-1,1
11520,141,131,10,10
11521,47,66,-19,19
11522,114,92,22,22
11523,137,127,10,10
11524,126,131,-5,5
11525,62,63,-1,1
11526,111,105,6,6
11527,74,78,-4,4
11528,81,75,6,6
11529,160,150,10,10
11530,102,97,5,5
11531,91,82,9,9
11532,83,84,-1,1
11533,72,61,11,11
11534,68,73,-5,5
11535,126,111,15,15
11536,77,79,-2,2
11537,160,135,25,25
11538,106,103,3,3
11539,81,81,0,0
11540,170,135,35,35
11541,131,122,9,9
11542,50,65,-15,15
11543,115,105,10,10
11544,70,74,-4,4
11545,109,112,-3,3
11546,72,66,6,6
11547,74,75,-1,1
11548,67,68,-1,1
11549,81,76,5,5
11550,83,82,1,1
11551,105,100,5,5
11552,95,99,-4,4
11553,133,117,16,16
11554,115,121,-6,6
11555,98,89,9,9
11556,55,43,12,12
11557,109,104,5,5
11558,50,59,-9,9
11559,145,131,14,14
11560,89,75,14,14
11561,85,85,0,0
11562,85,83,2,2
11563,65,83,-18,18
11564,86,86,0,0
11565,105,92,13,13
11566,53,52,1,1
11567,60,61,-1,1
11568,121,109,12,12
11569,52,64,-12,12
11570,53,54,-1,1
11571,164,155,9,9
11572,92,95,-3,3
11573,100,99,1,1
11574,111,104,7,7
11575,67,64,3,3
11576,169,151,18,18
11577,86,81,5,5
11578,51,49,2,2
11579,96,93,3,3
11580,97,79,18,18
11581,82,70,12,12
11582,75,77,-2,2
11583,103,95,8,8
11584,91,82,9,9
11585,108,105,3,3
11586,85,87,-2,2
11587,137,129,8,8
11588,88,89,-1,1
11589,167,149,18,18
11590,65,68,-3,3
11591,92,81,11,11
11592,98,86,12,12
11593,68,69,-1,1
11594,65,62,3,3
11595,60,56,4,4
11596,71,65,6,6
11597,50,47,3,3
11598,79,83,-4,4
11599,102,94,8,8
11600,85,79,6,6
11601,69,66,3,3
11602,105,102,3,3
11603,114,105,9,9
11604,77,76,1,1
11605,70,62,8,8
11606,80,79,1,1
11607,137,137,0,0
11608,105,98,7,7
11609,83,88,-5,5
11610,95,91,4,4
11611,70,77,-7,7
11612,183,169,14,14
11613,50,52,-2,2
11614,164,155,9,9
11615,125,111,14,14
11616,90,86,4,4
11617,108,101,7,7
11618,150,141,9,9
11619,90,80,10,10
11620,73,69,4,4
11621,86,93,-7,7
11622,91,97,-6,6
11623,108,103,5,5
11624,120,110,10,10
11625,127,99,28,28
11626,65,58,7,7
11627,121,91,30,30
11628,80,72,8,8
11629,89,71,18,18
11630,81,74,7,7
11631,96,73,23,23
11632,119,111,8,8
11633,118,116,2,2
11634,128,127,1,1
11635,56,69,-13,13
11636,56,62,-6,6
11637,86,79,7,7
11638,79,76,3,3
11639,116,102,14,14
11640,69,73,-4,4
11641,111,90,21,21
11642,81,93,-12,12
11643,56,58,-2,2
11644,119,119,0,0
11645,82,73,9,9
11646,81,76,5,5
11647,136,117,19,19
11648,127,127,0,0
11649,108,113,-5,5
11650,129,125,4,4
11651,74,93,-19,19
11652,63,73,-10,10
11653,168,150,18,18
11654,100,99,1,1
11655,66,68,-2,2
11656,70,77,-7,7
11657,101,94,7,7
11658,112,98,14,14
11659,102,87,15,15
11660,124,119,5,5
11661,82,79,3,3
11662,94,92,2,2
11663,70,80,-10,10
11664,72,77,-5,5
11665,67,66,1,1
11666,117,125,-8,8
11667,47,46,1,1
11668,110,95,15,15
11669,93,87,6,6
11670,64,63,1,1
11671,134,132,2,2
11672,66,60,6,6
11673,69,65,4,4
11674,99,104,-5,5
11675,137,123,14,14
11676,58,63,-5,5
11677,85,78,7,7
11678,94,85,9,9
11679,104,99,5,5
11680,108,102,6,6
11681,89,85,4,4
11682,176,161,15,15
11683,88,88,0,0
11684,46,50,-4,4
11685,94,93,1,1
11686,162,152,10,10
11687,92,87,5,5
11688,96,88,8,8
11689,124,118,6,6
11690,74,82,-8,8
11691,68,74,-6,6
11692,67,70,-3,3
11693,90,91,-1,1
11694,87,80,7,7
11695,86,78,8,8
11696,68,71,-3,3
11697,90,84,6,6
11698,77,79,-2,2
11699,126,104,22,22
11700,126,113,13,13
11701,94,95,-1,1
11702,172,165,7,7
11703,63,88,-25,25
11704,101,93,8,8
11705,148,139,9,9
11706,87,91,-4,4
11707,127,111,16,16
11708,121,99,22,22
11709,142,141,1,1
11710,73,72,1,1
11711,71,71,0,0
11712,103,125,-22,22
11713,39,40,-1,1
11714,99,100,-1,1
11715,69,66,3,3
11716,182,162,20,20
11717,138,157,-19,19
11718,142,130,12,12
11719,114,117,-3,3
11720,54,48,6,6
11721,93,85,8,8
11722,110,100,10,10
11723,38,45,-7,7
11724,133,131,2,2
11725,143,129,14,14
11726,125,123,2,2
11727,69,67,2,2
11728,120,116,4,4
11729,121,126,-5,5
11730,71,65,6,6
11731,97,91,6,6
11732,104,97,7,7
11733,97,91,6,6
11734,47,50,-3,3
11735,184,167,17,17
11736,110,117,-7,7
11737,67,69,-2,2
11738,106,102,4,4
11739,66,74,-8,8
11740,118,105,13,13
11741,81,80,1,1
11742,83,82,1,1
11743,64,73,-9,9
11744,70,60,10,10
11745,50,49,1,1
11746,93,82,11,11
11747,157,134,23,23
11748,51,50,1,1
11749,77,74,3,3
11750,87,82,5,5
11751,119,109,10,10
11752,115,104,11,11
11753,85,72,13,13
11754,63,78,-15,15
11755,91,95,-4,4
11756,67,67,0,0
11757,64,68,-4,4
11758,127,133,-6,6
11759,67,69,-2,2
11760,71,70,1,1
11761,96,83,13,13
11762,111,107,4,4
11763,62,62,0,0
11764,77,71,6,6
11765,174,169,5,5
11766,138,121,17,17
11767,65,66,-1,1
11768,116,107,9,9
11769,47,52,-5,5
11770,119,112,7,7
11771,94,82,12,12
11772,122,116,6,6
11773,92,96,-4,4
11774,148,124,24,24
11775,67,71,-4,4
11776,101,99,2,2
11777,86,83,3,3
11778,53,49,4,4
11779,77,79,-2,2
11780,126,110,16,16
11781,74,69,5,5
11782,91,90,1,1
11783,81,83,-2,2
11784,43,45,-2,2
11785,114,103,11,11
11786,79,82,-3,3
11787,96,87,9,9
11788,106,94,12,12
11789,79,85,-6,6
11790,120,128,-8,8
11791,107,105,2,2
11792,98,92,6,6
11793,47,47,0,0
11794,76,77,-1,1
11795,85,82,3,3
11796,67,78,-11,11
11797,79,75,4,4
11798,90,98,-8,8
11799,84,75,9,9
11800,152,137,15,15
11801,152,134,18,18
11802,87,83,4,4
11803,65,65,0,0
11804,83,80,3,3
11805,205,186,19,19
11806,151,145,6,6
11807,114,95,19,19
11808,83,83,0,0
11809,66,72,-6,6
11810,66,70,-4,4
11811,105,96,9,9
11812,176,159,17,17
11813,166,158,8,8
11814,185,166,19,19
11815,108,104,4,4
11816,95,91,4,4
11817,67,80,-13,13
11818,87,88,-1,1
11819,82,83,-1,1
11820,121,111,10,10
11821,71,77,-6,6
11822,62,68,-6,6
11823,113,88,25,25
11824,104,97,7,7
11825,68,69,-1,1
11826,93,95,-2,2
11827,74,67,7,7
11828,60,62,-2,2
11829,80,86,-6,6
11830,70,73,-3,3
11831,75,77,-2,2
11832,76,67,9,9
11833,75,70,5,5
11834,80,70,10,10
11835,45,53,-8,8
11836,93,106,-13,13
11837,99,105,-6,6
11838,77,76,1,1
11839,89,84,5,5
11840,143,149,-6,6
11841,83,90,-7,7
11842,102,97,5,5
11843,122,118,4,4
11844,118,107,11,11
11845,132,107,25,25
11846,102,108,-6,6
11847,75,68,7,7
11848,105,105,0,0
11849,124,112,12,12
11850,75,71,4,4
11851,47,49,-2,2
11852,130,127,3,3
11853,147,133,14,14
11854,134,121,13,13
11855,71,72,-1,1
11856,72,69,3,3
11857,42,48,-6,6
11858,97,89,8,8
11859,99,104,-5,5
11860,147,144,3,3
11861,127,122,5,5
11862,65,62,3,3
11863,73,88,-15,15
11864,54,60,-6,6
11865,87,85,2,2
11866,125,127,-2,2
11867,120,119,1,1
11868,75,72,3,3
11869,101,102,-1,1
11870,139,129,10,10
11871,93,85,8,8
11872,85,87,-2,2
11873,162,145,17,17
11874,158,144,14,14
11875,234,196,38,38
11876,76,77,-1,1
11877,68,65,3,3
11878,60,57,3,3
11879,115,102,13,13
11880,92,89,3,3
11881,99,78,21,21
11882,95,90,5,5
11883,69,80,-11,11
11884,53,62,-9,9
11885,100,93,7,7
11886,157,145,12,12
11887,103,95,8,8
11888,117,113,4,4
11889,100,94,6,6
11890,95,87,8,8
11891,146,127,19,19
11892,97,89,8,8
11893,49,46,3,3
11894,83,84,-1,1
11895,89,78,11,11
11896,97,98,-1,1
11897,98,97,1,1
11898,99,96,3,3
11899,52,62,-10,10
11900,92,90,2,2
11901,128,132,-4,4
11902,60,55,5,5
11903,47,49,-2,2
11904,106,96,10,10
11905,78,68,10,10
11906,143,137,6,6
11907,90,85,5,5
11908,125,115,10,10
11909,80,87,-7,7
11910,114,105,9,9
11911,161,143,18,18
11912,120,110,10,10
11913,41,64,-23,23
11914,38,45,-7,7
11915,105,110,-5,5
11916,48,45,3,3
11917,58,60,-2,2
11918,112,103,9,9
11919,59,60,-1,1
11920,76,77,-1,1
11921,118,112,6,6
11922,77,72,5,5
11923,51,55,-4,4
11924,76,67,9,9
11925,56,58,-2,2
11926,40,48,-8,8
11927,69,69,0,0
11928,77,75,2,2
11929,91,89,2,2
11930,149,143,6,6
11931,110,104,6,6
11932,115,116,-1,1
11933,117,108,9,9
11934,93,86,7,7
11935,31,36,-5,5
11936,111,123,-12,12
11937,79,85,-6,6
11938,72,72,0,0
11939,44,51,-7,7
11940,89,88,1,1
11941,51,53,-2,2
11942,186,181,5,5
11943,144,127,17,17
11944,98,88,10,10
11945,68,67,1,1
11946,82,80,2,2
11947,110,103,7,7
11948,101,77,24,24
11949,73,74,-1,1
11950,106,104,2,2
11951,50,52,-2,2
11952,128,120,8,8
11953,82,87,-5,5
11954,39,63,-24,24
11955,57,56,1,1
11956,100,95,5,5
11957,132,123,9,9
11958,58,60,-2,2
11959,65,64,1,1
11960,46,51,-5,5
11961,90,84,6,6
11962,132,120,12,12
11963,84,86,-2,2
11964,95,90,5,5
11965,152,145,7,7
11966,67,67,0,0
11967,96,101,-5,5
11968,78,80,-2,2
11969,99,86,13,13
11970,71,76,-5,5
11971,116,105,11,11
11972,122,119,3,3
11973,81,77,4,4
11974,42,48,-6,6
11975,121,116,5,5
11976,144,133,11,11
11977,190,186,4,4
11978,132,121,11,11
11979,112,96,16,16
11980,106,87,19,19
11981,104,92,12,12
11982,79,73,6,6
11983,81,81,0,0
11984,92,108,-16,16
11985,55,58,-3,3
11986,85,73,12,12
11987,72,70,2,2
11988,48,47,1,1
11989,92,101,-9,9
11990,44,48,-4,4
11991,112,102,10,10
11992,118,108,10,10
11993,74,78,-4,4
11994,102,89,13,13
11995,93,98,-5,5
11996,113,100,13,13
11997,89,90,-1,1
11998,133,128,5,5
11999,45,50,-5,5
12000,53,52,1,1
12001,139,131,8,8
12002,61,62,-1,1
12003,85,98,-13,13
12004,67,64,3,3
12005,81,74,7,7
12006,33,36,-3,3
12007,74,76,-2,2
12008,81,78,3,3
12009,81,76,5,5
12010,114,105,9,9
12011,158,159,-1,1
12012,59,64,-5,5
12013,60,65,-5,5
12014,111,101,10,10
12015,102,96,6,6
12016,89,79,10,10
12017,80,75,5,5
12018,73,75,-2,2
12019,53,51,2,2
12020,124,116,8,8
12021,108,101,7,7
12022,101,86,15,15
12023,93,96,-3,3
12024,69,75,-6,6
12025,111,111,0,0
12026,74,77,-3,3
12027,80,76,4,4
12028,101,92,9,9
12029,127,139,-12,12
12030,78,73,5,5
12031,143,145,-2,2
12032,114,123,-9,9
12033,49,74,-25,25
12034,115,116,-1,1
12035,103,89,14,14
12036,84,88,-4,4
12037,88,87,1,1
12038,92,90,2,2
12039,108,107,1,1
12040,90,84,6,6
12041,65,67,-2,2
12042,60,60,0,0
12043,72,72,0,0
12044,129,136,-7,7
12045,76,74,2,2
12046,109,113,-4,4
12047,88,97,-9,9
12048,60,62,-2,2
12049,47,43,4,4
12050,100,90,10,10
12051,117,122,-5,5
12052,125,109,16,16
12053,113,101,12,12
12054,54,51,3,3
12055,111,114,-3,3
12056,156,138,18,18
12057,110,105,5,5
12058,82,92,-10,10
12059,114,102,12,12
12060,68,72,-4,4
12061,66,77,-11,11
12062,90,88,2,2
12063,63,64,-1,1
12064,100,98,2,2
12065,66,68,-2,2
12066,141,130,11,11
12067,79,75,4,4
12068,104,86,18,18
12069,140,124,16,16
12070,72,72,0,0
12071,39,45,-6,6
12072,118,106,12,12
12073,97,84,13,13
12074,95,103,-8,8
12075,86,86,0,0
12076,90,85,5,5
12077,86,95,-9,9
12078,95,92,3,3
12079,118,105,13,13
12080,94,86,8,8
12081,130,127,3,3
12082,58,56,2,2
12083,121,122,-1,1
12084,125,123,2,2
12085,150,144,6,6
12086,102,95,7,7
12087,122,105,17,17
12088,109,103,6,6
12089,74,77,-3,3
12090,93,83,10,10
12091,53,56,-3,3
12092,117,118,-1,1
12093,93,92,1,1
12094,191,193,-2,2
12095,142,115,27,27
12096,123,106,17,17
12097,83,85,-2,2
12098,127,117,10,10
12099,83,82,1,1
12100,85,79,6,6
12101,83,84,-1,1
12102,94,83,11,11
12103,164,151,13,13
12104,72,63,9,9
12105,76,62,14,14
12106,122,104,18,18
12107,59,45,14,14
12108,87,85,2,2
12109,88,70,18,18
12110,61,59,2,2
12111,154,139,15,15
12112,159,142,17,17
12113,163,147,16,16
12114,104,95,9,9
12115,121,120,1,1
12116,116,103,13,13
12117,98,97,1,1
12118,84,86,-2,2
12119,42,44,-2,2
12120,78,74,4,4
12121,99,111,-12,12
12122,77,91,-14,14
12123,189,169,20,20
12124,66,80,-14,14
12125,144,142,2,2
12126,196,172,24,24
12127,107,100,7,7
12128,68,71,-3,3
12129,88,81,7,7
12130,36,43,-7,7
12131,107,96,11,11
12132,123,103,20,20
12133,62,60,2,2
12134,207,189,18,18
12135,89,86,3,3
12136,74,73,1,1
12137,87,85,2,2
12138,135,129,6,6
12139,72,66,6,6
12140,183,136,47,47
12141,118,122,-4,4
12142,110,85,25,25
12143,111,106,5,5
12144,122,105,17,17
12145,90,89,1,1
12146,121,117,4,4
12147,58,63,-5,5
12148,126,117,9,9
12149,105,94,11,11
12150,109,105,4,4
12151,71,74,-3,3
12152,148,137,11,11
12153,95,93,2,2
12154,103,98,5,5
12155,90,89,1,1
12156,77,77,0,0
12157,126,116,10,10
12158,141,132,9,9
12159,134,118,16,16
12160,49,45,4,4
12161,99,95,4,4
12162,130,115,15,15
12163,74,69,5,5
12164,64,64,0,0
12165,196,165,31,31
12166,106,112,-6,6
12167,100,100,0,0
12168,88,84,4,4
12169,116,107,9,9
12170,107,106,1,1
12171,128,125,3,3
12172,93,82,11,11
12173,150,130,20,20
12174,92,82,10,10
12175,96,85,11,11
12176,115,107,8,8
12177,111,99,12,12
12178,87,88,-1,1
12179,69,69,0,0
12180,139,144,-5,5
12181,104,101,3,3
12182,115,113,2,2
12183,114,105,9,9
12184,58,55,3,3
12185,77,73,4,4
12186,79,85,-6,6
12187,114,110,4,4
12188,111,114,-3,3
12189,102,95,7,7
12190,161,156,5,5
12191,197,182,15,15
12192,72,70,2,2
12193,142,137,5,5
12194,49,59,-10,10
12195,63,64,-1,1
12196,135,130,5,5
12197,192,169,23,23
12198,47,52,-5,5
12199,110,105,5,5
12200,71,71,0,0
12201,108,112,-4,4
12202,137,135,2,2
12203,128,116,12,12
12204,137,132,5,5
12205,148,141,7,7
12206,82,82,0,0
12207,70,78,-8,8
12208,60,55,5,5
12209,115,105,10,10
12210,76,74,2,2
12211,86,78,8,8
12212,97,94,3,3
12213,122,116,6,6
12214,104,96,8,8
12215,149,149,0,0
12216,73,73,0,0
12217,88,83,5,5
12218,93,84,9,9
12219,94,90,4,4
12220,110,99,11,11
12221,56,72,-16,16
12222,66,69,-3,3
12223,73,75,-2,2
12224,96,98,-2,2
12225,121,110,11,11
12226,122,121,1,1
12227,94,91,3,3
12228,88,100,-12,12
12229,130,128,2,2
12230,63,71,-8,8
12231,141,127,14,14
12232,54,62,-8,8
12233,73,73,0,0
12234,71,70,1,1
12235,95,85,10,10
12236,121,104,17,17
12237,73,74,-1,1
12238,125,121,4,4
12239,67,75,-8,8
12240,121,109,12,12
12241,109,107,2,2
12242,64,65,-1,1
12243,96,90,6,6
12244,119,125,-6,6
12245,93,98,-5,5
12246,75,75,0,0
12247,95,92,3,3
12248,66,69,-3,3
12249,99,95,4,4
12250,47,45,2,2
12251,84,95,-11,11
12252,165,195,-30,30
12253,97,89,8,8
12254,73,77,-4,4
12255,37,45,-8,8
12256,104,93,11,11
12257,71,70,1,1
12258,65,66,-1,1
12259,66,55,11,11
12260,63,59,4,4
12261,96,97,-1,1
12262,130,122,8,8
12263,141,135,6,6
12264,86,100,-14,14
12265,108,107,1,1
12266,128,113,15,15
12267,118,106,12,12
12268,83,79,4,4
12269,68,70,-2,2
12270,84,82,2,2
12271,105,96,9,9
12272,61,75,-14,14
12273,73,74,-1,1
12274,65,68,-3,3
12275,131,109,22,22
12276,118,108,10,10
12277,93,90,3,3
12278,76,70,6,6
12279,75,71,4,4
12280,65,71,-6,6
12281,70,65,5,5
12282,140,138,2,2
12283,95,89,6,6
12284,145,121,24,24
12285,82,71,11,11
12286,185,161,24,24
12287,71,70,1,1
12288,100,105,-5,5
12289,99,89,10,10
12290,64,66,-2,2
12291,65,66,-1,1
12292,51,52,-1,1
12293,79,89,-10,10
12294,50,54,-4,4
12295,128,135,-7,7
12296,109,98,11,11
12297,106,87,19,19
12298,50,51,-1,1
12299,126,117,9,9
12300,105,100,5,5
12301,39,51,-12,12
12302,70,68,2,2
12303,134,107,27,27
12304,46,50,-4,4
12305,81,82,-1,1
12306,115,108,7,7
12307,56,63,-7,7
12308,90,82,8,8
12309,107,99,8,8
12310,38,46,-8,8
12311,112,102,10,10
12312,86,86,0,0
12313,102,98,4,4
12314,81,84,-3,3
12315,133,122,11,11
12316,65,63,2,2
12317,67,76,-9,9
12318,63,67,-4,4
12319,105,96,9,9
12320,81,82,-1,1
12321,97,98,-1,1
12322,96,100,-4,4
12323,113,123,-10,10
12324,91,91,0,0
12325,67,78,-11,11
12326,85,83,2,2
12327,102,101,1,1
12328,76,76,0,0
12329,190,189,1,1
12330,63,68,-5,5
12331,87,73,14,14
12332,140,128,12,12
12333,113,97,16,16
12334,102,97,5,5
12335,62,55,7,7
12336,57,55,2,2
12337,48,56,-8,8
12338,62,55,7,7
12339,94,103,-9,9
12340,95,100,-5,5
12341,183,167,16,16
12342,80,80,0,0
12343,164,157,7,7
12344,66,57,9,9
12345,67,79,-12,12
12346,103,94,9,9
12347,69,79,-10,10
12348,118,112,6,6
12349,78,71,7,7
12350,66,65,1,1
12351,94,89,5,5
12352,92,89,3,3
12353,142,126,16,16
12354,55,66,-11,11
12355,101,101,0,0
12356,79,72,7,7
12357,122,121,1,1
12358,123,106,17,17
12359,38,36,2,2
12360,65,76,-11,11
12361,138,118,20,20
12362,76,74,2,2
12363,114,112,2,2
12364,79,83,-4,4
12365,114,103,11,11
12366,68,68,0,0
12367,78,74,4,4
12368,93,95,-2,2
12369,103,103,0,0
12370,163,132,31,31
12371,101,104,-3,3
12372,126,117,9,9
12373,67,65,2,2
12374,78,77,1,1
12375,116,108,8,8
12376,128,126,2,2
12377,91,83,8,8
12378,142,126,16,16
12379,65,64,1,1
12380,145,153,-8,8
12381,61,54,7,7
12382,136,106,30,30
12383,84,79,5,5
12384,98,89,9,9
12385,87,87,0,0
12386,107,104,3,3
12387,115,125,-10,10
12388,106,94,12,12
12389,93,94,-1,1
12390,80,70,10,10
12391,130,113,17,17
12392,115,101,14,14
12393,97,106,-9,9
12394,92,90,2,2
12395,88,84,4,4
12396,66,65,1,1
12397,66,65,1,1
12398,87,88,-1,1
12399,106,101,5,5
12400,70,79,-9,9
12401,180,163,17,17
12402,87,95,-8,8
12403,89,81,8,8
12404,92,94,-2,2
12405,125,106,19,19
12406,88,98,-10,10
12407,109,104,5,5
12408,35,42,-7,7
12409,67,74,-7,7
12410,117,111,6,6
12411,190,170,20,20
12412,114,110,4,4
12413,137,130,7,7
12414,138,144,-6,6
12415,129,131,-2,2
12416,106,88,18,18
12417,63,67,-4,4
12418,58,65,-7,7
12419,57,65,-8,8
12420,86,89,-3,3
12421,104,95,9,9
12422,97,95,2,2
12423,101,97,4,4
12424,137,122,15,15
12425,64,51,13,13
12426,176,188,-12,12
12427,93,85,8,8
12428,120,112,8,8
12429,108,104,4,4
12430,70,70,0,0
12431,97,90,7,7
12432,83,85,-2,2
12433,83,77,6,6
12434,150,151,-1,1
12435,64,69,-5,5
12436,89,79,10,10
12437,96,91,5,5
12438,114,108,6,6
12439,119,118,1,1
12440,61,56,5,5
12441,96,90,6,6
12442,105,101,4,4
12443,61,61,0,0
12444,141,131,10,10
12445,86,81,5,5
12446,87,84,3,3
12447,90,78,12,12
12448,105,106,-1,1
12449,91,83,8,8
12450,111,113,-2,2
12451,76,77,-1,1
12452,87,87,0,0
12453,91,91,0,0
12454,107,110,-3,3
12455,110,106,4,4
12456,124,125,-1,1
12457,128,116,12,12
12458,109,105,4,4
12459,71,66,5,5
12460,87,76,11,11
12461,148,139,9,9
12462,107,96,11,11
12463,134,131,3,3
12464,23,29,-6,6
12465,119,129,-10,10
12466,91,83,8,8
12467,25,38,-13,13
12468,61,75,-14,14
12469,101,97,4,4
12470,72,69,3,3
12471,95,98,-3,3
12472,47,41,6,6
12473,97,93,4,4
12474,81,80,1,1
12475,59,56,3,3
12476,77,70,7,7
12477,138,117,21,21
12478,120,110,10,10
12479,136,133,3,3
12480,79,80,-1,1
12481,63,64,-1,1
12482,102,97,5,5
12483,158,142,16,16
12484,73,75,-2,2
12485,53,48,5,5
12486,83,84,-1,1
12487,155,127,28,28
12488,139,123,16,16
12489,93,83,10,10
12490,128,127,1,1
12491,98,103,-5,5
12492,96,88,8,8
12493,153,140,13,13
12494,104,101,3,3
12495,115,96,19,19
12496,72,73,-1,1
12497,90,83,7,7
12498,127,133,-6,6
12499,112,123,-11,11
12500,64,72,-8,8
12501,73,67,6,6
12502,72,76,-4,4
12503,73,88,-15,15
12504,56,58,-2,2
12505,106,96,10,10
12506,144,129,15,15
12507,47,69,-22,22
12508,147,138,9,9
12509,95,92,3,3
12510,76,83,-7,7
12511,128,125,3,3
12512,81,71,10,10
12513,79,83,-4,4
12514,86,81,5,5
12515,44,51,-7,7
12516,87,87,0,0
12517,102,101,1,1
12518,116,114,2,2
12519,105,100,5,5
12520,113,121,-8,8
12521,152,134,18,18
12522,175,159,16,16
12523,70,68,2,2
12524,173,157,16,16
12525,87,80,7,7
12526,102,92,10,10
12527,88,87,1,1
12528,76,73,3,3
12529,110,99,11,11
12530,99,100,-1,1
12531,71,70,1,1
12532,75,72,3,3
12533,105,99,6,6
12534,153,151,2,2
12535,100,109,-9,9
12536,90,85,5,5
12537,83,97,-14,14
12538,82,82,0,0
12539,49,54,-5,5
12540,69,69,0,0
12541,113,110,3,3
12542,63,66,-3,3
12543,58,59,-1,1
12544,65,66,-1,1
12545,145,141,4,4
12546,50,50,0,0
12547,83,88,-5,5
12548,100,95,5,5
12549,76,72,4,4
12550,72,69,3,3
12551,71,88,-17,17
12552,106,97,9,9
12553,127,131,-4,4
12554,96,88,8,8
12555,67,69,-2,2
12556,140,131,9,9
12557,56,53,3,3
12558,108,103,5,5
12559,94,87,7,7
12560,59,57,2,2
12561,84,86,-2,2
12562,96,94,2,2
12563,92,100,-8,8
12564,186,175,11,11
12565,62,64,-2,2
12566,164,145,19,19
12567,49,50,-1,1
12568,62,58,4,4
12569,50,61,-11,11
12570,128,116,12,12
12571,57,66,-9,9
12572,69,69,0,0
12573,48,56,-8,8
12574,132,119,13,13
12575,140,139,1,1
12576,107,100,7,7
12577,80,80,0,0
12578,78,76,2,2
12579,140,112,28,28
12580,78,77,1,1
12581,123,108,15,15
12582,87,93,-6,6
12583,91,103,-12,12
12584,119,123,-4,4
12585,107,103,4,4
12586,52,52,0,0
12587,61,71,-10,10
12588,102,91,11,11
12589,79,72,7,7
12590,81,76,5,5
12591,72,69,3,3
12592,74,81,-7,7
12593,73,65,8,8
12594,114,85,29,29
12595,127,119,8,8
12596,92,79,13,13
12597,118,121,-3,3
12598,115,185,-70,70
12599,73,70,3,3
12600,93,92,1,1
12601,70,71,-1,1
12602,73,70,3,3
12603,107,116,-9,9
12604,96,97,-1,1
12605,101,83,18,18
12606,76,87,-11,11
12607,85,76,9,9
12608,111,100,11,11
12609,42,49,-7,7
12610,69,67,2,2
12611,97,85,12,12
12612,90,84,6,6
12613,96,89,7,7
12614,114,131,-17,17
12615,121,111,10,10
12616,68,70,-2,2
12617,45,43,2,2
12618,73,73,0,0
12619,109,100,9,9
12620,175,165,10,10
12621,90,81,9,9
12622,70,69,1,1
12623,85,84,1,1
12624,62,65,-3,3
12625,89,90,-1,1
12626,132,122,10,10
12627,155,138,17,17
12628,99,97,2,2
12629,60,57,3,3
12630,110,99,11,11
12631,87,83,4,4
12632,98,103,-5,5
12633,80,90,-10,10
12634,127,119,8,8
12635,172,152,20,20
12636,181,168,13,13
12637,130,117,13,13
12638,76,71,5,5
12639,86,80,6,6
12640,105,97,8,8
12641,105,110,-5,5
12642,56,64,-8,8
12643,65,70,-5,5
12644,42,46,-4,4
12645,120,108,12,12
12646,65,64,1,1
12647,76,80,-4,4
12648,134,120,14,14
12649,28,66,-38,38
12650,96,90,6,6
12651,92,90,2,2
12652,53,49,4,4
12653,66,62,4,4
12654,79,73,6,6
12655,101,109,-8,8
12656,78,94,-16,16
12657,88,91,-3,3
12658,136,123,13,13
12659,142,135,7,7
12660,73,63,10,10
12661,97,85,12,12
12662,80,73,7,7
12663,51,54,-3,3
12664,69,79,-10,10
12665,52,49,3,3
12666,57,56,1,1
12667,100,104,-4,4
12668,147,140,7,7
12669,129,124,5,5
12670,92,97,-5,5
12671,107,90,17,17
12672,99,103,-4,4
12673,89,91,-2,2
12674,58,57,1,1
12675,103,87,16,16
12676,33,43,-10,10
12677,103,90,13,13
12678,88,88,0,0
12679,81,80,1,1
12680,53,53,0,0
12681,70,78,-8,8
12682,32,43,-11,11
12683,88,83,5,5
12684,99,111,-12,12
12685,110,106,4,4
12686,78,78,0,0
12687,99,95,4,4
12688,46,51,-5,5
12689,136,114,22,22
12690,75,70,5,5
12691,117,96,21,21
12692,93,80,13,13
12693,132,128,4,4
12694,70,71,-1,1
12695,69,73,-4,4
12696,49,42,7,7
12697,71,64,7,7
12698,118,112,6,6
12699,97,94,3,3
12700,76,87,-11,11
12701,195,149,46,46
12702,128,119,9,9
12703,66,56,10,10
12704,120,117,3,3
12705,73,76,-3,3
12706,62,68,-6,6
12707,104,86,18,18
12708,94,98,-4,4
12709,94,84,10,10
12710,110,95,15,15
12711,96,89,7,7
12712,107,98,9,9
12713,77,83,-6,6
12714,91,95,-4,4
12715,63,57,6,6
12716,128,109,19,19
12717,77,73,4,4
12718,67,73,-6,6
12719,124,107,17,17
12720,94,89,5,5
12721,64,64,0,0
12722,74,75,-1,1
12723,88,87,1,1
12724,70,72,-2,2
12725,78,75,3,3
12726,66,76,-10,10
12727,104,104,0,0
12728,134,139,-5,5
12729,92,83,9,9
12730,74,67,7,7
12731,93,85,8,8
12732,98,91,7,7
12733,100,89,11,11
12734,87,89,-2,2
12735,101,93,8,8
12736,49,49,0,0
12737,121,110,11,11
12738,84,94,-10,10
12739,158,151,7,7
12740,115,103,12,12
12741,125,110,15,15
12742,53,46,7,7
12743,80,84,-4,4
12744,68,64,4,4
12745,103,95,8,8
12746,107,104,3,3
12747,77,87,-10,10
12748,100,102,-2,2
12749,120,120,0,0
12750,91,87,4,4
12751,77,62,15,15
12752,132,119,13,13
12753,131,120,11,11
12754,43,64,-21,21
12755,45,46,-1,1
12756,124,113,11,11
12757,86,78,8,8
12758,107,98,9,9
12759,82,87,-5,5
12760,204,183,21,21
12761,107,97,10,10
12762,120,121,-1,1
12763,140,131,9,9
12764,153,137,16,16
12765,83,82,1,1
12766,47,48,-1,1
12767,91,81,10,10
12768,68,53,15,15
12769,56,54,2,2
12770,77,81,-4,4
12771,37,46,-9,9
12772,117,105,12,12
12773,85,82,3,3
12774,101,93,8,8
12775,67,77,-10,10
12776,118,125,-7,7
12777,56,66,-10,10
12778,68,66,2,2
12779,65,71,-6,6
12780,105,97,8,8
12781,102,103,-1,1
12782,116,105,11,11
12783,69,66,3,3
12784,79,76,3,3
12785,105,98,7,7
12786,101,78,23,23
12787,106,89,17,17
12788,89,81,8,8
12789,77,78,-1,1
12790,116,114,2,2
12791,111,100,11,11
12792,91,78,13,13
12793,74,70,4,4
12794,96,93,3,3
12795,119,122,-3,3
12796,124,116,8,8
12797,83,77,6,6
12798,59,67,-8,8
12799,87,84,3,3
12800,55,56,-1,1
12801,121,117,4,4
12802,94,89,5,5
12803,90,86,4,4
12804,181,166,15,15
12805,93,88,5,5
12806,72,72,0,0
12807,92,94,-2,2
12808,153,140,13,13
12809,55,57,-2,2
12810,61,64,-3,3
12811,99,91,8,8
12812,82,83,-1,1
12813,102,89,13,13
12814,148,140,8,8
12815,112,108,4,4
12816,172,169,3,3
12817,133,126,7,7
12818,97,94,3,3
12819,70,75,-5,5
12820,70,76,-6,6
12821,98,84,14,14
12822,96,104,-8,8
12823,69,66,3,3
12824,90,81,9,9
12825,138,126,12,12
12826,132,125,7,7
12827,153,152,1,1
12828,86,75,11,11
12829,108,98,10,10
12830,80,87,-7,7
12831,154,134,20,20
12832,116,118,-2,2
12833,103,94,9,9
12834,104,106,-2,2
12835,116,107,9,9
12836,107,91,16,16
12837,96,86,10,10
12838,90,89,1,1
12839,50,56,-6,6
12840,104,99,5,5
12841,72,64,8,8
12842,106,94,12,12
12843,87,83,4,4
12844,124,122,2,2
12845,27,35,-8,8
12846,133,123,10,10
12847,122,106,16,16
12848,124,135,-11,11
12849,89,91,-2,2
12850,97,120,-23,23
12851,84,87,-3,3
12852,140,142,-2,2
12853,136,124,12,12
12854,20,35,-15,15
12855,93,95,-2,2
12856,85,83,2,2
12857,74,76,-2,2
12858,103,91,12,12
12859,75,77,-2,2
12860,46,48,-2,2
12861,84,102,-18,18
12862,75,74,1,1
12863,53,50,3,3
12864,52,78,-26,26
12865,87,86,1,1
12866,109,95,14,14
12867,105,92,13,13
12868,67,67,0,0
12869,154,130,24,24
12870,84,84,0,0
12871,128,118,10,10
12872,113,115,-2,2
12873,87,75,12,12
12874,101,102,-1,1
12875,96,96,0,0
12876,39,46,-7,7
12877,133,125,8,8
12878,191,188,3,3
12879,60,61,-1,1
12880,125,115,10,10
12881,75,79,-4,4
12882,40,51,-11,11
12883,103,91,12,12
12884,79,76,3,3
12885,185,176,9,9
12886,124,113,11,11
12887,109,112,-3,3
12888,89,96,-7,7
12889,67,67,0,0
12890,47,42,5,5
12891,76,69,7,7
12892,122,122,0,0
12893,106,96,10,10
12894,142,120,22,22
12895,96,77,19,19
12896,52,50,2,2
12897,96,94,2,2
12898,117,120,-3,3
12899,69,75,-6,6
12900,89,81,8,8
12901,72,70,2,2
12902,180,165,15,15
12903,94,87,7,7
12904,53,58,-5,5
12905,93,96,-3,3
12906,161,139,22,22
12907,137,131,6,6
12908,129,124,5,5
12909,89,81,8,8
12910,102,97,5,5
12911,159,153,6,6
12912,67,69,-2,2
12913,67,75,-8,8
12914,97,93,4,4
12915,71,68,3,3
12916,153,148,5,5
12917,100,94,6,6
12918,92,97,-5,5
12919,79,81,-2,2
12920,79,82,-3,3
12921,73,68,5,5
12922,133,126,7,7
12923,51,52,-1,1
12924,139,125,14,14
12925,115,116,-1,1
12926,89,85,4,4
12927,124,120,4,4
12928,90,86,4,4
12929,128,122,6,6
12930,131,116,15,15
12931,71,67,4,4
12932,113,104,9,9
12933,127,129,-2,2
12934,61,67,-6,6
12935,113,109,4,4
12936,112,89,23,23
12937,75,73,2,2
12938,125,106,19,19
12939,73,73,0,0
12940,100,106,-6,6
12941,187,169,18,18
12942,101,91,10,10
12943,103,90,13,13
12944,99,105,-6,6
12945,65,64,1,1
12946,116,109,7,7
12947,97,106,-9,9
12948,83,86,-3,3
12949,90,101,-11,11
12950,101,100,1,1
12951,97,99,-2,2
12952,107,104,3,3
12953,119,125,-6,6
12954,78,70,8,8
12955,79,80,-1,1
12956,74,76,-2,2
12957,150,139,11,11
12958,83,89,-6,6
12959,131,139,-8,8
12960,68,74,-6,6
12961,222,186,36,36
12962,88,81,7,7
12963,109,95,14,14
12964,149,146,3,3
12965,82,89,-7,7
12966,33,38,-5,5
12967,97,104,-7,7
12968,88,87,1,1
12969,127,124,3,3
12970,70,71,-1,1
12971,86,79,7,7
12972,63,61,2,2
12973,101,97,4,4
12974,85,82,3,3
12975,97,84,13,13
12976,68,70,-2,2
12977,79,90,-11,11
12978,182,169,13,13
12979,68,72,-4,4
12980,68,68,0,0
12981,81,75,6,6
12982,118,105,13,13
12983,93,88,5,5
12984,117,97,20,20
12985,144,134,10,10
12986,134,117,17,17
12987,69,66,3,3
12988,133,125,8,8
12989,88,88,0,0
12990,63,52,11,11
12991,116,113,3,3
12992,113,120,-7,7
12993,103,91,12,12
12994,127,112,15,15
12995,116,113,3,3
12996,114,105,9,9
12997,123,112,11,11
12998,72,66,6,6
12999,107,96,11,11
13000,121,105,16,16
13001,100,88,12,12
13002,87,87,0,0
13003,102,90,12,12
13004,155,155,0,0
13005,72,77,-5,5
13006,84,84,0,0
13007,86,89,-3,3
13008,115,114,1,1
13009,100,94,6,6
13010,81,70,11,11
13011,51,51,0,0
13012,54,53,1,1
13013,86,81,5,5
13014,92,86,6,6
13015,60,63,-3,3
13016,112,109,3,3
13017,92,86,6,6
13018,87,85,2,2
13019,95,93,2,2
13020,80,75,5,5
13021,139,134,5,5
13022,103,95,8,8
13023,120,126,-6,6
13024,75,81,-6,6
13025,51,43,8,8
13026,76,71,5,5
13027,67,74,-7,7
13028,165,150,15,15
13029,84,88,-4,4
13030,83,90,-7,7
13031,61,57,4,4
13032,159,144,15,15
13033,64,72,-8,8
13034,140,134,6,6
13035,65,78,-13,13
13036,68,72,-4,4
13037,67,57,10,10
13038,87,88,-1,1
13039,109,107,2,2
13040,116,112,4,4
13041,94,108,-14,14
13042,135,120,15,15
13043,77,73,4,4
13044,55,54,1,1
13045,61,59,2,2
13046,73,74,-1,1
13047,139,116,23,23
13048,106,112,-6,6
13049,78,82,-4,4
13050,74,64,10,10
13051,99,92,7,7
13052,88,90,-2,2
13053,93,84,9,9
13054,69,66,3,3
13055,235,205,30,30
13056,83,85,-2,2
13057,101,85,16,16
13058,66,73,-7,7
13059,58,58,0,0
13060,119,119,0,0
13061,129,122,7,7
13062,82,80,2,2
13063,168,152,16,16
13064,72,72,0,0
13065,125,109,16,16
13066,82,76,6,6
13067,97,86,11,11
13068,56,66,-10,10
13069,123,133,-10,10
13070,79,69,10,10
13071,84,78,6,6
13072,112,106,6,6
13073,80,84,-4,4
13074,106,103,3,3
13075,60,63,-3,3
13076,72,73,-1,1
13077,96,99,-3,3
13078,60,50,10,10
13079,117,95,22,22
13080,66,73,-7,7
13081,78,79,-1,1
13082,55,57,-2,2
13083,164,140,24,24
13084,184,163,21,21
13085,78,79,-1,1
13086,61,66,-5,5
13087,109,122,-13,13
13088,101,99,2,2
13089,79,78,1,1
13090,51,52,-1,1
13091,64,63,1,1
13092,62,63,-1,1
13093,144,134,10,10
13094,57,60,-3,3
13095,50,48,2,2
13096,81,76,5,5
13097,99,95,4,4
13098,97,95,2,2
13099,129,111,18,18
13100,104,95,9,9
13101,93,95,-2,2
13102,84,78,6,6
13103,90,89,1,1
13104,112,113,-1,1
13105,69,67,2,2
13106,69,73,-4,4
13107,107,86,21,21
13108,145,123,22,22
13109,84,74,10,10
13110,51,54,-3,3
13111,100,91,9,9
13112,82,86,-4,4
13113,71,84,-13,13
13114,104,94,10,10
13115,67,77,-10,10
13116,89,90,-1,1
13117,61,71,-10,10
13118,74,80,-6,6
13119,101,102,-1,1
13120,67,73,-6,6
13121,72,76,-4,4
13122,70,66,4,4
13123,158,155,3,3
13124,94,90,4,4
13125,84,78,6,6
13126,120,116,4,4
13127,152,146,6,6
13128,137,125,12,12
13129,82,86,-4,4
13130,116,104,12,12
13131,112,105,7,7
13132,99,87,12,12
13133,150,146,4,4
13134,66,60,6,6
13135,81,71,10,10
13136,50,50,0,0
13137,133,128,5,5
13138,65,68,-3,3
13139,65,64,1,1
13140,80,79,1,1
13141,53,43,10,10
13142,108,98,10,10
13143,80,64,16,16
13144,126,127,-1,1
13145,73,77,-4,4
13146,58,54,4,4
13147,80,77,3,3
13148,62,62,0,0
13149,64,65,-1,1
13150,55,53,2,2
13151,81,79,2,2
13152,97,95,2,2
13153,78,70,8,8
13154,101,90,11,11
13155,72,79,-7,7
13156,112,105,7,7
13157,84,82,2,2
13158,68,73,-5,5
13159,102,104,-2,2
13160,117,124,-7,7
13161,88,82,6,6
13162,127,111,16,16
13163,64,58,6,6
13164,87,86,1,1
13165,80,79,1,1
13166,101,86,15,15
13167,122,114,8,8
13168,67,59,8,8
13169,131,124,7,7
13170,97,90,7,7
13171,135,113,22,22
13172,88,85,3,3
13173,115,123,-8,8
13174,134,119,15,15
13175,116,112,4,4
13176,79,79,0,0
13177,45,44,1,1
13178,100,96,4,4
13179,85,102,-17,17
13180,63,66,-3,3
13181,89,86,3,3
13182,76,75,1,1
13183,138,121,17,17
13184,123,117,6,6
13185,74,80,-6,6
13186,43,58,-15,15
13187,66,71,-5,5
13188,86,105,-19,19
13189,115,126,-11,11
13190,30,49,-19,19
13191,66,69,-3,3
13192,208,173,35,35
13193,90,83,7,7
13194,71,64,7,7
13195,94,84,10,10
13196,171,157,14,14
13197,55,53,2,2
13198,43,42,1,1
13199,67,69,-2,2
13200,143,117,26,26
13201,98,95,3,3
13202,100,94,6,6
13203,108,98,10,10
13204,91,77,14,14
13205,131,125,6,6
13206,79,66,13,13
13207,153,150,3,3
13208,37,42,-5,5
13209,46,43,3,3
13210,241,214,27,27
13211,89,85,4,4
13212,72,66,6,6
13213,100,90,10,10
13214,83,80,3,3
13215,98,96,2,2
13216,128,118,10,10
13217,162,116,46,46
13218,81,76,5,5
13219,98,91,7,7
13220,70,76,-6,6
13221,182,164,18,18
13222,71,70,1,1
13223,173,170,3,3
13224,54,55,-1,1
13225,66,67,-1,1
13226,85,78,7,7
13227,93,90,3,3
13228,71,109,-38,38
13229,163,156,7,7
13230,86,82,4,4
13231,74,68,6,6
13232,148,142,6,6
13233,112,105,7,7
13234,90,77,13,13
13235,64,60,4,4
13236,78,93,-15,15
13237,115,118,-3,3
13238,105,94,11,11
13239,90,87,3,3
13240,117,109,8,8
13241,103,88,15,15
13242,139,149,-10,10
13243,107,110,-3,3
13244,118,127,-9,9
13245,94,83,11,11
13246,56,52,4,4
13247,97,89,8,8
13248,77,69,8,8
13249,117,91,26,26
13250,125,123,2,2
13251,67,70,-3,3
13252,73,70,3,3
13253,152,137,15,15
13254,73,70,3,3
13255,121,112,9,9
13256,166,161,5,5
13257,90,84,6,6
13258,96,100,-4,4
13259,149,150,-1,1
13260,61,66,-5,5
13261,144,130,14,14
13262,121,117,4,4
13263,131,115,16,16
13264,58,52,6,6
13265,51,54,-3,3
13266,54,65,-11,11
13267,72,71,1,1
13268,99,102,-3,3
13269,124,109,15,15
13270,105,102,3,3
13271,100,91,9,9
13272,153,149,4,4
13273,76,81,-5,5
13274,120,107,13,13
13275,94,89,5,5
13276,85,79,6,6
13277,84,87,-3,3
13278,53,67,-14,14
13279,106,105,1,1
13280,108,109,-1,1
13281,140,125,15,15
13282,113,105,8,8
13283,57,68,-11,11
13284,108,104,4,4
13285,123,107,16,16
13286,108,100,8,8
13287,83,78,5,5
13288,99,81,18,18
13289,78,76,2,2
13290,96,95,1,1
13291,58,55,3,3
13292,82,78,4,4
13293,148,145,3,3
13294,86,91,-5,5
13295,81,70,11,11
13296,119,114,5,5
13297,97,98,-1,1
13298,118,114,4,4
13299,92,83,9,9
13300,102,104,-2,2
13301,72,72,0,0
13302,64,60,4,4
13303,86,87,-1,1
13304,57,69,-12,12
13305,102,97,5,5
13306,67,62,5,5
13307,88,91,-3,3
13308,139,118,21,21
13309,61,68,-7,7
13310,77,75,2,2
13311,158,157,1,1
13312,130,114,16,16
13313,132,130,2,2
13314,187,173,14,14
13315,79,75,4,4
13316,96,100,-4,4
13317,76,75,1,1
13318,71,69,2,2
13319,78,78,0,0
13320,209,196,13,13
13321,75,72,3,3
13322,146,128,18,18
13323,100,94,6,6
13324,80,88,-8,8
13325,70,70,0,0
13326,65,68,-3,3
13327,95,99,-4,4
13328,80,78,2,2
13329,69,69,0,0
13330,132,134,-2,2
13331,77,68,9,9
13332,98,91,7,7
13333,94,92,2,2
13334,86,81,5,5
13335,90,77,13,13
13336,75,65,10,10
13337,130,103,27,27
13338,87,92,-5,5
13339,141,124,17,17
13340,161,142,19,19
13341,68,74,-6,6
13342,97,89,8,8
13343,125,113,12,12
13344,36,47,-11,11
13345,115,105,10,10
13346,68,52,16,16
13347,106,97,9,9
13348,96,107,-11,11
13349,82,82,0,0
13350,73,65,8,8
13351,89,77,12,12
13352,75,70,5,5
13353,85,90,-5,5
13354,134,141,-7,7
13355,90,80,10,10
13356,83,85,-2,2
13357,129,103,26,26
13358,140,134,6,6
13359,60,59,1,1
13360,82,74,8,8
13361,153,132,21,21
13362,80,89,-9,9
13363,119,114,5,5
13364,108,101,7,7
13365,54,58,-4,4
13366,99,101,-2,2
13367,130,157,-27,27
13368,100,93,7,7
13369,59,54,5,5
13370,84,90,-6,6
13371,117,114,3,3
13372,60,61,-1,1
13373,55,56,-1,1
13374,96,95,1,1
13375,73,81,-8,8
13376,64,69,-5,5
13377,75,70,5,5
13378,55,51,4,4
13379,90,81,9,9
13380,142,141,1,1
13381,139,134,5,5
13382,118,108,10,10
13383,120,110,10,10
13384,112,109,3,3
13385,43,44,-1,1
13386,106,104,2,2
13387,187,168,19,19
13388,117,118,-1,1
13389,111,107,4,4
13390,188,179,9,9
13391,156,131,25,25
13392,136,135,1,1
13393,88,88,0,0
13394,29,35,-6,6
13395,107,90,17,17
13396,113,93,20,20
13397,93,86,7,7
13398,81,81,0,0
13399,22,34,-12,12
13400,69,68,1,1
13401,168,149,19,19
13402,147,130,17,17
13403,105,109,-4,4
13404,145,127,18,18
13405,58,66,-8,8
13406,60,65,-5,5
13407,150,149,1,1
13408,70,65,5,5
13409,69,70,-1,1
13410,140,135,5,5
13411,88,78,10,10
13412,120,114,6,6
13413,63,65,-2,2
13414,81,84,-3,3
13415,66,62,4,4
13416,91,80,11,11
13417,131,131,0,0
13418,126,103,23,23
13419,138,134,4,4
13420,103,104,-1,1
13421,103,99,4,4
13422,50,65,-15,15
13423,64,70,-6,6
13424,75,77,-2,2
13425,67,65,2,2
13426,97,92,5,5
13427,109,107,2,2
13428,137,126,11,11
13429,71,69,2,2
13430,98,87,11,11
13431,82,94,-12,12
13432,65,68,-3,3
13433,117,98,19,19
13434,148,149,-1,1
13435,190,171,19,19
13436,84,75,9,9
13437,110,98,12,12
13438,138,128,10,10
13439,74,74,0,0
13440,130,112,18,18
13441,79,76,3,3
13442,92,105,-13,13
13443,137,139,-2,2
13444,104,89,15,15
13445,160,133,27,27
13446,90,87,3,3
13447,101,96,5,5
13448,123,118,5,5
13449,73,71,2,2
13450,66,67,-1,1
13451,124,120,4,4
13452,173,145,28,28
13453,142,123,19,19
13454,32,41,-9,9
13455,104,99,5,5
13456,65,83,-18,18
13457,60,63,-3,3
13458,71,76,-5,5
13459,56,53,3,3
13460,122,120,2,2
13461,135,143,-8,8
13462,162,154,8,8
13463,96,105,-9,9
13464,126,130,-4,4
13465,74,76,-2,2
13466,102,104,-2,2
13467,80,76,4,4
13468,88,80,8,8
13469,92,80,12,12
13470,107,108,-1,1
13471,87,81,6,6
13472,58,61,-3,3
13473,80,71,9,9
13474,79,71,8,8
13475,114,119,-5,5
13476,78,86,-8,8
13477,75,80,-5,5
13478,168,167,1,1
13479,114,109,5,5
13480,59,65,-6,6
13481,152,153,-1,1
13482,66,66,0,0
13483,98,90,8,8
13484,70,73,-3,3
13485,101,86,15,15
13486,130,124,6,6
13487,114,105,9,9
13488,63,69,-6,6
13489,181,165,16,16
13490,86,84,2,2
13491,107,116,-9,9
13492,59,60,-1,1
13493,74,72,2,2
13494,134,129,5,5
13495,199,165,34,34
13496,58,68,-10,10
13497,99,96,3,3
13498,103,105,-2,2
13499,183,155,28,28
13500,96,93,3,3
13501,99,101,-2,2
13502,113,103,10,10
13503,88,75,13,13
13504,88,90,-2,2
13505,128,116,12,12
13506,82,90,-8,8
13507,80,75,5,5
13508,53,56,-3,3
13509,47,48,-1,1
13510,102,89,13,13
13511,97,92,5,5
13512,68,67,1,1
13513,125,108,17,17
13514,110,113,-3,3
13515,77,69,8,8
13516,127,114,13,13
13517,87,86,1,1
13518,107,90,17,17
13519,105,108,-3,3
13520,153,124,29,29
13521,61,66,-5,5
13522,33,76,-43,43
13523,146,132,14,14
13524,100,104,-4,4
13525,170,150,20,20
13526,134,120,14,14
13527,78,95,-17,17
13528,73,66,7,7
13529,60,61,-1,1
13530,64,63,1,1
13531,99,92,7,7
13532,80,86,-6,6
13533,65,65,0,0
13534,67,59,8,8
13535,141,121,20,20
13536,60,67,-7,7
13537,138,140,-2,2
13538,154,151,3,3
13539,58,57,1,1
13540,114,117,-3,3
13541,132,119,13,13
13542,98,97,1,1
13543,80,84,-4,4
13544,105,101,4,4
13545,84,92,-8,8
13546,78,75,3,3
13547,154,144,10,10
13548,67,70,-3,3
13549,95,104,-9,9
13550,125,114,11,11
13551,128,114,14,14
13552,42,47,-5,5
13553,204,186,18,18
13554,98,97,1,1
13555,112,106,6,6
13556,132,121,11,11
13557,139,125,14,14
13558,93,88,5,5
13559,146,133,13,13
13560,56,57,-1,1
13561,65,60,5,5
13562,124,112,12,12
13563,103,104,-1,1
13564,86,76,10,10
13565,60,66,-6,6
13566,98,96,2,2
13567,80,114,-34,34
13568,89,99,-10,10
13569,148,128,20,20
13570,40,44,-4,4
13571,80,85,-5,5
13572,70,79,-9,9
13573,82,70,12,12
13574,133,139,-6,6
13575,75,79,-4,4
13576,75,68,7,7
13577,120,99,21,21
13578,50,56,-6,6
13579,111,121,-10,10
13580,86,85,1,1
13581,115,115,0,0
13582,63,56,7,7
13583,93,92,1,1
13584,104,91,13,13
13585,153,149,4,4
13586,51,53,-2,2
13587,128,115,13,13
13588,92,86,6,6
13589,51,60,-9,9
13590,84,82,2,2
13591,104,99,5,5
13592,101,91,10,10
13593,83,88,-5,5
13594,69,76,-7,7
13595,96,91,5,5
13596,83,82,1,1
13597,54,67,-13,13
13598,83,67,16,16
13599,54,45,9,9
13600,61,58,3,3
13601,116,96,20,20
13602,113,100,13,13
13603,76,69,7,7
13604,87,82,5,5
13605,59,54,5,5
13606,141,134,7,7
13607,97,97,0,0
13608,89,79,10,10
13609,131,126,5,5
13610,71,66,5,5
13611,60,53,7,7
13612,39,46,-7,7
13613,68,78,-10,10
13614,61,62,-1,1
13615,107,101,6,6
13616,95,91,4,4
13617,94,108,-14,14
13618,82,85,-3,3
13619,110,110,0,0
13620,113,110,3,3
13621,107,97,10,10
13622,161,140,21,21
13623,180,152,28,28
13624,101,98,3,3
13625,88,81,7,7
13626,87,87,0,0
13627,115,113,2,2
13628,121,113,8,8
13629,139,132,7,7
13630,123,115,8,8
13631,63,60,3,3
13632,122,105,17,17
13633,68,71,-3,3
13634,110,95,15,15
13635,57,82,-25,25
13636,82,75,7,7
13637,95,92,3,3
13638,134,131,3,3
13639,98,84,14,14
13640,128,112,16,16
13641,95,91,4,4
13642,104,119,-15,15
13643,175,158,17,17
13644,109,93,16,16
13645,164,146,18,18
13646,118,109,9,9
13647,70,72,-2,2
13648,54,66,-12,12
13649,145,140,5,5
13650,68,68,0,0
13651,82,80,2,2
13652,61,60,1,1
13653,92,89,3,3
13654,89,85,4,4
13655,96,89,7,7
13656,122,111,11,11
13657,79,79,0,0
13658,75,75,0,0
13659,108,102,6,6
13660,43,48,-5,5
13661,67,70,-3,3
13662,75,81,-6,6
13663,67,68,-1,1
13664,88,88,0,0
13665,55,55,0,0
13666,96,106,-10,10
13667,60,60,0,0
13668,125,113,12,12
13669,56,63,-7,7
13670,111,105,6,6
13671,105,116,-11,11
13672,77,96,-19,19
13673,89,90,-1,1
13674,79,81,-2,2
13675,107,107,0,0
13676,124,111,13,13
13677,119,113,6,6
13678,57,80,-23,23
13679,127,121,6,6
13680,64,72,-8,8
13681,96,97,-1,1
13682,89,78,11,11
13683,71,75,-4,4
13684,76,74,2,2
13685,110,106,4,4
13686,120,127,-7,7
13687,98,86,12,12
13688,84,88,-4,4
13689,233,213,20,20
13690,75,68,7,7
13691,107,87,20,20
13692,76,77,-1,1
13693,84,85,-1,1
13694,86,83,3,3
13695,103,92,11,11
13696,106,91,15,15
13697,150,124,26,26
13698,73,72,1,1
13699,130,138,-8,8
13700,132,116,16,16
13701,139,130,9,9
13702,115,111,4,4
13703,155,144,11,11
13704,75,80,-5,5
13705,70,74,-4,4
13706,127,114,13,13
13707,65,66,-1,1
13708,100,105,-5,5
13709,170,154,16,16
13710,135,126,9,9
13711,75,74,1,1
13712,164,167,-3,3
13713,125,110,15,15
13714,104,108,-4,4
13715,53,52,1,1
13716,146,140,6,6
13717,102,83,19,19
13718,70,75,-5,5
13719,54,57,-3,3
13720,108,104,4,4
13721,97,96,1,1
13722,104,98,6,6
13723,140,136,4,4
13724,94,99,-5,5
13725,62,76,-14,14
13726,105,93,12,12
13727,48,46,2,2
13728,63,67,-4,4
13729,64,53,11,11
13730,51,52,-1,1
13731,63,57,6,6
13732,121,116,5,5
13733,120,112,8,8
13734,86,86,0,0
13735,91,89,2,2
13736,55,61,-6,6
13737,98,96,2,2
13738,69,61,8,8
13739,45,42,3,3
13740,126,133,-7,7
13741,169,159,10,10
13742,95,86,9,9
13743,106,105,1,1
13744,91,84,7,7
13745,126,115,11,11
13746,67,70,-3,3
13747,55,57,-2,2
13748,74,79,-5,5
13749,87,75,12,12
13750,87,84,3,3
13751,83,71,12,12
13752,114,122,-8,8
13753,125,123,2,2
13754,120,112,8,8
13755,86,76,10,10
13756,66,67,-1,1
13757,106,104,2,2
13758,62,54,8,8
13759,87,100,-13,13
13760,68,62,6,6
13761,77,76,1,1
13762,106,100,6,6
13763,101,96,5,5
13764,93,83,10,10
13765,63,78,-15,15
13766,53,59,-6,6
13767,116,114,2,2
13768,116,110,6,6
13769,92,109,-17,17
13770,80,84,-4,4
13771,93,90,3,3
13772,129,120,9,9
13773,97,95,2,2
13774,51,57,-6,6
13775,98,87,11,11
13776,80,102,-22,22
13777,74,74,0,0
13778,157,142,15,15
13779,163,161,2,2
13780,62,65,-3,3
13781,107,101,6,6
13782,107,91,16,16
13783,107,101,6,6
13784,83,80,3,3
13785,117,100,17,17
13786,94,100,-6,6
13787,65,65,0,0
13788,61,67,-6,6
13789,79,83,-4,4
13790,137,135,2,2
13791,141,126,15,15
13792,95,95,0,0
13793,101,99,2,2
13794,95,93,2,2
13795,142,125,17,17
13796,107,90,17,17
13797,80,76,4,4
13798,91,93,-2,2
13799,71,70,1,1
13800,81,78,3,3
13801,96,89,7,7
13802,151,135,16,16
13803,75,83,-8,8
13804,69,70,-1,1
13805,70,70,0,0
13806,66,68,-2,2
13807,100,96,4,4
13808,107,96,11,11
13809,116,106,10,10
13810,59,65,-6,6
13811,90,90,0,0
13812,60,56,4,4
13813,55,55,0,0
13814,66,70,-4,4
13815,90,91,-1,1
13816,80,85,-5,5
13817,151,79,72,72
13818,91,85,6,6
13819,59,61,-2,2
13820,73,72,1,1
13821,51,57,-6,6
13822,95,93,2,2
13823,92,89,3,3
13824,61,62,-1,1
13825,80,77,3,3
13826,107,116,-9,9
13827,79,79,0,0
13828,167,146,21,21
13829,58,60,-2,2
13830,104,98,6,6
13831,106,116,-10,10
13832,61,54,7,7
13833,111,113,-2,2
13834,97,104,-7,7
13835,101,94,7,7
13836,67,71,-4,4
13837,56,61,-5,5
13838,57,58,-1,1
13839,82,65,17,17
13840,95,90,5,5
13841,69,75,-6,6
13842,58,58,0,0
13843,105,99,6,6
13844,163,140,23,23
13845,61,66,-5,5
13846,90,74,16,16
13847,220,198,22,22
13848,96,81,15,15
13849,44,50,-6,6
13850,59,58,1,1
13851,60,61,-1,1
13852,64,67,-3,3
13853,94,92,2,2
13854,151,132,19,19
13855,75,74,1,1
13856,75,74,1,1
13857,79,72,7,7
13858,70,78,-8,8
13859,107,106,1,1
13860,145,136,9,9
13861,70,68,2,2
13862,75,69,6,6
13863,141,129,12,12
13864,66,70,-4,4
13865,79,69,10,10
13866,111,97,14,14
13867,112,98,14,14
13868,125,132,-7,7
13869,121,123,-2,2
13870,108,101,7,7
13871,74,80,-6,6
13872,106,110,-4,4
13873,118,117,1,1
13874,162,145,17,17
13875,142,104,38,38
13876,65,66,-1,1
13877,59,56,3,3
13878,91,80,11,11
13879,75,68,7,7
13880,125,116,9,9
13881,146,131,15,15
13882,84,79,5,5
13883,95,91,4,4
13884,88,80,8,8
13885,95,90,5,5
13886,54,61,-7,7
13887,68,60,8,8
13888,250,243,7,7
13889,64,68,-4,4
13890,89,82,7,7
13891,63,64,-1,1
13892,47,64,-17,17
13893,113,111,2,2
13894,118,105,13,13
13895,77,73,4,4
13896,175,152,23,23
13897,87,83,4,4
13898,85,84,1,1
13899,107,93,14,14
13900,77,66,11,11
13901,112,118,-6,6
13902,67,70,-3,3
13903,124,131,-7,7
13904,69,70,-1,1
13905,170,160,10,10
13906,91,78,13,13
13907,69,71,-2,2
13908,69,59,10,10
13909,102,100,2,2
13910,87,96,-9,9
13911,61,65,-4,4
13912,140,115,25,25
13913,56,64,-8,8
13914,50,50,0,0
13915,71,67,4,4
13916,46,52,-6,6
13917,102,100,2,2
13918,72,66,6,6
13919,102,101,1,1
13920,98,92,6,6
13921,114,112,2,2
13922,83,86,-3,3
13923,75,76,-1,1
13924,92,82,10,10
13925,107,105,2,2
13926,166,151,15,15
13927,72,75,-3,3
13928,43,55,-12,12
13929,98,82,16,16
13930,141,131,10,10
13931,112,94,18,18
13932,149,137,12,12
13933,17,29,-12,12
13934,63,71,-8,8
13935,127,117,10,10
13936,128,117,11,11
13937,64,68,-4,4
13938,59,63,-4,4
13939,45,55,-10,10
13940,104,99,5,5
13941,82,79,3,3
13942,52,46,6,6
13943,96,86,10,10
13944,108,102,6,6
13945,122,120,2,2
13946,105,101,4,4
13947,72,73,-1,1
13948,75,70,5,5
13949,111,106,5,5
13950,86,79,7,7
13951,121,115,6,6
13952,86,81,5,5
13953,66,64,2,2
13954,93,89,4,4
13955,128,132,-4,4
13956,142,127,15,15
13957,87,73,14,14
13958,84,80,4,4
13959,103,102,1,1
13960,113,99,14,14
13961,136,132,4,4
13962,74,70,4,4
13963,108,119,-11,11
13964,89,94,-5,5
13965,84,82,2,2
13966,98,92,6,6
13967,51,55,-4,4
13968,53,50,3,3
13969,88,80,8,8
13970,96,85,11,11
13971,105,111,-6,6
13972,95,84,11,11
13973,119,96,23,23
13974,79,72,7,7
13975,110,89,21,21
13976,68,66,2,2
13977,98,96,2,2
13978,162,151,11,11
13979,124,121,3,3
13980,54,51,3,3
13981,89,95,-6,6
13982,55,55,0,0
13983,147,124,23,23
13984,118,105,13,13
13985,28,43,-15,15
13986,115,108,7,7
13987,87,85,2,2
13988,129,118,11,11
13989,100,92,8,8
13990,119,113,6,6
13991,95,92,3,3
13992,130,124,6,6
13993,57,51,6,6
13994,103,87,16,16
13995,100,93,7,7
13996,95,89,6,6
13997,61,57,4,4
13998,59,63,-4,4
13999,126,110,16,16
14000,162,166,-4,4
14001,98,97,1,1
14002,134,108,26,26
14003,118,111,7,7
14004,57,61,-4,4
14005,84,88,-4,4
14006,84,77,7,7
14007,120,126,-6,6
14008,163,155,8,8
14009,64,66,-2,2
14010,83,76,7,7
14011,69,79,-10,10
14012,135,97,38,38
14013,86,81,5,5
14014,60,51,9,9
14015,77,78,-1,1
14016,92,88,4,4
14017,85,78,7,7
14018,161,149,12,12
14019,126,113,13,13
14020,63,64,-1,1
14021,93,100,-7,7
14022,73,71,2,2
14023,107,104,3,3
14024,74,76,-2,2
14025,73,67,6,6
14026,108,92,16,16
14027,182,166,16,16
14028,134,117,17,17
14029,67,67,0,0
14030,91,89,2,2
14031,131,149,-18,18
14032,146,135,11,11
14033,80,78,2,2
14034,139,126,13,13
14035,188,180,8,8
14036,150,136,14,14
14037,74,75,-1,1
14038,115,113,2,2
14039,87,80,7,7
14040,83,67,16,16
14041,71,67,4,4
14042,95,91,4,4
14043,110,101,9,9
14044,91,88,3,3
14045,108,104,4,4
14046,51,52,-1,1
14047,71,73,-2,2
14048,50,53,-3,3
14049,66,69,-3,3
14050,56,68,-12,12
14051,108,107,1,1
14052,114,102,12,12
14053,86,73,13,13
14054,88,84,4,4
14055,66,57,9,9
14056,111,107,4,4
14057,53,55,-2,2
14058,94,88,6,6
14059,74,73,1,1
14060,129,126,3,3
14061,75,78,-3,3
14062,198,174,24,24
14063,76,70,6,6
14064,94,92,2,2
14065,70,69,1,1
14066,172,145,27,27
14067,61,63,-2,2
14068,80,77,3,3
14069,102,92,10,10
14070,114,111,3,3
14071,70,72,-2,2
14072,75,82,-7,7
14073,112,102,10,10
14074,44,50,-6,6
14075,145,162,-17,17
14076,68,89,-21,21
14077,148,136,12,12
14078,56,57,-1,1
14079,81,80,1,1
14080,73,72,1,1
14081,122,123,-1,1
14082,75,80,-5,5
14083,121,122,-1,1
14084,139,135,4,4
14085,63,61,2,2
14086,125,120,5,5
14087,85,80,5,5
14088,112,112,0,0
14089,114,106,8,8
14090,134,120,14,14
14091,98,106,-8,8
14092,75,84,-9,9
14093,135,119,16,16
14094,96,96,0,0
14095,102,95,7,7
14096,150,147,3,3
14097,186,162,24,24
14098,63,60,3,3
14099,116,102,14,14
14100,83,68,15,15
14101,110,92,18,18
14102,104,99,5,5
14103,71,69,2,2
14104,111,118,-7,7
14105,106,110,-4,4
14106,147,143,4,4
14107,67,69,-2,2
14108,212,193,19,19
14109,83,85,-2,2
14110,174,147,27,27
14111,113,123,-10,10
14112,68,79,-11,11
14113,159,160,-1,1
14114,52,59,-7,7
14115,123,121,2,2
14116,112,109,3,3
14117,69,77,-8,8
14118,61,63,-2,2
14119,63,60,3,3
14120,70,69,1,1
14121,65,72,-7,7
14122,145,143,2,2
14123,121,122,-1,1
14124,60,54,6,6
14125,187,165,22,22
14126,24,34,-10,10
14127,136,131,5,5
14128,65,73,-8,8
14129,67,66,1,1
14130,189,176,13,13
14131,83,101,-18,18
14132,76,76,0,0
14133,91,88,3,3
14134,74,86,-12,12
14135,55,64,-9,9
14136,107,95,12,12
14137,160,143,17,17
14138,149,132,17,17
14139,96,85,11,11
14140,88,84,4,4
14141,118,108,10,10
14142,91,88,3,3
14143,92,91,1,1
14144,74,73,1,1
14145,118,120,-2,2
14146,81,96,-15,15
14147,95,88,7,7
14148,68,71,-3,3
14149,132,113,19,19
14150,49,46,3,3
14151,115,112,3,3
14152,148,140,8,8
14153,109,120,-11,11
14154,104,91,13,13
14155,159,157,2,2
14156,83,72,11,11
14157,47,46,1,1
14158,92,86,6,6
14159,101,104,-3,3
14160,57,59,-2,2
14161,40,47,-7,7
14162,153,139,14,14
14163,163,135,28,28
14164,66,65,1,1
14165,90,85,5,5
14166,55,50,5,5
14167,52,62,-10,10
14168,96,93,3,3
14169,115,109,6,6
14170,47,48,-1,1
14171,77,88,-11,11
14172,76,78,-2,2
14173,115,113,2,2
14174,93,93,0,0
14175,120,89,31,31
14176,83,85,-2,2
14177,119,110,9,9
14178,40,50,-10,10
14179,47,52,-5,5
14180,55,53,2,2
14181,96,92,4,4
14182,88,90,-2,2
14183,74,86,-12,12
14184,80,85,-5,5
14185,68,64,4,4
14186,144,134,10,10
14187,101,92,9,9
14188,116,111,5,5
14189,63,64,-1,1
14190,51,48,3,3
14191,123,111,12,12
14192,145,134,11,11
14193,107,93,14,14
14194,109,105,4,4
14195,115,115,0,0
14196,59,58,1,1
14197,63,69,-6,6
14198,190,181,9,9
14199,69,67,2,2
14200,77,75,2,2
14201,78,84,-6,6
14202,85,92,-7,7
14203,112,92,20,20
14204,82,81,1,1
14205,150,144,6,6
14206,72,75,-3,3
14207,105,105,0,0
14208,80,76,4,4
14209,39,46,-7,7
14210,102,109,-7,7
14211,68,75,-7,7
14212,95,89,6,6
14213,24,33,-9,9
14214,50,53,-3,3
14215,66,57,9,9
14216,69,74,-5,5
14217,120,110,10,10
14218,140,116,24,24
14219,69,74,-5,5
14220,187,145,42,42
14221,107,101,6,6
14222,67,66,1,1
14223,126,125,1,1
14224,112,116,-4,4
14225,93,100,-7,7
14226,89,89,0,0
14227,93,97,-4,4
14228,48,51,-3,3
14229,153,144,9,9
14230,67,65,2,2
14231,48,51,-3,3
14232,58,67,-9,9
14233,179,160,19,19
14234,91,89,2,2
14235,123,120,3,3
14236,70,71,-1,1
14237,32,44,-12,12
14238,96,82,14,14
14239,53,56,-3,3
14240,99,98,1,1
14241,133,115,18,18
14242,77,83,-6,6
14243,47,58,-11,11
14244,55,53,2,2
14245,85,77,8,8
14246,135,127,8,8
14247,103,95,8,8
14248,62,72,-10,10
14249,73,70,3,3
14250,117,125,-8,8
14251,112,103,9,9
14252,34,37,-3,3
14253,46,49,-3,3
14254,68,65,3,3
14255,42,41,1,1
14256,88,103,-15,15
14257,88,86,2,2
14258,78,79,-1,1
14259,74,79,-5,5
14260,145,131,14,14
14261,144,137,7,7
14262,146,144,2,2
14263,50,52,-2,2
14264,134,113,21,21
14265,81,77,4,4
14266,81,74,7,7
14267,64,67,-3,3
14268,134,126,8,8
14269,177,168,9,9
14270,115,100,15,15
14271,105,103,2,2
14272,142,130,12,12
14273,104,100,4,4
14274,74,81,-7,7
14275,177,156,21,21
14276,47,48,-1,1
14277,127,126,1,1
14278,186,163,23,23
14279,81,89,-8,8
14280,78,75,3,3
14281,155,135,20,20
14282,170,127,43,43
14283,97,88,9,9
14284,94,85,9,9
14285,77,79,-2,2
14286,83,79,4,4
14287,109,105,4,4
14288,92,92,0,0
14289,93,91,2,2
14290,63,84,-21,21
14291,85,85,0,0
14292,92,95,-3,3
14293,68,54,14,14
14294,111,115,-4,4
14295,181,165,16,16
14296,57,56,1,1
14297,93,96,-3,3
14298,68,75,-7,7
14299,95,97,-2,2
14300,123,106,17,17
14301,58,63,-5,5
14302,159,139,20,20
14303,97,83,14,14
14304,82,79,3,3
14305,70,66,4,4
14306,87,73,14,14
14307,63,66,-3,3
14308,138,128,10,10
14309,124,121,3,3
14310,90,85,5,5
14311,72,67,5,5
14312,82,87,-5,5
14313,102,117,-15,15
14314,149,128,21,21
14315,127,115,12,12
14316,127,103,24,24
14317,80,77,3,3
14318,79,68,11,11
14319,126,127,-1,1
14320,160,146,14,14
14321,88,87,1,1
14322,57,47,10,10
14323,117,112,5,5
14324,88,82,6,6
14325,117,114,3,3
14326,108,103,5,5
14327,122,128,-6,6
14328,126,110,16,16
14329,137,132,5,5
14330,119,101,18,18
14331,94,93,1,1
14332,89,69,20,20
14333,65,61,4,4
14334,80,76,4,4
14335,73,76,-3,3
14336,137,118,19,19
14337,112,107,5,5
14338,93,88,5,5
14339,121,102,19,19
14340,94,93,1,1
14341,74,76,-2,2
14342,126,119,7,7
14343,102,89,13,13
14344,61,59,2,2
14345,107,107,0,0
14346,187,166,21,21
14347,129,116,13,13
14348,96,98,-2,2
14349,85,76,9,9
14350,89,88,1,1
14351,65,56,9,9
14352,67,70,-3,3
14353,95,85,10,10
14354,90,80,10,10
14355,70,83,-13,13
14356,51,58,-7,7
14357,67,73,-6,6
14358,105,88,17,17
14359,72,87,-15,15
14360,73,66,7,7
14361,90,88,2,2
14362,60,53,7,7
14363,125,118,7,7
14364,128,114,14,14
14365,114,107,7,7
14366,80,68,12,12
14367,130,112,18,18
14368,170,182,-12,12
14369,163,159,4,4
14370,121,106,15,15
14371,65,67,-2,2
14372,110,105,5,5
14373,86,87,-1,1
14374,136,132,4,4
14375,95,92,3,3
14376,82,77,5,5
14377,117,108,9,9
14378,122,118,4,4
14379,61,60,1,1
14380,49,51,-2,2
14381,188,165,23,23
14382,61,65,-4,4
14383,164,159,5,5
14384,64,68,-4,4
14385,100,91,9,9
14386,75,72,3,3
14387,90,83,7,7
14388,83,76,7,7
14389,74,81,-7,7
14390,88,85,3,3
14391,110,97,13,13
14392,104,97,7,7
14393,61,69,-8,8
14394,80,84,-4,4
14395,121,110,11,11
14396,72,73,-1,1
14397,80,78,2,2
14398,38,40,-2,2
14399,136,112,24,24
14400,85,87,-2,2
14401,86,85,1,1
14402,129,119,10,10
14403,58,61,-3,3
14404,73,78,-5,5
14405,135,130,5,5
14406,106,114,-8,8
14407,53,52,1,1
14408,54,61,-7,7
14409,62,76,-14,14
14410,91,92,-1,1
14411,61,62,-1,1
14412,56,65,-9,9
14413,53,53,0,0
14414,67,65,2,2
14415,81,84,-3,3
14416,77,82,-5,5
14417,92,90,2,2
14418,181,162,19,19
14419,68,72,-4,4
14420,73,74,-1,1
14421,102,93,9,9
14422,85,85,0,0
14423,78,77,1,1
14424,85,78,7,7
14425,86,92,-6,6
14426,61,70,-9,9
14427,60,62,-2,2
14428,70,76,-6,6
14429,63,66,-3,3
14430,141,146,-5,5
14431,82,75,7,7
14432,125,111,14,14
14433,25,31,-6,6
14434,124,113,11,11
14435,42,45,-3,3
14436,123,124,-1,1
14437,50,61,-11,11
14438,94,99,-5,5
14439,175,159,16,16
14440,119,118,1,1
14441,97,96,1,1
14442,112,104,8,8
14443,105,98,7,7
14444,85,81,4,4
14445,117,117,0,0
14446,140,129,11,11
14447,117,104,13,13
14448,45,42,3,3
14449,73,77,-4,4
14450,71,80,-9,9
14451,41,46,-5,5
14452,134,121,13,13
14453,102,99,3,3
14454,69,71,-2,2
14455,98,98,0,0
14456,113,101,12,12
14457,90,90,0,0
14458,67,65,2,2
14459,83,87,-4,4
14460,64,67,-3,3
14461,192,157,35,35
14462,93,77,16,16
14463,111,108,3,3
14464,122,122,0,0
14465,89,97,-8,8
14466,77,95,-18,18
14467,66,65,1,1
14468,57,57,0,0
14469,84,86,-2,2
14470,90,90,0,0
14471,103,100,3,3
14472,144,136,8,8
14473,120,107,13,13
14474,105,97,8,8
14475,121,115,6,6
14476,51,93,-42,42
14477,91,82,9,9
14478,73,79,-6,6
14479,60,61,-1,1
14480,50,49,1,1
14481,94,102,-8,8
14482,107,93,14,14
14483,62,59,3,3
14484,77,76,1,1
14485,109,102,7,7
14486,113,102,11,11
14487,95,94,1,1
14488,153,155,-2,2
14489,146,127,19,19
14490,75,76,-1,1
14491,97,97,0,0
14492,96,97,-1,1
14493,112,125,-13,13
14494,93,99,-6,6
14495,88,86,2,2
14496,143,124,19,19
14497,131,130,1,1
14498,92,90,2,2
14499,77,72,5,5
14500,94,88,6,6
14501,60,70,-10,10
14502,70,69,1,1
14503,73,71,2,2
14504,115,106,9,9
14505,111,108,3,3
14506,41,44,-3,3
14507,49,49,0,0
14508,141,135,6,6
14509,85,77,8,8
14510,89,85,4,4
14511,84,71,13,13
14512,102,98,4,4
14513,100,99,1,1
14514,72,72,0,0
14515,99,91,8,8
14516,68,64,4,4
14517,63,56,7,7
14518,156,160,-4,4
14519,113,101,12,12
14520,109,96,13,13
14521,141,130,11,11
14522,173,159,14,14
14523,95,99,-4,4
14524,89,93,-4,4
14525,103,95,8,8
14526,71,71,0,0
14527,81,77,4,4
14528,93,91,2,2
14529,138,144,-6,6
14530,94,79,15,15
14531,168,147,21,21
14532,56,61,-5,5
14533,70,66,4,4
14534,143,117,26,26
14535,115,111,4,4
14536,78,71,7,7
14537,71,67,4,4
14538,61,58,3,3
14539,174,163,11,11
14540,136,134,2,2
14541,137,138,-1,1
14542,64,57,7,7
14543,98,93,5,5
14544,61,64,-3,3
14545,79,76,3,3
14546,58,58,0,0
14547,88,86,2,2
14548,83,81,2,2
14549,58,63,-5,5
14550,113,98,15,15
14551,65,57,8,8
14552,98,95,3,3
14553,98,88,10,10
14554,119,103,16,16
14555,81,83,-2,2
14556,107,104,3,3
14557,69,65,4,4
14558,102,99,3,3
14559,64,66,-2,2
14560,92,95,-3,3
14561,91,77,14,14
14562,76,67,9,9
14563,120,112,8,8
14564,131,123,8,8
14565,73,64,9,9
14566,113,89,24,24
14567,46,67,-21,21
14568,31,31,0,0
14569,86,94,-8,8
14570,124,128,-4,4
14571,69,66,3,3
14572,103,96,7,7
14573,78,84,-6,6
14574,85,77,8,8
14575,43,42,1,1
14576,102,101,1,1
14577,64,72,-8,8
14578,112,118,-6,6
14579,104,97,7,7
14580,116,115,1,1
14581,72,71,1,1
14582,86,94,-8,8
14583,45,47,-2,2
14584,90,93,-3,3
14585,204,183,21,21
14586,38,43,-5,5
14587,95,76,19,19
14588,102,106,-4,4
14589,193,181,12,12
14590,130,112,18,18
14591,47,48,-1,1
14592,132,129,3,3
14593,176,144,32,32
14594,67,66,1,1
14595,100,101,-1,1
14596,73,63,10,10
14597,44,50,-6,6
14598,65,70,-5,5
14599,34,42,-8,8
14600,56,64,-8,8
14601,87,85,2,2
14602,87,105,-18,18
14603,44,53,-9,9
14604,115,105,10,10
14605,82,79,3,3
14606,134,134,0,0
14607,161,150,11,11
14608,61,56,5,5
14609,150,137,13,13
14610,106,96,10,10
14611,68,66,2,2
14612,106,94,12,12
14613,96,90,6,6
14614,142,144,-2,2
14615,74,64,10,10
14616,47,51,-4,4
14617,130,128,2,2
14618,121,121,0,0
14619,104,101,3,3
14620,79,76,3,3
14621,85,77,8,8
14622,92,87,5,5
14623,52,92,-40,40
14624,144,151,-7,7
14625,92,79,13,13
14626,58,50,8,8
14627,116,121,-5,5
14628,71,76,-5,5
14629,65,60,5,5
14630,86,76,10,10
14631,51,57,-6,6
14632,51,54,-3,3
14633,169,158,11,11
14634,117,120,-3,3
14635,94,92,2,2
14636,77,74,3,3
14637,61,65,-4,4
14638,64,63,1,1
14639,38,42,-4,4
14640,54,50,4,4
14641,70,70,0,0
14642,77,81,-4,4
14643,127,113,14,14
14644,58,58,0,0
14645,84,82,2,2
14646,89,91,-2,2
14647,52,51,1,1
14648,73,73,0,0
14649,64,73,-9,9
14650,53,61,-8,8
14651,112,101,11,11
14652,92,91,1,1
14653,90,80,10,10
14654,72,70,2,2
14655,99,99,0,0
14656,84,76,8,8
14657,90,89,1,1
14658,135,134,1,1
14659,91,83,8,8
14660,81,86,-5,5
14661,119,110,9,9
14662,70,71,-1,1
14663,62,63,-1,1
14664,80,80,0,0
14665,69,64,5,5
14666,107,113,-6,6
14667,145,131,14,14
14668,137,122,15,15
14669,94,93,1,1
14670,158,136,22,22
14671,174,174,0,0
14672,100,100,0,0
14673,141,126,15,15
14674,131,121,10,10
14675,168,157,11,11
14676,98,93,5,5
14677,116,120,-4,4
14678,101,96,5,5
14679,89,101,-12,12
14680,119,110,9,9
14681,139,132,7,7
14682,25,28,-3,3
14683,106,105,1,1
14684,161,155,6,6
14685,123,115,8,8
14686,87,84,3,3
14687,58,59,-1,1
14688,62,67,-5,5
14689,89,84,5,5
14690,81,78,3,3
14691,70,62,8,8
14692,78,72,6,6
14693,163,151,12,12
14694,46,71,-25,25
14695,57,58,-1,1
14696,108,100,8,8
14697,148,111,37,37
14698,74,74,0,0
14699,54,59,-5,5
14700,64,74,-10,10
14701,162,138,24,24
14702,124,108,16,16
14703,75,77,-2,2
14704,76,73,3,3
14705,81,89,-8,8
14706,56,63,-7,7
14707,90,84,6,6
14708,70,74,-4,4
14709,66,80,-14,14
14710,75,74,1,1
14711,95,109,-14,14
14712,123,120,3,3
14713,125,116,9,9
14714,44,45,-1,1
14715,141,132,9,9
14716,53,55,-2,2
14717,97,93,4,4
14718,100,93,7,7
14719,78,92,-14,14
14720,199,175,24,24
14721,124,112,12,12
14722,56,69,-13,13
14723,62,54,8,8
14724,109,100,9,9
14725,149,128,21,21
14726,101,100,1,1
14727,129,116,13,13
14728,138,114,24,24
14729,118,117,1,1
14730,151,143,8,8
14731,58,53,5,5
14732,148,144,4,4
14733,89,89,0,0
14734,93,92,1,1
14735,111,99,12,12
14736,131,125,6,6
14737,106,105,1,1
14738,123,115,8,8
14739,119,136,-17,17
14740,106,103,3,3
14741,121,110,11,11
14742,74,64,10,10
14743,94,95,-1,1
14744,83,75,8,8
14745,159,145,14,14
14746,126,114,12,12
14747,71,71,0,0
14748,52,50,2,2
14749,139,139,0,0
14750,98,92,6,6
14751,94,87,7,7
14752,58,52,6,6
14753,126,124,2,2
14754,65,64,1,1
14755,98,84,14,14
14756,170,155,15,15
14757,71,78,-7,7
14758,63,69,-6,6
14759,74,76,-2,2
14760,119,111,8,8
14761,73,83,-10,10
14762,88,84,4,4
14763,96,95,1,1
14764,125,121,4,4
14765,119,113,6,6
14766,88,86,2,2
14767,98,90,8,8
14768,103,113,-10,10
14769,95,88,7,7
14770,80,81,-1,1
14771,88,84,4,4
14772,50,55,-5,5
14773,81,74,7,7
14774,72,66,6,6
14775,56,45,11,11
14776,54,56,-2,2
14777,70,75,-5,5
14778,92,83,9,9
14779,79,79,0,0
14780,64,67,-3,3
14781,121,114,7,7
14782,55,55,0,0
14783,110,105,5,5
14784,142,132,10,10
14785,160,149,11,11
14786,61,59,2,2
14787,59,58,1,1
14788,102,104,-2,2
14789,95,89,6,6
14790,62,69,-7,7
14791,142,135,7,7
14792,91,76,15,15
14793,114,105,9,9
14794,54,50,4,4
14795,93,98,-5,5
14796,96,89,7,7
14797,75,72,3,3
14798,95,90,5,5
14799,59,61,-2,2
14800,87,73,14,14
14801,121,102,19,19
14802,85,87,-2,2
14803,74,74,0,0
14804,94,92,2,2
14805,117,114,3,3
14806,136,131,5,5
14807,51,46,5,5
14808,143,130,13,13
14809,110,106,4,4
14810,112,104,8,8
14811,59,56,3,3
14812,69,63,6,6
14813,92,88,4,4
14814,92,94,-2,2
14815,125,111,14,14
14816,93,84,9,9
14817,94,84,10,10
14818,183,160,23,23
14819,158,156,2,2
14820,126,117,9,9
14821,201,177,24,24
14822,96,83,13,13
14823,69,82,-13,13
14824,112,119,-7,7
14825,60,64,-4,4
14826,81,74,7,7
14827,229,210,19,19
14828,81,75,6,6
14829,49,56,-7,7
14830,98,88,10,10
14831,104,99,5,5
14832,117,104,13,13
14833,91,89,2,2
14834,96,85,11,11
14835,82,77,5,5
14836,193,157,36,36
14837,75,78,-3,3
14838,101,96,5,5
14839,128,110,18,18
14840,103,100,3,3
14841,84,79,5,5
14842,162,144,18,18
14843,117,113,4,4
14844,104,121,-17,17
14845,85,82,3,3
14846,90,87,3,3
14847,67,67,0,0
14848,91,78,13,13
14849,152,144,8,8
14850,60,56,4,4
14851,107,103,4,4
14852,114,126,-12,12
14853,95,94,1,1
14854,85,86,-1,1
14855,72,99,-27,27
14856,66,81,-15,15
14857,81,83,-2,2
14858,112,101,11,11
14859,39,41,-2,2
14860,125,134,-9,9
14861,67,66,1,1
14862,103,91,12,12
14863,44,56,-12,12
14864,52,49,3,3
14865,58,58,0,0
14866,105,105,0,0
14867,55,68,-13,13
14868,107,123,-16,16
14869,102,110,-8,8
14870,61,74,-13,13
14871,129,125,4,4
14872,72,68,4,4
14873,144,135,9,9
14874,67,70,-3,3
14875,131,118,13,13
14876,59,62,-3,3
14877,142,133,9,9
14878,80,81,-1,1
14879,95,86,9,9
14880,62,65,-3,3
14881,99,99,0,0
14882,69,76,-7,7
14883,36,42,-6,6
14884,53,53,0,0
14885,174,150,24,24
14886,120,113,7,7
14887,60,69,-9,9
14888,44,41,3,3
14889,104,103,1,1
14890,70,65,5,5
14891,80,73,7,7
14892,72,67,5,5
14893,114,119,-5,5
14894,110,105,5,5
14895,69,63,6,6
14896,108,101,7,7
14897,136,128,8,8
14898,62,64,-2,2
14899,170,166,4,4
14900,109,98,11,11
14901,85,85,0,0
14902,93,82,11,11
14903,117,110,7,7
14904,102,82,20,20
14905,123,113,10,10
14906,91,103,-12,12
14907,65,66,-1,1
14908,52,51,1,1
14909,139,119,20,20
14910,88,87,1,1
14911,67,79,-12,12
14912,143,136,7,7
14913,153,152,1,1
14914,65,65,0,0
14915,84,83,1,1
14916,101,108,-7,7
14917,90,112,-22,22
14918,75,74,1,1
14919,95,90,5,5
14920,197,167,30,30
14921,60,61,-1,1
14922,152,144,8,8
14923,69,66,3,3
14924,79,81,-2,2
14925,63,73,-10,10
14926,114,107,7,7
14927,94,85,9,9
14928,107,97,10,10
14929,94,91,3,3
14930,68,68,0,0
14931,95,90,5,5
14932,123,111,12,12
14933,81,78,3,3
14934,141,121,20,20
14935,78,79,-1,1
14936,100,102,-2,2
14937,120,114,6,6
14938,36,36,0,0
14939,81,84,-3,3
14940,118,96,22,22
14941,122,116,6,6
14942,80,73,7,7
14943,130,115,15,15
14944,44,42,2,2
14945,170,166,4,4
14946,74,88,-14,14
14947,66,70,-4,4
14948,192,171,21,21
14949,84,84,0,0
14950,116,135,-19,19
14951,81,78,3,3
14952,43,44,-1,1
14953,69,70,-1,1
14954,63,59,4,4
14955,94,89,5,5
14956,84,80,4,4
14957,56,55,1,1
14958,106,110,-4,4
14959,152,124,28,28
14960,92,88,4,4
14961,68,67,1,1
14962,87,89,-2,2
14963,88,98,-10,10
14964,78,78,0,0
14965,64,72,-8,8
14966,147,136,11,11
14967,57,53,4,4
14968,81,87,-6,6
14969,59,62,-3,3
14970,70,68,2,2
14971,87,92,-5,5
14972,90,79,11,11
14973,87,75,12,12
14974,49,50,-1,1
14975,160,133,27,27
14976,131,113,18,18
14977,83,85,-2,2
14978,44,48,-4,4
14979,44,53,-9,9
14980,52,55,-3,3
14981,102,105,-3,3
14982,69,72,-3,3
14983,99,94,5,5
14984,81,87,-6,6
14985,91,96,-5,5
14986,87,83,4,4
14987,57,53,4,4
14988,82,85,-3,3
14989,56,57,-1,1
14990,76,73,3,3
14991,79,81,-2,2
14992,78,71,7,7
14993,121,102,19,19
14994,119,100,19,19
14995,68,72,-4,4
14996,146,134,12,12
14997,106,88,18,18
14998,132,114,18,18
14999,47,50,-3,3
15000,70,68,2,2
15001,114,95,19,19
15002,71,66,5,5
15003,85,95,-10,10
15004,132,121,11,11
15005,33,32,1,1
15006,16,39,-23,23
15007,68,69,-1,1
15008,62,64,-2,2
15009,84,88,-4,4
15010,50,53,-3,3
15011,91,90,1,1
15012,116,110,6,6
15013,97,88,9,9
15014,126,124,2,2
15015,102,102,0,0
15016,111,93,18,18
15017,113,104,9,9
15018,149,131,18,18
15019,87,73,14,14
15020,120,104,16,16
15021,124,121,3,3
15022,145,126,19,19
15023,78,75,3,3
15024,158,153,5,5
15025,47,55,-8,8
15026,228,197,31,31
15027,86,91,-5,5
15028,97,93,4,4
15029,105,96,9,9
15030,59,66,-7,7
15031,134,106,28,28
15032,122,120,2,2
15033,116,130,-14,14
15034,72,77,-5,5
15035,95,103,-8,8
15036,48,46,2,2
15037,71,69,2,2
15038,164,160,4,4
15039,80,76,4,4
15040,96,84,12,12
15041,133,116,17,17
15042,121,122,-1,1
15043,122,122,0,0
15044,99,90,9,9
15045,96,85,11,11
15046,41,48,-7,7
15047,157,130,27,27
15048,104,84,20,20
15049,65,72,-7,7
15050,103,107,-4,4
15051,118,111,7,7
15052,99,94,5,5
15053,126,106,20,20
15054,106,100,6,6
15055,55,49,6,6
15056,75,72,3,3
15057,69,73,-4,4
15058,107,104,3,3
15059,122,115,7,7
15060,63,66,-3,3
15061,107,99,8,8
15062,96,111,-15,15
15063,62,72,-10,10
15064,72,66,6,6
15065,152,138,14,14
15066,65,66,-1,1
15067,78,74,4,4
15068,115,109,6,6
15069,113,97,16,16
15070,113,91,22,22
15071,105,99,6,6
15072,116,113,3,3
15073,158,147,11,11
15074,57,63,-6,6
15075,141,139,2,2
15076,82,78,4,4
15077,106,101,5,5
15078,96,86,10,10
15079,104,98,6,6
15080,98,89,9,9
15081,83,93,-10,10
15082,138,125,13,13
15083,148,136,12,12
15084,71,76,-5,5
15085,90,94,-4,4
15086,134,117,17,17
15087,129,130,-1,1
15088,127,122,5,5
15089,77,73,4,4
15090,69,74,-5,5
15091,102,100,2,2
15092,69,71,-2,2
15093,65,64,1,1
15094,102,108,-6,6
15095,56,70,-14,14
15096,123,111,12,12
15097,73,67,6,6
15098,61,71,-10,10
15099,102,113,-11,11
15100,98,94,4,4
15101,80,76,4,4
15102,85,87,-2,2
15103,61,66,-5,5
15104,127,122,5,5
15105,68,66,2,2
15106,127,130,-3,3
15107,71,72,-1,1
15108,71,54,17,17
15109,149,135,14,14
15110,91,82,9,9
15111,98,100,-2,2
15112,51,56,-5,5
15113,90,84,6,6
15114,105,112,-7,7
15115,84,83,1,1
15116,98,92,6,6
15117,188,189,-1,1
15118,57,55,2,2
15119,135,107,28,28
15120,107,93,14,14
15121,166,152,14,14
15122,102,94,8,8
15123,162,151,11,11
15124,74,67,7,7
15125,81,79,2,2
15126,58,57,1,1
15127,93,77,16,16
15128,67,64,3,3
15129,136,139,-3,3
15130,122,120,2,2
15131,114,120,-6,6
15132,66,61,5,5
15133,121,107,14,14
15134,82,85,-3,3
15135,110,100,10,10
15136,63,68,-5,5
15137,108,99,9,9
15138,77,74,3,3
15139,86,79,7,7
15140,74,68,6,6
15141,101,104,-3,3
15142,114,118,-4,4
15143,105,96,9,9
15144,106,103,3,3
15145,83,78,5,5
15146,169,157,12,12
15147,71,70,1,1
15148,87,90,-3,3
15149,67,68,-1,1
15150,86,108,-22,22
15151,244,222,22,22
15152,96,77,19,19
15153,136,131,5,5
15154,64,65,-1,1
15155,131,138,-7,7
15156,142,141,1,1
15157,63,76,-13,13
15158,56,61,-5,5
15159,65,63,2,2
15160,116,100,16,16
15161,57,54,3,3
15162,109,112,-3,3
15163,114,121,-7,7
15164,68,63,5,5
15165,114,109,5,5
15166,64,81,-17,17
15167,112,115,-3,3
15168,47,54,-7,7
15169,66,58,8,8
15170,81,84,-3,3
15171,127,125,2,2
15172,109,106,3,3
15173,72,68,4,4
15174,94,94,0,0
15175,46,52,-6,6
15176,113,83,30,30
15177,70,72,-2,2
15178,80,84,-4,4
15179,64,65,-1,1
15180,113,101,12,12
15181,56,65,-9,9
15182,112,102,10,10
15183,50,63,-13,13
15184,101,93,8,8
15185,173,162,11,11
15186,57,51,6,6
15187,104,98,6,6
15188,90,84,6,6
15189,76,73,3,3
15190,94,91,3,3
15191,105,118,-13,13
15192,121,115,6,6
15193,126,129,-3,3
15194,127,106,21,21
15195,116,112,4,4
15196,88,81,7,7
15197,62,72,-10,10
15198,190,182,8,8
15199,91,111,-20,20
15200,68,74,-6,6
15201,102,92,10,10
15202,150,117,33,33
15203,85,85,0,0
15204,45,46,-1,1
15205,106,107,-1,1
15206,64,57,7,7
15207,152,146,6,6
15208,124,123,1,1
15209,77,81,-4,4
15210,80,83,-3,3
15211,68,60,8,8
15212,131,128,3,3
15213,141,127,14,14
15214,138,119,19,19
15215,139,144,-5,5
15216,54,58,-4,4
15217,81,82,-1,1
15218,131,132,-1,1
15219,105,100,5,5
15220,88,77,11,11
15221,97,94,3,3
15222,132,117,15,15
15223,80,81,-1,1
15224,83,84,-1,1
15225,56,62,-6,6
15226,68,75,-7,7
15227,88,81,7,7
15228,101,102,-1,1
15229,123,112,11,11
15230,123,127,-4,4
15231,56,72,-16,16
15232,139,133,6,6
15233,102,102,0,0
15234,53,53,0,0
15235,145,137,8,8
15236,94,94,0,0
15237,126,117,9,9
15238,92,81,11,11
15239,82,79,3,3
15240,74,80,-6,6
15241,165,131,34,34
15242,99,100,-1,1
15243,139,138,1,1
15244,84,70,14,14
15245,85,80,5,5
15246,63,64,-1,1
15247,174,146,28,28
15248,127,108,19,19
15249,93,100,-7,7
15250,106,101,5,5
15251,108,131,-23,23
15252,93,90,3,3
15253,98,78,20,20
15254,91,87,4,4
15255,68,65,3,3
15256,98,95,3,3
15257,264,231,33,33
15258,105,89,16,16
15259,71,77,-6,6
15260,57,50,7,7
15261,99,92,7,7
15262,87,79,8,8
15263,109,106,3,3
15264,132,129,3,3
15265,66,73,-7,7
15266,99,97,2,2
15267,70,63,7,7
15268,111,102,9,9
15269,124,116,8,8
15270,53,61,-8,8
15271,113,100,13,13
15272,69,56,13,13
15273,69,75,-6,6
15274,80,75,5,5
15275,87,83,4,4
15276,117,105,12,12
15277,105,92,13,13
15278,64,54,10,10
15279,41,50,-9,9
15280,60,59,1,1
15281,93,91,2,2
15282,74,67,7,7
15283,100,91,9,9
15284,75,69,6,6
15285,117,101,16,16
15286,129,128,1,1
15287,145,135,10,10
15288,102,101,1,1
15289,147,143,4,4
15290,55,59,-4,4
15291,91,80,11,11
15292,46,60,-14,14
15293,211,169,42,42
15294,125,130,-5,5
15295,76,74,2,2
15296,84,80,4,4
15297,104,100,4,4
15298,62,66,-4,4
15299,77,80,-3,3
15300,100,90,10,10
15301,83,86,-3,3
15302,90,87,3,3
15303,181,159,22,22
15304,132,142,-10,10
15305,88,83,5,5
15306,85,85,0,0
15307,69,72,-3,3
15308,59,58,1,1
15309,42,42,0,0
15310,138,127,11,11
15311,75,68,7,7
15312,116,112,4,4
15313,76,88,-12,12
15314,85,82,3,3
15315,60,64,-4,4
15316,101,95,6,6
15317,117,121,-4,4
15318,73,80,-7,7
15319,65,73,-8,8
15320,136,136,0,0
15321,40,43,-3,3
15322,61,60,1,1
15323,138,131,7,7
15324,55,63,-8,8
15325,87,78,9,9
15326,60,56,4,4
15327,42,42,0,0
15328,184,183,1,1
15329,136,133,3,3
15330,46,68,-22,22
15331,157,112,45,45
15332,99,99,0,0
15333,64,59,5,5
15334,95,90,5,5
15335,138,131,7,7
15336,63,67,-4,4
15337,72,63,9,9
15338,52,56,-4,4
15339,90,80,10,10
15340,78,85,-7,7
15341,97,95,2,2
15342,118,109,9,9
15343,89,89,0,0
15344,55,60,-5,5
15345,109,100,9,9
15346,64,71,-7,7
15347,103,94,9,9
15348,96,91,5,5
15349,101,92,9,9
15350,130,121,9,9
15351,67,78,-11,11
15352,65,65,0,0
15353,80,80,0,0
15354,90,83,7,7
15355,86,80,6,6
15356,62,61,1,1
15357,162,150,12,12
15358,107,110,-3,3
15359,42,44,-2,2
15360,104,102,2,2
15361,125,119,6,6
15362,93,95,-2,2
15363,163,174,-11,11
15364,42,53,-11,11
15365,127,119,8,8
15366,94,98,-4,4
15367,88,86,2,2
15368,147,137,10,10
15369,155,143,12,12
15370,107,92,15,15
15371,65,64,1,1
15372,94,106,-12,12
15373,77,79,-2,2
15374,128,124,4,4
15375,70,71,-1,1
15376,51,57,-6,6
15377,101,102,-1,1
15378,108,91,17,17
15379,169,153,16,16
15380,56,58,-2,2
15381,114,100,14,14
15382,129,135,-6,6
15383,98,93,5,5
15384,62,67,-5,5
15385,52,51,1,1
15386,125,114,11,11
15387,123,110,13,13
15388,107,102,5,5
15389,100,96,4,4
15390,153,162,-9,9
15391,81,87,-6,6
15392,82,82,0,0
15393,97,94,3,3
15394,28,36,-8,8
15395,123,123,0,0
15396,66,77,-11,11
15397,91,87,4,4
15398,95,95,0,0
15399,66,71,-5,5
15400,105,107,-2,2
15401,64,65,-1,1
15402,106,98,8,8
15403,136,119,17,17
15404,87,86,1,1
15405,71,65,6,6
15406,116,115,1,1
15407,88,92,-4,4
15408,53,58,-5,5
15409,126,110,16,16
15410,144,126,18,18
15411,74,77,-3,3
15412,63,65,-2,2
15413,72,72,0,0
15414,73,63,10,10
15415,76,79,-3,3
15416,88,82,6,6
15417,78,78,0,0
15418,103,96,7,7
15419,76,66,10,10
15420,41,78,-37,37
15421,231,197,34,34
15422,134,127,7,7
15423,126,104,22,22
15424,138,125,13,13
15425,103,107,-4,4
15426,90,92,-2,2
15427,73,70,3,3
15428,63,73,-10,10
15429,81,83,-2,2
15430,120,97,23,23
15431,92,93,-1,1
15432,100,98,2,2
15433,51,57,-6,6
15434,116,117,-1,1
15435,97,95,2,2
15436,87,70,17,17
15437,138,124,14,14
15438,52,61,-9,9
15439,36,41,-5,5
15440,167,164,3,3
15441,80,91,-11,11
15442,117,111,6,6
15443,91,80,11,11
15444,163,149,14,14
15445,112,120,-8,8
15446,75,81,-6,6
15447,119,109,10,10
15448,61,63,-2,2
15449,71,67,4,4
15450,117,114,3,3
15451,115,127,-12,12
15452,99,100,-1,1
15453,125,120,5,5
15454,100,96,4,4
15455,153,130,23,23
15456,146,146,0,0
15457,157,141,16,16
15458,104,103,1,1
15459,130,116,14,14
15460,137,140,-3,3
15461,105,110,-5,5
15462,101,89,12,12
15463,110,111,-1,1
15464,97,87,10,10
15465,87,77,10,10
15466,107,105,2,2
15467,87,87,0,0
15468,90,74,16,16
15469,90,84,6,6
15470,118,115,3,3
15471,57,65,-8,8
15472,108,112,-4,4
15473,51,55,-4,4
15474,56,76,-20,20
15475,53,68,-15,15
15476,55,62,-7,7
15477,68,76,-8,8
15478,61,66,-5,5
15479,142,136,6,6
15480,83,78,5,5
15481,56,64,-8,8
15482,60,68,-8,8
15483,59,65,-6,6
15484,119,111,8,8
15485,60,66,-6,6
15486,60,66,-6,6
15487,106,98,8,8
15488,78,80,-2,2
15489,83,78,5,5
15490,63,66,-3,3
15491,147,135,12,12
15492,182,164,18,18
15493,129,122,7,7
15494,97,99,-2,2
15495,115,107,8,8
15496,105,109,-4,4
15497,102,107,-5,5
15498,127,127,0,0
15499,157,145,12,12
15500,84,79,5,5
15501,152,130,22,22
15502,74,78,-4,4
15503,79,76,3,3
15504,123,123,0,0
15505,135,134,1,1
15506,82,82,0,0
15507,111,107,4,4
15508,62,85,-23,23
15509,59,67,-8,8
15510,77,86,-9,9
15511,63,68,-5,5
15512,81,80,1,1
15513,56,52,4,4
15514,69,74,-5,5
15515,65,69,-4,4
15516,82,80,2,2
15517,91,88,3,3
15518,190,158,32,32
15519,185,170,15,15
15520,131,118,13,13
15521,65,63,2,2
15522,158,143,15,15
15523,144,149,-5,5
15524,73,79,-6,6
15525,80,87,-7,7
15526,152,140,12,12
15527,62,67,-5,5
15528,64,69,-5,5
15529,65,71,-6,6
15530,146,133,13,13
15531,124,116,8,8
15532,108,100,8,8
15533,131,120,11,11
15534,107,107,0,0
15535,104,102,2,2
15536,78,73,5,5
15537,115,117,-2,2
15538,159,143,16,16
15539,103,104,-1,1
15540,101,101,0,0
15541,63,60,3,3
15542,160,152,8,8
15543,61,66,-5,5
15544,60,58,2,2
15545,130,131,-1,1
15546,96,90,6,6
15547,84,82,2,2
15548,93,85,8,8
15549,110,109,1,1
15550,66,65,1,1
15551,77,70,7,7
15552,103,100,3,3
15553,78,79,-1,1
15554,147,136,11,11
15555,87,89,-2,2
15556,84,76,8,8
15557,83,75,8,8
15558,69,66,3,3
15559,180,171,9,9
15560,140,133,7,7
15561,57,59,-2,2
15562,120,112,8,8
15563,62,65,-3,3
15564,79,75,4,4
15565,127,124,3,3
15566,64,69,-5,5
15567,81,72,9,9
15568,100,96,4,4
15569,118,114,4,4
15570,85,71,14,14
15571,77,84,-7,7
15572,104,96,8,8
15573,72,67,5,5
15574,101,94,7,7
15575,95,96,-1,1
15576,98,91,7,7
15577,62,59,3,3
15578,98,88,10,10
15579,113,122,-9,9
15580,62,61,1,1
15581,52,64,-12,12
15582,112,101,11,11
15583,80,80,0,0
15584,106,112,-6,6
15585,63,65,-2,2
15586,49,61,-12,12
15587,72,75,-3,3
15588,117,97,20,20
15589,116,106,10,10
15590,94,87,7,7
15591,95,93,2,2
15592,83,91,-8,8
15593,119,115,4,4
15594,106,106,0,0
15595,92,81,11,11
15596,70,75,-5,5
15597,133,124,9,9
15598,64,61,3,3
15599,169,155,14,14
15600,93,85,8,8
15601,102,100,2,2
15602,87,80,7,7
15603,71,73,-2,2
15604,62,68,-6,6
15605,59,52,7,7
15606,85,82,3,3
15607,72,71,1,1
15608,50,49,1,1
15609,92,88,4,4
15610,127,118,9,9
15611,57,53,4,4
15612,107,99,8,8
15613,65,61,4,4
15614,82,83,-1,1
15615,81,84,-3,3
15616,98,94,4,4
15617,82,75,7,7
15618,110,122,-12,12
15619,166,155,11,11
15620,107,100,7,7
15621,50,57,-7,7
15622,148,131,17,17
15623,70,71,-1,1
15624,100,89,11,11
15625,108,104,4,4
15626,113,112,1,1
15627,53,62,-9,9
15628,126,122,4,4
15629,72,71,1,1
15630,197,175,22,22
15631,47,46,1,1
15632,89,82,7,7
15633,143,125,18,18
15634,119,115,4,4
15635,76,80,-4,4
15636,73,78,-5,5
15637,68,72,-4,4
15638,111,101,10,10
15639,121,105,16,16
15640,92,97,-5,5
15641,113,105,8,8
15642,98,97,1,1
15643,152,155,-3,3
15644,80,81,-1,1
15645,82,77,5,5
15646,128,119,9,9
15647,49,54,-5,5
15648,128,127,1,1
15649,63,63,0,0
15650,52,53,-1,1
15651,89,86,3,3
15652,68,58,10,10
15653,109,105,4,4
15654,83,79,4,4
15655,97,93,4,4
15656,73,75,-2,2
15657,75,68,7,7
15658,127,113,14,14
15659,52,75,-23,23
15660,69,55,14,14
15661,152,139,13,13
15662,87,89,-2,2
15663,130,109,21,21
15664,72,80,-8,8
15665,114,114,0,0
15666,75,74,1,1
15667,136,120,16,16
15668,77,74,3,3
15669,88,84,4,4
15670,64,72,-8,8
15671,90,80,10,10
15672,174,168,6,6
15673,57,65,-8,8
15674,56,65,-9,9
15675,78,74,4,4
15676,81,75,6,6
15677,67,61,6,6
15678,123,107,16,16
15679,146,136,10,10
15680,123,122,1,1
15681,98,98,0,0
15682,61,69,-8,8
15683,109,107,2,2
15684,76,82,-6,6
15685,121,117,4,4
15686,81,81,0,0
15687,38,53,-15,15
15688,70,72,-2,2
15689,83,74,9,9
15690,100,94,6,6
15691,79,85,-6,6
15692,98,103,-5,5
15693,79,72,7,7
15694,196,174,22,22
15695,137,133,4,4
15696,67,69,-2,2
15697,87,86,1,1
15698,79,79,0,0
15699,84,86,-2,2
15700,104,112,-8,8
15701,105,110,-5,5
15702,113,102,11,11
15703,54,56,-2,2
15704,77,73,4,4
15705,124,121,3,3
15706,103,95,8,8
15707,175,154,21,21
15708,67,58,9,9
15709,86,84,2,2
15710,65,68,-3,3
15711,74,71,3,3
15712,85,63,22,22
15713,77,74,3,3
15714,94,89,5,5
15715,163,139,24,24
15716,107,104,3,3
15717,126,120,6,6
15718,97,89,8,8
15719,80,77,3,3
15720,150,146,4,4
15721,67,73,-6,6
15722,120,101,19,19
15723,86,94,-8,8
15724,80,76,4,4
15725,79,76,3,3
15726,98,90,8,8
15727,100,100,0,0
15728,105,104,1,1
15729,140,153,-13,13
15730,110,96,14,14
15731,101,90,11,11
15732,50,52,-2,2
15733,132,123,9,9
15734,160,156,4,4
15735,119,107,12,12
15736,94,87,7,7
15737,83,79,4,4
15738,92,89,3,3
15739,76,64,12,12
15740,103,98,5,5
15741,93,93,0,0
15742,67,69,-2,2
15743,104,112,-8,8
15744,123,117,6,6
15745,90,78,12,12
15746,75,76,-1,1
15747,120,111,9,9
15748,66,63,3,3
15749,106,104,2,2
15750,120,110,10,10
15751,98,81,17,17
15752,105,105,0,0
15753,97,95,2,2
15754,101,93,8,8
15755,80,80,0,0
15756,87,82,5,5
15757,68,63,5,5
15758,160,144,16,16
15759,77,78,-1,1
15760,65,70,-5,5
15761,90,90,0,0
15762,34,38,-4,4
15763,90,96,-6,6
15764,83,72,11,11
15765,47,44,3,3
15766,47,66,-19,19
15767,106,111,-5,5
15768,63,65,-2,2
15769,96,96,0,0
15770,108,116,-8,8
15771,85,84,1,1
15772,157,140,17,17
15773,90,72,18,18
15774,116,118,-2,2
15775,132,126,6,6
15776,123,113,10,10
15777,118,111,7,7
15778,45,55,-10,10
15779,60,59,1,1
15780,179,157,22,22
15781,111,108,3,3
15782,118,119,-1,1
15783,87,93,-6,6
15784,51,55,-4,4
15785,37,44,-7,7
15786,91,87,4,4
15787,69,71,-2,2
15788,130,110,20,20
15789,102,107,-5,5
15790,93,100,-7,7
15791,129,122,7,7
15792,54,50,4,4
15793,70,69,1,1
15794,125,108,17,17
15795,59,63,-4,4
15796,46,37,9,9
15797,64,69,-5,5
15798,113,97,16,16
15799,110,92,18,18
15800,46,51,-5,5
15801,134,138,-4,4
15802,71,81,-10,10
15803,143,143,0,0
15804,63,65,-2,2
15805,120,113,7,7
15806,86,74,12,12
15807,74,79,-5,5
15808,118,120,-2,2
15809,61,67,-6,6
15810,65,63,2,2
15811,136,119,17,17
15812,85,87,-2,2
15813,105,87,18,18
15814,146,138,8,8
15815,98,101,-3,3
15816,30,52,-22,22
15817,76,74,2,2
15818,148,134,14,14
15819,126,101,25,25
15820,121,111,10,10
15821,173,124,49,49
15822,68,81,-13,13
15823,100,100,0,0
15824,109,110,-1,1
15825,73,79,-6,6
15826,97,93,4,4
15827,92,82,10,10
15828,97,90,7,7
15829,88,95,-7,7
15830,159,141,18,18
15831,104,100,4,4
15832,65,66,-1,1
15833,84,78,6,6
15834,82,82,0,0
15835,100,105,-5,5
15836,105,102,3,3
15837,70,76,-6,6
15838,77,68,9,9
15839,111,108,3,3
15840,96,86,10,10
15841,98,104,-6,6
15842,89,86,3,3
15843,62,67,-5,5
15844,144,124,20,20
15845,134,124,10,10
15846,96,95,1,1
15847,64,75,-11,11
15848,74,73,1,1
15849,113,101,12,12
15850,125,132,-7,7
15851,122,110,12,12
15852,66,73,-7,7
15853,46,52,-6,6
15854,115,112,3,3
15855,59,66,-7,7
15856,76,71,5,5
15857,97,91,6,6
15858,125,121,4,4
15859,138,108,30,30
15860,24,35,-11,11
15861,34,39,-5,5
15862,77,73,4,4
15863,112,119,-7,7
15864,123,117,6,6
15865,88,86,2,2
15866,130,118,12,12
15867,108,105,3,3
15868,52,49,3,3
15869,112,114,-2,2
15870,41,40,1,1
15871,68,78,-10,10
15872,111,107,4,4
15873,97,100,-3,3
15874,73,73,0,0
15875,75,70,5,5
15876,79,90,-11,11
15877,62,69,-7,7
15878,75,90,-15,15
15879,128,117,11,11
15880,113,110,3,3
15881,49,44,5,5
15882,65,57,8,8
15883,64,64,0,0
15884,97,104,-7,7
15885,117,101,16,16
15886,62,60,2,2
15887,75,91,-16,16
15888,80,83,-3,3
15889,63,69,-6,6
15890,50,58,-8,8
15891,112,107,5,5
15892,129,125,4,4
15893,78,74,4,4
15894,102,102,0,0
15895,101,90,11,11
15896,67,69,-2,2
15897,49,52,-3,3
15898,184,164,20,20
15899,81,77,4,4
15900,70,69,1,1
15901,95,84,11,11
15902,111,101,10,10
15903,141,131,10,10
15904,105,101,4,4
15905,54,45,9,9
15906,78,75,3,3
15907,155,136,19,19
15908,134,123,11,11
15909,88,78,10,10
15910,66,74,-8,8
15911,64,70,-6,6
15912,60,72,-12,12
15913,94,87,7,7
15914,103,88,15,15
15915,146,136,10,10
15916,74,83,-9,9
15917,73,66,7,7
15918,62,66,-4,4
15919,103,98,5,5
15920,126,116,10,10
15921,96,87,9,9
15922,160,142,18,18
15923,118,112,6,6
15924,128,112,16,16
15925,191,175,16,16
15926,123,112,11,11
15927,107,104,3,3
15928,55,53,2,2
15929,47,43,4,4
15930,55,51,4,4
15931,58,58,0,0
15932,107,101,6,6
15933,76,73,3,3
15934,96,81,15,15
15935,57,55,2,2
15936,110,113,-3,3
15937,79,75,4,4
15938,65,69,-4,4
15939,123,109,14,14
15940,61,51,10,10
15941,65,73,-8,8
15942,113,104,9,9
15943,49,46,3,3
15944,82,91,-9,9
15945,98,97,1,1
15946,75,78,-3,3
15947,112,114,-2,2
15948,113,98,15,15
15949,94,91,3,3
15950,58,46,12,12
15951,64,67,-3,3
15952,105,109,-4,4
15953,101,97,4,4
15954,68,70,-2,2
15955,101,91,10,10
15956,52,51,1,1
15957,70,65,5,5
15958,97,128,-31,31
15959,117,104,13,13
15960,68,68,0,0
15961,127,106,21,21
15962,69,74,-5,5
15963,90,95,-5,5
15964,40,43,-3,3
15965,114,105,9,9
15966,98,95,3,3
15967,66,68,-2,2
15968,67,79,-12,12
15969,190,183,7,7
15970,104,96,8,8
15971,74,78,-4,4
15972,69,54,15,15
15973,86,93,-7,7
15974,102,90,12,12
15975,122,112,10,10
15976,142,126,16,16
15977,103,86,17,17
15978,164,148,16,16
15979,110,122,-12,12
15980,64,64,0,0
15981,74,70,4,4
15982,61,59,2,2
15983,63,67,-4,4
15984,100,86,14,14
15985,107,105,2,2
15986,102,96,6,6
15987,31,42,-11,11
15988,147,133,14,14
15989,60,64,-4,4
15990,86,82,4,4
15991,114,120,-6,6
15992,103,110,-7,7
15993,75,75,0,0
15994,95,103,-8,8
15995,87,76,11,11
15996,99,83,16,16
15997,114,112,2,2
15998,76,82,-6,6
15999,120,121,-1,1
16000,90,79,11,11
16001,64,57,7,7
16002,113,103,10,10
16003,66,64,2,2
16004,123,105,18,18
16005,132,117,15,15
16006,124,103,21,21
16007,56,57,-1,1
16008,125,127,-2,2
16009,101,97,4,4
16010,89,80,9,9
16011,57,66,-9,9
16012,98,87,11,11
16013,101,96,5,5
16014,82,85,-3,3
16015,128,133,-5,5
16016,56,57,-1,1
16017,162,156,6,6
16018,84,91,-7,7
16019,79,75,4,4
16020,53,54,-1,1
16021,55,61,-6,6
16022,62,59,3,3
16023,73,76,-3,3
16024,42,43,-1,1
16025,127,136,-9,9
16026,52,56,-4,4
16027,121,121,0,0
16028,75,82,-7,7
16029,89,85,4,4
16030,64,64,0,0
16031,36,35,1,1
16032,89,80,9,9
16033,72,65,7,7
16034,148,141,7,7
16035,106,99,7,7
16036,158,158,0,0
16037,131,120,11,11
16038,130,125,5,5
16039,77,71,6,6
16040,136,123,13,13
16041,102,99,3,3
16042,86,86,0,0
16043,89,83,6,6
16044,101,90,11,11
16045,99,94,5,5
16046,100,90,10,10
16047,69,72,-3,3
16048,92,80,12,12
16049,69,72,-3,3
16050,128,118,10,10
16051,151,140,11,11
16052,39,39,0,0
16053,44,51,-7,7
16054,74,83,-9,9
16055,82,75,7,7
16056,140,125,15,15
16057,120,105,15,15
16058,79,64,15,15
16059,89,87,2,2
16060,158,181,-23,23
16061,105,123,-18,18
16062,113,110,3,3
16063,58,54,4,4
16064,95,90,5,5
16065,82,86,-4,4
16066,140,126,14,14
16067,66,70,-4,4
16068,94,91,3,3
16069,116,114,2,2
16070,70,77,-7,7
16071,90,87,3,3
16072,73,83,-10,10
16073,62,100,-38,38
16074,55,57,-2,2
16075,87,85,2,2
16076,97,97,0,0
16077,75,74,1,1
16078,113,101,12,12
16079,148,125,23,23
16080,144,163,-19,19
16081,64,55,9,9
16082,117,100,17,17
16083,89,85,4,4
16084,106,100,6,6
16085,130,108,22,22
16086,91,98,-7,7
16087,52,53,-1,1
16088,54,62,-8,8
16089,117,98,19,19
16090,127,130,-3,3
16091,104,89,15,15
16092,122,112,10,10
16093,67,65,2,2
16094,73,76,-3,3
16095,84,83,1,1
16096,63,63,0,0
16097,199,186,13,13
16098,138,148,-10,10
16099,85,79,6,6
16100,112,113,-1,1
16101,100,100,0,0
16102,184,186,-2,2
16103,90,88,2,2
16104,55,55,0,0
16105,142,130,12,12
16106,124,118,6,6
16107,83,93,-10,10
16108,79,86,-7,7
16109,52,70,-18,18
16110,92,91,1,1
16111,71,68,3,3
16112,47,43,4,4
16113,83,86,-3,3
16114,68,67,1,1
16115,65,70,-5,5
16116,99,91,8,8
16117,114,114,0,0
16118,98,97,1,1
16119,84,99,-15,15
16120,181,156,25,25
16121,51,50,1,1
16122,95,80,15,15
16123,77,76,1,1
16124,70,74,-4,4
16125,103,96,7,7
16126,106,96,10,10
16127,70,78,-8,8
16128,92,90,2,2
16129,104,116,-12,12
16130,49,57,-8,8
16131,62,71,-9,9
16132,52,52,0,0
16133,88,84,4,4
16134,84,70,14,14
16135,80,81,-1,1
16136,55,58,-3,3
16137,84,77,7,7
16138,158,133,25,25
16139,76,70,6,6
16140,58,65,-7,7
16141,94,84,10,10
16142,44,43,1,1
16143,96,90,6,6
16144,134,119,15,15
16145,124,115,9,9
16146,137,133,4,4
16147,139,127,12,12
16148,40,45,-5,5
16149,64,66,-2,2
16150,100,98,2,2
16151,90,91,-1,1
16152,88,87,1,1
16153,80,79,1,1
16154,67,65,2,2
16155,96,93,3,3
16156,74,65,9,9
16157,80,68,12,12
16158,54,62,-8,8
16159,133,126,7,7
16160,71,67,4,4
16161,151,136,15,15
16162,150,142,8,8
16163,107,107,0,0
16164,104,103,1,1
16165,96,92,4,4
16166,164,153,11,11
16167,61,74,-13,13
16168,95,93,2,2
16169,120,112,8,8
16170,107,108,-1,1
16171,116,104,12,12
16172,89,84,5,5
16173,42,43,-1,1
16174,74,75,-1,1
16175,100,105,-5,5
16176,66,57,9,9
16177,105,103,2,2
16178,108,90,18,18
16179,144,140,4,4
16180,118,117,1,1
16181,82,78,4,4
16182,164,139,25,25
16183,125,124,1,1
16184,68,72,-4,4
16185,102,100,2,2
16186,109,112,-3,3
16187,111,96,15,15
16188,115,102,13,13
16189,58,53,5,5
16190,109,95,14,14
16191,90,89,1,1
16192,99,91,8,8
16193,124,133,-9,9
16194,147,113,34,34
16195,67,65,2,2
16196,89,88,1,1
16197,77,69,8,8
16198,106,122,-16,16
16199,78,78,0,0
16200,58,69,-11,11
16201,119,107,12,12
16202,74,79,-5,5
16203,80,78,2,2
16204,143,131,12,12
16205,160,136,24,24
16206,117,107,10,10
16207,79,72,7,7
16208,103,100,3,3
16209,88,72,16,16
16210,74,78,-4,4
16211,96,95,1,1
16212,94,109,-15,15
16213,66,65,1,1
16214,43,52,-9,9
16215,137,126,11,11
16216,89,84,5,5
16217,95,99,-4,4
16218,172,173,-1,1
16219,37,41,-4,4
16220,75,75,0,0
16221,112,109,3,3
16222,98,100,-2,2
16223,137,127,10,10
16224,122,111,11,11
16225,55,50,5,5
16226,65,63,2,2
16227,105,100,5,5
16228,67,69,-2,2
16229,115,103,12,12
16230,35,47,-12,12
16231,95,87,8,8
16232,62,55,7,7
16233,60,57,3,3
16234,142,126,16,16
16235,74,84,-10,10
16236,100,93,7,7
16237,179,99,80,80
16238,173,151,22,22
16239,161,154,7,7
16240,76,76,0,0
16241,79,88,-9,9
16242,116,103,13,13
16243,58,60,-2,2
16244,83,81,2,2
16245,48,53,-5,5
16246,74,73,1,1
16247,57,66,-9,9
16248,84,78,6,6
16249,114,99,15,15
16250,72,61,11,11
16251,96,100,-4,4
16252,113,137,-24,24
16253,105,95,10,10
16254,149,131,18,18
16255,62,63,-1,1
16256,72,59,13,13
16257,77,75,2,2
16258,152,140,12,12
16259,94,85,9,9
16260,115,107,8,8
16261,56,52,4,4
16262,65,66,-1,1
16263,111,99,12,12
16264,73,78,-5,5
16265,75,71,4,4
16266,90,86,4,4
16267,121,124,-3,3
16268,111,100,11,11
16269,179,161,18,18
16270,136,133,3,3
16271,111,108,3,3
16272,35,68,-33,33
16273,90,86,4,4
16274,58,55,3,3
16275,172,153,19,19
16276,77,74,3,3
16277,81,73,8,8
16278,31,37,-6,6
16279,87,90,-3,3
16280,63,77,-14,14
16281,114,101,13,13
16282,96,94,2,2
16283,83,79,4,4
16284,117,119,-2,2
16285,121,100,21,21
16286,89,88,1,1
16287,106,106,0,0
16288,108,98,10,10
16289,121,113,8,8
16290,160,143,17,17
16291,110,104,6,6
16292,87,74,13,13
16293,107,104,3,3
16294,117,117,0,0
16295,74,74,0,0
16296,96,94,2,2
16297,133,124,9,9
16298,81,90,-9,9
16299,81,79,2,2
16300,76,74,2,2
16301,57,63,-6,6
16302,131,133,-2,2
16303,91,81,10,10
16304,39,45,-6,6
16305,119,108,11,11
16306,138,124,14,14
16307,105,108,-3,3
16308,77,74,3,3
16309,132,130,2,2
16310,58,63,-5,5
16311,42,42,0,0
16312,67,65,2,2
16313,54,51,3,3
16314,74,72,2,2
16315,95,94,1,1
16316,73,67,6,6
16317,75,87,-12,12
16318,58,64,-6,6
16319,112,100,12,12
16320,114,102,12,12
16321,118,119,-1,1
16322,63,62,1,1
16323,59,68,-9,9
16324,56,53,3,3
16325,66,68,-2,2
16326,64,69,-5,5
16327,100,88,12,12
16328,97,96,1,1
16329,155,139,16,16
16330,93,79,14,14
16331,123,118,5,5
16332,89,77,12,12
16333,76,80,-4,4
16334,178,171,7,7
16335,67,58,9,9
16336,112,101,11,11
16337,105,99,6,6
16338,95,86,9,9
16339,81,80,1,1
16340,67,76,-9,9
16341,79,75,4,4
16342,117,118,-1,1
16343,72,77,-5,5
16344,103,104,-1,1
16345,109,103,6,6
16346,59,61,-2,2
16347,101,95,6,6
16348,112,108,4,4
16349,158,142,16,16
16350,119,116,3,3
16351,92,84,8,8
16352,38,42,-4,4
16353,66,72,-6,6
16354,69,81,-12,12
16355,51,59,-8,8
16356,200,162,38,38
16357,93,85,8,8
16358,97,96,1,1
16359,171,133,38,38
16360,65,74,-9,9
16361,102,94,8,8
16362,72,70,2,2
16363,55,55,0,0
16364,118,96,22,22
16365,86,79,7,7
16366,135,122,13,13
16367,78,71,7,7
16368,115,114,1,1
16369,140,142,-2,2
16370,61,66,-5,5
16371,48,55,-7,7
16372,78,74,4,4
16373,195,188,7,7
16374,48,56,-8,8
16375,71,66,5,5
16376,126,119,7,7
16377,207,183,24,24
16378,111,95,16,16
16379,75,84,-9,9
16380,106,102,4,4
16381,84,79,5,5
16382,140,131,9,9
16383,77,95,-18,18
16384,88,84,4,4
16385,63,60,3,3
16386,146,132,14,14
16387,43,47,-4,4
16388,87,85,2,2
16389,63,57,6,6
16390,92,99,-7,7
16391,64,71,-7,7
16392,107,94,13,13
16393,114,105,9,9
16394,76,68,8,8
16395,108,113,-5,5
16396,61,58,3,3
16397,157,149,8,8
16398,161,142,19,19
16399,81,79,2,2
16400,42,45,-3,3
16401,120,91,29,29
16402,118,102,16,16
16403,99,95,4,4
16404,78,74,4,4
16405,39,40,-1,1
16406,62,63,-1,1
16407,93,82,11,11
16408,51,56,-5,5
16409,63,82,-19,19
16410,131,137,-6,6
16411,117,97,20,20
16412,96,85,11,11
16413,158,151,7,7
16414,88,88,0,0
16415,77,84,-7,7
16416,84,81,3,3
16417,123,117,6,6
16418,84,79,5,5
16419,122,120,2,2
16420,88,87,1,1
16421,73,65,8,8
16422,198,181,17,17
16423,87,76,11,11
16424,76,81,-5,5
16425,85,85,0,0
16426,86,90,-4,4
16427,161,164,-3,3
16428,132,104,28,28
16429,65,54,11,11
16430,65,56,9,9
16431,155,142,13,13
16432,94,96,-2,2
16433,91,83,8,8
16434,94,102,-8,8
16435,132,126,6,6
16436,74,71,3,3
16437,134,128,6,6
16438,186,176,10,10
16439,117,109,8,8
16440,128,123,5,5
16441,49,54,-5,5
16442,52,55,-3,3
16443,54,48,6,6
16444,49,57,-8,8
16445,61,66,-5,5
16446,87,83,4,4
16447,121,124,-3,3
16448,110,106,4,4
16449,29,38,-9,9
16450,75,71,4,4
16451,119,120,-1,1
16452,100,90,10,10
16453,73,88,-15,15
16454,71,75,-4,4
16455,61,80,-19,19
16456,91,103,-12,12
16457,68,77,-9,9
16458,79,79,0,0
16459,141,143,-2,2
16460,89,90,-1,1
16461,132,124,8,8
16462,110,106,4,4
16463,70,73,-3,3
16464,49,50,-1,1
16465,99,98,1,1
16466,60,55,5,5
16467,94,91,3,3
16468,89,85,4,4
16469,149,139,10,10
16470,78,71,7,7
16471,133,137,-4,4
16472,134,141,-7,7
16473,65,71,-6,6
16474,117,99,18,18
16475,96,90,6,6
16476,130,111,19,19
16477,138,132,6,6
16478,85,87,-2,2
16479,128,124,4,4
16480,84,78,6,6
16481,127,112,15,15
16482,67,69,-2,2
16483,149,153,-4,4
16484,77,75,2,2
16485,91,89,2,2
16486,137,124,13,13
16487,142,132,10,10
16488,68,71,-3,3
16489,129,125,4,4
16490,120,107,13,13
16491,38,45,-7,7
16492,109,103,6,6
16493,101,91,10,10
16494,66,97,-31,31
16495,61,65,-4,4
16496,107,100,7,7
16497,112,94,18,18
16498,114,122,-8,8
16499,96,94,2,2
16500,136,128,8,8
16501,60,65,-5,5
16502,108,95,13,13
16503,109,108,1,1
16504,98,92,6,6
16505,53,67,-14,14
16506,68,56,12,12
16507,114,106,8,8
16508,181,178,3,3
16509,121,107,14,14
16510,67,67,0,0
16511,78,71,7,7
16512,74,72,2,2
16513,47,46,1,1
16514,113,119,-6,6
16515,41,41,0,0
16516,57,64,-7,7
16517,68,60,8,8
16518,88,92,-4,4
16519,76,91,-15,15
16520,96,95,1,1
16521,45,53,-8,8
16522,119,111,8,8
16523,104,107,-3,3
16524,111,102,9,9
16525,62,54,8,8
16526,94,91,3,3
16527,86,79,7,7
16528,78,83,-5,5
16529,132,128,4,4
16530,105,101,4,4
16531,141,121,20,20
16532,59,59,0,0
16533,205,167,38,38
16534,91,86,5,5
16535,87,101,-14,14
16536,87,82,5,5
16537,102,84,18,18
16538,94,83,11,11
16539,77,74,3,3
16540,61,60,1,1
16541,152,131,21,21
16542,85,85,0,0
16543,120,113,7,7
16544,83,88,-5,5
16545,135,128,7,7
16546,52,52,0,0
16547,79,72,7,7
16548,50,54,-4,4
16549,152,138,14,14
16550,80,73,7,7
16551,83,87,-4,4
16552,163,156,7,7
16553,75,84,-9,9
16554,72,72,0,0
16555,93,88,5,5
16556,118,100,18,18
16557,84,85,-1,1
16558,72,67,5,5
16559,75,75,0,0
16560,79,80,-1,1
16561,84,86,-2,2
16562,88,88,0,0
16563,99,94,5,5
16564,59,58,1,1
16565,112,107,5,5
16566,128,107,21,21
16567,115,103,12,12
16568,101,111,-10,10
16569,60,57,3,3
16570,80,85,-5,5
16571,134,132,2,2
16572,72,69,3,3
16573,160,142,18,18
16574,123,118,5,5
16575,111,104,7,7
16576,61,67,-6,6
16577,68,70,-2,2
16578,131,135,-4,4
16579,135,117,18,18
16580,217,219,-2,2
16581,56,45,11,11
16582,86,89,-3,3
16583,104,99,5,5
16584,87,93,-6,6
16585,76,75,1,1
16586,137,125,12,12
16587,86,86,0,0
16588,53,55,-2,2
16589,82,84,-2,2
16590,52,46,6,6
16591,85,81,4,4
16592,110,99,11,11
16593,58,54,4,4
16594,103,102,1,1
16595,40,43,-3,3
16596,70,67,3,3
16597,50,45,5,5
16598,69,72,-3,3
16599,108,110,-2,2
16600,82,73,9,9
16601,138,127,11,11
16602,103,100,3,3
16603,119,106,13,13
16604,111,96,15,15
16605,154,138,16,16
16606,131,119,12,12
16607,67,66,1,1
16608,76,70,6,6
16609,104,100,4,4
16610,134,115,19,19
16611,41,51,-10,10
16612,54,51,3,3
16613,116,110,6,6
16614,58,57,1,1
16615,74,82,-8,8
16616,101,101,0,0
16617,62,56,6,6
16618,141,136,5,5
16619,93,84,9,9
16620,98,93,5,5
16621,88,99,-11,11
16622,33,37,-4,4
16623,115,118,-3,3
16624,86,84,2,2
16625,156,142,14,14
16626,66,66,0,0
16627,93,81,12,12
16628,61,61,0,0
16629,128,120,8,8
16630,161,132,29,29
16631,51,53,-2,2
16632,59,59,0,0
16633,97,92,5,5
16634,157,139,18,18
16635,91,98,-7,7
16636,67,58,9,9
16637,90,92,-2,2
16638,82,80,2,2
16639,104,96,8,8
16640,96,93,3,3
16641,122,124,-2,2
16642,86,81,5,5
16643,126,116,10,10
16644,87,83,4,4
16645,77,81,-4,4
16646,117,107,10,10
16647,144,125,19,19
16648,86,75,11,11
16649,61,54,7,7
16650,79,95,-16,16
16651,96,89,7,7
16652,89,92,-3,3
16653,89,94,-5,5
16654,110,102,8,8
16655,87,76,11,11
16656,39,45,-6,6
16657,98,91,7,7
16658,151,140,11,11
16659,89,85,4,4
16660,67,65,2,2
16661,71,69,2,2
16662,119,105,14,14
16663,86,84,2,2
16664,147,137,10,10
16665,51,46,5,5
16666,83,90,-7,7
16667,83,81,2,2
16668,54,56,-2,2
16669,138,121,17,17
16670,64,65,-1,1
16671,80,77,3,3
16672,58,65,-7,7
16673,92,87,5,5
16674,56,72,-16,16
16675,114,119,-5,5
16676,58,60,-2,2
16677,51,54,-3,3
16678,111,103,8,8
16679,66,76,-10,10
16680,64,65,-1,1
16681,99,105,-6,6
16682,73,69,4,4
16683,110,94,16,16
16684,99,107,-8,8
16685,92,83,9,9
16686,57,52,5,5
16687,138,129,9,9
16688,156,152,4,4
16689,113,104,9,9
16690,37,43,-6,6
16691,119,109,10,10
16692,109,108,1,1
16693,137,127,10,10
16694,187,142,45,45
16695,77,83,-6,6
16696,78,70,8,8
16697,89,90,-1,1
16698,144,140,4,4
16699,111,106,5,5
16700,46,54,-8,8
16701,119,112,7,7
16702,89,76,13,13
16703,85,79,6,6
16704,155,131,24,24
16705,164,163,1,1
16706,176,160,16,16
16707,61,64,-3,3
16708,143,142,1,1
16709,66,54,12,12
16710,138,123,15,15
16711,107,101,6,6
16712,80,73,7,7
16713,95,89,6,6
16714,94,102,-8,8
16715,90,84,6,6
16716,65,68,-3,3
16717,75,74,1,1
16718,54,57,-3,3
16719,84,81,3,3
16720,129,113,16,16
16721,142,117,25,25
16722,96,100,-4,4
16723,112,109,3,3
16724,93,80,13,13
16725,57,56,1,1
16726,36,50,-14,14
16727,46,52,-6,6
16728,94,94,0,0
16729,57,65,-8,8
16730,106,109,-3,3
16731,130,127,3,3
16732,62,64,-2,2
16733,89,91,-2,2
16734,137,125,12,12
16735,107,109,-2,2
16736,58,57,1,1
16737,73,69,4,4
16738,86,85,1,1
16739,103,94,9,9
16740,121,118,3,3
16741,66,57,9,9
16742,87,91,-4,4
16743,59,53,6,6
16744,109,108,1,1
16745,79,87,-8,8
16746,68,70,-2,2
16747,66,69,-3,3
16748,72,71,1,1
16749,100,94,6,6
16750,102,96,6,6
16751,55,59,-4,4
16752,98,88,10,10
16753,107,102,5,5
16754,77,68,9,9
16755,76,79,-3,3
16756,65,69,-4,4
16757,134,113,21,21
16758,39,49,-10,10
16759,123,124,-1,1
16760,64,68,-4,4
16761,105,97,8,8
16762,66,66,0,0
16763,203,188,15,15
16764,144,118,26,26
16765,75,78,-3,3
16766,106,99,7,7
16767,104,101,3,3
16768,73,78,-5,5
16769,83,72,11,11
16770,81,93,-12,12
16771,83,84,-1,1
16772,100,102,-2,2
16773,103,94,9,9
16774,76,73,3,3
16775,66,66,0,0
16776,72,74,-2,2
16777,87,95,-8,8
16778,81,100,-19,19
16779,109,99,10,10
16780,103,91,12,12
16781,112,116,-4,4
16782,170,157,13,13
16783,89,85,4,4
16784,73,78,-5,5
16785,59,52,7,7
16786,135,125,10,10
16787,61,64,-3,3
16788,78,81,-3,3
16789,125,110,15,15
16790,64,72,-8,8
16791,54,58,-4,4
16792,119,111,8,8
16793,92,93,-1,1
16794,117,110,7,7
16795,88,78,10,10
16796,99,94,5,5
16797,48,53,-5,5
16798,123,119,4,4
16799,113,111,2,2
16800,98,96,2,2
16801,66,65,1,1
16802,82,78,4,4
16803,38,47,-9,9
16804,86,84,2,2
16805,135,141,-6,6
16806,140,130,10,10
16807,73,70,3,3
16808,95,94,1,1
16809,40,47,-7,7
16810,67,85,-18,18
16811,160,147,13,13
16812,121,110,11,11
16813,104,84,20,20
16814,98,93,5,5
16815,125,112,13,13
16816,119,104,15,15
16817,109,111,-2,2
16818,73,73,0,0
16819,212,182,30,30
16820,81,75,6,6
16821,104,99,5,5
16822,44,48,-4,4
16823,82,67,15,15
16824,181,150,31,31
16825,50,48,2,2
16826,90,99,-9,9
16827,87,83,4,4
16828,76,87,-11,11
16829,211,197,14,14
16830,104,93,11,11
16831,114,105,9,9
16832,143,142,1,1
16833,142,132,10,10
16834,153,162,-9,9
16835,60,56,4,4
16836,60,65,-5,5
16837,111,90,21,21
16838,143,147,-4,4
16839,76,79,-3,3
16840,73,73,0,0
16841,76,69,7,7
16842,75,74,1,1
16843,58,64,-6,6
16844,57,53,4,4
16845,112,103,9,9
16846,151,135,16,16
16847,51,48,3,3
16848,64,68,-4,4
16849,80,79,1,1
16850,89,82,7,7
16851,155,143,12,12
16852,97,89,8,8
16853,82,86,-4,4
16854,122,112,10,10
16855,110,111,-1,1
16856,91,83,8,8
16857,27,58,-31,31
16858,55,57,-2,2
16859,107,99,8,8
16860,61,68,-7,7
16861,67,73,-6,6
16862,111,117,-6,6
16863,95,88,7,7
16864,129,122,7,7
16865,165,173,-8,8
16866,139,125,14,14
16867,97,127,-30,30
16868,88,85,3,3
16869,64,71,-7,7
16870,83,76,7,7
16871,118,111,7,7
16872,81,77,4,4
16873,78,72,6,6
16874,164,159,5,5
16875,60,89,-29,29
16876,23,35,-12,12
16877,60,60,0,0
16878,58,63,-5,5
16879,102,104,-2,2
16880,100,95,5,5
16881,103,101,2,2
16882,98,86,12,12
16883,136,135,1,1
16884,110,103,7,7
16885,95,93,2,2
16886,113,108,5,5
16887,143,150,-7,7
16888,141,134,7,7
16889,117,104,13,13
16890,63,69,-6,6
16891,83,74,9,9
16892,52,57,-5,5
16893,95,102,-7,7
16894,85,83,2,2
16895,75,81,-6,6
16896,137,127,10,10
16897,81,81,0,0
16898,55,60,-5,5
16899,128,105,23,23
16900,135,114,21,21
16901,107,98,9,9
16902,68,70,-2,2
16903,95,93,2,2
16904,131,118,13,13
16905,106,100,6,6
16906,84,97,-13,13
16907,120,118,2,2
16908,69,71,-2,2
16909,93,94,-1,1
16910,100,95,5,5
16911,152,138,14,14
16912,139,144,-5,5
16913,109,104,5,5
16914,122,115,7,7
16915,70,69,1,1
16916,89,80,9,9
16917,81,67,14,14
16918,59,58,1,1
16919,74,75,-1,1
16920,121,101,20,20
16921,88,80,8,8
16922,72,89,-17,17
16923,107,103,4,4
16924,47,54,-7,7
16925,105,98,7,7
16926,61,70,-9,9
16927,116,112,4,4
16928,110,100,10,10
16929,63,60,3,3
16930,121,109,12,12
16931,52,49,3,3
16932,92,82,10,10
16933,102,115,-13,13
16934,86,84,2,2
16935,171,185,-14,14
16936,97,105,-8,8
16937,105,89,16,16
16938,127,121,6,6
16939,84,92,-8,8
16940,99,86,13,13
16941,65,60,5,5
16942,86,74,12,12
16943,107,92,15,15
16944,84,82,2,2
16945,136,122,14,14
16946,82,71,11,11
16947,52,54,-2,2
16948,103,113,-10,10
16949,102,98,4,4
16950,126,115,11,11
16951,185,168,17,17
16952,143,130,13,13
16953,48,64,-16,16
16954,142,116,26,26
16955,58,60,-2,2
16956,164,156,8,8
16957,95,91,4,4
16958,191,186,5,5
16959,115,113,2,2
16960,58,61,-3,3
16961,121,111,10,10
16962,101,95,6,6
16963,79,82,-3,3
16964,84,84,0,0
16965,69,67,2,2
16966,153,149,4,4
16967,67,74,-7,7
16968,69,81,-12,12
16969,71,74,-3,3
16970,94,94,0,0
16971,110,107,3,3
16972,105,101,4,4
16973,88,90,-2,2
16974,93,95,-2,2
16975,70,65,5,5
16976,65,68,-3,3
16977,62,67,-5,5
16978,120,111,9,9
16979,55,49,6,6
16980,73,78,-5,5
16981,102,98,4,4
16982,71,70,1,1
16983,111,126,-15,15
16984,156,148,8,8
16985,89,94,-5,5
16986,67,67,0,0
16987,71,73,-2,2
16988,71,75,-4,4
16989,108,97,11,11
16990,72,70,2,2
16991,80,72,8,8
16992,104,89,15,15
16993,111,111,0,0
16994,58,54,4,4
16995,68,65,3,3
16996,92,85,7,7
16997,161,145,16,16
16998,107,93,14,14
16999,66,76,-10,10
17000,76,80,-4,4
17001,105,99,6,6
17002,140,127,13,13
17003,77,71,6,6
17004,70,74,-4,4
17005,133,120,13,13
17006,50,59,-9,9
17007,66,67,-1,1
17008,60,73,-13,13
17009,72,75,-3,3
17010,123,100,23,23
17011,88,84,4,4
17012,110,103,7,7
17013,94,87,7,7
17014,88,81,7,7
17015,82,74,8,8
17016,107,121,-14,14
17017,69,64,5,5
17018,85,86,-1,1
17019,81,82,-1,1
17020,57,58,-1,1
17021,124,109,15,15
17022,126,121,5,5
17023,59,50,9,9
17024,78,81,-3,3
17025,112,113,-1,1
17026,87,95,-8,8
17027,101,90,11,11
17028,101,94,7,7
17029,150,142,8,8
17030,135,121,14,14
17031,146,140,6,6
17032,61,64,-3,3
17033,103,95,8,8
17034,134,119,15,15
17035,68,65,3,3
17036,84,75,9,9
17037,59,63,-4,4
17038,115,110,5,5
17039,98,82,16,16
17040,118,125,-7,7
17041,97,97,0,0
17042,94,102,-8,8
17043,143,128,15,15
17044,119,114,5,5
17045,82,87,-5,5
17046,86,92,-6,6
17047,79,81,-2,2
17048,178,180,-2,2
17049,151,133,18,18
17050,133,124,9,9
17051,71,79,-8,8
17052,56,49,7,7
17053,61,56,5,5
17054,69,75,-6,6
17055,95,94,1,1
17056,98,90,8,8
17057,88,88,0,0
17058,86,85,1,1
17059,79,85,-6,6
17060,77,70,7,7
17061,88,100,-12,12
17062,110,102,8,8
17063,138,138,0,0
17064,98,101,-3,3
17065,99,91,8,8
17066,73,70,3,3
17067,143,133,10,10
17068,44,44,0,0
17069,136,121,15,15
17070,150,136,14,14
17071,125,120,5,5
17072,134,123,11,11
17073,93,97,-4,4
17074,107,100,7,7
17075,38,44,-6,6
17076,133,139,-6,6
17077,151,142,9,9
17078,104,105,-1,1
17079,83,77,6,6
17080,124,104,20,20
17081,161,155,6,6
17082,72,65,7,7
17083,77,81,-4,4
17084,111,107,4,4
17085,107,103,4,4
17086,107,110,-3,3
17087,98,103,-5,5
17088,168,158,10,10
17089,100,87,13,13
17090,70,69,1,1
17091,68,67,1,1
17092,74,65,9,9
17093,129,125,4,4
17094,121,112,9,9
17095,69,64,5,5
17096,121,119,2,2
17097,103,99,4,4
17098,187,180,7,7
17099,61,61,0,0
17100,81,75,6,6
17101,117,121,-4,4
17102,46,67,-21,21
17103,77,73,4,4
17104,85,88,-3,3
17105,47,52,-5,5
17106,81,72,9,9
17107,99,86,13,13
17108,152,151,1,1
17109,58,69,-11,11
17110,45,51,-6,6
17111,87,83,4,4
17112,100,81,19,19
17113,41,41,0,0
17114,184,153,31,31
17115,72,71,1,1
17116,38,44,-6,6
17117,79,95,-16,16
17118,98,86,12,12
17119,71,72,-1,1
17120,62,66,-4,4
17121,90,79,11,11
17122,97,82,15,15
17123,52,50,2,2
17124,74,68,6,6
17125,154,142,12,12
17126,99,92,7,7
17127,44,39,5,5
17128,85,76,9,9
17129,128,122,6,6
17130,128,108,20,20
17131,78,91,-13,13
17132,62,65,-3,3
17133,112,119,-7,7
17134,63,67,-4,4
17135,88,86,2,2
17136,51,51,0,0
17137,129,123,6,6
17138,65,64,1,1
17139,56,52,4,4
17140,102,92,10,10
17141,87,81,6,6
17142,129,122,7,7
17143,61,65,-4,4
17144,79,76,3,3
17145,57,66,-9,9
17146,171,147,24,24
17147,90,89,1,1
17148,96,89,7,7
17149,91,86,5,5
17150,47,53,-6,6
17151,87,97,-10,10
17152,86,98,-12,12
17153,133,131,2,2
17154,133,123,10,10
17155,89,91,-2,2
17156,64,54,10,10
17157,54,55,-1,1
17158,99,110,-11,11
17159,91,88,3,3
17160,76,78,-2,2
17161,75,74,1,1
17162,72,69,3,3
17163,107,109,-2,2
17164,39,42,-3,3
17165,99,92,7,7
17166,121,112,9,9
17167,89,82,7,7
17168,132,128,4,4
17169,108,113,-5,5
17170,84,72,12,12
17171,104,99,5,5
17172,68,70,-2,2
17173,55,56,-1,1
17174,74,69,5,5
17175,85,86,-1,1
17176,63,59,4,4
17177,77,77,0,0
17178,103,101,2,2
17179,66,67,-1,1
17180,77,68,9,9
17181,112,103,9,9
17182,127,135,-8,8
17183,100,101,-1,1
17184,59,67,-8,8
17185,111,102,9,9
17186,29,37,-8,8
17187,77,77,0,0
17188,98,95,3,3
17189,108,104,4,4
17190,196,188,8,8
17191,79,76,3,3
17192,150,146,4,4
17193,99,88,11,11
17194,73,68,5,5
17195,75,76,-1,1
17196,62,59,3,3
17197,77,79,-2,2
17198,100,86,14,14
17199,139,137,2,2
17200,80,75,5,5
17201,151,118,33,33
17202,125,122,3,3
17203,70,77,-7,7
17204,141,132,9,9
17205,76,80,-4,4
17206,74,81,-7,7
17207,108,93,15,15
17208,146,121,25,25
17209,65,62,3,3
17210,92,101,-9,9
17211,98,92,6,6
17212,112,116,-4,4
17213,155,136,19,19
17214,109,103,6,6
17215,127,118,9,9
17216,40,52,-12,12
17217,106,112,-6,6
17218,106,114,-8,8
17219,68,67,1,1
17220,73,74,-1,1
17221,69,70,-1,1
17222,93,95,-2,2
17223,95,92,3,3
17224,99,93,6,6
17225,108,101,7,7
17226,77,78,-1,1
17227,76,74,2,2
17228,102,100,2,2
17229,117,104,13,13
17230,88,85,3,3
17231,82,80,2,2
17232,99,94,5,5
17233,147,129,18,18
17234,66,66,0,0
17235,79,72,7,7
17236,62,67,-5,5
17237,175,160,15,15
17238,101,97,4,4
17239,64,69,-5,5
17240,74,75,-1,1
17241,72,84,-12,12
17242,64,68,-4,4
17243,73,70,3,3
17244,48,55,-7,7
17245,186,170,16,16
17246,100,118,-18,18
17247,120,110,10,10
17248,53,66,-13,13
17249,120,107,13,13
17250,98,100,-2,2
17251,34,42,-8,8
17252,97,96,1,1
17253,118,107,11,11
17254,128,108,20,20
17255,90,84,6,6
17256,63,67,-4,4
17257,160,136,24,24
17258,177,145,32,32
17259,185,174,11,11
17260,104,99,5,5
17261,68,67,1,1
17262,119,118,1,1
17263,110,98,12,12
17264,67,57,10,10
17265,56,56,0,0
17266,160,146,14,14
17267,103,114,-11,11
17268,68,65,3,3
17269,112,112,0,0
17270,75,71,4,4
17271,101,101,0,0
17272,89,106,-17,17
17273,57,69,-12,12
17274,65,67,-2,2
17275,95,101,-6,6
17276,93,91,2,2
17277,100,93,7,7
17278,127,127,0,0
17279,105,93,12,12
17280,58,53,5,5
17281,70,72,-2,2
17282,146,142,4,4
17283,90,84,6,6
17284,75,70,5,5
17285,92,90,2,2
17286,122,116,6,6
17287,77,78,-1,1
17288,50,51,-1,1
17289,69,69,0,0
17290,36,41,-5,5
17291,97,87,10,10
17292,81,83,-2,2
17293,127,132,-5,5
17294,142,136,6,6
17295,98,99,-1,1
17296,91,79,12,12
17297,84,85,-1,1
17298,94,92,2,2
17299,71,80,-9,9
17300,87,77,10,10
17301,109,104,5,5
17302,58,53,5,5
17303,63,67,-4,4
17304,65,65,0,0
17305,45,45,0,0
17306,87,73,14,14
17307,64,64,0,0
17308,82,83,-1,1
17309,156,153,3,3
17310,138,112,26,26
17311,76,80,-4,4
17312,134,123,11,11
17313,115,106,9,9
17314,92,93,-1,1
17315,126,123,3,3
17316,103,102,1,1
17317,56,62,-6,6
17318,125,133,-8,8
17319,108,92,16,16
17320,69,69,0,0
17321,151,143,8,8
17322,88,91,-3,3
17323,101,98,3,3
17324,165,161,4,4
17325,151,129,22,22
17326,82,78,4,4
17327,65,63,2,2
17328,93,92,1,1
17329,102,97,5,5
17330,71,73,-2,2
17331,66,68,-2,2
17332,101,98,3,3
17333,109,97,12,12
17334,67,59,8,8
17335,150,138,12,12
17336,71,52,19,19
17337,93,94,-1,1
17338,106,108,-2,2
17339,127,118,9,9
17340,167,160,7,7
17341,67,66,1,1
17342,137,132,5,5
17343,90,87,3,3
17344,48,52,-4,4
17345,79,71,8,8
17346,72,76,-4,4
17347,139,130,9,9
17348,81,85,-4,4
17349,124,119,5,5
17350,114,101,13,13
17351,75,74,1,1
17352,73,73,0,0
17353,90,81,9,9
17354,156,151,5,5
17355,107,103,4,4
17356,88,87,1,1
17357,135,142,-7,7
17358,120,102,18,18
17359,55,67,-12,12
17360,58,63,-5,5
17361,104,108,-4,4
17362,53,46,7,7
17363,65,59,6,6
17364,71,69,2,2
17365,36,46,-10,10
17366,135,120,15,15
17367,159,147,12,12
17368,118,100,18,18
17369,93,96,-3,3
17370,91,89,2,2
17371,66,71,-5,5
17372,68,60,8,8
17373,81,77,4,4
17374,138,138,0,0
17375,68,69,-1,1
17376,128,127,1,1
17377,97,105,-8,8
17378,83,85,-2,2
17379,194,176,18,18
17380,63,59,4,4
17381,68,63,5,5
17382,68,67,1,1
17383,89,92,-3,3
17384,103,91,12,12
17385,113,121,-8,8
17386,95,91,4,4
17387,93,81,12,12
17388,68,65,3,3
17389,57,51,6,6
17390,58,63,-5,5
17391,174,154,20,20
17392,71,71,0,0
17393,106,96,10,10
17394,63,62,1,1
17395,63,52,11,11
17396,126,114,12,12
17397,104,96,8,8
17398,83,82,1,1
17399,80,81,-1,1
17400,175,163,12,12
17401,77,94,-17,17
17402,146,129,17,17
17403,78,74,4,4
17404,114,99,15,15
17405,86,97,-11,11
17406,149,142,7,7
17407,170,161,9,9
17408,121,112,9,9
17409,61,60,1,1
17410,64,57,7,7
17411,67,62,5,5
17412,99,104,-5,5
17413,185,163,22,22
17414,56,67,-11,11
17415,99,94,5,5
17416,75,81,-6,6
17417,85,74,11,11
17418,92,83,9,9
17419,91,82,9,9
17420,80,70,10,10
17421,56,69,-13,13
17422,80,74,6,6
17423,135,123,12,12
17424,98,117,-19,19
17425,150,150,0,0
17426,53,61,-8,8
17427,106,101,5,5
17428,74,76,-2,2
17429,196,183,13,13
17430,88,82,6,6
17431,47,54,-7,7
17432,101,105,-4,4
17433,110,98,12,12
17434,116,113,3,3
17435,96,99,-3,3
17436,65,60,5,5
17437,55,47,8,8
17438,140,138,2,2
17439,94,80,14,14
17440,89,79,10,10
17441,101,89,12,12
17442,80,71,9,9
17443,112,103,9,9
17444,106,111,-5,5
17445,103,106,-3,3
17446,60,60,0,0
17447,95,97,-2,2
17448,87,87,0,0
17449,45,44,1,1
17450,92,92,0,0
17451,108,101,7,7
17452,98,91,7,7
17453,62,66,-4,4
17454,107,103,4,4
17455,74,69,5,5
17456,137,117,20,20
17457,75,73,2,2
17458,66,66,0,0
17459,100,97,3,3
17460,129,139,-10,10
17461,79,78,1,1
17462,111,98,13,13
17463,88,93,-5,5
17464,63,67,-4,4
17465,95,100,-5,5
17466,74,74,0,0
17467,108,104,4,4
17468,115,104,11,11
17469,96,92,4,4
17470,146,127,19,19
17471,178,162,16,16
17472,171,159,12,12
17473,171,148,23,23
17474,151,145,6,6
17475,90,90,0,0
17476,94,84,10,10
17477,89,76,13,13
17478,71,71,0,0
17479,223,201,22,22
17480,66,68,-2,2
17481,116,111,5,5
17482,69,67,2,2
17483,153,138,15,15
17484,48,52,-4,4
17485,83,82,1,1
17486,177,161,16,16
17487,70,81,-11,11
17488,80,83,-3,3
17489,77,78,-1,1
17490,69,66,3,3
17491,81,72,9,9
17492,115,114,1,1
17493,96,102,-6,6
17494,94,84,10,10
17495,46,51,-5,5
17496,88,98,-10,10
17497,90,77,13,13
17498,89,93,-4,4
17499,65,58,7,7
17500,78,74,4,4
17501,76,74,2,2
17502,116,104,12,12
17503,127,113,14,14
17504,146,138,8,8
17505,89,90,-1,1
17506,42,65,-23,23
17507,73,66,7,7
17508,61,59,2,2
17509,79,72,7,7
17510,105,98,7,7
17511,64,64,0,0
17512,115,114,1,1
17513,66,74,-8,8
17514,75,73,2,2
17515,82,82,0,0
17516,46,55,-9,9
17517,106,105,1,1
17518,74,80,-6,6
17519,58,77,-19,19
17520,89,90,-1,1
17521,76,71,5,5
17522,90,78,12,12
17523,108,104,4,4
17524,89,95,-6,6
17525,75,70,5,5
17526,98,92,6,6
17527,87,82,5,5
17528,65,67,-2,2
17529,121,103,18,18
17530,63,67,-4,4
17531,139,141,-2,2
17532,80,81,-1,1
17533,75,73,2,2
17534,64,67,-3,3
17535,48,45,3,3
17536,115,109,6,6
17537,82,81,1,1
17538,120,114,6,6
17539,141,138,3,3
17540,67,76,-9,9
17541,48,64,-16,16
17542,117,109,8,8
17543,173,159,14,14
17544,74,79,-5,5
17545,53,53,0,0
17546,33,42,-9,9
17547,79,83,-4,4
17548,76,68,8,8
17549,119,104,15,15
17550,139,129,10,10
17551,77,75,2,2
17552,115,103,12,12
17553,67,73,-6,6
17554,105,92,13,13
17555,127,124,3,3
17556,84,79,5,5
17557,106,108,-2,2
17558,79,87,-8,8
17559,96,100,-4,4
17560,82,76,6,6
17561,146,137,9,9
17562,98,96,2,2
17563,116,120,-4,4
17564,42,43,-1,1
17565,82,81,1,1
17566,71,71,0,0
17567,103,90,13,13
17568,60,64,-4,4
17569,86,82,4,4
17570,137,122,15,15
17571,105,95,10,10
17572,68,73,-5,5
17573,94,95,-1,1
17574,190,172,18,18
17575,61,61,0,0
17576,112,108,4,4
17577,72,64,8,8
17578,137,122,15,15
17579,85,84,1,1
17580,190,178,12,12
17581,145,145,0,0
17582,100,101,-1,1
17583,143,128,15,15
17584,81,80,1,1
17585,58,63,-5,5
17586,79,89,-10,10
17587,119,113,6,6
17588,63,64,-1,1
17589,106,97,9,9
17590,111,99,12,12
17591,90,89,1,1
17592,134,134,0,0
17593,129,112,17,17
17594,67,68,-1,1
17595,128,126,2,2
17596,43,45,-2,2
17597,58,57,1,1
17598,123,125,-2,2
17599,63,62,1,1
17600,61,68,-7,7
17601,74,61,13,13
17602,117,102,15,15
17603,132,103,29,29
17604,73,59,14,14
17605,127,121,6,6
17606,170,163,7,7
17607,101,100,1,1
17608,118,101,17,17
17609,73,71,2,2
17610,82,80,2,2
17611,100,95,5,5
17612,62,67,-5,5
17613,80,70,10,10
17614,50,52,-2,2
17615,68,69,-1,1
17616,163,151,12,12
17617,49,50,-1,1
17618,75,75,0,0
17619,133,121,12,12
17620,115,112,3,3
17621,102,103,-1,1
17622,74,75,-1,1
17623,161,141,20,20
17624,130,128,2,2
17625,122,111,11,11
17626,109,98,11,11
17627,120,123,-3,3
17628,72,52,20,20
17629,90,93,-3,3
17630,80,90,-10,10
17631,103,109,-6,6
17632,134,125,9,9
17633,93,89,4,4
17634,82,80,2,2
17635,184,164,20,20
17636,84,81,3,3
17637,62,62,0,0
17638,65,65,0,0
17639,68,71,-3,3
17640,118,112,6,6
17641,81,80,1,1
17642,116,110,6,6
17643,116,112,4,4
17644,85,76,9,9
17645,55,58,-3,3
17646,91,89,2,2
17647,79,80,-1,1
17648,24,43,-19,19
17649,155,141,14,14
17650,97,82,15,15
17651,69,78,-9,9
17652,105,99,6,6
17653,158,154,4,4
17654,129,126,3,3
17655,115,105,10,10
17656,92,95,-3,3
17657,82,83,-1,1
17658,100,99,1,1
17659,66,53,13,13
17660,46,52,-6,6
17661,141,138,3,3
17662,128,122,6,6
17663,101,80,21,21
17664,103,91,12,12
17665,75,70,5,5
17666,125,118,7,7
17667,50,47,3,3
17668,67,64,3,3
17669,91,91,0,0
17670,95,92,3,3
17671,133,119,14,14
17672,124,117,7,7
17673,59,55,4,4
17674,138,129,9,9
17675,132,127,5,5
17676,109,101,8,8
17677,72,76,-4,4
17678,84,85,-1,1
17679,107,102,5,5
17680,73,78,-5,5
17681,76,77,-1,1
17682,122,105,17,17
17683,107,106,1,1
17684,38,43,-5,5
17685,127,114,13,13
17686,82,73,9,9
17687,189,166,23,23
17688,115,105,10,10
17689,100,95,5,5
17690,70,65,5,5
17691,81,71,10,10
17692,150,159,-9,9
17693,94,85,9,9
17694,88,83,5,5
17695,81,81,0,0
17696,148,144,4,4
17697,75,84,-9,9
17698,90,83,7,7
17699,124,116,8,8
17700,46,45,1,1
17701,103,105,-2,2
17702,101,91,10,10
17703,93,93,0,0
17704,105,103,2,2
17705,91,90,1,1
17706,138,133,5,5
17707,85,84,1,1
17708,102,92,10,10
17709,72,84,-12,12
17710,81,76,5,5
17711,118,111,7,7
17712,114,118,-4,4
17713,118,112,6,6
17714,79,81,-2,2
17715,149,132,17,17
17716,74,79,-5,5
17717,46,48,-2,2
17718,76,68,8,8
17719,80,75,5,5
17720,124,133,-9,9
17721,126,130,-4,4
17722,57,52,5,5
17723,91,101,-10,10
17724,206,174,32,32
17725,122,105,17,17
17726,89,91,-2,2
17727,108,106,2,2
17728,170,154,16,16
17729,89,87,2,2
17730,90,84,6,6
17731,85,86,-1,1
17732,80,69,11,11
17733,105,89,16,16
17734,84,70,14,14
17735,97,93,4,4
17736,60,59,1,1
17737,39,47,-8,8
17738,103,91,12,12
17739,122,120,2,2
17740,105,102,3,3
17741,72,73,-1,1
17742,72,77,-5,5
17743,126,114,12,12
17744,113,103,10,10
17745,88,82,6,6
17746,121,116,5,5
17747,88,91,-3,3
17748,72,68,4,4
17749,65,72,-7,7
17750,74,80,-6,6
17751,112,113,-1,1
17752,53,52,1,1
17753,138,128,10,10
17754,108,106,2,2
17755,65,66,-1,1
17756,72,74,-2,2
17757,122,110,12,12
17758,48,58,-10,10
17759,93,85,8,8
17760,124,114,10,10
17761,92,90,2,2
17762,66,69,-3,3
17763,69,66,3,3
17764,144,150,-6,6
17765,103,104,-1,1
17766,96,92,4,4
17767,107,100,7,7
17768,129,120,9,9
17769,60,60,0,0
17770,72,70,2,2
17771,53,52,1,1
17772,117,99,18,18
17773,109,106,3,3
17774,73,74,-1,1
17775,121,112,9,9
17776,193,183,10,10
17777,69,75,-6,6
17778,80,66,14,14
17779,135,116,19,19
17780,47,47,0,0
17781,75,70,5,5
17782,135,138,-3,3
17783,97,91,6,6
17784,76,78,-2,2
17785,108,101,7,7
17786,110,108,2,2
17787,87,90,-3,3
17788,59,59,0,0
17789,163,152,11,11
17790,80,80,0,0
17791,169,145,24,24
17792,91,88,3,3
17793,122,115,7,7
17794,97,93,4,4
17795,63,69,-6,6
17796,139,140,-1,1
17797,76,74,2,2
17798,80,76,4,4
17799,79,74,5,5
17800,112,108,4,4
17801,94,91,3,3
17802,103,105,-2,2
17803,53,60,-7,7
17804,70,73,-3,3
17805,156,151,5,5
17806,29,52,-23,23
17807,128,131,-3,3
17808,125,124,1,1
17809,126,101,25,25
17810,50,83,-33,33
17811,152,145,7,7
17812,195,158,37,37
17813,76,80,-4,4
17814,87,86,1,1
17815,80,73,7,7
17816,66,62,4,4
17817,72,72,0,0
17818,104,111,-7,7
17819,67,65,2,2
17820,109,105,4,4
17821,146,139,7,7
17822,59,67,-8,8
17823,78,72,6,6
17824,73,69,4,4
17825,139,131,8,8
17826,103,94,9,9
17827,112,115,-3,3
17828,99,87,12,12
17829,68,75,-7,7
17830,53,67,-14,14
17831,152,125,27,27
17832,55,55,0,0
17833,96,99,-3,3
17834,78,77,1,1
17835,69,89,-20,20
17836,54,51,3,3
17837,118,109,9,9
17838,120,103,17,17
17839,45,58,-13,13
17840,94,87,7,7
17841,141,136,5,5
17842,81,84,-3,3
17843,85,91,-6,6
17844,100,99,1,1
17845,104,104,0,0
17846,189,159,30,30
17847,79,70,9,9
17848,98,94,4,4
17849,53,51,2,2
17850,139,127,12,12
17851,96,108,-12,12
17852,75,74,1,1
17853,74,75,-1,1
17854,142,137,5,5
17855,135,146,-11,11
17856,40,42,-2,2
17857,176,156,20,20
17858,55,59,-4,4
17859,70,78,-8,8
17860,71,73,-2,2
17861,55,62,-7,7
17862,168,159,9,9
17863,146,128,18,18
17864,111,105,6,6
17865,117,97,20,20
17866,64,66,-2,2
17867,106,96,10,10
17868,110,99,11,11
17869,79,77,2,2
17870,95,84,11,11
17871,121,113,8,8
17872,129,123,6,6
17873,98,85,13,13
17874,60,58,2,2
17875,53,59,-6,6
17876,121,106,15,15
17877,112,129,-17,17
17878,54,57,-3,3
17879,76,75,1,1
17880,126,131,-5,5
17881,131,116,15,15
17882,45,47,-2,2
17883,135,128,7,7
17884,95,86,9,9
17885,80,73,7,7
17886,96,89,7,7
17887,143,129,14,14
17888,59,63,-4,4
17889,140,132,8,8
17890,73,74,-1,1
17891,109,107,2,2
17892,116,120,-4,4
17893,42,47,-5,5
17894,44,41,3,3
17895,151,144,7,7
17896,109,107,2,2
17897,106,86,20,20
17898,131,104,27,27
17899,139,127,12,12
17900,77,70,7,7
17901,127,117,10,10
17902,79,88,-9,9
17903,140,134,6,6
17904,63,59,4,4
17905,121,119,2,2
17906,65,60,5,5
17907,146,127,19,19
17908,110,99,11,11
17909,101,102,-1,1
17910,35,42,-7,7
17911,105,98,7,7
17912,154,153,1,1
17913,72,68,4,4
17914,98,99,-1,1
17915,126,130,-4,4
17916,142,129,13,13
17917,98,111,-13,13
17918,82,84,-2,2
17919,86,89,-3,3
17920,79,75,4,4
17921,111,96,15,15
17922,74,71,3,3
17923,58,54,4,4
17924,48,49,-1,1
17925,74,72,2,2
17926,123,113,10,10
17927,40,49,-9,9
17928,80,64,16,16
17929,63,57,6,6
17930,115,97,18,18
17931,107,107,0,0
17932,80,73,7,7
17933,85,81,4,4
17934,166,155,11,11
17935,71,77,-6,6
17936,56,60,-4,4
17937,48,57,-9,9
17938,96,88,8,8
17939,54,53,1,1
17940,124,122,2,2
17941,92,89,3,3
17942,51,58,-7,7
17943,62,68,-6,6
17944,89,83,6,6
17945,141,130,11,11
17946,87,72,15,15
17947,75,81,-6,6
17948,81,77,4,4
17949,65,81,-16,16
17950,90,80,10,10
17951,85,82,3,3
17952,71,74,-3,3
17953,61,68,-7,7
17954,104,100,4,4
17955,98,99,-1,1
17956,68,67,1,1
17957,77,68,9,9
17958,90,85,5,5
17959,71,86,-15,15
17960,59,70,-11,11
17961,109,93,16,16
17962,105,103,2,2
17963,175,159,16,16
17964,83,88,-5,5
17965,139,123,16,16
17966,68,68,0,0
17967,88,90,-2,2
17968,75,68,7,7
17969,104,106,-2,2
17970,126,112,14,14
17971,91,92,-1,1
17972,94,97,-3,3
17973,89,82,7,7
17974,41,47,-6,6
17975,91,110,-19,19
17976,81,82,-1,1
17977,72,69,3,3
17978,146,125,21,21
17979,80,80,0,0
17980,141,115,26,26
17981,104,91,13,13
17982,111,102,9,9
17983,115,115,0,0
17984,67,68,-1,1
17985,132,122,10,10
17986,118,114,4,4
17987,79,72,7,7
17988,67,78,-11,11
17989,158,131,27,27
17990,90,80,10,10
17991,78,79,-1,1
17992,52,52,0,0
17993,67,68,-1,1
17994,57,70,-13,13
17995,93,92,1,1
17996,73,72,1,1
17997,100,104,-4,4
17998,150,130,20,20
17999,68,68,0,0
18000,74,73,1,1
18001,100,96,4,4
18002,92,95,-3,3
18003,101,104,-3,3
18004,96,89,7,7
18005,161,143,18,18
18006,71,75,-4,4
18007,97,92,5,5
18008,62,60,2,2
18009,70,71,-1,1
18010,106,97,9,9
18011,67,72,-5,5
18012,56,65,-9,9
18013,75,69,6,6
18014,47,45,2,2
18015,78,74,4,4
18016,62,56,6,6
18017,68,65,3,3
18018,106,96,10,10
18019,125,109,16,16
18020,84,97,-13,13
18021,107,99,8,8
18022,63,63,0,0
18023,76,85,-9,9
18024,98,86,12,12
18025,139,110,29,29
18026,94,92,2,2
18027,142,135,7,7
18028,121,114,7,7
18029,79,77,2,2
18030,123,119,4,4
18031,82,81,1,1
18032,174,165,9,9
18033,116,120,-4,4
18034,51,52,-1,1
18035,157,140,17,17
18036,57,61,-4,4
18037,71,66,5,5
18038,30,36,-6,6
18039,102,98,4,4
18040,140,122,18,18
18041,156,153,3,3
18042,44,42,2,2
18043,157,144,13,13
18044,91,89,2,2
18045,111,120,-9,9
18046,107,98,9,9
18047,83,86,-3,3
18048,83,76,7,7
18049,103,93,10,10
18050,84,72,12,12
18051,79,76,3,3
18052,119,103,16,16
18053,66,67,-1,1
18054,34,57,-23,23
18055,134,124,10,10
18056,108,102,6,6
18057,60,66,-6,6
18058,33,37,-4,4
18059,105,108,-3,3
18060,71,73,-2,2
18061,92,92,0,0
18062,62,65,-3,3
18063,54,57,-3,3
18064,85,87,-2,2
18065,154,131,23,23
18066,109,98,11,11
18067,120,129,-9,9
18068,55,52,3,3
18069,102,106,-4,4
18070,58,55,3,3
18071,34,42,-8,8
18072,91,89,2,2
18073,110,102,8,8
18074,117,103,14,14
18075,102,123,-21,21
18076,95,88,7,7
18077,38,44,-6,6
18078,88,85,3,3
18079,107,90,17,17
18080,113,108,5,5
18081,58,59,-1,1
18082,56,65,-9,9
18083,68,71,-3,3
18084,59,55,4,4
18085,169,164,5,5
18086,70,64,6,6
18087,117,109,8,8
18088,84,81,3,3
18089,150,152,-2,2
18090,123,130,-7,7
18091,72,70,2,2
18092,108,106,2,2
18093,87,85,2,2
18094,123,143,-20,20
18095,79,77,2,2
18096,112,124,-12,12
18097,77,68,9,9
18098,123,114,9,9
18099,109,114,-5,5
18100,82,73,9,9
18101,57,71,-14,14
18102,120,109,11,11
18103,117,119,-2,2
18104,53,52,1,1
18105,72,75,-3,3
18106,90,80,10,10
18107,92,104,-12,12
18108,88,81,7,7
18109,55,69,-14,14
18110,62,53,9,9
18111,108,109,-1,1
18112,85,73,12,12
18113,66,82,-16,16
18114,165,164,1,1
18115,124,126,-2,2
18116,75,80,-5,5
18117,54,53,1,1
18118,141,133,8,8
18119,67,66,1,1
18120,94,93,1,1
18121,102,108,-6,6
18122,119,119,0,0
18123,53,58,-5,5
18124,122,134,-12,12
18125,60,58,2,2
18126,88,89,-1,1
18127,101,102,-1,1
18128,64,66,-2,2
18129,48,67,-19,19
18130,75,71,4,4
18131,53,68,-15,15
18132,123,106,17,17
18133,90,83,7,7
18134,137,138,-1,1
18135,95,97,-2,2
18136,88,105,-17,17
18137,106,106,0,0
18138,155,144,11,11
18139,75,66,9,9
18140,62,64,-2,2
18141,91,85,6,6
18142,58,52,6,6
18143,51,59,-8,8
18144,120,116,4,4
18145,94,95,-1,1
18146,112,102,10,10
18147,84,98,-14,14
18148,67,71,-4,4
18149,83,81,2,2
18150,162,151,11,11
18151,122,119,3,3
18152,36,43,-7,7
18153,127,119,8,8
18154,75,89,-14,14
18155,119,103,16,16
18156,147,137,10,10
18157,105,100,5,5
18158,55,53,2,2
18159,90,84,6,6
18160,57,57,0,0
18161,100,96,4,4
18162,63,61,2,2
18163,58,63,-5,5
18164,140,145,-5,5
18165,107,100,7,7
18166,71,80,-9,9
18167,145,142,3,3
18168,64,69,-5,5
18169,94,83,11,11
18170,71,67,4,4
18171,68,73,-5,5
18172,109,95,14,14
18173,67,67,0,0
18174,81,81,0,0
18175,101,91,10,10
18176,135,118,17,17
18177,60,52,8,8
18178,154,141,13,13
18179,131,116,15,15
18180,97,84,13,13
18181,65,67,-2,2
18182,132,123,9,9
18183,95,95,0,0
18184,97,88,9,9
18185,122,109,13,13
18186,80,83,-3,3
18187,89,81,8,8
18188,97,82,15,15
18189,106,101,5,5
18190,101,98,3,3
18191,116,124,-8,8
18192,70,85,-15,15
18193,44,48,-4,4
18194,149,138,11,11
18195,95,94,1,1
18196,79,75,4,4
18197,114,111,3,3
18198,77,68,9,9
18199,121,107,14,14
18200,80,81,-1,1
18201,117,103,14,14
18202,150,133,17,17
18203,85,76,9,9
18204,72,80,-8,8
18205,112,104,8,8
18206,91,85,6,6
18207,61,56,5,5
18208,126,114,12,12
18209,78,74,4,4
18210,129,123,6,6
18211,71,71,0,0
18212,72,75,-3,3
18213,166,157,9,9
18214,134,125,9,9
18215,36,41,-5,5
18216,63,68,-5,5
18217,73,70,3,3
18218,88,87,1,1
18219,88,93,-5,5
18220,113,115,-2,2
18221,138,126,12,12
18222,88,70,18,18
18223,127,123,4,4
18224,216,202,14,14
18225,108,102,6,6
18226,137,131,6,6
18227,66,78,-12,12
18228,68,75,-7,7
18229,100,93,7,7
18230,50,51,-1,1
18231,130,129,1,1
18232,100,102,-2,2
18233,201,164,37,37
18234,53,53,0,0
18235,65,68,-3,3
18236,60,58,2,2
18237,177,166,11,11
18238,88,80,8,8
18239,64,67,-3,3
18240,141,140,1,1
18241,87,88,-1,1
18242,144,135,9,9
18243,118,104,14,14
18244,84,86,-2,2
18245,80,84,-4,4
18246,131,131,0,0
18247,61,65,-4,4
18248,93,86,7,7
18249,78,86,-8,8
18250,58,54,4,4
18251,99,85,14,14
18252,107,97,10,10
18253,119,114,5,5
18254,104,111,-7,7
18255,87,92,-5,5
18256,88,82,6,6
18257,131,125,6,6
18258,126,119,7,7
18259,125,114,11,11
18260,99,104,-5,5
18261,127,122,5,5
18262,34,54,-20,20
18263,77,69,8,8
18264,88,86,2,2
18265,106,115,-9,9
18266,104,95,9,9
18267,78,84,-6,6
18268,78,72,6,6
18269,211,184,27,27
18270,68,51,17,17
18271,110,106,4,4
18272,86,85,1,1
18273,102,98,4,4
18274,82,75,7,7
18275,57,55,2,2
18276,106,103,3,3
18277,52,55,-3,3
18278,60,56,4,4
18279,78,79,-1,1
18280,66,62,4,4
18281,134,125,9,9
18282,61,64,-3,3
18283,88,81,7,7
18284,95,95,0,0
18285,79,79,0,0
18286,109,105,4,4
18287,74,75,-1,1
18288,82,73,9,9
18289,77,76,1,1
18290,89,84,5,5
18291,115,104,11,11
18292,64,66,-2,2
18293,143,129,14,14
18294,189,175,14,14
18295,27,39,-12,12
18296,82,89,-7,7
18297,127,133,-6,6
18298,121,104,17,17
18299,103,100,3,3
18300,55,53,2,2
18301,163,159,4,4
18302,93,92,1,1
18303,95,91,4,4
18304,123,121,2,2
18305,59,61,-2,2
18306,112,101,11,11
18307,76,76,0,0
18308,77,83,-6,6
18309,62,66,-4,4
18310,71,71,0,0
18311,60,60,0,0
18312,141,140,1,1
18313,91,91,0,0
18314,96,89,7,7
18315,58,61,-3,3
18316,93,89,4,4
18317,165,161,4,4
18318,199,187,12,12
18319,98,94,4,4
18320,152,147,5,5
18321,81,73,8,8
18322,93,83,10,10
18323,122,108,14,14
18324,83,82,1,1
18325,82,84,-2,2
18326,61,65,-4,4
18327,87,89,-2,2
18328,44,61,-17,17
18329,90,99,-9,9
18330,50,54,-4,4
18331,122,116,6,6
18332,82,79,3,3
18333,101,102,-1,1
18334,93,91,2,2
18335,132,118,14,14
18336,111,112,-1,1
18337,96,80,16,16
18338,47,47,0,0
18339,113,108,5,5
18340,182,172,10,10
18341,107,123,-16,16
18342,99,106,-7,7
18343,72,74,-2,2
18344,84,86,-2,2
18345,55,54,1,1
18346,154,153,1,1
18347,39,45,-6,6
18348,107,101,6,6
18349,89,92,-3,3
18350,114,120,-6,6
18351,99,100,-1,1
18352,76,80,-4,4
18353,61,69,-8,8
18354,112,95,17,17
18355,79,76,3,3
18356,81,77,4,4
18357,80,82,-2,2
18358,49,60,-11,11
18359,48,39,9,9
18360,113,106,7,7
18361,91,92,-1,1
18362,76,73,3,3
18363,144,143,1,1
18364,67,67,0,0
18365,81,70,11,11
18366,111,106,5,5
18367,78,78,0,0
18368,53,59,-6,6
18369,77,79,-2,2
18370,71,83,-12,12
18371,76,69,7,7
18372,65,66,-1,1
18373,90,89,1,1
18374,165,152,13,13
18375,188,179,9,9
18376,58,158,-100,100
18377,81,77,4,4
18378,65,68,-3,3
18379,91,90,1,1
18380,116,111,5,5
18381,145,130,15,15
18382,111,117,-6,6
18383,146,135,11,11
18384,119,104,15,15
18385,91,91,0,0
18386,116,116,0,0
18387,48,49,-1,1
18388,107,115,-8,8
18389,63,63,0,0
18390,120,108,12,12
18391,86,81,5,5
18392,93,91,2,2
18393,89,91,-2,2
18394,95,95,0,0
18395,90,80,10,10
18396,104,96,8,8
18397,144,138,6,6
18398,119,105,14,14
18399,82,82,0,0
18400,61,72,-11,11
18401,93,97,-4,4
18402,142,125,17,17
18403,73,71,2,2
18404,133,115,18,18
18405,128,131,-3,3
18406,104,98,6,6
18407,90,86,4,4
18408,88,93,-5,5
18409,65,76,-11,11
18410,102,95,7,7
18411,176,153,23,23
18412,90,90,0,0
18413,241,213,28,28
18414,115,98,17,17
18415,69,69,0,0
18416,94,83,11,11
18417,123,114,9,9
18418,96,105,-9,9
18419,90,94,-4,4
18420,59,62,-3,3
18421,76,68,8,8
18422,72,69,3,3
18423,70,74,-4,4
18424,67,66,1,1
18425,83,83,0,0
18426,205,178,27,27
18427,62,66,-4,4
18428,214,201,13,13
18429,79,70,9,9
18430,142,127,15,15
18431,88,81,7,7
18432,107,107,0,0
18433,120,107,13,13
18434,108,103,5,5
18435,102,92,10,10
18436,64,68,-4,4
18437,86,92,-6,6
18438,70,71,-1,1
18439,130,106,24,24
18440,97,85,12,12
18441,85,86,-1,1
18442,67,63,4,4
18443,142,110,32,32
18444,48,55,-7,7
18445,88,80,8,8
18446,123,124,-1,1
18447,69,78,-9,9
18448,92,87,5,5
18449,69,72,-3,3
18450,45,49,-4,4
18451,64,64,0,0
18452,84,76,8,8
18453,131,121,10,10
18454,78,79,-1,1
18455,32,39,-7,7
18456,85,76,9,9
18457,100,90,10,10
18458,99,80,19,19
18459,125,114,11,11
18460,91,79,12,12
18461,196,180,16,16
18462,94,115,-21,21
18463,54,51,3,3
18464,134,121,13,13
18465,168,146,22,22
18466,64,60,4,4
18467,73,77,-4,4
18468,96,85,11,11
18469,82,72,10,10
18470,48,51,-3,3
18471,65,70,-5,5
18472,121,120,1,1
18473,102,103,-1,1
18474,69,65,4,4
18475,92,89,3,3
18476,79,78,1,1
18477,107,108,-1,1
18478,76,88,-12,12
18479,73,78,-5,5
18480,75,69,6,6
18481,150,149,1,1
18482,149,141,8,8
18483,144,131,13,13
18484,113,107,6,6
18485,62,69,-7,7
18486,108,107,1,1
18487,103,104,-1,1
18488,58,89,-31,31
18489,42,53,-11,11
18490,115,95,20,20
18491,58,85,-27,27
18492,115,100,15,15
18493,109,98,11,11
18494,51,42,9,9
18495,70,66,4,4
18496,68,82,-14,14
18497,143,137,6,6
18498,83,70,13,13
18499,116,105,11,11
18500,45,45,0,0
18501,90,85,5,5
18502,67,66,1,1
18503,100,100,0,0
18504,113,113,0,0
18505,30,46,-16,16
18506,98,96,2,2
18507,67,70,-3,3
18508,53,61,-8,8
18509,105,102,3,3
18510,123,123,0,0
18511,57,58,-1,1
18512,125,110,15,15
18513,98,91,7,7
18514,111,110,1,1
18515,122,112,10,10
18516,117,115,2,2
18517,74,74,0,0
18518,84,79,5,5
18519,143,137,6,6
18520,121,110,11,11
18521,121,116,5,5
18522,99,93,6,6
18523,103,91,12,12
18524,104,90,14,14
18525,63,56,7,7
18526,222,186,36,36
18527,113,102,11,11
18528,88,87,1,1
18529,122,101,21,21
18530,109,115,-6,6
18531,72,67,5,5
18532,64,61,3,3
18533,144,132,12,12
18534,82,80,2,2
18535,82,84,-2,2
18536,162,152,10,10
18537,112,117,-5,5
18538,62,64,-2,2
18539,78,96,-18,18
18540,48,46,2,2
18541,90,86,4,4
18542,130,113,17,17
18543,70,71,-1,1
18544,141,145,-4,4
18545,138,128,10,10
18546,126,92,34,34
18547,71,68,3,3
18548,89,94,-5,5
18549,138,129,9,9
18550,70,64,6,6
18551,123,111,12,12
18552,72,74,-2,2
18553,107,105,2,2
18554,58,55,3,3
18555,90,82,8,8
18556,136,136,0,0
18557,163,152,11,11
18558,108,97,11,11
18559,83,69,14,14
18560,117,111,6,6
18561,142,133,9,9
18562,69,67,2,2
18563,100,89,11,11
18564,211,184,27,27
18565,148,148,0,0
18566,82,79,3,3
18567,86,87,-1,1
18568,201,188,13,13
18569,113,118,-5,5
18570,126,121,5,5
18571,64,58,6,6
18572,98,95,3,3
18573,51,49,2,2
18574,93,103,-10,10
18575,60,60,0,0
18576,82,77,5,5
18577,95,107,-12,12
18578,94,82,12,12
18579,81,78,3,3
18580,111,112,-1,1
18581,63,70,-7,7
18582,55,57,-2,2
18583,142,136,6,6
18584,139,119,20,20
18585,118,108,10,10
18586,209,165,44,44
18587,73,69,4,4
18588,103,105,-2,2
18589,118,119,-1,1
18590,124,112,12,12
18591,79,89,-10,10
18592,124,114,10,10
18593,129,126,3,3
18594,91,85,6,6
18595,83,88,-5,5
18596,120,101,19,19
18597,91,83,8,8
18598,101,96,5,5
18599,117,107,10,10
18600,154,140,14,14
18601,83,81,2,2
18602,113,110,3,3
18603,83,84,-1,1
18604,106,108,-2,2
18605,47,50,-3,3
18606,63,63,0,0
18607,99,93,6,6
18608,47,67,-20,20
18609,111,100,11,11
18610,111,102,9,9
18611,152,138,14,14
18612,91,98,-7,7
18613,111,108,3,3
18614,103,112,-9,9
18615,80,83,-3,3
18616,133,125,8,8
18617,83,77,6,6
18618,67,60,7,7
18619,124,128,-4,4
18620,93,97,-4,4
18621,80,81,-1,1
18622,64,71,-7,7
18623,74,89,-15,15
18624,92,89,3,3
18625,122,110,12,12
18626,92,103,-11,11
18627,111,112,-1,1
18628,148,127,21,21
18629,102,91,11,11
18630,101,95,6,6
18631,89,86,3,3
18632,94,101,-7,7
18633,78,76,2,2
18634,88,76,12,12
18635,87,96,-9,9
18636,59,50,9,9
18637,75,80,-5,5
18638,101,102,-1,1
18639,96,97,-1,1
18640,64,65,-1,1
18641,106,95,11,11
18642,90,91,-1,1
18643,95,96,-1,1
18644,107,104,3,3
18645,95,95,0,0
18646,78,82,-4,4
18647,124,152,-28,28
18648,142,142,0,0
18649,73,67,6,6
18650,111,110,1,1
18651,92,75,17,17
18652,205,175,30,30
18653,93,84,9,9
18654,87,95,-8,8
18655,43,41,2,2
18656,51,56,-5,5
18657,102,98,4,4
18658,85,96,-11,11
18659,152,144,8,8
18660,69,68,1,1
18661,47,51,-4,4
18662,52,58,-6,6
18663,94,98,-4,4
18664,149,139,10,10
18665,81,66,15,15
18666,96,83,13,13
18667,88,85,3,3
18668,81,74,7,7
18669,129,121,8,8
18670,107,125,-18,18
18671,93,83,10,10
18672,90,89,1,1
18673,72,75,-3,3
18674,82,80,2,2
18675,73,74,-1,1
18676,102,99,3,3
18677,52,59,-7,7
18678,79,86,-7,7
18679,131,118,13,13
18680,56,52,4,4
18681,58,52,6,6
18682,66,64,2,2
18683,58,65,-7,7
18684,76,79,-3,3
18685,83,78,5,5
18686,84,79,5,5
18687,100,98,2,2
18688,114,102,12,12
18689,112,110,2,2
18690,104,95,9,9
18691,110,109,1,1
18692,160,156,4,4
18693,98,96,2,2
18694,122,116,6,6
18695,39,42,-3,3
18696,120,119,1,1
18697,84,82,2,2
18698,64,83,-19,19
18699,87,94,-7,7
18700,102,100,2,2
18701,87,86,1,1
18702,76,70,6,6
18703,132,126,6,6
18704,65,62,3,3
18705,136,118,18,18
18706,87,73,14,14
18707,93,87,6,6
18708,130,122,8,8
18709,96,89,7,7
18710,93,87,6,6
18711,67,73,-6,6
18712,116,113,3,3
18713,81,87,-6,6
18714,107,108,-1,1
18715,70,65,5,5
18716,113,106,7,7
18717,78,82,-4,4
18718,93,85,8,8
18719,62,71,-9,9
18720,43,44,-1,1
18721,81,76,5,5
18722,85,82,3,3
18723,128,113,15,15
18724,110,109,1,1
18725,37,37,0,0
18726,66,73,-7,7
18727,56,55,1,1
18728,95,91,4,4
18729,95,91,4,4
18730,92,89,3,3
18731,99,100,-1,1
18732,75,80,-5,5
18733,186,157,29,29
18734,30,37,-7,7
18735,63,64,-1,1
18736,60,51,9,9
18737,38,43,-5,5
18738,70,76,-6,6
18739,85,79,6,6
18740,71,60,11,11
18741,122,121,1,1
18742,45,40,5,5
18743,94,86,8,8
18744,133,126,7,7
18745,89,79,10,10
18746,85,76,9,9
18747,80,78,2,2
18748,141,126,15,15
18749,108,100,8,8
18750,39,49,-10,10
18751,85,99,-14,14
18752,99,95,4,4
18753,81,75,6,6
18754,123,119,4,4
18755,98,93,5,5
18756,81,84,-3,3
18757,110,111,-1,1
18758,64,72,-8,8
18759,75,82,-7,7
18760,59,53,6,6
18761,66,74,-8,8
18762,81,70,11,11
18763,92,89,3,3
18764,115,108,7,7
18765,129,129,0,0
18766,99,91,8,8
18767,72,74,-2,2
18768,91,87,4,4
18769,69,73,-4,4
18770,80,73,7,7
18771,89,93,-4,4
18772,92,100,-8,8
18773,95,90,5,5
18774,166,147,19,19
18775,61,57,4,4
18776,59,52,7,7
18777,42,52,-10,10
18778,53,59,-6,6
18779,101,97,4,4
18780,90,80,10,10
18781,116,108,8,8
18782,83,76,7,7
18783,89,86,3,3
18784,121,115,6,6
18785,74,59,15,15
18786,113,97,16,16
18787,85,85,0,0
18788,137,130,7,7
18789,72,82,-10,10
18790,78,67,11,11
18791,113,118,-5,5
18792,144,114,30,30
18793,54,55,-1,1
18794,74,71,3,3
18795,72,72,0,0
18796,73,73,0,0
18797,163,135,28,28
18798,96,95,1,1
18799,90,86,4,4
18800,64,63,1,1
18801,61,63,-2,2
18802,79,78,1,1
18803,118,120,-2,2
18804,70,69,1,1
18805,108,105,3,3
18806,83,104,-21,21
18807,55,57,-2,2
18808,139,133,6,6
18809,49,50,-1,1
18810,159,145,14,14
18811,30,43,-13,13
18812,111,112,-1,1
18813,112,108,4,4
18814,149,147,2,2
18815,104,95,9,9
18816,166,137,29,29
18817,76,70,6,6
18818,128,131,-3,3
18819,54,62,-8,8
18820,99,99,0,0
18821,53,51,2,2
18822,98,91,7,7
18823,94,96,-2,2
18824,144,143,1,1
18825,47,47,0,0
18826,124,128,-4,4
18827,137,146,-9,9
18828,55,50,5,5
18829,79,68,11,11
18830,103,101,2,2
18831,67,72,-5,5
18832,45,42,3,3
18833,129,114,15,15
18834,33,51,-18,18
18835,108,103,5,5
18836,68,66,2,2
18837,165,150,15,15
18838,108,96,12,12
18839,142,117,25,25
18840,108,104,4,4
18841,56,62,-6,6
18842,73,77,-4,4
18843,121,114,7,7
18844,139,140,-1,1
18845,124,118,6,6
18846,59,58,1,1
18847,98,113,-15,15
18848,42,42,0,0
18849,94,99,-5,5
18850,120,109,11,11
18851,64,66,-2,2
18852,52,59,-7,7
18853,193,180,13,13
18854,99,92,7,7
18855,73,78,-5,5
18856,166,131,35,35
18857,116,113,3,3
18858,69,84,-15,15
18859,67,68,-1,1
18860,81,72,9,9
18861,112,99,13,13
18862,120,104,16,16
18863,67,56,11,11
18864,105,88,17,17
18865,146,131,15,15
18866,110,97,13,13
18867,90,83,7,7
18868,94,82,12,12
18869,106,118,-12,12
18870,95,92,3,3
18871,112,110,2,2
18872,104,91,13,13
18873,60,65,-5,5
18874,93,76,17,17
18875,171,165,6,6
18876,57,54,3,3
18877,106,97,9,9
18878,83,85,-2,2
18879,65,55,10,10
18880,111,109,2,2
18881,117,118,-1,1
18882,71,74,-3,3
18883,46,65,-19,19
18884,87,99,-12,12
18885,80,76,4,4
18886,58,62,-4,4
18887,47,44,3,3
18888,196,175,21,21
18889,100,99,1,1
18890,122,120,2,2
18891,126,123,3,3
18892,61,63,-2,2
18893,68,75,-7,7
18894,90,94,-4,4
18895,96,99,-3,3
18896,154,153,1,1
18897,153,149,4,4
18898,83,79,4,4
18899,130,124,6,6
18900,110,100,10,10
18901,122,116,6,6
18902,85,78,7,7
18903,55,55,0,0
18904,85,79,6,6
18905,122,113,9,9
18906,71,67,4,4
18907,149,135,14,14
18908,101,96,5,5
18909,81,88,-7,7
18910,95,89,6,6
18911,120,113,7,7
18912,137,138,-1,1
18913,132,141,-9,9
18914,83,77,6,6
18915,121,114,7,7
18916,121,113,8,8
18917,125,137,-12,12
18918,81,81,0,0
18919,137,138,-1,1
18920,89,85,4,4
18921,113,105,8,8
18922,23,39,-16,16
18923,123,101,22,22
18924,172,165,7,7
18925,64,66,-2,2
18926,122,125,-3,3
18927,67,68,-1,1
18928,86,83,3,3
18929,42,51,-9,9
18930,126,117,9,9
18931,148,128,20,20
18932,81,74,7,7
18933,78,79,-1,1
18934,74,72,2,2
18935,52,56,-4,4
18936,67,65,2,2
18937,69,68,1,1
18938,76,81,-5,5
18939,56,59,-3,3
18940,103,109,-6,6
18941,86,94,-8,8
18942,67,72,-5,5
18943,74,78,-4,4
18944,61,56,5,5
18945,42,57,-15,15
18946,106,99,7,7
18947,59,58,1,1
18948,65,61,4,4
18949,148,146,2,2
18950,161,147,14,14
18951,140,127,13,13
18952,140,132,8,8
18953,70,77,-7,7
18954,157,144,13,13
18955,70,76,-6,6
18956,110,116,-6,6
18957,132,150,-18,18
18958,40,54,-14,14
18959,115,102,13,13
18960,165,157,8,8
18961,46,56,-10,10
18962,108,114,-6,6
18963,145,135,10,10
18964,153,139,14,14
18965,64,61,3,3
18966,104,107,-3,3
18967,104,90,14,14
18968,103,91,12,12
18969,99,105,-6,6
18970,58,60,-2,2
18971,78,74,4,4
18972,116,114,2,2
18973,95,107,-12,12
18974,77,72,5,5
18975,100,95,5,5
18976,147,138,9,9
18977,73,72,1,1
18978,90,90,0,0
18979,91,87,4,4
18980,136,127,9,9
18981,156,138,18,18
18982,71,70,1,1
18983,65,64,1,1
18984,82,78,4,4
18985,116,111,5,5
18986,134,122,12,12
18987,70,73,-3,3
18988,98,97,1,1
18989,194,178,16,16
18990,58,65,-7,7
18991,111,143,-32,32
18992,55,54,1,1
18993,105,102,3,3
18994,85,84,1,1
18995,105,95,10,10
18996,83,89,-6,6
18997,96,88,8,8
18998,83,78,5,5
18999,153,145,8,8
19000,81,80,1,1
19001,60,63,-3,3
19002,137,133,4,4
19003,140,130,10,10
19004,88,90,-2,2
19005,124,121,3,3
19006,101,94,7,7
19007,84,76,8,8
19008,99,95,4,4
19009,59,50,9,9
19010,83,91,-8,8
19011,113,115,-2,2
19012,83,87,-4,4
19013,65,68,-3,3
19014,52,58,-6,6
19015,120,120,0,0
19016,102,88,14,14
19017,50,73,-23,23
19018,134,132,2,2
19019,90,88,2,2
19020,79,72,7,7
19021,78,84,-6,6
19022,122,108,14,14
19023,69,71,-2,2
19024,72,70,2,2
19025,71,73,-2,2
19026,112,96,16,16
19027,111,96,15,15
19028,96,99,-3,3
19029,96,90,6,6
19030,67,68,-1,1
19031,102,102,0,0
19032,71,77,-6,6
19033,147,140,7,7
19034,123,124,-1,1
19035,89,74,15,15
19036,72,79,-7,7
19037,81,84,-3,3
19038,61,61,0,0
19039,79,73,6,6
19040,112,101,11,11
19041,167,166,1,1
19042,74,77,-3,3
19043,122,108,14,14
19044,78,85,-7,7
19045,64,68,-4,4
19046,72,75,-3,3
19047,90,80,10,10
19048,86,74,12,12
19049,122,111,11,11
19050,70,61,9,9
19051,80,77,3,3
19052,55,54,1,1
19053,86,77,9,9
19054,117,114,3,3
19055,95,93,2,2
19056,88,86,2,2
19057,123,106,17,17
19058,102,93,9,9
19059,73,66,7,7
19060,33,37,-4,4
19061,133,115,18,18
19062,65,72,-7,7
19063,75,63,12,12
19064,39,40,-1,1
19065,119,106,13,13
19066,88,88,0,0
19067,110,97,13,13
19068,59,61,-2,2
19069,94,101,-7,7
19070,90,84,6,6
19071,64,64,0,0
19072,111,108,3,3
19073,95,93,2,2
19074,77,75,2,2
19075,60,59,1,1
19076,151,145,6,6
19077,90,81,9,9
19078,65,70,-5,5
19079,100,109,-9,9
19080,59,65,-6,6
19081,89,87,2,2
19082,91,96,-5,5
19083,152,140,12,12
19084,58,55,3,3
19085,98,105,-7,7
19086,111,103,8,8
19087,94,85,9,9
19088,98,98,0,0
19089,99,89,10,10
19090,132,124,8,8
19091,99,115,-16,16
19092,163,170,-7,7
19093,105,92,13,13
19094,109,108,1,1
19095,49,51,-2,2
19096,97,109,-12,12
19097,153,138,15,15
19098,73,100,-27,27
19099,71,72,-1,1
19100,89,79,10,10
19101,110,94,16,16
19102,73,72,1,1
19103,151,124,27,27
19104,146,136,10,10
19105,74,72,2,2
19106,76,69,7,7
19107,57,112,-55,55
19108,96,83,13,13
19109,143,122,21,21
19110,98,81,17,17
19111,74,76,-2,2
19112,78,74,4,4
19113,139,150,-11,11
19114,81,81,0,0
19115,74,79,-5,5
19116,81,80,1,1
19117,149,158,-9,9
19118,59,66,-7,7
19119,92,94,-2,2
19120,88,84,4,4
19121,94,90,4,4
19122,106,101,5,5
19123,143,120,23,23
19124,61,66,-5,5
19125,84,77,7,7
19126,107,108,-1,1
19127,129,131,-2,2
19128,80,77,3,3
19129,89,92,-3,3
19130,159,147,12,12
19131,44,48,-4,4
19132,116,114,2,2
19133,79,77,2,2
19134,82,72,10,10
19135,77,75,2,2
19136,124,109,15,15
19137,97,96,1,1
19138,62,68,-6,6
19139,65,67,-2,2
19140,78,72,6,6
19141,105,101,4,4
19142,107,112,-5,5
19143,60,64,-4,4
19144,63,64,-1,1
19145,71,69,2,2
19146,122,122,0,0
19147,76,75,1,1
19148,137,137,0,0
19149,89,86,3,3
19150,87,90,-3,3
19151,147,140,7,7
19152,121,133,-12,12
19153,91,80,11,11
19154,62,64,-2,2
19155,77,84,-7,7
19156,95,92,3,3
19157,71,70,1,1
19158,129,136,-7,7
19159,114,110,4,4
19160,196,180,16,16
19161,113,109,4,4
19162,122,108,14,14
19163,120,106,14,14
19164,104,113,-9,9
19165,99,94,5,5
19166,80,79,1,1
19167,69,75,-6,6
19168,100,104,-4,4
19169,63,66,-3,3
19170,145,129,16,16
19171,55,51,4,4
19172,91,84,7,7
19173,148,135,13,13
19174,75,68,7,7
19175,106,103,3,3
19176,179,160,19,19
19177,86,93,-7,7
19178,72,74,-2,2
19179,127,126,1,1
19180,68,62,6,6
19181,69,84,-15,15
19182,136,135,1,1
19183,91,87,4,4
19184,102,103,-1,1
19185,128,114,14,14
19186,94,92,2,2
19187,105,101,4,4
19188,146,131,15,15
19189,72,66,6,6
19190,105,97,8,8
19191,137,127,10,10
19192,169,159,10,10
19193,130,151,-21,21
19194,126,121,5,5
19195,125,113,12,12
19196,102,100,2,2
19197,74,71,3,3
19198,74,84,-10,10
19199,97,92,5,5
19200,113,105,8,8
19201,54,55,-1,1
19202,127,107,20,20
19203,73,79,-6,6
19204,145,145,0,0
19205,117,110,7,7
19206,123,114,9,9
19207,188,159,29,29
19208,75,80,-5,5
19209,76,83,-7,7
19210,45,48,-3,3
19211,86,83,3,3
19212,74,75,-1,1
19213,103,109,-6,6
19214,140,121,19,19
19215,95,93,2,2
19216,102,102,0,0
19217,34,42,-8,8
19218,101,94,7,7
19219,62,71,-9,9
19220,81,86,-5,5
19221,84,87,-3,3
19222,114,122,-8,8
19223,90,81,9,9
19224,66,90,-24,24
19225,98,94,4,4
19226,68,73,-5,5
19227,115,106,9,9
19228,101,73,28,28
19229,137,121,16,16
19230,125,122,3,3
19231,84,86,-2,2
19232,43,55,-12,12
19233,99,90,9,9
19234,126,125,1,1
19235,97,93,4,4
19236,105,94,11,11
19237,74,78,-4,4
19238,108,102,6,6
19239,70,64,6,6
19240,49,54,-5,5
19241,133,125,8,8
19242,105,96,9,9
19243,147,145,2,2
19244,98,94,4,4
19245,124,112,12,12
19246,73,72,1,1
19247,78,71,7,7
19248,106,107,-1,1
19249,63,59,4,4
19250,87,87,0,0
19251,80,76,4,4
19252,101,95,6,6
19253,80,79,1,1
19254,107,95,12,12
19255,65,70,-5,5
19256,62,56,6,6
19257,124,122,2,2
19258,37,37,0,0
19259,109,102,7,7
19260,48,54,-6,6
19261,152,133,19,19
19262,163,153,10,10
19263,126,117,9,9
19264,62,84,-22,22
19265,128,133,-5,5
19266,104,101,3,3
19267,110,120,-10,10
19268,79,81,-2,2
19269,79,77,2,2
19270,145,135,10,10
19271,74,80,-6,6
19272,59,62,-3,3
19273,107,103,4,4
19274,88,92,-4,4
19275,47,66,-19,19
19276,111,111,0,0
19277,108,100,8,8
19278,133,115,18,18
19279,155,155,0,0
19280,85,82,3,3
19281,135,118,17,17
19282,104,95,9,9
19283,149,150,-1,1
19284,78,78,0,0
19285,76,74,2,2
19286,96,97,-1,1
19287,130,113,17,17
19288,90,84,6,6
19289,55,78,-23,23
19290,123,126,-3,3
19291,65,66,-1,1
19292,69,61,8,8
19293,50,55,-5,5
19294,51,61,-10,10
19295,81,70,11,11
19296,108,103,5,5
19297,81,81,0,0
19298,42,45,-3,3
19299,141,116,25,25
19300,66,72,-6,6
19301,103,95,8,8
19302,147,136,11,11
19303,105,88,17,17
19304,136,109,27,27
19305,58,63,-5,5
19306,108,90,18,18
19307,63,62,1,1
19308,116,113,3,3
19309,147,134,13,13
19310,73,70,3,3
19311,92,93,-1,1
19312,63,64,-1,1
19313,98,97,1,1
19314,153,146,7,7
19315,98,93,5,5
19316,68,75,-7,7
19317,70,58,12,12
19318,69,127,-58,58
19319,68,65,3,3
19320,66,64,2,2
19321,83,81,2,2
19322,113,100,13,13
19323,123,108,15,15
19324,39,45,-6,6
19325,127,110,17,17
19326,119,117,2,2
19327,80,76,4,4
19328,202,213,-11,11
19329,71,78,-7,7
19330,49,50,-1,1
19331,73,83,-10,10
19332,90,96,-6,6
19333,86,83,3,3
19334,71,81,-10,10
19335,62,69,-7,7
19336,89,80,9,9
19337,205,178,27,27
19338,157,124,33,33
19339,95,106,-11,11
19340,54,64,-10,10
19341,86,87,-1,1
19342,105,103,2,2
19343,51,63,-12,12
19344,56,67,-11,11
19345,142,142,0,0
19346,151,131,20,20
19347,72,68,4,4
19348,71,79,-8,8
19349,73,67,6,6
19350,58,59,-1,1
19351,175,192,-17,17
19352,132,125,7,7
19353,102,99,3,3
19354,115,111,4,4
19355,92,103,-11,11
19356,77,75,2,2
19357,113,109,4,4
19358,103,104,-1,1
19359,147,154,-7,7
19360,93,106,-13,13
19361,105,104,1,1
19362,95,87,8,8
19363,158,145,13,13
19364,117,114,3,3
19365,113,112,1,1
19366,84,73,11,11
19367,64,69,-5,5
19368,98,96,2,2
19369,91,95,-4,4
19370,106,92,14,14
19371,57,66,-9,9
19372,130,122,8,8
19373,67,75,-8,8
19374,60,61,-1,1
19375,80,74,6,6
19376,109,105,4,4
19377,56,81,-25,25
19378,61,69,-8,8
19379,162,149,13,13
19380,105,99,6,6
19381,118,109,9,9
19382,88,83,5,5
19383,61,52,9,9
19384,101,94,7,7
19385,130,129,1,1
19386,116,103,13,13
19387,66,77,-11,11
19388,67,74,-7,7
19389,68,76,-8,8
19390,54,55,-1,1
19391,76,76,0,0
19392,91,89,2,2
19393,48,46,2,2
19394,108,104,4,4
19395,50,52,-2,2
19396,121,129,-8,8
19397,55,51,4,4
19398,99,90,9,9
19399,109,106,3,3
19400,129,115,14,14
19401,59,54,5,5
19402,193,181,12,12
19403,115,107,8,8
19404,168,162,6,6
19405,109,104,5,5
19406,79,85,-6,6
19407,69,66,3,3
19408,124,120,4,4
19409,86,96,-10,10
19410,108,99,9,9
19411,57,58,-1,1
19412,69,55,14,14
19413,73,75,-2,2
19414,93,99,-6,6
19415,108,100,8,8
19416,47,48,-1,1
19417,96,89,7,7
19418,136,137,-1,1
19419,62,49,13,13
19420,35,46,-11,11
19421,168,170,-2,2
19422,72,63,9,9
19423,53,53,0,0
19424,181,169,12,12
19425,106,96,10,10
19426,110,114,-4,4
19427,71,70,1,1
19428,81,87,-6,6
19429,66,65,1,1
19430,96,98,-2,2
19431,94,85,9,9
19432,101,90,11,11
19433,56,56,0,0
19434,161,143,18,18
19435,120,108,12,12
19436,90,89,1,1
19437,74,77,-3,3
19438,119,110,9,9
19439,120,112,8,8
19440,116,135,-19,19
19441,72,72,0,0
19442,100,87,13,13
19443,72,70,2,2
19444,152,146,6,6
19445,65,73,-8,8
19446,84,79,5,5
19447,100,97,3,3
19448,116,101,15,15
19449,88,86,2,2
19450,94,102,-8,8
19451,76,74,2,2
19452,70,75,-5,5
19453,72,87,-15,15
19454,114,109,5,5
19455,95,94,1,1
19456,88,80,8,8
19457,103,115,-12,12
19458,82,80,2,2
19459,66,74,-8,8
19460,126,112,14,14
19461,215,216,-1,1
19462,127,123,4,4
19463,71,70,1,1
19464,106,91,15,15
19465,125,124,1,1
19466,98,90,8,8
19467,80,94,-14,14
19468,76,78,-2,2
19469,126,121,5,5
19470,45,48,-3,3
19471,98,95,3,3
19472,75,75,0,0
19473,76,68,8,8
19474,103,103,0,0
19475,149,138,11,11
19476,110,108,2,2
19477,71,70,1,1
19478,121,130,-9,9
19479,86,82,4,4
19480,44,42,2,2
19481,126,120,6,6
19482,145,125,20,20
19483,94,100,-6,6
19484,49,57,-8,8
19485,99,92,7,7
19486,75,86,-11,11
19487,77,91,-14,14
19488,65,72,-7,7
19489,117,109,8,8
19490,87,82,5,5
19491,87,97,-10,10
19492,138,135,3,3
19493,66,63,3,3
19494,100,83,17,17
19495,107,96,11,11
19496,82,104,-22,22
19497,76,84,-8,8
19498,67,73,-6,6
19499,40,49,-9,9
19500,88,90,-2,2
19501,184,165,19,19
19502,92,82,10,10
19503,134,132,2,2
19504,105,102,3,3
19505,112,108,4,4
19506,70,71,-1,1
19507,70,75,-5,5
19508,57,62,-5,5
19509,120,111,9,9
19510,98,101,-3,3
19511,115,105,10,10
19512,84,94,-10,10
19513,97,91,6,6
19514,85,84,1,1
19515,67,68,-1,1
19516,93,80,13,13
19517,123,115,8,8
19518,52,96,-44,44
19519,113,105,8,8
19520,63,65,-2,2
19521,97,88,9,9
19522,103,95,8,8
19523,91,94,-3,3
19524,74,75,-1,1
19525,110,118,-8,8
19526,162,148,14,14
19527,98,95,3,3
19528,103,95,8,8
19529,96,104,-8,8
19530,35,44,-9,9
19531,85,91,-6,6
19532,69,71,-2,2
19533,80,68,12,12
19534,60,63,-3,3
19535,87,96,-9,9
19536,77,75,2,2
19537,139,129,10,10
19538,51,56,-5,5
19539,122,108,14,14
19540,125,112,13,13
19541,63,54,9,9
19542,125,114,11,11
19543,85,93,-8,8
19544,112,109,3,3
19545,58,65,-7,7
19546,104,102,2,2
19547,120,110,10,10
19548,43,50,-7,7
19549,90,99,-9,9
19550,29,30,-1,1
19551,92,81,11,11
19552,99,80,19,19
19553,55,58,-3,3
19554,66,63,3,3
19555,78,74,4,4
19556,67,62,5,5
19557,91,83,8,8
19558,143,126,17,17
19559,86,96,-10,10
19560,57,67,-10,10
19561,96,87,9,9
19562,101,110,-9,9
19563,58,53,5,5
19564,113,102,11,11
19565,44,39,5,5
19566,140,117,23,23
19567,150,146,4,4
19568,117,119,-2,2
19569,86,87,-1,1
19570,99,93,6,6
19571,114,102,12,12
19572,81,77,4,4
19573,64,58,6,6
19574,132,126,6,6
19575,82,82,0,0
19576,141,130,11,11
19577,68,82,-14,14
19578,137,123,14,14
19579,75,71,4,4
19580,71,68,3,3
19581,59,47,12,12
19582,45,41,4,4
19583,70,67,3,3
19584,107,101,6,6
19585,59,58,1,1
19586,41,46,-5,5
19587,65,71,-6,6
19588,50,51,-1,1
19589,88,89,-1,1
19590,114,110,4,4
19591,64,57,7,7
19592,154,154,0,0
19593,64,71,-7,7
19594,46,66,-20,20
19595,120,115,5,5
19596,80,79,1,1
19597,52,48,4,4
19598,88,103,-15,15
19599,65,88,-23,23
19600,49,54,-5,5
19601,82,92,-10,10
19602,108,113,-5,5
19603,59,67,-8,8
19604,68,70,-2,2
19605,99,87,12,12
19606,100,95,5,5
19607,100,90,10,10
19608,156,142,14,14
19609,91,94,-3,3
19610,152,145,7,7
19611,125,110,15,15
19612,60,60,0,0
19613,43,50,-7,7
19614,48,47,1,1
19615,94,96,-2,2
19616,70,65,5,5
19617,52,51,1,1
19618,70,70,0,0
19619,154,132,22,22
19620,133,129,4,4
19621,72,70,2,2
19622,79,85,-6,6
19623,111,113,-2,2
19624,72,71,1,1
19625,147,150,-3,3
19626,94,86,8,8
19627,41,43,-2,2
19628,79,86,-7,7
19629,61,57,4,4
19630,68,73,-5,5
19631,70,66,4,4
19632,80,84,-4,4
19633,58,66,-8,8
19634,45,49,-4,4
19635,187,163,24,24
19636,84,80,4,4
19637,76,74,2,2
19638,154,146,8,8
19639,139,127,12,12
19640,173,159,14,14
19641,75,68,7,7
19642,148,135,13,13
19643,174,160,14,14
19644,100,106,-6,6
19645,29,32,-3,3
19646,102,92,10,10
19647,67,68,-1,1
19648,51,49,2,2
19649,133,111,22,22
19650,36,39,-3,3
19651,66,59,7,7
19652,65,59,6,6
19653,73,74,-1,1
19654,151,130,21,21
19655,87,77,10,10
19656,138,140,-2,2
19657,65,65,0,0
19658,97,91,6,6
19659,84,85,-1,1
19660,171,157,14,14
19661,110,106,4,4
19662,120,111,9,9
19663,99,93,6,6
19664,135,138,-3,3
19665,90,88,2,2
19666,70,68,2,2
19667,99,99,0,0
19668,58,58,0,0
19669,109,129,-20,20
19670,77,77,0,0
19671,74,74,0,0
19672,134,129,5,5
19673,130,112,18,18
19674,65,66,-1,1
19675,109,100,9,9
19676,75,79,-4,4
19677,125,120,5,5
19678,99,93,6,6
19679,147,141,6,6
19680,160,145,15,15
19681,49,49,0,0
19682,62,67,-5,5
19683,332,295,37,37
19684,127,121,6,6
19685,34,40,-6,6
19686,145,135,10,10
19687,108,97,11,11
19688,66,71,-5,5
19689,65,66,-1,1
19690,157,140,17,17
19691,89,82,7,7
19692,97,103,-6,6
19693,116,110,6,6
19694,102,97,5,5
19695,118,120,-2,2
19696,161,151,10,10
19697,97,91,6,6
19698,40,38,2,2
19699,63,61,2,2
19700,70,79,-9,9
19701,83,77,6,6
19702,100,100,0,0
19703,76,74,2,2
19704,105,99,6,6
19705,72,82,-10,10
19706,69,82,-13,13
19707,136,134,2,2
19708,126,105,21,21
19709,130,133,-3,3
19710,116,113,3,3
19711,87,81,6,6
19712,100,99,1,1
19713,100,90,10,10
19714,55,59,-4,4
19715,92,90,2,2
19716,101,93,8,8
19717,149,147,2,2
19718,98,85,13,13
19719,89,87,2,2
19720,40,52,-12,12
19721,91,86,5,5
19722,103,103,0,0
19723,88,82,6,6
19724,76,86,-10,10
19725,43,54,-11,11
19726,60,60,0,0
19727,165,149,16,16
19728,148,149,-1,1
19729,114,108,6,6
19730,97,82,15,15
19731,141,139,2,2
19732,82,89,-7,7
19733,89,86,3,3
19734,141,136,5,5
19735,31,42,-11,11
19736,87,97,-10,10
19737,83,85,-2,2
19738,64,66,-2,2
19739,68,71,-3,3
19740,75,69,6,6
19741,102,98,4,4
19742,54,58,-4,4
19743,108,112,-4,4
19744,104,90,14,14
19745,132,129,3,3
19746,77,72,5,5
19747,130,125,5,5
19748,46,45,1,1
19749,83,43,40,40
19750,79,84,-5,5
19751,180,158,22,22
19752,118,122,-4,4
19753,105,112,-7,7
19754,93,94,-1,1
19755,81,75,6,6
19756,61,68,-7,7
19757,142,137,5,5
19758,93,91,2,2
19759,100,96,4,4
19760,146,133,13,13
19761,64,66,-2,2
19762,116,108,8,8
19763,55,55,0,0
19764,55,63,-8,8
19765,86,95,-9,9
19766,90,88,2,2
19767,146,139,7,7
19768,55,54,1,1
19769,76,77,-1,1
19770,48,59,-11,11
19771,84,68,16,16
19772,62,59,3,3
19773,93,86,7,7
19774,104,98,6,6
19775,108,102,6,6
19776,83,89,-6,6
19777,57,52,5,5
19778,76,75,1,1
19779,100,125,-25,25
19780,96,93,3,3
19781,124,93,31,31
19782,55,70,-15,15
19783,61,64,-3,3
19784,104,100,4,4
19785,70,75,-5,5
19786,94,83,11,11
19787,64,65,-1,1
19788,113,113,0,0
19789,92,92,0,0
19790,136,137,-1,1
19791,115,105,10,10
19792,103,110,-7,7
19793,84,83,1,1
19794,60,63,-3,3
19795,83,111,-28,28
19796,127,122,5,5
19797,137,124,13,13
19798,64,54,10,10
19799,180,167,13,13
19800,144,128,16,16
19801,82,75,7,7
19802,89,79,10,10
19803,122,128,-6,6
19804,85,84,1,1
19805,127,115,12,12
19806,86,79,7,7
19807,81,87,-6,6
19808,102,94,8,8
19809,104,77,27,27
19810,47,45,2,2
19811,163,139,24,24
19812,102,98,4,4
19813,152,135,17,17
19814,139,125,14,14
19815,88,76,12,12
19816,57,52,5,5
19817,79,71,8,8
19818,60,46,14,14
19819,104,92,12,12
19820,92,86,6,6
19821,74,72,2,2
19822,94,87,7,7
19823,102,104,-2,2
19824,109,99,10,10
19825,86,82,4,4
19826,85,76,9,9
19827,86,78,8,8
19828,158,138,20,20
19829,78,77,1,1
19830,72,70,2,2
19831,127,119,8,8
19832,81,81,0,0
19833,99,99,0,0
19834,64,67,-3,3
19835,137,140,-3,3
19836,99,100,-1,1
19837,74,78,-4,4
19838,80,86,-6,6
19839,99,106,-7,7
19840,95,92,3,3
19841,48,50,-2,2
19842,77,75,2,2
19843,88,94,-6,6
19844,99,91,8,8
19845,87,80,7,7
19846,75,78,-3,3
19847,103,104,-1,1
19848,190,176,14,14
19849,88,64,24,24
19850,85,84,1,1
19851,59,51,8,8
19852,63,76,-13,13
19853,85,84,1,1
19854,67,84,-17,17
19855,76,79,-3,3
19856,115,109,6,6
19857,62,65,-3,3
19858,61,66,-5,5
19859,147,140,7,7
19860,153,140,13,13
19861,68,59,9,9
19862,106,111,-5,5
19863,79,78,1,1
19864,165,148,17,17
19865,63,62,1,1
19866,106,105,1,1
19867,74,78,-4,4
19868,135,125,10,10
19869,76,80,-4,4
19870,113,116,-3,3
19871,77,76,1,1
19872,67,72,-5,5
19873,93,109,-16,16
19874,170,156,14,14
19875,77,82,-5,5
19876,88,83,5,5
19877,103,95,8,8
19878,85,84,1,1
19879,82,72,10,10
19880,70,77,-7,7
19881,94,102,-8,8
19882,44,53,-9,9
19883,103,92,11,11
19884,99,96,3,3
19885,67,64,3,3
19886,56,60,-4,4
19887,94,94,0,0
19888,77,78,-1,1
19889,68,68,0,0
19890,125,112,13,13
19891,110,106,4,4
19892,102,87,15,15
19893,57,49,8,8
19894,68,85,-17,17
19895,75,76,-1,1
19896,101,92,9,9
19897,57,55,2,2
19898,93,107,-14,14
19899,52,47,5,5
19900,57,63,-6,6
19901,123,104,19,19
19902,111,113,-2,2
19903,62,64,-2,2
19904,89,98,-9,9
19905,114,104,10,10
19906,45,53,-8,8
19907,79,73,6,6
19908,134,123,11,11
19909,101,92,9,9
19910,92,86,6,6
19911,74,70,4,4
19912,95,91,4,4
19913,49,55,-6,6
19914,86,80,6,6
19915,50,67,-17,17
19916,55,56,-1,1
19917,49,46,3,3
19918,87,89,-2,2
19919,59,66,-7,7
19920,108,107,1,1
19921,88,84,4,4
19922,118,121,-3,3
19923,108,100,8,8
19924,38,70,-32,32
19925,94,86,8,8
19926,35,39,-4,4
19927,114,113,1,1
19928,124,111,13,13
19929,108,110,-2,2
19930,129,136,-7,7
19931,69,71,-2,2
19932,108,112,-4,4
19933,66,71,-5,5
19934,62,59,3,3
19935,107,108,-1,1
19936,65,65,0,0
19937,169,144,25,25
19938,115,106,9,9
19939,116,110,6,6
19940,87,86,1,1
19941,62,66,-4,4
19942,128,117,11,11
19943,126,128,-2,2
19944,139,139,0,0
19945,217,186,31,31
19946,147,146,1,1
19947,117,105,12,12
19948,181,176,5,5
19949,101,121,-20,20
19950,66,71,-5,5
19951,77,72,5,5
19952,110,106,4,4
19953,186,179,7,7
19954,60,61,-1,1
19955,68,70,-2,2
19956,125,120,5,5
19957,52,54,-2,2
19958,75,72,3,3
19959,109,110,-1,1
19960,44,51,-7,7
19961,123,124,-1,1
19962,123,112,11,11
19963,69,67,2,2
19964,51,54,-3,3
19965,148,130,18,18
19966,104,89,15,15
19967,64,64,0,0
19968,82,89,-7,7
19969,82,78,4,4
19970,135,133,2,2
19971,54,57,-3,3
19972,88,79,9,9
19973,88,78,10,10
19974,102,99,3,3
19975,45,51,-6,6
19976,85,82,3,3
19977,117,104,13,13
19978,124,111,13,13
19979,60,67,-7,7
19980,40,60,-20,20
19981,133,127,6,6
19982,101,102,-1,1
19983,80,78,2,2
19984,90,108,-18,18
19985,85,85,0,0
19986,68,72,-4,4
19987,150,147,3,3
19988,86,77,9,9
19989,105,105,0,0
19990,45,48,-3,3
19991,149,155,-6,6
19992,74,76,-2,2
19993,40,45,-5,5
19994,75,81,-6,6
19995,47,53,-6,6
19996,70,74,-4,4
19997,56,57,-1,1
19998,46,48,-2,2
19999,98,100,-2,2
20000,107,98,9,9
20001,121,106,15,15
20002,192,184,8,8
20003,50,50,0,0
20004,62,75,-13,13
20005,93,88,5,5
20006,96,87,9,9
20007,72,71,1,1
20008,134,134,0,0
20009,98,97,1,1
20010,159,135,24,24
20011,115,107,8,8
20012,54,56,-2,2
20013,60,63,-3,3
20014,80,76,4,4
20015,103,102,1,1
20016,89,81,8,8
20017,118,119,-1,1
20018,109,100,9,9
20019,65,70,-5,5
20020,62,69,-7,7
20021,100,94,6,6
20022,127,128,-1,1
20023,54,59,-5,5
20024,113,102,11,11
20025,122,114,8,8
20026,140,119,21,21
20027,71,65,6,6
20028,86,90,-4,4
20029,94,95,-1,1
20030,124,115,9,9
20031,59,63,-4,4
20032,115,103,12,12
20033,61,61,0,0
20034,65,58,7,7
20035,79,82,-3,3
20036,122,106,16,16
20037,97,102,-5,5
20038,64,69,-5,5
20039,107,99,8,8
20040,109,105,4,4
20041,70,68,2,2
20042,63,63,0,0
20043,104,98,6,6
20044,88,76,12,12
20045,91,89,2,2
20046,136,136,0,0
20047,67,65,2,2
20048,65,65,0,0
20049,97,95,2,2
20050,114,114,0,0
20051,122,128,-6,6
20052,76,67,9,9
20053,96,100,-4,4
20054,90,83,7,7
20055,68,64,4,4
20056,78,80,-2,2
20057,158,137,21,21
20058,77,80,-3,3
20059,65,64,1,1
20060,126,113,13,13
20061,102,93,9,9
20062,96,86,10,10
20063,120,122,-2,2
20064,44,53,-9,9
20065,68,72,-4,4
20066,170,166,4,4
20067,40,44,-4,4
20068,43,53,-10,10
20069,95,86,9,9
20070,114,101,13,13
20071,60,64,-4,4
20072,35,48,-13,13
20073,70,65,5,5
20074,126,118,8,8
20075,68,70,-2,2
20076,137,137,0,0
20077,154,121,33,33
20078,139,133,6,6
20079,103,101,2,2
20080,82,73,9,9
20081,94,101,-7,7
20082,136,124,12,12
20083,81,73,8,8
20084,51,45,6,6
20085,126,122,4,4
20086,89,120,-31,31
20087,88,90,-2,2
20088,77,67,10,10
20089,83,84,-1,1
20090,77,67,10,10
20091,84,82,2,2
20092,82,71,11,11
20093,65,67,-2,2
20094,113,97,16,16
20095,78,82,-4,4
20096,54,53,1,1
20097,94,99,-5,5
20098,59,66,-7,7
20099,117,121,-4,4
20100,78,65,13,13
20101,48,40,8,8
20102,54,64,-10,10
20103,99,104,-5,5
20104,71,69,2,2
20105,136,125,11,11
20106,45,47,-2,2
20107,84,86,-2,2
20108,82,84,-2,2
20109,45,54,-9,9
20110,125,103,22,22
20111,50,53,-3,3
20112,71,74,-3,3
20113,89,83,6,6
20114,61,67,-6,6
20115,105,93,12,12
20116,143,137,6,6
20117,185,164,21,21
20118,48,49,-1,1
20119,98,97,1,1
20120,38,46,-8,8
20121,92,86,6,6
20122,139,127,12,12
20123,99,88,11,11
20124,106,103,3,3
20125,60,76,-16,16
20126,96,78,18,18
20127,138,142,-4,4
20128,83,84,-1,1
20129,152,120,32,32
20130,115,113,2,2
20131,84,88,-4,4
20132,133,123,10,10
20133,128,121,7,7
20134,78,77,1,1
20135,93,90,3,3
20136,105,102,3,3
20137,90,90,0,0
20138,205,168,37,37
20139,80,79,1,1
20140,80,77,3,3
20141,118,96,22,22
20142,60,69,-9,9
20143,101,98,3,3
20144,95,91,4,4
20145,130,139,-9,9
20146,113,104,9,9
20147,79,86,-7,7
20148,88,83,5,5
20149,109,102,7,7
20150,98,87,11,11
20151,70,68,2,2
20152,92,86,6,6
20153,157,158,-1,1
20154,44,50,-6,6
20155,95,84,11,11
20156,87,79,8,8
20157,109,93,16,16
20158,111,106,5,5
20159,86,78,8,8
20160,149,148,1,1
20161,111,103,8,8
20162,45,44,1,1
20163,150,144,6,6
20164,89,80,9,9
20165,67,76,-9,9
20166,87,87,0,0
20167,150,134,16,16
20168,124,102,22,22
20169,96,89,7,7
20170,125,123,2,2
20171,116,126,-10,10
20172,80,78,2,2
20173,156,129,27,27
20174,159,155,4,4
20175,108,103,5,5
20176,90,86,4,4
20177,117,104,13,13
20178,139,122,17,17
20179,87,84,3,3
20180,79,70,9,9
20181,103,97,6,6
20182,157,137,20,20
20183,159,166,-7,7
20184,46,77,-31,31
20185,84,83,1,1
20186,62,71,-9,9
20187,99,101,-2,2
20188,62,61,1,1
20189,87,99,-12,12
20190,186,180,6,6
20191,104,94,10,10
20192,83,81,2,2
20193,82,78,4,4
20194,82,82,0,0
20195,116,112,4,4
20196,48,45,3,3
20197,72,77,-5,5
20198,81,81,0,0
20199,89,94,-5,5
20200,66,66,0,0
20201,99,96,3,3
20202,97,92,5,5
20203,83,83,0,0
20204,57,54,3,3
20205,95,93,2,2
20206,81,80,1,1
20207,77,83,-6,6
20208,65,64,1,1
20209,109,103,6,6
20210,58,56,2,2
20211,38,48,-10,10
20212,109,103,6,6
20213,128,120,8,8
20214,68,62,6,6
20215,134,129,5,5
20216,80,83,-3,3
20217,197,178,19,19
20218,105,103,2,2
20219,78,78,0,0
20220,99,113,-14,14
20221,88,81,7,7
20222,105,99,6,6
20223,63,73,-10,10
20224,76,101,-25,25
20225,80,81,-1,1
20226,68,72,-4,4
20227,97,97,0,0
20228,107,97,10,10
20229,96,76,20,20
20230,120,119,1,1
20231,110,100,10,10
20232,67,70,-3,3
20233,154,132,22,22
20234,133,115,18,18
20235,98,89,9,9
20236,93,88,5,5
20237,93,92,1,1
20238,95,94,1,1
20239,96,87,9,9
20240,66,66,0,0
20241,54,56,-2,2
20242,89,85,4,4
20243,165,149,16,16
20244,189,176,13,13
20245,62,68,-6,6
20246,49,54,-5,5
20247,59,57,2,2
20248,82,79,3,3
20249,75,79,-4,4
20250,121,110,11,11
20251,116,97,19,19
20252,185,175,10,10
20253,139,133,6,6
20254,73,78,-5,5
20255,147,143,4,4
20256,109,117,-8,8
20257,119,112,7,7
20258,83,76,7,7
20259,122,121,1,1
20260,84,90,-6,6
20261,130,121,9,9
20262,137,141,-4,4
20263,96,98,-2,2
20264,81,78,3,3
20265,123,114,9,9
20266,83,71,12,12
20267,104,96,8,8
20268,121,103,18,18
20269,130,116,14,14
20270,104,99,5,5
20271,107,94,13,13
20272,121,107,14,14
20273,76,77,-1,1
20274,59,66,-7,7
20275,127,126,1,1
20276,179,181,-2,2
20277,70,74,-4,4
20278,83,80,3,3
20279,83,85,-2,2
20280,52,67,-15,15
20281,58,66,-8,8
20282,116,117,-1,1
20283,57,65,-8,8
20284,107,101,6,6
20285,164,156,8,8
20286,110,102,8,8
20287,101,96,5,5
20288,159,147,12,12
20289,103,111,-8,8
20290,133,133,0,0
20291,59,76,-17,17
20292,93,102,-9,9
20293,129,114,15,15
20294,49,65,-16,16
20295,98,92,6,6
20296,100,93,7,7
20297,131,129,2,2
20298,140,135,5,5
20299,87,85,2,2
20300,138,125,13,13
20301,145,140,5,5
20302,124,113,11,11
20303,111,107,4,4
20304,128,116,12,12
20305,83,73,10,10
20306,90,96,-6,6
20307,96,91,5,5
20308,160,150,10,10
20309,75,76,-1,1
20310,83,88,-5,5
20311,115,105,10,10
20312,78,84,-6,6
20313,91,89,2,2
20314,60,56,4,4
20315,92,87,5,5
20316,107,92,15,15
20317,94,100,-6,6
20318,75,102,-27,27
20319,60,62,-2,2
20320,58,65,-7,7
20321,103,98,5,5
20322,68,66,2,2
20323,141,125,16,16
20324,89,94,-5,5
20325,172,151,21,21
20326,147,143,4,4
20327,94,85,9,9
20328,128,120,8,8
20329,76,75,1,1
20330,97,87,10,10
20331,110,106,4,4
20332,89,85,4,4
20333,72,65,7,7
20334,104,108,-4,4
20335,82,98,-16,16
20336,87,82,5,5
20337,96,78,18,18
20338,94,104,-10,10
20339,158,137,21,21
20340,102,99,3,3
20341,62,68,-6,6
20342,53,62,-9,9
20343,98,92,6,6
20344,96,89,7,7
20345,79,84,-5,5
20346,131,113,18,18
20347,44,50,-6,6
20348,102,87,15,15
20349,69,71,-2,2
20350,106,107,-1,1
20351,128,130,-2,2
20352,49,61,-12,12
20353,123,108,15,15
20354,191,161,30,30
20355,116,99,17,17
20356,127,116,11,11
20357,42,44,-2,2
20358,124,97,27,27
20359,92,99,-7,7
20360,143,124,19,19
20361,68,67,1,1
20362,111,106,5,5
20363,120,128,-8,8
20364,93,85,8,8
20365,46,56,-10,10
20366,116,115,1,1
20367,84,83,1,1
20368,39,47,-8,8
20369,70,63,7,7
20370,59,76,-17,17
20371,107,125,-18,18
20372,59,58,1,1
20373,115,105,10,10
20374,92,97,-5,5
20375,105,111,-6,6
20376,110,99,11,11
20377,60,56,4,4
20378,119,103,16,16
20379,106,107,-1,1
20380,90,90,0,0
20381,63,68,-5,5
20382,103,96,7,7
20383,105,107,-2,2
20384,98,98,0,0
20385,48,49,-1,1
20386,110,132,-22,22
20387,119,102,17,17
20388,86,90,-4,4
20389,82,96,-14,14
20390,65,65,0,0
20391,89,87,2,2
20392,118,117,1,1
20393,146,130,16,16
20394,65,73,-8,8
20395,125,122,3,3
20396,87,87,0,0
20397,89,94,-5,5
20398,75,75,0,0
20399,87,83,4,4
20400,130,127,3,3
20401,51,52,-1,1
20402,129,129,0,0
20403,81,79,2,2
20404,80,75,5,5
20405,66,72,-6,6
20406,47,51,-4,4
20407,103,100,3,3
20408,77,89,-12,12
20409,60,70,-10,10
20410,133,128,5,5
20411,66,67,-1,1
20412,161,147,14,14
20413,101,106,-5,5
20414,80,85,-5,5
20415,124,124,0,0
20416,140,129,11,11
20417,120,108,12,12
20418,141,125,16,16
20419,90,89,1,1
20420,54,61,-7,7
20421,63,61,2,2
20422,115,113,2,2
20423,59,69,-10,10
20424,68,71,-3,3
20425,51,53,-2,2
20426,56,60,-4,4
20427,69,80,-11,11
20428,71,72,-1,1
20429,103,104,-1,1
20430,94,97,-3,3
20431,157,166,-9,9
20432,122,113,9,9
20433,111,107,4,4
20434,120,126,-6,6
20435,103,92,11,11
20436,62,70,-8,8
20437,130,129,1,1
20438,81,76,5,5
20439,166,138,28,28
20440,79,83,-4,4
20441,90,90,0,0
20442,91,93,-2,2
20443,44,47,-3,3
20444,87,91,-4,4
20445,117,113,4,4
20446,101,104,-3,3
20447,106,112,-6,6
20448,102,93,9,9
20449,74,69,5,5
20450,175,157,18,18
20451,71,81,-10,10
20452,122,116,6,6
20453,165,151,14,14
20454,134,123,11,11
20455,192,172,20,20
20456,80,67,13,13
20457,65,66,-1,1
20458,105,108,-3,3
20459,121,109,12,12
20460,84,86,-2,2
20461,106,108,-2,2
20462,91,85,6,6
20463,174,170,4,4
20464,64,63,1,1
20465,58,64,-6,6
20466,76,66,10,10
20467,70,73,-3,3
20468,143,134,9,9
20469,92,84,8,8
20470,94,94,0,0
20471,95,87,8,8
20472,119,108,11,11
20473,101,90,11,11
20474,110,105,5,5
20475,144,150,-6,6
20476,129,136,-7,7
20477,79,77,2,2
20478,99,101,-2,2
20479,85,82,3,3
20480,142,127,15,15
20481,77,83,-6,6
20482,62,65,-3,3
20483,122,122,0,0
20484,106,110,-4,4
20485,52,51,1,1
20486,79,83,-4,4
20487,95,82,13,13
20488,77,81,-4,4
20489,89,85,4,4
20490,70,73,-3,3
20491,97,92,5,5
20492,100,102,-2,2
20493,79,71,8,8
20494,138,132,6,6
20495,123,106,17,17
20496,152,127,25,25
20497,135,130,5,5
20498,83,83,0,0
20499,118,100,18,18
20500,91,85,6,6
20501,83,81,2,2
20502,77,78,-1,1
20503,69,68,1,1
20504,68,70,-2,2
20505,139,130,9,9
20506,171,159,12,12
20507,80,80,0,0
20508,83,78,5,5
20509,108,101,7,7
20510,92,90,2,2
20511,59,59,0,0
20512,74,71,3,3
20513,62,60,2,2
20514,138,127,11,11
20515,55,54,1,1
20516,85,80,5,5
20517,77,76,1,1
20518,39,44,-5,5
20519,65,70,-5,5
20520,109,110,-1,1
20521,91,89,2,2
20522,74,72,2,2
20523,74,78,-4,4
20524,154,142,12,12
20525,153,139,14,14
20526,40,37,3,3
20527,110,106,4,4
20528,63,62,1,1
20529,114,107,7,7
20530,114,119,-5,5
20531,62,74,-12,12
20532,81,69,12,12
20533,49,53,-4,4
20534,63,58,5,5
20535,93,87,6,6
20536,76,69,7,7
20537,146,139,7,7
20538,87,76,11,11
20539,162,144,18,18
20540,91,95,-4,4
20541,107,121,-14,14
20542,82,86,-4,4
20543,97,89,8,8
20544,42,43,-1,1
20545,81,77,4,4
20546,115,112,3,3
20547,120,113,7,7
20548,62,67,-5,5
20549,131,133,-2,2
20550,82,83,-1,1
20551,59,63,-4,4
20552,127,129,-2,2
20553,100,86,14,14
20554,92,86,6,6
20555,55,65,-10,10
20556,111,106,5,5
20557,92,88,4,4
20558,111,113,-2,2
20559,189,156,33,33
20560,93,80,13,13
20561,61,58,3,3
20562,50,47,3,3
20563,62,65,-3,3
20564,46,51,-5,5
20565,145,141,4,4
20566,82,84,-2,2
20567,83,82,1,1
20568,78,74,4,4
20569,69,63,6,6
20570,117,101,16,16
20571,142,133,9,9
20572,111,110,1,1
20573,72,70,2,2
20574,95,89,6,6
20575,141,122,19,19
20576,179,161,18,18
20577,85,87,-2,2
20578,286,215,71,71
20579,87,77,10,10
20580,93,89,4,4
20581,87,82,5,5
20582,49,52,-3,3
20583,87,88,-1,1
20584,143,114,29,29
20585,98,106,-8,8
20586,70,70,0,0
20587,112,109,3,3
20588,53,55,-2,2
20589,55,61,-6,6
20590,88,82,6,6
20591,113,109,4,4
20592,86,85,1,1
20593,59,53,6,6
20594,62,61,1,1
20595,71,79,-8,8
20596,102,119,-17,17
20597,69,72,-3,3
20598,117,112,5,5
20599,79,82,-3,3
20600,131,126,5,5
20601,45,49,-4,4
20602,81,82,-1,1
20603,62,70,-8,8
20604,82,85,-3,3
20605,86,87,-1,1
20606,52,49,3,3
20607,79,81,-2,2
20608,108,96,12,12
20609,62,64,-2,2
20610,94,93,1,1
20611,74,83,-9,9
20612,136,120,16,16
20613,151,131,20,20
20614,145,147,-2,2
20615,99,93,6,6
20616,169,174,-5,5
20617,69,72,-3,3
20618,54,53,1,1
20619,93,81,12,12
20620,106,104,2,2
20621,77,76,1,1
20622,100,106,-6,6
20623,96,102,-6,6
20624,56,59,-3,3
20625,99,90,9,9
20626,115,114,1,1
20627,90,83,7,7
20628,56,66,-10,10
20629,83,73,10,10
20630,117,107,10,10
20631,75,76,-1,1
20632,88,84,4,4
20633,80,78,2,2
20634,150,123,27,27
20635,126,110,16,16
20636,92,92,0,0
20637,117,111,6,6
20638,75,78,-3,3
20639,92,82,10,10
20640,72,72,0,0
20641,45,54,-9,9
20642,55,70,-15,15
20643,123,126,-3,3
20644,127,118,9,9
20645,128,130,-2,2
20646,161,154,7,7
20647,130,122,8,8
20648,87,80,7,7
20649,223,179,44,44
20650,79,83,-4,4
20651,155,138,17,17
20652,77,76,1,1
20653,82,73,9,9
20654,101,102,-1,1
20655,89,92,-3,3
20656,106,103,3,3
20657,68,57,11,11
20658,98,95,3,3
20659,102,103,-1,1
20660,88,78,10,10
20661,102,96,6,6
20662,173,151,22,22
20663,52,64,-12,12
20664,114,108,6,6
20665,85,71,14,14
20666,86,83,3,3
20667,77,74,3,3
20668,81,79,2,2
20669,89,85,4,4
20670,149,138,11,11
20671,68,76,-8,8
20672,77,72,5,5
20673,83,82,1,1
20674,71,71,0,0
20675,71,72,-1,1
20676,91,92,-1,1
20677,56,69,-13,13
20678,80,83,-3,3
20679,129,119,10,10
20680,95,93,2,2
20681,114,101,13,13
20682,149,131,18,18
20683,74,73,1,1
20684,84,76,8,8
20685,72,65,7,7
20686,119,109,10,10
20687,82,75,7,7
20688,94,113,-19,19
20689,89,97,-8,8
20690,45,49,-4,4
20691,77,68,9,9
20692,169,162,7,7
20693,100,86,14,14
20694,114,105,9,9
20695,95,89,6,6
20696,97,109,-12,12
20697,224,205,19,19
20698,96,96,0,0
20699,66,74,-8,8
20700,97,95,2,2
20701,113,109,4,4
20702,107,110,-3,3
20703,59,72,-13,13
20704,148,150,-2,2
20705,66,54,12,12
20706,151,151,0,0
20707,87,79,8,8
20708,119,106,13,13
20709,63,55,8,8
20710,122,109,13,13
20711,75,72,3,3
20712,142,133,9,9
20713,33,39,-6,6
20714,86,83,3,3
20715,33,39,-6,6
20716,144,117,27,27
20717,124,116,8,8
20718,77,78,-1,1
20719,144,136,8,8
20720,88,92,-4,4
20721,87,92,-5,5
20722,45,49,-4,4
20723,104,87,17,17
20724,70,74,-4,4
20725,87,84,3,3
20726,139,131,8,8
20727,136,132,4,4
20728,85,77,8,8
20729,106,108,-2,2
20730,134,123,11,11
20731,98,93,5,5
20732,77,79,-2,2
20733,131,128,3,3
20734,125,138,-13,13
20735,76,77,-1,1
20736,110,101,9,9
20737,123,111,12,12
20738,56,50,6,6
20739,62,65,-3,3
20740,59,58,1,1
20741,96,99,-3,3
20742,107,95,12,12
20743,126,129,-3,3
20744,114,115,-1,1
20745,85,90,-5,5
20746,63,58,5,5
20747,59,75,-16,16
20748,80,73,7,7
20749,93,85,8,8
20750,82,88,-6,6
20751,73,66,7,7
20752,133,121,12,12
20753,145,127,18,18
20754,78,79,-1,1
20755,89,86,3,3
20756,81,83,-2,2
20757,100,98,2,2
20758,129,135,-6,6
20759,80,82,-2,2
20760,122,111,11,11
20761,26,45,-19,19
20762,151,139,12,12
20763,118,121,-3,3
20764,146,131,15,15
20765,75,73,2,2
20766,80,97,-17,17
20767,52,65,-13,13
20768,128,111,17,17
20769,76,89,-13,13
20770,73,74,-1,1
20771,55,61,-6,6
20772,94,96,-2,2
20773,115,105,10,10
20774,70,71,-1,1
20775,125,108,17,17
20776,50,50,0,0
20777,90,90,0,0
20778,110,106,4,4
20779,120,121,-1,1
20780,62,64,-2,2
20781,78,88,-10,10
20782,132,128,4,4
20783,46,50,-4,4
20784,140,145,-5,5
20785,97,92,5,5
20786,53,54,-1,1
20787,93,92,1,1
20788,145,131,14,14
20789,84,85,-1,1
20790,121,121,0,0
20791,124,122,2,2
20792,65,62,3,3
20793,129,133,-4,4
20794,111,104,7,7
20795,81,68,13,13
20796,87,73,14,14
20797,64,71,-7,7
20798,92,84,8,8
20799,74,73,1,1
20800,78,75,3,3
20801,72,74,-2,2
20802,101,99,2,2
20803,35,43,-8,8
20804,171,156,15,15
20805,54,49,5,5
20806,155,165,-10,10
20807,151,146,5,5
20808,45,48,-3,3
20809,87,84,3,3
20810,115,106,9,9
20811,75,67,8,8
20812,89,89,0,0
20813,134,118,16,16
20814,65,68,-3,3
20815,51,51,0,0
20816,33,41,-8,8
20817,85,95,-10,10
20818,114,108,6,6
20819,120,114,6,6
20820,83,83,0,0
20821,106,110,-4,4
20822,41,48,-7,7
20823,101,115,-14,14
20824,134,124,10,10
20825,132,128,4,4
20826,53,45,8,8
20827,89,82,7,7
20828,120,120,0,0
20829,106,111,-5,5
20830,165,140,25,25
20831,59,71,-12,12
20832,77,80,-3,3
20833,105,98,7,7
20834,113,109,4,4
20835,85,86,-1,1
20836,57,57,0,0
20837,101,107,-6,6
20838,109,104,5,5
20839,129,131,-2,2
20840,75,87,-12,12
20841,143,136,7,7
20842,48,49,-1,1
20843,115,123,-8,8
20844,57,106,-49,49
20845,76,74,2,2
20846,79,76,3,3
20847,107,100,7,7
20848,61,67,-6,6
20849,134,132,2,2
20850,93,92,1,1
20851,141,136,5,5
20852,81,73,8,8
20853,65,72,-7,7
20854,148,135,13,13
20855,70,78,-8,8
20856,78,86,-8,8
20857,46,46,0,0
20858,108,110,-2,2
20859,94,92,2,2
20860,165,160,5,5
20861,83,91,-8,8
20862,131,126,5,5
20863,91,81,10,10
20864,86,116,-30,30
20865,99,97,2,2
20866,111,91,20,20
20867,93,88,5,5
20868,82,82,0,0
20869,60,71,-11,11
20870,89,86,3,3
20871,153,145,8,8
20872,102,101,1,1
20873,92,97,-5,5
20874,102,95,7,7
20875,118,121,-3,3
20876,75,70,5,5
20877,176,158,18,18
20878,129,117,12,12
20879,69,81,-12,12
20880,83,76,7,7
20881,124,118,6,6
20882,68,66,2,2
20883,102,97,5,5
20884,63,62,1,1
20885,96,106,-10,10
20886,120,127,-7,7
20887,75,80,-5,5
20888,111,110,1,1
20889,181,157,24,24
20890,82,83,-1,1
20891,132,125,7,7
20892,48,68,-20,20
20893,75,78,-3,3
20894,64,64,0,0
20895,41,47,-6,6
20896,64,78,-14,14
20897,97,99,-2,2
20898,77,82,-5,5
20899,91,83,8,8
20900,51,51,0,0
20901,68,70,-2,2
20902,121,123,-2,2
20903,86,83,3,3
20904,59,64,-5,5
20905,107,106,1,1
20906,84,89,-5,5
20907,55,56,-1,1
20908,76,91,-15,15
20909,93,83,10,10
20910,40,43,-3,3
20911,118,100,18,18
20912,156,150,6,6
20913,126,119,7,7
20914,74,73,1,1
20915,96,96,0,0
20916,121,115,6,6
20917,76,66,10,10
20918,122,127,-5,5
20919,89,80,9,9
20920,59,59,0,0
20921,84,73,11,11
20922,83,76,7,7
20923,73,70,3,3
20924,63,56,7,7
20925,64,70,-6,6
20926,125,112,13,13
20927,101,85,16,16
20928,122,127,-5,5
20929,63,65,-2,2
20930,107,105,2,2
20931,68,70,-2,2
20932,74,74,0,0
20933,102,103,-1,1
20934,119,120,-1,1
20935,106,97,9,9
20936,66,64,2,2
20937,87,87,0,0
20938,85,84,1,1
20939,66,57,9,9
20940,145,136,9,9
20941,180,151,29,29
20942,75,77,-2,2
20943,63,74,-11,11
20944,144,138,6,6
20945,66,69,-3,3
20946,49,47,2,2
20947,98,97,1,1
20948,77,65,12,12
20949,105,102,3,3
20950,81,96,-15,15
20951,92,79,13,13
20952,104,106,-2,2
20953,151,144,7,7
20954,51,54,-3,3
20955,124,126,-2,2
20956,84,82,2,2
20957,58,59,-1,1
20958,108,99,9,9
20959,41,45,-4,4
20960,151,136,15,15
20961,113,99,14,14
20962,138,128,10,10
20963,70,76,-6,6
20964,106,108,-2,2
20965,95,98,-3,3
20966,121,117,4,4
20967,66,64,2,2
20968,98,91,7,7
20969,70,72,-2,2
20970,142,133,9,9
20971,139,138,1,1
20972,62,66,-4,4
20973,138,144,-6,6
20974,70,69,1,1
20975,138,113,25,25
20976,105,97,8,8
20977,61,60,1,1
20978,113,116,-3,3
20979,173,149,24,24
20980,94,90,4,4
20981,90,80,10,10
20982,112,104,8,8
20983,43,43,0,0
20984,140,139,1,1
20985,197,195,2,2
20986,116,103,13,13
20987,229,196,33,33
20988,119,110,9,9
20989,80,66,14,14
20990,115,113,2,2
20991,61,68,-7,7
20992,41,47,-6,6
20993,101,94,7,7
20994,185,182,3,3
20995,46,46,0,0
20996,221,202,19,19
20997,113,104,9,9
20998,60,63,-3,3
20999,116,95,21,21
21000,125,117,8,8
21001,99,96,3,3
21002,97,110,-13,13
21003,171,151,20,20
21004,79,80,-1,1
21005,73,72,1,1
21006,80,85,-5,5
21007,148,131,17,17
21008,111,123,-12,12
21009,110,110,0,0
21010,84,88,-4,4
21011,60,68,-8,8
21012,94,87,7,7
21013,57,60,-3,3
21014,118,114,4,4
21015,115,113,2,2
21016,118,124,-6,6
21017,133,120,13,13
21018,67,70,-3,3
21019,148,140,8,8
21020,34,85,-51,51
21021,59,60,-1,1
21022,71,70,1,1
21023,59,55,4,4
21024,58,69,-11,11
21025,61,54,7,7
21026,105,104,1,1
21027,144,136,8,8
21028,135,125,10,10
21029,120,116,4,4
21030,180,170,10,10
21031,177,149,28,28
21032,115,128,-13,13
21033,138,126,12,12
21034,113,94,19,19
21035,97,94,3,3
21036,88,79,9,9
21037,108,115,-7,7
21038,106,99,7,7
21039,81,76,5,5
21040,105,100,5,5
21041,30,34,-4,4
21042,97,97,0,0
21043,39,39,0,0
21044,57,59,-2,2
21045,92,108,-16,16
21046,85,80,5,5
21047,94,85,9,9
21048,165,145,20,20
21049,119,116,3,3
21050,120,109,11,11
21051,139,125,14,14
21052,42,45,-3,3
21053,78,77,1,1
21054,78,80,-2,2
21055,73,65,8,8
21056,84,83,1,1
21057,159,144,15,15
21058,84,85,-1,1
21059,133,128,5,5
21060,87,91,-4,4
21061,147,130,17,17
21062,83,80,3,3
21063,51,69,-18,18
21064,107,101,6,6
21065,62,63,-1,1
21066,94,87,7,7
21067,62,64,-2,2
21068,79,78,1,1
21069,177,151,26,26
21070,104,86,18,18
21071,85,92,-7,7
21072,100,95,5,5
21073,69,68,1,1
21074,119,120,-1,1
21075,90,77,13,13
21076,82,76,6,6
21077,54,50,4,4
21078,115,99,16,16
21079,74,69,5,5
21080,113,105,8,8
21081,56,61,-5,5
21082,68,75,-7,7
21083,195,179,16,16
21084,150,130,20,20
21085,62,68,-6,6
21086,71,73,-2,2
21087,81,78,3,3
21088,131,127,4,4
21089,90,81,9,9
21090,86,92,-6,6
21091,168,170,-2,2
21092,101,94,7,7
21093,109,104,5,5
21094,71,106,-35,35
21095,67,67,0,0
21096,115,103,12,12
21097,95,86,9,9
21098,84,79,5,5
21099,74,84,-10,10
21100,69,65,4,4
21101,63,71,-8,8
21102,127,118,9,9
21103,82,87,-5,5
21104,78,77,1,1
21105,78,80,-2,2
21106,147,135,12,12
21107,96,92,4,4
21108,72,83,-11,11
21109,65,65,0,0
21110,107,102,5,5
21111,119,106,13,13
21112,101,93,8,8
21113,162,142,20,20
21114,119,113,6,6
21115,93,93,0,0
21116,102,100,2,2
21117,145,137,8,8
21118,94,90,4,4
21119,83,81,2,2
21120,166,149,17,17
21121,63,66,-3,3
21122,90,86,4,4
21123,53,54,-1,1
21124,103,103,0,0
21125,117,106,11,11
21126,99,98,1,1
21127,44,42,2,2
21128,149,138,11,11
21129,104,96,8,8
21130,225,209,16,16
21131,101,96,5,5
21132,101,95,6,6
21133,76,66,10,10
21134,80,75,5,5
21135,70,65,5,5
21136,130,105,25,25
21137,148,131,17,17
21138,70,81,-11,11
21139,137,141,-4,4
21140,59,56,3,3
21141,71,76,-5,5
21142,134,127,7,7
21143,116,100,16,16
21144,104,101,3,3
21145,63,71,-8,8
21146,61,61,0,0
21147,89,107,-18,18
21148,61,60,1,1
21149,97,96,1,1
21150,102,97,5,5
21151,63,66,-3,3
21152,165,155,10,10
21153,88,97,-9,9
21154,112,96,16,16
21155,90,86,4,4
21156,179,170,9,9
21157,89,93,-4,4
21158,19,21,-2,2
21159,123,114,9,9
21160,111,132,-21,21
21161,89,85,4,4
21162,86,97,-11,11
21163,92,93,-1,1
21164,93,87,6,6
21165,91,88,3,3
21166,70,70,0,0
21167,105,102,3,3
21168,85,80,5,5
21169,78,71,7,7
21170,112,108,4,4
21171,96,94,2,2
21172,54,59,-5,5
21173,121,106,15,15
21174,131,124,7,7
21175,66,69,-3,3
21176,61,67,-6,6
21177,80,78,2,2
21178,89,85,4,4
21179,74,65,9,9
21180,65,76,-11,11
21181,101,103,-2,2
21182,97,86,11,11
21183,108,106,2,2
21184,96,99,-3,3
21185,132,126,6,6
21186,62,59,3,3
21187,82,74,8,8
21188,154,134,20,20
21189,82,79,3,3
21190,50,51,-1,1
21191,68,64,4,4
21192,124,126,-2,2
21193,74,69,5,5
21194,149,147,2,2
21195,59,60,-1,1
21196,56,56,0,0
21197,58,59,-1,1
21198,151,154,-3,3
21199,113,104,9,9
21200,74,96,-22,22
21201,71,68,3,3
21202,86,82,4,4
21203,65,63,2,2
21204,69,69,0,0
21205,161,152,9,9
21206,89,87,2,2
21207,36,42,-6,6
21208,55,51,4,4
21209,97,92,5,5
21210,89,79,10,10
21211,64,66,-2,2
21212,98,98,0,0
21213,89,81,8,8
21214,44,43,1,1
21215,162,150,12,12
21216,126,132,-6,6
21217,82,82,0,0
21218,77,83,-6,6
21219,81,83,-2,2
21220,137,128,9,9
21221,69,67,2,2
21222,86,85,1,1
21223,67,72,-5,5
21224,101,95,6,6
21225,74,77,-3,3
21226,71,73,-2,2
21227,66,65,1,1
21228,104,104,0,0
21229,111,124,-13,13
21230,86,88,-2,2
21231,96,95,1,1
21232,79,75,4,4
21233,183,185,-2,2
21234,89,85,4,4
21235,133,117,16,16
21236,80,77,3,3
21237,72,70,2,2
21238,109,96,13,13
21239,107,101,6,6
21240,84,78,6,6
21241,67,60,7,7
21242,102,94,8,8
21243,66,176,-110,110
21244,132,134,-2,2
21245,103,101,2,2
21246,91,88,3,3
21247,111,109,2,2
21248,110,101,9,9
21249,156,152,4,4
21250,44,39,5,5
21251,48,46,2,2
21252,79,87,-8,8
21253,58,52,6,6
21254,134,119,15,15
21255,105,101,4,4
21256,79,74,5,5
21257,124,158,-34,34
21258,109,95,14,14
21259,79,76,3,3
21260,66,72,-6,6
21261,93,88,5,5
21262,93,93,0,0
21263,85,94,-9,9
21264,92,87,5,5
21265,103,103,0,0
21266,104,97,7,7
21267,108,105,3,3
21268,82,75,7,7
21269,92,96,-4,4
21270,41,42,-1,1
21271,47,52,-5,5
21272,79,78,1,1
21273,101,107,-6,6
21274,66,72,-6,6
21275,83,81,2,2
21276,89,73,16,16
21277,55,58,-3,3
21278,137,130,7,7
21279,92,83,9,9
21280,131,126,5,5
21281,99,92,7,7
21282,100,101,-1,1
21283,82,75,7,7
21284,57,63,-6,6
21285,74,72,2,2
21286,79,79,0,0
21287,83,80,3,3
21288,118,111,7,7
21289,133,155,-22,22
21290,129,127,2,2
21291,70,86,-16,16
21292,145,136,9,9
21293,149,113,36,36
21294,113,109,4,4
21295,56,67,-11,11
21296,44,43,1,1
21297,89,97,-8,8
21298,90,91,-1,1
21299,74,66,8,8
21300,117,107,10,10
21301,65,56,9,9
21302,48,57,-9,9
21303,92,87,5,5
21304,72,74,-2,2
21305,83,75,8,8
21306,63,66,-3,3
21307,135,117,18,18
21308,147,144,3,3
21309,142,145,-3,3
21310,122,107,15,15
21311,77,74,3,3
21312,106,99,7,7
21313,65,70,-5,5
21314,70,65,5,5
21315,124,110,14,14
21316,100,94,6,6
21317,56,57,-1,1
21318,72,65,7,7
21319,83,79,4,4
21320,66,64,2,2
21321,45,50,-5,5
21322,162,155,7,7
21323,85,87,-2,2
21324,115,112,3,3
21325,122,116,6,6
21326,72,70,2,2
21327,68,69,-1,1
21328,65,68,-3,3
21329,84,79,5,5
21330,161,140,21,21
21331,149,135,14,14
21332,109,102,7,7
21333,57,64,-7,7
21334,85,82,3,3
21335,100,91,9,9
21336,171,135,36,36
21337,73,78,-5,5
21338,78,80,-2,2
21339,67,78,-11,11
21340,122,126,-4,4
21341,84,73,11,11
21342,171,152,19,19
21343,87,84,3,3
21344,140,119,21,21
21345,86,93,-7,7
21346,85,88,-3,3
21347,50,48,2,2
21348,78,78,0,0
21349,67,59,8,8
21350,81,75,6,6
21351,75,77,-2,2
21352,91,89,2,2
21353,119,117,2,2
21354,138,131,7,7
21355,58,57,1,1
21356,137,123,14,14
21357,88,95,-7,7
21358,122,114,8,8
21359,106,95,11,11
21360,101,105,-4,4
21361,88,86,2,2
21362,83,72,11,11
21363,80,78,2,2
21364,111,110,1,1
21365,183,169,14,14
21366,73,70,3,3
21367,97,87,10,10
21368,55,63,-8,8
21369,116,121,-5,5
21370,78,78,0,0
21371,99,98,1,1
21372,141,128,13,13
21373,56,58,-2,2
21374,65,67,-2,2
21375,72,70,2,2
21376,99,71,28,28
21377,96,85,11,11
21378,69,74,-5,5
21379,94,102,-8,8
21380,98,91,7,7
21381,55,63,-8,8
21382,107,102,5,5
21383,68,68,0,0
21384,84,85,-1,1
21385,65,66,-1,1
21386,177,152,25,25
21387,62,61,1,1
21388,182,158,24,24
21389,72,52,20,20
21390,151,145,6,6
21391,80,73,7,7
21392,122,122,0,0
21393,136,115,21,21
21394,141,128,13,13
21395,88,80,8,8
21396,88,78,10,10
21397,127,121,6,6
21398,92,95,-3,3
21399,74,68,6,6
21400,111,106,5,5
21401,204,196,8,8
21402,111,101,10,10
21403,59,55,4,4
21404,129,107,22,22
21405,107,102,5,5
21406,104,95,9,9
21407,76,77,-1,1
21408,113,115,-2,2
21409,110,107,3,3
21410,69,63,6,6
21411,67,69,-2,2
21412,85,80,5,5
21413,94,94,0,0
21414,93,86,7,7
21415,90,89,1,1
21416,61,51,10,10
21417,56,48,8,8
21418,114,103,11,11
21419,71,65,6,6
21420,86,88,-2,2
21421,114,116,-2,2
21422,50,49,1,1
21423,155,146,9,9
21424,108,114,-6,6
21425,104,83,21,21
21426,89,84,5,5
21427,75,72,3,3
21428,149,141,8,8
21429,94,86,8,8
21430,63,75,-12,12
21431,127,135,-8,8
21432,103,100,3,3
21433,90,82,8,8
21434,64,70,-6,6
21435,144,126,18,18
21436,119,107,12,12
21437,45,54,-9,9
21438,78,75,3,3
21439,45,56,-11,11
21440,113,112,1,1
21441,89,91,-2,2
21442,122,122,0,0
21443,93,90,3,3
21444,54,55,-1,1
21445,89,79,10,10
21446,85,80,5,5
21447,101,97,4,4
21448,132,140,-8,8
21449,47,44,3,3
21450,83,79,4,4
21451,89,79,10,10
21452,77,72,5,5
21453,150,128,22,22
21454,130,111,19,19
21455,85,84,1,1
21456,114,108,6,6
21457,155,147,8,8
21458,63,60,3,3
21459,94,94,0,0
21460,42,44,-2,2
21461,138,136,2,2
21462,78,85,-7,7
21463,79,77,2,2
21464,95,89,6,6
21465,80,69,11,11
21466,80,91,-11,11
21467,39,42,-3,3
21468,143,130,13,13
21469,88,83,5,5
21470,47,51,-4,4
21471,70,70,0,0
21472,174,159,15,15
21473,148,140,8,8
21474,185,164,21,21
21475,122,127,-5,5
21476,138,131,7,7
21477,99,90,9,9
21478,50,54,-4,4
21479,104,91,13,13
21480,69,67,2,2
21481,127,116,11,11
21482,59,67,-8,8
21483,89,87,2,2
21484,81,82,-1,1
21485,64,71,-7,7
21486,124,122,2,2
21487,75,83,-8,8
21488,102,94,8,8
21489,156,140,16,16
21490,81,80,1,1
21491,90,83,7,7
21492,58,73,-15,15
21493,153,133,20,20
21494,100,93,7,7
21495,133,117,16,16
21496,133,118,15,15
21497,68,71,-3,3
21498,104,100,4,4
21499,74,70,4,4
21500,138,123,15,15
21501,83,84,-1,1
21502,125,133,-8,8
21503,98,98,0,0
21504,92,83,9,9
21505,39,47,-8,8
21506,93,91,2,2
21507,47,56,-9,9
21508,72,76,-4,4
21509,138,128,10,10
21510,81,83,-2,2
21511,102,100,2,2
21512,146,135,11,11
21513,80,73,7,7
21514,76,72,4,4
21515,130,139,-9,9
21516,138,125,13,13
21517,69,78,-9,9
21518,134,120,14,14
21519,73,75,-2,2
21520,55,59,-4,4
21521,68,71,-3,3
21522,78,90,-12,12
21523,85,79,6,6
21524,118,110,8,8
21525,80,77,3,3
21526,153,152,1,1
21527,81,70,11,11
21528,85,83,2,2
21529,117,112,5,5
21530,126,124,2,2
21531,34,39,-5,5
21532,72,65,7,7
21533,138,126,12,12
21534,82,84,-2,2
21535,113,112,1,1
21536,63,68,-5,5
21537,80,69,11,11
21538,67,68,-1,1
21539,117,126,-9,9
21540,120,108,12,12
21541,75,71,4,4
21542,117,109,8,8
21543,103,105,-2,2
21544,149,154,-5,5
21545,169,164,5,5
21546,85,95,-10,10
21547,91,83,8,8
21548,121,120,1,1
21549,95,108,-13,13
21550,123,124,-1,1
21551,36,47,-11,11
21552,71,68,3,3
21553,106,98,8,8
21554,101,88,13,13
21555,60,73,-13,13
21556,68,65,3,3
21557,76,73,3,3
21558,91,81,10,10
21559,84,80,4,4
21560,97,101,-4,4
21561,75,81,-6,6
21562,44,44,0,0
21563,78,65,13,13
21564,55,58,-3,3
21565,106,114,-8,8
21566,125,119,6,6
21567,185,161,24,24
21568,148,160,-12,12
21569,156,140,16,16
21570,128,118,10,10
21571,96,89,7,7
21572,99,87,12,12
21573,63,69,-6,6
21574,78,84,-6,6
21575,162,129,33,33
21576,75,72,3,3
21577,103,97,6,6
21578,110,97,13,13
21579,116,110,6,6
21580,51,54,-3,3
21581,126,120,6,6
21582,37,43,-6,6
21583,109,103,6,6
21584,115,116,-1,1
21585,70,68,2,2
21586,94,95,-1,1
21587,113,109,4,4
21588,91,87,4,4
21589,71,70,1,1
21590,55,57,-2,2
21591,63,71,-8,8
21592,59,59,0,0
21593,81,78,3,3
21594,135,132,3,3
21595,95,88,7,7
21596,67,75,-8,8
21597,80,78,2,2
21598,73,82,-9,9
21599,98,89,9,9
21600,104,93,11,11
21601,63,58,5,5
21602,60,56,4,4
21603,117,110,7,7
21604,60,59,1,1
21605,127,122,5,5
21606,121,99,22,22
21607,118,114,4,4
21608,80,77,3,3
21609,77,77,0,0
21610,104,93,11,11
21611,182,198,-16,16
21612,90,91,-1,1
21613,49,46,3,3
21614,86,84,2,2
21615,88,85,3,3
21616,114,100,14,14
21617,56,55,1,1
21618,66,58,8,8
21619,68,79,-11,11
21620,88,86,2,2
21621,45,66,-21,21
21622,231,210,21,21
21623,136,122,14,14
21624,69,65,4,4
21625,123,127,-4,4
21626,60,56,4,4
21627,72,69,3,3
21628,84,85,-1,1
21629,123,120,3,3
21630,58,67,-9,9
21631,58,59,-1,1
21632,71,72,-1,1
21633,97,88,9,9
21634,61,63,-2,2
21635,57,64,-7,7
21636,172,160,12,12
21637,62,66,-4,4
21638,112,101,11,11
21639,126,119,7,7
21640,85,81,4,4
21641,105,111,-6,6
21642,100,96,4,4
21643,117,128,-11,11
21644,76,86,-10,10
21645,85,81,4,4
21646,187,157,30,30
21647,145,134,11,11
21648,64,75,-11,11
21649,107,97,10,10
21650,140,134,6,6
21651,46,51,-5,5
21652,63,60,3,3
21653,93,88,5,5
21654,111,107,4,4
21655,60,61,-1,1
21656,120,114,6,6
21657,67,72,-5,5
21658,157,146,11,11
21659,133,129,4,4
21660,112,113,-1,1
21661,119,128,-9,9
21662,86,82,4,4
21663,128,125,3,3
21664,109,100,9,9
21665,133,124,9,9
21666,62,57,5,5
21667,167,150,17,17
21668,122,110,12,12
21669,42,42,0,0
21670,66,64,2,2
21671,110,103,7,7
21672,84,94,-10,10
21673,115,107,8,8
21674,174,161,13,13
21675,85,83,2,2
21676,100,94,6,6
21677,56,63,-7,7
21678,72,68,4,4
21679,87,88,-1,1
21680,70,84,-14,14
21681,76,73,3,3
21682,89,84,5,5
21683,69,68,1,1
21684,175,157,18,18
21685,191,170,21,21
21686,66,61,5,5
21687,145,137,8,8
21688,127,110,17,17
21689,54,47,7,7
21690,70,66,4,4
21691,67,63,4,4
21692,77,74,3,3
21693,119,124,-5,5
21694,38,47,-9,9
21695,77,77,0,0
21696,49,49,0,0
21697,63,78,-15,15
21698,40,40,0,0
21699,69,81,-12,12
21700,35,42,-7,7
21701,93,87,6,6
21702,61,75,-14,14
21703,50,47,3,3
21704,113,114,-1,1
21705,123,109,14,14
21706,75,75,0,0
21707,94,85,9,9
21708,71,75,-4,4
21709,114,113,1,1
21710,68,64,4,4
21711,129,137,-8,8
21712,61,50,11,11
21713,92,83,9,9
21714,76,67,9,9
21715,106,93,13,13
21716,123,113,10,10
21717,89,89,0,0
21718,88,90,-2,2
21719,48,54,-6,6
21720,87,88,-1,1
21721,53,57,-4,4
21722,120,108,12,12
21723,105,107,-2,2
21724,117,109,8,8
21725,128,115,13,13
21726,173,154,19,19
21727,85,83,2,2
21728,97,87,10,10
21729,101,91,10,10
21730,67,68,-1,1
21731,71,72,-1,1
21732,89,79,10,10
21733,85,93,-8,8
21734,83,80,3,3
21735,78,72,6,6
21736,76,75,1,1
21737,115,108,7,7
21738,68,64,4,4
21739,75,72,3,3
21740,106,90,16,16
21741,76,72,4,4
21742,123,111,12,12
21743,82,81,1,1
21744,82,85,-3,3
21745,162,149,13,13
21746,64,69,-5,5
21747,66,52,14,14
21748,48,44,4,4
21749,86,86,0,0
21750,59,66,-7,7
21751,118,110,8,8
21752,75,72,3,3
21753,138,121,17,17
21754,50,47,3,3
21755,96,83,13,13
21756,68,71,-3,3
21757,83,83,0,0
21758,93,107,-14,14
21759,78,83,-5,5
21760,45,43,2,2
21761,85,84,1,1
21762,123,109,14,14
21763,42,49,-7,7
21764,84,79,5,5
21765,123,116,7,7
21766,45,53,-8,8
21767,88,88,0,0
21768,85,81,4,4
21769,79,67,12,12
21770,75,71,4,4
21771,125,120,5,5
21772,33,44,-11,11
21773,84,87,-3,3
21774,117,119,-2,2
21775,79,79,0,0
21776,190,179,11,11
21777,112,108,4,4
21778,86,87,-1,1
21779,115,107,8,8
21780,74,69,5,5
21781,85,85,0,0
21782,28,32,-4,4
21783,45,48,-3,3
21784,115,108,7,7
21785,92,85,7,7
21786,78,73,5,5
21787,129,122,7,7
21788,119,107,12,12
21789,78,75,3,3
21790,78,64,14,14
21791,211,187,24,24
21792,95,100,-5,5
21793,101,97,4,4
21794,163,149,14,14
21795,168,154,14,14
21796,109,102,7,7
21797,98,99,-1,1
21798,61,61,0,0
21799,131,128,3,3
21800,74,74,0,0
21801,66,74,-8,8
21802,130,120,10,10
21803,71,67,4,4
21804,135,136,-1,1
21805,88,79,9,9
21806,150,163,-13,13
21807,152,132,20,20
21808,117,95,22,22
21809,133,130,3,3
21810,77,76,1,1
21811,75,69,6,6
21812,63,64,-1,1
21813,73,68,5,5
21814,72,70,2,2
21815,62,76,-14,14
21816,98,100,-2,2
21817,103,94,9,9
21818,167,176,-9,9
21819,73,76,-3,3
21820,68,63,5,5
21821,104,98,6,6
21822,96,93,3,3
21823,165,159,6,6
21824,128,122,6,6
21825,147,136,11,11
21826,139,133,6,6
21827,156,139,17,17
21828,86,86,0,0
21829,78,77,1,1
21830,78,70,8,8
21831,89,82,7,7
21832,115,104,11,11
21833,122,114,8,8
21834,47,56,-9,9
21835,60,73,-13,13
21836,87,97,-10,10
21837,77,77,0,0
21838,115,102,13,13
21839,105,86,19,19
21840,120,114,6,6
21841,95,89,6,6
21842,103,94,9,9
21843,57,55,2,2
21844,132,118,14,14
21845,118,100,18,18
21846,134,115,19,19
21847,85,93,-8,8
21848,130,132,-2,2
21849,107,112,-5,5
21850,112,104,8,8
21851,63,64,-1,1
21852,176,164,12,12
21853,83,79,4,4
21854,88,96,-8,8
21855,141,119,22,22
21856,121,112,9,9
21857,119,106,13,13
21858,51,61,-10,10
21859,60,65,-5,5
21860,103,83,20,20
21861,122,113,9,9
21862,79,77,2,2
21863,103,95,8,8
21864,86,81,5,5
21865,58,65,-7,7
21866,103,99,4,4
21867,89,81,8,8
21868,94,87,7,7
21869,115,115,0,0
21870,151,152,-1,1
21871,97,93,4,4
21872,88,82,6,6
21873,78,77,1,1
21874,79,76,3,3
21875,51,55,-4,4
21876,77,86,-9,9
21877,98,85,13,13
21878,160,133,27,27
21879,114,112,2,2
21880,95,95,0,0
21881,77,79,-2,2
21882,75,75,0,0
21883,142,128,14,14
21884,72,72,0,0
21885,150,134,16,16
21886,67,72,-5,5
21887,104,101,3,3
21888,95,95,0,0
21889,116,105,11,11
21890,43,74,-31,31
21891,98,98,0,0
21892,85,76,9,9
21893,93,86,7,7
21894,106,100,6,6
21895,99,96,3,3
21896,179,163,16,16
21897,61,76,-15,15
21898,77,78,-1,1
21899,64,64,0,0
21900,90,90,0,0
21901,106,111,-5,5
21902,67,66,1,1
21903,102,96,6,6
21904,94,65,29,29
21905,92,87,5,5
21906,81,73,8,8
21907,84,76,8,8
21908,131,134,-3,3
21909,96,92,4,4
21910,89,84,5,5
21911,107,97,10,10
21912,73,78,-5,5
21913,81,74,7,7
21914,69,74,-5,5
21915,73,73,0,0
21916,150,145,5,5
21917,115,99,16,16
21918,90,84,6,6
21919,63,72,-9,9
21920,138,124,14,14
21921,125,123,2,2
21922,111,106,5,5
21923,124,108,16,16
21924,37,45,-8,8
21925,114,109,5,5
21926,67,67,0,0
21927,116,113,3,3
21928,134,140,-6,6
21929,58,59,-1,1
21930,75,68,7,7
21931,119,110,9,9
21932,94,85,9,9
21933,72,69,3,3
21934,144,143,1,1
21935,86,83,3,3
21936,112,108,4,4
21937,57,54,3,3
21938,121,125,-4,4
21939,118,113,5,5
21940,79,75,4,4
21941,53,51,2,2
21942,61,55,6,6
21943,90,94,-4,4
21944,114,111,3,3
21945,101,101,0,0
21946,180,171,9,9
21947,136,148,-12,12
21948,100,99,1,1
21949,107,105,2,2
21950,95,96,-1,1
21951,75,74,1,1
21952,86,86,0,0
21953,71,79,-8,8
21954,126,121,5,5
21955,125,118,7,7
21956,162,153,9,9
21957,71,72,-1,1
21958,60,55,5,5
21959,118,122,-4,4
21960,104,78,26,26
21961,117,111,6,6
21962,144,132,12,12
21963,78,79,-1,1
21964,95,92,3,3
21965,157,144,13,13
21966,70,69,1,1
21967,68,68,0,0
21968,125,115,10,10
21969,111,92,19,19
21970,112,103,9,9
21971,118,101,17,17
21972,71,65,6,6
21973,126,109,17,17
21974,96,91,5,5
21975,59,71,-12,12
21976,82,89,-7,7
21977,101,103,-2,2
21978,80,82,-2,2
21979,61,59,2,2
21980,89,90,-1,1
21981,107,88,19,19
21982,55,58,-3,3
21983,99,92,7,7
21984,131,135,-4,4
21985,80,74,6,6
21986,110,90,20,20
21987,94,91,3,3
21988,32,32,0,0
21989,105,99,6,6
21990,103,107,-4,4
21991,152,152,0,0
21992,136,116,20,20
21993,78,72,6,6
21994,68,67,1,1
21995,68,78,-10,10
21996,36,38,-2,2
21997,111,111,0,0
21998,64,56,8,8
21999,70,71,-1,1
22000,89,84,5,5
22001,103,99,4,4
22002,79,76,3,3
22003,175,167,8,8
22004,103,109,-6,6
22005,84,78,6,6
22006,79,74,5,5
22007,93,97,-4,4
22008,124,117,7,7
22009,106,100,6,6
22010,144,123,21,21
22011,100,94,6,6
22012,70,71,-1,1
22013,122,122,0,0
22014,101,97,4,4
22015,125,119,6,6
22016,94,88,6,6
22017,134,141,-7,7
22018,69,71,-2,2
22019,119,105,14,14
22020,106,99,7,7
22021,122,121,1,1
22022,54,55,-1,1
22023,89,86,3,3
22024,76,88,-12,12
22025,86,82,4,4
22026,144,127,17,17
22027,93,80,13,13
22028,105,109,-4,4
22029,101,101,0,0
22030,81,90,-9,9
22031,85,84,1,1
22032,157,132,25,25
22033,112,113,-1,1
22034,76,78,-2,2
22035,85,91,-6,6
22036,141,117,24,24
22037,87,92,-5,5
22038,71,79,-8,8
22039,104,107,-3,3
22040,73,78,-5,5
22041,143,129,14,14
22042,92,96,-4,4
22043,80,82,-2,2
22044,98,96,2,2
22045,80,72,8,8
22046,54,58,-4,4
22047,134,136,-2,2
22048,70,70,0,0
22049,114,110,4,4
22050,80,68,12,12
22051,90,83,7,7
22052,82,89,-7,7
22053,103,95,8,8
22054,82,79,3,3
22055,92,86,6,6
22056,82,78,4,4
22057,66,68,-2,2
22058,124,156,-32,32
22059,61,68,-7,7
22060,63,71,-8,8
22061,91,94,-3,3
22062,72,69,3,3
22063,54,68,-14,14
22064,87,81,6,6
22065,104,111,-7,7
22066,61,64,-3,3
22067,125,106,19,19
22068,129,128,1,1
22069,33,46,-13,13
22070,97,98,-1,1
22071,73,87,-14,14
22072,154,134,20,20
22073,74,70,4,4
22074,125,123,2,2
22075,54,57,-3,3
22076,68,75,-7,7
22077,91,83,8,8
22078,68,66,2,2
22079,92,104,-12,12
22080,117,99,18,18
22081,98,107,-9,9
22082,124,108,16,16
22083,71,76,-5,5
22084,66,64,2,2
22085,37,45,-8,8
22086,108,99,9,9
22087,59,55,4,4
22088,84,79,5,5
22089,162,147,15,15
22090,108,107,1,1
22091,120,110,10,10
22092,102,108,-6,6
22093,68,83,-15,15
22094,146,123,23,23
22095,116,116,0,0
22096,66,70,-4,4
22097,67,68,-1,1
22098,46,54,-8,8
22099,92,84,8,8
22100,150,129,21,21
22101,58,49,9,9
22102,103,104,-1,1
22103,112,97,15,15
22104,90,98,-8,8
22105,98,95,3,3
22106,54,59,-5,5
22107,76,77,-1,1
22108,77,82,-5,5
22109,111,101,10,10
22110,118,119,-1,1
22111,125,118,7,7
22112,94,96,-2,2
22113,73,75,-2,2
22114,173,161,12,12
22115,155,150,5,5
22116,120,126,-6,6
22117,86,76,10,10
22118,115,104,11,11
22119,149,132,17,17
22120,68,84,-16,16
22121,130,107,23,23
22122,65,68,-3,3
22123,63,52,11,11
22124,39,46,-7,7
22125,82,77,5,5
22126,74,64,10,10
22127,57,71,-14,14
22128,105,107,-2,2
22129,106,105,1,1
22130,126,142,-16,16
22131,113,106,7,7
22132,109,107,2,2
22133,95,95,0,0
22134,86,73,13,13
22135,99,92,7,7
22136,65,79,-14,14
22137,70,69,1,1
22138,66,61,5,5
22139,45,42,3,3
22140,77,76,1,1
22141,50,54,-4,4
22142,105,98,7,7
22143,101,106,-5,5
22144,62,68,-6,6
22145,82,91,-9,9
22146,69,63,6,6
22147,122,135,-13,13
22148,147,140,7,7
22149,220,208,12,12
22150,69,67,2,2
22151,93,86,7,7
22152,111,106,5,5
22153,152,144,8,8
22154,124,124,0,0
22155,43,43,0,0
22156,112,96,16,16
22157,83,78,5,5
22158,140,133,7,7
22159,110,107,3,3
22160,71,79,-8,8
22161,96,106,-10,10
22162,148,147,1,1
22163,53,46,7,7
22164,120,107,13,13
22165,188,178,10,10
22166,29,39,-10,10
22167,117,109,8,8
22168,104,99,5,5
22169,81,77,4,4
22170,124,122,2,2
22171,103,110,-7,7
22172,139,132,7,7
22173,79,67,12,12
22174,133,122,11,11
22175,112,112,0,0
22176,99,102,-3,3
22177,101,92,9,9
22178,75,67,8,8
22179,110,103,7,7
22180,121,118,3,3
22181,110,112,-2,2
22182,68,83,-15,15
22183,99,92,7,7
22184,67,73,-6,6
22185,72,75,-3,3
22186,151,129,22,22
22187,87,91,-4,4
22188,83,82,1,1
22189,58,70,-12,12
22190,56,54,2,2
22191,72,69,3,3
22192,91,83,8,8
22193,61,56,5,5
22194,95,80,15,15
22195,101,90,11,11
22196,98,91,7,7
22197,128,131,-3,3
22198,183,162,21,21
22199,68,69,-1,1
22200,97,90,7,7
22201,74,73,1,1
22202,127,123,4,4
22203,91,86,5,5
22204,95,91,4,4
22205,83,81,2,2
22206,130,124,6,6
22207,143,83,60,60
22208,68,69,-1,1
22209,72,66,6,6
22210,81,79,2,2
22211,63,67,-4,4
22212,92,82,10,10
22213,70,81,-11,11
22214,114,118,-4,4
22215,119,107,12,12
22216,130,124,6,6
22217,94,94,0,0
22218,104,106,-2,2
22219,99,104,-5,5
22220,55,65,-10,10
22221,111,111,0,0
22222,101,88,13,13
22223,86,84,2,2
22224,89,88,1,1
22225,91,104,-13,13
22226,140,136,4,4
22227,74,74,0,0
22228,82,83,-1,1
22229,103,81,22,22
22230,104,89,15,15
22231,75,81,-6,6
22232,92,98,-6,6
22233,53,55,-2,2
22234,74,80,-6,6
22235,38,40,-2,2
22236,141,129,12,12
22237,91,100,-9,9
22238,97,88,9,9
22239,115,104,11,11
22240,141,135,6,6
22241,72,80,-8,8
22242,87,85,2,2
22243,114,110,4,4
22244,96,85,11,11
22245,68,78,-10,10
22246,123,123,0,0
22247,91,85,6,6
22248,91,82,9,9
22249,116,117,-1,1
22250,49,71,-22,22
22251,57,56,1,1
22252,124,120,4,4
22253,88,97,-9,9
22254,129,121,8,8
22255,55,49,6,6
22256,188,168,20,20
22257,64,68,-4,4
22258,71,70,1,1
22259,45,51,-6,6
22260,93,101,-8,8
22261,68,66,2,2
22262,161,166,-5,5
22263,69,77,-8,8
22264,113,113,0,0
22265,74,88,-14,14
22266,58,64,-6,6
22267,149,148,1,1
22268,49,53,-4,4
22269,96,91,5,5
22270,122,112,10,10
22271,92,80,12,12
22272,124,122,2,2
22273,93,91,2,2
22274,149,149,0,0
22275,179,165,14,14
22276,147,145,2,2
22277,121,117,4,4
22278,62,63,-1,1
22279,50,49,1,1
22280,54,54,0,0
22281,104,94,10,10
22282,73,70,3,3
22283,101,99,2,2
22284,71,77,-6,6
22285,90,84,6,6
22286,71,67,4,4
22287,72,73,-1,1
22288,61,84,-23,23
22289,65,59,6,6
22290,81,79,2,2
22291,37,49,-12,12
22292,65,68,-3,3
22293,128,118,10,10
22294,55,79,-24,24
22295,55,65,-10,10
22296,131,114,17,17
22297,67,63,4,4
22298,138,131,7,7
22299,66,66,0,0
22300,62,62,0,0
22301,187,175,12,12
22302,127,116,11,11
22303,105,107,-2,2
22304,78,76,2,2
22305,94,91,3,3
22306,94,88,6,6
22307,108,104,4,4
22308,135,125,10,10
22309,78,73,5,5
22310,87,88,-1,1
22311,59,58,1,1
22312,134,140,-6,6
22313,89,82,7,7
22314,79,78,1,1
22315,27,44,-17,17
22316,74,68,6,6
22317,56,64,-8,8
22318,121,124,-3,3
22319,88,89,-1,1
22320,145,141,4,4
22321,99,97,2,2
22322,127,111,16,16
22323,85,84,1,1
22324,91,76,15,15
22325,184,184,0,0
22326,76,71,5,5
22327,86,87,-1,1
22328,88,77,11,11
22329,156,145,11,11
22330,106,104,2,2
22331,102,90,12,12
22332,106,98,8,8
22333,87,85,2,2
22334,60,68,-8,8
22335,82,79,3,3
22336,112,100,12,12
22337,118,120,-2,2
22338,75,67,8,8
22339,94,94,0,0
22340,57,63,-6,6
22341,96,92,4,4
22342,67,64,3,3
22343,78,87,-9,9
22344,114,99,15,15
22345,70,68,2,2
22346,60,66,-6,6
22347,91,86,5,5
22348,86,78,8,8
22349,84,82,2,2
22350,75,73,2,2
22351,133,134,-1,1
22352,193,169,24,24
22353,68,70,-2,2
22354,139,133,6,6
22355,57,72,-15,15
22356,110,111,-1,1
22357,83,91,-8,8
22358,159,129,30,30
22359,110,104,6,6
22360,150,129,21,21
22361,95,102,-7,7
22362,139,124,15,15
22363,72,69,3,3
22364,147,129,18,18
22365,89,82,7,7
22366,136,127,9,9
22367,47,43,4,4
22368,158,153,5,5
22369,111,112,-1,1
22370,99,88,11,11
22371,112,107,5,5
22372,82,88,-6,6
22373,38,43,-5,5
22374,82,76,6,6
22375,80,79,1,1
22376,119,102,17,17
22377,68,70,-2,2
22378,117,110,7,7
22379,76,72,4,4
22380,94,93,1,1
22381,68,69,-1,1
22382,49,42,7,7
22383,59,58,1,1
22384,135,138,-3,3
22385,111,106,5,5
22386,102,89,13,13
22387,118,117,1,1
22388,90,85,5,5
22389,62,67,-5,5
22390,104,98,6,6
22391,120,108,12,12
22392,105,105,0,0
22393,131,124,7,7
22394,103,107,-4,4
22395,117,111,6,6
22396,92,89,3,3
22397,70,69,1,1
22398,108,106,2,2
22399,71,70,1,1
22400,58,64,-6,6
22401,91,73,18,18
22402,98,88,10,10
22403,40,47,-7,7
22404,92,79,13,13
22405,100,101,-1,1
22406,138,140,-2,2
22407,132,116,16,16
22408,101,108,-7,7
22409,71,78,-7,7
22410,86,81,5,5
22411,107,101,6,6
22412,85,83,2,2
22413,68,70,-2,2
22414,80,78,2,2
22415,125,116,9,9
22416,99,89,10,10
22417,122,111,11,11
22418,190,169,21,21
22419,109,88,21,21
22420,83,72,11,11
22421,121,133,-12,12
22422,79,92,-13,13
22423,142,151,-9,9
22424,63,65,-2,2
22425,66,66,0,0
22426,114,99,15,15
22427,80,76,4,4
22428,72,68,4,4
22429,190,179,11,11
22430,91,86,5,5
22431,152,138,14,14
22432,74,60,14,14
22433,88,92,-4,4
22434,181,178,3,3
22435,118,116,2,2
22436,131,124,7,7
22437,64,106,-42,42
22438,86,83,3,3
22439,74,82,-8,8
22440,79,76,3,3
22441,99,97,2,2
22442,169,164,5,5
22443,68,60,8,8
22444,79,74,5,5
22445,181,155,26,26
22446,119,105,14,14
22447,120,108,12,12
22448,67,72,-5,5
22449,67,76,-9,9
22450,76,71,5,5
22451,87,80,7,7
22452,91,95,-4,4
22453,161,147,14,14
22454,58,57,1,1
22455,57,59,-2,2
22456,95,87,8,8
22457,63,67,-4,4
22458,64,64,0,0
22459,55,55,0,0
22460,136,138,-2,2
22461,107,102,5,5
22462,83,89,-6,6
22463,52,65,-13,13
22464,127,133,-6,6
22465,90,91,-1,1
22466,141,130,11,11
22467,87,91,-4,4
22468,99,95,4,4
22469,67,68,-1,1
22470,79,76,3,3
22471,102,100,2,2
22472,168,166,2,2
22473,154,148,6,6
22474,118,111,7,7
22475,68,80,-12,12
22476,109,107,2,2
22477,41,43,-2,2
22478,65,70,-5,5
22479,108,98,10,10
22480,26,42,-16,16
22481,99,105,-6,6
22482,137,132,5,5
22483,180,170,10,10
22484,223,174,49,49
22485,103,101,2,2
22486,91,91,0,0
22487,120,111,9,9
22488,73,70,3,3
22489,69,76,-7,7
22490,76,82,-6,6
22491,73,59,14,14
22492,41,42,-1,1
22493,143,140,3,3
22494,121,134,-13,13
22495,97,104,-7,7
22496,86,92,-6,6
22497,80,83,-3,3
22498,105,109,-4,4
22499,111,94,17,17
22500,133,139,-6,6
22501,120,114,6,6
22502,156,161,-5,5
22503,100,105,-5,5
22504,41,45,-4,4
22505,94,100,-6,6
22506,59,57,2,2
22507,71,68,3,3
22508,68,66,2,2
22509,102,91,11,11
22510,134,126,8,8
22511,60,51,9,9
22512,169,141,28,28
22513,80,81,-1,1
22514,126,144,-18,18
22515,146,129,17,17
22516,128,132,-4,4
22517,67,65,2,2
22518,92,96,-4,4
22519,72,74,-2,2
22520,79,78,1,1
22521,102,91,11,11
22522,62,66,-4,4
22523,59,62,-3,3
22524,116,103,13,13
22525,96,87,9,9
22526,86,84,2,2
22527,68,77,-9,9
22528,90,90,0,0
22529,90,78,12,12
22530,141,127,14,14
22531,109,104,5,5
22532,51,68,-17,17
22533,107,100,7,7
22534,130,123,7,7
22535,103,101,2,2
22536,49,62,-13,13
22537,106,98,8,8
22538,87,84,3,3
22539,68,68,0,0
22540,88,88,0,0
22541,79,86,-7,7
22542,104,90,14,14
22543,94,91,3,3
22544,123,109,14,14
22545,98,87,11,11
22546,123,114,9,9
22547,104,101,3,3
22548,60,65,-5,5
22549,70,77,-7,7
22550,89,83,6,6
22551,122,109,13,13
22552,55,53,2,2
22553,141,129,12,12
22554,80,80,0,0
22555,97,97,0,0
22556,126,113,13,13
22557,73,76,-3,3
22558,63,74,-11,11
22559,151,134,17,17
22560,109,103,6,6
22561,161,154,7,7
22562,80,79,1,1
22563,126,108,18,18
22564,89,83,6,6
22565,95,86,9,9
22566,163,142,21,21
22567,121,108,13,13
22568,80,81,-1,1
22569,79,67,12,12
22570,94,87,7,7
22571,143,130,13,13
22572,95,89,6,6
22573,108,101,7,7
22574,94,97,-3,3
22575,102,91,11,11
22576,84,86,-2,2
22577,80,78,2,2
22578,135,122,13,13
22579,98,81,17,17
22580,113,112,1,1
22581,85,101,-16,16
22582,97,88,9,9
22583,67,64,3,3
22584,135,127,8,8
22585,31,29,2,2
22586,154,148,6,6
22587,136,132,4,4
22588,35,38,-3,3
22589,145,134,11,11
22590,76,72,4,4
22591,89,94,-5,5
22592,84,91,-7,7
22593,82,96,-14,14
22594,76,72,4,4
22595,88,90,-2,2
22596,85,75,10,10
22597,109,113,-4,4
22598,165,153,12,12
22599,88,95,-7,7
22600,54,55,-1,1
22601,93,82,11,11
22602,66,68,-2,2
22603,75,77,-2,2
22604,55,55,0,0
22605,72,74,-2,2
22606,113,108,5,5
22607,127,121,6,6
22608,53,51,2,2
22609,94,94,0,0
22610,90,88,2,2
22611,65,73,-8,8
22612,60,66,-6,6
22613,59,48,11,11
22614,107,102,5,5
22615,93,101,-8,8
22616,128,111,17,17
22617,55,60,-5,5
22618,93,89,4,4
22619,79,73,6,6
22620,148,131,17,17
22621,129,122,7,7
22622,51,63,-12,12
22623,92,91,1,1
22624,93,105,-12,12
22625,114,115,-1,1
22626,72,75,-3,3
22627,92,94,-2,2
22628,81,77,4,4
22629,69,80,-11,11
22630,93,85,8,8
22631,189,175,14,14
22632,71,70,1,1
22633,87,81,6,6
22634,48,84,-36,36
22635,94,88,6,6
22636,116,127,-11,11
22637,62,68,-6,6
22638,240,211,29,29
22639,104,96,8,8
22640,80,87,-7,7
22641,66,55,11,11
22642,100,94,6,6
22643,133,126,7,7
22644,103,93,10,10
22645,137,139,-2,2
22646,165,149,16,16
22647,125,116,9,9
22648,86,79,7,7
22649,95,88,7,7
22650,103,112,-9,9
22651,140,123,17,17
22652,95,97,-2,2
22653,68,71,-3,3
22654,52,51,1,1
22655,77,72,5,5
22656,121,112,9,9
22657,107,107,0,0
22658,98,91,7,7
22659,100,91,9,9
22660,81,79,2,2
22661,46,44,2,2
22662,162,155,7,7
22663,136,125,11,11
22664,85,88,-3,3
22665,83,75,8,8
22666,135,122,13,13
22667,39,38,1,1
22668,61,65,-4,4
22669,73,59,14,14
22670,87,75,12,12
22671,76,76,0,0
22672,84,99,-15,15
22673,94,80,14,14
22674,163,164,-1,1
22675,80,83,-3,3
22676,86,103,-17,17
22677,152,134,18,18
22678,100,107,-7,7
22679,75,69,6,6
22680,92,86,6,6
22681,84,81,3,3
22682,144,136,8,8
22683,69,69,0,0
22684,109,108,1,1
22685,109,95,14,14
22686,88,71,17,17
22687,67,67,0,0
22688,115,107,8,8
22689,125,130,-5,5
22690,95,97,-2,2
22691,87,82,5,5
22692,98,95,3,3
22693,83,93,-10,10
22694,101,94,7,7
22695,51,44,7,7
22696,108,100,8,8
22697,136,135,1,1
22698,208,208,0,0
22699,121,115,6,6
22700,84,78,6,6
22701,86,78,8,8
22702,148,147,1,1
22703,110,114,-4,4
22704,117,111,6,6
22705,96,95,1,1
22706,69,69,0,0
22707,137,127,10,10
22708,66,58,8,8
22709,89,74,15,15
22710,44,51,-7,7
22711,136,126,10,10
22712,128,112,16,16
22713,73,71,2,2
22714,155,151,4,4
22715,89,71,18,18
22716,87,74,13,13
22717,147,133,14,14
22718,64,65,-1,1
22719,37,38,-1,1
22720,122,113,9,9
22721,44,44,0,0
22722,126,119,7,7
22723,60,70,-10,10
22724,148,141,7,7
22725,134,125,9,9
22726,87,77,10,10
22727,135,135,0,0
22728,90,86,4,4
22729,60,55,5,5
22730,86,74,12,12
22731,150,145,5,5
22732,59,72,-13,13
22733,111,100,11,11
22734,54,50,4,4
22735,158,138,20,20
22736,135,114,21,21
22737,32,42,-10,10
22738,63,65,-2,2
22739,117,98,19,19
22740,83,85,-2,2
22741,54,62,-8,8
22742,151,139,12,12
22743,64,69,-5,5
22744,44,46,-2,2
22745,138,131,7,7
22746,48,60,-12,12
22747,123,109,14,14
22748,97,96,1,1
22749,59,61,-2,2
22750,96,94,2,2
22751,19,29,-10,10
22752,112,105,7,7
22753,131,141,-10,10
22754,153,148,5,5
22755,100,97,3,3
22756,183,175,8,8
22757,121,111,10,10
22758,129,119,10,10
22759,93,100,-7,7
22760,89,93,-4,4
22761,92,88,4,4
22762,81,96,-15,15
22763,133,120,13,13
22764,77,80,-3,3
22765,63,66,-3,3
22766,66,60,6,6
22767,74,81,-7,7
22768,150,150,0,0
22769,76,83,-7,7
22770,68,61,7,7
22771,73,67,6,6
22772,93,89,4,4
22773,90,75,15,15
22774,81,93,-12,12
22775,59,53,6,6
22776,160,139,21,21
22777,47,46,1,1
22778,109,125,-16,16
22779,133,125,8,8
22780,114,116,-2,2
22781,89,77,12,12
22782,86,79,7,7
22783,95,84,11,11
22784,149,154,-5,5
22785,86,80,6,6
22786,112,110,2,2
22787,61,103,-42,42
22788,32,38,-6,6
22789,141,134,7,7
22790,106,96,10,10
22791,62,70,-8,8
22792,98,95,3,3
22793,169,132,37,37
22794,75,89,-14,14
22795,113,104,9,9
22796,69,70,-1,1
22797,54,57,-3,3
22798,72,78,-6,6
22799,140,140,0,0
22800,86,90,-4,4
22801,106,97,9,9
22802,81,78,3,3
22803,109,95,14,14
22804,120,104,16,16
22805,103,92,11,11
22806,201,175,26,26
22807,115,129,-14,14
22808,94,80,14,14
22809,110,119,-9,9
22810,90,88,2,2
22811,117,107,10,10
22812,80,74,6,6
22813,136,125,11,11
22814,95,97,-2,2
22815,121,101,20,20
22816,38,40,-2,2
22817,100,88,12,12
22818,83,84,-1,1
22819,102,98,4,4
22820,100,96,4,4
22821,67,68,-1,1
22822,88,116,-28,28
22823,68,68,0,0
22824,145,138,7,7
22825,86,82,4,4
22826,107,98,9,9
22827,85,97,-12,12
22828,102,104,-2,2
22829,132,128,4,4
22830,61,65,-4,4
22831,70,66,4,4
22832,91,89,2,2
22833,139,132,7,7
22834,51,51,0,0
22835,39,46,-7,7
22836,100,86,14,14
22837,93,91,2,2
22838,89,93,-4,4
22839,92,97,-5,5
22840,35,37,-2,2
22841,93,82,11,11
22842,64,71,-7,7
22843,62,54,8,8
22844,102,82,20,20
22845,101,96,5,5
22846,93,88,5,5
22847,63,65,-2,2
22848,88,85,3,3
22849,80,84,-4,4
22850,134,91,43,43
22851,77,75,2,2
22852,73,71,2,2
22853,57,61,-4,4
22854,118,90,28,28
22855,134,131,3,3
22856,127,119,8,8
22857,88,86,2,2
22858,91,86,5,5
22859,110,109,1,1
22860,46,47,-1,1
22861,105,98,7,7
22862,103,105,-2,2
22863,108,98,10,10
22864,93,99,-6,6
22865,75,80,-5,5
22866,131,124,7,7
22867,130,125,5,5
22868,89,85,4,4
22869,49,102,-53,53
22870,120,123,-3,3
22871,151,158,-7,7
22872,92,88,4,4
22873,77,80,-3,3
22874,126,129,-3,3
22875,100,100,0,0
22876,54,54,0,0
22877,110,99,11,11
22878,133,126,7,7
22879,119,118,1,1
22880,126,114,12,12
22881,42,42,0,0
22882,63,68,-5,5
22883,170,164,6,6
22884,68,77,-9,9
22885,114,106,8,8
22886,115,104,11,11
22887,64,70,-6,6
22888,90,90,0,0
22889,126,107,19,19
22890,72,83,-11,11
22891,116,134,-18,18
22892,151,151,0,0
22893,98,80,18,18
22894,135,126,9,9
22895,132,115,17,17
22896,166,148,18,18
22897,109,100,9,9
22898,73,65,8,8
22899,43,46,-3,3
22900,60,57,3,3
22901,95,98,-3,3
22902,185,167,18,18
22903,116,110,6,6
22904,120,114,6,6
22905,117,109,8,8
22906,80,84,-4,4
22907,54,56,-2,2
22908,94,94,0,0
22909,104,106,-2,2
22910,167,169,-2,2
22911,183,177,6,6
22912,125,126,-1,1
22913,67,66,1,1
22914,127,112,15,15
22915,108,103,5,5
22916,110,102,8,8
22917,72,70,2,2
22918,76,77,-1,1
22919,60,57,3,3
22920,127,108,19,19
22921,60,56,4,4
22922,117,108,9,9
22923,62,64,-2,2
22924,98,85,13,13
22925,64,65,-1,1
22926,90,84,6,6
22927,155,151,4,4
22928,69,67,2,2
22929,91,82,9,9
22930,91,83,8,8
22931,97,85,12,12
22932,116,102,14,14
22933,100,95,5,5
22934,81,81,0,0
22935,77,72,5,5
22936,46,41,5,5
22937,86,93,-7,7
22938,98,88,10,10
22939,128,98,30,30
22940,53,54,-1,1
22941,86,85,1,1
22942,106,104,2,2
22943,118,111,7,7
22944,132,132,0,0
22945,179,175,4,4
22946,72,66,6,6
22947,57,55,2,2
22948,159,151,8,8
22949,56,65,-9,9
22950,90,95,-5,5
22951,84,84,0,0
22952,120,118,2,2
22953,99,85,14,14
22954,121,105,16,16
22955,96,96,0,0
22956,46,57,-11,11
22957,84,88,-4,4
22958,79,78,1,1
22959,165,152,13,13
22960,72,74,-2,2
22961,75,75,0,0
22962,116,112,4,4
22963,117,117,0,0
22964,95,86,9,9
22965,138,134,4,4
22966,64,68,-4,4
22967,70,73,-3,3
22968,51,51,0,0
22969,74,82,-8,8
22970,105,101,4,4
22971,137,130,7,7
22972,93,90,3,3
22973,72,78,-6,6
22974,83,78,5,5
22975,113,103,10,10
22976,97,90,7,7
22977,76,75,1,1
22978,65,64,1,1
22979,159,147,12,12
22980,72,70,2,2
22981,127,116,11,11
22982,94,88,6,6
22983,83,80,3,3
22984,84,84,0,0
22985,60,63,-3,3
22986,100,100,0,0
22987,108,108,0,0
22988,118,109,9,9
22989,76,73,3,3
22990,87,77,10,10
22991,50,55,-5,5
22992,38,40,-2,2
22993,146,123,23,23
22994,114,110,4,4
22995,52,54,-2,2
22996,84,86,-2,2
22997,122,122,0,0
22998,102,91,11,11
22999,181,166,15,15
23000,98,91,7,7
23001,39,44,-5,5
23002,84,67,17,17
23003,145,109,36,36
23004,124,127,-3,3
23005,110,116,-6,6
23006,57,59,-2,2
23007,88,81,7,7
23008,64,66,-2,2
23009,195,179,16,16
23010,131,133,-2,2
23011,124,117,7,7
23012,79,97,-18,18
23013,66,64,2,2
23014,100,104,-4,4
23015,82,76,6,6
23016,81,85,-4,4
23017,85,77,8,8
23018,192,185,7,7
23019,112,106,6,6
23020,166,150,16,16
23021,101,96,5,5
23022,82,71,11,11
23023,89,77,12,12
23024,94,84,10,10
23025,79,86,-7,7
23026,108,112,-4,4
23027,117,108,9,9
23028,123,110,13,13
23029,81,77,4,4
23030,87,76,11,11
23031,66,65,1,1
23032,35,40,-5,5
23033,102,90,12,12
23034,145,130,15,15
23035,62,61,1,1
23036,121,111,10,10
23037,69,67,2,2
23038,142,130,12,12
23039,74,66,8,8
23040,92,85,7,7
23041,63,57,6,6
23042,71,73,-2,2
23043,148,127,21,21
23044,72,81,-9,9
23045,75,72,3,3
23046,118,119,-1,1
23047,103,104,-1,1
23048,136,115,21,21
23049,126,127,-1,1
23050,93,96,-3,3
23051,101,102,-1,1
23052,133,118,15,15
23053,83,86,-3,3
23054,91,91,0,0
23055,52,48,4,4
23056,100,97,3,3
23057,88,83,5,5
23058,80,86,-6,6
23059,83,90,-7,7
23060,90,84,6,6
23061,69,95,-26,26
23062,85,76,9,9
23063,107,94,13,13
23064,103,91,12,12
23065,60,59,1,1
23066,152,151,1,1
23067,40,42,-2,2
23068,87,81,6,6
23069,78,71,7,7
23070,145,141,4,4
23071,47,52,-5,5
23072,139,123,16,16
23073,94,86,8,8
23074,138,148,-10,10
23075,115,96,19,19
23076,94,92,2,2
23077,106,99,7,7
23078,85,82,3,3
23079,82,79,3,3
23080,61,59,2,2
23081,160,147,13,13
23082,157,159,-2,2
23083,87,87,0,0
23084,135,122,13,13
23085,120,113,7,7
23086,104,98,6,6
23087,165,140,25,25
23088,88,84,4,4
23089,67,73,-6,6
23090,87,81,6,6
23091,66,69,-3,3
23092,74,71,3,3
23093,76,76,0,0
23094,62,66,-4,4
23095,79,78,1,1
23096,91,89,2,2
23097,70,64,6,6
23098,148,134,14,14
23099,135,120,15,15
23100,74,77,-3,3
23101,78,74,4,4
23102,93,91,2,2
23103,124,115,9,9
23104,129,128,1,1
23105,98,87,11,11
23106,72,68,4,4
23107,53,62,-9,9
23108,138,134,4,4
23109,184,154,30,30
23110,85,84,1,1
23111,82,80,2,2
23112,105,110,-5,5
23113,99,92,7,7
23114,65,67,-2,2
23115,73,65,8,8
23116,66,60,6,6
23117,102,102,0,0
23118,85,77,8,8
23119,188,185,3,3
23120,81,189,-108,108
23121,124,116,8,8
23122,59,62,-3,3
23123,108,103,5,5
23124,92,94,-2,2
23125,100,95,5,5
23126,105,102,3,3
23127,93,91,2,2
23128,155,143,12,12
23129,71,65,6,6
23130,65,54,11,11
23131,94,88,6,6
23132,122,125,-3,3
23133,70,70,0,0
23134,65,65,0,0
23135,160,150,10,10
23136,115,109,6,6
23137,134,129,5,5
23138,101,102,-1,1
23139,105,100,5,5
23140,93,91,2,2
23141,94,83,11,11
23142,82,75,7,7
23143,90,86,4,4
23144,78,67,11,11
23145,145,137,8,8
23146,120,115,5,5
23147,94,90,4,4
23148,95,82,13,13
23149,115,126,-11,11
23150,49,47,2,2
23151,134,130,4,4
23152,88,81,7,7
23153,82,83,-1,1
23154,67,58,9,9
23155,71,60,11,11
23156,56,65,-9,9
23157,88,82,6,6
23158,34,39,-5,5
23159,62,75,-13,13
23160,82,81,1,1
23161,111,115,-4,4
23162,48,47,1,1
23163,102,104,-2,2
23164,143,129,14,14
23165,47,50,-3,3
23166,76,74,2,2
23167,119,114,5,5
23168,64,65,-1,1
23169,72,66,6,6
23170,141,130,11,11
23171,64,56,8,8
23172,127,113,14,14
23173,72,73,-1,1
23174,111,106,5,5
23175,104,83,21,21
23176,77,85,-8,8
23177,133,134,-1,1
23178,113,106,7,7
23179,110,105,5,5
23180,89,84,5,5
23181,125,120,5,5
23182,127,108,19,19
23183,68,63,5,5
23184,99,104,-5,5
23185,86,89,-3,3
23186,111,107,4,4
23187,118,101,17,17
23188,74,76,-2,2
23189,132,118,14,14
23190,99,91,8,8
23191,139,136,3,3
23192,107,103,4,4
23193,70,75,-5,5
23194,77,68,9,9
23195,101,99,2,2
23196,103,100,3,3
23197,86,86,0,0
23198,104,88,16,16
23199,100,105,-5,5
23200,150,136,14,14
23201,69,66,3,3
23202,129,122,7,7
23203,162,161,1,1
23204,111,119,-8,8
23205,133,127,6,6
23206,87,82,5,5
23207,74,80,-6,6
23208,95,99,-4,4
23209,110,115,-5,5
23210,124,120,4,4
23211,155,143,12,12
23212,74,62,12,12
23213,80,69,11,11
23214,90,82,8,8
23215,100,97,3,3
23216,112,97,15,15
23217,81,66,15,15
23218,73,80,-7,7
23219,122,114,8,8
23220,130,120,10,10
23221,129,120,9,9
23222,123,113,10,10
23223,84,84,0,0
23224,63,65,-2,2
23225,144,130,14,14
23226,91,153,-62,62
23227,66,70,-4,4
23228,95,91,4,4
23229,129,120,9,9
23230,75,74,1,1
23231,152,180,-28,28
23232,119,93,26,26
23233,107,102,5,5
23234,184,166,18,18
23235,84,85,-1,1
23236,123,113,10,10
23237,167,142,25,25
23238,59,51,8,8
23239,68,72,-4,4
23240,119,95,24,24
23241,77,69,8,8
23242,70,76,-6,6
23243,79,72,7,7
23244,114,111,3,3
23245,75,73,2,2
23246,64,54,10,10
23247,127,109,18,18
23248,52,59,-7,7
23249,67,59,8,8
23250,73,77,-4,4
23251,85,75,10,10
23252,63,66,-3,3
23253,88,78,10,10
23254,89,98,-9,9
23255,133,112,21,21
23256,82,82,0,0
23257,115,99,16,16
23258,97,97,0,0
23259,81,91,-10,10
23260,102,94,8,8
23261,68,62,6,6
23262,64,63,1,1
23263,70,69,1,1
23264,73,76,-3,3
23265,59,67,-8,8
23266,136,125,11,11
23267,103,106,-3,3
23268,137,117,20,20
23269,73,73,0,0
23270,83,83,0,0
23271,95,85,10,10
23272,138,122,16,16
23273,86,77,9,9
23274,66,84,-18,18
23275,134,155,-21,21
23276,116,107,9,9
23277,70,72,-2,2
23278,118,109,9,9
23279,131,120,11,11
23280,40,66,-26,26
23281,82,80,2,2
23282,78,74,4,4
23283,97,87,10,10
23284,89,92,-3,3
23285,133,124,9,9
23286,76,71,5,5
23287,152,131,21,21
23288,92,88,4,4
23289,62,60,2,2
23290,179,149,30,30
23291,127,109,18,18
23292,115,108,7,7
23293,54,64,-10,10
23294,136,114,22,22
23295,76,80,-4,4
23296,62,67,-5,5
23297,78,78,0,0
23298,182,151,31,31
23299,67,63,4,4
23300,110,98,12,12
23301,92,83,9,9
23302,150,132,18,18
23303,122,124,-2,2
23304,62,67,-5,5
23305,109,100,9,9
23306,123,111,12,12
23307,107,107,0,0
23308,50,57,-7,7
23309,62,65,-3,3
23310,115,110,5,5
23311,41,46,-5,5
23312,106,101,5,5
23313,58,59,-1,1
23314,67,62,5,5
23315,64,58,6,6
23316,71,90,-19,19
23317,83,89,-6,6
23318,157,170,-13,13
23319,90,88,2,2
23320,100,106,-6,6
23321,92,90,2,2
23322,87,100,-13,13
23323,76,87,-11,11
23324,101,103,-2,2
23325,56,50,6,6
23326,65,69,-4,4
23327,70,67,3,3
23328,57,60,-3,3
23329,112,138,-26,26
23330,50,66,-16,16
23331,47,54,-7,7
23332,140,151,-11,11
23333,51,51,0,0
23334,61,71,-10,10
23335,78,76,2,2
23336,70,66,4,4
23337,98,89,9,9
23338,152,138,14,14
23339,99,97,2,2
23340,93,94,-1,1
23341,90,86,4,4
23342,51,54,-3,3
23343,94,86,8,8
23344,82,85,-3,3
23345,137,121,16,16
23346,85,88,-3,3
23347,131,132,-1,1
23348,110,98,12,12
23349,70,68,2,2
23350,99,102,-3,3
23351,146,133,13,13
23352,37,45,-8,8
23353,94,83,11,11
23354,124,116,8,8
23355,91,101,-10,10
23356,85,85,0,0
23357,58,65,-7,7
23358,78,83,-5,5
23359,62,66,-4,4
23360,51,55,-4,4
23361,85,89,-4,4
23362,64,67,-3,3
23363,108,115,-7,7
23364,89,93,-4,4
23365,120,113,7,7
23366,131,115,16,16
23367,50,51,-1,1
23368,109,100,9,9
23369,82,76,6,6
23370,115,105,10,10
23371,121,107,14,14
23372,193,180,13,13
23373,66,66,0,0
23374,125,114,11,11
23375,64,65,-1,1
23376,105,94,11,11
23377,47,52,-5,5
23378,57,68,-11,11
23379,105,94,11,11
23380,124,119,5,5
23381,90,92,-2,2
23382,126,112,14,14
23383,89,94,-5,5
23384,122,112,10,10
23385,116,108,8,8
23386,80,70,10,10
23387,92,88,4,4
23388,62,83,-21,21
23389,144,140,4,4
23390,45,54,-9,9
23391,139,137,2,2
23392,117,103,14,14
23393,99,102,-3,3
23394,98,95,3,3
23395,87,87,0,0
23396,171,138,33,33
23397,127,105,22,22
23398,114,109,5,5
23399,100,102,-2,2
23400,71,79,-8,8
23401,143,123,20,20
23402,84,80,4,4
23403,89,81,8,8
23404,85,85,0,0
23405,69,69,0,0
23406,145,147,-2,2
23407,115,113,2,2
23408,116,113,3,3
23409,114,111,3,3
23410,58,51,7,7
23411,79,74,5,5
23412,73,76,-3,3
23413,114,116,-2,2
23414,140,142,-2,2
23415,92,95,-3,3
23416,111,107,4,4
23417,131,130,1,1
23418,76,78,-2,2
23419,94,94,0,0
23420,91,95,-4,4
23421,76,73,3,3
23422,115,106,9,9
23423,65,63,2,2
23424,113,113,0,0
23425,85,87,-2,2
23426,214,221,-7,7
23427,211,192,19,19
23428,41,43,-2,2
23429,78,74,4,4
23430,161,147,14,14
23431,79,71,8,8
23432,51,57,-6,6
23433,103,104,-1,1
23434,73,74,-1,1
23435,55,59,-4,4
23436,136,115,21,21
23437,131,128,3,3
23438,77,78,-1,1
23439,80,76,4,4
23440,110,103,7,7
23441,54,58,-4,4
23442,111,113,-2,2
23443,84,85,-1,1
23444,70,65,5,5
23445,70,67,3,3
23446,106,96,10,10
23447,97,92,5,5
23448,100,92,8,8
23449,135,129,6,6
23450,86,85,1,1
23451,42,40,2,2
23452,132,132,0,0
23453,73,73,0,0
23454,125,118,7,7
23455,83,82,1,1
23456,125,122,3,3
23457,120,112,8,8
23458,110,103,7,7
23459,197,174,23,23
23460,111,103,8,8
23461,86,90,-4,4
23462,76,70,6,6
23463,150,135,15,15
23464,115,110,5,5
23465,89,94,-5,5
23466,176,166,10,10
23467,64,68,-4,4
23468,120,111,9,9
23469,121,112,9,9
23470,64,73,-9,9
23471,49,65,-16,16
23472,70,65,5,5
23473,112,105,7,7
23474,89,91,-2,2
23475,107,104,3,3
23476,155,153,2,2
23477,73,78,-5,5
23478,129,130,-1,1
23479,161,148,13,13
23480,89,86,3,3
23481,113,109,4,4
23482,99,88,11,11
23483,127,126,1,1
23484,115,110,5,5
23485,78,73,5,5
23486,155,165,-10,10
23487,54,49,5,5
23488,89,87,2,2
23489,115,105,10,10
23490,82,81,1,1
23491,165,155,10,10
23492,90,84,6,6
23493,87,86,1,1
23494,115,102,13,13
23495,70,68,2,2
23496,85,75,10,10
23497,101,99,2,2
23498,118,127,-9,9
23499,135,114,21,21
23500,74,74,0,0
23501,108,112,-4,4
23502,134,127,7,7
23503,109,103,6,6
23504,77,74,3,3
23505,71,66,5,5
23506,78,70,8,8
23507,125,107,18,18
23508,90,86,4,4
23509,47,42,5,5
23510,89,84,5,5
23511,102,92,10,10
23512,94,92,2,2
23513,137,130,7,7
23514,110,98,12,12
23515,100,94,6,6
23516,125,109,16,16
23517,57,89,-32,32
23518,120,115,5,5
23519,149,137,12,12
23520,69,72,-3,3
23521,91,93,-2,2
23522,69,68,1,1
23523,143,127,16,16
23524,112,102,10,10
23525,108,97,11,11
23526,83,89,-6,6
23527,102,102,0,0
23528,55,54,1,1
23529,101,94,7,7
23530,39,48,-9,9
23531,173,169,4,4
23532,98,93,5,5
23533,136,127,9,9
23534,62,63,-1,1
23535,188,153,35,35
23536,98,94,4,4
23537,132,118,14,14
23538,89,97,-8,8
23539,106,106,0,0
23540,101,105,-4,4
23541,150,132,18,18
23542,194,171,23,23
23543,108,108,0,0
23544,78,89,-11,11
23545,70,70,0,0
23546,93,98,-5,5
23547,65,72,-7,7
23548,113,99,14,14
23549,129,119,10,10
23550,94,93,1,1
23551,108,102,6,6
23552,90,90,0,0
23553,68,70,-2,2
23554,98,100,-2,2
23555,96,107,-11,11
23556,85,95,-10,10
23557,137,134,3,3
23558,112,107,5,5
23559,168,150,18,18
23560,87,93,-6,6
23561,134,121,13,13
23562,75,81,-6,6
23563,135,125,10,10
23564,81,75,6,6
23565,96,104,-8,8
23566,91,93,-2,2
23567,104,88,16,16
23568,105,95,10,10
23569,56,55,1,1
23570,111,104,7,7
23571,56,64,-8,8
23572,62,60,2,2
23573,103,98,5,5
23574,144,144,0,0
23575,101,97,4,4
23576,79,74,5,5
23577,102,92,10,10
23578,121,118,3,3
23579,140,133,7,7
23580,135,127,8,8
23581,80,76,4,4
23582,51,60,-9,9
23583,152,121,31,31
23584,94,92,2,2
23585,52,45,7,7
23586,78,79,-1,1
23587,82,85,-3,3
23588,75,71,4,4
23589,117,109,8,8
23590,136,128,8,8
23591,92,91,1,1
23592,55,48,7,7
23593,126,111,15,15
23594,55,56,-1,1
23595,43,42,1,1
23596,83,85,-2,2
23597,116,121,-5,5
23598,113,108,5,5
23599,60,62,-2,2
23600,100,102,-2,2
23601,100,105,-5,5
23602,113,107,6,6
23603,123,137,-14,14
23604,69,70,-1,1
23605,113,128,-15,15
23606,71,75,-4,4
23607,132,119,13,13
23608,151,144,7,7
23609,57,58,-1,1
23610,105,103,2,2
23611,188,173,15,15
23612,79,75,4,4
23613,151,144,7,7
23614,137,135,2,2
23615,42,62,-20,20
23616,144,134,10,10
23617,41,50,-9,9
23618,82,81,1,1
23619,91,85,6,6
23620,65,69,-4,4
23621,65,64,1,1
23622,103,103,0,0
23623,116,110,6,6
23624,149,143,6,6
23625,202,182,20,20
23626,61,61,0,0
23627,78,77,1,1
23628,154,136,18,18
23629,87,89,-2,2
23630,93,83,10,10
23631,134,131,3,3
23632,116,114,2,2
23633,124,124,0,0
23634,148,140,8,8
23635,140,139,1,1
23636,69,66,3,3
23637,107,103,4,4
23638,99,93,6,6
23639,137,122,15,15
23640,165,138,27,27
23641,102,92,10,10
23642,116,105,11,11
23643,95,78,17,17
23644,86,103,-17,17
23645,88,97,-9,9
23646,108,103,5,5
23647,153,147,6,6
23648,69,66,3,3
23649,76,71,5,5
23650,103,100,3,3
23651,79,88,-9,9
23652,129,113,16,16
23653,87,86,1,1
23654,67,69,-2,2
23655,81,79,2,2
23656,118,110,8,8
23657,69,65,4,4
23658,63,69,-6,6
23659,77,76,1,1
23660,113,106,7,7
23661,143,135,8,8
23662,57,59,-2,2
23663,86,83,3,3
23664,36,53,-17,17
23665,128,107,21,21
23666,111,102,9,9
23667,68,73,-5,5
23668,60,69,-9,9
23669,90,88,2,2
23670,99,91,8,8
23671,80,76,4,4
23672,79,86,-7,7
23673,84,90,-6,6
23674,77,66,11,11
23675,132,123,9,9
23676,94,66,28,28
23677,95,92,3,3
23678,67,68,-1,1
23679,134,120,14,14
23680,148,143,5,5
23681,92,87,5,5
23682,85,73,12,12
23683,69,78,-9,9
23684,107,114,-7,7
23685,113,125,-12,12
23686,49,48,1,1
23687,31,36,-5,5
23688,72,79,-7,7
23689,135,130,5,5
23690,126,116,10,10
23691,67,70,-3,3
23692,70,74,-4,4
23693,64,67,-3,3
23694,70,85,-15,15
23695,88,79,9,9
23696,66,73,-7,7
23697,80,87,-7,7
23698,82,97,-15,15
23699,85,84,1,1
23700,128,123,5,5
23701,116,112,4,4
23702,74,64,10,10
23703,107,103,4,4
23704,74,71,3,3
23705,133,112,21,21
23706,91,84,7,7
23707,100,99,1,1
23708,90,78,12,12
23709,41,48,-7,7
23710,117,107,10,10
23711,91,95,-4,4
23712,108,119,-11,11
23713,61,66,-5,5
23714,201,183,18,18
23715,112,106,6,6
23716,62,58,4,4
23717,70,70,0,0
23718,79,74,5,5
23719,85,76,9,9
23720,138,125,13,13
23721,132,126,6,6
23722,46,52,-6,6
23723,172,163,9,9
23724,120,105,15,15
23725,120,111,9,9
23726,96,97,-1,1
23727,108,100,8,8
23728,125,126,-1,1
23729,72,79,-7,7
23730,110,95,15,15
23731,51,61,-10,10
23732,127,120,7,7
23733,109,103,6,6
23734,70,67,3,3
23735,91,86,5,5
23736,53,64,-11,11
23737,195,184,11,11
23738,63,65,-2,2
23739,97,96,1,1
23740,109,101,8,8
23741,116,113,3,3
23742,52,61,-9,9
23743,66,76,-10,10
23744,70,67,3,3
23745,143,140,3,3
23746,61,99,-38,38
23747,105,92,13,13
23748,58,55,3,3
23749,141,137,4,4
23750,64,57,7,7
23751,126,120,6,6
23752,154,148,6,6
23753,103,91,12,12
23754,54,56,-2,2
23755,100,98,2,2
23756,99,99,0,0
23757,84,88,-4,4
23758,67,70,-3,3
23759,51,63,-12,12
23760,118,116,2,2
23761,139,121,18,18
23762,83,78,5,5
23763,127,124,3,3
23764,98,90,8,8
23765,86,81,5,5
23766,53,53,0,0
23767,111,113,-2,2
23768,82,84,-2,2
23769,101,90,11,11
23770,79,80,-1,1
23771,82,90,-8,8
23772,101,90,11,11
23773,172,157,15,15
23774,49,59,-10,10
23775,144,130,14,14
23776,79,77,2,2
23777,71,75,-4,4
23778,109,107,2,2
23779,97,91,6,6
23780,134,123,11,11
23781,139,155,-16,16
23782,103,99,4,4
23783,104,96,8,8
23784,45,56,-11,11
23785,124,129,-5,5
23786,77,82,-5,5
23787,92,91,1,1
23788,54,53,1,1
23789,96,91,5,5
23790,77,69,8,8
23791,99,89,10,10
23792,46,44,2,2
23793,128,125,3,3
23794,114,121,-7,7
23795,183,166,17,17
23796,74,75,-1,1
23797,152,131,21,21
23798,95,83,12,12
23799,84,71,13,13
23800,103,97,6,6
23801,118,110,8,8
23802,82,96,-14,14
23803,161,164,-3,3
23804,93,82,11,11
23805,91,81,10,10
23806,106,97,9,9
23807,91,82,9,9
23808,52,54,-2,2
23809,89,87,2,2
23810,80,83,-3,3
23811,112,116,-4,4
23812,69,64,5,5
23813,68,66,2,2
23814,219,202,17,17
23815,89,91,-2,2
23816,127,117,10,10
23817,84,93,-9,9
23818,85,79,6,6
23819,28,49,-21,21
23820,141,127,14,14
23821,92,91,1,1
23822,130,116,14,14
23823,59,62,-3,3
23824,143,126,17,17
23825,145,130,15,15
23826,73,73,0,0
23827,177,169,8,8
23828,169,148,21,21
23829,54,50,4,4
23830,128,112,16,16
23831,52,60,-8,8
23832,129,129,0,0
23833,99,99,0,0
23834,119,102,17,17
23835,75,79,-4,4
23836,119,109,10,10
23837,103,96,7,7
23838,130,123,7,7
23839,119,110,9,9
23840,100,93,7,7
23841,159,160,-1,1
23842,75,71,4,4
23843,86,86,0,0
23844,123,117,6,6
23845,74,80,-6,6
23846,50,63,-13,13
23847,57,47,10,10
23848,50,52,-2,2
23849,71,73,-2,2
23850,96,92,4,4
23851,76,76,0,0
23852,130,120,10,10
23853,62,72,-10,10
23854,92,89,3,3
23855,98,100,-2,2
23856,67,57,10,10
23857,231,210,21,21
23858,68,59,9,9
23859,59,55,4,4
23860,82,72,10,10
23861,67,68,-1,1
23862,88,82,6,6
23863,138,113,25,25
23864,81,70,11,11
23865,117,114,3,3
23866,67,70,-3,3
23867,57,65,-8,8
23868,53,54,-1,1
23869,87,85,2,2
23870,123,125,-2,2
23871,128,120,8,8
23872,80,82,-2,2
23873,95,90,5,5
23874,105,107,-2,2
23875,92,95,-3,3
23876,97,89,8,8
23877,96,101,-5,5
23878,114,102,12,12
23879,57,63,-6,6
23880,174,155,19,19
23881,98,93,5,5
23882,96,86,10,10
23883,34,53,-19,19
23884,53,52,1,1
23885,70,68,2,2
23886,100,100,0,0
23887,112,114,-2,2
23888,86,88,-2,2
23889,106,96,10,10
23890,75,74,1,1
23891,97,109,-12,12
23892,93,94,-1,1
23893,105,84,21,21
23894,108,103,5,5
23895,137,136,1,1
23896,99,99,0,0
23897,71,71,0,0
23898,157,157,0,0
23899,111,107,4,4
23900,102,89,13,13
23901,144,134,10,10
23902,86,80,6,6
23903,63,73,-10,10
23904,97,84,13,13
23905,30,41,-11,11
23906,77,80,-3,3
23907,111,98,13,13
23908,77,72,5,5
23909,41,45,-4,4
23910,82,85,-3,3
23911,144,131,13,13
23912,117,108,9,9
23913,94,86,8,8
23914,58,55,3,3
23915,101,94,7,7
23916,105,91,14,14
23917,99,106,-7,7
23918,88,82,6,6
23919,69,75,-6,6
23920,67,60,7,7
23921,51,62,-11,11
23922,120,113,7,7
23923,60,61,-1,1
23924,90,85,5,5
23925,81,78,3,3
23926,163,167,-4,4
23927,142,126,16,16
23928,65,68,-3,3
23929,156,147,9,9
23930,52,49,3,3
23931,74,67,7,7
23932,115,108,7,7
23933,126,131,-5,5
23934,48,44,4,4
23935,129,126,3,3
23936,160,144,16,16
23937,110,111,-1,1
23938,121,123,-2,2
23939,97,91,6,6
23940,110,128,-18,18
23941,135,129,6,6
23942,153,150,3,3
23943,103,122,-19,19
23944,103,95,8,8
23945,119,109,10,10
23946,76,82,-6,6
23947,195,196,-1,1
23948,57,57,0,0
23949,59,68,-9,9
23950,146,138,8,8
23951,91,78,13,13
23952,101,93,8,8
23953,240,194,46,46
23954,88,92,-4,4
23955,83,72,11,11
23956,77,79,-2,2
23957,82,89,-7,7
23958,82,92,-10,10
23959,119,105,14,14
23960,106,96,10,10
23961,101,106,-5,5
23962,78,81,-3,3
23963,82,80,2,2
23964,82,82,0,0
23965,126,107,19,19
23966,87,95,-8,8
23967,96,92,4,4
23968,68,68,0,0
23969,100,92,8,8
23970,71,77,-6,6
23971,91,97,-6,6
23972,118,111,7,7
23973,93,94,-1,1
23974,87,86,1,1
23975,75,78,-3,3
23976,64,59,5,5
23977,94,87,7,7
23978,45,49,-4,4
23979,97,85,12,12
23980,115,106,9,9
23981,84,72,12,12
23982,139,127,12,12
23983,155,159,-4,4
23984,65,67,-2,2
23985,72,77,-5,5
23986,65,69,-4,4
23987,45,47,-2,2
23988,92,95,-3,3
23989,148,138,10,10
23990,163,137,26,26
23991,80,73,7,7
23992,131,118,13,13
23993,74,76,-2,2
23994,62,65,-3,3
23995,65,60,5,5
23996,110,93,17,17
23997,119,88,31,31
23998,110,101,9,9
23999,89,90,-1,1
24000,104,109,-5,5
24001,110,114,-4,4
24002,83,75,8,8
24003,134,129,5,5
24004,110,110,0,0
24005,74,78,-4,4
24006,152,143,9,9
24007,103,100,3,3
24008,47,49,-2,2
24009,104,95,9,9
24010,59,65,-6,6
24011,76,66,10,10
24012,82,85,-3,3
24013,100,99,1,1
24014,127,121,6,6
24015,70,69,1,1
24016,71,74,-3,3
24017,83,92,-9,9
24018,80,80,0,0
24019,102,101,1,1
24020,70,80,-10,10
24021,89,83,6,6
24022,75,73,2,2
24023,104,96,8,8
24024,84,70,14,14
24025,56,57,-1,1
24026,55,62,-7,7
24027,141,147,-6,6
24028,82,81,1,1
24029,182,165,17,17
24030,154,153,1,1
24031,86,84,2,2
24032,78,74,4,4
24033,91,87,4,4
24034,115,113,2,2
24035,112,113,-1,1
24036,98,113,-15,15
24037,83,76,7,7
24038,58,59,-1,1
24039,72,69,3,3
24040,46,61,-15,15
24041,54,53,1,1
24042,99,96,3,3
24043,100,124,-24,24
24044,114,111,3,3
24045,56,49,7,7
24046,49,57,-8,8
24047,63,56,7,7
24048,63,64,-1,1
24049,72,69,3,3
24050,97,91,6,6
24051,59,59,0,0
24052,123,123,0,0
24053,109,107,2,2
24054,108,104,4,4
24055,95,101,-6,6
24056,94,87,7,7
24057,59,64,-5,5
24058,80,83,-3,3
24059,140,133,7,7
24060,102,98,4,4
24061,65,69,-4,4
24062,117,105,12,12
24063,63,56,7,7
24064,77,81,-4,4
24065,137,96,41,41
24066,114,113,1,1
24067,78,69,9,9
24068,45,46,-1,1
24069,84,88,-4,4
24070,96,107,-11,11
24071,62,64,-2,2
24072,67,74,-7,7
24073,178,153,25,25
24074,78,84,-6,6
24075,112,107,5,5
24076,99,83,16,16
24077,94,95,-1,1
24078,86,69,17,17
24079,116,106,10,10
24080,64,61,3,3
24081,51,44,7,7
24082,176,144,32,32
24083,120,106,14,14
24084,121,100,21,21
24085,84,82,2,2
24086,108,104,4,4
24087,97,92,5,5
24088,91,91,0,0
24089,117,116,1,1
24090,102,89,13,13
24091,53,48,5,5
24092,82,79,3,3
24093,63,66,-3,3
24094,50,88,-38,38
24095,121,107,14,14
24096,33,48,-15,15
24097,75,71,4,4
24098,98,98,0,0
24099,95,86,9,9
24100,94,87,7,7
24101,43,45,-2,2
24102,88,96,-8,8
24103,72,72,0,0
24104,118,103,15,15
24105,76,79,-3,3
24106,58,54,4,4
24107,104,86,18,18
24108,115,109,6,6
24109,63,56,7,7
24110,105,105,0,0
24111,59,55,4,4
24112,58,53,5,5
24113,146,132,14,14
24114,82,86,-4,4
24115,114,118,-4,4
24116,95,85,10,10
24117,46,50,-4,4
24118,122,108,14,14
24119,78,79,-1,1
24120,97,89,8,8
24121,111,109,2,2
24122,161,144,17,17
24123,157,153,4,4
24124,90,97,-7,7
24125,69,67,2,2
24126,78,76,2,2
24127,111,104,7,7
24128,56,49,7,7
24129,83,69,14,14
24130,186,169,17,17
24131,76,81,-5,5
24132,76,81,-5,5
24133,136,129,7,7
24134,87,83,4,4
24135,87,78,9,9
24136,72,68,4,4
24137,64,73,-9,9
24138,162,155,7,7
24139,59,63,-4,4
24140,77,73,4,4
24141,58,57,1,1
24142,65,60,5,5
24143,103,93,10,10
24144,74,75,-1,1
24145,83,70,13,13
24146,62,64,-2,2
24147,115,100,15,15
24148,88,90,-2,2
24149,79,85,-6,6
24150,102,94,8,8
24151,76,69,7,7
24152,72,73,-1,1
24153,127,126,1,1
24154,57,59,-2,2
24155,123,118,5,5
24156,108,100,8,8
24157,179,156,23,23
24158,56,81,-25,25
24159,129,129,0,0
24160,76,78,-2,2
24161,160,134,26,26
24162,108,94,14,14
24163,65,64,1,1
24164,80,75,5,5
24165,68,78,-10,10
24166,125,150,-25,25
24167,55,56,-1,1
24168,101,104,-3,3
24169,102,92,10,10
24170,151,150,1,1
24171,98,119,-21,21
24172,72,81,-9,9
24173,124,114,10,10
24174,113,104,9,9
24175,84,73,11,11
24176,51,62,-11,11
24177,73,70,3,3
24178,58,49,9,9
24179,103,98,5,5
24180,89,73,16,16
24181,103,104,-1,1
24182,122,116,6,6
24183,62,63,-1,1
24184,152,136,16,16
24185,49,53,-4,4
24186,76,77,-1,1
24187,107,99,8,8
24188,63,81,-18,18
24189,132,125,7,7
24190,167,106,61,61
24191,105,93,12,12
24192,160,155,5,5
24193,86,82,4,4
24194,105,93,12,12
24195,88,88,0,0
24196,102,95,7,7
24197,102,112,-10,10
24198,101,108,-7,7
24199,48,55,-7,7
24200,131,126,5,5
24201,45,41,4,4
24202,100,98,2,2
24203,77,75,2,2
24204,131,135,-4,4
24205,106,102,4,4
24206,115,108,7,7
24207,140,123,17,17
24208,111,113,-2,2
24209,100,100,0,0
24210,55,59,-4,4
24211,80,75,5,5
24212,98,100,-2,2
24213,61,53,8,8
24214,106,96,10,10
24215,91,90,1,1
24216,96,88,8,8
24217,88,81,7,7
24218,79,81,-2,2
24219,108,114,-6,6
24220,108,107,1,1
24221,137,116,21,21
24222,110,105,5,5
24223,67,67,0,0
24224,81,75,6,6
24225,74,74,0,0
24226,95,103,-8,8
24227,36,30,6,6
24228,96,92,4,4
24229,80,84,-4,4
24230,86,76,10,10
24231,145,153,-8,8
24232,163,160,3,3
24233,57,54,3,3
24234,91,96,-5,5
24235,100,100,0,0
24236,55,50,5,5
24237,118,108,10,10
24238,183,177,6,6
24239,79,82,-3,3
24240,82,68,14,14
24241,107,102,5,5
24242,47,48,-1,1
24243,103,105,-2,2
24244,78,76,2,2
24245,114,111,3,3
24246,127,115,12,12
24247,65,72,-7,7
24248,149,157,-8,8
24249,72,68,4,4
24250,75,78,-3,3
24251,99,96,3,3
24252,91,86,5,5
24253,50,63,-13,13
24254,116,110,6,6
24255,150,131,19,19
24256,136,132,4,4
24257,145,102,43,43
24258,64,72,-8,8
24259,81,77,4,4
24260,76,69,7,7
24261,91,76,15,15
24262,64,57,7,7
24263,52,69,-17,17
24264,85,88,-3,3
24265,93,91,2,2
24266,80,85,-5,5
24267,84,90,-6,6
24268,71,68,3,3
24269,73,69,4,4
24270,54,59,-5,5
24271,87,78,9,9
24272,88,92,-4,4
24273,50,55,-5,5
24274,122,111,11,11
24275,98,94,4,4
24276,82,74,8,8
24277,173,157,16,16
24278,78,76,2,2
24279,106,96,10,10
24280,103,108,-5,5
24281,78,73,5,5
24282,57,57,0,0
24283,125,130,-5,5
24284,103,100,3,3
24285,100,96,4,4
24286,78,81,-3,3
24287,122,107,15,15
24288,122,128,-6,6
24289,135,122,13,13
24290,110,93,17,17
24291,174,153,21,21
24292,54,54,0,0
24293,43,42,1,1
24294,82,77,5,5
24295,91,83,8,8
24296,104,92,12,12
24297,148,136,12,12
24298,30,31,-1,1
24299,115,103,12,12
24300,122,110,12,12
24301,126,112,14,14
24302,68,72,-4,4
24303,119,99,20,20
24304,124,125,-1,1
24305,81,70,11,11
24306,74,69,5,5
24307,75,73,2,2
24308,57,64,-7,7
24309,92,74,18,18
24310,79,72,7,7
24311,118,119,-1,1
24312,62,68,-6,6
24313,86,77,9,9
24314,57,49,8,8
24315,93,103,-10,10
24316,111,96,15,15
24317,77,75,2,2
24318,66,72,-6,6
24319,142,106,36,36
24320,117,98,19,19
24321,48,52,-4,4
24322,195,174,21,21
24323,100,97,3,3
24324,103,84,19,19
24325,59,69,-10,10
24326,76,72,4,4
24327,108,105,3,3
24328,127,122,5,5
24329,91,81,10,10
24330,67,69,-2,2
24331,157,143,14,14
24332,120,125,-5,5
24333,79,79,0,0
24334,95,95,0,0
24335,103,102,1,1
24336,126,118,8,8
24337,73,94,-21,21
24338,53,64,-11,11
24339,126,121,5,5
24340,78,71,7,7
24341,128,122,6,6
24342,51,56,-5,5
24343,76,74,2,2
24344,130,129,1,1
24345,87,87,0,0
24346,76,81,-5,5
24347,71,66,5,5
24348,115,108,7,7
24349,119,114,5,5
24350,75,72,3,3
24351,75,83,-8,8
24352,93,85,8,8
24353,128,129,-1,1
24354,127,149,-22,22
24355,94,92,2,2
24356,133,117,16,16
24357,53,42,11,11
24358,146,125,21,21
24359,117,128,-11,11
24360,74,72,2,2
24361,126,119,7,7
24362,41,45,-4,4
24363,143,138,5,5
24364,90,87,3,3
24365,73,78,-5,5
24366,156,148,8,8
24367,72,68,4,4
24368,59,54,5,5
24369,27,55,-28,28
24370,93,94,-1,1
24371,87,88,-1,1
24372,44,48,-4,4
24373,182,173,9,9
24374,90,88,2,2
24375,170,150,20,20
24376,128,123,5,5
24377,102,96,6,6
24378,99,95,4,4
24379,106,98,8,8
24380,86,79,7,7
24381,127,109,18,18
24382,99,87,12,12
24383,101,100,1,1
24384,155,142,13,13
24385,184,156,28,28
24386,98,94,4,4
24387,95,95,0,0
24388,108,128,-20,20
24389,103,107,-4,4
24390,147,137,10,10
24391,100,91,9,9
24392,76,94,-18,18
24393,308,221,87,87
24394,71,66,5,5
24395,80,83,-3,3
24396,88,77,11,11
24397,92,99,-7,7
24398,105,107,-2,2
24399,63,71,-8,8
24400,89,84,5,5
24401,77,86,-9,9
24402,94,94,0,0
24403,72,82,-10,10
24404,65,66,-1,1
24405,132,119,13,13
24406,90,84,6,6
24407,83,84,-1,1
24408,35,68,-33,33
24409,163,153,10,10
24410,73,70,3,3
24411,117,112,5,5
24412,87,80,7,7
24413,70,74,-4,4
24414,189,172,17,17
24415,81,76,5,5
24416,59,73,-14,14
24417,110,112,-2,2
24418,103,107,-4,4
24419,89,88,1,1
24420,90,77,13,13
24421,475,347,128,128
24422,66,62,4,4
24423,97,98,-1,1
24424,89,82,7,7
24425,106,102,4,4
24426,81,76,5,5
24427,143,137,6,6
24428,113,105,8,8
24429,83,85,-2,2
24430,276,250,26,26
24431,88,84,4,4
24432,91,92,-1,1
24433,179,152,27,27
24434,175,125,50,50
24435,86,85,1,1
24436,60,62,-2,2
24437,86,84,2,2
24438,104,94,10,10
24439,144,135,9,9
24440,93,90,3,3
24441,98,96,2,2
24442,59,66,-7,7
24443,112,144,-32,32
24444,98,106,-8,8
24445,60,61,-1,1
24446,72,66,6,6
24447,42,48,-6,6
24448,57,55,2,2
24449,138,123,15,15
24450,99,92,7,7
24451,134,129,5,5
24452,96,82,14,14
24453,101,98,3,3
24454,88,101,-13,13
24455,79,84,-5,5
24456,61,51,10,10
24457,77,65,12,12
24458,119,116,3,3
24459,124,112,12,12
24460,77,79,-2,2
24461,81,79,2,2
24462,70,70,0,0
24463,120,129,-9,9
24464,90,96,-6,6
24465,88,91,-3,3
24466,49,46,3,3
24467,70,67,3,3
24468,90,87,3,3
24469,70,65,5,5
24470,119,101,18,18
24471,99,96,3,3
24472,79,82,-3,3
24473,112,101,11,11
24474,63,65,-2,2
24475,40,51,-11,11
24476,145,135,10,10
24477,82,77,5,5
24478,87,83,4,4
24479,75,70,5,5
24480,71,67,4,4
24481,84,79,5,5
24482,85,79,6,6
24483,101,88,13,13
24484,111,92,19,19
24485,90,89,1,1
24486,63,62,1,1
24487,174,172,2,2
24488,106,103,3,3
24489,64,70,-6,6
24490,33,37,-4,4
24491,100,111,-11,11
24492,185,157,28,28
24493,68,67,1,1
24494,29,30,-1,1
24495,45,49,-4,4
24496,58,63,-5,5
24497,120,106,14,14
24498,124,111,13,13
24499,70,65,5,5
24500,104,105,-1,1
24501,101,93,8,8
24502,92,91,1,1
24503,81,76,5,5
24504,59,58,1,1
24505,84,83,1,1
24506,67,72,-5,5
24507,105,95,10,10
24508,81,81,0,0
24509,56,59,-3,3
24510,115,113,2,2
24511,117,110,7,7
24512,95,86,9,9
24513,134,122,12,12
24514,89,89,0,0
24515,136,130,6,6
24516,100,98,2,2
24517,95,105,-10,10
24518,73,76,-3,3
24519,58,68,-10,10
24520,157,139,18,18
24521,77,73,4,4
24522,54,43,11,11
24523,90,98,-8,8
24524,85,90,-5,5
24525,71,67,4,4
24526,73,70,3,3
24527,87,82,5,5
24528,57,57,0,0
24529,64,65,-1,1
24530,72,71,1,1
24531,184,153,31,31
24532,152,115,37,37
24533,88,88,0,0
24534,90,85,5,5
24535,96,100,-4,4
24536,117,102,15,15
24537,65,63,2,2
24538,101,88,13,13
24539,130,130,0,0
24540,189,165,24,24
24541,80,83,-3,3
24542,72,74,-2,2
24543,99,98,1,1
24544,131,119,12,12
24545,120,124,-4,4
24546,64,67,-3,3
24547,59,46,13,13
24548,69,68,1,1
24549,44,54,-10,10
24550,85,93,-8,8
24551,51,69,-18,18
24552,70,73,-3,3
24553,61,68,-7,7
24554,110,121,-11,11
24555,69,74,-5,5
24556,56,55,1,1
24557,125,134,-9,9
24558,91,83,8,8
24559,53,65,-12,12
24560,91,90,1,1
24561,42,46,-4,4
24562,85,86,-1,1
24563,33,34,-1,1
24564,94,81,13,13
24565,143,135,8,8
24566,72,64,8,8
24567,85,84,1,1
24568,132,128,4,4
24569,103,96,7,7
24570,131,108,23,23
24571,72,71,1,1
24572,109,109,0,0
24573,104,102,2,2
24574,128,122,6,6
24575,147,136,11,11
24576,90,88,2,2
24577,44,52,-8,8
24578,84,82,2,2
24579,129,122,7,7
24580,76,89,-13,13
24581,82,90,-8,8
24582,155,128,27,27
24583,141,124,17,17
24584,110,117,-7,7
24585,117,119,-2,2
24586,112,109,3,3
24587,109,110,-1,1
24588,63,54,9,9
24589,68,69,-1,1
24590,140,127,13,13
24591,42,48,-6,6
24592,97,106,-9,9
24593,73,66,7,7
24594,49,45,4,4
24595,163,132,31,31
24596,116,115,1,1
24597,98,108,-10,10
24598,97,93,4,4
24599,76,78,-2,2
24600,84,79,5,5
24601,52,46,6,6
24602,134,124,10,10
24603,62,53,9,9
24604,123,120,3,3
24605,55,55,0,0
24606,80,80,0,0
24607,77,75,2,2
24608,121,128,-7,7
24609,45,51,-6,6
24610,66,66,0,0
24611,59,50,9,9
24612,45,54,-9,9
24613,63,62,1,1
24614,65,77,-12,12
24615,95,88,7,7
24616,84,79,5,5
24617,110,121,-11,11
24618,83,83,0,0
24619,133,111,22,22
24620,111,103,8,8
24621,69,69,0,0
24622,43,42,1,1
24623,97,99,-2,2
24624,78,89,-11,11
24625,75,74,1,1
24626,130,117,13,13
24627,73,75,-2,2
24628,156,145,11,11
24629,110,93,17,17
24630,132,126,6,6
24631,108,106,2,2
24632,97,97,0,0
24633,139,126,13,13
24634,88,81,7,7
24635,136,120,16,16
24636,115,105,10,10
24637,141,129,12,12
24638,125,116,9,9
24639,114,104,10,10
24640,127,118,9,9
24641,87,88,-1,1
24642,126,123,3,3
24643,83,89,-6,6
24644,68,64,4,4
24645,100,93,7,7
24646,67,69,-2,2
24647,79,68,11,11
24648,123,113,10,10
24649,49,47,2,2
24650,73,87,-14,14
24651,105,95,10,10
24652,86,83,3,3
24653,78,87,-9,9
24654,97,88,9,9
24655,95,99,-4,4
24656,46,50,-4,4
24657,105,110,-5,5
24658,157,141,16,16
24659,97,110,-13,13
24660,130,112,18,18
24661,114,122,-8,8
24662,56,59,-3,3
24663,37,42,-5,5
24664,133,129,4,4
24665,80,94,-14,14
24666,56,54,2,2
24667,64,65,-1,1
24668,78,78,0,0
24669,96,88,8,8
24670,90,82,8,8
24671,126,113,13,13
24672,85,85,0,0
24673,60,54,6,6
24674,92,87,5,5
24675,105,102,3,3
24676,92,89,3,3
24677,85,81,4,4
24678,187,162,25,25
24679,108,115,-7,7
24680,64,59,5,5
24681,99,90,9,9
24682,92,91,1,1
24683,111,109,2,2
24684,83,76,7,7
24685,92,85,7,7
24686,68,59,9,9
24687,158,134,24,24
24688,54,55,-1,1
24689,86,76,10,10
24690,94,89,5,5
24691,102,95,7,7
24692,55,55,0,0
24693,52,60,-8,8
24694,69,76,-7,7
24695,97,90,7,7
24696,59,66,-7,7
24697,86,82,4,4
24698,104,99,5,5
24699,119,124,-5,5
24700,124,104,20,20
24701,99,97,2,2
24702,94,88,6,6
24703,129,128,1,1
24704,134,114,20,20
24705,58,67,-9,9
24706,131,116,15,15
24707,100,88,12,12
24708,97,87,10,10
24709,75,68,7,7
24710,133,127,6,6
24711,87,78,9,9
24712,76,73,3,3
24713,55,53,2,2
24714,167,161,6,6
24715,108,111,-3,3
24716,64,66,-2,2
24717,56,66,-10,10
24718,49,74,-25,25
24719,55,52,3,3
24720,80,95,-15,15
24721,55,57,-2,2
24722,169,153,16,16
24723,156,147,9,9
24724,102,88,14,14
24725,94,90,4,4
24726,92,89,3,3
24727,116,124,-8,8
24728,120,119,1,1
24729,107,102,5,5
24730,113,107,6,6
24731,75,75,0,0
24732,67,63,4,4
24733,98,84,14,14
24734,193,166,27,27
24735,165,154,11,11
24736,92,80,12,12
24737,53,48,5,5
24738,82,87,-5,5
24739,113,118,-5,5
24740,89,94,-5,5
24741,93,82,11,11
24742,94,91,3,3
24743,87,81,6,6
24744,145,123,22,22
24745,142,128,14,14
24746,115,108,7,7
24747,82,86,-4,4
24748,87,91,-4,4
24749,74,67,7,7
24750,61,73,-12,12
24751,125,116,9,9
24752,74,73,1,1
24753,129,119,10,10
24754,88,83,5,5
24755,93,93,0,0
24756,83,81,2,2
24757,123,112,11,11
24758,103,96,7,7
24759,136,133,3,3
24760,88,84,4,4
24761,94,90,4,4
24762,71,75,-4,4
24763,80,83,-3,3
24764,73,73,0,0
24765,90,79,11,11
24766,81,79,2,2
24767,85,88,-3,3
24768,48,57,-9,9
24769,122,130,-8,8
24770,120,110,10,10
24771,100,101,-1,1
24772,123,111,12,12
24773,154,132,22,22
24774,49,56,-7,7
24775,110,93,17,17
24776,90,92,-2,2
24777,103,97,6,6
24778,69,74,-5,5
24779,113,105,8,8
24780,102,97,5,5
24781,80,106,-26,26
24782,45,49,-4,4
24783,154,140,14,14
24784,116,102,14,14
24785,125,115,10,10
24786,182,158,24,24
24787,68,62,6,6
24788,82,69,13,13
24789,78,75,3,3
24790,60,73,-13,13
24791,119,106,13,13
24792,76,76,0,0
24793,102,99,3,3
24794,94,110,-16,16
24795,76,79,-3,3
24796,52,49,3,3
24797,82,69,13,13
24798,117,116,1,1
24799,110,102,8,8
24800,165,149,16,16
24801,79,68,11,11
24802,132,122,10,10
24803,118,110,8,8
24804,95,86,9,9
24805,74,75,-1,1
24806,52,70,-18,18
24807,104,107,-3,3
24808,103,125,-22,22
24809,119,112,7,7
24810,99,100,-1,1
24811,141,128,13,13
24812,62,58,4,4
24813,95,93,2,2
24814,115,108,7,7
24815,97,105,-8,8
24816,46,60,-14,14
24817,122,126,-4,4
24818,121,117,4,4
24819,102,104,-2,2
24820,148,134,14,14
24821,71,66,5,5
24822,114,88,26,26
24823,126,119,7,7
24824,84,79,5,5
24825,83,80,3,3
24826,101,85,16,16
24827,98,93,5,5
24828,121,109,12,12
24829,84,93,-9,9
24830,56,68,-12,12
24831,90,76,14,14
24832,85,78,7,7
24833,87,80,7,7
24834,113,113,0,0
24835,140,134,6,6
24836,116,112,4,4
24837,120,123,-3,3
24838,82,79,3,3
24839,150,131,19,19
24840,89,84,5,5
24841,72,71,1,1
24842,106,105,1,1
24843,66,71,-5,5
24844,67,69,-2,2
24845,78,73,5,5
24846,118,109,9,9
24847,83,93,-10,10
24848,133,135,-2,2
24849,127,119,8,8
24850,178,160,18,18
24851,70,69,1,1
24852,50,53,-3,3
24853,121,108,13,13
24854,127,117,10,10
24855,62,55,7,7
24856,74,71,3,3
24857,79,78,1,1
24858,95,87,8,8
24859,103,102,1,1
24860,113,100,13,13
24861,58,76,-18,18
24862,162,117,45,45
24863,43,46,-3,3
24864,73,67,6,6
24865,60,61,-1,1
24866,134,121,13,13
24867,66,68,-2,2
24868,42,61,-19,19
24869,89,83,6,6
24870,82,71,11,11
24871,133,124,9,9
24872,28,36,-8,8
24873,120,101,19,19
24874,60,55,5,5
24875,59,66,-7,7
24876,54,54,0,0
24877,81,84,-3,3
24878,102,97,5,5
24879,47,49,-2,2
24880,90,73,17,17
24881,123,109,14,14
24882,83,80,3,3
24883,92,102,-10,10
24884,105,98,7,7
24885,108,92,16,16
24886,114,120,-6,6
24887,57,61,-4,4
24888,67,65,2,2
24889,85,89,-4,4
24890,68,70,-2,2
24891,55,52,3,3
24892,93,89,4,4
24893,61,65,-4,4
24894,61,59,2,2
24895,87,85,2,2
24896,85,80,5,5
24897,88,85,3,3
24898,57,56,1,1
24899,65,67,-2,2
24900,58,62,-4,4
24901,118,108,10,10
24902,94,91,3,3
24903,164,154,10,10
24904,74,77,-3,3
24905,106,145,-39,39
24906,97,109,-12,12
24907,117,110,7,7
24908,123,119,4,4
24909,72,79,-7,7
24910,73,66,7,7
24911,105,141,-36,36
24912,53,58,-5,5
24913,63,66,-3,3
24914,85,78,7,7
24915,136,141,-5,5
24916,113,98,15,15
24917,92,99,-7,7
24918,97,96,1,1
24919,95,104,-9,9
24920,106,101,5,5
24921,167,156,11,11
24922,121,125,-4,4
24923,42,47,-5,5
24924,80,84,-4,4
24925,48,63,-15,15
24926,116,109,7,7
24927,117,110,7,7
24928,67,68,-1,1
24929,69,68,1,1
24930,114,98,16,16
24931,134,117,17,17
24932,91,85,6,6
24933,88,81,7,7
24934,130,125,5,5
24935,187,176,11,11
24936,99,99,0,0
24937,95,101,-6,6
24938,151,143,8,8
24939,97,94,3,3
24940,66,66,0,0
24941,39,41,-2,2
24942,114,112,2,2
24943,124,109,15,15
24944,109,107,2,2
24945,92,107,-15,15
24946,50,54,-4,4
24947,139,128,11,11
24948,116,114,2,2
24949,79,76,3,3
24950,69,82,-13,13
24951,95,95,0,0
24952,112,112,0,0
24953,57,65,-8,8
24954,57,59,-2,2
24955,112,118,-6,6
24956,77,78,-1,1
24957,79,84,-5,5
24958,115,108,7,7
24959,52,59,-7,7
24960,121,101,20,20
24961,93,91,2,2
24962,51,47,4,4
24963,71,71,0,0
24964,126,125,1,1
24965,149,132,17,17
24966,91,105,-14,14
24967,142,136,6,6
24968,55,64,-9,9
24969,110,110,0,0
24970,197,193,4,4
24971,85,80,5,5
24972,115,108,7,7
24973,111,97,14,14
24974,136,121,15,15
24975,57,61,-4,4
24976,100,87,13,13
24977,121,105,16,16
24978,105,94,11,11
24979,145,145,0,0
24980,93,88,5,5
24981,104,102,2,2
24982,104,92,12,12
24983,89,79,10,10
24984,82,79,3,3
24985,137,119,18,18
24986,112,97,15,15
24987,99,91,8,8
24988,94,93,1,1
24989,140,128,12,12
24990,75,80,-5,5
24991,114,111,3,3
24992,71,67,4,4
24993,155,129,26,26
24994,71,71,0,0
24995,61,59,2,2
24996,84,93,-9,9
24997,75,71,4,4
24998,128,133,-5,5
24999,247,236,11,11
25000,101,103,-2,2
25001,113,98,15,15
25002,116,109,7,7
25003,112,105,7,7
25004,83,85,-2,2
25005,52,58,-6,6
25006,73,55,18,18
25007,43,52,-9,9
25008,96,94,2,2
25009,49,60,-11,11
25010,57,66,-9,9
25011,104,119,-15,15
25012,86,84,2,2
25013,66,66,0,0
25014,69,80,-11,11
25015,92,95,-3,3
25016,120,118,2,2
25017,124,123,1,1
25018,109,98,11,11
25019,90,99,-9,9
25020,88,84,4,4
25021,60,59,1,1
25022,100,105,-5,5
25023,171,200,-29,29
25024,55,57,-2,2
25025,143,135,8,8
25026,104,99,5,5
25027,120,117,3,3
25028,132,125,7,7
25029,142,140,2,2
25030,68,69,-1,1
25031,74,70,4,4
25032,107,98,9,9
25033,82,76,6,6
25034,48,52,-4,4
25035,83,76,7,7
25036,66,68,-2,2
25037,90,88,2,2
25038,114,114,0,0
25039,123,101,22,22
25040,140,124,16,16
25041,71,65,6,6
25042,112,102,10,10
25043,175,176,-1,1
25044,148,128,20,20
25045,87,82,5,5
25046,156,152,4,4
25047,44,46,-2,2
25048,105,101,4,4
25049,120,123,-3,3
25050,65,62,3,3
25051,120,114,6,6
25052,69,67,2,2
25053,91,98,-7,7
25054,135,113,22,22
25055,133,130,3,3
25056,81,81,0,0
25057,74,63,11,11
25058,144,141,3,3
25059,146,136,10,10
25060,95,81,14,14
25061,223,185,38,38
25062,126,106,20,20
25063,49,52,-3,3
25064,102,99,3,3
25065,116,105,11,11
25066,60,61,-1,1
25067,154,139,15,15
25068,134,111,23,23
25069,100,97,3,3
25070,76,65,11,11
25071,74,73,1,1
25072,77,67,10,10
25073,88,86,2,2
25074,76,83,-7,7
25075,81,77,4,4
25076,165,154,11,11
25077,108,108,0,0
25078,53,28,25,25
25079,59,61,-2,2
25080,85,101,-16,16
25081,98,90,8,8
25082,58,59,-1,1
25083,105,101,4,4
25084,148,136,12,12
25085,159,133,26,26
25086,163,162,1,1
25087,102,93,9,9
25088,71,87,-16,16
25089,156,137,19,19
25090,97,89,8,8
25091,97,90,7,7
25092,72,69,3,3
25093,83,105,-22,22
25094,81,67,14,14
25095,103,95,8,8
25096,95,93,2,2
25097,82,92,-10,10
25098,121,108,13,13
25099,78,80,-2,2
25100,98,91,7,7
25101,145,141,4,4
25102,122,115,7,7
25103,123,109,14,14
25104,76,73,3,3
25105,195,173,22,22
25106,48,43,5,5
25107,59,70,-11,11
25108,73,74,-1,1
25109,73,74,-1,1
25110,63,56,7,7
25111,178,150,28,28
25112,69,67,2,2
25113,96,94,2,2
25114,67,70,-3,3
25115,46,48,-2,2
25116,88,89,-1,1
25117,47,54,-7,7
25118,45,48,-3,3
25119,47,43,4,4
25120,123,113,10,10
25121,124,116,8,8
25122,167,152,15,15
25123,136,122,14,14
25124,72,75,-3,3
25125,109,103,6,6
25126,74,73,1,1
25127,80,73,7,7
25128,126,120,6,6
25129,119,106,13,13
25130,60,63,-3,3
25131,98,94,4,4
25132,128,112,16,16
25133,96,90,6,6
25134,109,105,4,4
25135,135,127,8,8
25136,86,76,10,10
25137,125,121,4,4
25138,71,76,-5,5
25139,137,131,6,6
25140,86,89,-3,3
25141,150,148,2,2
25142,83,91,-8,8
25143,57,55,2,2
25144,87,85,2,2
25145,58,68,-10,10
25146,74,80,-6,6
25147,168,144,24,24
25148,145,126,19,19
25149,65,66,-1,1
25150,76,75,1,1
25151,114,109,5,5
25152,151,151,0,0
25153,146,156,-10,10
25154,65,67,-2,2
25155,77,88,-11,11
25156,165,142,23,23
25157,89,107,-18,18
25158,107,100,7,7
25159,96,111,-15,15
25160,115,112,3,3
25161,74,69,5,5
25162,160,152,8,8
25163,82,84,-2,2
25164,80,76,4,4
25165,94,97,-3,3
25166,97,93,4,4
25167,48,66,-18,18
25168,79,69,10,10
25169,16,34,-18,18
25170,100,96,4,4
25171,51,67,-16,16
25172,86,81,5,5
25173,108,110,-2,2
25174,46,43,3,3
25175,55,50,5,5
25176,112,118,-6,6
25177,84,80,4,4
25178,100,94,6,6
25179,150,133,17,17
25180,138,129,9,9
25181,92,85,7,7
25182,66,69,-3,3
25183,103,96,7,7
25184,96,92,4,4
25185,148,143,5,5
25186,81,80,1,1
25187,45,66,-21,21
25188,126,119,7,7
25189,168,156,12,12
25190,76,78,-2,2
25191,134,137,-3,3
25192,83,85,-2,2
25193,118,106,12,12
25194,117,102,15,15
25195,100,103,-3,3
25196,96,96,0,0
25197,122,113,9,9
25198,76,82,-6,6
25199,96,104,-8,8
25200,103,92,11,11
25201,70,71,-1,1
25202,209,180,29,29
25203,75,73,2,2
25204,54,67,-13,13
25205,111,107,4,4
25206,70,65,5,5
25207,100,102,-2,2
25208,108,96,12,12
25209,56,64,-8,8
25210,172,175,-3,3
25211,67,69,-2,2
25212,118,100,18,18
25213,47,49,-2,2
25214,69,66,3,3
25215,85,88,-3,3
25216,63,55,8,8
25217,267,220,47,47
25218,101,96,5,5
25219,126,112,14,14
25220,99,98,1,1
25221,124,125,-1,1
25222,145,128,17,17
25223,83,75,8,8
25224,96,86,10,10
25225,149,158,-9,9
25226,65,66,-1,1
25227,83,76,7,7
25228,51,49,2,2
25229,73,84,-11,11
25230,164,141,23,23
25231,76,81,-5,5
25232,86,81,5,5
25233,128,108,20,20
25234,126,107,19,19
25235,75,72,3,3
25236,85,84,1,1
25237,59,55,4,4
25238,80,71,9,9
25239,115,106,9,9
25240,96,89,7,7
25241,57,60,-3,3
25242,78,72,6,6
25243,92,80,12,12
25244,114,107,7,7
25245,97,87,10,10
25246,67,68,-1,1
25247,68,88,-20,20
25248,88,84,4,4
25249,58,61,-3,3
25250,86,91,-5,5
25251,81,75,6,6
25252,80,78,2,2
25253,107,108,-1,1
25254,65,63,2,2
25255,77,74,3,3
25256,30,44,-14,14
25257,81,85,-4,4
25258,91,98,-7,7
25259,62,71,-9,9
25260,78,86,-8,8
25261,103,97,6,6
25262,113,104,9,9
25263,121,112,9,9
25264,75,73,2,2
25265,113,109,4,4
25266,52,58,-6,6
25267,93,97,-4,4
25268,51,64,-13,13
25269,128,111,17,17
25270,86,77,9,9
25271,107,101,6,6
25272,105,101,4,4
25273,195,182,13,13
25274,64,60,4,4
25275,56,69,-13,13
25276,38,81,-43,43
25277,111,126,-15,15
25278,72,71,1,1
25279,103,101,2,2
25280,93,88,5,5
25281,90,95,-5,5
25282,64,73,-9,9
25283,142,128,14,14
25284,96,101,-5,5
25285,85,84,1,1
25286,99,95,4,4
25287,52,54,-2,2
25288,117,130,-13,13
25289,76,76,0,0
25290,80,70,10,10
25291,99,88,11,11
25292,103,94,9,9
25293,60,65,-5,5
25294,96,96,0,0
25295,112,106,6,6
25296,77,71,6,6
25297,126,106,20,20
25298,125,120,5,5
25299,132,131,1,1
25300,79,84,-5,5
25301,106,104,2,2
25302,35,45,-10,10
25303,85,78,7,7
25304,63,59,4,4
25305,65,73,-8,8
25306,23,50,-27,27
25307,73,74,-1,1
25308,103,104,-1,1
25309,79,76,3,3
25310,81,83,-2,2
25311,54,49,5,5
25312,77,78,-1,1
25313,90,85,5,5
25314,92,90,2,2
25315,54,58,-4,4
25316,101,102,-1,1
25317,102,92,10,10
25318,77,82,-5,5
25319,113,121,-8,8
25320,166,151,15,15
25321,74,78,-4,4
25322,116,114,2,2
25323,127,131,-4,4
25324,89,84,5,5
25325,101,99,2,2
25326,103,103,0,0
25327,127,120,7,7
25328,83,75,8,8
25329,123,120,3,3
25330,118,119,-1,1
25331,160,149,11,11
25332,79,79,0,0
25333,76,70,6,6
25334,51,47,4,4
25335,110,113,-3,3
25336,112,125,-13,13
25337,73,69,4,4
25338,90,83,7,7
25339,87,86,1,1
25340,97,94,3,3
25341,51,52,-1,1
25342,175,164,11,11
25343,51,55,-4,4
25344,96,91,5,5
25345,96,78,18,18
25346,87,90,-3,3
25347,98,95,3,3
25348,195,172,23,23
25349,74,71,3,3
25350,111,97,14,14
25351,62,61,1,1
25352,62,68,-6,6
25353,50,52,-2,2
25354,77,75,2,2
25355,68,54,14,14
25356,72,74,-2,2
25357,82,72,10,10
25358,69,69,0,0
25359,133,130,3,3
25360,57,58,-1,1
25361,87,98,-11,11
25362,86,79,7,7
25363,53,81,-28,28
25364,111,130,-19,19
25365,85,92,-7,7
25366,68,68,0,0
25367,82,87,-5,5
25368,125,111,14,14
25369,127,113,14,14
25370,46,83,-37,37
25371,125,124,1,1
25372,133,121,12,12
25373,84,87,-3,3
25374,70,66,4,4
25375,130,112,18,18
25376,86,86,0,0
25377,161,152,9,9
25378,100,118,-18,18
25379,107,106,1,1
25380,89,92,-3,3
25381,62,50,12,12
25382,75,76,-1,1
25383,82,81,1,1
25384,104,106,-2,2
25385,83,93,-10,10
25386,109,99,10,10
25387,57,45,12,12
25388,125,120,5,5
25389,87,74,13,13
25390,201,162,39,39
25391,75,77,-2,2
25392,80,80,0,0
25393,143,152,-9,9
25394,120,114,6,6
25395,146,139,7,7
25396,70,66,4,4
25397,93,92,1,1
25398,110,106,4,4
25399,43,47,-4,4
25400,97,89,8,8
25401,70,64,6,6
25402,85,83,2,2
25403,91,98,-7,7
25404,85,87,-2,2
25405,120,109,11,11
25406,70,73,-3,3
25407,61,69,-8,8
25408,67,67,0,0
25409,156,144,12,12
25410,45,41,4,4
25411,121,122,-1,1
25412,93,101,-8,8
25413,111,116,-5,5
25414,72,77,-5,5
25415,44,47,-3,3
25416,140,142,-2,2
25417,52,56,-4,4
25418,70,72,-2,2
25419,117,113,4,4
25420,60,63,-3,3
25421,73,83,-10,10
25422,107,98,9,9
25423,90,94,-4,4
25424,59,69,-10,10
25425,102,101,1,1
25426,73,73,0,0
25427,86,89,-3,3
25428,58,60,-2,2
25429,66,65,1,1
25430,62,95,-33,33
25431,130,123,7,7
25432,121,103,18,18
25433,114,101,13,13
25434,128,121,7,7
25435,106,104,2,2
25436,94,84,10,10
25437,139,135,4,4
25438,57,54,3,3
25439,62,73,-11,11
25440,59,65,-6,6
25441,134,120,14,14
25442,88,85,3,3
25443,67,72,-5,5
25444,91,89,2,2
25445,79,71,8,8
25446,99,95,4,4
25447,135,140,-5,5
25448,118,115,3,3
25449,97,94,3,3
25450,96,83,13,13
25451,81,79,2,2
25452,93,95,-2,2
25453,108,110,-2,2
25454,69,67,2,2
25455,106,105,1,1
25456,80,83,-3,3
25457,108,102,6,6
25458,95,85,10,10
25459,41,42,-1,1
25460,97,90,7,7
25461,161,132,29,29
25462,96,95,1,1
25463,86,92,-6,6
25464,123,107,16,16
25465,84,77,7,7
25466,81,85,-4,4
25467,99,96,3,3
25468,108,97,11,11
25469,57,65,-8,8
25470,82,84,-2,2
25471,117,138,-21,21
25472,78,84,-6,6
25473,206,191,15,15
25474,70,70,0,0
25475,66,71,-5,5
25476,132,116,16,16
25477,73,68,5,5
25478,53,61,-8,8
25479,47,55,-8,8
25480,73,80,-7,7
25481,72,74,-2,2
25482,96,86,10,10
25483,182,172,10,10
25484,80,72,8,8
25485,98,88,10,10
25486,103,101,2,2
25487,182,176,6,6
25488,136,144,-8,8
25489,101,90,11,11
25490,81,75,6,6
25491,161,147,14,14
25492,83,88,-5,5
25493,57,68,-11,11
25494,119,105,14,14
25495,103,94,9,9
25496,143,125,18,18
25497,61,98,-37,37
25498,117,107,10,10
25499,113,108,5,5
25500,94,96,-2,2
25501,70,75,-5,5
25502,116,115,1,1
25503,102,89,13,13
25504,154,142,12,12
25505,91,83,8,8
25506,105,107,-2,2
25507,114,116,-2,2
25508,160,156,4,4
25509,94,91,3,3
25510,151,132,19,19
25511,170,158,12,12
25512,76,71,5,5
25513,74,73,1,1
25514,101,98,3,3
25515,62,55,7,7
25516,84,84,0,0
25517,109,107,2,2
25518,106,99,7,7
25519,119,108,11,11
25520,89,92,-3,3
25521,53,53,0,0
25522,37,37,0,0
25523,97,93,4,4
25524,91,86,5,5
25525,94,86,8,8
25526,111,93,18,18
25527,203,195,8,8
25528,71,69,2,2
25529,63,64,-1,1
25530,55,60,-5,5
25531,87,79,8,8
25532,125,134,-9,9
25533,101,103,-2,2
25534,98,83,15,15
25535,116,120,-4,4
25536,79,82,-3,3
25537,206,192,14,14
25538,102,107,-5,5
25539,153,141,12,12
25540,86,88,-2,2
25541,60,58,2,2
25542,95,104,-9,9
25543,156,140,16,16
25544,90,80,10,10
25545,131,120,11,11
25546,107,97,10,10
25547,56,58,-2,2
25548,96,94,2,2
25549,67,76,-9,9
25550,66,67,-1,1
25551,116,113,3,3
25552,97,96,1,1
25553,132,120,12,12
25554,87,90,-3,3
25555,94,94,0,0
25556,50,50,0,0
25557,104,92,12,12
25558,179,179,0,0
25559,121,99,22,22
25560,54,62,-8,8
25561,86,74,12,12
25562,29,34,-5,5
25563,109,104,5,5
25564,81,87,-6,6
25565,75,82,-7,7
25566,179,160,19,19
25567,59,53,6,6
25568,122,109,13,13
25569,209,184,25,25
25570,53,54,-1,1
25571,79,67,12,12
25572,97,92,5,5
25573,99,102,-3,3
25574,50,48,2,2
25575,81,85,-4,4
25576,77,71,6,6
25577,179,160,19,19
25578,100,102,-2,2
25579,57,65,-8,8
25580,88,87,1,1
25581,47,53,-6,6
25582,92,92,0,0
25583,94,81,13,13
25584,49,70,-21,21
25585,155,132,23,23
25586,93,95,-2,2
25587,160,139,21,21
25588,34,43,-9,9
25589,109,100,9,9
25590,112,106,6,6
25591,65,62,3,3
25592,76,68,8,8
25593,82,89,-7,7
25594,97,78,19,19
25595,72,74,-2,2
25596,95,97,-2,2
25597,59,66,-7,7
25598,52,52,0,0
25599,81,71,10,10
25600,87,81,6,6
25601,129,118,11,11
25602,57,81,-24,24
25603,54,57,-3,3
25604,122,102,20,20
25605,90,88,2,2
25606,136,125,11,11
25607,55,54,1,1
25608,69,75,-6,6
25609,118,108,10,10
25610,103,101,2,2
25611,70,70,0,0
25612,43,49,-6,6
25613,66,69,-3,3
25614,140,138,2,2
25615,89,94,-5,5
25616,147,113,34,34
25617,112,107,5,5
25618,78,68,10,10
25619,40,45,-5,5
25620,55,58,-3,3
25621,77,74,3,3
25622,80,92,-12,12
25623,71,72,-1,1
25624,82,82,0,0
25625,82,85,-3,3
25626,93,97,-4,4
25627,68,66,2,2
25628,96,83,13,13
25629,116,108,8,8
25630,53,68,-15,15
25631,87,78,9,9
25632,116,114,2,2
25633,102,92,10,10
25634,89,81,8,8
25635,121,113,8,8
25636,92,86,6,6
25637,29,51,-22,22
25638,98,85,13,13
25639,70,59,11,11
25640,127,114,13,13
25641,208,189,19,19
25642,85,79,6,6
25643,84,90,-6,6
25644,92,92,0,0
25645,118,126,-8,8
25646,66,70,-4,4
25647,79,79,0,0
25648,167,146,21,21
25649,174,164,10,10
25650,92,88,4,4
25651,90,98,-8,8
25652,103,94,9,9
25653,85,81,4,4
25654,43,47,-4,4
25655,144,138,6,6
25656,66,63,3,3
25657,33,51,-18,18
25658,50,60,-10,10
25659,68,64,4,4
25660,152,158,-6,6
25661,102,92,10,10
25662,45,45,0,0
25663,67,66,1,1
25664,59,65,-6,6
25665,92,98,-6,6
25666,138,134,4,4
25667,152,139,13,13
25668,79,73,6,6
25669,122,118,4,4
25670,122,112,10,10
25671,59,66,-7,7
25672,164,142,22,22
25673,93,134,-41,41
25674,86,91,-5,5
25675,133,121,12,12
25676,95,104,-9,9
25677,86,90,-4,4
25678,76,71,5,5
25679,152,143,9,9
25680,99,86,13,13
25681,62,62,0,0
25682,92,94,-2,2
25683,105,97,8,8
25684,95,87,8,8
25685,103,80,23,23
25686,64,69,-5,5
25687,113,125,-12,12
25688,139,136,3,3
25689,116,104,12,12
25690,109,111,-2,2
25691,110,108,2,2
25692,102,98,4,4
25693,108,111,-3,3
25694,83,72,11,11
25695,151,140,11,11
25696,84,89,-5,5
25697,109,97,12,12
25698,136,125,11,11
25699,109,103,6,6
25700,136,113,23,23
25701,109,102,7,7
25702,68,73,-5,5
25703,76,71,5,5
25704,81,79,2,2
25705,102,97,5,5
25706,139,129,10,10
25707,86,87,-1,1
25708,105,97,8,8
25709,58,66,-8,8
25710,35,47,-12,12
25711,49,56,-7,7
25712,82,79,3,3
25713,70,76,-6,6
25714,79,77,2,2
25715,66,60,6,6
25716,122,116,6,6
25717,77,68,9,9
25718,120,111,9,9
25719,155,134,21,21
25720,123,122,1,1
25721,74,79,-5,5
25722,88,86,2,2
25723,143,136,7,7
25724,88,73,15,15
25725,57,63,-6,6
25726,130,121,9,9
25727,81,87,-6,6
25728,83,87,-4,4
25729,173,143,30,30
25730,66,68,-2,2
25731,91,88,3,3
25732,70,67,3,3
25733,73,60,13,13
25734,72,78,-6,6
25735,73,71,2,2
25736,109,118,-9,9
25737,106,65,41,41
25738,72,69,3,3
25739,80,83,-3,3
25740,188,167,21,21
25741,112,106,6,6
25742,116,107,9,9
25743,115,101,14,14
25744,97,95,2,2
25745,171,164,7,7
25746,96,95,1,1
25747,97,88,9,9
25748,60,64,-4,4
25749,119,101,18,18
25750,144,137,7,7
25751,64,66,-2,2
25752,55,61,-6,6
25753,92,88,4,4
25754,92,86,6,6
25755,133,133,0,0
25756,62,65,-3,3
25757,143,135,8,8
25758,92,94,-2,2
25759,95,113,-18,18
25760,43,41,2,2
25761,110,106,4,4
25762,94,81,13,13
25763,68,67,1,1
25764,81,79,2,2
25765,150,129,21,21
25766,129,122,7,7
25767,133,117,16,16
25768,105,99,6,6
25769,66,81,-15,15
25770,91,91,0,0
25771,90,75,15,15
25772,117,96,21,21
25773,140,129,11,11
25774,165,152,13,13
25775,95,94,1,1
25776,85,76,9,9
25777,158,135,23,23
25778,138,135,3,3
25779,96,95,1,1
25780,122,114,8,8
25781,65,63,2,2
25782,63,65,-2,2
25783,111,104,7,7
25784,80,95,-15,15
25785,79,80,-1,1
25786,100,87,13,13
25787,81,83,-2,2
25788,92,89,3,3
25789,75,90,-15,15
25790,82,82,0,0
25791,79,87,-8,8
25792,57,66,-9,9
25793,148,118,30,30
25794,79,77,2,2
25795,122,114,8,8
25796,82,82,0,0
25797,61,59,2,2
25798,38,46,-8,8
25799,94,98,-4,4
25800,101,85,16,16
25801,89,82,7,7
25802,68,64,4,4
25803,47,57,-10,10
25804,90,83,7,7
25805,60,65,-5,5
25806,114,104,10,10
25807,80,86,-6,6
25808,127,108,19,19
25809,102,109,-7,7
25810,69,66,3,3
25811,53,67,-14,14
25812,59,65,-6,6
25813,95,95,0,0
25814,64,64,0,0
25815,144,146,-2,2
25816,71,58,13,13
25817,100,104,-4,4
25818,116,114,2,2
25819,104,96,8,8
25820,177,175,2,2
25821,108,103,5,5
25822,132,118,14,14
25823,118,103,15,15
25824,135,146,-11,11
25825,115,109,6,6
25826,73,72,1,1
25827,133,119,14,14
25828,95,91,4,4
25829,80,78,2,2
25830,48,71,-23,23
25831,158,148,10,10
25832,73,75,-2,2
25833,94,88,6,6
25834,74,95,-21,21
25835,154,153,1,1
25836,127,125,2,2
25837,73,69,4,4
25838,89,83,6,6
25839,61,67,-6,6
25840,87,79,8,8
25841,65,80,-15,15
25842,81,87,-6,6
25843,99,95,4,4
25844,83,86,-3,3
25845,90,92,-2,2
25846,82,80,2,2
25847,115,102,13,13
25848,137,134,3,3
25849,78,76,2,2
25850,94,81,13,13
25851,101,97,4,4
25852,96,90,6,6
25853,77,73,4,4
25854,112,100,12,12
25855,138,135,3,3
25856,98,91,7,7
25857,91,92,-1,1
25858,143,131,12,12
25859,153,144,9,9
25860,40,43,-3,3
25861,69,65,4,4
25862,67,65,2,2
25863,43,52,-9,9
25864,104,102,2,2
25865,117,105,12,12
25866,84,76,8,8
25867,84,86,-2,2
25868,74,66,8,8
25869,75,70,5,5
25870,147,147,0,0
25871,94,94,0,0
25872,92,87,5,5
25873,71,74,-3,3
25874,84,81,3,3
25875,78,98,-20,20
25876,83,80,3,3
25877,84,90,-6,6
25878,42,65,-23,23
25879,149,145,4,4
25880,95,98,-3,3
25881,132,115,17,17
25882,83,87,-4,4
25883,131,129,2,2
25884,62,65,-3,3
25885,87,87,0,0
25886,91,82,9,9
25887,155,163,-8,8
25888,73,79,-6,6
25889,98,98,0,0
25890,72,68,4,4
25891,75,76,-1,1
25892,147,137,10,10
25893,54,64,-10,10
25894,128,117,11,11
25895,98,94,4,4
25896,111,105,6,6
25897,81,82,-1,1
25898,87,78,9,9
25899,28,66,-38,38
25900,123,117,6,6
25901,82,74,8,8
25902,82,71,11,11
25903,113,102,11,11
25904,121,131,-10,10
25905,124,119,5,5
25906,85,78,7,7
25907,82,82,0,0
25908,107,107,0,0
25909,113,109,4,4
25910,74,83,-9,9
25911,97,87,10,10
25912,56,63,-7,7
25913,89,86,3,3
25914,132,119,13,13
25915,134,125,9,9
25916,93,95,-2,2
25917,128,133,-5,5
25918,121,118,3,3
25919,132,137,-5,5
25920,114,112,2,2
25921,93,87,6,6
25922,132,127,5,5
25923,139,114,25,25
25924,59,62,-3,3
25925,185,159,26,26
25926,47,56,-9,9
25927,68,71,-3,3
25928,122,126,-4,4
25929,130,129,1,1
25930,98,98,0,0
25931,42,44,-2,2
25932,125,120,5,5
25933,56,61,-5,5
25934,129,122,7,7
25935,60,80,-20,20
25936,51,53,-2,2
25937,78,77,1,1
25938,62,69,-7,7
25939,80,92,-12,12
25940,39,47,-8,8
25941,120,119,1,1
25942,100,91,9,9
25943,112,116,-4,4
25944,85,82,3,3
25945,118,110,8,8
25946,124,126,-2,2
25947,56,57,-1,1
25948,97,95,2,2
25949,83,88,-5,5
25950,91,90,1,1
25951,68,69,-1,1
25952,108,110,-2,2
25953,87,87,0,0
25954,57,60,-3,3
25955,70,66,4,4
25956,87,88,-1,1
25957,111,98,13,13
25958,79,82,-3,3
25959,117,103,14,14
25960,95,96,-1,1
25961,139,126,13,13
25962,52,48,4,4
25963,47,95,-48,48
25964,104,101,3,3
25965,89,79,10,10
25966,86,90,-4,4
25967,90,82,8,8
25968,113,104,9,9
25969,89,88,1,1
25970,94,96,-2,2
25971,134,127,7,7
25972,63,62,1,1
25973,102,95,7,7
25974,146,129,17,17
25975,140,136,4,4
25976,73,73,0,0
25977,127,119,8,8
25978,47,56,-9,9
25979,90,103,-13,13
25980,77,77,0,0
25981,136,125,11,11
25982,121,116,5,5
25983,82,75,7,7
25984,114,120,-6,6
25985,114,104,10,10
25986,80,77,3,3
25987,82,74,8,8
25988,79,75,4,4
25989,107,107,0,0
25990,113,95,18,18
25991,114,106,8,8
25992,52,60,-8,8
25993,67,68,-1,1
25994,74,76,-2,2
25995,113,107,6,6
25996,77,73,4,4
25997,125,127,-2,2
25998,60,56,4,4
25999,78,77,1,1
26000,94,92,2,2
26001,102,96,6,6
26002,115,105,10,10
26003,114,105,9,9
26004,115,117,-2,2
26005,109,102,7,7
26006,107,113,-6,6
26007,80,76,4,4
26008,111,101,10,10
26009,36,55,-19,19
26010,78,76,2,2
26011,87,83,4,4
26012,74,74,0,0
26013,70,76,-6,6
26014,64,65,-1,1
26015,51,51,0,0
26016,97,97,0,0
26017,106,100,6,6
26018,150,144,6,6
26019,105,94,11,11
26020,80,83,-3,3
26021,81,81,0,0
26022,78,79,-1,1
26023,103,105,-2,2
26024,68,69,-1,1
26025,69,71,-2,2
26026,100,112,-12,12
26027,100,82,18,18
26028,171,157,14,14
26029,102,95,7,7
26030,98,86,12,12
26031,81,86,-5,5
26032,86,77,9,9
26033,47,53,-6,6
26034,83,84,-1,1
26035,139,136,3,3
26036,71,75,-4,4
26037,142,135,7,7
26038,65,60,5,5
26039,68,66,2,2
26040,63,64,-1,1
26041,105,92,13,13
26042,53,59,-6,6
26043,126,119,7,7
26044,137,135,2,2
26045,64,60,4,4
26046,126,130,-4,4
26047,117,105,12,12
26048,65,89,-24,24
26049,133,134,-1,1
26050,64,58,6,6
26051,96,88,8,8
26052,92,90,2,2
26053,99,103,-4,4
26054,148,144,4,4
26055,54,55,-1,1
26056,99,81,18,18
26057,89,97,-8,8
26058,63,60,3,3
26059,90,87,3,3
26060,71,80,-9,9
26061,82,71,11,11
26062,89,88,1,1
26063,58,63,-5,5
26064,88,91,-3,3
26065,91,87,4,4
26066,29,36,-7,7
26067,63,70,-7,7
26068,73,71,2,2
26069,68,62,6,6
26070,76,82,-6,6
26071,73,65,8,8
26072,152,135,17,17
26073,113,95,18,18
26074,57,49,8,8
26075,81,77,4,4
26076,102,109,-7,7
26077,87,108,-21,21
26078,106,105,1,1
26079,83,88,-5,5
26080,164,149,15,15
26081,122,100,22,22
26082,68,74,-6,6
26083,79,72,7,7
26084,57,57,0,0
26085,116,118,-2,2
26086,57,58,-1,1
26087,105,89,16,16
26088,95,83,12,12
26089,164,158,6,6
26090,159,158,1,1
26091,92,78,14,14
26092,100,109,-9,9
26093,64,58,6,6
26094,121,156,-35,35
26095,157,141,16,16
26096,116,109,7,7
26097,46,52,-6,6
26098,106,100,6,6
26099,67,73,-6,6
26100,83,84,-1,1
26101,66,60,6,6
26102,105,109,-4,4
26103,166,162,4,4
26104,109,90,19,19
26105,75,72,3,3
26106,86,83,3,3
26107,91,84,7,7
26108,76,73,3,3
26109,149,155,-6,6
26110,102,91,11,11
26111,76,77,-1,1
26112,64,59,5,5
26113,108,100,8,8
26114,99,93,6,6
26115,104,101,3,3
26116,136,135,1,1
26117,72,83,-11,11
26118,92,78,14,14
26119,70,71,-1,1
26120,69,69,0,0
26121,154,140,14,14
26122,129,120,9,9
26123,102,94,8,8
26124,107,100,7,7
26125,107,106,1,1
26126,75,64,11,11
26127,108,101,7,7
26128,96,87,9,9
26129,80,83,-3,3
26130,73,74,-1,1
26131,129,123,6,6
26132,57,57,0,0
26133,92,87,5,5
26134,70,76,-6,6
26135,61,68,-7,7
26136,52,66,-14,14
26137,145,134,11,11
26138,74,78,-4,4
26139,75,71,4,4
26140,134,128,6,6
26141,105,107,-2,2
26142,108,94,14,14
26143,98,96,2,2
26144,96,85,11,11
26145,135,127,8,8
26146,103,101,2,2
26147,84,80,4,4
26148,132,121,11,11
26149,114,93,21,21
26150,87,78,9,9
26151,55,58,-3,3
26152,65,57,8,8
26153,48,54,-6,6
26154,64,64,0,0
26155,113,96,17,17
26156,137,123,14,14
26157,124,119,5,5
26158,47,50,-3,3
26159,103,93,10,10
26160,136,128,8,8
26161,80,77,3,3
26162,65,88,-23,23
26163,117,102,15,15
26164,113,113,0,0
26165,71,67,4,4
26166,132,136,-4,4
26167,102,83,19,19
26168,191,176,15,15
26169,127,113,14,14
26170,102,99,3,3
26171,104,95,9,9
26172,113,110,3,3
26173,74,88,-14,14
26174,143,135,8,8
26175,73,67,6,6
26176,143,136,7,7
26177,120,109,11,11
26178,95,91,4,4
26179,84,85,-1,1
26180,146,138,8,8
26181,70,67,3,3
26182,125,103,22,22
26183,79,78,1,1
26184,77,83,-6,6
26185,69,64,5,5
26186,100,96,4,4
26187,190,165,25,25
26188,90,89,1,1
26189,67,82,-15,15
26190,179,166,13,13
26191,68,78,-10,10
26192,79,92,-13,13
26193,149,130,19,19
26194,87,69,18,18
26195,58,83,-25,25
26196,176,178,-2,2
26197,67,66,1,1
26198,76,75,1,1
26199,127,119,8,8
26200,73,66,7,7
26201,68,67,1,1
26202,70,69,1,1
26203,101,88,13,13
26204,122,126,-4,4
26205,95,89,6,6
26206,90,86,4,4
26207,85,90,-5,5
26208,138,129,9,9
26209,115,112,3,3
26210,122,110,12,12
26211,59,57,2,2
26212,51,53,-2,2
26213,106,95,11,11
26214,110,108,2,2
26215,111,108,3,3
26216,62,78,-16,16
26217,93,78,15,15
26218,46,49,-3,3
26219,107,106,1,1
26220,144,128,16,16
26221,92,79,13,13
26222,92,89,3,3
26223,95,103,-8,8
26224,154,145,9,9
26225,54,53,1,1
26226,102,98,4,4
26227,61,67,-6,6
26228,109,113,-4,4
26229,155,128,27,27
26230,83,69,14,14
26231,79,79,0,0
26232,102,96,6,6
26233,133,110,23,23
26234,134,136,-2,2
26235,81,75,6,6
26236,151,141,10,10
26237,46,49,-3,3
26238,97,91,6,6
26239,62,56,6,6
26240,114,111,3,3
26241,83,85,-2,2
26242,114,104,10,10
26243,87,94,-7,7
26244,110,95,15,15
26245,232,223,9,9
26246,35,45,-10,10
26247,96,92,4,4
26248,87,91,-4,4
26249,52,54,-2,2
26250,89,82,7,7
26251,84,74,10,10
26252,84,83,1,1
26253,151,144,7,7
26254,51,54,-3,3
26255,112,97,15,15
26256,189,176,13,13
26257,68,68,0,0
26258,77,72,5,5
26259,62,64,-2,2
26260,112,111,1,1
26261,95,93,2,2
26262,81,83,-2,2
26263,108,94,14,14
26264,96,91,5,5
26265,58,53,5,5
26266,84,81,3,3
26267,116,101,15,15
26268,97,96,1,1
26269,92,85,7,7
26270,101,105,-4,4
26271,56,53,3,3
26272,74,77,-3,3
26273,115,102,13,13
26274,74,79,-5,5
26275,58,53,5,5
26276,129,125,4,4
26277,91,89,2,2
26278,59,52,7,7
26279,52,53,-1,1
26280,73,73,0,0
26281,69,61,8,8
26282,119,93,26,26
26283,126,113,13,13
26284,114,94,20,20
26285,100,105,-5,5
26286,86,82,4,4
26287,116,127,-11,11
26288,72,67,5,5
26289,61,64,-3,3
26290,83,71,12,12
26291,94,93,1,1
26292,90,93,-3,3
26293,93,94,-1,1
26294,31,41,-10,10
26295,163,151,12,12
26296,99,92,7,7
26297,46,52,-6,6
26298,55,56,-1,1
26299,75,80,-5,5
26300,72,76,-4,4
26301,107,95,12,12
26302,89,94,-5,5
26303,66,51,15,15
26304,67,71,-4,4
26305,145,143,2,2
26306,151,139,12,12
26307,153,131,22,22
26308,56,50,6,6
26309,97,98,-1,1
26310,162,154,8,8
26311,90,86,4,4
26312,106,94,12,12
26313,27,34,-7,7
26314,93,82,11,11
26315,105,100,5,5
26316,123,130,-7,7
26317,61,68,-7,7
26318,64,58,6,6
26319,109,108,1,1
26320,153,143,10,10
26321,81,74,7,7
26322,167,143,24,24
26323,100,92,8,8
26324,40,52,-12,12
26325,84,90,-6,6
26326,126,120,6,6
26327,69,68,1,1
26328,54,45,9,9
26329,41,46,-5,5
26330,86,91,-5,5
26331,71,64,7,7
26332,97,92,5,5
26333,131,125,6,6
26334,42,44,-2,2
26335,102,100,2,2
26336,83,85,-2,2
26337,187,168,19,19
26338,180,170,10,10
26339,73,75,-2,2
26340,108,125,-17,17
26341,57,64,-7,7
26342,121,111,10,10
26343,88,90,-2,2
26344,105,100,5,5
26345,80,88,-8,8
26346,86,92,-6,6
26347,124,117,7,7
26348,117,109,8,8
26349,112,103,9,9
26350,66,61,5,5
26351,94,99,-5,5
26352,107,106,1,1
26353,45,48,-3,3
26354,121,113,8,8
26355,82,76,6,6
26356,69,69,0,0
26357,160,144,16,16
26358,119,105,14,14
26359,58,59,-1,1
26360,100,96,4,4
26361,72,70,2,2
26362,67,67,0,0
26363,66,67,-1,1
26364,119,109,10,10
26365,138,140,-2,2
26366,65,63,2,2
26367,105,107,-2,2
26368,36,48,-12,12
26369,69,71,-2,2
26370,78,73,5,5
26371,131,114,17,17
26372,109,113,-4,4
26373,75,69,6,6
26374,63,59,4,4
26375,53,63,-10,10
26376,105,105,0,0
26377,64,71,-7,7
26378,70,75,-5,5
26379,26,34,-8,8
26380,181,165,16,16
26381,66,66,0,0
26382,130,136,-6,6
26383,122,118,4,4
26384,94,87,7,7
26385,124,122,2,2
26386,70,72,-2,2
26387,114,112,2,2
26388,93,85,8,8
26389,106,108,-2,2
26390,96,92,4,4
26391,90,91,-1,1
26392,118,115,3,3
26393,63,86,-23,23
26394,79,83,-4,4
26395,43,51,-8,8
26396,112,112,0,0
26397,45,65,-20,20
26398,114,118,-4,4
26399,107,96,11,11
26400,83,80,3,3
26401,40,46,-6,6
26402,98,97,1,1
26403,115,109,6,6
26404,92,98,-6,6
26405,131,134,-3,3
26406,106,87,19,19
26407,99,91,8,8
26408,67,65,2,2
26409,171,158,13,13
26410,128,113,15,15
26411,88,82,6,6
26412,56,60,-4,4
26413,113,103,10,10
26414,62,46,16,16
26415,81,70,11,11
26416,83,85,-2,2
26417,113,98,15,15
26418,100,100,0,0
26419,91,85,6,6
26420,79,86,-7,7
26421,156,142,14,14
26422,113,110,3,3
26423,67,78,-11,11
26424,129,116,13,13
26425,89,90,-1,1
26426,66,66,0,0
26427,102,105,-3,3
26428,131,124,7,7
26429,111,105,6,6
26430,47,48,-1,1
26431,37,46,-9,9
26432,92,92,0,0
26433,91,87,4,4
26434,101,97,4,4
26435,43,56,-13,13
26436,78,68,10,10
26437,102,101,1,1
26438,92,90,2,2
26439,96,99,-3,3
26440,109,106,3,3
26441,98,99,-1,1
26442,131,116,15,15
26443,104,108,-4,4
26444,96,121,-25,25
26445,98,94,4,4
26446,66,66,0,0
26447,75,75,0,0
26448,70,70,0,0
26449,49,52,-3,3
26450,110,95,15,15
26451,128,108,20,20
26452,50,47,3,3
26453,85,84,1,1
26454,59,54,5,5
26455,41,64,-23,23
26456,71,70,1,1
26457,117,106,11,11
26458,91,92,-1,1
26459,64,65,-1,1
26460,118,116,2,2
26461,43,47,-4,4
26462,134,122,12,12
26463,101,92,9,9
26464,109,94,15,15
26465,114,116,-2,2
26466,118,123,-5,5
26467,70,78,-8,8
26468,102,97,5,5
26469,157,154,3,3
26470,308,262,46,46
26471,104,111,-7,7
26472,106,92,14,14
26473,74,70,4,4
26474,148,135,13,13
26475,106,101,5,5
26476,74,72,2,2
26477,118,108,10,10
26478,114,113,1,1
26479,60,58,2,2
26480,135,117,18,18
26481,60,57,3,3
26482,62,66,-4,4
26483,120,119,1,1
26484,150,156,-6,6
26485,112,101,11,11
26486,87,85,2,2
26487,100,96,4,4
26488,52,61,-9,9
26489,82,81,1,1
26490,136,134,2,2
26491,65,65,0,0
26492,104,91,13,13
26493,134,124,10,10
26494,104,89,15,15
26495,119,116,3,3
26496,119,109,10,10
26497,60,71,-11,11
26498,155,149,6,6
26499,129,125,4,4
26500,46,49,-3,3
26501,58,57,1,1
26502,73,61,12,12
26503,114,98,16,16
26504,85,92,-7,7
26505,77,72,5,5
26506,89,80,9,9
26507,186,164,22,22
26508,74,69,5,5
26509,80,68,12,12
26510,108,105,3,3
26511,112,83,29,29
26512,38,38,0,0
26513,61,53,8,8
26514,109,99,10,10
26515,46,41,5,5
26516,139,124,15,15
26517,85,84,1,1
26518,97,87,10,10
26519,60,70,-10,10
26520,36,44,-8,8
26521,89,94,-5,5
26522,147,138,9,9
26523,94,80,14,14
26524,88,81,7,7
26525,120,107,13,13
26526,75,82,-7,7
26527,95,92,3,3
26528,90,85,5,5
26529,46,56,-10,10
26530,49,49,0,0
26531,145,134,11,11
26532,93,80,13,13
26533,48,45,3,3
26534,93,90,3,3
26535,76,70,6,6
26536,51,49,2,2
26537,102,92,10,10
26538,86,84,2,2
26539,88,81,7,7
26540,97,97,0,0
26541,139,126,13,13
26542,163,152,11,11
26543,91,97,-6,6
26544,139,121,18,18
26545,56,65,-9,9
26546,56,70,-14,14
26547,84,80,4,4
26548,85,86,-1,1
26549,55,59,-4,4
26550,82,78,4,4
26551,90,85,5,5
26552,102,89,13,13
26553,46,53,-7,7
26554,151,144,7,7
26555,90,81,9,9
26556,78,109,-31,31
26557,70,61,9,9
26558,126,111,15,15
26559,114,109,5,5
26560,135,114,21,21
26561,209,183,26,26
26562,163,149,14,14
26563,62,62,0,0
26564,79,91,-12,12
26565,90,83,7,7
26566,126,113,13,13
26567,161,142,19,19
26568,119,107,12,12
26569,65,77,-12,12
26570,75,101,-26,26
26571,94,84,10,10
26572,57,54,3,3
26573,60,58,2,2
26574,62,60,2,2
26575,61,65,-4,4
26576,174,162,12,12
26577,65,69,-4,4
26578,122,118,4,4
26579,103,117,-14,14
26580,66,66,0,0
26581,110,98,12,12
26582,59,65,-6,6
26583,120,106,14,14
26584,101,96,5,5
26585,94,87,7,7
26586,125,117,8,8
26587,76,72,4,4
26588,66,68,-2,2
26589,85,91,-6,6
26590,101,99,2,2
26591,79,77,2,2
26592,179,161,18,18
26593,73,79,-6,6
26594,97,99,-2,2
26595,40,59,-19,19
26596,75,72,3,3
26597,157,149,8,8
26598,77,78,-1,1
26599,108,111,-3,3
26600,129,117,12,12
26601,100,94,6,6
26602,76,90,-14,14
26603,40,41,-1,1
26604,72,74,-2,2
26605,81,76,5,5
26606,122,108,14,14
26607,77,68,9,9
26608,162,151,11,11
26609,52,51,1,1
26610,86,77,9,9
26611,61,52,9,9
26612,139,124,15,15
26613,122,112,10,10
26614,129,126,3,3
26615,64,66,-2,2
26616,53,56,-3,3
26617,163,144,19,19
26618,76,87,-11,11
26619,47,50,-3,3
26620,57,62,-5,5
26621,142,127,15,15
26622,89,77,12,12
26623,100,102,-2,2
26624,126,131,-5,5
26625,149,133,16,16
26626,102,93,9,9
26627,51,59,-8,8
26628,131,108,23,23
26629,113,107,6,6
26630,128,115,13,13
26631,84,74,10,10
26632,88,84,4,4
26633,96,91,5,5
26634,131,110,21,21
26635,142,134,8,8
26636,139,130,9,9
26637,62,67,-5,5
26638,162,162,0,0
26639,100,96,4,4
26640,94,90,4,4
26641,118,106,12,12
26642,140,120,20,20
26643,105,100,5,5
26644,54,63,-9,9
26645,80,79,1,1
26646,54,55,-1,1
26647,82,86,-4,4
26648,78,78,0,0
26649,81,78,3,3
26650,55,53,2,2
26651,142,145,-3,3
26652,152,137,15,15
26653,121,113,8,8
26654,109,103,6,6
26655,80,88,-8,8
26656,73,73,0,0
26657,154,118,36,36
26658,122,118,4,4
26659,85,82,3,3
26660,65,68,-3,3
26661,127,114,13,13
26662,44,45,-1,1
26663,90,92,-2,2
26664,115,109,6,6
26665,124,117,7,7
26666,148,147,1,1
26667,49,49,0,0
26668,77,76,1,1
26669,173,163,10,10
26670,68,74,-6,6
26671,149,145,4,4
26672,73,73,0,0
26673,54,50,4,4
26674,90,79,11,11
26675,73,73,0,0
26676,74,76,-2,2
26677,49,45,4,4
26678,79,72,7,7
26679,117,116,1,1
26680,57,65,-8,8
26681,123,110,13,13
26682,94,91,3,3
26683,124,100,24,24
26684,74,73,1,1
26685,63,64,-1,1
26686,116,102,14,14
26687,93,84,9,9
26688,115,116,-1,1
26689,64,66,-2,2
26690,117,118,-1,1
26691,74,77,-3,3
26692,49,45,4,4
26693,72,66,6,6
26694,86,86,0,0
26695,52,56,-4,4
26696,87,83,4,4
26697,152,145,7,7
26698,61,69,-8,8
26699,67,70,-3,3
26700,64,69,-5,5
26701,100,95,5,5
26702,135,114,21,21
26703,120,116,4,4
26704,124,110,14,14
26705,105,105,0,0
26706,144,142,2,2
26707,100,96,4,4
26708,80,83,-3,3
26709,73,85,-12,12
26710,82,81,1,1
26711,76,67,9,9
26712,115,110,5,5
26713,106,102,4,4
26714,125,124,1,1
26715,86,79,7,7
26716,94,89,5,5
26717,80,81,-1,1
26718,145,127,18,18
26719,122,110,12,12
26720,122,116,6,6
26721,115,111,4,4
26722,66,67,-1,1
26723,85,76,9,9
26724,95,100,-5,5
26725,110,97,13,13
26726,49,61,-12,12
26727,80,89,-9,9
26728,101,91,10,10
26729,77,76,1,1
26730,89,95,-6,6
26731,130,113,17,17
26732,106,117,-11,11
26733,56,51,5,5
26734,68,65,3,3
26735,152,139,13,13
26736,113,113,0,0
26737,98,93,5,5
26738,125,113,12,12
26739,71,67,4,4
26740,123,110,13,13
26741,97,78,19,19
26742,77,77,0,0
26743,56,63,-7,7
26744,127,117,10,10
26745,49,57,-8,8
26746,115,107,8,8
26747,61,63,-2,2
26748,97,92,5,5
26749,101,99,2,2
26750,77,79,-2,2
26751,117,124,-7,7
26752,90,98,-8,8
26753,120,112,8,8
26754,80,81,-1,1
26755,71,67,4,4
26756,54,55,-1,1
26757,80,82,-2,2
26758,110,104,6,6
26759,71,87,-16,16
26760,82,83,-1,1
26761,68,78,-10,10
26762,78,85,-7,7
26763,69,66,3,3
26764,87,88,-1,1
26765,94,84,10,10
26766,137,127,10,10
26767,57,60,-3,3
26768,56,56,0,0
26769,57,66,-9,9
26770,62,56,6,6
26771,63,71,-8,8
26772,165,153,12,12
26773,115,103,12,12
26774,133,126,7,7
26775,94,81,13,13
26776,107,105,2,2
26777,106,99,7,7
26778,112,113,-1,1
26779,93,92,1,1
26780,55,62,-7,7
26781,85,85,0,0
26782,41,45,-4,4
26783,120,108,12,12
26784,99,94,5,5
26785,83,71,12,12
26786,84,81,3,3
26787,110,101,9,9
26788,124,145,-21,21
26789,122,110,12,12
26790,38,41,-3,3
26791,120,110,10,10
26792,97,93,4,4
26793,61,66,-5,5
26794,113,113,0,0
26795,74,66,8,8
26796,79,74,5,5
26797,125,104,21,21
26798,81,77,4,4
26799,125,115,10,10
26800,123,119,4,4
26801,90,92,-2,2
26802,48,55,-7,7
26803,55,60,-5,5
26804,62,72,-10,10
26805,64,72,-8,8
26806,91,91,0,0
26807,145,141,4,4
26808,86,81,5,5
26809,66,73,-7,7
26810,116,124,-8,8
26811,76,74,2,2
26812,88,93,-5,5
26813,103,106,-3,3
26814,97,99,-2,2
26815,138,122,16,16
26816,75,74,1,1
26817,92,83,9,9
26818,149,143,6,6
26819,60,60,0,0
26820,108,106,2,2
26821,30,40,-10,10
26822,89,80,9,9
26823,49,54,-5,5
26824,97,88,9,9
26825,128,110,18,18
26826,96,91,5,5
26827,96,89,7,7
26828,63,55,8,8
26829,76,73,3,3
26830,106,103,3,3
26831,79,84,-5,5
26832,127,113,14,14
26833,45,50,-5,5
26834,105,108,-3,3
26835,90,83,7,7
26836,43,49,-6,6
26837,235,157,78,78
26838,50,57,-7,7
26839,111,101,10,10
26840,69,65,4,4
26841,52,134,-82,82
26842,105,103,2,2
26843,49,49,0,0
26844,66,71,-5,5
26845,64,68,-4,4
26846,75,69,6,6
26847,70,70,0,0
26848,96,87,9,9
26849,86,87,-1,1
26850,109,102,7,7
26851,357,204,153,153
26852,74,71,3,3
26853,96,99,-3,3
26854,101,101,0,0
26855,86,87,-1,1
26856,97,85,12,12
26857,47,45,2,2
26858,76,86,-10,10
26859,139,126,13,13
26860,127,121,6,6
26861,119,107,12,12
26862,133,124,9,9
26863,190,187,3,3
26864,119,106,13,13
26865,96,90,6,6
26866,31,38,-7,7
26867,94,105,-11,11
26868,112,124,-12,12
26869,104,98,6,6
26870,162,141,21,21
26871,128,117,11,11
26872,142,137,5,5
26873,107,75,32,32
26874,120,100,20,20
26875,57,63,-6,6
26876,157,142,15,15
26877,94,91,3,3
26878,109,114,-5,5
26879,58,67,-9,9
26880,108,91,17,17
26881,88,79,9,9
26882,123,122,1,1
26883,85,84,1,1
26884,136,141,-5,5
26885,72,74,-2,2
26886,77,76,1,1
26887,59,54,5,5
26888,154,139,15,15
26889,63,78,-15,15
26890,40,42,-2,2
26891,142,146,-4,4
26892,160,147,13,13
26893,68,62,6,6
26894,91,79,12,12
26895,77,81,-4,4
26896,135,130,5,5
26897,134,195,-61,61
26898,172,166,6,6
26899,131,154,-23,23
26900,86,88,-2,2
26901,67,69,-2,2
26902,55,54,1,1
26903,148,139,9,9
26904,66,71,-5,5
26905,120,99,21,21
26906,83,80,3,3
26907,101,90,11,11
26908,83,73,10,10
26909,106,120,-14,14
26910,99,97,2,2
26911,67,67,0,0
26912,130,125,5,5
26913,79,79,0,0
26914,43,48,-5,5
26915,146,130,16,16
26916,57,62,-5,5
26917,100,110,-10,10
26918,139,117,22,22
26919,114,96,18,18
26920,61,63,-2,2
26921,77,92,-15,15
26922,102,106,-4,4
26923,104,96,8,8
26924,145,144,1,1
26925,81,87,-6,6
26926,87,90,-3,3
26927,135,137,-2,2
26928,117,113,4,4
26929,82,71,11,11
26930,118,114,4,4
26931,106,110,-4,4
26932,123,118,5,5
26933,109,107,2,2
26934,66,67,-1,1
26935,86,85,1,1
26936,104,105,-1,1
26937,61,70,-9,9
26938,59,83,-24,24
26939,68,70,-2,2
26940,68,71,-3,3
26941,63,67,-4,4
26942,85,78,7,7
26943,135,134,1,1
26944,117,119,-2,2
26945,134,120,14,14
26946,104,101,3,3
26947,73,74,-1,1
26948,79,80,-1,1
26949,137,126,11,11
26950,106,93,13,13
26951,80,67,13,13
26952,175,154,21,21
26953,96,98,-2,2
26954,137,122,15,15
26955,119,111,8,8
26956,118,112,6,6
26957,135,129,6,6
26958,127,99,28,28
26959,103,101,2,2
26960,87,87,0,0
26961,90,69,21,21
26962,50,53,-3,3
26963,68,69,-1,1
26964,75,75,0,0
26965,150,151,-1,1
26966,107,93,14,14
26967,122,116,6,6
26968,48,47,1,1
26969,141,140,1,1
26970,96,92,4,4
26971,93,92,1,1
26972,85,80,5,5
26973,55,55,0,0
26974,51,54,-3,3
26975,99,94,5,5
26976,52,65,-13,13
26977,79,69,10,10
26978,110,105,5,5
26979,121,112,9,9
26980,37,39,-2,2
26981,92,91,1,1
26982,66,54,12,12
26983,148,119,29,29
26984,83,78,5,5
26985,175,161,14,14
26986,88,78,10,10
26987,110,102,8,8
26988,79,83,-4,4
26989,64,56,8,8
26990,124,111,13,13
26991,129,117,12,12
26992,91,88,3,3
26993,59,55,4,4
26994,49,63,-14,14
26995,132,125,7,7
26996,76,107,-31,31
26997,110,98,12,12
26998,61,60,1,1
26999,90,90,0,0
27000,126,118,8,8
27001,98,96,2,2
27002,59,55,4,4
27003,93,94,-1,1
27004,76,64,12,12
27005,75,67,8,8
27006,85,88,-3,3
27007,149,133,16,16
27008,89,84,5,5
27009,112,105,7,7
27010,88,79,9,9
27011,65,62,3,3
27012,86,83,3,3
27013,64,56,8,8
27014,81,90,-9,9
27015,86,85,1,1
27016,70,67,3,3
27017,150,125,25,25
27018,102,93,9,9
27019,92,80,12,12
27020,47,54,-7,7
27021,92,95,-3,3
27022,108,99,9,9
27023,85,85,0,0
27024,127,120,7,7
27025,114,108,6,6
27026,89,77,12,12
27027,98,100,-2,2
27028,47,45,2,2
27029,95,99,-4,4
27030,174,172,2,2
27031,74,71,3,3
27032,214,204,10,10
27033,35,44,-9,9
27034,202,197,5,5
27035,83,76,7,7
27036,125,110,15,15
27037,109,94,15,15
27038,54,60,-6,6
27039,56,53,3,3
27040,71,74,-3,3
27041,81,78,3,3
27042,78,77,1,1
27043,61,55,6,6
27044,77,74,3,3
27045,114,101,13,13
27046,59,58,1,1
27047,116,118,-2,2
27048,49,59,-10,10
27049,66,80,-14,14
27050,91,76,15,15
27051,98,93,5,5
27052,73,74,-1,1
27053,78,76,2,2
27054,105,105,0,0
27055,112,102,10,10
27056,84,86,-2,2
27057,78,66,12,12
27058,112,116,-4,4
27059,178,150,28,28
27060,134,132,2,2
27061,93,85,8,8
27062,99,96,3,3
27063,67,69,-2,2
27064,76,79,-3,3
27065,80,74,6,6
27066,74,70,4,4
27067,83,83,0,0
27068,99,109,-10,10
27069,70,61,9,9
27070,64,69,-5,5
27071,128,117,11,11
27072,93,80,13,13
27073,65,64,1,1
27074,40,46,-6,6
27075,133,123,10,10
27076,97,98,-1,1
27077,89,93,-4,4
27078,73,74,-1,1
27079,102,90,12,12
27080,62,58,4,4
27081,91,90,1,1
27082,147,133,14,14
27083,70,68,2,2
27084,71,69,2,2
27085,86,86,0,0
27086,62,60,2,2
27087,104,89,15,15
27088,72,68,4,4
27089,52,51,1,1
27090,38,47,-9,9
27091,67,68,-1,1
27092,196,181,15,15
27093,47,45,2,2
27094,51,56,-5,5
27095,88,83,5,5
27096,96,92,4,4
27097,42,46,-4,4
27098,101,100,1,1
27099,105,97,8,8
27100,70,66,4,4
27101,87,99,-12,12
27102,120,119,1,1
27103,71,67,4,4
27104,118,108,10,10
27105,71,81,-10,10
27106,101,108,-7,7
27107,80,74,6,6
27108,107,94,13,13
27109,87,78,9,9
27110,60,67,-7,7
27111,56,48,8,8
27112,79,79,0,0
27113,148,139,9,9
27114,75,73,2,2
27115,53,54,-1,1
27116,88,86,2,2
27117,104,123,-19,19
27118,77,70,7,7
27119,53,53,0,0
27120,114,111,3,3
27121,74,69,5,5
27122,73,84,-11,11
27123,127,113,14,14
27124,81,74,7,7
27125,127,126,1,1
27126,139,125,14,14
27127,78,75,3,3
27128,79,76,3,3
27129,115,103,12,12
27130,125,108,17,17
27131,141,134,7,7
27132,127,107,20,20
27133,105,103,2,2
27134,57,62,-5,5
27135,99,99,0,0
27136,91,85,6,6
27137,98,84,14,14
27138,114,122,-8,8
27139,74,71,3,3
27140,143,123,20,20
27141,68,72,-4,4
27142,159,144,15,15
27143,69,68,1,1
27144,72,66,6,6
27145,48,51,-3,3
27146,110,107,3,3
27147,86,83,3,3
27148,72,74,-2,2
27149,80,72,8,8
27150,70,71,-1,1
27151,37,42,-5,5
27152,79,75,4,4
27153,53,50,3,3
27154,82,78,4,4
27155,55,63,-8,8
27156,72,75,-3,3
27157,104,98,6,6
27158,81,80,1,1
27159,131,131,0,0
27160,110,117,-7,7
27161,70,72,-2,2
27162,96,99,-3,3
27163,56,66,-10,10
27164,76,80,-4,4
27165,87,87,0,0
27166,100,90,10,10
27167,51,52,-1,1
27168,67,66,1,1
27169,50,54,-4,4
27170,72,87,-15,15
27171,69,70,-1,1
27172,96,96,0,0
27173,90,80,10,10
27174,84,85,-1,1
27175,136,134,2,2
27176,83,78,5,5
27177,93,94,-1,1
27178,130,142,-12,12
27179,111,104,7,7
27180,107,115,-8,8
27181,112,115,-3,3
27182,27,28,-1,1
27183,156,137,19,19
27184,102,88,14,14
27185,122,119,3,3
27186,114,105,9,9
27187,39,46,-7,7
27188,137,127,10,10
27189,86,81,5,5
27190,83,77,6,6
27191,148,136,12,12
27192,108,104,4,4
27193,102,94,8,8
27194,95,91,4,4
27195,52,64,-12,12
27196,78,81,-3,3
27197,99,96,3,3
27198,124,123,1,1
27199,94,99,-5,5
27200,120,120,0,0
27201,102,102,0,0
27202,128,124,4,4
27203,64,57,7,7
27204,78,76,2,2
27205,65,74,-9,9
27206,128,128,0,0
27207,88,80,8,8
27208,63,70,-7,7
27209,86,90,-4,4
27210,102,99,3,3
27211,120,93,27,27
27212,95,102,-7,7
27213,83,80,3,3
27214,96,104,-8,8
27215,75,75,0,0
27216,50,50,0,0
27217,69,67,2,2
27218,118,104,14,14
27219,103,104,-1,1
27220,88,89,-1,1
27221,83,82,1,1
27222,113,102,11,11
27223,89,80,9,9
27224,92,86,6,6
27225,96,96,0,0
27226,97,116,-19,19
27227,57,52,5,5
27228,70,73,-3,3
27229,79,86,-7,7
27230,81,80,1,1
27231,106,100,6,6
27232,178,161,17,17
27233,141,136,5,5
27234,97,91,6,6
27235,152,148,4,4
27236,82,78,4,4
27237,62,56,6,6
27238,69,73,-4,4
27239,145,136,9,9
27240,80,75,5,5
27241,124,118,6,6
27242,128,127,1,1
27243,147,129,18,18
27244,181,180,1,1
27245,92,93,-1,1
27246,48,48,0,0
27247,144,139,5,5
27248,54,63,-9,9
27249,116,107,9,9
27250,106,94,12,12
27251,72,69,3,3
27252,139,126,13,13
27253,153,149,4,4
27254,105,92,13,13
27255,152,137,15,15
27256,137,114,23,23
27257,123,123,0,0
27258,49,57,-8,8
27259,80,74,6,6
27260,63,50,13,13
27261,35,65,-30,30
27262,53,54,-1,1
27263,80,83,-3,3
27264,56,51,5,5
27265,143,142,1,1
27266,160,146,14,14
27267,98,93,5,5
27268,98,85,13,13
27269,83,83,0,0
27270,117,123,-6,6
27271,143,136,7,7
27272,91,93,-2,2
27273,60,66,-6,6
27274,106,98,8,8
27275,33,43,-10,10
27276,65,65,0,0
27277,79,73,6,6
27278,47,46,1,1
27279,78,75,3,3
27280,108,106,2,2
27281,59,64,-5,5
27282,75,79,-4,4
27283,130,125,5,5
27284,75,82,-7,7
27285,89,87,2,2
27286,85,76,9,9
27287,127,117,10,10
27288,71,79,-8,8
27289,103,96,7,7
27290,40,42,-2,2
27291,57,68,-11,11
27292,142,133,9,9
27293,61,69,-8,8
27294,77,71,6,6
27295,95,97,-2,2
27296,90,71,19,19
27297,101,99,2,2
27298,64,58,6,6
27299,154,127,27,27
27300,90,86,4,4
27301,103,99,4,4
27302,134,124,10,10
27303,96,78,18,18
27304,48,50,-2,2
27305,88,80,8,8
27306,126,118,8,8
27307,80,72,8,8
27308,66,65,1,1
27309,43,42,1,1
27310,71,66,5,5
27311,102,95,7,7
27312,78,74,4,4
27313,99,94,5,5
27314,110,104,6,6
27315,105,99,6,6
27316,103,108,-5,5
27317,103,98,5,5
27318,62,81,-19,19
27319,92,94,-2,2
27320,68,75,-7,7
27321,94,93,1,1
27322,97,96,1,1
27323,50,63,-13,13
27324,46,62,-16,16
27325,76,68,8,8
27326,127,103,24,24
27327,55,57,-2,2
27328,62,60,2,2
27329,114,112,2,2
27330,70,64,6,6
27331,110,106,4,4
27332,115,112,3,3
27333,102,89,13,13
27334,105,109,-4,4
27335,99,89,10,10
27336,122,119,3,3
27337,69,71,-2,2
27338,69,60,9,9
27339,79,76,3,3
27340,67,72,-5,5
27341,76,71,5,5
27342,54,52,2,2
27343,96,91,5,5
27344,90,85,5,5
27345,73,67,6,6
27346,76,78,-2,2
27347,48,53,-5,5
27348,104,108,-4,4
27349,64,68,-4,4
27350,76,75,1,1
27351,106,102,4,4
27352,58,57,1,1
27353,118,119,-1,1
27354,78,79,-1,1
27355,119,114,5,5
27356,64,66,-2,2
27357,144,110,34,34
27358,112,98,14,14
27359,60,60,0,0
27360,58,84,-26,26
27361,148,159,-11,11
27362,70,64,6,6
27363,193,170,23,23
27364,90,90,0,0
27365,50,49,1,1
27366,94,87,7,7
27367,114,101,13,13
27368,57,64,-7,7
27369,72,84,-12,12
27370,97,81,16,16
27371,121,112,9,9
27372,96,89,7,7
27373,78,80,-2,2
27374,124,128,-4,4
27375,156,148,8,8
27376,103,93,10,10
27377,117,116,1,1
27378,75,63,12,12
27379,101,100,1,1
27380,45,45,0,0
27381,60,60,0,0
27382,124,123,1,1
27383,129,122,7,7
27384,90,89,1,1
27385,79,84,-5,5
27386,64,65,-1,1
27387,87,92,-5,5
27388,138,132,6,6
27389,106,104,2,2
27390,96,94,2,2
27391,124,119,5,5
27392,78,72,6,6
27393,99,91,8,8
27394,208,167,41,41
27395,111,103,8,8
27396,107,96,11,11
27397,92,82,10,10
27398,87,77,10,10
27399,108,116,-8,8
27400,70,60,10,10
27401,115,112,3,3
27402,86,89,-3,3
27403,86,78,8,8
27404,165,159,6,6
27405,59,94,-35,35
27406,111,115,-4,4
27407,196,170,26,26
27408,99,95,4,4
27409,121,92,29,29
27410,57,52,5,5
27411,78,74,4,4
27412,98,95,3,3
27413,90,81,9,9
27414,89,90,-1,1
27415,97,88,9,9
27416,77,75,2,2
27417,78,74,4,4
27418,95,101,-6,6
27419,98,95,3,3
27420,126,112,14,14
27421,107,109,-2,2
27422,83,81,2,2
27423,129,126,3,3
27424,93,93,0,0
27425,210,174,36,36
27426,112,107,5,5
27427,51,51,0,0
27428,93,80,13,13
27429,61,70,-9,9
27430,76,83,-7,7
27431,107,104,3,3
27432,115,95,20,20
27433,106,106,0,0
27434,77,77,0,0
27435,102,103,-1,1
27436,54,62,-8,8
27437,81,72,9,9
27438,64,76,-12,12
27439,134,126,8,8
27440,124,116,8,8
27441,49,53,-4,4
27442,90,97,-7,7
27443,72,64,8,8
27444,76,78,-2,2
27445,114,104,10,10
27446,59,68,-9,9
27447,97,108,-11,11
27448,96,90,6,6
27449,177,137,40,40
27450,111,104,7,7
27451,105,106,-1,1
27452,78,86,-8,8
27453,85,93,-8,8
27454,71,68,3,3
27455,114,111,3,3
27456,78,79,-1,1
27457,164,155,9,9
27458,75,78,-3,3
27459,128,120,8,8
27460,105,115,-10,10
27461,75,71,4,4
27462,87,86,1,1
27463,104,93,11,11
27464,130,121,9,9
27465,101,101,0,0
27466,81,80,1,1
27467,75,72,3,3
27468,115,108,7,7
27469,80,71,9,9
27470,54,64,-10,10
27471,93,95,-2,2
27472,142,116,26,26
27473,41,46,-5,5
27474,78,79,-1,1
27475,62,64,-2,2
27476,68,77,-9,9
27477,45,54,-9,9
27478,99,93,6,6
27479,92,84,8,8
27480,88,76,12,12
27481,134,135,-1,1
27482,112,103,9,9
27483,97,99,-2,2
27484,131,133,-2,2
27485,71,67,4,4
27486,39,42,-3,3
27487,68,68,0,0
27488,47,46,1,1
27489,60,57,3,3
27490,151,125,26,26
27491,81,72,9,9
27492,104,93,11,11
27493,99,102,-3,3
27494,103,96,7,7
27495,84,82,2,2
27496,92,91,1,1
27497,108,108,0,0
27498,124,115,9,9
27499,68,73,-5,5
27500,107,97,10,10
27501,97,83,14,14
27502,108,99,9,9
27503,54,57,-3,3
27504,75,74,1,1
27505,43,47,-4,4
27506,105,107,-2,2
27507,103,109,-6,6
27508,85,90,-5,5
27509,121,114,7,7
27510,85,84,1,1
27511,102,92,10,10
27512,113,116,-3,3
27513,70,73,-3,3
27514,120,109,11,11
27515,106,95,11,11
27516,72,76,-4,4
27517,89,88,1,1
27518,90,84,6,6
27519,52,50,2,2
27520,78,77,1,1
27521,88,92,-4,4
27522,290,234,56,56
27523,98,91,7,7
27524,94,95,-1,1
27525,130,115,15,15
27526,50,67,-17,17
27527,102,94,8,8
27528,72,73,-1,1
27529,79,72,7,7
27530,101,101,0,0
27531,88,77,11,11
27532,75,77,-2,2
27533,109,117,-8,8
27534,68,69,-1,1
27535,117,109,8,8
27536,112,111,1,1
27537,149,134,15,15
27538,94,100,-6,6
27539,73,72,1,1
27540,86,79,7,7
27541,68,75,-7,7
27542,94,88,6,6
27543,96,95,1,1
27544,86,106,-20,20
27545,84,82,2,2
27546,98,86,12,12
27547,149,134,15,15
27548,92,90,2,2
27549,72,65,7,7
27550,108,105,3,3
27551,85,94,-9,9
27552,92,89,3,3
27553,72,77,-5,5
27554,73,76,-3,3
27555,91,91,0,0
27556,167,166,1,1
27557,78,86,-8,8
27558,50,63,-13,13
27559,96,80,16,16
27560,105,102,3,3
27561,102,101,1,1
27562,106,93,13,13
27563,138,123,15,15
27564,123,119,4,4
27565,76,71,5,5
27566,95,90,5,5
27567,87,83,4,4
27568,154,145,9,9
27569,75,73,2,2
27570,137,123,14,14
27571,98,82,16,16
27572,96,96,0,0
27573,68,69,-1,1
27574,66,73,-7,7
27575,96,96,0,0
27576,99,96,3,3
27577,53,65,-12,12
27578,36,60,-24,24
27579,79,88,-9,9
27580,108,103,5,5
27581,20,27,-7,7
27582,95,92,3,3
27583,78,78,0,0
27584,114,110,4,4
27585,89,96,-7,7
27586,118,132,-14,14
27587,163,145,18,18
27588,64,62,2,2
27589,50,43,7,7
27590,65,65,0,0
27591,91,85,6,6
27592,126,123,3,3
27593,96,92,4,4
27594,115,106,9,9
27595,114,110,4,4
27596,139,115,24,24
27597,45,60,-15,15
27598,155,150,5,5
27599,77,71,6,6
27600,105,87,18,18
27601,156,125,31,31
27602,90,88,2,2
27603,105,93,12,12
27604,36,46,-10,10
27605,134,136,-2,2
27606,111,117,-6,6
27607,61,53,8,8
27608,97,93,4,4
27609,76,75,1,1
27610,81,83,-2,2
27611,71,69,2,2
27612,99,89,10,10
27613,98,96,2,2
27614,89,82,7,7
27615,153,140,13,13
27616,110,108,2,2
27617,61,64,-3,3
27618,72,78,-6,6
27619,107,101,6,6
27620,107,104,3,3
27621,116,106,10,10
27622,116,107,9,9
27623,71,70,1,1
27624,95,93,2,2
27625,99,99,0,0
27626,59,54,5,5
27627,107,122,-15,15
27628,130,117,13,13
27629,95,76,19,19
27630,165,141,24,24
27631,171,147,24,24
27632,93,98,-5,5
27633,79,85,-6,6
27634,175,158,17,17
27635,121,117,4,4
27636,155,149,6,6
27637,174,167,7,7
27638,81,69,12,12
27639,57,53,4,4
27640,180,149,31,31
27641,116,108,8,8
27642,162,151,11,11
27643,77,76,1,1
27644,78,74,4,4
27645,111,103,8,8
27646,87,80,7,7
27647,37,45,-8,8
27648,176,162,14,14
27649,69,74,-5,5
27650,72,76,-4,4
27651,91,89,2,2
27652,102,100,2,2
27653,81,80,1,1
27654,142,136,6,6
27655,189,164,25,25
27656,200,175,25,25
27657,61,65,-4,4
27658,89,85,4,4
27659,94,95,-1,1
27660,88,85,3,3
27661,85,77,8,8
27662,88,85,3,3
27663,52,54,-2,2
27664,61,81,-20,20
27665,79,73,6,6
27666,141,126,15,15
27667,83,77,6,6
27668,112,141,-29,29
27669,123,116,7,7
27670,54,52,2,2
27671,66,64,2,2
27672,117,111,6,6
27673,73,73,0,0
27674,70,80,-10,10
27675,66,62,4,4
27676,105,114,-9,9
27677,77,77,0,0
27678,100,95,5,5
27679,167,142,25,25
27680,73,68,5,5
27681,130,122,8,8
27682,87,70,17,17
27683,85,77,8,8
27684,69,70,-1,1
27685,73,73,0,0
27686,77,79,-2,2
27687,138,131,7,7
27688,80,84,-4,4
27689,55,52,3,3
27690,117,101,16,16
27691,110,104,6,6
27692,60,58,2,2
27693,96,85,11,11
27694,85,75,10,10
27695,106,112,-6,6
27696,94,91,3,3
27697,69,76,-7,7
27698,125,123,2,2
27699,179,158,21,21
27700,86,82,4,4
27701,129,124,5,5
27702,82,84,-2,2
27703,91,79,12,12
27704,150,141,9,9
27705,57,63,-6,6
27706,70,67,3,3
27707,134,120,14,14
27708,71,74,-3,3
27709,74,81,-7,7
27710,83,80,3,3
27711,82,95,-13,13
27712,70,69,1,1
27713,82,88,-6,6
27714,52,58,-6,6
27715,93,83,10,10
27716,54,63,-9,9
27717,136,127,9,9
27718,72,71,1,1
27719,86,108,-22,22
27720,108,109,-1,1
27721,93,85,8,8
27722,57,72,-15,15
27723,78,78,0,0
27724,130,116,14,14
27725,83,86,-3,3
27726,116,96,20,20
27727,103,89,14,14
27728,79,78,1,1
27729,43,44,-1,1
27730,100,97,3,3
27731,77,73,4,4
27732,127,120,7,7
27733,83,78,5,5
27734,134,142,-8,8
27735,108,91,17,17
27736,122,109,13,13
27737,86,86,0,0
27738,71,69,2,2
27739,111,103,8,8
27740,132,114,18,18
27741,200,186,14,14
27742,77,74,3,3
27743,131,111,20,20
27744,75,78,-3,3
27745,66,64,2,2
27746,83,80,3,3
27747,155,137,18,18
27748,104,88,16,16
27749,85,79,6,6
27750,149,129,20,20
27751,198,233,-35,35
27752,68,79,-11,11
27753,143,105,38,38
27754,118,107,11,11
27755,75,76,-1,1
27756,150,167,-17,17
27757,52,53,-1,1
27758,153,145,8,8
27759,88,98,-10,10
27760,101,113,-12,12
27761,74,68,6,6
27762,102,96,6,6
27763,140,129,11,11
27764,71,63,8,8
27765,110,90,20,20
27766,110,109,1,1
27767,63,65,-2,2
27768,66,69,-3,3
27769,49,53,-4,4
27770,54,53,1,1
27771,86,84,2,2
27772,58,56,2,2
27773,54,58,-4,4
27774,60,65,-5,5
27775,77,74,3,3
27776,70,76,-6,6
27777,91,88,3,3
27778,112,110,2,2
27779,89,86,3,3
27780,80,74,6,6
27781,95,93,2,2
27782,98,86,12,12
27783,91,89,2,2
27784,117,113,4,4
27785,76,79,-3,3
27786,126,147,-21,21
27787,131,116,15,15
27788,65,69,-4,4
27789,90,82,8,8
27790,77,74,3,3
27791,114,110,4,4
27792,88,81,7,7
27793,90,86,4,4
27794,84,89,-5,5
27795,135,118,17,17
27796,95,87,8,8
27797,94,101,-7,7
27798,106,97,9,9
27799,75,68,7,7
27800,115,109,6,6
27801,143,138,5,5
27802,60,56,4,4
27803,68,65,3,3
27804,73,68,5,5
27805,168,141,27,27
27806,99,99,0,0
27807,108,102,6,6
27808,77,85,-8,8
27809,60,53,7,7
27810,79,71,8,8
27811,103,114,-11,11
27812,120,121,-1,1
27813,137,143,-6,6
27814,80,89,-9,9
27815,78,77,1,1
27816,49,58,-9,9
27817,97,103,-6,6
27818,104,103,1,1
27819,172,156,16,16
27820,154,145,9,9
27821,93,93,0,0
27822,103,92,11,11
27823,51,54,-3,3
27824,72,72,0,0
27825,81,82,-1,1
27826,69,64,5,5
27827,111,100,11,11
27828,106,104,2,2
27829,143,126,17,17
27830,46,45,1,1
27831,118,120,-2,2
27832,136,116,20,20
27833,103,92,11,11
27834,115,117,-2,2
27835,100,92,8,8
27836,130,116,14,14
27837,146,129,17,17
27838,106,100,6,6
27839,160,152,8,8
27840,151,112,39,39
27841,111,103,8,8
27842,132,115,17,17
27843,70,61,9,9
27844,95,92,3,3
27845,113,107,6,6
27846,100,121,-21,21
27847,84,73,11,11
27848,144,123,21,21
27849,75,77,-2,2
27850,127,124,3,3
27851,35,43,-8,8
27852,48,61,-13,13
27853,52,53,-1,1
27854,110,108,2,2
27855,109,105,4,4
27856,72,74,-2,2
27857,99,93,6,6
27858,58,52,6,6
27859,81,71,10,10
27860,96,83,13,13
27861,71,68,3,3
27862,122,100,22,22
27863,151,139,12,12
27864,92,87,5,5
27865,69,69,0,0
27866,111,102,9,9
27867,106,97,9,9
27868,122,118,4,4
27869,100,82,18,18
27870,62,64,-2,2
27871,77,73,4,4
27872,111,106,5,5
27873,68,75,-7,7
27874,97,88,9,9
27875,118,88,30,30
27876,118,116,2,2
27877,97,103,-6,6
27878,78,80,-2,2
27879,146,137,9,9
27880,99,96,3,3
27881,76,71,5,5
27882,64,58,6,6
27883,48,51,-3,3
27884,89,86,3,3
27885,59,59,0,0
27886,74,77,-3,3
27887,72,74,-2,2
27888,83,77,6,6
27889,83,68,15,15
27890,97,97,0,0
27891,100,91,9,9
27892,181,177,4,4
27893,37,37,0,0
27894,64,66,-2,2
27895,84,74,10,10
27896,68,66,2,2
27897,54,52,2,2
27898,85,82,3,3
27899,75,76,-1,1
27900,98,91,7,7
27901,147,130,17,17
27902,138,132,6,6
27903,61,61,0,0
27904,83,89,-6,6
27905,158,135,23,23
27906,119,109,10,10
27907,88,82,6,6
27908,119,113,6,6
27909,118,101,17,17
27910,68,67,1,1
27911,49,54,-5,5
27912,112,98,14,14
27913,113,103,10,10
27914,83,88,-5,5
27915,81,85,-4,4
27916,31,38,-7,7
27917,87,76,11,11
27918,144,133,11,11
27919,133,137,-4,4
27920,137,131,6,6
27921,95,96,-1,1
27922,80,78,2,2
27923,109,103,6,6
27924,90,91,-1,1
27925,70,66,4,4
27926,66,71,-5,5
27927,81,69,12,12
27928,156,148,8,8
27929,70,76,-6,6
27930,95,100,-5,5
27931,109,93,16,16
27932,61,106,-45,45
27933,40,40,0,0
27934,138,142,-4,4
27935,96,87,9,9
27936,53,63,-10,10
27937,85,89,-4,4
27938,137,121,16,16
27939,113,108,5,5
27940,127,120,7,7
27941,77,70,7,7
27942,66,71,-5,5
27943,36,41,-5,5
27944,83,84,-1,1
27945,120,103,17,17
27946,55,64,-9,9
27947,61,68,-7,7
27948,68,64,4,4
27949,93,93,0,0
27950,173,165,8,8
27951,58,65,-7,7
27952,75,77,-2,2
27953,83,72,11,11
27954,141,145,-4,4
27955,67,66,1,1
27956,35,48,-13,13
27957,63,68,-5,5
27958,52,54,-2,2
27959,183,166,17,17
27960,52,50,2,2
27961,72,67,5,5
27962,77,79,-2,2
27963,61,58,3,3
27964,124,109,15,15
27965,78,78,0,0
27966,123,119,4,4
27967,122,116,6,6
27968,88,89,-1,1
27969,74,77,-3,3
27970,66,67,-1,1
27971,69,78,-9,9
27972,92,89,3,3
27973,79,74,5,5
27974,45,67,-22,22
27975,115,116,-1,1
27976,143,135,8,8
27977,99,100,-1,1
27978,129,130,-1,1
27979,103,101,2,2
27980,90,97,-7,7
27981,88,87,1,1
27982,123,121,2,2
27983,175,147,28,28
27984,95,87,8,8
27985,105,103,2,2
27986,65,69,-4,4
27987,66,59,7,7
27988,137,121,16,16
27989,84,85,-1,1
27990,110,102,8,8
27991,118,105,13,13
27992,114,110,4,4
27993,97,107,-10,10
27994,90,84,6,6
27995,124,121,3,3
27996,158,155,3,3
27997,67,88,-21,21
27998,96,90,6,6
27999,97,92,5,5
28000,108,100,8,8
28001,106,101,5,5
28002,56,52,4,4
28003,69,68,1,1
28004,41,49,-8,8
28005,67,64,3,3
28006,172,164,8,8
28007,53,54,-1,1
28008,94,84,10,10
28009,121,114,7,7
28010,97,85,12,12
28011,91,98,-7,7
28012,117,96,21,21
28013,125,138,-13,13
28014,59,58,1,1
28015,114,101,13,13
28016,87,80,7,7
28017,106,103,3,3
28018,77,76,1,1
28019,135,114,21,21
28020,145,123,22,22
28021,72,72,0,0
28022,53,63,-10,10
28023,149,133,16,16
28024,101,100,1,1
28025,76,62,14,14
28026,87,95,-8,8
28027,73,69,4,4
28028,107,102,5,5
28029,67,65,2,2
28030,67,74,-7,7
28031,80,80,0,0
28032,91,88,3,3
28033,91,88,3,3
28034,104,109,-5,5
28035,66,56,10,10
28036,90,87,3,3
28037,71,76,-5,5
28038,118,98,20,20
28039,87,92,-5,5
28040,68,69,-1,1
28041,114,117,-3,3
28042,117,117,0,0
28043,130,116,14,14
28044,134,138,-4,4
28045,125,121,4,4
28046,74,69,5,5
28047,88,81,7,7
28048,56,68,-12,12
28049,116,104,12,12
28050,145,135,10,10
28051,75,68,7,7
28052,71,83,-12,12
28053,50,52,-2,2
28054,97,95,2,2
28055,55,49,6,6
28056,52,48,4,4
28057,154,121,33,33
28058,132,119,13,13
28059,180,159,21,21
28060,68,67,1,1
28061,86,86,0,0
28062,147,145,2,2
28063,68,83,-15,15
28064,80,76,4,4
28065,98,86,12,12
28066,109,113,-4,4
28067,88,88,0,0
28068,78,83,-5,5
28069,86,74,12,12
28070,42,45,-3,3
28071,74,86,-12,12
28072,137,130,7,7
28073,110,102,8,8
28074,76,85,-9,9
28075,64,66,-2,2
28076,150,132,18,18
28077,116,101,15,15
28078,74,74,0,0
28079,69,64,5,5
28080,55,50,5,5
28081,114,118,-4,4
28082,178,171,7,7
28083,78,73,5,5
28084,71,68,3,3
28085,80,85,-5,5
28086,119,126,-7,7
28087,59,64,-5,5
28088,75,64,11,11
28089,77,88,-11,11
28090,64,71,-7,7
28091,118,105,13,13
28092,141,133,8,8
28093,144,146,-2,2
28094,118,113,5,5
28095,90,74,16,16
28096,96,93,3,3
28097,107,101,6,6
28098,141,143,-2,2
28099,71,58,13,13
28100,94,84,10,10
28101,196,171,25,25
28102,93,100,-7,7
28103,122,101,21,21
28104,78,79,-1,1
28105,83,99,-16,16
28106,84,77,7,7
28107,65,61,4,4
28108,165,158,7,7
28109,116,125,-9,9
28110,91,77,14,14
28111,69,68,1,1
28112,87,75,12,12
28113,94,96,-2,2
28114,113,104,9,9
28115,169,164,5,5
28116,112,97,15,15
28117,85,84,1,1
28118,113,101,12,12
28119,145,130,15,15
28120,53,55,-2,2
28121,97,93,4,4
28122,102,105,-3,3
28123,107,115,-8,8
28124,88,81,7,7
28125,76,74,2,2
28126,46,50,-4,4
28127,83,84,-1,1
28128,99,91,8,8
28129,118,114,4,4
28130,85,76,9,9
28131,112,114,-2,2
28132,120,103,17,17
28133,246,212,34,34
28134,124,109,15,15
28135,64,69,-5,5
28136,118,106,12,12
28137,118,109,9,9
28138,78,77,1,1
28139,74,78,-4,4
28140,86,80,6,6
28141,90,75,15,15
28142,132,140,-8,8
28143,125,116,9,9
28144,70,68,2,2
28145,69,64,5,5
28146,119,112,7,7
28147,144,133,11,11
28148,172,156,16,16
28149,83,80,3,3
28150,99,87,12,12
28151,104,100,4,4
28152,127,117,10,10
28153,78,70,8,8
28154,110,96,14,14
28155,53,53,0,0
28156,79,85,-6,6
28157,47,42,5,5
28158,123,114,9,9
28159,132,127,5,5
28160,104,104,0,0
28161,127,122,5,5
28162,105,86,19,19
28163,65,71,-6,6
28164,100,98,2,2
28165,192,161,31,31
28166,61,85,-24,24
28167,106,110,-4,4
28168,38,68,-30,30
28169,186,157,29,29
28170,166,147,19,19
28171,122,110,12,12
28172,141,135,6,6
28173,122,128,-6,6
28174,39,60,-21,21
28175,117,116,1,1
28176,128,120,8,8
28177,148,138,10,10
28178,118,110,8,8
28179,96,93,3,3
28180,72,77,-5,5
28181,76,68,8,8
28182,63,60,3,3
28183,84,88,-4,4
28184,102,96,6,6
28185,75,72,3,3
28186,92,91,1,1
28187,69,65,4,4
28188,94,83,11,11
28189,70,65,5,5
28190,112,98,14,14
28191,87,72,15,15
28192,68,67,1,1
28193,123,133,-10,10
28194,81,65,16,16
28195,116,125,-9,9
28196,82,86,-4,4
28197,149,127,22,22
28198,60,72,-12,12
28199,59,67,-8,8
28200,110,93,17,17
28201,89,121,-32,32
28202,114,112,2,2
28203,128,117,11,11
28204,57,64,-7,7
28205,77,81,-4,4
28206,85,83,2,2
28207,194,191,3,3
28208,72,88,-16,16
28209,75,78,-3,3
28210,57,83,-26,26
28211,165,147,18,18
28212,99,96,3,3
28213,84,83,1,1
28214,89,90,-1,1
28215,64,67,-3,3
28216,115,120,-5,5
28217,81,84,-3,3
28218,96,101,-5,5
28219,134,131,3,3
28220,74,71,3,3
28221,121,136,-15,15
28222,81,90,-9,9
28223,58,57,1,1
28224,77,67,10,10
28225,97,92,5,5
28226,66,63,3,3
28227,104,101,3,3
28228,112,110,2,2
28229,59,58,1,1
28230,151,133,18,18
28231,111,98,13,13
28232,133,125,8,8
28233,76,78,-2,2
28234,93,97,-4,4
28235,76,75,1,1
28236,85,79,6,6
28237,151,147,4,4
28238,76,77,-1,1
28239,79,73,6,6
28240,172,181,-9,9
28241,148,132,16,16
28242,89,87,2,2
28243,87,78,9,9
28244,128,121,7,7
28245,71,67,4,4
28246,72,66,6,6
28247,77,78,-1,1
28248,100,92,8,8
28249,107,104,3,3
28250,86,81,5,5
28251,81,70,11,11
28252,93,89,4,4
28253,56,52,4,4
28254,138,122,16,16
28255,77,80,-3,3
28256,175,164,11,11
28257,72,70,2,2
28258,93,90,3,3
28259,92,83,9,9
28260,104,115,-11,11
28261,132,112,20,20
28262,81,82,-1,1
28263,71,74,-3,3
28264,140,138,2,2
28265,102,97,5,5
28266,53,55,-2,2
28267,87,87,0,0
28268,147,139,8,8
28269,93,101,-8,8
28270,65,66,-1,1
28271,154,139,15,15
28272,222,196,26,26
28273,107,96,11,11
28274,81,74,7,7
28275,59,64,-5,5
28276,63,61,2,2
28277,100,96,4,4
28278,89,79,10,10
28279,70,64,6,6
28280,90,90,0,0
28281,135,134,1,1
28282,112,103,9,9
28283,102,97,5,5
28284,126,125,1,1
28285,87,90,-3,3
28286,98,94,4,4
28287,128,112,16,16
28288,54,58,-4,4
28289,88,86,2,2
28290,79,73,6,6
28291,177,158,19,19
28292,110,101,9,9
28293,68,73,-5,5
28294,126,123,3,3
28295,115,109,6,6
28296,105,109,-4,4
28297,86,83,3,3
28298,66,97,-31,31
28299,65,59,6,6
28300,78,83,-5,5
28301,87,83,4,4
28302,108,104,4,4
28303,46,54,-8,8
28304,106,100,6,6
28305,127,114,13,13
28306,137,133,4,4
28307,84,74,10,10
28308,73,80,-7,7
28309,70,65,5,5
28310,76,69,7,7
28311,84,79,5,5
28312,125,94,31,31
28313,73,76,-3,3
28314,176,167,9,9
28315,97,90,7,7
28316,128,120,8,8
28317,74,74,0,0
28318,145,135,10,10
28319,93,93,0,0
28320,70,72,-2,2
28321,67,78,-11,11
28322,84,82,2,2
28323,59,60,-1,1
28324,92,88,4,4
28325,112,104,8,8
28326,51,51,0,0
28327,56,56,0,0
28328,92,89,3,3
28329,49,55,-6,6
28330,98,98,0,0
28331,71,75,-4,4
28332,72,75,-3,3
28333,68,75,-7,7
28334,87,89,-2,2
28335,121,112,9,9
28336,94,92,2,2
28337,76,84,-8,8
28338,112,104,8,8
28339,69,59,10,10
28340,113,110,3,3
28341,129,128,1,1
28342,105,107,-2,2
28343,99,104,-5,5
28344,58,61,-3,3
28345,130,115,15,15
28346,85,81,4,4
28347,73,68,5,5
28348,56,50,6,6
28349,97,104,-7,7
28350,104,104,0,0
28351,73,74,-1,1
28352,111,98,13,13
28353,73,66,7,7
28354,98,86,12,12
28355,102,102,0,0
28356,80,75,5,5
28357,47,48,-1,1
28358,102,110,-8,8
28359,76,73,3,3
28360,69,79,-10,10
28361,85,85,0,0
28362,111,116,-5,5
28363,34,36,-2,2
28364,137,135,2,2
28365,79,78,1,1
28366,72,78,-6,6
28367,62,66,-4,4
28368,91,86,5,5
28369,82,82,0,0
28370,120,131,-11,11
28371,92,94,-2,2
28372,110,107,3,3
28373,122,111,11,11
28374,119,110,9,9
28375,183,173,10,10
28376,61,67,-6,6
28377,97,86,11,11
28378,117,112,5,5
28379,71,73,-2,2
28380,100,88,12,12
28381,119,106,13,13
28382,94,80,14,14
28383,94,96,-2,2
28384,97,80,17,17
28385,62,53,9,9
28386,74,73,1,1
28387,104,103,1,1
28388,143,138,5,5
28389,74,74,0,0
28390,126,116,10,10
28391,64,74,-10,10
28392,97,87,10,10
28393,82,79,3,3
28394,56,65,-9,9
28395,98,99,-1,1
28396,139,131,8,8
28397,102,104,-2,2
28398,100,98,2,2
28399,115,95,20,20
28400,138,117,21,21
28401,39,42,-3,3
28402,132,125,7,7
28403,127,128,-1,1
28404,98,86,12,12
28405,83,72,11,11
28406,106,109,-3,3
28407,161,146,15,15
28408,77,66,11,11
28409,76,86,-10,10
28410,96,87,9,9
28411,107,106,1,1
28412,85,232,-147,147
28413,79,79,0,0
28414,102,96,6,6
28415,57,53,4,4
28416,79,80,-1,1
28417,76,86,-10,10
28418,82,83,-1,1
28419,56,56,0,0
28420,84,77,7,7
28421,110,98,12,12
28422,183,159,24,24
28423,118,119,-1,1
28424,100,91,9,9
28425,109,95,14,14
28426,101,93,8,8
28427,57,66,-9,9
28428,89,105,-16,16
28429,148,132,16,16
28430,202,194,8,8
28431,137,141,-4,4
28432,91,84,7,7
28433,112,108,4,4
28434,68,67,1,1
28435,83,79,4,4
28436,72,68,4,4
28437,79,76,3,3
28438,116,110,6,6
28439,54,56,-2,2
28440,87,88,-1,1
28441,82,81,1,1
28442,104,96,8,8
28443,126,117,9,9
28444,106,108,-2,2
28445,116,107,9,9
28446,91,93,-2,2
28447,77,73,4,4
28448,123,139,-16,16
28449,145,133,12,12
28450,88,81,7,7
28451,95,106,-11,11
28452,79,84,-5,5
28453,91,95,-4,4
28454,133,123,10,10
28455,165,172,-7,7
28456,61,60,1,1
28457,63,65,-2,2
28458,120,114,6,6
28459,54,49,5,5
28460,145,137,8,8
28461,130,126,4,4
28462,68,71,-3,3
28463,55,57,-2,2
28464,90,86,4,4
28465,102,91,11,11
28466,52,51,1,1
28467,102,100,2,2
28468,162,157,5,5
28469,85,93,-8,8
28470,81,82,-1,1
28471,57,52,5,5
28472,82,77,5,5
28473,135,94,41,41
28474,43,45,-2,2
28475,82,73,9,9
28476,66,71,-5,5
28477,102,96,6,6
28478,70,71,-1,1
28479,151,138,13,13
28480,127,123,4,4
28481,77,67,10,10
28482,137,121,16,16
28483,83,74,9,9
28484,183,168,15,15
28485,43,41,2,2
28486,129,128,1,1
28487,58,57,1,1
28488,73,74,-1,1
28489,67,57,10,10
28490,57,60,-3,3
28491,133,143,-10,10
28492,76,75,1,1
28493,87,86,1,1
28494,76,77,-1,1
28495,99,86,13,13
28496,95,94,1,1
28497,56,63,-7,7
28498,146,134,12,12
28499,123,106,17,17
28500,93,113,-20,20
28501,71,70,1,1
28502,97,89,8,8
28503,122,107,15,15
28504,97,97,0,0
28505,86,81,5,5
28506,87,87,0,0
28507,134,118,16,16
28508,99,103,-4,4
28509,135,125,10,10
28510,85,79,6,6
28511,132,126,6,6
28512,54,56,-2,2
28513,77,82,-5,5
28514,63,70,-7,7
28515,138,135,3,3
28516,58,58,0,0
28517,141,128,13,13
28518,161,155,6,6
28519,105,110,-5,5
28520,107,109,-2,2
28521,153,157,-4,4
28522,90,89,1,1
28523,147,143,4,4
28524,92,92,0,0
28525,34,35,-1,1
28526,90,93,-3,3
28527,50,53,-3,3
28528,83,77,6,6
28529,127,135,-8,8
28530,59,53,6,6
28531,57,63,-6,6
28532,115,115,0,0
28533,91,92,-1,1
28534,143,128,15,15
28535,119,109,10,10
28536,97,95,2,2
28537,155,145,10,10
28538,128,117,11,11
28539,67,68,-1,1
28540,60,64,-4,4
28541,103,92,11,11
28542,128,116,12,12
28543,100,92,8,8
28544,71,70,1,1
28545,85,84,1,1
28546,74,71,3,3
28547,172,139,33,33
28548,73,68,5,5
28549,51,53,-2,2
28550,76,75,1,1
28551,110,104,6,6
28552,125,103,22,22
28553,49,56,-7,7
28554,145,131,14,14
28555,81,76,5,5
28556,79,96,-17,17
28557,108,103,5,5
28558,95,89,6,6
28559,66,55,11,11
28560,78,75,3,3
28561,41,46,-5,5
28562,89,78,11,11
28563,60,62,-2,2
28564,88,81,7,7
28565,54,63,-9,9
28566,112,101,11,11
28567,135,116,19,19
28568,123,117,6,6
28569,76,89,-13,13
28570,82,78,4,4
28571,38,44,-6,6
28572,51,49,2,2
28573,33,46,-13,13
28574,100,93,7,7
28575,64,71,-7,7
28576,98,98,0,0
28577,104,96,8,8
28578,108,107,1,1
28579,112,106,6,6
28580,54,57,-3,3
28581,75,76,-1,1
28582,89,95,-6,6
28583,137,124,13,13
28584,66,63,3,3
28585,81,82,-1,1
28586,91,94,-3,3
28587,84,83,1,1
28588,52,52,0,0
28589,64,70,-6,6
28590,176,167,9,9
28591,59,63,-4,4
28592,70,66,4,4
28593,69,65,4,4
28594,83,99,-16,16
28595,71,74,-3,3
28596,61,64,-3,3
28597,65,64,1,1
28598,94,109,-15,15
28599,53,51,2,2
28600,66,60,6,6
28601,93,91,2,2
28602,66,66,0,0
28603,75,71,4,4
28604,96,100,-4,4
28605,66,67,-1,1
28606,158,119,39,39
28607,80,70,10,10
28608,67,63,4,4
28609,67,69,-2,2
28610,79,78,1,1
28611,57,57,0,0
28612,66,69,-3,3
28613,44,48,-4,4
28614,59,56,3,3
28615,150,132,18,18
28616,128,118,10,10
28617,74,71,3,3
28618,38,52,-14,14
28619,51,50,1,1
28620,123,121,2,2
28621,61,55,6,6
28622,77,65,12,12
28623,61,66,-5,5
28624,94,88,6,6
28625,104,109,-5,5
28626,62,71,-9,9
28627,115,105,10,10
28628,122,103,19,19
28629,96,92,4,4
28630,84,82,2,2
28631,119,113,6,6
28632,99,92,7,7
28633,85,81,4,4
28634,118,105,13,13
28635,144,124,20,20
28636,54,54,0,0
28637,152,132,20,20
28638,47,51,-4,4
28639,67,66,1,1
28640,81,80,1,1
28641,125,119,6,6
28642,104,93,11,11
28643,63,72,-9,9
28644,71,65,6,6
28645,56,60,-4,4
28646,144,137,7,7
28647,125,133,-8,8
28648,64,59,5,5
28649,108,95,13,13
28650,87,79,8,8
28651,66,71,-5,5
28652,83,85,-2,2
28653,102,95,7,7
28654,120,114,6,6
28655,114,111,3,3
28656,114,105,9,9
28657,148,139,9,9
28658,100,95,5,5
28659,76,70,6,6
28660,53,61,-8,8
28661,104,105,-1,1
28662,101,105,-4,4
28663,93,90,3,3
28664,50,53,-3,3
28665,47,49,-2,2
28666,137,126,11,11
28667,109,101,8,8
28668,83,94,-11,11
28669,32,36,-4,4
28670,69,64,5,5
28671,92,84,8,8
28672,78,81,-3,3
28673,96,109,-13,13
28674,92,83,9,9
28675,53,49,4,4
28676,144,139,5,5
28677,107,95,12,12
28678,112,106,6,6
28679,72,65,7,7
28680,108,99,9,9
28681,84,75,9,9
28682,54,56,-2,2
28683,82,108,-26,26
28684,98,87,11,11
28685,73,77,-4,4
28686,50,59,-9,9
28687,89,88,1,1
28688,66,65,1,1
28689,140,136,4,4
28690,97,93,4,4
28691,77,83,-6,6
28692,106,78,28,28
28693,73,73,0,0
28694,122,111,11,11
28695,80,77,3,3
28696,60,61,-1,1
28697,90,80,10,10
28698,83,84,-1,1
28699,86,87,-1,1
28700,33,35,-2,2
28701,134,122,12,12
28702,117,116,1,1
28703,60,61,-1,1
28704,116,107,9,9
28705,110,115,-5,5
28706,129,124,5,5
28707,88,85,3,3
28708,76,72,4,4
28709,171,160,11,11
28710,98,81,17,17
28711,100,94,6,6
28712,66,58,8,8
28713,140,123,17,17
28714,101,84,17,17
28715,61,55,6,6
28716,89,82,7,7
28717,93,91,2,2
28718,101,91,10,10
28719,63,70,-7,7
28720,85,84,1,1
28721,94,96,-2,2
28722,114,129,-15,15
28723,104,105,-1,1
28724,78,76,2,2
28725,108,121,-13,13
28726,57,56,1,1
28727,38,62,-24,24
28728,69,73,-4,4
28729,106,103,3,3
28730,77,71,6,6
28731,235,225,10,10
28732,98,98,0,0
28733,111,102,9,9
28734,70,86,-16,16
28735,102,93,9,9
28736,92,93,-1,1
28737,67,73,-6,6
28738,83,86,-3,3
28739,71,67,4,4
28740,92,69,23,23
28741,59,64,-5,5
28742,90,87,3,3
28743,71,65,6,6
28744,52,57,-5,5
28745,109,91,18,18
28746,105,111,-6,6
28747,79,73,6,6
28748,81,72,9,9
28749,84,85,-1,1
28750,80,69,11,11
28751,56,65,-9,9
28752,84,80,4,4
28753,44,49,-5,5
28754,85,86,-1,1
28755,62,64,-2,2
28756,83,76,7,7
28757,59,75,-16,16
28758,92,85,7,7
28759,99,103,-4,4
28760,131,146,-15,15
28761,58,59,-1,1
28762,164,146,18,18
28763,132,113,19,19
28764,73,69,4,4
28765,82,82,0,0
28766,57,65,-8,8
28767,97,102,-5,5
28768,26,40,-14,14
28769,107,97,10,10
28770,88,80,8,8
28771,84,85,-1,1
28772,82,83,-1,1
28773,141,140,1,1
28774,78,75,3,3
28775,146,138,8,8
28776,84,78,6,6
28777,93,84,9,9
28778,74,74,0,0
28779,139,124,15,15
28780,125,122,3,3
28781,65,69,-4,4
28782,101,103,-2,2
28783,114,119,-5,5
28784,54,58,-4,4
28785,99,91,8,8
28786,83,83,0,0
28787,128,118,10,10
28788,90,93,-3,3
28789,77,74,3,3
28790,68,57,11,11
28791,78,89,-11,11
28792,76,76,0,0
28793,85,80,5,5
28794,106,106,0,0
28795,207,170,37,37
28796,105,102,3,3
28797,110,112,-2,2
28798,86,79,7,7
28799,166,127,39,39
28800,118,111,7,7
28801,99,94,5,5
28802,80,86,-6,6
28803,27,45,-18,18
28804,125,106,19,19
28805,92,90,2,2
28806,85,78,7,7
28807,91,90,1,1
28808,61,55,6,6
28809,86,76,10,10
28810,50,50,0,0
28811,101,100,1,1
28812,79,68,11,11
28813,82,96,-14,14
28814,63,54,9,9
28815,100,91,9,9
28816,103,85,18,18
28817,150,135,15,15
28818,86,75,11,11
28819,72,78,-6,6
28820,54,54,0,0
28821,136,132,4,4
28822,60,59,1,1
28823,118,107,11,11
28824,64,57,7,7
28825,78,72,6,6
28826,76,68,8,8
28827,145,137,8,8
28828,62,70,-8,8
28829,98,96,2,2
28830,100,99,1,1
28831,142,131,11,11
28832,77,86,-9,9
28833,81,90,-9,9
28834,79,78,1,1
28835,78,74,4,4
28836,84,88,-4,4
28837,63,55,8,8
28838,94,89,5,5
28839,89,85,4,4
28840,78,75,3,3
28841,132,136,-4,4
28842,151,137,14,14
28843,156,143,13,13
28844,41,55,-14,14
28845,106,103,3,3
28846,99,99,0,0
28847,42,49,-7,7
28848,79,72,7,7
28849,60,73,-13,13
28850,136,135,1,1
28851,130,126,4,4
28852,136,137,-1,1
28853,81,74,7,7
28854,112,107,5,5
28855,60,64,-4,4
28856,93,77,16,16
28857,103,106,-3,3
28858,180,164,16,16
28859,93,85,8,8
28860,172,158,14,14
28861,95,104,-9,9
28862,79,87,-8,8
28863,55,56,-1,1
28864,105,104,1,1
28865,118,110,8,8
28866,111,103,8,8
28867,66,70,-4,4
28868,146,124,22,22
28869,81,106,-25,25
28870,75,70,5,5
28871,79,81,-2,2
28872,64,65,-1,1
28873,97,98,-1,1
28874,103,99,4,4
28875,68,70,-2,2
28876,74,80,-6,6
28877,80,75,5,5
28878,90,77,13,13
28879,59,53,6,6
28880,109,109,0,0
28881,90,86,4,4
28882,71,76,-5,5
28883,108,102,6,6
28884,83,73,10,10
28885,130,120,10,10
28886,85,87,-2,2
28887,49,59,-10,10
28888,73,74,-1,1
28889,104,101,3,3
28890,131,125,6,6
28891,69,70,-1,1
28892,102,94,8,8
28893,74,74,0,0
28894,58,59,-1,1
28895,167,149,18,18
28896,144,123,21,21
28897,108,106,2,2
28898,70,69,1,1
28899,84,81,3,3
28900,50,51,-1,1
28901,68,71,-3,3
28902,128,129,-1,1
28903,106,106,0,0
28904,63,64,-1,1
28905,61,93,-32,32
28906,82,74,8,8
28907,100,102,-2,2
28908,92,88,4,4
28909,75,81,-6,6
28910,132,124,8,8
28911,85,91,-6,6
28912,183,166,17,17
28913,115,104,11,11
28914,125,114,11,11
28915,99,95,4,4
28916,102,98,4,4
28917,125,125,0,0
28918,75,73,2,2
28919,173,161,12,12
28920,66,69,-3,3
28921,90,79,11,11
28922,88,85,3,3
28923,124,118,6,6
28924,70,64,6,6
28925,93,85,8,8
28926,64,56,8,8
28927,60,51,9,9
28928,134,133,1,1
28929,104,96,8,8
28930,44,49,-5,5
28931,109,93,16,16
28932,68,63,5,5
28933,81,80,1,1
28934,103,102,1,1
28935,99,96,3,3
28936,80,77,3,3
28937,104,103,1,1
28938,67,72,-5,5
28939,126,115,11,11
28940,53,53,0,0
28941,135,125,10,10
28942,95,80,15,15
28943,95,98,-3,3
28944,63,66,-3,3
28945,140,121,19,19
28946,71,79,-8,8
28947,79,75,4,4
28948,47,75,-28,28
28949,87,97,-10,10
28950,57,59,-2,2
28951,81,76,5,5
28952,53,52,1,1
28953,88,93,-5,5
28954,109,109,0,0
28955,85,85,0,0
28956,114,105,9,9
28957,81,81,0,0
28958,85,92,-7,7
28959,95,92,3,3
28960,61,70,-9,9
28961,65,64,1,1
28962,47,63,-16,16
28963,57,53,4,4
28964,66,76,-10,10
28965,86,88,-2,2
28966,76,73,3,3
28967,143,126,17,17
28968,79,92,-13,13
28969,87,76,11,11
28970,99,93,6,6
28971,103,112,-9,9
28972,83,73,10,10
28973,116,112,4,4
28974,128,119,9,9
28975,159,150,9,9
28976,113,101,12,12
28977,124,114,10,10
28978,81,85,-4,4
28979,66,54,12,12
28980,82,64,18,18
28981,58,66,-8,8
28982,101,102,-1,1
28983,67,75,-8,8
28984,97,83,14,14
28985,78,82,-4,4
28986,104,102,2,2
28987,117,115,2,2
28988,82,87,-5,5
28989,125,126,-1,1
28990,152,144,8,8
28991,92,96,-4,4
28992,128,114,14,14
28993,68,69,-1,1
28994,101,92,9,9
28995,96,94,2,2
28996,98,96,2,2
28997,134,118,16,16
28998,106,107,-1,1
28999,54,54,0,0
29000,88,93,-5,5
29001,66,60,6,6
29002,99,95,4,4
29003,82,83,-1,1
29004,118,119,-1,1
29005,66,62,4,4
29006,96,91,5,5
29007,139,132,7,7
29008,25,41,-16,16
29009,123,109,14,14
29010,130,120,10,10
29011,92,85,7,7
29012,80,71,9,9
29013,67,59,8,8
29014,71,68,3,3
29015,92,93,-1,1
29016,113,98,15,15
29017,67,79,-12,12
29018,58,62,-4,4
29019,39,86,-47,47
29020,78,82,-4,4
29021,113,95,18,18
29022,50,52,-2,2
29023,66,63,3,3
29024,88,86,2,2
29025,88,95,-7,7
29026,131,115,16,16
29027,64,77,-13,13
29028,91,86,5,5
29029,101,87,14,14
29030,110,101,9,9
29031,56,65,-9,9
29032,77,76,1,1
29033,129,123,6,6
29034,91,100,-9,9
29035,97,98,-1,1
29036,98,97,1,1
29037,75,75,0,0
29038,109,88,21,21
29039,64,70,-6,6
29040,71,74,-3,3
29041,54,55,-1,1
29042,59,64,-5,5
29043,145,136,9,9
29044,86,75,11,11
29045,56,52,4,4
29046,79,84,-5,5
29047,114,114,0,0
29048,65,70,-5,5
29049,104,91,13,13
29050,61,68,-7,7
29051,155,146,9,9
29052,106,98,8,8
29053,48,64,-16,16
29054,173,139,34,34
29055,31,40,-9,9
29056,87,88,-1,1
29057,147,141,6,6
29058,79,76,3,3
29059,92,102,-10,10
29060,100,86,14,14
29061,118,123,-5,5
29062,83,79,4,4
29063,72,71,1,1
29064,101,92,9,9
29065,83,85,-2,2
29066,94,92,2,2
29067,103,106,-3,3
29068,73,73,0,0
29069,179,168,11,11
29070,115,101,14,14
29071,85,78,7,7
29072,101,96,5,5
29073,130,125,5,5
29074,155,159,-4,4
29075,65,60,5,5
29076,116,115,1,1
29077,71,71,0,0
29078,78,84,-6,6
29079,129,125,4,4
29080,78,70,8,8
29081,141,126,15,15
29082,139,121,18,18
29083,90,83,7,7
29084,174,157,17,17
29085,92,88,4,4
29086,76,76,0,0
29087,40,47,-7,7
29088,36,36,0,0
29089,78,75,3,3
29090,89,90,-1,1
29091,63,66,-3,3
29092,79,74,5,5
29093,127,110,17,17
29094,61,68,-7,7
29095,118,75,43,43
29096,112,99,13,13
29097,131,123,8,8
29098,78,76,2,2
29099,95,90,5,5
29100,75,72,3,3
29101,170,159,11,11
29102,97,98,-1,1
29103,62,63,-1,1
29104,130,118,12,12
29105,116,129,-13,13
29106,72,77,-5,5
29107,89,83,6,6
29108,95,95,0,0
29109,82,78,4,4
29110,54,61,-7,7
29111,102,96,6,6
29112,106,100,6,6
29113,138,126,12,12
29114,90,91,-1,1
29115,53,64,-11,11
29116,111,94,17,17
29117,91,86,5,5
29118,84,86,-2,2
29119,116,101,15,15
29120,119,109,10,10
29121,82,82,0,0
29122,102,92,10,10
29123,64,65,-1,1
29124,40,53,-13,13
29125,104,105,-1,1
29126,73,72,1,1
29127,92,88,4,4
29128,127,106,21,21
29129,155,144,11,11
29130,82,81,1,1
29131,86,83,3,3
29132,61,52,9,9
29133,136,122,14,14
29134,123,125,-2,2
29135,40,50,-10,10
29136,103,92,11,11
29137,145,142,3,3
29138,92,93,-1,1
29139,60,79,-19,19
29140,71,67,4,4
29141,63,67,-4,4
29142,51,55,-4,4
29143,92,88,4,4
29144,48,51,-3,3
29145,66,50,16,16
29146,165,146,19,19
29147,114,105,9,9
29148,48,47,1,1
29149,121,107,14,14
29150,134,127,7,7
29151,68,66,2,2
29152,34,49,-15,15
29153,68,66,2,2
29154,72,72,0,0
29155,63,64,-1,1
29156,59,66,-7,7
29157,94,94,0,0
29158,59,54,5,5
29159,77,83,-6,6
29160,119,107,12,12
29161,134,130,4,4
29162,120,114,6,6
29163,90,81,9,9
29164,79,76,3,3
29165,70,67,3,3
29166,103,97,6,6
29167,111,93,18,18
29168,62,63,-1,1
29169,139,117,22,22
29170,138,135,3,3
29171,213,207,6,6
29172,73,74,-1,1
29173,116,112,4,4
29174,135,130,5,5
29175,77,69,8,8
29176,89,78,11,11
29177,40,41,-1,1
29178,82,75,7,7
29179,101,106,-5,5
29180,81,92,-11,11
29181,159,150,9,9
29182,89,91,-2,2
29183,74,79,-5,5
29184,106,102,4,4
29185,53,60,-7,7
29186,98,116,-18,18
29187,96,89,7,7
29188,116,115,1,1
29189,68,69,-1,1
29190,74,74,0,0
29191,167,164,3,3
29192,90,98,-8,8
29193,106,98,8,8
29194,62,54,8,8
29195,46,51,-5,5
29196,68,78,-10,10
29197,73,72,1,1
29198,78,75,3,3
29199,58,60,-2,2
29200,129,122,7,7
29201,79,86,-7,7
29202,92,85,7,7
29203,34,47,-13,13
29204,81,50,31,31
29205,73,66,7,7
29206,171,164,7,7
29207,90,96,-6,6
29208,70,80,-10,10
29209,199,195,4,4
29210,68,64,4,4
29211,161,152,9,9
29212,46,47,-1,1
29213,61,65,-4,4
29214,112,107,5,5
29215,133,118,15,15
29216,91,81,10,10
29217,80,87,-7,7
29218,160,128,32,32
29219,90,88,2,2
29220,103,90,13,13
29221,87,74,13,13
29222,148,132,16,16
29223,183,121,62,62
29224,87,80,7,7
29225,161,146,15,15
29226,80,75,5,5
29227,128,126,2,2
29228,123,117,6,6
29229,159,143,16,16
29230,48,46,2,2
29231,77,81,-4,4
29232,87,84,3,3
29233,53,50,3,3
29234,118,110,8,8
29235,89,66,23,23
29236,76,75,1,1
29237,145,130,15,15
29238,125,105,20,20
29239,97,102,-5,5
29240,49,51,-2,2
29241,62,75,-13,13
29242,81,83,-2,2
29243,136,132,4,4
29244,100,104,-4,4
29245,187,190,-3,3
29246,105,106,-1,1
29247,176,155,21,21
29248,113,108,5,5
29249,115,115,0,0
29250,86,87,-1,1
29251,120,104,16,16
29252,74,80,-6,6
29253,86,93,-7,7
29254,99,107,-8,8
29255,70,65,5,5
29256,109,111,-2,2
29257,110,99,11,11
29258,102,101,1,1
29259,156,142,14,14
29260,107,106,1,1
29261,53,57,-4,4
29262,121,113,8,8
29263,97,94,3,3
29264,103,109,-6,6
29265,66,64,2,2
29266,108,122,-14,14
29267,59,65,-6,6
29268,64,69,-5,5
29269,70,70,0,0
29270,86,81,5,5
29271,118,108,10,10
29272,61,67,-6,6
29273,120,107,13,13
29274,112,104,8,8
29275,176,146,30,30
29276,61,64,-3,3
29277,89,99,-10,10
29278,115,98,17,17
29279,112,99,13,13
29280,110,105,5,5
29281,92,89,3,3
29282,124,112,12,12
29283,60,59,1,1
29284,70,65,5,5
29285,98,88,10,10
29286,77,76,1,1
29287,60,56,4,4
29288,149,144,5,5
29289,135,126,9,9
29290,71,70,1,1
29291,47,53,-6,6
29292,141,120,21,21
29293,76,82,-6,6
29294,85,75,10,10
29295,66,66,0,0
29296,86,85,1,1
29297,144,132,12,12
29298,74,78,-4,4
29299,181,165,16,16
29300,79,81,-2,2
29301,106,95,11,11
29302,138,124,14,14
29303,91,72,19,19
29304,76,74,2,2
29305,140,124,16,16
29306,77,78,-1,1
29307,54,65,-11,11
29308,71,72,-1,1
29309,110,99,11,11
29310,90,83,7,7
29311,116,117,-1,1
29312,83,80,3,3
29313,59,63,-4,4
29314,92,89,3,3
29315,144,131,13,13
29316,67,56,11,11
29317,105,97,8,8
29318,62,62,0,0
29319,136,124,12,12
29320,111,111,0,0
29321,64,70,-6,6
29322,73,60,13,13
29323,86,92,-6,6
29324,84,81,3,3
29325,74,74,0,0
29326,135,127,8,8
29327,119,108,11,11
29328,83,87,-4,4
29329,102,97,5,5
29330,84,89,-5,5
29331,66,113,-47,47
29332,47,49,-2,2
29333,97,89,8,8
29334,106,99,7,7
29335,75,74,1,1
29336,108,113,-5,5
29337,154,142,12,12
29338,91,84,7,7
29339,75,80,-5,5
29340,155,135,20,20
29341,75,84,-9,9
29342,211,185,26,26
29343,69,65,4,4
29344,52,53,-1,1
29345,84,67,17,17
29346,89,87,2,2
29347,79,75,4,4
29348,78,80,-2,2
29349,90,85,5,5
29350,305,263,42,42
29351,83,86,-3,3
29352,193,184,9,9
29353,124,126,-2,2
29354,46,47,-1,1
29355,85,74,11,11
29356,84,86,-2,2
29357,98,94,4,4
29358,72,74,-2,2
29359,60,64,-4,4
29360,102,96,6,6
29361,92,86,6,6
29362,102,101,1,1
29363,74,82,-8,8
29364,114,102,12,12
29365,86,94,-8,8
29366,114,111,3,3
29367,151,155,-4,4
29368,91,89,2,2
29369,78,67,11,11
29370,153,141,12,12
29371,80,88,-8,8
29372,108,105,3,3
29373,88,76,12,12
29374,153,135,18,18
29375,71,76,-5,5
29376,95,95,0,0
29377,127,114,13,13
29378,139,137,2,2
29379,46,49,-3,3
29380,124,118,6,6
29381,93,93,0,0
29382,114,103,11,11
29383,93,84,9,9
29384,67,65,2,2
29385,110,107,3,3
29386,63,65,-2,2
29387,70,64,6,6
29388,87,83,4,4
29389,122,115,7,7
29390,107,108,-1,1
29391,153,141,12,12
29392,94,93,1,1
29393,101,97,4,4
29394,78,80,-2,2
29395,82,91,-9,9
29396,88,84,4,4
29397,94,82,12,12
29398,37,49,-12,12
29399,67,65,2,2
29400,85,77,8,8
29401,105,88,17,17
29402,40,53,-13,13
29403,194,169,25,25
29404,123,118,5,5
29405,87,79,8,8
29406,102,96,6,6
29407,145,131,14,14
29408,68,66,2,2
29409,159,134,25,25
29410,82,84,-2,2
29411,83,70,13,13
29412,82,79,3,3
29413,69,60,9,9
29414,103,99,4,4
29415,105,101,4,4
29416,100,106,-6,6
29417,55,52,3,3
29418,80,80,0,0
29419,73,80,-7,7
29420,51,47,4,4
29421,124,115,9,9
29422,52,53,-1,1
29423,115,130,-15,15
29424,116,107,9,9
29425,101,101,0,0
29426,63,50,13,13
29427,52,56,-4,4
29428,84,76,8,8
29429,142,137,5,5
29430,71,74,-3,3
29431,82,90,-8,8
29432,85,92,-7,7
29433,74,71,3,3
29434,61,50,11,11
29435,107,107,0,0
29436,98,93,5,5
29437,80,81,-1,1
29438,69,77,-8,8
29439,64,65,-1,1
29440,137,122,15,15
29441,77,71,6,6
29442,94,102,-8,8
29443,86,82,4,4
29444,60,64,-4,4
29445,54,69,-15,15
29446,62,64,-2,2
29447,86,87,-1,1
29448,60,57,3,3
29449,64,66,-2,2
29450,91,90,1,1
29451,71,65,6,6
29452,78,88,-10,10
29453,104,96,8,8
29454,103,103,0,0
29455,167,165,2,2
29456,129,108,21,21
29457,125,130,-5,5
29458,108,111,-3,3
29459,77,79,-2,2
29460,121,123,-2,2
29461,77,72,5,5
29462,61,69,-8,8
29463,67,64,3,3
29464,96,88,8,8
29465,113,121,-8,8
29466,70,69,1,1
29467,79,70,9,9
29468,91,91,0,0
29469,86,91,-5,5
29470,74,72,2,2
29471,78,83,-5,5
29472,117,96,21,21
29473,82,71,11,11
29474,79,82,-3,3
29475,138,145,-7,7
29476,92,84,8,8
29477,69,66,3,3
29478,81,89,-8,8
29479,73,75,-2,2
29480,100,101,-1,1
29481,51,47,4,4
29482,60,63,-3,3
29483,109,98,11,11
29484,131,127,4,4
29485,71,73,-2,2
29486,77,82,-5,5
29487,97,104,-7,7
29488,69,67,2,2
29489,124,114,10,10
29490,69,67,2,2
29491,131,120,11,11
29492,87,89,-2,2
29493,178,172,6,6
29494,111,107,4,4
29495,122,104,18,18
29496,155,139,16,16
29497,136,109,27,27
29498,113,118,-5,5
29499,64,68,-4,4
29500,111,103,8,8
29501,94,91,3,3
29502,58,62,-4,4
29503,89,79,10,10
29504,82,78,4,4
29505,87,92,-5,5
29506,50,63,-13,13
29507,79,74,5,5
29508,140,121,19,19
29509,134,202,-68,68
29510,119,108,11,11
29511,140,138,2,2
29512,119,114,5,5
29513,52,53,-1,1
29514,124,129,-5,5
29515,131,104,27,27
29516,45,51,-6,6
29517,70,67,3,3
29518,99,99,0,0
29519,82,75,7,7
29520,73,69,4,4
29521,120,123,-3,3
29522,107,109,-2,2
29523,88,86,2,2
29524,82,79,3,3
29525,59,55,4,4
29526,90,95,-5,5
29527,56,66,-10,10
29528,113,109,4,4
29529,78,69,9,9
29530,61,69,-8,8
29531,89,86,3,3
29532,44,50,-6,6
29533,62,58,4,4
29534,111,111,0,0
29535,75,75,0,0
29536,74,72,2,2
29537,79,72,7,7
29538,89,89,0,0
29539,94,92,2,2
29540,116,107,9,9
29541,120,108,12,12
29542,180,163,17,17
29543,48,46,2,2
29544,85,83,2,2
29545,112,101,11,11
29546,114,97,17,17
29547,78,74,4,4
29548,111,122,-11,11
29549,71,72,-1,1
29550,64,67,-3,3
29551,47,44,3,3
29552,85,88,-3,3
29553,90,94,-4,4
29554,137,117,20,20
29555,138,134,4,4
29556,64,56,8,8
29557,78,73,5,5
29558,42,42,0,0
29559,98,94,4,4
29560,59,50,9,9
29561,76,86,-10,10
29562,106,98,8,8
29563,33,30,3,3
29564,121,119,2,2
29565,108,92,16,16
29566,76,80,-4,4
29567,64,60,4,4
29568,73,63,10,10
29569,112,106,6,6
29570,105,95,10,10
29571,59,68,-9,9
29572,205,172,33,33
29573,78,83,-5,5
29574,79,86,-7,7
29575,123,117,6,6
29576,83,83,0,0
29577,115,110,5,5
29578,75,75,0,0
29579,86,88,-2,2
29580,111,121,-10,10
29581,82,103,-21,21
29582,157,151,6,6
29583,58,57,1,1
29584,101,96,5,5
29585,99,95,4,4
29586,96,94,2,2
29587,133,140,-7,7
29588,93,91,2,2
29589,79,75,4,4
29590,87,68,19,19
29591,101,102,-1,1
29592,73,71,2,2
29593,76,72,4,4
29594,110,96,14,14
29595,100,95,5,5
29596,87,86,1,1
29597,126,126,0,0
29598,81,72,9,9
29599,70,78,-8,8
29600,139,136,3,3
29601,74,72,2,2
29602,147,120,27,27
29603,92,83,9,9
29604,133,109,24,24
29605,87,84,3,3
29606,96,96,0,0
29607,70,98,-28,28
29608,75,80,-5,5
29609,121,111,10,10
29610,88,84,4,4
29611,96,97,-1,1
29612,196,131,65,65
29613,90,91,-1,1
29614,110,103,7,7
29615,59,52,7,7
29616,131,123,8,8
29617,56,54,2,2
29618,98,100,-2,2
29619,94,87,7,7
29620,73,78,-5,5
29621,52,48,4,4
29622,97,86,11,11
29623,119,110,9,9
29624,94,82,12,12
29625,144,133,11,11
29626,128,117,11,11
29627,81,72,9,9
29628,101,90,11,11
29629,138,125,13,13
29630,68,65,3,3
29631,124,106,18,18
29632,61,74,-13,13
29633,118,103,15,15
29634,69,71,-2,2
29635,84,83,1,1
29636,175,151,24,24
29637,54,55,-1,1
29638,72,78,-6,6
29639,82,72,10,10
29640,102,89,13,13
29641,107,99,8,8
29642,110,104,6,6
29643,128,119,9,9
29644,132,132,0,0
29645,80,76,4,4
29646,60,64,-4,4
29647,54,55,-1,1
29648,89,91,-2,2
29649,90,94,-4,4
29650,62,77,-15,15
29651,64,81,-17,17
29652,74,64,10,10
29653,123,199,-76,76
29654,77,76,1,1
29655,79,74,5,5
29656,88,88,0,0
29657,77,83,-6,6
29658,96,97,-1,1
29659,80,77,3,3
29660,104,100,4,4
29661,46,49,-3,3
29662,70,78,-8,8
29663,93,97,-4,4
29664,103,95,8,8
29665,117,103,14,14
29666,80,79,1,1
29667,93,90,3,3
29668,88,89,-1,1
29669,101,94,7,7
29670,69,69,0,0
29671,97,93,4,4
29672,56,57,-1,1
29673,101,93,8,8
29674,122,113,9,9
29675,95,98,-3,3
29676,113,105,8,8
29677,150,128,22,22
29678,164,162,2,2
29679,87,86,1,1
29680,128,120,8,8
29681,66,67,-1,1
29682,68,59,9,9
29683,120,112,8,8
29684,151,147,4,4
29685,72,66,6,6
29686,89,93,-4,4
29687,231,211,20,20
29688,49,64,-15,15
29689,68,62,6,6
29690,81,76,5,5
29691,96,96,0,0
29692,123,106,17,17
29693,88,86,2,2
29694,188,173,15,15
29695,78,67,11,11
29696,78,74,4,4
29697,105,105,0,0
29698,102,96,6,6
29699,74,83,-9,9
29700,74,78,-4,4
29701,63,67,-4,4
29702,106,100,6,6
29703,90,81,9,9
29704,100,93,7,7
29705,106,98,8,8
29706,74,74,0,0
29707,75,77,-2,2
29708,119,127,-8,8
29709,115,110,5,5
29710,125,109,16,16
29711,106,99,7,7
29712,113,109,4,4
29713,81,78,3,3
29714,84,76,8,8
29715,79,87,-8,8
29716,129,116,13,13
29717,55,55,0,0
29718,99,99,0,0
29719,88,89,-1,1
29720,129,107,22,22
29721,92,89,3,3
29722,113,112,1,1
29723,67,66,1,1
29724,96,104,-8,8
29725,64,72,-8,8
29726,132,143,-11,11
29727,172,154,18,18
29728,104,102,2,2
29729,83,72,11,11
29730,70,81,-11,11
29731,104,97,7,7
29732,78,68,10,10
29733,66,81,-15,15
29734,81,81,0,0
29735,63,68,-5,5
29736,74,80,-6,6
29737,109,92,17,17
29738,70,68,2,2
29739,91,80,11,11
29740,95,94,1,1
29741,76,76,0,0
29742,68,67,1,1
29743,92,87,5,5
29744,65,68,-3,3
29745,36,40,-4,4
29746,105,104,1,1
29747,110,103,7,7
29748,121,114,7,7
29749,49,46,3,3
29750,98,82,16,16
29751,117,106,11,11
29752,52,96,-44,44
29753,84,86,-2,2
29754,148,139,9,9
29755,63,63,0,0
29756,63,69,-6,6
29757,92,93,-1,1
29758,85,79,6,6
29759,93,86,7,7
29760,88,71,17,17
29761,80,80,0,0
29762,83,83,0,0
29763,61,67,-6,6
29764,76,74,2,2
29765,81,85,-4,4
29766,75,66,9,9
29767,61,55,6,6
29768,110,105,5,5
29769,91,85,6,6
29770,63,55,8,8
29771,126,122,4,4
29772,102,89,13,13
29773,102,94,8,8
29774,107,99,8,8
29775,49,50,-1,1
29776,71,76,-5,5
29777,70,82,-12,12
29778,94,95,-1,1
29779,201,185,16,16
29780,80,84,-4,4
29781,62,60,2,2
29782,97,93,4,4
29783,77,75,2,2
29784,74,95,-21,21
29785,55,61,-6,6
29786,88,83,5,5
29787,27,47,-20,20
29788,64,62,2,2
29789,95,106,-11,11
29790,74,74,0,0
29791,99,101,-2,2
29792,68,68,0,0
29793,65,64,1,1
29794,97,98,-1,1
29795,73,75,-2,2
29796,88,96,-8,8
29797,121,125,-4,4
29798,102,94,8,8
29799,101,101,0,0
29800,78,84,-6,6
29801,156,139,17,17
29802,76,82,-6,6
29803,66,62,4,4
29804,91,99,-8,8
29805,82,74,8,8
29806,150,144,6,6
29807,46,49,-3,3
29808,164,157,7,7
29809,134,125,9,9
29810,124,116,8,8
29811,75,76,-1,1
29812,64,69,-5,5
29813,207,187,20,20
29814,125,126,-1,1
29815,143,122,21,21
29816,79,71,8,8
29817,62,64,-2,2
29818,149,147,2,2
29819,136,128,8,8
29820,48,49,-1,1
29821,117,103,14,14
29822,50,53,-3,3
29823,88,82,6,6
29824,62,64,-2,2
29825,37,42,-5,5
29826,142,122,20,20
29827,59,60,-1,1
29828,123,116,7,7
29829,78,75,3,3
29830,117,108,9,9
29831,84,87,-3,3
29832,191,172,19,19
29833,176,155,21,21
29834,68,58,10,10
29835,58,54,4,4
29836,74,71,3,3
29837,166,158,8,8
29838,178,164,14,14
29839,102,101,1,1
29840,106,97,9,9
29841,121,121,0,0
29842,157,151,6,6
29843,60,59,1,1
29844,116,107,9,9
29845,133,129,4,4
29846,50,48,2,2
29847,90,88,2,2
29848,138,124,14,14
29849,216,202,14,14
29850,114,109,5,5
29851,107,104,3,3
29852,68,60,8,8
29853,52,59,-7,7
29854,139,128,11,11
29855,98,86,12,12
29856,143,133,10,10
29857,97,86,11,11
29858,80,83,-3,3
29859,60,54,6,6
29860,104,100,4,4
29861,102,105,-3,3
29862,155,148,7,7
29863,157,138,19,19
29864,122,103,19,19
29865,89,86,3,3
29866,68,66,2,2
29867,68,69,-1,1
29868,102,103,-1,1
29869,107,107,0,0
29870,62,60,2,2
29871,145,147,-2,2
29872,92,87,5,5
29873,113,101,12,12
29874,72,65,7,7
29875,67,66,1,1
29876,86,83,3,3
29877,78,79,-1,1
29878,94,93,1,1
29879,103,88,15,15
29880,145,146,-1,1
29881,74,79,-5,5
29882,128,131,-3,3
29883,146,116,30,30
29884,54,57,-3,3
29885,162,144,18,18
29886,150,148,2,2
29887,57,64,-7,7
29888,118,117,1,1
29889,37,43,-6,6
29890,121,107,14,14
29891,130,115,15,15
29892,62,65,-3,3
29893,66,69,-3,3
29894,119,96,23,23
29895,120,105,15,15
29896,100,103,-3,3
29897,121,125,-4,4
29898,85,91,-6,6
29899,99,92,7,7
29900,63,67,-4,4
29901,98,84,14,14
29902,62,59,3,3
29903,78,75,3,3
29904,61,60,1,1
29905,110,98,12,12
29906,90,87,3,3
29907,125,98,27,27
29908,59,53,6,6
29909,83,73,10,10
29910,103,111,-8,8
29911,66,66,0,0
29912,131,126,5,5
29913,72,77,-5,5
29914,56,60,-4,4
29915,110,108,2,2
29916,72,76,-4,4
29917,120,121,-1,1
29918,82,83,-1,1
29919,79,80,-1,1
29920,169,156,13,13
29921,140,146,-6,6
29922,139,122,17,17
29923,53,59,-6,6
29924,93,100,-7,7
29925,95,86,9,9
29926,91,84,7,7
29927,96,89,7,7
29928,115,110,5,5
29929,80,73,7,7
29930,61,64,-3,3
29931,125,127,-2,2
29932,79,71,8,8
29933,113,103,10,10
29934,113,111,2,2
29935,79,79,0,0
29936,143,128,15,15
29937,69,82,-13,13
29938,71,92,-21,21
29939,67,66,1,1
29940,53,51,2,2
29941,132,139,-7,7
29942,129,121,8,8
29943,85,81,4,4
29944,107,106,1,1
29945,143,133,10,10
29946,57,48,9,9
29947,99,96,3,3
29948,54,64,-10,10
29949,102,106,-4,4
29950,64,64,0,0
29951,86,95,-9,9
29952,88,82,6,6
29953,170,148,22,22
29954,71,75,-4,4
29955,127,118,9,9
29956,61,60,1,1
29957,63,68,-5,5
29958,46,50,-4,4
29959,78,74,4,4
29960,85,89,-4,4
29961,86,73,13,13
29962,91,83,8,8
29963,75,67,8,8
29964,75,72,3,3
29965,73,96,-23,23
29966,74,74,0,0
29967,69,74,-5,5
29968,77,68,9,9
29969,119,115,4,4
29970,77,87,-10,10
29971,143,135,8,8
29972,132,129,3,3
29973,89,90,-1,1
29974,60,54,6,6
29975,131,130,1,1
29976,83,76,7,7
29977,80,72,8,8
29978,92,84,8,8
29979,187,181,6,6
29980,128,124,4,4
29981,151,136,15,15
29982,44,45,-1,1
29983,83,80,3,3
29984,78,69,9,9
29985,81,80,1,1
29986,73,72,1,1
29987,138,137,1,1
29988,45,50,-5,5
29989,58,61,-3,3
29990,105,105,0,0
29991,103,98,5,5
29992,91,88,3,3
29993,48,50,-2,2
29994,74,79,-5,5
29995,104,89,15,15
29996,69,69,0,0
29997,62,64,-2,2
29998,140,151,-11,11
29999,129,149,-20,20
30000,98,91,7,7
30001,99,93,6,6
30002,71,66,5,5
30003,149,156,-7,7
30004,101,102,-1,1
30005,114,119,-5,5
30006,181,169,12,12
30007,112,118,-6,6
30008,112,109,3,3
30009,95,91,4,4
30010,133,126,7,7
30011,168,149,19,19
30012,24,45,-21,21
30013,119,109,10,10
30014,102,95,7,7
30015,84,80,4,4
30016,134,123,11,11
30017,69,66,3,3
30018,66,62,4,4
30019,74,65,9,9
30020,113,109,4,4
30021,64,67,-3,3
30022,79,78,1,1
30023,103,86,17,17
30024,107,102,5,5
30025,66,73,-7,7
30026,88,86,2,2
30027,158,157,1,1
30028,123,107,16,16
30029,73,80,-7,7
30030,105,102,3,3
30031,65,68,-3,3
30032,119,117,2,2
30033,68,66,2,2
30034,64,64,0,0
30035,74,73,1,1
30036,23,31,-8,8
30037,97,92,5,5
30038,124,115,9,9
30039,72,71,1,1
30040,132,124,8,8
30041,42,54,-12,12
30042,121,110,11,11
30043,89,82,7,7
30044,113,106,7,7
30045,114,107,7,7
30046,57,53,4,4
30047,63,63,0,0
30048,121,118,3,3
30049,144,129,15,15
30050,118,113,5,5
30051,64,64,0,0
30052,121,112,9,9
30053,135,123,12,12
30054,80,85,-5,5
30055,110,100,10,10
30056,100,97,3,3
30057,94,98,-4,4
30058,83,77,6,6
30059,87,89,-2,2
30060,67,69,-2,2
30061,95,99,-4,4
30062,88,80,8,8
30063,93,94,-1,1
30064,91,76,15,15
30065,133,119,14,14
30066,77,94,-17,17
30067,106,108,-2,2
30068,53,63,-10,10
30069,89,92,-3,3
30070,154,127,27,27
30071,98,103,-5,5
30072,54,52,2,2
30073,79,80,-1,1
30074,115,109,6,6
30075,135,132,3,3
30076,81,79,2,2
30077,56,68,-12,12
30078,54,66,-12,12
30079,73,64,9,9
30080,80,84,-4,4
30081,114,103,11,11
30082,170,170,0,0
30083,124,117,7,7
30084,63,60,3,3
30085,93,103,-10,10
30086,77,73,4,4
30087,178,167,11,11
30088,67,66,1,1
30089,72,63,9,9
30090,60,59,1,1
30091,64,65,-1,1
30092,85,78,7,7
30093,158,149,9,9
30094,124,109,15,15
30095,70,113,-43,43
30096,61,67,-6,6
30097,110,117,-7,7
30098,94,100,-6,6
30099,161,146,15,15
30100,98,98,0,0
30101,165,151,14,14
30102,82,84,-2,2
30103,102,105,-3,3
30104,105,101,4,4
30105,85,97,-12,12
30106,106,108,-2,2
30107,91,78,13,13
30108,86,88,-2,2
30109,44,45,-1,1
30110,96,98,-2,2
30111,114,105,9,9
30112,83,83,0,0
30113,24,28,-4,4
30114,75,78,-3,3
30115,140,143,-3,3
30116,46,47,-1,1
30117,80,75,5,5
30118,82,95,-13,13
30119,125,116,9,9
30120,56,58,-2,2
30121,76,74,2,2
30122,44,45,-1,1
30123,102,91,11,11
30124,146,138,8,8
30125,46,44,2,2
30126,80,82,-2,2
30127,117,121,-4,4
30128,85,74,11,11
30129,60,54,6,6
30130,81,87,-6,6
30131,42,41,1,1
30132,79,86,-7,7
30133,98,88,10,10
30134,110,101,9,9
30135,74,70,4,4
30136,54,54,0,0
30137,113,116,-3,3
30138,78,88,-10,10
30139,52,47,5,5
30140,449,423,26,26
30141,121,118,3,3
30142,68,65,3,3
30143,35,40,-5,5
30144,36,39,-3,3
30145,81,87,-6,6
30146,155,146,9,9
30147,207,181,26,26
30148,105,106,-1,1
30149,66,72,-6,6
30150,105,87,18,18
30151,63,55,8,8
30152,97,91,6,6
30153,114,101,13,13
30154,69,68,1,1
30155,181,175,6,6
30156,58,64,-6,6
30157,56,60,-4,4
30158,41,44,-3,3
30159,61,65,-4,4
30160,108,114,-6,6
30161,113,103,10,10
30162,46,41,5,5
30163,85,80,5,5
30164,109,108,1,1
30165,144,142,2,2
30166,45,74,-29,29
30167,56,51,5,5
30168,71,64,7,7
30169,83,71,12,12
30170,72,75,-3,3
30171,92,80,12,12
30172,97,108,-11,11
30173,52,54,-2,2
30174,135,134,1,1
30175,69,71,-2,2
30176,88,91,-3,3
30177,79,74,5,5
30178,74,71,3,3
30179,74,76,-2,2
30180,102,107,-5,5
30181,154,133,21,21
30182,225,202,23,23
30183,98,103,-5,5
30184,77,78,-1,1
30185,164,141,23,23
30186,144,107,37,37
30187,75,70,5,5
30188,142,143,-1,1
30189,115,112,3,3
30190,81,79,2,2
30191,103,103,0,0
30192,94,98,-4,4
30193,76,90,-14,14
30194,50,53,-3,3
30195,108,116,-8,8
30196,146,135,11,11
30197,90,88,2,2
30198,129,120,9,9
30199,74,82,-8,8
30200,105,99,6,6
30201,91,88,3,3
30202,121,124,-3,3
30203,109,90,19,19
30204,85,97,-12,12
30205,111,114,-3,3
30206,136,126,10,10
30207,74,72,2,2
30208,89,94,-5,5
30209,102,97,5,5
30210,63,55,8,8
30211,113,114,-1,1
30212,92,78,14,14
30213,87,90,-3,3
30214,98,92,6,6
30215,111,107,4,4
30216,116,103,13,13
30217,133,130,3,3
30218,160,144,16,16
30219,86,86,0,0
30220,132,127,5,5
30221,110,106,4,4
30222,53,55,-2,2
30223,95,91,4,4
30224,88,86,2,2
30225,56,55,1,1
30226,75,76,-1,1
30227,76,76,0,0
30228,47,48,-1,1
30229,96,88,8,8
30230,39,58,-19,19
30231,159,134,25,25
30232,61,65,-4,4
30233,53,49,4,4
30234,84,83,1,1
30235,85,80,5,5
30236,82,87,-5,5
30237,88,91,-3,3
30238,87,80,7,7
30239,111,105,6,6
30240,161,145,16,16
30241,131,129,2,2
30242,89,80,9,9
30243,156,147,9,9
30244,61,59,2,2
30245,94,98,-4,4
30246,102,83,19,19
30247,167,166,1,1
30248,182,165,17,17
30249,59,51,8,8
30250,162,139,23,23
30251,132,124,8,8
30252,66,63,3,3
30253,88,84,4,4
30254,106,88,18,18
30255,59,63,-4,4
30256,86,86,0,0
30257,45,51,-6,6
30258,42,48,-6,6
30259,54,51,3,3
30260,79,82,-3,3
30261,139,138,1,1
30262,98,99,-1,1
30263,113,109,4,4
30264,87,83,4,4
30265,55,59,-4,4
30266,47,47,0,0
30267,93,98,-5,5
30268,55,57,-2,2
30269,113,135,-22,22
30270,87,77,10,10
30271,138,135,3,3
30272,106,94,12,12
30273,76,77,-1,1
30274,89,84,5,5
30275,90,81,9,9
30276,119,111,8,8
30277,106,102,4,4
30278,89,84,5,5
30279,80,81,-1,1
30280,77,78,-1,1
30281,138,122,16,16
30282,99,91,8,8
30283,70,77,-7,7
30284,107,102,5,5
30285,64,65,-1,1
30286,123,119,4,4
30287,75,78,-3,3
30288,46,51,-5,5
30289,94,92,2,2
30290,68,65,3,3
30291,116,120,-4,4
30292,68,75,-7,7
30293,42,36,6,6
30294,74,62,12,12
30295,102,101,1,1
30296,111,103,8,8
30297,102,105,-3,3
30298,155,171,-16,16
30299,97,99,-2,2
30300,75,68,7,7
30301,158,163,-5,5
30302,66,54,12,12
30303,72,67,5,5
30304,197,160,37,37
30305,133,112,21,21
30306,103,106,-3,3
30307,119,110,9,9
30308,88,89,-1,1
30309,56,61,-5,5
30310,59,68,-9,9
30311,73,86,-13,13
30312,100,93,7,7
30313,83,75,8,8
30314,104,100,4,4
30315,91,94,-3,3
30316,86,86,0,0
30317,62,58,4,4
30318,90,99,-9,9
30319,79,75,4,4
30320,127,121,6,6
30321,108,115,-7,7
30322,38,68,-30,30
30323,63,69,-6,6
30324,55,58,-3,3
30325,111,90,21,21
30326,53,58,-5,5
30327,77,73,4,4
30328,143,139,4,4
30329,136,126,10,10
30330,47,56,-9,9
30331,85,79,6,6
30332,96,93,3,3
30333,87,81,6,6
30334,87,82,5,5
30335,144,125,19,19
30336,105,94,11,11
30337,96,101,-5,5
30338,78,81,-3,3
30339,140,148,-8,8
30340,69,67,2,2
30341,41,48,-7,7
30342,73,80,-7,7
30343,75,75,0,0
30344,54,63,-9,9
30345,71,70,1,1
30346,92,94,-2,2
30347,78,74,4,4
30348,106,101,5,5
30349,77,81,-4,4
30350,74,75,-1,1
30351,59,56,3,3
30352,94,105,-11,11
30353,86,79,7,7
30354,102,108,-6,6
30355,87,91,-4,4
30356,121,117,4,4
30357,75,67,8,8
30358,108,101,7,7
30359,174,151,23,23
30360,119,111,8,8
30361,84,84,0,0
30362,98,94,4,4
30363,84,88,-4,4
30364,89,81,8,8
30365,87,75,12,12
30366,43,48,-5,5
30367,95,99,-4,4
30368,62,65,-3,3
30369,97,101,-4,4
30370,110,102,8,8
30371,102,106,-4,4
30372,95,98,-3,3
30373,84,85,-1,1
30374,88,92,-4,4
30375,101,97,4,4
30376,154,150,4,4
30377,159,146,13,13
30378,103,94,9,9
30379,75,75,0,0
30380,119,103,16,16
30381,27,24,3,3
30382,77,81,-4,4
30383,169,145,24,24
30384,151,147,4,4
30385,72,64,8,8
30386,145,123,22,22
30387,62,65,-3,3
30388,52,68,-16,16
30389,69,77,-8,8
30390,74,72,2,2
30391,102,79,23,23
30392,91,94,-3,3
30393,93,87,6,6
30394,81,80,1,1
30395,137,128,9,9
30396,157,152,5,5
30397,48,46,2,2
30398,122,120,2,2
30399,64,68,-4,4
30400,175,159,16,16
30401,74,58,16,16
30402,47,47,0,0
30403,103,95,8,8
30404,88,92,-4,4
30405,64,74,-10,10
30406,94,92,2,2
30407,111,103,8,8
30408,209,181,28,28
30409,80,76,4,4
30410,108,107,1,1
30411,103,99,4,4
30412,93,113,-20,20
30413,86,89,-3,3
30414,105,99,6,6
30415,110,102,8,8
30416,82,84,-2,2
30417,69,64,5,5
30418,43,39,4,4
30419,74,78,-4,4
30420,131,110,21,21
30421,137,130,7,7
30422,110,121,-11,11
30423,61,64,-3,3
30424,90,87,3,3
30425,78,70,8,8
30426,82,83,-1,1
30427,82,83,-1,1
30428,66,65,1,1
30429,136,133,3,3
30430,112,98,14,14
30431,71,72,-1,1
30432,114,113,1,1
30433,105,146,-41,41
30434,93,80,13,13
30435,122,122,0,0
30436,167,161,6,6
30437,67,64,3,3
30438,62,75,-13,13
30439,116,106,10,10
30440,120,106,14,14
30441,126,119,7,7
30442,110,103,7,7
30443,85,84,1,1
30444,124,112,12,12
30445,129,129,0,0
30446,99,112,-13,13
30447,172,160,12,12
30448,76,78,-2,2
30449,64,64,0,0
30450,138,123,15,15
30451,59,60,-1,1
30452,123,111,12,12
30453,140,104,36,36
30454,67,68,-1,1
30455,211,188,23,23
30456,155,140,15,15
30457,84,93,-9,9
30458,125,124,1,1
30459,72,71,1,1
30460,121,124,-3,3
30461,121,120,1,1
30462,141,138,3,3
30463,67,66,1,1
30464,73,97,-24,24
30465,107,107,0,0
30466,72,65,7,7
30467,65,68,-3,3
30468,82,79,3,3
30469,87,78,9,9
30470,87,79,8,8
30471,52,54,-2,2
30472,84,77,7,7
30473,81,76,5,5
30474,75,77,-2,2
30475,126,126,0,0
30476,45,48,-3,3
30477,48,53,-5,5
30478,77,77,0,0
30479,150,127,23,23
30480,100,95,5,5
30481,128,130,-2,2
30482,86,83,3,3
30483,72,64,8,8
30484,108,105,3,3
30485,61,41,20,20
30486,121,119,2,2
30487,132,129,3,3
30488,112,114,-2,2
30489,148,139,9,9
30490,89,99,-10,10
30491,47,55,-8,8
30492,75,74,1,1
30493,113,125,-12,12
30494,82,89,-7,7
30495,82,81,1,1
30496,155,138,17,17
30497,114,108,6,6
30498,85,92,-7,7
30499,97,96,1,1
30500,117,102,15,15
30501,57,55,2,2
30502,121,116,5,5
30503,50,48,2,2
30504,32,39,-7,7
30505,126,117,9,9
30506,85,83,2,2
30507,45,53,-8,8
30508,105,99,6,6
30509,84,86,-2,2
30510,99,88,11,11
30511,129,96,33,33
30512,115,107,8,8
30513,127,126,1,1
30514,42,63,-21,21
30515,86,94,-8,8
30516,106,102,4,4
30517,108,97,11,11
30518,143,135,8,8
30519,98,103,-5,5
30520,131,106,25,25
30521,117,110,7,7
30522,82,72,10,10
30523,79,77,2,2
30524,58,54,4,4
30525,96,89,7,7
30526,105,92,13,13
30527,103,89,14,14
30528,72,84,-12,12
30529,108,112,-4,4
30530,155,147,8,8
30531,164,146,18,18
30532,60,56,4,4
30533,130,119,11,11
30534,123,115,8,8
30535,104,100,4,4
30536,79,73,6,6
30537,136,128,8,8
30538,130,125,5,5
30539,135,116,19,19
30540,77,75,2,2
30541,136,124,12,12
30542,107,86,21,21
30543,127,113,14,14
30544,116,112,4,4
30545,132,126,6,6
30546,88,79,9,9
30547,74,70,4,4
30548,71,81,-10,10
30549,53,56,-3,3
30550,57,55,2,2
30551,189,173,16,16
30552,49,45,4,4
30553,124,126,-2,2
30554,127,119,8,8
30555,45,61,-16,16
30556,110,114,-4,4
30557,104,103,1,1
30558,82,83,-1,1
30559,133,125,8,8
30560,229,202,27,27
30561,64,71,-7,7
30562,107,96,11,11
30563,109,110,-1,1
30564,174,158,16,16
30565,176,166,10,10
30566,101,90,11,11
30567,113,104,9,9
30568,139,124,15,15
30569,56,54,2,2
30570,75,75,0,0
30571,89,86,3,3
30572,34,43,-9,9
30573,130,127,3,3
30574,81,71,10,10
30575,103,111,-8,8
30576,99,98,1,1
30577,136,135,1,1
30578,37,44,-7,7
30579,82,74,8,8
30580,125,119,6,6
30581,121,116,5,5
30582,94,89,5,5
30583,67,67,0,0
30584,110,118,-8,8
30585,82,80,2,2
30586,106,113,-7,7
30587,154,139,15,15
30588,97,94,3,3
30589,65,68,-3,3
30590,81,84,-3,3
30591,53,52,1,1
30592,123,108,15,15
30593,123,108,15,15
30594,60,47,13,13
30595,59,64,-5,5
30596,71,97,-26,26
30597,154,141,13,13
30598,89,86,3,3
30599,89,82,7,7
30600,95,86,9,9
30601,78,78,0,0
30602,79,80,-1,1
30603,132,129,3,3
30604,124,122,2,2
30605,125,118,7,7
30606,73,69,4,4
30607,109,110,-1,1
30608,84,80,4,4
30609,114,114,0,0
30610,98,97,1,1
30611,229,207,22,22
30612,118,118,0,0
30613,105,104,1,1
30614,56,62,-6,6
30615,86,82,4,4
30616,72,76,-4,4
30617,144,162,-18,18
30618,151,140,11,11
30619,91,86,5,5
30620,134,133,1,1
30621,142,132,10,10
30622,119,117,2,2
30623,115,106,9,9
30624,122,122,0,0
30625,121,111,10,10
30626,145,152,-7,7
30627,151,142,9,9
30628,99,79,20,20
30629,90,90,0,0
30630,115,137,-22,22
30631,65,82,-17,17
30632,90,87,3,3
30633,78,79,-1,1
30634,65,73,-8,8
30635,77,77,0,0
30636,64,65,-1,1
30637,204,186,18,18
30638,134,138,-4,4
30639,144,126,18,18
30640,127,126,1,1
30641,88,77,11,11
30642,61,67,-6,6
30643,118,117,1,1
30644,91,87,4,4
30645,143,121,22,22
30646,166,143,23,23
30647,77,71,6,6
30648,97,88,9,9
30649,97,98,-1,1
30650,98,83,15,15
30651,71,69,2,2
30652,77,71,6,6
30653,145,136,9,9
30654,127,119,8,8
30655,144,136,8,8
30656,128,116,12,12
30657,148,140,8,8
30658,67,63,4,4
30659,147,145,2,2
30660,85,93,-8,8
30661,98,95,3,3
30662,72,72,0,0
30663,74,77,-3,3
30664,111,113,-2,2
30665,80,76,4,4
30666,73,69,4,4
30667,79,78,1,1
30668,90,78,12,12
30669,104,94,10,10
30670,70,70,0,0
30671,99,96,3,3
30672,64,65,-1,1
30673,68,66,2,2
30674,96,91,5,5
30675,44,45,-1,1
30676,84,84,0,0
30677,81,75,6,6
30678,152,140,12,12
30679,69,71,-2,2
30680,86,99,-13,13
30681,89,96,-7,7
30682,151,142,9,9
30683,80,86,-6,6
30684,97,98,-1,1
30685,55,52,3,3
30686,126,112,14,14
30687,110,116,-6,6
30688,112,118,-6,6
30689,156,135,21,21
30690,52,70,-18,18
30691,88,86,2,2
30692,98,102,-4,4
30693,131,122,9,9
30694,114,104,10,10
30695,154,154,0,0
30696,52,53,-1,1
30697,134,132,2,2
30698,60,59,1,1
30699,68,70,-2,2
30700,119,115,4,4
30701,61,66,-5,5
30702,94,98,-4,4
30703,98,103,-5,5
30704,103,108,-5,5
30705,120,117,3,3
30706,97,95,2,2
30707,126,113,13,13
30708,103,97,6,6
30709,97,96,1,1
30710,89,82,7,7
30711,69,66,3,3
30712,58,55,3,3
30713,109,100,9,9
30714,91,78,13,13
30715,76,72,4,4
30716,206,189,17,17
30717,109,94,15,15
30718,167,155,12,12
30719,124,111,13,13
30720,68,66,2,2
30721,162,131,31,31
30722,92,88,4,4
30723,160,158,2,2
30724,107,103,4,4
30725,104,90,14,14
30726,72,64,8,8
30727,59,61,-2,2
30728,102,93,9,9
30729,110,115,-5,5
30730,71,68,3,3
30731,96,88,8,8
30732,117,111,6,6
30733,67,70,-3,3
30734,64,68,-4,4
30735,111,106,5,5
30736,54,44,10,10
30737,70,70,0,0
30738,89,83,6,6
30739,125,129,-4,4
30740,81,94,-13,13
30741,132,117,15,15
30742,122,119,3,3
30743,83,86,-3,3
30744,49,60,-11,11
30745,134,109,25,25
30746,86,84,2,2
30747,87,82,5,5
30748,113,112,1,1
30749,147,144,3,3
30750,57,65,-8,8
30751,81,76,5,5
30752,84,90,-6,6
30753,130,121,9,9
30754,103,95,8,8
30755,57,58,-1,1
30756,58,58,0,0
30757,147,124,23,23
30758,136,131,5,5
30759,78,76,2,2
30760,92,90,2,2
30761,69,72,-3,3
30762,151,137,14,14
30763,155,153,2,2
30764,80,86,-6,6
30765,71,65,6,6
30766,113,168,-55,55
30767,129,111,18,18
30768,113,106,7,7
30769,82,85,-3,3
30770,69,57,12,12
30771,95,89,6,6
30772,86,86,0,0
30773,86,77,9,9
30774,73,69,4,4
30775,84,86,-2,2
30776,99,92,7,7
30777,159,141,18,18
30778,94,96,-2,2
30779,93,93,0,0
30780,52,52,0,0
30781,92,91,1,1
30782,77,84,-7,7
30783,83,83,0,0
30784,145,139,6,6
30785,89,83,6,6
30786,98,92,6,6
30787,128,129,-1,1
30788,70,81,-11,11
30789,85,83,2,2
30790,94,92,2,2
30791,63,71,-8,8
30792,120,105,15,15
30793,93,99,-6,6
30794,113,108,5,5
30795,164,163,1,1
30796,121,115,6,6
30797,61,54,7,7
30798,100,116,-16,16
30799,67,60,7,7
30800,107,106,1,1
30801,56,49,7,7
30802,79,79,0,0
30803,116,140,-24,24
30804,139,132,7,7
30805,112,117,-5,5
30806,92,88,4,4
30807,108,101,7,7
30808,124,124,0,0
30809,158,158,0,0
30810,106,83,23,23
30811,132,121,11,11
30812,100,92,8,8
30813,64,93,-29,29
30814,128,118,10,10
30815,53,49,4,4
30816,54,51,3,3
30817,81,81,0,0
30818,67,66,1,1
30819,97,110,-13,13
30820,129,114,15,15
30821,122,102,20,20
30822,139,132,7,7
30823,44,44,0,0
30824,131,125,6,6
30825,67,71,-4,4
30826,115,104,11,11
30827,53,52,1,1
30828,84,78,6,6
30829,124,117,7,7
30830,74,65,9,9
30831,104,112,-8,8
30832,70,75,-5,5
30833,112,110,2,2
30834,90,75,15,15
30835,83,96,-13,13
30836,71,73,-2,2
30837,81,73,8,8
30838,124,137,-13,13
30839,161,159,2,2
30840,52,56,-4,4
30841,78,81,-3,3
30842,57,50,7,7
30843,113,109,4,4
30844,105,94,11,11
30845,119,102,17,17
30846,48,49,-1,1
30847,123,114,9,9
30848,96,88,8,8
30849,124,110,14,14
30850,129,127,2,2
30851,125,120,5,5
30852,104,103,1,1
30853,117,113,4,4
30854,151,144,7,7
30855,125,118,7,7
30856,87,94,-7,7
30857,71,70,1,1
30858,58,56,2,2
30859,127,123,4,4
30860,143,124,19,19
30861,78,74,4,4
30862,114,119,-5,5
30863,49,47,2,2
30864,86,88,-2,2
30865,81,87,-6,6
30866,85,83,2,2
30867,158,132,26,26
30868,57,51,6,6
30869,109,106,3,3
30870,95,90,5,5
30871,45,46,-1,1
30872,76,85,-9,9
30873,83,81,2,2
30874,100,112,-12,12
30875,65,81,-16,16
30876,76,79,-3,3
30877,47,54,-7,7
30878,70,71,-1,1
30879,157,153,4,4
30880,204,175,29,29
30881,88,82,6,6
30882,93,85,8,8
30883,53,61,-8,8
30884,97,97,0,0
30885,84,81,3,3
30886,66,73,-7,7
30887,73,74,-1,1
30888,64,68,-4,4
30889,102,90,12,12
30890,56,61,-5,5
30891,73,74,-1,1
30892,78,82,-4,4
30893,64,71,-7,7
30894,89,90,-1,1
30895,108,108,0,0
30896,79,68,11,11
30897,99,97,2,2
30898,104,102,2,2
30899,174,154,20,20
30900,76,77,-1,1
30901,67,74,-7,7
30902,103,96,7,7
30903,72,69,3,3
30904,65,77,-12,12
30905,79,80,-1,1
30906,39,68,-29,29
30907,42,42,0,0
30908,43,45,-2,2
30909,130,126,4,4
30910,56,57,-1,1
30911,67,69,-2,2
30912,61,59,2,2
30913,79,68,11,11
30914,122,98,24,24
30915,121,111,10,10
30916,87,76,11,11
30917,95,99,-4,4
30918,76,74,2,2
30919,98,87,11,11
30920,149,146,3,3
30921,37,42,-5,5
30922,91,77,14,14
30923,99,95,4,4
30924,64,69,-5,5
30925,113,106,7,7
30926,82,82,0,0
30927,71,73,-2,2
30928,103,106,-3,3
30929,58,64,-6,6
30930,112,105,7,7
30931,61,59,2,2
30932,60,69,-9,9
30933,118,121,-3,3
30934,48,49,-1,1
30935,86,75,11,11
30936,61,70,-9,9
30937,123,109,14,14
30938,151,141,10,10
30939,50,51,-1,1
30940,123,127,-4,4
30941,186,170,16,16
30942,59,66,-7,7
30943,141,137,4,4
30944,130,148,-18,18
30945,83,76,7,7
30946,63,64,-1,1
30947,168,146,22,22
30948,88,85,3,3
30949,49,53,-4,4
30950,47,55,-8,8
30951,81,84,-3,3
30952,176,149,27,27
30953,58,60,-2,2
30954,48,41,7,7
30955,117,114,3,3
30956,115,99,16,16
30957,120,111,9,9
30958,90,88,2,2
30959,46,53,-7,7
30960,113,122,-9,9
30961,64,67,-3,3
30962,126,113,13,13
30963,153,133,20,20
30964,114,105,9,9
30965,182,177,5,5
30966,114,112,2,2
30967,91,92,-1,1
30968,116,103,13,13
30969,135,122,13,13
30970,70,68,2,2
30971,80,73,7,7
30972,50,66,-16,16
30973,90,91,-1,1
30974,50,55,-5,5
30975,144,124,20,20
30976,77,76,1,1
30977,81,79,2,2
30978,41,36,5,5
30979,80,83,-3,3
30980,97,89,8,8
30981,65,68,-3,3
30982,70,70,0,0
30983,176,178,-2,2
30984,143,134,9,9
30985,79,77,2,2
30986,122,113,9,9
30987,135,129,6,6
30988,85,91,-6,6
30989,50,55,-5,5
30990,88,84,4,4
30991,120,107,13,13
30992,134,127,7,7
30993,74,75,-1,1
30994,86,88,-2,2
30995,95,91,4,4
30996,56,63,-7,7
30997,92,86,6,6
30998,86,85,1,1
30999,70,88,-18,18
31000,81,77,4,4
31001,113,112,1,1
31002,99,92,7,7
31003,77,78,-1,1
31004,31,33,-2,2
31005,99,92,7,7
31006,85,80,5,5
31007,80,86,-6,6
31008,92,89,3,3
31009,56,61,-5,5
31010,139,145,-6,6
31011,51,48,3,3
31012,36,43,-7,7
31013,126,112,14,14
31014,76,75,1,1
31015,96,106,-10,10
31016,87,90,-3,3
31017,117,108,9,9
31018,102,103,-1,1
31019,89,91,-2,2
31020,107,88,19,19
31021,79,79,0,0
31022,89,86,3,3
31023,67,61,6,6
31024,114,108,6,6
31025,69,69,0,0
31026,115,96,19,19
31027,168,165,3,3
31028,84,98,-14,14
31029,79,61,18,18
31030,133,134,-1,1
31031,123,104,19,19
31032,102,110,-8,8
31033,123,110,13,13
31034,97,87,10,10
31035,89,89,0,0
31036,92,96,-4,4
31037,171,149,22,22
31038,72,67,5,5
31039,92,96,-4,4
31040,54,62,-8,8
31041,113,114,-1,1
31042,110,94,16,16
31043,64,63,1,1
31044,64,65,-1,1
31045,69,65,4,4
31046,81,79,2,2
31047,101,97,4,4
31048,92,92,0,0
31049,85,89,-4,4
31050,58,54,4,4
31051,124,112,12,12
31052,81,75,6,6
31053,108,98,10,10
31054,93,86,7,7
31055,70,61,9,9
31056,119,91,28,28
31057,65,65,0,0
31058,90,81,9,9
31059,53,53,0,0
31060,73,77,-4,4
31061,52,51,1,1
31062,97,98,-1,1
31063,118,98,20,20
31064,95,88,7,7
31065,89,85,4,4
31066,66,69,-3,3
31067,75,77,-2,2
31068,107,99,8,8
31069,63,60,3,3
31070,148,131,17,17
31071,110,105,5,5
31072,96,106,-10,10
31073,123,122,1,1
31074,123,110,13,13
31075,106,92,14,14
31076,101,94,7,7
31077,105,102,3,3
31078,94,97,-3,3
31079,53,66,-13,13
31080,53,63,-10,10
31081,116,113,3,3
31082,122,126,-4,4
31083,96,101,-5,5
31084,117,110,7,7
31085,105,100,5,5
31086,74,74,0,0
31087,43,53,-10,10
31088,110,108,2,2
31089,71,73,-2,2
31090,72,65,7,7
31091,109,108,1,1
31092,142,140,2,2
31093,69,62,7,7
31094,127,132,-5,5
31095,113,117,-4,4
31096,61,64,-3,3
31097,108,103,5,5
31098,83,77,6,6
31099,58,64,-6,6
31100,107,103,4,4
31101,108,121,-13,13
31102,97,90,7,7
31103,101,88,13,13
31104,101,102,-1,1
31105,123,108,15,15
31106,68,67,1,1
31107,89,81,8,8
31108,47,48,-1,1
31109,128,111,17,17
31110,117,113,4,4
31111,94,85,9,9
31112,111,99,12,12
31113,51,53,-2,2
31114,65,73,-8,8
31115,79,95,-16,16
31116,140,135,5,5
31117,152,127,25,25
31118,108,106,2,2
31119,115,103,12,12
31120,78,86,-8,8
31121,100,98,2,2
31122,69,75,-6,6
31123,127,122,5,5
31124,64,59,5,5
31125,148,139,9,9
31126,105,98,7,7
31127,123,116,7,7
31128,56,55,1,1
31129,60,71,-11,11
31130,100,91,9,9
31131,77,97,-20,20
31132,89,109,-20,20
31133,63,68,-5,5
31134,70,69,1,1
31135,74,68,6,6
31136,74,82,-8,8
31137,149,125,24,24
31138,60,65,-5,5
31139,115,155,-40,40
31140,65,69,-4,4
31141,95,88,7,7
31142,126,134,-8,8
31143,84,91,-7,7
31144,114,99,15,15
31145,130,119,11,11
31146,117,104,13,13
31147,135,133,2,2
31148,110,110,0,0
31149,74,70,4,4
31150,91,82,9,9
31151,102,96,6,6
31152,76,83,-7,7
31153,81,97,-16,16
31154,117,109,8,8
31155,58,61,-3,3
31156,52,69,-17,17
31157,44,63,-19,19
31158,126,126,0,0
31159,102,100,2,2
31160,68,64,4,4
31161,96,111,-15,15
31162,116,100,16,16
31163,96,87,9,9
31164,44,52,-8,8
31165,49,44,5,5
31166,109,106,3,3
31167,40,50,-10,10
31168,84,112,-28,28
31169,57,56,1,1
31170,85,89,-4,4
31171,44,47,-3,3
31172,77,74,3,3
31173,70,77,-7,7
31174,63,69,-6,6
31175,75,69,6,6
31176,88,87,1,1
31177,98,92,6,6
31178,66,79,-13,13
31179,78,71,7,7
31180,95,97,-2,2
31181,99,121,-22,22
31182,20,90,-70,70
31183,88,90,-2,2
31184,165,153,12,12
31185,127,119,8,8
31186,55,57,-2,2
31187,145,137,8,8
31188,72,72,0,0
31189,84,77,7,7
31190,62,65,-3,3
31191,107,93,14,14
31192,113,92,21,21
31193,64,69,-5,5
31194,132,109,23,23
31195,80,75,5,5
31196,64,69,-5,5
31197,58,66,-8,8
31198,53,64,-11,11
31199,101,96,5,5
31200,97,89,8,8
31201,93,92,1,1
31202,87,75,12,12
31203,78,76,2,2
31204,70,62,8,8
31205,119,81,38,38
31206,66,68,-2,2
31207,82,88,-6,6
31208,117,96,21,21
31209,106,99,7,7
31210,79,77,2,2
31211,129,154,-25,25
31212,95,81,14,14
31213,66,68,-2,2
31214,63,62,1,1
31215,128,137,-9,9
31216,86,78,8,8
31217,87,90,-3,3
31218,115,109,6,6
31219,126,121,5,5
31220,66,101,-35,35
31221,138,131,7,7
31222,118,101,17,17
31223,105,101,4,4
31224,59,67,-8,8
31225,51,57,-6,6
31226,45,61,-16,16
31227,79,79,0,0
31228,103,87,16,16
31229,86,105,-19,19
31230,63,62,1,1
31231,104,100,4,4
31232,144,133,11,11
31233,160,142,18,18
31234,55,54,1,1
31235,83,79,4,4
31236,104,99,5,5
31237,61,63,-2,2
31238,92,97,-5,5
31239,72,74,-2,2
31240,103,95,8,8
31241,192,165,27,27
31242,89,82,7,7
31243,76,70,6,6
31244,70,76,-6,6
31245,81,73,8,8
31246,96,92,4,4
31247,120,111,9,9
31248,88,88,0,0
31249,81,70,11,11
31250,91,88,3,3
31251,104,92,12,12
31252,71,67,4,4
31253,51,51,0,0
31254,138,127,11,11
31255,88,72,16,16
31256,64,72,-8,8
31257,108,109,-1,1
31258,120,114,6,6
31259,78,96,-18,18
31260,158,139,19,19
31261,185,161,24,24
31262,168,170,-2,2
31263,96,100,-4,4
31264,100,80,20,20
31265,48,101,-53,53
31266,80,79,1,1
31267,49,52,-3,3
31268,108,104,4,4
31269,71,73,-2,2
31270,111,106,5,5
31271,75,69,6,6
31272,117,114,3,3
31273,156,137,19,19
31274,111,99,12,12
31275,108,108,0,0
31276,54,61,-7,7
31277,83,90,-7,7
31278,91,80,11,11
31279,53,58,-5,5
31280,46,48,-2,2
31281,39,48,-9,9
31282,97,109,-12,12
31283,97,104,-7,7
31284,93,84,9,9
31285,173,153,20,20
31286,76,72,4,4
31287,146,136,10,10
31288,128,131,-3,3
31289,81,71,10,10
31290,90,87,3,3
31291,109,109,0,0
31292,123,109,14,14
31293,100,93,7,7
31294,77,80,-3,3
31295,77,75,2,2
31296,109,109,0,0
31297,85,81,4,4
31298,94,89,5,5
31299,57,51,6,6
31300,51,54,-3,3
31301,50,58,-8,8
31302,80,73,7,7
31303,73,68,5,5
31304,68,74,-6,6
31305,153,134,19,19
31306,120,124,-4,4
31307,99,98,1,1
31308,97,91,6,6
31309,82,76,6,6
31310,85,92,-7,7
31311,84,81,3,3
31312,93,101,-8,8
31313,55,57,-2,2
31314,53,55,-2,2
31315,148,138,10,10
31316,115,118,-3,3
31317,116,110,6,6
31318,109,93,16,16
31319,72,77,-5,5
31320,85,84,1,1
31321,78,65,13,13
31322,133,118,15,15
31323,89,85,4,4
31324,53,66,-13,13
31325,145,152,-7,7
31326,75,70,5,5
31327,60,62,-2,2
31328,71,69,2,2
31329,62,67,-5,5
31330,165,149,16,16
31331,51,71,-20,20
31332,146,148,-2,2
31333,64,61,3,3
31334,75,81,-6,6
31335,79,72,7,7
31336,85,85,0,0
31337,100,96,4,4
31338,119,108,11,11
31339,106,108,-2,2
31340,79,78,1,1
31341,163,152,11,11
31342,121,122,-1,1
31343,66,73,-7,7
31344,114,110,4,4
31345,77,77,0,0
31346,57,61,-4,4
31347,87,90,-3,3
31348,86,79,7,7
31349,71,74,-3,3
31350,124,116,8,8
31351,65,60,5,5
31352,111,100,11,11
31353,62,68,-6,6
31354,94,81,13,13
31355,76,77,-1,1
31356,122,129,-7,7
31357,136,148,-12,12
31358,76,73,3,3
31359,82,92,-10,10
31360,62,63,-1,1
31361,65,62,3,3
31362,63,70,-7,7
31363,50,46,4,4
31364,56,69,-13,13
31365,80,86,-6,6
31366,95,84,11,11
31367,94,93,1,1
31368,90,76,14,14
31369,116,95,21,21
31370,113,100,13,13
31371,70,67,3,3
31372,31,37,-6,6
31373,70,76,-6,6
31374,72,67,5,5
31375,92,82,10,10
31376,82,78,4,4
31377,58,68,-10,10
31378,104,108,-4,4
31379,75,73,2,2
31380,90,91,-1,1
31381,130,119,11,11
31382,126,119,7,7
31383,89,85,4,4
31384,108,103,5,5
31385,51,57,-6,6
31386,132,128,4,4
31387,91,93,-2,2
31388,109,112,-3,3
31389,103,115,-12,12
31390,87,80,7,7
31391,123,122,1,1
31392,109,97,12,12
31393,77,88,-11,11
31394,96,95,1,1
31395,82,82,0,0
31396,111,108,3,3
31397,72,69,3,3
31398,117,105,12,12
31399,117,112,5,5
31400,137,133,4,4
31401,107,93,14,14
31402,91,90,1,1
31403,110,104,6,6
31404,76,83,-7,7
31405,83,74,9,9
31406,142,135,7,7
31407,97,93,4,4
31408,54,53,1,1
31409,71,74,-3,3
31410,91,97,-6,6
31411,100,98,2,2
31412,47,49,-2,2
31413,114,100,14,14
31414,65,53,12,12
31415,33,40,-7,7
31416,88,80,8,8
31417,102,102,0,0
31418,72,85,-13,13
31419,95,93,2,2
31420,100,96,4,4
31421,200,189,11,11
31422,147,131,16,16
31423,98,102,-4,4
31424,111,107,4,4
31425,105,103,2,2
31426,89,86,3,3
31427,108,105,3,3
31428,35,64,-29,29
31429,54,64,-10,10
31430,124,117,7,7
31431,90,77,13,13
31432,130,124,6,6
31433,138,127,11,11
31434,143,123,20,20
31435,74,75,-1,1
31436,47,55,-8,8
31437,64,65,-1,1
31438,174,171,3,3
31439,96,91,5,5
31440,132,130,2,2
31441,66,72,-6,6
31442,105,101,4,4
31443,128,125,3,3
31444,99,97,2,2
31445,70,70,0,0
31446,62,55,7,7
31447,78,75,3,3
31448,93,93,0,0
31449,89,72,17,17
31450,104,109,-5,5
31451,74,71,3,3
31452,102,85,17,17
31453,58,59,-1,1
31454,89,86,3,3
31455,84,77,7,7
31456,128,112,16,16
31457,91,92,-1,1
31458,80,70,10,10
31459,84,91,-7,7
31460,100,100,0,0
31461,115,108,7,7
31462,92,92,0,0
31463,155,153,2,2
31464,175,146,29,29
31465,79,76,3,3
31466,70,64,6,6
31467,64,73,-9,9
31468,111,108,3,3
31469,83,82,1,1
31470,92,94,-2,2
31471,153,145,8,8
31472,138,130,8,8
31473,90,104,-14,14
31474,104,108,-4,4
31475,52,50,2,2
31476,72,77,-5,5
31477,76,78,-2,2
31478,69,68,1,1
31479,145,131,14,14
31480,67,66,1,1
31481,79,75,4,4
31482,103,95,8,8
31483,145,145,0,0
31484,86,85,1,1
31485,112,103,9,9
31486,130,121,9,9
31487,173,153,20,20
31488,75,75,0,0
31489,195,161,34,34
31490,93,89,4,4
31491,102,92,10,10
31492,64,60,4,4
31493,68,68,0,0
31494,58,63,-5,5
31495,93,78,15,15
31496,119,99,20,20
31497,54,50,4,4
31498,72,88,-16,16
31499,82,82,0,0
31500,130,123,7,7
31501,75,79,-4,4
31502,73,79,-6,6
31503,72,75,-3,3
31504,243,259,-16,16
31505,62,80,-18,18
31506,79,67,12,12
31507,129,131,-2,2
31508,119,105,14,14
31509,121,118,3,3
31510,135,128,7,7
31511,64,56,8,8
31512,84,83,1,1
31513,68,72,-4,4
31514,89,81,8,8
31515,59,53,6,6
31516,67,74,-7,7
31517,108,112,-4,4
31518,55,59,-4,4
31519,161,132,29,29
31520,75,77,-2,2
31521,113,102,11,11
31522,102,95,7,7
31523,116,107,9,9
31524,134,129,5,5
31525,161,128,33,33
31526,122,100,22,22
31527,103,94,9,9
31528,75,75,0,0
31529,162,138,24,24
31530,76,82,-6,6
31531,57,62,-5,5
31532,74,77,-3,3
31533,78,70,8,8
31534,68,66,2,2
31535,101,92,9,9
31536,66,67,-1,1
31537,61,66,-5,5
31538,120,108,12,12
31539,62,61,1,1
31540,149,126,23,23
31541,85,89,-4,4
31542,126,111,15,15
31543,192,183,9,9
31544,94,89,5,5
31545,69,72,-3,3
31546,99,84,15,15
31547,114,102,12,12
31548,75,78,-3,3
31549,113,122,-9,9
31550,165,147,18,18
31551,133,122,11,11
31552,86,92,-6,6
31553,72,64,8,8
31554,97,94,3,3
31555,113,151,-38,38
31556,110,108,2,2
31557,119,121,-2,2
31558,60,62,-2,2
31559,72,82,-10,10
31560,110,105,5,5
31561,151,133,18,18
31562,70,70,0,0
31563,89,90,-1,1
31564,112,104,8,8
31565,70,71,-1,1
31566,64,65,-1,1
31567,155,154,1,1
31568,103,96,7,7
31569,115,105,10,10
31570,57,53,4,4
31571,92,95,-3,3
31572,96,88,8,8
31573,61,62,-1,1
31574,144,126,18,18
31575,75,77,-2,2
31576,138,124,14,14
31577,103,104,-1,1
31578,118,104,14,14
31579,80,83,-3,3
31580,107,99,8,8
31581,84,80,4,4
31582,87,82,5,5
31583,56,53,3,3
31584,129,132,-3,3
31585,94,89,5,5
31586,72,82,-10,10
31587,193,168,25,25
31588,141,118,23,23
31589,98,95,3,3
31590,116,119,-3,3
31591,154,142,12,12
31592,116,116,0,0
31593,75,83,-8,8
31594,107,95,12,12
31595,83,78,5,5
31596,103,105,-2,2
31597,99,95,4,4
31598,109,109,0,0
31599,95,91,4,4
31600,85,77,8,8
31601,81,76,5,5
31602,112,92,20,20
31603,82,75,7,7
31604,56,55,1,1
31605,64,68,-4,4
31606,105,116,-11,11
31607,118,111,7,7
31608,82,84,-2,2
31609,96,95,1,1
31610,69,65,4,4
31611,128,126,2,2
31612,88,92,-4,4
31613,90,83,7,7
31614,141,129,12,12
31615,75,82,-7,7
31616,108,105,3,3
31617,153,143,10,10
31618,101,96,5,5
31619,76,76,0,0
31620,86,91,-5,5
31621,49,47,2,2
31622,130,125,5,5
31623,95,91,4,4
31624,33,46,-13,13
31625,156,152,4,4
31626,49,45,4,4
31627,89,82,7,7
31628,86,73,13,13
31629,80,77,3,3
31630,97,93,4,4
31631,59,66,-7,7
31632,153,141,12,12
31633,51,53,-2,2
31634,88,72,16,16
31635,145,153,-8,8
31636,165,173,-8,8
31637,74,80,-6,6
31638,80,86,-6,6
31639,101,93,8,8
31640,46,48,-2,2
31641,62,62,0,0
31642,107,94,13,13
31643,66,66,0,0
31644,153,145,8,8
31645,75,71,4,4
31646,49,51,-2,2
31647,120,122,-2,2
31648,131,120,11,11
31649,106,106,0,0
31650,147,136,11,11
31651,81,83,-2,2
31652,94,94,0,0
31653,57,70,-13,13
31654,61,71,-10,10
31655,47,45,2,2
31656,53,51,2,2
31657,117,107,10,10
31658,98,74,24,24
31659,48,48,0,0
31660,190,183,7,7
31661,68,67,1,1
31662,106,98,8,8
31663,57,64,-7,7
31664,131,125,6,6
31665,132,122,10,10
31666,74,75,-1,1
31667,125,122,3,3
31668,86,86,0,0
31669,49,48,1,1
31670,95,81,14,14
31671,67,63,4,4
31672,82,86,-4,4
31673,93,101,-8,8
31674,52,62,-10,10
31675,55,53,2,2
31676,111,103,8,8
31677,73,69,4,4
31678,72,81,-9,9
31679,160,153,7,7
31680,97,99,-2,2
31681,95,88,7,7
31682,117,91,26,26
31683,67,60,7,7
31684,55,55,0,0
31685,103,92,11,11
31686,108,107,1,1
31687,82,76,6,6
31688,155,139,16,16
31689,87,87,0,0
31690,88,81,7,7
31691,84,96,-12,12
31692,66,74,-8,8
31693,59,59,0,0
31694,80,76,4,4
31695,120,123,-3,3
31696,92,90,2,2
31697,36,34,2,2
31698,89,78,11,11
31699,113,101,12,12
31700,86,86,0,0
31701,117,134,-17,17
31702,78,73,5,5
31703,72,77,-5,5
31704,76,66,10,10
31705,76,76,0,0
31706,87,85,2,2
31707,76,94,-18,18
31708,79,60,19,19
31709,51,48,3,3
31710,121,128,-7,7
31711,100,88,12,12
31712,83,80,3,3
31713,84,73,11,11
31714,100,102,-2,2
31715,125,117,8,8
31716,73,65,8,8
31717,59,57,2,2
31718,79,78,1,1
31719,76,81,-5,5
31720,108,111,-3,3
31721,64,73,-9,9
31722,101,92,9,9
31723,140,118,22,22
31724,89,89,0,0
31725,72,68,4,4
31726,82,85,-3,3
31727,68,67,1,1
31728,41,51,-10,10
31729,77,78,-1,1
31730,150,137,13,13
31731,121,110,11,11
31732,96,112,-16,16
31733,50,53,-3,3
31734,45,52,-7,7
31735,118,120,-2,2
31736,108,103,5,5
31737,74,67,7,7
31738,148,133,15,15
31739,109,102,7,7
31740,53,52,1,1
31741,69,68,1,1
31742,75,72,3,3
31743,75,85,-10,10
31744,93,90,3,3
31745,36,37,-1,1
31746,62,70,-8,8
31747,139,134,5,5
31748,67,68,-1,1
31749,199,191,8,8
31750,61,57,4,4
31751,66,67,-1,1
31752,58,57,1,1
31753,58,57,1,1
31754,98,102,-4,4
31755,65,61,4,4
31756,96,94,2,2
31757,105,104,1,1
31758,44,50,-6,6
31759,116,112,4,4
31760,87,86,1,1
31761,94,92,2,2
31762,130,131,-1,1
31763,103,98,5,5
31764,85,81,4,4
31765,94,99,-5,5
31766,78,74,4,4
31767,120,112,8,8
31768,48,50,-2,2
31769,107,95,12,12
31770,87,87,0,0
31771,115,113,2,2
31772,122,116,6,6
31773,137,121,16,16
31774,19,31,-12,12
31775,90,93,-3,3
31776,45,45,0,0
31777,53,58,-5,5
31778,132,114,18,18
31779,54,47,7,7
31780,123,127,-4,4
31781,88,99,-11,11
31782,90,82,8,8
31783,112,106,6,6
31784,67,65,2,2
31785,50,54,-4,4
31786,65,66,-1,1
31787,44,48,-4,4
31788,86,93,-7,7
31789,65,66,-1,1
31790,80,96,-16,16
31791,128,116,12,12
31792,166,129,37,37
31793,105,95,10,10
31794,77,74,3,3
31795,113,114,-1,1
31796,82,81,1,1
31797,94,96,-2,2
31798,123,116,7,7
31799,118,117,1,1
31800,159,143,16,16
31801,100,83,17,17
31802,95,86,9,9
31803,128,128,0,0
31804,67,78,-11,11
31805,131,116,15,15
31806,78,76,2,2
31807,58,59,-1,1
31808,126,113,13,13
31809,136,135,1,1
31810,75,71,4,4
31811,100,95,5,5
31812,52,51,1,1
31813,94,84,10,10
31814,64,70,-6,6
31815,65,65,0,0
31816,85,83,2,2
31817,100,94,6,6
31818,134,128,6,6
31819,88,86,2,2
31820,87,85,2,2
31821,112,106,6,6
31822,222,198,24,24
31823,103,92,11,11
31824,131,147,-16,16
31825,143,139,4,4
31826,89,89,0,0
31827,144,125,19,19
31828,90,85,5,5
31829,117,108,9,9
31830,41,43,-2,2
31831,161,152,9,9
31832,87,90,-3,3
31833,67,67,0,0
31834,89,95,-6,6
31835,58,51,7,7
31836,54,54,0,0
31837,66,59,7,7
31838,62,70,-8,8
31839,46,50,-4,4
31840,116,112,4,4
31841,146,143,3,3
31842,153,155,-2,2
31843,110,93,17,17
31844,83,71,12,12
31845,138,121,17,17
31846,117,104,13,13
31847,86,78,8,8
31848,170,158,12,12
31849,96,98,-2,2
31850,57,53,4,4
31851,102,89,13,13
31852,96,93,3,3
31853,88,83,5,5
31854,117,118,-1,1
31855,83,95,-12,12
31856,94,102,-8,8
31857,68,76,-8,8
31858,81,75,6,6
31859,165,160,5,5
31860,93,82,11,11
31861,169,158,11,11
31862,79,82,-3,3
31863,91,85,6,6
31864,96,91,5,5
31865,107,89,18,18
31866,98,90,8,8
31867,81,73,8,8
31868,125,125,0,0
31869,111,104,7,7
31870,50,56,-6,6
31871,102,101,1,1
31872,94,82,12,12
31873,57,54,3,3
31874,110,103,7,7
31875,89,81,8,8
31876,69,67,2,2
31877,116,113,3,3
31878,135,116,19,19
31879,76,70,6,6
31880,98,85,13,13
31881,72,71,1,1
31882,68,74,-6,6
31883,77,74,3,3
31884,125,136,-11,11
31885,115,103,12,12
31886,136,119,17,17
31887,80,73,7,7
31888,82,80,2,2
31889,76,79,-3,3
31890,82,76,6,6
31891,138,127,11,11
31892,108,99,9,9
31893,153,141,12,12
31894,76,74,2,2
31895,100,88,12,12
31896,97,98,-1,1
31897,119,113,6,6
31898,35,47,-12,12
31899,39,40,-1,1
31900,102,91,11,11
31901,93,105,-12,12
31902,122,113,9,9
31903,88,81,7,7
31904,84,83,1,1
31905,207,187,20,20
31906,67,68,-1,1
31907,111,109,2,2
31908,75,74,1,1
31909,112,96,16,16
31910,59,58,1,1
31911,66,67,-1,1
31912,161,156,5,5
31913,80,85,-5,5
31914,64,69,-5,5
31915,123,78,45,45
31916,123,112,11,11
31917,144,139,5,5
31918,61,63,-2,2
31919,85,75,10,10
31920,100,91,9,9
31921,100,92,8,8
31922,65,58,7,7
31923,75,66,9,9
31924,104,89,15,15
31925,112,116,-4,4
31926,93,83,10,10
31927,69,66,3,3
31928,58,57,1,1
31929,120,99,21,21
31930,131,114,17,17
31931,101,88,13,13
31932,156,151,5,5
31933,83,76,7,7
31934,62,65,-3,3
31935,94,92,2,2
31936,87,89,-2,2
31937,182,162,20,20
31938,132,123,9,9
31939,100,101,-1,1
31940,74,75,-1,1
31941,57,65,-8,8
31942,95,93,2,2
31943,64,53,11,11
31944,99,95,4,4
31945,102,108,-6,6
31946,144,124,20,20
31947,152,136,16,16
31948,66,61,5,5
31949,57,60,-3,3
31950,73,79,-6,6
31951,85,81,4,4
31952,111,99,12,12
31953,78,78,0,0
31954,87,80,7,7
31955,58,67,-9,9
31956,125,116,9,9
31957,98,90,8,8
31958,127,118,9,9
31959,125,113,12,12
31960,107,107,0,0
31961,57,67,-10,10
31962,161,146,15,15
31963,109,99,10,10
31964,110,95,15,15
31965,64,66,-2,2
31966,304,311,-7,7
31967,75,74,1,1
31968,161,155,6,6
31969,85,94,-9,9
31970,124,106,18,18
31971,53,53,0,0
31972,98,100,-2,2
31973,124,119,5,5
31974,67,61,6,6
31975,59,68,-9,9
31976,115,102,13,13
31977,91,84,7,7
31978,108,104,4,4
31979,82,83,-1,1
31980,104,91,13,13
31981,65,75,-10,10
31982,107,103,4,4
31983,140,140,0,0
31984,83,81,2,2
31985,128,134,-6,6
31986,65,57,8,8
31987,70,72,-2,2
31988,160,156,4,4
31989,94,92,2,2
31990,74,68,6,6
31991,99,99,0,0
31992,105,95,10,10
31993,65,67,-2,2
31994,46,51,-5,5
31995,72,70,2,2
31996,53,46,7,7
31997,110,105,5,5
31998,100,88,12,12
31999,65,71,-6,6
32000,102,94,8,8
32001,128,122,6,6
32002,90,82,8,8
32003,139,148,-9,9
32004,145,123,22,22
32005,89,82,7,7
32006,68,76,-8,8
32007,64,65,-1,1
32008,79,83,-4,4
32009,86,74,12,12
32010,60,67,-7,7
32011,101,91,10,10
32012,36,46,-10,10
32013,103,97,6,6
32014,52,49,3,3
32015,152,144,8,8
32016,80,89,-9,9
32017,142,123,19,19
32018,129,113,16,16
32019,140,111,29,29
32020,49,53,-4,4
32021,147,146,1,1
32022,100,90,10,10
32023,59,65,-6,6
32024,106,104,2,2
32025,88,87,1,1
32026,86,85,1,1
32027,106,92,14,14
32028,110,105,5,5
32029,43,36,7,7
32030,114,115,-1,1
32031,77,72,5,5
32032,103,99,4,4
32033,125,122,3,3
32034,65,66,-1,1
32035,105,99,6,6
32036,98,110,-12,12
32037,132,142,-10,10
32038,119,113,6,6
32039,80,82,-2,2
32040,107,103,4,4
32041,94,83,11,11
32042,59,77,-18,18
32043,109,110,-1,1
32044,144,142,2,2
32045,45,51,-6,6
32046,66,43,23,23
32047,122,121,1,1
32048,88,86,2,2
32049,53,49,4,4
32050,58,68,-10,10
32051,68,67,1,1
32052,104,96,8,8
32053,129,129,0,0
32054,55,53,2,2
32055,80,68,12,12
32056,100,103,-3,3
32057,64,75,-11,11
32058,150,143,7,7
32059,80,76,4,4
32060,96,86,10,10
32061,83,80,3,3
32062,39,42,-3,3
32063,112,96,16,16
32064,146,136,10,10
32065,91,95,-4,4
32066,77,85,-8,8
32067,121,118,3,3
32068,113,110,3,3
32069,132,133,-1,1
32070,102,102,0,0
32071,71,67,4,4
32072,81,77,4,4
32073,60,72,-12,12
32074,112,97,15,15
32075,95,86,9,9
32076,116,105,11,11
32077,85,86,-1,1
32078,116,122,-6,6
32079,107,103,4,4
32080,156,140,16,16
32081,84,85,-1,1
32082,77,72,5,5
32083,111,100,11,11
32084,61,85,-24,24
32085,124,124,0,0
32086,106,96,10,10
32087,116,111,5,5
32088,64,76,-12,12
32089,108,101,7,7
32090,76,72,4,4
32091,72,73,-1,1
32092,75,72,3,3
32093,66,68,-2,2
32094,128,133,-5,5
32095,189,161,28,28
32096,120,119,1,1
32097,64,61,3,3
32098,141,137,4,4
32099,96,92,4,4
32100,170,164,6,6
32101,83,80,3,3
32102,101,100,1,1
32103,81,88,-7,7
32104,43,45,-2,2
32105,150,136,14,14
32106,70,65,5,5
32107,89,77,12,12
32108,115,102,13,13
32109,103,99,4,4
32110,54,55,-1,1
32111,63,60,3,3
32112,127,132,-5,5
32113,96,81,15,15
32114,79,91,-12,12
32115,83,83,0,0
32116,108,97,11,11
32117,116,103,13,13
32118,121,113,8,8
32119,127,110,17,17
32120,109,109,0,0
32121,96,93,3,3
32122,82,82,0,0
32123,103,127,-24,24
32124,142,137,5,5
32125,161,142,19,19
32126,126,125,1,1
32127,78,72,6,6
32128,157,150,7,7
32129,63,67,-4,4
32130,64,65,-1,1
32131,90,81,9,9
32132,95,96,-1,1
32133,146,138,8,8
32134,56,55,1,1
32135,48,47,1,1
32136,68,69,-1,1
32137,94,95,-1,1
32138,87,84,3,3
32139,122,108,14,14
32140,126,111,15,15
32141,55,74,-19,19
32142,61,64,-3,3
32143,89,96,-7,7
32144,62,70,-8,8
32145,71,68,3,3
32146,87,88,-1,1
32147,39,37,2,2
32148,123,112,11,11
32149,79,84,-5,5
32150,109,100,9,9
32151,101,104,-3,3
32152,107,101,6,6
32153,114,105,9,9
32154,81,89,-8,8
32155,167,154,13,13
32156,71,74,-3,3
32157,65,71,-6,6
32158,76,72,4,4
32159,94,90,4,4
32160,162,145,17,17
32161,86,98,-12,12
32162,162,155,7,7
32163,50,47,3,3
32164,109,97,12,12
32165,70,66,4,4
32166,69,66,3,3
32167,36,38,-2,2
32168,117,103,14,14
32169,104,87,17,17
32170,107,106,1,1
32171,66,67,-1,1
32172,98,96,2,2
32173,113,116,-3,3
32174,57,60,-3,3
32175,117,110,7,7
32176,79,88,-9,9
32177,88,85,3,3
32178,101,97,4,4
32179,98,95,3,3
32180,164,170,-6,6
32181,108,102,6,6
32182,79,73,6,6
32183,77,85,-8,8
32184,81,80,1,1
32185,111,104,7,7
32186,108,104,4,4
32187,104,97,7,7
32188,51,45,6,6
32189,79,77,2,2
32190,141,133,8,8
32191,105,99,6,6
32192,79,84,-5,5
32193,121,106,15,15
32194,85,90,-5,5
32195,60,58,2,2
32196,76,71,5,5
32197,66,64,2,2
32198,140,124,16,16
32199,115,94,21,21
32200,135,117,18,18
32201,137,145,-8,8
32202,108,111,-3,3
32203,56,63,-7,7
32204,145,137,8,8
32205,107,93,14,14
32206,75,70,5,5
32207,73,74,-1,1
32208,58,60,-2,2
32209,73,68,5,5
32210,100,92,8,8
32211,154,141,13,13
32212,89,81,8,8
32213,86,77,9,9
32214,218,185,33,33
32215,96,93,3,3
32216,72,74,-2,2
32217,136,145,-9,9
32218,197,182,15,15
32219,75,78,-3,3
32220,138,130,8,8
32221,112,109,3,3
32222,97,98,-1,1
32223,50,56,-6,6
32224,144,127,17,17
32225,62,63,-1,1
32226,91,98,-7,7
32227,108,104,4,4
32228,111,108,3,3
32229,154,140,14,14
32230,84,86,-2,2
32231,181,174,7,7
32232,80,77,3,3
32233,134,126,8,8
32234,78,86,-8,8
32235,243,213,30,30
32236,59,53,6,6
32237,83,70,13,13
32238,76,64,12,12
32239,88,82,6,6
32240,62,65,-3,3
32241,81,76,5,5
32242,127,124,3,3
32243,119,109,10,10
32244,70,72,-2,2
32245,114,96,18,18
32246,91,87,4,4
32247,120,101,19,19
32248,61,57,4,4
32249,73,72,1,1
32250,77,83,-6,6
32251,175,169,6,6
32252,86,82,4,4
32253,125,114,11,11
32254,109,98,11,11
32255,90,93,-3,3
32256,71,74,-3,3
32257,64,64,0,0
32258,91,83,8,8
32259,116,110,6,6
32260,63,60,3,3
32261,79,77,2,2
32262,56,53,3,3
32263,144,135,9,9
32264,130,113,17,17
32265,73,70,3,3
32266,64,54,10,10
32267,146,126,20,20
32268,30,45,-15,15
32269,107,103,4,4
32270,80,85,-5,5
32271,94,110,-16,16
32272,57,58,-1,1
32273,85,86,-1,1
32274,157,143,14,14
32275,131,130,1,1
32276,170,141,29,29
32277,115,119,-4,4
32278,124,104,20,20
32279,83,82,1,1
32280,139,130,9,9
32281,104,103,1,1
32282,54,55,-1,1
32283,117,109,8,8
32284,84,92,-8,8
32285,97,86,11,11
32286,50,42,8,8
32287,57,67,-10,10
32288,84,82,2,2
32289,70,71,-1,1
32290,75,79,-4,4
32291,33,56,-23,23
32292,110,124,-14,14
32293,60,64,-4,4
32294,66,67,-1,1
32295,121,111,10,10
32296,97,93,4,4
32297,128,116,12,12
32298,82,76,6,6
32299,110,102,8,8
32300,135,132,3,3
32301,96,94,2,2
32302,79,70,9,9
32303,82,74,8,8
32304,112,98,14,14
32305,119,117,2,2
32306,113,88,25,25
32307,129,123,6,6
32308,30,31,-1,1
32309,143,136,7,7
32310,48,53,-5,5
32311,70,74,-4,4
32312,66,96,-30,30
32313,117,120,-3,3
32314,49,48,1,1
32315,73,72,1,1
32316,104,107,-3,3
32317,78,89,-11,11
32318,94,96,-2,2
32319,39,42,-3,3
32320,163,149,14,14
32321,131,126,5,5
32322,78,83,-5,5
32323,107,107,0,0
32324,40,44,-4,4
32325,83,81,2,2
32326,88,99,-11,11
32327,104,97,7,7
32328,116,104,12,12
32329,144,126,18,18
32330,93,93,0,0
32331,89,86,3,3
32332,110,103,7,7
32333,62,87,-25,25
32334,100,98,2,2
32335,79,80,-1,1
32336,80,79,1,1
32337,120,118,2,2
32338,84,98,-14,14
32339,88,91,-3,3
32340,132,139,-7,7
32341,93,86,7,7
32342,79,83,-4,4
32343,27,35,-8,8
32344,97,93,4,4
32345,167,149,18,18
32346,146,151,-5,5
32347,45,44,1,1
32348,53,49,4,4
32349,57,57,0,0
32350,40,44,-4,4
32351,77,86,-9,9
32352,120,112,8,8
32353,87,95,-8,8
32354,189,166,23,23
32355,84,87,-3,3
32356,68,67,1,1
32357,85,88,-3,3
32358,75,78,-3,3
32359,58,57,1,1
32360,67,66,1,1
32361,58,57,1,1
32362,38,46,-8,8
32363,63,68,-5,5
32364,82,88,-6,6
32365,111,120,-9,9
32366,168,149,19,19
32367,67,65,2,2
32368,92,90,2,2
32369,43,40,3,3
32370,126,114,12,12
32371,94,89,5,5
32372,108,117,-9,9
32373,80,87,-7,7
32374,159,142,17,17
32375,101,82,19,19
32376,71,66,5,5
32377,77,81,-4,4
32378,53,56,-3,3
32379,96,98,-2,2
32380,144,124,20,20
32381,96,96,0,0
32382,120,120,0,0
32383,91,86,5,5
32384,57,64,-7,7
32385,95,96,-1,1
32386,114,114,0,0
32387,115,118,-3,3
32388,63,56,7,7
32389,103,89,14,14
32390,213,195,18,18
32391,82,89,-7,7
32392,113,99,14,14
32393,75,76,-1,1
32394,122,124,-2,2
32395,82,69,13,13
32396,112,100,12,12
32397,114,109,5,5
32398,62,51,11,11
32399,145,129,16,16
32400,153,154,-1,1
32401,102,70,32,32
32402,65,67,-2,2
32403,79,67,12,12
32404,85,85,0,0
32405,69,64,5,5
32406,69,71,-2,2
32407,106,92,14,14
32408,73,68,5,5
32409,95,85,10,10
32410,68,74,-6,6
32411,72,75,-3,3
32412,71,76,-5,5
32413,135,127,8,8
32414,115,108,7,7
32415,75,76,-1,1
32416,57,58,-1,1
32417,33,39,-6,6
32418,73,73,0,0
32419,147,141,6,6
32420,100,97,3,3
32421,81,79,2,2
32422,130,124,6,6
32423,63,63,0,0
32424,75,78,-3,3
32425,97,103,-6,6
32426,80,84,-4,4
32427,67,67,0,0
32428,135,131,4,4
32429,48,47,1,1
32430,113,114,-1,1
32431,62,62,0,0
32432,66,63,3,3
32433,62,54,8,8
32434,140,148,-8,8
32435,82,85,-3,3
32436,86,85,1,1
32437,123,120,3,3
32438,134,127,7,7
32439,63,67,-4,4
32440,142,129,13,13
32441,63,64,-1,1
32442,94,85,9,9
32443,72,76,-4,4
32444,146,135,11,11
32445,90,69,21,21
32446,57,59,-2,2
32447,51,64,-13,13
32448,64,65,-1,1
32449,80,86,-6,6
32450,105,101,4,4
32451,109,103,6,6
32452,99,106,-7,7
32453,209,184,25,25
32454,82,72,10,10
32455,49,55,-6,6
32456,72,69,3,3
32457,62,62,0,0
32458,50,52,-2,2
32459,153,146,7,7
32460,140,114,26,26
32461,95,86,9,9
32462,81,75,6,6
32463,114,99,15,15
32464,130,126,4,4
32465,31,41,-10,10
32466,86,91,-5,5
32467,100,103,-3,3
32468,58,55,3,3
32469,58,57,1,1
32470,95,81,14,14
32471,121,120,1,1
32472,83,82,1,1
32473,152,138,14,14
32474,138,135,3,3
32475,128,125,3,3
32476,92,100,-8,8
32477,64,69,-5,5
32478,72,78,-6,6
32479,110,110,0,0
32480,57,55,2,2
32481,99,91,8,8
32482,98,91,7,7
32483,73,83,-10,10
32484,53,54,-1,1
32485,55,67,-12,12
32486,61,62,-1,1
32487,239,210,29,29
32488,86,84,2,2
32489,133,113,20,20
32490,80,81,-1,1
32491,76,68,8,8
32492,79,69,10,10
32493,140,121,19,19
32494,97,98,-1,1
32495,74,62,12,12
32496,142,127,15,15
32497,82,79,3,3
32498,62,61,1,1
32499,101,105,-4,4
32500,69,84,-15,15
32501,171,148,23,23
32502,69,76,-7,7
32503,72,69,3,3
32504,93,90,3,3
32505,78,82,-4,4
32506,68,69,-1,1
32507,54,53,1,1
32508,110,109,1,1
32509,69,80,-11,11
32510,92,85,7,7
32511,65,63,2,2
32512,28,34,-6,6
32513,65,68,-3,3
32514,69,64,5,5
32515,119,102,17,17
32516,78,73,5,5
32517,75,73,2,2
32518,70,68,2,2
32519,57,67,-10,10
32520,88,89,-1,1
32521,80,71,9,9
32522,113,110,3,3
32523,63,68,-5,5
32524,91,87,4,4
32525,141,122,19,19
32526,88,85,3,3
32527,46,50,-4,4
32528,109,103,6,6
32529,98,98,0,0
32530,177,163,14,14
32531,142,140,2,2
32532,56,60,-4,4
32533,166,140,26,26
32534,70,66,4,4
32535,64,66,-2,2
32536,70,71,-1,1
32537,66,74,-8,8
32538,104,90,14,14
32539,131,116,15,15
32540,82,85,-3,3
32541,65,65,0,0
32542,95,91,4,4
32543,79,72,7,7
32544,86,82,4,4
32545,84,80,4,4
32546,103,87,16,16
32547,77,75,2,2
32548,125,115,10,10
32549,122,116,6,6
32550,64,59,5,5
32551,95,104,-9,9
32552,79,81,-2,2
32553,67,64,3,3
32554,160,147,13,13
32555,103,97,6,6
32556,114,105,9,9
32557,74,77,-3,3
32558,123,115,8,8
32559,50,59,-9,9
32560,53,54,-1,1
32561,195,192,3,3
32562,71,72,-1,1
32563,171,146,25,25
32564,90,93,-3,3
32565,75,75,0,0
32566,84,88,-4,4
32567,86,100,-14,14
32568,101,101,0,0
32569,131,112,19,19
32570,159,139,20,20
32571,52,63,-11,11
32572,119,110,9,9
32573,85,80,5,5
32574,97,94,3,3
32575,73,75,-2,2
32576,54,62,-8,8
32577,73,68,5,5
32578,127,114,13,13
32579,164,158,6,6
32580,104,89,15,15
32581,57,57,0,0
32582,40,49,-9,9
32583,103,98,5,5
32584,149,129,20,20
32585,105,96,9,9
32586,184,160,24,24
32587,74,72,2,2
32588,145,127,18,18
32589,74,79,-5,5
32590,83,91,-8,8
32591,82,73,9,9
32592,85,99,-14,14
32593,133,133,0,0
32594,68,65,3,3
32595,56,76,-20,20
32596,183,169,14,14
32597,66,63,3,3
32598,115,122,-7,7
32599,86,82,4,4
32600,64,67,-3,3
32601,41,46,-5,5
32602,97,113,-16,16
32603,76,74,2,2
32604,64,67,-3,3
32605,67,66,1,1
32606,92,85,7,7
32607,86,87,-1,1
32608,86,84,2,2
32609,114,110,4,4
32610,134,115,19,19
32611,80,69,11,11
32612,151,162,-11,11
32613,99,93,6,6
32614,144,138,6,6
32615,118,101,17,17
32616,74,74,0,0
32617,85,74,11,11
32618,51,57,-6,6
32619,57,61,-4,4
32620,152,142,10,10
32621,80,80,0,0
32622,83,72,11,11
32623,69,64,5,5
32624,126,136,-10,10
32625,178,159,19,19
32626,101,107,-6,6
32627,110,108,2,2
32628,53,57,-4,4
32629,89,94,-5,5
32630,97,97,0,0
32631,81,76,5,5
32632,87,82,5,5
32633,52,52,0,0
32634,98,91,7,7
32635,109,102,7,7
32636,103,97,6,6
32637,90,71,19,19
32638,73,69,4,4
32639,157,146,11,11
32640,106,94,12,12
32641,144,133,11,11
32642,105,104,1,1
32643,191,171,20,20
32644,79,72,7,7
32645,113,99,14,14
32646,66,65,1,1
32647,62,79,-17,17
32648,71,77,-6,6
32649,93,93,0,0
32650,90,79,11,11
32651,81,77,4,4
32652,97,101,-4,4
32653,43,61,-18,18
32654,150,132,18,18
32655,78,73,5,5
32656,122,105,17,17
32657,76,75,1,1
32658,50,59,-9,9
32659,78,89,-11,11
32660,68,78,-10,10
32661,92,81,11,11
32662,65,70,-5,5
32663,112,102,10,10
32664,69,70,-1,1
32665,86,84,2,2
32666,73,71,2,2
32667,99,92,7,7
32668,99,91,8,8
32669,70,76,-6,6
32670,88,83,5,5
32671,66,66,0,0
32672,123,108,15,15
32673,72,60,12,12
32674,120,124,-4,4
32675,51,61,-10,10
32676,68,62,6,6
32677,103,105,-2,2
32678,76,73,3,3
32679,77,87,-10,10
32680,143,150,-7,7
32681,128,127,1,1
32682,87,78,9,9
32683,47,46,1,1
32684,119,117,2,2
32685,119,113,6,6
32686,52,56,-4,4
32687,123,98,25,25
32688,78,79,-1,1
32689,135,136,-1,1
32690,65,65,0,0
32691,50,54,-4,4
32692,59,77,-18,18
32693,95,84,11,11
32694,74,85,-11,11
32695,127,110,17,17
32696,135,110,25,25
32697,80,78,2,2
32698,81,84,-3,3
32699,102,95,7,7
32700,131,123,8,8
32701,96,86,10,10
32702,100,101,-1,1
32703,104,97,7,7
32704,112,111,1,1
32705,103,87,16,16
32706,96,93,3,3
32707,86,80,6,6
32708,130,130,0,0
32709,47,50,-3,3
32710,118,107,11,11
32711,81,78,3,3
32712,117,89,28,28
32713,77,78,-1,1
32714,129,120,9,9
32715,111,89,22,22
32716,131,118,13,13
32717,67,69,-2,2
32718,66,65,1,1
32719,111,117,-6,6
32720,71,82,-11,11
32721,58,56,2,2
32722,61,79,-18,18
32723,65,62,3,3
32724,91,93,-2,2
32725,126,119,7,7
32726,79,70,9,9
32727,98,89,9,9
32728,83,103,-20,20
32729,46,50,-4,4
32730,71,72,-1,1
32731,56,65,-9,9
32732,74,67,7,7
32733,86,78,8,8
32734,125,115,10,10
32735,71,64,7,7
32736,62,65,-3,3
32737,96,63,33,33
32738,145,124,21,21
32739,73,68,5,5
32740,67,69,-2,2
32741,87,86,1,1
32742,79,68,11,11
32743,93,93,0,0
32744,72,70,2,2
32745,68,64,4,4
32746,72,69,3,3
32747,132,120,12,12
32748,75,69,6,6
32749,86,85,1,1
32750,101,91,10,10
32751,193,191,2,2
32752,124,114,10,10
32753,96,85,11,11
32754,102,103,-1,1
32755,48,48,0,0
32756,95,84,11,11
32757,172,165,7,7
32758,174,162,12,12
32759,171,146,25,25
32760,64,60,4,4
32761,90,92,-2,2
32762,77,78,-1,1
32763,79,79,0,0
32764,82,82,0,0
32765,128,119,9,9
32766,96,97,-1,1
32767,88,85,3,3
32768,78,76,2,2
32769,115,114,1,1
32770,75,81,-6,6
32771,132,121,11,11
32772,161,145,16,16
32773,117,107,10,10
32774,61,55,6,6
32775,84,73,11,11
32776,102,104,-2,2
32777,108,106,2,2
32778,108,119,-11,11
32779,156,140,16,16
32780,107,99,8,8
32781,74,67,7,7
32782,185,192,-7,7
32783,61,76,-15,15
32784,106,98,8,8
32785,73,77,-4,4
32786,83,75,8,8
32787,53,54,-1,1
32788,216,197,19,19
32789,90,86,4,4
32790,94,102,-8,8
32791,113,115,-2,2
32792,48,49,-1,1
32793,125,139,-14,14
32794,58,57,1,1
32795,112,105,7,7
32796,91,81,10,10
32797,90,98,-8,8
32798,104,96,8,8
32799,59,65,-6,6
32800,74,72,2,2
32801,99,105,-6,6
32802,76,81,-5,5
32803,101,96,5,5
32804,143,133,10,10
32805,66,67,-1,1
32806,108,94,14,14
32807,126,115,11,11
32808,102,91,11,11
32809,106,109,-3,3
32810,84,78,6,6
32811,133,127,6,6
32812,68,67,1,1
32813,133,127,6,6
32814,91,91,0,0
32815,148,143,5,5
32816,131,121,10,10
32817,105,95,10,10
32818,111,120,-9,9
32819,50,54,-4,4
32820,118,103,15,15
32821,56,64,-8,8
32822,76,79,-3,3
32823,141,127,14,14
32824,162,148,14,14
32825,144,143,1,1
32826,131,136,-5,5
32827,57,47,10,10
32828,105,113,-8,8
32829,74,69,5,5
32830,118,141,-23,23
32831,157,147,10,10
32832,105,98,7,7
32833,90,84,6,6
32834,96,100,-4,4
32835,161,151,10,10
32836,83,77,6,6
32837,145,132,13,13
32838,55,55,0,0
32839,113,120,-7,7
32840,72,76,-4,4
32841,199,186,13,13
32842,57,66,-9,9
32843,86,87,-1,1
32844,124,114,10,10
32845,59,70,-11,11
32846,65,53,12,12
32847,82,78,4,4
32848,127,120,7,7
32849,82,86,-4,4
32850,101,89,12,12
32851,105,96,9,9
32852,94,93,1,1
32853,125,113,12,12
32854,96,78,18,18
32855,48,49,-1,1
32856,68,72,-4,4
32857,98,97,1,1
32858,152,140,12,12
32859,139,113,26,26
32860,80,85,-5,5
32861,113,108,5,5
32862,102,112,-10,10
32863,94,89,5,5
32864,56,57,-1,1
32865,112,109,3,3
32866,71,68,3,3
32867,163,153,10,10
32868,95,95,0,0
32869,165,157,8,8
32870,100,100,0,0
32871,104,96,8,8
32872,68,79,-11,11
32873,152,139,13,13
32874,62,70,-8,8
32875,56,57,-1,1
32876,87,88,-1,1
32877,48,50,-2,2
32878,85,81,4,4
32879,82,98,-16,16
32880,70,85,-15,15
32881,80,78,2,2
32882,100,104,-4,4
32883,158,140,18,18
32884,143,135,8,8
32885,76,70,6,6
32886,64,65,-1,1
32887,121,113,8,8
32888,72,76,-4,4
32889,53,53,0,0
32890,202,185,17,17
32891,54,54,0,0
32892,58,56,2,2
32893,125,116,9,9
32894,74,67,7,7
32895,58,99,-41,41
32896,144,139,5,5
32897,124,121,3,3
32898,84,84,0,0
32899,27,63,-36,36
32900,84,75,9,9
32901,176,151,25,25
32902,44,47,-3,3
32903,66,70,-4,4
32904,73,83,-10,10
32905,71,84,-13,13
32906,42,70,-28,28
32907,61,82,-21,21
32908,71,66,5,5
32909,90,97,-7,7
32910,74,67,7,7
32911,109,91,18,18
32912,124,116,8,8
32913,94,92,2,2
32914,158,163,-5,5
32915,97,84,13,13
32916,73,66,7,7
32917,90,95,-5,5
32918,64,61,3,3
32919,144,146,-2,2
32920,104,107,-3,3
32921,186,162,24,24
32922,102,94,8,8
32923,85,82,3,3
32924,96,99,-3,3
32925,122,115,7,7
32926,97,89,8,8
32927,96,90,6,6
32928,50,43,7,7
32929,110,124,-14,14
32930,89,84,5,5
32931,98,92,6,6
32932,123,126,-3,3
32933,53,55,-2,2
32934,114,108,6,6
32935,152,150,2,2
32936,146,148,-2,2
32937,134,119,15,15
32938,105,109,-4,4
32939,38,78,-40,40
32940,99,94,5,5
32941,107,101,6,6
32942,92,80,12,12
32943,120,118,2,2
32944,129,124,5,5
32945,95,90,5,5
32946,90,87,3,3
32947,103,102,1,1
32948,114,108,6,6
32949,59,64,-5,5
32950,36,41,-5,5
32951,99,96,3,3
32952,76,72,4,4
32953,149,121,28,28
32954,106,87,19,19
32955,61,70,-9,9
32956,47,68,-21,21
32957,158,159,-1,1
32958,54,53,1,1
32959,50,53,-3,3
32960,98,91,7,7
32961,94,87,7,7
32962,67,66,1,1
32963,49,52,-3,3
32964,146,137,9,9
32965,135,120,15,15
32966,87,75,12,12
32967,98,100,-2,2
32968,59,56,3,3
32969,86,81,5,5
32970,62,67,-5,5
32971,113,102,11,11
32972,93,91,2,2
32973,75,81,-6,6
32974,83,79,4,4
32975,138,129,9,9
32976,67,70,-3,3
32977,84,74,10,10
32978,117,115,2,2
32979,64,67,-3,3
32980,80,76,4,4
32981,85,85,0,0
32982,67,66,1,1
32983,96,94,2,2
32984,72,70,2,2
32985,63,76,-13,13
32986,151,130,21,21
32987,49,58,-9,9
32988,103,79,24,24
32989,32,38,-6,6
32990,70,67,3,3
32991,135,134,1,1
32992,55,57,-2,2
32993,99,97,2,2
32994,114,113,1,1
32995,82,76,6,6
32996,119,120,-1,1
32997,104,104,0,0
32998,123,112,11,11
32999,113,113,0,0
33000,153,151,2,2
33001,89,88,1,1
33002,48,71,-23,23
33003,113,104,9,9
33004,83,83,0,0
33005,129,117,12,12
33006,67,73,-6,6
33007,96,89,7,7
33008,92,91,1,1
33009,103,93,10,10
33010,121,103,18,18
33011,48,53,-5,5
33012,98,87,11,11
33013,112,107,5,5
33014,107,107,0,0
33015,92,79,13,13
33016,72,74,-2,2
33017,86,84,2,2
33018,86,85,1,1
33019,120,107,13,13
33020,65,69,-4,4
33021,86,81,5,5
33022,138,123,15,15
33023,74,80,-6,6
33024,60,64,-4,4
33025,125,112,13,13
33026,61,66,-5,5
33027,99,95,4,4
33028,150,137,13,13
33029,69,67,2,2
33030,41,38,3,3
33031,108,96,12,12
33032,163,162,1,1
33033,121,110,11,11
33034,72,72,0,0
33035,109,101,8,8
33036,133,133,0,0
33037,74,76,-2,2
33038,119,120,-1,1
33039,77,75,2,2
33040,97,103,-6,6
33041,76,76,0,0
33042,102,92,10,10
33043,88,81,7,7
33044,139,129,10,10
33045,93,86,7,7
33046,171,154,17,17
33047,115,130,-15,15
33048,73,71,2,2
33049,102,95,7,7
33050,97,96,1,1
33051,107,110,-3,3
33052,180,171,9,9
33053,78,76,2,2
33054,279,250,29,29
33055,86,91,-5,5
33056,80,81,-1,1
33057,131,135,-4,4
33058,49,52,-3,3
33059,100,92,8,8
33060,53,63,-10,10
33061,116,105,11,11
33062,61,58,3,3
33063,73,65,8,8
33064,70,61,9,9
33065,56,54,2,2
33066,69,68,1,1
33067,76,72,4,4
33068,57,62,-5,5
33069,36,38,-2,2
33070,75,84,-9,9
33071,62,58,4,4
33072,78,74,4,4
33073,112,109,3,3
33074,85,80,5,5
33075,164,143,21,21
33076,52,66,-14,14
33077,102,99,3,3
33078,34,36,-2,2
33079,52,54,-2,2
33080,63,77,-14,14
33081,60,61,-1,1
33082,145,138,7,7
33083,74,78,-4,4
33084,106,109,-3,3
33085,53,55,-2,2
33086,114,114,0,0
33087,135,135,0,0
33088,119,113,6,6
33089,84,97,-13,13
33090,62,67,-5,5
33091,150,143,7,7
33092,178,190,-12,12
33093,125,120,5,5
33094,125,121,4,4
33095,56,59,-3,3
33096,83,84,-1,1
33097,79,91,-12,12
33098,66,66,0,0
33099,62,65,-3,3
33100,77,81,-4,4
33101,113,111,2,2
33102,119,119,0,0
33103,100,86,14,14
33104,121,116,5,5
33105,102,95,7,7
33106,106,113,-7,7
33107,67,65,2,2
33108,104,92,12,12
33109,133,130,3,3
33110,138,126,12,12
33111,62,72,-10,10
33112,110,111,-1,1
33113,140,130,10,10
33114,80,73,7,7
33115,103,102,1,1
33116,114,106,8,8
33117,55,54,1,1
33118,91,88,3,3
33119,38,45,-7,7
33120,89,74,15,15
33121,129,119,10,10
33122,30,63,-33,33
33123,103,95,8,8
33124,100,99,1,1
33125,87,91,-4,4
33126,99,93,6,6
33127,87,85,2,2
33128,91,92,-1,1
33129,105,96,9,9
33130,104,97,7,7
33131,46,49,-3,3
33132,86,75,11,11
33133,59,75,-16,16
33134,135,135,0,0
33135,47,48,-1,1
33136,108,90,18,18
33137,108,95,13,13
33138,120,119,1,1
33139,50,72,-22,22
33140,102,118,-16,16
33141,129,134,-5,5
33142,82,117,-35,35
33143,141,122,19,19
33144,87,82,5,5
33145,108,102,6,6
33146,113,121,-8,8
33147,166,156,10,10
33148,82,78,4,4
33149,34,59,-25,25
33150,57,57,0,0
33151,128,131,-3,3
33152,86,87,-1,1
33153,70,69,1,1
33154,106,100,6,6
33155,111,108,3,3
33156,89,98,-9,9
33157,28,32,-4,4
33158,102,100,2,2
33159,159,135,24,24
33160,170,150,20,20
33161,98,98,0,0
33162,77,78,-1,1
33163,118,119,-1,1
33164,96,90,6,6
33165,51,58,-7,7
33166,63,57,6,6
33167,70,68,2,2
33168,99,106,-7,7
33169,58,54,4,4
33170,60,61,-1,1
33171,78,82,-4,4
33172,45,60,-15,15
33173,89,98,-9,9
33174,69,70,-1,1
33175,84,89,-5,5
33176,73,69,4,4
33177,178,158,20,20
33178,63,68,-5,5
33179,108,100,8,8
33180,105,103,2,2
33181,43,46,-3,3
33182,82,79,3,3
33183,76,80,-4,4
33184,143,124,19,19
33185,91,84,7,7
33186,63,68,-5,5
33187,136,125,11,11
33188,83,76,7,7
33189,128,118,10,10
33190,63,66,-3,3
33191,72,75,-3,3
33192,96,97,-1,1
33193,66,67,-1,1
33194,89,101,-12,12
33195,74,66,8,8
33196,69,66,3,3
33197,86,84,2,2
33198,105,97,8,8
33199,92,92,0,0
33200,49,57,-8,8
33201,151,132,19,19
33202,87,94,-7,7
33203,86,82,4,4
33204,55,53,2,2
33205,113,123,-10,10
33206,96,92,4,4
33207,84,79,5,5
33208,102,96,6,6
33209,85,88,-3,3
33210,141,134,7,7
33211,90,75,15,15
33212,57,59,-2,2
33213,80,86,-6,6
33214,111,105,6,6
33215,82,117,-35,35
33216,85,84,1,1
33217,85,77,8,8
33218,67,68,-1,1
33219,86,80,6,6
33220,102,92,10,10
33221,71,73,-2,2
33222,130,153,-23,23
33223,76,79,-3,3
33224,70,72,-2,2
33225,86,91,-5,5
33226,55,48,7,7
33227,97,96,1,1
33228,98,112,-14,14
33229,70,63,7,7
33230,102,93,9,9
33231,79,71,8,8
33232,104,96,8,8
33233,70,63,7,7
33234,94,86,8,8
33235,103,102,1,1
33236,102,104,-2,2
33237,102,96,6,6
33238,67,68,-1,1
33239,165,155,10,10
33240,73,89,-16,16
33241,149,132,17,17
33242,92,88,4,4
33243,57,65,-8,8
33244,76,65,11,11
33245,129,119,10,10
33246,66,69,-3,3
33247,132,122,10,10
33248,108,99,9,9
33249,162,164,-2,2
33250,104,98,6,6
33251,98,105,-7,7
33252,81,72,9,9
33253,106,108,-2,2
33254,134,137,-3,3
33255,118,114,4,4
33256,156,137,19,19
33257,73,68,5,5
33258,106,103,3,3
33259,64,61,3,3
33260,66,64,2,2
33261,126,106,20,20
33262,103,103,0,0
33263,57,58,-1,1
33264,158,158,0,0
33265,103,98,5,5
33266,103,102,1,1
33267,172,156,16,16
33268,137,135,2,2
33269,95,89,6,6
33270,127,116,11,11
33271,87,83,4,4
33272,136,113,23,23
33273,51,53,-2,2
33274,95,88,7,7
33275,100,98,2,2
33276,140,128,12,12
33277,102,104,-2,2
33278,69,68,1,1
33279,148,137,11,11
33280,121,132,-11,11
33281,133,130,3,3
33282,106,109,-3,3
33283,95,90,5,5
33284,71,83,-12,12
33285,148,141,7,7
33286,188,173,15,15
33287,111,108,3,3
33288,88,88,0,0
33289,71,84,-13,13
33290,83,87,-4,4
33291,44,50,-6,6
33292,69,66,3,3
33293,44,48,-4,4
33294,111,106,5,5
33295,105,109,-4,4
33296,76,78,-2,2
33297,95,93,2,2
33298,181,172,9,9
33299,128,115,13,13
33300,81,78,3,3
33301,175,149,26,26
33302,57,56,1,1
33303,70,66,4,4
33304,77,70,7,7
33305,61,63,-2,2
33306,108,108,0,0
33307,69,74,-5,5
33308,61,62,-1,1
33309,116,109,7,7
33310,50,53,-3,3
33311,95,86,9,9
33312,62,68,-6,6
33313,161,148,13,13
33314,101,100,1,1
33315,84,79,5,5
33316,87,91,-4,4
33317,71,69,2,2
33318,56,62,-6,6
33319,77,76,1,1
33320,100,115,-15,15
33321,74,74,0,0
33322,59,66,-7,7
33323,117,112,5,5
33324,102,98,4,4
33325,97,90,7,7
33326,77,76,1,1
33327,128,134,-6,6
33328,89,88,1,1
33329,67,66,1,1
33330,69,72,-3,3
33331,104,104,0,0
33332,55,63,-8,8
33333,62,66,-4,4
33334,101,94,7,7
33335,78,79,-1,1
33336,86,72,14,14
33337,81,80,1,1
33338,104,92,12,12
33339,57,54,3,3
33340,101,89,12,12
33341,84,77,7,7
33342,73,80,-7,7
33343,106,106,0,0
33344,102,105,-3,3
33345,71,74,-3,3
33346,144,138,6,6
33347,131,112,19,19
33348,82,73,9,9
33349,83,75,8,8
33350,169,159,10,10
33351,70,67,3,3
33352,158,145,13,13
33353,162,132,30,30
33354,104,93,11,11
33355,52,45,7,7
33356,59,56,3,3
33357,70,70,0,0
33358,112,115,-3,3
33359,106,94,12,12
33360,130,120,10,10
33361,111,102,9,9
33362,117,103,14,14
33363,118,124,-6,6
33364,74,78,-4,4
33365,52,54,-2,2
33366,97,104,-7,7
33367,72,72,0,0
33368,84,75,9,9
33369,50,52,-2,2
33370,101,100,1,1
33371,52,53,-1,1
33372,85,88,-3,3
33373,90,86,4,4
33374,66,74,-8,8
33375,132,114,18,18
33376,91,90,1,1
33377,46,50,-4,4
33378,36,45,-9,9
33379,94,91,3,3
33380,65,64,1,1
33381,85,85,0,0
33382,78,75,3,3
33383,140,143,-3,3
33384,79,80,-1,1
33385,108,105,3,3
33386,84,82,2,2
33387,89,88,1,1
33388,119,105,14,14
33389,52,47,5,5
33390,130,111,19,19
33391,57,51,6,6
33392,128,119,9,9
33393,106,93,13,13
33394,65,61,4,4
33395,75,81,-6,6
33396,153,154,-1,1
33397,42,42,0,0
33398,70,68,2,2
33399,157,146,11,11
33400,153,144,9,9
33401,93,88,5,5
33402,85,79,6,6
33403,70,79,-9,9
33404,84,85,-1,1
33405,61,60,1,1
33406,80,81,-1,1
33407,60,56,4,4
33408,60,63,-3,3
33409,122,116,6,6
33410,87,87,0,0
33411,207,157,50,50
33412,102,103,-1,1
33413,52,59,-7,7
33414,75,78,-3,3
33415,62,63,-1,1
33416,82,88,-6,6
33417,144,122,22,22
33418,130,130,0,0
33419,90,78,12,12
33420,71,75,-4,4
33421,77,72,5,5
33422,72,69,3,3
33423,46,46,0,0
33424,55,65,-10,10
33425,64,96,-32,32
33426,73,68,5,5
33427,76,81,-5,5
33428,100,98,2,2
33429,108,94,14,14
33430,130,121,9,9
33431,136,125,11,11
33432,89,85,4,4
33433,79,85,-6,6
33434,110,98,12,12
33435,125,127,-2,2
33436,79,88,-9,9
33437,32,29,3,3
33438,97,122,-25,25
33439,135,126,9,9
33440,93,91,2,2
33441,111,107,4,4
33442,87,97,-10,10
33443,131,113,18,18
33444,72,67,5,5
33445,72,80,-8,8
33446,192,160,32,32
33447,129,113,16,16
33448,102,95,7,7
33449,86,74,12,12
33450,134,120,14,14
33451,157,151,6,6
33452,75,76,-1,1
33453,93,92,1,1
33454,96,91,5,5
33455,105,101,4,4
33456,110,106,4,4
33457,137,123,14,14
33458,194,187,7,7
33459,82,81,1,1
33460,102,113,-11,11
33461,92,93,-1,1
33462,119,95,24,24
33463,113,106,7,7
33464,85,86,-1,1
33465,66,69,-3,3
33466,145,137,8,8
33467,112,108,4,4
33468,133,129,4,4
33469,113,98,15,15
33470,175,142,33,33
33471,113,116,-3,3
33472,59,60,-1,1
33473,97,97,0,0
33474,74,75,-1,1
33475,53,52,1,1
33476,108,108,0,0
33477,133,118,15,15
33478,46,45,1,1
33479,135,120,15,15
33480,111,101,10,10
33481,117,106,11,11
33482,69,70,-1,1
33483,175,154,21,21
33484,83,78,5,5
33485,80,83,-3,3
33486,95,101,-6,6
33487,80,78,2,2
33488,71,70,1,1
33489,61,59,2,2
33490,83,83,0,0
33491,168,152,16,16
33492,78,72,6,6
33493,79,86,-7,7
33494,112,115,-3,3
33495,73,72,1,1
33496,71,85,-14,14
33497,86,85,1,1
33498,105,109,-4,4
33499,103,94,9,9
33500,81,78,3,3
33501,70,71,-1,1
33502,107,91,16,16
33503,150,147,3,3
33504,70,61,9,9
33505,80,85,-5,5
33506,48,58,-10,10
33507,100,106,-6,6
33508,52,61,-9,9
33509,97,95,2,2
33510,172,157,15,15
33511,28,35,-7,7
33512,42,74,-32,32
33513,120,113,7,7
33514,60,64,-4,4
33515,118,101,17,17
33516,175,156,19,19
33517,69,69,0,0
33518,50,54,-4,4
33519,90,89,1,1
33520,109,104,5,5
33521,63,71,-8,8
33522,63,63,0,0
33523,54,57,-3,3
33524,115,113,2,2
33525,61,60,1,1
33526,91,90,1,1
33527,76,89,-13,13
33528,72,78,-6,6
33529,64,68,-4,4
33530,47,44,3,3
33531,67,63,4,4
33532,111,104,7,7
33533,102,129,-27,27
33534,68,62,6,6
33535,101,84,17,17
33536,154,133,21,21
33537,71,74,-3,3
33538,77,74,3,3
33539,74,71,3,3
33540,95,95,0,0
33541,98,95,3,3
33542,87,81,6,6
33543,134,131,3,3
33544,118,115,3,3
33545,146,137,9,9
33546,82,92,-10,10
33547,85,68,17,17
33548,68,91,-23,23
33549,62,60,2,2
33550,79,67,12,12
33551,33,39,-6,6
33552,130,112,18,18
33553,88,74,14,14
33554,132,127,5,5
33555,69,76,-7,7
33556,98,87,11,11
33557,113,96,17,17
33558,84,84,0,0
33559,78,74,4,4
33560,121,110,11,11
33561,69,66,3,3
33562,70,84,-14,14
33563,89,88,1,1
33564,97,95,2,2
33565,89,84,5,5
33566,128,119,9,9
33567,149,138,11,11
33568,115,107,8,8
33569,68,78,-10,10
33570,44,43,1,1
33571,36,44,-8,8
33572,64,81,-17,17
33573,75,65,10,10
33574,85,83,2,2
33575,90,89,1,1
33576,98,111,-13,13
33577,110,97,13,13
33578,91,94,-3,3
33579,179,159,20,20
33580,97,79,18,18
33581,65,69,-4,4
33582,111,111,0,0
33583,191,161,30,30
33584,181,154,27,27
33585,58,63,-5,5
33586,90,74,16,16
33587,101,92,9,9
33588,164,139,25,25
33589,117,102,15,15
33590,84,90,-6,6
33591,112,102,10,10
33592,117,102,15,15
33593,80,81,-1,1
33594,150,134,16,16
33595,94,95,-1,1
33596,115,114,1,1
33597,157,136,21,21
33598,69,72,-3,3
33599,61,60,1,1
33600,97,93,4,4
33601,74,78,-4,4
33602,90,89,1,1
33603,59,57,2,2
33604,121,103,18,18
33605,102,89,13,13
33606,107,109,-2,2
33607,102,105,-3,3
33608,256,250,6,6
33609,75,78,-3,3
33610,80,79,1,1
33611,67,70,-3,3
33612,122,111,11,11
33613,65,60,5,5
33614,74,80,-6,6
33615,86,84,2,2
33616,206,193,13,13
33617,139,138,1,1
33618,76,75,1,1
33619,186,171,15,15
33620,111,110,1,1
33621,80,71,9,9
33622,148,142,6,6
33623,76,83,-7,7
33624,123,135,-12,12
33625,79,92,-13,13
33626,118,106,12,12
33627,51,52,-1,1
33628,88,103,-15,15
33629,157,149,8,8
33630,84,86,-2,2
33631,129,117,12,12
33632,131,115,16,16
33633,74,90,-16,16
33634,93,92,1,1
33635,88,87,1,1
33636,74,80,-6,6
33637,102,97,5,5
33638,143,133,10,10
33639,67,64,3,3
33640,197,177,20,20
33641,98,87,11,11
33642,117,103,14,14
33643,120,115,5,5
33644,118,120,-2,2
33645,63,52,11,11
33646,139,138,1,1
33647,144,142,2,2
33648,96,88,8,8
33649,110,89,21,21
33650,121,117,4,4
33651,68,79,-11,11
33652,84,103,-19,19
33653,118,110,8,8
33654,96,95,1,1
33655,78,83,-5,5
33656,27,39,-12,12
33657,157,143,14,14
33658,137,124,13,13
33659,107,106,1,1
33660,95,93,2,2
33661,45,55,-10,10
33662,69,98,-29,29
33663,196,173,23,23
33664,108,91,17,17
33665,88,79,9,9
33666,199,177,22,22
33667,111,112,-1,1
33668,179,159,20,20
33669,157,147,10,10
33670,82,68,14,14
33671,77,70,7,7
33672,56,52,4,4
33673,63,67,-4,4
33674,196,178,18,18
33675,89,93,-4,4
33676,126,116,10,10
33677,39,41,-2,2
33678,80,87,-7,7
33679,97,90,7,7
33680,85,78,7,7
33681,58,56,2,2
33682,132,122,10,10
33683,54,66,-12,12
33684,99,94,5,5
33685,91,92,-1,1
33686,75,67,8,8
33687,57,68,-11,11
33688,66,69,-3,3
33689,105,108,-3,3
33690,51,49,2,2
33691,134,120,14,14
33692,27,36,-9,9
33693,71,66,5,5
33694,65,62,3,3
33695,112,87,25,25
33696,100,103,-3,3
33697,56,54,2,2
33698,74,70,4,4
33699,137,125,12,12
33700,96,97,-1,1
33701,113,121,-8,8
33702,56,57,-1,1
33703,91,94,-3,3
33704,179,170,9,9
33705,54,51,3,3
33706,90,97,-7,7
33707,92,90,2,2
33708,87,85,2,2
33709,122,108,14,14
33710,150,130,20,20
33711,90,85,5,5
33712,98,91,7,7
33713,59,64,-5,5
33714,122,117,5,5
33715,150,146,4,4
33716,74,71,3,3
33717,65,69,-4,4
33718,53,59,-6,6
33719,93,90,3,3
33720,108,99,9,9
33721,70,77,-7,7
33722,135,124,11,11
33723,87,93,-6,6
33724,65,75,-10,10
33725,55,45,10,10
33726,40,44,-4,4
33727,88,80,8,8
33728,168,146,22,22
33729,37,37,0,0
33730,80,68,12,12
33731,92,81,11,11
33732,157,140,17,17
33733,121,120,1,1
33734,119,117,2,2
33735,131,103,28,28
33736,112,99,13,13
33737,71,81,-10,10
33738,73,76,-3,3
33739,99,94,5,5
33740,81,71,10,10
33741,70,72,-2,2
33742,91,84,7,7
33743,63,64,-1,1
33744,65,61,4,4
33745,92,99,-7,7
33746,83,77,6,6
33747,62,67,-5,5
33748,137,129,8,8
33749,194,173,21,21
33750,104,95,9,9
33751,136,131,5,5
33752,149,139,10,10
33753,109,103,6,6
33754,70,69,1,1
33755,121,112,9,9
33756,73,73,0,0
33757,97,86,11,11
33758,105,96,9,9
33759,131,122,9,9
33760,118,107,11,11
33761,97,92,5,5
33762,49,50,-1,1
33763,110,105,5,5
33764,87,91,-4,4
33765,107,105,2,2
33766,72,67,5,5
33767,173,162,11,11
33768,117,116,1,1
33769,91,93,-2,2
33770,93,78,15,15
33771,34,32,2,2
33772,75,69,6,6
33773,110,111,-1,1
33774,76,85,-9,9
33775,122,154,-32,32
33776,94,95,-1,1
33777,60,61,-1,1
33778,96,96,0,0
33779,92,92,0,0
33780,155,137,18,18
33781,116,102,14,14
33782,113,106,7,7
33783,70,65,5,5
33784,127,129,-2,2
33785,104,105,-1,1
33786,103,104,-1,1
33787,66,60,6,6
33788,58,60,-2,2
33789,47,56,-9,9
33790,124,122,2,2
33791,47,43,4,4
33792,134,118,16,16
33793,126,111,15,15
33794,133,129,4,4
33795,101,99,2,2
33796,48,48,0,0
33797,69,80,-11,11
33798,62,59,3,3
33799,112,97,15,15
33800,124,125,-1,1
33801,68,66,2,2
33802,70,66,4,4
33803,98,95,3,3
33804,61,76,-15,15
33805,98,104,-6,6
33806,128,115,13,13
33807,112,104,8,8
33808,62,65,-3,3
33809,106,95,11,11
33810,90,80,10,10
33811,57,61,-4,4
33812,127,123,4,4
33813,83,79,4,4
33814,123,115,8,8
33815,99,91,8,8
33816,114,114,0,0
33817,124,124,0,0
33818,63,65,-2,2
33819,169,156,13,13
33820,86,82,4,4
33821,97,95,2,2
33822,95,88,7,7
33823,97,93,4,4
33824,120,104,16,16
33825,100,93,7,7
33826,127,131,-4,4
33827,65,68,-3,3
33828,74,75,-1,1
33829,146,133,13,13
33830,93,93,0,0
33831,76,72,4,4
33832,127,118,9,9
33833,61,60,1,1
33834,81,83,-2,2
33835,132,102,30,30
33836,69,60,9,9
33837,56,67,-11,11
33838,103,97,6,6
33839,110,110,0,0
33840,102,95,7,7
33841,74,67,7,7
33842,111,112,-1,1
33843,74,73,1,1
33844,58,58,0,0
33845,96,96,0,0
33846,67,69,-2,2
33847,57,57,0,0
33848,104,96,8,8
33849,60,68,-8,8
33850,50,57,-7,7
33851,120,113,7,7
33852,73,71,2,2
33853,45,44,1,1
33854,95,94,1,1
33855,125,127,-2,2
33856,106,103,3,3
33857,80,72,8,8
33858,138,129,9,9
33859,105,106,-1,1
33860,100,89,11,11
33861,89,86,3,3
33862,161,137,24,24
33863,115,117,-2,2
33864,109,97,12,12
33865,120,110,10,10
33866,64,61,3,3
33867,85,82,3,3
33868,139,131,8,8
33869,56,66,-10,10
33870,100,99,1,1
33871,61,64,-3,3
33872,87,90,-3,3
33873,78,73,5,5
33874,135,121,14,14
33875,149,144,5,5
33876,123,113,10,10
33877,114,98,16,16
33878,106,109,-3,3
33879,121,102,19,19
33880,103,113,-10,10
33881,133,131,2,2
33882,83,78,5,5
33883,90,82,8,8
33884,43,42,1,1
33885,195,175,20,20
33886,82,75,7,7
33887,121,113,8,8
33888,77,76,1,1
33889,80,83,-3,3
33890,56,58,-2,2
33891,70,64,6,6
33892,57,54,3,3
33893,98,98,0,0
33894,85,85,0,0
33895,102,95,7,7
33896,114,97,17,17
33897,153,140,13,13
33898,61,59,2,2
33899,99,96,3,3
33900,77,71,6,6
33901,89,72,17,17
33902,79,71,8,8
33903,108,112,-4,4
33904,102,80,22,22
33905,54,59,-5,5
33906,101,91,10,10
33907,131,118,13,13
33908,56,62,-6,6
33909,110,101,9,9
33910,78,70,8,8
33911,153,138,15,15
33912,73,75,-2,2
33913,105,94,11,11
33914,57,69,-12,12
33915,95,104,-9,9
33916,56,67,-11,11
33917,107,93,14,14
33918,62,78,-16,16
33919,157,146,11,11
33920,94,86,8,8
33921,84,69,15,15
33922,131,126,5,5
33923,75,72,3,3
33924,122,117,5,5
33925,114,119,-5,5
33926,61,57,4,4
33927,137,140,-3,3
33928,72,69,3,3
33929,115,97,18,18
33930,49,85,-36,36
33931,98,88,10,10
33932,114,113,1,1
33933,79,76,3,3
33934,75,68,7,7
33935,111,89,22,22
33936,84,83,1,1
33937,61,62,-1,1
33938,70,74,-4,4
33939,103,103,0,0
33940,119,102,17,17
33941,62,63,-1,1
33942,94,80,14,14
33943,161,144,17,17
33944,253,215,38,38
33945,112,111,1,1
33946,63,71,-8,8
33947,90,84,6,6
33948,124,121,3,3
33949,85,71,14,14
33950,167,160,7,7
33951,115,94,21,21
33952,113,96,17,17
33953,95,93,2,2
33954,93,89,4,4
33955,138,122,16,16
33956,74,74,0,0
33957,52,56,-4,4
33958,104,95,9,9
33959,143,137,6,6
33960,74,83,-9,9
33961,69,67,2,2
33962,133,124,9,9
33963,82,77,5,5
33964,98,90,8,8
33965,77,74,3,3
33966,142,138,4,4
33967,84,85,-1,1
33968,95,99,-4,4
33969,83,75,8,8
33970,114,98,16,16
33971,53,73,-20,20
33972,91,83,8,8
33973,122,123,-1,1
33974,89,112,-23,23
33975,81,85,-4,4
33976,110,108,2,2
33977,96,88,8,8
33978,119,111,8,8
33979,80,82,-2,2
33980,108,96,12,12
33981,71,68,3,3
33982,80,76,4,4
33983,157,155,2,2
33984,85,72,13,13
33985,47,53,-6,6
33986,68,58,10,10
33987,86,71,15,15
33988,71,71,0,0
33989,64,61,3,3
33990,65,66,-1,1
33991,155,156,-1,1
33992,108,112,-4,4
33993,188,167,21,21
33994,109,107,2,2
33995,64,66,-2,2
33996,120,137,-17,17
33997,72,72,0,0
33998,55,57,-2,2
33999,69,65,4,4
34000,186,168,18,18
34001,96,108,-12,12
34002,77,80,-3,3
34003,83,83,0,0
34004,79,71,8,8
34005,55,67,-12,12
34006,155,139,16,16
34007,91,88,3,3
34008,48,55,-7,7
34009,122,116,6,6
34010,75,87,-12,12
34011,109,108,1,1
34012,110,104,6,6
34013,79,73,6,6
34014,69,66,3,3
34015,78,80,-2,2
34016,129,126,3,3
34017,131,122,9,9
34018,45,48,-3,3
34019,96,89,7,7
34020,105,120,-15,15
34021,128,124,4,4
34022,139,129,10,10
34023,116,103,13,13
34024,81,76,5,5
34025,77,79,-2,2
34026,100,96,4,4
34027,68,65,3,3
34028,70,76,-6,6
34029,222,226,-4,4
34030,22,34,-12,12
34031,121,116,5,5
34032,67,68,-1,1
34033,87,78,9,9
34034,58,55,3,3
34035,69,78,-9,9
34036,71,80,-9,9
34037,54,64,-10,10
34038,60,54,6,6
34039,87,86,1,1
34040,101,95,6,6
34041,61,59,2,2
34042,141,125,16,16
34043,121,123,-2,2
34044,102,92,10,10
34045,78,81,-3,3
34046,96,110,-14,14
34047,56,53,3,3
34048,101,86,15,15
34049,64,66,-2,2
34050,55,61,-6,6
34051,89,76,13,13
34052,84,74,10,10
34053,90,85,5,5
34054,166,150,16,16
34055,85,108,-23,23
34056,94,90,4,4
34057,130,133,-3,3
34058,146,148,-2,2
34059,77,91,-14,14
34060,97,88,9,9
34061,102,95,7,7
34062,150,147,3,3
34063,104,101,3,3
34064,90,88,2,2
34065,70,70,0,0
34066,45,45,0,0
34067,76,67,9,9
34068,90,105,-15,15
34069,63,58,5,5
34070,123,112,11,11
34071,91,76,15,15
34072,102,89,13,13
34073,120,108,12,12
34074,48,67,-19,19
34075,42,48,-6,6
34076,85,83,2,2
34077,67,64,3,3
34078,73,63,10,10
34079,67,66,1,1
34080,87,87,0,0
34081,172,146,26,26
34082,128,132,-4,4
34083,116,112,4,4
34084,102,94,8,8
34085,134,130,4,4
34086,94,102,-8,8
34087,55,55,0,0
34088,175,172,3,3
34089,71,71,0,0
34090,53,57,-4,4
34091,92,97,-5,5
34092,111,103,8,8
34093,120,120,0,0
34094,107,116,-9,9
34095,48,46,2,2
34096,85,76,9,9
34097,122,131,-9,9
34098,90,93,-3,3
34099,70,67,3,3
34100,63,65,-2,2
34101,110,99,11,11
34102,56,61,-5,5
34103,96,99,-3,3
34104,79,79,0,0
34105,56,56,0,0
34106,115,99,16,16
34107,60,68,-8,8
34108,59,58,1,1
34109,74,72,2,2
34110,110,114,-4,4
34111,99,109,-10,10
34112,106,101,5,5
34113,62,54,8,8
34114,93,92,1,1
34115,59,57,2,2
34116,88,79,9,9
34117,75,87,-12,12
34118,78,69,9,9
34119,67,67,0,0
34120,118,108,10,10
34121,66,63,3,3
34122,69,67,2,2
34123,110,97,13,13
34124,102,98,4,4
34125,127,123,4,4
34126,99,96,3,3
34127,127,129,-2,2
34128,97,82,15,15
34129,52,48,4,4
34130,56,62,-6,6
34131,64,63,1,1
34132,111,101,10,10
34133,114,107,7,7
34134,162,142,20,20
34135,56,67,-11,11
34136,35,42,-7,7
34137,83,81,2,2
34138,151,149,2,2
34139,77,79,-2,2
34140,65,71,-6,6
34141,67,66,1,1
34142,81,78,3,3
34143,56,55,1,1
34144,67,66,1,1
34145,59,55,4,4
34146,142,117,25,25
34147,79,79,0,0
34148,104,99,5,5
34149,68,68,0,0
34150,67,72,-5,5
34151,56,58,-2,2
34152,66,64,2,2
34153,31,35,-4,4
34154,121,107,14,14
34155,115,107,8,8
34156,68,63,5,5
34157,103,103,0,0
34158,71,70,1,1
34159,115,117,-2,2
34160,122,105,17,17
34161,99,92,7,7
34162,112,106,6,6
34163,215,213,2,2
34164,68,72,-4,4
34165,84,78,6,6
34166,82,78,4,4
34167,82,80,2,2
34168,95,86,9,9
34169,80,81,-1,1
34170,121,107,14,14
34171,103,94,9,9
34172,74,76,-2,2
34173,59,59,0,0
34174,106,96,10,10
34175,62,55,7,7
34176,49,47,2,2
34177,62,64,-2,2
34178,151,143,8,8
34179,178,148,30,30
34180,96,97,-1,1
34181,91,92,-1,1
34182,74,72,2,2
34183,78,85,-7,7
34184,95,115,-20,20
34185,109,105,4,4
34186,59,60,-1,1
34187,64,55,9,9
34188,122,106,16,16
34189,106,106,0,0
34190,137,129,8,8
34191,79,72,7,7
34192,45,49,-4,4
34193,96,90,6,6
34194,53,54,-1,1
34195,121,107,14,14
34196,138,135,3,3
34197,107,96,11,11
34198,90,86,4,4
34199,83,81,2,2
34200,65,66,-1,1
34201,68,74,-6,6
34202,50,51,-1,1
34203,44,70,-26,26
34204,78,83,-5,5
34205,74,74,0,0
34206,67,66,1,1
34207,116,100,16,16
34208,50,45,5,5
34209,100,91,9,9
34210,52,54,-2,2
34211,70,66,4,4
34212,92,89,3,3
34213,130,119,11,11
34214,139,141,-2,2
34215,96,86,10,10
34216,98,88,10,10
34217,49,47,2,2
34218,90,80,10,10
34219,103,106,-3,3
34220,39,46,-7,7
34221,172,143,29,29
34222,104,91,13,13
34223,63,66,-3,3
34224,78,70,8,8
34225,65,68,-3,3
34226,58,57,1,1
34227,140,136,4,4
34228,95,101,-6,6
34229,77,70,7,7
34230,122,107,15,15
34231,63,51,12,12
34232,26,36,-10,10
34233,78,79,-1,1
34234,60,64,-4,4
34235,80,76,4,4
34236,96,93,3,3
34237,62,65,-3,3
34238,77,81,-4,4
34239,101,92,9,9
34240,103,99,4,4
34241,87,91,-4,4
34242,132,125,7,7
34243,223,188,35,35
34244,117,106,11,11
34245,151,130,21,21
34246,87,93,-6,6
34247,103,96,7,7
34248,59,66,-7,7
34249,150,125,25,25
34250,100,90,10,10
34251,92,79,13,13
34252,65,76,-11,11
34253,72,71,1,1
34254,48,46,2,2
34255,114,104,10,10
34256,63,54,9,9
34257,139,130,9,9
34258,86,84,2,2
34259,96,81,15,15
34260,80,77,3,3
34261,126,107,19,19
34262,112,105,7,7
34263,99,107,-8,8
34264,83,73,10,10
34265,62,59,3,3
34266,53,67,-14,14
34267,40,43,-3,3
34268,103,97,6,6
34269,87,90,-3,3
34270,66,66,0,0
34271,116,103,13,13
34272,107,93,14,14
34273,121,115,6,6
34274,114,95,19,19
34275,111,106,5,5
34276,105,101,4,4
34277,103,103,0,0
34278,106,90,16,16
34279,126,116,10,10
34280,104,98,6,6
34281,77,74,3,3
34282,114,110,4,4
34283,77,77,0,0
34284,83,82,1,1
34285,78,85,-7,7
34286,81,84,-3,3
34287,64,64,0,0
34288,134,122,12,12
34289,78,78,0,0
34290,137,125,12,12
34291,80,73,7,7
34292,145,128,17,17
34293,103,107,-4,4
34294,101,93,8,8
34295,87,83,4,4
34296,83,82,1,1
34297,98,87,11,11
34298,133,131,2,2
34299,114,114,0,0
34300,119,103,16,16
34301,94,88,6,6
34302,85,87,-2,2
34303,162,153,9,9
34304,85,68,17,17
34305,62,57,5,5
34306,83,76,7,7
34307,99,93,6,6
34308,79,81,-2,2
34309,95,96,-1,1
34310,140,136,4,4
34311,165,150,15,15
34312,104,94,10,10
34313,110,120,-10,10
34314,138,171,-33,33
34315,117,128,-11,11
34316,120,110,10,10
34317,67,74,-7,7
34318,82,77,5,5
34319,110,96,14,14
34320,110,98,12,12
34321,63,71,-8,8
34322,54,54,0,0
34323,128,130,-2,2
34324,90,79,11,11
34325,99,97,2,2
34326,121,141,-20,20
34327,47,59,-12,12
34328,88,77,11,11
34329,96,87,9,9
34330,83,102,-19,19
34331,91,77,14,14
34332,100,98,2,2
34333,68,70,-2,2
34334,44,44,0,0
34335,94,88,6,6
34336,48,51,-3,3
34337,63,61,2,2
34338,114,108,6,6
34339,88,78,10,10
34340,105,95,10,10
34341,67,69,-2,2
34342,61,50,11,11
34343,120,115,5,5
34344,111,98,13,13
34345,102,92,10,10
34346,111,101,10,10
34347,48,48,0,0
34348,102,103,-1,1
34349,101,96,5,5
34350,88,92,-4,4
34351,58,66,-8,8
34352,64,68,-4,4
34353,65,66,-1,1
34354,156,145,11,11
34355,84,80,4,4
34356,169,145,24,24
34357,130,109,21,21
34358,51,60,-9,9
34359,60,56,4,4
34360,109,94,15,15
34361,107,107,0,0
34362,133,139,-6,6
34363,73,67,6,6
34364,117,110,7,7
34365,105,98,7,7
34366,118,135,-17,17
34367,107,102,5,5
34368,89,87,2,2
34369,130,118,12,12
34370,107,110,-3,3
34371,86,85,1,1
34372,87,91,-4,4
34373,166,151,15,15
34374,91,89,2,2
34375,83,73,10,10
34376,90,98,-8,8
34377,60,67,-7,7
34378,73,75,-2,2
34379,133,116,17,17
34380,131,124,7,7
34381,128,148,-20,20
34382,93,88,5,5
34383,48,53,-5,5
34384,126,102,24,24
34385,62,70,-8,8
34386,50,58,-8,8
34387,70,68,2,2
34388,111,107,4,4
34389,89,79,10,10
34390,94,97,-3,3
34391,38,47,-9,9
34392,76,87,-11,11
34393,92,88,4,4
34394,66,65,1,1
34395,84,81,3,3
34396,72,71,1,1
34397,79,75,4,4
34398,78,77,1,1
34399,61,60,1,1
34400,68,69,-1,1
34401,114,100,14,14
34402,84,83,1,1
34403,51,61,-10,10
34404,96,85,11,11
34405,74,68,6,6
34406,64,71,-7,7
34407,79,77,2,2
34408,89,80,9,9
34409,150,147,3,3
34410,137,118,19,19
34411,62,62,0,0
34412,120,108,12,12
34413,75,65,10,10
34414,63,67,-4,4
34415,144,144,0,0
34416,83,74,9,9
34417,71,96,-25,25
34418,125,121,4,4
34419,71,71,0,0
34420,90,90,0,0
34421,57,52,5,5
34422,68,74,-6,6
34423,117,102,15,15
34424,142,134,8,8
34425,95,86,9,9
34426,91,93,-2,2
34427,86,87,-1,1
34428,119,121,-2,2
34429,71,81,-10,10
34430,97,88,9,9
34431,92,94,-2,2
34432,86,91,-5,5
34433,48,60,-12,12
34434,50,45,5,5
34435,105,134,-29,29
34436,105,107,-2,2
34437,127,110,17,17
34438,108,105,3,3
34439,71,67,4,4
34440,73,77,-4,4
34441,68,76,-8,8
34442,147,128,19,19
34443,142,142,0,0
34444,39,44,-5,5
34445,91,78,13,13
34446,79,80,-1,1
34447,84,78,6,6
34448,123,122,1,1
34449,63,72,-9,9
34450,196,176,20,20
34451,161,158,3,3
34452,152,122,30,30
34453,144,131,13,13
34454,96,95,1,1
34455,125,124,1,1
34456,82,74,8,8
34457,128,116,12,12
34458,160,158,2,2
34459,43,46,-3,3
34460,68,69,-1,1
34461,108,85,23,23
34462,74,74,0,0
34463,52,55,-3,3
34464,107,113,-6,6
34465,64,71,-7,7
34466,89,83,6,6
34467,85,71,14,14
34468,73,76,-3,3
34469,177,177,0,0
34470,111,104,7,7
34471,67,76,-9,9
34472,76,68,8,8
34473,152,135,17,17
34474,90,90,0,0
34475,79,76,3,3
34476,99,101,-2,2
34477,78,73,5,5
34478,131,119,12,12
34479,100,89,11,11
34480,74,79,-5,5
34481,99,97,2,2
34482,135,129,6,6
34483,104,102,2,2
34484,67,64,3,3
34485,102,87,15,15
34486,48,50,-2,2
34487,243,222,21,21
34488,97,92,5,5
34489,112,106,6,6
34490,118,118,0,0
34491,77,82,-5,5
34492,73,62,11,11
34493,99,97,2,2
34494,60,79,-19,19
34495,155,149,6,6
34496,125,119,6,6
34497,202,163,39,39
34498,82,87,-5,5
34499,100,91,9,9
34500,78,74,4,4
34501,59,68,-9,9
34502,48,55,-7,7
34503,121,121,0,0
34504,128,119,9,9
34505,96,100,-4,4
34506,133,119,14,14
34507,107,104,3,3
34508,106,97,9,9
34509,111,122,-11,11
34510,48,68,-20,20
34511,79,85,-6,6
34512,121,104,17,17
34513,147,136,11,11
34514,113,106,7,7
34515,58,58,0,0
34516,93,84,9,9
34517,109,105,4,4
34518,85,87,-2,2
34519,69,76,-7,7
34520,70,71,-1,1
34521,81,88,-7,7
34522,47,48,-1,1
34523,121,106,15,15
34524,151,130,21,21
34525,80,80,0,0
34526,60,58,2,2
34527,133,125,8,8
34528,65,68,-3,3
34529,162,151,11,11
34530,73,68,5,5
34531,108,97,11,11
34532,87,84,3,3
34533,101,107,-6,6
34534,90,87,3,3
34535,130,141,-11,11
34536,133,121,12,12
34537,139,129,10,10
34538,95,100,-5,5
34539,96,91,5,5
34540,66,69,-3,3
34541,69,74,-5,5
34542,69,69,0,0
34543,86,82,4,4
34544,95,91,4,4
34545,91,84,7,7
34546,189,158,31,31
34547,109,105,4,4
34548,63,62,1,1
34549,156,151,5,5
34550,64,63,1,1
34551,117,107,10,10
34552,55,52,3,3
34553,115,117,-2,2
34554,103,95,8,8
34555,155,139,16,16
34556,78,76,2,2
34557,159,160,-1,1
34558,73,66,7,7
34559,188,174,14,14
34560,150,148,2,2
34561,103,89,14,14
34562,80,81,-1,1
34563,92,92,0,0
34564,121,119,2,2
34565,113,114,-1,1
34566,106,97,9,9
34567,72,66,6,6
34568,120,113,7,7
34569,49,53,-4,4
34570,124,128,-4,4
34571,82,81,1,1
34572,145,153,-8,8
34573,61,58,3,3
34574,108,101,7,7
34575,53,56,-3,3
34576,117,106,11,11
34577,88,88,0,0
34578,122,94,28,28
34579,56,54,2,2
34580,161,145,16,16
34581,115,109,6,6
34582,100,97,3,3
34583,149,146,3,3
34584,126,115,11,11
34585,74,72,2,2
34586,124,112,12,12
34587,101,96,5,5
34588,83,95,-12,12
34589,105,97,8,8
34590,143,133,10,10
34591,153,144,9,9
34592,54,57,-3,3
34593,52,54,-2,2
34594,87,83,4,4
34595,63,64,-1,1
34596,84,89,-5,5
34597,96,94,2,2
34598,59,67,-8,8
34599,141,129,12,12
34600,121,104,17,17
34601,21,24,-3,3
34602,93,84,9,9
34603,126,124,2,2
34604,91,88,3,3
34605,126,115,11,11
34606,79,74,5,5
34607,133,134,-1,1
34608,72,77,-5,5
34609,117,95,22,22
34610,51,62,-11,11
34611,92,88,4,4
34612,78,84,-6,6
34613,70,73,-3,3
34614,77,77,0,0
34615,94,85,9,9
34616,75,75,0,0
34617,93,92,1,1
34618,75,64,11,11
34619,149,140,9,9
34620,99,97,2,2
34621,94,105,-11,11
34622,98,88,10,10
34623,68,68,0,0
34624,101,140,-39,39
34625,115,104,11,11
34626,87,81,6,6
34627,100,109,-9,9
34628,80,88,-8,8
34629,133,120,13,13
34630,54,55,-1,1
34631,164,151,13,13
34632,98,94,4,4
34633,75,78,-3,3
34634,77,69,8,8
34635,126,119,7,7
34636,124,114,10,10
34637,89,88,1,1
34638,77,78,-1,1
34639,162,146,16,16
34640,129,110,19,19
34641,126,119,7,7
34642,90,80,10,10
34643,145,134,11,11
34644,59,67,-8,8
34645,79,75,4,4
34646,100,85,15,15
34647,136,123,13,13
34648,53,63,-10,10
34649,109,101,8,8
34650,79,77,2,2
34651,111,103,8,8
34652,172,136,36,36
34653,142,137,5,5
34654,81,78,3,3
34655,100,96,4,4
34656,71,69,2,2
34657,37,43,-6,6
34658,91,87,4,4
34659,85,82,3,3
34660,96,95,1,1
34661,96,91,5,5
34662,72,66,6,6
34663,58,57,1,1
34664,128,132,-4,4
34665,90,78,12,12
34666,79,75,4,4
34667,57,51,6,6
34668,164,138,26,26
34669,147,114,33,33
34670,42,51,-9,9
34671,92,100,-8,8
34672,73,74,-1,1
34673,80,79,1,1
34674,82,77,5,5
34675,82,82,0,0
34676,124,114,10,10
34677,87,91,-4,4
34678,93,91,2,2
34679,151,128,23,23
34680,88,84,4,4
34681,99,89,10,10
34682,104,99,5,5
34683,80,78,2,2
34684,91,80,11,11
34685,116,131,-15,15
34686,136,123,13,13
34687,76,105,-29,29
34688,125,130,-5,5
34689,99,87,12,12
34690,112,116,-4,4
34691,103,112,-9,9
34692,152,139,13,13
34693,122,113,9,9
34694,74,71,3,3
34695,106,102,4,4
34696,76,73,3,3
34697,59,64,-5,5
34698,100,118,-18,18
34699,58,61,-3,3
34700,69,72,-3,3
34701,120,124,-4,4
34702,74,72,2,2
34703,55,55,0,0
34704,89,88,1,1
34705,79,69,10,10
34706,137,137,0,0
34707,81,82,-1,1
34708,64,74,-10,10
34709,170,161,9,9
34710,69,69,0,0
34711,72,69,3,3
34712,73,68,5,5
34713,66,71,-5,5
34714,114,109,5,5
34715,96,102,-6,6
34716,67,68,-1,1
34717,83,80,3,3
34718,72,68,4,4
34719,150,140,10,10
34720,56,52,4,4
34721,66,71,-5,5
34722,53,63,-10,10
34723,169,146,23,23
34724,66,68,-2,2
34725,105,108,-3,3
34726,101,97,4,4
34727,78,79,-1,1
34728,130,124,6,6
34729,140,128,12,12
34730,91,103,-12,12
34731,89,77,12,12
34732,73,74,-1,1
34733,111,103,8,8
34734,111,109,2,2
34735,154,137,17,17
34736,56,62,-6,6
34737,136,124,12,12
34738,101,86,15,15
34739,120,120,0,0
34740,62,53,9,9
34741,105,103,2,2
34742,76,76,0,0
34743,161,158,3,3
34744,88,90,-2,2
34745,51,54,-3,3
34746,108,106,2,2
34747,101,94,7,7
34748,74,74,0,0
34749,189,162,27,27
34750,46,45,1,1
34751,58,59,-1,1
34752,100,86,14,14
34753,171,141,30,30
34754,45,45,0,0
34755,87,69,18,18
34756,57,55,2,2
34757,137,117,20,20
34758,72,71,1,1
34759,115,107,8,8
34760,98,92,6,6
34761,58,66,-8,8
34762,87,107,-20,20
34763,79,74,5,5
34764,79,72,7,7
34765,67,66,1,1
34766,32,37,-5,5
34767,76,75,1,1
34768,80,71,9,9
34769,106,91,15,15
34770,54,63,-9,9
34771,75,78,-3,3
34772,149,140,9,9
34773,110,94,16,16
34774,106,106,0,0
34775,130,124,6,6
34776,49,52,-3,3
34777,119,118,1,1
34778,75,78,-3,3
34779,89,87,2,2
34780,63,58,5,5
34781,64,51,13,13
34782,116,110,6,6
34783,79,70,9,9
34784,92,93,-1,1
34785,70,75,-5,5
34786,120,113,7,7
34787,165,154,11,11
34788,187,181,6,6
34789,82,77,5,5
34790,53,65,-12,12
34791,88,84,4,4
34792,75,71,4,4
34793,66,61,5,5
34794,80,79,1,1
34795,113,100,13,13
34796,48,46,2,2
34797,52,51,1,1
34798,169,157,12,12
34799,100,104,-4,4
34800,71,80,-9,9
34801,103,109,-6,6
34802,127,121,6,6
34803,132,132,0,0
34804,136,130,6,6
34805,67,61,6,6
34806,127,129,-2,2
34807,142,139,3,3
34808,114,116,-2,2
34809,71,76,-5,5
34810,77,77,0,0
34811,86,93,-7,7
34812,166,143,23,23
34813,116,105,11,11
34814,42,41,1,1
34815,91,80,11,11
34816,81,76,5,5
34817,109,102,7,7
34818,164,159,5,5
34819,119,120,-1,1
34820,79,71,8,8
34821,122,113,9,9
34822,67,69,-2,2
34823,96,89,7,7
34824,81,77,4,4
34825,110,81,29,29
34826,142,137,5,5
34827,30,41,-11,11
34828,102,92,10,10
34829,128,114,14,14
34830,127,129,-2,2
34831,55,85,-30,30
34832,125,150,-25,25
34833,85,86,-1,1
34834,82,83,-1,1
34835,99,103,-4,4
34836,142,141,1,1
34837,99,105,-6,6
34838,96,102,-6,6
34839,87,98,-11,11
34840,76,69,7,7
34841,95,102,-7,7
34842,61,66,-5,5
34843,58,65,-7,7
34844,88,90,-2,2
34845,87,94,-7,7
34846,89,87,2,2
34847,100,91,9,9
34848,87,88,-1,1
34849,86,82,4,4
34850,43,51,-8,8
34851,33,38,-5,5
34852,97,93,4,4
34853,130,116,14,14
34854,149,132,17,17
34855,139,122,17,17
34856,71,74,-3,3
34857,53,66,-13,13
34858,69,61,8,8
34859,114,98,16,16
34860,60,67,-7,7
34861,53,54,-1,1
34862,80,74,6,6
34863,75,63,12,12
34864,101,116,-15,15
34865,147,139,8,8
34866,100,86,14,14
34867,112,112,0,0
34868,61,63,-2,2
34869,68,69,-1,1
34870,41,58,-17,17
34871,72,77,-5,5
34872,69,78,-9,9
34873,135,121,14,14
34874,112,109,3,3
34875,63,58,5,5
34876,83,77,6,6
34877,74,74,0,0
34878,85,90,-5,5
34879,91,79,12,12
34880,150,146,4,4
34881,96,90,6,6
34882,61,81,-20,20
34883,51,68,-17,17
34884,61,63,-2,2
34885,143,155,-12,12
34886,64,67,-3,3
34887,59,58,1,1
34888,67,77,-10,10
34889,65,84,-19,19
34890,142,128,14,14
34891,66,68,-2,2
34892,73,77,-4,4
34893,107,102,5,5
34894,112,95,17,17
34895,104,103,1,1
34896,46,50,-4,4
34897,83,74,9,9
34898,89,84,5,5
34899,73,63,10,10
34900,59,62,-3,3
34901,59,56,3,3
34902,112,103,9,9
34903,75,78,-3,3
34904,68,72,-4,4
34905,80,89,-9,9
34906,70,78,-8,8
34907,77,78,-1,1
34908,49,48,1,1
34909,91,87,4,4
34910,65,59,6,6
34911,77,75,2,2
34912,130,114,16,16
34913,77,76,1,1
34914,175,169,6,6
34915,103,108,-5,5
34916,79,77,2,2
34917,74,70,4,4
34918,98,102,-4,4
34919,111,109,2,2
34920,105,114,-9,9
34921,106,105,1,1
34922,43,45,-2,2
34923,91,96,-5,5
34924,88,87,1,1
34925,121,111,10,10
34926,111,102,9,9
34927,65,68,-3,3
34928,63,57,6,6
34929,91,97,-6,6
34930,70,73,-3,3
34931,117,104,13,13
34932,56,64,-8,8
34933,153,150,3,3
34934,135,132,3,3
34935,66,64,2,2
34936,97,96,1,1
34937,94,97,-3,3
34938,79,76,3,3
34939,89,81,8,8
34940,117,105,12,12
34941,50,49,1,1
34942,172,172,0,0
34943,71,78,-7,7
34944,94,92,2,2
34945,146,143,3,3
34946,57,59,-2,2
34947,91,90,1,1
34948,44,48,-4,4
34949,124,118,6,6
34950,117,97,20,20
34951,93,84,9,9
34952,100,101,-1,1
34953,167,151,16,16
34954,97,92,5,5
34955,117,108,9,9
34956,142,127,15,15
34957,62,64,-2,2
34958,99,99,0,0
34959,83,80,3,3
34960,61,68,-7,7
34961,80,84,-4,4
34962,85,78,7,7
34963,102,98,4,4
34964,127,127,0,0
34965,123,125,-2,2
34966,117,110,7,7
34967,102,113,-11,11
34968,100,94,6,6
34969,105,97,8,8
34970,116,97,19,19
34971,104,107,-3,3
34972,70,67,3,3
34973,71,76,-5,5
34974,59,69,-10,10
34975,86,80,6,6
34976,121,98,23,23
34977,104,92,12,12
34978,93,84,9,9
34979,78,78,0,0
34980,124,115,9,9
34981,83,83,0,0
34982,126,117,9,9
34983,91,89,2,2
34984,89,99,-10,10
34985,79,72,7,7
34986,110,105,5,5
34987,80,76,4,4
34988,116,110,6,6
34989,133,113,20,20
34990,91,95,-4,4
34991,94,83,11,11
34992,160,142,18,18
34993,107,112,-5,5
34994,61,69,-8,8
34995,74,65,9,9
34996,80,79,1,1
34997,50,57,-7,7
34998,98,97,1,1
34999,47,49,-2,2
35000,63,80,-17,17
35001,92,96,-4,4
35002,97,93,4,4
35003,101,102,-1,1
35004,48,56,-8,8
35005,114,112,2,2
35006,106,101,5,5
35007,98,90,8,8
35008,133,127,6,6
35009,98,81,17,17
35010,41,45,-4,4
35011,85,84,1,1
35012,102,102,0,0
35013,97,86,11,11
35014,49,51,-2,2
35015,50,58,-8,8
35016,86,91,-5,5
35017,96,104,-8,8
35018,110,98,12,12
35019,95,92,3,3
35020,89,79,10,10
35021,92,87,5,5
35022,109,102,7,7
35023,75,75,0,0
35024,61,53,8,8
35025,82,90,-8,8
35026,88,89,-1,1
35027,139,132,7,7
35028,67,81,-14,14
35029,106,104,2,2
35030,108,106,2,2
35031,80,83,-3,3
35032,78,83,-5,5
35033,87,86,1,1
35034,57,58,-1,1
35035,63,63,0,0
35036,105,89,16,16
35037,129,108,21,21
35038,65,66,-1,1
35039,93,91,2,2
35040,50,46,4,4
35041,30,43,-13,13
35042,81,76,5,5
35043,55,67,-12,12
35044,76,73,3,3
35045,135,119,16,16
35046,55,58,-3,3
35047,140,137,3,3
35048,92,82,10,10
35049,124,120,4,4
35050,100,97,3,3
35051,40,41,-1,1
35052,50,46,4,4
35053,85,86,-1,1
35054,87,95,-8,8
35055,136,122,14,14
35056,65,68,-3,3
35057,97,75,22,22
35058,80,76,4,4
35059,99,95,4,4
35060,69,72,-3,3
35061,97,99,-2,2
35062,65,62,3,3
35063,67,68,-1,1
35064,108,105,3,3
35065,105,108,-3,3
35066,98,88,10,10
35067,73,71,2,2
35068,87,84,3,3
35069,80,70,10,10
35070,115,117,-2,2
35071,129,110,19,19
35072,62,62,0,0
35073,141,125,16,16
35074,165,149,16,16
35075,167,155,12,12
35076,128,112,16,16
35077,163,143,20,20
35078,49,63,-14,14
35079,73,78,-5,5
35080,117,151,-34,34
35081,182,160,22,22
35082,91,81,10,10
35083,73,77,-4,4
35084,130,127,3,3
35085,92,89,3,3
35086,164,137,27,27
35087,100,110,-10,10
35088,106,108,-2,2
35089,155,153,2,2
35090,84,84,0,0
35091,115,117,-2,2
35092,74,74,0,0
35093,62,56,6,6
35094,76,78,-2,2
35095,82,89,-7,7
35096,116,103,13,13
35097,84,81,3,3
35098,61,66,-5,5
35099,155,135,20,20
35100,87,143,-56,56
35101,118,114,4,4
35102,126,126,0,0
35103,123,119,4,4
35104,72,77,-5,5
35105,106,98,8,8
35106,119,106,13,13
35107,79,79,0,0
35108,70,82,-12,12
35109,129,111,18,18
35110,93,82,11,11
35111,98,85,13,13
35112,164,164,0,0
35113,110,112,-2,2
35114,108,100,8,8
35115,79,76,3,3
35116,140,139,1,1
35117,81,85,-4,4
35118,84,87,-3,3
35119,64,59,5,5
35120,101,97,4,4
35121,65,69,-4,4
35122,71,79,-8,8
35123,66,71,-5,5
35124,81,80,1,1
35125,82,93,-11,11
35126,101,106,-5,5
35127,95,95,0,0
35128,95,95,0,0
35129,177,164,13,13
35130,148,150,-2,2
35131,83,86,-3,3
35132,79,76,3,3
35133,87,81,6,6
35134,120,114,6,6
35135,140,155,-15,15
35136,117,109,8,8
35137,88,84,4,4
35138,79,68,11,11
35139,89,88,1,1
35140,83,74,9,9
35141,79,90,-11,11
35142,118,114,4,4
35143,79,81,-2,2
35144,95,86,9,9
35145,62,61,1,1
35146,67,71,-4,4
35147,63,68,-5,5
35148,99,83,16,16
35149,164,156,8,8
35150,71,61,10,10
35151,49,48,1,1
35152,88,87,1,1
35153,93,83,10,10
35154,90,87,3,3
35155,96,80,16,16
35156,91,87,4,4
35157,41,41,0,0
35158,94,90,4,4
35159,58,53,5,5
35160,87,88,-1,1
35161,100,93,7,7
35162,117,112,5,5
35163,106,100,6,6
35164,65,73,-8,8
35165,126,121,5,5
35166,92,90,2,2
35167,78,85,-7,7
35168,98,91,7,7
35169,102,114,-12,12
35170,115,98,17,17
35171,93,85,8,8
35172,48,57,-9,9
35173,64,67,-3,3
35174,168,171,-3,3
35175,95,82,13,13
35176,125,120,5,5
35177,128,134,-6,6
35178,137,111,26,26
35179,62,53,9,9
35180,76,73,3,3
35181,66,65,1,1
35182,50,55,-5,5
35183,98,90,8,8
35184,101,103,-2,2
35185,77,77,0,0
35186,97,96,1,1
35187,116,104,12,12
35188,118,105,13,13
35189,157,152,5,5
35190,48,52,-4,4
35191,86,87,-1,1
35192,79,93,-14,14
35193,93,83,10,10
35194,58,58,0,0
35195,65,66,-1,1
35196,203,179,24,24
35197,59,59,0,0
35198,103,96,7,7
35199,35,38,-3,3
35200,95,96,-1,1
35201,89,91,-2,2
35202,122,111,11,11
35203,97,89,8,8
35204,84,80,4,4
35205,146,121,25,25
35206,129,114,15,15
35207,76,81,-5,5
35208,79,75,4,4
35209,92,89,3,3
35210,82,71,11,11
35211,111,101,10,10
35212,88,81,7,7
35213,155,144,11,11
35214,75,66,9,9
35215,109,105,4,4
35216,64,58,6,6
35217,76,71,5,5
35218,114,114,0,0
35219,84,78,6,6
35220,90,84,6,6
35221,49,50,-1,1
35222,103,101,2,2
35223,140,134,6,6
35224,64,64,0,0
35225,171,165,6,6
35226,89,86,3,3
35227,57,64,-7,7
35228,99,73,26,26
35229,62,65,-3,3
35230,191,175,16,16
35231,108,98,10,10
35232,116,110,6,6
35233,157,142,15,15
35234,98,112,-14,14
35235,167,163,4,4
35236,89,80,9,9
35237,65,69,-4,4
35238,103,100,3,3
35239,107,101,6,6
35240,66,61,5,5
35241,137,124,13,13
35242,68,64,4,4
35243,64,56,8,8
35244,137,123,14,14
35245,101,97,4,4
35246,120,109,11,11
35247,99,101,-2,2
35248,58,65,-7,7
35249,93,94,-1,1
35250,48,67,-19,19
35251,96,107,-11,11
35252,68,71,-3,3
35253,95,97,-2,2
35254,117,102,15,15
35255,61,68,-7,7
35256,122,119,3,3
35257,77,87,-10,10
35258,69,75,-6,6
35259,105,96,9,9
35260,126,123,3,3
35261,67,55,12,12
35262,122,117,5,5
35263,96,90,6,6
35264,188,163,25,25
35265,72,66,6,6
35266,122,111,11,11
35267,53,56,-3,3
35268,49,59,-10,10
35269,131,116,15,15
35270,118,98,20,20
35271,68,61,7,7
35272,84,88,-4,4
35273,80,84,-4,4
35274,95,104,-9,9
35275,54,53,1,1
35276,80,81,-1,1
35277,55,59,-4,4
35278,50,47,3,3
35279,141,134,7,7
35280,118,108,10,10
35281,64,65,-1,1
35282,132,113,19,19
35283,81,77,4,4
35284,49,44,5,5
35285,86,81,5,5
35286,107,103,4,4
35287,123,119,4,4
35288,109,96,13,13
35289,121,112,9,9
35290,89,94,-5,5
35291,57,66,-9,9
35292,123,109,14,14
35293,102,106,-4,4
35294,143,126,17,17
35295,57,58,-1,1
35296,84,78,6,6
35297,73,68,5,5
35298,124,120,4,4
35299,86,75,11,11
35300,128,123,5,5
35301,146,125,21,21
35302,92,84,8,8
35303,68,77,-9,9
35304,88,87,1,1
35305,147,141,6,6
35306,134,130,4,4
35307,91,91,0,0
35308,137,126,11,11
35309,130,128,2,2
35310,103,95,8,8
35311,78,88,-10,10
35312,85,78,7,7
35313,57,57,0,0
35314,159,140,19,19
35315,80,83,-3,3
35316,113,121,-8,8
35317,152,136,16,16
35318,163,145,18,18
35319,137,112,25,25
35320,116,109,7,7
35321,144,132,12,12
35322,61,68,-7,7
35323,158,137,21,21
35324,120,144,-24,24
35325,64,66,-2,2
35326,106,100,6,6
35327,60,66,-6,6
35328,87,91,-4,4
35329,72,65,7,7
35330,92,92,0,0
35331,164,145,19,19
35332,121,122,-1,1
35333,63,67,-4,4
35334,108,103,5,5
35335,70,65,5,5
35336,66,72,-6,6
35337,81,124,-43,43
35338,84,82,2,2
35339,69,69,0,0
35340,161,155,6,6
35341,73,69,4,4
35342,62,59,3,3
35343,66,64,2,2
35344,80,84,-4,4
35345,110,123,-13,13
35346,145,126,19,19
35347,32,59,-27,27
35348,62,68,-6,6
35349,191,181,10,10
35350,84,82,2,2
35351,96,87,9,9
35352,87,77,10,10
35353,54,57,-3,3
35354,85,83,2,2
35355,118,106,12,12
35356,52,50,2,2
35357,102,83,19,19
35358,66,66,0,0
35359,151,146,5,5
35360,129,134,-5,5
35361,61,54,7,7
35362,102,106,-4,4
35363,88,89,-1,1
35364,61,71,-10,10
35365,77,83,-6,6
35366,79,78,1,1
35367,110,101,9,9
35368,96,89,7,7
35369,74,70,4,4
35370,120,115,5,5
35371,134,126,8,8
35372,66,67,-1,1
35373,61,55,6,6
35374,130,119,11,11
35375,60,64,-4,4
35376,66,66,0,0
35377,115,107,8,8
35378,99,92,7,7
35379,55,51,4,4
35380,104,91,13,13
35381,104,100,4,4
35382,97,98,-1,1
35383,48,50,-2,2
35384,51,53,-2,2
35385,51,43,8,8
35386,80,78,2,2
35387,57,53,4,4
35388,77,59,18,18
35389,128,120,8,8
35390,141,139,2,2
35391,77,74,3,3
35392,132,127,5,5
35393,110,105,5,5
35394,43,32,11,11
35395,110,111,-1,1
35396,85,75,10,10
35397,92,94,-2,2
35398,49,51,-2,2
35399,69,69,0,0
35400,64,64,0,0
35401,82,74,8,8
35402,59,68,-9,9
35403,69,66,3,3
35404,66,66,0,0
35405,92,86,6,6
35406,101,85,16,16
35407,62,70,-8,8
35408,126,111,15,15
35409,119,119,0,0
35410,117,99,18,18
35411,162,149,13,13
35412,100,94,6,6
35413,107,113,-6,6
35414,49,57,-8,8
35415,75,77,-2,2
35416,85,79,6,6
35417,87,72,15,15
35418,58,51,7,7
35419,86,102,-16,16
35420,54,55,-1,1
35421,149,144,5,5
35422,99,91,8,8
35423,118,113,5,5
35424,88,91,-3,3
35425,128,140,-12,12
35426,121,119,2,2
35427,62,63,-1,1
35428,32,35,-3,3
35429,152,134,18,18
35430,58,55,3,3
35431,77,84,-7,7
35432,127,107,20,20
35433,109,99,10,10
35434,116,111,5,5
35435,83,83,0,0
35436,70,79,-9,9
35437,101,90,11,11
35438,70,67,3,3
35439,117,99,18,18
35440,93,97,-4,4
35441,72,76,-4,4
35442,131,126,5,5
35443,64,67,-3,3
35444,160,151,9,9
35445,86,75,11,11
35446,84,88,-4,4
35447,56,56,0,0
35448,94,86,8,8
35449,149,132,17,17
35450,128,113,15,15
35451,97,101,-4,4
35452,178,164,14,14
35453,102,97,5,5
35454,53,54,-1,1
35455,124,110,14,14
35456,79,84,-5,5
35457,136,146,-10,10
35458,71,79,-8,8
35459,54,49,5,5
35460,97,89,8,8
35461,72,74,-2,2
35462,169,147,22,22
35463,80,76,4,4
35464,53,59,-6,6
35465,64,60,4,4
35466,52,52,0,0
35467,38,50,-12,12
35468,78,76,2,2
35469,160,79,81,81
35470,113,101,12,12
35471,90,92,-2,2
35472,63,59,4,4
35473,79,80,-1,1
35474,56,61,-5,5
35475,241,230,11,11
35476,68,69,-1,1
35477,145,138,7,7
35478,69,65,4,4
35479,107,100,7,7
35480,79,81,-2,2
35481,123,118,5,5
35482,97,87,10,10
35483,77,73,4,4
35484,66,131,-65,65
35485,83,79,4,4
35486,82,83,-1,1
35487,78,80,-2,2
35488,89,83,6,6
35489,76,65,11,11
35490,61,66,-5,5
35491,116,108,8,8
35492,128,128,0,0
35493,130,127,3,3
35494,46,48,-2,2
35495,105,100,5,5
35496,150,125,25,25
35497,156,151,5,5
35498,69,69,0,0
35499,89,82,7,7
35500,77,72,5,5
35501,123,120,3,3
35502,97,87,10,10
35503,87,77,10,10
35504,80,77,3,3
35505,79,80,-1,1
35506,58,65,-7,7
35507,53,53,0,0
35508,105,104,1,1
35509,74,79,-5,5
35510,101,102,-1,1
35511,56,57,-1,1
35512,115,105,10,10
35513,141,146,-5,5
35514,116,105,11,11
35515,47,47,0,0
35516,43,44,-1,1
35517,80,84,-4,4
35518,91,94,-3,3
35519,75,83,-8,8
35520,114,101,13,13
35521,79,79,0,0
35522,106,95,11,11
35523,69,56,13,13
35524,87,75,12,12
35525,118,120,-2,2
35526,84,84,0,0
35527,90,93,-3,3
35528,97,85,12,12
35529,57,56,1,1
35530,132,126,6,6
35531,90,104,-14,14
35532,108,110,-2,2
35533,132,116,16,16
35534,76,82,-6,6
35535,38,34,4,4
35536,52,53,-1,1
35537,68,60,8,8
35538,141,140,1,1
35539,90,90,0,0
35540,72,65,7,7
35541,74,68,6,6
35542,89,83,6,6
35543,72,70,2,2
35544,78,62,16,16
35545,67,64,3,3
35546,94,87,7,7
35547,65,66,-1,1
35548,75,71,4,4
35549,76,82,-6,6
35550,78,70,8,8
35551,70,74,-4,4
35552,124,108,16,16
35553,123,113,10,10
35554,185,168,17,17
35555,126,106,20,20
35556,104,100,4,4
35557,79,77,2,2
35558,74,61,13,13
35559,82,81,1,1
35560,47,52,-5,5
35561,40,41,-1,1
35562,102,97,5,5
35563,68,73,-5,5
35564,95,97,-2,2
35565,111,101,10,10
35566,74,75,-1,1
35567,63,71,-8,8
35568,118,111,7,7
35569,181,161,20,20
35570,63,65,-2,2
35571,73,71,2,2
35572,76,78,-2,2
35573,80,77,3,3
35574,99,97,2,2
35575,83,89,-6,6
35576,48,48,0,0
35577,140,120,20,20
35578,101,104,-3,3
35579,76,89,-13,13
35580,84,93,-9,9
35581,95,83,12,12
35582,60,59,1,1
35583,78,74,4,4
35584,125,120,5,5
35585,90,90,0,0
35586,99,92,7,7
35587,58,56,2,2
35588,128,124,4,4
35589,67,66,1,1
35590,96,105,-9,9
35591,96,86,10,10
35592,141,130,11,11
35593,77,82,-5,5
35594,114,96,18,18
35595,86,81,5,5
35596,175,162,13,13
35597,129,121,8,8
35598,50,55,-5,5
35599,70,63,7,7
35600,224,196,28,28
35601,146,137,9,9
35602,81,76,5,5
35603,97,88,9,9
35604,118,124,-6,6
35605,77,65,12,12
35606,73,69,4,4
35607,85,83,2,2
35608,102,94,8,8
35609,130,122,8,8
35610,133,130,3,3
35611,129,122,7,7
35612,80,76,4,4
35613,93,95,-2,2
35614,91,84,7,7
35615,41,91,-50,50
35616,82,85,-3,3
35617,67,65,2,2
35618,85,81,4,4
35619,75,78,-3,3
35620,118,114,4,4
35621,118,95,23,23
35622,79,75,4,4
35623,63,59,4,4
35624,170,162,8,8
35625,73,75,-2,2
35626,114,87,27,27
35627,154,156,-2,2
35628,54,68,-14,14
35629,115,105,10,10
35630,49,119,-70,70
35631,99,101,-2,2
35632,80,76,4,4
35633,152,146,6,6
35634,71,68,3,3
35635,118,143,-25,25
35636,106,95,11,11
35637,106,110,-4,4
35638,173,151,22,22
35639,89,91,-2,2
35640,65,65,0,0
35641,93,85,8,8
35642,109,104,5,5
35643,126,124,2,2
35644,143,157,-14,14
35645,127,125,2,2
35646,114,100,14,14
35647,84,89,-5,5
35648,68,75,-7,7
35649,60,65,-5,5
35650,111,106,5,5
35651,127,134,-7,7
35652,83,75,8,8
35653,98,93,5,5
35654,83,70,13,13
35655,77,77,0,0
35656,51,55,-4,4
35657,88,86,2,2
35658,48,58,-10,10
35659,147,142,5,5
35660,66,78,-12,12
35661,100,93,7,7
35662,76,77,-1,1
35663,59,63,-4,4
35664,116,107,9,9
35665,61,66,-5,5
35666,155,143,12,12
35667,99,102,-3,3
35668,112,106,6,6
35669,70,53,17,17
35670,79,83,-4,4
35671,96,93,3,3
35672,90,95,-5,5
35673,104,94,10,10
35674,99,90,9,9
35675,81,85,-4,4
35676,134,143,-9,9
35677,126,123,3,3
35678,160,114,46,46
35679,75,73,2,2
35680,104,107,-3,3
35681,150,131,19,19
35682,120,115,5,5
35683,90,89,1,1
35684,120,105,15,15
35685,142,131,11,11
35686,75,69,6,6
35687,102,89,13,13
35688,162,147,15,15
35689,74,71,3,3
35690,75,72,3,3
35691,99,96,3,3
35692,130,124,6,6
35693,53,49,4,4
35694,127,126,1,1
35695,103,88,15,15
35696,94,87,7,7
35697,76,84,-8,8
35698,83,83,0,0
35699,195,167,28,28
35700,58,67,-9,9
35701,51,66,-15,15
35702,153,141,12,12
35703,190,171,19,19
35704,87,85,2,2
35705,96,92,4,4
35706,100,88,12,12
35707,74,72,2,2
35708,67,67,0,0
35709,124,118,6,6
35710,74,67,7,7
35711,111,95,16,16
35712,93,111,-18,18
35713,107,94,13,13
35714,70,63,7,7
35715,154,142,12,12
35716,125,109,16,16
35717,107,93,14,14
35718,69,83,-14,14
35719,101,101,0,0
35720,95,84,11,11
35721,96,85,11,11
35722,85,80,5,5
35723,70,91,-21,21
35724,68,67,1,1
35725,61,61,0,0
35726,155,148,7,7
35727,58,65,-7,7
35728,72,72,0,0
35729,47,49,-2,2
35730,98,98,0,0
35731,145,124,21,21
35732,52,57,-5,5
35733,120,100,20,20
35734,78,73,5,5
35735,56,58,-2,2
35736,89,93,-4,4
35737,82,82,0,0
35738,104,105,-1,1
35739,128,134,-6,6
35740,159,131,28,28
35741,79,81,-2,2
35742,109,101,8,8
35743,120,115,5,5
35744,79,89,-10,10
35745,73,63,10,10
35746,64,56,8,8
35747,97,89,8,8
35748,135,110,25,25
35749,81,86,-5,5
35750,91,86,5,5
35751,58,51,7,7
35752,78,71,7,7
35753,77,71,6,6
35754,47,45,2,2
35755,167,152,15,15
35756,65,85,-20,20
35757,152,141,11,11
35758,159,148,11,11
35759,89,105,-16,16
35760,205,186,19,19
35761,108,100,8,8
35762,101,90,11,11
35763,129,127,2,2
35764,123,114,9,9
35765,90,85,5,5
35766,138,125,13,13
35767,105,91,14,14
35768,93,84,9,9
35769,129,115,14,14
35770,110,93,17,17
35771,86,96,-10,10
35772,72,75,-3,3
35773,122,112,10,10
35774,37,44,-7,7
35775,173,167,6,6
35776,97,86,11,11
35777,45,46,-1,1
35778,97,82,15,15
35779,85,88,-3,3
35780,83,86,-3,3
35781,105,96,9,9
35782,138,128,10,10
35783,98,86,12,12
35784,128,115,13,13
35785,94,82,12,12
35786,131,110,21,21
35787,67,70,-3,3
35788,176,167,9,9
35789,116,111,5,5
35790,116,117,-1,1
35791,80,60,20,20
35792,84,80,4,4
35793,69,71,-2,2
35794,165,161,4,4
35795,55,67,-12,12
35796,123,120,3,3
35797,117,119,-2,2
35798,81,71,10,10
35799,86,81,5,5
35800,185,173,12,12
35801,104,101,3,3
35802,89,88,1,1
35803,85,79,6,6
35804,156,139,17,17
35805,72,70,2,2
35806,95,76,19,19
35807,86,76,10,10
35808,72,66,6,6
35809,168,143,25,25
35810,42,43,-1,1
35811,93,92,1,1
35812,103,87,16,16
35813,83,82,1,1
35814,137,129,8,8
35815,117,124,-7,7
35816,77,83,-6,6
35817,79,88,-9,9
35818,121,111,10,10
35819,110,117,-7,7
35820,101,93,8,8
35821,88,93,-5,5
35822,91,86,5,5
35823,166,146,20,20
35824,63,63,0,0
35825,92,90,2,2
35826,138,120,18,18
35827,110,112,-2,2
35828,151,145,6,6
35829,121,125,-4,4
35830,73,68,5,5
35831,77,72,5,5
35832,197,188,9,9
35833,94,76,18,18
35834,67,71,-4,4
35835,147,124,23,23
35836,92,108,-16,16
35837,138,133,5,5
35838,71,80,-9,9
35839,93,85,8,8
35840,115,105,10,10
35841,90,83,7,7
35842,137,124,13,13
35843,136,135,1,1
35844,63,65,-2,2
35845,68,69,-1,1
35846,105,103,2,2
35847,61,58,3,3
35848,75,76,-1,1
35849,120,116,4,4
35850,145,140,5,5
35851,106,100,6,6
35852,171,154,17,17
35853,87,86,1,1
35854,112,95,17,17
35855,75,77,-2,2
35856,84,86,-2,2
35857,55,53,2,2
35858,57,59,-2,2
35859,71,66,5,5
35860,150,135,15,15
35861,42,43,-1,1
35862,95,91,4,4
35863,100,101,-1,1
35864,77,70,7,7
35865,134,140,-6,6
35866,100,82,18,18
35867,117,116,1,1
35868,74,104,-30,30
35869,106,97,9,9
35870,121,109,12,12
35871,115,104,11,11
35872,137,125,12,12
35873,80,79,1,1
35874,81,86,-5,5
35875,50,56,-6,6
35876,60,66,-6,6
35877,143,122,21,21
35878,80,87,-7,7
35879,72,71,1,1
35880,74,70,4,4
35881,125,117,8,8
35882,111,96,15,15
35883,99,95,4,4
35884,72,70,2,2
35885,84,75,9,9
35886,52,48,4,4
35887,54,53,1,1
35888,63,65,-2,2
35889,101,97,4,4
35890,65,55,10,10
35891,74,81,-7,7
35892,141,133,8,8
35893,84,81,3,3
35894,156,133,23,23
35895,105,93,12,12
35896,130,118,12,12
35897,74,77,-3,3
35898,97,103,-6,6
35899,111,111,0,0
35900,65,68,-3,3
35901,124,117,7,7
35902,80,78,2,2
35903,93,88,5,5
35904,122,114,8,8
35905,84,92,-8,8
35906,92,93,-1,1
35907,52,74,-22,22
35908,86,89,-3,3
35909,69,75,-6,6
35910,114,104,10,10
35911,68,68,0,0
35912,123,124,-1,1
35913,104,116,-12,12
35914,119,104,15,15
35915,123,102,21,21
35916,99,90,9,9
35917,117,127,-10,10
35918,94,96,-2,2
35919,126,119,7,7
35920,148,131,17,17
35921,112,101,11,11
35922,168,165,3,3
35923,81,76,5,5
35924,100,94,6,6
35925,78,79,-1,1
35926,109,103,6,6
35927,120,110,10,10
35928,119,119,0,0
35929,83,104,-21,21
35930,138,128,10,10
35931,63,68,-5,5
35932,63,55,8,8
35933,88,79,9,9
35934,50,55,-5,5
35935,171,154,17,17
35936,111,95,16,16
35937,154,150,4,4
35938,131,114,17,17
35939,110,99,11,11
35940,74,77,-3,3
35941,116,117,-1,1
35942,112,109,3,3
35943,89,87,2,2
35944,109,109,0,0
35945,68,70,-2,2
35946,77,76,1,1
35947,69,67,2,2
35948,54,63,-9,9
35949,74,72,2,2
35950,140,135,5,5
35951,92,79,13,13
35952,47,52,-5,5
35953,49,60,-11,11
35954,72,71,1,1
35955,79,81,-2,2
35956,45,53,-8,8
35957,53,59,-6,6
35958,114,116,-2,2
35959,64,69,-5,5
35960,63,60,3,3
35961,113,100,13,13
35962,103,92,11,11
35963,109,101,8,8
35964,94,90,4,4
35965,65,61,4,4
35966,94,85,9,9
35967,142,139,3,3
35968,38,39,-1,1
35969,91,98,-7,7
35970,86,80,6,6
35971,150,142,8,8
35972,66,67,-1,1
35973,68,65,3,3
35974,62,58,4,4
35975,53,49,4,4
35976,53,52,1,1
35977,117,109,8,8
35978,89,91,-2,2
35979,96,82,14,14
35980,109,106,3,3
35981,100,101,-1,1
35982,132,116,16,16
35983,125,124,1,1
35984,47,44,3,3
35985,76,87,-11,11
35986,80,80,0,0
35987,108,124,-16,16
35988,72,73,-1,1
35989,79,76,3,3
35990,103,96,7,7
35991,93,90,3,3
35992,90,80,10,10
35993,76,73,3,3
35994,88,81,7,7
35995,70,74,-4,4
35996,162,134,28,28
35997,86,77,9,9
35998,62,62,0,0
35999,78,76,2,2
36000,51,48,3,3
36001,131,106,25,25
36002,81,79,2,2
36003,100,102,-2,2
36004,107,102,5,5
36005,71,73,-2,2
36006,99,94,5,5
36007,128,115,13,13
36008,102,102,0,0
36009,111,119,-8,8
36010,114,113,1,1
36011,145,129,16,16
36012,123,107,16,16
36013,64,67,-3,3
36014,138,131,7,7
36015,120,123,-3,3
36016,96,93,3,3
36017,143,138,5,5
36018,79,77,2,2
36019,139,140,-1,1
36020,124,114,10,10
36021,76,81,-5,5
36022,67,69,-2,2
36023,65,73,-8,8
36024,62,61,1,1
36025,184,173,11,11
36026,102,96,6,6
36027,60,64,-4,4
36028,79,86,-7,7
36029,63,63,0,0
36030,70,59,11,11
36031,91,95,-4,4
36032,68,73,-5,5
36033,86,90,-4,4
36034,97,107,-10,10
36035,78,85,-7,7
36036,110,92,18,18
36037,94,82,12,12
36038,68,80,-12,12
36039,150,139,11,11
36040,81,74,7,7
36041,58,60,-2,2
36042,48,50,-2,2
36043,76,73,3,3
36044,102,91,11,11
36045,74,74,0,0
36046,60,60,0,0
36047,75,81,-6,6
36048,92,84,8,8
36049,62,64,-2,2
36050,91,91,0,0
36051,93,89,4,4
36052,146,141,5,5
36053,94,86,8,8
36054,88,87,1,1
36055,124,120,4,4
36056,92,93,-1,1
36057,87,106,-19,19
36058,113,121,-8,8
36059,99,92,7,7
36060,90,86,4,4
36061,95,84,11,11
36062,61,62,-1,1
36063,139,123,16,16
36064,106,115,-9,9
36065,42,45,-3,3
36066,95,91,4,4
36067,121,126,-5,5
36068,130,135,-5,5
36069,121,119,2,2
36070,74,69,5,5
36071,84,82,2,2
36072,70,70,0,0
36073,73,76,-3,3
36074,116,102,14,14
36075,120,110,10,10
36076,151,137,14,14
36077,80,80,0,0
36078,90,90,0,0
36079,68,69,-1,1
36080,102,97,5,5
36081,180,169,11,11
36082,44,76,-32,32
36083,170,157,13,13
36084,99,86,13,13
36085,130,119,11,11
36086,78,102,-24,24
36087,107,99,8,8
36088,93,97,-4,4
36089,146,139,7,7
36090,97,85,12,12
36091,107,97,10,10
36092,116,107,9,9
36093,81,91,-10,10
36094,84,78,6,6
36095,88,96,-8,8
36096,77,66,11,11
36097,65,65,0,0
36098,158,142,16,16
36099,76,78,-2,2
36100,56,54,2,2
36101,119,117,2,2
36102,82,78,4,4
36103,52,62,-10,10
36104,44,51,-7,7
36105,122,105,17,17
36106,92,92,0,0
36107,87,83,4,4
36108,152,152,0,0
36109,97,92,5,5
36110,127,113,14,14
36111,61,64,-3,3
36112,58,66,-8,8
36113,94,90,4,4
36114,123,119,4,4
36115,141,116,25,25
36116,61,69,-8,8
36117,151,163,-12,12
36118,117,110,7,7
36119,88,88,0,0
36120,71,66,5,5
36121,131,132,-1,1
36122,98,91,7,7
36123,54,59,-5,5
36124,133,118,15,15
36125,68,60,8,8
36126,49,55,-6,6
36127,106,100,6,6
36128,144,134,10,10
36129,105,102,3,3
36130,59,50,9,9
36131,65,68,-3,3
36132,136,125,11,11
36133,58,54,4,4
36134,49,50,-1,1
36135,47,47,0,0
36136,87,85,2,2
36137,81,86,-5,5
36138,110,96,14,14
36139,119,113,6,6
36140,114,106,8,8
36141,77,69,8,8
36142,114,109,5,5
36143,112,106,6,6
36144,86,105,-19,19
36145,91,91,0,0
36146,136,119,17,17
36147,52,44,8,8
36148,85,87,-2,2
36149,97,90,7,7
36150,151,135,16,16
36151,118,107,11,11
36152,156,134,22,22
36153,61,50,11,11
36154,107,97,10,10
36155,173,164,9,9
36156,86,89,-3,3
36157,74,79,-5,5
36158,90,81,9,9
36159,61,64,-3,3
36160,112,111,1,1
36161,114,102,12,12
36162,86,88,-2,2
36163,115,112,3,3
36164,128,124,4,4
36165,62,67,-5,5
36166,81,84,-3,3
36167,102,100,2,2
36168,104,103,1,1
36169,70,79,-9,9
36170,85,79,6,6
36171,59,62,-3,3
36172,112,100,12,12
36173,141,145,-4,4
36174,103,119,-16,16
36175,89,89,0,0
36176,83,77,6,6
36177,54,51,3,3
36178,70,76,-6,6
36179,75,79,-4,4
36180,124,117,7,7
36181,64,66,-2,2
36182,137,123,14,14
36183,112,120,-8,8
36184,60,66,-6,6
36185,103,103,0,0
36186,76,72,4,4
36187,100,85,15,15
36188,68,70,-2,2
36189,72,80,-8,8
36190,52,54,-2,2
36191,91,90,1,1
36192,57,54,3,3
36193,71,58,13,13
36194,99,101,-2,2
36195,117,127,-10,10
36196,179,163,16,16
36197,109,102,7,7
36198,33,48,-15,15
36199,101,98,3,3
36200,105,97,8,8
36201,88,84,4,4
36202,152,156,-4,4
36203,88,77,11,11
36204,140,125,15,15
36205,123,103,20,20
36206,129,122,7,7
36207,57,58,-1,1
36208,53,52,1,1
36209,65,68,-3,3
36210,72,70,2,2
36211,127,135,-8,8
36212,62,69,-7,7
36213,47,52,-5,5
36214,101,90,11,11
36215,58,48,10,10
36216,90,91,-1,1
36217,71,70,1,1
36218,148,132,16,16
36219,131,120,11,11
36220,173,170,3,3
36221,140,125,15,15
36222,88,86,2,2
36223,105,108,-3,3
36224,129,114,15,15
36225,105,95,10,10
36226,113,123,-10,10
36227,83,88,-5,5
36228,58,59,-1,1
36229,59,60,-1,1
36230,110,86,24,24
36231,106,107,-1,1
36232,95,92,3,3
36233,101,85,16,16
36234,56,65,-9,9
36235,134,132,2,2
36236,118,111,7,7
36237,114,99,15,15
36238,70,71,-1,1
36239,68,73,-5,5
36240,66,71,-5,5
36241,92,85,7,7
36242,113,112,1,1
36243,108,102,6,6
36244,91,97,-6,6
36245,146,146,0,0
36246,114,108,6,6
36247,103,104,-1,1
36248,108,131,-23,23
36249,60,60,0,0
36250,62,65,-3,3
36251,102,97,5,5
36252,110,109,1,1
36253,194,165,29,29
36254,53,56,-3,3
36255,102,97,5,5
36256,175,150,25,25
36257,66,58,8,8
36258,108,103,5,5
36259,112,103,9,9
36260,154,134,20,20
36261,121,123,-2,2
36262,66,64,2,2
36263,84,79,5,5
36264,72,71,1,1
36265,97,87,10,10
36266,125,117,8,8
36267,53,48,5,5
36268,56,57,-1,1
36269,139,138,1,1
36270,76,81,-5,5
36271,98,92,6,6
36272,64,66,-2,2
36273,102,94,8,8
36274,63,70,-7,7
36275,125,119,6,6
36276,133,111,22,22
36277,61,59,2,2
36278,57,56,1,1
36279,87,80,7,7
36280,65,71,-6,6
36281,45,51,-6,6
36282,105,108,-3,3
36283,123,111,12,12
36284,96,84,12,12
36285,146,143,3,3
36286,65,68,-3,3
36287,93,91,2,2
36288,67,69,-2,2
36289,112,86,26,26
36290,128,114,14,14
36291,78,78,0,0
36292,73,71,2,2
36293,89,83,6,6
36294,62,59,3,3
36295,127,127,0,0
36296,126,110,16,16
36297,80,72,8,8
36298,84,88,-4,4
36299,85,99,-14,14
36300,65,68,-3,3
36301,63,66,-3,3
36302,42,47,-5,5
36303,84,81,3,3
36304,73,70,3,3
36305,50,44,6,6
36306,107,120,-13,13
36307,108,98,10,10
36308,65,67,-2,2
36309,150,122,28,28
36310,101,95,6,6
36311,51,45,6,6
36312,74,73,1,1
36313,79,77,2,2
36314,117,103,14,14
36315,71,79,-8,8
36316,70,74,-4,4
36317,75,72,3,3
36318,38,49,-11,11
36319,104,102,2,2
36320,97,92,5,5
36321,117,107,10,10
36322,78,75,3,3
36323,58,70,-12,12
36324,133,129,4,4
36325,51,51,0,0
36326,117,115,2,2
36327,82,71,11,11
36328,155,136,19,19
36329,102,105,-3,3
36330,137,129,8,8
36331,85,79,6,6
36332,132,131,1,1
36333,35,41,-6,6
36334,72,79,-7,7
36335,119,121,-2,2
36336,90,83,7,7
36337,69,70,-1,1
36338,76,79,-3,3
36339,85,85,0,0
36340,114,99,15,15
36341,84,105,-21,21
36342,78,79,-1,1
36343,55,63,-8,8
36344,102,100,2,2
36345,163,139,24,24
36346,69,69,0,0
36347,126,115,11,11
36348,43,38,5,5
36349,61,53,8,8
36350,54,58,-4,4
36351,109,100,9,9
36352,102,113,-11,11
36353,80,81,-1,1
36354,206,180,26,26
36355,51,53,-2,2
36356,89,73,16,16
36357,72,80,-8,8
36358,127,122,5,5
36359,76,81,-5,5
36360,107,96,11,11
36361,71,66,5,5
36362,66,63,3,3
36363,76,70,6,6
36364,184,165,19,19
36365,129,123,6,6
36366,55,55,0,0
36367,110,108,2,2
36368,75,78,-3,3
36369,61,64,-3,3
36370,136,124,12,12
36371,103,86,17,17
36372,115,119,-4,4
36373,55,59,-4,4
36374,113,102,11,11
36375,89,78,11,11
36376,121,103,18,18
36377,80,91,-11,11
36378,141,129,12,12
36379,150,162,-12,12
36380,90,83,7,7
36381,73,76,-3,3
36382,137,149,-12,12
36383,107,94,13,13
36384,86,82,4,4
36385,112,111,1,1
36386,46,55,-9,9
36387,72,75,-3,3
36388,99,99,0,0
36389,63,64,-1,1
36390,126,99,27,27
36391,64,63,1,1
36392,90,99,-9,9
36393,59,65,-6,6
36394,66,55,11,11
36395,114,93,21,21
36396,102,92,10,10
36397,77,76,1,1
36398,90,75,15,15
36399,68,69,-1,1
36400,78,68,10,10
36401,71,71,0,0
36402,49,53,-4,4
36403,83,80,3,3
36404,112,120,-8,8
36405,102,108,-6,6
36406,134,113,21,21
36407,57,56,1,1
36408,71,72,-1,1
36409,163,155,8,8
36410,130,115,15,15
36411,123,130,-7,7
36412,117,115,2,2
36413,78,75,3,3
36414,39,44,-5,5
36415,49,51,-2,2
36416,57,56,1,1
36417,51,57,-6,6
36418,123,106,17,17
36419,92,92,0,0
36420,93,93,0,0
36421,77,74,3,3
36422,197,154,43,43
36423,112,110,2,2
36424,63,69,-6,6
36425,83,86,-3,3
36426,68,83,-15,15
36427,105,98,7,7
36428,62,71,-9,9
36429,71,66,5,5
36430,91,87,4,4
36431,85,80,5,5
36432,197,190,7,7
36433,124,111,13,13
36434,119,114,5,5
36435,130,131,-1,1
36436,81,75,6,6
36437,92,91,1,1
36438,71,67,4,4
36439,67,63,4,4
36440,99,89,10,10
36441,94,93,1,1
36442,114,119,-5,5
36443,167,149,18,18
36444,120,107,13,13
36445,125,101,24,24
36446,70,66,4,4
36447,114,104,10,10
36448,95,89,6,6
36449,46,55,-9,9
36450,101,102,-1,1
36451,61,55,6,6
36452,90,95,-5,5
36453,67,132,-65,65
36454,157,139,18,18
36455,79,74,5,5
36456,105,99,6,6
36457,112,97,15,15
36458,89,91,-2,2
36459,105,103,2,2
36460,124,110,14,14
36461,65,62,3,3
36462,73,70,3,3
36463,66,69,-3,3
36464,61,65,-4,4
36465,125,135,-10,10
36466,122,124,-2,2
36467,76,71,5,5
36468,90,92,-2,2
36469,176,151,25,25
36470,62,65,-3,3
36471,139,131,8,8
36472,43,43,0,0
36473,67,70,-3,3
36474,50,52,-2,2
36475,66,65,1,1
36476,59,65,-6,6
36477,81,72,9,9
36478,83,72,11,11
36479,92,87,5,5
36480,76,81,-5,5
36481,62,60,2,2
36482,64,77,-13,13
36483,92,96,-4,4
36484,123,115,8,8
36485,84,68,16,16
36486,88,89,-1,1
36487,58,64,-6,6
36488,87,86,1,1
36489,73,74,-1,1
36490,44,55,-11,11
36491,123,116,7,7
36492,76,70,6,6
36493,82,87,-5,5
36494,84,80,4,4
36495,69,69,0,0
36496,80,83,-3,3
36497,104,98,6,6
36498,81,78,3,3
36499,79,83,-4,4
36500,90,99,-9,9
36501,105,99,6,6
36502,140,132,8,8
36503,85,84,1,1
36504,96,88,8,8
36505,102,98,4,4
36506,81,78,3,3
36507,117,109,8,8
36508,68,66,2,2
36509,79,79,0,0
36510,143,131,12,12
36511,66,58,8,8
36512,52,52,0,0
36513,109,96,13,13
36514,40,50,-10,10
36515,140,124,16,16
36516,115,108,7,7
36517,74,85,-11,11
36518,61,66,-5,5
36519,66,70,-4,4
36520,92,74,18,18
36521,48,72,-24,24
36522,116,112,4,4
36523,141,127,14,14
36524,113,104,9,9
36525,89,82,7,7
36526,139,123,16,16
36527,134,128,6,6
36528,152,143,9,9
36529,88,84,4,4
36530,93,89,4,4
36531,161,148,13,13
36532,90,90,0,0
36533,68,63,5,5
36534,148,130,18,18
36535,82,77,5,5
36536,96,86,10,10
36537,171,165,6,6
36538,96,104,-8,8
36539,66,67,-1,1
36540,113,103,10,10
36541,78,77,1,1
36542,82,78,4,4
36543,61,60,1,1
36544,82,76,6,6
36545,99,106,-7,7
36546,225,182,43,43
36547,81,75,6,6
36548,62,60,2,2
36549,66,67,-1,1
36550,44,70,-26,26
36551,74,85,-11,11
36552,83,80,3,3
36553,109,104,5,5
36554,51,55,-4,4
36555,121,111,10,10
36556,83,69,14,14
36557,81,89,-8,8
36558,53,57,-4,4
36559,73,80,-7,7
36560,109,98,11,11
36561,151,145,6,6
36562,115,106,9,9
36563,122,112,10,10
36564,116,112,4,4
36565,107,101,6,6
36566,109,95,14,14
36567,72,68,4,4
36568,43,41,2,2
36569,78,74,4,4
36570,127,111,16,16
36571,50,52,-2,2
36572,96,90,6,6
36573,53,57,-4,4
36574,37,37,0,0
36575,94,82,12,12
36576,56,63,-7,7
36577,27,36,-9,9
36578,38,51,-13,13
36579,109,110,-1,1
36580,109,103,6,6
36581,70,76,-6,6
36582,60,65,-5,5
36583,82,89,-7,7
36584,67,66,1,1
36585,67,67,0,0
36586,78,75,3,3
36587,62,73,-11,11
36588,49,55,-6,6
36589,109,97,12,12
36590,88,89,-1,1
36591,81,90,-9,9
36592,82,86,-4,4
36593,90,84,6,6
36594,79,80,-1,1
36595,97,87,10,10
36596,75,80,-5,5
36597,104,95,9,9
36598,84,87,-3,3
36599,146,138,8,8
36600,62,58,4,4
36601,104,106,-2,2
36602,106,102,4,4
36603,92,90,2,2
36604,92,87,5,5
36605,92,92,0,0
36606,71,71,0,0
36607,91,92,-1,1
36608,87,81,6,6
36609,79,94,-15,15
36610,86,96,-10,10
36611,128,109,19,19
36612,186,176,10,10
36613,138,124,14,14
36614,89,81,8,8
36615,168,152,16,16
36616,46,48,-2,2
36617,93,91,2,2
36618,72,75,-3,3
36619,110,98,12,12
36620,99,85,14,14
36621,51,47,4,4
36622,93,96,-3,3
36623,99,92,7,7
36624,126,116,10,10
36625,64,67,-3,3
36626,209,190,19,19
36627,102,96,6,6
36628,98,99,-1,1
36629,79,69,10,10
36630,85,90,-5,5
36631,64,64,0,0
36632,83,77,6,6
36633,121,98,23,23
36634,111,101,10,10
36635,72,70,2,2
36636,97,91,6,6
36637,96,85,11,11
36638,64,68,-4,4
36639,128,119,9,9
36640,34,40,-6,6
36641,124,99,25,25
36642,84,77,7,7
36643,132,122,10,10
36644,55,55,0,0
36645,118,114,4,4
36646,47,48,-1,1
36647,74,72,2,2
36648,75,70,5,5
36649,93,90,3,3
36650,171,140,31,31
36651,81,82,-1,1
36652,62,65,-3,3
36653,81,76,5,5
36654,83,73,10,10
36655,65,66,-1,1
36656,61,63,-2,2
36657,83,84,-1,1
36658,102,96,6,6
36659,78,73,5,5
36660,85,80,5,5
36661,122,113,9,9
36662,60,57,3,3
36663,151,151,0,0
36664,72,75,-3,3
36665,93,93,0,0
36666,99,91,8,8
36667,95,97,-2,2
36668,105,98,7,7
36669,83,69,14,14
36670,128,129,-1,1
36671,76,101,-25,25
36672,114,97,17,17
36673,125,123,2,2
36674,88,84,4,4
36675,117,122,-5,5
36676,54,54,0,0
36677,102,99,3,3
36678,60,52,8,8
36679,47,65,-18,18
36680,76,69,7,7
36681,53,54,-1,1
36682,83,87,-4,4
36683,148,147,1,1
36684,101,91,10,10
36685,126,115,11,11
36686,124,186,-62,62
36687,114,107,7,7
36688,74,80,-6,6
36689,83,91,-8,8
36690,109,99,10,10
36691,89,95,-6,6
36692,76,77,-1,1
36693,53,55,-2,2
36694,78,77,1,1
36695,60,59,1,1
36696,136,123,13,13
36697,42,55,-13,13
36698,126,112,14,14
36699,99,103,-4,4
36700,96,97,-1,1
36701,45,47,-2,2
36702,77,73,4,4
36703,167,145,22,22
36704,102,126,-24,24
36705,92,92,0,0
36706,61,59,2,2
36707,138,127,11,11
36708,117,125,-8,8
36709,127,115,12,12
36710,92,73,19,19
36711,83,81,2,2
36712,69,68,1,1
36713,189,171,18,18
36714,89,77,12,12
36715,154,144,10,10
36716,78,80,-2,2
36717,92,89,3,3
36718,151,149,2,2
36719,138,140,-2,2
36720,73,69,4,4
36721,152,147,5,5
36722,122,113,9,9
36723,71,66,5,5
36724,118,113,5,5
36725,93,79,14,14
36726,104,97,7,7
36727,85,79,6,6
36728,91,86,5,5
36729,50,50,0,0
36730,102,86,16,16
36731,120,112,8,8
36732,111,101,10,10
36733,71,76,-5,5
36734,57,51,6,6
36735,161,117,44,44
36736,53,52,1,1
36737,122,131,-9,9
36738,125,122,3,3
36739,83,80,3,3
36740,74,79,-5,5
36741,78,77,1,1
36742,51,52,-1,1
36743,167,135,32,32
36744,78,78,0,0
36745,207,186,21,21
36746,120,116,4,4
36747,142,141,1,1
36748,71,80,-9,9
36749,144,118,26,26
36750,55,50,5,5
36751,75,65,10,10
36752,113,116,-3,3
36753,100,108,-8,8
36754,56,63,-7,7
36755,137,120,17,17
36756,92,88,4,4
36757,142,127,15,15
36758,114,111,3,3
36759,47,49,-2,2
36760,61,55,6,6
36761,130,118,12,12
36762,68,72,-4,4
36763,72,84,-12,12
36764,39,41,-2,2
36765,116,119,-3,3
36766,135,121,14,14
36767,121,110,11,11
36768,126,118,8,8
36769,115,123,-8,8
36770,92,87,5,5
36771,137,118,19,19
36772,67,65,2,2
36773,58,52,6,6
36774,74,74,0,0
36775,66,53,13,13
36776,70,64,6,6
36777,89,103,-14,14
36778,85,89,-4,4
36779,77,76,1,1
36780,54,51,3,3
36781,103,104,-1,1
36782,45,53,-8,8
36783,35,48,-13,13
36784,84,108,-24,24
36785,61,72,-11,11
36786,114,103,11,11
36787,47,51,-4,4
36788,86,81,5,5
36789,92,98,-6,6
36790,61,54,7,7
36791,96,91,5,5
36792,48,47,1,1
36793,115,121,-6,6
36794,209,184,25,25
36795,89,83,6,6
36796,63,55,8,8
36797,68,66,2,2
36798,88,92,-4,4
36799,63,72,-9,9
36800,121,127,-6,6
36801,146,155,-9,9
36802,64,62,2,2
36803,75,73,2,2
36804,118,120,-2,2
36805,121,119,2,2
36806,87,80,7,7
36807,80,80,0,0
36808,80,83,-3,3
36809,107,91,16,16
36810,137,127,10,10
36811,96,86,10,10
36812,74,68,6,6
36813,90,80,10,10
36814,70,64,6,6
36815,45,46,-1,1
36816,63,55,8,8
36817,122,113,9,9
36818,80,75,5,5
36819,91,92,-1,1
36820,241,210,31,31
36821,49,52,-3,3
36822,115,120,-5,5
36823,136,100,36,36
36824,87,73,14,14
36825,90,98,-8,8
36826,86,83,3,3
36827,126,118,8,8
36828,63,77,-14,14
36829,68,66,2,2
36830,83,74,9,9
36831,101,96,5,5
36832,82,107,-25,25
36833,105,109,-4,4
36834,141,138,3,3
36835,67,72,-5,5
36836,29,36,-7,7
36837,96,95,1,1
36838,69,63,6,6
36839,62,66,-4,4
36840,68,72,-4,4
36841,96,82,14,14
36842,122,125,-3,3
36843,109,111,-2,2
36844,83,77,6,6
36845,127,115,12,12
36846,115,125,-10,10
36847,95,87,8,8
36848,64,59,5,5
36849,80,82,-2,2
36850,285,262,23,23
36851,88,86,2,2
36852,154,116,38,38
36853,163,149,14,14
36854,68,110,-42,42
36855,72,76,-4,4
36856,184,176,8,8
36857,87,79,8,8
36858,58,59,-1,1
36859,110,110,0,0
36860,62,69,-7,7
36861,53,46,7,7
36862,158,156,2,2
36863,87,99,-12,12
36864,70,78,-8,8
36865,72,74,-2,2
36866,141,118,23,23
36867,94,85,9,9
36868,48,58,-10,10
36869,56,55,1,1
36870,169,151,18,18
36871,81,100,-19,19
36872,71,67,4,4
36873,97,85,12,12
36874,73,73,0,0
36875,90,90,0,0
36876,122,114,8,8
36877,68,57,11,11
36878,128,113,15,15
36879,68,67,1,1
36880,128,126,2,2
36881,80,77,3,3
36882,76,67,9,9
36883,131,135,-4,4
36884,96,93,3,3
36885,118,123,-5,5
36886,112,102,10,10
36887,174,157,17,17
36888,44,44,0,0
36889,92,90,2,2
36890,66,67,-1,1
36891,90,90,0,0
36892,144,131,13,13
36893,110,97,13,13
36894,164,138,26,26
36895,85,78,7,7
36896,87,98,-11,11
36897,126,137,-11,11
36898,70,69,1,1
36899,111,107,4,4
36900,56,54,2,2
36901,50,54,-4,4
36902,93,94,-1,1
36903,66,70,-4,4
36904,77,73,4,4
36905,59,60,-1,1
36906,95,96,-1,1
36907,79,74,5,5
36908,84,81,3,3
36909,81,75,6,6
36910,118,99,19,19
36911,62,62,0,0
36912,113,109,4,4
36913,89,79,10,10
36914,109,98,11,11
36915,157,144,13,13
36916,144,158,-14,14
36917,113,101,12,12
36918,136,118,18,18
36919,55,47,8,8
36920,100,123,-23,23
36921,127,111,16,16
36922,137,131,6,6
36923,77,72,5,5
36924,75,73,2,2
36925,96,97,-1,1
36926,183,168,15,15
36927,100,92,8,8
36928,66,60,6,6
36929,87,87,0,0
36930,76,75,1,1
36931,79,95,-16,16
36932,84,79,5,5
36933,101,95,6,6
36934,110,108,2,2
36935,97,92,5,5
36936,55,57,-2,2
36937,94,84,10,10
36938,65,66,-1,1
36939,78,75,3,3
36940,69,64,5,5
36941,171,160,11,11
36942,78,76,2,2
36943,58,59,-1,1
36944,79,78,1,1
36945,90,78,12,12
36946,43,38,5,5
36947,80,91,-11,11
36948,121,125,-4,4
36949,186,163,23,23
36950,87,84,3,3
36951,25,23,2,2
36952,77,82,-5,5
36953,111,107,4,4
36954,60,58,2,2
36955,70,73,-3,3
36956,145,126,19,19
36957,83,85,-2,2
36958,87,74,13,13
36959,79,74,5,5
36960,110,108,2,2
36961,70,65,5,5
36962,157,145,12,12
36963,95,91,4,4
36964,62,67,-5,5
36965,83,81,2,2
36966,64,65,-1,1
36967,240,220,20,20
36968,77,77,0,0
36969,171,154,17,17
36970,111,106,5,5
36971,98,87,11,11
36972,60,59,1,1
36973,94,91,3,3
36974,117,107,10,10
36975,113,113,0,0
36976,149,159,-10,10
36977,84,81,3,3
36978,50,54,-4,4
36979,109,120,-11,11
36980,77,85,-8,8
36981,125,119,6,6
36982,74,83,-9,9
36983,80,79,1,1
36984,70,73,-3,3
36985,79,79,0,0
36986,125,103,22,22
36987,102,86,16,16
36988,72,68,4,4
36989,99,96,3,3
36990,73,81,-8,8
36991,104,95,9,9
36992,99,91,8,8
36993,97,88,9,9
36994,135,134,1,1
36995,80,82,-2,2
36996,146,140,6,6
36997,59,67,-8,8
36998,95,93,2,2
36999,159,132,27,27
37000,73,65,8,8
37001,94,90,4,4
37002,159,131,28,28
37003,178,151,27,27
37004,58,55,3,3
37005,88,80,8,8
37006,88,92,-4,4
37007,81,87,-6,6
37008,79,72,7,7
37009,54,53,1,1
37010,88,81,7,7
37011,75,68,7,7
37012,101,85,16,16
37013,89,78,11,11
37014,51,58,-7,7
37015,121,113,8,8
37016,110,111,-1,1
37017,99,85,14,14
37018,63,67,-4,4
37019,113,111,2,2
37020,137,133,4,4
37021,114,122,-8,8
37022,87,82,5,5
37023,176,145,31,31
37024,136,127,9,9
37025,104,94,10,10
37026,131,145,-14,14
37027,100,110,-10,10
37028,110,113,-3,3
37029,54,50,4,4
37030,99,97,2,2
37031,55,63,-8,8
37032,141,123,18,18
37033,142,136,6,6
37034,125,105,20,20
37035,114,121,-7,7
37036,121,114,7,7
37037,138,124,14,14
37038,66,76,-10,10
37039,108,100,8,8
37040,137,124,13,13
37041,57,56,1,1
37042,97,97,0,0
37043,114,100,14,14
37044,124,148,-24,24
37045,66,70,-4,4
37046,51,53,-2,2
37047,162,144,18,18
37048,161,150,11,11
37049,116,106,10,10
37050,111,109,2,2
37051,143,138,5,5
37052,41,50,-9,9
37053,97,82,15,15
37054,49,54,-5,5
37055,156,143,13,13
37056,48,50,-2,2
37057,82,77,5,5
37058,58,56,2,2
37059,81,75,6,6
37060,81,79,2,2
37061,68,66,2,2
37062,120,118,2,2
37063,28,41,-13,13
37064,84,93,-9,9
37065,96,97,-1,1
37066,79,77,2,2
37067,446,402,44,44
37068,132,125,7,7
37069,131,123,8,8
37070,60,69,-9,9
37071,78,71,7,7
37072,113,109,4,4
37073,67,65,2,2
37074,83,79,4,4
37075,77,69,8,8
37076,82,80,2,2
37077,60,62,-2,2
37078,112,107,5,5
37079,124,111,13,13
37080,150,126,24,24
37081,87,82,5,5
37082,129,115,14,14
37083,151,141,10,10
37084,36,41,-5,5
37085,100,98,2,2
37086,57,104,-47,47
37087,108,110,-2,2
37088,78,82,-4,4
37089,72,64,8,8
37090,69,82,-13,13
37091,108,104,4,4
37092,87,78,9,9
37093,51,64,-13,13
37094,48,50,-2,2
37095,98,107,-9,9
37096,31,49,-18,18
37097,140,116,24,24
37098,74,67,7,7
37099,95,99,-4,4
37100,87,82,5,5
37101,120,119,1,1
37102,83,75,8,8
37103,81,94,-13,13
37104,75,76,-1,1
37105,87,87,0,0
37106,145,138,7,7
37107,98,90,8,8
37108,52,47,5,5
37109,83,79,4,4
37110,55,69,-14,14
37111,110,114,-4,4
37112,125,127,-2,2
37113,87,76,11,11
37114,101,96,5,5
37115,81,70,11,11
37116,143,134,9,9
37117,218,192,26,26
37118,79,72,7,7
37119,97,86,11,11
37120,58,59,-1,1
37121,116,115,1,1
37122,76,69,7,7
37123,94,91,3,3
37124,79,90,-11,11
37125,60,61,-1,1
37126,103,106,-3,3
37127,51,48,3,3
37128,113,101,12,12
37129,83,95,-12,12
37130,121,117,4,4
37131,87,73,14,14
37132,152,139,13,13
37133,97,89,8,8
37134,169,161,8,8
37135,73,85,-12,12
37136,141,143,-2,2
37137,88,75,13,13
37138,75,162,-87,87
37139,78,75,3,3
37140,114,105,9,9
37141,95,81,14,14
37142,100,102,-2,2
37143,94,94,0,0
37144,62,65,-3,3
37145,75,94,-19,19
37146,91,93,-2,2
37147,155,129,26,26
37148,82,76,6,6
37149,120,114,6,6
37150,154,140,14,14
37151,45,43,2,2
37152,69,71,-2,2
37153,70,75,-5,5
37154,129,127,2,2
37155,83,76,7,7
37156,102,91,11,11
37157,34,40,-6,6
37158,84,77,7,7
37159,93,85,8,8
37160,173,154,19,19
37161,81,82,-1,1
37162,112,122,-10,10
37163,141,130,11,11
37164,117,110,7,7
37165,87,92,-5,5
37166,89,100,-11,11
37167,138,138,0,0
37168,77,79,-2,2
37169,71,74,-3,3
37170,108,110,-2,2
37171,84,78,6,6
37172,90,95,-5,5
37173,156,139,17,17
37174,90,90,0,0
37175,91,90,1,1
37176,64,65,-1,1
37177,66,68,-2,2
37178,59,50,9,9
37179,124,110,14,14
37180,49,50,-1,1
37181,108,105,3,3
37182,83,80,3,3
37183,115,98,17,17
37184,59,64,-5,5
37185,51,65,-14,14
37186,90,81,9,9
37187,77,88,-11,11
37188,59,53,6,6
37189,100,95,5,5
37190,138,121,17,17
37191,237,218,19,19
37192,71,73,-2,2
37193,51,49,2,2
37194,160,158,2,2
37195,162,127,35,35
37196,121,114,7,7
37197,122,108,14,14
37198,64,57,7,7
37199,78,75,3,3
37200,107,131,-24,24
37201,102,105,-3,3
37202,74,80,-6,6
37203,90,95,-5,5
37204,65,57,8,8
37205,85,87,-2,2
37206,88,87,1,1
37207,95,96,-1,1
37208,92,91,1,1
37209,148,123,25,25
37210,89,83,6,6
37211,63,65,-2,2
37212,98,86,12,12
37213,74,72,2,2
37214,69,67,2,2
37215,58,60,-2,2
37216,148,129,19,19
37217,75,77,-2,2
37218,128,123,5,5
37219,63,73,-10,10
37220,113,92,21,21
37221,88,89,-1,1
37222,68,59,9,9
37223,98,92,6,6
37224,79,78,1,1
37225,69,72,-3,3
37226,284,250,34,34
37227,76,75,1,1
37228,98,97,1,1
37229,73,76,-3,3
37230,135,129,6,6
37231,71,68,3,3
37232,85,78,7,7
37233,58,64,-6,6
37234,110,107,3,3
37235,63,63,0,0
37236,91,88,3,3
37237,72,72,0,0
37238,111,128,-17,17
37239,75,66,9,9
37240,127,124,3,3
37241,157,136,21,21
37242,136,131,5,5
37243,66,63,3,3
37244,53,53,0,0
37245,76,79,-3,3
37246,76,68,8,8
37247,123,130,-7,7
37248,90,83,7,7
37249,62,62,0,0
37250,93,111,-18,18
37251,150,134,16,16
37252,114,108,6,6
37253,99,83,16,16
37254,85,78,7,7
37255,68,64,4,4
37256,54,52,2,2
37257,64,62,2,2
37258,126,123,3,3
37259,52,54,-2,2
37260,119,110,9,9
37261,112,106,6,6
37262,257,224,33,33
37263,75,79,-4,4
37264,58,54,4,4
37265,87,84,3,3
37266,50,49,1,1
37267,79,82,-3,3
37268,142,129,13,13
37269,122,122,0,0
37270,69,65,4,4
37271,82,76,6,6
37272,83,81,2,2
37273,87,80,7,7
37274,132,124,8,8
37275,110,119,-9,9
37276,98,82,16,16
37277,93,92,1,1
37278,112,116,-4,4
37279,101,90,11,11
37280,97,99,-2,2
37281,111,113,-2,2
37282,53,55,-2,2
37283,78,94,-16,16
37284,104,94,10,10
37285,86,77,9,9
37286,109,105,4,4
37287,136,125,11,11
37288,113,124,-11,11
37289,53,56,-3,3
37290,85,75,10,10
37291,142,125,17,17
37292,141,135,6,6
37293,87,84,3,3
37294,79,74,5,5
37295,171,149,22,22
37296,104,105,-1,1
37297,91,115,-24,24
37298,70,66,4,4
37299,93,95,-2,2
37300,115,113,2,2
37301,49,52,-3,3
37302,115,98,17,17
37303,85,78,7,7
37304,96,94,2,2
37305,112,105,7,7
37306,133,135,-2,2
37307,114,106,8,8
37308,78,93,-15,15
37309,158,141,17,17
37310,73,67,6,6
37311,44,47,-3,3
37312,160,156,4,4
37313,114,113,1,1
37314,163,111,52,52
37315,113,100,13,13
37316,92,99,-7,7
37317,35,43,-8,8
37318,135,126,9,9
37319,113,109,4,4
37320,105,96,9,9
37321,79,75,4,4
37322,130,117,13,13
37323,129,123,6,6
37324,81,81,0,0
37325,71,78,-7,7
37326,233,197,36,36
37327,79,84,-5,5
37328,88,84,4,4
37329,121,121,0,0
37330,132,116,16,16
37331,179,162,17,17
37332,199,176,23,23
37333,133,120,13,13
37334,127,114,13,13
37335,71,75,-4,4
37336,59,61,-2,2
37337,92,89,3,3
37338,98,93,5,5
37339,93,81,12,12
37340,103,76,27,27
37341,114,117,-3,3
37342,80,82,-2,2
37343,84,79,5,5
37344,95,85,10,10
37345,141,130,11,11
37346,184,163,21,21
37347,138,109,29,29
37348,59,59,0,0
37349,172,160,12,12
37350,146,133,13,13
37351,72,74,-2,2
37352,139,136,3,3
37353,108,105,3,3
37354,91,97,-6,6
37355,38,38,0,0
37356,44,51,-7,7
37357,86,80,6,6
37358,68,73,-5,5
37359,68,58,10,10
37360,100,99,1,1
37361,135,117,18,18
37362,30,43,-13,13
37363,149,134,15,15
37364,93,91,2,2
37365,132,132,0,0
37366,61,63,-2,2
37367,104,104,0,0
37368,119,110,9,9
37369,61,65,-4,4
37370,79,80,-1,1
37371,48,51,-3,3
37372,80,68,12,12
37373,145,163,-18,18
37374,65,72,-7,7
37375,68,66,2,2
37376,68,69,-1,1
37377,78,81,-3,3
37378,65,60,5,5
37379,98,89,9,9
37380,102,105,-3,3
37381,115,94,21,21
37382,71,70,1,1
37383,63,65,-2,2
37384,64,77,-13,13
37385,97,93,4,4
37386,102,87,15,15
37387,101,100,1,1
37388,34,38,-4,4
37389,70,72,-2,2
37390,53,65,-12,12
37391,92,91,1,1
37392,83,82,1,1
37393,101,103,-2,2
37394,76,72,4,4
37395,76,80,-4,4
37396,111,102,9,9
37397,49,55,-6,6
37398,55,64,-9,9
37399,115,103,12,12
37400,126,120,6,6
37401,121,106,15,15
37402,145,132,13,13
37403,60,75,-15,15
37404,73,63,10,10
37405,63,65,-2,2
37406,71,74,-3,3
37407,81,77,4,4
37408,98,94,4,4
37409,138,134,4,4
37410,69,73,-4,4
37411,172,178,-6,6
37412,57,65,-8,8
37413,119,107,12,12
37414,65,70,-5,5
37415,54,54,0,0
37416,86,90,-4,4
37417,116,113,3,3
37418,145,126,19,19
37419,102,105,-3,3
37420,108,102,6,6
37421,63,63,0,0
37422,125,115,10,10
37423,90,87,3,3
37424,139,138,1,1
37425,94,90,4,4
37426,86,85,1,1
37427,44,55,-11,11
37428,89,92,-3,3
37429,82,77,5,5
37430,114,102,12,12
37431,60,58,2,2
37432,103,99,4,4
37433,58,52,6,6
37434,108,110,-2,2
37435,140,142,-2,2
37436,160,152,8,8
37437,54,54,0,0
37438,106,99,7,7
37439,140,137,3,3
37440,101,99,2,2
37441,120,113,7,7
37442,118,108,10,10
37443,116,107,9,9
37444,108,102,6,6
37445,205,199,6,6
37446,192,172,20,20
37447,97,96,1,1
37448,59,59,0,0
37449,60,65,-5,5
37450,51,48,3,3
37451,48,49,-1,1
37452,118,109,9,9
37453,209,187,22,22
37454,64,65,-1,1
37455,76,80,-4,4
37456,130,120,10,10
37457,83,94,-11,11
37458,69,76,-7,7
37459,66,58,8,8
37460,81,87,-6,6
37461,116,131,-15,15
37462,91,92,-1,1
37463,178,174,4,4
37464,148,156,-8,8
37465,160,152,8,8
37466,116,125,-9,9
37467,87,88,-1,1
37468,93,91,2,2
37469,71,71,0,0
37470,121,113,8,8
37471,85,70,15,15
37472,75,76,-1,1
37473,101,95,6,6
37474,72,70,2,2
37475,60,61,-1,1
37476,102,90,12,12
37477,111,101,10,10
37478,81,85,-4,4
37479,75,89,-14,14
37480,107,108,-1,1
37481,75,78,-3,3
37482,67,73,-6,6
37483,126,123,3,3
37484,106,105,1,1
37485,126,122,4,4
37486,104,102,2,2
37487,65,72,-7,7
37488,92,90,2,2
37489,78,71,7,7
37490,127,119,8,8
37491,88,87,1,1
37492,35,50,-15,15
37493,87,84,3,3
37494,53,64,-11,11
37495,108,107,1,1
37496,89,88,1,1
37497,79,73,6,6
37498,79,85,-6,6
37499,138,118,20,20
37500,92,82,10,10
37501,84,81,3,3
37502,65,66,-1,1
37503,74,73,1,1
37504,147,139,8,8
37505,96,94,2,2
37506,124,119,5,5
37507,84,85,-1,1
37508,118,111,7,7
37509,80,75,5,5
37510,89,92,-3,3
37511,154,154,0,0
37512,96,97,-1,1
37513,73,79,-6,6
37514,218,182,36,36
37515,108,103,5,5
37516,156,144,12,12
37517,56,65,-9,9
37518,105,96,9,9
37519,103,125,-22,22
37520,98,100,-2,2
37521,161,154,7,7
37522,150,125,25,25
37523,50,52,-2,2
37524,99,95,4,4
37525,62,63,-1,1
37526,102,100,2,2
37527,86,81,5,5
37528,81,76,5,5
37529,51,56,-5,5
37530,100,89,11,11
37531,74,69,5,5
37532,65,57,8,8
37533,95,92,3,3
37534,99,95,4,4
37535,84,89,-5,5
37536,114,98,16,16
37537,99,87,12,12
37538,58,52,6,6
37539,49,47,2,2
37540,119,108,11,11
37541,83,82,1,1
37542,96,99,-3,3
37543,70,71,-1,1
37544,108,103,5,5
37545,128,109,19,19
37546,75,73,2,2
37547,72,69,3,3
37548,88,74,14,14
37549,71,69,2,2
37550,103,93,10,10
37551,109,100,9,9
37552,77,79,-2,2
37553,74,72,2,2
37554,105,95,10,10
37555,56,49,7,7
37556,95,89,6,6
37557,152,134,18,18
37558,62,63,-1,1
37559,128,121,7,7
37560,108,95,13,13
37561,58,64,-6,6
37562,144,124,20,20
37563,109,98,11,11
37564,66,61,5,5
37565,114,113,1,1
37566,150,127,23,23
37567,98,90,8,8
37568,151,142,9,9
37569,73,70,3,3
37570,84,79,5,5
37571,126,119,7,7
37572,50,55,-5,5
37573,101,112,-11,11
37574,56,57,-1,1
37575,95,92,3,3
37576,65,68,-3,3
37577,141,118,23,23
37578,94,88,6,6
37579,67,70,-3,3
37580,55,58,-3,3
37581,65,65,0,0
37582,52,67,-15,15
37583,95,86,9,9
37584,158,146,12,12
37585,106,39,67,67
37586,101,96,5,5
37587,96,91,5,5
37588,132,129,3,3
37589,91,84,7,7
37590,80,78,2,2
37591,209,188,21,21
37592,71,79,-8,8
37593,94,99,-5,5
37594,93,85,8,8
37595,103,101,2,2
37596,69,75,-6,6
37597,190,184,6,6
37598,92,87,5,5
37599,105,92,13,13
37600,69,76,-7,7
37601,54,64,-10,10
37602,59,59,0,0
37603,82,83,-1,1
37604,84,83,1,1
37605,30,52,-22,22
37606,150,136,14,14
37607,65,62,3,3
37608,88,81,7,7
37609,80,76,4,4
37610,174,160,14,14
37611,134,154,-20,20
37612,82,78,4,4
37613,77,68,9,9
37614,65,70,-5,5
37615,49,52,-3,3
37616,95,96,-1,1
37617,67,69,-2,2
37618,69,65,4,4
37619,125,129,-4,4
37620,124,125,-1,1
37621,81,81,0,0
37622,93,90,3,3
37623,148,119,29,29
37624,158,139,19,19
37625,107,104,3,3
37626,138,123,15,15
37627,106,104,2,2
37628,102,106,-4,4
37629,151,145,6,6
37630,103,104,-1,1
37631,77,70,7,7
37632,139,128,11,11
37633,122,119,3,3
37634,86,76,10,10
37635,85,81,4,4
37636,76,70,6,6
37637,115,102,13,13
37638,137,119,18,18
37639,113,129,-16,16
37640,155,134,21,21
37641,66,76,-10,10
37642,75,69,6,6
37643,120,119,1,1
37644,116,100,16,16
37645,152,141,11,11
37646,56,60,-4,4
37647,205,177,28,28
37648,96,93,3,3
37649,101,92,9,9
37650,100,98,2,2
37651,94,86,8,8
37652,130,117,13,13
37653,61,78,-17,17
37654,123,114,9,9
37655,111,117,-6,6
37656,136,136,0,0
37657,166,145,21,21
37658,85,89,-4,4
37659,99,95,4,4
37660,58,60,-2,2
37661,98,89,9,9
37662,88,75,13,13
37663,164,136,28,28
37664,67,65,2,2
37665,112,95,17,17
37666,105,100,5,5
37667,151,138,13,13
37668,80,69,11,11
37669,121,125,-4,4
37670,179,142,37,37
37671,151,142,9,9
37672,116,114,2,2
37673,93,87,6,6
37674,96,93,3,3
37675,112,116,-4,4
37676,45,43,2,2
37677,100,92,8,8
37678,71,80,-9,9
37679,72,66,6,6
37680,124,111,13,13
37681,54,49,5,5
37682,135,123,12,12
37683,125,110,15,15
37684,125,102,23,23
37685,104,111,-7,7
37686,76,75,1,1
37687,106,128,-22,22
37688,76,74,2,2
37689,87,85,2,2
37690,146,136,10,10
37691,91,80,11,11
37692,72,84,-12,12
37693,149,141,8,8
37694,82,78,4,4
37695,157,133,24,24
37696,138,123,15,15
37697,122,118,4,4
37698,105,100,5,5
37699,88,79,9,9
37700,157,165,-8,8
37701,108,96,12,12
37702,94,85,9,9
37703,102,104,-2,2
37704,51,64,-13,13
37705,84,83,1,1
37706,67,76,-9,9
37707,128,112,16,16
37708,130,127,3,3
37709,165,148,17,17
37710,100,110,-10,10
37711,121,127,-6,6
37712,74,79,-5,5
37713,58,56,2,2
37714,88,97,-9,9
37715,105,109,-4,4
37716,116,112,4,4
37717,103,92,11,11
37718,101,100,1,1
37719,108,109,-1,1
37720,75,87,-12,12
37721,106,106,0,0
37722,69,73,-4,4
37723,87,84,3,3
37724,68,75,-7,7
37725,51,52,-1,1
37726,61,63,-2,2
37727,110,107,3,3
37728,104,95,9,9
37729,70,66,4,4
37730,47,53,-6,6
37731,69,83,-14,14
37732,48,57,-9,9
37733,92,86,6,6
37734,116,110,6,6
37735,94,95,-1,1
37736,79,82,-3,3
37737,116,129,-13,13
37738,133,134,-1,1
37739,70,75,-5,5
37740,153,146,7,7
37741,41,82,-41,41
37742,73,74,-1,1
37743,109,110,-1,1
37744,145,124,21,21
37745,106,103,3,3
37746,89,77,12,12
37747,69,77,-8,8
37748,73,71,2,2
37749,61,64,-3,3
37750,127,120,7,7
37751,104,101,3,3
37752,103,99,4,4
37753,107,96,11,11
37754,116,114,2,2
37755,66,72,-6,6
37756,130,120,10,10
37757,102,89,13,13
37758,102,99,3,3
37759,72,79,-7,7
37760,98,88,10,10
37761,55,57,-2,2
37762,90,94,-4,4
37763,116,110,6,6
37764,64,70,-6,6
37765,113,102,11,11
37766,75,79,-4,4
37767,75,89,-14,14
37768,119,109,10,10
37769,81,74,7,7
37770,74,71,3,3
37771,156,148,8,8
37772,93,92,1,1
37773,84,83,1,1
37774,118,136,-18,18
37775,70,65,5,5
37776,197,183,14,14
37777,57,57,0,0
37778,41,57,-16,16
37779,110,114,-4,4
37780,94,88,6,6
37781,121,105,16,16
37782,77,80,-3,3
37783,104,82,22,22
37784,98,89,9,9
37785,101,94,7,7
37786,65,75,-10,10
37787,140,123,17,17
37788,113,104,9,9
37789,103,85,18,18
37790,84,76,8,8
37791,75,72,3,3
37792,136,118,18,18
37793,123,118,5,5
37794,117,121,-4,4
37795,107,97,10,10
37796,64,60,4,4
37797,61,66,-5,5
37798,216,176,40,40
37799,94,96,-2,2
37800,96,94,2,2
37801,83,100,-17,17
37802,42,45,-3,3
37803,93,100,-7,7
37804,61,68,-7,7
37805,101,78,23,23
37806,118,111,7,7
37807,100,98,2,2
37808,107,122,-15,15
37809,98,99,-1,1
37810,64,58,6,6
37811,215,203,12,12
37812,127,120,7,7
37813,91,84,7,7
37814,113,127,-14,14
37815,82,81,1,1
37816,120,121,-1,1
37817,72,70,2,2
37818,77,89,-12,12
37819,79,85,-6,6
37820,67,71,-4,4
37821,89,89,0,0
37822,54,57,-3,3
37823,97,99,-2,2
37824,82,82,0,0
37825,91,96,-5,5
37826,83,76,7,7
37827,54,66,-12,12
37828,116,115,1,1
37829,80,84,-4,4
37830,75,73,2,2
37831,187,182,5,5
37832,78,85,-7,7
37833,95,98,-3,3
37834,87,85,2,2
37835,74,79,-5,5
37836,67,65,2,2
37837,66,61,5,5
37838,78,69,9,9
37839,107,100,7,7
37840,59,52,7,7
37841,92,94,-2,2
37842,41,51,-10,10
37843,130,118,12,12
37844,100,99,1,1
37845,88,82,6,6
37846,67,66,1,1
37847,100,91,9,9
37848,99,104,-5,5
37849,69,70,-1,1
37850,115,115,0,0
37851,116,104,12,12
37852,49,45,4,4
37853,91,94,-3,3
37854,67,80,-13,13
37855,105,98,7,7
37856,137,131,6,6
37857,72,82,-10,10
37858,61,62,-1,1
37859,86,81,5,5
37860,91,94,-3,3
37861,85,82,3,3
37862,83,76,7,7
37863,68,60,8,8
37864,103,93,10,10
37865,106,96,10,10
37866,139,110,29,29
37867,115,113,2,2
37868,48,50,-2,2
37869,159,155,4,4
37870,61,55,6,6
37871,113,117,-4,4
37872,101,97,4,4
37873,77,73,4,4
37874,134,131,3,3
37875,67,56,11,11
37876,106,101,5,5
37877,57,55,2,2
37878,95,97,-2,2
37879,93,95,-2,2
37880,95,81,14,14
37881,179,169,10,10
37882,153,164,-11,11
37883,62,67,-5,5
37884,69,66,3,3
37885,165,161,4,4
37886,180,180,0,0
37887,87,84,3,3
37888,110,106,4,4
37889,116,117,-1,1
37890,159,159,0,0
37891,99,99,0,0
37892,114,112,2,2
37893,102,88,14,14
37894,154,148,6,6
37895,91,90,1,1
37896,124,108,16,16
37897,91,88,3,3
37898,41,45,-4,4
37899,45,47,-2,2
37900,71,84,-13,13
37901,76,77,-1,1
37902,99,104,-5,5
37903,111,100,11,11
37904,97,87,10,10
37905,124,108,16,16
37906,96,99,-3,3
37907,79,74,5,5
37908,122,125,-3,3
37909,115,96,19,19
37910,89,85,4,4
37911,73,69,4,4
37912,111,110,1,1
37913,89,90,-1,1
37914,138,130,8,8
37915,100,108,-8,8
37916,78,80,-2,2
37917,83,84,-1,1
37918,86,91,-5,5
37919,135,136,-1,1
37920,114,110,4,4
37921,56,59,-3,3
37922,149,151,-2,2
37923,81,78,3,3
37924,79,78,1,1
37925,103,101,2,2
37926,56,70,-14,14
37927,150,138,12,12
37928,78,77,1,1
37929,78,76,2,2
37930,41,44,-3,3
37931,121,105,16,16
37932,123,116,7,7
37933,76,86,-10,10
37934,103,95,8,8
37935,35,56,-21,21
37936,124,114,10,10
37937,55,60,-5,5
37938,88,83,5,5
37939,90,85,5,5
37940,120,95,25,25
37941,71,70,1,1
37942,79,81,-2,2
37943,62,66,-4,4
37944,86,82,4,4
37945,64,67,-3,3
37946,131,137,-6,6
37947,146,131,15,15
37948,86,78,8,8
37949,98,92,6,6
37950,183,156,27,27
37951,91,90,1,1
37952,77,74,3,3
37953,142,134,8,8
37954,79,78,1,1
37955,41,43,-2,2
37956,105,103,2,2
37957,197,181,16,16
37958,115,109,6,6
37959,71,71,0,0
37960,140,139,1,1
37961,130,121,9,9
37962,83,80,3,3
37963,108,121,-13,13
37964,67,64,3,3
37965,70,81,-11,11
37966,93,93,0,0
37967,64,67,-3,3
37968,98,111,-13,13
37969,115,110,5,5
37970,62,58,4,4
37971,88,87,1,1
37972,61,63,-2,2
37973,198,168,30,30
37974,101,107,-6,6
37975,66,62,4,4
37976,31,39,-8,8
37977,94,89,5,5
37978,93,100,-7,7
37979,117,153,-36,36
37980,99,99,0,0
37981,36,44,-8,8
37982,76,77,-1,1
37983,67,73,-6,6
37984,78,84,-6,6
37985,50,54,-4,4
37986,55,48,7,7
37987,92,92,0,0
37988,94,84,10,10
37989,137,131,6,6
37990,102,100,2,2
37991,113,99,14,14
37992,89,79,10,10
37993,124,124,0,0
37994,82,79,3,3
37995,60,69,-9,9
37996,125,110,15,15
37997,78,85,-7,7
37998,143,128,15,15
37999,142,138,4,4
38000,106,94,12,12
38001,124,109,15,15
38002,52,58,-6,6
38003,97,111,-14,14
38004,80,75,5,5
38005,107,110,-3,3
38006,141,133,8,8
38007,57,57,0,0
38008,89,78,11,11
38009,104,109,-5,5
38010,154,142,12,12
38011,76,88,-12,12
38012,95,82,13,13
38013,179,160,19,19
38014,64,77,-13,13
38015,119,105,14,14
38016,108,117,-9,9
38017,114,106,8,8
38018,92,90,2,2
38019,109,103,6,6
38020,139,139,0,0
38021,130,126,4,4
38022,112,103,9,9
38023,123,110,13,13
38024,125,114,11,11
38025,66,59,7,7
38026,77,86,-9,9
38027,87,83,4,4
38028,97,104,-7,7
38029,56,50,6,6
38030,146,131,15,15
38031,71,67,4,4
38032,176,162,14,14
38033,96,83,13,13
38034,105,94,11,11
38035,127,119,8,8
38036,82,84,-2,2
38037,137,147,-10,10
38038,120,113,7,7
38039,82,80,2,2
38040,73,67,6,6
38041,78,70,8,8
38042,83,82,1,1
38043,83,82,1,1
38044,74,76,-2,2
38045,81,80,1,1
38046,178,155,23,23
38047,96,103,-7,7
38048,48,53,-5,5
38049,74,79,-5,5
38050,143,128,15,15
38051,94,85,9,9
38052,142,137,5,5
38053,144,141,3,3
38054,114,112,2,2
38055,91,94,-3,3
38056,127,124,3,3
38057,65,76,-11,11
38058,152,137,15,15
38059,106,100,6,6
38060,140,127,13,13
38061,96,100,-4,4
38062,72,100,-28,28
38063,71,59,12,12
38064,116,110,6,6
38065,156,142,14,14
38066,57,52,5,5
38067,24,40,-16,16
38068,122,114,8,8
38069,118,107,11,11
38070,96,94,2,2
38071,86,81,5,5
38072,163,150,13,13
38073,60,66,-6,6
38074,80,74,6,6
38075,78,75,3,3
38076,82,77,5,5
38077,113,100,13,13
38078,104,109,-5,5
38079,154,168,-14,14
38080,34,46,-12,12
38081,111,112,-1,1
38082,103,97,6,6
38083,88,83,5,5
38084,112,112,0,0
38085,115,105,10,10
38086,60,51,9,9
38087,150,137,13,13
38088,116,112,4,4
38089,80,75,5,5
38090,112,96,16,16
38091,116,110,6,6
38092,83,87,-4,4
38093,161,141,20,20
38094,65,71,-6,6
38095,74,75,-1,1
38096,72,61,11,11
38097,185,160,25,25
38098,89,73,16,16
38099,90,86,4,4
38100,175,157,18,18
38101,96,85,11,11
38102,96,88,8,8
38103,111,109,2,2
38104,46,48,-2,2
38105,105,116,-11,11
38106,69,72,-3,3
38107,117,110,7,7
38108,91,88,3,3
38109,70,75,-5,5
38110,150,130,20,20
38111,122,122,0,0
38112,98,105,-7,7
38113,100,86,14,14
38114,160,135,25,25
38115,139,130,9,9
38116,170,156,14,14
38117,79,83,-4,4
38118,132,123,9,9
38119,121,119,2,2
38120,118,117,1,1
38121,102,88,14,14
38122,98,93,5,5
38123,115,118,-3,3
38124,159,151,8,8
38125,92,91,1,1
38126,41,57,-16,16
38127,84,85,-1,1
38128,132,137,-5,5
38129,109,92,17,17
38130,78,85,-7,7
38131,114,101,13,13
38132,121,110,11,11
38133,93,86,7,7
38134,115,114,1,1
38135,44,44,0,0
38136,74,72,2,2
38137,49,47,2,2
38138,165,150,15,15
38139,83,80,3,3
38140,158,141,17,17
38141,101,87,14,14
38142,118,110,8,8
38143,94,89,5,5
38144,117,130,-13,13
38145,109,102,7,7
38146,73,87,-14,14
38147,76,78,-2,2
38148,138,130,8,8
38149,113,103,10,10
38150,96,93,3,3
38151,73,77,-4,4
38152,112,103,9,9
38153,63,64,-1,1
38154,104,91,13,13
38155,82,87,-5,5
38156,54,58,-4,4
38157,84,81,3,3
38158,133,135,-2,2
38159,101,96,5,5
38160,108,111,-3,3
38161,83,76,7,7
38162,78,80,-2,2
38163,82,75,7,7
38164,76,76,0,0
38165,90,83,7,7
38166,105,99,6,6
38167,61,60,1,1
38168,102,112,-10,10
38169,104,116,-12,12
38170,72,70,2,2
38171,74,66,8,8
38172,92,94,-2,2
38173,85,81,4,4
38174,99,94,5,5
38175,111,116,-5,5
38176,67,72,-5,5
38177,76,73,3,3
38178,113,96,17,17
38179,107,99,8,8
38180,117,111,6,6
38181,116,115,1,1
38182,97,95,2,2
38183,125,119,6,6
38184,112,115,-3,3
38185,71,82,-11,11
38186,115,112,3,3
38187,59,79,-20,20
38188,97,91,6,6
38189,124,109,15,15
38190,45,48,-3,3
38191,87,86,1,1
38192,103,119,-16,16
38193,64,64,0,0
38194,100,90,10,10
38195,97,86,11,11
38196,121,115,6,6
38197,111,114,-3,3
38198,74,71,3,3
38199,118,144,-26,26
38200,91,85,6,6
38201,89,87,2,2
38202,105,85,20,20
38203,79,79,0,0
38204,68,69,-1,1
38205,125,123,2,2
38206,87,83,4,4
38207,123,104,19,19
38208,93,90,3,3
38209,100,91,9,9
38210,64,60,4,4
38211,108,101,7,7
38212,68,54,14,14
38213,86,87,-1,1
38214,107,95,12,12
38215,73,74,-1,1
38216,128,132,-4,4
38217,119,107,12,12
38218,54,44,10,10
38219,72,69,3,3
38220,73,77,-4,4
38221,159,146,13,13
38222,83,85,-2,2
38223,97,91,6,6
38224,131,122,9,9
38225,69,70,-1,1
38226,86,73,13,13
38227,119,115,4,4
38228,100,90,10,10
38229,102,103,-1,1
38230,67,65,2,2
38231,53,63,-10,10
38232,85,89,-4,4
38233,168,156,12,12
38234,61,51,10,10
38235,77,72,5,5
38236,85,90,-5,5
38237,69,69,0,0
38238,124,117,7,7
38239,89,79,10,10
38240,148,141,7,7
38241,143,128,15,15
38242,57,77,-20,20
38243,144,133,11,11
38244,66,69,-3,3
38245,83,93,-10,10
38246,120,114,6,6
38247,131,126,5,5
38248,51,55,-4,4
38249,77,61,16,16
38250,62,66,-4,4
38251,125,129,-4,4
38252,87,83,4,4
38253,89,85,4,4
38254,162,147,15,15
38255,109,109,0,0
38256,126,128,-2,2
38257,87,90,-3,3
38258,87,96,-9,9
38259,116,111,5,5
38260,51,54,-3,3
38261,65,57,8,8
38262,95,85,10,10
38263,86,76,10,10
38264,98,96,2,2
38265,74,72,2,2
38266,87,112,-25,25
38267,113,108,5,5
38268,70,86,-16,16
38269,119,106,13,13
38270,180,162,18,18
38271,94,82,12,12
38272,67,74,-7,7
38273,85,85,0,0
38274,147,145,2,2
38275,79,68,11,11
38276,76,77,-1,1
38277,60,51,9,9
38278,55,57,-2,2
38279,95,95,0,0
38280,127,113,14,14
38281,100,93,7,7
38282,85,84,1,1
38283,127,120,7,7
38284,101,86,15,15
38285,70,68,2,2
38286,102,97,5,5
38287,73,75,-2,2
38288,107,106,1,1
38289,129,129,0,0
38290,114,104,10,10
38291,45,54,-9,9
38292,52,51,1,1
38293,69,72,-3,3
38294,71,72,-1,1
38295,65,68,-3,3
38296,211,177,34,34
38297,113,124,-11,11
38298,97,95,2,2
38299,60,66,-6,6
38300,184,148,36,36
38301,106,99,7,7
38302,121,115,6,6
38303,112,112,0,0
38304,137,132,5,5
38305,104,102,2,2
38306,124,115,9,9
38307,72,66,6,6
38308,116,102,14,14
38309,76,74,2,2
38310,99,103,-4,4
38311,75,77,-2,2
38312,81,79,2,2
38313,69,68,1,1
38314,72,77,-5,5
38315,87,76,11,11
38316,93,89,4,4
38317,136,127,9,9
38318,101,92,9,9
38319,89,85,4,4
38320,112,108,4,4
38321,65,67,-2,2
38322,118,107,11,11
38323,92,85,7,7
38324,80,84,-4,4
38325,98,91,7,7
38326,70,66,4,4
38327,127,114,13,13
38328,149,126,23,23
38329,70,68,2,2
38330,139,133,6,6
38331,82,81,1,1
38332,91,91,0,0
38333,39,48,-9,9
38334,82,93,-11,11
38335,105,98,7,7
38336,147,139,8,8
38337,104,108,-4,4
38338,117,96,21,21
38339,91,99,-8,8
38340,90,93,-3,3
38341,104,92,12,12
38342,47,54,-7,7
38343,56,57,-1,1
38344,110,110,0,0
38345,43,56,-13,13
38346,120,110,10,10
38347,70,68,2,2
38348,75,77,-2,2
38349,77,81,-4,4
38350,72,69,3,3
38351,105,99,6,6
38352,218,192,26,26
38353,56,64,-8,8
38354,100,104,-4,4
38355,123,134,-11,11
38356,130,120,10,10
38357,63,58,5,5
38358,89,87,2,2
38359,60,67,-7,7
38360,65,75,-10,10
38361,118,114,4,4
38362,86,88,-2,2
38363,166,165,1,1
38364,106,104,2,2
38365,58,65,-7,7
38366,141,124,17,17
38367,96,91,5,5
38368,106,95,11,11
38369,110,110,0,0
38370,64,62,2,2
38371,83,80,3,3
38372,92,104,-12,12
38373,70,68,2,2
38374,122,119,3,3
38375,86,86,0,0
38376,105,90,15,15
38377,99,101,-2,2
38378,57,52,5,5
38379,79,77,2,2
38380,59,55,4,4
38381,70,72,-2,2
38382,104,97,7,7
38383,86,86,0,0
38384,112,117,-5,5
38385,102,100,2,2
38386,63,67,-4,4
38387,118,108,10,10
38388,63,58,5,5
38389,104,119,-15,15
38390,86,87,-1,1
38391,167,152,15,15
38392,164,151,13,13
38393,85,86,-1,1
38394,111,109,2,2
38395,121,111,10,10
38396,94,88,6,6
38397,77,85,-8,8
38398,35,41,-6,6
38399,95,89,6,6
38400,133,131,2,2
38401,85,86,-1,1
38402,67,60,7,7
38403,114,110,4,4
38404,157,144,13,13
38405,157,145,12,12
38406,94,101,-7,7
38407,54,65,-11,11
38408,64,60,4,4
38409,109,104,5,5
38410,71,70,1,1
38411,73,75,-2,2
38412,76,78,-2,2
38413,130,112,18,18
38414,79,74,5,5
38415,142,147,-5,5
38416,89,85,4,4
38417,105,108,-3,3
38418,78,87,-9,9
38419,64,62,2,2
38420,63,68,-5,5
38421,89,87,2,2
38422,171,162,9,9
38423,111,95,16,16
38424,86,74,12,12
38425,102,98,4,4
38426,61,64,-3,3
38427,85,83,2,2
38428,134,115,19,19
38429,81,79,2,2
38430,142,138,4,4
38431,80,74,6,6
38432,83,81,2,2
38433,121,109,12,12
38434,67,57,10,10
38435,100,112,-12,12
38436,129,125,4,4
38437,102,105,-3,3
38438,126,121,5,5
38439,98,97,1,1
38440,63,56,7,7
38441,72,78,-6,6
38442,88,94,-6,6
38443,64,68,-4,4
38444,107,112,-5,5
38445,89,80,9,9
38446,93,91,2,2
38447,146,134,12,12
38448,101,105,-4,4
38449,87,83,4,4
38450,97,91,6,6
38451,78,64,14,14
38452,130,110,20,20
38453,85,73,12,12
38454,77,72,5,5
38455,44,48,-4,4
38456,96,86,10,10
38457,89,78,11,11
38458,117,113,4,4
38459,41,41,0,0
38460,113,113,0,0
38461,103,83,20,20
38462,161,144,17,17
38463,196,185,11,11
38464,64,54,10,10
38465,82,75,7,7
38466,66,90,-24,24
38467,80,75,5,5
38468,54,61,-7,7
38469,104,105,-1,1
38470,55,50,5,5
38471,57,53,4,4
38472,49,53,-4,4
38473,70,71,-1,1
38474,74,80,-6,6
38475,33,37,-4,4
38476,83,87,-4,4
38477,89,87,2,2
38478,102,91,11,11
38479,156,160,-4,4
38480,36,51,-15,15
38481,62,59,3,3
38482,102,92,10,10
38483,87,94,-7,7
38484,50,48,2,2
38485,89,95,-6,6
38486,100,92,8,8
38487,98,85,13,13
38488,56,61,-5,5
38489,75,66,9,9
38490,98,81,17,17
38491,117,105,12,12
38492,235,199,36,36
38493,54,54,0,0
38494,68,63,5,5
38495,116,121,-5,5
38496,32,37,-5,5
38497,55,51,4,4
38498,82,79,3,3
38499,119,113,6,6
38500,183,179,4,4
38501,112,82,30,30
38502,57,68,-11,11
38503,120,113,7,7
38504,77,83,-6,6
38505,68,75,-7,7
38506,126,114,12,12
38507,68,57,11,11
38508,103,90,13,13
38509,110,114,-4,4
38510,122,101,21,21
38511,100,112,-12,12
38512,74,74,0,0
38513,185,157,28,28
38514,118,123,-5,5
38515,41,48,-7,7
38516,91,92,-1,1
38517,83,74,9,9
38518,79,83,-4,4
38519,82,72,10,10
38520,84,88,-4,4
38521,70,61,9,9
38522,97,101,-4,4
38523,99,97,2,2
38524,108,100,8,8
38525,85,80,5,5
38526,132,124,8,8
38527,99,94,5,5
38528,62,53,9,9
38529,80,77,3,3
38530,96,84,12,12
38531,98,85,13,13
38532,109,106,3,3
38533,124,125,-1,1
38534,101,107,-6,6
38535,118,117,1,1
38536,57,57,0,0
38537,79,81,-2,2
38538,86,86,0,0
38539,77,74,3,3
38540,132,118,14,14
38541,74,65,9,9
38542,108,99,9,9
38543,137,119,18,18
38544,102,99,3,3
38545,150,140,10,10
38546,51,51,0,0
38547,77,73,4,4
38548,59,54,5,5
38549,42,43,-1,1
38550,141,139,2,2
38551,132,121,11,11
38552,67,65,2,2
38553,108,100,8,8
38554,144,144,0,0
38555,69,70,-1,1
38556,85,80,5,5
38557,64,65,-1,1
38558,65,68,-3,3
38559,221,208,13,13
38560,70,69,1,1
38561,56,52,4,4
38562,62,66,-4,4
38563,88,101,-13,13
38564,108,108,0,0
38565,178,157,21,21
38566,74,69,5,5
38567,85,93,-8,8
38568,61,67,-6,6
38569,111,77,34,34
38570,103,107,-4,4
38571,110,104,6,6
38572,74,69,5,5
38573,172,165,7,7
38574,87,98,-11,11
38575,141,141,0,0
38576,86,77,9,9
38577,89,97,-8,8
38578,106,88,18,18
38579,103,96,7,7
38580,115,95,20,20
38581,61,50,11,11
38582,102,102,0,0
38583,64,65,-1,1
38584,121,109,12,12
38585,61,66,-5,5
38586,75,70,5,5
38587,43,41,2,2
38588,84,77,7,7
38589,118,112,6,6
38590,50,46,4,4
38591,81,68,13,13
38592,160,148,12,12
38593,121,108,13,13
38594,77,81,-4,4
38595,124,116,8,8
38596,140,125,15,15
38597,56,60,-4,4
38598,92,81,11,11
38599,99,92,7,7
38600,169,155,14,14
38601,102,108,-6,6
38602,149,143,6,6
38603,161,162,-1,1
38604,73,76,-3,3
38605,81,80,1,1
38606,76,73,3,3
38607,131,118,13,13
38608,155,153,2,2
38609,87,86,1,1
38610,62,60,2,2
38611,87,73,14,14
38612,78,83,-5,5
38613,74,73,1,1
38614,49,69,-20,20
38615,92,85,7,7
38616,133,127,6,6
38617,149,139,10,10
38618,120,121,-1,1
38619,89,79,10,10
38620,102,94,8,8
38621,62,57,5,5
38622,57,48,9,9
38623,43,60,-17,17
38624,72,73,-1,1
38625,58,57,1,1
38626,66,64,2,2
38627,73,77,-4,4
38628,112,93,19,19
38629,158,138,20,20
38630,70,77,-7,7
38631,136,125,11,11
38632,85,79,6,6
38633,37,49,-12,12
38634,87,91,-4,4
38635,130,131,-1,1
38636,88,88,0,0
38637,57,60,-3,3
38638,117,109,8,8
38639,105,93,12,12
38640,75,76,-1,1
38641,153,147,6,6
38642,90,98,-8,8
38643,130,115,15,15
38644,86,86,0,0
38645,124,126,-2,2
38646,83,83,0,0
38647,145,126,19,19
38648,77,79,-2,2
38649,64,65,-1,1
38650,129,124,5,5
38651,109,99,10,10
38652,94,87,7,7
38653,84,79,5,5
38654,64,66,-2,2
38655,90,88,2,2
38656,171,162,9,9
38657,93,96,-3,3
38658,121,122,-1,1
38659,72,78,-6,6
38660,72,82,-10,10
38661,85,83,2,2
38662,86,78,8,8
38663,93,94,-1,1
38664,94,78,16,16
38665,118,117,1,1
38666,72,60,12,12
38667,64,64,0,0
38668,127,108,19,19
38669,64,60,4,4
38670,75,74,1,1
38671,57,62,-5,5
38672,61,62,-1,1
38673,74,84,-10,10
38674,53,67,-14,14
38675,80,82,-2,2
38676,83,80,3,3
38677,124,115,9,9
38678,81,89,-8,8
38679,84,90,-6,6
38680,128,111,17,17
38681,93,89,4,4
38682,79,82,-3,3
38683,81,95,-14,14
38684,81,81,0,0
38685,104,102,2,2
38686,82,80,2,2
38687,84,70,14,14
38688,71,71,0,0
38689,62,63,-1,1
38690,66,71,-5,5
38691,63,64,-1,1
38692,77,78,-1,1
38693,56,57,-1,1
38694,155,144,11,11
38695,143,128,15,15
38696,75,74,1,1
38697,92,100,-8,8
38698,108,101,7,7
38699,105,98,7,7
38700,63,59,4,4
38701,117,113,4,4
38702,123,105,18,18
38703,69,72,-3,3
38704,119,125,-6,6
38705,92,99,-7,7
38706,94,87,7,7
38707,80,80,0,0
38708,101,93,8,8
38709,150,138,12,12
38710,92,83,9,9
38711,97,91,6,6
38712,100,96,4,4
38713,74,87,-13,13
38714,157,148,9,9
38715,65,70,-5,5
38716,97,90,7,7
38717,79,77,2,2
38718,86,83,3,3
38719,91,83,8,8
38720,51,49,2,2
38721,110,107,3,3
38722,106,106,0,0
38723,50,56,-6,6
38724,76,71,5,5
38725,126,118,8,8
38726,73,72,1,1
38727,80,82,-2,2
38728,90,80,10,10
38729,94,78,16,16
38730,99,95,4,4
38731,140,125,15,15
38732,92,89,3,3
38733,96,94,2,2
38734,107,101,6,6
38735,120,107,13,13
38736,141,135,6,6
38737,58,62,-4,4
38738,99,93,6,6
38739,75,72,3,3
38740,118,104,14,14
38741,93,91,2,2
38742,104,90,14,14
38743,81,81,0,0
38744,107,98,9,9
38745,91,108,-17,17
38746,87,86,1,1
38747,53,55,-2,2
38748,147,137,10,10
38749,108,97,11,11
38750,76,73,3,3
38751,59,60,-1,1
38752,85,91,-6,6
38753,82,80,2,2
38754,57,60,-3,3
38755,37,48,-11,11
38756,129,127,2,2
38757,57,52,5,5
38758,67,68,-1,1
38759,76,70,6,6
38760,85,80,5,5
38761,130,118,12,12
38762,106,99,7,7
38763,104,113,-9,9
38764,88,88,0,0
38765,65,71,-6,6
38766,75,75,0,0
38767,145,130,15,15
38768,149,141,8,8
38769,44,51,-7,7
38770,69,64,5,5
38771,93,92,1,1
38772,78,75,3,3
38773,63,68,-5,5
38774,78,83,-5,5
38775,85,80,5,5
38776,55,51,4,4
38777,73,86,-13,13
38778,107,103,4,4
38779,131,121,10,10
38780,87,85,2,2
38781,40,48,-8,8
38782,139,116,23,23
38783,85,88,-3,3
38784,163,164,-1,1
38785,64,71,-7,7
38786,193,179,14,14
38787,86,92,-6,6
38788,98,98,0,0
38789,51,57,-6,6
38790,128,120,8,8
38791,141,121,20,20
38792,84,81,3,3
38793,142,132,10,10
38794,59,60,-1,1
38795,108,97,11,11
38796,39,45,-6,6
38797,156,146,10,10
38798,107,109,-2,2
38799,99,102,-3,3
38800,166,151,15,15
38801,85,81,4,4
38802,84,83,1,1
38803,98,93,5,5
38804,76,68,8,8
38805,138,123,15,15
38806,93,85,8,8
38807,182,153,29,29
38808,149,129,20,20
38809,132,113,19,19
38810,127,113,14,14
38811,70,69,1,1
38812,57,55,2,2
38813,176,178,-2,2
38814,68,70,-2,2
38815,46,45,1,1
38816,66,64,2,2
38817,113,117,-4,4
38818,135,133,2,2
38819,48,46,2,2
38820,135,127,8,8
38821,70,73,-3,3
38822,91,92,-1,1
38823,125,116,9,9
38824,109,91,18,18
38825,53,54,-1,1
38826,91,88,3,3
38827,70,68,2,2
38828,65,72,-7,7
38829,125,108,17,17
38830,72,71,1,1
38831,103,100,3,3
38832,103,81,22,22
38833,101,78,23,23
38834,117,121,-4,4
38835,63,62,1,1
38836,164,159,5,5
38837,57,66,-9,9
38838,120,116,4,4
38839,133,122,11,11
38840,83,87,-4,4
38841,64,66,-2,2
38842,102,93,9,9
38843,70,67,3,3
38844,124,126,-2,2
38845,106,92,14,14
38846,156,147,9,9
38847,67,69,-2,2
38848,147,142,5,5
38849,113,114,-1,1
38850,121,117,4,4
38851,97,90,7,7
38852,59,67,-8,8
38853,50,61,-11,11
38854,118,103,15,15
38855,56,56,0,0
38856,87,76,11,11
38857,89,94,-5,5
38858,65,68,-3,3
38859,62,64,-2,2
38860,138,133,5,5
38861,149,142,7,7
38862,69,65,4,4
38863,76,83,-7,7
38864,65,69,-4,4
38865,70,67,3,3
38866,133,135,-2,2
38867,77,75,2,2
38868,93,94,-1,1
38869,105,127,-22,22
38870,67,70,-3,3
38871,84,77,7,7
38872,83,90,-7,7
38873,46,43,3,3
38874,102,96,6,6
38875,80,72,8,8
38876,106,102,4,4
38877,91,91,0,0
38878,70,61,9,9
38879,213,190,23,23
38880,84,84,0,0
38881,124,103,21,21
38882,113,107,6,6
38883,89,90,-1,1
38884,112,106,6,6
38885,78,72,6,6
38886,60,59,1,1
38887,119,103,16,16
38888,58,62,-4,4
38889,109,96,13,13
38890,113,131,-18,18
38891,101,84,17,17
38892,61,56,5,5
38893,76,79,-3,3
38894,84,78,6,6
38895,86,88,-2,2
38896,108,96,12,12
38897,102,87,15,15
38898,151,143,8,8
38899,66,65,1,1
38900,71,65,6,6
38901,66,69,-3,3
38902,131,125,6,6
38903,49,48,1,1
38904,99,100,-1,1
38905,69,78,-9,9
38906,72,61,11,11
38907,179,156,23,23
38908,152,139,13,13
38909,70,70,0,0
38910,63,66,-3,3
38911,104,103,1,1
38912,22,44,-22,22
38913,105,96,9,9
38914,174,167,7,7
38915,123,119,4,4
38916,34,42,-8,8
38917,76,78,-2,2
38918,114,106,8,8
38919,84,96,-12,12
38920,114,95,19,19
38921,236,202,34,34
38922,86,90,-4,4
38923,91,80,11,11
38924,109,105,4,4
38925,99,86,13,13
38926,79,69,10,10
38927,51,56,-5,5
38928,201,180,21,21
38929,60,58,2,2
38930,89,91,-2,2
38931,84,83,1,1
38932,40,44,-4,4
38933,68,68,0,0
38934,58,58,0,0
38935,73,71,2,2
38936,121,118,3,3
38937,55,51,4,4
38938,91,88,3,3
38939,57,62,-5,5
38940,68,59,9,9
38941,93,74,19,19
38942,59,62,-3,3
38943,76,67,9,9
38944,99,102,-3,3
38945,85,99,-14,14
38946,113,99,14,14
38947,107,91,16,16
38948,184,166,18,18
38949,80,75,5,5
38950,99,97,2,2
38951,180,160,20,20
38952,94,102,-8,8
38953,37,41,-4,4
38954,59,69,-10,10
38955,65,64,1,1
38956,93,93,0,0
38957,88,90,-2,2
38958,92,92,0,0
38959,128,113,15,15
38960,111,111,0,0
38961,128,163,-35,35
38962,48,49,-1,1
38963,116,118,-2,2
38964,54,52,2,2
38965,57,68,-11,11
38966,61,65,-4,4
38967,79,79,0,0
38968,61,58,3,3
38969,122,116,6,6
38970,89,84,5,5
38971,121,109,12,12
38972,119,110,9,9
38973,108,114,-6,6
38974,100,99,1,1
38975,58,58,0,0
38976,106,90,16,16
38977,88,89,-1,1
38978,103,88,15,15
38979,31,43,-12,12
38980,34,53,-19,19
38981,87,82,5,5
38982,111,106,5,5
38983,101,99,2,2
38984,41,45,-4,4
38985,60,64,-4,4
38986,115,109,6,6
38987,136,131,5,5
38988,74,68,6,6
38989,84,75,9,9
38990,110,104,6,6
38991,73,74,-1,1
38992,126,120,6,6
38993,77,72,5,5
38994,129,118,11,11
38995,123,120,3,3
38996,99,91,8,8
38997,88,69,19,19
38998,61,69,-8,8
38999,74,73,1,1
39000,107,98,9,9
39001,122,111,11,11
39002,60,59,1,1
39003,188,177,11,11
39004,84,77,7,7
39005,146,141,5,5
39006,154,148,6,6
39007,114,113,1,1
39008,117,108,9,9
39009,163,160,3,3
39010,74,73,1,1
39011,113,105,8,8
39012,68,71,-3,3
39013,137,125,12,12
39014,86,87,-1,1
39015,136,134,2,2
39016,77,70,7,7
39017,156,141,15,15
39018,146,131,15,15
39019,62,59,3,3
39020,66,75,-9,9
39021,121,118,3,3
39022,161,141,20,20
39023,102,106,-4,4
39024,67,58,9,9
39025,129,123,6,6
39026,120,123,-3,3
39027,174,167,7,7
39028,179,162,17,17
39029,92,85,7,7
39030,112,109,3,3
39031,110,96,14,14
39032,97,95,2,2
39033,68,63,5,5
39034,117,117,0,0
39035,155,138,17,17
39036,60,63,-3,3
39037,167,136,31,31
39038,115,108,7,7
39039,134,130,4,4
39040,48,49,-1,1
39041,89,80,9,9
39042,42,53,-11,11
39043,31,42,-11,11
39044,105,97,8,8
39045,138,127,11,11
39046,97,84,13,13
39047,83,82,1,1
39048,54,55,-1,1
39049,65,64,1,1
39050,94,97,-3,3
39051,86,82,4,4
39052,88,94,-6,6
39053,63,61,2,2
39054,144,137,7,7
39055,62,64,-2,2
39056,63,76,-13,13
39057,98,95,3,3
39058,60,57,3,3
39059,49,53,-4,4
39060,96,85,11,11
39061,71,75,-4,4
39062,120,109,11,11
39063,150,127,23,23
39064,80,75,5,5
39065,58,62,-4,4
39066,64,71,-7,7
39067,140,134,6,6
39068,124,123,1,1
39069,97,86,11,11
39070,161,133,28,28
39071,50,64,-14,14
39072,101,104,-3,3
39073,44,53,-9,9
39074,99,100,-1,1
39075,171,147,24,24
39076,43,48,-5,5
39077,93,101,-8,8
39078,139,132,7,7
39079,120,113,7,7
39080,98,103,-5,5
39081,101,102,-1,1
39082,80,74,6,6
39083,63,57,6,6
39084,149,144,5,5
39085,132,118,14,14
39086,71,72,-1,1
39087,92,96,-4,4
39088,61,74,-13,13
39089,110,108,2,2
39090,67,65,2,2
39091,38,67,-29,29
39092,89,106,-17,17
39093,86,89,-3,3
39094,157,162,-5,5
39095,63,70,-7,7
39096,56,60,-4,4
39097,96,97,-1,1
39098,58,61,-3,3
39099,164,158,6,6
39100,107,103,4,4
39101,131,113,18,18
39102,119,108,11,11
39103,103,100,3,3
39104,58,59,-1,1
39105,158,135,23,23
39106,148,131,17,17
39107,107,108,-1,1
39108,108,93,15,15
39109,85,71,14,14
39110,76,79,-3,3
39111,72,63,9,9
39112,133,128,5,5
39113,71,73,-2,2
39114,90,81,9,9
39115,105,101,4,4
39116,107,108,-1,1
39117,84,80,4,4
39118,67,71,-4,4
39119,154,143,11,11
39120,63,73,-10,10
39121,182,157,25,25
39122,130,119,11,11
39123,126,125,1,1
39124,135,124,11,11
39125,86,84,2,2
39126,90,92,-2,2
39127,69,67,2,2
39128,99,102,-3,3
39129,81,86,-5,5
39130,92,88,4,4
39131,83,80,3,3
39132,76,69,7,7
39133,79,71,8,8
39134,59,63,-4,4
39135,100,97,3,3
39136,60,69,-9,9
39137,76,77,-1,1
39138,110,94,16,16
39139,112,106,6,6
39140,93,92,1,1
39141,101,100,1,1
39142,107,107,0,0
39143,180,165,15,15
39144,109,105,4,4
39145,85,78,7,7
39146,123,114,9,9
39147,90,90,0,0
39148,118,114,4,4
39149,108,98,10,10
39150,95,90,5,5
39151,119,110,9,9
39152,115,93,22,22
39153,145,130,15,15
39154,46,55,-9,9
39155,59,64,-5,5
39156,127,128,-1,1
39157,114,109,5,5
39158,101,97,4,4
39159,134,125,9,9
39160,99,95,4,4
39161,143,129,14,14
39162,136,125,11,11
39163,152,141,11,11
39164,103,95,8,8
39165,79,77,2,2
39166,83,78,5,5
39167,125,108,17,17
39168,74,88,-14,14
39169,44,48,-4,4
39170,100,101,-1,1
39171,111,105,6,6
39172,65,60,5,5
39173,102,98,4,4
39174,109,100,9,9
39175,80,71,9,9
39176,117,110,7,7
39177,121,111,10,10
39178,154,142,12,12
39179,55,59,-4,4
39180,90,91,-1,1
39181,137,112,25,25
39182,53,58,-5,5
39183,137,132,5,5
39184,64,66,-2,2
39185,133,116,17,17
39186,38,29,9,9
39187,105,89,16,16
39188,45,49,-4,4
39189,133,115,18,18
39190,121,118,3,3
39191,138,121,17,17
39192,84,74,10,10
39193,79,78,1,1
39194,48,49,-1,1
39195,51,63,-12,12
39196,90,88,2,2
39197,79,75,4,4
39198,73,70,3,3
39199,82,71,11,11
39200,90,92,-2,2
39201,98,73,25,25
39202,56,60,-4,4
39203,100,90,10,10
39204,55,70,-15,15
39205,116,121,-5,5
39206,61,57,4,4
39207,77,72,5,5
39208,131,120,11,11
39209,115,120,-5,5
39210,94,84,10,10
39211,80,76,4,4
39212,57,58,-1,1
39213,112,102,10,10
39214,98,90,8,8
39215,136,134,2,2
39216,125,106,19,19
39217,90,94,-4,4
39218,81,82,-1,1
39219,123,117,6,6
39220,114,115,-1,1
39221,35,54,-19,19
39222,55,54,1,1
39223,110,102,8,8
39224,52,53,-1,1
39225,191,170,21,21
39226,48,58,-10,10
39227,70,63,7,7
39228,116,110,6,6
39229,114,111,3,3
39230,71,74,-3,3
39231,130,114,16,16
39232,92,88,4,4
39233,111,110,1,1
39234,150,144,6,6
39235,112,129,-17,17
39236,85,83,2,2
39237,75,73,2,2
39238,64,65,-1,1
39239,65,66,-1,1
39240,164,150,14,14
39241,63,45,18,18
39242,105,100,5,5
39243,96,93,3,3
39244,102,86,16,16
39245,84,73,11,11
39246,72,80,-8,8
39247,118,118,0,0
39248,110,105,5,5
39249,81,81,0,0
39250,109,111,-2,2
39251,76,68,8,8
39252,64,63,1,1
39253,133,115,18,18
39254,143,125,18,18
39255,72,74,-2,2
39256,74,80,-6,6
39257,41,44,-3,3
39258,65,67,-2,2
39259,73,69,4,4
39260,63,69,-6,6
39261,175,156,19,19
39262,85,94,-9,9
39263,82,77,5,5
39264,48,49,-1,1
39265,97,87,10,10
39266,86,89,-3,3
39267,66,67,-1,1
39268,80,74,6,6
39269,84,84,0,0
39270,90,88,2,2
39271,76,82,-6,6
39272,90,88,2,2
39273,128,128,0,0
39274,76,84,-8,8
39275,84,82,2,2
39276,116,112,4,4
39277,72,74,-2,2
39278,88,81,7,7
39279,58,54,4,4
39280,80,75,5,5
39281,122,108,14,14
39282,84,89,-5,5
39283,62,65,-3,3
39284,78,71,7,7
39285,113,109,4,4
39286,152,141,11,11
39287,68,70,-2,2
39288,72,67,5,5
39289,104,103,1,1
39290,100,95,5,5
39291,92,86,6,6
39292,95,80,15,15
39293,66,61,5,5
39294,78,82,-4,4
39295,117,101,16,16
39296,109,88,21,21
39297,157,138,19,19
39298,100,84,16,16
39299,101,91,10,10
39300,68,60,8,8
39301,137,115,22,22
39302,144,145,-1,1
39303,152,144,8,8
39304,121,104,17,17
39305,83,82,1,1
39306,86,94,-8,8
39307,72,66,6,6
39308,82,91,-9,9
39309,115,104,11,11
39310,44,42,2,2
39311,130,132,-2,2
39312,84,83,1,1
39313,104,97,7,7
39314,70,64,6,6
39315,152,124,28,28
39316,66,68,-2,2
39317,137,110,27,27
39318,86,81,5,5
39319,130,110,20,20
39320,105,97,8,8
39321,79,79,0,0
39322,79,75,4,4
39323,68,65,3,3
39324,86,80,6,6
39325,90,94,-4,4
39326,174,152,22,22
39327,41,43,-2,2
39328,109,94,15,15
39329,98,89,9,9
39330,79,83,-4,4
39331,107,113,-6,6
39332,138,132,6,6
39333,49,40,9,9
39334,68,75,-7,7
39335,465,350,115,115
39336,102,88,14,14
39337,108,108,0,0
39338,98,98,0,0
39339,70,61,9,9
39340,90,87,3,3
39341,103,99,4,4
39342,84,73,11,11
39343,128,135,-7,7
39344,205,180,25,25
39345,149,131,18,18
39346,51,54,-3,3
39347,64,66,-2,2
39348,155,138,17,17
39349,61,67,-6,6
39350,91,86,5,5
39351,69,76,-7,7
39352,51,65,-14,14
39353,59,56,3,3
39354,110,97,13,13
39355,145,125,20,20
39356,86,95,-9,9
39357,192,173,19,19
39358,80,67,13,13
39359,62,59,3,3
39360,116,115,1,1
39361,94,100,-6,6
39362,60,59,1,1
39363,128,141,-13,13
39364,129,122,7,7
39365,111,110,1,1
39366,137,129,8,8
39367,164,142,22,22
39368,119,109,10,10
39369,90,85,5,5
39370,114,123,-9,9
39371,26,26,0,0
39372,107,107,0,0
39373,68,67,1,1
39374,118,118,0,0
39375,124,114,10,10
39376,170,156,14,14
39377,61,65,-4,4
39378,136,132,4,4
39379,196,143,53,53
39380,87,72,15,15
39381,95,105,-10,10
39382,108,107,1,1
39383,151,140,11,11
39384,67,68,-1,1
39385,149,140,9,9
39386,113,105,8,8
39387,50,52,-2,2
39388,79,84,-5,5
39389,103,97,6,6
39390,80,76,4,4
39391,172,166,6,6
39392,105,110,-5,5
39393,82,83,-1,1
39394,47,49,-2,2
39395,54,51,3,3
39396,80,69,11,11
39397,64,62,2,2
39398,150,135,15,15
39399,134,123,11,11
39400,61,70,-9,9
39401,108,102,6,6
39402,116,116,0,0
39403,101,116,-15,15
39404,81,78,3,3
39405,90,90,0,0
39406,71,73,-2,2
39407,119,113,6,6
39408,133,130,3,3
39409,125,127,-2,2
39410,70,66,4,4
39411,182,164,18,18
39412,114,115,-1,1
39413,136,139,-3,3
39414,76,77,-1,1
39415,114,97,17,17
39416,46,52,-6,6
39417,97,109,-12,12
39418,70,75,-5,5
39419,63,53,10,10
39420,100,91,9,9
39421,114,102,12,12
39422,52,51,1,1
39423,130,126,4,4
39424,108,93,15,15
39425,133,115,18,18
39426,26,42,-16,16
39427,75,76,-1,1
39428,112,116,-4,4
39429,73,65,8,8
39430,44,51,-7,7
39431,75,74,1,1
39432,93,92,1,1
39433,60,69,-9,9
39434,83,80,3,3
39435,140,124,16,16
39436,100,101,-1,1
39437,107,95,12,12
39438,95,79,16,16
39439,111,96,15,15
39440,112,100,12,12
39441,67,71,-4,4
39442,52,52,0,0
39443,113,97,16,16
39444,77,75,2,2
39445,135,126,9,9
39446,61,59,2,2
39447,58,70,-12,12
39448,60,63,-3,3
39449,100,94,6,6
39450,49,54,-5,5
39451,71,70,1,1
39452,104,100,4,4
39453,49,51,-2,2
39454,141,132,9,9
39455,113,110,3,3
39456,74,69,5,5
39457,135,132,3,3
39458,61,65,-4,4
39459,115,114,1,1
39460,89,95,-6,6
39461,76,68,8,8
39462,111,119,-8,8
39463,61,70,-9,9
39464,54,49,5,5
39465,95,101,-6,6
39466,125,122,3,3
39467,168,161,7,7
39468,71,65,6,6
39469,80,78,2,2
39470,224,216,8,8
39471,87,87,0,0
39472,65,65,0,0
39473,130,126,4,4
39474,111,109,2,2
39475,76,69,7,7
39476,111,103,8,8
39477,88,93,-5,5
39478,97,93,4,4
39479,118,117,1,1
39480,93,78,15,15
39481,131,117,14,14
39482,82,83,-1,1
39483,153,137,16,16
39484,76,78,-2,2
39485,105,110,-5,5
39486,38,37,1,1
39487,56,64,-8,8
39488,75,71,4,4
39489,40,40,0,0
39490,139,138,1,1
39491,78,92,-14,14
39492,72,73,-1,1
39493,123,129,-6,6
39494,71,66,5,5
39495,144,135,9,9
39496,51,54,-3,3
39497,63,64,-1,1
39498,51,53,-2,2
39499,98,91,7,7
39500,83,80,3,3
39501,75,84,-9,9
39502,108,103,5,5
39503,100,92,8,8
39504,61,53,8,8
39505,76,75,1,1
39506,156,212,-56,56
39507,69,69,0,0
39508,219,199,20,20
39509,112,110,2,2
39510,86,87,-1,1
39511,53,50,3,3
39512,108,101,7,7
39513,82,80,2,2
39514,89,78,11,11
39515,125,115,10,10
39516,96,111,-15,15
39517,113,106,7,7
39518,61,71,-10,10
39519,39,45,-6,6
39520,65,76,-11,11
39521,101,97,4,4
39522,188,163,25,25
39523,73,70,3,3
39524,51,63,-12,12
39525,126,120,6,6
39526,95,114,-19,19
39527,85,102,-17,17
39528,112,98,14,14
39529,117,117,0,0
39530,109,91,18,18
39531,47,55,-8,8
39532,63,73,-10,10
39533,92,91,1,1
39534,78,77,1,1
39535,100,90,10,10
39536,137,120,17,17
39537,163,148,15,15
39538,74,78,-4,4
39539,64,74,-10,10
39540,87,74,13,13
39541,87,86,1,1
39542,120,123,-3,3
39543,129,116,13,13
39544,137,129,8,8
39545,65,62,3,3
39546,67,67,0,0
39547,83,81,2,2
39548,91,85,6,6
39549,88,81,7,7
39550,47,49,-2,2
39551,119,114,5,5
39552,76,73,3,3
39553,96,90,6,6
39554,69,75,-6,6
39555,91,89,2,2
39556,95,93,2,2
39557,89,96,-7,7
39558,89,81,8,8
39559,106,101,5,5
39560,86,68,18,18
39561,119,106,13,13
39562,76,80,-4,4
39563,95,85,10,10
39564,93,85,8,8
39565,93,78,15,15
39566,87,86,1,1
39567,142,139,3,3
39568,81,80,1,1
39569,54,49,5,5
39570,131,119,12,12
39571,53,56,-3,3
39572,132,130,2,2
39573,83,82,1,1
39574,77,66,11,11
39575,86,91,-5,5
39576,135,121,14,14
39577,114,107,7,7
39578,75,84,-9,9
39579,62,73,-11,11
39580,96,89,7,7
39581,88,80,8,8
39582,58,57,1,1
39583,55,59,-4,4
39584,70,66,4,4
39585,162,143,19,19
39586,98,85,13,13
39587,73,64,9,9
39588,52,55,-3,3
39589,86,83,3,3
39590,133,116,17,17
39591,102,99,3,3
39592,137,130,7,7
39593,58,53,5,5
39594,94,77,17,17
39595,158,142,16,16
39596,88,87,1,1
39597,81,87,-6,6
39598,88,74,14,14
39599,170,168,2,2
39600,132,122,10,10
39601,160,151,9,9
39602,69,70,-1,1
39603,78,78,0,0
39604,47,66,-19,19
39605,122,116,6,6
39606,46,46,0,0
39607,81,84,-3,3
39608,173,173,0,0
39609,36,109,-73,73
39610,84,75,9,9
39611,118,104,14,14
39612,113,100,13,13
39613,162,154,8,8
39614,98,102,-4,4
39615,96,88,8,8
39616,71,74,-3,3
39617,68,66,2,2
39618,85,78,7,7
39619,34,61,-27,27
39620,69,76,-7,7
39621,69,71,-2,2
39622,128,118,10,10
39623,99,101,-2,2
39624,121,119,2,2
39625,179,159,20,20
39626,92,95,-3,3
39627,171,170,1,1
39628,94,94,0,0
39629,112,112,0,0
39630,79,71,8,8
39631,57,66,-9,9
39632,72,81,-9,9
39633,161,138,23,23
39634,132,122,10,10
39635,126,114,12,12
39636,78,80,-2,2
39637,72,67,5,5
39638,88,91,-3,3
39639,93,90,3,3
39640,56,54,2,2
39641,179,158,21,21
39642,99,90,9,9
39643,143,123,20,20
39644,25,31,-6,6
39645,85,77,8,8
39646,50,52,-2,2
39647,110,101,9,9
39648,133,120,13,13
39649,103,94,9,9
39650,149,141,8,8
39651,146,144,2,2
39652,65,68,-3,3
39653,117,127,-10,10
39654,53,51,2,2
39655,155,136,19,19
39656,127,123,4,4
39657,87,88,-1,1
39658,167,149,18,18
39659,74,71,3,3
39660,65,68,-3,3
39661,50,52,-2,2
39662,109,106,3,3
39663,65,66,-1,1
39664,98,90,8,8
39665,128,119,9,9
39666,132,127,5,5
39667,174,170,4,4
39668,81,81,0,0
39669,69,70,-1,1
39670,77,70,7,7
39671,69,67,2,2
39672,68,71,-3,3
39673,132,130,2,2
39674,152,160,-8,8
39675,87,86,1,1
39676,30,38,-8,8
39677,98,86,12,12
39678,99,91,8,8
39679,116,112,4,4
39680,100,96,4,4
39681,137,123,14,14
39682,63,64,-1,1
39683,82,87,-5,5
39684,99,111,-12,12
39685,58,63,-5,5
39686,68,65,3,3
39687,121,111,10,10
39688,91,75,16,16
39689,61,78,-17,17
39690,46,48,-2,2
39691,107,112,-5,5
39692,80,76,4,4
39693,78,80,-2,2
39694,83,75,8,8
39695,139,131,8,8
39696,113,112,1,1
39697,109,112,-3,3
39698,168,155,13,13
39699,148,135,13,13
39700,90,80,10,10
39701,49,54,-5,5
39702,91,96,-5,5
39703,48,48,0,0
39704,99,100,-1,1
39705,125,125,0,0
39706,77,92,-15,15
39707,89,86,3,3
39708,85,76,9,9
39709,85,79,6,6
39710,60,65,-5,5
39711,100,94,6,6
39712,61,64,-3,3
39713,87,86,1,1
39714,79,80,-1,1
39715,48,48,0,0
39716,90,96,-6,6
39717,85,80,5,5
39718,77,71,6,6
39719,56,63,-7,7
39720,55,53,2,2
39721,148,138,10,10
39722,108,99,9,9
39723,69,64,5,5
39724,151,135,16,16
39725,98,79,19,19
39726,87,86,1,1
39727,76,73,3,3
39728,84,78,6,6
39729,39,45,-6,6
39730,105,99,6,6
39731,68,90,-22,22
39732,58,70,-12,12
39733,81,78,3,3
39734,108,107,1,1
39735,98,98,0,0
39736,148,132,16,16
39737,71,73,-2,2
39738,108,98,10,10
39739,68,74,-6,6
39740,82,84,-2,2
39741,159,138,21,21
39742,109,96,13,13
39743,113,104,9,9
39744,106,99,7,7
39745,124,110,14,14
39746,74,73,1,1
39747,23,26,-3,3
39748,94,86,8,8
39749,69,68,1,1
39750,63,70,-7,7
39751,49,56,-7,7
39752,83,76,7,7
39753,65,62,3,3
39754,122,91,31,31
39755,110,104,6,6
39756,145,136,9,9
39757,128,107,21,21
39758,61,54,7,7
39759,135,122,13,13
39760,62,49,13,13
39761,143,120,23,23
39762,59,61,-2,2
39763,133,125,8,8
39764,84,89,-5,5
39765,127,117,10,10
39766,75,72,3,3
39767,128,120,8,8
39768,85,88,-3,3
39769,127,111,16,16
39770,66,74,-8,8
39771,45,46,-1,1
39772,89,87,2,2
39773,82,78,4,4
39774,98,87,11,11
39775,51,61,-10,10
39776,112,112,0,0
39777,70,73,-3,3
39778,75,56,19,19
39779,97,93,4,4
39780,59,69,-10,10
39781,51,44,7,7
39782,53,54,-1,1
39783,56,69,-13,13
39784,67,61,6,6
39785,66,70,-4,4
39786,89,85,4,4
39787,94,80,14,14
39788,77,81,-4,4
39789,41,42,-1,1
39790,85,82,3,3
39791,72,69,3,3
39792,108,106,2,2
39793,105,101,4,4
39794,67,71,-4,4
39795,97,90,7,7
39796,76,75,1,1
39797,133,138,-5,5
39798,93,89,4,4
39799,40,46,-6,6
39800,66,63,3,3
39801,43,46,-3,3
39802,145,130,15,15
39803,135,116,19,19
39804,64,68,-4,4
39805,76,92,-16,16
39806,55,55,0,0
39807,78,68,10,10
39808,103,96,7,7
39809,141,139,2,2
39810,152,149,3,3
39811,110,114,-4,4
39812,122,110,12,12
39813,78,79,-1,1
39814,82,78,4,4
39815,104,89,15,15
39816,112,104,8,8
39817,69,65,4,4
39818,48,50,-2,2
39819,60,64,-4,4
39820,54,50,4,4
39821,128,115,13,13
39822,61,56,5,5
39823,108,119,-11,11
39824,86,84,2,2
39825,74,79,-5,5
39826,168,157,11,11
39827,76,71,5,5
39828,80,79,1,1
39829,96,88,8,8
39830,74,70,4,4
39831,59,55,4,4
39832,143,134,9,9
39833,68,58,10,10
39834,76,77,-1,1
39835,97,97,0,0
39836,66,66,0,0
39837,94,89,5,5
39838,159,146,13,13
39839,76,65,11,11
39840,121,119,2,2
39841,123,122,1,1
39842,80,79,1,1
39843,77,77,0,0
39844,52,58,-6,6
39845,115,118,-3,3
39846,180,154,26,26
39847,70,67,3,3
39848,79,82,-3,3
39849,112,96,16,16
39850,89,90,-1,1
39851,83,80,3,3
39852,108,109,-1,1
39853,67,67,0,0
39854,86,83,3,3
39855,82,88,-6,6
39856,156,146,10,10
39857,141,124,17,17
39858,154,142,12,12
39859,63,64,-1,1
39860,52,51,1,1
39861,122,109,13,13
39862,69,75,-6,6
39863,93,88,5,5
39864,106,110,-4,4
39865,76,85,-9,9
39866,97,87,10,10
39867,96,93,3,3
39868,116,114,2,2
39869,98,100,-2,2
39870,89,84,5,5
39871,137,133,4,4
39872,88,73,15,15
39873,115,112,3,3
39874,135,128,7,7
39875,99,97,2,2
39876,68,71,-3,3
39877,98,94,4,4
39878,119,111,8,8
39879,77,72,5,5
39880,74,81,-7,7
39881,115,106,9,9
39882,67,68,-1,1
39883,79,83,-4,4
39884,107,106,1,1
39885,83,82,1,1
39886,74,81,-7,7
39887,160,153,7,7
39888,56,63,-7,7
39889,74,75,-1,1
39890,95,94,1,1
39891,141,147,-6,6
39892,98,95,3,3
39893,84,83,1,1
39894,118,108,10,10
39895,58,53,5,5
39896,54,62,-8,8
39897,74,73,1,1
39898,69,71,-2,2
39899,123,104,19,19
39900,59,59,0,0
39901,50,53,-3,3
39902,56,52,4,4
39903,55,60,-5,5
39904,145,128,17,17
39905,89,85,4,4
39906,74,64,10,10
39907,67,69,-2,2
39908,100,99,1,1
39909,99,97,2,2
39910,64,69,-5,5
39911,49,58,-9,9
39912,144,137,7,7
39913,65,66,-1,1
39914,57,55,2,2
39915,74,76,-2,2
39916,82,85,-3,3
39917,80,72,8,8
39918,167,177,-10,10
39919,55,46,9,9
39920,98,99,-1,1
39921,69,70,-1,1
39922,60,64,-4,4
39923,149,138,11,11
39924,170,158,12,12
39925,56,56,0,0
39926,120,112,8,8
39927,114,111,3,3
39928,123,116,7,7
39929,67,74,-7,7
39930,145,139,6,6
39931,72,71,1,1
39932,85,79,6,6
39933,117,109,8,8
39934,87,103,-16,16
39935,66,70,-4,4
39936,116,119,-3,3
39937,53,67,-14,14
39938,109,102,7,7
39939,26,33,-7,7
39940,51,53,-2,2
39941,65,59,6,6
39942,89,78,11,11
39943,110,91,19,19
39944,70,71,-1,1
39945,46,49,-3,3
39946,119,110,9,9
39947,127,116,11,11
39948,95,86,9,9
39949,68,68,0,0
39950,73,72,1,1
39951,112,102,10,10
39952,152,154,-2,2
39953,83,80,3,3
39954,115,109,6,6
39955,131,105,26,26
39956,49,45,4,4
39957,118,95,23,23
39958,94,80,14,14
39959,120,117,3,3
39960,64,76,-12,12
39961,145,132,13,13
39962,63,68,-5,5
39963,62,59,3,3
39964,55,53,2,2
39965,113,115,-2,2
39966,62,68,-6,6
39967,80,76,4,4
39968,100,92,8,8
39969,72,77,-5,5
39970,75,70,5,5
39971,104,97,7,7
39972,56,52,4,4
39973,116,128,-12,12
39974,87,88,-1,1
39975,109,105,4,4
39976,107,109,-2,2
39977,63,67,-4,4
39978,127,127,0,0
39979,124,107,17,17
39980,67,66,1,1
39981,229,181,48,48
39982,144,123,21,21
39983,110,107,3,3
39984,70,66,4,4
39985,102,96,6,6
39986,153,130,23,23
39987,82,81,1,1
39988,50,51,-1,1
39989,54,58,-4,4
39990,97,89,8,8
39991,75,79,-4,4
39992,83,75,8,8
39993,88,82,6,6
39994,129,119,10,10
39995,91,76,15,15
39996,115,98,17,17
39997,96,92,4,4
39998,177,167,10,10
39999,109,105,4,4
40000,91,87,4,4
40001,102,97,5,5
40002,75,67,8,8
40003,67,70,-3,3
40004,85,85,0,0
40005,133,121,12,12
40006,122,113,9,9
40007,99,94,5,5
40008,72,75,-3,3
40009,80,81,-1,1
40010,61,62,-1,1
40011,118,105,13,13
40012,112,109,3,3
40013,69,74,-5,5
40014,156,148,8,8
40015,140,132,8,8
40016,55,53,2,2
40017,85,88,-3,3
40018,104,92,12,12
40019,113,102,11,11
40020,61,66,-5,5
40021,110,113,-3,3
40022,142,122,20,20
40023,93,88,5,5
40024,49,53,-4,4
40025,139,134,5,5
40026,42,45,-3,3
40027,80,74,6,6
40028,138,128,10,10
40029,148,142,6,6
40030,28,44,-16,16
40031,54,61,-7,7
40032,85,74,11,11
40033,84,80,4,4
40034,161,139,22,22
40035,80,76,4,4
40036,108,119,-11,11
40037,91,90,1,1
40038,92,81,11,11
40039,92,96,-4,4
40040,91,80,11,11
40041,146,127,19,19
40042,59,67,-8,8
40043,109,97,12,12
40044,67,68,-1,1
40045,89,88,1,1
40046,156,136,20,20
40047,106,97,9,9
40048,71,75,-4,4
40049,161,147,14,14
40050,97,92,5,5
40051,95,88,7,7
40052,128,123,5,5
40053,79,88,-9,9
40054,127,132,-5,5
40055,88,88,0,0
40056,63,65,-2,2
40057,47,46,1,1
40058,67,78,-11,11
40059,44,40,4,4
40060,70,65,5,5
40061,59,53,6,6
40062,115,112,3,3
40063,123,124,-1,1
40064,49,50,-1,1
40065,81,79,2,2
40066,55,60,-5,5
40067,105,93,12,12
40068,120,116,4,4
40069,95,96,-1,1
40070,73,78,-5,5
40071,76,80,-4,4
40072,95,89,6,6
40073,35,42,-7,7
40074,85,78,7,7
40075,65,78,-13,13
40076,125,119,6,6
40077,62,59,3,3
40078,95,94,1,1
40079,139,129,10,10
40080,77,81,-4,4
40081,65,66,-1,1
40082,53,55,-2,2
40083,83,71,12,12
40084,62,50,12,12
40085,74,71,3,3
40086,32,34,-2,2
40087,67,68,-1,1
40088,134,118,16,16
40089,78,83,-5,5
40090,88,82,6,6
40091,81,84,-3,3
40092,60,68,-8,8
40093,117,99,18,18
40094,61,64,-3,3
40095,147,138,9,9
40096,217,188,29,29
40097,84,83,1,1
40098,67,68,-1,1
40099,158,165,-7,7
40100,51,58,-7,7
40101,91,91,0,0
40102,72,65,7,7
40103,121,119,2,2
40104,76,69,7,7
40105,117,107,10,10
40106,63,61,2,2
40107,82,86,-4,4
40108,87,95,-8,8
40109,77,72,5,5
40110,67,70,-3,3
40111,129,104,25,25
40112,56,58,-2,2
40113,60,64,-4,4
40114,130,113,17,17
40115,106,112,-6,6
40116,73,65,8,8
40117,89,84,5,5
40118,85,89,-4,4
40119,71,68,3,3
40120,206,208,-2,2
40121,142,141,1,1
40122,106,103,3,3
40123,98,94,4,4
40124,60,69,-9,9
40125,113,112,1,1
40126,57,64,-7,7
40127,73,70,3,3
40128,186,152,34,34
40129,87,91,-4,4
40130,122,112,10,10
40131,80,83,-3,3
40132,130,113,17,17
40133,106,101,5,5
40134,175,187,-12,12
40135,135,125,10,10
40136,115,107,8,8
40137,80,74,6,6
40138,125,108,17,17
40139,85,92,-7,7
40140,85,75,10,10
40141,143,133,10,10
40142,92,87,5,5
40143,74,57,17,17
40144,66,77,-11,11
40145,68,66,2,2
40146,103,97,6,6
40147,82,80,2,2
40148,57,56,1,1
40149,102,106,-4,4
40150,117,116,1,1
40151,79,83,-4,4
40152,179,150,29,29
40153,111,115,-4,4
40154,59,66,-7,7
40155,90,82,8,8
40156,82,105,-23,23
40157,120,112,8,8
40158,89,88,1,1
40159,76,74,2,2
40160,74,68,6,6
40161,54,54,0,0
40162,51,56,-5,5
40163,71,73,-2,2
40164,116,94,22,22
40165,84,74,10,10
40166,107,97,10,10
40167,83,79,4,4
40168,170,155,15,15
40169,118,113,5,5
40170,115,106,9,9
40171,78,88,-10,10
40172,155,143,12,12
40173,143,140,3,3
40174,80,86,-6,6
40175,64,76,-12,12
40176,97,85,12,12
40177,92,89,3,3
40178,63,67,-4,4
40179,196,169,27,27
40180,70,78,-8,8
40181,95,90,5,5
40182,73,73,0,0
40183,64,71,-7,7
40184,86,95,-9,9
40185,93,95,-2,2
40186,81,76,5,5
40187,132,102,30,30
40188,89,71,18,18
40189,80,70,10,10
40190,61,64,-3,3
40191,148,147,1,1
40192,104,98,6,6
40193,105,103,2,2
40194,94,86,8,8
40195,72,76,-4,4
40196,71,70,1,1
40197,115,109,6,6
40198,100,93,7,7
40199,64,65,-1,1
40200,88,87,1,1
40201,175,175,0,0
40202,153,156,-3,3
40203,58,54,4,4
40204,143,143,0,0
40205,49,47,2,2
40206,62,58,4,4
40207,72,72,0,0
40208,112,107,5,5
40209,90,81,9,9
40210,88,82,6,6
40211,92,85,7,7
40212,25,42,-17,17
40213,97,93,4,4
40214,133,118,15,15
40215,86,87,-1,1
40216,81,78,3,3
40217,164,148,16,16
40218,64,58,6,6
40219,79,75,4,4
40220,108,102,6,6
40221,62,70,-8,8
40222,84,84,0,0
40223,187,178,9,9
40224,70,77,-7,7
40225,119,105,14,14
40226,86,87,-1,1
40227,118,109,9,9
40228,79,84,-5,5
40229,77,76,1,1
40230,85,90,-5,5
40231,107,92,15,15
40232,76,76,0,0
40233,54,45,9,9
40234,66,66,0,0
40235,64,71,-7,7
40236,56,42,14,14
40237,147,149,-2,2
40238,92,76,16,16
40239,119,109,10,10
40240,61,71,-10,10
40241,112,101,11,11
40242,116,119,-3,3
40243,68,75,-7,7
40244,153,143,10,10
40245,114,120,-6,6
40246,115,109,6,6
40247,91,89,2,2
40248,68,67,1,1
40249,111,103,8,8
40250,79,67,12,12
40251,57,69,-12,12
40252,114,112,2,2
40253,66,71,-5,5
40254,96,82,14,14
40255,83,92,-9,9
40256,93,81,12,12
40257,83,75,8,8
40258,80,72,8,8
40259,82,79,3,3
40260,114,111,3,3
40261,49,55,-6,6
40262,67,73,-6,6
40263,79,76,3,3
40264,77,77,0,0
40265,64,69,-5,5
40266,177,163,14,14
40267,71,75,-4,4
40268,99,87,12,12
40269,90,85,5,5
40270,107,101,6,6
40271,103,91,12,12
40272,144,136,8,8
40273,81,75,6,6
40274,69,69,0,0
40275,63,80,-17,17
40276,105,104,1,1
40277,100,88,12,12
40278,118,118,0,0
40279,89,76,13,13
40280,90,84,6,6
40281,88,88,0,0
40282,69,66,3,3
40283,59,52,7,7
40284,84,79,5,5
40285,143,139,4,4
40286,112,119,-7,7
40287,143,148,-5,5
40288,78,81,-3,3
40289,38,44,-6,6
40290,107,91,16,16
40291,57,63,-6,6
40292,62,91,-29,29
40293,79,80,-1,1
40294,72,74,-2,2
40295,85,80,5,5
40296,83,83,0,0
40297,69,71,-2,2
40298,62,61,1,1
40299,80,84,-4,4
40300,55,64,-9,9
40301,77,69,8,8
40302,77,89,-12,12
40303,81,88,-7,7
40304,88,81,7,7
40305,75,83,-8,8
40306,103,101,2,2
40307,63,60,3,3
40308,115,100,15,15
40309,149,145,4,4
40310,48,49,-1,1
40311,67,63,4,4
40312,167,143,24,24
40313,116,112,4,4
40314,40,48,-8,8
40315,93,92,1,1
40316,98,89,9,9
40317,105,93,12,12
40318,150,136,14,14
40319,174,139,35,35
40320,156,130,26,26
40321,61,95,-34,34
40322,124,125,-1,1
40323,61,59,2,2
40324,58,57,1,1
40325,147,145,2,2
40326,80,85,-5,5
40327,115,102,13,13
40328,139,134,5,5
40329,73,72,1,1
40330,208,196,12,12
40331,92,96,-4,4
40332,63,55,8,8
40333,126,115,11,11
40334,31,33,-2,2
40335,55,68,-13,13
40336,154,142,12,12
40337,110,105,5,5
40338,62,59,3,3
40339,124,114,10,10
40340,81,74,7,7
40341,78,70,8,8
40342,122,130,-8,8
40343,110,116,-6,6
40344,100,84,16,16
40345,112,105,7,7
40346,58,52,6,6
40347,92,85,7,7
40348,143,136,7,7
40349,76,71,5,5
40350,62,71,-9,9
40351,72,75,-3,3
40352,96,96,0,0
40353,98,92,6,6
40354,209,179,30,30
40355,81,78,3,3
40356,65,68,-3,3
40357,111,98,13,13
40358,158,138,20,20
40359,106,106,0,0
40360,124,110,14,14
40361,90,80,10,10
40362,95,90,5,5
40363,86,89,-3,3
40364,89,81,8,8
40365,59,68,-9,9
40366,132,116,16,16
40367,91,71,20,20
40368,90,81,9,9
40369,85,84,1,1
40370,77,88,-11,11
40371,68,58,10,10
40372,77,84,-7,7
40373,125,124,1,1
40374,53,53,0,0
40375,100,101,-1,1
40376,128,122,6,6
40377,78,70,8,8
40378,73,87,-14,14
40379,79,76,3,3
40380,89,89,0,0
40381,101,98,3,3
40382,93,103,-10,10
40383,93,91,2,2
40384,62,66,-4,4
40385,113,113,0,0
40386,117,107,10,10
40387,133,121,12,12
40388,107,110,-3,3
40389,64,86,-22,22
40390,48,59,-11,11
40391,103,99,4,4
40392,91,94,-3,3
40393,121,121,0,0
40394,109,106,3,3
40395,92,91,1,1
40396,118,102,16,16
40397,82,83,-1,1
40398,76,66,10,10
40399,98,88,10,10
40400,118,106,12,12
40401,124,126,-2,2
40402,120,96,24,24
40403,85,89,-4,4
40404,112,105,7,7
40405,88,86,2,2
40406,65,60,5,5
40407,48,48,0,0
40408,66,75,-9,9
40409,106,82,24,24
40410,174,139,35,35
40411,161,146,15,15
40412,42,66,-24,24
40413,65,71,-6,6
40414,47,53,-6,6
40415,100,108,-8,8
40416,91,87,4,4
40417,59,62,-3,3
40418,77,85,-8,8
40419,83,76,7,7
40420,91,86,5,5
40421,91,85,6,6
40422,163,155,8,8
40423,89,83,6,6
40424,144,145,-1,1
40425,107,109,-2,2
40426,75,70,5,5
40427,210,204,6,6
40428,168,154,14,14
40429,116,103,13,13
40430,67,75,-8,8
40431,66,70,-4,4
40432,23,36,-13,13
40433,99,91,8,8
40434,66,66,0,0
40435,56,58,-2,2
40436,92,83,9,9
40437,132,122,10,10
40438,67,72,-5,5
40439,42,39,3,3
40440,123,119,4,4
40441,44,46,-2,2
40442,117,112,5,5
40443,109,104,5,5
40444,106,98,8,8
40445,92,93,-1,1
40446,88,77,11,11
40447,74,75,-1,1
40448,114,122,-8,8
40449,146,129,17,17
40450,105,99,6,6
40451,91,92,-1,1
40452,124,116,8,8
40453,178,164,14,14
40454,98,90,8,8
40455,145,145,0,0
40456,76,74,2,2
40457,100,96,4,4
40458,128,104,24,24
40459,152,142,10,10
40460,40,46,-6,6
40461,65,70,-5,5
40462,107,107,0,0
40463,90,84,6,6
40464,100,104,-4,4
40465,71,81,-10,10
40466,55,61,-6,6
40467,80,83,-3,3
40468,131,116,15,15
40469,28,39,-11,11
40470,93,98,-5,5
40471,149,152,-3,3
40472,88,88,0,0
40473,50,56,-6,6
40474,82,89,-7,7
40475,125,113,12,12
40476,131,114,17,17
40477,93,98,-5,5
40478,83,79,4,4
40479,149,150,-1,1
40480,74,78,-4,4
40481,124,122,2,2
40482,174,149,25,25
40483,83,107,-24,24
40484,119,116,3,3
40485,85,79,6,6
40486,70,66,4,4
40487,197,183,14,14
40488,131,119,12,12
40489,130,116,14,14
40490,73,79,-6,6
40491,97,91,6,6
40492,85,88,-3,3
40493,198,168,30,30
40494,100,91,9,9
40495,81,88,-7,7
40496,71,75,-4,4
40497,97,96,1,1
40498,77,86,-9,9
40499,88,86,2,2
40500,90,81,9,9
40501,74,76,-2,2
40502,70,72,-2,2
40503,63,55,8,8
40504,149,134,15,15
40505,97,85,12,12
40506,65,69,-4,4
40507,81,76,5,5
40508,100,96,4,4
40509,79,88,-9,9
40510,106,103,3,3
40511,79,82,-3,3
40512,137,131,6,6
40513,82,87,-5,5
40514,68,57,11,11
40515,100,89,11,11
40516,40,46,-6,6
40517,57,55,2,2
40518,73,78,-5,5
40519,85,85,0,0
40520,135,124,11,11
40521,126,122,4,4
40522,158,150,8,8
40523,110,103,7,7
40524,125,128,-3,3
40525,115,105,10,10
40526,112,110,2,2
40527,71,77,-6,6
40528,121,133,-12,12
40529,97,102,-5,5
40530,104,98,6,6
40531,97,94,3,3
40532,54,56,-2,2
40533,76,76,0,0
40534,132,107,25,25
40535,98,102,-4,4
40536,107,101,6,6
40537,119,106,13,13
40538,125,117,8,8
40539,96,96,0,0
40540,49,52,-3,3
40541,89,75,14,14
40542,101,90,11,11
40543,86,93,-7,7
40544,43,43,0,0
40545,40,44,-4,4
40546,109,103,6,6
40547,49,54,-5,5
40548,99,99,0,0
40549,120,96,24,24
40550,70,80,-10,10
40551,177,158,19,19
40552,59,71,-12,12
40553,90,89,1,1
40554,99,92,7,7
40555,99,96,3,3
40556,113,100,13,13
40557,87,80,7,7
40558,120,115,5,5
40559,122,103,19,19
40560,156,145,11,11
40561,90,81,9,9
40562,109,104,5,5
40563,59,68,-9,9
40564,110,111,-1,1
40565,64,65,-1,1
40566,76,77,-1,1
40567,93,85,8,8
40568,81,84,-3,3
40569,155,143,12,12
40570,77,89,-12,12
40571,52,53,-1,1
40572,48,54,-6,6
40573,94,93,1,1
40574,72,79,-7,7
40575,78,91,-13,13
40576,108,101,7,7
40577,74,83,-9,9
40578,67,64,3,3
40579,88,81,7,7
40580,127,124,3,3
40581,88,101,-13,13
40582,53,70,-17,17
40583,101,98,3,3
40584,105,99,6,6
40585,120,115,5,5
40586,63,70,-7,7
40587,50,54,-4,4
40588,67,65,2,2
40589,121,118,3,3
40590,76,76,0,0
40591,95,75,20,20
40592,97,92,5,5
40593,63,71,-8,8
40594,135,125,10,10
40595,61,66,-5,5
40596,79,78,1,1
40597,133,123,10,10
40598,97,101,-4,4
40599,78,68,10,10
40600,96,87,9,9
40601,47,45,2,2
40602,139,119,20,20
40603,99,92,7,7
40604,113,96,17,17
40605,94,87,7,7
40606,100,101,-1,1
40607,71,81,-10,10
40608,102,103,-1,1
40609,113,107,6,6
40610,85,82,3,3
40611,75,64,11,11
40612,62,55,7,7
40613,111,86,25,25
40614,80,76,4,4
40615,117,111,6,6
40616,107,102,5,5
40617,75,74,1,1
40618,82,84,-2,2
40619,73,74,-1,1
40620,110,105,5,5
40621,115,107,8,8
40622,151,142,9,9
40623,60,64,-4,4
40624,51,54,-3,3
40625,76,68,8,8
40626,115,106,9,9
40627,79,78,1,1
40628,85,86,-1,1
40629,84,84,0,0
40630,136,117,19,19
40631,76,78,-2,2
40632,30,43,-13,13
40633,141,128,13,13
40634,83,78,5,5
40635,81,85,-4,4
40636,79,85,-6,6
40637,113,108,5,5
40638,88,82,6,6
40639,145,165,-20,20
40640,156,147,9,9
40641,80,92,-12,12
40642,103,95,8,8
40643,116,109,7,7
40644,76,67,9,9
40645,123,119,4,4
40646,93,89,4,4
40647,103,105,-2,2
40648,67,65,2,2
40649,102,105,-3,3
40650,92,80,12,12
40651,86,82,4,4
40652,56,60,-4,4
40653,80,82,-2,2
40654,137,130,7,7
40655,48,57,-9,9
40656,87,73,14,14
40657,112,114,-2,2
40658,74,70,4,4
40659,87,85,2,2
40660,101,103,-2,2
40661,58,65,-7,7
40662,116,105,11,11
40663,97,88,9,9
40664,65,63,2,2
40665,98,86,12,12
40666,98,86,12,12
40667,156,142,14,14
40668,88,85,3,3
40669,85,90,-5,5
40670,64,56,8,8
40671,72,74,-2,2
40672,107,109,-2,2
40673,87,98,-11,11
40674,115,110,5,5
40675,102,89,13,13
40676,120,108,12,12
40677,87,90,-3,3
40678,81,82,-1,1
40679,53,58,-5,5
40680,71,79,-8,8
40681,78,77,1,1
40682,104,92,12,12
40683,113,115,-2,2
40684,51,45,6,6
40685,65,71,-6,6
40686,109,123,-14,14
40687,78,84,-6,6
40688,105,92,13,13
40689,93,97,-4,4
40690,103,96,7,7
40691,113,95,18,18
40692,77,84,-7,7
40693,135,120,15,15
40694,82,69,13,13
40695,84,81,3,3
40696,56,65,-9,9
40697,54,51,3,3
40698,146,128,18,18
40699,149,137,12,12
40700,91,81,10,10
40701,61,59,2,2
40702,117,120,-3,3
40703,46,44,2,2
40704,159,148,11,11
40705,94,83,11,11
40706,153,133,20,20
40707,108,101,7,7
40708,85,77,8,8
40709,69,73,-4,4
40710,295,225,70,70
40711,74,75,-1,1
40712,103,98,5,5
40713,80,76,4,4
40714,68,71,-3,3
40715,120,117,3,3
40716,86,84,2,2
40717,118,111,7,7
40718,74,77,-3,3
40719,99,81,18,18
40720,76,70,6,6
40721,134,119,15,15
40722,97,106,-9,9
40723,66,71,-5,5
40724,92,97,-5,5
40725,50,51,-1,1
40726,83,88,-5,5
40727,98,97,1,1
40728,72,70,2,2
40729,71,72,-1,1
40730,71,78,-7,7
40731,78,83,-5,5
40732,81,82,-1,1
40733,126,123,3,3
40734,71,69,2,2
40735,70,69,1,1
40736,141,134,7,7
40737,75,66,9,9
40738,85,74,11,11
40739,89,89,0,0
40740,82,80,2,2
40741,174,151,23,23
40742,77,74,3,3
40743,113,113,0,0
40744,165,158,7,7
40745,55,51,4,4
40746,94,80,14,14
40747,81,87,-6,6
40748,103,96,7,7
40749,87,78,9,9
40750,68,81,-13,13
40751,205,203,2,2
40752,85,83,2,2
40753,66,66,0,0
40754,68,68,0,0
40755,87,84,3,3
40756,101,89,12,12
40757,115,107,8,8
40758,69,66,3,3
40759,144,131,13,13
40760,97,96,1,1
40761,107,105,2,2
40762,88,96,-8,8
40763,138,128,10,10
40764,90,78,12,12
40765,129,132,-3,3
40766,66,66,0,0
40767,75,74,1,1
40768,118,108,10,10
40769,99,95,4,4
40770,77,73,4,4
40771,89,84,5,5
40772,95,95,0,0
40773,56,53,3,3
40774,115,109,6,6
40775,59,60,-1,1
40776,117,112,5,5
40777,110,109,1,1
40778,120,100,20,20
40779,98,81,17,17
40780,121,118,3,3
40781,100,81,19,19
40782,85,83,2,2
40783,106,100,6,6
40784,165,146,19,19
40785,65,73,-8,8
40786,58,59,-1,1
40787,165,151,14,14
40788,56,61,-5,5
40789,62,72,-10,10
40790,85,76,9,9
40791,93,95,-2,2
40792,57,63,-6,6
40793,97,94,3,3
40794,96,95,1,1
40795,45,46,-1,1
40796,114,110,4,4
40797,77,69,8,8
40798,77,83,-6,6
40799,89,82,7,7
40800,70,68,2,2
40801,84,87,-3,3
40802,89,98,-9,9
40803,104,104,0,0
40804,88,84,4,4
40805,68,69,-1,1
40806,67,69,-2,2
40807,51,52,-1,1
40808,144,143,1,1
40809,135,129,6,6
40810,89,88,1,1
40811,122,112,10,10
40812,110,98,12,12
40813,81,79,2,2
40814,147,150,-3,3
40815,60,61,-1,1
40816,137,139,-2,2
40817,110,108,2,2
40818,125,119,6,6
40819,89,89,0,0
40820,129,137,-8,8
40821,70,61,9,9
40822,149,148,1,1
40823,72,85,-13,13
40824,96,95,1,1
40825,76,82,-6,6
40826,154,145,9,9
40827,220,190,30,30
40828,106,106,0,0
40829,95,99,-4,4
40830,158,158,0,0
40831,140,133,7,7
40832,86,86,0,0
40833,96,82,14,14
40834,100,93,7,7
40835,70,80,-10,10
40836,64,65,-1,1
40837,147,136,11,11
40838,75,75,0,0
40839,80,76,4,4
40840,161,139,22,22
40841,83,99,-16,16
40842,89,78,11,11
40843,169,153,16,16
40844,85,82,3,3
40845,151,148,3,3
40846,85,78,7,7
40847,61,69,-8,8
40848,62,59,3,3
40849,118,108,10,10
40850,97,91,6,6
40851,118,108,10,10
40852,104,90,14,14
40853,44,44,0,0
40854,101,92,9,9
40855,69,71,-2,2
40856,52,51,1,1
40857,115,112,3,3
40858,56,56,0,0
40859,110,116,-6,6
40860,96,113,-17,17
40861,88,83,5,5
40862,94,94,0,0
40863,60,57,3,3
40864,108,103,5,5
40865,114,98,16,16
40866,87,84,3,3
40867,102,95,7,7
40868,75,68,7,7
40869,56,54,2,2
40870,123,123,0,0
40871,29,47,-18,18
40872,70,80,-10,10
40873,87,81,6,6
40874,48,60,-12,12
40875,108,97,11,11
40876,164,160,4,4
40877,125,106,19,19
40878,66,66,0,0
40879,190,172,18,18
40880,91,87,4,4
40881,116,96,20,20
40882,96,93,3,3
40883,86,82,4,4
40884,157,158,-1,1
40885,149,132,17,17
40886,54,53,1,1
40887,81,78,3,3
40888,97,99,-2,2
40889,128,117,11,11
40890,96,94,2,2
40891,121,117,4,4
40892,131,121,10,10
40893,133,115,18,18
40894,130,122,8,8
40895,97,88,9,9
40896,68,73,-5,5
40897,118,101,17,17
40898,91,83,8,8
40899,90,98,-8,8
40900,65,67,-2,2
40901,143,127,16,16
40902,80,69,11,11
40903,96,77,19,19
40904,104,95,9,9
40905,112,108,4,4
40906,86,83,3,3
40907,91,88,3,3
40908,205,168,37,37
40909,73,83,-10,10
40910,101,95,6,6
40911,73,76,-3,3
40912,90,82,8,8
40913,191,190,1,1
40914,90,87,3,3
40915,149,141,8,8
40916,73,81,-8,8
40917,152,148,4,4
40918,115,104,11,11
40919,88,90,-2,2
40920,86,82,4,4
40921,103,99,4,4
40922,37,40,-3,3
40923,83,75,8,8
40924,76,67,9,9
40925,56,50,6,6
40926,130,115,15,15
40927,67,64,3,3
40928,78,71,7,7
40929,105,101,4,4
40930,101,93,8,8
40931,88,82,6,6
40932,83,83,0,0
40933,108,104,4,4
40934,67,61,6,6
40935,107,101,6,6
40936,43,40,3,3
40937,71,77,-6,6
40938,99,86,13,13
40939,120,123,-3,3
40940,132,113,19,19
40941,30,42,-12,12
40942,88,84,4,4
40943,82,92,-10,10
40944,59,66,-7,7
40945,68,68,0,0
40946,120,102,18,18
40947,60,56,4,4
40948,103,97,6,6
40949,110,104,6,6
40950,114,106,8,8
40951,90,85,5,5
40952,192,175,17,17
40953,100,97,3,3
40954,119,116,3,3
40955,91,79,12,12
40956,98,93,5,5
40957,51,50,1,1
40958,94,87,7,7
40959,98,100,-2,2
40960,71,67,4,4
40961,106,119,-13,13
40962,78,80,-2,2
40963,66,72,-6,6
40964,79,81,-2,2
40965,85,84,1,1
40966,147,140,7,7
40967,68,65,3,3
40968,66,67,-1,1
40969,81,80,1,1
40970,133,126,7,7
40971,120,109,11,11
40972,71,74,-3,3
40973,169,162,7,7
40974,159,144,15,15
40975,57,66,-9,9
40976,73,75,-2,2
40977,44,46,-2,2
40978,85,86,-1,1
40979,49,58,-9,9
40980,54,51,3,3
40981,89,82,7,7
40982,62,68,-6,6
40983,88,81,7,7
40984,93,98,-5,5
40985,66,67,-1,1
40986,69,69,0,0
40987,138,144,-6,6
40988,88,88,0,0
40989,102,101,1,1
40990,45,45,0,0
40991,48,51,-3,3
40992,106,108,-2,2
40993,158,129,29,29
40994,125,114,11,11
40995,64,80,-16,16
40996,153,152,1,1
40997,66,65,1,1
40998,87,90,-3,3
40999,90,82,8,8
41000,105,101,4,4
41001,51,49,2,2
41002,148,129,19,19
41003,123,129,-6,6
41004,59,56,3,3
41005,88,74,14,14
41006,91,92,-1,1
41007,77,77,0,0
41008,98,92,6,6
41009,84,86,-2,2
41010,97,85,12,12
41011,129,114,15,15
41012,158,152,6,6
41013,99,101,-2,2
41014,153,148,5,5
41015,140,118,22,22
41016,97,88,9,9
41017,116,114,2,2
41018,108,96,12,12
41019,117,111,6,6
41020,112,107,5,5
41021,70,73,-3,3
41022,117,120,-3,3
41023,186,175,11,11
41024,88,85,3,3
41025,40,43,-3,3
41026,69,71,-2,2
41027,138,116,22,22
41028,68,68,0,0
41029,194,166,28,28
41030,141,129,12,12
41031,66,73,-7,7
41032,87,91,-4,4
41033,112,107,5,5
41034,120,103,17,17
41035,117,106,11,11
41036,116,116,0,0
41037,113,120,-7,7
41038,109,117,-8,8
41039,116,110,6,6
41040,107,97,10,10
41041,156,141,15,15
41042,54,56,-2,2
41043,96,88,8,8
41044,116,110,6,6
41045,105,96,9,9
41046,53,51,2,2
41047,146,134,12,12
41048,111,118,-7,7
41049,55,52,3,3
41050,130,118,12,12
41051,89,83,6,6
41052,99,109,-10,10
41053,101,85,16,16
41054,107,106,1,1
41055,56,56,0,0
41056,72,73,-1,1
41057,141,133,8,8
41058,49,51,-2,2
41059,50,45,5,5
41060,106,91,15,15
41061,71,70,1,1
41062,82,94,-12,12
41063,112,98,14,14
41064,114,115,-1,1
41065,91,89,2,2
41066,79,78,1,1
41067,87,89,-2,2
41068,72,69,3,3
41069,140,135,5,5
41070,79,83,-4,4
41071,103,93,10,10
41072,105,105,0,0
41073,80,80,0,0
41074,63,65,-2,2
41075,89,82,7,7
41076,58,65,-7,7
41077,71,67,4,4
41078,91,95,-4,4
41079,64,56,8,8
41080,134,124,10,10
41081,144,135,9,9
41082,46,65,-19,19
41083,79,87,-8,8
41084,137,119,18,18
41085,71,70,1,1
41086,88,80,8,8
41087,99,89,10,10
41088,77,77,0,0
41089,71,71,0,0
41090,66,67,-1,1
41091,57,62,-5,5
41092,107,104,3,3
41093,157,150,7,7
41094,59,67,-8,8
41095,107,112,-5,5
41096,150,132,18,18
41097,97,94,3,3
41098,56,57,-1,1
41099,122,113,9,9
41100,118,101,17,17
41101,98,77,21,21
41102,87,90,-3,3
41103,84,73,11,11
41104,67,66,1,1
41105,97,97,0,0
41106,110,106,4,4
41107,75,76,-1,1
41108,49,54,-5,5
41109,121,127,-6,6
41110,124,115,9,9
41111,86,81,5,5
41112,91,87,4,4
41113,74,69,5,5
41114,87,78,9,9
41115,61,67,-6,6
41116,76,78,-2,2
41117,169,163,6,6
41118,79,78,1,1
41119,85,90,-5,5
41120,129,119,10,10
41121,68,67,1,1
41122,88,108,-20,20
41123,136,119,17,17
41124,81,79,2,2
41125,143,145,-2,2
41126,66,62,4,4
41127,90,91,-1,1
41128,69,66,3,3
41129,129,130,-1,1
41130,77,83,-6,6
41131,128,124,4,4
41132,110,108,2,2
41133,125,120,5,5
41134,82,73,9,9
41135,147,131,16,16
41136,77,77,0,0
41137,81,69,12,12
41138,91,85,6,6
41139,106,87,19,19
41140,65,67,-2,2
41141,59,57,2,2
41142,107,110,-3,3
41143,75,84,-9,9
41144,86,96,-10,10
41145,92,90,2,2
41146,87,85,2,2
41147,115,121,-6,6
41148,70,70,0,0
41149,78,67,11,11
41150,77,75,2,2
41151,142,149,-7,7
41152,161,153,8,8
41153,145,126,19,19
41154,102,98,4,4
41155,68,69,-1,1
41156,81,84,-3,3
41157,92,80,12,12
41158,91,92,-1,1
41159,87,83,4,4
41160,168,155,13,13
41161,58,56,2,2
41162,119,97,22,22
41163,55,49,6,6
41164,69,71,-2,2
41165,69,70,-1,1
41166,99,97,2,2
41167,72,72,0,0
41168,82,84,-2,2
41169,134,121,13,13
41170,88,78,10,10
41171,61,67,-6,6
41172,77,77,0,0
41173,106,91,15,15
41174,89,86,3,3
41175,90,85,5,5
41176,102,110,-8,8
41177,77,73,4,4
41178,63,65,-2,2
41179,76,76,0,0
41180,67,62,5,5
41181,64,72,-8,8
41182,66,67,-1,1
41183,126,121,5,5
41184,91,96,-5,5
41185,148,129,19,19
41186,111,98,13,13
41187,58,66,-8,8
41188,93,86,7,7
41189,80,73,7,7
41190,173,162,11,11
41191,80,78,2,2
41192,117,107,10,10
41193,69,57,12,12
41194,115,110,5,5
41195,122,106,16,16
41196,76,75,1,1
41197,89,69,20,20
41198,92,104,-12,12
41199,101,95,6,6
41200,156,140,16,16
41201,88,90,-2,2
41202,61,65,-4,4
41203,80,77,3,3
41204,128,119,9,9
41205,101,90,11,11
41206,114,107,7,7
41207,142,119,23,23
41208,53,50,3,3
41209,138,129,9,9
41210,49,47,2,2
41211,146,124,22,22
41212,91,85,6,6
41213,136,140,-4,4
41214,60,68,-8,8
41215,147,132,15,15
41216,86,83,3,3
41217,71,68,3,3
41218,127,149,-22,22
41219,62,67,-5,5
41220,109,102,7,7
41221,69,71,-2,2
41222,186,178,8,8
41223,44,49,-5,5
41224,39,39,0,0
41225,89,88,1,1
41226,113,112,1,1
41227,65,64,1,1
41228,63,67,-4,4
41229,61,65,-4,4
41230,132,119,13,13
41231,70,74,-4,4
41232,179,169,10,10
41233,103,107,-4,4
41234,118,106,12,12
41235,71,71,0,0
41236,156,139,17,17
41237,95,88,7,7
41238,108,108,0,0
41239,92,88,4,4
41240,125,109,16,16
41241,103,91,12,12
41242,87,74,13,13
41243,57,66,-9,9
41244,95,92,3,3
41245,207,205,2,2
41246,72,76,-4,4
41247,158,153,5,5
41248,78,79,-1,1
41249,59,63,-4,4
41250,77,67,10,10
41251,78,73,5,5
41252,120,104,16,16
41253,137,128,9,9
41254,71,67,4,4
41255,117,108,9,9
41256,97,92,5,5
41257,108,107,1,1
41258,64,67,-3,3
41259,125,114,11,11
41260,57,51,6,6
41261,47,50,-3,3
41262,110,93,17,17
41263,173,173,0,0
41264,70,64,6,6
41265,112,104,8,8
41266,69,69,0,0
41267,95,89,6,6
41268,50,50,0,0
41269,60,58,2,2
41270,108,108,0,0
41271,88,86,2,2
41272,141,155,-14,14
41273,65,67,-2,2
41274,111,118,-7,7
41275,110,98,12,12
41276,156,125,31,31
41277,70,87,-17,17
41278,77,85,-8,8
41279,111,105,6,6
41280,77,77,0,0
41281,132,141,-9,9
41282,94,83,11,11
41283,87,87,0,0
41284,71,74,-3,3
41285,69,75,-6,6
41286,57,58,-1,1
41287,63,68,-5,5
41288,170,163,7,7
41289,99,91,8,8
41290,91,90,1,1
41291,75,80,-5,5
41292,155,146,9,9
41293,169,153,16,16
41294,121,106,15,15
41295,56,60,-4,4
41296,73,72,1,1
41297,142,83,59,59
41298,76,84,-8,8
41299,117,110,7,7
41300,113,115,-2,2
41301,63,53,10,10
41302,146,130,16,16
41303,71,66,5,5
41304,68,66,2,2
41305,96,93,3,3
41306,64,68,-4,4
41307,79,68,11,11
41308,77,76,1,1
41309,54,58,-4,4
41310,81,81,0,0
41311,106,105,1,1
41312,130,114,16,16
41313,63,61,2,2
41314,74,75,-1,1
41315,87,86,1,1
41316,97,90,7,7
41317,136,139,-3,3
41318,78,74,4,4
41319,114,98,16,16
41320,172,187,-15,15
41321,69,83,-14,14
41322,55,64,-9,9
41323,68,65,3,3
41324,84,81,3,3
41325,64,71,-7,7
41326,44,49,-5,5
41327,98,90,8,8
41328,118,120,-2,2
41329,115,103,12,12
41330,151,140,11,11
41331,66,65,1,1
41332,150,131,19,19
41333,94,86,8,8
41334,83,87,-4,4
41335,138,124,14,14
41336,96,93,3,3
41337,117,109,8,8
41338,32,35,-3,3
41339,167,155,12,12
41340,162,139,23,23
41341,120,119,1,1
41342,84,85,-1,1
41343,64,62,2,2
41344,147,137,10,10
41345,74,76,-2,2
41346,42,53,-11,11
41347,65,76,-11,11
41348,87,77,10,10
41349,101,105,-4,4
41350,64,60,4,4
41351,54,64,-10,10
41352,99,97,2,2
41353,60,63,-3,3
41354,62,65,-3,3
41355,134,122,12,12
41356,79,82,-3,3
41357,74,71,3,3
41358,103,109,-6,6
41359,160,158,2,2
41360,103,96,7,7
41361,96,93,3,3
41362,66,61,5,5
41363,72,66,6,6
41364,69,71,-2,2
41365,115,107,8,8
41366,74,66,8,8
41367,47,50,-3,3
41368,116,99,17,17
41369,75,85,-10,10
41370,74,82,-8,8
41371,138,124,14,14
41372,83,84,-1,1
41373,78,80,-2,2
41374,144,131,13,13
41375,94,87,7,7
41376,91,85,6,6
41377,97,102,-5,5
41378,79,78,1,1
41379,87,88,-1,1
41380,50,54,-4,4
41381,61,61,0,0
41382,66,75,-9,9
41383,83,80,3,3
41384,69,60,9,9
41385,117,100,17,17
41386,123,110,13,13
41387,152,124,28,28
41388,53,49,4,4
41389,41,69,-28,28
41390,120,106,14,14
41391,50,58,-8,8
41392,103,98,5,5
41393,59,77,-18,18
41394,146,121,25,25
41395,74,64,10,10
41396,119,109,10,10
41397,100,100,0,0
41398,109,98,11,11
41399,140,125,15,15
41400,104,95,9,9
41401,118,118,0,0
41402,129,115,14,14
41403,62,65,-3,3
41404,80,83,-3,3
41405,67,69,-2,2
41406,45,49,-4,4
41407,111,110,1,1
41408,110,110,0,0
41409,68,70,-2,2
41410,84,96,-12,12
41411,132,114,18,18
41412,67,67,0,0
41413,66,70,-4,4
41414,53,64,-11,11
41415,88,88,0,0
41416,115,115,0,0
41417,142,141,1,1
41418,134,132,2,2
41419,108,105,3,3
41420,63,68,-5,5
41421,68,66,2,2
41422,96,84,12,12
41423,73,78,-5,5
41424,88,85,3,3
41425,107,93,14,14
41426,114,126,-12,12
41427,132,125,7,7
41428,64,72,-8,8
41429,73,66,7,7
41430,109,97,12,12
41431,65,65,0,0
41432,138,109,29,29
41433,103,98,5,5
41434,132,119,13,13
41435,67,69,-2,2
41436,70,68,2,2
41437,114,124,-10,10
41438,54,59,-5,5
41439,87,81,6,6
41440,57,64,-7,7
41441,163,162,1,1
41442,83,83,0,0
41443,48,51,-3,3
41444,62,70,-8,8
41445,110,96,14,14
41446,64,64,0,0
41447,154,146,8,8
41448,119,110,9,9
41449,81,87,-6,6
41450,76,72,4,4
41451,125,99,26,26
41452,82,77,5,5
41453,140,133,7,7
41454,58,53,5,5
41455,90,79,11,11
41456,94,84,10,10
41457,70,70,0,0
41458,126,111,15,15
41459,42,49,-7,7
41460,96,78,18,18
41461,144,126,18,18
41462,84,79,5,5
41463,91,87,4,4
41464,89,82,7,7
41465,68,72,-4,4
41466,74,74,0,0
41467,73,70,3,3
41468,95,84,11,11
41469,141,126,15,15
41470,144,126,18,18
41471,115,115,0,0
41472,126,109,17,17
41473,81,75,6,6
41474,70,66,4,4
41475,101,101,0,0
41476,36,40,-4,4
41477,103,94,9,9
41478,50,52,-2,2
41479,108,93,15,15
41480,168,172,-4,4
41481,89,96,-7,7
41482,128,115,13,13
41483,87,74,13,13
41484,72,64,8,8
41485,166,150,16,16
41486,75,70,5,5
41487,116,112,4,4
41488,66,67,-1,1
41489,89,94,-5,5
41490,72,79,-7,7
41491,103,112,-9,9
41492,82,85,-3,3
41493,108,108,0,0
41494,115,99,16,16
41495,154,162,-8,8
41496,96,96,0,0
41497,70,68,2,2
41498,105,97,8,8
41499,103,105,-2,2
41500,80,81,-1,1
41501,167,132,35,35
41502,131,129,2,2
41503,87,84,3,3
41504,83,81,2,2
41505,221,197,24,24
41506,67,66,1,1
41507,114,109,5,5
41508,88,76,12,12
41509,80,75,5,5
41510,183,170,13,13
41511,67,73,-6,6
41512,172,161,11,11
41513,56,50,6,6
41514,60,58,2,2
41515,60,58,2,2
41516,77,80,-3,3
41517,85,74,11,11
41518,64,65,-1,1
41519,88,92,-4,4
41520,143,120,23,23
41521,148,142,6,6
41522,73,76,-3,3
41523,97,94,3,3
41524,85,92,-7,7
41525,62,58,4,4
41526,82,77,5,5
41527,63,62,1,1
41528,55,50,5,5
41529,133,119,14,14
41530,96,97,-1,1
41531,98,92,6,6
41532,67,66,1,1
41533,104,109,-5,5
41534,118,149,-31,31
41535,83,90,-7,7
41536,110,111,-1,1
41537,138,126,12,12
41538,79,73,6,6
41539,75,67,8,8
41540,67,68,-1,1
41541,59,57,2,2
41542,63,55,8,8
41543,125,112,13,13
41544,156,155,1,1
41545,88,82,6,6
41546,106,99,7,7
41547,88,85,3,3
41548,126,122,4,4
41549,71,75,-4,4
41550,109,101,8,8
41551,61,95,-34,34
41552,100,102,-2,2
41553,157,129,28,28
41554,168,158,10,10
41555,110,102,8,8
41556,92,95,-3,3
41557,118,121,-3,3
41558,159,157,2,2
41559,67,65,2,2
41560,78,87,-9,9
41561,93,92,1,1
41562,76,74,2,2
41563,156,140,16,16
41564,63,68,-5,5
41565,87,85,2,2
41566,79,74,5,5
41567,56,59,-3,3
41568,65,64,1,1
41569,99,97,2,2
41570,90,77,13,13
41571,108,108,0,0
41572,59,55,4,4
41573,48,71,-23,23
41574,73,69,4,4
41575,111,95,16,16
41576,69,68,1,1
41577,149,126,23,23
41578,87,76,11,11
41579,87,81,6,6
41580,85,79,6,6
41581,112,98,14,14
41582,78,88,-10,10
41583,74,81,-7,7
41584,85,85,0,0
41585,77,80,-3,3
41586,113,102,11,11
41587,106,102,4,4
41588,61,67,-6,6
41589,82,88,-6,6
41590,115,112,3,3
41591,51,56,-5,5
41592,109,90,19,19
41593,61,61,0,0
41594,60,64,-4,4
41595,129,121,8,8
41596,152,123,29,29
41597,90,85,5,5
41598,204,187,17,17
41599,95,84,11,11
41600,81,85,-4,4
41601,75,75,0,0
41602,95,88,7,7
41603,108,106,2,2
41604,140,123,17,17
41605,47,42,5,5
41606,92,76,16,16
41607,127,125,2,2
41608,64,74,-10,10
41609,86,72,14,14
41610,83,75,8,8
41611,86,90,-4,4
41612,110,104,6,6
41613,128,130,-2,2
41614,152,144,8,8
41615,106,108,-2,2
41616,71,73,-2,2
41617,70,77,-7,7
41618,71,71,0,0
41619,80,85,-5,5
41620,10,20,-10,10
41621,95,84,11,11
41622,88,83,5,5
41623,55,42,13,13
41624,96,81,15,15
41625,114,98,16,16
41626,113,103,10,10
41627,115,104,11,11
41628,50,50,0,0
41629,130,122,8,8
41630,130,123,7,7
41631,85,83,2,2
41632,72,72,0,0
41633,177,161,16,16
41634,90,95,-5,5
41635,131,135,-4,4
41636,68,71,-3,3
41637,46,51,-5,5
41638,96,97,-1,1
41639,161,147,14,14
41640,60,58,2,2
41641,73,72,1,1
41642,50,52,-2,2
41643,60,50,10,10
41644,122,112,10,10
41645,136,124,12,12
41646,90,82,8,8
41647,131,124,7,7
41648,95,85,10,10
41649,66,67,-1,1
41650,105,111,-6,6
41651,82,79,3,3
41652,107,102,5,5
41653,61,58,3,3
41654,136,119,17,17
41655,128,136,-8,8
41656,66,74,-8,8
41657,125,121,4,4
41658,69,67,2,2
41659,68,78,-10,10
41660,84,85,-1,1
41661,47,54,-7,7
41662,77,76,1,1
41663,113,100,13,13
41664,155,151,4,4
41665,88,89,-1,1
41666,76,74,2,2
41667,104,137,-33,33
41668,43,45,-2,2
41669,69,75,-6,6
41670,94,99,-5,5
41671,121,112,9,9
41672,178,161,17,17
41673,69,68,1,1
41674,113,113,0,0
41675,118,113,5,5
41676,86,84,2,2
41677,71,70,1,1
41678,112,107,5,5
41679,114,103,11,11
41680,68,66,2,2
41681,75,71,4,4
41682,103,94,9,9
41683,71,74,-3,3
41684,57,55,2,2
41685,88,84,4,4
41686,165,150,15,15
41687,79,82,-3,3
41688,133,128,5,5
41689,125,110,15,15
41690,91,105,-14,14
41691,117,117,0,0
41692,108,99,9,9
41693,101,96,5,5
41694,61,65,-4,4
41695,170,154,16,16
41696,152,140,12,12
41697,86,84,2,2
41698,89,83,6,6
41699,137,128,9,9
41700,107,102,5,5
41701,145,125,20,20
41702,152,152,0,0
41703,89,80,9,9
41704,81,76,5,5
41705,102,103,-1,1
41706,85,89,-4,4
41707,70,71,-1,1
41708,85,80,5,5
41709,105,101,4,4
41710,79,71,8,8
41711,55,63,-8,8
41712,94,88,6,6
41713,49,53,-4,4
41714,42,45,-3,3
41715,302,246,56,56
41716,116,105,11,11
41717,68,71,-3,3
41718,81,81,0,0
41719,98,108,-10,10
41720,120,106,14,14
41721,135,133,2,2
41722,85,86,-1,1
41723,76,76,0,0
41724,125,116,9,9
41725,26,25,1,1
41726,111,90,21,21
41727,152,131,21,21
41728,85,80,5,5
41729,99,99,0,0
41730,98,103,-5,5
41731,99,94,5,5
41732,81,77,4,4
41733,98,107,-9,9
41734,101,85,16,16
41735,64,65,-1,1
41736,185,178,7,7
41737,97,94,3,3
41738,93,100,-7,7
41739,65,66,-1,1
41740,89,87,2,2
41741,53,56,-3,3
41742,96,92,4,4
41743,133,120,13,13
41744,149,125,24,24
41745,155,142,13,13
41746,86,80,6,6
41747,64,60,4,4
41748,133,118,15,15
41749,119,123,-4,4
41750,70,72,-2,2
41751,57,57,0,0
41752,56,64,-8,8
41753,55,52,3,3
41754,57,62,-5,5
41755,106,106,0,0
41756,85,87,-2,2
41757,80,77,3,3
41758,71,85,-14,14
41759,79,92,-13,13
41760,72,77,-5,5
41761,67,59,8,8
41762,200,183,17,17
41763,55,59,-4,4
41764,103,99,4,4
41765,80,77,3,3
41766,113,108,5,5
41767,34,64,-30,30
41768,77,80,-3,3
41769,145,143,2,2
41770,143,144,-1,1
41771,100,93,7,7
41772,53,56,-3,3
41773,61,87,-26,26
41774,109,114,-5,5
41775,86,74,12,12
41776,72,72,0,0
41777,86,90,-4,4
41778,115,120,-5,5
41779,74,80,-6,6
41780,85,81,4,4
41781,97,91,6,6
41782,111,105,6,6
41783,63,77,-14,14
41784,104,100,4,4
41785,101,96,5,5
41786,110,102,8,8
41787,72,80,-8,8
41788,128,119,9,9
41789,74,85,-11,11
41790,108,94,14,14
41791,110,105,5,5
41792,68,68,0,0
41793,41,42,-1,1
41794,153,155,-2,2
41795,115,114,1,1
41796,58,64,-6,6
41797,45,63,-18,18
41798,92,89,3,3
41799,57,60,-3,3
41800,125,113,12,12
41801,82,86,-4,4
41802,61,66,-5,5
41803,148,136,12,12
41804,72,69,3,3
41805,108,105,3,3
41806,97,103,-6,6
41807,134,117,17,17
41808,50,49,1,1
41809,66,64,2,2
41810,61,58,3,3
41811,91,84,7,7
41812,133,124,9,9
41813,131,105,26,26
41814,67,78,-11,11
41815,112,103,9,9
41816,100,106,-6,6
41817,193,177,16,16
41818,90,81,9,9
41819,77,74,3,3
41820,80,82,-2,2
41821,117,110,7,7
41822,87,87,0,0
41823,64,67,-3,3
41824,61,61,0,0
41825,120,120,0,0
41826,119,115,4,4
41827,137,120,17,17
41828,54,54,0,0
41829,162,143,19,19
41830,152,158,-6,6
41831,69,63,6,6
41832,80,78,2,2
41833,92,90,2,2
41834,96,83,13,13
41835,107,108,-1,1
41836,71,73,-2,2
41837,83,87,-4,4
41838,89,89,0,0
41839,121,111,10,10
41840,81,82,-1,1
41841,112,111,1,1
41842,147,130,17,17
41843,62,65,-3,3
41844,129,123,6,6
41845,74,82,-8,8
41846,168,145,23,23
41847,47,48,-1,1
41848,128,131,-3,3
41849,49,56,-7,7
41850,56,58,-2,2
41851,89,82,7,7
41852,67,65,2,2
41853,68,75,-7,7
41854,114,114,0,0
41855,137,136,1,1
41856,122,115,7,7
41857,74,74,0,0
41858,67,63,4,4
41859,129,123,6,6
41860,139,138,1,1
41861,62,66,-4,4
41862,100,98,2,2
41863,88,83,5,5
41864,64,66,-2,2
41865,92,84,8,8
41866,119,133,-14,14
41867,81,79,2,2
41868,59,55,4,4
41869,106,99,7,7
41870,94,82,12,12
41871,112,97,15,15
41872,80,83,-3,3
41873,101,104,-3,3
41874,135,119,16,16
41875,135,123,12,12
41876,104,94,10,10
41877,85,80,5,5
41878,176,163,13,13
41879,79,78,1,1
41880,69,64,5,5
41881,41,41,0,0
41882,47,45,2,2
41883,67,68,-1,1
41884,69,75,-6,6
41885,51,52,-1,1
41886,73,83,-10,10
41887,108,102,6,6
41888,47,44,3,3
41889,120,121,-1,1
41890,117,110,7,7
41891,91,95,-4,4
41892,110,111,-1,1
41893,82,80,2,2
41894,97,94,3,3
41895,92,91,1,1
41896,72,69,3,3
41897,74,66,8,8
41898,80,91,-11,11
41899,49,47,2,2
41900,133,121,12,12
41901,85,86,-1,1
41902,116,106,10,10
41903,72,65,7,7
41904,125,116,9,9
41905,91,90,1,1
41906,103,98,5,5
41907,110,106,4,4
41908,102,102,0,0
41909,111,96,15,15
41910,50,66,-16,16
41911,50,48,2,2
41912,106,97,9,9
41913,79,77,2,2
41914,138,118,20,20
41915,110,113,-3,3
41916,59,57,2,2
41917,72,70,2,2
41918,190,164,26,26
41919,93,89,4,4
41920,47,47,0,0
41921,46,54,-8,8
41922,135,123,12,12
41923,56,72,-16,16
41924,67,67,0,0
41925,101,98,3,3
41926,78,77,1,1
41927,61,73,-12,12
41928,43,52,-9,9
41929,142,135,7,7
41930,88,91,-3,3
41931,119,115,4,4
41932,146,126,20,20
41933,93,94,-1,1
41934,109,109,0,0
41935,105,99,6,6
41936,98,98,0,0
41937,75,73,2,2
41938,78,79,-1,1
41939,101,105,-4,4
41940,88,100,-12,12
41941,133,136,-3,3
41942,66,69,-3,3
41943,101,95,6,6
41944,94,94,0,0
41945,86,81,5,5
41946,95,88,7,7
41947,96,98,-2,2
41948,83,79,4,4
41949,119,94,25,25
41950,116,112,4,4
41951,92,83,9,9
41952,89,94,-5,5
41953,215,215,0,0
41954,96,93,3,3
41955,138,125,13,13
41956,73,72,1,1
41957,72,79,-7,7
41958,83,90,-7,7
41959,119,108,11,11
41960,83,80,3,3
41961,140,126,14,14
41962,164,144,20,20
41963,105,95,10,10
41964,109,89,20,20
41965,100,89,11,11
41966,95,95,0,0
41967,85,80,5,5
41968,83,80,3,3
41969,148,140,8,8
41970,95,94,1,1
41971,110,122,-12,12
41972,104,111,-7,7
41973,125,138,-13,13
41974,110,117,-7,7
41975,109,104,5,5
41976,87,81,6,6
41977,166,157,9,9
41978,68,81,-13,13
41979,104,91,13,13
41980,127,100,27,27
41981,60,66,-6,6
41982,106,91,15,15
41983,58,62,-4,4
41984,59,58,1,1
41985,98,93,5,5
41986,150,152,-2,2
41987,107,109,-2,2
41988,75,83,-8,8
41989,95,93,2,2
41990,82,81,1,1
41991,101,85,16,16
41992,63,72,-9,9
41993,81,64,17,17
41994,60,62,-2,2
41995,121,111,10,10
41996,110,98,12,12
41997,73,80,-7,7
41998,62,67,-5,5
41999,66,71,-5,5
42000,87,87,0,0
42001,130,132,-2,2
42002,84,85,-1,1
42003,142,134,8,8
42004,61,64,-3,3
42005,109,102,7,7
42006,147,130,17,17
42007,37,58,-21,21
42008,246,194,52,52
42009,61,70,-9,9
42010,111,106,5,5
42011,92,91,1,1
42012,133,140,-7,7
42013,161,143,18,18
42014,128,135,-7,7
42015,73,64,9,9
42016,115,108,7,7
42017,159,149,10,10
42018,75,70,5,5
42019,85,95,-10,10
42020,79,82,-3,3
42021,103,92,11,11
42022,109,101,8,8
42023,89,85,4,4
42024,158,155,3,3
42025,86,85,1,1
42026,114,98,16,16
42027,145,134,11,11
42028,83,79,4,4
42029,142,140,2,2
42030,48,56,-8,8
42031,69,70,-1,1
42032,90,104,-14,14
42033,152,135,17,17
42034,72,73,-1,1
42035,93,92,1,1
42036,59,64,-5,5
42037,142,126,16,16
42038,95,82,13,13
42039,152,130,22,22
42040,87,85,2,2
42041,79,64,15,15
42042,80,80,0,0
42043,89,88,1,1
42044,74,68,6,6
42045,78,74,4,4
42046,100,96,4,4
42047,92,93,-1,1
42048,135,132,3,3
42049,112,111,1,1
42050,109,104,5,5
42051,86,79,7,7
42052,80,74,6,6
42053,92,105,-13,13
42054,93,93,0,0
42055,111,110,1,1
42056,64,64,0,0
42057,96,77,19,19
42058,79,89,-10,10
42059,148,156,-8,8
42060,74,80,-6,6
42061,91,83,8,8
42062,85,82,3,3
42063,104,95,9,9
42064,132,132,0,0
42065,75,80,-5,5
42066,175,173,2,2
42067,77,70,7,7
42068,92,91,1,1
42069,150,139,11,11
42070,35,39,-4,4
42071,79,78,1,1
42072,57,63,-6,6
42073,70,61,9,9
42074,117,130,-13,13
42075,84,80,4,4
42076,51,74,-23,23
42077,88,90,-2,2
42078,83,80,3,3
42079,89,76,13,13
42080,79,77,2,2
42081,76,81,-5,5
42082,50,62,-12,12
42083,102,94,8,8
42084,111,122,-11,11
42085,82,84,-2,2
42086,114,121,-7,7
42087,99,89,10,10
42088,111,103,8,8
42089,99,98,1,1
42090,68,66,2,2
42091,159,138,21,21
42092,78,80,-2,2
42093,43,51,-8,8
42094,64,65,-1,1
42095,77,80,-3,3
42096,38,54,-16,16
42097,39,39,0,0
42098,87,93,-6,6
42099,89,79,10,10
42100,101,100,1,1
42101,115,111,4,4
42102,101,92,9,9
42103,52,56,-4,4
42104,68,71,-3,3
42105,57,64,-7,7
42106,97,86,11,11
42107,80,85,-5,5
42108,95,90,5,5
42109,155,143,12,12
42110,74,73,1,1
42111,104,91,13,13
42112,63,74,-11,11
42113,28,41,-13,13
42114,96,89,7,7
42115,104,102,2,2
42116,118,114,4,4
42117,81,75,6,6
42118,58,65,-7,7
42119,85,92,-7,7
42120,59,65,-6,6
42121,91,99,-8,8
42122,120,107,13,13
42123,58,43,15,15
42124,89,77,12,12
42125,101,102,-1,1
42126,89,85,4,4
42127,68,63,5,5
42128,122,108,14,14
42129,71,78,-7,7
42130,71,70,1,1
42131,75,90,-15,15
42132,130,128,2,2
42133,103,88,15,15
42134,114,106,8,8
42135,145,132,13,13
42136,108,102,6,6
42137,102,101,1,1
42138,107,99,8,8
42139,97,93,4,4
42140,94,83,11,11
42141,70,72,-2,2
42142,91,92,-1,1
42143,92,94,-2,2
42144,60,69,-9,9
42145,83,82,1,1
42146,92,84,8,8
42147,106,106,0,0
42148,47,57,-10,10
42149,72,67,5,5
42150,137,127,10,10
42151,69,72,-3,3
42152,69,58,11,11
42153,123,115,8,8
42154,77,77,0,0
42155,74,65,9,9
42156,144,145,-1,1
42157,132,126,6,6
42158,109,100,9,9
42159,93,90,3,3
42160,56,52,4,4
42161,125,114,11,11
42162,54,66,-12,12
42163,127,116,11,11
42164,96,96,0,0
42165,106,88,18,18
42166,98,96,2,2
42167,97,95,2,2
42168,65,63,2,2
42169,91,81,10,10
42170,90,88,2,2
42171,135,120,15,15
42172,109,117,-8,8
42173,101,95,6,6
42174,80,82,-2,2
42175,105,104,1,1
42176,64,63,1,1
42177,155,146,9,9
42178,119,117,2,2
42179,76,68,8,8
42180,122,112,10,10
42181,59,61,-2,2
42182,63,59,4,4
42183,92,94,-2,2
42184,101,96,5,5
42185,100,95,5,5
42186,88,92,-4,4
42187,98,89,9,9
42188,153,131,22,22
42189,92,85,7,7
42190,76,67,9,9
42191,110,102,8,8
42192,86,88,-2,2
42193,130,123,7,7
42194,126,129,-3,3
42195,78,69,9,9
42196,77,72,5,5
42197,104,102,2,2
42198,126,133,-7,7
42199,79,76,3,3
42200,117,126,-9,9
42201,45,48,-3,3
42202,100,101,-1,1
42203,83,70,13,13
42204,134,128,6,6
42205,83,80,3,3
42206,90,95,-5,5
42207,86,90,-4,4
42208,89,85,4,4
42209,60,64,-4,4
42210,78,78,0,0
42211,120,119,1,1
42212,72,72,0,0
42213,104,102,2,2
42214,188,166,22,22
42215,93,86,7,7
42216,159,140,19,19
42217,80,73,7,7
42218,96,98,-2,2
42219,114,110,4,4
42220,113,113,0,0
42221,62,70,-8,8
42222,140,132,8,8
42223,157,142,15,15
42224,61,68,-7,7
42225,95,103,-8,8
42226,130,124,6,6
42227,134,138,-4,4
42228,84,85,-1,1
42229,83,79,4,4
42230,96,97,-1,1
42231,85,79,6,6
42232,117,117,0,0
42233,49,51,-2,2
42234,55,55,0,0
42235,116,96,20,20
42236,65,65,0,0
42237,86,87,-1,1
42238,58,70,-12,12
42239,55,63,-8,8
42240,109,99,10,10
42241,109,92,17,17
42242,115,108,7,7
42243,131,105,26,26
42244,79,79,0,0
42245,74,78,-4,4
42246,114,108,6,6
42247,125,112,13,13
42248,90,80,10,10
42249,81,80,1,1
42250,109,98,11,11
42251,90,82,8,8
42252,58,51,7,7
42253,67,69,-2,2
42254,88,80,8,8
42255,71,85,-14,14
42256,118,127,-9,9
42257,109,107,2,2
42258,75,96,-21,21
42259,38,41,-3,3
42260,173,158,15,15
42261,153,150,3,3
42262,66,60,6,6
42263,58,63,-5,5
42264,44,45,-1,1
42265,86,78,8,8
42266,100,94,6,6
42267,86,88,-2,2
42268,106,103,3,3
42269,80,75,5,5
42270,84,78,6,6
42271,76,74,2,2
42272,96,89,7,7
42273,90,90,0,0
42274,116,119,-3,3
42275,196,163,33,33
42276,103,96,7,7
42277,95,99,-4,4
42278,68,64,4,4
42279,96,82,14,14
42280,109,98,11,11
42281,86,88,-2,2
42282,174,167,7,7
42283,78,80,-2,2
42284,47,54,-7,7
42285,96,94,2,2
42286,92,87,5,5
42287,79,70,9,9
42288,85,79,6,6
42289,113,113,0,0
42290,96,92,4,4
42291,80,77,3,3
42292,43,41,2,2
42293,93,99,-6,6
42294,63,67,-4,4
42295,96,84,12,12
42296,103,98,5,5
42297,53,61,-8,8
42298,99,92,7,7
42299,79,78,1,1
42300,70,70,0,0
42301,106,92,14,14
42302,104,134,-30,30
42303,141,133,8,8
42304,99,85,14,14
42305,96,90,6,6
42306,55,52,3,3
42307,99,96,3,3
42308,116,116,0,0
42309,64,89,-25,25
42310,152,133,19,19
42311,63,64,-1,1
42312,78,73,5,5
42313,123,132,-9,9
42314,126,122,4,4
42315,79,74,5,5
42316,92,72,20,20
42317,94,98,-4,4
42318,200,180,20,20
42319,157,152,5,5
42320,80,78,2,2
42321,57,56,1,1
42322,141,132,9,9
42323,60,66,-6,6
42324,85,76,9,9
42325,54,47,7,7
42326,159,159,0,0
42327,150,131,19,19
42328,87,81,6,6
42329,47,63,-16,16
42330,96,93,3,3
42331,82,81,1,1
42332,74,68,6,6
42333,120,118,2,2
42334,109,89,20,20
42335,86,89,-3,3
42336,129,117,12,12
42337,196,179,17,17
42338,178,157,21,21
42339,105,94,11,11
42340,61,68,-7,7
42341,67,71,-4,4
42342,109,104,5,5
42343,111,122,-11,11
42344,52,67,-15,15
42345,89,79,10,10
42346,71,82,-11,11
42347,111,106,5,5
42348,40,39,1,1
42349,79,83,-4,4
42350,99,92,7,7
42351,96,91,5,5
42352,63,55,8,8
42353,103,121,-18,18
42354,97,105,-8,8
42355,90,90,0,0
42356,119,101,18,18
42357,176,157,19,19
42358,97,93,4,4
42359,131,135,-4,4
42360,86,75,11,11
42361,77,72,5,5
42362,84,81,3,3
42363,70,68,2,2
42364,109,104,5,5
42365,121,117,4,4
42366,125,131,-6,6
42367,150,121,29,29
42368,103,94,9,9
42369,151,126,25,25
42370,58,58,0,0
42371,64,66,-2,2
42372,122,119,3,3
42373,104,90,14,14
42374,92,83,9,9
42375,100,97,3,3
42376,142,127,15,15
42377,93,83,10,10
42378,120,111,9,9
42379,75,78,-3,3
42380,106,95,11,11
42381,60,69,-9,9
42382,83,82,1,1
42383,98,95,3,3
42384,56,51,5,5
42385,37,42,-5,5
42386,97,82,15,15
42387,152,144,8,8
42388,97,89,8,8
42389,76,69,7,7
42390,80,89,-9,9
42391,56,60,-4,4
42392,108,95,13,13
42393,128,106,22,22
42394,117,108,9,9
42395,103,95,8,8
42396,31,39,-8,8
42397,84,78,6,6
42398,92,90,2,2
42399,115,126,-11,11
42400,128,128,0,0
42401,128,115,13,13
42402,75,80,-5,5
42403,72,78,-6,6
42404,95,91,4,4
42405,56,63,-7,7
42406,83,83,0,0
42407,97,98,-1,1
42408,109,95,14,14
42409,126,116,10,10
42410,135,136,-1,1
42411,75,77,-2,2
42412,73,67,6,6
42413,89,95,-6,6
42414,94,91,3,3
42415,81,81,0,0
42416,78,79,-1,1
42417,79,71,8,8
42418,78,80,-2,2
42419,105,105,0,0
42420,112,107,5,5
42421,75,69,6,6
42422,98,94,4,4
42423,94,89,5,5
42424,56,61,-5,5
42425,92,84,8,8
42426,68,70,-2,2
42427,104,101,3,3
42428,144,117,27,27
42429,50,57,-7,7
42430,51,54,-3,3
42431,61,73,-12,12
42432,83,87,-4,4
42433,28,38,-10,10
42434,99,99,0,0
42435,83,86,-3,3
42436,162,144,18,18
42437,104,97,7,7
42438,88,91,-3,3
42439,95,89,6,6
42440,116,108,8,8
42441,144,129,15,15
42442,69,53,16,16
42443,102,110,-8,8
42444,116,114,2,2
42445,61,65,-4,4
42446,108,102,6,6
42447,55,54,1,1
42448,142,132,10,10
42449,156,144,12,12
42450,129,115,14,14
42451,180,163,17,17
42452,111,109,2,2
42453,179,172,7,7
42454,89,88,1,1
42455,114,104,10,10
42456,96,87,9,9
42457,117,115,2,2
42458,64,66,-2,2
42459,57,57,0,0
42460,54,60,-6,6
42461,95,84,11,11
42462,89,67,22,22
42463,109,95,14,14
42464,76,76,0,0
42465,67,67,0,0
42466,65,65,0,0
42467,76,83,-7,7
42468,92,87,5,5
42469,92,91,1,1
42470,74,69,5,5
42471,92,80,12,12
42472,80,75,5,5
42473,89,87,2,2
42474,43,46,-3,3
42475,69,71,-2,2
42476,88,89,-1,1
42477,84,91,-7,7
42478,115,113,2,2
42479,56,53,3,3
42480,95,99,-4,4
42481,80,90,-10,10
42482,80,78,2,2
42483,98,92,6,6
42484,49,51,-2,2
42485,91,80,11,11
42486,64,70,-6,6
42487,53,61,-8,8
42488,85,76,9,9
42489,98,92,6,6
42490,100,89,11,11
42491,69,73,-4,4
42492,48,52,-4,4
42493,105,92,13,13
42494,163,141,22,22
42495,150,146,4,4
42496,85,86,-1,1
42497,128,126,2,2
42498,99,102,-3,3
42499,103,93,10,10
42500,128,109,19,19
42501,107,105,2,2
42502,55,63,-8,8
42503,84,90,-6,6
42504,90,93,-3,3
42505,90,91,-1,1
42506,72,67,5,5
42507,91,90,1,1
42508,87,93,-6,6
42509,84,67,17,17
42510,42,45,-3,3
42511,65,71,-6,6
42512,131,127,4,4
42513,48,56,-8,8
42514,109,97,12,12
42515,85,91,-6,6
42516,66,62,4,4
42517,83,88,-5,5
42518,46,42,4,4
42519,141,132,9,9
42520,59,66,-7,7
42521,87,82,5,5
42522,84,90,-6,6
42523,86,89,-3,3
42524,127,115,12,12
42525,111,113,-2,2
42526,102,102,0,0
42527,65,68,-3,3
42528,70,68,2,2
42529,61,66,-5,5
42530,104,100,4,4
42531,111,107,4,4
42532,202,173,29,29
42533,100,88,12,12
42534,136,131,5,5
42535,35,43,-8,8
42536,40,42,-2,2
42537,115,107,8,8
42538,116,108,8,8
42539,72,64,8,8
42540,108,107,1,1
42541,106,112,-6,6
42542,62,64,-2,2
42543,127,113,14,14
42544,94,84,10,10
42545,89,80,9,9
42546,70,70,0,0
42547,72,77,-5,5
42548,98,84,14,14
42549,96,88,8,8
42550,108,111,-3,3
42551,142,116,26,26
42552,77,77,0,0
42553,67,66,1,1
42554,81,85,-4,4
42555,54,54,0,0
42556,124,118,6,6
42557,110,117,-7,7
42558,101,98,3,3
42559,86,86,0,0
42560,117,108,9,9
42561,111,103,8,8
42562,136,120,16,16
42563,78,72,6,6
42564,62,77,-15,15
42565,231,204,27,27
42566,180,179,1,1
42567,91,85,6,6
42568,134,131,3,3
42569,80,81,-1,1
42570,100,98,2,2
42571,123,118,5,5
42572,109,102,7,7
42573,70,67,3,3
42574,57,58,-1,1
42575,148,140,8,8
42576,76,71,5,5
42577,70,70,0,0
42578,82,83,-1,1
42579,102,106,-4,4
42580,198,186,12,12
42581,56,51,5,5
42582,94,96,-2,2
42583,97,95,2,2
42584,103,92,11,11
42585,81,77,4,4
42586,102,95,7,7
42587,85,84,1,1
42588,165,143,22,22
42589,50,59,-9,9
42590,124,119,5,5
42591,101,96,5,5
42592,79,72,7,7
42593,138,139,-1,1
42594,191,141,50,50
42595,162,154,8,8
42596,126,116,10,10
42597,103,101,2,2
42598,49,50,-1,1
42599,113,116,-3,3
42600,100,92,8,8
42601,118,115,3,3
42602,117,117,0,0
42603,84,85,-1,1
42604,110,99,11,11
42605,128,110,18,18
42606,105,101,4,4
42607,59,52,7,7
42608,91,85,6,6
42609,68,64,4,4
42610,72,80,-8,8
42611,135,127,8,8
42612,79,93,-14,14
42613,107,104,3,3
42614,30,38,-8,8
42615,70,72,-2,2
42616,105,103,2,2
42617,92,88,4,4
42618,177,168,9,9
42619,84,87,-3,3
42620,67,75,-8,8
42621,150,120,30,30
42622,65,86,-21,21
42623,69,68,1,1
42624,94,89,5,5
42625,87,74,13,13
42626,73,81,-8,8
42627,70,73,-3,3
42628,93,82,11,11
42629,110,102,8,8
42630,87,75,12,12
42631,109,108,1,1
42632,71,74,-3,3
42633,103,104,-1,1
42634,152,138,14,14
42635,70,73,-3,3
42636,125,101,24,24
42637,91,91,0,0
42638,172,163,9,9
42639,60,69,-9,9
42640,99,123,-24,24
42641,61,57,4,4
42642,91,87,4,4
42643,94,84,10,10
42644,135,121,14,14
42645,43,52,-9,9
42646,83,87,-4,4
42647,93,89,4,4
42648,116,109,7,7
42649,131,105,26,26
42650,140,148,-8,8
42651,101,105,-4,4
42652,160,144,16,16
42653,157,131,26,26
42654,147,170,-23,23
42655,151,146,5,5
42656,162,153,9,9
42657,52,95,-43,43
42658,77,67,10,10
42659,86,81,5,5
42660,86,88,-2,2
42661,91,82,9,9
42662,118,107,11,11
42663,103,97,6,6
42664,103,100,3,3
42665,74,72,2,2
42666,119,110,9,9
42667,89,85,4,4
42668,107,96,11,11
42669,109,139,-30,30
42670,85,90,-5,5
42671,70,68,2,2
42672,86,80,6,6
42673,105,100,5,5
42674,98,96,2,2
42675,75,75,0,0
42676,50,58,-8,8
42677,67,68,-1,1
42678,76,70,6,6
42679,80,73,7,7
42680,124,122,2,2
42681,60,70,-10,10
42682,73,72,1,1
42683,52,51,1,1
42684,102,99,3,3
42685,29,31,-2,2
42686,66,72,-6,6
42687,80,69,11,11
42688,76,75,1,1
42689,107,101,6,6
42690,68,60,8,8
42691,129,114,15,15
42692,51,47,4,4
42693,131,132,-1,1
42694,73,77,-4,4
42695,157,143,14,14
42696,96,103,-7,7
42697,19,48,-29,29
42698,109,95,14,14
42699,67,69,-2,2
42700,132,126,6,6
42701,156,120,36,36
42702,85,93,-8,8
42703,90,88,2,2
42704,85,77,8,8
42705,44,56,-12,12
42706,150,137,13,13
42707,65,68,-3,3
42708,91,101,-10,10
42709,63,76,-13,13
42710,80,80,0,0
42711,163,166,-3,3
42712,110,97,13,13
42713,100,93,7,7
42714,89,78,11,11
42715,51,55,-4,4
42716,97,102,-5,5
42717,82,83,-1,1
42718,85,83,2,2
42719,73,78,-5,5
42720,80,70,10,10
42721,50,58,-8,8
42722,81,75,6,6
42723,68,65,3,3
42724,76,77,-1,1
42725,75,69,6,6
42726,82,87,-5,5
42727,78,78,0,0
42728,53,70,-17,17
42729,55,57,-2,2
42730,41,37,4,4
42731,95,93,2,2
42732,55,53,2,2
42733,99,112,-13,13
42734,64,71,-7,7
42735,93,103,-10,10
42736,61,54,7,7
42737,95,91,4,4
42738,116,115,1,1
42739,83,72,11,11
42740,82,72,10,10
42741,137,112,25,25
42742,69,75,-6,6
42743,69,64,5,5
42744,60,53,7,7
42745,81,87,-6,6
42746,128,123,5,5
42747,78,72,6,6
42748,79,82,-3,3
42749,74,81,-7,7
42750,69,73,-4,4
42751,140,129,11,11
42752,108,110,-2,2
42753,61,55,6,6
42754,142,139,3,3
42755,42,39,3,3
42756,68,64,4,4
42757,74,75,-1,1
42758,94,96,-2,2
42759,164,153,11,11
42760,77,72,5,5
42761,94,84,10,10
42762,192,189,3,3
42763,121,117,4,4
42764,61,59,2,2
42765,120,119,1,1
42766,103,99,4,4
42767,89,84,5,5
42768,100,88,12,12
42769,97,85,12,12
42770,64,68,-4,4
42771,165,158,7,7
42772,74,71,3,3
42773,65,66,-1,1
42774,39,49,-10,10
42775,183,163,20,20
42776,82,84,-2,2
42777,111,107,4,4
42778,150,132,18,18
42779,89,76,13,13
42780,116,110,6,6
42781,106,103,3,3
42782,129,131,-2,2
42783,59,64,-5,5
42784,161,134,27,27
42785,108,120,-12,12
42786,63,74,-11,11
42787,114,110,4,4
42788,80,86,-6,6
42789,81,84,-3,3
42790,72,73,-1,1
42791,99,90,9,9
42792,98,81,17,17
42793,111,97,14,14
42794,120,115,5,5
42795,119,112,7,7
42796,69,74,-5,5
42797,137,125,12,12
42798,130,127,3,3
42799,106,90,16,16
42800,58,61,-3,3
42801,144,135,9,9
42802,117,114,3,3
42803,146,153,-7,7
42804,137,127,10,10
42805,116,119,-3,3
42806,86,77,9,9
42807,89,84,5,5
42808,107,103,4,4
42809,108,108,0,0
42810,109,95,14,14
42811,53,61,-8,8
42812,79,70,9,9
42813,59,63,-4,4
42814,84,79,5,5
42815,156,138,18,18
42816,121,113,8,8
42817,66,66,0,0
42818,74,73,1,1
42819,47,92,-45,45
42820,106,100,6,6
42821,98,89,9,9
42822,68,61,7,7
42823,58,67,-9,9
42824,86,88,-2,2
42825,87,88,-1,1
42826,85,92,-7,7
42827,143,132,11,11
42828,168,143,25,25
42829,63,72,-9,9
42830,72,113,-41,41
42831,170,178,-8,8
42832,139,139,0,0
42833,104,107,-3,3
42834,66,57,9,9
42835,78,77,1,1
42836,66,61,5,5
42837,78,74,4,4
42838,178,154,24,24
42839,176,165,11,11
42840,77,72,5,5
42841,51,51,0,0
42842,112,88,24,24
42843,110,123,-13,13
42844,140,141,-1,1
42845,120,106,14,14
42846,88,85,3,3
42847,85,91,-6,6
42848,166,149,17,17
42849,71,68,3,3
42850,112,115,-3,3
42851,73,66,7,7
42852,80,78,2,2
42853,113,122,-9,9
42854,62,65,-3,3
42855,94,71,23,23
42856,145,140,5,5
42857,131,135,-4,4
42858,103,101,2,2
42859,98,101,-3,3
42860,84,76,8,8
42861,133,116,17,17
42862,144,132,12,12
42863,141,125,16,16
42864,119,101,18,18
42865,87,82,5,5
42866,79,82,-3,3
42867,63,69,-6,6
42868,89,90,-1,1
42869,38,44,-6,6
42870,99,100,-1,1
42871,114,103,11,11
42872,129,111,18,18
42873,155,149,6,6
42874,87,71,16,16
42875,70,69,1,1
42876,112,101,11,11
42877,137,130,7,7
42878,92,83,9,9
42879,145,136,9,9
42880,154,124,30,30
42881,130,122,8,8
42882,45,44,1,1
42883,63,57,6,6
42884,58,56,2,2
42885,96,96,0,0
42886,102,95,7,7
42887,118,123,-5,5
42888,119,112,7,7
42889,75,71,4,4
42890,115,114,1,1
42891,94,93,1,1
42892,108,102,6,6
42893,101,94,7,7
42894,136,128,8,8
42895,110,108,2,2
42896,127,116,11,11
42897,94,80,14,14
42898,124,108,16,16
42899,68,71,-3,3
42900,128,115,13,13
42901,138,129,9,9
42902,83,83,0,0
42903,125,104,21,21
42904,63,66,-3,3
42905,133,103,30,30
42906,77,70,7,7
42907,94,87,7,7
42908,116,99,17,17
42909,93,91,2,2
42910,84,85,-1,1
42911,125,118,7,7
42912,123,125,-2,2
42913,92,85,7,7
42914,155,143,12,12
42915,86,178,-92,92
42916,75,75,0,0
42917,74,77,-3,3
42918,78,80,-2,2
42919,96,84,12,12
42920,113,117,-4,4
42921,139,157,-18,18
42922,95,87,8,8
42923,83,82,1,1
42924,128,122,6,6
42925,102,96,6,6
42926,124,136,-12,12
42927,71,71,0,0
42928,63,66,-3,3
42929,71,69,2,2
42930,131,129,2,2
42931,115,130,-15,15
42932,91,85,6,6
42933,92,96,-4,4
42934,59,53,6,6
42935,138,132,6,6
42936,71,66,5,5
42937,53,49,4,4
42938,103,100,3,3
42939,85,80,5,5
42940,92,88,4,4
42941,109,119,-10,10
42942,74,82,-8,8
42943,100,95,5,5
42944,111,103,8,8
42945,112,106,6,6
42946,112,99,13,13
42947,31,38,-7,7
42948,57,72,-15,15
42949,194,175,19,19
42950,75,70,5,5
42951,119,112,7,7
42952,106,100,6,6
42953,89,74,15,15
42954,75,71,4,4
42955,77,76,1,1
42956,68,73,-5,5
42957,48,43,5,5
42958,53,49,4,4
42959,91,89,2,2
42960,90,101,-11,11
42961,57,68,-11,11
42962,81,81,0,0
42963,113,107,6,6
42964,89,84,5,5
42965,74,69,5,5
42966,89,83,6,6
42967,73,77,-4,4
42968,54,47,7,7
42969,77,77,0,0
42970,108,93,15,15
42971,59,70,-11,11
42972,218,197,21,21
42973,118,125,-7,7
42974,86,88,-2,2
42975,153,143,10,10
42976,123,117,6,6
42977,117,115,2,2
42978,51,47,4,4
42979,77,74,3,3
42980,59,57,2,2
42981,69,75,-6,6
42982,67,73,-6,6
42983,83,77,6,6
42984,137,121,16,16
42985,96,85,11,11
42986,68,70,-2,2
42987,91,97,-6,6
42988,81,86,-5,5
42989,79,67,12,12
42990,50,45,5,5
42991,78,76,2,2
42992,32,37,-5,5
42993,64,63,1,1
42994,80,86,-6,6
42995,99,89,10,10
42996,131,133,-2,2
42997,48,49,-1,1
42998,77,71,6,6
42999,128,126,2,2
43000,120,115,5,5
43001,55,54,1,1
43002,79,69,10,10
43003,85,82,3,3
43004,148,134,14,14
43005,136,128,8,8
43006,111,119,-8,8
43007,105,123,-18,18
43008,93,86,7,7
43009,79,75,4,4
43010,87,82,5,5
43011,69,71,-2,2
43012,109,101,8,8
43013,156,143,13,13
43014,106,103,3,3
43015,105,104,1,1
43016,42,39,3,3
43017,84,81,3,3
43018,15,26,-11,11
43019,89,94,-5,5
43020,179,168,11,11
43021,65,67,-2,2
43022,108,110,-2,2
43023,40,47,-7,7
43024,89,81,8,8
43025,138,125,13,13
43026,134,131,3,3
43027,102,96,6,6
43028,103,97,6,6
43029,143,122,21,21
43030,65,68,-3,3
43031,74,69,5,5
43032,116,104,12,12
43033,79,78,1,1
43034,74,72,2,2
43035,91,69,22,22
43036,99,91,8,8
43037,64,62,2,2
43038,120,107,13,13
43039,103,90,13,13
43040,90,85,5,5
43041,51,46,5,5
43042,96,85,11,11
43043,77,74,3,3
43044,142,140,2,2
43045,77,65,12,12
43046,90,84,6,6
43047,141,131,10,10
43048,85,87,-2,2
43049,98,87,11,11
43050,146,138,8,8
43051,120,106,14,14
43052,107,108,-1,1
43053,97,98,-1,1
43054,125,125,0,0
43055,81,84,-3,3
43056,99,99,0,0
43057,90,90,0,0
43058,53,51,2,2
43059,88,77,11,11
43060,70,63,7,7
43061,57,73,-16,16
43062,77,72,5,5
43063,51,64,-13,13
43064,110,112,-2,2
43065,72,73,-1,1
43066,101,98,3,3
43067,177,155,22,22
43068,153,134,19,19
43069,157,148,9,9
43070,67,68,-1,1
43071,63,65,-2,2
43072,208,181,27,27
43073,84,78,6,6
43074,69,69,0,0
43075,110,94,16,16
43076,85,69,16,16
43077,37,37,0,0
43078,142,116,26,26
43079,82,86,-4,4
43080,81,86,-5,5
43081,94,92,2,2
43082,143,138,5,5
43083,118,107,11,11
43084,86,91,-5,5
43085,76,80,-4,4
43086,73,65,8,8
43087,131,108,23,23
43088,53,68,-15,15
43089,66,67,-1,1
43090,101,100,1,1
43091,115,113,2,2
43092,136,129,7,7
43093,61,87,-26,26
43094,86,86,0,0
43095,71,77,-6,6
43096,81,80,1,1
43097,69,77,-8,8
43098,36,46,-10,10
43099,157,148,9,9
43100,57,58,-1,1
43101,73,65,8,8
43102,185,162,23,23
43103,62,54,8,8
43104,123,120,3,3
43105,65,66,-1,1
43106,73,69,4,4
43107,98,94,4,4
43108,101,93,8,8
43109,104,97,7,7
43110,83,84,-1,1
43111,58,63,-5,5
43112,85,84,1,1
43113,55,60,-5,5
43114,80,70,10,10
43115,66,66,0,0
43116,83,76,7,7
43117,107,111,-4,4
43118,104,93,11,11
43119,44,65,-21,21
43120,63,69,-6,6
43121,85,76,9,9
43122,133,128,5,5
43123,59,59,0,0
43124,130,105,25,25
43125,74,72,2,2
43126,62,57,5,5
43127,109,97,12,12
43128,71,70,1,1
43129,55,89,-34,34
43130,142,135,7,7
43131,117,116,1,1
43132,110,100,10,10
43133,35,45,-10,10
43134,85,87,-2,2
43135,63,57,6,6
43136,79,86,-7,7
43137,101,93,8,8
43138,73,74,-1,1
43139,150,152,-2,2
43140,164,140,24,24
43141,121,113,8,8
43142,56,59,-3,3
43143,82,83,-1,1
43144,115,126,-11,11
43145,103,91,12,12
43146,80,75,5,5
43147,90,101,-11,11
43148,103,95,8,8
43149,122,122,0,0
43150,113,111,2,2
43151,62,70,-8,8
43152,120,115,5,5
43153,94,93,1,1
43154,93,89,4,4
43155,52,53,-1,1
43156,89,81,8,8
43157,72,59,13,13
43158,65,56,9,9
43159,92,84,8,8
43160,59,61,-2,2
43161,86,97,-11,11
43162,119,105,14,14
43163,64,69,-5,5
43164,142,109,33,33
43165,80,80,0,0
43166,68,66,2,2
43167,85,86,-1,1
43168,69,68,1,1
43169,157,145,12,12
43170,120,99,21,21
43171,135,125,10,10
43172,72,67,5,5
43173,99,82,17,17
43174,88,92,-4,4
43175,101,95,6,6
43176,72,73,-1,1
43177,166,166,0,0
43178,49,51,-2,2
43179,89,82,7,7
43180,113,100,13,13
43181,113,100,13,13
43182,85,88,-3,3
43183,67,79,-12,12
43184,89,88,1,1
43185,63,66,-3,3
43186,52,91,-39,39
43187,127,116,11,11
43188,106,101,5,5
43189,120,101,19,19
43190,97,112,-15,15
43191,57,64,-7,7
43192,68,83,-15,15
43193,105,103,2,2
43194,106,108,-2,2
43195,133,125,8,8
43196,63,72,-9,9
43197,58,60,-2,2
43198,106,109,-3,3
43199,103,91,12,12
43200,71,72,-1,1
43201,103,102,1,1
43202,42,43,-1,1
43203,91,82,9,9
43204,103,106,-3,3
43205,90,87,3,3
43206,103,100,3,3
43207,111,101,10,10
43208,132,115,17,17
43209,115,109,6,6
43210,121,123,-2,2
43211,122,106,16,16
43212,132,122,10,10
43213,32,43,-11,11
43214,110,100,10,10
43215,87,90,-3,3
43216,135,126,9,9
43217,102,95,7,7
43218,82,85,-3,3
43219,131,117,14,14
43220,102,103,-1,1
43221,52,54,-2,2
43222,100,103,-3,3
43223,100,92,8,8
43224,90,93,-3,3
43225,85,88,-3,3
43226,61,65,-4,4
43227,154,161,-7,7
43228,137,123,14,14
43229,107,97,10,10
43230,98,96,2,2
43231,92,85,7,7
43232,191,163,28,28
43233,113,117,-4,4
43234,104,100,4,4
43235,62,58,4,4
43236,80,77,3,3
43237,50,47,3,3
43238,100,82,18,18
43239,126,123,3,3
43240,113,101,12,12
43241,69,70,-1,1
43242,62,59,3,3
43243,52,70,-18,18
43244,118,112,6,6
43245,59,65,-6,6
43246,40,47,-7,7
43247,93,91,2,2
43248,105,110,-5,5
43249,127,116,11,11
43250,84,90,-6,6
43251,93,102,-9,9
43252,121,126,-5,5
43253,94,96,-2,2
43254,64,64,0,0
43255,109,101,8,8
43256,123,129,-6,6
43257,130,121,9,9
43258,138,131,7,7
43259,67,70,-3,3
43260,99,93,6,6
43261,84,79,5,5
43262,112,122,-10,10
43263,103,101,2,2
43264,60,55,5,5
43265,90,105,-15,15
43266,131,133,-2,2
43267,47,48,-1,1
43268,90,84,6,6
43269,81,80,1,1
43270,84,79,5,5
43271,81,83,-2,2
43272,105,106,-1,1
43273,67,69,-2,2
43274,86,85,1,1
43275,140,142,-2,2
43276,78,68,10,10
43277,96,88,8,8
43278,102,100,2,2
43279,43,47,-4,4
43280,71,81,-10,10
43281,91,93,-2,2
43282,84,81,3,3
43283,125,116,9,9
43284,50,59,-9,9
43285,90,91,-1,1
43286,68,64,4,4
43287,129,119,10,10
43288,133,135,-2,2
43289,72,89,-17,17
43290,150,142,8,8
43291,179,159,20,20
43292,96,90,6,6
43293,72,67,5,5
43294,178,152,26,26
43295,89,83,6,6
43296,129,114,15,15
43297,84,78,6,6
43298,87,81,6,6
43299,82,75,7,7
43300,82,88,-6,6
43301,91,87,4,4
43302,112,113,-1,1
43303,88,92,-4,4
43304,100,105,-5,5
43305,164,151,13,13
43306,89,91,-2,2
43307,72,76,-4,4
43308,111,115,-4,4
43309,123,126,-3,3
43310,163,141,22,22
43311,65,65,0,0
43312,130,131,-1,1
43313,145,138,7,7
43314,92,86,6,6
43315,50,60,-10,10
43316,73,90,-17,17
43317,57,59,-2,2
43318,89,75,14,14
43319,82,77,5,5
43320,67,64,3,3
43321,91,98,-7,7
43322,112,106,6,6
43323,73,71,2,2
43324,64,61,3,3
43325,119,127,-8,8
43326,61,52,9,9
43327,26,30,-4,4
43328,67,68,-1,1
43329,178,158,20,20
43330,97,81,16,16
43331,132,109,23,23
43332,121,121,0,0
43333,143,114,29,29
43334,92,96,-4,4
43335,78,81,-3,3
43336,99,99,0,0
43337,68,66,2,2
43338,61,60,1,1
43339,139,138,1,1
43340,162,154,8,8
43341,86,82,4,4
43342,106,99,7,7
43343,48,47,1,1
43344,125,112,13,13
43345,123,118,5,5
43346,117,110,7,7
43347,229,194,35,35
43348,83,85,-2,2
43349,72,110,-38,38
43350,130,125,5,5
43351,49,51,-2,2
43352,124,118,6,6
43353,123,122,1,1
43354,127,130,-3,3
43355,78,77,1,1
43356,87,109,-22,22
43357,129,114,15,15
43358,97,89,8,8
43359,129,137,-8,8
43360,69,67,2,2
43361,84,83,1,1
43362,122,103,19,19
43363,158,138,20,20
43364,77,82,-5,5
43365,86,94,-8,8
43366,100,101,-1,1
43367,93,97,-4,4
43368,117,106,11,11
43369,139,126,13,13
43370,100,92,8,8
43371,162,147,15,15
43372,68,69,-1,1
43373,68,71,-3,3
43374,85,74,11,11
43375,105,92,13,13
43376,174,152,22,22
43377,85,86,-1,1
43378,108,95,13,13
43379,67,70,-3,3
43380,115,109,6,6
43381,63,63,0,0
43382,107,101,6,6
43383,99,103,-4,4
43384,52,55,-3,3
43385,87,82,5,5
43386,125,91,34,34
43387,64,55,9,9
43388,101,105,-4,4
43389,118,113,5,5
43390,129,123,6,6
43391,100,99,1,1
43392,71,67,4,4
43393,70,78,-8,8
43394,70,74,-4,4
43395,101,81,20,20
43396,71,74,-3,3
43397,70,70,0,0
43398,115,110,5,5
43399,56,55,1,1
43400,106,100,6,6
43401,125,119,6,6
43402,104,100,4,4
43403,84,78,6,6
43404,64,67,-3,3
43405,82,82,0,0
43406,99,102,-3,3
43407,167,157,10,10
43408,107,106,1,1
43409,91,82,9,9
43410,83,85,-2,2
43411,89,77,12,12
43412,92,83,9,9
43413,114,103,11,11
43414,126,100,26,26
43415,133,117,16,16
43416,51,57,-6,6
43417,87,79,8,8
43418,67,66,1,1
43419,67,65,2,2
43420,142,131,11,11
43421,139,119,20,20
43422,125,107,18,18
43423,81,75,6,6
43424,210,184,26,26
43425,113,104,9,9
43426,57,68,-11,11
43427,94,94,0,0
43428,121,95,26,26
43429,107,101,6,6
43430,38,47,-9,9
43431,81,83,-2,2
43432,126,107,19,19
43433,248,235,13,13
43434,92,91,1,1
43435,153,140,13,13
43436,127,125,2,2
43437,45,49,-4,4
43438,81,101,-20,20
43439,164,156,8,8
43440,140,144,-4,4
43441,114,109,5,5
43442,115,111,4,4
43443,87,80,7,7
43444,57,56,1,1
43445,51,43,8,8
43446,95,102,-7,7
43447,33,42,-9,9
43448,128,120,8,8
43449,101,93,8,8
43450,75,76,-1,1
43451,138,126,12,12
43452,136,119,17,17
43453,63,83,-20,20
43454,80,65,15,15
43455,90,100,-10,10
43456,47,43,4,4
43457,96,92,4,4
43458,62,61,1,1
43459,98,91,7,7
43460,140,135,5,5
43461,84,73,11,11
43462,143,142,1,1
43463,84,86,-2,2
43464,151,146,5,5
43465,87,77,10,10
43466,107,112,-5,5
43467,118,105,13,13
43468,60,67,-7,7
43469,82,85,-3,3
43470,167,155,12,12
43471,110,99,11,11
43472,98,94,4,4
43473,83,83,0,0
43474,76,75,1,1
43475,93,98,-5,5
43476,102,97,5,5
43477,76,65,11,11
43478,76,81,-5,5
43479,115,111,4,4
43480,77,81,-4,4
43481,98,94,4,4
43482,149,136,13,13
43483,78,72,6,6
43484,119,114,5,5
43485,121,110,11,11
43486,46,75,-29,29
43487,67,76,-9,9
43488,129,113,16,16
43489,114,115,-1,1
43490,73,73,0,0
43491,118,114,4,4
43492,90,90,0,0
43493,165,155,10,10
43494,147,141,6,6
43495,52,42,10,10
43496,111,121,-10,10
43497,160,139,21,21
43498,88,91,-3,3
43499,105,102,3,3
43500,105,92,13,13
43501,90,89,1,1
43502,120,120,0,0
43503,89,69,20,20
43504,79,78,1,1
43505,82,88,-6,6
43506,122,120,2,2
43507,96,90,6,6
43508,48,55,-7,7
43509,70,68,2,2
43510,65,75,-10,10
43511,78,79,-1,1
43512,133,125,8,8
43513,48,49,-1,1
43514,90,88,2,2
43515,54,60,-6,6
43516,104,89,15,15
43517,91,80,11,11
43518,112,105,7,7
43519,63,66,-3,3
43520,113,105,8,8
43521,99,83,16,16
43522,100,95,5,5
43523,69,71,-2,2
43524,122,112,10,10
43525,84,85,-1,1
43526,119,102,17,17
43527,103,92,11,11
43528,91,103,-12,12
43529,55,59,-4,4
43530,64,66,-2,2
43531,87,84,3,3
43532,220,199,21,21
43533,85,86,-1,1
43534,63,66,-3,3
43535,64,63,1,1
43536,109,116,-7,7
43537,80,76,4,4
43538,91,86,5,5
43539,146,143,3,3
43540,125,120,5,5
43541,130,130,0,0
43542,127,136,-9,9
43543,113,101,12,12
43544,125,122,3,3
43545,84,83,1,1
43546,111,107,4,4
43547,138,125,13,13
43548,47,49,-2,2
43549,75,84,-9,9
43550,98,104,-6,6
43551,163,152,11,11
43552,140,123,17,17
43553,50,45,5,5
43554,77,74,3,3
43555,64,59,5,5
43556,76,73,3,3
43557,108,102,6,6
43558,53,47,6,6
43559,65,73,-8,8
43560,197,181,16,16
43561,182,166,16,16
43562,71,70,1,1
43563,134,112,22,22
43564,126,111,15,15
43565,54,58,-4,4
43566,132,135,-3,3
43567,86,79,7,7
43568,106,104,2,2
43569,53,56,-3,3
43570,87,86,1,1
43571,80,80,0,0
43572,150,148,2,2
43573,49,47,2,2
43574,137,99,38,38
43575,51,54,-3,3
43576,90,79,11,11
43577,125,120,5,5
43578,110,112,-2,2
43579,112,112,0,0
43580,51,52,-1,1
43581,105,92,13,13
43582,110,110,0,0
43583,93,96,-3,3
43584,169,156,13,13
43585,97,80,17,17
43586,97,78,19,19
43587,89,90,-1,1
43588,75,77,-2,2
43589,119,114,5,5
43590,93,96,-3,3
43591,53,53,0,0
43592,121,97,24,24
43593,61,79,-18,18
43594,98,101,-3,3
43595,92,91,1,1
43596,63,59,4,4
43597,101,84,17,17
43598,180,161,19,19
43599,70,67,3,3
43600,66,67,-1,1
43601,121,187,-66,66
43602,100,95,5,5
43603,151,144,7,7
43604,44,64,-20,20
43605,93,91,2,2
43606,79,71,8,8
43607,133,117,16,16
43608,51,51,0,0
43609,111,109,2,2
43610,83,82,1,1
43611,93,96,-3,3
43612,78,69,9,9
43613,75,72,3,3
43614,133,130,3,3
43615,128,113,15,15
43616,98,101,-3,3
43617,137,118,19,19
43618,79,84,-5,5
43619,90,84,6,6
43620,62,66,-4,4
43621,170,166,4,4
43622,123,119,4,4
43623,57,63,-6,6
43624,87,95,-8,8
43625,35,47,-12,12
43626,76,85,-9,9
43627,95,83,12,12
43628,63,62,1,1
43629,74,68,6,6
43630,125,128,-3,3
43631,115,112,3,3
43632,63,63,0,0
43633,141,132,9,9
43634,78,77,1,1
43635,71,72,-1,1
43636,90,86,4,4
43637,235,219,16,16
43638,118,104,14,14
43639,65,69,-4,4
43640,98,88,10,10
43641,97,103,-6,6
43642,48,55,-7,7
43643,110,107,3,3
43644,96,92,4,4
43645,119,110,9,9
43646,141,133,8,8
43647,80,80,0,0
43648,88,105,-17,17
43649,93,89,4,4
43650,141,136,5,5
43651,59,77,-18,18
43652,98,95,3,3
43653,66,75,-9,9
43654,91,90,1,1
43655,90,87,3,3
43656,111,105,6,6
43657,96,92,4,4
43658,103,96,7,7
43659,59,57,2,2
43660,68,70,-2,2
43661,73,70,3,3
43662,60,65,-5,5
43663,75,91,-16,16
43664,65,68,-3,3
43665,91,90,1,1
43666,53,67,-14,14
43667,97,97,0,0
43668,66,61,5,5
43669,94,93,1,1
43670,97,92,5,5
43671,81,81,0,0
43672,134,125,9,9
43673,96,98,-2,2
43674,115,114,1,1
43675,51,71,-20,20
43676,75,78,-3,3
43677,157,140,17,17
43678,86,88,-2,2
43679,147,143,4,4
43680,85,84,1,1
43681,88,93,-5,5
43682,46,50,-4,4
43683,119,114,5,5
43684,109,95,14,14
43685,142,140,2,2
43686,95,98,-3,3
43687,93,97,-4,4
43688,79,76,3,3
43689,142,134,8,8
43690,83,85,-2,2
43691,93,89,4,4
43692,149,110,39,39
43693,114,99,15,15
43694,99,88,11,11
43695,125,122,3,3
43696,116,90,26,26
43697,131,132,-1,1
43698,103,97,6,6
43699,79,71,8,8
43700,171,161,10,10
43701,69,76,-7,7
43702,78,87,-9,9
43703,67,80,-13,13
43704,82,80,2,2
43705,110,112,-2,2
43706,171,157,14,14
43707,46,45,1,1
43708,60,63,-3,3
43709,179,158,21,21
43710,68,73,-5,5
43711,66,63,3,3
43712,67,67,0,0
43713,87,103,-16,16
43714,61,65,-4,4
43715,61,68,-7,7
43716,122,124,-2,2
43717,96,94,2,2
43718,106,91,15,15
43719,54,55,-1,1
43720,76,77,-1,1
43721,111,112,-1,1
43722,44,47,-3,3
43723,163,155,8,8
43724,71,61,10,10
43725,74,73,1,1
43726,97,97,0,0
43727,134,124,10,10
43728,82,75,7,7
43729,79,96,-17,17
43730,138,119,19,19
43731,82,96,-14,14
43732,152,146,6,6
43733,111,108,3,3
43734,123,112,11,11
43735,77,69,8,8
43736,146,131,15,15
43737,82,82,0,0
43738,69,71,-2,2
43739,91,95,-4,4
43740,166,149,17,17
43741,53,52,1,1
43742,71,66,5,5
43743,84,81,3,3
43744,68,71,-3,3
43745,94,101,-7,7
43746,101,129,-28,28
43747,106,99,7,7
43748,93,88,5,5
43749,69,70,-1,1
43750,136,119,17,17
43751,90,88,2,2
43752,87,76,11,11
43753,64,59,5,5
43754,62,99,-37,37
43755,77,82,-5,5
43756,47,66,-19,19
43757,122,118,4,4
43758,67,71,-4,4
43759,87,95,-8,8
43760,84,72,12,12
43761,68,69,-1,1
43762,60,65,-5,5
43763,75,76,-1,1
43764,90,82,8,8
43765,69,83,-14,14
43766,77,73,4,4
43767,82,77,5,5
43768,127,122,5,5
43769,58,63,-5,5
43770,151,140,11,11
43771,125,128,-3,3
43772,114,108,6,6
43773,106,108,-2,2
43774,85,86,-1,1
43775,92,87,5,5
43776,70,67,3,3
43777,124,120,4,4
43778,97,101,-4,4
43779,71,77,-6,6
43780,146,144,2,2
43781,93,92,1,1
43782,91,84,7,7
43783,63,61,2,2
43784,60,60,0,0
43785,84,96,-12,12
43786,192,187,5,5
43787,93,84,9,9
43788,133,117,16,16
43789,95,90,5,5
43790,65,61,4,4
43791,81,91,-10,10
43792,107,109,-2,2
43793,131,117,14,14
43794,130,129,1,1
43795,68,62,6,6
43796,77,79,-2,2
43797,112,114,-2,2
43798,67,73,-6,6
43799,91,88,3,3
43800,90,83,7,7
43801,125,122,3,3
43802,69,65,4,4
43803,106,103,3,3
43804,110,97,13,13
43805,65,68,-3,3
43806,87,90,-3,3
43807,60,53,7,7
43808,91,84,7,7
43809,153,133,20,20
43810,95,91,4,4
43811,150,135,15,15
43812,61,67,-6,6
43813,169,173,-4,4
43814,76,75,1,1
43815,93,93,0,0
43816,75,69,6,6
43817,76,84,-8,8
43818,85,98,-13,13
43819,63,71,-8,8
43820,86,88,-2,2
43821,111,100,11,11
43822,81,77,4,4
43823,225,170,55,55
43824,49,42,7,7
43825,90,91,-1,1
43826,67,66,1,1
43827,109,111,-2,2
43828,103,90,13,13
43829,73,67,6,6
43830,137,130,7,7
43831,93,94,-1,1
43832,68,68,0,0
43833,82,96,-14,14
43834,66,71,-5,5
43835,110,91,19,19
43836,170,169,1,1
43837,104,98,6,6
43838,73,77,-4,4
43839,137,122,15,15
43840,55,53,2,2
43841,52,58,-6,6
43842,95,85,10,10
43843,48,49,-1,1
43844,67,76,-9,9
43845,64,65,-1,1
43846,71,72,-1,1
43847,77,75,2,2
43848,66,60,6,6
43849,78,76,2,2
43850,71,74,-3,3
43851,117,114,3,3
43852,83,72,11,11
43853,43,46,-3,3
43854,100,88,12,12
43855,50,56,-6,6
43856,140,138,2,2
43857,86,98,-12,12
43858,63,65,-2,2
43859,91,90,1,1
43860,113,105,8,8
43861,63,64,-1,1
43862,61,57,4,4
43863,78,83,-5,5
43864,34,49,-15,15
43865,90,99,-9,9
43866,47,41,6,6
43867,64,73,-9,9
43868,58,65,-7,7
43869,116,116,0,0
43870,117,113,4,4
43871,84,90,-6,6
43872,105,104,1,1
43873,86,84,2,2
43874,68,69,-1,1
43875,131,136,-5,5
43876,77,79,-2,2
43877,76,69,7,7
43878,117,105,12,12
43879,97,91,6,6
43880,123,117,6,6
43881,98,101,-3,3
43882,71,68,3,3
43883,127,115,12,12
43884,56,55,1,1
43885,122,108,14,14
43886,49,58,-9,9
43887,60,65,-5,5
43888,115,105,10,10
43889,78,82,-4,4
43890,46,51,-5,5
43891,119,114,5,5
43892,129,141,-12,12
43893,66,64,2,2
43894,142,136,6,6
43895,79,78,1,1
43896,71,78,-7,7
43897,144,134,10,10
43898,106,108,-2,2
43899,77,77,0,0
43900,74,78,-4,4
43901,69,68,1,1
43902,88,81,7,7
43903,59,55,4,4
43904,123,118,5,5
43905,54,55,-1,1
43906,43,51,-8,8
43907,155,130,25,25
43908,68,69,-1,1
43909,131,127,4,4
43910,146,138,8,8
43911,102,83,19,19
43912,80,79,1,1
43913,57,65,-8,8
43914,81,77,4,4
43915,104,112,-8,8
43916,39,41,-2,2
43917,78,78,0,0
43918,112,104,8,8
43919,44,82,-38,38
43920,79,75,4,4
43921,132,128,4,4
43922,117,122,-5,5
43923,80,84,-4,4
43924,88,74,14,14
43925,61,61,0,0
43926,57,48,9,9
43927,123,119,4,4
43928,60,65,-5,5
43929,113,102,11,11
43930,64,68,-4,4
43931,101,90,11,11
43932,143,138,5,5
43933,71,77,-6,6
43934,80,70,10,10
43935,70,68,2,2
43936,45,48,-3,3
43937,44,53,-9,9
43938,92,84,8,8
43939,67,70,-3,3
43940,63,53,10,10
43941,139,131,8,8
43942,127,115,12,12
43943,69,66,3,3
43944,136,127,9,9
43945,109,112,-3,3
43946,120,114,6,6
43947,63,66,-3,3
43948,50,55,-5,5
43949,97,90,7,7
43950,103,92,11,11
43951,89,83,6,6
43952,85,79,6,6
43953,173,162,11,11
43954,128,125,3,3
43955,171,166,5,5
43956,49,48,1,1
43957,99,82,17,17
43958,129,132,-3,3
43959,85,85,0,0
43960,102,97,5,5
43961,124,119,5,5
43962,122,106,16,16
43963,137,128,9,9
43964,89,92,-3,3
43965,51,51,0,0
43966,81,97,-16,16
43967,88,76,12,12
43968,76,82,-6,6
43969,111,112,-1,1
43970,86,86,0,0
43971,131,121,10,10
43972,23,33,-10,10
43973,109,105,4,4
43974,84,80,4,4
43975,101,100,1,1
43976,139,132,7,7
43977,58,66,-8,8
43978,71,73,-2,2
43979,95,78,17,17
43980,70,64,6,6
43981,65,71,-6,6
43982,95,89,6,6
43983,109,99,10,10
43984,57,58,-1,1
43985,103,98,5,5
43986,184,158,26,26
43987,80,77,3,3
43988,103,103,0,0
43989,94,120,-26,26
43990,62,59,3,3
43991,110,89,21,21
43992,109,109,0,0
43993,47,49,-2,2
43994,107,108,-1,1
43995,184,157,27,27
43996,122,129,-7,7
43997,155,154,1,1
43998,66,72,-6,6
43999,63,63,0,0
44000,104,115,-11,11
44001,100,86,14,14
44002,82,98,-16,16
44003,162,156,6,6
44004,122,122,0,0
44005,78,130,-52,52
44006,71,65,6,6
44007,131,110,21,21
44008,113,101,12,12
44009,84,88,-4,4
44010,65,65,0,0
44011,81,82,-1,1
44012,93,79,14,14
44013,67,66,1,1
44014,148,130,18,18
44015,72,74,-2,2
44016,106,95,11,11
44017,79,87,-8,8
44018,113,111,2,2
44019,66,62,4,4
44020,68,66,2,2
44021,63,60,3,3
44022,81,96,-15,15
44023,117,109,8,8
44024,70,104,-34,34
44025,78,77,1,1
44026,165,169,-4,4
44027,40,39,1,1
44028,85,88,-3,3
44029,73,105,-32,32
44030,104,95,9,9
44031,129,112,17,17
44032,116,101,15,15
44033,115,105,10,10
44034,82,78,4,4
44035,84,85,-1,1
44036,82,87,-5,5
44037,29,61,-32,32
44038,64,75,-11,11
44039,66,55,11,11
44040,114,108,6,6
44041,146,127,19,19
44042,65,60,5,5
44043,42,44,-2,2
44044,157,154,3,3
44045,89,82,7,7
44046,116,129,-13,13
44047,54,56,-2,2
44048,77,74,3,3
44049,79,81,-2,2
44050,137,133,4,4
44051,67,64,3,3
44052,105,111,-6,6
44053,149,120,29,29
44054,57,61,-4,4
44055,104,110,-6,6
44056,89,95,-6,6
44057,82,85,-3,3
44058,106,119,-13,13
44059,191,176,15,15
44060,87,82,5,5
44061,58,56,2,2
44062,114,108,6,6
44063,114,117,-3,3
44064,118,104,14,14
44065,159,148,11,11
44066,58,53,5,5
44067,95,91,4,4
44068,74,75,-1,1
44069,135,117,18,18
44070,134,128,6,6
44071,87,79,8,8
44072,130,112,18,18
44073,119,113,6,6
44074,142,132,10,10
44075,152,145,7,7
44076,105,99,6,6
44077,63,64,-1,1
44078,92,92,0,0
44079,75,70,5,5
44080,96,94,2,2
44081,75,69,6,6
44082,56,54,2,2
44083,72,67,5,5
44084,89,104,-15,15
44085,58,62,-4,4
44086,76,74,2,2
44087,90,102,-12,12
44088,73,80,-7,7
44089,78,77,1,1
44090,110,116,-6,6
44091,174,146,28,28
44092,104,88,16,16
44093,94,95,-1,1
44094,165,148,17,17
44095,107,94,13,13
44096,78,76,2,2
44097,90,85,5,5
44098,124,115,9,9
44099,129,114,15,15
44100,66,67,-1,1
44101,73,77,-4,4
44102,139,135,4,4
44103,72,78,-6,6
44104,140,130,10,10
44105,93,98,-5,5
44106,135,123,12,12
44107,56,58,-2,2
44108,76,71,5,5
44109,102,100,2,2
44110,102,99,3,3
44111,130,122,8,8
44112,152,148,4,4
44113,76,72,4,4
44114,178,175,3,3
44115,85,74,11,11
44116,78,72,6,6
44117,97,113,-16,16
44118,113,116,-3,3
44119,81,86,-5,5
44120,65,75,-10,10
44121,42,43,-1,1
44122,72,81,-9,9
44123,115,108,7,7
44124,80,84,-4,4
44125,39,44,-5,5
44126,85,78,7,7
44127,101,92,9,9
44128,158,153,5,5
44129,91,92,-1,1
44130,68,67,1,1
44131,112,116,-4,4
44132,161,155,6,6
44133,147,152,-5,5
44134,63,68,-5,5
44135,60,72,-12,12
44136,84,83,1,1
44137,112,108,4,4
44138,129,115,14,14
44139,136,133,3,3
44140,130,122,8,8
44141,74,74,0,0
44142,111,109,2,2
44143,118,116,2,2
44144,60,58,2,2
44145,59,69,-10,10
44146,90,89,1,1
44147,72,77,-5,5
44148,118,114,4,4
44149,63,64,-1,1
44150,91,87,4,4
44151,106,107,-1,1
44152,89,82,7,7
44153,111,109,2,2
44154,131,123,8,8
44155,85,90,-5,5
44156,97,98,-1,1
44157,41,44,-3,3
44158,104,102,2,2
44159,137,137,0,0
44160,110,100,10,10
44161,50,76,-26,26
44162,143,124,19,19
44163,110,102,8,8
44164,79,79,0,0
44165,79,82,-3,3
44166,71,76,-5,5
44167,116,114,2,2
44168,89,86,3,3
44169,85,87,-2,2
44170,62,68,-6,6
44171,105,91,14,14
44172,110,111,-1,1
44173,68,74,-6,6
44174,125,121,4,4
44175,120,112,8,8
44176,118,111,7,7
44177,63,62,1,1
44178,42,43,-1,1
44179,49,50,-1,1
44180,96,91,5,5
44181,107,103,4,4
44182,108,109,-1,1
44183,94,91,3,3
44184,89,85,4,4
44185,117,112,5,5
44186,120,120,0,0
44187,71,70,1,1
44188,71,75,-4,4
44189,58,62,-4,4
44190,90,100,-10,10
44191,118,106,12,12
44192,43,65,-22,22
44193,78,74,4,4
44194,159,145,14,14
44195,99,107,-8,8
44196,92,94,-2,2
44197,148,130,18,18
44198,97,85,12,12
44199,84,88,-4,4
44200,45,43,2,2
44201,63,66,-3,3
44202,117,111,6,6
44203,122,115,7,7
44204,115,105,10,10
44205,110,101,9,9
44206,114,103,11,11
44207,71,71,0,0
44208,132,136,-4,4
44209,73,70,3,3
44210,137,127,10,10
44211,79,75,4,4
44212,79,68,11,11
44213,106,104,2,2
44214,99,90,9,9
44215,77,97,-20,20
44216,127,126,1,1
44217,96,87,9,9
44218,66,64,2,2
44219,63,64,-1,1
44220,95,95,0,0
44221,97,89,8,8
44222,42,43,-1,1
44223,60,47,13,13
44224,59,67,-8,8
44225,66,63,3,3
44226,140,100,40,40
44227,64,66,-2,2
44228,72,71,1,1
44229,85,82,3,3
44230,119,96,23,23
44231,99,91,8,8
44232,133,122,11,11
44233,75,78,-3,3
44234,66,64,2,2
44235,102,93,9,9
44236,63,68,-5,5
44237,133,123,10,10
44238,144,137,7,7
44239,141,121,20,20
44240,97,103,-6,6
44241,90,92,-2,2
44242,124,122,2,2
44243,123,122,1,1
44244,191,167,24,24
44245,62,58,4,4
44246,58,67,-9,9
44247,98,89,9,9
44248,113,109,4,4
44249,107,96,11,11
44250,106,103,3,3
44251,95,89,6,6
44252,144,134,10,10
44253,50,49,1,1
44254,195,168,27,27
44255,122,99,23,23
44256,97,77,20,20
44257,71,58,13,13
44258,153,138,15,15
44259,67,70,-3,3
44260,51,55,-4,4
44261,65,70,-5,5
44262,78,77,1,1
44263,87,82,5,5
44264,72,76,-4,4
44265,81,80,1,1
44266,149,141,8,8
44267,119,103,16,16
44268,102,88,14,14
44269,93,87,6,6
44270,116,111,5,5
44271,125,120,5,5
44272,138,129,9,9
44273,75,82,-7,7
44274,100,97,3,3
44275,107,93,14,14
44276,91,113,-22,22
44277,135,128,7,7
44278,47,55,-8,8
44279,95,84,11,11
44280,88,96,-8,8
44281,71,66,5,5
44282,110,122,-12,12
44283,108,105,3,3
44284,49,63,-14,14
44285,48,51,-3,3
44286,93,93,0,0
44287,94,93,1,1
44288,140,132,8,8
44289,68,70,-2,2
44290,79,84,-5,5
44291,147,139,8,8
44292,107,95,12,12
44293,77,72,5,5
44294,87,85,2,2
44295,183,174,9,9
44296,123,109,14,14
44297,143,130,13,13
44298,94,91,3,3
44299,96,86,10,10
44300,85,90,-5,5
44301,112,110,2,2
44302,82,82,0,0
44303,103,98,5,5
44304,98,96,2,2
44305,104,103,1,1
44306,81,74,7,7
44307,57,58,-1,1
44308,113,125,-12,12
44309,80,78,2,2
44310,117,110,7,7
44311,68,63,5,5
44312,76,77,-1,1
44313,69,79,-10,10
44314,86,91,-5,5
44315,107,92,15,15
44316,63,55,8,8
44317,127,121,6,6
44318,87,85,2,2
44319,82,81,1,1
44320,92,86,6,6
44321,78,78,0,0
44322,117,110,7,7
44323,93,101,-8,8
44324,116,115,1,1
44325,51,57,-6,6
44326,80,76,4,4
44327,126,126,0,0
44328,48,62,-14,14
44329,183,176,7,7
44330,61,62,-1,1
44331,128,127,1,1
44332,95,84,11,11
44333,107,91,16,16
44334,87,90,-3,3
44335,136,132,4,4
44336,49,49,0,0
44337,77,70,7,7
44338,114,107,7,7
44339,139,122,17,17
44340,90,91,-1,1
44341,164,171,-7,7
44342,124,131,-7,7
44343,115,115,0,0
44344,111,104,7,7
44345,144,136,8,8
44346,72,79,-7,7
44347,121,111,10,10
44348,131,117,14,14
44349,99,108,-9,9
44350,55,62,-7,7
44351,125,111,14,14
44352,43,43,0,0
44353,75,70,5,5
44354,71,68,3,3
44355,62,64,-2,2
44356,86,82,4,4
44357,78,76,2,2
44358,101,97,4,4
44359,81,80,1,1
44360,144,128,16,16
44361,121,106,15,15
44362,84,81,3,3
44363,91,84,7,7
44364,108,122,-14,14
44365,84,83,1,1
44366,96,87,9,9
44367,130,126,4,4
44368,53,51,2,2
44369,111,118,-7,7
44370,65,57,8,8
44371,138,123,15,15
44372,39,40,-1,1
44373,54,63,-9,9
44374,48,47,1,1
44375,62,61,1,1
44376,110,106,4,4
44377,88,90,-2,2
44378,92,83,9,9
44379,124,115,9,9
44380,86,86,0,0
44381,89,97,-8,8
44382,96,99,-3,3
44383,50,52,-2,2
44384,92,82,10,10
44385,70,70,0,0
44386,101,98,3,3
44387,143,133,10,10
44388,128,134,-6,6
44389,83,84,-1,1
44390,59,59,0,0
44391,131,119,12,12
44392,79,72,7,7
44393,66,64,2,2
44394,110,102,8,8
44395,99,91,8,8
44396,100,103,-3,3
44397,92,88,4,4
44398,115,102,13,13
44399,87,79,8,8
44400,105,90,15,15
44401,77,76,1,1
44402,93,93,0,0
44403,124,120,4,4
44404,71,76,-5,5
44405,68,69,-1,1
44406,107,112,-5,5
44407,130,126,4,4
44408,32,41,-9,9
44409,96,103,-7,7
44410,82,77,5,5
44411,73,70,3,3
44412,57,75,-18,18
44413,60,63,-3,3
44414,61,64,-3,3
44415,127,109,18,18
44416,67,64,3,3
44417,148,134,14,14
44418,111,102,9,9
44419,119,105,14,14
44420,86,75,11,11
44421,88,84,4,4
44422,68,64,4,4
44423,65,69,-4,4
44424,64,69,-5,5
44425,158,127,31,31
44426,144,122,22,22
44427,91,89,2,2
44428,63,64,-1,1
44429,88,90,-2,2
44430,122,104,18,18
44431,51,52,-1,1
44432,124,128,-4,4
44433,118,99,19,19
44434,49,46,3,3
44435,94,84,10,10
44436,69,63,6,6
44437,168,154,14,14
44438,79,83,-4,4
44439,70,74,-4,4
44440,199,190,9,9
44441,43,51,-8,8
44442,85,88,-3,3
44443,51,50,1,1
44444,135,125,10,10
44445,57,75,-18,18
44446,191,190,1,1
44447,94,98,-4,4
44448,109,111,-2,2
44449,76,74,2,2
44450,175,169,6,6
44451,126,127,-1,1
44452,143,130,13,13
44453,101,98,3,3
44454,50,76,-26,26
44455,84,85,-1,1
44456,94,88,6,6
44457,110,106,4,4
44458,170,140,30,30
44459,149,135,14,14
44460,94,95,-1,1
44461,102,101,1,1
44462,118,124,-6,6
44463,112,112,0,0
44464,108,105,3,3
44465,58,63,-5,5
44466,39,105,-66,66
44467,112,104,8,8
44468,107,115,-8,8
44469,61,63,-2,2
44470,99,95,4,4
44471,62,72,-10,10
44472,119,105,14,14
44473,105,94,11,11
44474,93,84,9,9
44475,109,103,6,6
44476,132,120,12,12
44477,83,101,-18,18
44478,46,47,-1,1
44479,170,156,14,14
44480,217,183,34,34
44481,119,113,6,6
44482,140,148,-8,8
44483,106,100,6,6
44484,100,96,4,4
44485,61,60,1,1
44486,111,124,-13,13
44487,117,99,18,18
44488,68,77,-9,9
44489,94,90,4,4
44490,74,70,4,4
44491,109,112,-3,3
44492,98,112,-14,14
44493,103,93,10,10
44494,78,88,-10,10
44495,80,80,0,0
44496,83,82,1,1
44497,76,82,-6,6
44498,110,103,7,7
44499,152,139,13,13
44500,81,71,10,10
44501,133,130,3,3
44502,66,62,4,4
44503,102,95,7,7
44504,102,102,0,0
44505,53,54,-1,1
44506,139,132,7,7
44507,133,121,12,12
44508,57,59,-2,2
44509,61,55,6,6
44510,116,103,13,13
44511,97,95,2,2
44512,187,159,28,28
44513,62,61,1,1
44514,102,97,5,5
44515,62,70,-8,8
44516,48,44,4,4
44517,108,110,-2,2
44518,68,64,4,4
44519,112,109,3,3
44520,154,139,15,15
44521,76,74,2,2
44522,110,108,2,2
44523,89,89,0,0
44524,128,122,6,6
44525,61,69,-8,8
44526,60,67,-7,7
44527,143,137,6,6
44528,107,110,-3,3
44529,76,67,9,9
44530,79,80,-1,1
44531,65,64,1,1
44532,104,102,2,2
44533,145,135,10,10
44534,86,74,12,12
44535,83,80,3,3
44536,88,98,-10,10
44537,178,163,15,15
44538,116,120,-4,4
44539,105,119,-14,14
44540,72,76,-4,4
44541,77,76,1,1
44542,56,65,-9,9
44543,109,93,16,16
44544,45,47,-2,2
44545,106,97,9,9
44546,42,44,-2,2
44547,118,118,0,0
44548,102,93,9,9
44549,47,70,-23,23
44550,70,69,1,1
44551,103,100,3,3
44552,123,125,-2,2
44553,170,165,5,5
44554,124,128,-4,4
44555,98,98,0,0
44556,57,66,-9,9
44557,122,126,-4,4
44558,59,55,4,4
44559,107,96,11,11
44560,73,67,6,6
44561,65,64,1,1
44562,53,48,5,5
44563,152,140,12,12
44564,81,73,8,8
44565,87,78,9,9
44566,77,73,4,4
44567,129,130,-1,1
44568,165,156,9,9
44569,111,108,3,3
44570,108,108,0,0
44571,67,72,-5,5
44572,78,76,2,2
44573,105,94,11,11
44574,72,69,3,3
44575,75,83,-8,8
44576,85,78,7,7
44577,57,56,1,1
44578,115,121,-6,6
44579,74,73,1,1
44580,170,157,13,13
44581,90,93,-3,3
44582,85,87,-2,2
44583,65,71,-6,6
44584,45,45,0,0
44585,160,133,27,27
44586,160,140,20,20
44587,99,102,-3,3
44588,62,71,-9,9
44589,121,122,-1,1
44590,129,116,13,13
44591,98,100,-2,2
44592,104,99,5,5
44593,69,68,1,1
44594,75,70,5,5
44595,95,88,7,7
44596,118,116,2,2
44597,94,131,-37,37
44598,100,101,-1,1
44599,129,115,14,14
44600,118,116,2,2
44601,57,153,-96,96
44602,68,67,1,1
44603,123,120,3,3
44604,93,84,9,9
44605,53,62,-9,9
44606,92,86,6,6
44607,78,79,-1,1
44608,175,140,35,35
44609,115,125,-10,10
44610,70,75,-5,5
44611,161,138,23,23
44612,61,65,-4,4
44613,64,64,0,0
44614,86,89,-3,3
44615,84,81,3,3
44616,152,120,32,32
44617,116,108,8,8
44618,53,56,-3,3
44619,57,59,-2,2
44620,68,75,-7,7
44621,178,164,14,14
44622,93,84,9,9
44623,120,112,8,8
44624,136,130,6,6
44625,39,46,-7,7
44626,102,92,10,10
44627,167,168,-1,1
44628,65,62,3,3
44629,50,64,-14,14
44630,80,78,2,2
44631,126,123,3,3
44632,67,66,1,1
44633,59,70,-11,11
44634,116,109,7,7
44635,95,95,0,0
44636,57,55,2,2
44637,75,80,-5,5
44638,99,95,4,4
44639,94,93,1,1
44640,65,63,2,2
44641,90,87,3,3
44642,126,113,13,13
44643,86,93,-7,7
44644,103,99,4,4
44645,92,102,-10,10
44646,120,113,7,7
44647,86,80,6,6
44648,19,26,-7,7
44649,138,128,10,10
44650,86,84,2,2
44651,126,119,7,7
44652,103,98,5,5
44653,89,84,5,5
44654,71,71,0,0
44655,63,58,5,5
44656,76,77,-1,1
44657,154,141,13,13
44658,64,68,-4,4
44659,73,72,1,1
44660,61,65,-4,4
44661,57,67,-10,10
44662,142,142,0,0
44663,193,180,13,13
44664,58,72,-14,14
44665,89,95,-6,6
44666,88,86,2,2
44667,121,112,9,9
44668,110,104,6,6
44669,116,104,12,12
44670,100,90,10,10
44671,62,60,2,2
44672,100,102,-2,2
44673,146,122,24,24
44674,33,35,-2,2
44675,105,105,0,0
44676,93,87,6,6
44677,48,58,-10,10
44678,74,75,-1,1
44679,55,58,-3,3
44680,77,71,6,6
44681,83,75,8,8
44682,162,148,14,14
44683,59,60,-1,1
44684,196,183,13,13
44685,95,86,9,9
44686,64,60,4,4
44687,107,107,0,0
44688,163,149,14,14
44689,78,74,4,4
44690,66,75,-9,9
44691,62,73,-11,11
44692,109,97,12,12
44693,77,76,1,1
44694,125,114,11,11
44695,103,94,9,9
44696,81,78,3,3
44697,50,52,-2,2
44698,116,128,-12,12
44699,70,79,-9,9
44700,68,64,4,4
44701,96,87,9,9
44702,155,129,26,26
44703,128,129,-1,1
44704,75,75,0,0
44705,116,108,8,8
44706,88,84,4,4
44707,100,88,12,12
44708,73,74,-1,1
44709,140,140,0,0
44710,106,102,4,4
44711,87,87,0,0
44712,78,87,-9,9
44713,92,84,8,8
44714,109,99,10,10
44715,69,74,-5,5
44716,174,161,13,13
44717,60,57,3,3
44718,61,58,3,3
44719,59,65,-6,6
44720,124,117,7,7
44721,85,82,3,3
44722,136,108,28,28
44723,118,120,-2,2
44724,81,82,-1,1
44725,80,78,2,2
44726,69,67,2,2
44727,60,64,-4,4
44728,63,66,-3,3
44729,46,43,3,3
44730,61,60,1,1
44731,65,76,-11,11
44732,104,104,0,0
44733,144,129,15,15
44734,73,90,-17,17
44735,77,79,-2,2
44736,96,93,3,3
44737,71,82,-11,11
44738,74,76,-2,2
44739,60,65,-5,5
44740,80,81,-1,1
44741,74,79,-5,5
44742,168,147,21,21
44743,145,132,13,13
44744,86,91,-5,5
44745,137,132,5,5
44746,121,114,7,7
44747,91,78,13,13
44748,68,67,1,1
44749,78,71,7,7
44750,84,86,-2,2
44751,150,135,15,15
44752,103,90,13,13
44753,79,79,0,0
44754,63,70,-7,7
44755,70,67,3,3
44756,229,200,29,29
44757,130,138,-8,8
44758,81,84,-3,3
44759,112,98,14,14
44760,134,112,22,22
44761,82,80,2,2
44762,152,200,-48,48
44763,90,95,-5,5
44764,105,110,-5,5
44765,138,131,7,7
44766,95,92,3,3
44767,86,80,6,6
44768,91,81,10,10
44769,58,73,-15,15
44770,130,114,16,16
44771,154,136,18,18
44772,69,71,-2,2
44773,158,131,27,27
44774,136,127,9,9
44775,56,62,-6,6
44776,86,81,5,5
44777,49,54,-5,5
44778,138,129,9,9
44779,100,94,6,6
44780,146,139,7,7
44781,56,53,3,3
44782,79,78,1,1
44783,53,50,3,3
44784,59,54,5,5
44785,64,61,3,3
44786,108,97,11,11
44787,66,66,0,0
44788,117,112,5,5
44789,60,57,3,3
44790,51,49,2,2
44791,104,95,9,9
44792,92,106,-14,14
44793,87,78,9,9
44794,84,100,-16,16
44795,155,144,11,11
44796,100,98,2,2
44797,43,47,-4,4
44798,72,61,11,11
44799,124,128,-4,4
44800,116,133,-17,17
44801,159,138,21,21
44802,91,99,-8,8
44803,71,64,7,7
44804,158,147,11,11
44805,71,70,1,1
44806,102,96,6,6
44807,117,108,9,9
44808,94,93,1,1
44809,79,86,-7,7
44810,51,53,-2,2
44811,63,62,1,1
44812,55,55,0,0
44813,152,125,27,27
44814,78,64,14,14
44815,54,55,-1,1
44816,80,77,3,3
44817,59,59,0,0
44818,84,82,2,2
44819,110,100,10,10
44820,124,108,16,16
44821,92,77,15,15
44822,126,123,3,3
44823,130,115,15,15
44824,89,88,1,1
44825,109,102,7,7
44826,87,92,-5,5
44827,75,66,9,9
44828,225,210,15,15
44829,182,176,6,6
44830,82,83,-1,1
44831,54,62,-8,8
44832,187,165,22,22
44833,128,131,-3,3
44834,87,76,11,11
44835,92,82,10,10
44836,58,69,-11,11
44837,63,59,4,4
44838,100,90,10,10
44839,102,108,-6,6
44840,46,53,-7,7
44841,89,98,-9,9
44842,61,55,6,6
44843,134,131,3,3
44844,69,69,0,0
44845,118,112,6,6
44846,153,143,10,10
44847,115,109,6,6
44848,88,83,5,5
44849,91,88,3,3
44850,51,55,-4,4
44851,68,78,-10,10
44852,155,138,17,17
44853,52,53,-1,1
44854,71,71,0,0
44855,100,95,5,5
44856,81,74,7,7
44857,168,150,18,18
44858,80,74,6,6
44859,83,77,6,6
44860,90,92,-2,2
44861,99,93,6,6
44862,45,45,0,0
44863,110,105,5,5
44864,118,99,19,19
44865,98,93,5,5
44866,162,147,15,15
44867,54,52,2,2
44868,80,80,0,0
44869,91,81,10,10
44870,81,69,12,12
44871,89,85,4,4
44872,58,56,2,2
44873,194,196,-2,2
44874,78,80,-2,2
44875,63,60,3,3
44876,61,59,2,2
44877,98,94,4,4
44878,95,92,3,3
44879,97,86,11,11
44880,96,106,-10,10
44881,89,83,6,6
44882,154,141,13,13
44883,51,51,0,0
44884,117,95,22,22
44885,42,50,-8,8
44886,92,85,7,7
44887,91,90,1,1
44888,162,163,-1,1
44889,75,76,-1,1
44890,104,105,-1,1
44891,117,111,6,6
44892,74,79,-5,5
44893,52,54,-2,2
44894,77,75,2,2
44895,83,76,7,7
44896,71,72,-1,1
44897,57,55,2,2
44898,62,63,-1,1
44899,114,104,10,10
44900,58,67,-9,9
44901,120,118,2,2
44902,74,73,1,1
44903,95,81,14,14
44904,63,68,-5,5
44905,84,90,-6,6
44906,57,66,-9,9
44907,70,73,-3,3
44908,71,78,-7,7
44909,71,61,10,10
44910,140,120,20,20
44911,116,117,-1,1
44912,62,67,-5,5
44913,96,103,-7,7
44914,73,73,0,0
44915,79,76,3,3
44916,97,85,12,12
44917,80,70,10,10
44918,76,77,-1,1
44919,67,67,0,0
44920,176,164,12,12
44921,71,85,-14,14
44922,89,86,3,3
44923,75,73,2,2
44924,142,130,12,12
44925,96,94,2,2
44926,70,71,-1,1
44927,134,122,12,12
44928,123,117,6,6
44929,71,79,-8,8
44930,45,53,-8,8
44931,102,100,2,2
44932,130,125,5,5
44933,134,128,6,6
44934,71,74,-3,3
44935,111,121,-10,10
44936,134,115,19,19
44937,131,108,23,23
44938,136,156,-20,20
44939,116,108,8,8
44940,156,141,15,15
44941,139,123,16,16
44942,102,97,5,5
44943,69,75,-6,6
44944,81,76,5,5
44945,109,109,0,0
44946,94,87,7,7
44947,77,70,7,7
44948,173,170,3,3
44949,70,73,-3,3
44950,77,82,-5,5
44951,95,88,7,7
44952,96,88,8,8
44953,90,87,3,3
44954,47,65,-18,18
44955,116,118,-2,2
44956,84,72,12,12
44957,62,69,-7,7
44958,128,134,-6,6
44959,83,79,4,4
44960,90,92,-2,2
44961,86,84,2,2
44962,113,106,7,7
44963,153,130,23,23
44964,90,83,7,7
44965,96,96,0,0
44966,76,83,-7,7
44967,73,77,-4,4
44968,98,93,5,5
44969,23,44,-21,21
44970,57,59,-2,2
44971,65,77,-12,12
44972,107,106,1,1
44973,140,129,11,11
44974,112,98,14,14
44975,149,156,-7,7
44976,100,79,21,21
44977,100,94,6,6
44978,64,59,5,5
44979,89,81,8,8
44980,154,143,11,11
44981,53,55,-2,2
44982,45,43,2,2
44983,61,65,-4,4
44984,108,104,4,4
44985,88,74,14,14
44986,109,109,0,0
44987,143,121,22,22
44988,91,98,-7,7
44989,102,100,2,2
44990,61,72,-11,11
44991,85,85,0,0
44992,121,104,17,17
44993,65,62,3,3
44994,56,55,1,1
44995,103,95,8,8
44996,111,92,19,19
44997,102,94,8,8
44998,99,89,10,10
44999,97,113,-16,16
45000,79,77,2,2
45001,139,129,10,10
45002,107,89,18,18
45003,166,165,1,1
45004,51,54,-3,3
45005,75,68,7,7
45006,113,106,7,7
45007,69,72,-3,3
45008,129,126,3,3
45009,197,188,9,9
45010,104,102,2,2
45011,99,99,0,0
45012,86,75,11,11
45013,95,83,12,12
45014,138,122,16,16
45015,78,74,4,4
45016,47,85,-38,38
45017,56,57,-1,1
45018,62,68,-6,6
45019,64,68,-4,4
45020,105,84,21,21
45021,104,95,9,9
45022,140,130,10,10
45023,84,94,-10,10
45024,126,128,-2,2
45025,82,81,1,1
45026,75,75,0,0
45027,92,93,-1,1
45028,77,76,1,1
45029,100,96,4,4
45030,140,136,4,4
45031,67,55,12,12
45032,117,119,-2,2
45033,54,56,-2,2
45034,81,79,2,2
45035,130,125,5,5
45036,100,92,8,8
45037,86,82,4,4
45038,57,66,-9,9
45039,115,104,11,11
45040,147,143,4,4
45041,86,83,3,3
45042,39,45,-6,6
45043,79,76,3,3
45044,89,94,-5,5
45045,70,64,6,6
45046,73,79,-6,6
45047,113,104,9,9
45048,99,99,0,0
45049,78,77,1,1
45050,132,127,5,5
45051,79,83,-4,4
45052,143,133,10,10
45053,57,61,-4,4
45054,49,47,2,2
45055,85,83,2,2
45056,49,79,-30,30
45057,96,88,8,8
45058,87,85,2,2
45059,151,118,33,33
45060,147,141,6,6
45061,94,93,1,1
45062,91,89,2,2
45063,56,55,1,1
45064,123,128,-5,5
45065,188,168,20,20
45066,55,48,7,7
45067,117,104,13,13
45068,106,97,9,9
45069,109,116,-7,7
45070,61,55,6,6
45071,46,52,-6,6
45072,62,64,-2,2
45073,102,95,7,7
45074,62,59,3,3
45075,85,85,0,0
45076,89,87,2,2
45077,96,93,3,3
45078,132,125,7,7
45079,94,90,4,4
45080,118,102,16,16
45081,73,71,2,2
45082,69,70,-1,1
45083,57,63,-6,6
45084,86,88,-2,2
45085,130,113,17,17
45086,144,133,11,11
45087,67,65,2,2
45088,64,91,-27,27
45089,85,75,10,10
45090,104,109,-5,5
45091,109,101,8,8
45092,110,106,4,4
45093,129,115,14,14
45094,97,90,7,7
45095,85,80,5,5
45096,104,95,9,9
45097,77,83,-6,6
45098,81,86,-5,5
45099,97,90,7,7
45100,130,140,-10,10
45101,67,69,-2,2
45102,55,56,-1,1
45103,92,83,9,9
45104,83,84,-1,1
45105,135,138,-3,3
45106,69,64,5,5
45107,109,109,0,0
45108,98,85,13,13
45109,95,88,7,7
45110,121,121,0,0
45111,80,69,11,11
45112,79,78,1,1
45113,123,125,-2,2
45114,117,110,7,7
45115,59,63,-4,4
45116,89,89,0,0
45117,82,82,0,0
45118,117,103,14,14
45119,69,72,-3,3
45120,123,104,19,19
45121,57,66,-9,9
45122,87,76,11,11
45123,105,102,3,3
45124,108,104,4,4
45125,76,72,4,4
45126,74,100,-26,26
45127,84,73,11,11
45128,96,94,2,2
45129,78,75,3,3
45130,76,82,-6,6
45131,88,94,-6,6
45132,89,92,-3,3
45133,90,95,-5,5
45134,60,59,1,1
45135,53,60,-7,7
45136,67,68,-1,1
45137,89,89,0,0
45138,149,122,27,27
45139,95,95,0,0
45140,109,111,-2,2
45141,169,166,3,3
45142,78,74,4,4
45143,122,114,8,8
45144,48,64,-16,16
45145,108,114,-6,6
45146,90,90,0,0
45147,147,127,20,20
45148,69,69,0,0
45149,112,99,13,13
45150,158,148,10,10
45151,123,132,-9,9
45152,42,48,-6,6
45153,135,120,15,15
45154,148,132,16,16
45155,109,104,5,5
45156,73,64,9,9
45157,88,85,3,3
45158,90,82,8,8
45159,55,56,-1,1
45160,83,85,-2,2
45161,54,47,7,7
45162,85,88,-3,3
45163,75,71,4,4
45164,121,118,3,3
45165,65,65,0,0
45166,77,71,6,6
45167,102,95,7,7
45168,104,111,-7,7
45169,67,61,6,6
45170,134,115,19,19
45171,107,95,12,12
45172,87,90,-3,3
45173,168,155,13,13
45174,145,136,9,9
45175,127,125,2,2
45176,168,149,19,19
45177,113,102,11,11
45178,64,72,-8,8
45179,64,67,-3,3
45180,83,86,-3,3
45181,83,82,1,1
45182,125,112,13,13
45183,61,55,6,6
45184,40,45,-5,5
45185,57,52,5,5
45186,153,138,15,15
45187,101,104,-3,3
45188,83,81,2,2
45189,89,97,-8,8
45190,111,109,2,2
45191,77,74,3,3
45192,127,117,10,10
45193,128,116,12,12
45194,146,129,17,17
45195,49,55,-6,6
45196,49,60,-11,11
45197,57,66,-9,9
45198,89,83,6,6
45199,88,101,-13,13
45200,153,148,5,5
45201,71,72,-1,1
45202,135,135,0,0
45203,109,95,14,14
45204,73,72,1,1
45205,185,161,24,24
45206,69,69,0,0
45207,109,110,-1,1
45208,74,77,-3,3
45209,181,149,32,32
45210,96,96,0,0
45211,93,105,-12,12
45212,60,62,-2,2
45213,104,102,2,2
45214,67,53,14,14
45215,89,93,-4,4
45216,128,112,16,16
45217,100,93,7,7
45218,96,92,4,4
45219,90,81,9,9
45220,68,67,1,1
45221,126,113,13,13
45222,54,57,-3,3
45223,106,104,2,2
45224,63,64,-1,1
45225,113,93,20,20
45226,45,53,-8,8
45227,98,84,14,14
45228,156,140,16,16
45229,52,57,-5,5
45230,134,119,15,15
45231,74,75,-1,1
45232,102,98,4,4
45233,100,95,5,5
45234,62,68,-6,6
45235,82,76,6,6
45236,105,91,14,14
45237,69,71,-2,2
45238,124,132,-8,8
45239,118,112,6,6
45240,82,84,-2,2
45241,63,67,-4,4
45242,70,66,4,4
45243,68,68,0,0
45244,121,106,15,15
45245,73,69,4,4
45246,51,54,-3,3
45247,81,75,6,6
45248,146,131,15,15
45249,88,87,1,1
45250,101,95,6,6
45251,126,129,-3,3
45252,119,117,2,2
45253,113,117,-4,4
45254,172,147,25,25
45255,81,75,6,6
45256,90,86,4,4
45257,110,104,6,6
45258,134,132,2,2
45259,37,46,-9,9
45260,62,62,0,0
45261,65,66,-1,1
45262,52,51,1,1
45263,76,78,-2,2
45264,116,109,7,7
45265,98,119,-21,21
45266,61,60,1,1
45267,84,85,-1,1
45268,153,139,14,14
45269,72,61,11,11
45270,77,74,3,3
45271,86,87,-1,1
45272,99,103,-4,4
45273,124,113,11,11
45274,66,75,-9,9
45275,76,73,3,3
45276,67,50,17,17
45277,133,116,17,17
45278,91,91,0,0
45279,71,76,-5,5
45280,207,198,9,9
45281,65,69,-4,4
45282,97,98,-1,1
45283,131,128,3,3
45284,120,105,15,15
45285,59,63,-4,4
45286,124,117,7,7
45287,74,71,3,3
45288,101,98,3,3
45289,85,87,-2,2
45290,85,85,0,0
45291,137,125,12,12
45292,76,71,5,5
45293,136,134,2,2
45294,139,130,9,9
45295,49,55,-6,6
45296,136,128,8,8
45297,75,66,9,9
45298,109,101,8,8
45299,53,54,-1,1
45300,110,107,3,3
45301,59,65,-6,6
45302,119,113,6,6
45303,86,80,6,6
45304,139,126,13,13
45305,132,124,8,8
45306,191,181,10,10
45307,87,78,9,9
45308,90,85,5,5
45309,122,117,5,5
45310,73,67,6,6
45311,122,107,15,15
45312,93,92,1,1
45313,46,57,-11,11
45314,84,90,-6,6
45315,103,89,14,14
45316,39,36,3,3
45317,96,99,-3,3
45318,72,71,1,1
45319,146,132,14,14
45320,80,90,-10,10
45321,68,73,-5,5
45322,49,52,-3,3
45323,110,101,9,9
45324,117,117,0,0
45325,121,107,14,14
45326,55,66,-11,11
45327,149,152,-3,3
45328,78,75,3,3
45329,60,67,-7,7
45330,161,152,9,9
45331,95,100,-5,5
45332,75,64,11,11
45333,92,93,-1,1
45334,112,120,-8,8
45335,67,72,-5,5
45336,91,87,4,4
45337,109,99,10,10
45338,177,163,14,14
45339,105,108,-3,3
45340,82,77,5,5
45341,89,76,13,13
45342,109,104,5,5
45343,67,73,-6,6
45344,117,113,4,4
45345,96,94,2,2
45346,49,56,-7,7
45347,110,99,11,11
45348,57,53,4,4
45349,118,94,24,24
45350,120,108,12,12
45351,77,81,-4,4
45352,107,92,15,15
45353,60,68,-8,8
45354,70,59,11,11
45355,115,109,6,6
45356,70,75,-5,5
45357,70,67,3,3
45358,96,107,-11,11
45359,72,79,-7,7
45360,72,68,4,4
45361,67,68,-1,1
45362,170,151,19,19
45363,57,55,2,2
45364,67,65,2,2
45365,85,85,0,0
45366,95,105,-10,10
45367,119,137,-18,18
45368,84,77,7,7
45369,65,86,-21,21
45370,225,213,12,12
45371,97,97,0,0
45372,81,79,2,2
45373,104,101,3,3
45374,23,36,-13,13
45375,75,76,-1,1
45376,115,110,5,5
45377,111,96,15,15
45378,60,58,2,2
45379,72,75,-3,3
45380,100,98,2,2
45381,85,79,6,6
45382,60,60,0,0
45383,55,66,-11,11
45384,120,119,1,1
45385,121,123,-2,2
45386,79,76,3,3
45387,89,85,4,4
45388,127,114,13,13
45389,86,82,4,4
45390,58,54,4,4
45391,99,86,13,13
45392,126,125,1,1
45393,53,54,-1,1
45394,55,58,-3,3
45395,107,108,-1,1
45396,67,63,4,4
45397,83,90,-7,7
45398,81,82,-1,1
45399,92,85,7,7
45400,109,101,8,8
45401,148,144,4,4
45402,115,116,-1,1
45403,124,112,12,12
45404,103,99,4,4
45405,122,122,0,0
45406,104,101,3,3
45407,58,41,17,17
45408,68,68,0,0
45409,83,87,-4,4
45410,51,65,-14,14
45411,84,82,2,2
45412,129,133,-4,4
45413,64,66,-2,2
45414,150,135,15,15
45415,48,49,-1,1
45416,67,55,12,12
45417,72,74,-2,2
45418,101,93,8,8
45419,68,63,5,5
45420,135,119,16,16
45421,98,92,6,6
45422,73,72,1,1
45423,93,98,-5,5
45424,161,153,8,8
45425,58,59,-1,1
45426,125,122,3,3
45427,91,93,-2,2
45428,82,77,5,5
45429,82,85,-3,3
45430,89,105,-16,16
45431,45,42,3,3
45432,56,85,-29,29
45433,152,170,-18,18
45434,110,100,10,10
45435,81,74,7,7
45436,43,47,-4,4
45437,154,157,-3,3
45438,82,72,10,10
45439,104,106,-2,2
45440,78,85,-7,7
45441,130,117,13,13
45442,66,76,-10,10
45443,86,88,-2,2
45444,98,102,-4,4
45445,106,103,3,3
45446,78,85,-7,7
45447,89,80,9,9
45448,84,83,1,1
45449,111,99,12,12
45450,73,72,1,1
45451,115,133,-18,18
45452,174,160,14,14
45453,87,74,13,13
45454,102,98,4,4
45455,77,69,8,8
45456,37,40,-3,3
45457,131,125,6,6
45458,104,99,5,5
45459,109,138,-29,29
45460,89,84,5,5
45461,108,102,6,6
45462,158,142,16,16
45463,69,68,1,1
45464,89,79,10,10
45465,42,40,2,2
45466,97,81,16,16
45467,70,75,-5,5
45468,116,111,5,5
45469,138,145,-7,7
45470,110,108,2,2
45471,105,94,11,11
45472,51,56,-5,5
45473,94,98,-4,4
45474,75,70,5,5
45475,129,132,-3,3
45476,88,82,6,6
45477,100,85,15,15
45478,79,78,1,1
45479,176,167,9,9
45480,86,82,4,4
45481,88,95,-7,7
45482,105,111,-6,6
45483,140,128,12,12
45484,72,67,5,5
45485,111,92,19,19
45486,105,96,9,9
45487,191,176,15,15
45488,120,114,6,6
45489,99,99,0,0
45490,45,53,-8,8
45491,94,89,5,5
45492,80,85,-5,5
45493,85,83,2,2
45494,74,67,7,7
45495,78,78,0,0
45496,131,117,14,14
45497,95,92,3,3
45498,59,59,0,0
45499,72,63,9,9
45500,108,108,0,0
45501,71,74,-3,3
45502,74,71,3,3
45503,134,133,1,1
45504,101,101,0,0
45505,68,67,1,1
45506,127,124,3,3
45507,195,163,32,32
45508,73,72,1,1
45509,77,75,2,2
45510,79,70,9,9
45511,59,50,9,9
45512,115,100,15,15
45513,79,77,2,2
45514,91,90,1,1
45515,82,81,1,1
45516,72,69,3,3
45517,63,71,-8,8
45518,89,88,1,1
45519,69,75,-6,6
45520,62,92,-30,30
45521,45,54,-9,9
45522,87,90,-3,3
45523,75,81,-6,6
45524,105,102,3,3
45525,93,98,-5,5
45526,104,98,6,6
45527,86,89,-3,3
45528,159,153,6,6
45529,93,80,13,13
45530,112,109,3,3
45531,120,110,10,10
45532,62,55,7,7
45533,108,101,7,7
45534,124,124,0,0
45535,167,147,20,20
45536,163,155,8,8
45537,113,105,8,8
45538,98,87,11,11
45539,64,72,-8,8
45540,120,111,9,9
45541,52,50,2,2
45542,42,45,-3,3
45543,131,136,-5,5
45544,95,80,15,15
45545,85,86,-1,1
45546,71,66,5,5
45547,116,104,12,12
45548,91,78,13,13
45549,94,88,6,6
45550,52,56,-4,4
45551,84,97,-13,13
45552,61,58,3,3
45553,101,101,0,0
45554,97,93,4,4
45555,96,100,-4,4
45556,141,143,-2,2
45557,124,114,10,10
45558,72,73,-1,1
45559,79,125,-46,46
45560,155,154,1,1
45561,112,118,-6,6
45562,63,62,1,1
45563,73,74,-1,1
45564,67,71,-4,4
45565,61,60,1,1
45566,114,105,9,9
45567,33,40,-7,7
45568,64,64,0,0
45569,79,75,4,4
45570,149,156,-7,7
45571,97,93,4,4
45572,84,80,4,4
45573,134,132,2,2
45574,85,94,-9,9
45575,123,107,16,16
45576,97,89,8,8
45577,69,67,2,2
45578,116,102,14,14
45579,92,83,9,9
45580,125,121,4,4
45581,103,93,10,10
45582,99,87,12,12
45583,154,154,0,0
45584,102,99,3,3
45585,53,56,-3,3
45586,104,104,0,0
45587,218,184,34,34
45588,57,57,0,0
45589,154,157,-3,3
45590,141,140,1,1
45591,113,115,-2,2
45592,69,70,-1,1
45593,87,97,-10,10
45594,126,118,8,8
45595,99,101,-2,2
45596,85,88,-3,3
45597,78,91,-13,13
45598,85,72,13,13
45599,77,73,4,4
45600,97,92,5,5
45601,67,76,-9,9
45602,114,107,7,7
45603,130,131,-1,1
45604,127,115,12,12
45605,66,67,-1,1
45606,74,76,-2,2
45607,117,111,6,6
45608,57,55,2,2
45609,169,158,11,11
45610,79,79,0,0
45611,122,131,-9,9
45612,117,115,2,2
45613,82,81,1,1
45614,119,111,8,8
45615,105,98,7,7
45616,121,107,14,14
45617,107,104,3,3
45618,63,63,0,0
45619,76,78,-2,2
45620,141,115,26,26
45621,76,74,2,2
45622,189,137,52,52
45623,78,74,4,4
45624,105,113,-8,8
45625,69,69,0,0
45626,95,102,-7,7
45627,55,63,-8,8
45628,85,73,12,12
45629,62,67,-5,5
45630,72,71,1,1
45631,91,87,4,4
45632,78,88,-10,10
45633,69,64,5,5
45634,58,56,2,2
45635,104,94,10,10
45636,90,88,2,2
45637,45,57,-12,12
45638,109,93,16,16
45639,174,174,0,0
45640,102,109,-7,7
45641,72,75,-3,3
45642,93,90,3,3
45643,88,113,-25,25
45644,147,131,16,16
45645,116,111,5,5
45646,71,89,-18,18
45647,59,66,-7,7
45648,110,102,8,8
45649,112,102,10,10
45650,67,57,10,10
45651,63,66,-3,3
45652,99,82,17,17
45653,71,67,4,4
45654,61,67,-6,6
45655,145,176,-31,31
45656,59,61,-2,2
45657,91,95,-4,4
45658,97,96,1,1
45659,67,68,-1,1
45660,75,70,5,5
45661,107,89,18,18
45662,47,65,-18,18
45663,111,112,-1,1
45664,122,110,12,12
45665,145,133,12,12
45666,133,113,20,20
45667,90,85,5,5
45668,153,141,12,12
45669,83,72,11,11
45670,44,56,-12,12
45671,64,64,0,0
45672,74,78,-4,4
45673,98,96,2,2
45674,117,76,41,41
45675,83,86,-3,3
45676,52,57,-5,5
45677,74,76,-2,2
45678,128,120,8,8
45679,75,74,1,1
45680,71,69,2,2
45681,72,70,2,2
45682,80,74,6,6
45683,98,93,5,5
45684,138,131,7,7
45685,161,151,10,10
45686,152,146,6,6
45687,117,107,10,10
45688,96,98,-2,2
45689,76,75,1,1
45690,150,145,5,5
45691,71,77,-6,6
45692,127,129,-2,2
45693,93,95,-2,2
45694,116,115,1,1
45695,128,119,9,9
45696,47,50,-3,3
45697,53,55,-2,2
45698,173,163,10,10
45699,84,98,-14,14
45700,74,69,5,5
45701,40,45,-5,5
45702,125,102,23,23
45703,100,106,-6,6
45704,62,65,-3,3
45705,120,107,13,13
45706,163,136,27,27
45707,111,105,6,6
45708,62,71,-9,9
45709,104,106,-2,2
45710,96,88,8,8
45711,71,66,5,5
45712,94,96,-2,2
45713,109,103,6,6
45714,46,46,0,0
45715,94,88,6,6
45716,52,49,3,3
45717,88,78,10,10
45718,68,74,-6,6
45719,193,198,-5,5
45720,137,122,15,15
45721,109,106,3,3
45722,97,103,-6,6
45723,114,102,12,12
45724,90,86,4,4
45725,57,67,-10,10
45726,119,107,12,12
45727,157,145,12,12
45728,86,82,4,4
45729,108,102,6,6
45730,82,82,0,0
45731,111,103,8,8
45732,110,105,5,5
45733,108,92,16,16
45734,92,81,11,11
45735,38,37,1,1
45736,92,90,2,2
45737,92,87,5,5
45738,68,62,6,6
45739,74,79,-5,5
45740,83,85,-2,2
45741,106,88,18,18
45742,86,83,3,3
45743,78,71,7,7
45744,155,155,0,0
45745,116,113,3,3
45746,129,98,31,31
45747,99,93,6,6
45748,114,101,13,13
45749,103,93,10,10
45750,82,72,10,10
45751,50,48,2,2
45752,86,83,3,3
45753,82,79,3,3
45754,82,87,-5,5
45755,50,68,-18,18
45756,88,74,14,14
45757,86,79,7,7
45758,103,97,6,6
45759,60,55,5,5
45760,68,65,3,3
45761,86,70,16,16
45762,85,79,6,6
45763,80,71,9,9
45764,58,65,-7,7
45765,63,76,-13,13
45766,117,108,9,9
45767,97,104,-7,7
45768,59,64,-5,5
45769,66,67,-1,1
45770,121,115,6,6
45771,77,71,6,6
45772,47,48,-1,1
45773,61,68,-7,7
45774,128,119,9,9
45775,225,206,19,19
45776,145,131,14,14
45777,125,127,-2,2
45778,40,42,-2,2
45779,94,83,11,11
45780,103,96,7,7
45781,137,124,13,13
45782,151,141,10,10
45783,98,98,0,0
45784,115,107,8,8
45785,77,71,6,6
45786,75,96,-21,21
45787,75,81,-6,6
45788,117,108,9,9
45789,133,130,3,3
45790,89,95,-6,6
45791,92,91,1,1
45792,66,66,0,0
45793,26,36,-10,10
45794,135,120,15,15
45795,82,85,-3,3
45796,44,50,-6,6
45797,79,59,20,20
45798,135,137,-2,2
45799,122,130,-8,8
45800,177,170,7,7
45801,93,84,9,9
45802,54,48,6,6
45803,104,114,-10,10
45804,69,64,5,5
45805,64,67,-3,3
45806,113,118,-5,5
45807,69,66,3,3
45808,127,126,1,1
45809,115,110,5,5
45810,75,74,1,1
45811,81,76,5,5
45812,35,41,-6,6
45813,120,118,2,2
45814,86,86,0,0
45815,111,98,13,13
45816,149,130,19,19
45817,86,81,5,5
45818,122,114,8,8
45819,80,85,-5,5
45820,91,82,9,9
45821,106,99,7,7
45822,30,47,-17,17
45823,84,81,3,3
45824,159,124,35,35
45825,76,81,-5,5
45826,73,73,0,0
45827,78,79,-1,1
45828,271,233,38,38
45829,138,137,1,1
45830,72,75,-3,3
45831,77,67,10,10
45832,94,91,3,3
45833,101,95,6,6
45834,72,73,-1,1
45835,101,103,-2,2
45836,120,115,5,5
45837,159,154,5,5
45838,78,77,1,1
45839,78,80,-2,2
45840,106,100,6,6
45841,87,91,-4,4
45842,62,67,-5,5
45843,106,107,-1,1
45844,127,131,-4,4
45845,101,103,-2,2
45846,56,59,-3,3
45847,41,52,-11,11
45848,83,83,0,0
45849,128,123,5,5
45850,86,74,12,12
45851,82,85,-3,3
45852,104,99,5,5
45853,116,130,-14,14
45854,115,115,0,0
45855,81,77,4,4
45856,82,90,-8,8
45857,88,81,7,7
45858,115,112,3,3
45859,170,163,7,7
45860,110,108,2,2
45861,228,198,30,30
45862,161,139,22,22
45863,72,71,1,1
45864,171,148,23,23
45865,117,104,13,13
45866,116,112,4,4
45867,60,53,7,7
45868,113,114,-1,1
45869,121,110,11,11
45870,41,55,-14,14
45871,98,89,9,9
45872,83,79,4,4
45873,56,57,-1,1
45874,107,98,9,9
45875,90,80,10,10
45876,91,91,0,0
45877,68,71,-3,3
45878,131,116,15,15
45879,95,87,8,8
45880,93,88,5,5
45881,99,97,2,2
45882,195,161,34,34
45883,124,109,15,15
45884,124,112,12,12
45885,44,63,-19,19
45886,63,63,0,0
45887,175,156,19,19
45888,127,111,16,16
45889,113,114,-1,1
45890,118,95,23,23
45891,99,105,-6,6
45892,89,84,5,5
45893,64,65,-1,1
45894,73,74,-1,1
45895,104,96,8,8
45896,50,57,-7,7
45897,94,78,16,16
45898,115,113,2,2
45899,91,87,4,4
45900,80,70,10,10
45901,81,84,-3,3
45902,80,84,-4,4
45903,100,92,8,8
45904,123,121,2,2
45905,89,82,7,7
45906,71,70,1,1
45907,162,134,28,28
45908,152,129,23,23
45909,69,67,2,2
45910,81,87,-6,6
45911,71,74,-3,3
45912,90,83,7,7
45913,104,96,8,8
45914,106,98,8,8
45915,66,66,0,0
45916,66,63,3,3
45917,79,85,-6,6
45918,45,50,-5,5
45919,89,83,6,6
45920,105,85,20,20
45921,59,54,5,5
45922,103,92,11,11
45923,116,116,0,0
45924,93,88,5,5
45925,116,127,-11,11
45926,133,121,12,12
45927,86,79,7,7
45928,86,74,12,12
45929,65,68,-3,3
45930,139,124,15,15
45931,117,118,-1,1
45932,67,64,3,3
45933,119,100,19,19
45934,81,99,-18,18
45935,127,117,10,10
45936,142,131,11,11
45937,87,82,5,5
45938,70,68,2,2
45939,79,78,1,1
45940,119,112,7,7
45941,73,67,6,6
45942,72,60,12,12
45943,87,88,-1,1
45944,108,101,7,7
45945,120,115,5,5
45946,82,78,4,4
45947,97,97,0,0
45948,73,79,-6,6
45949,69,67,2,2
45950,96,92,4,4
45951,44,47,-3,3
45952,104,94,10,10
45953,68,72,-4,4
45954,108,84,24,24
45955,81,82,-1,1
45956,124,114,10,10
45957,91,80,11,11
45958,116,130,-14,14
45959,41,45,-4,4
45960,93,90,3,3
45961,100,100,0,0
45962,70,78,-8,8
45963,82,82,0,0
45964,124,104,20,20
45965,168,148,20,20
45966,81,75,6,6
45967,124,126,-2,2
45968,74,70,4,4
45969,191,173,18,18
45970,99,106,-7,7
45971,72,71,1,1
45972,92,96,-4,4
45973,122,117,5,5
45974,104,99,5,5
45975,93,88,5,5
45976,50,52,-2,2
45977,79,85,-6,6
45978,86,85,1,1
45979,147,153,-6,6
45980,129,139,-10,10
45981,135,140,-5,5
45982,124,107,17,17
45983,91,89,2,2
45984,80,90,-10,10
45985,150,149,1,1
45986,113,106,7,7
45987,74,64,10,10
45988,165,145,20,20
45989,105,90,15,15
45990,49,53,-4,4
45991,96,97,-1,1
45992,115,110,5,5
45993,132,119,13,13
45994,111,100,11,11
45995,44,69,-25,25
45996,98,85,13,13
45997,52,49,3,3
45998,78,81,-3,3
45999,71,68,3,3
46000,30,30,0,0
46001,116,116,0,0
46002,128,145,-17,17
46003,75,82,-7,7
46004,47,52,-5,5
46005,89,91,-2,2
46006,88,76,12,12
46007,102,98,4,4
46008,48,48,0,0
46009,59,55,4,4
46010,131,120,11,11
46011,71,69,2,2
46012,81,83,-2,2
46013,110,100,10,10
46014,154,144,10,10
46015,120,117,3,3
46016,155,132,23,23
46017,109,103,6,6
46018,71,80,-9,9
46019,81,80,1,1
46020,58,62,-4,4
46021,69,78,-9,9
46022,134,122,12,12
46023,99,93,6,6
46024,71,70,1,1
46025,99,96,3,3
46026,76,76,0,0
46027,98,83,15,15
46028,68,65,3,3
46029,105,91,14,14
46030,109,100,9,9
46031,143,150,-7,7
46032,112,102,10,10
46033,82,100,-18,18
46034,59,57,2,2
46035,170,156,14,14
46036,84,91,-7,7
46037,84,96,-12,12
46038,97,97,0,0
46039,241,210,31,31
46040,216,188,28,28
46041,121,111,10,10
46042,72,66,6,6
46043,61,62,-1,1
46044,76,72,4,4
46045,140,139,1,1
46046,101,90,11,11
46047,92,80,12,12
46048,65,61,4,4
46049,62,67,-5,5
46050,62,69,-7,7
46051,172,148,24,24
46052,82,79,3,3
46053,118,113,5,5
46054,99,92,7,7
46055,121,115,6,6
46056,108,105,3,3
46057,96,75,21,21
46058,145,126,19,19
46059,111,130,-19,19
46060,46,48,-2,2
46061,74,65,9,9
46062,96,91,5,5
46063,60,56,4,4
46064,110,131,-21,21
46065,78,80,-2,2
46066,114,94,20,20
46067,154,165,-11,11
46068,165,148,17,17
46069,42,44,-2,2
46070,91,84,7,7
46071,100,100,0,0
46072,110,88,22,22
46073,67,74,-7,7
46074,68,72,-4,4
46075,137,114,23,23
46076,87,87,0,0
46077,93,84,9,9
46078,86,85,1,1
46079,200,197,3,3
46080,119,110,9,9
46081,176,163,13,13
46082,75,75,0,0
46083,125,108,17,17
46084,74,79,-5,5
46085,102,92,10,10
46086,53,51,2,2
46087,107,99,8,8
46088,95,89,6,6
46089,120,120,0,0
46090,88,85,3,3
46091,66,74,-8,8
46092,94,85,9,9
46093,137,134,3,3
46094,67,73,-6,6
46095,83,79,4,4
46096,56,54,2,2
46097,139,123,16,16
46098,100,87,13,13
46099,78,86,-8,8
46100,103,93,10,10
46101,59,68,-9,9
46102,47,52,-5,5
46103,65,58,7,7
46104,112,97,15,15
46105,132,111,21,21
46106,82,87,-5,5
46107,118,113,5,5
46108,109,95,14,14
46109,91,86,5,5
46110,67,68,-1,1
46111,83,80,3,3
46112,79,79,0,0
46113,26,32,-6,6
46114,44,57,-13,13
46115,71,74,-3,3
46116,86,81,5,5
46117,77,74,3,3
46118,53,47,6,6
46119,98,86,12,12
46120,144,123,21,21
46121,89,81,8,8
46122,67,69,-2,2
46123,147,129,18,18
46124,127,125,2,2
46125,85,81,4,4
46126,66,62,4,4
46127,89,78,11,11
46128,89,90,-1,1
46129,75,71,4,4
46130,72,67,5,5
46131,101,100,1,1
46132,126,94,32,32
46133,62,55,7,7
46134,83,80,3,3
46135,151,140,11,11
46136,102,100,2,2
46137,215,197,18,18
46138,149,137,12,12
46139,133,124,9,9
46140,90,81,9,9
46141,100,82,18,18
46142,57,54,3,3
46143,61,59,2,2
46144,41,38,3,3
46145,137,123,14,14
46146,164,152,12,12
46147,242,219,23,23
46148,99,94,5,5
46149,51,50,1,1
46150,68,69,-1,1
46151,78,71,7,7
46152,120,111,9,9
46153,87,83,4,4
46154,105,94,11,11
46155,112,100,12,12
46156,87,88,-1,1
46157,88,87,1,1
46158,71,68,3,3
46159,125,117,8,8
46160,73,74,-1,1
46161,108,104,4,4
46162,76,74,2,2
46163,45,44,1,1
46164,100,97,3,3
46165,76,75,1,1
46166,158,146,12,12
46167,92,90,2,2
46168,77,81,-4,4
46169,44,42,2,2
46170,115,115,0,0
46171,85,88,-3,3
46172,109,102,7,7
46173,89,89,0,0
46174,39,46,-7,7
46175,66,68,-2,2
46176,62,68,-6,6
46177,89,91,-2,2
46178,130,119,11,11
46179,92,89,3,3
46180,138,115,23,23
46181,118,104,14,14
46182,219,232,-13,13
46183,104,103,1,1
46184,94,97,-3,3
46185,100,83,17,17
46186,54,51,3,3
46187,153,128,25,25
46188,84,83,1,1
46189,91,98,-7,7
46190,46,47,-1,1
46191,53,66,-13,13
46192,77,70,7,7
46193,80,72,8,8
46194,138,123,15,15
46195,80,73,7,7
46196,138,120,18,18
46197,141,128,13,13
46198,91,85,6,6
46199,176,155,21,21
46200,117,116,1,1
46201,69,75,-6,6
46202,108,109,-1,1
46203,101,92,9,9
46204,135,124,11,11
46205,115,111,4,4
46206,102,100,2,2
46207,56,62,-6,6
46208,96,94,2,2
46209,69,66,3,3
46210,106,107,-1,1
46211,151,149,2,2
46212,110,103,7,7
46213,112,99,13,13
46214,134,120,14,14
46215,65,67,-2,2
46216,66,65,1,1
46217,97,95,2,2
46218,109,106,3,3
46219,141,130,11,11
46220,78,91,-13,13
46221,94,112,-18,18
46222,64,71,-7,7
46223,47,56,-9,9
46224,79,75,4,4
46225,104,104,0,0
46226,39,41,-2,2
46227,62,70,-8,8
46228,123,117,6,6
46229,144,123,21,21
46230,108,107,1,1
46231,183,151,32,32
46232,85,81,4,4
46233,49,55,-6,6
46234,40,43,-3,3
46235,27,44,-17,17
46236,107,102,5,5
46237,135,140,-5,5
46238,129,114,15,15
46239,77,74,3,3
46240,61,67,-6,6
46241,58,71,-13,13
46242,144,132,12,12
46243,53,53,0,0
46244,95,97,-2,2
46245,82,72,10,10
46246,73,76,-3,3
46247,174,170,4,4
46248,101,92,9,9
46249,100,122,-22,22
46250,81,72,9,9
46251,94,89,5,5
46252,76,76,0,0
46253,70,72,-2,2
46254,100,97,3,3
46255,79,75,4,4
46256,83,81,2,2
46257,90,91,-1,1
46258,136,126,10,10
46259,61,56,5,5
46260,106,105,1,1
46261,90,88,2,2
46262,32,42,-10,10
46263,100,103,-3,3
46264,74,69,5,5
46265,62,66,-4,4
46266,101,91,10,10
46267,104,94,10,10
46268,94,79,15,15
46269,95,100,-5,5
46270,134,125,9,9
46271,134,129,5,5
46272,77,71,6,6
46273,80,94,-14,14
46274,90,86,4,4
46275,128,111,17,17
46276,108,105,3,3
46277,64,71,-7,7
46278,44,52,-8,8
46279,115,105,10,10
46280,49,53,-4,4
46281,64,73,-9,9
46282,64,66,-2,2
46283,128,120,8,8
46284,69,71,-2,2
46285,73,67,6,6
46286,38,46,-8,8
46287,71,71,0,0
46288,94,94,0,0
46289,89,90,-1,1
46290,63,64,-1,1
46291,116,101,15,15
46292,83,86,-3,3
46293,38,44,-6,6
46294,57,63,-6,6
46295,84,84,0,0
46296,552,391,161,161
46297,75,68,7,7
46298,70,75,-5,5
46299,90,99,-9,9
46300,181,195,-14,14
46301,109,110,-1,1
46302,99,107,-8,8
46303,99,95,4,4
46304,73,71,2,2
46305,71,74,-3,3
46306,125,125,0,0
46307,142,139,3,3
46308,125,118,7,7
46309,99,92,7,7
46310,127,112,15,15
46311,134,114,20,20
46312,87,78,9,9
46313,99,103,-4,4
46314,116,117,-1,1
46315,57,62,-5,5
46316,160,140,20,20
46317,104,95,9,9
46318,106,105,1,1
46319,82,84,-2,2
46320,149,134,15,15
46321,122,120,2,2
46322,46,50,-4,4
46323,44,55,-11,11
46324,47,58,-11,11
46325,46,66,-20,20
46326,103,102,1,1
46327,118,113,5,5
46328,62,62,0,0
46329,61,67,-6,6
46330,90,88,2,2
46331,87,78,9,9
46332,163,143,20,20
46333,108,105,3,3
46334,68,69,-1,1
46335,128,120,8,8
46336,132,150,-18,18
46337,48,53,-5,5
46338,66,66,0,0
46339,62,69,-7,7
46340,77,86,-9,9
46341,47,63,-16,16
46342,124,111,13,13
46343,95,101,-6,6
46344,65,57,8,8
46345,70,72,-2,2
46346,133,127,6,6
46347,98,98,0,0
46348,138,137,1,1
46349,93,92,1,1
46350,136,125,11,11
46351,119,111,8,8
46352,102,108,-6,6
46353,106,121,-15,15
46354,75,73,2,2
46355,58,56,2,2
46356,130,109,21,21
46357,85,86,-1,1
46358,102,110,-8,8
46359,66,65,1,1
46360,83,96,-13,13
46361,85,87,-2,2
46362,122,114,8,8
46363,107,110,-3,3
46364,68,75,-7,7
46365,58,64,-6,6
46366,87,79,8,8
46367,67,69,-2,2
46368,74,78,-4,4
46369,68,68,0,0
46370,104,91,13,13
46371,158,153,5,5
46372,131,117,14,14
46373,103,98,5,5
46374,109,107,2,2
46375,64,65,-1,1
46376,123,106,17,17
46377,111,98,13,13
46378,38,43,-5,5
46379,59,52,7,7
46380,46,58,-12,12
46381,101,104,-3,3
46382,149,134,15,15
46383,116,107,9,9
46384,62,79,-17,17
46385,78,80,-2,2
46386,92,87,5,5
46387,109,99,10,10
46388,94,94,0,0
46389,107,108,-1,1
46390,75,79,-4,4
46391,64,67,-3,3
46392,30,38,-8,8
46393,127,122,5,5
46394,67,67,0,0
46395,109,108,1,1
46396,187,166,21,21
46397,90,89,1,1
46398,123,114,9,9
46399,72,68,4,4
46400,124,122,2,2
46401,110,107,3,3
46402,108,108,0,0
46403,65,67,-2,2
46404,116,111,5,5
46405,77,88,-11,11
46406,40,46,-6,6
46407,108,103,5,5
46408,159,147,12,12
46409,60,61,-1,1
46410,116,104,12,12
46411,124,134,-10,10
46412,94,95,-1,1
46413,90,79,11,11
46414,30,36,-6,6
46415,89,85,4,4
46416,89,80,9,9
46417,111,115,-4,4
46418,84,83,1,1
46419,49,54,-5,5
46420,75,62,13,13
46421,136,112,24,24
46422,41,81,-40,40
46423,72,71,1,1
46424,173,157,16,16
46425,70,72,-2,2
46426,90,92,-2,2
46427,153,151,2,2
46428,138,141,-3,3
46429,147,139,8,8
46430,116,126,-10,10
46431,148,136,12,12
46432,117,110,7,7
46433,103,96,7,7
46434,123,114,9,9
46435,151,130,21,21
46436,126,123,3,3
46437,105,112,-7,7
46438,111,110,1,1
46439,71,65,6,6
46440,99,108,-9,9
46441,59,70,-11,11
46442,104,94,10,10
46443,60,55,5,5
46444,88,89,-1,1
46445,63,58,5,5
46446,186,166,20,20
46447,97,86,11,11
46448,128,115,13,13
46449,162,142,20,20
46450,74,70,4,4
46451,92,82,10,10
46452,153,139,14,14
46453,97,93,4,4
46454,116,109,7,7
46455,161,129,32,32
46456,73,76,-3,3
46457,107,105,2,2
46458,112,124,-12,12
46459,89,82,7,7
46460,92,85,7,7
46461,83,81,2,2
46462,108,114,-6,6
46463,108,107,1,1
46464,49,46,3,3
46465,64,65,-1,1
46466,109,112,-3,3
46467,52,51,1,1
46468,139,135,4,4
46469,90,87,3,3
46470,90,89,1,1
46471,70,72,-2,2
46472,97,100,-3,3
46473,56,60,-4,4
46474,64,76,-12,12
46475,67,63,4,4
46476,48,53,-5,5
46477,69,66,3,3
46478,93,89,4,4
46479,144,133,11,11
46480,145,147,-2,2
46481,142,137,5,5
46482,150,142,8,8
46483,58,49,9,9
46484,120,104,16,16
46485,102,97,5,5
46486,142,140,2,2
46487,100,102,-2,2
46488,125,122,3,3
46489,84,95,-11,11
46490,123,120,3,3
46491,145,150,-5,5
46492,86,87,-1,1
46493,73,74,-1,1
46494,97,91,6,6
46495,57,60,-3,3
46496,122,116,6,6
46497,71,62,9,9
46498,99,97,2,2
46499,83,73,10,10
46500,165,149,16,16
46501,193,166,27,27
46502,104,97,7,7
46503,110,120,-10,10
46504,65,64,1,1
46505,72,74,-2,2
46506,76,76,0,0
46507,173,163,10,10
46508,76,89,-13,13
46509,95,89,6,6
46510,96,91,5,5
46511,82,78,4,4
46512,91,99,-8,8
46513,88,82,6,6
46514,104,104,0,0
46515,114,117,-3,3
46516,109,99,10,10
46517,74,72,2,2
46518,137,127,10,10
46519,93,90,3,3
46520,88,86,2,2
46521,55,68,-13,13
46522,72,72,0,0
46523,71,90,-19,19
46524,110,94,16,16
46525,114,112,2,2
46526,128,130,-2,2
46527,65,73,-8,8
46528,114,113,1,1
46529,97,89,8,8
46530,117,139,-22,22
46531,72,76,-4,4
46532,92,86,6,6
46533,64,65,-1,1
46534,125,127,-2,2
46535,99,96,3,3
46536,56,64,-8,8
46537,54,56,-2,2
46538,122,116,6,6
46539,178,174,4,4
46540,179,166,13,13
46541,80,74,6,6
46542,109,100,9,9
46543,83,83,0,0
46544,103,95,8,8
46545,61,65,-4,4
46546,125,112,13,13
46547,96,86,10,10
46548,96,112,-16,16
46549,97,91,6,6
46550,108,91,17,17
46551,89,85,4,4
46552,55,55,0,0
46553,87,127,-40,40
46554,49,52,-3,3
46555,94,93,1,1
46556,93,115,-22,22
46557,75,74,1,1
46558,65,69,-4,4
46559,52,47,5,5
46560,83,79,4,4
46561,123,103,20,20
46562,92,83,9,9
46563,74,78,-4,4
46564,109,95,14,14
46565,52,56,-4,4
46566,76,68,8,8
46567,116,108,8,8
46568,83,74,9,9
46569,82,79,3,3
46570,144,134,10,10
46571,35,38,-3,3
46572,155,146,9,9
46573,136,125,11,11
46574,123,112,11,11
46575,81,75,6,6
46576,66,71,-5,5
46577,131,118,13,13
46578,133,113,20,20
46579,71,69,2,2
46580,82,82,0,0
46581,82,82,0,0
46582,42,41,1,1
46583,137,147,-10,10
46584,140,156,-16,16
46585,58,65,-7,7
46586,117,103,14,14
46587,69,79,-10,10
46588,85,87,-2,2
46589,52,47,5,5
46590,87,94,-7,7
46591,135,138,-3,3
46592,64,67,-3,3
46593,129,106,23,23
46594,190,179,11,11
46595,68,71,-3,3
46596,82,74,8,8
46597,75,75,0,0
46598,149,129,20,20
46599,84,81,3,3
46600,54,53,1,1
46601,98,91,7,7
46602,99,82,17,17
46603,125,120,5,5
46604,86,87,-1,1
46605,95,89,6,6
46606,75,75,0,0
46607,80,76,4,4
46608,118,114,4,4
46609,91,80,11,11
46610,106,98,8,8
46611,85,90,-5,5
46612,153,138,15,15
46613,103,101,2,2
46614,159,154,5,5
46615,69,65,4,4
46616,166,129,37,37
46617,109,104,5,5
46618,133,118,15,15
46619,191,169,22,22
46620,113,91,22,22
46621,124,108,16,16
46622,139,130,9,9
46623,88,84,4,4
46624,43,79,-36,36
46625,71,73,-2,2
46626,116,110,6,6
46627,115,104,11,11
46628,118,114,4,4
46629,62,60,2,2
46630,106,103,3,3
46631,116,126,-10,10
46632,137,125,12,12
46633,201,171,30,30
46634,53,57,-4,4
46635,73,75,-2,2
46636,46,53,-7,7
46637,90,87,3,3
46638,126,122,4,4
46639,113,112,1,1
46640,80,72,8,8
46641,102,89,13,13
46642,161,143,18,18
46643,103,102,1,1
46644,119,126,-7,7
46645,54,60,-6,6
46646,159,144,15,15
46647,87,78,9,9
46648,59,54,5,5
46649,59,66,-7,7
46650,90,86,4,4
46651,59,65,-6,6
46652,104,97,7,7
46653,131,130,1,1
46654,60,60,0,0
46655,68,63,5,5
46656,86,82,4,4
46657,88,82,6,6
46658,146,139,7,7
46659,62,62,0,0
46660,152,144,8,8
46661,104,99,5,5
46662,67,64,3,3
46663,102,100,2,2
46664,96,97,-1,1
46665,99,104,-5,5
46666,99,100,-1,1
46667,76,76,0,0
46668,97,94,3,3
46669,83,86,-3,3
46670,112,112,0,0
46671,63,65,-2,2
46672,136,140,-4,4
46673,74,75,-1,1
46674,172,147,25,25
46675,136,114,22,22
46676,120,123,-3,3
46677,116,113,3,3
46678,126,115,11,11
46679,114,103,11,11
46680,72,74,-2,2
46681,104,99,5,5
46682,147,144,3,3
46683,103,101,2,2
46684,81,68,13,13
46685,80,78,2,2
46686,101,94,7,7
46687,125,107,18,18
46688,92,75,17,17
46689,84,80,4,4
46690,80,105,-25,25
46691,150,141,9,9
46692,61,61,0,0
46693,112,106,6,6
46694,112,101,11,11
46695,67,58,9,9
46696,137,126,11,11
46697,58,63,-5,5
46698,105,96,9,9
46699,88,91,-3,3
46700,76,71,5,5
46701,88,79,9,9
46702,108,111,-3,3
46703,97,89,8,8
46704,141,139,2,2
46705,64,77,-13,13
46706,51,58,-7,7
46707,101,89,12,12
46708,158,151,7,7
46709,97,94,3,3
46710,79,82,-3,3
46711,69,67,2,2
46712,97,100,-3,3
46713,90,88,2,2
46714,85,90,-5,5
46715,90,84,6,6
46716,120,112,8,8
46717,61,64,-3,3
46718,145,141,4,4
46719,77,75,2,2
46720,49,53,-4,4
46721,81,80,1,1
46722,70,68,2,2
46723,107,92,15,15
46724,87,83,4,4
46725,66,67,-1,1
46726,108,103,5,5
46727,86,76,10,10
46728,68,69,-1,1
46729,84,73,11,11
46730,72,72,0,0
46731,67,72,-5,5
46732,73,72,1,1
46733,81,79,2,2
46734,65,56,9,9
46735,130,107,23,23
46736,47,44,3,3
46737,117,113,4,4
46738,141,119,22,22
46739,204,171,33,33
46740,85,81,4,4
46741,116,120,-4,4
46742,118,107,11,11
46743,110,109,1,1
46744,100,91,9,9
46745,93,89,4,4
46746,53,51,2,2
46747,86,76,10,10
46748,70,68,2,2
46749,80,78,2,2
46750,146,145,1,1
46751,72,72,0,0
46752,154,147,7,7
46753,206,192,14,14
46754,72,72,0,0
46755,141,132,9,9
46756,83,102,-19,19
46757,141,139,2,2
46758,97,101,-4,4
46759,137,126,11,11
46760,124,120,4,4
46761,84,84,0,0
46762,102,113,-11,11
46763,22,51,-29,29
46764,97,95,2,2
46765,59,61,-2,2
46766,124,127,-3,3
46767,198,189,9,9
46768,93,81,12,12
46769,96,91,5,5
46770,99,91,8,8
46771,191,152,39,39
46772,88,81,7,7
46773,88,79,9,9
46774,114,107,7,7
46775,85,92,-7,7
46776,85,73,12,12
46777,63,66,-3,3
46778,129,105,24,24
46779,142,147,-5,5
46780,66,76,-10,10
46781,64,60,4,4
46782,72,66,6,6
46783,143,141,2,2
46784,73,67,6,6
46785,92,90,2,2
46786,80,87,-7,7
46787,123,117,6,6
46788,67,72,-5,5
46789,87,101,-14,14
46790,81,63,18,18
46791,77,100,-23,23
46792,70,64,6,6
46793,120,116,4,4
46794,119,117,2,2
46795,116,115,1,1
46796,193,186,7,7
46797,90,96,-6,6
46798,113,125,-12,12
46799,109,101,8,8
46800,85,82,3,3
46801,63,67,-4,4
46802,56,55,1,1
46803,131,133,-2,2
46804,108,105,3,3
46805,58,62,-4,4
46806,57,63,-6,6
46807,98,115,-17,17
46808,86,100,-14,14
46809,60,64,-4,4
46810,54,64,-10,10
46811,160,142,18,18
46812,91,99,-8,8
46813,179,142,37,37
46814,68,83,-15,15
46815,143,136,7,7
46816,86,72,14,14
46817,115,115,0,0
46818,139,118,21,21
46819,95,93,2,2
46820,66,77,-11,11
46821,66,64,2,2
46822,143,136,7,7
46823,87,80,7,7
46824,85,90,-5,5
46825,77,80,-3,3
46826,77,69,8,8
46827,91,82,9,9
46828,80,79,1,1
46829,23,26,-3,3
46830,92,89,3,3
46831,109,97,12,12
46832,115,103,12,12
46833,93,95,-2,2
46834,67,71,-4,4
46835,150,143,7,7
46836,78,67,11,11
46837,159,154,5,5
46838,124,108,16,16
46839,93,101,-8,8
46840,133,131,2,2
46841,79,81,-2,2
46842,62,64,-2,2
46843,73,70,3,3
46844,66,68,-2,2
46845,69,65,4,4
46846,146,159,-13,13
46847,73,64,9,9
46848,91,99,-8,8
46849,67,65,2,2
46850,80,96,-16,16
46851,96,88,8,8
46852,75,68,7,7
46853,72,80,-8,8
46854,87,80,7,7
46855,93,82,11,11
46856,115,106,9,9
46857,142,132,10,10
46858,168,135,33,33
46859,149,134,15,15
46860,91,87,4,4
46861,69,73,-4,4
46862,112,105,7,7
46863,83,77,6,6
46864,63,56,7,7
46865,84,85,-1,1
46866,113,99,14,14
46867,98,93,5,5
46868,174,168,6,6
46869,103,93,10,10
46870,32,74,-42,42
46871,126,124,2,2
46872,132,127,5,5
46873,49,50,-1,1
46874,107,102,5,5
46875,121,127,-6,6
46876,132,121,11,11
46877,75,71,4,4
46878,71,74,-3,3
46879,69,78,-9,9
46880,158,143,15,15
46881,73,69,4,4
46882,146,129,17,17
46883,49,61,-12,12
46884,124,120,4,4
46885,71,67,4,4
46886,43,41,2,2
46887,94,95,-1,1
46888,120,126,-6,6
46889,107,102,5,5
46890,83,75,8,8
46891,111,102,9,9
46892,79,80,-1,1
46893,93,95,-2,2
46894,130,126,4,4
46895,119,108,11,11
46896,80,74,6,6
46897,80,71,9,9
46898,76,74,2,2
46899,101,100,1,1
46900,131,122,9,9
46901,91,93,-2,2
46902,81,85,-4,4
46903,102,100,2,2
46904,108,89,19,19
46905,79,78,1,1
46906,121,106,15,15
46907,135,133,2,2
46908,68,80,-12,12
46909,104,108,-4,4
46910,44,42,2,2
46911,103,106,-3,3
46912,136,137,-1,1
46913,107,90,17,17
46914,78,89,-11,11
46915,75,75,0,0
46916,37,39,-2,2
46917,24,33,-9,9
46918,166,161,5,5
46919,134,124,10,10
46920,116,111,5,5
46921,85,81,4,4
46922,130,125,5,5
46923,150,137,13,13
46924,103,92,11,11
46925,92,86,6,6
46926,127,124,3,3
46927,72,73,-1,1
46928,95,97,-2,2
46929,56,57,-1,1
46930,170,146,24,24
46931,106,94,12,12
46932,78,79,-1,1
46933,135,132,3,3
46934,113,102,11,11
46935,191,175,16,16
46936,61,67,-6,6
46937,95,83,12,12
46938,119,112,7,7
46939,114,100,14,14
46940,88,84,4,4
46941,71,67,4,4
46942,76,73,3,3
46943,50,56,-6,6
46944,69,67,2,2
46945,51,74,-23,23
46946,74,81,-7,7
46947,79,75,4,4
46948,74,82,-8,8
46949,113,115,-2,2
46950,99,105,-6,6
46951,86,85,1,1
46952,91,88,3,3
46953,83,93,-10,10
46954,106,96,10,10
46955,66,65,1,1
46956,74,68,6,6
46957,78,75,3,3
46958,101,99,2,2
46959,78,83,-5,5
46960,91,99,-8,8
46961,94,96,-2,2
46962,86,85,1,1
46963,64,67,-3,3
46964,98,78,20,20
46965,100,108,-8,8
46966,148,131,17,17
46967,96,103,-7,7
46968,135,118,17,17
46969,123,133,-10,10
46970,65,66,-1,1
46971,86,79,7,7
46972,86,82,4,4
46973,93,90,3,3
46974,106,103,3,3
46975,122,109,13,13
46976,75,86,-11,11
46977,86,83,3,3
46978,51,50,1,1
46979,56,59,-3,3
46980,125,130,-5,5
46981,92,85,7,7
46982,108,114,-6,6
46983,151,139,12,12
46984,83,83,0,0
46985,66,70,-4,4
46986,138,123,15,15
46987,120,120,0,0
46988,79,71,8,8
46989,86,91,-5,5
46990,163,159,4,4
46991,112,111,1,1
46992,98,88,10,10
46993,40,67,-27,27
46994,85,87,-2,2
46995,73,77,-4,4
46996,84,91,-7,7
46997,127,125,2,2
46998,113,100,13,13
46999,116,107,9,9
47000,91,94,-3,3
47001,91,73,18,18
47002,50,54,-4,4
47003,78,79,-1,1
47004,90,91,-1,1
47005,125,115,10,10
47006,84,87,-3,3
47007,79,72,7,7
47008,69,66,3,3
47009,115,98,17,17
47010,227,233,-6,6
47011,107,107,0,0
47012,136,155,-19,19
47013,88,84,4,4
47014,117,115,2,2
47015,81,82,-1,1
47016,150,138,12,12
47017,101,115,-14,14
47018,169,158,11,11
47019,75,79,-4,4
47020,146,144,2,2
47021,96,90,6,6
47022,66,66,0,0
47023,73,70,3,3
47024,85,92,-7,7
47025,104,88,16,16
47026,53,56,-3,3
47027,148,152,-4,4
47028,119,111,8,8
47029,45,42,3,3
47030,72,73,-1,1
47031,126,124,2,2
47032,64,62,2,2
47033,119,117,2,2
47034,89,94,-5,5
47035,139,133,6,6
47036,111,114,-3,3
47037,100,104,-4,4
47038,82,82,0,0
47039,138,130,8,8
47040,47,48,-1,1
47041,167,145,22,22
47042,63,63,0,0
47043,118,109,9,9
47044,201,194,7,7
47045,82,87,-5,5
47046,91,93,-2,2
47047,81,79,2,2
47048,91,85,6,6
47049,119,106,13,13
47050,88,79,9,9
47051,76,78,-2,2
47052,86,85,1,1
47053,47,49,-2,2
47054,134,127,7,7
47055,96,94,2,2
47056,82,78,4,4
47057,82,77,5,5
47058,89,86,3,3
47059,99,102,-3,3
47060,93,95,-2,2
47061,87,87,0,0
47062,62,76,-14,14
47063,58,54,4,4
47064,82,82,0,0
47065,142,141,1,1
47066,101,94,7,7
47067,127,113,14,14
47068,46,48,-2,2
47069,116,107,9,9
47070,54,61,-7,7
47071,71,70,1,1
47072,121,133,-12,12
47073,80,79,1,1
47074,86,83,3,3
47075,119,113,6,6
47076,71,75,-4,4
47077,171,154,17,17
47078,126,110,16,16
47079,57,55,2,2
47080,99,97,2,2
47081,55,66,-11,11
47082,77,77,0,0
47083,110,102,8,8
47084,77,98,-21,21
47085,111,107,4,4
47086,164,157,7,7
47087,104,94,10,10
47088,85,84,1,1
47089,75,78,-3,3
47090,119,105,14,14
47091,82,82,0,0
47092,122,106,16,16
47093,111,109,2,2
47094,102,92,10,10
47095,54,52,2,2
47096,96,90,6,6
47097,65,66,-1,1
47098,135,132,3,3
47099,79,74,5,5
47100,92,76,16,16
47101,56,58,-2,2
47102,109,93,16,16
47103,124,119,5,5
47104,65,70,-5,5
47105,84,83,1,1
47106,107,101,6,6
47107,114,107,7,7
47108,92,80,12,12
47109,129,118,11,11
47110,159,146,13,13
47111,80,82,-2,2
47112,106,104,2,2
47113,76,74,2,2
47114,81,91,-10,10
47115,115,111,4,4
47116,89,96,-7,7
47117,66,70,-4,4
47118,49,54,-5,5
47119,74,70,4,4
47120,77,71,6,6
47121,98,93,5,5
47122,181,162,19,19
47123,65,66,-1,1
47124,125,118,7,7
47125,120,120,0,0
47126,92,82,10,10
47127,125,113,12,12
47128,97,92,5,5
47129,113,98,15,15
47130,69,72,-3,3
47131,41,48,-7,7
47132,112,109,3,3
47133,93,81,12,12
47134,77,75,2,2
47135,114,122,-8,8
47136,90,85,5,5
47137,119,121,-2,2
47138,85,92,-7,7
47139,99,105,-6,6
47140,113,88,25,25
47141,112,116,-4,4
47142,43,47,-4,4
47143,73,70,3,3
47144,149,140,9,9
47145,72,75,-3,3
47146,62,66,-4,4
47147,74,72,2,2
47148,197,179,18,18
47149,93,97,-4,4
47150,103,75,28,28
47151,96,90,6,6
47152,191,159,32,32
47153,116,108,8,8
47154,75,71,4,4
47155,99,103,-4,4
47156,94,83,11,11
47157,124,127,-3,3
47158,83,79,4,4
47159,131,120,11,11
47160,108,94,14,14
47161,108,118,-10,10
47162,77,75,2,2
47163,77,65,12,12
47164,126,117,9,9
47165,59,81,-22,22
47166,101,109,-8,8
47167,121,115,6,6
47168,116,118,-2,2
47169,124,113,11,11
47170,69,63,6,6
47171,160,143,17,17
47172,67,76,-9,9
47173,111,115,-4,4
47174,80,101,-21,21
47175,44,46,-2,2
47176,89,83,6,6
47177,92,86,6,6
47178,105,107,-2,2
47179,113,98,15,15
47180,83,82,1,1
47181,54,49,5,5
47182,47,51,-4,4
47183,105,96,9,9
47184,65,64,1,1
47185,118,106,12,12
47186,115,97,18,18
47187,92,94,-2,2
47188,69,58,11,11
47189,42,47,-5,5
47190,64,60,4,4
47191,119,118,1,1
47192,142,125,17,17
47193,117,105,12,12
47194,67,74,-7,7
47195,157,145,12,12
47196,57,60,-3,3
47197,122,108,14,14
47198,84,71,13,13
47199,112,109,3,3
47200,96,94,2,2
47201,75,71,4,4
47202,86,85,1,1
47203,168,148,20,20
47204,128,108,20,20
47205,111,102,9,9
47206,95,95,0,0
47207,74,82,-8,8
47208,101,87,14,14
47209,69,64,5,5
47210,160,155,5,5
47211,139,123,16,16
47212,24,58,-34,34
47213,89,81,8,8
47214,102,99,3,3
47215,49,51,-2,2
47216,94,101,-7,7
47217,76,71,5,5
47218,170,145,25,25
47219,158,146,12,12
47220,31,80,-49,49
47221,66,69,-3,3
47222,106,90,16,16
47223,60,70,-10,10
47224,77,79,-2,2
47225,68,66,2,2
47226,129,121,8,8
47227,60,57,3,3
47228,106,104,2,2
47229,64,62,2,2
47230,67,64,3,3
47231,85,85,0,0
47232,79,69,10,10
47233,175,162,13,13
47234,20,60,-40,40
47235,169,149,20,20
47236,90,91,-1,1
47237,74,74,0,0
47238,68,79,-11,11
47239,52,63,-11,11
47240,81,85,-4,4
47241,106,107,-1,1
47242,113,111,2,2
47243,64,69,-5,5
47244,98,96,2,2
47245,120,119,1,1
47246,85,80,5,5
47247,70,64,6,6
47248,121,113,8,8
47249,132,118,14,14
47250,50,44,6,6
47251,68,76,-8,8
47252,55,55,0,0
47253,122,109,13,13
47254,107,93,14,14
47255,69,73,-4,4
47256,115,109,6,6
47257,118,111,7,7
47258,184,202,-18,18
47259,78,88,-10,10
47260,47,52,-5,5
47261,65,66,-1,1
47262,109,93,16,16
47263,89,78,11,11
47264,141,137,4,4
47265,68,86,-18,18
47266,167,143,24,24
47267,68,75,-7,7
47268,86,86,0,0
47269,93,88,5,5
47270,91,87,4,4
47271,65,70,-5,5
47272,132,129,3,3
47273,91,90,1,1
47274,71,65,6,6
47275,71,65,6,6
47276,120,120,0,0
47277,118,109,9,9
47278,117,114,3,3
47279,157,150,7,7
47280,73,76,-3,3
47281,108,107,1,1
47282,82,69,13,13
47283,122,113,9,9
47284,143,144,-1,1
47285,172,154,18,18
47286,76,66,10,10
47287,130,132,-2,2
47288,61,58,3,3
47289,65,70,-5,5
47290,128,116,12,12
47291,98,91,7,7
47292,161,161,0,0
47293,56,53,3,3
47294,97,128,-31,31
47295,176,186,-10,10
47296,125,116,9,9
47297,115,105,10,10
47298,81,81,0,0
47299,103,98,5,5
47300,53,55,-2,2
47301,173,163,10,10
47302,132,121,11,11
47303,129,119,10,10
47304,120,115,5,5
47305,123,108,15,15
47306,203,157,46,46
47307,59,49,10,10
47308,67,68,-1,1
47309,132,116,16,16
47310,182,157,25,25
47311,143,141,2,2
47312,97,84,13,13
47313,91,83,8,8
47314,96,104,-8,8
47315,91,87,4,4
47316,87,80,7,7
47317,143,143,0,0
47318,65,54,11,11
47319,78,66,12,12
47320,78,76,2,2
47321,140,135,5,5
47322,93,93,0,0
47323,52,55,-3,3
47324,95,100,-5,5
47325,96,84,12,12
47326,72,72,0,0
47327,113,112,1,1
47328,97,89,8,8
47329,77,76,1,1
47330,71,74,-3,3
47331,58,59,-1,1
47332,72,71,1,1
47333,210,180,30,30
47334,97,88,9,9
47335,141,142,-1,1
47336,130,126,4,4
47337,105,103,2,2
47338,66,71,-5,5
47339,78,85,-7,7
47340,96,97,-1,1
47341,120,115,5,5
47342,57,62,-5,5
47343,162,151,11,11
47344,134,131,3,3
47345,161,146,15,15
47346,171,165,6,6
47347,91,96,-5,5
47348,46,48,-2,2
47349,128,115,13,13
47350,113,95,18,18
47351,96,87,9,9
47352,55,54,1,1
47353,101,100,1,1
47354,146,134,12,12
47355,83,118,-35,35
47356,41,44,-3,3
47357,117,113,4,4
47358,118,118,0,0
47359,89,91,-2,2
47360,88,86,2,2
47361,37,35,2,2
47362,68,70,-2,2
47363,53,49,4,4
47364,106,99,7,7
47365,125,113,12,12
47366,79,78,1,1
47367,100,93,7,7
47368,99,105,-6,6
47369,99,98,1,1
47370,130,120,10,10
47371,75,81,-6,6
47372,101,93,8,8
47373,90,88,2,2
47374,154,137,17,17
47375,116,107,9,9
47376,60,72,-12,12
47377,144,142,2,2
47378,75,75,0,0
47379,110,102,8,8
47380,124,124,0,0
47381,79,88,-9,9
47382,38,44,-6,6
47383,90,89,1,1
47384,84,74,10,10
47385,76,79,-3,3
47386,88,89,-1,1
47387,124,124,0,0
47388,76,81,-5,5
47389,84,81,3,3
47390,75,75,0,0
47391,78,77,1,1
47392,48,53,-5,5
47393,70,76,-6,6
47394,125,114,11,11
47395,129,127,2,2
47396,75,71,4,4
47397,91,98,-7,7
47398,108,105,3,3
47399,100,91,9,9
47400,56,66,-10,10
47401,140,123,17,17
47402,62,58,4,4
47403,224,179,45,45
47404,109,111,-2,2
47405,159,153,6,6
47406,90,91,-1,1
47407,125,115,10,10
47408,96,95,1,1
47409,74,88,-14,14
47410,109,112,-3,3
47411,84,82,2,2
47412,50,50,0,0
47413,146,135,11,11
47414,116,99,17,17
47415,93,85,8,8
47416,92,82,10,10
47417,72,67,5,5
47418,159,137,22,22
47419,79,75,4,4
47420,117,106,11,11
47421,92,79,13,13
47422,102,98,4,4
47423,61,64,-3,3
47424,55,49,6,6
47425,91,75,16,16
47426,94,85,9,9
47427,64,67,-3,3
47428,121,111,10,10
47429,50,49,1,1
47430,91,86,5,5
47431,87,84,3,3
47432,100,91,9,9
47433,60,59,1,1
47434,139,133,6,6
47435,77,74,3,3
47436,54,57,-3,3
47437,117,93,24,24
47438,105,112,-7,7
47439,105,97,8,8
47440,78,79,-1,1
47441,108,94,14,14
47442,111,119,-8,8
47443,112,113,-1,1
47444,69,67,2,2
47445,100,104,-4,4
47446,96,92,4,4
47447,31,45,-14,14
47448,75,68,7,7
47449,68,70,-2,2
47450,53,56,-3,3
47451,63,65,-2,2
47452,85,78,7,7
47453,126,123,3,3
47454,107,104,3,3
47455,130,122,8,8
47456,65,65,0,0
47457,73,72,1,1
47458,107,106,1,1
47459,121,116,5,5
47460,99,98,1,1
47461,92,94,-2,2
47462,170,161,9,9
47463,85,69,16,16
47464,142,129,13,13
47465,86,84,2,2
47466,63,66,-3,3
47467,121,109,12,12
47468,84,91,-7,7
47469,66,65,1,1
47470,60,59,1,1
47471,68,64,4,4
47472,113,122,-9,9
47473,101,98,3,3
47474,48,54,-6,6
47475,154,148,6,6
47476,160,147,13,13
47477,102,91,11,11
47478,94,93,1,1
47479,84,78,6,6
47480,107,111,-4,4
47481,66,68,-2,2
47482,87,91,-4,4
47483,84,73,11,11
47484,86,89,-3,3
47485,101,71,30,30
47486,83,77,6,6
47487,70,62,8,8
47488,104,89,15,15
47489,78,74,4,4
47490,69,69,0,0
47491,172,153,19,19
47492,66,73,-7,7
47493,96,89,7,7
47494,73,73,0,0
47495,122,128,-6,6
47496,66,76,-10,10
47497,78,79,-1,1
47498,70,119,-49,49
47499,62,69,-7,7
47500,64,64,0,0
47501,189,166,23,23
47502,101,97,4,4
47503,83,80,3,3
47504,88,80,8,8
47505,108,98,10,10
47506,109,103,6,6
47507,50,47,3,3
47508,100,93,7,7
47509,98,92,6,6
47510,74,66,8,8
47511,151,133,18,18
47512,67,70,-3,3
47513,145,131,14,14
47514,99,97,2,2
47515,79,78,1,1
47516,66,71,-5,5
47517,87,78,9,9
47518,104,91,13,13
47519,75,68,7,7
47520,81,71,10,10
47521,79,84,-5,5
47522,82,78,4,4
47523,202,176,26,26
47524,64,59,5,5
47525,142,135,7,7
47526,77,84,-7,7
47527,95,104,-9,9
47528,127,125,2,2
47529,89,92,-3,3
47530,136,138,-2,2
47531,63,68,-5,5
47532,123,114,9,9
47533,113,103,10,10
47534,98,97,1,1
47535,136,115,21,21
47536,124,112,12,12
47537,124,117,7,7
47538,162,143,19,19
47539,81,92,-11,11
47540,93,91,2,2
47541,83,86,-3,3
47542,127,109,18,18
47543,60,55,5,5
47544,83,85,-2,2
47545,60,62,-2,2
47546,103,108,-5,5
47547,93,77,16,16
47548,78,77,1,1
47549,97,88,9,9
47550,73,68,5,5
47551,128,117,11,11
47552,92,95,-3,3
47553,37,42,-5,5
47554,154,144,10,10
47555,60,67,-7,7
47556,94,88,6,6
47557,103,97,6,6
47558,72,74,-2,2
47559,65,72,-7,7
47560,85,87,-2,2
47561,111,103,8,8
47562,88,88,0,0
47563,110,96,14,14
47564,102,95,7,7
47565,59,56,3,3
47566,89,77,12,12
47567,113,97,16,16
47568,65,72,-7,7
47569,148,137,11,11
47570,83,82,1,1
47571,81,78,3,3
47572,88,83,5,5
47573,67,70,-3,3
47574,44,50,-6,6
47575,98,100,-2,2
47576,89,86,3,3
47577,85,85,0,0
47578,165,142,23,23
47579,58,66,-8,8
47580,118,107,11,11
47581,138,114,24,24
47582,85,77,8,8
47583,77,78,-1,1
47584,58,58,0,0
47585,78,73,5,5
47586,94,105,-11,11
47587,51,60,-9,9
47588,109,113,-4,4
47589,72,78,-6,6
47590,71,70,1,1
47591,83,88,-5,5
47592,97,93,4,4
47593,81,82,-1,1
47594,192,199,-7,7
47595,152,139,13,13
47596,101,98,3,3
47597,65,59,6,6
47598,77,78,-1,1
47599,130,117,13,13
47600,124,94,30,30
47601,89,92,-3,3
47602,105,110,-5,5
47603,85,81,4,4
47604,147,140,7,7
47605,108,118,-10,10
47606,86,84,2,2
47607,66,70,-4,4
47608,62,65,-3,3
47609,74,67,7,7
47610,144,118,26,26
47611,77,74,3,3
47612,53,47,6,6
47613,81,72,9,9
47614,121,115,6,6
47615,71,67,4,4
47616,75,62,13,13
47617,105,93,12,12
47618,98,102,-4,4
47619,133,131,2,2
47620,115,113,2,2
47621,56,56,0,0
47622,139,130,9,9
47623,108,109,-1,1
47624,207,178,29,29
47625,43,58,-15,15
47626,135,123,12,12
47627,122,119,3,3
47628,61,67,-6,6
47629,97,87,10,10
47630,77,71,6,6
47631,123,102,21,21
47632,59,65,-6,6
47633,113,114,-1,1
47634,125,116,9,9
47635,88,87,1,1
47636,72,66,6,6
47637,137,133,4,4
47638,113,100,13,13
47639,112,103,9,9
47640,60,66,-6,6
47641,106,102,4,4
47642,143,139,4,4
47643,91,91,0,0
47644,95,85,10,10
47645,155,132,23,23
47646,106,105,1,1
47647,103,114,-11,11
47648,142,125,17,17
47649,76,71,5,5
47650,115,118,-3,3
47651,96,114,-18,18
47652,103,93,10,10
47653,106,106,0,0
47654,67,64,3,3
47655,100,93,7,7
47656,103,91,12,12
47657,72,73,-1,1
47658,142,130,12,12
47659,32,49,-17,17
47660,137,133,4,4
47661,57,65,-8,8
47662,69,74,-5,5
47663,47,50,-3,3
47664,82,78,4,4
47665,113,101,12,12
47666,81,87,-6,6
47667,96,93,3,3
47668,67,66,1,1
47669,138,126,12,12
47670,73,70,3,3
47671,62,77,-15,15
47672,45,52,-7,7
47673,106,99,7,7
47674,65,65,0,0
47675,79,80,-1,1
47676,109,115,-6,6
47677,147,134,13,13
47678,67,67,0,0
47679,94,88,6,6
47680,73,71,2,2
47681,57,65,-8,8
47682,124,108,16,16
47683,68,71,-3,3
47684,89,81,8,8
47685,105,91,14,14
47686,64,76,-12,12
47687,78,84,-6,6
47688,108,96,12,12
47689,171,157,14,14
47690,92,83,9,9
47691,63,66,-3,3
47692,66,70,-4,4
47693,85,88,-3,3
47694,134,126,8,8
47695,73,73,0,0
47696,85,82,3,3
47697,81,75,6,6
47698,119,112,7,7
47699,64,61,3,3
47700,73,69,4,4
47701,120,105,15,15
47702,122,112,10,10
47703,97,100,-3,3
47704,69,72,-3,3
47705,88,86,2,2
47706,86,85,1,1
47707,87,84,3,3
47708,152,139,13,13
47709,65,65,0,0
47710,37,47,-10,10
47711,125,105,20,20
47712,117,122,-5,5
47713,72,71,1,1
47714,120,132,-12,12
47715,67,66,1,1
47716,147,138,9,9
47717,142,131,11,11
47718,111,96,15,15
47719,104,100,4,4
47720,90,81,9,9
47721,76,73,3,3
47722,82,72,10,10
47723,122,93,29,29
47724,176,159,17,17
47725,97,77,20,20
47726,84,83,1,1
47727,94,89,5,5
47728,175,173,2,2
47729,90,92,-2,2
47730,62,65,-3,3
47731,116,102,14,14
47732,137,128,9,9
47733,141,129,12,12
47734,96,103,-7,7
47735,99,92,7,7
47736,66,60,6,6
47737,183,171,12,12
47738,64,61,3,3
47739,137,141,-4,4
47740,51,53,-2,2
47741,35,41,-6,6
47742,137,122,15,15
47743,151,150,1,1
47744,115,109,6,6
47745,94,87,7,7
47746,42,42,0,0
47747,57,65,-8,8
47748,102,102,0,0
47749,59,59,0,0
47750,73,82,-9,9
47751,80,78,2,2
47752,102,105,-3,3
47753,111,107,4,4
47754,150,147,3,3
47755,149,135,14,14
47756,129,116,13,13
47757,35,58,-23,23
47758,50,54,-4,4
47759,85,77,8,8
47760,90,84,6,6
47761,129,112,17,17
47762,111,110,1,1
47763,80,85,-5,5
47764,165,165,0,0
47765,69,69,0,0
47766,132,116,16,16
47767,145,129,16,16
47768,51,51,0,0
47769,152,136,16,16
47770,64,60,4,4
47771,168,151,17,17
47772,100,102,-2,2
47773,72,65,7,7
47774,86,83,3,3
47775,67,72,-5,5
47776,71,72,-1,1
47777,156,146,10,10
47778,92,86,6,6
47779,93,93,0,0
47780,95,97,-2,2
47781,113,105,8,8
47782,105,97,8,8
47783,77,82,-5,5
47784,96,104,-8,8
47785,103,103,0,0
47786,76,88,-12,12
47787,77,72,5,5
47788,103,91,12,12
47789,80,78,2,2
47790,72,75,-3,3
47791,98,94,4,4
47792,94,85,9,9
47793,145,148,-3,3
47794,57,52,5,5
47795,95,86,9,9
47796,97,77,20,20
47797,160,142,18,18
47798,161,152,9,9
47799,71,69,2,2
47800,95,86,9,9
47801,100,94,6,6
47802,57,48,9,9
47803,96,92,4,4
47804,70,69,1,1
47805,51,78,-27,27
47806,70,70,0,0
47807,27,34,-7,7
47808,93,83,10,10
47809,110,104,6,6
47810,128,119,9,9
47811,146,144,2,2
47812,81,70,11,11
47813,100,92,8,8
47814,77,69,8,8
47815,57,59,-2,2
47816,110,103,7,7
47817,90,90,0,0
47818,105,109,-4,4
47819,91,79,12,12
47820,158,148,10,10
47821,79,74,5,5
47822,52,50,2,2
47823,86,82,4,4
47824,100,98,2,2
47825,65,65,0,0
47826,116,105,11,11
47827,75,67,8,8
47828,95,88,7,7
47829,71,74,-3,3
47830,87,90,-3,3
47831,79,68,11,11
47832,77,73,4,4
47833,55,56,-1,1
47834,94,93,1,1
47835,99,96,3,3
47836,98,97,1,1
47837,95,105,-10,10
47838,123,123,0,0
47839,76,89,-13,13
47840,157,157,0,0
47841,75,77,-2,2
47842,114,106,8,8
47843,47,43,4,4
47844,110,103,7,7
47845,122,110,12,12
47846,89,97,-8,8
47847,65,69,-4,4
47848,63,67,-4,4
47849,140,124,16,16
47850,101,98,3,3
47851,132,126,6,6
47852,175,177,-2,2
47853,79,75,4,4
47854,97,89,8,8
47855,108,92,16,16
47856,76,68,8,8
47857,80,74,6,6
47858,114,99,15,15
47859,160,157,3,3
47860,101,88,13,13
47861,143,126,17,17
47862,40,43,-3,3
47863,151,140,11,11
47864,111,119,-8,8
47865,105,118,-13,13
47866,93,85,8,8
47867,121,120,1,1
47868,162,147,15,15
47869,91,98,-7,7
47870,86,83,3,3
47871,133,132,1,1
47872,69,72,-3,3
47873,110,111,-1,1
47874,76,69,7,7
47875,70,75,-5,5
47876,129,104,25,25
47877,105,92,13,13
47878,118,111,7,7
47879,51,56,-5,5
47880,155,143,12,12
47881,80,78,2,2
47882,91,103,-12,12
47883,87,83,4,4
47884,61,72,-11,11
47885,65,65,0,0
47886,85,84,1,1
47887,89,86,3,3
47888,62,62,0,0
47889,85,88,-3,3
47890,65,74,-9,9
47891,127,119,8,8
47892,94,93,1,1
47893,106,100,6,6
47894,72,68,4,4
47895,115,109,6,6
47896,100,89,11,11
47897,56,53,3,3
47898,78,86,-8,8
47899,100,97,3,3
47900,94,89,5,5
47901,104,95,9,9
47902,76,82,-6,6
47903,100,93,7,7
47904,114,103,11,11
47905,94,81,13,13
47906,92,91,1,1
47907,51,53,-2,2
47908,129,124,5,5
47909,30,41,-11,11
47910,91,102,-11,11
47911,72,72,0,0
47912,99,97,2,2
47913,59,56,3,3
47914,103,93,10,10
47915,140,116,24,24
47916,71,72,-1,1
47917,77,77,0,0
47918,108,107,1,1
47919,87,74,13,13
47920,150,142,8,8
47921,108,112,-4,4
47922,78,72,6,6
47923,143,130,13,13
47924,109,116,-7,7
47925,81,81,0,0
47926,82,87,-5,5
47927,46,44,2,2
47928,142,127,15,15
47929,54,54,0,0
47930,89,92,-3,3
47931,53,52,1,1
47932,73,68,5,5
47933,74,69,5,5
47934,43,41,2,2
47935,89,86,3,3
47936,71,75,-4,4
47937,62,77,-15,15
47938,59,66,-7,7
47939,114,105,9,9
47940,56,55,1,1
47941,94,94,0,0
47942,102,109,-7,7
47943,112,102,10,10
47944,75,74,1,1
47945,77,87,-10,10
47946,124,117,7,7
47947,128,114,14,14
47948,70,74,-4,4
47949,84,129,-45,45
47950,151,134,17,17
47951,113,101,12,12
47952,85,80,5,5
47953,82,101,-19,19
47954,163,160,3,3
47955,124,131,-7,7
47956,80,71,9,9
47957,122,143,-21,21
47958,88,77,11,11
47959,66,64,2,2
47960,83,81,2,2
47961,118,109,9,9
47962,57,55,2,2
47963,66,71,-5,5
47964,108,100,8,8
47965,93,95,-2,2
47966,51,52,-1,1
47967,171,154,17,17
47968,114,100,14,14
47969,45,47,-2,2
47970,86,82,4,4
47971,62,68,-6,6
47972,67,67,0,0
47973,76,77,-1,1
47974,108,111,-3,3
47975,100,116,-16,16
47976,139,130,9,9
47977,115,111,4,4
47978,144,110,34,34
47979,90,79,11,11
47980,91,78,13,13
47981,75,77,-2,2
47982,135,126,9,9
47983,67,74,-7,7
47984,117,98,19,19
47985,127,111,16,16
47986,59,58,1,1
47987,48,54,-6,6
47988,69,66,3,3
47989,93,78,15,15
47990,123,122,1,1
47991,131,139,-8,8
47992,105,99,6,6
47993,121,122,-1,1
47994,111,112,-1,1
47995,43,46,-3,3
47996,131,123,8,8
47997,133,119,14,14
47998,74,71,3,3
47999,154,129,25,25
48000,36,42,-6,6
48001,83,88,-5,5
48002,114,111,3,3
48003,115,103,12,12
48004,117,109,8,8
48005,129,120,9,9
48006,119,112,7,7
48007,65,66,-1,1
48008,88,89,-1,1
48009,80,71,9,9
48010,43,44,-1,1
48011,68,70,-2,2
48012,157,140,17,17
48013,104,100,4,4
48014,56,52,4,4
48015,52,58,-6,6
48016,115,106,9,9
48017,64,63,1,1
48018,139,131,8,8
48019,58,57,1,1
48020,105,104,1,1
48021,196,186,10,10
48022,117,102,15,15
48023,108,89,19,19
48024,109,114,-5,5
48025,53,51,2,2
48026,97,85,12,12
48027,89,90,-1,1
48028,136,124,12,12
48029,156,156,0,0
48030,107,94,13,13
48031,48,46,2,2
48032,108,110,-2,2
48033,151,132,19,19
48034,71,85,-14,14
48035,99,89,10,10
48036,119,99,20,20
48037,131,126,5,5
48038,72,73,-1,1
48039,112,104,8,8
48040,142,150,-8,8
48041,130,123,7,7
48042,103,105,-2,2
48043,136,127,9,9
48044,61,61,0,0
48045,93,87,6,6
48046,124,122,2,2
48047,44,51,-7,7
48048,166,168,-2,2
48049,134,131,3,3
48050,85,81,4,4
48051,56,65,-9,9
48052,58,68,-10,10
48053,95,90,5,5
48054,113,106,7,7
48055,80,86,-6,6
48056,105,95,10,10
48057,56,53,3,3
48058,79,85,-6,6
48059,77,83,-6,6
48060,90,85,5,5
48061,68,74,-6,6
48062,65,69,-4,4
48063,95,91,4,4
48064,51,57,-6,6
48065,99,83,16,16
48066,81,71,10,10
48067,116,97,19,19
48068,72,68,4,4
48069,55,64,-9,9
48070,144,135,9,9
48071,74,78,-4,4
48072,135,136,-1,1
48073,60,66,-6,6
48074,76,84,-8,8
48075,144,114,30,30
48076,141,118,23,23
48077,80,63,17,17
48078,74,81,-7,7
48079,83,80,3,3
48080,76,69,7,7
48081,100,93,7,7
48082,97,91,6,6
48083,141,116,25,25
48084,109,102,7,7
48085,87,105,-18,18
48086,104,99,5,5
48087,69,67,2,2
48088,60,67,-7,7
48089,71,73,-2,2
48090,64,67,-3,3
48091,69,74,-5,5
48092,92,88,4,4
48093,93,87,6,6
48094,88,83,5,5
48095,11,30,-19,19
48096,132,117,15,15
48097,62,70,-8,8
48098,73,88,-15,15
48099,110,98,12,12
48100,84,86,-2,2
48101,63,52,11,11
48102,110,108,2,2
48103,61,59,2,2
48104,81,86,-5,5
48105,107,112,-5,5
48106,161,143,18,18
48107,66,61,5,5
48108,59,68,-9,9
48109,115,120,-5,5
48110,113,104,9,9
48111,125,123,2,2
48112,104,101,3,3
48113,90,85,5,5
48114,84,80,4,4
48115,101,102,-1,1
48116,151,135,16,16
48117,127,114,13,13
48118,102,92,10,10
48119,85,86,-1,1
48120,64,70,-6,6
48121,114,112,2,2
48122,104,97,7,7
48123,99,102,-3,3
48124,60,62,-2,2
48125,102,103,-1,1
48126,125,116,9,9
48127,109,120,-11,11
48128,106,96,10,10
48129,91,88,3,3
48130,54,67,-13,13
48131,86,98,-12,12
48132,108,112,-4,4
48133,61,67,-6,6
48134,63,79,-16,16
48135,112,106,6,6
48136,35,36,-1,1
48137,86,82,4,4
48138,79,80,-1,1
48139,112,107,5,5
48140,180,172,8,8
48141,94,83,11,11
48142,125,115,10,10
48143,82,76,6,6
48144,94,98,-4,4
48145,83,75,8,8
48146,93,94,-1,1
48147,89,87,2,2
48148,63,65,-2,2
48149,120,119,1,1
48150,91,76,15,15
48151,102,123,-21,21
48152,70,73,-3,3
48153,66,63,3,3
48154,73,68,5,5
48155,122,103,19,19
48156,50,55,-5,5
48157,65,69,-4,4
48158,146,133,13,13
48159,72,76,-4,4
48160,109,96,13,13
48161,67,72,-5,5
48162,138,128,10,10
48163,78,78,0,0
48164,143,137,6,6
48165,82,80,2,2
48166,147,153,-6,6
48167,115,108,7,7
48168,107,109,-2,2
48169,60,65,-5,5
48170,95,83,12,12
48171,95,93,2,2
48172,39,50,-11,11
48173,75,85,-10,10
48174,61,65,-4,4
48175,194,198,-4,4
48176,67,73,-6,6
48177,104,92,12,12
48178,79,80,-1,1
48179,57,74,-17,17
48180,45,48,-3,3
48181,66,68,-2,2
48182,70,72,-2,2
48183,61,76,-15,15
48184,93,86,7,7
48185,104,100,4,4
48186,122,133,-11,11
48187,64,65,-1,1
48188,68,70,-2,2
48189,132,128,4,4
48190,55,54,1,1
48191,117,112,5,5
48192,89,79,10,10
48193,83,89,-6,6
48194,94,100,-6,6
48195,59,53,6,6
48196,149,136,13,13
48197,77,81,-4,4
48198,92,92,0,0
48199,84,74,10,10
48200,71,69,2,2
48201,75,69,6,6
48202,123,113,10,10
48203,108,111,-3,3
48204,90,92,-2,2
48205,99,86,13,13
48206,38,42,-4,4
48207,59,67,-8,8
48208,104,96,8,8
48209,114,123,-9,9
48210,83,85,-2,2
48211,182,157,25,25
48212,89,92,-3,3
48213,77,67,10,10
48214,146,130,16,16
48215,74,75,-1,1
48216,73,68,5,5
48217,71,69,2,2
48218,70,64,6,6
48219,139,140,-1,1
48220,75,56,19,19
48221,110,126,-16,16
48222,106,103,3,3
48223,150,144,6,6
48224,132,123,9,9
48225,108,94,14,14
48226,56,61,-5,5
48227,133,127,6,6
48228,123,107,16,16
48229,58,52,6,6
48230,73,73,0,0
48231,118,105,13,13
48232,83,81,2,2
48233,66,67,-1,1
48234,83,81,2,2
48235,89,88,1,1
48236,87,93,-6,6
48237,95,88,7,7
48238,57,63,-6,6
48239,124,123,1,1
48240,136,132,4,4
48241,102,98,4,4
48242,123,122,1,1
48243,53,53,0,0
48244,59,65,-6,6
48245,150,129,21,21
48246,140,122,18,18
48247,88,82,6,6
48248,140,129,11,11
48249,86,87,-1,1
48250,106,96,10,10
48251,127,135,-8,8
48252,88,79,9,9
48253,99,101,-2,2
48254,83,80,3,3
48255,81,83,-2,2
48256,151,132,19,19
48257,144,142,2,2
48258,55,55,0,0
48259,66,64,2,2
48260,103,96,7,7
48261,100,92,8,8
48262,76,68,8,8
48263,115,111,4,4
48264,135,125,10,10
48265,128,109,19,19
48266,163,143,20,20
48267,81,73,8,8
48268,88,84,4,4
48269,86,110,-24,24
48270,147,132,15,15
48271,179,165,14,14
48272,98,89,9,9
48273,91,86,5,5
48274,145,136,9,9
48275,53,53,0,0
48276,122,122,0,0
48277,79,73,6,6
48278,118,130,-12,12
48279,100,86,14,14
48280,76,70,6,6
48281,148,140,8,8
48282,55,48,7,7
48283,80,80,0,0
48284,129,134,-5,5
48285,52,61,-9,9
48286,108,104,4,4
48287,71,70,1,1
48288,49,46,3,3
48289,111,100,11,11
48290,97,86,11,11
48291,106,96,10,10
48292,31,38,-7,7
48293,62,65,-3,3
48294,140,150,-10,10
48295,102,93,9,9
48296,68,57,11,11
48297,66,65,1,1
48298,98,97,1,1
48299,29,30,-1,1
48300,162,152,10,10
48301,68,69,-1,1
48302,39,47,-8,8
48303,61,60,1,1
48304,126,128,-2,2
48305,82,66,16,16
48306,95,84,11,11
48307,86,89,-3,3
48308,91,89,2,2
48309,68,80,-12,12
48310,70,70,0,0
48311,56,49,7,7
48312,113,111,2,2
48313,83,73,10,10
48314,185,165,20,20
48315,133,124,9,9
48316,98,94,4,4
48317,47,53,-6,6
48318,86,80,6,6
48319,115,105,10,10
48320,121,113,8,8
48321,130,130,0,0
48322,116,110,6,6
48323,55,50,5,5
48324,88,85,3,3
48325,158,152,6,6
48326,208,197,11,11
48327,104,94,10,10
48328,109,102,7,7
48329,94,100,-6,6
48330,49,55,-6,6
48331,66,70,-4,4
48332,135,146,-11,11
48333,112,99,13,13
48334,75,69,6,6
48335,99,96,3,3
48336,98,97,1,1
48337,77,84,-7,7
48338,108,96,12,12
48339,81,79,2,2
48340,99,104,-5,5
48341,113,90,23,23
48342,68,73,-5,5
48343,111,113,-2,2
48344,57,66,-9,9
48345,141,123,18,18
48346,96,92,4,4
48347,57,63,-6,6
48348,86,81,5,5
48349,64,82,-18,18
48350,58,51,7,7
48351,68,71,-3,3
48352,79,75,4,4
48353,128,123,5,5
48354,133,119,14,14
48355,129,132,-3,3
48356,98,87,11,11
48357,126,107,19,19
48358,68,72,-4,4
48359,98,87,11,11
48360,76,63,13,13
48361,151,130,21,21
48362,143,137,6,6
48363,81,84,-3,3
48364,154,137,17,17
48365,99,98,1,1
48366,58,63,-5,5
48367,40,44,-4,4
48368,101,100,1,1
48369,88,82,6,6
48370,102,92,10,10
48371,82,75,7,7
48372,80,76,4,4
48373,77,75,2,2
48374,91,84,7,7
48375,133,127,6,6
48376,160,141,19,19
48377,137,130,7,7
48378,110,97,13,13
48379,78,71,7,7
48380,83,78,5,5
48381,68,77,-9,9
48382,85,90,-5,5
48383,90,87,3,3
48384,51,53,-2,2
48385,95,90,5,5
48386,133,119,14,14
48387,63,66,-3,3
48388,64,63,1,1
48389,64,58,6,6
48390,128,123,5,5
48391,94,94,0,0
48392,87,87,0,0
48393,49,55,-6,6
48394,66,64,2,2
48395,53,55,-2,2
48396,99,100,-1,1
48397,55,60,-5,5
48398,166,155,11,11
48399,179,161,18,18
48400,100,94,6,6
48401,97,93,4,4
48402,139,123,16,16
48403,59,57,2,2
48404,175,158,17,17
48405,123,123,0,0
48406,72,72,0,0
48407,77,84,-7,7
48408,86,78,8,8
48409,52,56,-4,4
48410,122,130,-8,8
48411,83,81,2,2
48412,109,113,-4,4
48413,123,108,15,15
48414,72,71,1,1
48415,86,81,5,5
48416,97,107,-10,10
48417,98,89,9,9
48418,98,84,14,14
48419,72,68,4,4
48420,160,137,23,23
48421,61,57,4,4
48422,91,88,3,3
48423,65,61,4,4
48424,145,131,14,14
48425,60,58,2,2
48426,125,116,9,9
48427,57,60,-3,3
48428,117,109,8,8
48429,104,97,7,7
48430,141,128,13,13
48431,65,65,0,0
48432,78,69,9,9
48433,74,72,2,2
48434,82,81,1,1
48435,83,85,-2,2
48436,79,81,-2,2
48437,79,80,-1,1
48438,73,72,1,1
48439,154,130,24,24
48440,89,85,4,4
48441,83,88,-5,5
48442,79,77,2,2
48443,167,149,18,18
48444,103,114,-11,11
48445,89,87,2,2
48446,199,175,24,24
48447,63,73,-10,10
48448,67,61,6,6
48449,152,156,-4,4
48450,98,98,0,0
48451,78,80,-2,2
48452,78,76,2,2
48453,119,122,-3,3
48454,93,93,0,0
48455,121,120,1,1
48456,105,88,17,17
48457,184,136,48,48
48458,60,63,-3,3
48459,167,145,22,22
48460,51,58,-7,7
48461,114,116,-2,2
48462,59,57,2,2
48463,98,103,-5,5
48464,62,65,-3,3
48465,74,64,10,10
48466,87,82,5,5
48467,84,75,9,9
48468,63,61,2,2
48469,103,91,12,12
48470,133,115,18,18
48471,125,108,17,17
48472,137,133,4,4
48473,82,72,10,10
48474,145,135,10,10
48475,111,111,0,0
48476,117,110,7,7
48477,61,61,0,0
48478,107,110,-3,3
48479,127,119,8,8
48480,50,46,4,4
48481,75,69,6,6
48482,173,161,12,12
48483,162,142,20,20
48484,72,81,-9,9
48485,104,102,2,2
48486,84,79,5,5
48487,84,75,9,9
48488,99,94,5,5
48489,109,103,6,6
48490,125,126,-1,1
48491,100,99,1,1
48492,108,108,0,0
48493,118,116,2,2
48494,70,75,-5,5
48495,67,57,10,10
48496,39,45,-6,6
48497,87,83,4,4
48498,71,82,-11,11
48499,65,66,-1,1
48500,185,158,27,27
48501,89,82,7,7
48502,94,89,5,5
48503,68,67,1,1
48504,66,60,6,6
48505,126,119,7,7
48506,99,99,0,0
48507,100,94,6,6
48508,85,81,4,4
48509,38,43,-5,5
48510,170,158,12,12
48511,109,93,16,16
48512,90,78,12,12
48513,58,58,0,0
48514,52,54,-2,2
48515,162,169,-7,7
48516,60,63,-3,3
48517,99,90,9,9
48518,80,74,6,6
48519,82,91,-9,9
48520,112,108,4,4
48521,81,74,7,7
48522,112,123,-11,11
48523,160,145,15,15
48524,44,50,-6,6
48525,60,64,-4,4
48526,87,75,12,12
48527,66,59,7,7
48528,54,53,1,1
48529,158,134,24,24
48530,125,119,6,6
48531,61,66,-5,5
48532,179,163,16,16
48533,174,140,34,34
48534,86,99,-13,13
48535,86,93,-7,7
48536,79,97,-18,18
48537,60,58,2,2
48538,78,74,4,4
48539,128,122,6,6
48540,111,102,9,9
48541,98,95,3,3
48542,142,115,27,27
48543,65,64,1,1
48544,142,124,18,18
48545,176,167,9,9
48546,88,80,8,8
48547,165,155,10,10
48548,85,88,-3,3
48549,85,78,7,7
48550,88,86,2,2
48551,97,101,-4,4
48552,125,119,6,6
48553,99,91,8,8
48554,83,77,6,6
48555,97,88,9,9
48556,96,91,5,5
48557,62,66,-4,4
48558,99,105,-6,6
48559,57,59,-2,2
48560,77,81,-4,4
48561,77,80,-3,3
48562,104,123,-19,19
48563,114,103,11,11
48564,94,88,6,6
48565,67,82,-15,15
48566,112,102,10,10
48567,128,115,13,13
48568,93,90,3,3
48569,115,121,-6,6
48570,63,60,3,3
48571,67,75,-8,8
48572,136,135,1,1
48573,96,106,-10,10
48574,97,105,-8,8
48575,97,105,-8,8
48576,100,94,6,6
48577,60,62,-2,2
48578,155,169,-14,14
48579,80,88,-8,8
48580,92,104,-12,12
48581,130,121,9,9
48582,139,118,21,21
48583,121,115,6,6
48584,58,65,-7,7
48585,73,74,-1,1
48586,98,93,5,5
48587,95,96,-1,1
48588,126,111,15,15
48589,112,101,11,11
48590,82,84,-2,2
48591,105,95,10,10
48592,68,79,-11,11
48593,67,78,-11,11
48594,121,118,3,3
48595,164,138,26,26
48596,107,106,1,1
48597,110,104,6,6
48598,125,122,3,3
48599,71,68,3,3
48600,77,80,-3,3
48601,97,92,5,5
48602,114,121,-7,7
48603,140,134,6,6
48604,57,66,-9,9
48605,99,95,4,4
48606,99,90,9,9
48607,52,43,9,9
48608,83,77,6,6
48609,173,232,-59,59
48610,94,97,-3,3
48611,47,53,-6,6
48612,58,64,-6,6
48613,61,67,-6,6
48614,82,95,-13,13
48615,53,65,-12,12
48616,53,56,-3,3
48617,77,76,1,1
48618,88,94,-6,6
48619,74,73,1,1
48620,74,68,6,6
48621,150,137,13,13
48622,135,136,-1,1
48623,176,171,5,5
48624,53,60,-7,7
48625,140,132,8,8
48626,106,110,-4,4
48627,189,162,27,27
48628,104,111,-7,7
48629,71,84,-13,13
48630,66,62,4,4
48631,82,85,-3,3
48632,111,119,-8,8
48633,114,95,19,19
48634,140,137,3,3
48635,95,98,-3,3
48636,152,142,10,10
48637,101,104,-3,3
48638,67,60,7,7
48639,47,64,-17,17
48640,73,79,-6,6
48641,84,99,-15,15
48642,92,83,9,9
48643,157,148,9,9
48644,128,128,0,0
48645,96,107,-11,11
48646,91,85,6,6
48647,92,86,6,6
48648,132,122,10,10
48649,170,158,12,12
48650,103,85,18,18
48651,46,53,-7,7
48652,123,105,18,18
48653,91,75,16,16
48654,111,109,2,2
48655,144,141,3,3
48656,73,77,-4,4
48657,116,106,10,10
48658,137,135,2,2
48659,131,117,14,14
48660,37,42,-5,5
48661,84,83,1,1
48662,91,83,8,8
48663,175,171,4,4
48664,137,132,5,5
48665,91,82,9,9
48666,41,48,-7,7
48667,88,78,10,10
48668,86,80,6,6
48669,67,68,-1,1
48670,181,159,22,22
48671,108,100,8,8
48672,51,45,6,6
48673,145,133,12,12
48674,87,84,3,3
48675,42,42,0,0
48676,92,89,3,3
48677,196,174,22,22
48678,43,44,-1,1
48679,108,106,2,2
48680,131,117,14,14
48681,105,105,0,0
48682,77,78,-1,1
48683,80,80,0,0
48684,144,129,15,15
48685,120,129,-9,9
48686,70,70,0,0
48687,62,63,-1,1
48688,40,40,0,0
48689,80,73,7,7
48690,93,83,10,10
48691,41,48,-7,7
48692,90,94,-4,4
48693,82,77,5,5
48694,85,85,0,0
48695,103,94,9,9
48696,119,110,9,9
48697,65,66,-1,1
48698,85,80,5,5
48699,114,104,10,10
48700,95,88,7,7
48701,39,39,0,0
48702,89,84,5,5
48703,116,114,2,2
48704,133,134,-1,1
48705,76,76,0,0
48706,146,127,19,19
48707,55,62,-7,7
48708,170,162,8,8
48709,76,72,4,4
48710,89,87,2,2
48711,76,96,-20,20
48712,107,94,13,13
48713,69,65,4,4
48714,94,100,-6,6
48715,106,100,6,6
48716,91,76,15,15
48717,158,158,0,0
48718,110,106,4,4
48719,69,70,-1,1
48720,90,82,8,8
48721,99,91,8,8
48722,74,69,5,5
48723,94,97,-3,3
48724,70,66,4,4
48725,81,90,-9,9
48726,136,138,-2,2
48727,89,90,-1,1
48728,113,113,0,0
48729,110,96,14,14
48730,137,134,3,3
48731,100,96,4,4
48732,114,103,11,11
48733,122,102,20,20
48734,27,35,-8,8
48735,105,107,-2,2
48736,65,73,-8,8
48737,120,123,-3,3
48738,68,71,-3,3
48739,158,144,14,14
48740,76,80,-4,4
48741,123,116,7,7
48742,71,65,6,6
48743,86,88,-2,2
48744,68,76,-8,8
48745,118,110,8,8
48746,36,45,-9,9
48747,26,38,-12,12
48748,55,56,-1,1
48749,87,89,-2,2
48750,117,107,10,10
48751,36,44,-8,8
48752,112,97,15,15
48753,73,69,4,4
48754,93,87,6,6
48755,122,108,14,14
48756,117,112,5,5
48757,116,127,-11,11
48758,95,90,5,5
48759,51,48,3,3
48760,81,76,5,5
48761,88,74,14,14
48762,62,64,-2,2
48763,84,66,18,18
48764,69,73,-4,4
48765,62,68,-6,6
48766,101,104,-3,3
48767,112,110,2,2
48768,182,158,24,24
48769,51,59,-8,8
48770,89,84,5,5
48771,123,123,0,0
48772,91,88,3,3
48773,67,70,-3,3
48774,150,130,20,20
48775,61,68,-7,7
48776,107,99,8,8
48777,53,58,-5,5
48778,79,81,-2,2
48779,143,154,-11,11
48780,115,115,0,0
48781,66,69,-3,3
48782,104,99,5,5
48783,154,156,-2,2
48784,96,87,9,9
48785,165,163,2,2
48786,124,123,1,1
48787,108,101,7,7
48788,106,108,-2,2
48789,124,124,0,0
48790,91,92,-1,1
48791,98,115,-17,17
48792,74,78,-4,4
48793,146,146,0,0
48794,136,135,1,1
48795,96,109,-13,13
48796,117,114,3,3
48797,113,103,10,10
48798,118,104,14,14
48799,151,134,17,17
48800,157,150,7,7
48801,98,83,15,15
48802,136,133,3,3
48803,119,132,-13,13
48804,66,64,2,2
48805,144,132,12,12
48806,118,116,2,2
48807,186,171,15,15
48808,91,89,2,2
48809,99,94,5,5
48810,78,81,-3,3
48811,81,85,-4,4
48812,77,82,-5,5
48813,51,54,-3,3
48814,81,84,-3,3
48815,110,108,2,2
48816,83,80,3,3
48817,75,86,-11,11
48818,73,73,0,0
48819,113,112,1,1
48820,84,75,9,9
48821,94,89,5,5
48822,77,88,-11,11
48823,101,92,9,9
48824,100,87,13,13
48825,68,61,7,7
48826,65,71,-6,6
48827,159,155,4,4
48828,66,77,-11,11
48829,149,122,27,27
48830,81,96,-15,15
48831,56,56,0,0
48832,149,160,-11,11
48833,56,56,0,0
48834,110,102,8,8
48835,61,64,-3,3
48836,57,51,6,6
48837,107,106,1,1
48838,58,56,2,2
48839,106,104,2,2
48840,145,122,23,23
48841,70,75,-5,5
48842,115,113,2,2
48843,106,83,23,23
48844,144,131,13,13
48845,129,113,16,16
48846,127,124,3,3
48847,223,188,35,35
48848,147,142,5,5
48849,95,88,7,7
48850,34,40,-6,6
48851,66,62,4,4
48852,88,88,0,0
48853,91,83,8,8
48854,90,81,9,9
48855,131,127,4,4
48856,61,67,-6,6
48857,66,65,1,1
48858,125,131,-6,6
48859,69,64,5,5
48860,73,80,-7,7
48861,87,84,3,3
48862,89,86,3,3
48863,69,74,-5,5
48864,114,109,5,5
48865,64,65,-1,1
48866,146,134,12,12
48867,93,94,-1,1
48868,54,62,-8,8
48869,171,170,1,1
48870,63,65,-2,2
48871,70,76,-6,6
48872,61,65,-4,4
48873,75,70,5,5
48874,158,137,21,21
48875,65,75,-10,10
48876,93,91,2,2
48877,97,86,11,11
48878,126,103,23,23
48879,122,116,6,6
48880,128,131,-3,3
48881,109,105,4,4
48882,90,82,8,8
48883,167,162,5,5
48884,79,67,12,12
48885,56,62,-6,6
48886,117,107,10,10
48887,80,77,3,3
48888,48,52,-4,4
48889,72,73,-1,1
48890,69,68,1,1
48891,105,99,6,6
48892,103,95,8,8
48893,94,91,3,3
48894,91,82,9,9
48895,117,109,8,8
48896,168,153,15,15
48897,60,62,-2,2
48898,93,100,-7,7
48899,110,101,9,9
48900,61,58,3,3
48901,133,125,8,8
48902,124,104,20,20
48903,131,128,3,3
48904,81,80,1,1
48905,78,73,5,5
48906,117,108,9,9
48907,116,107,9,9
48908,75,78,-3,3
48909,50,56,-6,6
48910,76,69,7,7
48911,120,112,8,8
48912,96,91,5,5
48913,99,120,-21,21
48914,163,152,11,11
48915,136,124,12,12
48916,150,136,14,14
48917,87,94,-7,7
48918,116,110,6,6
48919,127,118,9,9
48920,73,71,2,2
48921,110,112,-2,2
48922,65,68,-3,3
48923,74,74,0,0
48924,98,93,5,5
48925,74,70,4,4
48926,105,101,4,4
48927,92,90,2,2
48928,80,81,-1,1
48929,111,109,2,2
48930,93,88,5,5
48931,69,68,1,1
48932,76,72,4,4
48933,59,58,1,1
48934,127,120,7,7
48935,45,55,-10,10
48936,100,78,22,22
48937,111,111,0,0
48938,165,195,-30,30
48939,161,168,-7,7
48940,108,109,-1,1
48941,85,74,11,11
48942,131,131,0,0
48943,28,39,-11,11
48944,92,83,9,9
48945,55,54,1,1
48946,134,122,12,12
48947,112,101,11,11
48948,123,106,17,17
48949,137,130,7,7
48950,72,81,-9,9
48951,116,104,12,12
48952,136,126,10,10
48953,122,118,4,4
48954,120,114,6,6
48955,85,76,9,9
48956,98,100,-2,2
48957,108,124,-16,16
48958,95,96,-1,1
48959,71,68,3,3
48960,160,140,20,20
48961,112,112,0,0
48962,98,99,-1,1
48963,72,67,5,5
48964,102,98,4,4
48965,95,85,10,10
48966,130,118,12,12
48967,96,93,3,3
48968,123,114,9,9
48969,100,103,-3,3
48970,172,161,11,11
48971,55,56,-1,1
48972,60,71,-11,11
48973,101,102,-1,1
48974,90,101,-11,11
48975,76,82,-6,6
48976,80,78,2,2
48977,100,106,-6,6
48978,61,67,-6,6
48979,75,73,2,2
48980,81,97,-16,16
48981,121,114,7,7
48982,81,81,0,0
48983,139,136,3,3
48984,86,73,13,13
48985,94,88,6,6
48986,121,117,4,4
48987,83,75,8,8
48988,127,122,5,5
48989,49,65,-16,16
48990,83,90,-7,7
48991,76,71,5,5
48992,113,105,8,8
48993,73,69,4,4
48994,85,80,5,5
48995,97,92,5,5
48996,82,76,6,6
48997,103,99,4,4
48998,68,68,0,0
48999,65,67,-2,2
49000,46,65,-19,19
49001,108,98,10,10
49002,96,102,-6,6
49003,133,128,5,5
49004,97,95,2,2
49005,62,54,8,8
49006,95,96,-1,1
49007,132,118,14,14
49008,164,150,14,14
49009,62,58,4,4
49010,81,80,1,1
49011,91,93,-2,2
49012,73,72,1,1
49013,73,73,0,0
49014,105,111,-6,6
49015,75,75,0,0
49016,73,64,9,9
49017,94,97,-3,3
49018,112,117,-5,5
49019,107,96,11,11
49020,79,75,4,4
49021,128,128,0,0
49022,100,92,8,8
49023,68,69,-1,1
49024,84,71,13,13
49025,115,132,-17,17
49026,68,69,-1,1
49027,50,50,0,0
49028,80,83,-3,3
49029,71,73,-2,2
49030,115,114,1,1
49031,103,110,-7,7
49032,112,106,6,6
49033,95,87,8,8
49034,132,129,3,3
49035,108,100,8,8
49036,89,95,-6,6
49037,96,87,9,9
49038,110,103,7,7
49039,103,160,-57,57
49040,113,101,12,12
49041,72,78,-6,6
49042,85,88,-3,3
49043,106,108,-2,2
49044,101,96,5,5
49045,117,129,-12,12
49046,67,75,-8,8
49047,82,79,3,3
49048,61,62,-1,1
49049,64,63,1,1
49050,86,88,-2,2
49051,89,88,1,1
49052,49,48,1,1
49053,136,114,22,22
49054,137,134,3,3
49055,79,66,13,13
49056,127,110,17,17
49057,130,120,10,10
49058,119,119,0,0
49059,83,73,10,10
49060,98,100,-2,2
49061,124,119,5,5
49062,72,85,-13,13
49063,114,119,-5,5
49064,144,129,15,15
49065,117,102,15,15
49066,68,67,1,1
49067,41,48,-7,7
49068,88,90,-2,2
49069,156,140,16,16
49070,85,82,3,3
49071,99,93,6,6
49072,71,84,-13,13
49073,152,133,19,19
49074,86,78,8,8
49075,95,86,9,9
49076,100,95,5,5
49077,99,95,4,4
49078,137,110,27,27
49079,78,69,9,9
49080,142,128,14,14
49081,80,91,-11,11
49082,70,69,1,1
49083,112,105,7,7
49084,116,116,0,0
49085,76,79,-3,3
49086,128,116,12,12
49087,101,92,9,9
49088,111,105,6,6
49089,71,70,1,1
49090,129,122,7,7
49091,170,156,14,14
49092,136,114,22,22
49093,105,94,11,11
49094,117,106,11,11
49095,102,94,8,8
49096,77,78,-1,1
49097,103,107,-4,4
49098,53,55,-2,2
49099,94,99,-5,5
49100,73,64,9,9
49101,65,64,1,1
49102,107,122,-15,15
49103,78,85,-7,7
49104,83,76,7,7
49105,117,112,5,5
49106,33,35,-2,2
49107,97,95,2,2
49108,119,119,0,0
49109,74,71,3,3
49110,96,89,7,7
49111,113,113,0,0
49112,68,78,-10,10
49113,78,73,5,5
49114,123,102,21,21
49115,121,124,-3,3
49116,74,71,3,3
49117,100,88,12,12
49118,71,72,-1,1
49119,46,48,-2,2
49120,90,89,1,1
49121,63,73,-10,10
49122,94,100,-6,6
49123,83,84,-1,1
49124,86,89,-3,3
49125,116,118,-2,2
49126,107,99,8,8
49127,111,119,-8,8
49128,211,185,26,26
49129,71,65,6,6
49130,57,65,-8,8
49131,135,125,10,10
49132,111,106,5,5
49133,97,91,6,6
49134,139,133,6,6
49135,96,96,0,0
49136,91,86,5,5
49137,131,127,4,4
49138,134,123,11,11
49139,81,79,2,2
49140,123,113,10,10
49141,122,123,-1,1
49142,149,142,7,7
49143,122,109,13,13
49144,114,104,10,10
49145,112,98,14,14
49146,110,99,11,11
49147,111,112,-1,1
49148,50,51,-1,1
49149,52,52,0,0
49150,119,124,-5,5
49151,67,67,0,0
49152,135,128,7,7
49153,81,69,12,12
49154,122,103,19,19
49155,130,130,0,0
49156,60,66,-6,6
49157,108,116,-8,8
49158,97,97,0,0
49159,50,53,-3,3
49160,77,69,8,8
49161,106,94,12,12
49162,100,102,-2,2
49163,70,74,-4,4
49164,99,98,1,1
49165,108,109,-1,1
49166,138,124,14,14
49167,132,131,1,1
49168,73,77,-4,4
49169,73,79,-6,6
49170,111,98,13,13
49171,101,98,3,3
49172,123,119,4,4
49173,80,118,-38,38
49174,56,49,7,7
49175,101,91,10,10
49176,119,114,5,5
49177,125,138,-13,13
49178,107,102,5,5
49179,141,131,10,10
49180,110,121,-11,11
49181,91,83,8,8
49182,67,67,0,0
49183,91,85,6,6
49184,62,64,-2,2
49185,66,64,2,2
49186,51,69,-18,18
49187,26,37,-11,11
49188,112,111,1,1
49189,85,76,9,9
49190,173,155,18,18
49191,65,59,6,6
49192,71,73,-2,2
49193,48,47,1,1
49194,113,114,-1,1
49195,111,107,4,4
49196,76,79,-3,3
49197,72,72,0,0
49198,104,93,11,11
49199,113,106,7,7
49200,80,76,4,4
49201,129,131,-2,2
49202,80,74,6,6
49203,99,98,1,1
49204,98,101,-3,3
49205,186,175,11,11
49206,84,83,1,1
49207,46,51,-5,5
49208,81,91,-10,10
49209,62,59,3,3
49210,85,81,4,4
49211,63,60,3,3
49212,114,118,-4,4
49213,91,86,5,5
49214,100,114,-14,14
49215,53,52,1,1
49216,127,109,18,18
49217,93,82,11,11
49218,59,63,-4,4
49219,52,51,1,1
49220,100,94,6,6
49221,73,76,-3,3
49222,110,107,3,3
49223,88,73,15,15
49224,87,85,2,2
49225,53,53,0,0
49226,96,94,2,2
49227,70,84,-14,14
49228,80,87,-7,7
49229,80,78,2,2
49230,78,72,6,6
49231,45,45,0,0
49232,97,92,5,5
49233,172,156,16,16
49234,92,91,1,1
49235,72,72,0,0
49236,125,130,-5,5
49237,72,71,1,1
49238,156,147,9,9
49239,61,63,-2,2
49240,118,120,-2,2
49241,89,109,-20,20
49242,126,106,20,20
49243,121,105,16,16
49244,63,74,-11,11
49245,96,85,11,11
49246,123,109,14,14
49247,80,84,-4,4
49248,120,117,3,3
49249,75,78,-3,3
49250,128,123,5,5
49251,166,156,10,10
49252,129,119,10,10
49253,74,78,-4,4
49254,70,77,-7,7
49255,75,74,1,1
49256,115,94,21,21
49257,109,107,2,2
49258,86,81,5,5
49259,90,92,-2,2
49260,95,88,7,7
49261,102,107,-5,5
49262,178,162,16,16
49263,140,127,13,13
49264,148,141,7,7
49265,75,78,-3,3
49266,94,83,11,11
49267,83,85,-2,2
49268,184,169,15,15
49269,98,88,10,10
49270,36,30,6,6
49271,68,69,-1,1
49272,88,82,6,6
49273,71,67,4,4
49274,80,73,7,7
49275,81,78,3,3
49276,98,104,-6,6
49277,99,86,13,13
49278,41,50,-9,9
49279,51,56,-5,5
49280,161,146,15,15
49281,76,72,4,4
49282,103,97,6,6
49283,86,80,6,6
49284,111,104,7,7
49285,132,119,13,13
49286,91,84,7,7
49287,114,101,13,13
49288,106,94,12,12
49289,140,131,9,9
49290,54,51,3,3
49291,231,198,33,33
49292,74,75,-1,1
49293,59,60,-1,1
49294,149,129,20,20
49295,98,90,8,8
49296,96,90,6,6
49297,98,101,-3,3
49298,29,32,-3,3
49299,80,78,2,2
49300,115,106,9,9
49301,75,69,6,6
49302,93,92,1,1
49303,86,82,4,4
49304,67,59,8,8
49305,56,52,4,4
49306,120,117,3,3
49307,188,165,23,23
49308,31,41,-10,10
49309,51,61,-10,10
49310,55,56,-1,1
49311,81,83,-2,2
49312,75,77,-2,2
49313,63,65,-2,2
49314,85,81,4,4
49315,32,37,-5,5
49316,83,87,-4,4
49317,86,90,-4,4
49318,122,100,22,22
49319,46,54,-8,8
49320,122,110,12,12
49321,101,96,5,5
49322,55,69,-14,14
49323,80,82,-2,2
49324,106,104,2,2
49325,79,88,-9,9
49326,143,141,2,2
49327,124,126,-2,2
49328,128,123,5,5
49329,88,92,-4,4
49330,98,98,0,0
49331,207,182,25,25
49332,133,119,14,14
49333,46,46,0,0
49334,115,122,-7,7
49335,75,62,13,13
49336,93,88,5,5
49337,99,102,-3,3
49338,107,108,-1,1
49339,99,93,6,6
49340,78,76,2,2
49341,104,90,14,14
49342,112,115,-3,3
49343,75,73,2,2
49344,84,87,-3,3
49345,87,93,-6,6
49346,83,77,6,6
49347,151,136,15,15
49348,23,45,-22,22
49349,168,153,15,15
49350,62,65,-3,3
49351,65,63,2,2
49352,68,70,-2,2
49353,110,110,0,0
49354,159,139,20,20
49355,44,48,-4,4
49356,144,135,9,9
49357,71,69,2,2
49358,71,66,5,5
49359,131,105,26,26
49360,148,98,50,50
49361,116,113,3,3
49362,117,98,19,19
49363,116,132,-16,16
49364,95,88,7,7
49365,59,70,-11,11
49366,41,42,-1,1
49367,80,86,-6,6
49368,66,67,-1,1
49369,98,86,12,12
49370,186,172,14,14
49371,109,99,10,10
49372,97,121,-24,24
49373,74,67,7,7
49374,113,108,5,5
49375,61,56,5,5
49376,108,108,0,0
49377,123,110,13,13
49378,78,78,0,0
49379,57,62,-5,5
49380,42,51,-9,9
49381,118,123,-5,5
49382,59,56,3,3
49383,96,104,-8,8
49384,69,71,-2,2
49385,94,82,12,12
49386,84,92,-8,8
49387,182,178,4,4
49388,44,46,-2,2
49389,74,83,-9,9
49390,84,71,13,13
49391,173,153,20,20
49392,73,79,-6,6
49393,67,66,1,1
49394,84,87,-3,3
49395,106,101,5,5
49396,80,83,-3,3
49397,79,88,-9,9
49398,61,57,4,4
49399,73,79,-6,6
49400,50,50,0,0
49401,94,91,3,3
49402,86,91,-5,5
49403,71,68,3,3
49404,60,70,-10,10
49405,126,121,5,5
49406,60,60,0,0
49407,65,59,6,6
49408,83,81,2,2
49409,47,43,4,4
49410,234,194,40,40
49411,101,81,20,20
49412,111,103,8,8
49413,65,57,8,8
49414,50,56,-6,6
49415,63,70,-7,7
49416,121,120,1,1
49417,63,51,12,12
49418,105,96,9,9
49419,51,62,-11,11
49420,85,74,11,11
49421,154,132,22,22
49422,130,118,12,12
49423,95,93,2,2
49424,55,51,4,4
49425,95,94,1,1
49426,154,143,11,11
49427,109,103,6,6
49428,57,65,-8,8
49429,109,100,9,9
49430,125,113,12,12
49431,85,78,7,7
49432,76,65,11,11
49433,66,77,-11,11
49434,89,81,8,8
49435,64,60,4,4
49436,46,55,-9,9
49437,79,79,0,0
49438,114,113,1,1
49439,73,68,5,5
49440,130,126,4,4
49441,78,71,7,7
49442,62,68,-6,6
49443,49,48,1,1
49444,65,72,-7,7
49445,66,66,0,0
49446,72,76,-4,4
49447,81,79,2,2
49448,131,128,3,3
49449,113,111,2,2
49450,103,98,5,5
49451,60,61,-1,1
49452,61,63,-2,2
49453,62,61,1,1
49454,79,74,5,5
49455,111,124,-13,13
49456,108,102,6,6
49457,124,100,24,24
49458,93,106,-13,13
49459,121,121,0,0
49460,49,47,2,2
49461,72,76,-4,4
49462,86,71,15,15
49463,64,64,0,0
49464,95,80,15,15
49465,108,108,0,0
49466,148,141,7,7
49467,71,65,6,6
49468,85,98,-13,13
49469,72,76,-4,4
49470,107,103,4,4
49471,121,105,16,16
49472,119,122,-3,3
49473,81,104,-23,23
49474,94,93,1,1
49475,147,117,30,30
49476,101,99,2,2
49477,106,106,0,0
49478,59,61,-2,2
49479,70,67,3,3
49480,52,53,-1,1
49481,89,78,11,11
49482,128,121,7,7
49483,111,116,-5,5
49484,146,138,8,8
49485,49,48,1,1
49486,110,100,10,10
49487,119,100,19,19
49488,96,96,0,0
49489,119,111,8,8
49490,140,131,9,9
49491,124,118,6,6
49492,90,80,10,10
49493,68,68,0,0
49494,92,99,-7,7
49495,163,147,16,16
49496,77,69,8,8
49497,103,95,8,8
49498,126,105,21,21
49499,70,74,-4,4
49500,127,113,14,14
49501,76,79,-3,3
49502,138,131,7,7
49503,88,91,-3,3
49504,58,80,-22,22
49505,68,65,3,3
49506,146,141,5,5
49507,139,135,4,4
49508,71,77,-6,6
49509,143,133,10,10
49510,123,103,20,20
49511,55,57,-2,2
49512,93,92,1,1
49513,74,82,-8,8
49514,122,113,9,9
49515,79,82,-3,3
49516,75,74,1,1
49517,72,82,-10,10
49518,122,119,3,3
49519,82,80,2,2
49520,66,68,-2,2
49521,67,68,-1,1
49522,62,63,-1,1
49523,108,94,14,14
49524,82,84,-2,2
49525,93,92,1,1
49526,57,60,-3,3
49527,73,76,-3,3
49528,116,98,18,18
49529,97,85,12,12
49530,107,102,5,5
49531,69,68,1,1
49532,118,112,6,6
49533,112,108,4,4
49534,75,80,-5,5
49535,128,130,-2,2
49536,96,96,0,0
49537,81,82,-1,1
49538,149,135,14,14
49539,65,69,-4,4
49540,28,24,4,4
49541,92,89,3,3
49542,82,70,12,12
49543,65,76,-11,11
49544,130,124,6,6
49545,85,82,3,3
49546,105,105,0,0
49547,119,116,3,3
49548,124,110,14,14
49549,89,85,4,4
49550,52,52,0,0
49551,95,86,9,9
49552,111,118,-7,7
49553,110,95,15,15
49554,104,99,5,5
49555,107,113,-6,6
49556,79,76,3,3
49557,98,87,11,11
49558,113,112,1,1
49559,59,62,-3,3
49560,86,78,8,8
49561,40,45,-5,5
49562,59,54,5,5
49563,108,105,3,3
49564,49,57,-8,8
49565,86,75,11,11
49566,84,75,9,9
49567,93,90,3,3
49568,74,72,2,2
49569,73,72,1,1
49570,89,92,-3,3
49571,83,87,-4,4
49572,94,97,-3,3
49573,103,94,9,9
49574,117,123,-6,6
49575,162,147,15,15
49576,72,82,-10,10
49577,107,108,-1,1
49578,122,112,10,10
49579,108,104,4,4
49580,96,79,17,17
49581,98,91,7,7
49582,111,112,-1,1
49583,51,50,1,1
49584,70,77,-7,7
49585,64,65,-1,1
49586,47,41,6,6
49587,45,48,-3,3
49588,69,88,-19,19
49589,91,87,4,4
49590,77,64,13,13
49591,83,79,4,4
49592,73,67,6,6
49593,70,71,-1,1
49594,228,179,49,49
49595,50,52,-2,2
49596,69,69,0,0
49597,88,81,7,7
49598,76,76,0,0
49599,80,74,6,6
49600,73,72,1,1
49601,86,85,1,1
49602,103,122,-19,19
49603,135,123,12,12
49604,75,81,-6,6
49605,78,79,-1,1
49606,114,95,19,19
49607,112,114,-2,2
49608,66,69,-3,3
49609,94,85,9,9
49610,86,76,10,10
49611,86,78,8,8
49612,115,119,-4,4
49613,81,75,6,6
49614,96,99,-3,3
49615,100,87,13,13
49616,137,128,9,9
49617,71,68,3,3
49618,77,73,4,4
49619,102,94,8,8
49620,83,84,-1,1
49621,87,85,2,2
49622,123,104,19,19
49623,65,70,-5,5
49624,59,66,-7,7
49625,98,92,6,6
49626,127,126,1,1
49627,141,125,16,16
49628,55,54,1,1
49629,63,67,-4,4
49630,102,93,9,9
49631,63,70,-7,7
49632,108,97,11,11
49633,105,102,3,3
49634,57,47,10,10
49635,64,52,12,12
49636,83,79,4,4
49637,97,91,6,6
49638,97,97,0,0
49639,84,90,-6,6
49640,117,111,6,6
49641,99,89,10,10
49642,106,103,3,3
49643,101,95,6,6
49644,91,81,10,10
49645,131,118,13,13
49646,162,157,5,5
49647,81,79,2,2
49648,56,61,-5,5
49649,120,103,17,17
49650,103,91,12,12
49651,43,41,2,2
49652,59,61,-2,2
49653,90,84,6,6
49654,116,108,8,8
49655,55,48,7,7
49656,97,91,6,6
49657,99,89,10,10
49658,52,56,-4,4
49659,32,40,-8,8
49660,91,98,-7,7
49661,92,90,2,2
49662,52,55,-3,3
49663,159,138,21,21
49664,144,126,18,18
49665,115,111,4,4
49666,44,47,-3,3
49667,114,116,-2,2
49668,183,166,17,17
49669,94,87,7,7
49670,82,92,-10,10
49671,85,73,12,12
49672,71,66,5,5
49673,151,136,15,15
49674,98,94,4,4
49675,116,112,4,4
49676,108,97,11,11
49677,85,84,1,1
49678,96,102,-6,6
49679,94,104,-10,10
49680,59,63,-4,4
49681,81,78,3,3
49682,125,122,3,3
49683,64,69,-5,5
49684,106,95,11,11
49685,89,86,3,3
49686,91,82,9,9
49687,72,61,11,11
49688,69,76,-7,7
49689,94,76,18,18
49690,133,121,12,12
49691,115,112,3,3
49692,92,83,9,9
49693,171,146,25,25
49694,108,102,6,6
49695,102,89,13,13
49696,133,136,-3,3
49697,89,77,12,12
49698,93,87,6,6
49699,39,51,-12,12
49700,119,109,10,10
49701,116,112,4,4
49702,71,62,9,9
49703,121,124,-3,3
49704,109,100,9,9
49705,121,100,21,21
49706,87,91,-4,4
49707,73,84,-11,11
49708,103,90,13,13
49709,50,50,0,0
49710,53,56,-3,3
49711,94,93,1,1
49712,143,146,-3,3
49713,68,65,3,3
49714,148,132,16,16
49715,54,50,4,4
49716,121,106,15,15
49717,116,116,0,0
49718,91,97,-6,6
49719,74,71,3,3
49720,68,66,2,2
49721,129,124,5,5
49722,69,65,4,4
49723,43,48,-5,5
49724,125,116,9,9
49725,101,108,-7,7
49726,188,160,28,28
49727,135,117,18,18
49728,57,59,-2,2
49729,96,96,0,0
49730,68,63,5,5
49731,154,135,19,19
49732,101,103,-2,2
49733,48,58,-10,10
49734,62,74,-12,12
49735,182,165,17,17
49736,83,79,4,4
49737,52,53,-1,1
49738,97,79,18,18
49739,108,102,6,6
49740,90,95,-5,5
49741,88,80,8,8
49742,109,106,3,3
49743,84,93,-9,9
49744,93,102,-9,9
49745,87,83,4,4
49746,75,75,0,0
49747,77,79,-2,2
49748,159,139,20,20
49749,56,54,2,2
49750,135,113,22,22
49751,42,47,-5,5
49752,42,40,2,2
49753,82,93,-11,11
49754,106,111,-5,5
49755,98,104,-6,6
49756,59,64,-5,5
49757,158,136,22,22
49758,109,111,-2,2
49759,93,90,3,3
49760,174,159,15,15
49761,91,91,0,0
49762,138,113,25,25
49763,104,96,8,8
49764,92,94,-2,2
49765,67,72,-5,5
49766,87,90,-3,3
49767,135,122,13,13
49768,102,90,12,12
49769,164,151,13,13
49770,67,72,-5,5
49771,106,87,19,19
49772,88,95,-7,7
49773,109,109,0,0
49774,97,84,13,13
49775,49,52,-3,3
49776,124,114,10,10
49777,64,61,3,3
49778,160,143,17,17
49779,108,103,5,5
49780,71,69,2,2
49781,108,99,9,9
49782,87,83,4,4
49783,181,164,17,17
49784,100,93,7,7
49785,52,50,2,2
49786,128,121,7,7
49787,84,79,5,5
49788,123,109,14,14
49789,131,126,5,5
49790,113,115,-2,2
49791,127,128,-1,1
49792,85,89,-4,4
49793,71,71,0,0
49794,108,107,1,1
49795,74,66,8,8
49796,160,145,15,15
49797,72,79,-7,7
49798,75,71,4,4
49799,122,121,1,1
49800,85,84,1,1
49801,74,81,-7,7
49802,44,71,-27,27
49803,110,121,-11,11
49804,64,71,-7,7
49805,40,50,-10,10
49806,124,110,14,14
49807,88,88,0,0
49808,123,115,8,8
49809,122,119,3,3
49810,122,118,4,4
49811,104,97,7,7
49812,100,102,-2,2
49813,83,76,7,7
49814,50,53,-3,3
49815,93,89,4,4
49816,91,86,5,5
49817,78,79,-1,1
49818,121,111,10,10
49819,90,83,7,7
49820,53,54,-1,1
49821,112,100,12,12
49822,82,81,1,1
49823,167,152,15,15
49824,97,90,7,7
49825,63,62,1,1
49826,112,107,5,5
49827,102,83,19,19
49828,78,78,0,0
49829,124,118,6,6
49830,60,58,2,2
49831,59,54,5,5
49832,55,64,-9,9
49833,154,139,15,15
49834,86,85,1,1
49835,102,90,12,12
49836,70,73,-3,3
49837,47,49,-2,2
49838,79,62,17,17
49839,62,59,3,3
49840,114,129,-15,15
49841,117,102,15,15
49842,60,58,2,2
49843,86,74,12,12
49844,152,146,6,6
49845,168,163,5,5
49846,124,126,-2,2
49847,60,60,0,0
49848,125,111,14,14
49849,62,69,-7,7
49850,88,90,-2,2
49851,66,65,1,1
49852,175,153,22,22
49853,88,86,2,2
49854,45,55,-10,10
49855,74,69,5,5
49856,135,127,8,8
49857,106,98,8,8
49858,130,112,18,18
49859,79,84,-5,5
49860,81,80,1,1
49861,65,74,-9,9
49862,107,91,16,16
49863,97,87,10,10
49864,76,84,-8,8
49865,116,100,16,16
49866,59,58,1,1
49867,54,63,-9,9
49868,98,94,4,4
49869,128,143,-15,15
49870,106,100,6,6
49871,78,78,0,0
49872,131,128,3,3
49873,69,64,5,5
49874,153,155,-2,2
49875,71,74,-3,3
49876,67,69,-2,2
49877,107,96,11,11
49878,75,96,-21,21
49879,87,86,1,1
49880,94,82,12,12
49881,90,99,-9,9
49882,74,79,-5,5
49883,135,129,6,6
49884,134,123,11,11
49885,151,136,15,15
49886,92,96,-4,4
49887,92,97,-5,5
49888,80,76,4,4
49889,91,91,0,0
49890,89,89,0,0
49891,86,79,7,7
49892,76,74,2,2
49893,107,104,3,3
49894,140,107,33,33
49895,85,99,-14,14
49896,85,84,1,1
49897,69,64,5,5
49898,96,92,4,4
49899,62,57,5,5
49900,79,74,5,5
49901,138,116,22,22
49902,115,100,15,15
49903,106,92,14,14
49904,93,86,7,7
49905,122,112,10,10
49906,106,92,14,14
49907,90,85,5,5
49908,88,75,13,13
49909,72,69,3,3
49910,84,92,-8,8
49911,138,132,6,6
49912,92,93,-1,1
49913,95,91,4,4
49914,86,80,6,6
49915,73,65,8,8
49916,70,79,-9,9
49917,61,64,-3,3
49918,161,142,19,19
49919,89,79,10,10
49920,130,121,9,9
49921,99,69,30,30
49922,79,80,-1,1
49923,47,55,-8,8
49924,75,87,-12,12
49925,69,67,2,2
49926,78,78,0,0
49927,45,49,-4,4
49928,67,76,-9,9
49929,99,107,-8,8
49930,92,99,-7,7
49931,116,108,8,8
49932,132,119,13,13
49933,88,90,-2,2
49934,94,96,-2,2
49935,112,116,-4,4
49936,40,51,-11,11
49937,58,58,0,0
49938,88,76,12,12
49939,85,81,4,4
49940,86,58,28,28
49941,145,135,10,10
49942,105,96,9,9
49943,99,92,7,7
49944,62,64,-2,2
49945,95,93,2,2
49946,90,77,13,13
49947,57,48,9,9
49948,104,97,7,7
49949,70,68,2,2
49950,103,90,13,13
49951,102,92,10,10
49952,56,55,1,1
49953,67,67,0,0
49954,65,66,-1,1
49955,65,74,-9,9
49956,100,126,-26,26
49957,77,84,-7,7
49958,140,122,18,18
49959,86,75,11,11
49960,123,117,6,6
49961,33,76,-43,43
49962,102,95,7,7
49963,116,108,8,8
49964,63,66,-3,3
49965,79,81,-2,2
49966,160,144,16,16
49967,60,61,-1,1
49968,65,56,9,9
49969,84,84,0,0
49970,67,68,-1,1
49971,90,92,-2,2
49972,70,80,-10,10
49973,68,69,-1,1
49974,104,111,-7,7
49975,87,84,3,3
49976,124,104,20,20
49977,128,122,6,6
49978,166,163,3,3
49979,72,75,-3,3
49980,54,53,1,1
49981,111,96,15,15
49982,93,87,6,6
49983,107,99,8,8
49984,137,127,10,10
49985,89,82,7,7
49986,68,56,12,12
49987,52,50,2,2
49988,75,84,-9,9
49989,79,74,5,5
49990,48,56,-8,8
49991,75,69,6,6
49992,85,76,9,9
49993,78,78,0,0
49994,101,92,9,9
49995,173,150,23,23
49996,90,81,9,9
49997,55,51,4,4
49998,98,98,0,0
49999,131,109,22,22
50000,149,129,20,20
50001,90,89,1,1
50002,51,46,5,5
50003,68,66,2,2
50004,111,98,13,13
50005,77,82,-5,5
50006,150,135,15,15
50007,123,115,8,8
50008,42,51,-9,9
50009,111,105,6,6
50010,73,74,-1,1
50011,77,77,0,0
50012,74,87,-13,13
50013,145,126,19,19
50014,77,67,10,10
50015,102,100,2,2
50016,79,79,0,0
50017,65,66,-1,1
50018,64,66,-2,2
50019,54,48,6,6
50020,127,115,12,12
50021,126,130,-4,4
50022,83,82,1,1
50023,108,94,14,14
50024,103,97,6,6
50025,132,128,4,4
50026,141,121,20,20
50027,132,124,8,8
50028,71,72,-1,1
50029,111,103,8,8
50030,133,120,13,13
50031,102,100,2,2
50032,57,56,1,1
50033,92,102,-10,10
50034,120,105,15,15
50035,85,77,8,8
50036,86,92,-6,6
50037,79,70,9,9
50038,69,76,-7,7
50039,63,50,13,13
50040,118,117,1,1
50041,132,119,13,13
50042,72,72,0,0
50043,98,108,-10,10
50044,110,105,5,5
50045,105,104,1,1
50046,67,68,-1,1
50047,92,92,0,0
50048,118,129,-11,11
50049,134,114,20,20
50050,70,67,3,3
50051,129,117,12,12
50052,67,63,4,4
50053,36,45,-9,9
50054,137,139,-2,2
50055,40,51,-11,11
50056,89,85,4,4
50057,89,84,5,5
50058,83,79,4,4
50059,70,89,-19,19
50060,125,121,4,4
50061,113,103,10,10
50062,64,64,0,0
50063,101,88,13,13
50064,92,80,12,12
50065,118,110,8,8
50066,70,71,-1,1
50067,87,116,-29,29
50068,112,104,8,8
50069,195,187,8,8
50070,122,115,7,7
50071,59,57,2,2
50072,155,141,14,14
50073,131,118,13,13
50074,143,118,25,25
50075,117,99,18,18
50076,120,110,10,10
50077,113,103,10,10
50078,102,94,8,8
50079,131,117,14,14
50080,105,94,11,11
50081,87,87,0,0
50082,66,68,-2,2
50083,122,132,-10,10
50084,116,98,18,18
50085,104,97,7,7
50086,51,56,-5,5
50087,90,90,0,0
50088,87,86,1,1
50089,93,99,-6,6
50090,61,68,-7,7
50091,106,108,-2,2
50092,47,52,-5,5
50093,80,78,2,2
50094,74,73,1,1
50095,50,51,-1,1
50096,167,155,12,12
50097,56,56,0,0
50098,110,118,-8,8
50099,160,125,35,35
50100,105,106,-1,1
50101,63,61,2,2
50102,97,92,5,5
50103,98,91,7,7
50104,108,105,3,3
50105,105,105,0,0
50106,119,103,16,16
50107,144,126,18,18
50108,65,64,1,1
50109,112,106,6,6
50110,113,100,13,13
50111,98,103,-5,5
50112,83,73,10,10
50113,170,157,13,13
50114,88,88,0,0
50115,109,100,9,9
50116,92,86,6,6
50117,121,120,1,1
50118,58,47,11,11
50119,96,124,-28,28
50120,108,101,7,7
50121,150,142,8,8
50122,78,75,3,3
50123,43,42,1,1
50124,49,55,-6,6
50125,173,148,25,25
50126,100,94,6,6
50127,104,95,9,9
50128,76,88,-12,12
50129,108,102,6,6
50130,148,136,12,12
50131,74,77,-3,3
50132,72,67,5,5
50133,78,69,9,9
50134,108,105,3,3
50135,92,92,0,0
50136,94,97,-3,3
50137,104,102,2,2
50138,102,106,-4,4
50139,70,68,2,2
50140,88,82,6,6
50141,104,106,-2,2
50142,115,95,20,20
50143,87,76,11,11
50144,110,104,6,6
50145,70,76,-6,6
50146,78,77,1,1
50147,80,81,-1,1
50148,56,57,-1,1
50149,125,117,8,8
50150,79,75,4,4
50151,90,79,11,11
50152,134,127,7,7
50153,123,115,8,8
50154,116,96,20,20
50155,79,78,1,1
50156,100,110,-10,10
50157,55,58,-3,3
50158,86,80,6,6
50159,125,124,1,1
50160,68,66,2,2
50161,73,76,-3,3
50162,103,94,9,9
50163,172,170,2,2
50164,18,17,1,1
50165,80,80,0,0
50166,64,63,1,1
50167,90,85,5,5
50168,100,100,0,0
50169,52,60,-8,8
50170,199,168,31,31
50171,90,91,-1,1
50172,80,92,-12,12
50173,138,139,-1,1
50174,64,68,-4,4
50175,101,95,6,6
50176,116,123,-7,7
50177,134,112,22,22
50178,113,102,11,11
50179,84,80,4,4
50180,55,67,-12,12
50181,194,177,17,17
50182,81,84,-3,3
50183,100,97,3,3
50184,97,97,0,0
50185,64,65,-1,1
50186,55,57,-2,2
50187,68,75,-7,7
50188,103,102,1,1
50189,102,87,15,15
50190,68,65,3,3
50191,95,89,6,6
50192,74,75,-1,1
50193,77,66,11,11
50194,97,103,-6,6
50195,77,64,13,13
50196,124,114,10,10
50197,62,66,-4,4
50198,78,82,-4,4
50199,149,138,11,11
50200,53,61,-8,8
50201,80,86,-6,6
50202,82,89,-7,7
50203,69,68,1,1
50204,80,88,-8,8
50205,45,46,-1,1
50206,66,69,-3,3
50207,46,54,-8,8
50208,82,84,-2,2
50209,45,48,-3,3
50210,105,98,7,7
50211,109,96,13,13
50212,89,89,0,0
50213,69,68,1,1
50214,132,107,25,25
50215,106,103,3,3
50216,132,125,7,7
50217,141,137,4,4
50218,282,245,37,37
50219,151,161,-10,10
50220,93,82,11,11
50221,129,125,4,4
50222,82,89,-7,7
50223,72,71,1,1
50224,86,83,3,3
50225,42,41,1,1
50226,85,76,9,9
50227,105,92,13,13
50228,110,104,6,6
50229,50,51,-1,1
50230,88,96,-8,8
50231,98,85,13,13
50232,85,78,7,7
50233,122,116,6,6
50234,122,140,-18,18
50235,124,117,7,7
50236,77,77,0,0
50237,117,110,7,7
50238,98,108,-10,10
50239,90,85,5,5
50240,129,115,14,14
50241,88,91,-3,3
50242,73,73,0,0
50243,77,76,1,1
50244,139,143,-4,4
50245,96,90,6,6
50246,102,95,7,7
50247,87,89,-2,2
50248,70,70,0,0
50249,159,148,11,11
50250,60,62,-2,2
50251,69,64,5,5
50252,113,111,2,2
50253,156,142,14,14
50254,118,104,14,14
50255,53,55,-2,2
50256,104,107,-3,3
50257,83,76,7,7
50258,67,59,8,8
50259,95,104,-9,9
50260,103,97,6,6
50261,132,144,-12,12
50262,115,104,11,11
50263,89,90,-1,1
50264,107,94,13,13
50265,99,99,0,0
50266,97,95,2,2
50267,54,54,0,0
50268,101,95,6,6
50269,97,86,11,11
50270,81,84,-3,3
50271,150,154,-4,4
50272,76,99,-23,23
50273,87,90,-3,3
50274,101,114,-13,13
50275,51,52,-1,1
50276,99,96,3,3
50277,76,76,0,0
50278,170,153,17,17
50279,129,107,22,22
50280,73,75,-2,2
50281,172,171,1,1
50282,142,131,11,11
50283,104,99,5,5
50284,125,115,10,10
50285,51,53,-2,2
50286,127,125,2,2
50287,150,135,15,15
50288,71,78,-7,7
50289,129,130,-1,1
50290,92,95,-3,3
50291,83,79,4,4
50292,82,84,-2,2
50293,143,146,-3,3
50294,105,99,6,6
50295,60,61,-1,1
50296,79,83,-4,4
50297,26,34,-8,8
50298,131,111,20,20
50299,90,81,9,9
50300,72,69,3,3
50301,62,68,-6,6
50302,76,69,7,7
50303,138,131,7,7
50304,81,85,-4,4
50305,108,97,11,11
50306,88,91,-3,3
50307,115,114,1,1
50308,123,112,11,11
50309,89,93,-4,4
50310,123,117,6,6
50311,104,95,9,9
50312,67,64,3,3
50313,82,88,-6,6
50314,68,64,4,4
50315,72,69,3,3
50316,92,89,3,3
50317,60,60,0,0
50318,76,88,-12,12
50319,91,94,-3,3
50320,95,83,12,12
50321,101,100,1,1
50322,96,96,0,0
50323,122,113,9,9
50324,139,133,6,6
50325,141,111,30,30
50326,89,78,11,11
50327,103,114,-11,11
50328,51,57,-6,6
50329,75,83,-8,8
50330,107,117,-10,10
50331,64,66,-2,2
50332,54,53,1,1
50333,90,83,7,7
50334,75,80,-5,5
50335,136,124,12,12
50336,99,106,-7,7
50337,128,132,-4,4
50338,125,101,24,24
50339,131,116,15,15
50340,61,49,12,12
50341,60,58,2,2
50342,70,81,-11,11
50343,136,137,-1,1
50344,91,79,12,12
50345,74,69,5,5
50346,63,69,-6,6
50347,113,102,11,11
50348,78,64,14,14
50349,208,179,29,29
50350,153,141,12,12
50351,154,151,3,3
50352,92,89,3,3
50353,61,62,-1,1
50354,88,92,-4,4
50355,53,65,-12,12
50356,60,57,3,3
50357,101,93,8,8
50358,108,106,2,2
50359,70,64,6,6
50360,73,67,6,6
50361,86,87,-1,1
50362,63,63,0,0
50363,105,103,2,2
50364,72,63,9,9
50365,145,130,15,15
50366,71,70,1,1
50367,148,131,17,17
50368,68,73,-5,5
50369,158,143,15,15
50370,176,162,14,14
50371,98,76,22,22
50372,151,136,15,15
50373,72,88,-16,16
50374,48,53,-5,5
50375,77,74,3,3
50376,65,64,1,1
50377,107,107,0,0
50378,93,85,8,8
50379,103,108,-5,5
50380,95,89,6,6
50381,45,49,-4,4
50382,148,140,8,8
50383,130,122,8,8
50384,123,115,8,8
50385,91,89,2,2
50386,127,148,-21,21
50387,66,73,-7,7
50388,71,70,1,1
50389,133,123,10,10
50390,111,116,-5,5
50391,92,99,-7,7
50392,72,70,2,2
50393,70,67,3,3
50394,158,147,11,11
50395,56,54,2,2
50396,63,67,-4,4
50397,73,70,3,3
50398,170,152,18,18
50399,118,117,1,1
50400,83,90,-7,7
50401,59,65,-6,6
50402,95,78,17,17
50403,79,61,18,18
50404,79,75,4,4
50405,103,117,-14,14
50406,127,120,7,7
50407,93,97,-4,4
50408,82,79,3,3
50409,48,47,1,1
50410,90,91,-1,1
50411,76,66,10,10
50412,91,91,0,0
50413,43,48,-5,5
50414,66,70,-4,4
50415,55,57,-2,2
50416,93,89,4,4
50417,102,95,7,7
50418,56,54,2,2
50419,91,87,4,4
50420,126,126,0,0
50421,78,83,-5,5
50422,81,78,3,3
50423,103,99,4,4
50424,114,104,10,10
50425,103,100,3,3
50426,137,133,4,4
50427,111,106,5,5
50428,71,71,0,0
50429,99,87,12,12
50430,118,111,7,7
50431,145,131,14,14
50432,83,79,4,4
50433,59,53,6,6
50434,79,81,-2,2
50435,60,57,3,3
50436,59,57,2,2
50437,109,110,-1,1
50438,74,77,-3,3
50439,125,130,-5,5
50440,112,100,12,12
50441,74,71,3,3
50442,149,137,12,12
50443,79,84,-5,5
50444,76,75,1,1
50445,124,113,11,11
50446,62,64,-2,2
50447,59,73,-14,14
50448,190,170,20,20
50449,62,75,-13,13
50450,105,110,-5,5
50451,97,77,20,20
50452,128,120,8,8
50453,113,108,5,5
50454,98,86,12,12
50455,37,42,-5,5
50456,136,132,4,4
50457,79,91,-12,12
50458,47,55,-8,8
50459,98,84,14,14
50460,101,102,-1,1
50461,87,83,4,4
50462,49,57,-8,8
50463,88,74,14,14
50464,92,87,5,5
50465,128,121,7,7
50466,111,104,7,7
50467,106,100,6,6
50468,57,64,-7,7
50469,95,102,-7,7
50470,60,54,6,6
50471,131,117,14,14
50472,88,80,8,8
50473,83,84,-1,1
50474,109,104,5,5
50475,114,111,3,3
50476,84,86,-2,2
50477,85,84,1,1
50478,86,85,1,1
50479,76,77,-1,1
50480,112,94,18,18
50481,106,107,-1,1
50482,56,61,-5,5
50483,120,121,-1,1
50484,53,59,-6,6
50485,32,47,-15,15
50486,184,178,6,6
50487,82,74,8,8
50488,66,66,0,0
50489,67,75,-8,8
50490,123,120,3,3
50491,123,116,7,7
50492,146,124,22,22
50493,74,75,-1,1
50494,113,99,14,14
50495,102,103,-1,1
50496,143,127,16,16
50497,88,84,4,4
50498,136,123,13,13
50499,149,149,0,0
50500,165,158,7,7
50501,59,63,-4,4
50502,87,83,4,4
50503,85,77,8,8
50504,54,57,-3,3
50505,48,48,0,0
50506,73,66,7,7
50507,74,68,6,6
50508,125,130,-5,5
50509,71,63,8,8
50510,36,41,-5,5
50511,127,108,19,19
50512,71,67,4,4
50513,92,87,5,5
50514,55,55,0,0
50515,62,54,8,8
50516,76,65,11,11
50517,64,63,1,1
50518,129,121,8,8
50519,147,136,11,11
50520,69,70,-1,1
50521,76,69,7,7
50522,86,85,1,1
50523,66,57,9,9
50524,76,74,2,2
50525,74,78,-4,4
50526,54,55,-1,1
50527,109,108,1,1
50528,141,134,7,7
50529,55,58,-3,3
50530,121,104,17,17
50531,79,82,-3,3
50532,80,72,8,8
50533,156,149,7,7
50534,44,44,0,0
50535,114,100,14,14
50536,105,97,8,8
50537,73,75,-2,2
50538,84,82,2,2
50539,176,162,14,14
50540,62,59,3,3
50541,121,112,9,9
50542,114,112,2,2
50543,87,92,-5,5
50544,77,83,-6,6
50545,64,62,2,2
50546,165,148,17,17
50547,139,145,-6,6
50548,121,113,8,8
50549,97,92,5,5
50550,193,164,29,29
50551,125,123,2,2
50552,76,83,-7,7
50553,54,49,5,5
50554,134,136,-2,2
50555,72,72,0,0
50556,96,90,6,6
50557,37,34,3,3
50558,125,113,12,12
50559,87,77,10,10
50560,33,42,-9,9
50561,71,70,1,1
50562,53,54,-1,1
50563,59,59,0,0
50564,110,99,11,11
50565,82,85,-3,3
50566,110,103,7,7
50567,64,57,7,7
50568,65,67,-2,2
50569,134,120,14,14
50570,58,58,0,0
50571,90,96,-6,6
50572,79,80,-1,1
50573,66,80,-14,14
50574,88,97,-9,9
50575,89,116,-27,27
50576,124,118,6,6
50577,111,103,8,8
50578,144,124,20,20
50579,131,130,1,1
50580,133,123,10,10
50581,104,101,3,3
50582,63,67,-4,4
50583,72,63,9,9
50584,76,71,5,5
50585,59,53,6,6
50586,110,100,10,10
50587,69,64,5,5
50588,112,106,6,6
50589,41,56,-15,15
50590,135,125,10,10
50591,101,117,-16,16
50592,86,80,6,6
50593,116,121,-5,5
50594,88,86,2,2
50595,74,84,-10,10
50596,41,52,-11,11
50597,91,95,-4,4
50598,164,151,13,13
50599,58,52,6,6
50600,203,163,40,40
50601,84,87,-3,3
50602,91,74,17,17
50603,98,97,1,1
50604,123,125,-2,2
50605,63,56,7,7
50606,88,78,10,10
50607,92,99,-7,7
50608,117,109,8,8
50609,72,62,10,10
50610,69,66,3,3
50611,77,75,2,2
50612,77,74,3,3
50613,73,69,4,4
50614,94,91,3,3
50615,118,111,7,7
50616,98,94,4,4
50617,82,81,1,1
50618,137,119,18,18
50619,84,89,-5,5
50620,113,105,8,8
50621,145,125,20,20
50622,67,66,1,1
50623,101,100,1,1
50624,37,58,-21,21
50625,49,56,-7,7
50626,63,66,-3,3
50627,76,74,2,2
50628,216,181,35,35
50629,138,136,2,2
50630,96,95,1,1
50631,76,85,-9,9
50632,66,66,0,0
50633,55,51,4,4
50634,92,87,5,5
50635,83,87,-4,4
50636,107,120,-13,13
50637,124,110,14,14
50638,78,72,6,6
50639,149,146,3,3
50640,154,146,8,8
50641,67,66,1,1
50642,82,81,1,1
50643,99,100,-1,1
50644,107,104,3,3
50645,156,146,10,10
50646,174,191,-17,17
50647,103,99,4,4
50648,116,113,3,3
50649,44,40,4,4
50650,108,103,5,5
50651,94,102,-8,8
50652,63,70,-7,7
50653,95,92,3,3
50654,57,60,-3,3
50655,72,71,1,1
50656,72,67,5,5
50657,101,98,3,3
50658,94,115,-21,21
50659,86,73,13,13
50660,157,144,13,13
50661,56,57,-1,1
50662,77,77,0,0
50663,76,86,-10,10
50664,164,158,6,6
50665,68,76,-8,8
50666,65,72,-7,7
50667,124,121,3,3
50668,62,63,-1,1
50669,138,122,16,16
50670,146,138,8,8
50671,135,152,-17,17
50672,124,110,14,14
50673,105,96,9,9
50674,71,66,5,5
50675,84,79,5,5
50676,84,72,12,12
50677,70,64,6,6
50678,112,102,10,10
50679,127,118,9,9
50680,51,124,-73,73
50681,104,101,3,3
50682,96,102,-6,6
50683,97,82,15,15
50684,72,73,-1,1
50685,117,107,10,10
50686,115,123,-8,8
50687,76,80,-4,4
50688,98,99,-1,1
50689,70,74,-4,4
50690,97,102,-5,5
50691,131,142,-11,11
50692,50,52,-2,2
50693,68,67,1,1
50694,64,59,5,5
50695,103,102,1,1
50696,48,46,2,2
50697,106,97,9,9
50698,80,81,-1,1
50699,131,128,3,3
50700,59,64,-5,5
50701,196,184,12,12
50702,143,148,-5,5
50703,74,69,5,5
50704,69,75,-6,6
50705,70,73,-3,3
50706,114,99,15,15
50707,70,66,4,4
50708,42,52,-10,10
50709,112,117,-5,5
50710,79,69,10,10
50711,159,153,6,6
50712,121,101,20,20
50713,69,73,-4,4
50714,93,79,14,14
50715,90,91,-1,1
50716,91,96,-5,5
50717,65,68,-3,3
50718,136,141,-5,5
50719,65,70,-5,5
50720,51,56,-5,5
50721,131,115,16,16
50722,81,81,0,0
50723,60,115,-55,55
50724,99,92,7,7
50725,37,73,-36,36
50726,131,117,14,14
50727,164,138,26,26
50728,63,66,-3,3
50729,208,184,24,24
50730,40,48,-8,8
50731,94,102,-8,8
50732,114,111,3,3
50733,72,76,-4,4
50734,83,76,7,7
50735,65,68,-3,3
50736,124,124,0,0
50737,45,49,-4,4
50738,78,76,2,2
50739,139,127,12,12
50740,63,66,-3,3
50741,88,91,-3,3
50742,81,81,0,0
50743,79,67,12,12
50744,106,100,6,6
50745,129,116,13,13
50746,107,109,-2,2
50747,67,74,-7,7
50748,119,115,4,4
50749,96,96,0,0
50750,96,84,12,12
50751,64,69,-5,5
50752,110,103,7,7
50753,122,122,0,0
50754,159,155,4,4
50755,84,87,-3,3
50756,78,72,6,6
50757,186,180,6,6
50758,77,74,3,3
50759,95,86,9,9
50760,78,76,2,2
50761,84,100,-16,16
50762,115,105,10,10
50763,104,105,-1,1
50764,84,77,7,7
50765,94,83,11,11
50766,103,93,10,10
50767,120,115,5,5
50768,80,84,-4,4
50769,63,54,9,9
50770,113,118,-5,5
50771,82,86,-4,4
50772,111,110,1,1
50773,103,101,2,2
50774,122,113,9,9
50775,81,79,2,2
50776,141,137,4,4
50777,122,119,3,3
50778,136,129,7,7
50779,67,71,-4,4
50780,91,99,-8,8
50781,86,88,-2,2
50782,97,89,8,8
50783,42,65,-23,23
50784,63,67,-4,4
50785,118,112,6,6
50786,81,89,-8,8
50787,62,59,3,3
50788,55,63,-8,8
50789,89,91,-2,2
50790,71,73,-2,2
50791,57,63,-6,6
50792,83,84,-1,1
50793,153,141,12,12
50794,106,95,11,11
50795,122,108,14,14
50796,76,74,2,2
50797,90,92,-2,2
50798,70,82,-12,12
50799,33,37,-4,4
50800,83,77,6,6
50801,50,57,-7,7
50802,118,110,8,8
50803,115,107,8,8
50804,45,44,1,1
50805,58,57,1,1
50806,38,48,-10,10
50807,97,104,-7,7
50808,39,49,-10,10
50809,28,37,-9,9
50810,117,116,1,1
50811,115,100,15,15
50812,121,112,9,9
50813,105,107,-2,2
50814,88,83,5,5
50815,64,75,-11,11
50816,85,83,2,2
50817,103,87,16,16
50818,76,77,-1,1
50819,60,68,-8,8
50820,73,73,0,0
50821,70,64,6,6
50822,54,54,0,0
50823,83,92,-9,9
50824,77,75,2,2
50825,58,56,2,2
50826,105,94,11,11
50827,145,136,9,9
50828,119,99,20,20
50829,100,94,6,6
50830,84,84,0,0
50831,88,78,10,10
50832,90,81,9,9
50833,65,72,-7,7
50834,131,123,8,8
50835,76,89,-13,13
50836,166,165,1,1
50837,52,49,3,3
50838,156,150,6,6
50839,139,149,-10,10
50840,80,75,5,5
50841,73,76,-3,3
50842,94,90,4,4
50843,83,81,2,2
50844,108,96,12,12
50845,71,70,1,1
50846,98,103,-5,5
50847,94,89,5,5
50848,99,91,8,8
50849,29,39,-10,10
50850,85,78,7,7
50851,92,90,2,2
50852,96,96,0,0
50853,107,100,7,7
50854,31,49,-18,18
50855,80,65,15,15
50856,86,81,5,5
50857,147,135,12,12
50858,113,113,0,0
50859,58,54,4,4
50860,69,73,-4,4
50861,81,84,-3,3
50862,105,104,1,1
50863,146,125,21,21
50864,126,118,8,8
50865,72,69,3,3
50866,110,101,9,9
50867,140,139,1,1
50868,93,86,7,7
50869,88,86,2,2
50870,84,98,-14,14
50871,57,56,1,1
50872,78,73,5,5
50873,76,73,3,3
50874,143,121,22,22
50875,108,136,-28,28
50876,45,55,-10,10
50877,87,89,-2,2
50878,77,80,-3,3
50879,96,114,-18,18
50880,84,78,6,6
50881,60,65,-5,5
50882,74,79,-5,5
50883,83,77,6,6
50884,69,66,3,3
50885,58,48,10,10
50886,73,69,4,4
50887,81,86,-5,5
50888,106,100,6,6
50889,140,146,-6,6
50890,75,79,-4,4
50891,102,98,4,4
50892,137,114,23,23
50893,63,92,-29,29
50894,80,73,7,7
50895,65,67,-2,2
50896,151,139,12,12
50897,138,134,4,4
50898,104,92,12,12
50899,142,132,10,10
50900,77,85,-8,8
50901,102,101,1,1
50902,83,84,-1,1
50903,74,81,-7,7
50904,113,105,8,8
50905,115,109,6,6
50906,86,92,-6,6
50907,66,61,5,5
50908,123,112,11,11
50909,173,162,11,11
50910,138,141,-3,3
50911,121,116,5,5
50912,187,177,10,10
50913,103,90,13,13
50914,93,143,-50,50
50915,134,125,9,9
50916,84,76,8,8
50917,140,129,11,11
50918,139,120,19,19
50919,112,119,-7,7
50920,81,79,2,2
50921,48,44,4,4
50922,111,102,9,9
50923,133,123,10,10
50924,158,144,14,14
50925,47,55,-8,8
50926,115,119,-4,4
50927,59,66,-7,7
50928,136,123,13,13
50929,86,89,-3,3
50930,89,94,-5,5
50931,104,105,-1,1
50932,88,87,1,1
50933,68,69,-1,1
50934,105,92,13,13
50935,122,110,12,12
50936,93,86,7,7
50937,172,156,16,16
50938,77,83,-6,6
50939,141,129,12,12
50940,106,109,-3,3
50941,102,106,-4,4
50942,136,122,14,14
50943,83,75,8,8
50944,60,62,-2,2
50945,90,99,-9,9
50946,69,72,-3,3
50947,96,92,4,4
50948,101,99,2,2
50949,90,77,13,13
50950,95,98,-3,3
50951,80,90,-10,10
50952,91,93,-2,2
50953,125,114,11,11
50954,85,76,9,9
50955,129,126,3,3
50956,117,118,-1,1
50957,77,75,2,2
50958,82,83,-1,1
50959,135,124,11,11
50960,120,110,10,10
50961,89,79,10,10
50962,161,154,7,7
50963,70,71,-1,1
50964,60,66,-6,6
50965,172,159,13,13
50966,136,124,12,12
50967,86,79,7,7
50968,106,108,-2,2
50969,107,111,-4,4
50970,98,96,2,2
50971,120,139,-19,19
50972,158,151,7,7
50973,61,58,3,3
50974,101,94,7,7
50975,94,94,0,0
50976,60,68,-8,8
50977,68,69,-1,1
50978,99,80,19,19
50979,56,52,4,4
50980,110,95,15,15
50981,102,98,4,4
50982,83,85,-2,2
50983,92,92,0,0
50984,77,68,9,9
50985,125,133,-8,8
50986,79,72,7,7
50987,67,66,1,1
50988,113,110,3,3
50989,122,119,3,3
50990,131,124,7,7
50991,104,95,9,9
50992,89,104,-15,15
50993,92,90,2,2
50994,217,146,71,71
50995,45,44,1,1
50996,69,80,-11,11
50997,112,111,1,1
50998,146,119,27,27
50999,95,95,0,0
51000,91,92,-1,1
51001,70,73,-3,3
51002,75,84,-9,9
51003,95,95,0,0
51004,112,95,17,17
51005,58,59,-1,1
51006,54,52,2,2
51007,94,93,1,1
51008,108,97,11,11
51009,89,88,1,1
51010,90,88,2,2
51011,129,122,7,7
51012,105,95,10,10
51013,94,88,6,6
51014,132,143,-11,11
51015,95,88,7,7
51016,68,58,10,10
51017,97,86,11,11
51018,128,114,14,14
51019,116,114,2,2
51020,93,92,1,1
51021,89,78,11,11
51022,176,174,2,2
51023,172,170,2,2
51024,54,51,3,3
51025,60,65,-5,5
51026,39,49,-10,10
51027,96,83,13,13
51028,60,76,-16,16
51029,52,52,0,0
51030,105,99,6,6
51031,137,131,6,6
51032,151,132,19,19
51033,108,118,-10,10
51034,100,94,6,6
51035,68,71,-3,3
51036,99,97,2,2
51037,100,97,3,3
51038,112,103,9,9
51039,78,68,10,10
51040,110,106,4,4
51041,70,64,6,6
51042,122,112,10,10
51043,72,78,-6,6
51044,191,173,18,18
51045,106,102,4,4
51046,102,99,3,3
51047,130,112,18,18
51048,83,77,6,6
51049,70,70,0,0
51050,93,95,-2,2
51051,98,91,7,7
51052,72,70,2,2
51053,121,108,13,13
51054,157,146,11,11
51055,72,79,-7,7
51056,88,85,3,3
51057,109,104,5,5
51058,129,112,17,17
51059,185,166,19,19
51060,82,88,-6,6
51061,45,43,2,2
51062,47,50,-3,3
51063,75,81,-6,6
51064,107,91,16,16
51065,73,76,-3,3
51066,90,86,4,4
51067,69,74,-5,5
51068,100,106,-6,6
51069,87,80,7,7
51070,56,53,3,3
51071,83,76,7,7
51072,140,137,3,3
51073,64,54,10,10
51074,97,92,5,5
51075,86,84,2,2
51076,129,111,18,18
51077,119,107,12,12
51078,85,83,2,2
51079,109,96,13,13
51080,92,90,2,2
51081,152,130,22,22
51082,74,78,-4,4
51083,147,198,-51,51
51084,117,114,3,3
51085,85,91,-6,6
51086,115,123,-8,8
51087,96,90,6,6
51088,109,107,2,2
51089,70,72,-2,2
51090,107,96,11,11
51091,71,80,-9,9
51092,80,82,-2,2
51093,117,108,9,9
51094,149,144,5,5
51095,74,73,1,1
51096,100,93,7,7
51097,131,132,-1,1
51098,100,96,4,4
51099,72,67,5,5
51100,92,106,-14,14
51101,68,66,2,2
51102,71,76,-5,5
51103,60,56,4,4
51104,74,77,-3,3
51105,114,107,7,7
51106,44,45,-1,1
51107,104,111,-7,7
51108,143,137,6,6
51109,159,140,19,19
51110,76,74,2,2
51111,93,91,2,2
51112,91,88,3,3
51113,91,92,-1,1
51114,188,163,25,25
51115,85,83,2,2
51116,58,49,9,9
51117,115,104,11,11
51118,51,51,0,0
51119,49,51,-2,2
51120,108,107,1,1
51121,92,93,-1,1
51122,102,99,3,3
51123,113,109,4,4
51124,100,95,5,5
51125,80,72,8,8
51126,109,113,-4,4
51127,72,70,2,2
51128,91,92,-1,1
51129,93,90,3,3
51130,44,46,-2,2
51131,104,105,-1,1
51132,50,63,-13,13
51133,76,80,-4,4
51134,53,51,2,2
51135,119,109,10,10
51136,105,93,12,12
51137,110,122,-12,12
51138,148,143,5,5
51139,105,93,12,12
51140,139,128,11,11
51141,97,85,12,12
51142,113,99,14,14
51143,85,82,3,3
51144,113,104,9,9
51145,60,60,0,0
51146,66,61,5,5
51147,115,107,8,8
51148,30,60,-30,30
51149,76,72,4,4
51150,73,77,-4,4
51151,72,79,-7,7
51152,141,132,9,9
51153,58,67,-9,9
51154,101,96,5,5
51155,80,68,12,12
51156,76,73,3,3
51157,118,117,1,1
51158,97,93,4,4
51159,96,107,-11,11
51160,40,45,-5,5
51161,157,142,15,15
51162,125,117,8,8
51163,99,91,8,8
51164,66,66,0,0
51165,117,111,6,6
51166,94,100,-6,6
51167,54,58,-4,4
51168,62,58,4,4
51169,74,71,3,3
51170,166,154,12,12
51171,142,139,3,3
51172,81,88,-7,7
51173,110,117,-7,7
51174,114,103,11,11
51175,96,91,5,5
51176,54,54,0,0
51177,97,96,1,1
51178,86,97,-11,11
51179,67,72,-5,5
51180,65,65,0,0
51181,89,92,-3,3
51182,86,90,-4,4
51183,71,73,-2,2
51184,146,139,7,7
51185,81,70,11,11
51186,108,102,6,6
51187,116,112,4,4
51188,90,95,-5,5
51189,108,95,13,13
51190,127,118,9,9
51191,60,63,-3,3
51192,66,61,5,5
51193,180,166,14,14
51194,52,49,3,3
51195,93,89,4,4
51196,127,124,3,3
51197,96,86,10,10
51198,110,93,17,17
51199,102,104,-2,2
51200,110,104,6,6
51201,72,64,8,8
51202,161,147,14,14
51203,89,80,9,9
51204,78,76,2,2
51205,77,84,-7,7
51206,80,76,4,4
51207,78,76,2,2
51208,135,113,22,22
51209,88,78,10,10
51210,102,85,17,17
51211,73,74,-1,1
51212,101,95,6,6
51213,84,79,5,5
51214,87,84,3,3
51215,79,86,-7,7
51216,84,86,-2,2
51217,140,132,8,8
51218,106,107,-1,1
51219,75,66,9,9
51220,94,89,5,5
51221,79,83,-4,4
51222,93,91,2,2
51223,155,149,6,6
51224,97,97,0,0
51225,109,117,-8,8
51226,115,100,15,15
51227,126,116,10,10
51228,90,91,-1,1
51229,72,74,-2,2
51230,63,59,4,4
51231,105,101,4,4
51232,68,67,1,1
51233,143,123,20,20
51234,116,115,1,1
51235,121,121,0,0
51236,130,105,25,25
51237,75,71,4,4
51238,70,75,-5,5
51239,109,96,13,13
51240,98,90,8,8
51241,106,88,18,18
51242,76,76,0,0
51243,60,56,4,4
51244,68,72,-4,4
51245,165,144,21,21
51246,90,102,-12,12
51247,178,159,19,19
51248,79,82,-3,3
51249,72,62,10,10
51250,87,83,4,4
51251,82,80,2,2
51252,57,58,-1,1
51253,110,110,0,0
51254,111,109,2,2
51255,70,77,-7,7
51256,112,111,1,1
51257,52,50,2,2
51258,94,85,9,9
51259,97,97,0,0
51260,66,64,2,2
51261,67,73,-6,6
51262,66,69,-3,3
51263,107,105,2,2
51264,156,185,-29,29
51265,40,87,-47,47
51266,60,66,-6,6
51267,109,127,-18,18
51268,62,64,-2,2
51269,126,109,17,17
51270,96,99,-3,3
51271,106,93,13,13
51272,109,94,15,15
51273,77,74,3,3
51274,70,65,5,5
51275,75,94,-19,19
51276,194,180,14,14
51277,24,30,-6,6
51278,94,92,2,2
51279,102,90,12,12
51280,126,117,9,9
51281,150,126,24,24
51282,126,121,5,5
51283,82,87,-5,5
51284,92,100,-8,8
51285,87,82,5,5
51286,122,130,-8,8
51287,129,125,4,4
51288,93,89,4,4
51289,62,67,-5,5
51290,148,142,6,6
51291,73,72,1,1
51292,114,102,12,12
51293,82,78,4,4
51294,99,98,1,1
51295,181,158,23,23
51296,158,137,21,21
51297,100,100,0,0
51298,143,131,12,12
51299,118,114,4,4
51300,85,81,4,4
51301,127,127,0,0
51302,83,89,-6,6
51303,95,90,5,5
51304,63,58,5,5
51305,76,72,4,4
51306,111,117,-6,6
51307,69,71,-2,2
51308,100,87,13,13
51309,47,51,-4,4
51310,83,89,-6,6
51311,85,86,-1,1
51312,74,74,0,0
51313,53,69,-16,16
51314,75,78,-3,3
51315,71,85,-14,14
51316,108,100,8,8
51317,71,71,0,0
51318,121,114,7,7
51319,100,105,-5,5
51320,113,114,-1,1
51321,86,78,8,8
51322,86,75,11,11
51323,115,109,6,6
51324,38,41,-3,3
51325,140,128,12,12
51326,119,119,0,0
51327,104,101,3,3
51328,135,112,23,23
51329,147,126,21,21
51330,116,104,12,12
51331,137,126,11,11
51332,86,88,-2,2
51333,96,94,2,2
51334,76,72,4,4
51335,64,56,8,8
51336,57,52,5,5
51337,90,99,-9,9
51338,56,72,-16,16
51339,84,89,-5,5
51340,109,97,12,12
51341,124,118,6,6
51342,138,121,17,17
51343,73,70,3,3
51344,98,94,4,4
51345,93,79,14,14
51346,51,45,6,6
51347,54,53,1,1
51348,62,62,0,0
51349,126,120,6,6
51350,85,81,4,4
51351,86,72,14,14
51352,67,62,5,5
51353,80,83,-3,3
51354,55,59,-4,4
51355,115,109,6,6
51356,71,69,2,2
51357,86,81,5,5
51358,120,114,6,6
51359,94,88,6,6
51360,71,70,1,1
51361,106,113,-7,7
51362,101,92,9,9
51363,41,48,-7,7
51364,77,68,9,9
51365,130,119,11,11
51366,154,141,13,13
51367,102,89,13,13
51368,56,57,-1,1
51369,108,98,10,10
51370,74,74,0,0
51371,33,97,-64,64
51372,109,104,5,5
51373,113,106,7,7
51374,115,112,3,3
51375,73,73,0,0
51376,60,70,-10,10
51377,115,104,11,11
51378,85,91,-6,6
51379,121,104,17,17
51380,128,122,6,6
51381,76,86,-10,10
51382,158,149,9,9
51383,109,106,3,3
51384,47,49,-2,2
51385,76,68,8,8
51386,75,65,10,10
51387,92,81,11,11
51388,92,94,-2,2
51389,110,91,19,19
51390,101,94,7,7
51391,95,88,7,7
51392,107,99,8,8
51393,96,94,2,2
51394,127,119,8,8
51395,104,102,2,2
51396,84,75,9,9
51397,44,40,4,4
51398,112,116,-4,4
51399,94,105,-11,11
51400,65,65,0,0
51401,67,73,-6,6
51402,106,101,5,5
51403,85,75,10,10
51404,75,85,-10,10
51405,72,69,3,3
51406,99,79,20,20
51407,63,65,-2,2
51408,157,151,6,6
51409,70,69,1,1
51410,79,74,5,5
51411,99,91,8,8
51412,100,100,0,0
51413,152,137,15,15
51414,111,119,-8,8
51415,73,75,-2,2
51416,117,113,4,4
51417,74,73,1,1
51418,84,88,-4,4
51419,117,109,8,8
51420,70,71,-1,1
51421,72,76,-4,4
51422,62,66,-4,4
51423,90,92,-2,2
51424,123,106,17,17
51425,81,80,1,1
51426,62,65,-3,3
51427,74,73,1,1
51428,189,166,23,23
51429,97,100,-3,3
51430,131,125,6,6
51431,66,72,-6,6
51432,131,117,14,14
51433,101,87,14,14
51434,205,190,15,15
51435,92,92,0,0
51436,74,83,-9,9
51437,108,99,9,9
51438,78,73,5,5
51439,69,74,-5,5
51440,92,83,9,9
51441,76,76,0,0
51442,83,76,7,7
51443,104,96,8,8
51444,85,78,7,7
51445,74,73,1,1
51446,134,132,2,2
51447,119,109,10,10
51448,92,84,8,8
51449,88,85,3,3
51450,126,129,-3,3
51451,100,94,6,6
51452,45,56,-11,11
51453,131,115,16,16
51454,55,56,-1,1
51455,180,167,13,13
51456,133,110,23,23
51457,94,69,25,25
51458,62,81,-19,19
51459,119,112,7,7
51460,183,166,17,17
51461,88,80,8,8
51462,115,91,24,24
51463,100,86,14,14
51464,64,73,-9,9
51465,83,102,-19,19
51466,138,136,2,2
51467,62,72,-10,10
51468,193,169,24,24
51469,90,76,14,14
51470,77,87,-10,10
51471,111,102,9,9
51472,99,82,17,17
51473,118,119,-1,1
51474,131,118,13,13
51475,71,66,5,5
51476,78,80,-2,2
51477,94,84,10,10
51478,92,93,-1,1
51479,97,94,3,3
51480,89,86,3,3
51481,131,115,16,16
51482,119,96,23,23
51483,59,65,-6,6
51484,80,82,-2,2
51485,116,105,11,11
51486,93,85,8,8
51487,72,78,-6,6
51488,185,157,28,28
51489,85,87,-2,2
51490,108,106,2,2
51491,84,85,-1,1
51492,100,100,0,0
51493,109,86,23,23
51494,43,43,0,0
51495,77,74,3,3
51496,87,78,9,9
51497,121,108,13,13
51498,109,108,1,1
51499,83,87,-4,4
51500,108,92,16,16
51501,166,140,26,26
51502,68,66,2,2
51503,112,118,-6,6
51504,103,102,1,1
51505,106,107,-1,1
51506,33,38,-5,5
51507,56,50,6,6
51508,72,69,3,3
51509,136,131,5,5
51510,79,78,1,1
51511,143,120,23,23
51512,103,95,8,8
51513,75,79,-4,4
51514,73,74,-1,1
51515,68,68,0,0
51516,68,81,-13,13
51517,102,83,19,19
51518,83,79,4,4
51519,70,81,-11,11
51520,88,83,5,5
51521,124,118,6,6
51522,111,108,3,3
51523,103,105,-2,2
51524,104,92,12,12
51525,122,112,10,10
51526,119,116,3,3
51527,71,100,-29,29
51528,196,189,7,7
51529,70,68,2,2
51530,70,86,-16,16
51531,88,85,3,3
51532,122,114,8,8
51533,102,91,11,11
51534,119,110,9,9
51535,138,126,12,12
51536,165,148,17,17
51537,94,99,-5,5
51538,52,53,-1,1
51539,86,80,6,6
51540,63,69,-6,6
51541,92,79,13,13
51542,65,62,3,3
51543,47,46,1,1
51544,62,58,4,4
51545,79,89,-10,10
51546,166,132,34,34
51547,96,86,10,10
51548,120,126,-6,6
51549,117,109,8,8
51550,99,90,9,9
51551,124,125,-1,1
51552,138,121,17,17
51553,60,67,-7,7
51554,90,87,3,3
51555,76,78,-2,2
51556,113,128,-15,15
51557,129,122,7,7
51558,80,79,1,1
51559,99,91,8,8
51560,87,88,-1,1
51561,74,73,1,1
51562,70,70,0,0
51563,50,57,-7,7
51564,83,77,6,6
51565,150,139,11,11
51566,104,98,6,6
51567,107,102,5,5
51568,101,90,11,11
51569,153,142,11,11
51570,81,81,0,0
51571,58,71,-13,13
51572,104,97,7,7
51573,64,61,3,3
51574,58,54,4,4
51575,137,132,5,5
51576,132,106,26,26
51577,110,103,7,7
51578,120,117,3,3
51579,92,89,3,3
51580,83,111,-28,28
51581,41,49,-8,8
51582,194,204,-10,10
51583,79,70,9,9
51584,65,67,-2,2
51585,126,128,-2,2
51586,125,134,-9,9
51587,148,137,11,11
51588,63,64,-1,1
51589,82,87,-5,5
51590,127,119,8,8
51591,141,127,14,14
51592,98,102,-4,4
51593,140,136,4,4
51594,92,85,7,7
51595,78,83,-5,5
51596,72,74,-2,2
51597,133,114,19,19
51598,82,87,-5,5
51599,53,61,-8,8
51600,68,67,1,1
51601,135,126,9,9
51602,76,90,-14,14
51603,84,73,11,11
51604,109,103,6,6
51605,115,117,-2,2
51606,32,28,4,4
51607,202,173,29,29
51608,64,61,3,3
51609,69,68,1,1
51610,61,60,1,1
51611,81,72,9,9
51612,81,88,-7,7
51613,103,95,8,8
51614,73,70,3,3
51615,103,116,-13,13
51616,153,152,1,1
51617,78,76,2,2
51618,100,95,5,5
51619,136,139,-3,3
51620,58,58,0,0
51621,75,80,-5,5
51622,130,111,19,19
51623,127,112,15,15
51624,51,58,-7,7
51625,87,75,12,12
51626,99,96,3,3
51627,121,108,13,13
51628,83,83,0,0
51629,65,66,-1,1
51630,86,84,2,2
51631,129,124,5,5
51632,77,86,-9,9
51633,63,69,-6,6
51634,70,66,4,4
51635,75,78,-3,3
51636,75,74,1,1
51637,132,128,4,4
51638,157,150,7,7
51639,130,132,-2,2
51640,80,84,-4,4
51641,97,97,0,0
51642,68,66,2,2
51643,98,97,1,1
51644,81,84,-3,3
51645,51,49,2,2
51646,84,82,2,2
51647,79,79,0,0
51648,151,140,11,11
51649,82,80,2,2
51650,127,121,6,6
51651,63,70,-7,7
51652,97,91,6,6
51653,121,109,12,12
51654,157,145,12,12
51655,101,92,9,9
51656,160,157,3,3
51657,92,91,1,1
51658,107,110,-3,3
51659,108,90,18,18
51660,119,101,18,18
51661,61,67,-6,6
51662,112,102,10,10
51663,71,67,4,4
51664,99,98,1,1
51665,68,77,-9,9
51666,116,116,0,0
51667,64,71,-7,7
51668,124,124,0,0
51669,139,130,9,9
51670,80,74,6,6
51671,157,143,14,14
51672,101,95,6,6
51673,114,104,10,10
51674,126,123,3,3
51675,148,138,10,10
51676,77,79,-2,2
51677,187,173,14,14
51678,139,133,6,6
51679,164,147,17,17
51680,98,99,-1,1
51681,86,88,-2,2
51682,61,63,-2,2
51683,143,141,2,2
51684,57,54,3,3
51685,52,47,5,5
51686,92,100,-8,8
51687,108,104,4,4
51688,156,135,21,21
51689,159,139,20,20
51690,157,141,16,16
51691,102,94,8,8
51692,138,123,15,15
51693,78,78,0,0
51694,83,71,12,12
51695,108,92,16,16
51696,60,58,2,2
51697,142,117,25,25
51698,55,57,-2,2
51699,65,60,5,5
51700,125,118,7,7
51701,90,88,2,2
51702,74,73,1,1
51703,156,144,12,12
51704,76,73,3,3
51705,94,94,0,0
51706,84,83,1,1
51707,84,77,7,7
51708,68,75,-7,7
51709,144,133,11,11
51710,74,68,6,6
51711,104,105,-1,1
51712,98,74,24,24
51713,92,92,0,0
51714,106,98,8,8
51715,94,90,4,4
51716,91,92,-1,1
51717,61,40,21,21
51718,77,74,3,3
51719,71,75,-4,4
51720,98,92,6,6
51721,73,77,-4,4
51722,103,105,-2,2
51723,124,112,12,12
51724,135,113,22,22
51725,118,121,-3,3
51726,96,100,-4,4
51727,54,57,-3,3
51728,112,97,15,15
51729,72,75,-3,3
51730,70,75,-5,5
51731,85,78,7,7
51732,51,45,6,6
51733,106,114,-8,8
51734,113,100,13,13
51735,76,67,9,9
51736,63,70,-7,7
51737,140,117,23,23
51738,103,93,10,10
51739,163,158,5,5
51740,126,121,5,5
51741,92,101,-9,9
51742,40,46,-6,6
51743,33,43,-10,10
51744,99,97,2,2
51745,113,99,14,14
51746,59,56,3,3
51747,88,102,-14,14
51748,58,57,1,1
51749,98,94,4,4
51750,135,117,18,18
51751,92,90,2,2
51752,101,97,4,4
51753,116,108,8,8
51754,171,163,8,8
51755,98,84,14,14
51756,99,93,6,6
51757,77,70,7,7
51758,99,92,7,7
51759,61,57,4,4
51760,124,101,23,23
51761,36,37,-1,1
51762,124,107,17,17
51763,89,84,5,5
51764,144,141,3,3
51765,113,107,6,6
51766,157,143,14,14
51767,95,91,4,4
51768,101,103,-2,2
51769,76,76,0,0
51770,65,73,-8,8
51771,222,178,44,44
51772,123,113,10,10
51773,71,91,-20,20
51774,102,91,11,11
51775,96,96,0,0
51776,105,97,8,8
51777,81,84,-3,3
51778,122,132,-10,10
51779,64,66,-2,2
51780,43,65,-22,22
51781,114,101,13,13
51782,62,65,-3,3
51783,104,110,-6,6
51784,175,179,-4,4
51785,98,106,-8,8
51786,87,79,8,8
51787,144,134,10,10
51788,76,86,-10,10
51789,125,120,5,5
51790,70,71,-1,1
51791,86,94,-8,8
51792,140,118,22,22
51793,44,53,-9,9
51794,101,93,8,8
51795,68,69,-1,1
51796,155,147,8,8
51797,125,120,5,5
51798,49,52,-3,3
51799,140,140,0,0
51800,105,93,12,12
51801,192,190,2,2
51802,89,74,15,15
51803,140,127,13,13
51804,140,132,8,8
51805,112,112,0,0
51806,136,118,18,18
51807,76,83,-7,7
51808,64,69,-5,5
51809,64,76,-12,12
51810,83,83,0,0
51811,72,67,5,5
51812,145,136,9,9
51813,113,99,14,14
51814,114,99,15,15
51815,154,135,19,19
51816,67,67,0,0
51817,197,169,28,28
51818,61,63,-2,2
51819,99,94,5,5
51820,91,90,1,1
51821,181,150,31,31
51822,45,45,0,0
51823,55,57,-2,2
51824,183,192,-9,9
51825,106,106,0,0
51826,57,62,-5,5
51827,133,119,14,14
51828,36,41,-5,5
51829,98,101,-3,3
51830,54,49,5,5
51831,140,137,3,3
51832,114,108,6,6
51833,99,92,7,7
51834,69,70,-1,1
51835,144,135,9,9
51836,112,116,-4,4
51837,101,92,9,9
51838,88,80,8,8
51839,88,86,2,2
51840,94,86,8,8
51841,67,65,2,2
51842,46,50,-4,4
51843,72,66,6,6
51844,80,71,9,9
51845,75,72,3,3
51846,94,85,9,9
51847,117,114,3,3
51848,67,68,-1,1
51849,71,72,-1,1
51850,67,81,-14,14
51851,68,65,3,3
51852,91,89,2,2
51853,71,73,-2,2
51854,114,112,2,2
51855,93,98,-5,5
51856,73,80,-7,7
51857,164,144,20,20
51858,132,116,16,16
51859,66,56,10,10
51860,153,125,28,28
51861,108,114,-6,6
51862,110,100,10,10
51863,156,134,22,22
51864,162,150,12,12
51865,150,142,8,8
51866,125,117,8,8
51867,61,61,0,0
51868,95,91,4,4
51869,152,130,22,22
51870,125,124,1,1
51871,119,99,20,20
51872,166,180,-14,14
51873,120,102,18,18
51874,58,57,1,1
51875,45,45,0,0
51876,117,124,-7,7
51877,65,61,4,4
51878,105,106,-1,1
51879,70,70,0,0
51880,78,73,5,5
51881,91,83,8,8
51882,78,70,8,8
51883,116,124,-8,8
51884,132,112,20,20
51885,143,131,12,12
51886,117,117,0,0
51887,147,150,-3,3
51888,63,69,-6,6
51889,80,91,-11,11
51890,98,93,5,5
51891,51,56,-5,5
51892,51,50,1,1
51893,73,68,5,5
51894,95,87,8,8
51895,100,96,4,4
51896,74,81,-7,7
51897,110,97,13,13
51898,78,79,-1,1
51899,54,58,-4,4
51900,115,113,2,2
51901,139,125,14,14
51902,73,79,-6,6
51903,67,68,-1,1
51904,76,79,-3,3
51905,108,99,9,9
51906,104,100,4,4
51907,130,124,6,6
51908,116,112,4,4
51909,57,58,-1,1
51910,102,102,0,0
51911,108,96,12,12
51912,95,84,11,11
51913,40,43,-3,3
51914,76,85,-9,9
51915,71,66,5,5
51916,137,133,4,4
51917,118,106,12,12
51918,129,118,11,11
51919,67,74,-7,7
51920,72,72,0,0
51921,111,115,-4,4
51922,95,92,3,3
51923,130,137,-7,7
51924,116,117,-1,1
51925,68,66,2,2
51926,103,98,5,5
51927,95,94,1,1
51928,117,111,6,6
51929,62,50,12,12
51930,75,79,-4,4
51931,56,69,-13,13
51932,120,101,19,19
51933,113,109,4,4
51934,85,79,6,6
51935,71,88,-17,17
51936,130,131,-1,1
51937,87,91,-4,4
51938,156,142,14,14
51939,89,86,3,3
51940,61,58,3,3
51941,115,109,6,6
51942,144,128,16,16
51943,73,82,-9,9
51944,94,93,1,1
51945,102,95,7,7
51946,125,121,4,4
51947,71,65,6,6
51948,140,130,10,10
51949,143,131,12,12
51950,77,78,-1,1
51951,86,76,10,10
51952,70,65,5,5
51953,101,87,14,14
51954,82,78,4,4
51955,93,85,8,8
51956,55,57,-2,2
51957,138,143,-5,5
51958,88,84,4,4
51959,81,82,-1,1
51960,176,150,26,26
51961,90,92,-2,2
51962,52,59,-7,7
51963,97,90,7,7
51964,45,54,-9,9
51965,114,116,-2,2
51966,155,143,12,12
51967,151,167,-16,16
51968,60,65,-5,5
51969,82,75,7,7
51970,96,93,3,3
51971,126,110,16,16
51972,90,86,4,4
51973,83,69,14,14
51974,72,77,-5,5
51975,139,127,12,12
51976,137,130,7,7
51977,119,111,8,8
51978,115,95,20,20
51979,76,71,5,5
51980,80,94,-14,14
51981,101,90,11,11
51982,92,88,4,4
51983,65,67,-2,2
51984,89,90,-1,1
51985,72,68,4,4
51986,45,45,0,0
51987,69,68,1,1
51988,81,80,1,1
51989,95,93,2,2
51990,76,76,0,0
51991,49,45,4,4
51992,97,96,1,1
51993,90,79,11,11
51994,130,122,8,8
51995,74,80,-6,6
51996,46,56,-10,10
51997,74,80,-6,6
51998,108,99,9,9
51999,115,116,-1,1
52000,37,45,-8,8
52001,79,74,5,5
52002,75,78,-3,3
52003,174,149,25,25
52004,107,100,7,7
52005,53,51,2,2
52006,83,84,-1,1
52007,60,56,4,4
52008,98,99,-1,1
52009,57,60,-3,3
52010,54,54,0,0
52011,83,76,7,7
52012,182,197,-15,15
52013,107,112,-5,5
52014,89,97,-8,8
52015,105,100,5,5
52016,109,109,0,0
52017,141,124,17,17
52018,121,120,1,1
52019,91,103,-12,12
52020,117,108,9,9
52021,58,55,3,3
52022,80,69,11,11
52023,88,83,5,5
52024,80,79,1,1
52025,146,137,9,9
52026,105,100,5,5
52027,128,137,-9,9
52028,79,75,4,4
52029,123,123,0,0
52030,85,82,3,3
52031,77,72,5,5
52032,70,66,4,4
52033,100,97,3,3
52034,71,68,3,3
52035,123,112,11,11
52036,85,86,-1,1
52037,113,110,3,3
52038,98,91,7,7
52039,67,75,-8,8
52040,130,127,3,3
52041,176,151,25,25
52042,117,109,8,8
52043,130,120,10,10
52044,114,107,7,7
52045,108,108,0,0
52046,111,113,-2,2
52047,91,86,5,5
52048,153,135,18,18
52049,83,103,-20,20
52050,91,90,1,1
52051,103,100,3,3
52052,123,119,4,4
52053,57,59,-2,2
52054,115,105,10,10
52055,86,89,-3,3
52056,147,135,12,12
52057,116,127,-11,11
52058,87,86,1,1
52059,81,77,4,4
52060,58,57,1,1
52061,97,82,15,15
52062,138,142,-4,4
52063,74,70,4,4
52064,60,70,-10,10
52065,94,93,1,1
52066,150,140,10,10
52067,143,135,8,8
52068,72,70,2,2
52069,80,83,-3,3
52070,94,94,0,0
52071,85,80,5,5
52072,108,99,9,9
52073,106,92,14,14
52074,86,86,0,0
52075,160,145,15,15
52076,84,80,4,4
52077,78,71,7,7
52078,89,91,-2,2
52079,76,82,-6,6
52080,57,49,8,8
52081,93,91,2,2
52082,92,91,1,1
52083,79,94,-15,15
52084,105,103,2,2
52085,146,138,8,8
52086,79,82,-3,3
52087,96,97,-1,1
52088,97,93,4,4
52089,74,73,1,1
52090,79,80,-1,1
52091,90,84,6,6
52092,133,127,6,6
52093,81,83,-2,2
52094,140,128,12,12
52095,20,20,0,0
52096,42,92,-50,50
52097,178,151,27,27
52098,57,68,-11,11
52099,91,95,-4,4
52100,125,135,-10,10
52101,77,74,3,3
52102,73,75,-2,2
52103,96,98,-2,2
52104,63,64,-1,1
52105,75,76,-1,1
52106,117,107,10,10
52107,135,129,6,6
52108,105,107,-2,2
52109,141,136,5,5
52110,123,107,16,16
52111,71,83,-12,12
52112,108,93,15,15
52113,104,104,0,0
52114,108,100,8,8
52115,93,91,2,2
52116,102,92,10,10
52117,99,85,14,14
52118,95,96,-1,1
52119,53,51,2,2
52120,117,100,17,17
52121,79,86,-7,7
52122,55,64,-9,9
52123,163,156,7,7
52124,53,52,1,1
52125,80,77,3,3
52126,124,111,13,13
52127,75,69,6,6
52128,133,127,6,6
52129,83,82,1,1
52130,54,62,-8,8
52131,52,54,-2,2
52132,67,72,-5,5
52133,75,71,4,4
52134,106,96,10,10
52135,140,130,10,10
52136,124,125,-1,1
52137,65,70,-5,5
52138,94,97,-3,3
52139,108,106,2,2
52140,132,112,20,20
52141,123,115,8,8
52142,73,81,-8,8
52143,246,224,22,22
52144,91,79,12,12
52145,48,53,-5,5
52146,109,94,15,15
52147,120,107,13,13
52148,71,62,9,9
52149,44,48,-4,4
52150,83,77,6,6
52151,77,71,6,6
52152,108,98,10,10
52153,76,72,4,4
52154,116,95,21,21
52155,98,108,-10,10
52156,114,101,13,13
52157,142,124,18,18
52158,92,101,-9,9
52159,82,76,6,6
52160,86,81,5,5
52161,65,69,-4,4
52162,91,86,5,5
52163,158,154,4,4
52164,79,76,3,3
52165,89,80,9,9
52166,54,50,4,4
52167,144,121,23,23
52168,167,166,1,1
52169,94,99,-5,5
52170,75,73,2,2
52171,110,117,-7,7
52172,113,105,8,8
52173,63,64,-1,1
52174,138,129,9,9
52175,101,90,11,11
52176,99,106,-7,7
52177,98,98,0,0
52178,138,150,-12,12
52179,116,114,2,2
52180,53,67,-14,14
52181,97,95,2,2
52182,79,65,14,14
52183,94,104,-10,10
52184,72,78,-6,6
52185,104,106,-2,2
52186,113,100,13,13
52187,105,109,-4,4
52188,84,82,2,2
52189,66,67,-1,1
52190,75,74,1,1
52191,106,100,6,6
52192,100,94,6,6
52193,75,83,-8,8
52194,45,44,1,1
52195,126,128,-2,2
52196,102,95,7,7
52197,108,105,3,3
52198,99,90,9,9
52199,146,127,19,19
52200,107,106,1,1
52201,105,110,-5,5
52202,58,52,6,6
52203,114,118,-4,4
52204,151,128,23,23
52205,72,70,2,2
52206,79,71,8,8
52207,131,114,17,17
52208,91,87,4,4
52209,52,54,-2,2
52210,81,64,17,17
52211,85,68,17,17
52212,96,87,9,9
52213,42,51,-9,9
52214,73,65,8,8
52215,100,94,6,6
52216,104,97,7,7
52217,85,89,-4,4
52218,67,73,-6,6
52219,71,73,-2,2
52220,100,89,11,11
52221,134,107,27,27
52222,104,106,-2,2
52223,90,81,9,9
52224,96,119,-23,23
52225,61,85,-24,24
52226,65,70,-5,5
52227,139,132,7,7
52228,46,48,-2,2
52229,70,70,0,0
52230,142,129,13,13
52231,90,84,6,6
52232,112,100,12,12
52233,113,102,11,11
52234,59,66,-7,7
52235,111,103,8,8
52236,84,76,8,8
52237,74,70,4,4
52238,78,70,8,8
52239,145,145,0,0
52240,100,117,-17,17
52241,103,95,8,8
52242,55,53,2,2
52243,93,91,2,2
52244,78,74,4,4
52245,80,76,4,4
52246,104,91,13,13
52247,66,69,-3,3
52248,68,61,7,7
52249,60,55,5,5
52250,103,115,-12,12
52251,69,67,2,2
52252,92,88,4,4
52253,48,56,-8,8
52254,54,61,-7,7
52255,54,56,-2,2
52256,58,63,-5,5
52257,160,138,22,22
52258,83,77,6,6
52259,90,82,8,8
52260,71,116,-45,45
52261,168,170,-2,2
52262,137,135,2,2
52263,139,134,5,5
52264,74,67,7,7
52265,75,78,-3,3
52266,65,57,8,8
52267,93,79,14,14
52268,94,89,5,5
52269,65,76,-11,11
52270,110,109,1,1
52271,29,38,-9,9
52272,91,85,6,6
52273,78,74,4,4
52274,77,75,2,2
52275,93,91,2,2
52276,158,145,13,13
52277,206,184,22,22
52278,98,98,0,0
52279,131,123,8,8
52280,115,106,9,9
52281,129,108,21,21
52282,97,90,7,7
52283,97,88,9,9
52284,78,88,-10,10
52285,81,83,-2,2
52286,107,100,7,7
52287,80,80,0,0
52288,67,70,-3,3
52289,66,73,-7,7
52290,56,55,1,1
52291,72,69,3,3
52292,50,54,-4,4
52293,70,99,-29,29
52294,128,114,14,14
52295,138,134,4,4
52296,38,41,-3,3
52297,113,107,6,6
52298,168,159,9,9
52299,115,101,14,14
52300,88,83,5,5
52301,80,76,4,4
52302,124,128,-4,4
52303,190,177,13,13
52304,92,94,-2,2
52305,83,80,3,3
52306,78,80,-2,2
52307,64,55,9,9
52308,121,114,7,7
52309,74,75,-1,1
52310,59,58,1,1
52311,200,152,48,48
52312,157,144,13,13
52313,86,82,4,4
52314,126,117,9,9
52315,75,73,2,2
52316,95,104,-9,9
52317,118,102,16,16
52318,174,155,19,19
52319,148,134,14,14
52320,70,75,-5,5
52321,99,95,4,4
52322,73,74,-1,1
52323,178,149,29,29
52324,127,120,7,7
52325,137,134,3,3
52326,35,47,-12,12
52327,58,58,0,0
52328,104,104,0,0
52329,85,83,2,2
52330,91,87,4,4
52331,40,39,1,1
52332,83,82,1,1
52333,100,102,-2,2
52334,73,77,-4,4
52335,51,56,-5,5
52336,263,191,72,72
52337,87,86,1,1
52338,85,81,4,4
52339,85,85,0,0
52340,89,80,9,9
52341,176,164,12,12
52342,103,98,5,5
52343,128,133,-5,5
52344,166,162,4,4
52345,92,105,-13,13
52346,100,93,7,7
52347,98,84,14,14
52348,57,59,-2,2
52349,127,113,14,14
52350,86,87,-1,1
52351,144,141,3,3
52352,60,61,-1,1
52353,113,106,7,7
52354,113,106,7,7
52355,103,97,6,6
52356,90,84,6,6
52357,56,48,8,8
52358,47,50,-3,3
52359,105,103,2,2
52360,61,61,0,0
52361,128,131,-3,3
52362,55,75,-20,20
52363,67,61,6,6
52364,65,65,0,0
52365,116,107,9,9
52366,76,77,-1,1
52367,41,47,-6,6
52368,83,74,9,9
52369,82,89,-7,7
52370,50,54,-4,4
52371,81,87,-6,6
52372,57,49,8,8
52373,83,80,3,3
52374,87,94,-7,7
52375,56,51,5,5
52376,68,66,2,2
52377,71,65,6,6
52378,77,78,-1,1
52379,67,64,3,3
52380,120,103,17,17
52381,74,75,-1,1
52382,121,116,5,5
52383,73,76,-3,3
52384,53,53,0,0
52385,68,69,-1,1
52386,95,89,6,6
52387,103,101,2,2
52388,46,49,-3,3
52389,73,65,8,8
52390,148,135,13,13
52391,145,126,19,19
52392,105,93,12,12
52393,71,74,-3,3
52394,43,49,-6,6
52395,106,103,3,3
52396,114,108,6,6
52397,80,77,3,3
52398,64,84,-20,20
52399,125,111,14,14
52400,84,90,-6,6
52401,86,87,-1,1
52402,101,93,8,8
52403,95,88,7,7
52404,90,92,-2,2
52405,93,87,6,6
52406,62,65,-3,3
52407,146,135,11,11
52408,87,87,0,0
52409,85,75,10,10
52410,134,114,20,20
52411,82,76,6,6
52412,46,44,2,2
52413,73,64,9,9
52414,23,38,-15,15
52415,167,147,20,20
52416,116,93,23,23
52417,112,113,-1,1
52418,227,207,20,20
52419,108,107,1,1
52420,93,90,3,3
52421,76,77,-1,1
52422,75,73,2,2
52423,74,79,-5,5
52424,85,75,10,10
52425,68,71,-3,3
52426,93,82,11,11
52427,143,131,12,12
52428,132,119,13,13
52429,68,66,2,2
52430,49,58,-9,9
52431,116,104,12,12
52432,87,80,7,7
52433,114,99,15,15
52434,133,123,10,10
52435,81,76,5,5
52436,105,92,13,13
52437,88,89,-1,1
52438,158,134,24,24
52439,82,73,9,9
52440,91,90,1,1
52441,158,148,10,10
52442,77,81,-4,4
52443,61,85,-24,24
52444,57,59,-2,2
52445,76,79,-3,3
52446,80,81,-1,1
52447,90,96,-6,6
52448,75,65,10,10
52449,105,96,9,9
52450,99,93,6,6
52451,134,132,2,2
52452,70,74,-4,4
52453,139,141,-2,2
52454,67,66,1,1
52455,186,161,25,25
52456,101,94,7,7
52457,142,136,6,6
52458,66,61,5,5
52459,88,82,6,6
52460,79,83,-4,4
52461,80,81,-1,1
52462,103,110,-7,7
52463,133,138,-5,5
52464,21,59,-38,38
52465,98,82,16,16
52466,67,66,1,1
52467,117,135,-18,18
52468,71,70,1,1
52469,45,47,-2,2
52470,90,81,9,9
52471,122,103,19,19
52472,133,121,12,12
52473,70,69,1,1
52474,99,99,0,0
52475,161,146,15,15
52476,123,110,13,13
52477,116,106,10,10
52478,148,126,22,22
52479,55,46,9,9
52480,107,106,1,1
52481,69,66,3,3
52482,103,116,-13,13
52483,50,50,0,0
52484,76,76,0,0
52485,98,96,2,2
52486,63,66,-3,3
52487,69,67,2,2
52488,115,109,6,6
52489,64,61,3,3
52490,80,79,1,1
52491,93,84,9,9
52492,93,91,2,2
52493,107,96,11,11
52494,91,87,4,4
52495,73,86,-13,13
52496,163,141,22,22
52497,82,76,6,6
52498,133,124,9,9
52499,70,78,-8,8
52500,74,77,-3,3
52501,72,73,-1,1
52502,51,44,7,7
52503,192,165,27,27
52504,59,71,-12,12
52505,69,66,3,3
52506,47,49,-2,2
52507,146,151,-5,5
52508,149,131,18,18
52509,96,107,-11,11
52510,73,64,9,9
52511,143,128,15,15
52512,101,104,-3,3
52513,96,95,1,1
52514,108,114,-6,6
52515,77,76,1,1
52516,45,50,-5,5
52517,89,94,-5,5
52518,160,144,16,16
52519,97,97,0,0
52520,82,78,4,4
52521,80,74,6,6
52522,70,70,0,0
52523,123,110,13,13
52524,109,99,10,10
52525,162,154,8,8
52526,129,123,6,6
52527,80,75,5,5
52528,49,55,-6,6
52529,129,106,23,23
52530,79,73,6,6
52531,89,95,-6,6
52532,92,91,1,1
52533,87,78,9,9
52534,104,91,13,13
52535,106,92,14,14
52536,169,164,5,5
52537,96,104,-8,8
52538,66,69,-3,3
52539,140,131,9,9
52540,128,114,14,14
52541,82,76,6,6
52542,128,114,14,14
52543,109,107,2,2
52544,59,65,-6,6
52545,61,65,-4,4
52546,109,87,22,22
52547,72,76,-4,4
52548,57,67,-10,10
52549,94,96,-2,2
52550,86,87,-1,1
52551,57,61,-4,4
52552,142,131,11,11
52553,79,87,-8,8
52554,150,140,10,10
52555,122,128,-6,6
52556,106,109,-3,3
52557,41,48,-7,7
52558,218,193,25,25
52559,106,96,10,10
52560,80,74,6,6
52561,87,86,1,1
52562,121,125,-4,4
52563,68,65,3,3
52564,79,82,-3,3
52565,63,62,1,1
52566,57,68,-11,11
52567,132,132,0,0
52568,86,85,1,1
52569,92,87,5,5
52570,187,168,19,19
52571,97,91,6,6
52572,135,125,10,10
52573,126,108,18,18
52574,79,80,-1,1
52575,69,77,-8,8
52576,142,138,4,4
52577,97,87,10,10
52578,104,109,-5,5
52579,112,110,2,2
52580,168,166,2,2
52581,145,126,19,19
52582,137,123,14,14
52583,142,126,16,16
52584,81,74,7,7
52585,97,90,7,7
52586,90,74,16,16
52587,121,136,-15,15
52588,71,75,-4,4
52589,61,58,3,3
52590,95,108,-13,13
52591,95,113,-18,18
52592,53,64,-11,11
52593,126,123,3,3
52594,72,78,-6,6
52595,86,78,8,8
52596,141,141,0,0
52597,96,100,-4,4
52598,98,102,-4,4
52599,123,115,8,8
52600,46,50,-4,4
52601,95,81,14,14
52602,127,116,11,11
52603,153,124,29,29
52604,115,105,10,10
52605,104,95,9,9
52606,53,54,-1,1
52607,95,87,8,8
52608,88,83,5,5
52609,133,113,20,20
52610,88,86,2,2
52611,25,46,-21,21
52612,142,117,25,25
52613,98,100,-2,2
52614,93,87,6,6
52615,99,91,8,8
52616,152,143,9,9
52617,124,118,6,6
52618,112,113,-1,1
52619,134,116,18,18
52620,104,106,-2,2
52621,86,79,7,7
52622,117,114,3,3
52623,77,78,-1,1
52624,88,89,-1,1
52625,72,69,3,3
52626,87,103,-16,16
52627,80,77,3,3
52628,103,97,6,6
52629,136,131,5,5
52630,105,109,-4,4
52631,96,92,4,4
52632,90,78,12,12
52633,53,50,3,3
52634,77,75,2,2
52635,60,56,4,4
52636,115,116,-1,1
52637,93,88,5,5
52638,91,78,13,13
52639,162,155,7,7
52640,115,99,16,16
52641,148,152,-4,4
52642,68,64,4,4
52643,79,82,-3,3
52644,53,51,2,2
52645,60,60,0,0
52646,63,72,-9,9
52647,102,99,3,3
52648,111,101,10,10
52649,116,109,7,7
52650,50,48,2,2
52651,113,102,11,11
52652,46,55,-9,9
52653,62,63,-1,1
52654,112,109,3,3
52655,58,68,-10,10
52656,85,85,0,0
52657,111,99,12,12
52658,105,103,2,2
52659,113,116,-3,3
52660,174,154,20,20
52661,125,113,12,12
52662,109,102,7,7
52663,67,68,-1,1
52664,76,68,8,8
52665,193,232,-39,39
52666,128,120,8,8
52667,88,83,5,5
52668,70,74,-4,4
52669,63,64,-1,1
52670,148,132,16,16
52671,89,91,-2,2
52672,152,144,8,8
52673,62,67,-5,5
52674,141,116,25,25
52675,48,53,-5,5
52676,185,169,16,16
52677,89,84,5,5
52678,87,82,5,5
52679,50,54,-4,4
52680,79,71,8,8
52681,124,131,-7,7
52682,109,102,7,7
52683,54,58,-4,4
52684,90,86,4,4
52685,85,84,1,1
52686,35,93,-58,58
52687,86,85,1,1
52688,47,53,-6,6
52689,103,93,10,10
52690,105,105,0,0
52691,47,59,-12,12
52692,44,50,-6,6
52693,137,123,14,14
52694,69,74,-5,5
52695,47,46,1,1
52696,63,65,-2,2
52697,118,117,1,1
52698,83,85,-2,2
52699,80,92,-12,12
52700,119,98,21,21
52701,107,113,-6,6
52702,100,110,-10,10
52703,96,98,-2,2
52704,90,96,-6,6
52705,136,125,11,11
52706,142,143,-1,1
52707,82,81,1,1
52708,64,51,13,13
52709,89,88,1,1
52710,49,54,-5,5
52711,138,121,17,17
52712,74,64,10,10
52713,55,67,-12,12
52714,147,123,24,24
52715,87,88,-1,1
52716,67,78,-11,11
52717,90,80,10,10
52718,72,88,-16,16
52719,110,100,10,10
52720,166,161,5,5
52721,128,103,25,25
52722,70,77,-7,7
52723,95,95,0,0
52724,58,54,4,4
52725,95,94,1,1
52726,78,82,-4,4
52727,99,99,0,0
52728,79,72,7,7
52729,96,85,11,11
52730,87,80,7,7
52731,57,63,-6,6
52732,67,68,-1,1
52733,84,87,-3,3
52734,73,75,-2,2
52735,77,76,1,1
52736,65,67,-2,2
52737,34,44,-10,10
52738,103,97,6,6
52739,117,121,-4,4
52740,73,65,8,8
52741,121,111,10,10
52742,67,72,-5,5
52743,118,96,22,22
52744,145,139,6,6
52745,83,84,-1,1
52746,105,99,6,6
52747,81,69,12,12
52748,92,93,-1,1
52749,44,43,1,1
52750,104,99,5,5
52751,45,44,1,1
52752,96,89,7,7
52753,115,115,0,0
52754,91,95,-4,4
52755,64,76,-12,12
52756,63,62,1,1
52757,83,85,-2,2
52758,126,121,5,5
52759,57,64,-7,7
52760,209,186,23,23
52761,153,131,22,22
52762,57,60,-3,3
52763,70,67,3,3
52764,118,125,-7,7
52765,110,108,2,2
52766,63,54,9,9
52767,117,106,11,11
52768,151,125,26,26
52769,135,141,-6,6
52770,75,72,3,3
52771,121,113,8,8
52772,142,141,1,1
52773,107,96,11,11
52774,87,82,5,5
52775,83,86,-3,3
52776,54,45,9,9
52777,120,114,6,6
52778,75,79,-4,4
52779,116,112,4,4
52780,80,78,2,2
52781,132,133,-1,1
52782,61,65,-4,4
52783,70,77,-7,7
52784,57,49,8,8
52785,137,128,9,9
52786,112,92,20,20
52787,77,76,1,1
52788,78,77,1,1
52789,94,97,-3,3
52790,85,86,-1,1
52791,61,55,6,6
52792,80,78,2,2
52793,116,105,11,11
52794,64,80,-16,16
52795,69,74,-5,5
52796,124,104,20,20
52797,78,64,14,14
52798,109,109,0,0
52799,90,83,7,7
52800,148,142,6,6
52801,64,67,-3,3
52802,59,60,-1,1
52803,42,42,0,0
52804,132,125,7,7
52805,132,124,8,8
52806,68,57,11,11
52807,173,173,0,0
52808,73,71,2,2
52809,88,85,3,3
52810,95,88,7,7
52811,56,53,3,3
52812,83,75,8,8
52813,131,127,4,4
52814,65,75,-10,10
52815,77,77,0,0
52816,110,111,-1,1
52817,80,105,-25,25
52818,76,70,6,6
52819,73,77,-4,4
52820,66,67,-1,1
52821,149,129,20,20
52822,55,56,-1,1
52823,60,52,8,8
52824,151,145,6,6
52825,112,115,-3,3
52826,67,65,2,2
52827,67,83,-16,16
52828,77,84,-7,7
52829,114,117,-3,3
52830,123,129,-6,6
52831,83,81,2,2
52832,42,56,-14,14
52833,104,107,-3,3
52834,90,88,2,2
52835,107,112,-5,5
52836,153,134,19,19
52837,68,67,1,1
52838,41,47,-6,6
52839,82,81,1,1
52840,55,55,0,0
52841,114,101,13,13
52842,92,84,8,8
52843,90,92,-2,2
52844,70,68,2,2
52845,75,78,-3,3
52846,112,90,22,22
52847,76,80,-4,4
52848,107,77,30,30
52849,96,94,2,2
52850,107,100,7,7
52851,46,50,-4,4
52852,103,110,-7,7
52853,122,113,9,9
52854,117,111,6,6
52855,69,79,-10,10
52856,100,103,-3,3
52857,70,60,10,10
52858,96,99,-3,3
52859,89,83,6,6
52860,112,110,2,2
52861,93,108,-15,15
52862,104,98,6,6
52863,79,77,2,2
52864,150,137,13,13
52865,145,135,10,10
52866,135,132,3,3
52867,61,64,-3,3
52868,75,75,0,0
52869,63,57,6,6
52870,77,79,-2,2
52871,115,119,-4,4
52872,94,86,8,8
52873,60,61,-1,1
52874,99,97,2,2
52875,162,161,1,1
52876,89,91,-2,2
52877,84,85,-1,1
52878,90,95,-5,5
52879,132,120,12,12
52880,106,94,12,12
52881,50,45,5,5
52882,66,60,6,6
52883,153,138,15,15
52884,55,54,1,1
52885,92,83,9,9
52886,113,108,5,5
52887,54,54,0,0
52888,132,125,7,7
52889,116,99,17,17
52890,88,210,-122,122
52891,127,119,8,8
52892,80,82,-2,2
52893,125,110,15,15
52894,108,95,13,13
52895,104,99,5,5
52896,62,69,-7,7
52897,76,80,-4,4
52898,77,82,-5,5
52899,120,113,7,7
52900,71,74,-3,3
52901,54,66,-12,12
52902,115,118,-3,3
52903,138,135,3,3
52904,95,87,8,8
52905,31,38,-7,7
52906,46,41,5,5
52907,147,126,21,21
52908,129,134,-5,5
52909,82,70,12,12
52910,81,83,-2,2
52911,62,59,3,3
52912,140,128,12,12
52913,101,96,5,5
52914,120,102,18,18
52915,48,47,1,1
52916,132,122,10,10
52917,164,143,21,21
52918,48,60,-12,12
52919,81,89,-8,8
52920,74,76,-2,2
52921,79,90,-11,11
52922,97,96,1,1
52923,81,87,-6,6
52924,47,51,-4,4
52925,97,96,1,1
52926,59,66,-7,7
52927,68,64,4,4
52928,67,65,2,2
52929,66,68,-2,2
52930,143,125,18,18
52931,88,82,6,6
52932,96,93,3,3
52933,169,135,34,34
52934,106,91,15,15
52935,106,103,3,3
52936,78,76,2,2
52937,107,111,-4,4
52938,132,133,-1,1
52939,88,74,14,14
52940,68,80,-12,12
52941,104,98,6,6
52942,79,75,4,4
52943,96,85,11,11
52944,159,148,11,11
52945,133,131,2,2
52946,81,81,0,0
52947,67,74,-7,7
52948,86,88,-2,2
52949,75,75,0,0
52950,106,107,-1,1
52951,55,61,-6,6
52952,167,143,24,24
52953,33,36,-3,3
52954,114,121,-7,7
52955,153,131,22,22
52956,76,76,0,0
52957,74,81,-7,7
52958,152,151,1,1
52959,176,133,43,43
52960,86,78,8,8
52961,191,161,30,30
52962,116,113,3,3
52963,87,83,4,4
52964,133,126,7,7
52965,131,133,-2,2
52966,96,93,3,3
52967,113,111,2,2
52968,52,52,0,0
52969,68,75,-7,7
52970,110,103,7,7
52971,58,59,-1,1
52972,104,115,-11,11
52973,93,89,4,4
52974,118,117,1,1
52975,92,92,0,0
52976,77,79,-2,2
52977,43,42,1,1
52978,19,39,-20,20
52979,156,132,24,24
52980,145,139,6,6
52981,85,85,0,0
52982,85,71,14,14
52983,121,108,13,13
52984,76,73,3,3
52985,137,139,-2,2
52986,76,75,1,1
52987,91,83,8,8
52988,93,85,8,8
52989,133,135,-2,2
52990,128,118,10,10
52991,106,104,2,2
52992,77,76,1,1
52993,104,94,10,10
52994,82,79,3,3
52995,77,76,1,1
52996,91,101,-10,10
52997,73,95,-22,22
52998,144,133,11,11
52999,103,96,7,7
53000,97,110,-13,13
53001,238,210,28,28
53002,87,80,7,7
53003,135,125,10,10
53004,63,65,-2,2
53005,95,88,7,7
53006,42,44,-2,2
53007,69,72,-3,3
53008,98,87,11,11
53009,147,138,9,9
53010,108,107,1,1
53011,52,51,1,1
53012,69,67,2,2
53013,92,76,16,16
53014,129,126,3,3
53015,83,80,3,3
53016,108,109,-1,1
53017,126,125,1,1
53018,84,81,3,3
53019,86,73,13,13
53020,82,97,-15,15
53021,88,88,0,0
53022,101,84,17,17
53023,130,115,15,15
53024,83,84,-1,1
53025,118,123,-5,5
53026,106,100,6,6
53027,108,108,0,0
53028,85,67,18,18
53029,133,123,10,10
53030,77,72,5,5
53031,110,98,12,12
53032,71,82,-11,11
53033,72,77,-5,5
53034,44,46,-2,2
53035,69,64,5,5
53036,106,96,10,10
53037,103,97,6,6
53038,82,75,7,7
53039,119,125,-6,6
53040,94,95,-1,1
53041,67,67,0,0
53042,81,78,3,3
53043,102,93,9,9
53044,68,65,3,3
53045,154,131,23,23
53046,80,75,5,5
53047,120,108,12,12
53048,59,62,-3,3
53049,149,142,7,7
53050,66,72,-6,6
53051,80,67,13,13
53052,61,63,-2,2
53053,40,49,-9,9
53054,80,85,-5,5
53055,54,53,1,1
53056,90,108,-18,18
53057,107,99,8,8
53058,62,66,-4,4
53059,157,161,-4,4
53060,113,105,8,8
53061,107,114,-7,7
53062,87,72,15,15
53063,90,88,2,2
53064,155,142,13,13
53065,37,47,-10,10
53066,66,71,-5,5
53067,92,92,0,0
53068,74,71,3,3
53069,38,34,4,4
53070,83,75,8,8
53071,90,97,-7,7
53072,262,307,-45,45
53073,83,83,0,0
53074,65,59,6,6
53075,84,74,10,10
53076,50,50,0,0
53077,95,101,-6,6
53078,80,83,-3,3
53079,135,120,15,15
53080,75,70,5,5
53081,79,81,-2,2
53082,179,166,13,13
53083,119,115,4,4
53084,89,75,14,14
53085,58,64,-6,6
53086,98,100,-2,2
53087,58,58,0,0
53088,62,64,-2,2
53089,65,64,1,1
53090,90,84,6,6
53091,134,117,17,17
53092,61,65,-4,4
53093,142,134,8,8
53094,71,74,-3,3
53095,147,120,27,27
53096,122,119,3,3
53097,151,136,15,15
53098,105,100,5,5
53099,56,59,-3,3
53100,124,125,-1,1
53101,140,143,-3,3
53102,107,101,6,6
53103,103,104,-1,1
53104,98,87,11,11
53105,63,54,9,9
53106,51,54,-3,3
53107,81,76,5,5
53108,65,70,-5,5
53109,150,138,12,12
53110,134,128,6,6
53111,46,38,8,8
53112,120,105,15,15
53113,80,82,-2,2
53114,93,87,6,6
53115,176,152,24,24
53116,115,119,-4,4
53117,128,120,8,8
53118,143,130,13,13
53119,55,54,1,1
53120,85,75,10,10
53121,102,91,11,11
53122,54,54,0,0
53123,151,118,33,33
53124,83,76,7,7
53125,47,47,0,0
53126,80,77,3,3
53127,126,113,13,13
53128,105,106,-1,1
53129,103,107,-4,4
53130,70,75,-5,5
53131,64,64,0,0
53132,116,109,7,7
53133,124,131,-7,7
53134,89,83,6,6
53135,73,75,-2,2
53136,131,131,0,0
53137,120,108,12,12
53138,102,94,8,8
53139,88,79,9,9
53140,82,79,3,3
53141,88,85,3,3
53142,135,109,26,26
53143,119,112,7,7
53144,67,69,-2,2
53145,55,50,5,5
53146,170,158,12,12
53147,125,130,-5,5
53148,132,113,19,19
53149,146,139,7,7
53150,83,78,5,5
53151,85,79,6,6
53152,101,99,2,2
53153,84,85,-1,1
53154,135,117,18,18
53155,54,53,1,1
53156,74,61,13,13
53157,72,74,-2,2
53158,112,90,22,22
53159,137,132,5,5
53160,82,68,14,14
53161,121,109,12,12
53162,83,81,2,2
53163,112,115,-3,3
53164,66,60,6,6
53165,90,82,8,8
53166,111,116,-5,5
53167,70,75,-5,5
53168,98,99,-1,1
53169,101,93,8,8
53170,108,95,13,13
53171,77,75,2,2
53172,94,94,0,0
53173,77,78,-1,1
53174,52,64,-12,12
53175,114,112,2,2
53176,79,79,0,0
53177,43,52,-9,9
53178,110,97,13,13
53179,51,49,2,2
53180,81,80,1,1
53181,122,111,11,11
53182,128,125,3,3
53183,92,104,-12,12
53184,111,103,8,8
53185,106,96,10,10
53186,56,59,-3,3
53187,137,120,17,17
53188,75,67,8,8
53189,71,70,1,1
53190,67,66,1,1
53191,89,85,4,4
53192,96,95,1,1
53193,106,106,0,0
53194,71,70,1,1
53195,128,114,14,14
53196,63,69,-6,6
53197,82,75,7,7
53198,67,69,-2,2
53199,80,77,3,3
53200,124,116,8,8
53201,117,111,6,6
53202,115,120,-5,5
53203,107,107,0,0
53204,65,66,-1,1
53205,119,114,5,5
53206,88,92,-4,4
53207,53,59,-6,6
53208,156,142,14,14
53209,71,69,2,2
53210,89,85,4,4
53211,88,77,11,11
53212,113,105,8,8
53213,43,50,-7,7
53214,106,104,2,2
53215,85,83,2,2
53216,108,123,-15,15
53217,70,62,8,8
53218,163,151,12,12
53219,102,101,1,1
53220,74,73,1,1
53221,60,62,-2,2
53222,107,101,6,6
53223,59,77,-18,18
53224,90,72,18,18
53225,134,122,12,12
53226,159,147,12,12
53227,99,87,12,12
53228,75,75,0,0
53229,62,54,8,8
53230,93,89,4,4
53231,101,96,5,5
53232,61,67,-6,6
53233,88,74,14,14
53234,99,103,-4,4
53235,45,47,-2,2
53236,65,67,-2,2
53237,120,105,15,15
53238,85,83,2,2
53239,76,78,-2,2
53240,111,97,14,14
53241,75,72,3,3
53242,96,97,-1,1
53243,134,113,21,21
53244,62,51,11,11
53245,69,65,4,4
53246,95,93,2,2
53247,93,84,9,9
53248,73,73,0,0
53249,89,75,14,14
53250,59,52,7,7
53251,73,65,8,8
53252,115,117,-2,2
53253,86,84,2,2
53254,141,152,-11,11
53255,109,126,-17,17
53256,112,95,17,17
53257,74,75,-1,1
53258,57,56,1,1
53259,61,66,-5,5
53260,104,101,3,3
53261,111,94,17,17
53262,80,80,0,0
53263,107,99,8,8
53264,43,47,-4,4
53265,71,79,-8,8
53266,54,54,0,0
53267,74,79,-5,5
53268,77,73,4,4
53269,86,98,-12,12
53270,65,69,-4,4
53271,103,89,14,14
53272,67,73,-6,6
53273,77,66,11,11
53274,53,60,-7,7
53275,128,109,19,19
53276,75,75,0,0
53277,111,131,-20,20
53278,94,92,2,2
53279,93,87,6,6
53280,131,117,14,14
53281,61,88,-27,27
53282,69,63,6,6
53283,70,57,13,13
53284,50,53,-3,3
53285,69,66,3,3
53286,101,89,12,12
53287,86,77,9,9
53288,98,93,5,5
53289,140,100,40,40
53290,88,86,2,2
53291,51,52,-1,1
53292,72,71,1,1
53293,109,109,0,0
53294,67,74,-7,7
53295,114,106,8,8
53296,98,88,10,10
53297,98,102,-4,4
53298,107,108,-1,1
53299,133,141,-8,8
53300,161,153,8,8
53301,161,126,35,35
53302,125,116,9,9
53303,90,87,3,3
53304,112,111,1,1
53305,61,65,-4,4
53306,186,176,10,10
53307,102,108,-6,6
53308,273,257,16,16
53309,125,127,-2,2
53310,124,128,-4,4
53311,115,103,12,12
53312,86,82,4,4
53313,67,68,-1,1
53314,90,88,2,2
53315,146,135,11,11
53316,64,65,-1,1
53317,78,75,3,3
53318,73,68,5,5
53319,132,119,13,13
53320,78,77,1,1
53321,108,109,-1,1
53322,72,67,5,5
53323,112,113,-1,1
53324,110,106,4,4
53325,157,142,15,15
53326,87,81,6,6
53327,63,59,4,4
53328,47,48,-1,1
53329,55,57,-2,2
53330,57,53,4,4
53331,77,80,-3,3
53332,73,69,4,4
53333,52,50,2,2
53334,60,76,-16,16
53335,171,178,-7,7
53336,153,139,14,14
53337,128,123,5,5
53338,101,95,6,6
53339,58,60,-2,2
53340,67,68,-1,1
53341,58,60,-2,2
53342,69,66,3,3
53343,198,167,31,31
53344,85,78,7,7
53345,96,83,13,13
53346,68,89,-21,21
53347,80,75,5,5
53348,56,64,-8,8
53349,67,65,2,2
53350,57,56,1,1
53351,39,42,-3,3
53352,81,86,-5,5
53353,117,109,8,8
53354,104,101,3,3
53355,105,105,0,0
53356,83,78,5,5
53357,135,132,3,3
53358,76,66,10,10
53359,122,110,12,12
53360,78,76,2,2
53361,37,44,-7,7
53362,134,120,14,14
53363,71,66,5,5
53364,119,110,9,9
53365,23,40,-17,17
53366,145,135,10,10
53367,99,97,2,2
53368,70,79,-9,9
53369,41,58,-17,17
53370,82,89,-7,7
53371,102,92,10,10
53372,64,63,1,1
53373,60,59,1,1
53374,157,140,17,17
53375,144,125,19,19
53376,107,105,2,2
53377,108,113,-5,5
53378,79,78,1,1
53379,77,85,-8,8
53380,102,96,6,6
53381,62,63,-1,1
53382,87,88,-1,1
53383,156,139,17,17
53384,59,60,-1,1
53385,54,58,-4,4
53386,114,115,-1,1
53387,87,97,-10,10
53388,132,126,6,6
53389,135,126,9,9
53390,126,105,21,21
53391,105,107,-2,2
53392,95,99,-4,4
53393,101,94,7,7
53394,51,61,-10,10
53395,63,69,-6,6
53396,149,142,7,7
53397,72,63,9,9
53398,147,137,10,10
53399,67,66,1,1
53400,106,106,0,0
53401,98,101,-3,3
53402,100,88,12,12
53403,93,102,-9,9
53404,69,75,-6,6
53405,116,130,-14,14
53406,88,85,3,3
53407,114,133,-19,19
53408,53,55,-2,2
53409,55,54,1,1
53410,86,90,-4,4
53411,110,99,11,11
53412,82,78,4,4
53413,87,79,8,8
53414,60,58,2,2
53415,59,56,3,3
53416,72,66,6,6
53417,99,86,13,13
53418,111,94,17,17
53419,105,102,3,3
53420,110,102,8,8
53421,56,55,1,1
53422,126,131,-5,5
53423,75,82,-7,7
53424,56,53,3,3
53425,119,130,-11,11
53426,98,95,3,3
53427,171,163,8,8
53428,169,142,27,27
53429,126,123,3,3
53430,194,163,31,31
53431,112,102,10,10
53432,73,72,1,1
53433,106,100,6,6
53434,101,86,15,15
53435,119,102,17,17
53436,96,80,16,16
53437,58,53,5,5
53438,89,92,-3,3
53439,78,83,-5,5
53440,85,84,1,1
53441,87,84,3,3
53442,70,73,-3,3
53443,50,53,-3,3
53444,51,53,-2,2
53445,91,84,7,7
53446,79,77,2,2
53447,98,95,3,3
53448,117,120,-3,3
53449,94,98,-4,4
53450,141,131,10,10
53451,133,130,3,3
53452,48,50,-2,2
53453,121,115,6,6
53454,90,89,1,1
53455,50,64,-14,14
53456,69,75,-6,6
53457,90,100,-10,10
53458,83,80,3,3
53459,89,97,-8,8
53460,84,82,2,2
53461,72,74,-2,2
53462,65,66,-1,1
53463,93,88,5,5
53464,70,68,2,2
53465,68,71,-3,3
53466,128,136,-8,8
53467,102,82,20,20
53468,111,111,0,0
53469,54,52,2,2
53470,94,101,-7,7
53471,102,92,10,10
53472,104,97,7,7
53473,90,90,0,0
53474,96,97,-1,1
53475,119,128,-9,9
53476,80,79,1,1
53477,77,75,2,2
53478,228,243,-15,15
53479,134,109,25,25
53480,140,147,-7,7
53481,47,49,-2,2
53482,113,106,7,7
53483,58,57,1,1
53484,34,38,-4,4
53485,46,40,6,6
53486,68,63,5,5
53487,68,70,-2,2
53488,43,46,-3,3
53489,74,81,-7,7
53490,88,90,-2,2
53491,130,136,-6,6
53492,112,93,19,19
53493,91,83,8,8
53494,70,71,-1,1
53495,137,127,10,10
53496,67,62,5,5
53497,90,79,11,11
53498,137,120,17,17
53499,83,89,-6,6
53500,105,110,-5,5
53501,78,79,-1,1
53502,93,76,17,17
53503,88,79,9,9
53504,65,63,2,2
53505,105,94,11,11
53506,131,132,-1,1
53507,52,50,2,2
53508,48,49,-1,1
53509,127,129,-2,2
53510,70,83,-13,13
53511,62,56,6,6
53512,119,117,2,2
53513,75,77,-2,2
53514,90,80,10,10
53515,60,72,-12,12
53516,133,121,12,12
53517,86,79,7,7
53518,77,80,-3,3
53519,81,80,1,1
53520,98,96,2,2
53521,101,100,1,1
53522,70,71,-1,1
53523,86,77,9,9
53524,111,110,1,1
53525,99,92,7,7
53526,62,64,-2,2
53527,111,108,3,3
53528,57,56,1,1
53529,93,91,2,2
53530,77,77,0,0
53531,122,116,6,6
53532,96,97,-1,1
53533,52,52,0,0
53534,66,60,6,6
53535,102,95,7,7
53536,79,93,-14,14
53537,83,95,-12,12
53538,90,88,2,2
53539,117,104,13,13
53540,87,84,3,3
53541,127,111,16,16
53542,50,56,-6,6
53543,62,64,-2,2
53544,63,72,-9,9
53545,80,75,5,5
53546,111,129,-18,18
53547,53,41,12,12
53548,105,102,3,3
53549,97,86,11,11
53550,48,44,4,4
53551,66,69,-3,3
53552,113,109,4,4
53553,142,132,10,10
53554,42,43,-1,1
53555,55,52,3,3
53556,111,94,17,17
53557,89,83,6,6
53558,76,87,-11,11
53559,126,111,15,15
53560,103,99,4,4
53561,53,54,-1,1
53562,90,87,3,3
53563,66,56,10,10
53564,60,68,-8,8
53565,49,58,-9,9
53566,230,192,38,38
53567,64,53,11,11
53568,104,101,3,3
53569,82,80,2,2
53570,157,147,10,10
53571,53,54,-1,1
53572,93,96,-3,3
53573,76,72,4,4
53574,61,66,-5,5
53575,100,87,13,13
53576,52,57,-5,5
53577,69,66,3,3
53578,117,113,4,4
53579,124,117,7,7
53580,100,104,-4,4
53581,149,123,26,26
53582,99,95,4,4
53583,120,102,18,18
53584,79,84,-5,5
53585,177,166,11,11
53586,62,66,-4,4
53587,99,91,8,8
53588,157,142,15,15
53589,117,118,-1,1
53590,98,90,8,8
53591,68,65,3,3
53592,85,79,6,6
53593,91,96,-5,5
53594,106,93,13,13
53595,129,121,8,8
53596,134,117,17,17
53597,85,85,0,0
53598,122,119,3,3
53599,89,86,3,3
53600,46,53,-7,7
53601,91,93,-2,2
53602,136,130,6,6
53603,52,48,4,4
53604,98,99,-1,1
53605,98,87,11,11
53606,129,122,7,7
53607,49,50,-1,1
53608,75,70,5,5
53609,70,73,-3,3
53610,102,93,9,9
53611,114,108,6,6
53612,31,43,-12,12
53613,120,109,11,11
53614,108,100,8,8
53615,84,86,-2,2
53616,61,63,-2,2
53617,150,146,4,4
53618,52,79,-27,27
53619,44,49,-5,5
53620,71,77,-6,6
53621,62,65,-3,3
53622,74,75,-1,1
53623,100,97,3,3
53624,83,85,-2,2
53625,82,84,-2,2
53626,149,127,22,22
53627,113,116,-3,3
53628,99,88,11,11
53629,94,93,1,1
53630,77,80,-3,3
53631,116,126,-10,10
53632,154,152,2,2
53633,84,84,0,0
53634,116,99,17,17
53635,169,155,14,14
53636,126,119,7,7
53637,31,37,-6,6
53638,84,81,3,3
53639,81,74,7,7
53640,109,103,6,6
53641,96,95,1,1
53642,78,75,3,3
53643,100,95,5,5
53644,101,95,6,6
53645,63,71,-8,8
53646,118,111,7,7
53647,119,106,13,13
53648,70,65,5,5
53649,82,75,7,7
53650,57,55,2,2
53651,89,90,-1,1
53652,124,112,12,12
53653,67,69,-2,2
53654,87,77,10,10
53655,115,103,12,12
53656,76,69,7,7
53657,63,68,-5,5
53658,105,99,6,6
53659,77,73,4,4
53660,124,124,0,0
53661,84,79,5,5
53662,52,47,5,5
53663,55,53,2,2
53664,120,108,12,12
53665,206,172,34,34
53666,67,72,-5,5
53667,93,92,1,1
53668,67,67,0,0
53669,71,66,5,5
53670,87,78,9,9
53671,72,68,4,4
53672,108,103,5,5
53673,116,106,10,10
53674,62,56,6,6
53675,61,69,-8,8
53676,57,61,-4,4
53677,100,91,9,9
53678,78,65,13,13
53679,93,93,0,0
53680,102,100,2,2
53681,187,180,7,7
53682,88,78,10,10
53683,100,98,2,2
53684,169,158,11,11
53685,160,164,-4,4
53686,142,133,9,9
53687,146,144,2,2
53688,81,83,-2,2
53689,41,46,-5,5
53690,111,90,21,21
53691,124,112,12,12
53692,114,114,0,0
53693,133,136,-3,3
53694,88,75,13,13
53695,90,81,9,9
53696,76,76,0,0
53697,83,90,-7,7
53698,130,123,7,7
53699,48,62,-14,14
53700,85,96,-11,11
53701,77,73,4,4
53702,130,123,7,7
53703,118,99,19,19
53704,106,99,7,7
53705,67,71,-4,4
53706,111,108,3,3
53707,94,85,9,9
53708,69,69,0,0
53709,76,89,-13,13
53710,96,86,10,10
53711,84,76,8,8
53712,144,109,35,35
53713,66,76,-10,10
53714,86,81,5,5
53715,56,63,-7,7
53716,103,108,-5,5
53717,154,139,15,15
53718,80,74,6,6
53719,89,88,1,1
53720,63,70,-7,7
53721,90,83,7,7
53722,102,90,12,12
53723,132,127,5,5
53724,103,99,4,4
53725,138,130,8,8
53726,107,99,8,8
53727,84,86,-2,2
53728,158,138,20,20
53729,143,140,3,3
53730,83,83,0,0
53731,101,91,10,10
53732,42,50,-8,8
53733,156,138,18,18
53734,96,97,-1,1
53735,124,126,-2,2
53736,91,90,1,1
53737,139,130,9,9
53738,80,74,6,6
53739,95,88,7,7
53740,95,87,8,8
53741,83,86,-3,3
53742,88,88,0,0
53743,120,117,3,3
53744,79,78,1,1
53745,114,102,12,12
53746,54,59,-5,5
53747,72,78,-6,6
53748,122,106,16,16
53749,125,122,3,3
53750,100,95,5,5
53751,90,95,-5,5
53752,92,87,5,5
53753,85,79,6,6
53754,115,108,7,7
53755,76,67,9,9
53756,94,101,-7,7
53757,128,112,16,16
53758,49,84,-35,35
53759,134,117,17,17
53760,114,105,9,9
53761,75,72,3,3
53762,71,69,2,2
53763,131,124,7,7
53764,110,103,7,7
53765,113,102,11,11
53766,79,87,-8,8
53767,90,83,7,7
53768,112,94,18,18
53769,92,93,-1,1
53770,141,129,12,12
53771,46,49,-3,3
53772,103,97,6,6
53773,124,120,4,4
53774,98,92,6,6
53775,106,88,18,18
53776,95,84,11,11
53777,50,53,-3,3
53778,98,91,7,7
53779,127,121,6,6
53780,147,141,6,6
53781,136,126,10,10
53782,68,65,3,3
53783,133,123,10,10
53784,112,107,5,5
53785,73,69,4,4
53786,104,102,2,2
53787,118,111,7,7
53788,84,90,-6,6
53789,66,66,0,0
53790,74,70,4,4
53791,71,61,10,10
53792,122,112,10,10
53793,88,88,0,0
53794,90,93,-3,3
53795,44,50,-6,6
53796,68,78,-10,10
53797,72,78,-6,6
53798,141,132,9,9
53799,84,103,-19,19
53800,120,111,9,9
53801,46,41,5,5
53802,59,57,2,2
53803,136,126,10,10
53804,47,51,-4,4
53805,57,61,-4,4
53806,64,76,-12,12
53807,114,94,20,20
53808,75,66,9,9
53809,72,74,-2,2
53810,58,52,6,6
53811,70,69,1,1
53812,146,133,13,13
53813,83,95,-12,12
53814,116,129,-13,13
53815,143,139,4,4
53816,118,100,18,18
53817,200,170,30,30
53818,116,99,17,17
53819,124,112,12,12
53820,142,140,2,2
53821,184,157,27,27
53822,137,123,14,14
53823,76,68,8,8
53824,96,91,5,5
53825,52,51,1,1
53826,91,78,13,13
53827,55,54,1,1
53828,95,82,13,13
53829,59,63,-4,4
53830,145,144,1,1
53831,84,71,13,13
53832,112,112,0,0
53833,63,73,-10,10
53834,60,63,-3,3
53835,134,124,10,10
53836,88,78,10,10
53837,72,73,-1,1
53838,107,114,-7,7
53839,74,69,5,5
53840,94,80,14,14
53841,84,78,6,6
53842,55,77,-22,22
53843,30,39,-9,9
53844,31,45,-14,14
53845,77,81,-4,4
53846,74,71,3,3
53847,99,83,16,16
53848,148,139,9,9
53849,70,75,-5,5
53850,86,78,8,8
53851,124,137,-13,13
53852,144,136,8,8
53853,77,70,7,7
53854,117,105,12,12
53855,78,69,9,9
53856,53,65,-12,12
53857,105,97,8,8
53858,79,67,12,12
53859,127,113,14,14
53860,94,82,12,12
53861,159,152,7,7
53862,90,86,4,4
53863,71,73,-2,2
53864,156,142,14,14
53865,140,133,7,7
53866,57,45,12,12
53867,91,91,0,0
53868,61,60,1,1
53869,91,92,-1,1
53870,54,57,-3,3
53871,78,72,6,6
53872,133,111,22,22
53873,121,108,13,13
53874,151,143,8,8
53875,119,110,9,9
53876,76,105,-29,29
53877,98,92,6,6
53878,97,92,5,5
53879,41,42,-1,1
53880,149,155,-6,6
53881,119,113,6,6
53882,80,78,2,2
53883,67,63,4,4
53884,70,72,-2,2
53885,120,107,13,13
53886,125,122,3,3
53887,76,75,1,1
53888,77,79,-2,2
53889,89,90,-1,1
53890,63,56,7,7
53891,163,150,13,13
53892,51,47,4,4
53893,68,65,3,3
53894,131,128,3,3
53895,109,105,4,4
53896,61,54,7,7
53897,118,127,-9,9
53898,103,98,5,5
53899,137,115,22,22
53900,93,85,8,8
53901,116,95,21,21
53902,61,64,-3,3
53903,80,81,-1,1
53904,88,85,3,3
53905,121,124,-3,3
53906,63,63,0,0
53907,150,139,11,11
53908,130,119,11,11
53909,112,106,6,6
53910,48,52,-4,4
53911,159,153,6,6
53912,75,68,7,7
53913,66,73,-7,7
53914,75,75,0,0
53915,70,66,4,4
53916,80,73,7,7
53917,95,92,3,3
53918,57,52,5,5
53919,79,70,9,9
53920,69,67,2,2
53921,60,64,-4,4
53922,115,101,14,14
53923,121,96,25,25
53924,71,62,9,9
53925,88,80,8,8
53926,97,93,4,4
53927,56,65,-9,9
53928,107,94,13,13
53929,35,43,-8,8
53930,112,110,2,2
53931,74,77,-3,3
53932,80,80,0,0
53933,89,97,-8,8
53934,81,85,-4,4
53935,142,136,6,6
53936,109,110,-1,1
53937,118,102,16,16
53938,93,88,5,5
53939,127,121,6,6
53940,84,84,0,0
53941,135,127,8,8
53942,128,122,6,6
53943,88,80,8,8
53944,77,79,-2,2
53945,73,77,-4,4
53946,92,80,12,12
53947,163,158,5,5
53948,117,107,10,10
53949,186,174,12,12
53950,118,122,-4,4
53951,79,66,13,13
53952,81,79,2,2
53953,114,121,-7,7
53954,83,79,4,4
53955,89,77,12,12
53956,139,137,2,2
53957,85,83,2,2
53958,52,54,-2,2
53959,112,100,12,12
53960,79,78,1,1
53961,90,82,8,8
53962,102,96,6,6
53963,86,85,1,1
53964,83,79,4,4
53965,149,133,16,16
53966,50,55,-5,5
53967,73,71,2,2
53968,66,61,5,5
53969,106,104,2,2
53970,78,71,7,7
53971,85,83,2,2
53972,97,109,-12,12
53973,50,50,0,0
53974,126,132,-6,6
53975,83,88,-5,5
53976,98,87,11,11
53977,75,71,4,4
53978,93,88,5,5
53979,143,126,17,17
53980,142,117,25,25
53981,55,63,-8,8
53982,68,64,4,4
53983,61,59,2,2
53984,68,64,4,4
53985,119,98,21,21
53986,85,77,8,8
53987,56,50,6,6
53988,105,109,-4,4
53989,74,72,2,2
53990,61,60,1,1
53991,125,121,4,4
53992,49,46,3,3
53993,117,119,-2,2
53994,109,113,-4,4
53995,108,120,-12,12
53996,153,157,-4,4
53997,59,49,10,10
53998,173,154,19,19
53999,90,88,2,2
54000,102,95,7,7
54001,53,57,-4,4
54002,91,96,-5,5
54003,162,122,40,40
54004,129,123,6,6
54005,110,100,10,10
54006,80,72,8,8
54007,94,82,12,12
54008,107,97,10,10
54009,57,61,-4,4
54010,109,106,3,3
54011,73,72,1,1
54012,229,197,32,32
54013,170,164,6,6
54014,70,65,5,5
54015,104,102,2,2
54016,83,77,6,6
54017,101,90,11,11
54018,86,88,-2,2
54019,108,104,4,4
54020,96,93,3,3
54021,80,84,-4,4
54022,68,70,-2,2
54023,91,83,8,8
54024,112,110,2,2
54025,122,113,9,9
54026,132,119,13,13
54027,96,94,2,2
54028,81,87,-6,6
54029,80,91,-11,11
54030,101,94,7,7
54031,117,109,8,8
54032,100,91,9,9
54033,83,93,-10,10
54034,93,88,5,5
54035,103,101,2,2
54036,48,61,-13,13
54037,110,102,8,8
54038,128,115,13,13
54039,37,40,-3,3
54040,110,114,-4,4
54041,94,91,3,3
54042,127,134,-7,7
54043,70,66,4,4
54044,112,103,9,9
54045,189,184,5,5
54046,95,98,-3,3
54047,123,123,0,0
54048,152,144,8,8
54049,85,82,3,3
54050,60,65,-5,5
54051,74,68,6,6
54052,89,87,2,2
54053,97,93,4,4
54054,159,138,21,21
54055,90,87,3,3
54056,76,74,2,2
54057,83,92,-9,9
54058,71,78,-7,7
54059,105,90,15,15
54060,102,101,1,1
54061,161,144,17,17
54062,123,105,18,18
54063,85,81,4,4
54064,41,43,-2,2
54065,165,150,15,15
54066,60,88,-28,28
54067,123,121,2,2
54068,59,53,6,6
54069,51,48,3,3
54070,160,153,7,7
54071,134,141,-7,7
54072,87,91,-4,4
54073,91,88,3,3
54074,52,55,-3,3
54075,111,102,9,9
54076,139,139,0,0
54077,65,71,-6,6
54078,96,92,4,4
54079,92,84,8,8
54080,77,83,-6,6
54081,106,110,-4,4
54082,194,181,13,13
54083,127,116,11,11
54084,121,101,20,20
54085,140,144,-4,4
54086,129,123,6,6
54087,59,66,-7,7
54088,82,87,-5,5
54089,59,63,-4,4
54090,98,93,5,5
54091,214,181,33,33
54092,107,102,5,5
54093,122,124,-2,2
54094,75,69,6,6
54095,52,52,0,0
54096,129,119,10,10
54097,59,56,3,3
54098,64,60,4,4
54099,144,129,15,15
54100,99,95,4,4
54101,156,138,18,18
54102,173,160,13,13
54103,82,80,2,2
54104,145,126,19,19
54105,105,93,12,12
54106,102,107,-5,5
54107,69,66,3,3
54108,51,53,-2,2
54109,44,46,-2,2
54110,30,40,-10,10
54111,118,101,17,17
54112,85,75,10,10
54113,70,70,0,0
54114,61,72,-11,11
54115,69,67,2,2
54116,81,78,3,3
54117,68,63,5,5
54118,149,139,10,10
54119,47,65,-18,18
54120,53,58,-5,5
54121,143,133,10,10
54122,91,97,-6,6
54123,93,90,3,3
54124,45,47,-2,2
54125,122,113,9,9
54126,112,101,11,11
54127,165,139,26,26
54128,57,61,-4,4
54129,101,101,0,0
54130,54,54,0,0
54131,55,54,1,1
54132,74,69,5,5
54133,95,92,3,3
54134,58,84,-26,26
54135,114,120,-6,6
54136,73,90,-17,17
54137,81,75,6,6
54138,63,58,5,5
54139,139,143,-4,4
54140,96,91,5,5
54141,111,107,4,4
54142,157,142,15,15
54143,167,159,8,8
54144,166,135,31,31
54145,115,113,2,2
54146,80,73,7,7
54147,166,134,32,32
54148,89,85,4,4
54149,69,64,5,5
54150,34,44,-10,10
54151,92,89,3,3
54152,81,84,-3,3
54153,131,129,2,2
54154,65,67,-2,2
54155,107,103,4,4
54156,61,65,-4,4
54157,77,81,-4,4
54158,92,93,-1,1
54159,175,172,3,3
54160,154,149,5,5
54161,101,98,3,3
54162,96,88,8,8
54163,82,77,5,5
54164,72,71,1,1
54165,60,67,-7,7
54166,137,118,19,19
54167,44,50,-6,6
54168,77,68,9,9
54169,111,104,7,7
54170,41,50,-9,9
54171,119,106,13,13
54172,83,84,-1,1
54173,108,98,10,10
54174,128,107,21,21
54175,76,89,-13,13
54176,41,52,-11,11
54177,79,78,1,1
54178,175,162,13,13
54179,115,102,13,13
54180,87,94,-7,7
54181,136,120,16,16
54182,76,75,1,1
54183,107,114,-7,7
54184,86,91,-5,5
54185,118,106,12,12
54186,98,91,7,7
54187,73,67,6,6
54188,176,160,16,16
54189,110,94,16,16
54190,73,71,2,2
54191,73,75,-2,2
54192,109,113,-4,4
54193,96,99,-3,3
54194,128,112,16,16
54195,65,62,3,3
54196,81,85,-4,4
54197,76,76,0,0
54198,81,87,-6,6
54199,55,51,4,4
54200,93,89,4,4
54201,138,137,1,1
54202,127,114,13,13
54203,110,86,24,24
54204,97,86,11,11
54205,106,110,-4,4
54206,70,73,-3,3
54207,84,95,-11,11
54208,103,95,8,8
54209,109,96,13,13
54210,82,76,6,6
54211,82,81,1,1
54212,75,70,5,5
54213,96,91,5,5
54214,74,74,0,0
54215,50,50,0,0
54216,80,73,7,7
54217,129,132,-3,3
54218,127,125,2,2
54219,101,107,-6,6
54220,94,85,9,9
54221,80,80,0,0
54222,51,49,2,2
54223,98,98,0,0
54224,93,95,-2,2
54225,138,132,6,6
54226,127,111,16,16
54227,115,104,11,11
54228,57,59,-2,2
54229,62,65,-3,3
54230,125,125,0,0
54231,74,82,-8,8
54232,104,93,11,11
54233,112,109,3,3
54234,101,92,9,9
54235,81,70,11,11
54236,58,62,-4,4
54237,98,83,15,15
54238,60,55,5,5
54239,60,61,-1,1
54240,119,103,16,16
54241,92,86,6,6
54242,79,84,-5,5
54243,72,73,-1,1
54244,59,63,-4,4
54245,53,55,-2,2
54246,133,124,9,9
54247,81,92,-11,11
54248,167,148,19,19
54249,110,101,9,9
54250,62,58,4,4
54251,77,74,3,3
54252,81,88,-7,7
54253,108,89,19,19
54254,107,97,10,10
54255,56,54,2,2
54256,74,68,6,6
54257,55,69,-14,14
54258,41,42,-1,1
54259,95,86,9,9
54260,80,82,-2,2
54261,107,102,5,5
54262,89,87,2,2
54263,69,65,4,4
54264,89,80,9,9
54265,125,113,12,12
54266,139,133,6,6
54267,63,66,-3,3
54268,79,83,-4,4
54269,111,115,-4,4
54270,80,80,0,0
54271,89,94,-5,5
54272,65,58,7,7
54273,139,122,17,17
54274,105,98,7,7
54275,59,57,2,2
54276,108,94,14,14
54277,71,72,-1,1
54278,57,65,-8,8
54279,65,64,1,1
54280,66,60,6,6
54281,171,163,8,8
54282,69,90,-21,21
54283,137,120,17,17
54284,62,64,-2,2
54285,92,86,6,6
54286,87,80,7,7
54287,131,122,9,9
54288,160,157,3,3
54289,78,81,-3,3
54290,82,89,-7,7
54291,152,162,-10,10
54292,34,38,-4,4
54293,80,88,-8,8
54294,201,187,14,14
54295,89,86,3,3
54296,88,91,-3,3
54297,137,125,12,12
54298,58,58,0,0
54299,87,96,-9,9
54300,106,103,3,3
54301,67,66,1,1
54302,57,49,8,8
54303,83,74,9,9
54304,105,89,16,16
54305,187,155,32,32
54306,92,87,5,5
54307,43,47,-4,4
54308,130,130,0,0
54309,103,95,8,8
54310,79,78,1,1
54311,176,163,13,13
54312,120,105,15,15
54313,75,74,1,1
54314,75,68,7,7
54315,77,68,9,9
54316,87,83,4,4
54317,49,62,-13,13
54318,164,136,28,28
54319,142,125,17,17
54320,136,128,8,8
54321,51,52,-1,1
54322,79,78,1,1
54323,173,160,13,13
54324,118,112,6,6
54325,75,71,4,4
54326,87,89,-2,2
54327,66,65,1,1
54328,67,68,-1,1
54329,124,113,11,11
54330,62,64,-2,2
54331,88,90,-2,2
54332,87,82,5,5
54333,125,124,1,1
54334,107,83,24,24
54335,65,60,5,5
54336,50,57,-7,7
54337,80,73,7,7
54338,166,159,7,7
54339,142,132,10,10
54340,171,159,12,12
54341,57,59,-2,2
54342,87,85,2,2
54343,106,98,8,8
54344,95,99,-4,4
54345,108,96,12,12
54346,105,93,12,12
54347,112,106,6,6
54348,101,85,16,16
54349,89,79,10,10
54350,49,54,-5,5
54351,84,79,5,5
54352,101,98,3,3
54353,66,66,0,0
54354,83,75,8,8
54355,58,59,-1,1
54356,85,88,-3,3
54357,91,112,-21,21
54358,53,69,-16,16
54359,94,94,0,0
54360,97,81,16,16
54361,76,72,4,4
54362,45,58,-13,13
54363,49,49,0,0
54364,150,144,6,6
54365,104,93,11,11
54366,111,114,-3,3
54367,68,62,6,6
54368,93,96,-3,3
54369,100,97,3,3
54370,107,102,5,5
54371,121,119,2,2
54372,60,67,-7,7
54373,134,130,4,4
54374,127,120,7,7
54375,76,75,1,1
54376,122,107,15,15
54377,71,64,7,7
54378,73,81,-8,8
54379,74,69,5,5
54380,133,128,5,5
54381,78,71,7,7
54382,60,71,-11,11
54383,112,124,-12,12
54384,87,89,-2,2
54385,105,94,11,11
54386,62,63,-1,1
54387,76,72,4,4
54388,124,111,13,13
54389,108,111,-3,3
54390,63,61,2,2
54391,192,175,17,17
54392,63,74,-11,11
54393,94,92,2,2
54394,76,94,-18,18
54395,153,144,9,9
54396,145,134,11,11
54397,118,120,-2,2
54398,144,143,1,1
54399,80,86,-6,6
54400,81,73,8,8
54401,167,142,25,25
54402,112,86,26,26
54403,87,90,-3,3
54404,114,81,33,33
54405,96,96,0,0
54406,72,70,2,2
54407,148,145,3,3
54408,105,102,3,3
54409,138,140,-2,2
54410,80,80,0,0
54411,79,84,-5,5
54412,92,84,8,8
54413,104,104,0,0
54414,60,72,-12,12
54415,179,158,21,21
54416,86,79,7,7
54417,32,53,-21,21
54418,134,107,27,27
54419,71,70,1,1
54420,93,90,3,3
54421,112,109,3,3
54422,117,109,8,8
54423,112,105,7,7
54424,83,85,-2,2
54425,111,109,2,2
54426,143,137,6,6
54427,84,92,-8,8
54428,58,64,-6,6
54429,78,80,-2,2
54430,116,103,13,13
54431,120,104,16,16
54432,102,87,15,15
54433,155,88,67,67
54434,106,103,3,3
54435,79,69,10,10
54436,111,116,-5,5
54437,72,70,2,2
54438,59,58,1,1
54439,139,138,1,1
54440,119,110,9,9
54441,100,92,8,8
54442,59,70,-11,11
54443,67,70,-3,3
54444,149,153,-4,4
54445,74,71,3,3
54446,96,96,0,0
54447,196,191,5,5
54448,144,139,5,5
54449,101,93,8,8
54450,80,92,-12,12
54451,76,84,-8,8
54452,96,96,0,0
54453,112,103,9,9
54454,73,91,-18,18
54455,126,118,8,8
54456,92,86,6,6
54457,125,126,-1,1
54458,64,68,-4,4
54459,146,137,9,9
54460,77,93,-16,16
54461,148,138,10,10
54462,126,119,7,7
54463,95,97,-2,2
54464,58,52,6,6
54465,146,129,17,17
54466,148,127,21,21
54467,104,103,1,1
54468,129,115,14,14
54469,60,51,9,9
54470,83,79,4,4
54471,67,54,13,13
54472,132,119,13,13
54473,82,88,-6,6
54474,34,49,-15,15
54475,76,84,-8,8
54476,116,118,-2,2
54477,119,120,-1,1
54478,96,98,-2,2
54479,138,125,13,13
54480,80,78,2,2
54481,109,110,-1,1
54482,103,95,8,8
54483,57,61,-4,4
54484,41,38,3,3
54485,121,114,7,7
54486,87,79,8,8
54487,125,115,10,10
54488,82,88,-6,6
54489,36,42,-6,6
54490,63,60,3,3
54491,112,106,6,6
54492,90,81,9,9
54493,110,114,-4,4
54494,184,163,21,21
54495,97,95,2,2
54496,64,68,-4,4
54497,115,102,13,13
54498,85,79,6,6
54499,60,63,-3,3
54500,68,75,-7,7
54501,118,110,8,8
54502,56,69,-13,13
54503,49,64,-15,15
54504,92,93,-1,1
54505,62,62,0,0
54506,131,111,20,20
54507,125,122,3,3
54508,146,144,2,2
54509,78,78,0,0
54510,69,68,1,1
54511,76,71,5,5
54512,66,66,0,0
54513,71,72,-1,1
54514,97,103,-6,6
54515,264,224,40,40
54516,38,46,-8,8
54517,134,136,-2,2
54518,70,65,5,5
54519,67,66,1,1
54520,128,119,9,9
54521,138,100,38,38
54522,101,114,-13,13
54523,76,73,3,3
54524,42,49,-7,7
54525,138,120,18,18
54526,126,115,11,11
54527,80,77,3,3
54528,61,59,2,2
54529,105,89,16,16
54530,113,108,5,5
54531,96,94,2,2
54532,97,94,3,3
54533,74,84,-10,10
54534,129,124,5,5
54535,83,74,9,9
54536,87,80,7,7
54537,72,68,4,4
54538,120,108,12,12
54539,95,112,-17,17
54540,62,66,-4,4
54541,54,61,-7,7
54542,80,82,-2,2
54543,109,97,12,12
54544,90,82,8,8
54545,30,28,2,2
54546,103,97,6,6
54547,91,99,-8,8
54548,92,82,10,10
54549,79,84,-5,5
54550,120,115,5,5
54551,131,121,10,10
54552,91,89,2,2
54553,64,63,1,1
54554,106,103,3,3
54555,81,80,1,1
54556,86,79,7,7
54557,190,187,3,3
54558,80,73,7,7
54559,108,111,-3,3
54560,136,140,-4,4
54561,84,82,2,2
54562,122,119,3,3
54563,80,73,7,7
54564,80,73,7,7
54565,143,132,11,11
54566,31,42,-11,11
54567,96,89,7,7
54568,74,64,10,10
54569,130,119,11,11
54570,99,92,7,7
54571,90,93,-3,3
54572,89,79,10,10
54573,122,102,20,20
54574,116,113,3,3
54575,111,112,-1,1
54576,129,119,10,10
54577,97,96,1,1
54578,122,103,19,19
54579,94,115,-21,21
54580,78,81,-3,3
54581,101,94,7,7
54582,77,81,-4,4
54583,99,102,-3,3
54584,91,106,-15,15
54585,74,72,2,2
54586,120,114,6,6
54587,109,96,13,13
54588,54,58,-4,4
54589,105,95,10,10
54590,140,141,-1,1
54591,175,160,15,15
54592,103,90,13,13
54593,80,81,-1,1
54594,71,77,-6,6
54595,101,94,7,7
54596,91,90,1,1
54597,75,80,-5,5
54598,51,53,-2,2
54599,59,57,2,2
54600,108,100,8,8
54601,198,171,27,27
54602,48,43,5,5
54603,117,107,10,10
54604,44,43,1,1
54605,105,104,1,1
54606,78,80,-2,2
54607,92,98,-6,6
54608,89,85,4,4
54609,68,65,3,3
54610,50,53,-3,3
54611,83,73,10,10
54612,71,70,1,1
54613,96,115,-19,19
54614,146,133,13,13
54615,134,105,29,29
54616,73,95,-22,22
54617,84,106,-22,22
54618,86,89,-3,3
54619,152,136,16,16
54620,59,58,1,1
54621,183,161,22,22
54622,50,56,-6,6
54623,83,81,2,2
54624,103,92,11,11
54625,63,60,3,3
54626,58,61,-3,3
54627,79,72,7,7
54628,65,85,-20,20
54629,50,59,-9,9
54630,89,79,10,10
54631,132,113,19,19
54632,91,95,-4,4
54633,79,81,-2,2
54634,89,77,12,12
54635,117,117,0,0
54636,89,77,12,12
54637,109,108,1,1
54638,124,116,8,8
54639,97,90,7,7
54640,131,128,3,3
54641,86,84,2,2
54642,77,76,1,1
54643,96,96,0,0
54644,94,88,6,6
54645,74,69,5,5
54646,129,123,6,6
54647,104,96,8,8
54648,113,116,-3,3
54649,99,97,2,2
54650,63,48,15,15
54651,95,90,5,5
54652,68,78,-10,10
54653,194,155,39,39
54654,99,105,-6,6
54655,123,132,-9,9
54656,119,112,7,7
54657,108,94,14,14
54658,66,80,-14,14
54659,60,62,-2,2
54660,58,66,-8,8
54661,183,168,15,15
54662,190,176,14,14
54663,165,142,23,23
54664,80,86,-6,6
54665,166,152,14,14
54666,123,123,0,0
54667,131,128,3,3
54668,62,71,-9,9
54669,83,71,12,12
54670,125,108,17,17
54671,103,107,-4,4
54672,101,101,0,0
54673,95,88,7,7
54674,59,63,-4,4
54675,107,98,9,9
54676,79,64,15,15
54677,87,78,9,9
54678,84,87,-3,3
54679,67,67,0,0
54680,75,72,3,3
54681,85,77,8,8
54682,89,79,10,10
54683,105,112,-7,7
54684,71,70,1,1
54685,150,130,20,20
54686,59,63,-4,4
54687,86,82,4,4
54688,85,84,1,1
54689,110,108,2,2
54690,76,68,8,8
54691,100,96,4,4
54692,109,95,14,14
54693,110,108,2,2
54694,97,104,-7,7
54695,109,106,3,3
54696,188,170,18,18
54697,52,53,-1,1
54698,56,61,-5,5
54699,87,84,3,3
54700,72,68,4,4
54701,171,161,10,10
54702,109,99,10,10
54703,86,85,1,1
54704,140,132,8,8
54705,113,106,7,7
54706,89,87,2,2
54707,102,95,7,7
54708,82,78,4,4
54709,87,82,5,5
54710,85,84,1,1
54711,150,134,16,16
54712,151,122,29,29
54713,65,75,-10,10
54714,150,139,11,11
54715,102,96,6,6
54716,88,83,5,5
54717,108,105,3,3
54718,38,50,-12,12
54719,123,118,5,5
54720,92,79,13,13
54721,120,113,7,7
54722,108,97,11,11
54723,72,65,7,7
54724,62,59,3,3
54725,105,101,4,4
54726,71,79,-8,8
54727,99,89,10,10
54728,88,85,3,3
54729,79,90,-11,11
54730,86,84,2,2
54731,116,101,15,15
54732,74,79,-5,5
54733,93,93,0,0
54734,198,159,39,39
54735,96,93,3,3
54736,78,72,6,6
54737,57,53,4,4
54738,45,49,-4,4
54739,140,134,6,6
54740,76,72,4,4
54741,88,89,-1,1
54742,127,123,4,4
54743,50,57,-7,7
54744,101,105,-4,4
54745,71,75,-4,4
54746,141,123,18,18
54747,110,113,-3,3
54748,144,127,17,17
54749,114,119,-5,5
54750,66,61,5,5
54751,90,92,-2,2
54752,83,77,6,6
54753,143,125,18,18
54754,81,78,3,3
54755,41,43,-2,2
54756,165,156,9,9
54757,92,96,-4,4
54758,43,65,-22,22
54759,84,74,10,10
54760,58,74,-16,16
54761,74,65,9,9
54762,102,81,21,21
54763,62,71,-9,9
54764,115,103,12,12
54765,93,97,-4,4
54766,155,135,20,20
54767,173,170,3,3
54768,145,136,9,9
54769,75,76,-1,1
54770,116,103,13,13
54771,114,117,-3,3
54772,115,116,-1,1
54773,123,116,7,7
54774,86,96,-10,10
54775,95,86,9,9
54776,59,60,-1,1
54777,123,118,5,5
54778,111,110,1,1
54779,109,122,-13,13
54780,92,87,5,5
54781,118,125,-7,7
54782,42,44,-2,2
54783,65,66,-1,1
54784,74,72,2,2
54785,144,143,1,1
54786,139,126,13,13
54787,71,75,-4,4
54788,66,66,0,0
54789,81,81,0,0
54790,103,106,-3,3
54791,65,63,2,2
54792,137,145,-8,8
54793,86,91,-5,5
54794,64,47,17,17
54795,96,95,1,1
54796,76,85,-9,9
54797,56,54,2,2
54798,59,65,-6,6
54799,70,69,1,1
54800,79,72,7,7
54801,92,84,8,8
54802,64,68,-4,4
54803,141,140,1,1
54804,111,109,2,2
54805,123,104,19,19
54806,55,61,-6,6
54807,58,57,1,1
54808,105,86,19,19
54809,124,107,17,17
54810,76,70,6,6
54811,72,86,-14,14
54812,68,70,-2,2
54813,39,47,-8,8
54814,83,74,9,9
54815,90,85,5,5
54816,84,71,13,13
54817,131,113,18,18
54818,100,90,10,10
54819,68,71,-3,3
54820,199,174,25,25
54821,111,105,6,6
54822,63,59,4,4
54823,112,107,5,5
54824,58,57,1,1
54825,167,157,10,10
54826,167,153,14,14
54827,204,183,21,21
54828,88,87,1,1
54829,112,116,-4,4
54830,109,107,2,2
54831,74,61,13,13
54832,118,117,1,1
54833,114,111,3,3
54834,52,52,0,0
54835,79,75,4,4
54836,63,60,3,3
54837,34,41,-7,7
54838,75,75,0,0
54839,66,64,2,2
54840,165,167,-2,2
54841,140,102,38,38
54842,68,69,-1,1
54843,119,108,11,11
54844,109,104,5,5
54845,79,75,4,4
54846,96,83,13,13
54847,96,90,6,6
54848,58,54,4,4
54849,99,96,3,3
54850,68,69,-1,1
54851,61,60,1,1
54852,89,89,0,0
54853,135,119,16,16
54854,60,63,-3,3
54855,92,89,3,3
54856,84,77,7,7
54857,84,85,-1,1
54858,94,90,4,4
54859,101,108,-7,7
54860,119,112,7,7
54861,139,143,-4,4
54862,84,81,3,3
54863,204,153,51,51
54864,97,94,3,3
54865,79,83,-4,4
54866,101,100,1,1
54867,86,81,5,5
54868,84,74,10,10
54869,67,67,0,0
54870,98,98,0,0
54871,79,77,2,2
54872,90,73,17,17
54873,62,64,-2,2
54874,65,66,-1,1
54875,62,68,-6,6
54876,41,42,-1,1
54877,140,123,17,17
54878,167,148,19,19
54879,129,124,5,5
54880,170,183,-13,13
54881,76,76,0,0
54882,88,83,5,5
54883,57,52,5,5
54884,55,54,1,1
54885,81,77,4,4
54886,142,130,12,12
54887,118,107,11,11
54888,66,62,4,4
54889,61,68,-7,7
54890,97,96,1,1
54891,88,83,5,5
54892,101,98,3,3
54893,64,66,-2,2
54894,116,108,8,8
54895,90,82,8,8
54896,87,94,-7,7
54897,98,87,11,11
54898,111,110,1,1
54899,67,65,2,2
54900,51,57,-6,6
54901,123,119,4,4
54902,59,62,-3,3
54903,67,65,2,2
54904,48,50,-2,2
54905,52,63,-11,11
54906,180,181,-1,1
54907,61,66,-5,5
54908,162,146,16,16
54909,76,76,0,0
54910,57,58,-1,1
54911,90,83,7,7
54912,55,67,-12,12
54913,103,107,-4,4
54914,72,77,-5,5
54915,70,59,11,11
54916,154,134,20,20
54917,113,110,3,3
54918,108,97,11,11
54919,50,64,-14,14
54920,45,64,-19,19
54921,71,59,12,12
54922,132,122,10,10
54923,164,151,13,13
54924,100,98,2,2
54925,46,44,2,2
54926,85,79,6,6
54927,88,81,7,7
54928,107,107,0,0
54929,84,80,4,4
54930,48,50,-2,2
54931,98,96,2,2
54932,154,142,12,12
54933,115,111,4,4
54934,69,71,-2,2
54935,47,50,-3,3
54936,79,68,11,11
54937,74,68,6,6
54938,77,82,-5,5
54939,52,56,-4,4
54940,146,137,9,9
54941,74,79,-5,5
54942,122,112,10,10
54943,83,104,-21,21
54944,134,104,30,30
54945,113,110,3,3
54946,113,105,8,8
54947,100,111,-11,11
54948,77,74,3,3
54949,91,84,7,7
54950,112,142,-30,30
54951,109,98,11,11
54952,97,87,10,10
54953,156,149,7,7
54954,128,117,11,11
54955,88,89,-1,1
54956,68,69,-1,1
54957,69,68,1,1
54958,137,132,5,5
54959,68,79,-11,11
54960,65,67,-2,2
54961,93,86,7,7
54962,58,55,3,3
54963,55,62,-7,7
54964,121,110,11,11
54965,133,128,5,5
54966,50,52,-2,2
54967,228,201,27,27
54968,101,90,11,11
54969,51,52,-1,1
54970,89,86,3,3
54971,63,73,-10,10
54972,70,77,-7,7
54973,41,39,2,2
54974,114,107,7,7
54975,65,67,-2,2
54976,83,84,-1,1
54977,61,56,5,5
54978,68,64,4,4
54979,107,102,5,5
54980,70,138,-68,68
54981,122,104,18,18
54982,44,48,-4,4
54983,138,136,2,2
54984,178,171,7,7
54985,94,88,6,6
54986,107,91,16,16
54987,63,64,-1,1
54988,84,92,-8,8
54989,124,111,13,13
54990,68,82,-14,14
54991,78,80,-2,2
54992,177,166,11,11
54993,49,59,-10,10
54994,60,53,7,7
54995,63,73,-10,10
54996,39,60,-21,21
54997,88,88,0,0
54998,150,143,7,7
54999,105,99,6,6
55000,88,82,6,6
55001,58,46,12,12
55002,47,47,0,0
55003,135,118,17,17
55004,101,93,8,8
55005,61,64,-3,3
55006,114,99,15,15
55007,75,69,6,6
55008,88,79,9,9
55009,69,67,2,2
55010,95,86,9,9
55011,120,132,-12,12
55012,148,156,-8,8
55013,80,79,1,1
55014,54,54,0,0
55015,85,81,4,4
55016,123,89,34,34
55017,101,98,3,3
55018,108,109,-1,1
55019,62,65,-3,3
55020,68,82,-14,14
55021,55,57,-2,2
55022,103,102,1,1
55023,115,104,11,11
55024,94,87,7,7
55025,77,74,3,3
55026,146,127,19,19
55027,62,67,-5,5
55028,57,58,-1,1
55029,204,185,19,19
55030,52,66,-14,14
55031,111,125,-14,14
55032,67,64,3,3
55033,116,107,9,9
55034,168,162,6,6
55035,47,47,0,0
55036,75,70,5,5
55037,92,90,2,2
55038,139,137,2,2
55039,130,138,-8,8
55040,118,103,15,15
55041,72,75,-3,3
55042,90,95,-5,5
55043,104,80,24,24
55044,99,102,-3,3
55045,98,93,5,5
55046,84,88,-4,4
55047,106,89,17,17
55048,69,65,4,4
55049,72,76,-4,4
55050,86,84,2,2
55051,122,109,13,13
55052,103,86,17,17
55053,113,112,1,1
55054,70,60,10,10
55055,73,88,-15,15
55056,79,74,5,5
55057,102,91,11,11
55058,79,77,2,2
55059,67,68,-1,1
55060,61,60,1,1
55061,78,83,-5,5
55062,83,77,6,6
55063,91,81,10,10
55064,49,54,-5,5
55065,64,63,1,1
55066,76,77,-1,1
55067,155,148,7,7
55068,90,86,4,4
55069,78,110,-32,32
55070,67,73,-6,6
55071,112,104,8,8
55072,90,85,5,5
55073,98,98,0,0
55074,93,88,5,5
55075,103,102,1,1
55076,64,64,0,0
55077,94,96,-2,2
55078,58,60,-2,2
55079,76,80,-4,4
55080,153,141,12,12
55081,96,84,12,12
55082,151,148,3,3
55083,60,68,-8,8
55084,87,78,9,9
55085,30,42,-12,12
55086,83,74,9,9
55087,107,112,-5,5
55088,114,102,12,12
55089,74,73,1,1
55090,99,107,-8,8
55091,120,115,5,5
55092,89,84,5,5
55093,215,197,18,18
55094,53,52,1,1
55095,74,74,0,0
55096,112,102,10,10
55097,76,80,-4,4
55098,69,68,1,1
55099,146,130,16,16
55100,92,85,7,7
55101,72,71,1,1
55102,184,174,10,10
55103,50,51,-1,1
55104,82,76,6,6
55105,90,83,7,7
55106,152,133,19,19
55107,41,48,-7,7
55108,149,137,12,12
55109,83,79,4,4
55110,45,57,-12,12
55111,225,203,22,22
55112,169,151,18,18
55113,44,50,-6,6
55114,118,118,0,0
55115,108,99,9,9
55116,125,113,12,12
55117,124,122,2,2
55118,65,81,-16,16
55119,164,144,20,20
55120,138,130,8,8
55121,87,83,4,4
55122,51,57,-6,6
55123,98,102,-4,4
55124,64,65,-1,1
55125,63,69,-6,6
55126,101,98,3,3
55127,90,80,10,10
55128,104,92,12,12
55129,140,128,12,12
55130,121,107,14,14
55131,107,101,6,6
55132,85,86,-1,1
55133,116,111,5,5
55134,55,61,-6,6
55135,74,80,-6,6
55136,178,137,41,41
55137,134,112,22,22
55138,62,63,-1,1
55139,113,104,9,9
55140,75,67,8,8
55141,84,79,5,5
55142,88,77,11,11
55143,68,76,-8,8
55144,46,50,-4,4
55145,150,162,-12,12
55146,99,83,16,16
55147,108,99,9,9
55148,118,82,36,36
55149,48,58,-10,10
55150,104,89,15,15
55151,73,61,12,12
55152,109,97,12,12
55153,62,63,-1,1
55154,91,78,13,13
55155,119,113,6,6
55156,157,145,12,12
55157,117,108,9,9
55158,60,66,-6,6
55159,90,86,4,4
55160,102,97,5,5
55161,100,87,13,13
55162,99,95,4,4
55163,108,93,15,15
55164,90,81,9,9
55165,120,115,5,5
55166,97,94,3,3
55167,78,76,2,2
55168,105,99,6,6
55169,160,146,14,14
55170,143,129,14,14
55171,112,110,2,2
55172,152,142,10,10
55173,153,140,13,13
55174,65,61,4,4
55175,66,66,0,0
55176,63,68,-5,5
55177,55,78,-23,23
55178,75,72,3,3
55179,91,81,10,10
55180,81,76,5,5
55181,138,124,14,14
55182,120,108,12,12
55183,86,81,5,5
55184,75,74,1,1
55185,15,17,-2,2
55186,71,69,2,2
55187,158,143,15,15
55188,102,87,15,15
55189,58,59,-1,1
55190,54,45,9,9
55191,77,80,-3,3
55192,82,76,6,6
55193,69,67,2,2
55194,92,94,-2,2
55195,132,129,3,3
55196,109,105,4,4
55197,192,171,21,21
55198,62,60,2,2
55199,41,48,-7,7
55200,120,113,7,7
55201,82,79,3,3
55202,116,107,9,9
55203,44,55,-11,11
55204,87,79,8,8
55205,63,70,-7,7
55206,75,76,-1,1
55207,106,95,11,11
55208,198,182,16,16
55209,87,76,11,11
55210,45,41,4,4
55211,95,88,7,7
55212,128,117,11,11
55213,72,69,3,3
55214,80,84,-4,4
55215,144,145,-1,1
55216,83,76,7,7
55217,138,131,7,7
55218,107,93,14,14
55219,42,47,-5,5
55220,105,102,3,3
55221,129,117,12,12
55222,78,77,1,1
55223,157,137,20,20
55224,135,127,8,8
55225,38,36,2,2
55226,174,156,18,18
55227,83,81,2,2
55228,79,72,7,7
55229,172,170,2,2
55230,76,63,13,13
55231,106,86,20,20
55232,102,102,0,0
55233,60,68,-8,8
55234,160,143,17,17
55235,58,57,1,1
55236,66,70,-4,4
55237,93,87,6,6
55238,97,87,10,10
55239,99,102,-3,3
55240,232,219,13,13
55241,111,101,10,10
55242,57,63,-6,6
55243,92,102,-10,10
55244,70,63,7,7
55245,58,71,-13,13
55246,58,53,5,5
55247,80,81,-1,1
55248,119,106,13,13
55249,111,102,9,9
55250,73,72,1,1
55251,72,69,3,3
55252,98,89,9,9
55253,114,110,4,4
55254,115,107,8,8
55255,180,46,134,134
55256,137,143,-6,6
55257,106,88,18,18
55258,116,111,5,5
55259,161,147,14,14
55260,53,55,-2,2
55261,160,144,16,16
55262,105,104,1,1
55263,85,83,2,2
55264,137,134,3,3
55265,78,81,-3,3
55266,152,152,0,0
55267,107,95,12,12
55268,61,63,-2,2
55269,113,98,15,15
55270,145,140,5,5
55271,125,112,13,13
55272,63,64,-1,1
55273,83,84,-1,1
55274,139,117,22,22
55275,79,73,6,6
55276,136,129,7,7
55277,77,76,1,1
55278,101,89,12,12
55279,54,55,-1,1
55280,103,99,4,4
55281,84,81,3,3
55282,62,66,-4,4
55283,149,148,1,1
55284,52,54,-2,2
55285,143,141,2,2
55286,185,171,14,14
55287,121,107,14,14
55288,93,102,-9,9
55289,89,84,5,5
55290,71,68,3,3
55291,96,87,9,9
55292,92,77,15,15
55293,132,122,10,10
55294,110,109,1,1
55295,81,79,2,2
55296,138,128,10,10
55297,121,123,-2,2
55298,136,122,14,14
55299,108,113,-5,5
55300,102,97,5,5
55301,107,114,-7,7
55302,123,113,10,10
55303,78,74,4,4
55304,123,126,-3,3
55305,191,166,25,25
55306,83,71,12,12
55307,66,66,0,0
55308,147,129,18,18
55309,75,69,6,6
55310,142,145,-3,3
55311,54,56,-2,2
55312,79,83,-4,4
55313,65,53,12,12
55314,69,69,0,0
55315,92,88,4,4
55316,116,95,21,21
55317,138,108,30,30
55318,60,65,-5,5
55319,113,107,6,6
55320,107,102,5,5
55321,71,79,-8,8
55322,87,81,6,6
55323,66,72,-6,6
55324,115,113,2,2
55325,88,87,1,1
55326,59,64,-5,5
55327,109,100,9,9
55328,101,97,4,4
55329,99,86,13,13
55330,84,81,3,3
55331,79,73,6,6
55332,144,122,22,22
55333,74,79,-5,5
55334,67,71,-4,4
55335,79,80,-1,1
55336,69,69,0,0
55337,64,68,-4,4
55338,74,65,9,9
55339,122,143,-21,21
55340,88,92,-4,4
55341,85,96,-11,11
55342,135,142,-7,7
55343,150,132,18,18
55344,120,114,6,6
55345,85,80,5,5
55346,87,89,-2,2
55347,69,74,-5,5
55348,136,120,16,16
55349,139,112,27,27
55350,81,81,0,0
55351,88,88,0,0
55352,117,111,6,6
55353,127,136,-9,9
55354,83,82,1,1
55355,53,54,-1,1
55356,41,40,1,1
55357,97,95,2,2
55358,169,159,10,10
55359,112,98,14,14
55360,38,44,-6,6
55361,84,80,4,4
55362,67,68,-1,1
55363,92,84,8,8
55364,110,102,8,8
55365,88,95,-7,7
55366,78,72,6,6
55367,84,89,-5,5
55368,69,71,-2,2
55369,99,92,7,7
55370,101,108,-7,7
55371,86,82,4,4
55372,102,103,-1,1
55373,60,62,-2,2
55374,54,56,-2,2
55375,111,115,-4,4
55376,138,127,11,11
55377,82,73,9,9
55378,96,108,-12,12
55379,62,66,-4,4
55380,161,153,8,8
55381,73,74,-1,1
55382,92,85,7,7
55383,115,111,4,4
55384,150,140,10,10
55385,78,78,0,0
55386,93,87,6,6
55387,80,76,4,4
55388,88,90,-2,2
55389,89,86,3,3
55390,107,102,5,5
55391,76,67,9,9
55392,115,117,-2,2
55393,96,93,3,3
55394,119,112,7,7
55395,56,60,-4,4
55396,100,118,-18,18
55397,101,89,12,12
55398,89,80,9,9
55399,75,80,-5,5
55400,106,100,6,6
55401,68,69,-1,1
55402,69,63,6,6
55403,83,75,8,8
55404,85,88,-3,3
55405,130,124,6,6
55406,64,64,0,0
55407,44,53,-9,9
55408,83,74,9,9
55409,54,89,-35,35
55410,130,111,19,19
55411,91,90,1,1
55412,59,77,-18,18
55413,109,93,16,16
55414,145,136,9,9
55415,65,60,5,5
55416,50,49,1,1
55417,147,130,17,17
55418,90,92,-2,2
55419,143,140,3,3
55420,97,92,5,5
55421,111,105,6,6
55422,63,63,0,0
55423,70,80,-10,10
55424,109,91,18,18
55425,108,114,-6,6
55426,149,138,11,11
55427,98,93,5,5
55428,137,129,8,8
55429,45,49,-4,4
55430,95,88,7,7
55431,59,72,-13,13
55432,71,66,5,5
55433,117,116,1,1
55434,73,75,-2,2
55435,80,80,0,0
55436,168,138,30,30
55437,149,147,2,2
55438,53,53,0,0
55439,65,67,-2,2
55440,160,141,19,19
55441,83,80,3,3
55442,88,87,1,1
55443,98,81,17,17
55444,51,54,-3,3
55445,54,62,-8,8
55446,70,74,-4,4
55447,80,81,-1,1
55448,169,140,29,29
55449,109,104,5,5
55450,57,62,-5,5
55451,119,118,1,1
55452,238,206,32,32
55453,132,129,3,3
55454,78,81,-3,3
55455,88,80,8,8
55456,85,85,0,0
55457,27,47,-20,20
55458,62,66,-4,4
55459,131,119,12,12
55460,138,124,14,14
55461,43,90,-47,47
55462,58,69,-11,11
55463,76,79,-3,3
55464,72,82,-10,10
55465,121,92,29,29
55466,107,101,6,6
55467,81,82,-1,1
55468,49,65,-16,16
55469,113,105,8,8
55470,71,64,7,7
55471,44,46,-2,2
55472,81,77,4,4
55473,73,66,7,7
55474,85,84,1,1
55475,100,94,6,6
55476,126,111,15,15
55477,96,89,7,7
55478,67,69,-2,2
55479,114,120,-6,6
55480,97,77,20,20
55481,185,157,28,28
55482,55,58,-3,3
55483,177,171,6,6
55484,85,82,3,3
55485,117,112,5,5
55486,157,143,14,14
55487,129,120,9,9
55488,94,97,-3,3
55489,87,90,-3,3
55490,139,117,22,22
55491,121,117,4,4
55492,65,57,8,8
55493,58,65,-7,7
55494,98,90,8,8
55495,37,39,-2,2
55496,63,67,-4,4
55497,193,179,14,14
55498,101,104,-3,3
55499,69,83,-14,14
55500,133,123,10,10
55501,121,102,19,19
55502,91,90,1,1
55503,85,86,-1,1
55504,67,72,-5,5
55505,117,113,4,4
55506,61,53,8,8
55507,61,64,-3,3
55508,97,103,-6,6
55509,81,82,-1,1
55510,89,91,-2,2
55511,58,65,-7,7
55512,80,70,10,10
55513,96,82,14,14
55514,87,87,0,0
55515,69,73,-4,4
55516,116,123,-7,7
55517,138,143,-5,5
55518,65,66,-1,1
55519,90,83,7,7
55520,87,86,1,1
55521,102,94,8,8
55522,79,88,-9,9
55523,146,146,0,0
55524,130,114,16,16
55525,127,104,23,23
55526,96,88,8,8
55527,80,75,5,5
55528,132,129,3,3
55529,115,97,18,18
55530,81,89,-8,8
55531,86,85,1,1
55532,105,94,11,11
55533,130,121,9,9
55534,84,81,3,3
55535,52,93,-41,41
55536,72,64,8,8
55537,82,81,1,1
55538,115,109,6,6
55539,100,94,6,6
55540,102,96,6,6
55541,107,102,5,5
55542,116,110,6,6
55543,61,54,7,7
55544,95,93,2,2
55545,78,72,6,6
55546,78,82,-4,4
55547,79,68,11,11
55548,82,83,-1,1
55549,71,73,-2,2
55550,128,116,12,12
55551,89,90,-1,1
55552,115,133,-18,18
55553,83,73,10,10
55554,80,71,9,9
55555,79,94,-15,15
55556,69,80,-11,11
55557,123,112,11,11
55558,67,68,-1,1
55559,135,123,12,12
55560,134,151,-17,17
55561,133,125,8,8
55562,52,55,-3,3
55563,175,160,15,15
55564,95,83,12,12
55565,122,116,6,6
55566,74,71,3,3
55567,73,78,-5,5
55568,53,54,-1,1
55569,69,70,-1,1
55570,103,110,-7,7
55571,45,47,-2,2
55572,107,102,5,5
55573,49,57,-8,8
55574,132,114,18,18
55575,89,88,1,1
55576,62,63,-1,1
55577,109,103,6,6
55578,81,79,2,2
55579,72,77,-5,5
55580,52,50,2,2
55581,74,77,-3,3
55582,36,42,-6,6
55583,68,70,-2,2
55584,73,75,-2,2
55585,89,88,1,1
55586,63,60,3,3
55587,69,75,-6,6
55588,103,106,-3,3
55589,53,57,-4,4
55590,103,104,-1,1
55591,108,94,14,14
55592,109,155,-46,46
55593,187,180,7,7
55594,69,68,1,1
55595,124,111,13,13
55596,117,114,3,3
55597,94,89,5,5
55598,44,48,-4,4
55599,120,109,11,11
55600,140,137,3,3
55601,131,120,11,11
55602,100,105,-5,5
55603,147,142,5,5
55604,55,48,7,7
55605,126,125,1,1
55606,84,89,-5,5
55607,81,84,-3,3
55608,110,88,22,22
55609,68,71,-3,3
55610,90,91,-1,1
55611,79,78,1,1
55612,108,107,1,1
55613,69,70,-1,1
55614,67,62,5,5
55615,151,151,0,0
55616,121,108,13,13
55617,67,73,-6,6
55618,100,86,14,14
55619,105,105,0,0
55620,105,113,-8,8
55621,92,95,-3,3
55622,107,109,-2,2
55623,163,154,9,9
55624,110,103,7,7
55625,115,104,11,11
55626,93,81,12,12
55627,143,130,13,13
55628,105,82,23,23
55629,102,90,12,12
55630,54,54,0,0
55631,117,116,1,1
55632,94,85,9,9
55633,121,101,20,20
55634,51,50,1,1
55635,93,98,-5,5
55636,136,132,4,4
55637,75,67,8,8
55638,83,73,10,10
55639,90,83,7,7
55640,110,105,5,5
55641,69,68,1,1
55642,110,106,4,4
55643,78,80,-2,2
55644,85,77,8,8
55645,89,86,3,3
55646,86,96,-10,10
55647,106,109,-3,3
55648,102,99,3,3
55649,52,57,-5,5
55650,207,201,6,6
55651,93,85,8,8
55652,113,110,3,3
55653,97,94,3,3
55654,80,89,-9,9
55655,118,124,-6,6
55656,90,91,-1,1
55657,88,97,-9,9
55658,96,95,1,1
55659,103,106,-3,3
55660,65,68,-3,3
55661,48,49,-1,1
55662,85,72,13,13
55663,104,99,5,5
55664,54,54,0,0
55665,89,77,12,12
55666,132,130,2,2
55667,83,84,-1,1
55668,80,79,1,1
55669,76,80,-4,4
55670,67,63,4,4
55671,89,84,5,5
55672,149,142,7,7
55673,106,112,-6,6
55674,149,146,3,3
55675,52,57,-5,5
55676,58,67,-9,9
55677,70,75,-5,5
55678,78,73,5,5
55679,212,188,24,24
55680,105,97,8,8
55681,101,87,14,14
55682,107,94,13,13
55683,145,137,8,8
55684,77,75,2,2
55685,108,92,16,16
55686,97,92,5,5
55687,90,78,12,12
55688,104,101,3,3
55689,99,93,6,6
55690,94,86,8,8
55691,105,109,-4,4
55692,69,71,-2,2
55693,81,87,-6,6
55694,88,87,1,1
55695,112,112,0,0
55696,93,91,2,2
55697,130,126,4,4
55698,145,124,21,21
55699,130,121,9,9
55700,62,79,-17,17
55701,99,95,4,4
55702,67,65,2,2
55703,129,114,15,15
55704,72,73,-1,1
55705,96,92,4,4
55706,76,80,-4,4
55707,102,96,6,6
55708,81,79,2,2
55709,157,148,9,9
55710,100,101,-1,1
55711,122,111,11,11
55712,65,65,0,0
55713,82,74,8,8
55714,95,88,7,7
55715,133,135,-2,2
55716,108,105,3,3
55717,81,78,3,3
55718,91,87,4,4
55719,134,124,10,10
55720,146,136,10,10
55721,93,92,1,1
55722,53,52,1,1
55723,108,96,12,12
55724,93,84,9,9
55725,99,88,11,11
55726,158,143,15,15
55727,66,72,-6,6
55728,66,65,1,1
55729,83,86,-3,3
55730,103,97,6,6
55731,54,59,-5,5
55732,144,131,13,13
55733,88,95,-7,7
55734,105,91,14,14
55735,115,106,9,9
55736,125,114,11,11
55737,67,72,-5,5
55738,193,168,25,25
55739,127,101,26,26
55740,29,48,-19,19
55741,86,84,2,2
55742,121,118,3,3
55743,94,83,11,11
55744,125,109,16,16
55745,174,169,5,5
55746,163,152,11,11
55747,128,111,17,17
55748,155,142,13,13
55749,123,128,-5,5
55750,100,93,7,7
55751,80,86,-6,6
55752,121,114,7,7
55753,31,36,-5,5
55754,96,85,11,11
55755,80,74,6,6
55756,83,78,5,5
55757,82,80,2,2
55758,97,97,0,0
55759,72,72,0,0
55760,69,71,-2,2
55761,86,84,2,2
55762,73,86,-13,13
55763,100,101,-1,1
55764,66,68,-2,2
55765,83,68,15,15
55766,92,96,-4,4
55767,68,65,3,3
55768,118,120,-2,2
55769,97,110,-13,13
55770,62,66,-4,4
55771,78,71,7,7
55772,48,51,-3,3
55773,98,91,7,7
55774,71,71,0,0
55775,62,66,-4,4
55776,45,60,-15,15
55777,122,117,5,5
55778,91,83,8,8
55779,71,135,-64,64
55780,68,64,4,4
55781,118,115,3,3
55782,79,81,-2,2
55783,120,119,1,1
55784,134,141,-7,7
55785,72,74,-2,2
55786,92,87,5,5
55787,49,69,-20,20
55788,100,98,2,2
55789,90,94,-4,4
55790,71,70,1,1
55791,83,83,0,0
55792,71,69,2,2
55793,90,94,-4,4
55794,168,163,5,5
55795,68,83,-15,15
55796,50,57,-7,7
55797,59,54,5,5
55798,52,56,-4,4
55799,104,98,6,6
55800,95,96,-1,1
55801,57,66,-9,9
55802,211,201,10,10
55803,58,55,3,3
55804,125,119,6,6
55805,99,96,3,3
55806,88,95,-7,7
55807,182,157,25,25
55808,99,95,4,4
55809,66,58,8,8
55810,169,156,13,13
55811,105,97,8,8
55812,92,91,1,1
55813,110,109,1,1
55814,111,101,10,10
55815,95,88,7,7
55816,74,71,3,3
55817,135,113,22,22
55818,51,88,-37,37
55819,78,72,6,6
55820,118,105,13,13
55821,118,113,5,5
55822,104,101,3,3
55823,37,47,-10,10
55824,96,92,4,4
55825,93,85,8,8
55826,60,87,-27,27
55827,102,94,8,8
55828,112,109,3,3
55829,73,79,-6,6
55830,142,128,14,14
55831,67,67,0,0
55832,69,64,5,5
55833,103,176,-73,73
55834,42,67,-25,25
55835,99,82,17,17
55836,181,160,21,21
55837,94,87,7,7
55838,83,82,1,1
55839,98,83,15,15
55840,151,130,21,21
55841,149,125,24,24
55842,92,94,-2,2
55843,129,131,-2,2
55844,79,73,6,6
55845,119,123,-4,4
55846,159,147,12,12
55847,63,69,-6,6
55848,74,74,0,0
55849,141,139,2,2
55850,133,124,9,9
55851,106,97,9,9
55852,180,167,13,13
55853,152,127,25,25
55854,85,77,8,8
55855,118,105,13,13
55856,127,121,6,6
55857,143,142,1,1
55858,80,87,-7,7
55859,123,116,7,7
55860,131,120,11,11
55861,53,43,10,10
55862,83,75,8,8
55863,97,87,10,10
55864,120,120,0,0
55865,71,66,5,5
55866,127,107,20,20
55867,68,70,-2,2
55868,79,79,0,0
55869,104,109,-5,5
55870,139,138,1,1
55871,143,148,-5,5
55872,102,109,-7,7
55873,75,69,6,6
55874,105,105,0,0
55875,71,59,12,12
55876,52,50,2,2
55877,73,68,5,5
55878,95,83,12,12
55879,84,78,6,6
55880,77,77,0,0
55881,63,71,-8,8
55882,80,87,-7,7
55883,111,100,11,11
55884,146,126,20,20
55885,136,139,-3,3
55886,58,51,7,7
55887,77,73,4,4
55888,74,95,-21,21
55889,157,151,6,6
55890,113,112,1,1
55891,88,82,6,6
55892,98,95,3,3
55893,70,72,-2,2
55894,70,79,-9,9
55895,95,90,5,5
55896,113,94,19,19
55897,65,66,-1,1
55898,82,71,11,11
55899,89,90,-1,1
55900,90,82,8,8
55901,75,89,-14,14
55902,73,65,8,8
55903,45,52,-7,7
55904,75,84,-9,9
55905,89,81,8,8
55906,127,108,19,19
55907,189,183,6,6
55908,132,120,12,12
55909,95,89,6,6
55910,113,101,12,12
55911,81,77,4,4
55912,121,122,-1,1
55913,73,74,-1,1
55914,107,99,8,8
55915,72,70,2,2
55916,110,114,-4,4
55917,69,69,0,0
55918,149,133,16,16
55919,63,65,-2,2
55920,115,106,9,9
55921,105,98,7,7
55922,88,89,-1,1
55923,65,70,-5,5
55924,87,86,1,1
55925,94,96,-2,2
55926,125,120,5,5
55927,93,82,11,11
55928,112,104,8,8
55929,103,86,17,17
55930,117,110,7,7
55931,95,91,4,4
55932,76,68,8,8
55933,94,102,-8,8
55934,50,50,0,0
55935,115,115,0,0
55936,105,95,10,10
55937,108,98,10,10
55938,141,137,4,4
55939,102,101,1,1
55940,58,67,-9,9
55941,108,100,8,8
55942,89,81,8,8
55943,71,76,-5,5
55944,59,59,0,0
55945,89,82,7,7
55946,57,57,0,0
55947,106,96,10,10
55948,161,138,23,23
55949,92,86,6,6
55950,66,66,0,0
55951,82,80,2,2
55952,84,74,10,10
55953,115,99,16,16
55954,110,105,5,5
55955,135,128,7,7
55956,93,90,3,3
55957,134,146,-12,12
55958,105,92,13,13
55959,79,75,4,4
55960,25,35,-10,10
55961,124,127,-3,3
55962,29,36,-7,7
55963,96,84,12,12
55964,125,119,6,6
55965,52,54,-2,2
55966,101,98,3,3
55967,70,66,4,4
55968,98,89,9,9
55969,77,68,9,9
55970,167,146,21,21
55971,82,80,2,2
55972,91,84,7,7
55973,70,69,1,1
55974,74,71,3,3
55975,121,115,6,6
55976,46,70,-24,24
55977,76,76,0,0
55978,111,115,-4,4
55979,58,55,3,3
55980,65,66,-1,1
55981,53,52,1,1
55982,109,114,-5,5
55983,80,80,0,0
55984,88,88,0,0
55985,110,105,5,5
55986,98,86,12,12
55987,97,102,-5,5
55988,128,113,15,15
55989,144,133,11,11
55990,82,82,0,0
55991,131,121,10,10
55992,100,93,7,7
55993,95,93,2,2
55994,108,101,7,7
55995,82,82,0,0
55996,73,66,7,7
55997,94,96,-2,2
55998,99,105,-6,6
55999,88,82,6,6
56000,157,146,11,11
56001,75,75,0,0
56002,95,91,4,4
56003,82,77,5,5
56004,160,163,-3,3
56005,146,132,14,14
56006,166,167,-1,1
56007,76,73,3,3
56008,139,131,8,8
56009,110,106,4,4
56010,118,123,-5,5
56011,122,111,11,11
56012,50,61,-11,11
56013,59,63,-4,4
56014,112,108,4,4
56015,108,118,-10,10
56016,42,47,-5,5
56017,112,113,-1,1
56018,126,110,16,16
56019,88,91,-3,3
56020,121,102,19,19
56021,83,76,7,7
56022,95,100,-5,5
56023,98,87,11,11
56024,104,101,3,3
56025,66,64,2,2
56026,129,127,2,2
56027,85,75,10,10
56028,101,99,2,2
56029,68,70,-2,2
56030,86,87,-1,1
56031,79,76,3,3
56032,91,90,1,1
56033,113,118,-5,5
56034,149,137,12,12
56035,76,76,0,0
56036,107,103,4,4
56037,110,105,5,5
56038,75,78,-3,3
56039,100,101,-1,1
56040,110,116,-6,6
56041,115,109,6,6
56042,128,123,5,5
56043,177,156,21,21
56044,105,97,8,8
56045,79,139,-60,60
56046,126,119,7,7
56047,135,140,-5,5
56048,66,65,1,1
56049,148,138,10,10
56050,128,120,8,8
56051,106,93,13,13
56052,99,81,18,18
56053,73,61,12,12
56054,64,68,-4,4
56055,98,118,-20,20
56056,111,104,7,7
56057,124,121,3,3
56058,117,107,10,10
56059,94,89,5,5
56060,86,77,9,9
56061,80,77,3,3
56062,105,108,-3,3
56063,77,81,-4,4
56064,101,94,7,7
56065,118,110,8,8
56066,130,108,22,22
56067,97,95,2,2
56068,77,77,0,0
56069,76,77,-1,1
56070,122,126,-4,4
56071,116,133,-17,17
56072,67,78,-11,11
56073,109,95,14,14
56074,62,65,-3,3
56075,95,81,14,14
56076,130,121,9,9
56077,49,71,-22,22
56078,64,58,6,6
56079,84,81,3,3
56080,147,123,24,24
56081,121,106,15,15
56082,158,152,6,6
56083,105,93,12,12
56084,99,99,0,0
56085,108,110,-2,2
56086,159,154,5,5
56087,87,84,3,3
56088,128,136,-8,8
56089,58,68,-10,10
56090,110,106,4,4
56091,187,174,13,13
56092,87,88,-1,1
56093,143,142,1,1
56094,84,73,11,11
56095,132,133,-1,1
56096,74,71,3,3
56097,109,108,1,1
56098,86,105,-19,19
56099,111,105,6,6
56100,49,47,2,2
56101,73,70,3,3
56102,125,131,-6,6
56103,75,72,3,3
56104,78,76,2,2
56105,99,94,5,5
56106,103,108,-5,5
56107,106,95,11,11
56108,57,55,2,2
56109,139,129,10,10
56110,90,80,10,10
56111,67,65,2,2
56112,60,66,-6,6
56113,46,43,3,3
56114,56,67,-11,11
56115,135,121,14,14
56116,52,58,-6,6
56117,102,92,10,10
56118,79,77,2,2
56119,75,79,-4,4
56120,118,117,1,1
56121,107,108,-1,1
56122,24,19,5,5
56123,102,92,10,10
56124,78,80,-2,2
56125,94,82,12,12
56126,109,89,20,20
56127,139,131,8,8
56128,105,105,0,0
56129,155,144,11,11
56130,53,53,0,0
56131,82,88,-6,6
56132,159,161,-2,2
56133,105,96,9,9
56134,102,101,1,1
56135,78,74,4,4
56136,67,65,2,2
56137,149,146,3,3
56138,84,86,-2,2
56139,87,90,-3,3
56140,132,135,-3,3
56141,83,78,5,5
56142,75,71,4,4
56143,99,94,5,5
56144,77,82,-5,5
56145,97,89,8,8
56146,132,106,26,26
56147,105,108,-3,3
56148,105,85,20,20
56149,59,53,6,6
56150,69,65,4,4
56151,120,111,9,9
56152,59,64,-5,5
56153,105,89,16,16
56154,81,77,4,4
56155,156,153,3,3
56156,62,64,-2,2
56157,63,64,-1,1
56158,156,134,22,22
56159,48,131,-83,83
56160,81,78,3,3
56161,78,77,1,1
56162,72,66,6,6
56163,110,102,8,8
56164,76,81,-5,5
56165,82,78,4,4
56166,76,75,1,1
56167,106,99,7,7
56168,109,112,-3,3
56169,96,89,7,7
56170,129,130,-1,1
56171,71,66,5,5
56172,124,131,-7,7
56173,107,104,3,3
56174,97,92,5,5
56175,113,95,18,18
56176,152,137,15,15
56177,91,105,-14,14
56178,78,74,4,4
56179,158,144,14,14
56180,117,109,8,8
56181,97,94,3,3
56182,83,78,5,5
56183,132,120,12,12
56184,79,79,0,0
56185,101,101,0,0
56186,135,119,16,16
56187,96,73,23,23
56188,82,73,9,9
56189,70,76,-6,6
56190,110,99,11,11
56191,141,122,19,19
56192,61,59,2,2
56193,97,89,8,8
56194,119,96,23,23
56195,67,68,-1,1
56196,92,102,-10,10
56197,84,68,16,16
56198,65,69,-4,4
56199,84,87,-3,3
56200,124,110,14,14
56201,135,126,9,9
56202,146,130,16,16
56203,109,112,-3,3
56204,145,143,2,2
56205,89,80,9,9
56206,136,126,10,10
56207,85,82,3,3
56208,55,61,-6,6
56209,92,99,-7,7
56210,61,62,-1,1
56211,132,118,14,14
56212,65,69,-4,4
56213,112,113,-1,1
56214,107,95,12,12
56215,48,43,5,5
56216,55,57,-2,2
56217,109,103,6,6
56218,136,127,9,9
56219,94,96,-2,2
56220,45,47,-2,2
56221,139,124,15,15
56222,72,78,-6,6
56223,156,134,22,22
56224,58,64,-6,6
56225,96,83,13,13
56226,83,79,4,4
56227,94,88,6,6
56228,29,34,-5,5
56229,124,119,5,5
56230,71,74,-3,3
56231,146,128,18,18
56232,97,86,11,11
56233,104,102,2,2
56234,32,45,-13,13
56235,140,124,16,16
56236,57,54,3,3
56237,112,109,3,3
56238,70,75,-5,5
56239,92,82,10,10
56240,57,65,-8,8
56241,107,109,-2,2
56242,76,76,0,0
56243,81,78,3,3
56244,115,123,-8,8
56245,22,65,-43,43
56246,96,95,1,1
56247,84,91,-7,7
56248,103,96,7,7
56249,126,110,16,16
56250,76,72,4,4
56251,159,142,17,17
56252,74,65,9,9
56253,87,77,10,10
56254,46,54,-8,8
56255,33,36,-3,3
56256,76,65,11,11
56257,98,93,5,5
56258,73,69,4,4
56259,105,94,11,11
56260,51,60,-9,9
56261,94,82,12,12
56262,54,69,-15,15
56263,86,88,-2,2
56264,60,66,-6,6
56265,144,134,10,10
56266,74,62,12,12
56267,90,86,4,4
56268,100,103,-3,3
56269,107,114,-7,7
56270,129,110,19,19
56271,133,117,16,16
56272,70,75,-5,5
56273,101,91,10,10
56274,60,65,-5,5
56275,200,172,28,28
56276,64,58,6,6
56277,143,133,10,10
56278,90,83,7,7
56279,72,66,6,6
56280,85,89,-4,4
56281,136,134,2,2
56282,94,100,-6,6
56283,135,116,19,19
56284,102,91,11,11
56285,71,78,-7,7
56286,74,73,1,1
56287,122,126,-4,4
56288,86,83,3,3
56289,40,44,-4,4
56290,109,114,-5,5
56291,113,103,10,10
56292,110,103,7,7
56293,68,64,4,4
56294,130,128,2,2
56295,89,90,-1,1
56296,106,104,2,2
56297,98,96,2,2
56298,71,58,13,13
56299,128,128,0,0
56300,158,135,23,23
56301,82,78,4,4
56302,42,43,-1,1
56303,67,66,1,1
56304,107,111,-4,4
56305,77,74,3,3
56306,113,113,0,0
56307,73,72,1,1
56308,189,178,11,11
56309,101,99,2,2
56310,117,127,-10,10
56311,113,110,3,3
56312,81,74,7,7
56313,113,104,9,9
56314,108,97,11,11
56315,133,136,-3,3
56316,117,113,4,4
56317,119,114,5,5
56318,72,66,6,6
56319,72,83,-11,11
56320,105,103,2,2
56321,70,66,4,4
56322,66,61,5,5
56323,152,136,16,16
56324,89,84,5,5
56325,20,12,8,8
56326,72,74,-2,2
56327,89,82,7,7
56328,83,86,-3,3
56329,121,133,-12,12
56330,119,107,12,12
56331,101,97,4,4
56332,84,82,2,2
56333,78,82,-4,4
56334,166,150,16,16
56335,117,111,6,6
56336,141,140,1,1
56337,123,120,3,3
56338,162,153,9,9
56339,50,54,-4,4
56340,60,55,5,5
56341,86,88,-2,2
56342,70,73,-3,3
56343,129,126,3,3
56344,65,69,-4,4
56345,75,81,-6,6
56346,91,71,20,20
56347,55,59,-4,4
56348,82,84,-2,2
56349,102,103,-1,1
56350,74,72,2,2
56351,84,81,3,3
56352,128,118,10,10
56353,91,89,2,2
56354,120,114,6,6
56355,85,85,0,0
56356,108,113,-5,5
56357,72,69,3,3
56358,90,81,9,9
56359,85,86,-1,1
56360,112,107,5,5
56361,148,147,1,1
56362,105,104,1,1
56363,44,61,-17,17
56364,42,55,-13,13
56365,103,90,13,13
56366,93,81,12,12
56367,63,64,-1,1
56368,169,176,-7,7
56369,65,64,1,1
56370,74,77,-3,3
56371,99,99,0,0
56372,129,127,2,2
56373,93,85,8,8
56374,139,131,8,8
56375,64,109,-45,45
56376,93,87,6,6
56377,53,69,-16,16
56378,110,102,8,8
56379,97,90,7,7
56380,170,153,17,17
56381,56,68,-12,12
56382,172,172,0,0
56383,71,69,2,2
56384,161,143,18,18
56385,130,134,-4,4
56386,101,97,4,4
56387,107,104,3,3
56388,101,96,5,5
56389,64,70,-6,6
56390,75,73,2,2
56391,128,125,3,3
56392,80,77,3,3
56393,129,125,4,4
56394,54,59,-5,5
56395,71,76,-5,5
56396,55,48,7,7
56397,91,92,-1,1
56398,119,111,8,8
56399,94,89,5,5
56400,158,142,16,16
56401,60,67,-7,7
56402,158,154,4,4
56403,56,51,5,5
56404,121,117,4,4
56405,79,71,8,8
56406,120,110,10,10
56407,64,72,-8,8
56408,62,79,-17,17
56409,80,77,3,3
56410,135,126,9,9
56411,102,118,-16,16
56412,115,103,12,12
56413,142,141,1,1
56414,115,125,-10,10
56415,119,121,-2,2
56416,138,130,8,8
56417,97,87,10,10
56418,80,73,7,7
56419,97,95,2,2
56420,111,108,3,3
56421,91,90,1,1
56422,95,96,-1,1
56423,91,92,-1,1
56424,101,91,10,10
56425,130,126,4,4
56426,89,88,1,1
56427,86,93,-7,7
56428,178,162,16,16
56429,168,158,10,10
56430,63,63,0,0
56431,69,63,6,6
56432,186,165,21,21
56433,143,131,12,12
56434,76,65,11,11
56435,87,90,-3,3
56436,46,51,-5,5
56437,81,82,-1,1
56438,43,44,-1,1
56439,125,119,6,6
56440,190,178,12,12
56441,112,93,19,19
56442,161,153,8,8
56443,119,107,12,12
56444,98,98,0,0
56445,122,114,8,8
56446,94,91,3,3
56447,68,76,-8,8
56448,103,87,16,16
56449,126,103,23,23
56450,75,74,1,1
56451,123,107,16,16
56452,81,77,4,4
56453,144,148,-4,4
56454,53,47,6,6
56455,164,143,21,21
56456,60,64,-4,4
56457,117,110,7,7
56458,121,118,3,3
56459,90,90,0,0
56460,86,81,5,5
56461,63,67,-4,4
56462,147,132,15,15
56463,103,98,5,5
56464,68,67,1,1
56465,91,86,5,5
56466,81,69,12,12
56467,71,70,1,1
56468,63,66,-3,3
56469,123,122,1,1
56470,105,99,6,6
56471,81,84,-3,3
56472,112,116,-4,4
56473,78,77,1,1
56474,85,81,4,4
56475,118,114,4,4
56476,65,59,6,6
56477,127,132,-5,5
56478,83,81,2,2
56479,91,85,6,6
56480,62,67,-5,5
56481,75,77,-2,2
56482,88,92,-4,4
56483,163,156,7,7
56484,48,64,-16,16
56485,93,99,-6,6
56486,85,85,0,0
56487,142,139,3,3
56488,93,97,-4,4
56489,73,69,4,4
56490,65,67,-2,2
56491,83,80,3,3
56492,77,76,1,1
56493,113,107,6,6
56494,121,111,10,10
56495,71,71,0,0
56496,64,60,4,4
56497,70,77,-7,7
56498,155,146,9,9
56499,59,55,4,4
56500,80,74,6,6
56501,80,81,-1,1
56502,59,61,-2,2
56503,83,73,10,10
56504,68,61,7,7
56505,77,84,-7,7
56506,121,100,21,21
56507,63,73,-10,10
56508,82,80,2,2
56509,145,139,6,6
56510,63,70,-7,7
56511,124,121,3,3
56512,83,91,-8,8
56513,175,168,7,7
56514,185,177,8,8
56515,65,64,1,1
56516,61,59,2,2
56517,76,74,2,2
56518,75,79,-4,4
56519,74,88,-14,14
56520,136,118,18,18
56521,47,49,-2,2
56522,66,59,7,7
56523,131,122,9,9
56524,123,103,20,20
56525,118,112,6,6
56526,58,54,4,4
56527,89,83,6,6
56528,156,143,13,13
56529,55,62,-7,7
56530,115,101,14,14
56531,111,104,7,7
56532,116,123,-7,7
56533,62,71,-9,9
56534,108,98,10,10
56535,120,124,-4,4
56536,112,110,2,2
56537,56,66,-10,10
56538,142,140,2,2
56539,91,81,10,10
56540,86,82,4,4
56541,121,118,3,3
56542,80,75,5,5
56543,103,99,4,4
56544,76,77,-1,1
56545,100,123,-23,23
56546,94,89,5,5
56547,117,119,-2,2
56548,84,79,5,5
56549,87,90,-3,3
56550,127,111,16,16
56551,90,103,-13,13
56552,96,90,6,6
56553,56,55,1,1
56554,74,71,3,3
56555,98,90,8,8
56556,107,112,-5,5
56557,125,105,20,20
56558,66,59,7,7
56559,91,93,-2,2
56560,154,158,-4,4
56561,151,128,23,23
56562,77,77,0,0
56563,60,59,1,1
56564,72,78,-6,6
56565,132,114,18,18
56566,74,72,2,2
56567,63,66,-3,3
56568,129,127,2,2
56569,169,162,7,7
56570,88,95,-7,7
56571,129,120,9,9
56572,140,131,9,9
56573,80,87,-7,7
56574,94,95,-1,1
56575,49,56,-7,7
56576,145,140,5,5
56577,97,97,0,0
56578,94,93,1,1
56579,83,79,4,4
56580,135,129,6,6
56581,103,98,5,5
56582,40,47,-7,7
56583,119,134,-15,15
56584,60,65,-5,5
56585,44,46,-2,2
56586,104,104,0,0
56587,49,47,2,2
56588,70,90,-20,20
56589,59,63,-4,4
56590,114,117,-3,3
56591,65,58,7,7
56592,60,63,-3,3
56593,121,129,-8,8
56594,115,106,9,9
56595,75,70,5,5
56596,74,72,2,2
56597,103,98,5,5
56598,59,58,1,1
56599,125,126,-1,1
56600,94,89,5,5
56601,73,70,3,3
56602,54,47,7,7
56603,58,54,4,4
56604,174,167,7,7
56605,46,47,-1,1
56606,79,79,0,0
56607,108,97,11,11
56608,50,59,-9,9
56609,120,105,15,15
56610,159,144,15,15
56611,171,169,2,2
56612,81,84,-3,3
56613,85,84,1,1
56614,118,132,-14,14
56615,73,76,-3,3
56616,114,108,6,6
56617,77,70,7,7
56618,150,129,21,21
56619,72,75,-3,3
56620,64,84,-20,20
56621,85,96,-11,11
56622,112,112,0,0
56623,57,57,0,0
56624,101,97,4,4
56625,83,84,-1,1
56626,74,69,5,5
56627,142,129,13,13
56628,111,94,17,17
56629,135,117,18,18
56630,64,67,-3,3
56631,75,67,8,8
56632,188,183,5,5
56633,63,79,-16,16
56634,124,112,12,12
56635,42,50,-8,8
56636,136,117,19,19
56637,50,51,-1,1
56638,87,86,1,1
56639,140,129,11,11
56640,94,94,0,0
56641,94,89,5,5
56642,61,71,-10,10
56643,86,87,-1,1
56644,126,108,18,18
56645,63,60,3,3
56646,82,76,6,6
56647,140,140,0,0
56648,134,117,17,17
56649,79,77,2,2
56650,126,132,-6,6
56651,101,103,-2,2
56652,103,97,6,6
56653,70,66,4,4
56654,85,74,11,11
56655,84,85,-1,1
56656,58,61,-3,3
56657,139,123,16,16
56658,67,76,-9,9
56659,101,103,-2,2
56660,83,84,-1,1
56661,66,61,5,5
56662,59,57,2,2
56663,77,79,-2,2
56664,53,63,-10,10
56665,130,123,7,7
56666,59,64,-5,5
56667,94,80,14,14
56668,120,110,10,10
56669,108,98,10,10
56670,95,86,9,9
56671,67,65,2,2
56672,103,98,5,5
56673,68,68,0,0
56674,82,77,5,5
56675,111,112,-1,1
56676,78,75,3,3
56677,59,64,-5,5
56678,72,77,-5,5
56679,101,95,6,6
56680,77,82,-5,5
56681,65,62,3,3
56682,64,71,-7,7
56683,57,65,-8,8
56684,95,98,-3,3
56685,68,69,-1,1
56686,137,123,14,14
56687,65,66,-1,1
56688,82,80,2,2
56689,73,77,-4,4
56690,96,104,-8,8
56691,110,102,8,8
56692,139,132,7,7
56693,87,73,14,14
56694,113,96,17,17
56695,40,36,4,4
56696,81,81,0,0
56697,51,58,-7,7
56698,173,154,19,19
56699,72,82,-10,10
56700,107,101,6,6
56701,112,111,1,1
56702,125,111,14,14
56703,56,57,-1,1
56704,141,122,19,19
56705,150,136,14,14
56706,136,133,3,3
56707,127,117,10,10
56708,132,136,-4,4
56709,96,87,9,9
56710,35,50,-15,15
56711,86,83,3,3
56712,108,96,12,12
56713,149,137,12,12
56714,103,100,3,3
56715,144,152,-8,8
56716,135,122,13,13
56717,112,103,9,9
56718,86,95,-9,9
56719,54,48,6,6
56720,78,73,5,5
56721,72,70,2,2
56722,87,91,-4,4
56723,79,95,-16,16
56724,109,120,-11,11
56725,120,103,17,17
56726,173,153,20,20
56727,57,66,-9,9
56728,40,42,-2,2
56729,82,85,-3,3
56730,70,74,-4,4
56731,86,89,-3,3
56732,98,95,3,3
56733,134,142,-8,8
56734,45,45,0,0
56735,129,113,16,16
56736,68,72,-4,4
56737,91,81,10,10
56738,113,107,6,6
56739,52,59,-7,7
56740,94,89,5,5
56741,94,99,-5,5
56742,113,108,5,5
56743,128,111,17,17
56744,99,102,-3,3
56745,105,97,8,8
56746,86,101,-15,15
56747,148,140,8,8
56748,138,120,18,18
56749,99,82,17,17
56750,94,91,3,3
56751,73,75,-2,2
56752,153,134,19,19
56753,95,95,0,0
56754,118,122,-4,4
56755,129,120,9,9
56756,50,67,-17,17
56757,123,112,11,11
56758,142,135,7,7
56759,123,117,6,6
56760,148,140,8,8
56761,107,102,5,5
56762,98,100,-2,2
56763,112,109,3,3
56764,137,124,13,13
56765,106,101,5,5
56766,97,85,12,12
56767,96,97,-1,1
56768,245,186,59,59
56769,115,104,11,11
56770,81,73,8,8
56771,130,111,19,19
56772,86,78,8,8
56773,128,120,8,8
56774,73,70,3,3
56775,110,100,10,10
56776,130,121,9,9
56777,97,95,2,2
56778,80,82,-2,2
56779,91,87,4,4
56780,88,80,8,8
56781,105,101,4,4
56782,75,63,12,12
56783,93,98,-5,5
56784,115,108,7,7
56785,133,121,12,12
56786,142,124,18,18
56787,62,73,-11,11
56788,78,77,1,1
56789,91,84,7,7
56790,102,93,9,9
56791,109,104,5,5
56792,102,93,9,9
56793,90,81,9,9
56794,135,115,20,20
56795,31,48,-17,17
56796,143,135,8,8
56797,123,111,12,12
56798,102,94,8,8
56799,59,57,2,2
56800,83,84,-1,1
56801,99,91,8,8
56802,50,65,-15,15
56803,168,144,24,24
56804,80,80,0,0
56805,104,113,-9,9
56806,117,107,10,10
56807,113,116,-3,3
56808,73,92,-19,19
56809,72,74,-2,2
56810,144,120,24,24
56811,131,129,2,2
56812,107,117,-10,10
56813,85,86,-1,1
56814,58,66,-8,8
56815,67,64,3,3
56816,62,63,-1,1
56817,63,55,8,8
56818,148,149,-1,1
56819,139,122,17,17
56820,82,83,-1,1
56821,133,123,10,10
56822,70,73,-3,3
56823,99,101,-2,2
56824,115,108,7,7
56825,121,115,6,6
56826,107,109,-2,2
56827,113,98,15,15
56828,61,66,-5,5
56829,80,70,10,10
56830,78,74,4,4
56831,68,64,4,4
56832,122,126,-4,4
56833,109,95,14,14
56834,71,67,4,4
56835,60,64,-4,4
56836,125,113,12,12
56837,68,71,-3,3
56838,114,109,5,5
56839,93,80,13,13
56840,75,78,-3,3
56841,99,97,2,2
56842,133,124,9,9
56843,78,83,-5,5
56844,45,42,3,3
56845,87,75,12,12
56846,72,79,-7,7
56847,129,120,9,9
56848,93,87,6,6
56849,95,97,-2,2
56850,119,119,0,0
56851,96,83,13,13
56852,45,49,-4,4
56853,151,138,13,13
56854,75,73,2,2
56855,84,84,0,0
56856,75,73,2,2
56857,97,131,-34,34
56858,79,81,-2,2
56859,132,125,7,7
56860,108,99,9,9
56861,115,103,12,12
56862,89,96,-7,7
56863,84,83,1,1
56864,132,124,8,8
56865,94,86,8,8
56866,182,178,4,4
56867,170,152,18,18
56868,93,90,3,3
56869,70,75,-5,5
56870,38,42,-4,4
56871,102,107,-5,5
56872,139,127,12,12
56873,97,104,-7,7
56874,87,83,4,4
56875,86,76,10,10
56876,76,85,-9,9
56877,91,95,-4,4
56878,81,77,4,4
56879,86,74,12,12
56880,90,84,6,6
56881,73,76,-3,3
56882,122,117,5,5
56883,81,76,5,5
56884,182,167,15,15
56885,73,74,-1,1
56886,108,101,7,7
56887,70,66,4,4
56888,170,156,14,14
56889,98,91,7,7
56890,83,84,-1,1
56891,89,92,-3,3
56892,79,80,-1,1
56893,77,80,-3,3
56894,82,87,-5,5
56895,79,81,-2,2
56896,165,146,19,19
56897,57,67,-10,10
56898,94,101,-7,7
56899,101,87,14,14
56900,170,175,-5,5
56901,68,73,-5,5
56902,121,111,10,10
56903,137,124,13,13
56904,72,68,4,4
56905,109,103,6,6
56906,81,76,5,5
56907,71,73,-2,2
56908,135,131,4,4
56909,105,99,6,6
56910,101,91,10,10
56911,71,77,-6,6
56912,93,91,2,2
56913,75,73,2,2
56914,68,132,-64,64
56915,107,100,7,7
56916,76,69,7,7
56917,127,115,12,12
56918,117,118,-1,1
56919,123,106,17,17
56920,158,158,0,0
56921,96,93,3,3
56922,44,45,-1,1
56923,100,96,4,4
56924,69,69,0,0
56925,77,83,-6,6
56926,66,71,-5,5
56927,71,64,7,7
56928,117,113,4,4
56929,103,103,0,0
56930,99,95,4,4
56931,131,124,7,7
56932,50,48,2,2
56933,39,42,-3,3
56934,74,68,6,6
56935,51,52,-1,1
56936,91,94,-3,3
56937,104,107,-3,3
56938,76,77,-1,1
56939,126,122,4,4
56940,79,79,0,0
56941,88,91,-3,3
56942,103,100,3,3
56943,156,137,19,19
56944,153,144,9,9
56945,82,79,3,3
56946,69,74,-5,5
56947,85,86,-1,1
56948,90,99,-9,9
56949,118,105,13,13
56950,113,113,0,0
56951,63,71,-8,8
56952,39,48,-9,9
56953,125,117,8,8
56954,111,128,-17,17
56955,85,80,5,5
56956,69,73,-4,4
56957,164,152,12,12
56958,115,110,5,5
56959,100,113,-13,13
56960,97,94,3,3
56961,76,86,-10,10
56962,109,118,-9,9
56963,122,111,11,11
56964,75,78,-3,3
56965,94,93,1,1
56966,73,66,7,7
56967,138,123,15,15
56968,109,88,21,21
56969,84,91,-7,7
56970,65,60,5,5
56971,97,93,4,4
56972,150,139,11,11
56973,158,152,6,6
56974,74,73,1,1
56975,64,70,-6,6
56976,102,98,4,4
56977,83,91,-8,8
56978,181,153,28,28
56979,149,131,18,18
56980,67,61,6,6
56981,108,110,-2,2
56982,126,117,9,9
56983,129,117,12,12
56984,123,115,8,8
56985,88,81,7,7
56986,79,85,-6,6
56987,122,103,19,19
56988,88,76,12,12
56989,129,131,-2,2
56990,82,78,4,4
56991,72,73,-1,1
56992,116,105,11,11
56993,93,98,-5,5
56994,82,77,5,5
56995,153,148,5,5
56996,169,151,18,18
56997,79,89,-10,10
56998,92,89,3,3
56999,123,114,9,9
57000,75,93,-18,18
57001,162,161,1,1
57002,79,79,0,0
57003,90,84,6,6
57004,74,83,-9,9
57005,130,123,7,7
57006,128,116,12,12
57007,75,85,-10,10
57008,86,82,4,4
57009,111,108,3,3
57010,100,94,6,6
57011,57,64,-7,7
57012,126,120,6,6
57013,61,66,-5,5
57014,79,81,-2,2
57015,80,67,13,13
57016,49,56,-7,7
57017,83,82,1,1
57018,65,66,-1,1
57019,76,78,-2,2
57020,99,96,3,3
57021,152,136,16,16
57022,74,76,-2,2
57023,90,94,-4,4
57024,116,122,-6,6
57025,150,140,10,10
57026,98,108,-10,10
57027,136,122,14,14
57028,109,103,6,6
57029,131,144,-13,13
57030,44,51,-7,7
57031,52,52,0,0
57032,73,72,1,1
57033,160,120,40,40
57034,104,98,6,6
57035,71,65,6,6
57036,52,57,-5,5
57037,69,65,4,4
57038,120,106,14,14
57039,51,43,8,8
57040,65,73,-8,8
57041,93,86,7,7
57042,62,76,-14,14
57043,108,99,9,9
57044,86,90,-4,4
57045,65,69,-4,4
57046,151,146,5,5
57047,82,87,-5,5
57048,54,52,2,2
57049,57,60,-3,3
57050,87,80,7,7
57051,75,79,-4,4
57052,76,79,-3,3
57053,144,134,10,10
57054,82,82,0,0
57055,70,69,1,1
57056,65,67,-2,2
57057,130,130,0,0
57058,179,183,-4,4
57059,143,144,-1,1
57060,128,119,9,9
57061,59,57,2,2
57062,141,128,13,13
57063,91,87,4,4
57064,117,106,11,11
57065,103,97,6,6
57066,102,104,-2,2
57067,150,120,30,30
57068,91,82,9,9
57069,82,84,-2,2
57070,72,65,7,7
57071,146,129,17,17
57072,51,52,-1,1
57073,119,122,-3,3
57074,94,92,2,2
57075,113,97,16,16
57076,115,107,8,8
57077,50,52,-2,2
57078,72,85,-13,13
57079,127,119,8,8
57080,67,84,-17,17
57081,76,76,0,0
57082,96,102,-6,6
57083,137,144,-7,7
57084,189,179,10,10
57085,83,81,2,2
57086,90,90,0,0
57087,85,81,4,4
57088,99,96,3,3
57089,88,86,2,2
57090,163,155,8,8
57091,78,81,-3,3
57092,63,59,4,4
57093,87,89,-2,2
57094,81,85,-4,4
57095,117,125,-8,8
57096,86,75,11,11
57097,97,93,4,4
57098,120,115,5,5
57099,61,54,7,7
57100,109,112,-3,3
57101,82,80,2,2
57102,98,87,11,11
57103,100,89,11,11
57104,114,103,11,11
57105,61,63,-2,2
57106,88,90,-2,2
57107,75,76,-1,1
57108,96,93,3,3
57109,125,127,-2,2
57110,216,197,19,19
57111,91,85,6,6
57112,149,166,-17,17
57113,104,91,13,13
57114,69,72,-3,3
57115,65,67,-2,2
57116,116,103,13,13
57117,66,66,0,0
57118,53,54,-1,1
57119,61,68,-7,7
57120,106,106,0,0
57121,118,105,13,13
57122,145,136,9,9
57123,90,84,6,6
57124,76,73,3,3
57125,48,51,-3,3
57126,38,45,-7,7
57127,65,67,-2,2
57128,98,87,11,11
57129,48,59,-11,11
57130,93,94,-1,1
57131,117,118,-1,1
57132,66,69,-3,3
57133,110,96,14,14
57134,121,116,5,5
57135,95,87,8,8
57136,81,78,3,3
57137,48,57,-9,9
57138,80,83,-3,3
57139,136,142,-6,6
57140,55,49,6,6
57141,110,103,7,7
57142,104,116,-12,12
57143,89,79,10,10
57144,90,98,-8,8
57145,111,108,3,3
57146,85,93,-8,8
57147,113,109,4,4
57148,100,99,1,1
57149,147,132,15,15
57150,86,91,-5,5
57151,76,80,-4,4
57152,164,142,22,22
57153,130,115,15,15
57154,99,89,10,10
57155,40,43,-3,3
57156,175,174,1,1
57157,148,143,5,5
57158,106,103,3,3
57159,152,149,3,3
57160,91,94,-3,3
57161,98,93,5,5
57162,51,61,-10,10
57163,88,87,1,1
57164,89,85,4,4
57165,63,63,0,0
57166,84,83,1,1
57167,75,69,6,6
57168,117,103,14,14
57169,111,108,3,3
57170,134,146,-12,12
57171,81,87,-6,6
57172,101,103,-2,2
57173,61,56,5,5
57174,116,113,3,3
57175,77,82,-5,5
57176,121,113,8,8
57177,101,94,7,7
57178,22,32,-10,10
57179,89,85,4,4
57180,134,131,3,3
57181,132,133,-1,1
57182,48,50,-2,2
57183,102,97,5,5
57184,90,84,6,6
57185,89,86,3,3
57186,109,109,0,0
57187,164,146,18,18
57188,93,92,1,1
57189,93,95,-2,2
57190,63,72,-9,9
57191,99,97,2,2
57192,72,70,2,2
57193,85,82,3,3
57194,76,80,-4,4
57195,85,82,3,3
57196,125,88,37,37
57197,63,63,0,0
57198,47,55,-8,8
57199,123,120,3,3
57200,88,97,-9,9
57201,75,72,3,3
57202,78,77,1,1
57203,73,62,11,11
57204,113,123,-10,10
57205,88,84,4,4
57206,91,77,14,14
57207,99,96,3,3
57208,92,98,-6,6
57209,102,102,0,0
57210,84,84,0,0
57211,153,144,9,9
57212,117,122,-5,5
57213,61,58,3,3
57214,81,76,5,5
57215,148,141,7,7
57216,88,74,14,14
57217,109,102,7,7
57218,124,116,8,8
57219,44,56,-12,12
57220,75,73,2,2
57221,107,108,-1,1
57222,74,78,-4,4
57223,75,66,9,9
57224,97,85,12,12
57225,95,84,11,11
57226,72,66,6,6
57227,71,66,5,5
57228,100,95,5,5
57229,110,94,16,16
57230,67,59,8,8
57231,59,57,2,2
57232,162,145,17,17
57233,97,98,-1,1
57234,66,71,-5,5
57235,87,82,5,5
57236,142,129,13,13
57237,77,77,0,0
57238,61,56,5,5
57239,61,112,-51,51
57240,131,116,15,15
57241,84,85,-1,1
57242,77,80,-3,3
57243,60,61,-1,1
57244,77,81,-4,4
57245,47,51,-4,4
57246,71,76,-5,5
57247,118,118,0,0
57248,105,114,-9,9
57249,137,127,10,10
57250,48,67,-19,19
57251,81,83,-2,2
57252,105,87,18,18
57253,107,102,5,5
57254,149,137,12,12
57255,88,79,9,9
57256,104,95,9,9
57257,130,108,22,22
57258,118,115,3,3
57259,50,67,-17,17
57260,113,101,12,12
57261,48,48,0,0
57262,105,106,-1,1
57263,63,71,-8,8
57264,63,65,-2,2
57265,65,72,-7,7
57266,105,105,0,0
57267,38,43,-5,5
57268,57,59,-2,2
57269,94,87,7,7
57270,87,76,11,11
57271,68,69,-1,1
57272,66,75,-9,9
57273,87,90,-3,3
57274,121,108,13,13
57275,104,93,11,11
57276,124,123,1,1
57277,158,138,20,20
57278,30,36,-6,6
57279,101,116,-15,15
57280,86,75,11,11
57281,93,88,5,5
57282,123,134,-11,11
57283,102,87,15,15
57284,142,150,-8,8
57285,61,73,-12,12
57286,75,81,-6,6
57287,125,126,-1,1
57288,95,88,7,7
57289,171,158,13,13
57290,96,121,-25,25
57291,123,118,5,5
57292,106,110,-4,4
57293,62,65,-3,3
57294,87,83,4,4
57295,57,59,-2,2
57296,56,49,7,7
57297,124,115,9,9
57298,81,78,3,3
57299,109,93,16,16
57300,165,164,1,1
57301,171,170,1,1
57302,104,99,5,5
57303,59,64,-5,5
57304,40,45,-5,5
57305,74,86,-12,12
57306,127,119,8,8
57307,73,82,-9,9
57308,130,118,12,12
57309,47,64,-17,17
57310,59,61,-2,2
57311,156,136,20,20
57312,101,91,10,10
57313,89,76,13,13
57314,95,90,5,5
57315,60,70,-10,10
57316,91,89,2,2
57317,74,74,0,0
57318,160,145,15,15
57319,114,105,9,9
57320,148,139,9,9
57321,80,73,7,7
57322,24,27,-3,3
57323,52,54,-2,2
57324,259,225,34,34
57325,44,46,-2,2
57326,149,139,10,10
57327,57,60,-3,3
57328,126,127,-1,1
57329,142,127,15,15
57330,111,113,-2,2
57331,167,157,10,10
57332,76,76,0,0
57333,69,61,8,8
57334,110,112,-2,2
57335,92,100,-8,8
57336,99,84,15,15
57337,95,93,2,2
57338,114,102,12,12
57339,91,93,-2,2
57340,104,99,5,5
57341,84,83,1,1
57342,164,143,21,21
57343,44,53,-9,9
57344,75,68,7,7
57345,95,92,3,3
57346,27,40,-13,13
57347,81,80,1,1
57348,72,74,-2,2
57349,100,89,11,11
57350,131,114,17,17
57351,61,68,-7,7
57352,89,86,3,3
57353,65,70,-5,5
57354,53,64,-11,11
57355,103,108,-5,5
57356,129,122,7,7
57357,114,98,16,16
57358,102,98,4,4
57359,87,91,-4,4
57360,77,69,8,8
57361,72,71,1,1
57362,71,78,-7,7
57363,67,61,6,6
57364,116,110,6,6
57365,102,93,9,9
57366,83,76,7,7
57367,55,52,3,3
57368,71,84,-13,13
57369,84,77,7,7
57370,98,93,5,5
57371,101,85,16,16
57372,82,73,9,9
57373,117,116,1,1
57374,126,124,2,2
57375,66,73,-7,7
57376,81,87,-6,6
57377,189,188,1,1
57378,90,82,8,8
57379,86,80,6,6
57380,107,97,10,10
57381,117,130,-13,13
57382,54,56,-2,2
57383,81,87,-6,6
57384,85,78,7,7
57385,88,92,-4,4
57386,57,62,-5,5
57387,103,100,3,3
57388,103,94,9,9
57389,95,89,6,6
57390,107,103,4,4
57391,91,87,4,4
57392,111,123,-12,12
57393,200,181,19,19
57394,83,86,-3,3
57395,86,81,5,5
57396,80,83,-3,3
57397,109,110,-1,1
57398,69,68,1,1
57399,78,73,5,5
57400,70,76,-6,6
57401,77,77,0,0
57402,69,63,6,6
57403,96,81,15,15
57404,121,135,-14,14
57405,90,93,-3,3
57406,152,139,13,13
57407,91,82,9,9
57408,89,85,4,4
57409,104,97,7,7
57410,88,74,14,14
57411,113,105,8,8
57412,81,90,-9,9
57413,92,83,9,9
57414,112,99,13,13
57415,113,114,-1,1
57416,119,104,15,15
57417,68,67,1,1
57418,183,153,30,30
57419,154,136,18,18
57420,115,114,1,1
57421,173,186,-13,13
57422,108,98,10,10
57423,124,129,-5,5
57424,71,65,6,6
57425,84,77,7,7
57426,80,85,-5,5
57427,90,100,-10,10
57428,74,67,7,7
57429,89,77,12,12
57430,81,90,-9,9
57431,100,87,13,13
57432,136,130,6,6
57433,55,56,-1,1
57434,105,105,0,0
57435,77,72,5,5
57436,192,183,9,9
57437,99,88,11,11
57438,90,85,5,5
57439,134,119,15,15
57440,113,105,8,8
57441,90,81,9,9
57442,150,131,19,19
57443,52,53,-1,1
57444,102,96,6,6
57445,55,50,5,5
57446,110,107,3,3
57447,57,58,-1,1
57448,57,62,-5,5
57449,97,91,6,6
57450,117,117,0,0
57451,83,85,-2,2
57452,121,111,10,10
57453,58,65,-7,7
57454,101,95,6,6
57455,63,64,-1,1
57456,105,101,4,4
57457,94,86,8,8
57458,138,130,8,8
57459,62,62,0,0
57460,113,111,2,2
57461,50,57,-7,7
57462,90,89,1,1
57463,135,131,4,4
57464,68,61,7,7
57465,94,90,4,4
57466,63,64,-1,1
57467,179,157,22,22
57468,78,73,5,5
57469,197,169,28,28
57470,124,118,6,6
57471,115,123,-8,8
57472,105,99,6,6
57473,135,127,8,8
57474,59,59,0,0
57475,75,84,-9,9
57476,131,124,7,7
57477,125,123,2,2
57478,82,90,-8,8
57479,193,179,14,14
57480,23,32,-9,9
57481,67,65,2,2
57482,204,186,18,18
57483,78,82,-4,4
57484,95,97,-2,2
57485,143,137,6,6
57486,69,67,2,2
57487,78,73,5,5
57488,185,176,9,9
57489,60,64,-4,4
57490,93,83,10,10
57491,49,49,0,0
57492,151,130,21,21
57493,93,88,5,5
57494,109,93,16,16
57495,58,55,3,3
57496,132,112,20,20
57497,85,77,8,8
57498,118,95,23,23
57499,69,73,-4,4
57500,76,79,-3,3
57501,68,73,-5,5
57502,68,70,-2,2
57503,103,113,-10,10
57504,116,108,8,8
57505,189,161,28,28
57506,64,68,-4,4
57507,54,50,4,4
57508,99,101,-2,2
57509,140,124,16,16
57510,52,51,1,1
57511,144,137,7,7
57512,96,91,5,5
57513,60,81,-21,21
57514,131,126,5,5
57515,101,108,-7,7
57516,21,43,-22,22
57517,77,76,1,1
57518,94,94,0,0
57519,64,63,1,1
57520,77,69,8,8
57521,89,86,3,3
57522,68,67,1,1
57523,100,79,21,21
57524,94,86,8,8
57525,99,92,7,7
57526,104,104,0,0
57527,76,74,2,2
57528,41,45,-4,4
57529,89,78,11,11
57530,159,133,26,26
57531,145,123,22,22
57532,89,79,10,10
57533,117,118,-1,1
57534,56,65,-9,9
57535,112,104,8,8
57536,59,57,2,2
57537,54,53,1,1
57538,83,76,7,7
57539,70,72,-2,2
57540,64,66,-2,2
57541,134,125,9,9
57542,107,116,-9,9
57543,81,81,0,0
57544,117,117,0,0
57545,123,122,1,1
57546,114,98,16,16
57547,173,156,17,17
57548,79,70,9,9
57549,117,103,14,14
57550,32,42,-10,10
57551,87,79,8,8
57552,189,180,9,9
57553,70,76,-6,6
57554,155,130,25,25
57555,81,82,-1,1
57556,168,158,10,10
57557,114,108,6,6
57558,153,154,-1,1
57559,124,110,14,14
57560,51,45,6,6
57561,105,107,-2,2
57562,101,113,-12,12
57563,86,86,0,0
57564,129,118,11,11
57565,122,110,12,12
57566,149,132,17,17
57567,85,81,4,4
57568,73,69,4,4
57569,66,68,-2,2
57570,180,154,26,26
57571,33,44,-11,11
57572,70,73,-3,3
57573,101,109,-8,8
57574,89,94,-5,5
57575,120,117,3,3
57576,121,111,10,10
57577,91,90,1,1
57578,90,87,3,3
57579,121,114,7,7
57580,154,153,1,1
57581,110,104,6,6
57582,65,56,9,9
57583,107,118,-11,11
57584,141,130,11,11
57585,61,64,-3,3
57586,119,115,4,4
57587,135,132,3,3
57588,185,157,28,28
57589,46,49,-3,3
57590,89,86,3,3
57591,134,126,8,8
57592,102,94,8,8
57593,138,134,4,4
57594,104,95,9,9
57595,176,157,19,19
57596,112,104,8,8
57597,135,129,6,6
57598,119,112,7,7
57599,82,73,9,9
57600,99,99,0,0
57601,119,106,13,13
57602,98,106,-8,8
57603,96,97,-1,1
57604,90,94,-4,4
57605,81,71,10,10
57606,65,68,-3,3
57607,120,110,10,10
57608,90,83,7,7
57609,80,83,-3,3
57610,81,88,-7,7
57611,78,94,-16,16
57612,82,75,7,7
57613,155,131,24,24
57614,77,72,5,5
57615,116,116,0,0
57616,78,78,0,0
57617,69,65,4,4
57618,64,68,-4,4
57619,88,87,1,1
57620,56,62,-6,6
57621,62,67,-5,5
57622,49,57,-8,8
57623,120,103,17,17
57624,154,144,10,10
57625,86,88,-2,2
57626,61,67,-6,6
57627,66,67,-1,1
57628,145,120,25,25
57629,83,87,-4,4
57630,136,125,11,11
57631,88,95,-7,7
57632,71,83,-12,12
57633,93,85,8,8
57634,97,91,6,6
57635,94,85,9,9
57636,97,97,0,0
57637,57,64,-7,7
57638,142,138,4,4
57639,119,111,8,8
57640,87,91,-4,4
57641,131,132,-1,1
57642,119,120,-1,1
57643,76,73,3,3
57644,55,49,6,6
57645,106,99,7,7
57646,70,76,-6,6
57647,103,98,5,5
57648,96,83,13,13
57649,150,145,5,5
57650,128,128,0,0
57651,38,45,-7,7
57652,65,79,-14,14
57653,79,73,6,6
57654,96,85,11,11
57655,88,83,5,5
57656,185,196,-11,11
57657,81,74,7,7
57658,151,135,16,16
57659,94,93,1,1
57660,72,72,0,0
57661,110,101,9,9
57662,109,98,11,11
57663,80,71,9,9
57664,68,70,-2,2
57665,111,96,15,15
57666,67,71,-4,4
57667,95,86,9,9
57668,114,111,3,3
57669,51,54,-3,3
57670,111,103,8,8
57671,118,102,16,16
57672,157,131,26,26
57673,82,84,-2,2
57674,119,94,25,25
57675,73,73,0,0
57676,88,79,9,9
57677,46,44,2,2
57678,61,56,5,5
57679,81,81,0,0
57680,117,110,7,7
57681,87,83,4,4
57682,71,63,8,8
57683,70,67,3,3
57684,98,108,-10,10
57685,89,87,2,2
57686,100,90,10,10
57687,124,109,15,15
57688,166,152,14,14
57689,90,82,8,8
57690,43,47,-4,4
57691,175,149,26,26
57692,104,108,-4,4
57693,180,169,11,11
57694,57,53,4,4
57695,36,46,-10,10
57696,144,146,-2,2
57697,136,127,9,9
57698,56,56,0,0
57699,93,94,-1,1
57700,91,87,4,4
57701,98,96,2,2
57702,82,65,17,17
57703,101,108,-7,7
57704,113,109,4,4
57705,53,62,-9,9
57706,55,57,-2,2
57707,120,108,12,12
57708,105,92,13,13
57709,71,75,-4,4
57710,78,75,3,3
57711,165,159,6,6
57712,82,83,-1,1
57713,126,114,12,12
57714,114,105,9,9
57715,143,128,15,15
57716,118,117,1,1
57717,94,96,-2,2
57718,41,43,-2,2
57719,67,67,0,0
57720,83,80,3,3
57721,119,99,20,20
57722,62,68,-6,6
57723,55,52,3,3
57724,95,91,4,4
57725,91,93,-2,2
57726,68,68,0,0
57727,144,144,0,0
57728,64,65,-1,1
57729,43,62,-19,19
57730,81,84,-3,3
57731,94,79,15,15
57732,77,75,2,2
57733,167,165,2,2
57734,51,58,-7,7
57735,117,105,12,12
57736,93,89,4,4
57737,71,72,-1,1
57738,64,67,-3,3
57739,168,152,16,16
57740,98,94,4,4
57741,38,38,0,0
57742,124,112,12,12
57743,104,112,-8,8
57744,45,48,-3,3
57745,36,45,-9,9
57746,82,81,1,1
57747,120,107,13,13
57748,108,112,-4,4
57749,43,47,-4,4
57750,85,80,5,5
57751,146,132,14,14
57752,82,95,-13,13
57753,115,103,12,12
57754,98,86,12,12
57755,87,81,6,6
57756,124,122,2,2
57757,86,84,2,2
57758,92,106,-14,14
57759,109,90,19,19
57760,125,117,8,8
57761,140,142,-2,2
57762,84,97,-13,13
57763,66,69,-3,3
57764,131,115,16,16
57765,81,70,11,11
57766,88,83,5,5
57767,143,149,-6,6
57768,74,77,-3,3
57769,118,121,-3,3
57770,56,61,-5,5
57771,61,60,1,1
57772,112,112,0,0
57773,119,104,15,15
57774,102,91,11,11
57775,101,117,-16,16
57776,71,69,2,2
57777,118,112,6,6
57778,119,129,-10,10
57779,83,87,-4,4
57780,133,117,16,16
57781,57,56,1,1
57782,87,82,5,5
57783,6,14,-8,8
57784,76,82,-6,6
57785,124,113,11,11
57786,28,32,-4,4
57787,65,62,3,3
57788,86,73,13,13
57789,111,110,1,1
57790,59,65,-6,6
57791,94,92,2,2
57792,97,108,-11,11
57793,115,114,1,1
57794,75,76,-1,1
57795,144,132,12,12
57796,86,94,-8,8
57797,74,73,1,1
57798,102,100,2,2
57799,79,74,5,5
57800,99,91,8,8
57801,140,148,-8,8
57802,101,99,2,2
57803,156,140,16,16
57804,92,86,6,6
57805,70,73,-3,3
57806,59,72,-13,13
57807,116,106,10,10
57808,138,129,9,9
57809,136,134,2,2
57810,61,65,-4,4
57811,53,55,-2,2
57812,79,72,7,7
57813,90,84,6,6
57814,127,116,11,11
57815,177,148,29,29
57816,110,114,-4,4
57817,129,119,10,10
57818,106,124,-18,18
57819,74,75,-1,1
57820,154,150,4,4
57821,129,123,6,6
57822,73,70,3,3
57823,77,83,-6,6
57824,84,87,-3,3
57825,103,95,8,8
57826,90,116,-26,26
57827,109,101,8,8
57828,68,64,4,4
57829,72,66,6,6
57830,105,112,-7,7
57831,65,66,-1,1
57832,95,86,9,9
57833,133,129,4,4
57834,103,91,12,12
57835,107,109,-2,2
57836,79,75,4,4
57837,116,105,11,11
57838,91,82,9,9
57839,72,83,-11,11
57840,66,83,-17,17
57841,147,134,13,13
57842,90,97,-7,7
57843,192,202,-10,10
57844,98,110,-12,12
57845,105,100,5,5
57846,44,47,-3,3
57847,102,86,16,16
57848,82,87,-5,5
57849,107,102,5,5
57850,102,98,4,4
57851,135,120,15,15
57852,157,138,19,19
57853,61,53,8,8
57854,155,143,12,12
57855,121,124,-3,3
57856,77,73,4,4
57857,142,133,9,9
57858,95,87,8,8
57859,104,96,8,8
57860,77,77,0,0
57861,135,125,10,10
57862,101,97,4,4
57863,65,62,3,3
57864,108,100,8,8
57865,46,49,-3,3
57866,196,185,11,11
57867,83,77,6,6
57868,92,82,10,10
57869,66,59,7,7
57870,87,78,9,9
57871,76,74,2,2
57872,24,41,-17,17
57873,94,99,-5,5
57874,85,73,12,12
57875,147,188,-41,41
57876,104,110,-6,6
57877,97,92,5,5
57878,159,140,19,19
57879,103,96,7,7
57880,114,113,1,1
57881,133,131,2,2
57882,66,66,0,0
57883,101,100,1,1
57884,71,67,4,4
57885,85,80,5,5
57886,87,72,15,15
57887,116,96,20,20
57888,88,77,11,11
57889,64,62,2,2
57890,48,45,3,3
57891,55,57,-2,2
57892,61,85,-24,24
57893,86,93,-7,7
57894,56,51,5,5
57895,58,50,8,8
57896,77,78,-1,1
57897,70,73,-3,3
57898,78,83,-5,5
57899,136,124,12,12
57900,69,69,0,0
57901,68,64,4,4
57902,102,94,8,8
57903,67,68,-1,1
57904,82,76,6,6
57905,54,50,4,4
57906,70,77,-7,7
57907,83,77,6,6
57908,129,114,15,15
57909,43,42,1,1
57910,46,62,-16,16
57911,119,114,5,5
57912,50,51,-1,1
57913,76,75,1,1
57914,168,155,13,13
57915,83,81,2,2
57916,116,99,17,17
57917,121,131,-10,10
57918,96,100,-4,4
57919,126,127,-1,1
57920,86,84,2,2
57921,85,76,9,9
57922,93,77,16,16
57923,52,57,-5,5
57924,129,122,7,7
57925,87,80,7,7
57926,38,44,-6,6
57927,61,75,-14,14
57928,77,77,0,0
57929,73,68,5,5
57930,143,144,-1,1
57931,59,64,-5,5
57932,57,61,-4,4
57933,64,67,-3,3
57934,140,129,11,11
57935,109,113,-4,4
57936,91,87,4,4
57937,64,69,-5,5
57938,105,88,17,17
57939,121,105,16,16
57940,65,60,5,5
57941,80,77,3,3
57942,75,71,4,4
57943,90,80,10,10
57944,93,96,-3,3
57945,60,62,-2,2
57946,75,74,1,1
57947,97,97,0,0
57948,130,118,12,12
57949,111,99,12,12
57950,82,72,10,10
57951,102,96,6,6
57952,72,70,2,2
57953,180,179,1,1
57954,71,80,-9,9
57955,92,88,4,4
57956,109,102,7,7
57957,113,101,12,12
57958,117,106,11,11
57959,105,101,4,4
57960,85,80,5,5
57961,75,66,9,9
57962,77,74,3,3
57963,79,77,2,2
57964,106,99,7,7
57965,52,65,-13,13
57966,107,82,25,25
57967,89,89,0,0
57968,150,142,8,8
57969,84,82,2,2
57970,78,80,-2,2
57971,124,110,14,14
57972,58,59,-1,1
57973,110,106,4,4
57974,108,107,1,1
57975,95,103,-8,8
57976,139,121,18,18
57977,92,89,3,3
57978,63,70,-7,7
57979,81,83,-2,2
57980,103,88,15,15
57981,75,71,4,4
57982,75,84,-9,9
57983,125,115,10,10
57984,98,108,-10,10
57985,101,98,3,3
57986,73,81,-8,8
57987,95,88,7,7
57988,120,108,12,12
57989,90,101,-11,11
57990,178,156,22,22
57991,111,112,-1,1
57992,90,88,2,2
57993,91,74,17,17
57994,92,78,14,14
57995,77,77,0,0
57996,87,81,6,6
57997,121,117,4,4
57998,99,87,12,12
57999,119,120,-1,1
58000,85,91,-6,6
58001,102,100,2,2
58002,102,95,7,7
58003,68,65,3,3
58004,159,135,24,24
58005,91,75,16,16
58006,85,88,-3,3
58007,77,81,-4,4
58008,136,132,4,4
58009,182,163,19,19
58010,101,95,6,6
58011,63,58,5,5
58012,89,99,-10,10
58013,78,75,3,3
58014,104,98,6,6
58015,113,107,6,6
58016,88,90,-2,2
58017,87,82,5,5
58018,182,161,21,21
58019,97,90,7,7
58020,123,117,6,6
58021,93,117,-24,24
58022,77,63,14,14
58023,87,83,4,4
58024,71,70,1,1
58025,60,57,3,3
58026,95,99,-4,4
58027,92,82,10,10
58028,78,72,6,6
58029,84,87,-3,3
58030,153,140,13,13
58031,140,143,-3,3
58032,99,83,16,16
58033,57,55,2,2
58034,83,87,-4,4
58035,79,74,5,5
58036,87,85,2,2
58037,85,102,-17,17
58038,80,77,3,3
58039,69,73,-4,4
58040,68,70,-2,2
58041,94,96,-2,2
58042,79,84,-5,5
58043,115,108,7,7
58044,59,61,-2,2
58045,183,182,1,1
58046,64,67,-3,3
58047,109,98,11,11
58048,54,52,2,2
58049,62,63,-1,1
58050,69,79,-10,10
58051,62,55,7,7
58052,71,66,5,5
58053,140,128,12,12
58054,73,71,2,2
58055,124,119,5,5
58056,86,88,-2,2
58057,142,149,-7,7
58058,170,163,7,7
58059,69,68,1,1
58060,124,121,3,3
58061,123,124,-1,1
58062,104,85,19,19
58063,65,72,-7,7
58064,110,105,5,5
58065,80,73,7,7
58066,66,67,-1,1
58067,96,85,11,11
58068,116,115,1,1
58069,74,70,4,4
58070,59,60,-1,1
58071,64,57,7,7
58072,115,115,0,0
58073,89,82,7,7
58074,136,114,22,22
58075,51,52,-1,1
58076,73,70,3,3
58077,68,79,-11,11
58078,116,111,5,5
58079,135,138,-3,3
58080,29,41,-12,12
58081,96,82,14,14
58082,38,70,-32,32
58083,170,160,10,10
58084,125,120,5,5
58085,160,142,18,18
58086,108,114,-6,6
58087,144,134,10,10
58088,70,64,6,6
58089,100,95,5,5
58090,62,62,0,0
58091,129,120,9,9
58092,99,89,10,10
58093,93,100,-7,7
58094,108,92,16,16
58095,59,55,4,4
58096,43,48,-5,5
58097,119,103,16,16
58098,71,65,6,6
58099,147,153,-6,6
58100,60,56,4,4
58101,79,88,-9,9
58102,64,67,-3,3
58103,73,73,0,0
58104,105,103,2,2
58105,80,76,4,4
58106,79,81,-2,2
58107,90,82,8,8
58108,89,77,12,12
58109,73,69,4,4
58110,113,112,1,1
58111,78,85,-7,7
58112,63,80,-17,17
58113,142,128,14,14
58114,145,152,-7,7
58115,95,91,4,4
58116,101,98,3,3
58117,126,109,17,17
58118,154,136,18,18
58119,184,153,31,31
58120,116,118,-2,2
58121,84,84,0,0
58122,129,128,1,1
58123,74,74,0,0
58124,97,90,7,7
58125,88,104,-16,16
58126,102,102,0,0
58127,69,68,1,1
58128,73,79,-6,6
58129,77,69,8,8
58130,98,96,2,2
58131,78,80,-2,2
58132,108,86,22,22
58133,78,78,0,0
58134,86,95,-9,9
58135,70,67,3,3
58136,70,73,-3,3
58137,78,75,3,3
58138,81,75,6,6
58139,55,60,-5,5
58140,37,39,-2,2
58141,80,77,3,3
58142,68,66,2,2
58143,130,128,2,2
58144,100,90,10,10
58145,71,76,-5,5
58146,97,92,5,5
58147,147,139,8,8
58148,93,92,1,1
58149,165,160,5,5
58150,70,74,-4,4
58151,59,68,-9,9
58152,46,50,-4,4
58153,132,111,21,21
58154,90,74,16,16
58155,208,183,25,25
58156,124,124,0,0
58157,92,95,-3,3
58158,75,70,5,5
58159,103,97,6,6
58160,47,52,-5,5
58161,72,60,12,12
58162,65,65,0,0
58163,107,108,-1,1
58164,131,128,3,3
58165,67,74,-7,7
58166,119,113,6,6
58167,63,66,-3,3
58168,153,135,18,18
58169,72,74,-2,2
58170,131,141,-10,10
58171,92,87,5,5
58172,70,68,2,2
58173,93,97,-4,4
58174,48,64,-16,16
58175,75,70,5,5
58176,185,177,8,8
58177,90,82,8,8
58178,53,50,3,3
58179,130,125,5,5
58180,139,137,2,2
58181,92,94,-2,2
58182,77,103,-26,26
58183,130,116,14,14
58184,88,78,10,10
58185,68,75,-7,7
58186,144,122,22,22
58187,73,74,-1,1
58188,136,133,3,3
58189,115,107,8,8
58190,79,83,-4,4
58191,97,93,4,4
58192,70,67,3,3
58193,76,80,-4,4
58194,110,103,7,7
58195,103,114,-11,11
58196,106,102,4,4
58197,82,81,1,1
58198,82,84,-2,2
58199,64,63,1,1
58200,108,107,1,1
58201,162,148,14,14
58202,64,66,-2,2
58203,42,47,-5,5
58204,128,124,4,4
58205,93,84,9,9
58206,83,77,6,6
58207,75,66,9,9
58208,113,100,13,13
58209,131,119,12,12
58210,70,62,8,8
58211,82,82,0,0
58212,53,57,-4,4
58213,92,92,0,0
58214,123,109,14,14
58215,132,122,10,10
58216,71,71,0,0
58217,83,83,0,0
58218,52,49,3,3
58219,102,96,6,6
58220,51,56,-5,5
58221,90,82,8,8
58222,121,125,-4,4
58223,125,122,3,3
58224,66,64,2,2
58225,99,104,-5,5
58226,71,79,-8,8
58227,103,98,5,5
58228,87,90,-3,3
58229,130,127,3,3
58230,74,72,2,2
58231,171,156,15,15
58232,146,121,25,25
58233,81,76,5,5
58234,72,64,8,8
58235,81,93,-12,12
58236,58,54,4,4
58237,111,103,8,8
58238,148,142,6,6
58239,76,71,5,5
58240,78,70,8,8
58241,91,92,-1,1
58242,91,89,2,2
58243,70,70,0,0
58244,155,131,24,24
58245,89,94,-5,5
58246,55,49,6,6
58247,97,84,13,13
58248,71,69,2,2
58249,134,133,1,1
58250,85,76,9,9
58251,76,71,5,5
58252,98,104,-6,6
58253,51,56,-5,5
58254,111,102,9,9
58255,59,64,-5,5
58256,112,105,7,7
58257,43,44,-1,1
58258,122,107,15,15
58259,62,75,-13,13
58260,57,55,2,2
58261,94,98,-4,4
58262,92,87,5,5
58263,113,116,-3,3
58264,125,114,11,11
58265,98,97,1,1
58266,58,59,-1,1
58267,110,99,11,11
58268,69,70,-1,1
58269,57,68,-11,11
58270,54,51,3,3
58271,69,68,1,1
58272,84,91,-7,7
58273,81,90,-9,9
58274,72,74,-2,2
58275,120,106,14,14
58276,59,66,-7,7
58277,121,108,13,13
58278,54,59,-5,5
58279,62,64,-2,2
58280,83,76,7,7
58281,85,77,8,8
58282,102,103,-1,1
58283,109,95,14,14
58284,128,133,-5,5
58285,128,110,18,18
58286,155,117,38,38
58287,75,77,-2,2
58288,44,37,7,7
58289,106,104,2,2
58290,122,106,16,16
58291,99,92,7,7
58292,76,77,-1,1
58293,93,85,8,8
58294,59,60,-1,1
58295,115,103,12,12
58296,147,136,11,11
58297,104,105,-1,1
58298,56,59,-3,3
58299,119,112,7,7
58300,92,92,0,0
58301,55,58,-3,3
58302,70,64,6,6
58303,79,80,-1,1
58304,106,99,7,7
58305,141,122,19,19
58306,142,130,12,12
58307,100,101,-1,1
58308,71,68,3,3
58309,37,43,-6,6
58310,58,59,-1,1
58311,107,109,-2,2
58312,104,97,7,7
58313,125,117,8,8
58314,95,119,-24,24
58315,164,150,14,14
58316,45,55,-10,10
58317,86,80,6,6
58318,101,97,4,4
58319,117,106,11,11
58320,85,94,-9,9
58321,60,62,-2,2
58322,141,146,-5,5
58323,101,100,1,1
58324,113,97,16,16
58325,108,105,3,3
58326,86,80,6,6
58327,121,107,14,14
58328,165,175,-10,10
58329,58,57,1,1
58330,165,159,6,6
58331,99,100,-1,1
58332,77,80,-3,3
58333,120,112,8,8
58334,132,118,14,14
58335,138,120,18,18
58336,104,123,-19,19
58337,59,54,5,5
58338,68,65,3,3
58339,76,75,1,1
58340,81,87,-6,6
58341,126,118,8,8
58342,125,94,31,31
58343,39,40,-1,1
58344,103,79,24,24
58345,64,69,-5,5
58346,120,109,11,11
58347,53,54,-1,1
58348,81,73,8,8
58349,128,118,10,10
58350,75,75,0,0
58351,67,58,9,9
58352,158,136,22,22
58353,77,90,-13,13
58354,140,137,3,3
58355,75,81,-6,6
58356,114,111,3,3
58357,82,76,6,6
58358,96,96,0,0
58359,142,124,18,18
58360,84,94,-10,10
58361,84,66,18,18
58362,69,68,1,1
58363,63,64,-1,1
58364,83,87,-4,4
58365,136,131,5,5
58366,107,97,10,10
58367,95,94,1,1
58368,157,133,24,24
58369,89,87,2,2
58370,85,81,4,4
58371,102,101,1,1
58372,103,104,-1,1
58373,88,83,5,5
58374,100,92,8,8
58375,69,66,3,3
58376,84,74,10,10
58377,32,42,-10,10
58378,52,52,0,0
58379,156,141,15,15
58380,71,62,9,9
58381,114,105,9,9
58382,83,83,0,0
58383,81,80,1,1
58384,164,134,30,30
58385,109,102,7,7
58386,89,95,-6,6
58387,125,102,23,23
58388,82,73,9,9
58389,73,72,1,1
58390,117,135,-18,18
58391,69,73,-4,4
58392,98,91,7,7
58393,114,99,15,15
58394,86,84,2,2
58395,112,97,15,15
58396,96,97,-1,1
58397,113,104,9,9
58398,86,92,-6,6
58399,130,121,9,9
58400,80,76,4,4
58401,134,127,7,7
58402,158,153,5,5
58403,59,56,3,3
58404,55,55,0,0
58405,87,87,0,0
58406,42,49,-7,7
58407,76,74,2,2
58408,62,57,5,5
58409,119,112,7,7
58410,103,100,3,3
58411,172,169,3,3
58412,134,131,3,3
58413,68,66,2,2
58414,62,57,5,5
58415,57,63,-6,6
58416,147,126,21,21
58417,93,88,5,5
58418,116,107,9,9
58419,161,153,8,8
58420,79,89,-10,10
58421,148,141,7,7
58422,118,110,8,8
58423,46,56,-10,10
58424,130,128,2,2
58425,163,148,15,15
58426,56,58,-2,2
58427,74,68,6,6
58428,66,74,-8,8
58429,84,70,14,14
58430,76,81,-5,5
58431,88,81,7,7
58432,69,68,1,1
58433,60,64,-4,4
58434,75,75,0,0
58435,164,148,16,16
58436,71,81,-10,10
58437,125,99,26,26
58438,86,90,-4,4
58439,62,59,3,3
58440,82,79,3,3
58441,55,57,-2,2
58442,58,73,-15,15
58443,52,62,-10,10
58444,107,97,10,10
58445,82,90,-8,8
58446,118,114,4,4
58447,104,96,8,8
58448,65,66,-1,1
58449,148,151,-3,3
58450,104,101,3,3
58451,189,176,13,13
58452,126,121,5,5
58453,92,86,6,6
58454,122,114,8,8
58455,75,74,1,1
58456,99,95,4,4
58457,99,92,7,7
58458,154,149,5,5
58459,89,93,-4,4
58460,145,140,5,5
58461,81,69,12,12
58462,146,149,-3,3
58463,171,167,4,4
58464,52,55,-3,3
58465,81,73,8,8
58466,102,94,8,8
58467,137,144,-7,7
58468,43,45,-2,2
58469,93,95,-2,2
58470,62,62,0,0
58471,110,96,14,14
58472,78,70,8,8
58473,112,116,-4,4
58474,64,69,-5,5
58475,52,54,-2,2
58476,51,69,-18,18
58477,71,77,-6,6
58478,62,66,-4,4
58479,54,49,5,5
58480,81,66,15,15
58481,156,130,26,26
58482,76,75,1,1
58483,74,66,8,8
58484,63,69,-6,6
58485,59,48,11,11
58486,45,44,1,1
58487,127,105,22,22
58488,110,99,11,11
58489,68,68,0,0
58490,89,85,4,4
58491,64,62,2,2
58492,116,118,-2,2
58493,68,72,-4,4
58494,211,206,5,5
58495,93,85,8,8
58496,79,78,1,1
58497,84,83,1,1
58498,73,67,6,6
58499,82,75,7,7
58500,80,92,-12,12
58501,75,76,-1,1
58502,83,84,-1,1
58503,123,117,6,6
58504,52,49,3,3
58505,133,119,14,14
58506,90,85,5,5
58507,70,69,1,1
58508,74,80,-6,6
58509,84,84,0,0
58510,90,91,-1,1
58511,92,93,-1,1
58512,55,66,-11,11
58513,62,65,-3,3
58514,120,115,5,5
58515,84,81,3,3
58516,83,74,9,9
58517,95,109,-14,14
58518,79,72,7,7
58519,89,89,0,0
58520,149,137,12,12
58521,81,108,-27,27
58522,91,93,-2,2
58523,87,73,14,14
58524,76,76,0,0
58525,45,47,-2,2
58526,226,216,10,10
58527,125,116,9,9
58528,148,158,-10,10
58529,60,63,-3,3
58530,134,127,7,7
58531,165,147,18,18
58532,129,116,13,13
58533,65,61,4,4
58534,89,84,5,5
58535,95,97,-2,2
58536,83,80,3,3
58537,79,73,6,6
58538,111,99,12,12
58539,83,78,5,5
58540,121,116,5,5
58541,97,93,4,4
58542,114,109,5,5
58543,55,51,4,4
58544,118,109,9,9
58545,95,90,5,5
58546,80,78,2,2
58547,112,113,-1,1
58548,127,116,11,11
58549,140,129,11,11
58550,100,161,-61,61
58551,50,55,-5,5
58552,130,124,6,6
58553,77,76,1,1
58554,86,92,-6,6
58555,117,98,19,19
58556,163,150,13,13
58557,78,75,3,3
58558,118,109,9,9
58559,110,112,-2,2
58560,93,82,11,11
58561,76,88,-12,12
58562,71,62,9,9
58563,85,84,1,1
58564,39,44,-5,5
58565,77,80,-3,3
58566,57,54,3,3
58567,68,68,0,0
58568,74,70,4,4
58569,80,74,6,6
58570,86,85,1,1
58571,55,55,0,0
58572,129,103,26,26
58573,181,181,0,0
58574,71,70,1,1
58575,106,125,-19,19
58576,43,46,-3,3
58577,157,151,6,6
58578,68,65,3,3
58579,134,122,12,12
58580,137,142,-5,5
58581,71,71,0,0
58582,48,47,1,1
58583,45,50,-5,5
58584,75,74,1,1
58585,67,79,-12,12
58586,108,94,14,14
58587,81,78,3,3
58588,94,93,1,1
58589,229,215,14,14
58590,58,62,-4,4
58591,75,71,4,4
58592,97,112,-15,15
58593,142,135,7,7
58594,196,158,38,38
58595,78,78,0,0
58596,101,106,-5,5
58597,100,94,6,6
58598,82,73,9,9
58599,100,97,3,3
58600,81,84,-3,3
58601,81,88,-7,7
58602,106,127,-21,21
58603,74,66,8,8
58604,77,86,-9,9
58605,124,114,10,10
58606,35,42,-7,7
58607,76,77,-1,1
58608,106,100,6,6
58609,83,86,-3,3
58610,82,82,0,0
58611,77,78,-1,1
58612,113,109,4,4
58613,86,80,6,6
58614,115,106,9,9
58615,98,94,4,4
58616,69,77,-8,8
58617,90,92,-2,2
58618,99,89,10,10
58619,59,70,-11,11
58620,109,97,12,12
58621,72,74,-2,2
58622,130,119,11,11
58623,118,113,5,5
58624,113,109,4,4
58625,98,93,5,5
58626,102,91,11,11
58627,142,122,20,20
58628,95,100,-5,5
58629,89,87,2,2
58630,45,57,-12,12
58631,35,39,-4,4
58632,54,55,-1,1
58633,102,85,17,17
58634,27,23,4,4
58635,66,65,1,1
58636,35,45,-10,10
58637,115,103,12,12
58638,148,139,9,9
58639,98,88,10,10
58640,115,110,5,5
58641,79,85,-6,6
58642,84,82,2,2
58643,147,140,7,7
58644,79,72,7,7
58645,62,63,-1,1
58646,95,81,14,14
58647,71,71,0,0
58648,66,68,-2,2
58649,84,83,1,1
58650,142,126,16,16
58651,142,119,23,23
58652,91,84,7,7
58653,102,96,6,6
58654,105,132,-27,27
58655,66,64,2,2
58656,83,85,-2,2
58657,63,63,0,0
58658,66,69,-3,3
58659,109,118,-9,9
58660,71,74,-3,3
58661,92,90,2,2
58662,139,142,-3,3
58663,117,114,3,3
58664,120,113,7,7
58665,94,110,-16,16
58666,99,94,5,5
58667,58,57,1,1
58668,129,122,7,7
58669,66,74,-8,8
58670,126,108,18,18
58671,111,113,-2,2
58672,54,54,0,0
58673,153,123,30,30
58674,82,80,2,2
58675,56,59,-3,3
58676,59,61,-2,2
58677,146,128,18,18
58678,64,67,-3,3
58679,56,53,3,3
58680,60,60,0,0
58681,21,50,-29,29
58682,132,131,1,1
58683,85,82,3,3
58684,113,105,8,8
58685,81,79,2,2
58686,110,107,3,3
58687,98,92,6,6
58688,86,88,-2,2
58689,102,94,8,8
58690,129,138,-9,9
58691,89,82,7,7
58692,121,121,0,0
58693,104,97,7,7
58694,63,69,-6,6
58695,138,141,-3,3
58696,119,132,-13,13
58697,92,87,5,5
58698,113,102,11,11
58699,97,94,3,3
58700,162,148,14,14
58701,41,45,-4,4
58702,112,111,1,1
58703,124,115,9,9
58704,76,70,6,6
58705,116,116,0,0
58706,86,83,3,3
58707,69,63,6,6
58708,99,106,-7,7
58709,65,66,-1,1
58710,70,79,-9,9
58711,111,95,16,16
58712,79,75,4,4
58713,92,94,-2,2
58714,92,79,13,13
58715,126,121,5,5
58716,109,106,3,3
58717,65,75,-10,10
58718,79,74,5,5
58719,160,152,8,8
58720,75,78,-3,3
58721,95,86,9,9
58722,97,91,6,6
58723,102,95,7,7
58724,75,70,5,5
58725,119,118,1,1
58726,31,29,2,2
58727,137,123,14,14
58728,99,106,-7,7
58729,135,126,9,9
58730,143,138,5,5
58731,128,122,6,6
58732,135,132,3,3
58733,56,51,5,5
58734,79,73,6,6
58735,157,138,19,19
58736,103,114,-11,11
58737,147,138,9,9
58738,78,77,1,1
58739,124,117,7,7
58740,57,66,-9,9
58741,63,78,-15,15
58742,79,73,6,6
58743,87,90,-3,3
58744,105,94,11,11
58745,119,108,11,11
58746,41,43,-2,2
58747,62,66,-4,4
58748,148,150,-2,2
58749,113,103,10,10
58750,236,212,24,24
58751,49,54,-5,5
58752,78,80,-2,2
58753,105,102,3,3
58754,136,124,12,12
58755,93,91,2,2
58756,55,60,-5,5
58757,87,89,-2,2
58758,67,75,-8,8
58759,113,100,13,13
58760,52,53,-1,1
58761,102,120,-18,18
58762,149,129,20,20
58763,65,72,-7,7
58764,106,96,10,10
58765,88,84,4,4
58766,175,151,24,24
58767,116,118,-2,2
58768,128,123,5,5
58769,86,86,0,0
58770,154,140,14,14
58771,93,89,4,4
58772,65,91,-26,26
58773,119,114,5,5
58774,81,75,6,6
58775,93,104,-11,11
58776,77,82,-5,5
58777,144,119,25,25
58778,105,100,5,5
58779,111,89,22,22
58780,143,127,16,16
58781,96,89,7,7
58782,86,95,-9,9
58783,78,74,4,4
58784,136,127,9,9
58785,82,77,5,5
58786,91,85,6,6
58787,83,86,-3,3
58788,106,107,-1,1
58789,94,93,1,1
58790,99,99,0,0
58791,78,70,8,8
58792,154,139,15,15
58793,77,65,12,12
58794,184,169,15,15
58795,192,176,16,16
58796,77,74,3,3
58797,105,105,0,0
58798,62,67,-5,5
58799,103,97,6,6
58800,59,59,0,0
58801,77,70,7,7
58802,155,152,3,3
58803,90,83,7,7
58804,98,117,-19,19
58805,93,91,2,2
58806,132,128,4,4
58807,115,109,6,6
58808,67,66,1,1
58809,198,192,6,6
58810,90,84,6,6
58811,114,109,5,5
58812,108,103,5,5
58813,77,80,-3,3
58814,114,119,-5,5
58815,126,133,-7,7
58816,86,81,5,5
58817,67,69,-2,2
58818,108,100,8,8
58819,92,90,2,2
58820,123,121,2,2
58821,96,99,-3,3
58822,64,64,0,0
58823,166,152,14,14
58824,218,213,5,5
58825,89,91,-2,2
58826,76,82,-6,6
58827,69,70,-1,1
58828,122,118,4,4
58829,115,111,4,4
58830,87,108,-21,21
58831,119,111,8,8
58832,95,89,6,6
58833,82,79,3,3
58834,57,62,-5,5
58835,100,101,-1,1
58836,86,80,6,6
58837,101,89,12,12
58838,65,54,11,11
58839,106,101,5,5
58840,75,71,4,4
58841,142,127,15,15
58842,81,74,7,7
58843,77,79,-2,2
58844,59,55,4,4
58845,130,116,14,14
58846,100,87,13,13
58847,92,94,-2,2
58848,55,61,-6,6
58849,101,123,-22,22
58850,66,65,1,1
58851,108,91,17,17
58852,83,81,2,2
58853,69,66,3,3
58854,140,125,15,15
58855,87,84,3,3
58856,96,93,3,3
58857,167,142,25,25
58858,72,69,3,3
58859,88,86,2,2
58860,124,116,8,8
58861,91,94,-3,3
58862,51,50,1,1
58863,87,70,17,17
58864,92,92,0,0
58865,58,60,-2,2
58866,45,47,-2,2
58867,95,82,13,13
58868,134,119,15,15
58869,91,87,4,4
58870,121,109,12,12
58871,51,48,3,3
58872,58,52,6,6
58873,48,50,-2,2
58874,75,77,-2,2
58875,46,55,-9,9
58876,56,60,-4,4
58877,87,81,6,6
58878,47,63,-16,16
58879,88,89,-1,1
58880,112,101,11,11
58881,56,63,-7,7
58882,104,100,4,4
58883,61,56,5,5
58884,96,94,2,2
58885,113,101,12,12
58886,66,61,5,5
58887,153,152,1,1
58888,115,117,-2,2
58889,100,98,2,2
58890,73,68,5,5
58891,89,72,17,17
58892,101,108,-7,7
58893,82,89,-7,7
58894,89,95,-6,6
58895,94,96,-2,2
58896,93,84,9,9
58897,113,111,2,2
58898,129,123,6,6
58899,68,63,5,5
58900,68,59,9,9
58901,94,88,6,6
58902,157,145,12,12
58903,99,92,7,7
58904,54,60,-6,6
58905,123,110,13,13
58906,94,80,14,14
58907,183,179,4,4
58908,74,70,4,4
58909,59,58,1,1
58910,173,154,19,19
58911,122,109,13,13
58912,75,72,3,3
58913,77,79,-2,2
58914,63,64,-1,1
58915,90,91,-1,1
58916,56,65,-9,9
58917,82,77,5,5
58918,86,99,-13,13
58919,149,143,6,6
58920,108,101,7,7
58921,73,68,5,5
58922,67,69,-2,2
58923,93,92,1,1
58924,55,52,3,3
58925,108,110,-2,2
58926,118,107,11,11
58927,30,41,-11,11
58928,70,54,16,16
58929,94,93,1,1
58930,84,79,5,5
58931,77,69,8,8
58932,64,59,5,5
58933,103,98,5,5
58934,93,114,-21,21
58935,91,83,8,8
58936,65,66,-1,1
58937,108,97,11,11
58938,117,100,17,17
58939,45,46,-1,1
58940,113,115,-2,2
58941,70,67,3,3
58942,75,89,-14,14
58943,79,77,2,2
58944,59,58,1,1
58945,59,56,3,3
58946,42,49,-7,7
58947,96,83,13,13
58948,109,100,9,9
58949,95,101,-6,6
58950,126,119,7,7
58951,89,89,0,0
58952,99,95,4,4
58953,145,143,2,2
58954,108,99,9,9
58955,84,80,4,4
58956,82,87,-5,5
58957,171,157,14,14
58958,103,89,14,14
58959,118,104,14,14
58960,180,156,24,24
58961,61,65,-4,4
58962,163,141,22,22
58963,135,137,-2,2
58964,152,133,19,19
58965,109,91,18,18
58966,61,64,-3,3
58967,108,107,1,1
58968,181,182,-1,1
58969,104,108,-4,4
58970,105,97,8,8
58971,68,73,-5,5
58972,116,141,-25,25
58973,144,129,15,15
58974,85,74,11,11
58975,141,142,-1,1
58976,152,152,0,0
58977,114,116,-2,2
58978,143,130,13,13
58979,155,144,11,11
58980,191,170,21,21
58981,102,91,11,11
58982,77,74,3,3
58983,97,99,-2,2
58984,85,90,-5,5
58985,82,75,7,7
58986,83,76,7,7
58987,64,64,0,0
58988,135,127,8,8
58989,86,79,7,7
58990,59,55,4,4
58991,71,61,10,10
58992,65,53,12,12
58993,134,125,9,9
58994,85,86,-1,1
58995,159,150,9,9
58996,145,144,1,1
58997,66,68,-2,2
58998,71,76,-5,5
58999,154,130,24,24
59000,159,162,-3,3
59001,50,54,-4,4
59002,95,99,-4,4
59003,81,73,8,8
59004,128,111,17,17
59005,79,76,3,3
59006,93,97,-4,4
59007,156,149,7,7
59008,107,97,10,10
59009,48,50,-2,2
59010,49,51,-2,2
59011,52,105,-53,53
59012,43,50,-7,7
59013,166,152,14,14
59014,59,55,4,4
59015,97,89,8,8
59016,143,148,-5,5
59017,107,114,-7,7
59018,122,116,6,6
59019,77,70,7,7
59020,77,74,3,3
59021,52,53,-1,1
59022,70,67,3,3
59023,93,88,5,5
59024,93,105,-12,12
59025,110,113,-3,3
59026,53,55,-2,2
59027,67,64,3,3
59028,185,173,12,12
59029,90,77,13,13
59030,107,100,7,7
59031,148,149,-1,1
59032,119,117,2,2
59033,95,101,-6,6
59034,112,94,18,18
59035,171,175,-4,4
59036,110,89,21,21
59037,76,81,-5,5
59038,99,92,7,7
59039,94,97,-3,3
59040,107,110,-3,3
59041,73,72,1,1
59042,133,112,21,21
59043,70,77,-7,7
59044,80,67,13,13
59045,149,135,14,14
59046,78,58,20,20
59047,95,90,5,5
59048,79,83,-4,4
59049,42,52,-10,10
59050,73,67,6,6
59051,346,264,82,82
59052,70,52,18,18
59053,75,75,0,0
59054,144,140,4,4
59055,63,64,-1,1
59056,80,77,3,3
59057,124,107,17,17
59058,69,66,3,3
59059,99,93,6,6
59060,140,112,28,28
59061,117,109,8,8
59062,58,61,-3,3
59063,84,81,3,3
59064,47,49,-2,2
59065,86,79,7,7
59066,52,55,-3,3
59067,77,81,-4,4
59068,69,70,-1,1
59069,107,97,10,10
59070,118,105,13,13
59071,81,89,-8,8
59072,109,97,12,12
59073,97,103,-6,6
59074,85,82,3,3
59075,81,72,9,9
59076,65,53,12,12
59077,101,112,-11,11
59078,90,96,-6,6
59079,68,76,-8,8
59080,59,52,7,7
59081,97,91,6,6
59082,104,99,5,5
59083,52,48,4,4
59084,58,60,-2,2
59085,64,69,-5,5
59086,92,87,5,5
59087,179,157,22,22
59088,112,100,12,12
59089,100,108,-8,8
59090,60,57,3,3
59091,102,99,3,3
59092,111,102,9,9
59093,100,88,12,12
59094,80,75,5,5
59095,89,81,8,8
59096,124,125,-1,1
59097,70,68,2,2
59098,85,90,-5,5
59099,79,83,-4,4
59100,74,75,-1,1
59101,66,68,-2,2
59102,75,79,-4,4
59103,83,82,1,1
59104,65,69,-4,4
59105,119,115,4,4
59106,102,97,5,5
59107,81,82,-1,1
59108,77,77,0,0
59109,81,79,2,2
59110,94,92,2,2
59111,103,102,1,1
59112,104,100,4,4
59113,118,100,18,18
59114,90,74,16,16
59115,71,73,-2,2
59116,114,102,12,12
59117,120,93,27,27
59118,85,79,6,6
59119,79,82,-3,3
59120,49,49,0,0
59121,74,68,6,6
59122,99,97,2,2
59123,106,110,-4,4
59124,89,90,-1,1
59125,21,42,-21,21
59126,114,111,3,3
59127,90,95,-5,5
59128,129,120,9,9
59129,64,58,6,6
59130,44,46,-2,2
59131,150,132,18,18
59132,136,126,10,10
59133,119,121,-2,2
59134,68,71,-3,3
59135,87,91,-4,4
59136,66,72,-6,6
59137,103,96,7,7
59138,117,114,3,3
59139,111,92,19,19
59140,112,85,27,27
59141,101,98,3,3
59142,143,142,1,1
59143,81,80,1,1
59144,180,156,24,24
59145,61,64,-3,3
59146,131,122,9,9
59147,70,70,0,0
59148,107,102,5,5
59149,135,115,20,20
59150,92,83,9,9
59151,81,76,5,5
59152,108,101,7,7
59153,90,83,7,7
59154,86,74,12,12
59155,127,114,13,13
59156,47,55,-8,8
59157,130,122,8,8
59158,84,89,-5,5
59159,79,77,2,2
59160,91,89,2,2
59161,120,106,14,14
59162,80,79,1,1
59163,59,63,-4,4
59164,81,89,-8,8
59165,143,139,4,4
59166,117,96,21,21
59167,143,135,8,8
59168,154,124,30,30
59169,57,63,-6,6
59170,69,65,4,4
59171,44,50,-6,6
59172,84,90,-6,6
59173,96,91,5,5
59174,80,78,2,2
59175,61,76,-15,15
59176,64,73,-9,9
59177,67,68,-1,1
59178,108,99,9,9
59179,87,87,0,0
59180,87,82,5,5
59181,112,96,16,16
59182,147,137,10,10
59183,143,135,8,8
59184,124,115,9,9
59185,160,141,19,19
59186,109,107,2,2
59187,71,65,6,6
59188,138,125,13,13
59189,76,73,3,3
59190,96,87,9,9
59191,94,88,6,6
59192,44,46,-2,2
59193,83,85,-2,2
59194,49,52,-3,3
59195,75,84,-9,9
59196,104,108,-4,4
59197,75,73,2,2
59198,93,88,5,5
59199,96,99,-3,3
59200,81,85,-4,4
59201,80,76,4,4
59202,97,82,15,15
59203,65,70,-5,5
59204,46,54,-8,8
59205,79,79,0,0
59206,88,84,4,4
59207,62,74,-12,12
59208,84,72,12,12
59209,70,69,1,1
59210,129,129,0,0
59211,104,73,31,31
59212,116,119,-3,3
59213,126,118,8,8
59214,95,96,-1,1
59215,66,67,-1,1
59216,81,77,4,4
59217,133,107,26,26
59218,95,97,-2,2
59219,151,132,19,19
59220,88,87,1,1
59221,110,107,3,3
59222,69,65,4,4
59223,106,92,14,14
59224,64,66,-2,2
59225,126,106,20,20
59226,41,51,-10,10
59227,97,92,5,5
59228,46,72,-26,26
59229,52,66,-14,14
59230,66,56,10,10
59231,81,76,5,5
59232,81,82,-1,1
59233,85,79,6,6
59234,35,42,-7,7
59235,118,109,9,9
59236,94,89,5,5
59237,92,85,7,7
59238,55,56,-1,1
59239,99,92,7,7
59240,68,67,1,1
59241,56,55,1,1
59242,97,100,-3,3
59243,110,110,0,0
59244,152,136,16,16
59245,40,45,-5,5
59246,52,63,-11,11
59247,169,168,1,1
59248,160,143,17,17
59249,78,66,12,12
59250,77,88,-11,11
59251,40,47,-7,7
59252,93,110,-17,17
59253,115,102,13,13
59254,108,111,-3,3
59255,69,71,-2,2
59256,126,146,-20,20
59257,133,144,-11,11
59258,116,112,4,4
59259,76,84,-8,8
59260,42,45,-3,3
59261,74,80,-6,6
59262,145,130,15,15
59263,72,64,8,8
59264,103,111,-8,8
59265,67,67,0,0
59266,139,117,22,22
59267,93,87,6,6
59268,112,104,8,8
59269,176,164,12,12
59270,70,69,1,1
59271,158,125,33,33
59272,71,67,4,4
59273,47,44,3,3
59274,93,79,14,14
59275,57,66,-9,9
59276,75,68,7,7
59277,62,74,-12,12
59278,104,117,-13,13
59279,143,135,8,8
59280,83,80,3,3
59281,75,67,8,8
59282,92,89,3,3
59283,60,82,-22,22
59284,117,110,7,7
59285,64,66,-2,2
59286,61,61,0,0
59287,87,75,12,12
59288,175,175,0,0
59289,58,65,-7,7
59290,77,65,12,12
59291,96,78,18,18
59292,120,119,1,1
59293,176,158,18,18
59294,132,125,7,7
59295,67,70,-3,3
59296,73,73,0,0
59297,120,139,-19,19
59298,71,74,-3,3
59299,63,63,0,0
59300,74,66,8,8
59301,35,47,-12,12
59302,129,114,15,15
59303,132,131,1,1
59304,75,80,-5,5
59305,122,110,12,12
59306,89,83,6,6
59307,90,79,11,11
59308,71,71,0,0
59309,92,82,10,10
59310,184,160,24,24
59311,59,86,-27,27
59312,90,89,1,1
59313,100,108,-8,8
59314,83,78,5,5
59315,83,82,1,1
59316,78,78,0,0
59317,106,100,6,6
59318,107,106,1,1
59319,45,47,-2,2
59320,82,85,-3,3
59321,85,91,-6,6
59322,109,85,24,24
59323,70,74,-4,4
59324,70,73,-3,3
59325,109,108,1,1
59326,62,65,-3,3
59327,63,72,-9,9
59328,67,72,-5,5
59329,38,38,0,0
59330,45,42,3,3
59331,111,100,11,11
59332,99,106,-7,7
59333,52,58,-6,6
59334,93,91,2,2
59335,103,113,-10,10
59336,86,82,4,4
59337,69,65,4,4
59338,52,75,-23,23
59339,215,173,42,42
59340,90,83,7,7
59341,54,55,-1,1
59342,110,103,7,7
59343,97,85,12,12
59344,150,116,34,34
59345,142,122,20,20
59346,57,71,-14,14
59347,116,107,9,9
59348,177,156,21,21
59349,109,105,4,4
59350,78,75,3,3
59351,79,79,0,0
59352,51,55,-4,4
59353,80,80,0,0
59354,99,104,-5,5
59355,49,46,3,3
59356,153,150,3,3
59357,174,165,9,9
59358,100,96,4,4
59359,147,127,20,20
59360,75,86,-11,11
59361,138,124,14,14
59362,78,70,8,8
59363,77,81,-4,4
59364,93,81,12,12
59365,148,133,15,15
59366,176,156,20,20
59367,74,70,4,4
59368,178,182,-4,4
59369,107,111,-4,4
59370,103,96,7,7
59371,125,115,10,10
59372,119,108,11,11
59373,98,96,2,2
59374,69,64,5,5
59375,72,68,4,4
59376,81,92,-11,11
59377,54,57,-3,3
59378,110,107,3,3
59379,84,83,1,1
59380,148,139,9,9
59381,61,53,8,8
59382,94,98,-4,4
59383,79,90,-11,11
59384,77,74,3,3
59385,83,80,3,3
59386,102,88,14,14
59387,99,92,7,7
59388,104,96,8,8
59389,128,132,-4,4
59390,73,77,-4,4
59391,85,82,3,3
59392,123,133,-10,10
59393,87,92,-5,5
59394,135,120,15,15
59395,71,65,6,6
59396,81,91,-10,10
59397,64,57,7,7
59398,71,67,4,4
59399,105,101,4,4
59400,59,53,6,6
59401,140,127,13,13
59402,161,147,14,14
59403,100,88,12,12
59404,89,85,4,4
59405,64,65,-1,1
59406,154,147,7,7
59407,167,130,37,37
59408,178,162,16,16
59409,88,77,11,11
59410,79,98,-19,19
59411,72,80,-8,8
59412,85,81,4,4
59413,92,89,3,3
59414,71,81,-10,10
59415,60,66,-6,6
59416,66,59,7,7
59417,95,83,12,12
59418,82,79,3,3
59419,82,83,-1,1
59420,91,78,13,13
59421,121,106,15,15
59422,78,75,3,3
59423,148,137,11,11
59424,95,92,3,3
59425,138,139,-1,1
59426,61,66,-5,5
59427,66,67,-1,1
59428,83,79,4,4
59429,61,69,-8,8
59430,60,59,1,1
59431,56,55,1,1
59432,127,119,8,8
59433,62,57,5,5
59434,133,125,8,8
59435,79,70,9,9
59436,123,100,23,23
59437,53,54,-1,1
59438,79,75,4,4
59439,126,107,19,19
59440,117,125,-8,8
59441,136,129,7,7
59442,81,102,-21,21
59443,105,123,-18,18
59444,118,118,0,0
59445,66,65,1,1
59446,59,55,4,4
59447,129,125,4,4
59448,93,96,-3,3
59449,87,87,0,0
59450,45,47,-2,2
59451,64,60,4,4
59452,121,121,0,0
59453,168,145,23,23
59454,81,74,7,7
59455,99,88,11,11
59456,117,99,18,18
59457,95,82,13,13
59458,66,69,-3,3
59459,122,112,10,10
59460,112,117,-5,5
59461,71,80,-9,9
59462,172,172,0,0
59463,108,95,13,13
59464,85,81,4,4
59465,130,118,12,12
59466,64,61,3,3
59467,74,79,-5,5
59468,63,64,-1,1
59469,145,137,8,8
59470,95,94,1,1
59471,138,139,-1,1
59472,105,102,3,3
59473,51,53,-2,2
59474,109,112,-3,3
59475,91,104,-13,13
59476,70,64,6,6
59477,129,119,10,10
59478,106,87,19,19
59479,82,73,9,9
59480,54,49,5,5
59481,151,156,-5,5
59482,120,110,10,10
59483,151,143,8,8
59484,96,100,-4,4
59485,62,65,-3,3
59486,165,152,13,13
59487,138,124,14,14
59488,128,122,6,6
59489,80,68,12,12
59490,94,95,-1,1
59491,86,87,-1,1
59492,130,121,9,9
59493,154,134,20,20
59494,81,79,2,2
59495,152,136,16,16
59496,52,66,-14,14
59497,65,64,1,1
59498,109,89,20,20
59499,72,70,2,2
59500,103,93,10,10
59501,112,92,20,20
59502,65,71,-6,6
59503,77,84,-7,7
59504,189,183,6,6
59505,178,165,13,13
59506,48,48,0,0
59507,145,133,12,12
59508,47,61,-14,14
59509,146,135,11,11
59510,118,113,5,5
59511,78,80,-2,2
59512,93,95,-2,2
59513,72,69,3,3
59514,86,86,0,0
59515,118,108,10,10
59516,87,85,2,2
59517,42,49,-7,7
59518,87,92,-5,5
59519,87,89,-2,2
59520,159,148,11,11
59521,96,93,3,3
59522,50,55,-5,5
59523,76,91,-15,15
59524,111,113,-2,2
59525,140,128,12,12
59526,133,118,15,15
59527,89,96,-7,7
59528,94,97,-3,3
59529,60,53,7,7
59530,67,69,-2,2
59531,166,140,26,26
59532,74,78,-4,4
59533,88,87,1,1
59534,113,106,7,7
59535,114,109,5,5
59536,98,87,11,11
59537,52,60,-8,8
59538,109,102,7,7
59539,51,56,-5,5
59540,92,86,6,6
59541,79,79,0,0
59542,65,67,-2,2
59543,80,84,-4,4
59544,130,118,12,12
59545,90,95,-5,5
59546,108,96,12,12
59547,84,87,-3,3
59548,160,150,10,10
59549,53,53,0,0
59550,62,69,-7,7
59551,65,71,-6,6
59552,65,69,-4,4
59553,61,55,6,6
59554,35,40,-5,5
59555,113,108,5,5
59556,69,71,-2,2
59557,56,53,3,3
59558,103,110,-7,7
59559,76,72,4,4
59560,106,109,-3,3
59561,157,149,8,8
59562,150,142,8,8
59563,79,78,1,1
59564,94,93,1,1
59565,59,64,-5,5
59566,135,154,-19,19
59567,91,93,-2,2
59568,129,119,10,10
59569,80,82,-2,2
59570,58,55,3,3
59571,96,81,15,15
59572,160,159,1,1
59573,80,73,7,7
59574,55,55,0,0
59575,101,90,11,11
59576,85,74,11,11
59577,68,69,-1,1
59578,95,107,-12,12
59579,110,104,6,6
59580,75,71,4,4
59581,73,79,-6,6
59582,90,90,0,0
59583,78,80,-2,2
59584,148,134,14,14
59585,94,91,3,3
59586,64,65,-1,1
59587,186,163,23,23
59588,40,46,-6,6
59589,74,76,-2,2
59590,140,127,13,13
59591,103,90,13,13
59592,179,148,31,31
59593,209,168,41,41
59594,114,112,2,2
59595,44,57,-13,13
59596,84,76,8,8
59597,55,56,-1,1
59598,150,137,13,13
59599,64,60,4,4
59600,61,65,-4,4
59601,89,89,0,0
59602,129,113,16,16
59603,61,62,-1,1
59604,125,105,20,20
59605,129,118,11,11
59606,94,93,1,1
59607,86,79,7,7
59608,124,121,3,3
59609,45,65,-20,20
59610,131,115,16,16
59611,89,82,7,7
59612,140,140,0,0
59613,85,89,-4,4
59614,178,160,18,18
59615,120,109,11,11
59616,135,119,16,16
59617,72,67,5,5
59618,45,48,-3,3
59619,63,61,2,2
59620,62,73,-11,11
59621,87,88,-1,1
59622,165,165,0,0
59623,107,125,-18,18
59624,69,78,-9,9
59625,94,89,5,5
59626,58,63,-5,5
59627,105,100,5,5
59628,115,110,5,5
59629,92,83,9,9
59630,80,74,6,6
59631,154,150,4,4
59632,61,50,11,11
59633,115,111,4,4
59634,52,47,5,5
59635,69,67,2,2
59636,58,63,-5,5
59637,92,94,-2,2
59638,56,60,-4,4
59639,94,103,-9,9
59640,70,71,-1,1
59641,126,96,30,30
59642,77,79,-2,2
59643,77,70,7,7
59644,160,154,6,6
59645,69,71,-2,2
59646,73,73,0,0
59647,72,75,-3,3
59648,72,67,5,5
59649,124,119,5,5
59650,78,75,3,3
59651,81,76,5,5
59652,156,144,12,12
59653,67,61,6,6
59654,118,113,5,5
59655,79,69,10,10
59656,81,76,5,5
59657,87,78,9,9
59658,57,71,-14,14
59659,70,174,-104,104
59660,147,105,42,42
59661,141,125,16,16
59662,42,52,-10,10
59663,89,93,-4,4
59664,94,93,1,1
59665,103,101,2,2
59666,100,97,3,3
59667,56,59,-3,3
59668,85,82,3,3
59669,77,72,5,5
59670,89,86,3,3
59671,125,133,-8,8
59672,41,44,-3,3
59673,135,116,19,19
59674,70,81,-11,11
59675,51,45,6,6
59676,86,90,-4,4
59677,100,95,5,5
59678,103,102,1,1
59679,62,63,-1,1
59680,153,131,22,22
59681,173,159,14,14
59682,137,143,-6,6
59683,107,91,16,16
59684,161,142,19,19
59685,139,134,5,5
59686,62,52,10,10
59687,71,62,9,9
59688,104,123,-19,19
59689,115,109,6,6
59690,144,136,8,8
59691,76,75,1,1
59692,168,155,13,13
59693,76,73,3,3
59694,78,81,-3,3
59695,94,116,-22,22
59696,92,84,8,8
59697,96,86,10,10
59698,131,118,13,13
59699,93,93,0,0
59700,93,83,10,10
59701,60,65,-5,5
59702,78,67,11,11
59703,72,80,-8,8
59704,141,108,33,33
59705,116,104,12,12
59706,83,86,-3,3
59707,78,82,-4,4
59708,79,79,0,0
59709,113,110,3,3
59710,46,53,-7,7
59711,93,97,-4,4
59712,99,89,10,10
59713,103,109,-6,6
59714,98,86,12,12
59715,113,100,13,13
59716,121,133,-12,12
59717,58,59,-1,1
59718,92,89,3,3
59719,89,91,-2,2
59720,99,98,1,1
59721,89,88,1,1
59722,79,80,-1,1
59723,138,125,13,13
59724,79,77,2,2
59725,73,77,-4,4
59726,88,81,7,7
59727,73,85,-12,12
59728,95,95,0,0
59729,104,101,3,3
59730,77,69,8,8
59731,54,59,-5,5
59732,128,124,4,4
59733,88,90,-2,2
59734,89,82,7,7
59735,100,103,-3,3
59736,132,127,5,5
59737,73,76,-3,3
59738,69,71,-2,2
59739,88,78,10,10
59740,127,124,3,3
59741,135,133,2,2
59742,71,68,3,3
59743,133,127,6,6
59744,98,95,3,3
59745,96,82,14,14
59746,121,113,8,8
59747,110,97,13,13
59748,63,67,-4,4
59749,149,140,9,9
59750,75,87,-12,12
59751,61,70,-9,9
59752,203,175,28,28
59753,106,103,3,3
59754,90,87,3,3
59755,111,93,18,18
59756,98,88,10,10
59757,70,84,-14,14
59758,77,72,5,5
59759,65,67,-2,2
59760,110,103,7,7
59761,82,92,-10,10
59762,135,126,9,9
59763,133,127,6,6
59764,93,88,5,5
59765,96,101,-5,5
59766,83,81,2,2
59767,83,82,1,1
59768,114,100,14,14
59769,169,174,-5,5
59770,83,71,12,12
59771,87,84,3,3
59772,80,88,-8,8
59773,64,71,-7,7
59774,185,165,20,20
59775,110,94,16,16
59776,109,93,16,16
59777,52,53,-1,1
59778,103,100,3,3
59779,34,47,-13,13
59780,69,113,-44,44
59781,154,141,13,13
59782,149,141,8,8
59783,81,74,7,7
59784,81,81,0,0
59785,68,69,-1,1
59786,93,80,13,13
59787,57,55,2,2
59788,129,124,5,5
59789,98,95,3,3
59790,117,121,-4,4
59791,76,82,-6,6
59792,36,36,0,0
59793,130,123,7,7
59794,81,80,1,1
59795,72,79,-7,7
59796,76,80,-4,4
59797,63,67,-4,4
59798,97,92,5,5
59799,61,66,-5,5
59800,85,84,1,1
59801,110,126,-16,16
59802,85,81,4,4
59803,77,89,-12,12
59804,127,116,11,11
59805,49,50,-1,1
59806,85,80,5,5
59807,83,88,-5,5
59808,132,136,-4,4
59809,136,131,5,5
59810,73,64,9,9
59811,71,74,-3,3
59812,79,73,6,6
59813,88,94,-6,6
59814,70,125,-55,55
59815,75,67,8,8
59816,46,45,1,1
59817,101,94,7,7
59818,128,138,-10,10
59819,92,83,9,9
59820,149,119,30,30
59821,122,86,36,36
59822,79,93,-14,14
59823,48,71,-23,23
59824,101,96,5,5
59825,94,90,4,4
59826,125,117,8,8
59827,91,96,-5,5
59828,78,77,1,1
59829,121,111,10,10
59830,166,140,26,26
59831,96,93,3,3
59832,124,134,-10,10
59833,159,143,16,16
59834,66,67,-1,1
59835,82,75,7,7
59836,75,76,-1,1
59837,59,51,8,8
59838,85,84,1,1
59839,99,84,15,15
59840,148,133,15,15
59841,109,97,12,12
59842,81,77,4,4
59843,99,90,9,9
59844,47,49,-2,2
59845,78,75,3,3
59846,85,82,3,3
59847,76,84,-8,8
59848,54,45,9,9
59849,106,107,-1,1
59850,83,77,6,6
59851,66,64,2,2
59852,47,62,-15,15
59853,60,68,-8,8
59854,109,107,2,2
59855,122,116,6,6
59856,92,87,5,5
59857,102,88,14,14
59858,130,135,-5,5
59859,104,98,6,6
59860,106,89,17,17
59861,74,75,-1,1
59862,149,144,5,5
59863,46,57,-11,11
59864,55,51,4,4
59865,81,80,1,1
59866,86,89,-3,3
59867,159,143,16,16
59868,49,52,-3,3
59869,76,80,-4,4
59870,109,107,2,2
59871,88,74,14,14
59872,66,70,-4,4
59873,95,92,3,3
59874,123,113,10,10
59875,49,56,-7,7
59876,60,54,6,6
59877,140,134,6,6
59878,72,67,5,5
59879,103,104,-1,1
59880,88,96,-8,8
59881,94,89,5,5
59882,97,88,9,9
59883,112,103,9,9
59884,37,50,-13,13
59885,70,73,-3,3
59886,217,200,17,17
59887,159,133,26,26
59888,86,84,2,2
59889,116,112,4,4
59890,76,70,6,6
59891,159,141,18,18
59892,102,93,9,9
59893,72,71,1,1
59894,102,101,1,1
59895,94,82,12,12
59896,56,51,5,5
59897,136,137,-1,1
59898,78,77,1,1
59899,75,80,-5,5
59900,138,132,6,6
59901,79,73,6,6
59902,89,89,0,0
59903,63,71,-8,8
59904,59,54,5,5
59905,127,119,8,8
59906,100,85,15,15
59907,60,65,-5,5
59908,100,95,5,5
59909,108,96,12,12
59910,152,142,10,10
59911,118,114,4,4
59912,81,82,-1,1
59913,49,49,0,0
59914,90,82,8,8
59915,97,91,6,6
59916,90,83,7,7
59917,138,129,9,9
59918,116,127,-11,11
59919,86,86,0,0
59920,106,92,14,14
59921,155,138,17,17
59922,100,93,7,7
59923,66,67,-1,1
59924,84,81,3,3
59925,103,101,2,2
59926,56,58,-2,2
59927,100,89,11,11
59928,93,87,6,6
59929,135,133,2,2
59930,32,36,-4,4
59931,93,101,-8,8
59932,107,126,-19,19
59933,62,66,-4,4
59934,59,60,-1,1
59935,91,88,3,3
59936,75,80,-5,5
59937,73,65,8,8
59938,96,100,-4,4
59939,115,113,2,2
59940,63,68,-5,5
59941,85,80,5,5
59942,72,82,-10,10
59943,158,165,-7,7
59944,91,83,8,8
59945,69,73,-4,4
59946,89,109,-20,20
59947,74,73,1,1
59948,104,259,-155,155
59949,49,54,-5,5
59950,99,89,10,10
59951,127,119,8,8
59952,73,76,-3,3
59953,49,55,-6,6
59954,87,83,4,4
59955,157,143,14,14
59956,80,87,-7,7
59957,144,117,27,27
59958,83,89,-6,6
59959,131,131,0,0
59960,95,97,-2,2
59961,141,136,5,5
59962,89,102,-13,13
59963,59,55,4,4
59964,86,79,7,7
59965,118,113,5,5
59966,78,83,-5,5
59967,148,137,11,11
59968,59,54,5,5
59969,104,104,0,0
59970,85,79,6,6
59971,103,104,-1,1
59972,236,198,38,38
59973,66,81,-15,15
59974,50,68,-18,18
59975,77,68,9,9
59976,114,94,20,20
59977,85,80,5,5
59978,88,87,1,1
59979,74,67,7,7
59980,71,72,-1,1
59981,155,144,11,11
59982,62,68,-6,6
59983,100,89,11,11
59984,82,87,-5,5
59985,113,108,5,5
59986,104,91,13,13
59987,104,95,9,9
59988,105,126,-21,21
59989,153,141,12,12
59990,76,72,4,4
59991,85,72,13,13
59992,119,124,-5,5
59993,106,89,17,17
59994,73,80,-7,7
59995,137,118,19,19
59996,79,72,7,7
59997,186,177,9,9
59998,63,67,-4,4
59999,93,87,6,6
60000,126,134,-8,8
60001,70,66,4,4
60002,128,113,15,15
60003,61,63,-2,2
60004,83,74,9,9
60005,108,95,13,13
60006,87,92,-5,5
60007,97,94,3,3
60008,62,66,-4,4
60009,129,122,7,7
60010,124,112,12,12
60011,63,67,-4,4
60012,138,127,11,11
60013,53,53,0,0
60014,76,67,9,9
60015,138,139,-1,1
60016,123,126,-3,3
60017,57,53,4,4
60018,83,77,6,6
60019,96,99,-3,3
60020,119,124,-5,5
60021,72,69,3,3
60022,78,72,6,6
60023,106,92,14,14
60024,83,73,10,10
60025,71,65,6,6
60026,205,175,30,30
60027,59,67,-8,8
60028,57,55,2,2
60029,90,87,3,3
60030,34,64,-30,30
60031,215,176,39,39
60032,85,87,-2,2
60033,158,147,11,11
60034,136,123,13,13
60035,55,47,8,8
60036,119,111,8,8
60037,109,141,-32,32
60038,57,63,-6,6
60039,92,83,9,9
60040,99,91,8,8
60041,95,90,5,5
60042,74,69,5,5
60043,84,76,8,8
60044,107,98,9,9
60045,78,73,5,5
60046,64,69,-5,5
60047,66,73,-7,7
60048,88,81,7,7
60049,135,113,22,22
60050,139,126,13,13
60051,126,141,-15,15
60052,82,79,3,3
60053,70,64,6,6
60054,81,83,-2,2
60055,60,57,3,3
60056,56,53,3,3
60057,131,121,10,10
60058,59,63,-4,4
60059,83,71,12,12
60060,145,137,8,8
60061,86,82,4,4
60062,102,99,3,3
60063,77,75,2,2
60064,136,117,19,19
60065,68,70,-2,2
60066,81,74,7,7
60067,82,75,7,7
60068,85,82,3,3
60069,121,115,6,6
60070,69,66,3,3
60071,56,61,-5,5
60072,170,154,16,16
60073,123,122,1,1
60074,71,67,4,4
60075,77,80,-3,3
60076,140,128,12,12
60077,141,127,14,14
60078,98,94,4,4
60079,93,79,14,14
60080,69,79,-10,10
60081,104,99,5,5
60082,53,63,-10,10
60083,75,79,-4,4
60084,120,115,5,5
60085,86,93,-7,7
60086,98,90,8,8
60087,84,82,2,2
60088,88,75,13,13
60089,113,108,5,5
60090,74,74,0,0
60091,91,83,8,8
60092,149,130,19,19
60093,82,81,1,1
60094,84,77,7,7
60095,195,183,12,12
60096,117,120,-3,3
60097,120,122,-2,2
60098,180,164,16,16
60099,80,83,-3,3
60100,122,117,5,5
60101,135,124,11,11
60102,159,156,3,3
60103,107,105,2,2
60104,76,81,-5,5
60105,85,84,1,1
60106,87,80,7,7
60107,88,80,8,8
60108,41,44,-3,3
60109,78,73,5,5
60110,61,63,-2,2
60111,87,84,3,3
60112,129,115,14,14
60113,84,81,3,3
60114,142,117,25,25
60115,126,126,0,0
60116,89,85,4,4
60117,74,66,8,8
60118,51,42,9,9
60119,141,124,17,17
60120,83,75,8,8
60121,120,152,-32,32
60122,144,134,10,10
60123,67,72,-5,5
60124,82,85,-3,3
60125,67,74,-7,7
60126,85,82,3,3
60127,62,49,13,13
60128,106,101,5,5
60129,59,58,1,1
60130,73,67,6,6
60131,145,136,9,9
60132,65,61,4,4
60133,72,71,1,1
60134,118,102,16,16
60135,105,114,-9,9
60136,71,69,2,2
60137,96,95,1,1
60138,111,103,8,8
60139,73,87,-14,14
60140,88,81,7,7
60141,210,198,12,12
60142,104,97,7,7
60143,76,69,7,7
60144,43,50,-7,7
60145,110,98,12,12
60146,93,84,9,9
60147,114,107,7,7
60148,190,184,6,6
60149,87,84,3,3
60150,85,72,13,13
60151,95,96,-1,1
60152,97,111,-14,14
60153,58,56,2,2
60154,126,128,-2,2
60155,145,127,18,18
60156,61,66,-5,5
60157,113,94,19,19
60158,42,47,-5,5
60159,108,97,11,11
60160,93,81,12,12
60161,157,151,6,6
60162,75,74,1,1
60163,59,67,-8,8
60164,101,86,15,15
60165,83,76,7,7
60166,95,89,6,6
60167,100,93,7,7
60168,69,65,4,4
60169,108,112,-4,4
60170,79,73,6,6
60171,105,97,8,8
60172,98,107,-9,9
60173,123,126,-3,3
60174,103,99,4,4
60175,158,146,12,12
60176,98,92,6,6
60177,128,120,8,8
60178,54,49,5,5
60179,54,66,-12,12
60180,86,85,1,1
60181,119,117,2,2
60182,67,63,4,4
60183,114,110,4,4
60184,104,95,9,9
60185,81,83,-2,2
60186,84,80,4,4
60187,86,83,3,3
60188,93,91,2,2
60189,75,69,6,6
60190,69,67,2,2
60191,96,85,11,11
60192,117,113,4,4
60193,164,147,17,17
60194,121,113,8,8
60195,93,85,8,8
60196,91,86,5,5
60197,144,135,9,9
60198,101,98,3,3
60199,135,114,21,21
60200,102,97,5,5
60201,83,82,1,1
60202,88,78,10,10
60203,101,104,-3,3
60204,102,103,-1,1
60205,102,107,-5,5
60206,105,98,7,7
60207,99,104,-5,5
60208,151,138,13,13
60209,67,71,-4,4
60210,164,135,29,29
60211,85,85,0,0
60212,89,92,-3,3
60213,59,58,1,1
60214,94,79,15,15
60215,123,116,7,7
60216,79,97,-18,18
60217,74,70,4,4
60218,176,163,13,13
60219,59,68,-9,9
60220,100,99,1,1
60221,123,121,2,2
60222,104,101,3,3
60223,145,147,-2,2
60224,97,96,1,1
60225,175,160,15,15
60226,63,65,-2,2
60227,124,121,3,3
60228,68,62,6,6
60229,139,125,14,14
60230,78,71,7,7
60231,79,69,10,10
60232,48,52,-4,4
60233,141,136,5,5
60234,136,119,17,17
60235,123,127,-4,4
60236,85,85,0,0
60237,128,119,9,9
60238,97,89,8,8
60239,63,65,-2,2
60240,141,144,-3,3
60241,87,83,4,4
60242,93,101,-8,8
60243,54,53,1,1
60244,133,113,20,20
60245,50,57,-7,7
60246,71,70,1,1
60247,75,71,4,4
60248,165,157,8,8
60249,64,62,2,2
60250,95,85,10,10
60251,65,58,7,7
60252,106,100,6,6
60253,91,77,14,14
60254,70,78,-8,8
60255,124,117,7,7
60256,48,53,-5,5
60257,74,69,5,5
60258,64,57,7,7
60259,104,97,7,7
60260,82,81,1,1
60261,82,82,0,0
60262,147,147,0,0
60263,123,98,25,25
60264,81,85,-4,4
60265,146,145,1,1
60266,88,85,3,3
60267,78,73,5,5
60268,118,119,-1,1
60269,160,151,9,9
60270,176,160,16,16
60271,133,116,17,17
60272,122,115,7,7
60273,74,76,-2,2
60274,75,77,-2,2
60275,116,115,1,1
60276,116,110,6,6
60277,126,117,9,9
60278,53,51,2,2
60279,58,80,-22,22
60280,169,158,11,11
60281,100,108,-8,8
60282,56,60,-4,4
60283,63,69,-6,6
60284,58,57,1,1
60285,56,65,-9,9
60286,131,131,0,0
60287,74,68,6,6
60288,143,130,13,13
60289,127,129,-2,2
60290,98,93,5,5
60291,60,56,4,4
60292,65,77,-12,12
60293,76,65,11,11
60294,72,72,0,0
60295,83,78,5,5
60296,41,49,-8,8
60297,91,76,15,15
60298,125,126,-1,1
60299,119,122,-3,3
60300,92,81,11,11
60301,100,111,-11,11
60302,125,114,11,11
60303,95,94,1,1
60304,108,100,8,8
60305,118,114,4,4
60306,124,131,-7,7
60307,31,36,-5,5
60308,175,171,4,4
60309,122,116,6,6
60310,117,119,-2,2
60311,30,51,-21,21
60312,184,161,23,23
60313,93,87,6,6
60314,98,93,5,5
60315,82,80,2,2
60316,91,83,8,8
60317,67,78,-11,11
60318,103,74,29,29
60319,127,127,0,0
60320,64,64,0,0
60321,70,79,-9,9
60322,68,70,-2,2
60323,87,98,-11,11
60324,103,99,4,4
60325,91,88,3,3
60326,77,69,8,8
60327,70,62,8,8
60328,90,89,1,1
60329,64,67,-3,3
60330,53,54,-1,1
60331,87,78,9,9
60332,112,101,11,11
60333,91,82,9,9
60334,132,128,4,4
60335,116,114,2,2
60336,99,100,-1,1
60337,80,73,7,7
60338,125,121,4,4
60339,83,76,7,7
60340,123,126,-3,3
60341,126,117,9,9
60342,114,114,0,0
60343,139,126,13,13
60344,135,135,0,0
60345,61,57,4,4
60346,70,73,-3,3
60347,112,103,9,9
60348,79,76,3,3
60349,58,65,-7,7
60350,131,138,-7,7
60351,154,140,14,14
60352,85,85,0,0
60353,116,99,17,17
60354,71,76,-5,5
60355,62,71,-9,9
60356,72,76,-4,4
60357,137,135,2,2
60358,152,148,4,4
60359,85,81,4,4
60360,63,65,-2,2
60361,67,56,11,11
60362,108,110,-2,2
60363,120,121,-1,1
60364,103,97,6,6
60365,96,101,-5,5
60366,108,111,-3,3
60367,49,103,-54,54
60368,83,87,-4,4
60369,91,81,10,10
60370,112,104,8,8
60371,148,134,14,14
60372,110,114,-4,4
60373,90,85,5,5
60374,71,55,16,16
60375,95,100,-5,5
60376,78,74,4,4
60377,102,103,-1,1
60378,99,92,7,7
60379,71,69,2,2
60380,103,96,7,7
60381,75,76,-1,1
60382,128,126,2,2
60383,37,47,-10,10
60384,82,76,6,6
60385,82,88,-6,6
60386,105,106,-1,1
60387,96,90,6,6
60388,57,49,8,8
60389,135,135,0,0
60390,87,82,5,5
60391,75,78,-3,3
60392,75,83,-8,8
60393,127,114,13,13
60394,105,103,2,2
60395,61,59,2,2
60396,66,92,-26,26
60397,140,130,10,10
60398,129,128,1,1
60399,150,129,21,21
60400,109,102,7,7
60401,115,118,-3,3
60402,118,111,7,7
60403,58,55,3,3
60404,79,67,12,12
60405,28,34,-6,6
60406,173,147,26,26
60407,89,94,-5,5
60408,95,82,13,13
60409,71,78,-7,7
60410,87,88,-1,1
60411,77,69,8,8
60412,106,102,4,4
60413,88,89,-1,1
60414,74,76,-2,2
60415,66,82,-16,16
60416,64,78,-14,14
60417,115,117,-2,2
60418,59,56,3,3
60419,142,125,17,17
60420,73,64,9,9
60421,138,127,11,11
60422,110,103,7,7
60423,81,87,-6,6
60424,143,151,-8,8
60425,137,120,17,17
60426,177,164,13,13
60427,100,99,1,1
60428,112,114,-2,2
60429,136,141,-5,5
60430,48,47,1,1
60431,112,123,-11,11
60432,115,111,4,4
60433,134,128,6,6
60434,97,100,-3,3
60435,86,80,6,6
60436,115,105,10,10
60437,80,72,8,8
60438,157,141,16,16
60439,59,56,3,3
60440,118,114,4,4
60441,64,73,-9,9
60442,123,111,12,12
60443,70,73,-3,3
60444,60,68,-8,8
60445,76,82,-6,6
60446,161,150,11,11
60447,129,136,-7,7
60448,66,66,0,0
60449,104,95,9,9
60450,86,77,9,9
60451,53,52,1,1
60452,76,70,6,6
60453,202,173,29,29
60454,81,75,6,6
60455,136,131,5,5
60456,80,69,11,11
60457,54,56,-2,2
60458,71,66,5,5
60459,37,41,-4,4
60460,92,87,5,5
60461,81,83,-2,2
60462,94,115,-21,21
60463,116,108,8,8
60464,89,89,0,0
60465,123,109,14,14
60466,95,86,9,9
60467,114,106,8,8
60468,134,134,0,0
60469,153,141,12,12
60470,82,80,2,2
60471,104,95,9,9
60472,101,105,-4,4
60473,73,64,9,9
60474,121,122,-1,1
60475,147,126,21,21
60476,70,74,-4,4
60477,126,116,10,10
60478,284,235,49,49
60479,124,126,-2,2
60480,107,106,1,1
60481,78,77,1,1
60482,116,112,4,4
60483,139,123,16,16
60484,127,122,5,5
60485,61,65,-4,4
60486,56,59,-3,3
60487,105,95,10,10
60488,68,70,-2,2
60489,101,91,10,10
60490,64,58,6,6
60491,70,72,-2,2
60492,129,124,5,5
60493,86,79,7,7
60494,71,64,7,7
60495,57,131,-74,74
60496,63,79,-16,16
60497,100,89,11,11
60498,138,142,-4,4
60499,143,129,14,14
60500,123,114,9,9
60501,114,112,2,2
60502,69,69,0,0
60503,71,69,2,2
60504,65,54,11,11
60505,94,102,-8,8
60506,73,76,-3,3
60507,77,79,-2,2
60508,68,72,-4,4
60509,126,131,-5,5
60510,133,124,9,9
60511,111,120,-9,9
60512,80,80,0,0
60513,74,80,-6,6
60514,91,86,5,5
60515,111,114,-3,3
60516,100,98,2,2
60517,191,161,30,30
60518,124,105,19,19
60519,55,55,0,0
60520,113,100,13,13
60521,34,42,-8,8
60522,108,95,13,13
60523,74,69,5,5
60524,163,140,23,23
60525,135,114,21,21
60526,86,97,-11,11
60527,122,113,9,9
60528,135,128,7,7
60529,68,82,-14,14
60530,75,73,2,2
60531,127,132,-5,5
60532,65,68,-3,3
60533,83,86,-3,3
60534,103,91,12,12
60535,79,77,2,2
60536,77,74,3,3
60537,116,117,-1,1
60538,123,113,10,10
60539,70,67,3,3
60540,66,69,-3,3
60541,102,108,-6,6
60542,108,125,-17,17
60543,64,54,10,10
60544,116,123,-7,7
60545,154,154,0,0
60546,78,79,-1,1
60547,97,97,0,0
60548,64,69,-5,5
60549,109,101,8,8
60550,109,97,12,12
60551,110,115,-5,5
60552,124,115,9,9
60553,50,50,0,0
60554,75,72,3,3
60555,112,113,-1,1
60556,72,79,-7,7
60557,113,105,8,8
60558,70,78,-8,8
60559,112,81,31,31
60560,71,68,3,3
60561,117,113,4,4
60562,88,78,10,10
60563,88,79,9,9
60564,96,86,10,10
60565,114,114,0,0
60566,46,54,-8,8
60567,82,85,-3,3
60568,77,75,2,2
60569,68,76,-8,8
60570,79,87,-8,8
60571,78,75,3,3
60572,48,53,-5,5
60573,55,57,-2,2
60574,110,109,1,1
60575,106,100,6,6
60576,88,76,12,12
60577,90,95,-5,5
60578,84,86,-2,2
60579,78,85,-7,7
60580,108,112,-4,4
60581,52,62,-10,10
60582,162,130,32,32
60583,46,50,-4,4
60584,100,104,-4,4
60585,95,90,5,5
60586,138,132,6,6
60587,53,55,-2,2
60588,100,91,9,9
60589,93,89,4,4
60590,90,108,-18,18
60591,103,102,1,1
60592,92,81,11,11
60593,52,47,5,5
60594,104,103,1,1
60595,49,51,-2,2
60596,82,75,7,7
60597,104,95,9,9
60598,167,161,6,6
60599,58,65,-7,7
60600,79,76,3,3
60601,75,65,10,10
60602,70,76,-6,6
60603,78,78,0,0
60604,70,66,4,4
60605,130,130,0,0
60606,90,92,-2,2
60607,68,70,-2,2
60608,97,98,-1,1
60609,83,83,0,0
60610,51,60,-9,9
60611,70,74,-4,4
60612,35,62,-27,27
60613,24,47,-23,23
60614,113,93,20,20
60615,133,123,10,10
60616,90,91,-1,1
60617,84,79,5,5
60618,86,83,3,3
60619,63,61,2,2
60620,51,52,-1,1
60621,153,139,14,14
60622,113,104,9,9
60623,47,48,-1,1
60624,111,100,11,11
60625,67,59,8,8
60626,51,75,-24,24
60627,57,65,-8,8
60628,67,55,12,12
60629,149,136,13,13
60630,71,69,2,2
60631,100,104,-4,4
60632,94,97,-3,3
60633,61,60,1,1
60634,100,87,13,13
60635,147,139,8,8
60636,92,89,3,3
60637,79,81,-2,2
60638,95,95,0,0
60639,155,156,-1,1
60640,88,77,11,11
60641,149,149,0,0
60642,128,122,6,6
60643,73,60,13,13
60644,124,112,12,12
60645,78,80,-2,2
60646,73,70,3,3
60647,104,94,10,10
60648,124,103,21,21
60649,65,67,-2,2
60650,98,98,0,0
60651,100,95,5,5
60652,79,73,6,6
60653,216,179,37,37
60654,77,79,-2,2
60655,64,72,-8,8
60656,43,45,-2,2
60657,124,112,12,12
60658,87,87,0,0
60659,98,91,7,7
60660,91,85,6,6
60661,81,75,6,6
60662,109,116,-7,7
60663,61,76,-15,15
60664,86,88,-2,2
60665,126,117,9,9
60666,85,78,7,7
60667,94,112,-18,18
60668,68,70,-2,2
60669,77,72,5,5
60670,72,69,3,3
60671,107,107,0,0
60672,83,79,4,4
60673,116,113,3,3
60674,59,56,3,3
60675,53,53,0,0
60676,137,134,3,3
60677,128,114,14,14
60678,97,92,5,5
60679,97,98,-1,1
60680,75,74,1,1
60681,107,94,13,13
60682,96,90,6,6
60683,139,127,12,12
60684,62,62,0,0
60685,90,82,8,8
60686,104,104,0,0
60687,124,113,11,11
60688,107,100,7,7
60689,124,128,-4,4
60690,105,94,11,11
60691,134,133,1,1
60692,122,109,13,13
60693,70,77,-7,7
60694,152,148,4,4
60695,95,90,5,5
60696,67,85,-18,18
60697,109,99,10,10
60698,170,201,-31,31
60699,80,77,3,3
60700,88,80,8,8
60701,131,97,34,34
60702,84,78,6,6
60703,97,99,-2,2
60704,149,125,24,24
60705,79,84,-5,5
60706,93,102,-9,9
60707,81,84,-3,3
60708,125,122,3,3
60709,82,79,3,3
60710,79,78,1,1
60711,65,53,12,12
60712,95,92,3,3
60713,111,116,-5,5
60714,113,104,9,9
60715,119,119,0,0
60716,68,73,-5,5
60717,135,112,23,23
60718,102,86,16,16
60719,96,105,-9,9
60720,107,102,5,5
60721,86,79,7,7
60722,158,131,27,27
60723,141,128,13,13
60724,129,127,2,2
60725,49,44,5,5
60726,149,139,10,10
60727,114,110,4,4
60728,40,41,-1,1
60729,55,56,-1,1
60730,85,77,8,8
60731,65,66,-1,1
60732,97,101,-4,4
60733,148,138,10,10
60734,141,126,15,15
60735,69,65,4,4
60736,80,78,2,2
60737,158,138,20,20
60738,75,78,-3,3
60739,88,84,4,4
60740,110,101,9,9
60741,82,84,-2,2
60742,58,67,-9,9
60743,76,70,6,6
60744,48,52,-4,4
60745,106,88,18,18
60746,108,102,6,6
60747,191,166,25,25
60748,100,92,8,8
60749,58,60,-2,2
60750,117,115,2,2
60751,233,188,45,45
60752,78,78,0,0
60753,83,76,7,7
60754,66,66,0,0
60755,55,56,-1,1
60756,77,82,-5,5
60757,102,94,8,8
60758,62,62,0,0
60759,71,69,2,2
60760,139,133,6,6
60761,132,132,0,0
60762,94,95,-1,1
60763,107,110,-3,3
60764,60,69,-9,9
60765,94,106,-12,12
60766,72,64,8,8
60767,86,81,5,5
60768,75,79,-4,4
60769,87,86,1,1
60770,148,131,17,17
60771,120,107,13,13
60772,68,71,-3,3
60773,81,74,7,7
60774,222,206,16,16
60775,68,67,1,1
60776,103,106,-3,3
60777,133,108,25,25
60778,135,108,27,27
60779,97,90,7,7
60780,56,56,0,0
60781,73,69,4,4
60782,110,113,-3,3
60783,116,109,7,7
60784,46,44,2,2
60785,119,107,12,12
60786,42,43,-1,1
60787,71,81,-10,10
60788,80,64,16,16
60789,87,88,-1,1
60790,73,73,0,0
60791,99,92,7,7
60792,36,46,-10,10
60793,70,65,5,5
60794,55,53,2,2
60795,104,99,5,5
60796,135,130,5,5
60797,103,92,11,11
60798,83,83,0,0
60799,87,77,10,10
60800,78,70,8,8
60801,68,77,-9,9
60802,70,76,-6,6
60803,112,96,16,16
60804,99,97,2,2
60805,103,100,3,3
60806,87,83,4,4
60807,105,101,4,4
60808,94,92,2,2
60809,185,167,18,18
60810,167,157,10,10
60811,67,71,-4,4
60812,98,78,20,20
60813,109,108,1,1
60814,139,130,9,9
60815,88,83,5,5
60816,117,106,11,11
60817,101,109,-8,8
60818,124,132,-8,8
60819,182,150,32,32
60820,198,167,31,31
60821,115,110,5,5
60822,92,90,2,2
60823,77,73,4,4
60824,104,101,3,3
60825,75,67,8,8
60826,93,80,13,13
60827,173,168,5,5
60828,121,119,2,2
60829,141,115,26,26
60830,66,77,-11,11
60831,72,69,3,3
60832,104,109,-5,5
60833,103,94,9,9
60834,81,78,3,3
60835,122,103,19,19
60836,131,117,14,14
60837,58,59,-1,1
60838,106,104,2,2
60839,119,101,18,18
60840,57,53,4,4
60841,77,74,3,3
60842,67,58,9,9
60843,85,80,5,5
60844,62,66,-4,4
60845,140,128,12,12
60846,72,76,-4,4
60847,125,121,4,4
60848,166,153,13,13
60849,133,119,14,14
60850,101,81,20,20
60851,156,143,13,13
60852,68,69,-1,1
60853,70,69,1,1
60854,127,119,8,8
60855,89,82,7,7
60856,111,94,17,17
60857,154,130,24,24
60858,91,83,8,8
60859,59,61,-2,2
60860,105,100,5,5
60861,108,122,-14,14
60862,87,93,-6,6
60863,143,133,10,10
60864,88,85,3,3
60865,83,87,-4,4
60866,105,95,10,10
60867,96,97,-1,1
60868,95,87,8,8
60869,104,108,-4,4
60870,97,113,-16,16
60871,111,110,1,1
60872,93,87,6,6
60873,54,53,1,1
60874,90,91,-1,1
60875,52,52,0,0
60876,85,85,0,0
60877,114,111,3,3
60878,152,154,-2,2
60879,79,71,8,8
60880,118,121,-3,3
60881,85,75,10,10
60882,94,85,9,9
60883,49,52,-3,3
60884,56,56,0,0
60885,156,140,16,16
60886,55,48,7,7
60887,116,110,6,6
60888,84,82,2,2
60889,105,98,7,7
60890,122,111,11,11
60891,80,84,-4,4
60892,89,74,15,15
60893,117,103,14,14
60894,50,49,1,1
60895,65,69,-4,4
60896,115,113,2,2
60897,78,76,2,2
60898,112,112,0,0
60899,84,77,7,7
60900,144,139,5,5
60901,95,85,10,10
60902,125,121,4,4
60903,115,128,-13,13
60904,76,69,7,7
60905,119,114,5,5
60906,133,146,-13,13
60907,90,80,10,10
60908,112,106,6,6
60909,76,70,6,6
60910,147,134,13,13
60911,55,58,-3,3
60912,131,114,17,17
60913,116,102,14,14
60914,84,83,1,1
60915,72,73,-1,1
60916,73,76,-3,3
60917,43,52,-9,9
60918,73,72,1,1
60919,82,88,-6,6
60920,56,60,-4,4
60921,99,90,9,9
60922,105,105,0,0
60923,79,85,-6,6
60924,138,120,18,18
60925,111,118,-7,7
60926,36,43,-7,7
60927,138,128,10,10
60928,89,90,-1,1
60929,93,81,12,12
60930,132,130,2,2
60931,108,99,9,9
60932,66,67,-1,1
60933,71,68,3,3
60934,65,59,6,6
60935,200,178,22,22
60936,72,103,-31,31
60937,232,218,14,14
60938,75,73,2,2
60939,186,157,29,29
60940,125,112,13,13
60941,95,103,-8,8
60942,203,151,52,52
60943,176,147,29,29
60944,129,122,7,7
60945,76,74,2,2
60946,143,134,9,9
60947,49,52,-3,3
60948,92,88,4,4
60949,92,88,4,4
60950,75,83,-8,8
60951,105,93,12,12
60952,155,130,25,25
60953,95,98,-3,3
60954,86,92,-6,6
60955,132,117,15,15
60956,46,52,-6,6
60957,69,73,-4,4
60958,58,67,-9,9
60959,140,127,13,13
60960,70,62,8,8
60961,89,86,3,3
60962,84,67,17,17
60963,124,115,9,9
60964,71,71,0,0
60965,127,118,9,9
60966,69,69,0,0
60967,111,99,12,12
60968,125,123,2,2
60969,85,88,-3,3
60970,76,72,4,4
60971,85,86,-1,1
60972,55,57,-2,2
60973,92,90,2,2
60974,182,163,19,19
60975,89,84,5,5
60976,102,93,9,9
60977,113,112,1,1
60978,131,135,-4,4
60979,133,139,-6,6
60980,98,92,6,6
60981,154,134,20,20
60982,99,94,5,5
60983,114,109,5,5
60984,110,99,11,11
60985,125,96,29,29
60986,52,66,-14,14
60987,42,44,-2,2
60988,80,73,7,7
60989,83,80,3,3
60990,143,131,12,12
60991,56,61,-5,5
60992,131,121,10,10
60993,112,123,-11,11
60994,110,107,3,3
60995,104,96,8,8
60996,71,71,0,0
60997,36,40,-4,4
60998,57,58,-1,1
60999,72,82,-10,10
61000,119,98,21,21
61001,194,172,22,22
61002,107,95,12,12
61003,123,115,8,8
61004,87,80,7,7
61005,157,148,9,9
61006,75,75,0,0
61007,94,95,-1,1
61008,85,86,-1,1
61009,85,91,-6,6
61010,44,47,-3,3
61011,78,81,-3,3
61012,97,76,21,21
61013,34,54,-20,20
61014,38,40,-2,2
61015,93,89,4,4
61016,113,105,8,8
61017,130,118,12,12
61018,46,49,-3,3
61019,94,98,-4,4
61020,144,127,17,17
61021,60,59,1,1
61022,110,107,3,3
61023,78,79,-1,1
61024,172,156,16,16
61025,117,126,-9,9
61026,60,70,-10,10
61027,114,96,18,18
61028,136,140,-4,4
61029,130,134,-4,4
61030,140,128,12,12
61031,58,65,-7,7
61032,87,80,7,7
61033,154,138,16,16
61034,84,81,3,3
61035,78,70,8,8
61036,224,258,-34,34
61037,77,72,5,5
61038,114,107,7,7
61039,64,71,-7,7
61040,145,134,11,11
61041,62,64,-2,2
61042,123,119,4,4
61043,126,120,6,6
61044,59,70,-11,11
61045,59,69,-10,10
61046,65,77,-12,12
61047,81,85,-4,4
61048,104,92,12,12
61049,94,92,2,2
61050,131,124,7,7
61051,60,58,2,2
61052,111,99,12,12
61053,159,140,19,19
61054,145,137,8,8
61055,67,63,4,4
61056,114,103,11,11
61057,82,76,6,6
61058,93,95,-2,2
61059,53,63,-10,10
61060,83,89,-6,6
61061,101,101,0,0
61062,112,121,-9,9
61063,71,61,10,10
61064,86,76,10,10
61065,49,97,-48,48
61066,59,56,3,3
61067,125,113,12,12
61068,157,151,6,6
61069,90,91,-1,1
61070,160,161,-1,1
61071,128,103,25,25
61072,78,79,-1,1
61073,153,145,8,8
61074,87,99,-12,12
61075,133,121,12,12
61076,96,98,-2,2
61077,88,96,-8,8
61078,69,77,-8,8
61079,150,156,-6,6
61080,134,117,17,17
61081,122,118,4,4
61082,91,88,3,3
61083,156,139,17,17
61084,76,78,-2,2
61085,44,46,-2,2
61086,117,120,-3,3
61087,110,104,6,6
61088,101,82,19,19
61089,81,74,7,7
61090,52,55,-3,3
61091,164,157,7,7
61092,40,41,-1,1
61093,80,83,-3,3
61094,129,118,11,11
61095,131,118,13,13
61096,87,88,-1,1
61097,79,73,6,6
61098,110,105,5,5
61099,120,109,11,11
61100,100,114,-14,14
61101,113,111,2,2
61102,97,113,-16,16
61103,75,67,8,8
61104,85,91,-6,6
61105,49,47,2,2
61106,103,115,-12,12
61107,177,161,16,16
61108,94,95,-1,1
61109,130,122,8,8
61110,72,74,-2,2
61111,158,146,12,12
61112,47,52,-5,5
61113,74,87,-13,13
61114,101,102,-1,1
61115,51,60,-9,9
61116,83,80,3,3
61117,142,133,9,9
61118,58,63,-5,5
61119,83,82,1,1
61120,45,46,-1,1
61121,138,131,7,7
61122,152,138,14,14
61123,101,101,0,0
61124,77,68,9,9
61125,52,77,-25,25
61126,89,79,10,10
61127,149,131,18,18
61128,78,70,8,8
61129,146,141,5,5
61130,122,120,2,2
61131,88,80,8,8
61132,131,125,6,6
61133,67,66,1,1
61134,107,89,18,18
61135,139,139,0,0
61136,164,148,16,16
61137,134,122,12,12
61138,71,68,3,3
61139,87,78,9,9
61140,68,68,0,0
61141,56,103,-47,47
61142,118,117,1,1
61143,101,101,0,0
61144,75,76,-1,1
61145,127,134,-7,7
61146,85,85,0,0
61147,57,71,-14,14
61148,37,47,-10,10
61149,116,106,10,10
61150,108,100,8,8
61151,137,128,9,9
61152,58,59,-1,1
61153,67,85,-18,18
61154,106,102,4,4
61155,132,112,20,20
61156,102,89,13,13
61157,115,116,-1,1
61158,85,84,1,1
61159,107,105,2,2
61160,49,55,-6,6
61161,139,145,-6,6
61162,126,125,1,1
61163,135,137,-2,2
61164,69,64,5,5
61165,88,76,12,12
61166,117,111,6,6
61167,77,74,3,3
61168,51,59,-8,8
61169,92,101,-9,9
61170,80,84,-4,4
61171,82,78,4,4
61172,157,147,10,10
61173,83,80,3,3
61174,136,123,13,13
61175,147,130,17,17
61176,49,53,-4,4
61177,86,83,3,3
61178,125,115,10,10
61179,73,68,5,5
61180,99,106,-7,7
61181,102,101,1,1
61182,101,100,1,1
61183,109,96,13,13
61184,126,118,8,8
61185,142,121,21,21
61186,62,64,-2,2
61187,113,107,6,6
61188,149,125,24,24
61189,61,59,2,2
61190,66,71,-5,5
61191,122,110,12,12
61192,89,87,2,2
61193,76,77,-1,1
61194,74,83,-9,9
61195,61,67,-6,6
61196,44,50,-6,6
61197,107,117,-10,10
61198,104,95,9,9
61199,109,104,5,5
61200,140,124,16,16
61201,43,52,-9,9
61202,40,41,-1,1
61203,223,187,36,36
61204,95,89,6,6
61205,47,52,-5,5
61206,71,66,5,5
61207,121,103,18,18
61208,119,119,0,0
61209,135,127,8,8
61210,78,69,9,9
61211,96,85,11,11
61212,71,67,4,4
61213,71,79,-8,8
61214,108,127,-19,19
61215,64,64,0,0
61216,169,180,-11,11
61217,80,77,3,3
61218,78,77,1,1
61219,100,90,10,10
61220,90,85,5,5
61221,108,100,8,8
61222,84,84,0,0
61223,150,138,12,12
61224,91,99,-8,8
61225,55,75,-20,20
61226,83,81,2,2
61227,119,148,-29,29
61228,86,86,0,0
61229,101,105,-4,4
61230,89,81,8,8
61231,80,83,-3,3
61232,116,105,11,11
61233,146,143,3,3
61234,64,72,-8,8
61235,175,158,17,17
61236,139,134,5,5
61237,79,72,7,7
61238,120,110,10,10
61239,84,87,-3,3
61240,132,129,3,3
61241,71,71,0,0
61242,104,92,12,12
61243,60,63,-3,3
61244,171,142,29,29
61245,93,92,1,1
61246,132,125,7,7
61247,55,56,-1,1
61248,74,55,19,19
61249,126,103,23,23
61250,75,78,-3,3
61251,45,58,-13,13
61252,95,90,5,5
61253,154,131,23,23
61254,143,127,16,16
61255,111,105,6,6
61256,97,101,-4,4
61257,203,212,-9,9
61258,42,40,2,2
61259,49,47,2,2
61260,111,106,5,5
61261,76,65,11,11
61262,79,73,6,6
61263,70,78,-8,8
61264,57,55,2,2
61265,60,52,8,8
61266,119,119,0,0
61267,76,78,-2,2
61268,72,66,6,6
61269,124,103,21,21
61270,138,111,27,27
61271,118,112,6,6
61272,119,107,12,12
61273,94,80,14,14
61274,113,129,-16,16
61275,69,83,-14,14
61276,106,93,13,13
61277,41,49,-8,8
61278,88,79,9,9
61279,124,131,-7,7
61280,51,55,-4,4
61281,70,79,-9,9
61282,112,108,4,4
61283,100,94,6,6
61284,143,130,13,13
61285,87,92,-5,5
61286,61,65,-4,4
61287,64,66,-2,2
61288,130,118,12,12
61289,81,77,4,4
61290,73,64,9,9
61291,47,47,0,0
61292,99,109,-10,10
61293,95,89,6,6
61294,105,101,4,4
61295,126,123,3,3
61296,108,95,13,13
61297,67,71,-4,4
61298,72,80,-8,8
61299,65,61,4,4
61300,109,101,8,8
61301,52,56,-4,4
61302,122,110,12,12
61303,59,66,-7,7
61304,117,121,-4,4
61305,79,72,7,7
61306,46,47,-1,1
61307,64,72,-8,8
61308,71,80,-9,9
61309,60,60,0,0
61310,70,69,1,1
61311,114,107,7,7
61312,101,97,4,4
61313,138,135,3,3
61314,98,86,12,12
61315,92,94,-2,2
61316,196,181,15,15
61317,109,110,-1,1
61318,55,50,5,5
61319,166,162,4,4
61320,68,70,-2,2
61321,61,65,-4,4
61322,79,76,3,3
61323,86,79,7,7
61324,90,82,8,8
61325,128,119,9,9
61326,102,98,4,4
61327,118,104,14,14
61328,86,81,5,5
61329,105,102,3,3
61330,78,74,4,4
61331,96,93,3,3
61332,38,47,-9,9
61333,96,97,-1,1
61334,123,117,6,6
61335,85,80,5,5
61336,117,103,14,14
61337,78,100,-22,22
61338,131,130,1,1
61339,82,79,3,3
61340,87,88,-1,1
61341,81,79,2,2
61342,59,54,5,5
61343,84,83,1,1
61344,89,91,-2,2
61345,65,65,0,0
61346,131,132,-1,1
61347,55,62,-7,7
61348,66,56,10,10
61349,74,71,3,3
61350,84,68,16,16
61351,110,98,12,12
61352,63,75,-12,12
61353,97,83,14,14
61354,55,66,-11,11
61355,94,94,0,0
61356,148,138,10,10
61357,110,97,13,13
61358,161,151,10,10
61359,139,126,13,13
61360,63,68,-5,5
61361,120,115,5,5
61362,79,82,-3,3
61363,131,128,3,3
61364,150,125,25,25
61365,80,79,1,1
61366,37,36,1,1
61367,116,111,5,5
61368,82,79,3,3
61369,130,125,5,5
61370,68,74,-6,6
61371,86,82,4,4
61372,90,80,10,10
61373,57,55,2,2
61374,149,133,16,16
61375,79,79,0,0
61376,126,123,3,3
61377,120,128,-8,8
61378,197,177,20,20
61379,62,59,3,3
61380,88,84,4,4
61381,144,131,13,13
61382,99,85,14,14
61383,101,113,-12,12
61384,111,96,15,15
61385,61,64,-3,3
61386,85,80,5,5
61387,96,93,3,3
61388,125,120,5,5
61389,107,96,11,11
61390,136,119,17,17
61391,148,137,11,11
61392,98,101,-3,3
61393,66,59,7,7
61394,95,75,20,20
61395,107,88,19,19
61396,47,53,-6,6
61397,78,78,0,0
61398,81,75,6,6
61399,72,73,-1,1
61400,84,93,-9,9
61401,145,147,-2,2
61402,77,75,2,2
61403,90,83,7,7
61404,131,118,13,13
61405,91,80,11,11
61406,38,68,-30,30
61407,94,90,4,4
61408,111,106,5,5
61409,145,140,5,5
61410,84,85,-1,1
61411,87,77,10,10
61412,115,107,8,8
61413,95,86,9,9
61414,144,128,16,16
61415,90,83,7,7
61416,101,93,8,8
61417,91,89,2,2
61418,190,181,9,9
61419,80,79,1,1
61420,167,148,19,19
61421,83,73,10,10
61422,66,67,-1,1
61423,50,51,-1,1
61424,111,107,4,4
61425,83,88,-5,5
61426,72,66,6,6
61427,73,71,2,2
61428,79,83,-4,4
61429,66,70,-4,4
61430,83,79,4,4
61431,262,233,29,29
61432,108,112,-4,4
61433,117,107,10,10
61434,98,83,15,15
61435,85,86,-1,1
61436,63,60,3,3
61437,190,176,14,14
61438,85,82,3,3
61439,123,112,11,11
61440,144,137,7,7
61441,75,77,-2,2
61442,97,92,5,5
61443,85,73,12,12
61444,69,65,4,4
61445,77,78,-1,1
61446,61,66,-5,5
61447,75,72,3,3
61448,97,119,-22,22
61449,70,68,2,2
61450,85,79,6,6
61451,61,67,-6,6
61452,77,70,7,7
61453,58,65,-7,7
61454,83,74,9,9
61455,91,93,-2,2
61456,53,56,-3,3
61457,55,51,4,4
61458,87,87,0,0
61459,80,82,-2,2
61460,53,61,-8,8
61461,133,122,11,11
61462,90,92,-2,2
61463,60,66,-6,6
61464,68,69,-1,1
61465,66,53,13,13
61466,112,111,1,1
61467,139,133,6,6
61468,50,54,-4,4
61469,120,117,3,3
61470,77,76,1,1
61471,81,65,16,16
61472,87,80,7,7
61473,43,47,-4,4
61474,68,61,7,7
61475,58,55,3,3
61476,120,121,-1,1
61477,114,99,15,15
61478,173,155,18,18
61479,62,63,-1,1
61480,115,103,12,12
61481,213,189,24,24
61482,108,103,5,5
61483,53,66,-13,13
61484,85,74,11,11
61485,119,116,3,3
61486,74,78,-4,4
61487,93,84,9,9
61488,72,70,2,2
61489,104,86,18,18
61490,88,88,0,0
61491,56,64,-8,8
61492,139,129,10,10
61493,110,105,5,5
61494,93,82,11,11
61495,54,48,6,6
61496,83,85,-2,2
61497,73,70,3,3
61498,202,176,26,26
61499,95,91,4,4
61500,51,56,-5,5
61501,141,121,20,20
61502,130,124,6,6
61503,89,92,-3,3
61504,67,65,2,2
61505,92,102,-10,10
61506,138,140,-2,2
61507,50,50,0,0
61508,85,75,10,10
61509,118,99,19,19
61510,84,81,3,3
61511,95,88,7,7
61512,92,96,-4,4
61513,141,145,-4,4
61514,94,99,-5,5
61515,117,115,2,2
61516,82,68,14,14
61517,73,79,-6,6
61518,108,96,12,12
61519,93,103,-10,10
61520,156,153,3,3
61521,84,85,-1,1
61522,106,89,17,17
61523,91,93,-2,2
61524,88,88,0,0
61525,78,70,8,8
61526,136,127,9,9
61527,59,67,-8,8
61528,94,99,-5,5
61529,100,96,4,4
61530,144,136,8,8
61531,89,109,-20,20
61532,67,68,-1,1
61533,28,35,-7,7
61534,114,106,8,8
61535,123,128,-5,5
61536,85,72,13,13
61537,77,77,0,0
61538,89,102,-13,13
61539,90,83,7,7
61540,80,82,-2,2
61541,114,116,-2,2
61542,46,46,0,0
61543,123,113,10,10
61544,132,127,5,5
61545,106,116,-10,10
61546,93,93,0,0
61547,100,120,-20,20
61548,82,78,4,4
61549,170,171,-1,1
61550,103,115,-12,12
61551,60,64,-4,4
61552,101,112,-11,11
61553,101,96,5,5
61554,106,97,9,9
61555,53,65,-12,12
61556,45,47,-2,2
61557,102,116,-14,14
61558,74,68,6,6
61559,107,113,-6,6
61560,95,95,0,0
61561,96,91,5,5
61562,100,95,5,5
61563,40,51,-11,11
61564,85,80,5,5
61565,59,62,-3,3
61566,107,97,10,10
61567,157,141,16,16
61568,72,75,-3,3
61569,104,90,14,14
61570,53,60,-7,7
61571,131,123,8,8
61572,147,135,12,12
61573,80,76,4,4
61574,135,123,12,12
61575,119,109,10,10
61576,128,118,10,10
61577,126,120,6,6
61578,91,79,12,12
61579,102,87,15,15
61580,55,64,-9,9
61581,69,68,1,1
61582,57,68,-11,11
61583,53,55,-2,2
61584,109,92,17,17
61585,106,87,19,19
61586,106,105,1,1
61587,128,113,15,15
61588,84,78,6,6
61589,73,74,-1,1
61590,137,107,30,30
61591,96,94,2,2
61592,106,100,6,6
61593,119,114,5,5
61594,113,109,4,4
61595,138,124,14,14
61596,52,53,-1,1
61597,115,108,7,7
61598,66,66,0,0
61599,114,114,0,0
61600,46,67,-21,21
61601,108,102,6,6
61602,85,79,6,6
61603,67,61,6,6
61604,66,60,6,6
61605,76,81,-5,5
61606,93,86,7,7
61607,145,148,-3,3
61608,122,112,10,10
61609,88,81,7,7
61610,59,59,0,0
61611,77,77,0,0
61612,84,84,0,0
61613,71,77,-6,6
61614,93,85,8,8
61615,71,68,3,3
61616,40,44,-4,4
61617,165,150,15,15
61618,104,100,4,4
61619,54,49,5,5
61620,46,44,2,2
61621,70,68,2,2
61622,51,52,-1,1
61623,86,81,5,5
61624,86,79,7,7
61625,90,84,6,6
61626,160,153,7,7
61627,119,111,8,8
61628,78,83,-5,5
61629,112,122,-10,10
61630,89,80,9,9
61631,96,99,-3,3
61632,96,93,3,3
61633,96,94,2,2
61634,33,38,-5,5
61635,78,74,4,4
61636,65,59,6,6
61637,69,69,0,0
61638,85,85,0,0
61639,71,62,9,9
61640,119,103,16,16
61641,100,93,7,7
61642,102,98,4,4
61643,96,84,12,12
61644,77,71,6,6
61645,91,92,-1,1
61646,175,154,21,21
61647,96,97,-1,1
61648,133,122,11,11
61649,107,123,-16,16
61650,98,88,10,10
61651,94,96,-2,2
61652,67,66,1,1
61653,116,116,0,0
61654,73,78,-5,5
61655,83,69,14,14
61656,75,78,-3,3
61657,109,119,-10,10
61658,143,143,0,0
61659,84,84,0,0
61660,79,81,-2,2
61661,104,98,6,6
61662,44,43,1,1
61663,53,48,5,5
61664,108,99,9,9
61665,86,90,-4,4
61666,119,117,2,2
61667,56,39,17,17
61668,88,91,-3,3
61669,118,116,2,2
61670,102,101,1,1
61671,49,50,-1,1
61672,99,93,6,6
61673,105,176,-71,71
61674,131,110,21,21
61675,78,71,7,7
61676,99,88,11,11
61677,23,24,-1,1
61678,126,123,3,3
61679,92,88,4,4
61680,85,90,-5,5
61681,61,65,-4,4
61682,137,135,2,2
61683,74,74,0,0
61684,129,118,11,11
61685,156,149,7,7
61686,72,67,5,5
61687,151,133,18,18
61688,72,64,8,8
61689,81,84,-3,3
61690,128,115,13,13
61691,136,121,15,15
61692,111,109,2,2
61693,150,153,-3,3
61694,79,79,0,0
61695,124,116,8,8
61696,133,119,14,14
61697,106,113,-7,7
61698,71,74,-3,3
61699,69,65,4,4
61700,105,108,-3,3
61701,60,56,4,4
61702,97,94,3,3
61703,129,128,1,1
61704,70,67,3,3
61705,137,138,-1,1
61706,110,95,15,15
61707,97,91,6,6
61708,149,160,-11,11
61709,63,67,-4,4
61710,71,71,0,0
61711,108,96,12,12
61712,127,119,8,8
61713,92,94,-2,2
61714,41,48,-7,7
61715,87,81,6,6
61716,95,91,4,4
61717,58,64,-6,6
61718,103,110,-7,7
61719,106,99,7,7
61720,100,101,-1,1
61721,49,51,-2,2
61722,103,113,-10,10
61723,147,151,-4,4
61724,110,102,8,8
61725,121,136,-15,15
61726,66,66,0,0
61727,66,67,-1,1
61728,75,71,4,4
61729,127,131,-4,4
61730,96,90,6,6
61731,179,161,18,18
61732,153,145,8,8
61733,89,79,10,10
61734,111,106,5,5
61735,124,100,24,24
61736,86,70,16,16
61737,98,103,-5,5
61738,82,81,1,1
61739,138,116,22,22
61740,98,83,15,15
61741,187,173,14,14
61742,141,127,14,14
61743,72,77,-5,5
61744,110,102,8,8
61745,87,90,-3,3
61746,60,57,3,3
61747,71,70,1,1
61748,123,121,2,2
61749,57,62,-5,5
61750,113,114,-1,1
61751,148,142,6,6
61752,73,73,0,0
61753,62,70,-8,8
61754,108,126,-18,18
61755,105,101,4,4
61756,152,118,34,34
61757,51,54,-3,3
61758,127,119,8,8
61759,31,46,-15,15
61760,68,65,3,3
61761,163,148,15,15
61762,160,147,13,13
61763,73,79,-6,6
61764,43,48,-5,5
61765,102,98,4,4
61766,91,104,-13,13
61767,136,115,21,21
61768,92,85,7,7
61769,60,61,-1,1
61770,45,51,-6,6
61771,111,98,13,13
61772,95,95,0,0
61773,100,95,5,5
61774,139,139,0,0
61775,99,92,7,7
61776,68,73,-5,5
61777,55,53,2,2
61778,110,98,12,12
61779,67,72,-5,5
61780,103,96,7,7
61781,115,107,8,8
61782,131,139,-8,8
61783,106,110,-4,4
61784,154,145,9,9
61785,104,110,-6,6
61786,91,85,6,6
61787,139,139,0,0
61788,56,60,-4,4
61789,139,128,11,11
61790,72,65,7,7
61791,144,137,7,7
61792,112,109,3,3
61793,68,64,4,4
61794,88,87,1,1
61795,79,87,-8,8
61796,104,104,0,0
61797,54,50,4,4
61798,111,99,12,12
61799,87,87,0,0
61800,185,169,16,16
61801,92,87,5,5
61802,68,73,-5,5
61803,91,85,6,6
61804,84,78,6,6
61805,82,81,1,1
61806,126,117,9,9
61807,71,72,-1,1
61808,72,67,5,5
61809,137,135,2,2
61810,61,68,-7,7
61811,106,102,4,4
61812,59,53,6,6
61813,77,74,3,3
61814,149,124,25,25
61815,63,66,-3,3
61816,66,69,-3,3
61817,105,98,7,7
61818,85,83,2,2
61819,109,92,17,17
61820,81,85,-4,4
61821,60,63,-3,3
61822,40,44,-4,4
61823,95,87,8,8
61824,110,94,16,16
61825,68,65,3,3
61826,67,68,-1,1
61827,76,74,2,2
61828,188,177,11,11
61829,59,58,1,1
61830,131,114,17,17
61831,108,101,7,7
61832,114,115,-1,1
61833,108,103,5,5
61834,104,93,11,11
61835,94,92,2,2
61836,47,47,0,0
61837,77,67,10,10
61838,80,84,-4,4
61839,96,90,6,6
61840,103,99,4,4
61841,109,106,3,3
61842,66,75,-9,9
61843,98,87,11,11
61844,126,107,19,19
61845,97,106,-9,9
61846,99,93,6,6
61847,107,108,-1,1
61848,129,126,3,3
61849,87,89,-2,2
61850,69,68,1,1
61851,115,104,11,11
61852,99,99,0,0
61853,99,92,7,7
61854,155,160,-5,5
61855,121,112,9,9
61856,123,124,-1,1
61857,91,86,5,5
61858,68,75,-7,7
61859,118,104,14,14
61860,98,100,-2,2
61861,108,101,7,7
61862,112,104,8,8
61863,80,71,9,9
61864,92,126,-34,34
61865,116,104,12,12
61866,56,61,-5,5
61867,127,120,7,7
61868,50,53,-3,3
61869,121,108,13,13
61870,157,151,6,6
61871,78,73,5,5
61872,85,78,7,7
61873,142,137,5,5
61874,42,43,-1,1
61875,62,66,-4,4
61876,61,64,-3,3
61877,75,76,-1,1
61878,82,83,-1,1
61879,107,100,7,7
61880,130,127,3,3
61881,64,71,-7,7
61882,75,74,1,1
61883,109,100,9,9
61884,65,76,-11,11
61885,112,113,-1,1
61886,88,90,-2,2
61887,140,130,10,10
61888,132,120,12,12
61889,108,108,0,0
61890,92,76,16,16
61891,63,59,4,4
61892,48,48,0,0
61893,144,119,25,25
61894,104,99,5,5
61895,107,99,8,8
61896,52,65,-13,13
61897,73,72,1,1
61898,44,44,0,0
61899,120,112,8,8
61900,87,81,6,6
61901,110,113,-3,3
61902,73,71,2,2
61903,79,85,-6,6
61904,57,64,-7,7
61905,68,69,-1,1
61906,81,93,-12,12
61907,63,61,2,2
61908,41,41,0,0
61909,71,68,3,3
61910,106,109,-3,3
61911,105,93,12,12
61912,183,149,34,34
61913,111,115,-4,4
61914,137,129,8,8
61915,51,56,-5,5
61916,40,40,0,0
61917,70,76,-6,6
61918,120,112,8,8
61919,57,64,-7,7
61920,66,64,2,2
61921,140,118,22,22
61922,71,78,-7,7
61923,96,90,6,6
61924,108,103,5,5
61925,134,144,-10,10
61926,97,93,4,4
61927,44,44,0,0
61928,49,49,0,0
61929,63,59,4,4
61930,97,98,-1,1
61931,38,36,2,2
61932,68,66,2,2
61933,114,104,10,10
61934,105,104,1,1
61935,36,37,-1,1
61936,69,62,7,7
61937,101,94,7,7
61938,155,139,16,16
61939,53,68,-15,15
61940,151,138,13,13
61941,65,64,1,1
61942,64,66,-2,2
61943,181,162,19,19
61944,110,105,5,5
61945,93,93,0,0
61946,183,165,18,18
61947,94,90,4,4
61948,91,90,1,1
61949,105,103,2,2
61950,51,54,-3,3
61951,76,74,2,2
61952,60,71,-11,11
61953,72,67,5,5
61954,108,103,5,5
61955,119,110,9,9
61956,98,108,-10,10
61957,119,105,14,14
61958,122,114,8,8
61959,90,89,1,1
61960,55,58,-3,3
61961,62,56,6,6
61962,41,57,-16,16
61963,86,80,6,6
61964,58,59,-1,1
61965,159,155,4,4
61966,84,83,1,1
61967,101,97,4,4
61968,107,96,11,11
61969,150,138,12,12
61970,105,105,0,0
61971,83,82,1,1
61972,78,84,-6,6
61973,51,51,0,0
61974,83,89,-6,6
61975,111,110,1,1
61976,116,120,-4,4
61977,124,98,26,26
61978,116,107,9,9
61979,133,123,10,10
61980,143,135,8,8
61981,102,98,4,4
61982,94,93,1,1
61983,66,65,1,1
61984,76,82,-6,6
61985,108,101,7,7
61986,69,61,8,8
61987,90,76,14,14
61988,65,72,-7,7
61989,157,152,5,5
61990,81,75,6,6
61991,116,120,-4,4
61992,94,91,3,3
61993,98,111,-13,13
61994,149,136,13,13
61995,87,86,1,1
61996,124,121,3,3
61997,121,117,4,4
61998,157,141,16,16
61999,100,90,10,10
62000,129,126,3,3
62001,97,93,4,4
62002,57,55,2,2
62003,108,99,9,9
62004,64,56,8,8
62005,195,170,25,25
62006,81,75,6,6
62007,92,88,4,4
62008,139,141,-2,2
62009,67,64,3,3
62010,78,84,-6,6
62011,56,62,-6,6
62012,90,86,4,4
62013,69,73,-4,4
62014,109,97,12,12
62015,67,65,2,2
62016,65,70,-5,5
62017,67,75,-8,8
62018,128,112,16,16
62019,101,94,7,7
62020,103,97,6,6
62021,66,63,3,3
62022,78,81,-3,3
62023,121,113,8,8
62024,99,102,-3,3
62025,69,58,11,11
62026,64,68,-4,4
62027,66,64,2,2
62028,76,76,0,0
62029,91,88,3,3
62030,49,55,-6,6
62031,222,180,42,42
62032,71,63,8,8
62033,155,149,6,6
62034,80,80,0,0
62035,94,74,20,20
62036,70,66,4,4
62037,106,103,3,3
62038,81,84,-3,3
62039,90,78,12,12
62040,73,71,2,2
62041,65,58,7,7
62042,71,74,-3,3
62043,140,117,23,23
62044,109,113,-4,4
62045,72,69,3,3
62046,95,101,-6,6
62047,92,82,10,10
62048,104,106,-2,2
62049,74,74,0,0
62050,102,98,4,4
62051,75,79,-4,4
62052,100,93,7,7
62053,111,114,-3,3
62054,52,51,1,1
62055,79,71,8,8
62056,99,91,8,8
62057,140,137,3,3
62058,181,177,4,4
62059,106,98,8,8
62060,59,51,8,8
62061,129,117,12,12
62062,95,111,-16,16
62063,50,52,-2,2
62064,71,66,5,5
62065,46,60,-14,14
62066,103,107,-4,4
62067,82,82,0,0
62068,114,103,11,11
62069,114,110,4,4
62070,92,90,2,2
62071,74,77,-3,3
62072,102,99,3,3
62073,104,101,3,3
62074,86,78,8,8
62075,51,70,-19,19
62076,86,81,5,5
62077,78,80,-2,2
62078,99,100,-1,1
62079,95,89,6,6
62080,82,81,1,1
62081,111,112,-1,1
62082,129,110,19,19
62083,90,108,-18,18
62084,139,132,7,7
62085,72,78,-6,6
62086,55,57,-2,2
62087,165,151,14,14
62088,115,114,1,1
62089,61,71,-10,10
62090,84,81,3,3
62091,136,133,3,3
62092,83,78,5,5
62093,27,51,-24,24
62094,108,103,5,5
62095,147,131,16,16
62096,120,119,1,1
62097,73,87,-14,14
62098,60,68,-8,8
62099,123,125,-2,2
62100,89,88,1,1
62101,73,65,8,8
62102,64,65,-1,1
62103,62,64,-2,2
62104,100,96,4,4
62105,100,88,12,12
62106,48,65,-17,17
62107,119,108,11,11
62108,53,54,-1,1
62109,142,140,2,2
62110,58,57,1,1
62111,100,107,-7,7
62112,77,74,3,3
62113,71,83,-12,12
62114,126,122,4,4
62115,50,52,-2,2
62116,205,163,42,42
62117,60,64,-4,4
62118,91,87,4,4
62119,70,76,-6,6
62120,90,92,-2,2
62121,159,146,13,13
62122,75,75,0,0
62123,116,92,24,24
62124,109,113,-4,4
62125,143,134,9,9
62126,112,100,12,12
62127,84,84,0,0
62128,170,168,2,2
62129,150,145,5,5
62130,109,101,8,8
62131,161,148,13,13
62132,99,101,-2,2
62133,127,106,21,21
62134,62,46,16,16
62135,133,124,9,9
62136,101,105,-4,4
62137,127,117,10,10
62138,89,83,6,6
62139,95,88,7,7
62140,150,135,15,15
62141,49,51,-2,2
62142,92,90,2,2
62143,92,87,5,5
62144,38,47,-9,9
62145,145,145,0,0
62146,156,156,0,0
62147,125,121,4,4
62148,51,50,1,1
62149,134,108,26,26
62150,92,100,-8,8
62151,85,92,-7,7
62152,60,61,-1,1
62153,67,69,-2,2
62154,99,105,-6,6
62155,159,155,4,4
62156,86,91,-5,5
62157,75,59,16,16
62158,42,41,1,1
62159,71,74,-3,3
62160,136,135,1,1
62161,67,77,-10,10
62162,112,106,6,6
62163,71,74,-3,3
62164,48,60,-12,12
62165,139,136,3,3
62166,114,146,-32,32
62167,48,46,2,2
62168,86,84,2,2
62169,119,111,8,8
62170,94,89,5,5
62171,105,104,1,1
62172,104,93,11,11
62173,85,85,0,0
62174,66,62,4,4
62175,93,87,6,6
62176,88,91,-3,3
62177,67,69,-2,2
62178,91,97,-6,6
62179,110,106,4,4
62180,80,73,7,7
62181,98,104,-6,6
62182,126,120,6,6
62183,52,62,-10,10
62184,63,70,-7,7
62185,91,92,-1,1
62186,103,104,-1,1
62187,68,68,0,0
62188,73,76,-3,3
62189,95,94,1,1
62190,100,96,4,4
62191,111,95,16,16
62192,100,104,-4,4
62193,75,76,-1,1
62194,84,87,-3,3
62195,75,75,0,0
62196,139,125,14,14
62197,105,105,0,0
62198,84,91,-7,7
62199,137,121,16,16
62200,65,94,-29,29
62201,97,89,8,8
62202,78,79,-1,1
62203,122,124,-2,2
62204,72,76,-4,4
62205,80,95,-15,15
62206,132,117,15,15
62207,113,104,9,9
62208,121,114,7,7
62209,72,72,0,0
62210,95,99,-4,4
62211,124,118,6,6
62212,122,117,5,5
62213,152,148,4,4
62214,105,96,9,9
62215,103,107,-4,4
62216,111,101,10,10
62217,60,51,9,9
62218,75,91,-16,16
62219,69,72,-3,3
62220,85,77,8,8
62221,91,97,-6,6
62222,106,94,12,12
62223,76,83,-7,7
62224,43,46,-3,3
62225,65,63,2,2
62226,180,175,5,5
62227,38,56,-18,18
62228,86,82,4,4
62229,77,77,0,0
62230,110,108,2,2
62231,111,110,1,1
62232,134,126,8,8
62233,123,123,0,0
62234,67,68,-1,1
62235,77,80,-3,3
62236,95,101,-6,6
62237,94,91,3,3
62238,131,126,5,5
62239,88,99,-11,11
62240,130,122,8,8
62241,78,76,2,2
62242,98,95,3,3
62243,66,65,1,1
62244,63,66,-3,3
62245,85,81,4,4
62246,82,81,1,1
62247,82,86,-4,4
62248,104,100,4,4
62249,120,114,6,6
62250,68,71,-3,3
62251,108,107,1,1
62252,101,96,5,5
62253,102,94,8,8
62254,161,159,2,2
62255,48,51,-3,3
62256,82,89,-7,7
62257,134,126,8,8
62258,102,94,8,8
62259,47,53,-6,6
62260,101,76,25,25
62261,103,96,7,7
62262,158,139,19,19
62263,79,80,-1,1
62264,126,120,6,6
62265,72,79,-7,7
62266,103,99,4,4
62267,86,93,-7,7
62268,73,81,-8,8
62269,150,138,12,12
62270,69,64,5,5
62271,89,79,10,10
62272,102,91,11,11
62273,89,87,2,2
62274,92,93,-1,1
62275,91,82,9,9
62276,69,68,1,1
62277,31,44,-13,13
62278,62,56,6,6
62279,74,76,-2,2
62280,73,68,5,5
62281,92,79,13,13
62282,68,72,-4,4
62283,121,111,10,10
62284,160,155,5,5
62285,124,117,7,7
62286,71,67,4,4
62287,98,84,14,14
62288,85,82,3,3
62289,93,83,10,10
62290,87,76,11,11
62291,210,174,36,36
62292,74,73,1,1
62293,84,89,-5,5
62294,141,135,6,6
62295,68,68,0,0
62296,118,113,5,5
62297,75,76,-1,1
62298,150,141,9,9
62299,162,154,8,8
62300,59,55,4,4
62301,82,80,2,2
62302,118,107,11,11
62303,94,96,-2,2
62304,75,93,-18,18
62305,71,70,1,1
62306,131,120,11,11
62307,120,108,12,12
62308,91,92,-1,1
62309,112,102,10,10
62310,145,140,5,5
62311,93,82,11,11
62312,93,84,9,9
62313,89,75,14,14
62314,110,99,11,11
62315,78,79,-1,1
62316,80,76,4,4
62317,133,128,5,5
62318,50,45,5,5
62319,82,79,3,3
62320,145,123,22,22
62321,126,105,21,21
62322,105,98,7,7
62323,159,152,7,7
62324,118,120,-2,2
62325,142,131,11,11
62326,108,96,12,12
62327,110,108,2,2
62328,106,93,13,13
62329,119,115,4,4
62330,90,88,2,2
62331,68,70,-2,2
62332,119,109,10,10
62333,162,145,17,17
62334,76,76,0,0
62335,89,81,8,8
62336,57,61,-4,4
62337,79,79,0,0
62338,72,78,-6,6
62339,110,93,17,17
62340,82,78,4,4
62341,76,71,5,5
62342,68,73,-5,5
62343,79,102,-23,23
62344,64,67,-3,3
62345,151,131,20,20
62346,64,67,-3,3
62347,110,100,10,10
62348,78,70,8,8
62349,123,122,1,1
62350,118,111,7,7
62351,58,66,-8,8
62352,140,128,12,12
62353,128,111,17,17
62354,57,51,6,6
62355,101,99,2,2
62356,106,98,8,8
62357,71,76,-5,5
62358,61,56,5,5
62359,187,157,30,30
62360,123,108,15,15
62361,64,63,1,1
62362,59,63,-4,4
62363,83,82,1,1
62364,68,70,-2,2
62365,83,75,8,8
62366,111,101,10,10
62367,86,91,-5,5
62368,87,85,2,2
62369,97,90,7,7
62370,76,78,-2,2
62371,91,90,1,1
62372,169,148,21,21
62373,51,51,0,0
62374,57,69,-12,12
62375,168,169,-1,1
62376,93,71,22,22
62377,93,87,6,6
62378,98,83,15,15
62379,76,85,-9,9
62380,142,131,11,11
62381,60,62,-2,2
62382,118,110,8,8
62383,40,60,-20,20
62384,68,61,7,7
62385,75,66,9,9
62386,97,91,6,6
62387,124,118,6,6
62388,68,60,8,8
62389,89,85,4,4
62390,109,106,3,3
62391,53,52,1,1
62392,112,106,6,6
62393,140,141,-1,1
62394,113,100,13,13
62395,105,111,-6,6
62396,69,65,4,4
62397,98,118,-20,20
62398,150,144,6,6
62399,93,90,3,3
62400,117,122,-5,5
62401,44,46,-2,2
62402,65,57,8,8
62403,78,71,7,7
62404,149,142,7,7
62405,75,71,4,4
62406,82,82,0,0
62407,93,85,8,8
62408,129,125,4,4
62409,46,53,-7,7
62410,56,49,7,7
62411,99,83,16,16
62412,31,46,-15,15
62413,113,109,4,4
62414,167,165,2,2
62415,113,112,1,1
62416,171,168,3,3
62417,71,74,-3,3
62418,103,100,3,3
62419,76,78,-2,2
62420,64,54,10,10
62421,105,105,0,0
62422,176,165,11,11
62423,127,112,15,15
62424,118,102,16,16
62425,88,97,-9,9
62426,133,130,3,3
62427,84,92,-8,8
62428,108,105,3,3
62429,72,68,4,4
62430,128,122,6,6
62431,36,44,-8,8
62432,116,101,15,15
62433,105,105,0,0
62434,85,86,-1,1
62435,48,51,-3,3
62436,142,121,21,21
62437,78,63,15,15
62438,72,76,-4,4
62439,255,231,24,24
62440,113,112,1,1
62441,98,88,10,10
62442,143,126,17,17
62443,85,105,-20,20
62444,111,112,-1,1
62445,106,100,6,6
62446,111,108,3,3
62447,84,77,7,7
62448,74,76,-2,2
62449,87,89,-2,2
62450,133,129,4,4
62451,111,113,-2,2
62452,78,77,1,1
62453,83,86,-3,3
62454,117,100,17,17
62455,97,91,6,6
62456,127,125,2,2
62457,66,63,3,3
62458,124,113,11,11
62459,72,71,1,1
62460,108,94,14,14
62461,124,122,2,2
62462,137,114,23,23
62463,84,83,1,1
62464,175,169,6,6
62465,32,35,-3,3
62466,127,109,18,18
62467,139,137,2,2
62468,84,102,-18,18
62469,138,143,-5,5
62470,147,146,1,1
62471,49,55,-6,6
62472,87,82,5,5
62473,71,73,-2,2
62474,89,74,15,15
62475,122,117,5,5
62476,110,112,-2,2
62477,112,110,2,2
62478,161,141,20,20
62479,78,90,-12,12
62480,84,85,-1,1
62481,96,83,13,13
62482,83,81,2,2
62483,166,142,24,24
62484,69,65,4,4
62485,48,46,2,2
62486,84,70,14,14
62487,113,93,20,20
62488,89,89,0,0
62489,51,55,-4,4
62490,101,99,2,2
62491,70,66,4,4
62492,107,96,11,11
62493,99,91,8,8
62494,142,131,11,11
62495,123,108,15,15
62496,81,78,3,3
62497,60,59,1,1
62498,139,126,13,13
62499,93,85,8,8
62500,123,130,-7,7
62501,101,77,24,24
62502,128,124,4,4
62503,72,72,0,0
62504,134,117,17,17
62505,89,88,1,1
62506,162,150,12,12
62507,129,109,20,20
62508,97,93,4,4
62509,63,73,-10,10
62510,88,87,1,1
62511,47,47,0,0
62512,163,148,15,15
62513,169,169,0,0
62514,88,82,6,6
62515,116,110,6,6
62516,68,68,0,0
62517,66,68,-2,2
62518,75,77,-2,2
62519,79,82,-3,3
62520,132,130,2,2
62521,64,68,-4,4
62522,154,145,9,9
62523,159,124,35,35
62524,97,95,2,2
62525,151,142,9,9
62526,64,66,-2,2
62527,86,74,12,12
62528,86,100,-14,14
62529,105,103,2,2
62530,135,131,4,4
62531,78,84,-6,6
62532,180,154,26,26
62533,126,114,12,12
62534,115,113,2,2
62535,95,103,-8,8
62536,123,105,18,18
62537,49,50,-1,1
62538,94,95,-1,1
62539,170,160,10,10
62540,92,89,3,3
62541,101,102,-1,1
62542,93,92,1,1
62543,123,133,-10,10
62544,83,72,11,11
62545,122,104,18,18
62546,109,120,-11,11
62547,67,58,9,9
62548,59,63,-4,4
62549,79,72,7,7
62550,82,85,-3,3
62551,69,69,0,0
62552,83,87,-4,4
62553,116,105,11,11
62554,202,170,32,32
62555,92,97,-5,5
62556,95,91,4,4
62557,104,102,2,2
62558,124,114,10,10
62559,203,181,22,22
62560,95,92,3,3
62561,131,125,6,6
62562,42,43,-1,1
62563,106,85,21,21
62564,40,45,-5,5
62565,81,81,0,0
62566,125,110,15,15
62567,82,81,1,1
62568,121,111,10,10
62569,85,93,-8,8
62570,104,91,13,13
62571,82,76,6,6
62572,76,73,3,3
62573,60,63,-3,3
62574,91,72,19,19
62575,96,81,15,15
62576,118,113,5,5
62577,101,93,8,8
62578,140,137,3,3
62579,153,146,7,7
62580,115,122,-7,7
62581,38,54,-16,16
62582,74,75,-1,1
62583,28,59,-31,31
62584,65,69,-4,4
62585,113,116,-3,3
62586,109,108,1,1
62587,93,89,4,4
62588,87,81,6,6
62589,54,55,-1,1
62590,125,114,11,11
62591,141,134,7,7
62592,114,117,-3,3
62593,122,116,6,6
62594,138,134,4,4
62595,98,91,7,7
62596,84,79,5,5
62597,118,112,6,6
62598,114,109,5,5
62599,69,72,-3,3
62600,47,57,-10,10
62601,72,57,15,15
62602,72,60,12,12
62603,85,84,1,1
62604,48,48,0,0
62605,96,89,7,7
62606,90,86,4,4
62607,99,88,11,11
62608,122,120,2,2
62609,60,66,-6,6
62610,80,86,-6,6
62611,79,83,-4,4
62612,54,51,3,3
62613,90,90,0,0
62614,84,86,-2,2
62615,98,96,2,2
62616,106,99,7,7
62617,70,77,-7,7
62618,93,82,11,11
62619,81,77,4,4
62620,108,101,7,7
62621,66,66,0,0
62622,92,87,5,5
62623,58,51,7,7
62624,80,77,3,3
62625,72,77,-5,5
62626,92,85,7,7
62627,114,118,-4,4
62628,149,130,19,19
62629,85,79,6,6
62630,61,53,8,8
62631,104,93,11,11
62632,100,90,10,10
62633,132,128,4,4
62634,132,122,10,10
62635,114,97,17,17
62636,89,90,-1,1
62637,52,50,2,2
62638,51,48,3,3
62639,109,110,-1,1
62640,112,118,-6,6
62641,80,74,6,6
62642,158,172,-14,14
62643,103,88,15,15
62644,59,60,-1,1
62645,118,106,12,12
62646,114,107,7,7
62647,101,93,8,8
62648,64,66,-2,2
62649,75,74,1,1
62650,110,94,16,16
62651,168,175,-7,7
62652,109,95,14,14
62653,106,101,5,5
62654,32,76,-44,44
62655,86,87,-1,1
62656,185,144,41,41
62657,125,128,-3,3
62658,48,53,-5,5
62659,128,124,4,4
62660,138,137,1,1
62661,75,69,6,6
62662,84,102,-18,18
62663,115,99,16,16
62664,58,68,-10,10
62665,97,94,3,3
62666,152,134,18,18
62667,94,96,-2,2
62668,114,109,5,5
62669,130,132,-2,2
62670,61,59,2,2
62671,185,162,23,23
62672,110,104,6,6
62673,58,58,0,0
62674,79,81,-2,2
62675,79,76,3,3
62676,93,85,8,8
62677,129,125,4,4
62678,134,124,10,10
62679,98,100,-2,2
62680,162,154,8,8
62681,83,82,1,1
62682,107,91,16,16
62683,98,107,-9,9
62684,131,115,16,16
62685,57,52,5,5
62686,153,133,20,20
62687,126,121,5,5
62688,89,84,5,5
62689,68,65,3,3
62690,131,116,15,15
62691,68,78,-10,10
62692,94,85,9,9
62693,135,119,16,16
62694,96,95,1,1
62695,95,99,-4,4
62696,90,86,4,4
62697,55,56,-1,1
62698,108,112,-4,4
62699,36,41,-5,5
62700,73,68,5,5
62701,73,81,-8,8
62702,102,96,6,6
62703,52,51,1,1
62704,22,47,-25,25
62705,102,89,13,13
62706,136,117,19,19
62707,83,84,-1,1
62708,76,76,0,0
62709,135,131,4,4
62710,116,115,1,1
62711,69,71,-2,2
62712,42,47,-5,5
62713,86,73,13,13
62714,131,112,19,19
62715,119,111,8,8
62716,65,68,-3,3
62717,100,104,-4,4
62718,65,67,-2,2
62719,73,74,-1,1
62720,63,65,-2,2
62721,115,148,-33,33
62722,164,146,18,18
62723,146,144,2,2
62724,64,66,-2,2
62725,101,92,9,9
62726,124,113,11,11
62727,74,81,-7,7
62728,92,77,15,15
62729,90,86,4,4
62730,93,88,5,5
62731,76,80,-4,4
62732,133,131,2,2
62733,54,57,-3,3
62734,147,117,30,30
62735,107,108,-1,1
62736,132,113,19,19
62737,129,115,14,14
62738,95,88,7,7
62739,78,84,-6,6
62740,93,85,8,8
62741,85,91,-6,6
62742,138,150,-12,12
62743,106,104,2,2
62744,45,48,-3,3
62745,50,56,-6,6
62746,55,45,10,10
62747,44,54,-10,10
62748,70,69,1,1
62749,125,117,8,8
62750,82,80,2,2
62751,80,78,2,2
62752,120,115,5,5
62753,100,94,6,6
62754,70,66,4,4
62755,65,64,1,1
62756,96,99,-3,3
62757,93,90,3,3
62758,106,96,10,10
62759,168,149,19,19
62760,169,157,12,12
62761,95,87,8,8
62762,95,91,4,4
62763,81,74,7,7
62764,65,73,-8,8
62765,64,74,-10,10
62766,62,73,-11,11
62767,119,112,7,7
62768,93,87,6,6
62769,77,72,5,5
62770,141,133,8,8
62771,66,68,-2,2
62772,76,88,-12,12
62773,148,137,11,11
62774,57,69,-12,12
62775,78,64,14,14
62776,134,107,27,27
62777,133,122,11,11
62778,66,67,-1,1
62779,75,70,5,5
62780,97,90,7,7
62781,131,116,15,15
62782,171,159,12,12
62783,222,197,25,25
62784,102,103,-1,1
62785,60,59,1,1
62786,144,142,2,2
62787,43,48,-5,5
62788,82,77,5,5
62789,84,83,1,1
62790,92,95,-3,3
62791,94,73,21,21
62792,179,172,7,7
62793,119,116,3,3
62794,61,67,-6,6
62795,93,98,-5,5
62796,53,52,1,1
62797,142,138,4,4
62798,69,68,1,1
62799,90,90,0,0
62800,139,131,8,8
62801,90,107,-17,17
62802,56,55,1,1
62803,113,116,-3,3
62804,91,87,4,4
62805,86,83,3,3
62806,111,102,9,9
62807,74,67,7,7
62808,139,123,16,16
62809,96,84,12,12
62810,105,96,9,9
62811,139,135,4,4
62812,61,66,-5,5
62813,70,72,-2,2
62814,70,75,-5,5
62815,61,57,4,4
62816,127,132,-5,5
62817,92,96,-4,4
62818,120,106,14,14
62819,52,50,2,2
62820,86,86,0,0
62821,62,57,5,5
62822,101,119,-18,18
62823,85,97,-12,12
62824,96,97,-1,1
62825,105,101,4,4
62826,122,118,4,4
62827,116,110,6,6
62828,98,80,18,18
62829,154,139,15,15
62830,100,89,11,11
62831,164,151,13,13
62832,162,151,11,11
62833,136,135,1,1
62834,62,69,-7,7
62835,178,165,13,13
62836,109,91,18,18
62837,121,102,19,19
62838,108,117,-9,9
62839,84,82,2,2
62840,131,114,17,17
62841,122,103,19,19
62842,64,72,-8,8
62843,84,82,2,2
62844,72,73,-1,1
62845,185,162,23,23
62846,77,75,2,2
62847,137,150,-13,13
62848,93,102,-9,9
62849,86,94,-8,8
62850,144,122,22,22
62851,78,83,-5,5
62852,61,65,-4,4
62853,129,113,16,16
62854,52,65,-13,13
62855,195,178,17,17
62856,87,89,-2,2
62857,101,102,-1,1
62858,103,101,2,2
62859,169,154,15,15
62860,104,99,5,5
62861,80,76,4,4
62862,40,57,-17,17
62863,90,92,-2,2
62864,89,93,-4,4
62865,105,98,7,7
62866,86,89,-3,3
62867,133,121,12,12
62868,89,84,5,5
62869,64,63,1,1
62870,94,101,-7,7
62871,86,90,-4,4
62872,128,118,10,10
62873,53,55,-2,2
62874,91,78,13,13
62875,74,69,5,5
62876,64,64,0,0
62877,81,70,11,11
62878,66,69,-3,3
62879,76,68,8,8
62880,91,86,5,5
62881,76,74,2,2
62882,109,95,14,14
62883,77,71,6,6
62884,76,75,1,1
62885,110,95,15,15
62886,88,84,4,4
62887,120,110,10,10
62888,127,121,6,6
62889,106,107,-1,1
62890,201,181,20,20
62891,111,107,4,4
62892,231,202,29,29
62893,59,64,-5,5
62894,150,140,10,10
62895,141,128,13,13
62896,62,59,3,3
62897,191,184,7,7
62898,119,115,4,4
62899,72,79,-7,7
62900,103,99,4,4
62901,79,83,-4,4
62902,106,105,1,1
62903,104,116,-12,12
62904,88,92,-4,4
62905,78,84,-6,6
62906,81,88,-7,7
62907,98,101,-3,3
62908,123,118,5,5
62909,142,127,15,15
62910,74,71,3,3
62911,163,147,16,16
62912,102,87,15,15
62913,60,61,-1,1
62914,133,111,22,22
62915,59,60,-1,1
62916,47,52,-5,5
62917,86,88,-2,2
62918,124,113,11,11
62919,28,35,-7,7
62920,59,63,-4,4
62921,124,131,-7,7
62922,105,101,4,4
62923,103,92,11,11
62924,80,78,2,2
62925,82,76,6,6
62926,84,78,6,6
62927,128,122,6,6
62928,101,101,0,0
62929,72,69,3,3
62930,89,78,11,11
62931,119,113,6,6
62932,181,170,11,11
62933,146,142,4,4
62934,58,58,0,0
62935,80,71,9,9
62936,37,45,-8,8
62937,45,55,-10,10
62938,95,102,-7,7
62939,108,103,5,5
62940,79,71,8,8
62941,85,73,12,12
62942,53,63,-10,10
62943,211,188,23,23
62944,103,98,5,5
62945,77,75,2,2
62946,75,70,5,5
62947,95,91,4,4
62948,102,91,11,11
62949,77,75,2,2
62950,54,54,0,0
62951,110,101,9,9
62952,121,110,11,11
62953,89,74,15,15
62954,93,99,-6,6
62955,44,48,-4,4
62956,84,93,-9,9
62957,135,121,14,14
62958,66,63,3,3
62959,104,109,-5,5
62960,141,128,13,13
62961,98,94,4,4
62962,90,96,-6,6
62963,115,106,9,9
62964,109,107,2,2
62965,69,74,-5,5
62966,64,60,4,4
62967,185,167,18,18
62968,114,107,7,7
62969,191,163,28,28
62970,49,48,1,1
62971,83,85,-2,2
62972,100,96,4,4
62973,98,87,11,11
62974,69,78,-9,9
62975,103,88,15,15
62976,148,152,-4,4
62977,81,71,10,10
62978,151,144,7,7
62979,70,62,8,8
62980,88,81,7,7
62981,93,92,1,1
62982,60,73,-13,13
62983,88,78,10,10
62984,63,66,-3,3
62985,92,82,10,10
62986,108,108,0,0
62987,78,88,-10,10
62988,156,139,17,17
62989,63,63,0,0
62990,58,59,-1,1
62991,38,40,-2,2
62992,107,97,10,10
62993,101,93,8,8
62994,65,65,0,0
62995,120,118,2,2
62996,101,92,9,9
62997,106,93,13,13
62998,72,69,3,3
62999,127,114,13,13
63000,65,68,-3,3
63001,126,107,19,19
63002,113,110,3,3
63003,104,109,-5,5
63004,152,141,11,11
63005,57,57,0,0
63006,83,76,7,7
63007,101,100,1,1
63008,81,80,1,1
63009,54,66,-12,12
63010,80,78,2,2
63011,83,86,-3,3
63012,31,41,-10,10
63013,64,65,-1,1
63014,159,159,0,0
63015,133,127,6,6
63016,116,118,-2,2
63017,57,52,5,5
63018,99,94,5,5
63019,62,54,8,8
63020,90,84,6,6
63021,117,111,6,6
63022,142,124,18,18
63023,177,160,17,17
63024,59,59,0,0
63025,89,100,-11,11
63026,69,66,3,3
63027,63,69,-6,6
63028,46,70,-24,24
63029,136,138,-2,2
63030,105,115,-10,10
63031,127,131,-4,4
63032,66,72,-6,6
63033,138,134,4,4
63034,71,72,-1,1
63035,97,97,0,0
63036,112,111,1,1
63037,77,80,-3,3
63038,57,58,-1,1
63039,84,87,-3,3
63040,85,76,9,9
63041,111,98,13,13
63042,123,115,8,8
63043,110,112,-2,2
63044,114,114,0,0
63045,111,132,-21,21
63046,71,80,-9,9
63047,93,84,9,9
63048,343,296,47,47
63049,72,73,-1,1
63050,186,158,28,28
63051,62,62,0,0
63052,79,78,1,1
63053,129,129,0,0
63054,121,135,-14,14
63055,105,99,6,6
63056,157,143,14,14
63057,115,105,10,10
63058,78,74,4,4
63059,179,184,-5,5
63060,80,80,0,0
63061,113,117,-4,4
63062,87,89,-2,2
63063,95,94,1,1
63064,95,98,-3,3
63065,104,98,6,6
63066,88,85,3,3
63067,61,67,-6,6
63068,63,54,9,9
63069,87,102,-15,15
63070,157,160,-3,3
63071,92,117,-25,25
63072,53,53,0,0
63073,128,113,15,15
63074,114,105,9,9
63075,95,92,3,3
63076,102,100,2,2
63077,120,118,2,2
63078,110,117,-7,7
63079,207,186,21,21
63080,103,98,5,5
63081,55,53,2,2
63082,98,94,4,4
63083,99,95,4,4
63084,94,93,1,1
63085,82,88,-6,6
63086,60,82,-22,22
63087,95,101,-6,6
63088,113,100,13,13
63089,113,111,2,2
63090,105,96,9,9
63091,80,66,14,14
63092,104,109,-5,5
63093,97,93,4,4
63094,62,65,-3,3
63095,62,75,-13,13
63096,85,89,-4,4
63097,114,108,6,6
63098,72,63,9,9
63099,82,76,6,6
63100,94,85,9,9
63101,90,90,0,0
63102,110,97,13,13
63103,90,83,7,7
63104,80,80,0,0
63105,109,95,14,14
63106,61,69,-8,8
63107,185,174,11,11
63108,117,113,4,4
63109,139,134,5,5
63110,56,59,-3,3
63111,74,69,5,5
63112,107,108,-1,1
63113,78,84,-6,6
63114,51,52,-1,1
63115,87,86,1,1
63116,114,107,7,7
63117,83,80,3,3
63118,137,124,13,13
63119,117,110,7,7
63120,87,92,-5,5
63121,69,73,-4,4
63122,86,88,-2,2
63123,150,146,4,4
63124,162,152,10,10
63125,87,86,1,1
63126,68,66,2,2
63127,68,67,1,1
63128,126,97,29,29
63129,109,98,11,11
63130,106,110,-4,4
63131,114,107,7,7
63132,136,139,-3,3
63133,128,110,18,18
63134,109,112,-3,3
63135,114,113,1,1
63136,102,103,-1,1
63137,144,131,13,13
63138,52,53,-1,1
63139,73,82,-9,9
63140,116,108,8,8
63141,111,95,16,16
63142,106,104,2,2
63143,125,121,4,4
63144,119,98,21,21
63145,77,78,-1,1
63146,78,74,4,4
63147,62,60,2,2
63148,80,85,-5,5
63149,101,102,-1,1
63150,130,127,3,3
63151,165,146,19,19
63152,88,76,12,12
63153,97,101,-4,4
63154,125,113,12,12
63155,55,59,-4,4
63156,76,81,-5,5
63157,124,126,-2,2
63158,82,82,0,0
63159,60,69,-9,9
63160,107,101,6,6
63161,109,110,-1,1
63162,162,148,14,14
63163,95,107,-12,12
63164,54,53,1,1
63165,125,118,7,7
63166,107,95,12,12
63167,74,66,8,8
63168,155,146,9,9
63169,77,81,-4,4
63170,80,72,8,8
63171,122,122,0,0
63172,71,75,-4,4
63173,112,98,14,14
63174,61,64,-3,3
63175,88,89,-1,1
63176,171,150,21,21
63177,98,88,10,10
63178,59,63,-4,4
63179,150,145,5,5
63180,94,92,2,2
63181,112,110,2,2
63182,113,91,22,22
63183,92,87,5,5
63184,121,118,3,3
63185,101,94,7,7
63186,82,78,4,4
63187,125,106,19,19
63188,74,73,1,1
63189,68,68,0,0
63190,104,106,-2,2
63191,80,77,3,3
63192,101,90,11,11
63193,96,100,-4,4
63194,96,91,5,5
63195,79,84,-5,5
63196,75,74,1,1
63197,121,118,3,3
63198,173,156,17,17
63199,123,112,11,11
63200,124,114,10,10
63201,123,115,8,8
63202,129,127,2,2
63203,119,100,19,19
63204,107,107,0,0
63205,117,105,12,12
63206,74,76,-2,2
63207,72,77,-5,5
63208,92,100,-8,8
63209,102,93,9,9
63210,123,130,-7,7
63211,119,122,-3,3
63212,71,71,0,0
63213,64,71,-7,7
63214,108,104,4,4
63215,140,123,17,17
63216,90,89,1,1
63217,128,114,14,14
63218,99,98,1,1
63219,82,92,-10,10
63220,156,149,7,7
63221,137,128,9,9
63222,78,69,9,9
63223,95,95,0,0
63224,82,91,-9,9
63225,90,91,-1,1
63226,64,65,-1,1
63227,73,77,-4,4
63228,53,65,-12,12
63229,123,118,5,5
63230,62,67,-5,5
63231,92,97,-5,5
63232,123,112,11,11
63233,125,112,13,13
63234,41,44,-3,3
63235,187,173,14,14
63236,91,87,4,4
63237,76,77,-1,1
63238,176,156,20,20
63239,93,95,-2,2
63240,87,86,1,1
63241,89,92,-3,3
63242,88,81,7,7
63243,99,91,8,8
63244,134,116,18,18
63245,95,93,2,2
63246,105,103,2,2
63247,42,53,-11,11
63248,96,87,9,9
63249,50,63,-13,13
63250,63,63,0,0
63251,95,103,-8,8
63252,99,92,7,7
63253,109,116,-7,7
63254,133,116,17,17
63255,90,80,10,10
63256,71,71,0,0
63257,58,72,-14,14
63258,173,164,9,9
63259,77,69,8,8
63260,88,65,23,23
63261,72,72,0,0
63262,116,106,10,10
63263,61,64,-3,3
63264,94,82,12,12
63265,117,119,-2,2
63266,114,111,3,3
63267,147,133,14,14
63268,125,113,12,12
63269,100,97,3,3
63270,101,88,13,13
63271,112,112,0,0
63272,94,81,13,13
63273,119,110,9,9
63274,154,148,6,6
63275,82,79,3,3
63276,58,65,-7,7
63277,131,108,23,23
63278,82,87,-5,5
63279,96,92,4,4
63280,80,71,9,9
63281,118,119,-1,1
63282,51,64,-13,13
63283,164,155,9,9
63284,77,98,-21,21
63285,144,140,4,4
63286,132,132,0,0
63287,89,85,4,4
63288,78,67,11,11
63289,51,59,-8,8
63290,100,102,-2,2
63291,108,104,4,4
63292,143,125,18,18
63293,88,84,4,4
63294,67,67,0,0
63295,121,122,-1,1
63296,90,81,9,9
63297,65,65,0,0
63298,79,78,1,1
63299,144,133,11,11
63300,55,56,-1,1
63301,78,81,-3,3
63302,82,93,-11,11
63303,78,76,2,2
63304,160,155,5,5
63305,89,79,10,10
63306,101,104,-3,3
63307,114,100,14,14
63308,86,78,8,8
63309,155,150,5,5
63310,105,106,-1,1
63311,76,71,5,5
63312,149,135,14,14
63313,99,104,-5,5
63314,120,108,12,12
63315,69,69,0,0
63316,102,97,5,5
63317,59,55,4,4
63318,54,65,-11,11
63319,107,97,10,10
63320,60,58,2,2
63321,70,65,5,5
63322,219,208,11,11
63323,83,79,4,4
63324,68,66,2,2
63325,89,88,1,1
63326,68,74,-6,6
63327,108,109,-1,1
63328,94,99,-5,5
63329,90,88,2,2
63330,171,157,14,14
63331,35,36,-1,1
63332,39,40,-1,1
63333,80,110,-30,30
63334,69,67,2,2
63335,109,106,3,3
63336,112,116,-4,4
63337,127,127,0,0
63338,87,84,3,3
63339,60,118,-58,58
63340,67,72,-5,5
63341,151,139,12,12
63342,115,108,7,7
63343,86,89,-3,3
63344,97,82,15,15
63345,128,116,12,12
63346,137,117,20,20
63347,102,97,5,5
63348,76,79,-3,3
63349,33,29,4,4
63350,89,88,1,1
63351,68,64,4,4
63352,55,57,-2,2
63353,104,102,2,2
63354,98,97,1,1
63355,67,64,3,3
63356,103,91,12,12
63357,87,83,4,4
63358,92,88,4,4
63359,97,83,14,14
63360,144,134,10,10
63361,94,105,-11,11
63362,95,79,16,16
63363,131,114,17,17
63364,102,90,12,12
63365,132,130,2,2
63366,83,84,-1,1
63367,127,125,2,2
63368,71,67,4,4
63369,86,85,1,1
63370,202,175,27,27
63371,181,166,15,15
63372,129,126,3,3
63373,112,104,8,8
63374,118,111,7,7
63375,46,39,7,7
63376,120,100,20,20
63377,55,66,-11,11
63378,141,129,12,12
63379,92,84,8,8
63380,137,136,1,1
63381,59,59,0,0
63382,192,194,-2,2
63383,144,140,4,4
63384,91,91,0,0
63385,111,107,4,4
63386,52,51,1,1
63387,135,122,13,13
63388,43,50,-7,7
63389,138,117,21,21
63390,159,141,18,18
63391,88,91,-3,3
63392,63,63,0,0
63393,90,89,1,1
63394,101,91,10,10
63395,72,70,2,2
63396,64,64,0,0
63397,81,75,6,6
63398,94,92,2,2
63399,125,129,-4,4
63400,64,64,0,0
63401,68,70,-2,2
63402,77,83,-6,6
63403,125,124,1,1
63404,68,67,1,1
63405,131,125,6,6
63406,72,69,3,3
63407,113,104,9,9
63408,136,135,1,1
63409,136,122,14,14
63410,129,113,16,16
63411,118,108,10,10
63412,79,76,3,3
63413,98,93,5,5
63414,117,110,7,7
63415,98,101,-3,3
63416,30,40,-10,10
63417,76,73,3,3
63418,87,80,7,7
63419,110,101,9,9
63420,80,82,-2,2
63421,48,64,-16,16
63422,120,110,10,10
63423,98,102,-4,4
63424,43,47,-4,4
63425,84,81,3,3
63426,62,65,-3,3
63427,165,161,4,4
63428,56,59,-3,3
63429,85,82,3,3
63430,109,94,15,15
63431,149,131,18,18
63432,55,53,2,2
63433,89,92,-3,3
63434,68,74,-6,6
63435,68,65,3,3
63436,146,140,6,6
63437,112,107,5,5
63438,104,95,9,9
63439,49,67,-18,18
63440,67,64,3,3
63441,70,67,3,3
63442,109,100,9,9
63443,56,55,1,1
63444,148,139,9,9
63445,97,95,2,2
63446,79,79,0,0
63447,116,103,13,13
63448,97,94,3,3
63449,79,79,0,0
63450,74,69,5,5
63451,67,57,10,10
63452,118,109,9,9
63453,72,75,-3,3
63454,128,106,22,22
63455,113,111,2,2
63456,103,109,-6,6
63457,86,88,-2,2
63458,59,66,-7,7
63459,114,117,-3,3
63460,125,128,-3,3
63461,105,99,6,6
63462,70,64,6,6
63463,147,132,15,15
63464,90,79,11,11
63465,81,88,-7,7
63466,65,75,-10,10
63467,63,62,1,1
63468,110,105,5,5
63469,108,93,15,15
63470,62,74,-12,12
63471,107,100,7,7
63472,47,48,-1,1
63473,76,74,2,2
63474,92,88,4,4
63475,129,127,2,2
63476,87,86,1,1
63477,90,78,12,12
63478,75,76,-1,1
63479,69,70,-1,1
63480,61,64,-3,3
63481,76,72,4,4
63482,49,50,-1,1
63483,133,123,10,10
63484,147,147,0,0
63485,115,103,12,12
63486,88,94,-6,6
63487,70,67,3,3
63488,77,75,2,2
63489,64,63,1,1
63490,182,160,22,22
63491,103,94,9,9
63492,91,93,-2,2
63493,104,96,8,8
63494,67,57,10,10
63495,90,91,-1,1
63496,81,82,-1,1
63497,140,133,7,7
63498,64,67,-3,3
63499,132,125,7,7
63500,64,62,2,2
63501,117,113,4,4
63502,86,93,-7,7
63503,216,193,23,23
63504,129,116,13,13
63505,107,104,3,3
63506,114,105,9,9
63507,99,88,11,11
63508,232,199,33,33
63509,81,80,1,1
63510,117,114,3,3
63511,142,137,5,5
63512,33,31,2,2
63513,80,80,0,0
63514,95,85,10,10
63515,84,79,5,5
63516,111,114,-3,3
63517,53,56,-3,3
63518,47,59,-12,12
63519,80,79,1,1
63520,81,78,3,3
63521,74,72,2,2
63522,49,54,-5,5
63523,124,106,18,18
63524,98,91,7,7
63525,155,152,3,3
63526,58,60,-2,2
63527,111,100,11,11
63528,99,111,-12,12
63529,124,112,12,12
63530,62,61,1,1
63531,55,69,-14,14
63532,72,70,2,2
63533,62,64,-2,2
63534,74,69,5,5
63535,76,65,11,11
63536,102,96,6,6
63537,87,87,0,0
63538,136,126,10,10
63539,89,81,8,8
63540,68,68,0,0
63541,67,68,-1,1
63542,97,99,-2,2
63543,123,110,13,13
63544,170,147,23,23
63545,120,116,4,4
63546,110,113,-3,3
63547,100,96,4,4
63548,37,46,-9,9
63549,84,69,15,15
63550,62,62,0,0
63551,145,129,16,16
63552,106,100,6,6
63553,115,102,13,13
63554,126,125,1,1
63555,141,146,-5,5
63556,92,86,6,6
63557,110,106,4,4
63558,59,68,-9,9
63559,90,82,8,8
63560,77,74,3,3
63561,70,70,0,0
63562,77,69,8,8
63563,79,71,8,8
63564,154,141,13,13
63565,137,136,1,1
63566,106,102,4,4
63567,116,110,6,6
63568,119,105,14,14
63569,65,58,7,7
63570,139,129,10,10
63571,145,127,18,18
63572,141,134,7,7
63573,119,107,12,12
63574,70,73,-3,3
63575,78,77,1,1
63576,75,63,12,12
63577,100,92,8,8
63578,163,150,13,13
63579,162,148,14,14
63580,153,144,9,9
63581,94,95,-1,1
63582,74,71,3,3
63583,88,86,2,2
63584,67,71,-4,4
63585,100,108,-8,8
63586,117,119,-2,2
63587,80,74,6,6
63588,95,82,13,13
63589,77,76,1,1
63590,121,112,9,9
63591,141,130,11,11
63592,83,73,10,10
63593,55,60,-5,5
63594,87,76,11,11
63595,76,77,-1,1
63596,116,103,13,13
63597,162,181,-19,19
63598,114,108,6,6
63599,79,80,-1,1
63600,117,119,-2,2
63601,54,55,-1,1
63602,87,89,-2,2
63603,124,123,1,1
63604,101,98,3,3
63605,53,55,-2,2
63606,133,125,8,8
63607,75,88,-13,13
63608,78,88,-10,10
63609,69,79,-10,10
63610,40,43,-3,3
63611,84,80,4,4
63612,94,92,2,2
63613,75,67,8,8
63614,95,94,1,1
63615,82,95,-13,13
63616,75,70,5,5
63617,141,116,25,25
63618,98,100,-2,2
63619,101,109,-8,8
63620,49,48,1,1
63621,45,45,0,0
63622,94,92,2,2
63623,132,107,25,25
63624,122,101,21,21
63625,96,96,0,0
63626,89,83,6,6
63627,114,109,5,5
63628,112,102,10,10
63629,55,68,-13,13
63630,63,66,-3,3
63631,133,110,23,23
63632,71,78,-7,7
63633,81,71,10,10
63634,104,105,-1,1
63635,97,83,14,14
63636,103,106,-3,3
63637,110,95,15,15
63638,91,88,3,3
63639,60,62,-2,2
63640,58,65,-7,7
63641,91,88,3,3
63642,69,73,-4,4
63643,75,86,-11,11
63644,175,175,0,0
63645,62,62,0,0
63646,121,119,2,2
63647,64,64,0,0
63648,103,94,9,9
63649,109,73,36,36
63650,111,97,14,14
63651,87,78,9,9
63652,146,131,15,15
63653,68,69,-1,1
63654,69,68,1,1
63655,79,79,0,0
63656,111,126,-15,15
63657,72,68,4,4
63658,110,101,9,9
63659,106,104,2,2
63660,112,98,14,14
63661,85,75,10,10
63662,153,153,0,0
63663,102,83,19,19
63664,75,77,-2,2
63665,123,110,13,13
63666,80,90,-10,10
63667,81,83,-2,2
63668,76,75,1,1
63669,107,116,-9,9
63670,163,151,12,12
63671,75,83,-8,8
63672,83,80,3,3
63673,72,65,7,7
63674,73,74,-1,1
63675,47,54,-7,7
63676,127,119,8,8
63677,31,40,-9,9
63678,88,79,9,9
63679,131,128,3,3
63680,140,148,-8,8
63681,172,158,14,14
63682,86,78,8,8
63683,137,127,10,10
63684,108,101,7,7
63685,67,70,-3,3
63686,157,167,-10,10
63687,42,50,-8,8
63688,81,79,2,2
63689,96,84,12,12
63690,189,174,15,15
63691,97,105,-8,8
63692,82,85,-3,3
63693,105,90,15,15
63694,107,95,12,12
63695,81,81,0,0
63696,44,43,1,1
63697,93,91,2,2
63698,63,62,1,1
63699,46,92,-46,46
63700,128,128,0,0
63701,133,131,2,2
63702,40,43,-3,3
63703,119,110,9,9
63704,100,91,9,9
63705,96,90,6,6
63706,84,85,-1,1
63707,188,179,9,9
63708,66,69,-3,3
63709,145,140,5,5
63710,50,57,-7,7
63711,74,72,2,2
63712,82,81,1,1
63713,92,94,-2,2
63714,131,124,7,7
63715,69,67,2,2
63716,97,85,12,12
63717,137,130,7,7
63718,98,97,1,1
63719,67,70,-3,3
63720,107,110,-3,3
63721,49,49,0,0
63722,76,75,1,1
63723,66,65,1,1
63724,170,155,15,15
63725,101,101,0,0
63726,95,79,16,16
63727,76,69,7,7
63728,82,76,6,6
63729,84,78,6,6
63730,106,108,-2,2
63731,64,75,-11,11
63732,91,87,4,4
63733,86,82,4,4
63734,54,53,1,1
63735,82,95,-13,13
63736,89,90,-1,1
63737,97,96,1,1
63738,161,147,14,14
63739,48,45,3,3
63740,109,102,7,7
63741,159,146,13,13
63742,106,105,1,1
63743,181,151,30,30
63744,129,131,-2,2
63745,101,105,-4,4
63746,114,104,10,10
63747,126,112,14,14
63748,168,144,24,24
63749,95,96,-1,1
63750,80,83,-3,3
63751,96,89,7,7
63752,35,46,-11,11
63753,73,75,-2,2
63754,89,83,6,6
63755,107,92,15,15
63756,88,86,2,2
63757,92,95,-3,3
63758,91,81,10,10
63759,91,80,11,11
63760,120,131,-11,11
63761,82,79,3,3
63762,80,83,-3,3
63763,55,54,1,1
63764,76,67,9,9
63765,72,69,3,3
63766,105,93,12,12
63767,113,105,8,8
63768,67,61,6,6
63769,101,103,-2,2
63770,80,81,-1,1
63771,80,86,-6,6
63772,96,86,10,10
63773,71,79,-8,8
63774,148,148,0,0
63775,72,69,3,3
63776,127,128,-1,1
63777,75,76,-1,1
63778,83,85,-2,2
63779,90,90,0,0
63780,86,86,0,0
63781,75,79,-4,4
63782,72,71,1,1
63783,70,58,12,12
63784,105,103,2,2
63785,41,45,-4,4
63786,68,68,0,0
63787,86,79,7,7
63788,64,57,7,7
63789,86,88,-2,2
63790,51,55,-4,4
63791,124,109,15,15
63792,88,91,-3,3
63793,93,91,2,2
63794,54,67,-13,13
63795,71,67,4,4
63796,132,129,3,3
63797,101,95,6,6
63798,172,147,25,25
63799,176,169,7,7
63800,173,173,0,0
63801,130,121,9,9
63802,79,76,3,3
63803,102,103,-1,1
63804,133,123,10,10
63805,90,71,19,19
63806,102,94,8,8
63807,65,65,0,0
63808,128,117,11,11
63809,159,122,37,37
63810,57,58,-1,1
63811,171,157,14,14
63812,66,71,-5,5
63813,165,148,17,17
63814,51,48,3,3
63815,111,107,4,4
63816,211,177,34,34
63817,89,82,7,7
63818,74,77,-3,3
63819,86,93,-7,7
63820,129,104,25,25
63821,67,63,4,4
63822,112,111,1,1
63823,102,82,20,20
63824,76,73,3,3
63825,67,78,-11,11
63826,96,91,5,5
63827,115,114,1,1
63828,95,97,-2,2
63829,129,122,7,7
63830,78,73,5,5
63831,58,65,-7,7
63832,93,89,4,4
63833,53,50,3,3
63834,62,64,-2,2
63835,89,88,1,1
63836,110,103,7,7
63837,109,116,-7,7
63838,34,64,-30,30
63839,94,81,13,13
63840,54,56,-2,2
63841,111,108,3,3
63842,128,126,2,2
63843,141,134,7,7
63844,92,84,8,8
63845,102,84,18,18
63846,94,97,-3,3
63847,130,118,12,12
63848,93,97,-4,4
63849,86,73,13,13
63850,102,99,3,3
63851,137,115,22,22
63852,55,43,12,12
63853,118,110,8,8
63854,121,108,13,13
63855,155,140,15,15
63856,71,77,-6,6
63857,140,135,5,5
63858,64,68,-4,4
63859,110,117,-7,7
63860,119,119,0,0
63861,55,65,-10,10
63862,80,84,-4,4
63863,142,124,18,18
63864,44,53,-9,9
63865,111,110,1,1
63866,113,105,8,8
63867,146,126,20,20
63868,169,163,6,6
63869,129,116,13,13
63870,76,81,-5,5
63871,67,65,2,2
63872,75,74,1,1
63873,68,66,2,2
63874,74,77,-3,3
63875,80,77,3,3
63876,33,39,-6,6
63877,91,89,2,2
63878,75,69,6,6
63879,94,87,7,7
63880,142,126,16,16
63881,50,102,-52,52
63882,193,191,2,2
63883,81,84,-3,3
63884,111,103,8,8
63885,130,126,4,4
63886,51,48,3,3
63887,73,71,2,2
63888,136,138,-2,2
63889,94,89,5,5
63890,111,94,17,17
63891,119,112,7,7
63892,101,102,-1,1
63893,79,71,8,8
63894,92,90,2,2
63895,84,77,7,7
63896,48,58,-10,10
63897,105,106,-1,1
63898,87,76,11,11
63899,91,92,-1,1
63900,78,84,-6,6
63901,136,143,-7,7
63902,123,120,3,3
63903,130,125,5,5
63904,126,114,12,12
63905,84,90,-6,6
63906,122,123,-1,1
63907,124,118,6,6
63908,117,108,9,9
63909,49,47,2,2
63910,63,62,1,1
63911,64,63,1,1
63912,57,63,-6,6
63913,37,45,-8,8
63914,38,44,-6,6
63915,56,55,1,1
63916,137,124,13,13
63917,109,109,0,0
63918,158,148,10,10
63919,112,117,-5,5
63920,96,103,-7,7
63921,99,99,0,0
63922,68,68,0,0
63923,94,93,1,1
63924,118,118,0,0
63925,80,80,0,0
63926,78,82,-4,4
63927,94,89,5,5
63928,172,165,7,7
63929,39,45,-6,6
63930,62,74,-12,12
63931,152,133,19,19
63932,120,107,13,13
63933,90,80,10,10
63934,105,94,11,11
63935,80,75,5,5
63936,58,62,-4,4
63937,51,55,-4,4
63938,90,85,5,5
63939,107,98,9,9
63940,71,73,-2,2
63941,61,66,-5,5
63942,111,125,-14,14
63943,88,91,-3,3
63944,56,58,-2,2
63945,93,87,6,6
63946,106,98,8,8
63947,96,93,3,3
63948,81,88,-7,7
63949,63,58,5,5
63950,112,114,-2,2
63951,120,104,16,16
63952,59,53,6,6
63953,103,91,12,12
63954,50,55,-5,5
63955,115,91,24,24
63956,54,65,-11,11
63957,71,69,2,2
63958,59,56,3,3
63959,115,106,9,9
63960,47,57,-10,10
63961,100,96,4,4
63962,77,78,-1,1
63963,195,170,25,25
63964,118,110,8,8
63965,90,90,0,0
63966,101,95,6,6
63967,141,129,12,12
63968,153,139,14,14
63969,72,78,-6,6
63970,76,81,-5,5
63971,141,116,25,25
63972,168,145,23,23
63973,189,161,28,28
63974,52,55,-3,3
63975,90,88,2,2
63976,81,81,0,0
63977,54,57,-3,3
63978,128,115,13,13
63979,86,88,-2,2
63980,65,70,-5,5
63981,53,52,1,1
63982,57,60,-3,3
63983,90,69,21,21
63984,73,75,-2,2
63985,75,82,-7,7
63986,85,81,4,4
63987,143,137,6,6
63988,44,58,-14,14
63989,81,72,9,9
63990,76,83,-7,7
63991,126,117,9,9
63992,46,52,-6,6
63993,139,119,20,20
63994,154,145,9,9
63995,161,156,5,5
63996,59,54,5,5
63997,78,82,-4,4
63998,85,83,2,2
63999,48,56,-8,8
64000,71,68,3,3
64001,79,82,-3,3
64002,65,64,1,1
64003,78,75,3,3
64004,117,113,4,4
64005,51,49,2,2
64006,153,88,65,65
64007,118,122,-4,4
64008,66,64,2,2
64009,75,77,-2,2
64010,102,106,-4,4
64011,85,81,4,4
64012,64,64,0,0
64013,95,97,-2,2
64014,160,140,20,20
64015,94,86,8,8
64016,68,77,-9,9
64017,180,175,5,5
64018,52,76,-24,24
64019,106,106,0,0
64020,85,83,2,2
64021,115,124,-9,9
64022,57,46,11,11
64023,104,100,4,4
64024,53,57,-4,4
64025,79,73,6,6
64026,68,80,-12,12
64027,86,75,11,11
64028,121,110,11,11
64029,54,53,1,1
64030,74,71,3,3
64031,122,138,-16,16
64032,67,68,-1,1
64033,128,127,1,1
64034,56,57,-1,1
64035,146,136,10,10
64036,111,111,0,0
64037,86,88,-2,2
64038,96,85,11,11
64039,144,143,1,1
64040,73,73,0,0
64041,50,53,-3,3
64042,179,170,9,9
64043,83,87,-4,4
64044,62,59,3,3
64045,103,98,5,5
64046,101,98,3,3
64047,59,64,-5,5
64048,74,68,6,6
64049,72,69,3,3
64050,75,84,-9,9
64051,109,107,2,2
64052,102,84,18,18
64053,143,134,9,9
64054,83,94,-11,11
64055,156,152,4,4
64056,124,111,13,13
64057,80,76,4,4
64058,161,144,17,17
64059,54,59,-5,5
64060,75,87,-12,12
64061,155,131,24,24
64062,117,103,14,14
64063,130,126,4,4
64064,225,190,35,35
64065,94,89,5,5
64066,63,60,3,3
64067,72,68,4,4
64068,179,165,14,14
64069,141,136,5,5
64070,82,72,10,10
64071,62,49,13,13
64072,122,117,5,5
64073,79,71,8,8
64074,93,78,15,15
64075,137,155,-18,18
64076,110,108,2,2
64077,137,128,9,9
64078,84,71,13,13
64079,64,65,-1,1
64080,64,56,8,8
64081,56,63,-7,7
64082,70,71,-1,1
64083,76,74,2,2
64084,118,108,10,10
64085,88,79,9,9
64086,81,73,8,8
64087,129,121,8,8
64088,64,70,-6,6
64089,97,90,7,7
64090,123,123,0,0
64091,86,73,13,13
64092,97,92,5,5
64093,115,115,0,0
64094,96,100,-4,4
64095,77,77,0,0
64096,168,178,-10,10
64097,51,54,-3,3
64098,90,83,7,7
64099,56,64,-8,8
64100,71,75,-4,4
64101,107,104,3,3
64102,94,82,12,12
64103,46,57,-11,11
64104,118,107,11,11
64105,129,113,16,16
64106,106,108,-2,2
64107,81,82,-1,1
64108,82,74,8,8
64109,56,54,2,2
64110,79,69,10,10
64111,71,70,1,1
64112,148,151,-3,3
64113,205,183,22,22
64114,142,121,21,21
64115,85,77,8,8
64116,47,53,-6,6
64117,91,87,4,4
64118,108,98,10,10
64119,73,69,4,4
64120,102,102,0,0
64121,129,134,-5,5
64122,130,157,-27,27
64123,103,90,13,13
64124,70,91,-21,21
64125,90,83,7,7
64126,118,129,-11,11
64127,85,71,14,14
64128,63,67,-4,4
64129,62,62,0,0
64130,93,90,3,3
64131,66,79,-13,13
64132,57,54,3,3
64133,43,50,-7,7
64134,104,93,11,11
64135,131,121,10,10
64136,88,80,8,8
64137,79,79,0,0
64138,83,70,13,13
64139,77,69,8,8
64140,82,81,1,1
64141,109,100,9,9
64142,118,110,8,8
64143,134,132,2,2
64144,124,129,-5,5
64145,105,108,-3,3
64146,102,92,10,10
64147,109,103,6,6
64148,100,96,4,4
64149,84,87,-3,3
64150,88,81,7,7
64151,86,82,4,4
64152,92,80,12,12
64153,125,114,11,11
64154,70,64,6,6
64155,167,135,32,32
64156,151,157,-6,6
64157,80,69,11,11
64158,125,104,21,21
64159,140,147,-7,7
64160,101,99,2,2
64161,68,64,4,4
64162,48,67,-19,19
64163,105,99,6,6
64164,72,66,6,6
64165,73,73,0,0
64166,139,134,5,5
64167,88,87,1,1
64168,65,95,-30,30
64169,100,95,5,5
64170,150,145,5,5
64171,116,112,4,4
64172,64,67,-3,3
64173,115,101,14,14
64174,58,62,-4,4
64175,132,139,-7,7
64176,91,83,8,8
64177,75,65,10,10
64178,98,98,0,0
64179,109,103,6,6
64180,115,99,16,16
64181,86,91,-5,5
64182,100,85,15,15
64183,77,74,3,3
64184,156,157,-1,1
64185,63,61,2,2
64186,81,82,-1,1
64187,95,87,8,8
64188,70,70,0,0
64189,100,97,3,3
64190,92,89,3,3
64191,150,149,1,1
64192,99,105,-6,6
64193,133,119,14,14
64194,46,52,-6,6
64195,99,89,10,10
64196,128,114,14,14
64197,77,78,-1,1
64198,77,78,-1,1
64199,62,66,-4,4
64200,175,143,32,32
64201,183,171,12,12
64202,80,79,1,1
64203,124,118,6,6
64204,116,107,9,9
64205,140,148,-8,8
64206,74,68,6,6
64207,104,117,-13,13
64208,43,54,-11,11
64209,191,175,16,16
64210,245,233,12,12
64211,94,86,8,8
64212,110,95,15,15
64213,86,85,1,1
64214,49,63,-14,14
64215,116,114,2,2
64216,58,59,-1,1
64217,51,46,5,5
64218,96,93,3,3
64219,73,76,-3,3
64220,100,97,3,3
64221,83,130,-47,47
64222,130,121,9,9
64223,64,68,-4,4
64224,77,78,-1,1
64225,126,129,-3,3
64226,52,51,1,1
64227,84,79,5,5
64228,69,81,-12,12
64229,107,120,-13,13
64230,104,88,16,16
64231,55,55,0,0
64232,87,90,-3,3
64233,88,93,-5,5
64234,147,147,0,0
64235,122,108,14,14
64236,120,108,12,12
64237,166,154,12,12
64238,80,87,-7,7
64239,122,116,6,6
64240,43,42,1,1
64241,121,106,15,15
64242,70,73,-3,3
64243,101,97,4,4
64244,57,63,-6,6
64245,100,90,10,10
64246,52,55,-3,3
64247,69,71,-2,2
64248,52,45,7,7
64249,60,63,-3,3
64250,74,68,6,6
64251,92,91,1,1
64252,47,53,-6,6
64253,91,91,0,0
64254,72,74,-2,2
64255,45,43,2,2
64256,70,76,-6,6
64257,119,118,1,1
64258,113,112,1,1
64259,51,54,-3,3
64260,56,61,-5,5
64261,95,89,6,6
64262,82,90,-8,8
64263,79,78,1,1
64264,70,72,-2,2
64265,78,76,2,2
64266,94,91,3,3
64267,68,65,3,3
64268,87,88,-1,1
64269,164,173,-9,9
64270,101,91,10,10
64271,145,141,4,4
64272,50,50,0,0
64273,65,79,-14,14
64274,108,95,13,13
64275,77,74,3,3
64276,153,135,18,18
64277,113,102,11,11
64278,181,151,30,30
64279,52,55,-3,3
64280,96,98,-2,2
64281,139,128,11,11
64282,91,91,0,0
64283,73,73,0,0
64284,77,76,1,1
64285,71,71,0,0
64286,51,50,1,1
64287,90,89,1,1
64288,68,64,4,4
64289,73,73,0,0
64290,94,101,-7,7
64291,69,65,4,4
64292,90,88,2,2
64293,154,151,3,3
64294,163,138,25,25
64295,74,75,-1,1
64296,55,60,-5,5
64297,73,76,-3,3
64298,33,34,-1,1
64299,154,140,14,14
64300,70,50,20,20
64301,72,73,-1,1
64302,96,99,-3,3
64303,117,109,8,8
64304,127,120,7,7
64305,84,88,-4,4
64306,99,102,-3,3
64307,72,70,2,2
64308,144,129,15,15
64309,74,75,-1,1
64310,75,78,-3,3
64311,89,82,7,7
64312,122,111,11,11
64313,165,154,11,11
64314,45,48,-3,3
64315,82,86,-4,4
64316,84,79,5,5
64317,166,157,9,9
64318,140,127,13,13
64319,96,101,-5,5
64320,73,70,3,3
64321,200,181,19,19
64322,113,108,5,5
64323,137,125,12,12
64324,87,88,-1,1
64325,127,121,6,6
64326,74,64,10,10
64327,89,80,9,9
64328,128,132,-4,4
64329,73,77,-4,4
64330,53,51,2,2
64331,26,44,-18,18
64332,104,103,1,1
64333,91,81,10,10
64334,157,146,11,11
64335,93,84,9,9
64336,125,127,-2,2
64337,66,60,6,6
64338,125,112,13,13
64339,144,120,24,24
64340,106,95,11,11
64341,129,114,15,15
64342,86,94,-8,8
64343,188,172,16,16
64344,142,126,16,16
64345,54,54,0,0
64346,185,151,34,34
64347,152,144,8,8
64348,55,51,4,4
64349,74,78,-4,4
64350,132,134,-2,2
64351,80,72,8,8
64352,77,73,4,4
64353,67,77,-10,10
64354,71,66,5,5
64355,129,113,16,16
64356,116,101,15,15
64357,97,88,9,9
64358,39,46,-7,7
64359,44,53,-9,9
64360,73,76,-3,3
64361,78,74,4,4
64362,68,63,5,5
64363,57,53,4,4
64364,97,77,20,20
64365,77,75,2,2
64366,159,150,9,9
64367,144,129,15,15
64368,58,61,-3,3
64369,74,82,-8,8
64370,47,52,-5,5
64371,86,82,4,4
64372,95,81,14,14
64373,74,71,3,3
64374,84,94,-10,10
64375,175,165,10,10
64376,47,45,2,2
64377,110,98,12,12
64378,181,166,15,15
64379,117,112,5,5
64380,77,67,10,10
64381,88,77,11,11
64382,84,87,-3,3
64383,56,50,6,6
64384,49,46,3,3
64385,75,80,-5,5
64386,58,53,5,5
64387,110,109,1,1
64388,80,79,1,1
64389,120,125,-5,5
64390,79,94,-15,15
64391,107,109,-2,2
64392,79,75,4,4
64393,69,68,1,1
64394,36,46,-10,10
64395,106,103,3,3
64396,64,63,1,1
64397,91,93,-2,2
64398,70,73,-3,3
64399,69,68,1,1
64400,75,77,-2,2
64401,54,51,3,3
64402,69,76,-7,7
64403,105,113,-8,8
64404,67,68,-1,1
64405,28,34,-6,6
64406,57,57,0,0
64407,46,39,7,7
64408,52,54,-2,2
64409,122,118,4,4
64410,101,92,9,9
64411,129,117,12,12
64412,143,148,-5,5
64413,193,173,20,20
64414,55,59,-4,4
64415,92,87,5,5
64416,107,85,22,22
64417,137,117,20,20
64418,100,98,2,2
64419,61,69,-8,8
64420,113,98,15,15
64421,112,105,7,7
64422,78,71,7,7
64423,82,87,-5,5
64424,58,67,-9,9
64425,65,49,16,16
64426,52,60,-8,8
64427,106,104,2,2
64428,47,56,-9,9
64429,72,77,-5,5
64430,75,79,-4,4
64431,135,137,-2,2
64432,87,86,1,1
64433,175,163,12,12
64434,99,104,-5,5
64435,50,48,2,2
64436,90,85,5,5
64437,83,90,-7,7
64438,68,68,0,0
64439,85,84,1,1
64440,73,77,-4,4
64441,58,70,-12,12
64442,78,73,5,5
64443,89,95,-6,6
64444,49,55,-6,6
64445,73,64,9,9
64446,108,80,28,28
64447,60,66,-6,6
64448,142,126,16,16
64449,217,189,28,28
64450,57,50,7,7
64451,61,58,3,3
64452,82,75,7,7
64453,73,75,-2,2
64454,108,101,7,7
64455,139,141,-2,2
64456,80,76,4,4
64457,218,202,16,16
64458,119,116,3,3
64459,105,101,4,4
64460,57,64,-7,7
64461,106,110,-4,4
64462,74,81,-7,7
64463,77,80,-3,3
64464,143,133,10,10
64465,103,97,6,6
64466,120,112,8,8
64467,124,109,15,15
64468,112,103,9,9
64469,105,91,14,14
64470,144,139,5,5
64471,97,86,11,11
64472,65,64,1,1
64473,74,71,3,3
64474,55,58,-3,3
64475,80,80,0,0
64476,115,107,8,8
64477,145,140,5,5
64478,103,108,-5,5
64479,132,117,15,15
64480,46,44,2,2
64481,59,57,2,2
64482,83,77,6,6
64483,150,134,16,16
64484,182,164,18,18
64485,44,47,-3,3
64486,64,76,-12,12
64487,53,53,0,0
64488,78,83,-5,5
64489,112,116,-4,4
64490,109,99,10,10
64491,95,102,-7,7
64492,62,83,-21,21
64493,57,64,-7,7
64494,130,126,4,4
64495,101,91,10,10
64496,135,136,-1,1
64497,100,114,-14,14
64498,107,112,-5,5
64499,97,101,-4,4
64500,79,75,4,4
64501,80,84,-4,4
64502,94,71,23,23
64503,122,112,10,10
64504,57,59,-2,2
64505,58,66,-8,8
64506,76,73,3,3
64507,144,125,19,19
64508,51,48,3,3
64509,54,57,-3,3
64510,85,86,-1,1
64511,61,67,-6,6
64512,148,122,26,26
64513,33,43,-10,10
64514,99,95,4,4
64515,117,108,9,9
64516,82,77,5,5
64517,54,76,-22,22
64518,144,128,16,16
64519,141,133,8,8
64520,80,86,-6,6
64521,203,180,23,23
64522,93,89,4,4
64523,65,65,0,0
64524,61,54,7,7
64525,139,129,10,10
64526,84,81,3,3
64527,72,77,-5,5
64528,68,74,-6,6
64529,56,70,-14,14
64530,101,98,3,3
64531,63,73,-10,10
64532,94,94,0,0
64533,120,113,7,7
64534,113,113,0,0
64535,32,43,-11,11
64536,94,102,-8,8
64537,116,113,3,3
64538,101,94,7,7
64539,57,64,-7,7
64540,144,131,13,13
64541,76,76,0,0
64542,94,90,4,4
64543,80,80,0,0
64544,100,92,8,8
64545,150,132,18,18
64546,85,89,-4,4
64547,77,73,4,4
64548,75,73,2,2
64549,170,150,20,20
64550,138,137,1,1
64551,74,72,2,2
64552,83,80,3,3
64553,193,183,10,10
64554,95,83,12,12
64555,132,124,8,8
64556,69,66,3,3
64557,120,126,-6,6
64558,102,95,7,7
64559,87,82,5,5
64560,133,110,23,23
64561,106,102,4,4
64562,90,94,-4,4
64563,61,65,-4,4
64564,87,86,1,1
64565,130,118,12,12
64566,77,81,-4,4
64567,80,96,-16,16
64568,95,80,15,15
64569,64,64,0,0
64570,57,66,-9,9
64571,70,69,1,1
64572,111,103,8,8
64573,54,57,-3,3
64574,142,158,-16,16
64575,52,55,-3,3
64576,47,53,-6,6
64577,133,131,2,2
64578,140,141,-1,1
64579,60,66,-6,6
64580,186,156,30,30
64581,77,74,3,3
64582,101,92,9,9
64583,59,60,-1,1
64584,121,124,-3,3
64585,104,108,-4,4
64586,155,125,30,30
64587,83,79,4,4
64588,77,72,5,5
64589,123,107,16,16
64590,59,56,3,3
64591,105,87,18,18
64592,75,82,-7,7
64593,116,101,15,15
64594,72,72,0,0
64595,149,151,-2,2
64596,119,109,10,10
64597,63,73,-10,10
64598,87,81,6,6
64599,137,126,11,11
64600,82,73,9,9
64601,125,116,9,9
64602,36,57,-21,21
64603,67,68,-1,1
64604,116,112,4,4
64605,155,139,16,16
64606,103,88,15,15
64607,104,94,10,10
64608,143,135,8,8
64609,123,117,6,6
64610,121,107,14,14
64611,87,79,8,8
64612,72,74,-2,2
64613,49,65,-16,16
64614,69,79,-10,10
64615,72,87,-15,15
64616,116,90,26,26
64617,138,143,-5,5
64618,97,98,-1,1
64619,63,65,-2,2
64620,109,101,8,8
64621,80,82,-2,2
64622,96,90,6,6
64623,98,83,15,15
64624,101,104,-3,3
64625,143,128,15,15
64626,90,87,3,3
64627,85,78,7,7
64628,120,122,-2,2
64629,65,63,2,2
64630,161,139,22,22
64631,124,104,20,20
64632,103,99,4,4
64633,99,93,6,6
64634,121,123,-2,2
64635,122,117,5,5
64636,104,106,-2,2
64637,160,161,-1,1
64638,109,87,22,22
64639,63,60,3,3
64640,112,107,5,5
64641,88,83,5,5
64642,88,83,5,5
64643,101,108,-7,7
64644,50,51,-1,1
64645,170,172,-2,2
64646,64,71,-7,7
64647,102,111,-9,9
64648,93,85,8,8
64649,132,121,11,11
64650,75,81,-6,6
64651,84,73,11,11
64652,60,60,0,0
64653,103,111,-8,8
64654,58,60,-2,2
64655,153,131,22,22
64656,135,121,14,14
64657,62,75,-13,13
64658,162,143,19,19
64659,74,75,-1,1
64660,90,80,10,10
64661,127,122,5,5
64662,97,98,-1,1
64663,102,96,6,6
64664,117,112,5,5
64665,38,45,-7,7
64666,114,103,11,11
64667,45,38,7,7
64668,100,97,3,3
64669,61,57,4,4
64670,101,88,13,13
64671,120,117,3,3
64672,152,140,12,12
64673,84,87,-3,3
64674,100,90,10,10
64675,108,100,8,8
64676,124,128,-4,4
64677,148,148,0,0
64678,46,50,-4,4
64679,119,114,5,5
64680,118,103,15,15
64681,52,57,-5,5
64682,104,107,-3,3
64683,82,99,-17,17
64684,100,87,13,13
64685,118,103,15,15
64686,70,72,-2,2
64687,104,84,20,20
64688,141,129,12,12
64689,97,93,4,4
64690,24,32,-8,8
64691,192,164,28,28
64692,71,65,6,6
64693,78,83,-5,5
64694,46,52,-6,6
64695,79,79,0,0
64696,153,133,20,20
64697,88,98,-10,10
64698,64,69,-5,5
64699,81,73,8,8
64700,81,77,4,4
64701,105,96,9,9
64702,88,91,-3,3
64703,120,122,-2,2
64704,68,67,1,1
64705,84,82,2,2
64706,121,108,13,13
64707,80,71,9,9
64708,138,138,0,0
64709,90,81,9,9
64710,87,91,-4,4
64711,92,90,2,2
64712,111,116,-5,5
64713,77,71,6,6
64714,74,72,2,2
64715,170,133,37,37
64716,77,75,2,2
64717,117,119,-2,2
64718,151,131,20,20
64719,84,86,-2,2
64720,108,112,-4,4
64721,69,73,-4,4
64722,121,120,1,1
64723,94,97,-3,3
64724,41,44,-3,3
64725,140,131,9,9
64726,76,67,9,9
64727,85,78,7,7
64728,104,105,-1,1
64729,48,54,-6,6
64730,128,129,-1,1
64731,68,69,-1,1
64732,70,71,-1,1
64733,93,81,12,12
64734,69,79,-10,10
64735,56,45,11,11
64736,96,95,1,1
64737,50,52,-2,2
64738,64,68,-4,4
64739,69,79,-10,10
64740,89,81,8,8
64741,75,80,-5,5
64742,77,79,-2,2
64743,68,64,4,4
64744,59,86,-27,27
64745,140,118,22,22
64746,79,73,6,6
64747,46,43,3,3
64748,54,49,5,5
64749,89,91,-2,2
64750,99,99,0,0
64751,68,67,1,1
64752,86,91,-5,5
64753,106,90,16,16
64754,82,75,7,7
64755,97,126,-29,29
64756,29,43,-14,14
64757,99,92,7,7
64758,119,118,1,1
64759,102,100,2,2
64760,104,101,3,3
64761,148,119,29,29
64762,146,136,10,10
64763,107,98,9,9
64764,49,45,4,4
64765,45,44,1,1
64766,133,125,8,8
64767,102,107,-5,5
64768,110,111,-1,1
64769,100,95,5,5
64770,112,103,9,9
64771,59,68,-9,9
64772,73,63,10,10
64773,115,123,-8,8
64774,88,84,4,4
64775,77,84,-7,7
64776,133,126,7,7
64777,86,86,0,0
64778,74,64,10,10
64779,125,116,9,9
64780,97,97,0,0
64781,71,64,7,7
64782,42,48,-6,6
64783,140,134,6,6
64784,70,66,4,4
64785,76,77,-1,1
64786,59,57,2,2
64787,87,93,-6,6
64788,134,116,18,18
64789,173,159,14,14
64790,47,50,-3,3
64791,112,96,16,16
64792,94,98,-4,4
64793,81,76,5,5
64794,152,146,6,6
64795,56,59,-3,3
64796,72,72,0,0
64797,82,81,1,1
64798,68,67,1,1
64799,87,87,0,0
64800,116,129,-13,13
64801,49,45,4,4
64802,124,118,6,6
64803,146,147,-1,1
64804,151,137,14,14
64805,67,87,-20,20
64806,57,90,-33,33
64807,147,144,3,3
64808,104,104,0,0
64809,124,121,3,3
64810,46,54,-8,8
64811,118,116,2,2
64812,110,108,2,2
64813,82,79,3,3
64814,97,85,12,12
64815,104,92,12,12
64816,46,45,1,1
64817,76,81,-5,5
64818,66,67,-1,1
64819,51,50,1,1
64820,63,55,8,8
64821,81,77,4,4
64822,110,106,4,4
64823,160,151,9,9
64824,65,65,0,0
64825,43,47,-4,4
64826,67,110,-43,43
64827,104,97,7,7
64828,83,88,-5,5
64829,57,71,-14,14
64830,139,130,9,9
64831,78,76,2,2
64832,68,60,8,8
64833,91,85,6,6
64834,117,117,0,0
64835,117,108,9,9
64836,110,112,-2,2
64837,67,69,-2,2
64838,89,87,2,2
64839,96,101,-5,5
64840,92,97,-5,5
64841,87,85,2,2
64842,92,82,10,10
64843,59,66,-7,7
64844,66,66,0,0
64845,160,158,2,2
64846,188,161,27,27
64847,96,94,2,2
64848,75,79,-4,4
64849,140,128,12,12
64850,95,88,7,7
64851,83,83,0,0
64852,103,101,2,2
64853,81,83,-2,2
64854,87,83,4,4
64855,90,89,1,1
64856,66,66,0,0
64857,100,90,10,10
64858,75,73,2,2
64859,50,51,-1,1
64860,68,68,0,0
64861,82,78,4,4
64862,72,66,6,6
64863,56,58,-2,2
64864,113,106,7,7
64865,41,51,-10,10
64866,56,63,-7,7
64867,92,85,7,7
64868,68,70,-2,2
64869,63,62,1,1
64870,111,111,0,0
64871,74,76,-2,2
64872,91,89,2,2
64873,84,131,-47,47
64874,107,110,-3,3
64875,95,92,3,3
64876,80,72,8,8
64877,125,124,1,1
64878,57,54,3,3
64879,115,119,-4,4
64880,117,106,11,11
64881,71,74,-3,3
64882,72,68,4,4
64883,199,176,23,23
64884,100,101,-1,1
64885,75,67,8,8
64886,78,73,5,5
64887,82,75,7,7
64888,85,86,-1,1
64889,53,61,-8,8
64890,89,86,3,3
64891,111,97,14,14
64892,58,61,-3,3
64893,74,68,6,6
64894,106,117,-11,11
64895,139,128,11,11
64896,94,87,7,7
64897,66,66,0,0
64898,140,118,22,22
64899,100,96,4,4
64900,60,60,0,0
64901,118,101,17,17
64902,108,92,16,16
64903,131,113,18,18
64904,141,147,-6,6
64905,107,106,1,1
64906,65,72,-7,7
64907,104,104,0,0
64908,121,119,2,2
64909,93,96,-3,3
64910,85,90,-5,5
64911,77,79,-2,2
64912,113,104,9,9
64913,44,44,0,0
64914,110,122,-12,12
64915,75,66,9,9
64916,65,71,-6,6
64917,59,57,2,2
64918,102,90,12,12
64919,93,109,-16,16
64920,85,84,1,1
64921,57,55,2,2
64922,129,116,13,13
64923,45,60,-15,15
64924,60,76,-16,16
64925,89,91,-2,2
64926,93,92,1,1
64927,104,97,7,7
64928,55,54,1,1
64929,83,87,-4,4
64930,137,127,10,10
64931,109,96,13,13
64932,69,67,2,2
64933,110,121,-11,11
64934,119,96,23,23
64935,97,87,10,10
64936,81,81,0,0
64937,104,97,7,7
64938,71,78,-7,7
64939,50,58,-8,8
64940,136,122,14,14
64941,70,66,4,4
64942,63,69,-6,6
64943,90,93,-3,3
64944,102,95,7,7
64945,50,52,-2,2
64946,138,123,15,15
64947,103,123,-20,20
64948,127,120,7,7
64949,129,130,-1,1
64950,144,135,9,9
64951,52,58,-6,6
64952,72,74,-2,2
64953,94,95,-1,1
64954,77,68,9,9
64955,62,65,-3,3
64956,91,91,0,0
64957,58,56,2,2
64958,78,78,0,0
64959,63,64,-1,1
64960,111,99,12,12
64961,87,87,0,0
64962,85,77,8,8
64963,224,192,32,32
64964,99,92,7,7
64965,84,78,6,6
64966,101,96,5,5
64967,156,132,24,24
64968,50,49,1,1
64969,82,79,3,3
64970,190,189,1,1
64971,127,128,-1,1
64972,61,62,-1,1
64973,100,100,0,0
64974,81,83,-2,2
64975,141,122,19,19
64976,80,72,8,8
64977,67,66,1,1
64978,90,90,0,0
64979,81,77,4,4
64980,55,53,2,2
64981,85,86,-1,1
64982,36,45,-9,9
64983,87,74,13,13
64984,73,82,-9,9
64985,90,87,3,3
64986,69,65,4,4
64987,88,83,5,5
64988,64,68,-4,4
64989,56,55,1,1
64990,130,118,12,12
64991,59,54,5,5
64992,140,140,0,0
64993,129,114,15,15
64994,122,116,6,6
64995,69,66,3,3
64996,65,73,-8,8
64997,103,96,7,7
64998,36,36,0,0
64999,193,189,4,4
65000,123,115,8,8
65001,77,76,1,1
65002,75,69,6,6
65003,85,91,-6,6
65004,124,121,3,3
65005,148,144,4,4
65006,92,93,-1,1
65007,70,69,1,1
65008,129,119,10,10
65009,51,51,0,0
65010,98,84,14,14
65011,130,116,14,14
65012,134,125,9,9
65013,89,84,5,5
65014,83,89,-6,6
65015,89,86,3,3
65016,101,94,7,7
65017,110,95,15,15
65018,68,68,0,0
65019,68,63,5,5
65020,72,71,1,1
65021,77,78,-1,1
65022,147,128,19,19
65023,117,109,8,8
65024,79,93,-14,14
65025,103,101,2,2
65026,65,71,-6,6
65027,102,98,4,4
65028,66,66,0,0
65029,101,89,12,12
65030,77,78,-1,1
65031,58,63,-5,5
65032,75,77,-2,2
65033,50,64,-14,14
65034,116,110,6,6
65035,78,75,3,3
65036,111,98,13,13
65037,35,46,-11,11
65038,94,84,10,10
65039,136,122,14,14
65040,71,66,5,5
65041,94,102,-8,8
65042,81,75,6,6
65043,54,50,4,4
65044,94,84,10,10
65045,94,93,1,1
65046,143,132,11,11
65047,82,79,3,3
65048,156,136,20,20
65049,81,83,-2,2
65050,169,159,10,10
65051,104,100,4,4
65052,107,104,3,3
65053,69,82,-13,13
65054,123,102,21,21
65055,51,56,-5,5
65056,88,94,-6,6
65057,41,44,-3,3
65058,56,64,-8,8
65059,138,131,7,7
65060,102,91,11,11
65061,97,90,7,7
65062,124,122,2,2
65063,124,113,11,11
65064,119,128,-9,9
65065,55,55,0,0
65066,116,114,2,2
65067,60,56,4,4
65068,134,118,16,16
65069,63,87,-24,24
65070,73,73,0,0
65071,145,139,6,6
65072,111,106,5,5
65073,110,115,-5,5
65074,194,165,29,29
65075,92,94,-2,2
65076,97,86,11,11
65077,116,113,3,3
65078,61,55,6,6
65079,150,141,9,9
65080,45,47,-2,2
65081,99,87,12,12
65082,79,73,6,6
65083,118,119,-1,1
65084,74,69,5,5
65085,108,102,6,6
65086,85,80,5,5
65087,89,76,13,13
65088,107,106,1,1
65089,165,167,-2,2
65090,84,78,6,6
65091,132,119,13,13
65092,90,83,7,7
65093,144,115,29,29
65094,87,90,-3,3
65095,103,85,18,18
65096,98,101,-3,3
65097,88,83,5,5
65098,125,115,10,10
65099,112,101,11,11
65100,51,59,-8,8
65101,105,107,-2,2
65102,149,124,25,25
65103,109,103,6,6
65104,74,75,-1,1
65105,83,78,5,5
65106,85,86,-1,1
65107,75,68,7,7
65108,78,82,-4,4
65109,67,69,-2,2
65110,48,48,0,0
65111,109,84,25,25
65112,92,85,7,7
65113,90,91,-1,1
65114,90,83,7,7
65115,98,95,3,3
65116,76,74,2,2
65117,83,86,-3,3
65118,148,146,2,2
65119,99,94,5,5
65120,68,67,1,1
65121,79,69,10,10
65122,98,97,1,1
65123,194,182,12,12
65124,90,82,8,8
65125,70,64,6,6
65126,88,87,1,1
65127,66,69,-3,3
65128,81,68,13,13
65129,122,117,5,5
65130,96,93,3,3
65131,69,70,-1,1
65132,113,95,18,18
65133,61,68,-7,7
65134,101,82,19,19
65135,178,162,16,16
65136,111,103,8,8
65137,81,73,8,8
65138,147,158,-11,11
65139,121,110,11,11
65140,78,70,8,8
65141,86,81,5,5
65142,54,55,-1,1
65143,46,48,-2,2
65144,62,66,-4,4
65145,94,83,11,11
65146,101,99,2,2
65147,60,67,-7,7
65148,72,66,6,6
65149,75,82,-7,7
65150,148,136,12,12
65151,123,112,11,11
65152,81,92,-11,11
65153,126,123,3,3
65154,163,146,17,17
65155,105,101,4,4
65156,85,82,3,3
65157,102,93,9,9
65158,89,84,5,5
65159,123,124,-1,1
65160,62,55,7,7
65161,78,86,-8,8
65162,98,90,8,8
65163,68,64,4,4
65164,99,101,-2,2
65165,112,101,11,11
65166,89,82,7,7
65167,89,90,-1,1
65168,83,77,6,6
65169,119,115,4,4
65170,92,95,-3,3
65171,77,78,-1,1
65172,74,72,2,2
65173,115,130,-15,15
65174,107,98,9,9
65175,98,87,11,11
65176,136,121,15,15
65177,42,44,-2,2
65178,119,118,1,1
65179,119,119,0,0
65180,109,97,12,12
65181,113,108,5,5
65182,164,156,8,8
65183,86,83,3,3
65184,97,96,1,1
65185,112,114,-2,2
65186,124,115,9,9
65187,84,95,-11,11
65188,77,79,-2,2
65189,87,89,-2,2
65190,52,53,-1,1
65191,112,104,8,8
65192,78,75,3,3
65193,93,91,2,2
65194,115,124,-9,9
65195,76,70,6,6
65196,209,189,20,20
65197,41,48,-7,7
65198,115,107,8,8
65199,155,138,17,17
65200,53,51,2,2
65201,72,72,0,0
65202,110,82,28,28
65203,91,92,-1,1
65204,99,93,6,6
65205,88,93,-5,5
65206,100,95,5,5
65207,73,84,-11,11
65208,70,67,3,3
65209,126,117,9,9
65210,102,95,7,7
65211,97,88,9,9
65212,60,66,-6,6
65213,44,46,-2,2
65214,62,69,-7,7
65215,52,58,-6,6
65216,128,120,8,8
65217,168,160,8,8
65218,101,103,-2,2
65219,106,105,1,1
65220,191,170,21,21
65221,51,64,-13,13
65222,196,163,33,33
65223,92,94,-2,2
65224,47,45,2,2
65225,115,102,13,13
65226,70,65,5,5
65227,84,92,-8,8
65228,145,137,8,8
65229,102,101,1,1
65230,31,37,-6,6
65231,65,62,3,3
65232,92,88,4,4
65233,77,82,-5,5
65234,90,86,4,4
65235,30,27,3,3
65236,72,80,-8,8
65237,109,109,0,0
65238,148,146,2,2
65239,81,77,4,4
65240,75,70,5,5
65241,60,60,0,0
65242,147,136,11,11
65243,95,78,17,17
65244,71,74,-3,3
65245,145,146,-1,1
65246,91,92,-1,1
65247,48,69,-21,21
65248,94,93,1,1
65249,86,96,-10,10
65250,70,68,2,2
65251,120,116,4,4
65252,117,112,5,5
65253,118,91,27,27
65254,66,66,0,0
65255,70,65,5,5
65256,51,48,3,3
65257,80,83,-3,3
65258,78,82,-4,4
65259,136,117,19,19
65260,105,102,3,3
65261,94,84,10,10
65262,119,110,9,9
65263,119,117,2,2
65264,66,64,2,2
65265,133,120,13,13
65266,106,98,8,8
65267,110,92,18,18
65268,109,97,12,12
65269,97,109,-12,12
65270,54,57,-3,3
65271,143,125,18,18
65272,103,105,-2,2
65273,55,52,3,3
65274,72,70,2,2
65275,300,238,62,62
65276,110,106,4,4
65277,120,118,2,2
65278,114,119,-5,5
65279,65,65,0,0
65280,51,55,-4,4
65281,107,97,10,10
65282,86,87,-1,1
65283,91,87,4,4
65284,102,94,8,8
65285,72,63,9,9
65286,82,80,2,2
65287,134,125,9,9
65288,133,119,14,14
65289,79,85,-6,6
65290,146,139,7,7
65291,176,143,33,33
65292,117,111,6,6
65293,82,84,-2,2
65294,105,97,8,8
65295,89,88,1,1
65296,72,77,-5,5
65297,71,63,8,8
65298,117,116,1,1
65299,140,125,15,15
65300,80,83,-3,3
65301,53,52,1,1
65302,185,179,6,6
65303,111,97,14,14
65304,92,96,-4,4
65305,91,85,6,6
65306,112,94,18,18
65307,59,58,1,1
65308,106,95,11,11
65309,53,56,-3,3
65310,132,125,7,7
65311,80,84,-4,4
65312,163,156,7,7
65313,58,67,-9,9
65314,138,123,15,15
65315,173,164,9,9
65316,64,71,-7,7
65317,78,74,4,4
65318,101,104,-3,3
65319,103,94,9,9
65320,87,77,10,10
65321,105,99,6,6
65322,94,86,8,8
65323,89,91,-2,2
65324,63,69,-6,6
65325,92,84,8,8
65326,139,138,1,1
65327,78,80,-2,2
65328,58,78,-20,20
65329,77,80,-3,3
65330,71,98,-27,27
65331,154,149,5,5
65332,93,89,4,4
65333,61,62,-1,1
65334,168,153,15,15
65335,139,124,15,15
65336,78,76,2,2
65337,132,120,12,12
65338,56,52,4,4
65339,78,83,-5,5
65340,86,85,1,1
65341,68,67,1,1
65342,31,56,-25,25
65343,60,62,-2,2
65344,150,136,14,14
65345,117,108,9,9
65346,104,97,7,7
65347,102,100,2,2
65348,77,85,-8,8
65349,64,67,-3,3
65350,103,103,0,0
65351,113,106,7,7
65352,96,94,2,2
65353,114,90,24,24
65354,126,115,11,11
65355,106,105,1,1
65356,59,63,-4,4
65357,81,82,-1,1
65358,109,99,10,10
65359,121,125,-4,4
65360,70,68,2,2
65361,148,137,11,11
65362,94,88,6,6
65363,127,119,8,8
65364,117,115,2,2
65365,104,95,9,9
65366,46,54,-8,8
65367,106,116,-10,10
65368,94,85,9,9
65369,124,110,14,14
65370,62,66,-4,4
65371,62,77,-15,15
65372,74,82,-8,8
65373,53,54,-1,1
65374,40,49,-9,9
65375,70,68,2,2
65376,60,60,0,0
65377,45,44,1,1
65378,111,106,5,5
65379,37,51,-14,14
65380,88,99,-11,11
65381,51,102,-51,51
65382,66,66,0,0
65383,76,70,6,6
65384,91,83,8,8
65385,121,116,5,5
65386,135,122,13,13
65387,87,92,-5,5
65388,99,95,4,4
65389,106,102,4,4
65390,83,85,-2,2
65391,94,83,11,11
65392,76,76,0,0
65393,69,67,2,2
65394,100,108,-8,8
65395,118,114,4,4
65396,66,82,-16,16
65397,89,89,0,0
65398,104,117,-13,13
65399,110,92,18,18
65400,106,99,7,7
65401,118,115,3,3
65402,83,88,-5,5
65403,85,81,4,4
65404,73,84,-11,11
65405,72,65,7,7
65406,61,64,-3,3
65407,59,61,-2,2
65408,114,114,0,0
65409,68,73,-5,5
65410,179,171,8,8
65411,70,69,1,1
65412,91,84,7,7
65413,114,106,8,8
65414,108,100,8,8
65415,79,82,-3,3
65416,79,73,6,6
65417,125,121,4,4
65418,117,94,23,23
65419,68,76,-8,8
65420,79,77,2,2
65421,103,111,-8,8
65422,207,179,28,28
65423,63,66,-3,3
65424,117,110,7,7
65425,63,62,1,1
65426,71,66,5,5
65427,74,82,-8,8
65428,55,53,2,2
65429,170,154,16,16
65430,69,68,1,1
65431,51,65,-14,14
65432,55,54,1,1
65433,73,74,-1,1
65434,89,102,-13,13
65435,173,148,25,25
65436,119,112,7,7
65437,85,86,-1,1
65438,94,94,0,0
65439,104,93,11,11
65440,96,93,3,3
65441,61,66,-5,5
65442,86,87,-1,1
65443,95,93,2,2
65444,161,147,14,14
65445,80,80,0,0
65446,112,102,10,10
65447,75,81,-6,6
65448,141,127,14,14
65449,161,155,6,6
65450,99,96,3,3
65451,94,90,4,4
65452,146,129,17,17
65453,72,70,2,2
65454,105,89,16,16
65455,69,69,0,0
65456,113,105,8,8
65457,132,110,22,22
65458,121,119,2,2
65459,91,90,1,1
65460,70,65,5,5
65461,96,93,3,3
65462,155,142,13,13
65463,130,134,-4,4
65464,186,158,28,28
65465,96,98,-2,2
65466,146,151,-5,5
65467,113,104,9,9
65468,86,86,0,0
65469,104,98,6,6
65470,66,62,4,4
65471,96,87,9,9
65472,88,77,11,11
65473,111,100,11,11
65474,146,127,19,19
65475,86,73,13,13
65476,46,48,-2,2
65477,72,71,1,1
65478,170,149,21,21
65479,35,36,-1,1
65480,90,89,1,1
65481,143,140,3,3
65482,157,145,12,12
65483,62,68,-6,6
65484,65,59,6,6
65485,75,71,4,4
65486,89,88,1,1
65487,82,73,9,9
65488,80,83,-3,3
65489,56,51,5,5
65490,76,71,5,5
65491,113,108,5,5
65492,104,108,-4,4
65493,99,92,7,7
65494,62,63,-1,1
65495,140,141,-1,1
65496,76,78,-2,2
65497,114,109,5,5
65498,108,110,-2,2
65499,81,71,10,10
65500,63,62,1,1
65501,125,116,9,9
65502,70,57,13,13
65503,90,91,-1,1
65504,37,45,-8,8
65505,92,98,-6,6
65506,96,99,-3,3
65507,85,83,2,2
65508,106,106,0,0
65509,86,78,8,8
65510,101,87,14,14
65511,101,98,3,3
65512,100,101,-1,1
65513,105,95,10,10
65514,71,75,-4,4
65515,58,52,6,6
65516,179,163,16,16
65517,106,102,4,4
65518,89,83,6,6
65519,84,74,10,10
65520,113,103,10,10
65521,129,118,11,11
65522,87,92,-5,5
65523,122,122,0,0
65524,109,107,2,2
65525,78,85,-7,7
65526,96,92,4,4
65527,176,146,30,30
65528,114,107,7,7
65529,89,73,16,16
65530,115,99,16,16
65531,73,64,9,9
65532,68,71,-3,3
65533,148,137,11,11
65534,70,68,2,2
65535,108,100,8,8
65536,60,57,3,3
65537,98,85,13,13
65538,47,50,-3,3
65539,84,87,-3,3
65540,60,51,9,9
65541,119,121,-2,2
65542,66,69,-3,3
65543,115,111,4,4
65544,172,149,23,23
65545,105,96,9,9
65546,83,77,6,6
65547,75,67,8,8
65548,48,49,-1,1
65549,100,98,2,2
65550,59,65,-6,6
65551,67,64,3,3
65552,103,107,-4,4
65553,48,47,1,1
65554,108,115,-7,7
65555,77,61,16,16
65556,126,118,8,8
65557,82,103,-21,21
65558,38,48,-10,10
65559,99,91,8,8
65560,56,60,-4,4
65561,131,110,21,21
65562,96,84,12,12
65563,83,85,-2,2
65564,120,108,12,12
65565,102,87,15,15
65566,93,94,-1,1
65567,127,118,9,9
65568,67,56,11,11
65569,98,92,6,6
65570,77,68,9,9
65571,84,74,10,10
65572,96,89,7,7
65573,118,109,9,9
65574,84,81,3,3
65575,70,84,-14,14
65576,100,97,3,3
65577,118,107,11,11
65578,54,56,-2,2
65579,170,155,15,15
65580,91,95,-4,4
65581,86,81,5,5
65582,82,83,-1,1
65583,123,120,3,3
65584,94,92,2,2
65585,86,72,14,14
65586,142,146,-4,4
65587,132,112,20,20
65588,140,129,11,11
65589,177,152,25,25
65590,54,63,-9,9
65591,51,57,-6,6
65592,130,117,13,13
65593,71,71,0,0
65594,61,57,4,4
65595,93,87,6,6
65596,93,98,-5,5
65597,83,78,5,5
65598,104,93,11,11
65599,93,95,-2,2
65600,88,81,7,7
65601,89,87,2,2
65602,154,147,7,7
65603,53,54,-1,1
65604,85,81,4,4
65605,89,93,-4,4
65606,107,106,1,1
65607,102,99,3,3
65608,88,92,-4,4
65609,35,40,-5,5
65610,118,109,9,9
65611,63,61,2,2
65612,56,65,-9,9
65613,41,41,0,0
65614,108,102,6,6
65615,137,133,4,4
65616,70,65,5,5
65617,131,137,-6,6
65618,83,73,10,10
65619,87,83,4,4
65620,87,91,-4,4
65621,134,127,7,7
65622,108,88,20,20
65623,73,84,-11,11
65624,110,104,6,6
65625,100,77,23,23
65626,57,75,-18,18
65627,101,96,5,5
65628,124,115,9,9
65629,100,97,3,3
65630,116,117,-1,1
65631,124,105,19,19
65632,119,122,-3,3
65633,95,103,-8,8
65634,131,117,14,14
65635,46,49,-3,3
65636,119,106,13,13
65637,86,76,10,10
65638,148,141,7,7
65639,63,63,0,0
65640,84,80,4,4
65641,88,83,5,5
65642,125,110,15,15
65643,180,157,23,23
65644,92,96,-4,4
65645,73,75,-2,2
65646,54,57,-3,3
65647,125,126,-1,1
65648,158,148,10,10
65649,115,107,8,8
65650,176,169,7,7
65651,71,86,-15,15
65652,109,115,-6,6
65653,115,107,8,8
65654,135,127,8,8
65655,75,74,1,1
65656,71,73,-2,2
65657,74,84,-10,10
65658,123,128,-5,5
65659,85,83,2,2
65660,124,109,15,15
65661,51,51,0,0
65662,53,57,-4,4
65663,97,99,-2,2
65664,92,90,2,2
65665,122,119,3,3
65666,183,163,20,20
65667,94,100,-6,6
65668,151,135,16,16
65669,65,66,-1,1
65670,146,137,9,9
65671,68,76,-8,8
65672,186,135,51,51
65673,121,107,14,14
65674,77,73,4,4
65675,99,105,-6,6
65676,102,101,1,1
65677,80,77,3,3
65678,123,118,5,5
65679,90,92,-2,2
65680,96,95,1,1
65681,119,96,23,23
65682,136,129,7,7
65683,84,76,8,8
65684,135,130,5,5
65685,84,102,-18,18
65686,56,54,2,2
65687,81,82,-1,1
65688,69,63,6,6
65689,89,72,17,17
65690,105,98,7,7
65691,113,109,4,4
65692,79,75,4,4
65693,167,146,21,21
65694,85,77,8,8
65695,80,80,0,0
65696,72,73,-1,1
65697,129,124,5,5
65698,155,131,24,24
65699,53,55,-2,2
65700,48,50,-2,2
65701,45,41,4,4
65702,55,56,-1,1
65703,99,97,2,2
65704,91,88,3,3
65705,75,68,7,7
65706,84,81,3,3
65707,38,45,-7,7
65708,41,45,-4,4
65709,86,85,1,1
65710,76,68,8,8
65711,53,56,-3,3
65712,63,68,-5,5
65713,79,74,5,5
65714,145,132,13,13
65715,97,95,2,2
65716,120,114,6,6
65717,74,74,0,0
65718,96,94,2,2
65719,101,90,11,11
65720,94,98,-4,4
65721,92,82,10,10
65722,83,70,13,13
65723,122,101,21,21
65724,57,58,-1,1
65725,56,63,-7,7
65726,123,120,3,3
65727,104,99,5,5
65728,147,132,15,15
65729,190,189,1,1
65730,120,109,11,11
65731,173,157,16,16
65732,52,47,5,5
65733,134,121,13,13
65734,110,100,10,10
65735,84,78,6,6
65736,92,92,0,0
65737,112,98,14,14
65738,60,61,-1,1
65739,76,75,1,1
65740,159,140,19,19
65741,61,67,-6,6
65742,141,124,17,17
65743,107,102,5,5
65744,103,89,14,14
65745,129,125,4,4
65746,61,57,4,4
65747,77,69,8,8
65748,84,84,0,0
65749,78,77,1,1
65750,47,46,1,1
65751,140,127,13,13
65752,56,51,5,5
65753,154,138,16,16
65754,77,84,-7,7
65755,85,70,15,15
65756,104,111,-7,7
65757,70,85,-15,15
65758,71,73,-2,2
65759,63,63,0,0
65760,84,81,3,3
65761,110,98,12,12
65762,88,90,-2,2
65763,74,77,-3,3
65764,72,85,-13,13
65765,46,48,-2,2
65766,94,89,5,5
65767,93,99,-6,6
65768,63,63,0,0
65769,100,97,3,3
65770,71,70,1,1
65771,113,110,3,3
65772,88,81,7,7
65773,83,68,15,15
65774,76,83,-7,7
65775,83,72,11,11
65776,153,129,24,24
65777,134,130,4,4
65778,91,89,2,2
65779,56,56,0,0
65780,89,89,0,0
65781,51,56,-5,5
65782,121,109,12,12
65783,107,103,4,4
65784,97,142,-45,45
65785,79,75,4,4
65786,115,105,10,10
65787,60,67,-7,7
65788,105,100,5,5
65789,65,70,-5,5
65790,57,58,-1,1
65791,169,152,17,17
65792,92,89,3,3
65793,104,116,-12,12
65794,68,67,1,1
65795,72,67,5,5
65796,92,90,2,2
65797,124,114,10,10
65798,85,83,2,2
65799,123,116,7,7
65800,112,102,10,10
65801,138,143,-5,5
65802,205,184,21,21
65803,88,86,2,2
65804,82,83,-1,1
65805,77,78,-1,1
65806,68,65,3,3
65807,125,117,8,8
65808,87,81,6,6
65809,112,114,-2,2
65810,66,76,-10,10
65811,132,119,13,13
65812,136,115,21,21
65813,232,210,22,22
65814,63,65,-2,2
65815,77,82,-5,5
65816,121,116,5,5
65817,161,146,15,15
65818,200,155,45,45
65819,65,65,0,0
65820,104,90,14,14
65821,129,109,20,20
65822,129,135,-6,6
65823,123,114,9,9
65824,72,77,-5,5
65825,59,61,-2,2
65826,94,101,-7,7
65827,102,111,-9,9
65828,74,71,3,3
65829,64,64,0,0
65830,48,50,-2,2
65831,80,80,0,0
65832,112,97,15,15
65833,67,119,-52,52
65834,79,82,-3,3
65835,79,83,-4,4
65836,51,54,-3,3
65837,213,191,22,22
65838,116,118,-2,2
65839,82,84,-2,2
65840,88,88,0,0
65841,154,156,-2,2
65842,93,86,7,7
65843,115,111,4,4
65844,58,53,5,5
65845,89,96,-7,7
65846,69,67,2,2
65847,124,111,13,13
65848,87,84,3,3
65849,114,112,2,2
65850,75,77,-2,2
65851,46,64,-18,18
65852,54,56,-2,2
65853,63,57,6,6
65854,54,53,1,1
65855,70,66,4,4
65856,98,89,9,9
65857,74,74,0,0
65858,76,71,5,5
65859,80,74,6,6
65860,73,128,-55,55
65861,108,104,4,4
65862,100,92,8,8
65863,64,56,8,8
65864,101,99,2,2
65865,75,72,3,3
65866,66,71,-5,5
65867,142,129,13,13
65868,47,47,0,0
65869,71,63,8,8
65870,26,33,-7,7
65871,53,58,-5,5
65872,133,130,3,3
65873,96,93,3,3
65874,91,94,-3,3
65875,83,75,8,8
65876,103,102,1,1
65877,89,80,9,9
65878,90,92,-2,2
65879,95,101,-6,6
65880,32,37,-5,5
65881,72,75,-3,3
65882,99,80,19,19
65883,115,111,4,4
65884,86,92,-6,6
65885,93,100,-7,7
65886,129,114,15,15
65887,92,89,3,3
65888,114,111,3,3
65889,84,83,1,1
65890,93,88,5,5
65891,89,101,-12,12
65892,59,61,-2,2
65893,63,64,-1,1
65894,59,62,-3,3
65895,115,110,5,5
65896,144,120,24,24
65897,76,81,-5,5
65898,112,105,7,7
65899,118,128,-10,10
65900,80,84,-4,4
65901,106,99,7,7
65902,92,95,-3,3
65903,65,66,-1,1
65904,130,135,-5,5
65905,108,100,8,8
65906,44,58,-14,14
65907,101,100,1,1
65908,72,77,-5,5
65909,67,68,-1,1
65910,73,74,-1,1
65911,184,167,17,17
65912,83,77,6,6
65913,77,76,1,1
65914,113,105,8,8
65915,46,43,3,3
65916,101,106,-5,5
65917,92,93,-1,1
65918,122,111,11,11
65919,67,62,5,5
65920,134,120,14,14
65921,82,82,0,0
65922,142,137,5,5
65923,101,89,12,12
65924,119,121,-2,2
65925,44,48,-4,4
65926,105,103,2,2
65927,99,101,-2,2
65928,127,117,10,10
65929,76,74,2,2
65930,107,92,15,15
65931,104,108,-4,4
65932,104,94,10,10
65933,100,96,4,4
65934,106,96,10,10
65935,66,64,2,2
65936,154,138,16,16
65937,124,123,1,1
65938,118,114,4,4
65939,79,77,2,2
65940,76,75,1,1
65941,89,81,8,8
65942,67,71,-4,4
65943,104,101,3,3
65944,108,91,17,17
65945,76,75,1,1
65946,47,50,-3,3
65947,98,102,-4,4
65948,137,138,-1,1
65949,111,103,8,8
65950,62,58,4,4
65951,37,41,-4,4
65952,69,65,4,4
65953,115,118,-3,3
65954,98,97,1,1
65955,62,64,-2,2
65956,94,90,4,4
65957,46,61,-15,15
65958,97,85,12,12
65959,108,95,13,13
65960,124,119,5,5
65961,74,88,-14,14
65962,113,108,5,5
65963,96,100,-4,4
65964,135,125,10,10
65965,81,82,-1,1
65966,101,96,5,5
65967,109,112,-3,3
65968,121,115,6,6
65969,62,52,10,10
65970,105,110,-5,5
65971,105,93,12,12
65972,96,79,17,17
65973,90,68,22,22
65974,81,73,8,8
65975,137,125,12,12
65976,86,78,8,8
65977,86,87,-1,1
65978,105,108,-3,3
65979,120,111,9,9
65980,70,65,5,5
65981,90,88,2,2
65982,90,87,3,3
65983,79,79,0,0
65984,62,65,-3,3
65985,56,61,-5,5
65986,62,61,1,1
65987,123,107,16,16
65988,108,109,-1,1
65989,73,74,-1,1
65990,92,85,7,7
65991,97,89,8,8
65992,94,85,9,9
65993,119,116,3,3
65994,125,120,5,5
65995,252,217,35,35
65996,124,122,2,2
65997,76,82,-6,6
65998,120,114,6,6
65999,83,80,3,3
66000,82,83,-1,1
66001,93,92,1,1
66002,56,59,-3,3
66003,78,89,-11,11
66004,121,140,-19,19
66005,100,90,10,10
66006,91,83,8,8
66007,66,65,1,1
66008,62,60,2,2
66009,72,70,2,2
66010,77,81,-4,4
66011,93,88,5,5
66012,176,154,22,22
66013,55,57,-2,2
66014,75,79,-4,4
66015,60,58,2,2
66016,143,130,13,13
66017,117,118,-1,1
66018,36,47,-11,11
66019,45,45,0,0
66020,96,93,3,3
66021,81,86,-5,5
66022,106,97,9,9
66023,83,86,-3,3
66024,105,96,9,9
66025,80,82,-2,2
66026,43,43,0,0
66027,103,103,0,0
66028,134,121,13,13
66029,53,54,-1,1
66030,115,101,14,14
66031,157,133,24,24
66032,67,78,-11,11
66033,104,110,-6,6
66034,148,146,2,2
66035,116,105,11,11
66036,100,93,7,7
66037,63,69,-6,6
66038,71,77,-6,6
66039,71,66,5,5
66040,67,74,-7,7
66041,105,110,-5,5
66042,102,100,2,2
66043,53,52,1,1
66044,71,70,1,1
66045,115,114,1,1
66046,105,97,8,8
66047,62,77,-15,15
66048,119,112,7,7
66049,151,135,16,16
66050,55,65,-10,10
66051,76,78,-2,2
66052,37,44,-7,7
66053,126,96,30,30
66054,116,89,27,27
66055,119,113,6,6
66056,86,81,5,5
66057,64,70,-6,6
66058,53,58,-5,5
66059,108,97,11,11
66060,118,106,12,12
66061,126,122,4,4
66062,71,68,3,3
66063,99,98,1,1
66064,49,55,-6,6
66065,87,84,3,3
66066,75,71,4,4
66067,89,88,1,1
66068,94,87,7,7
66069,100,91,9,9
66070,80,71,9,9
66071,78,77,1,1
66072,65,70,-5,5
66073,104,96,8,8
66074,111,114,-3,3
66075,182,147,35,35
66076,69,67,2,2
66077,67,67,0,0
66078,99,114,-15,15
66079,82,74,8,8
66080,99,85,14,14
66081,66,66,0,0
66082,162,148,14,14
66083,142,124,18,18
66084,84,81,3,3
66085,70,83,-13,13
66086,106,101,5,5
66087,57,62,-5,5
66088,89,78,11,11
66089,119,108,11,11
66090,90,83,7,7
66091,59,67,-8,8
66092,80,77,3,3
66093,113,104,9,9
66094,47,49,-2,2
66095,72,72,0,0
66096,178,179,-1,1
66097,76,87,-11,11
66098,96,100,-4,4
66099,83,82,1,1
66100,63,64,-1,1
66101,144,137,7,7
66102,42,52,-10,10
66103,52,47,5,5
66104,125,109,16,16
66105,63,66,-3,3
66106,69,56,13,13
66107,78,70,8,8
66108,63,78,-15,15
66109,80,85,-5,5
66110,101,100,1,1
66111,187,150,37,37
66112,163,143,20,20
66113,109,110,-1,1
66114,101,110,-9,9
66115,86,86,0,0
66116,72,84,-12,12
66117,142,164,-22,22
66118,99,84,15,15
66119,64,67,-3,3
66120,79,78,1,1
66121,85,72,13,13
66122,107,82,25,25
66123,97,90,7,7
66124,116,109,7,7
66125,67,66,1,1
66126,89,97,-8,8
66127,122,109,13,13
66128,140,136,4,4
66129,62,57,5,5
66130,119,126,-7,7
66131,117,107,10,10
66132,104,112,-8,8
66133,47,53,-6,6
66134,73,73,0,0
66135,159,130,29,29
66136,101,98,3,3
66137,77,66,11,11
66138,58,52,6,6
66139,78,78,0,0
66140,97,89,8,8
66141,76,73,3,3
66142,88,86,2,2
66143,64,63,1,1
66144,81,90,-9,9
66145,69,69,0,0
66146,115,129,-14,14
66147,65,85,-20,20
66148,76,66,10,10
66149,58,59,-1,1
66150,33,40,-7,7
66151,133,124,9,9
66152,45,67,-22,22
66153,123,120,3,3
66154,100,94,6,6
66155,82,83,-1,1
66156,83,83,0,0
66157,117,101,16,16
66158,74,69,5,5
66159,103,102,1,1
66160,72,74,-2,2
66161,142,123,19,19
66162,121,105,16,16
66163,82,77,5,5
66164,80,74,6,6
66165,100,100,0,0
66166,164,156,8,8
66167,95,87,8,8
66168,57,60,-3,3
66169,81,71,10,10
66170,39,42,-3,3
66171,123,116,7,7
66172,127,117,10,10
66173,82,80,2,2
66174,105,102,3,3
66175,72,67,5,5
66176,37,42,-5,5
66177,85,86,-1,1
66178,152,140,12,12
66179,80,72,8,8
66180,55,57,-2,2
66181,76,87,-11,11
66182,21,46,-25,25
66183,220,197,23,23
66184,159,133,26,26
66185,90,90,0,0
66186,148,143,5,5
66187,102,96,6,6
66188,83,78,5,5
66189,80,92,-12,12
66190,100,87,13,13
66191,111,96,15,15
66192,79,81,-2,2
66193,82,79,3,3
66194,82,80,2,2
66195,197,184,13,13
66196,188,162,26,26
66197,177,177,0,0
66198,76,75,1,1
66199,157,167,-10,10
66200,49,54,-5,5
66201,44,45,-1,1
66202,66,69,-3,3
66203,156,138,18,18
66204,111,118,-7,7
66205,69,78,-9,9
66206,188,176,12,12
66207,126,106,20,20
66208,73,67,6,6
66209,111,99,12,12
66210,94,83,11,11
66211,57,71,-14,14
66212,132,120,12,12
66213,164,153,11,11
66214,55,58,-3,3
66215,139,124,15,15
66216,77,69,8,8
66217,43,52,-9,9
66218,96,86,10,10
66219,88,84,4,4
66220,74,72,2,2
66221,81,82,-1,1
66222,84,85,-1,1
66223,100,96,4,4
66224,108,92,16,16
66225,44,61,-17,17
66226,77,83,-6,6
66227,79,83,-4,4
66228,111,109,2,2
66229,86,82,4,4
66230,61,55,6,6
66231,85,79,6,6
66232,45,53,-8,8
66233,81,73,8,8
66234,159,143,16,16
66235,80,74,6,6
66236,94,83,11,11
66237,89,87,2,2
66238,96,91,5,5
66239,95,80,15,15
66240,127,109,18,18
66241,71,64,7,7
66242,68,67,1,1
66243,80,86,-6,6
66244,122,111,11,11
66245,136,128,8,8
66246,95,92,3,3
66247,89,82,7,7
66248,88,87,1,1
66249,44,45,-1,1
66250,121,108,13,13
66251,47,47,0,0
66252,72,70,2,2
66253,72,72,0,0
66254,145,153,-8,8
66255,77,78,-1,1
66256,129,136,-7,7
66257,65,69,-4,4
66258,121,108,13,13
66259,92,85,7,7
66260,100,102,-2,2
66261,36,42,-6,6
66262,122,112,10,10
66263,112,95,17,17
66264,76,69,7,7
66265,112,119,-7,7
66266,75,80,-5,5
66267,81,80,1,1
66268,102,86,16,16
66269,43,55,-12,12
66270,92,90,2,2
66271,118,101,17,17
66272,73,72,1,1
66273,179,177,2,2
66274,63,69,-6,6
66275,128,129,-1,1
66276,161,155,6,6
66277,178,150,28,28
66278,90,84,6,6
66279,74,75,-1,1
66280,74,76,-2,2
66281,95,98,-3,3
66282,98,97,1,1
66283,94,86,8,8
66284,115,116,-1,1
66285,131,131,0,0
66286,99,80,19,19
66287,87,83,4,4
66288,74,76,-2,2
66289,56,61,-5,5
66290,58,61,-3,3
66291,77,80,-3,3
66292,122,104,18,18
66293,70,74,-4,4
66294,40,52,-12,12
66295,106,106,0,0
66296,100,101,-1,1
66297,73,77,-4,4
66298,72,65,7,7
66299,99,100,-1,1
66300,135,131,4,4
66301,184,160,24,24
66302,50,68,-18,18
66303,77,74,3,3
66304,48,50,-2,2
66305,76,72,4,4
66306,87,91,-4,4
66307,137,121,16,16
66308,110,111,-1,1
66309,84,85,-1,1
66310,74,79,-5,5
66311,83,74,9,9
66312,76,74,2,2
66313,107,132,-25,25
66314,78,69,9,9
66315,87,81,6,6
66316,64,68,-4,4
66317,60,63,-3,3
66318,94,96,-2,2
66319,80,72,8,8
66320,50,47,3,3
66321,54,52,2,2
66322,65,62,3,3
66323,101,109,-8,8
66324,89,84,5,5
66325,127,122,5,5
66326,59,68,-9,9
66327,90,95,-5,5
66328,77,79,-2,2
66329,100,102,-2,2
66330,103,100,3,3
66331,33,53,-20,20
66332,61,58,3,3
66333,63,77,-14,14
66334,47,50,-3,3
66335,51,51,0,0
66336,141,137,4,4
66337,74,71,3,3
66338,74,74,0,0
66339,85,79,6,6
66340,149,132,17,17
66341,90,90,0,0
66342,79,83,-4,4
66343,93,102,-9,9
66344,79,76,3,3
66345,146,142,4,4
66346,81,78,3,3
66347,83,103,-20,20
66348,196,172,24,24
66349,114,99,15,15
66350,102,96,6,6
66351,140,128,12,12
66352,46,42,4,4
66353,189,170,19,19
66354,102,99,3,3
66355,96,87,9,9
66356,73,83,-10,10
66357,131,134,-3,3
66358,143,126,17,17
66359,94,108,-14,14
66360,95,94,1,1
66361,131,119,12,12
66362,138,125,13,13
66363,55,63,-8,8
66364,40,39,1,1
66365,97,89,8,8
66366,70,75,-5,5
66367,95,90,5,5
66368,86,77,9,9
66369,107,96,11,11
66370,45,51,-6,6
66371,107,103,4,4
66372,77,70,7,7
66373,75,71,4,4
66374,85,85,0,0
66375,81,82,-1,1
66376,100,95,5,5
66377,65,74,-9,9
66378,57,60,-3,3
66379,61,51,10,10
66380,79,80,-1,1
66381,104,102,2,2
66382,106,102,4,4
66383,55,55,0,0
66384,100,91,9,9
66385,89,90,-1,1
66386,73,70,3,3
66387,77,82,-5,5
66388,59,58,1,1
66389,71,73,-2,2
66390,52,64,-12,12
66391,58,55,3,3
66392,72,67,5,5
66393,90,83,7,7
66394,57,64,-7,7
66395,82,94,-12,12
66396,92,87,5,5
66397,88,75,13,13
66398,49,56,-7,7
66399,91,82,9,9
66400,171,156,15,15
66401,75,85,-10,10
66402,82,79,3,3
66403,74,68,6,6
66404,116,114,2,2
66405,95,81,14,14
66406,116,99,17,17
66407,74,99,-25,25
66408,100,94,6,6
66409,81,88,-7,7
66410,141,151,-10,10
66411,113,101,12,12
66412,100,89,11,11
66413,80,71,9,9
66414,96,87,9,9
66415,83,83,0,0
66416,68,76,-8,8
66417,66,63,3,3
66418,73,74,-1,1
66419,169,163,6,6
66420,119,101,18,18
66421,82,89,-7,7
66422,85,82,3,3
66423,92,104,-12,12
66424,92,90,2,2
66425,164,150,14,14
66426,131,127,4,4
66427,106,119,-13,13
66428,72,68,4,4
66429,54,56,-2,2
66430,75,76,-1,1
66431,62,62,0,0
66432,89,85,4,4
66433,63,57,6,6
66434,87,80,7,7
66435,136,117,19,19
66436,79,78,1,1
66437,86,84,2,2
66438,71,73,-2,2
66439,68,64,4,4
66440,127,119,8,8
66441,78,84,-6,6
66442,43,43,0,0
66443,82,77,5,5
66444,61,66,-5,5
66445,91,98,-7,7
66446,78,80,-2,2
66447,121,116,5,5
66448,83,83,0,0
66449,169,169,0,0
66450,56,62,-6,6
66451,78,60,18,18
66452,73,74,-1,1
66453,66,69,-3,3
66454,67,61,6,6
66455,69,54,15,15
66456,96,93,3,3
66457,118,103,15,15
66458,67,70,-3,3
66459,58,59,-1,1
66460,77,63,14,14
66461,164,146,18,18
66462,57,63,-6,6
66463,98,97,1,1
66464,97,89,8,8
66465,58,62,-4,4
66466,107,105,2,2
66467,70,75,-5,5
66468,121,112,9,9
66469,144,127,17,17
66470,157,149,8,8
66471,113,110,3,3
66472,66,66,0,0
66473,47,78,-31,31
66474,106,91,15,15
66475,77,77,0,0
66476,180,173,7,7
66477,55,59,-4,4
66478,57,69,-12,12
66479,104,101,3,3
66480,120,114,6,6
66481,124,112,12,12
66482,157,157,0,0
66483,185,178,7,7
66484,63,65,-2,2
66485,158,134,24,24
66486,161,159,2,2
66487,61,66,-5,5
66488,104,104,0,0
66489,65,64,1,1
66490,174,162,12,12
66491,52,56,-4,4
66492,118,102,16,16
66493,89,85,4,4
66494,88,84,4,4
66495,88,87,1,1
66496,62,68,-6,6
66497,67,66,1,1
66498,118,109,9,9
66499,113,115,-2,2
66500,99,103,-4,4
66501,68,68,0,0
66502,50,45,5,5
66503,123,123,0,0
66504,97,92,5,5
66505,93,107,-14,14
66506,132,108,24,24
66507,70,72,-2,2
66508,65,62,3,3
66509,80,92,-12,12
66510,79,75,4,4
66511,96,94,2,2
66512,69,76,-7,7
66513,142,133,9,9
66514,126,121,5,5
66515,88,107,-19,19
66516,57,54,3,3
66517,68,62,6,6
66518,97,103,-6,6
66519,128,125,3,3
66520,129,134,-5,5
66521,92,85,7,7
66522,146,119,27,27
66523,83,83,0,0
66524,92,83,9,9
66525,207,177,30,30
66526,40,51,-11,11
66527,92,92,0,0
66528,95,101,-6,6
66529,107,99,8,8
66530,51,56,-5,5
66531,210,181,29,29
66532,73,71,2,2
66533,103,93,10,10
66534,120,116,4,4
66535,132,110,22,22
66536,112,104,8,8
66537,86,82,4,4
66538,195,183,12,12
66539,69,69,0,0
66540,91,87,4,4
66541,57,73,-16,16
66542,112,102,10,10
66543,72,81,-9,9
66544,90,84,6,6
66545,99,96,3,3
66546,46,45,1,1
66547,51,51,0,0
66548,107,103,4,4
66549,156,151,5,5
66550,61,65,-4,4
66551,88,81,7,7
66552,107,96,11,11
66553,121,108,13,13
66554,89,79,10,10
66555,99,102,-3,3
66556,87,87,0,0
66557,46,53,-7,7
66558,152,148,4,4
66559,67,66,1,1
66560,164,157,7,7
66561,68,72,-4,4
66562,94,89,5,5
66563,60,66,-6,6
66564,205,178,27,27
66565,92,87,5,5
66566,95,86,9,9
66567,67,58,9,9
66568,55,57,-2,2
66569,151,130,21,21
66570,160,146,14,14
66571,29,36,-7,7
66572,108,103,5,5
66573,112,113,-1,1
66574,109,154,-45,45
66575,86,78,8,8
66576,75,78,-3,3
66577,60,66,-6,6
66578,64,69,-5,5
66579,64,83,-19,19
66580,110,112,-2,2
66581,81,85,-4,4
66582,79,76,3,3
66583,124,110,14,14
66584,94,93,1,1
66585,73,88,-15,15
66586,111,100,11,11
66587,107,98,9,9
66588,71,66,5,5
66589,125,120,5,5
66590,123,106,17,17
66591,63,57,6,6
66592,98,98,0,0
66593,101,89,12,12
66594,129,123,6,6
66595,96,93,3,3
66596,58,57,1,1
66597,162,156,6,6
66598,48,51,-3,3
66599,151,137,14,14
66600,67,66,1,1
66601,122,111,11,11
66602,100,99,1,1
66603,135,139,-4,4
66604,213,173,40,40
66605,129,135,-6,6
66606,61,67,-6,6
66607,70,74,-4,4
66608,88,85,3,3
66609,75,73,2,2
66610,159,153,6,6
66611,100,103,-3,3
66612,75,70,5,5
66613,120,133,-13,13
66614,70,73,-3,3
66615,129,116,13,13
66616,124,98,26,26
66617,105,98,7,7
66618,60,54,6,6
66619,76,66,10,10
66620,64,74,-10,10
66621,145,129,16,16
66622,95,104,-9,9
66623,104,107,-3,3
66624,148,136,12,12
66625,126,122,4,4
66626,142,130,12,12
66627,67,67,0,0
66628,96,102,-6,6
66629,114,106,8,8
66630,47,54,-7,7
66631,125,122,3,3
66632,66,71,-5,5
66633,203,212,-9,9
66634,58,65,-7,7
66635,114,104,10,10
66636,100,119,-19,19
66637,92,96,-4,4
66638,114,117,-3,3
66639,67,68,-1,1
66640,56,53,3,3
66641,78,75,3,3
66642,62,59,3,3
66643,77,87,-10,10
66644,104,92,12,12
66645,37,44,-7,7
66646,94,90,4,4
66647,108,93,15,15
66648,42,41,1,1
66649,106,101,5,5
66650,74,71,3,3
66651,116,100,16,16
66652,77,64,13,13
66653,123,123,0,0
66654,89,93,-4,4
66655,74,70,4,4
66656,118,113,5,5
66657,73,75,-2,2
66658,69,86,-17,17
66659,79,76,3,3
66660,58,67,-9,9
66661,172,140,32,32
66662,118,102,16,16
66663,140,125,15,15
66664,124,123,1,1
66665,111,98,13,13
66666,88,96,-8,8
66667,90,111,-21,21
66668,59,52,7,7
66669,139,138,1,1
66670,125,123,2,2
66671,64,65,-1,1
66672,147,130,17,17
66673,50,59,-9,9
66674,81,82,-1,1
66675,105,99,6,6
66676,63,65,-2,2
66677,87,93,-6,6
66678,90,85,5,5
66679,47,46,1,1
66680,134,122,12,12
66681,61,61,0,0
66682,73,91,-18,18
66683,73,68,5,5
66684,78,82,-4,4
66685,134,118,16,16
66686,51,48,3,3
66687,108,98,10,10
66688,96,89,7,7
66689,54,82,-28,28
66690,122,119,3,3
66691,129,122,7,7
66692,86,73,13,13
66693,114,108,6,6
66694,70,72,-2,2
66695,79,81,-2,2
66696,56,57,-1,1
66697,66,68,-2,2
66698,89,80,9,9
66699,106,96,10,10
66700,77,80,-3,3
66701,82,78,4,4
66702,63,79,-16,16
66703,87,84,3,3
66704,119,122,-3,3
66705,146,132,14,14
66706,71,64,7,7
66707,70,79,-9,9
66708,82,83,-1,1
66709,72,73,-1,1
66710,91,91,0,0
66711,57,71,-14,14
66712,68,67,1,1
66713,92,85,7,7
66714,71,72,-1,1
66715,100,93,7,7
66716,106,92,14,14
66717,64,56,8,8
66718,58,66,-8,8
66719,74,70,4,4
66720,104,109,-5,5
66721,133,119,14,14
66722,59,57,2,2
66723,77,75,2,2
66724,90,86,4,4
66725,116,91,25,25
66726,94,90,4,4
66727,102,102,0,0
66728,130,123,7,7
66729,115,115,0,0
66730,79,75,4,4
66731,151,136,15,15
66732,88,95,-7,7
66733,188,167,21,21
66734,91,91,0,0
66735,81,74,7,7
66736,74,76,-2,2
66737,80,78,2,2
66738,125,113,12,12
66739,140,131,9,9
66740,60,63,-3,3
66741,45,51,-6,6
66742,65,69,-4,4
66743,120,114,6,6
66744,105,104,1,1
66745,136,135,1,1
66746,31,61,-30,30
66747,77,79,-2,2
66748,79,87,-8,8
66749,96,93,3,3
66750,40,58,-18,18
66751,54,56,-2,2
66752,94,81,13,13
66753,83,104,-21,21
66754,54,55,-1,1
66755,92,88,4,4
66756,146,125,21,21
66757,172,158,14,14
66758,62,60,2,2
66759,155,149,6,6
66760,111,99,12,12
66761,99,92,7,7
66762,126,106,20,20
66763,55,54,1,1
66764,202,190,12,12
66765,60,63,-3,3
66766,97,89,8,8
66767,111,100,11,11
66768,114,109,5,5
66769,81,73,8,8
66770,35,48,-13,13
66771,88,87,1,1
66772,62,65,-3,3
66773,84,83,1,1
66774,96,87,9,9
66775,105,101,4,4
66776,67,69,-2,2
66777,68,72,-4,4
66778,75,73,2,2
66779,64,66,-2,2
66780,165,142,23,23
66781,92,120,-28,28
66782,136,112,24,24
66783,93,91,2,2
66784,58,50,8,8
66785,72,74,-2,2
66786,87,83,4,4
66787,53,60,-7,7
66788,138,129,9,9
66789,98,102,-4,4
66790,81,81,0,0
66791,82,85,-3,3
66792,140,141,-1,1
66793,92,89,3,3
66794,116,111,5,5
66795,169,154,15,15
66796,76,79,-3,3
66797,70,68,2,2
66798,206,181,25,25
66799,118,108,10,10
66800,82,85,-3,3
66801,143,137,6,6
66802,113,102,11,11
66803,82,79,3,3
66804,72,71,1,1
66805,53,53,0,0
66806,38,52,-14,14
66807,102,94,8,8
66808,98,97,1,1
66809,60,66,-6,6
66810,133,123,10,10
66811,108,97,11,11
66812,103,93,10,10
66813,58,64,-6,6
66814,80,77,3,3
66815,72,70,2,2
66816,103,96,7,7
66817,115,122,-7,7
66818,66,75,-9,9
66819,134,124,10,10
66820,129,117,12,12
66821,82,84,-2,2
66822,92,87,5,5
66823,72,67,5,5
66824,156,148,8,8
66825,97,95,2,2
66826,80,77,3,3
66827,110,92,18,18
66828,112,97,15,15
66829,73,69,4,4
66830,93,96,-3,3
66831,84,92,-8,8
66832,69,64,5,5
66833,63,76,-13,13
66834,97,94,3,3
66835,51,64,-13,13
66836,117,110,7,7
66837,102,108,-6,6
66838,63,66,-3,3
66839,90,111,-21,21
66840,75,68,7,7
66841,31,79,-48,48
66842,118,119,-1,1
66843,110,122,-12,12
66844,126,117,9,9
66845,132,136,-4,4
66846,94,85,9,9
66847,55,70,-15,15
66848,119,106,13,13
66849,47,50,-3,3
66850,152,133,19,19
66851,38,48,-10,10
66852,96,109,-13,13
66853,79,68,11,11
66854,63,57,6,6
66855,120,117,3,3
66856,97,83,14,14
66857,65,61,4,4
66858,108,105,3,3
66859,146,137,9,9
66860,99,102,-3,3
66861,50,51,-1,1
66862,98,94,4,4
66863,61,56,5,5
66864,67,73,-6,6
66865,102,94,8,8
66866,98,88,10,10
66867,127,116,11,11
66868,134,121,13,13
66869,107,102,5,5
66870,62,67,-5,5
66871,83,81,2,2
66872,41,37,4,4
66873,65,72,-7,7
66874,73,77,-4,4
66875,81,76,5,5
66876,85,81,4,4
66877,85,72,13,13
66878,117,112,5,5
66879,128,130,-2,2
66880,89,88,1,1
66881,42,39,3,3
66882,125,141,-16,16
66883,68,68,0,0
66884,72,78,-6,6
66885,96,94,2,2
66886,134,127,7,7
66887,122,119,3,3
66888,87,88,-1,1
66889,54,58,-4,4
66890,79,76,3,3
66891,148,130,18,18
66892,66,70,-4,4
66893,142,128,14,14
66894,106,92,14,14
66895,48,49,-1,1
66896,57,68,-11,11
66897,126,116,10,10
66898,51,60,-9,9
66899,109,116,-7,7
66900,106,106,0,0
66901,102,96,6,6
66902,94,91,3,3
66903,112,103,9,9
66904,140,128,12,12
66905,117,114,3,3
66906,112,96,16,16
66907,49,66,-17,17
66908,156,140,16,16
66909,89,83,6,6
66910,74,78,-4,4
66911,67,74,-7,7
66912,70,81,-11,11
66913,93,97,-4,4
66914,93,94,-1,1
66915,101,100,1,1
66916,76,85,-9,9
66917,67,67,0,0
66918,106,97,9,9
66919,72,77,-5,5
66920,65,62,3,3
66921,87,86,1,1
66922,89,81,8,8
66923,257,275,-18,18
66924,175,168,7,7
66925,69,65,4,4
66926,76,67,9,9
66927,65,60,5,5
66928,153,141,12,12
66929,68,69,-1,1
66930,116,100,16,16
66931,114,119,-5,5
66932,76,76,0,0
66933,65,57,8,8
66934,104,95,9,9
66935,148,132,16,16
66936,43,45,-2,2
66937,90,86,4,4
66938,99,94,5,5
66939,128,127,1,1
66940,110,109,1,1
66941,42,54,-12,12
66942,120,114,6,6
66943,135,110,25,25
66944,134,132,2,2
66945,116,119,-3,3
66946,138,120,18,18
66947,125,111,14,14
66948,43,45,-2,2
66949,89,78,11,11
66950,126,107,19,19
66951,90,81,9,9
66952,77,77,0,0
66953,91,90,1,1
66954,120,103,17,17
66955,63,60,3,3
66956,88,83,5,5
66957,50,52,-2,2
66958,110,107,3,3
66959,71,67,4,4
66960,81,77,4,4
66961,120,113,7,7
66962,94,89,5,5
66963,51,57,-6,6
66964,84,86,-2,2
66965,96,91,5,5
66966,179,157,22,22
66967,57,54,3,3
66968,114,111,3,3
66969,111,112,-1,1
66970,111,99,12,12
66971,101,90,11,11
66972,53,46,7,7
66973,97,94,3,3
66974,98,90,8,8
66975,50,53,-3,3
66976,82,80,2,2
66977,108,98,10,10
66978,59,60,-1,1
66979,69,70,-1,1
66980,68,68,0,0
66981,69,76,-7,7
66982,73,74,-1,1
66983,28,34,-6,6
66984,75,74,1,1
66985,68,65,3,3
66986,110,107,3,3
66987,99,99,0,0
66988,72,71,1,1
66989,74,72,2,2
66990,70,75,-5,5
66991,109,96,13,13
66992,191,181,10,10
66993,54,51,3,3
66994,119,113,6,6
66995,76,74,2,2
66996,174,162,12,12
66997,87,85,2,2
66998,88,82,6,6
66999,53,55,-2,2
67000,75,75,0,0
67001,68,65,3,3
67002,118,119,-1,1
67003,114,103,11,11
67004,101,98,3,3
67005,102,97,5,5
67006,82,83,-1,1
67007,100,100,0,0
67008,134,129,5,5
67009,140,137,3,3
67010,109,112,-3,3
67011,124,117,7,7
67012,157,129,28,28
67013,67,67,0,0
67014,117,114,3,3
67015,64,61,3,3
67016,89,93,-4,4
67017,52,45,7,7
67018,126,117,9,9
67019,99,97,2,2
67020,82,76,6,6
67021,96,82,14,14
67022,85,78,7,7
67023,68,78,-10,10
67024,132,119,13,13
67025,148,134,14,14
67026,56,54,2,2
67027,173,167,6,6
67028,115,114,1,1
67029,99,96,3,3
67030,115,119,-4,4
67031,71,75,-4,4
67032,141,134,7,7
67033,111,104,7,7
67034,53,57,-4,4
67035,279,213,66,66
67036,101,85,16,16
67037,93,88,5,5
67038,71,66,5,5
67039,163,151,12,12
67040,52,48,4,4
67041,109,105,4,4
67042,80,86,-6,6
67043,72,105,-33,33
67044,72,67,5,5
67045,87,81,6,6
67046,82,82,0,0
67047,74,74,0,0
67048,156,143,13,13
67049,133,119,14,14
67050,123,110,13,13
67051,63,62,1,1
67052,70,72,-2,2
67053,40,43,-3,3
67054,76,83,-7,7
67055,201,189,12,12
67056,76,83,-7,7
67057,109,110,-1,1
67058,116,116,0,0
67059,45,43,2,2
67060,59,59,0,0
67061,104,90,14,14
67062,122,142,-20,20
67063,108,94,14,14
67064,59,66,-7,7
67065,111,119,-8,8
67066,47,43,4,4
67067,123,117,6,6
67068,127,114,13,13
67069,98,94,4,4
67070,90,88,2,2
67071,70,73,-3,3
67072,102,96,6,6
67073,101,96,5,5
67074,72,88,-16,16
67075,86,101,-15,15
67076,77,77,0,0
67077,175,148,27,27
67078,85,83,2,2
67079,109,103,6,6
67080,143,127,16,16
67081,79,85,-6,6
67082,81,78,3,3
67083,110,96,14,14
67084,68,74,-6,6
67085,107,100,7,7
67086,115,110,5,5
67087,120,116,4,4
67088,67,70,-3,3
67089,95,84,11,11
67090,116,110,6,6
67091,83,84,-1,1
67092,97,86,11,11
67093,85,89,-4,4
67094,91,98,-7,7
67095,147,133,14,14
67096,60,66,-6,6
67097,104,96,8,8
67098,99,94,5,5
67099,142,126,16,16
67100,65,64,1,1
67101,58,57,1,1
67102,81,87,-6,6
67103,85,83,2,2
67104,158,149,9,9
67105,57,54,3,3
67106,32,40,-8,8
67107,161,145,16,16
67108,139,128,11,11
67109,123,116,7,7
67110,141,141,0,0
67111,127,121,6,6
67112,65,66,-1,1
67113,177,157,20,20
67114,131,125,6,6
67115,140,130,10,10
67116,51,56,-5,5
67117,85,84,1,1
67118,75,75,0,0
67119,103,94,9,9
67120,155,132,23,23
67121,85,79,6,6
67122,72,72,0,0
67123,80,64,16,16
67124,62,65,-3,3
67125,58,58,0,0
67126,53,56,-3,3
67127,76,86,-10,10
67128,117,117,0,0
67129,75,68,7,7
67130,138,124,14,14
67131,82,76,6,6
67132,79,79,0,0
67133,83,92,-9,9
67134,79,72,7,7
67135,141,129,12,12
67136,76,71,5,5
67137,165,150,15,15
67138,150,147,3,3
67139,65,62,3,3
67140,37,42,-5,5
67141,55,57,-2,2
67142,227,205,22,22
67143,82,83,-1,1
67144,70,68,2,2
67145,57,58,-1,1
67146,73,67,6,6
67147,78,76,2,2
67148,58,58,0,0
67149,87,85,2,2
67150,48,58,-10,10
67151,127,126,1,1
67152,65,55,10,10
67153,111,90,21,21
67154,74,73,1,1
67155,103,94,9,9
67156,91,81,10,10
67157,188,198,-10,10
67158,98,108,-10,10
67159,86,83,3,3
67160,68,59,9,9
67161,99,94,5,5
67162,68,68,0,0
67163,87,79,8,8
67164,110,108,2,2
67165,53,60,-7,7
67166,75,73,2,2
67167,113,107,6,6
67168,103,119,-16,16
67169,48,59,-11,11
67170,180,161,19,19
67171,67,75,-8,8
67172,69,71,-2,2
67173,114,120,-6,6
67174,82,72,10,10
67175,152,141,11,11
67176,108,105,3,3
67177,126,116,10,10
67178,126,134,-8,8
67179,68,70,-2,2
67180,111,102,9,9
67181,127,109,18,18
67182,106,96,10,10
67183,93,99,-6,6
67184,134,135,-1,1
67185,65,67,-2,2
67186,129,112,17,17
67187,84,85,-1,1
67188,64,66,-2,2
67189,147,133,14,14
67190,123,110,13,13
67191,102,98,4,4
67192,66,57,9,9
67193,56,59,-3,3
67194,99,105,-6,6
67195,92,85,7,7
67196,96,92,4,4
67197,125,132,-7,7
67198,85,79,6,6
67199,100,89,11,11
67200,77,77,0,0
67201,69,68,1,1
67202,95,93,2,2
67203,87,79,8,8
67204,112,107,5,5
67205,124,119,5,5
67206,99,90,9,9
67207,65,63,2,2
67208,119,96,23,23
67209,66,71,-5,5
67210,89,82,7,7
67211,139,118,21,21
67212,111,96,15,15
67213,81,87,-6,6
67214,100,98,2,2
67215,82,76,6,6
67216,145,152,-7,7
67217,91,92,-1,1
67218,187,182,5,5
67219,84,83,1,1
67220,45,48,-3,3
67221,116,117,-1,1
67222,69,69,0,0
67223,80,83,-3,3
67224,44,39,5,5
67225,93,94,-1,1
67226,58,53,5,5
67227,74,79,-5,5
67228,74,73,1,1
67229,99,108,-9,9
67230,93,97,-4,4
67231,67,69,-2,2
67232,108,106,2,2
67233,108,111,-3,3
67234,116,99,17,17
67235,127,109,18,18
67236,98,92,6,6
67237,115,120,-5,5
67238,131,129,2,2
67239,185,156,29,29
67240,120,103,17,17
67241,75,77,-2,2
67242,165,131,34,34
67243,44,69,-25,25
67244,82,82,0,0
67245,66,78,-12,12
67246,72,74,-2,2
67247,137,123,14,14
67248,66,71,-5,5
67249,79,90,-11,11
67250,48,52,-4,4
67251,76,78,-2,2
67252,87,79,8,8
67253,90,79,11,11
67254,67,71,-4,4
67255,139,134,5,5
67256,52,53,-1,1
67257,97,88,9,9
67258,135,122,13,13
67259,60,52,8,8
67260,65,68,-3,3
67261,61,54,7,7
67262,175,158,17,17
67263,146,129,17,17
67264,64,76,-12,12
67265,122,118,4,4
67266,66,68,-2,2
67267,62,64,-2,2
67268,97,98,-1,1
67269,117,119,-2,2
67270,72,75,-3,3
67271,66,82,-16,16
67272,147,122,25,25
67273,139,121,18,18
67274,143,146,-3,3
67275,106,107,-1,1
67276,81,92,-11,11
67277,85,73,12,12
67278,112,102,10,10
67279,74,82,-8,8
67280,157,145,12,12
67281,76,71,5,5
67282,69,66,3,3
67283,133,123,10,10
67284,79,88,-9,9
67285,58,63,-5,5
67286,111,109,2,2
67287,195,174,21,21
67288,129,108,21,21
67289,58,87,-29,29
67290,101,107,-6,6
67291,186,169,17,17
67292,76,69,7,7
67293,72,69,3,3
67294,100,103,-3,3
67295,60,63,-3,3
67296,59,63,-4,4
67297,118,108,10,10
67298,195,167,28,28
67299,92,85,7,7
67300,245,239,6,6
67301,102,106,-4,4
67302,84,84,0,0
67303,95,89,6,6
67304,126,115,11,11
67305,101,89,12,12
67306,192,168,24,24
67307,118,114,4,4
67308,72,79,-7,7
67309,66,67,-1,1
67310,72,75,-3,3
67311,75,75,0,0
67312,47,51,-4,4
67313,53,54,-1,1
67314,75,81,-6,6
67315,77,88,-11,11
67316,133,135,-2,2
67317,66,66,0,0
67318,122,121,1,1
67319,151,144,7,7
67320,95,105,-10,10
67321,70,77,-7,7
67322,66,67,-1,1
67323,101,96,5,5
67324,92,85,7,7
67325,94,84,10,10
67326,80,66,14,14
67327,86,91,-5,5
67328,99,91,8,8
67329,167,143,24,24
67330,104,94,10,10
67331,92,83,9,9
67332,82,92,-10,10
67333,93,88,5,5
67334,57,53,4,4
67335,80,75,5,5
67336,154,129,25,25
67337,92,85,7,7
67338,121,109,12,12
67339,90,96,-6,6
67340,94,91,3,3
67341,100,98,2,2
67342,55,63,-8,8
67343,179,172,7,7
67344,157,139,18,18
67345,58,69,-11,11
67346,94,104,-10,10
67347,85,79,6,6
67348,55,60,-5,5
67349,72,61,11,11
67350,114,107,7,7
67351,99,98,1,1
67352,75,69,6,6
67353,45,43,2,2
67354,58,54,4,4
67355,110,102,8,8
67356,69,75,-6,6
67357,68,65,3,3
67358,102,93,9,9
67359,77,84,-7,7
67360,85,78,7,7
67361,112,106,6,6
67362,40,43,-3,3
67363,73,74,-1,1
67364,76,78,-2,2
67365,65,66,-1,1
67366,72,82,-10,10
67367,89,108,-19,19
67368,110,113,-3,3
67369,91,87,4,4
67370,59,83,-24,24
67371,90,79,11,11
67372,84,82,2,2
67373,130,119,11,11
67374,63,59,4,4
67375,63,66,-3,3
67376,87,81,6,6
67377,106,109,-3,3
67378,145,128,17,17
67379,128,124,4,4
67380,81,82,-1,1
67381,111,94,17,17
67382,76,80,-4,4
67383,53,66,-13,13
67384,82,75,7,7
67385,100,95,5,5
67386,74,86,-12,12
67387,105,104,1,1
67388,58,59,-1,1
67389,102,102,0,0
67390,113,104,9,9
67391,99,101,-2,2
67392,113,108,5,5
67393,55,56,-1,1
67394,98,87,11,11
67395,108,107,1,1
67396,54,53,1,1
67397,99,93,6,6
67398,78,78,0,0
67399,68,62,6,6
67400,45,47,-2,2
67401,71,77,-6,6
67402,216,182,34,34
67403,103,97,6,6
67404,77,75,2,2
67405,64,68,-4,4
67406,108,106,2,2
67407,106,83,23,23
67408,124,101,23,23
67409,71,71,0,0
67410,91,80,11,11
67411,80,85,-5,5
67412,122,120,2,2
67413,105,104,1,1
67414,80,82,-2,2
67415,142,117,25,25
67416,64,89,-25,25
67417,95,76,19,19
67418,112,120,-8,8
67419,83,74,9,9
67420,147,133,14,14
67421,47,51,-4,4
67422,80,80,0,0
67423,104,108,-4,4
67424,71,77,-6,6
67425,67,64,3,3
67426,69,75,-6,6
67427,82,80,2,2
67428,85,74,11,11
67429,144,139,5,5
67430,81,87,-6,6
67431,141,135,6,6
67432,86,77,9,9
67433,176,169,7,7
67434,74,69,5,5
67435,91,87,4,4
67436,102,82,20,20
67437,74,67,7,7
67438,97,91,6,6
67439,60,63,-3,3
67440,97,96,1,1
67441,119,114,5,5
67442,97,99,-2,2
67443,70,71,-1,1
67444,102,90,12,12
67445,61,67,-6,6
67446,86,77,9,9
67447,45,48,-3,3
67448,51,54,-3,3
67449,130,129,1,1
67450,74,76,-2,2
67451,78,79,-1,1
67452,163,157,6,6
67453,52,63,-11,11
67454,99,102,-3,3
67455,84,86,-2,2
67456,109,100,9,9
67457,84,84,0,0
67458,88,95,-7,7
67459,117,107,10,10
67460,186,166,20,20
67461,55,54,1,1
67462,65,79,-14,14
67463,119,127,-8,8
67464,71,74,-3,3
67465,87,80,7,7
67466,51,54,-3,3
67467,46,45,1,1
67468,61,64,-3,3
67469,103,87,16,16
67470,84,79,5,5
67471,56,58,-2,2
67472,73,74,-1,1
67473,84,79,5,5
67474,127,108,19,19
67475,178,175,3,3
67476,71,71,0,0
67477,107,100,7,7
67478,111,97,14,14
67479,69,71,-2,2
67480,94,94,0,0
67481,45,50,-5,5
67482,94,91,3,3
67483,120,121,-1,1
67484,63,66,-3,3
67485,78,74,4,4
67486,40,45,-5,5
67487,114,109,5,5
67488,112,101,11,11
67489,152,141,11,11
67490,184,154,30,30
67491,84,80,4,4
67492,122,108,14,14
67493,108,94,14,14
67494,64,62,2,2
67495,114,108,6,6
67496,143,142,1,1
67497,97,83,14,14
67498,99,92,7,7
67499,145,145,0,0
67500,63,63,0,0
67501,111,108,3,3
67502,68,71,-3,3
67503,108,113,-5,5
67504,94,82,12,12
67505,77,76,1,1
67506,49,58,-9,9
67507,82,80,2,2
67508,66,67,-1,1
67509,74,67,7,7
67510,142,145,-3,3
67511,82,86,-4,4
67512,87,79,8,8
67513,78,77,1,1
67514,58,64,-6,6
67515,108,107,1,1
67516,50,79,-29,29
67517,170,157,13,13
67518,74,75,-1,1
67519,102,98,4,4
67520,95,93,2,2
67521,90,79,11,11
67522,118,112,6,6
67523,70,67,3,3
67524,111,108,3,3
67525,96,101,-5,5
67526,81,80,1,1
67527,110,102,8,8
67528,94,86,8,8
67529,99,100,-1,1
67530,107,102,5,5
67531,129,129,0,0
67532,135,117,18,18
67533,123,110,13,13
67534,67,69,-2,2
67535,79,78,1,1
67536,91,94,-3,3
67537,72,69,3,3
67538,150,154,-4,4
67539,117,123,-6,6
67540,60,66,-6,6
67541,102,102,0,0
67542,32,46,-14,14
67543,65,67,-2,2
67544,163,148,15,15
67545,99,89,10,10
67546,76,73,3,3
67547,146,124,22,22
67548,137,123,14,14
67549,131,127,4,4
67550,152,135,17,17
67551,93,101,-8,8
67552,78,75,3,3
67553,83,79,4,4
67554,109,93,16,16
67555,134,136,-2,2
67556,56,72,-16,16
67557,82,77,5,5
67558,50,42,8,8
67559,104,103,1,1
67560,78,80,-2,2
67561,60,61,-1,1
67562,137,123,14,14
67563,64,63,1,1
67564,144,139,5,5
67565,49,47,2,2
67566,104,96,8,8
67567,66,65,1,1
67568,71,68,3,3
67569,128,116,12,12
67570,84,103,-19,19
67571,141,141,0,0
67572,97,88,9,9
67573,52,50,2,2
67574,74,75,-1,1
67575,98,108,-10,10
67576,71,67,4,4
67577,56,64,-8,8
67578,71,75,-4,4
67579,123,110,13,13
67580,146,123,23,23
67581,77,76,1,1
67582,68,72,-4,4
67583,110,92,18,18
67584,85,80,5,5
67585,162,125,37,37
67586,105,89,16,16
67587,68,66,2,2
67588,100,87,13,13
67589,103,97,6,6
67590,121,105,16,16
67591,96,82,14,14
67592,199,167,32,32
67593,83,81,2,2
67594,91,87,4,4
67595,61,66,-5,5
67596,103,106,-3,3
67597,95,92,3,3
67598,68,71,-3,3
67599,94,88,6,6
67600,54,53,1,1
67601,160,129,31,31
67602,123,104,19,19
67603,154,135,19,19
67604,48,57,-9,9
67605,66,71,-5,5
67606,81,80,1,1
67607,56,63,-7,7
67608,160,136,24,24
67609,121,144,-23,23
67610,103,86,17,17
67611,126,115,11,11
67612,82,78,4,4
67613,63,74,-11,11
67614,88,88,0,0
67615,111,113,-2,2
67616,139,129,10,10
67617,103,97,6,6
67618,74,75,-1,1
67619,133,116,17,17
67620,49,52,-3,3
67621,93,87,6,6
67622,86,83,3,3
67623,77,69,8,8
67624,56,72,-16,16
67625,66,60,6,6
67626,132,122,10,10
67627,149,127,22,22
67628,39,37,2,2
67629,117,111,6,6
67630,98,94,4,4
67631,59,61,-2,2
67632,146,138,8,8
67633,106,91,15,15
67634,63,66,-3,3
67635,90,89,1,1
67636,73,77,-4,4
67637,80,74,6,6
67638,89,85,4,4
67639,88,84,4,4
67640,51,52,-1,1
67641,85,83,2,2
67642,106,120,-14,14
67643,136,125,11,11
67644,46,44,2,2
67645,107,110,-3,3
67646,154,152,2,2
67647,109,104,5,5
67648,79,76,3,3
67649,94,83,11,11
67650,64,65,-1,1
67651,63,58,5,5
67652,62,60,2,2
67653,58,64,-6,6
67654,48,53,-5,5
67655,67,69,-2,2
67656,74,74,0,0
67657,94,87,7,7
67658,75,69,6,6
67659,158,140,18,18
67660,134,118,16,16
67661,189,169,20,20
67662,62,70,-8,8
67663,73,70,3,3
67664,89,92,-3,3
67665,42,59,-17,17
67666,129,115,14,14
67667,65,71,-6,6
67668,49,51,-2,2
67669,163,147,16,16
67670,93,88,5,5
67671,185,167,18,18
67672,91,88,3,3
67673,43,47,-4,4
67674,163,157,6,6
67675,65,67,-2,2
67676,49,42,7,7
67677,62,62,0,0
67678,123,126,-3,3
67679,78,78,0,0
67680,144,131,13,13
67681,75,98,-23,23
67682,83,79,4,4
67683,122,101,21,21
67684,92,87,5,5
67685,101,95,6,6
67686,75,84,-9,9
67687,130,113,17,17
67688,160,147,13,13
67689,58,65,-7,7
67690,154,139,15,15
67691,101,91,10,10
67692,54,63,-9,9
67693,177,167,10,10
67694,198,174,24,24
67695,98,102,-4,4
67696,87,97,-10,10
67697,116,109,7,7
67698,63,59,4,4
67699,95,89,6,6
67700,57,58,-1,1
67701,64,59,5,5
67702,69,56,13,13
67703,79,76,3,3
67704,89,98,-9,9
67705,53,55,-2,2
67706,94,93,1,1
67707,85,91,-6,6
67708,85,84,1,1
67709,80,88,-8,8
67710,80,87,-7,7
67711,95,84,11,11
67712,95,87,8,8
67713,72,78,-6,6
67714,59,63,-4,4
67715,122,100,22,22
67716,76,72,4,4
67717,103,90,13,13
67718,80,82,-2,2
67719,84,81,3,3
67720,108,104,4,4
67721,94,91,3,3
67722,128,120,8,8
67723,121,115,6,6
67724,156,134,22,22
67725,120,112,8,8
67726,97,94,3,3
67727,87,99,-12,12
67728,116,108,8,8
67729,48,45,3,3
67730,139,129,10,10
67731,93,83,10,10
67732,184,184,0,0
67733,62,60,2,2
67734,116,118,-2,2
67735,114,104,10,10
67736,104,96,8,8
67737,94,98,-4,4
67738,169,160,9,9
67739,89,92,-3,3
67740,91,96,-5,5
67741,97,96,1,1
67742,111,108,3,3
67743,69,70,-1,1
67744,120,112,8,8
67745,105,119,-14,14
67746,99,97,2,2
67747,37,65,-28,28
67748,105,89,16,16
67749,69,72,-3,3
67750,67,67,0,0
67751,31,39,-8,8
67752,60,64,-4,4
67753,90,93,-3,3
67754,74,72,2,2
67755,123,110,13,13
67756,97,97,0,0
67757,55,48,7,7
67758,127,116,11,11
67759,122,115,7,7
67760,103,100,3,3
67761,141,132,9,9
67762,67,65,2,2
67763,113,115,-2,2
67764,135,131,4,4
67765,203,182,21,21
67766,88,88,0,0
67767,94,98,-4,4
67768,103,98,5,5
67769,86,82,4,4
67770,143,135,8,8
67771,52,50,2,2
67772,75,83,-8,8
67773,114,114,0,0
67774,92,82,10,10
67775,113,103,10,10
67776,123,118,5,5
67777,68,73,-5,5
67778,86,93,-7,7
67779,27,34,-7,7
67780,126,125,1,1
67781,89,82,7,7
67782,113,99,14,14
67783,106,94,12,12
67784,90,83,7,7
67785,82,74,8,8
67786,88,90,-2,2
67787,97,90,7,7
67788,141,124,17,17
67789,123,109,14,14
67790,188,190,-2,2
67791,108,107,1,1
67792,73,73,0,0
67793,104,103,1,1
67794,87,89,-2,2
67795,78,80,-2,2
67796,75,72,3,3
67797,153,138,15,15
67798,74,69,5,5
67799,129,110,19,19
67800,117,107,10,10
67801,82,84,-2,2
67802,103,95,8,8
67803,93,80,13,13
67804,89,89,0,0
67805,44,51,-7,7
67806,76,72,4,4
67807,79,92,-13,13
67808,87,86,1,1
67809,38,38,0,0
67810,120,117,3,3
67811,88,89,-1,1
67812,155,135,20,20
67813,120,106,14,14
67814,89,79,10,10
67815,100,91,9,9
67816,66,63,3,3
67817,85,90,-5,5
67818,90,76,14,14
67819,126,120,6,6
67820,153,128,25,25
67821,83,80,3,3
67822,113,101,12,12
67823,88,90,-2,2
67824,152,151,1,1
67825,104,94,10,10
67826,75,72,3,3
67827,48,45,3,3
67828,127,110,17,17
67829,79,73,6,6
67830,117,112,5,5
67831,63,69,-6,6
67832,113,115,-2,2
67833,143,151,-8,8
67834,110,104,6,6
67835,75,83,-8,8
67836,48,49,-1,1
67837,64,91,-27,27
67838,99,97,2,2
67839,91,83,8,8
67840,111,99,12,12
67841,89,85,4,4
67842,141,128,13,13
67843,101,89,12,12
67844,74,69,5,5
67845,124,106,18,18
67846,115,117,-2,2
67847,94,103,-9,9
67848,110,114,-4,4
67849,70,70,0,0
67850,89,93,-4,4
67851,53,55,-2,2
67852,85,90,-5,5
67853,166,145,21,21
67854,77,73,4,4
67855,76,70,6,6
67856,137,140,-3,3
67857,79,86,-7,7
67858,144,116,28,28
67859,57,47,10,10
67860,102,100,2,2
67861,77,77,0,0
67862,105,109,-4,4
67863,99,92,7,7
67864,40,45,-5,5
67865,96,89,7,7
67866,99,99,0,0
67867,69,67,2,2
67868,111,102,9,9
67869,119,120,-1,1
67870,152,140,12,12
67871,138,128,10,10
67872,146,154,-8,8
67873,79,94,-15,15
67874,113,104,9,9
67875,65,72,-7,7
67876,135,116,19,19
67877,58,40,18,18
67878,68,76,-8,8
67879,103,94,9,9
67880,110,111,-1,1
67881,57,58,-1,1
67882,191,173,18,18
67883,87,81,6,6
67884,130,115,15,15
67885,94,91,3,3
67886,101,104,-3,3
67887,52,46,6,6
67888,134,129,5,5
67889,75,76,-1,1
67890,91,93,-2,2
67891,109,108,1,1
67892,96,88,8,8
67893,55,55,0,0
67894,114,104,10,10
67895,159,138,21,21
67896,74,72,2,2
67897,89,93,-4,4
67898,45,55,-10,10
67899,50,69,-19,19
67900,78,73,5,5
67901,136,135,1,1
67902,81,80,1,1
67903,104,92,12,12
67904,42,43,-1,1
67905,45,44,1,1
67906,91,81,10,10
67907,81,81,0,0
67908,73,75,-2,2
67909,163,147,16,16
67910,62,57,5,5
67911,62,73,-11,11
67912,117,99,18,18
67913,91,91,0,0
67914,81,89,-8,8
67915,183,152,31,31
67916,115,111,4,4
67917,45,42,3,3
67918,67,68,-1,1
67919,73,67,6,6
67920,115,112,3,3
67921,143,127,16,16
67922,122,110,12,12
67923,158,136,22,22
67924,132,120,12,12
67925,56,61,-5,5
67926,138,131,7,7
67927,128,114,14,14
67928,170,155,15,15
67929,101,98,3,3
67930,147,136,11,11
67931,116,113,3,3
67932,97,109,-12,12
67933,116,117,-1,1
67934,73,72,1,1
67935,58,53,5,5
67936,99,88,11,11
67937,148,149,-1,1
67938,56,56,0,0
67939,144,142,2,2
67940,73,71,2,2
67941,124,128,-4,4
67942,58,83,-25,25
67943,72,73,-1,1
67944,57,54,3,3
67945,77,66,11,11
67946,93,85,8,8
67947,136,124,12,12
67948,56,55,1,1
67949,106,95,11,11
67950,68,62,6,6
67951,107,101,6,6
67952,137,128,9,9
67953,51,55,-4,4
67954,161,149,12,12
67955,75,73,2,2
67956,207,176,31,31
67957,134,136,-2,2
67958,139,134,5,5
67959,85,83,2,2
67960,64,67,-3,3
67961,57,57,0,0
67962,87,85,2,2
67963,143,130,13,13
67964,89,86,3,3
67965,78,69,9,9
67966,73,89,-16,16
67967,188,190,-2,2
67968,115,97,18,18
67969,119,91,28,28
67970,74,77,-3,3
67971,96,95,1,1
67972,64,68,-4,4
67973,117,112,5,5
67974,127,128,-1,1
67975,70,74,-4,4
67976,97,99,-2,2
67977,163,161,2,2
67978,143,127,16,16
67979,69,76,-7,7
67980,98,103,-5,5
67981,87,83,4,4
67982,100,98,2,2
67983,111,117,-6,6
67984,129,131,-2,2
67985,94,80,14,14
67986,124,117,7,7
67987,70,73,-3,3
67988,64,65,-1,1
67989,131,116,15,15
67990,81,88,-7,7
67991,121,109,12,12
67992,139,127,12,12
67993,49,51,-2,2
67994,54,60,-6,6
67995,109,108,1,1
67996,71,79,-8,8
67997,124,108,16,16
67998,110,96,14,14
67999,103,102,1,1
68000,104,109,-5,5
68001,95,110,-15,15
68002,85,71,14,14
68003,83,75,8,8
68004,111,115,-4,4
68005,68,56,12,12
68006,76,71,5,5
68007,47,47,0,0
68008,143,120,23,23
68009,64,64,0,0
68010,102,100,2,2
68011,77,80,-3,3
68012,52,57,-5,5
68013,52,57,-5,5
68014,75,78,-3,3
68015,83,79,4,4
68016,70,65,5,5
68017,44,47,-3,3
68018,41,47,-6,6
68019,77,70,7,7
68020,53,51,2,2
68021,132,128,4,4
68022,112,97,15,15
68023,81,71,10,10
68024,85,84,1,1
68025,90,85,5,5
68026,51,53,-2,2
68027,55,65,-10,10
68028,45,70,-25,25
68029,52,51,1,1
68030,98,94,4,4
68031,72,71,1,1
68032,239,221,18,18
68033,123,106,17,17
68034,164,147,17,17
68035,75,74,1,1
68036,145,138,7,7
68037,63,67,-4,4
68038,63,98,-35,35
68039,100,104,-4,4
68040,110,109,1,1
68041,76,87,-11,11
68042,94,97,-3,3
68043,109,94,15,15
68044,59,70,-11,11
68045,140,148,-8,8
68046,83,75,8,8
68047,136,124,12,12
68048,50,50,0,0
68049,85,76,9,9
68050,113,100,13,13
68051,49,56,-7,7
68052,98,80,18,18
68053,80,65,15,15
68054,95,94,1,1
68055,129,129,0,0
68056,89,81,8,8
68057,115,106,9,9
68058,73,77,-4,4
68059,75,81,-6,6
68060,168,149,19,19
68061,52,60,-8,8
68062,76,73,3,3
68063,104,99,5,5
68064,124,105,19,19
68065,113,114,-1,1
68066,80,74,6,6
68067,79,101,-22,22
68068,89,87,2,2
68069,90,77,13,13
68070,46,52,-6,6
68071,80,71,9,9
68072,108,115,-7,7
68073,46,46,0,0
68074,106,95,11,11
68075,139,128,11,11
68076,99,99,0,0
68077,50,51,-1,1
68078,65,64,1,1
68079,69,70,-1,1
68080,125,118,7,7
68081,97,92,5,5
68082,84,85,-1,1
68083,114,118,-4,4
68084,39,36,3,3
68085,106,94,12,12
68086,88,92,-4,4
68087,80,80,0,0
68088,178,160,18,18
68089,104,110,-6,6
68090,76,70,6,6
68091,108,93,15,15
68092,82,89,-7,7
68093,44,65,-21,21
68094,67,64,3,3
68095,69,76,-7,7
68096,69,64,5,5
68097,112,103,9,9
68098,151,131,20,20
68099,47,49,-2,2
68100,70,67,3,3
68101,86,82,4,4
68102,95,92,3,3
68103,68,73,-5,5
68104,44,43,1,1
68105,70,74,-4,4
68106,132,118,14,14
68107,66,69,-3,3
68108,104,96,8,8
68109,155,143,12,12
68110,136,128,8,8
68111,74,73,1,1
68112,109,106,3,3
68113,88,90,-2,2
68114,156,160,-4,4
68115,153,148,5,5
68116,83,74,9,9
68117,88,81,7,7
68118,167,167,0,0
68119,44,48,-4,4
68120,124,102,22,22
68121,71,66,5,5
68122,131,112,19,19
68123,94,84,10,10
68124,64,64,0,0
68125,81,77,4,4
68126,69,69,0,0
68127,52,52,0,0
68128,84,79,5,5
68129,59,59,0,0
68130,117,114,3,3
68131,115,102,13,13
68132,86,85,1,1
68133,111,102,9,9
68134,69,75,-6,6
68135,119,105,14,14
68136,73,70,3,3
68137,81,76,5,5
68138,79,89,-10,10
68139,89,96,-7,7
68140,51,53,-2,2
68141,63,65,-2,2
68142,87,87,0,0
68143,116,109,7,7
68144,115,103,12,12
68145,111,112,-1,1
68146,38,44,-6,6
68147,130,132,-2,2
68148,100,91,9,9
68149,60,51,9,9
68150,91,81,10,10
68151,67,65,2,2
68152,73,63,10,10
68153,152,144,8,8
68154,199,181,18,18
68155,156,142,14,14
68156,61,68,-7,7
68157,109,94,15,15
68158,69,69,0,0
68159,87,87,0,0
68160,65,67,-2,2
68161,83,81,2,2
68162,94,92,2,2
68163,104,85,19,19
68164,72,75,-3,3
68165,74,86,-12,12
68166,93,80,13,13
68167,88,82,6,6
68168,88,77,11,11
68169,75,84,-9,9
68170,102,98,4,4
68171,72,72,0,0
68172,95,80,15,15
68173,98,93,5,5
68174,86,85,1,1
68175,91,103,-12,12
68176,67,65,2,2
68177,73,75,-2,2
68178,129,128,1,1
68179,64,64,0,0
68180,94,93,1,1
68181,123,105,18,18
68182,89,86,3,3
68183,45,49,-4,4
68184,95,92,3,3
68185,77,76,1,1
68186,61,69,-8,8
68187,151,151,0,0
68188,53,57,-4,4
68189,109,100,9,9
68190,84,86,-2,2
68191,86,89,-3,3
68192,105,99,6,6
68193,107,113,-6,6
68194,97,101,-4,4
68195,41,45,-4,4
68196,69,69,0,0
68197,111,83,28,28
68198,40,43,-3,3
68199,140,129,11,11
68200,65,69,-4,4
68201,149,121,28,28
68202,46,45,1,1
68203,103,97,6,6
68204,80,78,2,2
68205,41,41,0,0
68206,97,125,-28,28
68207,65,65,0,0
68208,124,141,-17,17
68209,65,66,-1,1
68210,85,82,3,3
68211,151,144,7,7
68212,75,73,2,2
68213,92,91,1,1
68214,96,89,7,7
68215,120,127,-7,7
68216,71,69,2,2
68217,77,80,-3,3
68218,84,90,-6,6
68219,100,106,-6,6
68220,105,111,-6,6
68221,123,112,11,11
68222,53,58,-5,5
68223,178,172,6,6
68224,99,93,6,6
68225,64,63,1,1
68226,78,82,-4,4
68227,108,102,6,6
68228,77,77,0,0
68229,157,138,19,19
68230,72,78,-6,6
68231,68,70,-2,2
68232,87,78,9,9
68233,70,78,-8,8
68234,52,54,-2,2
68235,85,77,8,8
68236,100,102,-2,2
68237,71,66,5,5
68238,109,110,-1,1
68239,154,160,-6,6
68240,96,75,21,21
68241,78,84,-6,6
68242,82,91,-9,9
68243,114,107,7,7
68244,103,103,0,0
68245,118,119,-1,1
68246,87,88,-1,1
68247,121,125,-4,4
68248,94,92,2,2
68249,62,60,2,2
68250,89,83,6,6
68251,105,96,9,9
68252,85,76,9,9
68253,79,85,-6,6
68254,86,83,3,3
68255,100,95,5,5
68256,104,96,8,8
68257,83,78,5,5
68258,90,81,9,9
68259,112,125,-13,13
68260,69,72,-3,3
68261,121,98,23,23
68262,84,89,-5,5
68263,87,82,5,5
68264,92,92,0,0
68265,147,142,5,5
68266,86,87,-1,1
68267,89,81,8,8
68268,52,65,-13,13
68269,110,104,6,6
68270,145,134,11,11
68271,87,85,2,2
68272,107,85,22,22
68273,145,114,31,31
68274,55,58,-3,3
68275,51,58,-7,7
68276,95,92,3,3
68277,101,95,6,6
68278,72,66,6,6
68279,90,84,6,6
68280,91,79,12,12
68281,94,92,2,2
68282,60,67,-7,7
68283,59,55,4,4
68284,96,84,12,12
68285,55,54,1,1
68286,101,86,15,15
68287,95,95,0,0
68288,113,101,12,12
68289,77,68,9,9
68290,114,122,-8,8
68291,101,108,-7,7
68292,100,105,-5,5
68293,64,68,-4,4
68294,100,90,10,10
68295,158,134,24,24
68296,81,81,0,0
68297,62,65,-3,3
68298,136,126,10,10
68299,156,142,14,14
68300,160,144,16,16
68301,128,123,5,5
68302,49,43,6,6
68303,135,118,17,17
68304,81,84,-3,3
68305,85,85,0,0
68306,74,68,6,6
68307,141,128,13,13
68308,98,91,7,7
68309,140,128,12,12
68310,102,89,13,13
68311,91,101,-10,10
68312,68,65,3,3
68313,117,103,14,14
68314,57,51,6,6
68315,70,69,1,1
68316,203,164,39,39
68317,96,109,-13,13
68318,128,128,0,0
68319,81,74,7,7
68320,81,89,-8,8
68321,66,58,8,8
68322,128,118,10,10
68323,150,139,11,11
68324,79,86,-7,7
68325,68,71,-3,3
68326,57,63,-6,6
68327,63,70,-7,7
68328,110,108,2,2
68329,84,82,2,2
68330,84,70,14,14
68331,59,63,-4,4
68332,101,86,15,15
68333,73,77,-4,4
68334,82,82,0,0
68335,163,149,14,14
68336,113,106,7,7
68337,95,70,25,25
68338,73,76,-3,3
68339,83,82,1,1
68340,114,110,4,4
68341,136,115,21,21
68342,86,83,3,3
68343,81,76,5,5
68344,108,112,-4,4
68345,149,147,2,2
68346,101,96,5,5
68347,78,80,-2,2
68348,126,112,14,14
68349,122,127,-5,5
68350,112,97,15,15
68351,67,62,5,5
68352,62,58,4,4
68353,112,109,3,3
68354,171,155,16,16
68355,65,62,3,3
68356,97,85,12,12
68357,43,45,-2,2
68358,71,59,12,12
68359,71,70,1,1
68360,55,48,7,7
68361,72,83,-11,11
68362,85,82,3,3
68363,190,169,21,21
68364,97,93,4,4
68365,100,95,5,5
68366,75,77,-2,2
68367,130,111,19,19
68368,60,62,-2,2
68369,105,100,5,5
68370,85,84,1,1
68371,89,91,-2,2
68372,93,89,4,4
68373,39,68,-29,29
68374,74,61,13,13
68375,148,145,3,3
68376,136,121,15,15
68377,61,71,-10,10
68378,181,164,17,17
68379,99,90,9,9
68380,165,153,12,12
68381,97,90,7,7
68382,116,102,14,14
68383,105,107,-2,2
68384,50,48,2,2
68385,71,83,-12,12
68386,115,107,8,8
68387,61,56,5,5
68388,101,100,1,1
68389,80,78,2,2
68390,100,104,-4,4
68391,79,89,-10,10
68392,121,114,7,7
68393,85,93,-8,8
68394,87,88,-1,1
68395,61,63,-2,2
68396,125,126,-1,1
68397,85,87,-2,2
68398,87,85,2,2
68399,64,69,-5,5
68400,66,67,-1,1
68401,85,87,-2,2
68402,159,138,21,21
68403,132,131,1,1
68404,96,97,-1,1
68405,100,104,-4,4
68406,76,71,5,5
68407,117,117,0,0
68408,101,110,-9,9
68409,86,84,2,2
68410,117,109,8,8
68411,96,88,8,8
68412,55,58,-3,3
68413,145,127,18,18
68414,68,73,-5,5
68415,71,66,5,5
68416,129,122,7,7
68417,121,118,3,3
68418,92,78,14,14
68419,57,54,3,3
68420,50,43,7,7
68421,56,60,-4,4
68422,52,52,0,0
68423,61,58,3,3
68424,164,145,19,19
68425,119,112,7,7
68426,85,75,10,10
68427,83,78,5,5
68428,149,137,12,12
68429,103,91,12,12
68430,61,46,15,15
68431,142,138,4,4
68432,80,84,-4,4
68433,49,53,-4,4
68434,109,93,16,16
68435,101,94,7,7
68436,77,79,-2,2
68437,160,165,-5,5
68438,108,109,-1,1
68439,137,128,9,9
68440,125,119,6,6
68441,76,75,1,1
68442,145,127,18,18
68443,86,89,-3,3
68444,131,120,11,11
68445,99,102,-3,3
68446,97,94,3,3
68447,67,62,5,5
68448,107,121,-14,14
68449,87,85,2,2
68450,104,100,4,4
68451,77,74,3,3
68452,49,55,-6,6
68453,152,128,24,24
68454,138,129,9,9
68455,183,170,13,13
68456,53,59,-6,6
68457,100,96,4,4
68458,71,70,1,1
68459,73,82,-9,9
68460,108,102,6,6
68461,85,87,-2,2
68462,72,72,0,0
68463,92,89,3,3
68464,127,118,9,9
68465,61,83,-22,22
68466,86,93,-7,7
68467,56,53,3,3
68468,104,93,11,11
68469,86,87,-1,1
68470,142,139,3,3
68471,78,86,-8,8
68472,96,82,14,14
68473,75,74,1,1
68474,88,84,4,4
68475,69,67,2,2
68476,62,64,-2,2
68477,107,106,1,1
68478,65,64,1,1
68479,129,132,-3,3
68480,86,90,-4,4
68481,77,70,7,7
68482,115,94,21,21
68483,87,82,5,5
68484,32,35,-3,3
68485,80,88,-8,8
68486,107,100,7,7
68487,112,120,-8,8
68488,83,80,3,3
68489,89,93,-4,4
68490,65,63,2,2
68491,63,69,-6,6
68492,56,59,-3,3
68493,99,82,17,17
68494,88,89,-1,1
68495,130,126,4,4
68496,59,61,-2,2
68497,157,122,35,35
68498,94,104,-10,10
68499,94,92,2,2
68500,61,65,-4,4
68501,98,95,3,3
68502,98,92,6,6
68503,108,100,8,8
68504,122,114,8,8
68505,115,113,2,2
68506,49,50,-1,1
68507,79,78,1,1
68508,96,97,-1,1
68509,81,88,-7,7
68510,54,54,0,0
68511,70,77,-7,7
68512,141,128,13,13
68513,113,202,-89,89
68514,110,107,3,3
68515,75,78,-3,3
68516,85,93,-8,8
68517,85,77,8,8
68518,105,101,4,4
68519,62,69,-7,7
68520,39,44,-5,5
68521,83,81,2,2
68522,103,95,8,8
68523,69,73,-4,4
68524,103,98,5,5
68525,82,74,8,8
68526,98,93,5,5
68527,134,121,13,13
68528,51,62,-11,11
68529,98,94,4,4
68530,58,65,-7,7
68531,66,74,-8,8
68532,66,65,1,1
68533,139,118,21,21
68534,182,164,18,18
68535,118,127,-9,9
68536,69,63,6,6
68537,61,68,-7,7
68538,101,94,7,7
68539,126,95,31,31
68540,87,85,2,2
68541,53,53,0,0
68542,83,75,8,8
68543,113,113,0,0
68544,109,97,12,12
68545,60,58,2,2
68546,113,112,1,1
68547,84,89,-5,5
68548,60,53,7,7
68549,56,65,-9,9
68550,52,49,3,3
68551,111,102,9,9
68552,74,80,-6,6
68553,57,55,2,2
68554,72,73,-1,1
68555,77,80,-3,3
68556,93,88,5,5
68557,167,143,24,24
68558,64,66,-2,2
68559,97,88,9,9
68560,106,104,2,2
68561,165,146,19,19
68562,86,102,-16,16
68563,146,129,17,17
68564,98,91,7,7
68565,88,84,4,4
68566,89,85,4,4
68567,99,96,3,3
68568,86,84,2,2
68569,95,104,-9,9
68570,70,65,5,5
68571,91,96,-5,5
68572,98,94,4,4
68573,92,85,7,7
68574,103,95,8,8
68575,91,80,11,11
68576,58,72,-14,14
68577,61,64,-3,3
68578,53,56,-3,3
68579,83,76,7,7
68580,56,56,0,0
68581,84,82,2,2
68582,73,77,-4,4
68583,73,71,2,2
68584,81,80,1,1
68585,69,72,-3,3
68586,71,74,-3,3
68587,107,111,-4,4
68588,111,108,3,3
68589,107,95,12,12
68590,115,94,21,21
68591,75,76,-1,1
68592,129,114,15,15
68593,94,88,6,6
68594,52,50,2,2
68595,146,137,9,9
68596,99,100,-1,1
68597,93,104,-11,11
68598,57,60,-3,3
68599,102,108,-6,6
68600,58,65,-7,7
68601,95,131,-36,36
68602,92,88,4,4
68603,99,92,7,7
68604,115,113,2,2
68605,77,77,0,0
68606,176,171,5,5
68607,97,101,-4,4
68608,153,134,19,19
68609,74,69,5,5
68610,182,163,19,19
68611,91,95,-4,4
68612,67,74,-7,7
68613,85,93,-8,8
68614,109,100,9,9
68615,113,101,12,12
68616,111,108,3,3
68617,95,105,-10,10
68618,74,71,3,3
68619,110,104,6,6
68620,58,55,3,3
68621,135,121,14,14
68622,108,108,0,0
68623,112,114,-2,2
68624,49,51,-2,2
68625,114,114,0,0
68626,57,57,0,0
68627,74,67,7,7
68628,99,98,1,1
68629,96,89,7,7
68630,88,82,6,6
68631,79,84,-5,5
68632,82,71,11,11
68633,99,94,5,5
68634,116,106,10,10
68635,80,79,1,1
68636,120,114,6,6
68637,70,63,7,7
68638,74,74,0,0
68639,55,65,-10,10
68640,97,89,8,8
68641,74,77,-3,3
68642,92,94,-2,2
68643,71,72,-1,1
68644,86,82,4,4
68645,66,62,4,4
68646,74,67,7,7
68647,90,86,4,4
68648,110,103,7,7
68649,94,90,4,4
68650,101,97,4,4
68651,115,110,5,5
68652,91,91,0,0
68653,102,101,1,1
68654,116,120,-4,4
68655,130,125,5,5
68656,45,50,-5,5
68657,77,72,5,5
68658,117,126,-9,9
68659,109,106,3,3
68660,94,89,5,5
68661,130,117,13,13
68662,37,43,-6,6
68663,73,78,-5,5
68664,79,69,10,10
68665,80,87,-7,7
68666,143,119,24,24
68667,69,70,-1,1
68668,143,134,9,9
68669,105,101,4,4
68670,150,135,15,15
68671,94,85,9,9
68672,107,96,11,11
68673,64,58,6,6
68674,154,127,27,27
68675,129,122,7,7
68676,118,107,11,11
68677,86,83,3,3
68678,98,97,1,1
68679,134,138,-4,4
68680,96,96,0,0
68681,90,86,4,4
68682,173,169,4,4
68683,83,82,1,1
68684,168,160,8,8
68685,97,93,4,4
68686,88,87,1,1
68687,54,55,-1,1
68688,142,114,28,28
68689,152,136,16,16
68690,75,84,-9,9
68691,73,71,2,2
68692,170,173,-3,3
68693,82,79,3,3
68694,103,109,-6,6
68695,135,123,12,12
68696,98,97,1,1
68697,190,173,17,17
68698,110,93,17,17
68699,56,64,-8,8
68700,160,143,17,17
68701,86,96,-10,10
68702,105,100,5,5
68703,42,41,1,1
68704,148,152,-4,4
68705,78,69,9,9
68706,108,105,3,3
68707,81,79,2,2
68708,135,126,9,9
68709,84,90,-6,6
68710,115,101,14,14
68711,124,112,12,12
68712,67,75,-8,8
68713,97,92,5,5
68714,90,85,5,5
68715,158,142,16,16
68716,162,147,15,15
68717,165,159,6,6
68718,76,76,0,0
68719,174,164,10,10
68720,125,114,11,11
68721,155,145,10,10
68722,80,85,-5,5
68723,150,150,0,0
68724,54,47,7,7
68725,119,102,17,17
68726,83,75,8,8
68727,56,64,-8,8
68728,69,78,-9,9
68729,94,93,1,1
68730,103,105,-2,2
68731,120,109,11,11
68732,119,122,-3,3
68733,92,90,2,2
68734,102,97,5,5
68735,75,74,1,1
68736,64,61,3,3
68737,175,158,17,17
68738,66,65,1,1
68739,69,65,4,4
68740,66,65,1,1
68741,42,46,-4,4
68742,222,201,21,21
68743,161,153,8,8
68744,139,116,23,23
68745,88,86,2,2
68746,81,73,8,8
68747,160,156,4,4
68748,100,99,1,1
68749,64,69,-5,5
68750,26,33,-7,7
68751,126,118,8,8
68752,49,49,0,0
68753,101,99,2,2
68754,78,71,7,7
68755,82,80,2,2
68756,68,69,-1,1
68757,90,89,1,1
68758,78,76,2,2
68759,114,112,2,2
68760,160,147,13,13
68761,108,103,5,5
68762,93,89,4,4
68763,52,50,2,2
68764,142,128,14,14
68765,151,153,-2,2
68766,118,118,0,0
68767,90,88,2,2
68768,103,91,12,12
68769,126,117,9,9
68770,121,114,7,7
68771,111,109,2,2
68772,87,82,5,5
68773,48,50,-2,2
68774,86,73,13,13
68775,60,101,-41,41
68776,162,138,24,24
68777,98,87,11,11
68778,134,126,8,8
68779,147,139,8,8
68780,113,110,3,3
68781,79,76,3,3
68782,76,71,5,5
68783,72,81,-9,9
68784,59,67,-8,8
68785,151,140,11,11
68786,114,105,9,9
68787,71,77,-6,6
68788,146,135,11,11
68789,83,80,3,3
68790,65,65,0,0
68791,60,54,6,6
68792,113,96,17,17
68793,146,123,23,23
68794,103,104,-1,1
68795,123,110,13,13
68796,59,63,-4,4
68797,158,137,21,21
68798,114,97,17,17
68799,133,116,17,17
68800,151,138,13,13
68801,41,45,-4,4
68802,80,77,3,3
68803,71,66,5,5
68804,88,86,2,2
68805,94,100,-6,6
68806,41,52,-11,11
68807,129,141,-12,12
68808,126,114,12,12
68809,132,109,23,23
68810,38,49,-11,11
68811,81,84,-3,3
68812,97,96,1,1
68813,99,96,3,3
68814,159,150,9,9
68815,113,115,-2,2
68816,42,53,-11,11
68817,176,157,19,19
68818,96,82,14,14
68819,122,119,3,3
68820,134,134,0,0
68821,63,66,-3,3
68822,81,75,6,6
68823,94,97,-3,3
68824,122,111,11,11
68825,99,85,14,14
68826,103,104,-1,1
68827,77,96,-19,19
68828,90,96,-6,6
68829,139,120,19,19
68830,74,75,-1,1
68831,83,83,0,0
68832,84,81,3,3
68833,108,99,9,9
68834,80,86,-6,6
68835,117,111,6,6
68836,81,76,5,5
68837,73,75,-2,2
68838,146,132,14,14
68839,83,82,1,1
68840,71,66,5,5
68841,99,103,-4,4
68842,52,53,-1,1
68843,97,102,-5,5
68844,80,73,7,7
68845,112,108,4,4
68846,57,70,-13,13
68847,105,100,5,5
68848,145,143,2,2
68849,104,90,14,14
68850,94,87,7,7
68851,109,107,2,2
68852,73,74,-1,1
68853,54,58,-4,4
68854,99,89,10,10
68855,204,184,20,20
68856,42,47,-5,5
68857,40,40,0,0
68858,61,54,7,7
68859,98,97,1,1
68860,88,90,-2,2
68861,107,116,-9,9
68862,101,99,2,2
68863,156,143,13,13
68864,43,46,-3,3
68865,85,77,8,8
68866,130,115,15,15
68867,49,56,-7,7
68868,82,77,5,5
68869,105,101,4,4
68870,141,146,-5,5
68871,124,123,1,1
68872,149,158,-9,9
68873,61,52,9,9
68874,163,157,6,6
68875,94,96,-2,2
68876,64,68,-4,4
68877,129,140,-11,11
68878,71,76,-5,5
68879,95,100,-5,5
68880,106,110,-4,4
68881,103,81,22,22
68882,81,75,6,6
68883,89,79,10,10
68884,144,129,15,15
68885,64,67,-3,3
68886,37,115,-78,78
68887,87,75,12,12
68888,34,39,-5,5
68889,94,92,2,2
68890,84,88,-4,4
68891,76,72,4,4
68892,79,74,5,5
68893,96,100,-4,4
68894,99,91,8,8
68895,102,99,3,3
68896,66,64,2,2
68897,96,83,13,13
68898,75,76,-1,1
68899,98,86,12,12
68900,75,70,5,5
68901,106,95,11,11
68902,85,81,4,4
68903,104,114,-10,10
68904,83,85,-2,2
68905,92,90,2,2
68906,110,119,-9,9
68907,89,103,-14,14
68908,148,133,15,15
68909,105,100,5,5
68910,90,80,10,10
68911,42,55,-13,13
68912,102,99,3,3
68913,142,133,9,9
68914,122,110,12,12
68915,109,96,13,13
68916,101,101,0,0
68917,89,93,-4,4
68918,118,113,5,5
68919,146,129,17,17
68920,100,102,-2,2
68921,99,91,8,8
68922,62,59,3,3
68923,84,73,11,11
68924,62,70,-8,8
68925,190,167,23,23
68926,105,106,-1,1
68927,101,91,10,10
68928,69,76,-7,7
68929,105,100,5,5
68930,135,126,9,9
68931,162,163,-1,1
68932,96,92,4,4
68933,80,73,7,7
68934,83,84,-1,1
68935,133,125,8,8
68936,77,70,7,7
68937,130,122,8,8
68938,143,155,-12,12
68939,83,85,-2,2
68940,77,79,-2,2
68941,148,137,11,11
68942,88,82,6,6
68943,47,43,4,4
68944,66,56,10,10
68945,54,65,-11,11
68946,97,91,6,6
68947,80,85,-5,5
68948,51,65,-14,14
68949,122,125,-3,3
68950,134,119,15,15
68951,152,146,6,6
68952,96,100,-4,4
68953,75,80,-5,5
68954,143,138,5,5
68955,164,157,7,7
68956,99,97,2,2
68957,149,149,0,0
68958,126,115,11,11
68959,90,82,8,8
68960,102,101,1,1
68961,18,33,-15,15
68962,103,133,-30,30
68963,130,119,11,11
68964,67,71,-4,4
68965,69,63,6,6
68966,84,79,5,5
68967,122,122,0,0
68968,103,93,10,10
68969,65,58,7,7
68970,111,114,-3,3
68971,177,169,8,8
68972,64,59,5,5
68973,159,151,8,8
68974,123,122,1,1
68975,67,66,1,1
68976,138,137,1,1
68977,88,96,-8,8
68978,94,103,-9,9
68979,114,100,14,14
68980,81,76,5,5
68981,68,65,3,3
68982,214,191,23,23
68983,145,124,21,21
68984,54,55,-1,1
68985,100,89,11,11
68986,146,139,7,7
68987,213,183,30,30
68988,106,111,-5,5
68989,57,49,8,8
68990,128,123,5,5
68991,97,93,4,4
68992,90,93,-3,3
68993,102,93,9,9
68994,153,131,22,22
68995,84,79,5,5
68996,27,37,-10,10
68997,51,47,4,4
68998,73,76,-3,3
68999,86,83,3,3
69000,77,71,6,6
69001,154,131,23,23
69002,107,100,7,7
69003,173,164,9,9
69004,80,80,0,0
69005,92,90,2,2
69006,86,82,4,4
69007,70,71,-1,1
69008,116,116,0,0
69009,79,79,0,0
69010,101,95,6,6
69011,138,130,8,8
69012,125,108,17,17
69013,65,66,-1,1
69014,82,83,-1,1
69015,88,88,0,0
69016,40,49,-9,9
69017,104,104,0,0
69018,111,109,2,2
69019,81,76,5,5
69020,67,77,-10,10
69021,91,97,-6,6
69022,135,126,9,9
69023,155,162,-7,7
69024,89,83,6,6
69025,58,70,-12,12
69026,137,124,13,13
69027,69,69,0,0
69028,84,80,4,4
69029,110,91,19,19
69030,68,92,-24,24
69031,126,108,18,18
69032,185,146,39,39
69033,64,55,9,9
69034,119,111,8,8
69035,133,127,6,6
69036,96,89,7,7
69037,54,55,-1,1
69038,90,89,1,1
69039,75,70,5,5
69040,123,124,-1,1
69041,91,89,2,2
69042,114,110,4,4
69043,49,79,-30,30
69044,119,107,12,12
69045,78,71,7,7
69046,105,96,9,9
69047,113,109,4,4
69048,75,70,5,5
69049,162,154,8,8
69050,62,59,3,3
69051,93,80,13,13
69052,67,65,2,2
69053,118,113,5,5
69054,76,73,3,3
69055,132,122,10,10
69056,43,42,1,1
69057,69,74,-5,5
69058,99,101,-2,2
69059,81,75,6,6
69060,103,100,3,3
69061,87,76,11,11
69062,88,81,7,7
69063,92,86,6,6
69064,102,90,12,12
69065,53,52,1,1
69066,80,80,0,0
69067,86,76,10,10
69068,107,108,-1,1
69069,165,166,-1,1
69070,43,46,-3,3
69071,84,76,8,8
69072,129,121,8,8
69073,135,126,9,9
69074,32,62,-30,30
69075,49,63,-14,14
69076,91,89,2,2
69077,72,72,0,0
69078,85,78,7,7
69079,75,80,-5,5
69080,95,113,-18,18
69081,132,121,11,11
69082,98,101,-3,3
69083,34,35,-1,1
69084,114,107,7,7
69085,104,97,7,7
69086,111,98,13,13
69087,59,54,5,5
69088,38,48,-10,10
69089,45,46,-1,1
69090,160,166,-6,6
69091,87,82,5,5
69092,78,84,-6,6
69093,180,146,34,34
69094,112,112,0,0
69095,99,99,0,0
69096,77,78,-1,1
69097,64,79,-15,15
69098,93,78,15,15
69099,135,146,-11,11
69100,80,78,2,2
69101,105,90,15,15
69102,93,93,0,0
69103,97,97,0,0
69104,93,98,-5,5
69105,126,105,21,21
69106,100,93,7,7
69107,93,91,2,2
69108,116,112,4,4
69109,89,84,5,5
69110,72,84,-12,12
69111,158,138,20,20
69112,107,92,15,15
69113,57,61,-4,4
69114,95,98,-3,3
69115,199,176,23,23
69116,98,95,3,3
69117,50,49,1,1
69118,72,69,3,3
69119,86,76,10,10
69120,36,43,-7,7
69121,77,65,12,12
69122,144,143,1,1
69123,101,115,-14,14
69124,141,135,6,6
69125,136,118,18,18
69126,81,74,7,7
69127,96,112,-16,16
69128,92,88,4,4
69129,37,47,-10,10
69130,117,114,3,3
69131,96,89,7,7
69132,120,132,-12,12
69133,58,61,-3,3
69134,147,125,22,22
69135,60,63,-3,3
69136,85,80,5,5
69137,71,64,7,7
69138,74,68,6,6
69139,98,99,-1,1
69140,59,55,4,4
69141,77,78,-1,1
69142,77,80,-3,3
69143,76,77,-1,1
69144,52,56,-4,4
69145,116,112,4,4
69146,78,83,-5,5
69147,74,75,-1,1
69148,124,116,8,8
69149,58,56,2,2
69150,86,81,5,5
69151,132,117,15,15
69152,108,93,15,15
69153,38,40,-2,2
69154,138,137,1,1
69155,74,71,3,3
69156,73,76,-3,3
69157,95,79,16,16
69158,129,126,3,3
69159,102,92,10,10
69160,112,102,10,10
69161,141,136,5,5
69162,76,72,4,4
69163,142,135,7,7
69164,72,69,3,3
69165,163,153,10,10
69166,122,116,6,6
69167,44,43,1,1
69168,104,97,7,7
69169,72,81,-9,9
69170,60,59,1,1
69171,69,67,2,2
69172,113,101,12,12
69173,89,86,3,3
69174,42,46,-4,4
69175,146,137,9,9
69176,147,123,24,24
69177,132,138,-6,6
69178,107,100,7,7
69179,77,80,-3,3
69180,102,100,2,2
69181,153,134,19,19
69182,56,78,-22,22
69183,105,107,-2,2
69184,129,123,6,6
69185,99,91,8,8
69186,55,55,0,0
69187,102,107,-5,5
69188,102,92,10,10
69189,111,110,1,1
69190,123,121,2,2
69191,62,64,-2,2
69192,152,163,-11,11
69193,89,78,11,11
69194,94,86,8,8
69195,35,50,-15,15
69196,94,89,5,5
69197,110,111,-1,1
69198,175,170,5,5
69199,105,94,11,11
69200,42,47,-5,5
69201,152,141,11,11
69202,149,132,17,17
69203,207,181,26,26
69204,152,150,2,2
69205,88,95,-7,7
69206,94,90,4,4
69207,76,70,6,6
69208,84,81,3,3
69209,87,82,5,5
69210,59,50,9,9
69211,112,105,7,7
69212,110,100,10,10
69213,136,113,23,23
69214,81,89,-8,8
69215,177,153,24,24
69216,120,119,1,1
69217,86,84,2,2
69218,57,60,-3,3
69219,100,81,19,19
69220,134,124,10,10
69221,75,69,6,6
69222,88,82,6,6
69223,82,87,-5,5
69224,54,60,-6,6
69225,74,67,7,7
69226,50,54,-4,4
69227,125,111,14,14
69228,85,86,-1,1
69229,148,136,12,12
69230,88,88,0,0
69231,58,73,-15,15
69232,124,104,20,20
69233,129,126,3,3
69234,100,94,6,6
69235,76,76,0,0
69236,86,76,10,10
69237,57,67,-10,10
69238,84,84,0,0
69239,103,91,12,12
69240,87,85,2,2
69241,114,115,-1,1
69242,58,63,-5,5
69243,100,91,9,9
69244,92,91,1,1
69245,78,81,-3,3
69246,73,85,-12,12
69247,73,67,6,6
69248,106,101,5,5
69249,135,130,5,5
69250,95,109,-14,14
69251,75,77,-2,2
69252,116,118,-2,2
69253,58,54,4,4
69254,135,124,11,11
69255,75,76,-1,1
69256,51,56,-5,5
69257,69,66,3,3
69258,97,105,-8,8
69259,73,75,-2,2
69260,91,95,-4,4
69261,156,146,10,10
69262,67,70,-3,3
69263,77,72,5,5
69264,133,135,-2,2
69265,129,141,-12,12
69266,110,102,8,8
69267,121,132,-11,11
69268,150,143,7,7
69269,89,85,4,4
69270,71,75,-4,4
69271,119,103,16,16
69272,70,78,-8,8
69273,121,123,-2,2
69274,116,118,-2,2
69275,123,127,-4,4
69276,95,88,7,7
69277,70,65,5,5
69278,111,91,20,20
69279,113,103,10,10
69280,92,78,14,14
69281,52,55,-3,3
69282,114,107,7,7
69283,106,101,5,5
69284,102,111,-9,9
69285,72,82,-10,10
69286,134,118,16,16
69287,101,97,4,4
69288,134,119,15,15
69289,111,110,1,1
69290,99,96,3,3
69291,98,88,10,10
69292,94,93,1,1
69293,44,46,-2,2
69294,92,91,1,1
69295,81,77,4,4
69296,74,74,0,0
69297,51,47,4,4
69298,135,126,9,9
69299,34,41,-7,7
69300,151,144,7,7
69301,64,64,0,0
69302,105,106,-1,1
69303,117,100,17,17
69304,88,87,1,1
69305,100,103,-3,3
69306,88,82,6,6
69307,84,82,2,2
69308,189,177,12,12
69309,45,48,-3,3
69310,64,67,-3,3
69311,94,91,3,3
69312,199,176,23,23
69313,80,73,7,7
69314,105,104,1,1
69315,112,103,9,9
69316,59,43,16,16
69317,54,61,-7,7
69318,123,113,10,10
69319,59,60,-1,1
69320,186,172,14,14
69321,110,108,2,2
69322,117,108,9,9
69323,82,80,2,2
69324,202,171,31,31
69325,129,108,21,21
69326,91,93,-2,2
69327,131,106,25,25
69328,117,104,13,13
69329,82,73,9,9
69330,78,84,-6,6
69331,129,121,8,8
69332,46,40,6,6
69333,122,123,-1,1
69334,124,112,12,12
69335,186,179,7,7
69336,103,99,4,4
69337,112,113,-1,1
69338,135,137,-2,2
69339,68,71,-3,3
69340,110,108,2,2
69341,57,53,4,4
69342,144,135,9,9
69343,115,99,16,16
69344,143,134,9,9
69345,75,82,-7,7
69346,69,63,6,6
69347,140,121,19,19
69348,93,99,-6,6
69349,74,71,3,3
69350,165,158,7,7
69351,77,81,-4,4
69352,57,57,0,0
69353,87,98,-11,11
69354,123,120,3,3
69355,78,81,-3,3
69356,120,120,0,0
69357,100,95,5,5
69358,112,108,4,4
69359,87,88,-1,1
69360,98,85,13,13
69361,106,99,7,7
69362,91,96,-5,5
69363,107,104,3,3
69364,67,67,0,0
69365,125,118,7,7
69366,61,56,5,5
69367,96,95,1,1
69368,73,72,1,1
69369,70,68,2,2
69370,89,83,6,6
69371,114,105,9,9
69372,74,75,-1,1
69373,133,109,24,24
69374,107,110,-3,3
69375,91,88,3,3
69376,83,76,7,7
69377,76,72,4,4
69378,75,80,-5,5
69379,83,78,5,5
69380,62,64,-2,2
69381,71,79,-8,8
69382,40,43,-3,3
69383,131,120,11,11
69384,138,136,2,2
69385,43,49,-6,6
69386,76,82,-6,6
69387,128,150,-22,22
69388,62,62,0,0
69389,128,119,9,9
69390,79,81,-2,2
69391,140,127,13,13
69392,94,97,-3,3
69393,96,96,0,0
69394,43,44,-1,1
69395,159,144,15,15
69396,62,53,9,9
69397,131,118,13,13
69398,65,64,1,1
69399,63,67,-4,4
69400,116,120,-4,4
69401,65,80,-15,15
69402,70,68,2,2
69403,56,60,-4,4
69404,95,93,2,2
69405,120,110,10,10
69406,93,96,-3,3
69407,92,90,2,2
69408,101,90,11,11
69409,106,108,-2,2
69410,151,140,11,11
69411,98,88,10,10
69412,63,62,1,1
69413,120,118,2,2
69414,93,90,3,3
69415,89,85,4,4
69416,47,48,-1,1
69417,92,92,0,0
69418,95,84,11,11
69419,90,81,9,9
69420,116,103,13,13
69421,88,83,5,5
69422,107,110,-3,3
69423,168,177,-9,9
69424,49,46,3,3
69425,111,100,11,11
69426,76,80,-4,4
69427,89,86,3,3
69428,72,71,1,1
69429,131,127,4,4
69430,61,73,-12,12
69431,106,96,10,10
69432,65,68,-3,3
69433,76,75,1,1
69434,62,92,-30,30
69435,63,62,1,1
69436,77,76,1,1
69437,120,108,12,12
69438,109,109,0,0
69439,93,88,5,5
69440,66,64,2,2
69441,72,64,8,8
69442,94,86,8,8
69443,143,122,21,21
69444,75,78,-3,3
69445,99,95,4,4
69446,112,110,2,2
69447,66,67,-1,1
69448,72,67,5,5
69449,46,53,-7,7
69450,100,94,6,6
69451,89,79,10,10
69452,101,98,3,3
69453,63,62,1,1
69454,108,102,6,6
69455,89,91,-2,2
69456,101,92,9,9
69457,94,88,6,6
69458,73,75,-2,2
69459,148,119,29,29
69460,142,130,12,12
69461,92,89,3,3
69462,151,135,16,16
69463,119,109,10,10
69464,61,64,-3,3
69465,124,124,0,0
69466,46,55,-9,9
69467,67,74,-7,7
69468,46,60,-14,14
69469,81,79,2,2
69470,104,103,1,1
69471,47,47,0,0
69472,88,86,2,2
69473,115,80,35,35
69474,92,103,-11,11
69475,100,84,16,16
69476,141,131,10,10
69477,107,102,5,5
69478,127,109,18,18
69479,117,120,-3,3
69480,72,71,1,1
69481,81,81,0,0
69482,100,124,-24,24
69483,84,98,-14,14
69484,70,66,4,4
69485,152,133,19,19
69486,32,41,-9,9
69487,121,120,1,1
69488,69,69,0,0
69489,63,66,-3,3
69490,76,74,2,2
69491,81,84,-3,3
69492,106,97,9,9
69493,69,77,-8,8
69494,54,58,-4,4
69495,92,87,5,5
69496,61,65,-4,4
69497,141,124,17,17
69498,78,74,4,4
69499,124,138,-14,14
69500,94,91,3,3
69501,66,69,-3,3
69502,156,157,-1,1
69503,80,98,-18,18
69504,84,86,-2,2
69505,161,157,4,4
69506,106,94,12,12
69507,98,92,6,6
69508,108,103,5,5
69509,109,100,9,9
69510,85,82,3,3
69511,74,79,-5,5
69512,74,72,2,2
69513,88,95,-7,7
69514,128,115,13,13
69515,93,88,5,5
69516,140,135,5,5
69517,109,102,7,7
69518,58,56,2,2
69519,73,61,12,12
69520,86,83,3,3
69521,94,88,6,6
69522,332,294,38,38
69523,112,97,15,15
69524,48,44,4,4
69525,73,75,-2,2
69526,116,109,7,7
69527,105,89,16,16
69528,65,67,-2,2
69529,108,99,9,9
69530,83,90,-7,7
69531,81,85,-4,4
69532,155,151,4,4
69533,110,95,15,15
69534,120,104,16,16
69535,92,82,10,10
69536,152,135,17,17
69537,131,133,-2,2
69538,48,64,-16,16
69539,68,67,1,1
69540,74,71,3,3
69541,86,93,-7,7
69542,148,152,-4,4
69543,188,171,17,17
69544,79,87,-8,8
69545,125,113,12,12
69546,95,81,14,14
69547,63,62,1,1
69548,78,71,7,7
69549,116,113,3,3
69550,83,81,2,2
69551,68,68,0,0
69552,104,102,2,2
69553,107,101,6,6
69554,93,83,10,10
69555,115,109,6,6
69556,105,82,23,23
69557,76,91,-15,15
69558,129,114,15,15
69559,53,49,4,4
69560,78,86,-8,8
69561,108,102,6,6
69562,39,46,-7,7
69563,81,76,5,5
69564,122,122,0,0
69565,74,68,6,6
69566,63,68,-5,5
69567,115,109,6,6
69568,119,117,2,2
69569,130,121,9,9
69570,103,124,-21,21
69571,107,105,2,2
69572,69,77,-8,8
69573,130,119,11,11
69574,98,110,-12,12
69575,126,112,14,14
69576,119,102,17,17
69577,86,89,-3,3
69578,211,195,16,16
69579,82,80,2,2
69580,64,63,1,1
69581,96,72,24,24
69582,63,67,-4,4
69583,102,99,3,3
69584,119,122,-3,3
69585,82,85,-3,3
69586,119,107,12,12
69587,64,61,3,3
69588,48,46,2,2
69589,140,128,12,12
69590,112,100,12,12
69591,93,103,-10,10
69592,88,88,0,0
69593,93,89,4,4
69594,60,56,4,4
69595,66,68,-2,2
69596,48,49,-1,1
69597,101,92,9,9
69598,54,54,0,0
69599,99,88,11,11
69600,81,77,4,4
69601,155,140,15,15
69602,80,79,1,1
69603,69,68,1,1
69604,65,76,-11,11
69605,81,88,-7,7
69606,100,103,-3,3
69607,89,95,-6,6
69608,86,86,0,0
69609,107,107,0,0
69610,61,65,-4,4
69611,59,54,5,5
69612,51,57,-6,6
69613,147,146,1,1
69614,127,110,17,17
69615,130,133,-3,3
69616,53,47,6,6
69617,117,92,25,25
69618,132,126,6,6
69619,119,110,9,9
69620,107,91,16,16
69621,79,91,-12,12
69622,157,147,10,10
69623,125,103,22,22
69624,60,64,-4,4
69625,79,66,13,13
69626,80,82,-2,2
69627,151,132,19,19
69628,109,95,14,14
69629,64,64,0,0
69630,111,93,18,18
69631,44,49,-5,5
69632,95,84,11,11
69633,137,125,12,12
69634,121,99,22,22
69635,51,58,-7,7
69636,53,64,-11,11
69637,93,89,4,4
69638,91,92,-1,1
69639,125,109,16,16
69640,59,61,-2,2
69641,63,64,-1,1
69642,111,92,19,19
69643,117,115,2,2
69644,74,73,1,1
69645,117,116,1,1
69646,65,60,5,5
69647,100,89,11,11
69648,227,210,17,17
69649,145,161,-16,16
69650,82,82,0,0
69651,93,78,15,15
69652,120,123,-3,3
69653,122,109,13,13
69654,121,113,8,8
69655,106,86,20,20
69656,95,98,-3,3
69657,71,69,2,2
69658,64,72,-8,8
69659,103,97,6,6
69660,66,77,-11,11
69661,60,64,-4,4
69662,85,81,4,4
69663,110,107,3,3
69664,109,107,2,2
69665,80,87,-7,7
69666,80,70,10,10
69667,147,147,0,0
69668,107,108,-1,1
69669,61,61,0,0
69670,163,159,4,4
69671,60,56,4,4
69672,85,81,4,4
69673,152,155,-3,3
69674,90,88,2,2
69675,81,79,2,2
69676,76,70,6,6
69677,95,88,7,7
69678,70,66,4,4
69679,101,91,10,10
69680,65,61,4,4
69681,78,86,-8,8
69682,94,94,0,0
69683,69,68,1,1
69684,161,157,4,4
69685,97,97,0,0
69686,66,73,-7,7
69687,171,149,22,22
69688,93,80,13,13
69689,98,87,11,11
69690,101,103,-2,2
69691,97,94,3,3
69692,74,80,-6,6
69693,88,74,14,14
69694,184,175,9,9
69695,74,79,-5,5
69696,65,75,-10,10
69697,193,174,19,19
69698,103,93,10,10
69699,57,62,-5,5
69700,113,127,-14,14
69701,145,161,-16,16
69702,60,60,0,0
69703,128,134,-6,6
69704,89,86,3,3
69705,80,78,2,2
69706,79,72,7,7
69707,114,108,6,6
69708,200,183,17,17
69709,133,125,8,8
69710,114,105,9,9
69711,125,116,9,9
69712,82,78,4,4
69713,90,82,8,8
69714,95,90,5,5
69715,140,141,-1,1
69716,96,98,-2,2
69717,186,173,13,13
69718,89,97,-8,8
69719,57,55,2,2
69720,76,76,0,0
69721,64,63,1,1
69722,138,125,13,13
69723,97,94,3,3
69724,95,100,-5,5
69725,157,154,3,3
69726,76,70,6,6
69727,77,83,-6,6
69728,110,107,3,3
69729,191,168,23,23
69730,70,67,3,3
69731,100,109,-9,9
69732,98,100,-2,2
69733,64,67,-3,3
69734,106,100,6,6
69735,95,94,1,1
69736,70,75,-5,5
69737,132,116,16,16
69738,43,36,7,7
69739,177,151,26,26
69740,59,56,3,3
69741,42,48,-6,6
69742,40,36,4,4
69743,82,45,37,37
69744,79,81,-2,2
69745,62,74,-12,12
69746,108,100,8,8
69747,103,112,-9,9
69748,92,88,4,4
69749,63,67,-4,4
69750,65,68,-3,3
69751,144,143,1,1
69752,92,86,6,6
69753,129,126,3,3
69754,137,134,3,3
69755,122,124,-2,2
69756,48,66,-18,18
69757,85,67,18,18
69758,90,94,-4,4
69759,82,69,13,13
69760,112,100,12,12
69761,85,84,1,1
69762,91,85,6,6
69763,78,78,0,0
69764,69,70,-1,1
69765,121,106,15,15
69766,68,68,0,0
69767,131,128,3,3
69768,89,84,5,5
69769,93,89,4,4
69770,54,49,5,5
69771,136,131,5,5
69772,35,71,-36,36
69773,178,155,23,23
69774,105,96,9,9
69775,145,138,7,7
69776,75,81,-6,6
69777,117,104,13,13
69778,63,65,-2,2
69779,132,128,4,4
69780,100,99,1,1
69781,67,68,-1,1
69782,47,52,-5,5
69783,128,111,17,17
69784,119,120,-1,1
69785,119,119,0,0
69786,93,76,17,17
69787,121,118,3,3
69788,79,72,7,7
69789,166,149,17,17
69790,87,78,9,9
69791,85,85,0,0
69792,80,75,5,5
69793,68,69,-1,1
69794,131,129,2,2
69795,124,117,7,7
69796,146,148,-2,2
69797,71,66,5,5
69798,89,94,-5,5
69799,60,65,-5,5
69800,64,62,2,2
69801,63,73,-10,10
69802,61,63,-2,2
69803,119,98,21,21
69804,83,83,0,0
69805,96,95,1,1
69806,116,128,-12,12
69807,122,115,7,7
69808,102,90,12,12
69809,85,85,0,0
69810,129,130,-1,1
69811,109,95,14,14
69812,41,42,-1,1
69813,95,94,1,1
69814,131,106,25,25
69815,98,76,22,22
69816,105,95,10,10
69817,35,49,-14,14
69818,65,62,3,3
69819,69,65,4,4
69820,72,68,4,4
69821,101,100,1,1
69822,86,81,5,5
69823,103,103,0,0
69824,110,94,16,16
69825,77,68,9,9
69826,98,72,26,26
69827,107,100,7,7
69828,72,78,-6,6
69829,109,107,2,2
69830,68,62,6,6
69831,64,63,1,1
69832,158,149,9,9
69833,112,116,-4,4
69834,71,82,-11,11
69835,119,109,10,10
69836,63,63,0,0
69837,66,67,-1,1
69838,90,84,6,6
69839,114,117,-3,3
69840,81,82,-1,1
69841,136,122,14,14
69842,92,87,5,5
69843,46,66,-20,20
69844,48,53,-5,5
69845,99,85,14,14
69846,63,67,-4,4
69847,113,111,2,2
69848,77,81,-4,4
69849,95,106,-11,11
69850,95,92,3,3
69851,92,91,1,1
69852,77,72,5,5
69853,108,101,7,7
69854,80,77,3,3
69855,106,101,5,5
69856,193,182,11,11
69857,138,122,16,16
69858,146,142,4,4
69859,146,146,0,0
69860,121,108,13,13
69861,134,118,16,16
69862,92,92,0,0
69863,109,100,9,9
69864,94,98,-4,4
69865,96,100,-4,4
69866,105,116,-11,11
69867,124,124,0,0
69868,101,91,10,10
69869,63,68,-5,5
69870,91,92,-1,1
69871,75,81,-6,6
69872,89,98,-9,9
69873,134,127,7,7
69874,130,122,8,8
69875,71,81,-10,10
69876,152,145,7,7
69877,79,62,17,17
69878,82,68,14,14
69879,80,85,-5,5
69880,51,56,-5,5
69881,134,127,7,7
69882,120,102,18,18
69883,88,83,5,5
69884,66,71,-5,5
69885,40,48,-8,8
69886,81,72,9,9
69887,125,109,16,16
69888,57,60,-3,3
69889,127,113,14,14
69890,70,62,8,8
69891,144,93,51,51
69892,100,105,-5,5
69893,190,168,22,22
69894,79,76,3,3
69895,95,73,22,22
69896,86,72,14,14
69897,75,64,11,11
69898,108,98,10,10
69899,74,72,2,2
69900,110,116,-6,6
69901,121,107,14,14
69902,75,77,-2,2
69903,193,165,28,28
69904,102,93,9,9
69905,83,84,-1,1
69906,161,151,10,10
69907,43,53,-10,10
69908,157,173,-16,16
69909,152,153,-1,1
69910,166,153,13,13
69911,61,55,6,6
69912,123,113,10,10
69913,77,65,12,12
69914,76,68,8,8
69915,103,107,-4,4
69916,73,70,3,3
69917,94,95,-1,1
69918,71,75,-4,4
69919,69,78,-9,9
69920,46,45,1,1
69921,59,61,-2,2
69922,109,99,10,10
69923,166,165,1,1
69924,65,66,-1,1
69925,97,88,9,9
69926,170,152,18,18
69927,76,78,-2,2
69928,79,77,2,2
69929,84,90,-6,6
69930,36,38,-2,2
69931,149,144,5,5
69932,61,57,4,4
69933,109,107,2,2
69934,160,138,22,22
69935,96,87,9,9
69936,139,138,1,1
69937,59,59,0,0
69938,52,43,9,9
69939,148,132,16,16
69940,90,70,20,20
69941,68,59,9,9
69942,60,68,-8,8
69943,110,108,2,2
69944,80,96,-16,16
69945,37,41,-4,4
69946,75,85,-10,10
69947,62,68,-6,6
69948,66,66,0,0
69949,99,104,-5,5
69950,105,100,5,5
69951,165,147,18,18
69952,164,156,8,8
69953,93,92,1,1
69954,58,75,-17,17
69955,93,87,6,6
69956,37,45,-8,8
69957,68,74,-6,6
69958,122,121,1,1
69959,36,36,0,0
69960,109,103,6,6
69961,111,103,8,8
69962,39,42,-3,3
69963,139,130,9,9
69964,109,109,0,0
69965,169,161,8,8
69966,138,133,5,5
69967,104,115,-11,11
69968,170,173,-3,3
69969,66,66,0,0
69970,154,146,8,8
69971,46,49,-3,3
69972,136,118,18,18
69973,81,79,2,2
69974,390,295,95,95
69975,88,82,6,6
69976,66,76,-10,10
69977,69,67,2,2
69978,48,55,-7,7
69979,136,120,16,16
69980,85,82,3,3
69981,73,69,4,4
69982,128,131,-3,3
69983,90,94,-4,4
69984,105,104,1,1
69985,127,118,9,9
69986,102,99,3,3
69987,111,105,6,6
69988,110,94,16,16
69989,92,86,6,6
69990,66,99,-33,33
69991,103,98,5,5
69992,111,97,14,14
69993,120,115,5,5
69994,96,97,-1,1
69995,141,134,7,7
69996,89,102,-13,13
69997,66,67,-1,1
69998,95,82,13,13
69999,83,89,-6,6
70000,62,60,2,2
70001,136,134,2,2
70002,99,91,8,8
70003,78,70,8,8
70004,79,85,-6,6
70005,86,81,5,5
70006,70,71,-1,1
70007,128,125,3,3
70008,100,79,21,21
70009,116,98,18,18
70010,165,176,-11,11
70011,125,118,7,7
70012,63,67,-4,4
70013,93,96,-3,3
70014,135,118,17,17
70015,61,61,0,0
70016,55,71,-16,16
70017,95,86,9,9
70018,98,94,4,4
70019,54,55,-1,1
70020,85,87,-2,2
70021,96,82,14,14
70022,132,130,2,2
70023,81,84,-3,3
70024,57,62,-5,5
70025,71,66,5,5
70026,92,91,1,1
70027,99,84,15,15
70028,87,82,5,5
70029,116,95,21,21
70030,46,51,-5,5
70031,29,24,5,5
70032,163,167,-4,4
70033,110,98,12,12
70034,68,67,1,1
70035,62,62,0,0
70036,60,53,7,7
70037,91,92,-1,1
70038,35,36,-1,1
70039,61,67,-6,6
70040,101,87,14,14
70041,135,126,9,9
70042,169,165,4,4
70043,122,109,13,13
70044,182,171,11,11
70045,86,88,-2,2
70046,121,110,11,11
70047,65,60,5,5
70048,84,88,-4,4
70049,98,89,9,9
70050,61,67,-6,6
70051,71,81,-10,10
70052,54,56,-2,2
70053,130,115,15,15
70054,47,53,-6,6
70055,78,72,6,6
70056,83,72,11,11
70057,119,103,16,16
70058,86,78,8,8
70059,92,90,2,2
70060,76,74,2,2
70061,80,84,-4,4
70062,103,92,11,11
70063,113,104,9,9
70064,79,82,-3,3
70065,68,70,-2,2
70066,115,109,6,6
70067,62,70,-8,8
70068,107,113,-6,6
70069,115,103,12,12
70070,138,136,2,2
70071,115,119,-4,4
70072,117,101,16,16
70073,92,135,-43,43
70074,122,110,12,12
70075,54,56,-2,2
70076,76,78,-2,2
70077,96,90,6,6
70078,57,59,-2,2
70079,108,106,2,2
70080,104,103,1,1
70081,107,104,3,3
70082,66,64,2,2
70083,57,66,-9,9
70084,72,68,4,4
70085,63,92,-29,29
70086,119,120,-1,1
70087,123,111,12,12
70088,86,83,3,3
70089,121,102,19,19
70090,72,64,8,8
70091,70,71,-1,1
70092,84,74,10,10
70093,72,78,-6,6
70094,61,59,2,2
70095,128,110,18,18
70096,90,90,0,0
70097,138,148,-10,10
70098,80,79,1,1
70099,134,103,31,31
70100,135,132,3,3
70101,108,104,4,4
70102,114,102,12,12
70103,87,80,7,7
70104,29,47,-18,18
70105,84,82,2,2
70106,139,132,7,7
70107,126,113,13,13
70108,61,53,8,8
70109,22,30,-8,8
70110,61,73,-12,12
70111,74,82,-8,8
70112,120,108,12,12
70113,69,67,2,2
70114,61,67,-6,6
70115,88,90,-2,2
70116,102,102,0,0
70117,107,104,3,3
70118,103,96,7,7
70119,89,90,-1,1
70120,134,131,3,3
70121,52,61,-9,9
70122,63,88,-25,25
70123,116,106,10,10
70124,123,132,-9,9
70125,101,90,11,11
70126,58,61,-3,3
70127,95,95,0,0
70128,66,65,1,1
70129,69,69,0,0
70130,107,96,11,11
70131,118,127,-9,9
70132,155,134,21,21
70133,75,75,0,0
70134,103,94,9,9
70135,81,74,7,7
70136,94,90,4,4
70137,64,66,-2,2
70138,135,124,11,11
70139,116,129,-13,13
70140,213,182,31,31
70141,87,85,2,2
70142,109,122,-13,13
70143,149,143,6,6
70144,81,93,-12,12
70145,78,74,4,4
70146,62,60,2,2
70147,73,75,-2,2
70148,68,58,10,10
70149,103,80,23,23
70150,121,102,19,19
70151,165,146,19,19
70152,105,96,9,9
70153,71,65,6,6
70154,139,138,1,1
70155,75,98,-23,23
70156,146,152,-6,6
70157,88,93,-5,5
70158,184,179,5,5
70159,122,108,14,14
70160,50,73,-23,23
70161,98,95,3,3
70162,28,71,-43,43
70163,68,58,10,10
70164,34,37,-3,3
70165,88,78,10,10
70166,87,87,0,0
70167,91,86,5,5
70168,97,91,6,6
70169,93,71,22,22
70170,46,48,-2,2
70171,63,61,2,2
70172,54,63,-9,9
70173,68,71,-3,3
70174,100,112,-12,12
70175,51,50,1,1
70176,92,90,2,2
70177,111,110,1,1
70178,66,63,3,3
70179,60,68,-8,8
70180,66,62,4,4
70181,130,110,20,20
70182,125,107,18,18
70183,134,132,2,2
70184,139,134,5,5
70185,105,104,1,1
70186,70,70,0,0
70187,106,97,9,9
70188,146,124,22,22
70189,144,145,-1,1
70190,108,122,-14,14
70191,77,79,-2,2
70192,99,89,10,10
70193,79,77,2,2
70194,65,68,-3,3
70195,65,78,-13,13
70196,89,94,-5,5
70197,128,113,15,15
70198,95,114,-19,19
70199,131,140,-9,9
70200,48,44,4,4
70201,127,113,14,14
70202,102,103,-1,1
70203,127,121,6,6
70204,53,57,-4,4
70205,148,126,22,22
70206,173,155,18,18
70207,110,103,7,7
70208,61,63,-2,2
70209,65,67,-2,2
70210,83,77,6,6
70211,125,123,2,2
70212,94,88,6,6
70213,82,78,4,4
70214,95,88,7,7
70215,48,50,-2,2
70216,112,105,7,7
70217,74,72,2,2
70218,114,103,11,11
70219,64,66,-2,2
70220,109,96,13,13
70221,163,148,15,15
70222,136,128,8,8
70223,218,190,28,28
70224,114,100,14,14
70225,152,144,8,8
70226,115,115,0,0
70227,70,73,-3,3
70228,76,76,0,0
70229,101,97,4,4
70230,122,110,12,12
70231,95,87,8,8
70232,112,141,-29,29
70233,114,109,5,5
70234,93,89,4,4
70235,56,67,-11,11
70236,110,117,-7,7
70237,97,95,2,2
70238,86,96,-10,10
70239,87,81,6,6
70240,55,69,-14,14
70241,183,193,-10,10
70242,99,96,3,3
70243,102,97,5,5
70244,113,106,7,7
70245,95,91,4,4
70246,191,166,25,25
70247,82,83,-1,1
70248,55,53,2,2
70249,60,63,-3,3
70250,81,71,10,10
70251,87,85,2,2
70252,142,140,2,2
70253,97,80,17,17
70254,116,97,19,19
70255,73,72,1,1
70256,87,91,-4,4
70257,102,92,10,10
70258,57,63,-6,6
70259,56,65,-9,9
70260,193,159,34,34
70261,99,97,2,2
70262,61,67,-6,6
70263,90,86,4,4
70264,129,132,-3,3
70265,86,87,-1,1
70266,68,75,-7,7
70267,106,91,15,15
70268,101,105,-4,4
70269,139,127,12,12
70270,97,103,-6,6
70271,79,86,-7,7
70272,54,58,-4,4
70273,47,51,-4,4
70274,119,106,13,13
70275,93,89,4,4
70276,70,70,0,0
70277,109,106,3,3
70278,55,67,-12,12
70279,127,132,-5,5
70280,76,76,0,0
70281,35,42,-7,7
70282,66,68,-2,2
70283,72,72,0,0
70284,91,100,-9,9
70285,128,130,-2,2
70286,123,118,5,5
70287,129,121,8,8
70288,106,95,11,11
70289,84,88,-4,4
70290,99,83,16,16
70291,59,58,1,1
70292,54,60,-6,6
70293,120,113,7,7
70294,188,168,20,20
70295,83,79,4,4
70296,146,127,19,19
70297,69,67,2,2
70298,58,61,-3,3
70299,173,144,29,29
70300,131,118,13,13
70301,150,139,11,11
70302,115,108,7,7
70303,107,97,10,10
70304,131,131,0,0
70305,101,94,7,7
70306,105,91,14,14
70307,104,101,3,3
70308,138,120,18,18
70309,62,59,3,3
70310,88,91,-3,3
70311,44,44,0,0
70312,116,116,0,0
70313,84,81,3,3
70314,80,98,-18,18
70315,112,106,6,6
70316,85,81,4,4
70317,82,74,8,8
70318,101,98,3,3
70319,123,120,3,3
70320,137,127,10,10
70321,112,92,20,20
70322,72,76,-4,4
70323,100,92,8,8
70324,106,94,12,12
70325,64,55,9,9
70326,115,102,13,13
70327,44,51,-7,7
70328,112,104,8,8
70329,113,98,15,15
70330,203,179,24,24
70331,113,100,13,13
70332,154,150,4,4
70333,88,91,-3,3
70334,88,97,-9,9
70335,56,57,-1,1
70336,116,112,4,4
70337,104,98,6,6
70338,96,90,6,6
70339,99,95,4,4
70340,98,102,-4,4
70341,128,133,-5,5
70342,79,76,3,3
70343,97,101,-4,4
70344,68,73,-5,5
70345,93,81,12,12
70346,99,96,3,3
70347,68,67,1,1
70348,83,75,8,8
70349,85,85,0,0
70350,89,93,-4,4
70351,95,89,6,6
70352,133,124,9,9
70353,86,82,4,4
70354,94,90,4,4
70355,63,72,-9,9
70356,134,126,8,8
70357,79,82,-3,3
70358,55,53,2,2
70359,82,85,-3,3
70360,60,64,-4,4
70361,63,72,-9,9
70362,179,160,19,19
70363,127,119,8,8
70364,65,63,2,2
70365,101,98,3,3
70366,112,103,9,9
70367,66,68,-2,2
70368,104,96,8,8
70369,80,96,-16,16
70370,84,73,11,11
70371,57,57,0,0
70372,55,54,1,1
70373,134,126,8,8
70374,125,115,10,10
70375,83,81,2,2
70376,66,65,1,1
70377,59,80,-21,21
70378,117,113,4,4
70379,103,117,-14,14
70380,101,88,13,13
70381,128,125,3,3
70382,92,95,-3,3
70383,167,151,16,16
70384,79,75,4,4
70385,121,110,11,11
70386,85,75,10,10
70387,80,61,19,19
70388,26,35,-9,9
70389,52,55,-3,3
70390,58,68,-10,10
70391,137,128,9,9
70392,48,49,-1,1
70393,138,126,12,12
70394,81,67,14,14
70395,132,126,6,6
70396,111,104,7,7
70397,115,110,5,5
70398,129,123,6,6
70399,125,120,5,5
70400,138,161,-23,23
70401,51,55,-4,4
70402,131,140,-9,9
70403,164,167,-3,3
70404,107,90,17,17
70405,102,97,5,5
70406,66,68,-2,2
70407,59,61,-2,2
70408,60,58,2,2
70409,145,135,10,10
70410,143,133,10,10
70411,121,115,6,6
70412,98,102,-4,4
70413,107,89,18,18
70414,69,66,3,3
70415,154,151,3,3
70416,93,92,1,1
70417,93,93,0,0
70418,41,35,6,6
70419,103,104,-1,1
70420,81,80,1,1
70421,105,94,11,11
70422,60,54,6,6
70423,90,92,-2,2
70424,76,75,1,1
70425,98,94,4,4
70426,70,67,3,3
70427,49,60,-11,11
70428,113,104,9,9
70429,45,61,-16,16
70430,109,99,10,10
70431,53,57,-4,4
70432,98,80,18,18
70433,70,65,5,5
70434,91,86,5,5
70435,126,113,13,13
70436,68,58,10,10
70437,54,74,-20,20
70438,99,89,10,10
70439,85,85,0,0
70440,85,77,8,8
70441,93,93,0,0
70442,69,64,5,5
70443,59,59,0,0
70444,47,59,-12,12
70445,83,79,4,4
70446,103,106,-3,3
70447,93,81,12,12
70448,125,131,-6,6
70449,97,92,5,5
70450,103,106,-3,3
70451,79,75,4,4
70452,103,110,-7,7
70453,132,120,12,12
70454,165,165,0,0
70455,132,123,9,9
70456,88,84,4,4
70457,92,83,9,9
70458,75,72,3,3
70459,108,95,13,13
70460,98,93,5,5
70461,133,146,-13,13
70462,75,69,6,6
70463,187,178,9,9
70464,123,116,7,7
70465,63,78,-15,15
70466,92,100,-8,8
70467,117,112,5,5
70468,98,83,15,15
70469,247,222,25,25
70470,98,100,-2,2
70471,102,85,17,17
70472,66,71,-5,5
70473,62,56,6,6
70474,84,84,0,0
70475,52,51,1,1
70476,107,99,8,8
70477,155,138,17,17
70478,118,116,2,2
70479,150,149,1,1
70480,112,103,9,9
70481,106,103,3,3
70482,61,61,0,0
70483,101,96,5,5
70484,80,69,11,11
70485,65,80,-15,15
70486,86,80,6,6
70487,74,69,5,5
70488,163,143,20,20
70489,100,101,-1,1
70490,44,48,-4,4
70491,86,72,14,14
70492,119,110,9,9
70493,80,73,7,7
70494,57,64,-7,7
70495,136,126,10,10
70496,113,113,0,0
70497,75,73,2,2
70498,41,50,-9,9
70499,125,135,-10,10
70500,77,71,6,6
70501,97,87,10,10
70502,159,156,3,3
70503,43,45,-2,2
70504,47,50,-3,3
70505,53,52,1,1
70506,141,125,16,16
70507,79,81,-2,2
70508,74,71,3,3
70509,117,114,3,3
70510,39,46,-7,7
70511,74,77,-3,3
70512,131,131,0,0
70513,95,93,2,2
70514,152,135,17,17
70515,80,82,-2,2
70516,125,103,22,22
70517,114,114,0,0
70518,113,104,9,9
70519,58,68,-10,10
70520,98,88,10,10
70521,135,122,13,13
70522,88,95,-7,7
70523,147,141,6,6
70524,83,80,3,3
70525,145,137,8,8
70526,144,139,5,5
70527,142,129,13,13
70528,65,67,-2,2
70529,59,67,-8,8
70530,116,110,6,6
70531,51,55,-4,4
70532,48,51,-3,3
70533,113,116,-3,3
70534,87,64,23,23
70535,72,78,-6,6
70536,100,94,6,6
70537,66,66,0,0
70538,106,108,-2,2
70539,128,113,15,15
70540,71,65,6,6
70541,69,75,-6,6
70542,117,129,-12,12
70543,125,121,4,4
70544,105,96,9,9
70545,43,46,-3,3
70546,154,153,1,1
70547,77,77,0,0
70548,104,102,2,2
70549,112,105,7,7
70550,84,80,4,4
70551,69,66,3,3
70552,135,119,16,16
70553,130,114,16,16
70554,117,119,-2,2
70555,47,56,-9,9
70556,114,115,-1,1
70557,100,100,0,0
70558,129,132,-3,3
70559,59,61,-2,2
70560,159,148,11,11
70561,61,69,-8,8
70562,51,54,-3,3
70563,92,88,4,4
70564,73,76,-3,3
70565,98,80,18,18
70566,117,107,10,10
70567,100,104,-4,4
70568,54,68,-14,14
70569,76,72,4,4
70570,132,127,5,5
70571,178,131,47,47
70572,91,93,-2,2
70573,127,113,14,14
70574,75,69,6,6
70575,70,71,-1,1
70576,124,116,8,8
70577,125,124,1,1
70578,80,80,0,0
70579,59,59,0,0
70580,82,86,-4,4
70581,130,126,4,4
70582,82,85,-3,3
70583,93,83,10,10
70584,82,86,-4,4
70585,160,140,20,20
70586,83,78,5,5
70587,128,109,19,19
70588,123,110,13,13
70589,98,90,8,8
70590,104,89,15,15
70591,109,100,9,9
70592,48,46,2,2
70593,62,59,3,3
70594,63,61,2,2
70595,63,67,-4,4
70596,115,102,13,13
70597,94,85,9,9
70598,94,96,-2,2
70599,91,88,3,3
70600,141,142,-1,1
70601,162,147,15,15
70602,91,89,2,2
70603,88,89,-1,1
70604,117,120,-3,3
70605,52,55,-3,3
70606,57,60,-3,3
70607,106,86,20,20
70608,77,81,-4,4
70609,58,63,-5,5
70610,85,77,8,8
70611,110,101,9,9
70612,74,79,-5,5
70613,97,83,14,14
70614,58,62,-4,4
70615,92,94,-2,2
70616,97,92,5,5
70617,73,75,-2,2
70618,89,90,-1,1
70619,108,98,10,10
70620,129,118,11,11
70621,83,78,5,5
70622,97,90,7,7
70623,88,85,3,3
70624,88,81,7,7
70625,74,78,-4,4
70626,103,103,0,0
70627,93,83,10,10
70628,39,45,-6,6
70629,168,151,17,17
70630,102,89,13,13
70631,77,80,-3,3
70632,209,206,3,3
70633,88,81,7,7
70634,88,89,-1,1
70635,95,97,-2,2
70636,113,101,12,12
70637,109,110,-1,1
70638,93,95,-2,2
70639,167,148,19,19
70640,55,71,-16,16
70641,115,108,7,7
70642,101,100,1,1
70643,52,61,-9,9
70644,155,152,3,3
70645,47,53,-6,6
70646,123,124,-1,1
70647,71,67,4,4
70648,109,106,3,3
70649,63,68,-5,5
70650,132,137,-5,5
70651,74,78,-4,4
70652,89,94,-5,5
70653,131,125,6,6
70654,71,73,-2,2
70655,100,83,17,17
70656,76,87,-11,11
70657,67,66,1,1
70658,121,109,12,12
70659,45,59,-14,14
70660,79,65,14,14
70661,145,139,6,6
70662,242,197,45,45
70663,64,71,-7,7
70664,146,133,13,13
70665,80,78,2,2
70666,135,132,3,3
70667,94,85,9,9
70668,88,79,9,9
70669,119,117,2,2
70670,129,120,9,9
70671,86,81,5,5
70672,60,62,-2,2
70673,148,148,0,0
70674,43,55,-12,12
70675,41,43,-2,2
70676,272,238,34,34
70677,116,100,16,16
70678,86,81,5,5
70679,69,71,-2,2
70680,51,52,-1,1
70681,80,78,2,2
70682,83,79,4,4
70683,108,99,9,9
70684,66,60,6,6
70685,178,176,2,2
70686,138,136,2,2
70687,124,107,17,17
70688,58,58,0,0
70689,93,89,4,4
70690,135,123,12,12
70691,98,78,20,20
70692,91,81,10,10
70693,83,76,7,7
70694,192,179,13,13
70695,119,100,19,19
70696,44,57,-13,13
70697,83,84,-1,1
70698,75,77,-2,2
70699,216,200,16,16
70700,178,169,9,9
70701,81,80,1,1
70702,56,65,-9,9
70703,85,83,2,2
70704,87,84,3,3
70705,77,74,3,3
70706,73,76,-3,3
70707,122,117,5,5
70708,169,145,24,24
70709,155,137,18,18
70710,111,106,5,5
70711,37,44,-7,7
70712,116,114,2,2
70713,107,102,5,5
70714,63,70,-7,7
70715,97,87,10,10
70716,108,88,20,20
70717,94,92,2,2
70718,56,56,0,0
70719,49,44,5,5
70720,87,88,-1,1
70721,110,106,4,4
70722,89,91,-2,2
70723,87,79,8,8
70724,127,125,2,2
70725,82,80,2,2
70726,58,56,2,2
70727,69,70,-1,1
70728,66,59,7,7
70729,62,77,-15,15
70730,80,80,0,0
70731,62,65,-3,3
70732,46,46,0,0
70733,48,69,-21,21
70734,77,73,4,4
70735,99,112,-13,13
70736,98,94,4,4
70737,87,84,3,3
70738,63,68,-5,5
70739,114,115,-1,1
70740,121,125,-4,4
70741,70,71,-1,1
70742,118,103,15,15
70743,116,109,7,7
70744,89,90,-1,1
70745,100,93,7,7
70746,249,252,-3,3
70747,202,176,26,26
70748,152,142,10,10
70749,140,131,9,9
70750,162,148,14,14
70751,90,85,5,5
70752,132,113,19,19
70753,79,69,10,10
70754,73,69,4,4
70755,115,101,14,14
70756,188,172,16,16
70757,72,74,-2,2
70758,112,111,1,1
70759,131,118,13,13
70760,128,122,6,6
70761,125,119,6,6
70762,133,123,10,10
70763,159,142,17,17
70764,96,92,4,4
70765,85,86,-1,1
70766,103,99,4,4
70767,74,68,6,6
70768,139,135,4,4
70769,114,107,7,7
70770,35,38,-3,3
70771,56,62,-6,6
70772,85,88,-3,3
70773,111,96,15,15
70774,107,104,3,3
70775,138,135,3,3
70776,79,73,6,6
70777,89,86,3,3
70778,97,87,10,10
70779,88,81,7,7
70780,77,77,0,0
70781,83,76,7,7
70782,138,134,4,4
70783,109,106,3,3
70784,58,66,-8,8
70785,65,69,-4,4
70786,97,100,-3,3
70787,95,96,-1,1
70788,93,87,6,6
70789,80,81,-1,1
70790,88,75,13,13
70791,104,106,-2,2
70792,72,76,-4,4
70793,75,71,4,4
70794,88,87,1,1
70795,104,106,-2,2
70796,70,70,0,0
70797,83,87,-4,4
70798,108,93,15,15
70799,84,76,8,8
70800,91,92,-1,1
70801,115,109,6,6
70802,80,82,-2,2
70803,122,121,1,1
70804,116,111,5,5
70805,119,111,8,8
70806,105,97,8,8
70807,80,82,-2,2
70808,63,80,-17,17
70809,108,114,-6,6
70810,73,69,4,4
70811,116,112,4,4
70812,101,88,13,13
70813,78,78,0,0
70814,137,133,4,4
70815,94,97,-3,3
70816,63,55,8,8
70817,122,130,-8,8
70818,145,132,13,13
70819,110,97,13,13
70820,86,78,8,8
70821,160,150,10,10
70822,149,133,16,16
70823,93,84,9,9
70824,77,67,10,10
70825,43,48,-5,5
70826,85,88,-3,3
70827,85,75,10,10
70828,71,68,3,3
70829,68,74,-6,6
70830,85,86,-1,1
70831,74,79,-5,5
70832,152,162,-10,10
70833,161,143,18,18
70834,130,132,-2,2
70835,83,76,7,7
70836,102,99,3,3
70837,96,102,-6,6
70838,111,111,0,0
70839,41,46,-5,5
70840,54,59,-5,5
70841,119,111,8,8
70842,89,76,13,13
70843,105,90,15,15
70844,163,152,11,11
70845,102,94,8,8
70846,90,85,5,5
70847,52,64,-12,12
70848,61,61,0,0
70849,84,93,-9,9
70850,87,89,-2,2
70851,56,71,-15,15
70852,86,96,-10,10
70853,153,140,13,13
70854,130,114,16,16
70855,171,152,19,19
70856,81,78,3,3
70857,76,69,7,7
70858,82,86,-4,4
70859,114,118,-4,4
70860,103,103,0,0
70861,98,96,2,2
70862,130,126,4,4
70863,145,124,21,21
70864,66,80,-14,14
70865,136,107,29,29
70866,96,103,-7,7
70867,35,48,-13,13
70868,77,72,5,5
70869,108,98,10,10
70870,91,101,-10,10
70871,68,73,-5,5
70872,114,110,4,4
70873,38,43,-5,5
70874,123,100,23,23
70875,81,77,4,4
70876,96,86,10,10
70877,89,88,1,1
70878,129,139,-10,10
70879,93,89,4,4
70880,57,59,-2,2
70881,81,76,5,5
70882,137,123,14,14
70883,83,71,12,12
70884,97,94,3,3
70885,100,100,0,0
70886,83,84,-1,1
70887,94,83,11,11
70888,87,99,-12,12
70889,154,146,8,8
70890,126,108,18,18
70891,74,73,1,1
70892,87,90,-3,3
70893,62,72,-10,10
70894,61,61,0,0
70895,94,82,12,12
70896,91,81,10,10
70897,67,67,0,0
70898,87,79,8,8
70899,58,65,-7,7
70900,126,117,9,9
70901,102,93,9,9
70902,97,96,1,1
70903,60,66,-6,6
70904,84,82,2,2
70905,168,124,44,44
70906,89,86,3,3
70907,60,62,-2,2
70908,99,97,2,2
70909,119,106,13,13
70910,90,86,4,4
70911,150,146,4,4
70912,95,92,3,3
70913,79,79,0,0
70914,45,47,-2,2
70915,101,89,12,12
70916,123,111,12,12
70917,145,138,7,7
70918,56,60,-4,4
70919,83,81,2,2
70920,48,54,-6,6
70921,65,64,1,1
70922,102,105,-3,3
70923,75,72,3,3
70924,194,198,-4,4
70925,55,62,-7,7
70926,61,61,0,0
70927,97,89,8,8
70928,123,124,-1,1
70929,47,53,-6,6
70930,99,110,-11,11
70931,88,84,4,4
70932,65,65,0,0
70933,71,71,0,0
70934,140,131,9,9
70935,113,105,8,8
70936,70,72,-2,2
70937,123,119,4,4
70938,113,97,16,16
70939,170,150,20,20
70940,101,105,-4,4
70941,113,100,13,13
70942,102,93,9,9
70943,74,77,-3,3
70944,73,77,-4,4
70945,90,94,-4,4
70946,62,60,2,2
70947,104,118,-14,14
70948,119,112,7,7
70949,71,64,7,7
70950,129,133,-4,4
70951,48,52,-4,4
70952,149,150,-1,1
70953,63,62,1,1
70954,115,108,7,7
70955,110,109,1,1
70956,93,115,-22,22
70957,100,101,-1,1
70958,90,89,1,1
70959,46,51,-5,5
70960,126,117,9,9
70961,99,93,6,6
70962,65,62,3,3
70963,77,70,7,7
70964,70,66,4,4
70965,82,86,-4,4
70966,91,92,-1,1
70967,142,129,13,13
70968,73,69,4,4
70969,146,126,20,20
70970,106,100,6,6
70971,185,178,7,7
70972,72,73,-1,1
70973,119,104,15,15
70974,56,62,-6,6
70975,110,97,13,13
70976,94,88,6,6
70977,79,86,-7,7
70978,50,48,2,2
70979,86,82,4,4
70980,73,72,1,1
70981,81,80,1,1
70982,68,72,-4,4
70983,69,73,-4,4
70984,135,120,15,15
70985,162,133,29,29
70986,107,99,8,8
70987,74,76,-2,2
70988,61,65,-4,4
70989,101,87,14,14
70990,70,64,6,6
70991,101,116,-15,15
70992,61,60,1,1
70993,103,98,5,5
70994,47,105,-58,58
70995,87,85,2,2
70996,73,72,1,1
70997,100,85,15,15
70998,97,83,14,14
70999,75,78,-3,3
71000,77,72,5,5
71001,59,56,3,3
71002,136,137,-1,1
71003,44,45,-1,1
71004,149,132,17,17
71005,85,86,-1,1
71006,132,127,5,5
71007,54,59,-5,5
71008,98,90,8,8
71009,102,107,-5,5
71010,122,118,4,4
71011,70,66,4,4
71012,121,113,8,8
71013,86,84,2,2
71014,99,95,4,4
71015,71,68,3,3
71016,113,104,9,9
71017,100,94,6,6
71018,61,57,4,4
71019,69,72,-3,3
71020,103,111,-8,8
71021,122,138,-16,16
71022,90,80,10,10
71023,113,98,15,15
71024,99,106,-7,7
71025,100,84,16,16
71026,77,81,-4,4
71027,84,77,7,7
71028,101,95,6,6
71029,86,84,2,2
71030,43,46,-3,3
71031,73,78,-5,5
71032,128,117,11,11
71033,81,69,12,12
71034,67,58,9,9
71035,137,127,10,10
71036,77,73,4,4
71037,52,59,-7,7
71038,103,109,-6,6
71039,107,102,5,5
71040,101,92,9,9
71041,80,79,1,1
71042,114,109,5,5
71043,112,112,0,0
71044,118,98,20,20
71045,110,107,3,3
71046,88,80,8,8
71047,63,90,-27,27
71048,125,109,16,16
71049,126,107,19,19
71050,68,80,-12,12
71051,59,62,-3,3
71052,69,72,-3,3
71053,90,82,8,8
71054,108,107,1,1
71055,80,82,-2,2
71056,63,63,0,0
71057,52,52,0,0
71058,72,77,-5,5
71059,76,80,-4,4
71060,92,86,6,6
71061,133,154,-21,21
71062,65,71,-6,6
71063,69,67,2,2
71064,121,107,14,14
71065,92,85,7,7
71066,67,68,-1,1
71067,134,125,9,9
71068,81,74,7,7
71069,68,76,-8,8
71070,67,68,-1,1
71071,52,55,-3,3
71072,107,102,5,5
71073,120,112,8,8
71074,133,126,7,7
71075,150,129,21,21
71076,124,134,-10,10
71077,86,84,2,2
71078,29,38,-9,9
71079,170,150,20,20
71080,88,88,0,0
71081,158,145,13,13
71082,58,57,1,1
71083,129,120,9,9
71084,94,90,4,4
71085,116,111,5,5
71086,159,149,10,10
71087,86,79,7,7
71088,174,172,2,2
71089,104,93,11,11
71090,90,83,7,7
71091,101,93,8,8
71092,107,106,1,1
71093,133,117,16,16
71094,70,66,4,4
71095,100,97,3,3
71096,174,167,7,7
71097,41,45,-4,4
71098,85,81,4,4
71099,76,72,4,4
71100,73,76,-3,3
71101,131,123,8,8
71102,83,81,2,2
71103,88,92,-4,4
71104,128,124,4,4
71105,86,86,0,0
71106,163,154,9,9
71107,104,101,3,3
71108,50,52,-2,2
71109,114,93,21,21
71110,108,106,2,2
71111,72,74,-2,2
71112,63,61,2,2
71113,51,52,-1,1
71114,94,89,5,5
71115,76,69,7,7
71116,39,44,-5,5
71117,100,96,4,4
71118,64,67,-3,3
71119,87,84,3,3
71120,112,102,10,10
71121,105,102,3,3
71122,84,86,-2,2
71123,135,125,10,10
71124,66,61,5,5
71125,164,153,11,11
71126,53,56,-3,3
71127,131,114,17,17
71128,97,92,5,5
71129,44,55,-11,11
71130,85,86,-1,1
71131,58,53,5,5
71132,105,111,-6,6
71133,51,51,0,0
71134,67,66,1,1
71135,82,88,-6,6
71136,100,91,9,9
71137,154,135,19,19
71138,89,90,-1,1
71139,88,80,8,8
71140,104,85,19,19
71141,82,73,9,9
71142,97,92,5,5
71143,87,102,-15,15
71144,71,61,10,10
71145,87,89,-2,2
71146,71,71,0,0
71147,168,153,15,15
71148,124,111,13,13
71149,75,68,7,7
71150,137,106,31,31
71151,131,119,12,12
71152,161,161,0,0
71153,80,76,4,4
71154,109,104,5,5
71155,65,65,0,0
71156,152,149,3,3
71157,120,109,11,11
71158,116,112,4,4
71159,82,96,-14,14
71160,214,191,23,23
71161,75,73,2,2
71162,95,87,8,8
71163,120,110,10,10
71164,126,122,4,4
71165,112,103,9,9
71166,115,122,-7,7
71167,94,87,7,7
71168,84,85,-1,1
71169,99,98,1,1
71170,69,66,3,3
71171,62,57,5,5
71172,106,102,4,4
71173,110,98,12,12
71174,78,79,-1,1
71175,161,184,-23,23
71176,140,101,39,39
71177,83,96,-13,13
71178,110,94,16,16
71179,50,53,-3,3
71180,160,143,17,17
71181,93,85,8,8
71182,161,153,8,8
71183,37,43,-6,6
71184,58,49,9,9
71185,109,120,-11,11
71186,99,99,0,0
71187,124,143,-19,19
71188,65,64,1,1
71189,113,106,7,7
71190,114,123,-9,9
71191,127,114,13,13
71192,99,87,12,12
71193,83,78,5,5
71194,74,78,-4,4
71195,112,114,-2,2
71196,76,72,4,4
71197,86,79,7,7
71198,59,67,-8,8
71199,185,158,27,27
71200,113,89,24,24
71201,90,88,2,2
71202,60,64,-4,4
71203,136,114,22,22
71204,94,89,5,5
71205,100,91,9,9
71206,93,87,6,6
71207,80,79,1,1
71208,138,120,18,18
71209,123,114,9,9
71210,84,82,2,2
71211,96,98,-2,2
71212,123,117,6,6
71213,46,82,-36,36
71214,54,53,1,1
71215,135,129,6,6
71216,135,112,23,23
71217,79,81,-2,2
71218,127,116,11,11
71219,75,76,-1,1
71220,43,67,-24,24
71221,107,89,18,18
71222,86,79,7,7
71223,114,114,0,0
71224,56,52,4,4
71225,80,77,3,3
71226,86,82,4,4
71227,62,56,6,6
71228,78,68,10,10
71229,158,156,2,2
71230,96,112,-16,16
71231,88,84,4,4
71232,62,59,3,3
71233,116,101,15,15
71234,103,103,0,0
71235,108,117,-9,9
71236,96,93,3,3
71237,65,67,-2,2
71238,64,70,-6,6
71239,136,124,12,12
71240,92,94,-2,2
71241,66,58,8,8
71242,106,105,1,1
71243,168,148,20,20
71244,91,88,3,3
71245,90,94,-4,4
71246,83,79,4,4
71247,198,183,15,15
71248,98,97,1,1
71249,116,94,22,22
71250,77,81,-4,4
71251,95,91,4,4
71252,113,109,4,4
71253,102,93,9,9
71254,54,53,1,1
71255,138,139,-1,1
71256,76,73,3,3
71257,58,54,4,4
71258,74,70,4,4
71259,93,93,0,0
71260,56,77,-21,21
71261,139,140,-1,1
71262,169,163,6,6
71263,131,125,6,6
71264,64,47,17,17
71265,89,93,-4,4
71266,111,101,10,10
71267,149,137,12,12
71268,86,80,6,6
71269,67,89,-22,22
71270,54,55,-1,1
71271,47,54,-7,7
71272,43,48,-5,5
71273,90,89,1,1
71274,139,123,16,16
71275,62,65,-3,3
71276,67,74,-7,7
71277,75,77,-2,2
71278,87,83,4,4
71279,82,80,2,2
71280,41,48,-7,7
71281,86,86,0,0
71282,151,135,16,16
71283,87,81,6,6
71284,107,104,3,3
71285,67,65,2,2
71286,90,97,-7,7
71287,133,126,7,7
71288,42,44,-2,2
71289,124,109,15,15
71290,66,65,1,1
71291,74,75,-1,1
71292,54,54,0,0
71293,123,113,10,10
71294,137,132,5,5
71295,67,64,3,3
71296,113,113,0,0
71297,103,92,11,11
71298,161,142,19,19
71299,114,104,10,10
71300,112,121,-9,9
71301,103,101,2,2
71302,112,109,3,3
71303,123,126,-3,3
71304,65,67,-2,2
71305,97,87,10,10
71306,68,60,8,8
71307,69,73,-4,4
71308,69,62,7,7
71309,143,128,15,15
71310,107,101,6,6
71311,59,80,-21,21
71312,125,114,11,11
71313,57,64,-7,7
71314,108,109,-1,1
71315,86,87,-1,1
71316,98,93,5,5
71317,82,78,4,4
71318,87,117,-30,30
71319,65,66,-1,1
71320,96,84,12,12
71321,60,54,6,6
71322,77,75,2,2
71323,81,75,6,6
71324,147,140,7,7
71325,75,66,9,9
71326,75,69,6,6
71327,85,91,-6,6
71328,94,90,4,4
71329,158,153,5,5
71330,103,80,23,23
71331,125,110,15,15
71332,119,141,-22,22
71333,109,101,8,8
71334,64,59,5,5
71335,74,74,0,0
71336,33,38,-5,5
71337,104,97,7,7
71338,73,79,-6,6
71339,148,121,27,27
71340,57,64,-7,7
71341,62,59,3,3
71342,143,135,8,8
71343,96,105,-9,9
71344,61,65,-4,4
71345,126,119,7,7
71346,66,81,-15,15
71347,97,98,-1,1
71348,58,63,-5,5
71349,85,84,1,1
71350,207,176,31,31
71351,114,103,11,11
71352,105,96,9,9
71353,92,91,1,1
71354,80,77,3,3
71355,97,94,3,3
71356,93,92,1,1
71357,55,56,-1,1
71358,89,80,9,9
71359,116,109,7,7
71360,98,98,0,0
71361,79,70,9,9
71362,127,124,3,3
71363,112,103,9,9
71364,131,110,21,21
71365,92,89,3,3
71366,81,77,4,4
71367,236,210,26,26
71368,110,118,-8,8
71369,66,72,-6,6
71370,100,104,-4,4
71371,98,96,2,2
71372,118,110,8,8
71373,91,93,-2,2
71374,162,140,22,22
71375,77,73,4,4
71376,67,66,1,1
71377,131,126,5,5
71378,103,102,1,1
71379,57,60,-3,3
71380,93,83,10,10
71381,72,77,-5,5
71382,67,58,9,9
71383,49,62,-13,13
71384,72,70,2,2
71385,56,51,5,5
71386,154,162,-8,8
71387,72,79,-7,7
71388,44,48,-4,4
71389,97,95,2,2
71390,173,138,35,35
71391,151,140,11,11
71392,92,82,10,10
71393,41,55,-14,14
71394,101,105,-4,4
71395,151,126,25,25
71396,112,97,15,15
71397,82,80,2,2
71398,147,133,14,14
71399,104,85,19,19
71400,156,137,19,19
71401,69,67,2,2
71402,88,89,-1,1
71403,49,55,-6,6
71404,72,72,0,0
71405,87,85,2,2
71406,83,78,5,5
71407,78,68,10,10
71408,109,105,4,4
71409,118,123,-5,5
71410,146,181,-35,35
71411,95,86,9,9
71412,139,127,12,12
71413,112,113,-1,1
71414,74,78,-4,4
71415,101,102,-1,1
71416,69,67,2,2
71417,60,58,2,2
71418,52,51,1,1
71419,70,71,-1,1
71420,52,52,0,0
71421,93,95,-2,2
71422,75,77,-2,2
71423,50,60,-10,10
71424,64,68,-4,4
71425,167,146,21,21
71426,59,61,-2,2
71427,117,116,1,1
71428,97,94,3,3
71429,93,96,-3,3
71430,70,74,-4,4
71431,91,82,9,9
71432,52,53,-1,1
71433,97,99,-2,2
71434,66,54,12,12
71435,91,87,4,4
71436,72,103,-31,31
71437,113,103,10,10
71438,91,85,6,6
71439,50,64,-14,14
71440,85,103,-18,18
71441,167,152,15,15
71442,78,80,-2,2
71443,149,137,12,12
71444,102,92,10,10
71445,116,112,4,4
71446,69,77,-8,8
71447,63,63,0,0
71448,108,110,-2,2
71449,81,76,5,5
71450,82,78,4,4
71451,113,109,4,4
71452,83,82,1,1
71453,97,85,12,12
71454,78,90,-12,12
71455,102,99,3,3
71456,109,110,-1,1
71457,64,72,-8,8
71458,98,95,3,3
71459,156,133,23,23
71460,126,120,6,6
71461,90,88,2,2
71462,122,114,8,8
71463,67,72,-5,5
71464,60,59,1,1
71465,60,65,-5,5
71466,73,69,4,4
71467,135,134,1,1
71468,116,109,7,7
71469,92,87,5,5
71470,116,110,6,6
71471,76,77,-1,1
71472,137,132,5,5
71473,38,49,-11,11
71474,212,188,24,24
71475,115,107,8,8
71476,170,156,14,14
71477,140,151,-11,11
71478,194,159,35,35
71479,119,109,10,10
71480,46,50,-4,4
71481,67,66,1,1
71482,114,106,8,8
71483,107,119,-12,12
71484,83,93,-10,10
71485,103,95,8,8
71486,75,81,-6,6
71487,117,148,-31,31
71488,59,56,3,3
71489,68,90,-22,22
71490,117,115,2,2
71491,142,123,19,19
71492,50,45,5,5
71493,72,71,1,1
71494,114,122,-8,8
71495,161,154,7,7
71496,104,96,8,8
71497,241,219,22,22
71498,72,70,2,2
71499,89,92,-3,3
71500,76,77,-1,1
71501,97,95,2,2
71502,93,85,8,8
71503,73,66,7,7
71504,67,56,11,11
71505,89,87,2,2
71506,91,90,1,1
71507,112,110,2,2
71508,156,153,3,3
71509,59,64,-5,5
71510,71,77,-6,6
71511,35,39,-4,4
71512,60,59,1,1
71513,151,150,1,1
71514,83,83,0,0
71515,114,116,-2,2
71516,66,62,4,4
71517,68,72,-4,4
71518,128,118,10,10
71519,168,139,29,29
71520,84,82,2,2
71521,87,82,5,5
71522,94,89,5,5
71523,44,53,-9,9
71524,93,95,-2,2
71525,135,120,15,15
71526,80,75,5,5
71527,105,91,14,14
71528,86,86,0,0
71529,115,112,3,3
71530,183,165,18,18
71531,120,110,10,10
71532,25,42,-17,17
71533,53,55,-2,2
71534,131,111,20,20
71535,164,150,14,14
71536,74,73,1,1
71537,125,113,12,12
71538,91,95,-4,4
71539,106,90,16,16
71540,95,89,6,6
71541,75,68,7,7
71542,114,103,11,11
71543,70,65,5,5
71544,89,81,8,8
71545,37,36,1,1
71546,90,84,6,6
71547,60,66,-6,6
71548,106,104,2,2
71549,59,67,-8,8
71550,114,118,-4,4
71551,69,64,5,5
71552,96,96,0,0
71553,90,88,2,2
71554,132,137,-5,5
71555,117,117,0,0
71556,78,80,-2,2
71557,63,69,-6,6
71558,96,100,-4,4
71559,132,103,29,29
71560,83,79,4,4
71561,114,105,9,9
71562,109,102,7,7
71563,97,86,11,11
71564,81,81,0,0
71565,95,90,5,5
71566,82,82,0,0
71567,127,126,1,1
71568,108,109,-1,1
71569,91,104,-13,13
71570,87,82,5,5
71571,92,85,7,7
71572,165,152,13,13
71573,85,81,4,4
71574,50,58,-8,8
71575,62,57,5,5
71576,97,96,1,1
71577,87,88,-1,1
71578,66,62,4,4
71579,76,74,2,2
71580,75,77,-2,2
71581,172,162,10,10
71582,45,50,-5,5
71583,86,88,-2,2
71584,73,80,-7,7
71585,189,162,27,27
71586,65,68,-3,3
71587,76,75,1,1
71588,95,93,2,2
71589,95,87,8,8
71590,87,83,4,4
71591,108,104,4,4
71592,91,79,12,12
71593,69,75,-6,6
71594,141,143,-2,2
71595,75,75,0,0
71596,82,83,-1,1
71597,55,54,1,1
71598,55,68,-13,13
71599,121,116,5,5
71600,55,55,0,0
71601,131,115,16,16
71602,111,100,11,11
71603,52,64,-12,12
71604,141,128,13,13
71605,82,77,5,5
71606,49,51,-2,2
71607,67,78,-11,11
71608,65,65,0,0
71609,116,112,4,4
71610,112,111,1,1
71611,117,109,8,8
71612,137,128,9,9
71613,95,100,-5,5
71614,59,64,-5,5
71615,84,91,-7,7
71616,89,77,12,12
71617,137,132,5,5
71618,194,153,41,41
71619,144,124,20,20
71620,106,90,16,16
71621,122,106,16,16
71622,67,75,-8,8
71623,104,104,0,0
71624,114,109,5,5
71625,84,89,-5,5
71626,49,65,-16,16
71627,232,186,46,46
71628,79,74,5,5
71629,101,101,0,0
71630,105,98,7,7
71631,104,103,1,1
71632,221,185,36,36
71633,124,104,20,20
71634,154,140,14,14
71635,110,103,7,7
71636,75,75,0,0
71637,175,158,17,17
71638,162,160,2,2
71639,169,144,25,25
71640,82,92,-10,10
71641,69,68,1,1
71642,63,64,-1,1
71643,101,104,-3,3
71644,59,57,2,2
71645,123,120,3,3
71646,105,104,1,1
71647,99,85,14,14
71648,58,64,-6,6
71649,103,94,9,9
71650,77,83,-6,6
71651,64,58,6,6
71652,49,46,3,3
71653,96,89,7,7
71654,78,77,1,1
71655,124,127,-3,3
71656,66,85,-19,19
71657,163,147,16,16
71658,140,145,-5,5
71659,77,78,-1,1
71660,55,65,-10,10
71661,64,62,2,2
71662,73,73,0,0
71663,86,85,1,1
71664,87,85,2,2
71665,80,82,-2,2
71666,74,78,-4,4
71667,69,63,6,6
71668,118,115,3,3
71669,74,77,-3,3
71670,162,151,11,11
71671,63,68,-5,5
71672,88,83,5,5
71673,105,101,4,4
71674,70,58,12,12
71675,86,88,-2,2
71676,82,79,3,3
71677,181,175,6,6
71678,60,61,-1,1
71679,139,135,4,4
71680,45,39,6,6
71681,84,83,1,1
71682,87,79,8,8
71683,94,81,13,13
71684,94,90,4,4
71685,102,121,-19,19
71686,82,82,0,0
71687,102,87,15,15
71688,51,51,0,0
71689,91,87,4,4
71690,92,89,3,3
71691,119,113,6,6
71692,98,98,0,0
71693,92,85,7,7
71694,144,132,12,12
71695,117,117,0,0
71696,61,57,4,4
71697,55,46,9,9
71698,89,79,10,10
71699,83,81,2,2
71700,122,105,17,17
71701,101,100,1,1
71702,71,73,-2,2
71703,183,177,6,6
71704,79,80,-1,1
71705,68,76,-8,8
71706,124,116,8,8
71707,96,89,7,7
71708,82,78,4,4
71709,99,101,-2,2
71710,145,119,26,26
71711,143,138,5,5
71712,131,131,0,0
71713,83,78,5,5
71714,118,127,-9,9
71715,65,69,-4,4
71716,52,60,-8,8
71717,78,72,6,6
71718,76,74,2,2
71719,142,124,18,18
71720,90,83,7,7
71721,64,70,-6,6
71722,70,66,4,4
71723,81,88,-7,7
71724,155,146,9,9
71725,94,105,-11,11
71726,64,63,1,1
71727,83,79,4,4
71728,112,102,10,10
71729,112,93,19,19
71730,132,123,9,9
71731,84,76,8,8
71732,63,68,-5,5
71733,78,82,-4,4
71734,143,131,12,12
71735,71,72,-1,1
71736,94,88,6,6
71737,75,72,3,3
71738,54,68,-14,14
71739,81,70,11,11
71740,72,78,-6,6
71741,95,87,8,8
71742,136,122,14,14
71743,89,83,6,6
71744,66,70,-4,4
71745,95,89,6,6
71746,85,81,4,4
71747,114,109,5,5
71748,70,66,4,4
71749,70,80,-10,10
71750,115,116,-1,1
71751,139,131,8,8
71752,104,97,7,7
71753,65,65,0,0
71754,145,130,15,15
71755,108,99,9,9
71756,81,83,-2,2
71757,85,70,15,15
71758,59,65,-6,6
71759,146,151,-5,5
71760,89,99,-10,10
71761,94,90,4,4
71762,82,79,3,3
71763,58,63,-5,5
71764,78,76,2,2
71765,92,80,12,12
71766,65,64,1,1
71767,100,93,7,7
71768,126,115,11,11
71769,115,105,10,10
71770,64,58,6,6
71771,67,73,-6,6
71772,114,102,12,12
71773,73,71,2,2
71774,86,82,4,4
71775,92,81,11,11
71776,393,362,31,31
71777,121,131,-10,10
71778,77,82,-5,5
71779,106,90,16,16
71780,81,80,1,1
71781,99,84,15,15
71782,150,142,8,8
71783,98,96,2,2
71784,107,107,0,0
71785,59,54,5,5
71786,53,47,6,6
71787,99,91,8,8
71788,138,131,7,7
71789,58,62,-4,4
71790,85,78,7,7
71791,129,120,9,9
71792,60,61,-1,1
71793,67,65,2,2
71794,107,97,10,10
71795,42,48,-6,6
71796,73,73,0,0
71797,81,87,-6,6
71798,154,126,28,28
71799,84,79,5,5
71800,67,71,-4,4
71801,62,57,5,5
71802,93,85,8,8
71803,119,111,8,8
71804,112,103,9,9
71805,146,137,9,9
71806,45,45,0,0
71807,127,116,11,11
71808,87,84,3,3
71809,122,115,7,7
71810,83,77,6,6
71811,116,109,7,7
71812,95,97,-2,2
71813,101,102,-1,1
71814,132,123,9,9
71815,116,105,11,11
71816,79,69,10,10
71817,94,87,7,7
71818,131,117,14,14
71819,61,58,3,3
71820,66,65,1,1
71821,78,81,-3,3
71822,145,143,2,2
71823,166,157,9,9
71824,88,78,10,10
71825,99,89,10,10
71826,85,88,-3,3
71827,62,64,-2,2
71828,85,85,0,0
71829,103,99,4,4
71830,123,143,-20,20
71831,43,52,-9,9
71832,89,93,-4,4
71833,61,66,-5,5
71834,65,67,-2,2
71835,81,78,3,3
71836,77,72,5,5
71837,118,111,7,7
71838,53,51,2,2
71839,90,79,11,11
71840,101,112,-11,11
71841,88,88,0,0
71842,136,128,8,8
71843,142,129,13,13
71844,79,71,8,8
71845,124,119,5,5
71846,69,69,0,0
71847,55,58,-3,3
71848,84,85,-1,1
71849,34,40,-6,6
71850,86,78,8,8
71851,67,68,-1,1
71852,234,202,32,32
71853,175,166,9,9
71854,50,49,1,1
71855,75,67,8,8
71856,61,62,-1,1
71857,103,94,9,9
71858,59,56,3,3
71859,83,91,-8,8
71860,50,47,3,3
71861,89,86,3,3
71862,65,72,-7,7
71863,140,119,21,21
71864,158,148,10,10
71865,113,113,0,0
71866,118,118,0,0
71867,172,150,22,22
71868,119,117,2,2
71869,106,101,5,5
71870,146,141,5,5
71871,72,74,-2,2
71872,84,80,4,4
71873,78,80,-2,2
71874,58,54,4,4
71875,85,75,10,10
71876,137,123,14,14
71877,86,111,-25,25
71878,78,73,5,5
71879,88,91,-3,3
71880,108,99,9,9
71881,104,91,13,13
71882,77,88,-11,11
71883,101,97,4,4
71884,109,101,8,8
71885,84,79,5,5
71886,70,65,5,5
71887,134,129,5,5
71888,51,48,3,3
71889,128,124,4,4
71890,103,111,-8,8
71891,76,77,-1,1
71892,101,108,-7,7
71893,92,91,1,1
71894,72,75,-3,3
71895,68,71,-3,3
71896,84,84,0,0
71897,88,85,3,3
71898,119,121,-2,2
71899,56,50,6,6
71900,31,36,-5,5
71901,91,91,0,0
71902,163,152,11,11
71903,124,109,15,15
71904,71,66,5,5
71905,101,90,11,11
71906,112,140,-28,28
71907,103,100,3,3
71908,74,69,5,5
71909,57,62,-5,5
71910,137,132,5,5
71911,124,107,17,17
71912,77,88,-11,11
71913,83,79,4,4
71914,66,78,-12,12
71915,110,96,14,14
71916,65,69,-4,4
71917,98,99,-1,1
71918,87,83,4,4
71919,90,82,8,8
71920,140,136,4,4
71921,116,110,6,6
71922,128,115,13,13
71923,73,67,6,6
71924,155,173,-18,18
71925,96,100,-4,4
71926,115,114,1,1
71927,63,64,-1,1
71928,57,51,6,6
71929,113,116,-3,3
71930,104,93,11,11
71931,53,60,-7,7
71932,62,66,-4,4
71933,53,55,-2,2
71934,71,64,7,7
71935,76,76,0,0
71936,117,108,9,9
71937,57,65,-8,8
71938,79,68,11,11
71939,69,81,-12,12
71940,78,74,4,4
71941,40,59,-19,19
71942,58,73,-15,15
71943,105,94,11,11
71944,87,97,-10,10
71945,118,101,17,17
71946,101,111,-10,10
71947,32,38,-6,6
71948,75,77,-2,2
71949,112,108,4,4
71950,112,97,15,15
71951,124,127,-3,3
71952,68,66,2,2
71953,72,67,5,5
71954,52,50,2,2
71955,84,79,5,5
71956,78,71,7,7
71957,106,87,19,19
71958,126,121,5,5
71959,103,102,1,1
71960,110,92,18,18
71961,91,79,12,12
71962,149,131,18,18
71963,55,54,1,1
71964,113,104,9,9
71965,72,70,2,2
71966,79,80,-1,1
71967,125,119,6,6
71968,126,114,12,12
71969,156,154,2,2
71970,69,70,-1,1
71971,59,48,11,11
71972,92,106,-14,14
71973,65,67,-2,2
71974,94,93,1,1
71975,76,84,-8,8
71976,145,137,8,8
71977,141,135,6,6
71978,71,73,-2,2
71979,91,88,3,3
71980,56,64,-8,8
71981,107,109,-2,2
71982,73,65,8,8
71983,120,130,-10,10
71984,109,73,36,36
71985,125,115,10,10
71986,80,75,5,5
71987,55,56,-1,1
71988,92,91,1,1
71989,125,114,11,11
71990,74,72,2,2
71991,65,73,-8,8
71992,85,84,1,1
71993,41,46,-5,5
71994,73,80,-7,7
71995,133,99,34,34
71996,48,48,0,0
71997,81,77,4,4
71998,109,116,-7,7
71999,98,92,6,6
72000,123,116,7,7
72001,103,103,0,0
72002,79,77,2,2
72003,60,69,-9,9
72004,93,90,3,3
72005,162,128,34,34
72006,121,110,11,11
72007,113,119,-6,6
72008,64,69,-5,5
72009,61,65,-4,4
72010,110,103,7,7
72011,106,97,9,9
72012,111,102,9,9
72013,72,81,-9,9
72014,50,47,3,3
72015,58,49,9,9
72016,112,113,-1,1
72017,86,96,-10,10
72018,77,71,6,6
72019,116,110,6,6
72020,77,79,-2,2
72021,156,135,21,21
72022,94,96,-2,2
72023,152,135,17,17
72024,153,143,10,10
72025,91,88,3,3
72026,114,104,10,10
72027,54,56,-2,2
72028,68,66,2,2
72029,108,123,-15,15
72030,144,135,9,9
72031,122,110,12,12
72032,94,93,1,1
72033,100,89,11,11
72034,63,67,-4,4
72035,109,99,10,10
72036,92,78,14,14
72037,104,95,9,9
72038,80,68,12,12
72039,83,79,4,4
72040,115,113,2,2
72041,149,148,1,1
72042,111,112,-1,1
72043,64,70,-6,6
72044,117,102,15,15
72045,68,68,0,0
72046,98,87,11,11
72047,58,63,-5,5
72048,109,96,13,13
72049,84,77,7,7
72050,59,66,-7,7
72051,122,106,16,16
72052,67,72,-5,5
72053,74,64,10,10
72054,65,68,-3,3
72055,95,87,8,8
72056,90,88,2,2
72057,71,69,2,2
72058,46,42,4,4
72059,37,57,-20,20
72060,128,116,12,12
72061,110,104,6,6
72062,98,100,-2,2
72063,55,51,4,4
72064,118,103,15,15
72065,28,34,-6,6
72066,164,154,10,10
72067,97,98,-1,1
72068,149,131,18,18
72069,100,90,10,10
72070,102,105,-3,3
72071,99,95,4,4
72072,170,144,26,26
72073,124,125,-1,1
72074,109,117,-8,8
72075,146,134,12,12
72076,170,164,6,6
72077,85,65,20,20
72078,106,97,9,9
72079,96,94,2,2
72080,105,101,4,4
72081,116,102,14,14
72082,61,64,-3,3
72083,114,109,5,5
72084,105,102,3,3
72085,163,164,-1,1
72086,50,52,-2,2
72087,141,113,28,28
72088,79,85,-6,6
72089,129,116,13,13
72090,82,78,4,4
72091,61,61,0,0
72092,69,70,-1,1
72093,62,72,-10,10
72094,93,88,5,5
72095,92,94,-2,2
72096,91,102,-11,11
72097,45,44,1,1
72098,167,151,16,16
72099,71,68,3,3
72100,43,46,-3,3
72101,122,116,6,6
72102,73,64,9,9
72103,99,90,9,9
72104,82,77,5,5
72105,119,106,13,13
72106,135,119,16,16
72107,46,44,2,2
72108,102,91,11,11
72109,66,65,1,1
72110,159,150,9,9
72111,93,85,8,8
72112,93,82,11,11
72113,71,69,2,2
72114,106,84,22,22
72115,99,89,10,10
72116,145,151,-6,6
72117,102,109,-7,7
72118,146,136,10,10
72119,129,123,6,6
72120,105,111,-6,6
72121,119,107,12,12
72122,49,53,-4,4
72123,114,104,10,10
72124,137,132,5,5
72125,84,82,2,2
72126,63,63,0,0
72127,120,107,13,13
72128,63,58,5,5
72129,153,132,21,21
72130,73,81,-8,8
72131,110,97,13,13
72132,178,166,12,12
72133,73,95,-22,22
72134,80,71,9,9
72135,98,93,5,5
72136,122,118,4,4
72137,122,117,5,5
72138,95,95,0,0
72139,100,101,-1,1
72140,107,108,-1,1
72141,86,78,8,8
72142,62,58,4,4
72143,77,77,0,0
72144,49,53,-4,4
72145,68,72,-4,4
72146,25,23,2,2
72147,83,76,7,7
72148,54,47,7,7
72149,122,117,5,5
72150,115,116,-1,1
72151,92,81,11,11
72152,120,123,-3,3
72153,161,144,17,17
72154,100,93,7,7
72155,127,122,5,5
72156,56,57,-1,1
72157,120,113,7,7
72158,319,279,40,40
72159,161,142,19,19
72160,120,107,13,13
72161,119,101,18,18
72162,119,102,17,17
72163,155,132,23,23
72164,90,87,3,3
72165,43,51,-8,8
72166,67,57,10,10
72167,75,65,10,10
72168,86,80,6,6
72169,107,97,10,10
72170,109,104,5,5
72171,105,109,-4,4
72172,120,120,0,0
72173,57,56,1,1
72174,81,81,0,0
72175,114,108,6,6
72176,101,92,9,9
72177,104,90,14,14
72178,105,92,13,13
72179,93,92,1,1
72180,117,112,5,5
72181,93,84,9,9
72182,60,59,1,1
72183,81,65,16,16
72184,96,91,5,5
72185,99,101,-2,2
72186,88,80,8,8
72187,113,111,2,2
72188,91,93,-2,2
72189,142,128,14,14
72190,95,96,-1,1
72191,79,81,-2,2
72192,80,91,-11,11
72193,54,53,1,1
72194,124,108,16,16
72195,86,90,-4,4
72196,154,130,24,24
72197,77,80,-3,3
72198,129,109,20,20
72199,196,161,35,35
72200,78,77,1,1
72201,63,69,-6,6
72202,176,159,17,17
72203,102,97,5,5
72204,102,102,0,0
72205,92,87,5,5
72206,145,130,15,15
72207,64,65,-1,1
72208,100,90,10,10
72209,96,108,-12,12
72210,96,82,14,14
72211,51,51,0,0
72212,61,72,-11,11
72213,129,120,9,9
72214,196,176,20,20
72215,61,65,-4,4
72216,86,82,4,4
72217,69,78,-9,9
72218,121,106,15,15
72219,87,92,-5,5
72220,105,92,13,13
72221,67,79,-12,12
72222,71,85,-14,14
72223,165,145,20,20
72224,132,122,10,10
72225,171,159,12,12
72226,81,76,5,5
72227,142,135,7,7
72228,75,75,0,0
72229,102,91,11,11
72230,86,88,-2,2
72231,136,124,12,12
72232,63,60,3,3
72233,122,122,0,0
72234,89,90,-1,1
72235,97,100,-3,3
72236,67,66,1,1
72237,105,99,6,6
72238,64,58,6,6
72239,85,93,-8,8
72240,99,101,-2,2
72241,80,67,13,13
72242,115,105,10,10
72243,65,64,1,1
72244,104,88,16,16
72245,115,109,6,6
72246,147,139,8,8
72247,105,100,5,5
72248,141,132,9,9
72249,163,150,13,13
72250,129,117,12,12
72251,90,88,2,2
72252,73,76,-3,3
72253,101,86,15,15
72254,103,101,2,2
72255,53,57,-4,4
72256,67,74,-7,7
72257,78,80,-2,2
72258,75,70,5,5
72259,76,76,0,0
72260,105,98,7,7
72261,103,92,11,11
72262,108,108,0,0
72263,154,133,21,21
72264,84,86,-2,2
72265,125,115,10,10
72266,71,69,2,2
72267,84,88,-4,4
72268,81,79,2,2
72269,95,94,1,1
72270,249,209,40,40
72271,101,99,2,2
72272,69,70,-1,1
72273,109,110,-1,1
72274,76,75,1,1
72275,92,90,2,2
72276,56,63,-7,7
72277,85,92,-7,7
72278,51,55,-4,4
72279,117,101,16,16
72280,74,75,-1,1
72281,184,162,22,22
72282,82,83,-1,1
72283,93,97,-4,4
72284,87,77,10,10
72285,56,55,1,1
72286,65,61,4,4
72287,95,85,10,10
72288,112,114,-2,2
72289,110,108,2,2
72290,137,129,8,8
72291,73,72,1,1
72292,128,112,16,16
72293,99,83,16,16
72294,133,126,7,7
72295,109,103,6,6
72296,74,84,-10,10
72297,99,87,12,12
72298,23,36,-13,13
72299,87,93,-6,6
72300,175,158,17,17
72301,71,76,-5,5
72302,64,69,-5,5
72303,74,83,-9,9
72304,127,122,5,5
72305,136,138,-2,2
72306,114,108,6,6
72307,143,135,8,8
72308,115,107,8,8
72309,83,89,-6,6
72310,118,108,10,10
72311,64,66,-2,2
72312,94,90,4,4
72313,69,63,6,6
72314,142,130,12,12
72315,75,70,5,5
72316,58,61,-3,3
72317,19,24,-5,5
72318,83,83,0,0
72319,59,61,-2,2
72320,99,96,3,3
72321,69,69,0,0
72322,95,87,8,8
72323,248,197,51,51
72324,129,119,10,10
72325,45,48,-3,3
72326,129,125,4,4
72327,99,90,9,9
72328,98,94,4,4
72329,115,115,0,0
72330,136,135,1,1
72331,111,99,12,12
72332,98,99,-1,1
72333,85,90,-5,5
72334,141,132,9,9
72335,94,98,-4,4
72336,94,93,1,1
72337,112,116,-4,4
72338,107,102,5,5
72339,127,122,5,5
72340,113,98,15,15
72341,131,111,20,20
72342,69,74,-5,5
72343,51,56,-5,5
72344,148,133,15,15
72345,79,67,12,12
72346,108,102,6,6
72347,105,111,-6,6
72348,82,95,-13,13
72349,152,155,-3,3
72350,77,80,-3,3
72351,96,103,-7,7
72352,118,128,-10,10
72353,176,166,10,10
72354,161,161,0,0
72355,74,68,6,6
72356,89,96,-7,7
72357,126,130,-4,4
72358,105,98,7,7
72359,102,99,3,3
72360,74,80,-6,6
72361,122,113,9,9
72362,80,78,2,2
72363,75,74,1,1
72364,148,139,9,9
72365,129,121,8,8
72366,68,66,2,2
72367,74,84,-10,10
72368,96,84,12,12
72369,88,82,6,6
72370,53,67,-14,14
72371,79,78,1,1
72372,78,76,2,2
72373,69,72,-3,3
72374,134,121,13,13
72375,77,73,4,4
72376,144,123,21,21
72377,102,99,3,3
72378,112,118,-6,6
72379,122,113,9,9
72380,87,85,2,2
72381,111,112,-1,1
72382,102,95,7,7
72383,73,74,-1,1
72384,86,83,3,3
72385,74,70,4,4
72386,132,115,17,17
72387,128,127,1,1
72388,130,120,10,10
72389,62,63,-1,1
72390,44,48,-4,4
72391,78,79,-1,1
72392,95,90,5,5
72393,95,84,11,11
72394,116,112,4,4
72395,80,78,2,2
72396,57,59,-2,2
72397,84,96,-12,12
72398,122,111,11,11
72399,115,115,0,0
72400,185,155,30,30
72401,144,119,25,25
72402,54,56,-2,2
72403,125,119,6,6
72404,107,110,-3,3
72405,140,143,-3,3
72406,59,61,-2,2
72407,64,66,-2,2
72408,83,84,-1,1
72409,56,54,2,2
72410,79,71,8,8
72411,58,57,1,1
72412,92,94,-2,2
72413,138,132,6,6
72414,110,101,9,9
72415,197,173,24,24
72416,102,97,5,5
72417,75,70,5,5
72418,127,113,14,14
72419,95,99,-4,4
72420,64,56,8,8
72421,68,74,-6,6
72422,174,161,13,13
72423,61,65,-4,4
72424,74,70,4,4
72425,106,102,4,4
72426,60,63,-3,3
72427,73,81,-8,8
72428,92,85,7,7
72429,189,156,33,33
72430,99,88,11,11
72431,147,134,13,13
72432,120,112,8,8
72433,75,74,1,1
72434,57,56,1,1
72435,56,55,1,1
72436,73,71,2,2
72437,67,64,3,3
72438,176,155,21,21
72439,131,125,6,6
72440,101,98,3,3
72441,77,72,5,5
72442,90,110,-20,20
72443,106,108,-2,2
72444,120,114,6,6
72445,82,77,5,5
72446,117,113,4,4
72447,57,75,-18,18
72448,57,69,-12,12
72449,104,96,8,8
72450,85,82,3,3
72451,112,108,4,4
72452,89,89,0,0
72453,88,100,-12,12
72454,87,76,11,11
72455,103,120,-17,17
72456,151,131,20,20
72457,92,92,0,0
72458,98,88,10,10
72459,63,72,-9,9
72460,88,86,2,2
72461,85,80,5,5
72462,29,39,-10,10
72463,88,96,-8,8
72464,105,106,-1,1
72465,108,99,9,9
72466,69,68,1,1
72467,100,95,5,5
72468,67,72,-5,5
72469,78,66,12,12
72470,97,96,1,1
72471,84,71,13,13
72472,57,66,-9,9
72473,124,111,13,13
72474,117,108,9,9
72475,101,90,11,11
72476,104,105,-1,1
72477,97,103,-6,6
72478,69,66,3,3
72479,105,102,3,3
72480,78,81,-3,3
72481,75,67,8,8
72482,67,60,7,7
72483,182,160,22,22
72484,49,53,-4,4
72485,89,88,1,1
72486,72,70,2,2
72487,97,96,1,1
72488,72,70,2,2
72489,66,65,1,1
72490,118,121,-3,3
72491,49,58,-9,9
72492,87,78,9,9
72493,157,134,23,23
72494,63,64,-1,1
72495,69,80,-11,11
72496,163,163,0,0
72497,221,211,10,10
72498,60,69,-9,9
72499,97,97,0,0
72500,64,56,8,8
72501,87,97,-10,10
72502,101,101,0,0
72503,96,95,1,1
72504,111,115,-4,4
72505,67,69,-2,2
72506,112,110,2,2
72507,92,81,11,11
72508,90,97,-7,7
72509,127,130,-3,3
72510,62,67,-5,5
72511,82,86,-4,4
72512,131,109,22,22
72513,66,61,5,5
72514,122,122,0,0
72515,80,89,-9,9
72516,83,87,-4,4
72517,71,78,-7,7
72518,76,68,8,8
72519,130,133,-3,3
72520,72,59,13,13
72521,51,50,1,1
72522,114,116,-2,2
72523,62,69,-7,7
72524,46,46,0,0
72525,58,64,-6,6
72526,84,89,-5,5
72527,69,66,3,3
72528,59,112,-53,53
72529,65,68,-3,3
72530,175,163,12,12
72531,135,129,6,6
72532,106,101,5,5
72533,72,77,-5,5
72534,124,117,7,7
72535,126,115,11,11
72536,120,117,3,3
72537,92,89,3,3
72538,68,66,2,2
72539,109,100,9,9
72540,74,84,-10,10
72541,61,65,-4,4
72542,96,90,6,6
72543,115,118,-3,3
72544,88,92,-4,4
72545,112,107,5,5
72546,182,159,23,23
72547,156,144,12,12
72548,156,145,11,11
72549,103,87,16,16
72550,89,84,5,5
72551,114,101,13,13
72552,106,90,16,16
72553,85,75,10,10
72554,107,92,15,15
72555,75,73,2,2
72556,84,84,0,0
72557,120,113,7,7
72558,95,84,11,11
72559,48,47,1,1
72560,65,59,6,6
72561,59,68,-9,9
72562,85,79,6,6
72563,125,117,8,8
72564,89,84,5,5
72565,92,82,10,10
72566,131,128,3,3
72567,83,82,1,1
72568,81,74,7,7
72569,82,75,7,7
72570,66,65,1,1
72571,126,123,3,3
72572,167,150,17,17
72573,103,99,4,4
72574,119,106,13,13
72575,133,127,6,6
72576,138,136,2,2
72577,136,125,11,11
72578,57,57,0,0
72579,111,103,8,8
72580,75,80,-5,5
72581,64,63,1,1
72582,111,112,-1,1
72583,126,123,3,3
72584,147,132,15,15
72585,188,160,28,28
72586,123,70,53,53
72587,87,92,-5,5
72588,77,78,-1,1
72589,82,75,7,7
72590,83,82,1,1
72591,69,78,-9,9
72592,136,136,0,0
72593,53,58,-5,5
72594,81,81,0,0
72595,124,120,4,4
72596,111,102,9,9
72597,120,115,5,5
72598,66,75,-9,9
72599,68,68,0,0
72600,147,147,0,0
72601,193,167,26,26
72602,62,61,1,1
72603,113,112,1,1
72604,83,80,3,3
72605,114,113,1,1
72606,138,132,6,6
72607,63,73,-10,10
72608,153,132,21,21
72609,75,78,-3,3
72610,104,94,10,10
72611,138,137,1,1
72612,86,74,12,12
72613,85,85,0,0
72614,132,128,4,4
72615,86,84,2,2
72616,60,67,-7,7
72617,119,109,10,10
72618,233,203,30,30
72619,125,131,-6,6
72620,128,119,9,9
72621,135,133,2,2
72622,92,83,9,9
72623,134,122,12,12
72624,108,103,5,5
72625,154,137,17,17
72626,149,143,6,6
72627,112,102,10,10
72628,117,112,5,5
72629,158,149,9,9
72630,83,78,5,5
72631,92,88,4,4
72632,80,74,6,6
72633,86,86,0,0
72634,23,24,-1,1
72635,90,85,5,5
72636,129,127,2,2
72637,122,117,5,5
72638,49,57,-8,8
72639,58,64,-6,6
72640,115,103,12,12
72641,92,86,6,6
72642,146,160,-14,14
72643,69,84,-15,15
72644,107,110,-3,3
72645,152,137,15,15
72646,106,89,17,17
72647,78,77,1,1
72648,122,106,16,16
72649,97,101,-4,4
72650,62,65,-3,3
72651,125,121,4,4
72652,172,153,19,19
72653,73,76,-3,3
72654,88,86,2,2
72655,69,72,-3,3
72656,72,67,5,5
72657,87,86,1,1
72658,53,51,2,2
72659,65,65,0,0
72660,117,110,7,7
72661,105,104,1,1
72662,168,152,16,16
72663,83,93,-10,10
72664,65,67,-2,2
72665,108,102,6,6
72666,45,52,-7,7
72667,123,107,16,16
72668,62,67,-5,5
72669,69,72,-3,3
72670,65,68,-3,3
72671,88,95,-7,7
72672,70,72,-2,2
72673,115,106,9,9
72674,68,63,5,5
72675,109,108,1,1
72676,117,113,4,4
72677,68,67,1,1
72678,93,85,8,8
72679,76,72,4,4
72680,147,132,15,15
72681,124,115,9,9
72682,146,136,10,10
72683,104,113,-9,9
72684,85,86,-1,1
72685,107,90,17,17
72686,131,115,16,16
72687,71,67,4,4
72688,78,72,6,6
72689,69,73,-4,4
72690,124,126,-2,2
72691,101,90,11,11
72692,64,58,6,6
72693,69,68,1,1
72694,60,67,-7,7
72695,97,89,8,8
72696,78,76,2,2
72697,106,122,-16,16
72698,102,92,10,10
72699,102,94,8,8
72700,135,129,6,6
72701,84,92,-8,8
72702,132,117,15,15
72703,81,78,3,3
72704,55,49,6,6
72705,80,71,9,9
72706,89,97,-8,8
72707,218,365,-147,147
72708,68,65,3,3
72709,136,112,24,24
72710,78,73,5,5
72711,66,71,-5,5
72712,115,111,4,4
72713,102,90,12,12
72714,64,70,-6,6
72715,32,33,-1,1
72716,61,59,2,2
72717,98,99,-1,1
72718,87,72,15,15
72719,75,61,14,14
72720,131,119,12,12
72721,82,92,-10,10
72722,102,92,10,10
72723,68,62,6,6
72724,129,123,6,6
72725,147,137,10,10
72726,54,55,-1,1
72727,95,94,1,1
72728,181,167,14,14
72729,102,105,-3,3
72730,49,53,-4,4
72731,100,91,9,9
72732,72,74,-2,2
72733,137,139,-2,2
72734,57,54,3,3
72735,85,77,8,8
72736,69,68,1,1
72737,44,44,0,0
72738,102,100,2,2
72739,140,132,8,8
72740,59,57,2,2
72741,59,66,-7,7
72742,67,62,5,5
72743,96,96,0,0
72744,54,46,8,8
72745,81,76,5,5
72746,154,145,9,9
72747,134,140,-6,6
72748,100,82,18,18
72749,104,94,10,10
72750,92,96,-4,4
72751,63,65,-2,2
72752,115,94,21,21
72753,55,57,-2,2
72754,163,149,14,14
72755,122,122,0,0
72756,106,101,5,5
72757,90,92,-2,2
72758,97,89,8,8
72759,69,70,-1,1
72760,86,82,4,4
72761,87,84,3,3
72762,134,116,18,18
72763,83,83,0,0
72764,96,94,2,2
72765,75,71,4,4
72766,91,81,10,10
72767,74,69,5,5
72768,105,103,2,2
72769,109,100,9,9
72770,50,67,-17,17
72771,83,67,16,16
72772,101,93,8,8
72773,98,100,-2,2
72774,78,79,-1,1
72775,115,99,16,16
72776,151,137,14,14
72777,50,44,6,6
72778,111,108,3,3
72779,75,85,-10,10
72780,191,175,16,16
72781,82,77,5,5
72782,133,117,16,16
72783,131,127,4,4
72784,69,66,3,3
72785,112,103,9,9
72786,52,56,-4,4
72787,109,115,-6,6
72788,82,84,-2,2
72789,106,109,-3,3
72790,36,43,-7,7
72791,84,85,-1,1
72792,103,93,10,10
72793,56,56,0,0
72794,78,77,1,1
72795,69,69,0,0
72796,67,67,0,0
72797,83,86,-3,3
72798,103,102,1,1
72799,84,83,1,1
72800,68,73,-5,5
72801,78,75,3,3
72802,118,106,12,12
72803,112,105,7,7
72804,108,108,0,0
72805,113,108,5,5
72806,116,98,18,18
72807,67,67,0,0
72808,110,107,3,3
72809,100,90,10,10
72810,111,94,17,17
72811,82,87,-5,5
72812,157,148,9,9
72813,75,77,-2,2
72814,102,99,3,3
72815,90,91,-1,1
72816,60,64,-4,4
72817,88,88,0,0
72818,96,94,2,2
72819,117,134,-17,17
72820,76,81,-5,5
72821,166,145,21,21
72822,187,148,39,39
72823,73,66,7,7
72824,91,95,-4,4
72825,125,122,3,3
72826,60,65,-5,5
72827,91,84,7,7
72828,99,105,-6,6
72829,80,69,11,11
72830,125,120,5,5
72831,111,114,-3,3
72832,54,56,-2,2
72833,192,172,20,20
72834,159,144,15,15
72835,71,69,2,2
72836,80,84,-4,4
72837,58,62,-4,4
72838,78,69,9,9
72839,146,129,17,17
72840,73,68,5,5
72841,178,151,27,27
72842,94,93,1,1
72843,131,118,13,13
72844,70,59,11,11
72845,126,123,3,3
72846,84,81,3,3
72847,80,82,-2,2
72848,214,182,32,32
72849,111,105,6,6
72850,134,133,1,1
72851,89,82,7,7
72852,124,135,-11,11
72853,112,97,15,15
72854,94,102,-8,8
72855,110,102,8,8
72856,143,139,4,4
72857,70,71,-1,1
72858,112,112,0,0
72859,88,84,4,4
72860,89,79,10,10
72861,78,73,5,5
72862,121,111,10,10
72863,69,67,2,2
72864,82,80,2,2
72865,137,161,-24,24
72866,116,111,5,5
72867,169,152,17,17
72868,108,94,14,14
72869,62,61,1,1
72870,66,82,-16,16
72871,126,114,12,12
72872,77,69,8,8
72873,170,154,16,16
72874,48,53,-5,5
72875,123,108,15,15
72876,135,126,9,9
72877,128,124,4,4
72878,108,103,5,5
72879,102,91,11,11
72880,89,84,5,5
72881,68,69,-1,1
72882,83,73,10,10
72883,174,166,8,8
72884,130,104,26,26
72885,176,157,19,19
72886,87,92,-5,5
72887,69,62,7,7
72888,69,71,-2,2
72889,100,85,15,15
72890,164,149,15,15
72891,94,99,-5,5
72892,82,79,3,3
72893,191,181,10,10
72894,99,99,0,0
72895,78,79,-1,1
72896,68,69,-1,1
72897,121,102,19,19
72898,128,116,12,12
72899,149,139,10,10
72900,164,147,17,17
72901,74,75,-1,1
72902,67,59,8,8
72903,59,66,-7,7
72904,100,112,-12,12
72905,62,74,-12,12
72906,100,99,1,1
72907,79,80,-1,1
72908,137,150,-13,13
72909,74,73,1,1
72910,94,90,4,4
72911,119,96,23,23
72912,103,95,8,8
72913,95,91,4,4
72914,60,55,5,5
72915,111,99,12,12
72916,34,36,-2,2
72917,78,85,-7,7
72918,97,92,5,5
72919,111,106,5,5
72920,85,88,-3,3
72921,149,136,13,13
72922,90,81,9,9
72923,49,52,-3,3
72924,138,127,11,11
72925,69,67,2,2
72926,79,70,9,9
72927,70,67,3,3
72928,82,82,0,0
72929,79,80,-1,1
72930,85,92,-7,7
72931,89,81,8,8
72932,67,70,-3,3
72933,106,112,-6,6
72934,70,77,-7,7
72935,74,81,-7,7
72936,55,63,-8,8
72937,164,155,9,9
72938,77,71,6,6
72939,57,56,1,1
72940,97,107,-10,10
72941,136,140,-4,4
72942,83,79,4,4
72943,66,66,0,0
72944,92,94,-2,2
72945,92,91,1,1
72946,71,63,8,8
72947,67,72,-5,5
72948,150,134,16,16
72949,69,72,-3,3
72950,132,121,11,11
72951,194,177,17,17
72952,137,130,7,7
72953,68,69,-1,1
72954,90,93,-3,3
72955,113,107,6,6
72956,61,54,7,7
72957,160,143,17,17
72958,149,143,6,6
72959,48,54,-6,6
72960,128,124,4,4
72961,102,97,5,5
72962,95,95,0,0
72963,68,60,8,8
72964,164,147,17,17
72965,92,98,-6,6
72966,100,87,13,13
72967,68,75,-7,7
72968,81,81,0,0
72969,87,77,10,10
72970,121,103,18,18
72971,95,95,0,0
72972,99,82,17,17
72973,59,65,-6,6
72974,140,126,14,14
72975,109,89,20,20
72976,147,132,15,15
72977,84,83,1,1
72978,111,106,5,5
72979,85,86,-1,1
72980,63,71,-8,8
72981,64,63,1,1
72982,75,68,7,7
72983,136,114,22,22
72984,140,138,2,2
72985,45,50,-5,5
72986,159,152,7,7
72987,110,97,13,13
72988,54,64,-10,10
72989,129,124,5,5
72990,170,177,-7,7
72991,111,107,4,4
72992,72,67,5,5
72993,129,122,7,7
72994,67,67,0,0
72995,159,164,-5,5
72996,60,67,-7,7
72997,91,88,3,3
72998,126,107,19,19
72999,240,194,46,46
73000,113,106,7,7
73001,85,76,9,9
73002,54,70,-16,16
73003,68,66,2,2
73004,89,82,7,7
73005,142,130,12,12
73006,146,131,15,15
73007,87,84,3,3
73008,122,120,2,2
73009,81,59,22,22
73010,77,76,1,1
73011,113,99,14,14
73012,182,180,2,2
73013,111,99,12,12
73014,97,84,13,13
73015,90,83,7,7
73016,149,134,15,15
73017,62,74,-12,12
73018,121,113,8,8
73019,90,85,5,5
73020,64,55,9,9
73021,158,146,12,12
73022,89,86,3,3
73023,93,86,7,7
73024,82,74,8,8
73025,80,80,0,0
73026,231,218,13,13
73027,52,56,-4,4
73028,185,162,23,23
73029,125,128,-3,3
73030,116,106,10,10
73031,70,69,1,1
73032,92,85,7,7
73033,135,136,-1,1
73034,83,89,-6,6
73035,78,79,-1,1
73036,89,87,2,2
73037,98,91,7,7
73038,74,76,-2,2
73039,117,114,3,3
73040,65,200,-135,135
73041,80,78,2,2
73042,82,77,5,5
73043,144,145,-1,1
73044,64,63,1,1
73045,144,133,11,11
73046,46,43,3,3
73047,29,37,-8,8
73048,81,78,3,3
73049,115,109,6,6
73050,99,91,8,8
73051,80,77,3,3
73052,111,104,7,7
73053,113,109,4,4
73054,119,97,22,22
73055,49,44,5,5
73056,128,121,7,7
73057,168,152,16,16
73058,52,54,-2,2
73059,115,110,5,5
73060,230,198,32,32
73061,113,125,-12,12
73062,66,60,6,6
73063,102,96,6,6
73064,52,50,2,2
73065,94,90,4,4
73066,69,70,-1,1
73067,146,152,-6,6
73068,130,121,9,9
73069,82,72,10,10
73070,51,52,-1,1
73071,114,102,12,12
73072,58,68,-10,10
73073,70,76,-6,6
73074,74,70,4,4
73075,75,67,8,8
73076,54,51,3,3
73077,134,134,0,0
73078,46,42,4,4
73079,79,69,10,10
73080,66,74,-8,8
73081,114,111,3,3
73082,76,84,-8,8
73083,149,137,12,12
73084,126,113,13,13
73085,91,97,-6,6
73086,56,55,1,1
73087,131,123,8,8
73088,119,127,-8,8
73089,119,112,7,7
73090,124,119,5,5
73091,142,137,5,5
73092,215,184,31,31
73093,59,57,2,2
73094,60,57,3,3
73095,76,79,-3,3
73096,54,47,7,7
73097,78,84,-6,6
73098,133,138,-5,5
73099,56,55,1,1
73100,79,79,0,0
73101,74,66,8,8
73102,55,66,-11,11
73103,62,52,10,10
73104,47,46,1,1
73105,112,111,1,1
73106,112,100,12,12
73107,122,110,12,12
73108,104,101,3,3
73109,81,95,-14,14
73110,76,82,-6,6
73111,61,57,4,4
73112,230,176,54,54
73113,87,82,5,5
73114,94,87,7,7
73115,83,78,5,5
73116,154,130,24,24
73117,140,126,14,14
73118,81,82,-1,1
73119,78,73,5,5
73120,112,101,11,11
73121,133,119,14,14
73122,72,75,-3,3
73123,150,119,31,31
73124,133,122,11,11
73125,74,65,9,9
73126,122,119,3,3
73127,90,88,2,2
73128,69,66,3,3
73129,75,80,-5,5
73130,50,47,3,3
73131,135,127,8,8
73132,126,115,11,11
73133,68,88,-20,20
73134,88,85,3,3
73135,78,83,-5,5
73136,55,57,-2,2
73137,94,98,-4,4
73138,57,68,-11,11
73139,70,71,-1,1
73140,150,137,13,13
73141,67,72,-5,5
73142,78,80,-2,2
73143,82,81,1,1
73144,123,121,2,2
73145,75,67,8,8
73146,151,148,3,3
73147,79,73,6,6
73148,116,104,12,12
73149,89,82,7,7
73150,143,133,10,10
73151,94,95,-1,1
73152,94,98,-4,4
73153,81,86,-5,5
73154,77,81,-4,4
73155,85,84,1,1
73156,104,109,-5,5
73157,58,59,-1,1
73158,76,82,-6,6
73159,72,73,-1,1
73160,90,85,5,5
73161,126,131,-5,5
73162,81,78,3,3
73163,113,109,4,4
73164,72,77,-5,5
73165,111,110,1,1
73166,94,87,7,7
73167,77,72,5,5
73168,76,69,7,7
73169,91,83,8,8
73170,84,84,0,0
73171,50,63,-13,13
73172,111,111,0,0
73173,160,149,11,11
73174,90,80,10,10
73175,165,167,-2,2
73176,153,131,22,22
73177,38,43,-5,5
73178,76,89,-13,13
73179,73,70,3,3
73180,99,99,0,0
73181,64,67,-3,3
73182,148,135,13,13
73183,146,139,7,7
73184,86,84,2,2
73185,70,73,-3,3
73186,74,70,4,4
73187,102,93,9,9
73188,76,67,9,9
73189,115,99,16,16
73190,111,101,10,10
73191,67,70,-3,3
73192,120,123,-3,3
73193,72,71,1,1
73194,93,87,6,6
73195,256,235,21,21
73196,157,145,12,12
73197,70,67,3,3
73198,95,101,-6,6
73199,99,98,1,1
73200,94,89,5,5
73201,81,76,5,5
73202,102,92,10,10
73203,107,106,1,1
73204,137,120,17,17
73205,91,88,3,3
73206,90,94,-4,4
73207,68,68,0,0
73208,59,64,-5,5
73209,86,85,1,1
73210,118,124,-6,6
73211,197,185,12,12
73212,55,71,-16,16
73213,82,75,7,7
73214,96,99,-3,3
73215,88,95,-7,7
73216,72,81,-9,9
73217,56,66,-10,10
73218,110,101,9,9
73219,75,69,6,6
73220,107,111,-4,4
73221,100,104,-4,4
73222,137,119,18,18
73223,76,75,1,1
73224,174,163,11,11
73225,101,101,0,0
73226,85,85,0,0
73227,53,58,-5,5
73228,108,92,16,16
73229,82,78,4,4
73230,84,90,-6,6
73231,92,90,2,2
73232,125,134,-9,9
73233,93,97,-4,4
73234,54,58,-4,4
73235,113,102,11,11
73236,196,181,15,15
73237,71,69,2,2
73238,75,70,5,5
73239,46,50,-4,4
73240,107,105,2,2
73241,82,87,-5,5
73242,88,97,-9,9
73243,57,55,2,2
73244,153,126,27,27
73245,131,131,0,0
73246,111,122,-11,11
73247,136,133,3,3
73248,58,61,-3,3
73249,85,84,1,1
73250,98,86,12,12
73251,80,79,1,1
73252,82,89,-7,7
73253,74,70,4,4
73254,135,119,16,16
73255,88,87,1,1
73256,27,41,-14,14
73257,60,66,-6,6
73258,82,78,4,4
73259,176,167,9,9
73260,163,136,27,27
73261,130,128,2,2
73262,120,111,9,9
73263,143,116,27,27
73264,138,139,-1,1
73265,88,79,9,9
73266,125,122,3,3
73267,81,77,4,4
73268,56,56,0,0
73269,70,71,-1,1
73270,59,60,-1,1
73271,117,127,-10,10
73272,35,42,-7,7
73273,115,100,15,15
73274,59,63,-4,4
73275,88,79,9,9
73276,124,125,-1,1
73277,110,96,14,14
73278,118,107,11,11
73279,103,90,13,13
73280,121,116,5,5
73281,78,75,3,3
73282,69,71,-2,2
73283,129,121,8,8
73284,75,69,6,6
73285,54,51,3,3
73286,185,164,21,21
73287,105,98,7,7
73288,65,62,3,3
73289,145,126,19,19
73290,134,120,14,14
73291,102,96,6,6
73292,75,72,3,3
73293,106,95,11,11
73294,122,115,7,7
73295,42,48,-6,6
73296,144,144,0,0
73297,104,93,11,11
73298,117,106,11,11
73299,69,70,-1,1
73300,63,73,-10,10
73301,184,149,35,35
73302,96,90,6,6
73303,86,75,11,11
73304,98,94,4,4
73305,78,75,3,3
73306,91,86,5,5
73307,53,53,0,0
73308,79,71,8,8
73309,141,129,12,12
73310,82,77,5,5
73311,49,50,-1,1
73312,109,97,12,12
73313,61,63,-2,2
73314,90,91,-1,1
73315,61,56,5,5
73316,94,100,-6,6
73317,134,131,3,3
73318,65,71,-6,6
73319,136,128,8,8
73320,164,155,9,9
73321,98,99,-1,1
73322,83,81,2,2
73323,40,44,-4,4
73324,67,77,-10,10
73325,90,84,6,6
73326,62,57,5,5
73327,60,58,2,2
73328,115,101,14,14
73329,135,130,5,5
73330,75,73,2,2
73331,35,60,-25,25
73332,94,101,-7,7
73333,113,101,12,12
73334,133,125,8,8
73335,103,76,27,27
73336,108,96,12,12
73337,65,64,1,1
73338,67,57,10,10
73339,121,111,10,10
73340,89,98,-9,9
73341,69,71,-2,2
73342,128,122,6,6
73343,99,88,11,11
73344,100,96,4,4
73345,88,76,12,12
73346,160,145,15,15
73347,94,84,10,10
73348,111,109,2,2
73349,83,76,7,7
73350,51,62,-11,11
73351,126,115,11,11
73352,150,129,21,21
73353,57,57,0,0
73354,63,68,-5,5
73355,112,109,3,3
73356,196,178,18,18
73357,71,74,-3,3
73358,152,140,12,12
73359,87,85,2,2
73360,59,63,-4,4
73361,144,136,8,8
73362,122,108,14,14
73363,61,67,-6,6
73364,99,105,-6,6
73365,74,68,6,6
73366,68,66,2,2
73367,92,94,-2,2
73368,147,140,7,7
73369,114,109,5,5
73370,64,64,0,0
73371,92,77,15,15
73372,85,77,8,8
73373,100,89,11,11
73374,142,125,17,17
73375,34,37,-3,3
73376,107,92,15,15
73377,110,100,10,10
73378,154,141,13,13
73379,69,69,0,0
73380,91,98,-7,7
73381,124,112,12,12
73382,71,63,8,8
73383,61,55,6,6
73384,110,102,8,8
73385,86,90,-4,4
73386,143,125,18,18
73387,65,66,-1,1
73388,82,75,7,7
73389,90,94,-4,4
73390,156,151,5,5
73391,177,164,13,13
73392,108,98,10,10
73393,100,105,-5,5
73394,60,69,-9,9
73395,81,90,-9,9
73396,99,99,0,0
73397,63,84,-21,21
73398,87,98,-11,11
73399,53,50,3,3
73400,47,50,-3,3
73401,65,74,-9,9
73402,79,73,6,6
73403,65,68,-3,3
73404,99,100,-1,1
73405,61,64,-3,3
73406,101,106,-5,5
73407,75,68,7,7
73408,99,103,-4,4
73409,84,84,0,0
73410,130,117,13,13
73411,147,129,18,18
73412,103,98,5,5
73413,48,46,2,2
73414,88,84,4,4
73415,115,104,11,11
73416,81,79,2,2
73417,69,78,-9,9
73418,144,142,2,2
73419,103,92,11,11
73420,84,79,5,5
73421,175,170,5,5
73422,133,113,20,20
73423,88,87,1,1
73424,112,105,7,7
73425,98,96,2,2
73426,79,76,3,3
73427,65,63,2,2
73428,75,84,-9,9
73429,101,100,1,1
73430,44,47,-3,3
73431,89,85,4,4
73432,107,104,3,3
73433,85,83,2,2
73434,42,48,-6,6
73435,86,87,-1,1
73436,92,84,8,8
73437,70,71,-1,1
73438,79,78,1,1
73439,39,53,-14,14
73440,90,85,5,5
73441,126,112,14,14
73442,116,109,7,7
73443,69,72,-3,3
73444,51,55,-4,4
73445,107,96,11,11
73446,88,85,3,3
73447,104,92,12,12
73448,81,69,12,12
73449,78,74,4,4
73450,87,86,1,1
73451,63,75,-12,12
73452,92,91,1,1
73453,125,127,-2,2
73454,113,105,8,8
73455,50,49,1,1
73456,71,66,5,5
73457,78,79,-1,1
73458,65,64,1,1
73459,145,133,12,12
73460,64,56,8,8
73461,83,81,2,2
73462,162,138,24,24
73463,84,82,2,2
73464,149,145,4,4
73465,68,70,-2,2
73466,84,84,0,0
73467,74,68,6,6
73468,106,103,3,3
73469,87,89,-2,2
73470,102,112,-10,10
73471,142,123,19,19
73472,159,147,12,12
73473,49,49,0,0
73474,133,133,0,0
73475,89,84,5,5
73476,47,50,-3,3
73477,111,107,4,4
73478,79,74,5,5
73479,108,118,-10,10
73480,58,61,-3,3
73481,111,113,-2,2
73482,46,47,-1,1
73483,69,70,-1,1
73484,144,140,4,4
73485,122,115,7,7
73486,114,108,6,6
73487,60,58,2,2
73488,75,79,-4,4
73489,79,80,-1,1
73490,97,98,-1,1
73491,177,171,6,6
73492,111,101,10,10
73493,35,41,-6,6
73494,133,113,20,20
73495,58,54,4,4
73496,114,98,16,16
73497,80,80,0,0
73498,133,111,22,22
73499,116,116,0,0
73500,88,70,18,18
73501,126,114,12,12
73502,135,119,16,16
73503,85,85,0,0
73504,154,149,5,5
73505,118,109,9,9
73506,92,88,4,4
73507,146,147,-1,1
73508,63,65,-2,2
73509,77,81,-4,4
73510,113,104,9,9
73511,110,110,0,0
73512,63,69,-6,6
73513,78,73,5,5
73514,130,120,10,10
73515,64,57,7,7
73516,81,82,-1,1
73517,75,67,8,8
73518,41,50,-9,9
73519,139,129,10,10
73520,60,58,2,2
73521,81,83,-2,2
73522,108,101,7,7
73523,102,96,6,6
73524,63,65,-2,2
73525,111,101,10,10
73526,42,45,-3,3
73527,93,90,3,3
73528,106,109,-3,3
73529,92,84,8,8
73530,87,85,2,2
73531,100,99,1,1
73532,73,67,6,6
73533,65,62,3,3
73534,84,90,-6,6
73535,158,153,5,5
73536,73,72,1,1
73537,116,123,-7,7
73538,79,87,-8,8
73539,114,104,10,10
73540,108,106,2,2
73541,89,82,7,7
73542,65,75,-10,10
73543,123,114,9,9
73544,70,74,-4,4
73545,58,59,-1,1
73546,61,66,-5,5
73547,118,129,-11,11
73548,91,96,-5,5
73549,82,85,-3,3
73550,42,50,-8,8
73551,43,44,-1,1
73552,144,125,19,19
73553,60,69,-9,9
73554,29,49,-20,20
73555,111,96,15,15
73556,69,68,1,1
73557,192,166,26,26
73558,88,100,-12,12
73559,64,65,-1,1
73560,131,126,5,5
73561,107,110,-3,3
73562,95,100,-5,5
73563,70,72,-2,2
73564,51,47,4,4
73565,195,174,21,21
73566,77,76,1,1
73567,117,116,1,1
73568,87,78,9,9
73569,46,45,1,1
73570,71,68,3,3
73571,65,62,3,3
73572,171,177,-6,6
73573,106,103,3,3
73574,82,81,1,1
73575,130,116,14,14
73576,58,67,-9,9
73577,105,104,1,1
73578,121,117,4,4
73579,148,151,-3,3
73580,87,83,4,4
73581,98,100,-2,2
73582,74,82,-8,8
73583,138,133,5,5
73584,95,95,0,0
73585,104,100,4,4
73586,64,60,4,4
73587,74,73,1,1
73588,126,104,22,22
73589,93,98,-5,5
73590,80,78,2,2
73591,62,66,-4,4
73592,56,60,-4,4
73593,91,90,1,1
73594,202,175,27,27
73595,97,98,-1,1
73596,109,115,-6,6
73597,62,45,17,17
73598,156,151,5,5
73599,62,58,4,4
73600,156,150,6,6
73601,60,63,-3,3
73602,67,65,2,2
73603,109,109,0,0
73604,129,116,13,13
73605,126,116,10,10
73606,141,129,12,12
73607,117,100,17,17
73608,167,156,11,11
73609,123,124,-1,1
73610,127,111,16,16
73611,70,65,5,5
73612,67,68,-1,1
73613,93,88,5,5
73614,79,73,6,6
73615,80,79,1,1
73616,81,86,-5,5
73617,77,73,4,4
73618,57,61,-4,4
73619,125,131,-6,6
73620,137,120,17,17
73621,98,101,-3,3
73622,76,73,3,3
73623,99,88,11,11
73624,88,89,-1,1
73625,71,71,0,0
73626,85,81,4,4
73627,93,91,2,2
73628,112,98,14,14
73629,63,67,-4,4
73630,79,90,-11,11
73631,90,87,3,3
73632,71,68,3,3
73633,67,79,-12,12
73634,147,122,25,25
73635,57,74,-17,17
73636,61,60,1,1
73637,100,91,9,9
73638,79,75,4,4
73639,136,111,25,25
73640,88,88,0,0
73641,67,66,1,1
73642,173,159,14,14
73643,111,97,14,14
73644,96,79,17,17
73645,91,83,8,8
73646,90,80,10,10
73647,93,86,7,7
73648,99,96,3,3
73649,57,54,3,3
73650,71,69,2,2
73651,165,150,15,15
73652,91,100,-9,9
73653,59,58,1,1
73654,103,100,3,3
73655,72,72,0,0
73656,95,87,8,8
73657,86,74,12,12
73658,142,113,29,29
73659,92,89,3,3
73660,86,87,-1,1
73661,143,131,12,12
73662,37,44,-7,7
73663,66,69,-3,3
73664,121,111,10,10
73665,89,87,2,2
73666,54,69,-15,15
73667,64,65,-1,1
73668,48,46,2,2
73669,33,40,-7,7
73670,154,145,9,9
73671,55,56,-1,1
73672,85,75,10,10
73673,68,65,3,3
73674,88,88,0,0
73675,61,64,-3,3
73676,123,112,11,11
73677,98,97,1,1
73678,161,153,8,8
73679,53,56,-3,3
73680,68,73,-5,5
73681,131,117,14,14
73682,100,95,5,5
73683,64,63,1,1
73684,109,116,-7,7
73685,87,85,2,2
73686,78,79,-1,1
73687,56,57,-1,1
73688,96,88,8,8
73689,104,99,5,5
73690,94,92,2,2
73691,66,64,2,2
73692,106,96,10,10
73693,132,138,-6,6
73694,142,115,27,27
73695,112,111,1,1
73696,104,76,28,28
73697,129,131,-2,2
73698,107,100,7,7
73699,137,139,-2,2
73700,81,85,-4,4
73701,57,56,1,1
73702,126,114,12,12
73703,57,70,-13,13
73704,141,124,17,17
73705,94,87,7,7
73706,56,66,-10,10
73707,100,88,12,12
73708,65,70,-5,5
73709,153,142,11,11
73710,106,106,0,0
73711,65,64,1,1
73712,89,89,0,0
73713,69,61,8,8
73714,172,158,14,14
73715,74,75,-1,1
73716,55,64,-9,9
73717,95,90,5,5
73718,80,82,-2,2
73719,72,76,-4,4
73720,69,68,1,1
73721,77,83,-6,6
73722,136,124,12,12
73723,60,59,1,1
73724,106,95,11,11
73725,98,91,7,7
73726,113,110,3,3
73727,66,67,-1,1
73728,117,104,13,13
73729,75,73,2,2
73730,123,118,5,5
73731,54,51,3,3
73732,157,160,-3,3
73733,100,94,6,6
73734,74,75,-1,1
73735,61,65,-4,4
73736,72,74,-2,2
73737,81,74,7,7
73738,138,141,-3,3
73739,137,135,2,2
73740,163,141,22,22
73741,65,78,-13,13
73742,130,127,3,3
73743,68,76,-8,8
73744,97,88,9,9
73745,167,149,18,18
73746,93,75,18,18
73747,63,68,-5,5
73748,91,84,7,7
73749,174,153,21,21
73750,138,116,22,22
73751,75,74,1,1
73752,129,130,-1,1
73753,116,100,16,16
73754,47,41,6,6
73755,116,104,12,12
73756,103,95,8,8
73757,112,100,12,12
73758,133,121,12,12
73759,55,67,-12,12
73760,75,81,-6,6
73761,53,55,-2,2
73762,88,96,-8,8
73763,132,125,7,7
73764,35,42,-7,7
73765,45,46,-1,1
73766,67,67,0,0
73767,124,105,19,19
73768,148,135,13,13
73769,138,122,16,16
73770,98,91,7,7
73771,81,78,3,3
73772,54,56,-2,2
73773,35,38,-3,3
73774,69,67,2,2
73775,66,64,2,2
73776,116,104,12,12
73777,86,80,6,6
73778,95,94,1,1
73779,95,97,-2,2
73780,61,60,1,1
73781,79,77,2,2
73782,74,94,-20,20
73783,117,107,10,10
73784,63,63,0,0
73785,138,116,22,22
73786,125,119,6,6
73787,95,94,1,1
73788,66,69,-3,3
73789,53,53,0,0
73790,83,81,2,2
73791,60,66,-6,6
73792,52,55,-3,3
73793,55,51,4,4
73794,100,102,-2,2
73795,91,104,-13,13
73796,87,83,4,4
73797,63,53,10,10
73798,122,93,29,29
73799,75,71,4,4
73800,57,68,-11,11
73801,55,60,-5,5
73802,110,97,13,13
73803,88,87,1,1
73804,155,161,-6,6
73805,96,94,2,2
73806,81,77,4,4
73807,102,96,6,6
73808,141,122,19,19
73809,105,99,6,6
73810,68,64,4,4
73811,80,73,7,7
73812,94,97,-3,3
73813,60,62,-2,2
73814,107,88,19,19
73815,112,107,5,5
73816,92,91,1,1
73817,86,74,12,12
73818,131,112,19,19
73819,62,56,6,6
73820,146,145,1,1
73821,67,78,-11,11
73822,77,78,-1,1
73823,101,100,1,1
73824,80,73,7,7
73825,97,79,18,18
73826,140,123,17,17
73827,128,130,-2,2
73828,108,106,2,2
73829,91,86,5,5
73830,91,91,0,0
73831,87,81,6,6
73832,151,128,23,23
73833,91,94,-3,3
73834,161,141,20,20
73835,60,63,-3,3
73836,135,119,16,16
73837,73,87,-14,14
73838,88,98,-10,10
73839,71,68,3,3
73840,80,80,0,0
73841,50,50,0,0
73842,106,97,9,9
73843,66,66,0,0
73844,90,96,-6,6
73845,122,122,0,0
73846,99,90,9,9
73847,73,72,1,1
73848,60,58,2,2
73849,63,81,-18,18
73850,105,117,-12,12
73851,34,35,-1,1
73852,74,81,-7,7
73853,122,112,10,10
73854,123,104,19,19
73855,66,64,2,2
73856,122,110,12,12
73857,114,103,11,11
73858,165,159,6,6
73859,139,146,-7,7
73860,58,49,9,9
73861,70,71,-1,1
73862,71,67,4,4
73863,158,176,-18,18
73864,66,66,0,0
73865,166,125,41,41
73866,129,125,4,4
73867,91,88,3,3
73868,109,125,-16,16
73869,118,128,-10,10
73870,90,90,0,0
73871,125,115,10,10
73872,94,85,9,9
73873,107,97,10,10
73874,144,120,24,24
73875,83,75,8,8
73876,71,74,-3,3
73877,93,90,3,3
73878,103,97,6,6
73879,78,79,-1,1
73880,33,75,-42,42
73881,44,76,-32,32
73882,129,119,10,10
73883,210,191,19,19
73884,98,89,9,9
73885,60,77,-17,17
73886,110,97,13,13
73887,56,61,-5,5
73888,149,132,17,17
73889,86,83,3,3
73890,101,94,7,7
73891,80,76,4,4
73892,96,93,3,3
73893,66,64,2,2
73894,73,72,1,1
73895,87,72,15,15
73896,73,67,6,6
73897,96,87,9,9
73898,36,49,-13,13
73899,171,187,-16,16
73900,125,117,8,8
73901,82,84,-2,2
73902,79,70,9,9
73903,148,134,14,14
73904,137,125,12,12
73905,82,82,0,0
73906,72,91,-19,19
73907,57,60,-3,3
73908,162,155,7,7
73909,148,128,20,20
73910,82,75,7,7
73911,76,73,3,3
73912,72,67,5,5
73913,42,36,6,6
73914,102,106,-4,4
73915,61,66,-5,5
73916,107,106,1,1
73917,72,66,6,6
73918,117,121,-4,4
73919,70,68,2,2
73920,60,59,1,1
73921,110,91,19,19
73922,94,93,1,1
73923,121,125,-4,4
73924,102,99,3,3
73925,61,64,-3,3
73926,69,67,2,2
73927,51,62,-11,11
73928,113,118,-5,5
73929,148,163,-15,15
73930,129,114,15,15
73931,60,56,4,4
73932,82,98,-16,16
73933,149,134,15,15
73934,64,58,6,6
73935,95,95,0,0
73936,105,97,8,8
73937,129,124,5,5
73938,140,134,6,6
73939,143,143,0,0
73940,67,64,3,3
73941,81,79,2,2
73942,131,114,17,17
73943,61,55,6,6
73944,95,91,4,4
73945,121,114,7,7
73946,96,83,13,13
73947,159,128,31,31
73948,51,52,-1,1
73949,72,73,-1,1
73950,83,80,3,3
73951,114,104,10,10
73952,90,92,-2,2
73953,72,69,3,3
73954,88,78,10,10
73955,149,131,18,18
73956,69,67,2,2
73957,67,71,-4,4
73958,65,73,-8,8
73959,119,119,0,0
73960,146,126,20,20
73961,75,82,-7,7
73962,175,154,21,21
73963,109,110,-1,1
73964,80,76,4,4
73965,99,87,12,12
73966,137,131,6,6
73967,77,90,-13,13
73968,44,69,-25,25
73969,96,88,8,8
73970,55,52,3,3
73971,113,100,13,13
73972,108,102,6,6
73973,55,51,4,4
73974,138,113,25,25
73975,74,70,4,4
73976,69,70,-1,1
73977,131,119,12,12
73978,129,154,-25,25
73979,103,102,1,1
73980,50,50,0,0
73981,90,93,-3,3
73982,42,45,-3,3
73983,140,148,-8,8
73984,76,87,-11,11
73985,113,106,7,7
73986,43,51,-8,8
73987,73,85,-12,12
73988,116,114,2,2
73989,112,116,-4,4
73990,126,124,2,2
73991,98,99,-1,1
73992,83,78,5,5
73993,51,67,-16,16
73994,73,89,-16,16
73995,220,183,37,37
73996,72,78,-6,6
73997,63,63,0,0
73998,107,102,5,5
73999,90,79,11,11
74000,50,59,-9,9
74001,100,93,7,7
74002,126,112,14,14
74003,73,71,2,2
74004,88,90,-2,2
74005,65,78,-13,13
74006,73,68,5,5
74007,83,79,4,4
74008,118,117,1,1
74009,77,70,7,7
74010,175,164,11,11
74011,101,94,7,7
74012,72,71,1,1
74013,84,85,-1,1
74014,320,354,-34,34
74015,86,96,-10,10
74016,48,52,-4,4
74017,82,73,9,9
74018,111,97,14,14
74019,83,82,1,1
74020,105,117,-12,12
74021,87,90,-3,3
74022,92,91,1,1
74023,106,99,7,7
74024,179,170,9,9
74025,123,113,10,10
74026,68,74,-6,6
74027,52,47,5,5
74028,155,127,28,28
74029,97,106,-9,9
74030,78,81,-3,3
74031,52,49,3,3
74032,62,63,-1,1
74033,92,89,3,3
74034,113,103,10,10
74035,141,131,10,10
74036,66,70,-4,4
74037,97,85,12,12
74038,80,98,-18,18
74039,71,90,-19,19
74040,117,110,7,7
74041,202,181,21,21
74042,89,81,8,8
74043,65,70,-5,5
74044,83,88,-5,5
74045,151,135,16,16
74046,68,64,4,4
74047,84,88,-4,4
74048,114,105,9,9
74049,67,66,1,1
74050,48,45,3,3
74051,108,107,1,1
74052,159,133,26,26
74053,84,78,6,6
74054,153,137,16,16
74055,52,66,-14,14
74056,159,148,11,11
74057,118,115,3,3
74058,83,85,-2,2
74059,50,53,-3,3
74060,125,111,14,14
74061,41,89,-48,48
74062,62,72,-10,10
74063,85,74,11,11
74064,133,128,5,5
74065,129,118,11,11
74066,97,96,1,1
74067,102,103,-1,1
74068,23,37,-14,14
74069,74,76,-2,2
74070,41,51,-10,10
74071,108,111,-3,3
74072,104,98,6,6
74073,108,91,17,17
74074,97,89,8,8
74075,74,75,-1,1
74076,94,89,5,5
74077,78,75,3,3
74078,117,115,2,2
74079,119,117,2,2
74080,60,51,9,9
74081,86,80,6,6
74082,84,85,-1,1
74083,72,71,1,1
74084,93,96,-3,3
74085,72,73,-1,1
74086,156,130,26,26
74087,73,77,-4,4
74088,108,94,14,14
74089,126,132,-6,6
74090,93,91,2,2
74091,79,69,10,10
74092,181,146,35,35
74093,83,74,9,9
74094,119,111,8,8
74095,71,68,3,3
74096,77,69,8,8
74097,104,119,-15,15
74098,72,76,-4,4
74099,68,69,-1,1
74100,98,94,4,4
74101,57,75,-18,18
74102,80,103,-23,23
74103,73,70,3,3
74104,191,164,27,27
74105,100,91,9,9
74106,132,112,20,20
74107,40,39,1,1
74108,54,52,2,2
74109,154,142,12,12
74110,139,129,10,10
74111,107,100,7,7
74112,128,115,13,13
74113,133,120,13,13
74114,83,71,12,12
74115,63,85,-22,22
74116,81,78,3,3
74117,163,146,17,17
74118,109,105,4,4
74119,63,61,2,2
74120,90,86,4,4
74121,81,90,-9,9
74122,66,65,1,1
74123,120,122,-2,2
74124,89,83,6,6
74125,67,72,-5,5
74126,85,83,2,2
74127,78,77,1,1
74128,75,79,-4,4
74129,198,181,17,17
74130,92,92,0,0
74131,118,103,15,15
74132,57,59,-2,2
74133,155,143,12,12
74134,86,82,4,4
74135,67,66,1,1
74136,178,145,33,33
74137,68,69,-1,1
74138,85,82,3,3
74139,79,82,-3,3
74140,93,82,11,11
74141,50,56,-6,6
74142,58,57,1,1
74143,104,103,1,1
74144,100,92,8,8
74145,201,183,18,18
74146,105,101,4,4
74147,105,106,-1,1
74148,90,88,2,2
74149,68,74,-6,6
74150,74,76,-2,2
74151,60,58,2,2
74152,59,78,-19,19
74153,97,102,-5,5
74154,87,81,6,6
74155,55,65,-10,10
74156,111,96,15,15
74157,119,102,17,17
74158,115,115,0,0
74159,59,52,7,7
74160,61,60,1,1
74161,30,50,-20,20
74162,96,90,6,6
74163,131,109,22,22
74164,183,172,11,11
74165,161,162,-1,1
74166,146,139,7,7
74167,200,179,21,21
74168,100,99,1,1
74169,114,108,6,6
74170,108,104,4,4
74171,73,70,3,3
74172,75,70,5,5
74173,72,71,1,1
74174,143,146,-3,3
74175,101,90,11,11
74176,66,69,-3,3
74177,164,142,22,22
74178,85,81,4,4
74179,88,85,3,3
74180,98,98,0,0
74181,54,93,-39,39
74182,95,94,1,1
74183,64,67,-3,3
74184,144,137,7,7
74185,105,100,5,5
74186,102,108,-6,6
74187,114,94,20,20
74188,54,60,-6,6
74189,112,99,13,13
74190,181,159,22,22
74191,110,99,11,11
74192,75,67,8,8
74193,51,61,-10,10
74194,98,91,7,7
74195,85,86,-1,1
74196,54,65,-11,11
74197,57,62,-5,5
74198,77,85,-8,8
74199,66,75,-9,9
74200,84,76,8,8
74201,102,103,-1,1
74202,124,122,2,2
74203,129,122,7,7
74204,195,184,11,11
74205,111,106,5,5
74206,109,117,-8,8
74207,68,66,2,2
74208,57,57,0,0
74209,76,85,-9,9
74210,99,93,6,6
74211,78,85,-7,7
74212,124,119,5,5
74213,83,76,7,7
74214,82,75,7,7
74215,73,67,6,6
74216,66,69,-3,3
74217,102,100,2,2
74218,107,111,-4,4
74219,101,95,6,6
74220,119,118,1,1
74221,120,126,-6,6
74222,69,71,-2,2
74223,80,94,-14,14
74224,113,108,5,5
74225,63,69,-6,6
74226,94,82,12,12
74227,146,143,3,3
74228,109,103,6,6
74229,117,104,13,13
74230,66,70,-4,4
74231,151,128,23,23
74232,60,56,4,4
74233,146,154,-8,8
74234,135,128,7,7
74235,90,80,10,10
74236,48,53,-5,5
74237,71,69,2,2
74238,155,148,7,7
74239,86,73,13,13
74240,111,120,-9,9
74241,96,90,6,6
74242,137,148,-11,11
74243,81,84,-3,3
74244,60,65,-5,5
74245,83,95,-12,12
74246,106,103,3,3
74247,67,70,-3,3
74248,52,52,0,0
74249,104,98,6,6
74250,73,80,-7,7
74251,87,88,-1,1
74252,148,144,4,4
74253,77,72,5,5
74254,92,89,3,3
74255,201,182,19,19
74256,50,50,0,0
74257,149,139,10,10
74258,150,127,23,23
74259,89,95,-6,6
74260,131,118,13,13
74261,73,67,6,6
74262,83,84,-1,1
74263,155,145,10,10
74264,80,57,23,23
74265,128,126,2,2
74266,59,55,4,4
74267,85,92,-7,7
74268,87,101,-14,14
74269,85,80,5,5
74270,72,69,3,3
74271,72,76,-4,4
74272,56,56,0,0
74273,127,120,7,7
74274,73,69,4,4
74275,94,79,15,15
74276,72,68,4,4
74277,48,44,4,4
74278,130,109,21,21
74279,103,87,16,16
74280,96,80,16,16
74281,140,141,-1,1
74282,63,68,-5,5
74283,61,57,4,4
74284,78,76,2,2
74285,75,67,8,8
74286,81,85,-4,4
74287,79,83,-4,4
74288,94,92,2,2
74289,117,110,7,7
74290,59,55,4,4
74291,84,80,4,4
74292,149,140,9,9
74293,109,110,-1,1
74294,46,54,-8,8
74295,131,114,17,17
74296,118,106,12,12
74297,83,88,-5,5
74298,68,82,-14,14
74299,70,83,-13,13
74300,49,54,-5,5
74301,73,69,4,4
74302,132,130,2,2
74303,93,83,10,10
74304,159,155,4,4
74305,107,106,1,1
74306,185,164,21,21
74307,143,135,8,8
74308,60,67,-7,7
74309,78,69,9,9
74310,106,108,-2,2
74311,98,82,16,16
74312,101,83,18,18
74313,39,57,-18,18
74314,104,103,1,1
74315,51,64,-13,13
74316,88,80,8,8
74317,83,80,3,3
74318,116,128,-12,12
74319,59,56,3,3
74320,88,84,4,4
74321,206,169,37,37
74322,147,120,27,27
74323,40,50,-10,10
74324,45,46,-1,1
74325,89,90,-1,1
74326,146,133,13,13
74327,76,79,-3,3
74328,92,71,21,21
74329,35,47,-12,12
74330,77,92,-15,15
74331,104,107,-3,3
74332,97,86,11,11
74333,135,124,11,11
74334,63,58,5,5
74335,54,55,-1,1
74336,117,117,0,0
74337,79,74,5,5
74338,64,67,-3,3
74339,63,64,-1,1
74340,63,64,-1,1
74341,80,79,1,1
74342,136,129,7,7
74343,106,91,15,15
74344,76,72,4,4
74345,80,79,1,1
74346,126,116,10,10
74347,96,88,8,8
74348,56,52,4,4
74349,124,123,1,1
74350,137,130,7,7
74351,63,68,-5,5
74352,59,63,-4,4
74353,102,96,6,6
74354,41,38,3,3
74355,84,85,-1,1
74356,99,99,0,0
74357,108,111,-3,3
74358,125,123,2,2
74359,115,107,8,8
74360,84,81,3,3
74361,100,105,-5,5
74362,128,125,3,3
74363,60,61,-1,1
74364,77,79,-2,2
74365,63,59,4,4
74366,90,100,-10,10
74367,64,75,-11,11
74368,61,49,12,12
74369,99,101,-2,2
74370,97,98,-1,1
74371,65,57,8,8
74372,99,100,-1,1
74373,181,163,18,18
74374,83,88,-5,5
74375,102,96,6,6
74376,136,141,-5,5
74377,56,52,4,4
74378,132,122,10,10
74379,76,77,-1,1
74380,101,92,9,9
74381,110,91,19,19
74382,51,50,1,1
74383,60,68,-8,8
74384,127,124,3,3
74385,81,103,-22,22
74386,59,60,-1,1
74387,82,79,3,3
74388,103,96,7,7
74389,99,91,8,8
74390,50,44,6,6
74391,85,96,-11,11
74392,67,63,4,4
74393,125,113,12,12
74394,93,87,6,6
74395,116,108,8,8
74396,68,75,-7,7
74397,77,77,0,0
74398,95,95,0,0
74399,59,66,-7,7
74400,111,97,14,14
74401,79,81,-2,2
74402,84,87,-3,3
74403,89,93,-4,4
74404,164,153,11,11
74405,72,69,3,3
74406,78,80,-2,2
74407,149,149,0,0
74408,95,77,18,18
74409,85,75,10,10
74410,96,94,2,2
74411,72,64,8,8
74412,112,96,16,16
74413,77,72,5,5
74414,40,44,-4,4
74415,110,106,4,4
74416,59,69,-10,10
74417,107,100,7,7
74418,66,74,-8,8
74419,87,83,4,4
74420,72,72,0,0
74421,85,91,-6,6
74422,49,50,-1,1
74423,72,76,-4,4
74424,156,152,4,4
74425,75,57,18,18
74426,83,72,11,11
74427,107,105,2,2
74428,97,86,11,11
74429,108,100,8,8
74430,89,79,10,10
74431,103,113,-10,10
74432,133,126,7,7
74433,56,52,4,4
74434,77,77,0,0
74435,88,87,1,1
74436,106,106,0,0
74437,134,132,2,2
74438,81,85,-4,4
74439,126,121,5,5
74440,69,69,0,0
74441,120,158,-38,38
74442,121,107,14,14
74443,62,61,1,1
74444,85,81,4,4
74445,93,88,5,5
74446,111,106,5,5
74447,99,114,-15,15
74448,50,53,-3,3
74449,98,106,-8,8
74450,83,71,12,12
74451,94,98,-4,4
74452,144,138,6,6
74453,49,50,-1,1
74454,46,43,3,3
74455,87,90,-3,3
74456,80,83,-3,3
74457,150,123,27,27
74458,67,74,-7,7
74459,39,37,2,2
74460,82,76,6,6
74461,76,71,5,5
74462,56,55,1,1
74463,33,45,-12,12
74464,95,89,6,6
74465,67,56,11,11
74466,87,90,-3,3
74467,101,91,10,10
74468,62,64,-2,2
74469,62,71,-9,9
74470,93,82,11,11
74471,71,60,11,11
74472,79,79,0,0
74473,86,78,8,8
74474,70,74,-4,4
74475,117,108,9,9
74476,51,72,-21,21
74477,168,153,15,15
74478,120,104,16,16
74479,99,89,10,10
74480,73,78,-5,5
74481,120,116,4,4
74482,136,124,12,12
74483,57,67,-10,10
74484,89,80,9,9
74485,89,91,-2,2
74486,81,86,-5,5
74487,72,60,12,12
74488,104,99,5,5
74489,141,127,14,14
74490,79,78,1,1
74491,167,154,13,13
74492,86,81,5,5
74493,138,117,21,21
74494,66,65,1,1
74495,59,55,4,4
74496,110,118,-8,8
74497,82,75,7,7
74498,92,91,1,1
74499,62,62,0,0
74500,82,71,11,11
74501,62,68,-6,6
74502,94,84,10,10
74503,135,150,-15,15
74504,227,232,-5,5
74505,85,81,4,4
74506,74,84,-10,10
74507,106,137,-31,31
74508,52,53,-1,1
74509,96,106,-10,10
74510,97,95,2,2
74511,143,138,5,5
74512,84,67,17,17
74513,77,69,8,8
74514,49,49,0,0
74515,116,109,7,7
74516,67,90,-23,23
74517,74,80,-6,6
74518,83,79,4,4
74519,77,73,4,4
74520,113,107,6,6
74521,125,112,13,13
74522,59,59,0,0
74523,62,66,-4,4
74524,148,139,9,9
74525,56,67,-11,11
74526,85,94,-9,9
74527,158,137,21,21
74528,79,84,-5,5
74529,87,78,9,9
74530,115,140,-25,25
74531,62,60,2,2
74532,78,77,1,1
74533,107,94,13,13
74534,129,122,7,7
74535,109,98,11,11
74536,46,50,-4,4
74537,73,67,6,6
74538,47,44,3,3
74539,57,60,-3,3
74540,136,135,1,1
74541,74,70,4,4
74542,73,69,4,4
74543,117,110,7,7
74544,64,55,9,9
74545,65,72,-7,7
74546,61,64,-3,3
74547,40,49,-9,9
74548,84,77,7,7
74549,96,98,-2,2
74550,108,94,14,14
74551,148,144,4,4
74552,111,106,5,5
74553,131,129,2,2
74554,55,64,-9,9
74555,132,120,12,12
74556,156,119,37,37
74557,68,65,3,3
74558,109,97,12,12
74559,65,63,2,2
74560,78,70,8,8
74561,136,123,13,13
74562,190,187,3,3
74563,157,152,5,5
74564,110,109,1,1
74565,50,54,-4,4
74566,123,127,-4,4
74567,127,123,4,4
74568,88,86,2,2
74569,116,110,6,6
74570,85,90,-5,5
74571,116,104,12,12
74572,181,168,13,13
74573,87,90,-3,3
74574,135,132,3,3
74575,64,76,-12,12
74576,92,88,4,4
74577,59,59,0,0
74578,81,69,12,12
74579,71,68,3,3
74580,130,132,-2,2
74581,96,85,11,11
74582,86,77,9,9
74583,107,120,-13,13
74584,118,110,8,8
74585,93,92,1,1
74586,88,92,-4,4
74587,54,61,-7,7
74588,101,97,4,4
74589,58,60,-2,2
74590,109,98,11,11
74591,106,108,-2,2
74592,139,129,10,10
74593,50,55,-5,5
74594,168,162,6,6
74595,115,120,-5,5
74596,70,74,-4,4
74597,92,86,6,6
74598,133,122,11,11
74599,74,74,0,0
74600,159,155,4,4
74601,120,114,6,6
74602,84,99,-15,15
74603,103,104,-1,1
74604,183,149,34,34
74605,139,124,15,15
74606,86,87,-1,1
74607,82,83,-1,1
74608,61,71,-10,10
74609,123,96,27,27
74610,87,87,0,0
74611,135,127,8,8
74612,99,90,9,9
74613,74,69,5,5
74614,74,79,-5,5
74615,139,137,2,2
74616,85,82,3,3
74617,70,73,-3,3
74618,106,100,6,6
74619,123,118,5,5
74620,100,98,2,2
74621,61,61,0,0
74622,92,87,5,5
74623,132,132,0,0
74624,59,65,-6,6
74625,226,195,31,31
74626,84,74,10,10
74627,165,163,2,2
74628,83,87,-4,4
74629,115,107,8,8
74630,159,141,18,18
74631,93,84,9,9
74632,126,129,-3,3
74633,51,49,2,2
74634,118,110,8,8
74635,80,68,12,12
74636,161,139,22,22
74637,91,87,4,4
74638,83,81,2,2
74639,91,86,5,5
74640,234,203,31,31
74641,78,73,5,5
74642,101,92,9,9
74643,72,71,1,1
74644,92,72,20,20
74645,44,59,-15,15
74646,76,76,0,0
74647,106,98,8,8
74648,119,103,16,16
74649,111,92,19,19
74650,111,113,-2,2
74651,105,95,10,10
74652,62,65,-3,3
74653,113,115,-2,2
74654,94,97,-3,3
74655,155,139,16,16
74656,59,56,3,3
74657,86,96,-10,10
74658,61,53,8,8
74659,198,173,25,25
74660,83,82,1,1
74661,50,58,-8,8
74662,126,117,9,9
74663,95,86,9,9
74664,95,85,10,10
74665,24,33,-9,9
74666,90,92,-2,2
74667,47,47,0,0
74668,64,73,-9,9
74669,107,107,0,0
74670,94,83,11,11
74671,77,77,0,0
74672,111,121,-10,10
74673,107,106,1,1
74674,33,40,-7,7
74675,73,68,5,5
74676,63,67,-4,4
74677,90,91,-1,1
74678,89,165,-76,76
74679,79,73,6,6
74680,128,122,6,6
74681,91,91,0,0
74682,114,104,10,10
74683,103,93,10,10
74684,61,49,12,12
74685,122,128,-6,6
74686,114,107,7,7
74687,143,133,10,10
74688,75,75,0,0
74689,66,63,3,3
74690,90,90,0,0
74691,108,94,14,14
74692,74,76,-2,2
74693,137,131,6,6
74694,121,104,17,17
74695,85,100,-15,15
74696,47,49,-2,2
74697,51,61,-10,10
74698,79,75,4,4
74699,80,75,5,5
74700,111,106,5,5
74701,126,129,-3,3
74702,37,43,-6,6
74703,87,83,4,4
74704,102,99,3,3
74705,73,72,1,1
74706,81,91,-10,10
74707,85,73,12,12
74708,127,116,11,11
74709,127,108,19,19
74710,93,103,-10,10
74711,122,120,2,2
74712,175,148,27,27
74713,96,94,2,2
74714,88,78,10,10
74715,162,133,29,29
74716,124,133,-9,9
74717,42,42,0,0
74718,90,87,3,3
74719,91,86,5,5
74720,129,123,6,6
74721,53,56,-3,3
74722,75,75,0,0
74723,88,82,6,6
74724,70,67,3,3
74725,185,171,14,14
74726,105,98,7,7
74727,128,115,13,13
74728,103,94,9,9
74729,100,100,0,0
74730,71,72,-1,1
74731,157,135,22,22
74732,103,106,-3,3
74733,118,113,5,5
74734,140,165,-25,25
74735,102,100,2,2
74736,71,66,5,5
74737,143,142,1,1
74738,58,65,-7,7
74739,96,97,-1,1
74740,112,106,6,6
74741,85,82,3,3
74742,92,99,-7,7
74743,81,86,-5,5
74744,102,97,5,5
74745,43,63,-20,20
74746,87,82,5,5
74747,118,112,6,6
74748,85,76,9,9
74749,100,101,-1,1
74750,83,89,-6,6
74751,83,64,19,19
74752,89,84,5,5
74753,50,53,-3,3
74754,134,122,12,12
74755,65,55,10,10
74756,72,76,-4,4
74757,75,67,8,8
74758,78,78,0,0
74759,81,85,-4,4
74760,105,111,-6,6
74761,67,67,0,0
74762,136,69,67,67
74763,86,96,-10,10
74764,139,128,11,11
74765,78,71,7,7
74766,38,39,-1,1
74767,78,71,7,7
74768,59,54,5,5
74769,91,85,6,6
74770,152,142,10,10
74771,148,154,-6,6
74772,108,101,7,7
74773,77,70,7,7
74774,83,75,8,8
74775,89,81,8,8
74776,104,90,14,14
74777,117,118,-1,1
74778,151,142,9,9
74779,45,54,-9,9
74780,60,53,7,7
74781,125,122,3,3
74782,41,42,-1,1
74783,49,50,-1,1
74784,140,130,10,10
74785,90,89,1,1
74786,93,91,2,2
74787,100,84,16,16
74788,125,114,11,11
74789,114,113,1,1
74790,128,123,5,5
74791,60,64,-4,4
74792,191,174,17,17
74793,140,138,2,2
74794,82,95,-13,13
74795,76,67,9,9
74796,117,114,3,3
74797,83,86,-3,3
74798,82,78,4,4
74799,122,127,-5,5
74800,60,64,-4,4
74801,117,113,4,4
74802,96,87,9,9
74803,115,112,3,3
74804,134,127,7,7
74805,109,106,3,3
74806,91,78,13,13
74807,72,72,0,0
74808,96,86,10,10
74809,80,82,-2,2
74810,71,73,-2,2
74811,95,83,12,12
74812,101,99,2,2
74813,67,67,0,0
74814,87,93,-6,6
74815,89,87,2,2
74816,62,64,-2,2
74817,126,146,-20,20
74818,78,85,-7,7
74819,100,104,-4,4
74820,96,91,5,5
74821,100,96,4,4
74822,59,61,-2,2
74823,93,88,5,5
74824,120,115,5,5
74825,70,76,-6,6
74826,46,50,-4,4
74827,153,142,11,11
74828,91,87,4,4
74829,94,92,2,2
74830,74,83,-9,9
74831,87,74,13,13
74832,76,78,-2,2
74833,56,61,-5,5
74834,104,119,-15,15
74835,126,120,6,6
74836,115,110,5,5
74837,107,110,-3,3
74838,41,51,-10,10
74839,75,67,8,8
74840,76,81,-5,5
74841,75,77,-2,2
74842,50,53,-3,3
74843,118,116,2,2
74844,131,125,6,6
74845,92,134,-42,42
74846,113,105,8,8
74847,126,108,18,18
74848,65,72,-7,7
74849,128,120,8,8
74850,89,88,1,1
74851,100,88,12,12
74852,85,79,6,6
74853,166,147,19,19
74854,100,109,-9,9
74855,119,116,3,3
74856,72,64,8,8
74857,78,79,-1,1
74858,70,65,5,5
74859,84,80,4,4
74860,56,50,6,6
74861,18,25,-7,7
74862,75,78,-3,3
74863,107,112,-5,5
74864,86,80,6,6
74865,128,125,3,3
74866,99,100,-1,1
74867,69,73,-4,4
74868,130,117,13,13
74869,127,123,4,4
74870,188,173,15,15
74871,99,97,2,2
74872,83,80,3,3
74873,105,90,15,15
74874,56,59,-3,3
74875,84,80,4,4
74876,43,51,-8,8
74877,104,113,-9,9
74878,93,93,0,0
74879,111,115,-4,4
74880,106,117,-11,11
74881,77,70,7,7
74882,74,68,6,6
74883,138,133,5,5
74884,47,43,4,4
74885,158,147,11,11
74886,111,108,3,3
74887,84,86,-2,2
74888,129,128,1,1
74889,76,77,-1,1
74890,84,82,2,2
74891,67,68,-1,1
74892,61,53,8,8
74893,107,95,12,12
74894,79,67,12,12
74895,112,116,-4,4
74896,53,55,-2,2
74897,84,78,6,6
74898,46,46,0,0
74899,115,105,10,10
74900,48,46,2,2
74901,51,51,0,0
74902,73,86,-13,13
74903,81,97,-16,16
74904,53,54,-1,1
74905,144,133,11,11
74906,93,85,8,8
74907,63,74,-11,11
74908,47,45,2,2
74909,117,100,17,17
74910,172,121,51,51
74911,57,62,-5,5
74912,143,137,6,6
74913,108,110,-2,2
74914,140,128,12,12
74915,70,73,-3,3
74916,96,94,2,2
74917,107,105,2,2
74918,116,104,12,12
74919,120,116,4,4
74920,60,53,7,7
74921,77,83,-6,6
74922,112,111,1,1
74923,97,106,-9,9
74924,183,182,1,1
74925,95,90,5,5
74926,92,86,6,6
74927,76,88,-12,12
74928,99,96,3,3
74929,85,78,7,7
74930,76,78,-2,2
74931,93,91,2,2
74932,50,53,-3,3
74933,55,56,-1,1
74934,88,89,-1,1
74935,97,101,-4,4
74936,83,82,1,1
74937,54,48,6,6
74938,86,77,9,9
74939,77,85,-8,8
74940,282,331,-49,49
74941,136,122,14,14
74942,91,79,12,12
74943,150,158,-8,8
74944,66,69,-3,3
74945,71,78,-7,7
74946,87,82,5,5
74947,87,90,-3,3
74948,119,116,3,3
74949,148,133,15,15
74950,117,108,9,9
74951,85,84,1,1
74952,97,91,6,6
74953,49,58,-9,9
74954,103,106,-3,3
74955,38,38,0,0
74956,86,95,-9,9
74957,49,46,3,3
74958,103,95,8,8
74959,103,116,-13,13
74960,45,47,-2,2
74961,103,95,8,8
74962,83,77,6,6
74963,95,87,8,8
74964,60,69,-9,9
74965,102,99,3,3
74966,138,146,-8,8
74967,83,80,3,3
74968,95,95,0,0
74969,96,90,6,6
74970,150,146,4,4
74971,53,51,2,2
74972,133,113,20,20
74973,45,48,-3,3
74974,50,45,5,5
74975,35,82,-47,47
74976,103,92,11,11
74977,58,57,1,1
74978,72,74,-2,2
74979,100,103,-3,3
74980,95,88,7,7
74981,109,98,11,11
74982,57,66,-9,9
74983,68,84,-16,16
74984,89,83,6,6
74985,129,119,10,10
74986,118,110,8,8
74987,114,108,6,6
74988,112,104,8,8
74989,103,93,10,10
74990,95,91,4,4
74991,130,135,-5,5
74992,95,82,13,13
74993,129,122,7,7
74994,84,80,4,4
74995,103,105,-2,2
74996,146,141,5,5
74997,84,90,-6,6
74998,143,132,11,11
74999,84,84,0,0
75000,69,76,-7,7
75001,94,98,-4,4
75002,56,72,-16,16
75003,133,127,6,6
75004,49,63,-14,14
75005,58,53,5,5
75006,122,107,15,15
75007,117,111,6,6
75008,87,81,6,6
75009,113,112,1,1
75010,60,61,-1,1
75011,65,65,0,0
75012,103,96,7,7
75013,152,136,16,16
75014,121,117,4,4
75015,119,112,7,7
75016,47,51,-4,4
75017,113,100,13,13
75018,101,99,2,2
75019,73,81,-8,8
75020,88,94,-6,6
75021,156,137,19,19
75022,99,91,8,8
75023,86,88,-2,2
75024,101,99,2,2
75025,91,86,5,5
75026,59,64,-5,5
75027,72,72,0,0
75028,111,96,15,15
75029,108,103,5,5
75030,78,79,-1,1
75031,63,69,-6,6
75032,97,97,0,0
75033,76,76,0,0
75034,94,106,-12,12
75035,83,81,2,2
75036,72,70,2,2
75037,113,96,17,17
75038,126,116,10,10
75039,86,94,-8,8
75040,67,59,8,8
75041,149,139,10,10
75042,89,81,8,8
75043,115,107,8,8
75044,111,96,15,15
75045,135,138,-3,3
75046,54,57,-3,3
75047,123,123,0,0
75048,82,84,-2,2
75049,26,41,-15,15
75050,66,66,0,0
75051,117,106,11,11
75052,135,137,-2,2
75053,70,66,4,4
75054,59,56,3,3
75055,141,134,7,7
75056,64,57,7,7
75057,126,124,2,2
75058,97,93,4,4
75059,54,54,0,0
75060,99,94,5,5
75061,138,120,18,18
75062,130,131,-1,1
75063,111,90,21,21
75064,81,80,1,1
75065,97,90,7,7
75066,146,137,9,9
75067,92,85,7,7
75068,68,54,14,14
75069,70,71,-1,1
75070,79,71,8,8
75071,57,64,-7,7
75072,70,62,8,8
75073,52,56,-4,4
75074,82,90,-8,8
75075,72,74,-2,2
75076,86,80,6,6
75077,124,109,15,15
75078,71,69,2,2
75079,75,59,16,16
75080,111,97,14,14
75081,85,72,13,13
75082,77,75,2,2
75083,116,116,0,0
75084,121,125,-4,4
75085,63,58,5,5
75086,65,62,3,3
75087,92,89,3,3
75088,115,108,7,7
75089,62,58,4,4
75090,90,83,7,7
75091,50,51,-1,1
75092,81,86,-5,5
75093,33,39,-6,6
75094,141,131,10,10
75095,51,50,1,1
75096,32,40,-8,8
75097,89,101,-12,12
75098,117,112,5,5
75099,97,102,-5,5
75100,92,82,10,10
75101,71,69,2,2
75102,76,75,1,1
75103,42,65,-23,23
75104,84,92,-8,8
75105,87,93,-6,6
75106,153,138,15,15
75107,91,89,2,2
75108,59,81,-22,22
75109,69,66,3,3
75110,109,98,11,11
75111,115,103,12,12
75112,169,164,5,5
75113,67,69,-2,2
75114,96,94,2,2
75115,94,90,4,4
75116,173,141,32,32
75117,96,89,7,7
75118,127,101,26,26
75119,58,58,0,0
75120,69,67,2,2
75121,68,68,0,0
75122,141,134,7,7
75123,110,128,-18,18
75124,46,87,-41,41
75125,56,113,-57,57
75126,99,109,-10,10
75127,117,111,6,6
75128,53,54,-1,1
75129,92,86,6,6
75130,100,107,-7,7
75131,100,88,12,12
75132,92,97,-5,5
75133,67,62,5,5
75134,148,128,20,20
75135,122,117,5,5
75136,162,150,12,12
75137,86,85,1,1
75138,165,141,24,24
75139,106,95,11,11
75140,84,97,-13,13
75141,97,92,5,5
75142,61,56,5,5
75143,187,180,7,7
75144,153,157,-4,4
75145,57,63,-6,6
75146,101,98,3,3
75147,154,123,31,31
75148,108,101,7,7
75149,55,50,5,5
75150,113,95,18,18
75151,55,52,3,3
75152,101,86,15,15
75153,91,92,-1,1
75154,89,87,2,2
75155,96,87,9,9
75156,52,65,-13,13
75157,54,56,-2,2
75158,69,70,-1,1
75159,95,107,-12,12
75160,88,78,10,10
75161,126,121,5,5
75162,82,89,-7,7
75163,76,78,-2,2
75164,112,102,10,10
75165,117,108,9,9
75166,113,109,4,4
75167,97,87,10,10
75168,98,94,4,4
75169,83,79,4,4
75170,76,69,7,7
75171,80,71,9,9
75172,111,101,10,10
75173,135,125,10,10
75174,62,66,-4,4
75175,140,132,8,8
75176,68,68,0,0
75177,141,139,2,2
75178,53,61,-8,8
75179,140,136,4,4
75180,74,71,3,3
75181,70,69,1,1
75182,78,86,-8,8
75183,103,94,9,9
75184,97,94,3,3
75185,75,76,-1,1
75186,143,139,4,4
75187,163,151,12,12
75188,71,70,1,1
75189,58,57,1,1
75190,69,71,-2,2
75191,72,70,2,2
75192,158,152,6,6
75193,93,98,-5,5
75194,80,79,1,1
75195,142,131,11,11
75196,46,65,-19,19
75197,76,66,10,10
75198,129,161,-32,32
75199,82,79,3,3
75200,146,133,13,13
75201,93,89,4,4
75202,113,103,10,10
75203,142,143,-1,1
75204,72,70,2,2
75205,74,74,0,0
75206,88,101,-13,13
75207,105,112,-7,7
75208,110,114,-4,4
75209,83,80,3,3
75210,27,48,-21,21
75211,136,130,6,6
75212,81,79,2,2
75213,98,90,8,8
75214,120,115,5,5
75215,92,77,15,15
75216,145,134,11,11
75217,137,132,5,5
75218,103,106,-3,3
75219,121,131,-10,10
75220,54,69,-15,15
75221,112,106,6,6
75222,76,76,0,0
75223,89,83,6,6
75224,160,121,39,39
75225,28,43,-15,15
75226,76,68,8,8
75227,165,155,10,10
75228,100,89,11,11
75229,152,135,17,17
75230,82,79,3,3
75231,94,83,11,11
75232,60,61,-1,1
75233,125,121,4,4
75234,69,70,-1,1
75235,120,95,25,25
75236,91,85,6,6
75237,96,89,7,7
75238,45,49,-4,4
75239,56,61,-5,5
75240,76,72,4,4
75241,75,78,-3,3
75242,79,81,-2,2
75243,124,114,10,10
75244,106,92,14,14
75245,122,116,6,6
75246,51,58,-7,7
75247,69,69,0,0
75248,85,87,-2,2
75249,115,143,-28,28
75250,115,103,12,12
75251,115,105,10,10
75252,60,68,-8,8
75253,76,75,1,1
75254,32,42,-10,10
75255,79,78,1,1
75256,44,46,-2,2
75257,58,58,0,0
75258,130,124,6,6
75259,132,117,15,15
75260,79,77,2,2
75261,92,90,2,2
75262,144,140,4,4
75263,54,62,-8,8
75264,133,117,16,16
75265,64,72,-8,8
75266,92,90,2,2
75267,156,148,8,8
75268,58,55,3,3
75269,82,69,13,13
75270,86,84,2,2
75271,173,162,11,11
75272,94,88,6,6
75273,60,66,-6,6
75274,108,98,10,10
75275,126,116,10,10
75276,56,59,-3,3
75277,98,97,1,1
75278,92,79,13,13
75279,117,103,14,14
75280,52,49,3,3
75281,94,87,7,7
75282,78,75,3,3
75283,76,99,-23,23
75284,67,67,0,0
75285,124,124,0,0
75286,128,121,7,7
75287,73,66,7,7
75288,62,58,4,4
75289,100,104,-4,4
75290,130,126,4,4
75291,61,62,-1,1
75292,262,225,37,37
75293,60,56,4,4
75294,102,108,-6,6
75295,57,56,1,1
75296,97,102,-5,5
75297,84,86,-2,2
75298,61,84,-23,23
75299,135,123,12,12
75300,104,85,19,19
75301,79,78,1,1
75302,187,158,29,29
75303,62,58,4,4
75304,94,88,6,6
75305,94,103,-9,9
75306,94,85,9,9
75307,126,113,13,13
75308,126,109,17,17
75309,108,97,11,11
75310,60,51,9,9
75311,93,102,-9,9
75312,53,55,-2,2
75313,61,64,-3,3
75314,79,76,3,3
75315,74,70,4,4
75316,50,47,3,3
75317,75,60,15,15
75318,40,52,-12,12
75319,47,49,-2,2
75320,78,80,-2,2
75321,51,55,-4,4
75322,97,96,1,1
75323,54,49,5,5
75324,100,98,2,2
75325,91,84,7,7
75326,48,54,-6,6
75327,46,48,-2,2
75328,153,145,8,8
75329,123,116,7,7
75330,52,58,-6,6
75331,92,83,9,9
75332,71,79,-8,8
75333,141,125,16,16
75334,46,40,6,6
75335,72,73,-1,1
75336,84,79,5,5
75337,82,88,-6,6
75338,78,75,3,3
75339,77,67,10,10
75340,93,79,14,14
75341,47,49,-2,2
75342,67,66,1,1
75343,67,66,1,1
75344,113,100,13,13
75345,179,166,13,13
75346,95,93,2,2
75347,164,151,13,13
75348,45,46,-1,1
75349,127,115,12,12
75350,118,120,-2,2
75351,96,89,7,7
75352,57,53,4,4
75353,151,141,10,10
75354,69,85,-16,16
75355,79,76,3,3
75356,86,81,5,5
75357,186,173,13,13
75358,147,132,15,15
75359,109,110,-1,1
75360,97,85,12,12
75361,110,102,8,8
75362,69,68,1,1
75363,65,68,-3,3
75364,119,110,9,9
75365,58,64,-6,6
75366,77,72,5,5
75367,97,98,-1,1
75368,95,93,2,2
75369,123,124,-1,1
75370,107,125,-18,18
75371,117,108,9,9
75372,72,82,-10,10
75373,119,107,12,12
75374,103,96,7,7
75375,129,127,2,2
75376,83,74,9,9
75377,248,221,27,27
75378,93,82,11,11
75379,129,126,3,3
75380,68,77,-9,9
75381,117,112,5,5
75382,87,86,1,1
75383,118,107,11,11
75384,98,90,8,8
75385,103,104,-1,1
75386,69,69,0,0
75387,110,101,9,9
75388,125,115,10,10
75389,113,108,5,5
75390,112,102,10,10
75391,81,75,6,6
75392,86,88,-2,2
75393,148,134,14,14
75394,102,93,9,9
75395,31,40,-9,9
75396,64,68,-4,4
75397,114,113,1,1
75398,87,89,-2,2
75399,127,120,7,7
75400,91,95,-4,4
75401,74,68,6,6
75402,175,154,21,21
75403,223,172,51,51
75404,87,77,10,10
75405,67,65,2,2
75406,59,55,4,4
75407,104,86,18,18
75408,64,87,-23,23
75409,149,154,-5,5
75410,125,115,10,10
75411,45,49,-4,4
75412,93,94,-1,1
75413,86,86,0,0
75414,80,72,8,8
75415,73,57,16,16
75416,92,84,8,8
75417,120,133,-13,13
75418,126,115,11,11
75419,73,72,1,1
75420,54,57,-3,3
75421,65,68,-3,3
75422,100,96,4,4
75423,105,94,11,11
75424,85,78,7,7
75425,100,91,9,9
75426,81,84,-3,3
75427,67,66,1,1
75428,174,164,10,10
75429,132,123,9,9
75430,127,100,27,27
75431,96,100,-4,4
75432,73,69,4,4
75433,86,80,6,6
75434,73,72,1,1
75435,124,118,6,6
75436,75,68,7,7
75437,49,57,-8,8
75438,99,126,-27,27
75439,55,56,-1,1
75440,141,107,34,34
75441,62,65,-3,3
75442,75,72,3,3
75443,99,93,6,6
75444,97,89,8,8
75445,104,97,7,7
75446,96,85,11,11
75447,122,117,5,5
75448,101,84,17,17
75449,109,109,0,0
75450,111,106,5,5
75451,99,87,12,12
75452,77,82,-5,5
75453,118,119,-1,1
75454,89,85,4,4
75455,75,80,-5,5
75456,59,57,2,2
75457,57,63,-6,6
75458,99,89,10,10
75459,88,75,13,13
75460,106,94,12,12
75461,101,100,1,1
75462,131,121,10,10
75463,127,120,7,7
75464,65,59,6,6
75465,101,87,14,14
75466,140,129,11,11
75467,122,114,8,8
75468,80,81,-1,1
75469,128,130,-2,2
75470,85,86,-1,1
75471,111,109,2,2
75472,78,87,-9,9
75473,93,89,4,4
75474,42,45,-3,3
75475,66,51,15,15
75476,95,97,-2,2
75477,90,73,17,17
75478,100,104,-4,4
75479,82,79,3,3
75480,67,75,-8,8
75481,105,99,6,6
75482,110,97,13,13
75483,56,59,-3,3
75484,37,44,-7,7
75485,65,70,-5,5
75486,72,71,1,1
75487,106,104,2,2
75488,99,91,8,8
75489,104,99,5,5
75490,87,87,0,0
75491,76,83,-7,7
75492,53,44,9,9
75493,57,60,-3,3
75494,69,64,5,5
75495,83,77,6,6
75496,56,59,-3,3
75497,78,77,1,1
75498,95,100,-5,5
75499,78,78,0,0
75500,74,72,2,2
75501,82,101,-19,19
75502,95,88,7,7
75503,85,79,6,6
75504,63,69,-6,6
75505,124,121,3,3
75506,67,62,5,5
75507,112,108,4,4
75508,94,90,4,4
75509,69,66,3,3
75510,121,126,-5,5
75511,82,84,-2,2
75512,111,105,6,6
75513,126,123,3,3
75514,74,67,7,7
75515,81,75,6,6
75516,100,100,0,0
75517,148,133,15,15
75518,88,87,1,1
75519,70,69,1,1
75520,150,129,21,21
75521,88,80,8,8
75522,28,33,-5,5
75523,93,87,6,6
75524,96,102,-6,6
75525,90,86,4,4
75526,150,159,-9,9
75527,75,78,-3,3
75528,93,97,-4,4
75529,150,140,10,10
75530,123,95,28,28
75531,133,130,3,3
75532,69,84,-15,15
75533,167,135,32,32
75534,46,40,6,6
75535,92,93,-1,1
75536,54,56,-2,2
75537,154,136,18,18
75538,45,46,-1,1
75539,137,130,7,7
75540,115,105,10,10
75541,99,87,12,12
75542,93,85,8,8
75543,83,74,9,9
75544,115,100,15,15
75545,23,52,-29,29
75546,92,92,0,0
75547,85,86,-1,1
75548,80,72,8,8
75549,190,184,6,6
75550,95,87,8,8
75551,153,128,25,25
75552,83,85,-2,2
75553,51,52,-1,1
75554,85,82,3,3
75555,85,88,-3,3
75556,59,67,-8,8
75557,172,156,16,16
75558,53,56,-3,3
75559,128,111,17,17
75560,72,73,-1,1
75561,130,116,14,14
75562,54,57,-3,3
75563,145,114,31,31
75564,94,97,-3,3
75565,111,106,5,5
75566,35,49,-14,14
75567,74,77,-3,3
75568,85,87,-2,2
75569,129,117,12,12
75570,49,60,-11,11
75571,56,66,-10,10
75572,99,93,6,6
75573,79,96,-17,17
75574,129,120,9,9
75575,74,73,1,1
75576,78,83,-5,5
75577,70,73,-3,3
75578,157,168,-11,11
75579,98,95,3,3
75580,66,70,-4,4
75581,75,77,-2,2
75582,76,70,6,6
75583,94,98,-4,4
75584,100,90,10,10
75585,50,50,0,0
75586,98,96,2,2
75587,96,94,2,2
75588,134,129,5,5
75589,108,93,15,15
75590,212,198,14,14
75591,138,134,4,4
75592,88,81,7,7
75593,12,30,-18,18
75594,66,65,1,1
75595,98,88,10,10
75596,110,101,9,9
75597,75,72,3,3
75598,146,142,4,4
75599,176,173,3,3
75600,91,81,10,10
75601,88,82,6,6
75602,51,51,0,0
75603,190,169,21,21
75604,128,122,6,6
75605,74,73,1,1
75606,83,85,-2,2
75607,64,66,-2,2
75608,127,123,4,4
75609,130,115,15,15
75610,95,84,11,11
75611,66,130,-64,64
75612,46,42,4,4
75613,79,79,0,0
75614,110,103,7,7
75615,116,109,7,7
75616,68,69,-1,1
75617,70,81,-11,11
75618,59,70,-11,11
75619,107,93,14,14
75620,77,86,-9,9
75621,97,116,-19,19
75622,160,147,13,13
75623,130,137,-7,7
75624,60,59,1,1
75625,104,96,8,8
75626,91,90,1,1
75627,89,97,-8,8
75628,49,56,-7,7
75629,155,148,7,7
75630,94,90,4,4
75631,146,140,6,6
75632,87,91,-4,4
75633,127,118,9,9
75634,79,83,-4,4
75635,93,91,2,2
75636,121,122,-1,1
75637,74,68,6,6
75638,113,109,4,4
75639,163,146,17,17
75640,122,104,18,18
75641,118,118,0,0
75642,56,57,-1,1
75643,129,116,13,13
75644,128,117,11,11
75645,159,142,17,17
75646,62,65,-3,3
75647,108,105,3,3
75648,72,67,5,5
75649,79,80,-1,1
75650,166,153,13,13
75651,62,70,-8,8
75652,144,140,4,4
75653,129,118,11,11
75654,72,70,2,2
75655,93,82,11,11
75656,86,96,-10,10
75657,126,119,7,7
75658,86,83,3,3
75659,87,87,0,0
75660,183,169,14,14
75661,68,64,4,4
75662,80,74,6,6
75663,63,70,-7,7
75664,61,67,-6,6
75665,103,100,3,3
75666,46,47,-1,1
75667,107,94,13,13
75668,127,121,6,6
75669,89,84,5,5
75670,104,101,3,3
75671,82,86,-4,4
75672,114,114,0,0
75673,82,77,5,5
75674,109,107,2,2
75675,105,99,6,6
75676,67,70,-3,3
75677,64,64,0,0
75678,109,102,7,7
75679,50,51,-1,1
75680,49,52,-3,3
75681,89,91,-2,2
75682,163,155,8,8
75683,64,71,-7,7
75684,180,161,19,19
75685,73,118,-45,45
75686,155,141,14,14
75687,106,104,2,2
75688,102,92,10,10
75689,142,135,7,7
75690,62,64,-2,2
75691,93,89,4,4
75692,125,101,24,24
75693,71,69,2,2
75694,62,69,-7,7
75695,129,117,12,12
75696,109,117,-8,8
75697,174,159,15,15
75698,103,104,-1,1
75699,124,107,17,17
75700,74,77,-3,3
75701,96,88,8,8
75702,112,105,7,7
75703,78,79,-1,1
75704,59,59,0,0
75705,54,57,-3,3
75706,86,79,7,7
75707,99,109,-10,10
75708,120,131,-11,11
75709,134,121,13,13
75710,141,127,14,14
75711,99,100,-1,1
75712,92,90,2,2
75713,121,114,7,7
75714,74,71,3,3
75715,101,86,15,15
75716,14,95,-81,81
75717,80,76,4,4
75718,88,80,8,8
75719,60,67,-7,7
75720,112,110,2,2
75721,153,129,24,24
75722,108,101,7,7
75723,98,97,1,1
75724,78,95,-17,17
75725,115,137,-22,22
75726,71,70,1,1
75727,129,124,5,5
75728,56,60,-4,4
75729,68,66,2,2
75730,80,80,0,0
75731,110,119,-9,9
75732,86,93,-7,7
75733,139,130,9,9
75734,125,118,7,7
75735,73,72,1,1
75736,122,111,11,11
75737,99,99,0,0
75738,78,73,5,5
75739,150,135,15,15
75740,112,88,24,24
75741,95,95,0,0
75742,85,79,6,6
75743,67,72,-5,5
75744,91,84,7,7
75745,110,97,13,13
75746,88,72,16,16
75747,115,123,-8,8
75748,78,76,2,2
75749,89,95,-6,6
75750,71,69,2,2
75751,65,59,6,6
75752,67,79,-12,12
75753,144,129,15,15
75754,98,97,1,1
75755,78,73,5,5
75756,130,130,0,0
75757,75,75,0,0
75758,83,76,7,7
75759,72,66,6,6
75760,106,98,8,8
75761,44,47,-3,3
75762,108,101,7,7
75763,80,68,12,12
75764,98,101,-3,3
75765,97,93,4,4
75766,124,130,-6,6
75767,96,84,12,12
75768,71,73,-2,2
75769,118,118,0,0
75770,115,104,11,11
75771,88,86,2,2
75772,104,99,5,5
75773,75,69,6,6
75774,115,105,10,10
75775,94,83,11,11
75776,97,95,2,2
75777,71,66,5,5
75778,73,81,-8,8
75779,64,68,-4,4
75780,61,67,-6,6
75781,46,48,-2,2
75782,81,75,6,6
75783,56,60,-4,4
75784,99,96,3,3
75785,131,137,-6,6
75786,75,84,-9,9
75787,74,69,5,5
75788,111,106,5,5
75789,136,126,10,10
75790,81,76,5,5
75791,50,54,-4,4
75792,95,90,5,5
75793,108,117,-9,9
75794,62,102,-40,40
75795,78,77,1,1
75796,92,83,9,9
75797,42,43,-1,1
75798,102,106,-4,4
75799,104,105,-1,1
75800,55,64,-9,9
75801,69,74,-5,5
75802,90,88,2,2
75803,63,70,-7,7
75804,101,101,0,0
75805,43,45,-2,2
75806,69,75,-6,6
75807,109,103,6,6
75808,142,140,2,2
75809,140,130,10,10
75810,67,67,0,0
75811,62,64,-2,2
75812,114,100,14,14
75813,107,102,5,5
75814,85,94,-9,9
75815,167,157,10,10
75816,163,161,2,2
75817,85,86,-1,1
75818,73,79,-6,6
75819,109,98,11,11
75820,61,66,-5,5
75821,77,79,-2,2
75822,207,174,33,33
75823,99,94,5,5
75824,182,161,21,21
75825,99,93,6,6
75826,83,84,-1,1
75827,75,76,-1,1
75828,139,132,7,7
75829,47,43,4,4
75830,65,80,-15,15
75831,143,115,28,28
75832,73,75,-2,2
75833,79,80,-1,1
75834,85,78,7,7
75835,88,91,-3,3
75836,141,129,12,12
75837,71,90,-19,19
75838,96,86,10,10
75839,153,140,13,13
75840,133,116,17,17
75841,80,83,-3,3
75842,171,171,0,0
75843,125,126,-1,1
75844,91,85,6,6
75845,61,61,0,0
75846,131,115,16,16
75847,136,110,26,26
75848,58,55,3,3
75849,93,86,7,7
75850,88,84,4,4
75851,68,68,0,0
75852,129,125,4,4
75853,127,109,18,18
75854,98,138,-40,40
75855,87,85,2,2
75856,84,82,2,2
75857,51,79,-28,28
75858,72,70,2,2
75859,144,134,10,10
75860,96,94,2,2
75861,61,55,6,6
75862,86,81,5,5
75863,78,73,5,5
75864,51,63,-12,12
75865,151,139,12,12
75866,109,98,11,11
75867,108,112,-4,4
75868,80,74,6,6
75869,67,56,11,11
75870,125,136,-11,11
75871,75,67,8,8
75872,176,168,8,8
75873,105,104,1,1
75874,82,88,-6,6
75875,146,141,5,5
75876,49,83,-34,34
75877,68,84,-16,16
75878,119,116,3,3
75879,40,43,-3,3
75880,118,115,3,3
75881,65,63,2,2
75882,92,99,-7,7
75883,69,64,5,5
75884,110,101,9,9
75885,94,87,7,7
75886,152,171,-19,19
75887,118,113,5,5
75888,72,71,1,1
75889,141,128,13,13
75890,43,45,-2,2
75891,122,111,11,11
75892,73,70,3,3
75893,92,85,7,7
75894,101,111,-10,10
75895,66,70,-4,4
75896,70,65,5,5
75897,43,46,-3,3
75898,84,75,9,9
75899,83,95,-12,12
75900,71,67,4,4
75901,97,83,14,14
75902,116,110,6,6
75903,107,111,-4,4
75904,152,139,13,13
75905,130,143,-13,13
75906,49,45,4,4
75907,111,103,8,8
75908,124,107,17,17
75909,75,72,3,3
75910,112,126,-14,14
75911,111,110,1,1
75912,97,94,3,3
75913,47,39,8,8
75914,114,96,18,18
75915,107,110,-3,3
75916,93,91,2,2
75917,107,103,4,4
75918,114,107,7,7
75919,124,127,-3,3
75920,133,116,17,17
75921,64,60,4,4
75922,80,79,1,1
75923,155,137,18,18
75924,98,107,-9,9
75925,82,66,16,16
75926,50,55,-5,5
75927,64,58,6,6
75928,97,101,-4,4
75929,123,107,16,16
75930,46,53,-7,7
75931,78,70,8,8
75932,122,117,5,5
75933,181,160,21,21
75934,64,69,-5,5
75935,56,61,-5,5
75936,72,82,-10,10
75937,141,130,11,11
75938,126,116,10,10
75939,71,61,10,10
75940,81,68,13,13
75941,137,122,15,15
75942,91,89,2,2
75943,117,105,12,12
75944,160,153,7,7
75945,101,85,16,16
75946,55,64,-9,9
75947,104,104,0,0
75948,72,72,0,0
75949,165,154,11,11
75950,74,68,6,6
75951,72,71,1,1
75952,138,116,22,22
75953,87,89,-2,2
75954,66,65,1,1
75955,78,79,-1,1
75956,80,74,6,6
75957,111,109,2,2
75958,132,125,7,7
75959,70,72,-2,2
75960,96,90,6,6
75961,127,123,4,4
75962,121,115,6,6
75963,57,53,4,4
75964,203,187,16,16
75965,94,91,3,3
75966,81,91,-10,10
75967,52,51,1,1
75968,150,133,17,17
75969,83,107,-24,24
75970,99,85,14,14
75971,64,64,0,0
75972,79,79,0,0
75973,81,82,-1,1
75974,47,50,-3,3
75975,54,55,-1,1
75976,152,136,16,16
75977,44,48,-4,4
75978,87,85,2,2
75979,161,149,12,12
75980,83,82,1,1
75981,75,76,-1,1
75982,111,114,-3,3
75983,60,56,4,4
75984,98,87,11,11
75985,74,79,-5,5
75986,81,74,7,7
75987,113,110,3,3
75988,110,99,11,11
75989,84,86,-2,2
75990,57,55,2,2
75991,70,70,0,0
75992,175,155,20,20
75993,95,96,-1,1
75994,94,91,3,3
75995,107,100,7,7
75996,75,73,2,2
75997,85,88,-3,3
75998,162,136,26,26
75999,93,88,5,5
76000,73,77,-4,4
76001,86,85,1,1
76002,179,167,12,12
76003,202,189,13,13
76004,98,98,0,0
76005,85,88,-3,3
76006,37,45,-8,8
76007,121,110,11,11
76008,128,113,15,15
76009,87,91,-4,4
76010,141,136,5,5
76011,70,58,12,12
76012,151,154,-3,3
76013,116,114,2,2
76014,81,73,8,8
76015,81,74,7,7
76016,89,87,2,2
76017,124,103,21,21
76018,94,93,1,1
76019,56,66,-10,10
76020,151,138,13,13
76021,157,146,11,11
76022,70,71,-1,1
76023,154,143,11,11
76024,130,122,8,8
76025,121,110,11,11
76026,119,119,0,0
76027,94,94,0,0
76028,62,68,-6,6
76029,99,88,11,11
76030,82,73,9,9
76031,145,141,4,4
76032,107,116,-9,9
76033,107,107,0,0
76034,128,112,16,16
76035,52,52,0,0
76036,103,97,6,6
76037,70,71,-1,1
76038,161,156,5,5
76039,74,75,-1,1
76040,70,64,6,6
76041,114,102,12,12
76042,150,145,5,5
76043,105,115,-10,10
76044,119,123,-4,4
76045,71,76,-5,5
76046,102,93,9,9
76047,43,49,-6,6
76048,84,82,2,2
76049,70,77,-7,7
76050,82,80,2,2
76051,74,63,11,11
76052,98,93,5,5
76053,55,59,-4,4
76054,110,107,3,3
76055,145,148,-3,3
76056,80,78,2,2
76057,137,121,16,16
76058,77,87,-10,10
76059,80,72,8,8
76060,73,67,6,6
76061,83,74,9,9
76062,100,87,13,13
76063,85,81,4,4
76064,101,99,2,2
76065,79,80,-1,1
76066,89,97,-8,8
76067,60,65,-5,5
76068,112,91,21,21
76069,173,162,11,11
76070,60,57,3,3
76071,41,45,-4,4
76072,57,63,-6,6
76073,88,89,-1,1
76074,101,90,11,11
76075,82,70,12,12
76076,100,94,6,6
76077,85,86,-1,1
76078,117,97,20,20
76079,83,83,0,0
76080,162,139,23,23
76081,59,57,2,2
76082,127,116,11,11
76083,170,149,21,21
76084,114,102,12,12
76085,111,104,7,7
76086,44,47,-3,3
76087,91,92,-1,1
76088,76,82,-6,6
76089,64,70,-6,6
76090,67,64,3,3
76091,135,125,10,10
76092,75,74,1,1
76093,110,102,8,8
76094,84,76,8,8
76095,77,72,5,5
76096,97,94,3,3
76097,85,88,-3,3
76098,61,55,6,6
76099,86,84,2,2
76100,75,72,3,3
76101,83,107,-24,24
76102,168,158,10,10
76103,97,97,0,0
76104,64,66,-2,2
76105,126,113,13,13
76106,85,86,-1,1
76107,111,107,4,4
76108,87,80,7,7
76109,101,110,-9,9
76110,162,111,51,51
76111,143,141,2,2
76112,123,110,13,13
76113,82,75,7,7
76114,101,96,5,5
76115,92,99,-7,7
76116,87,95,-8,8
76117,93,82,11,11
76118,100,104,-4,4
76119,92,84,8,8
76120,85,77,8,8
76121,49,47,2,2
76122,79,89,-10,10
76123,58,57,1,1
76124,85,90,-5,5
76125,61,61,0,0
76126,140,134,6,6
76127,127,128,-1,1
76128,152,143,9,9
76129,67,64,3,3
76130,64,64,0,0
76131,136,128,8,8
76132,74,69,5,5
76133,100,89,11,11
76134,158,137,21,21
76135,80,83,-3,3
76136,88,84,4,4
76137,110,114,-4,4
76138,74,66,8,8
76139,116,118,-2,2
76140,82,78,4,4
76141,117,107,10,10
76142,81,79,2,2
76143,74,73,1,1
76144,104,102,2,2
76145,147,129,18,18
76146,82,76,6,6
76147,50,48,2,2
76148,180,167,13,13
76149,182,179,3,3
76150,63,74,-11,11
76151,190,161,29,29
76152,122,134,-12,12
76153,99,91,8,8
76154,66,67,-1,1
76155,53,68,-15,15
76156,63,65,-2,2
76157,125,132,-7,7
76158,112,100,12,12
76159,85,84,1,1
76160,56,59,-3,3
76161,85,79,6,6
76162,70,76,-6,6
76163,83,87,-4,4
76164,135,130,5,5
76165,57,54,3,3
76166,84,80,4,4
76167,90,99,-9,9
76168,59,72,-13,13
76169,77,72,5,5
76170,64,59,5,5
76171,99,101,-2,2
76172,109,100,9,9
76173,97,98,-1,1
76174,92,84,8,8
76175,87,90,-3,3
76176,42,44,-2,2
76177,74,80,-6,6
76178,162,174,-12,12
76179,125,108,17,17
76180,178,175,3,3
76181,98,102,-4,4
76182,89,94,-5,5
76183,72,64,8,8
76184,78,74,4,4
76185,53,58,-5,5
76186,85,78,7,7
76187,122,115,7,7
76188,101,101,0,0
76189,81,79,2,2
76190,128,93,35,35
76191,98,98,0,0
76192,154,154,0,0
76193,122,123,-1,1
76194,63,60,3,3
76195,83,86,-3,3
76196,98,95,3,3
76197,70,74,-4,4
76198,89,101,-12,12
76199,111,117,-6,6
76200,44,54,-10,10
76201,48,52,-4,4
76202,104,99,5,5
76203,106,102,4,4
76204,148,125,23,23
76205,128,125,3,3
76206,118,109,9,9
76207,105,88,17,17
76208,141,141,0,0
76209,115,102,13,13
76210,161,151,10,10
76211,71,90,-19,19
76212,149,136,13,13
76213,77,74,3,3
76214,117,107,10,10
76215,119,111,8,8
76216,116,101,15,15
76217,88,80,8,8
76218,107,106,1,1
76219,72,82,-10,10
76220,137,148,-11,11
76221,122,121,1,1
76222,126,122,4,4
76223,50,57,-7,7
76224,119,102,17,17
76225,79,73,6,6
76226,124,122,2,2
76227,128,126,2,2
76228,132,114,18,18
76229,90,84,6,6
76230,95,92,3,3
76231,97,88,9,9
76232,63,66,-3,3
76233,109,101,8,8
76234,133,138,-5,5
76235,104,99,5,5
76236,35,75,-40,40
76237,72,71,1,1
76238,65,66,-1,1
76239,120,108,12,12
76240,135,154,-19,19
76241,130,115,15,15
76242,137,135,2,2
76243,81,76,5,5
76244,83,84,-1,1
76245,51,54,-3,3
76246,77,81,-4,4
76247,116,104,12,12
76248,72,76,-4,4
76249,97,100,-3,3
76250,78,71,7,7
76251,63,63,0,0
76252,130,130,0,0
76253,158,148,10,10
76254,75,78,-3,3
76255,76,75,1,1
76256,101,95,6,6
76257,44,51,-7,7
76258,74,71,3,3
76259,98,88,10,10
76260,134,138,-4,4
76261,104,96,8,8
76262,88,84,4,4
76263,179,160,19,19
76264,46,53,-7,7
76265,141,135,6,6
76266,91,80,11,11
76267,72,74,-2,2
76268,82,79,3,3
76269,73,71,2,2
76270,139,127,12,12
76271,124,118,6,6
76272,100,93,7,7
76273,98,91,7,7
76274,80,82,-2,2
76275,97,111,-14,14
76276,62,66,-4,4
76277,136,125,11,11
76278,93,86,7,7
76279,104,102,2,2
76280,158,149,9,9
76281,105,98,7,7
76282,82,66,16,16
76283,150,143,7,7
76284,161,140,21,21
76285,68,67,1,1
76286,97,96,1,1
76287,106,98,8,8
76288,75,72,3,3
76289,95,93,2,2
76290,84,80,4,4
76291,144,128,16,16
76292,115,113,2,2
76293,45,53,-8,8
76294,99,94,5,5
76295,91,86,5,5
76296,75,68,7,7
76297,134,116,18,18
76298,69,66,3,3
76299,74,69,5,5
76300,53,58,-5,5
76301,74,78,-4,4
76302,95,90,5,5
76303,54,59,-5,5
76304,96,89,7,7
76305,93,88,5,5
76306,108,103,5,5
76307,104,116,-12,12
76308,80,77,3,3
76309,87,75,12,12
76310,98,102,-4,4
76311,60,61,-1,1
76312,65,66,-1,1
76313,75,81,-6,6
76314,80,90,-10,10
76315,81,89,-8,8
76316,123,112,11,11
76317,89,96,-7,7
76318,142,133,9,9
76319,64,59,5,5
76320,100,100,0,0
76321,45,52,-7,7
76322,118,106,12,12
76323,73,74,-1,1
76324,74,71,3,3
76325,102,100,2,2
76326,66,76,-10,10
76327,120,121,-1,1
76328,57,55,2,2
76329,149,129,20,20
76330,131,130,1,1
76331,81,76,5,5
76332,61,65,-4,4
76333,89,89,0,0
76334,66,63,3,3
76335,64,64,0,0
76336,76,80,-4,4
76337,124,115,9,9
76338,48,59,-11,11
76339,68,66,2,2
76340,100,101,-1,1
76341,96,94,2,2
76342,50,46,4,4
76343,85,87,-2,2
76344,85,85,0,0
76345,61,66,-5,5
76346,91,77,14,14
76347,72,70,2,2
76348,129,113,16,16
76349,104,94,10,10
76350,54,66,-12,12
76351,53,53,0,0
76352,105,109,-4,4
76353,91,104,-13,13
76354,66,77,-11,11
76355,59,58,1,1
76356,118,113,5,5
76357,109,112,-3,3
76358,63,66,-3,3
76359,63,55,8,8
76360,68,66,2,2
76361,166,170,-4,4
76362,84,75,9,9
76363,66,65,1,1
76364,100,104,-4,4
76365,104,95,9,9
76366,65,64,1,1
76367,57,58,-1,1
76368,99,91,8,8
76369,96,111,-15,15
76370,71,67,4,4
76371,57,63,-6,6
76372,105,109,-4,4
76373,88,78,10,10
76374,54,55,-1,1
76375,181,161,20,20
76376,100,96,4,4
76377,103,97,6,6
76378,138,122,16,16
76379,65,67,-2,2
76380,71,75,-4,4
76381,70,68,2,2
76382,72,69,3,3
76383,66,60,6,6
76384,79,77,2,2
76385,169,159,10,10
76386,129,115,14,14
76387,129,102,27,27
76388,63,64,-1,1
76389,92,86,6,6
76390,109,109,0,0
76391,58,62,-4,4
76392,108,98,10,10
76393,107,93,14,14
76394,162,149,13,13
76395,57,58,-1,1
76396,109,113,-4,4
76397,86,85,1,1
76398,91,84,7,7
76399,89,79,10,10
76400,93,94,-1,1
76401,70,65,5,5
76402,73,72,1,1
76403,71,69,2,2
76404,59,51,8,8
76405,166,155,11,11
76406,71,63,8,8
76407,71,61,10,10
76408,132,112,20,20
76409,103,107,-4,4
76410,114,100,14,14
76411,103,106,-3,3
76412,98,92,6,6
76413,92,82,10,10
76414,102,106,-4,4
76415,113,114,-1,1
76416,130,148,-18,18
76417,56,63,-7,7
76418,127,117,10,10
76419,53,67,-14,14
76420,129,121,8,8
76421,93,89,4,4
76422,133,117,16,16
76423,93,90,3,3
76424,92,90,2,2
76425,45,54,-9,9
76426,96,83,13,13
76427,104,124,-20,20
76428,65,61,4,4
76429,114,107,7,7
76430,52,51,1,1
76431,80,81,-1,1
76432,135,129,6,6
76433,78,92,-14,14
76434,69,67,2,2
76435,61,68,-7,7
76436,75,69,6,6
76437,131,127,4,4
76438,108,113,-5,5
76439,96,91,5,5
76440,178,156,22,22
76441,171,170,1,1
76442,81,75,6,6
76443,91,82,9,9
76444,69,73,-4,4
76445,146,133,13,13
76446,111,95,16,16
76447,65,65,0,0
76448,86,81,5,5
76449,79,89,-10,10
76450,108,93,15,15
76451,94,90,4,4
76452,107,104,3,3
76453,100,93,7,7
76454,121,107,14,14
76455,144,151,-7,7
76456,66,67,-1,1
76457,40,43,-3,3
76458,99,99,0,0
76459,32,45,-13,13
76460,69,65,4,4
76461,145,139,6,6
76462,76,79,-3,3
76463,85,80,5,5
76464,53,55,-2,2
76465,27,40,-13,13
76466,55,68,-13,13
76467,41,40,1,1
76468,57,62,-5,5
76469,83,79,4,4
76470,77,72,5,5
76471,85,99,-14,14
76472,118,103,15,15
76473,55,58,-3,3
76474,62,58,4,4
76475,111,104,7,7
76476,108,103,5,5
76477,89,93,-4,4
76478,97,86,11,11
76479,94,99,-5,5
76480,61,64,-3,3
76481,82,87,-5,5
76482,83,83,0,0
76483,140,116,24,24
76484,152,128,24,24
76485,86,79,7,7
76486,33,37,-4,4
76487,88,83,5,5
76488,71,69,2,2
76489,97,109,-12,12
76490,81,82,-1,1
76491,129,119,10,10
76492,55,58,-3,3
76493,122,121,1,1
76494,103,108,-5,5
76495,98,89,9,9
76496,89,81,8,8
76497,87,80,7,7
76498,79,81,-2,2
76499,98,104,-6,6
76500,49,59,-10,10
76501,82,80,2,2
76502,120,115,5,5
76503,108,104,4,4
76504,169,149,20,20
76505,161,151,10,10
76506,134,132,2,2
76507,96,96,0,0
76508,56,54,2,2
76509,101,100,1,1
76510,86,89,-3,3
76511,82,82,0,0
76512,85,87,-2,2
76513,79,73,6,6
76514,78,80,-2,2
76515,105,93,12,12
76516,142,132,10,10
76517,65,76,-11,11
76518,57,65,-8,8
76519,81,80,1,1
76520,139,107,32,32
76521,84,79,5,5
76522,81,78,3,3
76523,154,130,24,24
76524,147,133,14,14
76525,153,137,16,16
76526,73,76,-3,3
76527,141,125,16,16
76528,43,51,-8,8
76529,101,96,5,5
76530,42,49,-7,7
76531,78,76,2,2
76532,97,107,-10,10
76533,65,67,-2,2
76534,58,61,-3,3
76535,79,87,-8,8
76536,95,90,5,5
76537,105,116,-11,11
76538,37,50,-13,13
76539,82,90,-8,8
76540,130,122,8,8
76541,99,102,-3,3
76542,125,102,23,23
76543,51,63,-12,12
76544,87,84,3,3
76545,147,146,1,1
76546,61,54,7,7
76547,122,118,4,4
76548,70,77,-7,7
76549,81,72,9,9
76550,93,87,6,6
76551,136,130,6,6
76552,61,63,-2,2
76553,75,81,-6,6
76554,118,100,18,18
76555,110,111,-1,1
76556,153,155,-2,2
76557,57,55,2,2
76558,128,111,17,17
76559,118,103,15,15
76560,81,86,-5,5
76561,82,78,4,4
76562,126,117,9,9
76563,110,105,5,5
76564,91,91,0,0
76565,106,83,23,23
76566,92,83,9,9
76567,74,79,-5,5
76568,119,113,6,6
76569,47,49,-2,2
76570,81,87,-6,6
76571,101,91,10,10
76572,91,86,5,5
76573,68,69,-1,1
76574,119,108,11,11
76575,90,84,6,6
76576,104,104,0,0
76577,80,83,-3,3
76578,84,89,-5,5
76579,132,115,17,17
76580,32,67,-35,35
76581,139,129,10,10
76582,85,78,7,7
76583,83,81,2,2
76584,55,54,1,1
76585,98,105,-7,7
76586,177,167,10,10
76587,81,83,-2,2
76588,90,96,-6,6
76589,133,117,16,16
76590,85,65,20,20
76591,58,53,5,5
76592,133,123,10,10
76593,81,78,3,3
76594,149,134,15,15
76595,107,102,5,5
76596,113,91,22,22
76597,108,96,12,12
76598,93,85,8,8
76599,100,88,12,12
76600,66,69,-3,3
76601,109,96,13,13
76602,77,85,-8,8
76603,208,174,34,34
76604,79,84,-5,5
76605,74,66,8,8
76606,74,68,6,6
76607,131,119,12,12
76608,127,109,18,18
76609,77,73,4,4
76610,100,75,25,25
76611,82,108,-26,26
76612,100,103,-3,3
76613,65,69,-4,4
76614,97,99,-2,2
76615,146,127,19,19
76616,99,81,18,18
76617,117,102,15,15
76618,71,71,0,0
76619,60,57,3,3
76620,75,75,0,0
76621,46,42,4,4
76622,121,102,19,19
76623,55,55,0,0
76624,119,117,2,2
76625,178,167,11,11
76626,131,122,9,9
76627,123,113,10,10
76628,99,96,3,3
76629,164,150,14,14
76630,69,69,0,0
76631,55,55,0,0
76632,148,145,3,3
76633,67,63,4,4
76634,138,133,5,5
76635,115,105,10,10
76636,134,123,11,11
76637,91,98,-7,7
76638,94,88,6,6
76639,114,105,9,9
76640,92,86,6,6
76641,98,98,0,0
76642,41,37,4,4
76643,49,56,-7,7
76644,59,67,-8,8
76645,90,85,5,5
76646,165,150,15,15
76647,53,55,-2,2
76648,67,69,-2,2
76649,77,71,6,6
76650,87,80,7,7
76651,65,64,1,1
76652,133,124,9,9
76653,98,93,5,5
76654,103,99,4,4
76655,85,80,5,5
76656,153,141,12,12
76657,85,72,13,13
76658,126,129,-3,3
76659,102,109,-7,7
76660,115,109,6,6
76661,78,81,-3,3
76662,152,153,-1,1
76663,72,70,2,2
76664,65,65,0,0
76665,71,70,1,1
76666,134,132,2,2
76667,104,103,1,1
76668,54,62,-8,8
76669,133,119,14,14
76670,99,82,17,17
76671,69,71,-2,2
76672,169,161,8,8
76673,94,96,-2,2
76674,106,105,1,1
76675,86,86,0,0
76676,107,100,7,7
76677,52,55,-3,3
76678,71,75,-4,4
76679,87,79,8,8
76680,155,156,-1,1
76681,58,63,-5,5
76682,144,129,15,15
76683,111,101,10,10
76684,90,87,3,3
76685,74,62,12,12
76686,100,87,13,13
76687,112,105,7,7
76688,117,114,3,3
76689,48,89,-41,41
76690,107,92,15,15
76691,144,133,11,11
76692,86,76,10,10
76693,101,93,8,8
76694,94,93,1,1
76695,129,111,18,18
76696,132,128,4,4
76697,61,65,-4,4
76698,103,106,-3,3
76699,104,94,10,10
76700,135,113,22,22
76701,76,78,-2,2
76702,112,110,2,2
76703,114,97,17,17
76704,69,62,7,7
76705,92,81,11,11
76706,80,81,-1,1
76707,139,125,14,14
76708,76,71,5,5
76709,71,64,7,7
76710,100,98,2,2
76711,106,93,13,13
76712,145,136,9,9
76713,76,85,-9,9
76714,92,99,-7,7
76715,49,46,3,3
76716,110,102,8,8
76717,92,91,1,1
76718,173,143,30,30
76719,98,95,3,3
76720,175,147,28,28
76721,75,84,-9,9
76722,103,87,16,16
76723,111,120,-9,9
76724,215,199,16,16
76725,131,121,10,10
76726,67,73,-6,6
76727,127,134,-7,7
76728,72,73,-1,1
76729,43,67,-24,24
76730,65,64,1,1
76731,69,66,3,3
76732,149,151,-2,2
76733,75,66,9,9
76734,81,81,0,0
76735,76,66,10,10
76736,53,63,-10,10
76737,79,86,-7,7
76738,152,133,19,19
76739,97,96,1,1
76740,48,49,-1,1
76741,107,105,2,2
76742,118,115,3,3
76743,78,75,3,3
76744,98,90,8,8
76745,121,110,11,11
76746,108,99,9,9
76747,59,54,5,5
76748,95,96,-1,1
76749,98,97,1,1
76750,71,69,2,2
76751,76,74,2,2
76752,100,105,-5,5
76753,70,70,0,0
76754,71,61,10,10
76755,94,75,19,19
76756,86,88,-2,2
76757,102,103,-1,1
76758,106,102,4,4
76759,74,83,-9,9
76760,49,55,-6,6
76761,103,93,10,10
76762,70,70,0,0
76763,168,164,4,4
76764,66,71,-5,5
76765,128,129,-1,1
76766,110,102,8,8
76767,82,72,10,10
76768,92,82,10,10
76769,187,176,11,11
76770,101,114,-13,13
76771,47,47,0,0
76772,72,70,2,2
76773,77,76,1,1
76774,30,37,-7,7
76775,124,120,4,4
76776,218,184,34,34
76777,110,110,0,0
76778,106,106,0,0
76779,133,117,16,16
76780,88,75,13,13
76781,58,57,1,1
76782,184,159,25,25
76783,152,129,23,23
76784,87,89,-2,2
76785,167,147,20,20
76786,93,96,-3,3
76787,130,106,24,24
76788,96,82,14,14
76789,119,120,-1,1
76790,81,78,3,3
76791,52,52,0,0
76792,66,60,6,6
76793,102,104,-2,2
76794,76,70,6,6
76795,117,101,16,16
76796,98,90,8,8
76797,81,81,0,0
76798,99,103,-4,4
76799,81,75,6,6
76800,64,69,-5,5
76801,139,135,4,4
76802,84,83,1,1
76803,68,67,1,1
76804,42,43,-1,1
76805,73,64,9,9
76806,158,113,45,45
76807,101,103,-2,2
76808,122,111,11,11
76809,76,83,-7,7
76810,129,151,-22,22
76811,99,86,13,13
76812,71,64,7,7
76813,80,75,5,5
76814,141,122,19,19
76815,48,45,3,3
76816,146,132,14,14
76817,83,85,-2,2
76818,102,97,5,5
76819,87,86,1,1
76820,83,75,8,8
76821,63,71,-8,8
76822,89,85,4,4
76823,142,128,14,14
76824,90,95,-5,5
76825,97,91,6,6
76826,130,124,6,6
76827,88,82,6,6
76828,146,144,2,2
76829,118,104,14,14
76830,124,118,6,6
76831,108,113,-5,5
76832,53,56,-3,3
76833,78,79,-1,1
76834,54,55,-1,1
76835,121,105,16,16
76836,105,113,-8,8
76837,47,60,-13,13
76838,58,57,1,1
76839,126,113,13,13
76840,165,142,23,23
76841,118,108,10,10
76842,54,56,-2,2
76843,98,92,6,6
76844,39,37,2,2
76845,88,92,-4,4
76846,85,88,-3,3
76847,92,99,-7,7
76848,101,99,2,2
76849,69,76,-7,7
76850,70,65,5,5
76851,57,90,-33,33
76852,89,86,3,3
76853,165,153,12,12
76854,88,87,1,1
76855,142,130,12,12
76856,109,110,-1,1
76857,105,100,5,5
76858,94,93,1,1
76859,124,118,6,6
76860,119,112,7,7
76861,41,47,-6,6
76862,102,96,6,6
76863,90,71,19,19
76864,126,124,2,2
76865,59,72,-13,13
76866,74,71,3,3
76867,104,106,-2,2
76868,101,95,6,6
76869,102,96,6,6
76870,123,119,4,4
76871,90,86,4,4
76872,85,78,7,7
76873,85,91,-6,6
76874,57,56,1,1
76875,73,74,-1,1
76876,73,75,-2,2
76877,106,113,-7,7
76878,47,45,2,2
76879,91,93,-2,2
76880,93,80,13,13
76881,63,67,-4,4
76882,80,77,3,3
76883,71,69,2,2
76884,92,85,7,7
76885,125,115,10,10
76886,82,92,-10,10
76887,97,99,-2,2
76888,59,51,8,8
76889,125,134,-9,9
76890,115,103,12,12
76891,103,97,6,6
76892,97,94,3,3
76893,89,88,1,1
76894,78,77,1,1
76895,159,142,17,17
76896,117,120,-3,3
76897,100,90,10,10
76898,104,103,1,1
76899,97,106,-9,9
76900,114,103,11,11
76901,118,120,-2,2
76902,99,82,17,17
76903,98,91,7,7
76904,114,109,5,5
76905,99,96,3,3
76906,95,90,5,5
76907,68,74,-6,6
76908,119,110,9,9
76909,125,111,14,14
76910,74,75,-1,1
76911,97,89,8,8
76912,101,96,5,5
76913,157,149,8,8
76914,141,128,13,13
76915,132,132,0,0
76916,104,102,2,2
76917,85,86,-1,1
76918,110,105,5,5
76919,91,97,-6,6
76920,53,51,2,2
76921,81,79,2,2
76922,78,78,0,0
76923,79,90,-11,11
76924,73,69,4,4
76925,81,81,0,0
76926,89,81,8,8
76927,78,76,2,2
76928,122,104,18,18
76929,64,68,-4,4
76930,52,52,0,0
76931,87,88,-1,1
76932,134,127,7,7
76933,104,91,13,13
76934,116,116,0,0
76935,102,103,-1,1
76936,160,124,36,36
76937,83,77,6,6
76938,159,160,-1,1
76939,130,131,-1,1
76940,92,86,6,6
76941,95,88,7,7
76942,179,181,-2,2
76943,132,107,25,25
76944,53,53,0,0
76945,100,99,1,1
76946,105,92,13,13
76947,77,78,-1,1
76948,115,109,6,6
76949,126,121,5,5
76950,91,92,-1,1
76951,79,80,-1,1
76952,40,45,-5,5
76953,128,119,9,9
76954,145,135,10,10
76955,153,140,13,13
76956,81,75,6,6
76957,113,117,-4,4
76958,138,118,20,20
76959,100,102,-2,2
76960,77,70,7,7
76961,71,74,-3,3
76962,110,107,3,3
76963,118,111,7,7
76964,137,134,3,3
76965,94,93,1,1
76966,65,65,0,0
76967,52,70,-18,18
76968,74,77,-3,3
76969,68,64,4,4
76970,101,101,0,0
76971,104,96,8,8
76972,138,126,12,12
76973,71,69,2,2
76974,140,120,20,20
76975,83,82,1,1
76976,91,89,2,2
76977,125,111,14,14
76978,77,82,-5,5
76979,63,56,7,7
76980,116,106,10,10
76981,102,100,2,2
76982,121,124,-3,3
76983,116,108,8,8
76984,181,171,10,10
76985,112,118,-6,6
76986,151,152,-1,1
76987,127,116,11,11
76988,87,83,4,4
76989,123,119,4,4
76990,74,84,-10,10
76991,161,151,10,10
76992,48,49,-1,1
76993,207,191,16,16
76994,124,121,3,3
76995,91,97,-6,6
76996,104,97,7,7
76997,118,120,-2,2
76998,112,105,7,7
76999,70,69,1,1
77000,76,69,7,7
77001,133,120,13,13
77002,79,71,8,8
77003,56,66,-10,10
77004,111,128,-17,17
77005,48,55,-7,7
77006,80,66,14,14
77007,144,131,13,13
77008,39,39,0,0
77009,91,92,-1,1
77010,97,91,6,6
77011,93,85,8,8
77012,142,127,15,15
77013,116,107,9,9
77014,86,85,1,1
77015,128,128,0,0
77016,101,108,-7,7
77017,53,61,-8,8
77018,153,140,13,13
77019,69,79,-10,10
77020,101,92,9,9
77021,146,138,8,8
77022,107,104,3,3
77023,86,85,1,1
77024,44,49,-5,5
77025,64,69,-5,5
77026,90,70,20,20
77027,69,71,-2,2
77028,78,91,-13,13
77029,141,131,10,10
77030,54,50,4,4
77031,61,54,7,7
77032,140,122,18,18
77033,158,128,30,30
77034,96,88,8,8
77035,159,148,11,11
77036,155,123,32,32
77037,152,135,17,17
77038,62,53,9,9
77039,84,75,9,9
77040,197,180,17,17
77041,123,115,8,8
77042,80,80,0,0
77043,25,36,-11,11
77044,140,140,0,0
77045,65,70,-5,5
77046,67,92,-25,25
77047,62,68,-6,6
77048,71,70,1,1
77049,138,132,6,6
77050,73,73,0,0
77051,84,87,-3,3
77052,227,195,32,32
77053,97,88,9,9
77054,47,48,-1,1
77055,74,74,0,0
77056,75,76,-1,1
77057,64,66,-2,2
77058,107,105,2,2
77059,60,55,5,5
77060,70,72,-2,2
77061,117,96,21,21
77062,110,113,-3,3
77063,118,113,5,5
77064,86,82,4,4
77065,61,70,-9,9
77066,72,70,2,2
77067,153,138,15,15
77068,92,92,0,0
77069,117,115,2,2
77070,79,77,2,2
77071,111,97,14,14
77072,48,49,-1,1
77073,71,65,6,6
77074,100,95,5,5
77075,90,81,9,9
77076,67,69,-2,2
77077,111,107,4,4
77078,68,66,2,2
77079,113,101,12,12
77080,78,88,-10,10
77081,94,90,4,4
77082,86,87,-1,1
77083,131,125,6,6
77084,142,123,19,19
77085,83,91,-8,8
77086,62,80,-18,18
77087,74,65,9,9
77088,143,133,10,10
77089,163,157,6,6
77090,78,72,6,6
77091,42,41,1,1
77092,69,71,-2,2
77093,68,69,-1,1
77094,132,121,11,11
77095,59,55,4,4
77096,107,101,6,6
77097,107,107,0,0
77098,49,48,1,1
77099,114,110,4,4
77100,87,82,5,5
77101,103,81,22,22
77102,122,107,15,15
77103,114,110,4,4
77104,172,154,18,18
77105,69,71,-2,2
77106,57,65,-8,8
77107,108,103,5,5
77108,80,95,-15,15
77109,70,72,-2,2
77110,126,122,4,4
77111,102,92,10,10
77112,45,49,-4,4
77113,72,69,3,3
77114,174,154,20,20
77115,101,104,-3,3
77116,53,52,1,1
77117,71,69,2,2
77118,157,162,-5,5
77119,139,126,13,13
77120,116,99,17,17
77121,86,76,10,10
77122,96,86,10,10
77123,107,106,1,1
77124,98,104,-6,6
77125,89,90,-1,1
77126,117,121,-4,4
77127,108,105,3,3
77128,54,53,1,1
77129,116,115,1,1
77130,111,107,4,4
77131,139,137,2,2
77132,74,71,3,3
77133,117,118,-1,1
77134,106,110,-4,4
77135,158,136,22,22
77136,97,96,1,1
77137,70,64,6,6
77138,106,106,0,0
77139,82,75,7,7
77140,141,120,21,21
77141,132,123,9,9
77142,114,102,12,12
77143,145,130,15,15
77144,56,57,-1,1
77145,109,94,15,15
77146,131,114,17,17
77147,154,117,37,37
77148,73,68,5,5
77149,63,70,-7,7
77150,134,146,-12,12
77151,91,81,10,10
77152,127,113,14,14
77153,42,44,-2,2
77154,101,102,-1,1
77155,52,49,3,3
77156,143,140,3,3
77157,92,85,7,7
77158,84,79,5,5
77159,101,111,-10,10
77160,117,114,3,3
77161,85,79,6,6
77162,52,57,-5,5
77163,74,64,10,10
77164,78,65,13,13
77165,64,64,0,0
77166,90,88,2,2
77167,59,69,-10,10
77168,53,64,-11,11
77169,94,96,-2,2
77170,77,76,1,1
77171,108,92,16,16
77172,138,126,12,12
77173,83,83,0,0
77174,150,129,21,21
77175,108,99,9,9
77176,64,66,-2,2
77177,101,111,-10,10
77178,92,84,8,8
77179,150,138,12,12
77180,133,127,6,6
77181,42,48,-6,6
77182,43,49,-6,6
77183,63,60,3,3
77184,82,83,-1,1
77185,56,49,7,7
77186,101,109,-8,8
77187,65,72,-7,7
77188,112,106,6,6
77189,50,51,-1,1
77190,130,118,12,12
77191,88,96,-8,8
77192,74,66,8,8
77193,129,129,0,0
77194,57,65,-8,8
77195,110,105,5,5
77196,99,98,1,1
77197,77,69,8,8
77198,117,109,8,8
77199,107,97,10,10
77200,62,57,5,5
77201,75,80,-5,5
77202,97,103,-6,6
77203,54,69,-15,15
77204,80,76,4,4
77205,84,79,5,5
77206,52,51,1,1
77207,106,103,3,3
77208,99,111,-12,12
77209,92,87,5,5
77210,53,55,-2,2
77211,135,129,6,6
77212,116,94,22,22
77213,96,99,-3,3
77214,116,108,8,8
77215,90,85,5,5
77216,187,152,35,35
77217,55,90,-35,35
77218,48,44,4,4
77219,77,79,-2,2
77220,74,75,-1,1
77221,97,104,-7,7
77222,159,150,9,9
77223,127,118,9,9
77224,83,82,1,1
77225,67,68,-1,1
77226,103,90,13,13
77227,68,60,8,8
77228,75,71,4,4
77229,88,87,1,1
77230,82,107,-25,25
77231,128,113,15,15
77232,177,158,19,19
77233,140,127,13,13
77234,108,87,21,21
77235,59,53,6,6
77236,97,96,1,1
77237,105,101,4,4
77238,59,58,1,1
77239,74,72,2,2
77240,63,58,5,5
77241,53,51,2,2
77242,67,69,-2,2
77243,88,84,4,4
77244,116,109,7,7
77245,141,135,6,6
77246,123,118,5,5
77247,111,107,4,4
77248,89,84,5,5
77249,112,99,13,13
77250,118,113,5,5
77251,51,55,-4,4
77252,165,137,28,28
77253,70,73,-3,3
77254,92,78,14,14
77255,156,128,28,28
77256,160,139,21,21
77257,64,66,-2,2
77258,137,133,4,4
77259,93,85,8,8
77260,124,120,4,4
77261,77,76,1,1
77262,128,122,6,6
77263,79,67,12,12
77264,61,72,-11,11
77265,112,100,12,12
77266,45,45,0,0
77267,67,63,4,4
77268,126,119,7,7
77269,92,86,6,6
77270,74,74,0,0
77271,67,76,-9,9
77272,105,96,9,9
77273,167,163,4,4
77274,131,124,7,7
77275,84,125,-41,41
77276,110,117,-7,7
77277,72,77,-5,5
77278,71,113,-42,42
77279,115,113,2,2
77280,159,149,10,10
77281,82,95,-13,13
77282,100,112,-12,12
77283,70,63,7,7
77284,104,101,3,3
77285,49,47,2,2
77286,104,102,2,2
77287,101,101,0,0
77288,66,72,-6,6
77289,87,87,0,0
77290,85,90,-5,5
77291,124,128,-4,4
77292,121,107,14,14
77293,97,87,10,10
77294,63,63,0,0
77295,93,93,0,0
77296,79,72,7,7
77297,49,49,0,0
77298,95,91,4,4
77299,76,81,-5,5
77300,133,128,5,5
77301,66,66,0,0
77302,85,88,-3,3
77303,228,250,-22,22
77304,124,126,-2,2
77305,90,82,8,8
77306,95,92,3,3
77307,54,60,-6,6
77308,82,87,-5,5
77309,155,135,20,20
77310,173,160,13,13
77311,171,153,18,18
77312,42,53,-11,11
77313,141,136,5,5
77314,92,84,8,8
77315,94,88,6,6
77316,82,86,-4,4
77317,132,120,12,12
77318,124,113,11,11
77319,94,87,7,7
77320,60,59,1,1
77321,58,65,-7,7
77322,102,106,-4,4
77323,112,105,7,7
77324,121,115,6,6
77325,133,135,-2,2
77326,54,69,-15,15
77327,105,106,-1,1
77328,82,84,-2,2
77329,104,93,11,11
77330,91,83,8,8
77331,103,106,-3,3
77332,96,101,-5,5
77333,147,156,-9,9
77334,95,94,1,1
77335,111,115,-4,4
77336,106,106,0,0
77337,59,58,1,1
77338,77,73,4,4
77339,97,82,15,15
77340,73,56,17,17
77341,105,97,8,8
77342,122,111,11,11
77343,55,64,-9,9
77344,108,104,4,4
77345,59,52,7,7
77346,124,121,3,3
77347,116,116,0,0
77348,100,90,10,10
77349,76,76,0,0
77350,102,91,11,11
77351,95,95,0,0
77352,138,126,12,12
77353,119,112,7,7
77354,78,80,-2,2
77355,108,107,1,1
77356,34,39,-5,5
77357,105,105,0,0
77358,120,108,12,12
77359,91,88,3,3
77360,103,111,-8,8
77361,75,73,2,2
77362,176,156,20,20
77363,85,78,7,7
77364,75,73,2,2
77365,103,102,1,1
77366,81,83,-2,2
77367,105,109,-4,4
77368,50,59,-9,9
77369,118,112,6,6
77370,163,151,12,12
77371,137,124,13,13
77372,167,158,9,9
77373,116,109,7,7
77374,52,56,-4,4
77375,115,105,10,10
77376,188,183,5,5
77377,187,167,20,20
77378,84,79,5,5
77379,124,116,8,8
77380,95,94,1,1
77381,79,87,-8,8
77382,72,65,7,7
77383,68,67,1,1
77384,116,109,7,7
77385,83,103,-20,20
77386,94,85,9,9
77387,63,65,-2,2
77388,200,193,7,7
77389,61,64,-3,3
77390,148,132,16,16
77391,56,56,0,0
77392,110,109,1,1
77393,94,97,-3,3
77394,59,70,-11,11
77395,76,69,7,7
77396,67,74,-7,7
77397,102,105,-3,3
77398,165,141,24,24
77399,79,78,1,1
77400,74,67,7,7
77401,136,122,14,14
77402,116,105,11,11
77403,95,99,-4,4
77404,112,109,3,3
77405,65,69,-4,4
77406,43,43,0,0
77407,92,87,5,5
77408,48,53,-5,5
77409,75,74,1,1
77410,118,116,2,2
77411,99,87,12,12
77412,101,94,7,7
77413,41,62,-21,21
77414,78,82,-4,4
77415,129,110,19,19
77416,109,112,-3,3
77417,81,76,5,5
77418,167,151,16,16
77419,55,80,-25,25
77420,202,172,30,30
77421,118,108,10,10
77422,122,121,1,1
77423,67,66,1,1
77424,67,66,1,1
77425,54,53,1,1
77426,54,61,-7,7
77427,89,90,-1,1
77428,107,100,7,7
77429,94,91,3,3
77430,72,66,6,6
77431,127,126,1,1
77432,84,94,-10,10
77433,64,65,-1,1
77434,96,95,1,1
77435,116,107,9,9
77436,127,120,7,7
77437,128,117,11,11
77438,118,126,-8,8
77439,62,65,-3,3
77440,73,66,7,7
77441,36,38,-2,2
77442,165,140,25,25
77443,100,101,-1,1
77444,65,69,-4,4
77445,75,77,-2,2
77446,75,86,-11,11
77447,97,101,-4,4
77448,93,101,-8,8
77449,57,63,-6,6
77450,59,55,4,4
77451,85,79,6,6
77452,99,110,-11,11
77453,87,86,1,1
77454,102,108,-6,6
77455,75,80,-5,5
77456,92,88,4,4
77457,79,85,-6,6
77458,50,57,-7,7
77459,48,55,-7,7
77460,217,182,35,35
77461,132,116,16,16
77462,101,97,4,4
77463,82,80,2,2
77464,116,116,0,0
77465,112,98,14,14
77466,66,76,-10,10
77467,81,84,-3,3
77468,56,57,-1,1
77469,97,85,12,12
77470,84,73,11,11
77471,37,43,-6,6
77472,74,71,3,3
77473,127,119,8,8
77474,54,53,1,1
77475,80,74,6,6
77476,57,51,6,6
77477,106,79,27,27
77478,91,88,3,3
77479,103,100,3,3
77480,114,98,16,16
77481,131,123,8,8
77482,85,80,5,5
77483,85,84,1,1
77484,93,93,0,0
77485,74,64,10,10
77486,88,87,1,1
77487,52,48,4,4
77488,41,39,2,2
77489,82,80,2,2
77490,112,105,7,7
77491,67,61,6,6
77492,69,79,-10,10
77493,150,136,14,14
77494,93,94,-1,1
77495,63,60,3,3
77496,95,83,12,12
77497,46,50,-4,4
77498,72,69,3,3
77499,77,78,-1,1
77500,87,87,0,0
77501,121,119,2,2
77502,149,133,16,16
77503,82,69,13,13
77504,57,53,4,4
77505,127,110,17,17
77506,103,92,11,11
77507,96,93,3,3
77508,82,77,5,5
77509,161,148,13,13
77510,133,124,9,9
77511,73,67,6,6
77512,71,61,10,10
77513,168,169,-1,1
77514,137,133,4,4
77515,72,69,3,3
77516,77,80,-3,3
77517,114,112,2,2
77518,115,111,4,4
77519,70,64,6,6
77520,78,82,-4,4
77521,118,119,-1,1
77522,88,83,5,5
77523,81,76,5,5
77524,118,118,0,0
77525,60,55,5,5
77526,98,98,0,0
77527,99,85,14,14
77528,55,55,0,0
77529,100,94,6,6
77530,75,76,-1,1
77531,77,70,7,7
77532,139,135,4,4
77533,99,88,11,11
77534,106,106,0,0
77535,92,95,-3,3
77536,87,86,1,1
77537,55,62,-7,7
77538,89,91,-2,2
77539,106,109,-3,3
77540,161,157,4,4
77541,72,74,-2,2
77542,119,103,16,16
77543,90,81,9,9
77544,110,105,5,5
77545,51,53,-2,2
77546,63,65,-2,2
77547,42,43,-1,1
77548,85,76,9,9
77549,144,132,12,12
77550,69,74,-5,5
77551,43,45,-2,2
77552,94,97,-3,3
77553,178,183,-5,5
77554,80,78,2,2
77555,65,67,-2,2
77556,62,63,-1,1
77557,62,58,4,4
77558,144,141,3,3
77559,102,96,6,6
77560,104,98,6,6
77561,45,52,-7,7
77562,57,56,1,1
77563,132,110,22,22
77564,105,95,10,10
77565,99,95,4,4
77566,60,67,-7,7
77567,72,74,-2,2
77568,122,120,2,2
77569,141,135,6,6
77570,94,87,7,7
77571,89,94,-5,5
77572,43,51,-8,8
77573,160,144,16,16
77574,84,71,13,13
77575,84,76,8,8
77576,90,93,-3,3
77577,68,69,-1,1
77578,189,175,14,14
77579,77,88,-11,11
77580,59,64,-5,5
77581,139,134,5,5
77582,98,93,5,5
77583,147,133,14,14
77584,158,130,28,28
77585,97,88,9,9
77586,109,109,0,0
77587,112,106,6,6
77588,74,72,2,2
77589,155,138,17,17
77590,75,72,3,3
77591,129,114,15,15
77592,189,180,9,9
77593,98,99,-1,1
77594,68,69,-1,1
77595,100,97,3,3
77596,136,119,17,17
77597,144,133,11,11
77598,123,122,1,1
77599,60,57,3,3
77600,131,121,10,10
77601,74,78,-4,4
77602,148,112,36,36
77603,112,102,10,10
77604,60,67,-7,7
77605,89,81,8,8
77606,83,87,-4,4
77607,100,91,9,9
77608,70,70,0,0
77609,119,124,-5,5
77610,52,58,-6,6
77611,72,72,0,0
77612,127,122,5,5
77613,82,82,0,0
77614,65,56,9,9
77615,75,66,9,9
77616,65,65,0,0
77617,80,94,-14,14
77618,95,117,-22,22
77619,74,78,-4,4
77620,107,101,6,6
77621,63,66,-3,3
77622,117,112,5,5
77623,83,68,15,15
77624,74,67,7,7
77625,56,51,5,5
77626,143,143,0,0
77627,61,69,-8,8
77628,92,92,0,0
77629,147,156,-9,9
77630,68,77,-9,9
77631,95,88,7,7
77632,80,83,-3,3
77633,129,116,13,13
77634,133,141,-8,8
77635,47,47,0,0
77636,65,55,10,10
77637,85,78,7,7
77638,100,91,9,9
77639,113,106,7,7
77640,104,96,8,8
77641,70,65,5,5
77642,16,25,-9,9
77643,102,95,7,7
77644,125,109,16,16
77645,83,81,2,2
77646,114,95,19,19
77647,150,143,7,7
77648,164,146,18,18
77649,97,93,4,4
77650,71,67,4,4
77651,78,76,2,2
77652,128,123,5,5
77653,111,99,12,12
77654,78,73,5,5
77655,83,79,4,4
77656,84,76,8,8
77657,81,82,-1,1
77658,103,109,-6,6
77659,91,93,-2,2
77660,79,77,2,2
77661,84,84,0,0
77662,143,117,26,26
77663,97,91,6,6
77664,85,82,3,3
77665,120,105,15,15
77666,88,97,-9,9
77667,114,97,17,17
77668,116,105,11,11
77669,72,80,-8,8
77670,101,93,8,8
77671,129,122,7,7
77672,119,106,13,13
77673,86,87,-1,1
77674,75,79,-4,4
77675,76,71,5,5
77676,84,74,10,10
77677,75,75,0,0
77678,124,115,9,9
77679,177,182,-5,5
77680,75,72,3,3
77681,117,114,3,3
77682,99,126,-27,27
77683,50,51,-1,1
77684,70,77,-7,7
77685,115,109,6,6
77686,60,61,-1,1
77687,96,89,7,7
77688,142,134,8,8
77689,87,79,8,8
77690,112,110,2,2
77691,116,99,17,17
77692,56,58,-2,2
77693,158,156,2,2
77694,188,176,12,12
77695,181,162,19,19
77696,104,87,17,17
77697,159,149,10,10
77698,122,127,-5,5
77699,69,73,-4,4
77700,105,97,8,8
77701,84,87,-3,3
77702,80,80,0,0
77703,62,57,5,5
77704,75,70,5,5
77705,72,77,-5,5
77706,86,81,5,5
77707,99,107,-8,8
77708,59,60,-1,1
77709,104,93,11,11
77710,78,76,2,2
77711,97,98,-1,1
77712,129,117,12,12
77713,64,72,-8,8
77714,105,95,10,10
77715,93,83,10,10
77716,92,90,2,2
77717,40,43,-3,3
77718,98,102,-4,4
77719,132,130,2,2
77720,67,75,-8,8
77721,51,80,-29,29
77722,81,91,-10,10
77723,142,138,4,4
77724,145,134,11,11
77725,72,66,6,6
77726,102,94,8,8
77727,87,80,7,7
77728,111,106,5,5
77729,80,75,5,5
77730,85,83,2,2
77731,144,130,14,14
77732,66,73,-7,7
77733,98,88,10,10
77734,91,91,0,0
77735,61,66,-5,5
77736,46,54,-8,8
77737,89,94,-5,5
77738,105,93,12,12
77739,102,91,11,11
77740,100,98,2,2
77741,58,65,-7,7
77742,116,113,3,3
77743,73,77,-4,4
77744,96,93,3,3
77745,89,83,6,6
77746,79,81,-2,2
77747,74,74,0,0
77748,100,89,11,11
77749,35,50,-15,15
77750,49,50,-1,1
77751,79,74,5,5
77752,102,91,11,11
77753,104,82,22,22
77754,198,171,27,27
77755,136,120,16,16
77756,62,72,-10,10
77757,100,97,3,3
77758,89,85,4,4
77759,131,122,9,9
77760,82,82,0,0
77761,157,144,13,13
77762,71,70,1,1
77763,54,53,1,1
77764,115,114,1,1
77765,80,79,1,1
77766,69,65,4,4
77767,80,71,9,9
77768,89,87,2,2
77769,91,87,4,4
77770,171,138,33,33
77771,86,80,6,6
77772,120,116,4,4
77773,72,72,0,0
77774,67,62,5,5
77775,122,137,-15,15
77776,71,76,-5,5
77777,119,114,5,5
77778,80,77,3,3
77779,110,97,13,13
77780,47,49,-2,2
77781,193,168,25,25
77782,80,75,5,5
77783,52,52,0,0
77784,61,62,-1,1
77785,90,92,-2,2
77786,85,81,4,4
77787,74,74,0,0
77788,85,82,3,3
77789,125,143,-18,18
77790,150,136,14,14
77791,89,86,3,3
77792,93,88,5,5
77793,131,131,0,0
77794,66,70,-4,4
77795,78,72,6,6
77796,151,144,7,7
77797,91,93,-2,2
77798,75,80,-5,5
77799,39,41,-2,2
77800,54,52,2,2
77801,106,97,9,9
77802,128,125,3,3
77803,49,59,-10,10
77804,124,119,5,5
77805,76,74,2,2
77806,89,82,7,7
77807,48,43,5,5
77808,135,150,-15,15
77809,108,107,1,1
77810,113,100,13,13
77811,97,91,6,6
77812,155,150,5,5
77813,154,135,19,19
77814,118,103,15,15
77815,87,79,8,8
77816,56,57,-1,1
77817,56,75,-19,19
77818,70,78,-8,8
77819,45,49,-4,4
77820,49,69,-20,20
77821,91,78,13,13
77822,76,73,3,3
77823,81,98,-17,17
77824,121,118,3,3
77825,109,104,5,5
77826,72,73,-1,1
77827,75,74,1,1
77828,35,48,-13,13
77829,90,92,-2,2
77830,132,125,7,7
77831,140,145,-5,5
77832,75,79,-4,4
77833,76,74,2,2
77834,111,130,-19,19
77835,92,96,-4,4
77836,120,129,-9,9
77837,119,113,6,6
77838,78,84,-6,6
77839,86,80,6,6
77840,60,66,-6,6
77841,158,142,16,16
77842,94,87,7,7
77843,126,117,9,9
77844,112,98,14,14
77845,112,102,10,10
77846,73,76,-3,3
77847,94,95,-1,1
77848,133,122,11,11
77849,70,66,4,4
77850,83,76,7,7
77851,117,113,4,4
77852,104,98,6,6
77853,109,101,8,8
77854,173,145,28,28
77855,55,68,-13,13
77856,46,48,-2,2
77857,36,41,-5,5
77858,76,77,-1,1
77859,136,125,11,11
77860,102,98,4,4
77861,110,103,7,7
77862,94,88,6,6
77863,80,79,1,1
77864,149,136,13,13
77865,249,222,27,27
77866,150,151,-1,1
77867,49,56,-7,7
77868,58,55,3,3
77869,54,53,1,1
77870,83,70,13,13
77871,119,105,14,14
77872,58,56,2,2
77873,123,107,16,16
77874,125,111,14,14
77875,115,119,-4,4
77876,74,85,-11,11
77877,71,65,6,6
77878,162,139,23,23
77879,96,95,1,1
77880,63,67,-4,4
77881,87,90,-3,3
77882,74,64,10,10
77883,70,88,-18,18
77884,114,115,-1,1
77885,72,68,4,4
77886,58,66,-8,8
77887,117,105,12,12
77888,77,96,-19,19
77889,57,66,-9,9
77890,142,132,10,10
77891,57,65,-8,8
77892,77,73,4,4
77893,100,116,-16,16
77894,92,106,-14,14
77895,53,58,-5,5
77896,98,87,11,11
77897,96,93,3,3
77898,67,64,3,3
77899,69,68,1,1
77900,108,106,2,2
77901,97,89,8,8
77902,75,70,5,5
77903,97,99,-2,2
77904,127,112,15,15
77905,87,82,5,5
77906,86,81,5,5
77907,84,74,10,10
77908,86,85,1,1
77909,88,84,4,4
77910,97,95,2,2
77911,86,79,7,7
77912,79,84,-5,5
77913,183,171,12,12
77914,97,93,4,4
77915,136,127,9,9
77916,78,76,2,2
77917,128,124,4,4
77918,116,108,8,8
77919,167,157,10,10
77920,143,146,-3,3
77921,72,74,-2,2
77922,101,97,4,4
77923,89,88,1,1
77924,63,57,6,6
77925,136,126,10,10
77926,129,125,4,4
77927,77,78,-1,1
77928,70,78,-8,8
77929,114,106,8,8
77930,100,110,-10,10
77931,133,119,14,14
77932,130,124,6,6
77933,64,60,4,4
77934,105,95,10,10
77935,171,149,22,22
77936,120,110,10,10
77937,95,93,2,2
77938,72,74,-2,2
77939,75,68,7,7
77940,110,94,16,16
77941,119,105,14,14
77942,184,167,17,17
77943,132,122,10,10
77944,128,131,-3,3
77945,78,90,-12,12
77946,124,118,6,6
77947,123,120,3,3
77948,105,91,14,14
77949,51,63,-12,12
77950,89,101,-12,12
77951,58,62,-4,4
77952,112,100,12,12
77953,97,94,3,3
77954,95,93,2,2
77955,79,80,-1,1
77956,85,83,2,2
77957,135,115,20,20
77958,127,130,-3,3
77959,95,82,13,13
77960,141,144,-3,3
77961,76,79,-3,3
77962,63,63,0,0
77963,106,101,5,5
77964,95,87,8,8
77965,91,89,2,2
77966,147,140,7,7
77967,124,111,13,13
77968,88,77,11,11
77969,70,73,-3,3
77970,80,88,-8,8
77971,41,44,-3,3
77972,59,57,2,2
77973,97,103,-6,6
77974,61,63,-2,2
77975,148,129,19,19
77976,106,93,13,13
77977,102,108,-6,6
77978,66,67,-1,1
77979,75,71,4,4
77980,98,89,9,9
77981,58,56,2,2
77982,59,58,1,1
77983,53,50,3,3
77984,53,75,-22,22
77985,121,104,17,17
77986,101,85,16,16
77987,145,129,16,16
77988,57,56,1,1
77989,74,69,5,5
77990,65,68,-3,3
77991,79,87,-8,8
77992,117,109,8,8
77993,65,66,-1,1
77994,64,70,-6,6
77995,81,73,8,8
77996,125,102,23,23
77997,67,66,1,1
77998,69,69,0,0
77999,59,50,9,9
78000,126,114,12,12
78001,106,105,1,1
78002,63,66,-3,3
78003,89,93,-4,4
78004,120,98,22,22
78005,97,98,-1,1
78006,70,67,3,3
78007,116,120,-4,4
78008,77,68,9,9
78009,49,52,-3,3
78010,71,67,4,4
78011,64,72,-8,8
78012,72,61,11,11
78013,128,109,19,19
78014,98,90,8,8
78015,66,67,-1,1
78016,112,110,2,2
78017,51,50,1,1
78018,85,81,4,4
78019,100,90,10,10
78020,92,88,4,4
78021,111,109,2,2
78022,100,115,-15,15
78023,96,91,5,5
78024,166,144,22,22
78025,137,141,-4,4
78026,72,68,4,4
78027,115,116,-1,1
78028,88,83,5,5
78029,91,87,4,4
78030,103,103,0,0
78031,47,56,-9,9
78032,86,89,-3,3
78033,136,122,14,14
78034,157,154,3,3
78035,124,118,6,6
78036,137,131,6,6
78037,101,101,0,0
78038,74,68,6,6
78039,85,75,10,10
78040,45,46,-1,1
78041,168,155,13,13
78042,115,100,15,15
78043,116,124,-8,8
78044,84,87,-3,3
78045,102,98,4,4
78046,59,70,-11,11
78047,106,107,-1,1
78048,60,73,-13,13
78049,123,113,10,10
78050,85,73,12,12
78051,60,67,-7,7
78052,82,71,11,11
78053,160,140,20,20
78054,82,81,1,1
78055,83,84,-1,1
78056,73,78,-5,5
78057,113,114,-1,1
78058,95,81,14,14
78059,100,91,9,9
78060,40,44,-4,4
78061,80,83,-3,3
78062,110,103,7,7
78063,144,141,3,3
78064,115,103,12,12
78065,64,71,-7,7
78066,119,105,14,14
78067,102,102,0,0
78068,159,132,27,27
78069,104,96,8,8
78070,91,90,1,1
78071,133,129,4,4
78072,98,93,5,5
78073,96,98,-2,2
78074,134,123,11,11
78075,160,146,14,14
78076,59,68,-9,9
78077,74,76,-2,2
78078,106,92,14,14
78079,64,61,3,3
78080,90,93,-3,3
78081,67,67,0,0
78082,100,96,4,4
78083,68,70,-2,2
78084,159,149,10,10
78085,87,87,0,0
78086,123,128,-5,5
78087,78,76,2,2
78088,95,85,10,10
78089,56,69,-13,13
78090,102,101,1,1
78091,108,95,13,13
78092,73,69,4,4
78093,111,109,2,2
78094,137,129,8,8
78095,84,86,-2,2
78096,89,81,8,8
78097,70,79,-9,9
78098,78,81,-3,3
78099,152,142,10,10
78100,81,83,-2,2
78101,49,50,-1,1
78102,69,71,-2,2
78103,102,86,16,16
78104,62,66,-4,4
78105,91,88,3,3
78106,72,51,21,21
78107,47,46,1,1
78108,184,155,29,29
78109,103,89,14,14
78110,69,72,-3,3
78111,51,59,-8,8
78112,120,124,-4,4
78113,105,83,22,22
78114,46,55,-9,9
78115,75,72,3,3
78116,71,67,4,4
78117,45,53,-8,8
78118,80,83,-3,3
78119,79,87,-8,8
78120,78,76,2,2
78121,62,71,-9,9
78122,86,80,6,6
78123,122,117,5,5
78124,101,91,10,10
78125,72,71,1,1
78126,141,132,9,9
78127,69,73,-4,4
78128,93,84,9,9
78129,55,50,5,5
78130,121,113,8,8
78131,105,107,-2,2
78132,99,87,12,12
78133,195,169,26,26
78134,76,75,1,1
78135,124,113,11,11
78136,100,82,18,18
78137,152,148,4,4
78138,108,102,6,6
78139,49,49,0,0
78140,176,161,15,15
78141,104,189,-85,85
78142,81,66,15,15
78143,97,92,5,5
78144,58,58,0,0
78145,110,101,9,9
78146,55,65,-10,10
78147,69,68,1,1
78148,107,127,-20,20
78149,71,67,4,4
78150,88,85,3,3
78151,43,51,-8,8
78152,117,114,3,3
78153,81,68,13,13
78154,75,78,-3,3
78155,108,104,4,4
78156,63,65,-2,2
78157,74,79,-5,5
78158,68,69,-1,1
78159,62,64,-2,2
78160,52,51,1,1
78161,78,85,-7,7
78162,108,114,-6,6
78163,188,154,34,34
78164,61,64,-3,3
78165,77,73,4,4
78166,97,87,10,10
78167,67,60,7,7
78168,77,101,-24,24
78169,91,91,0,0
78170,69,68,1,1
78171,131,131,0,0
78172,56,54,2,2
78173,49,54,-5,5
78174,126,121,5,5
78175,114,109,5,5
78176,90,91,-1,1
78177,75,82,-7,7
78178,83,72,11,11
78179,92,96,-4,4
78180,83,83,0,0
78181,89,74,15,15
78182,85,83,2,2
78183,70,66,4,4
78184,108,103,5,5
78185,71,73,-2,2
78186,68,65,3,3
78187,70,71,-1,1
78188,107,108,-1,1
78189,58,61,-3,3
78190,51,53,-2,2
78191,55,64,-9,9
78192,161,156,5,5
78193,46,55,-9,9
78194,92,87,5,5
78195,154,145,9,9
78196,83,83,0,0
78197,128,120,8,8
78198,73,74,-1,1
78199,87,84,3,3
78200,122,107,15,15
78201,108,89,19,19
78202,76,88,-12,12
78203,59,67,-8,8
78204,83,85,-2,2
78205,92,90,2,2
78206,96,94,2,2
78207,105,93,12,12
78208,58,64,-6,6
78209,81,75,6,6
78210,110,96,14,14
78211,44,55,-11,11
78212,81,75,6,6
78213,63,68,-5,5
78214,78,78,0,0
78215,68,71,-3,3
78216,120,120,0,0
78217,181,160,21,21
78218,141,132,9,9
78219,178,158,20,20
78220,64,60,4,4
78221,72,75,-3,3
78222,45,40,5,5
78223,143,122,21,21
78224,145,127,18,18
78225,111,105,6,6
78226,86,83,3,3
78227,125,129,-4,4
78228,79,80,-1,1
78229,67,73,-6,6
78230,173,156,17,17
78231,81,81,0,0
78232,88,93,-5,5
78233,63,65,-2,2
78234,66,85,-19,19
78235,96,87,9,9
78236,100,79,21,21
78237,57,53,4,4
78238,125,111,14,14
78239,156,145,11,11
78240,125,116,9,9
78241,133,128,5,5
78242,66,68,-2,2
78243,159,159,0,0
78244,44,67,-23,23
78245,67,59,8,8
78246,105,101,4,4
78247,77,77,0,0
78248,64,69,-5,5
78249,62,82,-20,20
78250,69,65,4,4
78251,163,148,15,15
78252,62,64,-2,2
78253,50,50,0,0
78254,100,98,2,2
78255,108,99,9,9
78256,70,67,3,3
78257,97,90,7,7
78258,83,75,8,8
78259,137,142,-5,5
78260,70,66,4,4
78261,122,97,25,25
78262,79,84,-5,5
78263,52,73,-21,21
78264,86,92,-6,6
78265,93,84,9,9
78266,93,104,-11,11
78267,62,64,-2,2
78268,109,92,17,17
78269,107,104,3,3
78270,83,84,-1,1
78271,57,61,-4,4
78272,61,67,-6,6
78273,43,47,-4,4
78274,156,134,22,22
78275,102,91,11,11
78276,56,66,-10,10
78277,199,172,27,27
78278,103,105,-2,2
78279,77,78,-1,1
78280,147,150,-3,3
78281,99,108,-9,9
78282,74,103,-29,29
78283,71,66,5,5
78284,142,134,8,8
78285,72,63,9,9
78286,28,42,-14,14
78287,99,105,-6,6
78288,145,149,-4,4
78289,51,49,2,2
78290,132,128,4,4
78291,102,98,4,4
78292,69,72,-3,3
78293,142,134,8,8
78294,52,49,3,3
78295,87,92,-5,5
78296,122,122,0,0
78297,93,98,-5,5
78298,85,88,-3,3
78299,101,93,8,8
78300,88,89,-1,1
78301,64,59,5,5
78302,131,122,9,9
78303,91,88,3,3
78304,174,152,22,22
78305,50,51,-1,1
78306,78,82,-4,4
78307,76,81,-5,5
78308,118,113,5,5
78309,56,60,-4,4
78310,53,52,1,1
78311,98,99,-1,1
78312,119,119,0,0
78313,133,126,7,7
78314,66,65,1,1
78315,117,119,-2,2
78316,94,90,4,4
78317,79,83,-4,4
78318,114,113,1,1
78319,96,82,14,14
78320,81,81,0,0
78321,83,82,1,1
78322,74,76,-2,2
78323,89,86,3,3
78324,73,80,-7,7
78325,160,151,9,9
78326,120,108,12,12
78327,52,49,3,3
78328,127,127,0,0
78329,93,87,6,6
78330,108,115,-7,7
78331,95,94,1,1
78332,75,74,1,1
78333,124,108,16,16
78334,90,89,1,1
78335,101,102,-1,1
78336,44,51,-7,7
78337,113,102,11,11
78338,64,73,-9,9
78339,135,125,10,10
78340,147,133,14,14
78341,112,112,0,0
78342,63,65,-2,2
78343,91,102,-11,11
78344,93,73,20,20
78345,116,107,9,9
78346,124,123,1,1
78347,127,126,1,1
78348,114,116,-2,2
78349,137,112,25,25
78350,56,56,0,0
78351,54,53,1,1
78352,78,81,-3,3
78353,71,74,-3,3
78354,72,73,-1,1
78355,67,72,-5,5
78356,48,47,1,1
78357,115,132,-17,17
78358,53,54,-1,1
78359,95,89,6,6
78360,56,67,-11,11
78361,45,38,7,7
78362,209,190,19,19
78363,85,93,-8,8
78364,80,76,4,4
78365,139,140,-1,1
78366,64,66,-2,2
78367,83,86,-3,3
78368,121,113,8,8
78369,102,107,-5,5
78370,94,87,7,7
78371,119,111,8,8
78372,59,66,-7,7
78373,61,86,-25,25
78374,74,69,5,5
78375,76,75,1,1
78376,91,91,0,0
78377,132,115,17,17
78378,54,56,-2,2
78379,74,69,5,5
78380,96,85,11,11
78381,60,67,-7,7
78382,91,96,-5,5
78383,102,102,0,0
78384,131,125,6,6
78385,95,88,7,7
78386,35,36,-1,1
78387,70,76,-6,6
78388,115,101,14,14
78389,63,65,-2,2
78390,70,78,-8,8
78391,73,70,3,3
78392,79,79,0,0
78393,114,115,-1,1
78394,75,85,-10,10
78395,103,98,5,5
78396,111,102,9,9
78397,110,111,-1,1
78398,55,51,4,4
78399,89,94,-5,5
78400,53,65,-12,12
78401,114,100,14,14
78402,104,103,1,1
78403,45,44,1,1
78404,122,112,10,10
78405,72,73,-1,1
78406,140,129,11,11
78407,132,114,18,18
78408,127,152,-25,25
78409,133,125,8,8
78410,66,64,2,2
78411,99,96,3,3
78412,112,109,3,3
78413,104,86,18,18
78414,143,132,11,11
78415,107,95,12,12
78416,122,117,5,5
78417,166,159,7,7
78418,169,161,8,8
78419,165,163,2,2
78420,147,122,25,25
78421,63,63,0,0
78422,71,75,-4,4
78423,59,53,6,6
78424,127,122,5,5
78425,168,148,20,20
78426,43,46,-3,3
78427,103,91,12,12
78428,109,99,10,10
78429,99,101,-2,2
78430,71,70,1,1
78431,94,91,3,3
78432,104,97,7,7
78433,96,95,1,1
78434,85,76,9,9
78435,122,103,19,19
78436,85,86,-1,1
78437,49,54,-5,5
78438,44,64,-20,20
78439,65,62,3,3
78440,78,79,-1,1
78441,117,109,8,8
78442,103,92,11,11
78443,106,89,17,17
78444,97,102,-5,5
78445,167,178,-11,11
78446,50,53,-3,3
78447,134,119,15,15
78448,100,104,-4,4
78449,81,79,2,2
78450,108,111,-3,3
78451,55,61,-6,6
78452,82,84,-2,2
78453,94,108,-14,14
78454,94,86,8,8
78455,61,60,1,1
78456,141,135,6,6
78457,79,78,1,1
78458,71,80,-9,9
78459,48,54,-6,6
78460,140,136,4,4
78461,70,70,0,0
78462,63,64,-1,1
78463,137,124,13,13
78464,40,45,-5,5
78465,103,95,8,8
78466,67,71,-4,4
78467,82,77,5,5
78468,119,118,1,1
78469,131,124,7,7
78470,77,90,-13,13
78471,98,90,8,8
78472,148,150,-2,2
78473,91,85,6,6
78474,95,98,-3,3
78475,60,56,4,4
78476,72,72,0,0
78477,123,114,9,9
78478,68,66,2,2
78479,124,126,-2,2
78480,128,122,6,6
78481,114,117,-3,3
78482,90,86,4,4
78483,108,107,1,1
78484,114,106,8,8
78485,33,53,-20,20
78486,95,93,2,2
78487,113,106,7,7
78488,57,57,0,0
78489,71,67,4,4
78490,110,101,9,9
78491,67,72,-5,5
78492,59,63,-4,4
78493,105,104,1,1
78494,132,119,13,13
78495,93,98,-5,5
78496,90,94,-4,4
78497,134,120,14,14
78498,32,43,-11,11
78499,108,142,-34,34
78500,81,72,9,9
78501,94,92,2,2
78502,116,119,-3,3
78503,131,124,7,7
78504,63,72,-9,9
78505,96,93,3,3
78506,71,63,8,8
78507,71,64,7,7
78508,79,87,-8,8
78509,115,107,8,8
78510,48,69,-21,21
78511,85,78,7,7
78512,113,103,10,10
78513,89,89,0,0
78514,131,125,6,6
78515,91,92,-1,1
78516,72,66,6,6
78517,169,150,19,19
78518,133,129,4,4
78519,176,149,27,27
78520,118,120,-2,2
78521,71,78,-7,7
78522,65,72,-7,7
78523,144,122,22,22
78524,72,84,-12,12
78525,70,74,-4,4
78526,70,70,0,0
78527,117,101,16,16
78528,97,93,4,4
78529,57,58,-1,1
78530,61,79,-18,18
78531,80,77,3,3
78532,92,89,3,3
78533,85,87,-2,2
78534,125,110,15,15
78535,90,99,-9,9
78536,80,74,6,6
78537,71,77,-6,6
78538,149,131,18,18
78539,69,67,2,2
78540,104,96,8,8
78541,95,90,5,5
78542,129,109,20,20
78543,144,119,25,25
78544,61,62,-1,1
78545,130,114,16,16
78546,144,131,13,13
78547,39,46,-7,7
78548,114,106,8,8
78549,48,48,0,0
78550,94,84,10,10
78551,92,85,7,7
78552,101,85,16,16
78553,79,80,-1,1
78554,113,98,15,15
78555,69,73,-4,4
78556,41,48,-7,7
78557,69,74,-5,5
78558,108,105,3,3
78559,66,65,1,1
78560,93,79,14,14
78561,86,79,7,7
78562,79,71,8,8
78563,80,84,-4,4
78564,87,80,7,7
78565,179,163,16,16
78566,67,68,-1,1
78567,71,78,-7,7
78568,86,77,9,9
78569,92,92,0,0
78570,109,106,3,3
78571,45,53,-8,8
78572,84,79,5,5
78573,158,146,12,12
78574,92,83,9,9
78575,75,73,2,2
78576,84,81,3,3
78577,65,74,-9,9
78578,104,92,12,12
78579,44,47,-3,3
78580,198,157,41,41
78581,124,114,10,10
78582,134,115,19,19
78583,122,108,14,14
78584,77,76,1,1
78585,103,97,6,6
78586,98,90,8,8
78587,59,53,6,6
78588,87,70,17,17
78589,74,67,7,7
78590,67,73,-6,6
78591,85,84,1,1
78592,79,71,8,8
78593,96,98,-2,2
78594,121,119,2,2
78595,98,104,-6,6
78596,145,125,20,20
78597,110,103,7,7
78598,144,143,1,1
78599,85,81,4,4
78600,114,120,-6,6
78601,95,90,5,5
78602,51,64,-13,13
78603,97,90,7,7
78604,81,70,11,11
78605,81,78,3,3
78606,85,82,3,3
78607,154,152,2,2
78608,125,119,6,6
78609,97,98,-1,1
78610,161,143,18,18
78611,144,121,23,23
78612,127,115,12,12
78613,88,83,5,5
78614,180,163,17,17
78615,90,94,-4,4
78616,66,74,-8,8
78617,95,88,7,7
78618,94,101,-7,7
78619,75,78,-3,3
78620,65,73,-8,8
78621,111,119,-8,8
78622,67,59,8,8
78623,86,92,-6,6
78624,141,123,18,18
78625,102,95,7,7
78626,142,140,2,2
78627,188,181,7,7
78628,62,55,7,7
78629,104,109,-5,5
78630,63,65,-2,2
78631,100,90,10,10
78632,148,134,14,14
78633,103,105,-2,2
78634,122,125,-3,3
78635,69,70,-1,1
78636,89,84,5,5
78637,113,89,24,24
78638,135,128,7,7
78639,158,137,21,21
78640,74,66,8,8
78641,54,54,0,0
78642,106,101,5,5
78643,56,84,-28,28
78644,113,103,10,10
78645,95,85,10,10
78646,134,128,6,6
78647,73,73,0,0
78648,51,50,1,1
78649,50,46,4,4
78650,33,33,0,0
78651,130,114,16,16
78652,111,119,-8,8
78653,58,60,-2,2
78654,103,98,5,5
78655,136,136,0,0
78656,99,97,2,2
78657,99,92,7,7
78658,116,106,10,10
78659,149,134,15,15
78660,69,70,-1,1
78661,81,88,-7,7
78662,57,59,-2,2
78663,85,78,7,7
78664,78,92,-14,14
78665,94,88,6,6
78666,112,100,12,12
78667,141,114,27,27
78668,133,118,15,15
78669,85,92,-7,7
78670,100,104,-4,4
78671,62,59,3,3
78672,121,113,8,8
78673,54,57,-3,3
78674,154,144,10,10
78675,142,124,18,18
78676,104,116,-12,12
78677,103,96,7,7
78678,70,65,5,5
78679,118,111,7,7
78680,115,111,4,4
78681,145,139,6,6
78682,106,107,-1,1
78683,114,109,5,5
78684,87,83,4,4
78685,155,134,21,21
78686,142,128,14,14
78687,132,117,15,15
78688,94,88,6,6
78689,142,136,6,6
78690,150,141,9,9
78691,53,60,-7,7
78692,94,86,8,8
78693,85,95,-10,10
78694,62,68,-6,6
78695,53,49,4,4
78696,81,87,-6,6
78697,175,166,9,9
78698,55,50,5,5
78699,72,81,-9,9
78700,93,85,8,8
78701,73,82,-9,9
78702,47,55,-8,8
78703,67,70,-3,3
78704,117,105,12,12
78705,104,101,3,3
78706,76,74,2,2
78707,99,83,16,16
78708,131,116,15,15
78709,84,89,-5,5
78710,105,114,-9,9
78711,157,132,25,25
78712,111,115,-4,4
78713,91,90,1,1
78714,74,80,-6,6
78715,79,78,1,1
78716,103,91,12,12
78717,119,108,11,11
78718,163,144,19,19
78719,69,70,-1,1
78720,112,105,7,7
78721,55,65,-10,10
78722,97,98,-1,1
78723,99,86,13,13
78724,58,68,-10,10
78725,125,109,16,16
78726,88,78,10,10
78727,81,80,1,1
78728,158,157,1,1
78729,55,68,-13,13
78730,114,114,0,0
78731,95,92,3,3
78732,87,100,-13,13
78733,139,120,19,19
78734,79,75,4,4
78735,75,66,9,9
78736,56,59,-3,3
78737,113,128,-15,15
78738,148,133,15,15
78739,160,138,22,22
78740,97,93,4,4
78741,88,88,0,0
78742,89,86,3,3
78743,101,93,8,8
78744,53,58,-5,5
78745,97,107,-10,10
78746,67,70,-3,3
78747,117,106,11,11
78748,72,66,6,6
78749,40,46,-6,6
78750,48,47,1,1
78751,88,80,8,8
78752,95,80,15,15
78753,132,119,13,13
78754,63,61,2,2
78755,95,91,4,4
78756,84,82,2,2
78757,33,42,-9,9
78758,70,70,0,0
78759,154,145,9,9
78760,163,146,17,17
78761,175,158,17,17
78762,92,85,7,7
78763,150,144,6,6
78764,67,70,-3,3
78765,127,127,0,0
78766,131,119,12,12
78767,194,167,27,27
78768,113,102,11,11
78769,106,101,5,5
78770,88,79,9,9
78771,75,73,2,2
78772,56,71,-15,15
78773,86,95,-9,9
78774,66,64,2,2
78775,171,160,11,11
78776,127,118,9,9
78777,110,109,1,1
78778,93,93,0,0
78779,89,86,3,3
78780,72,81,-9,9
78781,98,86,12,12
78782,77,78,-1,1
78783,93,89,4,4
78784,112,94,18,18
78785,68,67,1,1
78786,104,108,-4,4
78787,78,75,3,3
78788,69,77,-8,8
78789,48,49,-1,1
78790,65,71,-6,6
78791,109,108,1,1
78792,90,102,-12,12
78793,141,131,10,10
78794,100,99,1,1
78795,133,130,3,3
78796,110,99,11,11
78797,54,54,0,0
78798,71,69,2,2
78799,144,133,11,11
78800,57,67,-10,10
78801,88,87,1,1
78802,107,96,11,11
78803,128,118,10,10
78804,93,95,-2,2
78805,136,133,3,3
78806,107,89,18,18
78807,151,136,15,15
78808,114,107,7,7
78809,67,63,4,4
78810,94,92,2,2
78811,90,80,10,10
78812,105,93,12,12
78813,132,116,16,16
78814,90,82,8,8
78815,120,120,0,0
78816,91,95,-4,4
78817,155,142,13,13
78818,62,64,-2,2
78819,109,100,9,9
78820,100,104,-4,4
78821,160,134,26,26
78822,96,93,3,3
78823,104,108,-4,4
78824,93,89,4,4
78825,72,72,0,0
78826,59,74,-15,15
78827,74,71,3,3
78828,83,73,10,10
78829,92,82,10,10
78830,100,103,-3,3
78831,87,83,4,4
78832,122,118,4,4
78833,78,74,4,4
78834,79,70,9,9
78835,138,117,21,21
78836,158,146,12,12
78837,75,76,-1,1
78838,100,92,8,8
78839,134,118,16,16
78840,138,149,-11,11
78841,82,90,-8,8
78842,52,49,3,3
78843,74,75,-1,1
78844,60,57,3,3
78845,49,55,-6,6
78846,45,46,-1,1
78847,83,79,4,4
78848,55,59,-4,4
78849,74,69,5,5
78850,96,89,7,7
78851,71,73,-2,2
78852,73,70,3,3
78853,104,112,-8,8
78854,57,53,4,4
78855,79,78,1,1
78856,109,109,0,0
78857,65,63,2,2
78858,129,137,-8,8
78859,75,70,5,5
78860,209,182,27,27
78861,102,93,9,9
78862,102,103,-1,1
78863,142,124,18,18
78864,140,116,24,24
78865,44,47,-3,3
78866,102,105,-3,3
78867,89,78,11,11
78868,86,78,8,8
78869,85,82,3,3
78870,88,81,7,7
78871,77,83,-6,6
78872,123,127,-4,4
78873,62,71,-9,9
78874,163,154,9,9
78875,114,112,2,2
78876,55,58,-3,3
78877,112,112,0,0
78878,125,120,5,5
78879,123,117,6,6
78880,96,91,5,5
78881,111,104,7,7
78882,136,118,18,18
78883,75,74,1,1
78884,134,132,2,2
78885,77,82,-5,5
78886,98,95,3,3
78887,94,88,6,6
78888,77,78,-1,1
78889,83,77,6,6
78890,97,82,15,15
78891,82,80,2,2
78892,126,118,8,8
78893,159,149,10,10
78894,100,107,-7,7
78895,100,111,-11,11
78896,121,116,5,5
78897,117,97,20,20
78898,81,83,-2,2
78899,90,87,3,3
78900,68,66,2,2
78901,110,108,2,2
78902,118,126,-8,8
78903,97,93,4,4
78904,81,73,8,8
78905,105,101,4,4
78906,95,83,12,12
78907,66,82,-16,16
78908,109,108,1,1
78909,141,137,4,4
78910,52,49,3,3
78911,80,72,8,8
78912,93,84,9,9
78913,76,74,2,2
78914,111,108,3,3
78915,107,97,10,10
78916,132,119,13,13
78917,100,98,2,2
78918,138,125,13,13
78919,122,109,13,13
78920,105,100,5,5
78921,85,82,3,3
78922,96,83,13,13
78923,60,58,2,2
78924,106,100,6,6
78925,47,64,-17,17
78926,97,90,7,7
78927,36,41,-5,5
78928,111,98,13,13
78929,121,129,-8,8
78930,85,74,11,11
78931,95,85,10,10
78932,78,77,1,1
78933,113,114,-1,1
78934,72,69,3,3
78935,110,116,-6,6
78936,38,46,-8,8
78937,133,126,7,7
78938,52,78,-26,26
78939,49,53,-4,4
78940,57,57,0,0
78941,209,157,52,52
78942,93,96,-3,3
78943,62,64,-2,2
78944,51,55,-4,4
78945,82,102,-20,20
78946,77,72,5,5
78947,165,146,19,19
78948,58,61,-3,3
78949,108,101,7,7
78950,43,51,-8,8
78951,83,81,2,2
78952,92,87,5,5
78953,127,115,12,12
78954,47,47,0,0
78955,78,74,4,4
78956,62,66,-4,4
78957,136,122,14,14
78958,121,121,0,0
78959,79,82,-3,3
78960,83,90,-7,7
78961,100,100,0,0
78962,86,101,-15,15
78963,89,90,-1,1
78964,74,66,8,8
78965,133,127,6,6
78966,107,102,5,5
78967,89,81,8,8
78968,72,68,4,4
78969,78,82,-4,4
78970,52,52,0,0
78971,94,89,5,5
78972,107,102,5,5
78973,61,56,5,5
78974,224,194,30,30
78975,75,65,10,10
78976,53,59,-6,6
78977,95,95,0,0
78978,63,60,3,3
78979,133,128,5,5
78980,45,45,0,0
78981,65,63,2,2
78982,93,86,7,7
78983,68,76,-8,8
78984,86,86,0,0
78985,116,109,7,7
78986,112,110,2,2
78987,79,71,8,8
78988,83,76,7,7
78989,136,140,-4,4
78990,58,60,-2,2
78991,98,89,9,9
78992,216,212,4,4
78993,135,126,9,9
78994,87,81,6,6
78995,99,91,8,8
78996,85,82,3,3
78997,57,54,3,3
78998,69,64,5,5
78999,72,69,3,3
79000,42,50,-8,8
79001,50,50,0,0
79002,120,111,9,9
79003,43,48,-5,5
79004,58,54,4,4
79005,64,72,-8,8
79006,47,52,-5,5
79007,118,103,15,15
79008,91,111,-20,20
79009,115,115,0,0
79010,132,126,6,6
79011,124,116,8,8
79012,127,138,-11,11
79013,90,83,7,7
79014,142,138,4,4
79015,72,74,-2,2
79016,91,94,-3,3
79017,93,95,-2,2
79018,159,154,5,5
79019,76,79,-3,3
79020,89,93,-4,4
79021,127,104,23,23
79022,76,76,0,0
79023,101,89,12,12
79024,95,92,3,3
79025,82,80,2,2
79026,109,105,4,4
79027,108,100,8,8
79028,84,84,0,0
79029,184,171,13,13
79030,77,73,4,4
79031,92,78,14,14
79032,57,61,-4,4
79033,104,93,11,11
79034,118,117,1,1
79035,111,100,11,11
79036,78,65,13,13
79037,122,106,16,16
79038,72,70,2,2
79039,106,90,16,16
79040,61,57,4,4
79041,106,104,2,2
79042,122,120,2,2
79043,119,112,7,7
79044,141,121,20,20
79045,114,107,7,7
79046,124,109,15,15
79047,86,77,9,9
79048,43,53,-10,10
79049,177,171,6,6
79050,169,175,-6,6
79051,100,99,1,1
79052,70,71,-1,1
79053,80,82,-2,2
79054,82,84,-2,2
79055,97,88,9,9
79056,112,99,13,13
79057,122,109,13,13
79058,62,61,1,1
79059,146,123,23,23
79060,77,84,-7,7
79061,95,94,1,1
79062,167,145,22,22
79063,62,88,-26,26
79064,112,130,-18,18
79065,56,61,-5,5
79066,126,103,23,23
79067,127,113,14,14
79068,221,197,24,24
79069,180,162,18,18
79070,73,64,9,9
79071,53,59,-6,6
79072,82,87,-5,5
79073,58,58,0,0
79074,78,73,5,5
79075,130,122,8,8
79076,39,38,1,1
79077,93,112,-19,19
79078,87,77,10,10
79079,82,75,7,7
79080,130,126,4,4
79081,74,72,2,2
79082,93,86,7,7
79083,69,76,-7,7
79084,57,59,-2,2
79085,79,74,5,5
79086,120,112,8,8
79087,91,80,11,11
79088,99,103,-4,4
79089,100,91,9,9
79090,93,88,5,5
79091,78,80,-2,2
79092,82,83,-1,1
79093,242,213,29,29
79094,154,146,8,8
79095,63,62,1,1
79096,52,53,-1,1
79097,106,99,7,7
79098,87,101,-14,14
79099,106,105,1,1
79100,36,35,1,1
79101,108,126,-18,18
79102,153,182,-29,29
79103,44,60,-16,16
79104,119,111,8,8
79105,51,50,1,1
79106,156,137,19,19
79107,114,125,-11,11
79108,123,116,7,7
79109,149,135,14,14
79110,90,81,9,9
79111,67,70,-3,3
79112,179,170,9,9
79113,123,118,5,5
79114,88,88,0,0
79115,211,199,12,12
79116,149,133,16,16
79117,58,57,1,1
79118,85,82,3,3
79119,94,88,6,6
79120,125,127,-2,2
79121,50,56,-6,6
79122,78,71,7,7
79123,91,82,9,9
79124,166,157,9,9
79125,89,81,8,8
79126,55,64,-9,9
79127,140,130,10,10
79128,122,122,0,0
79129,92,77,15,15
79130,59,65,-6,6
79131,112,117,-5,5
79132,97,95,2,2
79133,109,109,0,0
79134,121,140,-19,19
79135,75,74,1,1
79136,80,75,5,5
79137,104,99,5,5
79138,130,127,3,3
79139,148,143,5,5
79140,54,51,3,3
79141,121,105,16,16
79142,65,80,-15,15
79143,51,57,-6,6
79144,142,121,21,21
79145,40,39,1,1
79146,58,64,-6,6
79147,92,87,5,5
79148,71,72,-1,1
79149,96,89,7,7
79150,118,106,12,12
79151,54,63,-9,9
79152,91,91,0,0
79153,70,67,3,3
79154,85,80,5,5
79155,47,51,-4,4
79156,137,131,6,6
79157,88,92,-4,4
79158,73,75,-2,2
79159,99,93,6,6
79160,68,71,-3,3
79161,174,171,3,3
79162,119,121,-2,2
79163,84,81,3,3
79164,103,115,-12,12
79165,174,167,7,7
79166,98,93,5,5
79167,86,72,14,14
79168,101,101,0,0
79169,88,75,13,13
79170,78,67,11,11
79171,94,87,7,7
79172,131,121,10,10
79173,104,92,12,12
79174,89,95,-6,6
79175,104,117,-13,13
79176,43,51,-8,8
79177,85,84,1,1
79178,66,69,-3,3
79179,108,114,-6,6
79180,89,101,-12,12
79181,54,59,-5,5
79182,75,73,2,2
79183,85,90,-5,5
79184,94,88,6,6
79185,58,64,-6,6
79186,191,173,18,18
79187,63,59,4,4
79188,73,67,6,6
79189,92,89,3,3
79190,125,112,13,13
79191,90,91,-1,1
79192,128,124,4,4
79193,38,47,-9,9
79194,84,77,7,7
79195,85,79,6,6
79196,147,136,11,11
79197,54,49,5,5
79198,78,77,1,1
79199,117,104,13,13
79200,78,81,-3,3
79201,83,74,9,9
79202,125,147,-22,22
79203,108,103,5,5
79204,94,91,3,3
79205,45,45,0,0
79206,120,116,4,4
79207,86,81,5,5
79208,85,86,-1,1
79209,50,50,0,0
79210,89,84,5,5
79211,90,82,8,8
79212,75,74,1,1
79213,110,111,-1,1
79214,82,79,3,3
79215,140,133,7,7
79216,102,102,0,0
79217,78,82,-4,4
79218,90,87,3,3
79219,49,51,-2,2
79220,60,61,-1,1
79221,128,139,-11,11
79222,91,93,-2,2
79223,94,90,4,4
79224,101,91,10,10
79225,90,84,6,6
79226,115,109,6,6
79227,111,92,19,19
79228,110,117,-7,7
79229,64,69,-5,5
79230,112,93,19,19
79231,88,97,-9,9
79232,108,94,14,14
79233,100,98,2,2
79234,66,63,3,3
79235,142,120,22,22
79236,64,66,-2,2
79237,140,130,10,10
79238,124,117,7,7
79239,66,67,-1,1
79240,99,87,12,12
79241,78,71,7,7
79242,103,107,-4,4
79243,121,115,6,6
79244,96,87,9,9
79245,30,39,-9,9
79246,69,63,6,6
79247,97,86,11,11
79248,81,73,8,8
79249,72,70,2,2
79250,93,83,10,10
79251,84,90,-6,6
79252,84,90,-6,6
79253,98,96,2,2
79254,57,68,-11,11
79255,81,81,0,0
79256,88,94,-6,6
79257,98,92,6,6
79258,171,157,14,14
79259,76,74,2,2
79260,126,129,-3,3
79261,90,90,0,0
79262,91,80,11,11
79263,94,83,11,11
79264,91,80,11,11
79265,122,119,3,3
79266,81,86,-5,5
79267,86,101,-15,15
79268,79,77,2,2
79269,76,80,-4,4
79270,97,103,-6,6
79271,125,145,-20,20
79272,125,126,-1,1
79273,62,65,-3,3
79274,63,67,-4,4
79275,81,80,1,1
79276,115,95,20,20
79277,162,156,6,6
79278,103,95,8,8
79279,64,66,-2,2
79280,153,133,20,20
79281,69,77,-8,8
79282,132,119,13,13
79283,76,71,5,5
79284,63,74,-11,11
79285,65,67,-2,2
79286,89,84,5,5
79287,165,133,32,32
79288,84,78,6,6
79289,89,79,10,10
79290,130,122,8,8
79291,73,65,8,8
79292,110,118,-8,8
79293,157,139,18,18
79294,82,82,0,0
79295,100,98,2,2
79296,128,121,7,7
79297,122,115,7,7
79298,102,100,2,2
79299,102,88,14,14
79300,86,74,12,12
79301,124,122,2,2
79302,157,142,15,15
79303,104,99,5,5
79304,94,93,1,1
79305,59,59,0,0
79306,103,94,9,9
79307,78,72,6,6
79308,73,74,-1,1
79309,76,77,-1,1
79310,112,121,-9,9
79311,103,113,-10,10
79312,159,126,33,33
79313,42,49,-7,7
79314,83,75,8,8
79315,108,106,2,2
79316,129,115,14,14
79317,129,124,5,5
79318,145,131,14,14
79319,70,71,-1,1
79320,71,66,5,5
79321,60,64,-4,4
79322,100,92,8,8
79323,173,162,11,11
79324,156,139,17,17
79325,101,96,5,5
79326,99,96,3,3
79327,130,124,6,6
79328,68,120,-52,52
79329,138,123,15,15
79330,138,133,5,5
79331,126,122,4,4
79332,74,68,6,6
79333,75,71,4,4
79334,79,74,5,5
79335,67,68,-1,1
79336,80,115,-35,35
79337,86,76,10,10
79338,57,58,-1,1
79339,111,119,-8,8
79340,95,93,2,2
79341,85,78,7,7
79342,88,81,7,7
79343,72,65,7,7
79344,22,55,-33,33
79345,97,83,14,14
79346,130,113,17,17
79347,55,60,-5,5
79348,95,85,10,10
79349,86,85,1,1
79350,53,54,-1,1
79351,66,64,2,2
79352,122,126,-4,4
79353,130,126,4,4
79354,135,126,9,9
79355,47,48,-1,1
79356,65,97,-32,32
79357,46,40,6,6
79358,155,134,21,21
79359,60,64,-4,4
79360,75,79,-4,4
79361,97,85,12,12
79362,142,117,25,25
79363,57,64,-7,7
79364,80,79,1,1
79365,44,45,-1,1
79366,107,105,2,2
79367,39,57,-18,18
79368,163,158,5,5
79369,152,161,-9,9
79370,119,111,8,8
79371,98,82,16,16
79372,67,81,-14,14
79373,61,58,3,3
79374,99,96,3,3
79375,62,64,-2,2
79376,68,66,2,2
79377,72,75,-3,3
79378,83,86,-3,3
79379,103,91,12,12
79380,116,123,-7,7
79381,122,121,1,1
79382,88,91,-3,3
79383,129,119,10,10
79384,86,81,5,5
79385,82,84,-2,2
79386,83,85,-2,2
79387,71,81,-10,10
79388,77,76,1,1
79389,100,101,-1,1
79390,206,188,18,18
79391,152,169,-17,17
79392,58,55,3,3
79393,141,135,6,6
79394,96,83,13,13
79395,149,125,24,24
79396,80,71,9,9
79397,48,45,3,3
79398,75,76,-1,1
79399,95,86,9,9
79400,126,127,-1,1
79401,74,71,3,3
79402,95,88,7,7
79403,59,69,-10,10
79404,164,154,10,10
79405,95,89,6,6
79406,46,55,-9,9
79407,88,82,6,6
79408,135,140,-5,5
79409,140,125,15,15
79410,103,101,2,2
79411,69,66,3,3
79412,144,125,19,19
79413,147,130,17,17
79414,105,108,-3,3
79415,154,123,31,31
79416,77,76,1,1
79417,74,76,-2,2
79418,132,120,12,12
79419,56,58,-2,2
79420,48,52,-4,4
79421,77,74,3,3
79422,20,35,-15,15
79423,94,97,-3,3
79424,66,72,-6,6
79425,72,69,3,3
79426,130,117,13,13
79427,282,243,39,39
79428,139,113,26,26
79429,99,110,-11,11
79430,67,69,-2,2
79431,72,73,-1,1
79432,96,102,-6,6
79433,76,76,0,0
79434,119,109,10,10
79435,93,82,11,11
79436,61,66,-5,5
79437,79,70,9,9
79438,107,99,8,8
79439,152,154,-2,2
79440,85,75,10,10
79441,62,58,4,4
79442,103,87,16,16
79443,59,62,-3,3
79444,109,110,-1,1
79445,84,92,-8,8
79446,85,82,3,3
79447,77,86,-9,9
79448,182,171,11,11
79449,105,105,0,0
79450,165,159,6,6
79451,101,96,5,5
79452,91,85,6,6
79453,93,89,4,4
79454,105,105,0,0
79455,98,98,0,0
79456,140,135,5,5
79457,150,136,14,14
79458,168,148,20,20
79459,155,142,13,13
79460,75,66,9,9
79461,56,54,2,2
79462,41,53,-12,12
79463,84,81,3,3
79464,46,50,-4,4
79465,168,159,9,9
79466,148,132,16,16
79467,92,92,0,0
79468,93,87,6,6
79469,108,97,11,11
79470,52,54,-2,2
79471,100,93,7,7
79472,77,83,-6,6
79473,95,87,8,8
79474,67,66,1,1
79475,84,68,16,16
79476,107,103,4,4
79477,80,74,6,6
79478,104,99,5,5
79479,86,82,4,4
79480,90,79,11,11
79481,70,79,-9,9
79482,125,132,-7,7
79483,68,65,3,3
79484,125,121,4,4
79485,133,130,3,3
79486,77,74,3,3
79487,70,72,-2,2
79488,182,163,19,19
79489,114,97,17,17
79490,114,107,7,7
79491,183,172,11,11
79492,57,63,-6,6
79493,111,107,4,4
79494,49,52,-3,3
79495,58,58,0,0
79496,97,105,-8,8
79497,141,142,-1,1
79498,133,129,4,4
79499,115,99,16,16
79500,142,130,12,12
79501,53,54,-1,1
79502,69,68,1,1
79503,152,126,26,26
79504,52,47,5,5
79505,145,138,7,7
79506,90,87,3,3
79507,125,113,12,12
79508,73,65,8,8
79509,72,71,1,1
79510,69,80,-11,11
79511,146,128,18,18
79512,149,142,7,7
79513,79,78,1,1
79514,105,111,-6,6
79515,65,63,2,2
79516,139,121,18,18
79517,123,114,9,9
79518,105,82,23,23
79519,40,47,-7,7
79520,65,67,-2,2
79521,134,124,10,10
79522,123,114,9,9
79523,127,112,15,15
79524,39,69,-30,30
79525,104,110,-6,6
79526,48,49,-1,1
79527,78,85,-7,7
79528,102,96,6,6
79529,72,60,12,12
79530,130,126,4,4
79531,107,102,5,5
79532,90,87,3,3
79533,85,78,7,7
79534,103,100,3,3
79535,118,108,10,10
79536,67,76,-9,9
79537,101,82,19,19
79538,108,101,7,7
79539,134,147,-13,13
79540,83,75,8,8
79541,103,97,6,6
79542,43,59,-16,16
79543,154,133,21,21
79544,137,132,5,5
79545,133,120,13,13
79546,165,137,28,28
79547,68,69,-1,1
79548,144,137,7,7
79549,112,109,3,3
79550,96,94,2,2
79551,84,73,11,11
79552,131,112,19,19
79553,95,86,9,9
79554,166,144,22,22
79555,56,59,-3,3
79556,112,105,7,7
79557,55,54,1,1
79558,88,86,2,2
79559,81,73,8,8
79560,79,75,4,4
79561,105,104,1,1
79562,52,55,-3,3
79563,131,120,11,11
79564,101,99,2,2
79565,98,76,22,22
79566,60,59,1,1
79567,66,69,-3,3
79568,85,74,11,11
79569,81,77,4,4
79570,117,120,-3,3
79571,61,58,3,3
79572,74,76,-2,2
79573,64,67,-3,3
79574,61,60,1,1
79575,106,100,6,6
79576,82,78,4,4
79577,68,84,-16,16
79578,100,100,0,0
79579,111,89,22,22
79580,73,80,-7,7
79581,110,105,5,5
79582,110,110,0,0
79583,150,139,11,11
79584,119,117,2,2
79585,140,136,4,4
79586,107,96,11,11
79587,31,47,-16,16
79588,111,102,9,9
79589,93,92,1,1
79590,73,74,-1,1
79591,75,78,-3,3
79592,106,116,-10,10
79593,46,52,-6,6
79594,169,156,13,13
79595,128,120,8,8
79596,189,183,6,6
79597,119,112,7,7
79598,61,54,7,7
79599,109,106,3,3
79600,129,113,16,16
79601,118,118,0,0
79602,91,89,2,2
79603,95,91,4,4
79604,106,88,18,18
79605,188,173,15,15
79606,78,75,3,3
79607,59,72,-13,13
79608,66,64,2,2
79609,62,64,-2,2
79610,137,128,9,9
79611,82,80,2,2
79612,115,115,0,0
79613,102,99,3,3
79614,50,73,-23,23
79615,119,115,4,4
79616,159,154,5,5
79617,146,139,7,7
79618,62,58,4,4
79619,72,67,5,5
79620,82,78,4,4
79621,64,64,0,0
79622,74,76,-2,2
79623,104,93,11,11
79624,169,126,43,43
79625,86,88,-2,2
79626,178,181,-3,3
79627,83,79,4,4
79628,115,111,4,4
79629,124,122,2,2
79630,123,145,-22,22
79631,90,88,2,2
79632,51,52,-1,1
79633,99,92,7,7
79634,99,118,-19,19
79635,108,91,17,17
79636,124,104,20,20
79637,144,138,6,6
79638,128,132,-4,4
79639,70,71,-1,1
79640,74,80,-6,6
79641,134,132,2,2
79642,119,120,-1,1
79643,41,44,-3,3
79644,101,103,-2,2
79645,149,134,15,15
79646,121,110,11,11
79647,56,51,5,5
79648,108,101,7,7
79649,72,75,-3,3
79650,98,87,11,11
79651,67,64,3,3
79652,69,68,1,1
79653,89,83,6,6
79654,122,128,-6,6
79655,75,76,-1,1
79656,80,83,-3,3
79657,184,179,5,5
79658,80,77,3,3
79659,136,128,8,8
79660,85,83,2,2
79661,86,80,6,6
79662,99,102,-3,3
79663,161,154,7,7
79664,106,110,-4,4
79665,86,85,1,1
79666,160,144,16,16
79667,140,141,-1,1
79668,157,153,4,4
79669,121,119,2,2
79670,61,67,-6,6
79671,108,102,6,6
79672,110,105,5,5
79673,101,90,11,11
79674,85,83,2,2
79675,125,117,8,8
79676,67,66,1,1
79677,64,63,1,1
79678,47,64,-17,17
79679,111,114,-3,3
79680,45,51,-6,6
79681,79,65,14,14
79682,102,94,8,8
79683,99,81,18,18
79684,121,112,9,9
79685,75,83,-8,8
79686,172,159,13,13
79687,67,69,-2,2
79688,111,99,12,12
79689,119,124,-5,5
79690,134,120,14,14
79691,139,129,10,10
79692,67,68,-1,1
79693,100,116,-16,16
79694,64,68,-4,4
79695,105,103,2,2
79696,106,101,5,5
79697,41,45,-4,4
79698,122,113,9,9
79699,96,95,1,1
79700,74,74,0,0
79701,97,87,10,10
79702,106,98,8,8
79703,58,52,6,6
79704,61,59,2,2
79705,72,66,6,6
79706,97,98,-1,1
79707,104,102,2,2
79708,90,87,3,3
79709,190,173,17,17
79710,113,120,-7,7
79711,72,92,-20,20
79712,102,93,9,9
79713,143,111,32,32
79714,71,68,3,3
79715,80,82,-2,2
79716,45,48,-3,3
79717,57,60,-3,3
79718,109,103,6,6
79719,80,78,2,2
79720,54,56,-2,2
79721,75,78,-3,3
79722,80,83,-3,3
79723,73,73,0,0
79724,216,190,26,26
79725,73,77,-4,4
79726,124,116,8,8
79727,160,124,36,36
79728,140,127,13,13
79729,136,126,10,10
79730,68,62,6,6
79731,91,89,2,2
79732,69,59,10,10
79733,93,99,-6,6
79734,103,97,6,6
79735,93,93,0,0
79736,53,59,-6,6
79737,116,108,8,8
79738,57,64,-7,7
79739,89,86,3,3
79740,58,54,4,4
79741,136,133,3,3
79742,95,93,2,2
79743,59,64,-5,5
79744,169,152,17,17
79745,105,104,1,1
79746,119,99,20,20
79747,89,86,3,3
79748,132,119,13,13
79749,81,72,9,9
79750,52,43,9,9
79751,139,114,25,25
79752,60,60,0,0
79753,128,118,10,10
79754,54,49,5,5
79755,123,120,3,3
79756,99,95,4,4
79757,36,42,-6,6
79758,40,41,-1,1
79759,114,111,3,3
79760,89,77,12,12
79761,68,70,-2,2
79762,96,85,11,11
79763,120,113,7,7
79764,85,83,2,2
79765,67,61,6,6
79766,90,86,4,4
79767,59,56,3,3
79768,86,78,8,8
79769,187,173,14,14
79770,117,107,10,10
79771,50,62,-12,12
79772,90,85,5,5
79773,92,80,12,12
79774,57,61,-4,4
79775,55,54,1,1
79776,51,61,-10,10
79777,84,82,2,2
79778,110,107,3,3
79779,52,67,-15,15
79780,56,66,-10,10
79781,82,80,2,2
79782,141,136,5,5
79783,104,98,6,6
79784,113,116,-3,3
79785,119,109,10,10
79786,124,118,6,6
79787,79,79,0,0
79788,99,90,9,9
79789,133,114,19,19
79790,53,52,1,1
79791,88,85,3,3
79792,58,58,0,0
79793,90,88,2,2
79794,89,93,-4,4
79795,91,94,-3,3
79796,110,105,5,5
79797,77,76,1,1
79798,71,71,0,0
79799,77,79,-2,2
79800,115,116,-1,1
79801,62,69,-7,7
79802,167,161,6,6
79803,105,106,-1,1
79804,100,93,7,7
79805,100,104,-4,4
79806,111,114,-3,3
79807,92,87,5,5
79808,162,152,10,10
79809,109,106,3,3
79810,164,152,12,12
79811,63,54,9,9
79812,67,71,-4,4
79813,158,155,3,3
79814,82,80,2,2
79815,65,59,6,6
79816,118,105,13,13
79817,87,91,-4,4
79818,159,153,6,6
79819,122,110,12,12
79820,102,100,2,2
79821,63,65,-2,2
79822,94,91,3,3
79823,100,99,1,1
79824,87,72,15,15
79825,98,87,11,11
79826,79,73,6,6
79827,104,93,11,11
79828,115,100,15,15
79829,118,132,-14,14
79830,82,79,3,3
79831,130,117,13,13
79832,98,99,-1,1
79833,141,140,1,1
79834,197,175,22,22
79835,141,137,4,4
79836,91,90,1,1
79837,80,75,5,5
79838,104,90,14,14
79839,171,158,13,13
79840,292,240,52,52
79841,113,112,1,1
79842,111,103,8,8
79843,116,110,6,6
79844,66,62,4,4
79845,146,139,7,7
79846,62,64,-2,2
79847,105,97,8,8
79848,66,67,-1,1
79849,59,58,1,1
79850,74,73,1,1
79851,91,80,11,11
79852,117,109,8,8
79853,101,102,-1,1
79854,167,169,-2,2
79855,69,66,3,3
79856,120,115,5,5
79857,119,111,8,8
79858,130,117,13,13
79859,69,66,3,3
79860,97,99,-2,2
79861,76,79,-3,3
79862,183,171,12,12
79863,65,73,-8,8
79864,155,140,15,15
79865,80,77,3,3
79866,107,108,-1,1
79867,46,61,-15,15
79868,95,89,6,6
79869,72,72,0,0
79870,74,79,-5,5
79871,73,71,2,2
79872,66,63,3,3
79873,76,79,-3,3
79874,75,77,-2,2
79875,36,59,-23,23
79876,82,81,1,1
79877,150,136,14,14
79878,88,91,-3,3
79879,40,41,-1,1
79880,82,81,1,1
79881,166,153,13,13
79882,113,107,6,6
79883,120,119,1,1
79884,136,128,8,8
79885,53,57,-4,4
79886,233,224,9,9
79887,78,72,6,6
79888,112,105,7,7
79889,103,112,-9,9
79890,100,89,11,11
79891,86,92,-6,6
79892,69,72,-3,3
79893,109,104,5,5
79894,105,98,7,7
79895,51,83,-32,32
79896,99,105,-6,6
79897,138,138,0,0
79898,42,88,-46,46
79899,87,79,8,8
79900,141,133,8,8
79901,75,83,-8,8
79902,96,90,6,6
79903,56,55,1,1
79904,122,111,11,11
79905,65,66,-1,1
79906,113,97,16,16
79907,67,61,6,6
79908,83,80,3,3
79909,91,75,16,16
79910,136,135,1,1
79911,85,77,8,8
79912,66,67,-1,1
79913,79,63,16,16
79914,73,69,4,4
79915,106,100,6,6
79916,76,73,3,3
79917,149,136,13,13
79918,38,49,-11,11
79919,108,99,9,9
79920,91,91,0,0
79921,105,99,6,6
79922,85,85,0,0
79923,62,73,-11,11
79924,117,130,-13,13
79925,62,68,-6,6
79926,115,103,12,12
79927,85,69,16,16
79928,150,148,2,2
79929,132,133,-1,1
79930,74,75,-1,1
79931,44,64,-20,20
79932,152,149,3,3
79933,142,143,-1,1
79934,106,108,-2,2
79935,97,99,-2,2
79936,97,85,12,12
79937,53,62,-9,9
79938,116,115,1,1
79939,141,134,7,7
79940,109,104,5,5
79941,90,83,7,7
79942,111,108,3,3
79943,186,184,2,2
79944,133,124,9,9
79945,83,76,7,7
79946,69,80,-11,11
79947,73,76,-3,3
79948,154,137,17,17
79949,93,100,-7,7
79950,87,81,6,6
79951,126,124,2,2
79952,91,91,0,0
79953,79,78,1,1
79954,82,82,0,0
79955,112,88,24,24
79956,72,64,8,8
79957,179,174,5,5
79958,67,72,-5,5
79959,61,78,-17,17
79960,134,122,12,12
79961,129,113,16,16
79962,79,74,5,5
79963,95,94,1,1
79964,147,133,14,14
79965,86,88,-2,2
79966,64,67,-3,3
79967,73,77,-4,4
79968,60,61,-1,1
79969,122,125,-3,3
79970,91,92,-1,1
79971,78,86,-8,8
79972,69,75,-6,6
79973,64,82,-18,18
79974,120,107,13,13
79975,101,98,3,3
79976,51,53,-2,2
79977,80,86,-6,6
79978,100,127,-27,27
79979,104,101,3,3
79980,69,76,-7,7
79981,94,91,3,3
79982,110,117,-7,7
79983,157,153,4,4
79984,56,59,-3,3
79985,118,116,2,2
79986,29,22,7,7
79987,110,134,-24,24
79988,102,94,8,8
79989,78,77,1,1
79990,116,124,-8,8
79991,129,125,4,4
79992,124,129,-5,5
79993,69,84,-15,15
79994,94,95,-1,1
79995,105,93,12,12
79996,127,138,-11,11
79997,99,95,4,4
79998,106,87,19,19
79999,45,43,2,2
80000,73,69,4,4
80001,57,52,5,5
80002,71,69,2,2
80003,84,85,-1,1
80004,91,91,0,0
80005,93,90,3,3
80006,75,78,-3,3
80007,98,89,9,9
80008,76,72,4,4
80009,87,85,2,2
80010,100,104,-4,4
80011,101,90,11,11
80012,63,73,-10,10
80013,94,82,12,12
80014,58,64,-6,6
80015,77,68,9,9
80016,136,121,15,15
80017,86,88,-2,2
80018,109,100,9,9
80019,77,75,2,2
80020,146,134,12,12
80021,128,124,4,4
80022,164,154,10,10
80023,71,71,0,0
80024,147,147,0,0
80025,96,89,7,7
80026,65,65,0,0
80027,95,90,5,5
80028,84,83,1,1
80029,104,95,9,9
80030,75,76,-1,1
80031,168,160,8,8
80032,200,175,25,25
80033,153,154,-1,1
80034,171,166,5,5
80035,111,117,-6,6
80036,65,74,-9,9
80037,85,93,-8,8
80038,98,84,14,14
80039,111,106,5,5
80040,112,106,6,6
80041,113,105,8,8
80042,148,128,20,20
80043,115,108,7,7
80044,63,68,-5,5
80045,95,85,10,10
80046,98,98,0,0
80047,117,113,4,4
80048,144,132,12,12
80049,115,119,-4,4
80050,124,113,11,11
80051,115,115,0,0
80052,93,95,-2,2
80053,83,82,1,1
80054,83,81,2,2
80055,106,104,2,2
80056,104,101,3,3
80057,149,162,-13,13
80058,94,98,-4,4
80059,61,63,-2,2
80060,63,72,-9,9
80061,98,97,1,1
80062,70,76,-6,6
80063,96,97,-1,1
80064,89,83,6,6
80065,120,137,-17,17
80066,85,75,10,10
80067,159,131,28,28
80068,144,142,2,2
80069,63,67,-4,4
80070,102,100,2,2
80071,119,106,13,13
80072,106,106,0,0
80073,88,75,13,13
80074,54,54,0,0
80075,58,59,-1,1
80076,130,115,15,15
80077,168,148,20,20
80078,73,69,4,4
80079,133,133,0,0
80080,98,98,0,0
80081,86,79,7,7
80082,81,82,-1,1
80083,83,80,3,3
80084,59,62,-3,3
80085,43,46,-3,3
80086,80,79,1,1
80087,73,76,-3,3
80088,86,84,2,2
80089,89,108,-19,19
80090,77,77,0,0
80091,59,52,7,7
80092,64,94,-30,30
80093,82,74,8,8
80094,47,47,0,0
80095,99,79,20,20
80096,104,100,4,4
80097,62,68,-6,6
80098,70,75,-5,5
80099,65,67,-2,2
80100,79,75,4,4
80101,86,84,2,2
80102,105,96,9,9
80103,91,94,-3,3
80104,117,103,14,14
80105,43,45,-2,2
80106,171,157,14,14
80107,115,110,5,5
80108,111,109,2,2
80109,73,73,0,0
80110,118,108,10,10
80111,84,76,8,8
80112,96,96,0,0
80113,115,113,2,2
80114,172,155,17,17
80115,138,130,8,8
80116,130,114,16,16
80117,142,131,11,11
80118,92,92,0,0
80119,71,64,7,7
80120,42,47,-5,5
80121,93,85,8,8
80122,116,100,16,16
80123,90,76,14,14
80124,74,75,-1,1
80125,56,63,-7,7
80126,139,121,18,18
80127,76,84,-8,8
80128,97,99,-2,2
80129,88,89,-1,1
80130,70,68,2,2
80131,148,136,12,12
80132,70,66,4,4
80133,112,107,5,5
80134,81,67,14,14
80135,52,53,-1,1
80136,95,95,0,0
80137,80,80,0,0
80138,46,49,-3,3
80139,50,49,1,1
80140,129,123,6,6
80141,90,89,1,1
80142,132,108,24,24
80143,143,133,10,10
80144,130,143,-13,13
80145,147,134,13,13
80146,103,93,10,10
80147,61,59,2,2
80148,88,92,-4,4
80149,158,143,15,15
80150,50,54,-4,4
80151,115,111,4,4
80152,86,92,-6,6
80153,95,89,6,6
80154,135,140,-5,5
80155,84,86,-2,2
80156,116,131,-15,15
80157,31,41,-10,10
80158,86,84,2,2
80159,87,77,10,10
80160,99,87,12,12
80161,61,66,-5,5
80162,66,64,2,2
80163,99,95,4,4
80164,83,68,15,15
80165,63,67,-4,4
80166,85,76,9,9
80167,90,89,1,1
80168,114,106,8,8
80169,77,76,1,1
80170,74,79,-5,5
80171,85,81,4,4
80172,49,85,-36,36
80173,29,41,-12,12
80174,77,67,10,10
80175,70,67,3,3
80176,72,78,-6,6
80177,67,83,-16,16
80178,73,73,0,0
80179,112,99,13,13
80180,153,148,5,5
80181,120,114,6,6
80182,96,94,2,2
80183,104,98,6,6
80184,74,74,0,0
80185,50,48,2,2
80186,74,70,4,4
80187,91,82,9,9
80188,100,97,3,3
80189,45,55,-10,10
80190,96,96,0,0
80191,57,56,1,1
80192,117,106,11,11
80193,116,112,4,4
80194,117,114,3,3
80195,85,92,-7,7
80196,90,90,0,0
80197,120,102,18,18
80198,63,68,-5,5
80199,131,142,-11,11
80200,55,58,-3,3
80201,159,158,1,1
80202,95,87,8,8
80203,91,89,2,2
80204,52,49,3,3
80205,73,65,8,8
80206,107,101,6,6
80207,73,75,-2,2
80208,144,130,14,14
80209,101,106,-5,5
80210,84,76,8,8
80211,72,77,-5,5
80212,100,109,-9,9
80213,57,59,-2,2
80214,89,79,10,10
80215,85,82,3,3
80216,136,130,6,6
80217,104,107,-3,3
80218,180,162,18,18
80219,88,83,5,5
80220,81,87,-6,6
80221,98,93,5,5
80222,63,56,7,7
80223,81,91,-10,10
80224,132,136,-4,4
80225,139,134,5,5
80226,156,138,18,18
80227,94,94,0,0
80228,113,114,-1,1
80229,155,169,-14,14
80230,106,92,14,14
80231,71,71,0,0
80232,98,102,-4,4
80233,48,127,-79,79
80234,54,54,0,0
80235,86,81,5,5
80236,103,101,2,2
80237,148,134,14,14
80238,73,67,6,6
80239,135,136,-1,1
80240,93,88,5,5
80241,137,136,1,1
80242,82,75,7,7
80243,78,71,7,7
80244,95,96,-1,1
80245,74,72,2,2
80246,95,93,2,2
80247,64,65,-1,1
80248,100,101,-1,1
80249,95,96,-1,1
80250,28,42,-14,14
80251,38,41,-3,3
80252,92,86,6,6
80253,134,131,3,3
80254,68,70,-2,2
80255,117,111,6,6
80256,118,107,11,11
80257,79,74,5,5
80258,61,66,-5,5
80259,132,118,14,14
80260,98,106,-8,8
80261,70,73,-3,3
80262,117,107,10,10
80263,61,55,6,6
80264,69,67,2,2
80265,76,67,9,9
80266,56,61,-5,5
80267,108,99,9,9
80268,70,66,4,4
80269,53,53,0,0
80270,94,88,6,6
80271,158,150,8,8
80272,146,137,9,9
80273,94,92,2,2
80274,48,49,-1,1
80275,85,83,2,2
80276,117,100,17,17
80277,119,105,14,14
80278,72,77,-5,5
80279,103,98,5,5
80280,85,81,4,4
80281,121,104,17,17
80282,66,74,-8,8
80283,177,182,-5,5
80284,85,80,5,5
80285,151,150,1,1
80286,57,53,4,4
80287,83,68,15,15
80288,68,65,3,3
80289,118,117,1,1
80290,70,69,1,1
80291,30,47,-17,17
80292,94,100,-6,6
80293,68,70,-2,2
80294,153,153,0,0
80295,81,75,6,6
80296,106,99,7,7
80297,93,81,12,12
80298,152,149,3,3
80299,117,115,2,2
80300,121,113,8,8
80301,104,103,1,1
80302,130,114,16,16
80303,113,106,7,7
80304,108,96,12,12
80305,110,97,13,13
80306,76,84,-8,8
80307,119,114,5,5
80308,79,68,11,11
80309,96,91,5,5
80310,74,88,-14,14
80311,71,66,5,5
80312,79,70,9,9
80313,62,66,-4,4
80314,67,68,-1,1
80315,149,127,22,22
80316,70,71,-1,1
80317,87,83,4,4
80318,302,264,38,38
80319,51,55,-4,4
80320,73,70,3,3
80321,47,47,0,0
80322,138,123,15,15
80323,155,142,13,13
80324,67,74,-7,7
80325,118,118,0,0
80326,73,74,-1,1
80327,67,69,-2,2
80328,43,57,-14,14
80329,101,102,-1,1
80330,89,82,7,7
80331,67,71,-4,4
80332,148,142,6,6
80333,131,122,9,9
80334,73,64,9,9
80335,135,136,-1,1
80336,71,78,-7,7
80337,71,70,1,1
80338,108,91,17,17
80339,131,118,13,13
80340,115,125,-10,10
80341,56,53,3,3
80342,84,78,6,6
80343,92,94,-2,2
80344,38,38,0,0
80345,134,114,20,20
80346,75,77,-2,2
80347,124,108,16,16
80348,126,123,3,3
80349,103,113,-10,10
80350,57,54,3,3
80351,82,87,-5,5
80352,113,110,3,3
80353,103,112,-9,9
80354,119,102,17,17
80355,259,271,-12,12
80356,87,83,4,4
80357,180,147,33,33
80358,84,89,-5,5
80359,110,116,-6,6
80360,116,101,15,15
80361,114,114,0,0
80362,124,128,-4,4
80363,92,82,10,10
80364,86,90,-4,4
80365,85,86,-1,1
80366,65,64,1,1
80367,73,70,3,3
80368,72,72,0,0
80369,108,107,1,1
80370,47,48,-1,1
80371,96,94,2,2
80372,66,72,-6,6
80373,70,76,-6,6
80374,134,125,9,9
80375,47,49,-2,2
80376,50,56,-6,6
80377,69,77,-8,8
80378,82,83,-1,1
80379,103,95,8,8
80380,79,75,4,4
80381,82,81,1,1
80382,77,83,-6,6
80383,77,79,-2,2
80384,99,94,5,5
80385,99,95,4,4
80386,156,162,-6,6
80387,82,75,7,7
80388,123,110,13,13
80389,75,69,6,6
80390,47,53,-6,6
80391,32,42,-10,10
80392,72,74,-2,2
80393,92,88,4,4
80394,128,104,24,24
80395,100,102,-2,2
80396,78,83,-5,5
80397,141,130,11,11
80398,361,281,80,80
80399,142,128,14,14
80400,28,59,-31,31
80401,53,53,0,0
80402,80,81,-1,1
80403,81,83,-2,2
80404,181,151,30,30
80405,55,63,-8,8
80406,81,78,3,3
80407,58,60,-2,2
80408,28,35,-7,7
80409,76,80,-4,4
80410,77,82,-5,5
80411,125,117,8,8
80412,89,97,-8,8
80413,91,86,5,5
80414,103,106,-3,3
80415,97,94,3,3
80416,90,78,12,12
80417,69,70,-1,1
80418,140,133,7,7
80419,59,54,5,5
80420,140,131,9,9
80421,119,116,3,3
80422,86,90,-4,4
80423,71,72,-1,1
80424,179,165,14,14
80425,119,103,16,16
80426,115,104,11,11
80427,61,70,-9,9
80428,160,156,4,4
80429,127,126,1,1
80430,186,184,2,2
80431,95,91,4,4
80432,73,79,-6,6
80433,86,80,6,6
80434,64,67,-3,3
80435,164,150,14,14
80436,80,75,5,5
80437,107,125,-18,18
80438,138,125,13,13
80439,95,90,5,5
80440,161,144,17,17
80441,81,77,4,4
80442,118,111,7,7
80443,102,97,5,5
80444,79,77,2,2
80445,83,80,3,3
80446,96,81,15,15
80447,99,97,2,2
80448,101,97,4,4
80449,73,74,-1,1
80450,151,139,12,12
80451,86,90,-4,4
80452,107,98,9,9
80453,102,93,9,9
80454,87,84,3,3
80455,110,102,8,8
80456,75,85,-10,10
80457,68,86,-18,18
80458,88,90,-2,2
80459,84,78,6,6
80460,81,76,5,5
80461,78,79,-1,1
80462,73,72,1,1
80463,103,91,12,12
80464,175,157,18,18
80465,122,114,8,8
80466,106,100,6,6
80467,53,47,6,6
80468,120,116,4,4
80469,135,130,5,5
80470,96,89,7,7
80471,69,69,0,0
80472,86,84,2,2
80473,94,93,1,1
80474,46,49,-3,3
80475,93,93,0,0
80476,111,110,1,1
80477,54,56,-2,2
80478,63,59,4,4
80479,59,66,-7,7
80480,61,65,-4,4
80481,68,76,-8,8
80482,140,120,20,20
80483,79,72,7,7
80484,148,149,-1,1
80485,114,108,6,6
80486,77,81,-4,4
80487,95,83,12,12
80488,53,49,4,4
80489,102,102,0,0
80490,150,151,-1,1
80491,142,120,22,22
80492,123,123,0,0
80493,85,76,9,9
80494,86,75,11,11
80495,106,95,11,11
80496,123,110,13,13
80497,99,93,6,6
80498,78,69,9,9
80499,74,69,5,5
80500,83,78,5,5
80501,68,95,-27,27
80502,100,103,-3,3
80503,71,64,7,7
80504,85,69,16,16
80505,105,95,10,10
80506,132,125,7,7
80507,109,95,14,14
80508,95,90,5,5
80509,101,93,8,8
80510,49,54,-5,5
80511,37,42,-5,5
80512,80,85,-5,5
80513,66,54,12,12
80514,70,71,-1,1
80515,93,82,11,11
80516,54,60,-6,6
80517,99,104,-5,5
80518,100,92,8,8
80519,143,136,7,7
80520,67,61,6,6
80521,69,68,1,1
80522,72,88,-16,16
80523,88,92,-4,4
80524,116,89,27,27
80525,103,100,3,3
80526,129,127,2,2
80527,112,103,9,9
80528,47,48,-1,1
80529,80,76,4,4
80530,87,81,6,6
80531,102,102,0,0
80532,111,107,4,4
80533,113,113,0,0
80534,85,79,6,6
80535,57,63,-6,6
80536,110,102,8,8
80537,91,88,3,3
80538,127,119,8,8
80539,71,67,4,4
80540,110,98,12,12
80541,143,135,8,8
80542,90,89,1,1
80543,122,105,17,17
80544,124,110,14,14
80545,53,55,-2,2
80546,77,80,-3,3
80547,35,41,-6,6
80548,63,74,-11,11
80549,115,106,9,9
80550,128,122,6,6
80551,99,98,1,1
80552,90,94,-4,4
80553,80,77,3,3
80554,98,95,3,3
80555,95,91,4,4
80556,138,132,6,6
80557,84,82,2,2
80558,129,129,0,0
80559,101,88,13,13
80560,109,92,17,17
80561,142,137,5,5
80562,72,57,15,15
80563,110,106,4,4
80564,52,49,3,3
80565,66,79,-13,13
80566,69,69,0,0
80567,79,75,4,4
80568,69,71,-2,2
80569,97,92,5,5
80570,96,88,8,8
80571,105,99,6,6
80572,144,132,12,12
80573,129,116,13,13
80574,75,77,-2,2
80575,111,99,12,12
80576,149,138,11,11
80577,110,104,6,6
80578,73,72,1,1
80579,58,58,0,0
80580,47,47,0,0
80581,82,88,-6,6
80582,70,70,0,0
80583,124,103,21,21
80584,78,78,0,0
80585,136,123,13,13
80586,147,151,-4,4
80587,84,97,-13,13
80588,121,109,12,12
80589,63,58,5,5
80590,94,91,3,3
80591,125,126,-1,1
80592,82,86,-4,4
80593,158,137,21,21
80594,67,68,-1,1
80595,61,67,-6,6
80596,119,113,6,6
80597,65,69,-4,4
80598,86,88,-2,2
80599,98,82,16,16
80600,143,138,5,5
80601,105,104,1,1
80602,113,122,-9,9
80603,77,71,6,6
80604,107,109,-2,2
80605,58,62,-4,4
80606,145,139,6,6
80607,52,68,-16,16
80608,109,97,12,12
80609,71,71,0,0
80610,64,67,-3,3
80611,129,117,12,12
80612,83,86,-3,3
80613,40,61,-21,21
80614,102,104,-2,2
80615,65,60,5,5
80616,100,84,16,16
80617,131,124,7,7
80618,90,83,7,7
80619,92,95,-3,3
80620,67,77,-10,10
80621,121,113,8,8
80622,126,111,15,15
80623,93,92,1,1
80624,157,147,10,10
80625,89,85,4,4
80626,53,58,-5,5
80627,96,89,7,7
80628,111,98,13,13
80629,121,114,7,7
80630,67,77,-10,10
80631,59,57,2,2
80632,88,87,1,1
80633,71,82,-11,11
80634,57,58,-1,1
80635,118,109,9,9
80636,78,71,7,7
80637,118,110,8,8
80638,85,83,2,2
80639,102,98,4,4
80640,69,74,-5,5
80641,179,177,2,2
80642,94,107,-13,13
80643,100,98,2,2
80644,91,83,8,8
80645,139,143,-4,4
80646,77,80,-3,3
80647,64,65,-1,1
80648,64,61,3,3
80649,137,132,5,5
80650,113,108,5,5
80651,93,84,9,9
80652,100,102,-2,2
80653,88,83,5,5
80654,87,84,3,3
80655,144,133,11,11
80656,41,52,-11,11
80657,51,58,-7,7
80658,78,76,2,2
80659,72,67,5,5
80660,66,66,0,0
80661,58,68,-10,10
80662,123,119,4,4
80663,90,83,7,7
80664,56,51,5,5
80665,98,81,17,17
80666,91,85,6,6
80667,126,113,13,13
80668,68,50,18,18
80669,117,103,14,14
80670,46,53,-7,7
80671,71,73,-2,2
80672,111,99,12,12
80673,89,83,6,6
80674,58,63,-5,5
80675,104,102,2,2
80676,110,98,12,12
80677,101,97,4,4
80678,203,215,-12,12
80679,90,90,0,0
80680,82,77,5,5
80681,133,115,18,18
80682,67,65,2,2
80683,75,74,1,1
80684,90,80,10,10
80685,91,82,9,9
80686,91,89,2,2
80687,67,74,-7,7
80688,122,116,6,6
80689,59,60,-1,1
80690,40,50,-10,10
80691,104,93,11,11
80692,118,120,-2,2
80693,92,79,13,13
80694,157,161,-4,4
80695,65,67,-2,2
80696,60,65,-5,5
80697,100,92,8,8
80698,31,38,-7,7
80699,94,85,9,9
80700,45,49,-4,4
80701,109,98,11,11
80702,85,81,4,4
80703,86,91,-5,5
80704,185,167,18,18
80705,97,91,6,6
80706,69,59,10,10
80707,194,184,10,10
80708,63,77,-14,14
80709,141,136,5,5
80710,87,72,15,15
80711,131,120,11,11
80712,152,137,15,15
80713,96,90,6,6
80714,111,105,6,6
80715,92,79,13,13
80716,108,98,10,10
80717,83,76,7,7
80718,52,56,-4,4
80719,103,102,1,1
80720,189,172,17,17
80721,80,69,11,11
80722,149,137,12,12
80723,146,127,19,19
80724,66,61,5,5
80725,38,43,-5,5
80726,124,129,-5,5
80727,55,59,-4,4
80728,141,111,30,30
80729,83,111,-28,28
80730,144,144,0,0
80731,127,128,-1,1
80732,80,70,10,10
80733,125,116,9,9
80734,115,103,12,12
80735,79,77,2,2
80736,73,74,-1,1
80737,92,71,21,21
80738,84,82,2,2
80739,103,101,2,2
80740,104,109,-5,5
80741,101,102,-1,1
80742,92,93,-1,1
80743,169,148,21,21
80744,53,53,0,0
80745,114,100,14,14
80746,138,134,4,4
80747,86,81,5,5
80748,85,81,4,4
80749,147,140,7,7
80750,58,64,-6,6
80751,128,123,5,5
80752,65,68,-3,3
80753,89,84,5,5
80754,95,92,3,3
80755,84,86,-2,2
80756,115,103,12,12
80757,142,130,12,12
80758,120,109,11,11
80759,102,100,2,2
80760,121,136,-15,15
80761,48,54,-6,6
80762,127,104,23,23
80763,76,68,8,8
80764,133,119,14,14
80765,108,97,11,11
80766,67,64,3,3
80767,33,45,-12,12
80768,148,130,18,18
80769,115,100,15,15
80770,68,98,-30,30
80771,132,140,-8,8
80772,167,149,18,18
80773,145,148,-3,3
80774,126,121,5,5
80775,72,63,9,9
80776,108,110,-2,2
80777,75,78,-3,3
80778,66,71,-5,5
80779,72,67,5,5
80780,99,90,9,9
80781,67,64,3,3
80782,113,108,5,5
80783,108,97,11,11
80784,94,87,7,7
80785,57,64,-7,7
80786,97,83,14,14
80787,64,68,-4,4
80788,127,122,5,5
80789,90,79,11,11
80790,185,178,7,7
80791,110,96,14,14
80792,59,65,-6,6
80793,119,104,15,15
80794,88,94,-6,6
80795,196,173,23,23
80796,95,92,3,3
80797,69,76,-7,7
80798,159,160,-1,1
80799,66,84,-18,18
80800,100,85,15,15
80801,90,92,-2,2
80802,71,66,5,5
80803,63,64,-1,1
80804,104,91,13,13
80805,64,70,-6,6
80806,67,76,-9,9
80807,71,73,-2,2
80808,155,140,15,15
80809,89,80,9,9
80810,128,117,11,11
80811,95,96,-1,1
80812,51,50,1,1
80813,118,108,10,10
80814,102,99,3,3
80815,124,118,6,6
80816,68,69,-1,1
80817,50,51,-1,1
80818,86,89,-3,3
80819,89,87,2,2
80820,113,98,15,15
80821,126,115,11,11
80822,64,74,-10,10
80823,120,118,2,2
80824,62,65,-3,3
80825,73,87,-14,14
80826,145,135,10,10
80827,63,63,0,0
80828,80,85,-5,5
80829,82,79,3,3
80830,41,38,3,3
80831,93,93,0,0
80832,107,100,7,7
80833,60,59,1,1
80834,93,85,8,8
80835,97,94,3,3
80836,90,88,2,2
80837,111,114,-3,3
80838,57,56,1,1
80839,75,70,5,5
80840,54,62,-8,8
80841,55,70,-15,15
80842,84,83,1,1
80843,95,90,5,5
80844,101,87,14,14
80845,91,86,5,5
80846,65,67,-2,2
80847,59,63,-4,4
80848,112,104,8,8
80849,164,157,7,7
80850,61,68,-7,7
80851,75,77,-2,2
80852,149,137,12,12
80853,152,137,15,15
80854,65,67,-2,2
80855,90,86,4,4
80856,96,97,-1,1
80857,105,101,4,4
80858,75,80,-5,5
80859,61,61,0,0
80860,102,94,8,8
80861,96,86,10,10
80862,96,85,11,11
80863,89,82,7,7
80864,100,94,6,6
80865,96,86,10,10
80866,57,56,1,1
80867,67,73,-6,6
80868,148,141,7,7
80869,108,101,7,7
80870,50,51,-1,1
80871,151,137,14,14
80872,72,77,-5,5
80873,55,61,-6,6
80874,166,137,29,29
80875,75,78,-3,3
80876,154,132,22,22
80877,71,74,-3,3
80878,77,79,-2,2
80879,72,65,7,7
80880,79,80,-1,1
80881,166,150,16,16
80882,72,74,-2,2
80883,91,85,6,6
80884,80,81,-1,1
80885,111,86,25,25
80886,81,86,-5,5
80887,74,72,2,2
80888,129,120,9,9
80889,120,106,14,14
80890,79,73,6,6
80891,95,84,11,11
80892,82,85,-3,3
80893,124,111,13,13
80894,73,70,3,3
80895,328,436,-108,108
80896,95,84,11,11
80897,90,83,7,7
80898,105,100,5,5
80899,131,125,6,6
80900,96,88,8,8
80901,64,52,12,12
80902,129,105,24,24
80903,84,71,13,13
80904,126,117,9,9
80905,132,119,13,13
80906,108,105,3,3
80907,74,71,3,3
80908,122,114,8,8
80909,96,104,-8,8
80910,172,176,-4,4
80911,150,133,17,17
80912,82,81,1,1
80913,119,118,1,1
80914,42,48,-6,6
80915,125,108,17,17
80916,47,44,3,3
80917,78,70,8,8
80918,51,54,-3,3
80919,56,62,-6,6
80920,100,105,-5,5
80921,105,99,6,6
80922,241,193,48,48
80923,148,131,17,17
80924,49,49,0,0
80925,116,109,7,7
80926,45,42,3,3
80927,89,80,9,9
80928,83,85,-2,2
80929,106,104,2,2
80930,84,94,-10,10
80931,82,76,6,6
80932,69,72,-3,3
80933,87,86,1,1
80934,85,99,-14,14
80935,75,67,8,8
80936,142,137,5,5
80937,84,81,3,3
80938,112,92,20,20
80939,74,76,-2,2
80940,82,85,-3,3
80941,96,95,1,1
80942,106,100,6,6
80943,41,49,-8,8
80944,70,65,5,5
80945,62,64,-2,2
80946,108,106,2,2
80947,115,102,13,13
80948,79,74,5,5
80949,101,97,4,4
80950,73,70,3,3
80951,69,71,-2,2
80952,42,42,0,0
80953,130,120,10,10
80954,74,66,8,8
80955,69,70,-1,1
80956,112,100,12,12
80957,95,95,0,0
80958,56,53,3,3
80959,98,87,11,11
80960,93,95,-2,2
80961,93,87,6,6
80962,99,97,2,2
80963,137,124,13,13
80964,127,124,3,3
80965,82,77,5,5
80966,58,68,-10,10
80967,83,75,8,8
80968,130,118,12,12
80969,99,81,18,18
80970,134,128,6,6
80971,134,119,15,15
80972,73,69,4,4
80973,98,107,-9,9
80974,56,56,0,0
80975,106,106,0,0
80976,157,144,13,13
80977,70,70,0,0
80978,105,100,5,5
80979,108,112,-4,4
80980,65,67,-2,2
80981,82,75,7,7
80982,75,73,2,2
80983,88,89,-1,1
80984,79,79,0,0
80985,85,89,-4,4
80986,98,90,8,8
80987,70,72,-2,2
80988,132,132,0,0
80989,121,104,17,17
80990,120,134,-14,14
80991,131,115,16,16
80992,100,98,2,2
80993,103,99,4,4
80994,89,84,5,5
80995,87,87,0,0
80996,63,67,-4,4
80997,101,88,13,13
80998,80,73,7,7
80999,60,58,2,2
81000,53,53,0,0
81001,147,131,16,16
81002,83,80,3,3
81003,91,88,3,3
81004,120,110,10,10
81005,79,76,3,3
81006,66,59,7,7
81007,126,99,27,27
81008,155,136,19,19
81009,73,73,0,0
81010,75,73,2,2
81011,110,109,1,1
81012,87,83,4,4
81013,92,87,5,5
81014,133,132,1,1
81015,100,91,9,9
81016,89,86,3,3
81017,73,74,-1,1
81018,56,54,2,2
81019,117,104,13,13
81020,77,58,19,19
81021,58,52,6,6
81022,132,130,2,2
81023,149,124,25,25
81024,60,55,5,5
81025,88,80,8,8
81026,118,102,16,16
81027,71,76,-5,5
81028,158,150,8,8
81029,143,124,19,19
81030,63,70,-7,7
81031,49,56,-7,7
81032,111,104,7,7
81033,121,119,2,2
81034,97,85,12,12
81035,116,109,7,7
81036,58,53,5,5
81037,66,61,5,5
81038,63,63,0,0
81039,54,46,8,8
81040,83,84,-1,1
81041,66,69,-3,3
81042,48,50,-2,2
81043,69,76,-7,7
81044,39,67,-28,28
81045,158,122,36,36
81046,48,52,-4,4
81047,63,62,1,1
81048,93,95,-2,2
81049,87,84,3,3
81050,64,62,2,2
81051,148,116,32,32
81052,58,59,-1,1
81053,51,54,-3,3
81054,53,61,-8,8
81055,138,131,7,7
81056,75,78,-3,3
81057,94,91,3,3
81058,49,58,-9,9
81059,132,136,-4,4
81060,98,93,5,5
81061,97,102,-5,5
81062,100,92,8,8
81063,107,97,10,10
81064,65,64,1,1
81065,67,64,3,3
81066,54,53,1,1
81067,123,114,9,9
81068,133,118,15,15
81069,105,122,-17,17
81070,91,91,0,0
81071,121,115,6,6
81072,81,86,-5,5
81073,59,66,-7,7
81074,154,133,21,21
81075,85,81,4,4
81076,80,92,-12,12
81077,181,167,14,14
81078,112,103,9,9
81079,80,77,3,3
81080,140,125,15,15
81081,92,77,15,15
81082,87,79,8,8
81083,62,75,-13,13
81084,136,120,16,16
81085,74,70,4,4
81086,74,70,4,4
81087,45,42,3,3
81088,87,84,3,3
81089,81,75,6,6
81090,37,41,-4,4
81091,73,69,4,4
81092,81,81,0,0
81093,119,113,6,6
81094,139,133,6,6
81095,106,106,0,0
81096,105,102,3,3
81097,129,121,8,8
81098,97,100,-3,3
81099,94,114,-20,20
81100,89,109,-20,20
81101,84,81,3,3
81102,182,157,25,25
81103,44,50,-6,6
81104,98,89,9,9
81105,83,77,6,6
81106,159,148,11,11
81107,61,63,-2,2
81108,145,120,25,25
81109,113,129,-16,16
81110,74,75,-1,1
81111,44,42,2,2
81112,70,78,-8,8
81113,87,102,-15,15
81114,156,138,18,18
81115,78,76,2,2
81116,99,86,13,13
81117,120,105,15,15
81118,100,108,-8,8
81119,90,82,8,8
81120,90,91,-1,1
81121,126,124,2,2
81122,59,47,12,12
81123,82,77,5,5
81124,71,82,-11,11
81125,87,81,6,6
81126,72,75,-3,3
81127,112,104,8,8
81128,65,63,2,2
81129,68,70,-2,2
81130,62,65,-3,3
81131,130,128,2,2
81132,60,64,-4,4
81133,100,101,-1,1
81134,48,53,-5,5
81135,97,93,4,4
81136,85,77,8,8
81137,143,115,28,28
81138,112,110,2,2
81139,70,73,-3,3
81140,107,115,-8,8
81141,103,98,5,5
81142,79,71,8,8
81143,65,59,6,6
81144,74,68,6,6
81145,62,65,-3,3
81146,146,140,6,6
81147,138,127,11,11
81148,109,106,3,3
81149,57,56,1,1
81150,81,81,0,0
81151,100,95,5,5
81152,55,59,-4,4
81153,71,74,-3,3
81154,137,118,19,19
81155,173,162,11,11
81156,53,61,-8,8
81157,69,67,2,2
81158,115,96,19,19
81159,71,77,-6,6
81160,129,117,12,12
81161,142,125,17,17
81162,48,50,-2,2
81163,77,77,0,0
81164,81,88,-7,7
81165,103,94,9,9
81166,75,74,1,1
81167,86,78,8,8
81168,105,103,2,2
81169,61,55,6,6
81170,109,101,8,8
81171,98,90,8,8
81172,153,147,6,6
81173,50,57,-7,7
81174,178,158,20,20
81175,85,77,8,8
81176,118,113,5,5
81177,94,78,16,16
81178,116,94,22,22
81179,92,84,8,8
81180,96,93,3,3
81181,44,47,-3,3
81182,96,89,7,7
81183,146,120,26,26
81184,90,76,14,14
81185,86,84,2,2
81186,112,110,2,2
81187,102,109,-7,7
81188,47,46,1,1
81189,107,93,14,14
81190,52,65,-13,13
81191,122,120,2,2
81192,84,75,9,9
81193,76,74,2,2
81194,72,75,-3,3
81195,181,165,16,16
81196,71,74,-3,3
81197,92,94,-2,2
81198,152,142,10,10
81199,133,131,2,2
81200,97,95,2,2
81201,135,130,5,5
81202,75,78,-3,3
81203,99,93,6,6
81204,92,116,-24,24
81205,113,115,-2,2
81206,65,63,2,2
81207,100,98,2,2
81208,124,121,3,3
81209,82,79,3,3
81210,111,112,-1,1
81211,101,95,6,6
81212,60,62,-2,2
81213,141,126,15,15
81214,69,70,-1,1
81215,141,138,3,3
81216,111,97,14,14
81217,169,162,7,7
81218,126,115,11,11
81219,75,71,4,4
81220,120,109,11,11
81221,141,144,-3,3
81222,104,112,-8,8
81223,48,52,-4,4
81224,93,89,4,4
81225,140,131,9,9
81226,97,81,16,16
81227,110,98,12,12
81228,45,42,3,3
81229,92,92,0,0
81230,87,77,10,10
81231,90,80,10,10
81232,68,70,-2,2
81233,64,70,-6,6
81234,59,52,7,7
81235,135,125,10,10
81236,52,59,-7,7
81237,121,124,-3,3
81238,78,79,-1,1
81239,97,97,0,0
81240,64,85,-21,21
81241,113,109,4,4
81242,83,81,2,2
81243,79,72,7,7
81244,77,82,-5,5
81245,56,58,-2,2
81246,156,145,11,11
81247,134,124,10,10
81248,66,67,-1,1
81249,113,112,1,1
81250,89,83,6,6
81251,95,97,-2,2
81252,98,96,2,2
81253,137,138,-1,1
81254,113,101,12,12
81255,173,155,18,18
81256,122,114,8,8
81257,92,85,7,7
81258,142,131,11,11
81259,82,79,3,3
81260,42,43,-1,1
81261,116,134,-18,18
81262,89,87,2,2
81263,140,131,9,9
81264,130,102,28,28
81265,80,74,6,6
81266,113,112,1,1
81267,60,61,-1,1
81268,143,164,-21,21
81269,86,78,8,8
81270,126,114,12,12
81271,75,68,7,7
81272,120,108,12,12
81273,125,111,14,14
81274,195,179,16,16
81275,71,70,1,1
81276,131,121,10,10
81277,111,107,4,4
81278,89,93,-4,4
81279,93,88,5,5
81280,80,80,0,0
81281,80,74,6,6
81282,46,45,1,1
81283,134,123,11,11
81284,83,79,4,4
81285,145,135,10,10
81286,80,80,0,0
81287,82,70,12,12
81288,86,74,12,12
81289,62,69,-7,7
81290,46,51,-5,5
81291,112,102,10,10
81292,99,95,4,4
81293,145,126,19,19
81294,166,159,7,7
81295,45,48,-3,3
81296,126,106,20,20
81297,89,83,6,6
81298,99,103,-4,4
81299,77,73,4,4
81300,119,103,16,16
81301,93,107,-14,14
81302,102,105,-3,3
81303,62,61,1,1
81304,57,54,3,3
81305,63,65,-2,2
81306,56,58,-2,2
81307,137,131,6,6
81308,101,95,6,6
81309,90,81,9,9
81310,136,124,12,12
81311,70,69,1,1
81312,81,80,1,1
81313,66,63,3,3
81314,93,88,5,5
81315,73,69,4,4
81316,90,85,5,5
81317,83,80,3,3
81318,89,78,11,11
81319,103,103,0,0
81320,105,94,11,11
81321,83,99,-16,16
81322,115,114,1,1
81323,99,100,-1,1
81324,85,86,-1,1
81325,73,78,-5,5
81326,80,83,-3,3
81327,49,58,-9,9
81328,80,75,5,5
81329,63,64,-1,1
81330,33,39,-6,6
81331,178,174,4,4
81332,105,125,-20,20
81333,41,56,-15,15
81334,92,93,-1,1
81335,98,91,7,7
81336,71,72,-1,1
81337,30,29,1,1
81338,62,64,-2,2
81339,126,139,-13,13
81340,102,96,6,6
81341,122,118,4,4
81342,79,78,1,1
81343,152,138,14,14
81344,159,141,18,18
81345,161,157,4,4
81346,71,65,6,6
81347,84,84,0,0
81348,118,103,15,15
81349,73,73,0,0
81350,118,116,2,2
81351,102,84,18,18
81352,69,77,-8,8
81353,101,93,8,8
81354,127,113,14,14
81355,84,69,15,15
81356,40,39,1,1
81357,70,69,1,1
81358,135,120,15,15
81359,77,78,-1,1
81360,78,78,0,0
81361,70,70,0,0
81362,73,78,-5,5
81363,85,81,4,4
81364,106,97,9,9
81365,151,140,11,11
81366,153,151,2,2
81367,133,115,18,18
81368,121,114,7,7
81369,110,104,6,6
81370,71,78,-7,7
81371,98,96,2,2
81372,126,125,1,1
81373,86,85,1,1
81374,77,76,1,1
81375,198,169,29,29
81376,133,128,5,5
81377,124,125,-1,1
81378,90,83,7,7
81379,60,61,-1,1
81380,80,88,-8,8
81381,47,51,-4,4
81382,82,73,9,9
81383,119,94,25,25
81384,66,66,0,0
81385,136,116,20,20
81386,141,125,16,16
81387,50,63,-13,13
81388,71,76,-5,5
81389,98,92,6,6
81390,121,103,18,18
81391,81,88,-7,7
81392,117,109,8,8
81393,112,108,4,4
81394,94,88,6,6
81395,55,72,-17,17
81396,97,104,-7,7
81397,92,96,-4,4
81398,137,134,3,3
81399,54,53,1,1
81400,140,134,6,6
81401,138,123,15,15
81402,85,82,3,3
81403,84,90,-6,6
81404,104,100,4,4
81405,113,110,3,3
81406,109,113,-4,4
81407,76,89,-13,13
81408,79,83,-4,4
81409,65,62,3,3
81410,81,78,3,3
81411,131,113,18,18
81412,204,173,31,31
81413,77,73,4,4
81414,161,137,24,24
81415,97,96,1,1
81416,110,94,16,16
81417,76,74,2,2
81418,70,68,2,2
81419,122,118,4,4
81420,52,54,-2,2
81421,121,115,6,6
81422,89,86,3,3
81423,99,85,14,14
81424,62,64,-2,2
81425,117,105,12,12
81426,92,94,-2,2
81427,169,157,12,12
81428,122,110,12,12
81429,88,88,0,0
81430,94,89,5,5
81431,163,130,33,33
81432,72,70,2,2
81433,87,92,-5,5
81434,104,109,-5,5
81435,51,55,-4,4
81436,57,53,4,4
81437,149,138,11,11
81438,87,85,2,2
81439,109,106,3,3
81440,120,106,14,14
81441,79,71,8,8
81442,129,121,8,8
81443,162,143,19,19
81444,133,128,5,5
81445,82,76,6,6
81446,110,107,3,3
81447,180,161,19,19
81448,104,96,8,8
81449,134,124,10,10
81450,114,101,13,13
81451,130,136,-6,6
81452,94,95,-1,1
81453,182,161,21,21
81454,93,94,-1,1
81455,74,77,-3,3
81456,66,67,-1,1
81457,164,242,-78,78
81458,125,158,-33,33
81459,74,80,-6,6
81460,148,142,6,6
81461,69,71,-2,2
81462,98,90,8,8
81463,71,72,-1,1
81464,107,98,9,9
81465,133,116,17,17
81466,72,69,3,3
81467,68,66,2,2
81468,97,91,6,6
81469,185,157,28,28
81470,184,172,12,12
81471,106,111,-5,5
81472,143,139,4,4
81473,82,93,-11,11
81474,47,56,-9,9
81475,82,72,10,10
81476,97,82,15,15
81477,58,60,-2,2
81478,115,103,12,12
81479,137,115,22,22
81480,112,106,6,6
81481,101,96,5,5
81482,56,56,0,0
81483,80,76,4,4
81484,79,78,1,1
81485,186,161,25,25
81486,79,68,11,11
81487,80,70,10,10
81488,85,77,8,8
81489,123,107,16,16
81490,94,76,18,18
81491,71,82,-11,11
81492,83,82,1,1
81493,45,47,-2,2
81494,120,137,-17,17
81495,165,153,12,12
81496,73,73,0,0
81497,87,81,6,6
81498,80,81,-1,1
81499,132,133,-1,1
81500,82,75,7,7
81501,77,75,2,2
81502,62,66,-4,4
81503,74,74,0,0
81504,87,90,-3,3
81505,142,133,9,9
81506,119,108,11,11
81507,62,67,-5,5
